 & AlsMz & dAle5Mz & mtop & mHl & Mz & CW & CHG & CHWB & CHWHB_gaga & CHWHB_gagaorth & CHD & CHbox & CH & CHL1_11 & CHL1_22 & CHL1_33 & CHL3_11 & CHL3_22 & CHL3_33 & CHe_11 & CHe_22 & CHe_33 & CHQ1_11 & CHQ1_33 & CHQ3_11 & CHu_11 & CHd_11 & CHd_33 & CeH_22r & CeH_33r & CuH_22r & CuH_33r & CdH_33r & CLL_1221 & eHggint & eHggpar & eHWWint & eHWWpar & eHZZint & eHZZpar & eHZgaint & eHZgapar & eHgagaint & eHmumuint & eHtautauint & eHccint & eHccpar & eHbbint & eHbbpar \\
AlsMz & $1$ & $0.0875626$ & $0.010658$ & $-0.054988$ & $0.0390989$ & $0.0054247$ & $0.0185172$ & $-0.0135126$ & $-0.0156513$ & $0.000262333$ & $0.0354531$ & $0.0135825$ & $-0.011336$ & $-0.0460328$ & $-0.109695$ & $-0.121101$ & $-0.0803427$ & $0.00726966$ & $0.0151811$ & $-0.0520053$ & $-0.0296234$ & $-0.0316751$ & $0.013346$ & $-0.108907$ & $-0.168845$ & $0.000195743$ & $0.016658$ & $-0.088562$ & $0.0673692$ & $-0.0486829$ & $-0.0313936$ & $-0.00789273$ & $-0.0537515$ & $0.0609893$ & $-0.0687547$ & $-0.0714652$ & $0.057087$ & $0.0618845$ & $-0.0998404$ & $0.029777$ & $0.0308688$ & $-0.0318986$ & $-0.0232246$ & $0.0521516$ & $0.027941$ & $0.0113133$ & $-0.0391284$ & $-0.0306758$ & $-0.000702767$ \\
dAle5Mz & $0.0875626$ & $1$ & $0.0841208$ & $0.0030941$ & $-0.0487706$ & $0.0139074$ & $-0.00480668$ & $-0.1204$ & $-0.115086$ & $0.117369$ & $0.0681435$ & $0.0686826$ & $-0.0436905$ & $0.027282$ & $0.0364715$ & $-0.00034411$ & $0.0973503$ & $0.0539312$ & $0.0773575$ & $-0.0383456$ & $-0.0477419$ & $-0.0430961$ & $-0.0270413$ & $0.0924058$ & $0.0668061$ & $0.0510221$ & $-0.0454224$ & $0.00955255$ & $0.00555609$ & $0.00468241$ & $-0.0316617$ & $0.0135216$ & $0.0659462$ & $-0.0505572$ & $0.0959653$ & $-0.0585401$ & $-0.0227765$ & $0.0835322$ & $-0.0360236$ & $0.0646789$ & $-0.188862$ & $-0.0710451$ & $-0.0271783$ & $0.108191$ & $-0.105462$ & $0.0645834$ & $-0.0710901$ & $0.00839306$ & $0.14399$ \\
mtop & $0.010658$ & $0.0841208$ & $1$ & $-0.0435402$ & $0.00461004$ & $0.0543552$ & $-0.0296463$ & $-0.0507943$ & $-0.0542295$ & $0.0361478$ & $0.0542118$ & $0.00488636$ & $0.00866879$ & $-0.00981571$ & $-0.0666875$ & $-0.0247859$ & $0.00788067$ & $0.0515123$ & $0.0119724$ & $-0.0467444$ & $-0.0455944$ & $-0.0534377$ & $-0.00455491$ & $0.0301651$ & $0.0183208$ & $0.0413629$ & $-0.00300025$ & $0.0243659$ & $0.0343812$ & $0.0511311$ & $0.00664172$ & $-0.0158677$ & $0.0234834$ & $0.0188424$ & $0.0466997$ & $-0.0779947$ & $0.0579463$ & $0.0671102$ & $0.0270739$ & $0.0452515$ & $-0.0275644$ & $-0.0216106$ & $-0.0875977$ & $-0.014288$ & $-0.0209895$ & $0.0312873$ & $-0.0251514$ & $-0.0534058$ & $0.0256411$ \\
mHl & $-0.054988$ & $0.0030941$ & $-0.0435402$ & $1$ & $0.0851227$ & $0.0184492$ & $-0.0163812$ & $0.0255806$ & $0.0326549$ & $0.0089295$ & $-0.0287478$ & $-0.0409141$ & $0.0427206$ & $-0.00912194$ & $0.0220432$ & $0.00118464$ & $0.0210705$ & $-0.00712253$ & $0.00910634$ & $0.0360985$ & $0.0339388$ & $0.0317598$ & $0.0309475$ & $0.00708271$ & $0.024383$ & $-0.0577465$ & $0.0284526$ & $-0.00914787$ & $0.0486242$ & $-0.0225758$ & $-0.0515703$ & $-0.00917139$ & $-0.0415613$ & $0.010934$ & $-0.00617225$ & $0.0447403$ & $0.044227$ & $0.0388638$ & $0.0455851$ & $-0.0292729$ & $-0.0613903$ & $0.0140339$ & $0.0100979$ & $0.060754$ & $-0.0527506$ & $-0.0500224$ & $-0.0246276$ & $-0.0500758$ & $-0.0137554$ \\
Mz & $0.0390989$ & $-0.0487706$ & $0.00461004$ & $0.0851227$ & $1$ & $0.0729731$ & $-0.00884406$ & $0.0144288$ & $0.0186771$ & $-0.0299057$ & $0.00100212$ & $-0.0739427$ & $0.0671768$ & $0.0144973$ & $0.023161$ & $0.0121259$ & $-0.0384718$ & $-0.0280784$ & $-0.0162423$ & $0.00683648$ & $0.00347995$ & $0.010113$ & $-0.025177$ & $-0.0207092$ & $-0.0325986$ & $-0.000858713$ & $-0.0179959$ & $-0.0337616$ & $0.0202989$ & $0.0113359$ & $0.00654698$ & $-0.00436004$ & $-0.00208281$ & $-0.0241981$ & $-0.0245777$ & $-0.0299635$ & $-0.0283735$ & $0.0400026$ & $-0.0176378$ & $0.0475725$ & $0.0389437$ & $-0.0289329$ & $-0.0210517$ & $0.00121454$ & $-0.0059814$ & $-0.0121674$ & $-0.0288945$ & $0.0457686$ & $-0.0637822$ \\
CW & $0.0054247$ & $0.0139074$ & $0.0543552$ & $0.0184492$ & $0.0729731$ & $1$ & $0.0139332$ & $-0.11809$ & $-0.112151$ & $0.0229888$ & $0.163703$ & $0.00667569$ & $0.00651795$ & $0.0402476$ & $-0.00552013$ & $-0.027455$ & $-0.213243$ & $-0.0607327$ & $-0.0483912$ & $-0.158481$ & $-0.175987$ & $-0.167198$ & $0.0212097$ & $0.0301921$ & $-0.0690077$ & $0.0779611$ & $-0.0969654$ & $-0.0482133$ & $-0.0024504$ & $0.00438432$ & $0.0628288$ & $0.0152829$ & $-0.03583$ & $-0.165707$ & $0.0841526$ & $-0.0719522$ & $0.018324$ & $-0.00804951$ & $-0.032605$ & $0.04536$ & $-0.0148954$ & $-0.0264675$ & $0.0240388$ & $0.0405955$ & $0.0179877$ & $0.0224873$ & $-0.0125804$ & $0.0217114$ & $-0.0549258$ \\
CHG & $0.0185172$ & $-0.00480668$ & $-0.0296463$ & $-0.0163812$ & $-0.00884406$ & $0.0139332$ & $1$ & $-0.129312$ & $-0.0744979$ & $0.0611999$ & $0.10593$ & $0.322281$ & $-0.341168$ & $0.0134376$ & $-0.059494$ & $-0.0485649$ & $0.0569338$ & $0.0930319$ & $0.0832974$ & $-0.102495$ & $-0.104488$ & $-0.106134$ & $0.0321568$ & $0.0813535$ & $0.0790142$ & $0.0280791$ & $-0.0422228$ & $-0.0536506$ & $0.000684953$ & $-0.116391$ & $-0.0745397$ & $0.923474$ & $-0.150614$ & $-0.0568702$ & $-0.0176489$ & $-0.0672977$ & $0.012217$ & $-0.0166646$ & $-0.0223652$ & $0.0199564$ & $0.0726048$ & $0.031084$ & $0.0345457$ & $0.0351574$ & $-0.013474$ & $-0.0267648$ & $-0.023272$ & $-0.0118908$ & $0.0169008$ \\
CHWB & $-0.0135126$ & $-0.1204$ & $-0.0507943$ & $0.0255806$ & $0.0144288$ & $-0.11809$ & $-0.129312$ & $1$ & $0.980721$ & $-0.59662$ & $-0.876387$ & $-0.414401$ & $0.343351$ & $0.0280519$ & $0.279917$ & $0.265081$ & $-0.313157$ & $-0.485784$ & $-0.483941$ & $0.842655$ & $0.891977$ & $0.873154$ & $0.0981472$ & $-0.694266$ & $-0.451482$ & $-0.518786$ & $0.421011$ & $0.308174$ & $-0.0215504$ & $0.0640516$ & $0.0588904$ & $-0.122876$ & $0.0671691$ & $0.579384$ & $0.0354054$ & $0.0193504$ & $0.0342698$ & $0.0661602$ & $-0.0288728$ & $-0.0163284$ & $0.0570149$ & $0.0606881$ & $0.0321422$ & $0.020772$ & $0.0380525$ & $-0.0117243$ & $-0.022177$ & $-0.0316373$ & $0.00670427$ \\
CHWHB_gaga & $-0.0156513$ & $-0.115086$ & $-0.0542295$ & $0.0326549$ & $0.0186771$ & $-0.112151$ & $-0.0744979$ & $0.980721$ & $1$ & $-0.587839$ & $-0.851728$ & $-0.399665$ & $0.33669$ & $0.0111384$ & $0.27165$ & $0.263378$ & $-0.322478$ & $-0.487248$ & $-0.49089$ & $0.819935$ & $0.867056$ & $0.848269$ & $0.096434$ & $-0.690963$ & $-0.45008$ & $-0.503325$ & $0.416494$ & $0.299158$ & $-0.00388641$ & $0.09222$ & $0.0717213$ & $-0.0810533$ & $0.0914017$ & $0.570986$ & $0.0111889$ & $0.00746971$ & $0.0274498$ & $0.0504959$ & $-0.0278126$ & $-0.0261666$ & $0.0517196$ & $0.055782$ & $0.123452$ & $0.0344146$ & $0.0243284$ & $-0.0110046$ & $-0.0298821$ & $-0.0254755$ & $0.00753334$ \\
CHWHB_gagaorth & $0.000262333$ & $0.117369$ & $0.0361478$ & $0.0089295$ & $-0.0299057$ & $0.0229888$ & $0.0611999$ & $-0.59662$ & $-0.587839$ & $1$ & $0.377617$ & $0.449681$ & $-0.261377$ & $0.246937$ & $-0.126712$ & $-0.11398$ & $0.478877$ & $0.517945$ & $0.509887$ & $-0.359313$ & $-0.391765$ & $-0.386915$ & $-0.102296$ & $0.58215$ & $0.489898$ & $0.268233$ & $-0.252299$ & $-0.136213$ & $0.000608812$ & $-0.141371$ & $-0.0723511$ & $0.0876829$ & $-0.098553$ & $-0.362652$ & $0.0264604$ & $0.0380906$ & $-0.0266057$ & $-0.0581721$ & $-0.0129816$ & $-0.029859$ & $-0.102234$ & $-0.0782343$ & $-0.0358649$ & $0.00204864$ & $-0.0689877$ & $0.0437292$ & $0.00955624$ & $0.0518544$ & $0.000766918$ \\
CHD & $0.0354531$ & $0.0681435$ & $0.0542118$ & $-0.0287478$ & $0.00100212$ & $0.163703$ & $0.10593$ & $-0.876387$ & $-0.851728$ & $0.377617$ & $1$ & $0.256125$ & $-0.169353$ & $-0.456808$ & $-0.408506$ & $-0.386574$ & $-0.147143$ & $0.119379$ & $0.114915$ & $-0.989437$ & $-0.990817$ & $-0.967815$ & $-0.0387944$ & $0.335756$ & $0.0833723$ & $0.566834$ & $-0.278202$ & $-0.347579$ & $0.0208312$ & $-0.00604339$ & $0.00286658$ & $0.116373$ & $-0.0113095$ & $-0.381192$ & $-0.0063648$ & $-0.00274155$ & $-0.075822$ & $-0.0599549$ & $0.00230119$ & $0.00352287$ & $-0.0539128$ & $-0.0613331$ & $0.00540796$ & $-0.0330765$ & $-0.00595497$ & $-0.0227088$ & $0.0124377$ & $0.0313829$ & $-0.0163728$ \\
CHbox & $0.0135825$ & $0.0686826$ & $0.00488636$ & $-0.0409141$ & $-0.0739427$ & $0.00667569$ & $0.322281$ & $-0.414401$ & $-0.399665$ & $0.449681$ & $0.256125$ & $1$ & $-0.948071$ & $0.199297$ & $-0.0564854$ & $-0.0884006$ & $0.327237$ & $0.351638$ & $0.3737$ & $-0.240294$ & $-0.266656$ & $-0.27727$ & $-0.0183133$ & $0.412129$ & $0.375336$ & $0.140559$ & $-0.148763$ & $-0.134666$ & $-0.0568571$ & $-0.20605$ & $-0.12458$ & $0.292849$ & $-0.195947$ & $-0.285571$ & $-0.0700965$ & $-0.0327907$ & $0.0413895$ & $0.00340702$ & $0.00898103$ & $-0.01622$ & $-0.0229028$ & $-0.0465905$ & $-0.0472877$ & $0.0128284$ & $-0.0522192$ & $0.0160221$ & $-0.0231629$ & $0.0724408$ & $0.00528452$ \\
CH & $-0.011336$ & $-0.0436905$ & $0.00866879$ & $0.0427206$ & $0.0671768$ & $0.00651795$ & $-0.341168$ & $0.343351$ & $0.33669$ & $-0.261377$ & $-0.169353$ & $-0.948071$ & $1$ & $-0.260385$ & $0.0438636$ & $0.0825223$ & $-0.352169$ & $-0.366369$ & $-0.393214$ & $0.159414$ & $0.177238$ & $0.188904$ & $-0.00116372$ & $-0.384442$ & $-0.388621$ & $-0.0787893$ & $0.1092$ & $0.101963$ & $0.0658167$ & $0.275582$ & $0.147865$ & $-0.274657$ & $0.288235$ & $0.239905$ & $0.114333$ & $0.0600633$ & $-0.0570165$ & $-0.0165193$ & $-0.0259783$ & $0.00323063$ & $-0.00672652$ & $0.0231824$ & $0.0414641$ & $-0.00776094$ & $0.0416822$ & $-0.0113621$ & $0.0225725$ & $-0.0637308$ & $-0.00240235$ \\
CHL1_11 & $-0.0460328$ & $0.027282$ & $-0.00981571$ & $-0.00912194$ & $0.0144973$ & $0.0402476$ & $0.0134376$ & $0.0280519$ & $0.0111384$ & $0.246937$ & $-0.456808$ & $0.199297$ & $-0.260385$ & $1$ & $0.263982$ & $0.244395$ & $0.657565$ & $0.600047$ & $0.609364$ & $0.483772$ & $0.417149$ & $0.410223$ & $-0.0932436$ & $0.506115$ & $0.587962$ & $-0.218195$ & $-0.139951$ & $0.180857$ & $-0.00257796$ & $-0.0960564$ & $-0.0911014$ & $-0.0318278$ & $-0.110618$ & $-0.257257$ & $-0.0487077$ & $-0.0683629$ & $0.0911725$ & $0.00251241$ & $0.0289297$ & $0.0163718$ & $0.0109457$ & $-0.0264041$ & $-0.0717066$ & $0.00324138$ & $-0.0268739$ & $0.0830588$ & $0.0117527$ & $-0.0296088$ & $0.00604368$ \\
CHL1_22 & $-0.109695$ & $0.0364715$ & $-0.0666875$ & $0.0220432$ & $0.023161$ & $-0.00552013$ & $-0.059494$ & $0.279917$ & $0.27165$ & $-0.126712$ & $-0.408506$ & $-0.0564854$ & $0.0438636$ & $0.263982$ & $1$ & $0.462381$ & $0.136268$ & $-0.44901$ & $-0.0516376$ & $0.480708$ & $0.321507$ & $0.314302$ & $-0.120494$ & $0.109043$ & $-0.14645$ & $-0.207296$ & $-0.405077$ & $0.148099$ & $0.0483445$ & $-0.0156335$ & $-0.0206158$ & $-0.0643168$ & $-0.0263535$ & $-0.588718$ & $0.0150892$ & $0.0147418$ & $0.0604698$ & $0.0348726$ & $0.0169476$ & $0.0795473$ & $0.0204904$ & $0.0145865$ & $0.00367564$ & $0.0112915$ & $0.0302402$ & $0.0733321$ & $0.071444$ & $0.0130369$ & $-0.0107431$ \\
CHL1_33 & $-0.121101$ & $-0.00034411$ & $-0.0247859$ & $0.00118464$ & $0.0121259$ & $-0.027455$ & $-0.0485649$ & $0.265081$ & $0.263378$ & $-0.11398$ & $-0.386574$ & $-0.0884006$ & $0.0825223$ & $0.244395$ & $0.462381$ & $1$ & $0.141561$ & $-0.0520744$ & $-0.43786$ & $0.458406$ & $0.3037$ & $0.318498$ & $-0.173252$ & $0.118946$ & $-0.138745$ & $-0.189273$ & $-0.411357$ & $0.152196$ & $0.0648937$ & $0.0310435$ & $-0.00721416$ & $-0.0457546$ & $0.0255618$ & $-0.124598$ & $0.0511082$ & $-0.0477504$ & $0.0608549$ & $-0.0349995$ & $0.0624599$ & $0.0452278$ & $0.0139812$ & $0.035329$ & $0.0479529$ & $0.064316$ & $-0.00215047$ & $-0.024146$ & $0.0480472$ & $0.0353074$ & $0.00213994$ \\
CHL3_11 & $-0.0803427$ & $0.0973503$ & $0.00788067$ & $0.0210705$ & $-0.0384718$ & $-0.213243$ & $0.0569338$ & $-0.313157$ & $-0.322478$ & $0.478877$ & $-0.147143$ & $0.327237$ & $-0.352169$ & $0.657565$ & $0.136268$ & $0.141561$ & $1$ & $0.754495$ & $0.745148$ & $0.17833$ & $0.118732$ & $0.106262$ & $-0.0864048$ & $0.689662$ & $0.757336$ & $-0.0543137$ & $-0.221924$ & $0.0305046$ & $-0.00758186$ & $-0.113661$ & $-0.136764$ & $0.0326223$ & $-0.0999782$ & $-0.281223$ & $-0.0550121$ & $0.0122987$ & $0.0683601$ & $-0.017454$ & $0.0813951$ & $0.02194$ & $-0.00566779$ & $0.0217552$ & $-0.0698767$ & $0.0219802$ & $-0.0864278$ & $0.050307$ & $0.010483$ & $0.0139218$ & $0.0261327$ \\
CHL3_22 & $0.00726966$ & $0.0539312$ & $0.0515123$ & $-0.00712253$ & $-0.0280784$ & $-0.0607327$ & $0.0930319$ & $-0.485784$ & $-0.487248$ & $0.517945$ & $0.119379$ & $0.351638$ & $-0.366369$ & $0.600047$ & $-0.44901$ & $-0.0520744$ & $0.754495$ & $1$ & $0.69963$ & $-0.116311$ & $-0.110319$ & $-0.10839$ & $-0.0437036$ & $0.637114$ & $0.784378$ & $0.0901271$ & $-0.0499391$ & $-0.0469958$ & $-0.0221242$ & $-0.0979213$ & $-0.107775$ & $0.0629188$ & $-0.0951278$ & $-0.0120013$ & $-0.0641303$ & $-0.0418417$ & $0.0415899$ & $-0.0451571$ & $0.0523125$ & $-0.0206186$ & $-0.0155517$ & $-0.0147689$ & $-0.0637781$ & $0.00870256$ & $-0.0757518$ & $0.00730325$ & $-0.0221868$ & $-0.00443219$ & $0.01683$ \\
CHL3_33 & $0.0151811$ & $0.0773575$ & $0.0119724$ & $0.00910634$ & $-0.0162423$ & $-0.0483912$ & $0.0832974$ & $-0.483941$ & $-0.49089$ & $0.509887$ & $0.114915$ & $0.3737$ & $-0.393214$ & $0.609364$ & $-0.0516376$ & $-0.43786$ & $0.745148$ & $0.69963$ & $1$ & $-0.112342$ & $-0.108649$ & $-0.10255$ & $0.00231745$ & $0.632711$ & $0.780252$ & $0.0802601$ & $-0.0441199$ & $-0.053234$ & $-0.0314588$ & $-0.126759$ & $-0.112393$ & $0.0454782$ & $-0.128915$ & $-0.366581$ & $-0.0939711$ & $-0.00398424$ & $0.0296173$ & $0.00476391$ & $0.0273241$ & $0.00594558$ & $-0.00939329$ & $-0.0428303$ & $-0.0950968$ & $-0.0317557$ & $-0.0519356$ & $0.0808576$ & $-0.00391472$ & $-0.0215232$ & $0.00879993$ \\
CHe_11 & $-0.0520053$ & $-0.0383456$ & $-0.0467444$ & $0.0360985$ & $0.00683648$ & $-0.158481$ & $-0.102495$ & $0.842655$ & $0.819935$ & $-0.359313$ & $-0.989437$ & $-0.240294$ & $0.159414$ & $0.483772$ & $0.480708$ & $0.458406$ & $0.17833$ & $-0.116311$ & $-0.112342$ & $1$ & $0.970433$ & $0.949435$ & $0.0162125$ & $-0.272454$ & $-0.0688193$ & $-0.560583$ & $0.199023$ & $0.349406$ & $-0.0139522$ & $0.00501855$ & $-0.0129763$ & $-0.114953$ & $0.00706077$ & $0.295183$ & $0.0100511$ & $-0.0015035$ & $0.0804077$ & $0.0563804$ & $0.00516874$ & $0.0083$ & $0.0506357$ & $0.0589197$ & $0.000835984$ & $0.0369082$ & $0.00681585$ & $0.0180711$ & $-0.00297715$ & $-0.0275915$ & $0.019657$ \\
CHe_22 & $-0.0296234$ & $-0.0477419$ & $-0.0455944$ & $0.0339388$ & $0.00347995$ & $-0.175987$ & $-0.104488$ & $0.891977$ & $0.867056$ & $-0.391765$ & $-0.990817$ & $-0.266656$ & $0.177238$ & $0.417149$ & $0.321507$ & $0.3037$ & $0.118732$ & $-0.110319$ & $-0.108649$ & $0.970433$ & $1$ & $0.972112$ & $0.063723$ & $-0.388735$ & $-0.0870496$ & $-0.567075$ & $0.356938$ & $0.344953$ & $-0.0306651$ & $0.00813906$ & $0.00135247$ & $-0.11454$ & $0.0180004$ & $0.468397$ & $0.00590391$ & $0.00688367$ & $0.0672698$ & $0.0690283$ & $-0.00588796$ & $-0.00862989$ & $0.0506866$ & $0.060362$ & $-0.00653779$ & $0.0344379$ & $0.00363876$ & $0.0142292$ & $-0.0175841$ & $-0.0356545$ & $0.0257038$ \\
CHe_33 & $-0.0316751$ & $-0.0430961$ & $-0.0534377$ & $0.0317598$ & $0.010113$ & $-0.167198$ & $-0.106134$ & $0.873154$ & $0.848269$ & $-0.386915$ & $-0.967815$ & $-0.27727$ & $0.188904$ & $0.410223$ & $0.314302$ & $0.318498$ & $0.106262$ & $-0.10839$ & $-0.10255$ & $0.949435$ & $0.972112$ & $1$ & $0.0697284$ & $-0.377068$ & $-0.0904993$ & $-0.563446$ & $0.345542$ & $0.342608$ & $-0.0177157$ & $0.0146261$ & $0.00179391$ & $-0.121373$ & $0.0112291$ & $0.458654$ & $0.00193587$ & $-0.00652639$ & $0.0581069$ & $0.0707949$ & $0.0160127$ & $0.000621723$ & $0.0616342$ & $0.0421499$ & $-0.0144167$ & $0.0320579$ & $0.0122422$ & $0.0233563$ & $-0.0271094$ & $-0.0339926$ & $0.012729$ \\
CHQ1_11 & $0.013346$ & $-0.0270413$ & $-0.00455491$ & $0.0309475$ & $-0.025177$ & $0.0212097$ & $0.0321568$ & $0.0981472$ & $0.096434$ & $-0.102296$ & $-0.0387944$ & $-0.0183133$ & $-0.00116372$ & $-0.0932436$ & $-0.120494$ & $-0.173252$ & $-0.0864048$ & $-0.0437036$ & $0.00231745$ & $0.0162125$ & $0.063723$ & $0.0697284$ & $1$ & $-0.140433$ & $0.0481509$ & $-0.707273$ & $0.336411$ & $0.02662$ & $-0.0618184$ & $-0.0189784$ & $-0.00660198$ & $0.023417$ & $-0.0378478$ & $0.179388$ & $0.0425057$ & $-0.045573$ & $-0.0248445$ & $-0.0198689$ & $0.0203299$ & $-0.0367443$ & $0.00851875$ & $-0.00880699$ & $0.0674696$ & $-0.00776052$ & $0.0372634$ & $-0.0466916$ & $-0.0334714$ & $-0.0393903$ & $-0.0145487$ \\
CHQ1_33 & $-0.108907$ & $0.0924058$ & $0.0301651$ & $0.00708271$ & $-0.0207092$ & $0.0301921$ & $0.0813535$ & $-0.694266$ & $-0.690963$ & $0.58215$ & $0.335756$ & $0.412129$ & $-0.384442$ & $0.506115$ & $0.109043$ & $0.118946$ & $0.689662$ & $0.637114$ & $0.632711$ & $-0.272454$ & $-0.388735$ & $-0.377068$ & $-0.140433$ & $1$ & $0.64684$ & $0.207584$ & $-0.440943$ & $0.00208778$ & $-0.000172403$ & $-0.116327$ & $-0.103716$ & $0.0556594$ & $-0.11261$ & $-0.648274$ & $-0.0168504$ & $0.0173435$ & $0.0198768$ & $-0.0448353$ & $0.0594867$ & $0.0256564$ & $-0.0789612$ & $-0.0273169$ & $-0.0497076$ & $0.00142398$ & $-0.0418787$ & $0.0398681$ & $0.0590157$ & $0.0191484$ & $0.000635726$ \\
CHQ3_11 & $-0.168845$ & $0.0668061$ & $0.0183208$ & $0.024383$ & $-0.0325986$ & $-0.0690077$ & $0.0790142$ & $-0.451482$ & $-0.45008$ & $0.489898$ & $0.0833723$ & $0.375336$ & $-0.388621$ & $0.587962$ & $-0.14645$ & $-0.138745$ & $0.757336$ & $0.784378$ & $0.780252$ & $-0.0688193$ & $-0.0870496$ & $-0.0904993$ & $0.0481509$ & $0.64684$ & $1$ & $0.0763604$ & $0.18568$ & $-0.0224439$ & $-0.0615881$ & $-0.104862$ & $-0.0923602$ & $0.0535048$ & $-0.101224$ & $-0.235429$ & $-0.050502$ & $-0.00828252$ & $0.0333858$ & $-0.02371$ & $0.0181508$ & $-0.0420826$ & $-0.0264794$ & $-0.00687655$ & $-0.0473484$ & $-0.0213404$ & $-0.0794344$ & $0.0402551$ & $-0.0117768$ & $0.0178419$ & $0.00681343$ \\
CHu_11 & $0.000195743$ & $0.0510221$ & $0.0413629$ & $-0.0577465$ & $-0.000858713$ & $0.0779611$ & $0.0280791$ & $-0.518786$ & $-0.503325$ & $0.268233$ & $0.566834$ & $0.140559$ & $-0.0787893$ & $-0.218195$ & $-0.207296$ & $-0.189273$ & $-0.0543137$ & $0.0901271$ & $0.0802601$ & $-0.560583$ & $-0.567075$ & $-0.563446$ & $-0.707273$ & $0.207584$ & $0.0763604$ & $1$ & $-0.176307$ & $-0.21934$ & $0.0368382$ & $0.033698$ & $0.0392841$ & $0.0508916$ & $0.0408174$ & $-0.258141$ & $-0.0411749$ & $0.0410033$ & $-0.0182493$ & $-0.00353801$ & $-0.0249889$ & $-0.00094418$ & $-0.0596537$ & $-0.0349165$ & $-0.0551907$ & $-0.0135166$ & $-0.0467804$ & $0.0292688$ & $0.0324793$ & $0.0674187$ & $0.0070853$ \\
CHd_11 & $0.016658$ & $-0.0454224$ & $-0.00300025$ & $0.0284526$ & $-0.0179959$ & $-0.0969654$ & $-0.0422228$ & $0.421011$ & $0.416494$ & $-0.252299$ & $-0.278202$ & $-0.148763$ & $0.1092$ & $-0.139951$ & $-0.405077$ & $-0.411357$ & $-0.221924$ & $-0.0499391$ & $-0.0441199$ & $0.199023$ & $0.356938$ & $0.345542$ & $0.336411$ & $-0.440943$ & $0.18568$ & $-0.176307$ & $1$ & $0.0869043$ & $-0.110095$ & $0.0202232$ & $0.0584113$ & $-0.0355579$ & $0.0368053$ & $0.669354$ & $0.0127961$ & $0.0435319$ & $-0.0265415$ & $0.0552449$ & $-0.0826004$ & $-0.110707$ & $-0.0118702$ & $0.0298095$ & $0.0211524$ & $-0.0196501$ & $-0.01733$ & $-0.0261447$ & $-0.0713725$ & $-0.00529788$ & $0.00860045$ \\
CHd_33 & $-0.088562$ & $0.00955255$ & $0.0243659$ & $-0.00914787$ & $-0.0337616$ & $-0.0482133$ & $-0.0536506$ & $0.308174$ & $0.299158$ & $-0.136213$ & $-0.347579$ & $-0.134666$ & $0.101963$ & $0.180857$ & $0.148099$ & $0.152196$ & $0.0305046$ & $-0.0469958$ & $-0.053234$ & $0.349406$ & $0.344953$ & $0.342608$ & $0.02662$ & $0.00208778$ & $-0.0224439$ & $-0.21934$ & $0.0869043$ & $1$ & $-0.0380481$ & $0.00166527$ & $-0.0249328$ & $-0.0592236$ & $-0.0369005$ & $0.124169$ & $0.0269801$ & $0.0687018$ & $0.0562126$ & $0.0220645$ & $0.00603867$ & $0.0177322$ & $-0.0763028$ & $0.016493$ & $-0.0134416$ & $0.032831$ & $0.0350234$ & $0.0552266$ & $0.0185285$ & $-0.110559$ & $-0.0120043$ \\
CeH_22r & $0.0673692$ & $0.00555609$ & $0.0343812$ & $0.0486242$ & $0.0202989$ & $-0.0024504$ & $0.000684953$ & $-0.0215504$ & $-0.00388641$ & $0.000608812$ & $0.0208312$ & $-0.0568571$ & $0.0658167$ & $-0.00257796$ & $0.0483445$ & $0.0648937$ & $-0.00758186$ & $-0.0221242$ & $-0.0314588$ & $-0.0139522$ & $-0.0306651$ & $-0.0177157$ & $-0.0618184$ & $-0.000172403$ & $-0.0615881$ & $0.0368382$ & $-0.110095$ & $-0.0380481$ & $1$ & $0.0527262$ & $-0.0286411$ & $-0.00810273$ & $0.051355$ & $-0.0537367$ & $-0.0797015$ & $0.0106897$ & $0.0385101$ & $-0.0202019$ & $-0.0310528$ & $0.034734$ & $0.0613815$ & $-0.0292756$ & $0.0668031$ & $0.0927221$ & $0.00122134$ & $0.0328413$ & $-0.0252757$ & $-0.0194334$ & $0.028994$ \\
CeH_33r & $-0.0486829$ & $0.00468241$ & $0.0511311$ & $-0.0225758$ & $0.0113359$ & $0.00438432$ & $-0.116391$ & $0.0640516$ & $0.09222$ & $-0.141371$ & $-0.00604339$ & $-0.20605$ & $0.275582$ & $-0.0960564$ & $-0.0156335$ & $0.0310435$ & $-0.113661$ & $-0.0979213$ & $-0.126759$ & $0.00501855$ & $0.00813906$ & $0.0146261$ & $-0.0189784$ & $-0.116327$ & $-0.104862$ & $0.033698$ & $0.0202232$ & $0.00166527$ & $0.0527262$ & $1$ & $0.2928$ & $0.0286927$ & $0.618263$ & $0.0631184$ & $-0.0216483$ & $-0.0549504$ & $-0.133171$ & $-0.0448767$ & $0.00620987$ & $-0.00347411$ & $0.0607878$ & $-0.0500469$ & $-0.020052$ & $-0.0160237$ & $0.0510212$ & $0.0318521$ & $-0.023508$ & $-0.00702868$ & $0.01586$ \\
CuH_22r & $-0.0313936$ & $-0.0316617$ & $0.00664172$ & $-0.0515703$ & $0.00654698$ & $0.0628288$ & $-0.0745397$ & $0.0588904$ & $0.0717213$ & $-0.0723511$ & $0.00286658$ & $-0.12458$ & $0.147865$ & $-0.0911014$ & $-0.0206158$ & $-0.00721416$ & $-0.136764$ & $-0.107775$ & $-0.112393$ & $-0.0129763$ & $0.00135247$ & $0.00179391$ & $-0.00660198$ & $-0.103716$ & $-0.0923602$ & $0.0392841$ & $0.0584113$ & $-0.0249328$ & $-0.0286411$ & $0.2928$ & $1$ & $0.0306693$ & $0.350695$ & $0.0487501$ & $0.0432709$ & $-0.035039$ & $-0.172832$ & $-0.0132292$ & $0.00837692$ & $-0.0064727$ & $-0.0574335$ & $-0.0297372$ & $0.0218367$ & $-0.0325997$ & $0.0219421$ & $0.0956721$ & $0.371377$ & $0.0102488$ & $0.0374733$ \\
CuH_33r & $-0.00789273$ & $0.0135216$ & $-0.0158677$ & $-0.00917139$ & $-0.00436004$ & $0.0152829$ & $0.923474$ & $-0.122876$ & $-0.0810533$ & $0.0876829$ & $0.116373$ & $0.292849$ & $-0.274657$ & $-0.0318278$ & $-0.0643168$ & $-0.0457546$ & $0.0326223$ & $0.0629188$ & $0.0454782$ & $-0.114953$ & $-0.11454$ & $-0.121373$ & $0.023417$ & $0.0556594$ & $0.0535048$ & $0.0508916$ & $-0.0355579$ & $-0.0592236$ & $-0.00810273$ & $0.0286927$ & $0.0306693$ & $1$ & $0.0487333$ & $-0.041972$ & $0.0832617$ & $-0.014717$ & $-0.0435397$ & $-0.0114934$ & $-0.0156513$ & $-0.0037823$ & $0.0397428$ & $0.0181653$ & $0.00949826$ & $0.0427155$ & $-0.0433338$ & $-0.0115497$ & $-0.0256689$ & $-0.020597$ & $0.0463667$ \\
CdH_33r & $-0.0537515$ & $0.0659462$ & $0.0234834$ & $-0.0415613$ & $-0.00208281$ & $-0.03583$ & $-0.150614$ & $0.0671691$ & $0.0914017$ & $-0.098553$ & $-0.0113095$ & $-0.195947$ & $0.288235$ & $-0.110618$ & $-0.0263535$ & $0.0255618$ & $-0.0999782$ & $-0.0951278$ & $-0.128915$ & $0.00706077$ & $0.0180004$ & $0.0112291$ & $-0.0378478$ & $-0.11261$ & $-0.101224$ & $0.0408174$ & $0.0368053$ & $-0.0369005$ & $0.051355$ & $0.618263$ & $0.350695$ & $0.0487333$ & $1$ & $0.0826717$ & $-0.0152538$ & $-0.051047$ & $-0.223322$ & $-0.0599451$ & $-0.0291303$ & $-0.0354603$ & $-0.00634793$ & $-0.0207941$ & $-0.0124603$ & $0.0911554$ & $-0.0208333$ & $0.0059771$ & $-0.0057273$ & $0.133546$ & $0.521204$ \\
CLL_1221 & $0.0609893$ & $-0.0505572$ & $0.0188424$ & $0.010934$ & $-0.0241981$ & $-0.165707$ & $-0.0568702$ & $0.579384$ & $0.570986$ & $-0.362652$ & $-0.381192$ & $-0.285571$ & $0.239905$ & $-0.257257$ & $-0.588718$ & $-0.124598$ & $-0.281223$ & $-0.0120013$ & $-0.366581$ & $0.295183$ & $0.468397$ & $0.458654$ & $0.179388$ & $-0.648274$ & $-0.235429$ & $-0.258141$ & $0.669354$ & $0.124169$ & $-0.0537367$ & $0.0631184$ & $0.0487501$ & $-0.041972$ & $0.0826717$ & $1$ & $0.0243276$ & $0.0222873$ & $-0.0172175$ & $0.0292678$ & $-0.017504$ & $-0.0682789$ & $0.0216339$ & $0.050436$ & $0.0286557$ & $0.0216478$ & $-0.0133692$ & $-0.072241$ & $-0.0831871$ & $-0.0253429$ & $0.0256037$ \\
eHggint & $-0.0687547$ & $0.0959653$ & $0.0466997$ & $-0.00617225$ & $-0.0245777$ & $0.0841526$ & $-0.0176489$ & $0.0354054$ & $0.0111889$ & $0.0264604$ & $-0.0063648$ & $-0.0700965$ & $0.114333$ & $-0.0487077$ & $0.0150892$ & $0.0511082$ & $-0.0550121$ & $-0.0641303$ & $-0.0939711$ & $0.0100511$ & $0.00590391$ & $0.00193587$ & $0.0425057$ & $-0.0168504$ & $-0.050502$ & $-0.0411749$ & $0.0127961$ & $0.0269801$ & $-0.0797015$ & $-0.0216483$ & $0.0432709$ & $0.0832617$ & $-0.0152538$ & $0.0243276$ & $1$ & $-0.0310652$ & $0.0216681$ & $-0.023548$ & $-0.0451652$ & $-0.0355729$ & $-0.0998369$ & $-0.0566573$ & $-0.0176321$ & $-0.084176$ & $0.0701163$ & $-0.012705$ & $0.0305284$ & $-0.113649$ & $0.0251781$ \\
eHggpar & $-0.0714652$ & $-0.0585401$ & $-0.0779947$ & $0.0447403$ & $-0.0299635$ & $-0.0719522$ & $-0.0672977$ & $0.0193504$ & $0.00746971$ & $0.0380906$ & $-0.00274155$ & $-0.0327907$ & $0.0600633$ & $-0.0683629$ & $0.0147418$ & $-0.0477504$ & $0.0122987$ & $-0.0418417$ & $-0.00398424$ & $-0.0015035$ & $0.00688367$ & $-0.00652639$ & $-0.045573$ & $0.0173435$ & $-0.00828252$ & $0.0410033$ & $0.0435319$ & $0.0687018$ & $0.0106897$ & $-0.0549504$ & $-0.035039$ & $-0.014717$ & $-0.051047$ & $0.0222873$ & $-0.0310652$ & $1$ & $0.0859834$ & $0.0353202$ & $-0.049678$ & $-0.00546404$ & $-0.0845292$ & $0.0520583$ & $-0.0614538$ & $-0.0564645$ & $-0.0413401$ & $-0.0305451$ & $0.0434064$ & $0.0625125$ & $-0.0998731$ \\
eHWWint & $0.057087$ & $-0.0227765$ & $0.0579463$ & $0.044227$ & $-0.0283735$ & $0.018324$ & $0.012217$ & $0.0342698$ & $0.0274498$ & $-0.0266057$ & $-0.075822$ & $0.0413895$ & $-0.0570165$ & $0.0911725$ & $0.0604698$ & $0.0608549$ & $0.0683601$ & $0.0415899$ & $0.0296173$ & $0.0804077$ & $0.0672698$ & $0.0581069$ & $-0.0248445$ & $0.0198768$ & $0.0333858$ & $-0.0182493$ & $-0.0265415$ & $0.0562126$ & $0.0385101$ & $-0.133171$ & $-0.172832$ & $-0.0435397$ & $-0.223322$ & $-0.0172175$ & $0.0216681$ & $0.0859834$ & $1$ & $0.053144$ & $0.048583$ & $-0.0301096$ & $0.0408286$ & $0.035617$ & $0.0356771$ & $0.0880757$ & $-0.00989538$ & $0.0563448$ & $-0.037673$ & $-0.0348857$ & $-0.00600529$ \\
eHWWpar & $0.0618845$ & $0.0835322$ & $0.0671102$ & $0.0388638$ & $0.0400026$ & $-0.00804951$ & $-0.0166646$ & $0.0661602$ & $0.0504959$ & $-0.0581721$ & $-0.0599549$ & $0.00340702$ & $-0.0165193$ & $0.00251241$ & $0.0348726$ & $-0.0349995$ & $-0.017454$ & $-0.0451571$ & $0.00476391$ & $0.0563804$ & $0.0690283$ & $0.0707949$ & $-0.0198689$ & $-0.0448353$ & $-0.02371$ & $-0.00353801$ & $0.0552449$ & $0.0220645$ & $-0.0202019$ & $-0.0448767$ & $-0.0132292$ & $-0.0114934$ & $-0.0599451$ & $0.0292678$ & $-0.023548$ & $0.0353202$ & $0.053144$ & $1$ & $-0.0530215$ & $0.0275727$ & $0.0840697$ & $-0.0391668$ & $-0.0384643$ & $0.0269697$ & $-0.0700937$ & $0.000209952$ & $0.0111019$ & $0.0139213$ & $-0.0583683$ \\
eHZZint & $-0.0998404$ & $-0.0360236$ & $0.0270739$ & $0.0455851$ & $-0.0176378$ & $-0.032605$ & $-0.0223652$ & $-0.0288728$ & $-0.0278126$ & $-0.0129816$ & $0.00230119$ & $0.00898103$ & $-0.0259783$ & $0.0289297$ & $0.0169476$ & $0.0624599$ & $0.0813951$ & $0.0523125$ & $0.0273241$ & $0.00516874$ & $-0.00588796$ & $0.0160127$ & $0.0203299$ & $0.0594867$ & $0.0181508$ & $-0.0249889$ & $-0.0826004$ & $0.00603867$ & $-0.0310528$ & $0.00620987$ & $0.00837692$ & $-0.0156513$ & $-0.0291303$ & $-0.017504$ & $-0.0451652$ & $-0.049678$ & $0.048583$ & $-0.0530215$ & $1$ & $-0.0277387$ & $0.0581206$ & $-0.0053845$ & $-0.00728688$ & $-0.0138487$ & $-0.0324136$ & $-0.0758448$ & $0.0182764$ & $-0.109671$ & $-0.00894313$ \\
eHZZpar & $0.029777$ & $0.0646789$ & $0.0452515$ & $-0.0292729$ & $0.0475725$ & $0.04536$ & $0.0199564$ & $-0.0163284$ & $-0.0261666$ & $-0.029859$ & $0.00352287$ & $-0.01622$ & $0.00323063$ & $0.0163718$ & $0.0795473$ & $0.0452278$ & $0.02194$ & $-0.0206186$ & $0.00594558$ & $0.0083$ & $-0.00862989$ & $0.000621723$ & $-0.0367443$ & $0.0256564$ & $-0.0420826$ & $-0.00094418$ & $-0.110707$ & $0.0177322$ & $0.034734$ & $-0.00347411$ & $-0.0064727$ & $-0.0037823$ & $-0.0354603$ & $-0.0682789$ & $-0.0355729$ & $-0.00546404$ & $-0.0301096$ & $0.0275727$ & $-0.0277387$ & $1$ & $0.0206849$ & $-0.00822462$ & $-0.010013$ & $0.0246374$ & $0.0774725$ & $0.0284088$ & $0.00835795$ & $0.0304459$ & $-0.0788961$ \\
eHZgaint & $0.0308688$ & $-0.188862$ & $-0.0275644$ & $-0.0613903$ & $0.0389437$ & $-0.0148954$ & $0.0726048$ & $0.0570149$ & $0.0517196$ & $-0.102234$ & $-0.0539128$ & $-0.0229028$ & $-0.00672652$ & $0.0109457$ & $0.0204904$ & $0.0139812$ & $-0.00566779$ & $-0.0155517$ & $-0.00939329$ & $0.0506357$ & $0.0506866$ & $0.0616342$ & $0.00851875$ & $-0.0789612$ & $-0.0264794$ & $-0.0596537$ & $-0.0118702$ & $-0.0763028$ & $0.0613815$ & $0.0607878$ & $-0.0574335$ & $0.0397428$ & $-0.00634793$ & $0.0216339$ & $-0.0998369$ & $-0.0845292$ & $0.0408286$ & $0.0840697$ & $0.0581206$ & $0.0206849$ & $1$ & $0.0138621$ & $0.0811964$ & $-0.0461915$ & $0.0264534$ & $0.0213237$ & $-0.134351$ & $0.00761129$ & $0.00131696$ \\
eHZgapar & $-0.0318986$ & $-0.0710451$ & $-0.0216106$ & $0.0140339$ & $-0.0289329$ & $-0.0264675$ & $0.031084$ & $0.0606881$ & $0.055782$ & $-0.0782343$ & $-0.0613331$ & $-0.0465905$ & $0.0231824$ & $-0.0264041$ & $0.0145865$ & $0.035329$ & $0.0217552$ & $-0.0147689$ & $-0.0428303$ & $0.0589197$ & $0.060362$ & $0.0421499$ & $-0.00880699$ & $-0.0273169$ & $-0.00687655$ & $-0.0349165$ & $0.0298095$ & $0.016493$ & $-0.0292756$ & $-0.0500469$ & $-0.0297372$ & $0.0181653$ & $-0.0207941$ & $0.050436$ & $-0.0566573$ & $0.0520583$ & $0.035617$ & $-0.0391668$ & $-0.0053845$ & $-0.00822462$ & $0.0138621$ & $1$ & $0.0351668$ & $-0.0122997$ & $0.0284308$ & $-0.0524222$ & $-0.00526882$ & $-9.81927e-05$ & $0.0205853$ \\
eHgagaint & $-0.0232246$ & $-0.0271783$ & $-0.0875977$ & $0.0100979$ & $-0.0210517$ & $0.0240388$ & $0.0345457$ & $0.0321422$ & $0.123452$ & $-0.0358649$ & $0.00540796$ & $-0.0472877$ & $0.0414641$ & $-0.0717066$ & $0.00367564$ & $0.0479529$ & $-0.0698767$ & $-0.0637781$ & $-0.0950968$ & $0.000835984$ & $-0.00653779$ & $-0.0144167$ & $0.0674696$ & $-0.0497076$ & $-0.0473484$ & $-0.0551907$ & $0.0211524$ & $-0.0134416$ & $0.0668031$ & $-0.020052$ & $0.0218367$ & $0.00949826$ & $-0.0124603$ & $0.0286557$ & $-0.0176321$ & $-0.0614538$ & $0.0356771$ & $-0.0384643$ & $-0.00728688$ & $-0.010013$ & $0.0811964$ & $0.0351668$ & $1$ & $0.0639503$ & $0.0174068$ & $-0.0480998$ & $0.000769641$ & $0.0590882$ & $0.0461396$ \\
eHmumuint & $0.0521516$ & $0.108191$ & $-0.014288$ & $0.060754$ & $0.00121454$ & $0.0405955$ & $0.0351574$ & $0.020772$ & $0.0344146$ & $0.00204864$ & $-0.0330765$ & $0.0128284$ & $-0.00776094$ & $0.00324138$ & $0.0112915$ & $0.064316$ & $0.0219802$ & $0.00870256$ & $-0.0317557$ & $0.0369082$ & $0.0344379$ & $0.0320579$ & $-0.00776052$ & $0.00142398$ & $-0.0213404$ & $-0.0135166$ & $-0.0196501$ & $0.032831$ & $0.0927221$ & $-0.0160237$ & $-0.0325997$ & $0.0427155$ & $0.0911554$ & $0.0216478$ & $-0.084176$ & $-0.0564645$ & $0.0880757$ & $0.0269697$ & $-0.0138487$ & $0.0246374$ & $-0.0461915$ & $-0.0122997$ & $0.0639503$ & $1$ & $-0.0560045$ & $-0.0751289$ & $-0.0675887$ & $0.0278786$ & $0.13567$ \\
eHtautauint & $0.027941$ & $-0.105462$ & $-0.0209895$ & $-0.0527506$ & $-0.0059814$ & $0.0179877$ & $-0.013474$ & $0.0380525$ & $0.0243284$ & $-0.0689877$ & $-0.00595497$ & $-0.0522192$ & $0.0416822$ & $-0.0268739$ & $0.0302402$ & $-0.00215047$ & $-0.0864278$ & $-0.0757518$ & $-0.0519356$ & $0.00681585$ & $0.00363876$ & $0.0122422$ & $0.0372634$ & $-0.0418787$ & $-0.0794344$ & $-0.0467804$ & $-0.01733$ & $0.0350234$ & $0.00122134$ & $0.0510212$ & $0.0219421$ & $-0.0433338$ & $-0.0208333$ & $-0.0133692$ & $0.0701163$ & $-0.0413401$ & $-0.00989538$ & $-0.0700937$ & $-0.0324136$ & $0.0774725$ & $0.0264534$ & $0.0284308$ & $0.0174068$ & $-0.0560045$ & $1$ & $-0.085732$ & $0.08558$ & $-0.0258817$ & $0.00727221$ \\
eHccint & $0.0113133$ & $0.0645834$ & $0.0312873$ & $-0.0500224$ & $-0.0121674$ & $0.0224873$ & $-0.0267648$ & $-0.0117243$ & $-0.0110046$ & $0.0437292$ & $-0.0227088$ & $0.0160221$ & $-0.0113621$ & $0.0830588$ & $0.0733321$ & $-0.024146$ & $0.050307$ & $0.00730325$ & $0.0808576$ & $0.0180711$ & $0.0142292$ & $0.0233563$ & $-0.0466916$ & $0.0398681$ & $0.0402551$ & $0.0292688$ & $-0.0261447$ & $0.0552266$ & $0.0328413$ & $0.0318521$ & $0.0956721$ & $-0.0115497$ & $0.0059771$ & $-0.072241$ & $-0.012705$ & $-0.0305451$ & $0.0563448$ & $0.000209952$ & $-0.0758448$ & $0.0284088$ & $0.0213237$ & $-0.0524222$ & $-0.0480998$ & $-0.0751289$ & $-0.085732$ & $1$ & $-0.00374255$ & $-0.0763277$ & $-0.0174345$ \\
eHccpar & $-0.0391284$ & $-0.0710901$ & $-0.0251514$ & $-0.0246276$ & $-0.0288945$ & $-0.0125804$ & $-0.023272$ & $-0.022177$ & $-0.0298821$ & $0.00955624$ & $0.0124377$ & $-0.0231629$ & $0.0225725$ & $0.0117527$ & $0.071444$ & $0.0480472$ & $0.010483$ & $-0.0221868$ & $-0.00391472$ & $-0.00297715$ & $-0.0175841$ & $-0.0271094$ & $-0.0334714$ & $0.0590157$ & $-0.0117768$ & $0.0324793$ & $-0.0713725$ & $0.0185285$ & $-0.0252757$ & $-0.023508$ & $0.371377$ & $-0.0256689$ & $-0.0057273$ & $-0.0831871$ & $0.0305284$ & $0.0434064$ & $-0.037673$ & $0.0111019$ & $0.0182764$ & $0.00835795$ & $-0.134351$ & $-0.00526882$ & $0.000769641$ & $-0.0675887$ & $0.08558$ & $-0.00374255$ & $1$ & $-0.0320383$ & $0.0316365$ \\
eHbbint & $-0.0306758$ & $0.00839306$ & $-0.0534058$ & $-0.0500758$ & $0.0457686$ & $0.0217114$ & $-0.0118908$ & $-0.0316373$ & $-0.0254755$ & $0.0518544$ & $0.0313829$ & $0.0724408$ & $-0.0637308$ & $-0.0296088$ & $0.0130369$ & $0.0353074$ & $0.0139218$ & $-0.00443219$ & $-0.0215232$ & $-0.0275915$ & $-0.0356545$ & $-0.0339926$ & $-0.0393903$ & $0.0191484$ & $0.0178419$ & $0.0674187$ & $-0.00529788$ & $-0.110559$ & $-0.0194334$ & $-0.00702868$ & $0.0102488$ & $-0.020597$ & $0.133546$ & $-0.0253429$ & $-0.113649$ & $0.0625125$ & $-0.0348857$ & $0.0139213$ & $-0.109671$ & $0.0304459$ & $0.00761129$ & $-9.81927e-05$ & $0.0590882$ & $0.0278786$ & $-0.0258817$ & $-0.0763277$ & $-0.0320383$ & $1$ & $-0.00154113$ \\
eHbbpar & $-0.000702767$ & $0.14399$ & $0.0256411$ & $-0.0137554$ & $-0.0637822$ & $-0.0549258$ & $0.0169008$ & $0.00670427$ & $0.00753334$ & $0.000766918$ & $-0.0163728$ & $0.00528452$ & $-0.00240235$ & $0.00604368$ & $-0.0107431$ & $0.00213994$ & $0.0261327$ & $0.01683$ & $0.00879993$ & $0.019657$ & $0.0257038$ & $0.012729$ & $-0.0145487$ & $0.000635726$ & $0.00681343$ & $0.0070853$ & $0.00860045$ & $-0.0120043$ & $0.028994$ & $0.01586$ & $0.0374733$ & $0.0463667$ & $0.521204$ & $0.0256037$ & $0.0251781$ & $-0.0998731$ & $-0.00600529$ & $-0.0583683$ & $-0.00894313$ & $-0.0788961$ & $0.00131696$ & $0.0205853$ & $0.0461396$ & $0.13567$ & $0.00727221$ & $-0.0174345$ & $0.0316365$ & $-0.00154113$ & $1$ \\
