 & AlsMz & dAle5Mz & mtop & mHl & Mz & CW & CHG & CHWB & CHWHB_gaga & CHWHB_gagaorth & CHD & CHbox & CH & CHL1_11 & CHL1_22 & CHL1_33 & CHL3_11 & CHL3_22 & CHL3_33 & CHe_11 & CHe_22 & CHe_33 & CHQ1_11 & CHQ1_33 & CHQ3_11 & CHu_11 & CHd_11 & CHd_33 & CeH_22r & CeH_33r & CuH_22r & CuH_33r & CdH_33r & CLL_1221 & eHggpar & eHWWpar & eHZZpar & eHZgapar & eHccpar & eHbbpar \\
AlsMz & $1$ & $0.069189$ & $-0.00709127$ & $0.0341232$ & $0.00109025$ & $0.00665048$ & $0.00162498$ & $-0.0286909$ & $-0.030528$ & $0.0162818$ & $0.0188345$ & $0.00591391$ & $-0.00375344$ & $0.0094937$ & $0.00212115$ & $0.00796554$ & $0.00595694$ & $0.0287479$ & $0.0158334$ & $-0.0184391$ & $-0.00969519$ & $-0.0165008$ & $-0.0154524$ & $-0.0108451$ & $-0.0526034$ & $0.0154122$ & $-0.0309994$ & $0.00594699$ & $0.00748332$ & $0.00946418$ & $0.032989$ & $0.00348369$ & $0.00470451$ & $-0.00110522$ & $-0.0392851$ & $-0.00683299$ & $-0.0287764$ & $0.00381845$ & $0.0295262$ & $0.00697655$ \\
dAle5Mz & $0.069189$ & $1$ & $0.0469954$ & $0.00802773$ & $-0.0272195$ & $0.0622479$ & $0.00229996$ & $-0.238006$ & $-0.23672$ & $0.0966285$ & $0.25822$ & $0.0591838$ & $-0.00382457$ & $-0.0420414$ & $-0.0177135$ & $-0.0486924$ & $0.0637329$ & $0.0415214$ & $0.0584475$ & $-0.200955$ & $-0.133703$ & $-0.128616$ & $-0.012161$ & $0.0859749$ & $0.0510733$ & $0.0383153$ & $-0.0457966$ & $-0.00353589$ & $-0.000284647$ & $0.00823036$ & $0.0215862$ & $0.0154524$ & $0.001503$ & $-0.00337076$ & $-0.0257452$ & $-0.0328347$ & $-0.0334302$ & $-0.0306814$ & $0.00970112$ & $-0.00994358$ \\
mtop & $-0.00709127$ & $0.0469954$ & $1$ & $0.012308$ & $-0.0084941$ & $0.0102837$ & $-0.0174666$ & $0.0290606$ & $0.0287551$ & $0.00535832$ & $0.0779926$ & $0.00318297$ & $-0.00888233$ & $0.0247362$ & $0.0123532$ & $-0.00715341$ & $-0.00152087$ & $-0.00821481$ & $0.00923865$ & $0.0448587$ & $0.0434799$ & $0.0333609$ & $0.000836424$ & $0.0330401$ & $-0.0179231$ & $-0.0173561$ & $0.000830701$ & $0.00941236$ & $0.0151174$ & $0.00174331$ & $0.0230248$ & $-0.0181044$ & $0.00485662$ & $0.027798$ & $0.00816533$ & $-0.00449241$ & $0.00641312$ & $-0.0111578$ & $0.0451911$ & $-0.000897956$ \\
mHl & $0.0341232$ & $0.00802773$ & $0.012308$ & $1$ & $-0.0263228$ & $-0.0116199$ & $0.0107073$ & $0.0428191$ & $0.0403045$ & $-0.0200372$ & $-0.0277367$ & $0.0254401$ & $0.00426643$ & $-0.0397088$ & $-0.00947679$ & $-0.00510149$ & $-0.0362148$ & $-0.0354941$ & $-0.034136$ & $0.0422339$ & $0.03943$ & $0.0233376$ & $0.00849419$ & $-0.0445988$ & $-0.0318444$ & $0.00254287$ & $0.0306782$ & $0.00784325$ & $-0.0106811$ & $0.0117158$ & $0.0107886$ & $0.0232106$ & $-0.000488092$ & $0.0331656$ & $0.054382$ & $0.00325613$ & $0.0198046$ & $0.0150986$ & $0.00375517$ & $-0.00726015$ \\
Mz & $0.00109025$ & $-0.0272195$ & $-0.0084941$ & $-0.0263228$ & $1$ & $-0.00380414$ & $-0.0211074$ & $0.0261263$ & $0.0257533$ & $-0.0330941$ & $0.0295008$ & $0.0122627$ & $0.012801$ & $-0.0244365$ & $0.00191602$ & $-0.027563$ & $-0.0456438$ & $-0.0287657$ & $-0.00546569$ & $0.022397$ & $0.013891$ & $0.0213475$ & $-0.00390382$ & $-0.0350971$ & $-0.0264679$ & $-0.00588235$ & $0.0204555$ & $0.00255939$ & $0.00198886$ & $0.00025648$ & $-0.0082475$ & $-0.0182569$ & $0.0021909$ & $0.00862979$ & $0.00372894$ & $0.00429016$ & $0.0156818$ & $-0.00215704$ & $0.00384801$ & $0.00724068$ \\
CW & $0.00665048$ & $0.0622479$ & $0.0102837$ & $-0.0116199$ & $-0.00380414$ & $1$ & $-0.00402569$ & $-0.0894671$ & $-0.0873757$ & $0.038548$ & $0.0936372$ & $0.00230714$ & $-0.0181318$ & $0.226575$ & $0.0567909$ & $0.0474354$ & $-0.130149$ & $0.000999143$ & $0.000886469$ & $-0.0915352$ & $-0.0703619$ & $-0.0830745$ & $-0.0370324$ & $0.0771581$ & $-0.0163144$ & $0.0367832$ & $-0.109893$ & $-0.000190245$ & $0.00405377$ & $-0.00134946$ & $-0.0153469$ & $-0.00148941$ & $0.00652363$ & $-0.160265$ & $-0.000724116$ & $0.00310282$ & $-0.0148691$ & $0.0184208$ & $0.00550395$ & $0.0332895$ \\
CHG & $0.00162498$ & $0.00229996$ & $-0.0174666$ & $0.0107073$ & $-0.0211074$ & $-0.00402569$ & $1$ & $-0.00178337$ & $0.0254766$ & $-0.0120935$ & $0.00962193$ & $-0.205616$ & $-0.348373$ & $-0.0222547$ & $-0.0136715$ & $0.0090189$ & $-0.0141932$ & $-0.00238485$ & $-0.0155863$ & $-0.00220617$ & $-0.0193108$ & $-0.00792586$ & $0.00338316$ & $-0.0117982$ & $-0.00779943$ & $0.00334059$ & $0.00649903$ & $0.00682324$ & $0.00942683$ & $-0.1478$ & $-0.101739$ & $0.90671$ & $-0.16352$ & $0.00609871$ & $0.00187281$ & $0.0143834$ & $-0.0233895$ & $0.0161362$ & $-0.0110294$ & $-0.00927086$ \\
CHWB & $-0.0286909$ & $-0.238006$ & $0.0290606$ & $0.0428191$ & $0.0261263$ & $-0.0894671$ & $-0.00178337$ & $1$ & $0.995142$ & $-0.565593$ & $-0.890255$ & $-0.13362$ & $-0.00167472$ & $-0.300462$ & $-0.0302526$ & $-0.0152339$ & $-0.654268$ & $-0.545641$ & $-0.54448$ & $0.883807$ & $0.683623$ & $0.660194$ & $0.0756286$ & $-0.688767$ & $-0.603158$ & $-0.217473$ & $0.439713$ & $0.145804$ & $0.0120887$ & $0.00552523$ & $-0.00827486$ & $-0.00561685$ & $-0.025522$ & $0.662734$ & $0.00263424$ & $-0.0137845$ & $0.0131784$ & $0.005513$ & $-0.00418106$ & $0.00821264$ \\
CHWHB_gaga & $-0.030528$ & $-0.23672$ & $0.0287551$ & $0.0403045$ & $0.0257533$ & $-0.0873757$ & $0.0254766$ & $0.995142$ & $1$ & $-0.567111$ & $-0.884153$ & $-0.121238$ & $-0.00441463$ & $-0.304103$ & $-0.0317706$ & $-0.0130899$ & $-0.656378$ & $-0.545078$ & $-0.545463$ & $0.881512$ & $0.680466$ & $0.656442$ & $0.0763126$ & $-0.687473$ & $-0.603115$ & $-0.216418$ & $0.438059$ & $0.145981$ & $0.0168459$ & $0.0227453$ & $-0.00234244$ & $0.017301$ & $-0.00722052$ & $0.658501$ & $-0.00237843$ & $-0.0173178$ & $0.010639$ & $0.00507591$ & $-0.00465775$ & $0.00690476$ \\
CHWHB_gagaorth & $0.0162818$ & $0.0966285$ & $0.00535832$ & $-0.0200372$ & $-0.0330941$ & $0.038548$ & $-0.0120935$ & $-0.565593$ & $-0.567111$ & $1$ & $0.250616$ & $0.274008$ & $-0.0208781$ & $0.675656$ & $0.127698$ & $0.105469$ & $0.773524$ & $0.578245$ & $0.588675$ & $-0.337859$ & $-0.243759$ & $-0.234988$ & $-0.0812137$ & $0.598517$ & $0.650599$ & $0.0755872$ & $-0.331911$ & $-0.05649$ & $-0.0094416$ & $-0.0447855$ & $-0.0157294$ & $0.0162474$ & $-0.0227097$ & $-0.428668$ & $0.0368528$ & $-0.00861431$ & $0.00221728$ & $0.0113011$ & $0.00515048$ & $-0.0148161$ \\
CHD & $0.0188345$ & $0.25822$ & $0.0779926$ & $-0.0277367$ & $0.0295008$ & $0.0936372$ & $0.00962193$ & $-0.890255$ & $-0.884153$ & $0.250616$ & $1$ & $0.10146$ & $0.00339417$ & $-0.0551129$ & $-0.0532587$ & $-0.0624971$ & $0.327453$ & $0.313727$ & $0.310935$ & $-0.894632$ & $-0.703213$ & $-0.676991$ & $-0.0447715$ & $0.47752$ & $0.342$ & $0.228261$ & $-0.330205$ & $-0.143315$ & $-0.00965774$ & $0.00279306$ & $0.00881028$ & $0.00998079$ & $0.024487$ & $-0.524084$ & $-0.015759$ & $0.0222107$ & $-0.017344$ & $-0.0137088$ & $0.00603878$ & $0.00281613$ \\
CHbox & $0.00591391$ & $0.0591838$ & $0.00318297$ & $0.0254401$ & $0.0122627$ & $0.00230714$ & $-0.205616$ & $-0.13362$ & $-0.121238$ & $0.274008$ & $0.10146$ & $1$ & $0.548751$ & $-0.0593455$ & $0.0598983$ & $0.0303926$ & $0.00687068$ & $0.00468881$ & $0.0354204$ & $0.0667065$ & $-0.0391313$ & $-0.0407616$ & $0.0100249$ & $0.0693427$ & $0.0304505$ & $-0.00823361$ & $-0.0717493$ & $-0.00989481$ & $0.0719332$ & $0.347701$ & $0.0931934$ & $-0.053398$ & $0.321874$ & $-0.212936$ & $0.0561113$ & $-0.00148264$ & $-0.00600992$ & $-0.00575672$ & $0.00310563$ & $0.00100288$ \\
CH & $-0.00375344$ & $-0.00382457$ & $-0.00888233$ & $0.00426643$ & $0.012801$ & $-0.0181318$ & $-0.348373$ & $-0.00167472$ & $-0.00441463$ & $-0.0208781$ & $0.00339417$ & $0.548751$ & $1$ & $-0.00114813$ & $0.00659866$ & $-0.0063016$ & $0.0111427$ & $-0.0028144$ & $0.01028$ & $-0.00925895$ & $0.00201558$ & $-0.00571902$ & $0.0104389$ & $0.00938918$ & $0.00949774$ & $-0.0102757$ & $-0.000755952$ & $-0.00837964$ & $0.0458596$ & $0.218321$ & $0.104987$ & $-0.293314$ & $0.215715$ & $0.0011472$ & $0.0156133$ & $-0.0111895$ & $-0.00689746$ & $-0.0153096$ & $0.0126388$ & $-0.000181219$ \\
CHL1_11 & $0.0094937$ & $-0.0420414$ & $0.0247362$ & $-0.0397088$ & $-0.0244365$ & $0.226575$ & $-0.0222547$ & $-0.300462$ & $-0.304103$ & $0.675656$ & $-0.0551129$ & $-0.0593455$ & $-0.00114813$ & $1$ & $0.179689$ & $0.151542$ & $0.618255$ & $0.519113$ & $0.526447$ & $-0.152521$ & $-0.0528216$ & $-0.0527829$ & $-0.0910909$ & $0.516603$ & $0.557937$ & $0.0171478$ & $-0.307256$ & $-0.0230007$ & $-0.0139235$ & $-0.0226429$ & $0.00549453$ & $-0.0294294$ & $0.0129757$ & $-0.319965$ & $0.0193283$ & $-0.00849745$ & $0.00143797$ & $0.0171342$ & $0.0197143$ & $-0.0189415$ \\
CHL1_22 & $0.00212115$ & $-0.0177135$ & $0.0123532$ & $-0.00947679$ & $0.00191602$ & $0.0567909$ & $-0.0136715$ & $-0.0302526$ & $-0.0317706$ & $0.127698$ & $-0.0532587$ & $0.0598983$ & $0.00659866$ & $0.179689$ & $1$ & $0.349962$ & $0.0721352$ & $-0.442835$ & $-0.0955741$ & $0.0542776$ & $-0.13507$ & $-0.0998942$ & $-0.110136$ & $0.223979$ & $-0.147497$ & $0.0209637$ & $-0.48505$ & $-0.0319524$ & $0.00192353$ & $-0.0114236$ & $-0.00951693$ & $-0.0066696$ & $-0.00118895$ & $-0.557686$ & $0.0126312$ & $0.0208662$ & $0.00951796$ & $0.00323517$ & $0.00812559$ & $0.0120496$ \\
CHL1_33 & $0.00796554$ & $-0.0486924$ & $-0.00715341$ & $-0.00510149$ & $-0.027563$ & $0.0474354$ & $0.0090189$ & $-0.0152339$ & $-0.0130899$ & $0.105469$ & $-0.0624971$ & $0.0303926$ & $-0.0063016$ & $0.151542$ & $0.349962$ & $1$ & $0.0661425$ & $-0.112922$ & $-0.445047$ & $0.0535937$ & $-0.105378$ & $-0.188961$ & $-0.114113$ & $0.213008$ & $-0.164345$ & $0.0252663$ & $-0.482034$ & $-0.0155481$ & $-0.00391084$ & $0.0150231$ & $-0.00165569$ & $0.0196249$ & $0.00899874$ & $-0.236572$ & $0.0129946$ & $0.0142232$ & $0.00211042$ & $0.00691831$ & $-0.00121861$ & $0.00306968$ \\
CHL3_11 & $0.00595694$ & $0.0637329$ & $-0.00152087$ & $-0.0362148$ & $-0.0456438$ & $-0.130149$ & $-0.0141932$ & $-0.654268$ & $-0.656378$ & $0.773524$ & $0.327453$ & $0.00687068$ & $0.0111427$ & $0.618255$ & $0.0721352$ & $0.0661425$ & $1$ & $0.695157$ & $0.685931$ & $-0.498055$ & $-0.308976$ & $-0.304945$ & $-0.0707328$ & $0.673149$ & $0.772157$ & $0.0876074$ & $-0.327269$ & $-0.0784612$ & $-0.0190465$ & $-0.0175654$ & $0.0151911$ & $-0.0210481$ & $0.017431$ & $-0.36027$ & $0.0190612$ & $-0.0117612$ & $-0.00574129$ & $0.0125369$ & $0.000649111$ & $-0.0223839$ \\
CHL3_22 & $0.0287479$ & $0.0415214$ & $-0.00821481$ & $-0.0354941$ & $-0.0287657$ & $0.000999143$ & $-0.00238485$ & $-0.545641$ & $-0.545078$ & $0.578245$ & $0.313727$ & $0.00468881$ & $-0.0028144$ & $0.519113$ & $-0.442835$ & $-0.112922$ & $0.695157$ & $1$ & $0.64981$ & $-0.427885$ & $-0.237815$ & $-0.227989$ & $0.00913394$ & $0.478247$ & $0.77501$ & $0.0736567$ & $-0.0188096$ & $-0.0577739$ & $-0.0103954$ & $-0.00644136$ & $0.0124103$ & $-0.00391031$ & $0.0144537$ & $0.078524$ & $0.00785584$ & $-0.0190644$ & $-0.00987943$ & $0.00974877$ & $-0.00696445$ & $-0.0296488$ \\
CHL3_33 & $0.0158334$ & $0.0584475$ & $0.00923865$ & $-0.034136$ & $-0.00546569$ & $0.000886469$ & $-0.0155863$ & $-0.54448$ & $-0.545463$ & $0.588675$ & $0.310935$ & $0.0354204$ & $0.01028$ & $0.526447$ & $-0.0955741$ & $-0.445047$ & $0.685931$ & $0.64981$ & $1$ & $-0.414922$ & $-0.224303$ & $-0.214773$ & $0.00494627$ & $0.477693$ & $0.779576$ & $0.0771624$ & $-0.00821507$ & $-0.059126$ & $-0.0145142$ & $-0.0319539$ & $0.00989445$ & $-0.0221442$ & $0.00964919$ & $-0.239621$ & $0.0223833$ & $-0.00695468$ & $-0.00134258$ & $0.0131423$ & $0.00404944$ & $-0.0151597$ \\
CHe_11 & $-0.0184391$ & $-0.200955$ & $0.0448587$ & $0.0422339$ & $0.022397$ & $-0.0915352$ & $-0.00220617$ & $0.883807$ & $0.881512$ & $-0.337859$ & $-0.894632$ & $0.0667065$ & $-0.00925895$ & $-0.152521$ & $0.0542776$ & $0.0535937$ & $-0.498055$ & $-0.427885$ & $-0.414922$ & $1$ & $0.698905$ & $0.674419$ & $0.047558$ & $-0.549087$ & $-0.462069$ & $-0.224902$ & $0.349642$ & $0.153859$ & $0.0224505$ & $0.00280638$ & $-0.017991$ & $0.0160325$ & $-0.0285693$ & $0.468523$ & $0.0229172$ & $-0.0116696$ & $0.0169339$ & $0.0108843$ & $-0.00848546$ & $0.00217603$ \\
CHe_22 & $-0.00969519$ & $-0.133703$ & $0.0434799$ & $0.03943$ & $0.013891$ & $-0.0703619$ & $-0.0193108$ & $0.683623$ & $0.680466$ & $-0.243759$ & $-0.703213$ & $-0.0391313$ & $0.00201558$ & $-0.0528216$ & $-0.13507$ & $-0.105378$ & $-0.308976$ & $-0.237815$ & $-0.224303$ & $0.698905$ & $1$ & $0.588356$ & $0.0676019$ & $-0.483398$ & $-0.279072$ & $-0.188725$ & $0.422849$ & $0.133674$ & $0.019039$ & $0.0180221$ & $0.00105012$ & $-0.0131751$ & $0.00454347$ & $0.461957$ & $0.00630167$ & $-0.0223828$ & $-0.00311679$ & $0.00132252$ & $-0.0102262$ & $0.0103978$ \\
CHe_33 & $-0.0165008$ & $-0.128616$ & $0.0333609$ & $0.0233376$ & $0.0213475$ & $-0.0830745$ & $-0.00792586$ & $0.660194$ & $0.656442$ & $-0.234988$ & $-0.676991$ & $-0.0407616$ & $-0.00571902$ & $-0.0527829$ & $-0.0998942$ & $-0.188961$ & $-0.304945$ & $-0.227989$ & $-0.214773$ & $0.674419$ & $0.588356$ & $1$ & $0.0610243$ & $-0.471603$ & $-0.263534$ & $-0.17568$ & $0.420289$ & $0.130365$ & $0.0238713$ & $0.0119792$ & $-0.00962293$ & $-0.00540776$ & $-0.0083485$ & $0.448357$ & $0.0140943$ & $-0.0327395$ & $0.00609288$ & $0.00681078$ & $-0.00207265$ & $-2.6368e-05$ \\
CHQ1_11 & $-0.0154524$ & $-0.012161$ & $0.000836424$ & $0.00849419$ & $-0.00390382$ & $-0.0370324$ & $0.00338316$ & $0.0756286$ & $0.0763126$ & $-0.0812137$ & $-0.0447715$ & $0.0100249$ & $0.0104389$ & $-0.0910909$ & $-0.110136$ & $-0.114113$ & $-0.0707328$ & $0.00913394$ & $0.00494627$ & $0.047558$ & $0.0676019$ & $0.0610243$ & $1$ & $-0.105547$ & $0.0346391$ & $-0.585817$ & $0.276117$ & $0.00876435$ & $0.00641104$ & $0.0206028$ & $-0.00167272$ & $0.0129094$ & $0.0154928$ & $0.132988$ & $0.00327369$ & $-0.00878678$ & $-0.00438665$ & $-0.0337574$ & $-0.0146607$ & $0.010585$ \\
CHQ1_33 & $-0.0108451$ & $0.0859749$ & $0.0330401$ & $-0.0445988$ & $-0.0350971$ & $0.0771581$ & $-0.0117982$ & $-0.688767$ & $-0.687473$ & $0.598517$ & $0.47752$ & $0.0693427$ & $0.00938918$ & $0.516603$ & $0.223979$ & $0.213008$ & $0.673149$ & $0.478247$ & $0.477693$ & $-0.549087$ & $-0.483398$ & $-0.471603$ & $-0.105547$ & $1$ & $0.551903$ & $0.146304$ & $-0.427311$ & $-0.000709785$ & $-0.0140185$ & $-0.0139115$ & $0.0058568$ & $-0.00812087$ & $0.0139814$ & $-0.539317$ & $0.0215755$ & $0.00895477$ & $-0.00849068$ & $-0.007764$ & $-0.00367969$ & $-0.0242336$ \\
CHQ3_11 & $-0.0526034$ & $0.0510733$ & $-0.0179231$ & $-0.0318444$ & $-0.0264679$ & $-0.0163144$ & $-0.00779943$ & $-0.603158$ & $-0.603115$ & $0.650599$ & $0.342$ & $0.0304505$ & $0.00949774$ & $0.557937$ & $-0.147497$ & $-0.164345$ & $0.772157$ & $0.77501$ & $0.779576$ & $-0.462069$ & $-0.279072$ & $-0.263534$ & $0.0346391$ & $0.551903$ & $1$ & $0.0903086$ & $0.0756496$ & $-0.0729671$ & $-0.0157443$ & $-0.0322569$ & $0.00750459$ & $-0.0182107$ & $0.0112337$ & $-0.210086$ & $0.0212476$ & $-0.0110947$ & $-0.00803682$ & $0.00718158$ & $-0.0101205$ & $-0.0126282$ \\
CHu_11 & $0.0154122$ & $0.0383153$ & $-0.0173561$ & $0.00254287$ & $-0.00588235$ & $0.0367832$ & $0.00334059$ & $-0.217473$ & $-0.216418$ & $0.0755872$ & $0.228261$ & $-0.00823361$ & $-0.0102757$ & $0.0171478$ & $0.0209637$ & $0.0252663$ & $0.0876074$ & $0.0736567$ & $0.0771624$ & $-0.224902$ & $-0.188725$ & $-0.17568$ & $-0.585817$ & $0.146304$ & $0.0903086$ & $1$ & $0.0428223$ & $-0.0445117$ & $-0.0272676$ & $-0.0159524$ & $0.000585524$ & $-0.00260503$ & $-0.00735726$ & $-0.146177$ & $-0.00944959$ & $-0.0077929$ & $-0.0154797$ & $0.000672315$ & $0.00494984$ & $-0.00622471$ \\
CHd_11 & $-0.0309994$ & $-0.0457966$ & $0.000830701$ & $0.0306782$ & $0.0204555$ & $-0.109893$ & $0.00649903$ & $0.439713$ & $0.438059$ & $-0.331911$ & $-0.330205$ & $-0.0717493$ & $-0.000755952$ & $-0.307256$ & $-0.48505$ & $-0.482034$ & $-0.327269$ & $-0.0188096$ & $-0.00821507$ & $0.349642$ & $0.422849$ & $0.420289$ & $0.276117$ & $-0.427311$ & $0.0756496$ & $0.0428223$ & $1$ & $0.0691887$ & $0.00316839$ & $-0.00843333$ & $-0.00964978$ & $-0.00317553$ & $-0.020059$ & $0.596758$ & $-0.0113679$ & $-0.0278385$ & $-0.0113984$ & $-0.0177081$ & $-0.0306568$ & $0.00561324$ \\
CHd_33 & $0.00594699$ & $-0.00353589$ & $0.00941236$ & $0.00784325$ & $0.00255939$ & $-0.000190245$ & $0.00682324$ & $0.145804$ & $0.145981$ & $-0.05649$ & $-0.143315$ & $-0.00989481$ & $-0.00837964$ & $-0.0230007$ & $-0.0319524$ & $-0.0155481$ & $-0.0784612$ & $-0.0577739$ & $-0.059126$ & $0.153859$ & $0.133674$ & $0.130365$ & $0.00876435$ & $-0.000709785$ & $-0.0729671$ & $-0.0445117$ & $0.0691887$ & $1$ & $0.0183456$ & $-0.00783612$ & $-0.0158271$ & $0.00556193$ & $-0.0139426$ & $0.100711$ & $-0.010996$ & $0.00140903$ & $-0.0215139$ & $0.00261623$ & $-0.0129788$ & $-0.00559969$ \\
CeH_22r & $0.00748332$ & $-0.000284647$ & $0.0151174$ & $-0.0106811$ & $0.00198886$ & $0.00405377$ & $0.00942683$ & $0.0120887$ & $0.0168459$ & $-0.0094416$ & $-0.00965774$ & $0.0719332$ & $0.0458596$ & $-0.0139235$ & $0.00192353$ & $-0.00391084$ & $-0.0190465$ & $-0.0103954$ & $-0.0145142$ & $0.0224505$ & $0.019039$ & $0.0238713$ & $0.00641104$ & $-0.0140185$ & $-0.0157443$ & $-0.0272676$ & $0.00316839$ & $0.0183456$ & $1$ & $0.0375858$ & $0.0250912$ & $-0.00687478$ & $0.041861$ & $0.0008376$ & $-0.0103054$ & $0.00240159$ & $0.00853239$ & $0.00552819$ & $0.00975626$ & $-0.0044304$ \\
CeH_33r & $0.00946418$ & $0.00823036$ & $0.00174331$ & $0.0117158$ & $0.00025648$ & $-0.00134946$ & $-0.1478$ & $0.00552523$ & $0.0227453$ & $-0.0447855$ & $0.00279306$ & $0.347701$ & $0.218321$ & $-0.0226429$ & $-0.0114236$ & $0.0150231$ & $-0.0175654$ & $-0.00644136$ & $-0.0319539$ & $0.00280638$ & $0.0180221$ & $0.0119792$ & $0.0206028$ & $-0.0139115$ & $-0.0322569$ & $-0.0159524$ & $-0.00843333$ & $-0.00783612$ & $0.0375858$ & $1$ & $0.291324$ & $0.0547264$ & $0.667378$ & $0.0114164$ & $-0.0541603$ & $-0.0679862$ & $-0.0155322$ & $-0.0137484$ & $0.0177979$ & $0.00448339$ \\
CuH_22r & $0.032989$ & $0.0215862$ & $0.0230248$ & $0.0107886$ & $-0.0082475$ & $-0.0153469$ & $-0.101739$ & $-0.00827486$ & $-0.00234244$ & $-0.0157294$ & $0.00881028$ & $0.0931934$ & $0.104987$ & $0.00549453$ & $-0.00951693$ & $-0.00165569$ & $0.0151911$ & $0.0124103$ & $0.00989445$ & $-0.017991$ & $0.00105012$ & $-0.00962293$ & $-0.00167272$ & $0.0058568$ & $0.00750459$ & $0.000585524$ & $-0.00964978$ & $-0.0158271$ & $0.0250912$ & $0.291324$ & $1$ & $0.0189891$ & $0.344387$ & $0.00993419$ & $0.00383546$ & $-0.0562868$ & $-0.0112078$ & $-0.009629$ & $0.29914$ & $-0.00706886$ \\
CuH_33r & $0.00348369$ & $0.0154524$ & $-0.0181044$ & $0.0232106$ & $-0.0182569$ & $-0.00148941$ & $0.90671$ & $-0.00561685$ & $0.017301$ & $0.0162474$ & $0.00998079$ & $-0.053398$ & $-0.293314$ & $-0.0294294$ & $-0.0066696$ & $0.0196249$ & $-0.0210481$ & $-0.00391031$ & $-0.0221442$ & $0.0160325$ & $-0.0131751$ & $-0.00540776$ & $0.0129094$ & $-0.00812087$ & $-0.0182107$ & $-0.00260503$ & $-0.00317553$ & $0.00556193$ & $-0.00687478$ & $0.0547264$ & $0.0189891$ & $1$ & $0.0887869$ & $-0.00662315$ & $0.0309759$ & $-0.00838245$ & $-0.016499$ & $0.00942462$ & $-0.000810285$ & $-0.00362173$ \\
CdH_33r & $0.00470451$ & $0.001503$ & $0.00485662$ & $-0.000488092$ & $0.0021909$ & $0.00652363$ & $-0.16352$ & $-0.025522$ & $-0.00722052$ & $-0.0227097$ & $0.024487$ & $0.321874$ & $0.215715$ & $0.0129757$ & $-0.00118895$ & $0.00899874$ & $0.017431$ & $0.0144537$ & $0.00964919$ & $-0.0285693$ & $0.00454347$ & $-0.0083485$ & $0.0154928$ & $0.0139814$ & $0.0112337$ & $-0.00735726$ & $-0.020059$ & $-0.0139426$ & $0.041861$ & $0.667378$ & $0.344387$ & $0.0887869$ & $1$ & $-0.0165139$ & $-0.0466219$ & $-0.057685$ & $-0.0276621$ & $-0.017152$ & $0.0106286$ & $0.368714$ \\
CLL_1221 & $-0.00110522$ & $-0.00337076$ & $0.027798$ & $0.0331656$ & $0.00862979$ & $-0.160265$ & $0.00609871$ & $0.662734$ & $0.658501$ & $-0.428668$ & $-0.524084$ & $-0.212936$ & $0.0011472$ & $-0.319965$ & $-0.557686$ & $-0.236572$ & $-0.36027$ & $0.078524$ & $-0.239621$ & $0.468523$ & $0.461957$ & $0.448357$ & $0.132988$ & $-0.539317$ & $-0.210086$ & $-0.146177$ & $0.596758$ & $0.100711$ & $0.0008376$ & $0.0114164$ & $0.00993419$ & $-0.00662315$ & $-0.0165139$ & $1$ & $-0.0132583$ & $-0.0346177$ & $-0.00806327$ & $0.000416736$ & $-0.0141338$ & $-0.00924214$ \\
eHggpar & $-0.0392851$ & $-0.0257452$ & $0.00816533$ & $0.054382$ & $0.00372894$ & $-0.000724116$ & $0.00187281$ & $0.00263424$ & $-0.00237843$ & $0.0368528$ & $-0.015759$ & $0.0561113$ & $0.0156133$ & $0.0193283$ & $0.0126312$ & $0.0129946$ & $0.0190612$ & $0.00785584$ & $0.0223833$ & $0.0229172$ & $0.00630167$ & $0.0140943$ & $0.00327369$ & $0.0215755$ & $0.0212476$ & $-0.00944959$ & $-0.0113679$ & $-0.010996$ & $-0.0103054$ & $-0.0541603$ & $0.00383546$ & $0.0309759$ & $-0.0466219$ & $-0.0132583$ & $1$ & $0.0226371$ & $0.0402404$ & $0.0330555$ & $-0.00166798$ & $-0.0392483$ \\
eHWWpar & $-0.00683299$ & $-0.0328347$ & $-0.00449241$ & $0.00325613$ & $0.00429016$ & $0.00310282$ & $0.0143834$ & $-0.0137845$ & $-0.0173178$ & $-0.00861431$ & $0.0222107$ & $-0.00148264$ & $-0.0111895$ & $-0.00849745$ & $0.0208662$ & $0.0142232$ & $-0.0117612$ & $-0.0190644$ & $-0.00695468$ & $-0.0116696$ & $-0.0223828$ & $-0.0327395$ & $-0.00878678$ & $0.00895477$ & $-0.0110947$ & $-0.0077929$ & $-0.0278385$ & $0.00140903$ & $0.00240159$ & $-0.0679862$ & $-0.0562868$ & $-0.00838245$ & $-0.057685$ & $-0.0346177$ & $0.0226371$ & $1$ & $0.00517401$ & $0.0331653$ & $-0.0382755$ & $0.0481409$ \\
eHZZpar & $-0.0287764$ & $-0.0334302$ & $0.00641312$ & $0.0198046$ & $0.0156818$ & $-0.0148691$ & $-0.0233895$ & $0.0131784$ & $0.010639$ & $0.00221728$ & $-0.017344$ & $-0.00600992$ & $-0.00689746$ & $0.00143797$ & $0.00951796$ & $0.00211042$ & $-0.00574129$ & $-0.00987943$ & $-0.00134258$ & $0.0169339$ & $-0.00311679$ & $0.00609288$ & $-0.00438665$ & $-0.00849068$ & $-0.00803682$ & $-0.0154797$ & $-0.0113984$ & $-0.0215139$ & $0.00853239$ & $-0.0155322$ & $-0.0112078$ & $-0.016499$ & $-0.0276621$ & $-0.00806327$ & $0.0402404$ & $0.00517401$ & $1$ & $0.0209078$ & $-0.0287832$ & $-0.0292235$ \\
eHZgapar & $0.00381845$ & $-0.0306814$ & $-0.0111578$ & $0.0150986$ & $-0.00215704$ & $0.0184208$ & $0.0161362$ & $0.005513$ & $0.00507591$ & $0.0113011$ & $-0.0137088$ & $-0.00575672$ & $-0.0153096$ & $0.0171342$ & $0.00323517$ & $0.00691831$ & $0.0125369$ & $0.00974877$ & $0.0131423$ & $0.0108843$ & $0.00132252$ & $0.00681078$ & $-0.0337574$ & $-0.007764$ & $0.00718158$ & $0.000672315$ & $-0.0177081$ & $0.00261623$ & $0.00552819$ & $-0.0137484$ & $-0.009629$ & $0.00942462$ & $-0.017152$ & $0.000416736$ & $0.0330555$ & $0.0331653$ & $0.0209078$ & $1$ & $-0.0122617$ & $0.0102028$ \\
eHccpar & $0.0295262$ & $0.00970112$ & $0.0451911$ & $0.00375517$ & $0.00384801$ & $0.00550395$ & $-0.0110294$ & $-0.00418106$ & $-0.00465775$ & $0.00515048$ & $0.00603878$ & $0.00310563$ & $0.0126388$ & $0.0197143$ & $0.00812559$ & $-0.00121861$ & $0.000649111$ & $-0.00696445$ & $0.00404944$ & $-0.00848546$ & $-0.0102262$ & $-0.00207265$ & $-0.0146607$ & $-0.00367969$ & $-0.0101205$ & $0.00494984$ & $-0.0306568$ & $-0.0129788$ & $0.00975626$ & $0.0177979$ & $0.29914$ & $-0.000810285$ & $0.0106286$ & $-0.0141338$ & $-0.00166798$ & $-0.0382755$ & $-0.0287832$ & $-0.0122617$ & $1$ & $-0.0356477$ \\
eHbbpar & $0.00697655$ & $-0.00994358$ & $-0.000897956$ & $-0.00726015$ & $0.00724068$ & $0.0332895$ & $-0.00927086$ & $0.00821264$ & $0.00690476$ & $-0.0148161$ & $0.00281613$ & $0.00100288$ & $-0.000181219$ & $-0.0189415$ & $0.0120496$ & $0.00306968$ & $-0.0223839$ & $-0.0296488$ & $-0.0151597$ & $0.00217603$ & $0.0103978$ & $-2.6368e-05$ & $0.010585$ & $-0.0242336$ & $-0.0126282$ & $-0.00622471$ & $0.00561324$ & $-0.00559969$ & $-0.0044304$ & $0.00448339$ & $-0.00706886$ & $-0.00362173$ & $0.368714$ & $-0.00924214$ & $-0.0392483$ & $0.0481409$ & $-0.0292235$ & $0.0102028$ & $-0.0356477$ & $1$ \\
