 & AlsMz & dAle5Mz & mtop & mHl & Mz & CW & CHG & CHWB & CHWHB_gaga & CHWHB_gagaorth & CHD & CHbox & CH & CHL1_11 & CHL1_22 & CHL1_33 & CHL3_11 & CHL3_22 & CHL3_33 & CHe_11 & CHe_22 & CHe_33 & CHQ1_11 & CHQ1_33 & CHQ3_11 & CHu_11 & CHd_11 & CHd_33 & CeH_22r & CeH_33r & CuH_22r & CuH_33r & CdH_33r & CLL_1221 & eHggint & eHggpar & eHWWint & eHWWpar & eHZZint & eHZZpar & eHZgaint & eHZgapar & eHgagaint & eHmumuint & eHtautauint & eHccint & eHccpar & eHbbint & eHbbpar \\
AlsMz & $1$ & $-0.0346653$ & $0.0858811$ & $0.197226$ & $-0.00655983$ & $0.00411805$ & $-0.00328486$ & $-0.0074544$ & $-0.00345883$ & $-0.00350386$ & $0.00179675$ & $-0.0167614$ & $-0.0219183$ & $-0.00459775$ & $-0.00856276$ & $-0.0791241$ & $0.000580184$ & $-0.00249874$ & $0.0504875$ & $-0.0131897$ & $-0.00650937$ & $-0.00666728$ & $0.00802741$ & $-0.0621682$ & $-0.091868$ & $-0.0227165$ & $0.0156553$ & $-0.00277986$ & $0.0206627$ & $-0.00587633$ & $-0.0503997$ & $0.000302668$ & $0.0457998$ & $-0.00658642$ & $-0.0205173$ & $0.0340073$ & $0.0291267$ & $-0.0288293$ & $-0.159194$ & $-0.0158115$ & $0.133271$ & $-0.00724515$ & $0.0744461$ & $-0.068935$ & $-0.0719659$ & $0.0355294$ & $-0.10452$ & $0.0940655$ & $0.0676945$ \\
dAle5Mz & $-0.0346653$ & $1$ & $0.0198862$ & $0.0476593$ & $-0.0253216$ & $0.0200565$ & $0.0126456$ & $-0.0651359$ & $-0.071894$ & $0.0519195$ & $0.0441817$ & $0.0321428$ & $-0.023297$ & $-0.00094062$ & $-0.0347938$ & $-0.0118548$ & $0.028745$ & $0.0391985$ & $0.0179642$ & $-0.0228784$ & $-0.0182759$ & $-0.0227327$ & $0.0174025$ & $0.0322787$ & $0.029176$ & $0.0103241$ & $0.00533686$ & $0.0337408$ & $0.0357262$ & $-0.0190388$ & $-0.00880982$ & $0.018842$ & $-0.00132484$ & $0.0380412$ & $0.106661$ & $0.0197965$ & $0.0251516$ & $-0.021532$ & $0.0163177$ & $0.00548468$ & $-0.103776$ & $0.0646293$ & $-0.0790669$ & $-0.0141833$ & $0.0622041$ & $-0.037996$ & $0.0341023$ & $-0.0173701$ & $0.0510159$ \\
mtop & $0.0858811$ & $0.0198862$ & $1$ & $-0.0288788$ & $0.000735541$ & $0.0128783$ & $0.0547311$ & $-0.0117389$ & $0.00223738$ & $0.00121604$ & $0.0217222$ & $-0.00971717$ & $-0.0124878$ & $-0.0154616$ & $-0.00464953$ & $-0.0258546$ & $-0.0076911$ & $-0.00631778$ & $0.000972708$ & $-0.0115943$ & $-0.0138886$ & $-0.0253903$ & $-0.00202818$ & $0.00733304$ & $-0.000517408$ & $-0.00575292$ & $0.0085655$ & $0.0252344$ & $0.0387696$ & $-0.0190725$ & $-0.0133727$ & $0.0574283$ & $-0.0211069$ & $-0.00718116$ & $0.0457748$ & $-0.0140147$ & $0.0233847$ & $0.027439$ & $0.0889092$ & $0.0046078$ & $0.0309926$ & $-0.0101408$ & $0.100844$ & $-0.0406652$ & $0.0673626$ & $0.0576761$ & $0.0300594$ & $-0.0444388$ & $0.00974125$ \\
mHl & $0.197226$ & $0.0476593$ & $-0.0288788$ & $1$ & $-0.00859504$ & $0.00357799$ & $-0.0289515$ & $-0.00606782$ & $-0.00970862$ & $0.000910263$ & $-0.0130161$ & $-0.0261879$ & $-0.0243383$ & $0.0228152$ & $0.0212138$ & $-0.0208189$ & $0.0396088$ & $0.0133634$ & $0.04728$ & $0.011266$ & $0.0106625$ & $0.0116298$ & $-0.00117106$ & $-0.00396369$ & $0.0208376$ & $-0.00507203$ & $0.0139344$ & $-0.0161251$ & $0.000795559$ & $0.00198225$ & $-0.0156663$ & $-0.0417198$ & $0.0320777$ & $-0.0160826$ & $-0.088044$ & $0.0317391$ & $-0.0227582$ & $-0.0159887$ & $0.0367169$ & $-0.00641122$ & $-0.0371979$ & $0.0679876$ & $-0.0117165$ & $0.0258499$ & $0.0168391$ & $-0.0642716$ & $-0.0250579$ & $0.0272298$ & $0.0803186$ \\
Mz & $-0.00655983$ & $-0.0253216$ & $0.000735541$ & $-0.00859504$ & $1$ & $0.011115$ & $0.00967371$ & $-0.0160596$ & $-0.015149$ & $-0.0191797$ & $0.0274125$ & $-0.0336094$ & $0.010447$ & $0.0091507$ & $-0.020226$ & $-0.019719$ & $-0.0126183$ & $0.0109816$ & $0.0125544$ & $-0.0205009$ & $-0.0166099$ & $-0.00904568$ & $0.00576434$ & $-0.000627702$ & $0.00719634$ & $-0.00768706$ & $-0.00260885$ & $0.00343616$ & $-0.0289561$ & $0.00905428$ & $-0.008058$ & $0.00865898$ & $-0.018867$ & $-0.00561905$ & $-0.0467519$ & $-0.0257353$ & $-0.0420318$ & $0.0207121$ & $-0.0569529$ & $0.0364116$ & $-0.0532025$ & $0.00942195$ & $0.0122155$ & $0.00535951$ & $-0.0221618$ & $0.00875101$ & $0.0297157$ & $-0.0145821$ & $-0.0391197$ \\
CW & $0.00411805$ & $0.0200565$ & $0.0128783$ & $0.00357799$ & $0.011115$ & $1$ & $-0.0153944$ & $-0.149942$ & $-0.151979$ & $0.0422849$ & $0.193125$ & $0.0455169$ & $-0.0102653$ & $0.0520657$ & $-0.0734849$ & $-0.0689347$ & $-0.220167$ & $-0.0131154$ & $-0.0132439$ & $-0.188062$ & $-0.198332$ & $-0.189043$ & $-0.0525818$ & $0.0483449$ & $-0.0466537$ & $0.143446$ & $-0.092555$ & $-0.0681363$ & $0.0108432$ & $-0.026326$ & $-0.0231053$ & $-0.0154922$ & $-0.0205455$ & $-0.145726$ & $-0.0168144$ & $-0.00433891$ & $-0.00954448$ & $-0.0265457$ & $0.00369738$ & $0.00217723$ & $0.0275746$ & $0.00685368$ & $-0.03359$ & $0.00302053$ & $-0.00476013$ & $0.00666037$ & $-0.0113479$ & $0.00308523$ & $-0.000350554$ \\
CHG & $-0.00328486$ & $0.0126456$ & $0.0547311$ & $-0.0289515$ & $0.00967371$ & $-0.0153944$ & $1$ & $-0.126828$ & $-0.0709558$ & $0.0904739$ & $0.085225$ & $-0.165432$ & $-0.274987$ & $0.0495624$ & $-0.00356615$ & $-0.0332536$ & $0.0859468$ & $0.0878047$ & $0.106901$ & $-0.0783116$ & $-0.089709$ & $-0.0910038$ & $-0.0485623$ & $0.118799$ & $0.072266$ & $0.0665729$ & $-0.098407$ & $-0.0359899$ & $0.0046712$ & $-0.120772$ & $-0.0748356$ & $0.938241$ & $-0.139265$ & $-0.102024$ & $-0.0136971$ & $-0.0881756$ & $0.00264561$ & $-0.00179887$ & $-0.0193991$ & $-0.0226397$ & $0.0068743$ & $0.0166029$ & $0.00397291$ & $-0.0106192$ & $-0.0285414$ & $-0.0345002$ & $-0.016298$ & $0.0197316$ & $0.00408211$ \\
CHWB & $-0.0074544$ & $-0.0651359$ & $-0.0117389$ & $-0.00606782$ & $-0.0160596$ & $-0.149942$ & $-0.126828$ & $1$ & $0.983904$ & $-0.603164$ & $-0.88006$ & $-0.0105052$ & $0.361636$ & $0.0506157$ & $0.28007$ & $0.304142$ & $-0.290625$ & $-0.468098$ & $-0.493243$ & $0.849251$ & $0.898928$ & $0.881806$ & $0.0922161$ & $-0.703326$ & $-0.439914$ & $-0.515052$ & $0.447266$ & $0.290295$ & $0.00375255$ & $0.122845$ & $0.0676423$ & $-0.106245$ & $0.137095$ & $0.598682$ & $0.0567726$ & $-0.00943296$ & $0.00742631$ & $0.0463147$ & $0.0123499$ & $-0.00624531$ & $0.00630024$ & $0.00902357$ & $0.0692711$ & $0.00862731$ & $0.00548359$ & $-0.0387236$ & $-0.0149934$ & $-0.00657476$ & $0.0159261$ \\
CHWHB_gaga & $-0.00345883$ & $-0.071894$ & $0.00223738$ & $-0.00970862$ & $-0.015149$ & $-0.151979$ & $-0.0709558$ & $0.983904$ & $1$ & $-0.590052$ & $-0.863469$ & $0.00171647$ & $0.35802$ & $0.0452765$ & $0.278447$ & $0.301606$ & $-0.291488$ & $-0.466406$ & $-0.491494$ & $0.833706$ & $0.881672$ & $0.863406$ & $0.088844$ & $-0.694062$ & $-0.438707$ & $-0.50441$ & $0.436193$ & $0.284474$ & $0.0105703$ & $0.141955$ & $0.0780918$ & $-0.060313$ & $0.150761$ & $0.585882$ & $0.0327273$ & $-0.0302089$ & $0.00111736$ & $0.0447959$ & $0.00579996$ & $-0.00347479$ & $0.00942614$ & $0.0117313$ & $0.133766$ & $0.00724251$ & $-0.0060667$ & $-0.0377165$ & $-0.00967709$ & $-0.000337258$ & $0.0069192$ \\
CHWHB_gagaorth & $-0.00350386$ & $0.0519195$ & $0.00121604$ & $0.000910263$ & $-0.0191797$ & $0.0422849$ & $0.0904739$ & $-0.603164$ & $-0.590052$ & $1$ & $0.391169$ & $0.35031$ & $-0.281994$ & $0.238085$ & $-0.122684$ & $-0.129157$ & $0.455804$ & $0.508577$ & $0.512681$ & $-0.371146$ & $-0.410209$ & $-0.403065$ & $-0.0663952$ & $0.583229$ & $0.493429$ & $0.237346$ & $-0.271945$ & $-0.142364$ & $-0.000966864$ & $-0.140252$ & $-0.0887895$ & $0.089496$ & $-0.15071$ & $-0.388269$ & $-0.00804342$ & $0.0478581$ & $-0.0204872$ & $-0.0392845$ & $-0.00166448$ & $0.00566392$ & $-0.0703273$ & $0.000400742$ & $-0.0637408$ & $0.0113833$ & $0.00176492$ & $0.0119294$ & $0.0160123$ & $0.014144$ & $0.00233733$ \\
CHD & $0.00179675$ & $0.0441817$ & $0.0217222$ & $-0.0130161$ & $0.0274125$ & $0.193125$ & $0.085225$ & $-0.88006$ & $-0.863469$ & $0.391169$ & $1$ & $0.144095$ & $-0.181395$ & $-0.472265$ & $-0.40785$ & $-0.432438$ & $-0.164776$ & $0.103238$ & $0.137334$ & $-0.990244$ & $-0.991304$ & $-0.969878$ & $-0.0286013$ & $0.35131$ & $0.0624107$ & $0.56437$ & $-0.310403$ & $-0.3252$ & $0.0187069$ & $-0.0638171$ & $-0.0539932$ & $0.0793924$ & $-0.0926279$ & $-0.400721$ & $-0.0364515$ & $0.00766108$ & $-0.0109829$ & $-0.0412407$ & $-0.015621$ & $-0.00338657$ & $0.00706351$ & $-0.011653$ & $-0.0471644$ & $-0.0224889$ & $-0.0126486$ & $0.0482275$ & $0.00837709$ & $-0.0094627$ & $-0.0344672$ \\
CHbox & $-0.0167614$ & $0.0321428$ & $-0.00971717$ & $-0.0261879$ & $-0.0336094$ & $0.0455169$ & $-0.165432$ & $-0.0105052$ & $0.00171647$ & $0.35031$ & $0.144095$ & $1$ & $0.577787$ & $-0.285113$ & $0.00402746$ & $0.0127603$ & $-0.278149$ & $-0.244286$ & $-0.249069$ & $-0.127075$ & $-0.143728$ & $-0.14251$ & $0.0121188$ & $-0.12541$ & $-0.239402$ & $0.070512$ & $-0.0440277$ & $-0.0664543$ & $0.0578922$ & $0.307054$ & $0.0759859$ & $-0.076074$ & $0.326972$ & $-0.0169969$ & $0.100832$ & $0.0861477$ & $-0.0263353$ & $-0.00524395$ & $-0.0012557$ & $-0.0231322$ & $-0.043431$ & $-0.0236938$ & $-0.0215453$ & $0.0226234$ & $0.0134224$ & $0.000429225$ & $-0.00244948$ & $0.000541797$ & $-0.0270701$ \\
CH & $-0.0219183$ & $-0.023297$ & $-0.0124878$ & $-0.0243383$ & $0.010447$ & $-0.0102653$ & $-0.274987$ & $0.361636$ & $0.35802$ & $-0.281994$ & $-0.181395$ & $0.577787$ & $1$ & $-0.259917$ & $0.0731187$ & $0.0824104$ & $-0.382962$ & $-0.402548$ & $-0.409783$ & $0.176714$ & $0.191946$ & $0.187299$ & $0.0534798$ & $-0.394052$ & $-0.380476$ & $-0.119228$ & $0.164115$ & $0.0587753$ & $0.0404305$ & $0.270046$ & $0.131434$ & $-0.223047$ & $0.294816$ & $0.230232$ & $0.0638355$ & $0.0115905$ & $0.0151801$ & $0.0219908$ & $-0.00399003$ & $-0.0094446$ & $-0.00875608$ & $-0.00227244$ & $0.0320699$ & $0.0203375$ & $-0.00402666$ & $-0.00587435$ & $0.0219227$ & $-0.0169218$ & $-0.0127189$ \\
CHL1_11 & $-0.00459775$ & $-0.00094062$ & $-0.0154616$ & $0.0228152$ & $0.0091507$ & $0.0520657$ & $0.0495624$ & $0.0506157$ & $0.0452765$ & $0.238085$ & $-0.472265$ & $-0.285113$ & $-0.259917$ & $1$ & $0.266042$ & $0.275581$ & $0.667395$ & $0.607967$ & $0.584181$ & $0.495377$ & $0.428561$ & $0.418064$ & $-0.110088$ & $0.471931$ & $0.607394$ & $-0.221578$ & $-0.125273$ & $0.150775$ & $-0.0400337$ & $-0.0811243$ & $-0.00874131$ & $0.0246961$ & $-0.0495248$ & $-0.236632$ & $-0.0341094$ & $0.00133798$ & $0.00334968$ & $0.00620082$ & $0.0227428$ & $0.0265654$ & $-0.0149642$ & $0.00941433$ & $-0.0188502$ & $0.0306087$ & $0.00856965$ & $-0.033915$ & $0.000754141$ & $0.0230955$ & $0.0491263$ \\
CHL1_22 & $-0.00856276$ & $-0.0347938$ & $-0.00464953$ & $0.0212138$ & $-0.020226$ & $-0.0734849$ & $-0.00356615$ & $0.28007$ & $0.278447$ & $-0.122684$ & $-0.40785$ & $0.00402746$ & $0.0731187$ & $0.266042$ & $1$ & $0.441299$ & $0.163154$ & $-0.437984$ & $-0.0418599$ & $0.473237$ & $0.326046$ & $0.310492$ & $-0.163232$ & $0.102535$ & $-0.131276$ & $-0.185939$ & $-0.389431$ & $0.101689$ & $-0.0354711$ & $0.0307868$ & $0.0305108$ & $0.00280441$ & $0.035536$ & $-0.572167$ & $0.0299151$ & $-0.0134256$ & $0.0103675$ & $0.0318698$ & $-0.00842032$ & $-0.00236242$ & $-0.0035289$ & $-0.0160754$ & $0.0346667$ & $0.00237039$ & $0.0191074$ & $-0.0326512$ & $0.0296717$ & $0.024968$ & $-0.0114675$ \\
CHL1_33 & $-0.0791241$ & $-0.0118548$ & $-0.0258546$ & $-0.0208189$ & $-0.019719$ & $-0.0689347$ & $-0.0332536$ & $0.304142$ & $0.301606$ & $-0.129157$ & $-0.432438$ & $0.0127603$ & $0.0824104$ & $0.275581$ & $0.441299$ & $1$ & $0.163663$ & $-0.0210993$ & $-0.443382$ & $0.496568$ & $0.354251$ & $0.357032$ & $-0.136814$ & $0.0931317$ & $-0.114536$ & $-0.219749$ & $-0.356115$ & $0.0804341$ & $-0.0115763$ & $0.0332728$ & $0.0342953$ & $-0.0276827$ & $0.0495475$ & $-0.0700938$ & $-0.00803928$ & $-0.00469312$ & $0.0104977$ & $0.0438617$ & $0.0266562$ & $-0.0190531$ & $0.000400951$ & $-0.00440928$ & $0.047146$ & $0.00757431$ & $0.0216971$ & $-0.0559715$ & $0.0111348$ & $0.0369757$ & $-0.0107325$ \\
CHL3_11 & $0.000580184$ & $0.028745$ & $-0.0076911$ & $0.0396088$ & $-0.0126183$ & $-0.220167$ & $0.0859468$ & $-0.290625$ & $-0.291488$ & $0.455804$ & $-0.164776$ & $-0.278149$ & $-0.382962$ & $0.667395$ & $0.163154$ & $0.163663$ & $1$ & $0.746264$ & $0.732712$ & $0.193179$ & $0.127169$ & $0.11955$ & $-0.0857105$ & $0.690835$ & $0.784024$ & $-0.0764372$ & $-0.201828$ & $0.0590251$ & $-0.0415459$ & $-0.128047$ & $-0.0317367$ & $0.0534653$ & $-0.102468$ & $-0.297197$ & $-0.0402092$ & $0.0027872$ & $0.0109477$ & $-0.0163971$ & $-0.00220622$ & $0.0129678$ & $-0.038496$ & $0.00179986$ & $-0.0476749$ & $0.0265228$ & $0.0169083$ & $-0.00153733$ & $0.025415$ & $0.0200916$ & $0.0333817$ \\
CHL3_22 & $-0.00249874$ & $0.0391985$ & $-0.00631778$ & $0.0133634$ & $0.0109816$ & $-0.0131154$ & $0.0878047$ & $-0.468098$ & $-0.466406$ & $0.508577$ & $0.103238$ & $-0.244286$ & $-0.402548$ & $0.607967$ & $-0.437984$ & $-0.0210993$ & $0.746264$ & $1$ & $0.683584$ & $-0.099685$ & $-0.103973$ & $-0.0989671$ & $-0.0235205$ & $0.635526$ & $0.803818$ & $0.0650776$ & $-0.0481729$ & $-0.0245369$ & $-0.0169376$ & $-0.136064$ & $-0.0474522$ & $0.0545277$ & $-0.115695$ & $-0.0246992$ & $-0.0619203$ & $0.0117148$ & $-0.00181744$ & $-0.0300198$ & $0.0177967$ & $0.0210008$ & $-0.0234451$ & $0.0102949$ & $-0.0612962$ & $0.0244313$ & $0.00186713$ & $0.00598522$ & $-0.00133527$ & $0.0134542$ & $0.0380521$ \\
CHL3_33 & $0.0504875$ & $0.0179642$ & $0.000972708$ & $0.04728$ & $0.0125544$ & $-0.0132439$ & $0.106901$ & $-0.493243$ & $-0.491494$ & $0.512681$ & $0.137334$ & $-0.249069$ & $-0.409783$ & $0.584181$ & $-0.0418599$ & $-0.443382$ & $0.732712$ & $0.683584$ & $1$ & $-0.135712$ & $-0.136723$ & $-0.125342$ & $-0.037588$ & $0.635881$ & $0.79074$ & $0.0976258$ & $-0.0556767$ & $-0.010213$ & $-0.0383989$ & $-0.137881$ & $-0.0533328$ & $0.0752262$ & $-0.123837$ & $-0.392206$ & $-0.042592$ & $0.00485131$ & $-0.00560702$ & $-0.0391209$ & $-0.00905144$ & $0.0294677$ & $-0.0246866$ & $0.00951772$ & $-0.0742409$ & $0.0136128$ & $0.000780187$ & $0.0207416$ & $0.00262009$ & $0.000294576$ & $0.0391229$ \\
CHe_11 & $-0.0131897$ & $-0.0228784$ & $-0.0115943$ & $0.011266$ & $-0.0205009$ & $-0.188062$ & $-0.0783116$ & $0.849251$ & $0.833706$ & $-0.371146$ & $-0.990244$ & $-0.127075$ & $0.176714$ & $0.495377$ & $0.473237$ & $0.496568$ & $0.193179$ & $-0.099685$ & $-0.135712$ & $1$ & $0.973037$ & $0.950762$ & $0.0025834$ & $-0.293491$ & $-0.0515359$ & $-0.553539$ & $0.233671$ & $0.315879$ & $-0.0222328$ & $0.0603169$ & $0.0520745$ & $-0.0722928$ & $0.0874032$ & $0.322193$ & $0.0405529$ & $-0.00658873$ & $0.011076$ & $0.0431076$ & $0.0204781$ & $0.00477565$ & $-0.0105352$ & $0.0104178$ & $0.0450778$ & $0.0238401$ & $0.0176611$ & $-0.0502387$ & $-0.00400312$ & $0.0138216$ & $0.0290678$ \\
CHe_22 & $-0.00650937$ & $-0.0182759$ & $-0.0138886$ & $0.0106625$ & $-0.0166099$ & $-0.198332$ & $-0.089709$ & $0.898928$ & $0.881672$ & $-0.410209$ & $-0.991304$ & $-0.143728$ & $0.191946$ & $0.428561$ & $0.326046$ & $0.354251$ & $0.127169$ & $-0.103973$ & $-0.136723$ & $0.973037$ & $1$ & $0.976172$ & $0.0563214$ & $-0.407085$ & $-0.0735518$ & $-0.567978$ & $0.388708$ & $0.331629$ & $-0.0163052$ & $0.0669477$ & $0.0538728$ & $-0.0830863$ & $0.0954135$ & $0.484482$ & $0.0413512$ & $-0.00697348$ & $0.00961062$ & $0.0390588$ & $0.0153447$ & $0.00324013$ & $-0.0117265$ & $0.0157917$ & $0.043335$ & $0.0216836$ & $0.013895$ & $-0.0458579$ & $-0.00905354$ & $0.00405615$ & $0.0370087$ \\
CHe_33 & $-0.00666728$ & $-0.0227327$ & $-0.0253903$ & $0.0116298$ & $-0.00904568$ & $-0.189043$ & $-0.0910038$ & $0.881806$ & $0.863406$ & $-0.403065$ & $-0.969878$ & $-0.14251$ & $0.187299$ & $0.418064$ & $0.310492$ & $0.357032$ & $0.11955$ & $-0.0989671$ & $-0.125342$ & $0.950762$ & $0.976172$ & $1$ & $0.05686$ & $-0.400467$ & $-0.0716648$ & $-0.55448$ & $0.389224$ & $0.324694$ & $-0.0158029$ & $0.0646708$ & $0.0475979$ & $-0.0845969$ & $0.0909389$ & $0.483478$ & $0.0408243$ & $-0.0088938$ & $0.00883595$ & $0.0382809$ & $0.0145322$ & $0.00940064$ & $-0.0100549$ & $0.0187365$ & $0.0394798$ & $0.00792922$ & $0.0162382$ & $-0.0481475$ & $-0.0188992$ & $-0.00320973$ & $0.0374186$ \\
CHQ1_11 & $0.00802741$ & $0.0174025$ & $-0.00202818$ & $-0.00117106$ & $0.00576434$ & $-0.0525818$ & $-0.0485623$ & $0.0922161$ & $0.088844$ & $-0.0663952$ & $-0.0286013$ & $0.0121188$ & $0.0534798$ & $-0.110088$ & $-0.163232$ & $-0.136814$ & $-0.0857105$ & $-0.0235205$ & $-0.037588$ & $0.0025834$ & $0.0563214$ & $0.05686$ & $1$ & $-0.147299$ & $0.0537261$ & $-0.689106$ & $0.357127$ & $0.0601934$ & $0.0548704$ & $0.0073372$ & $-0.00425988$ & $-0.0546232$ & $-0.00115918$ & $0.220162$ & $-0.0115165$ & $0.00337611$ & $0.0408944$ & $-0.0201831$ & $-0.0124874$ & $0.0118791$ & $0.00659452$ & $-0.0160341$ & $0.0053128$ & $0.00174481$ & $0.0244571$ & $0.0518552$ & $-0.0250228$ & $-0.010111$ & $-0.0049839$ \\
CHQ1_33 & $-0.0621682$ & $0.0322787$ & $0.00733304$ & $-0.00396369$ & $-0.000627702$ & $0.0483449$ & $0.118799$ & $-0.703326$ & $-0.694062$ & $0.583229$ & $0.35131$ & $-0.12541$ & $-0.394052$ & $0.471931$ & $0.102535$ & $0.0931317$ & $0.690835$ & $0.635526$ & $0.635881$ & $-0.293491$ & $-0.407085$ & $-0.400467$ & $-0.147299$ & $1$ & $0.658917$ & $0.224838$ & $-0.448452$ & $-0.0357851$ & $-0.0353169$ & $-0.128901$ & $-0.0503677$ & $0.0893143$ & $-0.137232$ & $-0.657634$ & $-0.0580397$ & $-0.00107838$ & $0.00492907$ & $-0.0300661$ & $0.0028743$ & $0.0139706$ & $-0.0177378$ & $-0.00675063$ & $-0.0597905$ & $0.0227291$ & $0.0193441$ & $-0.00111995$ & $0.0267827$ & $0.00916345$ & $-0.0105506$ \\
CHQ3_11 & $-0.091868$ & $0.029176$ & $-0.000517408$ & $0.0208376$ & $0.00719634$ & $-0.0466537$ & $0.072266$ & $-0.439914$ & $-0.438707$ & $0.493429$ & $0.0624107$ & $-0.239402$ & $-0.380476$ & $0.607394$ & $-0.131276$ & $-0.114536$ & $0.784024$ & $0.803818$ & $0.79074$ & $-0.0515359$ & $-0.0735518$ & $-0.0716648$ & $0.0537261$ & $0.658917$ & $1$ & $0.0491919$ & $0.155247$ & $0.0139506$ & $-0.0297804$ & $-0.142688$ & $-0.0288574$ & $0.0371422$ & $-0.121684$ & $-0.245687$ & $-0.0494693$ & $0.0127788$ & $-0.00968859$ & $-0.0262201$ & $0.0378904$ & $0.0289175$ & $-0.0421192$ & $-0.00683504$ & $-0.0630826$ & $0.0307297$ & $0.0128477$ & $0.012955$ & $0.0422068$ & $-0.00595156$ & $0.0334684$ \\
CHu_11 & $-0.0227165$ & $0.0103241$ & $-0.00575292$ & $-0.00507203$ & $-0.00768706$ & $0.143446$ & $0.0665729$ & $-0.515052$ & $-0.50441$ & $0.237346$ & $0.56437$ & $0.070512$ & $-0.119228$ & $-0.221578$ & $-0.185939$ & $-0.219749$ & $-0.0764372$ & $0.0650776$ & $0.0976258$ & $-0.553539$ & $-0.567978$ & $-0.55448$ & $-0.689106$ & $0.224838$ & $0.0491919$ & $1$ & $-0.19918$ & $-0.223167$ & $-0.0335748$ & $-0.0399891$ & $-0.0246427$ & $0.0665928$ & $-0.0548614$ & $-0.287176$ & $-0.0130316$ & $0.0040244$ & $-0.0433424$ & $-0.00229943$ & $0.0122851$ & $-0.00562185$ & $0.0017059$ & $0.00697122$ & $-0.0161283$ & $-0.0121487$ & $-0.0286917$ & $-0.0100393$ & $0.0278388$ & $-0.00435647$ & $-0.0179681$ \\
CHd_11 & $0.0156553$ & $0.00533686$ & $0.0085655$ & $0.0139344$ & $-0.00260885$ & $-0.092555$ & $-0.098407$ & $0.447266$ & $0.436193$ & $-0.271945$ & $-0.310403$ & $-0.0440277$ & $0.164115$ & $-0.125273$ & $-0.389431$ & $-0.356115$ & $-0.201828$ & $-0.0481729$ & $-0.0556767$ & $0.233671$ & $0.388708$ & $0.389224$ & $0.357127$ & $-0.448452$ & $0.155247$ & $-0.19918$ & $1$ & $0.15341$ & $0.0225066$ & $0.0333763$ & $0.0284276$ & $-0.0974377$ & $0.0421187$ & $0.690712$ & $0.022727$ & $0.0106163$ & $-0.00738565$ & $-0.0023423$ & $0.0247749$ & $0.0129772$ & $-0.00613832$ & $0.0019068$ & $0.0186078$ & $0.00914858$ & $-0.0023351$ & $0.012421$ & $0.00481638$ & $-0.0425266$ & $0.0270522$ \\
CHd_33 & $-0.00277986$ & $0.0337408$ & $0.0252344$ & $-0.0161251$ & $0.00343616$ & $-0.0681363$ & $-0.0359899$ & $0.290295$ & $0.284474$ & $-0.142364$ & $-0.3252$ & $-0.0664543$ & $0.0587753$ & $0.150775$ & $0.101689$ & $0.0804341$ & $0.0590251$ & $-0.0245369$ & $-0.010213$ & $0.315879$ & $0.331629$ & $0.324694$ & $0.0601934$ & $-0.0357851$ & $0.0139506$ & $-0.223167$ & $0.15341$ & $1$ & $-0.0155667$ & $0.015332$ & $0.0280011$ & $-0.0324034$ & $0.0281106$ & $0.163412$ & $-0.00103508$ & $-0.0111487$ & $0.00131073$ & $0.018147$ & $-0.00713712$ & $0.0130909$ & $0.0282812$ & $-0.00493664$ & $5.18339e-06$ & $0.000702544$ & $-0.0099092$ & $-0.0189057$ & $-0.00194147$ & $-0.0107068$ & $0.01105$ \\
CeH_22r & $0.0206627$ & $0.0357262$ & $0.0387696$ & $0.000795559$ & $-0.0289561$ & $0.0108432$ & $0.0046712$ & $0.00375255$ & $0.0105703$ & $-0.000966864$ & $0.0187069$ & $0.0578922$ & $0.0404305$ & $-0.0400337$ & $-0.0354711$ & $-0.0115763$ & $-0.0415459$ & $-0.0169376$ & $-0.0383989$ & $-0.0222328$ & $-0.0163052$ & $-0.0158029$ & $0.0548704$ & $-0.0353169$ & $-0.0297804$ & $-0.0335748$ & $0.0225066$ & $-0.0155667$ & $1$ & $0.0593072$ & $0.02001$ & $-0.0122698$ & $0.0360417$ & $0.0374153$ & $-0.0158462$ & $-0.0273381$ & $-0.0219967$ & $-0.00166352$ & $0.0027243$ & $-0.000765239$ & $-0.0171842$ & $-0.0201129$ & $0.00752989$ & $0.0297627$ & $0.0482089$ & $0.00617792$ & $-0.0130981$ & $-0.0110754$ & $0.00324068$ \\
CeH_33r & $-0.00587633$ & $-0.0190388$ & $-0.0190725$ & $0.00198225$ & $0.00905428$ & $-0.026326$ & $-0.120772$ & $0.122845$ & $0.141955$ & $-0.140252$ & $-0.0638171$ & $0.307054$ & $0.270046$ & $-0.0811243$ & $0.0307868$ & $0.0332728$ & $-0.128047$ & $-0.136064$ & $-0.137881$ & $0.0603169$ & $0.0669477$ & $0.0646708$ & $0.0073372$ & $-0.128901$ & $-0.142688$ & $-0.0399891$ & $0.0333763$ & $0.015332$ & $0.0593072$ & $1$ & $0.305164$ & $0.0262725$ & $0.656982$ & $0.0723781$ & $-0.0536881$ & $-0.0416199$ & $-0.173394$ & $-0.0177108$ & $-0.0371441$ & $-0.0601739$ & $-0.0144429$ & $0.0170219$ & $0.00443978$ & $-0.00374325$ & $0.107176$ & $0.00876638$ & $-0.0181738$ & $0.00687791$ & $0.0232785$ \\
CuH_22r & $-0.0503997$ & $-0.00880982$ & $-0.0133727$ & $-0.0156663$ & $-0.008058$ & $-0.0231053$ & $-0.0748356$ & $0.0676423$ & $0.0780918$ & $-0.0887895$ & $-0.0539932$ & $0.0759859$ & $0.131434$ & $-0.00874131$ & $0.0305108$ & $0.0342953$ & $-0.0317367$ & $-0.0474522$ & $-0.0533328$ & $0.0520745$ & $0.0538728$ & $0.0475979$ & $-0.00425988$ & $-0.0503677$ & $-0.0288574$ & $-0.0246427$ & $0.0284276$ & $0.0280011$ & $0.02001$ & $0.305164$ & $1$ & $0.0143405$ & $0.343605$ & $0.0326858$ & $0.014793$ & $-0.00769477$ & $-0.0931798$ & $-0.0365671$ & $0.0230686$ & $-0.00676945$ & $-0.0124481$ & $-0.0166346$ & $0.0513405$ & $-0.0140948$ & $0.0171886$ & $0.0757293$ & $0.353467$ & $-0.0231231$ & $0.0227828$ \\
CuH_33r & $0.000302668$ & $0.018842$ & $0.0574283$ & $-0.0417198$ & $0.00865898$ & $-0.0154922$ & $0.938241$ & $-0.106245$ & $-0.060313$ & $0.089496$ & $0.0793924$ & $-0.076074$ & $-0.223047$ & $0.0246961$ & $0.00280441$ & $-0.0276827$ & $0.0534653$ & $0.0545277$ & $0.0752262$ & $-0.0722928$ & $-0.0830863$ & $-0.0845969$ & $-0.0546232$ & $0.0893143$ & $0.0371422$ & $0.0665928$ & $-0.0974377$ & $-0.0324034$ & $-0.0122698$ & $0.0262725$ & $0.0143405$ & $1$ & $0.0322802$ & $-0.0912368$ & $0.0834894$ & $-0.0346115$ & $-0.0279496$ & $-0.00493815$ & $0.0029418$ & $-0.026661$ & $0.00087213$ & $0.00580677$ & $0.00101677$ & $-0.0102461$ & $-0.0101354$ & $-0.0346697$ & $-0.00861698$ & $0.0267301$ & $0.0139766$ \\
CdH_33r & $0.0457998$ & $-0.00132484$ & $-0.0211069$ & $0.0320777$ & $-0.018867$ & $-0.0205455$ & $-0.139265$ & $0.137095$ & $0.150761$ & $-0.15071$ & $-0.0926279$ & $0.326972$ & $0.294816$ & $-0.0495248$ & $0.035536$ & $0.0495475$ & $-0.102468$ & $-0.115695$ & $-0.123837$ & $0.0874032$ & $0.0954135$ & $0.0909389$ & $-0.00115918$ & $-0.137232$ & $-0.121684$ & $-0.0548614$ & $0.0421187$ & $0.0281106$ & $0.0360417$ & $0.656982$ & $0.343605$ & $0.0322802$ & $1$ & $0.0813624$ & $-0.0340177$ & $-0.0362902$ & $-0.200524$ & $-0.0258284$ & $-0.0331672$ & $-0.0587238$ & $-0.0549961$ & $0.00896186$ & $-0.0320775$ & $-0.00665978$ & $0.0476742$ & $0.0308197$ & $-0.0270491$ & $0.127609$ & $0.47066$ \\
CLL_1221 & $-0.00658642$ & $0.0380412$ & $-0.00718116$ & $-0.0160826$ & $-0.00561905$ & $-0.145726$ & $-0.102024$ & $0.598682$ & $0.585882$ & $-0.388269$ & $-0.400721$ & $-0.0169969$ & $0.230232$ & $-0.236632$ & $-0.572167$ & $-0.0700938$ & $-0.297197$ & $-0.0246992$ & $-0.392206$ & $0.322193$ & $0.484482$ & $0.483478$ & $0.220162$ & $-0.657634$ & $-0.245687$ & $-0.287176$ & $0.690712$ & $0.163412$ & $0.0374153$ & $0.0723781$ & $0.0326858$ & $-0.0912368$ & $0.0813624$ & $1$ & $0.0324267$ & $0.0036463$ & $0.00348418$ & $0.0104252$ & $0.016002$ & $-0.00583529$ & $-0.00611283$ & $0.020106$ & $0.0268545$ & $0.00422607$ & $-0.00390673$ & $-0.00505454$ & $-0.024893$ & $-0.0283416$ & $0.0250843$ \\
eHggint & $-0.0205173$ & $0.106661$ & $0.0457748$ & $-0.088044$ & $-0.0467519$ & $-0.0168144$ & $-0.0136971$ & $0.0567726$ & $0.0327273$ & $-0.00804342$ & $-0.0364515$ & $0.100832$ & $0.0638355$ & $-0.0341094$ & $0.0299151$ & $-0.00803928$ & $-0.0402092$ & $-0.0619203$ & $-0.042592$ & $0.0405529$ & $0.0413512$ & $0.0408243$ & $-0.0115165$ & $-0.0580397$ & $-0.0494693$ & $-0.0130316$ & $0.022727$ & $-0.00103508$ & $-0.0158462$ & $-0.0536881$ & $0.014793$ & $0.0834894$ & $-0.0340177$ & $0.0324267$ & $1$ & $0.101329$ & $0.0472756$ & $0.0372126$ & $0.176356$ & $-0.00266278$ & $-0.0322376$ & $-0.0276126$ & $-0.0631032$ & $-0.00403668$ & $0.0828913$ & $0.016602$ & $0.0174569$ & $0.00809757$ & $0.0327272$ \\
eHggpar & $0.0340073$ & $0.0197965$ & $-0.0140147$ & $0.0317391$ & $-0.0257353$ & $-0.00433891$ & $-0.0881756$ & $-0.00943296$ & $-0.0302089$ & $0.0478581$ & $0.00766108$ & $0.0861477$ & $0.0115905$ & $0.00133798$ & $-0.0134256$ & $-0.00469312$ & $0.0027872$ & $0.0117148$ & $0.00485131$ & $-0.00658873$ & $-0.00697348$ & $-0.0088938$ & $0.00337611$ & $-0.00107838$ & $0.0127788$ & $0.0040244$ & $0.0106163$ & $-0.0111487$ & $-0.0273381$ & $-0.0416199$ & $-0.00769477$ & $-0.0346115$ & $-0.0362902$ & $0.0036463$ & $0.101329$ & $1$ & $-0.0516861$ & $-0.0178382$ & $0.065544$ & $0.0569605$ & $-0.0916166$ & $-0.0783565$ & $-0.0596088$ & $-0.00680398$ & $0.0534601$ & $-0.00284035$ & $0.0567038$ & $0.0146425$ & $-0.0176357$ \\
eHWWint & $0.0291267$ & $0.0251516$ & $0.0233847$ & $-0.0227582$ & $-0.0420318$ & $-0.00954448$ & $0.00264561$ & $0.00742631$ & $0.00111736$ & $-0.0204872$ & $-0.0109829$ & $-0.0263353$ & $0.0151801$ & $0.00334968$ & $0.0103675$ & $0.0104977$ & $0.0109477$ & $-0.00181744$ & $-0.00560702$ & $0.011076$ & $0.00961062$ & $0.00883595$ & $0.0408944$ & $0.00492907$ & $-0.00968859$ & $-0.0433424$ & $-0.00738565$ & $0.00131073$ & $-0.0219967$ & $-0.173394$ & $-0.0931798$ & $-0.0279496$ & $-0.200524$ & $0.00348418$ & $0.0472756$ & $-0.0516861$ & $1$ & $0.0274117$ & $0.0367654$ & $0.00772088$ & $0.0358915$ & $-0.00226508$ & $0.104789$ & $0.0765123$ & $-0.0340613$ & $-0.090028$ & $-0.0116053$ & $-0.0259275$ & $-0.00363934$ \\
eHWWpar & $-0.0288293$ & $-0.021532$ & $0.027439$ & $-0.0159887$ & $0.0207121$ & $-0.0265457$ & $-0.00179887$ & $0.0463147$ & $0.0447959$ & $-0.0392845$ & $-0.0412407$ & $-0.00524395$ & $0.0219908$ & $0.00620082$ & $0.0318698$ & $0.0438617$ & $-0.0163971$ & $-0.0300198$ & $-0.0391209$ & $0.0431076$ & $0.0390588$ & $0.0382809$ & $-0.0201831$ & $-0.0300661$ & $-0.0262201$ & $-0.00229943$ & $-0.0023423$ & $0.018147$ & $-0.00166352$ & $-0.0177108$ & $-0.0365671$ & $-0.00493815$ & $-0.0258284$ & $0.0104252$ & $0.0372126$ & $-0.0178382$ & $0.0274117$ & $1$ & $0.0245705$ & $-0.00493231$ & $0.0175036$ & $0.004051$ & $0.0640881$ & $-0.0260003$ & $-0.000690345$ & $-0.0388451$ & $0.0165232$ & $0.00845327$ & $-0.0205605$ \\
eHZZint & $-0.159194$ & $0.0163177$ & $0.0889092$ & $0.0367169$ & $-0.0569529$ & $0.00369738$ & $-0.0193991$ & $0.0123499$ & $0.00579996$ & $-0.00166448$ & $-0.015621$ & $-0.0012557$ & $-0.00399003$ & $0.0227428$ & $-0.00842032$ & $0.0266562$ & $-0.00220622$ & $0.0177967$ & $-0.00905144$ & $0.0204781$ & $0.0153447$ & $0.0145322$ & $-0.0124874$ & $0.0028743$ & $0.0378904$ & $0.0122851$ & $0.0247749$ & $-0.00713712$ & $0.0027243$ & $-0.0371441$ & $0.0230686$ & $0.0029418$ & $-0.0331672$ & $0.016002$ & $0.176356$ & $0.065544$ & $0.0367654$ & $0.0245705$ & $1$ & $-0.000638561$ & $-0.0526728$ & $-0.0282106$ & $-0.0238603$ & $0.0640963$ & $0.0529711$ & $-0.0250613$ & $0.11971$ & $-0.0965042$ & $0.051443$ \\
eHZZpar & $-0.0158115$ & $0.00548468$ & $0.0046078$ & $-0.00641122$ & $0.0364116$ & $0.00217723$ & $-0.0226397$ & $-0.00624531$ & $-0.00347479$ & $0.00566392$ & $-0.00338657$ & $-0.0231322$ & $-0.0094446$ & $0.0265654$ & $-0.00236242$ & $-0.0190531$ & $0.0129678$ & $0.0210008$ & $0.0294677$ & $0.00477565$ & $0.00324013$ & $0.00940064$ & $0.0118791$ & $0.0139706$ & $0.0289175$ & $-0.00562185$ & $0.0129772$ & $0.0130909$ & $-0.000765239$ & $-0.0601739$ & $-0.00676945$ & $-0.026661$ & $-0.0587238$ & $-0.00583529$ & $-0.00266278$ & $0.0569605$ & $0.00772088$ & $-0.00493231$ & $-0.000638561$ & $1$ & $0.0255165$ & $0.00855263$ & $0.0217309$ & $0.0186966$ & $-0.0329957$ & $0.0373888$ & $0.00408434$ & $-0.0055165$ & $-0.0523546$ \\
eHZgaint & $0.133271$ & $-0.103776$ & $0.0309926$ & $-0.0371979$ & $-0.0532025$ & $0.0275746$ & $0.0068743$ & $0.00630024$ & $0.00942614$ & $-0.0703273$ & $0.00706351$ & $-0.043431$ & $-0.00875608$ & $-0.0149642$ & $-0.0035289$ & $0.000400951$ & $-0.038496$ & $-0.0234451$ & $-0.0246866$ & $-0.0105352$ & $-0.0117265$ & $-0.0100549$ & $0.00659452$ & $-0.0177378$ & $-0.0421192$ & $0.0017059$ & $-0.00613832$ & $0.0282812$ & $-0.0171842$ & $-0.0144429$ & $-0.0124481$ & $0.00087213$ & $-0.0549961$ & $-0.00611283$ & $-0.0322376$ & $-0.0916166$ & $0.0358915$ & $0.0175036$ & $-0.0526728$ & $0.0255165$ & $1$ & $0.0362918$ & $0.013048$ & $0.0607566$ & $-0.135883$ & $-0.0166484$ & $-0.0110254$ & $0.0461457$ & $-0.147254$ \\
eHZgapar & $-0.00724515$ & $0.0646293$ & $-0.0101408$ & $0.0679876$ & $0.00942195$ & $0.00685368$ & $0.0166029$ & $0.00902357$ & $0.0117313$ & $0.000400742$ & $-0.011653$ & $-0.0236938$ & $-0.00227244$ & $0.00941433$ & $-0.0160754$ & $-0.00440928$ & $0.00179986$ & $0.0102949$ & $0.00951772$ & $0.0104178$ & $0.0157917$ & $0.0187365$ & $-0.0160341$ & $-0.00675063$ & $-0.00683504$ & $0.00697122$ & $0.0019068$ & $-0.00493664$ & $-0.0201129$ & $0.0170219$ & $-0.0166346$ & $0.00580677$ & $0.00896186$ & $0.020106$ & $-0.0276126$ & $-0.0783565$ & $-0.00226508$ & $0.004051$ & $-0.0282106$ & $0.00855263$ & $0.0362918$ & $1$ & $0.012279$ & $-0.0126978$ & $0.0318686$ & $0.00787759$ & $-0.0352757$ & $0.0131191$ & $0.0331842$ \\
eHgagaint & $0.0744461$ & $-0.0790669$ & $0.100844$ & $-0.0117165$ & $0.0122155$ & $-0.03359$ & $0.00397291$ & $0.0692711$ & $0.133766$ & $-0.0637408$ & $-0.0471644$ & $-0.0215453$ & $0.0320699$ & $-0.0188502$ & $0.0346667$ & $0.047146$ & $-0.0476749$ & $-0.0612962$ & $-0.0742409$ & $0.0450778$ & $0.043335$ & $0.0394798$ & $0.0053128$ & $-0.0597905$ & $-0.0630826$ & $-0.0161283$ & $0.0186078$ & $5.18339e-06$ & $0.00752989$ & $0.00443978$ & $0.0513405$ & $0.00101677$ & $-0.0320775$ & $0.0268545$ & $-0.0631032$ & $-0.0596088$ & $0.104789$ & $0.0640881$ & $-0.0238603$ & $0.0217309$ & $0.013048$ & $0.012279$ & $1$ & $0.0356228$ & $-0.0533921$ & $-0.0170952$ & $0.109023$ & $0.0916372$ & $-0.091183$ \\
eHmumuint & $-0.068935$ & $-0.0141833$ & $-0.0406652$ & $0.0258499$ & $0.00535951$ & $0.00302053$ & $-0.0106192$ & $0.00862731$ & $0.00724251$ & $0.0113833$ & $-0.0224889$ & $0.0226234$ & $0.0203375$ & $0.0306087$ & $0.00237039$ & $0.00757431$ & $0.0265228$ & $0.0244313$ & $0.0136128$ & $0.0238401$ & $0.0216836$ & $0.00792922$ & $0.00174481$ & $0.0227291$ & $0.0307297$ & $-0.0121487$ & $0.00914858$ & $0.000702544$ & $0.0297627$ & $-0.00374325$ & $-0.0140948$ & $-0.0102461$ & $-0.00665978$ & $0.00422607$ & $-0.00403668$ & $-0.00680398$ & $0.0765123$ & $-0.0260003$ & $0.0640963$ & $0.0186966$ & $0.0607566$ & $-0.0126978$ & $0.0356228$ & $1$ & $0.0933812$ & $-0.0255488$ & $-0.0389463$ & $0.00200766$ & $-0.0302434$ \\
eHtautauint & $-0.0719659$ & $0.0622041$ & $0.0673626$ & $0.0168391$ & $-0.0221618$ & $-0.00476013$ & $-0.0285414$ & $0.00548359$ & $-0.0060667$ & $0.00176492$ & $-0.0126486$ & $0.0134224$ & $-0.00402666$ & $0.00856965$ & $0.0191074$ & $0.0216971$ & $0.0169083$ & $0.00186713$ & $0.000780187$ & $0.0176611$ & $0.013895$ & $0.0162382$ & $0.0244571$ & $0.0193441$ & $0.0128477$ & $-0.0286917$ & $-0.0023351$ & $-0.0099092$ & $0.0482089$ & $0.107176$ & $0.0171886$ & $-0.0101354$ & $0.0476742$ & $-0.00390673$ & $0.0828913$ & $0.0534601$ & $-0.0340613$ & $-0.000690345$ & $0.0529711$ & $-0.0329957$ & $-0.135883$ & $0.0318686$ & $-0.0533921$ & $0.0933812$ & $1$ & $-0.0167705$ & $0.00266176$ & $-0.00784046$ & $0.055873$ \\
eHccint & $0.0355294$ & $-0.037996$ & $0.0576761$ & $-0.0642716$ & $0.00875101$ & $0.00666037$ & $-0.0345002$ & $-0.0387236$ & $-0.0377165$ & $0.0119294$ & $0.0482275$ & $0.000429225$ & $-0.00587435$ & $-0.033915$ & $-0.0326512$ & $-0.0559715$ & $-0.00153733$ & $0.00598522$ & $0.0207416$ & $-0.0502387$ & $-0.0458579$ & $-0.0481475$ & $0.0518552$ & $-0.00111995$ & $0.012955$ & $-0.0100393$ & $0.012421$ & $-0.0189057$ & $0.00617792$ & $0.00876638$ & $0.0757293$ & $-0.0346697$ & $0.0308197$ & $-0.00505454$ & $0.016602$ & $-0.00284035$ & $-0.090028$ & $-0.0388451$ & $-0.0250613$ & $0.0373888$ & $-0.0166484$ & $0.00787759$ & $-0.0170952$ & $-0.0255488$ & $-0.0167705$ & $1$ & $0.00692784$ & $-0.0487726$ & $0.00025446$ \\
eHccpar & $-0.10452$ & $0.0341023$ & $0.0300594$ & $-0.0250579$ & $0.0297157$ & $-0.0113479$ & $-0.016298$ & $-0.0149934$ & $-0.00967709$ & $0.0160123$ & $0.00837709$ & $-0.00244948$ & $0.0219227$ & $0.000754141$ & $0.0296717$ & $0.0111348$ & $0.025415$ & $-0.00133527$ & $0.00262009$ & $-0.00400312$ & $-0.00905354$ & $-0.0188992$ & $-0.0250228$ & $0.0267827$ & $0.0422068$ & $0.0278388$ & $0.00481638$ & $-0.00194147$ & $-0.0130981$ & $-0.0181738$ & $0.353467$ & $-0.00861698$ & $-0.0270491$ & $-0.024893$ & $0.0174569$ & $0.0567038$ & $-0.0116053$ & $0.0165232$ & $0.11971$ & $0.00408434$ & $-0.0110254$ & $-0.0352757$ & $0.109023$ & $-0.0389463$ & $0.00266176$ & $0.00692784$ & $1$ & $-0.0541993$ & $-0.00192164$ \\
eHbbint & $0.0940655$ & $-0.0173701$ & $-0.0444388$ & $0.0272298$ & $-0.0145821$ & $0.00308523$ & $0.0197316$ & $-0.00657476$ & $-0.000337258$ & $0.014144$ & $-0.0094627$ & $0.000541797$ & $-0.0169218$ & $0.0230955$ & $0.024968$ & $0.0369757$ & $0.0200916$ & $0.0134542$ & $0.000294576$ & $0.0138216$ & $0.00405615$ & $-0.00320973$ & $-0.010111$ & $0.00916345$ & $-0.00595156$ & $-0.00435647$ & $-0.0425266$ & $-0.0107068$ & $-0.0110754$ & $0.00687791$ & $-0.0231231$ & $0.0267301$ & $0.127609$ & $-0.0283416$ & $0.00809757$ & $0.0146425$ & $-0.0259275$ & $0.00845327$ & $-0.0965042$ & $-0.0055165$ & $0.0461457$ & $0.0131191$ & $0.0916372$ & $0.00200766$ & $-0.00784046$ & $-0.0487726$ & $-0.0541993$ & $1$ & $-0.0629008$ \\
eHbbpar & $0.0676945$ & $0.0510159$ & $0.00974125$ & $0.0803186$ & $-0.0391197$ & $-0.000350554$ & $0.00408211$ & $0.0159261$ & $0.0069192$ & $0.00233733$ & $-0.0344672$ & $-0.0270701$ & $-0.0127189$ & $0.0491263$ & $-0.0114675$ & $-0.0107325$ & $0.0333817$ & $0.0380521$ & $0.0391229$ & $0.0290678$ & $0.0370087$ & $0.0374186$ & $-0.0049839$ & $-0.0105506$ & $0.0334684$ & $-0.0179681$ & $0.0270522$ & $0.01105$ & $0.00324068$ & $0.0232785$ & $0.0227828$ & $0.0139766$ & $0.47066$ & $0.0250843$ & $0.0327272$ & $-0.0176357$ & $-0.00363934$ & $-0.0205605$ & $0.051443$ & $-0.0523546$ & $-0.147254$ & $0.0331842$ & $-0.091183$ & $-0.0302434$ & $0.055873$ & $0.00025446$ & $-0.00192164$ & $-0.0629008$ & $1$ \\
