 & AlsMz & dAle5Mz & mtop & mHl & Mz & CW & CHG & CHWB & CHWHB_gaga & CHWHB_gagaorth & CHD & CHbox & CH & CHL1_11 & CHL1_22 & CHL1_33 & CHL3_11 & CHL3_22 & CHL3_33 & CHe_11 & CHe_22 & CHe_33 & CHQ1_11 & CHQ1_33 & CHQ3_11 & CHu_11 & CHd_11 & CHd_33 & CeH_22r & CeH_33r & CuH_22r & CuH_33r & CdH_33r & CLL_1221 & eHggint & eHggpar & eHWWint & eHWWpar & eHZZint & eHZZpar & eHZgaint & eHZgapar & eHgagaint & eHmumuint & eHtautauint & eHccint & eHccpar & eHbbint & eHbbpar \\
AlsMz & $1$ & $0.10836$ & $-0.176388$ & $0.0534785$ & $0.00231097$ & $-0.0178041$ & $0.0430187$ & $-0.0273781$ & $-0.024206$ & $0.0324129$ & $-0.0130883$ & $-0.0155172$ & $-0.0205666$ & $0.0377248$ & $0.037534$ & $0.0345306$ & $0.064852$ & $0.0334239$ & $0.0286965$ & $0.0101839$ & $3.83057e-05$ & $-0.00886835$ & $-0.0413121$ & $0.000134154$ & $-0.101582$ & $-0.0278607$ & $-0.101553$ & $0.0423421$ & $0.0807647$ & $-0.0225732$ & $-0.048656$ & $0.0154291$ & $-0.0769874$ & $-0.0411814$ & $-0.055071$ & $-0.0298738$ & $0.0637829$ & $0.0572445$ & $-0.090788$ & $-0.0129254$ & $0.111392$ & $0.0641416$ & $0.0350283$ & $-0.0992271$ & $0.0137398$ & $-0.10282$ & $0.0352153$ & $0.114943$ & $-0.106699$ \\
dAle5Mz & $0.10836$ & $1$ & $0.0187157$ & $-0.0160858$ & $-0.00117763$ & $-0.0258605$ & $0.0638147$ & $-0.0732811$ & $-0.0763631$ & $0.000132451$ & $0.0520199$ & $0.0109352$ & $-0.0113549$ & $-0.0302568$ & $-0.0141256$ & $0.0115816$ & $0.0373472$ & $0.0214651$ & $-0.00194242$ & $-0.0280979$ & $-0.0326499$ & $-0.0383703$ & $0.00212581$ & $0.0133077$ & $0.015974$ & $-0.0075998$ & $-0.0171696$ & $-0.0376033$ & $0.0227782$ & $-0.00787782$ & $-0.0471826$ & $0.0631887$ & $0.0252302$ & $0.0169477$ & $-0.0406715$ & $-0.0167546$ & $-0.015341$ & $0.0356851$ & $-0.0316017$ & $0.0542661$ & $0.195088$ & $0.0141012$ & $-0.10531$ & $0.0881454$ & $-0.0177661$ & $-0.0140583$ & $-0.0811605$ & $-0.0503841$ & $0.0823412$ \\
mtop & $-0.176388$ & $0.0187157$ & $1$ & $-0.0352961$ & $0.00939612$ & $0.0184264$ & $0.00137338$ & $0.070674$ & $0.0739663$ & $-0.0207704$ & $-0.0709675$ & $-0.00172873$ & $0.0458795$ & $0.0676543$ & $0.0304227$ & $0.0834805$ & $-0.0163714$ & $-0.00180677$ & $-0.0458002$ & $0.0825061$ & $0.0761429$ & $0.0779193$ & $0.00631404$ & $-0.0142233$ & $-0.0141328$ & $-0.0376718$ & $-0.0152863$ & $0.0093135$ & $-0.0427061$ & $0.0134296$ & $0.0348942$ & $0.000431233$ & $0.00531488$ & $0.0202474$ & $-0.00272678$ & $-0.0227925$ & $0.0140114$ & $0.078866$ & $0.0493184$ & $0.0248619$ & $0.0720067$ & $0.0278213$ & $0.107932$ & $0.0259954$ & $-0.0315415$ & $0.0806664$ & $-0.0142831$ & $-0.0620786$ & $0.00362437$ \\
mHl & $0.0534785$ & $-0.0160858$ & $-0.0352961$ & $1$ & $-0.0685139$ & $0.00539578$ & $-0.0181476$ & $0.033777$ & $0.0342499$ & $-0.0387647$ & $-0.0127469$ & $-0.0296768$ & $0.0319445$ & $-0.0439437$ & $-0.00810379$ & $-0.00820151$ & $-0.0321068$ & $-0.0349337$ & $-0.0352348$ & $0.00795769$ & $0.014527$ & $0.0179235$ & $0.0651736$ & $-0.0561921$ & $-0.0385725$ & $-0.0618731$ & $0.0291323$ & $-0.0339448$ & $-0.0084063$ & $-0.0160543$ & $0.0100548$ & $-0.00634797$ & $-0.105201$ & $0.0401647$ & $0.139685$ & $0.0210013$ & $0.0493086$ & $-0.0190765$ & $-0.0685893$ & $-0.0141721$ & $-0.0455795$ & $0.00044596$ & $0.0959211$ & $0.0200228$ & $0.0707325$ & $-0.127664$ & $0.0904236$ & $-0.0415542$ & $-0.117543$ \\
Mz & $0.00231097$ & $-0.00117763$ & $0.00939612$ & $-0.0685139$ & $1$ & $-0.00706391$ & $-0.011765$ & $0.0376515$ & $0.041525$ & $-0.00860657$ & $-0.0328625$ & $-0.00946315$ & $-0.00221491$ & $0.0236176$ & $-0.0322216$ & $-0.00408824$ & $0.0071905$ & $0.026915$ & $0.000777923$ & $0.0379692$ & $0.0473308$ & $0.044839$ & $0.0354078$ & $-0.0248964$ & $0.0128244$ & $-0.0191345$ & $0.0516359$ & $0.0300391$ & $0.0301152$ & $0.00436449$ & $0.0153431$ & $-0.0242174$ & $-0.00769507$ & $0.0549659$ & $-0.0513785$ & $-0.013788$ & $-0.00200307$ & $-0.00812411$ & $-0.0442183$ & $-0.000558913$ & $-0.0265148$ & $0.0556987$ & $-0.00195178$ & $-0.025936$ & $0.0403536$ & $0.0597377$ & $-0.0172291$ & $-0.0145054$ & $-0.00973485$ \\
CW & $-0.0178041$ & $-0.0258605$ & $0.0184264$ & $0.00539578$ & $-0.00706391$ & $1$ & $0.00541204$ & $-0.124051$ & $-0.117572$ & $0.0318566$ & $0.175089$ & $0.046257$ & $-0.0306426$ & $0.0385999$ & $-0.0916959$ & $-0.0796483$ & $-0.253511$ & $-0.0259397$ & $-0.0348668$ & $-0.172109$ & $-0.175452$ & $-0.177719$ & $-0.0092698$ & $0.0154592$ & $-0.068251$ & $0.100525$ & $-0.067628$ & $-0.0719694$ & $-0.00813883$ & $0.00861916$ & $0.0110928$ & $0.0100973$ & $0.000923158$ & $-0.114052$ & $-0.00398255$ & $0.0270598$ & $-0.0119296$ & $0.00267997$ & $0.0290165$ & $0.0359629$ & $0.0486738$ & $-0.0492437$ & $0.0469563$ & $-0.0472997$ & $0.0253409$ & $-0.00126904$ & $0.0109942$ & $-0.0145378$ & $0.01047$ \\
CHG & $0.0430187$ & $0.0638147$ & $0.00137338$ & $-0.0181476$ & $-0.011765$ & $0.00541204$ & $1$ & $-0.103006$ & $-0.051388$ & $0.104824$ & $0.055366$ & $-0.0934759$ & $-0.269636$ & $0.0607755$ & $0.0215043$ & $0.0264042$ & $0.0893108$ & $0.073706$ & $0.0733584$ & $-0.0477403$ & $-0.0639611$ & $-0.0583388$ & $-0.029631$ & $0.126919$ & $0.0882085$ & $0.0522436$ & $-0.0591376$ & $-0.00694271$ & $0.00230468$ & $-0.11012$ & $-0.0763973$ & $0.937547$ & $-0.190229$ & $-0.0972185$ & $-0.00452106$ & $0.0435569$ & $0.00526638$ & $-0.043916$ & $0.000477303$ & $0.0587206$ & $0.0710243$ & $0.00962353$ & $-0.00727905$ & $0.0311632$ & $0.0348335$ & $-0.00805938$ & $-0.00719771$ & $0.000371678$ & $-0.0680185$ \\
CHWB & $-0.0273781$ & $-0.0732811$ & $0.070674$ & $0.033777$ & $0.0376515$ & $-0.124051$ & $-0.103006$ & $1$ & $0.984289$ & $-0.560587$ & $-0.883675$ & $-0.105189$ & $0.30765$ & $0.10879$ & $0.307422$ & $0.294131$ & $-0.232121$ & $-0.428152$ & $-0.436343$ & $0.853467$ & $0.901404$ & $0.886411$ & $0.0785231$ & $-0.671143$ & $-0.394878$ & $-0.492026$ & $0.416492$ & $0.282158$ & $0.0323983$ & $0.0404669$ & $0.0511823$ & $-0.113874$ & $0.0375336$ & $0.548425$ & $0.053696$ & $-0.0323533$ & $0.0314363$ & $-0.00847209$ & $0.0512142$ & $-0.0548795$ & $0.00206482$ & $0.0377395$ & $-0.00974055$ & $-0.0333297$ & $-0.018053$ & $0.00123647$ & $0.0324123$ & $-0.00484031$ & $-0.0194655$ \\
CHWHB_gaga & $-0.024206$ & $-0.0763631$ & $0.0739663$ & $0.0342499$ & $0.041525$ & $-0.117572$ & $-0.051388$ & $0.984289$ & $1$ & $-0.549635$ & $-0.865756$ & $-0.0848018$ & $0.303823$ & $0.0974773$ & $0.308925$ & $0.294905$ & $-0.236706$ & $-0.432594$ & $-0.439766$ & $0.837173$ & $0.882107$ & $0.867762$ & $0.0724098$ & $-0.664704$ & $-0.397273$ & $-0.472504$ & $0.407047$ & $0.279274$ & $0.0385882$ & $0.0638728$ & $0.0646611$ & $-0.0714013$ & $0.0539473$ & $0.53476$ & $0.0359231$ & $-0.0371568$ & $0.0142208$ & $-0.0121206$ & $0.0451727$ & $-0.0395848$ & $0.00437991$ & $0.0401943$ & $0.0445224$ & $-0.0281649$ & $-0.00609591$ & $-0.00700082$ & $0.0307238$ & $-0.00926601$ & $-0.029894$ \\
CHWHB_gagaorth & $0.0324129$ & $0.000132451$ & $-0.0207704$ & $-0.0387647$ & $-0.00860657$ & $0.0318566$ & $0.104824$ & $-0.560587$ & $-0.549635$ & $1$ & $0.347832$ & $0.471186$ & $-0.228008$ & $0.241294$ & $-0.150066$ & $-0.0847314$ & $0.429086$ & $0.503666$ & $0.468724$ & $-0.3338$ & $-0.366642$ & $-0.359616$ & $-0.0459992$ & $0.555955$ & $0.482341$ & $0.195391$ & $-0.224458$ & $-0.0984548$ & $-0.0230344$ & $-0.127689$ & $-0.0769484$ & $0.128548$ & $-0.10965$ & $-0.321527$ & $-0.00437312$ & $0.0155577$ & $-0.00523559$ & $-0.00639442$ & $0.00463709$ & $-0.0126054$ & $-0.0873084$ & $-0.026547$ & $0.019952$ & $-0.00778682$ & $-1.02077e-05$ & $0.0269575$ & $0.00982878$ & $0.0324529$ & $-0.022074$ \\
CHD & $-0.0130883$ & $0.0520199$ & $-0.0709675$ & $-0.0127469$ & $-0.0328625$ & $0.175089$ & $0.055366$ & $-0.883675$ & $-0.865756$ & $0.347832$ & $1$ & $0.18998$ & $-0.153305$ & $-0.513724$ & $-0.424083$ & $-0.433074$ & $-0.214253$ & $0.0754471$ & $0.0895286$ & $-0.990454$ & $-0.990977$ & $-0.970238$ & $-0.0206884$ & $0.31396$ & $0.0357246$ & $0.54582$ & $-0.274684$ & $-0.325282$ & $-0.0186989$ & $-0.00137971$ & $-0.0346897$ & $0.0749882$ & $-0.0104767$ & $-0.357038$ & $-0.0267288$ & $0.0381747$ & $-0.0112455$ & $0.00234028$ & $-0.0518429$ & $0.0721868$ & $0.0368342$ & $-0.036574$ & $0.0303084$ & $0.0366848$ & $0.0268916$ & $-0.0242519$ & $-0.0503973$ & $0.00201962$ & $0.0151489$ \\
CHbox & $-0.0155172$ & $0.0109352$ & $-0.00172873$ & $-0.0296768$ & $-0.00946315$ & $0.046257$ & $-0.0934759$ & $-0.105189$ & $-0.0848018$ & $0.471186$ & $0.18998$ & $1$ & $0.44941$ & $-0.227868$ & $-0.0237051$ & $0.0216742$ & $-0.183244$ & $-0.136294$ & $-0.180327$ & $-0.172282$ & $-0.196317$ & $-0.188909$ & $-0.0142727$ & $-0.0341818$ & $-0.14471$ & $0.109078$ & $-0.0862524$ & $-0.0670626$ & $0.0422359$ & $0.27977$ & $0.0573287$ & $-0.00391696$ & $0.330628$ & $-0.0655745$ & $0.0721013$ & $0.0175051$ & $-0.00292481$ & $-0.0292145$ & $-0.00575349$ & $-0.0296443$ & $-0.0494889$ & $-0.0288708$ & $0.00997789$ & $-0.0129451$ & $0.0236194$ & $0.0194565$ & $0.0293608$ & $0.0109273$ & $-0.0341765$ \\
CH & $-0.0205666$ & $-0.0113549$ & $0.0458795$ & $0.0319445$ & $-0.00221491$ & $-0.0306426$ & $-0.269636$ & $0.30765$ & $0.303823$ & $-0.228008$ & $-0.153305$ & $0.44941$ & $1$ & $-0.217685$ & $0.0904097$ & $0.0736458$ & $-0.312356$ & $-0.347792$ & $-0.347059$ & $0.150732$ & $0.161923$ & $0.161742$ & $0.0202715$ & $-0.346798$ & $-0.330858$ & $-0.0752296$ & $0.111388$ & $0.0600437$ & $0.0755886$ & $0.238307$ & $0.117186$ & $-0.23381$ & $0.280455$ & $0.172443$ & $0.0225964$ & $-0.00281754$ & $0.000772123$ & $0.0252327$ & $0.0110121$ & $-0.0406664$ & $0.00183774$ & $0.0038081$ & $0.00406439$ & $-0.0228828$ & $0.0120196$ & $0.00345572$ & $0.041383$ & $-0.00245312$ & $-0.0295086$ \\
CHL1_11 & $0.0377248$ & $-0.0302568$ & $0.0676543$ & $-0.0439437$ & $0.0236176$ & $0.0385999$ & $0.0607755$ & $0.10879$ & $0.0974773$ & $0.241294$ & $-0.513724$ & $-0.227868$ & $-0.217685$ & $1$ & $0.252362$ & $0.298227$ & $0.652182$ & $0.591069$ & $0.572774$ & $0.533208$ & $0.47512$ & $0.456496$ & $-0.0658934$ & $0.466505$ & $0.578019$ & $-0.278571$ & $-0.109718$ & $0.188384$ & $-0.0225503$ & $-0.0758416$ & $-0.0205057$ & $0.0333759$ & $-0.0452881$ & $-0.19971$ & $-0.0538773$ & $-0.0191892$ & $-0.0383356$ & $0.000773497$ & $0.0441396$ & $-0.0628253$ & $-0.100092$ & $0.0233993$ & $-0.0560743$ & $-0.055076$ & $-0.0424816$ & $0.0598427$ & $0.0407554$ & $0.0248511$ & $0.0132577$ \\
CHL1_22 & $0.037534$ & $-0.0141256$ & $0.0304227$ & $-0.00810379$ & $-0.0322216$ & $-0.0916959$ & $0.0215043$ & $0.307422$ & $0.308925$ & $-0.150066$ & $-0.424083$ & $-0.0237051$ & $0.0904097$ & $0.252362$ & $1$ & $0.456786$ & $0.170944$ & $-0.475674$ & $-0.0532103$ & $0.486607$ & $0.338718$ & $0.333613$ & $-0.191036$ & $0.0932801$ & $-0.181397$ & $-0.174989$ & $-0.415654$ & $0.113507$ & $0.00275144$ & $0.0329394$ & $0.0282789$ & $0.0123614$ & $0.024162$ & $-0.597265$ & $-0.00809779$ & $-0.0114412$ & $-0.0467982$ & $0.00683283$ & $-0.00343312$ & $-0.0417145$ & $-0.0273825$ & $0.0235208$ & $-0.0116661$ & $-0.0082581$ & $0.0179706$ & $-0.00354822$ & $0.0524841$ & $-0.0324285$ & $-0.0432296$ \\
CHL1_33 & $0.0345306$ & $0.0115816$ & $0.0834805$ & $-0.00820151$ & $-0.00408824$ & $-0.0796483$ & $0.0264042$ & $0.294131$ & $0.294905$ & $-0.0847314$ & $-0.433074$ & $0.0216742$ & $0.0736458$ & $0.298227$ & $0.456786$ & $1$ & $0.205363$ & $-0.00553449$ & $-0.430072$ & $0.500552$ & $0.350627$ & $0.371347$ & $-0.205956$ & $0.1159$ & $-0.112482$ & $-0.172085$ & $-0.392283$ & $0.121209$ & $-0.00106177$ & $0.0361838$ & $-0.030795$ & $0.0230732$ & $0.0086973$ & $-0.113766$ & $-0.00805499$ & $0.0197345$ & $0.00849759$ & $-0.00562983$ & $0.0411141$ & $0.000126504$ & $-0.0305434$ & $0.0125145$ & $0.015933$ & $-0.0367165$ & $0.0224419$ & $-0.00165849$ & $0.000136693$ & $-0.0394178$ & $-0.0372097$ \\
CHL3_11 & $0.064852$ & $0.0373472$ & $-0.0163714$ & $-0.0321068$ & $0.0071905$ & $-0.253511$ & $0.0893108$ & $-0.232121$ & $-0.236706$ & $0.429086$ & $-0.214253$ & $-0.183244$ & $-0.312356$ & $0.652182$ & $0.170944$ & $0.205363$ & $1$ & $0.710561$ & $0.707541$ & $0.241549$ & $0.177705$ & $0.167833$ & $-0.0812621$ & $0.670927$ & $0.746104$ & $-0.104985$ & $-0.189787$ & $0.0767031$ & $-0.023846$ & $-0.0786539$ & $-0.0297619$ & $0.0729067$ & $-0.0634339$ & $-0.255927$ & $-0.0342466$ & $-0.0181723$ & $-0.0246633$ & $0.0140538$ & $-0.0150068$ & $-0.0265001$ & $-0.0670932$ & $-0.0115632$ & $-0.0248227$ & $0.0231391$ & $-0.00249619$ & $0.0486452$ & $0.036566$ & $-0.00436616$ & $7.15158e-06$ \\
CHL3_22 & $0.0334239$ & $0.0214651$ & $-0.00180677$ & $-0.0349337$ & $0.026915$ & $-0.0259397$ & $0.073706$ & $-0.428152$ & $-0.432594$ & $0.503666$ & $0.0754471$ & $-0.136294$ & $-0.347792$ & $0.591069$ & $-0.475674$ & $-0.00553449$ & $0.710561$ & $1$ & $0.651169$ & $-0.0745959$ & $-0.0686796$ & $-0.0733078$ & $0.0167033$ & $0.609954$ & $0.791261$ & $0.0214335$ & $0.0028624$ & $0.0034973$ & $-0.0301525$ & $-0.0934704$ & $-0.0537155$ & $0.0639162$ & $-0.0690483$ & $0.061855$ & $-0.0451763$ & $0.00159119$ & $-0.00341839$ & $0.00726195$ & $0.00844022$ & $-0.00376519$ & $-0.0637319$ & $-0.0180243$ & $-0.0244277$ & $-0.0056035$ & $-0.0294993$ & $0.0497699$ & $-0.00547302$ & $0.0233274$ & $0.0338376$ \\
CHL3_33 & $0.0286965$ & $-0.00194242$ & $-0.0458002$ & $-0.0352348$ & $0.000777923$ & $-0.0348668$ & $0.0733584$ & $-0.436343$ & $-0.439766$ & $0.468724$ & $0.0895286$ & $-0.180327$ & $-0.347059$ & $0.572774$ & $-0.0532103$ & $-0.430072$ & $0.707541$ & $0.651169$ & $1$ & $-0.0925269$ & $-0.0834271$ & $-0.0871977$ & $0.0292075$ & $0.616525$ & $0.768887$ & $0.0252374$ & $-0.0111441$ & $0.000196332$ & $-0.0301437$ & $-0.101163$ & $-0.00666659$ & $0.0577467$ & $-0.0599782$ & $-0.334119$ & $-0.0423128$ & $-0.0252564$ & $-0.0498618$ & $0.0179774$ & $-0.0290304$ & $-0.0349563$ & $-0.0690136$ & $-0.0035012$ & $-0.0399138$ & $0.00882777$ & $-0.0277726$ & $0.048878$ & $0.035628$ & $0.0355569$ & $0.0290949$ \\
CHe_11 & $0.0101839$ & $-0.0280979$ & $0.0825061$ & $0.00795769$ & $0.0379692$ & $-0.172109$ & $-0.0477403$ & $0.853467$ & $0.837173$ & $-0.3338$ & $-0.990454$ & $-0.172282$ & $0.150732$ & $0.533208$ & $0.486607$ & $0.500552$ & $0.241549$ & $-0.0745959$ & $-0.0925269$ & $1$ & $0.972414$ & $0.952184$ & $-0.00906709$ & $-0.259076$ & $-0.028072$ & $-0.532962$ & $0.198637$ & $0.318387$ & $0.0173822$ & $0.00529773$ & $0.0323617$ & $-0.0659032$ & $0.0141098$ & $0.279063$ & $0.0226343$ & $-0.0364332$ & $0.00449843$ & $0.00274921$ & $0.0510595$ & $-0.0709187$ & $-0.0371885$ & $0.0367541$ & $-0.0325273$ & $-0.0364909$ & $-0.0254243$ & $0.0246361$ & $0.0491603$ & $-0.0109876$ & $-0.0142807$ \\
CHe_22 & $3.83057e-05$ & $-0.0326499$ & $0.0761429$ & $0.014527$ & $0.0473308$ & $-0.175452$ & $-0.0639611$ & $0.901404$ & $0.882107$ & $-0.366642$ & $-0.990977$ & $-0.196317$ & $0.161923$ & $0.47512$ & $0.338718$ & $0.350627$ & $0.177705$ & $-0.0686796$ & $-0.0834271$ & $0.972414$ & $1$ & $0.97498$ & $0.0535895$ & $-0.371023$ & $-0.0380554$ & $-0.549983$ & $0.358836$ & $0.323913$ & $0.0209772$ & $-0.00144586$ & $0.0382197$ & $-0.0833071$ & $0.0105644$ & $0.445173$ & $0.029246$ & $-0.0408846$ & $0.0176213$ & $-0.000907965$ & $0.0545219$ & $-0.0720765$ & $-0.0278097$ & $0.03777$ & $-0.0343856$ & $-0.0334504$ & $-0.0299031$ & $0.0256571$ & $0.0485621$ & $-0.00255149$ & $-0.00735218$ \\
CHe_33 & $-0.00886835$ & $-0.0383703$ & $0.0779193$ & $0.0179235$ & $0.044839$ & $-0.177719$ & $-0.0583388$ & $0.886411$ & $0.867762$ & $-0.359616$ & $-0.970238$ & $-0.188909$ & $0.161742$ & $0.456496$ & $0.333613$ & $0.371347$ & $0.167833$ & $-0.0733078$ & $-0.0871977$ & $0.952184$ & $0.97498$ & $1$ & $0.0470264$ & $-0.365798$ & $-0.0430652$ & $-0.532551$ & $0.351145$ & $0.324905$ & $0.0175717$ & $-0.00176622$ & $0.0401239$ & $-0.0786518$ & $0.00793916$ & $0.440394$ & $0.0290319$ & $-0.0321867$ & $0.0224974$ & $0.000392526$ & $0.0420617$ & $-0.0676687$ & $-0.035055$ & $0.0409807$ & $-0.026256$ & $-0.0331149$ & $-0.0291864$ & $0.0213977$ & $0.0365206$ & $0.00265038$ & $-0.0135856$ \\
CHQ1_11 & $-0.0413121$ & $0.00212581$ & $0.00631404$ & $0.0651736$ & $0.0354078$ & $-0.0092698$ & $-0.029631$ & $0.0785231$ & $0.0724098$ & $-0.0459992$ & $-0.0206884$ & $-0.0142727$ & $0.0202715$ & $-0.0658934$ & $-0.191036$ & $-0.205956$ & $-0.0812621$ & $0.0167033$ & $0.0292075$ & $-0.00906709$ & $0.0535895$ & $0.0470264$ & $1$ & $-0.143937$ & $0.105695$ & $-0.690161$ & $0.377903$ & $0.0020141$ & $-0.00106907$ & $-0.00697325$ & $0.0394989$ & $-0.0380855$ & $-0.0110987$ & $0.226356$ & $0.00419256$ & $-0.0300029$ & $0.0310775$ & $0.0299313$ & $-0.0149718$ & $-0.00538172$ & $-0.0176668$ & $0.01396$ & $-0.0315531$ & $-0.000992126$ & $-0.0122463$ & $0.00989336$ & $0.00584054$ & $-0.0207118$ & $-0.00333277$ \\
CHQ1_33 & $0.000134154$ & $0.0133077$ & $-0.0142233$ & $-0.0561921$ & $-0.0248964$ & $0.0154592$ & $0.126919$ & $-0.671143$ & $-0.664704$ & $0.555955$ & $0.31396$ & $-0.0341818$ & $-0.346798$ & $0.466505$ & $0.0932801$ & $0.1159$ & $0.670927$ & $0.609954$ & $0.616525$ & $-0.259076$ & $-0.371023$ & $-0.365798$ & $-0.143937$ & $1$ & $0.631093$ & $0.199888$ & $-0.424375$ & $0.00150993$ & $-0.0367193$ & $-0.0565616$ & $-0.0473667$ & $0.122974$ & $-0.0505377$ & $-0.62633$ & $-0.0602459$ & $0.0268873$ & $-0.042644$ & $-8.49704e-05$ & $-0.0127434$ & $0.00477007$ & $-0.0829953$ & $-0.0174469$ & $-0.0240394$ & $0.0106536$ & $0.0116891$ & $0.0349759$ & $0.00538934$ & $-0.00622614$ & $-0.00306124$ \\
CHQ3_11 & $-0.101582$ & $0.015974$ & $-0.0141328$ & $-0.0385725$ & $0.0128244$ & $-0.068251$ & $0.0882085$ & $-0.394878$ & $-0.397273$ & $0.482341$ & $0.0357246$ & $-0.14471$ & $-0.330858$ & $0.578019$ & $-0.181397$ & $-0.112482$ & $0.746104$ & $0.791261$ & $0.768887$ & $-0.028072$ & $-0.0380554$ & $-0.0430652$ & $0.105695$ & $0.631093$ & $1$ & $0.0103324$ & $0.222876$ & $0.0212086$ & $-0.0313423$ & $-0.0997654$ & $-0.0363213$ & $0.0792278$ & $-0.0598447$ & $-0.158658$ & $-0.0267947$ & $-0.017121$ & $-0.0308716$ & $0.0222867$ & $-0.0116867$ & $-0.023192$ & $-0.104427$ & $-0.0330715$ & $-0.0384285$ & $0.0261579$ & $-0.0342499$ & $0.061104$ & $0.00910326$ & $0.013493$ & $0.0442495$ \\
CHu_11 & $-0.0278607$ & $-0.0075998$ & $-0.0376718$ & $-0.0618731$ & $-0.0191345$ & $0.100525$ & $0.0522436$ & $-0.492026$ & $-0.472504$ & $0.195391$ & $0.54582$ & $0.109078$ & $-0.0752296$ & $-0.278571$ & $-0.174989$ & $-0.172085$ & $-0.104985$ & $0.0214335$ & $0.0252374$ & $-0.532962$ & $-0.549983$ & $-0.532551$ & $-0.690161$ & $0.199888$ & $0.0103324$ & $1$ & $-0.174352$ & $-0.165916$ & $-0.00685137$ & $0.0140629$ & $-0.0461871$ & $0.0697077$ & $0.00765968$ & $-0.252966$ & $-0.037107$ & $0.0648431$ & $0.00593261$ & $-0.0112244$ & $-0.0187407$ & $0.055952$ & $0.0195623$ & $-0.0504231$ & $0.055117$ & $0.0275597$ & $0.014168$ & $-0.00527788$ & $-0.0675754$ & $0.0217397$ & $0.0205966$ \\
CHd_11 & $-0.101553$ & $-0.0171696$ & $-0.0152863$ & $0.0291323$ & $0.0516359$ & $-0.067628$ & $-0.0591376$ & $0.416492$ & $0.407047$ & $-0.224458$ & $-0.274684$ & $-0.0862524$ & $0.111388$ & $-0.109718$ & $-0.415654$ & $-0.392283$ & $-0.189787$ & $0.0028624$ & $-0.0111441$ & $0.198637$ & $0.358836$ & $0.351145$ & $0.377903$ & $-0.424375$ & $0.222876$ & $-0.174352$ & $1$ & $0.110061$ & $0.0240569$ & $-0.0205195$ & $0.0213325$ & $-0.0625067$ & $-0.00199343$ & $0.697118$ & $0.0500979$ & $-0.029803$ & $0.047959$ & $0.0153217$ & $0.00325769$ & $-0.0220243$ & $-0.0187153$ & $-0.00836497$ & $-0.012596$ & $0.0159381$ & $-0.0408075$ & $0.01416$ & $-0.0142846$ & $0.0308969$ & $0.0267041$ \\
CHd_33 & $0.0423421$ & $-0.0376033$ & $0.0093135$ & $-0.0339448$ & $0.0300391$ & $-0.0719694$ & $-0.00694271$ & $0.282158$ & $0.279274$ & $-0.0984548$ & $-0.325282$ & $-0.0670626$ & $0.0600437$ & $0.188384$ & $0.113507$ & $0.121209$ & $0.0767031$ & $0.0034973$ & $0.000196332$ & $0.318387$ & $0.323913$ & $0.324905$ & $0.0020141$ & $0.00150993$ & $0.0212086$ & $-0.165916$ & $0.110061$ & $1$ & $0.0131894$ & $0.0206735$ & $0.0363244$ & $0.000642896$ & $0.0084706$ & $0.128306$ & $0.032643$ & $-3.14042e-05$ & $0.0252308$ & $-0.0148636$ & $0.0243432$ & $-0.0120388$ & $-0.0331286$ & $0.00404242$ & $0.00389972$ & $-0.0293808$ & $0.0398912$ & $0.0544804$ & $0.0244532$ & $-0.0170619$ & $-0.023237$ \\
CeH_22r & $0.0807647$ & $0.0227782$ & $-0.0427061$ & $-0.0084063$ & $0.0301152$ & $-0.00813883$ & $0.00230468$ & $0.0323983$ & $0.0385882$ & $-0.0230344$ & $-0.0186989$ & $0.0422359$ & $0.0755886$ & $-0.0225503$ & $0.00275144$ & $-0.00106177$ & $-0.023846$ & $-0.0301525$ & $-0.0301437$ & $0.0173822$ & $0.0209772$ & $0.0175717$ & $-0.00106907$ & $-0.0367193$ & $-0.0313423$ & $-0.00685137$ & $0.0240569$ & $0.0131894$ & $1$ & $0.0169054$ & $-0.00979226$ & $-0.0166094$ & $0.0269716$ & $0.025811$ & $-0.0316212$ & $-0.033853$ & $-0.00784991$ & $0.00722475$ & $-0.046458$ & $-0.015238$ & $0.000546576$ & $0.0126312$ & $-0.0384601$ & $-0.00784719$ & $0.0126677$ & $-0.0256148$ & $-0.00138593$ & $-0.027338$ & $-0.00877333$ \\
CeH_33r & $-0.0225732$ & $-0.00787782$ & $0.0134296$ & $-0.0160543$ & $0.00436449$ & $0.00861916$ & $-0.11012$ & $0.0404669$ & $0.0638728$ & $-0.127689$ & $-0.00137971$ & $0.27977$ & $0.238307$ & $-0.0758416$ & $0.0329394$ & $0.0361838$ & $-0.0786539$ & $-0.0934704$ & $-0.101163$ & $0.00529773$ & $-0.00144586$ & $-0.00176622$ & $-0.00697325$ & $-0.0565616$ & $-0.0997654$ & $0.0140629$ & $-0.0205195$ & $0.0206735$ & $0.0169054$ & $1$ & $0.304894$ & $0.0289836$ & $0.646577$ & $0.00658962$ & $-0.0380118$ & $-0.0358346$ & $-0.193175$ & $-0.0634766$ & $-0.0646695$ & $-0.0204786$ & $0.0252114$ & $0.00631504$ & $0.0374115$ & $0.00345492$ & $0.118758$ & $0.0246528$ & $0.0404761$ & $0.00969653$ & $-0.0609987$ \\
CuH_22r & $-0.048656$ & $-0.0471826$ & $0.0348942$ & $0.0100548$ & $0.0153431$ & $0.0110928$ & $-0.0763973$ & $0.0511823$ & $0.0646611$ & $-0.0769484$ & $-0.0346897$ & $0.0573287$ & $0.117186$ & $-0.0205057$ & $0.0282789$ & $-0.030795$ & $-0.0297619$ & $-0.0537155$ & $-0.00666659$ & $0.0323617$ & $0.0382197$ & $0.0401239$ & $0.0394989$ & $-0.0473667$ & $-0.0363213$ & $-0.0461871$ & $0.0213325$ & $0.0363244$ & $-0.00979226$ & $0.304894$ & $1$ & $0.00263307$ & $0.31139$ & $0.0122844$ & $0.013191$ & $-0.103674$ & $-0.0825054$ & $-0.0198994$ & $-0.0170229$ & $-0.0201214$ & $0.0412274$ & $0.00234489$ & $0.0820066$ & $-0.0317898$ & $0.0253043$ & $0.0244299$ & $0.33997$ & $0.0250366$ & $-0.0961131$ \\
CuH_33r & $0.0154291$ & $0.0631887$ & $0.000431233$ & $-0.00634797$ & $-0.0242174$ & $0.0100973$ & $0.937547$ & $-0.113874$ & $-0.0714013$ & $0.128548$ & $0.0749882$ & $-0.00391696$ & $-0.23381$ & $0.0333759$ & $0.0123614$ & $0.0230732$ & $0.0729067$ & $0.0639162$ & $0.0577467$ & $-0.0659032$ & $-0.0833071$ & $-0.0786518$ & $-0.0380855$ & $0.122974$ & $0.0792278$ & $0.0697077$ & $-0.0625067$ & $0.000642896$ & $-0.0166094$ & $0.0289836$ & $0.00263307$ & $1$ & $-0.0245283$ & $-0.0972322$ & $0.0710466$ & $0.0621659$ & $-0.00941026$ & $-0.0533007$ & $0.0008796$ & $0.0562081$ & $0.0774476$ & $0.00963837$ & $-0.00718751$ & $0.0413823$ & $0.0438359$ & $-0.00615732$ & $0.00585994$ & $0.0161988$ & $-0.0840492$ \\
CdH_33r & $-0.0769874$ & $0.0252302$ & $0.00531488$ & $-0.105201$ & $-0.00769507$ & $0.000923158$ & $-0.190229$ & $0.0375336$ & $0.0539473$ & $-0.10965$ & $-0.0104767$ & $0.330628$ & $0.280455$ & $-0.0452881$ & $0.024162$ & $0.0086973$ & $-0.0634339$ & $-0.0690483$ & $-0.0599782$ & $0.0141098$ & $0.0105644$ & $0.00793916$ & $-0.0110987$ & $-0.0505377$ & $-0.0598447$ & $0.00765968$ & $-0.00199343$ & $0.0084706$ & $0.0269716$ & $0.646577$ & $0.31139$ & $-0.0245283$ & $1$ & $0.00567304$ & $-0.0375496$ & $-0.022205$ & $-0.230898$ & $-0.0386525$ & $-0.0814683$ & $-0.0265235$ & $-0.0236355$ & $0.00859654$ & $-0.00146136$ & $0.0907262$ & $-0.0676191$ & $-0.00364845$ & $-0.0444136$ & $0.122607$ & $0.397567$ \\
CLL_1221 & $-0.0411814$ & $0.0169477$ & $0.0202474$ & $0.0401647$ & $0.0549659$ & $-0.114052$ & $-0.0972185$ & $0.548425$ & $0.53476$ & $-0.321527$ & $-0.357038$ & $-0.0655745$ & $0.172443$ & $-0.19971$ & $-0.597265$ & $-0.113766$ & $-0.255927$ & $0.061855$ & $-0.334119$ & $0.279063$ & $0.445173$ & $0.440394$ & $0.226356$ & $-0.62633$ & $-0.158658$ & $-0.252966$ & $0.697118$ & $0.128306$ & $0.025811$ & $0.00658962$ & $0.0122844$ & $-0.0972322$ & $0.00567304$ & $1$ & $0.0583507$ & $-0.017378$ & $0.0729494$ & $-0.00806015$ & $0.0342077$ & $-0.000322865$ & $0.0404464$ & $0.00586694$ & $0.00730551$ & $0.000184228$ & $-0.0224023$ & $0.00227336$ & $-0.0236934$ & $0.0123432$ & $0.0157012$ \\
eHggint & $-0.055071$ & $-0.0406715$ & $-0.00272678$ & $0.139685$ & $-0.0513785$ & $-0.00398255$ & $-0.00452106$ & $0.053696$ & $0.0359231$ & $-0.00437312$ & $-0.0267288$ & $0.0721013$ & $0.0225964$ & $-0.0538773$ & $-0.00809779$ & $-0.00805499$ & $-0.0342466$ & $-0.0451763$ & $-0.0423128$ & $0.0226343$ & $0.029246$ & $0.0290319$ & $0.00419256$ & $-0.0602459$ & $-0.0267947$ & $-0.037107$ & $0.0500979$ & $0.032643$ & $-0.0316212$ & $-0.0380118$ & $0.013191$ & $0.0710466$ & $-0.0375496$ & $0.0583507$ & $1$ & $-0.196493$ & $-0.0306736$ & $0.0377199$ & $0.0865905$ & $-0.0365237$ & $0.0455832$ & $-0.00310205$ & $-0.02077$ & $-0.066207$ & $-0.0530564$ & $0.0109507$ & $0.122223$ & $0.162492$ & $-0.0692856$ \\
eHggpar & $-0.0298738$ & $-0.0167546$ & $-0.0227925$ & $0.0210013$ & $-0.013788$ & $0.0270598$ & $0.0435569$ & $-0.0323533$ & $-0.0371568$ & $0.0155577$ & $0.0381747$ & $0.0175051$ & $-0.00281754$ & $-0.0191892$ & $-0.0114412$ & $0.0197345$ & $-0.0181723$ & $0.00159119$ & $-0.0252564$ & $-0.0364332$ & $-0.0408846$ & $-0.0321867$ & $-0.0300029$ & $0.0268873$ & $-0.017121$ & $0.0648431$ & $-0.029803$ & $-3.14042e-05$ & $-0.033853$ & $-0.0358346$ & $-0.103674$ & $0.0621659$ & $-0.022205$ & $-0.017378$ & $-0.196493$ & $1$ & $0.225343$ & $-0.00138421$ & $0.123593$ & $-0.0213982$ & $0.00126251$ & $-0.0144546$ & $0.0216185$ & $0.0524668$ & $0.0316948$ & $-0.099696$ & $-0.175464$ & $-0.0445348$ & $0.104683$ \\
eHWWint & $0.0637829$ & $-0.015341$ & $0.0140114$ & $0.0493086$ & $-0.00200307$ & $-0.0119296$ & $0.00526638$ & $0.0314363$ & $0.0142208$ & $-0.00523559$ & $-0.0112455$ & $-0.00292481$ & $0.000772123$ & $-0.0383356$ & $-0.0467982$ & $0.00849759$ & $-0.0246633$ & $-0.00341839$ & $-0.0498618$ & $0.00449843$ & $0.0176213$ & $0.0224974$ & $0.0310775$ & $-0.042644$ & $-0.0308716$ & $0.00593261$ & $0.047959$ & $0.0252308$ & $-0.00784991$ & $-0.193175$ & $-0.0825054$ & $-0.00941026$ & $-0.230898$ & $0.0729494$ & $-0.0306736$ & $0.225343$ & $1$ & $0.0885025$ & $0.129073$ & $0.0585218$ & $-0.0678938$ & $-0.0127908$ & $-0.161308$ & $-0.0706418$ & $0.0406635$ & $0.0938414$ & $-0.00833466$ & $-0.123406$ & $-0.0254511$ \\
eHWWpar & $0.0572445$ & $0.0356851$ & $0.078866$ & $-0.0190765$ & $-0.00812411$ & $0.00267997$ & $-0.043916$ & $-0.00847209$ & $-0.0121206$ & $-0.00639442$ & $0.00234028$ & $-0.0292145$ & $0.0252327$ & $0.000773497$ & $0.00683283$ & $-0.00562983$ & $0.0140538$ & $0.00726195$ & $0.0179774$ & $0.00274921$ & $-0.000907965$ & $0.000392526$ & $0.0299313$ & $-8.49704e-05$ & $0.0222867$ & $-0.0112244$ & $0.0153217$ & $-0.0148636$ & $0.00722475$ & $-0.0634766$ & $-0.0198994$ & $-0.0533007$ & $-0.0386525$ & $-0.00806015$ & $0.0377199$ & $-0.00138421$ & $0.0885025$ & $1$ & $-0.0639046$ & $0.0154326$ & $-0.0013312$ & $-0.0199874$ & $0.0165477$ & $-0.0222522$ & $-0.0660742$ & $0.0108055$ & $0.00539184$ & $0.00501706$ & $0.00949545$ \\
eHZZint & $-0.090788$ & $-0.0316017$ & $0.0493184$ & $-0.0685893$ & $-0.0442183$ & $0.0290165$ & $0.000477303$ & $0.0512142$ & $0.0451727$ & $0.00463709$ & $-0.0518429$ & $-0.00575349$ & $0.0110121$ & $0.0441396$ & $-0.00343312$ & $0.0411141$ & $-0.0150068$ & $0.00844022$ & $-0.0290304$ & $0.0510595$ & $0.0545219$ & $0.0420617$ & $-0.0149718$ & $-0.0127434$ & $-0.0116867$ & $-0.0187407$ & $0.00325769$ & $0.0243432$ & $-0.046458$ & $-0.0646695$ & $-0.0170229$ & $0.0008796$ & $-0.0814683$ & $0.0342077$ & $0.0865905$ & $0.123593$ & $0.129073$ & $-0.0639046$ & $1$ & $0.0115508$ & $-0.0785038$ & $0.00130976$ & $0.0305136$ & $-0.0389088$ & $0.0114093$ & $0.0326133$ & $0.0755318$ & $0.0710568$ & $0.0192048$ \\
eHZZpar & $-0.0129254$ & $0.0542661$ & $0.0248619$ & $-0.0141721$ & $-0.000558913$ & $0.0359629$ & $0.0587206$ & $-0.0548795$ & $-0.0395848$ & $-0.0126054$ & $0.0721868$ & $-0.0296443$ & $-0.0406664$ & $-0.0628253$ & $-0.0417145$ & $0.000126504$ & $-0.0265001$ & $-0.00376519$ & $-0.0349563$ & $-0.0709187$ & $-0.0720765$ & $-0.0676687$ & $-0.00538172$ & $0.00477007$ & $-0.023192$ & $0.055952$ & $-0.0220243$ & $-0.0120388$ & $-0.015238$ & $-0.0204786$ & $-0.0201214$ & $0.0562081$ & $-0.0265235$ & $-0.000322865$ & $-0.0365237$ & $-0.0213982$ & $0.0585218$ & $0.0154326$ & $0.0115508$ & $1$ & $0.0658507$ & $-0.0334639$ & $0.0833014$ & $0.0345694$ & $0.0418063$ & $0.0187397$ & $-0.00670064$ & $-0.0142831$ & $-0.014247$ \\
eHZgaint & $0.111392$ & $0.195088$ & $0.0720067$ & $-0.0455795$ & $-0.0265148$ & $0.0486738$ & $0.0710243$ & $0.00206482$ & $0.00437991$ & $-0.0873084$ & $0.0368342$ & $-0.0494889$ & $0.00183774$ & $-0.100092$ & $-0.0273825$ & $-0.0305434$ & $-0.0670932$ & $-0.0637319$ & $-0.0690136$ & $-0.0371885$ & $-0.0278097$ & $-0.035055$ & $-0.0176668$ & $-0.0829953$ & $-0.104427$ & $0.0195623$ & $-0.0187153$ & $-0.0331286$ & $0.000546576$ & $0.0252114$ & $0.0412274$ & $0.0774476$ & $-0.0236355$ & $0.0404464$ & $0.0455832$ & $0.00126251$ & $-0.0678938$ & $-0.0013312$ & $-0.0785038$ & $0.0658507$ & $1$ & $0.0451733$ & $-0.00653789$ & $0.0891694$ & $-0.00342213$ & $-0.124788$ & $0.0772706$ & $0.0461492$ & $-0.0393206$ \\
eHZgapar & $0.0641416$ & $0.0141012$ & $0.0278213$ & $0.00044596$ & $0.0556987$ & $-0.0492437$ & $0.00962353$ & $0.0377395$ & $0.0401943$ & $-0.026547$ & $-0.036574$ & $-0.0288708$ & $0.0038081$ & $0.0233993$ & $0.0235208$ & $0.0125145$ & $-0.0115632$ & $-0.0180243$ & $-0.0035012$ & $0.0367541$ & $0.03777$ & $0.0409807$ & $0.01396$ & $-0.0174469$ & $-0.0330715$ & $-0.0504231$ & $-0.00836497$ & $0.00404242$ & $0.0126312$ & $0.00631504$ & $0.00234489$ & $0.00963837$ & $0.00859654$ & $0.00586694$ & $-0.00310205$ & $-0.0144546$ & $-0.0127908$ & $-0.0199874$ & $0.00130976$ & $-0.0334639$ & $0.0451733$ & $1$ & $-0.0435166$ & $-0.0480425$ & $0.0019225$ & $0.0239654$ & $0.00207003$ & $0.0502774$ & $-0.0344347$ \\
eHgagaint & $0.0350283$ & $-0.10531$ & $0.107932$ & $0.0959211$ & $-0.00195178$ & $0.0469563$ & $-0.00727905$ & $-0.00974055$ & $0.0445224$ & $0.019952$ & $0.0303084$ & $0.00997789$ & $0.00406439$ & $-0.0560743$ & $-0.0116661$ & $0.015933$ & $-0.0248227$ & $-0.0244277$ & $-0.0399138$ & $-0.0325273$ & $-0.0343856$ & $-0.026256$ & $-0.0315531$ & $-0.0240394$ & $-0.0384285$ & $0.055117$ & $-0.012596$ & $0.00389972$ & $-0.0384601$ & $0.0374115$ & $0.0820066$ & $-0.00718751$ & $-0.00146136$ & $0.00730551$ & $-0.02077$ & $0.0216185$ & $-0.161308$ & $0.0165477$ & $0.0305136$ & $0.0833014$ & $-0.00653789$ & $-0.0435166$ & $1$ & $0.0761309$ & $0.017867$ & $-0.0650148$ & $0.0798633$ & $0.0163342$ & $-0.0487007$ \\
eHmumuint & $-0.0992271$ & $0.0881454$ & $0.0259954$ & $0.0200228$ & $-0.025936$ & $-0.0472997$ & $0.0311632$ & $-0.0333297$ & $-0.0281649$ & $-0.00778682$ & $0.0366848$ & $-0.0129451$ & $-0.0228828$ & $-0.055076$ & $-0.0082581$ & $-0.0367165$ & $0.0231391$ & $-0.0056035$ & $0.00882777$ & $-0.0364909$ & $-0.0334504$ & $-0.0331149$ & $-0.000992126$ & $0.0106536$ & $0.0261579$ & $0.0275597$ & $0.0159381$ & $-0.0293808$ & $-0.00784719$ & $0.00345492$ & $-0.0317898$ & $0.0413823$ & $0.0907262$ & $0.000184228$ & $-0.066207$ & $0.0524668$ & $-0.0706418$ & $-0.0222522$ & $-0.0389088$ & $0.0345694$ & $0.0891694$ & $-0.0480425$ & $0.0761309$ & $1$ & $-0.0838917$ & $0.0419669$ & $-0.184892$ & $0.0724624$ & $0.163248$ \\
eHtautauint & $0.0137398$ & $-0.0177661$ & $-0.0315415$ & $0.0707325$ & $0.0403536$ & $0.0253409$ & $0.0348335$ & $-0.018053$ & $-0.00609591$ & $-1.02077e-05$ & $0.0268916$ & $0.0236194$ & $0.0120196$ & $-0.0424816$ & $0.0179706$ & $0.0224419$ & $-0.00249619$ & $-0.0294993$ & $-0.0277726$ & $-0.0254243$ & $-0.0299031$ & $-0.0291864$ & $-0.0122463$ & $0.0116891$ & $-0.0342499$ & $0.014168$ & $-0.0408075$ & $0.0398912$ & $0.0126677$ & $0.118758$ & $0.0253043$ & $0.0438359$ & $-0.0676191$ & $-0.0224023$ & $-0.0530564$ & $0.0316948$ & $0.0406635$ & $-0.0660742$ & $0.0114093$ & $0.0418063$ & $-0.00342213$ & $0.0019225$ & $0.017867$ & $-0.0838917$ & $1$ & $-0.00635946$ & $0.0489519$ & $-0.124002$ & $-0.19439$ \\
eHccint & $-0.10282$ & $-0.0140583$ & $0.0806664$ & $-0.127664$ & $0.0597377$ & $-0.00126904$ & $-0.00805938$ & $0.00123647$ & $-0.00700082$ & $0.0269575$ & $-0.0242519$ & $0.0194565$ & $0.00345572$ & $0.0598427$ & $-0.00354822$ & $-0.00165849$ & $0.0486452$ & $0.0497699$ & $0.048878$ & $0.0246361$ & $0.0256571$ & $0.0213977$ & $0.00989336$ & $0.0349759$ & $0.061104$ & $-0.00527788$ & $0.01416$ & $0.0544804$ & $-0.0256148$ & $0.0246528$ & $0.0244299$ & $-0.00615732$ & $-0.00364845$ & $0.00227336$ & $0.0109507$ & $-0.099696$ & $0.0938414$ & $0.0108055$ & $0.0326133$ & $0.0187397$ & $-0.124788$ & $0.0239654$ & $-0.0650148$ & $0.0419669$ & $-0.00635946$ & $1$ & $-0.0475564$ & $0.0107568$ & $-0.0976208$ \\
eHccpar & $0.0352153$ & $-0.0811605$ & $-0.0142831$ & $0.0904236$ & $-0.0172291$ & $0.0109942$ & $-0.00719771$ & $0.0324123$ & $0.0307238$ & $0.00982878$ & $-0.0503973$ & $0.0293608$ & $0.041383$ & $0.0407554$ & $0.0524841$ & $0.000136693$ & $0.036566$ & $-0.00547302$ & $0.035628$ & $0.0491603$ & $0.0485621$ & $0.0365206$ & $0.00584054$ & $0.00538934$ & $0.00910326$ & $-0.0675754$ & $-0.0142846$ & $0.0244532$ & $-0.00138593$ & $0.0404761$ & $0.33997$ & $0.00585994$ & $-0.0444136$ & $-0.0236934$ & $0.122223$ & $-0.175464$ & $-0.00833466$ & $0.00539184$ & $0.0755318$ & $-0.00670064$ & $0.0772706$ & $0.00207003$ & $0.0798633$ & $-0.184892$ & $0.0489519$ & $-0.0475564$ & $1$ & $-0.0420882$ & $-0.210193$ \\
eHbbint & $0.114943$ & $-0.0503841$ & $-0.0620786$ & $-0.0415542$ & $-0.0145054$ & $-0.0145378$ & $0.000371678$ & $-0.00484031$ & $-0.00926601$ & $0.0324529$ & $0.00201962$ & $0.0109273$ & $-0.00245312$ & $0.0248511$ & $-0.0324285$ & $-0.0394178$ & $-0.00436616$ & $0.0233274$ & $0.0355569$ & $-0.0109876$ & $-0.00255149$ & $0.00265038$ & $-0.0207118$ & $-0.00622614$ & $0.013493$ & $0.0217397$ & $0.0308969$ & $-0.0170619$ & $-0.027338$ & $0.00969653$ & $0.0250366$ & $0.0161988$ & $0.122607$ & $0.0123432$ & $0.162492$ & $-0.0445348$ & $-0.123406$ & $0.00501706$ & $0.0710568$ & $-0.0142831$ & $0.0461492$ & $0.0502774$ & $0.0163342$ & $0.0724624$ & $-0.124002$ & $0.0107568$ & $-0.0420882$ & $1$ & $-0.0671762$ \\
eHbbpar & $-0.106699$ & $0.0823412$ & $0.00362437$ & $-0.117543$ & $-0.00973485$ & $0.01047$ & $-0.0680185$ & $-0.0194655$ & $-0.029894$ & $-0.022074$ & $0.0151489$ & $-0.0341765$ & $-0.0295086$ & $0.0132577$ & $-0.0432296$ & $-0.0372097$ & $7.15158e-06$ & $0.0338376$ & $0.0290949$ & $-0.0142807$ & $-0.00735218$ & $-0.0135856$ & $-0.00333277$ & $-0.00306124$ & $0.0442495$ & $0.0205966$ & $0.0267041$ & $-0.023237$ & $-0.00877333$ & $-0.0609987$ & $-0.0961131$ & $-0.0840492$ & $0.397567$ & $0.0157012$ & $-0.0692856$ & $0.104683$ & $-0.0254511$ & $0.00949545$ & $0.0192048$ & $-0.014247$ & $-0.0393206$ & $-0.0344347$ & $-0.0487007$ & $0.163248$ & $-0.19439$ & $-0.0976208$ & $-0.210193$ & $-0.0671762$ & $1$ \\
