 & AlsMz & dAle5Mz & mtop & mHl & Mz & CW & CHG & CHWB & CHWHB_gaga & CHWHB_gagaorth & CHD & CHbox & CH & CHL1_11 & CHL1_22 & CHL1_33 & CHL3_11 & CHL3_22 & CHL3_33 & CHe_11 & CHe_22 & CHe_33 & CHQ1_11 & CHQ1_33 & CHQ3_11 & CHu_11 & CHd_11 & CHd_33 & CeH_22r & CeH_33r & CuH_22r & CuH_33r & CdH_33r & CLL_1221 & eHggint & eHggpar & eHWWint & eHWWpar & eHZZint & eHZZpar & eHZgaint & eHZgapar & eHgagaint & eHmumuint & eHtautauint & eHccint & eHccpar & eHbbint & eHbbpar \\
AlsMz & $1$ & $-0.231159$ & $-0.188359$ & $0.0119816$ & $-0.00499976$ & $0.00134235$ & $-0.0549614$ & $-0.00236219$ & $-0.00222713$ & $0.00932561$ & $-0.00461725$ & $0.0778709$ & $0.0705435$ & $0.00182261$ & $-0.00962892$ & $0.00827955$ & $0.00648646$ & $0.0117405$ & $0.00750313$ & $-0.00314512$ & $-0.00212534$ & $-0.00100087$ & $-0.0260102$ & $-0.033638$ & $-0.0449454$ & $0.0108685$ & $-0.00299123$ & $0.0146488$ & $0.022794$ & $0.0551075$ & $0.0510728$ & $-0.0372991$ & $0.0633839$ & $-0.00111622$ & $-0.0258441$ & $0.204232$ & $0.123579$ & $-0.00817549$ & $0.353282$ & $0.023542$ & $-0.219674$ & $0.0283825$ & $-0.0261831$ & $0.0673619$ & $0.0332639$ & $0.267394$ & $0.096916$ & $-0.248032$ & $0.132504$ \\
dAle5Mz & $-0.231159$ & $1$ & $0.0051773$ & $0.0498116$ & $-0.0399394$ & $-0.0335288$ & $-0.0813773$ & $-0.0397305$ & $-0.0329384$ & $-0.00169333$ & $0.0152342$ & $0.115335$ & $0.120047$ & $0.0107326$ & $0.00371847$ & $-0.0299354$ & $0.0500505$ & $0.0316243$ & $0.0515156$ & $-0.00610492$ & $-0.00374287$ & $-0.00182914$ & $0.0121838$ & $0.0409637$ & $0.0598723$ & $0.00630039$ & $0.0125065$ & $-0.0132586$ & $0.101536$ & $0.111576$ & $0.103043$ & $-0.0624471$ & $0.145948$ & $-0.000243726$ & $-0.139029$ & $-0.0668891$ & $-0.204912$ & $-0.013168$ & $-0.209595$ & $0.00030767$ & $0.0814513$ & $-0.0383138$ & $-0.0239155$ & $-0.148148$ & $0.0766643$ & $-0.105261$ & $0.199804$ & $0.078122$ & $-0.0126997$ \\
mtop & $-0.188359$ & $0.0051773$ & $1$ & $-0.0928177$ & $0.00412393$ & $-0.011765$ & $-0.0206617$ & $0.0354053$ & $0.0318266$ & $-0.019015$ & $-0.0417048$ & $-0.0214029$ & $-0.004239$ & $0.0281012$ & $0.057247$ & $0.0408895$ & $0.0203856$ & $-0.00722978$ & $-0.00192997$ & $0.0515008$ & $0.0423209$ & $0.0390051$ & $-0.0252667$ & $0.0175757$ & $0.0162571$ & $-0.0150801$ & $-0.00446939$ & $0.0190264$ & $-0.0639607$ & $-0.0099608$ & $-0.0476257$ & $-0.0334447$ & $-0.0568758$ & $-0.0134939$ & $-0.0349136$ & $-0.00917632$ & $0.0279355$ & $-0.00763437$ & $0.109053$ & $0.0430452$ & $-0.140438$ & $-0.0795316$ & $0.0545857$ & $-0.098492$ & $0.029353$ & $-0.138485$ & $-0.187275$ & $-0.169438$ & $-0.0645512$ \\
mHl & $0.0119816$ & $0.0498116$ & $-0.0928177$ & $1$ & $0.0101598$ & $0.0218723$ & $0.0797427$ & $-0.0194237$ & $-0.0192751$ & $0.012525$ & $0.0320522$ & $-0.131669$ & $-0.132306$ & $-0.02304$ & $-0.0176034$ & $-0.018862$ & $-0.0379448$ & $-0.0193704$ & $-0.0185693$ & $-0.0317454$ & $-0.0320632$ & $-0.0310909$ & $-0.0317029$ & $-0.0168126$ & $-0.0284843$ & $0.0340971$ & $-0.021217$ & $-0.0283965$ & $-0.0298279$ & $-0.0770416$ & $0.00149306$ & $0.080343$ & $-0.0314188$ & $-0.0120769$ & $0.342171$ & $-0.160415$ & $-0.149115$ & $-0.00326798$ & $-0.0690206$ & $-0.0253214$ & $0.250328$ & $0.0381236$ & $0.0547973$ & $0.0261064$ & $0.0599538$ & $0.0276967$ & $0.133494$ & $0.0557462$ & $0.188194$ \\
Mz & $-0.00499976$ & $-0.0399394$ & $0.00412393$ & $0.0101598$ & $1$ & $0.0217922$ & $0.0113028$ & $-0.0104957$ & $-0.0134532$ & $-0.00739817$ & $0.0127378$ & $-0.019322$ & $-0.0216695$ & $0.0120395$ & $-0.0250199$ & $-0.000541749$ & $0.00325646$ & $0.0210393$ & $0.00646814$ & $-0.00901374$ & $-0.00584889$ & $-0.00289992$ & $0.0170741$ & $0.0116535$ & $0.0286632$ & $0.00406027$ & $0.0321443$ & $0.00255274$ & $-0.0226855$ & $-0.0130152$ & $-0.0196584$ & $0.00541779$ & $-0.0169914$ & $0.00658578$ & $0.007308$ & $0.0364557$ & $0.0151345$ & $0.00309794$ & $0.0151984$ & $-0.018286$ & $0.0232983$ & $0.00368824$ & $-0.0240853$ & $0.00608752$ & $-0.00290783$ & $0.00121699$ & $-0.0145611$ & $-0.0172632$ & $-0.00622668$ \\
CW & $0.00134235$ & $-0.0335288$ & $-0.011765$ & $0.0218723$ & $0.0217922$ & $1$ & $0.0242238$ & $-0.0134018$ & $-0.0125045$ & $-0.0104541$ & $0.118229$ & $-0.0196709$ & $-0.0453047$ & $-0.00802965$ & $-0.0583316$ & $-0.0522174$ & $-0.364951$ & $-0.171441$ & $-0.172199$ & $-0.11439$ & $-0.122721$ & $-0.11835$ & $-0.0226344$ & $-0.132881$ & $-0.218009$ & $0.0908704$ & $-0.0773166$ & $-0.0384881$ & $-0.00104441$ & $-0.0372489$ & $-0.0241988$ & $0.0232464$ & $-0.0338183$ & $-0.0990732$ & $0.0247668$ & $0.00640563$ & $0.00286664$ & $0.0270419$ & $0.0379602$ & $-0.00357499$ & $0.00568419$ & $0.00745666$ & $0.014644$ & $0.0247203$ & $-0.0280376$ & $0.0156713$ & $0.0334695$ & $-0.00822927$ & $0.0148331$ \\
CHG & $-0.0549614$ & $-0.0813773$ & $-0.0206617$ & $0.0797427$ & $0.0113028$ & $0.0242238$ & $1$ & $-0.0466184$ & $-0.0196708$ & $0.183487$ & $0.0667629$ & $-0.698479$ & $-0.744979$ & $-0.0534704$ & $-0.00581718$ & $-0.00579571$ & $-0.0498742$ & $-0.0411407$ & $-0.043534$ & $-0.0631632$ & $-0.0704753$ & $-0.0706365$ & $-0.0250937$ & $0.00555201$ & $-0.043939$ & $0.0589335$ & $-0.0581097$ & $-0.0207709$ & $-0.140755$ & $-0.559934$ & $-0.358041$ & $0.953904$ & $-0.558568$ & $-0.0510697$ & $-0.00795729$ & $0.0487159$ & $-0.0605926$ & $0.0234274$ & $0.0562937$ & $-0.0458303$ & $0.0989562$ & $-0.0414917$ & $-0.0146604$ & $0.128119$ & $-0.0732976$ & $-0.0324304$ & $-0.110425$ & $0.0915472$ & $0.0982483$ \\
CHWB & $-0.00236219$ & $-0.0397305$ & $0.0354053$ & $-0.0194237$ & $-0.0104957$ & $-0.0134018$ & $-0.0466184$ & $1$ & $0.990034$ & $-0.572159$ & $-0.875977$ & $-0.0111618$ & $0.0680861$ & $0.283966$ & $0.467576$ & $0.436131$ & $-0.220993$ & $-0.403285$ & $-0.388113$ & $0.860081$ & $0.889203$ & $0.88185$ & $0.0774955$ & $-0.629536$ & $-0.354185$ & $-0.63611$ & $0.439703$ & $0.415678$ & $0.0114159$ & $0.0791005$ & $0.0715567$ & $-0.0382689$ & $0.0757319$ & $0.537328$ & $0.0257421$ & $-0.0235799$ & $-0.0313976$ & $0.0148743$ & $0.0175458$ & $-9.32474e-05$ & $-0.0380759$ & $0.00421887$ & $0.00648081$ & $0.0377552$ & $0.0145943$ & $-0.00497712$ & $-0.0223556$ & $-0.0141134$ & $-0.0258536$ \\
CHWHB_gaga & $-0.00222713$ & $-0.0329384$ & $0.0318266$ & $-0.0192751$ & $-0.0134532$ & $-0.0125045$ & $-0.0196708$ & $0.990034$ & $1$ & $-0.568811$ & $-0.866741$ & $-0.0116748$ & $0.0659041$ & $0.280693$ & $0.461447$ & $0.431148$ & $-0.220143$ & $-0.399377$ & $-0.3857$ & $0.850916$ & $0.879969$ & $0.872216$ & $0.0745303$ & $-0.626697$ & $-0.350673$ & $-0.627374$ & $0.436197$ & $0.408386$ & $0.0157284$ & $0.0885477$ & $0.078861$ & $-0.0151128$ & $0.0904833$ & $0.533375$ & $0.0113631$ & $-0.0167103$ & $-0.0369325$ & $0.0185683$ & $0.0207928$ & $0.00335332$ & $-0.0322065$ & $0.00370885$ & $0.0409184$ & $0.0424432$ & $0.00527906$ & $-0.00291121$ & $-0.0159097$ & $-0.0137025$ & $-0.0167341$ \\
CHWHB_gagaorth & $0.00932561$ & $-0.00169333$ & $-0.019015$ & $0.012525$ & $-0.00739817$ & $-0.0104541$ & $0.183487$ & $-0.572159$ & $-0.568811$ & $1$ & $0.48133$ & $-0.0659306$ & $-0.249612$ & $-0.129085$ & $-0.251969$ & $-0.240648$ & $0.167094$ & $0.261854$ & $0.258561$ & $-0.472474$ & $-0.491118$ & $-0.483966$ & $-0.0633763$ & $0.385951$ & $0.234155$ & $0.361304$ & $-0.260067$ & $-0.230989$ & $-0.0279599$ & $-0.222421$ & $-0.166695$ & $0.181218$ & $-0.253449$ & $-0.318641$ & $0.029226$ & $0.016071$ & $-0.00171761$ & $-0.00725733$ & $0.0095283$ & $-0.0266354$ & $0.0233407$ & $-0.0525665$ & $0.000346325$ & $-0.0142456$ & $-0.0314514$ & $-0.0190262$ & $-0.0592865$ & $0.04194$ & $0.0421602$ \\
CHD & $-0.00461725$ & $0.0152342$ & $-0.0417048$ & $0.0320522$ & $0.0127378$ & $0.118229$ & $0.0667629$ & $-0.875977$ & $-0.866741$ & $0.48133$ & $1$ & $0.00698573$ & $-0.101743$ & $-0.671516$ & $-0.581088$ & $-0.548006$ & $-0.248445$ & $-0.0204076$ & $-0.0326808$ & $-0.995119$ & $-0.995185$ & $-0.983747$ & $-0.0141812$ & $0.21947$ & $-0.0799693$ & $0.710369$ & $-0.310972$ & $-0.458212$ & $-0.0176436$ & $-0.111393$ & $-0.0953687$ & $0.0624775$ & $-0.121321$ & $-0.331856$ & $-0.0298519$ & $0.0289642$ & $0.0241033$ & $0.0124816$ & $-0.0323186$ & $-0.00295833$ & $0.0417662$ & $-0.0103705$ & $-0.00707316$ & $-0.0298575$ & $-0.00800216$ & $-0.000723401$ & $0.0107287$ & $-0.0019623$ & $0.00947186$ \\
CHbox & $0.0778709$ & $0.115335$ & $-0.0214029$ & $-0.131669$ & $-0.019322$ & $-0.0196709$ & $-0.698479$ & $-0.0111618$ & $-0.0116748$ & $-0.0659306$ & $0.00698573$ & $1$ & $0.942759$ & $-0.0172736$ & $-0.0204028$ & $-0.0140539$ & $0.0231013$ & $0.0165142$ & $0.013182$ & $-0.00783279$ & $-0.00367765$ & $-0.00288961$ & $0.0294236$ & $-0.009038$ & $0.0175558$ & $-0.0109323$ & $0.0219345$ & $-0.0165542$ & $0.199972$ & $0.669222$ & $0.412955$ & $-0.600042$ & $0.689738$ & $0.0247428$ & $-0.0244345$ & $-0.000915713$ & $0.0716252$ & $0.00257047$ & $-0.0988559$ & $0.0434611$ & $-0.117744$ & $-0.00716676$ & $-0.043081$ & $-0.146972$ & $0.0405569$ & $-0.0180496$ & $0.0678392$ & $-0.0630348$ & $-0.119983$ \\
CH & $0.0705435$ & $0.120047$ & $-0.004239$ & $-0.132306$ & $-0.0216695$ & $-0.0453047$ & $-0.744979$ & $0.0680861$ & $0.0659041$ & $-0.249612$ & $-0.101743$ & $0.942759$ & $1$ & $0.0800131$ & $0.0280541$ & $0.0243916$ & $0.0850349$ & $0.0569504$ & $0.0600332$ & $0.0976322$ & $0.10624$ & $0.104938$ & $0.0380786$ & $-0.00191268$ & $0.0649977$ & $-0.0899538$ & $0.067161$ & $0.0473838$ & $0.209077$ & $0.689333$ & $0.428924$ & $-0.66092$ & $0.7064$ & $0.0609556$ & $-0.053699$ & $-0.0300962$ & $0.06334$ & $-0.00896987$ & $-0.083226$ & $0.0572581$ & $-0.147096$ & $0.00951374$ & $-0.0300084$ & $-0.148628$ & $0.0287068$ & $-0.00646658$ & $0.0812643$ & $-0.0740513$ & $-0.12049$ \\
CHL1_11 & $0.00182261$ & $0.0107326$ & $0.0281012$ & $-0.02304$ & $0.0120395$ & $-0.00802965$ & $-0.0534704$ & $0.283966$ & $0.280693$ & $-0.129085$ & $-0.671516$ & $-0.0172736$ & $0.0800131$ & $1$ & $0.415973$ & $0.387053$ & $0.632234$ & $0.588851$ & $0.597923$ & $0.681021$ & $0.645014$ & $0.634004$ & $-0.091699$ & $0.428108$ & $0.605807$ & $-0.449897$ & $-0.0257818$ & $0.297013$ & $0.0136152$ & $0.0891869$ & $0.0710174$ & $-0.0584556$ & $0.114026$ & $-0.165466$ & $0.0279163$ & $-0.0177149$ & $-0.00681901$ & $-0.0350144$ & $0.0381981$ & $0.00317528$ & $-0.027373$ & $0.0100627$ & $0.0142735$ & $0.010337$ & $-0.00784181$ & $0.0178806$ & $0.0135268$ & $0.0173412$ & $0.0245466$ \\
CHL1_22 & $-0.00962892$ & $0.00371847$ & $0.057247$ & $-0.0176034$ & $-0.0250199$ & $-0.0583316$ & $-0.00581718$ & $0.467576$ & $0.461447$ & $-0.251969$ & $-0.581088$ & $-0.0204028$ & $0.0280541$ & $0.415973$ & $1$ & $0.534075$ & $0.173671$ & $-0.301004$ & $0.00242598$ & $0.62316$ & $0.526479$ & $0.51497$ & $-0.151857$ & $0.0284899$ & $-0.0592603$ & $-0.384103$ & $-0.275882$ & $0.243064$ & $0.00142267$ & $0.0482124$ & $0.0325604$ & $-0.00312793$ & $0.0375211$ & $-0.45325$ & $0.021227$ & $-0.0323267$ & $-0.0373983$ & $0.00852894$ & $0.0299001$ & $-0.00407732$ & $-0.0626889$ & $0.0108995$ & $-0.024592$ & $-0.00408229$ & $0.00392487$ & $-0.0280408$ & $-0.0290208$ & $0.0120446$ & $-0.0479418$ \\
CHL1_33 & $0.00827955$ & $-0.0299354$ & $0.0408895$ & $-0.018862$ & $-0.000541749$ & $-0.0522174$ & $-0.00579571$ & $0.436131$ & $0.431148$ & $-0.240648$ & $-0.548006$ & $-0.0140539$ & $0.0243916$ & $0.387053$ & $0.534075$ & $1$ & $0.176001$ & $0.00573219$ & $-0.302809$ & $0.590008$ & $0.492526$ & $0.498921$ & $-0.143692$ & $0.0503705$ & $-0.0547494$ & $-0.361468$ & $-0.279924$ & $0.239662$ & $0.0025052$ & $0.0439401$ & $0.0323573$ & $-7.21997e-05$ & $0.0574812$ & $-0.0268925$ & $0.0220838$ & $0.00110853$ & $-0.00756171$ & $0.0200722$ & $0.0341036$ & $-0.00481679$ & $-0.0268563$ & $0.0080306$ & $-0.0207715$ & $-0.0156881$ & $0.0150531$ & $-0.0337074$ & $-0.00492081$ & $-0.00855795$ & $-0.027259$ \\
CHL3_11 & $0.00648646$ & $0.0500505$ & $0.0203856$ & $-0.0379448$ & $0.00325646$ & $-0.364951$ & $-0.0498742$ & $-0.220993$ & $-0.220143$ & $0.167094$ & $-0.248445$ & $0.0231013$ & $0.0850349$ & $0.632234$ & $0.173671$ & $0.176001$ & $1$ & $0.82418$ & $0.815541$ & $0.259984$ & $0.226128$ & $0.218283$ & $-0.0792762$ & $0.756585$ & $0.861422$ & $-0.163562$ & $-0.147886$ & $0.0858671$ & $0.0171377$ & $0.0749903$ & $0.0578891$ & $-0.0580936$ & $0.0985647$ & $-0.253456$ & $0.00111865$ & $-0.0150628$ & $0.0215262$ & $-0.0622054$ & $0.019656$ & $0.00634853$ & $-0.000296557$ & $0.0138321$ & $-0.00412135$ & $-0.0119316$ & $-0.0139196$ & $0.00902551$ & $0.0180846$ & $0.0365411$ & $0.0246775$ \\
CHL3_22 & $0.0117405$ & $0.0316243$ & $-0.00722978$ & $-0.0193704$ & $0.0210393$ & $-0.171441$ & $-0.0411407$ & $-0.403285$ & $-0.399377$ & $0.261854$ & $-0.0204076$ & $0.0165142$ & $0.0569504$ & $0.588851$ & $-0.301004$ & $0.00573219$ & $0.82418$ & $1$ & $0.788591$ & $0.0194059$ & $0.0161211$ & $0.0149423$ & $-0.0376989$ & $0.747905$ & $0.87291$ & $-0.0031746$ & $-0.0619831$ & $-0.00218866$ & $0.0118684$ & $0.0438087$ & $0.0359071$ & $-0.0506414$ & $0.0774965$ & $-0.0815413$ & $0.000781921$ & $0.00499145$ & $0.0383997$ & $-0.0583471$ & $0.0160545$ & $0.00792704$ & $0.0262076$ & $0.00691858$ & $0.0169282$ & $-0.00732054$ & $-0.0172616$ & $0.0251264$ & $0.0338108$ & $0.0230299$ & $0.0560094$ \\
CHL3_33 & $0.00750313$ & $0.0515156$ & $-0.00192997$ & $-0.0185693$ & $0.00646814$ & $-0.172199$ & $-0.043534$ & $-0.388113$ & $-0.3857$ & $0.258561$ & $-0.0326808$ & $0.013182$ & $0.0600332$ & $0.597923$ & $0.00242598$ & $-0.302809$ & $0.815541$ & $0.788591$ & $1$ & $0.0312117$ & $0.0305005$ & $0.0286734$ & $-0.0409231$ & $0.730725$ & $0.867421$ & $-0.0125175$ & $-0.0526767$ & $-0.00430968$ & $0.0115027$ & $0.0455573$ & $0.0340933$ & $-0.0539697$ & $0.0634876$ & $-0.367942$ & $-0.00141634$ & $-0.010186$ & $0.0186126$ & $-0.0617689$ & $0.0130739$ & $0.0095482$ & $0.00413807$ & $0.0145722$ & $0.0122494$ & $0.000821094$ & $-0.0240522$ & $0.0324618$ & $0.0207872$ & $0.032766$ & $0.0418838$ \\
CHe_11 & $-0.00314512$ & $-0.00610492$ & $0.0515008$ & $-0.0317454$ & $-0.00901374$ & $-0.11439$ & $-0.0631632$ & $0.860081$ & $0.850916$ & $-0.472474$ & $-0.995119$ & $-0.00783279$ & $0.0976322$ & $0.681021$ & $0.62316$ & $0.590008$ & $0.259984$ & $0.0194059$ & $0.0312117$ & $1$ & $0.985338$ & $0.973869$ & $-0.00489604$ & $-0.186221$ & $0.0838482$ & $-0.703811$ & $0.257818$ & $0.453971$ & $0.016111$ & $0.108076$ & $0.0916549$ & $-0.0586446$ & $0.118043$ & $0.276053$ & $0.0286703$ & $-0.0311913$ & $-0.0241816$ & $-0.011619$ & $0.0316377$ & $0.00199887$ & $-0.0420342$ & $0.010994$ & $0.0034857$ & $0.0256667$ & $0.00806886$ & $-0.00693634$ & $-0.0136142$ & $0.00305305$ & $-0.0125405$ \\
CHe_22 & $-0.00212534$ & $-0.00374287$ & $0.0423209$ & $-0.0320632$ & $-0.00584889$ & $-0.122721$ & $-0.0704753$ & $0.889203$ & $0.879969$ & $-0.491118$ & $-0.995185$ & $-0.00367765$ & $0.10624$ & $0.645014$ & $0.526479$ & $0.492526$ & $0.226128$ & $0.0161211$ & $0.0305005$ & $0.985338$ & $1$ & $0.987237$ & $0.0359173$ & $-0.259388$ & $0.0713117$ & $-0.711687$ & $0.373061$ & $0.459195$ & $0.0196525$ & $0.113548$ & $0.0972641$ & $-0.0660879$ & $0.123861$ & $0.396569$ & $0.0259553$ & $-0.0308053$ & $-0.0247974$ & $-0.0131284$ & $0.0250811$ & $0.00382841$ & $-0.03646$ & $0.0104559$ & $0.00808555$ & $0.0323945$ & $0.00890611$ & $0.00081457$ & $-0.00995012$ & $0.00215252$ & $-0.00806136$ \\
CHe_33 & $-0.00100087$ & $-0.00182914$ & $0.0390051$ & $-0.0310909$ & $-0.00289992$ & $-0.11835$ & $-0.0706365$ & $0.88185$ & $0.872216$ & $-0.483966$ & $-0.983747$ & $-0.00288961$ & $0.104938$ & $0.634004$ & $0.51497$ & $0.498921$ & $0.218283$ & $0.0149423$ & $0.0286734$ & $0.973869$ & $0.987237$ & $1$ & $0.0376915$ & $-0.260138$ & $0.0672797$ & $-0.704768$ & $0.37426$ & $0.457294$ & $0.0184548$ & $0.110375$ & $0.0949216$ & $-0.0651787$ & $0.12182$ & $0.40119$ & $0.0282126$ & $-0.0225439$ & $-0.0279416$ & $-0.0121093$ & $0.0245125$ & $0.00541814$ & $-0.0324317$ & $0.0138831$ & $0.00874296$ & $0.032585$ & $0.00389052$ & $0.00455409$ & $-0.00951792$ & $0.00147511$ & $-0.00919223$ \\
CHQ1_11 & $-0.0260102$ & $0.0121838$ & $-0.0252667$ & $-0.0317029$ & $0.0170741$ & $-0.0226344$ & $-0.0250937$ & $0.0774955$ & $0.0745303$ & $-0.0633763$ & $-0.0141812$ & $0.0294236$ & $0.0380786$ & $-0.091699$ & $-0.151857$ & $-0.143692$ & $-0.0792762$ & $-0.0376989$ & $-0.0409231$ & $-0.00489604$ & $0.0359173$ & $0.0376915$ & $1$ & $-0.156206$ & $0.0257562$ & $-0.579298$ & $0.35771$ & $0.0145861$ & $0.0426575$ & $0.0121487$ & $0.0191489$ & $-0.0270991$ & $0.000658403$ & $0.225039$ & $-0.000744858$ & $-0.00977588$ & $0.0139469$ & $-0.0116471$ & $0.00985888$ & $-0.0291363$ & $0.0262642$ & $-0.00557894$ & $0.00265976$ & $0.0405426$ & $-0.0317464$ & $0.0310189$ & $0.0366112$ & $0.0177234$ & $-0.040226$ \\
CHQ1_33 & $-0.033638$ & $0.0409637$ & $0.0175757$ & $-0.0168126$ & $0.0116535$ & $-0.132881$ & $0.00555201$ & $-0.629536$ & $-0.626697$ & $0.385951$ & $0.21947$ & $-0.009038$ & $-0.00191268$ & $0.428108$ & $0.0284899$ & $0.0503705$ & $0.756585$ & $0.747905$ & $0.730725$ & $-0.186221$ & $-0.259388$ & $-0.260138$ & $-0.156206$ & $1$ & $0.747985$ & $0.186298$ & $-0.421974$ & $-0.057668$ & $-0.00753192$ & $-0.00223371$ & $-0.0113816$ & $-0.00329826$ & $0.00877233$ & $-0.610246$ & $0.0120317$ & $-0.00932437$ & $0.0224548$ & $-0.0495359$ & $0.00532841$ & $0.000181859$ & $0.00709677$ & $0.00644764$ & $-0.0132326$ & $-0.026892$ & $-0.0123655$ & $-0.00810794$ & $0.00624366$ & $0.0382915$ & $0.0157792$ \\
CHQ3_11 & $-0.0449454$ & $0.0598723$ & $0.0162571$ & $-0.0284843$ & $0.0286632$ & $-0.218009$ & $-0.043939$ & $-0.354185$ & $-0.350673$ & $0.234155$ & $-0.0799693$ & $0.0175558$ & $0.0649977$ & $0.605807$ & $-0.0592603$ & $-0.0547494$ & $0.861422$ & $0.87291$ & $0.867421$ & $0.0838482$ & $0.0713117$ & $0.0672797$ & $0.0257562$ & $0.747985$ & $1$ & $-0.0459032$ & $0.109863$ & $0.0181731$ & $0.0214006$ & $0.0528996$ & $0.0441134$ & $-0.0544328$ & $0.0723878$ & $-0.243731$ & $0.00453012$ & $-0.0227634$ & $0.0214725$ & $-0.0644726$ & $0.00335198$ & $0.00199823$ & $0.00911037$ & $0.00953043$ & $0.0145536$ & $-0.00446779$ & $-0.0261819$ & $0.0131323$ & $0.0278616$ & $0.0479446$ & $0.0205507$ \\
CHu_11 & $0.0108685$ & $0.00630039$ & $-0.0150801$ & $0.0340971$ & $0.00406027$ & $0.0908704$ & $0.0589335$ & $-0.63611$ & $-0.627374$ & $0.361304$ & $0.710369$ & $-0.0109323$ & $-0.0899538$ & $-0.449897$ & $-0.384103$ & $-0.361468$ & $-0.163562$ & $-0.0031746$ & $-0.0125175$ & $-0.703811$ & $-0.711687$ & $-0.704768$ & $-0.579298$ & $0.186298$ & $-0.0459032$ & $1$ & $-0.23952$ & $-0.331174$ & $-0.0338172$ & $-0.0854576$ & $-0.0760257$ & $0.0554503$ & $-0.089057$ & $-0.280881$ & $-0.0243451$ & $0.0282156$ & $0.0111207$ & $0.00571263$ & $-0.0374674$ & $0.0239257$ & $0.0129192$ & $-0.0176991$ & $0.00934306$ & $-0.0369731$ & $0.00290259$ & $-0.020628$ & $-0.0117937$ & $-0.00225588$ & $0.0328112$ \\
CHd_11 & $-0.00299123$ & $0.0125065$ & $-0.00446939$ & $-0.021217$ & $0.0321443$ & $-0.0773166$ & $-0.0581097$ & $0.439703$ & $0.436197$ & $-0.260067$ & $-0.310972$ & $0.0219345$ & $0.067161$ & $-0.0257818$ & $-0.275882$ & $-0.279924$ & $-0.147886$ & $-0.0619831$ & $-0.0526767$ & $0.257818$ & $0.373061$ & $0.37426$ & $0.35771$ & $-0.421974$ & $0.109863$ & $-0.23952$ & $1$ & $0.152185$ & $0.029894$ & $0.0535093$ & $0.0595001$ & $-0.0548991$ & $0.0428778$ & $0.698033$ & $0.00752505$ & $-0.0181318$ & $0.000359633$ & $-0.026397$ & $-0.00693823$ & $-0.00160042$ & $-0.0105835$ & $-0.00292013$ & $0.0328507$ & $0.0504533$ & $-0.0106328$ & $0.0300588$ & $0.011988$ & $0.00588763$ & $-0.0106026$ \\
CHd_33 & $0.0146488$ & $-0.0132586$ & $0.0190264$ & $-0.0283965$ & $0.00255274$ & $-0.0384881$ & $-0.0207709$ & $0.415678$ & $0.408386$ & $-0.230989$ & $-0.458212$ & $-0.0165542$ & $0.0473838$ & $0.297013$ & $0.243064$ & $0.239662$ & $0.0858671$ & $-0.00218866$ & $-0.00430968$ & $0.453971$ & $0.459195$ & $0.457294$ & $0.0145861$ & $-0.057668$ & $0.0181731$ & $-0.331174$ & $0.152185$ & $1$ & $0.0147909$ & $0.0436134$ & $0.0492989$ & $-0.0229316$ & $0.0377726$ & $0.184678$ & $0.00648841$ & $-0.00282199$ & $-0.0202008$ & $-0.0296088$ & $0.00332123$ & $0.0198654$ & $-0.0417084$ & $-0.00943117$ & $-0.0333714$ & $0.0298596$ & $0.0579439$ & $-0.00734046$ & $0.0283951$ & $-0.0171256$ & $-0.0129519$ \\
CeH_22r & $0.022794$ & $0.101536$ & $-0.0639607$ & $-0.0298279$ & $-0.0226855$ & $-0.00104441$ & $-0.140755$ & $0.0114159$ & $0.0157284$ & $-0.0279599$ & $-0.0176436$ & $0.199972$ & $0.209077$ & $0.0136152$ & $0.00142267$ & $0.0025052$ & $0.0171377$ & $0.0118684$ & $0.0115027$ & $0.016111$ & $0.0196525$ & $0.0184548$ & $0.0426575$ & $-0.00753192$ & $0.0214006$ & $-0.0338172$ & $0.029894$ & $0.0147909$ & $1$ & $0.157882$ & $0.106727$ & $-0.136309$ & $0.163834$ & $0.0183495$ & $-0.0040205$ & $0.00966755$ & $0.0170969$ & $0.0226755$ & $-0.0351732$ & $-0.000266057$ & $-0.0339736$ & $0.00534702$ & $0.00925978$ & $-0.0163451$ & $-0.00576782$ & $-0.00889043$ & $0.0634269$ & $0.0113146$ & $0.00728765$ \\
CeH_33r & $0.0551075$ & $0.111576$ & $-0.0099608$ & $-0.0770416$ & $-0.0130152$ & $-0.0372489$ & $-0.559934$ & $0.0791005$ & $0.0885477$ & $-0.222421$ & $-0.111393$ & $0.669222$ & $0.689333$ & $0.0891869$ & $0.0482124$ & $0.0439401$ & $0.0749903$ & $0.0438087$ & $0.0455573$ & $0.108076$ & $0.113548$ & $0.110375$ & $0.0121487$ & $-0.00223371$ & $0.0528996$ & $-0.0854576$ & $0.0535093$ & $0.0436134$ & $0.157882$ & $1$ & $0.505582$ & $-0.417706$ & $0.82237$ & $0.0482498$ & $-0.0473962$ & $-0.0591591$ & $-0.0343145$ & $-0.0211859$ & $-0.0634408$ & $0.0351591$ & $-0.134554$ & $0.014481$ & $-0.0747547$ & $-0.114571$ & $0.0781853$ & $-0.000652089$ & $0.0624008$ & $-0.0522668$ & $-0.114873$ \\
CuH_22r & $0.0510728$ & $0.103043$ & $-0.0476257$ & $0.00149306$ & $-0.0196584$ & $-0.0241988$ & $-0.358041$ & $0.0715567$ & $0.078861$ & $-0.166695$ & $-0.0953687$ & $0.412955$ & $0.428924$ & $0.0710174$ & $0.0325604$ & $0.0323573$ & $0.0578891$ & $0.0359071$ & $0.0340933$ & $0.0916549$ & $0.0972641$ & $0.0949216$ & $0.0191489$ & $-0.0113816$ & $0.0441134$ & $-0.0760257$ & $0.0595001$ & $0.0492989$ & $0.106727$ & $0.505582$ & $1$ & $-0.253951$ & $0.553342$ & $0.0545083$ & $-0.043388$ & $-0.0146866$ & $-0.0570043$ & $-0.0252279$ & $-0.014296$ & $0.0373187$ & $-0.0568589$ & $0.00181409$ & $-0.0237714$ & $-0.0644122$ & $0.0418818$ & $0.0448298$ & $0.196812$ & $-0.0170844$ & $-0.081904$ \\
CuH_33r & $-0.0372991$ & $-0.0624471$ & $-0.0334447$ & $0.080343$ & $0.00541779$ & $0.0232464$ & $0.953904$ & $-0.0382689$ & $-0.0151128$ & $0.181218$ & $0.0624775$ & $-0.600042$ & $-0.66092$ & $-0.0584556$ & $-0.00312793$ & $-7.21997e-05$ & $-0.0580936$ & $-0.0506414$ & $-0.0539697$ & $-0.0586446$ & $-0.0660879$ & $-0.0651787$ & $-0.0270991$ & $-0.00329826$ & $-0.0544328$ & $0.0554503$ & $-0.0548991$ & $-0.0229316$ & $-0.136309$ & $-0.417706$ & $-0.253951$ & $1$ & $-0.389522$ & $-0.045014$ & $0.0226063$ & $0.061852$ & $-0.0893041$ & $0.0202324$ & $0.0536509$ & $-0.0425065$ & $0.0701642$ & $-0.0483441$ & $-0.0282938$ & $0.112458$ & $-0.0710673$ & $-0.0220512$ & $-0.119955$ & $0.109812$ & $0.0900232$ \\
CdH_33r & $0.0633839$ & $0.145948$ & $-0.0568758$ & $-0.0314188$ & $-0.0169914$ & $-0.0338183$ & $-0.558568$ & $0.0757319$ & $0.0904833$ & $-0.253449$ & $-0.121321$ & $0.689738$ & $0.7064$ & $0.114026$ & $0.0375211$ & $0.0574812$ & $0.0985647$ & $0.0774965$ & $0.0634876$ & $0.118043$ & $0.123861$ & $0.12182$ & $0.000658403$ & $0.00877233$ & $0.0723878$ & $-0.089057$ & $0.0428778$ & $0.0377726$ & $0.163834$ & $0.82237$ & $0.553342$ & $-0.389522$ & $1$ & $0.0564312$ & $-0.0410676$ & $-0.0444772$ & $-0.101936$ & $-0.0113501$ & $-0.088849$ & $0.0496307$ & $-0.0752882$ & $0.00559918$ & $-0.0103069$ & $-0.137547$ & $-0.0121313$ & $0.00410549$ & $0.0340798$ & $0.047805$ & $0.118057$ \\
CLL_1221 & $-0.00111622$ & $-0.000243726$ & $-0.0134939$ & $-0.0120769$ & $0.00658578$ & $-0.0990732$ & $-0.0510697$ & $0.537328$ & $0.533375$ & $-0.318641$ & $-0.331856$ & $0.0247428$ & $0.0609556$ & $-0.165466$ & $-0.45325$ & $-0.0268925$ & $-0.253456$ & $-0.0815413$ & $-0.367942$ & $0.276053$ & $0.396569$ & $0.40119$ & $0.225039$ & $-0.610246$ & $-0.243731$ & $-0.280881$ & $0.698033$ & $0.184678$ & $0.0183495$ & $0.0482498$ & $0.0545083$ & $-0.045014$ & $0.0564312$ & $1$ & $-0.00449853$ & $0.00125535$ & $0.00367363$ & $-0.00236855$ & $-0.0203703$ & $0.0047622$ & $0.0261733$ & $-0.00553337$ & $0.0230238$ & $0.0344188$ & $0.0109678$ & $0.015042$ & $0.0111967$ & $-0.016512$ & $0.0123047$ \\
eHggint & $-0.0258441$ & $-0.139029$ & $-0.0349136$ & $0.342171$ & $0.007308$ & $0.0247668$ & $-0.00795729$ & $0.0257421$ & $0.0113631$ & $0.029226$ & $-0.0298519$ & $-0.0244345$ & $-0.053699$ & $0.0279163$ & $0.021227$ & $0.0220838$ & $0.00111865$ & $0.000781921$ & $-0.00141634$ & $0.0286703$ & $0.0259553$ & $0.0282126$ & $-0.000744858$ & $0.0120317$ & $0.00453012$ & $-0.0243451$ & $0.00752505$ & $0.00648841$ & $-0.0040205$ & $-0.0473962$ & $-0.043388$ & $0.0226063$ & $-0.0410676$ & $-0.00449853$ & $1$ & $-0.0953249$ & $-0.0462626$ & $-0.0209966$ & $0.0132837$ & $-0.0303897$ & $0.0352479$ & $-0.0519569$ & $0.0347028$ & $0.211451$ & $0.105129$ & $0.214463$ & $-0.0572139$ & $0.12071$ & $0.0300772$ \\
eHggpar & $0.204232$ & $-0.0668891$ & $-0.00917632$ & $-0.160415$ & $0.0364557$ & $0.00640563$ & $0.0487159$ & $-0.0235799$ & $-0.0167103$ & $0.016071$ & $0.0289642$ & $-0.000915713$ & $-0.0300962$ & $-0.0177149$ & $-0.0323267$ & $0.00110853$ & $-0.0150628$ & $0.00499145$ & $-0.010186$ & $-0.0311913$ & $-0.0308053$ & $-0.0225439$ & $-0.00977588$ & $-0.00932437$ & $-0.0227634$ & $0.0282156$ & $-0.0181318$ & $-0.00282199$ & $0.00966755$ & $-0.0591591$ & $-0.0146866$ & $0.061852$ & $-0.0444772$ & $0.00125535$ & $-0.0953249$ & $1$ & $0.0614075$ & $0.0280402$ & $-0.253378$ & $0.0563063$ & $0.0176998$ & $-0.0491037$ & $0.210303$ & $-0.160992$ & $-0.116602$ & $-0.178892$ & $0.00260823$ & $0.143831$ & $-0.0733914$ \\
eHWWint & $0.123579$ & $-0.204912$ & $0.0279355$ & $-0.149115$ & $0.0151345$ & $0.00286664$ & $-0.0605926$ & $-0.0313976$ & $-0.0369325$ & $-0.00171761$ & $0.0241033$ & $0.0716252$ & $0.06334$ & $-0.00681901$ & $-0.0373983$ & $-0.00756171$ & $0.0215262$ & $0.0383997$ & $0.0186126$ & $-0.0241816$ & $-0.0247974$ & $-0.0279416$ & $0.0139469$ & $0.0224548$ & $0.0214725$ & $0.0111207$ & $0.000359633$ & $-0.0202008$ & $0.0170969$ & $-0.0343145$ & $-0.0570043$ & $-0.0893041$ & $-0.101936$ & $0.00367363$ & $-0.0462626$ & $0.0614075$ & $1$ & $-0.0371015$ & $0.0559519$ & $-0.00706261$ & $0.0824839$ & $0.00678594$ & $0.0484073$ & $0.043436$ & $0.0868337$ & $-0.053346$ & $-0.00956918$ & $-0.263684$ & $-0.10136$ \\
eHWWpar & $-0.00817549$ & $-0.013168$ & $-0.00763437$ & $-0.00326798$ & $0.00309794$ & $0.0270419$ & $0.0234274$ & $0.0148743$ & $0.0185683$ & $-0.00725733$ & $0.0124816$ & $0.00257047$ & $-0.00896987$ & $-0.0350144$ & $0.00852894$ & $0.0200722$ & $-0.0622054$ & $-0.0583471$ & $-0.0617689$ & $-0.011619$ & $-0.0131284$ & $-0.0121093$ & $-0.0116471$ & $-0.0495359$ & $-0.0644726$ & $0.00571263$ & $-0.026397$ & $-0.0296088$ & $0.0226755$ & $-0.0211859$ & $-0.0252279$ & $0.0202324$ & $-0.0113501$ & $-0.00236855$ & $-0.0209966$ & $0.0280402$ & $-0.0371015$ & $1$ & $0.0131258$ & $0.0161419$ & $-0.00453835$ & $0.00428511$ & $-0.00567788$ & $0.0117909$ & $-0.0215056$ & $0.0630389$ & $0.00861232$ & $0.0491783$ & $0.0112437$ \\
eHZZint & $0.353282$ & $-0.209595$ & $0.109053$ & $-0.0690206$ & $0.0151984$ & $0.0379602$ & $0.0562937$ & $0.0175458$ & $0.0207928$ & $0.0095283$ & $-0.0323186$ & $-0.0988559$ & $-0.083226$ & $0.0381981$ & $0.0299001$ & $0.0341036$ & $0.019656$ & $0.0160545$ & $0.0130739$ & $0.0316377$ & $0.0250811$ & $0.0245125$ & $0.00985888$ & $0.00532841$ & $0.00335198$ & $-0.0374674$ & $-0.00693823$ & $0.00332123$ & $-0.0351732$ & $-0.0634408$ & $-0.014296$ & $0.0536509$ & $-0.088849$ & $-0.0203703$ & $0.0132837$ & $-0.253378$ & $0.0559519$ & $0.0131258$ & $1$ & $-0.0575391$ & $-0.236789$ & $0.00474681$ & $0.15382$ & $0.14335$ & $-0.150572$ & $0.437896$ & $0.0917002$ & $-0.137494$ & $-0.0028306$ \\
eHZZpar & $0.023542$ & $0.00030767$ & $0.0430452$ & $-0.0253214$ & $-0.018286$ & $-0.00357499$ & $-0.0458303$ & $-9.32474e-05$ & $0.00335332$ & $-0.0266354$ & $-0.00295833$ & $0.0434611$ & $0.0572581$ & $0.00317528$ & $-0.00407732$ & $-0.00481679$ & $0.00634853$ & $0.00792704$ & $0.0095482$ & $0.00199887$ & $0.00382841$ & $0.00541814$ & $-0.0291363$ & $0.000181859$ & $0.00199823$ & $0.0239257$ & $-0.00160042$ & $0.0198654$ & $-0.000266057$ & $0.0351591$ & $0.0373187$ & $-0.0425065$ & $0.0496307$ & $0.0047622$ & $-0.0303897$ & $0.0563063$ & $-0.00706261$ & $0.0161419$ & $-0.0575391$ & $1$ & $0.0316543$ & $-0.00897056$ & $0.0470863$ & $0.027286$ & $-0.0154023$ & $0.0823425$ & $0.0621083$ & $0.0312354$ & $0.00466121$ \\
eHZgaint & $-0.219674$ & $0.0814513$ & $-0.140438$ & $0.250328$ & $0.0232983$ & $0.00568419$ & $0.0989562$ & $-0.0380759$ & $-0.0322065$ & $0.0233407$ & $0.0417662$ & $-0.117744$ & $-0.147096$ & $-0.027373$ & $-0.0626889$ & $-0.0268563$ & $-0.000296557$ & $0.0262076$ & $0.00413807$ & $-0.0420342$ & $-0.03646$ & $-0.0324317$ & $0.0262642$ & $0.00709677$ & $0.00911037$ & $0.0129192$ & $-0.0105835$ & $-0.0417084$ & $-0.0339736$ & $-0.134554$ & $-0.0568589$ & $0.0701642$ & $-0.0752882$ & $0.0261733$ & $0.0352479$ & $0.0176998$ & $0.0824839$ & $-0.00453835$ & $-0.236789$ & $0.0316543$ & $1$ & $0.00931726$ & $0.0483835$ & $0.358505$ & $0.0443365$ & $-0.0816807$ & $0.149717$ & $0.098445$ & $0.21218$ \\
eHZgapar & $0.0283825$ & $-0.0383138$ & $-0.0795316$ & $0.0381236$ & $0.00368824$ & $0.00745666$ & $-0.0414917$ & $0.00421887$ & $0.00370885$ & $-0.0525665$ & $-0.0103705$ & $-0.00716676$ & $0.00951374$ & $0.0100627$ & $0.0108995$ & $0.0080306$ & $0.0138321$ & $0.00691858$ & $0.0145722$ & $0.010994$ & $0.0104559$ & $0.0138831$ & $-0.00557894$ & $0.00644764$ & $0.00953043$ & $-0.0176991$ & $-0.00292013$ & $-0.00943117$ & $0.00534702$ & $0.014481$ & $0.00181409$ & $-0.0483441$ & $0.00559918$ & $-0.00553337$ & $-0.0519569$ & $-0.0491037$ & $0.00678594$ & $0.00428511$ & $0.00474681$ & $-0.00897056$ & $0.00931726$ & $1$ & $-0.00810179$ & $0.0404237$ & $0.0175145$ & $0.0016478$ & $-0.0227534$ & $-0.0508408$ & $0.0330445$ \\
eHgagaint & $-0.0261831$ & $-0.0239155$ & $0.0545857$ & $0.0547973$ & $-0.0240853$ & $0.014644$ & $-0.0146604$ & $0.00648081$ & $0.0409184$ & $0.000346325$ & $-0.00707316$ & $-0.043081$ & $-0.0300084$ & $0.0142735$ & $-0.024592$ & $-0.0207715$ & $-0.00412135$ & $0.0169282$ & $0.0122494$ & $0.0034857$ & $0.00808555$ & $0.00874296$ & $0.00265976$ & $-0.0132326$ & $0.0145536$ & $0.00934306$ & $0.0328507$ & $-0.0333714$ & $0.00925978$ & $-0.0747547$ & $-0.0237714$ & $-0.0282938$ & $-0.0103069$ & $0.0230238$ & $0.0347028$ & $0.210303$ & $0.0484073$ & $-0.00567788$ & $0.15382$ & $0.0470863$ & $0.0483835$ & $-0.00810179$ & $1$ & $0.0966415$ & $-0.279733$ & $0.136074$ & $0.0383019$ & $0.0269789$ & $0.252709$ \\
eHmumuint & $0.0673619$ & $-0.148148$ & $-0.098492$ & $0.0261064$ & $0.00608752$ & $0.0247203$ & $0.128119$ & $0.0377552$ & $0.0424432$ & $-0.0142456$ & $-0.0298575$ & $-0.146972$ & $-0.148628$ & $0.010337$ & $-0.00408229$ & $-0.0156881$ & $-0.0119316$ & $-0.00732054$ & $0.000821094$ & $0.0256667$ & $0.0323945$ & $0.032585$ & $0.0405426$ & $-0.026892$ & $-0.00446779$ & $-0.0369731$ & $0.0504533$ & $0.0298596$ & $-0.0163451$ & $-0.114571$ & $-0.0644122$ & $0.112458$ & $-0.137547$ & $0.0344188$ & $0.211451$ & $-0.160992$ & $0.043436$ & $0.0117909$ & $0.14335$ & $0.027286$ & $0.358505$ & $0.0404237$ & $0.0966415$ & $1$ & $0.0155754$ & $0.166514$ & $0.136514$ & $0.0538505$ & $-0.0566208$ \\
eHtautauint & $0.0332639$ & $0.0766643$ & $0.029353$ & $0.0599538$ & $-0.00290783$ & $-0.0280376$ & $-0.0732976$ & $0.0145943$ & $0.00527906$ & $-0.0314514$ & $-0.00800216$ & $0.0405569$ & $0.0287068$ & $-0.00784181$ & $0.00392487$ & $0.0150531$ & $-0.0139196$ & $-0.0172616$ & $-0.0240522$ & $0.00806886$ & $0.00890611$ & $0.00389052$ & $-0.0317464$ & $-0.0123655$ & $-0.0261819$ & $0.00290259$ & $-0.0106328$ & $0.0579439$ & $-0.00576782$ & $0.0781853$ & $0.0418818$ & $-0.0710673$ & $-0.0121313$ & $0.0109678$ & $0.105129$ & $-0.116602$ & $0.0868337$ & $-0.0215056$ & $-0.150572$ & $-0.0154023$ & $0.0443365$ & $0.0175145$ & $-0.279733$ & $0.0155754$ & $1$ & $0.0103792$ & $0.171724$ & $-0.0820821$ & $-0.199429$ \\
eHccint & $0.267394$ & $-0.105261$ & $-0.138485$ & $0.0276967$ & $0.00121699$ & $0.0156713$ & $-0.0324304$ & $-0.00497712$ & $-0.00291121$ & $-0.0190262$ & $-0.000723401$ & $-0.0180496$ & $-0.00646658$ & $0.0178806$ & $-0.0280408$ & $-0.0337074$ & $0.00902551$ & $0.0251264$ & $0.0324618$ & $-0.00693634$ & $0.00081457$ & $0.00455409$ & $0.0310189$ & $-0.00810794$ & $0.0131323$ & $-0.020628$ & $0.0300588$ & $-0.00734046$ & $-0.00889043$ & $-0.000652089$ & $0.0448298$ & $-0.0220512$ & $0.00410549$ & $0.015042$ & $0.214463$ & $-0.178892$ & $-0.053346$ & $0.0630389$ & $0.437896$ & $0.0823425$ & $-0.0816807$ & $0.0016478$ & $0.136074$ & $0.166514$ & $0.0103792$ & $1$ & $0.265247$ & $-0.0857805$ & $0.0610671$ \\
eHccpar & $0.096916$ & $0.199804$ & $-0.187275$ & $0.133494$ & $-0.0145611$ & $0.0334695$ & $-0.110425$ & $-0.0223556$ & $-0.0159097$ & $-0.0592865$ & $0.0107287$ & $0.0678392$ & $0.0812643$ & $0.0135268$ & $-0.0290208$ & $-0.00492081$ & $0.0180846$ & $0.0338108$ & $0.0207872$ & $-0.0136142$ & $-0.00995012$ & $-0.00951792$ & $0.0366112$ & $0.00624366$ & $0.0278616$ & $-0.0117937$ & $0.011988$ & $0.0283951$ & $0.0634269$ & $0.0624008$ & $0.196812$ & $-0.119955$ & $0.0340798$ & $0.0111967$ & $-0.0572139$ & $0.00260823$ & $-0.00956918$ & $0.00861232$ & $0.0917002$ & $0.0621083$ & $0.149717$ & $-0.0227534$ & $0.0383019$ & $0.136514$ & $0.171724$ & $0.265247$ & $1$ & $0.0587302$ & $-0.163469$ \\
eHbbint & $-0.248032$ & $0.078122$ & $-0.169438$ & $0.0557462$ & $-0.0172632$ & $-0.00822927$ & $0.0915472$ & $-0.0141134$ & $-0.0137025$ & $0.04194$ & $-0.0019623$ & $-0.0630348$ & $-0.0740513$ & $0.0173412$ & $0.0120446$ & $-0.00855795$ & $0.0365411$ & $0.0230299$ & $0.032766$ & $0.00305305$ & $0.00215252$ & $0.00147511$ & $0.0177234$ & $0.0382915$ & $0.0479446$ & $-0.00225588$ & $0.00588763$ & $-0.0171256$ & $0.0113146$ & $-0.0522668$ & $-0.0170844$ & $0.109812$ & $0.047805$ & $-0.016512$ & $0.12071$ & $0.143831$ & $-0.263684$ & $0.0491783$ & $-0.137494$ & $0.0312354$ & $0.098445$ & $-0.0508408$ & $0.0269789$ & $0.0538505$ & $-0.0820821$ & $-0.0857805$ & $0.0587302$ & $1$ & $0.0470173$ \\
eHbbpar & $0.132504$ & $-0.0126997$ & $-0.0645512$ & $0.188194$ & $-0.00622668$ & $0.0148331$ & $0.0982483$ & $-0.0258536$ & $-0.0167341$ & $0.0421602$ & $0.00947186$ & $-0.119983$ & $-0.12049$ & $0.0245466$ & $-0.0479418$ & $-0.027259$ & $0.0246775$ & $0.0560094$ & $0.0418838$ & $-0.0125405$ & $-0.00806136$ & $-0.00919223$ & $-0.040226$ & $0.0157792$ & $0.0205507$ & $0.0328112$ & $-0.0106026$ & $-0.0129519$ & $0.00728765$ & $-0.114873$ & $-0.081904$ & $0.0900232$ & $0.118057$ & $0.0123047$ & $0.0300772$ & $-0.0733914$ & $-0.10136$ & $0.0112437$ & $-0.0028306$ & $0.00466121$ & $0.21218$ & $0.0330445$ & $0.252709$ & $-0.0566208$ & $-0.199429$ & $0.0610671$ & $-0.163469$ & $0.0470173$ & $1$ \\
