 & AlsMz & dAle5Mz & mtop & mHl & Mz & CW & CHG & CHWB & CHWHB_gaga & CHWHB_gagaorth & CHD & CHbox & CH & CHL1_11 & CHL1_22 & CHL1_33 & CHL3_11 & CHL3_22 & CHL3_33 & CHe_11 & CHe_22 & CHe_33 & CHQ1_11 & CHQ1_33 & CHQ3_11 & CHu_11 & CHd_11 & CHd_33 & CeH_22r & CeH_33r & CuH_22r & CuH_33r & CdH_33r & CLL_1221 & eHggint & eHggpar & eHWWint & eHWWpar & eHZZint & eHZZpar & eHZgaint & eHZgapar & eHgagaint & eHmumuint & eHtautauint & eHccint & eHccpar & eHbbint & eHbbpar \\
AlsMz & $1$ & $0.269643$ & $0.00354952$ & $-0.00604862$ & $0.0196928$ & $0.0557933$ & $0.0192433$ & $-0.0715033$ & $-0.0670035$ & $0.066266$ & $0.0335085$ & $0.0605555$ & $-0.0368861$ & $0.0317586$ & $0.00761423$ & $0.0136783$ & $0.055006$ & $0.0529264$ & $0.0492559$ & $-0.0266545$ & $-0.0377978$ & $-0.0379343$ & $-0.0053807$ & $0.0473912$ & $-0.0386881$ & $-0.00546966$ & $-0.0673708$ & $0.00818812$ & $-0.0350828$ & $-0.0381213$ & $-0.113401$ & $0.0332032$ & $-0.0719763$ & $-0.047082$ & $0.146467$ & $-0.0869729$ & $0.176931$ & $-0.0130751$ & $0.0524068$ & $-0.0111295$ & $0.208304$ & $-0.0173286$ & $0.104964$ & $-0.134426$ & $-0.130076$ & $-0.0850899$ & $-0.385773$ & $-0.144724$ & $-0.0663472$ \\
dAle5Mz & $0.269643$ & $1$ & $-0.0510751$ & $0.0247967$ & $0.0114952$ & $0.0144519$ & $0.0142299$ & $-0.106846$ & $-0.0933856$ & $0.0527973$ & $0.0910305$ & $0.0543421$ & $-0.0234682$ & $-0.0328194$ & $0.00764142$ & $-0.0119645$ & $-0.00267538$ & $-0.00487471$ & $0.0105625$ & $-0.0640341$ & $-0.0741253$ & $-0.0746728$ & $-0.0433381$ & $0.0363889$ & $-0.0391588$ & $0.049857$ & $-0.0807742$ & $-0.0108742$ & $-0.0228446$ & $-0.00467771$ & $-0.0212917$ & $0.0302341$ & $-0.0359104$ & $-0.0394827$ & $0.0164134$ & $-0.0361071$ & $-0.122262$ & $0.0890361$ & $0.0977511$ & $-0.0707809$ & $0.106033$ & $0.0141164$ & $0.105507$ & $-0.156614$ & $0.0558549$ & $-0.222096$ & $-0.0874533$ & $-0.120436$ & $-0.0539268$ \\
mtop & $0.00354952$ & $-0.0510751$ & $1$ & $-0.0313713$ & $-0.00651927$ & $-0.0282213$ & $0.0307523$ & $0.00401308$ & $0.00932925$ & $0.0317395$ & $0.000951465$ & $0.0428224$ & $0.0108943$ & $-0.00446097$ & $-0.0117528$ & $0.0148755$ & $0.00619286$ & $0.00996607$ & $-0.00973141$ & $0.00326671$ & $0.00200664$ & $0.00156063$ & $-0.0183812$ & $-0.000772914$ & $4.44059e-05$ & $0.00133755$ & $-0.00171956$ & $-0.0380419$ & $-0.00451338$ & $0.0161906$ & $-0.0263467$ & $0.0380398$ & $0.0185384$ & $0.0135465$ & $0.0930242$ & $0.0589819$ & $0.0208209$ & $0.0114257$ & $0.120571$ & $-0.0109074$ & $0.0811461$ & $-0.0309295$ & $-0.00956946$ & $0.140153$ & $0.151259$ & $0.124306$ & $-0.0871913$ & $-0.0119881$ & $0.0113372$ \\
mHl & $-0.00604862$ & $0.0247967$ & $-0.0313713$ & $1$ & $0.0269941$ & $0.0338921$ & $-0.039382$ & $0.0213784$ & $-0.00477109$ & $-0.0312008$ & $-0.00572638$ & $0.00289024$ & $0.030707$ & $-0.0149754$ & $0.00869566$ & $0.0260157$ & $-0.0487864$ & $-0.0355573$ & $-0.0503989$ & $0.00853861$ & $0.00395384$ & $0.000732207$ & $-0.0289853$ & $-0.0257987$ & $-0.0370376$ & $0.0319607$ & $0.00283281$ & $-0.0263797$ & $-0.00312831$ & $-0.00394098$ & $-0.0695544$ & $-0.0194934$ & $0.0110588$ & $0.00286065$ & $0.147838$ & $0.146094$ & $-0.0178059$ & $-0.0161033$ & $0.0961416$ & $-0.0687828$ & $-0.198059$ & $-0.0082195$ & $-0.347012$ & $0.0673044$ & $-0.0216562$ & $-0.00705551$ & $-0.214886$ & $-0.0415073$ & $0.0187655$ \\
Mz & $0.0196928$ & $0.0114952$ & $-0.00651927$ & $0.0269941$ & $1$ & $-0.026615$ & $0.0111861$ & $-0.0174453$ & $-0.0195443$ & $0.0299365$ & $0.0176815$ & $0.034168$ & $-0.00999971$ & $0.00676941$ & $0.0398365$ & $0.020964$ & $0.00703363$ & $-0.0137609$ & $-0.00260194$ & $-0.00644841$ & $-0.0143199$ & $-0.016584$ & $-0.0149169$ & $0.0257485$ & $-0.00628826$ & $0.00530068$ & $-0.0399298$ & $0.00550098$ & $-0.0217399$ & $-0.000639643$ & $0.00461388$ & $0.0168471$ & $-0.00956769$ & $-0.0483397$ & $-0.0392904$ & $-0.0419278$ & $-0.00569865$ & $0.0140196$ & $-0.00137083$ & $-0.00159363$ & $-0.0170942$ & $-0.0106871$ & $-0.000630603$ & $-0.00702455$ & $-0.0301497$ & $0.00510641$ & $0.0343934$ & $-0.0556648$ & $-0.0214818$ \\
CW & $0.0557933$ & $0.0144519$ & $-0.0282213$ & $0.0338921$ & $-0.026615$ & $1$ & $0.0203813$ & $-0.132691$ & $-0.126971$ & $0.0454292$ & $0.16683$ & $0.0618316$ & $-2.60519e-05$ & $0.0585401$ & $-0.0677906$ & $-0.0631996$ & $-0.219418$ & $-0.0145369$ & $-0.0192323$ & $-0.161985$ & $-0.172716$ & $-0.168979$ & $-0.0189325$ & $0.0367142$ & $-0.0588451$ & $0.103021$ & $-0.0926566$ & $-0.0222405$ & $-0.00194232$ & $-0.0112333$ & $-0.00850448$ & $0.0231885$ & $-0.006676$ & $-0.132434$ & $-0.0100721$ & $0.0133414$ & $0.0240672$ & $-0.00114176$ & $0.0268864$ & $0.00899773$ & $0.0352302$ & $0.0160645$ & $0.0194311$ & $-0.0385037$ & $0.0444752$ & $-0.00288286$ & $-0.0559909$ & $0.0176439$ & $-0.00879495$ \\
CHG & $0.0192433$ & $0.0142299$ & $0.0307523$ & $-0.039382$ & $0.0111861$ & $0.0203813$ & $1$ & $-0.09131$ & $-0.0341119$ & $0.0910031$ & $0.0739853$ & $0.082405$ & $-0.260305$ & $0.00841662$ & $-0.0539342$ & $-0.0502366$ & $0.0366245$ & $0.0675589$ & $0.0661016$ & $-0.0757385$ & $-0.072291$ & $-0.070092$ & $-0.0035271$ & $0.0587063$ & $0.0615442$ & $0.046871$ & $-0.00945901$ & $-0.0556187$ & $-0.00650742$ & $-0.109764$ & $-0.0163381$ & $0.935855$ & $-0.136312$ & $-0.0281163$ & $-0.0138085$ & $-0.00831977$ & $-0.0187884$ & $-0.0122891$ & $0.00987032$ & $-0.00205619$ & $0.00791506$ & $-0.00515302$ & $-0.00387959$ & $-0.0222577$ & $-0.00306038$ & $-0.0269551$ & $0.0136013$ & $-0.0573668$ & $-0.0239186$ \\
CHWB & $-0.0715033$ & $-0.106846$ & $0.00401308$ & $0.0213784$ & $-0.0174453$ & $-0.132691$ & $-0.09131$ & $1$ & $0.983016$ & $-0.553561$ & $-0.880675$ & $-0.327497$ & $0.296415$ & $0.134419$ & $0.266656$ & $0.286578$ & $-0.218535$ & $-0.395811$ & $-0.408105$ & $0.849344$ & $0.899855$ & $0.884088$ & $0.0531526$ & $-0.656642$ & $-0.368105$ & $-0.497237$ & $0.455095$ & $0.310924$ & $0.0201539$ & $0.102796$ & $0.0364707$ & $-0.0984418$ & $0.0589309$ & $0.571097$ & $0.077364$ & $0.0441768$ & $0.0232194$ & $0.0150902$ & $-0.0013288$ & $-0.0466189$ & $-0.0565825$ & $-0.00275945$ & $0.0103438$ & $0.0190374$ & $-0.0250535$ & $-0.0288446$ & $0.0811118$ & $-0.0461813$ & $0.00134915$ \\
CHWHB_gaga & $-0.0670035$ & $-0.0933856$ & $0.00932925$ & $-0.00477109$ & $-0.0195443$ & $-0.126971$ & $-0.0341119$ & $0.983016$ & $1$ & $-0.540229$ & $-0.862387$ & $-0.298985$ & $0.290014$ & $0.125328$ & $0.260019$ & $0.278623$ & $-0.221913$ & $-0.394515$ & $-0.405869$ & $0.832033$ & $0.881954$ & $0.866553$ & $0.0544094$ & $-0.650243$ & $-0.365351$ & $-0.48872$ & $0.451403$ & $0.300005$ & $0.0246465$ & $0.125948$ & $0.0490192$ & $-0.0494554$ & $0.0851175$ & $0.563357$ & $0.0523455$ & $0.0388607$ & $0.0114477$ & $0.0142715$ & $0.00959772$ & $-0.0462499$ & $-0.0383664$ & $-0.00231625$ & $0.0744717$ & $0.0159208$ & $-0.0241301$ & $-0.0386116$ & $0.0750177$ & $-0.0580067$ & $0.00792986$ \\
CHWHB_gagaorth & $0.066266$ & $0.0527973$ & $0.0317395$ & $-0.0312008$ & $0.0299365$ & $0.0454292$ & $0.0910031$ & $-0.553561$ & $-0.540229$ & $1$ & $0.349709$ & $0.683518$ & $-0.222269$ & $0.197809$ & $-0.129153$ & $-0.117296$ & $0.408031$ & $0.473064$ & $0.46247$ & $-0.336456$ & $-0.364913$ & $-0.359988$ & $-0.0260332$ & $0.525296$ & $0.464168$ & $0.191311$ & $-0.22166$ & $-0.123427$ & $-0.0296514$ & $-0.115871$ & $-0.0598285$ & $0.114178$ & $-0.109868$ & $-0.322445$ & $-0.0413469$ & $0.0256674$ & $0.0104723$ & $-0.0176382$ & $0.00556005$ & $0.022349$ & $-0.0164063$ & $-0.0299748$ & $0.00895718$ & $0.010854$ & $0.015468$ & $0.0311228$ & $-0.0714291$ & $0.0521856$ & $-0.0211493$ \\
CHD & $0.0335085$ & $0.0910305$ & $0.000951465$ & $-0.00572638$ & $0.0176815$ & $0.16683$ & $0.0739853$ & $-0.880675$ & $-0.862387$ & $0.349709$ & $1$ & $0.329722$ & $-0.149394$ & $-0.540525$ & $-0.403904$ & $-0.4131$ & $-0.232826$ & $0.0325676$ & $0.0422231$ & $-0.990258$ & $-0.991469$ & $-0.969256$ & $0.00888563$ & $0.288025$ & $-0.0119074$ & $0.555514$ & $-0.311714$ & $-0.3482$ & $-0.00332407$ & $-0.0657782$ & $-0.00999223$ & $0.0898233$ & $-0.0298179$ & $-0.366512$ & $-0.0584761$ & $-0.031$ & $-0.0278328$ & $-0.00445315$ & $-0.00277596$ & $0.0479283$ & $0.0563834$ & $0.00598752$ & $-0.0257796$ & $-0.0294327$ & $0.0355762$ & $0.0206862$ & $-0.0575144$ & $0.0144789$ & $-0.0114851$ \\
CHbox & $0.0605555$ & $0.0543421$ & $0.0428224$ & $0.00289024$ & $0.034168$ & $0.0618316$ & $0.082405$ & $-0.327497$ & $-0.298985$ & $0.683518$ & $0.329722$ & $1$ & $-0.17451$ & $-0.137687$ & $-0.0692875$ & $-0.0689383$ & $-0.0171541$ & $0.0399547$ & $0.0410572$ & $-0.310444$ & $-0.338701$ & $-0.330689$ & $-0.00425825$ & $0.170583$ & $0.0428201$ & $0.177261$ & $-0.159648$ & $-0.138539$ & $0.00196376$ & $0.162224$ & $0.0236932$ & $0.162215$ & $0.183021$ & $-0.201372$ & $0.0131281$ & $0.0502255$ & $-0.00937717$ & $0.0068543$ & $-0.00728662$ & $0.00744887$ & $-0.0108076$ & $-0.0102745$ & $-0.0257672$ & $0.0128621$ & $0.0186128$ & $0.00386387$ & $-0.0566763$ & $0.033002$ & $-0.0320491$ \\
CH & $-0.0368861$ & $-0.0234682$ & $0.0108943$ & $0.030707$ & $-0.00999971$ & $-2.60519e-05$ & $-0.260305$ & $0.296415$ & $0.290014$ & $-0.222269$ & $-0.149394$ & $-0.17451$ & $1$ & $-0.183224$ & $0.0317319$ & $0.0623507$ & $-0.295329$ & $-0.298129$ & $-0.317418$ & $0.145659$ & $0.161905$ & $0.160833$ & $0.0286507$ & $-0.33522$ & $-0.29801$ & $-0.0850072$ & $0.136739$ & $0.0433259$ & $0.0396921$ & $0.235101$ & $0.091409$ & $-0.216988$ & $0.279063$ & $0.201319$ & $0.0690053$ & $0.0281298$ & $-0.0243876$ & $0.0115368$ & $-0.0201509$ & $-0.00524434$ & $-0.00966736$ & $-0.00434744$ & $0.0230865$ & $0.0076663$ & $0.0253292$ & $-0.0307989$ & $0.0401272$ & $-0.038652$ & $0.0269152$ \\
CHL1_11 & $0.0317586$ & $-0.0328194$ & $-0.00446097$ & $-0.0149754$ & $0.00676941$ & $0.0585401$ & $0.00841662$ & $0.134419$ & $0.125328$ & $0.197809$ & $-0.540525$ & $-0.137687$ & $-0.183224$ & $1$ & $0.301786$ & $0.289188$ & $0.648019$ & $0.587283$ & $0.586451$ & $0.561697$ & $0.498535$ & $0.478313$ & $-0.0948432$ & $0.466334$ & $0.593327$ & $-0.29163$ & $-0.099678$ & $0.195367$ & $-0.0291117$ & $-0.0530636$ & $-0.0326621$ & $-0.0137218$ & $-0.0388933$ & $-0.212631$ & $-0.00194573$ & $0.00529836$ & $0.0419689$ & $-0.0162571$ & $0.0166677$ & $-0.0147671$ & $-0.00793324$ & $0.00605668$ & $0.0316722$ & $0.0287354$ & $-0.021036$ & $0.00916935$ & $-0.0191598$ & $0.0510744$ & $0.036717$ \\
CHL1_22 & $0.00761423$ & $0.00764142$ & $-0.0117528$ & $0.00869566$ & $0.0398365$ & $-0.0677906$ & $-0.0539342$ & $0.266656$ & $0.260019$ & $-0.129153$ & $-0.403904$ & $-0.0692875$ & $0.0317319$ & $0.301786$ & $1$ & $0.428873$ & $0.195428$ & $-0.422914$ & $0.0165132$ & $0.470967$ & $0.321387$ & $0.305692$ & $-0.20422$ & $0.150097$ & $-0.0999166$ & $-0.168164$ & $-0.404717$ & $0.0852916$ & $0.00433917$ & $0.0436693$ & $0.0219664$ & $-0.0528342$ & $0.0537915$ & $-0.608816$ & $-0.0353064$ & $0.00989812$ & $-0.0554032$ & $0.0344285$ & $-0.0363746$ & $-0.0189086$ & $-0.0274691$ & $0.00373531$ & $-0.00137642$ & $0.0178653$ & $7.78984e-05$ & $-0.00981948$ & $0.00501955$ & $0.0860434$ & $0.00743591$ \\
CHL1_33 & $0.0136783$ & $-0.0119645$ & $0.0148755$ & $0.0260157$ & $0.020964$ & $-0.0631996$ & $-0.0502366$ & $0.286578$ & $0.278623$ & $-0.117296$ & $-0.4131$ & $-0.0689383$ & $0.0623507$ & $0.289188$ & $0.428873$ & $1$ & $0.180992$ & $0.00630144$ & $-0.417357$ & $0.475521$ & $0.335772$ & $0.347805$ & $-0.189959$ & $0.138813$ & $-0.0874357$ & $-0.180106$ & $-0.350009$ & $0.113789$ & $-0.00668061$ & $0.0616609$ & $0.0127922$ & $-0.0472837$ & $0.0464665$ & $-0.0914657$ & $0.0155957$ & $0.0160346$ & $-0.0630314$ & $0.0144585$ & $-0.00357505$ & $-0.00974127$ & $-0.00382557$ & $0.0115206$ & $-0.0126279$ & $0.0239505$ & $0.0233346$ & $-0.0392243$ & $0.0257694$ & $0.0447289$ & $0.0260193$ \\
CHL3_11 & $0.055006$ & $-0.00267538$ & $0.00619286$ & $-0.0487864$ & $0.00703363$ & $-0.219418$ & $0.0366245$ & $-0.218535$ & $-0.221913$ & $0.408031$ & $-0.232826$ & $-0.0171541$ & $-0.295329$ & $0.648019$ & $0.195428$ & $0.180992$ & $1$ & $0.729633$ & $0.731206$ & $0.259069$ & $0.196777$ & $0.185977$ & $-0.0828451$ & $0.671431$ & $0.777196$ & $-0.120501$ & $-0.173973$ & $0.0766351$ & $-0.0279542$ & $-0.069139$ & $-0.0575845$ & $0.0177133$ & $-0.066845$ & $-0.255619$ & $-0.04247$ & $-0.038381$ & $0.00895047$ & $-0.0320001$ & $0.00789124$ & $-0.00551882$ & $-0.0200446$ & $-0.0193957$ & $0.0293155$ & $0.0250321$ & $-0.0283116$ & $0.02853$ & $-0.033704$ & $0.0447371$ & $0.00803254$ \\
CHL3_22 & $0.0529264$ & $-0.00487471$ & $0.00996607$ & $-0.0355573$ & $-0.0137609$ & $-0.0145369$ & $0.0675589$ & $-0.395811$ & $-0.394515$ & $0.473064$ & $0.0325676$ & $0.0399547$ & $-0.298129$ & $0.587283$ & $-0.422914$ & $0.00630144$ & $0.729633$ & $1$ & $0.655342$ & $-0.0324444$ & $-0.0309498$ & $-0.0307207$ & $0.0151097$ & $0.606793$ & $0.792478$ & $-0.00478716$ & $-0.0081521$ & $0.0183411$ & $-0.0353306$ & $-0.0975167$ & $-0.0632033$ & $0.0502499$ & $-0.0904125$ & $0.0417224$ & $-0.00975442$ & $-0.0285213$ & $0.0482064$ & $-0.0441965$ & $0.0331556$ & $0.0140366$ & $0.0172556$ & $-0.00748379$ & $0.0270151$ & $0.0154743$ & $-0.0165975$ & $0.0273$ & $-0.0414638$ & $0.0069846$ & $0.0168113$ \\
CHL3_33 & $0.0492559$ & $0.0105625$ & $-0.00973141$ & $-0.0503989$ & $-0.00260194$ & $-0.0192323$ & $0.0661016$ & $-0.408105$ & $-0.405869$ & $0.46247$ & $0.0422231$ & $0.0410572$ & $-0.317418$ & $0.586451$ & $0.0165132$ & $-0.417357$ & $0.731206$ & $0.655342$ & $1$ & $-0.0394997$ & $-0.0424212$ & $-0.0421172$ & $0.00665303$ & $0.60608$ & $0.777743$ & $0.00610627$ & $-0.0416634$ & $-0.00501361$ & $-0.0282223$ & $-0.111328$ & $-0.056227$ & $0.047257$ & $-0.0815511$ & $-0.357006$ & $-0.0493083$ & $-0.0307232$ & $0.0470429$ & $-0.0279719$ & $0.0130792$ & $0.00482274$ & $-0.00303277$ & $-0.0164386$ & $0.0370902$ & $0.0101232$ & $-0.0361962$ & $0.0449272$ & $-0.0567678$ & $0.0390271$ & $0.00706916$ \\
CHe_11 & $-0.0266545$ & $-0.0640341$ & $0.00326671$ & $0.00853861$ & $-0.00644841$ & $-0.161985$ & $-0.0757385$ & $0.849344$ & $0.832033$ & $-0.336456$ & $-0.990258$ & $-0.310444$ & $0.145659$ & $0.561697$ & $0.470967$ & $0.475521$ & $0.259069$ & $-0.0324444$ & $-0.0394997$ & $1$ & $0.972982$ & $0.950404$ & $-0.0366994$ & $-0.230179$ & $0.0219159$ & $-0.54472$ & $0.235829$ & $0.337227$ & $0.00198027$ & $0.0691293$ & $0.00901317$ & $-0.0895732$ & $0.0341988$ & $0.285739$ & $0.052855$ & $0.0307986$ & $0.0160618$ & $0.0113332$ & $0.00211619$ & $-0.0462487$ & $-0.0505494$ & $-0.00437193$ & $0.0279444$ & $0.0283745$ & $-0.0318997$ & $-0.0266812$ & $0.0546527$ & $-0.00542751$ & $0.0104294$ \\
CHe_22 & $-0.0377978$ & $-0.0741253$ & $0.00200664$ & $0.00395384$ & $-0.0143199$ & $-0.172716$ & $-0.072291$ & $0.899855$ & $0.881954$ & $-0.364913$ & $-0.991469$ & $-0.338701$ & $0.161905$ & $0.498535$ & $0.321387$ & $0.335772$ & $0.196777$ & $-0.0309498$ & $-0.0424212$ & $0.972982$ & $1$ & $0.975176$ & $0.0193266$ & $-0.347532$ & $0.000250946$ & $-0.557994$ & $0.389352$ & $0.351729$ & $0.00514405$ & $0.0658024$ & $0.0105679$ & $-0.0885451$ & $0.0267332$ & $0.451566$ & $0.0613839$ & $0.0320551$ & $0.0309564$ & $0.0046481$ & $0.00742519$ & $-0.0509173$ & $-0.05654$ & $-0.00686446$ & $0.0294222$ & $0.0256245$ & $-0.0359726$ & $-0.0241538$ & $0.060825$ & $-0.0287415$ & $0.00843583$ \\
CHe_33 & $-0.0379343$ & $-0.0746728$ & $0.00156063$ & $0.000732207$ & $-0.016584$ & $-0.168979$ & $-0.070092$ & $0.884088$ & $0.866553$ & $-0.359988$ & $-0.969256$ & $-0.330689$ & $0.160833$ & $0.478313$ & $0.305692$ & $0.347805$ & $0.185977$ & $-0.0307207$ & $-0.0421172$ & $0.950404$ & $0.975176$ & $1$ & $0.024483$ & $-0.348922$ & $-0.00211987$ & $-0.546882$ & $0.389555$ & $0.343142$ & $0.00400443$ & $0.0648042$ & $0.0119485$ & $-0.0868489$ & $0.0249696$ & $0.454889$ & $0.0658749$ & $0.0299539$ & $0.0300281$ & $0.00881259$ & $0.00704823$ & $-0.0489887$ & $-0.0620052$ & $-0.0118219$ & $0.0272729$ & $0.030167$ & $-0.0352401$ & $-0.0242658$ & $0.0617162$ & $-0.0273589$ & $0.010469$ \\
CHQ1_11 & $-0.0053807$ & $-0.0433381$ & $-0.0183812$ & $-0.0289853$ & $-0.0149169$ & $-0.0189325$ & $-0.0035271$ & $0.0531526$ & $0.0544094$ & $-0.0260332$ & $0.00888563$ & $-0.00425825$ & $0.0286507$ & $-0.0948432$ & $-0.20422$ & $-0.189959$ & $-0.0828451$ & $0.0151097$ & $0.00665303$ & $-0.0366994$ & $0.0193266$ & $0.024483$ & $1$ & $-0.14198$ & $0.0875272$ & $-0.668166$ & $0.367215$ & $0.0013222$ & $0.00398691$ & $0.00330118$ & $-0.0266954$ & $-0.000379583$ & $0.00828976$ & $0.211368$ & $0.0238722$ & $0.0230457$ & $0.0418481$ & $-0.0403849$ & $0.0199407$ & $-0.00299009$ & $-0.00243435$ & $-0.00714518$ & $-0.0132687$ & $-0.00708566$ & $0.0125597$ & $0.0106514$ & $-0.00341396$ & $-0.0514971$ & $0.0504499$ \\
CHQ1_33 & $0.0473912$ & $0.0363889$ & $-0.000772914$ & $-0.0257987$ & $0.0257485$ & $0.0367142$ & $0.0587063$ & $-0.656642$ & $-0.650243$ & $0.525296$ & $0.288025$ & $0.170583$ & $-0.33522$ & $0.466334$ & $0.150097$ & $0.138813$ & $0.671431$ & $0.606793$ & $0.60608$ & $-0.230179$ & $-0.347532$ & $-0.348922$ & $-0.14198$ & $1$ & $0.634429$ & $0.183901$ & $-0.450849$ & $-0.0269893$ & $-0.0240992$ & $-0.0987412$ & $-0.0561013$ & $0.0547942$ & $-0.0591669$ & $-0.643192$ & $-0.087534$ & $-0.0212074$ & $-0.0232746$ & $-0.0275686$ & $-0.000527253$ & $0.0283639$ & $0.0282869$ & $0.000129815$ & $-0.0014525$ & $0.00629568$ & $-0.00779579$ & $0.0392385$ & $-0.0623184$ & $0.0658014$ & $0.0071751$ \\
CHQ3_11 & $-0.0386881$ & $-0.0391588$ & $4.44059e-05$ & $-0.0370376$ & $-0.00628826$ & $-0.0588451$ & $0.0615442$ & $-0.368105$ & $-0.365351$ & $0.464168$ & $-0.0119074$ & $0.0428201$ & $-0.29801$ & $0.593327$ & $-0.0999166$ & $-0.0874357$ & $0.777196$ & $0.792478$ & $0.777743$ & $0.0219159$ & $0.000250946$ & $-0.00211987$ & $0.0875272$ & $0.634429$ & $1$ & $-0.023638$ & $0.186377$ & $0.0357875$ & $-0.0211188$ & $-0.099834$ & $-0.0499725$ & $0.0452817$ & $-0.0710437$ & $-0.200217$ & $-0.0360311$ & $-0.036276$ & $0.0340104$ & $-0.0438101$ & $0.0147135$ & $-0.00292115$ & $-0.0213954$ & $-0.0118964$ & $0.0353545$ & $0.0513486$ & $-0.0399649$ & $0.0512882$ & $-0.0200482$ & $0.0181841$ & $0.0236246$ \\
CHu_11 & $-0.00546966$ & $0.049857$ & $0.00133755$ & $0.0319607$ & $0.00530068$ & $0.103021$ & $0.046871$ & $-0.497237$ & $-0.48872$ & $0.191311$ & $0.555514$ & $0.177261$ & $-0.0850072$ & $-0.29163$ & $-0.168164$ & $-0.180106$ & $-0.120501$ & $-0.00478716$ & $0.00610627$ & $-0.54472$ & $-0.557994$ & $-0.546882$ & $-0.668166$ & $0.183901$ & $-0.023638$ & $1$ & $-0.207745$ & $-0.17219$ & $8.70584e-05$ & $-0.0459718$ & $0.00112643$ & $0.0540673$ & $-0.0220184$ & $-0.256159$ & $-0.0395035$ & $-0.0205266$ & $-0.0287886$ & $0.0208656$ & $-0.0216479$ & $0.0315625$ & $0.029468$ & $0.017138$ & $-0.0122245$ & $-0.00188684$ & $0.0141192$ & $0.00867182$ & $-0.0396443$ & $0.0407333$ & $-0.0333535$ \\
CHd_11 & $-0.0673708$ & $-0.0807742$ & $-0.00171956$ & $0.00283281$ & $-0.0399298$ & $-0.0926566$ & $-0.00945901$ & $0.455095$ & $0.451403$ & $-0.22166$ & $-0.311714$ & $-0.159648$ & $0.136739$ & $-0.099678$ & $-0.404717$ & $-0.350009$ & $-0.173973$ & $-0.0081521$ & $-0.0416634$ & $0.235829$ & $0.389352$ & $0.389555$ & $0.367215$ & $-0.450849$ & $0.186377$ & $-0.207745$ & $1$ & $0.158553$ & $0.0224569$ & $0.00972237$ & $-0.00758633$ & $-0.014436$ & $-0.00599177$ & $0.700654$ & $0.0674533$ & $0.0105956$ & $0.0725247$ & $-0.0308512$ & $0.0243235$ & $-0.0349281$ & $-0.0376849$ & $-0.0118629$ & $0.0301449$ & $0.0228396$ & $-0.0611534$ & $0.0108905$ & $0.0282269$ & $-0.121408$ & $-0.00482222$ \\
CHd_33 & $0.00818812$ & $-0.0108742$ & $-0.0380419$ & $-0.0263797$ & $0.00550098$ & $-0.0222405$ & $-0.0556187$ & $0.310924$ & $0.300005$ & $-0.123427$ & $-0.3482$ & $-0.138539$ & $0.0433259$ & $0.195367$ & $0.0852916$ & $0.113789$ & $0.0766351$ & $0.0183411$ & $-0.00501361$ & $0.337227$ & $0.351729$ & $0.343142$ & $0.0013222$ & $-0.0269893$ & $0.0357875$ & $-0.17219$ & $0.158553$ & $1$ & $-0.00167488$ & $-0.0131174$ & $0.0196063$ & $-0.0604936$ & $-0.0198924$ & $0.17691$ & $0.0128926$ & $0.00931421$ & $0.0792679$ & $0.0137098$ & $-0.036308$ & $-0.0119848$ & $-0.00400999$ & $-0.0240434$ & $0.0291155$ & $0.00980768$ & $-0.0462819$ & $0.0313446$ & $0.0531168$ & $-0.0207244$ & $-0.00089297$ \\
CeH_22r & $-0.0350828$ & $-0.0228446$ & $-0.00451338$ & $-0.00312831$ & $-0.0217399$ & $-0.00194232$ & $-0.00650742$ & $0.0201539$ & $0.0246465$ & $-0.0296514$ & $-0.00332407$ & $0.00196376$ & $0.0396921$ & $-0.0291117$ & $0.00433917$ & $-0.00668061$ & $-0.0279542$ & $-0.0353306$ & $-0.0282223$ & $0.00198027$ & $0.00514405$ & $0.00400443$ & $0.00398691$ & $-0.0240992$ & $-0.0211188$ & $8.70584e-05$ & $0.0224569$ & $-0.00167488$ & $1$ & $0.0315982$ & $0.0110311$ & $-0.0248835$ & $0.0301598$ & $0.0130066$ & $0.0252164$ & $-0.0313638$ & $0.0285155$ & $-0.0311236$ & $0.0386947$ & $0.00640615$ & $-0.0167722$ & $0.0277743$ & $-0.0174594$ & $0.0134966$ & $-0.0210471$ & $0.0256325$ & $0.0291383$ & $0.0239892$ & $0.0108304$ \\
CeH_33r & $-0.0381213$ & $-0.00467771$ & $0.0161906$ & $-0.00394098$ & $-0.000639643$ & $-0.0112333$ & $-0.109764$ & $0.102796$ & $0.125948$ & $-0.115871$ & $-0.0657782$ & $0.162224$ & $0.235101$ & $-0.0530636$ & $0.0436693$ & $0.0616609$ & $-0.069139$ & $-0.0975167$ & $-0.111328$ & $0.0691293$ & $0.0658024$ & $0.0648042$ & $0.00330118$ & $-0.0987412$ & $-0.099834$ & $-0.0459718$ & $0.00972237$ & $-0.0131174$ & $0.0315982$ & $1$ & $0.293048$ & $0.0470935$ & $0.652648$ & $0.050069$ & $-0.0215716$ & $-0.00643127$ & $-0.159768$ & $0.0102792$ & $-0.0632456$ & $-0.020772$ & $-0.0282841$ & $0.00976113$ & $0.0334707$ & $0.0369003$ & $0.0519035$ & $-0.0693591$ & $0.029436$ & $-0.0417614$ & $0.0123434$ \\
CuH_22r & $-0.113401$ & $-0.0212917$ & $-0.0263467$ & $-0.0695544$ & $0.00461388$ & $-0.00850448$ & $-0.0163381$ & $0.0364707$ & $0.0490192$ & $-0.0598285$ & $-0.00999223$ & $0.0236932$ & $0.091409$ & $-0.0326621$ & $0.0219664$ & $0.0127922$ & $-0.0575845$ & $-0.0632033$ & $-0.056227$ & $0.00901317$ & $0.0105679$ & $0.0119485$ & $-0.0266954$ & $-0.0561013$ & $-0.0499725$ & $0.00112643$ & $-0.00758633$ & $0.0196063$ & $0.0110311$ & $0.293048$ & $1$ & $0.0577637$ & $0.301712$ & $0.00802864$ & $-0.0199675$ & $0.0199522$ & $-0.00852273$ & $-0.000604814$ & $-0.0688555$ & $-0.00185333$ & $-0.0876118$ & $-0.00236179$ & $-0.0271151$ & $0.0507778$ & $0.0429224$ & $0.0535535$ & $0.265914$ & $0.0092046$ & $-0.0628606$ \\
CuH_33r & $0.0332032$ & $0.0302341$ & $0.0380398$ & $-0.0194934$ & $0.0168471$ & $0.0231885$ & $0.935855$ & $-0.0984418$ & $-0.0494554$ & $0.114178$ & $0.0898233$ & $0.162215$ & $-0.216988$ & $-0.0137218$ & $-0.0528342$ & $-0.0472837$ & $0.0177133$ & $0.0502499$ & $0.047257$ & $-0.0895732$ & $-0.0885451$ & $-0.0868489$ & $-0.000379583$ & $0.0547942$ & $0.0452817$ & $0.0540673$ & $-0.014436$ & $-0.0604936$ & $-0.0248835$ & $0.0470935$ & $0.0577637$ & $1$ & $0.0441254$ & $-0.0337538$ & $0.04586$ & $0.0236481$ & $-0.0366924$ & $-0.00648983$ & $-0.00276444$ & $-0.0113997$ & $-0.00159219$ & $-0.000499119$ & $-0.00304653$ & $-0.00758137$ & $0.0193279$ & $-0.0357637$ & $-0.00528883$ & $-0.0556535$ & $-0.0207333$ \\
CdH_33r & $-0.0719763$ & $-0.0359104$ & $0.0185384$ & $0.0110588$ & $-0.00956769$ & $-0.006676$ & $-0.136312$ & $0.0589309$ & $0.0851175$ & $-0.109868$ & $-0.0298179$ & $0.183021$ & $0.279063$ & $-0.0388933$ & $0.0537915$ & $0.0464665$ & $-0.066845$ & $-0.0904125$ & $-0.0815511$ & $0.0341988$ & $0.0267332$ & $0.0249696$ & $0.00828976$ & $-0.0591669$ & $-0.0710437$ & $-0.0220184$ & $-0.00599177$ & $-0.0198924$ & $0.0301598$ & $0.652648$ & $0.301712$ & $0.0441254$ & $1$ & $-0.00316647$ & $-0.0102676$ & $-0.0417626$ & $-0.201412$ & $-0.00365817$ & $-0.0312583$ & $-0.0140982$ & $0.0834244$ & $0.0469474$ & $0.0525026$ & $0.190088$ & $0.122018$ & $-0.160251$ & $-0.0597944$ & $0.106892$ & $0.46004$ \\
CLL_1221 & $-0.047082$ & $-0.0394827$ & $0.0135465$ & $0.00286065$ & $-0.0483397$ & $-0.132434$ & $-0.0281163$ & $0.571097$ & $0.563357$ & $-0.322445$ & $-0.366512$ & $-0.201372$ & $0.201319$ & $-0.212631$ & $-0.608816$ & $-0.0914657$ & $-0.255619$ & $0.0417224$ & $-0.357006$ & $0.285739$ & $0.451566$ & $0.454889$ & $0.211368$ & $-0.643192$ & $-0.200217$ & $-0.256159$ & $0.700654$ & $0.17691$ & $0.0130066$ & $0.050069$ & $0.00802864$ & $-0.0337538$ & $-0.00316647$ & $1$ & $0.0895793$ & $0.0175903$ & $0.0516091$ & $-0.013837$ & $0.03361$ & $-0.0259907$ & $-0.0241918$ & $-0.0103562$ & $0.0156588$ & $-0.00663799$ & $-0.0181365$ & $-0.0250329$ & $0.0591133$ & $-0.118822$ & $-0.0146204$ \\
eHggint & $0.146467$ & $0.0164134$ & $0.0930242$ & $0.147838$ & $-0.0392904$ & $-0.0100721$ & $-0.0138085$ & $0.077364$ & $0.0523455$ & $-0.0413469$ & $-0.0584761$ & $0.0131281$ & $0.0690053$ & $-0.00194573$ & $-0.0353064$ & $0.0155957$ & $-0.04247$ & $-0.00975442$ & $-0.0493083$ & $0.052855$ & $0.0613839$ & $0.0658749$ & $0.0238722$ & $-0.087534$ & $-0.0360311$ & $-0.0395035$ & $0.0674533$ & $0.0128926$ & $0.0252164$ & $-0.0215716$ & $-0.0199675$ & $0.04586$ & $-0.0102676$ & $0.0895793$ & $1$ & $-0.0247135$ & $0.168961$ & $-0.0249606$ & $-0.0500566$ & $0.0242802$ & $-0.0239152$ & $-0.028199$ & $-0.113545$ & $0.0630654$ & $0.0454009$ & $-0.0180205$ & $0.0105897$ & $0.108877$ & $0.021625$ \\
eHggpar & $-0.0869729$ & $-0.0361071$ & $0.0589819$ & $0.146094$ & $-0.0419278$ & $0.0133414$ & $-0.00831977$ & $0.0441768$ & $0.0388607$ & $0.0256674$ & $-0.031$ & $0.0502255$ & $0.0281298$ & $0.00529836$ & $0.00989812$ & $0.0160346$ & $-0.038381$ & $-0.0285213$ & $-0.0307232$ & $0.0307986$ & $0.0320551$ & $0.0299539$ & $0.0230457$ & $-0.0212074$ & $-0.036276$ & $-0.0205266$ & $0.0105956$ & $0.00931421$ & $-0.0313638$ & $-0.00643127$ & $0.0199522$ & $0.0236481$ & $-0.0417626$ & $0.0175903$ & $-0.0247135$ & $1$ & $0.0114804$ & $-0.0202567$ & $-0.00223826$ & $0.0102319$ & $-0.190894$ & $0.0254545$ & $-0.0576808$ & $0.00417982$ & $0.215516$ & $0.0550255$ & $-0.090971$ & $0.0722353$ & $-0.0801439$ \\
eHWWint & $0.176931$ & $-0.122262$ & $0.0208209$ & $-0.0178059$ & $-0.00569865$ & $0.0240672$ & $-0.0187884$ & $0.0232194$ & $0.0114477$ & $0.0104723$ & $-0.0278328$ & $-0.00937717$ & $-0.0243876$ & $0.0419689$ & $-0.0554032$ & $-0.0630314$ & $0.00895047$ & $0.0482064$ & $0.0470429$ & $0.0160618$ & $0.0309564$ & $0.0300281$ & $0.0418481$ & $-0.0232746$ & $0.0340104$ & $-0.0287886$ & $0.0725247$ & $0.0792679$ & $0.0285155$ & $-0.159768$ & $-0.00852273$ & $-0.0366924$ & $-0.201412$ & $0.0516091$ & $0.168961$ & $0.0114804$ & $1$ & $-0.0763754$ & $0.0843898$ & $0.072938$ & $0.121655$ & $-0.0139079$ & $-0.0350034$ & $0.00755082$ & $0.0433903$ & $0.282242$ & $0.068794$ & $0.126037$ & $-0.084987$ \\
eHWWpar & $-0.0130751$ & $0.0890361$ & $0.0114257$ & $-0.0161033$ & $0.0140196$ & $-0.00114176$ & $-0.0122891$ & $0.0150902$ & $0.0142715$ & $-0.0176382$ & $-0.00445315$ & $0.0068543$ & $0.0115368$ & $-0.0162571$ & $0.0344285$ & $0.0144585$ & $-0.0320001$ & $-0.0441965$ & $-0.0279719$ & $0.0113332$ & $0.0046481$ & $0.00881259$ & $-0.0403849$ & $-0.0275686$ & $-0.0438101$ & $0.0208656$ & $-0.0308512$ & $0.0137098$ & $-0.0311236$ & $0.0102792$ & $-0.000604814$ & $-0.00648983$ & $-0.00365817$ & $-0.013837$ & $-0.0249606$ & $-0.0202567$ & $-0.0763754$ & $1$ & $0.00894202$ & $0.0171285$ & $0.0487711$ & $0.00218263$ & $0.0403519$ & $-0.0693925$ & $0.0066675$ & $-0.0148517$ & $0.00419074$ & $-0.00775358$ & $-0.0471483$ \\
eHZZint & $0.0524068$ & $0.0977511$ & $0.120571$ & $0.0961416$ & $-0.00137083$ & $0.0268864$ & $0.00987032$ & $-0.0013288$ & $0.00959772$ & $0.00556005$ & $-0.00277596$ & $-0.00728662$ & $-0.0201509$ & $0.0166677$ & $-0.0363746$ & $-0.00357505$ & $0.00789124$ & $0.0331556$ & $0.0130792$ & $0.00211619$ & $0.00742519$ & $0.00704823$ & $0.0199407$ & $-0.000527253$ & $0.0147135$ & $-0.0216479$ & $0.0243235$ & $-0.036308$ & $0.0386947$ & $-0.0632456$ & $-0.0688555$ & $-0.00276444$ & $-0.0312583$ & $0.03361$ & $-0.0500566$ & $-0.00223826$ & $0.0843898$ & $0.00894202$ & $1$ & $-0.0594629$ & $0.0818659$ & $0.0412002$ & $0.111583$ & $-0.0935452$ & $-0.178257$ & $0.00714584$ & $-0.163609$ & $-0.0382485$ & $0.0682178$ \\
eHZZpar & $-0.0111295$ & $-0.0707809$ & $-0.0109074$ & $-0.0687828$ & $-0.00159363$ & $0.00899773$ & $-0.00205619$ & $-0.0466189$ & $-0.0462499$ & $0.022349$ & $0.0479283$ & $0.00744887$ & $-0.00524434$ & $-0.0147671$ & $-0.0189086$ & $-0.00974127$ & $-0.00551882$ & $0.0140366$ & $0.00482274$ & $-0.0462487$ & $-0.0509173$ & $-0.0489887$ & $-0.00299009$ & $0.0283639$ & $-0.00292115$ & $0.0315625$ & $-0.0349281$ & $-0.0119848$ & $0.00640615$ & $-0.020772$ & $-0.00185333$ & $-0.0113997$ & $-0.0140982$ & $-0.0259907$ & $0.0242802$ & $0.0102319$ & $0.072938$ & $0.0171285$ & $-0.0594629$ & $1$ & $-0.0261971$ & $0.0148002$ & $-0.0188094$ & $0.0882158$ & $0.0135953$ & $0.0265596$ & $0.057628$ & $0.00739754$ & $0.0475893$ \\
eHZgaint & $0.208304$ & $0.106033$ & $0.0811461$ & $-0.198059$ & $-0.0170942$ & $0.0352302$ & $0.00791506$ & $-0.0565825$ & $-0.0383664$ & $-0.0164063$ & $0.0563834$ & $-0.0108076$ & $-0.00966736$ & $-0.00793324$ & $-0.0274691$ & $-0.00382557$ & $-0.0200446$ & $0.0172556$ & $-0.00303277$ & $-0.0505494$ & $-0.05654$ & $-0.0620052$ & $-0.00243435$ & $0.0282869$ & $-0.0213954$ & $0.029468$ & $-0.0376849$ & $-0.00400999$ & $-0.0167722$ & $-0.0282841$ & $-0.0876118$ & $-0.00159219$ & $0.0834244$ & $-0.0241918$ & $-0.0239152$ & $-0.190894$ & $0.121655$ & $0.0487711$ & $0.0818659$ & $-0.0261971$ & $1$ & $0.0792011$ & $0.141171$ & $-0.183156$ & $-0.0210264$ & $-0.247757$ & $-0.154691$ & $-0.016083$ & $0.222042$ \\
eHZgapar & $-0.0173286$ & $0.0141164$ & $-0.0309295$ & $-0.0082195$ & $-0.0106871$ & $0.0160645$ & $-0.00515302$ & $-0.00275945$ & $-0.00231625$ & $-0.0299748$ & $0.00598752$ & $-0.0102745$ & $-0.00434744$ & $0.00605668$ & $0.00373531$ & $0.0115206$ & $-0.0193957$ & $-0.00748379$ & $-0.0164386$ & $-0.00437193$ & $-0.00686446$ & $-0.0118219$ & $-0.00714518$ & $0.000129815$ & $-0.0118964$ & $0.017138$ & $-0.0118629$ & $-0.0240434$ & $0.0277743$ & $0.00976113$ & $-0.00236179$ & $-0.000499119$ & $0.0469474$ & $-0.0103562$ & $-0.028199$ & $0.0254545$ & $-0.0139079$ & $0.00218263$ & $0.0412002$ & $0.0148002$ & $0.0792011$ & $1$ & $0.0076348$ & $-0.0526844$ & $0.0289467$ & $-0.0366199$ & $-0.0565964$ & $0.0039566$ & $0.0871864$ \\
eHgagaint & $0.104964$ & $0.105507$ & $-0.00956946$ & $-0.347012$ & $-0.000630603$ & $0.0194311$ & $-0.00387959$ & $0.0103438$ & $0.0744717$ & $0.00895718$ & $-0.0257796$ & $-0.0257672$ & $0.0230865$ & $0.0316722$ & $-0.00137642$ & $-0.0126279$ & $0.0293155$ & $0.0270151$ & $0.0370902$ & $0.0279444$ & $0.0294222$ & $0.0272729$ & $-0.0132687$ & $-0.0014525$ & $0.0353545$ & $-0.0122245$ & $0.0301449$ & $0.0291155$ & $-0.0174594$ & $0.0334707$ & $-0.0271151$ & $-0.00304653$ & $0.0525026$ & $0.0156588$ & $-0.113545$ & $-0.0576808$ & $-0.0350034$ & $0.0403519$ & $0.111583$ & $-0.0188094$ & $0.141171$ & $0.0076348$ & $1$ & $0.0418395$ & $0.0306159$ & $-0.0582622$ & $-0.100522$ & $-0.045426$ & $0.0872486$ \\
eHmumuint & $-0.134426$ & $-0.156614$ & $0.140153$ & $0.0673044$ & $-0.00702455$ & $-0.0385037$ & $-0.0222577$ & $0.0190374$ & $0.0159208$ & $0.010854$ & $-0.0294327$ & $0.0128621$ & $0.0076663$ & $0.0287354$ & $0.0178653$ & $0.0239505$ & $0.0250321$ & $0.0154743$ & $0.0101232$ & $0.0283745$ & $0.0256245$ & $0.030167$ & $-0.00708566$ & $0.00629568$ & $0.0513486$ & $-0.00188684$ & $0.0228396$ & $0.00980768$ & $0.0134966$ & $0.0369003$ & $0.0507778$ & $-0.00758137$ & $0.190088$ & $-0.00663799$ & $0.0630654$ & $0.00417982$ & $0.00755082$ & $-0.0693925$ & $-0.0935452$ & $0.0882158$ & $-0.183156$ & $-0.0526844$ & $0.0418395$ & $1$ & $0.241222$ & $0.111164$ & $0.0630433$ & $0.197613$ & $0.337451$ \\
eHtautauint & $-0.130076$ & $0.0558549$ & $0.151259$ & $-0.0216562$ & $-0.0301497$ & $0.0444752$ & $-0.00306038$ & $-0.0250535$ & $-0.0241301$ & $0.015468$ & $0.0355762$ & $0.0186128$ & $0.0253292$ & $-0.021036$ & $7.78984e-05$ & $0.0233346$ & $-0.0283116$ & $-0.0165975$ & $-0.0361962$ & $-0.0318997$ & $-0.0359726$ & $-0.0352401$ & $0.0125597$ & $-0.00779579$ & $-0.0399649$ & $0.0141192$ & $-0.0611534$ & $-0.0462819$ & $-0.0210471$ & $0.0519035$ & $0.0429224$ & $0.0193279$ & $0.122018$ & $-0.0181365$ & $0.0454009$ & $0.215516$ & $0.0433903$ & $0.0066675$ & $-0.178257$ & $0.0135953$ & $-0.0210264$ & $0.0289467$ & $0.0306159$ & $0.241222$ & $1$ & $-0.114082$ & $0.0498642$ & $0.170018$ & $0.188592$ \\
eHccint & $-0.0850899$ & $-0.222096$ & $0.124306$ & $-0.00705551$ & $0.00510641$ & $-0.00288286$ & $-0.0269551$ & $-0.0288446$ & $-0.0386116$ & $0.0311228$ & $0.0206862$ & $0.00386387$ & $-0.0307989$ & $0.00916935$ & $-0.00981948$ & $-0.0392243$ & $0.02853$ & $0.0273$ & $0.0449272$ & $-0.0266812$ & $-0.0241538$ & $-0.0242658$ & $0.0106514$ & $0.0392385$ & $0.0512882$ & $0.00867182$ & $0.0108905$ & $0.0313446$ & $0.0256325$ & $-0.0693591$ & $0.0535535$ & $-0.0357637$ & $-0.160251$ & $-0.0250329$ & $-0.0180205$ & $0.0550255$ & $0.282242$ & $-0.0148517$ & $0.00714584$ & $0.0265596$ & $-0.247757$ & $-0.0366199$ & $-0.0582622$ & $0.111164$ & $-0.114082$ & $1$ & $-0.021046$ & $0.0398638$ & $-0.233664$ \\
eHccpar & $-0.385773$ & $-0.0874533$ & $-0.0871913$ & $-0.214886$ & $0.0343934$ & $-0.0559909$ & $0.0136013$ & $0.0811118$ & $0.0750177$ & $-0.0714291$ & $-0.0575144$ & $-0.0566763$ & $0.0401272$ & $-0.0191598$ & $0.00501955$ & $0.0257694$ & $-0.033704$ & $-0.0414638$ & $-0.0567678$ & $0.0546527$ & $0.060825$ & $0.0617162$ & $-0.00341396$ & $-0.0623184$ & $-0.0200482$ & $-0.0396443$ & $0.0282269$ & $0.0531168$ & $0.0291383$ & $0.029436$ & $0.265914$ & $-0.00528883$ & $-0.0597944$ & $0.0591133$ & $0.0105897$ & $-0.090971$ & $0.068794$ & $0.00419074$ & $-0.163609$ & $0.057628$ & $-0.154691$ & $-0.0565964$ & $-0.100522$ & $0.0630433$ & $0.0498642$ & $-0.021046$ & $1$ & $-0.0707511$ & $-0.105585$ \\
eHbbint & $-0.144724$ & $-0.120436$ & $-0.0119881$ & $-0.0415073$ & $-0.0556648$ & $0.0176439$ & $-0.0573668$ & $-0.0461813$ & $-0.0580067$ & $0.0521856$ & $0.0144789$ & $0.033002$ & $-0.038652$ & $0.0510744$ & $0.0860434$ & $0.0447289$ & $0.0447371$ & $0.0069846$ & $0.0390271$ & $-0.00542751$ & $-0.0287415$ & $-0.0273589$ & $-0.0514971$ & $0.0658014$ & $0.0181841$ & $0.0407333$ & $-0.121408$ & $-0.0207244$ & $0.0239892$ & $-0.0417614$ & $0.0092046$ & $-0.0556535$ & $0.106892$ & $-0.118822$ & $0.108877$ & $0.0722353$ & $0.126037$ & $-0.00775358$ & $-0.0382485$ & $0.00739754$ & $-0.016083$ & $0.0039566$ & $-0.045426$ & $0.197613$ & $0.170018$ & $0.0398638$ & $-0.0707511$ & $1$ & $0.0890168$ \\
eHbbpar & $-0.0663472$ & $-0.0539268$ & $0.0113372$ & $0.0187655$ & $-0.0214818$ & $-0.00879495$ & $-0.0239186$ & $0.00134915$ & $0.00792986$ & $-0.0211493$ & $-0.0114851$ & $-0.0320491$ & $0.0269152$ & $0.036717$ & $0.00743591$ & $0.0260193$ & $0.00803254$ & $0.0168113$ & $0.00706916$ & $0.0104294$ & $0.00843583$ & $0.010469$ & $0.0504499$ & $0.0071751$ & $0.0236246$ & $-0.0333535$ & $-0.00482222$ & $-0.00089297$ & $0.0108304$ & $0.0123434$ & $-0.0628606$ & $-0.0207333$ & $0.46004$ & $-0.0146204$ & $0.021625$ & $-0.0801439$ & $-0.084987$ & $-0.0471483$ & $0.0682178$ & $0.0475893$ & $0.222042$ & $0.0871864$ & $0.0872486$ & $0.337451$ & $0.188592$ & $-0.233664$ & $-0.105585$ & $0.0890168$ & $1$ \\
