 & AlsMz & dAle5Mz & mtop & mHl & Mz & CW & CHG & CHWB & CHWHB_gaga & CHWHB_gagaorth & CHD & CHbox & CH & CHL1_11 & CHL1_22 & CHL1_33 & CHL3_11 & CHL3_22 & CHL3_33 & CHe_11 & CHe_22 & CHe_33 & CHQ1_11 & CHQ1_33 & CHQ3_11 & CHu_11 & CHd_11 & CHd_33 & CeH_22r & CeH_33r & CuH_22r & CuH_33r & CdH_33r & CLL_1221 & eHggint & eHggpar & eHWWint & eHWWpar & eHZZint & eHZZpar & eHZgaint & eHZgapar & eHgagaint & eHmumuint & eHtautauint & eHccint & eHccpar & eHbbint & eHbbpar \\
AlsMz & $1$ & $0.0924858$ & $0.0749101$ & $0.342597$ & $-0.00258895$ & $0.0354813$ & $0.0262876$ & $-0.0236901$ & $-0.00929874$ & $0.0377098$ & $0.0439322$ & $0.176631$ & $0.15947$ & $-0.0679045$ & $-0.0371074$ & $0.0153862$ & $-0.050568$ & $-0.0189925$ & $-0.0632103$ & $-0.0446677$ & $-0.0469817$ & $-0.046159$ & $-0.0317923$ & $-0.051658$ & $-0.115041$ & $0.0125094$ & $-0.0421247$ & $-0.00847319$ & $0.00525004$ & $0.0582636$ & $-0.0363595$ & $0.0723643$ & $-0.0675557$ & $0.0155598$ & $0.369541$ & $0.171697$ & $-0.235151$ & $0.0944938$ & $0.470562$ & $-0.0322401$ & $-0.253208$ & $0.0249083$ & $0.525316$ & $0.0735375$ & $-0.159772$ & $0.271649$ & $-0.158472$ & $-0.245979$ & $-0.423681$ \\
dAle5Mz & $0.0924858$ & $1$ & $0.153539$ & $0.303679$ & $-0.0136331$ & $0.0298529$ & $-0.117362$ & $-0.0386523$ & $-0.0467268$ & $0.0615019$ & $0.0315486$ & $0.0834797$ & $0.0272389$ & $-0.020181$ & $0.009355$ & $0.0342034$ & $0.00796489$ & $0.000323324$ & $-0.0161233$ & $-0.0214068$ & $-0.029722$ & $-0.0297542$ & $0.00303339$ & $0.020668$ & $-0.01597$ & $-0.00958247$ & $-0.044509$ & $-0.0125386$ & $-0.00738462$ & $0.0495807$ & $-0.0164992$ & $-0.0959768$ & $-0.0233612$ & $-0.017338$ & $0.116689$ & $0.0666886$ & $-0.265854$ & $0.0671478$ & $0.266305$ & $-0.0829132$ & $-0.159955$ & $-0.00835579$ & $-0.154293$ & $0.205747$ & $-0.178943$ & $-0.132327$ & $-0.18089$ & $-0.196484$ & $-0.170574$ \\
mtop & $0.0749101$ & $0.153539$ & $1$ & $-0.411888$ & $-0.0117081$ & $-0.0325063$ & $0.149503$ & $0.0306778$ & $0.0439095$ & $-0.0789094$ & $-0.00558389$ & $0.00320913$ & $0.0406271$ & $-0.0441345$ & $0.0199846$ & $0.0572087$ & $-0.0480811$ & $-0.054796$ & $-0.0881737$ & $0.0109682$ & $0.00500267$ & $0.0076802$ & $0.00873365$ & $-0.0311057$ & $-0.0861393$ & $-0.0244585$ & $-0.0378996$ & $0.017483$ & $0.000433553$ & $-0.00428739$ & $-0.0484507$ & $0.153572$ & $-0.0928744$ & $0.0138346$ & $-0.0647329$ & $0.368872$ & $0.0060278$ & $-0.0173084$ & $0.168343$ & $-0.073751$ & $-0.0246615$ & $0.0723243$ & $0.194647$ & $-0.14087$ & $-0.173791$ & $-0.118586$ & $0.0845879$ & $0.455084$ & $-0.449208$ \\
mHl & $0.342597$ & $0.303679$ & $-0.411888$ & $1$ & $0.00217264$ & $0.0197546$ & $-0.0588842$ & $-0.0698615$ & $-0.0691148$ & $0.109321$ & $0.0467957$ & $0.0370614$ & $-0.0102867$ & $0.00149018$ & $-0.0350975$ & $-0.0451957$ & $0.0473958$ & $0.0566953$ & $0.0669188$ & $-0.0491593$ & $-0.0451097$ & $-0.0485506$ & $0.00576633$ & $0.0375793$ & $0.037134$ & $0.00913437$ & $-0.00485644$ & $-0.0264195$ & $0.0161798$ & $0.025511$ & $0.0274289$ & $-0.0619601$ & $0.0543408$ & $-0.0170088$ & $-0.230422$ & $-0.187302$ & $-0.306753$ & $0.124899$ & $-0.207549$ & $-0.0397596$ & $-0.106871$ & $0.133165$ & $-0.0746247$ & $0.0806248$ & $0.000755589$ & $-0.178235$ & $-0.0198591$ & $-0.523922$ & $0.228953$ \\
Mz & $-0.00258895$ & $-0.0136331$ & $-0.0117081$ & $0.00217264$ & $1$ & $-0.00687191$ & $0.0236667$ & $0.00595267$ & $0.00833124$ & $-0.0147126$ & $-0.0034191$ & $0.00869516$ & $0.0328164$ & $0.0154752$ & $0.0178964$ & $0.0361627$ & $0.0101604$ & $0.00144347$ & $-0.0108208$ & $0.0152383$ & $0.0105312$ & $0.0103785$ & $-0.00134231$ & $0.000297064$ & $0.00168016$ & $-0.00763373$ & $-0.0148556$ & $0.0113738$ & $0.0132437$ & $0.00430019$ & $0.0201685$ & $0.0253118$ & $0.00823994$ & $-0.0110281$ & $0.0186697$ & $-0.0448955$ & $-0.0318983$ & $0.0301609$ & $0.00686101$ & $-0.0276607$ & $-0.0102056$ & $0.0376035$ & $0.039996$ & $0.0565296$ & $-0.0530709$ & $-0.00619707$ & $0.0151879$ & $-0.0254574$ & $0.0146567$ \\
CW & $0.0354813$ & $0.0298529$ & $-0.0325063$ & $0.0197546$ & $-0.00687191$ & $1$ & $-0.00517814$ & $-0.14608$ & $-0.141933$ & $0.0343591$ & $0.181794$ & $0.0253806$ & $-0.00560038$ & $0.0481453$ & $-0.0466745$ & $-0.0637896$ & $-0.220535$ & $-0.0347212$ & $-0.0206597$ & $-0.177545$ & $-0.188874$ & $-0.187614$ & $-0.0258923$ & $0.0397791$ & $-0.0705074$ & $0.109409$ & $-0.11126$ & $-0.0545532$ & $-0.0205337$ & $-0.00999147$ & $-0.0159613$ & $0.000339495$ & $-0.00986294$ & $-0.159587$ & $0.0557935$ & $-0.0322545$ & $-0.0480047$ & $0.00713053$ & $0.0304989$ & $-0.00800518$ & $-0.00968145$ & $-0.0165931$ & $0.025087$ & $0.0477245$ & $-0.000952137$ & $0.00414714$ & $-0.0235853$ & $-0.0344901$ & $-0.00776423$ \\
CHG & $0.0262876$ & $-0.117362$ & $0.149503$ & $-0.0588842$ & $0.0236667$ & $-0.00517814$ & $1$ & $-0.0655241$ & $-0.00862683$ & $0.0191596$ & $0.0430461$ & $-0.150623$ & $-0.167252$ & $0.0192686$ & $-0.00177303$ & $0.0363731$ & $0.0437626$ & $0.0469476$ & $0.0198078$ & $-0.039188$ & $-0.048944$ & $-0.0456377$ & $-0.0120423$ & $0.0788378$ & $0.0475079$ & $0.0329452$ & $-0.0342004$ & $-0.0147824$ & $0.0130167$ & $-0.115192$ & $-0.122262$ & $0.930719$ & $-0.187275$ & $-0.0494389$ & $-0.0549312$ & $-0.131709$ & $-0.13606$ & $0.0094346$ & $-0.086052$ & $-0.0279817$ & $-0.0819562$ & $0.0569587$ & $0.0851008$ & $0.052376$ & $-0.10876$ & $-0.0925486$ & $-0.0947547$ & $-0.0718408$ & $-0.105626$ \\
CHWB & $-0.0236901$ & $-0.0386523$ & $0.0306778$ & $-0.0698615$ & $0.00595267$ & $-0.14608$ & $-0.0655241$ & $1$ & $0.98279$ & $-0.549833$ & $-0.883775$ & $-0.0140533$ & $0.280408$ & $0.143471$ & $0.309524$ & $0.271831$ & $-0.203398$ & $-0.412005$ & $-0.38938$ & $0.853664$ & $0.900563$ & $0.883503$ & $0.0686077$ & $-0.650192$ & $-0.339043$ & $-0.502341$ & $0.429313$ & $0.307519$ & $0.0180108$ & $0.0657161$ & $0.0394146$ & $-0.0648186$ & $0.0714825$ & $0.533133$ & $0.0174517$ & $-0.00996038$ & $0.0464361$ & $-0.0113016$ & $0.058811$ & $0.0446418$ & $0.0155376$ & $-0.0275316$ & $-0.00366013$ & $0.00329014$ & $0.00663195$ & $0.0330792$ & $0.00459003$ & $0.0778662$ & $-0.0218758$ \\
CHWHB_gaga & $-0.00929874$ & $-0.0467268$ & $0.0439095$ & $-0.0691148$ & $0.00833124$ & $-0.141933$ & $-0.00862683$ & $0.98279$ & $1$ & $-0.542215$ & $-0.864475$ & $0.00176488$ & $0.282255$ & $0.132597$ & $0.302538$ & $0.271794$ & $-0.209361$ & $-0.411043$ & $-0.394012$ & $0.83524$ & $0.880488$ & $0.863816$ & $0.0714396$ & $-0.643407$ & $-0.341815$ & $-0.494703$ & $0.420262$ & $0.300656$ & $0.023868$ & $0.0853763$ & $0.0506273$ & $-0.0162858$ & $0.0918903$ & $0.524948$ & $0.00334232$ & $-0.0139144$ & $0.0369673$ & $-0.00670263$ & $0.0542734$ & $0.0379986$ & $0.0036909$ & $-0.0234069$ & $0.0291339$ & $0.00187229$ & $-0.0134702$ & $0.0359308$ & $0.0115588$ & $0.0694119$ & $-0.0387124$ \\
CHWHB_gagaorth & $0.0377098$ & $0.0615019$ & $-0.0789094$ & $0.109321$ & $-0.0147126$ & $0.0343591$ & $0.0191596$ & $-0.549833$ & $-0.542215$ & $1$ & $0.342858$ & $0.35409$ & $-0.181453$ & $0.199091$ & $-0.114234$ & $-0.0936984$ & $0.407107$ & $0.457695$ & $0.447433$ & $-0.327302$ & $-0.359032$ & $-0.356629$ & $-0.0565008$ & $0.525496$ & $0.434416$ & $0.213663$ & $-0.231922$ & $-0.0977787$ & $0.00426491$ & $-0.0909409$ & $-0.0479637$ & $0.0442154$ & $-0.0912461$ & $-0.331037$ & $0.0106231$ & $-0.0109309$ & $-0.117854$ & $0.0292143$ & $-0.0359904$ & $-0.0624199$ & $-0.0228132$ & $0.0389828$ & $-0.026626$ & $0.0182364$ & $0.01013$ & $-0.0235426$ & $-0.028838$ & $-0.0953603$ & $0.0542403$ \\
CHD & $0.0439322$ & $0.0315486$ & $-0.00558389$ & $0.0467957$ & $-0.0034191$ & $0.181794$ & $0.0430461$ & $-0.883775$ & $-0.864475$ & $0.342858$ & $1$ & $0.123821$ & $-0.144288$ & $-0.541857$ & $-0.432629$ & $-0.400452$ & $-0.241818$ & $0.0588761$ & $0.0374755$ & $-0.990162$ & $-0.991157$ & $-0.969423$ & $-0.00849741$ & $0.290384$ & $-0.0312973$ & $0.544956$ & $-0.306387$ & $-0.338909$ & $-0.0189173$ & $-0.0340307$ & $-0.0434888$ & $0.0495305$ & $-0.0479094$ & $-0.339169$ & $-0.00965951$ & $0.0234837$ & $-0.0371846$ & $0.0146536$ & $-0.0223766$ & $-0.0414071$ & $-0.0174592$ & $0.00864813$ & $0.0334015$ & $-0.0269981$ & $-0.00478435$ & $-0.0130483$ & $-0.00746275$ & $-0.0637619$ & $0.00340429$ \\
CHbox & $0.176631$ & $0.0834797$ & $0.00320913$ & $0.0370614$ & $0.00869516$ & $0.0253806$ & $-0.150623$ & $-0.0140533$ & $0.00176488$ & $0.35409$ & $0.123821$ & $1$ & $0.68375$ & $-0.242844$ & $0.0190228$ & $0.0187369$ & $-0.23928$ & $-0.221717$ & $-0.226544$ & $-0.110591$ & $-0.127351$ & $-0.126152$ & $-0.0315665$ & $-0.127286$ & $-0.233084$ & $0.0807222$ & $-0.0709621$ & $-0.0265868$ & $0.070397$ & $0.314306$ & $0.0762867$ & $-0.0476127$ & $0.373327$ & $-0.0322516$ & $0.136549$ & $0.0267381$ & $-0.149873$ & $0.0552925$ & $0.186966$ & $-0.0167737$ & $0.00129025$ & $-0.0196825$ & $0.0936055$ & $0.0287655$ & $0.0160231$ & $0.0180057$ & $-0.0230179$ & $-0.0464885$ & $-0.0772823$ \\
CH & $0.15947$ & $0.0272389$ & $0.0406271$ & $-0.0102867$ & $0.0328164$ & $-0.00560038$ & $-0.167252$ & $0.280408$ & $0.282255$ & $-0.181453$ & $-0.144288$ & $0.68375$ & $1$ & $-0.168463$ & $0.0694245$ & $0.0835562$ & $-0.279778$ & $-0.298356$ & $-0.315628$ & $0.140346$ & $0.148676$ & $0.146604$ & $0.00151952$ & $-0.315729$ & $-0.301202$ & $-0.0751106$ & $0.0875681$ & $0.0150237$ & $0.0498196$ & $0.242219$ & $0.100368$ & $-0.111468$ & $0.271183$ & $0.158894$ & $0.106798$ & $0.0104244$ & $-0.092068$ & $0.0419955$ & $0.204058$ & $0.0344235$ & $0.0332847$ & $-0.0412533$ & $0.126985$ & $0.0243801$ & $-0.0128025$ & $0.0119576$ & $0.0138447$ & $0.000491377$ & $-0.139764$ \\
CHL1_11 & $-0.0679045$ & $-0.020181$ & $-0.0441345$ & $0.00149018$ & $0.0154752$ & $0.0481453$ & $0.0192686$ & $0.143471$ & $0.132597$ & $0.199091$ & $-0.541857$ & $-0.242844$ & $-0.168463$ & $1$ & $0.290394$ & $0.286053$ & $0.646721$ & $0.568775$ & $0.575636$ & $0.561133$ & $0.504513$ & $0.486931$ & $-0.0744546$ & $0.447298$ & $0.591908$ & $-0.270184$ & $-0.0640249$ & $0.170247$ & $0.00441031$ & $-0.0444827$ & $0.0169949$ & $0.00125093$ & $-0.0183916$ & $-0.20164$ & $-0.0134099$ & $-0.0368839$ & $0.00646374$ & $-0.0123137$ & $-0.0607485$ & $0.0171967$ & $0.0142846$ & $0.036125$ & $-0.0639194$ & $0.0398476$ & $0.00458614$ & $-0.0270036$ & $0.0160271$ & $0.0109476$ & $0.0447783$ \\
CHL1_22 & $-0.0371074$ & $0.009355$ & $0.0199846$ & $-0.0350975$ & $0.0178964$ & $-0.0466745$ & $-0.00177303$ & $0.309524$ & $0.302538$ & $-0.114234$ & $-0.432629$ & $0.0190228$ & $0.0694245$ & $0.290394$ & $1$ & $0.4619$ & $0.173352$ & $-0.462019$ & $-0.0317863$ & $0.500052$ & $0.347617$ & $0.344624$ & $-0.168382$ & $0.13187$ & $-0.126257$ & $-0.202508$ & $-0.382101$ & $0.134277$ & $0.0244411$ & $0.0160888$ & $-0.00753758$ & $-0.000771086$ & $0.0141096$ & $-0.611516$ & $0.00328939$ & $-0.0249027$ & $0.0131273$ & $-0.00668582$ & $0.021082$ & $0.000383491$ & $0.00527507$ & $-0.0229889$ & $-0.0411182$ & $0.0496668$ & $0.031603$ & $-0.0367949$ & $0.00707443$ & $0.0433019$ & $-0.00996158$ \\
CHL1_33 & $0.0153862$ & $0.0342034$ & $0.0572087$ & $-0.0451957$ & $0.0361627$ & $-0.0637896$ & $0.0363731$ & $0.271831$ & $0.271794$ & $-0.0936984$ & $-0.400452$ & $0.0187369$ & $0.0835562$ & $0.286053$ & $0.4619$ & $1$ & $0.187768$ & $-0.0209345$ & $-0.434365$ & $0.46805$ & $0.316425$ & $0.336665$ & $-0.186347$ & $0.149863$ & $-0.104768$ & $-0.165085$ & $-0.388954$ & $0.126264$ & $0.024792$ & $0.00588806$ & $0.00681935$ & $0.0363339$ & $-0.0182709$ & $-0.145097$ & $0.0475675$ & $-0.000267866$ & $-0.0161176$ & $0.0168568$ & $0.0615244$ & $-0.0210316$ & $0.00130438$ & $-0.0275031$ & $0.0355646$ & $0.0497203$ & $-0.0155265$ & $-0.00271086$ & $0.0129526$ & $0.0138716$ & $-0.0882526$ \\
CHL3_11 & $-0.050568$ & $0.00796489$ & $-0.0480811$ & $0.0473958$ & $0.0101604$ & $-0.220535$ & $0.0437626$ & $-0.203398$ & $-0.209361$ & $0.407107$ & $-0.241818$ & $-0.23928$ & $-0.279778$ & $0.646721$ & $0.173352$ & $0.187768$ & $1$ & $0.717655$ & $0.713842$ & $0.265103$ & $0.210731$ & $0.201539$ & $-0.0843447$ & $0.656959$ & $0.771433$ & $-0.0993158$ & $-0.126825$ & $0.0641055$ & $-0.00137244$ & $-0.0614073$ & $0.0141944$ & $0.0278702$ & $-0.0478651$ & $-0.226953$ & $-0.0250877$ & $-0.0214752$ & $-0.0147072$ & $-0.0035658$ & $-0.0806306$ & $-0.00685214$ & $0.0102215$ & $0.0336879$ & $-0.0606313$ & $0.0422663$ & $-0.0111736$ & $-0.0406544$ & $-0.000632782$ & $-0.028019$ & $0.0392468$ \\
CHL3_22 & $-0.0189925$ & $0.000323324$ & $-0.054796$ & $0.0566953$ & $0.00144347$ & $-0.0347212$ & $0.0469476$ & $-0.412005$ & $-0.411043$ & $0.457695$ & $0.0588761$ & $-0.221717$ & $-0.298356$ & $0.568775$ & $-0.462019$ & $-0.0209345$ & $0.717655$ & $1$ & $0.64971$ & $-0.0624889$ & $-0.0492227$ & $-0.0542502$ & $-0.00346874$ & $0.584094$ & $0.778933$ & $0.049579$ & $0.0247705$ & $-0.02564$ & $-0.014962$ & $-0.0699946$ & $0.0148994$ & $0.031507$ & $-0.0545729$ & $0.0810562$ & $-0.0188373$ & $-0.00590697$ & $-0.0221104$ & $0.000452502$ & $-0.0834689$ & $-0.00696227$ & $0.00193651$ & $0.0506706$ & $-0.0226118$ & $0.00962623$ & $-0.0261455$ & $-0.0122439$ & $0.00628985$ & $-0.0509465$ & $0.0389033$ \\
CHL3_33 & $-0.0632103$ & $-0.0161233$ & $-0.0881737$ & $0.0669188$ & $-0.0108208$ & $-0.0206597$ & $0.0198078$ & $-0.38938$ & $-0.394012$ & $0.447433$ & $0.0374755$ & $-0.226544$ & $-0.315628$ & $0.575636$ & $-0.0317863$ & $-0.434365$ & $0.713842$ & $0.64971$ & $1$ & $-0.0413721$ & $-0.0270008$ & $-0.0269685$ & $0.0146033$ & $0.578245$ & $0.776249$ & $0.0215734$ & $0.037761$ & $-0.0256294$ & $-0.0181498$ & $-0.0625861$ & $-0.00319993$ & $0.00610233$ & $-0.0285028$ & $-0.300977$ & $-0.0520768$ & $-0.0274379$ & $-0.00398404$ & $-0.0185522$ & $-0.116062$ & $0.00613832$ & $0.0113187$ & $0.0621208$ & $-0.0856483$ & $0.00709916$ & $0.00725137$ & $-0.0371678$ & $-0.00402236$ & $-0.0290495$ & $0.101407$ \\
CHe_11 & $-0.0446677$ & $-0.0214068$ & $0.0109682$ & $-0.0491593$ & $0.0152383$ & $-0.177545$ & $-0.039188$ & $0.853664$ & $0.83524$ & $-0.327302$ & $-0.990162$ & $-0.110591$ & $0.140346$ & $0.561133$ & $0.500052$ & $0.46805$ & $0.265103$ & $-0.0624889$ & $-0.0413721$ & $1$ & $0.971504$ & $0.951217$ & $-0.019409$ & $-0.231828$ & $0.0351788$ & $-0.533395$ & $0.228065$ & $0.335002$ & $0.022375$ & $0.0333537$ & $0.0427194$ & $-0.0438548$ & $0.0457159$ & $0.254898$ & $0.0118933$ & $-0.0215091$ & $0.0350571$ & $-0.0123429$ & $0.0248651$ & $0.035529$ & $0.0159455$ & $-0.0105318$ & $-0.0333901$ & $0.0313343$ & $0.00511015$ & $0.00950964$ & $0.0126058$ & $0.0646246$ & $-0.00728815$ \\
CHe_22 & $-0.0469817$ & $-0.029722$ & $0.00500267$ & $-0.0451097$ & $0.0105312$ & $-0.188874$ & $-0.048944$ & $0.900563$ & $0.880488$ & $-0.359032$ & $-0.991157$ & $-0.127351$ & $0.148676$ & $0.504513$ & $0.347617$ & $0.316425$ & $0.210731$ & $-0.0492227$ & $-0.0270008$ & $0.971504$ & $1$ & $0.973945$ & $0.0385665$ & $-0.34733$ & $0.0303196$ & $-0.548459$ & $0.387701$ & $0.336385$ & $0.0177947$ & $0.0368786$ & $0.0440557$ & $-0.0547503$ & $0.0526207$ & $0.426561$ & $0.00629239$ & $-0.0212635$ & $0.0370652$ & $-0.0143457$ & $0.0188228$ & $0.0437389$ & $0.0185318$ & $-0.00636475$ & $-0.0366832$ & $0.020538$ & $0.00168451$ & $0.01512$ & $0.00666966$ & $0.0647268$ & $0.00151037$ \\
CHe_33 & $-0.046159$ & $-0.0297542$ & $0.0076802$ & $-0.0485506$ & $0.0103785$ & $-0.187614$ & $-0.0456377$ & $0.883503$ & $0.863816$ & $-0.356629$ & $-0.969423$ & $-0.126152$ & $0.146604$ & $0.486931$ & $0.344624$ & $0.336665$ & $0.201539$ & $-0.0542502$ & $-0.0269685$ & $0.951217$ & $0.973945$ & $1$ & $0.0324475$ & $-0.341828$ & $0.0248319$ & $-0.534253$ & $0.376899$ & $0.328998$ & $0.0128399$ & $0.0348232$ & $0.043285$ & $-0.0529116$ & $0.0504687$ & $0.418144$ & $0.00616037$ & $-0.0171012$ & $0.0377623$ & $-0.0189108$ & $0.0242176$ & $0.0383035$ & $0.0233841$ & $-0.00259214$ & $-0.0315197$ & $0.0205586$ & $-0.00199539$ & $0.0191635$ & $0.00740475$ & $0.0662845$ & $-0.00295848$ \\
CHQ1_11 & $-0.0317923$ & $0.00303339$ & $0.00873365$ & $0.00576633$ & $-0.00134231$ & $-0.0258923$ & $-0.0120423$ & $0.0686077$ & $0.0714396$ & $-0.0565008$ & $-0.00849741$ & $-0.0315665$ & $0.00151952$ & $-0.0744546$ & $-0.168382$ & $-0.186347$ & $-0.0843447$ & $-0.00346874$ & $0.0146033$ & $-0.019409$ & $0.0385665$ & $0.0324475$ & $1$ & $-0.149876$ & $0.0843727$ & $-0.686662$ & $0.348072$ & $0.0178414$ & $0.00487703$ & $-0.043222$ & $0.0243822$ & $-0.0218916$ & $0.00475483$ & $0.197475$ & $-0.0463477$ & $-0.0410911$ & $0.0321841$ & $-0.00839229$ & $-0.0546201$ & $0.0557314$ & $-0.0149992$ & $0.0372981$ & $-0.0185385$ & $-0.0478621$ & $0.0127823$ & $0.0416645$ & $-0.0219464$ & $0.0605533$ & $0.0512085$ \\
CHQ1_33 & $-0.051658$ & $0.020668$ & $-0.0311057$ & $0.0375793$ & $0.000297064$ & $0.0397791$ & $0.0788378$ & $-0.650192$ & $-0.643407$ & $0.525496$ & $0.290384$ & $-0.127286$ & $-0.315729$ & $0.447298$ & $0.13187$ & $0.149863$ & $0.656959$ & $0.584094$ & $0.578245$ & $-0.231828$ & $-0.34733$ & $-0.341828$ & $-0.149876$ & $1$ & $0.598673$ & $0.203247$ & $-0.418321$ & $-0.00662735$ & $-0.00919955$ & $-0.081557$ & $-0.0333184$ & $0.0662722$ & $-0.0733859$ & $-0.628776$ & $-0.0347849$ & $-0.0189477$ & $-0.0259059$ & $-0.00823028$ & $-0.0870393$ & $-0.0258541$ & $0.00633969$ & $0.047283$ & $-0.0627158$ & $0.0269429$ & $0.0107736$ & $-0.0538187$ & $0.00325396$ & $-0.0313614$ & $0.0459104$ \\
CHQ3_11 & $-0.115041$ & $-0.01597$ & $-0.0861393$ & $0.037134$ & $0.00168016$ & $-0.0705074$ & $0.0475079$ & $-0.339043$ & $-0.341815$ & $0.434416$ & $-0.0312973$ & $-0.233084$ & $-0.301202$ & $0.591908$ & $-0.126257$ & $-0.104768$ & $0.771433$ & $0.778933$ & $0.776249$ & $0.0351788$ & $0.0303196$ & $0.0248319$ & $0.0843727$ & $0.598673$ & $1$ & $0.00609047$ & $0.265943$ & $-0.00225861$ & $-0.0237942$ & $-0.0776852$ & $0.0123317$ & $0.0284129$ & $-0.0425728$ & $-0.145478$ & $-0.073003$ & $-0.0407924$ & $-0.0114796$ & $0.00345672$ & $-0.145409$ & $-0.00402135$ & $0.0176497$ & $0.0507639$ & $-0.091591$ & $-0.0132415$ & $-0.00863545$ & $-0.0188116$ & $0.0127798$ & $-0.015631$ & $0.0929969$ \\
CHu_11 & $0.0125094$ & $-0.00958247$ & $-0.0244585$ & $0.00913437$ & $-0.00763373$ & $0.109409$ & $0.0329452$ & $-0.502341$ & $-0.494703$ & $0.213663$ & $0.544956$ & $0.0807222$ & $-0.0751106$ & $-0.270184$ & $-0.202508$ & $-0.165085$ & $-0.0993158$ & $0.049579$ & $0.0215734$ & $-0.533395$ & $-0.548459$ & $-0.534253$ & $-0.686662$ & $0.203247$ & $0.00609047$ & $1$ & $-0.179302$ & $-0.199652$ & $-0.0164543$ & $0.00641889$ & $-0.046775$ & $0.045831$ & $-0.0259957$ & $-0.228737$ & $0.0017559$ & $0.0284351$ & $-0.0496849$ & $0.0290859$ & $-0.00988079$ & $-0.0595232$ & $0.00398141$ & $-0.00983548$ & $0.0216122$ & $-0.00659176$ & $-0.0300383$ & $-0.0308103$ & $0.0149433$ & $-0.0720886$ & $-0.0225782$ \\
CHd_11 & $-0.0421247$ & $-0.044509$ & $-0.0378996$ & $-0.00485644$ & $-0.0148556$ & $-0.11126$ & $-0.0342004$ & $0.429313$ & $0.420262$ & $-0.231922$ & $-0.306387$ & $-0.0709621$ & $0.0875681$ & $-0.0640249$ & $-0.382101$ & $-0.388954$ & $-0.126825$ & $0.0247705$ & $0.037761$ & $0.228065$ & $0.387701$ & $0.376899$ & $0.348072$ & $-0.418321$ & $0.265943$ & $-0.179302$ & $1$ & $0.101952$ & $-0.0232173$ & $0.0112889$ & $0.0253901$ & $-0.0393675$ & $0.0367561$ & $0.681096$ & $-0.0449118$ & $-0.0200968$ & $0.013121$ & $0.00936001$ & $-0.0430573$ & $0.037932$ & $0.00788327$ & $0.0222965$ & $-0.0261778$ & $-0.0702308$ & $-0.0200081$ & $0.0645437$ & $-0.0123403$ & $0.0375295$ & $0.0429575$ \\
CHd_33 & $-0.00847319$ & $-0.0125386$ & $0.017483$ & $-0.0264195$ & $0.0113738$ & $-0.0545532$ & $-0.0147824$ & $0.307519$ & $0.300656$ & $-0.0977787$ & $-0.338909$ & $-0.0265868$ & $0.0150237$ & $0.170247$ & $0.134277$ & $0.126264$ & $0.0641055$ & $-0.02564$ & $-0.0256294$ & $0.335002$ & $0.336385$ & $0.328998$ & $0.0178414$ & $-0.00662735$ & $-0.00225861$ & $-0.199652$ & $0.101952$ & $1$ & $-0.0100371$ & $0.00947641$ & $-0.00618326$ & $-0.0123247$ & $0.0268462$ & $0.131152$ & $-7.59362e-05$ & $-0.00698818$ & $0.0214055$ & $-0.0416158$ & $0.0169867$ & $0.00293565$ & $-0.00951014$ & $0.0155832$ & $-0.014385$ & $0.0214552$ & $0.0152879$ & $-0.00813677$ & $0.0104645$ & $0.0249349$ & $0.0157667$ \\
CeH_22r & $0.00525004$ & $-0.00738462$ & $0.000433553$ & $0.0161798$ & $0.0132437$ & $-0.0205337$ & $0.0130167$ & $0.0180108$ & $0.023868$ & $0.00426491$ & $-0.0189173$ & $0.070397$ & $0.0498196$ & $0.00441031$ & $0.0244411$ & $0.024792$ & $-0.00137244$ & $-0.014962$ & $-0.0181498$ & $0.022375$ & $0.0177947$ & $0.0128399$ & $0.00487703$ & $-0.00919955$ & $-0.0237942$ & $-0.0164543$ & $-0.0232173$ & $-0.0100371$ & $1$ & $0.0396719$ & $0.0114369$ & $0.00234703$ & $0.0538751$ & $-0.00758117$ & $-0.000766154$ & $-0.0175298$ & $-0.0205798$ & $-0.0122869$ & $-0.0318275$ & $-0.0175297$ & $-0.0185632$ & $0.00481108$ & $-0.0152744$ & $0.00589924$ & $0.0349926$ & $-0.0239884$ & $0.00941036$ & $0.00657233$ & $0.0190723$ \\
CeH_33r & $0.0582636$ & $0.0495807$ & $-0.00428739$ & $0.025511$ & $0.00430019$ & $-0.00999147$ & $-0.115192$ & $0.0657161$ & $0.0853763$ & $-0.0909409$ & $-0.0340307$ & $0.314306$ & $0.242219$ & $-0.0444827$ & $0.0160888$ & $0.00588806$ & $-0.0614073$ & $-0.0699946$ & $-0.0625861$ & $0.0333537$ & $0.0368786$ & $0.0348232$ & $-0.043222$ & $-0.081557$ & $-0.0776852$ & $0.00641889$ & $0.0112889$ & $0.00947641$ & $0.0396719$ & $1$ & $0.30129$ & $0.0494553$ & $0.704882$ & $0.0403324$ & $0.0561712$ & $0.0282958$ & $-0.130542$ & $-0.00706527$ & $0.0742294$ & $-0.0385688$ & $0.00211527$ & $-0.0344307$ & $0.0314596$ & $0.01843$ & $0.0286122$ & $-0.0320262$ & $-0.0196518$ & $-0.0583425$ & $-0.00108558$ \\
CuH_22r & $-0.0363595$ & $-0.0164992$ & $-0.0484507$ & $0.0274289$ & $0.0201685$ & $-0.0159613$ & $-0.122262$ & $0.0394146$ & $0.0506273$ & $-0.0479637$ & $-0.0434888$ & $0.0762867$ & $0.100368$ & $0.0169949$ & $-0.00753758$ & $0.00681935$ & $0.0141944$ & $0.0148994$ & $-0.00319993$ & $0.0427194$ & $0.0440557$ & $0.043285$ & $0.0243822$ & $-0.0333184$ & $0.0123317$ & $-0.046775$ & $0.0253901$ & $-0.00618326$ & $0.0114369$ & $0.30129$ & $1$ & $-0.0275285$ & $0.39688$ & $0.0405584$ & $-0.0405627$ & $0.026738$ & $-0.0181521$ & $-0.0186167$ & $-0.0350229$ & $-0.0318592$ & $0.0630016$ & $0.00530564$ & $0.0116535$ & $-0.00446487$ & $-0.00837746$ & $0.000646712$ & $0.163416$ & $-0.0235615$ & $0.0563634$ \\
CuH_33r & $0.0723643$ & $-0.0959768$ & $0.153572$ & $-0.0619601$ & $0.0253118$ & $0.000339495$ & $0.930719$ & $-0.0648186$ & $-0.0162858$ & $0.0442154$ & $0.0495305$ & $-0.0476127$ & $-0.111468$ & $0.00125093$ & $-0.000771086$ & $0.0363339$ & $0.0278702$ & $0.031507$ & $0.00610233$ & $-0.0438548$ & $-0.0547503$ & $-0.0529116$ & $-0.0218916$ & $0.0662722$ & $0.0284129$ & $0.045831$ & $-0.0393675$ & $-0.0123247$ & $0.00234703$ & $0.0494553$ & $-0.0275285$ & $1$ & $0.0141157$ & $-0.0507046$ & $0.0108591$ & $-0.108517$ & $-0.195469$ & $0.00430208$ & $-0.0277454$ & $-0.0392637$ & $-0.0804655$ & $0.0449323$ & $0.110467$ & $0.08329$ & $-0.120003$ & $-0.0960713$ & $-0.112742$ & $-0.11132$ & $-0.134035$ \\
CdH_33r & $-0.0675557$ & $-0.0233612$ & $-0.0928744$ & $0.0543408$ & $0.00823994$ & $-0.00986294$ & $-0.187275$ & $0.0714825$ & $0.0918903$ & $-0.0912461$ & $-0.0479094$ & $0.373327$ & $0.271183$ & $-0.0183916$ & $0.0141096$ & $-0.0182709$ & $-0.0478651$ & $-0.0545729$ & $-0.0285028$ & $0.0457159$ & $0.0526207$ & $0.0504687$ & $0.00475483$ & $-0.0733859$ & $-0.0425728$ & $-0.0259957$ & $0.0367561$ & $0.0268462$ & $0.0538751$ & $0.704882$ & $0.39688$ & $0.0141157$ & $1$ & $0.0403319$ & $-0.024357$ & $-0.050178$ & $-0.109811$ & $-0.0223263$ & $-0.105123$ & $-0.0119363$ & $0.0295624$ & $0.0390551$ & $-0.101186$ & $-0.0360391$ & $0.152236$ & $-0.0354424$ & $0.0475666$ & $0.0047115$ & $0.255069$ \\
CLL_1221 & $0.0155598$ & $-0.017338$ & $0.0138346$ & $-0.0170088$ & $-0.0110281$ & $-0.159587$ & $-0.0494389$ & $0.533133$ & $0.524948$ & $-0.331037$ & $-0.339169$ & $-0.0322516$ & $0.158894$ & $-0.20164$ & $-0.611516$ & $-0.145097$ & $-0.226953$ & $0.0810562$ & $-0.300977$ & $0.254898$ & $0.426561$ & $0.418144$ & $0.197475$ & $-0.628776$ & $-0.145478$ & $-0.228737$ & $0.681096$ & $0.131152$ & $-0.00758117$ & $0.0403324$ & $0.0405584$ & $-0.0507046$ & $0.0403319$ & $1$ & $0.0109959$ & $0.0183463$ & $0.0206382$ & $0.00206769$ & $0.0348672$ & $0.0309427$ & $0.00530617$ & $-0.00690054$ & $0.0336978$ & $-0.0340251$ & $-0.0296748$ & $0.0538007$ & $-0.00939177$ & $0.0176417$ & $-0.0185039$ \\
eHggint & $0.369541$ & $0.116689$ & $-0.0647329$ & $-0.230422$ & $0.0186697$ & $0.0557935$ & $-0.0549312$ & $0.0174517$ & $0.00334232$ & $0.0106231$ & $-0.00965951$ & $0.136549$ & $0.106798$ & $-0.0134099$ & $0.00328939$ & $0.0475675$ & $-0.0250877$ & $-0.0188373$ & $-0.0520768$ & $0.0118933$ & $0.00629239$ & $0.00616037$ & $-0.0463477$ & $-0.0347849$ & $-0.073003$ & $0.0017559$ & $-0.0449118$ & $-7.59362e-05$ & $-0.000766154$ & $0.0561712$ & $-0.0405627$ & $0.0108591$ & $-0.024357$ & $0.0109959$ & $1$ & $0.071095$ & $-0.11748$ & $-0.0102742$ & $0.651832$ & $0.0767321$ & $0.160354$ & $-0.120876$ & $0.0888886$ & $0.333631$ & $0.0193971$ & $0.264746$ & $-0.313509$ & $-0.0213287$ & $-0.204027$ \\
eHggpar & $0.171697$ & $0.0666886$ & $0.368872$ & $-0.187302$ & $-0.0448955$ & $-0.0322545$ & $-0.131709$ & $-0.00996038$ & $-0.0139144$ & $-0.0109309$ & $0.0234837$ & $0.0267381$ & $0.0104244$ & $-0.0368839$ & $-0.0249027$ & $-0.000267866$ & $-0.0214752$ & $-0.00590697$ & $-0.0274379$ & $-0.0215091$ & $-0.0212635$ & $-0.0171012$ & $-0.0410911$ & $-0.0189477$ & $-0.0407924$ & $0.0284351$ & $-0.0200968$ & $-0.00698818$ & $-0.0175298$ & $0.0282958$ & $0.026738$ & $-0.108517$ & $-0.050178$ & $0.0183463$ & $0.071095$ & $1$ & $-0.0748619$ & $-0.0963836$ & $0.37337$ & $0.00211046$ & $0.127984$ & $-0.00938471$ & $0.148004$ & $0.121128$ & $0.0802939$ & $-0.140935$ & $0.234835$ & $0.0926429$ & $-0.217206$ \\
eHWWint & $-0.235151$ & $-0.265854$ & $0.0060278$ & $-0.306753$ & $-0.0318983$ & $-0.0480047$ & $-0.13606$ & $0.0464361$ & $0.0369673$ & $-0.117854$ & $-0.0371846$ & $-0.149873$ & $-0.092068$ & $0.00646374$ & $0.0131273$ & $-0.0161176$ & $-0.0147072$ & $-0.0221104$ & $-0.00398404$ & $0.0350571$ & $0.0370652$ & $0.0377623$ & $0.0321841$ & $-0.0259059$ & $-0.0114796$ & $-0.0496849$ & $0.013121$ & $0.0214055$ & $-0.0205798$ & $-0.130542$ & $-0.0181521$ & $-0.195469$ & $-0.109811$ & $0.0206382$ & $-0.11748$ & $-0.0748619$ & $1$ & $-0.0133935$ & $-0.026187$ & $0.164545$ & $-0.124652$ & $-0.0585294$ & $-0.0678465$ & $0.0823584$ & $0.125976$ & $-0.0393101$ & $0.0413888$ & $0.325328$ & $-0.00394291$ \\
eHWWpar & $0.0944938$ & $0.0671478$ & $-0.0173084$ & $0.124899$ & $0.0301609$ & $0.00713053$ & $0.0094346$ & $-0.0113016$ & $-0.00670263$ & $0.0292143$ & $0.0146536$ & $0.0552925$ & $0.0419955$ & $-0.0123137$ & $-0.00668582$ & $0.0168568$ & $-0.0035658$ & $0.000452502$ & $-0.0185522$ & $-0.0123429$ & $-0.0143457$ & $-0.0189108$ & $-0.00839229$ & $-0.00823028$ & $0.00345672$ & $0.0290859$ & $0.00936001$ & $-0.0416158$ & $-0.0122869$ & $-0.00706527$ & $-0.0186167$ & $0.00430208$ & $-0.0223263$ & $0.00206769$ & $-0.0102742$ & $-0.0963836$ & $-0.0133935$ & $1$ & $0.0353342$ & $0.00741126$ & $-0.12404$ & $2.89617e-05$ & $0.0382697$ & $-0.0563831$ & $-0.126588$ & $0.0775841$ & $-0.127004$ & $-0.184883$ & $-0.0496648$ \\
eHZZint & $0.470562$ & $0.266305$ & $0.168343$ & $-0.207549$ & $0.00686101$ & $0.0304989$ & $-0.086052$ & $0.058811$ & $0.0542734$ & $-0.0359904$ & $-0.0223766$ & $0.186966$ & $0.204058$ & $-0.0607485$ & $0.021082$ & $0.0615244$ & $-0.0806306$ & $-0.0834689$ & $-0.116062$ & $0.0248651$ & $0.0188228$ & $0.0242176$ & $-0.0546201$ & $-0.0870393$ & $-0.145409$ & $-0.00988079$ & $-0.0430573$ & $0.0169867$ & $-0.0318275$ & $0.0742294$ & $-0.0350229$ & $-0.0277454$ & $-0.105123$ & $0.0348672$ & $0.651832$ & $0.37337$ & $-0.026187$ & $0.0353342$ & $1$ & $0.0320207$ & $0.131708$ & $-0.14667$ & $0.355445$ & $0.374163$ & $-0.15272$ & $0.124197$ & $-0.248655$ & $-0.0672979$ & $-0.536906$ \\
eHZZpar & $-0.0322401$ & $-0.0829132$ & $-0.073751$ & $-0.0397596$ & $-0.0276607$ & $-0.00800518$ & $-0.0279817$ & $0.0446418$ & $0.0379986$ & $-0.0624199$ & $-0.0414071$ & $-0.0167737$ & $0.0344235$ & $0.0171967$ & $0.000383491$ & $-0.0210316$ & $-0.00685214$ & $-0.00696227$ & $0.00613832$ & $0.035529$ & $0.0437389$ & $0.0383035$ & $0.0557314$ & $-0.0258541$ & $-0.00402135$ & $-0.0595232$ & $0.037932$ & $0.00293565$ & $-0.0175297$ & $-0.0385688$ & $-0.0318592$ & $-0.0392637$ & $-0.0119363$ & $0.0309427$ & $0.0767321$ & $0.00211046$ & $0.164545$ & $0.00741126$ & $0.0320207$ & $1$ & $0.132666$ & $-0.0794526$ & $-0.150655$ & $-0.0391887$ & $0.0134706$ & $0.0895092$ & $0.0228$ & $0.0812148$ & $0.00559608$ \\
eHZgaint & $-0.253208$ & $-0.159955$ & $-0.0246615$ & $-0.106871$ & $-0.0102056$ & $-0.00968145$ & $-0.0819562$ & $0.0155376$ & $0.0036909$ & $-0.0228132$ & $-0.0174592$ & $0.00129025$ & $0.0332847$ & $0.0142846$ & $0.00527507$ & $0.00130438$ & $0.0102215$ & $0.00193651$ & $0.0113187$ & $0.0159455$ & $0.0185318$ & $0.0233841$ & $-0.0149992$ & $0.00633969$ & $0.0176497$ & $0.00398141$ & $0.00788327$ & $-0.00951014$ & $-0.0185632$ & $0.00211527$ & $0.0630016$ & $-0.0804655$ & $0.0295624$ & $0.00530617$ & $0.160354$ & $0.127984$ & $-0.124652$ & $-0.12404$ & $0.131708$ & $0.132666$ & $1$ & $-0.0502834$ & $-0.190532$ & $-0.0307938$ & $-0.0901724$ & $0.0308414$ & $0.252806$ & $0.26573$ & $0.0371374$ \\
eHZgapar & $0.0249083$ & $-0.00835579$ & $0.0723243$ & $0.133165$ & $0.0376035$ & $-0.0165931$ & $0.0569587$ & $-0.0275316$ & $-0.0234069$ & $0.0389828$ & $0.00864813$ & $-0.0196825$ & $-0.0412533$ & $0.036125$ & $-0.0229889$ & $-0.0275031$ & $0.0336879$ & $0.0506706$ & $0.0621208$ & $-0.0105318$ & $-0.00636475$ & $-0.00259214$ & $0.0372981$ & $0.047283$ & $0.0507639$ & $-0.00983548$ & $0.0222965$ & $0.0155832$ & $0.00481108$ & $-0.0344307$ & $0.00530564$ & $0.0449323$ & $0.0390551$ & $-0.00690054$ & $-0.120876$ & $-0.00938471$ & $-0.0585294$ & $2.89617e-05$ & $-0.14667$ & $-0.0794526$ & $-0.0502834$ & $1$ & $0.000570785$ & $0.00897419$ & $-0.0387808$ & $-0.108978$ & $0.0313112$ & $0.0425894$ & $0.15304$ \\
eHgagaint & $0.525316$ & $-0.154293$ & $0.194647$ & $-0.0746247$ & $0.039996$ & $0.025087$ & $0.0851008$ & $-0.00366013$ & $0.0291339$ & $-0.026626$ & $0.0334015$ & $0.0936055$ & $0.126985$ & $-0.0639194$ & $-0.0411182$ & $0.0355646$ & $-0.0606313$ & $-0.0226118$ & $-0.0856483$ & $-0.0333901$ & $-0.0366832$ & $-0.0315197$ & $-0.0185385$ & $-0.0627158$ & $-0.091591$ & $0.0216122$ & $-0.0261778$ & $-0.014385$ & $-0.0152744$ & $0.0314596$ & $0.0116535$ & $0.110467$ & $-0.101186$ & $0.0336978$ & $0.0888886$ & $0.148004$ & $-0.0678465$ & $0.0382697$ & $0.355445$ & $-0.150655$ & $-0.190532$ & $0.000570785$ & $1$ & $-0.033082$ & $-0.44349$ & $0.224256$ & $0.0519599$ & $-0.178602$ & $-0.519318$ \\
eHmumuint & $0.0735375$ & $0.205747$ & $-0.14087$ & $0.0806248$ & $0.0565296$ & $0.0477245$ & $0.052376$ & $0.00329014$ & $0.00187229$ & $0.0182364$ & $-0.0269981$ & $0.0287655$ & $0.0243801$ & $0.0398476$ & $0.0496668$ & $0.0497203$ & $0.0422663$ & $0.00962623$ & $0.00709916$ & $0.0313343$ & $0.020538$ & $0.0205586$ & $-0.0478621$ & $0.0269429$ & $-0.0132415$ & $-0.00659176$ & $-0.0702308$ & $0.0214552$ & $0.00589924$ & $0.01843$ & $-0.00446487$ & $0.08329$ & $-0.0360391$ & $-0.0340251$ & $0.333631$ & $0.121128$ & $0.0823584$ & $-0.0563831$ & $0.374163$ & $-0.0391887$ & $-0.0307938$ & $0.00897419$ & $-0.033082$ & $1$ & $0.0252307$ & $-0.39859$ & $-0.0359367$ & $-0.297752$ & $-0.0356243$ \\
eHtautauint & $-0.159772$ & $-0.178943$ & $-0.173791$ & $0.000755589$ & $-0.0530709$ & $-0.000952137$ & $-0.10876$ & $0.00663195$ & $-0.0134702$ & $0.01013$ & $-0.00478435$ & $0.0160231$ & $-0.0128025$ & $0.00458614$ & $0.031603$ & $-0.0155265$ & $-0.0111736$ & $-0.0261455$ & $0.00725137$ & $0.00511015$ & $0.00168451$ & $-0.00199539$ & $0.0127823$ & $0.0107736$ & $-0.00863545$ & $-0.0300383$ & $-0.0200081$ & $0.0152879$ & $0.0349926$ & $0.0286122$ & $-0.00837746$ & $-0.120003$ & $0.152236$ & $-0.0296748$ & $0.0193971$ & $0.0802939$ & $0.125976$ & $-0.126588$ & $-0.15272$ & $0.0134706$ & $-0.0901724$ & $-0.0387808$ & $-0.44349$ & $0.0252307$ & $1$ & $-0.302906$ & $0.0022602$ & $0.102604$ & $0.564378$ \\
eHccint & $0.271649$ & $-0.132327$ & $-0.118586$ & $-0.178235$ & $-0.00619707$ & $0.00414714$ & $-0.0925486$ & $0.0330792$ & $0.0359308$ & $-0.0235426$ & $-0.0130483$ & $0.0180057$ & $0.0119576$ & $-0.0270036$ & $-0.0367949$ & $-0.00271086$ & $-0.0406544$ & $-0.0122439$ & $-0.0371678$ & $0.00950964$ & $0.01512$ & $0.0191635$ & $0.0416645$ & $-0.0538187$ & $-0.0188116$ & $-0.0308103$ & $0.0645437$ & $-0.00813677$ & $-0.0239884$ & $-0.0320262$ & $0.000646712$ & $-0.0960713$ & $-0.0354424$ & $0.0538007$ & $0.264746$ & $-0.140935$ & $-0.0393101$ & $0.0775841$ & $0.124197$ & $0.0895092$ & $0.0308414$ & $-0.108978$ & $0.224256$ & $-0.39859$ & $-0.302906$ & $1$ & $-0.190235$ & $0.278657$ & $-0.161961$ \\
eHccpar & $-0.158472$ & $-0.18089$ & $0.0845879$ & $-0.0198591$ & $0.0151879$ & $-0.0235853$ & $-0.0947547$ & $0.00459003$ & $0.0115588$ & $-0.028838$ & $-0.00746275$ & $-0.0230179$ & $0.0138447$ & $0.0160271$ & $0.00707443$ & $0.0129526$ & $-0.000632782$ & $0.00628985$ & $-0.00402236$ & $0.0126058$ & $0.00666966$ & $0.00740475$ & $-0.0219464$ & $0.00325396$ & $0.0127798$ & $0.0149433$ & $-0.0123403$ & $0.0104645$ & $0.00941036$ & $-0.0196518$ & $0.163416$ & $-0.112742$ & $0.0475666$ & $-0.00939177$ & $-0.313509$ & $0.234835$ & $0.0413888$ & $-0.127004$ & $-0.248655$ & $0.0228$ & $0.252806$ & $0.0313112$ & $0.0519599$ & $-0.0359367$ & $0.0022602$ & $-0.190235$ & $1$ & $0.118304$ & $0.163468$ \\
eHbbint & $-0.245979$ & $-0.196484$ & $0.455084$ & $-0.523922$ & $-0.0254574$ & $-0.0344901$ & $-0.0718408$ & $0.0778662$ & $0.0694119$ & $-0.0953603$ & $-0.0637619$ & $-0.0464885$ & $0.000491377$ & $0.0109476$ & $0.0433019$ & $0.0138716$ & $-0.028019$ & $-0.0509465$ & $-0.0290495$ & $0.0646246$ & $0.0647268$ & $0.0662845$ & $0.0605533$ & $-0.0313614$ & $-0.015631$ & $-0.0720886$ & $0.0375295$ & $0.0249349$ & $0.00657233$ & $-0.0583425$ & $-0.0235615$ & $-0.11132$ & $0.0047115$ & $0.0176417$ & $-0.0213287$ & $0.0926429$ & $0.325328$ & $-0.184883$ & $-0.0672979$ & $0.0812148$ & $0.26573$ & $0.0425894$ & $-0.178602$ & $-0.297752$ & $0.102604$ & $0.278657$ & $0.118304$ & $1$ & $-0.000473501$ \\
eHbbpar & $-0.423681$ & $-0.170574$ & $-0.449208$ & $0.228953$ & $0.0146567$ & $-0.00776423$ & $-0.105626$ & $-0.0218758$ & $-0.0387124$ & $0.0542403$ & $0.00340429$ & $-0.0772823$ & $-0.139764$ & $0.0447783$ & $-0.00996158$ & $-0.0882526$ & $0.0392468$ & $0.0389033$ & $0.101407$ & $-0.00728815$ & $0.00151037$ & $-0.00295848$ & $0.0512085$ & $0.0459104$ & $0.0929969$ & $-0.0225782$ & $0.0429575$ & $0.0157667$ & $0.0190723$ & $-0.00108558$ & $0.0563634$ & $-0.134035$ & $0.255069$ & $-0.0185039$ & $-0.204027$ & $-0.217206$ & $-0.00394291$ & $-0.0496648$ & $-0.536906$ & $0.00559608$ & $0.0371374$ & $0.15304$ & $-0.519318$ & $-0.0356243$ & $0.564378$ & $-0.161961$ & $0.163468$ & $-0.000473501$ & $1$ \\
