 & AlsMz & dAle5Mz & mtop & mHl & Mz & CW & CHG & CHWB & CHWHB_gaga & CHWHB_gagaorth & CHD & CHbox & CH & CHL1_11 & CHL1_22 & CHL1_33 & CHL3_11 & CHL3_22 & CHL3_33 & CHe_11 & CHe_22 & CHe_33 & CHQ1_11 & CHQ1_33 & CHQ3_11 & CHu_11 & CHd_11 & CHd_33 & CeH_22r & CeH_33r & CuH_22r & CuH_33r & CdH_33r & CLL_1221 & eHggint & eHggpar & eHWWint & eHWWpar & eHZZint & eHZZpar & eHZgaint & eHZgapar & eHgagaint & eHmumuint & eHtautauint & eHccint & eHccpar & eHbbint & eHbbpar \\
AlsMz & $1$ & $-0.179242$ & $-0.182837$ & $0.0132142$ & $0.00666133$ & $0.0520567$ & $-0.00161121$ & $-0.0696746$ & $-0.061668$ & $0.028551$ & $0.073958$ & $0.0360355$ & $-0.00477952$ & $-0.0247948$ & $0.0434294$ & $0.0285445$ & $-0.0422638$ & $-0.0391039$ & $-0.0310818$ & $-0.0679655$ & $-0.0917185$ & $-0.0997763$ & $-0.0547742$ & $-0.00183874$ & $-0.116079$ & $0.0296941$ & $-0.194042$ & $-0.0612445$ & $0.037724$ & $-0.00891433$ & $0.0344338$ & $-0.0121607$ & $-0.130484$ & $-0.117347$ & $0.00346561$ & $-0.206394$ & $-0.138825$ & $-0.0987993$ & $0.210437$ & $-0.0411123$ & $0.126888$ & $-0.0321492$ & $0.118448$ & $-0.0178858$ & $-0.0238772$ & $-0.135172$ & $0.171326$ & $-0.345245$ & $-0.432245$ \\
dAle5Mz & $-0.179242$ & $1$ & $0.199483$ & $-0.144614$ & $-0.0191475$ & $0.0185485$ & $0.0819355$ & $-0.0931007$ & $-0.100108$ & $0.0429185$ & $0.0314501$ & $-0.0426559$ & $-0.0601941$ & $0.0633137$ & $0.0164747$ & $-0.000619619$ & $0.120873$ & $0.093295$ & $0.10539$ & $-0.00954232$ & $-0.0220035$ & $-0.0128777$ & $-0.00895748$ & $0.1148$ & $0.103229$ & $-0.00385405$ & $-0.0574158$ & $0.00873553$ & $-0.0302561$ & $-0.0389946$ & $0.00412549$ & $0.0668924$ & $-0.0564878$ & $-0.0523995$ & $-0.0178506$ & $-0.122456$ & $0.194789$ & $-0.0014498$ & $0.232369$ & $0.021507$ & $-0.0997808$ & $0.047804$ & $-0.19925$ & $-0.264312$ & $0.114667$ & $-0.248737$ & $0.224895$ & $0.00694197$ & $0.0753029$ \\
mtop & $-0.182837$ & $0.199483$ & $1$ & $-0.254273$ & $0.0348712$ & $-0.0201645$ & $0.162479$ & $0.0112402$ & $0.0119462$ & $-0.0192939$ & $0.00751533$ & $-0.0272497$ & $-0.0201115$ & $-0.0274516$ & $-0.0214185$ & $-0.0826977$ & $-0.0151576$ & $-0.0214846$ & $0.0288657$ & $-0.0107579$ & $0.00822974$ & $0.0154393$ & $0.0527751$ & $-0.0190461$ & $0.0623896$ & $0.00267506$ & $0.156837$ & $0.0443719$ & $0.03643$ & $0.00865047$ & $-0.0200338$ & $0.176471$ & $0.0354058$ & $0.0384637$ & $0.0167096$ & $0.315086$ & $-0.0449398$ & $0.0521894$ & $-0.118571$ & $0.137328$ & $-0.0328624$ & $-0.0972811$ & $-0.0793546$ & $0.012634$ & $-0.193192$ & $-0.0241545$ & $-0.106187$ & $0.259626$ & $0.172562$ \\
mHl & $0.0132142$ & $-0.144614$ & $-0.254273$ & $1$ & $0.042522$ & $0.00503061$ & $-0.0967445$ & $-0.000826893$ & $-0.015946$ & $-0.00314318$ & $-0.0193316$ & $-0.00587762$ & $0.0100857$ & $0.0346506$ & $0.0726483$ & $0.0477039$ & $0.0316461$ & $-0.00943945$ & $0.0126747$ & $0.0248062$ & $0.00838474$ & $0.0130523$ & $-0.0711001$ & $0.0336931$ & $-0.0204145$ & $0.0163961$ & $-0.105478$ & $0.00118194$ & $-0.00631471$ & $0.00301197$ & $-0.0461172$ & $-0.112092$ & $-0.0199591$ & $-0.0708921$ & $-0.162497$ & $0.230822$ & $0.2407$ & $-0.0744252$ & $-0.0292507$ & $-0.0127831$ & $-0.089487$ & $0.118306$ & $-0.139325$ & $0.271662$ & $-0.0484976$ & $-0.0939961$ & $-0.108888$ & $0.0809964$ & $-0.0234875$ \\
Mz & $0.00666133$ & $-0.0191475$ & $0.0348712$ & $0.042522$ & $1$ & $-0.00515656$ & $0.0256299$ & $0.0585592$ & $0.0578253$ & $-0.0357387$ & $-0.0473791$ & $-0.0052646$ & $0.0557888$ & $0.0110365$ & $0.0387203$ & $0.0182532$ & $-0.000479459$ & $-0.0341733$ & $-0.0172971$ & $0.051369$ & $0.0561286$ & $0.0555525$ & $-0.0279822$ & $-0.0509039$ & $-0.00740361$ & $-0.00809585$ & $0.0289205$ & $0.0594175$ & $-0.0339088$ & $0.0061827$ & $-0.0182874$ & $0.0222219$ & $0.00769514$ & $0.0178152$ & $0.0118441$ & $0.0107801$ & $-0.0151006$ & $0.01041$ & $-0.00291278$ & $-0.00772776$ & $0.00824847$ & $-0.00475529$ & $-0.0179909$ & $0.0201206$ & $0.0307648$ & $0.00838042$ & $-0.0430656$ & $-0.0529481$ & $0.0236144$ \\
CW & $0.0520567$ & $0.0185485$ & $-0.0201645$ & $0.00503061$ & $-0.00515656$ & $1$ & $0.0399532$ & $-0.135609$ & $-0.133145$ & $0.0200587$ & $0.184096$ & $0.0416364$ & $-0.0179845$ & $0.0292973$ & $-0.0672465$ & $-0.0817835$ & $-0.238167$ & $-0.0398341$ & $-0.0273379$ & $-0.176326$ & $-0.190522$ & $-0.188251$ & $0.0109337$ & $0.0338235$ & $-0.0693434$ & $0.100394$ & $-0.0844395$ & $-0.0711843$ & $-0.00632425$ & $-0.0180633$ & $-0.000537166$ & $0.0342599$ & $-0.0103335$ & $-0.146355$ & $-0.0273054$ & $-0.0184356$ & $0.0187352$ & $-0.0150188$ & $0.0108812$ & $0.050919$ & $-0.0517796$ & $0.0411403$ & $0.0279759$ & $-0.00589947$ & $-0.0411598$ & $0.0259445$ & $0.0620929$ & $0.00586512$ & $0.027407$ \\
CHG & $-0.00161121$ & $0.0819355$ & $0.162479$ & $-0.0967445$ & $0.0256299$ & $0.0399532$ & $1$ & $-0.176984$ & $-0.127186$ & $0.113719$ & $0.118157$ & $-0.170994$ & $-0.325354$ & $0.0746077$ & $-0.0746382$ & $-0.0704615$ & $0.116172$ & $0.16147$ & $0.159657$ & $-0.116483$ & $-0.117865$ & $-0.111083$ & $0.0298495$ & $0.157357$ & $0.142999$ & $0.0505595$ & $-0.051522$ & $-0.0374091$ & $-0.0189162$ & $-0.142812$ & $-0.0314158$ & $0.939983$ & $-0.203911$ & $-0.083636$ & $0.00317616$ & $0.0386782$ & $-0.0464844$ & $-0.0345827$ & $0.0102543$ & $-0.00997591$ & $0.0456197$ & $-0.000391474$ & $-0.0345906$ & $-0.0560113$ & $-0.0371092$ & $0.0273463$ & $0.0799744$ & $0.0015878$ & $-0.0424026$ \\
CHWB & $-0.0696746$ & $-0.0931007$ & $0.0112402$ & $-0.000826893$ & $0.0585592$ & $-0.135609$ & $-0.176984$ & $1$ & $0.983989$ & $-0.557651$ & $-0.880913$ & $-0.036541$ & $0.394411$ & $0.115259$ & $0.381365$ & $0.390698$ & $-0.254534$ & $-0.474773$ & $-0.489199$ & $0.854718$ & $0.896517$ & $0.875568$ & $-0.0715224$ & $-0.651196$ & $-0.484962$ & $-0.465077$ & $0.293153$ & $0.318902$ & $0.0442811$ & $0.102837$ & $0.0393362$ & $-0.16714$ & $0.137965$ & $0.513473$ & $0.100302$ & $-0.0233565$ & $0.0556269$ & $0.0934391$ & $-0.0677989$ & $-0.0221371$ & $0.0236643$ & $-0.0787482$ & $-0.0213923$ & $-0.0174619$ & $0.0778437$ & $0.091432$ & $-0.0641912$ & $-0.0236519$ & $0.0409941$ \\
CHWHB_gaga & $-0.061668$ & $-0.100108$ & $0.0119462$ & $-0.015946$ & $0.0578253$ & $-0.133145$ & $-0.127186$ & $0.983989$ & $1$ & $-0.551784$ & $-0.862603$ & $-0.0224252$ & $0.389367$ & $0.105131$ & $0.376394$ & $0.387413$ & $-0.258863$ & $-0.47526$ & $-0.491152$ & $0.837054$ & $0.877458$ & $0.857747$ & $-0.0704512$ & $-0.645679$ & $-0.486795$ & $-0.456997$ & $0.282765$ & $0.314252$ & $0.0487664$ & $0.117717$ & $0.0532666$ & $-0.126218$ & $0.158712$ & $0.504352$ & $0.096067$ & $-0.0373202$ & $0.0459754$ & $0.100816$ & $-0.0892744$ & $-0.0266233$ & $0.00584046$ & $-0.0790948$ & $0.0234821$ & $0.00017921$ & $0.0840981$ & $0.0952676$ & $-0.0570701$ & $-0.0244834$ & $0.0488017$ \\
CHWHB_gagaorth & $0.028551$ & $0.0429185$ & $-0.0192939$ & $-0.00314318$ & $-0.0357387$ & $0.0200587$ & $0.113719$ & $-0.557651$ & $-0.551784$ & $1$ & $0.339333$ & $0.420927$ & $-0.293937$ & $0.242044$ & $-0.17228$ & $-0.18289$ & $0.447969$ & $0.521429$ & $0.531079$ & $-0.331298$ & $-0.352851$ & $-0.347191$ & $0.0564287$ & $0.54147$ & $0.535884$ & $0.157837$ & $-0.138066$ & $-0.127229$ & $-0.0244984$ & $-0.113186$ & $-0.039197$ & $0.135683$ & $-0.133006$ & $-0.314301$ & $-0.0427448$ & $0.0297699$ & $-0.0658989$ & $-0.126007$ & $0.0375727$ & $0.0200168$ & $-0.0164159$ & $0.022897$ & $-0.0561555$ & $0.0320096$ & $-0.0419285$ & $0.000765181$ & $0.01324$ & $-0.0507785$ & $0.000161767$ \\
CHD & $0.073958$ & $0.0314501$ & $0.00751533$ & $-0.0193316$ & $-0.0473791$ & $0.184096$ & $0.118157$ & $-0.880913$ & $-0.862603$ & $0.339333$ & $1$ & $0.134713$ & $-0.209434$ & $-0.523315$ & $-0.502912$ & $-0.509068$ & $-0.198627$ & $0.112182$ & $0.126677$ & $-0.990932$ & $-0.992005$ & $-0.96977$ & $0.115378$ & $0.283502$ & $0.103334$ & $0.525008$ & $-0.166604$ & $-0.355116$ & $-0.028515$ & $-0.0493026$ & $0.0030563$ & $0.115915$ & $-0.0739727$ & $-0.3114$ & $-0.0679567$ & $-0.00687766$ & $-0.0801014$ & $-0.0301882$ & $0.0508587$ & $0.000683281$ & $-0.0228335$ & $0.0739763$ & $0.0655593$ & $0.0298783$ & $-0.0592345$ & $-0.0688448$ & $0.0780438$ & $0.0314929$ & $-0.0377547$ \\
CHbox & $0.0360355$ & $-0.0426559$ & $-0.0272497$ & $-0.00587762$ & $-0.0052646$ & $0.0416364$ & $-0.170994$ & $-0.036541$ & $-0.0224252$ & $0.420927$ & $0.134713$ & $1$ & $0.487992$ & $-0.210726$ & $0.00921358$ & $-0.00842805$ & $-0.217322$ & $-0.187717$ & $-0.168364$ & $-0.119322$ & $-0.140482$ & $-0.129926$ & $0.0115799$ & $-0.10544$ & $-0.170292$ & $0.0585805$ & $-0.066401$ & $-0.0490097$ & $0.0227511$ & $0.332087$ & $0.153576$ & $-0.0781348$ & $0.428691$ & $-0.0558007$ & $0.0694909$ & $-0.0537051$ & $-0.0238186$ & $-0.0230196$ & $0.026401$ & $-0.0124733$ & $-0.0112068$ & $0.0287835$ & $0.0103613$ & $0.0329532$ & $0.0134996$ & $0.0177035$ & $0.0142023$ & $-0.0770776$ & $0.0123188$ \\
CH & $-0.00477952$ & $-0.0601941$ & $-0.0201115$ & $0.0100857$ & $0.0557888$ & $-0.0179845$ & $-0.325354$ & $0.394411$ & $0.389367$ & $-0.293937$ & $-0.209434$ & $0.487992$ & $1$ & $-0.224407$ & $0.120706$ & $0.110706$ & $-0.381031$ & $-0.42385$ & $-0.416015$ & $0.204456$ & $0.218561$ & $0.217848$ & $-0.0175281$ & $-0.430365$ & $-0.42787$ & $-0.100199$ & $0.0960432$ & $0.0761869$ & $0.045681$ & $0.282235$ & $0.150951$ & $-0.277658$ & $0.382539$ & $0.218246$ & $0.08419$ & $-0.044213$ & $0.023396$ & $0.0518587$ & $-0.0290625$ & $-0.0308032$ & $0.00516693$ & $0.0136879$ & $0.0353743$ & $0.0308425$ & $0.06113$ & $0.0332712$ & $-0.017779$ & $-0.0358486$ & $0.024294$ \\
CHL1_11 & $-0.0247948$ & $0.0633137$ & $-0.0274516$ & $0.0346506$ & $0.0110365$ & $0.0292973$ & $0.0746077$ & $0.115259$ & $0.105131$ & $0.242044$ & $-0.523315$ & $-0.210726$ & $-0.224407$ & $1$ & $0.304096$ & $0.286957$ & $0.648134$ & $0.566868$ & $0.572647$ & $0.537017$ & $0.488982$ & $0.476703$ & $-0.102582$ & $0.471208$ & $0.567958$ & $-0.264823$ & $-0.116755$ & $0.17459$ & $-0.00940602$ & $-0.0717174$ & $-0.0655044$ & $0.0618438$ & $-0.087627$ & $-0.238024$ & $-0.0399732$ & $0.0634995$ & $0.0622836$ & $-0.106081$ & $0.00788194$ & $0.0173503$ & $0.0122616$ & $-0.0229501$ & $-0.0992629$ & $-0.0246043$ & $-0.0175216$ & $0.00410034$ & $-0.0483114$ & $-0.00833223$ & $-0.0145696$ \\
CHL1_22 & $0.0434294$ & $0.0164747$ & $-0.0214185$ & $0.0726483$ & $0.0387203$ & $-0.0672465$ & $-0.0746382$ & $0.381365$ & $0.376394$ & $-0.17228$ & $-0.502912$ & $0.00921358$ & $0.120706$ & $0.304096$ & $1$ & $0.452871$ & $0.161898$ & $-0.454596$ & $-0.0370747$ & $0.560056$ & $0.429517$ & $0.423256$ & $-0.20708$ & $0.0509954$ & $-0.147725$ & $-0.231582$ & $-0.409603$ & $0.133003$ & $0.0102741$ & $0.0601997$ & $0.0183365$ & $-0.0750808$ & $0.0693103$ & $-0.566396$ & $0.0261337$ & $-0.0284911$ & $0.049452$ & $-0.0060685$ & $0.0584286$ & $0.0511789$ & $-0.0211738$ & $0.0510084$ & $-0.0116796$ & $-0.0328201$ & $-0.0655983$ & $-0.0284483$ & $0.014912$ & $-0.0789347$ & $0.00632394$ \\
CHL1_33 & $0.0285445$ & $-0.000619619$ & $-0.0826977$ & $0.0477039$ & $0.0182532$ & $-0.0817835$ & $-0.0704615$ & $0.390698$ & $0.387413$ & $-0.18289$ & $-0.509068$ & $-0.00842805$ & $0.110706$ & $0.286957$ & $0.452871$ & $1$ & $0.164665$ & $-0.0369439$ & $-0.441108$ & $0.564594$ & $0.439622$ & $0.461261$ & $-0.170757$ & $0.0483091$ & $-0.123737$ & $-0.245598$ & $-0.351928$ & $0.156425$ & $-0.0207995$ & $0.0442129$ & $0.00415838$ & $-0.0575436$ & $0.0634846$ & $-0.0299073$ & $0.0284767$ & $-0.0268557$ & $0.0450829$ & $0.000407586$ & $0.0436891$ & $0.0309842$ & $-0.016985$ & $0.057732$ & $-0.0124278$ & $-0.0231716$ & $-0.0386706$ & $0.005207$ & $0.00739314$ & $-0.0788401$ & $0.0288308$ \\
CHL3_11 & $-0.0422638$ & $0.120873$ & $-0.0151576$ & $0.0316461$ & $-0.000479459$ & $-0.238167$ & $0.116172$ & $-0.254534$ & $-0.258863$ & $0.447969$ & $-0.198627$ & $-0.217322$ & $-0.381031$ & $0.648134$ & $0.161898$ & $0.164665$ & $1$ & $0.735588$ & $0.728442$ & $0.21906$ & $0.169447$ & $0.165758$ & $-0.0506729$ & $0.699967$ & $0.785771$ & $-0.112903$ & $-0.153122$ & $0.0726735$ & $-0.0332599$ & $-0.115698$ & $-0.0897706$ & $0.0992452$ & $-0.126501$ & $-0.268361$ & $-0.0633909$ & $0.0687639$ & $0.0392463$ & $-0.100706$ & $0.00305866$ & $0.0515851$ & $-0.00424571$ & $-0.0114159$ & $-0.0787034$ & $-0.0142121$ & $-0.0125611$ & $-0.0429854$ & $-0.048936$ & $-0.000492093$ & $0.0211645$ \\
CHL3_22 & $-0.0391039$ & $0.093295$ & $-0.0214846$ & $-0.00943945$ & $-0.0341733$ & $-0.0398341$ & $0.16147$ & $-0.474773$ & $-0.47526$ & $0.521429$ & $0.112182$ & $-0.187717$ & $-0.42385$ & $0.566868$ & $-0.454596$ & $-0.0369439$ & $0.735588$ & $1$ & $0.673338$ & $-0.113887$ & $-0.107647$ & $-0.103314$ & $0.0546824$ & $0.657194$ & $0.811235$ & $0.0405571$ & $0.0288866$ & $-0.0199965$ & $-0.041558$ & $-0.140636$ & $-0.093392$ & $0.148747$ & $-0.163854$ & $0.0206169$ & $-0.0790787$ & $0.078607$ & $0.00939851$ & $-0.112395$ & $-0.0122222$ & $0.00730054$ & $0.013059$ & $-0.0223634$ & $-0.0720577$ & $0.00377839$ & $0.00911464$ & $-0.0204095$ & $-0.0398853$ & $0.0375521$ & $-0.00638093$ \\
CHL3_33 & $-0.0310818$ & $0.10539$ & $0.0288657$ & $0.0126747$ & $-0.0172971$ & $-0.0273379$ & $0.159657$ & $-0.489199$ & $-0.491152$ & $0.531079$ & $0.126677$ & $-0.168364$ & $-0.416015$ & $0.572647$ & $-0.0370747$ & $-0.441108$ & $0.728442$ & $0.673338$ & $1$ & $-0.126558$ & $-0.123583$ & $-0.118103$ & $0.0315036$ & $0.655692$ & $0.794569$ & $0.0561506$ & $-0.0137227$ & $-0.0392233$ & $-0.0131785$ & $-0.127876$ & $-0.0785772$ & $0.137094$ & $-0.159456$ & $-0.399395$ & $-0.0813506$ & $0.0850044$ & $0.0146628$ & $-0.111694$ & $0.006104$ & $0.0193301$ & $0.0119048$ & $-0.0287963$ & $-0.0768863$ & $-0.0022362$ & $-0.0179064$ & $-0.0419168$ & $-0.0337388$ & $0.0391516$ & $-0.0260411$ \\
CHe_11 & $-0.0679655$ & $-0.00954232$ & $-0.0107579$ & $0.0248062$ & $0.051369$ & $-0.176326$ & $-0.116483$ & $0.854718$ & $0.837054$ & $-0.331298$ & $-0.990932$ & $-0.119322$ & $0.204456$ & $0.537017$ & $0.560056$ & $0.564594$ & $0.21906$ & $-0.113887$ & $-0.126558$ & $1$ & $0.97516$ & $0.955322$ & $-0.134282$ & $-0.23607$ & $-0.0936909$ & $-0.51794$ & $0.0957641$ & $0.348668$ & $0.0216505$ & $0.0511049$ & $-0.00335473$ & $-0.113442$ & $0.0738349$ & $0.236553$ & $0.0668323$ & $0.00200021$ & $0.0844046$ & $0.0242541$ & $-0.0355203$ & $0.00494539$ & $0.019798$ & $-0.0587756$ & $-0.0687205$ & $-0.0379038$ & $0.0489218$ & $0.0558804$ & $-0.0670235$ & $-0.0399372$ & $0.0372626$ \\
CHe_22 & $-0.0917185$ & $-0.0220035$ & $0.00822974$ & $0.00838474$ & $0.0561286$ & $-0.190522$ & $-0.117865$ & $0.896517$ & $0.877458$ & $-0.352851$ & $-0.992005$ & $-0.140482$ & $0.218561$ & $0.488982$ & $0.429517$ & $0.439622$ & $0.169447$ & $-0.107647$ & $-0.123583$ & $0.97516$ & $1$ & $0.973129$ & $-0.0929883$ & $-0.332459$ & $-0.112074$ & $-0.526273$ & $0.2417$ & $0.360316$ & $0.0320856$ & $0.0471774$ & $-0.00216078$ & $-0.1163$ & $0.0730677$ & $0.391801$ & $0.0706885$ & $0.00945909$ & $0.0818043$ & $0.0382758$ & $-0.0612758$ & $-0.00682461$ & $0.0253781$ & $-0.087614$ & $-0.0686425$ & $-0.0307482$ & $0.0731884$ & $0.0733567$ & $-0.0834714$ & $-0.0192126$ & $0.041821$ \\
CHe_33 & $-0.0997763$ & $-0.0128777$ & $0.0154393$ & $0.0130523$ & $0.0555525$ & $-0.188251$ & $-0.111083$ & $0.875568$ & $0.857747$ & $-0.347191$ & $-0.96977$ & $-0.129926$ & $0.217848$ & $0.476703$ & $0.423256$ & $0.461261$ & $0.165758$ & $-0.103314$ & $-0.118103$ & $0.955322$ & $0.973129$ & $1$ & $-0.0935079$ & $-0.323604$ & $-0.10799$ & $-0.512403$ & $0.230435$ & $0.35377$ & $0.0334298$ & $0.0519955$ & $-0.00330265$ & $-0.106989$ & $0.0786105$ & $0.382066$ & $0.0696706$ & $0.0193053$ & $0.0868488$ & $0.051029$ & $-0.0528197$ & $-0.00373407$ & $0.0243977$ & $-0.0801958$ & $-0.0712845$ & $-0.0254514$ & $0.0733405$ & $0.0739453$ & $-0.084995$ & $-0.0184039$ & $0.0430747$ \\
CHQ1_11 & $-0.0547742$ & $-0.00895748$ & $0.0527751$ & $-0.0711001$ & $-0.0279822$ & $0.0109337$ & $0.0298495$ & $-0.0715224$ & $-0.0704512$ & $0.0564287$ & $0.115378$ & $0.0115799$ & $-0.0175281$ & $-0.102582$ & $-0.20708$ & $-0.170757$ & $-0.0506729$ & $0.0546824$ & $0.0315036$ & $-0.134282$ & $-0.0929883$ & $-0.0935079$ & $1$ & $-0.0469528$ & $0.0965917$ & $-0.627822$ & $0.278976$ & $-0.0305546$ & $-0.0033382$ & $-0.0319197$ & $0.00843609$ & $0.0221672$ & $-0.0205653$ & $0.12874$ & $-0.0293034$ & $-0.0588641$ & $-0.0451313$ & $0.0030235$ & $-0.0610123$ & $-0.0256983$ & $-0.0185848$ & $-0.0440029$ & $0.0404879$ & $0.0317826$ & $0.0460711$ & $0.0850115$ & $-0.00447263$ & $0.0628893$ & $0.0434653$ \\
CHQ1_33 & $-0.00183874$ & $0.1148$ & $-0.0190461$ & $0.0336931$ & $-0.0509039$ & $0.0338235$ & $0.157357$ & $-0.651196$ & $-0.645679$ & $0.54147$ & $0.283502$ & $-0.10544$ & $-0.430365$ & $0.471208$ & $0.0509954$ & $0.0483091$ & $0.699967$ & $0.657194$ & $0.655692$ & $-0.23607$ & $-0.332459$ & $-0.323604$ & $-0.0469528$ & $1$ & $0.698888$ & $0.149279$ & $-0.329644$ & $-0.00817685$ & $-0.0469414$ & $-0.112506$ & $-0.0764533$ & $0.143762$ & $-0.143047$ & $-0.590685$ & $-0.0870219$ & $0.0609943$ & $0.0181671$ & $-0.137105$ & $0.0583484$ & $0.0708542$ & $-0.00123382$ & $0.0389303$ & $-0.0486998$ & $0.00290712$ & $-0.0759836$ & $-0.0698482$ & $0.00210839$ & $0.0208799$ & $-0.00306501$ \\
CHQ3_11 & $-0.116079$ & $0.103229$ & $0.0623896$ & $-0.0204145$ & $-0.00740361$ & $-0.0693434$ & $0.142999$ & $-0.484962$ & $-0.486795$ & $0.535884$ & $0.103334$ & $-0.170292$ & $-0.42787$ & $0.567958$ & $-0.147725$ & $-0.123737$ & $0.785771$ & $0.811235$ & $0.794569$ & $-0.0936909$ & $-0.112074$ & $-0.10799$ & $0.0965917$ & $0.698888$ & $1$ & $0.0517638$ & $0.201892$ & $-0.0313115$ & $-0.0346891$ & $-0.135584$ & $-0.0913715$ & $0.128143$ & $-0.139528$ & $-0.258906$ & $-0.0631611$ & $0.0837458$ & $0.00614099$ & $-0.0955314$ & $-0.0524353$ & $0.039925$ & $-0.000670838$ & $-0.0256216$ & $-0.0797876$ & $0.0160897$ & $0.0199451$ & $-0.000536677$ & $-0.0733819$ & $0.106994$ & $0.0142483$ \\
CHu_11 & $0.0296941$ & $-0.00385405$ & $0.00267506$ & $0.0163961$ & $-0.00809585$ & $0.100394$ & $0.0505595$ & $-0.465077$ & $-0.456997$ & $0.157837$ & $0.525008$ & $0.0585805$ & $-0.100199$ & $-0.264823$ & $-0.231582$ & $-0.245598$ & $-0.112903$ & $0.0405571$ & $0.0561506$ & $-0.51794$ & $-0.526273$ & $-0.512403$ & $-0.627822$ & $0.149279$ & $0.0517638$ & $1$ & $-0.076744$ & $-0.191971$ & $-0.0147111$ & $-0.0179257$ & $-0.021586$ & $0.0551956$ & $-0.0379581$ & $-0.201698$ & $-0.0103351$ & $0.0508383$ & $-0.036004$ & $0.00159148$ & $0.0394849$ & $0.0176654$ & $0.0252727$ & $0.0619366$ & $-0.0028687$ & $0.00613816$ & $-0.0240311$ & $-0.0778991$ & $0.00213762$ & $0.00942922$ & $-0.0531387$ \\
CHd_11 & $-0.194042$ & $-0.0574158$ & $0.156837$ & $-0.105478$ & $0.0289205$ & $-0.0844395$ & $-0.051522$ & $0.293153$ & $0.282765$ & $-0.138066$ & $-0.166604$ & $-0.066401$ & $0.0960432$ & $-0.116755$ & $-0.409603$ & $-0.351928$ & $-0.153122$ & $0.0288866$ & $-0.0137227$ & $0.0957641$ & $0.2417$ & $0.230435$ & $0.278976$ & $-0.329644$ & $0.201892$ & $-0.076744$ & $1$ & $0.0820501$ & $0.0269305$ & $-0.00911511$ & $-0.0120664$ & $-0.0510121$ & $0.0238338$ & $0.628438$ & $0.0630275$ & $0.0255388$ & $-0.0161207$ & $0.0794055$ & $-0.170354$ & $-0.0160049$ & $0.0436046$ & $-0.141819$ & $-0.0351044$ & $0.0386847$ & $0.169724$ & $0.124274$ & $-0.12804$ & $0.167673$ & $0.0401455$ \\
CHd_33 & $-0.0612445$ & $0.00873553$ & $0.0443719$ & $0.00118194$ & $0.0594175$ & $-0.0711843$ & $-0.0374091$ & $0.318902$ & $0.314252$ & $-0.127229$ & $-0.355116$ & $-0.0490097$ & $0.0761869$ & $0.17459$ & $0.133003$ & $0.156425$ & $0.0726735$ & $-0.0199965$ & $-0.0392233$ & $0.348668$ & $0.360316$ & $0.35377$ & $-0.0305546$ & $-0.00817685$ & $-0.0313115$ & $-0.191971$ & $0.0820501$ & $1$ & $0.00893837$ & $0.0297256$ & $0.0194962$ & $-0.033723$ & $0.0409594$ & $0.160636$ & $0.00180129$ & $0.00989552$ & $0.0622625$ & $0.0117428$ & $-0.0301998$ & $0.0111351$ & $0.0214975$ & $-0.0844047$ & $-0.0248407$ & $-0.000393145$ & $0.00778069$ & $0.0414311$ & $-0.0401074$ & $-0.00403069$ & $0.0346099$ \\
CeH_22r & $0.037724$ & $-0.0302561$ & $0.03643$ & $-0.00631471$ & $-0.0339088$ & $-0.00632425$ & $-0.0189162$ & $0.0442811$ & $0.0487664$ & $-0.0244984$ & $-0.028515$ & $0.0227511$ & $0.045681$ & $-0.00940602$ & $0.0102741$ & $-0.0207995$ & $-0.0332599$ & $-0.041558$ & $-0.0131785$ & $0.0216505$ & $0.0320856$ & $0.0334298$ & $-0.0033382$ & $-0.0469414$ & $-0.0346891$ & $-0.0147111$ & $0.0269305$ & $0.00893837$ & $1$ & $0.00202022$ & $0.0391954$ & $-0.0300492$ & $0.0140314$ & $0.0215904$ & $0.0152957$ & $0.0607672$ & $0.0167554$ & $-0.0223857$ & $0.0160493$ & $-0.0360325$ & $-0.00853806$ & $0.0168831$ & $0.0324892$ & $0.0529994$ & $-0.0454761$ & $0.011341$ & $-0.0173129$ & $0.0867037$ & $-0.06067$ \\
CeH_33r & $-0.00891433$ & $-0.0389946$ & $0.00865047$ & $0.00301197$ & $0.0061827$ & $-0.0180633$ & $-0.142812$ & $0.102837$ & $0.117717$ & $-0.113186$ & $-0.0493026$ & $0.332087$ & $0.282235$ & $-0.0717174$ & $0.0601997$ & $0.0442129$ & $-0.115698$ & $-0.140636$ & $-0.127876$ & $0.0511049$ & $0.0471774$ & $0.0519955$ & $-0.0319197$ & $-0.112506$ & $-0.135584$ & $-0.0179257$ & $-0.00911511$ & $0.0297256$ & $0.00202022$ & $1$ & $0.360188$ & $0.00733101$ & $0.71349$ & $0.0285322$ & $-0.00447726$ & $-0.0391531$ & $-0.0396364$ & $-0.030548$ & $0.00662478$ & $-0.0164089$ & $-0.0278492$ & $-0.0148325$ & $0.0495597$ & $0.0158001$ & $0.0396029$ & $-0.0142109$ & $0.00903761$ & $-0.0186187$ & $-0.0283728$ \\
CuH_22r & $0.0344338$ & $0.00412549$ & $-0.0200338$ & $-0.0461172$ & $-0.0182874$ & $-0.000537166$ & $-0.0314158$ & $0.0393362$ & $0.0532666$ & $-0.039197$ & $0.0030563$ & $0.153576$ & $0.150951$ & $-0.0655044$ & $0.0183365$ & $0.00415838$ & $-0.0897706$ & $-0.093392$ & $-0.0785772$ & $-0.00335473$ & $-0.00216078$ & $-0.00330265$ & $0.00843609$ & $-0.0764533$ & $-0.0913715$ & $-0.021586$ & $-0.0120664$ & $0.0194962$ & $0.0391954$ & $0.360188$ & $1$ & $0.0620125$ & $0.400818$ & $0.0120644$ & $0.0873726$ & $-0.123883$ & $-0.0823535$ & $-0.0612401$ & $0.0320653$ & $-0.0214649$ & $-0.0784724$ & $0.0249464$ & $0.0411304$ & $-3.41686e-05$ & $-0.0269054$ & $0.0402553$ & $0.222506$ & $-0.0480761$ & $-0.052614$ \\
CuH_33r & $-0.0121607$ & $0.0668924$ & $0.176471$ & $-0.112092$ & $0.0222219$ & $0.0342599$ & $0.939983$ & $-0.16714$ & $-0.126218$ & $0.135683$ & $0.115915$ & $-0.0781348$ & $-0.277658$ & $0.0618438$ & $-0.0750808$ & $-0.0575436$ & $0.0992452$ & $0.148747$ & $0.137094$ & $-0.113442$ & $-0.1163$ & $-0.106989$ & $0.0221672$ & $0.143762$ & $0.128143$ & $0.0551956$ & $-0.0510121$ & $-0.033723$ & $-0.0300492$ & $0.00733101$ & $0.0620125$ & $1$ & $-0.0107297$ & $-0.0755036$ & $0.0564315$ & $0.0397534$ & $-0.0514068$ & $-0.0406721$ & $0.0283162$ & $-0.0146283$ & $0.0344392$ & $-0.00355716$ & $-0.0303577$ & $-0.0453938$ & $-0.0264482$ & $0.0478358$ & $0.0784601$ & $-0.00130415$ & $-0.0337621$ \\
CdH_33r & $-0.130484$ & $-0.0564878$ & $0.0354058$ & $-0.0199591$ & $0.00769514$ & $-0.0103335$ & $-0.203911$ & $0.137965$ & $0.158712$ & $-0.133006$ & $-0.0739727$ & $0.428691$ & $0.382539$ & $-0.087627$ & $0.0693103$ & $0.0634846$ & $-0.126501$ & $-0.163854$ & $-0.159456$ & $0.0738349$ & $0.0730677$ & $0.0786105$ & $-0.0205653$ & $-0.143047$ & $-0.139528$ & $-0.0379581$ & $0.0238338$ & $0.0409594$ & $0.0140314$ & $0.71349$ & $0.400818$ & $-0.0107297$ & $1$ & $0.056773$ & $0.035686$ & $-0.0310197$ & $0.0255939$ & $0.0103282$ & $-0.109642$ & $-0.00240816$ & $-0.140455$ & $-0.0360614$ & $0.100134$ & $0.0317743$ & $0.0369496$ & $0.034323$ & $-0.0228408$ & $0.043726$ & $0.219952$ \\
CLL_1221 & $-0.117347$ & $-0.0523995$ & $0.0384637$ & $-0.0708921$ & $0.0178152$ & $-0.146355$ & $-0.083636$ & $0.513473$ & $0.504352$ & $-0.314301$ & $-0.3114$ & $-0.0558007$ & $0.218246$ & $-0.238024$ & $-0.566396$ & $-0.0299073$ & $-0.268361$ & $0.0206169$ & $-0.399395$ & $0.236553$ & $0.391801$ & $0.382066$ & $0.12874$ & $-0.590685$ & $-0.258906$ & $-0.201698$ & $0.628438$ & $0.160636$ & $0.0215904$ & $0.0285322$ & $0.0120644$ & $-0.0755036$ & $0.056773$ & $1$ & $0.06194$ & $0.000936497$ & $0.00829292$ & $0.0976954$ & $-0.112993$ & $-0.0527114$ & $0.0310555$ & $-0.114829$ & $-0.0100842$ & $0.00869329$ & $0.141772$ & $0.0905277$ & $-0.0685801$ & $0.0491939$ & $0.0495892$ \\
eHggint & $0.00346561$ & $-0.0178506$ & $0.0167096$ & $-0.162497$ & $0.0118441$ & $-0.0273054$ & $0.00317616$ & $0.100302$ & $0.096067$ & $-0.0427448$ & $-0.0679567$ & $0.0694909$ & $0.08419$ & $-0.0399732$ & $0.0261337$ & $0.0284767$ & $-0.0633909$ & $-0.0790787$ & $-0.0813506$ & $0.0668323$ & $0.0706885$ & $0.0696706$ & $-0.0293034$ & $-0.0870219$ & $-0.0631611$ & $-0.0103351$ & $0.0630275$ & $0.00180129$ & $0.0152957$ & $-0.00447726$ & $0.0873726$ & $0.0564315$ & $0.035686$ & $0.06194$ & $1$ & $-0.130833$ & $0.0967686$ & $-0.11135$ & $0.102481$ & $0.0139567$ & $-0.0577833$ & $0.0555749$ & $0.0434804$ & $0.121478$ & $0.283403$ & $0.16208$ & $0.0721349$ & $-0.163076$ & $0.05498$ \\
eHggpar & $-0.206394$ & $-0.122456$ & $0.315086$ & $0.230822$ & $0.0107801$ & $-0.0184356$ & $0.0386782$ & $-0.0233565$ & $-0.0373202$ & $0.0297699$ & $-0.00687766$ & $-0.0537051$ & $-0.044213$ & $0.0634995$ & $-0.0284911$ & $-0.0268557$ & $0.0687639$ & $0.078607$ & $0.0850044$ & $0.00200021$ & $0.00945909$ & $0.0193053$ & $-0.0588641$ & $0.0609943$ & $0.0837458$ & $0.0508383$ & $0.0255388$ & $0.00989552$ & $0.0607672$ & $-0.0391531$ & $-0.123883$ & $0.0397534$ & $-0.0310197$ & $0.000936497$ & $-0.130833$ & $1$ & $0.199838$ & $0.0189192$ & $-0.010056$ & $-0.0116057$ & $0.048373$ & $-0.0308155$ & $-0.26259$ & $0.118832$ & $-0.345428$ & $-0.00793295$ & $-0.359768$ & $0.409112$ & $0.0394902$ \\
eHWWint & $-0.138825$ & $0.194789$ & $-0.0449398$ & $0.2407$ & $-0.0151006$ & $0.0187352$ & $-0.0464844$ & $0.0556269$ & $0.0459754$ & $-0.0658989$ & $-0.0801014$ & $-0.0238186$ & $0.023396$ & $0.0622836$ & $0.049452$ & $0.0450829$ & $0.0392463$ & $0.00939851$ & $0.0146628$ & $0.0844046$ & $0.0818043$ & $0.0868488$ & $-0.0451313$ & $0.0181671$ & $0.00614099$ & $-0.036004$ & $-0.0161207$ & $0.0622625$ & $0.0167554$ & $-0.0396364$ & $-0.0823535$ & $-0.0514068$ & $0.0255939$ & $0.00829292$ & $0.0967686$ & $0.199838$ & $1$ & $-0.0345401$ & $-0.122908$ & $-0.0159112$ & $0.101223$ & $-0.00755413$ & $-0.0233065$ & $0.0515329$ & $0.0765865$ & $0.0781772$ & $-0.327891$ & $0.166507$ & $0.269641$ \\
eHWWpar & $-0.0987993$ & $-0.0014498$ & $0.0521894$ & $-0.0744252$ & $0.01041$ & $-0.0150188$ & $-0.0345827$ & $0.0934391$ & $0.100816$ & $-0.126007$ & $-0.0301882$ & $-0.0230196$ & $0.0518587$ & $-0.106081$ & $-0.0060685$ & $0.000407586$ & $-0.100706$ & $-0.112395$ & $-0.111694$ & $0.0242541$ & $0.0382758$ & $0.051029$ & $0.0030235$ & $-0.137105$ & $-0.0955314$ & $0.00159148$ & $0.0794055$ & $0.0117428$ & $-0.0223857$ & $-0.030548$ & $-0.0612401$ & $-0.0406721$ & $0.0103282$ & $0.0976954$ & $-0.11135$ & $0.0189192$ & $-0.0345401$ & $1$ & $-0.123553$ & $0.00945364$ & $-0.0438763$ & $0.00211844$ & $0.138479$ & $0.0308271$ & $0.0684751$ & $-0.0808002$ & $-0.140125$ & $-0.00907422$ & $0.111103$ \\
eHZZint & $0.210437$ & $0.232369$ & $-0.118571$ & $-0.0292507$ & $-0.00291278$ & $0.0108812$ & $0.0102543$ & $-0.0677989$ & $-0.0892744$ & $0.0375727$ & $0.0508587$ & $0.026401$ & $-0.0290625$ & $0.00788194$ & $0.0584286$ & $0.0436891$ & $0.00305866$ & $-0.0122222$ & $0.006104$ & $-0.0355203$ & $-0.0612758$ & $-0.0528197$ & $-0.0610123$ & $0.0583484$ & $-0.0524353$ & $0.0394849$ & $-0.170354$ & $-0.0301998$ & $0.0160493$ & $0.00662478$ & $0.0320653$ & $0.0283162$ & $-0.109642$ & $-0.112993$ & $0.102481$ & $-0.010056$ & $-0.122908$ & $-0.123553$ & $1$ & $-0.0284239$ & $0.286961$ & $0.0469687$ & $-0.474813$ & $-0.354829$ & $-0.154351$ & $-0.090605$ & $0.284139$ & $-0.231378$ & $-0.399508$ \\
eHZZpar & $-0.0411123$ & $0.021507$ & $0.137328$ & $-0.0127831$ & $-0.00772776$ & $0.050919$ & $-0.00997591$ & $-0.0221371$ & $-0.0266233$ & $0.0200168$ & $0.000683281$ & $-0.0124733$ & $-0.0308032$ & $0.0173503$ & $0.0511789$ & $0.0309842$ & $0.0515851$ & $0.00730054$ & $0.0193301$ & $0.00494539$ & $-0.00682461$ & $-0.00373407$ & $-0.0256983$ & $0.0708542$ & $0.039925$ & $0.0176654$ & $-0.0160049$ & $0.0111351$ & $-0.0360325$ & $-0.0164089$ & $-0.0214649$ & $-0.0146283$ & $-0.00240816$ & $-0.0527114$ & $0.0139567$ & $-0.0116057$ & $-0.0159112$ & $0.00945364$ & $-0.0284239$ & $1$ & $-0.0365454$ & $0.0179646$ & $-0.0927766$ & $-0.0628572$ & $-0.0464816$ & $-0.097643$ & $0.0681638$ & $0.0728526$ & $0.00434007$ \\
eHZgaint & $0.126888$ & $-0.0997808$ & $-0.0328624$ & $-0.089487$ & $0.00824847$ & $-0.0517796$ & $0.0456197$ & $0.0236643$ & $0.00584046$ & $-0.0164159$ & $-0.0228335$ & $-0.0112068$ & $0.00516693$ & $0.0122616$ & $-0.0211738$ & $-0.016985$ & $-0.00424571$ & $0.013059$ & $0.0119048$ & $0.019798$ & $0.0253781$ & $0.0243977$ & $-0.0185848$ & $-0.00123382$ & $-0.000670838$ & $0.0252727$ & $0.0436046$ & $0.0214975$ & $-0.00853806$ & $-0.0278492$ & $-0.0784724$ & $0.0344392$ & $-0.140455$ & $0.0310555$ & $-0.0577833$ & $0.048373$ & $0.101223$ & $-0.0438763$ & $0.286961$ & $-0.0365454$ & $1$ & $0.0718003$ & $-0.402319$ & $-0.352872$ & $-0.0787727$ & $-0.15291$ & $-0.212568$ & $-0.0922438$ & $-0.436327$ \\
eHZgapar & $-0.0321492$ & $0.047804$ & $-0.0972811$ & $0.118306$ & $-0.00475529$ & $0.0411403$ & $-0.000391474$ & $-0.0787482$ & $-0.0790948$ & $0.022897$ & $0.0739763$ & $0.0287835$ & $0.0136879$ & $-0.0229501$ & $0.0510084$ & $0.057732$ & $-0.0114159$ & $-0.0223634$ & $-0.0287963$ & $-0.0587756$ & $-0.087614$ & $-0.0801958$ & $-0.0440029$ & $0.0389303$ & $-0.0256216$ & $0.0619366$ & $-0.141819$ & $-0.0844047$ & $0.0168831$ & $-0.0148325$ & $0.0249464$ & $-0.00355716$ & $-0.0360614$ & $-0.114829$ & $0.0555749$ & $-0.0308155$ & $-0.00755413$ & $0.00211844$ & $0.0469687$ & $0.0179646$ & $0.0718003$ & $1$ & $0.00821907$ & $-0.016393$ & $0.0634443$ & $-0.015982$ & $0.0240913$ & $-0.0711475$ & $-0.0393972$ \\
eHgagaint & $0.118448$ & $-0.19925$ & $-0.0793546$ & $-0.139325$ & $-0.0179909$ & $0.0279759$ & $-0.0345906$ & $-0.0213923$ & $0.0234821$ & $-0.0561555$ & $0.0655593$ & $0.0103613$ & $0.0353743$ & $-0.0992629$ & $-0.0116796$ & $-0.0124278$ & $-0.0787034$ & $-0.0720577$ & $-0.0768863$ & $-0.0687205$ & $-0.0686425$ & $-0.0712845$ & $0.0404879$ & $-0.0486998$ & $-0.0797876$ & $-0.0028687$ & $-0.0351044$ & $-0.0248407$ & $0.0324892$ & $0.0495597$ & $0.0411304$ & $-0.0303577$ & $0.100134$ & $-0.0100842$ & $0.0434804$ & $-0.26259$ & $-0.0233065$ & $0.138479$ & $-0.474813$ & $-0.0927766$ & $-0.402319$ & $0.00821907$ & $1$ & $0.528018$ & $0.312942$ & $0.196639$ & $-0.0627164$ & $-0.00442339$ & $0.239817$ \\
eHmumuint & $-0.0178858$ & $-0.264312$ & $0.012634$ & $0.271662$ & $0.0201206$ & $-0.00589947$ & $-0.0560113$ & $-0.0174619$ & $0.00017921$ & $0.0320096$ & $0.0298783$ & $0.0329532$ & $0.0308425$ & $-0.0246043$ & $-0.0328201$ & $-0.0231716$ & $-0.0142121$ & $0.00377839$ & $-0.0022362$ & $-0.0379038$ & $-0.0307482$ & $-0.0254514$ & $0.0317826$ & $0.00290712$ & $0.0160897$ & $0.00613816$ & $0.0386847$ & $-0.000393145$ & $0.0529994$ & $0.0158001$ & $-3.41686e-05$ & $-0.0453938$ & $0.0317743$ & $0.00869329$ & $0.121478$ & $0.118832$ & $0.0515329$ & $0.0308271$ & $-0.354829$ & $-0.0628572$ & $-0.352872$ & $-0.016393$ & $0.528018$ & $1$ & $0.0759571$ & $0.217345$ & $-0.23301$ & $0.0727476$ & $0.0582513$ \\
eHtautauint & $-0.0238772$ & $0.114667$ & $-0.193192$ & $-0.0484976$ & $0.0307648$ & $-0.0411598$ & $-0.0371092$ & $0.0778437$ & $0.0840981$ & $-0.0419285$ & $-0.0592345$ & $0.0134996$ & $0.06113$ & $-0.0175216$ & $-0.0655983$ & $-0.0386706$ & $-0.0125611$ & $0.00911464$ & $-0.0179064$ & $0.0489218$ & $0.0731884$ & $0.0733405$ & $0.0460711$ & $-0.0759836$ & $0.0199451$ & $-0.0240311$ & $0.169724$ & $0.00778069$ & $-0.0454761$ & $0.0396029$ & $-0.0269054$ & $-0.0264482$ & $0.0369496$ & $0.141772$ & $0.283403$ & $-0.345428$ & $0.0765865$ & $0.0684751$ & $-0.154351$ & $-0.0464816$ & $-0.0787727$ & $0.0634443$ & $0.312942$ & $0.0759571$ & $1$ & $-0.0853395$ & $-0.134456$ & $-0.226876$ & $0.135829$ \\
eHccint & $-0.135172$ & $-0.248737$ & $-0.0241545$ & $-0.0939961$ & $0.00838042$ & $0.0259445$ & $0.0273463$ & $0.091432$ & $0.0952676$ & $0.000765181$ & $-0.0688448$ & $0.0177035$ & $0.0332712$ & $0.00410034$ & $-0.0284483$ & $0.005207$ & $-0.0429854$ & $-0.0204095$ & $-0.0419168$ & $0.0558804$ & $0.0733567$ & $0.0739453$ & $0.0850115$ & $-0.0698482$ & $-0.000536677$ & $-0.0778991$ & $0.124274$ & $0.0414311$ & $0.011341$ & $-0.0142109$ & $0.0402553$ & $0.0478358$ & $0.034323$ & $0.0905277$ & $0.16208$ & $-0.00793295$ & $0.0781772$ & $-0.0808002$ & $-0.090605$ & $-0.097643$ & $-0.15291$ & $-0.015982$ & $0.196639$ & $0.217345$ & $-0.0853395$ & $1$ & $-0.0108141$ & $-0.0757293$ & $0.139019$ \\
eHccpar & $0.171326$ & $0.224895$ & $-0.106187$ & $-0.108888$ & $-0.0430656$ & $0.0620929$ & $0.0799744$ & $-0.0641912$ & $-0.0570701$ & $0.01324$ & $0.0780438$ & $0.0142023$ & $-0.017779$ & $-0.0483114$ & $0.014912$ & $0.00739314$ & $-0.048936$ & $-0.0398853$ & $-0.0337388$ & $-0.0670235$ & $-0.0834714$ & $-0.084995$ & $-0.00447263$ & $0.00210839$ & $-0.0733819$ & $0.00213762$ & $-0.12804$ & $-0.0401074$ & $-0.0173129$ & $0.00903761$ & $0.222506$ & $0.0784601$ & $-0.0228408$ & $-0.0685801$ & $0.0721349$ & $-0.359768$ & $-0.327891$ & $-0.140125$ & $0.284139$ & $0.0681638$ & $-0.212568$ & $0.0240913$ & $-0.0627164$ & $-0.23301$ & $-0.134456$ & $-0.0108141$ & $1$ & $-0.136507$ & $-0.0922886$ \\
eHbbint & $-0.345245$ & $0.00694197$ & $0.259626$ & $0.0809964$ & $-0.0529481$ & $0.00586512$ & $0.0015878$ & $-0.0236519$ & $-0.0244834$ & $-0.0507785$ & $0.0314929$ & $-0.0770776$ & $-0.0358486$ & $-0.00833223$ & $-0.0789347$ & $-0.0788401$ & $-0.000492093$ & $0.0375521$ & $0.0391516$ & $-0.0399372$ & $-0.0192126$ & $-0.0184039$ & $0.0628893$ & $0.0208799$ & $0.106994$ & $0.00942922$ & $0.167673$ & $-0.00403069$ & $0.0867037$ & $-0.0186187$ & $-0.0480761$ & $-0.00130415$ & $0.043726$ & $0.0491939$ & $-0.163076$ & $0.409112$ & $0.166507$ & $-0.00907422$ & $-0.231378$ & $0.0728526$ & $-0.0922438$ & $-0.0711475$ & $-0.00442339$ & $0.0727476$ & $-0.226876$ & $-0.0757293$ & $-0.136507$ & $1$ & $-0.0333896$ \\
eHbbpar & $-0.432245$ & $0.0753029$ & $0.172562$ & $-0.0234875$ & $0.0236144$ & $0.027407$ & $-0.0424026$ & $0.0409941$ & $0.0488017$ & $0.000161767$ & $-0.0377547$ & $0.0123188$ & $0.024294$ & $-0.0145696$ & $0.00632394$ & $0.0288308$ & $0.0211645$ & $-0.00638093$ & $-0.0260411$ & $0.0372626$ & $0.041821$ & $0.0430747$ & $0.0434653$ & $-0.00306501$ & $0.0142483$ & $-0.0531387$ & $0.0401455$ & $0.0346099$ & $-0.06067$ & $-0.0283728$ & $-0.052614$ & $-0.0337621$ & $0.219952$ & $0.0495892$ & $0.05498$ & $0.0394902$ & $0.269641$ & $0.111103$ & $-0.399508$ & $0.00434007$ & $-0.436327$ & $-0.0393972$ & $0.239817$ & $0.0582513$ & $0.135829$ & $0.139019$ & $-0.0922886$ & $-0.0333896$ & $1$ \\
