 & AlsMz & dAle5Mz & mtop & mHl & Mz & CW & CHG & CHWB & CHWHB_gaga & CHWHB_gagaorth & CHD & CHbox & CH & CHL1_11 & CHL1_22 & CHL1_33 & CHL3_11 & CHL3_22 & CHL3_33 & CHe_11 & CHe_22 & CHe_33 & CHQ1_11 & CHQ1_33 & CHQ3_11 & CHu_11 & CHd_11 & CHd_33 & CeH_22r & CeH_33r & CuH_22r & CuH_33r & CdH_33r & CLL_1221 & eHggint & eHggpar & eHWWint & eHWWpar & eHZZint & eHZZpar & eHZgaint & eHZgapar & eHgagaint & eHmumuint & eHtautauint & eHccint & eHccpar & eHbbint & eHbbpar \\
AlsMz & $1$ & $0.0406912$ & $0.0147883$ & $-0.0128195$ & $-0.0156019$ & $-0.0221921$ & $0.00519043$ & $-0.00731714$ & $0.00330765$ & $0.0427941$ & $-0.0267347$ & $0.0439553$ & $-0.0247907$ & $0.0360345$ & $-0.0205513$ & $0.0320329$ & $0.0529579$ & $0.062579$ & $0.0211877$ & $0.0188125$ & $0.0173778$ & $0.016064$ & $-0.00675865$ & $-0.0304837$ & $-0.0833225$ & $-0.0449225$ & $-0.0254792$ & $0.010701$ & $-0.00390224$ & $-0.0614842$ & $-0.0403899$ & $-0.00766172$ & $-0.0185162$ & $0.0191061$ & $-0.00565535$ & $0.0384771$ & $0.00700193$ & $-0.0202081$ & $-0.074634$ & $0.0147043$ & $-0.0316845$ & $0.0158547$ & $0.0230832$ & $-0.0112016$ & $0.0196045$ & $-0.0450337$ & $0.0709153$ & $-0.0634889$ & $0.0319252$ \\
dAle5Mz & $0.0406912$ & $1$ & $-0.0107585$ & $0.00436385$ & $-0.00135337$ & $0.0366471$ & $0.0455298$ & $-0.152278$ & $-0.143438$ & $0.0785022$ & $0.121885$ & $0.0640539$ & $-0.0216981$ & $-0.0164551$ & $-0.0685839$ & $-0.0292829$ & $0.0378277$ & $0.0721615$ & $0.0517024$ & $-0.0936533$ & $-0.0937052$ & $-0.0907401$ & $0.0444517$ & $0.0957769$ & $0.0598782$ & $-0.0030852$ & $-0.0175116$ & $0.0115966$ & $-0.0310353$ & $0.0196678$ & $-0.011843$ & $0.0328198$ & $0.0156183$ & $-0.00283321$ & $-0.0370842$ & $-0.0387908$ & $0.0390536$ & $-0.0115505$ & $-0.0428157$ & $-0.0290958$ & $0.00772$ & $-0.0164377$ & $-0.0200003$ & $0.00197874$ & $0.00261085$ & $-0.0996867$ & $-0.010701$ & $0.0035782$ & $0.0096387$ \\
mtop & $0.0147883$ & $-0.0107585$ & $1$ & $-0.00284499$ & $0.0248763$ & $-0.0315155$ & $0.00444587$ & $0.0148459$ & $0.00813488$ & $-0.0264584$ & $0.0139826$ & $-0.0177006$ & $-0.00282063$ & $-0.0439033$ & $-0.0561511$ & $-0.0175858$ & $-0.0284202$ & $-0.00234358$ & $-0.0318474$ & $-0.0118941$ & $-0.00134185$ & $-0.000648069$ & $0.0215923$ & $-0.0444254$ & $-0.0178787$ & $-0.0178098$ & $0.0394569$ & $-0.0384914$ & $-0.0208959$ & $-0.0235234$ & $-0.032364$ & $0.00425516$ & $0.00260596$ & $0.0623226$ & $-0.0579656$ & $0.0115301$ & $-0.0236657$ & $0.0183631$ & $-0.0116885$ & $0.0136077$ & $-0.00312154$ & $-0.0292097$ & $-0.0233877$ & $-0.00867797$ & $0.0353431$ & $-0.0156759$ & $0.000773415$ & $-0.00808922$ & $0.0211191$ \\
mHl & $-0.0128195$ & $0.00436385$ & $-0.00284499$ & $1$ & $0.0211054$ & $0.0566048$ & $0.0117968$ & $0.0102437$ & $0.0122141$ & $0.00458028$ & $0.0084676$ & $0.0181274$ & $0.0020815$ & $-0.0165571$ & $-0.0130151$ & $-0.0174687$ & $-0.0430761$ & $-0.0268417$ & $-0.0208378$ & $-0.0134697$ & $-0.00597213$ & $-0.0174186$ & $0.0545718$ & $-0.0371292$ & $-0.00267342$ & $-0.0220379$ & $0.0480012$ & $-0.0393379$ & $0.0304321$ & $0.0133921$ & $-0.0152183$ & $0.00661592$ & $0.0365438$ & $0.0147955$ & $0.00844301$ & $-0.0567444$ & $0.0404412$ & $-0.00217937$ & $-0.0574376$ & $0.0156299$ & $-0.0355101$ & $-0.0130726$ & $-0.0196109$ & $-0.00427656$ & $0.00824494$ & $0.051348$ & $0.024918$ & $0.0278654$ & $0.0613447$ \\
Mz & $-0.0156019$ & $-0.00135337$ & $0.0248763$ & $0.0211054$ & $1$ & $-0.00782745$ & $0.00307004$ & $-0.00994736$ & $-0.0122498$ & $0.0284424$ & $0.0114495$ & $0.0153403$ & $-0.00306474$ & $0.0143983$ & $-0.00142835$ & $-0.0272764$ & $0.0137816$ & $0.0118458$ & $0.0291831$ & $-0.0027581$ & $0.00143707$ & $-0.00335842$ & $-0.0329662$ & $0.0163511$ & $0.0327917$ & $0.0301216$ & $0.0198787$ & $0.0196709$ & $0.00131403$ & $0.018946$ & $-0.00204564$ & $0.0274802$ & $0.0295429$ & $-0.0115014$ & $-0.0203505$ & $-0.00289654$ & $-0.0462588$ & $0.0272778$ & $-0.00780882$ & $0.0124405$ & $-0.0201247$ & $-0.0251899$ & $-0.0452809$ & $-0.00897368$ & $-0.00897309$ & $0.0300762$ & $0.00590335$ & $0.0235629$ & $0.0176798$ \\
CW & $-0.0221921$ & $0.0366471$ & $-0.0315155$ & $0.0566048$ & $-0.00782745$ & $1$ & $0.0544733$ & $-0.136013$ & $-0.119666$ & $0.000441851$ & $0.19413$ & $0.0308469$ & $0.00908137$ & $0.0226508$ & $-0.0828488$ & $-0.127573$ & $-0.253269$ & $-0.0493398$ & $-0.0166701$ & $-0.194274$ & $-0.193074$ & $-0.1976$ & $-0.00913021$ & $0.0184195$ & $-0.0833881$ & $0.09551$ & $-0.0783235$ & $-0.0517268$ & $0.00173181$ & $0.0497078$ & $0.00669905$ & $0.0585318$ & $0.00791333$ & $-0.128595$ & $-0.00615775$ & $0.0274276$ & $-0.0156156$ & $0.000232775$ & $0.0240392$ & $-0.0036167$ & $0.0368722$ & $-0.0167893$ & $0.0138891$ & $0.010537$ & $-0.0137005$ & $-0.026376$ & $-0.0435221$ & $-0.0407497$ & $-0.0166277$ \\
CHG & $0.00519043$ & $0.0455298$ & $0.00444587$ & $0.0117968$ & $0.00307004$ & $0.0544733$ & $1$ & $-0.142031$ & $-0.0814817$ & $0.0647059$ & $0.099626$ & $0.215949$ & $-0.344707$ & $0.0511222$ & $-0.0297583$ & $-0.0364874$ & $0.0782535$ & $0.102343$ & $0.109053$ & $-0.0965245$ & $-0.0993401$ & $-0.103824$ & $-0.00716985$ & $0.10389$ & $0.10626$ & $0.0581125$ & $-0.065$ & $-0.0133293$ & $0.0122163$ & $-0.130501$ & $-0.056104$ & $0.928785$ & $-0.159728$ & $-0.0914865$ & $-0.0719059$ & $-0.0319625$ & $-0.000726459$ & $-0.0119463$ & $-0.0370227$ & $-0.0641975$ & $0.00626226$ & $-0.0121343$ & $0.00181035$ & $-0.00932111$ & $0.00229929$ & $-0.019528$ & $-0.0392626$ & $-0.00861081$ & $-0.0101096$ \\
CHWB & $-0.00731714$ & $-0.152278$ & $0.0148459$ & $0.0102437$ & $-0.00994736$ & $-0.136013$ & $-0.142031$ & $1$ & $0.981749$ & $-0.563981$ & $-0.880537$ & $-0.429023$ & $0.352755$ & $0.0936599$ & $0.29472$ & $0.311491$ & $-0.251329$ & $-0.431717$ & $-0.443644$ & $0.853806$ & $0.894998$ & $0.877879$ & $0.0834407$ & $-0.679203$ & $-0.402133$ & $-0.513531$ & $0.437793$ & $0.324731$ & $0.0481885$ & $0.0860671$ & $0.0654431$ & $-0.135208$ & $0.153088$ & $0.566683$ & $-0.0207078$ & $-0.0314352$ & $-0.0341935$ & $0.0426559$ & $0.0355833$ & $0.0237002$ & $-0.0196976$ & $0.0180188$ & $-0.0258576$ & $-0.0175597$ & $-0.0577004$ & $0.0383194$ & $0.0203669$ & $0.028889$ & $0.0346758$ \\
CHWHB_gaga & $0.00330765$ & $-0.143438$ & $0.00813488$ & $0.0122141$ & $-0.0122498$ & $-0.119666$ & $-0.0814817$ & $0.981749$ & $1$ & $-0.553309$ & $-0.858145$ & $-0.401829$ & $0.343399$ & $0.0795583$ & $0.284957$ & $0.302078$ & $-0.25966$ & $-0.432591$ & $-0.445892$ & $0.832405$ & $0.872783$ & $0.854581$ & $0.0852825$ & $-0.674095$ & $-0.409198$ & $-0.5033$ & $0.428041$ & $0.319895$ & $0.0542465$ & $0.107446$ & $0.0645155$ & $-0.0843626$ & $0.1658$ & $0.560187$ & $-0.0346923$ & $-0.0347437$ & $-0.0474393$ & $0.0332614$ & $0.0248502$ & $0.0134849$ & $-0.0145907$ & $0.0148659$ & $0.05276$ & $-0.0208241$ & $-0.0540566$ & $0.0355637$ & $0.017033$ & $0.0243521$ & $0.0239201$ \\
CHWHB_gagaorth & $0.0427941$ & $0.0785022$ & $-0.0264584$ & $0.00458028$ & $0.0284424$ & $0.000441851$ & $0.0647059$ & $-0.563981$ & $-0.553309$ & $1$ & $0.355141$ & $0.664083$ & $-0.262047$ & $0.219087$ & $-0.0978969$ & $-0.130958$ & $0.437842$ & $0.461153$ & $0.477944$ & $-0.345232$ & $-0.370366$ & $-0.366556$ & $-0.0528513$ & $0.561957$ & $0.465173$ & $0.208294$ & $-0.245116$ & $-0.111745$ & $-0.0655119$ & $-0.124223$ & $-0.0666899$ & $0.0865127$ & $-0.200904$ & $-0.361863$ & $0.0892519$ & $0.0477639$ & $0.0285977$ & $-0.00944514$ & $-0.0589382$ & $-0.0583223$ & $-0.0438181$ & $-0.0187907$ & $0.00912212$ & $0.069915$ & $0.0468341$ & $0.0239721$ & $0.017753$ & $-0.0536689$ & $-0.0772841$ \\
CHD & $-0.0267347$ & $0.121885$ & $0.0139826$ & $0.0084676$ & $0.0114495$ & $0.19413$ & $0.099626$ & $-0.880537$ & $-0.858145$ & $0.355141$ & $1$ & $0.332924$ & $-0.169878$ & $-0.50911$ & $-0.414548$ & $-0.415538$ & $-0.203303$ & $0.0663437$ & $0.0751892$ & $-0.990205$ & $-0.991371$ & $-0.971326$ & $-0.0391372$ & $0.317756$ & $0.0236171$ & $0.575477$ & $-0.30729$ & $-0.356683$ & $-0.0199545$ & $-0.0392414$ & $-0.0482484$ & $0.10232$ & $-0.109062$ & $-0.374539$ & $0.0522941$ & $0.0509763$ & $0.00758516$ & $-0.0540714$ & $-0.0555485$ & $-0.012548$ & $0.0399901$ & $-0.0126569$ & $0.0479619$ & $-0.000507546$ & $0.0426667$ & $-0.057767$ & $-0.0215922$ & $-0.0340544$ & $-0.0372964$ \\
CHbox & $0.0439553$ & $0.0640539$ & $-0.0177006$ & $0.0181274$ & $0.0153403$ & $0.0308469$ & $0.215949$ & $-0.429023$ & $-0.401829$ & $0.664083$ & $0.332924$ & $1$ & $-0.639347$ & $0.0308919$ & $-0.0480763$ & $-0.121994$ & $0.20451$ & $0.216724$ & $0.26653$ & $-0.317368$ & $-0.344587$ & $-0.338081$ & $-0.0450434$ & $0.344355$ & $0.244218$ & $0.193585$ & $-0.202065$ & $-0.110966$ & $-0.0519684$ & $-0.0413174$ & $-0.0673449$ & $0.232679$ & $-0.111054$ & $-0.29936$ & $0.072564$ & $0.0550933$ & $0.0217178$ & $-0.014603$ & $-0.0641642$ & $-0.00936717$ & $-0.0254602$ & $-0.00114497$ & $0.00141933$ & $0.0483094$ & $0.0156533$ & $0.0284083$ & $0.0058496$ & $-0.0506574$ & $-0.0466437$ \\
CH & $-0.0247907$ & $-0.0216981$ & $-0.00282063$ & $0.0020815$ & $-0.00306474$ & $0.00908137$ & $-0.344707$ & $0.352755$ & $0.343399$ & $-0.262047$ & $-0.169878$ & $-0.639347$ & $1$ & $-0.248595$ & $0.0596234$ & $0.120642$ & $-0.379924$ & $-0.382442$ & $-0.423215$ & $0.170018$ & $0.178098$ & $0.171577$ & $0.0319613$ & $-0.391759$ & $-0.401821$ & $-0.100097$ & $0.123401$ & $0.0768959$ & $0.0602965$ & $0.276104$ & $0.120562$ & $-0.272961$ & $0.324316$ & $0.229976$ & $0.0612508$ & $0.0227071$ & $-0.0115758$ & $0.00515893$ & $0.00174761$ & $-0.0236984$ & $0.0372102$ & $0.00472815$ & $0.0133356$ & $-0.0325027$ & $-0.00641656$ & $-0.0104849$ & $0.0013285$ & $0.0182294$ & $-0.0188938$ \\
CHL1_11 & $0.0360345$ & $-0.0164551$ & $-0.0439033$ & $-0.0165571$ & $0.0143983$ & $0.0226508$ & $0.0511222$ & $0.0936599$ & $0.0795583$ & $0.219087$ & $-0.50911$ & $0.0308919$ & $-0.248595$ & $1$ & $0.251736$ & $0.224113$ & $0.67019$ & $0.611272$ & $0.615856$ & $0.52332$ & $0.477023$ & $0.465191$ & $-0.0699244$ & $0.470182$ & $0.613533$ & $-0.268707$ & $-0.08111$ & $0.16004$ & $-0.0487348$ & $-0.0618434$ & $-0.022013$ & $0.0347529$ & $-0.0438308$ & $-0.19924$ & $-0.0825444$ & $-0.0557579$ & $0.0398653$ & $0.0426784$ & $0.0626804$ & $0.00133466$ & $-0.0389792$ & $-0.00836512$ & $-0.0605982$ & $0.0221754$ & $0.0161928$ & $0.0561088$ & $0.00321261$ & $0.0248809$ & $0.0115284$ \\
CHL1_22 & $-0.0205513$ & $-0.0685839$ & $-0.0561511$ & $-0.0130151$ & $-0.00142835$ & $-0.0828488$ & $-0.0297583$ & $0.29472$ & $0.284957$ & $-0.0978969$ & $-0.414548$ & $-0.0480763$ & $0.0596234$ & $0.251736$ & $1$ & $0.422906$ & $0.16332$ & $-0.450849$ & $-0.0169548$ & $0.480674$ & $0.330937$ & $0.329117$ & $-0.136293$ & $0.0871214$ & $-0.125981$ & $-0.205918$ & $-0.382053$ & $0.111841$ & $0.0173534$ & $0.014291$ & $0.0152001$ & $-0.0202432$ & $0.0299636$ & $-0.589564$ & $-0.0494027$ & $-0.00236635$ & $-0.00959986$ & $-0.0190326$ & $0.0343692$ & $-0.0215763$ & $0.0228719$ & $0.0455518$ & $-0.035506$ & $0.0434093$ & $-0.0253752$ & $0.0471592$ & $0.00642186$ & $0.0164052$ & $-1.74462e-05$ \\
CHL1_33 & $0.0320329$ & $-0.0292829$ & $-0.0175858$ & $-0.0174687$ & $-0.0272764$ & $-0.127573$ & $-0.0364874$ & $0.311491$ & $0.302078$ & $-0.130958$ & $-0.415538$ & $-0.121994$ & $0.120642$ & $0.224113$ & $0.422906$ & $1$ & $0.140797$ & $-0.0392563$ & $-0.452848$ & $0.479072$ & $0.33942$ & $0.364397$ & $-0.148561$ & $0.0588154$ & $-0.150695$ & $-0.198039$ & $-0.357195$ & $0.116197$ & $0.0449192$ & $0.0554532$ & $0.0272818$ & $-0.0365327$ & $0.0384089$ & $-0.0528842$ & $-0.0304282$ & $-0.0406377$ & $-0.000663496$ & $0.0207976$ & $0.00385581$ & $-0.0442979$ & $-0.0372992$ & $0.0155396$ & $-0.0436623$ & $0.00469927$ & $0.00389468$ & $0.0268759$ & $0.0469971$ & $0.0108667$ & $-0.0148065$ \\
CHL3_11 & $0.0529579$ & $0.0378277$ & $-0.0284202$ & $-0.0430761$ & $0.0137816$ & $-0.253269$ & $0.0782535$ & $-0.251329$ & $-0.25966$ & $0.437842$ & $-0.203303$ & $0.20451$ & $-0.379924$ & $0.67019$ & $0.16332$ & $0.140797$ & $1$ & $0.737838$ & $0.737408$ & $0.222271$ & $0.173396$ & $0.167191$ & $-0.0505641$ & $0.688643$ & $0.775987$ & $-0.115658$ & $-0.175828$ & $0.058249$ & $-0.0516768$ & $-0.105973$ & $-0.0297977$ & $0.057345$ & $-0.0924761$ & $-0.261648$ & $-0.0362798$ & $-0.0285481$ & $0.0516466$ & $0.0221914$ & $0.0311304$ & $-0.0305146$ & $-0.0505803$ & $-0.0166869$ & $-0.0296102$ & $0.0452635$ & $0.0285857$ & $0.028425$ & $0.00484548$ & $-0.0021348$ & $0.0144579$ \\
CHL3_22 & $0.062579$ & $0.0721615$ & $-0.00234358$ & $-0.0268417$ & $0.0118458$ & $-0.0493398$ & $0.102343$ & $-0.431717$ & $-0.432591$ & $0.461153$ & $0.0663437$ & $0.216724$ & $-0.382442$ & $0.611272$ & $-0.450849$ & $-0.0392563$ & $0.737838$ & $1$ & $0.671597$ & $-0.0730123$ & $-0.0561282$ & $-0.0567839$ & $-0.00679845$ & $0.631877$ & $0.78757$ & $0.0367262$ & $-0.0174403$ & $-0.022701$ & $-0.0630505$ & $-0.0947084$ & $-0.044905$ & $0.0781588$ & $-0.104548$ & $0.034451$ & $-0.0270614$ & $-0.03295$ & $0.0562111$ & $0.0365838$ & $0.0150828$ & $-0.0107355$ & $-0.0576774$ & $-0.0416773$ & $-0.0201232$ & $0.00315625$ & $0.0515567$ & $0.00326286$ & $-0.00192988$ & $-0.00371128$ & $0.00307838$ \\
CHL3_33 & $0.0211877$ & $0.0517024$ & $-0.0318474$ & $-0.0208378$ & $0.0291831$ & $-0.0166701$ & $0.109053$ & $-0.443644$ & $-0.445892$ & $0.477944$ & $0.0751892$ & $0.26653$ & $-0.423215$ & $0.615856$ & $-0.0169548$ & $-0.452848$ & $0.737408$ & $0.671597$ & $1$ & $-0.0801782$ & $-0.0690679$ & $-0.067714$ & $0.00730919$ & $0.64162$ & $0.796199$ & $0.0290101$ & $-0.0311995$ & $-0.0313916$ & $-0.0802077$ & $-0.1333$ & $-0.062115$ & $0.0896054$ & $-0.11469$ & $-0.370777$ & $-0.0389576$ & $-0.00725162$ & $0.0511037$ & $0.00289773$ & $0.028281$ & $0.0107001$ & $-0.0098475$ & $-0.0128767$ & $-0.02349$ & $0.0411149$ & $0.0271165$ & $0.0192178$ & $-0.0341186$ & $0.00818251$ & $0.0225168$ \\
CHe_11 & $0.0188125$ & $-0.0936533$ & $-0.0118941$ & $-0.0134697$ & $-0.0027581$ & $-0.194274$ & $-0.0965245$ & $0.853806$ & $0.832405$ & $-0.345232$ & $-0.990205$ & $-0.317368$ & $0.170018$ & $0.52332$ & $0.480674$ & $0.479072$ & $0.222271$ & $-0.0730123$ & $-0.0801782$ & $1$ & $0.973324$ & $0.954669$ & $0.0177912$ & $-0.268976$ & $-0.0200303$ & $-0.567597$ & $0.233262$ & $0.351341$ & $0.0205251$ & $0.0455711$ & $0.0459391$ & $-0.0979158$ & $0.112437$ & $0.297885$ & $-0.0601404$ & $-0.0498762$ & $-0.00623489$ & $0.0533641$ & $0.0554251$ & $0.00650991$ & $-0.0397498$ & $0.0153389$ & $-0.052101$ & $-0.000672921$ & $-0.0420089$ & $0.0560193$ & $0.0178422$ & $0.0391872$ & $0.0346612$ \\
CHe_22 & $0.0173778$ & $-0.0937052$ & $-0.00134185$ & $-0.00597213$ & $0.00143707$ & $-0.193074$ & $-0.0993401$ & $0.894998$ & $0.872783$ & $-0.370366$ & $-0.991371$ & $-0.344587$ & $0.178098$ & $0.477023$ & $0.330937$ & $0.33942$ & $0.173396$ & $-0.0561282$ & $-0.0690679$ & $0.973324$ & $1$ & $0.975318$ & $0.0661786$ & $-0.366525$ & $-0.0260315$ & $-0.580131$ & $0.383776$ & $0.361341$ & $0.0193807$ & $0.0405224$ & $0.0491203$ & $-0.102228$ & $0.115461$ & $0.457472$ & $-0.0483316$ & $-0.0507432$ & $-0.00792671$ & $0.056016$ & $0.0543078$ & $0.0175685$ & $-0.041357$ & $0.00723555$ & $-0.0456562$ & $-0.0036039$ & $-0.0435136$ & $0.051781$ & $0.0154918$ & $0.0354744$ & $0.0415193$ \\
CHe_33 & $0.016064$ & $-0.0907401$ & $-0.000648069$ & $-0.0174186$ & $-0.00335842$ & $-0.1976$ & $-0.103824$ & $0.877879$ & $0.854581$ & $-0.366556$ & $-0.971326$ & $-0.338081$ & $0.171577$ & $0.465191$ & $0.329117$ & $0.364397$ & $0.167191$ & $-0.0567839$ & $-0.067714$ & $0.954669$ & $0.975318$ & $1$ & $0.0567262$ & $-0.358452$ & $-0.0293613$ & $-0.570746$ & $0.367548$ & $0.350375$ & $0.020332$ & $0.0328329$ & $0.0400038$ & $-0.11018$ & $0.11044$ & $0.448148$ & $-0.0516614$ & $-0.0552626$ & $-0.00138596$ & $0.0557701$ & $0.0492359$ & $0.0191341$ & $-0.0410706$ & $0.0138903$ & $-0.0581968$ & $0.00411828$ & $-0.0355617$ & $0.0565199$ & $0.0193416$ & $0.0339887$ & $0.0519774$ \\
CHQ1_11 & $-0.00675865$ & $0.0444517$ & $0.0215923$ & $0.0545718$ & $-0.0329662$ & $-0.00913021$ & $-0.00716985$ & $0.0834407$ & $0.0852825$ & $-0.0528513$ & $-0.0391372$ & $-0.0450434$ & $0.0319613$ & $-0.0699244$ & $-0.136293$ & $-0.148561$ & $-0.0505641$ & $-0.00679845$ & $0.00730919$ & $0.0177912$ & $0.0661786$ & $0.0567262$ & $1$ & $-0.139798$ & $0.0727274$ & $-0.694416$ & $0.330196$ & $0.0421834$ & $-0.00702638$ & $-0.00200923$ & $-0.0217374$ & $-0.0029041$ & $0.0160836$ & $0.188086$ & $-0.0149789$ & $0.0218882$ & $0.0044943$ & $0.0187586$ & $-0.0486869$ & $0.00105306$ & $0.00147587$ & $0.0183816$ & $0.0171151$ & $0.00753602$ & $0.0145498$ & $0.0300438$ & $-0.0636932$ & $-0.0238127$ & $0.0156733$ \\
CHQ1_33 & $-0.0304837$ & $0.0957769$ & $-0.0444254$ & $-0.0371292$ & $0.0163511$ & $0.0184195$ & $0.10389$ & $-0.679203$ & $-0.674095$ & $0.561957$ & $0.317756$ & $0.344355$ & $-0.391759$ & $0.470182$ & $0.0871214$ & $0.0588154$ & $0.688643$ & $0.631877$ & $0.64162$ & $-0.268976$ & $-0.366525$ & $-0.358452$ & $-0.139798$ & $1$ & $0.658182$ & $0.21039$ & $-0.417667$ & $-0.0448883$ & $-0.067017$ & $-0.083395$ & $-0.0583049$ & $0.0905737$ & $-0.134099$ & $-0.618882$ & $-0.0310734$ & $0.0015592$ & $0.060174$ & $0.00618196$ & $0.0130392$ & $-0.0309896$ & $-0.0120147$ & $-0.0192838$ & $-0.00361688$ & $0.0393673$ & $0.0423879$ & $0.00594792$ & $-0.0113443$ & $-0.0231106$ & $-0.010386$ \\
CHQ3_11 & $-0.0833225$ & $0.0598782$ & $-0.0178787$ & $-0.00267342$ & $0.0327917$ & $-0.0833881$ & $0.10626$ & $-0.402133$ & $-0.409198$ & $0.465173$ & $0.0236171$ & $0.244218$ & $-0.401821$ & $0.613533$ & $-0.125981$ & $-0.150695$ & $0.775987$ & $0.78757$ & $0.796199$ & $-0.0200303$ & $-0.0260315$ & $-0.0293613$ & $0.0727274$ & $0.658182$ & $1$ & $0.0202026$ & $0.191645$ & $-0.00140696$ & $-0.0673683$ & $-0.120618$ & $-0.0461274$ & $0.0846222$ & $-0.10704$ & $-0.213632$ & $-0.0570854$ & $-0.0197534$ & $0.0708606$ & $0.037619$ & $0.0247089$ & $-0.0181587$ & $-0.0412566$ & $-0.0338757$ & $-0.0460609$ & $0.0439258$ & $0.0202047$ & $0.0484639$ & $-0.0208859$ & $0.00409274$ & $0.0155655$ \\
CHu_11 & $-0.0449225$ & $-0.0030852$ & $-0.0178098$ & $-0.0220379$ & $0.0301216$ & $0.09551$ & $0.0581125$ & $-0.513531$ & $-0.5033$ & $0.208294$ & $0.575477$ & $0.193585$ & $-0.100097$ & $-0.268707$ & $-0.205918$ & $-0.198039$ & $-0.115658$ & $0.0367262$ & $0.0290101$ & $-0.567597$ & $-0.580131$ & $-0.570746$ & $-0.694416$ & $0.21039$ & $0.0202026$ & $1$ & $-0.184741$ & $-0.211032$ & $0.0115194$ & $-0.0231935$ & $-0.012153$ & $0.0568933$ & $-0.0699024$ & $-0.254316$ & $0.0416562$ & $0.0269033$ & $-0.00776623$ & $-0.0528057$ & $0.0145487$ & $-0.00530302$ & $0.0061545$ & $-0.00568735$ & $0.0105399$ & $0.0109678$ & $-0.00565627$ & $-0.0358672$ & $0.0214363$ & $0.0062814$ & $-0.044142$ \\
CHd_11 & $-0.0254792$ & $-0.0175116$ & $0.0394569$ & $0.0480012$ & $0.0198787$ & $-0.0783235$ & $-0.065$ & $0.437793$ & $0.428041$ & $-0.245116$ & $-0.30729$ & $-0.202065$ & $0.123401$ & $-0.08111$ & $-0.382053$ & $-0.357195$ & $-0.175828$ & $-0.0174403$ & $-0.0311995$ & $0.233262$ & $0.383776$ & $0.367548$ & $0.330196$ & $-0.417667$ & $0.191645$ & $-0.184741$ & $1$ & $0.149625$ & $0.000435609$ & $-0.00406441$ & $0.0144214$ & $-0.0719153$ & $0.0614892$ & $0.677441$ & $-0.00912998$ & $0.00280321$ & $0.0150515$ & $0.0489178$ & $-0.00110866$ & $0.0273925$ & $-0.0298965$ & $-0.0184117$ & $-0.01326$ & $0.00349257$ & $-0.0535589$ & $0.029211$ & $-0.0135084$ & $0.000135539$ & $0.0469018$ \\
CHd_33 & $0.010701$ & $0.0115966$ & $-0.0384914$ & $-0.0393379$ & $0.0196709$ & $-0.0517268$ & $-0.0133293$ & $0.324731$ & $0.319895$ & $-0.111745$ & $-0.356683$ & $-0.110966$ & $0.0768959$ & $0.16004$ & $0.111841$ & $0.116197$ & $0.058249$ & $-0.022701$ & $-0.0313916$ & $0.351341$ & $0.361341$ & $0.350375$ & $0.0421834$ & $-0.0448883$ & $-0.00140696$ & $-0.211032$ & $0.149625$ & $1$ & $0.00975107$ & $0.0268926$ & $0.0216269$ & $-0.00682768$ & $0.068651$ & $0.176508$ & $-0.0500553$ & $0.000835449$ & $-0.0172085$ & $0.0484518$ & $9.23686e-05$ & $0.0176342$ & $-0.0259969$ & $-0.0137653$ & $-0.0046284$ & $0.0158905$ & $0.00828488$ & $0.0338086$ & $0.00735361$ & $-0.0101739$ & $0.035608$ \\
CeH_22r & $-0.00390224$ & $-0.0310353$ & $-0.0208959$ & $0.0304321$ & $0.00131403$ & $0.00173181$ & $0.0122163$ & $0.0481885$ & $0.0542465$ & $-0.0655119$ & $-0.0199545$ & $-0.0519684$ & $0.0602965$ & $-0.0487348$ & $0.0173534$ & $0.0449192$ & $-0.0516768$ & $-0.0630505$ & $-0.0802077$ & $0.0205251$ & $0.0193807$ & $0.020332$ & $-0.00702638$ & $-0.067017$ & $-0.0673683$ & $0.0115194$ & $0.000435609$ & $0.00975107$ & $1$ & $0.0579717$ & $-0.00806074$ & $-0.0239738$ & $0.0243628$ & $0.0269034$ & $-0.0369647$ & $-0.0512871$ & $-0.0153003$ & $0.0137781$ & $-0.00648025$ & $-0.0278754$ & $0.0243888$ & $0.0348736$ & $0.0485729$ & $0.0220195$ & $0.0198712$ & $-0.000130893$ & $-0.0327718$ & $-0.0505352$ & $0.0114665$ \\
CeH_33r & $-0.0614842$ & $0.0196678$ & $-0.0235234$ & $0.0133921$ & $0.018946$ & $0.0497078$ & $-0.130501$ & $0.0860671$ & $0.107446$ & $-0.124223$ & $-0.0392414$ & $-0.0413174$ & $0.276104$ & $-0.0618434$ & $0.014291$ & $0.0554532$ & $-0.105973$ & $-0.0947084$ & $-0.1333$ & $0.0455711$ & $0.0405224$ & $0.0328329$ & $-0.00200923$ & $-0.083395$ & $-0.120618$ & $-0.0231935$ & $-0.00406441$ & $0.0268926$ & $0.0579717$ & $1$ & $0.29866$ & $0.0190155$ & $0.608793$ & $0.0543775$ & $-0.0749099$ & $-0.0338047$ & $-0.146686$ & $-0.00923239$ & $-0.0255153$ & $-0.0280517$ & $0.0478073$ & $-0.00587573$ & $0.00275239$ & $-0.0274262$ & $0.0422198$ & $-0.0313095$ & $-0.0079638$ & $-0.0434187$ & $-0.0139719$ \\
CuH_22r & $-0.0403899$ & $-0.011843$ & $-0.032364$ & $-0.0152183$ & $-0.00204564$ & $0.00669905$ & $-0.056104$ & $0.0654431$ & $0.0645155$ & $-0.0666899$ & $-0.0482484$ & $-0.0673449$ & $0.120562$ & $-0.022013$ & $0.0152001$ & $0.0272818$ & $-0.0297977$ & $-0.044905$ & $-0.062115$ & $0.0459391$ & $0.0491203$ & $0.0400038$ & $-0.0217374$ & $-0.0583049$ & $-0.0461274$ & $-0.012153$ & $0.0144214$ & $0.0216269$ & $-0.00806074$ & $0.29866$ & $1$ & $0.0355164$ & $0.309078$ & $0.0429314$ & $-0.0680334$ & $0.0374885$ & $-0.113999$ & $-0.0357459$ & $0.00565197$ & $-0.0171053$ & $0.0107528$ & $-0.0390243$ & $-0.0364337$ & $-0.0397863$ & $-0.0164148$ & $0.0581444$ & $0.373367$ & $0.0383274$ & $-0.0603106$ \\
CuH_33r & $-0.00766172$ & $0.0328198$ & $0.00425516$ & $0.00661592$ & $0.0274802$ & $0.0585318$ & $0.928785$ & $-0.135208$ & $-0.0843626$ & $0.0865127$ & $0.10232$ & $0.232679$ & $-0.272961$ & $0.0347529$ & $-0.0202432$ & $-0.0365327$ & $0.057345$ & $0.0781588$ & $0.0896054$ & $-0.0979158$ & $-0.102228$ & $-0.11018$ & $-0.0029041$ & $0.0905737$ & $0.0846222$ & $0.0568933$ & $-0.0719153$ & $-0.00682768$ & $-0.0239738$ & $0.0190155$ & $0.0355164$ & $1$ & $0.0199405$ & $-0.0966195$ & $0.0259606$ & $0.0150037$ & $-0.0280836$ & $-0.0209309$ & $-0.041799$ & $-0.0592846$ & $0.0236424$ & $-0.015116$ & $0.00289759$ & $-0.014708$ & $0.0162014$ & $-0.0227721$ & $-0.04531$ & $0.00564078$ & $-0.0122559$ \\
CdH_33r & $-0.0185162$ & $0.0156183$ & $0.00260596$ & $0.0365438$ & $0.0295429$ & $0.00791333$ & $-0.159728$ & $0.153088$ & $0.1658$ & $-0.200904$ & $-0.109062$ & $-0.111054$ & $0.324316$ & $-0.0438308$ & $0.0299636$ & $0.0384089$ & $-0.0924761$ & $-0.104548$ & $-0.11469$ & $0.112437$ & $0.115461$ & $0.11044$ & $0.0160836$ & $-0.134099$ & $-0.10704$ & $-0.0699024$ & $0.0614892$ & $0.068651$ & $0.0243628$ & $0.608793$ & $0.309078$ & $0.0199405$ & $1$ & $0.097994$ & $-0.0381741$ & $-0.0426961$ & $-0.123941$ & $-0.0111275$ & $-0.0162489$ & $0.0153176$ & $0.0164011$ & $-0.0200357$ & $-0.00388905$ & $-0.0325075$ & $0.0275489$ & $-0.00749967$ & $0.0319149$ & $0.168972$ & $0.492758$ \\
CLL_1221 & $0.0191061$ & $-0.00283321$ & $0.0623226$ & $0.0147955$ & $-0.0115014$ & $-0.128595$ & $-0.0914865$ & $0.566683$ & $0.560187$ & $-0.361863$ & $-0.374539$ & $-0.29936$ & $0.229976$ & $-0.19924$ & $-0.589564$ & $-0.0528842$ & $-0.261648$ & $0.034451$ & $-0.370777$ & $0.297885$ & $0.457472$ & $0.448148$ & $0.188086$ & $-0.618882$ & $-0.213632$ & $-0.254316$ & $0.677441$ & $0.176508$ & $0.0269034$ & $0.0543775$ & $0.0429314$ & $-0.0966195$ & $0.097994$ & $1$ & $0.0327448$ & $-0.0235207$ & $-0.0147724$ & $0.04872$ & $-0.00779839$ & $0.0237323$ & $-0.044066$ & $-0.0262105$ & $0.011233$ & $-0.0439153$ & $-0.0230324$ & $-0.0223615$ & $0.0156702$ & $0.000252597$ & $0.0324025$ \\
eHggint & $-0.00565535$ & $-0.0370842$ & $-0.0579656$ & $0.00844301$ & $-0.0203505$ & $-0.00615775$ & $-0.0719059$ & $-0.0207078$ & $-0.0346923$ & $0.0892519$ & $0.0522941$ & $0.072564$ & $0.0612508$ & $-0.0825444$ & $-0.0494027$ & $-0.0304282$ & $-0.0362798$ & $-0.0270614$ & $-0.0389576$ & $-0.0601404$ & $-0.0483316$ & $-0.0516614$ & $-0.0149789$ & $-0.0310734$ & $-0.0570854$ & $0.0416562$ & $-0.00912998$ & $-0.0500553$ & $-0.0369647$ & $-0.0749099$ & $-0.0680334$ & $0.0259606$ & $-0.0381741$ & $0.0327448$ & $1$ & $-0.0256104$ & $0.0534384$ & $-0.022399$ & $-0.0139938$ & $0.00405122$ & $0.0650127$ & $0.0222642$ & $0.0346217$ & $0.00840206$ & $-0.0116169$ & $0.00507667$ & $-0.0350801$ & $0.0232553$ & $0.0381663$ \\
eHggpar & $0.0384771$ & $-0.0387908$ & $0.0115301$ & $-0.0567444$ & $-0.00289654$ & $0.0274276$ & $-0.0319625$ & $-0.0314352$ & $-0.0347437$ & $0.0477639$ & $0.0509763$ & $0.0550933$ & $0.0227071$ & $-0.0557579$ & $-0.00236635$ & $-0.0406377$ & $-0.0285481$ & $-0.03295$ & $-0.00725162$ & $-0.0498762$ & $-0.0507432$ & $-0.0552626$ & $0.0218882$ & $0.0015592$ & $-0.0197534$ & $0.0269033$ & $0.00280321$ & $0.000835449$ & $-0.0512871$ & $-0.0338047$ & $0.0374885$ & $0.0150037$ & $-0.0426961$ & $-0.0235207$ & $-0.0256104$ & $1$ & $0.00520578$ & $-0.0106322$ & $0.0383752$ & $-0.00640466$ & $0.0360436$ & $-0.0254869$ & $0.0501697$ & $-0.0059077$ & $0.00954092$ & $-0.0594088$ & $0.0258867$ & $-0.00568325$ & $-0.0316665$ \\
eHWWint & $0.00700193$ & $0.0390536$ & $-0.0236657$ & $0.0404412$ & $-0.0462588$ & $-0.0156156$ & $-0.000726459$ & $-0.0341935$ & $-0.0474393$ & $0.0285977$ & $0.00758516$ & $0.0217178$ & $-0.0115758$ & $0.0398653$ & $-0.00959986$ & $-0.000663496$ & $0.0516466$ & $0.0562111$ & $0.0511037$ & $-0.00623489$ & $-0.00792671$ & $-0.00138596$ & $0.0044943$ & $0.060174$ & $0.0708606$ & $-0.00776623$ & $0.0150515$ & $-0.0172085$ & $-0.0153003$ & $-0.146686$ & $-0.113999$ & $-0.0280836$ & $-0.123941$ & $-0.0147724$ & $0.0534384$ & $0.00520578$ & $1$ & $-0.0100772$ & $-0.02772$ & $0.0185002$ & $0.0131488$ & $0.0494522$ & $-0.0105111$ & $-0.0660844$ & $0.0583788$ & $0.0309328$ & $-0.0139738$ & $0.099128$ & $0.0653462$ \\
eHWWpar & $-0.0202081$ & $-0.0115505$ & $0.0183631$ & $-0.00217937$ & $0.0272778$ & $0.000232775$ & $-0.0119463$ & $0.0426559$ & $0.0332614$ & $-0.00944514$ & $-0.0540714$ & $-0.014603$ & $0.00515893$ & $0.0426784$ & $-0.0190326$ & $0.0207976$ & $0.0221914$ & $0.0365838$ & $0.00289773$ & $0.0533641$ & $0.056016$ & $0.0557701$ & $0.0187586$ & $0.00618196$ & $0.037619$ & $-0.0528057$ & $0.0489178$ & $0.0484518$ & $0.0137781$ & $-0.00923239$ & $-0.0357459$ & $-0.0209309$ & $-0.0111275$ & $0.04872$ & $-0.022399$ & $-0.0106322$ & $-0.0100772$ & $1$ & $0.047426$ & $-0.00468562$ & $-0.0378667$ & $-0.0320898$ & $0.0284954$ & $-0.0188441$ & $-0.0429101$ & $0.0314665$ & $-0.0574856$ & $0.00710756$ & $-0.00330557$ \\
eHZZint & $-0.074634$ & $-0.0428157$ & $-0.0116885$ & $-0.0574376$ & $-0.00780882$ & $0.0240392$ & $-0.0370227$ & $0.0355833$ & $0.0248502$ & $-0.0589382$ & $-0.0555485$ & $-0.0641642$ & $0.00174761$ & $0.0626804$ & $0.0343692$ & $0.00385581$ & $0.0311304$ & $0.0150828$ & $0.028281$ & $0.0554251$ & $0.0543078$ & $0.0492359$ & $-0.0486869$ & $0.0130392$ & $0.0247089$ & $0.0145487$ & $-0.00110866$ & $9.23686e-05$ & $-0.00648025$ & $-0.0255153$ & $0.00565197$ & $-0.041799$ & $-0.0162489$ & $-0.00779839$ & $-0.0139938$ & $0.0383752$ & $-0.02772$ & $0.047426$ & $1$ & $0.00942311$ & $-0.00855061$ & $0.0310995$ & $-0.0196865$ & $-0.0457491$ & $0.0151031$ & $-0.00021536$ & $-0.0226003$ & $-0.00317453$ & $0.00488213$ \\
eHZZpar & $0.0147043$ & $-0.0290958$ & $0.0136077$ & $0.0156299$ & $0.0124405$ & $-0.0036167$ & $-0.0641975$ & $0.0237002$ & $0.0134849$ & $-0.0583223$ & $-0.012548$ & $-0.00936717$ & $-0.0236984$ & $0.00133466$ & $-0.0215763$ & $-0.0442979$ & $-0.0305146$ & $-0.0107355$ & $0.0107001$ & $0.00650991$ & $0.0175685$ & $0.0191341$ & $0.00105306$ & $-0.0309896$ & $-0.0181587$ & $-0.00530302$ & $0.0273925$ & $0.0176342$ & $-0.0278754$ & $-0.0280517$ & $-0.0171053$ & $-0.0592846$ & $0.0153176$ & $0.0237323$ & $0.00405122$ & $-0.00640466$ & $0.0185002$ & $-0.00468562$ & $0.00942311$ & $1$ & $0.0468629$ & $-0.0116512$ & $-0.0594357$ & $-0.0201484$ & $0.0171153$ & $-0.034252$ & $-0.00418917$ & $0.0113866$ & $0.0247767$ \\
eHZgaint & $-0.0316845$ & $0.00772$ & $-0.00312154$ & $-0.0355101$ & $-0.0201247$ & $0.0368722$ & $0.00626226$ & $-0.0196976$ & $-0.0145907$ & $-0.0438181$ & $0.0399901$ & $-0.0254602$ & $0.0372102$ & $-0.0389792$ & $0.0228719$ & $-0.0372992$ & $-0.0505803$ & $-0.0576774$ & $-0.0098475$ & $-0.0397498$ & $-0.041357$ & $-0.0410706$ & $0.00147587$ & $-0.0120147$ & $-0.0412566$ & $0.0061545$ & $-0.0298965$ & $-0.0259969$ & $0.0243888$ & $0.0478073$ & $0.0107528$ & $0.0236424$ & $0.0164011$ & $-0.044066$ & $0.0650127$ & $0.0360436$ & $0.0131488$ & $-0.0378667$ & $-0.00855061$ & $0.0468629$ & $1$ & $0.0204526$ & $0.0566438$ & $0.06083$ & $0.0439696$ & $-0.0325964$ & $-0.0381606$ & $-0.00513441$ & $-0.0327324$ \\
eHZgapar & $0.0158547$ & $-0.0164377$ & $-0.0292097$ & $-0.0130726$ & $-0.0251899$ & $-0.0167893$ & $-0.0121343$ & $0.0180188$ & $0.0148659$ & $-0.0187907$ & $-0.0126569$ & $-0.00114497$ & $0.00472815$ & $-0.00836512$ & $0.0455518$ & $0.0155396$ & $-0.0166869$ & $-0.0416773$ & $-0.0128767$ & $0.0153389$ & $0.00723555$ & $0.0138903$ & $0.0183816$ & $-0.0192838$ & $-0.0338757$ & $-0.00568735$ & $-0.0184117$ & $-0.0137653$ & $0.0348736$ & $-0.00587573$ & $-0.0390243$ & $-0.015116$ & $-0.0200357$ & $-0.0262105$ & $0.0222642$ & $-0.0254869$ & $0.0494522$ & $-0.0320898$ & $0.0310995$ & $-0.0116512$ & $0.0204526$ & $1$ & $0.00342154$ & $0.0303377$ & $-0.0050314$ & $-0.0567854$ & $-0.0260436$ & $-0.0113115$ & $-0.0080024$ \\
eHgagaint & $0.0230832$ & $-0.0200003$ & $-0.0233877$ & $-0.0196109$ & $-0.0452809$ & $0.0138891$ & $0.00181035$ & $-0.0258576$ & $0.05276$ & $0.00912212$ & $0.0479619$ & $0.00141933$ & $0.0133356$ & $-0.0605982$ & $-0.035506$ & $-0.0436623$ & $-0.0296102$ & $-0.0201232$ & $-0.02349$ & $-0.052101$ & $-0.0456562$ & $-0.0581968$ & $0.0171151$ & $-0.00361688$ & $-0.0460609$ & $0.0105399$ & $-0.01326$ & $-0.0046284$ & $0.0485729$ & $0.00275239$ & $-0.0364337$ & $0.00289759$ & $-0.00388905$ & $0.011233$ & $0.0346217$ & $0.0501697$ & $-0.0105111$ & $0.0284954$ & $-0.0196865$ & $-0.0594357$ & $0.0566438$ & $0.00342154$ & $1$ & $-0.00243376$ & $0.071969$ & $-0.0340526$ & $0.0265169$ & $0.023325$ & $-0.0206249$ \\
eHmumuint & $-0.0112016$ & $0.00197874$ & $-0.00867797$ & $-0.00427656$ & $-0.00897368$ & $0.010537$ & $-0.00932111$ & $-0.0175597$ & $-0.0208241$ & $0.069915$ & $-0.000507546$ & $0.0483094$ & $-0.0325027$ & $0.0221754$ & $0.0434093$ & $0.00469927$ & $0.0452635$ & $0.00315625$ & $0.0411149$ & $-0.000672921$ & $-0.0036039$ & $0.00411828$ & $0.00753602$ & $0.0393673$ & $0.0439258$ & $0.0109678$ & $0.00349257$ & $0.0158905$ & $0.0220195$ & $-0.0274262$ & $-0.0397863$ & $-0.014708$ & $-0.0325075$ & $-0.0439153$ & $0.00840206$ & $-0.0059077$ & $-0.0660844$ & $-0.0188441$ & $-0.0457491$ & $-0.0201484$ & $0.06083$ & $0.0303377$ & $-0.00243376$ & $1$ & $0.0417919$ & $0.0293545$ & $-0.0379288$ & $-0.000354819$ & $-0.00205002$ \\
eHtautauint & $0.0196045$ & $0.00261085$ & $0.0353431$ & $0.00824494$ & $-0.00897309$ & $-0.0137005$ & $0.00229929$ & $-0.0577004$ & $-0.0540566$ & $0.0468341$ & $0.0426667$ & $0.0156533$ & $-0.00641656$ & $0.0161928$ & $-0.0253752$ & $0.00389468$ & $0.0285857$ & $0.0515567$ & $0.0271165$ & $-0.0420089$ & $-0.0435136$ & $-0.0355617$ & $0.0145498$ & $0.0423879$ & $0.0202047$ & $-0.00565627$ & $-0.0535589$ & $0.00828488$ & $0.0198712$ & $0.0422198$ & $-0.0164148$ & $0.0162014$ & $0.0275489$ & $-0.0230324$ & $-0.0116169$ & $0.00954092$ & $0.0583788$ & $-0.0429101$ & $0.0151031$ & $0.0171153$ & $0.0439696$ & $-0.0050314$ & $0.071969$ & $0.0417919$ & $1$ & $-0.0443782$ & $0.0791419$ & $0.0276323$ & $0.0581717$ \\
eHccint & $-0.0450337$ & $-0.0996867$ & $-0.0156759$ & $0.051348$ & $0.0300762$ & $-0.026376$ & $-0.019528$ & $0.0383194$ & $0.0355637$ & $0.0239721$ & $-0.057767$ & $0.0284083$ & $-0.0104849$ & $0.0561088$ & $0.0471592$ & $0.0268759$ & $0.028425$ & $0.00326286$ & $0.0192178$ & $0.0560193$ & $0.051781$ & $0.0565199$ & $0.0300438$ & $0.00594792$ & $0.0484639$ & $-0.0358672$ & $0.029211$ & $0.0338086$ & $-0.000130893$ & $-0.0313095$ & $0.0581444$ & $-0.0227721$ & $-0.00749967$ & $-0.0223615$ & $0.00507667$ & $-0.0594088$ & $0.0309328$ & $0.0314665$ & $-0.00021536$ & $-0.034252$ & $-0.0325964$ & $-0.0567854$ & $-0.0340526$ & $0.0293545$ & $-0.0443782$ & $1$ & $0.0435073$ & $0.0632654$ & $-0.0130796$ \\
eHccpar & $0.0709153$ & $-0.010701$ & $0.000773415$ & $0.024918$ & $0.00590335$ & $-0.0435221$ & $-0.0392626$ & $0.0203669$ & $0.017033$ & $0.017753$ & $-0.0215922$ & $0.0058496$ & $0.0013285$ & $0.00321261$ & $0.00642186$ & $0.0469971$ & $0.00484548$ & $-0.00192988$ & $-0.0341186$ & $0.0178422$ & $0.0154918$ & $0.0193416$ & $-0.0636932$ & $-0.0113443$ & $-0.0208859$ & $0.0214363$ & $-0.0135084$ & $0.00735361$ & $-0.0327718$ & $-0.0079638$ & $0.373367$ & $-0.04531$ & $0.0319149$ & $0.0156702$ & $-0.0350801$ & $0.0258867$ & $-0.0139738$ & $-0.0574856$ & $-0.0226003$ & $-0.00418917$ & $-0.0381606$ & $-0.0260436$ & $0.0265169$ & $-0.0379288$ & $0.0791419$ & $0.0435073$ & $1$ & $0.0365836$ & $0.0664007$ \\
eHbbint & $-0.0634889$ & $0.0035782$ & $-0.00808922$ & $0.0278654$ & $0.0235629$ & $-0.0407497$ & $-0.00861081$ & $0.028889$ & $0.0243521$ & $-0.0536689$ & $-0.0340544$ & $-0.0506574$ & $0.0182294$ & $0.0248809$ & $0.0164052$ & $0.0108667$ & $-0.0021348$ & $-0.00371128$ & $0.00818251$ & $0.0391872$ & $0.0354744$ & $0.0339887$ & $-0.0238127$ & $-0.0231106$ & $0.00409274$ & $0.0062814$ & $0.000135539$ & $-0.0101739$ & $-0.0505352$ & $-0.0434187$ & $0.0383274$ & $0.00564078$ & $0.168972$ & $0.000252597$ & $0.0232553$ & $-0.00568325$ & $0.099128$ & $0.00710756$ & $-0.00317453$ & $0.0113866$ & $-0.00513441$ & $-0.0113115$ & $0.023325$ & $-0.000354819$ & $0.0276323$ & $0.0632654$ & $0.0365836$ & $1$ & $0.0160942$ \\
eHbbpar & $0.0319252$ & $0.0096387$ & $0.0211191$ & $0.0613447$ & $0.0176798$ & $-0.0166277$ & $-0.0101096$ & $0.0346758$ & $0.0239201$ & $-0.0772841$ & $-0.0372964$ & $-0.0466437$ & $-0.0188938$ & $0.0115284$ & $-1.74462e-05$ & $-0.0148065$ & $0.0144579$ & $0.00307838$ & $0.0225168$ & $0.0346612$ & $0.0415193$ & $0.0519774$ & $0.0156733$ & $-0.010386$ & $0.0155655$ & $-0.044142$ & $0.0469018$ & $0.035608$ & $0.0114665$ & $-0.0139719$ & $-0.0603106$ & $-0.0122559$ & $0.492758$ & $0.0324025$ & $0.0381663$ & $-0.0316665$ & $0.0653462$ & $-0.00330557$ & $0.00488213$ & $0.0247767$ & $-0.0327324$ & $-0.0080024$ & $-0.0206249$ & $-0.00205002$ & $0.0581717$ & $-0.0130796$ & $0.0664007$ & $0.0160942$ & $1$ \\
