 & AlsMz & dAle5Mz & mtop & mHl & Mz & CW & CHG & CHWB & CHWHB_gaga & CHWHB_gagaorth & CHD & CHbox & CH & CHL1_11 & CHL1_22 & CHL1_33 & CHL3_11 & CHL3_22 & CHL3_33 & CHe_11 & CHe_22 & CHe_33 & CHQ1_11 & CHQ1_33 & CHQ3_11 & CHu_11 & CHd_11 & CHd_33 & CeH_22r & CeH_33r & CuH_22r & CuH_33r & CdH_33r & CLL_1221 & eHggint & eHggpar & eHWWint & eHWWpar & eHZZint & eHZZpar & eHZgaint & eHZgapar & eHgagaint & eHmumuint & eHtautauint & eHccint & eHccpar & eHbbint & eHbbpar \\
AlsMz & $1$ & $0.253909$ & $0.155609$ & $-0.0489604$ & $0.0200832$ & $-0.0265455$ & $0.0273183$ & $-0.0618638$ & $-0.0589162$ & $0.0459101$ & $0.0656398$ & $0.032781$ & $-0.0517358$ & $-0.0511386$ & $-0.0302331$ & $-0.0450055$ & $-0.00802731$ & $0.000367374$ & $0.0165202$ & $-0.066$ & $-0.0635343$ & $-0.0599369$ & $-0.0251312$ & $-0.0214316$ & $-0.06245$ & $0.0264362$ & $-0.0190933$ & $-0.0241558$ & $-0.00512598$ & $-0.0684294$ & $-0.0688426$ & $0.0123079$ & $-0.0747804$ & $-0.012166$ & $-0.0443149$ & $-0.0177065$ & $0.105969$ & $0.00720852$ & $-0.138681$ & $0.0720237$ & $0.217293$ & $-0.043412$ & $0.156797$ & $-0.0316639$ & $-0.0209702$ & $-0.152963$ & $-0.0192736$ & $0.12093$ & $-0.0782935$ \\
dAle5Mz & $0.253909$ & $1$ & $0.0381121$ & $-0.0338916$ & $-0.0281445$ & $-0.0465163$ & $-0.00744177$ & $-0.0284517$ & $-0.0372758$ & $0.0287829$ & $0.0322103$ & $0.0563612$ & $-0.0111902$ & $-0.0856273$ & $6.62651e-05$ & $-0.0668868$ & $0.020749$ & $-0.0345569$ & $0.0161429$ & $-0.021417$ & $-0.0121806$ & $-0.0120382$ & $0.00459915$ & $-0.0278096$ & $0.0205494$ & $0.0348199$ & $0.0875686$ & $0.0225836$ & $-0.049832$ & $-0.0121522$ & $-0.0216357$ & $0.0220594$ & $0.131697$ & $0.038703$ & $0.266159$ & $-0.0813348$ & $-0.0659346$ & $-0.035331$ & $0.199978$ & $0.0633929$ & $0.21454$ & $0.00170582$ & $-0.0353898$ & $-0.196522$ & $0.0957429$ & $-0.108639$ & $-0.0321396$ & $-0.00375276$ & $0.358121$ \\
mtop & $0.155609$ & $0.0381121$ & $1$ & $-0.096167$ & $0.00434168$ & $0.0182021$ & $0.0202303$ & $0.0188368$ & $0.0230342$ & $-0.0125534$ & $-0.0213543$ & $-0.022274$ & $0.0103719$ & $0.0288021$ & $-0.00965229$ & $0.0449353$ & $-0.0038011$ & $0.0208448$ & $-0.0237711$ & $0.0285409$ & $0.0221693$ & $0.0235337$ & $0.00137725$ & $-0.00348485$ & $-0.010219$ & $-0.0128986$ & $-0.00316932$ & $0.0379951$ & $0.013845$ & $-0.0679271$ & $0.0240169$ & $-0.00115344$ & $-0.0642001$ & $0.0205609$ & $-0.0721541$ & $-0.00940237$ & $0.0616105$ & $0.1216$ & $-0.364007$ & $0.068504$ & $0.177558$ & $-0.00604087$ & $0.151828$ & $0.131319$ & $0.085416$ & $0.0817718$ & $0.272894$ & $-0.145339$ & $0.0743372$ \\
mHl & $-0.0489604$ & $-0.0338916$ & $-0.096167$ & $1$ & $0.0181709$ & $-0.00176107$ & $-0.00602675$ & $-0.036005$ & $-0.0464909$ & $0.040133$ & $0.0127395$ & $0.00886738$ & $0.0235481$ & $0.0357859$ & $0.0404603$ & $0.0213375$ & $0.039081$ & $0.0169146$ & $0.0306395$ & $-0.00783704$ & $-0.0202396$ & $-0.0270512$ & $-0.0216264$ & $0.0555337$ & $0.0116092$ & $0.000557093$ & $-0.0770868$ & $-0.00192007$ & $0.0602109$ & $-0.0100143$ & $-0.0454354$ & $-0.00930775$ & $0.081104$ & $-0.0674009$ & $-0.000151404$ & $-0.0144177$ & $0.323336$ & $0.00575252$ & $-0.00401327$ & $0.0244014$ & $0.127285$ & $-0.049801$ & $-0.245724$ & $-0.233276$ & $-0.100915$ & $0.0968373$ & $-0.102151$ & $0.323175$ & $0.188753$ \\
Mz & $0.0200832$ & $-0.0281445$ & $0.00434168$ & $0.0181709$ & $1$ & $-0.00659748$ & $0.0136872$ & $-0.0181529$ & $-0.0207217$ & $0.0123542$ & $-0.00346609$ & $-0.00635542$ & $0.0122546$ & $0.0593921$ & $0.0487238$ & $0.00566973$ & $0.0513059$ & $0.0220918$ & $0.0580471$ & $0.0128596$ & $0.00525226$ & $0.00901266$ & $0.025163$ & $0.0494894$ & $0.0443201$ & $-0.0386226$ & $-0.0229986$ & $0.00420963$ & $-0.00148046$ & $0.0239012$ & $0.00362234$ & $0.0195371$ & $0.00907454$ & $-0.0599535$ & $-0.0189798$ & $0.0192237$ & $0.0176558$ & $0.0026741$ & $-0.0335439$ & $0.00529395$ & $-0.0125321$ & $-0.025045$ & $-0.0376883$ & $0.0279207$ & $-0.00135403$ & $0.00297537$ & $0.0288579$ & $0.0447373$ & $-0.0500765$ \\
CW & $-0.0265455$ & $-0.0465163$ & $0.0182021$ & $-0.00176107$ & $-0.00659748$ & $1$ & $0.00595263$ & $-0.0818689$ & $-0.0801254$ & $-0.0244578$ & $0.15488$ & $0.0373649$ & $0.00419125$ & $0.0210045$ & $-0.103264$ & $-0.106707$ & $-0.290396$ & $-0.0601027$ & $-0.0532639$ & $-0.158855$ & $-0.152535$ & $-0.150032$ & $-0.00689219$ & $-0.0297318$ & $-0.103315$ & $0.0977499$ & $-0.0289739$ & $-0.047509$ & $0.0355515$ & $0.0243813$ & $0.0156618$ & $0.0181036$ & $0.0183979$ & $-0.0741722$ & $-0.00827572$ & $0.0380949$ & $-0.0635299$ & $-0.0230113$ & $-0.00510533$ & $-0.00556318$ & $-0.0592279$ & $-0.0383681$ & $-0.0306099$ & $0.0422528$ & $-0.0804874$ & $-0.0136785$ & $0.0183011$ & $0.0160307$ & $-0.0150011$ \\
CHG & $0.0273183$ & $-0.00744177$ & $0.0202303$ & $-0.00602675$ & $0.0136872$ & $0.00595263$ & $1$ & $-0.164499$ & $-0.11535$ & $0.120396$ & $0.110673$ & $-0.111255$ & $-0.323946$ & $0.057485$ & $-0.0366246$ & $-0.0664187$ & $0.118147$ & $0.130651$ & $0.155722$ & $-0.107763$ & $-0.112451$ & $-0.111252$ & $-0.0368139$ & $0.146384$ & $0.121598$ & $0.0935732$ & $-0.0694541$ & $-0.0915831$ & $0.0355433$ & $-0.138608$ & $-0.125509$ & $0.93583$ & $-0.192464$ & $-0.100862$ & $-0.070816$ & $0.0333988$ & $-0.0488857$ & $0.104617$ & $-0.0303908$ & $0.031497$ & $-0.0127232$ & $0.0220668$ & $0.0513004$ & $0.007866$ & $0.0176098$ & $-0.0328143$ & $-0.0403857$ & $-0.0470554$ & $-0.0494931$ \\
CHWB & $-0.0618638$ & $-0.0284517$ & $0.0188368$ & $-0.036005$ & $-0.0181529$ & $-0.0818689$ & $-0.164499$ & $1$ & $0.984568$ & $-0.581409$ & $-0.886471$ & $-0.126486$ & $0.380814$ & $0.107252$ & $0.29764$ & $0.273862$ & $-0.248497$ & $-0.435865$ & $-0.428574$ & $0.858713$ & $0.903515$ & $0.886417$ & $0.0471306$ & $-0.67787$ & $-0.389907$ & $-0.49975$ & $0.447471$ & $0.343031$ & $-0.00953183$ & $0.0991279$ & $0.11488$ & $-0.155629$ & $0.141184$ & $0.572123$ & $0.0151122$ & $0.0519809$ & $0.0048656$ & $-0.0103995$ & $-0.0083427$ & $-0.0277546$ & $0.0105028$ & $0.00509524$ & $-0.0130525$ & $0.0231159$ & $0.0476263$ & $0.0097513$ & $0.0290175$ & $-0.044033$ & $0.092392$ \\
CHWHB_gaga & $-0.0589162$ & $-0.0372758$ & $0.0230342$ & $-0.0464909$ & $-0.0207217$ & $-0.0801254$ & $-0.11535$ & $0.984568$ & $1$ & $-0.570814$ & $-0.871511$ & $-0.109546$ & $0.372603$ & $0.102908$ & $0.296389$ & $0.273708$ & $-0.247784$ & $-0.433183$ & $-0.427785$ & $0.844721$ & $0.887813$ & $0.870142$ & $0.0450814$ & $-0.668952$ & $-0.391218$ & $-0.492222$ & $0.432598$ & $0.329641$ & $-0.00173103$ & $0.118984$ & $0.118133$ & $-0.115823$ & $0.157629$ & $0.560284$ & $-0.00747804$ & $0.0500538$ & $0.00804063$ & $-0.00801118$ & $-0.0129486$ & $-0.0232062$ & $0.00938354$ & $0.0100531$ & $0.0362261$ & $0.013809$ & $0.053382$ & $-0.000563958$ & $0.0234656$ & $-0.0470423$ & $0.0818917$ \\
CHWHB_gagaorth & $0.0459101$ & $0.0287829$ & $-0.0125534$ & $0.040133$ & $0.0123542$ & $-0.0244578$ & $0.120396$ & $-0.581409$ & $-0.570814$ & $1$ & $0.375561$ & $0.490563$ & $-0.24544$ & $0.21379$ & $-0.130781$ & $-0.134866$ & $0.433273$ & $0.484957$ & $0.497073$ & $-0.362982$ & $-0.389891$ & $-0.387905$ & $-0.0251367$ & $0.551845$ & $0.460598$ & $0.186867$ & $-0.262486$ & $-0.174502$ & $0.000858442$ & $-0.114746$ & $-0.0831521$ & $0.118502$ & $-0.172615$ & $-0.359487$ & $0.0176636$ & $-0.0453292$ & $0.0318261$ & $0.0280386$ & $-0.0291123$ & $0.0215147$ & $0.0126456$ & $-0.00581299$ & $0.00484588$ & $-0.00329522$ & $-0.0114956$ & $-0.0230081$ & $-0.00267894$ & $0.0342183$ & $-0.0792111$ \\
CHD & $0.0656398$ & $0.0322103$ & $-0.0213543$ & $0.0127395$ & $-0.00346609$ & $0.15488$ & $0.110673$ & $-0.886471$ & $-0.871511$ & $0.375561$ & $1$ & $0.225535$ & $-0.21752$ & $-0.504983$ & $-0.41444$ & $-0.40144$ & $-0.191985$ & $0.0831685$ & $0.0836532$ & $-0.990596$ & $-0.991239$ & $-0.969698$ & $-0.00354734$ & $0.329535$ & $0.0204515$ & $0.563556$ & $-0.3225$ & $-0.366998$ & $0.0319734$ & $-0.0364604$ & $-0.0833693$ & $0.121545$ & $-0.0530442$ & $-0.386896$ & $0.010772$ & $-0.0346243$ & $-0.03732$ & $-0.00605821$ & $0.0582837$ & $0.0127375$ & $-0.032081$ & $0.00372592$ & $0.00327303$ & $-0.00883118$ & $-0.0542842$ & $-0.0135002$ & $-0.0336046$ & $0.0253042$ & $-0.0337071$ \\
CHbox & $0.032781$ & $0.0563612$ & $-0.022274$ & $0.00886738$ & $-0.00635542$ & $0.0373649$ & $-0.111255$ & $-0.126486$ & $-0.109546$ & $0.490563$ & $0.225535$ & $1$ & $0.376651$ & $-0.267336$ & $-0.0254602$ & $-0.0417427$ & $-0.204918$ & $-0.168539$ & $-0.157007$ & $-0.209965$ & $-0.226791$ & $-0.219076$ & $0.0101523$ & $-0.0412508$ & $-0.175213$ & $0.108985$ & $-0.0962852$ & $-0.0898539$ & $0.0459251$ & $0.317795$ & $0.0833509$ & $-0.0226289$ & $0.366324$ & $-0.0845397$ & $0.0820884$ & $0.00906079$ & $-0.00445357$ & $-0.010372$ & $0.0429507$ & $-0.00574937$ & $-0.0206524$ & $0.0042816$ & $-0.0112789$ & $0.00883033$ & $0.0154269$ & $-0.0398321$ & $-0.027139$ & $0.029772$ & $0.0327232$ \\
CH & $-0.0517358$ & $-0.0111902$ & $0.0103719$ & $0.0235481$ & $0.0122546$ & $0.00419125$ & $-0.323946$ & $0.380814$ & $0.372603$ & $-0.24544$ & $-0.21752$ & $0.376651$ & $1$ & $-0.208169$ & $0.101236$ & $0.0919323$ & $-0.343305$ & $-0.382221$ & $-0.380713$ & $0.214818$ & $0.226818$ & $0.226969$ & $0.00436249$ & $-0.383905$ & $-0.366062$ & $-0.109239$ & $0.147418$ & $0.110094$ & $0.048193$ & $0.277531$ & $0.145326$ & $-0.271488$ & $0.38431$ & $0.221448$ & $0.0418501$ & $0.034767$ & $0.00243952$ & $-0.035417$ & $0.00654736$ & $-0.0161913$ & $-0.0122365$ & $-0.0322496$ & $-0.0424722$ & $0.0142929$ & $0.0314874$ & $-0.00453788$ & $0.000924592$ & $0.00497911$ & $0.0941987$ \\
CHL1_11 & $-0.0511386$ & $-0.0856273$ & $0.0288021$ & $0.0357859$ & $0.0593921$ & $0.0210045$ & $0.057485$ & $0.107252$ & $0.102908$ & $0.21379$ & $-0.504983$ & $-0.267336$ & $-0.208169$ & $1$ & $0.256754$ & $0.264131$ & $0.635298$ & $0.587698$ & $0.582028$ & $0.521149$ & $0.465279$ & $0.449164$ & $-0.0742173$ & $0.449397$ & $0.595427$ & $-0.281846$ & $-0.0820752$ & $0.153258$ & $-0.037028$ & $-0.0938202$ & $-0.0155308$ & $0.0166817$ & $-0.139259$ & $-0.198081$ & $-0.0796433$ & $-0.0100074$ & $0.0657209$ & $0.0451068$ & $-0.150686$ & $0.0306911$ & $0.0191938$ & $-0.0124853$ & $-0.00759885$ & $0.0086067$ & $-0.000968631$ & $0.00785213$ & $0.0301764$ & $0.0291167$ & $-0.109941$ \\
CHL1_22 & $-0.0302331$ & $6.62651e-05$ & $-0.00965229$ & $0.0404603$ & $0.0487238$ & $-0.103264$ & $-0.0366246$ & $0.29764$ & $0.296389$ & $-0.130781$ & $-0.41444$ & $-0.0254602$ & $0.101236$ & $0.256754$ & $1$ & $0.450482$ & $0.154167$ & $-0.461046$ & $-0.0569797$ & $0.48067$ & $0.330729$ & $0.318956$ & $-0.173082$ & $0.105555$ & $-0.133259$ & $-0.209042$ & $-0.373573$ & $0.121859$ & $-0.0172466$ & $0.0363548$ & $0.0168875$ & $-0.0449246$ & $0.0193246$ & $-0.581466$ & $-0.0207744$ & $-0.0160879$ & $0.0133283$ & $-0.0201837$ & $-0.0242394$ & $-0.01192$ & $-0.0127427$ & $0.0253335$ & $0.00368026$ & $0.0473469$ & $0.0420078$ & $0.0056983$ & $-0.073512$ & $0.0436688$ & $-0.0294644$ \\
CHL1_33 & $-0.0450055$ & $-0.0668868$ & $0.0449353$ & $0.0213375$ & $0.00566973$ & $-0.106707$ & $-0.0664187$ & $0.273862$ & $0.273708$ & $-0.134866$ & $-0.40144$ & $-0.0417427$ & $0.0919323$ & $0.264131$ & $0.450482$ & $1$ & $0.18233$ & $-0.016107$ & $-0.443698$ & $0.467587$ & $0.317465$ & $0.336801$ & $-0.157815$ & $0.127704$ & $-0.10429$ & $-0.206031$ & $-0.382552$ & $0.124692$ & $-0.0481464$ & $0.0475943$ & $-0.0171053$ & $-0.0705888$ & $0.00955312$ & $-0.112954$ & $-0.0391339$ & $0.00136649$ & $0.027071$ & $-0.0437971$ & $-0.0166015$ & $-0.0383001$ & $0.0043635$ & $0.0018861$ & $0.0936389$ & $0.0421923$ & $0.0328286$ & $0.0430795$ & $-0.0829978$ & $0.000226102$ & $-0.0294787$ \\
CHL3_11 & $-0.00802731$ & $0.020749$ & $-0.0038011$ & $0.039081$ & $0.0513059$ & $-0.290396$ & $0.118147$ & $-0.248497$ & $-0.247784$ & $0.433273$ & $-0.191985$ & $-0.204918$ & $-0.343305$ & $0.635298$ & $0.154167$ & $0.18233$ & $1$ & $0.730038$ & $0.712723$ & $0.214922$ & $0.159169$ & $0.151152$ & $-0.0394712$ & $0.671121$ & $0.781657$ & $-0.120727$ & $-0.156859$ & $0.0426889$ & $-0.0466522$ & $-0.135343$ & $-0.0697951$ & $0.0793218$ & $-0.176906$ & $-0.245521$ & $-0.0272751$ & $-0.0443042$ & $0.063469$ & $0.0286211$ & $-0.069366$ & $0.0297079$ & $0.0603604$ & $-0.0189523$ & $0.0250477$ & $-0.0500718$ & $0.0299926$ & $0.00930734$ & $0.0230558$ & $0.017907$ & $-0.09669$ \\
CHL3_22 & $0.000367374$ & $-0.0345569$ & $0.0208448$ & $0.0169146$ & $0.0220918$ & $-0.0601027$ & $0.130651$ & $-0.435865$ & $-0.433183$ & $0.484957$ & $0.0831685$ & $-0.168539$ & $-0.382221$ & $0.587698$ & $-0.461046$ & $-0.016107$ & $0.730038$ & $1$ & $0.667387$ & $-0.086917$ & $-0.0782407$ & $-0.0757554$ & $0.0284663$ & $0.612182$ & $0.789997$ & $0.0285803$ & $-0.0164707$ & $-0.0448383$ & $-0.0323856$ & $-0.141324$ & $-0.0740387$ & $0.0982698$ & $-0.18546$ & $0.0344915$ & $-0.0449712$ & $-0.0224447$ & $0.0537557$ & $0.0455267$ & $-0.0870906$ & $0.0343963$ & $0.0436849$ & $-0.0331568$ & $0.0230917$ & $-0.0509703$ & $-0.0179215$ & $0.009808$ & $0.0574784$ & $0.00300832$ & $-0.102582$ \\
CHL3_33 & $0.0165202$ & $0.0161429$ & $-0.0237711$ & $0.0306395$ & $0.0580471$ & $-0.0532639$ & $0.155722$ & $-0.428574$ & $-0.427785$ & $0.497073$ & $0.0836532$ & $-0.157007$ & $-0.380713$ & $0.582028$ & $-0.0569797$ & $-0.443698$ & $0.712723$ & $0.667387$ & $1$ & $-0.0896328$ & $-0.0745529$ & $-0.0758902$ & $0.0201193$ & $0.595318$ & $0.782416$ & $0.0342227$ & $0.00456286$ & $-0.0467964$ & $-0.00500036$ & $-0.153421$ & $-0.0472127$ & $0.121272$ & $-0.178008$ & $-0.323333$ & $-0.0283673$ & $-0.0303357$ & $0.0434102$ & $0.0644333$ & $-0.0948879$ & $0.0515569$ & $0.0326311$ & $-0.016144$ & $-0.0511881$ & $-0.0475173$ & $-0.0146951$ & $-0.0215345$ & $0.0712869$ & $0.0348053$ & $-0.0968093$ \\
CHe_11 & $-0.066$ & $-0.021417$ & $0.0285409$ & $-0.00783704$ & $0.0128596$ & $-0.158855$ & $-0.107763$ & $0.858713$ & $0.844721$ & $-0.362982$ & $-0.990596$ & $-0.209965$ & $0.214818$ & $0.521149$ & $0.48067$ & $0.467587$ & $0.214922$ & $-0.086917$ & $-0.0896328$ & $1$ & $0.972492$ & $0.951858$ & $-0.0210693$ & $-0.275003$ & $-0.0160624$ & $-0.555232$ & $0.247513$ & $0.359596$ & $-0.0338259$ & $0.0379203$ & $0.0795869$ & $-0.117559$ & $0.0511434$ & $0.30823$ & $-0.0116761$ & $0.0332773$ & $0.0385449$ & $0.00499221$ & $-0.0592925$ & $-0.0162223$ & $0.0317213$ & $-0.00293464$ & $0.00439948$ & $0.0115164$ & $0.0590759$ & $0.0174882$ & $0.0258541$ & $-0.0206162$ & $0.030097$ \\
CHe_22 & $-0.0635343$ & $-0.0121806$ & $0.0221693$ & $-0.0202396$ & $0.00525226$ & $-0.152535$ & $-0.112451$ & $0.903515$ & $0.887813$ & $-0.389891$ & $-0.991239$ & $-0.226791$ & $0.226818$ & $0.465279$ & $0.330729$ & $0.317465$ & $0.159169$ & $-0.0782407$ & $-0.0745529$ & $0.972492$ & $1$ & $0.974902$ & $0.0303418$ & $-0.386079$ & $-0.0261501$ & $-0.562105$ & $0.403644$ & $0.369862$ & $-0.0281041$ & $0.0365329$ & $0.0903189$ & $-0.120822$ & $0.0623157$ & $0.472162$ & $-0.000637847$ & $0.0367586$ & $0.0328646$ & $0.00825928$ & $-0.0513912$ & $-0.0107798$ & $0.0363996$ & $-0.00435883$ & $-0.0111745$ & $0.00055953$ & $0.0545315$ & $0.00906244$ & $0.0468765$ & $-0.0330756$ & $0.0504032$ \\
CHe_33 & $-0.0599369$ & $-0.0120382$ & $0.0235337$ & $-0.0270512$ & $0.00901266$ & $-0.150032$ & $-0.111252$ & $0.886417$ & $0.870142$ & $-0.387905$ & $-0.969698$ & $-0.219076$ & $0.226969$ & $0.449164$ & $0.318956$ & $0.336801$ & $0.151152$ & $-0.0757554$ & $-0.0758902$ & $0.951858$ & $0.974902$ & $1$ & $0.030831$ & $-0.385027$ & $-0.0286732$ & $-0.550027$ & $0.39504$ & $0.362392$ & $-0.0273401$ & $0.043021$ & $0.0886481$ & $-0.117389$ & $0.0662643$ & $0.470656$ & $0.0018743$ & $0.0407396$ & $0.0310008$ & $0.00832195$ & $-0.051723$ & $-0.0138479$ & $0.0354763$ & $-0.00930604$ & $-0.00550681$ & $0.00360733$ & $0.0490638$ & $0.00775132$ & $0.0512522$ & $-0.0397656$ & $0.0542839$ \\
CHQ1_11 & $-0.0251312$ & $0.00459915$ & $0.00137725$ & $-0.0216264$ & $0.025163$ & $-0.00689219$ & $-0.0368139$ & $0.0471306$ & $0.0450814$ & $-0.0251367$ & $-0.00354734$ & $0.0101523$ & $0.00436249$ & $-0.0742173$ & $-0.173082$ & $-0.157815$ & $-0.0394712$ & $0.0284663$ & $0.0201193$ & $-0.0210693$ & $0.0303418$ & $0.030831$ & $1$ & $-0.116097$ & $0.0992881$ & $-0.66979$ & $0.324768$ & $0.0344769$ & $0.0119639$ & $0.0475326$ & $0.0216076$ & $-0.0237146$ & $0.0600181$ & $0.193901$ & $0.0380239$ & $-0.0281551$ & $-0.0071773$ & $-0.00337514$ & $0.000839402$ & $0.0207567$ & $-0.012877$ & $-0.0181567$ & $-0.0356179$ & $-0.00339788$ & $-0.0245389$ & $-0.00813338$ & $0.0360396$ & $0.00829422$ & $0.0705728$ \\
CHQ1_33 & $-0.0214316$ & $-0.0278096$ & $-0.00348485$ & $0.0555337$ & $0.0494894$ & $-0.0297318$ & $0.146384$ & $-0.67787$ & $-0.668952$ & $0.551845$ & $0.329535$ & $-0.0412508$ & $-0.383905$ & $0.449397$ & $0.105555$ & $0.127704$ & $0.671121$ & $0.612182$ & $0.595318$ & $-0.275003$ & $-0.386079$ & $-0.385027$ & $-0.116097$ & $1$ & $0.623169$ & $0.191737$ & $-0.445862$ & $-0.0618618$ & $-0.031364$ & $-0.116972$ & $-0.0955262$ & $0.118554$ & $-0.177026$ & $-0.638868$ & $-0.0493491$ & $-0.0645685$ & $0.0476447$ & $0.0203713$ & $-0.0656238$ & $0.0277945$ & $-0.00310521$ & $-0.0253753$ & $0.0176495$ & $-0.0132874$ & $-0.0318535$ & $0.00953387$ & $-0.0379303$ & $0.0420069$ & $-0.138878$ \\
CHQ3_11 & $-0.06245$ & $0.0205494$ & $-0.010219$ & $0.0116092$ & $0.0443201$ & $-0.103315$ & $0.121598$ & $-0.389907$ & $-0.391218$ & $0.460598$ & $0.0204515$ & $-0.175213$ & $-0.366062$ & $0.595427$ & $-0.133259$ & $-0.10429$ & $0.781657$ & $0.789997$ & $0.782416$ & $-0.0160624$ & $-0.0261501$ & $-0.0286732$ & $0.0992881$ & $0.623169$ & $1$ & $0.00394604$ & $0.203383$ & $-0.0232555$ & $-0.00481598$ & $-0.135405$ & $-0.039358$ & $0.0915561$ & $-0.147872$ & $-0.190576$ & $-0.0396176$ & $-0.0552099$ & $0.0183985$ & $0.0191594$ & $-0.077634$ & $0.034314$ & $0.0511718$ & $-0.0209076$ & $-0.0529068$ & $-0.0703033$ & $-0.00573217$ & $-0.0247846$ & $0.0906359$ & $0.0155371$ & $-0.0463766$ \\
CHu_11 & $0.0264362$ & $0.0348199$ & $-0.0128986$ & $0.000557093$ & $-0.0386226$ & $0.0977499$ & $0.0935732$ & $-0.49975$ & $-0.492222$ & $0.186867$ & $0.563556$ & $0.108985$ & $-0.109239$ & $-0.281846$ & $-0.209042$ & $-0.206031$ & $-0.120727$ & $0.0285803$ & $0.0342227$ & $-0.555232$ & $-0.562105$ & $-0.550027$ & $-0.66979$ & $0.191737$ & $0.00394604$ & $1$ & $-0.168744$ & $-0.224776$ & $0.0442319$ & $-0.0466357$ & $-0.0383944$ & $0.0926562$ & $-0.0409938$ & $-0.243257$ & $-0.0164881$ & $-0.00969085$ & $-0.032962$ & $0.00426588$ & $0.0552432$ & $-0.0034742$ & $-0.00357711$ & $0.00760077$ & $-0.0121792$ & $-0.0136142$ & $-0.00150336$ & $-0.0239176$ & $0.00932382$ & $-0.00630206$ & $-0.0303884$ \\
CHd_11 & $-0.0190933$ & $0.0875686$ & $-0.00316932$ & $-0.0770868$ & $-0.0229986$ & $-0.0289739$ & $-0.0694541$ & $0.447471$ & $0.432598$ & $-0.262486$ & $-0.3225$ & $-0.0962852$ & $0.147418$ & $-0.0820752$ & $-0.373573$ & $-0.382552$ & $-0.156859$ & $-0.0164707$ & $0.00456286$ & $0.247513$ & $0.403644$ & $0.39504$ & $0.324768$ & $-0.445862$ & $0.203383$ & $-0.168744$ & $1$ & $0.145534$ & $0.0415576$ & $0.0236631$ & $0.100644$ & $-0.057891$ & $0.10894$ & $0.692183$ & $0.0368681$ & $-0.00390763$ & $-0.0355438$ & $-0.00847072$ & $0.0109805$ & $0.00973961$ & $0.0513414$ & $-0.0185591$ & $-0.102707$ & $-0.0638829$ & $0.00808324$ & $-0.0567618$ & $0.140317$ & $-0.0522737$ & $0.153261$ \\
CHd_33 & $-0.0241558$ & $0.0225836$ & $0.0379951$ & $-0.00192007$ & $0.00420963$ & $-0.047509$ & $-0.0915831$ & $0.343031$ & $0.329641$ & $-0.174502$ & $-0.366998$ & $-0.0898539$ & $0.110094$ & $0.153258$ & $0.121859$ & $0.124692$ & $0.0426889$ & $-0.0448383$ & $-0.0467964$ & $0.359596$ & $0.369862$ & $0.362392$ & $0.0344769$ & $-0.0618618$ & $-0.0232555$ & $-0.224776$ & $0.145534$ & $1$ & $-0.0301882$ & $0.0233447$ & $0.0484754$ & $-0.0831773$ & $0.0434018$ & $0.185253$ & $0.00702566$ & $0.0501921$ & $0.045067$ & $0.000453989$ & $-0.011266$ & $-0.0349049$ & $0.0543761$ & $-0.0469008$ & $-0.0424561$ & $-0.038791$ & $-0.0159723$ & $-0.00416874$ & $0.0438326$ & $-0.0124529$ & $0.0439576$ \\
CeH_22r & $-0.00512598$ & $-0.049832$ & $0.013845$ & $0.0602109$ & $-0.00148046$ & $0.0355515$ & $0.0355433$ & $-0.00953183$ & $-0.00173103$ & $0.000858442$ & $0.0319734$ & $0.0459251$ & $0.048193$ & $-0.037028$ & $-0.0172466$ & $-0.0481464$ & $-0.0466522$ & $-0.0323856$ & $-0.00500036$ & $-0.0338259$ & $-0.0281041$ & $-0.0273401$ & $0.0119639$ & $-0.031364$ & $-0.00481598$ & $0.0442319$ & $0.0415576$ & $-0.0301882$ & $1$ & $0.0597889$ & $0.0352383$ & $0.022853$ & $0.0625877$ & $-0.00234738$ & $-0.0547791$ & $0.00636081$ & $-0.0304912$ & $-0.0296026$ & $-0.0330725$ & $-0.00417555$ & $-0.00265747$ & $-0.0203531$ & $-0.00903519$ & $-0.0136126$ & $-0.0583227$ & $-0.0366317$ & $0.0550193$ & $0.0111103$ & $0.000977943$ \\
CeH_33r & $-0.0684294$ & $-0.0121522$ & $-0.0679271$ & $-0.0100143$ & $0.0239012$ & $0.0243813$ & $-0.138608$ & $0.0991279$ & $0.118984$ & $-0.114746$ & $-0.0364604$ & $0.317795$ & $0.277531$ & $-0.0938202$ & $0.0363548$ & $0.0475943$ & $-0.135343$ & $-0.141324$ & $-0.153421$ & $0.0379203$ & $0.0365329$ & $0.043021$ & $0.0475326$ & $-0.116972$ & $-0.135405$ & $-0.0466357$ & $0.0236631$ & $0.0233447$ & $0.0597889$ & $1$ & $0.328177$ & $0.0142573$ & $0.699515$ & $0.0484827$ & $-0.0401329$ & $0.0276663$ & $-0.101443$ & $-0.0412022$ & $-0.0131791$ & $0.000742669$ & $-0.0429826$ & $0.0221404$ & $-0.0577954$ & $0.0119046$ & $0.0466013$ & $-0.06103$ & $-0.0389635$ & $0.0285434$ & $0.0560111$ \\
CuH_22r & $-0.0688426$ & $-0.0216357$ & $0.0240169$ & $-0.0454354$ & $0.00362234$ & $0.0156618$ & $-0.125509$ & $0.11488$ & $0.118133$ & $-0.0831521$ & $-0.0833693$ & $0.0833509$ & $0.145326$ & $-0.0155308$ & $0.0168875$ & $-0.0171053$ & $-0.0697951$ & $-0.0740387$ & $-0.0472127$ & $0.0795869$ & $0.0903189$ & $0.0886481$ & $0.0216076$ & $-0.0955262$ & $-0.039358$ & $-0.0383944$ & $0.100644$ & $0.0484754$ & $0.0352383$ & $0.328177$ & $1$ & $-0.0288216$ & $0.362358$ & $0.0721232$ & $-0.0355716$ & $0.0313779$ & $-0.0976963$ & $-0.0413117$ & $0.0751822$ & $0.0248232$ & $0.0749852$ & $0.00141447$ & $-0.0838923$ & $-0.013049$ & $-0.0471467$ & $-0.0305316$ & $0.299794$ & $-0.0593019$ & $-0.0445619$ \\
CuH_33r & $0.0123079$ & $0.0220594$ & $-0.00115344$ & $-0.00930775$ & $0.0195371$ & $0.0181036$ & $0.93583$ & $-0.155629$ & $-0.115823$ & $0.118502$ & $0.121545$ & $-0.0226289$ & $-0.271488$ & $0.0166817$ & $-0.0449246$ & $-0.0705888$ & $0.0793218$ & $0.0982698$ & $0.121272$ & $-0.117559$ & $-0.120822$ & $-0.117389$ & $-0.0237146$ & $0.118554$ & $0.0915561$ & $0.0926562$ & $-0.057891$ & $-0.0831773$ & $0.022853$ & $0.0142573$ & $-0.0288216$ & $1$ & $0.00366671$ & $-0.0857601$ & $-0.00910266$ & $0.0439996$ & $-0.0861254$ & $0.0868249$ & $0.000554634$ & $0.022234$ & $-0.0207175$ & $0.0224748$ & $0.035972$ & $0.00396478$ & $0.0142607$ & $-0.0497416$ & $-0.0461637$ & $-0.0476575$ & $-0.0205939$ \\
CdH_33r & $-0.0747804$ & $0.131697$ & $-0.0642001$ & $0.081104$ & $0.00907454$ & $0.0183979$ & $-0.192464$ & $0.141184$ & $0.157629$ & $-0.172615$ & $-0.0530442$ & $0.366324$ & $0.38431$ & $-0.139259$ & $0.0193246$ & $0.00955312$ & $-0.176906$ & $-0.18546$ & $-0.178008$ & $0.0511434$ & $0.0623157$ & $0.0662643$ & $0.0600181$ & $-0.177026$ & $-0.147872$ & $-0.0409938$ & $0.10894$ & $0.0434018$ & $0.0625877$ & $0.699515$ & $0.362358$ & $0.00366671$ & $1$ & $0.104739$ & $0.0644416$ & $-0.00326005$ & $-0.133913$ & $-0.0583344$ & $0.0590717$ & $-0.0343139$ & $-0.00709148$ & $0.0403686$ & $-0.0837062$ & $-0.0306606$ & $0.0748043$ & $-0.0781018$ & $-0.09373$ & $0.090142$ & $0.354173$ \\
CLL_1221 & $-0.012166$ & $0.038703$ & $0.0205609$ & $-0.0674009$ & $-0.0599535$ & $-0.0741722$ & $-0.100862$ & $0.572123$ & $0.560284$ & $-0.359487$ & $-0.386896$ & $-0.0845397$ & $0.221448$ & $-0.198081$ & $-0.581466$ & $-0.112954$ & $-0.245521$ & $0.0344915$ & $-0.323333$ & $0.30823$ & $0.472162$ & $0.470656$ & $0.193901$ & $-0.638868$ & $-0.190576$ & $-0.243257$ & $0.692183$ & $0.185253$ & $-0.00234738$ & $0.0484827$ & $0.0721232$ & $-0.0857601$ & $0.104739$ & $1$ & $0.0524335$ & $0.0447798$ & $-0.00860106$ & $0.000617893$ & $0.0388564$ & $-0.0116976$ & $0.0410119$ & $-0.0168333$ & $-0.00422825$ & $-0.0397188$ & $0.0209098$ & $0.00177256$ & $0.0817743$ & $-0.0826288$ & $0.124375$ \\
eHggint & $-0.0443149$ & $0.266159$ & $-0.0721541$ & $-0.000151404$ & $-0.0189798$ & $-0.00827572$ & $-0.070816$ & $0.0151122$ & $-0.00747804$ & $0.0176636$ & $0.010772$ & $0.0820884$ & $0.0418501$ & $-0.0796433$ & $-0.0207744$ & $-0.0391339$ & $-0.0272751$ & $-0.0449712$ & $-0.0283673$ & $-0.0116761$ & $-0.000637847$ & $0.0018743$ & $0.0380239$ & $-0.0493491$ & $-0.0396176$ & $-0.0164881$ & $0.0368681$ & $0.00702566$ & $-0.0547791$ & $-0.0401329$ & $-0.0355716$ & $-0.00910266$ & $0.0644416$ & $0.0524335$ & $1$ & $-0.292417$ & $-0.0456531$ & $0.0111445$ & $0.240389$ & $-0.0470177$ & $0.0107857$ & $-0.0176832$ & $-0.0151029$ & $0.106985$ & $-0.0651057$ & $-0.00686135$ & $-0.00176157$ & $0.0354047$ & $0.316463$ \\
eHggpar & $-0.0177065$ & $-0.0813348$ & $-0.00940237$ & $-0.0144177$ & $0.0192237$ & $0.0380949$ & $0.0333988$ & $0.0519809$ & $0.0500538$ & $-0.0453292$ & $-0.0346243$ & $0.00906079$ & $0.034767$ & $-0.0100074$ & $-0.0160879$ & $0.00136649$ & $-0.0443042$ & $-0.0224447$ & $-0.0303357$ & $0.0332773$ & $0.0367586$ & $0.0407396$ & $-0.0281551$ & $-0.0645685$ & $-0.0552099$ & $-0.00969085$ & $-0.00390763$ & $0.0501921$ & $0.00636081$ & $0.0276663$ & $0.0313779$ & $0.0439996$ & $-0.00326005$ & $0.0447798$ & $-0.292417$ & $1$ & $0.0353759$ & $0.0238434$ & $-0.0313439$ & $-0.0813944$ & $-0.104413$ & $0.0214361$ & $0.00737726$ & $-0.120546$ & $0.17995$ & $0.284341$ & $0.030389$ & $-0.0872689$ & $-0.0110672$ \\
eHWWint & $0.105969$ & $-0.0659346$ & $0.0616105$ & $0.323336$ & $0.0176558$ & $-0.0635299$ & $-0.0488857$ & $0.0048656$ & $0.00804063$ & $0.0318261$ & $-0.03732$ & $-0.00445357$ & $0.00243952$ & $0.0657209$ & $0.0133283$ & $0.027071$ & $0.063469$ & $0.0537557$ & $0.0434102$ & $0.0385449$ & $0.0328646$ & $0.0310008$ & $-0.0071773$ & $0.0476447$ & $0.0183985$ & $-0.032962$ & $-0.0355438$ & $0.045067$ & $-0.0304912$ & $-0.101443$ & $-0.0976963$ & $-0.0861254$ & $-0.133913$ & $-0.00860106$ & $-0.0456531$ & $0.0353759$ & $1$ & $0.0182016$ & $-0.122362$ & $-0.0277894$ & $0.0157757$ & $-0.049613$ & $0.116364$ & $-0.136301$ & $0.226378$ & $0.192883$ & $-0.067762$ & $0.0651763$ & $0.000461339$ \\
eHWWpar & $0.00720852$ & $-0.035331$ & $0.1216$ & $0.00575252$ & $0.0026741$ & $-0.0230113$ & $0.104617$ & $-0.0103995$ & $-0.00801118$ & $0.0280386$ & $-0.00605821$ & $-0.010372$ & $-0.035417$ & $0.0451068$ & $-0.0201837$ & $-0.0437971$ & $0.0286211$ & $0.0455267$ & $0.0644333$ & $0.00499221$ & $0.00825928$ & $0.00832195$ & $-0.00337514$ & $0.0203713$ & $0.0191594$ & $0.00426588$ & $-0.00847072$ & $0.000453989$ & $-0.0296026$ & $-0.0412022$ & $-0.0413117$ & $0.0868249$ & $-0.0583344$ & $0.000617893$ & $0.0111445$ & $0.0238434$ & $0.0182016$ & $1$ & $-0.0992087$ & $0.0542964$ & $-0.0224727$ & $-0.0502139$ & $0.0387096$ & $-0.0100632$ & $0.0145914$ & $0.0275674$ & $0.043792$ & $0.0350547$ & $-0.0363071$ \\
eHZZint & $-0.138681$ & $0.199978$ & $-0.364007$ & $-0.00401327$ & $-0.0335439$ & $-0.00510533$ & $-0.0303908$ & $-0.0083427$ & $-0.0129486$ & $-0.0291123$ & $0.0582837$ & $0.0429507$ & $0.00654736$ & $-0.150686$ & $-0.0242394$ & $-0.0166015$ & $-0.069366$ & $-0.0870906$ & $-0.0948879$ & $-0.0592925$ & $-0.0513912$ & $-0.051723$ & $0.000839402$ & $-0.0656238$ & $-0.077634$ & $0.0552432$ & $0.0109805$ & $-0.011266$ & $-0.0330725$ & $-0.0131791$ & $0.0751822$ & $0.000554634$ & $0.0590717$ & $0.0388564$ & $0.240389$ & $-0.0313439$ & $-0.122362$ & $-0.0992087$ & $1$ & $-0.0241819$ & $0.020653$ & $-0.0233874$ & $-0.0185348$ & $-0.151626$ & $-0.132032$ & $0.111581$ & $0.0296505$ & $-0.0829851$ & $0.129846$ \\
eHZZpar & $0.0720237$ & $0.0633929$ & $0.068504$ & $0.0244014$ & $0.00529395$ & $-0.00556318$ & $0.031497$ & $-0.0277546$ & $-0.0232062$ & $0.0215147$ & $0.0127375$ & $-0.00574937$ & $-0.0161913$ & $0.0306911$ & $-0.01192$ & $-0.0383001$ & $0.0297079$ & $0.0343963$ & $0.0515569$ & $-0.0162223$ & $-0.0107798$ & $-0.0138479$ & $0.0207567$ & $0.0277945$ & $0.034314$ & $-0.0034742$ & $0.00973961$ & $-0.0349049$ & $-0.00417555$ & $0.000742669$ & $0.0248232$ & $0.022234$ & $-0.0343139$ & $-0.0116976$ & $-0.0470177$ & $-0.0813944$ & $-0.0277894$ & $0.0542964$ & $-0.0241819$ & $1$ & $0.103255$ & $-0.0394752$ & $-0.0130211$ & $0.0112686$ & $0.0440637$ & $-0.0151836$ & $0.00483289$ & $-0.062174$ & $-0.0913347$ \\
eHZgaint & $0.217293$ & $0.21454$ & $0.177558$ & $0.127285$ & $-0.0125321$ & $-0.0592279$ & $-0.0127232$ & $0.0105028$ & $0.00938354$ & $0.0126456$ & $-0.032081$ & $-0.0206524$ & $-0.0122365$ & $0.0191938$ & $-0.0127427$ & $0.0043635$ & $0.0603604$ & $0.0436849$ & $0.0326311$ & $0.0317213$ & $0.0363996$ & $0.0354763$ & $-0.012877$ & $-0.00310521$ & $0.0511718$ & $-0.00357711$ & $0.0513414$ & $0.0543761$ & $-0.00265747$ & $-0.0429826$ & $0.0749852$ & $-0.0207175$ & $-0.00709148$ & $0.0410119$ & $0.0107857$ & $-0.104413$ & $0.0157757$ & $-0.0224727$ & $0.020653$ & $0.103255$ & $1$ & $-0.0662264$ & $0.0404746$ & $-0.457313$ & $-0.0569652$ & $-0.176052$ & $0.309475$ & $-0.0615747$ & $0.088172$ \\
eHZgapar & $-0.043412$ & $0.00170582$ & $-0.00604087$ & $-0.049801$ & $-0.025045$ & $-0.0383681$ & $0.0220668$ & $0.00509524$ & $0.0100531$ & $-0.00581299$ & $0.00372592$ & $0.0042816$ & $-0.0322496$ & $-0.0124853$ & $0.0253335$ & $0.0018861$ & $-0.0189523$ & $-0.0331568$ & $-0.016144$ & $-0.00293464$ & $-0.00435883$ & $-0.00930604$ & $-0.0181567$ & $-0.0253753$ & $-0.0209076$ & $0.00760077$ & $-0.0185591$ & $-0.0469008$ & $-0.0203531$ & $0.0221404$ & $0.00141447$ & $0.0224748$ & $0.0403686$ & $-0.0168333$ & $-0.0176832$ & $0.0214361$ & $-0.049613$ & $-0.0502139$ & $-0.0233874$ & $-0.0394752$ & $-0.0662264$ & $1$ & $0.035793$ & $0.063064$ & $-0.0350849$ & $0.0146787$ & $-0.063754$ & $0.00464018$ & $0.0577227$ \\
eHgagaint & $0.156797$ & $-0.0353898$ & $0.151828$ & $-0.245724$ & $-0.0376883$ & $-0.0306099$ & $0.0513004$ & $-0.0130525$ & $0.0362261$ & $0.00484588$ & $0.00327303$ & $-0.0112789$ & $-0.0424722$ & $-0.00759885$ & $0.00368026$ & $0.0936389$ & $0.0250477$ & $0.0230917$ & $-0.0511881$ & $0.00439948$ & $-0.0111745$ & $-0.00550681$ & $-0.0356179$ & $0.0176495$ & $-0.0529068$ & $-0.0121792$ & $-0.102707$ & $-0.0424561$ & $-0.00903519$ & $-0.0577954$ & $-0.0838923$ & $0.035972$ & $-0.0837062$ & $-0.00422825$ & $-0.0151029$ & $0.00737726$ & $0.116364$ & $0.0387096$ & $-0.0185348$ & $-0.0130211$ & $0.0404746$ & $0.035793$ & $1$ & $-0.172974$ & $0.0776536$ & $-0.109009$ & $0.0388755$ & $-0.0743754$ & $-0.0282875$ \\
eHmumuint & $-0.0316639$ & $-0.196522$ & $0.131319$ & $-0.233276$ & $0.0279207$ & $0.0422528$ & $0.007866$ & $0.0231159$ & $0.013809$ & $-0.00329522$ & $-0.00883118$ & $0.00883033$ & $0.0142929$ & $0.0086067$ & $0.0473469$ & $0.0421923$ & $-0.0500718$ & $-0.0509703$ & $-0.0475173$ & $0.0115164$ & $0.00055953$ & $0.00360733$ & $-0.00339788$ & $-0.0132874$ & $-0.0703033$ & $-0.0136142$ & $-0.0638829$ & $-0.038791$ & $-0.0136126$ & $0.0119046$ & $-0.013049$ & $0.00396478$ & $-0.0306606$ & $-0.0397188$ & $0.106985$ & $-0.120546$ & $-0.136301$ & $-0.0100632$ & $-0.151626$ & $0.0112686$ & $-0.457313$ & $0.063064$ & $-0.172974$ & $1$ & $0.0624658$ & $0.153813$ & $-0.105099$ & $-0.215488$ & $0.0583356$ \\
eHtautauint & $-0.0209702$ & $0.0957429$ & $0.085416$ & $-0.100915$ & $-0.00135403$ & $-0.0804874$ & $0.0176098$ & $0.0476263$ & $0.053382$ & $-0.0114956$ & $-0.0542842$ & $0.0154269$ & $0.0314874$ & $-0.000968631$ & $0.0420078$ & $0.0328286$ & $0.0299926$ & $-0.0179215$ & $-0.0146951$ & $0.0590759$ & $0.0545315$ & $0.0490638$ & $-0.0245389$ & $-0.0318535$ & $-0.00573217$ & $-0.00150336$ & $0.00808324$ & $-0.0159723$ & $-0.0583227$ & $0.0466013$ & $-0.0471467$ & $0.0142607$ & $0.0748043$ & $0.0209098$ & $-0.0651057$ & $0.17995$ & $0.226378$ & $0.0145914$ & $-0.132032$ & $0.0440637$ & $-0.0569652$ & $-0.0350849$ & $0.0776536$ & $0.0624658$ & $1$ & $0.143589$ & $-0.211039$ & $-0.152784$ & $0.276352$ \\
eHccint & $-0.152963$ & $-0.108639$ & $0.0817718$ & $0.0968373$ & $0.00297537$ & $-0.0136785$ & $-0.0328143$ & $0.0097513$ & $-0.000563958$ & $-0.0230081$ & $-0.0135002$ & $-0.0398321$ & $-0.00453788$ & $0.00785213$ & $0.0056983$ & $0.0430795$ & $0.00930734$ & $0.009808$ & $-0.0215345$ & $0.0174882$ & $0.00906244$ & $0.00775132$ & $-0.00813338$ & $0.00953387$ & $-0.0247846$ & $-0.0239176$ & $-0.0567618$ & $-0.00416874$ & $-0.0366317$ & $-0.06103$ & $-0.0305316$ & $-0.0497416$ & $-0.0781018$ & $0.00177256$ & $-0.00686135$ & $0.284341$ & $0.192883$ & $0.0275674$ & $0.111581$ & $-0.0151836$ & $-0.176052$ & $0.0146787$ & $-0.109009$ & $0.153813$ & $0.143589$ & $1$ & $-0.147955$ & $-0.203983$ & $0.118579$ \\
eHccpar & $-0.0192736$ & $-0.0321396$ & $0.272894$ & $-0.102151$ & $0.0288579$ & $0.0183011$ & $-0.0403857$ & $0.0290175$ & $0.0234656$ & $-0.00267894$ & $-0.0336046$ & $-0.027139$ & $0.000924592$ & $0.0301764$ & $-0.073512$ & $-0.0829978$ & $0.0230558$ & $0.0574784$ & $0.0712869$ & $0.0258541$ & $0.0468765$ & $0.0512522$ & $0.0360396$ & $-0.0379303$ & $0.0906359$ & $0.00932382$ & $0.140317$ & $0.0438326$ & $0.0550193$ & $-0.0389635$ & $0.299794$ & $-0.0461637$ & $-0.09373$ & $0.0817743$ & $-0.00176157$ & $0.030389$ & $-0.067762$ & $0.043792$ & $0.0296505$ & $0.00483289$ & $0.309475$ & $-0.063754$ & $0.0388755$ & $-0.105099$ & $-0.211039$ & $-0.147955$ & $1$ & $-0.100314$ & $-0.168678$ \\
eHbbint & $0.12093$ & $-0.00375276$ & $-0.145339$ & $0.323175$ & $0.0447373$ & $0.0160307$ & $-0.0470554$ & $-0.044033$ & $-0.0470423$ & $0.0342183$ & $0.0253042$ & $0.029772$ & $0.00497911$ & $0.0291167$ & $0.0436688$ & $0.000226102$ & $0.017907$ & $0.00300832$ & $0.0348053$ & $-0.0206162$ & $-0.0330756$ & $-0.0397656$ & $0.00829422$ & $0.0420069$ & $0.0155371$ & $-0.00630206$ & $-0.0522737$ & $-0.0124529$ & $0.0111103$ & $0.0285434$ & $-0.0593019$ & $-0.0476575$ & $0.090142$ & $-0.0826288$ & $0.0354047$ & $-0.0872689$ & $0.0651763$ & $0.0350547$ & $-0.0829851$ & $-0.062174$ & $-0.0615747$ & $0.00464018$ & $-0.0743754$ & $-0.215488$ & $-0.152784$ & $-0.203983$ & $-0.100314$ & $1$ & $-0.103628$ \\
eHbbpar & $-0.0782935$ & $0.358121$ & $0.0743372$ & $0.188753$ & $-0.0500765$ & $-0.0150011$ & $-0.0494931$ & $0.092392$ & $0.0818917$ & $-0.0792111$ & $-0.0337071$ & $0.0327232$ & $0.0941987$ & $-0.109941$ & $-0.0294644$ & $-0.0294787$ & $-0.09669$ & $-0.102582$ & $-0.0968093$ & $0.030097$ & $0.0504032$ & $0.0542839$ & $0.0705728$ & $-0.138878$ & $-0.0463766$ & $-0.0303884$ & $0.153261$ & $0.0439576$ & $0.000977943$ & $0.0560111$ & $-0.0445619$ & $-0.0205939$ & $0.354173$ & $0.124375$ & $0.316463$ & $-0.0110672$ & $0.000461339$ & $-0.0363071$ & $0.129846$ & $-0.0913347$ & $0.088172$ & $0.0577227$ & $-0.0282875$ & $0.0583356$ & $0.276352$ & $0.118579$ & $-0.168678$ & $-0.103628$ & $1$ \\
