 & AlsMz & dAle5Mz & mtop & mHl & Mz & CW & CHG & CHWB & CHWHB_gaga & CHWHB_gagaorth & CHD & CHbox & CH & CHL1_11 & CHL1_22 & CHL1_33 & CHL3_11 & CHL3_22 & CHL3_33 & CHe_11 & CHe_22 & CHe_33 & CHQ1_11 & CHQ1_33 & CHQ3_11 & CHu_11 & CHd_11 & CHd_33 & CeH_22r & CeH_33r & CuH_22r & CuH_33r & CdH_33r & CLL_1221 & eHggint & eHggpar & eHWWint & eHWWpar & eHZZint & eHZZpar & eHZgaint & eHZgapar & eHgagaint & eHmumuint & eHtautauint & eHccint & eHccpar & eHbbint & eHbbpar \\
AlsMz & $1$ & $-0.0213973$ & $0.0312934$ & $0.00387488$ & $0.00799689$ & $-0.0126924$ & $-0.0148678$ & $0.0250675$ & $0.0190517$ & $0.00349712$ & $-0.0320192$ & $-0.00413686$ & $-0.0072857$ & $0.000717498$ & $0.00145991$ & $-0.00974338$ & $0.0022061$ & $-0.00363445$ & $0.00377977$ & $0.0213226$ & $0.0241508$ & $0.0211291$ & $-0.00469824$ & $-0.0737362$ & $-0.111255$ & $-0.0522056$ & $-0.00419259$ & $0.0114092$ & $-0.00815245$ & $0.0115692$ & $-0.0106005$ & $-0.00818172$ & $0.0278446$ & $0.0195075$ & $0.0630319$ & $-0.0397487$ & $-0.00875625$ & $0.0457234$ & $-0.08845$ & $-0.00657986$ & $-0.0253041$ & $0.0182565$ & $-0.0583164$ & $0.0179977$ & $0.0205536$ & $-0.0596367$ & $-0.0170176$ & $-0.0471957$ & $0.0692056$ \\
dAle5Mz & $-0.0213973$ & $1$ & $0.0905851$ & $0.0340086$ & $-0.000553785$ & $-0.00483475$ & $-0.00540515$ & $-0.0915601$ & $-0.0885698$ & $0.04462$ & $0.0568785$ & $0.00242249$ & $-0.0068181$ & $0.00701889$ & $-0.0150228$ & $-0.0130978$ & $0.0569272$ & $0.0479242$ & $0.0464657$ & $-0.0293616$ & $-0.0308862$ & $-0.0334167$ & $-0.0123678$ & $0.0619692$ & $0.0463721$ & $0.0321243$ & $-0.0167695$ & $0.000683231$ & $-0.0287215$ & $0.00659883$ & $0.0328115$ & $-0.0131333$ & $0.00177843$ & $0.0046672$ & $-0.032595$ & $-0.0532792$ & $-0.0269667$ & $-0.00467181$ & $-0.0261158$ & $0.0416374$ & $0.0433946$ & $0.0085701$ & $-0.0147086$ & $0.00788521$ & $0.0246569$ & $-0.066777$ & $0.0457474$ & $0.00290577$ & $-0.0142645$ \\
mtop & $0.0312934$ & $0.0905851$ & $1$ & $0.0974828$ & $0.0340637$ & $0.0138982$ & $-0.0286375$ & $-0.0175754$ & $-0.0136882$ & $0.0145136$ & $0.0162799$ & $0.012126$ & $-0.00538652$ & $0.0197721$ & $0.00138574$ & $0.00279354$ & $0.00923876$ & $0.0143263$ & $0.0161448$ & $-0.00658699$ & $-0.00696143$ & $-0.00758889$ & $0.0048399$ & $0.021792$ & $0.00289778$ & $-0.00509654$ & $-0.017651$ & $-0.0161495$ & $0.0103408$ & $-0.00725732$ & $0.0261934$ & $-0.027603$ & $-0.0118958$ & $-0.0116468$ & $0.0364925$ & $0.0408059$ & $0.0145471$ & $0.00927837$ & $-0.0235482$ & $-0.0290883$ & $0.0871448$ & $-0.00678261$ & $0.0400182$ & $-0.0649302$ & $-0.0359995$ & $-0.0427774$ & $0.0425241$ & $0.0254193$ & $-0.0464486$ \\
mHl & $0.00387488$ & $0.0340086$ & $0.0974828$ & $1$ & $-0.0264096$ & $0.00278217$ & $-0.0234928$ & $-0.0160112$ & $-0.0159757$ & $0.0104989$ & $0.00876779$ & $0.0261967$ & $0.0286057$ & $0.0250087$ & $-0.0191281$ & $0.0130008$ & $0.00861876$ & $0.0297455$ & $0.00644464$ & $-0.00688944$ & $-0.00679468$ & $-0.0066711$ & $-0.00985824$ & $0.0248886$ & $0.00795306$ & $-0.000494819$ & $-0.0180761$ & $0.00736658$ & $0.0157773$ & $0.0276677$ & $0.0170651$ & $-0.026864$ & $0.0579425$ & $0.00253748$ & $-0.0582695$ & $-0.0585739$ & $0.00681984$ & $0.0111796$ & $-0.0515813$ & $-0.0100208$ & $-0.0282146$ & $-0.00305852$ & $0.00331723$ & $0.0114327$ & $-0.0928377$ & $0.0116022$ & $0.0280161$ & $0.0192131$ & $0.0575389$ \\
Mz & $0.00799689$ & $-0.000553785$ & $0.0340637$ & $-0.0264096$ & $1$ & $-0.0177342$ & $-0.0151197$ & $-0.0211898$ & $-0.02198$ & $0.0112959$ & $0.0259582$ & $-0.0268933$ & $-0.0172499$ & $0.00726612$ & $-0.00140672$ & $-0.00803345$ & $0.0117984$ & $0.0111047$ & $0.0159589$ & $-0.0150558$ & $-0.0141547$ & $-0.0111187$ & $0.00441903$ & $0.0113372$ & $0.00671394$ & $-0.000555032$ & $-0.0164415$ & $-0.00687665$ & $0.0240785$ & $-0.00993081$ & $0.00341584$ & $-0.0208602$ & $-0.0140367$ & $-0.0178222$ & $0.0136$ & $-0.000912466$ & $-0.0189826$ & $0.00655663$ & $-0.0168042$ & $0.0110698$ & $0.0535933$ & $0.0121631$ & $0.0391618$ & $0.014946$ & $0.0225107$ & $0.00907572$ & $0.0303152$ & $-0.0283077$ & $0.0166553$ \\
CW & $-0.0126924$ & $-0.00483475$ & $0.0138982$ & $0.00278217$ & $-0.0177342$ & $1$ & $0.0240512$ & $-0.105455$ & $-0.0985922$ & $0.0427952$ & $0.17269$ & $0.00649$ & $-0.0321328$ & $0.00621539$ & $-0.0858828$ & $-0.0689813$ & $-0.251248$ & $-0.0534514$ & $-0.0640449$ & $-0.170687$ & $-0.174688$ & $-0.170397$ & $0.00982787$ & $-0.0152389$ & $-0.0809956$ & $0.0936317$ & $-0.0489239$ & $-0.0629998$ & $0.00644495$ & $-0.0315492$ & $-0.0279914$ & $0.0154759$ & $-0.0434168$ & $-0.0961894$ & $0.0119227$ & $0.000407426$ & $0.0162938$ & $-0.0120374$ & $-0.0138838$ & $0.00995772$ & $0.020041$ & $-0.0015036$ & $0.0293656$ & $0.00307441$ & $0.0163103$ & $0.00860798$ & $0.0198308$ & $0.00106734$ & $-0.0143613$ \\
CHG & $-0.0148678$ & $-0.00540515$ & $-0.0286375$ & $-0.0234928$ & $-0.0151197$ & $0.0240512$ & $1$ & $-0.0840446$ & $-0.0214913$ & $0.0971946$ & $0.0826236$ & $-0.303465$ & $-0.421807$ & $-0.0138617$ & $-0.0375665$ & $-0.0358454$ & $-0.00282884$ & $0.0283161$ & $0.0289696$ & $-0.0795605$ & $-0.0817899$ & $-0.0827839$ & $0.00794526$ & $0.0489276$ & $0.0145694$ & $0.0417781$ & $-0.0394909$ & $-0.0270207$ & $-0.00986316$ & $-0.198104$ & $-0.127571$ & $0.943518$ & $-0.227508$ & $-0.0442305$ & $0.0071214$ & $-0.0122203$ & $-0.00200603$ & $0.00631905$ & $0.0186038$ & $-0.0239804$ & $-0.0276929$ & $0.0267508$ & $0.00449535$ & $0.0335419$ & $0.0124562$ & $0.024017$ & $-0.0134369$ & $0.00542227$ & $-0.0196609$ \\
CHWB & $0.0250675$ & $-0.0915601$ & $-0.0175754$ & $-0.0160112$ & $-0.0211898$ & $-0.105455$ & $-0.0840446$ & $1$ & $0.980731$ & $-0.558219$ & $-0.86477$ & $0.0196942$ & $0.176184$ & $0.057842$ & $0.282934$ & $0.283075$ & $-0.275678$ & $-0.449143$ & $-0.450568$ & $0.834568$ & $0.883426$ & $0.866578$ & $0.0731915$ & $-0.68334$ & $-0.419413$ & $-0.501453$ & $0.432383$ & $0.294363$ & $-0.00440192$ & $0.0665977$ & $0.037659$ & $-0.081986$ & $0.068853$ & $0.571857$ & $0.0126551$ & $0.00387263$ & $-0.0141402$ & $0.00457763$ & $-0.0059748$ & $0.0135424$ & $-0.00139596$ & $-0.0109379$ & $-0.00890939$ & $-0.0238496$ & $-0.0168214$ & $-0.0329959$ & $0.00291975$ & $-0.019326$ & $0.00152699$ \\
CHWHB_gaga & $0.0190517$ & $-0.0885698$ & $-0.0136882$ & $-0.0159757$ & $-0.02198$ & $-0.0985922$ & $-0.0214913$ & $0.980731$ & $1$ & $-0.549761$ & $-0.846367$ & $0.0341083$ & $0.164452$ & $0.0537077$ & $0.277133$ & $0.280154$ & $-0.274034$ & $-0.442671$ & $-0.446809$ & $0.817408$ & $0.864684$ & $0.847951$ & $0.0721596$ & $-0.672871$ & $-0.416497$ & $-0.49259$ & $0.418603$ & $0.291306$ & $0.00397529$ & $0.0910825$ & $0.0459559$ & $-0.027955$ & $0.0952014$ & $0.561254$ & $-0.0075973$ & $-0.0107215$ & $-0.0349742$ & $0.00371998$ & $-0.012257$ & $0.00877908$ & $-0.00186059$ & $-0.0103517$ & $0.0647623$ & $-0.019726$ & $-0.0232406$ & $-0.029218$ & $-0.0010317$ & $-0.0264572$ & $0.0100937$ \\
CHWHB_gagaorth & $0.00349712$ & $0.04462$ & $0.0145136$ & $0.0104989$ & $0.0112959$ & $0.0427952$ & $0.0971946$ & $-0.558219$ & $-0.549761$ & $1$ & $0.381824$ & $0.0888839$ & $-0.235148$ & $0.170002$ & $-0.145328$ & $-0.134226$ & $0.340087$ & $0.422574$ & $0.413319$ & $-0.368982$ & $-0.394931$ & $-0.386559$ & $-0.034424$ & $0.490075$ & $0.398788$ & $0.213985$ & $-0.232718$ & $-0.12612$ & $-0.00119257$ & $-0.179723$ & $-0.0885169$ & $0.101545$ & $-0.192575$ & $-0.328148$ & $0.0413433$ & $0.0212948$ & $0.00937721$ & $-0.00856853$ & $-0.00994921$ & $-0.0180948$ & $-0.0407154$ & $0.00329326$ & $0.00286256$ & $0.0146436$ & $0.0203195$ & $0.00857024$ & $0.0134854$ & $0.0263968$ & $-0.0105937$ \\
CHD & $-0.0320192$ & $0.0568785$ & $0.0162799$ & $0.00876779$ & $0.0259582$ & $0.17269$ & $0.0826236$ & $-0.86477$ & $-0.846367$ & $0.381824$ & $1$ & $0.0158923$ & $-0.146403$ & $-0.506441$ & $-0.417427$ & $-0.40964$ & $-0.211412$ & $0.0507279$ & $0.0539816$ & $-0.990082$ & $-0.990924$ & $-0.969552$ & $-0.0143102$ & $0.292157$ & $0.00953984$ & $0.571507$ & $-0.288343$ & $-0.323233$ & $0.00241647$ & $-0.0851924$ & $-0.0480214$ & $0.0791913$ & $-0.0899981$ & $-0.360109$ & $-0.00369079$ & $-0.00699946$ & $0.00841188$ & $-0.00696079$ & $0.0120984$ & $-0.00878435$ & $0.00723038$ & $0.0120756$ & $0.0104986$ & $0.0212108$ & $0.0139215$ & $0.0293128$ & $-0.00313333$ & $0.0103526$ & $0.0021428$ \\
CHbox & $-0.00413686$ & $0.00242249$ & $0.012126$ & $0.0261967$ & $-0.0268933$ & $0.00649$ & $-0.303465$ & $0.0196942$ & $0.0341083$ & $0.0888839$ & $0.0158923$ & $1$ & $0.756561$ & $-0.0801377$ & $0.0419941$ & $0.0342404$ & $-0.0702793$ & $-0.090017$ & $-0.0850511$ & $-0.00697282$ & $-0.0204721$ & $-0.0216885$ & $-0.00403952$ & $-0.0472171$ & $-0.0744023$ & $0.0069624$ & $-0.0242808$ & $0.00592047$ & $0.0767784$ & $0.449621$ & $0.168725$ & $-0.218464$ & $0.48556$ & $-0.01781$ & $0.0531098$ & $0.0281055$ & $-0.0167133$ & $0.0193118$ & $-0.0320128$ & $-0.0151873$ & $-0.0312126$ & $-0.00652709$ & $0.00183521$ & $-0.0173348$ & $0.0134961$ & $-0.00231518$ & $-0.0150041$ & $0.00866546$ & $0.00426096$ \\
CH & $-0.0072857$ & $-0.0068181$ & $-0.00538652$ & $0.0286057$ & $-0.0172499$ & $-0.0321328$ & $-0.421807$ & $0.176184$ & $0.164452$ & $-0.235148$ & $-0.146403$ & $0.756561$ & $1$ & $-0.0178058$ & $0.0673801$ & $0.0539811$ & $-0.05195$ & $-0.102067$ & $-0.0952832$ & $0.143155$ & $0.147835$ & $0.141651$ & $-0.00295734$ & $-0.127753$ & $-0.0879787$ & $-0.0742663$ & $0.0655249$ & $0.0524768$ & $0.0549442$ & $0.377933$ & $0.19916$ & $-0.387797$ & $0.412397$ & $0.0923421$ & $-0.0221728$ & $0.000393187$ & $-0.0136553$ & $0.0143627$ & $-0.0310503$ & $0.000611855$ & $-0.0046676$ & $-0.0174016$ & $0.00100683$ & $-0.0106454$ & $-0.00325662$ & $0.00560568$ & $-0.00757113$ & $0.0116094$ & $0.00925244$ \\
CHL1_11 & $0.000717498$ & $0.00701889$ & $0.0197721$ & $0.0250087$ & $0.00726612$ & $0.00621539$ & $-0.0138617$ & $0.057842$ & $0.0537077$ & $0.170002$ & $-0.506441$ & $-0.0801377$ & $-0.0178058$ & $1$ & $0.270994$ & $0.262045$ & $0.694287$ & $0.632269$ & $0.625022$ & $0.525139$ & $0.465875$ & $0.451703$ & $-0.0879486$ & $0.503377$ & $0.62947$ & $-0.278452$ & $-0.118703$ & $0.142461$ & $0.000471549$ & $0.0428552$ & $0.0308115$ & $-0.0142825$ & $0.0467323$ & $-0.232553$ & $-0.0145959$ & $0.0135843$ & $0.013494$ & $0.00863294$ & $-0.0112898$ & $0.00589977$ & $-0.00716672$ & $-0.0100777$ & $0.00419045$ & $-0.00550773$ & $-0.0045711$ & $0.00272786$ & $0.0139671$ & $0.0138535$ & $-0.00828969$ \\
CHL1_22 & $0.00145991$ & $-0.0150228$ & $0.00138574$ & $-0.0191281$ & $-0.00140672$ & $-0.0858828$ & $-0.0375665$ & $0.282934$ & $0.277133$ & $-0.145328$ & $-0.417427$ & $0.0419941$ & $0.0673801$ & $0.270994$ & $1$ & $0.454158$ & $0.168416$ & $-0.413558$ & $-0.0274568$ & $0.485391$ & $0.332708$ & $0.319761$ & $-0.182822$ & $0.11532$ & $-0.116666$ & $-0.196152$ & $-0.404015$ & $0.0940586$ & $0.0166459$ & $0.056853$ & $0.0240872$ & $-0.0337917$ & $0.0506151$ & $-0.595112$ & $0.0107839$ & $0.0137873$ & $-0.0342407$ & $0.00756537$ & $-0.00965047$ & $0.0328909$ & $-0.00267166$ & $0.0186189$ & $0.0046508$ & $0.0271096$ & $-0.00956236$ & $-0.0150627$ & $-0.0141879$ & $0.00442822$ & $-0.0207868$ \\
CHL1_33 & $-0.00974338$ & $-0.0130978$ & $0.00279354$ & $0.0130008$ & $-0.00803345$ & $-0.0689813$ & $-0.0358454$ & $0.283075$ & $0.280154$ & $-0.134226$ & $-0.40964$ & $0.0342404$ & $0.0539811$ & $0.262045$ & $0.454158$ & $1$ & $0.153142$ & $-0.0252347$ & $-0.416205$ & $0.476275$ & $0.327531$ & $0.340602$ & $-0.171708$ & $0.104996$ & $-0.124844$ & $-0.19428$ & $-0.397457$ & $0.0872237$ & $0.010694$ & $0.0579053$ & $0.0282001$ & $-0.0289068$ & $0.0532394$ & $-0.113093$ & $0.00542978$ & $-0.00859816$ & $-0.013902$ & $0.0178389$ & $-0.0113$ & $-0.00146576$ & $-0.00890147$ & $0.0026146$ & $0.0128868$ & $-0.00198343$ & $0.00529512$ & $-0.0169158$ & $-0.00713036$ & $-0.0123262$ & $-0.000496913$ \\
CHL3_11 & $0.0022061$ & $0.0569272$ & $0.00923876$ & $0.00861876$ & $0.0117984$ & $-0.251248$ & $-0.00282884$ & $-0.275678$ & $-0.274034$ & $0.340087$ & $-0.211412$ & $-0.0702793$ & $-0.05195$ & $0.694287$ & $0.168416$ & $0.153142$ & $1$ & $0.763663$ & $0.762878$ & $0.235168$ & $0.177552$ & $0.170627$ & $-0.0678406$ & $0.707$ & $0.796901$ & $-0.119954$ & $-0.182517$ & $0.0522571$ & $0.00640044$ & $0.0357834$ & $0.0165143$ & $0.000991756$ & $0.0399188$ & $-0.28027$ & $-0.0148734$ & $0.00156852$ & $0.0102651$ & $-0.000790798$ & $-0.0106057$ & $-0.0192852$ & $-0.0136407$ & $-0.00363696$ & $-0.0084803$ & $-0.00135739$ & $0.00910734$ & $0.00570104$ & $-0.00413723$ & $0.0139451$ & $-0.008602$ \\
CHL3_22 & $-0.00363445$ & $0.0479242$ & $0.0143263$ & $0.0297455$ & $0.0111047$ & $-0.0534514$ & $0.0283161$ & $-0.449143$ & $-0.442671$ & $0.422574$ & $0.0507279$ & $-0.090017$ & $-0.102067$ & $0.632269$ & $-0.413558$ & $-0.0252347$ & $0.763663$ & $1$ & $0.708122$ & $-0.0524738$ & $-0.0484049$ & $-0.0455496$ & $0.00462905$ & $0.649446$ & $0.811251$ & $0.0143357$ & $-0.0297027$ & $-0.0182681$ & $-0.00429732$ & $-0.00444166$ & $0.00251343$ & $0.0279698$ & $0.00309497$ & $-0.00467985$ & $-0.0241797$ & $-0.00125805$ & $0.0320826$ & $-0.00117489$ & $-0.00319438$ & $-0.0324289$ & $-0.00891279$ & $-0.0155734$ & $-0.00119503$ & $-0.01345$ & $0.0108329$ & $0.0196706$ & $0.0103427$ & $0.0140594$ & $0.00660502$ \\
CHL3_33 & $0.00377977$ & $0.0464657$ & $0.0161448$ & $0.00644464$ & $0.0159589$ & $-0.0640449$ & $0.0289696$ & $-0.450568$ & $-0.446809$ & $0.413319$ & $0.0539816$ & $-0.0850511$ & $-0.0952832$ & $0.625022$ & $-0.0274568$ & $-0.416205$ & $0.762878$ & $0.708122$ & $1$ & $-0.0561538$ & $-0.0504516$ & $-0.0474424$ & $0.00283143$ & $0.648206$ & $0.814919$ & $0.0169367$ & $-0.019545$ & $-0.0171416$ & $-0.00321618$ & $-0.00683577$ & $-0.000297031$ & $0.0265168$ & $-0.00207721$ & $-0.350368$ & $-0.0172697$ & $0.013546$ & $0.0161333$ & $-0.00733974$ & $-0.00378718$ & $-0.00656126$ & $-0.00420395$ & $-0.00251053$ & $-0.00821601$ & $0.00704467$ & $-0.000131581$ & $0.0214146$ & $0.00775917$ & $0.0272565$ & $-0.00899053$ \\
CHe_11 & $0.0213226$ & $-0.0293616$ & $-0.00658699$ & $-0.00688944$ & $-0.0150558$ & $-0.170687$ & $-0.0795605$ & $0.834568$ & $0.817408$ & $-0.368982$ & $-0.990082$ & $-0.00697282$ & $0.143155$ & $0.525139$ & $0.485391$ & $0.476275$ & $0.235168$ & $-0.0524738$ & $-0.0561538$ & $1$ & $0.972038$ & $0.95102$ & $-0.0108402$ & $-0.237479$ & $-0.00218238$ & $-0.561905$ & $0.211284$ & $0.312886$ & $-0.000617192$ & $0.0865665$ & $0.0495929$ & $-0.0762944$ & $0.0908229$ & $0.279308$ & $0.00141178$ & $0.00639851$ & $-0.0129105$ & $0.00615569$ & $-0.0125763$ & $0.00842338$ & $-0.00618371$ & $-0.0111416$ & $-0.00633539$ & $-0.0176563$ & $-0.0146015$ & $-0.0289516$ & $0.00369248$ & $-0.00798927$ & $-0.00299645$ \\
CHe_22 & $0.0241508$ & $-0.0308862$ & $-0.00696143$ & $-0.00679468$ & $-0.0141547$ & $-0.174688$ & $-0.0817899$ & $0.883426$ & $0.864684$ & $-0.394931$ & $-0.990924$ & $-0.0204721$ & $0.147835$ & $0.465875$ & $0.332708$ & $0.327531$ & $0.177552$ & $-0.0484049$ & $-0.0504516$ & $0.972038$ & $1$ & $0.975662$ & $0.0456886$ & $-0.347247$ & $-0.0165662$ & $-0.574084$ & $0.371514$ & $0.328967$ & $-0.00413947$ & $0.0816657$ & $0.0477426$ & $-0.0796264$ & $0.0864731$ & $0.447739$ & $0.00113736$ & $0.00493845$ & $-0.00912858$ & $0.00402305$ & $-0.0107801$ & $0.00846784$ & $-0.00546638$ & $-0.0138243$ & $-0.0119494$ & $-0.0246963$ & $-0.0140188$ & $-0.0297007$ & $0.0069394$ & $-0.0110552$ & $-0.00138124$ \\
CHe_33 & $0.0211291$ & $-0.0334167$ & $-0.00758889$ & $-0.0066711$ & $-0.0111187$ & $-0.170397$ & $-0.0827839$ & $0.866578$ & $0.847951$ & $-0.386559$ & $-0.969552$ & $-0.0216885$ & $0.141651$ & $0.451703$ & $0.319761$ & $0.340602$ & $0.170627$ & $-0.0455496$ & $-0.0474424$ & $0.95102$ & $0.975662$ & $1$ & $0.0454871$ & $-0.343494$ & $-0.0147362$ & $-0.560831$ & $0.370071$ & $0.316527$ & $-0.00915086$ & $0.0783264$ & $0.0478935$ & $-0.0807134$ & $0.0793058$ & $0.446898$ & $0.00348657$ & $0.00236744$ & $-0.0096279$ & $0.00175381$ & $-0.0123145$ & $0.0106622$ & $-0.00585366$ & $-0.009867$ & $-0.0114401$ & $-0.0268983$ & $-0.0105282$ & $-0.0329254$ & $0.0108203$ & $-0.0106913$ & $-0.00643948$ \\
CHQ1_11 & $-0.00469824$ & $-0.0123678$ & $0.0048399$ & $-0.00985824$ & $0.00441903$ & $0.00982787$ & $0.00794526$ & $0.0731915$ & $0.0721596$ & $-0.034424$ & $-0.0143102$ & $-0.00403952$ & $-0.00295734$ & $-0.0879486$ & $-0.182822$ & $-0.171708$ & $-0.0678406$ & $0.00462905$ & $0.00283143$ & $-0.0108402$ & $0.0456886$ & $0.0454871$ & $1$ & $-0.140848$ & $0.0686358$ & $-0.671408$ & $0.345957$ & $0.0294796$ & $-0.00317314$ & $-0.0158544$ & $-0.0131985$ & $0.00773749$ & $-0.0208143$ & $0.21627$ & $0.0199066$ & $0.0185093$ & $0.0168809$ & $0.0160513$ & $0.019102$ & $-0.0131956$ & $0.00441855$ & $0.0181854$ & $-0.00102158$ & $-0.0214472$ & $0.014265$ & $-0.00808702$ & $0.00972118$ & $0.0105746$ & $-0.0223778$ \\
CHQ1_33 & $-0.0737362$ & $0.0619692$ & $0.021792$ & $0.0248886$ & $0.0113372$ & $-0.0152389$ & $0.0489276$ & $-0.68334$ & $-0.672871$ & $0.490075$ & $0.292157$ & $-0.0472171$ & $-0.127753$ & $0.503377$ & $0.11532$ & $0.104996$ & $0.707$ & $0.649446$ & $0.648206$ & $-0.237479$ & $-0.347247$ & $-0.343494$ & $-0.140848$ & $1$ & $0.66695$ & $0.187579$ & $-0.435637$ & $-0.0361677$ & $0.0146662$ & $-0.0177231$ & $-0.0063832$ & $0.0469227$ & $-0.017409$ & $-0.637788$ & $-0.0197622$ & $0.00912617$ & $0.0222065$ & $0.00251876$ & $0.00715651$ & $-0.00930368$ & $0.00260476$ & $0.0133463$ & $0.00624712$ & $0.0145303$ & $0.00309017$ & $0.0219246$ & $-0.00322346$ & $0.0177582$ & $-0.00562999$ \\
CHQ3_11 & $-0.111255$ & $0.0463721$ & $0.00289778$ & $0.00795306$ & $0.00671394$ & $-0.0809956$ & $0.0145694$ & $-0.419413$ & $-0.416497$ & $0.398788$ & $0.00953984$ & $-0.0744023$ & $-0.0879787$ & $0.62947$ & $-0.116666$ & $-0.124844$ & $0.796901$ & $0.811251$ & $0.814919$ & $-0.00218238$ & $-0.0165662$ & $-0.0147362$ & $0.0686358$ & $0.66695$ & $1$ & $0.00688343$ & $0.170248$ & $-0.00293244$ & $-0.00854604$ & $-0.00849759$ & $0.010286$ & $0.0115295$ & $-0.00495023$ & $-0.224369$ & $-0.0248456$ & $0.0178141$ & $0.0269482$ & $-0.00663802$ & $0.0105153$ & $-0.0126949$ & $0.00264374$ & $-0.00939819$ & $-0.00912717$ & $-0.00589227$ & $0.0180863$ & $0.0147365$ & $0.0223688$ & $0.0289307$ & $-0.0202708$ \\
CHu_11 & $-0.0522056$ & $0.0321243$ & $-0.00509654$ & $-0.000494819$ & $-0.000555032$ & $0.0936317$ & $0.0417781$ & $-0.501453$ & $-0.49259$ & $0.213985$ & $0.571507$ & $0.0069624$ & $-0.0742663$ & $-0.278452$ & $-0.196152$ & $-0.19428$ & $-0.119954$ & $0.0143357$ & $0.0169367$ & $-0.561905$ & $-0.574084$ & $-0.560831$ & $-0.671408$ & $0.187579$ & $0.00688343$ & $1$ & $-0.169161$ & $-0.190579$ & $-0.00577288$ & $-0.0431332$ & $-0.0101318$ & $0.039122$ & $-0.0432843$ & $-0.249787$ & $-0.00656612$ & $-0.0156022$ & $-0.00727881$ & $-0.022753$ & $0.00348$ & $0.00433465$ & $-0.00330454$ & $-0.00429395$ & $0.00361353$ & $0.0218861$ & $0.00695564$ & $0.0257403$ & $-0.00275764$ & $-8.78076e-05$ & $0.0144697$ \\
CHd_11 & $-0.00419259$ & $-0.0167695$ & $-0.017651$ & $-0.0180761$ & $-0.0164415$ & $-0.0489239$ & $-0.0394909$ & $0.432383$ & $0.418603$ & $-0.232718$ & $-0.288343$ & $-0.0242808$ & $0.0655249$ & $-0.118703$ & $-0.404015$ & $-0.397457$ & $-0.182517$ & $-0.0297027$ & $-0.019545$ & $0.211284$ & $0.371514$ & $0.370071$ & $0.345957$ & $-0.435637$ & $0.170248$ & $-0.169161$ & $1$ & $0.133771$ & $-0.0261157$ & $-0.0119278$ & $0.0152888$ & $-0.0451566$ & $-0.00602992$ & $0.691242$ & $0.0057068$ & $0.00991904$ & $0.0211697$ & $-0.00543088$ & $0.0155002$ & $0.000988378$ & $0.0150913$ & $-0.0138831$ & $-0.0309478$ & $-0.0318711$ & $0.0101968$ & $-0.0223452$ & $0.0297699$ & $-0.00175055$ & $-0.00332144$ \\
CHd_33 & $0.0114092$ & $0.000683231$ & $-0.0161495$ & $0.00736658$ & $-0.00687665$ & $-0.0629998$ & $-0.0270207$ & $0.294363$ & $0.291306$ & $-0.12612$ & $-0.323233$ & $0.00592047$ & $0.0524768$ & $0.142461$ & $0.0940586$ & $0.0872237$ & $0.0522571$ & $-0.0182681$ & $-0.0171416$ & $0.312886$ & $0.328967$ & $0.316527$ & $0.0294796$ & $-0.0361677$ & $-0.00293244$ & $-0.190579$ & $0.133771$ & $1$ & $0.00326651$ & $0.028204$ & $0.0375265$ & $-0.0307909$ & $0.023677$ & $0.166824$ & $-0.0361822$ & $0.016023$ & $-0.00562859$ & $-0.00220406$ & $-0.0166285$ & $-0.00476553$ & $-0.00120053$ & $0.0265207$ & $-0.00183242$ & $-0.0341197$ & $-0.0294863$ & $-0.00693613$ & $0.0209023$ & $-0.0225863$ & $-0.0190188$ \\
CeH_22r & $-0.00815245$ & $-0.0287215$ & $0.0103408$ & $0.0157773$ & $0.0240785$ & $0.00644495$ & $-0.00986316$ & $-0.00440192$ & $0.00397529$ & $-0.00119257$ & $0.00241647$ & $0.0767784$ & $0.0549442$ & $0.000471549$ & $0.0166459$ & $0.010694$ & $0.00640044$ & $-0.00429732$ & $-0.00321618$ & $-0.000617192$ & $-0.00413947$ & $-0.00915086$ & $-0.00317314$ & $0.0146662$ & $-0.00854604$ & $-0.00577288$ & $-0.0261157$ & $0.00326651$ & $1$ & $0.0708815$ & $0.0366175$ & $-0.0218547$ & $0.0611957$ & $-0.0171497$ & $-0.0432341$ & $-0.0145391$ & $-0.0179848$ & $0.0213197$ & $-0.00234529$ & $0.0113761$ & $-0.000410441$ & $-0.00763676$ & $0.0288363$ & $0.0117858$ & $-0.000811843$ & $0.0129593$ & $0.0122161$ & $-0.00145165$ & $-0.00153616$ \\
CeH_33r & $0.0115692$ & $0.00659883$ & $-0.00725732$ & $0.0276677$ & $-0.00993081$ & $-0.0315492$ & $-0.198104$ & $0.0665977$ & $0.0910825$ & $-0.179723$ & $-0.0851924$ & $0.449621$ & $0.377933$ & $0.0428552$ & $0.056853$ & $0.0579053$ & $0.0357834$ & $-0.00444166$ & $-0.00683577$ & $0.0865665$ & $0.0816657$ & $0.0783264$ & $-0.0158544$ & $-0.0177231$ & $-0.00849759$ & $-0.0431332$ & $-0.0119278$ & $0.028204$ & $0.0708815$ & $1$ & $0.331215$ & $-0.0597844$ & $0.65676$ & $0.0139668$ & $-0.0600802$ & $-0.0141778$ & $-0.179003$ & $-0.0118847$ & $-0.0320062$ & $-0.0170584$ & $-0.0225905$ & $-0.0104214$ & $0.0113734$ & $-0.0296356$ & $0.0745277$ & $0.0180329$ & $-0.0114461$ & $0.00972036$ & $0.00596132$ \\
CuH_22r & $-0.0106005$ & $0.0328115$ & $0.0261934$ & $0.0170651$ & $0.00341584$ & $-0.0279914$ & $-0.127571$ & $0.037659$ & $0.0459559$ & $-0.0885169$ & $-0.0480214$ & $0.168725$ & $0.19916$ & $0.0308115$ & $0.0240872$ & $0.0282001$ & $0.0165143$ & $0.00251343$ & $-0.000297031$ & $0.0495929$ & $0.0477426$ & $0.0478935$ & $-0.0131985$ & $-0.0063832$ & $0.010286$ & $-0.0101318$ & $0.0152888$ & $0.0375265$ & $0.0366175$ & $0.331215$ & $1$ & $-0.046001$ & $0.333386$ & $0.0135283$ & $-0.018475$ & $0.00814178$ & $-0.122083$ & $0.0123349$ & $-0.0029613$ & $0.00100108$ & $0.0158743$ & $-0.00845007$ & $-0.00729881$ & $0.00598399$ & $0.0223524$ & $0.0838052$ & $0.379885$ & $-0.00741008$ & $-0.030976$ \\
CuH_33r & $-0.00818172$ & $-0.0131333$ & $-0.027603$ & $-0.026864$ & $-0.0208602$ & $0.0154759$ & $0.943518$ & $-0.081986$ & $-0.027955$ & $0.101545$ & $0.0791913$ & $-0.218464$ & $-0.387797$ & $-0.0142825$ & $-0.0337917$ & $-0.0289068$ & $0.000991756$ & $0.0279698$ & $0.0265168$ & $-0.0762944$ & $-0.0796264$ & $-0.0807134$ & $0.00773749$ & $0.0469227$ & $0.0115295$ & $0.039122$ & $-0.0451566$ & $-0.0307909$ & $-0.0218547$ & $-0.0597844$ & $-0.046001$ & $1$ & $-0.0721671$ & $-0.0448354$ & $0.0943623$ & $0.034603$ & $-0.0261656$ & $0.00184688$ & $0.0308202$ & $-0.0196862$ & $-0.0280556$ & $0.027753$ & $-0.00324838$ & $0.0181756$ & $0.0263979$ & $0.032096$ & $-0.00960343$ & $0.00880572$ & $-0.0159138$ \\
CdH_33r & $0.0278446$ & $0.00177843$ & $-0.0118958$ & $0.0579425$ & $-0.0140367$ & $-0.0434168$ & $-0.227508$ & $0.068853$ & $0.0952014$ & $-0.192575$ & $-0.0899981$ & $0.48556$ & $0.412397$ & $0.0467323$ & $0.0506151$ & $0.0532394$ & $0.0399188$ & $0.00309497$ & $-0.00207721$ & $0.0908229$ & $0.0864731$ & $0.0793058$ & $-0.0208143$ & $-0.017409$ & $-0.00495023$ & $-0.0432843$ & $-0.00602992$ & $0.023677$ & $0.0611957$ & $0.65676$ & $0.333386$ & $-0.0721671$ & $1$ & $0.0201768$ & $-0.0652696$ & $-0.023257$ & $-0.224393$ & $-0.0105655$ & $-0.0124718$ & $-0.0299698$ & $-0.0282473$ & $-0.00958052$ & $0.0512795$ & $-0.0759762$ & $-0.0530243$ & $-0.00921542$ & $-0.034592$ & $0.165096$ & $0.491142$ \\
CLL_1221 & $0.0195075$ & $0.0046672$ & $-0.0116468$ & $0.00253748$ & $-0.0178222$ & $-0.0961894$ & $-0.0442305$ & $0.571857$ & $0.561254$ & $-0.328148$ & $-0.360109$ & $-0.01781$ & $0.0923421$ & $-0.232553$ & $-0.595112$ & $-0.113093$ & $-0.28027$ & $-0.00467985$ & $-0.350368$ & $0.279308$ & $0.447739$ & $0.446898$ & $0.21627$ & $-0.637788$ & $-0.224369$ & $-0.249787$ & $0.691242$ & $0.166824$ & $-0.0171497$ & $0.0139668$ & $0.0135283$ & $-0.0448354$ & $0.0201768$ & $1$ & $8.62408e-05$ & $-0.014781$ & $0.0131294$ & $-0.00393686$ & $0.000407713$ & $-0.0195005$ & $0.00122728$ & $-0.0238644$ & $-0.0153988$ & $-0.0429228$ & $-0.00112552$ & $-0.0210889$ & $0.0127498$ & $-0.0208116$ & $0.016873$ \\
eHggint & $0.0630319$ & $-0.032595$ & $0.0364925$ & $-0.0582695$ & $0.0136$ & $0.0119227$ & $0.0071214$ & $0.0126551$ & $-0.0075973$ & $0.0413433$ & $-0.00369079$ & $0.0531098$ & $-0.0221728$ & $-0.0145959$ & $0.0107839$ & $0.00542978$ & $-0.0148734$ & $-0.0241797$ & $-0.0172697$ & $0.00141178$ & $0.00113736$ & $0.00348657$ & $0.0199066$ & $-0.0197622$ & $-0.0248456$ & $-0.00656612$ & $0.0057068$ & $-0.0361822$ & $-0.0432341$ & $-0.0600802$ & $-0.018475$ & $0.0943623$ & $-0.0652696$ & $8.62408e-05$ & $1$ & $-0.0516563$ & $0.0541246$ & $-0.00164542$ & $0.066791$ & $0.0211142$ & $0.0424364$ & $0.0296946$ & $-0.0304613$ & $-0.038268$ & $0.101101$ & $0.0167593$ & $0.00596766$ & $0.0100694$ & $-0.0220458$ \\
eHggpar & $-0.0397487$ & $-0.0532792$ & $0.0408059$ & $-0.0585739$ & $-0.000912466$ & $0.000407426$ & $-0.0122203$ & $0.00387263$ & $-0.0107215$ & $0.0212948$ & $-0.00699946$ & $0.0281055$ & $0.000393187$ & $0.0135843$ & $0.0137873$ & $-0.00859816$ & $0.00156852$ & $-0.00125805$ & $0.013546$ & $0.00639851$ & $0.00493845$ & $0.00236744$ & $0.0185093$ & $0.00912617$ & $0.0178141$ & $-0.0156022$ & $0.00991904$ & $0.016023$ & $-0.0145391$ & $-0.0141778$ & $0.00814178$ & $0.034603$ & $-0.023257$ & $-0.014781$ & $-0.0516563$ & $1$ & $-0.0162537$ & $0.00667687$ & $0.0324354$ & $0.00872853$ & $0.0239717$ & $-0.0105492$ & $-0.0361421$ & $-0.0138817$ & $0.0562389$ & $-0.0148624$ & $0.0346543$ & $-0.0551997$ & $0.0115618$ \\
eHWWint & $-0.00875625$ & $-0.0269667$ & $0.0145471$ & $0.00681984$ & $-0.0189826$ & $0.0162938$ & $-0.00200603$ & $-0.0141402$ & $-0.0349742$ & $0.00937721$ & $0.00841188$ & $-0.0167133$ & $-0.0136553$ & $0.013494$ & $-0.0342407$ & $-0.013902$ & $0.0102651$ & $0.0320826$ & $0.0161333$ & $-0.0129105$ & $-0.00912858$ & $-0.0096279$ & $0.0168809$ & $0.0222065$ & $0.0269482$ & $-0.00727881$ & $0.0211697$ & $-0.00562859$ & $-0.0179848$ & $-0.179003$ & $-0.122083$ & $-0.0261656$ & $-0.224393$ & $0.0131294$ & $0.0541246$ & $-0.0162537$ & $1$ & $0.0125089$ & $0.0376832$ & $0.0255847$ & $-0.00888899$ & $-0.0212181$ & $-0.0973335$ & $-0.0263848$ & $0.0377339$ & $-0.0942373$ & $-0.0396355$ & $-0.0443124$ & $-0.0697542$ \\
eHWWpar & $0.0457234$ & $-0.00467181$ & $0.00927837$ & $0.0111796$ & $0.00655663$ & $-0.0120374$ & $0.00631905$ & $0.00457763$ & $0.00371998$ & $-0.00856853$ & $-0.00696079$ & $0.0193118$ & $0.0143627$ & $0.00863294$ & $0.00756537$ & $0.0178389$ & $-0.000790798$ & $-0.00117489$ & $-0.00733974$ & $0.00615569$ & $0.00402305$ & $0.00175381$ & $0.0160513$ & $0.00251876$ & $-0.00663802$ & $-0.022753$ & $-0.00543088$ & $-0.00220406$ & $0.0213197$ & $-0.0118847$ & $0.0123349$ & $0.00184688$ & $-0.0105655$ & $-0.00393686$ & $-0.00164542$ & $0.00667687$ & $0.0125089$ & $1$ & $-0.00561243$ & $-0.000561617$ & $0.0176539$ & $0.0154739$ & $0.00640136$ & $0.0362082$ & $0.0119289$ & $0.0345715$ & $-0.0193464$ & $-0.0118896$ & $0.00805769$ \\
eHZZint & $-0.08845$ & $-0.0261158$ & $-0.0235482$ & $-0.0515813$ & $-0.0168042$ & $-0.0138838$ & $0.0186038$ & $-0.0059748$ & $-0.012257$ & $-0.00994921$ & $0.0120984$ & $-0.0320128$ & $-0.0310503$ & $-0.0112898$ & $-0.00965047$ & $-0.0113$ & $-0.0106057$ & $-0.00319438$ & $-0.00378718$ & $-0.0125763$ & $-0.0107801$ & $-0.0123145$ & $0.019102$ & $0.00715651$ & $0.0105153$ & $0.00348$ & $0.0155002$ & $-0.0166285$ & $-0.00234529$ & $-0.0320062$ & $-0.0029613$ & $0.0308202$ & $-0.0124718$ & $0.000407713$ & $0.066791$ & $0.0324354$ & $0.0376832$ & $-0.00561243$ & $1$ & $0.0134434$ & $-0.0726505$ & $-0.00745842$ & $-0.0185898$ & $0.0209282$ & $-0.0423495$ & $0.0544479$ & $-0.00496624$ & $0.154388$ & $0.0142033$ \\
eHZZpar & $-0.00657986$ & $0.0416374$ & $-0.0290883$ & $-0.0100208$ & $0.0110698$ & $0.00995772$ & $-0.0239804$ & $0.0135424$ & $0.00877908$ & $-0.0180948$ & $-0.00878435$ & $-0.0151873$ & $0.000611855$ & $0.00589977$ & $0.0328909$ & $-0.00146576$ & $-0.0192852$ & $-0.0324289$ & $-0.00656126$ & $0.00842338$ & $0.00846784$ & $0.0106622$ & $-0.0131956$ & $-0.00930368$ & $-0.0126949$ & $0.00433465$ & $0.000988378$ & $-0.00476553$ & $0.0113761$ & $-0.0170584$ & $0.00100108$ & $-0.0196862$ & $-0.0299698$ & $-0.0195005$ & $0.0211142$ & $0.00872853$ & $0.0255847$ & $-0.000561617$ & $0.0134434$ & $1$ & $0.00735294$ & $0.00581157$ & $-0.0208484$ & $-0.0184093$ & $0.00189561$ & $-0.0288263$ & $0.00570333$ & $0.0118799$ & $-0.0442207$ \\
eHZgaint & $-0.0253041$ & $0.0433946$ & $0.0871448$ & $-0.0282146$ & $0.0535933$ & $0.020041$ & $-0.0276929$ & $-0.00139596$ & $-0.00186059$ & $-0.0407154$ & $0.00723038$ & $-0.0312126$ & $-0.0046676$ & $-0.00716672$ & $-0.00267166$ & $-0.00890147$ & $-0.0136407$ & $-0.00891279$ & $-0.00420395$ & $-0.00618371$ & $-0.00546638$ & $-0.00585366$ & $0.00441855$ & $0.00260476$ & $0.00264374$ & $-0.00330454$ & $0.0150913$ & $-0.00120053$ & $-0.000410441$ & $-0.0225905$ & $0.0158743$ & $-0.0280556$ & $-0.0282473$ & $0.00122728$ & $0.0424364$ & $0.0239717$ & $-0.00888899$ & $0.0176539$ & $-0.0726505$ & $0.00735294$ & $1$ & $0.0247997$ & $0.0347728$ & $0.0364691$ & $0.00401616$ & $-0.0178232$ & $0.0229013$ & $-0.0491385$ & $-0.0267487$ \\
eHZgapar & $0.0182565$ & $0.0085701$ & $-0.00678261$ & $-0.00305852$ & $0.0121631$ & $-0.0015036$ & $0.0267508$ & $-0.0109379$ & $-0.0103517$ & $0.00329326$ & $0.0120756$ & $-0.00652709$ & $-0.0174016$ & $-0.0100777$ & $0.0186189$ & $0.0026146$ & $-0.00363696$ & $-0.0155734$ & $-0.00251053$ & $-0.0111416$ & $-0.0138243$ & $-0.009867$ & $0.0181854$ & $0.0133463$ & $-0.00939819$ & $-0.00429395$ & $-0.0138831$ & $0.0265207$ & $-0.00763676$ & $-0.0104214$ & $-0.00845007$ & $0.027753$ & $-0.00958052$ & $-0.0238644$ & $0.0296946$ & $-0.0105492$ & $-0.0212181$ & $0.0154739$ & $-0.00745842$ & $0.00581157$ & $0.0247997$ & $1$ & $-0.000314952$ & $0.00628386$ & $0.0190858$ & $0.00243077$ & $-0.0123024$ & $0.00985469$ & $-0.00520721$ \\
eHgagaint & $-0.0583164$ & $-0.0147086$ & $0.0400182$ & $0.00331723$ & $0.0391618$ & $0.0293656$ & $0.00449535$ & $-0.00890939$ & $0.0647623$ & $0.00286256$ & $0.0104986$ & $0.00183521$ & $0.00100683$ & $0.00419045$ & $0.0046508$ & $0.0128868$ & $-0.0084803$ & $-0.00119503$ & $-0.00821601$ & $-0.00633539$ & $-0.0119494$ & $-0.0114401$ & $-0.00102158$ & $0.00624712$ & $-0.00912717$ & $0.00361353$ & $-0.0309478$ & $-0.00183242$ & $0.0288363$ & $0.0113734$ & $-0.00729881$ & $-0.00324838$ & $0.0512795$ & $-0.0153988$ & $-0.0304613$ & $-0.0361421$ & $-0.0973335$ & $0.00640136$ & $-0.0185898$ & $-0.0208484$ & $0.0347728$ & $-0.000314952$ & $1$ & $0.0397018$ & $-0.0269185$ & $0.0352596$ & $-0.0412517$ & $-0.106864$ & $0.0936881$ \\
eHmumuint & $0.0179977$ & $0.00788521$ & $-0.0649302$ & $0.0114327$ & $0.014946$ & $0.00307441$ & $0.0335419$ & $-0.0238496$ & $-0.019726$ & $0.0146436$ & $0.0212108$ & $-0.0173348$ & $-0.0106454$ & $-0.00550773$ & $0.0271096$ & $-0.00198343$ & $-0.00135739$ & $-0.01345$ & $0.00704467$ & $-0.0176563$ & $-0.0246963$ & $-0.0268983$ & $-0.0214472$ & $0.0145303$ & $-0.00589227$ & $0.0218861$ & $-0.0318711$ & $-0.0341197$ & $0.0117858$ & $-0.0296356$ & $0.00598399$ & $0.0181756$ & $-0.0759762$ & $-0.0429228$ & $-0.038268$ & $-0.0138817$ & $-0.0263848$ & $0.0362082$ & $0.0209282$ & $-0.0184093$ & $0.0364691$ & $0.00628386$ & $0.0397018$ & $1$ & $-0.0101717$ & $-0.00129425$ & $0.0619999$ & $-0.0421907$ & $-0.0850665$ \\
eHtautauint & $0.0205536$ & $0.0246569$ & $-0.0359995$ & $-0.0928377$ & $0.0225107$ & $0.0163103$ & $0.0124562$ & $-0.0168214$ & $-0.0232406$ & $0.0203195$ & $0.0139215$ & $0.0134961$ & $-0.00325662$ & $-0.0045711$ & $-0.00956236$ & $0.00529512$ & $0.00910734$ & $0.0108329$ & $-0.000131581$ & $-0.0146015$ & $-0.0140188$ & $-0.0105282$ & $0.014265$ & $0.00309017$ & $0.0180863$ & $0.00695564$ & $0.0101968$ & $-0.0294863$ & $-0.000811843$ & $0.0745277$ & $0.0223524$ & $0.0263979$ & $-0.0530243$ & $-0.00112552$ & $0.101101$ & $0.0562389$ & $0.0377339$ & $0.0119289$ & $-0.0423495$ & $0.00189561$ & $0.00401616$ & $0.0190858$ & $-0.0269185$ & $-0.0101717$ & $1$ & $0.0345563$ & $0.0303597$ & $-0.101282$ & $-0.0559024$ \\
eHccint & $-0.0596367$ & $-0.066777$ & $-0.0427774$ & $0.0116022$ & $0.00907572$ & $0.00860798$ & $0.024017$ & $-0.0329959$ & $-0.029218$ & $0.00857024$ & $0.0293128$ & $-0.00231518$ & $0.00560568$ & $0.00272786$ & $-0.0150627$ & $-0.0169158$ & $0.00570104$ & $0.0196706$ & $0.0214146$ & $-0.0289516$ & $-0.0297007$ & $-0.0329254$ & $-0.00808702$ & $0.0219246$ & $0.0147365$ & $0.0257403$ & $-0.0223452$ & $-0.00693613$ & $0.0129593$ & $0.0180329$ & $0.0838052$ & $0.032096$ & $-0.00921542$ & $-0.0210889$ & $0.0167593$ & $-0.0148624$ & $-0.0942373$ & $0.0345715$ & $0.0544479$ & $-0.0288263$ & $-0.0178232$ & $0.00243077$ & $0.0352596$ & $-0.00129425$ & $0.0345563$ & $1$ & $-0.0465115$ & $-0.0534625$ & $-0.0365411$ \\
eHccpar & $-0.0170176$ & $0.0457474$ & $0.0425241$ & $0.0280161$ & $0.0303152$ & $0.0198308$ & $-0.0134369$ & $0.00291975$ & $-0.0010317$ & $0.0134854$ & $-0.00313333$ & $-0.0150041$ & $-0.00757113$ & $0.0139671$ & $-0.0141879$ & $-0.00713036$ & $-0.00413723$ & $0.0103427$ & $0.00775917$ & $0.00369248$ & $0.0069394$ & $0.0108203$ & $0.00972118$ & $-0.00322346$ & $0.0223688$ & $-0.00275764$ & $0.0297699$ & $0.0209023$ & $0.0122161$ & $-0.0114461$ & $0.379885$ & $-0.00960343$ & $-0.034592$ & $0.0127498$ & $0.00596766$ & $0.0346543$ & $-0.0396355$ & $-0.0193464$ & $-0.00496624$ & $0.00570333$ & $0.0229013$ & $-0.0123024$ & $-0.0412517$ & $0.0619999$ & $0.0303597$ & $-0.0465115$ & $1$ & $0.0107903$ & $-0.0528216$ \\
eHbbint & $-0.0471957$ & $0.00290577$ & $0.0254193$ & $0.0192131$ & $-0.0283077$ & $0.00106734$ & $0.00542227$ & $-0.019326$ & $-0.0264572$ & $0.0263968$ & $0.0103526$ & $0.00866546$ & $0.0116094$ & $0.0138535$ & $0.00442822$ & $-0.0123262$ & $0.0139451$ & $0.0140594$ & $0.0272565$ & $-0.00798927$ & $-0.0110552$ & $-0.0106913$ & $0.0105746$ & $0.0177582$ & $0.0289307$ & $-8.78076e-05$ & $-0.00175055$ & $-0.0225863$ & $-0.00145165$ & $0.00972036$ & $-0.00741008$ & $0.00880572$ & $0.165096$ & $-0.0208116$ & $0.0100694$ & $-0.0551997$ & $-0.0443124$ & $-0.0118896$ & $0.154388$ & $0.0118799$ & $-0.0491385$ & $0.00985469$ & $-0.106864$ & $-0.0421907$ & $-0.101282$ & $-0.0534625$ & $0.0107903$ & $1$ & $-0.00442511$ \\
eHbbpar & $0.0692056$ & $-0.0142645$ & $-0.0464486$ & $0.0575389$ & $0.0166553$ & $-0.0143613$ & $-0.0196609$ & $0.00152699$ & $0.0100937$ & $-0.0105937$ & $0.0021428$ & $0.00426096$ & $0.00925244$ & $-0.00828969$ & $-0.0207868$ & $-0.000496913$ & $-0.008602$ & $0.00660502$ & $-0.00899053$ & $-0.00299645$ & $-0.00138124$ & $-0.00643948$ & $-0.0223778$ & $-0.00562999$ & $-0.0202708$ & $0.0144697$ & $-0.00332144$ & $-0.0190188$ & $-0.00153616$ & $0.00596132$ & $-0.030976$ & $-0.0159138$ & $0.491142$ & $0.016873$ & $-0.0220458$ & $0.0115618$ & $-0.0697542$ & $0.00805769$ & $0.0142033$ & $-0.0442207$ & $-0.0267487$ & $-0.00520721$ & $0.0936881$ & $-0.0850665$ & $-0.0559024$ & $-0.0365411$ & $-0.0528216$ & $-0.00442511$ & $1$ \\
