 & AlsMz & dAle5Mz & mtop & mHl & Mz & CW & CHG & CHWB & CHWHB_gaga & CHWHB_gagaorth & CHD & CHbox & CH & CHL1_11 & CHL1_22 & CHL1_33 & CHL3_11 & CHL3_22 & CHL3_33 & CHe_11 & CHe_22 & CHe_33 & CHQ1_11 & CHQ1_33 & CHQ3_11 & CHu_11 & CHd_11 & CHd_33 & CeH_22r & CeH_33r & CuH_22r & CuH_33r & CdH_33r & CLL_1221 & eHggint & eHggpar & eHWWint & eHWWpar & eHZZint & eHZZpar & eHZgaint & eHZgapar & eHgagaint & eHmumuint & eHtautauint & eHccint & eHccpar & eHbbint & eHbbpar \\
AlsMz & $1$ & $-0.226543$ & $0.130843$ & $0.251472$ & $-0.10228$ & $0.0371439$ & $-0.160183$ & $-0.0219709$ & $0.00954347$ & $-0.0811212$ & $0.0726531$ & $-0.187479$ & $0.128213$ & $-0.100097$ & $0.0718542$ & $-0.158308$ & $0.0199121$ & $0.0047568$ & $0.0983193$ & $-0.131586$ & $0.0392584$ & $-0.0441118$ & $-0.0797483$ & $-0.00293109$ & $0.00284213$ & $0.0530875$ & $0.0442875$ & $-0.384926$ & $-0.0678239$ & $0.192009$ & $0.313581$ & $-0.147972$ & $-0.0710128$ & $0.0198786$ & $-0.168479$ & $-0.0694782$ & $-0.484028$ & $0.322867$ & $-0.238714$ & $-0.244858$ & $-0.402692$ & $-0.0598843$ & $0.585107$ & $-0.279336$ & $-0.392543$ & $-0.419943$ & $0.424823$ & $0.0691288$ & $-0.689212$ \\
dAle5Mz & $-0.226543$ & $1$ & $0.455583$ & $-0.200823$ & $-0.100086$ & $-0.00292434$ & $0.324718$ & $-0.367126$ & $-0.322311$ & $0.283338$ & $0.293824$ & $0.185285$ & $-0.16446$ & $0.190457$ & $-0.10389$ & $0.0772064$ & $0.228815$ & $0.19818$ & $0.14107$ & $-0.260963$ & $-0.154081$ & $-0.135238$ & $0.0169576$ & $0.262867$ & $0.192782$ & $-0.172346$ & $-0.0616633$ & $0.0798633$ & $-0.0896326$ & $-0.14589$ & $-0.173164$ & $0.342874$ & $-0.236739$ & $-0.0200149$ & $0.222996$ & $-0.657796$ & $-0.0697975$ & $0.143782$ & $-0.0548094$ & $0.475969$ & $-0.211073$ & $0.127959$ & $0.504037$ & $-0.214495$ & $-0.240615$ & $-0.116131$ & $-0.30787$ & $-0.725203$ & $-0.266277$ \\
mtop & $0.130843$ & $0.455583$ & $1$ & $0.615173$ & $-0.245347$ & $-0.155856$ & $0.344984$ & $-0.361818$ & $-0.321731$ & $0.485728$ & $0.108579$ & $0.360449$ & $-0.264468$ & $0.363089$ & $-0.228243$ & $-0.20114$ & $0.479088$ & $0.449533$ & $0.504725$ & $-0.181597$ & $0.0281667$ & $0.0726554$ & $-0.158386$ & $0.32565$ & $0.537945$ & $0.141189$ & $0.311781$ & $0.0242073$ & $-0.1317$ & $-0.221152$ & $0.112622$ & $0.385743$ & $-0.151973$ & $0.0755073$ & $0.0659286$ & $-0.284085$ & $-0.490787$ & $0.168722$ & $0.288372$ & $0.199708$ & $-0.210796$ & $0.417246$ & $0.426488$ & $-0.317547$ & $-0.626386$ & $-0.550368$ & $0.154918$ & $-0.37056$ & $-0.173292$ \\
mHl & $0.251472$ & $-0.200823$ & $0.615173$ & $1$ & $-0.121717$ & $-0.186801$ & $0.324538$ & $-0.352128$ & $-0.342531$ & $0.510586$ & $0.0477065$ & $0.352821$ & $-0.389018$ & $0.446237$ & $-0.195316$ & $-0.274647$ & $0.560394$ & $0.526968$ & $0.613215$ & $-0.184458$ & $0.0208606$ & $0.0351095$ & $-0.0814108$ & $0.402225$ & $0.608656$ & $0.286677$ & $0.343993$ & $0.0670849$ & $-0.154812$ & $-0.363647$ & $-0.103377$ & $0.322331$ & $-0.343115$ & $-0.0117374$ & $-0.0377612$ & $-0.0883379$ & $-0.0455489$ & $0.165115$ & $0.52538$ & $-0.172114$ & $0.184455$ & $0.125689$ & $0.144024$ & $-0.278548$ & $-0.186931$ & $-0.597713$ & $0.0552725$ & $0.243532$ & $-0.161224$ \\
Mz & $-0.10228$ & $-0.100086$ & $-0.245347$ & $-0.121717$ & $1$ & $0.018207$ & $-0.102496$ & $-0.026235$ & $-0.0543202$ & $0.063275$ & $0.058815$ & $-0.265857$ & $0.172354$ & $0.096808$ & $-0.12378$ & $-0.0766583$ & $0.0239903$ & $0.11456$ & $0.0449795$ & $-0.0340434$ & $-0.0474245$ & $-0.0997011$ & $0.348107$ & $0.0687783$ & $0.041523$ & $-0.19893$ & $0.0500614$ & $0.28428$ & $0.0863844$ & $0.0148134$ & $-0.0909437$ & $-0.114424$ & $-0.0112656$ & $0.0739325$ & $0.220333$ & $-0.0863492$ & $0.137544$ & $0.172103$ & $-0.0517632$ & $0.171202$ & $0.361578$ & $-0.558293$ & $-0.325975$ & $0.0189113$ & $0.145003$ & $0.141565$ & $0.0450746$ & $-0.206261$ & $0.0995985$ \\
CW & $0.0371439$ & $-0.00292434$ & $-0.155856$ & $-0.186801$ & $0.018207$ & $1$ & $-0.25388$ & $0.0695044$ & $0.0644604$ & $-0.182815$ & $0.0707489$ & $-0.205993$ & $0.213045$ & $-0.0866778$ & $0.27797$ & $0.192531$ & $-0.291271$ & $-0.256972$ & $-0.236515$ & $-0.00455874$ & $-0.160941$ & $-0.172885$ & $-0.00781117$ & $-0.0984135$ & $-0.309298$ & $-0.140707$ & $-0.33375$ & $-0.232441$ & $0.0440182$ & $0.258459$ & $0.0722832$ & $-0.230399$ & $0.170418$ & $-0.205742$ & $0.175705$ & $-0.0886146$ & $0.0156103$ & $0.148911$ & $0.0382921$ & $-0.0934623$ & $-0.0941509$ & $-0.133561$ & $0.00622548$ & $-0.00425095$ & $-0.0880013$ & $-0.0995942$ & $-0.0205211$ & $-0.0198547$ & $-0.0807301$ \\
CHG & $-0.160183$ & $0.324718$ & $0.344984$ & $0.324538$ & $-0.102496$ & $-0.25388$ & $1$ & $-0.0947431$ & $-0.0419899$ & $0.161251$ & $-0.0266701$ & $0.848956$ & $-0.900505$ & $0.108776$ & $-0.405941$ & $-0.275303$ & $0.193516$ & $0.284836$ & $0.282391$ & $0.0277457$ & $0.0487436$ & $0.218655$ & $0.106632$ & $0.0519453$ & $0.378429$ & $0.314456$ & $0.570323$ & $0.0632774$ & $-0.240014$ & $-0.664842$ & $-0.299971$ & $0.979277$ & $-0.61202$ & $0.265738$ & $0.196792$ & $-0.416428$ & $0.0946195$ & $-0.447046$ & $0.385252$ & $-0.206754$ & $0.395537$ & $0.333203$ & $0.342993$ & $-0.561081$ & $0.41089$ & $-0.23998$ & $0.0247572$ & $0.0308141$ & $0.123221$ \\
CHWB & $-0.0219709$ & $-0.367126$ & $-0.361818$ & $-0.352128$ & $-0.026235$ & $0.0695044$ & $-0.0947431$ & $1$ & $0.992532$ & $-0.697835$ & $-0.803166$ & $0.0343588$ & $0.0220941$ & $-0.562708$ & $0.103646$ & $0.0891297$ & $-0.74891$ & $-0.623032$ & $-0.664186$ & $0.856633$ & $0.48709$ & $0.569376$ & $-0.0906042$ & $-0.797433$ & $-0.642384$ & $0.0750085$ & $0.161657$ & $-0.195873$ & $0.108297$ & $0.177813$ & $0.309315$ & $-0.0720069$ & $0.354737$ & $0.501381$ & $0.00993117$ & $0.384746$ & $-0.224889$ & $-0.494669$ & $-0.135076$ & $-0.368749$ & $0.0590684$ & $0.224083$ & $-0.246194$ & $0.0407422$ & $0.230439$ & $0.260242$ & $0.459992$ & $0.289607$ & $0.465411$ \\
CHWHB_gaga & $0.00954347$ & $-0.322311$ & $-0.321731$ & $-0.342531$ & $-0.0543202$ & $0.0644604$ & $-0.0419899$ & $0.992532$ & $1$ & $-0.698861$ & $-0.79528$ & $0.0794518$ & $-0.0200024$ & $-0.572355$ & $0.0933188$ & $0.0795885$ & $-0.745733$ & $-0.619594$ & $-0.655791$ & $0.853807$ & $0.489565$ & $0.578967$ & $-0.100626$ & $-0.800208$ & $-0.632193$ & $0.0884711$ & $0.182574$ & $-0.220172$ & $0.0934968$ & $0.167939$ & $0.317763$ & $-0.0196814$ & $0.334299$ & $0.511226$ & $0.00947893$ & $0.346364$ & $-0.253812$ & $-0.508486$ & $-0.137124$ & $-0.376976$ & $0.0322933$ & $0.263399$ & $-0.173146$ & $-0.00280947$ & $0.218203$ & $0.230153$ & $0.470375$ & $0.27315$ & $0.43042$ \\
CHWHB_gagaorth & $-0.0811212$ & $0.283338$ & $0.485728$ & $0.510586$ & $0.063275$ & $-0.182815$ & $0.161251$ & $-0.697835$ & $-0.698861$ & $1$ & $0.204701$ & $0.0155323$ & $-0.0536681$ & $0.890143$ & $-0.276361$ & $-0.21388$ & $0.913549$ & $0.829526$ & $0.818582$ & $-0.398191$ & $-0.0250648$ & $-0.159887$ & $0.134868$ & $0.743036$ & $0.844039$ & $-0.0934743$ & $0.156423$ & $0.463891$ & $-0.0377852$ & $-0.290999$ & $-0.307771$ & $0.139017$ & $-0.322688$ & $-0.118419$ & $-0.11025$ & $-0.226664$ & $0.181738$ & $0.428591$ & $0.110126$ & $0.522094$ & $0.0957974$ & $-0.203339$ & $0.0209286$ & $0.0521149$ & $-0.234605$ & $-0.145132$ & $-0.373472$ & $-0.338749$ & $-0.272245$ \\
CHD & $0.0726531$ & $0.293824$ & $0.108579$ & $0.0477065$ & $0.058815$ & $0.0707489$ & $-0.0266701$ & $-0.803166$ & $-0.79528$ & $0.204701$ & $1$ & $-0.0854547$ & $0.051849$ & $0.0348629$ & $0.0648475$ & $0.0420162$ & $0.257407$ & $0.174193$ & $0.228052$ & $-0.877715$ & $-0.688119$ & $-0.678368$ & $0.062833$ & $0.479665$ & $0.177634$ & $-0.0635357$ & $-0.353359$ & $-0.094183$ & $-0.0855067$ & $-6.75303e-05$ & $-0.178313$ & $-0.0348121$ & $-0.210046$ & $-0.547327$ & $0.131416$ & $-0.369625$ & $0.14357$ & $0.349563$ & $0.103779$ & $0.101995$ & $-0.135836$ & $-0.182807$ & $0.289524$ & $-0.101174$ & $-0.147285$ & $-0.24948$ & $-0.306551$ & $-0.172916$ & $-0.395493$ \\
CHbox & $-0.187479$ & $0.185285$ & $0.360449$ & $0.352821$ & $-0.265857$ & $-0.205993$ & $0.848956$ & $0.0343588$ & $0.0794518$ & $0.0155323$ & $-0.0854547$ & $1$ & $-0.948557$ & $-0.0645191$ & $-0.241441$ & $-0.1758$ & $0.0286436$ & $0.0888756$ & $0.137205$ & $0.154054$ & $0.0247515$ & $0.27197$ & $-0.0572355$ & $-0.0816339$ & $0.22809$ & $0.430713$ & $0.504321$ & $-0.133046$ & $-0.27332$ & $-0.59302$ & $-0.165379$ & $0.852102$ & $-0.444108$ & $0.183294$ & $0.129978$ & $-0.221772$ & $0.0217477$ & $-0.634898$ & $0.496687$ & $-0.418948$ & $0.287257$ & $0.583249$ & $0.3093$ & $-0.519045$ & $0.391196$ & $-0.266865$ & $0.102111$ & $0.254501$ & $0.269995$ \\
CH & $0.128213$ & $-0.16446$ & $-0.264468$ & $-0.389018$ & $0.172354$ & $0.213045$ & $-0.900505$ & $0.0220941$ & $-0.0200024$ & $-0.0536681$ & $0.051849$ & $-0.948557$ & $1$ & $-0.0120457$ & $0.295293$ & $0.224478$ & $-0.104152$ & $-0.176297$ & $-0.205431$ & $-0.0693103$ & $-0.00695971$ & $-0.21503$ & $-0.0362035$ & $0.00066255$ & $-0.288303$ & $-0.407668$ & $-0.523655$ & $0.074759$ & $0.295462$ & $0.678589$ & $0.278035$ & $-0.883704$ & $0.612537$ & $-0.213761$ & $-0.192403$ & $0.351548$ & $-0.151227$ & $0.544723$ & $-0.506365$ & $0.421145$ & $-0.423146$ & $-0.395321$ & $-0.337847$ & $0.589408$ & $-0.516677$ & $0.301499$ & $-0.0354788$ & $-0.263376$ & $-0.15373$ \\
CHL1_11 & $-0.100097$ & $0.190457$ & $0.363089$ & $0.446237$ & $0.096808$ & $-0.0866778$ & $0.108776$ & $-0.562708$ & $-0.572355$ & $0.890143$ & $0.0348629$ & $-0.0645191$ & $-0.0120457$ & $1$ & $-0.269339$ & $-0.208989$ & $0.840172$ & $0.796854$ & $0.775366$ & $-0.29924$ & $0.0713755$ & $-0.0924062$ & $0.158614$ & $0.682902$ & $0.79001$ & $-0.122472$ & $0.160723$ & $0.494832$ & $-0.023949$ & $-0.245955$ & $-0.29343$ & $0.080248$ & $-0.274792$ & $-0.0712545$ & $-0.144783$ & $-0.147253$ & $0.236984$ & $0.412091$ & $0.0587268$ & $0.521174$ & $0.143621$ & $-0.263257$ & $-0.0716121$ & $0.108531$ & $-0.160752$ & $-0.0494215$ & $-0.370584$ & $-0.294069$ & $-0.22423$ \\
CHL1_22 & $0.0718542$ & $-0.10389$ & $-0.228243$ & $-0.195316$ & $-0.12378$ & $0.27797$ & $-0.405941$ & $0.103646$ & $0.0933188$ & $-0.276361$ & $0.0648475$ & $-0.241441$ & $0.295293$ & $-0.269339$ & $1$ & $0.534496$ & $-0.291789$ & $-0.635375$ & $-0.417148$ & $0.0431096$ & $-0.249044$ & $-0.222711$ & $-0.299004$ & $-0.0639864$ & $-0.518019$ & $-0.0455002$ & $-0.711454$ & $-0.455836$ & $0.0433123$ & $0.316103$ & $0.110396$ & $-0.388204$ & $0.217598$ & $-0.64728$ & $-0.0428446$ & $0.128787$ & $0.0669915$ & $0.100761$ & $0.0214959$ & $-0.254309$ & $-0.430495$ & $0.0753046$ & $0.0561571$ & $0.215684$ & $-0.14183$ & $-0.0763327$ & $-0.216547$ & $0.283409$ & $-0.188451$ \\
CHL1_33 & $-0.158308$ & $0.0772064$ & $-0.20114$ & $-0.274647$ & $-0.0766583$ & $0.192531$ & $-0.275303$ & $0.0891297$ & $0.0795885$ & $-0.21388$ & $0.0420162$ & $-0.1758$ & $0.224478$ & $-0.208989$ & $0.534496$ & $1$ & $-0.255157$ & $-0.436866$ & $-0.558876$ & $0.0634017$ & $-0.131842$ & $-0.243233$ & $-0.207865$ & $-0.0587967$ & $-0.448102$ & $-0.14239$ & $-0.61574$ & $-0.314242$ & $-0.00952843$ & $0.168081$ & $-0.0343985$ & $-0.27396$ & $0.126864$ & $-0.387343$ & $0.0338498$ & $0.0172331$ & $0.17092$ & $0.0523649$ & $0.0574139$ & $-0.0994266$ & $-0.281409$ & $0.0666063$ & $-0.00167956$ & $0.205469$ & $-0.0552365$ & $-0.000921315$ & $-0.301286$ & $0.120018$ & $-0.0509983$ \\
CHL3_11 & $0.0199121$ & $0.228815$ & $0.479088$ & $0.560394$ & $0.0239903$ & $-0.291271$ & $0.193516$ & $-0.74891$ & $-0.745733$ & $0.913549$ & $0.257407$ & $0.0286436$ & $-0.104152$ & $0.840172$ & $-0.291789$ & $-0.255157$ & $1$ & $0.860689$ & $0.872656$ & $-0.495251$ & $-0.0479736$ & $-0.195514$ & $0.0965867$ & $0.77774$ & $0.892566$ & $-0.0109386$ & $0.189302$ & $0.429458$ & $-0.0668694$ & $-0.304387$ & $-0.288995$ & $0.158447$ & $-0.366014$ & $-0.10659$ & $-0.178725$ & $-0.205841$ & $0.177237$ & $0.42045$ & $0.0892798$ & $0.47771$ & $0.0714031$ & $-0.177951$ & $0.0919952$ & $0.0214856$ & $-0.214522$ & $-0.157533$ & $-0.359745$ & $-0.270616$ & $-0.339488$ \\
CHL3_22 & $0.0047568$ & $0.19818$ & $0.449533$ & $0.526968$ & $0.11456$ & $-0.256972$ & $0.284836$ & $-0.623032$ & $-0.619594$ & $0.829526$ & $0.174193$ & $0.0888756$ & $-0.176297$ & $0.796854$ & $-0.635375$ & $-0.436866$ & $0.860689$ & $1$ & $0.866327$ & $-0.389945$ & $0.033389$ & $-0.0886011$ & $0.259501$ & $0.638488$ & $0.923472$ & $-0.043331$ & $0.442457$ & $0.541469$ & $-0.0415608$ & $-0.35605$ & $-0.288847$ & $0.251441$ & $-0.378749$ & $0.25332$ & $-0.0960282$ & $-0.228619$ & $0.121197$ & $0.328937$ & $0.0728546$ & $0.480615$ & $0.268239$ & $-0.243093$ & $0.0249548$ & $-0.0872625$ & $-0.112537$ & $-0.114302$ & $-0.176295$ & $-0.348759$ & $-0.202751$ \\
CHL3_33 & $0.0983193$ & $0.14107$ & $0.504725$ & $0.613215$ & $0.0449795$ & $-0.236515$ & $0.282391$ & $-0.664186$ & $-0.655791$ & $0.818582$ & $0.228052$ & $0.137205$ & $-0.205431$ & $0.775366$ & $-0.417148$ & $-0.558876$ & $0.872656$ & $0.866327$ & $1$ & $-0.43848$ & $-0.0454425$ & $-0.125615$ & $0.164279$ & $0.684414$ & $0.913916$ & $0.0603454$ & $0.379917$ & $0.419502$ & $-0.0680183$ & $-0.324748$ & $-0.20127$ & $0.258112$ & $-0.357231$ & $0.0185637$ & $-0.123059$ & $-0.19271$ & $0.0557465$ & $0.31983$ & $0.123996$ & $0.363025$ & $0.168151$ & $-0.146371$ & $0.107788$ & $-0.119764$ & $-0.169804$ & $-0.19832$ & $-0.144884$ & $-0.24104$ & $-0.25644$ \\
CHe_11 & $-0.131586$ & $-0.260963$ & $-0.181597$ & $-0.184458$ & $-0.0340434$ & $-0.00455874$ & $0.0277457$ & $0.856633$ & $0.853807$ & $-0.398191$ & $-0.877715$ & $0.154054$ & $-0.0693103$ & $-0.29924$ & $0.0431096$ & $0.0634017$ & $-0.495251$ & $-0.389945$ & $-0.43848$ & $1$ & $0.603174$ & $0.672393$ & $-0.0946953$ & $-0.623487$ & $-0.383362$ & $0.0719974$ & $0.260194$ & $-0.037223$ & $0.0733977$ & $0.0450798$ & $0.210283$ & $0.0517956$ & $0.258878$ & $0.433157$ & $-0.0343637$ & $0.344639$ & $-0.168826$ & $-0.456919$ & $-0.0668836$ & $-0.221898$ & $0.112548$ & $0.247407$ & $-0.269372$ & $0.0614872$ & $0.197525$ & $0.246526$ & $0.344338$ & $0.207157$ & $0.47793$ \\
CHe_22 & $0.0392584$ & $-0.154081$ & $0.0281667$ & $0.0208606$ & $-0.0474245$ & $-0.160941$ & $0.0487436$ & $0.48709$ & $0.489565$ & $-0.0250648$ & $-0.688119$ & $0.0247515$ & $-0.00695971$ & $0.0713755$ & $-0.249044$ & $-0.131842$ & $-0.0479736$ & $0.033389$ & $-0.0454425$ & $0.603174$ & $1$ & $0.594637$ & $-0.0655224$ & $-0.310208$ & $0.0173053$ & $0.0442553$ & $0.414657$ & $0.192447$ & $0.038434$ & $-0.0124225$ & $0.144687$ & $0.0502338$ & $0.152088$ & $0.456349$ & $-0.20737$ & $0.265264$ & $-0.199379$ & $-0.192444$ & $-0.218799$ & $0.10277$ & $0.0636605$ & $0.123334$ & $-0.160558$ & $0.095471$ & $0.0104926$ & $0.22098$ & $0.258236$ & $-0.000973301$ & $0.216156$ \\
CHe_33 & $-0.0441118$ & $-0.135238$ & $0.0726554$ & $0.0351095$ & $-0.0997011$ & $-0.172885$ & $0.218655$ & $0.569376$ & $0.578967$ & $-0.159887$ & $-0.678368$ & $0.27197$ & $-0.21503$ & $-0.0924062$ & $-0.222711$ & $-0.243233$ & $-0.195514$ & $-0.0886011$ & $-0.125615$ & $0.672393$ & $0.594637$ & $1$ & $-0.0723223$ & $-0.47015$ & $-0.0582773$ & $0.151267$ & $0.499017$ & $0.0892643$ & $0.00269363$ & $-0.0974022$ & $0.153589$ & $0.236924$ & $0.106384$ & $0.47554$ & $-0.0656548$ & $0.21906$ & $-0.240469$ & $-0.424509$ & $-0.0371698$ & $-0.0958726$ & $0.146901$ & $0.29429$ & $-0.112018$ & $-0.0802031$ & $0.114017$ & $0.133464$ & $0.371877$ & $0.0707187$ & $0.3768$ \\
CHQ1_11 & $-0.0797483$ & $0.0169576$ & $-0.158386$ & $-0.0814108$ & $0.348107$ & $-0.00781117$ & $0.106632$ & $-0.0906042$ & $-0.100626$ & $0.134868$ & $0.062833$ & $-0.0572355$ & $-0.0362035$ & $0.158614$ & $-0.299004$ & $-0.207865$ & $0.0965867$ & $0.259501$ & $0.164279$ & $-0.0946953$ & $-0.0655224$ & $-0.0723223$ & $1$ & $0.128959$ & $0.206323$ & $-0.461636$ & $0.274497$ & $0.269502$ & $0.0987753$ & $-0.069856$ & $-0.126612$ & $0.0922274$ & $-0.127157$ & $0.205306$ & $0.226773$ & $-0.185081$ & $0.131582$ & $0.0793211$ & $-0.0221211$ & $0.138411$ & $0.409422$ & $-0.407551$ & $-0.175325$ & $-0.136339$ & $0.224512$ & $0.0993647$ & $0.0871782$ & $-0.210849$ & $0.0707566$ \\
CHQ1_33 & $-0.00293109$ & $0.262867$ & $0.32565$ & $0.402225$ & $0.0687783$ & $-0.0984135$ & $0.0519453$ & $-0.797433$ & $-0.800208$ & $0.743036$ & $0.479665$ & $-0.0816339$ & $0.00066255$ & $0.682902$ & $-0.0639864$ & $-0.0587967$ & $0.77774$ & $0.638488$ & $0.684414$ & $-0.623487$ & $-0.310208$ & $-0.47015$ & $0.128959$ & $1$ & $0.65998$ & $-0.111825$ & $-0.0816284$ & $0.331982$ & $-0.0599742$ & $-0.181964$ & $-0.27742$ & $0.0232409$ & $-0.320525$ & $-0.353333$ & $-0.0259466$ & $-0.315357$ & $0.258115$ & $0.508731$ & $0.157753$ & $0.373701$ & $0.0356073$ & $-0.288543$ & $0.112852$ & $0.0295715$ & $-0.19618$ & $-0.234708$ & $-0.427954$ & $-0.263628$ & $-0.397027$ \\
CHQ3_11 & $0.00284213$ & $0.192782$ & $0.537945$ & $0.608656$ & $0.041523$ & $-0.309298$ & $0.378429$ & $-0.642384$ & $-0.632193$ & $0.844039$ & $0.177634$ & $0.22809$ & $-0.288303$ & $0.79001$ & $-0.518019$ & $-0.448102$ & $0.892566$ & $0.923472$ & $0.913916$ & $-0.383362$ & $0.0173053$ & $-0.0582773$ & $0.206323$ & $0.65998$ & $1$ & $0.0526337$ & $0.511963$ & $0.493786$ & $-0.0898287$ & $-0.417878$ & $-0.252879$ & $0.347565$ & $-0.399299$ & $0.113986$ & $-0.135631$ & $-0.19523$ & $0.0820478$ & $0.221061$ & $0.128218$ & $0.414257$ & $0.245771$ & $-0.0960231$ & $0.0750044$ & $-0.134663$ & $-0.10795$ & $-0.142003$ & $-0.145371$ & $-0.280644$ & $-0.160762$ \\
CHu_11 & $0.0530875$ & $-0.172346$ & $0.141189$ & $0.286677$ & $-0.19893$ & $-0.140707$ & $0.314456$ & $0.0750085$ & $0.0884711$ & $-0.0934743$ & $-0.0635357$ & $0.430713$ & $-0.407668$ & $-0.122472$ & $-0.0455002$ & $-0.14239$ & $-0.0109386$ & $-0.043331$ & $0.0603454$ & $0.0719974$ & $0.0442553$ & $0.151267$ & $-0.461636$ & $-0.111825$ & $0.0526337$ & $1$ & $0.297825$ & $-0.137804$ & $-0.182058$ & $-0.215716$ & $0.0293706$ & $0.319366$ & $-0.0930115$ & $0.0411828$ & $-0.0777407$ & $0.106034$ & $-0.0410231$ & $-0.339345$ & $0.225096$ & $-0.347666$ & $0.102257$ & $0.386388$ & $0.0921196$ & $-0.179762$ & $0.175485$ & $-0.121922$ & $0.15982$ & $0.318694$ & $0.17199$ \\
CHd_11 & $0.0442875$ & $-0.0616633$ & $0.311781$ & $0.343993$ & $0.0500614$ & $-0.33375$ & $0.570323$ & $0.161657$ & $0.182574$ & $0.156423$ & $-0.353359$ & $0.504321$ & $-0.523655$ & $0.160723$ & $-0.711454$ & $-0.61574$ & $0.189302$ & $0.442457$ & $0.379917$ & $0.260194$ & $0.414657$ & $0.499017$ & $0.274497$ & $-0.0816284$ & $0.511963$ & $0.297825$ & $1$ & $0.343805$ & $-0.087359$ & $-0.399022$ & $0.0325037$ & $0.566649$ & $-0.199496$ & $0.669267$ & $-0.0277137$ & $0.00693918$ & $-0.226089$ & $-0.386672$ & $0.0463725$ & $0.00751843$ & $0.467124$ & $0.177921$ & $-0.0122029$ & $-0.363164$ & $0.209444$ & $0.0287699$ & $0.478024$ & $-0.0937458$ & $0.32605$ \\
CHd_33 & $-0.384926$ & $0.0798633$ & $0.0242073$ & $0.0670849$ & $0.28428$ & $-0.232441$ & $0.0632774$ & $-0.195873$ & $-0.220172$ & $0.463891$ & $-0.094183$ & $-0.133046$ & $0.074759$ & $0.494832$ & $-0.455836$ & $-0.314242$ & $0.429458$ & $0.541469$ & $0.419502$ & $-0.037223$ & $0.192447$ & $0.0892643$ & $0.269502$ & $0.331982$ & $0.493786$ & $-0.137804$ & $0.343805$ & $1$ & $0.0587701$ & $-0.162495$ & $-0.221706$ & $0.0324027$ & $-0.0368806$ & $0.244766$ & $-0.137697$ & $0.0753056$ & $0.281618$ & $0.126633$ & $-0.127598$ & $0.599342$ & $0.379841$ & $-0.319992$ & $-0.44134$ & $0.271121$ & $0.109661$ & $0.370316$ & $-0.234226$ & $-0.313054$ & $0.207862$ \\
CeH_22r & $-0.0678239$ & $-0.0896326$ & $-0.1317$ & $-0.154812$ & $0.0863844$ & $0.0440182$ & $-0.240014$ & $0.108297$ & $0.0934968$ & $-0.0377852$ & $-0.0855067$ & $-0.27332$ & $0.295462$ & $-0.023949$ & $0.0433123$ & $-0.00952843$ & $-0.0668694$ & $-0.0415608$ & $-0.0680183$ & $0.0733977$ & $0.038434$ & $0.00269363$ & $0.0987753$ & $-0.0599742$ & $-0.0898287$ & $-0.182058$ & $-0.087359$ & $0.0587701$ & $1$ & $0.182551$ & $0.103412$ & $-0.249915$ & $0.233925$ & $0.0759754$ & $-0.0896576$ & $0.18449$ & $-0.0115233$ & $0.0781939$ & $-0.178588$ & $0.124301$ & $-0.073219$ & $-0.107912$ & $-0.234799$ & $0.26382$ & $-0.0809128$ & $0.185789$ & $-0.0122056$ & $-0.0740301$ & $0.0755261$ \\
CeH_33r & $0.192009$ & $-0.14589$ & $-0.221152$ & $-0.363647$ & $0.0148134$ & $0.258459$ & $-0.664842$ & $0.177813$ & $0.167939$ & $-0.290999$ & $-6.75303e-05$ & $-0.59302$ & $0.678589$ & $-0.245955$ & $0.316103$ & $0.168081$ & $-0.304387$ & $-0.35605$ & $-0.324748$ & $0.0450798$ & $-0.0124225$ & $-0.0974022$ & $-0.069856$ & $-0.181964$ & $-0.417878$ & $-0.215716$ & $-0.399022$ & $-0.162495$ & $0.182551$ & $1$ & $0.444242$ & $-0.590859$ & $0.754705$ & $-0.154766$ & $-0.0782146$ & $0.258504$ & $-0.24977$ & $0.261955$ & $-0.354274$ & $0.100636$ & $-0.393112$ & $-0.136394$ & $-0.113989$ & $0.321699$ & $-0.374491$ & $0.145663$ & $0.126284$ & $-0.0991909$ & $-0.0915228$ \\
CuH_22r & $0.313581$ & $-0.173164$ & $0.112622$ & $-0.103377$ & $-0.0909437$ & $0.0722832$ & $-0.299971$ & $0.309315$ & $0.317763$ & $-0.307771$ & $-0.178313$ & $-0.165379$ & $0.278035$ & $-0.29343$ & $0.110396$ & $-0.0343985$ & $-0.288995$ & $-0.288847$ & $-0.20127$ & $0.210283$ & $0.144687$ & $0.153589$ & $-0.126612$ & $-0.27742$ & $-0.252879$ & $0.0293706$ & $0.0325037$ & $-0.221706$ & $0.103412$ & $0.444242$ & $1$ & $-0.222996$ & $0.561529$ & $0.0890109$ & $-0.0419256$ & $0.265407$ & $-0.604648$ & $-0.0183003$ & $-0.197307$ & $-0.0988846$ & $-0.322295$ & $0.213812$ & $0.045184$ & $0.0159181$ & $-0.406151$ & $-0.0419013$ & $0.528066$ & $-0.0379591$ & $0.0692146$ \\
CuH_33r & $-0.147972$ & $0.342874$ & $0.385743$ & $0.322331$ & $-0.114424$ & $-0.230399$ & $0.979277$ & $-0.0720069$ & $-0.0196814$ & $0.139017$ & $-0.0348121$ & $0.852102$ & $-0.883704$ & $0.080248$ & $-0.388204$ & $-0.27396$ & $0.158447$ & $0.251441$ & $0.258112$ & $0.0517956$ & $0.0502338$ & $0.236924$ & $0.0922274$ & $0.0232409$ & $0.347565$ & $0.319366$ & $0.566649$ & $0.0324027$ & $-0.249915$ & $-0.590859$ & $-0.222996$ & $1$ & $-0.51524$ & $0.262671$ & $0.232442$ & $-0.42196$ & $0.0279617$ & $-0.447962$ & $0.397359$ & $-0.220272$ & $0.36762$ & $0.367209$ & $0.359225$ & $-0.581392$ & $0.356603$ & $-0.276143$ & $0.0765355$ & $0.00996339$ & $0.135456$ \\
CdH_33r & $-0.0710128$ & $-0.236739$ & $-0.151973$ & $-0.343115$ & $-0.0112656$ & $0.170418$ & $-0.61202$ & $0.354737$ & $0.334299$ & $-0.322688$ & $-0.210046$ & $-0.444108$ & $0.612537$ & $-0.274792$ & $0.217598$ & $0.126864$ & $-0.366014$ & $-0.378749$ & $-0.357231$ & $0.258878$ & $0.152088$ & $0.106384$ & $-0.127157$ & $-0.320525$ & $-0.399299$ & $-0.0930115$ & $-0.199496$ & $-0.0368806$ & $0.233925$ & $0.754705$ & $0.561529$ & $-0.51524$ & $1$ & $-0.013891$ & $-0.125377$ & $0.506437$ & $-0.334456$ & $-0.00926611$ & $-0.300868$ & $0.110524$ & $-0.290301$ & $0.0890568$ & $-0.385253$ & $0.418031$ & $-0.339247$ & $0.309979$ & $0.262001$ & $-0.0303497$ & $0.319184$ \\
CLL_1221 & $0.0198786$ & $-0.0200149$ & $0.0755073$ & $-0.0117374$ & $0.0739325$ & $-0.205742$ & $0.265738$ & $0.501381$ & $0.511226$ & $-0.118419$ & $-0.547327$ & $0.183294$ & $-0.213761$ & $-0.0712545$ & $-0.64728$ & $-0.387343$ & $-0.10659$ & $0.25332$ & $0.0185637$ & $0.433157$ & $0.456349$ & $0.47554$ & $0.205306$ & $-0.353333$ & $0.113986$ & $0.0411828$ & $0.669267$ & $0.244766$ & $0.0759754$ & $-0.154766$ & $0.0890109$ & $0.262671$ & $-0.013891$ & $1$ & $0.0328347$ & $0.0318661$ & $-0.243995$ & $-0.279652$ & $-0.127005$ & $0.0604589$ & $0.302435$ & $0.0549357$ & $-0.0737861$ & $-0.195696$ & $0.137361$ & $0.138277$ & $0.432314$ & $-0.174739$ & $0.282297$ \\
eHggint & $-0.168479$ & $0.222996$ & $0.0659286$ & $-0.0377612$ & $0.220333$ & $0.175705$ & $0.196792$ & $0.00993117$ & $0.00947893$ & $-0.11025$ & $0.131416$ & $0.129978$ & $-0.192403$ & $-0.144783$ & $-0.0428446$ & $0.0338498$ & $-0.178725$ & $-0.0960282$ & $-0.123059$ & $-0.0343637$ & $-0.20737$ & $-0.0656548$ & $0.226773$ & $-0.0259466$ & $-0.135631$ & $-0.0777407$ & $-0.0277137$ & $-0.137697$ & $-0.0896576$ & $-0.0782146$ & $-0.0419256$ & $0.232442$ & $-0.125377$ & $0.0328347$ & $1$ & $-0.675248$ & $-0.108012$ & $0.074697$ & $0.587667$ & $-0.293523$ & $0.512904$ & $-0.294789$ & $0.0482505$ & $-0.629158$ & $0.0918109$ & $-0.530591$ & $0.308012$ & $-0.233574$ & $0.180874$ \\
eHggpar & $-0.0694782$ & $-0.657796$ & $-0.284085$ & $-0.0883379$ & $-0.0863492$ & $-0.0886146$ & $-0.416428$ & $0.384746$ & $0.346364$ & $-0.226664$ & $-0.369625$ & $-0.221772$ & $0.351548$ & $-0.147253$ & $0.128787$ & $0.0172331$ & $-0.205841$ & $-0.228619$ & $-0.19271$ & $0.344639$ & $0.265264$ & $0.21906$ & $-0.185081$ & $-0.315357$ & $-0.19523$ & $0.106034$ & $0.00693918$ & $0.0753056$ & $0.18449$ & $0.258504$ & $0.265407$ & $-0.42196$ & $0.506437$ & $0.0318661$ & $-0.675248$ & $1$ & $-0.0296141$ & $-0.290674$ & $-0.354213$ & $-0.00724438$ & $-0.247523$ & $0.279778$ & $-0.569699$ & $0.682597$ & $-0.0131247$ & $0.579767$ & $0.077458$ & $0.461331$ & $0.393704$ \\
eHWWint & $-0.484028$ & $-0.0697975$ & $-0.490787$ & $-0.0455489$ & $0.137544$ & $0.0156103$ & $0.0946195$ & $-0.224889$ & $-0.253812$ & $0.181738$ & $0.14357$ & $0.0217477$ & $-0.151227$ & $0.236984$ & $0.0669915$ & $0.17092$ & $0.177237$ & $0.121197$ & $0.0557465$ & $-0.168826$ & $-0.199379$ & $-0.240469$ & $0.131582$ & $0.258115$ & $0.0820478$ & $-0.0410231$ & $-0.226089$ & $0.281618$ & $-0.0115233$ & $-0.24977$ & $-0.604648$ & $0.0279617$ & $-0.334456$ & $-0.243995$ & $-0.108012$ & $-0.0296141$ & $1$ & $-0.0134571$ & $0.18173$ & $0.0612067$ & $0.389766$ & $-0.31913$ & $-0.326402$ & $0.279597$ & $0.660485$ & $0.280654$ & $-0.778465$ & $0.286125$ & $0.0316275$ \\
eHWWpar & $0.322867$ & $0.143782$ & $0.168722$ & $0.165115$ & $0.172103$ & $0.148911$ & $-0.447046$ & $-0.494669$ & $-0.508486$ & $0.428591$ & $0.349563$ & $-0.634898$ & $0.544723$ & $0.412091$ & $0.100761$ & $0.0523649$ & $0.42045$ & $0.328937$ & $0.31983$ & $-0.456919$ & $-0.192444$ & $-0.424509$ & $0.0793211$ & $0.508731$ & $0.221061$ & $-0.339345$ & $-0.386672$ & $0.126633$ & $0.0781939$ & $0.261955$ & $-0.0183003$ & $-0.447962$ & $-0.00926611$ & $-0.279652$ & $0.074697$ & $-0.290674$ & $-0.0134571$ & $1$ & $-0.110671$ & $0.40927$ & $-0.206304$ & $-0.570435$ & $0.0960133$ & $0.16403$ & $-0.542617$ & $-0.292274$ & $-0.224172$ & $-0.403638$ & $-0.613912$ \\
eHZZint & $-0.238714$ & $-0.0548094$ & $0.288372$ & $0.52538$ & $-0.0517632$ & $0.0382921$ & $0.385252$ & $-0.135076$ & $-0.137124$ & $0.110126$ & $0.103779$ & $0.496687$ & $-0.506365$ & $0.0587268$ & $0.0214959$ & $0.0574139$ & $0.0892798$ & $0.0728546$ & $0.123996$ & $-0.0668836$ & $-0.218799$ & $-0.0371698$ & $-0.0221211$ & $0.157753$ & $0.128218$ & $0.225096$ & $0.0463725$ & $-0.127598$ & $-0.178588$ & $-0.354274$ & $-0.197307$ & $0.397359$ & $-0.300868$ & $-0.127005$ & $0.587667$ & $-0.354213$ & $0.18173$ & $-0.110671$ & $1$ & $-0.495923$ & $0.476101$ & $0.081805$ & $-0.00430262$ & $-0.484861$ & $0.153424$ & $-0.670778$ & $0.0549827$ & $0.235644$ & $0.234058$ \\
eHZZpar & $-0.244858$ & $0.475969$ & $0.199708$ & $-0.172114$ & $0.171202$ & $-0.0934623$ & $-0.206754$ & $-0.368749$ & $-0.376976$ & $0.522094$ & $0.101995$ & $-0.418948$ & $0.421145$ & $0.521174$ & $-0.254309$ & $-0.0994266$ & $0.47771$ & $0.480615$ & $0.363025$ & $-0.221898$ & $0.10277$ & $-0.0958726$ & $0.138411$ & $0.373701$ & $0.414257$ & $-0.347666$ & $0.00751843$ & $0.599342$ & $0.124301$ & $0.100636$ & $-0.0988846$ & $-0.220272$ & $0.110524$ & $0.0604589$ & $-0.293523$ & $-0.00724438$ & $0.0612067$ & $0.40927$ & $-0.495923$ & $1$ & $-0.177876$ & $-0.25885$ & $-0.141727$ & $0.442956$ & $-0.361129$ & $0.434705$ & $-0.405517$ & $-0.696414$ & $-0.165159$ \\
eHZgaint & $-0.402692$ & $-0.211073$ & $-0.210796$ & $0.184455$ & $0.361578$ & $-0.0941509$ & $0.395537$ & $0.0590684$ & $0.0322933$ & $0.0957974$ & $-0.135836$ & $0.287257$ & $-0.423146$ & $0.143621$ & $-0.430495$ & $-0.281409$ & $0.0714031$ & $0.268239$ & $0.168151$ & $0.112548$ & $0.0636605$ & $0.146901$ & $0.409422$ & $0.0356073$ & $0.245771$ & $0.102257$ & $0.467124$ & $0.379841$ & $-0.073219$ & $-0.393112$ & $-0.322295$ & $0.36762$ & $-0.290301$ & $0.302435$ & $0.512904$ & $-0.247523$ & $0.389766$ & $-0.206304$ & $0.476101$ & $-0.177876$ & $1$ & $-0.405693$ & $-0.438884$ & $-0.36178$ & $0.656234$ & $-0.03387$ & $0.102168$ & $0.103975$ & $0.498623$ \\
eHZgapar & $-0.0598843$ & $0.127959$ & $0.417246$ & $0.125689$ & $-0.558293$ & $-0.133561$ & $0.333203$ & $0.224083$ & $0.263399$ & $-0.203339$ & $-0.182807$ & $0.583249$ & $-0.395321$ & $-0.263257$ & $0.0753046$ & $0.0666063$ & $-0.177951$ & $-0.243093$ & $-0.146371$ & $0.247407$ & $0.123334$ & $0.29429$ & $-0.407551$ & $-0.288543$ & $-0.0960231$ & $0.386388$ & $0.177921$ & $-0.319992$ & $-0.107912$ & $-0.136394$ & $0.213812$ & $0.367209$ & $0.0890568$ & $0.0549357$ & $-0.294789$ & $0.279778$ & $-0.31913$ & $-0.570435$ & $0.081805$ & $-0.25885$ & $-0.405693$ & $1$ & $0.289487$ & $-0.0262781$ & $-0.12489$ & $-0.035848$ & $0.141021$ & $0.272271$ & $0.22739$ \\
eHgagaint & $0.585107$ & $0.504037$ & $0.426488$ & $0.144024$ & $-0.325975$ & $0.00622548$ & $0.342993$ & $-0.246194$ & $-0.173146$ & $0.0209286$ & $0.289524$ & $0.3093$ & $-0.337847$ & $-0.0716121$ & $0.0561571$ & $-0.00167956$ & $0.0919952$ & $0.0249548$ & $0.107788$ & $-0.269372$ & $-0.160558$ & $-0.112018$ & $-0.175325$ & $0.112852$ & $0.0750044$ & $0.0921196$ & $-0.0122029$ & $-0.44134$ & $-0.234799$ & $-0.113989$ & $0.045184$ & $0.359225$ & $-0.385253$ & $-0.0737861$ & $0.0482505$ & $-0.569699$ & $-0.326402$ & $0.0960133$ & $-0.00430262$ & $-0.141727$ & $-0.438884$ & $0.289487$ & $1$ & $-0.54305$ & $-0.270137$ & $-0.521688$ & $0.0588881$ & $-0.190331$ & $-0.699563$ \\
eHmumuint & $-0.279336$ & $-0.214495$ & $-0.317547$ & $-0.278548$ & $0.0189113$ & $-0.00425095$ & $-0.561081$ & $0.0407422$ & $-0.00280947$ & $0.0521149$ & $-0.101174$ & $-0.519045$ & $0.589408$ & $0.108531$ & $0.215684$ & $0.205469$ & $0.0214856$ & $-0.0872625$ & $-0.119764$ & $0.0614872$ & $0.095471$ & $-0.0802031$ & $-0.136339$ & $0.0295715$ & $-0.134663$ & $-0.179762$ & $-0.363164$ & $0.271121$ & $0.26382$ & $0.321699$ & $0.0159181$ & $-0.581392$ & $0.418031$ & $-0.195696$ & $-0.629158$ & $0.682597$ & $0.279597$ & $0.16403$ & $-0.484861$ & $0.442956$ & $-0.36178$ & $-0.0262781$ & $-0.54305$ & $1$ & $-0.117026$ & $0.641729$ & $-0.458471$ & $0.094113$ & $0.0990249$ \\
eHtautauint & $-0.392543$ & $-0.240615$ & $-0.626386$ & $-0.186931$ & $0.145003$ & $-0.0880013$ & $0.41089$ & $0.230439$ & $0.218203$ & $-0.234605$ & $-0.147285$ & $0.391196$ & $-0.516677$ & $-0.160752$ & $-0.14183$ & $-0.0552365$ & $-0.214522$ & $-0.112537$ & $-0.169804$ & $0.197525$ & $0.0104926$ & $0.114017$ & $0.224512$ & $-0.19618$ & $-0.10795$ & $0.175485$ & $0.209444$ & $0.109661$ & $-0.0809128$ & $-0.374491$ & $-0.406151$ & $0.356603$ & $-0.339247$ & $0.137361$ & $0.0918109$ & $-0.0131247$ & $0.660485$ & $-0.542617$ & $0.153424$ & $-0.361129$ & $0.656234$ & $-0.12489$ & $-0.270137$ & $-0.117026$ & $1$ & $0.333261$ & $-0.20653$ & $0.465332$ & $0.383527$ \\
eHccint & $-0.419943$ & $-0.116131$ & $-0.550368$ & $-0.597713$ & $0.141565$ & $-0.0995942$ & $-0.23998$ & $0.260242$ & $0.230153$ & $-0.145132$ & $-0.24948$ & $-0.266865$ & $0.301499$ & $-0.0494215$ & $-0.0763327$ & $-0.000921315$ & $-0.157533$ & $-0.114302$ & $-0.19832$ & $0.246526$ & $0.22098$ & $0.133464$ & $0.0993647$ & $-0.234708$ & $-0.142003$ & $-0.121922$ & $0.0287699$ & $0.370316$ & $0.185789$ & $0.145663$ & $-0.0419013$ & $-0.276143$ & $0.309979$ & $0.138277$ & $-0.530591$ & $0.579767$ & $0.280654$ & $-0.292274$ & $-0.670778$ & $0.434705$ & $-0.03387$ & $-0.035848$ & $-0.521688$ & $0.641729$ & $0.333261$ & $1$ & $-0.258891$ & $-0.00817825$ & $0.375802$ \\
eHccpar & $0.424823$ & $-0.30787$ & $0.154918$ & $0.0552725$ & $0.0450746$ & $-0.0205211$ & $0.0247572$ & $0.459992$ & $0.470375$ & $-0.373472$ & $-0.306551$ & $0.102111$ & $-0.0354788$ & $-0.370584$ & $-0.216547$ & $-0.301286$ & $-0.359745$ & $-0.176295$ & $-0.144884$ & $0.344338$ & $0.258236$ & $0.371877$ & $0.0871782$ & $-0.427954$ & $-0.145371$ & $0.15982$ & $0.478024$ & $-0.234226$ & $-0.0122056$ & $0.126284$ & $0.528066$ & $0.0765355$ & $0.262001$ & $0.432314$ & $0.308012$ & $0.077458$ & $-0.778465$ & $-0.224172$ & $0.0549827$ & $-0.405517$ & $0.102168$ & $0.141021$ & $0.0588881$ & $-0.458471$ & $-0.20653$ & $-0.258891$ & $1$ & $-0.0117663$ & $0.273789$ \\
eHbbint & $0.0691288$ & $-0.725203$ & $-0.37056$ & $0.243532$ & $-0.206261$ & $-0.0198547$ & $0.0308141$ & $0.289607$ & $0.27315$ & $-0.338749$ & $-0.172916$ & $0.254501$ & $-0.263376$ & $-0.294069$ & $0.283409$ & $0.120018$ & $-0.270616$ & $-0.348759$ & $-0.24104$ & $0.207157$ & $-0.000973301$ & $0.0707187$ & $-0.210849$ & $-0.263628$ & $-0.280644$ & $0.318694$ & $-0.0937458$ & $-0.313054$ & $-0.0740301$ & $-0.0991909$ & $-0.0379591$ & $0.00996339$ & $-0.0303497$ & $-0.174739$ & $-0.233574$ & $0.461331$ & $0.286125$ & $-0.403638$ & $0.235644$ & $-0.696414$ & $0.103975$ & $0.272271$ & $-0.190331$ & $0.094113$ & $0.465332$ & $-0.00817825$ & $-0.0117663$ & $1$ & $0.191872$ \\
eHbbpar & $-0.689212$ & $-0.266277$ & $-0.173292$ & $-0.161224$ & $0.0995985$ & $-0.0807301$ & $0.123221$ & $0.465411$ & $0.43042$ & $-0.272245$ & $-0.395493$ & $0.269995$ & $-0.15373$ & $-0.22423$ & $-0.188451$ & $-0.0509983$ & $-0.339488$ & $-0.202751$ & $-0.25644$ & $0.47793$ & $0.216156$ & $0.3768$ & $0.0707566$ & $-0.397027$ & $-0.160762$ & $0.17199$ & $0.32605$ & $0.207862$ & $0.0755261$ & $-0.0915228$ & $0.0692146$ & $0.135456$ & $0.319184$ & $0.282297$ & $0.180874$ & $0.393704$ & $0.0316275$ & $-0.613912$ & $0.234058$ & $-0.165159$ & $0.498623$ & $0.22739$ & $-0.699563$ & $0.0990249$ & $0.383527$ & $0.375802$ & $0.273789$ & $0.191872$ & $1$ \\
