 & AlsMz & dAle5Mz & mtop & mHl & Mz & CW & CHG & CHWB & CHWHB_gaga & CHWHB_gagaorth & CHD & CHbox & CH & CHL1_11 & CHL1_22 & CHL1_33 & CHL3_11 & CHL3_22 & CHL3_33 & CHe_11 & CHe_22 & CHe_33 & CHQ1_11 & CHQ1_33 & CHQ3_11 & CHu_11 & CHd_11 & CHd_33 & CeH_22r & CeH_33r & CuH_22r & CuH_33r & CdH_33r & CLL_1221 & eHggint & eHggpar & eHWWint & eHWWpar & eHZZint & eHZZpar & eHZgaint & eHZgapar & eHgagaint & eHmumuint & eHtautauint & eHccint & eHccpar & eHbbint & eHbbpar \\
AlsMz & $1$ & $-0.0565261$ & $-0.0927874$ & $-0.111465$ & $0.00169116$ & $-0.00425161$ & $-0.0365084$ & $0.00905895$ & $0.0182808$ & $-0.00900267$ & $-0.0166485$ & $-0.00809805$ & $-0.00991401$ & $0.00516162$ & $0.00634143$ & $-0.0101122$ & $-0.00605602$ & $-0.00482$ & $0.00808061$ & $0.00837666$ & $0.00673361$ & $0.0064648$ & $-0.0213671$ & $-0.0747871$ & $-0.120322$ & $-0.0366678$ & $-0.0281792$ & $-0.0067138$ & $-0.0077357$ & $-0.00510045$ & $-0.00763673$ & $-0.0340573$ & $0.0175853$ & $-0.00621632$ & $-0.0940184$ & $0.0247642$ & $0.0821152$ & $-0.00494122$ & $-0.0054758$ & $-0.0144036$ & $0.0699966$ & $0.0134311$ & $0.0834663$ & $0.00649464$ & $-0.0335436$ & $0.00905951$ & $0.00938158$ & $-0.0441182$ & $0.0767221$ \\
dAle5Mz & $-0.0565261$ & $1$ & $0.00521785$ & $-0.0655847$ & $0.026866$ & $0.0121075$ & $0.00325202$ & $-0.119059$ & $-0.115458$ & $0.0772431$ & $0.0749057$ & $0.0485008$ & $0.0411399$ & $0.0200886$ & $-0.0203056$ & $-0.00989498$ & $0.0591768$ & $0.0682849$ & $0.0598555$ & $-0.0467401$ & $-0.0521165$ & $-0.0498043$ & $0.0141957$ & $0.0767531$ & $0.072549$ & $0.00921848$ & $-0.0310991$ & $-0.00755929$ & $-0.00708848$ & $0.00867493$ & $0.0583655$ & $0.0054651$ & $0.0362384$ & $-0.0157866$ & $0.0427307$ & $-0.0960836$ & $-0.029675$ & $-0.00819289$ & $-0.0215806$ & $0.00483747$ & $0.0858644$ & $-0.0479859$ & $-0.0199948$ & $0.0606181$ & $-0.073894$ & $0.0402809$ & $0.0851453$ & $-0.0177739$ & $0.0490524$ \\
mtop & $-0.0927874$ & $0.00521785$ & $1$ & $-0.112202$ & $-0.00901763$ & $0.00419079$ & $0.0244461$ & $-0.0129696$ & $-0.0205176$ & $0.035327$ & $0.00730551$ & $0.0327982$ & $0.0312445$ & $0.0224075$ & $-0.0128844$ & $0.0132427$ & $0.0248632$ & $0.0375311$ & $0.0098721$ & $0.00340102$ & $0.000189533$ & $-0.00498371$ & $-0.018761$ & $0.0227947$ & $0.0273141$ & $0.00558617$ & $-0.021296$ & $-0.00228774$ & $0.0102992$ & $-0.0537677$ & $-0.0412147$ & $0.0261871$ & $-0.0625547$ & $0.00262125$ & $0.100881$ & $0.0319554$ & $0.115366$ & $0.00671257$ & $0.00310264$ & $0.000816955$ & $-0.0531801$ & $0.035874$ & $-0.0392514$ & $-0.0902043$ & $0.00200303$ & $0.123395$ & $-0.0174493$ & $0.0349827$ & $-0.0982851$ \\
mHl & $-0.111465$ & $-0.0655847$ & $-0.112202$ & $1$ & $0.0116947$ & $0.0110621$ & $-0.0310181$ & $-0.00754049$ & $-0.00352755$ & $0.00365582$ & $0.00471372$ & $-0.00367337$ & $0.00228309$ & $0.00264832$ & $-0.0169259$ & $-0.00931962$ & $0.0131953$ & $0.0193622$ & $0.00743501$ & $-0.00876341$ & $-0.00496728$ & $-0.00930076$ & $-0.000693434$ & $0.0224373$ & $0.034367$ & $0.00483033$ & $0.0182383$ & $-0.0004613$ & $0.0190617$ & $0.0388984$ & $0.0464599$ & $-0.030168$ & $0.12535$ & $0.00738254$ & $-0.117632$ & $0.0770097$ & $-0.0282443$ & $-0.0225877$ & $0.0932198$ & $-0.00727929$ & $0.0742427$ & $-0.00507666$ & $0.0209793$ & $0.0603175$ & $0.0312934$ & $-0.0573744$ & $0.102554$ & $0.0500317$ & $0.174212$ \\
Mz & $0.00169116$ & $0.026866$ & $-0.00901763$ & $0.0116947$ & $1$ & $0.00744685$ & $-0.000997119$ & $0.025312$ & $0.0266295$ & $-0.0139023$ & $-0.00412221$ & $-0.000323904$ & $-0.000488553$ & $-0.0124269$ & $0.00889395$ & $-0.00409462$ & $-0.0233572$ & $-0.0332662$ & $-0.0237458$ & $0.00929324$ & $0.0154464$ & $0.0171372$ & $0.0196684$ & $-0.0360497$ & $-0.0340341$ & $-0.0251165$ & $0.00396015$ & $0.0137605$ & $-0.00997342$ & $0.00476337$ & $-0.00302481$ & $-0.00475621$ & $0.0071782$ & $0.0128662$ & $0.00651213$ & $0.00268705$ & $-0.0023642$ & $0.00674346$ & $-0.0236089$ & $0.00168872$ & $0.0111756$ & $0.0144582$ & $0.016694$ & $0.005623$ & $0.010372$ & $-0.0070051$ & $-0.0168493$ & $0.0059795$ & $0.0209597$ \\
CW & $-0.00425161$ & $0.0121075$ & $0.00419079$ & $0.0110621$ & $0.00744685$ & $1$ & $0.00529526$ & $-0.138118$ & $-0.130242$ & $0.0136282$ & $0.189257$ & $0.0562566$ & $0.0495782$ & $0.0206354$ & $-0.0667048$ & $-0.0885131$ & $-0.271761$ & $-0.0571352$ & $-0.0384015$ & $-0.185145$ & $-0.192328$ & $-0.188822$ & $-0.0450855$ & $0.00997908$ & $-0.0844625$ & $0.134066$ & $-0.0811569$ & $-0.0678939$ & $0.0010504$ & $0.00686377$ & $0.000383597$ & $0.0147887$ & $0.0272313$ & $-0.137302$ & $0.0145216$ & $-0.00086109$ & $-0.0102763$ & $0.00748353$ & $-0.0208627$ & $0.0184779$ & $0.00564188$ & $0.00176946$ & $0.0376102$ & $-0.0170772$ & $0.00237507$ & $-0.0144159$ & $-0.00536258$ & $0.0268824$ & $0.0175606$ \\
CHG & $-0.0365084$ & $0.00325202$ & $0.0244461$ & $-0.0310181$ & $-0.000997119$ & $0.00529526$ & $1$ & $0.00672337$ & $0.0671789$ & $-0.0168743$ & $-0.00213822$ & $-0.0424172$ & $-0.0418723$ & $-0.0058272$ & $-0.00234473$ & $0.018472$ & $-0.0094848$ & $-0.00539126$ & $-0.0213377$ & $0.00301408$ & $0.00246076$ & $0.00138623$ & $-0.00136131$ & $0.00260403$ & $-0.0181466$ & $-0.00539452$ & $-0.0120901$ & $-0.00191566$ & $0.0264814$ & $-0.0679451$ & $-0.0299432$ & $0.93312$ & $-0.0773065$ & $0.00774525$ & $-0.0294145$ & $-0.0532832$ & $0.00322775$ & $0.0041872$ & $-0.0108477$ & $-0.0183311$ & $-0.0298386$ & $-0.0317277$ & $0.00874372$ & $0.0242175$ & $0.0283181$ & $-0.0456324$ & $0.0153201$ & $0.00182703$ & $-0.0020265$ \\
CHWB & $0.00905895$ & $-0.119059$ & $-0.0129696$ & $-0.00754049$ & $0.025312$ & $-0.138118$ & $0.00672337$ & $1$ & $0.980281$ & $-0.558242$ & $-0.890754$ & $-0.322761$ & $-0.25072$ & $0.186134$ & $0.293227$ & $0.291637$ & $-0.137115$ & $-0.360401$ & $-0.354247$ & $0.860886$ & $0.905629$ & $0.887607$ & $0.0738801$ & $-0.627533$ & $-0.310464$ & $-0.520148$ & $0.425202$ & $0.295868$ & $0.00200901$ & $0.00441695$ & $0.000318817$ & $-0.0117939$ & $-0.00563909$ & $0.537379$ & $-0.0320859$ & $0.0210964$ & $0.0115977$ & $-0.00467072$ & $0.00805033$ & $-0.0137642$ & $-0.00226579$ & $0.0165526$ & $0.0198277$ & $-0.0171535$ & $0.0057619$ & $0.0277632$ & $0.0048307$ & $-0.0089315$ & $0.00262457$ \\
CHWHB_gaga & $0.0182808$ & $-0.115458$ & $-0.0205176$ & $-0.00352755$ & $0.0266295$ & $-0.130242$ & $0.0671789$ & $0.980281$ & $1$ & $-0.547142$ & $-0.86918$ & $-0.298663$ & $-0.2277$ & $0.175954$ & $0.286436$ & $0.284293$ & $-0.145158$ & $-0.360677$ & $-0.353926$ & $0.840118$ & $0.883892$ & $0.866236$ & $0.0674908$ & $-0.621279$ & $-0.3145$ & $-0.503803$ & $0.414361$ & $0.290142$ & $0.0100798$ & $0.0276564$ & $0.0121014$ & $0.0394313$ & $0.0227808$ & $0.526484$ & $-0.0413219$ & $0.00278257$ & $0.00263493$ & $-0.0123095$ & $0.00911498$ & $-0.0167906$ & $0.00185342$ & $0.0103274$ & $0.09044$ & $-0.013088$ & $0.00587376$ & $0.0188412$ & $0.00342803$ & $-0.0119648$ & $0.0111929$ \\
CHWHB_gagaorth & $-0.00900267$ & $0.0772431$ & $0.035327$ & $0.00365582$ & $-0.0139023$ & $0.0136282$ & $-0.0168743$ & $-0.558242$ & $-0.547142$ & $1$ & $0.358624$ & $0.674988$ & $0.643005$ & $0.173622$ & $-0.116857$ & $-0.123002$ & $0.377432$ & $0.444315$ & $0.440341$ & $-0.342876$ & $-0.372628$ & $-0.367199$ & $-0.052023$ & $0.519405$ & $0.423749$ & $0.21926$ & $-0.235268$ & $-0.113494$ & $-0.00266494$ & $-0.061339$ & $-0.036021$ & $0.0190414$ & $-0.0451217$ & $-0.330708$ & $0.0476022$ & $0.0258712$ & $-0.0139645$ & $0.0164424$ & $-0.00755234$ & $-0.00759656$ & $-0.0419418$ & $-0.0219146$ & $-0.0066843$ & $-0.011938$ & $-0.0174315$ & $-0.0134018$ & $0.000628859$ & $0.0244239$ & $-0.00196852$ \\
CHD & $-0.0166485$ & $0.0749057$ & $0.00730551$ & $0.00471372$ & $-0.00412221$ & $0.189257$ & $-0.00213822$ & $-0.890754$ & $-0.86918$ & $0.358624$ & $1$ & $0.331363$ & $0.269179$ & $-0.564474$ & $-0.418928$ & $-0.40485$ & $-0.289793$ & $0.023251$ & $0.012513$ & $-0.990052$ & $-0.991168$ & $-0.969579$ & $-0.0213504$ & $0.282129$ & $-0.0420728$ & $0.567245$ & $-0.30136$ & $-0.325208$ & $-0.0016024$ & $-0.0053577$ & $0.00710464$ & $0.0205294$ & $-0.00533047$ & $-0.34898$ & $0.0476436$ & $-0.0108041$ & $-0.000152052$ & $-0.00181732$ & $0.00353121$ & $0.0133267$ & $0.0100525$ & $-0.00733016$ & $-0.00406849$ & $0.0177907$ & $-0.0077849$ & $-0.0267506$ & $-0.00208253$ & $0.00585303$ & $-0.00114589$ \\
CHbox & $-0.00809805$ & $0.0485008$ & $0.0327982$ & $-0.00367337$ & $-0.000323904$ & $0.0562566$ & $-0.0424172$ & $-0.322761$ & $-0.298663$ & $0.674988$ & $0.331363$ & $1$ & $0.993934$ & $-0.161334$ & $-0.0547874$ & $-0.0525576$ & $-0.0623698$ & $0.0026271$ & $-0.00339855$ & $-0.307327$ & $-0.34152$ & $-0.337558$ & $-0.0432324$ & $0.155221$ & $-0.00211863$ & $0.202831$ & $-0.185438$ & $-0.110427$ & $0.0180658$ & $0.197026$ & $0.0364397$ & $0.0512346$ & $0.237933$ & $-0.2109$ & $0.101443$ & $0.0702185$ & $0.0077813$ & $0.008528$ & $-0.0222789$ & $-0.00102007$ & $-0.0196122$ & $-0.0285346$ & $0.00650861$ & $-0.0227134$ & $-0.0274265$ & $0.000528622$ & $0.000342764$ & $0.00572672$ & $0.00858293$ \\
CH & $-0.00991401$ & $0.0411399$ & $0.0312445$ & $0.00228309$ & $-0.000488553$ & $0.0495782$ & $-0.0418723$ & $-0.25072$ & $-0.2277$ & $0.643005$ & $0.269179$ & $0.993934$ & $1$ & $-0.152033$ & $-0.0323479$ & $-0.0303271$ & $-0.0776256$ & $-0.0283769$ & $-0.033931$ & $-0.246978$ & $-0.278513$ & $-0.276029$ & $-0.0385392$ & $0.108942$ & $-0.0288142$ & $0.166735$ & $-0.156125$ & $-0.0893393$ & $0.0174671$ & $0.200656$ & $0.0378343$ & $0.0525735$ & $0.243205$ & $-0.173695$ & $0.100769$ & $0.0743177$ & $0.009177$ & $0.00724365$ & $-0.0213844$ & $-0.00183088$ & $-0.0188779$ & $-0.0276434$ & $0.00640759$ & $-0.0258428$ & $-0.0275393$ & $0.00362161$ & $0.00260923$ & $0.00530922$ & $0.0101896$ \\
CHL1_11 & $0.00516162$ & $0.0200886$ & $0.0224075$ & $0.00264832$ & $-0.0124269$ & $0.0206354$ & $-0.0058272$ & $0.186134$ & $0.175954$ & $0.173622$ & $-0.564474$ & $-0.161334$ & $-0.152033$ & $1$ & $0.310422$ & $0.274924$ & $0.639068$ & $0.554137$ & $0.572382$ & $0.58283$ & $0.527918$ & $0.511764$ & $-0.0776757$ & $0.421643$ & $0.569666$ & $-0.29262$ & $-0.0616905$ & $0.176279$ & $0.000780767$ & $0.00282413$ & $-0.0178857$ & $-0.0233345$ & $0.0210338$ & $-0.185877$ & $-0.0430505$ & $-0.0110485$ & $-0.0234617$ & $0.0222694$ & $-0.0232716$ & $-0.00398987$ & $-0.0200743$ & $-0.00754807$ & $-0.00930702$ & $-0.00971435$ & $0.00904556$ & $0.00185744$ & $-0.0161624$ & $0.00768787$ & $-0.000716259$ \\
CHL1_22 & $0.00634143$ & $-0.0203056$ & $-0.0128844$ & $-0.0169259$ & $0.00889395$ & $-0.0667048$ & $-0.00234473$ & $0.293227$ & $0.286436$ & $-0.116857$ & $-0.418928$ & $-0.0547874$ & $-0.0323479$ & $0.310422$ & $1$ & $0.448778$ & $0.200289$ & $-0.459782$ & $-0.00848523$ & $0.485922$ & $0.334043$ & $0.322791$ & $-0.163653$ & $0.14341$ & $-0.113149$ & $-0.200996$ & $-0.400183$ & $0.091051$ & $0.0099696$ & $0.00963566$ & $-0.000919749$ & $-0.0054342$ & $0.0300475$ & $-0.618886$ & $-0.0124153$ & $0.0143176$ & $0.0194615$ & $-0.0217658$ & $-0.0277865$ & $-0.0114925$ & $0.0175689$ & $-0.0123075$ & $0.00316732$ & $-0.0162088$ & $0.0120834$ & $0.025467$ & $-0.0060884$ & $0.00438121$ & $0.024521$ \\
CHL1_33 & $-0.0101122$ & $-0.00989498$ & $0.0132427$ & $-0.00931962$ & $-0.00409462$ & $-0.0885131$ & $0.018472$ & $0.291637$ & $0.284293$ & $-0.123002$ & $-0.40485$ & $-0.0525576$ & $-0.0303271$ & $0.274924$ & $0.448778$ & $1$ & $0.186237$ & $-0.0257279$ & $-0.452121$ & $0.471349$ & $0.32547$ & $0.340679$ & $-0.157985$ & $0.135861$ & $-0.113862$ & $-0.193856$ & $-0.372998$ & $0.0947927$ & $0.011048$ & $0.024565$ & $-0.014017$ & $0.0159197$ & $0.0274191$ & $-0.11601$ & $-0.0216268$ & $-0.00521344$ & $-0.0145266$ & $0.00948666$ & $-0.00438142$ & $0.00138118$ & $0.0197289$ & $-0.0105883$ & $-0.0134315$ & $-0.0154569$ & $0.029189$ & $0.0202017$ & $0.000309617$ & $-0.00131629$ & $0.0226371$ \\
CHL3_11 & $-0.00605602$ & $0.0591768$ & $0.0248632$ & $0.0131953$ & $-0.0233572$ & $-0.271761$ & $-0.0094848$ & $-0.137115$ & $-0.145158$ & $0.377432$ & $-0.289793$ & $-0.0623698$ & $-0.0776256$ & $0.639068$ & $0.200289$ & $0.186237$ & $1$ & $0.695387$ & $0.696313$ & $0.312005$ & $0.26178$ & $0.253472$ & $-0.0593644$ & $0.618073$ & $0.745697$ & $-0.146166$ & $-0.110951$ & $0.0943955$ & $-0.00409064$ & $-0.0022017$ & $-0.014128$ & $-0.020947$ & $0.0126453$ & $-0.19233$ & $-0.0319673$ & $-0.0206308$ & $-0.0182855$ & $0.00753313$ & $-0.0160945$ & $-0.0018665$ & $-0.0220318$ & $-0.0119713$ & $-0.0458762$ & $-0.00411233$ & $0.00415467$ & $0.00778619$ & $0.00425878$ & $0.00769623$ & $-0.00931096$ \\
CHL3_22 & $-0.00482$ & $0.0682849$ & $0.0375311$ & $0.0193622$ & $-0.0332662$ & $-0.0571352$ & $-0.00539126$ & $-0.360401$ & $-0.360677$ & $0.444315$ & $0.023251$ & $0.0026271$ & $-0.0283769$ & $0.554137$ & $-0.459782$ & $-0.0257279$ & $0.695387$ & $1$ & $0.63009$ & $-0.0285555$ & $-0.0099883$ & $-0.00792922$ & $0.0105976$ & $0.552907$ & $0.761049$ & $0.016973$ & $0.0527943$ & $0.0130145$ & $-0.00494473$ & $-0.00275038$ & $-0.0159902$ & $-0.0120924$ & $0.000437477$ & $0.119551$ & $-0.0214201$ & $-0.0300065$ & $-0.0372506$ & $0.0314651$ & $-0.00110015$ & $0.00941656$ & $-0.0305123$ & $-0.00634606$ & $-0.0344183$ & $0.00670897$ & $0.00136327$ & $-0.0168821$ & $-0.00338121$ & $0.00560466$ & $-0.0221034$ \\
CHL3_33 & $0.00808061$ & $0.0598555$ & $0.0098721$ & $0.00743501$ & $-0.0237458$ & $-0.0384015$ & $-0.0213377$ & $-0.354247$ & $-0.353926$ & $0.440341$ & $0.012513$ & $-0.00339855$ & $-0.033931$ & $0.572382$ & $-0.00848523$ & $-0.452121$ & $0.696313$ & $0.63009$ & $1$ & $-0.0176936$ & $-0.0020447$ & $0.00129859$ & $0.009799$ & $0.549876$ & $0.757171$ & $0.0114591$ & $0.0402927$ & $0.01039$ & $-0.00808795$ & $-0.0161853$ & $-0.00667645$ & $-0.0307091$ & $0.000593008$ & $-0.291498$ & $-0.0134912$ & $-0.0221813$ & $-0.0114264$ & $0.0111397$ & $-0.0155204$ & $0.00213002$ & $-0.0322051$ & $-0.00778845$ & $-0.0183549$ & $0.00910472$ & $-0.0131555$ & $-0.0106069$ & $-0.012699$ & $0.00526005$ & $-0.016809$ \\
CHe_11 & $0.00837666$ & $-0.0467401$ & $0.00340102$ & $-0.00876341$ & $0.00929324$ & $-0.185145$ & $0.00301408$ & $0.860886$ & $0.840118$ & $-0.342876$ & $-0.990052$ & $-0.307327$ & $-0.246978$ & $0.58283$ & $0.485922$ & $0.471349$ & $0.312005$ & $-0.0285555$ & $-0.0176936$ & $1$ & $0.972529$ & $0.951657$ & $-0.0040539$ & $-0.224634$ & $0.046653$ & $-0.557739$ & $0.224436$ & $0.31621$ & $0.00324891$ & $0.00869089$ & $-0.00689912$ & $-0.0178241$ & $0.00910072$ & $0.268039$ & $-0.043947$ & $0.00595027$ & $-0.00263786$ & $0.00243363$ & $-0.00660697$ & $-0.0123103$ & $-0.00726065$ & $0.00507801$ & $0.0015821$ & $-0.0168077$ & $0.00959899$ & $0.0289617$ & $0.00204876$ & $-0.00392735$ & $0.000122763$ \\
CHe_22 & $0.00673361$ & $-0.0521165$ & $0.000189533$ & $-0.00496728$ & $0.0154464$ & $-0.192328$ & $0.00246076$ & $0.905629$ & $0.883892$ & $-0.372628$ & $-0.991168$ & $-0.34152$ & $-0.278513$ & $0.527918$ & $0.334043$ & $0.32547$ & $0.26178$ & $-0.0099883$ & $-0.0020447$ & $0.972529$ & $1$ & $0.97484$ & $0.0494382$ & $-0.336447$ & $0.0423445$ & $-0.56983$ & $0.38$ & $0.3297$ & $-0.000707963$ & $0.0027933$ & $-0.00593391$ & $-0.0208633$ & $0.000243532$ & $0.435445$ & $-0.0429909$ & $0.00697113$ & $-0.000572198$ & $0.00436077$ & $-0.000670765$ & $-0.0119442$ & $-0.0102884$ & $0.00941737$ & $0.00555123$ & $-0.0157134$ & $0.00529754$ & $0.0270301$ & $0.00441712$ & $-0.00537086$ & $-0.00283062$ \\
CHe_33 & $0.0064648$ & $-0.0498043$ & $-0.00498371$ & $-0.00930076$ & $0.0171372$ & $-0.188822$ & $0.00138623$ & $0.887607$ & $0.866236$ & $-0.367199$ & $-0.969579$ & $-0.337558$ & $-0.276029$ & $0.511764$ & $0.322791$ & $0.340679$ & $0.253472$ & $-0.00792922$ & $0.00129859$ & $0.951657$ & $0.97484$ & $1$ & $0.0519969$ & $-0.331945$ & $0.0447509$ & $-0.557138$ & $0.379093$ & $0.324385$ & $0.00262221$ & $-0.00024453$ & $-0.00740059$ & $-0.0233264$ & $-0.000426591$ & $0.43345$ & $-0.0427691$ & $0.000114222$ & $-0.00434389$ & $0.00993573$ & $0.00505167$ & $-0.0105648$ & $-0.0102415$ & $0.0103602$ & $0.00663455$ & $-0.0161247$ & $0.00100572$ & $0.0287243$ & $0.00227572$ & $-0.00986968$ & $0.00317972$ \\
CHQ1_11 & $-0.0213671$ & $0.0141957$ & $-0.018761$ & $-0.000693434$ & $0.0196684$ & $-0.0450855$ & $-0.00136131$ & $0.0738801$ & $0.0674908$ & $-0.052023$ & $-0.0213504$ & $-0.0432324$ & $-0.0385392$ & $-0.0776757$ & $-0.163653$ & $-0.157985$ & $-0.0593644$ & $0.0105976$ & $0.009799$ & $-0.0040539$ & $0.0494382$ & $0.0519969$ & $1$ & $-0.134598$ & $0.101137$ & $-0.683557$ & $0.353749$ & $0.0121038$ & $-0.00290796$ & $-0.00233231$ & $-0.00683962$ & $-0.0031223$ & $0.00195795$ & $0.20422$ & $-0.0218053$ & $-0.00423431$ & $-0.0267123$ & $0.00215652$ & $0.0283454$ & $0.00547741$ & $-0.00817997$ & $0.031619$ & $-0.0143923$ & $0.00763924$ & $0.0226515$ & $-0.00823827$ & $-0.00288145$ & $0.0274456$ & $0.00977066$ \\
CHQ1_33 & $-0.0747871$ & $0.0767531$ & $0.0227947$ & $0.0224373$ & $-0.0360497$ & $0.00997908$ & $0.00260403$ & $-0.627533$ & $-0.621279$ & $0.519405$ & $0.282129$ & $0.155221$ & $0.108942$ & $0.421643$ & $0.14341$ & $0.135861$ & $0.618073$ & $0.552907$ & $0.549876$ & $-0.224634$ & $-0.336447$ & $-0.331945$ & $-0.134598$ & $1$ & $0.576345$ & $0.189245$ & $-0.41077$ & $-0.0032724$ & $-0.00164461$ & $0.0119937$ & $-0.00875044$ & $0.0121932$ & $0.029997$ & $-0.612463$ & $0.00580121$ & $-0.0150037$ & $-0.028461$ & $0.00208994$ & $-0.0176201$ & $0.0031804$ & $-0.0167855$ & $-0.0269327$ & $-0.0475003$ & $-0.00205262$ & $0.0113158$ & $-0.0211666$ & $-0.00941641$ & $0.0227978$ & $-0.00898939$ \\
CHQ3_11 & $-0.120322$ & $0.072549$ & $0.0273141$ & $0.034367$ & $-0.0340341$ & $-0.0844625$ & $-0.0181466$ & $-0.310464$ & $-0.3145$ & $0.423749$ & $-0.0420728$ & $-0.00211863$ & $-0.0288142$ & $0.569666$ & $-0.113149$ & $-0.113862$ & $0.745697$ & $0.761049$ & $0.757171$ & $0.046653$ & $0.0423445$ & $0.0447509$ & $0.101137$ & $0.576345$ & $1$ & $-0.019769$ & $0.279424$ & $0.0236594$ & $-0.00579861$ & $-0.0119236$ & $-0.0103998$ & $-0.0308347$ & $-0.002497$ & $-0.131676$ & $-0.0283792$ & $-0.0283701$ & $-0.0233026$ & $0.019757$ & $0.011342$ & $0.00891628$ & $-0.0310167$ & $-0.00334806$ & $-0.0556657$ & $0.00762125$ & $0.00854816$ & $-0.00703129$ & $-0.00260182$ & $0.0135732$ & $-0.0231265$ \\
CHu_11 & $-0.0366678$ & $0.00921848$ & $0.00558617$ & $0.00483033$ & $-0.0251165$ & $0.134066$ & $-0.00539452$ & $-0.520148$ & $-0.503803$ & $0.21926$ & $0.567245$ & $0.202831$ & $0.166735$ & $-0.29262$ & $-0.200996$ & $-0.193856$ & $-0.146166$ & $0.016973$ & $0.0114591$ & $-0.557739$ & $-0.56983$ & $-0.557138$ & $-0.683557$ & $0.189245$ & $-0.019769$ & $1$ & $-0.195706$ & $-0.17744$ & $0.000893608$ & $-0.00709513$ & $0.0106041$ & $0.00805667$ & $-0.0180326$ & $-0.245306$ & $0.0386122$ & $-0.00858049$ & $0.0339231$ & $0.0017741$ & $-0.00288317$ & $0.00822585$ & $0.00532159$ & $-0.0181994$ & $0.00668568$ & $0.000176936$ & $-0.0272729$ & $-0.00796763$ & $-1.97952e-05$ & $-0.0193271$ & $-0.0247509$ \\
CHd_11 & $-0.0281792$ & $-0.0310991$ & $-0.021296$ & $0.0182383$ & $0.00396015$ & $-0.0811569$ & $-0.0120901$ & $0.425202$ & $0.414361$ & $-0.235268$ & $-0.30136$ & $-0.185438$ & $-0.156125$ & $-0.0616905$ & $-0.400183$ & $-0.372998$ & $-0.110951$ & $0.0527943$ & $0.0402927$ & $0.224436$ & $0.38$ & $0.379093$ & $0.353749$ & $-0.41077$ & $0.279424$ & $-0.195706$ & $1$ & $0.123844$ & $-0.00977736$ & $-0.0161267$ & $0.0103986$ & $-0.0276106$ & $-0.031867$ & $0.68586$ & $-0.0301968$ & $0.000252429$ & $0.0139491$ & $0.00465823$ & $0.0479383$ & $0.000558619$ & $-0.0155574$ & $0.0254245$ & $-0.0121498$ & $0.00553415$ & $-0.00539503$ & $0.00596281$ & $0.0162796$ & $-0.00494197$ & $-0.0193946$ \\
CHd_33 & $-0.0067138$ & $-0.00755929$ & $-0.00228774$ & $-0.0004613$ & $0.0137605$ & $-0.0678939$ & $-0.00191566$ & $0.295868$ & $0.290142$ & $-0.113494$ & $-0.325208$ & $-0.110427$ & $-0.0893393$ & $0.176279$ & $0.091051$ & $0.0947927$ & $0.0943955$ & $0.0130145$ & $0.01039$ & $0.31621$ & $0.3297$ & $0.324385$ & $0.0121038$ & $-0.0032724$ & $0.0236594$ & $-0.17744$ & $0.123844$ & $1$ & $-0.00980818$ & $0.0166648$ & $-0.0103438$ & $-0.00720082$ & $0.0242855$ & $0.160691$ & $-0.00410882$ & $-0.00957748$ & $-0.0131079$ & $-0.0141405$ & $-0.00217304$ & $-0.0232796$ & $-0.0133863$ & $0.00372835$ & $-0.0010479$ & $-0.00755423$ & $-0.0142148$ & $-0.0138552$ & $-0.0350791$ & $0.0229261$ & $0.0141778$ \\
CeH_22r & $-0.0077357$ & $-0.00708848$ & $0.0102992$ & $0.0190617$ & $-0.00997342$ & $0.0010504$ & $0.0264814$ & $0.00200901$ & $0.0100798$ & $-0.00266494$ & $-0.0016024$ & $0.0180658$ & $0.0174671$ & $0.000780767$ & $0.0099696$ & $0.011048$ & $-0.00409064$ & $-0.00494473$ & $-0.00808795$ & $0.00324891$ & $-0.000707963$ & $0.00262221$ & $-0.00290796$ & $-0.00164461$ & $-0.00579861$ & $0.000893608$ & $-0.00977736$ & $-0.00980818$ & $1$ & $0.0264671$ & $-0.0109197$ & $0.00635673$ & $0.0173669$ & $-0.00648621$ & $-0.0380437$ & $-0.0265483$ & $0.00322788$ & $-0.0115429$ & $0.0308954$ & $0.00278667$ & $-0.00301445$ & $-0.00926984$ & $0.00901745$ & $0.0164913$ & $0.00352833$ & $-0.00289577$ & $-0.00190484$ & $0.0150972$ & $-0.0138975$ \\
CeH_33r & $-0.00510045$ & $0.00867493$ & $-0.0537677$ & $0.0388984$ & $0.00476337$ & $0.00686377$ & $-0.0679451$ & $0.00441695$ & $0.0276564$ & $-0.061339$ & $-0.0053577$ & $0.197026$ & $0.200656$ & $0.00282413$ & $0.00963566$ & $0.024565$ & $-0.0022017$ & $-0.00275038$ & $-0.0161853$ & $0.00869089$ & $0.0027933$ & $-0.00024453$ & $-0.00233231$ & $0.0119937$ & $-0.0119236$ & $-0.00709513$ & $-0.0161267$ & $0.0166648$ & $0.0264671$ & $1$ & $0.310266$ & $0.078039$ & $0.617679$ & $-0.00402132$ & $-0.0577546$ & $-0.0419849$ & $-0.155912$ & $-0.0283408$ & $-0.055156$ & $0.011427$ & $0.0725124$ & $-0.0129186$ & $-0.0027947$ & $-0.041703$ & $0.0967347$ & $-0.0268123$ & $0.0606962$ & $0.0447994$ & $0.0105473$ \\
CuH_22r & $-0.00763673$ & $0.0583655$ & $-0.0412147$ & $0.0464599$ & $-0.00302481$ & $0.000383597$ & $-0.0299432$ & $0.000318817$ & $0.0121014$ & $-0.036021$ & $0.00710464$ & $0.0364397$ & $0.0378343$ & $-0.0178857$ & $-0.000919749$ & $-0.014017$ & $-0.014128$ & $-0.0159902$ & $-0.00667645$ & $-0.00689912$ & $-0.00593391$ & $-0.00740059$ & $-0.00683962$ & $-0.00875044$ & $-0.0103998$ & $0.0106041$ & $0.0103986$ & $-0.0103438$ & $-0.0109197$ & $0.310266$ & $1$ & $0.0618751$ & $0.34462$ & $0.00655038$ & $-0.0346862$ & $-0.0136463$ & $-0.113932$ & $-0.00731168$ & $-0.0560125$ & $0.0104763$ & $0.0136602$ & $-0.0076788$ & $-0.0462044$ & $-0.038604$ & $0.0450273$ & $0.0162182$ & $0.3443$ & $0.0297364$ & $-0.00221146$ \\
CuH_33r & $-0.0340573$ & $0.0054651$ & $0.0261871$ & $-0.030168$ & $-0.00475621$ & $0.0147887$ & $0.93312$ & $-0.0117939$ & $0.0394313$ & $0.0190414$ & $0.0205294$ & $0.0512346$ & $0.0525735$ & $-0.0233345$ & $-0.0054342$ & $0.0159197$ & $-0.020947$ & $-0.0120924$ & $-0.0307091$ & $-0.0178241$ & $-0.0208633$ & $-0.0233264$ & $-0.0031223$ & $0.0121932$ & $-0.0308347$ & $0.00805667$ & $-0.0276106$ & $-0.00720082$ & $0.00635673$ & $0.078039$ & $0.0618751$ & $1$ & $0.0972478$ & $-0.00400561$ & $0.0614545$ & $-0.00617153$ & $-0.0357077$ & $0.00449337$ & $-0.0135749$ & $-0.0167645$ & $-0.0286876$ & $-0.031817$ & $0.0130834$ & $0.0349305$ & $0.0141528$ & $-0.0430141$ & $0.0232673$ & $-8.73639e-05$ & $0.0071271$ \\
CdH_33r & $0.0175853$ & $0.0362384$ & $-0.0625547$ & $0.12535$ & $0.0071782$ & $0.0272313$ & $-0.0773065$ & $-0.00563909$ & $0.0227808$ & $-0.0451217$ & $-0.00533047$ & $0.237933$ & $0.243205$ & $0.0210338$ & $0.0300475$ & $0.0274191$ & $0.0126453$ & $0.000437477$ & $0.000593008$ & $0.00910072$ & $0.000243532$ & $-0.000426591$ & $0.00195795$ & $0.029997$ & $-0.002497$ & $-0.0180326$ & $-0.031867$ & $0.0242855$ & $0.0173669$ & $0.617679$ & $0.34462$ & $0.0972478$ & $1$ & $-0.0280631$ & $-0.0461451$ & $-0.0432247$ & $-0.178834$ & $-0.0344808$ & $-0.0401293$ & $0.00581047$ & $0.0366574$ & $-0.00293138$ & $0.0586202$ & $-0.0688648$ & $0.0749723$ & $-0.0433804$ & $0.0831101$ & $0.239339$ & $0.487712$ \\
CLL_1221 & $-0.00621632$ & $-0.0157866$ & $0.00262125$ & $0.00738254$ & $0.0128662$ & $-0.137302$ & $0.00774525$ & $0.537379$ & $0.526484$ & $-0.330708$ & $-0.34898$ & $-0.2109$ & $-0.173695$ & $-0.185877$ & $-0.618886$ & $-0.11601$ & $-0.19233$ & $0.119551$ & $-0.291498$ & $0.268039$ & $0.435445$ & $0.43345$ & $0.20422$ & $-0.612463$ & $-0.131676$ & $-0.245306$ & $0.68586$ & $0.160691$ & $-0.00648621$ & $-0.00402132$ & $0.00655038$ & $-0.00400561$ & $-0.0280631$ & $1$ & $-0.011608$ & $-0.0027918$ & $-0.00622787$ & $0.0105204$ & $0.0315719$ & $-0.00143508$ & $-0.010521$ & $0.0208338$ & $0.00272672$ & $0.00332416$ & $-0.00909693$ & $0.00831578$ & $0.0214201$ & $-0.0119213$ & $-0.0134242$ \\
eHggint & $-0.0940184$ & $0.0427307$ & $0.100881$ & $-0.117632$ & $0.00651213$ & $0.0145216$ & $-0.0294145$ & $-0.0320859$ & $-0.0413219$ & $0.0476022$ & $0.0476436$ & $0.101443$ & $0.100769$ & $-0.0430505$ & $-0.0124153$ & $-0.0216268$ & $-0.0319673$ & $-0.0214201$ & $-0.0134912$ & $-0.043947$ & $-0.0429909$ & $-0.0427691$ & $-0.0218053$ & $0.00580121$ & $-0.0283792$ & $0.0386122$ & $-0.0301968$ & $-0.00410882$ & $-0.0380437$ & $-0.0577546$ & $-0.0346862$ & $0.0614545$ & $-0.0461451$ & $-0.011608$ & $1$ & $-0.000439973$ & $-0.00696755$ & $0.0364844$ & $0.01503$ & $-0.00509536$ & $-0.0119479$ & $0.00324861$ & $0.102408$ & $0.0913393$ & $-0.0743966$ & $0.0756893$ & $-0.076486$ & $-0.120238$ & $0.0122781$ \\
eHggpar & $0.0247642$ & $-0.0960836$ & $0.0319554$ & $0.0770097$ & $0.00268705$ & $-0.00086109$ & $-0.0532832$ & $0.0210964$ & $0.00278257$ & $0.0258712$ & $-0.0108041$ & $0.0702185$ & $0.0743177$ & $-0.0110485$ & $0.0143176$ & $-0.00521344$ & $-0.0206308$ & $-0.0300065$ & $-0.0221813$ & $0.00595027$ & $0.00697113$ & $0.000114222$ & $-0.00423431$ & $-0.0150037$ & $-0.0283701$ & $-0.00858049$ & $0.000252429$ & $-0.00957748$ & $-0.0265483$ & $-0.0419849$ & $-0.0136463$ & $-0.00617153$ & $-0.0432247$ & $-0.0027918$ & $-0.000439973$ & $1$ & $0.0169821$ & $-0.0062699$ & $-0.106379$ & $0.0231507$ & $-0.0834568$ & $0.00389438$ & $-0.106023$ & $0.0187839$ & $-0.124545$ & $0.0158142$ & $0.0249844$ & $-0.0896597$ & $0.0178375$ \\
eHWWint & $0.0821152$ & $-0.029675$ & $0.115366$ & $-0.0282443$ & $-0.0023642$ & $-0.0102763$ & $0.00322775$ & $0.0115977$ & $0.00263493$ & $-0.0139645$ & $-0.000152052$ & $0.0077813$ & $0.009177$ & $-0.0234617$ & $0.0194615$ & $-0.0145266$ & $-0.0182855$ & $-0.0372506$ & $-0.0114264$ & $-0.00263786$ & $-0.000572198$ & $-0.00434389$ & $-0.0267123$ & $-0.028461$ & $-0.0233026$ & $0.0339231$ & $0.0139491$ & $-0.0131079$ & $0.00322788$ & $-0.155912$ & $-0.113932$ & $-0.0357077$ & $-0.178834$ & $-0.00622787$ & $-0.00696755$ & $0.0169821$ & $1$ & $-0.0020401$ & $-0.0117638$ & $-0.0186075$ & $-0.128312$ & $0.0110851$ & $0.0283454$ & $0.0348851$ & $0.0120407$ & $0.0178552$ & $-0.0312269$ & $-0.155376$ & $0.0683623$ \\
eHWWpar & $-0.00494122$ & $-0.00819289$ & $0.00671257$ & $-0.0225877$ & $0.00674346$ & $0.00748353$ & $0.0041872$ & $-0.00467072$ & $-0.0123095$ & $0.0164424$ & $-0.00181732$ & $0.008528$ & $0.00724365$ & $0.0222694$ & $-0.0217658$ & $0.00948666$ & $0.00753313$ & $0.0314651$ & $0.0111397$ & $0.00243363$ & $0.00436077$ & $0.00993573$ & $0.00215652$ & $0.00208994$ & $0.019757$ & $0.0017741$ & $0.00465823$ & $-0.0141405$ & $-0.0115429$ & $-0.0283408$ & $-0.00731168$ & $0.00449337$ & $-0.0344808$ & $0.0105204$ & $0.0364844$ & $-0.0062699$ & $-0.0020401$ & $1$ & $0.0355513$ & $-0.0124544$ & $-0.0328118$ & $0.0128645$ & $-0.017092$ & $-0.00786801$ & $0.0128357$ & $0.00543925$ & $0.016982$ & $0.00374511$ & $-0.0119729$ \\
eHZZint & $-0.0054758$ & $-0.0215806$ & $0.00310264$ & $0.0932198$ & $-0.0236089$ & $-0.0208627$ & $-0.0108477$ & $0.00805033$ & $0.00911498$ & $-0.00755234$ & $0.00353121$ & $-0.0222789$ & $-0.0213844$ & $-0.0232716$ & $-0.0277865$ & $-0.00438142$ & $-0.0160945$ & $-0.00110015$ & $-0.0155204$ & $-0.00660697$ & $-0.000670765$ & $0.00505167$ & $0.0283454$ & $-0.0176201$ & $0.011342$ & $-0.00288317$ & $0.0479383$ & $-0.00217304$ & $0.0308954$ & $-0.055156$ & $-0.0560125$ & $-0.0135749$ & $-0.0401293$ & $0.0315719$ & $0.01503$ & $-0.106379$ & $-0.0117638$ & $0.0355513$ & $1$ & $-0.00250092$ & $-0.113646$ & $-0.0232344$ & $0.0626491$ & $0.0956316$ & $-0.102576$ & $0.0363695$ & $-0.0874494$ & $-0.0912849$ & $0.0222924$ \\
eHZZpar & $-0.0144036$ & $0.00483747$ & $0.000816955$ & $-0.00727929$ & $0.00168872$ & $0.0184779$ & $-0.0183311$ & $-0.0137642$ & $-0.0167906$ & $-0.00759656$ & $0.0133267$ & $-0.00102007$ & $-0.00183088$ & $-0.00398987$ & $-0.0114925$ & $0.00138118$ & $-0.0018665$ & $0.00941656$ & $0.00213002$ & $-0.0123103$ & $-0.0119442$ & $-0.0105648$ & $0.00547741$ & $0.0031804$ & $0.00891628$ & $0.00822585$ & $0.000558619$ & $-0.0232796$ & $0.00278667$ & $0.011427$ & $0.0104763$ & $-0.0167645$ & $0.00581047$ & $-0.00143508$ & $-0.00509536$ & $0.0231507$ & $-0.0186075$ & $-0.0124544$ & $-0.00250092$ & $1$ & $0.00133255$ & $0.00275349$ & $0.00322758$ & $-0.037067$ & $-0.0215495$ & $-0.0197721$ & $0.00874922$ & $-0.018636$ & $0.00200242$ \\
eHZgaint & $0.0699966$ & $0.0858644$ & $-0.0531801$ & $0.0742427$ & $0.0111756$ & $0.00564188$ & $-0.0298386$ & $-0.00226579$ & $0.00185342$ & $-0.0419418$ & $0.0100525$ & $-0.0196122$ & $-0.0188779$ & $-0.0200743$ & $0.0175689$ & $0.0197289$ & $-0.0220318$ & $-0.0305123$ & $-0.0322051$ & $-0.00726065$ & $-0.0102884$ & $-0.0102415$ & $-0.00817997$ & $-0.0167855$ & $-0.0310167$ & $0.00532159$ & $-0.0155574$ & $-0.0133863$ & $-0.00301445$ & $0.0725124$ & $0.0136602$ & $-0.0286876$ & $0.0366574$ & $-0.010521$ & $-0.0119479$ & $-0.0834568$ & $-0.128312$ & $-0.0328118$ & $-0.113646$ & $0.00133255$ & $1$ & $-0.0101297$ & $-0.0024433$ & $-0.070708$ & $0.191521$ & $0.00070593$ & $-0.0149829$ & $0.0271035$ & $-0.057848$ \\
eHZgapar & $0.0134311$ & $-0.0479859$ & $0.035874$ & $-0.00507666$ & $0.0144582$ & $0.00176946$ & $-0.0317277$ & $0.0165526$ & $0.0103274$ & $-0.0219146$ & $-0.00733016$ & $-0.0285346$ & $-0.0276434$ & $-0.00754807$ & $-0.0123075$ & $-0.0105883$ & $-0.0119713$ & $-0.00634606$ & $-0.00778845$ & $0.00507801$ & $0.00941737$ & $0.0103602$ & $0.031619$ & $-0.0269327$ & $-0.00334806$ & $-0.0181994$ & $0.0254245$ & $0.00372835$ & $-0.00926984$ & $-0.0129186$ & $-0.0076788$ & $-0.031817$ & $-0.00293138$ & $0.0208338$ & $0.00324861$ & $0.00389438$ & $0.0110851$ & $0.0128645$ & $-0.0232344$ & $0.00275349$ & $-0.0101297$ & $1$ & $-0.00718686$ & $-0.0427593$ & $-0.0133734$ & $0.00444245$ & $-0.00348878$ & $0.00700341$ & $0.0210491$ \\
eHgagaint & $0.0834663$ & $-0.0199948$ & $-0.0392514$ & $0.0209793$ & $0.016694$ & $0.0376102$ & $0.00874372$ & $0.0198277$ & $0.09044$ & $-0.0066843$ & $-0.00406849$ & $0.00650861$ & $0.00640759$ & $-0.00930702$ & $0.00316732$ & $-0.0134315$ & $-0.0458762$ & $-0.0344183$ & $-0.0183549$ & $0.0015821$ & $0.00555123$ & $0.00663455$ & $-0.0143923$ & $-0.0475003$ & $-0.0556657$ & $0.00668568$ & $-0.0121498$ & $-0.0010479$ & $0.00901745$ & $-0.0027947$ & $-0.0462044$ & $0.0130834$ & $0.0586202$ & $0.00272672$ & $0.102408$ & $-0.106023$ & $0.0283454$ & $-0.017092$ & $0.0626491$ & $0.00322758$ & $-0.0024433$ & $-0.00718686$ & $1$ & $0.0644384$ & $-0.0526041$ & $-0.062485$ & $-0.0776113$ & $-0.119082$ & $0.17286$ \\
eHmumuint & $0.00649464$ & $0.0606181$ & $-0.0902043$ & $0.0603175$ & $0.005623$ & $-0.0170772$ & $0.0242175$ & $-0.0171535$ & $-0.013088$ & $-0.011938$ & $0.0177907$ & $-0.0227134$ & $-0.0258428$ & $-0.00971435$ & $-0.0162088$ & $-0.0154569$ & $-0.00411233$ & $0.00670897$ & $0.00910472$ & $-0.0168077$ & $-0.0157134$ & $-0.0161247$ & $0.00763924$ & $-0.00205262$ & $0.00762125$ & $0.000176936$ & $0.00553415$ & $-0.00755423$ & $0.0164913$ & $-0.041703$ & $-0.038604$ & $0.0349305$ & $-0.0688648$ & $0.00332416$ & $0.0913393$ & $0.0187839$ & $0.0348851$ & $-0.00786801$ & $0.0956316$ & $-0.037067$ & $-0.070708$ & $-0.0427593$ & $0.0644384$ & $1$ & $-0.0872357$ & $-0.0703124$ & $-0.0867267$ & $-0.00150999$ & $-0.0799434$ \\
eHtautauint & $-0.0335436$ & $-0.073894$ & $0.00200303$ & $0.0312934$ & $0.010372$ & $0.00237507$ & $0.0283181$ & $0.0057619$ & $0.00587376$ & $-0.0174315$ & $-0.0077849$ & $-0.0274265$ & $-0.0275393$ & $0.00904556$ & $0.0120834$ & $0.029189$ & $0.00415467$ & $0.00136327$ & $-0.0131555$ & $0.00959899$ & $0.00529754$ & $0.00100572$ & $0.0226515$ & $0.0113158$ & $0.00854816$ & $-0.0272729$ & $-0.00539503$ & $-0.0142148$ & $0.00352833$ & $0.0967347$ & $0.0450273$ & $0.0141528$ & $0.0749723$ & $-0.00909693$ & $-0.0743966$ & $-0.124545$ & $0.0120407$ & $0.0128357$ & $-0.102576$ & $-0.0215495$ & $0.191521$ & $-0.0133734$ & $-0.0526041$ & $-0.0872357$ & $1$ & $-0.0487435$ & $0.167493$ & $0.120447$ & $0.0853013$ \\
eHccint & $0.00905951$ & $0.0402809$ & $0.123395$ & $-0.0573744$ & $-0.0070051$ & $-0.0144159$ & $-0.0456324$ & $0.0277632$ & $0.0188412$ & $-0.0134018$ & $-0.0267506$ & $0.000528622$ & $0.00362161$ & $0.00185744$ & $0.025467$ & $0.0202017$ & $0.00778619$ & $-0.0168821$ & $-0.0106069$ & $0.0289617$ & $0.0270301$ & $0.0287243$ & $-0.00823827$ & $-0.0211666$ & $-0.00703129$ & $-0.00796763$ & $0.00596281$ & $-0.0138552$ & $-0.00289577$ & $-0.0268123$ & $0.0162182$ & $-0.0430141$ & $-0.0433804$ & $0.00831578$ & $0.0756893$ & $0.0158142$ & $0.0178552$ & $0.00543925$ & $0.0363695$ & $-0.0197721$ & $0.00070593$ & $0.00444245$ & $-0.062485$ & $-0.0703124$ & $-0.0487435$ & $1$ & $-0.142718$ & $-0.104078$ & $-0.0394209$ \\
eHccpar & $0.00938158$ & $0.0851453$ & $-0.0174493$ & $0.102554$ & $-0.0168493$ & $-0.00536258$ & $0.0153201$ & $0.0048307$ & $0.00342803$ & $0.000628859$ & $-0.00208253$ & $0.000342764$ & $0.00260923$ & $-0.0161624$ & $-0.0060884$ & $0.000309617$ & $0.00425878$ & $-0.00338121$ & $-0.012699$ & $0.00204876$ & $0.00441712$ & $0.00227572$ & $-0.00288145$ & $-0.00941641$ & $-0.00260182$ & $-1.97952e-05$ & $0.0162796$ & $-0.0350791$ & $-0.00190484$ & $0.0606962$ & $0.3443$ & $0.0232673$ & $0.0831101$ & $0.0214201$ & $-0.076486$ & $0.0249844$ & $-0.0312269$ & $0.016982$ & $-0.0874494$ & $0.00874922$ & $-0.0149829$ & $-0.00348878$ & $-0.0776113$ & $-0.0867267$ & $0.167493$ & $-0.142718$ & $1$ & $0.0630475$ & $0.090447$ \\
eHbbint & $-0.0441182$ & $-0.0177739$ & $0.0349827$ & $0.0500317$ & $0.0059795$ & $0.0268824$ & $0.00182703$ & $-0.0089315$ & $-0.0119648$ & $0.0244239$ & $0.00585303$ & $0.00572672$ & $0.00530922$ & $0.00768787$ & $0.00438121$ & $-0.00131629$ & $0.00769623$ & $0.00560466$ & $0.00526005$ & $-0.00392735$ & $-0.00537086$ & $-0.00986968$ & $0.0274456$ & $0.0227978$ & $0.0135732$ & $-0.0193271$ & $-0.00494197$ & $0.0229261$ & $0.0150972$ & $0.0447994$ & $0.0297364$ & $-8.73639e-05$ & $0.239339$ & $-0.0119213$ & $-0.120238$ & $-0.0896597$ & $-0.155376$ & $0.00374511$ & $-0.0912849$ & $-0.018636$ & $0.0271035$ & $0.00700341$ & $-0.119082$ & $-0.00150999$ & $0.120447$ & $-0.104078$ & $0.0630475$ & $1$ & $0.0850275$ \\
eHbbpar & $0.0767221$ & $0.0490524$ & $-0.0982851$ & $0.174212$ & $0.0209597$ & $0.0175606$ & $-0.0020265$ & $0.00262457$ & $0.0111929$ & $-0.00196852$ & $-0.00114589$ & $0.00858293$ & $0.0101896$ & $-0.000716259$ & $0.024521$ & $0.0226371$ & $-0.00931096$ & $-0.0221034$ & $-0.016809$ & $0.000122763$ & $-0.00283062$ & $0.00317972$ & $0.00977066$ & $-0.00898939$ & $-0.0231265$ & $-0.0247509$ & $-0.0193946$ & $0.0141778$ & $-0.0138975$ & $0.0105473$ & $-0.00221146$ & $0.0071271$ & $0.487712$ & $-0.0134242$ & $0.0122781$ & $0.0178375$ & $0.0683623$ & $-0.0119729$ & $0.0222924$ & $0.00200242$ & $-0.057848$ & $0.0210491$ & $0.17286$ & $-0.0799434$ & $0.0853013$ & $-0.0394209$ & $0.090447$ & $0.0850275$ & $1$ \\
