 & AlsMz & dAle5Mz & mtop & mHl & Mz & CW & CHG & CHWB & CHWHB_gaga & CHWHB_gagaorth & CHD & CHbox & CH & CHL1_11 & CHL1_22 & CHL1_33 & CHL3_11 & CHL3_22 & CHL3_33 & CHe_11 & CHe_22 & CHe_33 & CHQ1_11 & CHQ1_33 & CHQ3_11 & CHu_11 & CHd_11 & CHd_33 & CeH_22r & CeH_33r & CuH_22r & CuH_33r & CdH_33r & CLL_1221 & eHggint & eHggpar & eHWWint & eHWWpar & eHZZint & eHZZpar & eHZgaint & eHZgapar & eHgagaint & eHmumuint & eHtautauint & eHccint & eHccpar & eHbbint & eHbbpar \\
AlsMz & $1$ & $-0.0157538$ & $-0.102263$ & $-0.113324$ & $-0.00285962$ & $-0.00457386$ & $0.0110082$ & $-0.000590948$ & $-0.00301015$ & $0.0108296$ & $-0.00425316$ & $0.0223223$ & $0.00280394$ & $-0.0106176$ & $-0.00632659$ & $-0.00482318$ & $-0.00228738$ & $-0.00069198$ & $-0.00122767$ & $-0.00429803$ & $-0.00345941$ & $-0.00311523$ & $-0.00436381$ & $-0.0535424$ & $-0.100272$ & $-0.0251706$ & $-0.019188$ & $0.00958772$ & $-0.0179008$ & $0.000551298$ & $0.0136223$ & $0.0289059$ & $0.036653$ & $0.00465826$ & $0.162424$ & $0.0977228$ & $-0.0138454$ & $0.00426133$ & $-0.0827123$ & $-0.0286422$ & $0.0339581$ & $-0.0155774$ & $0.0130537$ & $-0.0733452$ & $0.0536982$ & $0.0254802$ & $0.0498191$ & $0.0673011$ & $0.0649615$ \\
dAle5Mz & $-0.0157538$ & $1$ & $0.022309$ & $-0.0613103$ & $-0.00331302$ & $0.000624603$ & $0.00917641$ & $-0.0597287$ & $-0.0534449$ & $0.0177069$ & $0.0439613$ & $0.0230019$ & $-0.0125865$ & $-0.0202435$ & $-0.000813162$ & $-0.0192498$ & $0.0180732$ & $0.0025926$ & $0.0167191$ & $-0.0227329$ & $-0.0213438$ & $-0.0220703$ & $0.00471567$ & $0.0126326$ & $0.0131608$ & $0.0109392$ & $-0.00343644$ & $-0.0217448$ & $0.0126864$ & $-0.00257895$ & $0.0258608$ & $-0.000773965$ & $-0.00725157$ & $0.0108223$ & $-0.0850621$ & $-0.0156927$ & $0.00172468$ & $0.0233515$ & $-0.122364$ & $-0.0240789$ & $0.0405205$ & $-0.00373506$ & $0.00681977$ & $-0.0428892$ & $-0.0205929$ & $0.219514$ & $0.0184187$ & $-0.0816735$ & $0.0014629$ \\
mtop & $-0.102263$ & $0.022309$ & $1$ & $-0.182259$ & $0.00270927$ & $0.00869843$ & $-0.015767$ & $0.00196333$ & $0.00957921$ & $-0.0127097$ & $0.000201318$ & $-0.0280791$ & $-0.00500869$ & $0.0122987$ & $0.00196735$ & $-0.0029755$ & $0.00562519$ & $0.00677811$ & $0.0114221$ & $0.00709296$ & $0.0069159$ & $0.0102034$ & $0.00257072$ & $0.0155097$ & $0.0172656$ & $-0.00623144$ & $0.00496923$ & $0.00934997$ & $-0.00722203$ & $-0.0234549$ & $-0.00831346$ & $-0.0333939$ & $-0.0199333$ & $0.00100751$ & $-0.153673$ & $-0.0423421$ & $0.151803$ & $0.0232024$ & $0.12716$ & $-0.0103249$ & $-0.120348$ & $-0.0176896$ & $0.120038$ & $0.00787908$ & $-0.0457356$ & $-0.00706545$ & $0.00925981$ & $0.0354571$ & $-0.00978455$ \\
mHl & $-0.113324$ & $-0.0613103$ & $-0.182259$ & $1$ & $0.00432975$ & $-0.00208349$ & $-0.00608633$ & $0.000882921$ & $0.00313727$ & $-0.00219619$ & $-0.00282116$ & $-0.00874365$ & $0.00204766$ & $0.00602012$ & $-0.00459328$ & $0.011148$ & $0.00193305$ & $0.00877073$ & $-0.00346808$ & $0.00142841$ & $-0.000516993$ & $0.00274969$ & $-0.00780094$ & $0.00531489$ & $0.0166908$ & $0.00770327$ & $0.000747348$ & $0.00268529$ & $-0.00144407$ & $-0.000104623$ & $-0.0362798$ & $-0.0119862$ & $-0.0670234$ & $0.00114558$ & $-0.00914072$ & $-0.13984$ & $-0.0864586$ & $-0.0163993$ & $-0.0796716$ & $-0.00130463$ & $-0.0780113$ & $0.0374306$ & $0.00960235$ & $0.143012$ & $-0.162474$ & $-0.00992742$ & $-0.10264$ & $-0.101508$ & $-0.152871$ \\
Mz & $-0.00285962$ & $-0.00331302$ & $0.00270927$ & $0.00432975$ & $1$ & $-0.010548$ & $0.0105473$ & $0.00393128$ & $0.00307137$ & $0.00836643$ & $0.00244948$ & $-0.00136267$ & $0.00677726$ & $0.00365553$ & $-0.00294926$ & $-0.00257684$ & $0.00587975$ & $0.00365848$ & $0.00409458$ & $0.0049175$ & $0.00739644$ & $0.00820331$ & $0.00298355$ & $-0.00413571$ & $0.000249673$ & $-0.008297$ & $0.00142172$ & $0.00700994$ & $-0.00825226$ & $-0.00340241$ & $-0.0058147$ & $0.00858895$ & $-0.00350448$ & $0.00504516$ & $0.00243967$ & $0.00943739$ & $-0.00587261$ & $0.00328881$ & $-0.0114079$ & $0.0093553$ & $0.00120536$ & $-0.00288114$ & $-0.017868$ & $-0.00461684$ & $-0.00565532$ & $-0.00276675$ & $0.00145124$ & $0.00523475$ & $-0.001389$ \\
CW & $-0.00457386$ & $0.000624603$ & $0.00869843$ & $-0.00208349$ & $-0.010548$ & $1$ & $0.0124459$ & $-0.126074$ & $-0.122749$ & $0.00464805$ & $0.184145$ & $0.0445794$ & $-0.00472657$ & $0.0201034$ & $-0.0794073$ & $-0.0793498$ & $-0.265824$ & $-0.0517412$ & $-0.0518368$ & $-0.181652$ & $-0.186928$ & $-0.184229$ & $-0.010265$ & $0.00150304$ & $-0.0891727$ & $0.106378$ & $-0.0762291$ & $-0.0651555$ & $-0.000793553$ & $-0.00377338$ & $0.00298707$ & $0.0167192$ & $0.00424332$ & $-0.121157$ & $-0.000425524$ & $-0.00160441$ & $-0.0132452$ & $0.00393628$ & $-0.0124141$ & $0.000979826$ & $0.00683049$ & $0.000168667$ & $0.00322677$ & $0.00339496$ & $0.0112398$ & $0.00840663$ & $0.0140555$ & $0.003382$ & $0.0171289$ \\
CHG & $0.0110082$ & $0.00917641$ & $-0.015767$ & $-0.00608633$ & $0.0105473$ & $0.0124459$ & $1$ & $-0.0740197$ & $-0.0221673$ & $0.0420573$ & $0.0430702$ & $0.0227191$ & $-0.242908$ & $0.037348$ & $-0.0126715$ & $-0.0169755$ & $0.0576031$ & $0.0655562$ & $0.0687216$ & $-0.0414661$ & $-0.0453276$ & $-0.0465321$ & $-0.00939844$ & $0.0736289$ & $0.0558718$ & $0.0221818$ & $-0.0421081$ & $-0.0140555$ & $0.00547309$ & $-0.102564$ & $-0.057659$ & $0.931747$ & $-0.128731$ & $-0.0487563$ & $-0.0265242$ & $-0.00693931$ & $0.0143267$ & $0.00624872$ & $-0.00403769$ & $-0.00620683$ & $0.0036787$ & $0.00341287$ & $-0.0132698$ & $-0.0175429$ & $-0.0196078$ & $-0.00888136$ & $-0.0100493$ & $-0.000698013$ & $-0.0154462$ \\
CHWB & $-0.000590948$ & $-0.0597287$ & $0.00196333$ & $0.000882921$ & $0.00393128$ & $-0.126074$ & $-0.0740197$ & $1$ & $0.983154$ & $-0.554941$ & $-0.882108$ & $-0.321738$ & $0.278132$ & $0.13511$ & $0.298041$ & $0.294281$ & $-0.205328$ & $-0.405824$ & $-0.40502$ & $0.853188$ & $0.899132$ & $0.88092$ & $0.0780816$ & $-0.65623$ & $-0.371676$ & $-0.516322$ & $0.41573$ & $0.299373$ & $0.00959797$ & $0.072955$ & $0.0316052$ & $-0.0750172$ & $0.0726861$ & $0.550861$ & $0.00785728$ & $-0.0057665$ & $0.0119447$ & $0.00390243$ & $0.0126234$ & $0.000968271$ & $-0.00267481$ & $-0.00350356$ & $-0.0109383$ & $0.00536688$ & $-0.00965645$ & $-0.0249448$ & $-0.00339305$ & $-0.00894208$ & $0.00706204$ \\
CHWHB_gaga & $-0.00301015$ & $-0.0534449$ & $0.00957921$ & $0.00313727$ & $0.00307137$ & $-0.122749$ & $-0.0221673$ & $0.983154$ & $1$ & $-0.545516$ & $-0.864909$ & $-0.298754$ & $0.273875$ & $0.127666$ & $0.294567$ & $0.290715$ & $-0.207369$ & $-0.404446$ & $-0.403648$ & $0.837183$ & $0.881563$ & $0.86392$ & $0.0754418$ & $-0.646941$ & $-0.370428$ & $-0.504396$ & $0.407393$ & $0.292695$ & $0.0163914$ & $0.0957241$ & $0.0439148$ & $-0.0334656$ & $0.0901411$ & $0.540299$ & $-0.0111438$ & $-0.0158514$ & $0.00665537$ & $0.00253545$ & $0.0118621$ & $-0.00146867$ & $-0.00322969$ & $-0.00713621$ & $0.0438597$ & $0.00859094$ & $-0.00415197$ & $-0.0187318$ & $-0.00161221$ & $-0.0102903$ & $-0.00545166$ \\
CHWHB_gagaorth & $0.0108296$ & $0.0177069$ & $-0.0127097$ & $-0.00219619$ & $0.00836643$ & $0.00464805$ & $0.0420573$ & $-0.554941$ & $-0.545516$ & $1$ & $0.33872$ & $0.664661$ & $-0.192101$ & $0.2209$ & $-0.118954$ & $-0.126751$ & $0.425561$ & $0.478519$ & $0.485708$ & $-0.326221$ & $-0.354552$ & $-0.346942$ & $-0.0555106$ & $0.545661$ & $0.471385$ & $0.204273$ & $-0.218736$ & $-0.115191$ & $-0.00361674$ & $-0.0986012$ & $-0.0487831$ & $0.0624154$ & $-0.102723$ & $-0.336681$ & $0.0364178$ & $0.0245813$ & $-0.00610222$ & $9.83834e-05$ & $-0.00685004$ & $0.00995928$ & $-0.0325876$ & $0.0112266$ & $-0.0007024$ & $-0.0101906$ & $-0.00607401$ & $0.00252535$ & $-0.000878844$ & $0.00694202$ & $0.00772191$ \\
CHD & $-0.00425316$ & $0.0439613$ & $0.000201318$ & $-0.00282116$ & $0.00244948$ & $0.184145$ & $0.0430702$ & $-0.882108$ & $-0.864909$ & $0.33872$ & $1$ & $0.316382$ & $-0.13589$ & $-0.537771$ & $-0.421948$ & $-0.414784$ & $-0.2439$ & $0.0461329$ & $0.0457742$ & $-0.990355$ & $-0.991048$ & $-0.969515$ & $-0.0233779$ & $0.294314$ & $-0.00258199$ & $0.572058$ & $-0.28553$ & $-0.3306$ & $-0.00307275$ & $-0.0439277$ & $-0.0145258$ & $0.0532938$ & $-0.0387702$ & $-0.356515$ & $-0.00185479$ & $0.00950167$ & $-0.013113$ & $-0.00590375$ & $-0.0168842$ & $-0.0032529$ & $0.0119536$ & $0.00265016$ & $0.012091$ & $-0.00738489$ & $0.0073277$ & $0.0182321$ & $0.0124204$ & $0.00408837$ & $-0.00144601$ \\
CHbox & $0.0223223$ & $0.0230019$ & $-0.0280791$ & $-0.00874365$ & $-0.00136267$ & $0.0445794$ & $0.0227191$ & $-0.321738$ & $-0.298754$ & $0.664661$ & $0.316382$ & $1$ & $-0.148221$ & $-0.122632$ & $-0.0575345$ & $-0.0671925$ & $-0.0119845$ & $0.0425672$ & $0.0511644$ & $-0.295603$ & $-0.326896$ & $-0.318362$ & $-0.0403518$ & $0.180829$ & $0.0413437$ & $0.189423$ & $-0.171216$ & $-0.105655$ & $0.0233654$ & $0.169388$ & $0.030032$ & $0.0998878$ & $0.20027$ & $-0.213764$ & $0.0857774$ & $0.0532887$ & $-0.0158458$ & $-0.00738018$ & $-0.0278287$ & $0.00277863$ & $-0.0154971$ & $0.00554197$ & $-0.0120571$ & $-0.0187836$ & $-0.00224083$ & $-0.000242179$ & $0.0124248$ & $0.00181715$ & $0.031865$ \\
CH & $0.00280394$ & $-0.0125865$ & $-0.00500869$ & $0.00204766$ & $0.00677726$ & $-0.00472657$ & $-0.242908$ & $0.278132$ & $0.273875$ & $-0.192101$ & $-0.13589$ & $-0.148221$ & $1$ & $-0.185056$ & $0.0608649$ & $0.0660425$ & $-0.282346$ & $-0.304512$ & $-0.307818$ & $0.132894$ & $0.143678$ & $0.142934$ & $0.0316438$ & $-0.311992$ & $-0.296829$ & $-0.0822701$ & $0.104866$ & $0.0413766$ & $0.0326011$ & $0.215463$ & $0.0859651$ & $-0.200937$ & $0.263476$ & $0.166873$ & $0.0256876$ & $0.0103799$ & $0.00318054$ & $-0.00302976$ & $-0.000591858$ & $-0.00729951$ & $-0.000257496$ & $-0.000755339$ & $-0.0133332$ & $-0.00810722$ & $-0.0107372$ & $-0.00905863$ & $-0.00285584$ & $0.000992553$ & $0.00891661$ \\
CHL1_11 & $-0.0106176$ & $-0.0202435$ & $0.0122987$ & $0.00602012$ & $0.00365553$ & $0.0201034$ & $0.037348$ & $0.13511$ & $0.127666$ & $0.2209$ & $-0.537771$ & $-0.122632$ & $-0.185056$ & $1$ & $0.28086$ & $0.276444$ & $0.652093$ & $0.585709$ & $0.582764$ & $0.555388$ & $0.499141$ & $0.485194$ & $-0.0748313$ & $0.451226$ & $0.587771$ & $-0.290314$ & $-0.0855361$ & $0.163375$ & $-0.00984752$ & $-0.0309762$ & $-0.021532$ & $0.0181414$ & $-0.0416174$ & $-0.196208$ & $-0.0124648$ & $-0.0102338$ & $0.00734399$ & $0.00985392$ & $0.0164423$ & $0.0110733$ & $-0.0209669$ & $0.0012379$ & $-0.0041805$ & $0.0136301$ & $0.00298024$ & $4.73134e-05$ & $-0.0147321$ & $0.00929808$ & $-0.00439776$ \\
CHL1_22 & $-0.00632659$ & $-0.000813162$ & $0.00196735$ & $-0.00459328$ & $-0.00294926$ & $-0.0794073$ & $-0.0126715$ & $0.298041$ & $0.294567$ & $-0.118954$ & $-0.421948$ & $-0.0575345$ & $0.0608649$ & $0.28086$ & $1$ & $0.454804$ & $0.181086$ & $-0.450732$ & $-0.031573$ & $0.487252$ & $0.33781$ & $0.326177$ & $-0.165505$ & $0.122381$ & $-0.12917$ & $-0.201622$ & $-0.401584$ & $0.120371$ & $0.00237133$ & $0.0293449$ & $0.0106757$ & $-0.0130712$ & $0.0223171$ & $-0.602483$ & $-0.00367899$ & $-0.00580993$ & $0.00409526$ & $-0.00211717$ & $0.0113431$ & $-0.0044089$ & $-0.0150411$ & $-0.00952968$ & $-0.0014782$ & $-0.00564863$ & $0.0117244$ & $0.00418512$ & $-0.0104234$ & $0.00950768$ & $-0.0106037$ \\
CHL1_33 & $-0.00482318$ & $-0.0192498$ & $-0.0029755$ & $0.011148$ & $-0.00257684$ & $-0.0793498$ & $-0.0169755$ & $0.294281$ & $0.290715$ & $-0.126751$ & $-0.414784$ & $-0.0671925$ & $0.0660425$ & $0.276444$ & $0.454804$ & $1$ & $0.172087$ & $-0.0272531$ & $-0.439708$ & $0.47895$ & $0.332582$ & $0.350103$ & $-0.161063$ & $0.111509$ & $-0.122638$ & $-0.194878$ & $-0.389723$ & $0.107668$ & $-0.000298694$ & $0.0289313$ & $0.00650922$ & $-0.0187718$ & $0.0180979$ & $-0.115523$ & $-0.00785734$ & $-0.014287$ & $0.00190269$ & $0.00120902$ & $0.015077$ & $-0.00354009$ & $-0.00571531$ & $-0.0028103$ & $-0.00810935$ & $0.00692765$ & $0.0107825$ & $-0.00477844$ & $-0.00852994$ & $0.00822904$ & $-0.02503$ \\
CHL3_11 & $-0.00228738$ & $0.0180732$ & $0.00562519$ & $0.00193305$ & $0.00587975$ & $-0.265824$ & $0.0576031$ & $-0.205328$ & $-0.207369$ & $0.425561$ & $-0.2439$ & $-0.0119845$ & $-0.282346$ & $0.652093$ & $0.181086$ & $0.172087$ & $1$ & $0.720769$ & $0.722885$ & $0.265941$ & $0.211446$ & $0.204284$ & $-0.070271$ & $0.662835$ & $0.76832$ & $-0.126155$ & $-0.14531$ & $0.0778127$ & $-0.0118049$ & $-0.0631621$ & $-0.0385697$ & $0.0376197$ & $-0.0715036$ & $-0.234301$ & $-0.0146415$ & $-0.00789616$ & $0.00611735$ & $0.0035964$ & $0.0137553$ & $0.00247551$ & $-0.0225462$ & $0.00196117$ & $-0.002764$ & $0.00384401$ & $-0.00162862$ & $0.00571404$ & $-0.0208226$ & $0.00339246$ & $-0.0124977$ \\
CHL3_22 & $-0.00069198$ & $0.0025926$ & $0.00677811$ & $0.00877073$ & $0.00365848$ & $-0.0517412$ & $0.0655562$ & $-0.405824$ & $-0.404446$ & $0.478519$ & $0.0461329$ & $0.0425672$ & $-0.304512$ & $0.585709$ & $-0.450732$ & $-0.0272531$ & $0.720769$ & $1$ & $0.664462$ & $-0.0497155$ & $-0.0392061$ & $-0.0355478$ & $0.00443447$ & $0.597642$ & $0.787628$ & $0.0222297$ & $0.0186789$ & $-0.0163087$ & $-0.014282$ & $-0.0739258$ & $-0.039946$ & $0.0481375$ & $-0.07846$ & $0.0652588$ & $-0.0108565$ & $-0.00435749$ & $0.00125219$ & $0.00523257$ & $0.00595913$ & $0.00869297$ & $-0.00982793$ & $0.00792163$ & $-0.00138951$ & $0.011344$ & $-0.00417653$ & $0.00286471$ & $-0.0105146$ & $0.00540097$ & $-0.00524683$ \\
CHL3_33 & $-0.00122767$ & $0.0167191$ & $0.0114221$ & $-0.00346808$ & $0.00409458$ & $-0.0518368$ & $0.0687216$ & $-0.40502$ & $-0.403648$ & $0.485708$ & $0.0457742$ & $0.0511644$ & $-0.307818$ & $0.582764$ & $-0.031573$ & $-0.439708$ & $0.722885$ & $0.664462$ & $1$ & $-0.0494064$ & $-0.0380582$ & $-0.0352297$ & $0.00613767$ & $0.602782$ & $0.785229$ & $0.0194243$ & $0.0204911$ & $-0.00890405$ & $-0.0115508$ & $-0.0735204$ & $-0.0382022$ & $0.0526525$ & $-0.0765871$ & $-0.314634$ & $-0.00700099$ & $0.00325971$ & $0.00252512$ & $0.00386187$ & $0.00586681$ & $0.00874879$ & $-0.0195356$ & $0.00257017$ & $0.00517505$ & $0.00230391$ & $-0.00265082$ & $0.010941$ & $-0.0124812$ & $0.00515905$ & $0.0045099$ \\
CHe_11 & $-0.00429803$ & $-0.0227329$ & $0.00709296$ & $0.00142841$ & $0.0049175$ & $-0.181652$ & $-0.0414661$ & $0.853188$ & $0.837183$ & $-0.326221$ & $-0.990355$ & $-0.295603$ & $0.132894$ & $0.555388$ & $0.487252$ & $0.47895$ & $0.265941$ & $-0.0497155$ & $-0.0494064$ & $1$ & $0.972576$ & $0.951765$ & $-0.000882762$ & $-0.239876$ & $0.0084965$ & $-0.562328$ & $0.210724$ & $0.323769$ & $0.00265825$ & $0.0444325$ & $0.0150736$ & $-0.0514712$ & $0.0385914$ & $0.276957$ & $-0.00146582$ & $-0.0105385$ & $0.0135069$ & $0.00448931$ & $0.0161986$ & $0.00242089$ & $-0.0124955$ & $-0.0039009$ & $-0.0116169$ & $0.00674438$ & $-0.00622955$ & $-0.0125628$ & $-0.0132567$ & $-0.00181529$ & $-0.00103587$ \\
CHe_22 & $-0.00345941$ & $-0.0213438$ & $0.0069159$ & $-0.000516993$ & $0.00739644$ & $-0.186928$ & $-0.0453276$ & $0.899132$ & $0.881563$ & $-0.354552$ & $-0.991048$ & $-0.326896$ & $0.143678$ & $0.499141$ & $0.33781$ & $0.332582$ & $0.211446$ & $-0.0392061$ & $-0.0380582$ & $0.972576$ & $1$ & $0.974812$ & $0.0515119$ & $-0.350178$ & $-0.00169485$ & $-0.57482$ & $0.366594$ & $0.332256$ & $0.00402675$ & $0.0438367$ & $0.0155202$ & $-0.0558846$ & $0.0394022$ & $0.443501$ & $-0.000693525$ & $-0.00980214$ & $0.0143629$ & $0.00671504$ & $0.0144639$ & $0.00321494$ & $-0.0114378$ & $-0.00187429$ & $-0.0121644$ & $0.00702015$ & $-0.0102609$ & $-0.015246$ & $-0.0118455$ & $-0.00848795$ & $0.00332786$ \\
CHe_33 & $-0.00311523$ & $-0.0220703$ & $0.0102034$ & $0.00274969$ & $0.00820331$ & $-0.184229$ & $-0.0465321$ & $0.88092$ & $0.86392$ & $-0.346942$ & $-0.969515$ & $-0.318362$ & $0.142934$ & $0.485194$ & $0.326177$ & $0.350103$ & $0.204284$ & $-0.0355478$ & $-0.0352297$ & $0.951765$ & $0.974812$ & $1$ & $0.0519999$ & $-0.343694$ & $-0.000373537$ & $-0.561469$ & $0.362695$ & $0.324741$ & $0.00441215$ & $0.0427391$ & $0.0147167$ & $-0.0565898$ & $0.0381433$ & $0.440861$ & $-0.000993195$ & $-0.0093539$ & $0.0139353$ & $0.00654529$ & $0.0170077$ & $0.00396169$ & $-0.0121061$ & $-0.00429305$ & $-0.0109108$ & $0.00830714$ & $-0.0111403$ & $-0.0119806$ & $-0.0115402$ & $-0.0118486$ & $0.00269566$ \\
CHQ1_11 & $-0.00436381$ & $0.00471567$ & $0.00257072$ & $-0.00780094$ & $0.00298355$ & $-0.010265$ & $-0.00939844$ & $0.0780816$ & $0.0754418$ & $-0.0555106$ & $-0.0233779$ & $-0.0403518$ & $0.0316438$ & $-0.0748313$ & $-0.165505$ & $-0.161063$ & $-0.070271$ & $0.00443447$ & $0.00613767$ & $-0.000882762$ & $0.0515119$ & $0.0519999$ & $1$ & $-0.145189$ & $0.0765736$ & $-0.677737$ & $0.344068$ & $0.0127426$ & $0.0087954$ & $-0.00167073$ & $0.000576917$ & $-0.00913178$ & $0.00205535$ & $0.206414$ & $0.000496391$ & $0.00210338$ & $0.00980992$ & $1.57416e-05$ & $0.00462058$ & $-0.00274785$ & $0.0117009$ & $0.00640796$ & $-0.00621165$ & $-0.00299895$ & $0.00807834$ & $0.0184432$ & $0.0032868$ & $0.00267042$ & $0.000946207$ \\
CHQ1_33 & $-0.0535424$ & $0.0126326$ & $0.0155097$ & $0.00531489$ & $-0.00413571$ & $0.00150304$ & $0.0736289$ & $-0.65623$ & $-0.646941$ & $0.545661$ & $0.294314$ & $0.180829$ & $-0.311992$ & $0.451226$ & $0.122381$ & $0.111509$ & $0.662835$ & $0.597642$ & $0.602782$ & $-0.239876$ & $-0.350178$ & $-0.343694$ & $-0.145189$ & $1$ & $0.624826$ & $0.198906$ & $-0.414689$ & $-0.0114298$ & $-0.0127489$ & $-0.0677912$ & $-0.0365238$ & $0.0631016$ & $-0.0757669$ & $-0.626532$ & $-0.0232674$ & $-0.0139248$ & $-0.0114101$ & $0.000227557$ & $0.00577264$ & $0.000158508$ & $-0.0152838$ & $0.000913277$ & $0.0056624$ & $0.00863322$ & $0.0129374$ & $0.0112661$ & $-0.0121535$ & $0.00764888$ & $-0.0153121$ \\
CHQ3_11 & $-0.100272$ & $0.0131608$ & $0.0172656$ & $0.0166908$ & $0.000249673$ & $-0.0891727$ & $0.0558718$ & $-0.371676$ & $-0.370428$ & $0.471385$ & $-0.00258199$ & $0.0413437$ & $-0.296829$ & $0.587771$ & $-0.12917$ & $-0.122638$ & $0.76832$ & $0.787628$ & $0.785229$ & $0.0084965$ & $-0.00169485$ & $-0.000373537$ & $0.0765736$ & $0.624826$ & $1$ & $0.00611077$ & $0.231251$ & $-1.53827e-06$ & $-0.00676512$ & $-0.0752497$ & $-0.0458689$ & $0.036049$ & $-0.0814695$ & $-0.173902$ & $-0.0245651$ & $-0.0127718$ & $0.00323459$ & $0.005575$ & $0.0133246$ & $0.00954816$ & $-0.0205137$ & $0.00498356$ & $-0.00158699$ & $0.0139246$ & $-0.000183326$ & $0.000998168$ & $-0.0201251$ & $-0.00100994$ & $-0.00439017$ \\
CHu_11 & $-0.0251706$ & $0.0109392$ & $-0.00623144$ & $0.00770327$ & $-0.008297$ & $0.106378$ & $0.0221818$ & $-0.516322$ & $-0.504396$ & $0.204273$ & $0.572058$ & $0.189423$ & $-0.0822701$ & $-0.290314$ & $-0.201622$ & $-0.194878$ & $-0.126155$ & $0.0222297$ & $0.0194243$ & $-0.562328$ & $-0.57482$ & $-0.561469$ & $-0.677737$ & $0.198906$ & $0.00611077$ & $1$ & $-0.171994$ & $-0.191653$ & $-0.00275801$ & $-0.0223049$ & $-0.00776408$ & $0.0280289$ & $-0.0178343$ & $-0.248819$ & $-0.00223816$ & $-0.00251047$ & $-0.0171657$ & $-0.000613653$ & $-0.00889441$ & $-0.000904411$ & $-0.00698566$ & $-0.00176143$ & $0.0121287$ & $0.00274304$ & $0.000110531$ & $-0.00856983$ & $-0.00254418$ & $0.00361897$ & $0.000961251$ \\
CHd_11 & $-0.019188$ & $-0.00343644$ & $0.00496923$ & $0.000747348$ & $0.00142172$ & $-0.0762291$ & $-0.0421081$ & $0.41573$ & $0.407393$ & $-0.218736$ & $-0.28553$ & $-0.171216$ & $0.104866$ & $-0.0855361$ & $-0.401584$ & $-0.389723$ & $-0.14531$ & $0.0186789$ & $0.0204911$ & $0.210724$ & $0.366594$ & $0.362695$ & $0.344068$ & $-0.414689$ & $0.231251$ & $-0.171994$ & $1$ & $0.107802$ & $0.0114327$ & $0.0121652$ & $0.00252712$ & $-0.0461485$ & $0.0212116$ & $0.683937$ & $0.00334359$ & $-0.00227414$ & $0.00318605$ & $0.00826026$ & $-0.00397816$ & $0.0017609$ & $0.00123086$ & $0.0018741$ & $-0.0038451$ & $0.00661115$ & $-0.00800535$ & $-0.0154915$ & $-0.00180394$ & $-0.0179164$ & $0.0233716$ \\
CHd_33 & $0.00958772$ & $-0.0217448$ & $0.00934997$ & $0.00268529$ & $0.00700994$ & $-0.0651555$ & $-0.0140555$ & $0.299373$ & $0.292695$ & $-0.115191$ & $-0.3306$ & $-0.105655$ & $0.0413766$ & $0.163375$ & $0.120371$ & $0.107668$ & $0.0778127$ & $-0.0163087$ & $-0.00890405$ & $0.323769$ & $0.332256$ & $0.324741$ & $0.0127426$ & $-0.0114298$ & $-1.53827e-06$ & $-0.191653$ & $0.107802$ & $1$ & $0.00188037$ & $0.00846783$ & $0.00184504$ & $-0.0185165$ & $0.010803$ & $0.144362$ & $-0.00705352$ & $-0.00930988$ & $-0.00506856$ & $0.0030366$ & $-3.17498e-05$ & $0.00384544$ & $-0.00130325$ & $-0.00105939$ & $-0.0101708$ & $0.00952085$ & $-0.000326199$ & $0.0025432$ & $0.00585061$ & $-0.00748602$ & $0.000337556$ \\
CeH_22r & $-0.0179008$ & $0.0126864$ & $-0.00722203$ & $-0.00144407$ & $-0.00825226$ & $-0.000793553$ & $0.00547309$ & $0.00959797$ & $0.0163914$ & $-0.00361674$ & $-0.00307275$ & $0.0233654$ & $0.0326011$ & $-0.00984752$ & $0.00237133$ & $-0.000298694$ & $-0.0118049$ & $-0.014282$ & $-0.0115508$ & $0.00265825$ & $0.00402675$ & $0.00441215$ & $0.0087954$ & $-0.0127489$ & $-0.00676512$ & $-0.00275801$ & $0.0114327$ & $0.00188037$ & $1$ & $0.0380171$ & $0.0135549$ & $-0.0141527$ & $0.0329734$ & $0.00686482$ & $-0.0324378$ & $-0.0211021$ & $-0.0119329$ & $-0.000283662$ & $0.00110737$ & $-0.0135918$ & $-0.00135882$ & $-0.000234308$ & $-0.00209816$ & $0.00539332$ & $-0.00218852$ & $-0.00747409$ & $-0.00852952$ & $-0.0092662$ & $-0.00816256$ \\
CeH_33r & $0.000551298$ & $-0.00257895$ & $-0.0234549$ & $-0.000104623$ & $-0.00340241$ & $-0.00377338$ & $-0.102564$ & $0.072955$ & $0.0957241$ & $-0.0986012$ & $-0.0439277$ & $0.169388$ & $0.215463$ & $-0.0309762$ & $0.0293449$ & $0.0289313$ & $-0.0631621$ & $-0.0739258$ & $-0.0735204$ & $0.0444325$ & $0.0438367$ & $0.0427391$ & $-0.00167073$ & $-0.0677912$ & $-0.0752497$ & $-0.0223049$ & $0.0121652$ & $0.00846783$ & $0.0380171$ & $1$ & $0.301261$ & $0.0481967$ & $0.64588$ & $0.0303393$ & $-0.0513121$ & $-0.00198204$ & $-0.162121$ & $-0.0192574$ & $-0.0319051$ & $-0.0147092$ & $0.0166582$ & $-0.00578634$ & $-0.00415562$ & $0.0215422$ & $0.0811967$ & $0.015152$ & $-0.000664805$ & $-0.00402026$ & $0.0189234$ \\
CuH_22r & $0.0136223$ & $0.0258608$ & $-0.00831346$ & $-0.0362798$ & $-0.0058147$ & $0.00298707$ & $-0.057659$ & $0.0316052$ & $0.0439148$ & $-0.0487831$ & $-0.0145258$ & $0.030032$ & $0.0859651$ & $-0.021532$ & $0.0106757$ & $0.00650922$ & $-0.0385697$ & $-0.039946$ & $-0.0382022$ & $0.0150736$ & $0.0155202$ & $0.0147167$ & $0.000576917$ & $-0.0365238$ & $-0.0458689$ & $-0.00776408$ & $0.00252712$ & $0.00184504$ & $0.0135549$ & $0.301261$ & $1$ & $0.0352019$ & $0.375197$ & $0.0152567$ & $0.013131$ & $0.0165641$ & $-0.106152$ & $0.0012463$ & $-0.000759357$ & $-0.00835294$ & $0.0531303$ & $-0.00350196$ & $0.0242702$ & $-0.00409193$ & $0.0501987$ & $0.0393433$ & $0.346674$ & $0.0287105$ & $0.0875074$ \\
CuH_33r & $0.0289059$ & $-0.000773965$ & $-0.0333939$ & $-0.0119862$ & $0.00858895$ & $0.0167192$ & $0.931747$ & $-0.0750172$ & $-0.0334656$ & $0.0624154$ & $0.0532938$ & $0.0998878$ & $-0.200937$ & $0.0181414$ & $-0.0130712$ & $-0.0187718$ & $0.0376197$ & $0.0481375$ & $0.0526525$ & $-0.0514712$ & $-0.0558846$ & $-0.0565898$ & $-0.00913178$ & $0.0631016$ & $0.036049$ & $0.0280289$ & $-0.0461485$ & $-0.0185165$ & $-0.0141527$ & $0.0481967$ & $0.0352019$ & $1$ & $0.061998$ & $-0.0505907$ & $0.0548991$ & $0.0296978$ & $-0.0264925$ & $0.00145965$ & $-0.00457881$ & $-0.00889739$ & $0.00898164$ & $0.000528572$ & $-0.0179504$ & $-0.0273668$ & $-0.0148528$ & $-0.0119692$ & $0.00735392$ & $-0.00141463$ & $0.0125649$ \\
CdH_33r & $0.036653$ & $-0.00725157$ & $-0.0199333$ & $-0.0670234$ & $-0.00350448$ & $0.00424332$ & $-0.128731$ & $0.0726861$ & $0.0901411$ & $-0.102723$ & $-0.0387702$ & $0.20027$ & $0.263476$ & $-0.0416174$ & $0.0223171$ & $0.0180979$ & $-0.0715036$ & $-0.07846$ & $-0.0765871$ & $0.0385914$ & $0.0394022$ & $0.0381433$ & $0.00205535$ & $-0.0757669$ & $-0.0814695$ & $-0.0178343$ & $0.0212116$ & $0.010803$ & $0.0329734$ & $0.64588$ & $0.375197$ & $0.061998$ & $1$ & $0.0364041$ & $0.00730027$ & $0.074799$ & $-0.204706$ & $-0.0170131$ & $-0.0905584$ & $-0.00928907$ & $-0.00470341$ & $-0.0065184$ & $-0.103194$ & $0.00268429$ & $0.016769$ & $-0.0085924$ & $0.112835$ & $0.147963$ & $0.462017$ \\
CLL_1221 & $0.00465826$ & $0.0108223$ & $0.00100751$ & $0.00114558$ & $0.00504516$ & $-0.121157$ & $-0.0487563$ & $0.550861$ & $0.540299$ & $-0.336681$ & $-0.356515$ & $-0.213764$ & $0.166873$ & $-0.196208$ & $-0.602483$ & $-0.115523$ & $-0.234301$ & $0.0652588$ & $-0.314634$ & $0.276957$ & $0.443501$ & $0.440861$ & $0.206414$ & $-0.626532$ & $-0.173902$ & $-0.248819$ & $0.683937$ & $0.144362$ & $0.00686482$ & $0.0303393$ & $0.0152567$ & $-0.0505907$ & $0.0364041$ & $1$ & $0.00292025$ & $-0.000852163$ & $0.00733887$ & $0.00607874$ & $-0.00521714$ & $0.00146428$ & $0.0117014$ & $0.00468736$ & $-0.00816909$ & $0.0062821$ & $-0.0212857$ & $-0.0128623$ & $0.00567229$ & $-0.0225341$ & $0.0121892$ \\
eHggint & $0.162424$ & $-0.0850621$ & $-0.153673$ & $-0.00914072$ & $0.00243967$ & $-0.000425524$ & $-0.0265242$ & $0.00785728$ & $-0.0111438$ & $0.0364178$ & $-0.00185479$ & $0.0857774$ & $0.0256876$ & $-0.0124648$ & $-0.00367899$ & $-0.00785734$ & $-0.0146415$ & $-0.0108565$ & $-0.00700099$ & $-0.00146582$ & $-0.000693525$ & $-0.000993195$ & $0.000496391$ & $-0.0232674$ & $-0.0245651$ & $-0.00223816$ & $0.00334359$ & $-0.00705352$ & $-0.0324378$ & $-0.0513121$ & $0.013131$ & $0.0548991$ & $0.00730027$ & $0.00292025$ & $1$ & $-0.0376894$ & $0.00935234$ & $-0.0173564$ & $-0.00792094$ & $0.00112954$ & $0.0705324$ & $-0.0086262$ & $0.0353292$ & $-0.0865$ & $0.0355139$ & $-0.0302619$ & $0.120637$ & $-0.0320446$ & $0.139273$ \\
eHggpar & $0.0977228$ & $-0.0156927$ & $-0.0423421$ & $-0.13984$ & $0.00943739$ & $-0.00160441$ & $-0.00693931$ & $-0.0057665$ & $-0.0158514$ & $0.0245813$ & $0.00950167$ & $0.0532887$ & $0.0103799$ & $-0.0102338$ & $-0.00580993$ & $-0.014287$ & $-0.00789616$ & $-0.00435749$ & $0.00325971$ & $-0.0105385$ & $-0.00980214$ & $-0.0093539$ & $0.00210338$ & $-0.0139248$ & $-0.0127718$ & $-0.00251047$ & $-0.00227414$ & $-0.00930988$ & $-0.0211021$ & $-0.00198204$ & $0.0165641$ & $0.0296978$ & $0.074799$ & $-0.000852163$ & $-0.0376894$ & $1$ & $-0.107244$ & $0.0214584$ & $-0.162364$ & $0.0165658$ & $-0.0605855$ & $-0.000371791$ & $-0.0977769$ & $-0.115568$ & $-0.0503722$ & $-0.0242329$ & $0.0351599$ & $-0.0491994$ & $0.164147$ \\
eHWWint & $-0.0138454$ & $0.00172468$ & $0.151803$ & $-0.0864586$ & $-0.00587261$ & $-0.0132452$ & $0.0143267$ & $0.0119447$ & $0.00665537$ & $-0.00610222$ & $-0.013113$ & $-0.0158458$ & $0.00318054$ & $0.00734399$ & $0.00409526$ & $0.00190269$ & $0.00611735$ & $0.00125219$ & $0.00252512$ & $0.0135069$ & $0.0143629$ & $0.0139353$ & $0.00980992$ & $-0.0114101$ & $0.00323459$ & $-0.0171657$ & $0.00318605$ & $-0.00506856$ & $-0.0119329$ & $-0.162121$ & $-0.106152$ & $-0.0264925$ & $-0.204706$ & $0.00733887$ & $0.00935234$ & $-0.107244$ & $1$ & $-0.0176399$ & $0.0259916$ & $0.00120194$ & $-0.0741731$ & $0.0127466$ & $0.0474707$ & $-0.0803713$ & $-0.13464$ & $-0.0799464$ & $-0.0605809$ & $-0.00994889$ & $-0.0743225$ \\
eHWWpar & $0.00426133$ & $0.0233515$ & $0.0232024$ & $-0.0163993$ & $0.00328881$ & $0.00393628$ & $0.00624872$ & $0.00390243$ & $0.00253545$ & $9.83834e-05$ & $-0.00590375$ & $-0.00738018$ & $-0.00302976$ & $0.00985392$ & $-0.00211717$ & $0.00120902$ & $0.0035964$ & $0.00523257$ & $0.00386187$ & $0.00448931$ & $0.00671504$ & $0.00654529$ & $1.57416e-05$ & $0.000227557$ & $0.005575$ & $-0.000613653$ & $0.00826026$ & $0.0030366$ & $-0.000283662$ & $-0.0192574$ & $0.0012463$ & $0.00145965$ & $-0.0170131$ & $0.00607874$ & $-0.0173564$ & $0.0214584$ & $-0.0176399$ & $1$ & $0.0152708$ & $0.00460358$ & $-0.0255926$ & $-0.0134552$ & $0.0241276$ & $-0.0198345$ & $0.0249873$ & $-0.0155327$ & $0.0332283$ & $0.0109456$ & $0.0142096$ \\
eHZZint & $-0.0827123$ & $-0.122364$ & $0.12716$ & $-0.0796716$ & $-0.0114079$ & $-0.0124141$ & $-0.00403769$ & $0.0126234$ & $0.0118621$ & $-0.00685004$ & $-0.0168842$ & $-0.0278287$ & $-0.000591858$ & $0.0164423$ & $0.0113431$ & $0.015077$ & $0.0137553$ & $0.00595913$ & $0.00586681$ & $0.0161986$ & $0.0144639$ & $0.0170077$ & $0.00462058$ & $0.00577264$ & $0.0133246$ & $-0.00889441$ & $-0.00397816$ & $-3.17498e-05$ & $0.00110737$ & $-0.0319051$ & $-0.000759357$ & $-0.00457881$ & $-0.0905584$ & $-0.00521714$ & $-0.00792094$ & $-0.162364$ & $0.0259916$ & $0.0152708$ & $1$ & $0.00863301$ & $-0.155693$ & $-0.0086768$ & $0.0484344$ & $0.000339359$ & $-0.154709$ & $0.0916248$ & $0.0174202$ & $0.0634242$ & $-0.176472$ \\
eHZZpar & $-0.0286422$ & $-0.0240789$ & $-0.0103249$ & $-0.00130463$ & $0.0093553$ & $0.000979826$ & $-0.00620683$ & $0.000968271$ & $-0.00146867$ & $0.00995928$ & $-0.0032529$ & $0.00277863$ & $-0.00729951$ & $0.0110733$ & $-0.0044089$ & $-0.00354009$ & $0.00247551$ & $0.00869297$ & $0.00874879$ & $0.00242089$ & $0.00321494$ & $0.00396169$ & $-0.00274785$ & $0.000158508$ & $0.00954816$ & $-0.000904411$ & $0.0017609$ & $0.00384544$ & $-0.0135918$ & $-0.0147092$ & $-0.00835294$ & $-0.00889739$ & $-0.00928907$ & $0.00146428$ & $0.00112954$ & $0.0165658$ & $0.00120194$ & $0.00460358$ & $0.00863301$ & $1$ & $-0.00480596$ & $-0.000612978$ & $0.00857427$ & $0.0135446$ & $0.00446034$ & $0.0103903$ & $-0.00435523$ & $-0.0139752$ & $0.025232$ \\
eHZgaint & $0.0339581$ & $0.0405205$ & $-0.120348$ & $-0.0780113$ & $0.00120536$ & $0.00683049$ & $0.0036787$ & $-0.00267481$ & $-0.00322969$ & $-0.0325876$ & $0.0119536$ & $-0.0154971$ & $-0.000257496$ & $-0.0209669$ & $-0.0150411$ & $-0.00571531$ & $-0.0225462$ & $-0.00982793$ & $-0.0195356$ & $-0.0124955$ & $-0.0114378$ & $-0.0121061$ & $0.0117009$ & $-0.0152838$ & $-0.0205137$ & $-0.00698566$ & $0.00123086$ & $-0.00130325$ & $-0.00135882$ & $0.0166582$ & $0.0531303$ & $0.00898164$ & $-0.00470341$ & $0.0117014$ & $0.0705324$ & $-0.0605855$ & $-0.0741731$ & $-0.0255926$ & $-0.155693$ & $-0.00480596$ & $1$ & $-0.00917242$ & $-0.0202219$ & $-0.0349958$ & $0.04031$ & $0.184947$ & $0.117547$ & $-0.0220015$ & $-0.0341961$ \\
eHZgapar & $-0.0155774$ & $-0.00373506$ & $-0.0176896$ & $0.0374306$ & $-0.00288114$ & $0.000168667$ & $0.00341287$ & $-0.00350356$ & $-0.00713621$ & $0.0112266$ & $0.00265016$ & $0.00554197$ & $-0.000755339$ & $0.0012379$ & $-0.00952968$ & $-0.0028103$ & $0.00196117$ & $0.00792163$ & $0.00257017$ & $-0.0039009$ & $-0.00187429$ & $-0.00429305$ & $0.00640796$ & $0.000913277$ & $0.00498356$ & $-0.00176143$ & $0.0018741$ & $-0.00105939$ & $-0.000234308$ & $-0.00578634$ & $-0.00350196$ & $0.000528572$ & $-0.0065184$ & $0.00468736$ & $-0.0086262$ & $-0.000371791$ & $0.0127466$ & $-0.0134552$ & $-0.0086768$ & $-0.000612978$ & $-0.00917242$ & $1$ & $-0.0257627$ & $0.0168619$ & $0.0107192$ & $-0.0017183$ & $-0.00496778$ & $-0.00472782$ & $-0.0031325$ \\
eHgagaint & $0.0130537$ & $0.00681977$ & $0.120038$ & $0.00960235$ & $-0.017868$ & $0.00322677$ & $-0.0132698$ & $-0.0109383$ & $0.0438597$ & $-0.0007024$ & $0.012091$ & $-0.0120571$ & $-0.0133332$ & $-0.0041805$ & $-0.0014782$ & $-0.00810935$ & $-0.002764$ & $-0.00138951$ & $0.00517505$ & $-0.0116169$ & $-0.0121644$ & $-0.0109108$ & $-0.00621165$ & $0.0056624$ & $-0.00158699$ & $0.0121287$ & $-0.0038451$ & $-0.0101708$ & $-0.00209816$ & $-0.00415562$ & $0.0242702$ & $-0.0179504$ & $-0.103194$ & $-0.00816909$ & $0.0353292$ & $-0.0977769$ & $0.0474707$ & $0.0241276$ & $0.0484344$ & $0.00857427$ & $-0.0202219$ & $-0.0257627$ & $1$ & $0.0192283$ & $0.0911639$ & $0.0577706$ & $0.0730874$ & $-0.0455806$ & $-0.182248$ \\
eHmumuint & $-0.0733452$ & $-0.0428892$ & $0.00787908$ & $0.143012$ & $-0.00461684$ & $0.00339496$ & $-0.0175429$ & $0.00536688$ & $0.00859094$ & $-0.0101906$ & $-0.00738489$ & $-0.0187836$ & $-0.00810722$ & $0.0136301$ & $-0.00564863$ & $0.00692765$ & $0.00384401$ & $0.011344$ & $0.00230391$ & $0.00674438$ & $0.00702015$ & $0.00830714$ & $-0.00299895$ & $0.00863322$ & $0.0139246$ & $0.00274304$ & $0.00661115$ & $0.00952085$ & $0.00539332$ & $0.0215422$ & $-0.00409193$ & $-0.0273668$ & $0.00268429$ & $0.0062821$ & $-0.0865$ & $-0.115568$ & $-0.0803713$ & $-0.0198345$ & $0.000339359$ & $0.0135446$ & $-0.0349958$ & $0.0168619$ & $0.0192283$ & $1$ & $0.0772446$ & $0.0578612$ & $-0.0231762$ & $-0.116208$ & $0.00493504$ \\
eHtautauint & $0.0536982$ & $-0.0205929$ & $-0.0457356$ & $-0.162474$ & $-0.00565532$ & $0.0112398$ & $-0.0196078$ & $-0.00965645$ & $-0.00415197$ & $-0.00607401$ & $0.0073277$ & $-0.00224083$ & $-0.0107372$ & $0.00298024$ & $0.0117244$ & $0.0107825$ & $-0.00162862$ & $-0.00417653$ & $-0.00265082$ & $-0.00622955$ & $-0.0102609$ & $-0.0111403$ & $0.00807834$ & $0.0129374$ & $-0.000183326$ & $0.000110531$ & $-0.00800535$ & $-0.000326199$ & $-0.00218852$ & $0.0811967$ & $0.0501987$ & $-0.0148528$ & $0.016769$ & $-0.0212857$ & $0.0355139$ & $-0.0503722$ & $-0.13464$ & $0.0249873$ & $-0.154709$ & $0.00446034$ & $0.04031$ & $0.0107192$ & $0.0911639$ & $0.0772446$ & $1$ & $0.217836$ & $0.0763854$ & $0.0197656$ & $-0.0174898$ \\
eHccint & $0.0254802$ & $0.219514$ & $-0.00706545$ & $-0.00992742$ & $-0.00276675$ & $0.00840663$ & $-0.00888136$ & $-0.0249448$ & $-0.0187318$ & $0.00252535$ & $0.0182321$ & $-0.000242179$ & $-0.00905863$ & $4.73134e-05$ & $0.00418512$ & $-0.00477844$ & $0.00571404$ & $0.00286471$ & $0.010941$ & $-0.0125628$ & $-0.015246$ & $-0.0119806$ & $0.0184432$ & $0.0112661$ & $0.000998168$ & $-0.00856983$ & $-0.0154915$ & $0.0025432$ & $-0.00747409$ & $0.015152$ & $0.0393433$ & $-0.0119692$ & $-0.0085924$ & $-0.0128623$ & $-0.0302619$ & $-0.0242329$ & $-0.0799464$ & $-0.0155327$ & $0.0916248$ & $0.0103903$ & $0.184947$ & $-0.0017183$ & $0.0577706$ & $0.0578612$ & $0.217836$ & $1$ & $-0.0265311$ & $-0.0761615$ & $-0.00704314$ \\
eHccpar & $0.0498191$ & $0.0184187$ & $0.00925981$ & $-0.10264$ & $0.00145124$ & $0.0140555$ & $-0.0100493$ & $-0.00339305$ & $-0.00161221$ & $-0.000878844$ & $0.0124204$ & $0.0124248$ & $-0.00285584$ & $-0.0147321$ & $-0.0104234$ & $-0.00852994$ & $-0.0208226$ & $-0.0105146$ & $-0.0124812$ & $-0.0132567$ & $-0.0118455$ & $-0.0115402$ & $0.0032868$ & $-0.0121535$ & $-0.0201251$ & $-0.00254418$ & $-0.00180394$ & $0.00585061$ & $-0.00852952$ & $-0.000664805$ & $0.346674$ & $0.00735392$ & $0.112835$ & $0.00567229$ & $0.120637$ & $0.0351599$ & $-0.0605809$ & $0.0332283$ & $0.0174202$ & $-0.00435523$ & $0.117547$ & $-0.00496778$ & $0.0730874$ & $-0.0231762$ & $0.0763854$ & $-0.0265311$ & $1$ & $0.075986$ & $0.221808$ \\
eHbbint & $0.0673011$ & $-0.0816735$ & $0.0354571$ & $-0.101508$ & $0.00523475$ & $0.003382$ & $-0.000698013$ & $-0.00894208$ & $-0.0102903$ & $0.00694202$ & $0.00408837$ & $0.00181715$ & $0.000992553$ & $0.00929808$ & $0.00950768$ & $0.00822904$ & $0.00339246$ & $0.00540097$ & $0.00515905$ & $-0.00181529$ & $-0.00848795$ & $-0.0118486$ & $0.00267042$ & $0.00764888$ & $-0.00100994$ & $0.00361897$ & $-0.0179164$ & $-0.00748602$ & $-0.0092662$ & $-0.00402026$ & $0.0287105$ & $-0.00141463$ & $0.147963$ & $-0.0225341$ & $-0.0320446$ & $-0.0491994$ & $-0.00994889$ & $0.0109456$ & $0.0634242$ & $-0.0139752$ & $-0.0220015$ & $-0.00472782$ & $-0.0455806$ & $-0.116208$ & $0.0197656$ & $-0.0761615$ & $0.075986$ & $1$ & $-0.00781678$ \\
eHbbpar & $0.0649615$ & $0.0014629$ & $-0.00978455$ & $-0.152871$ & $-0.001389$ & $0.0171289$ & $-0.0154462$ & $0.00706204$ & $-0.00545166$ & $0.00772191$ & $-0.00144601$ & $0.031865$ & $0.00891661$ & $-0.00439776$ & $-0.0106037$ & $-0.02503$ & $-0.0124977$ & $-0.00524683$ & $0.0045099$ & $-0.00103587$ & $0.00332786$ & $0.00269566$ & $0.000946207$ & $-0.0153121$ & $-0.00439017$ & $0.000961251$ & $0.0233716$ & $0.000337556$ & $-0.00816256$ & $0.0189234$ & $0.0875074$ & $0.0125649$ & $0.462017$ & $0.0121892$ & $0.139273$ & $0.164147$ & $-0.0743225$ & $0.0142096$ & $-0.176472$ & $0.025232$ & $-0.0341961$ & $-0.0031325$ & $-0.182248$ & $0.00493504$ & $-0.0174898$ & $-0.00704314$ & $0.221808$ & $-0.00781678$ & $1$ \\
