 & AlsMz & dAle5Mz & mtop & mHl & Mz & CW & CHG & CHWB & CHWHB_gaga & CHWHB_gagaorth & CHD & CHbox & CH & CHL1_11 & CHL1_22 & CHL1_33 & CHL3_11 & CHL3_22 & CHL3_33 & CHe_11 & CHe_22 & CHe_33 & CHQ1_11 & CHQ1_33 & CHQ3_11 & CHu_11 & CHd_11 & CHd_33 & CeH_22r & CeH_33r & CuH_22r & CuH_33r & CdH_33r & CLL_1221 & eHggint & eHggpar & eHWWint & eHWWpar & eHZZint & eHZZpar & eHZgaint & eHZgapar & eHgagaint & eHmumuint & eHtautauint & eHccint & eHccpar & eHbbint & eHbbpar \\
AlsMz & $1$ & $0.0302903$ & $0.0678649$ & $-0.107732$ & $-0.0340006$ & $-0.00322132$ & $0.233038$ & $-0.0274441$ & $-0.0237538$ & $0.0385324$ & $-0.00589658$ & $-0.266793$ & $-0.27364$ & $0.0449451$ & $-0.0522186$ & $-0.0839151$ & $0.0357807$ & $0.0692976$ & $0.103585$ & $0.00702438$ & $0.0121434$ & $0.0149121$ & $0.0281047$ & $-0.00712399$ & $0.0997832$ & $0.0420361$ & $0.241712$ & $0.0173523$ & $-0.0274294$ & $-0.141583$ & $-0.151619$ & $0.216902$ & $-0.186827$ & $0.00412288$ & $-0.337915$ & $0.0111831$ & $-0.0919927$ & $0.2942$ & $0.405293$ & $0.192108$ & $-0.00129981$ & $-0.209566$ & $-0.146578$ & $0.109788$ & $-0.411332$ & $-0.10123$ & $-0.167846$ & $-0.318453$ & $-0.0738317$ \\
dAle5Mz & $0.0302903$ & $1$ & $-0.0660989$ & $-0.142489$ & $0.0312406$ & $0.0378449$ & $-0.0207504$ & $-0.0881194$ & $-0.0914607$ & $0.013935$ & $0.120656$ & $0.135186$ & $0.125179$ & $-0.0772877$ & $0.013419$ & $-0.0149799$ & $-0.0428015$ & $-0.063366$ & $-0.0674758$ & $-0.0623405$ & $-0.033895$ & $-0.035544$ & $0.00458504$ & $-0.0550226$ & $-0.0758149$ & $-0.0276188$ & $-0.0682164$ & $-0.0690992$ & $0.0324895$ & $0.110125$ & $0.0868526$ & $0.0196041$ & $0.0865657$ & $0.0361496$ & $0.244034$ & $-0.0857909$ & $-0.255986$ & $-0.131781$ & $0.0455182$ & $-0.0627948$ & $0.113851$ & $0.0271388$ & $-0.270407$ & $-0.115998$ & $0.139362$ & $-0.00192977$ & $0.0629239$ & $-0.342632$ & $-0.0682316$ \\
mtop & $0.0678649$ & $-0.0660989$ & $1$ & $0.19703$ & $0.0981559$ & $-0.00835979$ & $0.0919922$ & $-0.0308803$ & $-0.0252985$ & $0.0275816$ & $0.0231795$ & $-0.15408$ & $-0.135561$ & $0.0154467$ & $-0.00948155$ & $0.00204251$ & $0.0583308$ & $0.0229966$ & $0.0389952$ & $-0.0226281$ & $-0.0351826$ & $-0.00330263$ & $0.00155967$ & $0.0387701$ & $0.059669$ & $0.0584142$ & $0.0859192$ & $-0.0216922$ & $-0.0475581$ & $-0.0342526$ & $-0.087317$ & $0.0876921$ & $-0.126176$ & $-0.0283704$ & $-0.25949$ & $0.37938$ & $-0.108368$ & $0.0839793$ & $-0.12673$ & $-0.108005$ & $0.0804942$ & $-0.0913457$ & $0.0519436$ & $-0.187242$ & $-0.0181706$ & $-0.451456$ & $-0.063857$ & $-0.121727$ & $-0.380755$ \\
mHl & $-0.107732$ & $-0.142489$ & $0.19703$ & $1$ & $-0.00140896$ & $0.0502349$ & $-0.0955213$ & $-0.0502118$ & $-0.0545245$ & $0.0260606$ & $0.0486945$ & $0.177598$ & $0.18757$ & $0.0147611$ & $0.024081$ & $0.0895885$ & $0.0167598$ & $-0.00480977$ & $-0.0335826$ & $-0.043907$ & $-0.0650804$ & $-0.051084$ & $0.0157272$ & $0.04721$ & $-0.039287$ & $0.0133081$ & $-0.190823$ & $-0.0447358$ & $0.00473863$ & $0.0632759$ & $0.0294815$ & $-0.0778486$ & $0.0412457$ & $-0.0858296$ & $0.0345491$ & $0.491062$ & $0.217917$ & $-0.080435$ & $-0.474241$ & $-0.0904314$ & $0.086921$ & $-0.059377$ & $-0.112534$ & $-0.162295$ & $-0.0683459$ & $-0.115225$ & $-0.167924$ & $-0.136343$ & $-0.325955$ \\
Mz & $-0.0340006$ & $0.0312406$ & $0.0981559$ & $-0.00140896$ & $1$ & $-0.0118088$ & $-0.038525$ & $0.0366903$ & $0.0340858$ & $-0.0231036$ & $0.0123552$ & $0.0614905$ & $0.058093$ & $-0.0054808$ & $0.00428556$ & $-0.0329553$ & $-0.0219398$ & $-0.0288276$ & $-0.00492081$ & $0.0311366$ & $0.0418997$ & $0.0465076$ & $0.00530167$ & $-0.0487359$ & $-0.0509244$ & $-0.0460783$ & $-0.0380322$ & $-0.0241612$ & $-0.0198432$ & $0.0418458$ & $0.0218901$ & $-0.0269131$ & $0.0263155$ & $0.0151609$ & $0.0659272$ & $-0.0416961$ & $-0.144873$ & $0.0164122$ & $-0.0556362$ & $-0.0731178$ & $-0.159656$ & $-0.0407382$ & $-0.0860569$ & $-0.0239968$ & $-0.0232498$ & $-0.116589$ & $-0.0247298$ & $-0.026547$ & $-0.0671512$ \\
CW & $-0.00322132$ & $0.0378449$ & $-0.00835979$ & $0.0502349$ & $-0.0118088$ & $1$ & $-0.00589102$ & $-0.0547642$ & $-0.0554223$ & $-0.0119659$ & $0.0792929$ & $0.0249839$ & $0.0287218$ & $0.164585$ & $0.00563514$ & $-0.0219446$ & $-0.169512$ & $-0.0206253$ & $-0.00701883$ & $-0.0718636$ & $-0.0570862$ & $-0.0290094$ & $0.0115245$ & $0.011219$ & $-0.0269027$ & $0.0298854$ & $-0.0267819$ & $-0.0365265$ & $0.0136615$ & $0.0144546$ & $-0.00268027$ & $-0.00567072$ & $0.00565248$ & $-0.116145$ & $0.0198586$ & $-0.0215688$ & $0.00404708$ & $0.00674248$ & $-0.0361957$ & $-0.0010043$ & $-0.0249384$ & $-0.0154597$ & $-0.0384195$ & $-0.00775312$ & $0.00941677$ & $-0.023707$ & $-0.0257276$ & $-0.0441694$ & $-0.0241164$ \\
CHG & $0.233038$ & $-0.0207504$ & $0.0919922$ & $-0.0955213$ & $-0.038525$ & $-0.00589102$ & $1$ & $-0.0889236$ & $-0.0530585$ & $0.122388$ & $-0.00306448$ & $-0.691504$ & $-0.701857$ & $0.166902$ & $0.0224559$ & $-0.0638153$ & $0.184482$ & $0.142201$ & $0.179246$ & $-0.0213159$ & $0.00222696$ & $-0.010251$ & $0.0390877$ & $0.118657$ & $0.185683$ & $-0.0105061$ & $0.0796029$ & $-0.002581$ & $-0.0834075$ & $-0.40279$ & $-0.252899$ & $0.940788$ & $-0.460756$ & $-0.0554964$ & $-0.397476$ & $-0.119885$ & $-0.00414456$ & $0.00778081$ & $0.1083$ & $0.104332$ & $0.00879181$ & $-0.0516073$ & $0.048928$ & $0.0284835$ & $-0.137927$ & $0.125456$ & $-0.192759$ & $-0.117448$ & $-0.00195294$ \\
CHWB & $-0.0274441$ & $-0.0881194$ & $-0.0308803$ & $-0.0502118$ & $0.0366903$ & $-0.0547642$ & $-0.0889236$ & $1$ & $0.992117$ & $-0.475698$ & $-0.8748$ & $0.130235$ & $0.151081$ & $-0.21245$ & $0.112128$ & $0.117556$ & $-0.583208$ & $-0.53462$ & $-0.522708$ & $0.838316$ & $0.584917$ & $0.576094$ & $0.0146633$ & $-0.586162$ & $-0.617324$ & $-0.202977$ & $0.27722$ & $0.0920738$ & $0.0139606$ & $0.0905481$ & $0.0654868$ & $-0.082769$ & $0.0861551$ & $0.617567$ & $-0.00515634$ & $0.0205626$ & $0.0157425$ & $0.0310016$ & $0.0605017$ & $0.0514678$ & $-0.0052325$ & $0.150858$ & $-0.0633974$ & $0.0530925$ & $0.111215$ & $-0.0288211$ & $0.104792$ & $0.0434837$ & $0.092063$ \\
CHWHB_gaga & $-0.0237538$ & $-0.0914607$ & $-0.0252985$ & $-0.0545245$ & $0.0340858$ & $-0.0554223$ & $-0.0530585$ & $0.992117$ & $1$ & $-0.472844$ & $-0.868939$ & $0.116415$ & $0.134296$ & $-0.21258$ & $0.113449$ & $0.118916$ & $-0.578875$ & $-0.529948$ & $-0.518329$ & $0.836036$ & $0.580807$ & $0.572218$ & $0.0110412$ & $-0.579697$ & $-0.611715$ & $-0.198857$ & $0.275678$ & $0.09087$ & $0.0154776$ & $0.102924$ & $0.0727245$ & $-0.0506246$ & $0.0986826$ & $0.610725$ & $-0.0172066$ & $0.0191355$ & $0.0218397$ & $0.0306631$ & $0.0684059$ & $0.0504976$ & $-0.00448905$ & $0.153366$ & $-0.0400684$ & $0.0481483$ & $0.118096$ & $-0.0169885$ & $0.112806$ & $0.05066$ & $0.0980793$ \\
CHWHB_gagaorth & $0.0385324$ & $0.013935$ & $0.0275816$ & $0.0260606$ & $-0.0231036$ & $-0.0119659$ & $0.122388$ & $-0.475698$ & $-0.472844$ & $1$ & $0.109904$ & $-0.167826$ & $-0.225776$ & $0.691653$ & $0.0601879$ & $0.0352316$ & $0.769306$ & $0.554241$ & $0.562616$ & $-0.179759$ & $-0.105088$ & $-0.102533$ & $-0.0412109$ & $0.531271$ & $0.649702$ & $0.0538669$ & $-0.230702$ & $-0.00507167$ & $-0.0142414$ & $-0.164523$ & $-0.100969$ & $0.123418$ & $-0.170927$ & $-0.363127$ & $-0.047265$ & $-0.0254101$ & $-0.00685221$ & $-0.0684843$ & $-0.070421$ & $0.0169497$ & $0.0180496$ & $-0.127301$ & $0.0621356$ & $0.0155817$ & $-0.14331$ & $0.0502656$ & $-0.152114$ & $-0.0506304$ & $-0.0876231$ \\
CHD & $-0.00589658$ & $0.120656$ & $0.0231795$ & $0.0486945$ & $0.0123552$ & $0.0792929$ & $-0.00306448$ & $-0.8748$ & $-0.868939$ & $0.109904$ & $1$ & $0.00618216$ & $-0.00247185$ & $-0.172789$ & $-0.170804$ & $-0.163312$ & $0.209124$ & $0.273649$ & $0.25511$ & $-0.882252$ & $-0.625941$ & $-0.61512$ & $-0.00434179$ & $0.353832$ & $0.306686$ & $0.212682$ & $-0.199465$ & $-0.105761$ & $0.0022895$ & $0.00578482$ & $-0.0091774$ & $0.00371$ & $0.0107926$ & $-0.462838$ & $0.068921$ & $-0.00899788$ & $-0.0392377$ & $0.00264326$ & $-0.0383857$ & $-0.0695644$ & $-0.00560337$ & $-0.102096$ & $0.0221723$ & $-0.0640846$ & $-0.0349591$ & $-0.00537831$ & $-0.0283352$ & $-0.0367422$ & $-0.0699979$ \\
CHbox & $-0.266793$ & $0.135186$ & $-0.15408$ & $0.177598$ & $0.0614905$ & $0.0249839$ & $-0.691504$ & $0.130235$ & $0.116415$ & $-0.167826$ & $0.00618216$ & $1$ & $0.982635$ & $-0.276766$ & $-0.0312068$ & $0.0725207$ & $-0.301473$ & $-0.212896$ & $-0.276616$ & $0.0787594$ & $0.0238684$ & $0.0395571$ & $-0.040917$ & $-0.199724$ & $-0.294541$ & $0.0224734$ & $-0.0693493$ & $-0.0167966$ & $0.148041$ & $0.55347$ & $0.322559$ & $-0.59267$ & $0.613665$ & $0.0824756$ & $0.56502$ & $0.0936336$ & $-0.14495$ & $-0.00941598$ & $-0.110901$ & $-0.0598968$ & $-0.0237596$ & $0.088384$ & $-0.20074$ & $0.0217998$ & $0.271259$ & $-0.194281$ & $0.257005$ & $0.0379984$ & $0.0120612$ \\
CH & $-0.27364$ & $0.125179$ & $-0.135561$ & $0.18757$ & $0.058093$ & $0.0287218$ & $-0.701857$ & $0.151081$ & $0.134296$ & $-0.225776$ & $-0.00247185$ & $0.982635$ & $1$ & $-0.274726$ & $-0.0343335$ & $0.0632435$ & $-0.306991$ & $-0.221692$ & $-0.280951$ & $0.0543795$ & $0.0227168$ & $0.0361936$ & $-0.0430328$ & $-0.208572$ & $-0.302898$ & $0.018714$ & $-0.0619059$ & $-0.0198265$ & $0.139585$ & $0.523391$ & $0.316808$ & $-0.619223$ & $0.584576$ & $0.11759$ & $0.565542$ & $0.114742$ & $-0.102641$ & $-0.0105916$ & $-0.121957$ & $-0.0901839$ & $-0.0190702$ & $0.0937636$ & $-0.179959$ & $-0.01192$ & $0.269239$ & $-0.197304$ & $0.26462$ & $0.0508153$ & $-0.00258902$ \\
CHL1_11 & $0.0449451$ & $-0.0772877$ & $0.0154467$ & $0.0147611$ & $-0.0054808$ & $0.164585$ & $0.166902$ & $-0.21245$ & $-0.21258$ & $0.691653$ & $-0.172789$ & $-0.276766$ & $-0.274726$ & $1$ & $0.0950107$ & $0.0621391$ & $0.608498$ & $0.496231$ & $0.516217$ & $-0.0221568$ & $0.057528$ & $0.0646364$ & $-0.0191626$ & $0.446847$ & $0.575582$ & $-0.00853941$ & $-0.174856$ & $0.0238137$ & $-0.0277272$ & $-0.192877$ & $-0.109766$ & $0.127933$ & $-0.190573$ & $-0.240143$ & $-0.119887$ & $-0.0409416$ & $0.0294538$ & $-0.0428972$ & $-0.0587508$ & $0.0243563$ & $-0.00727754$ & $-0.0903299$ & $0.0686798$ & $0.0431973$ & $-0.141108$ & $0.058134$ & $-0.164318$ & $-0.0179033$ & $-0.0316828$ \\
CHL1_22 & $-0.0522186$ & $0.013419$ & $-0.00948155$ & $0.024081$ & $0.00428556$ & $0.00563514$ & $0.0224559$ & $0.112128$ & $0.113449$ & $0.0601879$ & $-0.170804$ & $-0.0312068$ & $-0.0343335$ & $0.0950107$ & $1$ & $0.202128$ & $0.00996338$ & $-0.502676$ & $-0.0922514$ & $0.183146$ & $-0.0183501$ & $0.020759$ & $-0.0384001$ & $0.133832$ & $-0.124115$ & $0.0483686$ & $-0.294973$ & $-0.0117845$ & $0.00214116$ & $-0.0100573$ & $-0.0142655$ & $0.0286921$ & $-0.019699$ & $-0.45932$ & $0.0673043$ & $-0.0515533$ & $-0.0435398$ & $0.0356671$ & $-0.100914$ & $-0.0329109$ & $-0.0697105$ & $-0.0932624$ & $-0.00221998$ & $0.052529$ & $-0.0567972$ & $0.000697322$ & $-0.0230324$ & $-0.0515265$ & $-0.0538067$ \\
CHL1_33 & $-0.0839151$ & $-0.0149799$ & $0.00204251$ & $0.0895885$ & $-0.0329553$ & $-0.0219446$ & $-0.0638153$ & $0.117556$ & $0.118916$ & $0.0352316$ & $-0.163312$ & $0.0725207$ & $0.0632435$ & $0.0621391$ & $0.202128$ & $1$ & $-0.0202445$ & $-0.116734$ & $-0.502845$ & $0.169254$ & $0.0118415$ & $-0.0757173$ & $-0.0719009$ & $0.115075$ & $-0.161898$ & $0.0587263$ & $-0.337315$ & $-0.00335462$ & $0.0234173$ & $0.0304315$ & $0.0346101$ & $-0.0564523$ & $0.0335551$ & $-0.0658417$ & $0.161073$ & $-0.0535065$ & $-0.0504833$ & $0.0134831$ & $-0.0869059$ & $0.0137548$ & $-0.0644644$ & $-0.0635402$ & $-0.00686346$ & $0.0985244$ & $0.00914449$ & $-0.0011245$ & $-0.0118678$ & $-0.0200802$ & $-0.0411157$ \\
CHL3_11 & $0.0357807$ & $-0.0428015$ & $0.0583308$ & $0.0167598$ & $-0.0219398$ & $-0.169512$ & $0.184482$ & $-0.583208$ & $-0.578875$ & $0.769306$ & $0.209124$ & $-0.301473$ & $-0.306991$ & $0.608498$ & $0.00996338$ & $-0.0202445$ & $1$ & $0.660976$ & $0.674185$ & $-0.364886$ & $-0.186842$ & $-0.194012$ & $-0.0300815$ & $0.614061$ & $0.777499$ & $0.0707103$ & $-0.20374$ & $0.00755654$ & $-0.0482884$ & $-0.201501$ & $-0.119927$ & $0.149922$ & $-0.194674$ & $-0.302465$ & $-0.13061$ & $-0.00576782$ & $0.0486313$ & $-0.0918904$ & $-0.0702232$ & $0.00562452$ & $0.025111$ & $-0.138508$ & $0.123058$ & $-0.0293164$ & $-0.170956$ & $0.0690179$ & $-0.152712$ & $0.0157181$ & $-0.0731344$ \\
CHL3_22 & $0.0692976$ & $-0.063366$ & $0.0229966$ & $-0.00480977$ & $-0.0288276$ & $-0.0206253$ & $0.142201$ & $-0.53462$ & $-0.529948$ & $0.554241$ & $0.273649$ & $-0.212896$ & $-0.221692$ & $0.496231$ & $-0.502676$ & $-0.116734$ & $0.660976$ & $1$ & $0.607408$ & $-0.36579$ & $-0.197596$ & $-0.18964$ & $0.0123278$ & $0.446203$ & $0.74597$ & $0.0333451$ & $0.0176116$ & $0.00593632$ & $-0.0247213$ & $-0.153178$ & $-0.0807636$ & $0.114833$ & $-0.140334$ & $0.137372$ & $-0.146633$ & $0.012004$ & $0.0661648$ & $-0.0657064$ & $0.0247739$ & $0.0166139$ & $0.05407$ & $-0.0212591$ & $0.0981037$ & $-0.0460437$ & $-0.0862189$ & $0.0644883$ & $-0.117088$ & $0.0326477$ & $-0.00560266$ \\
CHL3_33 & $0.103585$ & $-0.0674758$ & $0.0389952$ & $-0.0335826$ & $-0.00492081$ & $-0.00701883$ & $0.179246$ & $-0.522708$ & $-0.518329$ & $0.562616$ & $0.25511$ & $-0.276616$ & $-0.280951$ & $0.516217$ & $-0.0922514$ & $-0.502845$ & $0.674185$ & $0.607408$ & $1$ & $-0.347084$ & $-0.176471$ & $-0.188149$ & $0.0348533$ & $0.450499$ & $0.757717$ & $0.0180157$ & $0.0409621$ & $-0.00450383$ & $-0.03593$ & $-0.181936$ & $-0.128964$ & $0.146408$ & $-0.178465$ & $-0.240896$ & $-0.208255$ & $0.0229956$ & $0.0662997$ & $-0.0480573$ & $0.00458055$ & $-0.0152444$ & $0.0456373$ & $-0.0723731$ & $0.0914001$ & $-0.0627368$ & $-0.148349$ & $0.0384906$ & $-0.127241$ & $0.0187212$ & $-0.0306173$ \\
CHe_11 & $0.00702438$ & $-0.0623405$ & $-0.0226281$ & $-0.043907$ & $0.0311366$ & $-0.0718636$ & $-0.0213159$ & $0.838316$ & $0.836036$ & $-0.179759$ & $-0.882252$ & $0.0787594$ & $0.0543795$ & $-0.0221568$ & $0.183146$ & $0.169254$ & $-0.364886$ & $-0.36579$ & $-0.347084$ & $1$ & $0.610401$ & $0.602741$ & $0.00257565$ & $-0.418149$ & $-0.40914$ & $-0.211853$ & $0.195875$ & $0.0928419$ & $0.0133101$ & $0.0366624$ & $0.0296286$ & $-0.00364845$ & $0.0217522$ & $0.372549$ & $-0.0267427$ & $0.0100063$ & $0.0133817$ & $0.00816152$ & $0.0446409$ & $0.0603018$ & $0.00623493$ & $0.105087$ & $-0.0535972$ & $0.0525963$ & $0.0544639$ & $-0.00907488$ & $0.0447826$ & $0.00795162$ & $0.0609012$ \\
CHe_22 & $0.0121434$ & $-0.033895$ & $-0.0351826$ & $-0.0650804$ & $0.0418997$ & $-0.0570862$ & $0.00222696$ & $0.584917$ & $0.580807$ & $-0.105088$ & $-0.625941$ & $0.0238684$ & $0.0227168$ & $0.057528$ & $-0.0183501$ & $0.0118415$ & $-0.186842$ & $-0.197596$ & $-0.176471$ & $0.610401$ & $1$ & $0.483922$ & $0.0232904$ & $-0.355907$ & $-0.25822$ & $-0.188858$ & $0.256936$ & $0.0799677$ & $-0.00817339$ & $0.00818212$ & $0.00834812$ & $0.0014766$ & $-0.00370818$ & $0.327266$ & $-0.0644836$ & $0.00467715$ & $0.0383339$ & $-0.0310313$ & $0.0415009$ & $0.0424896$ & $0.039983$ & $0.109977$ & $-0.0399925$ & $0.0290658$ & $0.053793$ & $0.00173741$ & $0.0346915$ & $0.0261488$ & $0.0626653$ \\
CHe_33 & $0.0149121$ & $-0.035544$ & $-0.00330263$ & $-0.051084$ & $0.0465076$ & $-0.0290094$ & $-0.010251$ & $0.576094$ & $0.572218$ & $-0.102533$ & $-0.61512$ & $0.0395571$ & $0.0361936$ & $0.0646364$ & $0.020759$ & $-0.0757173$ & $-0.194012$ & $-0.18964$ & $-0.188149$ & $0.602741$ & $0.483922$ & $1$ & $0.0131165$ & $-0.371002$ & $-0.250413$ & $-0.18617$ & $0.241768$ & $0.0603761$ & $-0.0128486$ & $0.0216441$ & $0.022229$ & $-0.00291364$ & $0.019617$ & $0.323713$ & $-0.0509193$ & $0.0310996$ & $0.0239699$ & $-0.00391071$ & $0.0602542$ & $0.0733955$ & $0.0304242$ & $0.128131$ & $-0.0223025$ & $-0.00596761$ & $0.0547156$ & $0.00578395$ & $0.0514167$ & $0.0321478$ & $0.0513025$ \\
CHQ1_11 & $0.0281047$ & $0.00458504$ & $0.00155967$ & $0.0157272$ & $0.00530167$ & $0.0115245$ & $0.0390877$ & $0.0146633$ & $0.0110412$ & $-0.0412109$ & $-0.00434179$ & $-0.040917$ & $-0.0430328$ & $-0.0191626$ & $-0.0384001$ & $-0.0719009$ & $-0.0300815$ & $0.0123278$ & $0.0348533$ & $0.00257565$ & $0.0232904$ & $0.0131165$ & $1$ & $-0.0428685$ & $0.0509134$ & $-0.617952$ & $0.226294$ & $0.0232535$ & $-0.0190116$ & $-0.035448$ & $-0.0302173$ & $0.0388316$ & $-0.0439588$ & $0.0391634$ & $-0.0761353$ & $0.0485225$ & $-0.0262777$ & $-0.00319733$ & $0.0378529$ & $0.0279102$ & $0.11842$ & $0.04865$ & $-0.0823671$ & $0.0230576$ & $0.0283581$ & $-0.0514268$ & $-0.0649662$ & $-0.0712142$ & $-0.0587196$ \\
CHQ1_33 & $-0.00712399$ & $-0.0550226$ & $0.0387701$ & $0.04721$ & $-0.0487359$ & $0.011219$ & $0.118657$ & $-0.586162$ & $-0.579697$ & $0.531271$ & $0.353832$ & $-0.199724$ & $-0.208572$ & $0.446847$ & $0.133832$ & $0.115075$ & $0.614061$ & $0.446203$ & $0.450499$ & $-0.418149$ & $-0.355907$ & $-0.371002$ & $-0.0428685$ & $1$ & $0.561206$ & $0.14385$ & $-0.229843$ & $0.0914962$ & $-0.00287208$ & $-0.127978$ & $-0.105366$ & $0.0959889$ & $-0.126759$ & $-0.426145$ & $-0.0640536$ & $-0.000812959$ & $0.0410295$ & $-0.0323609$ & $-0.0836426$ & $0.00124351$ & $0.0192704$ & $-0.11768$ & $0.0997841$ & $-3.86719e-06$ & $-0.121686$ & $0.0605499$ & $-0.106323$ & $0.0143493$ & $-0.0698081$ \\
CHQ3_11 & $0.0997832$ & $-0.0758149$ & $0.059669$ & $-0.039287$ & $-0.0509244$ & $-0.0269027$ & $0.185683$ & $-0.617324$ & $-0.611715$ & $0.649702$ & $0.306686$ & $-0.294541$ & $-0.302898$ & $0.575582$ & $-0.124115$ & $-0.161898$ & $0.777499$ & $0.74597$ & $0.757717$ & $-0.40914$ & $-0.25822$ & $-0.250413$ & $0.0509134$ & $0.561206$ & $1$ & $0.0341031$ & $0.108568$ & $-0.0125803$ & $-0.0348264$ & $-0.198343$ & $-0.127024$ & $0.147904$ & $-0.193659$ & $-0.24624$ & $-0.210052$ & $0.0236768$ & $0.0702444$ & $-0.0527423$ & $0.00957066$ & $-0.0183089$ & $0.105568$ & $-0.0522272$ & $0.0949748$ & $-0.0657083$ & $-0.100148$ & $0.0327354$ & $-0.120817$ & $0.0241779$ & $-0.029888$ \\
CHu_11 & $0.0420361$ & $-0.0276188$ & $0.0584142$ & $0.0133081$ & $-0.0460783$ & $0.0298854$ & $-0.0105061$ & $-0.202977$ & $-0.198857$ & $0.0538669$ & $0.212682$ & $0.0224734$ & $0.018714$ & $-0.00853941$ & $0.0483686$ & $0.0587263$ & $0.0707103$ & $0.0333451$ & $0.0180157$ & $-0.211853$ & $-0.188858$ & $-0.18617$ & $-0.617952$ & $0.14385$ & $0.0341031$ & $1$ & $0.0210192$ & $-0.0330363$ & $0.00914044$ & $0.035012$ & $0.00336231$ & $-0.00272395$ & $0.0406369$ & $-0.159649$ & $0.00368478$ & $-0.0056784$ & $0.00467616$ & $0.0355379$ & $0.0189765$ & $-0.0584199$ & $-0.0143968$ & $-0.00500175$ & $0.0459151$ & $-0.0279049$ & $0.0176322$ & $-0.0344005$ & $0.0452107$ & $0.055516$ & $0.0529657$ \\
CHd_11 & $0.241712$ & $-0.0682164$ & $0.0859192$ & $-0.190823$ & $-0.0380322$ & $-0.0267819$ & $0.0796029$ & $0.27722$ & $0.275678$ & $-0.230702$ & $-0.199465$ & $-0.0693493$ & $-0.0619059$ & $-0.174856$ & $-0.294973$ & $-0.337315$ & $-0.20374$ & $0.0176116$ & $0.0409621$ & $0.195875$ & $0.256936$ & $0.241768$ & $0.226294$ & $-0.229843$ & $0.108568$ & $0.0210192$ & $1$ & $0.0455711$ & $-0.0117712$ & $-0.0126584$ & $-0.0494543$ & $0.0742055$ & $-0.0222209$ & $0.394131$ & $-0.288778$ & $0.112405$ & $0.069257$ & $0.0628286$ & $0.239345$ & $-0.00432468$ & $0.265444$ & $0.241356$ & $-0.0661734$ & $-0.0846498$ & $0.16326$ & $-0.127288$ & $0.105983$ & $0.0348729$ & $0.115544$ \\
CHd_33 & $0.0173523$ & $-0.0690992$ & $-0.0216922$ & $-0.0447358$ & $-0.0241612$ & $-0.0365265$ & $-0.002581$ & $0.0920738$ & $0.09087$ & $-0.00507167$ & $-0.105761$ & $-0.0167966$ & $-0.0198265$ & $0.0238137$ & $-0.0117845$ & $-0.00335462$ & $0.00755654$ & $0.00593632$ & $-0.00450383$ & $0.0928419$ & $0.0799677$ & $0.0603761$ & $0.0232535$ & $0.0914962$ & $-0.0125803$ & $-0.0330363$ & $0.0455711$ & $1$ & $0.0199768$ & $-0.0140475$ & $-0.0486524$ & $-0.0120039$ & $-0.014731$ & $0.0774096$ & $-0.0378975$ & $-0.00777192$ & $-0.000339946$ & $0.0380015$ & $0.0236496$ & $0.058122$ & $0.0230449$ & $0.0272764$ & $-0.00275248$ & $0.0704388$ & $-0.00132949$ & $-0.0342503$ & $-0.00824362$ & $0.0126309$ & $0.0566894$ \\
CeH_22r & $-0.0274294$ & $0.0324895$ & $-0.0475581$ & $0.00473863$ & $-0.0198432$ & $0.0136615$ & $-0.0834075$ & $0.0139606$ & $0.0154776$ & $-0.0142414$ & $0.0022895$ & $0.148041$ & $0.139585$ & $-0.0277272$ & $0.00214116$ & $0.0234173$ & $-0.0482884$ & $-0.0247213$ & $-0.03593$ & $0.0133101$ & $-0.00817339$ & $-0.0128486$ & $-0.0190116$ & $-0.00287208$ & $-0.0348264$ & $0.00914044$ & $-0.0117712$ & $0.0199768$ & $1$ & $0.0922713$ & $0.0514267$ & $-0.0879092$ & $0.101591$ & $0.00699237$ & $0.0980813$ & $-0.0125193$ & $-0.0708644$ & $-0.033994$ & $-0.0241552$ & $-0.00452762$ & $-0.00812667$ & $-0.020682$ & $-0.0706002$ & $0.0510092$ & $0.0190773$ & $-0.0460889$ & $0.0223653$ & $-0.0169285$ & $-0.00105196$ \\
CeH_33r & $-0.141583$ & $0.110125$ & $-0.0342526$ & $0.0632759$ & $0.0418458$ & $0.0144546$ & $-0.40279$ & $0.0905481$ & $0.102924$ & $-0.164523$ & $0.00578482$ & $0.55347$ & $0.523391$ & $-0.192877$ & $-0.0100573$ & $0.0304315$ & $-0.201501$ & $-0.153178$ & $-0.181936$ & $0.0366624$ & $0.00818212$ & $0.0216441$ & $-0.035448$ & $-0.127978$ & $-0.198343$ & $0.035012$ & $-0.0126584$ & $-0.0140475$ & $0.0922713$ & $1$ & $0.423278$ & $-0.234802$ & $0.780573$ & $0.063941$ & $0.289144$ & $0.0148306$ & $-0.120274$ & $-0.00929127$ & $-0.0387983$ & $-0.0627966$ & $-0.00295084$ & $0.0867181$ & $-0.103171$ & $-0.0304454$ & $0.191017$ & $-0.121875$ & $0.206123$ & $0.0432555$ & $0.0292391$ \\
CuH_22r & $-0.151619$ & $0.0868526$ & $-0.087317$ & $0.0294815$ & $0.0218901$ & $-0.00268027$ & $-0.252899$ & $0.0654868$ & $0.0727245$ & $-0.100969$ & $-0.0091774$ & $0.322559$ & $0.316808$ & $-0.109766$ & $-0.0142655$ & $0.0346101$ & $-0.119927$ & $-0.0807636$ & $-0.128964$ & $0.0296286$ & $0.00834812$ & $0.022229$ & $-0.0302173$ & $-0.105366$ & $-0.127024$ & $0.00336231$ & $-0.0494543$ & $-0.0486524$ & $0.0514267$ & $0.423278$ & $1$ & $-0.137557$ & $0.490468$ & $0.0632553$ & $0.208122$ & $-0.0451262$ & $-0.0395675$ & $-0.0177809$ & $0.00986855$ & $-0.0318404$ & $-0.0176752$ & $0.106617$ & $-0.0274396$ & $-0.0483453$ & $0.183766$ & $0.0443476$ & $0.210366$ & $0.04669$ & $0.072584$ \\
CuH_33r & $0.216902$ & $0.0196041$ & $0.0876921$ & $-0.0778486$ & $-0.0269131$ & $-0.00567072$ & $0.940788$ & $-0.082769$ & $-0.0506246$ & $0.123418$ & $0.00371$ & $-0.59267$ & $-0.619223$ & $0.127933$ & $0.0286921$ & $-0.0564523$ & $0.149922$ & $0.114833$ & $0.146408$ & $-0.00364845$ & $0.0014766$ & $-0.00291364$ & $0.0388316$ & $0.0959889$ & $0.147904$ & $-0.00272395$ & $0.0742055$ & $-0.0120039$ & $-0.0879092$ & $-0.234802$ & $-0.137557$ & $1$ & $-0.253283$ & $-0.0604004$ & $-0.335201$ & $-0.123578$ & $-0.0409566$ & $0.00780341$ & $0.106255$ & $0.108463$ & $0.0133692$ & $-0.0415143$ & $0.0131394$ & $0.0284501$ & $-0.10029$ & $0.0986978$ & $-0.165027$ & $-0.132478$ & $-0.00562299$ \\
CdH_33r & $-0.186827$ & $0.0865657$ & $-0.126176$ & $0.0412457$ & $0.0263155$ & $0.00565248$ & $-0.460756$ & $0.0861551$ & $0.0986826$ & $-0.170927$ & $0.0107926$ & $0.613665$ & $0.584576$ & $-0.190573$ & $-0.019699$ & $0.0335551$ & $-0.194674$ & $-0.140334$ & $-0.178465$ & $0.0217522$ & $-0.00370818$ & $0.019617$ & $-0.0439588$ & $-0.126759$ & $-0.193659$ & $0.0406369$ & $-0.0222209$ & $-0.014731$ & $0.101591$ & $0.780573$ & $0.490468$ & $-0.253283$ & $1$ & $0.0725421$ & $0.298058$ & $-0.0248333$ & $-0.116942$ & $-0.0290002$ & $-0.00756828$ & $-0.038492$ & $0.0202997$ & $0.12673$ & $-0.0880348$ & $-0.00805072$ & $0.245839$ & $-0.08784$ & $0.250919$ & $0.0954201$ & $0.188442$ \\
CLL_1221 & $0.00412288$ & $0.0361496$ & $-0.0283704$ & $-0.0858296$ & $0.0151609$ & $-0.116145$ & $-0.0554964$ & $0.617567$ & $0.610725$ & $-0.363127$ & $-0.462838$ & $0.0824756$ & $0.11759$ & $-0.240143$ & $-0.45932$ & $-0.0658417$ & $-0.302465$ & $0.137372$ & $-0.240896$ & $0.372549$ & $0.327266$ & $0.323713$ & $0.0391634$ & $-0.426145$ & $-0.24624$ & $-0.159649$ & $0.394131$ & $0.0774096$ & $0.00699237$ & $0.063941$ & $0.0632553$ & $-0.0604004$ & $0.0725421$ & $1$ & $-0.0503497$ & $0.0418131$ & $0.029898$ & $-0.0261799$ & $0.121494$ & $0.0411493$ & $0.0660883$ & $0.192741$ & $-0.0421831$ & $-0.0308738$ & $0.136791$ & $0.00255536$ & $0.0981051$ & $0.046508$ & $0.105074$ \\
eHggint & $-0.337915$ & $0.244034$ & $-0.25949$ & $0.0345491$ & $0.0659272$ & $0.0198586$ & $-0.397476$ & $-0.00515634$ & $-0.0172066$ & $-0.047265$ & $0.068921$ & $0.56502$ & $0.565542$ & $-0.119887$ & $0.0673043$ & $0.161073$ & $-0.13061$ & $-0.146633$ & $-0.208255$ & $-0.0267427$ & $-0.0644836$ & $-0.0509193$ & $-0.0761353$ & $-0.0640536$ & $-0.210052$ & $0.00368478$ & $-0.288778$ & $-0.0378975$ & $0.0980813$ & $0.289144$ & $0.208122$ & $-0.335201$ & $0.298058$ & $-0.0503497$ & $1$ & $-0.206243$ & $-0.170222$ & $-0.0247792$ & $-0.205428$ & $-0.114659$ & $-0.163145$ & $-0.0489753$ & $-0.13078$ & $0.138625$ & $0.250802$ & $-0.158449$ & $0.154774$ & $-0.120115$ & $-0.119606$ \\
eHggpar & $0.0111831$ & $-0.0857909$ & $0.37938$ & $0.491062$ & $-0.0416961$ & $-0.0215688$ & $-0.119885$ & $0.0205626$ & $0.0191355$ & $-0.0254101$ & $-0.00899788$ & $0.0936336$ & $0.114742$ & $-0.0409416$ & $-0.0515533$ & $-0.0535065$ & $-0.00576782$ & $0.012004$ & $0.0229956$ & $0.0100063$ & $0.00467715$ & $0.0310996$ & $0.0485225$ & $-0.000812959$ & $0.0236768$ & $-0.0056784$ & $0.112405$ & $-0.00777192$ & $-0.0125193$ & $0.0148306$ & $-0.0451262$ & $-0.123578$ & $-0.0248333$ & $0.0418131$ & $-0.206243$ & $1$ & $0.32491$ & $-0.0541459$ & $-0.219522$ & $-0.0793267$ & $0.182188$ & $0.115773$ & $0.191758$ & $-0.269529$ & $-0.0633909$ & $-0.190422$ & $-0.143066$ & $0.0745976$ & $-0.34593$ \\
eHWWint & $-0.0919927$ & $-0.255986$ & $-0.108368$ & $0.217917$ & $-0.144873$ & $0.00404708$ & $-0.00414456$ & $0.0157425$ & $0.0218397$ & $-0.00685221$ & $-0.0392377$ & $-0.14495$ & $-0.102641$ & $0.0294538$ & $-0.0435398$ & $-0.0504833$ & $0.0486313$ & $0.0661648$ & $0.0662997$ & $0.0133817$ & $0.0383339$ & $0.0239699$ & $-0.0262777$ & $0.0410295$ & $0.0702444$ & $0.00467616$ & $0.069257$ & $-0.000339946$ & $-0.0708644$ & $-0.120274$ & $-0.0395675$ & $-0.0409566$ & $-0.116942$ & $0.029898$ & $-0.170222$ & $0.32491$ & $1$ & $-0.269757$ & $-0.150588$ & $-0.0844233$ & $0.241801$ & $0.11298$ & $0.518687$ & $-0.272605$ & $0.0786592$ & $0.397885$ & $0.036991$ & $0.402009$ & $-0.0554225$ \\
eHWWpar & $0.2942$ & $-0.131781$ & $0.0839793$ & $-0.080435$ & $0.0164122$ & $0.00674248$ & $0.00778081$ & $0.0310016$ & $0.0306631$ & $-0.0684843$ & $0.00264326$ & $-0.00941598$ & $-0.0105916$ & $-0.0428972$ & $0.0356671$ & $0.0134831$ & $-0.0918904$ & $-0.0657064$ & $-0.0480573$ & $0.00816152$ & $-0.0310313$ & $-0.00391071$ & $-0.00319733$ & $-0.0323609$ & $-0.0527423$ & $0.0355379$ & $0.0628286$ & $0.0380015$ & $-0.033994$ & $-0.00929127$ & $-0.0177809$ & $0.00780341$ & $-0.0290002$ & $-0.0261799$ & $-0.0247792$ & $-0.0541459$ & $-0.269757$ & $1$ & $0.22994$ & $-0.0611862$ & $-0.295899$ & $-0.0871569$ & $-0.0131212$ & $-0.0696972$ & $-0.0229043$ & $-0.168283$ & $0.123691$ & $-0.0553245$ & $0.0395052$ \\
eHZZint & $0.405293$ & $0.0455182$ & $-0.12673$ & $-0.474241$ & $-0.0556362$ & $-0.0361957$ & $0.1083$ & $0.0605017$ & $0.0684059$ & $-0.070421$ & $-0.0383857$ & $-0.110901$ & $-0.121957$ & $-0.0587508$ & $-0.100914$ & $-0.0869059$ & $-0.0702232$ & $0.0247739$ & $0.00458055$ & $0.0446409$ & $0.0415009$ & $0.0602542$ & $0.0378529$ & $-0.0836426$ & $0.00957066$ & $0.0189765$ & $0.239345$ & $0.0236496$ & $-0.0241552$ & $-0.0387983$ & $0.00986855$ & $0.106255$ & $-0.00756828$ & $0.121494$ & $-0.205428$ & $-0.219522$ & $-0.150588$ & $0.22994$ & $1$ & $0.201448$ & $-0.114852$ & $0.17009$ & $0.18214$ & $0.0308738$ & $0.251227$ & $0.282263$ & $0.242536$ & $0.0407358$ & $0.4095$ \\
eHZZpar & $0.192108$ & $-0.0627948$ & $-0.108005$ & $-0.0904314$ & $-0.0731178$ & $-0.0010043$ & $0.104332$ & $0.0514678$ & $0.0504976$ & $0.0169497$ & $-0.0695644$ & $-0.0598968$ & $-0.0901839$ & $0.0243563$ & $-0.0329109$ & $0.0137548$ & $0.00562452$ & $0.0166139$ & $-0.0152444$ & $0.0603018$ & $0.0424896$ & $0.0733955$ & $0.0279102$ & $0.00124351$ & $-0.0183089$ & $-0.0584199$ & $-0.00432468$ & $0.058122$ & $-0.00452762$ & $-0.0627966$ & $-0.0318404$ & $0.108463$ & $-0.038492$ & $0.0411493$ & $-0.114659$ & $-0.0793267$ & $-0.0844233$ & $-0.0611862$ & $0.201448$ & $1$ & $-0.030724$ & $-0.114087$ & $-0.119031$ & $0.195369$ & $-0.273412$ & $0.215707$ & $-0.131214$ & $0.0135538$ & $0.0828005$ \\
eHZgaint & $-0.00129981$ & $0.113851$ & $0.0804942$ & $0.086921$ & $-0.159656$ & $-0.0249384$ & $0.00879181$ & $-0.0052325$ & $-0.00448905$ & $0.0180496$ & $-0.00560337$ & $-0.0237596$ & $-0.0190702$ & $-0.00727754$ & $-0.0697105$ & $-0.0644644$ & $0.025111$ & $0.05407$ & $0.0456373$ & $0.00623493$ & $0.039983$ & $0.0304242$ & $0.11842$ & $0.0192704$ & $0.105568$ & $-0.0143968$ & $0.265444$ & $0.0230449$ & $-0.00812667$ & $-0.00295084$ & $-0.0176752$ & $0.0133692$ & $0.0202997$ & $0.0660883$ & $-0.163145$ & $0.182188$ & $0.241801$ & $-0.295899$ & $-0.114852$ & $-0.030724$ & $1$ & $0.177338$ & $-0.00452589$ & $-0.199036$ & $0.156015$ & $-0.0504257$ & $-0.00824246$ & $-0.0319018$ & $0.0753787$ \\
eHZgapar & $-0.209566$ & $0.0271388$ & $-0.0913457$ & $-0.059377$ & $-0.0407382$ & $-0.0154597$ & $-0.0516073$ & $0.150858$ & $0.153366$ & $-0.127301$ & $-0.102096$ & $0.088384$ & $0.0937636$ & $-0.0903299$ & $-0.0932624$ & $-0.0635402$ & $-0.138508$ & $-0.0212591$ & $-0.0723731$ & $0.105087$ & $0.109977$ & $0.128131$ & $0.04865$ & $-0.11768$ & $-0.0522272$ & $-0.00500175$ & $0.241356$ & $0.0272764$ & $-0.020682$ & $0.0867181$ & $0.106617$ & $-0.0415143$ & $0.12673$ & $0.192741$ & $-0.0489753$ & $0.115773$ & $0.11298$ & $-0.0871569$ & $0.17009$ & $-0.114087$ & $0.177338$ & $1$ & $0.175872$ & $-0.100151$ & $0.477179$ & $0.102728$ & $0.360038$ & $0.187979$ & $0.324565$ \\
eHgagaint & $-0.146578$ & $-0.270407$ & $0.0519436$ & $-0.112534$ & $-0.0860569$ & $-0.0384195$ & $0.048928$ & $-0.0633974$ & $-0.0400684$ & $0.0621356$ & $0.0221723$ & $-0.20074$ & $-0.179959$ & $0.0686798$ & $-0.00221998$ & $-0.00686346$ & $0.123058$ & $0.0981037$ & $0.0914001$ & $-0.0535972$ & $-0.0399925$ & $-0.0223025$ & $-0.0823671$ & $0.0997841$ & $0.0949748$ & $0.0459151$ & $-0.0661734$ & $-0.00275248$ & $-0.0706002$ & $-0.103171$ & $-0.0274396$ & $0.0131394$ & $-0.0880348$ & $-0.0421831$ & $-0.13078$ & $0.191758$ & $0.518687$ & $-0.0131212$ & $0.18214$ & $-0.119031$ & $-0.00452589$ & $0.175872$ & $1$ & $-0.272084$ & $0.313592$ & $0.419026$ & $0.37962$ & $0.545327$ & $0.20775$ \\
eHmumuint & $0.109788$ & $-0.115998$ & $-0.187242$ & $-0.162295$ & $-0.0239968$ & $-0.00775312$ & $0.0284835$ & $0.0530925$ & $0.0481483$ & $0.0155817$ & $-0.0640846$ & $0.0217998$ & $-0.01192$ & $0.0431973$ & $0.052529$ & $0.0985244$ & $-0.0293164$ & $-0.0460437$ & $-0.0627368$ & $0.0525963$ & $0.0290658$ & $-0.00596761$ & $0.0230576$ & $-3.86719e-06$ & $-0.0657083$ & $-0.0279049$ & $-0.0846498$ & $0.0704388$ & $0.0510092$ & $-0.0304454$ & $-0.0483453$ & $0.0284501$ & $-0.00805072$ & $-0.0308738$ & $0.138625$ & $-0.269529$ & $-0.272605$ & $-0.0696972$ & $0.0308738$ & $0.195369$ & $-0.199036$ & $-0.100151$ & $-0.272084$ & $1$ & $-0.117961$ & $-0.126813$ & $-0.242501$ & $-0.39542$ & $0.0656661$ \\
eHtautauint & $-0.411332$ & $0.139362$ & $-0.0181706$ & $-0.0683459$ & $-0.0232498$ & $0.00941677$ & $-0.137927$ & $0.111215$ & $0.118096$ & $-0.14331$ & $-0.0349591$ & $0.271259$ & $0.269239$ & $-0.141108$ & $-0.0567972$ & $0.00914449$ & $-0.170956$ & $-0.0862189$ & $-0.148349$ & $0.0544639$ & $0.053793$ & $0.0547156$ & $0.0283581$ & $-0.121686$ & $-0.100148$ & $0.0176322$ & $0.16326$ & $-0.00132949$ & $0.0190773$ & $0.191017$ & $0.183766$ & $-0.10029$ & $0.245839$ & $0.136791$ & $0.250802$ & $-0.0633909$ & $0.0786592$ & $-0.0229043$ & $0.251227$ & $-0.273412$ & $0.156015$ & $0.477179$ & $0.313592$ & $-0.117961$ & $1$ & $0.101138$ & $0.550123$ & $0.185349$ & $0.420076$ \\
eHccint & $-0.10123$ & $-0.00192977$ & $-0.451456$ & $-0.115225$ & $-0.116589$ & $-0.023707$ & $0.125456$ & $-0.0288211$ & $-0.0169885$ & $0.0502656$ & $-0.00537831$ & $-0.194281$ & $-0.197304$ & $0.058134$ & $0.000697322$ & $-0.0011245$ & $0.0690179$ & $0.0644883$ & $0.0384906$ & $-0.00907488$ & $0.00173741$ & $0.00578395$ & $-0.0514268$ & $0.0605499$ & $0.0327354$ & $-0.0344005$ & $-0.127288$ & $-0.0342503$ & $-0.0460889$ & $-0.121875$ & $0.0443476$ & $0.0986978$ & $-0.08784$ & $0.00255536$ & $-0.158449$ & $-0.190422$ & $0.397885$ & $-0.168283$ & $0.282263$ & $0.215707$ & $-0.0504257$ & $0.102728$ & $0.419026$ & $-0.126813$ & $0.101138$ & $1$ & $0.178116$ & $0.243016$ & $0.248459$ \\
eHccpar & $-0.167846$ & $0.0629239$ & $-0.063857$ & $-0.167924$ & $-0.0247298$ & $-0.0257276$ & $-0.192759$ & $0.104792$ & $0.112806$ & $-0.152114$ & $-0.0283352$ & $0.257005$ & $0.26462$ & $-0.164318$ & $-0.0230324$ & $-0.0118678$ & $-0.152712$ & $-0.117088$ & $-0.127241$ & $0.0447826$ & $0.0346915$ & $0.0514167$ & $-0.0649662$ & $-0.106323$ & $-0.120817$ & $0.0452107$ & $0.105983$ & $-0.00824362$ & $0.0223653$ & $0.206123$ & $0.210366$ & $-0.165027$ & $0.250919$ & $0.0981051$ & $0.154774$ & $-0.143066$ & $0.036991$ & $0.123691$ & $0.242536$ & $-0.131214$ & $-0.00824246$ & $0.360038$ & $0.37962$ & $-0.242501$ & $0.550123$ & $0.178116$ & $1$ & $0.390734$ & $0.373764$ \\
eHbbint & $-0.318453$ & $-0.342632$ & $-0.121727$ & $-0.136343$ & $-0.026547$ & $-0.0441694$ & $-0.117448$ & $0.0434837$ & $0.05066$ & $-0.0506304$ & $-0.0367422$ & $0.0379984$ & $0.0508153$ & $-0.0179033$ & $-0.0515265$ & $-0.0200802$ & $0.0157181$ & $0.0326477$ & $0.0187212$ & $0.00795162$ & $0.0261488$ & $0.0321478$ & $-0.0712142$ & $0.0143493$ & $0.0241779$ & $0.055516$ & $0.0348729$ & $0.0126309$ & $-0.0169285$ & $0.0432555$ & $0.04669$ & $-0.132478$ & $0.0954201$ & $0.046508$ & $-0.120115$ & $0.0745976$ & $0.402009$ & $-0.0553245$ & $0.0407358$ & $0.0135538$ & $-0.0319018$ & $0.187979$ & $0.545327$ & $-0.39542$ & $0.185349$ & $0.243016$ & $0.390734$ & $1$ & $0.211603$ \\
eHbbpar & $-0.0738317$ & $-0.0682316$ & $-0.380755$ & $-0.325955$ & $-0.0671512$ & $-0.0241164$ & $-0.00195294$ & $0.092063$ & $0.0980793$ & $-0.0876231$ & $-0.0699979$ & $0.0120612$ & $-0.00258902$ & $-0.0316828$ & $-0.0538067$ & $-0.0411157$ & $-0.0731344$ & $-0.00560266$ & $-0.0306173$ & $0.0609012$ & $0.0626653$ & $0.0513025$ & $-0.0587196$ & $-0.0698081$ & $-0.029888$ & $0.0529657$ & $0.115544$ & $0.0566894$ & $-0.00105196$ & $0.0292391$ & $0.072584$ & $-0.00562299$ & $0.188442$ & $0.105074$ & $-0.119606$ & $-0.34593$ & $-0.0554225$ & $0.0395052$ & $0.4095$ & $0.0828005$ & $0.0753787$ & $0.324565$ & $0.20775$ & $0.0656661$ & $0.420076$ & $0.248459$ & $0.373764$ & $0.211603$ & $1$ \\
