 & AlsMz & dAle5Mz & mtop & mHl & Mz & CW & CHG & CHWB & CHWHB_gaga & CHWHB_gagaorth & CHD & CHbox & CH & CHL1_11 & CHL1_22 & CHL1_33 & CHL3_11 & CHL3_22 & CHL3_33 & CHe_11 & CHe_22 & CHe_33 & CHQ1_11 & CHQ1_33 & CHQ3_11 & CHu_11 & CHd_11 & CHd_33 & CeH_22r & CeH_33r & CuH_22r & CuH_33r & CdH_33r & CLL_1221 & eHggint & eHggpar & eHWWint & eHWWpar & eHZZint & eHZZpar & eHZgaint & eHZgapar & eHgagaint & eHmumuint & eHtautauint & eHccint & eHccpar & eHbbint & eHbbpar \\
AlsMz & $1$ & $-0.000398202$ & $0.0378632$ & $0.000196383$ & $-0.0174004$ & $0.0115624$ & $-0.0114817$ & $0.0438642$ & $0.0468232$ & $-0.0282196$ & $-0.0480421$ & $-0.00963981$ & $0.00199978$ & $-0.00340911$ & $-0.0119496$ & $0.0365323$ & $0.0010627$ & $0.00109553$ & $-0.0301438$ & $0.0353085$ & $0.0422623$ & $0.046479$ & $0.000694548$ & $-0.0809309$ & $-0.125267$ & $-0.054725$ & $0.0158127$ & $0.0269461$ & $-0.0060276$ & $0.0175315$ & $0.0334179$ & $-0.00372912$ & $0.0211852$ & $0.050839$ & $-0.0246294$ & $-0.041808$ & $0.000773529$ & $-0.0295643$ & $-0.0289815$ & $0.00327128$ & $0.00897587$ & $0.0173308$ & $0.0111246$ & $0.0322365$ & $-0.0699979$ & $0.000167807$ & $-0.0475373$ & $0.04522$ & $-0.0256132$ \\
dAle5Mz & $-0.000398202$ & $1$ & $0.0348396$ & $0.0432376$ & $0.0297451$ & $-0.0239693$ & $-0.0303575$ & $-0.0610248$ & $-0.0586294$ & $0.0397281$ & $0.0337321$ & $0.0121458$ & $-0.0205321$ & $-0.0128361$ & $-0.00779573$ & $0.0271814$ & $0.0461658$ & $0.0280262$ & $0.0105836$ & $-0.0042791$ & $-0.00541256$ & $0.00224343$ & $-0.00722174$ & $0.0170574$ & $0.0104908$ & $0.00550879$ & $-0.0311537$ & $-0.0363612$ & $-0.0101298$ & $-0.0294462$ & $-0.0416037$ & $-0.035421$ & $-0.0340839$ & $0.0278851$ & $0.0641841$ & $0.0926361$ & $-0.0136306$ & $0.0089788$ & $-0.0393592$ & $0.0601455$ & $0.00994195$ & $-0.0208465$ & $0.00739242$ & $0.0455234$ & $-0.0819874$ & $-0.0183271$ & $0.0214794$ & $0.0488554$ & $0.0242945$ \\
mtop & $0.0378632$ & $0.0348396$ & $1$ & $0.0929207$ & $0.0187859$ & $-0.0191547$ & $0.0486134$ & $0.0407112$ & $0.0423716$ & $-0.0215478$ & $-0.0269445$ & $0.0158094$ & $-0.0109279$ & $-0.0111528$ & $0.0409548$ & $-0.00317888$ & $-0.0067288$ & $-0.0411803$ & $-0.012557$ & $0.0369966$ & $0.0354134$ & $0.0407384$ & $-0.0139588$ & $-0.0341114$ & $-0.0357133$ & $-0.00556615$ & $1.60091e-05$ & $-0.00506156$ & $-0.0293649$ & $0.0609201$ & $0.0163436$ & $0.0715844$ & $0.0556133$ & $0.00519782$ & $0.0491344$ & $-0.0798702$ & $-0.0609491$ & $0.00528736$ & $0.0432381$ & $-0.0137001$ & $0.039499$ & $-0.0104879$ & $-0.0390674$ & $0.0835986$ & $-0.0776527$ & $-0.083711$ & $0.0127705$ & $0.0243898$ & $-0.001715$ \\
mHl & $0.000196383$ & $0.0432376$ & $0.0929207$ & $1$ & $0.00874392$ & $0.0065082$ & $0.0496518$ & $-0.0365957$ & $-0.0355513$ & $0.0542785$ & $0.0389543$ & $0.021112$ & $-0.00277844$ & $-0.00748073$ & $-0.0377975$ & $-0.0193855$ & $-0.00919801$ & $0.0189529$ & $0.0148634$ & $-0.037811$ & $-0.0346158$ & $-0.0364948$ & $-0.0426136$ & $0.00767578$ & $0.0065088$ & $0.05778$ & $-0.00956024$ & $-0.0116561$ & $-0.0233324$ & $-0.00211465$ & $-0.0441846$ & $0.0347633$ & $-0.0708518$ & $-0.00321426$ & $-0.06449$ & $0.0664293$ & $0.0416896$ & $0.00420468$ & $-0.0516293$ & $-0.0607389$ & $0.047821$ & $0.0107469$ & $-0.0472523$ & $-0.0373505$ & $0.037375$ & $-0.0952579$ & $-0.0173233$ & $-0.0312927$ & $-0.0225477$ \\
Mz & $-0.0174004$ & $0.0297451$ & $0.0187859$ & $0.00874392$ & $1$ & $0.004909$ & $0.00442009$ & $-0.0392571$ & $-0.0369676$ & $0.0320712$ & $0.0529382$ & $0.0106453$ & $-0.0216443$ & $-0.0308271$ & $-0.0104321$ & $-0.00169923$ & $-0.00693895$ & $-0.00649987$ & $-0.0069741$ & $-0.0428021$ & $-0.0424545$ & $-0.0410478$ & $0.00365013$ & $0.0193654$ & $0.0153038$ & $0.0277661$ & $0.00362856$ & $0.0159116$ & $-0.0317935$ & $-0.0350551$ & $-0.0279725$ & $-0.0080146$ & $-0.030823$ & $-0.0223761$ & $-0.00573026$ & $-0.0403497$ & $-0.00579088$ & $0.00547811$ & $0.00250709$ & $0.0146552$ & $0.00499887$ & $0.00996139$ & $0.0145833$ & $-0.00267654$ & $0.0072915$ & $0.0043769$ & $-0.0416159$ & $0.0182353$ & $-0.00428799$ \\
CW & $0.0115624$ & $-0.0239693$ & $-0.0191547$ & $0.0065082$ & $0.004909$ & $1$ & $-0.0198995$ & $-0.141467$ & $-0.136725$ & $0.0246676$ & $0.191593$ & $0.0628045$ & $0.0155731$ & $0.0269362$ & $-0.0711626$ & $-0.0626335$ & $-0.246796$ & $-0.038314$ & $-0.0469766$ & $-0.188282$ & $-0.198814$ & $-0.199387$ & $-0.0397485$ & $0.0297413$ & $-0.0878311$ & $0.117702$ & $-0.114752$ & $-0.0399435$ & $-0.013849$ & $0.0249541$ & $0.0487732$ & $-0.00802387$ & $0.0208617$ & $-0.141084$ & $-0.0274578$ & $0.0314892$ & $0.000320424$ & $0.0118945$ & $-0.0273547$ & $-0.0331497$ & $0.0136032$ & $-0.0376271$ & $-0.0166122$ & $-0.0601398$ & $0.0040178$ & $-0.0418507$ & $0.0149465$ & $0.0349123$ & $0.00354499$ \\
CHG & $-0.0114817$ & $-0.0303575$ & $0.0486134$ & $0.0496518$ & $0.00442009$ & $-0.0198995$ & $1$ & $-0.0969083$ & $-0.045615$ & $0.0438789$ & $0.069851$ & $-0.162822$ & $-0.257071$ & $0.0234525$ & $-0.0162731$ & $-0.0486484$ & $0.0587411$ & $0.0618457$ & $0.0853659$ & $-0.0686377$ & $-0.0707983$ & $-0.0727589$ & $-0.0284711$ & $0.094229$ & $0.0612987$ & $0.0419996$ & $-0.0496686$ & $-0.0265415$ & $0.00900149$ & $-0.0896718$ & $-0.0406925$ & $0.936606$ & $-0.14043$ & $-0.0675764$ & $-0.0580307$ & $-0.0815334$ & $-0.000320064$ & $0.020112$ & $-0.0319183$ & $-0.0384132$ & $-0.0293162$ & $-0.0360774$ & $0.025881$ & $-0.0155791$ & $-0.00698336$ & $-0.0550464$ & $-0.0168411$ & $-0.038522$ & $-0.0474771$ \\
CHWB & $0.0438642$ & $-0.0610248$ & $0.0407112$ & $-0.0365957$ & $-0.0392571$ & $-0.141467$ & $-0.0969083$ & $1$ & $0.984848$ & $-0.577925$ & $-0.884924$ & $-0.0532916$ & $0.33829$ & $0.110845$ & $0.293638$ & $0.276051$ & $-0.227829$ & $-0.420796$ & $-0.417084$ & $0.856677$ & $0.900619$ & $0.882076$ & $0.0908779$ & $-0.681002$ & $-0.409515$ & $-0.539255$ & $0.427983$ & $0.327977$ & $-0.0120461$ & $0.0804374$ & $0.0333146$ & $-0.0970856$ & $0.0797451$ & $0.569736$ & $0.0537945$ & $-0.0213743$ & $-0.0113607$ & $0.00720108$ & $0.0569196$ & $0.0241369$ & $-0.0149627$ & $-0.013862$ & $0.0297816$ & $0.0554075$ & $-0.0259153$ & $0.0166865$ & $-0.0112287$ & $-0.00885281$ & $-0.0226909$ \\
CHWHB_gaga & $0.0468232$ & $-0.0586294$ & $0.0423716$ & $-0.0355513$ & $-0.0369676$ & $-0.136725$ & $-0.045615$ & $0.984848$ & $1$ & $-0.566151$ & $-0.868391$ & $-0.0347$ & $0.336985$ & $0.100149$ & $0.292727$ & $0.270745$ & $-0.230217$ & $-0.423381$ & $-0.416389$ & $0.841216$ & $0.88374$ & $0.866183$ & $0.0857437$ & $-0.674487$ & $-0.409858$ & $-0.524416$ & $0.420804$ & $0.321707$ & $-0.00434384$ & $0.101817$ & $0.0438547$ & $-0.0532675$ & $0.0963372$ & $0.5583$ & $0.0364011$ & $-0.036441$ & $-0.0161117$ & $0.0050742$ & $0.0512352$ & $0.0216562$ & $-0.0190042$ & $-0.00953665$ & $0.0991079$ & $0.0552731$ & $-0.0202982$ & $0.00798251$ & $-0.0104527$ & $-0.0139609$ & $-0.0311049$ \\
CHWHB_gagaorth & $-0.0282196$ & $0.0397281$ & $-0.0215478$ & $0.0542785$ & $0.0320712$ & $0.0246676$ & $0.0438789$ & $-0.577925$ & $-0.566151$ & $1$ & $0.376726$ & $0.393888$ & $-0.24003$ & $0.204859$ & $-0.149943$ & $-0.137405$ & $0.415181$ & $0.482271$ & $0.484143$ & $-0.364643$ & $-0.387278$ & $-0.37581$ & $-0.0660884$ & $0.554199$ & $0.479383$ & $0.250354$ & $-0.22426$ & $-0.129986$ & $0.00353868$ & $-0.142124$ & $-0.073248$ & $0.0594756$ & $-0.141543$ & $-0.338631$ & $0.0292242$ & $-0.00688845$ & $0.0495796$ & $0.00195342$ & $-0.0111539$ & $-0.0158905$ & $-0.0222162$ & $0.0158009$ & $0.00681798$ & $-0.0451963$ & $0.0127016$ & $-0.0362243$ & $-0.00908719$ & $0.0342253$ & $0.0146536$ \\
CHD & $-0.0480421$ & $0.0337321$ & $-0.0269445$ & $0.0389543$ & $0.0529382$ & $0.191593$ & $0.069851$ & $-0.884924$ & $-0.868391$ & $0.376726$ & $1$ & $0.170751$ & $-0.175261$ & $-0.515438$ & $-0.407873$ & $-0.390076$ & $-0.217724$ & $0.0639528$ & $0.0594709$ & $-0.990513$ & $-0.991335$ & $-0.970546$ & $-0.0414828$ & $0.330981$ & $0.0415027$ & $0.596283$ & $-0.295514$ & $-0.361269$ & $0.0138537$ & $-0.0414018$ & $-0.0059864$ & $0.0800764$ & $-0.0471236$ & $-0.384667$ & $-0.0302723$ & $0.0219771$ & $-0.0114793$ & $-0.0105182$ & $-0.062972$ & $-0.0238607$ & $0.0122806$ & $0.0179268$ & $-0.011383$ & $-0.0463247$ & $0.0271106$ & $-0.0075339$ & $0.0179185$ & $0.00290698$ & $0.021129$ \\
CHbox & $-0.00963981$ & $0.0121458$ & $0.0158094$ & $0.021112$ & $0.0106453$ & $0.0628045$ & $-0.162822$ & $-0.0532916$ & $-0.0347$ & $0.393888$ & $0.170751$ & $1$ & $0.564891$ & $-0.264884$ & $-0.00756653$ & $0.00287096$ & $-0.258659$ & $-0.213682$ & $-0.216644$ & $-0.15525$ & $-0.170224$ & $-0.162824$ & $-0.0272662$ & $-0.0868316$ & $-0.209811$ & $0.109262$ & $-0.0593792$ & $-0.0495249$ & $0.0358614$ & $0.267813$ & $0.086025$ & $-0.0742012$ & $0.306936$ & $-0.0467761$ & $0.10837$ & $0.0460205$ & $0.00295791$ & $-0.02284$ & $0.00699711$ & $0.0131356$ & $-0.0387409$ & $0.0141153$ & $0.0131414$ & $-0.0344535$ & $0.0172742$ & $-0.0135211$ & $-0.0110033$ & $0.0181362$ & $-0.00855749$ \\
CH & $0.00199978$ & $-0.0205321$ & $-0.0109279$ & $-0.00277844$ & $-0.0216443$ & $0.0155731$ & $-0.257071$ & $0.33829$ & $0.336985$ & $-0.24003$ & $-0.175261$ & $0.564891$ & $1$ & $-0.21955$ & $0.0725748$ & $0.0653924$ & $-0.332688$ & $-0.356907$ & $-0.353736$ & $0.171468$ & $0.185605$ & $0.184342$ & $0.0200005$ & $-0.36852$ & $-0.3478$ & $-0.104854$ & $0.14459$ & $0.061173$ & $0.0379898$ & $0.243336$ & $0.0967452$ & $-0.213051$ & $0.274971$ & $0.21068$ & $0.0333053$ & $0.0312511$ & $-0.0246245$ & $0.00166634$ & $0.00309926$ & $0.0246115$ & $-0.0201585$ & $-0.014717$ & $0.0316392$ & $0.010362$ & $0.00524462$ & $0.00762058$ & $-0.00973226$ & $-0.0129137$ & $-0.00855758$ \\
CHL1_11 & $-0.00340911$ & $-0.0128361$ & $-0.0111528$ & $-0.00748073$ & $-0.0308271$ & $0.0269362$ & $0.0234525$ & $0.110845$ & $0.100149$ & $0.204859$ & $-0.515438$ & $-0.264884$ & $-0.21955$ & $1$ & $0.259151$ & $0.249373$ & $0.664461$ & $0.596546$ & $0.600479$ & $0.53346$ & $0.476867$ & $0.463899$ & $-0.0553156$ & $0.449306$ & $0.591688$ & $-0.291302$ & $-0.0965923$ & $0.186067$ & $-0.0182203$ & $-0.0451253$ & $-0.034199$ & $0.00483151$ & $-0.0298608$ & $-0.19313$ & $-0.0240063$ & $-0.0203031$ & $0.0321837$ & $0.00156808$ & $0.035222$ & $0.0114014$ & $0.00221797$ & $-0.0102944$ & $-0.0403654$ & $-0.00396261$ & $-0.0125961$ & $-0.0303722$ & $-0.00879607$ & $0.0125201$ & $-0.00113114$ \\
CHL1_22 & $-0.0119496$ & $-0.00779573$ & $0.0409548$ & $-0.0377975$ & $-0.0104321$ & $-0.0711626$ & $-0.0162731$ & $0.293638$ & $0.292727$ & $-0.149943$ & $-0.407873$ & $-0.00756653$ & $0.0725748$ & $0.259151$ & $1$ & $0.427048$ & $0.158409$ & $-0.462986$ & $-0.0328248$ & $0.472142$ & $0.325623$ & $0.312337$ & $-0.203717$ & $0.0993718$ & $-0.150804$ & $-0.174731$ & $-0.402532$ & $0.135076$ & $0.00149904$ & $0.0341303$ & $0.0146044$ & $-0.0192287$ & $0.0233854$ & $-0.5889$ & $-0.015896$ & $-0.00117634$ & $0.0144741$ & $0.0295293$ & $0.0239199$ & $0.023757$ & $0.00484691$ & $-0.0218636$ & $0.0147467$ & $0.0366628$ & $0.015215$ & $-0.0211969$ & $-0.00518689$ & $-0.0124206$ & $-0.0347463$ \\
CHL1_33 & $0.0365323$ & $0.0271814$ & $-0.00317888$ & $-0.0193855$ & $-0.00169923$ & $-0.0626335$ & $-0.0486484$ & $0.276051$ & $0.270745$ & $-0.137405$ & $-0.390076$ & $0.00287096$ & $0.0653924$ & $0.249373$ & $0.427048$ & $1$ & $0.157293$ & $-0.0252077$ & $-0.442845$ & $0.454673$ & $0.312258$ & $0.330499$ & $-0.183468$ & $0.102274$ & $-0.153946$ & $-0.194789$ & $-0.408478$ & $0.118506$ & $-0.00369192$ & $0.0575004$ & $-0.0191482$ & $-0.0558542$ & $0.0330958$ & $-0.093156$ & $-0.00920633$ & $0.0137375$ & $0.0166945$ & $0.00341233$ & $0.0634093$ & $0.000432399$ & $0.0131382$ & $-0.0227601$ & $-0.0324374$ & $0.0250744$ & $0.0166401$ & $-0.00121776$ & $-0.0584522$ & $0.0147655$ & $-0.035795$ \\
CHL3_11 & $0.0010627$ & $0.0461658$ & $-0.0067288$ & $-0.00919801$ & $-0.00693895$ & $-0.246796$ & $0.0587411$ & $-0.227829$ & $-0.230217$ & $0.415181$ & $-0.217724$ & $-0.258659$ & $-0.332688$ & $0.664461$ & $0.158409$ & $0.157293$ & $1$ & $0.730344$ & $0.734573$ & $0.240808$ & $0.187019$ & $0.184149$ & $-0.0626635$ & $0.664353$ & $0.769418$ & $-0.115604$ & $-0.16589$ & $0.0622602$ & $0.00177856$ & $-0.0896337$ & $-0.0639956$ & $0.036759$ & $-0.0747863$ & $-0.24098$ & $-0.0496671$ & $-0.00554528$ & $0.0482263$ & $0.0113535$ & $0.00651192$ & $-0.00743729$ & $0.00260116$ & $-0.00753334$ & $-0.0247336$ & $-0.0154412$ & $0.00228904$ & $-0.000417984$ & $-0.0230957$ & $0.00775637$ & $0.0115954$ \\
CHL3_22 & $0.00109553$ & $0.0280262$ & $-0.0411803$ & $0.0189529$ & $-0.00649987$ & $-0.038314$ & $0.0618457$ & $-0.420796$ & $-0.423381$ & $0.482271$ & $0.0639528$ & $-0.213682$ & $-0.356907$ & $0.596546$ & $-0.462986$ & $-0.0252077$ & $0.730344$ & $1$ & $0.668822$ & $-0.0665392$ & $-0.056906$ & $-0.0500979$ & $0.0348198$ & $0.606259$ & $0.792722$ & $0.0145921$ & $-0.00307256$ & $-0.0286662$ & $-0.00604817$ & $-0.0945094$ & $-0.0626571$ & $0.0453017$ & $-0.0744169$ & $0.0489958$ & $-0.0358553$ & $-0.00271951$ & $0.0308424$ & $-0.0140899$ & $0.00212767$ & $-0.0208025$ & $0.00121996$ & $0.00670393$ & $-0.0493805$ & $-0.0420123$ & $-0.0105861$ & $-0.00236991$ & $-0.0134617$ & $0.0185706$ & $0.0275053$ \\
CHL3_33 & $-0.0301438$ & $0.0105836$ & $-0.012557$ & $0.0148634$ & $-0.0069741$ & $-0.0469766$ & $0.0853659$ & $-0.417084$ & $-0.416389$ & $0.484143$ & $0.0594709$ & $-0.216644$ & $-0.353736$ & $0.600479$ & $-0.0328248$ & $-0.442845$ & $0.734573$ & $0.668822$ & $1$ & $-0.0628042$ & $-0.0539071$ & $-0.0501427$ & $0.0198516$ & $0.608657$ & $0.804119$ & $0.0351628$ & $0.00610925$ & $-0.0151167$ & $-0.00332453$ & $-0.11344$ & $-0.0375548$ & $0.0724704$ & $-0.0818323$ & $-0.332691$ & $-0.0458102$ & $-0.0100436$ & $0.042068$ & $0.00948366$ & $-0.0316087$ & $-0.000139665$ & $-0.00508112$ & $0.00621221$ & $-0.0126037$ & $-0.0348372$ & $-0.00586037$ & $-0.0174248$ & $0.021076$ & $-0.00195689$ & $0.0292475$ \\
CHe_11 & $0.0353085$ & $-0.0042791$ & $0.0369966$ & $-0.037811$ & $-0.0428021$ & $-0.188282$ & $-0.0686377$ & $0.856677$ & $0.841216$ & $-0.364643$ & $-0.990513$ & $-0.15525$ & $0.171468$ & $0.53346$ & $0.472142$ & $0.454673$ & $0.240808$ & $-0.0665392$ & $-0.0628042$ & $1$ & $0.973779$ & $0.953574$ & $0.0130959$ & $-0.277928$ & $-0.0363446$ & $-0.585528$ & $0.21849$ & $0.354346$ & $-0.0140096$ & $0.0413005$ & $0.00282697$ & $-0.0780789$ & $0.0460978$ & $0.308395$ & $0.0307926$ & $-0.0145849$ & $0.0141337$ & $0.0125116$ & $0.0657921$ & $0.0247448$ & $-0.0117006$ & $-0.0206062$ & $0.0080118$ & $0.0445789$ & $-0.0257097$ & $0.00201199$ & $-0.0180055$ & $-0.00249212$ & $-0.0236412$ \\
CHe_22 & $0.0422623$ & $-0.00541256$ & $0.0354134$ & $-0.0346158$ & $-0.0424545$ & $-0.198814$ & $-0.0707983$ & $0.900619$ & $0.88374$ & $-0.387278$ & $-0.991335$ & $-0.170224$ & $0.185605$ & $0.476867$ & $0.325623$ & $0.312258$ & $0.187019$ & $-0.056906$ & $-0.0539071$ & $0.973779$ & $1$ & $0.97641$ & $0.0728855$ & $-0.384708$ & $-0.0446272$ & $-0.59986$ & $0.375588$ & $0.360267$ & $-0.0152901$ & $0.0373549$ & $0.00563436$ & $-0.0803305$ & $0.0455193$ & $0.468735$ & $0.038712$ & $-0.0213818$ & $0.010153$ & $0.00978301$ & $0.0600004$ & $0.0250543$ & $-0.0149314$ & $-0.0151595$ & $0.0168893$ & $0.0469138$ & $-0.0318448$ & $0.0123566$ & $-0.0160205$ & $-0.00211091$ & $-0.0174655$ \\
CHe_33 & $0.046479$ & $0.00224343$ & $0.0407384$ & $-0.0364948$ & $-0.0410478$ & $-0.199387$ & $-0.0727589$ & $0.882076$ & $0.866183$ & $-0.37581$ & $-0.970546$ & $-0.162824$ & $0.184342$ & $0.463899$ & $0.312337$ & $0.330499$ & $0.184149$ & $-0.0500979$ & $-0.0501427$ & $0.953574$ & $0.97641$ & $1$ & $0.0708937$ & $-0.377065$ & $-0.0418617$ & $-0.587181$ & $0.370354$ & $0.362593$ & $-0.0153351$ & $0.0401822$ & $0.00935371$ & $-0.0815911$ & $0.0520367$ & $0.468277$ & $0.0303788$ & $-0.0230793$ & $0.0162194$ & $0.0112206$ & $0.0618606$ & $0.0277961$ & $-0.0179707$ & $-0.0162489$ & $0.0182057$ & $0.0491593$ & $-0.0252874$ & $0.00815223$ & $-0.0227284$ & $-0.00494562$ & $-0.00799144$ \\
CHQ1_11 & $0.000694548$ & $-0.00722174$ & $-0.0139588$ & $-0.0426136$ & $0.00365013$ & $-0.0397485$ & $-0.0284711$ & $0.0908779$ & $0.0857437$ & $-0.0660884$ & $-0.0414828$ & $-0.0272662$ & $0.0200005$ & $-0.0553156$ & $-0.203717$ & $-0.183468$ & $-0.0626635$ & $0.0348198$ & $0.0198516$ & $0.0130959$ & $0.0728855$ & $0.0708937$ & $1$ & $-0.168055$ & $0.0897498$ & $-0.674601$ & $0.369053$ & $0.040465$ & $-0.0107047$ & $0.00619931$ & $0.0260964$ & $-0.0231932$ & $0.0254076$ & $0.243173$ & $-0.0127139$ & $0.024833$ & $-0.0253436$ & $-0.0316975$ & $0.00510528$ & $-0.0128543$ & $1.19264e-05$ & $0.0149775$ & $-0.00148701$ & $0.0267466$ & $-0.00767188$ & $0.0250388$ & $0.0136658$ & $0.016516$ & $0.0169897$ \\
CHQ1_33 & $-0.0809309$ & $0.0170574$ & $-0.0341114$ & $0.00767578$ & $0.0193654$ & $0.0297413$ & $0.094229$ & $-0.681002$ & $-0.674487$ & $0.554199$ & $0.330981$ & $-0.0868316$ & $-0.36852$ & $0.449306$ & $0.0993718$ & $0.102274$ & $0.664353$ & $0.606259$ & $0.608657$ & $-0.277928$ & $-0.384708$ & $-0.377065$ & $-0.168055$ & $1$ & $0.641204$ & $0.242302$ & $-0.437036$ & $-0.0315046$ & $0.00482473$ & $-0.075342$ & $-0.0468643$ & $0.0843002$ & $-0.0665067$ & $-0.635633$ & $-0.069897$ & $0.0265795$ & $0.0385947$ & $-0.00704204$ & $-0.0122396$ & $-0.00197859$ & $0.0112167$ & $-0.0154391$ & $-0.0544333$ & $-0.0336643$ & $0.0254526$ & $-0.0247706$ & $0.0033445$ & $0.00402387$ & $0.0170877$ \\
CHQ3_11 & $-0.125267$ & $0.0104908$ & $-0.0357133$ & $0.0065088$ & $0.0153038$ & $-0.0878311$ & $0.0612987$ & $-0.409515$ & $-0.409858$ & $0.479383$ & $0.0415027$ & $-0.209811$ & $-0.3478$ & $0.591688$ & $-0.150804$ & $-0.153946$ & $0.769418$ & $0.792722$ & $0.804119$ & $-0.0363446$ & $-0.0446272$ & $-0.0418617$ & $0.0897498$ & $0.641204$ & $1$ & $0.0259351$ & $0.191439$ & $-0.0124617$ & $-0.01016$ & $-0.11264$ & $-0.0594106$ & $0.03827$ & $-0.0822283$ & $-0.200415$ & $-0.0363091$ & $-0.023435$ & $0.0315282$ & $-0.00741059$ & $-0.0254707$ & $-0.00980254$ & $-0.0039045$ & $0.00882717$ & $-0.0269074$ & $-0.0344958$ & $0.00616915$ & $0.00368333$ & $0.0248513$ & $-7.6364e-05$ & $0.0384421$ \\
CHu_11 & $-0.054725$ & $0.00550879$ & $-0.00556615$ & $0.05778$ & $0.0277661$ & $0.117702$ & $0.0419996$ & $-0.539255$ & $-0.524416$ & $0.250354$ & $0.596283$ & $0.109262$ & $-0.104854$ & $-0.291302$ & $-0.174731$ & $-0.194789$ & $-0.115604$ & $0.0145921$ & $0.0351628$ & $-0.585528$ & $-0.59986$ & $-0.587181$ & $-0.674601$ & $0.242302$ & $0.0259351$ & $1$ & $-0.196619$ & $-0.226075$ & $0.0125711$ & $-0.0424804$ & $-0.0124358$ & $0.041393$ & $-0.0570173$ & $-0.297352$ & $-0.00466494$ & $-0.0171671$ & $-0.00505658$ & $0.0109754$ & $-0.0481377$ & $-0.00303772$ & $-0.0105319$ & $0.00484212$ & $0.0254864$ & $-0.0630449$ & $0.0272963$ & $-0.0163352$ & $0.0295151$ & $-0.0144692$ & $-0.00115269$ \\
CHd_11 & $0.0158127$ & $-0.0311537$ & $1.60091e-05$ & $-0.00956024$ & $0.00362856$ & $-0.114752$ & $-0.0496686$ & $0.427983$ & $0.420804$ & $-0.22426$ & $-0.295514$ & $-0.0593792$ & $0.14459$ & $-0.0965923$ & $-0.402532$ & $-0.408478$ & $-0.16589$ & $-0.00307256$ & $0.00610925$ & $0.21849$ & $0.375588$ & $0.370354$ & $0.369053$ & $-0.437036$ & $0.191439$ & $-0.196619$ & $1$ & $0.128034$ & $-0.0170261$ & $-0.00906246$ & $0.015487$ & $-0.055226$ & $0.0191442$ & $0.688438$ & $0.0439777$ & $-0.0397278$ & $-0.0220143$ & $-0.0262444$ & $-0.0214309$ & $0.0142163$ & $-0.0279014$ & $0.013969$ & $0.0358992$ & $0.0142673$ & $-0.028299$ & $0.0419448$ & $0.047708$ & $-0.00970927$ & $0.0302398$ \\
CHd_33 & $0.0269461$ & $-0.0363612$ & $-0.00506156$ & $-0.0116561$ & $0.0159116$ & $-0.0399435$ & $-0.0265415$ & $0.327977$ & $0.321707$ & $-0.129986$ & $-0.361269$ & $-0.0495249$ & $0.061173$ & $0.186067$ & $0.135076$ & $0.118506$ & $0.0622602$ & $-0.0286662$ & $-0.0151167$ & $0.354346$ & $0.360267$ & $0.362593$ & $0.040465$ & $-0.0315046$ & $-0.0124617$ & $-0.226075$ & $0.128034$ & $1$ & $-0.00959586$ & $0.0341923$ & $0.0294059$ & $-0.0282698$ & $0.0426682$ & $0.152512$ & $-0.0368489$ & $0.0196942$ & $-0.00394271$ & $0.0145825$ & $0.0351664$ & $0.000401755$ & $0.00552666$ & $-0.0548536$ & $0.012594$ & $0.0456424$ & $-0.00751096$ & $-0.0187032$ & $-0.00324308$ & $-0.0182856$ & $0.0341375$ \\
CeH_22r & $-0.0060276$ & $-0.0101298$ & $-0.0293649$ & $-0.0233324$ & $-0.0317935$ & $-0.013849$ & $0.00900149$ & $-0.0120461$ & $-0.00434384$ & $0.00353868$ & $0.0138537$ & $0.0358614$ & $0.0379898$ & $-0.0182203$ & $0.00149904$ & $-0.00369192$ & $0.00177856$ & $-0.00604817$ & $-0.00332453$ & $-0.0140096$ & $-0.0152901$ & $-0.0153351$ & $-0.0107047$ & $0.00482473$ & $-0.01016$ & $0.0125711$ & $-0.0170261$ & $-0.00959586$ & $1$ & $0.0417158$ & $0.0112723$ & $-0.0128379$ & $0.0504335$ & $-0.00843749$ & $-0.0391706$ & $0.025893$ & $-0.000428368$ & $-0.00718989$ & $-0.0371579$ & $0.0328153$ & $-0.0209056$ & $-0.00671072$ & $0.00261437$ & $-0.0012154$ & $0.0148219$ & $0.0473816$ & $-0.0158321$ & $0.0165573$ & $0.00455436$ \\
CeH_33r & $0.0175315$ & $-0.0294462$ & $0.0609201$ & $-0.00211465$ & $-0.0350551$ & $0.0249541$ & $-0.0896718$ & $0.0804374$ & $0.101817$ & $-0.142124$ & $-0.0414018$ & $0.267813$ & $0.243336$ & $-0.0451253$ & $0.0341303$ & $0.0575004$ & $-0.0896337$ & $-0.0945094$ & $-0.11344$ & $0.0413005$ & $0.0373549$ & $0.0401822$ & $0.00619931$ & $-0.075342$ & $-0.11264$ & $-0.0424804$ & $-0.00906246$ & $0.0341923$ & $0.0417158$ & $1$ & $0.32111$ & $0.0588045$ & $0.636624$ & $0.0317268$ & $-0.100062$ & $0.0236254$ & $-0.167447$ & $-0.0493803$ & $-0.0292378$ & $-0.000420589$ & $0.00565049$ & $0.00024876$ & $0.00732539$ & $0.00664444$ & $0.0840277$ & $-0.00616903$ & $0.00657306$ & $-0.00519925$ & $-0.00473011$ \\
CuH_22r & $0.0334179$ & $-0.0416037$ & $0.0163436$ & $-0.0441846$ & $-0.0279725$ & $0.0487732$ & $-0.0406925$ & $0.0333146$ & $0.0438547$ & $-0.073248$ & $-0.0059864$ & $0.086025$ & $0.0967452$ & $-0.034199$ & $0.0146044$ & $-0.0191482$ & $-0.0639956$ & $-0.0626571$ & $-0.0375548$ & $0.00282697$ & $0.00563436$ & $0.00935371$ & $0.0260964$ & $-0.0468643$ & $-0.0594106$ & $-0.0124358$ & $0.015487$ & $0.0294059$ & $0.0112723$ & $0.32111$ & $1$ & $0.0447107$ & $0.338208$ & $0.00620003$ & $-0.052966$ & $0.0183874$ & $-0.15322$ & $-0.0681293$ & $-0.0087182$ & $-0.0337543$ & $0.0512928$ & $0.0181499$ & $-0.000385212$ & $0.00464483$ & $-0.0212338$ & $0.0472123$ & $0.370287$ & $0.00282137$ & $-0.0115994$ \\
CuH_33r & $-0.00372912$ & $-0.035421$ & $0.0715844$ & $0.0347633$ & $-0.0080146$ & $-0.00802387$ & $0.936606$ & $-0.0970856$ & $-0.0532675$ & $0.0594756$ & $0.0800764$ & $-0.0742012$ & $-0.213051$ & $0.00483151$ & $-0.0192287$ & $-0.0558542$ & $0.036759$ & $0.0453017$ & $0.0724704$ & $-0.0780789$ & $-0.0803305$ & $-0.0815911$ & $-0.0231932$ & $0.0843002$ & $0.03827$ & $0.041393$ & $-0.055226$ & $-0.0282698$ & $-0.0128379$ & $0.0588045$ & $0.0447107$ & $1$ & $0.0301842$ & $-0.0670698$ & $0.00790122$ & $-0.040019$ & $-0.0420515$ & $0.00494229$ & $-0.0032701$ & $-0.0397857$ & $-0.0168384$ & $-0.0364874$ & $0.02816$ & $-0.0087784$ & $-0.0181138$ & $-0.060326$ & $-0.0119042$ & $-0.0229697$ & $-0.0501234$ \\
CdH_33r & $0.0211852$ & $-0.0340839$ & $0.0556133$ & $-0.0708518$ & $-0.030823$ & $0.0208617$ & $-0.14043$ & $0.0797451$ & $0.0963372$ & $-0.141543$ & $-0.0471236$ & $0.306936$ & $0.274971$ & $-0.0298608$ & $0.0233854$ & $0.0330958$ & $-0.0747863$ & $-0.0744169$ & $-0.0818323$ & $0.0460978$ & $0.0455193$ & $0.0520367$ & $0.0254076$ & $-0.0665067$ & $-0.0822283$ & $-0.0570173$ & $0.0191442$ & $0.0426682$ & $0.0504335$ & $0.636624$ & $0.338208$ & $0.0301842$ & $1$ & $0.0400787$ & $-0.106342$ & $0.083776$ & $-0.15232$ & $-0.0654286$ & $0.0330465$ & $-0.00600845$ & $-0.00679275$ & $0.00505224$ & $-0.000703058$ & $0.00436848$ & $0.000607772$ & $0.0246988$ & $0.000761279$ & $0.160836$ & $0.46308$ \\
CLL_1221 & $0.050839$ & $0.0278851$ & $0.00519782$ & $-0.00321426$ & $-0.0223761$ & $-0.141084$ & $-0.0675764$ & $0.569736$ & $0.5583$ & $-0.338631$ & $-0.384667$ & $-0.0467761$ & $0.21068$ & $-0.19313$ & $-0.5889$ & $-0.093156$ & $-0.24098$ & $0.0489958$ & $-0.332691$ & $0.308395$ & $0.468735$ & $0.468277$ & $0.243173$ & $-0.635633$ & $-0.200415$ & $-0.297352$ & $0.688438$ & $0.152512$ & $-0.00843749$ & $0.0317268$ & $0.00620003$ & $-0.0670698$ & $0.0400787$ & $1$ & $0.0561731$ & $-0.0108157$ & $-0.021688$ & $-0.0160005$ & $0.0246124$ & $-0.000144467$ & $-0.0174294$ & $0.00377912$ & $0.0167664$ & $0.0219094$ & $-0.0374129$ & $0.0411622$ & $-0.0124251$ & $0.00478298$ & $0.0158719$ \\
eHggint & $-0.0246294$ & $0.0641841$ & $0.0491344$ & $-0.06449$ & $-0.00573026$ & $-0.0274578$ & $-0.0580307$ & $0.0537945$ & $0.0364011$ & $0.0292242$ & $-0.0302723$ & $0.10837$ & $0.0333053$ & $-0.0240063$ & $-0.015896$ & $-0.00920633$ & $-0.0496671$ & $-0.0358553$ & $-0.0458102$ & $0.0307926$ & $0.038712$ & $0.0303788$ & $-0.0127139$ & $-0.069897$ & $-0.0363091$ & $-0.00466494$ & $0.0439777$ & $-0.0368489$ & $-0.0391706$ & $-0.100062$ & $-0.052966$ & $0.00790122$ & $-0.106342$ & $0.0561731$ & $1$ & $-0.150591$ & $0.0120661$ & $0.0249826$ & $0.0653489$ & $0.0203079$ & $0.00770475$ & $0.0296763$ & $-0.0468093$ & $-0.0124529$ & $-0.053752$ & $0.031569$ & $-0.0242822$ & $0.099634$ & $-0.0917103$ \\
eHggpar & $-0.041808$ & $0.0926361$ & $-0.0798702$ & $0.0664293$ & $-0.0403497$ & $0.0314892$ & $-0.0815334$ & $-0.0213743$ & $-0.036441$ & $-0.00688845$ & $0.0219771$ & $0.0460205$ & $0.0312511$ & $-0.0203031$ & $-0.00117634$ & $0.0137375$ & $-0.00554528$ & $-0.00271951$ & $-0.0100436$ & $-0.0145849$ & $-0.0213818$ & $-0.0230793$ & $0.024833$ & $0.0265795$ & $-0.023435$ & $-0.0171671$ & $-0.0397278$ & $0.0196942$ & $0.025893$ & $0.0236254$ & $0.0183874$ & $-0.040019$ & $0.083776$ & $-0.0108157$ & $-0.150591$ & $1$ & $-0.0355512$ & $-0.0291219$ & $0.0202129$ & $-0.00767082$ & $-0.0288491$ & $-0.0156063$ & $-0.0945424$ & $0.0588977$ & $0.00460598$ & $0.0342914$ & $-0.0173096$ & $0.0352471$ & $0.125179$ \\
eHWWint & $0.000773529$ & $-0.0136306$ & $-0.0609491$ & $0.0416896$ & $-0.00579088$ & $0.000320424$ & $-0.000320064$ & $-0.0113607$ & $-0.0161117$ & $0.0495796$ & $-0.0114793$ & $0.00295791$ & $-0.0246245$ & $0.0321837$ & $0.0144741$ & $0.0166945$ & $0.0482263$ & $0.0308424$ & $0.042068$ & $0.0141337$ & $0.010153$ & $0.0162194$ & $-0.0253436$ & $0.0385947$ & $0.0315282$ & $-0.00505658$ & $-0.0220143$ & $-0.00394271$ & $-0.000428368$ & $-0.167447$ & $-0.15322$ & $-0.0420515$ & $-0.15232$ & $-0.021688$ & $0.0120661$ & $-0.0355512$ & $1$ & $-0.00214398$ & $-0.0294463$ & $0.0163434$ & $-0.0512134$ & $-0.020428$ & $-0.0101779$ & $0.0207051$ & $0.0829493$ & $0.0491241$ & $-0.092835$ & $0.0532371$ & $0.0883574$ \\
eHWWpar & $-0.0295643$ & $0.0089788$ & $0.00528736$ & $0.00420468$ & $0.00547811$ & $0.0118945$ & $0.020112$ & $0.00720108$ & $0.0050742$ & $0.00195342$ & $-0.0105182$ & $-0.02284$ & $0.00166634$ & $0.00156808$ & $0.0295293$ & $0.00341233$ & $0.0113535$ & $-0.0140899$ & $0.00948366$ & $0.0125116$ & $0.00978301$ & $0.0112206$ & $-0.0316975$ & $-0.00704204$ & $-0.00741059$ & $0.0109754$ & $-0.0262444$ & $0.0145825$ & $-0.00718989$ & $-0.0493803$ & $-0.0681293$ & $0.00494229$ & $-0.0654286$ & $-0.0160005$ & $0.0249826$ & $-0.0291219$ & $-0.00214398$ & $1$ & $0.00560653$ & $-0.00990264$ & $-0.0411284$ & $-0.0220967$ & $0.0274997$ & $-0.0217704$ & $-0.0341378$ & $-0.0498435$ & $-0.0253928$ & $-0.0249178$ & $0.000239641$ \\
eHZZint & $-0.0289815$ & $-0.0393592$ & $0.0432381$ & $-0.0516293$ & $0.00250709$ & $-0.0273547$ & $-0.0319183$ & $0.0569196$ & $0.0512352$ & $-0.0111539$ & $-0.062972$ & $0.00699711$ & $0.00309926$ & $0.035222$ & $0.0239199$ & $0.0634093$ & $0.00651192$ & $0.00212767$ & $-0.0316087$ & $0.0657921$ & $0.0600004$ & $0.0618606$ & $0.00510528$ & $-0.0122396$ & $-0.0254707$ & $-0.0481377$ & $-0.0214309$ & $0.0351664$ & $-0.0371579$ & $-0.0292378$ & $-0.0087182$ & $-0.0032701$ & $0.0330465$ & $0.0246124$ & $0.0653489$ & $0.0202129$ & $-0.0294463$ & $0.00560653$ & $1$ & $-0.00102442$ & $0.0771709$ & $0.0379045$ & $0.0669346$ & $0.018581$ & $0.00514652$ & $-0.0337499$ & $0.00882046$ & $-0.0167463$ & $0.0877748$ \\
eHZZpar & $0.00327128$ & $0.0601455$ & $-0.0137001$ & $-0.0607389$ & $0.0146552$ & $-0.0331497$ & $-0.0384132$ & $0.0241369$ & $0.0216562$ & $-0.0158905$ & $-0.0238607$ & $0.0131356$ & $0.0246115$ & $0.0114014$ & $0.023757$ & $0.000432399$ & $-0.00743729$ & $-0.0208025$ & $-0.000139665$ & $0.0247448$ & $0.0250543$ & $0.0277961$ & $-0.0128543$ & $-0.00197859$ & $-0.00980254$ & $-0.00303772$ & $0.0142163$ & $0.000401755$ & $0.0328153$ & $-0.000420589$ & $-0.0337543$ & $-0.0397857$ & $-0.00600845$ & $-0.000144467$ & $0.0203079$ & $-0.00767082$ & $0.0163434$ & $-0.00990264$ & $-0.00102442$ & $1$ & $0.0206646$ & $0.0175717$ & $0.00528658$ & $0.0376734$ & $0.00228059$ & $-0.0114931$ & $-0.0299781$ & $0.00247407$ & $-0.0365844$ \\
eHZgaint & $0.00897587$ & $0.00994195$ & $0.039499$ & $0.047821$ & $0.00499887$ & $0.0136032$ & $-0.0293162$ & $-0.0149627$ & $-0.0190042$ & $-0.0222162$ & $0.0122806$ & $-0.0387409$ & $-0.0201585$ & $0.00221797$ & $0.00484691$ & $0.0131382$ & $0.00260116$ & $0.00121996$ & $-0.00508112$ & $-0.0117006$ & $-0.0149314$ & $-0.0179707$ & $1.19264e-05$ & $0.0112167$ & $-0.0039045$ & $-0.0105319$ & $-0.0279014$ & $0.00552666$ & $-0.0209056$ & $0.00565049$ & $0.0512928$ & $-0.0168384$ & $-0.00679275$ & $-0.0174294$ & $0.00770475$ & $-0.0288491$ & $-0.0512134$ & $-0.0411284$ & $0.0771709$ & $0.0206646$ & $1$ & $0.00645543$ & $-0.0755717$ & $0.106703$ & $-0.0675931$ & $-0.0556944$ & $0.0554048$ & $0.0185573$ & $-0.0585109$ \\
eHZgapar & $0.0173308$ & $-0.0208465$ & $-0.0104879$ & $0.0107469$ & $0.00996139$ & $-0.0376271$ & $-0.0360774$ & $-0.013862$ & $-0.00953665$ & $0.0158009$ & $0.0179268$ & $0.0141153$ & $-0.014717$ & $-0.0102944$ & $-0.0218636$ & $-0.0227601$ & $-0.00753334$ & $0.00670393$ & $0.00621221$ & $-0.0206062$ & $-0.0151595$ & $-0.0162489$ & $0.0149775$ & $-0.0154391$ & $0.00882717$ & $0.00484212$ & $0.013969$ & $-0.0548536$ & $-0.00671072$ & $0.00024876$ & $0.0181499$ & $-0.0364874$ & $0.00505224$ & $0.00377912$ & $0.0296763$ & $-0.0156063$ & $-0.020428$ & $-0.0220967$ & $0.0379045$ & $0.0175717$ & $0.00645543$ & $1$ & $0.024929$ & $0.0223655$ & $0.00153288$ & $0.0421598$ & $0.0471694$ & $0.0166951$ & $0.00926183$ \\
eHgagaint & $0.0111246$ & $0.00739242$ & $-0.0390674$ & $-0.0472523$ & $0.0145833$ & $-0.0166122$ & $0.025881$ & $0.0297816$ & $0.0991079$ & $0.00681798$ & $-0.011383$ & $0.0131414$ & $0.0316392$ & $-0.0403654$ & $0.0147467$ & $-0.0324374$ & $-0.0247336$ & $-0.0493805$ & $-0.0126037$ & $0.0080118$ & $0.0168893$ & $0.0182057$ & $-0.00148701$ & $-0.0544333$ & $-0.0269074$ & $0.0254864$ & $0.0358992$ & $0.012594$ & $0.00261437$ & $0.00732539$ & $-0.000385212$ & $0.02816$ & $-0.000703058$ & $0.0167664$ & $-0.0468093$ & $-0.0945424$ & $-0.0101779$ & $0.0274997$ & $0.0669346$ & $0.00528658$ & $-0.0755717$ & $0.024929$ & $1$ & $-0.0273151$ & $0.0351395$ & $-0.0955864$ & $0.00627618$ & $-0.0148832$ & $0.00346926$ \\
eHmumuint & $0.0322365$ & $0.0455234$ & $0.0835986$ & $-0.0373505$ & $-0.00267654$ & $-0.0601398$ & $-0.0155791$ & $0.0554075$ & $0.0552731$ & $-0.0451963$ & $-0.0463247$ & $-0.0344535$ & $0.010362$ & $-0.00396261$ & $0.0366628$ & $0.0250744$ & $-0.0154412$ & $-0.0420123$ & $-0.0348372$ & $0.0445789$ & $0.0469138$ & $0.0491593$ & $0.0267466$ & $-0.0336643$ & $-0.0344958$ & $-0.0630449$ & $0.0142673$ & $0.0456424$ & $-0.0012154$ & $0.00664444$ & $0.00464483$ & $-0.0087784$ & $0.00436848$ & $0.0219094$ & $-0.0124529$ & $0.0588977$ & $0.0207051$ & $-0.0217704$ & $0.018581$ & $0.0376734$ & $0.106703$ & $0.0223655$ & $-0.0273151$ & $1$ & $-0.0424251$ & $0.0559948$ & $0.00471106$ & $0.031038$ & $0.0180271$ \\
eHtautauint & $-0.0699979$ & $-0.0819874$ & $-0.0776527$ & $0.037375$ & $0.0072915$ & $0.0040178$ & $-0.00698336$ & $-0.0259153$ & $-0.0202982$ & $0.0127016$ & $0.0271106$ & $0.0172742$ & $0.00524462$ & $-0.0125961$ & $0.015215$ & $0.0166401$ & $0.00228904$ & $-0.0105861$ & $-0.00586037$ & $-0.0257097$ & $-0.0318448$ & $-0.0252874$ & $-0.00767188$ & $0.0254526$ & $0.00616915$ & $0.0272963$ & $-0.028299$ & $-0.00751096$ & $0.0148219$ & $0.0840277$ & $-0.0212338$ & $-0.0181138$ & $0.000607772$ & $-0.0374129$ & $-0.053752$ & $0.00460598$ & $0.0829493$ & $-0.0341378$ & $0.00514652$ & $0.00228059$ & $-0.0675931$ & $0.00153288$ & $0.0351395$ & $-0.0424251$ & $1$ & $0.0103357$ & $-0.0476589$ & $0.0293035$ & $-0.0119207$ \\
eHccint & $0.000167807$ & $-0.0183271$ & $-0.083711$ & $-0.0952579$ & $0.0043769$ & $-0.0418507$ & $-0.0550464$ & $0.0166865$ & $0.00798251$ & $-0.0362243$ & $-0.0075339$ & $-0.0135211$ & $0.00762058$ & $-0.0303722$ & $-0.0211969$ & $-0.00121776$ & $-0.000417984$ & $-0.00236991$ & $-0.0174248$ & $0.00201199$ & $0.0123566$ & $0.00815223$ & $0.0250388$ & $-0.0247706$ & $0.00368333$ & $-0.0163352$ & $0.0419448$ & $-0.0187032$ & $0.0473816$ & $-0.00616903$ & $0.0472123$ & $-0.060326$ & $0.0246988$ & $0.0411622$ & $0.031569$ & $0.0342914$ & $0.0491241$ & $-0.0498435$ & $-0.0337499$ & $-0.0114931$ & $-0.0556944$ & $0.0421598$ & $-0.0955864$ & $0.0559948$ & $0.0103357$ & $1$ & $-0.0304489$ & $-0.0128723$ & $0.0654738$ \\
eHccpar & $-0.0475373$ & $0.0214794$ & $0.0127705$ & $-0.0173233$ & $-0.0416159$ & $0.0149465$ & $-0.0168411$ & $-0.0112287$ & $-0.0104527$ & $-0.00908719$ & $0.0179185$ & $-0.0110033$ & $-0.00973226$ & $-0.00879607$ & $-0.00518689$ & $-0.0584522$ & $-0.0230957$ & $-0.0134617$ & $0.021076$ & $-0.0180055$ & $-0.0160205$ & $-0.0227284$ & $0.0136658$ & $0.0033445$ & $0.0248513$ & $0.0295151$ & $0.047708$ & $-0.00324308$ & $-0.0158321$ & $0.00657306$ & $0.370287$ & $-0.0119042$ & $0.000761279$ & $-0.0124251$ & $-0.0242822$ & $-0.0173096$ & $-0.092835$ & $-0.0253928$ & $0.00882046$ & $-0.0299781$ & $0.0554048$ & $0.0471694$ & $0.00627618$ & $0.00471106$ & $-0.0476589$ & $-0.0304489$ & $1$ & $-0.0041015$ & $0.0167341$ \\
eHbbint & $0.04522$ & $0.0488554$ & $0.0243898$ & $-0.0312927$ & $0.0182353$ & $0.0349123$ & $-0.038522$ & $-0.00885281$ & $-0.0139609$ & $0.0342253$ & $0.00290698$ & $0.0181362$ & $-0.0129137$ & $0.0125201$ & $-0.0124206$ & $0.0147655$ & $0.00775637$ & $0.0185706$ & $-0.00195689$ & $-0.00249212$ & $-0.00211091$ & $-0.00494562$ & $0.016516$ & $0.00402387$ & $-7.6364e-05$ & $-0.0144692$ & $-0.00970927$ & $-0.0182856$ & $0.0165573$ & $-0.00519925$ & $0.00282137$ & $-0.0229697$ & $0.160836$ & $0.00478298$ & $0.099634$ & $0.0352471$ & $0.0532371$ & $-0.0249178$ & $-0.0167463$ & $0.00247407$ & $0.0185573$ & $0.0166951$ & $-0.0148832$ & $0.031038$ & $0.0293035$ & $-0.0128723$ & $-0.0041015$ & $1$ & $-0.0296742$ \\
eHbbpar & $-0.0256132$ & $0.0242945$ & $-0.001715$ & $-0.0225477$ & $-0.00428799$ & $0.00354499$ & $-0.0474771$ & $-0.0226909$ & $-0.0311049$ & $0.0146536$ & $0.021129$ & $-0.00855749$ & $-0.00855758$ & $-0.00113114$ & $-0.0347463$ & $-0.035795$ & $0.0115954$ & $0.0275053$ & $0.0292475$ & $-0.0236412$ & $-0.0174655$ & $-0.00799144$ & $0.0169897$ & $0.0170877$ & $0.0384421$ & $-0.00115269$ & $0.0302398$ & $0.0341375$ & $0.00455436$ & $-0.00473011$ & $-0.0115994$ & $-0.0501234$ & $0.46308$ & $0.0158719$ & $-0.0917103$ & $0.125179$ & $0.0883574$ & $0.000239641$ & $0.0877748$ & $-0.0365844$ & $-0.0585109$ & $0.00926183$ & $0.00346926$ & $0.0180271$ & $-0.0119207$ & $0.0654738$ & $0.0167341$ & $-0.0296742$ & $1$ \\
