 & AlsMz & dAle5Mz & mtop & mHl & Mz & CW & CHG & CHWB & CHWHB_gaga & CHWHB_gagaorth & CHD & CHbox & CH & CHL1_11 & CHL1_22 & CHL1_33 & CHL3_11 & CHL3_22 & CHL3_33 & CHe_11 & CHe_22 & CHe_33 & CHQ1_11 & CHQ1_33 & CHQ3_11 & CHu_11 & CHd_11 & CHd_33 & CeH_22r & CeH_33r & CuH_22r & CuH_33r & CdH_33r & CLL_1221 & eHggint & eHggpar & eHWWint & eHWWpar & eHZZint & eHZZpar & eHZgaint & eHZgapar & eHgagaint & eHmumuint & eHtautauint & eHccint & eHccpar & eHbbint & eHbbpar \\
AlsMz & $1$ & $0.0139453$ & $-0.050006$ & $-0.0731276$ & $0.00820274$ & $0.019803$ & $-0.0246704$ & $0.000151418$ & $0.00995015$ & $-0.0042592$ & $-0.0105867$ & $-0.0152038$ & $-0.00269195$ & $0.0115134$ & $0.0109401$ & $0.011068$ & $-0.00611553$ & $-0.00509799$ & $-0.00221678$ & $0.000361373$ & $-0.00156574$ & $0.00131811$ & $-0.0166691$ & $-0.0619666$ & $-0.123221$ & $-0.01972$ & $-0.0386879$ & $-0.00302914$ & $-0.0237898$ & $0.00931835$ & $-0.0413414$ & $-0.0207561$ & $0.0361409$ & $-0.0131788$ & $-0.00564619$ & $-0.0374281$ & $-0.0168888$ & $0.0103181$ & $-0.0239951$ & $-0.00467422$ & $0.0188121$ & $0.00377618$ & $0.151009$ & $-0.0134056$ & $-0.0326898$ & $-0.0207152$ & $-0.0580469$ & $0.0645265$ & $0.040206$ \\
dAle5Mz & $0.0139453$ & $1$ & $-0.11146$ & $-0.0295975$ & $0.0149615$ & $0.0373291$ & $0.00696664$ & $-0.0917904$ & $-0.0813481$ & $0.026195$ & $0.0644122$ & $0.000251931$ & $-0.00210347$ & $0.00188925$ & $-0.0244069$ & $-0.016003$ & $0.0255005$ & $0.036228$ & $0.0305175$ & $-0.0397969$ & $-0.0389253$ & $-0.0380663$ & $0.019403$ & $0.0415485$ & $0.0214065$ & $-0.000578399$ & $-0.0237139$ & $-0.00136908$ & $-0.0363233$ & $-0.00416839$ & $-0.0053175$ & $0.00729058$ & $-0.00175724$ & $0.00891812$ & $0.0111262$ & $-0.0298752$ & $-0.0798388$ & $-0.0268298$ & $-0.00728794$ & $0.0247817$ & $0.0526578$ & $-0.00778893$ & $0.100186$ & $0.0713894$ & $-0.0209166$ & $0.0209294$ & $-0.00427944$ & $-0.00101077$ & $-0.0135963$ \\
mtop & $-0.050006$ & $-0.11146$ & $1$ & $0.0109027$ & $0.00228164$ & $0.0112893$ & $-0.0170544$ & $-0.00188641$ & $-0.0110731$ & $-0.0082542$ & $0.00594295$ & $-0.032275$ & $-0.0275714$ & $0.0129271$ & $-0.0129679$ & $0.0108729$ & $0.0131262$ & $0.0222004$ & $0.00454415$ & $-0.00118379$ & $0.00110171$ & $0.00475219$ & $-0.00301257$ & $0.0187707$ & $0.0299837$ & $0.0106279$ & $0.013134$ & $0.0193174$ & $-0.00504242$ & $-0.0218335$ & $0.00195516$ & $-0.0215585$ & $-0.0526774$ & $0.00590481$ & $-0.00910116$ & $0.0196907$ & $0.040183$ & $0.00572885$ & $0.129362$ & $0.033182$ & $0.0355761$ & $-0.0209298$ & $-0.0513622$ & $-0.00640393$ & $-0.0215138$ & $0.0407726$ & $-0.0263184$ & $0.0347359$ & $-0.0623622$ \\
mHl & $-0.0731276$ & $-0.0295975$ & $0.0109027$ & $1$ & $-0.0204791$ & $0.0215567$ & $-0.00860664$ & $-0.0173793$ & $-0.0169607$ & $0.0161442$ & $0.0290402$ & $0.0103686$ & $-0.00836108$ & $-0.026174$ & $0.00364151$ & $-0.00619007$ & $-0.0250713$ & $-0.0235484$ & $-0.0137979$ & $-0.0267713$ & $-0.0295097$ & $-0.0308159$ & $-0.0016934$ & $0.00134107$ & $-0.0166307$ & $0.00993717$ & $-0.0237467$ & $-0.0154556$ & $-0.00371005$ & $0.00660231$ & $0.0111144$ & $-0.00567984$ & $0.000345744$ & $-0.0214018$ & $0.0398781$ & $-0.0563073$ & $-0.0922159$ & $-0.0434473$ & $-0.0592204$ & $-0.00610728$ & $0.0188866$ & $0.00356502$ & $-0.0306869$ & $-0.0740206$ & $0.0729312$ & $-0.0798175$ & $0.0321642$ & $-0.045647$ & $-0.00502667$ \\
Mz & $0.00820274$ & $0.0149615$ & $0.00228164$ & $-0.0204791$ & $1$ & $0.0271291$ & $0.00424577$ & $-0.0234211$ & $-0.024349$ & $0.0206378$ & $0.0244423$ & $-0.00984724$ & $-0.0200079$ & $0.0182378$ & $0.0169516$ & $0.00580826$ & $0.00205401$ & $0.000140714$ & $0.00941754$ & $-0.0150932$ & $-0.01771$ & $-0.0163348$ & $-0.00756046$ & $0.0208334$ & $0.005784$ & $0.00357583$ & $-0.0261373$ & $-0.0126892$ & $0.00297911$ & $-0.00308011$ & $-0.00705896$ & $0.00820145$ & $-0.0113785$ & $-0.0395624$ & $0.000651906$ & $-0.0032713$ & $-0.0116258$ & $0.001469$ & $-0.00455866$ & $0.0145869$ & $-0.0103601$ & $-0.00467992$ & $0.0169657$ & $-0.00367877$ & $0.0194568$ & $0.0011685$ & $-0.0102535$ & $-0.00458659$ & $-0.00797948$ \\
CW & $0.019803$ & $0.0373291$ & $0.0112893$ & $0.0215567$ & $0.0271291$ & $1$ & $0.0216302$ & $-0.118811$ & $-0.111149$ & $0.00886479$ & $0.179262$ & $0.0408027$ & $0.00416887$ & $0.0185504$ & $-0.0783449$ & $-0.0929846$ & $-0.263993$ & $-0.0561189$ & $-0.0470793$ & $-0.175281$ & $-0.179381$ & $-0.178153$ & $-0.0135153$ & $-0.00589415$ & $-0.0935224$ & $0.0982376$ & $-0.0707487$ & $-0.0500161$ & $-0.018665$ & $0.00908678$ & $0.0123085$ & $0.0241227$ & $0.0102947$ & $-0.11409$ & $0.00145928$ & $0.00799407$ & $0.0189826$ & $-0.00399538$ & $0.00437735$ & $-0.000442264$ & $-0.0190472$ & $-0.029167$ & $0.0238754$ & $0.00134353$ & $-0.00896089$ & $-0.0203193$ & $0.0250618$ & $-0.00852801$ & $0.0207946$ \\
CHG & $-0.0246704$ & $0.00696664$ & $-0.0170544$ & $-0.00860664$ & $0.00424577$ & $0.0216302$ & $1$ & $-0.103097$ & $-0.0496225$ & $0.0500439$ & $0.0627063$ & $-0.243449$ & $-0.305937$ & $0.0436071$ & $-0.034086$ & $-0.0235041$ & $0.076836$ & $0.0966257$ & $0.0897277$ & $-0.0600969$ & $-0.0642068$ & $-0.0640514$ & $-0.00631256$ & $0.0981727$ & $0.0945318$ & $0.0413172$ & $-0.0329875$ & $-0.0212578$ & $0.00402133$ & $-0.134077$ & $-0.0670192$ & $0.93559$ & $-0.165066$ & $-0.0546697$ & $-0.0586521$ & $-0.0497878$ & $0.0492702$ & $0.00780499$ & $-0.0127814$ & $-0.0156455$ & $-0.0139132$ & $0.0017633$ & $-0.00128872$ & $0.00280114$ & $-0.00391839$ & $-0.0180181$ & $0.000122764$ & $0.0129866$ & $-0.0168062$ \\
CHWB & $0.000151418$ & $-0.0917904$ & $-0.00188641$ & $-0.0173793$ & $-0.0234211$ & $-0.118811$ & $-0.103097$ & $1$ & $0.981211$ & $-0.558696$ & $-0.874991$ & $0.0772452$ & $0.343146$ & $0.102046$ & $0.294419$ & $0.2838$ & $-0.219443$ & $-0.423601$ & $-0.417652$ & $0.842779$ & $0.893588$ & $0.875884$ & $0.051377$ & $-0.652119$ & $-0.384819$ & $-0.486651$ & $0.423078$ & $0.301838$ & $-0.00788791$ & $0.118832$ & $0.0448572$ & $-0.0944621$ & $0.116701$ & $0.550296$ & $-0.00326334$ & $0.00140166$ & $0.00177417$ & $-0.0166014$ & $-0.0108235$ & $-0.0136178$ & $-0.00451637$ & $0.0117626$ & $-0.0220772$ & $0.00901198$ & $0.00816793$ & $-0.00825342$ & $-0.019189$ & $-0.00201451$ & $-0.00725689$ \\
CHWHB_gaga & $0.00995015$ & $-0.0813481$ & $-0.0110731$ & $-0.0169607$ & $-0.024349$ & $-0.111149$ & $-0.0496225$ & $0.981211$ & $1$ & $-0.544723$ & $-0.856484$ & $0.0874454$ & $0.33547$ & $0.0971793$ & $0.288199$ & $0.282497$ & $-0.221934$ & $-0.419214$ & $-0.416266$ & $0.825506$ & $0.874749$ & $0.857285$ & $0.0492464$ & $-0.643444$ & $-0.383135$ & $-0.474191$ & $0.413912$ & $0.294092$ & $0.00151521$ & $0.137973$ & $0.050802$ & $-0.0514295$ & $0.139672$ & $0.540048$ & $-0.0245204$ & $-0.0120565$ & $-0.000702214$ & $-0.0172658$ & $-0.0146299$ & $-0.0181259$ & $-0.00813673$ & $0.00589015$ & $0.0526682$ & $0.0159442$ & $0.00806244$ & $-0.00777776$ & $-0.0287949$ & $0.00457846$ & $-0.000190664$ \\
CHWHB_gagaorth & $-0.0042592$ & $0.026195$ & $-0.0082542$ & $0.0161442$ & $0.0206378$ & $0.00886479$ & $0.0500439$ & $-0.558696$ & $-0.544723$ & $1$ & $0.342339$ & $0.252388$ & $-0.222215$ & $0.226273$ & $-0.104511$ & $-0.0826814$ & $0.41241$ & $0.471355$ & $0.459741$ & $-0.324233$ & $-0.362218$ & $-0.354254$ & $-0.0361296$ & $0.547547$ & $0.456159$ & $0.188667$ & $-0.246325$ & $-0.11253$ & $0.00228337$ & $-0.121873$ & $-0.0487432$ & $0.0658335$ & $-0.126325$ & $-0.350718$ & $0.0413129$ & $0.0150499$ & $0.000847733$ & $0.0138199$ & $-0.0103428$ & $-0.00774666$ & $-0.0727214$ & $0.00234903$ & $0.0175534$ & $-0.0175221$ & $-0.0111036$ & $-0.00492196$ & $0.019651$ & $-0.018238$ & $-0.00324871$ \\
CHD & $-0.0105867$ & $0.0644122$ & $0.00594295$ & $0.0290402$ & $0.0244423$ & $0.179262$ & $0.0627063$ & $-0.874991$ & $-0.856484$ & $0.342339$ & $1$ & $0.0761895$ & $-0.159298$ & $-0.523137$ & $-0.430634$ & $-0.420886$ & $-0.24408$ & $0.0510477$ & $0.042603$ & $-0.989862$ & $-0.990756$ & $-0.969161$ & $0.00376265$ & $0.272341$ & $-0.000991177$ & $0.547631$ & $-0.280816$ & $-0.339995$ & $0.0161817$ & $-0.0706146$ & $-0.0292291$ & $0.0663246$ & $-0.0622957$ & $-0.340987$ & $0.0240434$ & $0.0154972$ & $-0.000418043$ & $0.00604965$ & $0.0106803$ & $0.0131652$ & $0.019277$ & $-0.0221936$ & $0.0262914$ & $-0.0101705$ & $0.000747408$ & $-0.000534514$ & $0.0128381$ & $0.00180609$ & $0.0178894$ \\
CHbox & $-0.0152038$ & $0.000251931$ & $-0.032275$ & $0.0103686$ & $-0.00984724$ & $0.0408027$ & $-0.243449$ & $0.0772452$ & $0.0874454$ & $0.252388$ & $0.0761895$ & $1$ & $0.767638$ & $-0.283191$ & $0.014537$ & $0.041232$ & $-0.315134$ & $-0.292487$ & $-0.315233$ & $-0.0649681$ & $-0.0751978$ & $-0.0682141$ & $0.0093162$ & $-0.211989$ & $-0.296076$ & $0.0434625$ & $-0.0148843$ & $-0.0166838$ & $0.0540693$ & $0.338345$ & $0.118716$ & $-0.144872$ & $0.378782$ & $0.0419931$ & $0.101754$ & $0.0644698$ & $-0.0158863$ & $-0.0106609$ & $-0.0242626$ & $-0.0157001$ & $-0.0392717$ & $0.00568706$ & $-0.0100467$ & $-0.00256248$ & $0.0187445$ & $-0.00701367$ & $0.00839301$ & $-0.0292041$ & $0.0110321$ \\
CH & $-0.00269195$ & $-0.00210347$ & $-0.0275714$ & $-0.00836108$ & $-0.0200079$ & $0.00416887$ & $-0.305937$ & $0.343146$ & $0.33547$ & $-0.222215$ & $-0.159298$ & $0.767638$ & $1$ & $-0.250771$ & $0.0572803$ & $0.0699108$ & $-0.353305$ & $-0.379369$ & $-0.393571$ & $0.152463$ & $0.170823$ & $0.172506$ & $0.0328746$ & $-0.391474$ & $-0.37658$ & $-0.0900578$ & $0.135616$ & $0.0691574$ & $0.0330329$ & $0.283848$ & $0.124633$ & $-0.244799$ & $0.325741$ & $0.224535$ & $0.0489782$ & $0.059666$ & $-0.00868406$ & $-0.0209436$ & $-0.00949732$ & $-0.011633$ & $0.01163$ & $0.00252632$ & $-0.0117052$ & $0.00463499$ & $0.00265882$ & $-0.0148847$ & $-0.007635$ & $-0.0100647$ & $0.0132219$ \\
CHL1_11 & $0.0115134$ & $0.00188925$ & $0.0129271$ & $-0.026174$ & $0.0182378$ & $0.0185504$ & $0.0436071$ & $0.102046$ & $0.0971793$ & $0.226273$ & $-0.523137$ & $-0.283191$ & $-0.250771$ & $1$ & $0.292614$ & $0.294043$ & $0.665674$ & $0.598676$ & $0.601907$ & $0.54462$ & $0.481823$ & $0.468534$ & $-0.0731198$ & $0.486659$ & $0.600644$ & $-0.287164$ & $-0.110297$ & $0.176373$ & $-0.0257458$ & $-0.0545428$ & $-0.01426$ & $0.0201209$ & $-0.0686874$ & $-0.230143$ & $-0.0475768$ & $-0.0264572$ & $0.00654078$ & $0.0171059$ & $-0.00231521$ & $-0.00206249$ & $-0.035235$ & $0.0194202$ & $-0.0162699$ & $0.00804174$ & $-0.0175396$ & $0.00701$ & $0.00283287$ & $0.00604729$ & $-0.0276897$ \\
CHL1_22 & $0.0109401$ & $-0.0244069$ & $-0.0129679$ & $0.00364151$ & $0.0169516$ & $-0.0783449$ & $-0.034086$ & $0.294419$ & $0.288199$ & $-0.104511$ & $-0.430634$ & $0.014537$ & $0.0572803$ & $0.292614$ & $1$ & $0.450705$ & $0.196057$ & $-0.429051$ & $-0.00471499$ & $0.497837$ & $0.345327$ & $0.333716$ & $-0.185513$ & $0.135754$ & $-0.116942$ & $-0.191961$ & $-0.406693$ & $0.118811$ & $-0.00115612$ & $0.0372782$ & $0.0105668$ & $-0.0253596$ & $0.0269528$ & $-0.605865$ & $0.00594928$ & $-0.00518728$ & $-0.0316503$ & $0.00129858$ & $0.0073349$ & $0.00268621$ & $-0.0216137$ & $0.0120568$ & $0.00995614$ & $-0.00754189$ & $-0.00261834$ & $-0.00597539$ & $0.00106822$ & $-0.0103885$ & $-0.00665197$ \\
CHL1_33 & $0.011068$ & $-0.016003$ & $0.0108729$ & $-0.00619007$ & $0.00580826$ & $-0.0929846$ & $-0.0235041$ & $0.2838$ & $0.282497$ & $-0.0826814$ & $-0.420886$ & $0.041232$ & $0.0699108$ & $0.294043$ & $0.450705$ & $1$ & $0.197334$ & $0.00176256$ & $-0.401727$ & $0.487067$ & $0.339305$ & $0.353422$ & $-0.186489$ & $0.142868$ & $-0.0984442$ & $-0.1815$ & $-0.388552$ & $0.110971$ & $0.000968359$ & $0.0329311$ & $0.0155885$ & $-0.0178635$ & $0.0287657$ & $-0.120126$ & $0.00063503$ & $0.00510354$ & $-0.0171855$ & $-0.00913388$ & $-0.00731404$ & $0.00549654$ & $-0.025065$ & $0.0150543$ & $-0.00821465$ & $0.00348586$ & $0.0141161$ & $0.0172092$ & $0.00536485$ & $-0.0164624$ & $-0.0127516$ \\
CHL3_11 & $-0.00611553$ & $0.0255005$ & $0.0131262$ & $-0.0250713$ & $0.00205401$ & $-0.263993$ & $0.076836$ & $-0.219443$ & $-0.221934$ & $0.41241$ & $-0.24408$ & $-0.315134$ & $-0.353305$ & $0.665674$ & $0.196057$ & $0.197334$ & $1$ & $0.727349$ & $0.733164$ & $0.270608$ & $0.208964$ & $0.200575$ & $-0.0715041$ & $0.684056$ & $0.772296$ & $-0.124828$ & $-0.164662$ & $0.0770612$ & $-0.0128558$ & $-0.100133$ & $-0.0326997$ & $0.0516605$ & $-0.110937$ & $-0.258632$ & $-0.0341808$ & $-0.0394647$ & $0.000674291$ & $0.0179087$ & $0.0107796$ & $-0.000140687$ & $-0.0267529$ & $0.0195604$ & $-0.0175996$ & $0.00435556$ & $-0.0185584$ & $0.0218649$ & $0.00814877$ & $-0.00586693$ & $-0.0199912$ \\
CHL3_22 & $-0.00509799$ & $0.036228$ & $0.0222004$ & $-0.0235484$ & $0.000140714$ & $-0.0561189$ & $0.0966257$ & $-0.423601$ & $-0.419214$ & $0.471355$ & $0.0510477$ & $-0.292487$ & $-0.379369$ & $0.598676$ & $-0.429051$ & $0.00176256$ & $0.727349$ & $1$ & $0.669891$ & $-0.050748$ & $-0.0467566$ & $-0.0439565$ & $0.0174492$ & $0.619763$ & $0.794221$ & $0.0127724$ & $-0.0031796$ & $-0.00830089$ & $-0.0146652$ & $-0.115516$ & $-0.03602$ & $0.0679944$ & $-0.120621$ & $0.0346777$ & $-0.0411194$ & $-0.0252918$ & $0.0230268$ & $0.0196398$ & $-0.00249158$ & $-0.00151032$ & $-0.0171846$ & $0.0118274$ & $-0.0203515$ & $0.00779476$ & $-0.0143349$ & $0.0206696$ & $0.00931067$ & $0.00468388$ & $-0.0170619$ \\
CHL3_33 & $-0.00221678$ & $0.0305175$ & $0.00454415$ & $-0.0137979$ & $0.00941754$ & $-0.0470793$ & $0.0897277$ & $-0.417652$ & $-0.416266$ & $0.459741$ & $0.042603$ & $-0.315233$ & $-0.393571$ & $0.601907$ & $-0.00471499$ & $-0.401727$ & $0.733164$ & $0.669891$ & $1$ & $-0.0411205$ & $-0.0396424$ & $-0.0355133$ & $0.0193157$ & $0.618053$ & $0.791379$ & $0.00355845$ & $-0.0110903$ & $-0.00129229$ & $-0.0148916$ & $-0.113248$ & $-0.0410816$ & $0.0630056$ & $-0.123951$ & $-0.345585$ & $-0.0399274$ & $-0.0368019$ & $0.0149592$ & $0.0259071$ & $0.00793693$ & $-0.00759108$ & $-0.0172183$ & $0.00955568$ & $-0.00369902$ & $-0.0025477$ & $-0.0265543$ & $0.00259928$ & $0.00716638$ & $0.00885937$ & $-0.0161941$ \\
CHe_11 & $0.000361373$ & $-0.0397969$ & $-0.00118379$ & $-0.0267713$ & $-0.0150932$ & $-0.175281$ & $-0.0600969$ & $0.842779$ & $0.825506$ & $-0.324233$ & $-0.989862$ & $-0.0649681$ & $0.152463$ & $0.54462$ & $0.497837$ & $0.487067$ & $0.270608$ & $-0.050748$ & $-0.0411205$ & $1$ & $0.971638$ & $0.950878$ & $-0.0300686$ & $-0.213985$ & $0.0107104$ & $-0.53655$ & $0.20208$ & $0.331203$ & $-0.0157982$ & $0.0702639$ & $0.0288863$ & $-0.0618496$ & $0.0602292$ & $0.25776$ & $-0.0214534$ & $-0.0144302$ & $-0.00393045$ & $-0.00417415$ & $-0.0127158$ & $-0.012285$ & $-0.0210054$ & $0.0238458$ & $-0.0249534$ & $0.0112091$ & $0.000633595$ & $0.00291998$ & $-0.0117311$ & $-0.00520344$ & $-0.0201638$ \\
CHe_22 & $-0.00156574$ & $-0.0389253$ & $0.00110171$ & $-0.0295097$ & $-0.01771$ & $-0.179381$ & $-0.0642068$ & $0.893588$ & $0.874749$ & $-0.362218$ & $-0.990756$ & $-0.0751978$ & $0.170823$ & $0.481823$ & $0.345327$ & $0.339305$ & $0.208964$ & $-0.0467566$ & $-0.0396424$ & $0.971638$ & $1$ & $0.974864$ & $0.0261546$ & $-0.330835$ & $-0.00469496$ & $-0.551242$ & $0.364041$ & $0.34145$ & $-0.0175884$ & $0.07242$ & $0.0305488$ & $-0.0681383$ & $0.0639557$ & $0.430392$ & $-0.0228059$ & $-0.016793$ & $0.00209606$ & $-0.00868265$ & $-0.0109621$ & $-0.0142068$ & $-0.0154813$ & $0.0204162$ & $-0.0264144$ & $0.0152648$ & $-0.00235892$ & $0.00218335$ & $-0.0148885$ & $-0.00230414$ & $-0.0193863$ \\
CHe_33 & $0.00131811$ & $-0.0380663$ & $0.00475219$ & $-0.0308159$ & $-0.0163348$ & $-0.178153$ & $-0.0640514$ & $0.875884$ & $0.857285$ & $-0.354254$ & $-0.969161$ & $-0.0682141$ & $0.172506$ & $0.468534$ & $0.333716$ & $0.353422$ & $0.200575$ & $-0.0439565$ & $-0.0355133$ & $0.950878$ & $0.974864$ & $1$ & $0.0262958$ & $-0.326294$ & $-0.00409047$ & $-0.538916$ & $0.360489$ & $0.335299$ & $-0.018721$ & $0.0712616$ & $0.027318$ & $-0.0680473$ & $0.0639688$ & $0.4278$ & $-0.0273552$ & $-0.0131592$ & $0.00773166$ & $-0.00531511$ & $-0.0121202$ & $-0.0156702$ & $-0.0181615$ & $0.0226985$ & $-0.0224419$ & $0.0118835$ & $-0.000395722$ & $-0.00106833$ & $-0.0172115$ & $-0.00142535$ & $-0.0210141$ \\
CHQ1_11 & $-0.0166691$ & $0.019403$ & $-0.00301257$ & $-0.0016934$ & $-0.00756046$ & $-0.0135153$ & $-0.00631256$ & $0.051377$ & $0.0492464$ & $-0.0361296$ & $0.00376265$ & $0.0093162$ & $0.0328746$ & $-0.0731198$ & $-0.185513$ & $-0.186489$ & $-0.0715041$ & $0.0174492$ & $0.0193157$ & $-0.0300686$ & $0.0261546$ & $0.0262958$ & $1$ & $-0.13753$ & $0.0852196$ & $-0.679968$ & $0.338478$ & $0.00404379$ & $-0.0106103$ & $-0.0153283$ & $-0.00187806$ & $-0.000399179$ & $0.0117098$ & $0.200358$ & $0.0304584$ & $0.0077239$ & $-0.000190418$ & $-0.0187556$ & $-0.019652$ & $-0.0149402$ & $0.00249731$ & $-0.0116064$ & $0.00241259$ & $0.0107948$ & $0.00755455$ & $-0.0180138$ & $-0.0276063$ & $0.019581$ & $0.0126948$ \\
CHQ1_33 & $-0.0619666$ & $0.0415485$ & $0.0187707$ & $0.00134107$ & $0.0208334$ & $-0.00589415$ & $0.0981727$ & $-0.652119$ & $-0.643444$ & $0.547547$ & $0.272341$ & $-0.211989$ & $-0.391474$ & $0.486659$ & $0.135754$ & $0.142868$ & $0.684056$ & $0.619763$ & $0.618053$ & $-0.213985$ & $-0.330835$ & $-0.326294$ & $-0.13753$ & $1$ & $0.642843$ & $0.179478$ & $-0.426399$ & $-0.00612908$ & $0.000780304$ & $-0.120576$ & $-0.0406444$ & $0.0789332$ & $-0.134346$ & $-0.630045$ & $-0.0275722$ & $-0.0134212$ & $-0.00562849$ & $0.0189822$ & $0.00883861$ & $-0.00521176$ & $-0.0152127$ & $0.00901905$ & $-0.012667$ & $0.00541362$ & $-0.0144771$ & $0.0201048$ & $0.0259898$ & $-0.0141119$ & $-0.0203335$ \\
CHQ3_11 & $-0.123221$ & $0.0214065$ & $0.0299837$ & $-0.0166307$ & $0.005784$ & $-0.0935224$ & $0.0945318$ & $-0.384819$ & $-0.383135$ & $0.456159$ & $-0.000991177$ & $-0.296076$ & $-0.37658$ & $0.600644$ & $-0.116942$ & $-0.0984442$ & $0.772296$ & $0.794221$ & $0.791379$ & $0.0107104$ & $-0.00469496$ & $-0.00409047$ & $0.0852196$ & $0.642843$ & $1$ & $-0.00454295$ & $0.205404$ & $0.000107328$ & $-0.0170302$ & $-0.117692$ & $-0.0304999$ & $0.0682043$ & $-0.126985$ & $-0.194477$ & $-0.0172797$ & $-0.0276812$ & $0.0136725$ & $0.0140187$ & $0.00801652$ & $-0.0107897$ & $-0.0168352$ & $0.0122964$ & $-0.0342137$ & $0.00959786$ & $-0.0183006$ & $0.00904373$ & $0.0172102$ & $-0.00618903$ & $-0.0243447$ \\
CHu_11 & $-0.01972$ & $-0.000578399$ & $0.0106279$ & $0.00993717$ & $0.00357583$ & $0.0982376$ & $0.0413172$ & $-0.486651$ & $-0.474191$ & $0.188667$ & $0.547631$ & $0.0434625$ & $-0.0900578$ & $-0.287164$ & $-0.191961$ & $-0.1815$ & $-0.124828$ & $0.0127724$ & $0.00355845$ & $-0.53655$ & $-0.551242$ & $-0.538916$ & $-0.679968$ & $0.179478$ & $-0.00454295$ & $1$ & $-0.164622$ & $-0.187048$ & $0.0152037$ & $-0.0253481$ & $-0.00325226$ & $0.0395857$ & $-0.0354538$ & $-0.230798$ & $-0.00463265$ & $-0.0027273$ & $0.0110071$ & $0.0198837$ & $0.0302439$ & $0.00940243$ & $0.00758937$ & $-0.00726056$ & $0.011314$ & $-0.00572326$ & $-0.00559245$ & $0.0175977$ & $0.0303336$ & $-0.0105039$ & $0.00719215$ \\
CHd_11 & $-0.0386879$ & $-0.0237139$ & $0.013134$ & $-0.0237467$ & $-0.0261373$ & $-0.0707487$ & $-0.0329875$ & $0.423078$ & $0.413912$ & $-0.246325$ & $-0.280816$ & $-0.0148843$ & $0.135616$ & $-0.110297$ & $-0.406693$ & $-0.388552$ & $-0.164662$ & $-0.0031796$ & $-0.0110903$ & $0.20208$ & $0.364041$ & $0.360489$ & $0.338478$ & $-0.426399$ & $0.205404$ & $-0.164622$ & $1$ & $0.104045$ & $-0.0133703$ & $0.0282075$ & $0.0189922$ & $-0.0364404$ & $0.0344356$ & $0.691175$ & $0.0112407$ & $-0.00831579$ & $0.0188186$ & $-0.0165619$ & $-0.00321011$ & $-0.0312282$ & $0.0209044$ & $-0.00168693$ & $-0.0237476$ & $0.021392$ & $-0.00634092$ & $-0.0130234$ & $-0.0104098$ & $0.00188944$ & $-0.0063296$ \\
CHd_33 & $-0.00302914$ & $-0.00136908$ & $0.0193174$ & $-0.0154556$ & $-0.0126892$ & $-0.0500161$ & $-0.0212578$ & $0.301838$ & $0.294092$ & $-0.11253$ & $-0.339995$ & $-0.0166838$ & $0.0691574$ & $0.176373$ & $0.118811$ & $0.110971$ & $0.0770612$ & $-0.00830089$ & $-0.00129229$ & $0.331203$ & $0.34145$ & $0.335299$ & $0.00404379$ & $-0.00612908$ & $0.000107328$ & $-0.187048$ & $0.104045$ & $1$ & $-0.0115089$ & $0.00917861$ & $-0.00501271$ & $-0.0254187$ & $0.00562393$ & $0.143283$ & $-0.00832309$ & $-0.00179192$ & $0.0246779$ & $-0.00245439$ & $-0.00132167$ & $-0.0235457$ & $-0.0231514$ & $0.0152652$ & $-0.0140967$ & $0.0355343$ & $-0.00808681$ & $0.00374264$ & $-0.00351887$ & $-0.0061904$ & $-0.00344963$ \\
CeH_22r & $-0.0237898$ & $-0.0363233$ & $-0.00504242$ & $-0.00371005$ & $0.00297911$ & $-0.018665$ & $0.00402133$ & $-0.00788791$ & $0.00151521$ & $0.00228337$ & $0.0161817$ & $0.0540693$ & $0.0330329$ & $-0.0257458$ & $-0.00115612$ & $0.000968359$ & $-0.0128558$ & $-0.0146652$ & $-0.0148916$ & $-0.0157982$ & $-0.0175884$ & $-0.018721$ & $-0.0106103$ & $0.000780304$ & $-0.0170302$ & $0.0152037$ & $-0.0133703$ & $-0.0115089$ & $1$ & $0.0651551$ & $0.0387147$ & $-0.00731434$ & $0.0532866$ & $-0.00672383$ & $-0.0292771$ & $-0.0293954$ & $0.011818$ & $-0.0265981$ & $0.00904683$ & $0.0178465$ & $-0.000460767$ & $0.0237812$ & $0.000762561$ & $0.035007$ & $0.02632$ & $-0.00698848$ & $0.0138989$ & $-0.00194716$ & $0.00768673$ \\
CeH_33r & $0.00931835$ & $-0.00416839$ & $-0.0218335$ & $0.00660231$ & $-0.00308011$ & $0.00908678$ & $-0.134077$ & $0.118832$ & $0.137973$ & $-0.121873$ & $-0.0706146$ & $0.338345$ & $0.283848$ & $-0.0545428$ & $0.0372782$ & $0.0329311$ & $-0.100133$ & $-0.115516$ & $-0.113248$ & $0.0702639$ & $0.07242$ & $0.0712616$ & $-0.0153283$ & $-0.120576$ & $-0.117692$ & $-0.0253481$ & $0.0282075$ & $0.00917861$ & $0.0651551$ & $1$ & $0.300567$ & $0.0122$ & $0.634612$ & $0.0591341$ & $-0.0428125$ & $-0.0251348$ & $-0.161773$ & $-0.0304432$ & $-0.00680551$ & $-0.0158239$ & $0.00533098$ & $0.0111941$ & $-0.0250642$ & $-0.0291663$ & $0.0707146$ & $-0.00427837$ & $-0.00765479$ & $-0.0305205$ & $0.0221442$ \\
CuH_22r & $-0.0413414$ & $-0.0053175$ & $0.00195516$ & $0.0111144$ & $-0.00705896$ & $0.0123085$ & $-0.0670192$ & $0.0448572$ & $0.050802$ & $-0.0487432$ & $-0.0292291$ & $0.118716$ & $0.124633$ & $-0.01426$ & $0.0105668$ & $0.0155885$ & $-0.0326997$ & $-0.03602$ & $-0.0410816$ & $0.0288863$ & $0.0305488$ & $0.027318$ & $-0.00187806$ & $-0.0406444$ & $-0.0304999$ & $-0.00325226$ & $0.0189922$ & $-0.00501271$ & $0.0387147$ & $0.300567$ & $1$ & $0.0217028$ & $0.319551$ & $0.0243369$ & $0.0101966$ & $-0.0284958$ & $-0.0626473$ & $-0.00187913$ & $-0.0269841$ & $-0.0171385$ & $-0.0237656$ & $-0.00440691$ & $-0.0311636$ & $-0.00804525$ & $0.0196049$ & $0.0822241$ & $0.372254$ & $0.00931335$ & $0.000413973$ \\
CuH_33r & $-0.0207561$ & $0.00729058$ & $-0.0215585$ & $-0.00567984$ & $0.00820145$ & $0.0241227$ & $0.93559$ & $-0.0944621$ & $-0.0514295$ & $0.0658335$ & $0.0663246$ & $-0.144872$ & $-0.244799$ & $0.0201209$ & $-0.0253596$ & $-0.0178635$ & $0.0516605$ & $0.0679944$ & $0.0630056$ & $-0.0618496$ & $-0.0681383$ & $-0.0680473$ & $-0.000399179$ & $0.0789332$ & $0.0682043$ & $0.0395857$ & $-0.0364404$ & $-0.0254187$ & $-0.00731434$ & $0.0122$ & $0.0217028$ & $1$ & $0.00296803$ & $-0.0556611$ & $0.0299167$ & $-0.0140351$ & $0.000914534$ & $0.0112394$ & $-0.0162762$ & $-0.0183855$ & $-0.0233884$ & $0.00202293$ & $-0.00844495$ & $-0.00374122$ & $-0.00342761$ & $-0.0242306$ & $0.0114679$ & $-0.00252651$ & $-0.0150384$ \\
CdH_33r & $0.0361409$ & $-0.00175724$ & $-0.0526774$ & $0.000345744$ & $-0.0113785$ & $0.0102947$ & $-0.165066$ & $0.116701$ & $0.139672$ & $-0.126325$ & $-0.0622957$ & $0.378782$ & $0.325741$ & $-0.0686874$ & $0.0269528$ & $0.0287657$ & $-0.110937$ & $-0.120621$ & $-0.123951$ & $0.0602292$ & $0.0639557$ & $0.0639688$ & $0.0117098$ & $-0.134346$ & $-0.126985$ & $-0.0354538$ & $0.0344356$ & $0.00562393$ & $0.0532866$ & $0.634612$ & $0.319551$ & $0.00296803$ & $1$ & $0.0673445$ & $-0.0729177$ & $-0.0486734$ & $-0.182357$ & $-0.0356565$ & $-0.0307421$ & $-0.0180067$ & $-0.0397031$ & $0.0222676$ & $0.031711$ & $0.0310191$ & $0.0225641$ & $0.0300148$ & $-0.0230594$ & $0.129292$ & $0.506699$ \\
CLL_1221 & $-0.0131788$ & $0.00891812$ & $0.00590481$ & $-0.0214018$ & $-0.0395624$ & $-0.11409$ & $-0.0546697$ & $0.550296$ & $0.540048$ & $-0.350718$ & $-0.340987$ & $0.0419931$ & $0.224535$ & $-0.230143$ & $-0.605865$ & $-0.120126$ & $-0.258632$ & $0.0346777$ & $-0.345585$ & $0.25776$ & $0.430392$ & $0.4278$ & $0.200358$ & $-0.630045$ & $-0.194477$ & $-0.230798$ & $0.691175$ & $0.143283$ & $-0.00672383$ & $0.0591341$ & $0.0243369$ & $-0.0556611$ & $0.0673445$ & $1$ & $-0.00291635$ & $-0.000362114$ & $0.0223593$ & $-0.0176217$ & $-0.00973831$ & $-0.0116412$ & $0.0176732$ & $-0.000782902$ & $-0.0217515$ & $0.0197254$ & $0.00659932$ & $0.00268837$ & $-0.0184991$ & $0.00163251$ & $0.000147464$ \\
eHggint & $-0.00564619$ & $0.0111262$ & $-0.00910116$ & $0.0398781$ & $0.000651906$ & $0.00145928$ & $-0.0586521$ & $-0.00326334$ & $-0.0245204$ & $0.0413129$ & $0.0240434$ & $0.101754$ & $0.0489782$ & $-0.0475768$ & $0.00594928$ & $0.00063503$ & $-0.0341808$ & $-0.0411194$ & $-0.0399274$ & $-0.0214534$ & $-0.0228059$ & $-0.0273552$ & $0.0304584$ & $-0.0275722$ & $-0.0172797$ & $-0.00463265$ & $0.0112407$ & $-0.00832309$ & $-0.0292771$ & $-0.0428125$ & $0.0101966$ & $0.0299167$ & $-0.0729177$ & $-0.00291635$ & $1$ & $-0.0570878$ & $-0.0360841$ & $0.0366295$ & $-0.0330614$ & $0.0119946$ & $-0.101869$ & $0.0119913$ & $-0.0251067$ & $-0.0498159$ & $0.0266294$ & $0.00820374$ & $0.070911$ & $-0.055773$ & $-0.0304658$ \\
eHggpar & $-0.0374281$ & $-0.0298752$ & $0.0196907$ & $-0.0563073$ & $-0.0032713$ & $0.00799407$ & $-0.0497878$ & $0.00140166$ & $-0.0120565$ & $0.0150499$ & $0.0154972$ & $0.0644698$ & $0.059666$ & $-0.0264572$ & $-0.00518728$ & $0.00510354$ & $-0.0394647$ & $-0.0252918$ & $-0.0368019$ & $-0.0144302$ & $-0.016793$ & $-0.0131592$ & $0.0077239$ & $-0.0134212$ & $-0.0276812$ & $-0.0027273$ & $-0.00831579$ & $-0.00179192$ & $-0.0293954$ & $-0.0251348$ & $-0.0284958$ & $-0.0140351$ & $-0.0486734$ & $-0.000362114$ & $-0.0570878$ & $1$ & $-0.00858047$ & $-0.0140244$ & $-0.0464182$ & $-0.00945387$ & $0.0387028$ & $-0.0102963$ & $-0.0328083$ & $0.0597527$ & $-0.00515726$ & $-0.0399111$ & $-0.0397627$ & $0.0458475$ & $-0.0749102$ \\
eHWWint & $-0.0168888$ & $-0.0798388$ & $0.040183$ & $-0.0922159$ & $-0.0116258$ & $0.0189826$ & $0.0492702$ & $0.00177417$ & $-0.000702214$ & $0.000847733$ & $-0.000418043$ & $-0.0158863$ & $-0.00868406$ & $0.00654078$ & $-0.0316503$ & $-0.0171855$ & $0.000674291$ & $0.0230268$ & $0.0149592$ & $-0.00393045$ & $0.00209606$ & $0.00773166$ & $-0.000190418$ & $-0.00562849$ & $0.0136725$ & $0.0110071$ & $0.0188186$ & $0.0246779$ & $0.011818$ & $-0.161773$ & $-0.0626473$ & $0.000914534$ & $-0.182357$ & $0.0223593$ & $-0.0360841$ & $-0.00858047$ & $1$ & $0.00688893$ & $-0.0717652$ & $-0.0164791$ & $-0.0449214$ & $-0.00983368$ & $0.0414964$ & $0.0258458$ & $0.0563914$ & $0.018002$ & $0.0947729$ & $0.124959$ & $-0.0057387$ \\
eHWWpar & $0.0103181$ & $-0.0268298$ & $0.00572885$ & $-0.0434473$ & $0.001469$ & $-0.00399538$ & $0.00780499$ & $-0.0166014$ & $-0.0172658$ & $0.0138199$ & $0.00604965$ & $-0.0106609$ & $-0.0209436$ & $0.0171059$ & $0.00129858$ & $-0.00913388$ & $0.0179087$ & $0.0196398$ & $0.0259071$ & $-0.00417415$ & $-0.00868265$ & $-0.00531511$ & $-0.0187556$ & $0.0189822$ & $0.0140187$ & $0.0198837$ & $-0.0165619$ & $-0.00245439$ & $-0.0265981$ & $-0.0304432$ & $-0.00187913$ & $0.0112394$ & $-0.0356565$ & $-0.0176217$ & $0.0366295$ & $-0.0140244$ & $0.00688893$ & $1$ & $0.0101843$ & $0.0295669$ & $-0.00645028$ & $0.0255826$ & $-0.018578$ & $-0.0200592$ & $-0.0289254$ & $-0.00485834$ & $-0.0245106$ & $-0.00610749$ & $-0.0178339$ \\
eHZZint & $-0.0239951$ & $-0.00728794$ & $0.129362$ & $-0.0592204$ & $-0.00455866$ & $0.00437735$ & $-0.0127814$ & $-0.0108235$ & $-0.0146299$ & $-0.0103428$ & $0.0106803$ & $-0.0242626$ & $-0.00949732$ & $-0.00231521$ & $0.0073349$ & $-0.00731404$ & $0.0107796$ & $-0.00249158$ & $0.00793693$ & $-0.0127158$ & $-0.0109621$ & $-0.0121202$ & $-0.019652$ & $0.00883861$ & $0.00801652$ & $0.0302439$ & $-0.00321011$ & $-0.00132167$ & $0.00904683$ & $-0.00680551$ & $-0.0269841$ & $-0.0162762$ & $-0.0307421$ & $-0.00973831$ & $-0.0330614$ & $-0.0464182$ & $-0.0717652$ & $0.0101843$ & $1$ & $0.0201339$ & $-0.0191866$ & $-0.0223883$ & $0.00129114$ & $0.0757433$ & $-0.0174071$ & $0.0318336$ & $-0.0172698$ & $0.0179283$ & $-0.0170686$ \\
eHZZpar & $-0.00467422$ & $0.0247817$ & $0.033182$ & $-0.00610728$ & $0.0145869$ & $-0.000442264$ & $-0.0156455$ & $-0.0136178$ & $-0.0181259$ & $-0.00774666$ & $0.0131652$ & $-0.0157001$ & $-0.011633$ & $-0.00206249$ & $0.00268621$ & $0.00549654$ & $-0.000140687$ & $-0.00151032$ & $-0.00759108$ & $-0.012285$ & $-0.0142068$ & $-0.0156702$ & $-0.0149402$ & $-0.00521176$ & $-0.0107897$ & $0.00940243$ & $-0.0312282$ & $-0.0235457$ & $0.0178465$ & $-0.0158239$ & $-0.0171385$ & $-0.0183855$ & $-0.0180067$ & $-0.0116412$ & $0.0119946$ & $-0.00945387$ & $-0.0164791$ & $0.0295669$ & $0.0201339$ & $1$ & $-0.0199765$ & $-0.0119176$ & $-0.0127788$ & $-0.02497$ & $0.0126885$ & $0.0144482$ & $-0.0344122$ & $-0.0152371$ & $0.00797929$ \\
eHZgaint & $0.0188121$ & $0.0526578$ & $0.0355761$ & $0.0188866$ & $-0.0103601$ & $-0.0190472$ & $-0.0139132$ & $-0.00451637$ & $-0.00813673$ & $-0.0727214$ & $0.019277$ & $-0.0392717$ & $0.01163$ & $-0.035235$ & $-0.0216137$ & $-0.025065$ & $-0.0267529$ & $-0.0171846$ & $-0.0172183$ & $-0.0210054$ & $-0.0154813$ & $-0.0181615$ & $0.00249731$ & $-0.0152127$ & $-0.0168352$ & $0.00758937$ & $0.0209044$ & $-0.0231514$ & $-0.000460767$ & $0.00533098$ & $-0.0237656$ & $-0.0233884$ & $-0.0397031$ & $0.0176732$ & $-0.101869$ & $0.0387028$ & $-0.0449214$ & $-0.00645028$ & $-0.0191866$ & $-0.0199765$ & $1$ & $0.00177631$ & $-0.0468794$ & $0.0525977$ & $-0.0662075$ & $-0.0113876$ & $-0.0885716$ & $0.0578412$ & $-0.11503$ \\
eHZgapar & $0.00377618$ & $-0.00778893$ & $-0.0209298$ & $0.00356502$ & $-0.00467992$ & $-0.029167$ & $0.0017633$ & $0.0117626$ & $0.00589015$ & $0.00234903$ & $-0.0221936$ & $0.00568706$ & $0.00252632$ & $0.0194202$ & $0.0120568$ & $0.0150543$ & $0.0195604$ & $0.0118274$ & $0.00955568$ & $0.0238458$ & $0.0204162$ & $0.0226985$ & $-0.0116064$ & $0.00901905$ & $0.0122964$ & $-0.00726056$ & $-0.00168693$ & $0.0152652$ & $0.0237812$ & $0.0111941$ & $-0.00440691$ & $0.00202293$ & $0.0222676$ & $-0.000782902$ & $0.0119913$ & $-0.0102963$ & $-0.00983368$ & $0.0255826$ & $-0.0223883$ & $-0.0119176$ & $0.00177631$ & $1$ & $-0.0252137$ & $0.0163274$ & $0.0130404$ & $-0.0130363$ & $0.00970362$ & $0.0213749$ & $0.0224541$ \\
eHgagaint & $0.151009$ & $0.100186$ & $-0.0513622$ & $-0.0306869$ & $0.0169657$ & $0.0238754$ & $-0.00128872$ & $-0.0220772$ & $0.0526682$ & $0.0175534$ & $0.0262914$ & $-0.0100467$ & $-0.0117052$ & $-0.0162699$ & $0.00995614$ & $-0.00821465$ & $-0.0175996$ & $-0.0203515$ & $-0.00369902$ & $-0.0249534$ & $-0.0264144$ & $-0.0224419$ & $0.00241259$ & $-0.012667$ & $-0.0342137$ & $0.011314$ & $-0.0237476$ & $-0.0140967$ & $0.000762561$ & $-0.0250642$ & $-0.0311636$ & $-0.00844495$ & $0.031711$ & $-0.0217515$ & $-0.0251067$ & $-0.0328083$ & $0.0414964$ & $-0.018578$ & $0.00129114$ & $-0.0127788$ & $-0.0468794$ & $-0.0252137$ & $1$ & $0.0764803$ & $-0.0326832$ & $-0.0245413$ & $-0.0830588$ & $0.0832438$ & $0.0810739$ \\
eHmumuint & $-0.0134056$ & $0.0713894$ & $-0.00640393$ & $-0.0740206$ & $-0.00367877$ & $0.00134353$ & $0.00280114$ & $0.00901198$ & $0.0159442$ & $-0.0175221$ & $-0.0101705$ & $-0.00256248$ & $0.00463499$ & $0.00804174$ & $-0.00754189$ & $0.00348586$ & $0.00435556$ & $0.00779476$ & $-0.0025477$ & $0.0112091$ & $0.0152648$ & $0.0118835$ & $0.0107948$ & $0.00541362$ & $0.00959786$ & $-0.00572326$ & $0.021392$ & $0.0355343$ & $0.035007$ & $-0.0291663$ & $-0.00804525$ & $-0.00374122$ & $0.0310191$ & $0.0197254$ & $-0.0498159$ & $0.0597527$ & $0.0258458$ & $-0.0200592$ & $0.0757433$ & $-0.02497$ & $0.0525977$ & $0.0163274$ & $0.0764803$ & $1$ & $-0.113277$ & $0.0654473$ & $-0.078597$ & $0.0607161$ & $0.0341363$ \\
eHtautauint & $-0.0326898$ & $-0.0209166$ & $-0.0215138$ & $0.0729312$ & $0.0194568$ & $-0.00896089$ & $-0.00391839$ & $0.00816793$ & $0.00806244$ & $-0.0111036$ & $0.000747408$ & $0.0187445$ & $0.00265882$ & $-0.0175396$ & $-0.00261834$ & $0.0141161$ & $-0.0185584$ & $-0.0143349$ & $-0.0265543$ & $0.000633595$ & $-0.00235892$ & $-0.000395722$ & $0.00755455$ & $-0.0144771$ & $-0.0183006$ & $-0.00559245$ & $-0.00634092$ & $-0.00808681$ & $0.02632$ & $0.0707146$ & $0.0196049$ & $-0.00342761$ & $0.0225641$ & $0.00659932$ & $0.0266294$ & $-0.00515726$ & $0.0563914$ & $-0.0289254$ & $-0.0174071$ & $0.0126885$ & $-0.0662075$ & $0.0130404$ & $-0.0326832$ & $-0.113277$ & $1$ & $0.108015$ & $0.0124594$ & $0.026022$ & $0.030828$ \\
eHccint & $-0.0207152$ & $0.0209294$ & $0.0407726$ & $-0.0798175$ & $0.0011685$ & $-0.0203193$ & $-0.0180181$ & $-0.00825342$ & $-0.00777776$ & $-0.00492196$ & $-0.000534514$ & $-0.00701367$ & $-0.0148847$ & $0.00701$ & $-0.00597539$ & $0.0172092$ & $0.0218649$ & $0.0206696$ & $0.00259928$ & $0.00291998$ & $0.00218335$ & $-0.00106833$ & $-0.0180138$ & $0.0201048$ & $0.00904373$ & $0.0175977$ & $-0.0130234$ & $0.00374264$ & $-0.00698848$ & $-0.00427837$ & $0.0822241$ & $-0.0242306$ & $0.0300148$ & $0.00268837$ & $0.00820374$ & $-0.0399111$ & $0.018002$ & $-0.00485834$ & $0.0318336$ & $0.0144482$ & $-0.0113876$ & $-0.0130363$ & $-0.0245413$ & $0.0654473$ & $0.108015$ & $1$ & $-0.0144311$ & $0.0536184$ & $0.0305405$ \\
eHccpar & $-0.0580469$ & $-0.00427944$ & $-0.0263184$ & $0.0321642$ & $-0.0102535$ & $0.0250618$ & $0.000122764$ & $-0.019189$ & $-0.0287949$ & $0.019651$ & $0.0128381$ & $0.00839301$ & $-0.007635$ & $0.00283287$ & $0.00106822$ & $0.00536485$ & $0.00814877$ & $0.00931067$ & $0.00716638$ & $-0.0117311$ & $-0.0148885$ & $-0.0172115$ & $-0.0276063$ & $0.0259898$ & $0.0172102$ & $0.0303336$ & $-0.0104098$ & $-0.00351887$ & $0.0138989$ & $-0.00765479$ & $0.372254$ & $0.0114679$ & $-0.0230594$ & $-0.0184991$ & $0.070911$ & $-0.0397627$ & $0.0947729$ & $-0.0245106$ & $-0.0172698$ & $-0.0344122$ & $-0.0885716$ & $0.00970362$ & $-0.0830588$ & $-0.078597$ & $0.0124594$ & $-0.0144311$ & $1$ & $0.0218533$ & $-0.00965389$ \\
eHbbint & $0.0645265$ & $-0.00101077$ & $0.0347359$ & $-0.045647$ & $-0.00458659$ & $-0.00852801$ & $0.0129866$ & $-0.00201451$ & $0.00457846$ & $-0.018238$ & $0.00180609$ & $-0.0292041$ & $-0.0100647$ & $0.00604729$ & $-0.0103885$ & $-0.0164624$ & $-0.00586693$ & $0.00468388$ & $0.00885937$ & $-0.00520344$ & $-0.00230414$ & $-0.00142535$ & $0.019581$ & $-0.0141119$ & $-0.00618903$ & $-0.0105039$ & $0.00188944$ & $-0.0061904$ & $-0.00194716$ & $-0.0305205$ & $0.00931335$ & $-0.00252651$ & $0.129292$ & $0.00163251$ & $-0.055773$ & $0.0458475$ & $0.124959$ & $-0.00610749$ & $0.0179283$ & $-0.0152371$ & $0.0578412$ & $0.0213749$ & $0.0832438$ & $0.0607161$ & $0.026022$ & $0.0536184$ & $0.0218533$ & $1$ & $-0.000890272$ \\
eHbbpar & $0.040206$ & $-0.0135963$ & $-0.0623622$ & $-0.00502667$ & $-0.00797948$ & $0.0207946$ & $-0.0168062$ & $-0.00725689$ & $-0.000190664$ & $-0.00324871$ & $0.0178894$ & $0.0110321$ & $0.0132219$ & $-0.0276897$ & $-0.00665197$ & $-0.0127516$ & $-0.0199912$ & $-0.0170619$ & $-0.0161941$ & $-0.0201638$ & $-0.0193863$ & $-0.0210141$ & $0.0126948$ & $-0.0203335$ & $-0.0243447$ & $0.00719215$ & $-0.0063296$ & $-0.00344963$ & $0.00768673$ & $0.0221442$ & $0.000413973$ & $-0.0150384$ & $0.506699$ & $0.000147464$ & $-0.0304658$ & $-0.0749102$ & $-0.0057387$ & $-0.0178339$ & $-0.0170686$ & $0.00797929$ & $-0.11503$ & $0.0224541$ & $0.0810739$ & $0.0341363$ & $0.030828$ & $0.0305405$ & $-0.00965389$ & $-0.000890272$ & $1$ \\
