 & AlsMz & dAle5Mz & mtop & mHl & Mz & CW & CHG & CHWB & CHWHB_gaga & CHWHB_gagaorth & CHD & CHbox & CH & CHL1_11 & CHL1_22 & CHL1_33 & CHL3_11 & CHL3_22 & CHL3_33 & CHe_11 & CHe_22 & CHe_33 & CHQ1_11 & CHQ1_33 & CHQ3_11 & CHu_11 & CHd_11 & CHd_33 & CeH_22r & CeH_33r & CuH_22r & CuH_33r & CdH_33r & CLL_1221 & eHggint & eHggpar & eHWWint & eHWWpar & eHZZint & eHZZpar & eHZgaint & eHZgapar & eHgagaint & eHmumuint & eHtautauint & eHccint & eHccpar & eHbbint & eHbbpar \\
AlsMz & $1$ & $-0.098594$ & $-0.0604652$ & $0.059483$ & $0.00743348$ & $-0.00696109$ & $-0.00587607$ & $-0.0161166$ & $-0.00823957$ & $-0.0120727$ & $-0.00127365$ & $-0.0308405$ & $0.0293321$ & $0.0150138$ & $0.0148161$ & $0.00512728$ & $0.0196023$ & $0.0144084$ & $0.0205102$ & $-0.00540208$ & $-0.00946228$ & $-0.00892182$ & $-0.014156$ & $-0.0236872$ & $-0.0728556$ & $-0.0331747$ & $-0.0633078$ & $0.0174715$ & $0.00592799$ & $0.0269547$ & $0.0196066$ & $-0.0067719$ & $0.042254$ & $-0.0364634$ & $0.0852071$ & $-0.101503$ & $0.0698302$ & $-0.00327041$ & $-0.0541156$ & $-0.000365213$ & $0.0340201$ & $-0.000502687$ & $0.134499$ & $-0.146375$ & $0.0889557$ & $0.0676548$ & $0.0273683$ & $0.0174733$ & $0.0530301$ \\
dAle5Mz & $-0.098594$ & $1$ & $-0.0379926$ & $0.0748413$ & $0.000100076$ & $0.0179344$ & $0.0261231$ & $-0.0794257$ & $-0.0876565$ & $0.0462983$ & $0.0588392$ & $0.0500871$ & $-0.0431665$ & $-0.0169898$ & $-0.00373131$ & $-0.00705067$ & $0.0164048$ & $0.0118203$ & $0.0160887$ & $-0.0383183$ & $-0.042398$ & $-0.042013$ & $-0.0166432$ & $0.0415481$ & $0.0259562$ & $0.0390778$ & $-0.0272831$ & $-0.0115818$ & $-0.0155087$ & $-0.0420696$ & $-0.0372353$ & $0.0215325$ & $-0.0422591$ & $-0.0127978$ & $0.0577325$ & $-0.1114$ & $0.0595521$ & $0.00175102$ & $-0.0263528$ & $0.0115799$ & $-0.0368297$ & $-0.00107112$ & $-0.13502$ & $0.02453$ & $-0.0735026$ & $0.0303077$ & $-0.0675123$ & $0.086407$ & $-0.0279569$ \\
mtop & $-0.0604652$ & $-0.0379926$ & $1$ & $-0.206439$ & $-0.0187252$ & $-0.000701526$ & $0.0210233$ & $0.0127695$ & $0.00326602$ & $0.00809181$ & $-0.00997545$ & $0.025483$ & $-0.0147754$ & $0.00724122$ & $0.0188475$ & $0.0232417$ & $0.0101741$ & $-0.00199284$ & $-0.00565959$ & $0.016422$ & $0.0143436$ & $0.0137178$ & $-0.00572681$ & $0.0120846$ & $0.00252683$ & $-0.00663344$ & $-0.00853086$ & $0.0092573$ & $0.0064099$ & $-0.0374586$ & $-0.0290949$ & $0.013514$ & $-0.0497568$ & $-0.0019706$ & $0.0336752$ & $0.0583122$ & $0.169105$ & $-0.0169485$ & $0.0461446$ & $0.00346043$ & $-0.110988$ & $-0.00866172$ & $-0.149014$ & $0.0122441$ & $0.0188659$ & $-0.0743832$ & $0.015102$ & $0.0511456$ & $-0.0398236$ \\
mHl & $0.059483$ & $0.0748413$ & $-0.206439$ & $1$ & $0.0187171$ & $-0.000861339$ & $0.0352265$ & $-0.0209866$ & $-0.0101104$ & $0.00140987$ & $0.0181373$ & $0.0240132$ & $-0.0286247$ & $-0.0101417$ & $-0.012705$ & $-0.0144767$ & $0.00186052$ & $0.00601058$ & $0.00648659$ & $-0.0187664$ & $-0.0182874$ & $-0.0178307$ & $0.0111758$ & $-0.0011027$ & $0.00416372$ & $0.00114114$ & $-0.00217503$ & $0.00303968$ & $-0.00762652$ & $-0.000474977$ & $0.0155654$ & $0.0368686$ & $0.0452505$ & $-0.00312826$ & $-0.0963643$ & $0.00813798$ & $-0.181958$ & $0.00385925$ & $0.042189$ & $-0.000510761$ & $0.0469621$ & $0.0160369$ & $0.14284$ & $-0.0262573$ & $0.0237668$ & $0.139951$ & $0.00344946$ & $0.029426$ & $0.125043$ \\
Mz & $0.00743348$ & $0.000100076$ & $-0.0187252$ & $0.0187171$ & $1$ & $0.00794777$ & $-0.0188256$ & $0.00898282$ & $0.00960396$ & $-0.00354025$ & $-0.0070875$ & $-0.0176389$ & $0.0162858$ & $0.0142772$ & $0.00881551$ & $0.00834737$ & $0.00363862$ & $0.00147555$ & $0.00423785$ & $0.0122615$ & $0.0128368$ & $0.0142385$ & $-0.00244274$ & $0.00107123$ & $0.00270296$ & $-0.00684019$ & $0.00322803$ & $0.0134233$ & $0.00966924$ & $0.0141696$ & $0.0110392$ & $-0.0193868$ & $0.0134198$ & $-0.00281341$ & $0.0132846$ & $-0.00401936$ & $-0.01903$ & $0.000557557$ & $0.0100066$ & $0.00188105$ & $0.00679284$ & $0.00383757$ & $0.0170889$ & $0.00642212$ & $-0.00428459$ & $0.0145738$ & $-0.0043577$ & $-0.00779765$ & $0.00840403$ \\
CW & $-0.00696109$ & $0.0179344$ & $-0.000701526$ & $-0.000861339$ & $0.00794777$ & $1$ & $0.0510717$ & $-0.0457951$ & $-0.0429276$ & $0.0263712$ & $0.157924$ & $0.0702541$ & $-0.0488421$ & $-0.0424395$ & $-0.0823196$ & $-0.069943$ & $-0.374505$ & $-0.176336$ & $-0.181853$ & $-0.154562$ & $-0.160742$ & $-0.157615$ & $-0.00663615$ & $-0.120593$ & $-0.218972$ & $0.11217$ & $-0.0737106$ & $-0.0713022$ & $-0.011832$ & $-0.0405932$ & $-0.0350762$ & $0.0529747$ & $-0.0421782$ & $-0.101467$ & $0.00902723$ & $0.0207975$ & $0.00518586$ & $-0.00284306$ & $-0.00895524$ & $0.0157046$ & $-0.0259773$ & $-0.000835842$ & $-0.00519089$ & $0.0144084$ & $-0.00290223$ & $0.00436481$ & $0.0155434$ & $-0.0057629$ & $0.0110849$ \\
CHG & $-0.00587607$ & $0.0261231$ & $0.0210233$ & $0.0352265$ & $-0.0188256$ & $0.0510717$ & $1$ & $-0.0405663$ & $-0.0201214$ & $0.194126$ & $0.0973865$ & $0.752448$ & $-0.790512$ & $-0.126302$ & $-0.0321092$ & $-0.0428738$ & $-0.116096$ & $-0.101266$ & $-0.0952628$ & $-0.094214$ & $-0.0965863$ & $-0.0952238$ & $-0.0162397$ & $-0.0518032$ & $-0.100456$ & $0.0819247$ & $-0.0225033$ & $-0.0332139$ & $-0.138239$ & $-0.596076$ & $-0.349206$ & $0.953331$ & $-0.603394$ & $-0.0153914$ & $-0.112378$ & $-0.0654003$ & $0.0560692$ & $0.00670097$ & $0.0316331$ & $0.0141209$ & $0.00932756$ & $0.000877109$ & $0.0220551$ & $-0.0274555$ & $-0.0322124$ & $0.0120548$ & $0.013118$ & $0.0122259$ & $0.0176611$ \\
CHWB & $-0.0161166$ & $-0.0794257$ & $0.0127695$ & $-0.0209866$ & $0.00898282$ & $-0.0457951$ & $-0.0405663$ & $1$ & $0.989772$ & $-0.550544$ & $-0.875866$ & $-0.100723$ & $0.0464424$ & $0.280352$ & $0.462137$ & $0.454475$ & $-0.212493$ & $-0.397023$ & $-0.396442$ & $0.859316$ & $0.888841$ & $0.881555$ & $0.0362008$ & $-0.633418$ & $-0.364429$ & $-0.612228$ & $0.40603$ & $0.392386$ & $0.00742054$ & $0.0475684$ & $0.0195921$ & $-0.0532003$ & $0.0506055$ & $0.532268$ & $-0.0151289$ & $0.00895512$ & $-0.0101033$ & $0.0111373$ & $-0.00209363$ & $-0.00163503$ & $0.00408745$ & $0.0202465$ & $-0.00836065$ & $-0.00349262$ & $0.00751153$ & $-0.0251393$ & $-0.0166028$ & $-0.0137487$ & $0.0141232$ \\
CHWHB_gaga & $-0.00823957$ & $-0.0876565$ & $0.00326602$ & $-0.0101104$ & $0.00960396$ & $-0.0429276$ & $-0.0201214$ & $0.989772$ & $1$ & $-0.546852$ & $-0.865424$ & $-0.102235$ & $0.0514727$ & $0.275519$ & $0.456576$ & $0.450397$ & $-0.214143$ & $-0.395198$ & $-0.395703$ & $0.849003$ & $0.877945$ & $0.871028$ & $0.0352029$ & $-0.62898$ & $-0.363573$ & $-0.604686$ & $0.401591$ & $0.388377$ & $0.015302$ & $0.0665576$ & $0.0323194$ & $-0.0354508$ & $0.0708306$ & $0.5264$ & $-0.0300792$ & $0.00255722$ & $-0.0211115$ & $0.0106694$ & $-0.00866512$ & $-0.000421647$ & $-0.000757829$ & $0.0195273$ & $0.0463993$ & $-0.00241141$ & $0.0131979$ & $-0.0218559$ & $-0.014699$ & $-0.0193532$ & $0.0167336$ \\
CHWHB_gagaorth & $-0.0120727$ & $0.0462983$ & $0.00809181$ & $0.00140987$ & $-0.00354025$ & $0.0263712$ & $0.194126$ & $-0.550544$ & $-0.546852$ & $1$ & $0.474901$ & $0.371596$ & $-0.257238$ & $-0.143314$ & $-0.243131$ & $-0.242461$ & $0.131575$ & $0.227316$ & $0.228868$ & $-0.464364$ & $-0.482769$ & $-0.479634$ & $-0.022369$ & $0.360774$ & $0.214222$ & $0.332712$ & $-0.227351$ & $-0.217777$ & $-0.0468522$ & $-0.231014$ & $-0.142371$ & $0.209721$ & $-0.23827$ & $-0.301564$ & $0.0352153$ & $0.0134109$ & $0.0253942$ & $-0.00320472$ & $0.0225136$ & $0.00800974$ & $-0.0628715$ & $-0.0189869$ & $0.00709225$ & $0.00647735$ & $-0.0102871$ & $0.025863$ & $0.00420798$ & $0.0159034$ & $0.0174311$ \\
CHD & $-0.00127365$ & $0.0588392$ & $-0.00997545$ & $0.0181373$ & $-0.0070875$ & $0.157924$ & $0.0973865$ & $-0.875866$ & $-0.865424$ & $0.474901$ & $1$ & $0.19079$ & $-0.118759$ & $-0.66917$ & $-0.574395$ & $-0.564716$ & $-0.257167$ & $-0.0245837$ & $-0.023527$ & $-0.99488$ & $-0.99513$ & $-0.983609$ & $0.0206275$ & $0.226068$ & $-0.0668394$ & $0.688736$ & $-0.280642$ & $-0.438145$ & $-0.0197044$ & $-0.102719$ & $-0.060487$ & $0.11348$ & $-0.112944$ & $-0.331482$ & $0.012254$ & $0.00449338$ & $0.0123362$ & $-0.009355$ & $0.00401409$ & $0.00642582$ & $-0.00430569$ & $-0.0163291$ & $0.015864$ & $0.00930936$ & $-0.0149349$ & $0.021722$ & $0.0231399$ & $0.011715$ & $-0.00329372$ \\
CHbox & $-0.0308405$ & $0.0500871$ & $0.025483$ & $0.0240132$ & $-0.0176389$ & $0.0702541$ & $0.752448$ & $-0.100723$ & $-0.102235$ & $0.371596$ & $0.19079$ & $1$ & $-0.953583$ & $-0.221286$ & $-0.0762704$ & $-0.0866433$ & $-0.183985$ & $-0.150684$ & $-0.143725$ & $-0.184907$ & $-0.188771$ & $-0.186665$ & $-0.0122386$ & $-0.0703371$ & $-0.151333$ & $0.141478$ & $-0.0492091$ & $-0.0822757$ & $-0.181586$ & $-0.667513$ & $-0.401778$ & $0.687382$ & $-0.66561$ & $-0.0361406$ & $-0.0995082$ & $-0.0466644$ & $0.0624361$ & $0.0064995$ & $0.0500036$ & $0.021347$ & $-0.0235034$ & $-0.0157663$ & $0.0297573$ & $-0.0202248$ & $-0.055149$ & $0.016709$ & $0.00390212$ & $0.011174$ & $0.0441406$ \\
CH & $0.0293321$ & $-0.0431665$ & $-0.0147754$ & $-0.0286247$ & $0.0162858$ & $-0.0488421$ & $-0.790512$ & $0.0464424$ & $0.0514727$ & $-0.257238$ & $-0.118759$ & $-0.953583$ & $1$ & $0.160468$ & $0.0475529$ & $0.0569109$ & $0.144738$ & $0.125117$ & $0.119431$ & $0.115531$ & $0.116123$ & $0.115481$ & $0.0110271$ & $0.0733347$ & $0.125105$ & $-0.0933584$ & $0.0215806$ & $0.0490677$ & $0.196557$ & $0.721398$ & $0.428095$ & $-0.706914$ & $0.723745$ & $0.00676578$ & $0.126688$ & $0.0668495$ & $-0.05637$ & $-0.00570748$ & $-0.0535022$ & $-0.0201714$ & $0.00408357$ & $0.00614993$ & $-0.0327756$ & $0.0194035$ & $0.0498063$ & $-0.0152522$ & $-0.00355256$ & $-0.00768178$ & $-0.0372285$ \\
CHL1_11 & $0.0150138$ & $-0.0169898$ & $0.00724122$ & $-0.0101417$ & $0.0142772$ & $-0.0424395$ & $-0.126302$ & $0.280352$ & $0.275519$ & $-0.143314$ & $-0.66917$ & $-0.221286$ & $0.160468$ & $1$ & $0.409224$ & $0.399787$ & $0.640046$ & $0.59149$ & $0.590167$ & $0.679655$ & $0.642599$ & $0.630189$ & $-0.0900492$ & $0.427284$ & $0.596966$ & $-0.4481$ & $-0.0390429$ & $0.282714$ & $0.0249035$ & $0.128998$ & $0.089328$ & $-0.137968$ & $0.145947$ & $-0.159199$ & $-0.00484486$ & $-0.0128695$ & $-0.0103648$ & $0.0042087$ & $-0.00344429$ & $-0.00146394$ & $-0.00514231$ & $-0.000210497$ & $-0.0152081$ & $-0.00979271$ & $0.0169202$ & $-0.0023586$ & $-0.0168769$ & $-0.00341817$ & $-0.00960514$ \\
CHL1_22 & $0.0148161$ & $-0.00373131$ & $0.0188475$ & $-0.012705$ & $0.00881551$ & $-0.0823196$ & $-0.0321092$ & $0.462137$ & $0.456576$ & $-0.243131$ & $-0.574395$ & $-0.0762704$ & $0.0475529$ & $0.409224$ & $1$ & $0.530418$ & $0.173476$ & $-0.310208$ & $0.00141276$ & $0.616445$ & $0.519968$ & $0.513155$ & $-0.169666$ & $0.027519$ & $-0.0643315$ & $-0.367928$ & $-0.289342$ & $0.22234$ & $0.00565587$ & $0.0473008$ & $0.0309542$ & $-0.0396455$ & $0.0513013$ & $-0.463964$ & $-0.00594081$ & $-0.000725462$ & $-0.00589898$ & $0.0185342$ & $-0.014531$ & $-0.00723401$ & $0.0104489$ & $-0.00511925$ & $-0.0218294$ & $-0.00691693$ & $0.00204944$ & $-0.0258504$ & $-0.0155109$ & $0.0108608$ & $-0.00128981$ \\
CHL1_33 & $0.00512728$ & $-0.00705067$ & $0.0232417$ & $-0.0144767$ & $0.00834737$ & $-0.069943$ & $-0.0428738$ & $0.454475$ & $0.450397$ & $-0.242461$ & $-0.564716$ & $-0.0866433$ & $0.0569109$ & $0.399787$ & $0.530418$ & $1$ & $0.171531$ & $0.00486103$ & $-0.307897$ & $0.607359$ & $0.511232$ & $0.524019$ & $-0.17444$ & $0.0309417$ & $-0.0630288$ & $-0.355124$ & $-0.28718$ & $0.223797$ & $0.0185654$ & $0.0616929$ & $0.0346212$ & $-0.0480011$ & $0.0583459$ & $-0.0131963$ & $-0.00505747$ & $-0.0205249$ & $-0.016358$ & $-0.00214492$ & $-0.0192059$ & $-0.00104087$ & $0.0127966$ & $0.00388991$ & $-0.014904$ & $0.0262824$ & $0.00627347$ & $-0.0226211$ & $-0.0172338$ & $0.0106676$ & $-0.0273424$ \\
CHL3_11 & $0.0196023$ & $0.0164048$ & $0.0101741$ & $0.00186052$ & $0.00363862$ & $-0.374505$ & $-0.116096$ & $-0.212493$ & $-0.214143$ & $0.131575$ & $-0.257167$ & $-0.183985$ & $0.144738$ & $0.640046$ & $0.173476$ & $0.171531$ & $1$ & $0.820386$ & $0.816454$ & $0.268506$ & $0.235062$ & $0.226511$ & $-0.0749619$ & $0.745928$ & $0.855627$ & $-0.167239$ & $-0.136898$ & $0.100892$ & $0.0270727$ & $0.108038$ & $0.0781545$ & $-0.12439$ & $0.120782$ & $-0.241508$ & $0.0038169$ & $-0.0239865$ & $-0.00457121$ & $-0.00465489$ & $0.00401747$ & $-0.0160243$ & $0.00421038$ & $-0.00148513$ & $-0.0175583$ & $-0.0116401$ & $0.0168583$ & $0.00120517$ & $-0.0147055$ & $-0.00111065$ & $-0.0226974$ \\
CHL3_22 & $0.0144084$ & $0.0118203$ & $-0.00199284$ & $0.00601058$ & $0.00147555$ & $-0.176336$ & $-0.101266$ & $-0.397023$ & $-0.395198$ & $0.227316$ & $-0.0245837$ & $-0.150684$ & $0.125117$ & $0.59149$ & $-0.310208$ & $0.00486103$ & $0.820386$ & $1$ & $0.781605$ & $0.0238209$ & $0.0209315$ & $0.0168711$ & $-0.016001$ & $0.736173$ & $0.864529$ & $-0.0157009$ & $-0.0474181$ & $0.0111979$ & $0.0239335$ & $0.090994$ & $0.0680146$ & $-0.105135$ & $0.102759$ & $-0.0588492$ & $0.00503543$ & $-0.0226587$ & $-0.00368236$ & $-0.0142695$ & $0.00556023$ & $-0.00564604$ & $-0.00506993$ & $-0.00277205$ & $-0.00285144$ & $-0.0047282$ & $0.0156858$ & $0.0171103$ & $-0.0052673$ & $-0.00531796$ & $-0.0215895$ \\
CHL3_33 & $0.0205102$ & $0.0160887$ & $-0.00565959$ & $0.00648659$ & $0.00423785$ & $-0.181853$ & $-0.0952628$ & $-0.396442$ & $-0.395703$ & $0.228868$ & $-0.023527$ & $-0.143725$ & $0.119431$ & $0.590167$ & $0.00141276$ & $-0.307897$ & $0.816454$ & $0.781605$ & $1$ & $0.0219747$ & $0.0206327$ & $0.0156471$ & $-0.0104601$ & $0.730448$ & $0.863327$ & $-0.0193938$ & $-0.0425361$ & $0.0063277$ & $0.0157175$ & $0.0811078$ & $0.0652332$ & $-0.100291$ & $0.0982997$ & $-0.36549$ & $0.00796708$ & $-0.0107082$ & $0.00227116$ & $-0.000618677$ & $0.00913252$ & $-0.0108311$ & $-0.00773284$ & $-0.00788223$ & $-0.00805768$ & $-0.027984$ & $0.0108969$ & $0.0147913$ & $-0.00495674$ & $-0.00437299$ & $-0.00323283$ \\
CHe_11 & $-0.00540208$ & $-0.0383183$ & $0.016422$ & $-0.0187664$ & $0.0122615$ & $-0.154562$ & $-0.094214$ & $0.859316$ & $0.849003$ & $-0.464364$ & $-0.99488$ & $-0.184907$ & $0.115531$ & $0.679655$ & $0.616445$ & $0.607359$ & $0.268506$ & $0.0238209$ & $0.0219747$ & $1$ & $0.985304$ & $0.974355$ & $-0.0398633$ & $-0.192579$ & $0.0711344$ & $-0.682115$ & $0.226304$ & $0.433616$ & $0.0195941$ & $0.100884$ & $0.0593773$ & $-0.110039$ & $0.110246$ & $0.2757$ & $-0.0114707$ & $-0.00675786$ & $-0.0110471$ & $0.00914315$ & $-0.0063671$ & $-0.00621172$ & $0.00324608$ & $0.0144441$ & $-0.0201402$ & $-0.0071802$ & $0.0129219$ & $-0.0224587$ & $-0.0242375$ & $-0.00837285$ & $0.000858267$ \\
CHe_22 & $-0.00946228$ & $-0.042398$ & $0.0143436$ & $-0.0182874$ & $0.0128368$ & $-0.160742$ & $-0.0965863$ & $0.888841$ & $0.877945$ & $-0.482769$ & $-0.99513$ & $-0.188771$ & $0.116123$ & $0.642599$ & $0.519968$ & $0.511232$ & $0.235062$ & $0.0209315$ & $0.0206327$ & $0.985304$ & $1$ & $0.986486$ & $0.000773588$ & $-0.265793$ & $0.0574334$ & $-0.68971$ & $0.341064$ & $0.440013$ & $0.0188443$ & $0.0995438$ & $0.0577614$ & $-0.11305$ & $0.109772$ & $0.396354$ & $-0.0110388$ & $-0.00435387$ & $-0.0099958$ & $0.00918994$ & $-0.00149021$ & $-0.00620327$ & $0.0017786$ & $0.0182674$ & $-0.0189858$ & $-0.00941341$ & $0.0125134$ & $-0.0208158$ & $-0.0242455$ & $-0.0120145$ & $0.00469238$ \\
CHe_33 & $-0.00892182$ & $-0.042013$ & $0.0137178$ & $-0.0178307$ & $0.0142385$ & $-0.157615$ & $-0.0952238$ & $0.881555$ & $0.871028$ & $-0.479634$ & $-0.983609$ & $-0.186665$ & $0.115481$ & $0.630189$ & $0.513155$ & $0.524019$ & $0.226511$ & $0.0168711$ & $0.0156471$ & $0.974355$ & $0.986486$ & $1$ & $0.000696046$ & $-0.267842$ & $0.0519766$ & $-0.68199$ & $0.337859$ & $0.433305$ & $0.0204032$ & $0.0988702$ & $0.0570204$ & $-0.111619$ & $0.108244$ & $0.396936$ & $-0.0101001$ & $-0.0061804$ & $-0.0110164$ & $0.00826128$ & $-0.00311428$ & $-0.00720049$ & $0.00239723$ & $0.0164517$ & $-0.0195269$ & $-0.00920862$ & $0.0134839$ & $-0.021749$ & $-0.0262482$ & $-0.00836768$ & $0.00177738$ \\
CHQ1_11 & $-0.014156$ & $-0.0166432$ & $-0.00572681$ & $0.0111758$ & $-0.00244274$ & $-0.00663615$ & $-0.0162397$ & $0.0362008$ & $0.0352029$ & $-0.022369$ & $0.0206275$ & $-0.0122386$ & $0.0110271$ & $-0.0900492$ & $-0.169666$ & $-0.17444$ & $-0.0749619$ & $-0.016001$ & $-0.0104601$ & $-0.0398633$ & $0.000773588$ & $0.000696046$ & $1$ & $-0.127798$ & $0.0471581$ & $-0.572582$ & $0.348932$ & $0.00372019$ & $-0.00753281$ & $0.00389669$ & $0.0165241$ & $-0.0156909$ & $0.00413727$ & $0.194567$ & $0.00218313$ & $0.00343234$ & $-0.00641566$ & $-0.000769789$ & $0.00717786$ & $-0.00190569$ & $0.00433852$ & $0.0103942$ & $0.015077$ & $-0.0115944$ & $-0.00138847$ & $0.0259591$ & $0.014555$ & $-0.018565$ & $0.0107336$ \\
CHQ1_33 & $-0.0236872$ & $0.0415481$ & $0.0120846$ & $-0.0011027$ & $0.00107123$ & $-0.120593$ & $-0.0518032$ & $-0.633418$ & $-0.62898$ & $0.360774$ & $0.226068$ & $-0.0703371$ & $0.0733347$ & $0.427284$ & $0.027519$ & $0.0309417$ & $0.745928$ & $0.736173$ & $0.730448$ & $-0.192579$ & $-0.265793$ & $-0.267842$ & $-0.127798$ & $1$ & $0.748217$ & $0.181317$ & $-0.398499$ & $-0.0472071$ & $0.0162617$ & $0.0500111$ & $0.0442086$ & $-0.0505496$ & $0.0579804$ & $-0.606459$ & $0.00747465$ & $-0.00750125$ & $-0.00126666$ & $-0.00889201$ & $-0.00106818$ & $-0.00640802$ & $-0.0036292$ & $-0.0158764$ & $-0.0157735$ & $0.00154105$ & $0.00485241$ & $0.0111942$ & $-0.00341734$ & $0.0129152$ & $-0.0235206$ \\
CHQ3_11 & $-0.0728556$ & $0.0259562$ & $0.00252683$ & $0.00416372$ & $0.00270296$ & $-0.218972$ & $-0.100456$ & $-0.364429$ & $-0.363573$ & $0.214222$ & $-0.0668394$ & $-0.151333$ & $0.125105$ & $0.596966$ & $-0.0643315$ & $-0.0630288$ & $0.855627$ & $0.864529$ & $0.863327$ & $0.0711344$ & $0.0574334$ & $0.0519766$ & $0.0471581$ & $0.748217$ & $1$ & $-0.0392849$ & $0.128229$ & $0.0282642$ & $0.0231437$ & $0.088182$ & $0.075474$ & $-0.106257$ & $0.102185$ & $-0.242133$ & $0.00219174$ & $-0.00938316$ & $-0.00509673$ & $-0.00568886$ & $0.00879107$ & $-0.00368683$ & $-0.0114373$ & $-0.00482108$ & $-0.0163559$ & $-0.00155508$ & $0.00860763$ & $0.0152269$ & $-0.00451775$ & $-0.0101995$ & $-0.0157716$ \\
CHu_11 & $-0.0331747$ & $0.0390778$ & $-0.00663344$ & $0.00114114$ & $-0.00684019$ & $0.11217$ & $0.0819247$ & $-0.612228$ & $-0.604686$ & $0.332712$ & $0.688736$ & $0.141478$ & $-0.0933584$ & $-0.4481$ & $-0.367928$ & $-0.355124$ & $-0.167239$ & $-0.0157009$ & $-0.0193938$ & $-0.682115$ & $-0.68971$ & $-0.68199$ & $-0.572582$ & $0.181317$ & $-0.0392849$ & $1$ & $-0.203752$ & $-0.306767$ & $-0.00711404$ & $-0.0769416$ & $-0.053017$ & $0.0923985$ & $-0.0834009$ & $-0.264934$ & $4.88962e-05$ & $0.00610164$ & $0.0134041$ & $-0.0109779$ & $0.00282473$ & $0.00617043$ & $-0.00845454$ & $-0.0186138$ & $0.00171315$ & $0.0134038$ & $-0.0166553$ & $0.00741683$ & $0.00572315$ & $0.0142957$ & $-0.00122916$ \\
CHd_11 & $-0.0633078$ & $-0.0272831$ & $-0.00853086$ & $-0.00217503$ & $0.00322803$ & $-0.0737106$ & $-0.0225033$ & $0.40603$ & $0.401591$ & $-0.227351$ & $-0.280642$ & $-0.0492091$ & $0.0215806$ & $-0.0390429$ & $-0.289342$ & $-0.28718$ & $-0.136898$ & $-0.0474181$ & $-0.0425361$ & $0.226304$ & $0.341064$ & $0.337859$ & $0.348932$ & $-0.398499$ & $0.128229$ & $-0.203752$ & $1$ & $0.146898$ & $0.00537442$ & $0.00965097$ & $0.0115518$ & $-0.0308006$ & $0.0174233$ & $0.674375$ & $-0.000331823$ & $0.0140546$ & $0.00583654$ & $-0.00013398$ & $0.0138042$ & $0.00563794$ & $-0.0149988$ & $0.0202108$ & $0.00193863$ & $-0.012538$ & $0.00180742$ & $0.0165764$ & $-0.00122054$ & $-0.0273908$ & $0.0286971$ \\
CHd_33 & $0.0174715$ & $-0.0115818$ & $0.0092573$ & $0.00303968$ & $0.0134233$ & $-0.0713022$ & $-0.0332139$ & $0.392386$ & $0.388377$ & $-0.217777$ & $-0.438145$ & $-0.0822757$ & $0.0490677$ & $0.282714$ & $0.22234$ & $0.223797$ & $0.100892$ & $0.0111979$ & $0.0063277$ & $0.433616$ & $0.440013$ & $0.433305$ & $0.00372019$ & $-0.0472071$ & $0.0282642$ & $-0.306767$ & $0.146898$ & $1$ & $0.0100682$ & $0.0475964$ & $0.0321326$ & $-0.0410698$ & $0.0492018$ & $0.18168$ & $-0.00585024$ & $0.00124919$ & $-0.0165103$ & $-0.00970909$ & $-0.00588749$ & $0.00264107$ & $0.000915091$ & $0.0111661$ & $0.00197379$ & $-0.00727837$ & $0.0218004$ & $-0.00104066$ & $0.00192818$ & $-0.0131992$ & $0.00844746$ \\
CeH_22r & $0.00592799$ & $-0.0155087$ & $0.0064099$ & $-0.00762652$ & $0.00966924$ & $-0.011832$ & $-0.138239$ & $0.00742054$ & $0.015302$ & $-0.0468522$ & $-0.0197044$ & $-0.181586$ & $0.196557$ & $0.0249035$ & $0.00565587$ & $0.0185654$ & $0.0270727$ & $0.0239335$ & $0.0157175$ & $0.0195941$ & $0.0188443$ & $0.0204032$ & $-0.00753281$ & $0.0162617$ & $0.0231437$ & $-0.00711404$ & $0.00537442$ & $0.0100682$ & $1$ & $0.16709$ & $0.094454$ & $-0.134901$ & $0.171649$ & $0.00487453$ & $-0.0108698$ & $-0.0100701$ & $-0.0191722$ & $-0.00104074$ & $-0.0189113$ & $-0.0166557$ & $-0.000768198$ & $-0.00351378$ & $0.0118315$ & $0.00797302$ & $0.0249275$ & $-0.00894731$ & $0.00365233$ & $-0.00496659$ & $0.00563434$ \\
CeH_33r & $0.0269547$ & $-0.0420696$ & $-0.0374586$ & $-0.000474977$ & $0.0141696$ & $-0.0405932$ & $-0.596076$ & $0.0475684$ & $0.0665576$ & $-0.231014$ & $-0.102719$ & $-0.667513$ & $0.721398$ & $0.128998$ & $0.0473008$ & $0.0616929$ & $0.108038$ & $0.090994$ & $0.0811078$ & $0.100884$ & $0.0995438$ & $0.0988702$ & $0.00389669$ & $0.0500111$ & $0.088182$ & $-0.0769416$ & $0.00965097$ & $0.0475964$ & $0.16709$ & $1$ & $0.500518$ & $-0.458541$ & $0.818277$ & $0.00571959$ & $0.0367989$ & $0.0326517$ & $-0.15568$ & $-0.00569175$ & $-0.0544137$ & $-0.0099296$ & $0.012128$ & $0.00395105$ & $-0.00989173$ & $0.0284293$ & $0.0916246$ & $-0.0123715$ & $0.00235046$ & $-0.00418355$ & $-0.0352018$ \\
CuH_22r & $0.0196066$ & $-0.0372353$ & $-0.0290949$ & $0.0155654$ & $0.0110392$ & $-0.0350762$ & $-0.349206$ & $0.0195921$ & $0.0323194$ & $-0.142371$ & $-0.060487$ & $-0.401778$ & $0.428095$ & $0.089328$ & $0.0309542$ & $0.0346212$ & $0.0781545$ & $0.0680146$ & $0.0652332$ & $0.0593773$ & $0.0577614$ & $0.0570204$ & $0.0165241$ & $0.0442086$ & $0.075474$ & $-0.053017$ & $0.0115518$ & $0.0321326$ & $0.094454$ & $0.500518$ & $1$ & $-0.252511$ & $0.523251$ & $-0.00894542$ & $-0.000315418$ & $0.000192297$ & $-0.108129$ & $-0.0169367$ & $-0.0683173$ & $-0.00368743$ & $0.0426384$ & $-0.00401463$ & $-0.0185622$ & $0.0252403$ & $0.0142151$ & $0.0403983$ & $0.298374$ & $-0.00259123$ & $-0.0345868$ \\
CuH_33r & $-0.0067719$ & $0.0215325$ & $0.013514$ & $0.0368686$ & $-0.0193868$ & $0.0529747$ & $0.953331$ & $-0.0532003$ & $-0.0354508$ & $0.209721$ & $0.11348$ & $0.687382$ & $-0.706914$ & $-0.137968$ & $-0.0396455$ & $-0.0480011$ & $-0.12439$ & $-0.105135$ & $-0.100291$ & $-0.110039$ & $-0.11305$ & $-0.111619$ & $-0.0156909$ & $-0.0505496$ & $-0.106257$ & $0.0923985$ & $-0.0308006$ & $-0.0410698$ & $-0.134901$ & $-0.458541$ & $-0.252511$ & $1$ & $-0.4481$ & $-0.0220701$ & $-0.0574397$ & $-0.0369141$ & $0.031152$ & $0.00383081$ & $0.035947$ & $0.0168416$ & $0.00547882$ & $-0.000347816$ & $0.0150626$ & $-0.0257045$ & $-0.0272351$ & $0.0112626$ & $0.00817833$ & $0.00855986$ & $0.0188048$ \\
CdH_33r & $0.042254$ & $-0.0422591$ & $-0.0497568$ & $0.0452505$ & $0.0134198$ & $-0.0421782$ & $-0.603394$ & $0.0506055$ & $0.0708306$ & $-0.23827$ & $-0.112944$ & $-0.66561$ & $0.723745$ & $0.145947$ & $0.0513013$ & $0.0583459$ & $0.120782$ & $0.102759$ & $0.0982997$ & $0.110246$ & $0.109772$ & $0.108244$ & $0.00413727$ & $0.0579804$ & $0.102185$ & $-0.0834009$ & $0.0174233$ & $0.0492018$ & $0.171649$ & $0.818277$ & $0.523251$ & $-0.4481$ & $1$ & $0.0038623$ & $0.0463987$ & $0.0504572$ & $-0.143592$ & $-0.0177507$ & $-0.062331$ & $-0.0103613$ & $-0.0165498$ & $-0.00599897$ & $-0.0138359$ & $0.0067318$ & $0.039474$ & $0.0357984$ & $-0.0199676$ & $0.0615834$ & $0.287401$ \\
CLL_1221 & $-0.0364634$ & $-0.0127978$ & $-0.0019706$ & $-0.00312826$ & $-0.00281341$ & $-0.101467$ & $-0.0153914$ & $0.532268$ & $0.5264$ & $-0.301564$ & $-0.331482$ & $-0.0361406$ & $0.00676578$ & $-0.159199$ & $-0.463964$ & $-0.0131963$ & $-0.241508$ & $-0.0588492$ & $-0.36549$ & $0.2757$ & $0.396354$ & $0.396936$ & $0.194567$ & $-0.606459$ & $-0.242133$ & $-0.264934$ & $0.674375$ & $0.18168$ & $0.00487453$ & $0.00571959$ & $-0.00894542$ & $-0.0220701$ & $0.0038623$ & $1$ & $-0.006086$ & $-0.00176155$ & $-0.0017692$ & $-0.00797945$ & $0.0122246$ & $-0.000187641$ & $-0.0022627$ & $0.0274481$ & $0.000380382$ & $0.00520616$ & $0.00296923$ & $-0.00217259$ & $-0.0094424$ & $-0.0189017$ & $0.00793934$ \\
eHggint & $0.0852071$ & $0.0577325$ & $0.0336752$ & $-0.0963643$ & $0.0132846$ & $0.00902723$ & $-0.112378$ & $-0.0151289$ & $-0.0300792$ & $0.0352153$ & $0.012254$ & $-0.0995082$ & $0.126688$ & $-0.00484486$ & $-0.00594081$ & $-0.00505747$ & $0.0038169$ & $0.00503543$ & $0.00796708$ & $-0.0114707$ & $-0.0110388$ & $-0.0101001$ & $0.00218313$ & $0.00747465$ & $0.00219174$ & $4.88962e-05$ & $-0.000331823$ & $-0.00585024$ & $-0.0108698$ & $0.0367989$ & $-0.000315418$ & $-0.0574397$ & $0.0463987$ & $-0.006086$ & $1$ & $-0.0469244$ & $0.0351405$ & $-2.0884e-05$ & $0.00709406$ & $-0.00142639$ & $0.00597449$ & $-0.00595554$ & $-0.0351765$ & $0.0276293$ & $0.0087079$ & $-0.0171261$ & $-0.0552908$ & $0.00160343$ & $0.0101172$ \\
eHggpar & $-0.101503$ & $-0.1114$ & $0.0583122$ & $0.00813798$ & $-0.00401936$ & $0.0207975$ & $-0.0654003$ & $0.00895512$ & $0.00255722$ & $0.0134109$ & $0.00449338$ & $-0.0466644$ & $0.0668495$ & $-0.0128695$ & $-0.000725462$ & $-0.0205249$ & $-0.0239865$ & $-0.0226587$ & $-0.0107082$ & $-0.00675786$ & $-0.00435387$ & $-0.0061804$ & $0.00343234$ & $-0.00750125$ & $-0.00938316$ & $0.00610164$ & $0.0140546$ & $0.00124919$ & $-0.0100701$ & $0.0326517$ & $0.000192297$ & $-0.0369141$ & $0.0504572$ & $-0.00176155$ & $-0.0469244$ & $1$ & $0.00377184$ & $-0.00116955$ & $0.0396867$ & $0.00811423$ & $-0.102496$ & $-0.00136096$ & $-0.01588$ & $-0.0977627$ & $0.0377112$ & $0.0368187$ & $-0.0553454$ & $-0.0503277$ & $0.0909427$ \\
eHWWint & $0.0698302$ & $0.0595521$ & $0.169105$ & $-0.181958$ & $-0.01903$ & $0.00518586$ & $0.0560692$ & $-0.0101033$ & $-0.0211115$ & $0.0253942$ & $0.0123362$ & $0.0624361$ & $-0.05637$ & $-0.0103648$ & $-0.00589898$ & $-0.016358$ & $-0.00457121$ & $-0.00368236$ & $0.00227116$ & $-0.0110471$ & $-0.0099958$ & $-0.0110164$ & $-0.00641566$ & $-0.00126666$ & $-0.00509673$ & $0.0134041$ & $0.00583654$ & $-0.0165103$ & $-0.0191722$ & $-0.15568$ & $-0.108129$ & $0.031152$ & $-0.143592$ & $-0.0017692$ & $0.0351405$ & $0.00377184$ & $1$ & $-0.00861967$ & $0.00458083$ & $0.0206747$ & $0.0217312$ & $-0.0209232$ & $-0.0325969$ & $-0.0892494$ & $-0.0571682$ & $-0.048642$ & $-0.0418786$ & $0.00264177$ & $0.0722708$ \\
eHWWpar & $-0.00327041$ & $0.00175102$ & $-0.0169485$ & $0.00385925$ & $0.000557557$ & $-0.00284306$ & $0.00670097$ & $0.0111373$ & $0.0106694$ & $-0.00320472$ & $-0.009355$ & $0.0064995$ & $-0.00570748$ & $0.0042087$ & $0.0185342$ & $-0.00214492$ & $-0.00465489$ & $-0.0142695$ & $-0.000618677$ & $0.00914315$ & $0.00918994$ & $0.00826128$ & $-0.000769789$ & $-0.00889201$ & $-0.00568886$ & $-0.0109779$ & $-0.00013398$ & $-0.00970909$ & $-0.00104074$ & $-0.00569175$ & $-0.0169367$ & $0.00383081$ & $-0.0177507$ & $-0.00797945$ & $-2.0884e-05$ & $-0.00116955$ & $-0.00861967$ & $1$ & $-0.00066782$ & $0.00100915$ & $0.00569291$ & $-0.00392882$ & $0.0066573$ & $0.00780286$ & $0.0176884$ & $0.00342087$ & $-0.0112257$ & $-0.0147668$ & $-0.00340796$ \\
eHZZint & $-0.0541156$ & $-0.0263528$ & $0.0461446$ & $0.042189$ & $0.0100066$ & $-0.00895524$ & $0.0316331$ & $-0.00209363$ & $-0.00866512$ & $0.0225136$ & $0.00401409$ & $0.0500036$ & $-0.0535022$ & $-0.00344429$ & $-0.014531$ & $-0.0192059$ & $0.00401747$ & $0.00556023$ & $0.00913252$ & $-0.0063671$ & $-0.00149021$ & $-0.00311428$ & $0.00717786$ & $-0.00106818$ & $0.00879107$ & $0.00282473$ & $0.0138042$ & $-0.00588749$ & $-0.0189113$ & $-0.0544137$ & $-0.0683173$ & $0.035947$ & $-0.062331$ & $0.0122246$ & $0.00709406$ & $0.0396867$ & $0.00458083$ & $-0.00066782$ & $1$ & $-0.00857304$ & $-0.0455776$ & $0.000665214$ & $-0.0206664$ & $0.0513104$ & $-0.0407358$ & $-0.0333199$ & $-0.100661$ & $-0.0391835$ & $-0.00105286$ \\
eHZZpar & $-0.000365213$ & $0.0115799$ & $0.00346043$ & $-0.000510761$ & $0.00188105$ & $0.0157046$ & $0.0141209$ & $-0.00163503$ & $-0.000421647$ & $0.00800974$ & $0.00642582$ & $0.021347$ & $-0.0201714$ & $-0.00146394$ & $-0.00723401$ & $-0.00104087$ & $-0.0160243$ & $-0.00564604$ & $-0.0108311$ & $-0.00621172$ & $-0.00620327$ & $-0.00720049$ & $-0.00190569$ & $-0.00640802$ & $-0.00368683$ & $0.00617043$ & $0.00563794$ & $0.00264107$ & $-0.0166557$ & $-0.0099296$ & $-0.00368743$ & $0.0168416$ & $-0.0103613$ & $-0.000187641$ & $-0.00142639$ & $0.00811423$ & $0.0206747$ & $0.00100915$ & $-0.00857304$ & $1$ & $0.00449329$ & $-0.00581066$ & $0.0156775$ & $-0.0251044$ & $0.00457677$ & $-0.00986701$ & $-0.00818536$ & $-0.00674718$ & $0.0037733$ \\
eHZgaint & $0.0340201$ & $-0.0368297$ & $-0.110988$ & $0.0469621$ & $0.00679284$ & $-0.0259773$ & $0.00932756$ & $0.00408745$ & $-0.000757829$ & $-0.0628715$ & $-0.00430569$ & $-0.0235034$ & $0.00408357$ & $-0.00514231$ & $0.0104489$ & $0.0127966$ & $0.00421038$ & $-0.00506993$ & $-0.00773284$ & $0.00324608$ & $0.0017786$ & $0.00239723$ & $0.00433852$ & $-0.0036292$ & $-0.0114373$ & $-0.00845454$ & $-0.0149988$ & $0.000915091$ & $-0.000768198$ & $0.012128$ & $0.0426384$ & $0.00547882$ & $-0.0165498$ & $-0.0022627$ & $0.00597449$ & $-0.102496$ & $0.0217312$ & $0.00569291$ & $-0.0455776$ & $0.00449329$ & $1$ & $-0.00348993$ & $-0.0722261$ & $-0.0696097$ & $0.0984403$ & $-0.0110352$ & $0.117584$ & $-0.11919$ & $-0.0227659$ \\
eHZgapar & $-0.000502687$ & $-0.00107112$ & $-0.00866172$ & $0.0160369$ & $0.00383757$ & $-0.000835842$ & $0.000877109$ & $0.0202465$ & $0.0195273$ & $-0.0189869$ & $-0.0163291$ & $-0.0157663$ & $0.00614993$ & $-0.000210497$ & $-0.00511925$ & $0.00388991$ & $-0.00148513$ & $-0.00277205$ & $-0.00788223$ & $0.0144441$ & $0.0182674$ & $0.0164517$ & $0.0103942$ & $-0.0158764$ & $-0.00482108$ & $-0.0186138$ & $0.0202108$ & $0.0111661$ & $-0.00351378$ & $0.00395105$ & $-0.00401463$ & $-0.000347816$ & $-0.00599897$ & $0.0274481$ & $-0.00595554$ & $-0.00136096$ & $-0.0209232$ & $-0.00392882$ & $0.000665214$ & $-0.00581066$ & $-0.00348993$ & $1$ & $0.0019601$ & $0.0234281$ & $0.00940071$ & $0.010399$ & $0.00654797$ & $-0.000444777$ & $-0.0115559$ \\
eHgagaint & $0.134499$ & $-0.13502$ & $-0.149014$ & $0.14284$ & $0.0170889$ & $-0.00519089$ & $0.0220551$ & $-0.00836065$ & $0.0463993$ & $0.00709225$ & $0.015864$ & $0.0297573$ & $-0.0327756$ & $-0.0152081$ & $-0.0218294$ & $-0.014904$ & $-0.0175583$ & $-0.00285144$ & $-0.00805768$ & $-0.0201402$ & $-0.0189858$ & $-0.0195269$ & $0.015077$ & $-0.0157735$ & $-0.0163559$ & $0.00171315$ & $0.00193863$ & $0.00197379$ & $0.0118315$ & $-0.00989173$ & $-0.0185622$ & $0.0150626$ & $-0.0138359$ & $0.000380382$ & $-0.0351765$ & $-0.01588$ & $-0.0325969$ & $0.0066573$ & $-0.0206664$ & $0.0156775$ & $-0.0722261$ & $0.0019601$ & $1$ & $-0.028092$ & $0.112526$ & $0.0510156$ & $-0.00476363$ & $-0.121412$ & $0.0572011$ \\
eHmumuint & $-0.146375$ & $0.02453$ & $0.0122441$ & $-0.0262573$ & $0.00642212$ & $0.0144084$ & $-0.0274555$ & $-0.00349262$ & $-0.00241141$ & $0.00647735$ & $0.00930936$ & $-0.0202248$ & $0.0194035$ & $-0.00979271$ & $-0.00691693$ & $0.0262824$ & $-0.0116401$ & $-0.0047282$ & $-0.027984$ & $-0.0071802$ & $-0.00941341$ & $-0.00920862$ & $-0.0115944$ & $0.00154105$ & $-0.00155508$ & $0.0134038$ & $-0.012538$ & $-0.00727837$ & $0.00797302$ & $0.0284293$ & $0.0252403$ & $-0.0257045$ & $0.0067318$ & $0.00520616$ & $0.0276293$ & $-0.0977627$ & $-0.0892494$ & $0.00780286$ & $0.0513104$ & $-0.0251044$ & $-0.0696097$ & $0.0234281$ & $-0.028092$ & $1$ & $0.0338847$ & $-0.0508679$ & $0.0583401$ & $-0.0411694$ & $-0.0357669$ \\
eHtautauint & $0.0889557$ & $-0.0735026$ & $0.0188659$ & $0.0237668$ & $-0.00428459$ & $-0.00290223$ & $-0.0322124$ & $0.00751153$ & $0.0131979$ & $-0.0102871$ & $-0.0149349$ & $-0.055149$ & $0.0498063$ & $0.0169202$ & $0.00204944$ & $0.00627347$ & $0.0168583$ & $0.0156858$ & $0.0108969$ & $0.0129219$ & $0.0125134$ & $0.0134839$ & $-0.00138847$ & $0.00485241$ & $0.00860763$ & $-0.0166553$ & $0.00180742$ & $0.0218004$ & $0.0249275$ & $0.0916246$ & $0.0142151$ & $-0.0272351$ & $0.039474$ & $0.00296923$ & $0.0087079$ & $0.0377112$ & $-0.0571682$ & $0.0176884$ & $-0.0407358$ & $0.00457677$ & $0.0984403$ & $0.00940071$ & $0.112526$ & $0.0338847$ & $1$ & $0.0677095$ & $-0.0379865$ & $-0.00933804$ & $0.00167841$ \\
eHccint & $0.0676548$ & $0.0303077$ & $-0.0743832$ & $0.139951$ & $0.0145738$ & $0.00436481$ & $0.0120548$ & $-0.0251393$ & $-0.0218559$ & $0.025863$ & $0.021722$ & $0.016709$ & $-0.0152522$ & $-0.0023586$ & $-0.0258504$ & $-0.0226211$ & $0.00120517$ & $0.0171103$ & $0.0147913$ & $-0.0224587$ & $-0.0208158$ & $-0.021749$ & $0.0259591$ & $0.0111942$ & $0.0152269$ & $0.00741683$ & $0.0165764$ & $-0.00104066$ & $-0.00894731$ & $-0.0123715$ & $0.0403983$ & $0.0112626$ & $0.0357984$ & $-0.00217259$ & $-0.0171261$ & $0.0368187$ & $-0.048642$ & $0.00342087$ & $-0.0333199$ & $-0.00986701$ & $-0.0110352$ & $0.010399$ & $0.0510156$ & $-0.0508679$ & $0.0677095$ & $1$ & $-0.0304484$ & $0.0298905$ & $0.122004$ \\
eHccpar & $0.0273683$ & $-0.0675123$ & $0.015102$ & $0.00344946$ & $-0.0043577$ & $0.0155434$ & $0.013118$ & $-0.0166028$ & $-0.014699$ & $0.00420798$ & $0.0231399$ & $0.00390212$ & $-0.00355256$ & $-0.0168769$ & $-0.0155109$ & $-0.0172338$ & $-0.0147055$ & $-0.0052673$ & $-0.00495674$ & $-0.0242375$ & $-0.0242455$ & $-0.0262482$ & $0.014555$ & $-0.00341734$ & $-0.00451775$ & $0.00572315$ & $-0.00122054$ & $0.00192818$ & $0.00365233$ & $0.00235046$ & $0.298374$ & $0.00817833$ & $-0.0199676$ & $-0.0094424$ & $-0.0552908$ & $-0.0553454$ & $-0.0418786$ & $-0.0112257$ & $-0.100661$ & $-0.00818536$ & $0.117584$ & $0.00654797$ & $-0.00476363$ & $0.0583401$ & $-0.0379865$ & $-0.0304484$ & $1$ & $0.0339683$ & $-0.08398$ \\
eHbbint & $0.0174733$ & $0.086407$ & $0.0511456$ & $0.029426$ & $-0.00779765$ & $-0.0057629$ & $0.0122259$ & $-0.0137487$ & $-0.0193532$ & $0.0159034$ & $0.011715$ & $0.011174$ & $-0.00768178$ & $-0.00341817$ & $0.0108608$ & $0.0106676$ & $-0.00111065$ & $-0.00531796$ & $-0.00437299$ & $-0.00837285$ & $-0.0120145$ & $-0.00836768$ & $-0.018565$ & $0.0129152$ & $-0.0101995$ & $0.0142957$ & $-0.0273908$ & $-0.0131992$ & $-0.00496659$ & $-0.00418355$ & $-0.00259123$ & $0.00855986$ & $0.0615834$ & $-0.0189017$ & $0.00160343$ & $-0.0503277$ & $0.00264177$ & $-0.0147668$ & $-0.0391835$ & $-0.00674718$ & $-0.11919$ & $-0.000444777$ & $-0.121412$ & $-0.0411694$ & $-0.00933804$ & $0.0298905$ & $0.0339683$ & $1$ & $-0.0745251$ \\
eHbbpar & $0.0530301$ & $-0.0279569$ & $-0.0398236$ & $0.125043$ & $0.00840403$ & $0.0110849$ & $0.0176611$ & $0.0141232$ & $0.0167336$ & $0.0174311$ & $-0.00329372$ & $0.0441406$ & $-0.0372285$ & $-0.00960514$ & $-0.00128981$ & $-0.0273424$ & $-0.0226974$ & $-0.0215895$ & $-0.00323283$ & $0.000858267$ & $0.00469238$ & $0.00177738$ & $0.0107336$ & $-0.0235206$ & $-0.0157716$ & $-0.00122916$ & $0.0286971$ & $0.00844746$ & $0.00563434$ & $-0.0352018$ & $-0.0345868$ & $0.0188048$ & $0.287401$ & $0.00793934$ & $0.0101172$ & $0.0909427$ & $0.0722708$ & $-0.00340796$ & $-0.00105286$ & $0.0037733$ & $-0.0227659$ & $-0.0115559$ & $0.0572011$ & $-0.0357669$ & $0.00167841$ & $0.122004$ & $-0.08398$ & $-0.0745251$ & $1$ \\
