 & AlsMz & dAle5Mz & mtop & mHl & Mz & CW & CHG & CHWB & CHWHB_gaga & CHWHB_gagaorth & CHD & CHbox & CH & CHL1_11 & CHL1_22 & CHL1_33 & CHL3_11 & CHL3_22 & CHL3_33 & CHe_11 & CHe_22 & CHe_33 & CHQ1_11 & CHQ1_33 & CHQ3_11 & CHu_11 & CHd_11 & CHd_33 & CeH_22r & CeH_33r & CuH_22r & CuH_33r & CdH_33r & CLL_1221 & eHggint & eHggpar & eHWWint & eHWWpar & eHZZint & eHZZpar & eHZgaint & eHZgapar & eHgagaint & eHmumuint & eHtautauint & eHccint & eHccpar & eHbbint & eHbbpar \\
AlsMz & $1$ & $0.000624452$ & $-0.028447$ & $0.0331508$ & $-0.0140921$ & $0.0046985$ & $0.021029$ & $-0.0367858$ & $-0.0344656$ & $0.00429543$ & $0.01121$ & $0.0447858$ & $-0.007272$ & $0.0135624$ & $-0.0209426$ & $-0.01061$ & $0.0411138$ & $0.0470848$ & $0.0377704$ & $-0.0206269$ & $-0.0201285$ & $-0.0204619$ & $-0.00181671$ & $-0.0280679$ & $-0.0693913$ & $-0.0236373$ & $-0.0577904$ & $-0.00804325$ & $-0.0280598$ & $-0.0289043$ & $0.00849366$ & $0.0192542$ & $-0.0264597$ & $-0.0101474$ & $-0.00504401$ & $0.00381562$ & $0.0376158$ & $-0.0199481$ & $0.0526481$ & $0.008971$ & $-0.0521823$ & $-0.0439119$ & $0.0399216$ & $-0.0538548$ & $-0.0183169$ & $-0.0751501$ & $-0.000711823$ & $-0.00141461$ & $-0.0308888$ \\
dAle5Mz & $0.000624452$ & $1$ & $0.0373018$ & $0.0429247$ & $-0.00297152$ & $0.0369245$ & $0.0596266$ & $-0.105455$ & $-0.102911$ & $0.0675113$ & $0.0864611$ & $0.0812869$ & $-0.0608548$ & $-0.0335228$ & $-0.0434744$ & $-0.0107072$ & $0.014286$ & $0.0289758$ & $0.00639332$ & $-0.0647229$ & $-0.0687375$ & $-0.0683429$ & $0.00877553$ & $0.0447152$ & $0.0171358$ & $0.0539447$ & $-0.029223$ & $-0.0306495$ & $-0.00674603$ & $-0.0518183$ & $-0.0249764$ & $0.053567$ & $-0.0373819$ & $0.0050069$ & $0.00331902$ & $-0.00851714$ & $-0.0144069$ & $-0.0305652$ & $-0.0130364$ & $0.0117604$ & $-0.0194191$ & $0.0449125$ & $0.0322658$ & $0.00923632$ & $0.000583688$ & $-0.0486785$ & $-0.0383381$ & $-0.0557673$ & $0.0333557$ \\
mtop & $-0.028447$ & $0.0373018$ & $1$ & $-0.0268699$ & $-0.0172224$ & $0.0158962$ & $0.0274881$ & $0.0127511$ & $0.00825521$ & $-0.00868639$ & $0.00562889$ & $0.0448928$ & $-0.0447127$ & $-0.013898$ & $-0.00405476$ & $0.00116678$ & $-0.0252117$ & $-0.0225698$ & $-0.0200976$ & $-0.000578337$ & $0.00370928$ & $0.00884486$ & $-0.0593765$ & $-0.0182189$ & $-0.0390524$ & $0.0307554$ & $-0.0194608$ & $0.00653727$ & $-0.0208465$ & $-0.0464065$ & $-0.0389404$ & $0.017048$ & $-0.0655814$ & $0.0178833$ & $-0.0336531$ & $0.0458493$ & $0.0318655$ & $0.0201541$ & $0.026584$ & $-0.0183861$ & $-0.000781518$ & $-0.0105095$ & $-0.0470564$ & $0.0158498$ & $-0.0199264$ & $0.000487094$ & $-0.00526409$ & $-0.0162728$ & $-0.0233003$ \\
mHl & $0.0331508$ & $0.0429247$ & $-0.0268699$ & $1$ & $0.0178104$ & $0.0203925$ & $0.0184308$ & $-0.0395828$ & $-0.0385736$ & $0.0096914$ & $0.00962191$ & $-0.0631818$ & $0.0266995$ & $0.0446828$ & $-0.0318841$ & $-0.00422584$ & $0.0482077$ & $0.0732763$ & $0.057317$ & $-0.00744542$ & $-0.00850777$ & $-0.0108469$ & $0.00501395$ & $0.0321728$ & $0.0651138$ & $0.0258481$ & $-0.00134407$ & $-0.0375738$ & $-0.0115465$ & $0.00585791$ & $-0.00900536$ & $0.0377079$ & $0.0151001$ & $-0.0125916$ & $0.0168739$ & $-0.00190169$ & $0.0393199$ & $0.0352973$ & $0.0321939$ & $0.0248785$ & $0.0291982$ & $0.0107273$ & $0.0266873$ & $-0.0790461$ & $-0.0067611$ & $-0.0583275$ & $-0.0206711$ & $0.0370774$ & $0.00411111$ \\
Mz & $-0.0140921$ & $-0.00297152$ & $-0.0172224$ & $0.0178104$ & $1$ & $-0.030776$ & $-0.0399996$ & $0.023501$ & $0.0268599$ & $-0.0133386$ & $-0.0235312$ & $-0.0246241$ & $0.0446392$ & $0.0275879$ & $0.0137421$ & $-0.00653945$ & $0.0127309$ & $0.00517027$ & $0.016651$ & $0.0295245$ & $0.0319071$ & $0.0304882$ & $0.00150867$ & $0.00530108$ & $0.0119027$ & $-0.0117174$ & $0.0238056$ & $0.0290555$ & $0.00241712$ & $0.0258583$ & $0.0232905$ & $-0.0505875$ & $0.0155188$ & $0.00601154$ & $-0.0311497$ & $-0.0168505$ & $-0.0176694$ & $-0.0104522$ & $0.0254729$ & $0.0153546$ & $-0.0197567$ & $0.0298833$ & $0.0299537$ & $-0.012229$ & $0.0138539$ & $0.0502187$ & $-0.030435$ & $0.0261126$ & $-0.0302637$ \\
CW & $0.0046985$ & $0.0369245$ & $0.0158962$ & $0.0203925$ & $-0.030776$ & $1$ & $0.0669864$ & $-0.0931599$ & $-0.0924483$ & $0.0456777$ & $0.200658$ & $0.0812217$ & $-0.0872509$ & $-0.0487747$ & $-0.0887737$ & $-0.0817535$ & $-0.378123$ & $-0.16388$ & $-0.172202$ & $-0.195158$ & $-0.206468$ & $-0.199116$ & $-0.0132073$ & $-0.107808$ & $-0.198022$ & $0.161468$ & $-0.0915716$ & $-0.126641$ & $-0.00333706$ & $-0.0772318$ & $-0.0670393$ & $0.0700078$ & $-0.0457877$ & $-0.142011$ & $0.032758$ & $-0.0429942$ & $0.00728694$ & $-0.0363504$ & $-0.0371385$ & $0.00859322$ & $-0.0194406$ & $0.0144538$ & $0.0329035$ & $0.016889$ & $-0.0200055$ & $-0.0437166$ & $-0.0883233$ & $-0.0300934$ & $0.0316805$ \\
CHG & $0.021029$ & $0.0596266$ & $0.0274881$ & $0.0184308$ & $-0.0399996$ & $0.0669864$ & $1$ & $-0.0335283$ & $-0.0148602$ & $0.20512$ & $0.0891834$ & $0.361051$ & $-0.781717$ & $-0.104992$ & $-0.0123465$ & $-0.029473$ & $-0.127469$ & $-0.109479$ & $-0.0986712$ & $-0.0851934$ & $-0.0891382$ & $-0.0821811$ & $0.000754729$ & $-0.0654886$ & $-0.118009$ & $0.0515075$ & $-0.0541148$ & $-0.0357244$ & $-0.11691$ & $-0.616024$ & $-0.35907$ & $0.957215$ & $-0.611151$ & $-0.0343305$ & $-0.166253$ & $0.0380929$ & $0.0808874$ & $-0.0201857$ & $0.00531208$ & $0.0479421$ & $-0.0170381$ & $0.0150826$ & $0.0255374$ & $-0.0255579$ & $-0.0365155$ & $-0.0110789$ & $-0.0200395$ & $-0.0695585$ & $-0.0726593$ \\
CHWB & $-0.0367858$ & $-0.105455$ & $0.0127511$ & $-0.0395828$ & $0.023501$ & $-0.0931599$ & $-0.0335283$ & $1$ & $0.989416$ & $-0.5507$ & $-0.878859$ & $-0.194652$ & $0.0355519$ & $0.295623$ & $0.486593$ & $0.464428$ & $-0.22141$ & $-0.404624$ & $-0.40606$ & $0.862516$ & $0.891$ & $0.885496$ & $-0.0313408$ & $-0.627336$ & $-0.379969$ & $-0.5953$ & $0.365664$ & $0.405919$ & $-0.00277312$ & $0.0315571$ & $-0.00660728$ & $-0.0590878$ & $0.000920199$ & $0.505201$ & $-0.0174958$ & $0.0405068$ & $-0.0163691$ & $0.00974513$ & $0.00896696$ & $-0.0178297$ & $0.0403619$ & $-0.0355824$ & $0.0349751$ & $-0.00529067$ & $0.0271334$ & $0.0254971$ & $-0.00813361$ & $0.022701$ & $-0.022911$ \\
CHWHB_gaga & $-0.0344656$ & $-0.102911$ & $0.00825521$ & $-0.0385736$ & $0.0268599$ & $-0.0924483$ & $-0.0148602$ & $0.989416$ & $1$ & $-0.547731$ & $-0.868928$ & $-0.18928$ & $0.0440133$ & $0.290759$ & $0.484267$ & $0.459513$ & $-0.220773$ & $-0.403605$ & $-0.403365$ & $0.852911$ & $0.880788$ & $0.875664$ & $-0.0366534$ & $-0.622525$ & $-0.379068$ & $-0.584995$ & $0.358215$ & $0.401622$ & $0.00766774$ & $0.0510749$ & $0.00597202$ & $-0.0404162$ & $0.0218339$ & $0.496966$ & $-0.029751$ & $0.037348$ & $-0.0306983$ & $0.0156086$ & $0.0105054$ & $-0.013907$ & $0.0406689$ & $-0.042382$ & $0.0882052$ & $-0.00256949$ & $0.0291916$ & $0.0212105$ & $-0.0117427$ & $0.0249493$ & $-0.0223159$ \\
CHWHB_gagaorth & $0.00429543$ & $0.0675113$ & $-0.00868639$ & $0.0096914$ & $-0.0133386$ & $0.0456777$ & $0.20512$ & $-0.5507$ & $-0.547731$ & $1$ & $0.480354$ & $0.446187$ & $-0.250647$ & $-0.151086$ & $-0.278207$ & $-0.264518$ & $0.129656$ & $0.23642$ & $0.236771$ & $-0.471942$ & $-0.48545$ & $-0.482013$ & $0.0138622$ & $0.344601$ & $0.226813$ & $0.324191$ & $-0.187842$ & $-0.25001$ & $-0.0376932$ & $-0.215029$ & $-0.137285$ & $0.231167$ & $-0.227888$ & $-0.269099$ & $0.0126291$ & $0.014598$ & $0.025101$ & $-0.0497049$ & $0.0292578$ & $0.0201234$ & $-0.100032$ & $-0.0120664$ & $-0.052604$ & $-0.0152449$ & $-0.0152205$ & $-0.00956307$ & $-0.00451858$ & $-0.0687536$ & $-0.0163829$ \\
CHD & $0.01121$ & $0.0864611$ & $0.00562889$ & $0.00962191$ & $-0.0235312$ & $0.200658$ & $0.0891834$ & $-0.878859$ & $-0.868928$ & $0.480354$ & $1$ & $0.272481$ & $-0.113971$ & $-0.675727$ & $-0.581784$ & $-0.58197$ & $-0.242056$ & $-0.0115908$ & $-0.00482345$ & $-0.994802$ & $-0.994941$ & $-0.983916$ & $0.0737211$ & $0.224206$ & $-0.0414185$ & $0.681301$ & $-0.24308$ & $-0.455685$ & $-0.0153141$ & $-0.0989118$ & $-0.05$ & $0.112672$ & $-0.0738652$ & $-0.317502$ & $0.0296189$ & $-0.0521076$ & $0.00266625$ & $-0.00954095$ & $-0.0147553$ & $0.0307419$ & $-0.0272818$ & $0.0347245$ & $-0.0443793$ & $0.00959607$ & $-0.0229947$ & $-0.0210353$ & $-0.0176333$ & $-0.0175819$ & $0.0128128$ \\
CHbox & $0.0447858$ & $0.0812869$ & $0.0448928$ & $-0.0631818$ & $-0.0246241$ & $0.0812217$ & $0.361051$ & $-0.194652$ & $-0.18928$ & $0.446187$ & $0.272481$ & $1$ & $-0.43182$ & $-0.235702$ & $-0.0870131$ & $-0.097254$ & $-0.183827$ & $-0.132123$ & $-0.117887$ & $-0.26258$ & $-0.277753$ & $-0.259998$ & $0.0151494$ & $-0.0243243$ & $-0.150489$ & $0.181663$ & $-0.140664$ & $-0.11977$ & $-0.0244695$ & $-0.291392$ & $-0.173205$ & $0.372185$ & $-0.290268$ & $-0.128083$ & $-0.0498228$ & $0.0994426$ & $0.0152074$ & $-0.0714459$ & $0.0414632$ & $0.0642288$ & $-0.0761096$ & $0.00231607$ & $-0.013018$ & $-0.0068334$ & $-0.0627931$ & $0.01496$ & $-0.0217918$ & $-0.125143$ & $-0.0616199$ \\
CH & $-0.007272$ & $-0.0608548$ & $-0.0447127$ & $0.0266995$ & $0.0446392$ & $-0.0872509$ & $-0.781717$ & $0.0355519$ & $0.0440133$ & $-0.250647$ & $-0.113971$ & $-0.43182$ & $1$ & $0.145873$ & $0.00525765$ & $0.0304621$ & $0.174899$ & $0.157867$ & $0.14278$ & $0.108257$ & $0.114834$ & $0.104746$ & $-0.0128328$ & $0.0942829$ & $0.161867$ & $-0.0690625$ & $0.0651518$ & $0.061924$ & $0.167765$ & $0.759594$ & $0.446883$ & $-0.696002$ & $0.751888$ & $0.0448791$ & $0.206781$ & $0.00655102$ & $-0.0660358$ & $0.0363793$ & $-0.0281571$ & $-0.0555807$ & $0.0353701$ & $-0.0167516$ & $0.00430551$ & $0.0295724$ & $0.0386258$ & $-0.0177926$ & $0.0150041$ & $0.122297$ & $0.0892522$ \\
CHL1_11 & $0.0135624$ & $-0.0335228$ & $-0.013898$ & $0.0446828$ & $0.0275879$ & $-0.0487747$ & $-0.104992$ & $0.295623$ & $0.290759$ & $-0.151086$ & $-0.675727$ & $-0.235702$ & $0.145873$ & $1$ & $0.397155$ & $0.428485$ & $0.623914$ & $0.57849$ & $0.56716$ & $0.68663$ & $0.649763$ & $0.638339$ & $-0.111787$ & $0.41596$ & $0.57071$ & $-0.455741$ & $-0.057181$ & $0.303197$ & $0.0323606$ & $0.124697$ & $0.0796898$ & $-0.116467$ & $0.121178$ & $-0.145165$ & $-0.023283$ & $0.0342873$ & $0.0335437$ & $-0.0130917$ & $0.0154814$ & $-0.0391577$ & $-0.0279278$ & $-0.0147478$ & $0.0445985$ & $-0.0171391$ & $-0.00486387$ & $-0.00945701$ & $0.0134185$ & $-0.00384681$ & $0.00417069$ \\
CHL1_22 & $-0.0209426$ & $-0.0434744$ & $-0.00405476$ & $-0.0318841$ & $0.0137421$ & $-0.0887737$ & $-0.0123465$ & $0.486593$ & $0.484267$ & $-0.278207$ & $-0.581784$ & $-0.0870131$ & $0.00525765$ & $0.397155$ & $1$ & $0.553381$ & $0.132989$ & $-0.342573$ & $-0.0471544$ & $0.624725$ & $0.527421$ & $0.521735$ & $-0.202724$ & $-0.0027366$ & $-0.113142$ & $-0.36311$ & $-0.316946$ & $0.232394$ & $-0.00788104$ & $0.0183902$ & $0.00563294$ & $-0.0236471$ & $-0.00454072$ & $-0.46894$ & $-0.0371135$ & $0.0290429$ & $-0.03375$ & $0.00430563$ & $0.0215795$ & $-0.0133485$ & $0.0297032$ & $-0.0290944$ & $0.0597949$ & $0.00370965$ & $-0.0262898$ & $0.0372644$ & $0.0197638$ & $-0.0440123$ & $-0.041479$ \\
CHL1_33 & $-0.01061$ & $-0.0107072$ & $0.00116678$ & $-0.00422584$ & $-0.00653945$ & $-0.0817535$ & $-0.029473$ & $0.464428$ & $0.459513$ & $-0.264518$ & $-0.58197$ & $-0.097254$ & $0.0304621$ & $0.428485$ & $0.553381$ & $1$ & $0.172292$ & $0.000528398$ & $-0.30473$ & $0.624701$ & $0.526855$ & $0.53836$ & $-0.214329$ & $0.0344012$ & $-0.0572703$ & $-0.353898$ & $-0.300329$ & $0.219159$ & $-0.00591051$ & $0.0114433$ & $-0.00594537$ & $-0.0383693$ & $0.0182237$ & $-0.0432952$ & $-0.0336272$ & $0.014725$ & $-0.0124716$ & $0.00570312$ & $0.0126275$ & $-0.0127961$ & $0.0329799$ & $-0.0573735$ & $0.0532959$ & $0.022145$ & $0.00544325$ & $0.043974$ & $0.0149321$ & $-0.0465446$ & $-0.00475805$ \\
CHL3_11 & $0.0411138$ & $0.014286$ & $-0.0252117$ & $0.0482077$ & $0.0127309$ & $-0.378123$ & $-0.127469$ & $-0.22141$ & $-0.220773$ & $0.129656$ & $-0.242056$ & $-0.183827$ & $0.174899$ & $0.623914$ & $0.132989$ & $0.172292$ & $1$ & $0.821657$ & $0.815117$ & $0.25235$ & $0.221527$ & $0.208543$ & $-0.0399649$ & $0.754884$ & $0.84958$ & $-0.185403$ & $-0.129765$ & $0.109076$ & $0.0355276$ & $0.149213$ & $0.134027$ & $-0.124163$ & $0.158151$ & $-0.221594$ & $-0.0336646$ & $0.0330576$ & $0.0178587$ & $0.0155169$ & $0.00798499$ & $-0.0154088$ & $-0.00100208$ & $0.00533981$ & $0.00216712$ & $-0.0066062$ & $-0.000117076$ & $0.00324322$ & $0.0723173$ & $0.00838231$ & $0.0234814$ \\
CHL3_22 & $0.0470848$ & $0.0289758$ & $-0.0225698$ & $0.0732763$ & $0.00517027$ & $-0.16388$ & $-0.109479$ & $-0.404624$ & $-0.403605$ & $0.23642$ & $-0.0115908$ & $-0.132123$ & $0.157867$ & $0.57849$ & $-0.342573$ & $0.000528398$ & $0.821657$ & $1$ & $0.786777$ & $0.00962105$ & $0.00942861$ & $0.00224669$ & $0.0221606$ & $0.74012$ & $0.865903$ & $-0.0322467$ & $-0.0285773$ & $0.0130658$ & $0.0427477$ & $0.126046$ & $0.107683$ & $-0.102101$ & $0.147584$ & $-0.033214$ & $-0.00549345$ & $0.00934714$ & $0.0484934$ & $-0.00047179$ & $-0.00156582$ & $-0.0195026$ & $-0.0384141$ & $0.012089$ & $-0.0111925$ & $-0.0114477$ & $0.00711743$ & $-0.0253503$ & $0.0374917$ & $0.0165714$ & $0.0424176$ \\
CHL3_33 & $0.0377704$ & $0.00639332$ & $-0.0200976$ & $0.057317$ & $0.016651$ & $-0.172202$ & $-0.0986712$ & $-0.40606$ & $-0.403365$ & $0.236771$ & $-0.00482345$ & $-0.117887$ & $0.14278$ & $0.56716$ & $-0.0471544$ & $-0.30473$ & $0.815117$ & $0.786777$ & $1$ & $0.00218889$ & $0.00415969$ & $-0.00289669$ & $0.0363818$ & $0.735801$ & $0.854635$ & $-0.0358946$ & $-0.0331376$ & $0.0236171$ & $0.0374288$ & $0.132669$ & $0.119542$ & $-0.0912534$ & $0.137283$ & $-0.333031$ & $-0.00404257$ & $0.0201861$ & $0.0341654$ & $0.000129977$ & $0.00463224$ & $-0.0253949$ & $-0.0447189$ & $0.0256644$ & $-0.0176443$ & $-0.0277098$ & $-0.0207213$ & $-0.0264939$ & $0.0427436$ & $0.0182831$ & $0.019965$ \\
CHe_11 & $-0.0206269$ & $-0.0647229$ & $-0.000578337$ & $-0.00744542$ & $0.0295245$ & $-0.195158$ & $-0.0851934$ & $0.862516$ & $0.852911$ & $-0.471942$ & $-0.994802$ & $-0.26258$ & $0.108257$ & $0.68663$ & $0.624725$ & $0.624701$ & $0.25235$ & $0.00962105$ & $0.00218889$ & $1$ & $0.984899$ & $0.974141$ & $-0.0920807$ & $-0.191458$ & $0.0454185$ & $-0.674856$ & $0.187675$ & $0.448498$ & $0.0157771$ & $0.0952662$ & $0.0460743$ & $-0.107938$ & $0.0694074$ & $0.259388$ & $-0.0287728$ & $0.0495271$ & $-0.00274201$ & $0.00915523$ & $0.0146411$ & $-0.0331892$ & $0.0258705$ & $-0.0367314$ & $0.0478542$ & $-0.00842493$ & $0.0206389$ & $0.0222078$ & $0.0174524$ & $0.00958005$ & $-0.0151971$ \\
CHe_22 & $-0.0201285$ & $-0.0687375$ & $0.00370928$ & $-0.00850777$ & $0.0319071$ & $-0.206468$ & $-0.0891382$ & $0.891$ & $0.880788$ & $-0.48545$ & $-0.994941$ & $-0.277753$ & $0.114834$ & $0.649763$ & $0.527421$ & $0.526855$ & $0.221527$ & $0.00942861$ & $0.00415969$ & $0.984899$ & $1$ & $0.98654$ & $-0.0513665$ & $-0.262853$ & $0.0336854$ & $-0.682849$ & $0.304933$ & $0.457755$ & $0.0162433$ & $0.0996389$ & $0.0486747$ & $-0.113845$ & $0.0734374$ & $0.383856$ & $-0.0281959$ & $0.0529191$ & $-0.0020038$ & $0.00836329$ & $0.0134587$ & $-0.030772$ & $0.0263637$ & $-0.031605$ & $0.0400783$ & $-0.0111364$ & $0.0265632$ & $0.0181743$ & $0.0138208$ & $0.0235713$ & $-0.010412$ \\
CHe_33 & $-0.0204619$ & $-0.0683429$ & $0.00884486$ & $-0.0108469$ & $0.0304882$ & $-0.199116$ & $-0.0821811$ & $0.885496$ & $0.875664$ & $-0.482013$ & $-0.983916$ & $-0.259998$ & $0.104746$ & $0.638339$ & $0.521735$ & $0.53836$ & $0.208543$ & $0.00224669$ & $-0.00289669$ & $0.974141$ & $0.98654$ & $1$ & $-0.0464414$ & $-0.268393$ & $0.0251184$ & $-0.677623$ & $0.301807$ & $0.455005$ & $0.0119059$ & $0.0943395$ & $0.0487112$ & $-0.106141$ & $0.0671625$ & $0.383658$ & $-0.0306804$ & $0.0478359$ & $-0.0051691$ & $0.0111585$ & $0.0171054$ & $-0.0328221$ & $0.0245529$ & $-0.0364624$ & $0.0364473$ & $-0.0110625$ & $0.0239524$ & $0.0193635$ & $0.0126125$ & $0.0178459$ & $-0.0188576$ \\
CHQ1_11 & $-0.00181671$ & $0.00877553$ & $-0.0593765$ & $0.00501395$ & $0.00150867$ & $-0.0132073$ & $0.000754729$ & $-0.0313408$ & $-0.0366534$ & $0.0138622$ & $0.0737211$ & $0.0151494$ & $-0.0128328$ & $-0.111787$ & $-0.202724$ & $-0.214329$ & $-0.0399649$ & $0.0221606$ & $0.0363818$ & $-0.0920807$ & $-0.0513665$ & $-0.0464414$ & $1$ & $-0.0800823$ & $0.0857521$ & $-0.537711$ & $0.338324$ & $-0.00904757$ & $0.00868937$ & $0.0147168$ & $0.0219703$ & $0.00898342$ & $0.0069349$ & $0.172971$ & $0.0311353$ & $-0.0152532$ & $-0.0340318$ & $-0.0431571$ & $-0.0261347$ & $0.00660323$ & $-0.0128279$ & $0.00321589$ & $-0.0390522$ & $0.00778951$ & $0.0122803$ & $0.00328637$ & $0.0132368$ & $0.0224518$ & $0.00345874$ \\
CHQ1_33 & $-0.0280679$ & $0.0447152$ & $-0.0182189$ & $0.0321728$ & $0.00530108$ & $-0.107808$ & $-0.0654886$ & $-0.627336$ & $-0.622525$ & $0.344601$ & $0.224206$ & $-0.0243243$ & $0.0942829$ & $0.41596$ & $-0.0027366$ & $0.0344012$ & $0.754884$ & $0.74012$ & $0.735801$ & $-0.191458$ & $-0.262853$ & $-0.268393$ & $-0.0800823$ & $1$ & $0.758303$ & $0.157068$ & $-0.370377$ & $-0.032743$ & $0.0184659$ & $0.0790026$ & $0.0796059$ & $-0.0508688$ & $0.0989013$ & $-0.579423$ & $-0.00165232$ & $-0.000173447$ & $0.0214386$ & $0.000910513$ & $0.000846387$ & $-0.010758$ & $-0.031556$ & $0.0124152$ & $0.00199475$ & $0.0127711$ & $-0.021605$ & $0.01163$ & $0.0355176$ & $-0.0196083$ & $0.0215502$ \\
CHQ3_11 & $-0.0693913$ & $0.0171358$ & $-0.0390524$ & $0.0651138$ & $0.0119027$ & $-0.198022$ & $-0.118009$ & $-0.379969$ & $-0.379068$ & $0.226813$ & $-0.0414185$ & $-0.150489$ & $0.161867$ & $0.57071$ & $-0.113142$ & $-0.0572703$ & $0.84958$ & $0.865903$ & $0.854635$ & $0.0454185$ & $0.0336854$ & $0.0251184$ & $0.0857521$ & $0.758303$ & $1$ & $-0.0496934$ & $0.143671$ & $0.0293986$ & $0.0437239$ & $0.147079$ & $0.117833$ & $-0.11095$ & $0.148557$ & $-0.216103$ & $-0.00472008$ & $0.00769607$ & $0.0464544$ & $0.0145627$ & $-0.0143832$ & $-0.00710059$ & $-0.0251114$ & $0.0146444$ & $-0.0223345$ & $-0.00050609$ & $0.014338$ & $-0.0218199$ & $0.0496215$ & $-0.0122738$ & $0.0284296$ \\
CHu_11 & $-0.0236373$ & $0.0539447$ & $0.0307554$ & $0.0258481$ & $-0.0117174$ & $0.161468$ & $0.0515075$ & $-0.5953$ & $-0.584995$ & $0.324191$ & $0.681301$ & $0.181663$ & $-0.0690625$ & $-0.455741$ & $-0.36311$ & $-0.353898$ & $-0.185403$ & $-0.0322467$ & $-0.0358946$ & $-0.674856$ & $-0.682849$ & $-0.677623$ & $-0.537711$ & $0.157068$ & $-0.0496934$ & $1$ & $-0.179844$ & $-0.321941$ & $-0.0112413$ & $-0.0680489$ & $-0.0416054$ & $0.0661433$ & $-0.0538352$ & $-0.251685$ & $0.0050935$ & $-0.0322894$ & $0.0365821$ & $0.0355519$ & $-0.00713519$ & $0.0214277$ & $-0.0110126$ & $0.0321671$ & $-0.0092877$ & $-0.00731962$ & $-0.0171585$ & $-0.0207173$ & $-0.038337$ & $-0.0132939$ & $0.00449757$ \\
CHd_11 & $-0.0577904$ & $-0.029223$ & $-0.0194608$ & $-0.00134407$ & $0.0238056$ & $-0.0915716$ & $-0.0541148$ & $0.365664$ & $0.358215$ & $-0.187842$ & $-0.24308$ & $-0.140664$ & $0.0651518$ & $-0.057181$ & $-0.316946$ & $-0.300329$ & $-0.129765$ & $-0.0285773$ & $-0.0331376$ & $0.187675$ & $0.304933$ & $0.301807$ & $0.338324$ & $-0.370377$ & $0.143671$ & $-0.179844$ & $1$ & $0.150208$ & $0.00981576$ & $0.0673094$ & $0.0327475$ & $-0.0642489$ & $0.0340112$ & $0.679064$ & $0.0251819$ & $0.0090301$ & $0.0308881$ & $0.0297389$ & $-0.0340013$ & $0.0156662$ & $0.0112637$ & $0.00121122$ & $-0.0402961$ & $-0.00254858$ & $0.0601551$ & $-0.0175243$ & $-0.00857481$ & $0.0350216$ & $0.006664$ \\
CHd_33 & $-0.00804325$ & $-0.0306495$ & $0.00653727$ & $-0.0375738$ & $0.0290555$ & $-0.126641$ & $-0.0357244$ & $0.405919$ & $0.401622$ & $-0.25001$ & $-0.455685$ & $-0.11977$ & $0.061924$ & $0.303197$ & $0.232394$ & $0.219159$ & $0.109076$ & $0.0130658$ & $0.0236171$ & $0.448498$ & $0.457755$ & $0.455005$ & $-0.00904757$ & $-0.032743$ & $0.0293986$ & $-0.321941$ & $0.150208$ & $1$ & $0.0188772$ & $0.0552866$ & $0.0582754$ & $-0.0478726$ & $0.032002$ & $0.182988$ & $0.0160613$ & $0.0222648$ & $-0.021635$ & $0.0164865$ & $0.00662176$ & $-0.0250568$ & $0.00311782$ & $0.0164584$ & $0.00127594$ & $0.0115264$ & $-0.000593705$ & $0.027558$ & $0.0233644$ & $0.00370104$ & $-0.0388431$ \\
CeH_22r & $-0.0280598$ & $-0.00674603$ & $-0.0208465$ & $-0.0115465$ & $0.00241712$ & $-0.00333706$ & $-0.11691$ & $-0.00277312$ & $0.00766774$ & $-0.0376932$ & $-0.0153141$ & $-0.0244695$ & $0.167765$ & $0.0323606$ & $-0.00788104$ & $-0.00591051$ & $0.0355276$ & $0.0427477$ & $0.0374288$ & $0.0157771$ & $0.0162433$ & $0.0119059$ & $0.00868937$ & $0.0184659$ & $0.0437239$ & $-0.0112413$ & $0.00981576$ & $0.0188772$ & $1$ & $0.151574$ & $0.110598$ & $-0.116849$ & $0.148013$ & $0.00600752$ & $-0.000270912$ & $-0.0187298$ & $-0.0135864$ & $-0.014624$ & $-0.0769468$ & $-0.0272019$ & $-0.0240034$ & $0.0166036$ & $-0.00795455$ & $-0.0268098$ & $-0.00179356$ & $0.0375233$ & $0.0338852$ & $-0.0304688$ & $0.0208176$ \\
CeH_33r & $-0.0289043$ & $-0.0518183$ & $-0.0464065$ & $0.00585791$ & $0.0258583$ & $-0.0772318$ & $-0.616024$ & $0.0315571$ & $0.0510749$ & $-0.215029$ & $-0.0989118$ & $-0.291392$ & $0.759594$ & $0.124697$ & $0.0183902$ & $0.0114433$ & $0.149213$ & $0.126046$ & $0.132669$ & $0.0952662$ & $0.0996389$ & $0.0943395$ & $0.0147168$ & $0.0790026$ & $0.147079$ & $-0.0680489$ & $0.0673094$ & $0.0552866$ & $0.151574$ & $1$ & $0.53892$ & $-0.471734$ & $0.840582$ & $0.0245807$ & $0.11894$ & $-0.01356$ & $-0.193022$ & $0.0231326$ & $-0.0313176$ & $-0.0499356$ & $0.0373228$ & $0.000704602$ & $0.00868755$ & $0.0404473$ & $0.0745065$ & $-0.0203983$ & $0.0232807$ & $0.120715$ & $0.0828151$ \\
CuH_22r & $0.00849366$ & $-0.0249764$ & $-0.0389404$ & $-0.00900536$ & $0.0232905$ & $-0.0670393$ & $-0.35907$ & $-0.00660728$ & $0.00597202$ & $-0.137285$ & $-0.05$ & $-0.173205$ & $0.446883$ & $0.0796898$ & $0.00563294$ & $-0.00594537$ & $0.134027$ & $0.107683$ & $0.119542$ & $0.0460743$ & $0.0486747$ & $0.0487112$ & $0.0219703$ & $0.0796059$ & $0.117833$ & $-0.0416054$ & $0.0327475$ & $0.0582754$ & $0.110598$ & $0.53892$ & $1$ & $-0.260885$ & $0.540113$ & $0.00828705$ & $0.0406887$ & $0.0164916$ & $-0.0883846$ & $0.0568125$ & $-0.0493867$ & $-0.018772$ & $0.0317596$ & $0.0252536$ & $0.00896274$ & $-0.00202537$ & $-0.0122011$ & $0.0306729$ & $0.365013$ & $0.0627668$ & $0.0806884$ \\
CuH_33r & $0.0192542$ & $0.053567$ & $0.017048$ & $0.0377079$ & $-0.0505875$ & $0.0700078$ & $0.957215$ & $-0.0590878$ & $-0.0404162$ & $0.231167$ & $0.112672$ & $0.372185$ & $-0.696002$ & $-0.116467$ & $-0.0236471$ & $-0.0383693$ & $-0.124163$ & $-0.102101$ & $-0.0912534$ & $-0.107938$ & $-0.113845$ & $-0.106141$ & $0.00898342$ & $-0.0508688$ & $-0.11095$ & $0.0661433$ & $-0.0642489$ & $-0.0478726$ & $-0.116849$ & $-0.471734$ & $-0.260885$ & $1$ & $-0.458955$ & $-0.0487757$ & $-0.0975116$ & $0.0595687$ & $0.0449553$ & $-0.0197071$ & $0.00729325$ & $0.0466416$ & $-0.0136915$ & $0.0145216$ & $0.0362193$ & $-0.0216195$ & $-0.0350551$ & $-0.024108$ & $-0.0195569$ & $-0.0378287$ & $-0.0550775$ \\
CdH_33r & $-0.0264597$ & $-0.0373819$ & $-0.0655814$ & $0.0151001$ & $0.0155188$ & $-0.0457877$ & $-0.611151$ & $0.000920199$ & $0.0218339$ & $-0.227888$ & $-0.0738652$ & $-0.290268$ & $0.751888$ & $0.121178$ & $-0.00454072$ & $0.0182237$ & $0.158151$ & $0.147584$ & $0.137283$ & $0.0694074$ & $0.0734374$ & $0.0671625$ & $0.0069349$ & $0.0989013$ & $0.148557$ & $-0.0538352$ & $0.0340112$ & $0.032002$ & $0.148013$ & $0.840582$ & $0.540113$ & $-0.458955$ & $1$ & $0.0181359$ & $0.114058$ & $-0.0225947$ & $-0.170725$ & $0.0313496$ & $-0.0387362$ & $-0.0466798$ & $0.0234035$ & $-0.00562321$ & $0.00262405$ & $0.0422156$ & $0.00484733$ & $-0.0104333$ & $0.0092963$ & $0.246351$ & $0.399486$ \\
CLL_1221 & $-0.0101474$ & $0.0050069$ & $0.0178833$ & $-0.0125916$ & $0.00601154$ & $-0.142011$ & $-0.0343305$ & $0.505201$ & $0.496966$ & $-0.269099$ & $-0.317502$ & $-0.128083$ & $0.0448791$ & $-0.145165$ & $-0.46894$ & $-0.0432952$ & $-0.221594$ & $-0.033214$ & $-0.333031$ & $0.259388$ & $0.383856$ & $0.383658$ & $0.172971$ & $-0.579423$ & $-0.216103$ & $-0.251685$ & $0.679064$ & $0.182988$ & $0.00600752$ & $0.0245807$ & $0.00828705$ & $-0.0487757$ & $0.0181359$ & $1$ & $0.00653503$ & $0.0185727$ & $0.00706451$ & $0.0172926$ & $-0.0147311$ & $0.00505443$ & $0.0292695$ & $-0.00422486$ & $-0.0263093$ & $-0.00536607$ & $0.0539088$ & $-0.00295402$ & $-0.00804144$ & $0.0665959$ & $0.0231286$ \\
eHggint & $-0.00504401$ & $0.00331902$ & $-0.0336531$ & $0.0168739$ & $-0.0311497$ & $0.032758$ & $-0.166253$ & $-0.0174958$ & $-0.029751$ & $0.0126291$ & $0.0296189$ & $-0.0498228$ & $0.206781$ & $-0.023283$ & $-0.0371135$ & $-0.0336272$ & $-0.0336646$ & $-0.00549345$ & $-0.00404257$ & $-0.0287728$ & $-0.0281959$ & $-0.0306804$ & $0.0311353$ & $-0.00165232$ & $-0.00472008$ & $0.0050935$ & $0.0251819$ & $0.0160613$ & $-0.000270912$ & $0.11894$ & $0.0406887$ & $-0.0975116$ & $0.114058$ & $0.00653503$ & $1$ & $-0.125546$ & $-0.0488509$ & $0.0259671$ & $-0.0532234$ & $-0.00706798$ & $-0.0339727$ & $-0.0160569$ & $0.0251936$ & $-0.00952498$ & $0.000712671$ & $-0.0381673$ & $-0.0306044$ & $0.0742119$ & $0.0293032$ \\
eHggpar & $0.00381562$ & $-0.00851714$ & $0.0458493$ & $-0.00190169$ & $-0.0168505$ & $-0.0429942$ & $0.0380929$ & $0.0405068$ & $0.037348$ & $0.014598$ & $-0.0521076$ & $0.0994426$ & $0.00655102$ & $0.0342873$ & $0.0290429$ & $0.014725$ & $0.0330576$ & $0.00934714$ & $0.0201861$ & $0.0495271$ & $0.0529191$ & $0.0478359$ & $-0.0152532$ & $-0.000173447$ & $0.00769607$ & $-0.0322894$ & $0.0090301$ & $0.0222648$ & $-0.0187298$ & $-0.01356$ & $0.0164916$ & $0.0595687$ & $-0.0225947$ & $0.0185727$ & $-0.125546$ & $1$ & $0.0392743$ & $-0.00501561$ & $-0.0187865$ & $0.0175643$ & $-0.0248055$ & $0.0130159$ & $0.0287778$ & $0.0689019$ & $0.00203472$ & $-0.0500303$ & $0.0327369$ & $-0.0216303$ & $0.037432$ \\
eHWWint & $0.0376158$ & $-0.0144069$ & $0.0318655$ & $0.0393199$ & $-0.0176694$ & $0.00728694$ & $0.0808874$ & $-0.0163691$ & $-0.0306983$ & $0.025101$ & $0.00266625$ & $0.0152074$ & $-0.0660358$ & $0.0335437$ & $-0.03375$ & $-0.0124716$ & $0.0178587$ & $0.0484934$ & $0.0341654$ & $-0.00274201$ & $-0.0020038$ & $-0.0051691$ & $-0.0340318$ & $0.0214386$ & $0.0464544$ & $0.0365821$ & $0.0308881$ & $-0.021635$ & $-0.0135864$ & $-0.193022$ & $-0.0883846$ & $0.0449553$ & $-0.170725$ & $0.00706451$ & $-0.0488509$ & $0.0392743$ & $1$ & $-0.0315346$ & $0.0137452$ & $-0.0255877$ & $-0.0398566$ & $-0.00289956$ & $-0.035927$ & $-0.0146854$ & $0.0136447$ & $-0.00555904$ & $0.0814944$ & $-0.0193712$ & $0.0224335$ \\
eHWWpar & $-0.0199481$ & $-0.0305652$ & $0.0201541$ & $0.0352973$ & $-0.0104522$ & $-0.0363504$ & $-0.0201857$ & $0.00974513$ & $0.0156086$ & $-0.0497049$ & $-0.00954095$ & $-0.0714459$ & $0.0363793$ & $-0.0130917$ & $0.00430563$ & $0.00570312$ & $0.0155169$ & $-0.00047179$ & $0.000129977$ & $0.00915523$ & $0.00836329$ & $0.0111585$ & $-0.0431571$ & $0.000910513$ & $0.0145627$ & $0.0355519$ & $0.0297389$ & $0.0164865$ & $-0.014624$ & $0.0231326$ & $0.0568125$ & $-0.0197071$ & $0.0313496$ & $0.0172926$ & $0.0259671$ & $-0.00501561$ & $-0.0315346$ & $1$ & $-0.0572213$ & $-0.016272$ & $0.00546409$ & $0.0243315$ & $-0.0026646$ & $0.0253765$ & $-0.00464621$ & $0.0244972$ & $0.0470636$ & $-0.00475221$ & $-0.00579894$ \\
eHZZint & $0.0526481$ & $-0.0130364$ & $0.026584$ & $0.0321939$ & $0.0254729$ & $-0.0371385$ & $0.00531208$ & $0.00896696$ & $0.0105054$ & $0.0292578$ & $-0.0147553$ & $0.0414632$ & $-0.0281571$ & $0.0154814$ & $0.0215795$ & $0.0126275$ & $0.00798499$ & $-0.00156582$ & $0.00463224$ & $0.0146411$ & $0.0134587$ & $0.0171054$ & $-0.0261347$ & $0.000846387$ & $-0.0143832$ & $-0.00713519$ & $-0.0340013$ & $0.00662176$ & $-0.0769468$ & $-0.0313176$ & $-0.0493867$ & $0.00729325$ & $-0.0387362$ & $-0.0147311$ & $-0.0532234$ & $-0.0187865$ & $0.0137452$ & $-0.0572213$ & $1$ & $0.0129705$ & $-0.0280022$ & $-0.0209694$ & $0.00158053$ & $-0.00602549$ & $-0.00526288$ & $-0.0156721$ & $-0.00990959$ & $0.0107644$ & $-0.0599253$ \\
eHZZpar & $0.008971$ & $0.0117604$ & $-0.0183861$ & $0.0248785$ & $0.0153546$ & $0.00859322$ & $0.0479421$ & $-0.0178297$ & $-0.013907$ & $0.0201234$ & $0.0307419$ & $0.0642288$ & $-0.0555807$ & $-0.0391577$ & $-0.0133485$ & $-0.0127961$ & $-0.0154088$ & $-0.0195026$ & $-0.0253949$ & $-0.0331892$ & $-0.030772$ & $-0.0328221$ & $0.00660323$ & $-0.010758$ & $-0.00710059$ & $0.0214277$ & $0.0156662$ & $-0.0250568$ & $-0.0272019$ & $-0.0499356$ & $-0.018772$ & $0.0466416$ & $-0.0466798$ & $0.00505443$ & $-0.00706798$ & $0.0175643$ & $-0.0255877$ & $-0.016272$ & $0.0129705$ & $1$ & $0.00741592$ & $-0.00512364$ & $0.0187847$ & $-0.0140973$ & $0.00159779$ & $0.00950822$ & $0.00922909$ & $-0.0151329$ & $0.0011823$ \\
eHZgaint & $-0.0521823$ & $-0.0194191$ & $-0.000781518$ & $0.0291982$ & $-0.0197567$ & $-0.0194406$ & $-0.0170381$ & $0.0403619$ & $0.0406689$ & $-0.100032$ & $-0.0272818$ & $-0.0761096$ & $0.0353701$ & $-0.0279278$ & $0.0297032$ & $0.0329799$ & $-0.00100208$ & $-0.0384141$ & $-0.0447189$ & $0.0258705$ & $0.0263637$ & $0.0245529$ & $-0.0128279$ & $-0.031556$ & $-0.0251114$ & $-0.0110126$ & $0.0112637$ & $0.00311782$ & $-0.0240034$ & $0.0373228$ & $0.0317596$ & $-0.0136915$ & $0.0234035$ & $0.0292695$ & $-0.0339727$ & $-0.0248055$ & $-0.0398566$ & $0.00546409$ & $-0.0280022$ & $0.00741592$ & $1$ & $0.0349914$ & $0.0311341$ & $0.0337995$ & $-0.0031322$ & $-0.0363944$ & $-0.00273163$ & $0.0577095$ & $-0.0595838$ \\
eHZgapar & $-0.0439119$ & $0.0449125$ & $-0.0105095$ & $0.0107273$ & $0.0298833$ & $0.0144538$ & $0.0150826$ & $-0.0355824$ & $-0.042382$ & $-0.0120664$ & $0.0347245$ & $0.00231607$ & $-0.0167516$ & $-0.0147478$ & $-0.0290944$ & $-0.0573735$ & $0.00533981$ & $0.012089$ & $0.0256644$ & $-0.0367314$ & $-0.031605$ & $-0.0364624$ & $0.00321589$ & $0.0124152$ & $0.0146444$ & $0.0321671$ & $0.00121122$ & $0.0164584$ & $0.0166036$ & $0.000704602$ & $0.0252536$ & $0.0145216$ & $-0.00562321$ & $-0.00422486$ & $-0.0160569$ & $0.0130159$ & $-0.00289956$ & $0.0243315$ & $-0.0209694$ & $-0.00512364$ & $0.0349914$ & $1$ & $0.0126479$ & $-0.0287329$ & $-0.0199759$ & $0.0292369$ & $0.0312585$ & $0.039722$ & $-0.0168156$ \\
eHgagaint & $0.0399216$ & $0.0322658$ & $-0.0470564$ & $0.0266873$ & $0.0299537$ & $0.0329035$ & $0.0255374$ & $0.0349751$ & $0.0882052$ & $-0.052604$ & $-0.0443793$ & $-0.013018$ & $0.00430551$ & $0.0445985$ & $0.0597949$ & $0.0532959$ & $0.00216712$ & $-0.0111925$ & $-0.0176443$ & $0.0478542$ & $0.0400783$ & $0.0364473$ & $-0.0390522$ & $0.00199475$ & $-0.0223345$ & $-0.0092877$ & $-0.0402961$ & $0.00127594$ & $-0.00795455$ & $0.00868755$ & $0.00896274$ & $0.0362193$ & $0.00262405$ & $-0.0263093$ & $0.0251936$ & $0.0287778$ & $-0.035927$ & $-0.0026646$ & $0.00158053$ & $0.0187847$ & $0.0311341$ & $0.0126479$ & $1$ & $0.0254763$ & $-0.00249463$ & $-0.0453382$ & $-0.00149329$ & $0.0324724$ & $0.00720112$ \\
eHmumuint & $-0.0538548$ & $0.00923632$ & $0.0158498$ & $-0.0790461$ & $-0.012229$ & $0.016889$ & $-0.0255579$ & $-0.00529067$ & $-0.00256949$ & $-0.0152449$ & $0.00959607$ & $-0.0068334$ & $0.0295724$ & $-0.0171391$ & $0.00370965$ & $0.022145$ & $-0.0066062$ & $-0.0114477$ & $-0.0277098$ & $-0.00842493$ & $-0.0111364$ & $-0.0110625$ & $0.00778951$ & $0.0127711$ & $-0.00050609$ & $-0.00731962$ & $-0.00254858$ & $0.0115264$ & $-0.0268098$ & $0.0404473$ & $-0.00202537$ & $-0.0216195$ & $0.0422156$ & $-0.00536607$ & $-0.00952498$ & $0.0689019$ & $-0.0146854$ & $0.0253765$ & $-0.00602549$ & $-0.0140973$ & $0.0337995$ & $-0.0287329$ & $0.0254763$ & $1$ & $0.023789$ & $-0.0395807$ & $-0.068581$ & $0.00761977$ & $0.00945329$ \\
eHtautauint & $-0.0183169$ & $0.000583688$ & $-0.0199264$ & $-0.0067611$ & $0.0138539$ & $-0.0200055$ & $-0.0365155$ & $0.0271334$ & $0.0291916$ & $-0.0152205$ & $-0.0229947$ & $-0.0627931$ & $0.0386258$ & $-0.00486387$ & $-0.0262898$ & $0.00544325$ & $-0.000117076$ & $0.00711743$ & $-0.0207213$ & $0.0206389$ & $0.0265632$ & $0.0239524$ & $0.0122803$ & $-0.021605$ & $0.014338$ & $-0.0171585$ & $0.0601551$ & $-0.000593705$ & $-0.00179356$ & $0.0745065$ & $-0.0122011$ & $-0.0350551$ & $0.00484733$ & $0.0539088$ & $0.000712671$ & $0.00203472$ & $0.0136447$ & $-0.00464621$ & $-0.00526288$ & $0.00159779$ & $-0.0031322$ & $-0.0199759$ & $-0.00249463$ & $0.023789$ & $1$ & $-0.0228721$ & $0.00575506$ & $-0.00429522$ & $-0.0352293$ \\
eHccint & $-0.0751501$ & $-0.0486785$ & $0.000487094$ & $-0.0583275$ & $0.0502187$ & $-0.0437166$ & $-0.0110789$ & $0.0254971$ & $0.0212105$ & $-0.00956307$ & $-0.0210353$ & $0.01496$ & $-0.0177926$ & $-0.00945701$ & $0.0372644$ & $0.043974$ & $0.00324322$ & $-0.0253503$ & $-0.0264939$ & $0.0222078$ & $0.0181743$ & $0.0193635$ & $0.00328637$ & $0.01163$ & $-0.0218199$ & $-0.0207173$ & $-0.0175243$ & $0.027558$ & $0.0375233$ & $-0.0203983$ & $0.0306729$ & $-0.024108$ & $-0.0104333$ & $-0.00295402$ & $-0.0381673$ & $-0.0500303$ & $-0.00555904$ & $0.0244972$ & $-0.0156721$ & $0.00950822$ & $-0.0363944$ & $0.0292369$ & $-0.0453382$ & $-0.0395807$ & $-0.0228721$ & $1$ & $0.018553$ & $-0.0110638$ & $0.024323$ \\
eHccpar & $-0.000711823$ & $-0.0383381$ & $-0.00526409$ & $-0.0206711$ & $-0.030435$ & $-0.0883233$ & $-0.0200395$ & $-0.00813361$ & $-0.0117427$ & $-0.00451858$ & $-0.0176333$ & $-0.0217918$ & $0.0150041$ & $0.0134185$ & $0.0197638$ & $0.0149321$ & $0.0723173$ & $0.0374917$ & $0.0427436$ & $0.0174524$ & $0.0138208$ & $0.0126125$ & $0.0132368$ & $0.0355176$ & $0.0496215$ & $-0.038337$ & $-0.00857481$ & $0.0233644$ & $0.0338852$ & $0.0232807$ & $0.365013$ & $-0.0195569$ & $0.0092963$ & $-0.00804144$ & $-0.0306044$ & $0.0327369$ & $0.0814944$ & $0.0470636$ & $-0.00990959$ & $0.00922909$ & $-0.00273163$ & $0.0312585$ & $-0.00149329$ & $-0.068581$ & $0.00575506$ & $0.018553$ & $1$ & $-0.0225753$ & $-0.00290407$ \\
eHbbint & $-0.00141461$ & $-0.0557673$ & $-0.0162728$ & $0.0370774$ & $0.0261126$ & $-0.0300934$ & $-0.0695585$ & $0.022701$ & $0.0249493$ & $-0.0687536$ & $-0.0175819$ & $-0.125143$ & $0.122297$ & $-0.00384681$ & $-0.0440123$ & $-0.0465446$ & $0.00838231$ & $0.0165714$ & $0.0182831$ & $0.00958005$ & $0.0235713$ & $0.0178459$ & $0.0224518$ & $-0.0196083$ & $-0.0122738$ & $-0.0132939$ & $0.0350216$ & $0.00370104$ & $-0.0304688$ & $0.120715$ & $0.0627668$ & $-0.0378287$ & $0.246351$ & $0.0665959$ & $0.0742119$ & $-0.0216303$ & $-0.0193712$ & $-0.00475221$ & $0.0107644$ & $-0.0151329$ & $0.0577095$ & $0.039722$ & $0.0324724$ & $0.00761977$ & $-0.00429522$ & $-0.0110638$ & $-0.0225753$ & $1$ & $0.0681621$ \\
eHbbpar & $-0.0308888$ & $0.0333557$ & $-0.0233003$ & $0.00411111$ & $-0.0302637$ & $0.0316805$ & $-0.0726593$ & $-0.022911$ & $-0.0223159$ & $-0.0163829$ & $0.0128128$ & $-0.0616199$ & $0.0892522$ & $0.00417069$ & $-0.041479$ & $-0.00475805$ & $0.0234814$ & $0.0424176$ & $0.019965$ & $-0.0151971$ & $-0.010412$ & $-0.0188576$ & $0.00345874$ & $0.0215502$ & $0.0284296$ & $0.00449757$ & $0.006664$ & $-0.0388431$ & $0.0208176$ & $0.0828151$ & $0.0806884$ & $-0.0550775$ & $0.399486$ & $0.0231286$ & $0.0293032$ & $0.037432$ & $0.0224335$ & $-0.00579894$ & $-0.0599253$ & $0.0011823$ & $-0.0595838$ & $-0.0168156$ & $0.00720112$ & $0.00945329$ & $-0.0352293$ & $0.024323$ & $-0.00290407$ & $0.0681621$ & $1$ \\
