 & AlsMz & dAle5Mz & mtop & mHl & Mz & CW & CHG & CHWB & CHWHB_gaga & CHWHB_gagaorth & CHD & CHbox & CH & CHL1_11 & CHL1_22 & CHL1_33 & CHL3_11 & CHL3_22 & CHL3_33 & CHe_11 & CHe_22 & CHe_33 & CHQ1_11 & CHQ1_33 & CHQ3_11 & CHu_11 & CHd_11 & CHd_33 & CeH_22r & CeH_33r & CuH_22r & CuH_33r & CdH_33r & CLL_1221 & eHggint & eHggpar & eHWWint & eHWWpar & eHZZint & eHZZpar & eHZgaint & eHZgapar & eHgagaint & eHmumuint & eHtautauint & eHccint & eHccpar & eHbbint & eHbbpar \\
AlsMz & $1$ & $0.0153037$ & $-0.0499624$ & $0.01919$ & $-0.00039462$ & $-0.0439685$ & $0.0135174$ & $-0.0396256$ & $-0.035252$ & $0.0590989$ & $0.00643914$ & $0.0196764$ & $-0.000227038$ & $0.0311638$ & $0.00395147$ & $-0.0205436$ & $0.040096$ & $0.0403714$ & $0.0459887$ & $-0.0145215$ & $-0.020053$ & $-0.0245468$ & $-0.0057898$ & $-0.0137351$ & $-0.0729549$ & $-0.0312456$ & $-0.036284$ & $0.0245882$ & $-0.0464268$ & $-0.0112288$ & $-0.0361354$ & $-0.00162659$ & $-0.0301392$ & $-0.0359363$ & $0.0308519$ & $0.000714549$ & $-0.0222434$ & $-0.0749138$ & $-0.0110581$ & $0.00135524$ & $0.0277891$ & $-0.0065923$ & $-0.0212444$ & $-0.00673022$ & $-0.000745152$ & $0.0527947$ & $-0.0301929$ & $0.0496909$ & $-0.0668373$ \\
dAle5Mz & $0.0153037$ & $1$ & $0.0395599$ & $-0.0130595$ & $0.00356861$ & $0.0509$ & $0.00933513$ & $-0.115514$ & $-0.109031$ & $0.0542324$ & $0.0919764$ & $0.0587636$ & $-0.0367109$ & $-0.0276978$ & $-0.0171034$ & $-0.0560461$ & $0.0321568$ & $0.0209926$ & $0.0452232$ & $-0.0632943$ & $-0.0599834$ & $-0.0700926$ & $-0.016289$ & $0.0479004$ & $0.0326554$ & $0.0562025$ & $-0.00799973$ & $-0.0540611$ & $0.00754058$ & $0.00721541$ & $-0.0116486$ & $0.00254716$ & $0.0070585$ & $-0.00437261$ & $-0.0337189$ & $-0.00394958$ & $-0.0439083$ & $0.00758166$ & $-0.0288134$ & $-0.0226059$ & $-0.00471237$ & $0.0181946$ & $-0.023732$ & $0.0204282$ & $0.0116924$ & $-0.0470519$ & $-0.0182536$ & $-0.0237503$ & $0.0174475$ \\
mtop & $-0.0499624$ & $0.0395599$ & $1$ & $0.022148$ & $0.0235255$ & $0.00230463$ & $-0.0111898$ & $0.0159054$ & $0.00901188$ & $0.0546913$ & $-0.0321059$ & $0.0306858$ & $-0.000703299$ & $0.0483998$ & $0.0100704$ & $-0.0106454$ & $0.0531624$ & $0.0363614$ & $0.0565819$ & $0.0421521$ & $0.0453398$ & $0.0477166$ & $-0.0392711$ & $0.0400264$ & $0.0501421$ & $-0.0186108$ & $0.0195993$ & $-0.0159241$ & $0.0432851$ & $0.00564528$ & $0.00897535$ & $-0.00175634$ & $0.0122443$ & $0.00931415$ & $0.0143741$ & $0.00080817$ & $-0.0375364$ & $0.0436859$ & $0.0340195$ & $-0.0200887$ & $-0.0586505$ & $-0.0415827$ & $-0.0230443$ & $-0.000664991$ & $0.0400698$ & $0.013528$ & $0.00900073$ & $-0.0594833$ & $-0.00135261$ \\
mHl & $0.01919$ & $-0.0130595$ & $0.022148$ & $1$ & $0.0229034$ & $0.000375293$ & $0.000323922$ & $0.00415827$ & $4.00915e-05$ & $-0.0116573$ & $-0.00339001$ & $-0.00637635$ & $-0.0168961$ & $-0.00193903$ & $-0.0223305$ & $-0.0101533$ & $-7.33664e-05$ & $0.013267$ & $0.002164$ & $0.00261607$ & $0.00525803$ & $0.000742389$ & $0.0276236$ & $-0.0124952$ & $0.00823694$ & $-0.00304167$ & $0.0227602$ & $0.0333175$ & $0.0366056$ & $-0.0213864$ & $-0.0220597$ & $-0.00572468$ & $-0.0297823$ & $0.0200413$ & $-0.03763$ & $0.0165771$ & $-0.0186587$ & $0.0152632$ & $0.0501813$ & $-0.00933608$ & $-0.0451428$ & $0.0016347$ & $0.0135262$ & $0.052197$ & $0.0242209$ & $0.0370462$ & $-0.0145432$ & $0.0478253$ & $-0.0122067$ \\
Mz & $-0.00039462$ & $0.00356861$ & $0.0235255$ & $0.0229034$ & $1$ & $0.00444583$ & $0.0274241$ & $-0.0229488$ & $-0.0224599$ & $0.0393675$ & $0.0187533$ & $0.016949$ & $-0.0117692$ & $0.0277698$ & $-0.0245983$ & $-0.0350989$ & $0.0181591$ & $0.0344772$ & $0.0369046$ & $-0.0184821$ & $-0.00913416$ & $-0.0145531$ & $-0.0286988$ & $0.0108087$ & $0.0182868$ & $0.0292083$ & $-0.0111339$ & $0.0257753$ & $0.0257734$ & $-0.0246896$ & $-0.00950045$ & $0.028607$ & $-0.00764321$ & $-0.00420778$ & $0.0202471$ & $-0.0155437$ & $0.0448232$ & $-0.0278674$ & $0.0139383$ & $-0.00790194$ & $0.0280144$ & $0.0338647$ & $0.00139703$ & $0.0153912$ & $-0.0389664$ & $0.0544406$ & $0.00591171$ & $-0.0071938$ & $0.0178087$ \\
CW & $-0.0439685$ & $0.0509$ & $0.00230463$ & $0.000375293$ & $0.00444583$ & $1$ & $-0.00346111$ & $-0.0878527$ & $-0.080056$ & $-0.0192942$ & $0.161759$ & $-0.00719817$ & $0.037607$ & $-0.00773756$ & $-0.0742058$ & $-0.0712889$ & $-0.27492$ & $-0.0849706$ & $-0.0839247$ & $-0.157983$ & $-0.16245$ & $-0.16093$ & $-0.0124183$ & $-0.0223945$ & $-0.103661$ & $0.113844$ & $-0.0361465$ & $-0.074931$ & $0.0462422$ & $2.53295e-05$ & $-0.0265833$ & $-0.0124988$ & $-0.00737701$ & $-0.0908957$ & $0.00255538$ & $0.00103163$ & $-0.0163113$ & $0.0344751$ & $0.034674$ & $-0.0278972$ & $0.0460087$ & $0.00844838$ & $0.00988918$ & $0.0071889$ & $0.00981498$ & $-0.00667295$ & $-0.0164756$ & $-0.0587705$ & $0.046008$ \\
CHG & $0.0135174$ & $0.00933513$ & $-0.0111898$ & $0.000323922$ & $0.0274241$ & $-0.00346111$ & $1$ & $-0.0893612$ & $-0.0308898$ & $0.0532949$ & $0.043294$ & $0.166601$ & $-0.268313$ & $0.0698343$ & $-0.0123897$ & $-0.0328258$ & $0.0773336$ & $0.0906815$ & $0.105576$ & $-0.0406908$ & $-0.0451977$ & $-0.0499431$ & $-0.0393539$ & $0.108994$ & $0.0729575$ & $0.0434618$ & $-0.0584971$ & $-0.0137935$ & $0.00591319$ & $-0.112527$ & $-0.0395711$ & $0.934926$ & $-0.119035$ & $-0.0709466$ & $-0.0790611$ & $0.00924765$ & $-0.00312293$ & $-0.0141811$ & $-0.00969081$ & $-0.0417795$ & $-0.0287613$ & $-0.000620268$ & $-0.0388639$ & $0.0330117$ & $-0.000345182$ & $-0.0165654$ & $0.0391418$ & $0.00350649$ & $0.0282834$ \\
CHWB & $-0.0396256$ & $-0.115514$ & $0.0159054$ & $0.00415827$ & $-0.0229488$ & $-0.0878527$ & $-0.0893612$ & $1$ & $0.980889$ & $-0.558628$ & $-0.869778$ & $-0.43198$ & $0.360325$ & $0.100024$ & $0.295787$ & $0.319358$ & $-0.253101$ & $-0.436508$ & $-0.450378$ & $0.839067$ & $0.887981$ & $0.867997$ & $0.0706707$ & $-0.646157$ & $-0.411209$ & $-0.531019$ & $0.409603$ & $0.295255$ & $0.0446414$ & $0.132834$ & $0.0771249$ & $-0.0784258$ & $0.148561$ & $0.552311$ & $-0.00480185$ & $-0.000658739$ & $0.00794186$ & $-0.0305906$ & $-0.00289036$ & $0.0168982$ & $0.00154398$ & $-0.00500825$ & $-0.0159803$ & $-0.0258247$ & $-0.031325$ & $-0.00534915$ & $0.046775$ & $0.0347617$ & $0.0150981$ \\
CHWHB_gaga & $-0.035252$ & $-0.109031$ & $0.00901188$ & $4.00915e-05$ & $-0.0224599$ & $-0.080056$ & $-0.0308898$ & $0.980889$ & $1$ & $-0.546748$ & $-0.846248$ & $-0.413172$ & $0.360672$ & $0.0824121$ & $0.292463$ & $0.312763$ & $-0.26074$ & $-0.443022$ & $-0.452912$ & $0.816858$ & $0.864448$ & $0.844403$ & $0.0654414$ & $-0.6439$ & $-0.415972$ & $-0.514256$ & $0.399633$ & $0.28052$ & $0.0488245$ & $0.15957$ & $0.0889602$ & $-0.0295914$ & $0.179395$ & $0.540296$ & $-0.0335678$ & $-0.00375644$ & $-0.0130588$ & $-0.0199687$ & $-0.0116622$ & $0.0118586$ & $-0.00893613$ & $-0.00606351$ & $0.058764$ & $-0.0263993$ & $-0.0318066$ & $-0.0157662$ & $0.0438913$ & $0.0263728$ & $0.0249954$ \\
CHWHB_gagaorth & $0.0590989$ & $0.0542324$ & $0.0546913$ & $-0.0116573$ & $0.0393675$ & $-0.0192942$ & $0.0532949$ & $-0.558628$ & $-0.546748$ & $1$ & $0.330305$ & $0.619182$ & $-0.251867$ & $0.245094$ & $-0.0953154$ & $-0.116436$ & $0.446288$ & $0.489332$ & $0.502844$ & $-0.315809$ & $-0.346238$ & $-0.338337$ & $-0.0715664$ & $0.554046$ & $0.475089$ & $0.234201$ & $-0.237652$ & $-0.138866$ & $-0.0126185$ & $-0.139485$ & $-0.034143$ & $0.0723861$ & $-0.162654$ & $-0.35771$ & $0.0589229$ & $0.00150256$ & $0.00573364$ & $0.0146764$ & $-0.0162923$ & $-0.0341074$ & $-0.0955992$ & $-0.014374$ & $-0.000535193$ & $-0.0188901$ & $0.0155444$ & $0.001274$ & $-0.021792$ & $-0.0249833$ & $-0.0338426$ \\
CHD & $0.00643914$ & $0.0919764$ & $-0.0321059$ & $-0.00339001$ & $0.0187533$ & $0.161759$ & $0.043294$ & $-0.869778$ & $-0.846248$ & $0.330305$ & $1$ & $0.324228$ & $-0.179641$ & $-0.529943$ & $-0.443591$ & $-0.445319$ & $-0.22222$ & $0.0512892$ & $0.0620246$ & $-0.989979$ & $-0.990779$ & $-0.96739$ & $-0.0107817$ & $0.260125$ & $0.0102656$ & $0.578739$ & $-0.266045$ & $-0.312658$ & $-0.0115048$ & $-0.0860837$ & $-0.0498934$ & $0.0433278$ & $-0.077342$ & $-0.330625$ & $-0.000881598$ & $-0.00344653$ & $-0.00883182$ & $0.0291511$ & $0.0133531$ & $0.00503026$ & $0.0143246$ & $-0.00150682$ & $0.029183$ & $0.0516777$ & $0.0177786$ & $0.0199265$ & $-0.0283987$ & $-0.0263355$ & $0.0151098$ \\
CHbox & $0.0196764$ & $0.0587636$ & $0.0306858$ & $-0.00637635$ & $0.016949$ & $-0.00719817$ & $0.166601$ & $-0.43198$ & $-0.413172$ & $0.619182$ & $0.324228$ & $1$ & $-0.697543$ & $0.0547588$ & $-0.071063$ & $-0.108004$ & $0.193697$ & $0.245452$ & $0.277946$ & $-0.302273$ & $-0.335786$ & $-0.324544$ & $-0.0673578$ & $0.345844$ & $0.239957$ & $0.227819$ & $-0.211876$ & $-0.116739$ & $-0.0191321$ & $-0.0790355$ & $-0.0473854$ & $0.188816$ & $-0.119483$ & $-0.29262$ & $0.0540071$ & $0.0187038$ & $0.0289903$ & $0.0175689$ & $-0.0158234$ & $-0.0248706$ & $-0.068054$ & $0.00611908$ & $-0.00356243$ & $0.00668739$ & $0.0058566$ & $0.0169316$ & $-0.0210903$ & $-0.0116069$ & $-0.0192353$ \\
CH & $-0.000227038$ & $-0.0367109$ & $-0.000703299$ & $-0.0168961$ & $-0.0117692$ & $0.037607$ & $-0.268313$ & $0.360325$ & $0.360672$ & $-0.251867$ & $-0.179641$ & $-0.697543$ & $1$ & $-0.22987$ & $0.07503$ & $0.113452$ & $-0.343327$ & $-0.381706$ & $-0.404044$ & $0.173138$ & $0.188673$ & $0.183579$ & $0.0311256$ & $-0.385505$ & $-0.375185$ & $-0.122643$ & $0.131643$ & $0.0631181$ & $0.0501903$ & $0.307528$ & $0.128142$ & $-0.208868$ & $0.360189$ & $0.227035$ & $0.0415906$ & $0.00540812$ & $-0.032904$ & $-0.000115955$ & $0.0206528$ & $0.0191147$ & $0.00608299$ & $-0.0127073$ & $0.00847998$ & $-0.00932004$ & $0.00379871$ & $-0.0023713$ & $0.0308112$ & $-0.026215$ & $0.00608218$ \\
CHL1_11 & $0.0311638$ & $-0.0276978$ & $0.0483998$ & $-0.00193903$ & $0.0277698$ & $-0.00773756$ & $0.0698343$ & $0.100024$ & $0.0824121$ & $0.245094$ & $-0.529943$ & $0.0547588$ & $-0.22987$ & $1$ & $0.316467$ & $0.268633$ & $0.666331$ & $0.598686$ & $0.611737$ & $0.54684$ & $0.48947$ & $0.47576$ & $-0.0833638$ & $0.491139$ & $0.602718$ & $-0.26243$ & $-0.110256$ & $0.138972$ & $-0.0355228$ & $-0.0506701$ & $-0.0192672$ & $0.0503949$ & $-0.0885249$ & $-0.249824$ & $0.0228821$ & $0.000117414$ & $0.015249$ & $-0.0143467$ & $-0.0118188$ & $-0.0477836$ & $-0.0314439$ & $0.0248955$ & $-0.040402$ & $-0.0660521$ & $0.0126581$ & $-0.0105157$ & $-0.0171912$ & $-0.00308022$ & $-0.0352542$ \\
CHL1_22 & $0.00395147$ & $-0.0171034$ & $0.0100704$ & $-0.0223305$ & $-0.0245983$ & $-0.0742058$ & $-0.0123897$ & $0.295787$ & $0.292463$ & $-0.0953154$ & $-0.443591$ & $-0.071063$ & $0.07503$ & $0.316467$ & $1$ & $0.461806$ & $0.198166$ & $-0.399493$ & $-0.00281149$ & $0.509564$ & $0.36219$ & $0.346714$ & $-0.175527$ & $0.165716$ & $-0.101539$ & $-0.224045$ & $-0.419025$ & $0.124285$ & $0.00525801$ & $0.0480844$ & $9.00723e-05$ & $-0.00939905$ & $0.00765064$ & $-0.601202$ & $-0.00277215$ & $0.0193217$ & $0.0183101$ & $0.00546281$ & $0.00665169$ & $0.0224124$ & $-0.0109639$ & $0.0333981$ & $-0.0172825$ & $-0.00165236$ & $0.0148232$ & $-6.82483e-06$ & $0.00128142$ & $-0.0108233$ & $-0.0370086$ \\
CHL1_33 & $-0.0205436$ & $-0.0560461$ & $-0.0106454$ & $-0.0101533$ & $-0.0350989$ & $-0.0712889$ & $-0.0328258$ & $0.319358$ & $0.312763$ & $-0.116436$ & $-0.445319$ & $-0.108004$ & $0.113452$ & $0.268633$ & $0.461806$ & $1$ & $0.172337$ & $-0.0255747$ & $-0.413251$ & $0.507692$ & $0.364708$ & $0.386204$ & $-0.165101$ & $0.103415$ & $-0.105229$ & $-0.211304$ & $-0.370363$ & $0.114169$ & $-0.000180706$ & $0.0492629$ & $-0.0254551$ & $-0.0224871$ & $0.0330902$ & $-0.0940301$ & $0.0244645$ & $0.0213281$ & $0.0132161$ & $0.0142799$ & $0.0132474$ & $0.0055851$ & $-0.0108719$ & $0.0137079$ & $0.0204696$ & $-0.0519262$ & $-0.0192588$ & $-0.0354774$ & $0.00446047$ & $0.0151737$ & $-0.0243076$ \\
CHL3_11 & $0.040096$ & $0.0321568$ & $0.0531624$ & $-7.33664e-05$ & $0.0181591$ & $-0.27492$ & $0.0773336$ & $-0.253101$ & $-0.26074$ & $0.446288$ & $-0.22222$ & $0.193697$ & $-0.343327$ & $0.666331$ & $0.198166$ & $0.172337$ & $1$ & $0.750243$ & $0.746293$ & $0.247953$ & $0.189243$ & $0.183293$ & $-0.0818671$ & $0.696181$ & $0.793456$ & $-0.0870921$ & $-0.174007$ & $0.0232551$ & $-0.0629792$ & $-0.095505$ & $-0.050417$ & $0.0552865$ & $-0.133753$ & $-0.285913$ & $-0.00860433$ & $0.00694558$ & $-0.00232705$ & $0.000721122$ & $-0.0278986$ & $-0.0308121$ & $-0.0253708$ & $-0.00275682$ & $-0.0190747$ & $-0.0433177$ & $0.0306456$ & $-0.0370273$ & $-0.0303559$ & $-0.00616705$ & $-0.0624689$ \\
CHL3_22 & $0.0403714$ & $0.0209926$ & $0.0363614$ & $0.013267$ & $0.0344772$ & $-0.0849706$ & $0.0906815$ & $-0.436508$ & $-0.443022$ & $0.489332$ & $0.0512892$ & $0.245452$ & $-0.381706$ & $0.598686$ & $-0.399493$ & $-0.0255747$ & $0.750243$ & $1$ & $0.697202$ & $-0.0521292$ & $-0.0499575$ & $-0.0422815$ & $0.00068125$ & $0.617402$ & $0.813477$ & $0.0581067$ & $-0.00176974$ & $-0.0494853$ & $-0.0648701$ & $-0.121854$ & $-0.0505307$ & $0.0685594$ & $-0.138407$ & $-1.01803e-05$ & $0.0148809$ & $-0.00101179$ & $-0.00814318$ & $0.000896006$ & $-0.0175192$ & $-0.0576637$ & $-0.0229019$ & $-0.0125625$ & $-0.00892024$ & $-0.0506412$ & $0.0151932$ & $-0.027051$ & $-0.032815$ & $-0.00639221$ & $-0.0311363$ \\
CHL3_33 & $0.0459887$ & $0.0452232$ & $0.0565819$ & $0.002164$ & $0.0369046$ & $-0.0839247$ & $0.105576$ & $-0.450378$ & $-0.452912$ & $0.502844$ & $0.0620246$ & $0.277946$ & $-0.404044$ & $0.611737$ & $-0.00281149$ & $-0.413251$ & $0.746293$ & $0.697202$ & $1$ & $-0.0611317$ & $-0.0586211$ & $-0.0572189$ & $-0.00424011$ & $0.644076$ & $0.798451$ & $0.0553086$ & $-0.0332138$ & $-0.0371749$ & $-0.0619095$ & $-0.119138$ & $-0.0325131$ & $0.0798379$ & $-0.154849$ & $-0.375123$ & $0.00448619$ & $-0.0084588$ & $-0.000900712$ & $-0.00803839$ & $-0.024425$ & $-0.0373325$ & $-0.0259148$ & $0.00286554$ & $-0.035883$ & $-0.0164857$ & $0.0395128$ & $-0.00587058$ & $-0.0395187$ & $-0.0275433$ & $-0.0427994$ \\
CHe_11 & $-0.0145215$ & $-0.0632943$ & $0.0421521$ & $0.00261607$ & $-0.0184821$ & $-0.157983$ & $-0.0406908$ & $0.839067$ & $0.816858$ & $-0.315809$ & $-0.989979$ & $-0.302273$ & $0.173138$ & $0.54684$ & $0.509564$ & $0.507692$ & $0.247953$ & $-0.0521292$ & $-0.0611317$ & $1$ & $0.972422$ & $0.950258$ & $-0.0135297$ & $-0.203522$ & $9.48269e-05$ & $-0.568444$ & $0.190608$ & $0.305669$ & $0.00803559$ & $0.0874374$ & $0.0473374$ & $-0.0390995$ & $0.0740318$ & $0.251286$ & $0.00507848$ & $0.00810182$ & $0.00609667$ & $-0.0231833$ & $-0.00959203$ & $-0.00649556$ & $-0.0161253$ & $0.000116002$ & $-0.0290421$ & $-0.0463334$ & $-0.0114738$ & $-0.0221933$ & $0.0230786$ & $0.0226728$ & $-0.0197124$ \\
CHe_22 & $-0.020053$ & $-0.0599834$ & $0.0453398$ & $0.00525803$ & $-0.00913416$ & $-0.16245$ & $-0.0451977$ & $0.887981$ & $0.864448$ & $-0.346238$ & $-0.990779$ & $-0.335786$ & $0.188673$ & $0.48947$ & $0.36219$ & $0.364708$ & $0.189243$ & $-0.0499575$ & $-0.0586211$ & $0.972422$ & $1$ & $0.97255$ & $0.0404155$ & $-0.317608$ & $-0.0175771$ & $-0.582284$ & $0.348951$ & $0.311977$ & $0.0152547$ & $0.0896898$ & $0.0570802$ & $-0.0447837$ & $0.0850271$ & $0.417347$ & $-0.00370891$ & $0.00104388$ & $0.00573304$ & $-0.0310641$ & $-0.0151298$ & $-0.0068266$ & $-0.0139285$ & $-0.002817$ & $-0.0317246$ & $-0.048606$ & $-0.017057$ & $-0.0212959$ & $0.0284543$ & $0.0272583$ & $-0.0116173$ \\
CHe_33 & $-0.0245468$ & $-0.0700926$ & $0.0477166$ & $0.000742389$ & $-0.0145531$ & $-0.16093$ & $-0.0499431$ & $0.867997$ & $0.844403$ & $-0.338337$ & $-0.96739$ & $-0.324544$ & $0.183579$ & $0.47576$ & $0.346714$ & $0.386204$ & $0.183293$ & $-0.0422815$ & $-0.0572189$ & $0.950258$ & $0.97255$ & $1$ & $0.039777$ & $-0.309514$ & $-0.0180158$ & $-0.570978$ & $0.336991$ & $0.313167$ & $0.0145187$ & $0.0847622$ & $0.0532742$ & $-0.0502241$ & $0.0769928$ & $0.415944$ & $-0.00276348$ & $0.00195427$ & $0.00870097$ & $-0.0401398$ & $-0.01268$ & $0.000748539$ & $-0.0175655$ & $-0.00538532$ & $-0.0287714$ & $-0.0511009$ & $-0.0225212$ & $-0.0199811$ & $0.0206041$ & $0.0275568$ & $-0.0239097$ \\
CHQ1_11 & $-0.0057898$ & $-0.016289$ & $-0.0392711$ & $0.0276236$ & $-0.0286988$ & $-0.0124183$ & $-0.0393539$ & $0.0706707$ & $0.0654414$ & $-0.0715664$ & $-0.0107817$ & $-0.0673578$ & $0.0311256$ & $-0.0833638$ & $-0.175527$ & $-0.165101$ & $-0.0818671$ & $0.00068125$ & $-0.00424011$ & $-0.0135297$ & $0.0404155$ & $0.039777$ & $1$ & $-0.154612$ & $0.0711759$ & $-0.668885$ & $0.354718$ & $-0.014534$ & $0.000343$ & $-0.0208163$ & $-0.00898121$ & $-0.0468136$ & $-0.000224388$ & $0.205982$ & $-0.0696449$ & $-0.00701224$ & $-0.056584$ & $0.00307373$ & $0.0158134$ & $0.0430839$ & $0.00784976$ & $-0.0102059$ & $-0.017227$ & $-0.0199367$ & $-0.0408391$ & $-0.0886241$ & $-0.0207717$ & $0.018768$ & $-0.00723577$ \\
CHQ1_33 & $-0.0137351$ & $0.0479004$ & $0.0400264$ & $-0.0124952$ & $0.0108087$ & $-0.0223945$ & $0.108994$ & $-0.646157$ & $-0.6439$ & $0.554046$ & $0.260125$ & $0.345844$ & $-0.385505$ & $0.491139$ & $0.165716$ & $0.103415$ & $0.696181$ & $0.617402$ & $0.644076$ & $-0.203522$ & $-0.317608$ & $-0.309514$ & $-0.154612$ & $1$ & $0.651644$ & $0.203747$ & $-0.429218$ & $-0.0276182$ & $-0.0333014$ & $-0.118545$ & $-0.0727449$ & $0.0908787$ & $-0.169682$ & $-0.650132$ & $0.00610283$ & $-0.00224691$ & $0.016622$ & $0.0347459$ & $-0.014497$ & $-0.0248889$ & $-0.0220462$ & $0.00728093$ & $-0.0218089$ & $-0.0175581$ & $0.0298992$ & $-0.0203519$ & $-0.0429942$ & $-0.0414038$ & $-0.0371693$ \\
CHQ3_11 & $-0.0729549$ & $0.0326554$ & $0.0501421$ & $0.00823694$ & $0.0182868$ & $-0.103661$ & $0.0729575$ & $-0.411209$ & $-0.415972$ & $0.475089$ & $0.0102656$ & $0.239957$ & $-0.375185$ & $0.602718$ & $-0.101539$ & $-0.105229$ & $0.793456$ & $0.813477$ & $0.798451$ & $9.48269e-05$ & $-0.0175771$ & $-0.0180158$ & $0.0711759$ & $0.651644$ & $1$ & $0.0358514$ & $0.178743$ & $-0.0393276$ & $-0.0615966$ & $-0.114118$ & $-0.0459271$ & $0.0469707$ & $-0.147086$ & $-0.224652$ & $-0.0110818$ & $0.011241$ & $-0.00829692$ & $0.00629689$ & $-0.0210967$ & $-0.0445075$ & $-0.0189873$ & $-0.0172965$ & $-0.0149844$ & $-0.0366513$ & $0.0314731$ & $-0.0356994$ & $-0.0289969$ & $-0.0220514$ & $-0.0538943$ \\
CHu_11 & $-0.0312456$ & $0.0562025$ & $-0.0186108$ & $-0.00304167$ & $0.0292083$ & $0.113844$ & $0.0434618$ & $-0.531019$ & $-0.514256$ & $0.234201$ & $0.578739$ & $0.227819$ & $-0.122643$ & $-0.26243$ & $-0.224045$ & $-0.211304$ & $-0.0870921$ & $0.0581067$ & $0.0553086$ & $-0.568444$ & $-0.582284$ & $-0.570978$ & $-0.668885$ & $0.203747$ & $0.0358514$ & $1$ & $-0.181867$ & $-0.159605$ & $-0.00892547$ & $-0.0369425$ & $-0.035999$ & $0.0502237$ & $-0.0395005$ & $-0.244942$ & $0.0544011$ & $-0.000935703$ & $0.0209495$ & $0.0121344$ & $-0.00753255$ & $-0.0268961$ & $0.00393079$ & $-0.0078178$ & $0.0241257$ & $0.03482$ & $0.0228618$ & $0.063947$ & $0.00919953$ & $-0.0241886$ & $0.00843669$ \\
CHd_11 & $-0.036284$ & $-0.00799973$ & $0.0195993$ & $0.0227602$ & $-0.0111339$ & $-0.0361465$ & $-0.0584971$ & $0.409603$ & $0.399633$ & $-0.237652$ & $-0.266045$ & $-0.211876$ & $0.131643$ & $-0.110256$ & $-0.419025$ & $-0.370363$ & $-0.174007$ & $-0.00176974$ & $-0.0332138$ & $0.190608$ & $0.348951$ & $0.336991$ & $0.354718$ & $-0.429218$ & $0.178743$ & $-0.181867$ & $1$ & $0.0955222$ & $0.0211322$ & $0.0359883$ & $0.0459128$ & $-0.0660618$ & $0.0575384$ & $0.693994$ & $-0.0339589$ & $-0.00815257$ & $-0.0206092$ & $-0.028189$ & $-0.0192054$ & $0.00378113$ & $0.020653$ & $-0.0494577$ & $-0.0163871$ & $-0.0110312$ & $-0.025088$ & $-0.0231444$ & $0.0332523$ & $0.0181709$ & $0.00390515$ \\
CHd_33 & $0.0245882$ & $-0.0540611$ & $-0.0159241$ & $0.0333175$ & $0.0257753$ & $-0.074931$ & $-0.0137935$ & $0.295255$ & $0.28052$ & $-0.138866$ & $-0.312658$ & $-0.116739$ & $0.0631181$ & $0.138972$ & $0.124285$ & $0.114169$ & $0.0232551$ & $-0.0494853$ & $-0.0371749$ & $0.305669$ & $0.311977$ & $0.313167$ & $-0.014534$ & $-0.0276182$ & $-0.0393276$ & $-0.159605$ & $0.0955222$ & $1$ & $0.0312099$ & $0.0215736$ & $0.00314661$ & $-0.0182971$ & $0.00353882$ & $0.128098$ & $0.0198452$ & $0.019095$ & $0.0450072$ & $-0.00701526$ & $-0.0543062$ & $-0.00874063$ & $-0.0535301$ & $0.0333565$ & $-0.0623519$ & $-0.0240201$ & $0.0144005$ & $0.0350972$ & $-0.0163607$ & $-0.00735433$ & $0.00310381$ \\
CeH_22r & $-0.0464268$ & $0.00754058$ & $0.0432851$ & $0.0366056$ & $0.0257734$ & $0.0462422$ & $0.00591319$ & $0.0446414$ & $0.0488245$ & $-0.0126185$ & $-0.0115048$ & $-0.0191321$ & $0.0501903$ & $-0.0355228$ & $0.00525801$ & $-0.000180706$ & $-0.0629792$ & $-0.0648701$ & $-0.0619095$ & $0.00803559$ & $0.0152547$ & $0.0145187$ & $0.000343$ & $-0.0333014$ & $-0.0615966$ & $-0.00892547$ & $0.0211322$ & $0.0312099$ & $1$ & $0.00423232$ & $0.00294569$ & $-0.0144447$ & $-0.00296755$ & $0.0286329$ & $-0.0794783$ & $-0.0415016$ & $-0.0145097$ & $0.000607368$ & $-0.0025557$ & $0.022972$ & $-0.045358$ & $-0.00596695$ & $-0.00302765$ & $-0.00420966$ & $-0.024901$ & $0.000785956$ & $-0.015391$ & $-0.0132448$ & $-0.0362754$ \\
CeH_33r & $-0.0112288$ & $0.00721541$ & $0.00564528$ & $-0.0213864$ & $-0.0246896$ & $2.53295e-05$ & $-0.112527$ & $0.132834$ & $0.15957$ & $-0.139485$ & $-0.0860837$ & $-0.0790355$ & $0.307528$ & $-0.0506701$ & $0.0480844$ & $0.0492629$ & $-0.095505$ & $-0.121854$ & $-0.119138$ & $0.0874374$ & $0.0896898$ & $0.0847622$ & $-0.0208163$ & $-0.118545$ & $-0.114118$ & $-0.0369425$ & $0.0359883$ & $0.0215736$ & $0.00423232$ & $1$ & $0.3054$ & $0.0312459$ & $0.63747$ & $0.0636739$ & $-0.0461711$ & $-0.00831002$ & $-0.209657$ & $0.018477$ & $0.00274868$ & $0.0242436$ & $-0.0183152$ & $0.0540989$ & $-0.00740059$ & $-0.0393599$ & $0.130541$ & $0.0307906$ & $0.03664$ & $-0.0890058$ & $-0.0150356$ \\
CuH_22r & $-0.0361354$ & $-0.0116486$ & $0.00897535$ & $-0.0220597$ & $-0.00950045$ & $-0.0265833$ & $-0.0395711$ & $0.0771249$ & $0.0889602$ & $-0.034143$ & $-0.0498934$ & $-0.0473854$ & $0.128142$ & $-0.0192672$ & $9.00723e-05$ & $-0.0254551$ & $-0.050417$ & $-0.0505307$ & $-0.0325131$ & $0.0473374$ & $0.0570802$ & $0.0532742$ & $-0.00898121$ & $-0.0727449$ & $-0.0459271$ & $-0.035999$ & $0.0459128$ & $0.00314661$ & $0.00294569$ & $0.3054$ & $1$ & $0.0542529$ & $0.325906$ & $0.0576066$ & $0.0180162$ & $-0.0514038$ & $-0.115259$ & $-0.029856$ & $-0.0154439$ & $0.0171363$ & $-0.0456048$ & $0.0457204$ & $0.0271371$ & $0.0276394$ & $0.0486019$ & $0.0720365$ & $0.40198$ & $-0.021857$ & $-0.00190888$ \\
CuH_33r & $-0.00162659$ & $0.00254716$ & $-0.00175634$ & $-0.00572468$ & $0.028607$ & $-0.0124988$ & $0.934926$ & $-0.0784258$ & $-0.0295914$ & $0.0723861$ & $0.0433278$ & $0.188816$ & $-0.208868$ & $0.0503949$ & $-0.00939905$ & $-0.0224871$ & $0.0552865$ & $0.0685594$ & $0.0798379$ & $-0.0390995$ & $-0.0447837$ & $-0.0502241$ & $-0.0468136$ & $0.0908787$ & $0.0469707$ & $0.0502237$ & $-0.0660618$ & $-0.0182971$ & $-0.0144447$ & $0.0312459$ & $0.0542529$ & $1$ & $0.0457793$ & $-0.0662195$ & $0.0181188$ & $0.0365162$ & $-0.0360164$ & $-0.0190133$ & $0.0133777$ & $-0.0329705$ & $-0.0442013$ & $0.0051253$ & $-0.0276946$ & $0.0326088$ & $0.00615252$ & $-0.000837794$ & $0.0586854$ & $-0.0121341$ & $0.022769$ \\
CdH_33r & $-0.0301392$ & $0.0070585$ & $0.0122443$ & $-0.0297823$ & $-0.00764321$ & $-0.00737701$ & $-0.119035$ & $0.148561$ & $0.179395$ & $-0.162654$ & $-0.077342$ & $-0.119483$ & $0.360189$ & $-0.0885249$ & $0.00765064$ & $0.0330902$ & $-0.133753$ & $-0.138407$ & $-0.154849$ & $0.0740318$ & $0.0850271$ & $0.0769928$ & $-0.000224388$ & $-0.169682$ & $-0.147086$ & $-0.0395005$ & $0.0575384$ & $0.00353882$ & $-0.00296755$ & $0.63747$ & $0.325906$ & $0.0457793$ & $1$ & $0.112633$ & $-0.0508509$ & $-0.0468446$ & $-0.212702$ & $0.0243283$ & $-0.00165789$ & $0.00269694$ & $-0.0160245$ & $0.00762987$ & $0.0250651$ & $-0.0188127$ & $0.0349913$ & $-0.00920582$ & $0.0303013$ & $0.10262$ & $0.466668$ \\
CLL_1221 & $-0.0359363$ & $-0.00437261$ & $0.00931415$ & $0.0200413$ & $-0.00420778$ & $-0.0908957$ & $-0.0709466$ & $0.552311$ & $0.540296$ & $-0.35771$ & $-0.330625$ & $-0.29262$ & $0.227035$ & $-0.249824$ & $-0.601202$ & $-0.0940301$ & $-0.285913$ & $-1.01803e-05$ & $-0.375123$ & $0.251286$ & $0.417347$ & $0.415944$ & $0.205982$ & $-0.650132$ & $-0.224652$ & $-0.244942$ & $0.693994$ & $0.128098$ & $0.0286329$ & $0.0636739$ & $0.0576066$ & $-0.0662195$ & $0.112633$ & $1$ & $-0.0156087$ & $-0.0113082$ & $-0.0137229$ & $-0.0284533$ & $-0.0120904$ & $-0.000335183$ & $0.0127894$ & $-0.0362856$ & $0.00630777$ & $-0.0201035$ & $-0.0372932$ & $-0.0166217$ & $0.0388632$ & $0.0416832$ & $0.0381259$ \\
eHggint & $0.0308519$ & $-0.0337189$ & $0.0143741$ & $-0.03763$ & $0.0202471$ & $0.00255538$ & $-0.0790611$ & $-0.00480185$ & $-0.0335678$ & $0.0589229$ & $-0.000881598$ & $0.0540071$ & $0.0415906$ & $0.0228821$ & $-0.00277215$ & $0.0244645$ & $-0.00860433$ & $0.0148809$ & $0.00448619$ & $0.00507848$ & $-0.00370891$ & $-0.00276348$ & $-0.0696449$ & $0.00610283$ & $-0.0110818$ & $0.0544011$ & $-0.0339589$ & $0.0198452$ & $-0.0794783$ & $-0.0461711$ & $0.0180162$ & $0.0181188$ & $-0.0508509$ & $-0.0156087$ & $1$ & $-0.0825726$ & $0.130227$ & $-0.0416745$ & $0.0185989$ & $0.0381558$ & $-0.0137281$ & $0.0421581$ & $0.0358298$ & $0.0245701$ & $-0.0164974$ & $0.0373523$ & $0.024103$ & $0.017976$ & $0.0110531$ \\
eHggpar & $0.000714549$ & $-0.00394958$ & $0.00080817$ & $0.0165771$ & $-0.0155437$ & $0.00103163$ & $0.00924765$ & $-0.000658739$ & $-0.00375644$ & $0.00150256$ & $-0.00344653$ & $0.0187038$ & $0.00540812$ & $0.000117414$ & $0.0193217$ & $0.0213281$ & $0.00694558$ & $-0.00101179$ & $-0.0084588$ & $0.00810182$ & $0.00104388$ & $0.00195427$ & $-0.00701224$ & $-0.00224691$ & $0.011241$ & $-0.000935703$ & $-0.00815257$ & $0.019095$ & $-0.0415016$ & $-0.00831002$ & $-0.0514038$ & $0.0365162$ & $-0.0468446$ & $-0.0113082$ & $-0.0825726$ & $1$ & $0.036984$ & $0.041535$ & $0.0229684$ & $-0.0232551$ & $-0.0527072$ & $0.0280469$ & $-0.0270305$ & $0.054661$ & $0.0345042$ & $0.00578569$ & $-0.014885$ & $-0.0585307$ & $0.0165506$ \\
eHWWint & $-0.0222434$ & $-0.0439083$ & $-0.0375364$ & $-0.0186587$ & $0.0448232$ & $-0.0163113$ & $-0.00312293$ & $0.00794186$ & $-0.0130588$ & $0.00573364$ & $-0.00883182$ & $0.0289903$ & $-0.032904$ & $0.015249$ & $0.0183101$ & $0.0132161$ & $-0.00232705$ & $-0.00814318$ & $-0.000900712$ & $0.00609667$ & $0.00573304$ & $0.00870097$ & $-0.056584$ & $0.016622$ & $-0.00829692$ & $0.0209495$ & $-0.0206092$ & $0.0450072$ & $-0.0145097$ & $-0.209657$ & $-0.115259$ & $-0.0360164$ & $-0.212702$ & $-0.0137229$ & $0.130227$ & $0.036984$ & $1$ & $-0.0114924$ & $0.000317165$ & $0.00201786$ & $0.0482042$ & $0.0126134$ & $0.0078153$ & $0.0311987$ & $-0.0226195$ & $0.00619366$ & $-0.0238924$ & $0.00290217$ & $0.0574266$ \\
eHWWpar & $-0.0749138$ & $0.00758166$ & $0.0436859$ & $0.0152632$ & $-0.0278674$ & $0.0344751$ & $-0.0141811$ & $-0.0305906$ & $-0.0199687$ & $0.0146764$ & $0.0291511$ & $0.0175689$ & $-0.000115955$ & $-0.0143467$ & $0.00546281$ & $0.0142799$ & $0.000721122$ & $0.000896006$ & $-0.00803839$ & $-0.0231833$ & $-0.0310641$ & $-0.0401398$ & $0.00307373$ & $0.0347459$ & $0.00629689$ & $0.0121344$ & $-0.028189$ & $-0.00701526$ & $0.000607368$ & $0.018477$ & $-0.029856$ & $-0.0190133$ & $0.0243283$ & $-0.0284533$ & $-0.0416745$ & $0.041535$ & $-0.0114924$ & $1$ & $0.0777187$ & $-0.000158724$ & $0.000999309$ & $-0.00755151$ & $0.0342782$ & $0.026638$ & $-0.0114835$ & $-0.0101411$ & $-0.0305915$ & $-0.0758096$ & $0.0701348$ \\
eHZZint & $-0.0110581$ & $-0.0288134$ & $0.0340195$ & $0.0501813$ & $0.0139383$ & $0.034674$ & $-0.00969081$ & $-0.00289036$ & $-0.0116622$ & $-0.0162923$ & $0.0133531$ & $-0.0158234$ & $0.0206528$ & $-0.0118188$ & $0.00665169$ & $0.0132474$ & $-0.0278986$ & $-0.0175192$ & $-0.024425$ & $-0.00959203$ & $-0.0151298$ & $-0.01268$ & $0.0158134$ & $-0.014497$ & $-0.0210967$ & $-0.00753255$ & $-0.0192054$ & $-0.0543062$ & $-0.0025557$ & $0.00274868$ & $-0.0154439$ & $0.0133777$ & $-0.00165789$ & $-0.0120904$ & $0.0185989$ & $0.0229684$ & $0.000317165$ & $0.0777187$ & $1$ & $-0.0422692$ & $0.0171868$ & $0.0238825$ & $-0.0287169$ & $-0.0473907$ & $-0.0187296$ & $0.0169262$ & $0.0365029$ & $0.00601654$ & $0.0125118$ \\
eHZZpar & $0.00135524$ & $-0.0226059$ & $-0.0200887$ & $-0.00933608$ & $-0.00790194$ & $-0.0278972$ & $-0.0417795$ & $0.0168982$ & $0.0118586$ & $-0.0341074$ & $0.00503026$ & $-0.0248706$ & $0.0191147$ & $-0.0477836$ & $0.0224124$ & $0.0055851$ & $-0.0308121$ & $-0.0576637$ & $-0.0373325$ & $-0.00649556$ & $-0.0068266$ & $0.000748539$ & $0.0430839$ & $-0.0248889$ & $-0.0445075$ & $-0.0268961$ & $0.00378113$ & $-0.00874063$ & $0.022972$ & $0.0242436$ & $0.0171363$ & $-0.0329705$ & $0.00269694$ & $-0.000335183$ & $0.0381558$ & $-0.0232551$ & $0.00201786$ & $-0.000158724$ & $-0.0422692$ & $1$ & $-0.0303695$ & $0.06994$ & $-0.0290014$ & $0.040534$ & $-0.0400677$ & $0.0206857$ & $0.0376372$ & $0.0205535$ & $-0.00965344$ \\
eHZgaint & $0.0277891$ & $-0.00471237$ & $-0.0586505$ & $-0.0451428$ & $0.0280144$ & $0.0460087$ & $-0.0287613$ & $0.00154398$ & $-0.00893613$ & $-0.0955992$ & $0.0143246$ & $-0.068054$ & $0.00608299$ & $-0.0314439$ & $-0.0109639$ & $-0.0108719$ & $-0.0253708$ & $-0.0229019$ & $-0.0259148$ & $-0.0161253$ & $-0.0139285$ & $-0.0175655$ & $0.00784976$ & $-0.0220462$ & $-0.0189873$ & $0.00393079$ & $0.020653$ & $-0.0535301$ & $-0.045358$ & $-0.0183152$ & $-0.0456048$ & $-0.0442013$ & $-0.0160245$ & $0.0127894$ & $-0.0137281$ & $-0.0527072$ & $0.0482042$ & $0.000999309$ & $0.0171868$ & $-0.0303695$ & $1$ & $-0.0229277$ & $-0.0172583$ & $0.0495873$ & $-0.0411179$ & $-0.0233159$ & $-0.0234455$ & $0.00170643$ & $0.00639321$ \\
eHZgapar & $-0.0065923$ & $0.0181946$ & $-0.0415827$ & $0.0016347$ & $0.0338647$ & $0.00844838$ & $-0.000620268$ & $-0.00500825$ & $-0.00606351$ & $-0.014374$ & $-0.00150682$ & $0.00611908$ & $-0.0127073$ & $0.0248955$ & $0.0333981$ & $0.0137079$ & $-0.00275682$ & $-0.0125625$ & $0.00286554$ & $0.000116002$ & $-0.002817$ & $-0.00538532$ & $-0.0102059$ & $0.00728093$ & $-0.0172965$ & $-0.0078178$ & $-0.0494577$ & $0.0333565$ & $-0.00596695$ & $0.0540989$ & $0.0457204$ & $0.0051253$ & $0.00762987$ & $-0.0362856$ & $0.0421581$ & $0.0280469$ & $0.0126134$ & $-0.00755151$ & $0.0238825$ & $0.06994$ & $-0.0229277$ & $1$ & $-0.000471133$ & $0.0278611$ & $0.0305249$ & $-0.00513198$ & $0.0190009$ & $-0.0261423$ & $-0.0135919$ \\
eHgagaint & $-0.0212444$ & $-0.023732$ & $-0.0230443$ & $0.0135262$ & $0.00139703$ & $0.00988918$ & $-0.0388639$ & $-0.0159803$ & $0.058764$ & $-0.000535193$ & $0.029183$ & $-0.00356243$ & $0.00847998$ & $-0.040402$ & $-0.0172825$ & $0.0204696$ & $-0.0190747$ & $-0.00892024$ & $-0.035883$ & $-0.0290421$ & $-0.0317246$ & $-0.0287714$ & $-0.017227$ & $-0.0218089$ & $-0.0149844$ & $0.0241257$ & $-0.0163871$ & $-0.0623519$ & $-0.00302765$ & $-0.00740059$ & $0.0271371$ & $-0.0276946$ & $0.0250651$ & $0.00630777$ & $0.0358298$ & $-0.0270305$ & $0.0078153$ & $0.0342782$ & $-0.0287169$ & $-0.0290014$ & $-0.0172583$ & $-0.000471133$ & $1$ & $0.0495402$ & $-0.0688334$ & $-0.0230791$ & $-0.0144471$ & $-0.00271609$ & $0.0173097$ \\
eHmumuint & $-0.00673022$ & $0.0204282$ & $-0.000664991$ & $0.052197$ & $0.0153912$ & $0.0071889$ & $0.0330117$ & $-0.0258247$ & $-0.0263993$ & $-0.0188901$ & $0.0516777$ & $0.00668739$ & $-0.00932004$ & $-0.0660521$ & $-0.00165236$ & $-0.0519262$ & $-0.0433177$ & $-0.0506412$ & $-0.0164857$ & $-0.0463334$ & $-0.048606$ & $-0.0511009$ & $-0.0199367$ & $-0.0175581$ & $-0.0366513$ & $0.03482$ & $-0.0110312$ & $-0.0240201$ & $-0.00420966$ & $-0.0393599$ & $0.0276394$ & $0.0326088$ & $-0.0188127$ & $-0.0201035$ & $0.0245701$ & $0.054661$ & $0.0311987$ & $0.026638$ & $-0.0473907$ & $0.040534$ & $0.0495873$ & $0.0278611$ & $0.0495402$ & $1$ & $0.0365425$ & $0.0122199$ & $0.0283411$ & $0.0199538$ & $0.0182477$ \\
eHtautauint & $-0.000745152$ & $0.0116924$ & $0.0400698$ & $0.0242209$ & $-0.0389664$ & $0.00981498$ & $-0.000345182$ & $-0.031325$ & $-0.0318066$ & $0.0155444$ & $0.0177786$ & $0.0058566$ & $0.00379871$ & $0.0126581$ & $0.0148232$ & $-0.0192588$ & $0.0306456$ & $0.0151932$ & $0.0395128$ & $-0.0114738$ & $-0.017057$ & $-0.0225212$ & $-0.0408391$ & $0.0298992$ & $0.0314731$ & $0.0228618$ & $-0.025088$ & $0.0144005$ & $-0.024901$ & $0.130541$ & $0.0486019$ & $0.00615252$ & $0.0349913$ & $-0.0372932$ & $-0.0164974$ & $0.0345042$ & $-0.0226195$ & $-0.0114835$ & $-0.0187296$ & $-0.0400677$ & $-0.0411179$ & $0.0305249$ & $-0.0688334$ & $0.0365425$ & $1$ & $0.00460724$ & $0.0276151$ & $-0.0528487$ & $0.00756157$ \\
eHccint & $0.0527947$ & $-0.0470519$ & $0.013528$ & $0.0370462$ & $0.0544406$ & $-0.00667295$ & $-0.0165654$ & $-0.00534915$ & $-0.0157662$ & $0.001274$ & $0.0199265$ & $0.0169316$ & $-0.0023713$ & $-0.0105157$ & $-6.82483e-06$ & $-0.0354774$ & $-0.0370273$ & $-0.027051$ & $-0.00587058$ & $-0.0221933$ & $-0.0212959$ & $-0.0199811$ & $-0.0886241$ & $-0.0203519$ & $-0.0356994$ & $0.063947$ & $-0.0231444$ & $0.0350972$ & $0.000785956$ & $0.0307906$ & $0.0720365$ & $-0.000837794$ & $-0.00920582$ & $-0.0166217$ & $0.0373523$ & $0.00578569$ & $0.00619366$ & $-0.0101411$ & $0.0169262$ & $0.0206857$ & $-0.0233159$ & $-0.00513198$ & $-0.0230791$ & $0.0122199$ & $0.00460724$ & $1$ & $0.00932387$ & $0.0323279$ & $-0.04588$ \\
eHccpar & $-0.0301929$ & $-0.0182536$ & $0.00900073$ & $-0.0145432$ & $0.00591171$ & $-0.0164756$ & $0.0391418$ & $0.046775$ & $0.0438913$ & $-0.021792$ & $-0.0283987$ & $-0.0210903$ & $0.0308112$ & $-0.0171912$ & $0.00128142$ & $0.00446047$ & $-0.0303559$ & $-0.032815$ & $-0.0395187$ & $0.0230786$ & $0.0284543$ & $0.0206041$ & $-0.0207717$ & $-0.0429942$ & $-0.0289969$ & $0.00919953$ & $0.0332523$ & $-0.0163607$ & $-0.015391$ & $0.03664$ & $0.40198$ & $0.0586854$ & $0.0303013$ & $0.0388632$ & $0.024103$ & $-0.014885$ & $-0.0238924$ & $-0.0305915$ & $0.0365029$ & $0.0376372$ & $-0.0234455$ & $0.0190009$ & $-0.0144471$ & $0.0283411$ & $0.0276151$ & $0.00932387$ & $1$ & $-0.015138$ & $0.0194844$ \\
eHbbint & $0.0496909$ & $-0.0237503$ & $-0.0594833$ & $0.0478253$ & $-0.0071938$ & $-0.0587705$ & $0.00350649$ & $0.0347617$ & $0.0263728$ & $-0.0249833$ & $-0.0263355$ & $-0.0116069$ & $-0.026215$ & $-0.00308022$ & $-0.0108233$ & $0.0151737$ & $-0.00616705$ & $-0.00639221$ & $-0.0275433$ & $0.0226728$ & $0.0272583$ & $0.0275568$ & $0.018768$ & $-0.0414038$ & $-0.0220514$ & $-0.0241886$ & $0.0181709$ & $-0.00735433$ & $-0.0132448$ & $-0.0890058$ & $-0.021857$ & $-0.0121341$ & $0.10262$ & $0.0416832$ & $0.017976$ & $-0.0585307$ & $0.00290217$ & $-0.0758096$ & $0.00601654$ & $0.0205535$ & $0.00170643$ & $-0.0261423$ & $-0.00271609$ & $0.0199538$ & $-0.0528487$ & $0.0323279$ & $-0.015138$ & $1$ & $-0.0199756$ \\
eHbbpar & $-0.0668373$ & $0.0174475$ & $-0.00135261$ & $-0.0122067$ & $0.0178087$ & $0.046008$ & $0.0282834$ & $0.0150981$ & $0.0249954$ & $-0.0338426$ & $0.0151098$ & $-0.0192353$ & $0.00608218$ & $-0.0352542$ & $-0.0370086$ & $-0.0243076$ & $-0.0624689$ & $-0.0311363$ & $-0.0427994$ & $-0.0197124$ & $-0.0116173$ & $-0.0239097$ & $-0.00723577$ & $-0.0371693$ & $-0.0538943$ & $0.00843669$ & $0.00390515$ & $0.00310381$ & $-0.0362754$ & $-0.0150356$ & $-0.00190888$ & $0.022769$ & $0.466668$ & $0.0381259$ & $0.0110531$ & $0.0165506$ & $0.0574266$ & $0.0701348$ & $0.0125118$ & $-0.00965344$ & $0.00639321$ & $-0.0135919$ & $0.0173097$ & $0.0182477$ & $0.00756157$ & $-0.04588$ & $0.0194844$ & $-0.0199756$ & $1$ \\
