 & AlsMz & dAle5Mz & mtop & mHl & Mz & CW & CHG & CHWB & CHWHB_gaga & CHWHB_gagaorth & CHD & CHbox & CHL1_11 & CHL1_22 & CHL1_33 & CHL3_11 & CHL3_22 & CHL3_33 & CHe_11 & CHe_22 & CHe_33 & CHQ1_11 & CHQ1_33 & CHQ3_11 & CHu_11 & CHd_11 & CHd_33 & CeH_22r & CeH_33r & CuH_22r & CuH_33r & CdH_33r & CLL_1221 & eHggint & eHggpar & eHWWint & eHWWpar & eHZZint & eHZZpar & eHZgaint & eHZgapar & eHgagaint & eHmumuint & eHtautauint & eHccint & eHccpar & eHbbint & eHbbpar \\
AlsMz & $1$ & $-0.0527246$ & $0.0634995$ & $-0.410574$ & $0.0182706$ & $-0.0237502$ & $-0.0127601$ & $0.0414905$ & $0.0382596$ & $-0.0492065$ & $-0.0661363$ & $-0.044186$ & $0.0398312$ & $0.0349549$ & $0.0333915$ & $0.0573412$ & $0.0241464$ & $0.0245117$ & $0.0685019$ & $0.0620773$ & $0.0604832$ & $-0.00455581$ & $0.00740695$ & $-0.00644776$ & $-0.0616191$ & $-0.00758808$ & $0.0573645$ & $0.00686535$ & $-0.0365778$ & $8.87587e-05$ & $-0.0124103$ & $-0.0611361$ & $0.00771803$ & $0.32077$ & $0.411193$ & $-0.0663894$ & $-0.0495932$ & $0.0813654$ & $0.137747$ & $0.442284$ & $-0.125731$ & $0.417605$ & $0.346961$ & $-0.0654787$ & $0.19724$ & $0.122302$ & $0.143002$ & $-0.158116$ \\
dAle5Mz & $-0.0527246$ & $1$ & $-0.522504$ & $-0.214496$ & $0.0923975$ & $-0.0103344$ & $-0.00501471$ & $-0.0473282$ & $-0.0439633$ & $0.0121034$ & $0.0239568$ & $-0.0239181$ & $0.00958581$ & $-0.00231377$ & $0.0601001$ & $0.0317769$ & $0.0349483$ & $-0.0101098$ & $-0.00813786$ & $-0.0188647$ & $-0.0182389$ & $-0.054044$ & $0.0685888$ & $0.0239909$ & $0.0384177$ & $-0.0330808$ & $0.0229709$ & $0.0167138$ & $-0.0441074$ & $0.00611807$ & $-0.0275298$ & $-0.0775099$ & $-0.0129995$ & $-0.179071$ & $-0.311243$ & $-0.00566153$ & $-0.0998837$ & $0.197045$ & $-0.0870415$ & $-0.383405$ & $0.105027$ & $0.0392525$ & $-0.0616795$ & $0.0709976$ & $-0.0365305$ & $0.233982$ & $0.22674$ & $-0.249821$ \\
mtop & $0.0634995$ & $-0.522504$ & $1$ & $-0.0493524$ & $-0.128578$ & $0.0112331$ & $0.081633$ & $0.0146519$ & $0.0169052$ & $-0.00227783$ & $-0.00935181$ & $0.0288726$ & $0.00899267$ & $0.0115237$ & $-0.0338051$ & $-0.00637693$ & $-0.0124898$ & $0.0229461$ & $0.00216751$ & $0.00642596$ & $0.00379665$ & $-0.0242871$ & $-0.0249538$ & $-0.0207072$ & $0.00575093$ & $-0.0203104$ & $0.0151021$ & $-0.0240512$ & $0.00414107$ & $-0.0529336$ & $0.0951303$ & $0.0311713$ & $-0.0120628$ & $0.217414$ & $0.312057$ & $0.119934$ & $0.3082$ & $0.0753726$ & $-0.0856382$ & $-0.0198702$ & $0.0581701$ & $-0.0281401$ & $0.15277$ & $-0.241419$ & $0.191577$ & $-0.434603$ & $-0.00665022$ & $0.101781$ \\
mHl & $-0.410574$ & $-0.214496$ & $-0.0493524$ & $1$ & $-0.0690152$ & $0.0611599$ & $-0.0293592$ & $-0.0132241$ & $-0.0186839$ & $-0.00286779$ & $0.0464403$ & $0.019683$ & $-0.0514229$ & $0.0142801$ & $0.0137773$ & $-0.088006$ & $-0.0720857$ & $-0.0713332$ & $-0.0446055$ & $-0.0531366$ & $-0.0518183$ & $-0.0357622$ & $-0.0331717$ & $-0.0765933$ & $0.0474726$ & $-0.0608302$ & $-0.0400197$ & $0.00882143$ & $0.0368805$ & $0.0312742$ & $-0.0429738$ & $0.0611975$ & $-0.0368838$ & $-0.378421$ & $-0.184028$ & $0.0834226$ & $0.149487$ & $-0.20972$ & $0.0378483$ & $-0.359661$ & $0.0721633$ & $-0.309481$ & $-0.376023$ & $-0.0530019$ & $0.0813874$ & $0.312021$ & $-0.232087$ & $0.334895$ \\
Mz & $0.0182706$ & $0.0923975$ & $-0.128578$ & $-0.0690152$ & $1$ & $0.0273251$ & $0.0387673$ & $-0.0217225$ & $-0.0191408$ & $-0.012982$ & $0.0405237$ & $-0.0147478$ & $-0.0155698$ & $-0.0299417$ & $-0.0275471$ & $-0.0290483$ & $-0.0027901$ & $-0.00297082$ & $-0.0329884$ & $-0.0263794$ & $-0.0214054$ & $0.0443481$ & $0.00835206$ & $0.0142779$ & $0.010451$ & $0.0462321$ & $0.00593183$ & $0.0120554$ & $-0.00668322$ & $0.052695$ & $0.0465767$ & $0.018476$ & $0.0046359$ & $0.0549482$ & $-0.0866278$ & $-0.0422456$ & $-0.00748883$ & $-0.0308656$ & $0.0660368$ & $-0.00100337$ & $0.0191692$ & $0.0840251$ & $-0.0445169$ & $0.0366409$ & $0.0754135$ & $-0.00829595$ & $-0.0156528$ & $0.0485536$ \\
CW & $-0.0237502$ & $-0.0103344$ & $0.0112331$ & $0.0611599$ & $0.0273251$ & $1$ & $0.00937581$ & $-0.122463$ & $-0.119569$ & $-0.00286697$ & $0.178799$ & $0.0534655$ & $0.0197053$ & $-0.0797057$ & $-0.0697496$ & $-0.283408$ & $-0.0585557$ & $-0.0662099$ & $-0.176211$ & $-0.180356$ & $-0.180108$ & $-0.000531349$ & $0.000988443$ & $-0.0967497$ & $0.0997051$ & $-0.0693631$ & $-0.077607$ & $-0.00843697$ & $0.0205463$ & $0.00635162$ & $0.0198823$ & $0.0255966$ & $-0.120154$ & $-0.0418487$ & $-0.00627231$ & $0.0123778$ & $0.0393441$ & $-0.022892$ & $0.0110221$ & $-0.020858$ & $0.0162556$ & $-0.0181001$ & $-0.000326609$ & $-0.0391027$ & $-0.00809483$ & $0.016633$ & $-0.00408227$ & $-0.0355104$ \\
CHG & $-0.0127601$ & $-0.00501471$ & $0.081633$ & $-0.0293592$ & $0.0387673$ & $0.00937581$ & $1$ & $-0.0393584$ & $0.00800841$ & $-0.025159$ & $0.0565647$ & $-0.0116275$ & $-0.036087$ & $-0.054278$ & $-0.0448292$ & $-0.0388833$ & $0.0047096$ & $-0.00263097$ & $-0.0584966$ & $-0.0524726$ & $-0.0394467$ & $0.0182132$ & $-0.00638848$ & $0.00513768$ & $0.0317687$ & $0.0279722$ & $-0.0140766$ & $-0.0215283$ & $-0.0611896$ & $-0.0469525$ & $0.931386$ & $-0.0870119$ & $0.0131349$ & $0.058431$ & $-0.11318$ & $0.0850185$ & $-0.105445$ & $0.119067$ & $-0.112873$ & $0.00131184$ & $0.0331188$ & $0.00883986$ & $-0.0461813$ & $-0.00798865$ & $0.0477329$ & $-0.0687539$ & $0.0203633$ & $0.010399$ \\
CHWB & $0.0414905$ & $-0.0473282$ & $0.0146519$ & $-0.0132241$ & $-0.0217225$ & $-0.122463$ & $-0.0393584$ & $1$ & $0.983878$ & $-0.541521$ & $-0.890096$ & $-0.309261$ & $0.205047$ & $0.311617$ & $0.318506$ & $-0.126948$ & $-0.348886$ & $-0.350959$ & $0.862299$ & $0.904843$ & $0.88383$ & $0.0218119$ & $-0.627981$ & $-0.3227$ & $-0.496848$ & $0.380093$ & $0.298653$ & $0.000101695$ & $0.00159337$ & $-0.00974921$ & $-0.0598925$ & $0.00572826$ & $0.53281$ & $-0.0190016$ & $0.0401566$ & $-0.0141663$ & $-0.0385631$ & $-0.0198582$ & $0.0545315$ & $0.00787078$ & $-0.0397779$ & $0.00486423$ & $-0.013612$ & $0.0606599$ & $-0.0276498$ & $0.0229594$ & $0.0531297$ & $0.0163308$ \\
CHWHB_gaga & $0.0382596$ & $-0.0439633$ & $0.0169052$ & $-0.0186839$ & $-0.0191408$ & $-0.119569$ & $0.00800841$ & $0.983878$ & $1$ & $-0.539767$ & $-0.871665$ & $-0.289952$ & $0.194588$ & $0.305128$ & $0.311566$ & $-0.134436$ & $-0.349786$ & $-0.351854$ & $0.844708$ & $0.886221$ & $0.865197$ & $0.0164617$ & $-0.623623$ & $-0.322883$ & $-0.482432$ & $0.375551$ & $0.290265$ & $0.00636667$ & $0.0240439$ & $-0.00336726$ & $-0.0232412$ & $0.0294156$ & $0.52508$ & $-0.0236434$ & $0.0221047$ & $-0.0130828$ & $-0.046457$ & $-0.0191142$ & $0.0500388$ & $0.00544356$ & $-0.0351493$ & $0.0206318$ & $-0.0182346$ & $0.0581597$ & $-0.0249626$ & $0.0230252$ & $0.0475713$ & $0.00841524$ \\
CHWHB_gagaorth & $-0.0492065$ & $0.0121034$ & $-0.00227783$ & $-0.00286779$ & $-0.012982$ & $-0.00286697$ & $-0.025159$ & $-0.541521$ & $-0.539767$ & $1$ & $0.339622$ & $0.667538$ & $0.172731$ & $-0.14079$ & $-0.102601$ & $0.37154$ & $0.45202$ & $0.4176$ & $-0.325008$ & $-0.354851$ & $-0.344509$ & $-0.0393514$ & $0.514262$ & $0.426783$ & $0.204484$ & $-0.209385$ & $-0.118004$ & $-0.0122675$ & $-0.0690057$ & $-0.0283274$ & $0.00750089$ & $-0.0757388$ & $-0.30227$ & $-0.0135143$ & $-0.0136173$ & $-0.00517969$ & $0.0167935$ & $0.0349212$ & $-0.0475097$ & $-0.00550812$ & $-0.00825803$ & $-0.0102107$ & $0.0094174$ & $-0.0163882$ & $-0.0215627$ & $-0.0534764$ & $-0.0160182$ & $0.0098236$ \\
CHD & $-0.0661363$ & $0.0239568$ & $-0.00935181$ & $0.0464403$ & $0.0405237$ & $0.178799$ & $0.0565647$ & $-0.890096$ & $-0.871665$ & $0.339622$ & $1$ & $0.322864$ & $-0.579736$ & $-0.421309$ & $-0.428627$ & $-0.301694$ & $0.0034605$ & $0.00926751$ & $-0.99063$ & $-0.991621$ & $-0.970909$ & $0.0145224$ & $0.278521$ & $-0.0360778$ & $0.555147$ & $-0.269519$ & $-0.320014$ & $0.00761223$ & $0.00161665$ & $0.0060122$ & $0.0773809$ & $-0.014951$ & $-0.356727$ & $0.0076039$ & $-0.0561398$ & $0.0379385$ & $0.022964$ & $0.0116539$ & $-0.0534617$ & $-0.0178798$ & $0.0563384$ & $-0.0191483$ & $-0.00588783$ & $-0.0702169$ & $0.0323959$ & $-0.0208$ & $-0.0654609$ & $-0.0266798$ \\
CHbox & $-0.044186$ & $-0.0239181$ & $0.0288726$ & $0.019683$ & $-0.0147478$ & $0.0534655$ & $-0.0116275$ & $-0.309261$ & $-0.289952$ & $0.667538$ & $0.322864$ & $1$ & $-0.169601$ & $-0.056766$ & $-0.0602147$ & $-0.0831291$ & $-0.0108343$ & $-0.0137641$ & $-0.297506$ & $-0.334018$ & $-0.32738$ & $-0.0554474$ & $0.148737$ & $-0.0272504$ & $0.205892$ & $-0.189889$ & $-0.105444$ & $0.0307622$ & $0.20012$ & $0.0474875$ & $0.071719$ & $0.25249$ & $-0.209182$ & $-0.011062$ & $-0.00684675$ & $0.0287957$ & $-0.00729026$ & $0.037912$ & $-0.0680544$ & $0.00100705$ & $-0.00829084$ & $-0.0467106$ & $-0.00171422$ & $-0.0222489$ & $-0.0176441$ & $-0.0574402$ & $-0.00533606$ & $0.00276559$ \\
CHL1_11 & $0.0398312$ & $0.00958581$ & $0.00899267$ & $-0.0514229$ & $-0.0155698$ & $0.0197053$ & $-0.036087$ & $0.205047$ & $0.194588$ & $0.172731$ & $-0.579736$ & $-0.169601$ & $1$ & $0.287417$ & $0.286151$ & $0.635817$ & $0.56228$ & $0.557258$ & $0.596398$ & $0.545541$ & $0.534075$ & $-0.0420132$ & $0.409879$ & $0.561583$ & $-0.330597$ & $-0.0456788$ & $0.16518$ & $-0.0202827$ & $-0.0149671$ & $-0.000990768$ & $-0.0443535$ & $0.0229915$ & $-0.15111$ & $0.0308113$ & $0.0432431$ & $-0.0428647$ & $0.0292291$ & $-0.0147345$ & $0.0173612$ & $0.0197738$ & $-0.0448278$ & $0.0143415$ & $0.0179037$ & $0.0360908$ & $-0.00897595$ & $-0.00999028$ & $0.0375547$ & $0.0372778$ \\
CHL1_22 & $0.0349549$ & $-0.00231377$ & $0.0115237$ & $0.0142801$ & $-0.0299417$ & $-0.0797057$ & $-0.054278$ & $0.311617$ & $0.305128$ & $-0.14079$ & $-0.421309$ & $-0.056766$ & $0.287417$ & $1$ & $0.435168$ & $0.177749$ & $-0.470583$ & $-0.0278914$ & $0.485195$ & $0.33838$ & $0.326183$ & $-0.192797$ & $0.121483$ & $-0.156864$ & $-0.187397$ & $-0.416418$ & $0.100393$ & $-0.00417215$ & $0.0219921$ & $0.030571$ & $-0.062445$ & $0.0134022$ & $-0.607906$ & $0.00986066$ & $0.0678928$ & $-0.018017$ & $0.0737766$ & $0.032184$ & $0.0198404$ & $0.0173847$ & $-0.00964352$ & $-0.051296$ & $0.0182539$ & $0.0306744$ & $-0.0450097$ & $0.0176532$ & $0.00284237$ & $0.00422388$ \\
CHL1_33 & $0.0333915$ & $0.0601001$ & $-0.0338051$ & $0.0137773$ & $-0.0275471$ & $-0.0697496$ & $-0.0448292$ & $0.318506$ & $0.311566$ & $-0.102601$ & $-0.428627$ & $-0.0602147$ & $0.286151$ & $0.435168$ & $1$ & $0.187316$ & $-0.0108667$ & $-0.461399$ & $0.489753$ & $0.351683$ & $0.36683$ & $-0.171885$ & $0.09731$ & $-0.123921$ & $-0.20502$ & $-0.38006$ & $0.108145$ & $-0.00998286$ & $-0.00609447$ & $0.0272942$ & $-0.0477958$ & $0.00561707$ & $-0.0791702$ & $-0.0598959$ & $-0.0193795$ & $-0.0463812$ & $0.00620271$ & $0.030062$ & $0.0214302$ & $-0.0151326$ & $-0.0165897$ & $0.00517396$ & $-0.0471357$ & $0.0849636$ & $0.0016339$ & $0.0521684$ & $0.0390083$ & $0.024643$ \\
CHL3_11 & $0.0573412$ & $0.0317769$ & $-0.00637693$ & $-0.088006$ & $-0.0290483$ & $-0.283408$ & $-0.0388833$ & $-0.126948$ & $-0.134436$ & $0.37154$ & $-0.301694$ & $-0.0831291$ & $0.635817$ & $0.177749$ & $0.187316$ & $1$ & $0.704879$ & $0.693647$ & $0.320349$ & $0.274912$ & $0.275126$ & $-0.0458757$ & $0.618235$ & $0.752698$ & $-0.165639$ & $-0.0816334$ & $0.07933$ & $-0.0108342$ & $-0.00277644$ & $0.00581562$ & $-0.0440897$ & $0.016626$ & $-0.161215$ & $0.0205073$ & $0.0362344$ & $-0.0501554$ & $0.0109902$ & $0.0171653$ & $0.0108233$ & $0.0230062$ & $-0.0432553$ & $0.0436117$ & $0.0439938$ & $0.0249126$ & $-0.0139802$ & $-0.00716841$ & $0.0299458$ & $0.0262632$ \\
CHL3_22 & $0.0241464$ & $0.0349483$ & $-0.0124898$ & $-0.0720857$ & $-0.0027901$ & $-0.0585557$ & $0.0047096$ & $-0.348886$ & $-0.349786$ & $0.45202$ & $0.0034605$ & $-0.0108343$ & $0.56228$ & $-0.470583$ & $-0.0108667$ & $0.704879$ & $1$ & $0.627896$ & $-0.00924943$ & $0.00955698$ & $0.0193451$ & $0.060721$ & $0.555101$ & $0.784043$ & $-0.0272157$ & $0.0904808$ & $-0.00267901$ & $-0.0143829$ & $-0.0218243$ & $-0.0123812$ & $0.00882159$ & $0.01048$ & $0.141316$ & $0.0133637$ & $-0.0160639$ & $-0.0363005$ & $-0.0255063$ & $-0.0106847$ & $-0.00921438$ & $0.0113138$ & $-0.0290908$ & $0.0650842$ & $0.0167452$ & $0.00479021$ & $0.0259652$ & $-0.0177783$ & $0.0246571$ & $0.0262962$ \\
CHL3_33 & $0.0245117$ & $-0.0101098$ & $0.0229461$ & $-0.0713332$ & $-0.00297082$ & $-0.0662099$ & $-0.00263097$ & $-0.350959$ & $-0.351854$ & $0.4176$ & $0.00926751$ & $-0.0137641$ & $0.557258$ & $-0.0278914$ & $-0.461399$ & $0.693647$ & $0.627896$ & $1$ & $-0.0145684$ & $0.00241709$ & $0.0118322$ & $0.0641091$ & $0.565129$ & $0.763782$ & $-0.023448$ & $0.083072$ & $-0.00571746$ & $-0.0112698$ & $-0.00595686$ & $-0.0139375$ & $-0.00356826$ & $0.0137022$ & $-0.274545$ & $0.0674615$ & $0.0539549$ & $-0.00883652$ & $0.0180354$ & $-0.0100728$ & $-0.00635299$ & $0.0315487$ & $-0.0272378$ & $0.020031$ & $0.0735498$ & $-0.0402218$ & $-0.01674$ & $-0.0438033$ & $0.00945032$ & $0.00704139$ \\
CHe_11 & $0.0685019$ & $-0.00813786$ & $0.00216751$ & $-0.0446055$ & $-0.0329884$ & $-0.176211$ & $-0.0584966$ & $0.862299$ & $0.844708$ & $-0.325008$ & $-0.99063$ & $-0.297506$ & $0.596398$ & $0.485195$ & $0.489753$ & $0.320349$ & $-0.00924943$ & $-0.0145684$ & $1$ & $0.973299$ & $0.953676$ & $-0.0385883$ & $-0.223912$ & $0.0373936$ & $-0.545774$ & $0.19468$ & $0.311886$ & $-0.00922647$ & $-0.000700263$ & $-0.0016013$ & $-0.0783908$ & $0.0162365$ & $0.277165$ & $-0.0110114$ & $0.0544202$ & $-0.0432615$ & $-0.0201091$ & $-0.00562532$ & $0.0500771$ & $0.0167691$ & $-0.0539119$ & $0.0156269$ & $0.00517134$ & $0.0723432$ & $-0.0316435$ & $0.024976$ & $0.0675328$ & $0.0249403$ \\
CHe_22 & $0.0620773$ & $-0.0188647$ & $0.00642596$ & $-0.0531366$ & $-0.0263794$ & $-0.180356$ & $-0.0524726$ & $0.904843$ & $0.886221$ & $-0.354851$ & $-0.991621$ & $-0.334018$ & $0.545541$ & $0.33838$ & $0.351683$ & $0.274912$ & $0.00955698$ & $0.00241709$ & $0.973299$ & $1$ & $0.975647$ & $0.0131508$ & $-0.330212$ & $0.0369141$ & $-0.557536$ & $0.348026$ & $0.322758$ & $-0.00662648$ & $-0.00466649$ & $-0.0111576$ & $-0.0742121$ & $0.0119296$ & $0.440883$ & $-0.00699185$ & $0.0503057$ & $-0.0346438$ & $-0.0334029$ & $-0.0146058$ & $0.0537602$ & $0.0131182$ & $-0.0562863$ & $0.0237934$ & $0.00654768$ & $0.0670994$ & $-0.0301763$ & $0.0174021$ & $0.0690681$ & $0.0237816$ \\
CHe_33 & $0.0604832$ & $-0.0182389$ & $0.00379665$ & $-0.0518183$ & $-0.0214054$ & $-0.180108$ & $-0.0394467$ & $0.88383$ & $0.865197$ & $-0.344509$ & $-0.970909$ & $-0.32738$ & $0.534075$ & $0.326183$ & $0.36683$ & $0.275126$ & $0.0193451$ & $0.0118322$ & $0.953676$ & $0.975647$ & $1$ & $0.0231867$ & $-0.320552$ & $0.0468098$ & $-0.553281$ & $0.345938$ & $0.318599$ & $-0.00892719$ & $-0.00362051$ & $-0.00987435$ & $-0.0585699$ & $0.0149625$ & $0.437741$ & $-0.00532885$ & $0.0466068$ & $-0.032983$ & $-0.0487384$ & $-0.0158463$ & $0.0560419$ & $0.0160608$ & $-0.0581879$ & $0.0209584$ & $0.00554124$ & $0.0617027$ & $-0.0309222$ & $0.0140554$ & $0.077138$ & $0.0257739$ \\
CHQ1_11 & $-0.00455581$ & $-0.054044$ & $-0.0242871$ & $-0.0357622$ & $0.0443481$ & $-0.000531349$ & $0.0182132$ & $0.0218119$ & $0.0164617$ & $-0.0393514$ & $0.0145224$ & $-0.0554474$ & $-0.0420132$ & $-0.192797$ & $-0.171885$ & $-0.0458757$ & $0.060721$ & $0.0641091$ & $-0.0385883$ & $0.0131508$ & $0.0231867$ & $1$ & $-0.100317$ & $0.123031$ & $-0.661794$ & $0.320889$ & $-0.0289337$ & $0.0108107$ & $-0.0069928$ & $-0.00686171$ & $0.0252056$ & $0.00432414$ & $0.176868$ & $0.0680347$ & $-0.0221132$ & $0.0194211$ & $-0.0273578$ & $-0.0493759$ & $0.0340483$ & $0.0332231$ & $-0.00967752$ & $0.0283193$ & $-0.00577394$ & $0.0163779$ & $0.0160476$ & $-0.0617326$ & $0.00442858$ & $0.0456842$ \\
CHQ1_33 & $0.00740695$ & $0.0685888$ & $-0.0249538$ & $-0.0331717$ & $0.00835206$ & $0.000988443$ & $-0.00638848$ & $-0.627981$ & $-0.623623$ & $0.514262$ & $0.278521$ & $0.148737$ & $0.409879$ & $0.121483$ & $0.09731$ & $0.618235$ & $0.555101$ & $0.565129$ & $-0.223912$ & $-0.330212$ & $-0.320552$ & $-0.100317$ & $1$ & $0.583407$ & $0.167522$ & $-0.371269$ & $-0.00572904$ & $-0.00222889$ & $0.000817514$ & $0.0203978$ & $0.00115675$ & $0.0162965$ & $-0.599681$ & $0.0204373$ & $0.00500899$ & $-0.0176241$ & $0.0388219$ & $0.0358413$ & $-0.0375187$ & $0.00919929$ & $0.0012946$ & $0.00116765$ & $0.0198855$ & $0.00715279$ & $0.00977956$ & $-0.0324121$ & $0.0209766$ & $0.0288596$ \\
CHQ3_11 & $-0.00644776$ & $0.0239909$ & $-0.0207072$ & $-0.0765933$ & $0.0142779$ & $-0.0967497$ & $0.00513768$ & $-0.3227$ & $-0.322883$ & $0.426783$ & $-0.0360778$ & $-0.0272504$ & $0.561583$ & $-0.156864$ & $-0.123921$ & $0.752698$ & $0.784043$ & $0.763782$ & $0.0373936$ & $0.0369141$ & $0.0468098$ & $0.123031$ & $0.583407$ & $1$ & $-0.020203$ & $0.312164$ & $0.0121874$ & $-0.0256548$ & $-0.0148448$ & $-0.0138163$ & $-0.000949606$ & $-0.00299487$ & $-0.103273$ & $0.00345809$ & $-0.012328$ & $-0.00631964$ & $0.00498965$ & $-0.00386147$ & $-0.00536862$ & $0.0124777$ & $-0.0241466$ & $0.0506271$ & $0.00733889$ & $0.00775823$ & $-0.0236024$ & $-0.0281741$ & $0.0152813$ & $0.0169581$ \\
CHu_11 & $-0.0616191$ & $0.0384177$ & $0.00575093$ & $0.0474726$ & $0.010451$ & $0.0997051$ & $0.0317687$ & $-0.496848$ & $-0.482432$ & $0.204484$ & $0.555147$ & $0.205892$ & $-0.330597$ & $-0.187397$ & $-0.20502$ & $-0.165639$ & $-0.0272157$ & $-0.023448$ & $-0.545774$ & $-0.557536$ & $-0.553281$ & $-0.661794$ & $0.167522$ & $-0.020203$ & $1$ & $-0.136959$ & $-0.145622$ & $-0.0170318$ & $0.0240943$ & $0.00294563$ & $0.0353789$ & $-0.0185471$ & $-0.236796$ & $-0.0857023$ & $-0.0301637$ & $0.00681661$ & $0.0226995$ & $0.059006$ & $-0.0587433$ & $-0.0194203$ & $0.0402632$ & $-0.0167759$ & $-0.0158834$ & $-0.041915$ & $-0.0339032$ & $0.0220358$ & $-0.0410413$ & $-0.0654619$ \\
CHd_11 & $-0.00758808$ & $-0.0330808$ & $-0.0203104$ & $-0.0608302$ & $0.0462321$ & $-0.0693631$ & $0.0279722$ & $0.380093$ & $0.375551$ & $-0.209385$ & $-0.269519$ & $-0.189889$ & $-0.0456788$ & $-0.416418$ & $-0.38006$ & $-0.0816334$ & $0.0904808$ & $0.083072$ & $0.19468$ & $0.348026$ & $0.345938$ & $0.320889$ & $-0.371269$ & $0.312164$ & $-0.136959$ & $1$ & $0.123242$ & $-0.0107242$ & $-0.00960647$ & $-0.0376407$ & $0.00848513$ & $-0.023829$ & $0.671439$ & $-0.0254659$ & $-0.0211415$ & $0.0435124$ & $-0.0719667$ & $-0.0234806$ & $0.0244337$ & $0.0107082$ & $-0.0178464$ & $0.0588233$ & $-0.0244162$ & $0.0199422$ & $-0.0368877$ & $-0.0208491$ & $0.0452246$ & $-0.00511711$ \\
CHd_33 & $0.0573645$ & $0.0229709$ & $0.0151021$ & $-0.0400197$ & $0.00593183$ & $-0.077607$ & $-0.0140766$ & $0.298653$ & $0.290265$ & $-0.118004$ & $-0.320014$ & $-0.105444$ & $0.16518$ & $0.100393$ & $0.108145$ & $0.07933$ & $-0.00267901$ & $-0.00571746$ & $0.311886$ & $0.322758$ & $0.318599$ & $-0.0289337$ & $-0.00572904$ & $0.0121874$ & $-0.145622$ & $0.123242$ & $1$ & $0.00655925$ & $0.0350743$ & $0.0135796$ & $-0.0184188$ & $0.012517$ & $0.158249$ & $-0.00669814$ & $0.0382223$ & $-0.0987343$ & $-0.00535433$ & $0.00448593$ & $0.00596756$ & $0.0184756$ & $-0.0415149$ & $0.0442942$ & $0.00973369$ & $0.0561203$ & $0.0278592$ & $-0.0126431$ & $0.0442171$ & $0.0204932$ \\
CeH_22r & $0.00686535$ & $0.0167138$ & $-0.0240512$ & $0.00882143$ & $0.0120554$ & $-0.00843697$ & $-0.0215283$ & $0.000101695$ & $0.00636667$ & $-0.0122675$ & $0.00761223$ & $0.0307622$ & $-0.0202827$ & $-0.00417215$ & $-0.00998286$ & $-0.0108342$ & $-0.0143829$ & $-0.0112698$ & $-0.00922647$ & $-0.00662648$ & $-0.00892719$ & $0.0108107$ & $-0.00222889$ & $-0.0256548$ & $-0.0170318$ & $-0.0107242$ & $0.00655925$ & $1$ & $0.0464421$ & $0.0209392$ & $-0.0261941$ & $0.0650379$ & $0.00528893$ & $0.0293153$ & $0.00763003$ & $0.0179335$ & $-0.0216541$ & $-0.0421961$ & $0.0135231$ & $-0.0311462$ & $-0.00208465$ & $-0.0274096$ & $-0.0489639$ & $0.0409846$ & $0.0250211$ & $0.0343432$ & $-0.0162639$ & $0.0623459$ \\
CeH_33r & $-0.0365778$ & $-0.0441074$ & $0.00414107$ & $0.0368805$ & $-0.00668322$ & $0.0205463$ & $-0.0611896$ & $0.00159337$ & $0.0240439$ & $-0.0690057$ & $0.00161665$ & $0.20012$ & $-0.0149671$ & $0.0219921$ & $-0.00609447$ & $-0.00277644$ & $-0.0218243$ & $-0.00595686$ & $-0.000700263$ & $-0.00466649$ & $-0.00362051$ & $-0.0069928$ & $0.000817514$ & $-0.0148448$ & $0.0240943$ & $-0.00960647$ & $0.0350743$ & $0.0464421$ & $1$ & $0.290229$ & $0.0974361$ & $0.703225$ & $-0.0150563$ & $-0.0300412$ & $0.023334$ & $-0.0287361$ & $-0.0178814$ & $0.0212646$ & $-0.0494066$ & $0.0187087$ & $0.00162381$ & $-0.0411062$ & $0.00491057$ & $0.0436924$ & $-0.0458077$ & $-0.00377509$ & $0.00907391$ & $0.0370221$ \\
CuH_22r & $8.87587e-05$ & $0.00611807$ & $-0.0529336$ & $0.0312742$ & $0.052695$ & $0.00635162$ & $-0.0469525$ & $-0.00974921$ & $-0.00336726$ & $-0.0283274$ & $0.0060122$ & $0.0474875$ & $-0.000990768$ & $0.030571$ & $0.0272942$ & $0.00581562$ & $-0.0123812$ & $-0.0139375$ & $-0.0016013$ & $-0.0111576$ & $-0.00987435$ & $-0.00686171$ & $0.0203978$ & $-0.0138163$ & $0.00294563$ & $-0.0376407$ & $0.0135796$ & $0.0209392$ & $0.290229$ & $1$ & $0.0453445$ & $0.377714$ & $-0.0302893$ & $-0.0143907$ & $0.0137653$ & $-0.0255737$ & $-0.0345903$ & $-0.0223048$ & $-0.0067578$ & $0.0294609$ & $0.0139442$ & $0.00337534$ & $-0.0261404$ & $0.0268353$ & $-0.00270726$ & $0.0669617$ & $0.00748657$ & $0.0393687$ \\
CuH_33r & $-0.0124103$ & $-0.0275298$ & $0.0951303$ & $-0.0429738$ & $0.0465767$ & $0.0198823$ & $0.931386$ & $-0.0598925$ & $-0.0232412$ & $0.00750089$ & $0.0773809$ & $0.071719$ & $-0.0443535$ & $-0.062445$ & $-0.0477958$ & $-0.0440897$ & $0.00882159$ & $-0.00356826$ & $-0.0783908$ & $-0.0742121$ & $-0.0585699$ & $0.0252056$ & $0.00115675$ & $-0.000949606$ & $0.0353789$ & $0.00848513$ & $-0.0184188$ & $-0.0261941$ & $0.0974361$ & $0.0453445$ & $1$ & $0.123952$ & $0.00204966$ & $0.0875075$ & $-0.0845464$ & $0.0823498$ & $-0.117679$ & $0.134278$ & $-0.122399$ & $0.0270472$ & $0.0296537$ & $-0.0146528$ & $-0.0434111$ & $-0.000405874$ & $0.0452386$ & $-0.0934053$ & $0.0241994$ & $0.0242105$ \\
CdH_33r & $-0.0611361$ & $-0.0775099$ & $0.0311713$ & $0.0611975$ & $0.018476$ & $0.0255966$ & $-0.0870119$ & $0.00572826$ & $0.0294156$ & $-0.0757388$ & $-0.014951$ & $0.25249$ & $0.0229915$ & $0.0134022$ & $0.00561707$ & $0.016626$ & $0.01048$ & $0.0137022$ & $0.0162365$ & $0.0119296$ & $0.0149625$ & $0.00432414$ & $0.0162965$ & $-0.00299487$ & $-0.0185471$ & $-0.023829$ & $0.012517$ & $0.0650379$ & $0.703225$ & $0.377714$ & $0.123952$ & $1$ & $-0.00957684$ & $0.0413617$ & $0.0366827$ & $-0.0470126$ & $-0.0323828$ & $-0.00674207$ & $-0.035883$ & $-0.00141166$ & $-0.0281851$ & $-0.0916541$ & $-0.0523834$ & $0.12938$ & $0.0177351$ & $-0.0498359$ & $0.077434$ & $0.230281$ \\
CLL_1221 & $0.00771803$ & $-0.0129995$ & $-0.0120628$ & $-0.0368838$ & $0.0046359$ & $-0.120154$ & $0.0131349$ & $0.53281$ & $0.52508$ & $-0.30227$ & $-0.356727$ & $-0.209182$ & $-0.15111$ & $-0.607906$ & $-0.0791702$ & $-0.161215$ & $0.141316$ & $-0.274545$ & $0.277165$ & $0.440883$ & $0.437741$ & $0.176868$ & $-0.599681$ & $-0.103273$ & $-0.236796$ & $0.671439$ & $0.158249$ & $0.00528893$ & $-0.0150563$ & $-0.0302893$ & $0.00204966$ & $-0.00957684$ & $1$ & $-0.0327392$ & $-0.0347246$ & $0.00160517$ & $-0.103621$ & $-0.0322878$ & $0.0298018$ & $-0.0157739$ & $-0.0235781$ & $0.0566378$ & $-0.0286595$ & $0.0286176$ & $0.0152$ & $0.0110361$ & $0.0465732$ & $0.00686754$ \\
eHggint & $0.32077$ & $-0.179071$ & $0.217414$ & $-0.378421$ & $0.0549482$ & $-0.0418487$ & $0.058431$ & $-0.0190016$ & $-0.0236434$ & $-0.0135143$ & $0.0076039$ & $-0.011062$ & $0.0308113$ & $0.00986066$ & $-0.0598959$ & $0.0205073$ & $0.0133637$ & $0.0674615$ & $-0.0110114$ & $-0.00699185$ & $-0.00532885$ & $0.0680347$ & $0.0204373$ & $0.00345809$ & $-0.0857023$ & $-0.0254659$ & $-0.00669814$ & $0.0293153$ & $-0.0300412$ & $-0.0143907$ & $0.0875075$ & $0.0413617$ & $-0.0327392$ & $1$ & $0.233065$ & $0.0266866$ & $-0.0302136$ & $-0.290623$ & $0.125058$ & $0.250804$ & $-0.0412007$ & $-0.204057$ & $-0.0595258$ & $-0.140236$ & $0.496843$ & $-0.452494$ & $-0.12101$ & $0.255193$ \\
eHggpar & $0.411193$ & $-0.311243$ & $0.312057$ & $-0.184028$ & $-0.0866278$ & $-0.00627231$ & $-0.11318$ & $0.0401566$ & $0.0221047$ & $-0.0136173$ & $-0.0561398$ & $-0.00684675$ & $0.0432431$ & $0.0678928$ & $-0.0193795$ & $0.0362344$ & $-0.0160639$ & $0.0539549$ & $0.0544202$ & $0.0503057$ & $0.0466068$ & $-0.0221132$ & $0.00500899$ & $-0.012328$ & $-0.0301637$ & $-0.0211415$ & $0.0382223$ & $0.00763003$ & $0.023334$ & $0.0137653$ & $-0.0845464$ & $0.0366827$ & $-0.0347246$ & $0.233065$ & $1$ & $0.0491175$ & $0.191214$ & $0.24711$ & $-0.052255$ & $0.398916$ & $-0.0797084$ & $-0.207289$ & $0.339171$ & $0.166237$ & $-0.166238$ & $-0.123843$ & $0.288538$ & $0.0446593$ \\
eHWWint & $-0.0663894$ & $-0.00566153$ & $0.119934$ & $0.0834226$ & $-0.0422456$ & $0.0123778$ & $0.0850185$ & $-0.0141663$ & $-0.0130828$ & $-0.00517969$ & $0.0379385$ & $0.0287957$ & $-0.0428647$ & $-0.018017$ & $-0.0463812$ & $-0.0501554$ & $-0.0363005$ & $-0.00883652$ & $-0.0432615$ & $-0.0346438$ & $-0.032983$ & $0.0194211$ & $-0.0176241$ & $-0.00631964$ & $0.00681661$ & $0.0435124$ & $-0.0987343$ & $0.0179335$ & $-0.0287361$ & $-0.0255737$ & $0.0823498$ & $-0.0470126$ & $0.00160517$ & $0.0266866$ & $0.0491175$ & $1$ & $0.0487134$ & $-0.03283$ & $0.016753$ & $-0.219068$ & $0.310504$ & $-0.276455$ & $-0.0730942$ & $-0.408125$ & $-0.172879$ & $0.178093$ & $0.191366$ & $-0.14757$ \\
eHWWpar & $-0.0495932$ & $-0.0998837$ & $0.3082$ & $0.149487$ & $-0.00748883$ & $0.0393441$ & $-0.105445$ & $-0.0385631$ & $-0.046457$ & $0.0167935$ & $0.022964$ & $-0.00729026$ & $0.0292291$ & $0.0737766$ & $0.00620271$ & $0.0109902$ & $-0.0255063$ & $0.0180354$ & $-0.0201091$ & $-0.0334029$ & $-0.0487384$ & $-0.0273578$ & $0.0388219$ & $0.00498965$ & $0.0226995$ & $-0.0719667$ & $-0.00535433$ & $-0.0216541$ & $-0.0178814$ & $-0.0345903$ & $-0.117679$ & $-0.0323828$ & $-0.103621$ & $-0.0302136$ & $0.191214$ & $0.0487134$ & $1$ & $0.221999$ & $0.00718382$ & $-0.172083$ & $0.103$ & $-0.0611665$ & $0.167154$ & $0.0316194$ & $-0.138021$ & $-0.0945121$ & $-0.162808$ & $0.0700876$ \\
eHZZint & $0.0813654$ & $0.197045$ & $0.0753726$ & $-0.20972$ & $-0.0308656$ & $-0.022892$ & $0.119067$ & $-0.0198582$ & $-0.0191142$ & $0.0349212$ & $0.0116539$ & $0.037912$ & $-0.0147345$ & $0.032184$ & $0.030062$ & $0.0171653$ & $-0.0106847$ & $-0.0100728$ & $-0.00562532$ & $-0.0146058$ & $-0.0158463$ & $-0.0493759$ & $0.0358413$ & $-0.00386147$ & $0.059006$ & $-0.0234806$ & $0.00448593$ & $-0.0421961$ & $0.0212646$ & $-0.0223048$ & $0.134278$ & $-0.00674207$ & $-0.0322878$ & $-0.290623$ & $0.24711$ & $-0.03283$ & $0.221999$ & $1$ & $-0.163488$ & $0.0807825$ & $0.0185217$ & $0.0387123$ & $0.474646$ & $0.314261$ & $-0.507924$ & $-0.207977$ & $0.393528$ & $-0.184404$ \\
eHZZpar & $0.137747$ & $-0.0870415$ & $-0.0856382$ & $0.0378483$ & $0.0660368$ & $0.0110221$ & $-0.112873$ & $0.0545315$ & $0.0500388$ & $-0.0475097$ & $-0.0534617$ & $-0.0680544$ & $0.0173612$ & $0.0198404$ & $0.0214302$ & $0.0108233$ & $-0.00921438$ & $-0.00635299$ & $0.0500771$ & $0.0537602$ & $0.0560419$ & $0.0340483$ & $-0.0375187$ & $-0.00536862$ & $-0.0587433$ & $0.0244337$ & $0.00596756$ & $0.0135231$ & $-0.0494066$ & $-0.0067578$ & $-0.122399$ & $-0.035883$ & $0.0298018$ & $0.125058$ & $-0.052255$ & $0.016753$ & $0.00718382$ & $-0.163488$ & $1$ & $0.049767$ & $-0.11285$ & $0.234213$ & $0.0215174$ & $-0.0868449$ & $0.137913$ & $0.129356$ & $-0.159138$ & $-0.00595607$ \\
eHZgaint & $0.442284$ & $-0.383405$ & $-0.0198702$ & $-0.359661$ & $-0.00100337$ & $-0.020858$ & $0.00131184$ & $0.00787078$ & $0.00544356$ & $-0.00550812$ & $-0.0178798$ & $0.00100705$ & $0.0197738$ & $0.0173847$ & $-0.0151326$ & $0.0230062$ & $0.0113138$ & $0.0315487$ & $0.0167691$ & $0.0131182$ & $0.0160608$ & $0.0332231$ & $0.00919929$ & $0.0124777$ & $-0.0194203$ & $0.0107082$ & $0.0184756$ & $-0.0311462$ & $0.0187087$ & $0.0294609$ & $0.0270472$ & $-0.00141166$ & $-0.0157739$ & $0.250804$ & $0.398916$ & $-0.219068$ & $-0.172083$ & $0.0807825$ & $0.049767$ & $1$ & $-0.0541656$ & $0.269311$ & $0.204195$ & $0.052546$ & $-0.0151984$ & $-0.146915$ & $0.10653$ & $-0.190615$ \\
eHZgapar & $-0.125731$ & $0.105027$ & $0.0581701$ & $0.0721633$ & $0.0191692$ & $0.0162556$ & $0.0331188$ & $-0.0397779$ & $-0.0351493$ & $-0.00825803$ & $0.0563384$ & $-0.00829084$ & $-0.0448278$ & $-0.00964352$ & $-0.0165897$ & $-0.0432553$ & $-0.0290908$ & $-0.0272378$ & $-0.0539119$ & $-0.0562863$ & $-0.0581879$ & $-0.00967752$ & $0.0012946$ & $-0.0241466$ & $0.0402632$ & $-0.0178464$ & $-0.0415149$ & $-0.00208465$ & $0.00162381$ & $0.0139442$ & $0.0296537$ & $-0.0281851$ & $-0.0235781$ & $-0.0412007$ & $-0.0797084$ & $0.310504$ & $0.103$ & $0.0185217$ & $-0.11285$ & $-0.0541656$ & $1$ & $-0.0795956$ & $-0.0994672$ & $-0.206772$ & $0.00958526$ & $0.0738028$ & $0.0492604$ & $-0.0463403$ \\
eHgagaint & $0.417605$ & $0.0392525$ & $-0.0281401$ & $-0.309481$ & $0.0840251$ & $-0.0181001$ & $0.00883986$ & $0.00486423$ & $0.0206318$ & $-0.0102107$ & $-0.0191483$ & $-0.0467106$ & $0.0143415$ & $-0.051296$ & $0.00517396$ & $0.0436117$ & $0.0650842$ & $0.020031$ & $0.0156269$ & $0.0237934$ & $0.0209584$ & $0.0283193$ & $0.00116765$ & $0.0506271$ & $-0.0167759$ & $0.0588233$ & $0.0442942$ & $-0.0274096$ & $-0.0411062$ & $0.00337534$ & $-0.0146528$ & $-0.0916541$ & $0.0566378$ & $-0.204057$ & $-0.207289$ & $-0.276455$ & $-0.0611665$ & $0.0387123$ & $0.234213$ & $0.269311$ & $-0.0795956$ & $1$ & $0.26395$ & $-0.052525$ & $0.120978$ & $0.188062$ & $-0.00111077$ & $-0.282167$ \\
eHmumuint & $0.346961$ & $-0.0616795$ & $0.15277$ & $-0.376023$ & $-0.0445169$ & $-0.000326609$ & $-0.0461813$ & $-0.013612$ & $-0.0182346$ & $0.0094174$ & $-0.00588783$ & $-0.00171422$ & $0.0179037$ & $0.0182539$ & $-0.0471357$ & $0.0439938$ & $0.0167452$ & $0.0735498$ & $0.00517134$ & $0.00654768$ & $0.00554124$ & $-0.00577394$ & $0.0198855$ & $0.00733889$ & $-0.0158834$ & $-0.0244162$ & $0.00973369$ & $-0.0489639$ & $0.00491057$ & $-0.0261404$ & $-0.0434111$ & $-0.0523834$ & $-0.0286595$ & $-0.0595258$ & $0.339171$ & $-0.0730942$ & $0.167154$ & $0.474646$ & $0.0215174$ & $0.204195$ & $-0.0994672$ & $0.26395$ & $1$ & $-0.0860307$ & $-0.444745$ & $-0.132724$ & $0.310405$ & $-0.366081$ \\
eHtautauint & $-0.0654787$ & $0.0709976$ & $-0.241419$ & $-0.0530019$ & $0.0366409$ & $-0.0391027$ & $-0.00798865$ & $0.0606599$ & $0.0581597$ & $-0.0163882$ & $-0.0702169$ & $-0.0222489$ & $0.0360908$ & $0.0306744$ & $0.0849636$ & $0.0249126$ & $0.00479021$ & $-0.0402218$ & $0.0723432$ & $0.0670994$ & $0.0617027$ & $0.0163779$ & $0.00715279$ & $0.00775823$ & $-0.041915$ & $0.0199422$ & $0.0561203$ & $0.0409846$ & $0.0436924$ & $0.0268353$ & $-0.000405874$ & $0.12938$ & $0.0286176$ & $-0.140236$ & $0.166237$ & $-0.408125$ & $0.0316194$ & $0.314261$ & $-0.0868449$ & $0.052546$ & $-0.206772$ & $-0.052525$ & $-0.0860307$ & $1$ & $-0.225598$ & $-0.0219154$ & $0.235847$ & $0.437607$ \\
eHccint & $0.19724$ & $-0.0365305$ & $0.191577$ & $0.0813874$ & $0.0754135$ & $-0.00809483$ & $0.0477329$ & $-0.0276498$ & $-0.0249626$ & $-0.0215627$ & $0.0323959$ & $-0.0176441$ & $-0.00897595$ & $-0.0450097$ & $0.0016339$ & $-0.0139802$ & $0.0259652$ & $-0.01674$ & $-0.0316435$ & $-0.0301763$ & $-0.0309222$ & $0.0160476$ & $0.00977956$ & $-0.0236024$ & $-0.0339032$ & $-0.0368877$ & $0.0278592$ & $0.0250211$ & $-0.0458077$ & $-0.00270726$ & $0.0452386$ & $0.0177351$ & $0.0152$ & $0.496843$ & $-0.166238$ & $-0.172879$ & $-0.138021$ & $-0.507924$ & $0.137913$ & $-0.0151984$ & $0.00958526$ & $0.120978$ & $-0.444745$ & $-0.225598$ & $1$ & $-0.142195$ & $-0.250226$ & $0.303451$ \\
eHccpar & $0.122302$ & $0.233982$ & $-0.434603$ & $0.312021$ & $-0.00829595$ & $0.016633$ & $-0.0687539$ & $0.0229594$ & $0.0230252$ & $-0.0534764$ & $-0.0208$ & $-0.0574402$ & $-0.00999028$ & $0.0176532$ & $0.0521684$ & $-0.00716841$ & $-0.0177783$ & $-0.0438033$ & $0.024976$ & $0.0174021$ & $0.0140554$ & $-0.0617326$ & $-0.0324121$ & $-0.0281741$ & $0.0220358$ & $-0.0208491$ & $-0.0126431$ & $0.0343432$ & $-0.00377509$ & $0.0669617$ & $-0.0934053$ & $-0.0498359$ & $0.0110361$ & $-0.452494$ & $-0.123843$ & $0.178093$ & $-0.0945121$ & $-0.207977$ & $0.129356$ & $-0.146915$ & $0.0738028$ & $0.188062$ & $-0.132724$ & $-0.0219154$ & $-0.142195$ & $1$ & $0.0028792$ & $-0.213575$ \\
eHbbint & $0.143002$ & $0.22674$ & $-0.00665022$ & $-0.232087$ & $-0.0156528$ & $-0.00408227$ & $0.0203633$ & $0.0531297$ & $0.0475713$ & $-0.0160182$ & $-0.0654609$ & $-0.00533606$ & $0.0375547$ & $0.00284237$ & $0.0390083$ & $0.0299458$ & $0.0246571$ & $0.00945032$ & $0.0675328$ & $0.0690681$ & $0.077138$ & $0.00442858$ & $0.0209766$ & $0.0152813$ & $-0.0410413$ & $0.0452246$ & $0.0442171$ & $-0.0162639$ & $0.00907391$ & $0.00748657$ & $0.0241994$ & $0.077434$ & $0.0465732$ & $-0.12101$ & $0.288538$ & $0.191366$ & $-0.162808$ & $0.393528$ & $-0.159138$ & $0.10653$ & $0.0492604$ & $-0.00111077$ & $0.310405$ & $0.235847$ & $-0.250226$ & $0.0028792$ & $1$ & $-0.0480915$ \\
eHbbpar & $-0.158116$ & $-0.249821$ & $0.101781$ & $0.334895$ & $0.0485536$ & $-0.0355104$ & $0.010399$ & $0.0163308$ & $0.00841524$ & $0.0098236$ & $-0.0266798$ & $0.00276559$ & $0.0372778$ & $0.00422388$ & $0.024643$ & $0.0262632$ & $0.0262962$ & $0.00704139$ & $0.0249403$ & $0.0237816$ & $0.0257739$ & $0.0456842$ & $0.0288596$ & $0.0169581$ & $-0.0654619$ & $-0.00511711$ & $0.0204932$ & $0.0623459$ & $0.0370221$ & $0.0393687$ & $0.0242105$ & $0.230281$ & $0.00686754$ & $0.255193$ & $0.0446593$ & $-0.14757$ & $0.0700876$ & $-0.184404$ & $-0.00595607$ & $-0.190615$ & $-0.0463403$ & $-0.282167$ & $-0.366081$ & $0.437607$ & $0.303451$ & $-0.213575$ & $-0.0480915$ & $1$ \\
