 & AlsMz & dAle5Mz & mtop & mHl & Mz & CW & CHG & CHWB & CHWHB_gaga & CHWHB_gagaorth & CHD & CHbox & CH & CHL1_11 & CHL1_22 & CHL1_33 & CHL3_11 & CHL3_22 & CHL3_33 & CHe_11 & CHe_22 & CHe_33 & CHQ1_11 & CHQ1_33 & CHQ3_11 & CHu_11 & CHd_11 & CHd_33 & CeH_22r & CeH_33r & CuH_22r & CuH_33r & CdH_33r & CLL_1221 & eHggint & eHggpar & eHWWint & eHWWpar & eHZZint & eHZZpar & eHZgaint & eHZgapar & eHgagaint & eHmumuint & eHtautauint & eHccint & eHccpar & eHbbint & eHbbpar \\
AlsMz & $1$ & $0.00940363$ & $-0.0231602$ & $0.00553715$ & $-0.00972391$ & $0.0344324$ & $0.0186781$ & $0.0158051$ & $0.0136629$ & $0.00477426$ & $-0.00957383$ & $-0.00515935$ & $0.0112462$ & $-0.0236254$ & $-0.0307754$ & $-0.0519286$ & $-0.0248765$ & $-0.012159$ & $0.00967693$ & $-0.00592088$ & $0.00851182$ & $0.006086$ & $0.0602328$ & $-0.0948694$ & $-0.13091$ & $-0.0822814$ & $0.0154213$ & $0.0200172$ & $-0.000305917$ & $-0.00750099$ & $0.00664676$ & $0.00216196$ & $-0.0383977$ & $0.0353401$ & $-0.0137319$ & $-0.0265013$ & $0.0642197$ & $-0.0470345$ & $-0.0529291$ & $-0.0603572$ & $0.0333112$ & $0.0317192$ & $-0.0590817$ & $0.00197621$ & $-0.0133282$ & $-0.0271686$ & $0.0342264$ & $-0.0318602$ & $-0.0144738$ \\
dAle5Mz & $0.00940363$ & $1$ & $0.00396337$ & $0.0251844$ & $0.00664568$ & $0.0304894$ & $-0.0102005$ & $-0.13152$ & $-0.127565$ & $0.0747315$ & $0.108358$ & $0.0485855$ & $-0.0135242$ & $-0.0145068$ & $-0.0633783$ & $-0.0214788$ & $0.021821$ & $0.0601677$ & $0.0175821$ & $-0.0818654$ & $-0.0785351$ & $-0.090409$ & $0.0281229$ & $0.0496891$ & $0.0438658$ & $0.0271117$ & $-0.0110119$ & $-0.038336$ & $0.0237518$ & $-0.00522207$ & $0.0292958$ & $0.0012174$ & $-0.0102928$ & $0.0166805$ & $0.0169533$ & $0.0168035$ & $0.0119109$ & $-0.00298629$ & $-0.0453225$ & $0.0680097$ & $-0.00684542$ & $0.0364874$ & $-0.00621156$ & $-0.0301584$ & $0.0134691$ & $-0.0419485$ & $0.0450289$ & $-0.00362373$ & $0.0232701$ \\
mtop & $-0.0231602$ & $0.00396337$ & $1$ & $-0.00364474$ & $0.0049406$ & $-0.00569405$ & $-0.0139103$ & $-0.028405$ & $-0.0296177$ & $0.0272303$ & $0.026132$ & $0.0383772$ & $-0.0474456$ & $0.0175543$ & $0.000463583$ & $-0.00318328$ & $0.0163449$ & $0.0222256$ & $0.0152211$ & $-0.017127$ & $-0.0212966$ & $-0.0341999$ & $-0.0195736$ & $0.0407473$ & $0.00556728$ & $0.028425$ & $-0.0356192$ & $-0.0014039$ & $-0.000157779$ & $-0.0333116$ & $-0.033477$ & $-0.0144226$ & $-0.0250905$ & $-0.0226868$ & $-0.0052642$ & $-0.0320045$ & $0.0177531$ & $0.00567193$ & $-0.0784925$ & $-0.0199379$ & $0.0295474$ & $0.0119534$ & $0.0577807$ & $0.00891341$ & $-0.015474$ & $0.00580227$ & $-0.0539003$ & $-0.0600482$ & $0.0338547$ \\
mHl & $0.00553715$ & $0.0251844$ & $-0.00364474$ & $1$ & $0.0262583$ & $-0.040784$ & $0.0295518$ & $-0.0122327$ & $-0.0158749$ & $-0.0242747$ & $0.0197279$ & $-0.00882346$ & $0.00831839$ & $-0.0227119$ & $-0.00486806$ & $0.0253273$ & $-0.0141108$ & $-0.00547413$ & $-0.026161$ & $-0.0137487$ & $-0.0188613$ & $-0.018159$ & $-0.0157458$ & $-0.00946967$ & $-0.0192997$ & $0.0305263$ & $-0.0229235$ & $-0.00115436$ & $0.0406383$ & $0.000801413$ & $-0.024157$ & $0.0244375$ & $-0.0258137$ & $5.75432e-05$ & $0.0526905$ & $0.0204212$ & $0.0266034$ & $-0.0203271$ & $0.0413418$ & $0.0119148$ & $0.0142259$ & $-0.0170995$ & $-0.0249958$ & $0.0412611$ & $-0.0131113$ & $-0.0103319$ & $0.0400278$ & $-0.0941004$ & $0.0176074$ \\
Mz & $-0.00972391$ & $0.00664568$ & $0.0049406$ & $0.0262583$ & $1$ & $-0.015858$ & $-0.0108486$ & $0.00306411$ & $-0.000932537$ & $-0.00820159$ & $0.0133087$ & $-0.00627536$ & $-0.00967478$ & $-0.021579$ & $-0.0240047$ & $0.0144284$ & $-0.00813993$ & $-0.00203149$ & $-0.0224445$ & $-0.00698216$ & $-0.00198162$ & $0.00256843$ & $-0.0049956$ & $-0.000901958$ & $0.00579267$ & $0.00657818$ & $0.0348956$ & $0.0113524$ & $-0.00553432$ & $-0.0285851$ & $-0.074985$ & $-0.0105314$ & $-0.00245058$ & $0.025574$ & $-0.0137909$ & $0.034663$ & $-0.0163993$ & $0.0259785$ & $0.0166445$ & $0.0314852$ & $-0.0171845$ & $-0.0197665$ & $0.018747$ & $0.0371842$ & $-0.0287337$ & $0.00872327$ & $-0.0247493$ & $0.0117301$ & $0.0542656$ \\
CW & $0.0344324$ & $0.0304894$ & $-0.00569405$ & $-0.040784$ & $-0.015858$ & $1$ & $-0.00465995$ & $-0.125571$ & $-0.122369$ & $0.00353022$ & $0.192522$ & $0.0572608$ & $-0.00490426$ & $-0.0100046$ & $-0.116769$ & $-0.0809675$ & $-0.260087$ & $-0.0403997$ & $-0.0650328$ & $-0.191277$ & $-0.190252$ & $-0.185488$ & $0.00519323$ & $-0.024511$ & $-0.104584$ & $0.0970557$ & $-0.0760313$ & $-0.0852745$ & $-0.0102761$ & $0.0431126$ & $0.00726272$ & $0.0166545$ & $0.0476265$ & $-0.078526$ & $0.005347$ & $0.0519486$ & $-0.0241249$ & $-0.00488664$ & $0.00974454$ & $0.0067182$ & $-0.00296864$ & $0.00254405$ & $0.0120287$ & $-0.0124696$ & $-0.00441492$ & $0.030218$ & $0.00406947$ & $0.0212925$ & $0.0237982$ \\
CHG & $0.0186781$ & $-0.0102005$ & $-0.0139103$ & $0.0295518$ & $-0.0108486$ & $-0.00465995$ & $1$ & $-0.111702$ & $-0.0603339$ & $0.0945674$ & $0.0498714$ & $0.175606$ & $-0.31044$ & $0.0907301$ & $-0.0339885$ & $-0.0309258$ & $0.131604$ & $0.14505$ & $0.137896$ & $-0.050483$ & $-0.0526221$ & $-0.0530563$ & $-0.00722414$ & $0.144212$ & $0.140403$ & $0.0306283$ & $-0.0167742$ & $-0.0465995$ & $-0.000654982$ & $-0.117105$ & $-0.0226592$ & $0.930873$ & $-0.129853$ & $-0.0596055$ & $-0.0241289$ & $-0.017029$ & $0.00484158$ & $0.0169832$ & $-0.00277596$ & $-0.0175626$ & $0.0159367$ & $0.00624048$ & $0.0131147$ & $0.0111043$ & $-0.0708172$ & $-0.00287341$ & $0.00622367$ & $-0.0043008$ & $-0.0110251$ \\
CHWB & $0.0158051$ & $-0.13152$ & $-0.028405$ & $-0.0122327$ & $0.00306411$ & $-0.125571$ & $-0.111702$ & $1$ & $0.982667$ & $-0.57256$ & $-0.884004$ & $-0.420808$ & $0.331546$ & $0.116645$ & $0.298308$ & $0.324243$ & $-0.216095$ & $-0.428868$ & $-0.434768$ & $0.854477$ & $0.901346$ & $0.886072$ & $0.0666728$ & $-0.657996$ & $-0.392303$ & $-0.532515$ & $0.407366$ & $0.314176$ & $6.8429e-05$ & $0.115635$ & $0.0721387$ & $-0.105338$ & $0.120185$ & $0.567582$ & $-0.0140446$ & $-0.0312966$ & $-0.020247$ & $-0.00542011$ & $-0.00320312$ & $-0.0500815$ & $-0.00629455$ & $0.0333424$ & $0.0216879$ & $0.0216477$ & $-0.0371621$ & $-0.0325699$ & $-0.002038$ & $0.000464849$ & $-0.0213552$ \\
CHWHB_gaga & $0.0136629$ & $-0.127565$ & $-0.0296177$ & $-0.0158749$ & $-0.000932537$ & $-0.122369$ & $-0.0603339$ & $0.982667$ & $1$ & $-0.559265$ & $-0.867841$ & $-0.39901$ & $0.321954$ & $0.115816$ & $0.291616$ & $0.323291$ & $-0.215631$ & $-0.421532$ & $-0.430972$ & $0.838509$ & $0.884627$ & $0.869846$ & $0.0709253$ & $-0.64948$ & $-0.386467$ & $-0.528819$ & $0.399168$ & $0.304378$ & $0.011212$ & $0.133072$ & $0.0825951$ & $-0.0644482$ & $0.139214$ & $0.558722$ & $-0.0387389$ & $-0.036919$ & $-0.0370774$ & $-0.00929765$ & $-0.00738846$ & $-0.0584163$ & $-0.00793207$ & $0.0385923$ & $0.097536$ & $0.020068$ & $-0.0443193$ & $-0.0273603$ & $0.000839697$ & $-0.00570471$ & $-0.0215014$ \\
CHWHB_gagaorth & $0.00477426$ & $0.0747315$ & $0.0272303$ & $-0.0242747$ & $-0.00820159$ & $0.00353022$ & $0.0945674$ & $-0.57256$ & $-0.559265$ & $1$ & $0.366222$ & $0.662542$ & $-0.23632$ & $0.20241$ & $-0.106653$ & $-0.134322$ & $0.418071$ & $0.472103$ & $0.478425$ & $-0.351027$ & $-0.383858$ & $-0.381482$ & $-0.0647142$ & $0.54061$ & $0.451958$ & $0.248224$ & $-0.24075$ & $-0.123515$ & $-0.00658627$ & $-0.134993$ & $-0.0757075$ & $0.108935$ & $-0.13123$ & $-0.366415$ & $0.0578607$ & $0.0155144$ & $-0.0413525$ & $0.0111177$ & $-0.0581879$ & $0.0328693$ & $-0.0530907$ & $-0.0221392$ & $-0.0264786$ & $-0.00902796$ & $-0.00736646$ & $-0.0104396$ & $0.0107003$ & $-0.00521893$ & $0.0153242$ \\
CHD & $-0.00957383$ & $0.108358$ & $0.026132$ & $0.0197279$ & $0.0133087$ & $0.192522$ & $0.0498714$ & $-0.884004$ & $-0.867841$ & $0.366222$ & $1$ & $0.342972$ & $-0.163426$ & $-0.520614$ & $-0.438197$ & $-0.4389$ & $-0.231786$ & $0.07489$ & $0.073904$ & $-0.990749$ & $-0.991411$ & $-0.972279$ & $-0.0168771$ & $0.296709$ & $0.0245562$ & $0.580647$ & $-0.283884$ & $-0.361283$ & $0.00819494$ & $-0.0812483$ & $-0.0528711$ & $0.0558129$ & $-0.0706282$ & $-0.362056$ & $0.0174328$ & $0.0517533$ & $0.0212204$ & $-0.0137799$ & $0.0134326$ & $0.0528616$ & $0.0217917$ & $-0.0409069$ & $-0.025401$ & $-0.0243468$ & $0.0520534$ & $0.0651187$ & $0.00656278$ & $0.00171298$ & $0.0355273$ \\
CHbox & $-0.00515935$ & $0.0485855$ & $0.0383772$ & $-0.00882346$ & $-0.00627536$ & $0.0572608$ & $0.175606$ & $-0.420808$ & $-0.39901$ & $0.662542$ & $0.342972$ & $1$ & $-0.575826$ & $-0.00158591$ & $-0.0731037$ & $-0.0746543$ & $0.13965$ & $0.20009$ & $0.19638$ & $-0.322494$ & $-0.357481$ & $-0.356536$ & $-0.0431006$ & $0.306003$ & $0.180709$ & $0.220827$ & $-0.227112$ & $-0.114224$ & $-0.0210738$ & $-0.0030038$ & $-0.0202311$ & $0.227882$ & $0.0100493$ & $-0.285637$ & $0.0969194$ & $0.0342251$ & $-0.0567128$ & $0.0126272$ & $-0.041144$ & $0.0414094$ & $-0.0393209$ & $-0.0201627$ & $-0.039179$ & $-0.0200312$ & $-0.000901802$ & $-0.00575761$ & $0.0221746$ & $-0.0236489$ & $0.0365873$ \\
CH & $0.0112462$ & $-0.0135242$ & $-0.0474456$ & $0.00831839$ & $-0.00967478$ & $-0.00490426$ & $-0.31044$ & $0.331546$ & $0.321954$ & $-0.23632$ & $-0.163426$ & $-0.575826$ & $1$ & $-0.228293$ & $0.0637634$ & $0.062342$ & $-0.338881$ & $-0.370073$ & $-0.35852$ & $0.157141$ & $0.174407$ & $0.174146$ & $0.028289$ & $-0.367204$ & $-0.351186$ & $-0.113097$ & $0.133261$ & $0.055115$ & $0.06188$ & $0.248284$ & $0.0853385$ & $-0.265847$ & $0.281915$ & $0.215061$ & $0.012645$ & $0.0127442$ & $0.0235357$ & $-0.0243837$ & $0.0093875$ & $-0.0129311$ & $0.0120288$ & $0.0177637$ & $-0.0212925$ & $-0.00196864$ & $0.00689474$ & $0.00553291$ & $-0.00848489$ & $0.0202493$ & $-0.034538$ \\
CHL1_11 & $-0.0236254$ & $-0.0145068$ & $0.0175543$ & $-0.0227119$ & $-0.021579$ & $-0.0100046$ & $0.0907301$ & $0.116645$ & $0.115816$ & $0.20241$ & $-0.520614$ & $-0.00158591$ & $-0.228293$ & $1$ & $0.307112$ & $0.260978$ & $0.664983$ & $0.584736$ & $0.598902$ & $0.541212$ & $0.48192$ & $0.468366$ & $-0.0738789$ & $0.462457$ & $0.584435$ & $-0.27387$ & $-0.0875103$ & $0.187543$ & $-0.0144518$ & $-0.010538$ & $-0.0200317$ & $0.0689804$ & $-0.0510531$ & $-0.223661$ & $-0.0109373$ & $-0.0440305$ & $-0.0145412$ & $0.0390902$ & $-0.0377226$ & $-0.0197601$ & $-0.0304456$ & $0.0199299$ & $0.0312001$ & $0.0298968$ & $-0.0546446$ & $-0.0675482$ & $-0.0313998$ & $-0.00514751$ & $-0.0333014$ \\
CHL1_22 & $-0.0307754$ & $-0.0633783$ & $0.000463583$ & $-0.00486806$ & $-0.0240047$ & $-0.116769$ & $-0.0339885$ & $0.298308$ & $0.291616$ & $-0.106653$ & $-0.438197$ & $-0.0731037$ & $0.0637634$ & $0.307112$ & $1$ & $0.456923$ & $0.224029$ & $-0.426027$ & $0.000441103$ & $0.500728$ & $0.356951$ & $0.346133$ & $-0.174211$ & $0.142239$ & $-0.113253$ & $-0.204199$ & $-0.404156$ & $0.142104$ & $-0.00252451$ & $0.0362219$ & $0.0101265$ & $-0.0237031$ & $0.00921376$ & $-0.585974$ & $0.0374271$ & $-0.0489407$ & $-0.0237434$ & $0.00568857$ & $-0.0223724$ & $0.0142138$ & $0.0504969$ & $0.0432112$ & $-0.00523324$ & $-0.00785134$ & $0.0174265$ & $-0.0238239$ & $-0.00526555$ & $-0.0139119$ & $-0.0815058$ \\
CHL1_33 & $-0.0519286$ & $-0.0214788$ & $-0.00318328$ & $0.0253273$ & $0.0144284$ & $-0.0809675$ & $-0.0309258$ & $0.324243$ & $0.323291$ & $-0.134322$ & $-0.4389$ & $-0.0746543$ & $0.062342$ & $0.260978$ & $0.456923$ & $1$ & $0.178383$ & $-0.0456079$ & $-0.436797$ & $0.497878$ & $0.364397$ & $0.377334$ & $-0.149834$ & $0.0936893$ & $-0.140457$ & $-0.217808$ & $-0.364708$ & $0.142806$ & $0.000199007$ & $0.0631916$ & $0.0420398$ & $-0.00925578$ & $0.0548692$ & $-0.0759174$ & $0.0216424$ & $-0.0326105$ & $-0.0387583$ & $0.0194662$ & $0.00861495$ & $-0.00844518$ & $0.0111557$ & $0.0193063$ & $0.0275431$ & $-0.000748578$ & $-0.023521$ & $-0.0315216$ & $0.0113464$ & $-0.0275046$ & $-0.0144553$ \\
CHL3_11 & $-0.0248765$ & $0.021821$ & $0.0163449$ & $-0.0141108$ & $-0.00813993$ & $-0.260087$ & $0.131604$ & $-0.216095$ & $-0.215631$ & $0.418071$ & $-0.231786$ & $0.13965$ & $-0.338881$ & $0.664983$ & $0.224029$ & $0.178383$ & $1$ & $0.71387$ & $0.724938$ & $0.258188$ & $0.195893$ & $0.188645$ & $-0.0713532$ & $0.684266$ & $0.760743$ & $-0.097825$ & $-0.150486$ & $0.0962295$ & $-0.0277132$ & $-0.0921199$ & $-0.0347629$ & $0.0984175$ & $-0.108118$ & $-0.282237$ & $-0.0163235$ & $-0.0441615$ & $-0.00346674$ & $0.0353159$ & $-0.0181929$ & $-0.0116072$ & $-0.0445021$ & $0.0199058$ & $0.00637538$ & $0.00818625$ & $-0.0271134$ & $-0.0644035$ & $0.00902568$ & $0.00100177$ & $-0.0208061$ \\
CHL3_22 & $-0.012159$ & $0.0601677$ & $0.0222256$ & $-0.00547413$ & $-0.00203149$ & $-0.0403997$ & $0.14505$ & $-0.428868$ & $-0.421532$ & $0.472103$ & $0.07489$ & $0.20009$ & $-0.370073$ & $0.584736$ & $-0.426027$ & $-0.0456079$ & $0.71387$ & $1$ & $0.673975$ & $-0.0740826$ & $-0.0706475$ & $-0.0680974$ & $0.0143178$ & $0.612265$ & $0.790253$ & $0.0497982$ & $0.0218347$ & $-0.00772221$ & $-0.0167011$ & $-0.0891032$ & $-0.0426343$ & $0.115195$ & $-0.0993871$ & $0.0160704$ & $-0.0319287$ & $-0.00684422$ & $0.0102391$ & $0.0347464$ & $-0.00310809$ & $-0.0199524$ & $-0.0678365$ & $-0.0163732$ & $0.015345$ & $0.0142022$ & $-0.0459264$ & $-0.0467776$ & $-0.00498988$ & $0.00206538$ & $0.0293538$ \\
CHL3_33 & $0.00967693$ & $0.0175821$ & $0.0152211$ & $-0.026161$ & $-0.0224445$ & $-0.0650328$ & $0.137896$ & $-0.434768$ & $-0.430972$ & $0.478425$ & $0.073904$ & $0.19638$ & $-0.35852$ & $0.598902$ & $0.000441103$ & $-0.436797$ & $0.724938$ & $0.673975$ & $1$ & $-0.0710784$ & $-0.0735827$ & $-0.0701479$ & $-0.000832511$ & $0.627255$ & $0.789254$ & $0.0596949$ & $-0.00131137$ & $-0.0144569$ & $-0.0126098$ & $-0.107947$ & $-0.0664425$ & $0.0988266$ & $-0.131777$ & $-0.375749$ & $-0.0211387$ & $-0.0114822$ & $0.0227214$ & $0.0260084$ & $-0.0312045$ & $0.00152276$ & $-0.0274614$ & $0.00454251$ & $-0.00138497$ & $0.00674697$ & $-0.0186037$ & $-0.0350232$ & $-0.016044$ & $0.0104058$ & $-0.01949$ \\
CHe_11 & $-0.00592088$ & $-0.0818654$ & $-0.017127$ & $-0.0137487$ & $-0.00698216$ & $-0.191277$ & $-0.050483$ & $0.854477$ & $0.838509$ & $-0.351027$ & $-0.990749$ & $-0.322494$ & $0.157141$ & $0.541212$ & $0.500728$ & $0.497878$ & $0.258188$ & $-0.0740826$ & $-0.0710784$ & $1$ & $0.974532$ & $0.955245$ & $-0.00608155$ & $-0.240111$ & $-0.0127751$ & $-0.569825$ & $0.215061$ & $0.357299$ & $-0.00736575$ & $0.081059$ & $0.0477189$ & $-0.0531242$ & $0.0656451$ & $0.285554$ & $-0.00840795$ & $-0.0524549$ & $-0.0199895$ & $0.016247$ & $-0.0116374$ & $-0.0505923$ & $-0.0179538$ & $0.0432128$ & $0.0196549$ & $0.0184436$ & $-0.0492901$ & $-0.0677136$ & $-0.00829016$ & $-0.00792107$ & $-0.0398706$ \\
CHe_22 & $0.00851182$ & $-0.0785351$ & $-0.0212966$ & $-0.0188613$ & $-0.00198162$ & $-0.190252$ & $-0.0526221$ & $0.901346$ & $0.884627$ & $-0.383858$ & $-0.991411$ & $-0.357481$ & $0.174407$ & $0.48192$ & $0.356951$ & $0.364397$ & $0.195893$ & $-0.0706475$ & $-0.0735827$ & $0.974532$ & $1$ & $0.977353$ & $0.0433522$ & $-0.352759$ & $-0.0306963$ & $-0.583692$ & $0.362331$ & $0.359302$ & $-0.00911479$ & $0.0784278$ & $0.0548849$ & $-0.0600385$ & $0.0715464$ & $0.446697$ & $-0.0204997$ & $-0.0447837$ & $-0.0188205$ & $0.0131949$ & $-0.0132706$ & $-0.0544476$ & $-0.0289276$ & $0.0415067$ & $0.024066$ & $0.0277496$ & $-0.055285$ & $-0.0641593$ & $-0.00292626$ & $0.00167853$ & $-0.029627$ \\
CHe_33 & $0.006086$ & $-0.090409$ & $-0.0341999$ & $-0.018159$ & $0.00256843$ & $-0.185488$ & $-0.0530563$ & $0.886072$ & $0.869846$ & $-0.381482$ & $-0.972279$ & $-0.356536$ & $0.174146$ & $0.468366$ & $0.346133$ & $0.377334$ & $0.188645$ & $-0.0680974$ & $-0.0701479$ & $0.955245$ & $0.977353$ & $1$ & $0.0478002$ & $-0.349299$ & $-0.0271419$ & $-0.572293$ & $0.363313$ & $0.346878$ & $-0.00533258$ & $0.0766498$ & $0.0569071$ & $-0.0612309$ & $0.0689881$ & $0.44478$ & $-0.0154306$ & $-0.044637$ & $-0.0172073$ & $0.00769436$ & $-0.0098733$ & $-0.0598391$ & $-0.0264557$ & $0.039165$ & $0.0277066$ & $0.0285848$ & $-0.0518605$ & $-0.0633094$ & $0.00125246$ & $-0.000670315$ & $-0.0295825$ \\
CHQ1_11 & $0.0602328$ & $0.0281229$ & $-0.0195736$ & $-0.0157458$ & $-0.0049956$ & $0.00519323$ & $-0.00722414$ & $0.0666728$ & $0.0709253$ & $-0.0647142$ & $-0.0168771$ & $-0.0431006$ & $0.028289$ & $-0.0738789$ & $-0.174211$ & $-0.149834$ & $-0.0713532$ & $0.0143178$ & $-0.000832511$ & $-0.00608155$ & $0.0433522$ & $0.0478002$ & $1$ & $-0.125848$ & $0.0744927$ & $-0.666882$ & $0.337746$ & $0.0191975$ & $-0.0146641$ & $0.00197447$ & $0.00725107$ & $-0.00719566$ & $0.020926$ & $0.202444$ & $-0.00779032$ & $0.0159307$ & $-0.0110163$ & $-0.0140391$ & $-0.0322167$ & $0.00132254$ & $-0.0438768$ & $0.0292196$ & $-0.00400957$ & $0.0411971$ & $-0.0154876$ & $-0.0226193$ & $-0.00804445$ & $0.0270277$ & $0.00283181$ \\
CHQ1_33 & $-0.0948694$ & $0.0496891$ & $0.0407473$ & $-0.00946967$ & $-0.000901958$ & $-0.024511$ & $0.144212$ & $-0.657996$ & $-0.64948$ & $0.54061$ & $0.296709$ & $0.306003$ & $-0.367204$ & $0.462457$ & $0.142239$ & $0.0936893$ & $0.684266$ & $0.612265$ & $0.627255$ & $-0.240111$ & $-0.352759$ & $-0.349299$ & $-0.125848$ & $1$ & $0.64037$ & $0.204924$ & $-0.408543$ & $-0.0189618$ & $-0.0163448$ & $-0.0911276$ & $-0.0428391$ & $0.128534$ & $-0.118903$ & $-0.648893$ & $0.00636247$ & $-0.0103146$ & $0.00664773$ & $0.0329602$ & $-0.00297894$ & $0.0256139$ & $0.00570405$ & $-0.00349927$ & $0.000782352$ & $0.0314359$ & $0.0144178$ & $-0.0330184$ & $0.00957574$ & $-0.0193212$ & $-0.00761274$ \\
CHQ3_11 & $-0.13091$ & $0.0438658$ & $0.00556728$ & $-0.0192997$ & $0.00579267$ & $-0.104584$ & $0.140403$ & $-0.392303$ & $-0.386467$ & $0.451958$ & $0.0245562$ & $0.180709$ & $-0.351186$ & $0.584435$ & $-0.113253$ & $-0.140457$ & $0.760743$ & $0.790253$ & $0.789254$ & $-0.0127751$ & $-0.0306963$ & $-0.0271419$ & $0.0744927$ & $0.64037$ & $1$ & $0.0533339$ & $0.237358$ & $0.00879384$ & $-0.00168653$ & $-0.0992975$ & $-0.0651034$ & $0.111096$ & $-0.107167$ & $-0.212662$ & $-0.00481415$ & $-0.0407044$ & $0.00473352$ & $0.0376942$ & $-0.00961321$ & $-0.00876537$ & $-0.0427694$ & $-0.0145267$ & $-0.00240388$ & $0.0123291$ & $-0.0393534$ & $-0.0439347$ & $-0.0111396$ & $0.031119$ & $0.0110797$ \\
CHu_11 & $-0.0822814$ & $0.0271117$ & $0.028425$ & $0.0305263$ & $0.00657818$ & $0.0970557$ & $0.0306283$ & $-0.532515$ & $-0.528819$ & $0.248224$ & $0.580647$ & $0.220827$ & $-0.113097$ & $-0.27387$ & $-0.204199$ & $-0.217808$ & $-0.097825$ & $0.0497982$ & $0.0596949$ & $-0.569825$ & $-0.583692$ & $-0.572293$ & $-0.666882$ & $0.204924$ & $0.0533339$ & $1$ & $-0.171767$ & $-0.213007$ & $0.0386393$ & $-0.0446562$ & $-0.04133$ & $0.0343004$ & $-0.0565872$ & $-0.267526$ & $0.00948921$ & $0.0115718$ & $-0.0100603$ & $-0.000381705$ & $0.0477523$ & $0.015513$ & $0.0588232$ & $-0.0494575$ & $-0.0343251$ & $-0.0404041$ & $0.0444426$ & $0.0583483$ & $0.00775175$ & $-0.0094976$ & $0.0263056$ \\
CHd_11 & $0.0154213$ & $-0.0110119$ & $-0.0356192$ & $-0.0229235$ & $0.0348956$ & $-0.0760313$ & $-0.0167742$ & $0.407366$ & $0.399168$ & $-0.24075$ & $-0.283884$ & $-0.227112$ & $0.133261$ & $-0.0875103$ & $-0.404156$ & $-0.364708$ & $-0.150486$ & $0.0218347$ & $-0.00131137$ & $0.215061$ & $0.362331$ & $0.363313$ & $0.337746$ & $-0.408543$ & $0.237358$ & $-0.171767$ & $1$ & $0.100949$ & $0.0216401$ & $0.0197226$ & $0.018186$ & $-0.0312881$ & $0.0435047$ & $0.678441$ & $-0.0283184$ & $-0.0251876$ & $0.0051114$ & $-0.00685874$ & $0.00376691$ & $-0.0467701$ & $-0.0207555$ & $-0.00598092$ & $-0.0125457$ & $0.037075$ & $-0.0422959$ & $-0.018109$ & $0.00950648$ & $0.0415317$ & $0.0446014$ \\
CHd_33 & $0.0200172$ & $-0.038336$ & $-0.0014039$ & $-0.00115436$ & $0.0113524$ & $-0.0852745$ & $-0.0465995$ & $0.314176$ & $0.304378$ & $-0.123515$ & $-0.361283$ & $-0.114224$ & $0.055115$ & $0.187543$ & $0.142104$ & $0.142806$ & $0.0962295$ & $-0.00772221$ & $-0.0144569$ & $0.357299$ & $0.359302$ & $0.346878$ & $0.0191975$ & $-0.0189618$ & $0.00879384$ & $-0.213007$ & $0.100949$ & $1$ & $0.000762292$ & $0.0538873$ & $0.0372223$ & $-0.0346175$ & $0.0242466$ & $0.14009$ & $-0.00227623$ & $0.0221592$ & $-0.0438258$ & $-0.0163334$ & $-0.0112516$ & $-0.0169557$ & $-0.024987$ & $0.00806938$ & $0.0476023$ & $0.0458291$ & $-0.00568057$ & $-0.0387414$ & $0.00444576$ & $0.0155577$ & $-0.0476782$ \\
CeH_22r & $-0.000305917$ & $0.0237518$ & $-0.000157779$ & $0.0406383$ & $-0.00553432$ & $-0.0102761$ & $-0.000654982$ & $6.8429e-05$ & $0.011212$ & $-0.00658627$ & $0.00819494$ & $-0.0210738$ & $0.06188$ & $-0.0144518$ & $-0.00252451$ & $0.000199007$ & $-0.0277132$ & $-0.0167011$ & $-0.0126098$ & $-0.00736575$ & $-0.00911479$ & $-0.00533258$ & $-0.0146641$ & $-0.0163448$ & $-0.00168653$ & $0.0386393$ & $0.0216401$ & $0.000762292$ & $1$ & $0.0320345$ & $0.018313$ & $-0.0288579$ & $0.0432523$ & $-0.00184684$ & $-0.0689627$ & $-0.0592434$ & $0.00169774$ & $0.00267497$ & $-0.0317295$ & $-0.045801$ & $0.0116318$ & $-0.00763732$ & $-0.0210252$ & $0.0343837$ & $0.0332993$ & $0.0272596$ & $-0.00386659$ & $-0.00448698$ & $-0.0113698$ \\
CeH_33r & $-0.00750099$ & $-0.00522207$ & $-0.0333116$ & $0.000801413$ & $-0.0285851$ & $0.0431126$ & $-0.117105$ & $0.115635$ & $0.133072$ & $-0.134993$ & $-0.0812483$ & $-0.0030038$ & $0.248284$ & $-0.010538$ & $0.0362219$ & $0.0631916$ & $-0.0921199$ & $-0.0891032$ & $-0.107947$ & $0.081059$ & $0.0784278$ & $0.0766498$ & $0.00197447$ & $-0.0911276$ & $-0.0992975$ & $-0.0446562$ & $0.0197226$ & $0.0538873$ & $0.0320345$ & $1$ & $0.317192$ & $0.0319574$ & $0.612458$ & $0.0553201$ & $-0.0760502$ & $-0.05849$ & $-0.167817$ & $-0.00775885$ & $0.0228549$ & $0.00239916$ & $-0.0219721$ & $0.0149572$ & $-0.0133701$ & $-0.024559$ & $0.0539526$ & $-0.00674947$ & $-0.00217563$ & $-0.000603502$ & $-0.0394898$ \\
CuH_22r & $0.00664676$ & $0.0292958$ & $-0.033477$ & $-0.024157$ & $-0.074985$ & $0.00726272$ & $-0.0226592$ & $0.0721387$ & $0.0825951$ & $-0.0757075$ & $-0.0528711$ & $-0.0202311$ & $0.0853385$ & $-0.0200317$ & $0.0101265$ & $0.0420398$ & $-0.0347629$ & $-0.0426343$ & $-0.0664425$ & $0.0477189$ & $0.0548849$ & $0.0569071$ & $0.00725107$ & $-0.0428391$ & $-0.0651034$ & $-0.04133$ & $0.018186$ & $0.0372223$ & $0.018313$ & $0.317192$ & $1$ & $0.0675656$ & $0.322513$ & $0.0608627$ & $-0.0101891$ & $-0.00732311$ & $-0.134123$ & $-0.0198302$ & $0.0478066$ & $-0.00921173$ & $-0.00919781$ & $-0.040679$ & $0.0252115$ & $-0.0277441$ & $-0.0321367$ & $0.0507137$ & $0.443604$ & $-0.100385$ & $-0.00257601$ \\
CuH_33r & $0.00216196$ & $0.0012174$ & $-0.0144226$ & $0.0244375$ & $-0.0105314$ & $0.0166545$ & $0.930873$ & $-0.105338$ & $-0.0644482$ & $0.108935$ & $0.0558129$ & $0.227882$ & $-0.265847$ & $0.0689804$ & $-0.0237031$ & $-0.00925578$ & $0.0984175$ & $0.115195$ & $0.0988266$ & $-0.0531242$ & $-0.0600385$ & $-0.0612309$ & $-0.00719566$ & $0.128534$ & $0.111096$ & $0.0343004$ & $-0.0312881$ & $-0.0346175$ & $-0.0288579$ & $0.0319574$ & $0.0675656$ & $1$ & $0.0507574$ & $-0.0652019$ & $0.0660061$ & $0.0212308$ & $-0.0437931$ & $0.000345649$ & $0.0232173$ & $-0.000423461$ & $0.00122918$ & $-0.000576905$ & $0.0129359$ & $-0.00236871$ & $-0.0767935$ & $-0.014769$ & $0.016535$ & $-0.00741858$ & $0.00485043$ \\
CdH_33r & $-0.0383977$ & $-0.0102928$ & $-0.0250905$ & $-0.0258137$ & $-0.00245058$ & $0.0476265$ & $-0.129853$ & $0.120185$ & $0.139214$ & $-0.13123$ & $-0.0706282$ & $0.0100493$ & $0.281915$ & $-0.0510531$ & $0.00921376$ & $0.0548692$ & $-0.108118$ & $-0.0993871$ & $-0.131777$ & $0.0656451$ & $0.0715464$ & $0.0689881$ & $0.020926$ & $-0.118903$ & $-0.107167$ & $-0.0565872$ & $0.0435047$ & $0.0242466$ & $0.0432523$ & $0.612458$ & $0.322513$ & $0.0507574$ & $1$ & $0.0884803$ & $-0.0543668$ & $-0.0290442$ & $-0.201514$ & $-0.0135441$ & $0.0425082$ & $0.00997135$ & $-0.0167711$ & $0.016278$ & $0.00544899$ & $0.00375848$ & $-0.00582112$ & $-0.00620857$ & $0.022374$ & $0.174601$ & $0.480167$ \\
CLL_1221 & $0.0353401$ & $0.0166805$ & $-0.0226868$ & $5.75432e-05$ & $0.025574$ & $-0.078526$ & $-0.0596055$ & $0.567582$ & $0.558722$ & $-0.366415$ & $-0.362056$ & $-0.285637$ & $0.215061$ & $-0.223661$ & $-0.585974$ & $-0.0759174$ & $-0.282237$ & $0.0160704$ & $-0.375749$ & $0.285554$ & $0.446697$ & $0.44478$ & $0.202444$ & $-0.648893$ & $-0.212662$ & $-0.267526$ & $0.678441$ & $0.14009$ & $-0.00184684$ & $0.0553201$ & $0.0608627$ & $-0.0652019$ & $0.0884803$ & $1$ & $-0.0462609$ & $0.00983893$ & $0.00014661$ & $-0.0118678$ & $0.0143521$ & $-0.0511955$ & $-0.0537308$ & $-0.00149619$ & $0.0231988$ & $0.0223392$ & $-0.0439488$ & $-0.0142804$ & $0.0204418$ & $0.0131886$ & $0.054254$ \\
eHggint & $-0.0137319$ & $0.0169533$ & $-0.0052642$ & $0.0526905$ & $-0.0137909$ & $0.005347$ & $-0.0241289$ & $-0.0140446$ & $-0.0387389$ & $0.0578607$ & $0.0174328$ & $0.0969194$ & $0.012645$ & $-0.0109373$ & $0.0374271$ & $0.0216424$ & $-0.0163235$ & $-0.0319287$ & $-0.0211387$ & $-0.00840795$ & $-0.0204997$ & $-0.0154306$ & $-0.00779032$ & $0.00636247$ & $-0.00481415$ & $0.00948921$ & $-0.0283184$ & $-0.00227623$ & $-0.0689627$ & $-0.0760502$ & $-0.0101891$ & $0.0660061$ & $-0.0543668$ & $-0.0462609$ & $1$ & $-0.111343$ & $0.0365974$ & $-0.0240578$ & $0.0934864$ & $0.0268185$ & $0.0402507$ & $0.00784189$ & $-0.0544948$ & $0.0721609$ & $0.0714812$ & $-0.0366102$ & $0.0370127$ & $-0.027485$ & $0.0325722$ \\
eHggpar & $-0.0265013$ & $0.0168035$ & $-0.0320045$ & $0.0204212$ & $0.034663$ & $0.0519486$ & $-0.017029$ & $-0.0312966$ & $-0.036919$ & $0.0155144$ & $0.0517533$ & $0.0342251$ & $0.0127442$ & $-0.0440305$ & $-0.0489407$ & $-0.0326105$ & $-0.0441615$ & $-0.00684422$ & $-0.0114822$ & $-0.0524549$ & $-0.0447837$ & $-0.044637$ & $0.0159307$ & $-0.0103146$ & $-0.0407044$ & $0.0115718$ & $-0.0251876$ & $0.0221592$ & $-0.0592434$ & $-0.05849$ & $-0.00732311$ & $0.0212308$ & $-0.0290442$ & $0.00983893$ & $-0.111343$ & $1$ & $0.0191044$ & $0.000893597$ & $-0.079022$ & $-0.00448294$ & $-0.0712986$ & $-0.0276711$ & $0.0505583$ & $-0.00192623$ & $-0.010461$ & $0.0105144$ & $0.0188255$ & $-0.0103096$ & $-0.00147371$ \\
eHWWint & $0.0642197$ & $0.0119109$ & $0.0177531$ & $0.0266034$ & $-0.0163993$ & $-0.0241249$ & $0.00484158$ & $-0.020247$ & $-0.0370774$ & $-0.0413525$ & $0.0212204$ & $-0.0567128$ & $0.0235357$ & $-0.0145412$ & $-0.0237434$ & $-0.0387583$ & $-0.00346674$ & $0.0102391$ & $0.0227214$ & $-0.0199895$ & $-0.0188205$ & $-0.0172073$ & $-0.0110163$ & $0.00664773$ & $0.00473352$ & $-0.0100603$ & $0.0051114$ & $-0.0438258$ & $0.00169774$ & $-0.167817$ & $-0.134123$ & $-0.0437931$ & $-0.201514$ & $0.00014661$ & $0.0365974$ & $0.0191044$ & $1$ & $0.0338365$ & $0.0159309$ & $0.0276937$ & $-0.000415471$ & $0.00816121$ & $-0.0284096$ & $0.0295301$ & $0.031374$ & $0.0473954$ & $-0.0475713$ & $-0.0189825$ & $0.00687709$ \\
eHWWpar & $-0.0470345$ & $-0.00298629$ & $0.00567193$ & $-0.0203271$ & $0.0259785$ & $-0.00488664$ & $0.0169832$ & $-0.00542011$ & $-0.00929765$ & $0.0111177$ & $-0.0137799$ & $0.0126272$ & $-0.0243837$ & $0.0390902$ & $0.00568857$ & $0.0194662$ & $0.0353159$ & $0.0347464$ & $0.0260084$ & $0.016247$ & $0.0131949$ & $0.00769436$ & $-0.0140391$ & $0.0329602$ & $0.0376942$ & $-0.000381705$ & $-0.00685874$ & $-0.0163334$ & $0.00267497$ & $-0.00775885$ & $-0.0198302$ & $0.000345649$ & $-0.0135441$ & $-0.0118678$ & $-0.0240578$ & $0.000893597$ & $0.0338365$ & $1$ & $0.0515909$ & $0.0196077$ & $0.0210368$ & $-0.011081$ & $-0.0229638$ & $0.0260846$ & $0.0564273$ & $-0.0258622$ & $-0.0288358$ & $0.054833$ & $0.03704$ \\
eHZZint & $-0.0529291$ & $-0.0453225$ & $-0.0784925$ & $0.0413418$ & $0.0166445$ & $0.00974454$ & $-0.00277596$ & $-0.00320312$ & $-0.00738846$ & $-0.0581879$ & $0.0134326$ & $-0.041144$ & $0.0093875$ & $-0.0377226$ & $-0.0223724$ & $0.00861495$ & $-0.0181929$ & $-0.00310809$ & $-0.0312045$ & $-0.0116374$ & $-0.0132706$ & $-0.0098733$ & $-0.0322167$ & $-0.00297894$ & $-0.00961321$ & $0.0477523$ & $0.00376691$ & $-0.0112516$ & $-0.0317295$ & $0.0228549$ & $0.0478066$ & $0.0232173$ & $0.0425082$ & $0.0143521$ & $0.0934864$ & $-0.079022$ & $0.0159309$ & $0.0515909$ & $1$ & $0.0078743$ & $0.0345868$ & $-0.0520497$ & $-0.0479258$ & $-0.00400637$ & $0.0591596$ & $0.0492956$ & $0.0634065$ & $0.0380609$ & $0.0899875$ \\
eHZZpar & $-0.0603572$ & $0.0680097$ & $-0.0199379$ & $0.0119148$ & $0.0314852$ & $0.0067182$ & $-0.0175626$ & $-0.0500815$ & $-0.0584163$ & $0.0328693$ & $0.0528616$ & $0.0414094$ & $-0.0129311$ & $-0.0197601$ & $0.0142138$ & $-0.00844518$ & $-0.0116072$ & $-0.0199524$ & $0.00152276$ & $-0.0505923$ & $-0.0544476$ & $-0.0598391$ & $0.00132254$ & $0.0256139$ & $-0.00876537$ & $0.015513$ & $-0.0467701$ & $-0.0169557$ & $-0.045801$ & $0.00239916$ & $-0.00921173$ & $-0.000423461$ & $0.00997135$ & $-0.0511955$ & $0.0268185$ & $-0.00448294$ & $0.0276937$ & $0.0196077$ & $0.0078743$ & $1$ & $0.0076947$ & $0.018321$ & $0.018032$ & $0.0214219$ & $0.028176$ & $0.00857962$ & $-0.0202791$ & $-0.010181$ & $-0.00443958$ \\
eHZgaint & $0.0333112$ & $-0.00684542$ & $0.0295474$ & $0.0142259$ & $-0.0171845$ & $-0.00296864$ & $0.0159367$ & $-0.00629455$ & $-0.00793207$ & $-0.0530907$ & $0.0217917$ & $-0.0393209$ & $0.0120288$ & $-0.0304456$ & $0.0504969$ & $0.0111557$ & $-0.0445021$ & $-0.0678365$ & $-0.0274614$ & $-0.0179538$ & $-0.0289276$ & $-0.0264557$ & $-0.0438768$ & $0.00570405$ & $-0.0427694$ & $0.0588232$ & $-0.0207555$ & $-0.024987$ & $0.0116318$ & $-0.0219721$ & $-0.00919781$ & $0.00122918$ & $-0.0167711$ & $-0.0537308$ & $0.0402507$ & $-0.0712986$ & $-0.000415471$ & $0.0210368$ & $0.0345868$ & $0.0076947$ & $1$ & $-0.0181001$ & $0.00884824$ & $0.00246721$ & $0.0273276$ & $0.0792973$ & $-0.0162827$ & $-0.00502085$ & $0.0381933$ \\
eHZgapar & $0.0317192$ & $0.0364874$ & $0.0119534$ & $-0.0170995$ & $-0.0197665$ & $0.00254405$ & $0.00624048$ & $0.0333424$ & $0.0385923$ & $-0.0221392$ & $-0.0409069$ & $-0.0201627$ & $0.0177637$ & $0.0199299$ & $0.0432112$ & $0.0193063$ & $0.0199058$ & $-0.0163732$ & $0.00454251$ & $0.0432128$ & $0.0415067$ & $0.039165$ & $0.0292196$ & $-0.00349927$ & $-0.0145267$ & $-0.0494575$ & $-0.00598092$ & $0.00806938$ & $-0.00763732$ & $0.0149572$ & $-0.040679$ & $-0.000576905$ & $0.016278$ & $-0.00149619$ & $0.00784189$ & $-0.0276711$ & $0.00816121$ & $-0.011081$ & $-0.0520497$ & $0.018321$ & $-0.0181001$ & $1$ & $-0.0029792$ & $-0.00692392$ & $0.0206996$ & $-0.0522412$ & $-0.0102183$ & $-0.0232683$ & $0.017374$ \\
eHgagaint & $-0.0590817$ & $-0.00621156$ & $0.0577807$ & $-0.0249958$ & $0.018747$ & $0.0120287$ & $0.0131147$ & $0.0216879$ & $0.097536$ & $-0.0264786$ & $-0.025401$ & $-0.039179$ & $-0.0212925$ & $0.0312001$ & $-0.00523324$ & $0.0275431$ & $0.00637538$ & $0.015345$ & $-0.00138497$ & $0.0196549$ & $0.024066$ & $0.0277066$ & $-0.00400957$ & $0.000782352$ & $-0.00240388$ & $-0.0343251$ & $-0.0125457$ & $0.0476023$ & $-0.0210252$ & $-0.0133701$ & $0.0252115$ & $0.0129359$ & $0.00544899$ & $0.0231988$ & $-0.0544948$ & $0.0505583$ & $-0.0284096$ & $-0.0229638$ & $-0.0479258$ & $0.018032$ & $0.00884824$ & $-0.0029792$ & $1$ & $0.0117051$ & $-0.0266389$ & $-0.00555486$ & $0.0683813$ & $-0.0133858$ & $0.0404244$ \\
eHmumuint & $0.00197621$ & $-0.0301584$ & $0.00891341$ & $0.0412611$ & $0.0371842$ & $-0.0124696$ & $0.0111043$ & $0.0216477$ & $0.020068$ & $-0.00902796$ & $-0.0243468$ & $-0.0200312$ & $-0.00196864$ & $0.0298968$ & $-0.00785134$ & $-0.000748578$ & $0.00818625$ & $0.0142022$ & $0.00674697$ & $0.0184436$ & $0.0277496$ & $0.0285848$ & $0.0411971$ & $0.0314359$ & $0.0123291$ & $-0.0404041$ & $0.037075$ & $0.0458291$ & $0.0343837$ & $-0.024559$ & $-0.0277441$ & $-0.00236871$ & $0.00375848$ & $0.0223392$ & $0.0721609$ & $-0.00192623$ & $0.0295301$ & $0.0260846$ & $-0.00400637$ & $0.0214219$ & $0.00246721$ & $-0.00692392$ & $0.0117051$ & $1$ & $0.0418245$ & $0.0531472$ & $0.0188314$ & $0.0955396$ & $0.0399666$ \\
eHtautauint & $-0.0133282$ & $0.0134691$ & $-0.015474$ & $-0.0131113$ & $-0.0287337$ & $-0.00441492$ & $-0.0708172$ & $-0.0371621$ & $-0.0443193$ & $-0.00736646$ & $0.0520534$ & $-0.000901802$ & $0.00689474$ & $-0.0546446$ & $0.0174265$ & $-0.023521$ & $-0.0271134$ & $-0.0459264$ & $-0.0186037$ & $-0.0492901$ & $-0.055285$ & $-0.0518605$ & $-0.0154876$ & $0.0144178$ & $-0.0393534$ & $0.0444426$ & $-0.0422959$ & $-0.00568057$ & $0.0332993$ & $0.0539526$ & $-0.0321367$ & $-0.0767935$ & $-0.00582112$ & $-0.0439488$ & $0.0714812$ & $-0.010461$ & $0.031374$ & $0.0564273$ & $0.0591596$ & $0.028176$ & $0.0273276$ & $0.0206996$ & $-0.0266389$ & $0.0418245$ & $1$ & $0.0727555$ & $-0.0586799$ & $0.0273907$ & $0.0125328$ \\
eHccint & $-0.0271686$ & $-0.0419485$ & $0.00580227$ & $-0.0103319$ & $0.00872327$ & $0.030218$ & $-0.00287341$ & $-0.0325699$ & $-0.0273603$ & $-0.0104396$ & $0.0651187$ & $-0.00575761$ & $0.00553291$ & $-0.0675482$ & $-0.0238239$ & $-0.0315216$ & $-0.0644035$ & $-0.0467776$ & $-0.0350232$ & $-0.0677136$ & $-0.0641593$ & $-0.0633094$ & $-0.0226193$ & $-0.0330184$ & $-0.0439347$ & $0.0583483$ & $-0.018109$ & $-0.0387414$ & $0.0272596$ & $-0.00674947$ & $0.0507137$ & $-0.014769$ & $-0.00620857$ & $-0.0142804$ & $-0.0366102$ & $0.0105144$ & $0.0473954$ & $-0.0258622$ & $0.0492956$ & $0.00857962$ & $0.0792973$ & $-0.0522412$ & $-0.00555486$ & $0.0531472$ & $0.0727555$ & $1$ & $-0.000538687$ & $0.0130427$ & $0.0145879$ \\
eHccpar & $0.0342264$ & $0.0450289$ & $-0.0539003$ & $0.0400278$ & $-0.0247493$ & $0.00406947$ & $0.00622367$ & $-0.002038$ & $0.000839697$ & $0.0107003$ & $0.00656278$ & $0.0221746$ & $-0.00848489$ & $-0.0313998$ & $-0.00526555$ & $0.0113464$ & $0.00902568$ & $-0.00498988$ & $-0.016044$ & $-0.00829016$ & $-0.00292626$ & $0.00125246$ & $-0.00804445$ & $0.00957574$ & $-0.0111396$ & $0.00775175$ & $0.00950648$ & $0.00444576$ & $-0.00386659$ & $-0.00217563$ & $0.443604$ & $0.016535$ & $0.022374$ & $0.0204418$ & $0.0370127$ & $0.0188255$ & $-0.0475713$ & $-0.0288358$ & $0.0634065$ & $-0.0202791$ & $-0.0162827$ & $-0.0102183$ & $0.0683813$ & $0.0188314$ & $-0.0586799$ & $-0.000538687$ & $1$ & $-0.03086$ & $0.03333$ \\
eHbbint & $-0.0318602$ & $-0.00362373$ & $-0.0600482$ & $-0.0941004$ & $0.0117301$ & $0.0212925$ & $-0.0043008$ & $0.000464849$ & $-0.00570471$ & $-0.00521893$ & $0.00171298$ & $-0.0236489$ & $0.0202493$ & $-0.00514751$ & $-0.0139119$ & $-0.0275046$ & $0.00100177$ & $0.00206538$ & $0.0104058$ & $-0.00792107$ & $0.00167853$ & $-0.000670315$ & $0.0270277$ & $-0.0193212$ & $0.031119$ & $-0.0094976$ & $0.0415317$ & $0.0155577$ & $-0.00448698$ & $-0.000603502$ & $-0.100385$ & $-0.00741858$ & $0.174601$ & $0.0131886$ & $-0.027485$ & $-0.0103096$ & $-0.0189825$ & $0.054833$ & $0.0380609$ & $-0.010181$ & $-0.00502085$ & $-0.0232683$ & $-0.0133858$ & $0.0955396$ & $0.0273907$ & $0.0130427$ & $-0.03086$ & $1$ & $-0.0161668$ \\
eHbbpar & $-0.0144738$ & $0.0232701$ & $0.0338547$ & $0.0176074$ & $0.0542656$ & $0.0237982$ & $-0.0110251$ & $-0.0213552$ & $-0.0215014$ & $0.0153242$ & $0.0355273$ & $0.0365873$ & $-0.034538$ & $-0.0333014$ & $-0.0815058$ & $-0.0144553$ & $-0.0208061$ & $0.0293538$ & $-0.01949$ & $-0.0398706$ & $-0.029627$ & $-0.0295825$ & $0.00283181$ & $-0.00761274$ & $0.0110797$ & $0.0263056$ & $0.0446014$ & $-0.0476782$ & $-0.0113698$ & $-0.0394898$ & $-0.00257601$ & $0.00485043$ & $0.480167$ & $0.054254$ & $0.0325722$ & $-0.00147371$ & $0.00687709$ & $0.03704$ & $0.0899875$ & $-0.00443958$ & $0.0381933$ & $0.017374$ & $0.0404244$ & $0.0399666$ & $0.0125328$ & $0.0145879$ & $0.03333$ & $-0.0161668$ & $1$ \\
