 & AlsMz & dAle5Mz & mtop & mHl & Mz & CW & CHG & CHWB & CHWHB_gaga & CHWHB_gagaorth & CHD & CHbox & CH & CHL1_11 & CHL1_22 & CHL1_33 & CHL3_11 & CHL3_22 & CHL3_33 & CHe_11 & CHe_22 & CHe_33 & CHQ1_11 & CHQ1_33 & CHQ3_11 & CHu_11 & CHd_11 & CHd_33 & CeH_22r & CeH_33r & CuH_22r & CuH_33r & CdH_33r & CLL_1221 & eHggint & eHggpar & eHWWint & eHWWpar & eHZZint & eHZZpar & eHZgaint & eHZgapar & eHgagaint & eHmumuint & eHtautauint & eHccint & eHccpar & eHbbint & eHbbpar \\
AlsMz & $1$ & $0.430789$ & $0.404226$ & $-0.183658$ & $0.355142$ & $0.167817$ & $0.205294$ & $-0.165084$ & $-0.122401$ & $-0.164567$ & $0.33862$ & $-0.14463$ & $-0.262448$ & $-0.286132$ & $-0.102285$ & $-0.231285$ & $-0.253551$ & $-0.150537$ & $-0.0554877$ & $-0.252956$ & $-0.159969$ & $-0.139639$ & $-0.0487438$ & $-0.310063$ & $-0.253751$ & $0.218916$ & $0.0749635$ & $-0.378466$ & $-0.154991$ & $-0.110772$ & $0.168129$ & $0.228404$ & $-0.217824$ & $-0.00246585$ & $-0.0786481$ & $0.35174$ & $-0.317223$ & $0.0448159$ & $-0.649692$ & $0.570271$ & $0.0997113$ & $-0.0902847$ & $0.427693$ & $-0.242771$ & $-0.0414229$ & $0.379374$ & $0.385311$ & $0.434589$ & $-0.516109$ \\
dAle5Mz & $0.430789$ & $1$ & $0.654517$ & $-0.616267$ & $0.266879$ & $-0.100831$ & $0.231486$ & $-0.0170586$ & $0.0286165$ & $-0.149299$ & $0.154859$ & $-0.114381$ & $-0.163907$ & $-0.320996$ & $-0.525622$ & $-0.340049$ & $-0.131473$ & $0.305002$ & $0.0687646$ & $-0.0745758$ & $0.141858$ & $0.113518$ & $0.407247$ & $-0.222171$ & $0.145384$ & $-0.22223$ & $0.513485$ & $0.107514$ & $-0.052012$ & $-0.135734$ & $0.15058$ & $0.26541$ & $-0.0868359$ & $0.530972$ & $0.357304$ & $-0.0453058$ & $-0.620515$ & $-0.221615$ & $-0.498779$ & $0.684258$ & $-0.164002$ & $0.567022$ & $0.511617$ & $-0.387871$ & $-0.545527$ & $0.379235$ & $0.458913$ & $-0.0404787$ & $0.015639$ \\
mtop & $0.404226$ & $0.654517$ & $1$ & $-0.0922522$ & $0.00155113$ & $-0.111005$ & $-0.277843$ & $-0.253839$ & $-0.230223$ & $0.0762001$ & $0.276538$ & $0.411215$ & $0.366887$ & $-0.113009$ & $-0.142969$ & $0.0280409$ & $0.057538$ & $0.217175$ & $0.0147094$ & $-0.212496$ & $-0.179141$ & $-0.0988791$ & $0.278845$ & $0.122466$ & $0.0403956$ & $-0.203529$ & $-0.012645$ & $0.199991$ & $0.030618$ & $0.291211$ & $0.317762$ & $-0.2142$ & $0.369127$ & $0.11475$ & $0.558899$ & $0.273954$ & $-0.780084$ & $0.144704$ & $-0.431091$ & $0.640549$ & $0.300526$ & $0.260444$ & $0.313369$ & $0.203191$ & $-0.246111$ & $0.333656$ & $0.24648$ & $-0.033116$ & $0.0143126$ \\
mHl & $-0.183658$ & $-0.616267$ & $-0.0922522$ & $1$ & $-0.368428$ & $0.0571544$ & $-0.535466$ & $-0.163587$ & $-0.180003$ & $0.230226$ & $0.022479$ & $0.562785$ & $0.586477$ & $0.263908$ & $0.554625$ & $0.364523$ & $0.155784$ & $-0.277532$ & $-0.0577353$ & $-0.0454574$ & $-0.292216$ & $-0.229095$ & $-0.302187$ & $0.343742$ & $-0.160295$ & $0.15954$ & $-0.599035$ & $-0.0253218$ & $0.127718$ & $0.450061$ & $0.129545$ & $-0.511117$ & $0.44432$ & $-0.573073$ & $0.0604621$ & $0.428083$ & $0.0795013$ & $0.64672$ & $0.150826$ & $-0.499857$ & $0.399128$ & $-0.503828$ & $-0.0780898$ & $0.711243$ & $0.374304$ & $-0.158944$ & $-0.503889$ & $-0.0518028$ & $-0.072454$ \\
Mz & $0.355142$ & $0.266879$ & $0.00155113$ & $-0.368428$ & $1$ & $0.0719939$ & $0.435589$ & $0.0835195$ & $0.109393$ & $-0.205851$ & $0.0743004$ & $-0.429325$ & $-0.462598$ & $-0.19249$ & $-0.244167$ & $-0.242222$ & $-0.186823$ & $-0.00730965$ & $-0.00823591$ & $-0.0149597$ & $0.120213$ & $0.0479403$ & $0.0381331$ & $-0.296302$ & $-0.0384485$ & $0.143531$ & $0.341933$ & $-0.181234$ & $-0.13274$ & $-0.341165$ & $-0.0728434$ & $0.421885$ & $-0.378672$ & $0.217309$ & $-0.157162$ & $-0.0957068$ & $0.0738773$ & $-0.227616$ & $-0.153862$ & $0.189739$ & $-0.176593$ & $0.0452351$ & $0.212401$ & $-0.471529$ & $-0.114929$ & $0.259684$ & $0.360333$ & $0.275255$ & $-0.140468$ \\
CW & $0.167817$ & $-0.100831$ & $-0.111005$ & $0.0571544$ & $0.0719939$ & $1$ & $0.122967$ & $-0.0828096$ & $-0.0803376$ & $-0.0240852$ & $0.101308$ & $-0.168086$ & $-0.177735$ & $0.186891$ & $0.14288$ & $-0.0657256$ & $-0.15841$ & $-0.176195$ & $0.00755821$ & $-0.100538$ & $-0.111872$ & $-0.107152$ & $-0.162083$ & $-0.0731795$ & $-0.0758962$ & $0.174313$ & $-0.0859113$ & $-0.133686$ & $-0.0451332$ & $-0.118372$ & $0.0208157$ & $0.0963715$ & $-0.184439$ & $-0.23676$ & $-0.306712$ & $0.00764246$ & $0.184103$ & $0.0575859$ & $0.0893759$ & $-0.00841565$ & $0.128639$ & $-0.296121$ & $-0.0456436$ & $-0.11739$ & $-0.0608196$ & $0.0990493$ & $0.0992382$ & $0.299509$ & $-0.26621$ \\
CHG & $0.205294$ & $0.231486$ & $-0.277843$ & $-0.535466$ & $0.435589$ & $0.122967$ & $1$ & $0.312854$ & $0.356826$ & $-0.250802$ & $-0.172743$ & $-0.872898$ & $-0.880012$ & $-0.194873$ & $-0.39321$ & $-0.45311$ & $-0.254177$ & $0.0316186$ & $0.0770006$ & $0.205812$ & $0.353826$ & $0.269741$ & $0.0760587$ & $-0.456783$ & $0.0552139$ & $0.0989465$ & $0.618881$ & $-0.266932$ & $-0.221445$ & $-0.686074$ & $-0.223046$ & $0.968528$ & $-0.652467$ & $0.417506$ & $-0.470407$ & $-0.395445$ & $0.34497$ & $-0.467899$ & $0.0728808$ & $0.0407933$ & $-0.507096$ & $0.143896$ & $0.211402$ & $-0.736378$ & $-0.272173$ & $0.151852$ & $0.597447$ & $0.386708$ & $0.0936619$ \\
CHWB & $-0.165084$ & $-0.0170586$ & $-0.253839$ & $-0.163587$ & $0.0835195$ & $-0.0828096$ & $0.312854$ & $1$ & $0.990592$ & $-0.502707$ & $-0.880323$ & $-0.335675$ & $-0.291935$ & $-0.213225$ & $-0.155214$ & $-0.0873119$ & $-0.5757$ & $-0.333806$ & $-0.434889$ & $0.854092$ & $0.678698$ & $0.639536$ & $0.093144$ & $-0.546104$ & $-0.411514$ & $-0.155563$ & $0.452009$ & $0.000631162$ & $-0.0770385$ & $-0.228507$ & $-0.157914$ & $0.287257$ & $-0.187532$ & $0.613127$ & $-0.153224$ & $-0.32068$ & $0.193339$ & $-0.126735$ & $0.142781$ & $-0.19176$ & $-0.458519$ & $0.221527$ & $0.128023$ & $-0.255588$ & $-0.0888068$ & $-0.145414$ & $0.126047$ & $-0.0645892$ & $0.318486$ \\
CHWHB_gaga & $-0.122401$ & $0.0286165$ & $-0.230223$ & $-0.180003$ & $0.109393$ & $-0.0803376$ & $0.356826$ & $0.990592$ & $1$ & $-0.518408$ & $-0.857021$ & $-0.355628$ & $-0.31862$ & $-0.246296$ & $-0.186643$ & $-0.124412$ & $-0.591203$ & $-0.324152$ & $-0.422704$ & $0.843066$ & $0.676404$ & $0.639678$ & $0.112906$ & $-0.570602$ & $-0.399511$ & $-0.147807$ & $0.496075$ & $-0.0157977$ & $-0.0878463$ & $-0.236921$ & $-0.145638$ & $0.332183$ & $-0.193446$ & $0.633875$ & $-0.148334$ & $-0.308001$ & $0.165713$ & $-0.115634$ & $0.10468$ & $-0.176473$ & $-0.481614$ & $0.246382$ & $0.201342$ & $-0.285606$ & $-0.124993$ & $-0.117255$ & $0.155744$ & $-0.057585$ & $0.313869$ \\
CHWHB_gagaorth & $-0.164567$ & $-0.149299$ & $0.0762001$ & $0.230226$ & $-0.205851$ & $-0.0240852$ & $-0.250802$ & $-0.502707$ & $-0.518408$ & $1$ & $0.145566$ & $0.26992$ & $0.267539$ & $0.715574$ & $0.245423$ & $0.244038$ & $0.787471$ & $0.436516$ & $0.500655$ & $-0.239417$ & $-0.223549$ & $-0.216489$ & $-0.0557194$ & $0.589798$ & $0.53414$ & $-0.0316665$ & $-0.415568$ & $0.137393$ & $0.0850168$ & $0.174609$ & $0.0216831$ & $-0.221792$ & $0.196067$ & $-0.412213$ & $0.0752677$ & $0.0865009$ & $-0.0618307$ & $0.0970568$ & $0.0719222$ & $-0.0311766$ & $0.262963$ & $-0.123269$ & $-0.282533$ & $0.326533$ & $0.0682571$ & $-0.136602$ & $-0.215159$ & $-0.105196$ & $-0.0207228$ \\
CHD & $0.33862$ & $0.154859$ & $0.276538$ & $0.022479$ & $0.0743004$ & $0.101308$ & $-0.172743$ & $-0.880323$ & $-0.857021$ & $0.145566$ & $1$ & $0.203769$ & $0.14166$ & $-0.171997$ & $-0.007602$ & $-0.0729362$ & $0.211365$ & $0.151217$ & $0.235827$ & $-0.88772$ & $-0.669874$ & $-0.629075$ & $-0.0468983$ & $0.261756$ & $0.18141$ & $0.189744$ & $-0.25545$ & $-0.102162$ & $0.0182666$ & $0.124366$ & $0.154837$ & $-0.151222$ & $0.0706888$ & $-0.424139$ & $0.116051$ & $0.313862$ & $-0.204453$ & $0.0707259$ & $-0.24287$ & $0.273375$ & $0.363203$ & $-0.172272$ & $0.045294$ & $0.066016$ & $0.0339756$ & $0.264906$ & $0.0248128$ & $0.165105$ & $-0.367387$ \\
CHbox & $-0.14463$ & $-0.114381$ & $0.411215$ & $0.562785$ & $-0.429325$ & $-0.168086$ & $-0.872898$ & $-0.335675$ & $-0.355628$ & $0.26992$ & $0.203769$ & $1$ & $0.986018$ & $0.146289$ & $0.368871$ & $0.425817$ & $0.243505$ & $-0.0109074$ & $-0.0573946$ & $-0.20001$ & $-0.369897$ & $-0.27374$ & $-0.0270096$ & $0.446717$ & $-0.0423719$ & $-0.126535$ & $-0.58095$ & $0.246088$ & $0.257675$ & $0.760697$ & $0.277291$ & $-0.808674$ & $0.762839$ & $-0.391188$ & $0.594287$ & $0.482891$ & $-0.484881$ & $0.544592$ & $-0.19716$ & $-0.0119245$ & $0.452948$ & $-0.0358964$ & $-0.0826478$ & $0.805495$ & $0.231197$ & $-0.14351$ & $-0.567494$ & $-0.462367$ & $-0.0215731$ \\
CH & $-0.262448$ & $-0.163907$ & $0.366887$ & $0.586477$ & $-0.462598$ & $-0.177735$ & $-0.880012$ & $-0.291935$ & $-0.31862$ & $0.267539$ & $0.14166$ & $0.986018$ & $1$ & $0.193244$ & $0.372049$ & $0.44701$ & $0.271709$ & $0.00985451$ & $-0.0530354$ & $-0.16598$ & $-0.333467$ & $-0.246634$ & $-0.0207742$ & $0.479186$ & $-0.0128467$ & $-0.152304$ & $-0.574611$ & $0.296921$ & $0.263799$ & $0.741411$ & $0.242896$ & $-0.826526$ & $0.760854$ & $-0.366273$ & $0.60581$ & $0.430604$ & $-0.44618$ & $0.529273$ & $-0.105514$ & $-0.0833252$ & $0.450699$ & $-0.0283453$ & $-0.129178$ & $0.823557$ & $0.228622$ & $-0.175984$ & $-0.608487$ & $-0.503126$ & $0.0473317$ \\
CHL1_11 & $-0.286132$ & $-0.320996$ & $-0.113009$ & $0.263908$ & $-0.19249$ & $0.186891$ & $-0.194873$ & $-0.213225$ & $-0.246296$ & $0.715574$ & $-0.171997$ & $0.146289$ & $0.193244$ & $1$ & $0.327336$ & $0.292221$ & $0.621454$ & $0.319995$ & $0.378689$ & $-0.0438505$ & $-0.0394274$ & $-0.0588554$ & $-0.161779$ & $0.518761$ & $0.423964$ & $0.0283056$ & $-0.389335$ & $0.114472$ & $0.07804$ & $0.121067$ & $-0.0040874$ & $-0.207504$ & $0.110473$ & $-0.365504$ & $-0.0444546$ & $0.0102763$ & $0.132397$ & $0.0592785$ & $0.252764$ & $-0.188211$ & $0.25644$ & $-0.237447$ & $-0.386655$ & $0.271381$ & $0.101532$ & $-0.144424$ & $-0.248626$ & $-0.0544371$ & $-0.0277535$ \\
CHL1_22 & $-0.102285$ & $-0.525622$ & $-0.142969$ & $0.554625$ & $-0.244167$ & $0.14288$ & $-0.39321$ & $-0.155214$ & $-0.186643$ & $0.245423$ & $-0.007602$ & $0.368871$ & $0.372049$ & $0.327336$ & $1$ & $0.49033$ & $0.190772$ & $-0.51567$ & $-0.145818$ & $-0.0338267$ & $-0.30495$ & $-0.247454$ & $-0.31465$ & $0.405948$ & $-0.22161$ & $0.140724$ & $-0.690143$ & $-0.0273856$ & $0.0709549$ & $0.320361$ & $0.0397556$ & $-0.391006$ & $0.238701$ & $-0.728837$ & $-0.0634407$ & $0.26578$ & $0.144755$ & $0.2901$ & $0.0972882$ & $-0.219932$ & $0.357191$ & $-0.445127$ & $-0.362515$ & $0.520425$ & $0.406416$ & $-0.221441$ & $-0.391096$ & $0.000468746$ & $-0.205696$ \\
CHL1_33 & $-0.231285$ & $-0.340049$ & $0.0280409$ & $0.364523$ & $-0.242222$ & $-0.0657256$ & $-0.45311$ & $-0.0873119$ & $-0.124412$ & $0.244038$ & $-0.0729362$ & $0.425817$ & $0.44701$ & $0.292221$ & $0.49033$ & $1$ & $0.223723$ & $-0.131275$ & $-0.445339$ & $0.0293968$ & $-0.205338$ & $-0.273481$ & $-0.091214$ & $0.434348$ & $-0.132395$ & $-0.0489934$ & $-0.563677$ & $0.144259$ & $0.180533$ & $0.376033$ & $0.0336813$ & $-0.440585$ & $0.341994$ & $-0.369045$ & $0.180084$ & $0.175561$ & $-0.0556159$ & $0.162952$ & $0.0579789$ & $-0.083685$ & $0.266519$ & $-0.158898$ & $-0.391783$ & $0.528386$ & $0.397718$ & $-0.268784$ & $-0.404466$ & $-0.231353$ & $0.0287057$ \\
CHL3_11 & $-0.253551$ & $-0.131473$ & $0.057538$ & $0.155784$ & $-0.186823$ & $-0.15841$ & $-0.254177$ & $-0.5757$ & $-0.591203$ & $0.787471$ & $0.211365$ & $0.243505$ & $0.271709$ & $0.621454$ & $0.190772$ & $0.223723$ & $1$ & $0.547462$ & $0.574783$ & $-0.379493$ & $-0.248847$ & $-0.258771$ & $-0.0324503$ & $0.675771$ & $0.664165$ & $-0.0225037$ & $-0.365796$ & $0.176685$ & $0.0855636$ & $0.163366$ & $0.0336955$ & $-0.253876$ & $0.195849$ & $-0.338278$ & $0.134065$ & $0.0467931$ & $-0.0543386$ & $0.0335857$ & $0.108647$ & $-0.0256481$ & $0.236327$ & $-0.0500455$ & $-0.303206$ & $0.297975$ & $0.0732915$ & $-0.124012$ & $-0.223525$ & $-0.167522$ & $0.0312428$ \\
CHL3_22 & $-0.150537$ & $0.305002$ & $0.217175$ & $-0.277532$ & $-0.00730965$ & $-0.176195$ & $0.0316186$ & $-0.333806$ & $-0.324152$ & $0.436516$ & $0.151217$ & $-0.0109074$ & $0.00985451$ & $0.319995$ & $-0.51567$ & $-0.131275$ & $0.547462$ & $1$ & $0.559084$ & $-0.224369$ & $-0.0113942$ & $-0.0322018$ & $0.237797$ & $0.278809$ & $0.750768$ & $-0.163225$ & $0.209986$ & $0.194184$ & $0.0319359$ & $-0.0427661$ & $0.013609$ & $0.0405714$ & $0.0502762$ & $0.354628$ & $0.228149$ & $-0.167187$ & $-0.21881$ & $-0.151038$ & $-0.00510511$ & $0.168379$ & $-0.079101$ & $0.35395$ & $0.0204127$ & $-0.0830844$ & $-0.239637$ & $0.0281445$ & $0.0924048$ & $-0.208349$ & $0.223954$ \\
CHL3_33 & $-0.0554877$ & $0.0687646$ & $0.0147094$ & $-0.0577353$ & $-0.00823591$ & $0.00755821$ & $0.0770006$ & $-0.434889$ & $-0.422704$ & $0.500655$ & $0.235827$ & $-0.0573946$ & $-0.0530354$ & $0.378689$ & $-0.145818$ & $-0.445339$ & $0.574783$ & $0.559084$ & $1$ & $-0.303067$ & $-0.107525$ & $-0.0984336$ & $-0.00367218$ & $0.292771$ & $0.693277$ & $0.0318986$ & $0.0590637$ & $0.0570159$ & $-0.0517854$ & $-0.0988826$ & $-0.00371242$ & $0.0744091$ & $-0.0591095$ & $-0.0861708$ & $-0.0199487$ & $-0.0704005$ & $0.0254094$ & $-0.0346698$ & $0.0687071$ & $-0.00417121$ & $0.0332089$ & $0.0337835$ & $0.0122418$ & $-0.0721063$ & $-0.18949$ & $0.0768049$ & $0.0539598$ & $0.0181188$ & $-0.0121171$ \\
CHe_11 & $-0.252956$ & $-0.0745758$ & $-0.212496$ & $-0.0454574$ & $-0.0149597$ & $-0.100538$ & $0.205812$ & $0.854092$ & $0.843066$ & $-0.239417$ & $-0.88772$ & $-0.20001$ & $-0.16598$ & $-0.0438505$ & $-0.0338267$ & $0.0293968$ & $-0.379493$ & $-0.224369$ & $-0.303067$ & $1$ & $0.66249$ & $0.628233$ & $0.0795882$ & $-0.352573$ & $-0.274222$ & $-0.209593$ & $0.302399$ & $0.0813992$ & $-0.00811591$ & $-0.148103$ & $-0.143728$ & $0.2014$ & $-0.0799344$ & $0.401779$ & $-0.0968324$ & $-0.282589$ & $0.146827$ & $-0.0450332$ & $0.166862$ & $-0.223689$ & $-0.390227$ & $0.205942$ & $0.05012$ & $-0.0907026$ & $-0.0559605$ & $-0.235621$ & $0.0408434$ & $-0.13664$ & $0.363009$ \\
CHe_22 & $-0.159969$ & $0.141858$ & $-0.179141$ & $-0.292216$ & $0.120213$ & $-0.111872$ & $0.353826$ & $0.678698$ & $0.676404$ & $-0.223549$ & $-0.669874$ & $-0.369897$ & $-0.333467$ & $-0.0394274$ & $-0.30495$ & $-0.205338$ & $-0.248847$ & $-0.0113942$ & $-0.107525$ & $0.66249$ & $1$ & $0.581198$ & $0.179546$ & $-0.409593$ & $-0.085638$ & $-0.193928$ & $0.509721$ & $0.0418361$ & $-0.0773336$ & $-0.268201$ & $-0.14544$ & $0.335025$ & $-0.207167$ & $0.529948$ & $-0.148099$ & $-0.389779$ & $0.131831$ & $-0.194763$ & $0.13281$ & $-0.0894222$ & $-0.441087$ & $0.292417$ & $0.116137$ & $-0.326997$ & $-0.230678$ & $-0.113286$ & $0.217156$ & $-0.0584789$ & $0.321993$ \\
CHe_33 & $-0.139639$ & $0.113518$ & $-0.0988791$ & $-0.229095$ & $0.0479403$ & $-0.107152$ & $0.269741$ & $0.639536$ & $0.639678$ & $-0.216489$ & $-0.629075$ & $-0.27374$ & $-0.246634$ & $-0.0588554$ & $-0.247454$ & $-0.273481$ & $-0.258771$ & $-0.0322018$ & $-0.0984336$ & $0.628233$ & $0.581198$ & $1$ & $0.098907$ & $-0.39628$ & $-0.118728$ & $-0.135973$ & $0.456144$ & $0.0422169$ & $-0.0850195$ & $-0.172498$ & $-0.0466077$ & $0.263909$ & $-0.128449$ & $0.481336$ & $-0.0429702$ & $-0.287243$ & $0.070937$ & $-0.154375$ & $0.0916435$ & $-0.0684596$ & $-0.356301$ & $0.266877$ & $0.127237$ & $-0.271746$ & $-0.18501$ & $-0.0485204$ & $0.192336$ & $-0.0559331$ & $0.297478$ \\
CHQ1_11 & $-0.0487438$ & $0.407247$ & $0.278845$ & $-0.302187$ & $0.0381331$ & $-0.162083$ & $0.0760587$ & $0.093144$ & $0.112906$ & $-0.0557194$ & $-0.0468983$ & $-0.0270096$ & $-0.0207742$ & $-0.161779$ & $-0.31465$ & $-0.091214$ & $-0.0324503$ & $0.237797$ & $-0.00367218$ & $0.0795882$ & $0.179546$ & $0.098907$ & $1$ & $-0.0814399$ & $0.163795$ & $-0.685597$ & $0.353658$ & $0.215594$ & $-0.0112147$ & $-0.0518948$ & $0.0367852$ & $0.0784139$ & $0.0636953$ & $0.370647$ & $0.249853$ & $-0.234583$ & $-0.30155$ & $-0.127792$ & $-0.117964$ & $0.227208$ & $-0.306805$ & $0.513335$ & $0.237491$ & $-0.0647972$ & $-0.269932$ & $-0.0554242$ & $0.176344$ & $-0.252742$ & $0.375551$ \\
CHQ1_33 & $-0.310063$ & $-0.222171$ & $0.122466$ & $0.343742$ & $-0.296302$ & $-0.0731795$ & $-0.456783$ & $-0.546104$ & $-0.570602$ & $0.589798$ & $0.261756$ & $0.446717$ & $0.479186$ & $0.518761$ & $0.405948$ & $0.434348$ & $0.675771$ & $0.278809$ & $0.292771$ & $-0.352573$ & $-0.409593$ & $-0.39628$ & $-0.0814399$ & $1$ & $0.384231$ & $-0.0326316$ & $-0.519268$ & $0.278754$ & $0.140562$ & $0.311412$ & $0.102863$ & $-0.443101$ & $0.329966$ & $-0.494211$ & $0.257638$ & $0.174748$ & $-0.108248$ & $0.150968$ & $0.136678$ & $-0.104287$ & $0.4016$ & $-0.150179$ & $-0.329972$ & $0.478267$ & $0.156499$ & $-0.104492$ & $-0.369838$ & $-0.211475$ & $-0.00190112$ \\
CHQ3_11 & $-0.253751$ & $0.145384$ & $0.0403956$ & $-0.160295$ & $-0.0384485$ & $-0.0758962$ & $0.0552139$ & $-0.411514$ & $-0.399511$ & $0.53414$ & $0.18141$ & $-0.0423719$ & $-0.0128467$ & $0.423964$ & $-0.22161$ & $-0.132395$ & $0.664165$ & $0.750768$ & $0.693277$ & $-0.274222$ & $-0.085638$ & $-0.118728$ & $0.163795$ & $0.384231$ & $1$ & $-0.0881311$ & $0.200685$ & $0.161119$ & $-0.0107268$ & $-0.0772002$ & $-0.0355114$ & $0.0537098$ & $0.00629848$ & $0.0603861$ & $0.131623$ & $-0.156603$ & $-0.0539662$ & $-0.104353$ & $0.108072$ & $-0.0125178$ & $-0.0729265$ & $0.24314$ & $0.00398242$ & $-0.0876863$ & $-0.214133$ & $0.0207476$ & $0.035795$ & $-0.176869$ & $0.196802$ \\
CHu_11 & $0.218916$ & $-0.22223$ & $-0.203529$ & $0.15954$ & $0.143531$ & $0.174313$ & $0.0989465$ & $-0.155563$ & $-0.147807$ & $-0.0316665$ & $0.189744$ & $-0.126535$ & $-0.152304$ & $0.0283056$ & $0.140724$ & $-0.0489934$ & $-0.0225037$ & $-0.163225$ & $0.0318986$ & $-0.209593$ & $-0.193928$ & $-0.135973$ & $-0.685597$ & $-0.0326316$ & $-0.0881311$ & $1$ & $-0.0212633$ & $-0.309013$ & $-0.0653969$ & $-0.0715675$ & $0.00310963$ & $0.100288$ & $-0.200829$ & $-0.252556$ & $-0.194962$ & $0.352641$ & $0.252788$ & $0.120599$ & $0.00784944$ & $-0.218231$ & $0.316429$ & $-0.498824$ & $0.0853319$ & $-0.228502$ & $0.135592$ & $0.379542$ & $-0.0238584$ & $0.363127$ & $-0.47001$ \\
CHd_11 & $0.0749635$ & $0.513485$ & $-0.012645$ & $-0.599035$ & $0.341933$ & $-0.0859113$ & $0.618881$ & $0.452009$ & $0.496075$ & $-0.415568$ & $-0.25545$ & $-0.58095$ & $-0.574611$ & $-0.389335$ & $-0.690143$ & $-0.563677$ & $-0.365796$ & $0.209986$ & $0.0590637$ & $0.302399$ & $0.509721$ & $0.456144$ & $0.353658$ & $-0.519268$ & $0.200685$ & $-0.0212633$ & $1$ & $-0.0608406$ & $-0.180405$ & $-0.474036$ & $-0.103555$ & $0.607383$ & $-0.388946$ & $0.764732$ & $-0.02249$ & $-0.324572$ & $-0.00933589$ & $-0.286755$ & $-0.0537942$ & $0.0593345$ & $-0.540694$ & $0.487423$ & $0.546981$ & $-0.729877$ & $-0.471703$ & $0.280842$ & $0.501388$ & $0.0413472$ & $0.276783$ \\
CHd_33 & $-0.378466$ & $0.107514$ & $0.199991$ & $-0.0253218$ & $-0.181234$ & $-0.133686$ & $-0.266932$ & $0.000631162$ & $-0.0157977$ & $0.137393$ & $-0.102162$ & $0.246088$ & $0.296921$ & $0.114472$ & $-0.0273856$ & $0.144259$ & $0.176685$ & $0.194184$ & $0.0570159$ & $0.0813992$ & $0.0418361$ & $0.0422169$ & $0.215594$ & $0.278754$ & $0.161119$ & $-0.309013$ & $-0.0608406$ & $1$ & $0.141439$ & $0.167409$ & $0.0462813$ & $-0.268934$ & $0.262213$ & $0.0778184$ & $0.304435$ & $-0.136226$ & $-0.259445$ & $-0.00402643$ & $0.143809$ & $0.00539389$ & $0.0515168$ & $0.231615$ & $-0.140024$ & $0.209188$ & $-0.171433$ & $-0.149216$ & $-0.16995$ & $-0.33091$ & $0.283712$ \\
CeH_22r & $-0.154991$ & $-0.052012$ & $0.030618$ & $0.127718$ & $-0.13274$ & $-0.0451332$ & $-0.221445$ & $-0.0770385$ & $-0.0878463$ & $0.0850168$ & $0.0182666$ & $0.257675$ & $0.263799$ & $0.07804$ & $0.0709549$ & $0.180533$ & $0.0855636$ & $0.0319359$ & $-0.0517854$ & $-0.00811591$ & $-0.0773336$ & $-0.0850195$ & $-0.0112147$ & $0.140562$ & $-0.0107268$ & $-0.0653969$ & $-0.180405$ & $0.141439$ & $1$ & $0.238885$ & $0.0874074$ & $-0.212814$ & $0.264801$ & $-0.100118$ & $0.0985019$ & $0.0296935$ & $-0.088267$ & $0.113332$ & $0.0857198$ & $-0.0466597$ & $0.091885$ & $-0.00650992$ & $-0.144385$ & $0.231811$ & $0.007456$ & $-0.127744$ & $-0.147479$ & $-0.132447$ & $0.101107$ \\
CeH_33r & $-0.110772$ & $-0.135734$ & $0.291211$ & $0.450061$ & $-0.341165$ & $-0.118372$ & $-0.686074$ & $-0.228507$ & $-0.236921$ & $0.174609$ & $0.124366$ & $0.760697$ & $0.741411$ & $0.121067$ & $0.320361$ & $0.376033$ & $0.163366$ & $-0.0427661$ & $-0.0988826$ & $-0.148103$ & $-0.268201$ & $-0.172498$ & $-0.0518948$ & $0.311412$ & $-0.0772002$ & $-0.0715675$ & $-0.474036$ & $0.167409$ & $0.238885$ & $1$ & $0.406296$ & $-0.573233$ & $0.821689$ & $-0.312388$ & $0.412611$ & $0.315592$ & $-0.324976$ & $0.373841$ & $-0.126313$ & $0.0067504$ & $0.354102$ & $-0.0617426$ & $-0.135245$ & $0.622428$ & $0.215649$ & $-0.120954$ & $-0.446345$ & $-0.32508$ & $-0.0373181$ \\
CuH_22r & $0.168129$ & $0.15058$ & $0.317762$ & $0.129545$ & $-0.0728434$ & $0.0208157$ & $-0.223046$ & $-0.157914$ & $-0.145638$ & $0.0216831$ & $0.154837$ & $0.277291$ & $0.242896$ & $-0.0040874$ & $0.0397556$ & $0.0336813$ & $0.0336955$ & $0.013609$ & $-0.00371242$ & $-0.143728$ & $-0.14544$ & $-0.0466077$ & $0.0367852$ & $0.102863$ & $-0.0355114$ & $0.00310963$ & $-0.103555$ & $0.0462813$ & $0.0874074$ & $0.406296$ & $1$ & $-0.133071$ & $0.455529$ & $-0.0791807$ & $0.128902$ & $0.143785$ & $-0.220304$ & $0.143916$ & $-0.110359$ & $0.178182$ & $0.182211$ & $-0.0453042$ & $0.0431888$ & $0.162189$ & $-0.0480435$ & $0.136993$ & $0.105232$ & $0.100966$ & $-0.0329672$ \\
CuH_33r & $0.228404$ & $0.26541$ & $-0.2142$ & $-0.511117$ & $0.421885$ & $0.0963715$ & $0.968528$ & $0.287257$ & $0.332183$ & $-0.221792$ & $-0.151222$ & $-0.808674$ & $-0.826526$ & $-0.207504$ & $-0.391006$ & $-0.440585$ & $-0.253876$ & $0.0405714$ & $0.0744091$ & $0.2014$ & $0.335025$ & $0.263909$ & $0.0784139$ & $-0.443101$ & $0.0537098$ & $0.100288$ & $0.607383$ & $-0.268934$ & $-0.212814$ & $-0.573233$ & $-0.133071$ & $1$ & $-0.523865$ & $0.4057$ & $-0.40956$ & $-0.353325$ & $0.283897$ & $-0.437811$ & $0.0250127$ & $0.0649529$ & $-0.484517$ & $0.163525$ & $0.235405$ & $-0.70085$ & $-0.272858$ & $0.174959$ & $0.591643$ & $0.364898$ & $0.0923496$ \\
CdH_33r & $-0.217824$ & $-0.0868359$ & $0.369127$ & $0.44432$ & $-0.378672$ & $-0.184439$ & $-0.652467$ & $-0.187532$ & $-0.193446$ & $0.196067$ & $0.0706888$ & $0.762839$ & $0.760854$ & $0.110473$ & $0.238701$ & $0.341994$ & $0.195849$ & $0.0502762$ & $-0.0591095$ & $-0.0799344$ & $-0.207167$ & $-0.128449$ & $0.0636953$ & $0.329966$ & $0.00629848$ & $-0.200829$ & $-0.388946$ & $0.262213$ & $0.264801$ & $0.821689$ & $0.455529$ & $-0.523865$ & $1$ & $-0.215441$ & $0.415052$ & $0.17907$ & $-0.351953$ & $0.380521$ & $-0.0128401$ & $-0.0164194$ & $0.218078$ & $0.0649234$ & $-0.140251$ & $0.682614$ & $0.125047$ & $-0.233095$ & $-0.281946$ & $-0.325913$ & $0.276811$ \\
CLL_1221 & $-0.00246585$ & $0.530972$ & $0.11475$ & $-0.573073$ & $0.217309$ & $-0.23676$ & $0.417506$ & $0.613127$ & $0.633875$ & $-0.412213$ & $-0.424139$ & $-0.391188$ & $-0.366273$ & $-0.365504$ & $-0.728837$ & $-0.369045$ & $-0.338278$ & $0.354628$ & $-0.0861708$ & $0.401779$ & $0.529948$ & $0.481336$ & $0.370647$ & $-0.494211$ & $0.0603861$ & $-0.252556$ & $0.764732$ & $0.0778184$ & $-0.100118$ & $-0.312388$ & $-0.0791807$ & $0.4057$ & $-0.215441$ & $1$ & $0.0980795$ & $-0.376052$ & $-0.152495$ & $-0.301387$ & $-0.0896702$ & $0.189143$ & $-0.524653$ & $0.592163$ & $0.365875$ & $-0.489613$ & $-0.393457$ & $0.0838018$ & $0.373952$ & $-0.135985$ & $0.367866$ \\
eHggint & $-0.0786481$ & $0.357304$ & $0.558899$ & $0.0604621$ & $-0.157162$ & $-0.306712$ & $-0.470407$ & $-0.153224$ & $-0.148334$ & $0.0752677$ & $0.116051$ & $0.594287$ & $0.60581$ & $-0.0444546$ & $-0.0634407$ & $0.180084$ & $0.134065$ & $0.228149$ & $-0.0199487$ & $-0.0968324$ & $-0.148099$ & $-0.0429702$ & $0.249853$ & $0.257638$ & $0.131623$ & $-0.194962$ & $-0.02249$ & $0.304435$ & $0.0985019$ & $0.412611$ & $0.128902$ & $-0.40956$ & $0.415052$ & $0.0980795$ & $1$ & $0.429942$ & $-0.671903$ & $0.130198$ & $-0.468138$ & $0.219143$ & $0.243736$ & $0.420705$ & $0.260051$ & $0.332332$ & $0.113632$ & $0.200141$ & $-0.349895$ & $-0.58918$ & $0.0934808$ \\
eHggpar & $0.35174$ & $-0.0453058$ & $0.273954$ & $0.428083$ & $-0.0957068$ & $0.00764246$ & $-0.395445$ & $-0.32068$ & $-0.308001$ & $0.0865009$ & $0.313862$ & $0.482891$ & $0.430604$ & $0.0102763$ & $0.26578$ & $0.175561$ & $0.0467931$ & $-0.167187$ & $-0.0704005$ & $-0.282589$ & $-0.389779$ & $-0.287243$ & $-0.234583$ & $0.174748$ & $-0.156603$ & $0.352641$ & $-0.324572$ & $-0.136226$ & $0.0296935$ & $0.315592$ & $0.143785$ & $-0.353325$ & $0.17907$ & $-0.376052$ & $0.429942$ & $1$ & $-0.405144$ & $0.486213$ & $-0.443488$ & $-0.0630397$ & $0.6476$ & $-0.38918$ & $0.305363$ & $0.213899$ & $0.200243$ & $0.468587$ & $-0.336083$ & $0.0270915$ & $-0.542406$ \\
eHWWint & $-0.317223$ & $-0.620515$ & $-0.780084$ & $0.0795013$ & $0.0738773$ & $0.184103$ & $0.34497$ & $0.193339$ & $0.165713$ & $-0.0618307$ & $-0.204453$ & $-0.484881$ & $-0.44618$ & $0.132397$ & $0.144755$ & $-0.0556159$ & $-0.0543386$ & $-0.21881$ & $0.0254094$ & $0.146827$ & $0.131831$ & $0.070937$ & $-0.30155$ & $-0.108248$ & $-0.0539662$ & $0.252788$ & $-0.00933589$ & $-0.259445$ & $-0.088267$ & $-0.324976$ & $-0.220304$ & $0.283897$ & $-0.351953$ & $-0.152495$ & $-0.671903$ & $-0.405144$ & $1$ & $-0.289125$ & $0.607277$ & $-0.531056$ & $-0.20464$ & $-0.439434$ & $-0.416029$ & $-0.222241$ & $0.318055$ & $-0.174973$ & $0.0612786$ & $0.37384$ & $0.036581$ \\
eHWWpar & $0.0448159$ & $-0.221615$ & $0.144704$ & $0.64672$ & $-0.227616$ & $0.0575859$ & $-0.467899$ & $-0.126735$ & $-0.115634$ & $0.0970568$ & $0.0707259$ & $0.544592$ & $0.529273$ & $0.0592785$ & $0.2901$ & $0.162952$ & $0.0335857$ & $-0.151038$ & $-0.0346698$ & $-0.0450332$ & $-0.194763$ & $-0.154375$ & $-0.127792$ & $0.150968$ & $-0.104353$ & $0.120599$ & $-0.286755$ & $-0.00402643$ & $0.113332$ & $0.373841$ & $0.143916$ & $-0.437811$ & $0.380521$ & $-0.301387$ & $0.130198$ & $0.486213$ & $-0.289125$ & $1$ & $-0.11253$ & $-0.3127$ & $0.270153$ & $-0.213713$ & $0.31192$ & $0.508695$ & $-0.0135167$ & $-0.0450851$ & $-0.351012$ & $-0.157954$ & $-0.114349$ \\
eHZZint & $-0.649692$ & $-0.498779$ & $-0.431091$ & $0.150826$ & $-0.153862$ & $0.0893759$ & $0.0728808$ & $0.142781$ & $0.10468$ & $0.0719222$ & $-0.24287$ & $-0.19716$ & $-0.105514$ & $0.252764$ & $0.0972882$ & $0.0579789$ & $0.108647$ & $-0.00510511$ & $0.0687071$ & $0.166862$ & $0.13281$ & $0.0916435$ & $-0.117964$ & $0.136678$ & $0.108072$ & $0.00784944$ & $-0.0537942$ & $0.143809$ & $0.0857198$ & $-0.126313$ & $-0.110359$ & $0.0250127$ & $-0.0128401$ & $-0.0896702$ & $-0.468138$ & $-0.443488$ & $0.607277$ & $-0.11253$ & $1$ & $-0.570033$ & $0.0343167$ & $-0.384346$ & $-0.477253$ & $0.00258942$ & $-0.143524$ & $-0.105807$ & $0.0476219$ & $0.248127$ & $0.33129$ \\
eHZZpar & $0.570271$ & $0.684258$ & $0.640549$ & $-0.499857$ & $0.189739$ & $-0.00841565$ & $0.0407933$ & $-0.19176$ & $-0.176473$ & $-0.0311766$ & $0.273375$ & $-0.0119245$ & $-0.0833252$ & $-0.188211$ & $-0.219932$ & $-0.083685$ & $-0.0256481$ & $0.168379$ & $-0.00417121$ & $-0.223689$ & $-0.0894222$ & $-0.0684596$ & $0.227208$ & $-0.104287$ & $-0.0125178$ & $-0.218231$ & $0.0593345$ & $0.00539389$ & $-0.0466597$ & $0.0067504$ & $0.178182$ & $0.0649529$ & $-0.0164194$ & $0.189143$ & $0.219143$ & $-0.0630397$ & $-0.531056$ & $-0.3127$ & $-0.570033$ & $1$ & $-0.0275314$ & $0.399668$ & $0.0692983$ & $-0.121204$ & $-0.0826351$ & $0.128568$ & $0.395247$ & $0.0535888$ & $-0.145461$ \\
eHZgaint & $0.0997113$ & $-0.164002$ & $0.300526$ & $0.399128$ & $-0.176593$ & $0.128639$ & $-0.507096$ & $-0.458519$ & $-0.481614$ & $0.262963$ & $0.363203$ & $0.452948$ & $0.450699$ & $0.25644$ & $0.357191$ & $0.266519$ & $0.236327$ & $-0.079101$ & $0.0332089$ & $-0.390227$ & $-0.441087$ & $-0.356301$ & $-0.306805$ & $0.4016$ & $-0.0729265$ & $0.316429$ & $-0.540694$ & $0.0515168$ & $0.091885$ & $0.354102$ & $0.182211$ & $-0.484517$ & $0.218078$ & $-0.524653$ & $0.243736$ & $0.6476$ & $-0.20464$ & $0.270153$ & $0.0343167$ & $-0.0275314$ & $1$ & $-0.634278$ & $-0.168095$ & $0.249503$ & $0.112035$ & $0.511783$ & $-0.257646$ & $0.25562$ & $-0.58083$ \\
eHZgapar & $-0.0902847$ & $0.567022$ & $0.260444$ & $-0.503828$ & $0.0452351$ & $-0.296121$ & $0.143896$ & $0.221527$ & $0.246382$ & $-0.123269$ & $-0.172272$ & $-0.0358964$ & $-0.0283453$ & $-0.237447$ & $-0.445127$ & $-0.158898$ & $-0.0500455$ & $0.35395$ & $0.0337835$ & $0.205942$ & $0.292417$ & $0.266877$ & $0.513335$ & $-0.150179$ & $0.24314$ & $-0.498824$ & $0.487423$ & $0.231615$ & $-0.00650992$ & $-0.0617426$ & $-0.0453042$ & $0.163525$ & $0.0649234$ & $0.592163$ & $0.420705$ & $-0.38918$ & $-0.439434$ & $-0.213713$ & $-0.384346$ & $0.399668$ & $-0.634278$ & $1$ & $0.292416$ & $-0.0808941$ & $-0.201221$ & $-0.298444$ & $0.113643$ & $-0.614157$ & $0.528196$ \\
eHgagaint & $0.427693$ & $0.511617$ & $0.313369$ & $-0.0780898$ & $0.212401$ & $-0.0456436$ & $0.211402$ & $0.128023$ & $0.201342$ & $-0.282533$ & $0.045294$ & $-0.0826478$ & $-0.129178$ & $-0.386655$ & $-0.362515$ & $-0.391783$ & $-0.303206$ & $0.0204127$ & $0.0122418$ & $0.05012$ & $0.116137$ & $0.127237$ & $0.237491$ & $-0.329972$ & $0.00398242$ & $0.0853319$ & $0.546981$ & $-0.140024$ & $-0.144385$ & $-0.135245$ & $0.0431888$ & $0.235405$ & $-0.140251$ & $0.365875$ & $0.260051$ & $0.305363$ & $-0.416029$ & $0.31192$ & $-0.477253$ & $0.0692983$ & $-0.168095$ & $0.292416$ & $1$ & $-0.282645$ & $-0.402165$ & $0.417585$ & $0.16108$ & $-0.0678554$ & $-0.0923551$ \\
eHmumuint & $-0.242771$ & $-0.387871$ & $0.203191$ & $0.711243$ & $-0.471529$ & $-0.11739$ & $-0.736378$ & $-0.255588$ & $-0.285606$ & $0.326533$ & $0.066016$ & $0.805495$ & $0.823557$ & $0.271381$ & $0.520425$ & $0.528386$ & $0.297975$ & $-0.0830844$ & $-0.0721063$ & $-0.0907026$ & $-0.326997$ & $-0.271746$ & $-0.0647972$ & $0.478267$ & $-0.0876863$ & $-0.228502$ & $-0.729877$ & $0.209188$ & $0.231811$ & $0.622428$ & $0.162189$ & $-0.70085$ & $0.682614$ & $-0.489613$ & $0.332332$ & $0.213899$ & $-0.222241$ & $0.508695$ & $0.00258942$ & $-0.121204$ & $0.249503$ & $-0.0808941$ & $-0.282645$ & $1$ & $0.376319$ & $-0.471378$ & $-0.536263$ & $-0.421336$ & $0.199409$ \\
eHtautauint & $-0.0414229$ & $-0.545527$ & $-0.246111$ & $0.374304$ & $-0.114929$ & $-0.0608196$ & $-0.272173$ & $-0.0888068$ & $-0.124993$ & $0.0682571$ & $0.0339756$ & $0.231197$ & $0.228622$ & $0.101532$ & $0.406416$ & $0.397718$ & $0.0732915$ & $-0.239637$ & $-0.18949$ & $-0.0559605$ & $-0.230678$ & $-0.18501$ & $-0.269932$ & $0.156499$ & $-0.214133$ & $0.135592$ & $-0.471703$ & $-0.171433$ & $0.007456$ & $0.215649$ & $-0.0480435$ & $-0.272858$ & $0.125047$ & $-0.393457$ & $0.113632$ & $0.200243$ & $0.318055$ & $-0.0135167$ & $-0.143524$ & $-0.0826351$ & $0.112035$ & $-0.201221$ & $-0.402165$ & $0.376319$ & $1$ & $-0.275619$ & $-0.345672$ & $-0.0749045$ & $-0.0983342$ \\
eHccint & $0.379374$ & $0.379235$ & $0.333656$ & $-0.158944$ & $0.259684$ & $0.0990493$ & $0.151852$ & $-0.145414$ & $-0.117255$ & $-0.136602$ & $0.264906$ & $-0.14351$ & $-0.175984$ & $-0.144424$ & $-0.221441$ & $-0.268784$ & $-0.124012$ & $0.0281445$ & $0.0768049$ & $-0.235621$ & $-0.113286$ & $-0.0485204$ & $-0.0554242$ & $-0.104492$ & $0.0207476$ & $0.379542$ & $0.280842$ & $-0.149216$ & $-0.127744$ & $-0.120954$ & $0.136993$ & $0.174959$ & $-0.233095$ & $0.0838018$ & $0.200141$ & $0.468587$ & $-0.174973$ & $-0.0450851$ & $-0.105807$ & $0.128568$ & $0.511783$ & $-0.298444$ & $0.417585$ & $-0.471378$ & $-0.275619$ & $1$ & $0.261218$ & $0.432196$ & $-0.509911$ \\
eHccpar & $0.385311$ & $0.458913$ & $0.24648$ & $-0.503889$ & $0.360333$ & $0.0992382$ & $0.597447$ & $0.126047$ & $0.155744$ & $-0.215159$ & $0.0248128$ & $-0.567494$ & $-0.608487$ & $-0.248626$ & $-0.391096$ & $-0.404466$ & $-0.223525$ & $0.0924048$ & $0.0539598$ & $0.0408434$ & $0.217156$ & $0.192336$ & $0.176344$ & $-0.369838$ & $0.035795$ & $-0.0238584$ & $0.501388$ & $-0.16995$ & $-0.147479$ & $-0.446345$ & $0.105232$ & $0.591643$ & $-0.281946$ & $0.373952$ & $-0.349895$ & $-0.336083$ & $0.0612786$ & $-0.351012$ & $0.0476219$ & $0.395247$ & $-0.257646$ & $0.113643$ & $0.16108$ & $-0.536263$ & $-0.345672$ & $0.261218$ & $1$ & $0.652471$ & $0.199729$ \\
eHbbint & $0.434589$ & $-0.0404787$ & $-0.033116$ & $-0.0518028$ & $0.275255$ & $0.299509$ & $0.386708$ & $-0.0645892$ & $-0.057585$ & $-0.105196$ & $0.165105$ & $-0.462367$ & $-0.503126$ & $-0.0544371$ & $0.000468746$ & $-0.231353$ & $-0.167522$ & $-0.208349$ & $0.0181188$ & $-0.13664$ & $-0.0584789$ & $-0.0559331$ & $-0.252742$ & $-0.211475$ & $-0.176869$ & $0.363127$ & $0.0413472$ & $-0.33091$ & $-0.132447$ & $-0.32508$ & $0.100966$ & $0.364898$ & $-0.325913$ & $-0.135985$ & $-0.58918$ & $0.0270915$ & $0.37384$ & $-0.157954$ & $0.248127$ & $0.0535888$ & $0.25562$ & $-0.614157$ & $-0.0678554$ & $-0.421336$ & $-0.0749045$ & $0.432196$ & $0.652471$ & $1$ & $-0.319926$ \\
eHbbpar & $-0.516109$ & $0.015639$ & $0.0143126$ & $-0.072454$ & $-0.140468$ & $-0.26621$ & $0.0936619$ & $0.318486$ & $0.313869$ & $-0.0207228$ & $-0.367387$ & $-0.0215731$ & $0.0473317$ & $-0.0277535$ & $-0.205696$ & $0.0287057$ & $0.0312428$ & $0.223954$ & $-0.0121171$ & $0.363009$ & $0.321993$ & $0.297478$ & $0.375551$ & $-0.00190112$ & $0.196802$ & $-0.47001$ & $0.276783$ & $0.283712$ & $0.101107$ & $-0.0373181$ & $-0.0329672$ & $0.0923496$ & $0.276811$ & $0.367866$ & $0.0934808$ & $-0.542406$ & $0.036581$ & $-0.114349$ & $0.33129$ & $-0.145461$ & $-0.58083$ & $0.528196$ & $-0.0923551$ & $0.199409$ & $-0.0983342$ & $-0.509911$ & $0.199729$ & $-0.319926$ & $1$ \\
