 & AlsMz & dAle5Mz & mtop & mHl & Mz & CW & CHG & CHWB & CHWHB_gaga & CHWHB_gagaorth & CHD & CHbox & CH & CHL1_11 & CHL1_22 & CHL1_33 & CHL3_11 & CHL3_22 & CHL3_33 & CHe_11 & CHe_22 & CHe_33 & CHQ1_11 & CHQ1_33 & CHQ3_11 & CHu_11 & CHd_11 & CHd_33 & CeH_22r & CeH_33r & CuH_22r & CuH_33r & CdH_33r & CLL_1221 & eHggint & eHggpar & eHWWint & eHWWpar & eHZZint & eHZZpar & eHZgaint & eHZgapar & eHgagaint & eHmumuint & eHtautauint & eHccint & eHccpar & eHbbint & eHbbpar \\
AlsMz & $1$ & $-0.0624411$ & $0.209478$ & $-0.084396$ & $-0.00771122$ & $0.00403293$ & $-0.0125154$ & $-0.00880272$ & $-0.0127767$ & $0.0037088$ & $-0.00414597$ & $-0.000850381$ & $0.013911$ & $0.0191819$ & $0.00379331$ & $0.00556023$ & $0.0143498$ & $0.0175457$ & $0.018768$ & $0.000575854$ & $-0.00159247$ & $0.000670333$ & $-0.0129318$ & $-0.00430864$ & $-0.050388$ & $-0.0192202$ & $-0.0359695$ & $0.000563264$ & $-0.00421501$ & $-0.000690722$ & $0.0113863$ & $-0.0155222$ & $-0.0286045$ & $-0.0181267$ & $-0.0351915$ & $0.11404$ & $0.0979328$ & $-0.0110782$ & $0.0259565$ & $-0.00762553$ & $0.0825192$ & $-0.0300464$ & $-0.0688155$ & $-0.00213103$ & $0.00498152$ & $0.161349$ & $-0.00828431$ & $-0.0515592$ & $-0.13014$ \\
dAle5Mz & $-0.0624411$ & $1$ & $-0.100743$ & $0.0994604$ & $-0.0394887$ & $-0.00922057$ & $-0.00698653$ & $-0.0421316$ & $-0.0410407$ & $0.0105566$ & $0.0180528$ & $-0.00385281$ & $0.00945877$ & $0.00482628$ & $-0.00163545$ & $-0.00703444$ & $0.0355765$ & $0.0254321$ & $0.0283551$ & $-0.00446091$ & $-0.00467729$ & $-0.00466847$ & $-0.0200402$ & $0.0304999$ & $0.0310836$ & $0.0126442$ & $-0.00677254$ & $-0.00477354$ & $-0.00641535$ & $-0.0011033$ & $0.0609364$ & $-0.00681952$ & $0.0417376$ & $0.0108318$ & $0.0205207$ & $-0.0765472$ & $0.22667$ & $-0.01152$ & $-0.0491785$ & $0.00339897$ & $0.00952133$ & $-0.01447$ & $-0.0121018$ & $-0.0501307$ & $-0.0610438$ & $-0.0296831$ & $0.299079$ & $0.0873059$ & $0.177803$ \\
mtop & $0.209478$ & $-0.100743$ & $1$ & $-0.0948653$ & $-0.00587235$ & $-0.00060025$ & $-0.0215366$ & $-0.00707159$ & $-0.00980795$ & $-0.0027078$ & $0.00324729$ & $-0.0401974$ & $0.0460599$ & $0.0114262$ & $0.00714659$ & $0.00449424$ & $0.0132718$ & $0.0111975$ & $0.0126852$ & $-0.000948019$ & $-0.00339884$ & $-0.00184562$ & $-0.00788395$ & $0.0112601$ & $-0.00556862$ & $0.0015401$ & $-0.0233792$ & $0.0055665$ & $-0.0129209$ & $0.0304871$ & $0.0555052$ & $-0.0115219$ & $0.0190363$ & $-0.0166814$ & $0.0961329$ & $0.0234778$ & $-0.0892357$ & $0.0219973$ & $0.066414$ & $0.00384698$ & $0.202573$ & $0.0173279$ & $-0.0788754$ & $-0.00827306$ & $-0.0383845$ & $-0.113609$ & $0.130273$ & $0.0390998$ & $-0.125604$ \\
mHl & $-0.084396$ & $0.0994604$ & $-0.0948653$ & $1$ & $0.0294008$ & $0.00735929$ & $0.0107759$ & $0.0115479$ & $0.0120224$ & $-0.00652293$ & $-0.000889217$ & $0.00401224$ & $0.00460371$ & $-0.0163884$ & $-0.0074312$ & $-0.00286313$ & $-0.0204115$ & $-0.0180896$ & $-0.0201091$ & $0.0017784$ & $0.00400303$ & $0.00513027$ & $-0.00192834$ & $-0.0215122$ & $-0.0199857$ & $0.00528689$ & $0.00875469$ & $-0.00550843$ & $-0.00785745$ & $-0.00437616$ & $0.00961093$ & $0.014786$ & $0.0159501$ & $0.0216497$ & $0.0733503$ & $0.131718$ & $0.0387305$ & $-0.0231067$ & $-0.198717$ & $0.0400857$ & $0.134805$ & $0.0181651$ & $-0.00875858$ & $-0.118224$ & $-0.029668$ & $-0.184688$ & $0.124432$ & $-0.0346508$ & $0.101993$ \\
Mz & $-0.00771122$ & $-0.0394887$ & $-0.00587235$ & $0.0294008$ & $1$ & $-0.00880074$ & $-0.0140356$ & $0.00582028$ & $0.00624966$ & $-0.00557986$ & $0.00243892$ & $-0.00521955$ & $0.0186434$ & $0.00215282$ & $-0.00672321$ & $0.000537464$ & $-0.00368022$ & $0.00105177$ & $-0.00416092$ & $0.00285231$ & $0.00428919$ & $0.00489187$ & $0.00614032$ & $-0.00871321$ & $-0.000122826$ & $-0.00392796$ & $0.0101131$ & $-0.00051956$ & $0.00191223$ & $0.0106853$ & $0.0085146$ & $-0.0157239$ & $0.0163193$ & $0.00836975$ & $0.00480781$ & $0.0155073$ & $-0.0109066$ & $-0.00632121$ & $-0.020471$ & $0.00102879$ & $0.00869108$ & $0.00445547$ & $-0.00739672$ & $-0.0035256$ & $0.0124685$ & $-0.00506087$ & $0.0101588$ & $0.0244754$ & $0.0144351$ \\
CW & $0.00403293$ & $-0.00922057$ & $-0.00060025$ & $0.00735929$ & $-0.00880074$ & $1$ & $0.029098$ & $-0.0397903$ & $-0.0387666$ & $0.0175483$ & $0.149568$ & $0.0740763$ & $-0.0384459$ & $-0.0354638$ & $-0.085255$ & $-0.0852935$ & $-0.36635$ & $-0.167731$ & $-0.16827$ & $-0.147728$ & $-0.151306$ & $-0.149881$ & $-0.00224305$ & $-0.121138$ & $-0.213961$ & $0.101308$ & $-0.0652594$ & $-0.0642924$ & $-0.00254193$ & $-0.0236033$ & $-0.0263248$ & $0.032522$ & $-0.0348449$ & $-0.0924403$ & $0.0223623$ & $-0.0047723$ & $-0.00559712$ & $0.015283$ & $4.60007e-05$ & $0.00788539$ & $0.010504$ & $0.00460189$ & $0.00535459$ & $-0.0019044$ & $0.00858421$ & $-0.000951769$ & $-0.000431557$ & $-0.0111663$ & $0.00350228$ \\
CHG & $-0.0125154$ & $-0.00698653$ & $-0.0215366$ & $0.0107759$ & $-0.0140356$ & $0.029098$ & $1$ & $-0.040939$ & $-0.0217952$ & $0.202663$ & $0.0988147$ & $0.37961$ & $-0.781171$ & $-0.130906$ & $-0.0403049$ & $-0.0403005$ & $-0.114595$ & $-0.096545$ & $-0.0978167$ & $-0.0964534$ & $-0.097761$ & $-0.097647$ & $0.00356879$ & $-0.0579511$ & $-0.101281$ & $0.0637795$ & $-0.026282$ & $-0.0437688$ & $-0.137209$ & $-0.592101$ & $-0.37497$ & $0.956773$ & $-0.624263$ & $-0.00801537$ & $-0.104296$ & $-0.016924$ & $-0.0220096$ & $0.00992104$ & $0.0582737$ & $0.0136484$ & $-0.0541294$ & $-0.0120082$ & $-0.0273642$ & $0.0262323$ & $0.0473317$ & $0.0384986$ & $-0.00988829$ & $-0.0674396$ & $0.0338919$ \\
CHWB & $-0.00880272$ & $-0.0421316$ & $-0.00707159$ & $0.0115479$ & $0.00582028$ & $-0.0397903$ & $-0.040939$ & $1$ & $0.990086$ & $-0.564051$ & $-0.874969$ & $-0.195302$ & $0.0460902$ & $0.267439$ & $0.455747$ & $0.452948$ & $-0.223399$ & $-0.406502$ & $-0.405742$ & $0.858717$ & $0.888615$ & $0.879429$ & $0.0476654$ & $-0.63579$ & $-0.371192$ & $-0.619127$ & $0.418772$ & $0.388108$ & $0.00873436$ & $0.0464098$ & $0.0302523$ & $-0.0492804$ & $0.0438267$ & $0.536735$ & $-0.00634975$ & $-0.00900927$ & $-0.0176977$ & $0.00150671$ & $-0.0095313$ & $-0.0128466$ & $0.00178167$ & $0.00156376$ & $0.0184102$ & $0.0156639$ & $0.00861947$ & $-0.021797$ & $-0.0229652$ & $-0.0178409$ & $-0.0112682$ \\
CHWHB_gaga & $-0.0127767$ & $-0.0410407$ & $-0.00980795$ & $0.0120224$ & $0.00624966$ & $-0.0387666$ & $-0.0217952$ & $0.990086$ & $1$ & $-0.560807$ & $-0.86499$ & $-0.191248$ & $0.0548425$ & $0.262497$ & $0.45097$ & $0.446666$ & $-0.223989$ & $-0.405046$ & $-0.403279$ & $0.848927$ & $0.878707$ & $0.869534$ & $0.0472763$ & $-0.630989$ & $-0.3699$ & $-0.612689$ & $0.414275$ & $0.384269$ & $0.0166111$ & $0.0661322$ & $0.0422744$ & $-0.0317745$ & $0.0638169$ & $0.531231$ & $-0.00615584$ & $-0.0171315$ & $-0.021329$ & $0.00141615$ & $-0.0102561$ & $-0.0121893$ & $0.00907353$ & $0.000483195$ & $0.058054$ & $0.0187924$ & $-0.000980526$ & $-0.0276398$ & $-0.029995$ & $-0.0126969$ & $-0.0177125$ \\
CHWHB_gagaorth & $0.0037088$ & $0.0105566$ & $-0.0027078$ & $-0.00652293$ & $-0.00557986$ & $0.0175483$ & $0.202663$ & $-0.564051$ & $-0.560807$ & $1$ & $0.490022$ & $0.488013$ & $-0.262039$ & $-0.145517$ & $-0.257811$ & $-0.24856$ & $0.133988$ & $0.23766$ & $0.231272$ & $-0.480939$ & $-0.498207$ & $-0.493322$ & $-0.0320747$ & $0.360775$ & $0.218225$ & $0.352684$ & $-0.234845$ & $-0.219612$ & $-0.0448527$ & $-0.233538$ & $-0.164554$ & $0.209577$ & $-0.257207$ & $-0.300938$ & $0.00361059$ & $0.00946832$ & $0.00286176$ & $-0.0133817$ & $0.0110373$ & $0.00762623$ & $-0.0543458$ & $-0.0171054$ & $-0.0316861$ & $-0.00941777$ & $0.00941522$ & $0.0108124$ & $-0.00246542$ & $-0.0120501$ & $0.0304133$ \\
CHD & $-0.00414597$ & $0.0180528$ & $0.00324729$ & $-0.000889217$ & $0.00243892$ & $0.149568$ & $0.0988147$ & $-0.874969$ & $-0.86499$ & $0.490022$ & $1$ & $0.291792$ & $-0.114172$ & $-0.661007$ & $-0.570611$ & $-0.565307$ & $-0.248268$ & $-0.0152477$ & $-0.0168777$ & $-0.994995$ & $-0.995077$ & $-0.983476$ & $0.0235486$ & $0.225794$ & $-0.0616198$ & $0.68678$ & $-0.288615$ & $-0.429604$ & $-0.0246707$ & $-0.0994135$ & $-0.0686306$ & $0.11151$ & $-0.108657$ & $-0.332634$ & $0.0117146$ & $0.0182645$ & $0.0129967$ & $-0.00782176$ & $0.0118215$ & $0.0126987$ & $-0.00279131$ & $0.00264159$ & $-0.0142582$ & $-0.00879471$ & $-0.00559266$ & $0.0141107$ & $0.0180199$ & $0.0114146$ & $0.0215219$ \\
CHbox & $-0.000850381$ & $-0.00385281$ & $-0.0401974$ & $0.00401224$ & $-0.00521955$ & $0.0740763$ & $0.37961$ & $-0.195302$ & $-0.191248$ & $0.488013$ & $0.291792$ & $1$ & $-0.482566$ & $-0.281445$ & $-0.130799$ & $-0.119949$ & $-0.198553$ & $-0.138123$ & $-0.147004$ & $-0.283345$ & $-0.292297$ & $-0.289176$ & $0.00223674$ & $-0.0336466$ & $-0.149973$ & $0.200984$ & $-0.0931313$ & $-0.131205$ & $-0.0840226$ & $-0.28844$ & $-0.204551$ & $0.377954$ & $-0.304334$ & $-0.0812723$ & $-0.0310553$ & $0.00414044$ & $0.0155404$ & $-0.00689645$ & $0.0303392$ & $0.0176988$ & $-0.0287572$ & $-0.0346544$ & $-0.0568894$ & $0.0370109$ & $0.043649$ & $0.0358638$ & $0.0259423$ & $-0.0529082$ & $0.0698419$ \\
CH & $0.013911$ & $0.00945877$ & $0.0460599$ & $0.00460371$ & $0.0186434$ & $-0.0384459$ & $-0.781171$ & $0.0460902$ & $0.0548425$ & $-0.262039$ & $-0.114172$ & $-0.482566$ & $1$ & $0.152301$ & $0.0439138$ & $0.0412287$ & $0.136097$ & $0.115532$ & $0.119024$ & $0.111046$ & $0.113894$ & $0.113581$ & $0.00079008$ & $0.0671295$ & $0.12228$ & $-0.0787286$ & $0.0340377$ & $0.0469858$ & $0.198815$ & $0.731496$ & $0.447474$ & $-0.700152$ & $0.763169$ & $0.0112523$ & $0.117147$ & $0.0273372$ & $-0.00726736$ & $-0.00962382$ & $-0.0773796$ & $-0.0150897$ & $0.0661287$ & $0.0205376$ & $0.0339786$ & $-0.027589$ & $-0.0554002$ & $-0.0601412$ & $0.000991147$ & $0.0706177$ & $-0.0549881$ \\
CHL1_11 & $0.0191819$ & $0.00482628$ & $0.0114262$ & $-0.0163884$ & $0.00215282$ & $-0.0354638$ & $-0.130906$ & $0.267439$ & $0.262497$ & $-0.145517$ & $-0.661007$ & $-0.281445$ & $0.152301$ & $1$ & $0.403632$ & $0.396828$ & $0.641848$ & $0.593651$ & $0.595908$ & $0.671025$ & $0.633394$ & $0.623318$ & $-0.111584$ & $0.438257$ & $0.600123$ & $-0.429422$ & $-0.046083$ & $0.266316$ & $0.0360201$ & $0.124937$ & $0.0869591$ & $-0.143697$ & $0.145865$ & $-0.166231$ & $-0.0113181$ & $-0.0224872$ & $-0.00679419$ & $0.0114508$ & $-0.00727759$ & $-0.0083531$ & $0.0107384$ & $-0.00885622$ & $-0.00149724$ & $-5.32006e-05$ & $-0.00417277$ & $0.00509021$ & $-0.00517227$ & $0.000394567$ & $-0.0257288$ \\
CHL1_22 & $0.00379331$ & $-0.00163545$ & $0.00714659$ & $-0.0074312$ & $-0.00672321$ & $-0.085255$ & $-0.0403049$ & $0.455747$ & $0.45097$ & $-0.257811$ & $-0.570611$ & $-0.130799$ & $0.0439138$ & $0.403632$ & $1$ & $0.537843$ & $0.173984$ & $-0.31324$ & $-0.00447387$ & $0.612881$ & $0.514372$ & $0.506316$ & $-0.174035$ & $0.0334894$ & $-0.0655539$ & $-0.359794$ & $-0.291487$ & $0.226943$ & $0.0112007$ & $0.0468203$ & $0.0401888$ & $-0.0448393$ & $0.0495573$ & $-0.46687$ & $-0.00413122$ & $-0.0152693$ & $-0.00457429$ & $0.00689439$ & $-0.00385911$ & $0.00139725$ & $-0.00331158$ & $-0.00430925$ & $0.00526165$ & $-0.00348994$ & $0.0151775$ & $-0.00630884$ & $-0.00958519$ & $-0.0205753$ & $-0.020682$ \\
CHL1_33 & $0.00556023$ & $-0.00703444$ & $0.00449424$ & $-0.00286313$ & $0.000537464$ & $-0.0852935$ & $-0.0403005$ & $0.452948$ & $0.446666$ & $-0.24856$ & $-0.565307$ & $-0.119949$ & $0.0412287$ & $0.396828$ & $0.537843$ & $1$ & $0.171341$ & $-0.00320029$ & $-0.303124$ & $0.607362$ & $0.510746$ & $0.521867$ & $-0.173753$ & $0.0325569$ & $-0.064013$ & $-0.353488$ & $-0.280268$ & $0.214069$ & $0.0142729$ & $0.0434602$ & $0.0327784$ & $-0.0439278$ & $0.0472161$ & $-0.0211569$ & $-0.0167465$ & $-0.00832692$ & $-0.00198443$ & $0.0111792$ & $-0.0126981$ & $-0.00398468$ & $0.00148011$ & $0.00184226$ & $-0.00936659$ & $-0.00508667$ & $0.00793912$ & $-0.00552091$ & $0.00287553$ & $-0.0102218$ & $-0.0136169$ \\
CHL3_11 & $0.0143498$ & $0.0355765$ & $0.0132718$ & $-0.0204115$ & $-0.00368022$ & $-0.36635$ & $-0.114595$ & $-0.223399$ & $-0.223989$ & $0.133988$ & $-0.248268$ & $-0.198553$ & $0.136097$ & $0.641848$ & $0.173984$ & $0.171341$ & $1$ & $0.818899$ & $0.819519$ & $0.259783$ & $0.224887$ & $0.220087$ & $-0.102585$ & $0.751998$ & $0.856919$ & $-0.143426$ & $-0.150874$ & $0.0896491$ & $0.0292244$ & $0.102993$ & $0.0739952$ & $-0.123344$ & $0.126363$ & $-0.253247$ & $-0.0110967$ & $-0.0146182$ & $0.00692524$ & $0.0139713$ & $-0.00402231$ & $-0.000410299$ & $-0.00248623$ & $-0.0054407$ & $-0.00287853$ & $-0.0146295$ & $-0.00501506$ & $0.0100299$ & $0.00372087$ & $0.0166694$ & $-0.0218005$ \\
CHL3_22 & $0.0175457$ & $0.0254321$ & $0.0111975$ & $-0.0180896$ & $0.00105177$ & $-0.167731$ & $-0.096545$ & $-0.406502$ & $-0.405046$ & $0.23766$ & $-0.0152477$ & $-0.138123$ & $0.115532$ & $0.593651$ & $-0.31324$ & $-0.00320029$ & $0.818899$ & $1$ & $0.788939$ & $0.0140829$ & $0.0114558$ & $0.0116245$ & $-0.0405512$ & $0.739366$ & $0.86598$ & $0.00545578$ & $-0.0570049$ & $-0.00692367$ & $0.0266382$ & $0.0838191$ & $0.0556456$ & $-0.103507$ & $0.105465$ & $-0.0671629$ & $-0.00989275$ & $-0.00954103$ & $0.00477171$ & $0.01002$ & $-0.00282348$ & $-0.00255716$ & $0.00537046$ & $-0.00443741$ & $-0.0109065$ & $-0.00914165$ & $-0.013527$ & $0.0155674$ & $0.0096769$ & $0.0228028$ & $-0.012482$ \\
CHL3_33 & $0.018768$ & $0.0283551$ & $0.0126852$ & $-0.0201091$ & $-0.00416092$ & $-0.16827$ & $-0.0978167$ & $-0.405742$ & $-0.403279$ & $0.231272$ & $-0.0168777$ & $-0.147004$ & $0.119024$ & $0.595908$ & $-0.00447387$ & $-0.303124$ & $0.819519$ & $0.788939$ & $1$ & $0.0156165$ & $0.0129561$ & $0.012301$ & $-0.0385804$ & $0.738983$ & $0.866517$ & $0.00212265$ & $-0.0594158$ & $0.00163969$ & $0.0246364$ & $0.0869722$ & $0.0613896$ & $-0.105706$ & $0.107345$ & $-0.368643$ & $-0.00103566$ & $-0.0145278$ & $0.00248441$ & $0.00728371$ & $0.00239885$ & $4.01498e-05$ & $0.00261655$ & $-0.0102601$ & $-0.000922251$ & $-0.00994593$ & $-0.00750416$ & $0.0156181$ & $0.00180689$ & $0.016337$ & $-0.0185377$ \\
CHe_11 & $0.000575854$ & $-0.00446091$ & $-0.000948019$ & $0.0017784$ & $0.00285231$ & $-0.147728$ & $-0.0964534$ & $0.858717$ & $0.848927$ & $-0.480939$ & $-0.994995$ & $-0.283345$ & $0.111046$ & $0.671025$ & $0.612881$ & $0.607362$ & $0.259783$ & $0.0140829$ & $0.0156165$ & $1$ & $0.985127$ & $0.973972$ & $-0.0425634$ & $-0.193059$ & $0.06575$ & $-0.679874$ & $0.23536$ & $0.424841$ & $0.0244877$ & $0.0976165$ & $0.0687688$ & $-0.108907$ & $0.107272$ & $0.276881$ & $-0.011549$ & $-0.0204503$ & $-0.0106755$ & $0.00805236$ & $-0.0130478$ & $-0.0115427$ & $0.0030882$ & $-0.00242294$ & $0.0120658$ & $0.00678083$ & $0.00611698$ & $-0.0154054$ & $-0.0115372$ & $-0.0104707$ & $-0.0193848$ \\
CHe_22 & $-0.00159247$ & $-0.00467729$ & $-0.00339884$ & $0.00400303$ & $0.00428919$ & $-0.151306$ & $-0.097761$ & $0.888615$ & $0.878707$ & $-0.498207$ & $-0.995077$ & $-0.292297$ & $0.113894$ & $0.633394$ & $0.514372$ & $0.510746$ & $0.224887$ & $0.0114558$ & $0.0129561$ & $0.985127$ & $1$ & $0.986327$ & $-0.000654272$ & $-0.267156$ & $0.0512459$ & $-0.689119$ & $0.350017$ & $0.431423$ & $0.0239465$ & $0.098227$ & $0.0677228$ & $-0.110579$ & $0.107885$ & $0.398948$ & $-0.0101665$ & $-0.0188918$ & $-0.0109616$ & $0.00684873$ & $-0.0124977$ & $-0.0132506$ & $0.00373119$ & $-0.00237322$ & $0.0163627$ & $0.00972046$ & $0.00364101$ & $-0.0165367$ & $-0.0140037$ & $-0.00870648$ & $-0.0179668$ \\
CHe_33 & $0.000670333$ & $-0.00466847$ & $-0.00184562$ & $0.00513027$ & $0.00489187$ & $-0.149881$ & $-0.097647$ & $0.879429$ & $0.869534$ & $-0.493322$ & $-0.983476$ & $-0.289176$ & $0.113581$ & $0.623318$ & $0.506316$ & $0.521867$ & $0.220087$ & $0.0116245$ & $0.012301$ & $0.973972$ & $0.986327$ & $1$ & $0.000546961$ & $-0.266046$ & $0.0493207$ & $-0.68179$ & $0.346737$ & $0.426611$ & $0.0234134$ & $0.0977329$ & $0.0683771$ & $-0.110296$ & $0.107202$ & $0.399081$ & $-0.00950944$ & $-0.0178282$ & $-0.00990264$ & $0.0060899$ & $-0.0126278$ & $-0.0152361$ & $0.00554693$ & $-0.00528125$ & $0.0160798$ & $0.0067014$ & $0.00473074$ & $-0.016264$ & $-0.0112648$ & $-0.00728569$ & $-0.0181524$ \\
CHQ1_11 & $-0.0129318$ & $-0.0200402$ & $-0.00788395$ & $-0.00192834$ & $0.00614032$ & $-0.00224305$ & $0.00356879$ & $0.0476654$ & $0.0472763$ & $-0.0320747$ & $0.0235486$ & $0.00223674$ & $0.00079008$ & $-0.111584$ & $-0.174035$ & $-0.173753$ & $-0.102585$ & $-0.0405512$ & $-0.0385804$ & $-0.0425634$ & $-0.000654272$ & $0.000546961$ & $1$ & $-0.151416$ & $0.0203801$ & $-0.572735$ & $0.350065$ & $-0.000536888$ & $0.00203124$ & $-0.00293102$ & $-0.0133106$ & $0.00362294$ & $-0.00528009$ & $0.206518$ & $0.0223642$ & $0.00270047$ & $-0.0127918$ & $-0.00639388$ & $-0.00402089$ & $-0.00492336$ & $-0.000898507$ & $0.00683534$ & $0.00870028$ & $-0.00374382$ & $-0.00358304$ & $-0.0132548$ & $-0.02146$ & $-0.00583466$ & $0.00188607$ \\
CHQ1_33 & $-0.00430864$ & $0.0304999$ & $0.0112601$ & $-0.0215122$ & $-0.00871321$ & $-0.121138$ & $-0.0579511$ & $-0.63579$ & $-0.630989$ & $0.360775$ & $0.225794$ & $-0.0336466$ & $0.0671295$ & $0.438257$ & $0.0334894$ & $0.0325569$ & $0.751998$ & $0.739366$ & $0.738983$ & $-0.193059$ & $-0.267156$ & $-0.266046$ & $-0.151416$ & $1$ & $0.751082$ & $0.197158$ & $-0.408959$ & $-0.0466421$ & $0.0167535$ & $0.0497821$ & $0.0389592$ & $-0.0604127$ & $0.0675523$ & $-0.613182$ & $-0.00541857$ & $-0.0139633$ & $0.00491002$ & $0.0113123$ & $0.0033553$ & $0.0103512$ & $0.000243839$ & $-0.00480669$ & $-0.0114231$ & $-0.0217437$ & $-0.00431168$ & $0.0151144$ & $0.0154569$ & $0.0148283$ & $-0.00952434$ \\
CHQ3_11 & $-0.050388$ & $0.0310836$ & $-0.00556862$ & $-0.0199857$ & $-0.000122826$ & $-0.213961$ & $-0.101281$ & $-0.371192$ & $-0.3699$ & $0.218225$ & $-0.0616198$ & $-0.149973$ & $0.12228$ & $0.600123$ & $-0.0655539$ & $-0.064013$ & $0.856919$ & $0.86598$ & $0.866517$ & $0.06575$ & $0.0512459$ & $0.0493207$ & $0.0203801$ & $0.751082$ & $1$ & $-0.022198$ & $0.114665$ & $0.012326$ & $0.0300017$ & $0.0898265$ & $0.062485$ & $-0.108325$ & $0.112747$ & $-0.247977$ & $-0.00730695$ & $-0.0211862$ & $-0.00256883$ & $0.0093927$ & $-0.00305331$ & $0.00192405$ & $-0.0178796$ & $-0.00636213$ & $-0.00833879$ & $-0.0113492$ & $-0.00348416$ & $0.00990559$ & $0.00246536$ & $0.0224396$ & $-0.00907089$ \\
CHu_11 & $-0.0192202$ & $0.0126442$ & $0.0015401$ & $0.00528689$ & $-0.00392796$ & $0.101308$ & $0.0637795$ & $-0.619127$ & $-0.612689$ & $0.352684$ & $0.68678$ & $0.200984$ & $-0.0787286$ & $-0.429422$ & $-0.359794$ & $-0.353488$ & $-0.143426$ & $0.00545578$ & $0.00212265$ & $-0.679874$ & $-0.689119$ & $-0.68179$ & $-0.572735$ & $0.197158$ & $-0.022198$ & $1$ & $-0.216062$ & $-0.295415$ & $-0.0215537$ & $-0.0706796$ & $-0.0397432$ & $0.073496$ & $-0.0736286$ & $-0.275966$ & $-0.00172585$ & $0.010729$ & $0.0136508$ & $-0.0075123$ & $0.0115957$ & $0.0140958$ & $-0.00847598$ & $-0.00590922$ & $-0.0160788$ & $-0.00481047$ & $0.00154626$ & $0.0151051$ & $0.0229398$ & $0.0147456$ & $0.014336$ \\
CHd_11 & $-0.0359695$ & $-0.00677254$ & $-0.0233792$ & $0.00875469$ & $0.0101131$ & $-0.0652594$ & $-0.026282$ & $0.418772$ & $0.414275$ & $-0.234845$ & $-0.288615$ & $-0.0931313$ & $0.0340377$ & $-0.046083$ & $-0.291487$ & $-0.280268$ & $-0.150874$ & $-0.0570049$ & $-0.0594158$ & $0.23536$ & $0.350017$ & $0.346737$ & $0.350065$ & $-0.408959$ & $0.114665$ & $-0.216062$ & $1$ & $0.13982$ & $0.0051832$ & $0.0210276$ & $0.0123228$ & $-0.0313616$ & $0.0219068$ & $0.68463$ & $-0.000220333$ & $-0.00673028$ & $-0.00891012$ & $-0.0076824$ & $-0.00253503$ & $-0.00581081$ & $-0.0235388$ & $-0.00127854$ & $0.00934389$ & $0.00756758$ & $0.00550445$ & $-0.00775451$ & $-0.0134323$ & $0.00735471$ & $0.00792412$ \\
CHd_33 & $0.000563264$ & $-0.00477354$ & $0.0055665$ & $-0.00550843$ & $-0.00051956$ & $-0.0642924$ & $-0.0437688$ & $0.388108$ & $0.384269$ & $-0.219612$ & $-0.429604$ & $-0.131205$ & $0.0469858$ & $0.266316$ & $0.226943$ & $0.214069$ & $0.0896491$ & $-0.00692367$ & $0.00163969$ & $0.424841$ & $0.431423$ & $0.426611$ & $-0.000536888$ & $-0.0466421$ & $0.012326$ & $-0.295415$ & $0.13982$ & $1$ & $0.0061972$ & $0.039541$ & $0.0340257$ & $-0.0481825$ & $0.0443304$ & $0.172247$ & $0.00435999$ & $-0.00226736$ & $-0.018886$ & $0.0158509$ & $-0.00360509$ & $-0.00578856$ & $0.0137622$ & $-0.00593368$ & $0.00689882$ & $0.0165644$ & $-0.00165692$ & $-0.0103804$ & $-0.0158149$ & $-0.0169616$ & $-0.0148495$ \\
CeH_22r & $-0.00421501$ & $-0.00641535$ & $-0.0129209$ & $-0.00785745$ & $0.00191223$ & $-0.00254193$ & $-0.137209$ & $0.00873436$ & $0.0166111$ & $-0.0448527$ & $-0.0246707$ & $-0.0840226$ & $0.198815$ & $0.0360201$ & $0.0112007$ & $0.0142729$ & $0.0292244$ & $0.0266382$ & $0.0246364$ & $0.0244877$ & $0.0239465$ & $0.0234134$ & $0.00203124$ & $0.0167535$ & $0.0300017$ & $-0.0215537$ & $0.0051832$ & $0.0061972$ & $1$ & $0.170515$ & $0.100403$ & $-0.132748$ & $0.17107$ & $-0.00198773$ & $0.00505572$ & $-0.0091332$ & $-0.0131725$ & $-0.0121849$ & $-0.0126108$ & $-0.0120262$ & $-0.000571867$ & $0.00689355$ & $-0.00292006$ & $0.00179737$ & $-0.00856122$ & $-0.0152266$ & $-0.00115966$ & $-0.00173699$ & $-0.019453$ \\
CeH_33r & $-0.000690722$ & $-0.0011033$ & $0.0304871$ & $-0.00437616$ & $0.0106853$ & $-0.0236033$ & $-0.592101$ & $0.0464098$ & $0.0661322$ & $-0.233538$ & $-0.0994135$ & $-0.28844$ & $0.731496$ & $0.124937$ & $0.0468203$ & $0.0434602$ & $0.102993$ & $0.0838191$ & $0.0869722$ & $0.0976165$ & $0.098227$ & $0.0977329$ & $-0.00293102$ & $0.0497821$ & $0.0898265$ & $-0.0706796$ & $0.0210276$ & $0.039541$ & $0.170515$ & $1$ & $0.512036$ & $-0.45733$ & $0.848353$ & $0.00518598$ & $0.0774675$ & $-0.00886788$ & $-0.081376$ & $-0.0165157$ & $-0.079208$ & $-0.00778733$ & $0.0356546$ & $0.00531428$ & $0.00393166$ & $-0.0260446$ & $0.0040803$ & $-0.0505068$ & $-0.00386138$ & $0.0482909$ & $-0.0579203$ \\
CuH_22r & $0.0113863$ & $0.0609364$ & $0.0555052$ & $0.00961093$ & $0.0085146$ & $-0.0263248$ & $-0.37497$ & $0.0302523$ & $0.0422744$ & $-0.164554$ & $-0.0686306$ & $-0.204551$ & $0.447474$ & $0.0869591$ & $0.0401888$ & $0.0327784$ & $0.0739952$ & $0.0556456$ & $0.0613896$ & $0.0687688$ & $0.0677228$ & $0.0683771$ & $-0.0133106$ & $0.0389592$ & $0.062485$ & $-0.0397432$ & $0.0123228$ & $0.0340257$ & $0.100403$ & $0.512036$ & $1$ & $-0.278057$ & $0.560401$ & $-0.00161358$ & $0.0611178$ & $0.00451722$ & $-0.037268$ & $-0.00336365$ & $-0.048114$ & $-0.00753976$ & $0.0782487$ & $0.0103469$ & $-0.0297818$ & $-0.0268162$ & $-0.0359875$ & $0.00979297$ & $0.212584$ & $0.0452338$ & $-0.0172137$ \\
CuH_33r & $-0.0155222$ & $-0.00681952$ & $-0.0115219$ & $0.014786$ & $-0.0157239$ & $0.032522$ & $0.956773$ & $-0.0492804$ & $-0.0317745$ & $0.209577$ & $0.11151$ & $0.377954$ & $-0.700152$ & $-0.143697$ & $-0.0448393$ & $-0.0439278$ & $-0.123344$ & $-0.103507$ & $-0.105706$ & $-0.108907$ & $-0.110579$ & $-0.110296$ & $0.00362294$ & $-0.0604127$ & $-0.108325$ & $0.073496$ & $-0.0313616$ & $-0.0481825$ & $-0.132748$ & $-0.45733$ & $-0.278057$ & $1$ & $-0.468671$ & $-0.0121312$ & $-0.0561364$ & $-0.0060809$ & $-0.0462219$ & $0.00584674$ & $0.0543293$ & $0.0116561$ & $-0.0444635$ & $-0.00894884$ & $-0.0247804$ & $0.0249227$ & $0.0442743$ & $0.026018$ & $-0.00917009$ & $-0.0641776$ & $0.035339$ \\
CdH_33r & $-0.0286045$ & $0.0417376$ & $0.0190363$ & $0.0159501$ & $0.0163193$ & $-0.0348449$ & $-0.624263$ & $0.0438267$ & $0.0638169$ & $-0.257207$ & $-0.108657$ & $-0.304334$ & $0.763169$ & $0.145865$ & $0.0495573$ & $0.0472161$ & $0.126363$ & $0.105465$ & $0.107345$ & $0.107272$ & $0.107885$ & $0.107202$ & $-0.00528009$ & $0.0675523$ & $0.112747$ & $-0.0736286$ & $0.0219068$ & $0.0443304$ & $0.17107$ & $0.848353$ & $0.560401$ & $-0.468671$ & $1$ & $0.00385378$ & $0.0951668$ & $0.0197224$ & $-0.0374624$ & $-0.0236107$ & $-0.120863$ & $-0.0142832$ & $0.0788784$ & $0.017521$ & $-0.00190278$ & $-0.031761$ & $-0.0417604$ & $-0.022326$ & $0.0234212$ & $0.172977$ & $0.156309$ \\
CLL_1221 & $-0.0181267$ & $0.0108318$ & $-0.0166814$ & $0.0216497$ & $0.00836975$ & $-0.0924403$ & $-0.00801537$ & $0.536735$ & $0.531231$ & $-0.300938$ & $-0.332634$ & $-0.0812723$ & $0.0112523$ & $-0.166231$ & $-0.46687$ & $-0.0211569$ & $-0.253247$ & $-0.0671629$ & $-0.368643$ & $0.276881$ & $0.398948$ & $0.399081$ & $0.206518$ & $-0.613182$ & $-0.247977$ & $-0.275966$ & $0.68463$ & $0.172247$ & $-0.00198773$ & $0.00518598$ & $-0.00161358$ & $-0.0121312$ & $0.00385378$ & $1$ & $-0.00417292$ & $0.00342108$ & $0.000308994$ & $-0.00278364$ & $-0.00800439$ & $-0.0139201$ & $0.000865675$ & $0.0065328$ & $0.0137867$ & $0.0130761$ & $-0.00785091$ & $-0.0175709$ & $-0.000384976$ & $0.00895242$ & $0.0151227$ \\
eHggint & $-0.0351915$ & $0.0205207$ & $0.0961329$ & $0.0733503$ & $0.00480781$ & $0.0223623$ & $-0.104296$ & $-0.00634975$ & $-0.00615584$ & $0.00361059$ & $0.0117146$ & $-0.0310553$ & $0.117147$ & $-0.0113181$ & $-0.00413122$ & $-0.0167465$ & $-0.0110967$ & $-0.00989275$ & $-0.00103566$ & $-0.011549$ & $-0.0101665$ & $-0.00950944$ & $0.0223642$ & $-0.00541857$ & $-0.00730695$ & $-0.00172585$ & $-0.000220333$ & $0.00435999$ & $0.00505572$ & $0.0774675$ & $0.0611178$ & $-0.0561364$ & $0.0951668$ & $-0.00417292$ & $1$ & $-0.164891$ & $-0.178264$ & $-0.0320995$ & $-0.0216353$ & $-0.00777745$ & $0.0696942$ & $0.00879258$ & $0.141167$ & $-0.0601537$ & $0.11478$ & $-0.123686$ & $0.0555228$ & $-0.0623212$ & $0.109016$ \\
eHggpar & $0.11404$ & $-0.0765472$ & $0.0234778$ & $0.131718$ & $0.0155073$ & $-0.0047723$ & $-0.016924$ & $-0.00900927$ & $-0.0171315$ & $0.00946832$ & $0.0182645$ & $0.00414044$ & $0.0273372$ & $-0.0224872$ & $-0.0152693$ & $-0.00832692$ & $-0.0146182$ & $-0.00954103$ & $-0.0145278$ & $-0.0204503$ & $-0.0188918$ & $-0.0178282$ & $0.00270047$ & $-0.0139633$ & $-0.0211862$ & $0.010729$ & $-0.00673028$ & $-0.00226736$ & $-0.0091332$ & $-0.00886788$ & $0.00451722$ & $-0.0060809$ & $0.0197224$ & $0.00342108$ & $-0.164891$ & $1$ & $0.107051$ & $-0.016997$ & $-0.122891$ & $-0.00977175$ & $0.147774$ & $0.0140669$ & $-0.0986847$ & $-0.0290712$ & $-0.0785655$ & $0.0776869$ & $0.0112732$ & $0.0729201$ & $0.0629873$ \\
eHWWint & $0.0979328$ & $0.22667$ & $-0.0892357$ & $0.0387305$ & $-0.0109066$ & $-0.00559712$ & $-0.0220096$ & $-0.0176977$ & $-0.021329$ & $0.00286176$ & $0.0129967$ & $0.0155404$ & $-0.00726736$ & $-0.00679419$ & $-0.00457429$ & $-0.00198443$ & $0.00692524$ & $0.00477171$ & $0.00248441$ & $-0.0106755$ & $-0.0109616$ & $-0.00990264$ & $-0.0127918$ & $0.00491002$ & $-0.00256883$ & $0.0136508$ & $-0.00891012$ & $-0.018886$ & $-0.0131725$ & $-0.081376$ & $-0.037268$ & $-0.0462219$ & $-0.0374624$ & $0.000308994$ & $-0.178264$ & $0.107051$ & $1$ & $-0.01935$ & $0.0774223$ & $-0.0351549$ & $-0.0197867$ & $0.0171911$ & $0.0580597$ & $0.0350202$ & $-0.182661$ & $0.0975483$ & $0.0722018$ & $0.0710784$ & $0.209133$ \\
eHWWpar & $-0.0110782$ & $-0.01152$ & $0.0219973$ & $-0.0231067$ & $-0.00632121$ & $0.015283$ & $0.00992104$ & $0.00150671$ & $0.00141615$ & $-0.0133817$ & $-0.00782176$ & $-0.00689645$ & $-0.00962382$ & $0.0114508$ & $0.00689439$ & $0.0111792$ & $0.0139713$ & $0.01002$ & $0.00728371$ & $0.00805236$ & $0.00684873$ & $0.0060899$ & $-0.00639388$ & $0.0113123$ & $0.0093927$ & $-0.0075123$ & $-0.0076824$ & $0.0158509$ & $-0.0121849$ & $-0.0165157$ & $-0.00336365$ & $0.00584674$ & $-0.0236107$ & $-0.00278364$ & $-0.0320995$ & $-0.016997$ & $-0.01935$ & $1$ & $-0.000893695$ & $0.00382238$ & $-0.0220737$ & $0.00944526$ & $-0.0201621$ & $0.0189883$ & $-0.00662282$ & $0.0183039$ & $0.0186678$ & $-0.0155393$ & $-0.0377586$ \\
eHZZint & $0.0259565$ & $-0.0491785$ & $0.066414$ & $-0.198717$ & $-0.020471$ & $4.60007e-05$ & $0.0582737$ & $-0.0095313$ & $-0.0102561$ & $0.0110373$ & $0.0118215$ & $0.0303392$ & $-0.0773796$ & $-0.00727759$ & $-0.00385911$ & $-0.0126981$ & $-0.00402231$ & $-0.00282348$ & $0.00239885$ & $-0.0130478$ & $-0.0124977$ & $-0.0126278$ & $-0.00402089$ & $0.0033553$ & $-0.00305331$ & $0.0115957$ & $-0.00253503$ & $-0.00360509$ & $-0.0126108$ & $-0.079208$ & $-0.048114$ & $0.0543293$ & $-0.120863$ & $-0.00800439$ & $-0.0216353$ & $-0.122891$ & $0.0774223$ & $-0.000893695$ & $1$ & $-0.00491939$ & $0.000455606$ & $0.0187617$ & $0.0390155$ & $0.19855$ & $-0.151193$ & $0.133405$ & $-0.0605158$ & $-0.262431$ & $-0.113779$ \\
eHZZpar & $-0.00762553$ & $0.00339897$ & $0.00384698$ & $0.0400857$ & $0.00102879$ & $0.00788539$ & $0.0136484$ & $-0.0128466$ & $-0.0121893$ & $0.00762623$ & $0.0126987$ & $0.0176988$ & $-0.0150897$ & $-0.0083531$ & $0.00139725$ & $-0.00398468$ & $-0.000410299$ & $-0.00255716$ & $4.01498e-05$ & $-0.0115427$ & $-0.0132506$ & $-0.0152361$ & $-0.00492336$ & $0.0103512$ & $0.00192405$ & $0.0140958$ & $-0.00581081$ & $-0.00578856$ & $-0.0120262$ & $-0.00778733$ & $-0.00753976$ & $0.0116561$ & $-0.0142832$ & $-0.0139201$ & $-0.00777745$ & $-0.00977175$ & $-0.0351549$ & $0.00382238$ & $-0.00491939$ & $1$ & $-0.000111538$ & $0.0140944$ & $-0.0269322$ & $-0.0276754$ & $-0.0107751$ & $0.0264075$ & $-0.0260338$ & $0.00130921$ & $-0.019037$ \\
eHZgaint & $0.0825192$ & $0.00952133$ & $0.202573$ & $0.134805$ & $0.00869108$ & $0.010504$ & $-0.0541294$ & $0.00178167$ & $0.00907353$ & $-0.0543458$ & $-0.00279131$ & $-0.0287572$ & $0.0661287$ & $0.0107384$ & $-0.00331158$ & $0.00148011$ & $-0.00248623$ & $0.00537046$ & $0.00261655$ & $0.0030882$ & $0.00373119$ & $0.00554693$ & $-0.000898507$ & $0.000243839$ & $-0.0178796$ & $-0.00847598$ & $-0.0235388$ & $0.0137622$ & $-0.000571867$ & $0.0356546$ & $0.0782487$ & $-0.0444635$ & $0.0788784$ & $0.000865675$ & $0.0696942$ & $0.147774$ & $-0.0197867$ & $-0.0220737$ & $0.000455606$ & $-0.000111538$ & $1$ & $-0.0122546$ & $0.194642$ & $-0.0359169$ & $-0.254008$ & $0.15584$ & $0.173609$ & $0.109083$ & $0.101553$ \\
eHZgapar & $-0.0300464$ & $-0.01447$ & $0.0173279$ & $0.0181651$ & $0.00445547$ & $0.00460189$ & $-0.0120082$ & $0.00156376$ & $0.000483195$ & $-0.0171054$ & $0.00264159$ & $-0.0346544$ & $0.0205376$ & $-0.00885622$ & $-0.00430925$ & $0.00184226$ & $-0.0054407$ & $-0.00443741$ & $-0.0102601$ & $-0.00242294$ & $-0.00237322$ & $-0.00528125$ & $0.00683534$ & $-0.00480669$ & $-0.00636213$ & $-0.00590922$ & $-0.00127854$ & $-0.00593368$ & $0.00689355$ & $0.00531428$ & $0.0103469$ & $-0.00894884$ & $0.017521$ & $0.0065328$ & $0.00879258$ & $0.0140669$ & $0.0171911$ & $0.00944526$ & $0.0187617$ & $0.0140944$ & $-0.0122546$ & $1$ & $-0.00899812$ & $0.0107778$ & $-0.0316119$ & $-0.0656825$ & $-0.00972135$ & $0.0487714$ & $-0.00301561$ \\
eHgagaint & $-0.0688155$ & $-0.0121018$ & $-0.0788754$ & $-0.00875858$ & $-0.00739672$ & $0.00535459$ & $-0.0273642$ & $0.0184102$ & $0.058054$ & $-0.0316861$ & $-0.0142582$ & $-0.0568894$ & $0.0339786$ & $-0.00149724$ & $0.00526165$ & $-0.00936659$ & $-0.00287853$ & $-0.0109065$ & $-0.000922251$ & $0.0120658$ & $0.0163627$ & $0.0160798$ & $0.00870028$ & $-0.0114231$ & $-0.00833879$ & $-0.0160788$ & $0.00934389$ & $0.00689882$ & $-0.00292006$ & $0.00393166$ & $-0.0297818$ & $-0.0247804$ & $-0.00190278$ & $0.0137867$ & $0.141167$ & $-0.0986847$ & $0.0580597$ & $-0.0201621$ & $0.0390155$ & $-0.0269322$ & $0.194642$ & $-0.00899812$ & $1$ & $0.0583283$ & $-0.280593$ & $-0.1323$ & $-0.13244$ & $0.126886$ & $-0.0983918$ \\
eHmumuint & $-0.00213103$ & $-0.0501307$ & $-0.00827306$ & $-0.118224$ & $-0.0035256$ & $-0.0019044$ & $0.0262323$ & $0.0156639$ & $0.0187924$ & $-0.00941777$ & $-0.00879471$ & $0.0370109$ & $-0.027589$ & $-5.32006e-05$ & $-0.00348994$ & $-0.00508667$ & $-0.0146295$ & $-0.00914165$ & $-0.00994593$ & $0.00678083$ & $0.00972046$ & $0.0067014$ & $-0.00374382$ & $-0.0217437$ & $-0.0113492$ & $-0.00481047$ & $0.00756758$ & $0.0165644$ & $0.00179737$ & $-0.0260446$ & $-0.0268162$ & $0.0249227$ & $-0.031761$ & $0.0130761$ & $-0.0601537$ & $-0.0290712$ & $0.0350202$ & $0.0189883$ & $0.19855$ & $-0.0276754$ & $-0.0359169$ & $0.0107778$ & $0.0583283$ & $1$ & $-0.172309$ & $-0.0699223$ & $-0.0746228$ & $-0.204014$ & $0.00506712$ \\
eHtautauint & $0.00498152$ & $-0.0610438$ & $-0.0383845$ & $-0.029668$ & $0.0124685$ & $0.00858421$ & $0.0473317$ & $0.00861947$ & $-0.000980526$ & $0.00941522$ & $-0.00559266$ & $0.043649$ & $-0.0554002$ & $-0.00417277$ & $0.0151775$ & $0.00793912$ & $-0.00501506$ & $-0.013527$ & $-0.00750416$ & $0.00611698$ & $0.00364101$ & $0.00473074$ & $-0.00358304$ & $-0.00431168$ & $-0.00348416$ & $0.00154626$ & $0.00550445$ & $-0.00165692$ & $-0.00856122$ & $0.0040803$ & $-0.0359875$ & $0.0442743$ & $-0.0417604$ & $-0.00785091$ & $0.11478$ & $-0.0785655$ & $-0.182661$ & $-0.00662282$ & $-0.151193$ & $-0.0107751$ & $-0.254008$ & $-0.0316119$ & $-0.280593$ & $-0.172309$ & $1$ & $-0.0504509$ & $-0.0297353$ & $-0.143149$ & $-0.00262683$ \\
eHccint & $0.161349$ & $-0.0296831$ & $-0.113609$ & $-0.184688$ & $-0.00506087$ & $-0.000951769$ & $0.0384986$ & $-0.021797$ & $-0.0276398$ & $0.0108124$ & $0.0141107$ & $0.0358638$ & $-0.0601412$ & $0.00509021$ & $-0.00630884$ & $-0.00552091$ & $0.0100299$ & $0.0155674$ & $0.0156181$ & $-0.0154054$ & $-0.0165367$ & $-0.016264$ & $-0.0132548$ & $0.0151144$ & $0.00990559$ & $0.0151051$ & $-0.00775451$ & $-0.0103804$ & $-0.0152266$ & $-0.0505068$ & $0.00979297$ & $0.026018$ & $-0.022326$ & $-0.0175709$ & $-0.123686$ & $0.0776869$ & $0.0975483$ & $0.0183039$ & $0.133405$ & $0.0264075$ & $0.15584$ & $-0.0656825$ & $-0.1323$ & $-0.0699223$ & $-0.0504509$ & $1$ & $-0.0110229$ & $0.0598978$ & $0.145659$ \\
eHccpar & $-0.00828431$ & $0.299079$ & $0.130273$ & $0.124432$ & $0.0101588$ & $-0.000431557$ & $-0.00988829$ & $-0.0229652$ & $-0.029995$ & $-0.00246542$ & $0.0180199$ & $0.0259423$ & $0.000991147$ & $-0.00517227$ & $-0.00958519$ & $0.00287553$ & $0.00372087$ & $0.0096769$ & $0.00180689$ & $-0.0115372$ & $-0.0140037$ & $-0.0112648$ & $-0.02146$ & $0.0154569$ & $0.00246536$ & $0.0229398$ & $-0.0134323$ & $-0.0158149$ & $-0.00115966$ & $-0.00386138$ & $0.212584$ & $-0.00917009$ & $0.0234212$ & $-0.000384976$ & $0.0555228$ & $0.0112732$ & $0.0722018$ & $0.0186678$ & $-0.0605158$ & $-0.0260338$ & $0.173609$ & $-0.00972135$ & $-0.13244$ & $-0.0746228$ & $-0.0297353$ & $-0.0110229$ & $1$ & $0.0535023$ & $0.092801$ \\
eHbbint & $-0.0515592$ & $0.0873059$ & $0.0390998$ & $-0.0346508$ & $0.0244754$ & $-0.0111663$ & $-0.0674396$ & $-0.0178409$ & $-0.0126969$ & $-0.0120501$ & $0.0114146$ & $-0.0529082$ & $0.0706177$ & $0.000394567$ & $-0.0205753$ & $-0.0102218$ & $0.0166694$ & $0.0228028$ & $0.016337$ & $-0.0104707$ & $-0.00870648$ & $-0.00728569$ & $-0.00583466$ & $0.0148283$ & $0.0224396$ & $0.0147456$ & $0.00735471$ & $-0.0169616$ & $-0.00173699$ & $0.0482909$ & $0.0452338$ & $-0.0641776$ & $0.172977$ & $0.00895242$ & $-0.0623212$ & $0.0729201$ & $0.0710784$ & $-0.0155393$ & $-0.262431$ & $0.00130921$ & $0.109083$ & $0.0487714$ & $0.126886$ & $-0.204014$ & $-0.143149$ & $0.0598978$ & $0.0535023$ & $1$ & $0.142087$ \\
eHbbpar & $-0.13014$ & $0.177803$ & $-0.125604$ & $0.101993$ & $0.0144351$ & $0.00350228$ & $0.0338919$ & $-0.0112682$ & $-0.0177125$ & $0.0304133$ & $0.0215219$ & $0.0698419$ & $-0.0549881$ & $-0.0257288$ & $-0.020682$ & $-0.0136169$ & $-0.0218005$ & $-0.012482$ & $-0.0185377$ & $-0.0193848$ & $-0.0179668$ & $-0.0181524$ & $0.00188607$ & $-0.00952434$ & $-0.00907089$ & $0.014336$ & $0.00792412$ & $-0.0148495$ & $-0.019453$ & $-0.0579203$ & $-0.0172137$ & $0.035339$ & $0.156309$ & $0.0151227$ & $0.109016$ & $0.0629873$ & $0.209133$ & $-0.0377586$ & $-0.113779$ & $-0.019037$ & $0.101553$ & $-0.00301561$ & $-0.0983918$ & $0.00506712$ & $-0.00262683$ & $0.145659$ & $0.092801$ & $0.142087$ & $1$ \\
