 & AlsMz & dAle5Mz & mtop & mHl & Mz & CW & CHG & CHWB & CHWHB_gaga & CHWHB_gagaorth & CHD & CHbox & CH & CHL1_11 & CHL1_22 & CHL1_33 & CHL3_11 & CHL3_22 & CHL3_33 & CHe_11 & CHe_22 & CHe_33 & CHQ1_11 & CHQ1_33 & CHQ3_11 & CHu_11 & CHd_11 & CHd_33 & CeH_22r & CeH_33r & CuH_22r & CuH_33r & CdH_33r & CLL_1221 & eHggint & eHggpar & eHWWint & eHWWpar & eHZZint & eHZZpar & eHZgaint & eHZgapar & eHgagaint & eHmumuint & eHtautauint & eHccint & eHccpar & eHbbint & eHbbpar \\
AlsMz & $1$ & $0.0306359$ & $-0.309695$ & $0.116483$ & $-0.0443667$ & $0.00275979$ & $0.299575$ & $-0.157991$ & $-0.150576$ & $0.0686621$ & $0.137624$ & $-0.35083$ & $-0.543747$ & $0.0204821$ & $0.151624$ & $0.150919$ & $0.0768219$ & $-0.0310187$ & $-0.00353199$ & $-0.115527$ & $-0.144097$ & $-0.134489$ & $-0.123072$ & $0.128701$ & $0.0132434$ & $0.0840158$ & $-0.190245$ & $-0.0685898$ & $-0.0178401$ & $-0.0403035$ & $-0.0104406$ & $0.322636$ & $-0.049093$ & $-0.200523$ & $0.349072$ & $-0.317874$ & $0.373058$ & $-0.416785$ & $-0.0801887$ & $-0.361319$ & $-0.146198$ & $-0.0233766$ & $0.0748323$ & $0.0297753$ & $-0.353766$ & $0.318777$ & $-0.392473$ & $-0.576941$ & $0.0404$ \\
dAle5Mz & $0.0306359$ & $1$ & $0.17438$ & $-0.184807$ & $0.330635$ & $0.00983594$ & $-0.0311719$ & $-0.0686471$ & $-0.0669974$ & $0.0489642$ & $0.0621854$ & $-0.0889306$ & $-0.147136$ & $0.043118$ & $0.000264873$ & $0.0245907$ & $0.060283$ & $0.0520359$ & $0.0512018$ & $-0.0394421$ & $-0.0320138$ & $-0.0274542$ & $-0.0618302$ & $0.0620968$ & $0.0411593$ & $0.0425539$ & $-0.0419259$ & $0.00837171$ & $-0.0127869$ & $-0.0116189$ & $-0.0103019$ & $-0.0441822$ & $-0.0250485$ & $-0.0219913$ & $-0.243883$ & $0.412362$ & $0.229904$ & $-0.0677264$ & $-0.0264532$ & $-0.322871$ & $0.047324$ & $-0.121783$ & $0.356116$ & $-0.330397$ & $0.279175$ & $-0.204048$ & $0.139725$ & $0.215709$ & $-0.119648$ \\
mtop & $-0.309695$ & $0.17438$ & $1$ & $0.0779394$ & $0.154348$ & $-0.00676465$ & $-0.14288$ & $0.0195336$ & $0.0161834$ & $0.0709599$ & $-0.0500148$ & $0.134692$ & $0.116145$ & $0.0680579$ & $0.0288557$ & $0.0755504$ & $0.0506014$ & $0.0316678$ & $-0.00538977$ & $0.0592138$ & $0.0152162$ & $0.0265618$ & $0.044204$ & $0.0198262$ & $0.0126661$ & $-0.0258854$ & $-0.0199614$ & $0.0577475$ & $0.00207879$ & $0.0103495$ & $-0.0280002$ & $-0.14697$ & $-0.0014409$ & $0.00567105$ & $-0.117101$ & $-0.0707979$ & $0.0491902$ & $0.0689299$ & $0.254781$ & $0.0728963$ & $0.374092$ & $0.0524973$ & $-0.0250443$ & $-0.124828$ & $0.43051$ & $0.0354543$ & $0.0701568$ & $0.412511$ & $-0.262302$ \\
mHl & $0.116483$ & $-0.184807$ & $0.0779394$ & $1$ & $-0.0334687$ & $-0.0195902$ & $0.172876$ & $0.0318213$ & $0.0333094$ & $-0.0398032$ & $-0.0270881$ & $0.189702$ & $0.188523$ & $-0.0401627$ & $0.00997404$ & $-0.018194$ & $-0.0485945$ & $-0.0590999$ & $-0.022764$ & $0.0390636$ & $0.0332705$ & $0.0118663$ & $0.0482201$ & $-0.0348159$ & $-0.0227031$ & $-0.0101503$ & $0.0552318$ & $0.066973$ & $0.00428554$ & $0.0587009$ & $0.0254577$ & $0.231138$ & $0.0714332$ & $-0.0210101$ & $0.784796$ & $-0.587984$ & $0.150705$ & $-0.243612$ & $0.493443$ & $-0.402174$ & $0.0824073$ & $0.671389$ & $-0.521574$ & $0.347891$ & $-0.381731$ & $0.489438$ & $-0.306426$ & $-0.175191$ & $0.0217012$ \\
Mz & $-0.0443667$ & $0.330635$ & $0.154348$ & $-0.0334687$ & $1$ & $-0.0115296$ & $-0.10246$ & $0.0731711$ & $0.0667858$ & $-0.0429966$ & $-0.0222441$ & $-0.171481$ & $-0.191315$ & $-0.00533495$ & $-0.0400499$ & $-0.0551547$ & $-0.0460908$ & $-0.000807987$ & $0.00115482$ & $0.0607872$ & $0.046503$ & $0.0638928$ & $-2.57273e-05$ & $-0.0493072$ & $-0.0434942$ & $-0.0220869$ & $0.0454501$ & $0.0240958$ & $-0.0162387$ & $-0.0662671$ & $-0.0348047$ & $-0.14333$ & $-0.0614185$ & $0.0864012$ & $0.0690885$ & $-0.0989666$ & $0.109453$ & $-0.245271$ & $-0.0309329$ & $-0.268084$ & $0.0931372$ & $-0.307835$ & $0.077833$ & $-0.0766425$ & $-0.0734287$ & $-0.0692579$ & $0.145214$ & $0.093218$ & $0.168095$ \\
CW & $0.00275979$ & $0.00983594$ & $-0.00676465$ & $-0.0195902$ & $-0.0115296$ & $1$ & $-0.0217461$ & $-0.0964406$ & $-0.0938877$ & $0.0259226$ & $0.10218$ & $-0.00220102$ & $0.002142$ & $0.201408$ & $0.0471526$ & $0.0301817$ & $-0.136596$ & $-0.00226638$ & $0.0106003$ & $-0.10518$ & $-0.102496$ & $-0.0992808$ & $-0.0092703$ & $0.0740117$ & $-0.0131088$ & $0.0266066$ & $-0.101284$ & $-0.0244174$ & $0.00357526$ & $0.0014489$ & $-0.00463493$ & $-0.0343847$ & $-0.00921698$ & $-0.152618$ & $-0.00665918$ & $-0.00691767$ & $-0.0125787$ & $-0.0247275$ & $-0.0213587$ & $0.0218597$ & $-2.86286e-05$ & $-0.0285991$ & $0.0162267$ & $0.0182224$ & $0.002424$ & $-0.0159082$ & $-0.00640425$ & $-0.0287994$ & $0.00421365$ \\
CHG & $0.299575$ & $-0.0311719$ & $-0.14288$ & $0.172876$ & $-0.10246$ & $-0.0217461$ & $1$ & $0.0526092$ & $0.080307$ & $-0.0317635$ & $-0.0574626$ & $-0.178731$ & $-0.21845$ & $-0.0259339$ & $0.0323917$ & $-0.00623417$ & $-0.0398589$ & $-0.0474186$ & $-0.0176796$ & $0.0589259$ & $0.0455573$ & $0.042432$ & $0.0265853$ & $-0.0226493$ & $-0.0149992$ & $0.00231498$ & $0.0603232$ & $0.0339772$ & $0.0217242$ & $-0.162786$ & $-0.0977457$ & $0.853739$ & $-0.219338$ & $0.00742696$ & $0.224914$ & $-0.290352$ & $0.241049$ & $-0.0465407$ & $0.0416421$ & $-0.13312$ & $0.151604$ & $0.106871$ & $0.0336565$ & $0.0556713$ & $-0.0605763$ & $0.124646$ & $-0.209031$ & $-0.169779$ & $-0.0449027$ \\
CHWB & $-0.157991$ & $-0.0686471$ & $0.0195336$ & $0.0318213$ & $0.0731711$ & $-0.0964406$ & $0.0526092$ & $1$ & $0.993591$ & $-0.444272$ & $-0.897293$ & $-0.0344078$ & $0.102021$ & $-0.202261$ & $-0.0451168$ & $-0.049402$ & $-0.572886$ & $-0.431015$ & $-0.431424$ & $0.868994$ & $0.637086$ & $0.630301$ & $0.0912462$ & $-0.636341$ & $-0.505629$ & $-0.235$ & $0.399266$ & $0.137706$ & $0.00298036$ & $0.0198984$ & $0.0229442$ & $0.0581448$ & $0.0116782$ & $0.680426$ & $0.00210093$ & $0.0410131$ & $-0.0657503$ & $0.058789$ & $-0.0143838$ & $0.00810318$ & $0.0388081$ & $0.00904311$ & $0.000759734$ & $-0.0314045$ & $0.0214954$ & $-0.0266802$ & $0.0864076$ & $0.143104$ & $0.0531455$ \\
CHWHB_gaga & $-0.150576$ & $-0.0669974$ & $0.0161834$ & $0.0333094$ & $0.0667858$ & $-0.0938877$ & $0.080307$ & $0.993591$ & $1$ & $-0.445309$ & $-0.890859$ & $-0.0230207$ & $0.0983779$ & $-0.207229$ & $-0.0475136$ & $-0.0498017$ & $-0.573487$ & $-0.42893$ & $-0.429651$ & $0.866695$ & $0.634425$ & $0.627849$ & $0.0908873$ & $-0.634418$ & $-0.502516$ & $-0.232369$ & $0.401088$ & $0.137737$ & $0.00874937$ & $0.0382757$ & $0.0337149$ & $0.07866$ & $0.0334498$ & $0.675791$ & $0.00297369$ & $0.0375949$ & $-0.0591739$ & $0.0583245$ & $-0.0158504$ & $0.00411058$ & $0.0425896$ & $0.0139008$ & $0.0058689$ & $-0.0317513$ & $0.0222451$ & $-0.0257469$ & $0.0810259$ & $0.140951$ & $0.0494914$ \\
CHWHB_gagaorth & $0.0686621$ & $0.0489642$ & $0.0709599$ & $-0.0398032$ & $-0.0429966$ & $0.0259226$ & $-0.0317635$ & $-0.444272$ & $-0.445309$ & $1$ & $0.111307$ & $0.184914$ & $-0.084689$ & $0.704433$ & $0.0834813$ & $0.11572$ & $0.768465$ & $0.538286$ & $0.523604$ & $-0.195732$ & $-0.106641$ & $-0.114278$ & $-0.0761097$ & $0.513538$ & $0.603127$ & $0.105504$ & $-0.213531$ & $-0.0353233$ & $-0.00715041$ & $-0.0709118$ & $-0.049201$ & $-0.0119043$ & $-0.0674565$ & $-0.316375$ & $-0.0184232$ & $-0.0674209$ & $0.0523458$ & $0.0968294$ & $-0.0336347$ & $0.0061347$ & $0.0572581$ & $-0.0757021$ & $-0.000424152$ & $-0.0469448$ & $0.0781538$ & $-0.0499432$ & $0.00427338$ & $-0.0159327$ & $-0.0302684$ \\
CHD & $0.137624$ & $0.0621854$ & $-0.0500148$ & $-0.0270881$ & $-0.0222441$ & $0.10218$ & $-0.0574626$ & $-0.897293$ & $-0.890859$ & $0.111307$ & $1$ & $0.00253317$ & $-0.0770968$ & $-0.142549$ & $-0.00912154$ & $-0.0216516$ & $0.240873$ & $0.210312$ & $0.218728$ & $-0.900433$ & $-0.676615$ & $-0.664718$ & $-0.0643595$ & $0.442889$ & $0.257725$ & $0.222465$ & $-0.327596$ & $-0.143891$ & $-0.00011692$ & $-0.00428919$ & $-0.0145328$ & $-0.067581$ & $-0.0041799$ & $-0.560071$ & $-0.00352884$ & $-0.00729812$ & $0.0405557$ & $-0.100568$ & $0.0272447$ & $-0.0254951$ & $-0.0577433$ & $0.00260605$ & $0.00366495$ & $0.0367334$ & $-0.0607483$ & $0.0353088$ & $-0.074918$ & $-0.13836$ & $-0.0405875$ \\
CHbox & $-0.35083$ & $-0.0889306$ & $0.134692$ & $0.189702$ & $-0.171481$ & $-0.00220102$ & $-0.178731$ & $-0.0344078$ & $-0.0230207$ & $0.184914$ & $0.00253317$ & $1$ & $0.71313$ & $-0.0592732$ & $-0.0275185$ & $0.0041721$ & $-0.0328956$ & $0.0159909$ & $-0.000122402$ & $0.116687$ & $0.0281409$ & $-0.000193966$ & $-0.0599967$ & $-0.00947254$ & $0.00396882$ & $0.037124$ & $-0.00327221$ & $0.0403345$ & $0.0485045$ & $0.285533$ & $0.0993007$ & $-0.0358616$ & $0.291505$ & $-0.0808791$ & $-0.0599413$ & $0.0774405$ & $-0.259508$ & $0.218867$ & $0.104981$ & $0.102215$ & $-0.0339321$ & $0.368038$ & $-0.197707$ & $-0.0146514$ & $0.101785$ & $0.00758663$ & $0.0428377$ & $0.137797$ & $-0.135419$ \\
CH & $-0.543747$ & $-0.147136$ & $0.116145$ & $0.188523$ & $-0.191315$ & $0.002142$ & $-0.21845$ & $0.102021$ & $0.0983779$ & $-0.084689$ & $-0.0770968$ & $0.71313$ & $1$ & $-0.0516528$ & $-0.0452286$ & $-0.0461893$ & $-0.0894784$ & $-0.0496094$ & $-0.0596552$ & $0.0635213$ & $0.0537597$ & $0.030933$ & $-0.0608075$ & $-0.0812748$ & $-0.105854$ & $-0.00413125$ & $-0.00699353$ & $0.0849789$ & $0.0309416$ & $0.150079$ & $0.0756189$ & $-0.181317$ & $0.154695$ & $0.0858923$ & $-0.087995$ & $0.162453$ & $-0.451395$ & $0.200352$ & $0.179393$ & $0.244808$ & $-0.148305$ & $0.413182$ & $-0.31948$ & $0.00963577$ & $0.078157$ & $0.0341909$ & $0.125878$ & $0.182839$ & $-0.11839$ \\
CHL1_11 & $0.0204821$ & $0.043118$ & $0.0680579$ & $-0.0401627$ & $-0.00533495$ & $0.201408$ & $-0.0259339$ & $-0.202261$ & $-0.207229$ & $0.704433$ & $-0.142549$ & $-0.0592732$ & $-0.0516528$ & $1$ & $0.115729$ & $0.149386$ & $0.590903$ & $0.472848$ & $0.443372$ & $-0.0448629$ & $0.042851$ & $0.0361435$ & $-0.0608944$ & $0.428346$ & $0.494362$ & $0.0346393$ & $-0.198963$ & $-0.0111198$ & $-0.0117134$ & $-0.0419819$ & $-0.0257082$ & $-0.040311$ & $-0.0266171$ & $-0.205793$ & $-0.0135168$ & $-0.0568202$ & $0.0220152$ & $0.0441737$ & $-0.0289501$ & $0.0465003$ & $0.0175203$ & $-0.0777542$ & $-0.0186021$ & $-0.0309877$ & $0.0542597$ & $-0.0177894$ & $0.0352799$ & $-0.00769844$ & $-0.0168972$ \\
CHL1_22 & $0.151624$ & $0.000264873$ & $0.0288557$ & $0.00997404$ & $-0.0400499$ & $0.0471526$ & $0.0323917$ & $-0.0451168$ & $-0.0475136$ & $0.0834813$ & $-0.00912154$ & $-0.0275185$ & $-0.0452286$ & $0.115729$ & $1$ & $0.361512$ & $0.0639475$ & $-0.519628$ & $-0.170283$ & $0.0131014$ & $-0.184002$ & $-0.150704$ & $-0.112791$ & $0.246174$ & $-0.219567$ & $0.0585948$ & $-0.512364$ & $-0.0685063$ & $-0.0111302$ & $-0.0319943$ & $-0.0198018$ & $0.0387078$ & $-0.0351342$ & $-0.561213$ & $0.0446659$ & $-0.0506165$ & $0.0013999$ & $-0.00926233$ & $0.0123561$ & $-4.66632e-05$ & $0.0018769$ & $0.0468798$ & $-0.0257185$ & $-0.0471058$ & $-0.0620767$ & $0.157875$ & $-0.0165976$ & $-0.147085$ & $-0.0910761$ \\
CHL1_33 & $0.150919$ & $0.0245907$ & $0.0755504$ & $-0.018194$ & $-0.0551547$ & $0.0301817$ & $-0.00623417$ & $-0.049402$ & $-0.0498017$ & $0.11572$ & $-0.0216516$ & $0.0041721$ & $-0.0461893$ & $0.149386$ & $0.361512$ & $1$ & $0.0838864$ & $-0.137544$ & $-0.489547$ & $0.0271104$ & $-0.122065$ & $-0.184427$ & $-0.106337$ & $0.259953$ & $-0.188869$ & $0.024902$ & $-0.493899$ & $-0.0521697$ & $-0.010723$ & $0.00344369$ & $-0.0149709$ & $0.00211675$ & $-0.0185373$ & $-0.262202$ & $0.00547479$ & $-0.0186152$ & $0.0603165$ & $-0.0486639$ & $-0.0590936$ & $-0.0383854$ & $0.024726$ & $0.0546411$ & $0.0575978$ & $-0.0919015$ & $-0.0053058$ & $0.166723$ & $0.0034252$ & $-0.156064$ & $-0.194532$ \\
CHL3_11 & $0.0768219$ & $0.060283$ & $0.0506014$ & $-0.0485945$ & $-0.0460908$ & $-0.136596$ & $-0.0398589$ & $-0.572886$ & $-0.573487$ & $0.768465$ & $0.240873$ & $-0.0328956$ & $-0.0894784$ & $0.590903$ & $0.0639475$ & $0.0838864$ & $1$ & $0.604564$ & $0.59933$ & $-0.385704$ & $-0.203366$ & $-0.2083$ & $-0.0853407$ & $0.590759$ & $0.69073$ & $0.118063$ & $-0.248702$ & $-0.0497147$ & $-0.0111212$ & $-0.0390552$ & $-0.0370905$ & $-0.0565284$ & $-0.0177944$ & $-0.3079$ & $-0.0191593$ & $-0.0540133$ & $0.0576504$ & $0.0221531$ & $-0.00628271$ & $0.0162788$ & $0.0100011$ & $-0.0648483$ & $-0.00876274$ & $-0.00930935$ & $0.059754$ & $-0.0333024$ & $-0.0195587$ & $-0.0327825$ & $-0.0159599$ \\
CHL3_22 & $-0.0310187$ & $0.0520359$ & $0.0316678$ & $-0.0590999$ & $-0.000807987$ & $-0.00226638$ & $-0.0474186$ & $-0.431015$ & $-0.42893$ & $0.538286$ & $0.210312$ & $0.0159909$ & $-0.0496094$ & $0.472848$ & $-0.519628$ & $-0.137544$ & $0.604564$ & $1$ & $0.593164$ & $-0.289381$ & $-0.110822$ & $-0.102267$ & $0.00487378$ & $0.349561$ & $0.740092$ & $0.0685849$ & $0.129947$ & $-0.0132217$ & $-0.00415372$ & $-0.0212341$ & $-0.0152131$ & $-0.0613625$ & $-0.00386314$ & $0.220884$ & $-0.0458434$ & $-0.0190055$ & $0.0717196$ & $0.0363834$ & $-0.0135144$ & $0.0206114$ & $0.0217772$ & $-0.104962$ & $0.0361547$ & $0.00776302$ & $0.0927698$ & $-0.135834$ & $0.00605995$ & $0.0690648$ & $0.0552254$ \\
CHL3_33 & $-0.00353199$ & $0.0512018$ & $-0.00538977$ & $-0.022764$ & $0.00115482$ & $0.0106003$ & $-0.0176796$ & $-0.431424$ & $-0.429651$ & $0.523604$ & $0.218728$ & $-0.000122402$ & $-0.0596552$ & $0.443372$ & $-0.170283$ & $-0.489547$ & $0.59933$ & $0.593164$ & $1$ & $-0.295806$ & $-0.116787$ & $-0.134562$ & $0.0118221$ & $0.334012$ & $0.726741$ & $0.0885849$ & $0.127205$ & $-0.0140636$ & $-0.00140181$ & $-0.0333079$ & $-0.0196141$ & $-0.0291444$ & $-0.00848831$ & $-0.112786$ & $-0.00495358$ & $-0.0484804$ & $0.029673$ & $0.0479885$ & $0.0364475$ & $0.0345536$ & $-0.0124342$ & $-0.0947757$ & $-0.0246816$ & $0.0439976$ & $0.0455965$ & $-0.127944$ & $-0.0399299$ & $0.0529471$ & $0.116332$ \\
CHe_11 & $-0.115527$ & $-0.0394421$ & $0.0592138$ & $0.0390636$ & $0.0607872$ & $-0.10518$ & $0.0589259$ & $0.868994$ & $0.866695$ & $-0.195732$ & $-0.900433$ & $0.116687$ & $0.0635213$ & $-0.0448629$ & $0.0131014$ & $0.0271104$ & $-0.385704$ & $-0.289381$ & $-0.295806$ & $1$ & $0.654984$ & $0.649506$ & $0.0740599$ & $-0.497017$ & $-0.335687$ & $-0.215934$ & $0.34744$ & $0.142329$ & $0.00791073$ & $0.00252691$ & $0.0169949$ & $0.087653$ & $-0.00649841$ & $0.492511$ & $0.0132892$ & $0.00412299$ & $-0.0129062$ & $0.0930878$ & $-0.0324771$ & $-0.0176339$ & $0.0708131$ & $0.00664325$ & $0.028503$ & $-0.0378373$ & $0.0583944$ & $-0.0395133$ & $0.0548364$ & $0.135496$ & $0.0412306$ \\
CHe_22 & $-0.144097$ & $-0.0320138$ & $0.0152162$ & $0.0332705$ & $0.046503$ & $-0.102496$ & $0.0455573$ & $0.637086$ & $0.634425$ & $-0.106641$ & $-0.676615$ & $0.0281409$ & $0.0537597$ & $0.042851$ & $-0.184002$ & $-0.122065$ & $-0.203366$ & $-0.110822$ & $-0.116787$ & $0.654984$ & $1$ & $0.548429$ & $0.06338$ & $-0.429454$ & $-0.157078$ & $-0.160017$ & $0.421544$ & $0.135878$ & $0.00499431$ & $0.00770533$ & $0.00223433$ & $0.0570605$ & $0.0150379$ & $0.452087$ & $-0.000652276$ & $0.00447622$ & $-0.0543274$ & $0.102172$ & $-0.0114289$ & $0.00799314$ & $0.014891$ & $-0.0256933$ & $-0.00242867$ & $0.0177024$ & $0.0424931$ & $-0.10517$ & $0.0539689$ & $0.162823$ & $0.09737$ \\
CHe_33 & $-0.134489$ & $-0.0274542$ & $0.0265618$ & $0.0118663$ & $0.0638928$ & $-0.0992808$ & $0.042432$ & $0.630301$ & $0.627849$ & $-0.114278$ & $-0.664718$ & $-0.000193966$ & $0.030933$ & $0.0361435$ & $-0.150704$ & $-0.184427$ & $-0.2083$ & $-0.102267$ & $-0.134562$ & $0.649506$ & $0.548429$ & $1$ & $0.0931157$ & $-0.431874$ & $-0.16794$ & $-0.178331$ & $0.403849$ & $0.129505$ & $0.00149816$ & $0.000135821$ & $0.0148682$ & $0.0534655$ & $0.00151861$ & $0.456907$ & $0.0070423$ & $0.0291539$ & $-0.0187752$ & $0.0508592$ & $-0.0230043$ & $-0.00886843$ & $0.0319874$ & $-0.0188089$ & $0.0268285$ & $-0.0130733$ & $0.0514677$ & $-0.0733337$ & $0.042901$ & $0.145723$ & $0.0637241$ \\
CHQ1_11 & $-0.123072$ & $-0.0618302$ & $0.044204$ & $0.0482201$ & $-2.57273e-05$ & $-0.0092703$ & $0.0265853$ & $0.0912462$ & $0.0908873$ & $-0.0761097$ & $-0.0643595$ & $-0.0599967$ & $-0.0608075$ & $-0.0608944$ & $-0.112791$ & $-0.106337$ & $-0.0853407$ & $0.00487378$ & $0.0118221$ & $0.0740599$ & $0.06338$ & $0.0931157$ & $1$ & $-0.124471$ & $0.02245$ & $-0.59533$ & $0.263113$ & $0.00137035$ & $-0.0104144$ & $-0.0214316$ & $-0.0116896$ & $0.0119226$ & $-0.0281189$ & $0.117146$ & $0.0322833$ & $-0.0477294$ & $0.0191228$ & $-0.0333232$ & $-0.00849176$ & $0.0323089$ & $0.0493316$ & $0.00860278$ & $-0.044772$ & $0.0827727$ & $-0.00164075$ & $-0.01527$ & $-0.0138384$ & $0.0825956$ & $0.0160238$ \\
CHQ1_33 & $0.128701$ & $0.0620968$ & $0.0198262$ & $-0.0348159$ & $-0.0493072$ & $0.0740117$ & $-0.0226493$ & $-0.636341$ & $-0.634418$ & $0.513538$ & $0.442889$ & $-0.00947254$ & $-0.0812748$ & $0.428346$ & $0.246174$ & $0.259953$ & $0.590759$ & $0.349561$ & $0.334012$ & $-0.497017$ & $-0.429454$ & $-0.431874$ & $-0.124471$ & $1$ & $0.424878$ & $0.165355$ & $-0.389558$ & $0.0109519$ & $-0.00793562$ & $-0.0420041$ & $-0.0319858$ & $-0.0327131$ & $-0.0260234$ & $-0.507989$ & $0.0149321$ & $-0.0473084$ & $0.0549346$ & $-0.012337$ & $-0.00328484$ & $0.00933241$ & $-0.0232715$ & $-0.0146518$ & $0.00820465$ & $-0.0167768$ & $0.0111387$ & $0.043435$ & $-0.0516878$ & $-0.126014$ & $-0.0660453$ \\
CHQ3_11 & $0.0132434$ & $0.0411593$ & $0.0126661$ & $-0.0227031$ & $-0.0434942$ & $-0.0131088$ & $-0.0149992$ & $-0.505629$ & $-0.502516$ & $0.603127$ & $0.257725$ & $0.00396882$ & $-0.105854$ & $0.494362$ & $-0.219567$ & $-0.188869$ & $0.69073$ & $0.740092$ & $0.726741$ & $-0.335687$ & $-0.157078$ & $-0.16794$ & $0.02245$ & $0.424878$ & $1$ & $0.10573$ & $0.233709$ & $-0.0256113$ & $-0.00438784$ & $-0.03019$ & $-0.027143$ & $-0.0217048$ & $0.00118729$ & $-0.0925401$ & $-0.00777181$ & $-0.0773367$ & $0.0761846$ & $0.0405508$ & $0.00179179$ & $0.0138219$ & $0.0339904$ & $-0.0908185$ & $0.0282898$ & $0.0416504$ & $0.0940158$ & $-0.134261$ & $-0.0798785$ & $0.02499$ & $0.0812691$ \\
CHu_11 & $0.0840158$ & $0.0425539$ & $-0.0258854$ & $-0.0101503$ & $-0.0220869$ & $0.0266066$ & $0.00231498$ & $-0.235$ & $-0.232369$ & $0.105504$ & $0.222465$ & $0.037124$ & $-0.00413125$ & $0.0346393$ & $0.0585948$ & $0.024902$ & $0.118063$ & $0.0685849$ & $0.0885849$ & $-0.215934$ & $-0.160017$ & $-0.178331$ & $-0.59533$ & $0.165355$ & $0.10573$ & $1$ & $0.0421027$ & $-0.035542$ & $0.0116$ & $0.0116675$ & $-0.00410671$ & $0.0115885$ & $0.0285987$ & $-0.173886$ & $0.00622379$ & $-0.00143753$ & $0.0231786$ & $0.0316984$ & $0.0510296$ & $-0.0208052$ & $-0.013448$ & $-0.0261462$ & $0.0813676$ & $-0.00115612$ & $0.0301576$ & $-0.0457712$ & $-0.08041$ & $-0.0543532$ & $0.0597575$ \\
CHd_11 & $-0.190245$ & $-0.0419259$ & $-0.0199614$ & $0.0552318$ & $0.0454501$ & $-0.101284$ & $0.0603232$ & $0.399266$ & $0.401088$ & $-0.213531$ & $-0.327596$ & $-0.00327221$ & $-0.00699353$ & $-0.198963$ & $-0.512364$ & $-0.493899$ & $-0.248702$ & $0.129947$ & $0.127205$ & $0.34744$ & $0.421544$ & $0.403849$ & $0.263113$ & $-0.389558$ & $0.233709$ & $0.0421027$ & $1$ & $0.0997093$ & $0.0139802$ & $0.0222503$ & $0.0196502$ & $0.0711244$ & $0.0452169$ & $0.574628$ & $0.0204612$ & $-0.0263202$ & $0.0127846$ & $0.0747648$ & $0.0196096$ & $-0.0020353$ & $0.0550355$ & $-0.0586388$ & $0.0572534$ & $0.0974021$ & $0.100802$ & $-0.225668$ & $-0.0794935$ & $0.201401$ & $0.211918$ \\
CHd_33 & $-0.0685898$ & $0.00837171$ & $0.0577475$ & $0.066973$ & $0.0240958$ & $-0.0244174$ & $0.0339772$ & $0.137706$ & $0.137737$ & $-0.0353233$ & $-0.143891$ & $0.0403345$ & $0.0849789$ & $-0.0111198$ & $-0.0685063$ & $-0.0521697$ & $-0.0497147$ & $-0.0132217$ & $-0.0140636$ & $0.142329$ & $0.135878$ & $0.129505$ & $0.00137035$ & $0.0109519$ & $-0.0256113$ & $-0.035542$ & $0.0997093$ & $1$ & $0.00338539$ & $-0.0119817$ & $-0.00477357$ & $0.0347212$ & $0.00205942$ & $0.111655$ & $0.0309695$ & $0.0159842$ & $-0.0434136$ & $-0.0051246$ & $0.0288103$ & $-0.0190671$ & $0.0128753$ & $0.0552436$ & $-0.05749$ & $-0.0232863$ & $0.0197261$ & $0.00355169$ & $-0.0142991$ & $0.0640409$ & $0.00191898$ \\
CeH_22r & $-0.0178401$ & $-0.0127869$ & $0.00207879$ & $0.00428554$ & $-0.0162387$ & $0.00357526$ & $0.0217242$ & $0.00298036$ & $0.00874937$ & $-0.00715041$ & $-0.00011692$ & $0.0485045$ & $0.0309416$ & $-0.0117134$ & $-0.0111302$ & $-0.010723$ & $-0.0111212$ & $-0.00415372$ & $-0.00140181$ & $0.00791073$ & $0.00499431$ & $0.00149816$ & $-0.0104144$ & $-0.00793562$ & $-0.00438784$ & $0.0116$ & $0.0139802$ & $0.00338539$ & $1$ & $0.0428006$ & $0.0229147$ & $0.000805146$ & $0.0517291$ & $0.0016543$ & $-0.00412132$ & $0.00634986$ & $-0.0124028$ & $0.00750402$ & $0.0110785$ & $0.0194321$ & $-0.00942929$ & $0.018408$ & $-0.00929885$ & $0.0137498$ & $0.00804771$ & $-0.00190659$ & $-0.0135791$ & $0.00535847$ & $0.00608637$ \\
CeH_33r & $-0.0403035$ & $-0.0116189$ & $0.0103495$ & $0.0587009$ & $-0.0662671$ & $0.0014489$ & $-0.162786$ & $0.0198984$ & $0.0382757$ & $-0.0709118$ & $-0.00428919$ & $0.285533$ & $0.150079$ & $-0.0419819$ & $-0.0319943$ & $0.00344369$ & $-0.0390552$ & $-0.0212341$ & $-0.0333079$ & $0.00252691$ & $0.00770533$ & $0.000135821$ & $-0.0214316$ & $-0.0420041$ & $-0.03019$ & $0.0116675$ & $0.0222503$ & $-0.0119817$ & $0.0428006$ & $1$ & $0.311745$ & $0.0819854$ & $0.695791$ & $0.0227017$ & $-0.00523032$ & $0.00387055$ & $-0.0342591$ & $0.0258029$ & $0.0138921$ & $-0.00692939$ & $-0.00186256$ & $0.125198$ & $-0.0353425$ & $0.0060099$ & $0.00288918$ & $0.00633154$ & $-0.0281588$ & $0.0165817$ & $-0.0435552$ \\
CuH_22r & $-0.0104406$ & $-0.0103019$ & $-0.0280002$ & $0.0254577$ & $-0.0348047$ & $-0.00463493$ & $-0.0977457$ & $0.0229442$ & $0.0337149$ & $-0.049201$ & $-0.0145328$ & $0.0993007$ & $0.0756189$ & $-0.0257082$ & $-0.0198018$ & $-0.0149709$ & $-0.0370905$ & $-0.0152131$ & $-0.0196141$ & $0.0169949$ & $0.00223433$ & $0.0148682$ & $-0.0116896$ & $-0.0319858$ & $-0.027143$ & $-0.00410671$ & $0.0196502$ & $-0.00477357$ & $0.0229147$ & $0.311745$ & $1$ & $0.0529189$ & $0.389429$ & $0.0178998$ & $-0.00615889$ & $0.0179853$ & $-0.0350174$ & $0.00216238$ & $0.00396468$ & $-0.0168987$ & $-0.0274085$ & $0.0522603$ & $-0.0289041$ & $-0.0125471$ & $-0.0311515$ & $0.0100341$ & $0.0144074$ & $0.0062093$ & $-0.0237794$ \\
CuH_33r & $0.322636$ & $-0.0441822$ & $-0.14697$ & $0.231138$ & $-0.14333$ & $-0.0343847$ & $0.853739$ & $0.0581448$ & $0.07866$ & $-0.0119043$ & $-0.067581$ & $-0.0358616$ & $-0.181317$ & $-0.040311$ & $0.0387078$ & $0.00211675$ & $-0.0565284$ & $-0.0613625$ & $-0.0291444$ & $0.087653$ & $0.0570605$ & $0.0534655$ & $0.0119226$ & $-0.0327131$ & $-0.0217048$ & $0.0115885$ & $0.0711244$ & $0.0347212$ & $0.000805146$ & $0.0819854$ & $0.0529189$ & $1$ & $0.108735$ & $-0.00849085$ & $0.262194$ & $-0.332842$ & $0.259884$ & $-0.032456$ & $0.0621981$ & $-0.162165$ & $0.176976$ & $0.174227$ & $0.0238327$ & $0.0651062$ & $-0.0667091$ & $0.13634$ & $-0.247784$ & $-0.177018$ & $-0.0650129$ \\
CdH_33r & $-0.049093$ & $-0.0250485$ & $-0.0014409$ & $0.0714332$ & $-0.0614185$ & $-0.00921698$ & $-0.219338$ & $0.0116782$ & $0.0334498$ & $-0.0674565$ & $-0.0041799$ & $0.291505$ & $0.154695$ & $-0.0266171$ & $-0.0351342$ & $-0.0185373$ & $-0.0177944$ & $-0.00386314$ & $-0.00848831$ & $-0.00649841$ & $0.0150379$ & $0.00151861$ & $-0.0281189$ & $-0.0260234$ & $0.00118729$ & $0.0285987$ & $0.0452169$ & $0.00205942$ & $0.0517291$ & $0.695791$ & $0.389429$ & $0.108735$ & $1$ & $0.022919$ & $0.0158094$ & $-0.00949247$ & $-0.013669$ & $0.0176516$ & $0.0430985$ & $-0.00449525$ & $-0.0236432$ & $0.109426$ & $-0.0368215$ & $0.0618345$ & $-0.00417891$ & $-0.0384193$ & $-0.0444448$ & $0.0505537$ & $0.0266202$ \\
CLL_1221 & $-0.200523$ & $-0.0219913$ & $0.00567105$ & $-0.0210101$ & $0.0864012$ & $-0.152618$ & $0.00742696$ & $0.680426$ & $0.675791$ & $-0.316375$ & $-0.560071$ & $-0.0808791$ & $0.0858923$ & $-0.205793$ & $-0.561213$ & $-0.262202$ & $-0.3079$ & $0.220884$ & $-0.112786$ & $0.492511$ & $0.452087$ & $0.456907$ & $0.117146$ & $-0.507989$ & $-0.0925401$ & $-0.173886$ & $0.574628$ & $0.111655$ & $0.0016543$ & $0.0227017$ & $0.0178998$ & $-0.00849085$ & $0.022919$ & $1$ & $-0.0506107$ & $0.0762021$ & $-0.0309901$ & $0.0479922$ & $-0.0058412$ & $0.0132834$ & $0.0307624$ & $-0.0601706$ & $0.0348378$ & $-0.0199177$ & $0.0679859$ & $-0.136944$ & $0.0983476$ & $0.205486$ & $0.105578$ \\
eHggint & $0.349072$ & $-0.243883$ & $-0.117101$ & $0.784796$ & $0.0690885$ & $-0.00665918$ & $0.224914$ & $0.00210093$ & $0.00297369$ & $-0.0184232$ & $-0.00352884$ & $-0.0599413$ & $-0.087995$ & $-0.0135168$ & $0.0446659$ & $0.00547479$ & $-0.0191593$ & $-0.0458434$ & $-0.00495358$ & $0.0132892$ & $-0.000652276$ & $0.0070423$ & $0.0322833$ & $0.0149321$ & $-0.00777181$ & $0.00622379$ & $0.0204612$ & $0.0309695$ & $-0.00412132$ & $-0.00523032$ & $-0.00615889$ & $0.262194$ & $0.0158094$ & $-0.0506107$ & $1$ & $-0.670098$ & $0.23359$ & $-0.261261$ & $0.335122$ & $-0.449861$ & $-0.0170781$ & $0.308624$ & $-0.300101$ & $0.412042$ & $-0.488742$ & $0.374228$ & $-0.438177$ & $-0.385413$ & $0.232072$ \\
eHggpar & $-0.317874$ & $0.412362$ & $-0.0707979$ & $-0.587984$ & $-0.0989666$ & $-0.00691767$ & $-0.290352$ & $0.0410131$ & $0.0375949$ & $-0.0674209$ & $-0.00729812$ & $0.0774405$ & $0.162453$ & $-0.0568202$ & $-0.0506165$ & $-0.0186152$ & $-0.0540133$ & $-0.0190055$ & $-0.0484804$ & $0.00412299$ & $0.00447622$ & $0.0291539$ & $-0.0477294$ & $-0.0473084$ & $-0.0773367$ & $-0.00143753$ & $-0.0263202$ & $0.0159842$ & $0.00634986$ & $0.00387055$ & $0.0179853$ & $-0.332842$ & $-0.00949247$ & $0.0762021$ & $-0.670098$ & $1$ & $-0.280902$ & $0.268902$ & $-0.240903$ & $0.179623$ & $-0.299398$ & $-0.260946$ & $0.291414$ & $-0.501028$ & $0.263928$ & $-0.356607$ & $0.453297$ & $0.394709$ & $-0.152201$ \\
eHWWint & $0.373058$ & $0.229904$ & $0.0491902$ & $0.150705$ & $0.109453$ & $-0.0125787$ & $0.241049$ & $-0.0657503$ & $-0.0591739$ & $0.0523458$ & $0.0405557$ & $-0.259508$ & $-0.451395$ & $0.0220152$ & $0.0013999$ & $0.0603165$ & $0.0576504$ & $0.0717196$ & $0.029673$ & $-0.0129062$ & $-0.0543274$ & $-0.0187752$ & $0.0191228$ & $0.0549346$ & $0.0761846$ & $0.0231786$ & $0.0127846$ & $-0.0434136$ & $-0.0124028$ & $-0.0342591$ & $-0.0350174$ & $0.259884$ & $-0.013669$ & $-0.0309901$ & $0.23359$ & $-0.280902$ & $1$ & $-0.192529$ & $0.00890335$ & $-0.446073$ & $0.0862843$ & $0.000758012$ & $0.292003$ & $0.216401$ & $0.127428$ & $0.0363359$ & $-0.311559$ & $-0.0253902$ & $0.240778$ \\
eHWWpar & $-0.416785$ & $-0.0677264$ & $0.0689299$ & $-0.243612$ & $-0.245271$ & $-0.0247275$ & $-0.0465407$ & $0.058789$ & $0.0583245$ & $0.0968294$ & $-0.100568$ & $0.218867$ & $0.200352$ & $0.0441737$ & $-0.00926233$ & $-0.0486639$ & $0.0221531$ & $0.0363834$ & $0.0479885$ & $0.0930878$ & $0.102172$ & $0.0508592$ & $-0.0333232$ & $-0.012337$ & $0.0405508$ & $0.0316984$ & $0.0747648$ & $-0.0051246$ & $0.00750402$ & $0.0258029$ & $0.00216238$ & $-0.032456$ & $0.0176516$ & $0.0479922$ & $-0.261261$ & $0.268902$ & $-0.192529$ & $1$ & $-0.0760429$ & $0.317171$ & $0.0568694$ & $-0.180742$ & $0.111241$ & $-0.204853$ & $0.402963$ & $-0.42595$ & $0.289761$ & $0.336411$ & $0.0397905$ \\
eHZZint & $-0.0801887$ & $-0.0264532$ & $0.254781$ & $0.493443$ & $-0.0309329$ & $-0.0213587$ & $0.0416421$ & $-0.0143838$ & $-0.0158504$ & $-0.0336347$ & $0.0272447$ & $0.104981$ & $0.179393$ & $-0.0289501$ & $0.0123561$ & $-0.0590936$ & $-0.00628271$ & $-0.0135144$ & $0.0364475$ & $-0.0324771$ & $-0.0114289$ & $-0.0230043$ & $-0.00849176$ & $-0.00328484$ & $0.00179179$ & $0.0510296$ & $0.0196096$ & $0.0288103$ & $0.0110785$ & $0.0138921$ & $0.00396468$ & $0.0621981$ & $0.0430985$ & $-0.0058412$ & $0.335122$ & $-0.240903$ & $0.00890335$ & $-0.0760429$ & $1$ & $-0.0471048$ & $0.0800412$ & $0.246716$ & $-0.22695$ & $0.244827$ & $-0.106617$ & $0.139184$ & $-0.109322$ & $0.118043$ & $0.239114$ \\
eHZZpar & $-0.361319$ & $-0.322871$ & $0.0728963$ & $-0.402174$ & $-0.268084$ & $0.0218597$ & $-0.13312$ & $0.00810318$ & $0.00411058$ & $0.0061347$ & $-0.0254951$ & $0.102215$ & $0.244808$ & $0.0465003$ & $-4.66632e-05$ & $-0.0383854$ & $0.0162788$ & $0.0206114$ & $0.0345536$ & $-0.0176339$ & $0.00799314$ & $-0.00886843$ & $0.0323089$ & $0.00933241$ & $0.0138219$ & $-0.0208052$ & $-0.0020353$ & $-0.0190671$ & $0.0194321$ & $-0.00692939$ & $-0.0168987$ & $-0.162165$ & $-0.00449525$ & $0.0132834$ & $-0.449861$ & $0.179623$ & $-0.446073$ & $0.317171$ & $-0.0471048$ & $1$ & $-0.183092$ & $-0.149147$ & $-0.10697$ & $0.1685$ & $0.172847$ & $-0.227013$ & $0.0180742$ & $0.125692$ & $0.094517$ \\
eHZgaint & $-0.146198$ & $0.047324$ & $0.374092$ & $0.0824073$ & $0.0931372$ & $-2.86286e-05$ & $0.151604$ & $0.0388081$ & $0.0425896$ & $0.0572581$ & $-0.0577433$ & $-0.0339321$ & $-0.148305$ & $0.0175203$ & $0.0018769$ & $0.024726$ & $0.0100011$ & $0.0217772$ & $-0.0124342$ & $0.0708131$ & $0.014891$ & $0.0319874$ & $0.0493316$ & $-0.0232715$ & $0.0339904$ & $-0.013448$ & $0.0550355$ & $0.0128753$ & $-0.00942929$ & $-0.00186256$ & $-0.0274085$ & $0.176976$ & $-0.0236432$ & $0.0307624$ & $-0.0170781$ & $-0.299398$ & $0.0862843$ & $0.0568694$ & $0.0800412$ & $-0.183092$ & $1$ & $0.109394$ & $0.105185$ & $-0.310531$ & $0.281995$ & $0.134364$ & $0.0762289$ & $0.0522886$ & $-0.411048$ \\
eHZgapar & $-0.0233766$ & $-0.121783$ & $0.0524973$ & $0.671389$ & $-0.307835$ & $-0.0285991$ & $0.106871$ & $0.00904311$ & $0.0139008$ & $-0.0757021$ & $0.00260605$ & $0.368038$ & $0.413182$ & $-0.0777542$ & $0.0468798$ & $0.0546411$ & $-0.0648483$ & $-0.104962$ & $-0.0947757$ & $0.00664325$ & $-0.0256933$ & $-0.0188089$ & $0.00860278$ & $-0.0146518$ & $-0.0908185$ & $-0.0261462$ & $-0.0586388$ & $0.0552436$ & $0.018408$ & $0.125198$ & $0.0522603$ & $0.174227$ & $0.109426$ & $-0.0601706$ & $0.308624$ & $-0.260946$ & $0.000758012$ & $-0.180742$ & $0.246716$ & $-0.149147$ & $0.109394$ & $1$ & $-0.452396$ & $0.0802503$ & $-0.202339$ & $0.615526$ & $-0.188843$ & $-0.181461$ & $-0.420996$ \\
eHgagaint & $0.0748323$ & $0.356116$ & $-0.0250443$ & $-0.521574$ & $0.077833$ & $0.0162267$ & $0.0336565$ & $0.000759734$ & $0.0058689$ & $-0.000424152$ & $0.00366495$ & $-0.197707$ & $-0.31948$ & $-0.0186021$ & $-0.0257185$ & $0.0575978$ & $-0.00876274$ & $0.0361547$ & $-0.0246816$ & $0.028503$ & $-0.00242867$ & $0.0268285$ & $-0.044772$ & $0.00820465$ & $0.0282898$ & $0.0813676$ & $0.0572534$ & $-0.05749$ & $-0.00929885$ & $-0.0353425$ & $-0.0289041$ & $0.0238327$ & $-0.0368215$ & $0.0348378$ & $-0.300101$ & $0.291414$ & $0.292003$ & $0.111241$ & $-0.22695$ & $-0.10697$ & $0.105185$ & $-0.452396$ & $1$ & $-0.231256$ & $0.448813$ & $-0.384273$ & $0.0303564$ & $0.0431539$ & $0.029538$ \\
eHmumuint & $0.0297753$ & $-0.330397$ & $-0.124828$ & $0.347891$ & $-0.0766425$ & $0.0182224$ & $0.0556713$ & $-0.0314045$ & $-0.0317513$ & $-0.0469448$ & $0.0367334$ & $-0.0146514$ & $0.00963577$ & $-0.0309877$ & $-0.0471058$ & $-0.0919015$ & $-0.00930935$ & $0.00776302$ & $0.0439976$ & $-0.0378373$ & $0.0177024$ & $-0.0130733$ & $0.0827727$ & $-0.0167768$ & $0.0416504$ & $-0.00115612$ & $0.0974021$ & $-0.0232863$ & $0.0137498$ & $0.0060099$ & $-0.0125471$ & $0.0651062$ & $0.0618345$ & $-0.0199177$ & $0.412042$ & $-0.501028$ & $0.216401$ & $-0.204853$ & $0.244827$ & $0.1685$ & $-0.310531$ & $0.0802503$ & $-0.231256$ & $1$ & $-0.184134$ & $-0.121628$ & $-0.514113$ & $-0.101789$ & $0.613773$ \\
eHtautauint & $-0.353766$ & $0.279175$ & $0.43051$ & $-0.381731$ & $-0.0734287$ & $0.002424$ & $-0.0605763$ & $0.0214954$ & $0.0222451$ & $0.0781538$ & $-0.0607483$ & $0.101785$ & $0.078157$ & $0.0542597$ & $-0.0620767$ & $-0.0053058$ & $0.059754$ & $0.0927698$ & $0.0455965$ & $0.0583944$ & $0.0424931$ & $0.0514677$ & $-0.00164075$ & $0.0111387$ & $0.0940158$ & $0.0301576$ & $0.100802$ & $0.0197261$ & $0.00804771$ & $0.00288918$ & $-0.0311515$ & $-0.0667091$ & $-0.00417891$ & $0.0679859$ & $-0.488742$ & $0.263928$ & $0.127428$ & $0.402963$ & $-0.106617$ & $0.172847$ & $0.281995$ & $-0.202339$ & $0.448813$ & $-0.184134$ & $1$ & $-0.380875$ & $-0.0368012$ & $0.29889$ & $-0.077877$ \\
eHccint & $0.318777$ & $-0.204048$ & $0.0354543$ & $0.489438$ & $-0.0692579$ & $-0.0159082$ & $0.124646$ & $-0.0266802$ & $-0.0257469$ & $-0.0499432$ & $0.0353088$ & $0.00758663$ & $0.0341909$ & $-0.0177894$ & $0.157875$ & $0.166723$ & $-0.0333024$ & $-0.135834$ & $-0.127944$ & $-0.0395133$ & $-0.10517$ & $-0.0733337$ & $-0.01527$ & $0.043435$ & $-0.134261$ & $-0.0457712$ & $-0.225668$ & $0.00355169$ & $-0.00190659$ & $0.00633154$ & $0.0100341$ & $0.13634$ & $-0.0384193$ & $-0.136944$ & $0.374228$ & $-0.356607$ & $0.0363359$ & $-0.42595$ & $0.139184$ & $-0.227013$ & $0.134364$ & $0.615526$ & $-0.384273$ & $-0.121628$ & $-0.380875$ & $1$ & $-0.238906$ & $-0.552006$ & $-0.510267$ \\
eHccpar & $-0.392473$ & $0.139725$ & $0.0701568$ & $-0.306426$ & $0.145214$ & $-0.00640425$ & $-0.209031$ & $0.0864076$ & $0.0810259$ & $0.00427338$ & $-0.074918$ & $0.0428377$ & $0.125878$ & $0.0352799$ & $-0.0165976$ & $0.0034252$ & $-0.0195587$ & $0.00605995$ & $-0.0399299$ & $0.0548364$ & $0.0539689$ & $0.042901$ & $-0.0138384$ & $-0.0516878$ & $-0.0798785$ & $-0.08041$ & $-0.0794935$ & $-0.0142991$ & $-0.0135791$ & $-0.0281588$ & $0.0144074$ & $-0.247784$ & $-0.0444448$ & $0.0983476$ & $-0.438177$ & $0.453297$ & $-0.311559$ & $0.289761$ & $-0.109322$ & $0.0180742$ & $0.0762289$ & $-0.188843$ & $0.0303564$ & $-0.514113$ & $-0.0368012$ & $-0.238906$ & $1$ & $0.566938$ & $-0.261168$ \\
eHbbint & $-0.576941$ & $0.215709$ & $0.412511$ & $-0.175191$ & $0.093218$ & $-0.0287994$ & $-0.169779$ & $0.143104$ & $0.140951$ & $-0.0159327$ & $-0.13836$ & $0.137797$ & $0.182839$ & $-0.00769844$ & $-0.147085$ & $-0.156064$ & $-0.0327825$ & $0.0690648$ & $0.0529471$ & $0.135496$ & $0.162823$ & $0.145723$ & $0.0825956$ & $-0.126014$ & $0.02499$ & $-0.0543532$ & $0.201401$ & $0.0640409$ & $0.00535847$ & $0.0165817$ & $0.0062093$ & $-0.177018$ & $0.0505537$ & $0.205486$ & $-0.385413$ & $0.394709$ & $-0.0253902$ & $0.336411$ & $0.118043$ & $0.125692$ & $0.0522886$ & $-0.181461$ & $0.0431539$ & $-0.101789$ & $0.29889$ & $-0.552006$ & $0.566938$ & $1$ & $0.148312$ \\
eHbbpar & $0.0404$ & $-0.119648$ & $-0.262302$ & $0.0217012$ & $0.168095$ & $0.00421365$ & $-0.0449027$ & $0.0531455$ & $0.0494914$ & $-0.0302684$ & $-0.0405875$ & $-0.135419$ & $-0.11839$ & $-0.0168972$ & $-0.0910761$ & $-0.194532$ & $-0.0159599$ & $0.0552254$ & $0.116332$ & $0.0412306$ & $0.09737$ & $0.0637241$ & $0.0160238$ & $-0.0660453$ & $0.0812691$ & $0.0597575$ & $0.211918$ & $0.00191898$ & $0.00608637$ & $-0.0435552$ & $-0.0237794$ & $-0.0650129$ & $0.0266202$ & $0.105578$ & $0.232072$ & $-0.152201$ & $0.240778$ & $0.0397905$ & $0.239114$ & $0.094517$ & $-0.411048$ & $-0.420996$ & $0.029538$ & $0.613773$ & $-0.077877$ & $-0.510267$ & $-0.261168$ & $0.148312$ & $1$ \\
