 & AlsMz & dAle5Mz & mtop & mHl & Mz & CW & CHG & CHWB & CHWHB_gaga & CHWHB_gagaorth & CHD & CHbox & CH & CHL1_11 & CHL1_22 & CHL1_33 & CHL3_11 & CHL3_22 & CHL3_33 & CHe_11 & CHe_22 & CHe_33 & CHQ1_11 & CHQ1_33 & CHQ3_11 & CHu_11 & CHd_11 & CHd_33 & CeH_22r & CeH_33r & CuH_22r & CuH_33r & CdH_33r & CLL_1221 & eHggint & eHggpar & eHWWint & eHWWpar & eHZZint & eHZZpar & eHZgaint & eHZgapar & eHgagaint & eHmumuint & eHtautauint & eHccint & eHccpar & eHbbint & eHbbpar \\
AlsMz & $1$ & $0.142288$ & $0.604611$ & $-0.15156$ & $-0.397217$ & $-0.0186194$ & $-0.165415$ & $0.146427$ & $0.119559$ & $-0.134948$ & $-0.159452$ & $-0.0318399$ & $0.103473$ & $0.0268166$ & $-0.227926$ & $0.0894608$ & $-0.0846755$ & $0.109163$ & $-0.0548793$ & $0.0601446$ & $0.0980424$ & $0.0975157$ & $-0.452971$ & $-0.0498994$ & $-0.0592549$ & $0.368354$ & $0.111195$ & $-0.0190948$ & $0.01994$ & $0.0625614$ & $0.000981212$ & $-0.190467$ & $0.0343534$ & $0.279317$ & $-0.587116$ & $-0.0478146$ & $0.340514$ & $0.703459$ & $0.631319$ & $-0.0340493$ & $-0.262296$ & $-0.12113$ & $-0.162619$ & $0.0802412$ & $0.463193$ & $-0.13734$ & $-0.121257$ & $0.325997$ & $-0.205635$ \\
dAle5Mz & $0.142288$ & $1$ & $0.0159144$ & $-0.113356$ & $0.246806$ & $-0.0892606$ & $0.427027$ & $-0.196884$ & $-0.182768$ & $0.240216$ & $0.0886136$ & $0.347338$ & $-0.443202$ & $0.168881$ & $0.0747906$ & $-0.152435$ & $0.271568$ & $0.130452$ & $0.207734$ & $-0.0546758$ & $-0.0160006$ & $0.0627719$ & $0.23733$ & $0.165398$ & $0.241837$ & $-0.170875$ & $0.0827681$ & $-0.131707$ & $-0.0745709$ & $-0.345112$ & $-0.18953$ & $0.402014$ & $-0.429595$ & $-0.0264294$ & $-0.280747$ & $-0.152062$ & $0.0770645$ & $0.0800283$ & $0.223492$ & $0.0605348$ & $0.0771773$ & $-0.0350946$ & $-0.0917765$ & $-0.0747974$ & $0.00978405$ & $-0.509741$ & $0.0793107$ & $0.606484$ & $-0.262247$ \\
mtop & $0.604611$ & $0.0159144$ & $1$ & $-0.264706$ & $-0.400126$ & $-0.027535$ & $-0.30619$ & $0.146842$ & $0.125177$ & $-0.255075$ & $-0.0652065$ & $-0.256637$ & $0.318184$ & $-0.136604$ & $0.0866596$ & $0.254835$ & $-0.236005$ & $-0.222256$ & $-0.271486$ & $0.0126903$ & $-0.113155$ & $-0.0385358$ & $-0.538805$ & $-0.107634$ & $-0.33296$ & $0.38001$ & $-0.266196$ & $-0.115604$ & $0.0422036$ & $0.170154$ & $0.168439$ & $-0.319301$ & $0.171771$ & $0.0244325$ & $-0.305366$ & $-0.17696$ & $0.478388$ & $0.754847$ & $0.470816$ & $-0.055598$ & $-0.411712$ & $0.193382$ & $-0.014717$ & $0.365943$ & $0.464449$ & $-0.189582$ & $-0.0593017$ & $0.0340449$ & $-0.0767359$ \\
mHl & $-0.15156$ & $-0.113356$ & $-0.264706$ & $1$ & $0.205281$ & $0.090098$ & $-0.0198168$ & $-0.218398$ & $-0.193313$ & $-0.0198927$ & $0.22449$ & $-0.295115$ & $0.10833$ & $0.0862444$ & $0.226708$ & $0.0228657$ & $0.069111$ & $-0.00132085$ & $0.125962$ & $-0.244875$ & $-0.251393$ & $-0.318899$ & $0.127753$ & $0.099208$ & $0.0531964$ & $-0.273201$ & $-0.346643$ & $-0.0321194$ & $0.0852961$ & $0.318795$ & $0.214109$ & $0.0351126$ & $0.377027$ & $-0.229669$ & $-0.210119$ & $0.40682$ & $-0.794844$ & $-0.417723$ & $0.143687$ & $0.703643$ & $0.710537$ & $0.275817$ & $0.1059$ & $-0.244294$ & $-0.625671$ & $-0.123199$ & $-0.41631$ & $-0.254332$ & $0.171481$ \\
Mz & $-0.397217$ & $0.246806$ & $-0.400126$ & $0.205281$ & $1$ & $-0.0964549$ & $0.545242$ & $-0.214656$ & $-0.18727$ & $0.329464$ & $0.119634$ & $0.443333$ & $-0.549609$ & $0.187929$ & $0.231148$ & $-0.163107$ & $0.347729$ & $0.0594591$ & $0.255165$ & $-0.00593942$ & $-0.0183892$ & $0.0836821$ & $0.563349$ & $0.190617$ & $0.247429$ & $-0.481062$ & $-0.0181306$ & $-0.068438$ & $-0.124667$ & $-0.394223$ & $-0.209229$ & $0.54406$ & $-0.376922$ & $-0.258552$ & $0.0337489$ & $-0.0274636$ & $-0.364864$ & $-0.453039$ & $-0.377069$ & $0.150661$ & $0.266774$ & $0.0604364$ & $-0.0221431$ & $-0.122845$ & $-0.503093$ & $-0.357511$ & $0.122282$ & $0.184121$ & $0.177817$ \\
CW & $-0.0186194$ & $-0.0892606$ & $-0.027535$ & $0.090098$ & $-0.0964549$ & $1$ & $-0.258114$ & $-0.0526207$ & $-0.0698159$ & $-0.0730422$ & $0.0878142$ & $-0.19752$ & $0.279239$ & $0.187924$ & $-0.106738$ & $0.149802$ & $-0.19942$ & $0.0374139$ & $-0.10163$ & $-0.110419$ & $-0.0532482$ & $-0.147962$ & $-0.0886907$ & $0.0403009$ & $-0.0865435$ & $0.0920992$ & $-0.149745$ & $-0.00900328$ & $0.145959$ & $0.2343$ & $0.204865$ & $-0.257822$ & $0.231021$ & $-0.0538571$ & $-0.0690179$ & $-0.0699315$ & $-0.0151912$ & $0.0252314$ & $0.0439433$ & $-0.0611427$ & $0.12095$ & $-0.140206$ & $-0.179677$ & $0.176263$ & $0.00439285$ & $0.190004$ & $0.0896642$ & $-0.110112$ & $-0.119041$ \\
CHG & $-0.165415$ & $0.427027$ & $-0.30619$ & $-0.0198168$ & $0.545242$ & $-0.258114$ & $1$ & $-0.112174$ & $-0.0509227$ & $0.38529$ & $-0.0536883$ & $0.778871$ & $-0.938832$ & $0.190667$ & $0.252491$ & $-0.344774$ & $0.392441$ & $0.0549966$ & $0.340181$ & $0.174784$ & $0.0810227$ & $0.300864$ & $0.574654$ & $0.0863684$ & $0.303285$ & $-0.440801$ & $0.220444$ & $-0.114234$ & $-0.192153$ & $-0.749668$ & $-0.538621$ & $0.984795$ & $-0.712626$ & $-0.183456$ & $0.0816483$ & $-0.0354901$ & $-0.139181$ & $-0.247273$ & $-0.332435$ & $0.0594623$ & $-0.0770119$ & $0.14029$ & $0.168837$ & $-0.368241$ & $-0.343995$ & $-0.558687$ & $-0.0206747$ & $0.369033$ & $0.333658$ \\
CHWB & $0.146427$ & $-0.196884$ & $0.146842$ & $-0.218398$ & $-0.214656$ & $-0.0526207$ & $-0.112174$ & $1$ & $0.988571$ & $-0.453829$ & $-0.87571$ & $-0.085095$ & $0.103475$ & $-0.216414$ & $-0.023346$ & $0.0729967$ & $-0.560947$ & $-0.438109$ & $-0.482962$ & $0.804527$ & $0.57365$ & $0.533606$ & $-0.230259$ & $-0.633054$ & $-0.558965$ & $0.0707521$ & $0.329578$ & $0.133101$ & $-0.0354759$ & $0.00476998$ & $-0.0465762$ & $-0.119123$ & $0.00882225$ & $0.601977$ & $0.108164$ & $0.123296$ & $0.222191$ & $0.142516$ & $0.0573745$ & $-0.15237$ & $-0.287326$ & $-0.0644558$ & $0.123008$ & $-0.0869105$ & $0.304818$ & $0.210635$ & $-0.100328$ & $-0.0660842$ & $0.00438008$ \\
CHWHB_gaga & $0.119559$ & $-0.182768$ & $0.125177$ & $-0.193313$ & $-0.18727$ & $-0.0698159$ & $-0.0509227$ & $0.988571$ & $1$ & $-0.457936$ & $-0.857949$ & $-0.0732431$ & $0.0611923$ & $-0.236494$ & $0.0258529$ & $0.0538987$ & $-0.562476$ & $-0.47032$ & $-0.480742$ & $0.800406$ & $0.5481$ & $0.527721$ & $-0.19993$ & $-0.645038$ & $-0.56328$ & $0.0432674$ & $0.323374$ & $0.113362$ & $-0.0383847$ & $-0.00609966$ & $-0.0618966$ & $-0.0542891$ & $0.008402$ & $0.567033$ & $0.144661$ & $0.160466$ & $0.181341$ & $0.112353$ & $0.0462226$ & $-0.103738$ & $-0.273844$ & $0.00294625$ & $0.203293$ & $-0.151218$ & $0.27115$ & $0.169013$ & $-0.163238$ & $-0.0872747$ & $0.0442706$ \\
CHWHB_gagaorth & $-0.134948$ & $0.240216$ & $-0.255075$ & $-0.0198927$ & $0.329464$ & $-0.0730422$ & $0.38529$ & $-0.453829$ & $-0.457936$ & $1$ & $0.074792$ & $0.560377$ & $-0.445323$ & $0.671617$ & $-0.0138767$ & $-0.0979695$ & $0.803205$ & $0.565878$ & $0.609626$ & $-0.049716$ & $0.0105033$ & $0.0694053$ & $0.371392$ & $0.532107$ & $0.674095$ & $-0.247406$ & $-0.0504605$ & $0.00756136$ & $-0.100141$ & $-0.414008$ & $-0.21156$ & $0.355566$ & $-0.385224$ & $-0.246271$ & $-0.134615$ & $-0.341506$ & $-0.0225694$ & $-0.153685$ & $-0.317086$ & $-0.16425$ & $0.0276909$ & $-0.213846$ & $-0.336249$ & $0.149489$ & $-0.29939$ & $-0.1484$ & $0.398123$ & $0.281736$ & $0.126499$ \\
CHD & $-0.159452$ & $0.0886136$ & $-0.0652065$ & $0.22449$ & $0.119634$ & $0.0878142$ & $-0.0536883$ & $-0.87571$ & $-0.857949$ & $0.074792$ & $1$ & $-0.16517$ & $0.0991339$ & $-0.16282$ & $0.0355788$ & $-0.0596942$ & $0.175978$ & $0.158305$ & $0.18706$ & $-0.883227$ & $-0.667936$ & $-0.628453$ & $0.0936997$ & $0.402383$ & $0.241207$ & $0.0334354$ & $-0.323751$ & $-0.151754$ & $0.0655853$ & $0.178639$ & $0.137235$ & $-0.0282394$ & $0.156982$ & $-0.520212$ & $0.0233065$ & $0.0494874$ & $-0.218674$ & $-0.122216$ & $0.0411602$ & $0.226024$ & $0.277571$ & $0.193725$ & $0.0639791$ & $0.00188784$ & $-0.185052$ & $-0.129512$ & $-0.0836941$ & $-0.0909308$ & $-0.0440912$ \\
CHbox & $-0.0318399$ & $0.347338$ & $-0.256637$ & $-0.295115$ & $0.443333$ & $-0.19752$ & $0.778871$ & $-0.085095$ & $-0.0732431$ & $0.560377$ & $-0.16517$ & $1$ & $-0.89038$ & $0.30724$ & $-0.0549391$ & $-0.275909$ & $0.477622$ & $0.302627$ & $0.381725$ & $0.288943$ & $0.292285$ & $0.443968$ & $0.533339$ & $0.18744$ & $0.408326$ & $-0.320656$ & $0.368587$ & $0.0235068$ & $-0.199364$ & $-0.792234$ & $-0.546114$ & $0.728114$ & $-0.775353$ & $-0.0205056$ & $-0.0622876$ & $-0.36429$ & $0.204649$ & $-0.0522377$ & $-0.469285$ & $-0.397012$ & $-0.341101$ & $-0.273052$ & $-0.242831$ & $-0.0156644$ & $-0.160914$ & $-0.304804$ & $0.396885$ & $0.475001$ & $0.291425$ \\
CH & $0.103473$ & $-0.443202$ & $0.318184$ & $0.10833$ & $-0.549609$ & $0.279239$ & $-0.938832$ & $0.103475$ & $0.0611923$ & $-0.445323$ & $0.0991339$ & $-0.89038$ & $1$ & $-0.23289$ & $-0.15154$ & $0.354842$ & $-0.449627$ & $-0.147414$ & $-0.380151$ & $-0.217345$ & $-0.169231$ & $-0.371312$ & $-0.603244$ & $-0.120098$ & $-0.374065$ & $0.419464$ & $-0.32782$ & $0.0802586$ & $0.221633$ & $0.806315$ & $0.570998$ & $-0.91018$ & $0.77862$ & $0.118162$ & $-0.0241683$ & $0.0980762$ & $0.0544597$ & $0.216872$ & $0.371763$ & $0.0639895$ & $0.145999$ & $0.00209235$ & $-0.0467382$ & $0.314842$ & $0.284777$ & $0.521354$ & $-0.0996173$ & $-0.458981$ & $-0.316361$ \\
CHL1_11 & $0.0268166$ & $0.168881$ & $-0.136604$ & $0.0862444$ & $0.187929$ & $0.187924$ & $0.190667$ & $-0.216414$ & $-0.236494$ & $0.671617$ & $-0.16282$ & $0.30724$ & $-0.23289$ & $1$ & $-0.0182794$ & $0.0689198$ & $0.600663$ & $0.517042$ & $0.494462$ & $0.0250897$ & $0.113622$ & $0.0827138$ & $0.168852$ & $0.453113$ & $0.548006$ & $-0.13806$ & $-0.130518$ & $0.0248958$ & $-0.0113368$ & $-0.220558$ & $-0.0775249$ & $0.15826$ & $-0.190014$ & $-0.127428$ & $-0.308475$ & $-0.335649$ & $-0.0680545$ & $-0.00654019$ & $-0.0828479$ & $-0.062084$ & $0.124992$ & $-0.216651$ & $-0.380743$ & $0.20323$ & $-0.255303$ & $-0.0921958$ & $0.30885$ & $0.227526$ & $0.0197042$ \\
CHL1_22 & $-0.227926$ & $0.0747906$ & $0.0866596$ & $0.226708$ & $0.231148$ & $-0.106738$ & $0.252491$ & $-0.023346$ & $0.0258529$ & $-0.0138767$ & $0.0355788$ & $-0.0549391$ & $-0.15154$ & $-0.0182794$ & $1$ & $0.166671$ & $-0.0107697$ & $-0.619375$ & $-0.112144$ & $0.0347992$ & $-0.318647$ & $-0.120668$ & $0.164166$ & $0.0758589$ & $-0.219664$ & $-0.26239$ & $-0.514622$ & $-0.183123$ & $-0.0134586$ & $-0.0630746$ & $0.00495825$ & $0.295627$ & $0.0298502$ & $-0.633134$ & $0.171866$ & $0.00813355$ & $-0.233456$ & $-0.0375014$ & $-0.0597459$ & $0.418124$ & $0.140227$ & $0.649127$ & $0.440461$ & $-0.113656$ & $-0.382526$ & $-0.383725$ & $-0.336323$ & $-0.259636$ & $0.344036$ \\
CHL1_33 & $0.0894608$ & $-0.152435$ & $0.254835$ & $0.0228657$ & $-0.163107$ & $0.149802$ & $-0.344774$ & $0.0729967$ & $0.0538987$ & $-0.0979695$ & $-0.0596942$ & $-0.275909$ & $0.354842$ & $0.0689198$ & $0.166671$ & $1$ & $-0.134504$ & $-0.171858$ & $-0.541$ & $0.0138752$ & $-0.118765$ & $-0.219377$ & $-0.19325$ & $0.08723$ & $-0.291057$ & $0.125832$ & $-0.468106$ & $0.0375552$ & $0.0986653$ & $0.211308$ & $0.170847$ & $-0.352755$ & $0.246443$ & $-0.12973$ & $-0.0937398$ & $-0.225835$ & $0.10714$ & $0.276145$ & $0.0925792$ & $-0.0210976$ & $-0.0287094$ & $0.145634$ & $-0.0427319$ & $0.300455$ & $-0.0189515$ & $0.108127$ & $0.0222195$ & $-0.281045$ & $0.0421761$ \\
CHL3_11 & $-0.0846755$ & $0.271568$ & $-0.236005$ & $0.069111$ & $0.347729$ & $-0.19942$ & $0.392441$ & $-0.560947$ & $-0.562476$ & $0.803205$ & $0.175978$ & $0.477622$ & $-0.449627$ & $0.600663$ & $-0.0107697$ & $-0.134504$ & $1$ & $0.624203$ & $0.72253$ & $-0.239696$ & $-0.0648421$ & $-0.0351946$ & $0.362582$ & $0.596182$ & $0.785367$ & $-0.242226$ & $-0.0644352$ & $-0.0470126$ & $-0.111201$ & $-0.348775$ & $-0.162439$ & $0.363947$ & $-0.333375$ & $-0.218749$ & $-0.231852$ & $-0.289579$ & $-0.137013$ & $-0.162381$ & $-0.233018$ & $-0.0406503$ & $0.143072$ & $-0.181024$ & $-0.319322$ & $0.115824$ & $-0.347774$ & $-0.249735$ & $0.329594$ & $0.307441$ & $0.0771995$ \\
CHL3_22 & $0.109163$ & $0.130452$ & $-0.222256$ & $-0.00132085$ & $0.0594591$ & $0.0374139$ & $0.0549966$ & $-0.438109$ & $-0.47032$ & $0.565878$ & $0.158305$ & $0.302627$ & $-0.147414$ & $0.517042$ & $-0.619375$ & $-0.171858$ & $0.624203$ & $1$ & $0.60088$ & $-0.226027$ & $0.0683529$ & $-0.0170526$ & $0.131639$ & $0.456224$ & $0.743772$ & $0.00463828$ & $0.226256$ & $0.0898481$ & $-0.0206934$ & $-0.131609$ & $-0.0570817$ & $0.0161586$ & $-0.171863$ & $0.309244$ & $-0.317299$ & $-0.178624$ & $0.00199497$ & $-0.0865059$ & $-0.0683132$ & $-0.234546$ & $0.0767453$ & $-0.526398$ & $-0.530567$ & $0.162761$ & $-0.0266943$ & $0.0780685$ & $0.4188$ & $0.364422$ & $-0.183954$ \\
CHL3_33 & $-0.0548793$ & $0.207734$ & $-0.271486$ & $0.125962$ & $0.255165$ & $-0.10163$ & $0.340181$ & $-0.482962$ & $-0.480742$ & $0.609626$ & $0.18706$ & $0.381725$ & $-0.380151$ & $0.494462$ & $-0.112144$ & $-0.541$ & $0.72253$ & $0.60088$ & $1$ & $-0.20992$ & $-0.0472638$ & $-0.0309407$ & $0.292461$ & $0.453359$ & $0.792427$ & $-0.182082$ & $0.151421$ & $-0.0462713$ & $-0.063285$ & $-0.248214$ & $-0.139143$ & $0.328956$ & $-0.254282$ & $-0.125395$ & $-0.194699$ & $-0.0480236$ & $-0.198702$ & $-0.242255$ & $-0.137119$ & $0.0312018$ & $0.183875$ & $-0.244523$ & $-0.270439$ & $-0.0351393$ & $-0.228756$ & $-0.170714$ & $0.221492$ & $0.33643$ & $-0.0208577$ \\
CHe_11 & $0.0601446$ & $-0.0546758$ & $0.0126903$ & $-0.244875$ & $-0.00593942$ & $-0.110419$ & $0.174784$ & $0.804527$ & $0.800406$ & $-0.049716$ & $-0.883227$ & $0.288943$ & $-0.217345$ & $0.0250897$ & $0.0347992$ & $0.0138752$ & $-0.239696$ & $-0.226027$ & $-0.20992$ & $1$ & $0.651237$ & $0.659021$ & $0.0198143$ & $-0.424933$ & $-0.27745$ & $-0.114683$ & $0.335805$ & $0.150565$ & $-0.08452$ & $-0.286944$ & $-0.230765$ & $0.154236$ & $-0.254545$ & $0.380263$ & $0.0885345$ & $-0.036614$ & $0.219065$ & $0.0506234$ & $-0.155038$ & $-0.244021$ & $-0.318612$ & $-0.140587$ & $-0.00235063$ & $-0.0500504$ & $0.140165$ & $0.0705447$ & $0.0909044$ & $0.0976462$ & $0.126814$ \\
CHe_22 & $0.0980424$ & $-0.0160006$ & $-0.113155$ & $-0.251393$ & $-0.0183892$ & $-0.0532482$ & $0.0810227$ & $0.57365$ & $0.5481$ & $0.0105033$ & $-0.667936$ & $0.292285$ & $-0.169231$ & $0.113622$ & $-0.318647$ & $-0.118765$ & $-0.0648421$ & $0.0683529$ & $-0.0472638$ & $0.651237$ & $1$ & $0.547666$ & $0.0126203$ & $-0.335749$ & $-0.0615461$ & $-0.0850149$ & $0.4585$ & $0.151714$ & $-0.0664142$ & $-0.233683$ & $-0.169688$ & $0.0424572$ & $-0.234795$ & $0.48431$ & $-0.0460835$ & $-0.0835808$ & $0.217776$ & $0.013361$ & $-0.133503$ & $-0.35066$ & $-0.227041$ & $-0.402946$ & $-0.229013$ & $0.0137769$ & $0.176528$ & $0.178598$ & $0.235909$ & $0.220091$ & $-0.0254844$ \\
CHe_33 & $0.0975157$ & $0.0627719$ & $-0.0385358$ & $-0.318899$ & $0.0836821$ & $-0.147962$ & $0.300864$ & $0.533606$ & $0.527721$ & $0.0694053$ & $-0.628453$ & $0.443968$ & $-0.371312$ & $0.0827138$ & $-0.120668$ & $-0.219377$ & $-0.0351946$ & $-0.0170526$ & $-0.0309407$ & $0.659021$ & $0.547666$ & $1$ & $0.0995102$ & $-0.320404$ & $-0.0820698$ & $-0.113199$ & $0.45416$ & $0.111783$ & $-0.137426$ & $-0.414003$ & $-0.347425$ & $0.266547$ & $-0.393687$ & $0.368918$ & $0.0174417$ & $-0.0947044$ & $0.237168$ & $0.0362323$ & $-0.17415$ & $-0.297139$ & $-0.331855$ & $-0.228107$ & $-0.0769429$ & $-0.0531438$ & $0.143668$ & $0.00256442$ & $0.154314$ & $0.240465$ & $0.0948022$ \\
CHQ1_11 & $-0.452971$ & $0.23733$ & $-0.538805$ & $0.127753$ & $0.563349$ & $-0.0886907$ & $0.574654$ & $-0.230259$ & $-0.19993$ & $0.371392$ & $0.0936997$ & $0.533339$ & $-0.603244$ & $0.168852$ & $0.164166$ & $-0.19325$ & $0.362582$ & $0.131639$ & $0.292461$ & $0.0198143$ & $0.0126203$ & $0.0995102$ & $1$ & $0.209518$ & $0.332832$ & $-0.744154$ & $0.145623$ & $-0.0166137$ & $-0.120427$ & $-0.417817$ & $-0.261096$ & $0.572419$ & $-0.396968$ & $-0.221377$ & $0.102353$ & $-0.102008$ & $-0.320541$ & $-0.501851$ & $-0.486204$ & $0.0237263$ & $0.215865$ & $-0.0467849$ & $-0.0398758$ & $-0.129288$ & $-0.51853$ & $-0.278542$ & $0.194904$ & $0.198759$ & $0.231928$ \\
CHQ1_33 & $-0.0498994$ & $0.165398$ & $-0.107634$ & $0.099208$ & $0.190617$ & $0.0403009$ & $0.0863684$ & $-0.633054$ & $-0.645038$ & $0.532107$ & $0.402383$ & $0.18744$ & $-0.120098$ & $0.453113$ & $0.0758589$ & $0.08723$ & $0.596182$ & $0.456224$ & $0.453359$ & $-0.424933$ & $-0.335749$ & $-0.320404$ & $0.209518$ & $1$ & $0.540219$ & $-0.0686019$ & $-0.232581$ & $0.015178$ & $-0.0450512$ & $-0.0738036$ & $0.0140549$ & $0.0687032$ & $-0.0994918$ & $-0.363364$ & $-0.201927$ & $-0.255533$ & $-0.0945545$ & $-0.0587876$ & $-0.119517$ & $-0.0286792$ & $0.163353$ & $-0.133166$ & $-0.310907$ & $0.228157$ & $-0.239459$ & $-0.130458$ & $0.300533$ & $0.152042$ & $-0.0401332$ \\
CHQ3_11 & $-0.0592549$ & $0.241837$ & $-0.33296$ & $0.0531964$ & $0.247429$ & $-0.0865435$ & $0.303285$ & $-0.558965$ & $-0.56328$ & $0.674095$ & $0.241207$ & $0.408326$ & $-0.374065$ & $0.548006$ & $-0.219664$ & $-0.291057$ & $0.785367$ & $0.743772$ & $0.792427$ & $-0.27745$ & $-0.0615461$ & $-0.0820698$ & $0.332832$ & $0.540219$ & $1$ & $-0.175651$ & $0.240558$ & $-0.020315$ & $-0.0613926$ & $-0.26883$ & $-0.163152$ & $0.278343$ & $-0.288$ & $-0.0716454$ & $-0.190835$ & $-0.103925$ & $-0.133078$ & $-0.237096$ & $-0.165725$ & $-0.081381$ & $0.148166$ & $-0.3267$ & $-0.327707$ & $-0.0144938$ & $-0.180577$ & $-0.103048$ & $0.300088$ & $0.367815$ & $-0.0702882$ \\
CHu_11 & $0.368354$ & $-0.170875$ & $0.38001$ & $-0.273201$ & $-0.481062$ & $0.0920992$ & $-0.440801$ & $0.0707521$ & $0.0432674$ & $-0.247406$ & $0.0334354$ & $-0.320656$ & $0.419464$ & $-0.13806$ & $-0.26239$ & $0.125832$ & $-0.242226$ & $0.00463828$ & $-0.182082$ & $-0.114683$ & $-0.0850149$ & $-0.113199$ & $-0.744154$ & $-0.0686019$ & $-0.175651$ & $1$ & $0.114042$ & $0.0329042$ & $0.114418$ & $0.249$ & $0.142599$ & $-0.451951$ & $0.216553$ & $0.183155$ & $-0.00769556$ & $0.0873124$ & $0.396243$ & $0.386884$ & $0.339534$ & $-0.191386$ & $-0.316656$ & $-0.111063$ & $-0.0144172$ & $0.0745115$ & $0.585679$ & $0.303584$ & $-0.0569944$ & $-0.0726624$ & $-0.255708$ \\
CHd_11 & $0.111195$ & $0.0827681$ & $-0.266196$ & $-0.346643$ & $-0.0181306$ & $-0.149745$ & $0.220444$ & $0.329578$ & $0.323374$ & $-0.0504605$ & $-0.323751$ & $0.368587$ & $-0.32782$ & $-0.130518$ & $-0.514622$ & $-0.468106$ & $-0.0644352$ & $0.226256$ & $0.151421$ & $0.335805$ & $0.4585$ & $0.45416$ & $0.145623$ & $-0.232581$ & $0.240558$ & $0.114042$ & $1$ & $0.0974022$ & $-0.107348$ & $-0.297065$ & $-0.301476$ & $0.191527$ & $-0.361099$ & $0.570194$ & $0.109678$ & $0.238503$ & $0.200661$ & $-0.162174$ & $-0.10022$ & $-0.352916$ & $-0.286539$ & $-0.483313$ & $-0.0700509$ & $-0.335048$ & $0.390762$ & $0.176694$ & $0.12086$ & $0.386048$ & $-0.163721$ \\
CHd_33 & $-0.0190948$ & $-0.131707$ & $-0.115604$ & $-0.0321194$ & $-0.068438$ & $-0.00900328$ & $-0.114234$ & $0.133101$ & $0.113362$ & $0.00756136$ & $-0.151754$ & $0.0235068$ & $0.0802586$ & $0.0248958$ & $-0.183123$ & $0.0375552$ & $-0.0470126$ & $0.0898481$ & $-0.0462713$ & $0.150565$ & $0.151714$ & $0.111783$ & $-0.0166137$ & $0.015178$ & $-0.020315$ & $0.0329042$ & $0.0974022$ & $1$ & $-0.0721404$ & $-0.00276011$ & $-0.0167007$ & $-0.127044$ & $0.0188702$ & $0.165358$ & $0.059975$ & $-0.0419221$ & $0.0959239$ & $-0.0524416$ & $-0.109453$ & $-0.19488$ & $-0.0713164$ & $-0.180587$ & $-0.1488$ & $0.0913729$ & $0.0325616$ & $0.263162$ & $0.132356$ & $-0.0683961$ & $0.0439164$ \\
CeH_22r & $0.01994$ & $-0.0745709$ & $0.0422036$ & $0.0852961$ & $-0.124667$ & $0.145959$ & $-0.192153$ & $-0.0354759$ & $-0.0383847$ & $-0.100141$ & $0.0655853$ & $-0.199364$ & $0.221633$ & $-0.0113368$ & $-0.0134586$ & $0.0986653$ & $-0.111201$ & $-0.0206934$ & $-0.063285$ & $-0.08452$ & $-0.0664142$ & $-0.137426$ & $-0.120427$ & $-0.0450512$ & $-0.0613926$ & $0.114418$ & $-0.107348$ & $-0.0721404$ & $1$ & $0.224264$ & $0.152914$ & $-0.186431$ & $0.216997$ & $-0.0423096$ & $-0.043342$ & $0.014679$ & $-0.0422178$ & $0.0147388$ & $0.116344$ & $0.0574804$ & $0.0963804$ & $-0.0146874$ & $-0.0072192$ & $0.0280239$ & $0.0233128$ & $0.0714066$ & $-0.0610024$ & $-0.105572$ & $-0.0740451$ \\
CeH_33r & $0.0625614$ & $-0.345112$ & $0.170154$ & $0.318795$ & $-0.394223$ & $0.2343$ & $-0.749668$ & $0.00476998$ & $-0.00609966$ & $-0.414008$ & $0.178639$ & $-0.792234$ & $0.806315$ & $-0.220558$ & $-0.0630746$ & $0.211308$ & $-0.348775$ & $-0.131609$ & $-0.248214$ & $-0.286944$ & $-0.233683$ & $-0.414003$ & $-0.417817$ & $-0.0738036$ & $-0.26883$ & $0.249$ & $-0.297065$ & $-0.00276011$ & $0.224264$ & $1$ & $0.627892$ & $-0.676607$ & $0.890014$ & $0.0421596$ & $-0.0866617$ & $0.253082$ & $-0.228372$ & $0.0292654$ & $0.382667$ & $0.304838$ & $0.358763$ & $0.0788769$ & $0.0417863$ & $0.123165$ & $0.089708$ & $0.342913$ & $-0.238266$ & $-0.377843$ & $-0.271367$ \\
CuH_22r & $0.000981212$ & $-0.18953$ & $0.168439$ & $0.214109$ & $-0.209229$ & $0.204865$ & $-0.538621$ & $-0.0465762$ & $-0.0618966$ & $-0.21156$ & $0.137235$ & $-0.546114$ & $0.570998$ & $-0.0775249$ & $0.00495825$ & $0.170847$ & $-0.162439$ & $-0.0570817$ & $-0.139143$ & $-0.230765$ & $-0.169688$ & $-0.347425$ & $-0.261096$ & $0.0140549$ & $-0.163152$ & $0.142599$ & $-0.301476$ & $-0.0167007$ & $0.152914$ & $0.627892$ & $1$ & $-0.489086$ & $0.61836$ & $-0.0145753$ & $-0.121939$ & $0.0487858$ & $-0.153178$ & $0.0477182$ & $0.226451$ & $0.204277$ & $0.272984$ & $0.0393483$ & $-0.0711654$ & $0.232587$ & $0.00798013$ & $0.218375$ & $-0.0258143$ & $-0.236953$ & $-0.211127$ \\
CuH_33r & $-0.190467$ & $0.402014$ & $-0.319301$ & $0.0351126$ & $0.54406$ & $-0.257822$ & $0.984795$ & $-0.119123$ & $-0.0542891$ & $0.355566$ & $-0.0282394$ & $0.728114$ & $-0.91018$ & $0.15826$ & $0.295627$ & $-0.352755$ & $0.363947$ & $0.0161586$ & $0.328956$ & $0.154236$ & $0.0424572$ & $0.266547$ & $0.572419$ & $0.0687032$ & $0.278343$ & $-0.451951$ & $0.191527$ & $-0.127044$ & $-0.186431$ & $-0.676607$ & $-0.489086$ & $1$ & $-0.622193$ & $-0.212215$ & $0.115293$ & $0.0266281$ & $-0.198327$ & $-0.284357$ & $-0.315005$ & $0.128923$ & $-0.0294601$ & $0.199374$ & $0.233111$ & $-0.415256$ & $-0.372305$ & $-0.558551$ & $-0.0898927$ & $0.32271$ & $0.349826$ \\
CdH_33r & $0.0343534$ & $-0.429595$ & $0.171771$ & $0.377027$ & $-0.376922$ & $0.231021$ & $-0.712626$ & $0.00882225$ & $0.008402$ & $-0.385224$ & $0.156982$ & $-0.775353$ & $0.77862$ & $-0.190014$ & $0.0298502$ & $0.246443$ & $-0.333375$ & $-0.171863$ & $-0.254282$ & $-0.254545$ & $-0.234795$ & $-0.393687$ & $-0.396968$ & $-0.0994918$ & $-0.288$ & $0.216553$ & $-0.361099$ & $0.0188702$ & $0.216997$ & $0.890014$ & $0.61836$ & $-0.622193$ & $1$ & $-0.0322705$ & $-0.0201304$ & $0.273778$ & $-0.255071$ & $0.0268363$ & $0.304888$ & $0.333829$ & $0.315404$ & $0.208295$ & $0.146947$ & $0.0709393$ & $-0.00623947$ & $0.355047$ & $-0.334251$ & $-0.510321$ & $-0.0358325$ \\
CLL_1221 & $0.279317$ & $-0.0264294$ & $0.0244325$ & $-0.229669$ & $-0.258552$ & $-0.0538571$ & $-0.183456$ & $0.601977$ & $0.567033$ & $-0.246271$ & $-0.520212$ & $-0.0205056$ & $0.118162$ & $-0.127428$ & $-0.633134$ & $-0.12973$ & $-0.218749$ & $0.309244$ & $-0.125395$ & $0.380263$ & $0.48431$ & $0.368918$ & $-0.221377$ & $-0.363364$ & $-0.0716454$ & $0.183155$ & $0.570194$ & $0.165358$ & $-0.0423096$ & $0.0421596$ & $-0.0145753$ & $-0.212215$ & $-0.0322705$ & $1$ & $-0.124077$ & $0.113514$ & $0.233399$ & $0.0949506$ & $0.148048$ & $-0.28517$ & $-0.196838$ & $-0.45549$ & $-0.217553$ & $-0.0285142$ & $0.414478$ & $0.291414$ & $0.124101$ & $0.224076$ & $-0.278613$ \\
eHggint & $-0.587116$ & $-0.280747$ & $-0.305366$ & $-0.210119$ & $0.0337489$ & $-0.0690179$ & $0.0816483$ & $0.108164$ & $0.144661$ & $-0.134615$ & $0.0233065$ & $-0.0622876$ & $-0.0241683$ & $-0.308475$ & $0.171866$ & $-0.0937398$ & $-0.231852$ & $-0.317299$ & $-0.194699$ & $0.0885345$ & $-0.0460835$ & $0.0174417$ & $0.102353$ & $-0.201927$ & $-0.190835$ & $-0.00769556$ & $0.109678$ & $0.059975$ & $-0.043342$ & $-0.0866617$ & $-0.121939$ & $0.115293$ & $-0.0201304$ & $-0.124077$ & $1$ & $0.271198$ & $0.111927$ & $-0.388934$ & $-0.499291$ & $-0.178968$ & $-0.242258$ & $0.27575$ & $0.543015$ & $-0.300557$ & $0.0817493$ & $0.290366$ & $-0.148642$ & $-0.476448$ & $0.315352$ \\
eHggpar & $-0.0478146$ & $-0.152062$ & $-0.17696$ & $0.40682$ & $-0.0274636$ & $-0.0699315$ & $-0.0354901$ & $0.123296$ & $0.160466$ & $-0.341506$ & $0.0494874$ & $-0.36429$ & $0.0980762$ & $-0.335649$ & $0.00813355$ & $-0.225835$ & $-0.289579$ & $-0.178624$ & $-0.0480236$ & $-0.036614$ & $-0.0835808$ & $-0.0947044$ & $-0.102008$ & $-0.255533$ & $-0.103925$ & $0.0873124$ & $0.238503$ & $-0.0419221$ & $0.014679$ & $0.253082$ & $0.0487858$ & $0.0266281$ & $0.273778$ & $0.113514$ & $0.271198$ & $1$ & $-0.432896$ & $-0.438134$ & $0.160783$ & $0.473759$ & $0.279717$ & $0.187039$ & $0.439553$ & $-0.648025$ & $0.0572456$ & $0.029462$ & $-0.560515$ & $-0.155055$ & $-0.0234026$ \\
eHWWint & $0.340514$ & $0.0770645$ & $0.478388$ & $-0.794844$ & $-0.364864$ & $-0.0151912$ & $-0.139181$ & $0.222191$ & $0.181341$ & $-0.0225694$ & $-0.218674$ & $0.204649$ & $0.0544597$ & $-0.0680545$ & $-0.233456$ & $0.10714$ & $-0.137013$ & $0.00199497$ & $-0.198702$ & $0.219065$ & $0.217776$ & $0.237168$ & $-0.320541$ & $-0.0945545$ & $-0.133078$ & $0.396243$ & $0.200661$ & $0.0959239$ & $-0.0422178$ & $-0.228372$ & $-0.153178$ & $-0.198327$ & $-0.255071$ & $0.233399$ & $0.111927$ & $-0.432896$ & $1$ & $0.625068$ & $-0.0221002$ & $-0.772303$ & $-0.831626$ & $-0.252387$ & $-0.187232$ & $0.372832$ & $0.722919$ & $0.175947$ & $0.365645$ & $0.13625$ & $-0.0465654$ \\
eHWWpar & $0.703459$ & $0.0800283$ & $0.754847$ & $-0.417723$ & $-0.453039$ & $0.0252314$ & $-0.247273$ & $0.142516$ & $0.112353$ & $-0.153685$ & $-0.122216$ & $-0.0522377$ & $0.216872$ & $-0.00654019$ & $-0.0375014$ & $0.276145$ & $-0.162381$ & $-0.0865059$ & $-0.242255$ & $0.0506234$ & $0.013361$ & $0.0362323$ & $-0.501851$ & $-0.0587876$ & $-0.237096$ & $0.386884$ & $-0.162174$ & $-0.0524416$ & $0.0147388$ & $0.0292654$ & $0.0477182$ & $-0.284357$ & $0.0268363$ & $0.0949506$ & $-0.388934$ & $-0.438134$ & $0.625068$ & $1$ & $0.436242$ & $-0.256647$ & $-0.529314$ & $0.0898833$ & $-0.0907107$ & $0.378424$ & $0.46869$ & $-0.0951107$ & $0.00813083$ & $0.080393$ & $-0.0511172$ \\
eHZZint & $0.631319$ & $0.223492$ & $0.470816$ & $0.143687$ & $-0.377069$ & $0.0439433$ & $-0.332435$ & $0.0573745$ & $0.0462226$ & $-0.317086$ & $0.0411602$ & $-0.469285$ & $0.371763$ & $-0.0828479$ & $-0.0597459$ & $0.0925792$ & $-0.233018$ & $-0.0683132$ & $-0.137119$ & $-0.155038$ & $-0.133503$ & $-0.17415$ & $-0.486204$ & $-0.119517$ & $-0.165725$ & $0.339534$ & $-0.10022$ & $-0.109453$ & $0.116344$ & $0.382667$ & $0.226451$ & $-0.315005$ & $0.304888$ & $0.148048$ & $-0.499291$ & $0.160783$ & $-0.0221002$ & $0.436242$ & $1$ & $0.405106$ & $0.209047$ & $0.0903726$ & $0.0555583$ & $-0.0710424$ & $0.343178$ & $-0.153559$ & $-0.363744$ & $0.230983$ & $-0.481412$ \\
eHZZpar & $-0.0340493$ & $0.0605348$ & $-0.055598$ & $0.703643$ & $0.150661$ & $-0.0611427$ & $0.0594623$ & $-0.15237$ & $-0.103738$ & $-0.16425$ & $0.226024$ & $-0.397012$ & $0.0639895$ & $-0.062084$ & $0.418124$ & $-0.0210976$ & $-0.0406503$ & $-0.234546$ & $0.0312018$ & $-0.244021$ & $-0.35066$ & $-0.297139$ & $0.0237263$ & $-0.0286792$ & $-0.081381$ & $-0.191386$ & $-0.352916$ & $-0.19488$ & $0.0574804$ & $0.304838$ & $0.204277$ & $0.128923$ & $0.333829$ & $-0.28517$ & $-0.178968$ & $0.473759$ & $-0.772303$ & $-0.256647$ & $0.405106$ & $1$ & $0.689636$ & $0.523801$ & $0.399623$ & $-0.406595$ & $-0.453198$ & $-0.36679$ & $-0.626589$ & $-0.111811$ & $-0.0118773$ \\
eHZgaint & $-0.262296$ & $0.0771773$ & $-0.411712$ & $0.710537$ & $0.266774$ & $0.12095$ & $-0.0770119$ & $-0.287326$ & $-0.273844$ & $0.0276909$ & $0.277571$ & $-0.341101$ & $0.145999$ & $0.124992$ & $0.140227$ & $-0.0287094$ & $0.143072$ & $0.0767453$ & $0.183875$ & $-0.318612$ & $-0.227041$ & $-0.331855$ & $0.215865$ & $0.163353$ & $0.148166$ & $-0.316656$ & $-0.286539$ & $-0.0713164$ & $0.0963804$ & $0.358763$ & $0.272984$ & $-0.0294601$ & $0.315404$ & $-0.196838$ & $-0.242258$ & $0.279717$ & $-0.831626$ & $-0.529314$ & $0.209047$ & $0.689636$ & $1$ & $0.0604227$ & $-0.0363314$ & $-0.152798$ & $-0.561223$ & $-0.14623$ & $-0.206798$ & $0.00216477$ & $-0.258549$ \\
eHZgapar & $-0.12113$ & $-0.0350946$ & $0.193382$ & $0.275817$ & $0.0604364$ & $-0.140206$ & $0.14029$ & $-0.0644558$ & $0.00294625$ & $-0.213846$ & $0.193725$ & $-0.273052$ & $0.00209235$ & $-0.216651$ & $0.649127$ & $0.145634$ & $-0.181024$ & $-0.526398$ & $-0.244523$ & $-0.140587$ & $-0.402946$ & $-0.228107$ & $-0.0467849$ & $-0.133166$ & $-0.3267$ & $-0.111063$ & $-0.483313$ & $-0.180587$ & $-0.0146874$ & $0.0788769$ & $0.0393483$ & $0.199374$ & $0.208295$ & $-0.45549$ & $0.27575$ & $0.187039$ & $-0.252387$ & $0.0898833$ & $0.0903726$ & $0.523801$ & $0.0604227$ & $1$ & $0.77567$ & $-0.310204$ & $-0.285741$ & $-0.368996$ & $-0.688702$ & $-0.501275$ & $0.458969$ \\
eHgagaint & $-0.162619$ & $-0.0917765$ & $-0.014717$ & $0.1059$ & $-0.0221431$ & $-0.179677$ & $0.168837$ & $0.123008$ & $0.203293$ & $-0.336249$ & $0.0639791$ & $-0.242831$ & $-0.0467382$ & $-0.380743$ & $0.440461$ & $-0.0427319$ & $-0.319322$ & $-0.530567$ & $-0.270439$ & $-0.00235063$ & $-0.229013$ & $-0.0769429$ & $-0.0398758$ & $-0.310907$ & $-0.327707$ & $-0.0144172$ & $-0.0700509$ & $-0.1488$ & $-0.0072192$ & $0.0417863$ & $-0.0711654$ & $0.233111$ & $0.146947$ & $-0.217553$ & $0.543015$ & $0.439553$ & $-0.187232$ & $-0.0907107$ & $0.0555583$ & $0.399623$ & $-0.0363314$ & $0.77567$ & $1$ & $-0.609462$ & $-0.0467941$ & $-0.139078$ & $-0.764777$ & $-0.476723$ & $0.37346$ \\
eHmumuint & $0.0802412$ & $-0.0747974$ & $0.365943$ & $-0.244294$ & $-0.122845$ & $0.176263$ & $-0.368241$ & $-0.0869105$ & $-0.151218$ & $0.149489$ & $0.00188784$ & $-0.0156644$ & $0.314842$ & $0.20323$ & $-0.113656$ & $0.300455$ & $0.115824$ & $0.162761$ & $-0.0351393$ & $-0.0500504$ & $0.0137769$ & $-0.0531438$ & $-0.129288$ & $0.228157$ & $-0.0144938$ & $0.0745115$ & $-0.335048$ & $0.0913729$ & $0.0280239$ & $0.123165$ & $0.232587$ & $-0.415256$ & $0.0709393$ & $-0.0285142$ & $-0.300557$ & $-0.648025$ & $0.372832$ & $0.378424$ & $-0.0710424$ & $-0.406595$ & $-0.152798$ & $-0.310204$ & $-0.609462$ & $1$ & $0.062439$ & $0.133551$ & $0.617793$ & $0.0407468$ & $-0.148336$ \\
eHtautauint & $0.463193$ & $0.00978405$ & $0.464449$ & $-0.625671$ & $-0.503093$ & $0.00439285$ & $-0.343995$ & $0.304818$ & $0.27115$ & $-0.29939$ & $-0.185052$ & $-0.160914$ & $0.284777$ & $-0.255303$ & $-0.382526$ & $-0.0189515$ & $-0.347774$ & $-0.0266943$ & $-0.228756$ & $0.140165$ & $0.176528$ & $0.143668$ & $-0.51853$ & $-0.239459$ & $-0.180577$ & $0.585679$ & $0.390762$ & $0.0325616$ & $0.0233128$ & $0.089708$ & $0.00798013$ & $-0.372305$ & $-0.00623947$ & $0.414478$ & $0.0817493$ & $0.0572456$ & $0.722919$ & $0.46869$ & $0.343178$ & $-0.453198$ & $-0.561223$ & $-0.285741$ & $-0.0467941$ & $0.062439$ & $1$ & $0.286456$ & $0.101029$ & $0.197561$ & $-0.399789$ \\
eHccint & $-0.13734$ & $-0.509741$ & $-0.189582$ & $-0.123199$ & $-0.357511$ & $0.190004$ & $-0.558687$ & $0.210635$ & $0.169013$ & $-0.1484$ & $-0.129512$ & $-0.304804$ & $0.521354$ & $-0.0921958$ & $-0.383725$ & $0.108127$ & $-0.249735$ & $0.0780685$ & $-0.170714$ & $0.0705447$ & $0.178598$ & $0.00256442$ & $-0.278542$ & $-0.130458$ & $-0.103048$ & $0.303584$ & $0.176694$ & $0.263162$ & $0.0714066$ & $0.342913$ & $0.218375$ & $-0.558551$ & $0.355047$ & $0.291414$ & $0.290366$ & $0.029462$ & $0.175947$ & $-0.0951107$ & $-0.153559$ & $-0.36679$ & $-0.14623$ & $-0.368996$ & $-0.139078$ & $0.133551$ & $0.286456$ & $1$ & $0.202242$ & $-0.383742$ & $-0.0396124$ \\
eHccpar & $-0.121257$ & $0.0793107$ & $-0.0593017$ & $-0.41631$ & $0.122282$ & $0.0896642$ & $-0.0206747$ & $-0.100328$ & $-0.163238$ & $0.398123$ & $-0.0836941$ & $0.396885$ & $-0.0996173$ & $0.30885$ & $-0.336323$ & $0.0222195$ & $0.329594$ & $0.4188$ & $0.221492$ & $0.0909044$ & $0.235909$ & $0.154314$ & $0.194904$ & $0.300533$ & $0.300088$ & $-0.0569944$ & $0.12086$ & $0.132356$ & $-0.0610024$ & $-0.238266$ & $-0.0258143$ & $-0.0898927$ & $-0.334251$ & $0.124101$ & $-0.148642$ & $-0.560515$ & $0.365645$ & $0.00813083$ & $-0.363744$ & $-0.626589$ & $-0.206798$ & $-0.688702$ & $-0.764777$ & $0.617793$ & $0.101029$ & $0.202242$ & $1$ & $0.39937$ & $-0.276299$ \\
eHbbint & $0.325997$ & $0.606484$ & $0.0340449$ & $-0.254332$ & $0.184121$ & $-0.110112$ & $0.369033$ & $-0.0660842$ & $-0.0872747$ & $0.281736$ & $-0.0909308$ & $0.475001$ & $-0.458981$ & $0.227526$ & $-0.259636$ & $-0.281045$ & $0.307441$ & $0.364422$ & $0.33643$ & $0.0976462$ & $0.220091$ & $0.240465$ & $0.198759$ & $0.152042$ & $0.367815$ & $-0.0726624$ & $0.386048$ & $-0.0683961$ & $-0.105572$ & $-0.377843$ & $-0.236953$ & $0.32271$ & $-0.510321$ & $0.224076$ & $-0.476448$ & $-0.155055$ & $0.13625$ & $0.080393$ & $0.230983$ & $-0.111811$ & $0.00216477$ & $-0.501275$ & $-0.476723$ & $0.0407468$ & $0.197561$ & $-0.383742$ & $0.39937$ & $1$ & $-0.509206$ \\
eHbbpar & $-0.205635$ & $-0.262247$ & $-0.0767359$ & $0.171481$ & $0.177817$ & $-0.119041$ & $0.333658$ & $0.00438008$ & $0.0442706$ & $0.126499$ & $-0.0440912$ & $0.291425$ & $-0.316361$ & $0.0197042$ & $0.344036$ & $0.0421761$ & $0.0771995$ & $-0.183954$ & $-0.0208577$ & $0.126814$ & $-0.0254844$ & $0.0948022$ & $0.231928$ & $-0.0401332$ & $-0.0702882$ & $-0.255708$ & $-0.163721$ & $0.0439164$ & $-0.0740451$ & $-0.271367$ & $-0.211127$ & $0.349826$ & $-0.0358325$ & $-0.278613$ & $0.315352$ & $-0.0234026$ & $-0.0465654$ & $-0.0511172$ & $-0.481412$ & $-0.0118773$ & $-0.258549$ & $0.458969$ & $0.37346$ & $-0.148336$ & $-0.399789$ & $-0.0396124$ & $-0.276299$ & $-0.509206$ & $1$ \\
