 & AlsMz & dAle5Mz & mtop & mHl & Mz & CW & CHG & CHWB & CHWHB_gaga & CHWHB_gagaorth & CHD & CHbox & CH & CHL1_11 & CHL1_22 & CHL1_33 & CHL3_11 & CHL3_22 & CHL3_33 & CHe_11 & CHe_22 & CHe_33 & CHQ1_11 & CHQ1_33 & CHQ3_11 & CHu_11 & CHd_11 & CHd_33 & CeH_22r & CeH_33r & CuH_22r & CuH_33r & CdH_33r & CLL_1221 & eHggint & eHggpar & eHWWint & eHWWpar & eHZZint & eHZZpar & eHZgaint & eHZgapar & eHgagaint & eHmumuint & eHtautauint & eHccint & eHccpar & eHbbint & eHbbpar \\
AlsMz & $1$ & $0.0323181$ & $0.0444972$ & $0.0834187$ & $-0.0191141$ & $-0.0330722$ & $0.0205623$ & $-0.0220054$ & $-0.0157734$ & $0.0189805$ & $-0.0131727$ & $-0.0412947$ & $0.0269401$ & $0.0332463$ & $-0.0144842$ & $-0.0360686$ & $0.0699174$ & $0.0647883$ & $0.0853988$ & $0.00866762$ & $0.0107179$ & $0.0149611$ & $-0.028666$ & $-0.00554351$ & $-0.0168237$ & $-0.0368357$ & $-0.00950684$ & $-0.00838592$ & $-0.00428533$ & $0.00718153$ & $0.0177082$ & $0.0171806$ & $-0.0479519$ & $0.00596348$ & $-0.0396816$ & $0.0238755$ & $0.0114286$ & $-0.0468684$ & $0.125032$ & $-0.0456303$ & $0.0961249$ & $0.0632216$ & $-0.0138596$ & $-0.0106815$ & $-0.0508551$ & $0.206943$ & $0.00183518$ & $-0.154784$ & $-0.151822$ \\
dAle5Mz & $0.0323181$ & $1$ & $0.0374695$ & $-0.202452$ & $0.0606387$ & $-0.000392408$ & $-0.00516207$ & $-0.0232326$ & $-0.0198214$ & $-0.0127126$ & $0.00686198$ & $-0.0113463$ & $0.00851134$ & $-0.0064333$ & $-0.00464156$ & $0.00835025$ & $0.0207809$ & $0.00840431$ & $0.000946985$ & $0.0111048$ & $0.0117392$ & $0.0162104$ & $0.0741103$ & $-0.0199908$ & $0.0150108$ & $-0.0539916$ & $0.0255808$ & $-0.0609284$ & $-0.00759555$ & $-0.0179487$ & $0.0338461$ & $-0.00595075$ & $-0.0225861$ & $0.0501324$ & $-0.0359542$ & $0.102209$ & $0.134488$ & $-0.0311544$ & $-0.0275374$ & $-0.022671$ & $0.00938516$ & $0.0273047$ & $0.0781566$ & $0.0795049$ & $-0.0441695$ & $0.0478158$ & $0.064387$ & $-0.0228569$ & $-0.0703549$ \\
mtop & $0.0444972$ & $0.0374695$ & $1$ & $0.0378818$ & $0.0296169$ & $0.00895381$ & $0.0409757$ & $5.26788e-05$ & $-0.00700825$ & $0.00235013$ & $0.042352$ & $0.0412751$ & $-0.0217696$ & $-0.0790194$ & $-0.0277864$ & $-0.0231682$ & $-0.0667787$ & $-0.0609807$ & $-0.0641755$ & $-0.0347285$ & $-0.0328749$ & $-0.0353912$ & $-0.0300147$ & $-0.0545689$ & $-0.0540645$ & $0.0291384$ & $0.0186864$ & $0.00754801$ & $0.019157$ & $-0.0216041$ & $-0.0667203$ & $0.0474068$ & $-0.0223699$ & $0.025601$ & $0.0248468$ & $-0.0412115$ & $0.0855192$ & $0.0310525$ & $0.0776588$ & $-0.0307281$ & $0.109115$ & $0.0424477$ & $-0.159551$ & $0.0269928$ & $-0.08979$ & $-0.103848$ & $-0.0219855$ & $0.0729518$ & $-0.0171283$ \\
mHl & $0.0834187$ & $-0.202452$ & $0.0378818$ & $1$ & $-0.0642267$ & $0.00625747$ & $-0.0583848$ & $0.00435567$ & $0.0196918$ & $-0.035434$ & $-0.0187424$ & $-0.0961457$ & $0.0726163$ & $0.0343938$ & $0.0441298$ & $0.0163189$ & $0.0234636$ & $0.00575424$ & $0.0270989$ & $0.0188904$ & $0.0107204$ & $0.00996012$ & $-0.0312332$ & $0.0430439$ & $0.0125406$ & $-0.012254$ & $-0.0268132$ & $0.00707465$ & $0.068683$ & $0.0414544$ & $0.0585034$ & $-0.0707259$ & $0.0250502$ & $-0.0538197$ & $-0.0585817$ & $0.0159582$ & $0.065195$ & $-0.0432525$ & $0.038202$ & $0.00119902$ & $0.178488$ & $0.022255$ & $0.162922$ & $-0.0610272$ & $0.0201539$ & $0.108015$ & $0.0634836$ & $0.0151657$ & $-0.0969915$ \\
Mz & $-0.0191141$ & $0.0606387$ & $0.0296169$ & $-0.0642267$ & $1$ & $-0.00159564$ & $0.00898849$ & $-0.0302017$ & $-0.0296954$ & $0.0252348$ & $0.0477866$ & $0.0385076$ & $-0.0326435$ & $-0.0280428$ & $0.00977528$ & $0.00769605$ & $-0.0387272$ & $-0.0360576$ & $-0.0322432$ & $-0.0391343$ & $-0.0451208$ & $-0.0375003$ & $-0.00621087$ & $-0.00178804$ & $-0.0335012$ & $0.0309108$ & $-0.0420679$ & $-0.0166072$ & $0.0156304$ & $-0.0279245$ & $-0.0225745$ & $0.00705732$ & $-0.0378729$ & $-0.0459768$ & $0.00252381$ & $0.00835993$ & $0.0539042$ & $-0.0286919$ & $0.0193115$ & $-0.0165666$ & $0.0250606$ & $0.0190679$ & $-0.0128389$ & $0.0695513$ & $0.0107661$ & $-0.00843224$ & $-0.0321209$ & $0.00485169$ & $-0.0302941$ \\
CW & $-0.0330722$ & $-0.000392408$ & $0.00895381$ & $0.00625747$ & $-0.00159564$ & $1$ & $0.115493$ & $0.0174306$ & $0.0212612$ & $0.0118188$ & $0.122074$ & $0.148233$ & $-0.127106$ & $-0.0607627$ & $-0.0679235$ & $-0.0985712$ & $-0.406901$ & $-0.230424$ & $-0.207398$ & $-0.121717$ & $-0.121672$ & $-0.115124$ & $-0.0254021$ & $-0.18447$ & $-0.264609$ & $0.100803$ & $-0.0235921$ & $-0.0800264$ & $-0.0280777$ & $-0.0938836$ & $-0.0573194$ & $0.113981$ & $-0.0990594$ & $-0.0560835$ & $-0.0417892$ & $-0.00647267$ & $0.0114865$ & $-3.27604e-06$ & $0.00604757$ & $-0.000638968$ & $0.0349183$ & $0.0336309$ & $-0.0235541$ & $-0.0377567$ & $0.00322972$ & $0.0384929$ & $-0.025847$ & $-0.00156458$ & $-0.0036877$ \\
CHG & $0.0205623$ & $-0.00516207$ & $0.0409757$ & $-0.0583848$ & $0.00898849$ & $0.115493$ & $1$ & $-0.0442029$ & $-0.0247506$ & $0.212904$ & $0.107337$ & $0.76972$ & $-0.804362$ & $-0.108134$ & $-0.0629976$ & $-0.0118206$ & $-0.147892$ & $-0.0921503$ & $-0.124667$ & $-0.105209$ & $-0.109397$ & $-0.104983$ & $-0.0266941$ & $-0.0483821$ & $-0.113481$ & $0.0958388$ & $-0.0245805$ & $-0.0650363$ & $-0.155835$ & $-0.597231$ & $-0.360054$ & $0.957845$ & $-0.614604$ & $-0.0108215$ & $-0.207293$ & $-0.0680279$ & $0.095187$ & $-0.0151376$ & $0.0549283$ & $-0.0397205$ & $-0.0333739$ & $0.0456218$ & $-0.0883575$ & $-0.0402753$ & $0.0759488$ & $0.0678762$ & $-0.0198664$ & $0.0473121$ & $-0.06506$ \\
CHWB & $-0.0220054$ & $-0.0232326$ & $5.26788e-05$ & $0.00435567$ & $-0.0302017$ & $0.0174306$ & $-0.0442029$ & $1$ & $0.989997$ & $-0.567749$ & $-0.868484$ & $-0.134461$ & $0.0739815$ & $0.288435$ & $0.471645$ & $0.438868$ & $-0.204935$ & $-0.392101$ & $-0.370068$ & $0.852482$ & $0.882758$ & $0.875123$ & $0.0490088$ & $-0.620078$ & $-0.337803$ & $-0.619432$ & $0.428251$ & $0.372628$ & $0.0194792$ & $0.0610682$ & $0.0546577$ & $-0.0414134$ & $0.0603168$ & $0.51295$ & $0.00739057$ & $0.0912072$ & $-0.0220672$ & $0.0173656$ & $-0.0178359$ & $-0.0234785$ & $0.0500002$ & $-0.025069$ & $0.00394003$ & $0.0191583$ & $-0.0040451$ & $-0.0124296$ & $0.00110511$ & $-0.0244897$ & $-0.0164619$ \\
CHWHB_gaga & $-0.0157734$ & $-0.0198214$ & $-0.00700825$ & $0.0196918$ & $-0.0296954$ & $0.0212612$ & $-0.0247506$ & $0.989997$ & $1$ & $-0.562529$ & $-0.859741$ & $-0.138032$ & $0.0810429$ & $0.28592$ & $0.472677$ & $0.435077$ & $-0.20391$ & $-0.391963$ & $-0.365808$ & $0.844323$ & $0.873613$ & $0.866296$ & $0.0476867$ & $-0.61266$ & $-0.336424$ & $-0.615421$ & $0.420374$ & $0.368985$ & $0.0270955$ & $0.0813734$ & $0.0686384$ & $-0.0247799$ & $0.082676$ & $0.501928$ & $-0.00885587$ & $0.0955838$ & $-0.0258404$ & $0.00945928$ & $-0.0236138$ & $-0.0214256$ & $0.0499027$ & $-0.0204788$ & $0.0544176$ & $0.00147309$ & $0.00407807$ & $-0.00307829$ & $0.00491646$ & $-0.0216983$ & $-0.0129202$ \\
CHWHB_gagaorth & $0.0189805$ & $-0.0127126$ & $0.00235013$ & $-0.035434$ & $0.0252348$ & $0.0118188$ & $0.212904$ & $-0.567749$ & $-0.562529$ & $1$ & $0.506737$ & $0.390602$ & $-0.268237$ & $-0.184711$ & $-0.289399$ & $-0.262243$ & $0.0916336$ & $0.209309$ & $0.191047$ & $-0.50114$ & $-0.513988$ & $-0.507651$ & $-0.0231912$ & $0.339631$ & $0.173454$ & $0.373132$ & $-0.22371$ & $-0.200204$ & $-0.0655744$ & $-0.229343$ & $-0.170257$ & $0.222598$ & $-0.245188$ & $-0.272969$ & $0.00968881$ & $-0.0690044$ & $0.0603549$ & $-0.00206802$ & $0.020093$ & $0.0161146$ & $-0.0702866$ & $0.0481469$ & $-0.0299716$ & $-0.0544352$ & $0.0352543$ & $0.050701$ & $-0.0455493$ & $0.0112632$ & $0.0252197$ \\
CHD & $-0.0131727$ & $0.00686198$ & $0.042352$ & $-0.0187424$ & $0.0477866$ & $0.122074$ & $0.107337$ & $-0.868484$ & $-0.859741$ & $0.506737$ & $1$ & $0.240951$ & $-0.155134$ & $-0.686336$ & $-0.58897$ & $-0.559552$ & $-0.280656$ & $-0.0457248$ & $-0.0699092$ & $-0.994875$ & $-0.995156$ & $-0.984384$ & $0.00269447$ & $0.190581$ & $-0.111424$ & $0.712287$ & $-0.294665$ & $-0.416061$ & $-0.0259887$ & $-0.112165$ & $-0.0972517$ & $0.11352$ & $-0.123511$ & $-0.304299$ & $-0.00999939$ & $-0.0799885$ & $-0.00329147$ & $-0.0076458$ & $0.00860206$ & $0.0120256$ & $-0.0300947$ & $0.0270217$ & $-0.033317$ & $-0.0337401$ & $-0.0114129$ & $-0.0122054$ & $-0.0239739$ & $0.0357595$ & $0.0273209$ \\
CHbox & $-0.0412947$ & $-0.0113463$ & $0.0412751$ & $-0.0961457$ & $0.0385076$ & $0.148233$ & $0.76972$ & $-0.134461$ & $-0.138032$ & $0.390602$ & $0.240951$ & $1$ & $-0.949676$ & $-0.234479$ & $-0.132393$ & $-0.0712482$ & $-0.23978$ & $-0.152159$ & $-0.191626$ & $-0.235491$ & $-0.242121$ & $-0.233205$ & $-0.00914404$ & $-0.0615801$ & $-0.180841$ & $0.183872$ & $-0.0656151$ & $-0.100248$ & $-0.185815$ & $-0.658525$ & $-0.392736$ & $0.71772$ & $-0.664843$ & $-0.0441398$ & $-0.156545$ & $-0.127184$ & $0.052199$ & $-0.0254917$ & $0.0474939$ & $-0.025509$ & $-0.0489027$ & $0.0758603$ & $-0.111565$ & $-0.0495118$ & $0.0690912$ & $0.069825$ & $-0.0306204$ & $0.0608454$ & $-0.0293148$ \\
CH & $0.0269401$ & $0.00851134$ & $-0.0217696$ & $0.0726163$ & $-0.0326435$ & $-0.127106$ & $-0.804362$ & $0.0739815$ & $0.0810429$ & $-0.268237$ & $-0.155134$ & $-0.949676$ & $1$ & $0.157814$ & $0.0929668$ & $0.0288859$ & $0.186267$ & $0.115423$ & $0.156864$ & $0.151221$ & $0.156381$ & $0.148397$ & $0.0118239$ & $0.0579341$ & $0.145199$ & $-0.122166$ & $0.0449651$ & $0.070063$ & $0.193154$ & $0.72386$ & $0.424587$ & $-0.729933$ & $0.73459$ & $0.0170072$ & $0.189086$ & $0.124014$ & $-0.0489892$ & $0.0224994$ & $-0.0426991$ & $0.0298601$ & $0.0394653$ & $-0.0548684$ & $0.102839$ & $0.0292455$ & $-0.0607928$ & $-0.0650397$ & $0.0221617$ & $-0.0439229$ & $0.056407$ \\
CHL1_11 & $0.0332463$ & $-0.0064333$ & $-0.0790194$ & $0.0343938$ & $-0.0280428$ & $-0.0607627$ & $-0.108134$ & $0.288435$ & $0.28592$ & $-0.184711$ & $-0.686336$ & $-0.234479$ & $0.157814$ & $1$ & $0.427921$ & $0.408701$ & $0.654854$ & $0.595795$ & $0.616148$ & $0.695011$ & $0.658408$ & $0.650467$ & $-0.0803513$ & $0.446187$ & $0.618084$ & $-0.485113$ & $-0.0304796$ & $0.264068$ & $0.0190159$ & $0.1111$ & $0.0876841$ & $-0.124061$ & $0.130615$ & $-0.165393$ & $-0.00831617$ & $0.00703334$ & $0.0334354$ & $-0.00600889$ & $-0.00233242$ & $0.0126366$ & $-0.00739146$ & $-0.0231207$ & $0.0380032$ & $0.0231537$ & $0.0394132$ & $0.0526128$ & $0.0250223$ & $-0.0164553$ & $-0.0363027$ \\
CHL1_22 & $-0.0144842$ & $-0.00464156$ & $-0.0277864$ & $0.0441298$ & $0.00977528$ & $-0.0679235$ & $-0.0629976$ & $0.471645$ & $0.472677$ & $-0.289399$ & $-0.58897$ & $-0.132393$ & $0.0929668$ & $0.427921$ & $1$ & $0.550089$ & $0.185461$ & $-0.289708$ & $0.0192024$ & $0.630922$ & $0.533745$ & $0.531902$ & $-0.190145$ & $0.040982$ & $-0.0468809$ & $-0.365619$ & $-0.286884$ & $0.217095$ & $0.0333368$ & $0.0547915$ & $0.0750482$ & $-0.066571$ & $0.0701059$ & $-0.474563$ & $0.00652307$ & $0.0908293$ & $0.0162979$ & $-0.0262674$ & $0.00150173$ & $0.0169412$ & $0.00157593$ & $-0.0247958$ & $0.0365609$ & $0.026287$ & $0.00787818$ & $0.0163747$ & $0.0311032$ & $-0.0327316$ & $-0.0259289$ \\
CHL1_33 & $-0.0360686$ & $0.00835025$ & $-0.0231682$ & $0.0163189$ & $0.00769605$ & $-0.0985712$ & $-0.0118206$ & $0.438868$ & $0.435077$ & $-0.262243$ & $-0.559552$ & $-0.0712482$ & $0.0288859$ & $0.408701$ & $0.550089$ & $1$ & $0.195973$ & $0.0187508$ & $-0.261772$ & $0.604084$ & $0.506805$ & $0.521973$ & $-0.15789$ & $0.0599982$ & $-0.0307589$ & $-0.373994$ & $-0.298518$ & $0.194984$ & $0.0110266$ & $0.0155892$ & $0.0458582$ & $-0.0110417$ & $0.0200699$ & $-0.0544508$ & $0.0125793$ & $0.0339191$ & $-0.00103461$ & $0.0164417$ & $0.0177077$ & $-0.00848385$ & $-0.0136111$ & $-0.0317397$ & $-0.0208106$ & $0.0458009$ & $0.0103041$ & $0.0046464$ & $0.0426808$ & $-0.00343807$ & $-0.0493827$ \\
CHL3_11 & $0.0699174$ & $0.0207809$ & $-0.0667787$ & $0.0234636$ & $-0.0387272$ & $-0.406901$ & $-0.147892$ & $-0.204935$ & $-0.20391$ & $0.0916336$ & $-0.280656$ & $-0.23978$ & $0.186267$ & $0.654854$ & $0.185461$ & $0.195973$ & $1$ & $0.828863$ & $0.830229$ & $0.290356$ & $0.257378$ & $0.249123$ & $-0.0576899$ & $0.760924$ & $0.866401$ & $-0.207779$ & $-0.141122$ & $0.107115$ & $0.0138679$ & $0.116438$ & $0.0929657$ & $-0.164834$ & $0.142509$ & $-0.241522$ & $0.0216414$ & $-0.00670154$ & $0.0455697$ & $-0.0121678$ & $0.0271467$ & $0.016437$ & $-0.0375214$ & $-0.00169728$ & $0.0643638$ & $0.02824$ & $0.0196294$ & $0.0305698$ & $0.0515972$ & $-0.03014$ & $5.73695e-05$ \\
CHL3_22 & $0.0647883$ & $0.00840431$ & $-0.0609807$ & $0.00575424$ & $-0.0360576$ & $-0.230424$ & $-0.0921503$ & $-0.392101$ & $-0.391963$ & $0.209309$ & $-0.0457248$ & $-0.152159$ & $0.115423$ & $0.595795$ & $-0.289708$ & $0.0187508$ & $0.828863$ & $1$ & $0.796075$ & $0.0433106$ & $0.0408227$ & $0.0358879$ & $0.00851421$ & $0.749478$ & $0.873887$ & $-0.0614865$ & $-0.0518384$ & $0.0159241$ & $-0.00524055$ & $0.0766147$ & $0.0443318$ & $-0.107815$ & $0.0917127$ & $-0.0563461$ & $0.00412443$ & $-0.0699173$ & $0.036243$ & $0.00368888$ & $0.0166931$ & $0.0105764$ & $-0.035118$ & $0.00429919$ & $0.0309787$ & $0.0147077$ & $0.0255128$ & $0.034853$ & $0.0233342$ & $-0.00254849$ & $-0.00758052$ \\
CHL3_33 & $0.0853988$ & $0.000946985$ & $-0.0641755$ & $0.0270989$ & $-0.0322432$ & $-0.207398$ & $-0.124667$ & $-0.370068$ & $-0.365808$ & $0.191047$ & $-0.0699092$ & $-0.191626$ & $0.156864$ & $0.616148$ & $0.0192024$ & $-0.261772$ & $0.830229$ & $0.796075$ & $1$ & $0.0660331$ & $0.0635947$ & $0.0597562$ & $-0.0146981$ & $0.743536$ & $0.872104$ & $-0.0593194$ & $-0.0429788$ & $0.0252966$ & $0.0112984$ & $0.102719$ & $0.0608669$ & $-0.14366$ & $0.126822$ & $-0.346305$ & $-0.00776059$ & $-0.0371664$ & $0.0527627$ & $-0.0289516$ & $0.00317824$ & $0.022759$ & $-0.0259083$ & $0.00668508$ & $0.0689343$ & $-0.000589631$ & $0.0313378$ & $0.0441646$ & $0.0201988$ & $-0.0214698$ & $0.00574982$ \\
CHe_11 & $0.00866762$ & $0.0111048$ & $-0.0347285$ & $0.0188904$ & $-0.0391343$ & $-0.121717$ & $-0.105209$ & $0.852482$ & $0.844323$ & $-0.50114$ & $-0.994875$ & $-0.235491$ & $0.151221$ & $0.695011$ & $0.630922$ & $0.604084$ & $0.290356$ & $0.0433106$ & $0.0660331$ & $1$ & $0.985176$ & $0.975077$ & $-0.0209775$ & $-0.159327$ & $0.113516$ & $-0.705257$ & $0.240038$ & $0.411649$ & $0.0267585$ & $0.10774$ & $0.0967202$ & $-0.111452$ & $0.119338$ & $0.248259$ & $0.00764689$ & $0.0796673$ & $0.00804659$ & $0.00375779$ & $-0.0092473$ & $-0.0109529$ & $0.0301526$ & $-0.0274788$ & $0.0330644$ & $0.0375573$ & $0.00965838$ & $0.0111553$ & $0.0242639$ & $-0.0349174$ & $-0.0340517$ \\
CHe_22 & $0.0107179$ & $0.0117392$ & $-0.0328749$ & $0.0107204$ & $-0.0451208$ & $-0.121672$ & $-0.109397$ & $0.882758$ & $0.873613$ & $-0.513988$ & $-0.995156$ & $-0.242121$ & $0.156381$ & $0.658408$ & $0.533745$ & $0.506805$ & $0.257378$ & $0.0408227$ & $0.0635947$ & $0.985176$ & $1$ & $0.986936$ & $0.022513$ & $-0.232707$ & $0.101573$ & $-0.71547$ & $0.358703$ & $0.417376$ & $0.0253717$ & $0.113981$ & $0.0953655$ & $-0.115376$ & $0.124837$ & $0.372599$ & $0.00870348$ & $0.081786$ & $0.00482417$ & $0.00801959$ & $-0.0113623$ & $-0.0153383$ & $0.0347112$ & $-0.0253079$ & $0.0350114$ & $0.0326429$ & $0.0102312$ & $0.00932402$ & $0.022296$ & $-0.0359226$ & $-0.0225224$ \\
CHe_33 & $0.0149611$ & $0.0162104$ & $-0.0353912$ & $0.00996012$ & $-0.0375003$ & $-0.115124$ & $-0.104983$ & $0.875123$ & $0.866296$ & $-0.507651$ & $-0.984384$ & $-0.233205$ & $0.148397$ & $0.650467$ & $0.531902$ & $0.521973$ & $0.249123$ & $0.0358879$ & $0.0597562$ & $0.975077$ & $0.986936$ & $1$ & $0.023214$ & $-0.233967$ & $0.094561$ & $-0.707499$ & $0.349904$ & $0.406261$ & $0.0304291$ & $0.107886$ & $0.0884344$ & $-0.112706$ & $0.115948$ & $0.367251$ & $-0.000123463$ & $0.0764292$ & $0.0130473$ & $0.00769438$ & $-0.0127928$ & $-0.0186722$ & $0.0288393$ & $-0.025353$ & $0.0353849$ & $0.0316318$ & $0.0142184$ & $0.0161363$ & $0.0246808$ & $-0.0412234$ & $-0.028966$ \\
CHQ1_11 & $-0.028666$ & $0.0741103$ & $-0.0300147$ & $-0.0312332$ & $-0.00621087$ & $-0.0254021$ & $-0.0266941$ & $0.0490088$ & $0.0476867$ & $-0.0231912$ & $0.00269447$ & $-0.00914404$ & $0.0118239$ & $-0.0803513$ & $-0.190145$ & $-0.15789$ & $-0.0576899$ & $0.00851421$ & $-0.0146981$ & $-0.0209775$ & $0.022513$ & $0.023214$ & $1$ & $-0.132143$ & $0.0618367$ & $-0.563822$ & $0.36927$ & $0.00662494$ & $-0.0123653$ & $-0.00565304$ & $-0.0176127$ & $-0.0373507$ & $-0.0176886$ & $0.238475$ & $0.0170457$ & $-0.00267816$ & $0.0124689$ & $0.00514724$ & $-0.0168467$ & $0.030147$ & $0.0281161$ & $0.012791$ & $0.0157563$ & $0.0578872$ & $0.037594$ & $-0.0128469$ & $0.0445721$ & $-0.0423527$ & $-0.00102377$ \\
CHQ1_33 & $-0.00554351$ & $-0.0199908$ & $-0.0545689$ & $0.0430439$ & $-0.00178804$ & $-0.18447$ & $-0.0483821$ & $-0.620078$ & $-0.61266$ & $0.339631$ & $0.190581$ & $-0.0615801$ & $0.0579341$ & $0.446187$ & $0.040982$ & $0.0599982$ & $0.760924$ & $0.749478$ & $0.743536$ & $-0.159327$ & $-0.232707$ & $-0.233967$ & $-0.132143$ & $1$ & $0.753757$ & $0.149778$ & $-0.419068$ & $-0.0288337$ & $-0.00529508$ & $0.0259952$ & $0.02391$ & $-0.0639045$ & $0.0432307$ & $-0.601682$ & $-0.00372298$ & $-0.0688574$ & $0.0397501$ & $-0.0256719$ & $0.00663141$ & $0.049043$ & $-0.0567228$ & $0.00292598$ & $0.0480583$ & $0.0161949$ & $0.0348557$ & $0.0261879$ & $0.0197648$ & $0.0021548$ & $-0.0195014$ \\
CHQ3_11 & $-0.0168237$ & $0.0150108$ & $-0.0540645$ & $0.0125406$ & $-0.0335012$ & $-0.264609$ & $-0.113481$ & $-0.337803$ & $-0.336424$ & $0.173454$ & $-0.111424$ & $-0.180841$ & $0.145199$ & $0.618084$ & $-0.0468809$ & $-0.0307589$ & $0.866401$ & $0.873887$ & $0.872104$ & $0.113516$ & $0.101573$ & $0.094561$ & $0.0618367$ & $0.753757$ & $1$ & $-0.0985493$ & $0.115949$ & $0.0340797$ & $0.00633777$ & $0.0915576$ & $0.0501481$ & $-0.128887$ & $0.115828$ & $-0.222686$ & $-0.00273028$ & $-0.0224208$ & $0.061142$ & $-0.0112915$ & $0.013139$ & $0.0202167$ & $-0.0126673$ & $-0.00115567$ & $0.0716848$ & $0.014231$ & $0.0331553$ & $0.0168695$ & $0.0102005$ & $-0.0223498$ & $0.00242197$ \\
CHu_11 & $-0.0368357$ & $-0.0539916$ & $0.0291384$ & $-0.012254$ & $0.0309108$ & $0.100803$ & $0.0958388$ & $-0.619432$ & $-0.615421$ & $0.373132$ & $0.712287$ & $0.183872$ & $-0.122166$ & $-0.485113$ & $-0.365619$ & $-0.373994$ & $-0.207779$ & $-0.0614865$ & $-0.0593194$ & $-0.705257$ & $-0.71547$ & $-0.707499$ & $-0.563822$ & $0.149778$ & $-0.0985493$ & $1$ & $-0.240453$ & $-0.28621$ & $-0.0286193$ & $-0.0822345$ & $-0.0667793$ & $0.106869$ & $-0.0850362$ & $-0.275536$ & $-0.0100385$ & $-0.0399352$ & $-0.0244972$ & $-0.000836837$ & $0.00625993$ & $-0.0223298$ & $-0.049375$ & $0.0111508$ & $-0.0327804$ & $-0.06891$ & $-0.0407904$ & $-0.0220803$ & $-0.0567804$ & $0.0373042$ & $0.0264936$ \\
CHd_11 & $-0.00950684$ & $0.0255808$ & $0.0186864$ & $-0.0268132$ & $-0.0420679$ & $-0.0235921$ & $-0.0245805$ & $0.428251$ & $0.420374$ & $-0.22371$ & $-0.294665$ & $-0.0656151$ & $0.0449651$ & $-0.0304796$ & $-0.286884$ & $-0.298518$ & $-0.141122$ & $-0.0518384$ & $-0.0429788$ & $0.240038$ & $0.358703$ & $0.349904$ & $0.36927$ & $-0.419068$ & $0.115949$ & $-0.240453$ & $1$ & $0.136245$ & $-0.0102013$ & $0.0360859$ & $-0.00544813$ & $-0.0236918$ & $0.0276314$ & $0.698199$ & $-0.013267$ & $0.0562404$ & $0.00985298$ & $0.014653$ & $-0.0141577$ & $-0.0198395$ & $0.0752582$ & $0.00550566$ & $0.0445016$ & $-0.00480214$ & $-0.00667405$ & $-0.0285483$ & $-0.0494387$ & $-0.0478215$ & $0.000373783$ \\
CHd_33 & $-0.00838592$ & $-0.0609284$ & $0.00754801$ & $0.00707465$ & $-0.0166072$ & $-0.0800264$ & $-0.0650363$ & $0.372628$ & $0.368985$ & $-0.200204$ & $-0.416061$ & $-0.100248$ & $0.070063$ & $0.264068$ & $0.217095$ & $0.194984$ & $0.107115$ & $0.0159241$ & $0.0252966$ & $0.411649$ & $0.417376$ & $0.406261$ & $0.00662494$ & $-0.0288337$ & $0.0340797$ & $-0.28621$ & $0.136245$ & $1$ & $-0.00957254$ & $0.0316715$ & $-0.0180283$ & $-0.0677784$ & $0.0464641$ & $0.164575$ & $0.0192105$ & $0.0142271$ & $-0.0236967$ & $-0.00452107$ & $-0.0223579$ & $0.00758238$ & $0.0197804$ & $-0.0156828$ & $0.0500553$ & $0.0124451$ & $0.0529876$ & $0.00152779$ & $-0.00441508$ & $-0.00851312$ & $0.0234217$ \\
CeH_22r & $-0.00428533$ & $-0.00759555$ & $0.019157$ & $0.068683$ & $0.0156304$ & $-0.0280777$ & $-0.155835$ & $0.0194792$ & $0.0270955$ & $-0.0655744$ & $-0.0259887$ & $-0.185815$ & $0.193154$ & $0.0190159$ & $0.0333368$ & $0.0110266$ & $0.0138679$ & $-0.00524055$ & $0.0112984$ & $0.0267585$ & $0.0253717$ & $0.0304291$ & $-0.0123653$ & $-0.00529508$ & $0.00633777$ & $-0.0286193$ & $-0.0102013$ & $-0.00957254$ & $1$ & $0.161087$ & $0.0547984$ & $-0.159956$ & $0.152928$ & $-0.0137332$ & $0.0349976$ & $0.0285308$ & $-0.000230897$ & $0.0345161$ & $0.0256358$ & $-0.0181973$ & $0.0695365$ & $0.0132421$ & $0.0999763$ & $0.0475401$ & $0.064993$ & $0.025903$ & $0.00366728$ & $-0.0483676$ & $0.0133996$ \\
CeH_33r & $0.00718153$ & $-0.0179487$ & $-0.0216041$ & $0.0414544$ & $-0.0279245$ & $-0.0938836$ & $-0.597231$ & $0.0610682$ & $0.0813734$ & $-0.229343$ & $-0.112165$ & $-0.658525$ & $0.72386$ & $0.1111$ & $0.0547915$ & $0.0155892$ & $0.116438$ & $0.0766147$ & $0.102719$ & $0.10774$ & $0.113981$ & $0.107886$ & $-0.00565304$ & $0.0259952$ & $0.0915576$ & $-0.0822345$ & $0.0360859$ & $0.0316715$ & $0.161087$ & $1$ & $0.517766$ & $-0.466756$ & $0.82767$ & $0.0236965$ & $0.101392$ & $0.0491945$ & $-0.118835$ & $0.0130602$ & $-0.033405$ & $0.0272209$ & $0.00665253$ & $-0.0382226$ & $0.0831001$ & $0.0285455$ & $0.0225728$ & $-0.0491997$ & $0.0153304$ & $-0.0276024$ & $0.0760958$ \\
CuH_22r & $0.0177082$ & $0.0338461$ & $-0.0667203$ & $0.0585034$ & $-0.0225745$ & $-0.0573194$ & $-0.360054$ & $0.0546577$ & $0.0686384$ & $-0.170257$ & $-0.0972517$ & $-0.392736$ & $0.424587$ & $0.0876841$ & $0.0750482$ & $0.0458582$ & $0.0929657$ & $0.0443318$ & $0.0608669$ & $0.0967202$ & $0.0953655$ & $0.0884344$ & $-0.0176127$ & $0.02391$ & $0.0501481$ & $-0.0667793$ & $-0.00544813$ & $-0.0180283$ & $0.0547984$ & $0.517766$ & $1$ & $-0.265829$ & $0.555694$ & $-0.000956303$ & $0.0934157$ & $0.0281374$ & $-0.0630126$ & $-0.016073$ & $0.0381228$ & $0.0124814$ & $-0.030754$ & $0.00255261$ & $-0.00178302$ & $0.0157865$ & $-0.0122065$ & $0.00628255$ & $0.272094$ & $-0.0519519$ & $0.0767659$ \\
CuH_33r & $0.0171806$ & $-0.00595075$ & $0.0474068$ & $-0.0707259$ & $0.00705732$ & $0.113981$ & $0.957845$ & $-0.0414134$ & $-0.0247799$ & $0.222598$ & $0.11352$ & $0.71772$ & $-0.729933$ & $-0.124061$ & $-0.066571$ & $-0.0110417$ & $-0.164834$ & $-0.107815$ & $-0.14366$ & $-0.111452$ & $-0.115376$ & $-0.112706$ & $-0.0373507$ & $-0.0639045$ & $-0.128887$ & $0.106869$ & $-0.0236918$ & $-0.0677784$ & $-0.159956$ & $-0.466756$ & $-0.265829$ & $1$ & $-0.462967$ & $-0.00579679$ & $-0.153616$ & $-0.0437204$ & $0.084092$ & $-0.012128$ & $0.066935$ & $-0.0380425$ & $-0.0341451$ & $0.0409179$ & $-0.097281$ & $-0.0462132$ & $0.0754257$ & $0.0448249$ & $-0.0282564$ & $0.0523116$ & $-0.035399$ \\
CdH_33r & $-0.0479519$ & $-0.0225861$ & $-0.0223699$ & $0.0250502$ & $-0.0378729$ & $-0.0990594$ & $-0.614604$ & $0.0603168$ & $0.082676$ & $-0.245188$ & $-0.123511$ & $-0.664843$ & $0.73459$ & $0.130615$ & $0.0701059$ & $0.0200699$ & $0.142509$ & $0.0917127$ & $0.126822$ & $0.119338$ & $0.124837$ & $0.115948$ & $-0.0176886$ & $0.0432307$ & $0.115828$ & $-0.0850362$ & $0.0276314$ & $0.0464641$ & $0.152928$ & $0.82767$ & $0.555694$ & $-0.462967$ & $1$ & $0.0112534$ & $0.133792$ & $0.085497$ & $-0.154979$ & $0.0296165$ & $-0.0586919$ & $0.0274229$ & $-0.0185844$ & $-0.058739$ & $0.0677856$ & $0.00367141$ & $-0.0227932$ & $-0.0957904$ & $0.0342795$ & $0.0256576$ & $0.348989$ \\
CLL_1221 & $0.00596348$ & $0.0501324$ & $0.025601$ & $-0.0538197$ & $-0.0459768$ & $-0.0560835$ & $-0.0108215$ & $0.51295$ & $0.501928$ & $-0.272969$ & $-0.304299$ & $-0.0441398$ & $0.0170072$ & $-0.165393$ & $-0.474563$ & $-0.0544508$ & $-0.241522$ & $-0.0563461$ & $-0.346305$ & $0.248259$ & $0.372599$ & $0.367251$ & $0.238475$ & $-0.601682$ & $-0.222686$ & $-0.275536$ & $0.698199$ & $0.164575$ & $-0.0137332$ & $0.0236965$ & $-0.000956303$ & $-0.00579679$ & $0.0112534$ & $1$ & $0.0144689$ & $0.0197601$ & $-0.02684$ & $0.0460392$ & $-0.00815162$ & $-0.0397288$ & $0.0392692$ & $0.00130041$ & $-0.0152349$ & $0.00229633$ & $-0.0232285$ & $-0.0304048$ & $-0.0132506$ & $-0.00427219$ & $0.0160437$ \\
eHggint & $-0.0396816$ & $-0.0359542$ & $0.0248468$ & $-0.0585817$ & $0.00252381$ & $-0.0417892$ & $-0.207293$ & $0.00739057$ & $-0.00885587$ & $0.00968881$ & $-0.00999939$ & $-0.156545$ & $0.189086$ & $-0.00831617$ & $0.00652307$ & $0.0125793$ & $0.0216414$ & $0.00412443$ & $-0.00776059$ & $0.00764689$ & $0.00870348$ & $-0.000123463$ & $0.0170457$ & $-0.00372298$ & $-0.00273028$ & $-0.0100385$ & $-0.013267$ & $0.0192105$ & $0.0349976$ & $0.101392$ & $0.0934157$ & $-0.153616$ & $0.133792$ & $0.0144689$ & $1$ & $-0.0261644$ & $0.0273163$ & $0.031234$ & $0.0786061$ & $0.0245325$ & $0.0193573$ & $-0.0159918$ & $-0.0486736$ & $0.0155241$ & $-0.0576078$ & $-0.127087$ & $0.0862647$ & $-0.0389654$ & $0.124916$ \\
eHggpar & $0.0238755$ & $0.102209$ & $-0.0412115$ & $0.0159582$ & $0.00835993$ & $-0.00647267$ & $-0.0680279$ & $0.0912072$ & $0.0955838$ & $-0.0690044$ & $-0.0799885$ & $-0.127184$ & $0.124014$ & $0.00703334$ & $0.0908293$ & $0.0339191$ & $-0.00670154$ & $-0.0699173$ & $-0.0371664$ & $0.0796673$ & $0.081786$ & $0.0764292$ & $-0.00267816$ & $-0.0688574$ & $-0.0224208$ & $-0.0399352$ & $0.0562404$ & $0.0142271$ & $0.0285308$ & $0.0491945$ & $0.0281374$ & $-0.0437204$ & $0.085497$ & $0.0197601$ & $-0.0261644$ & $1$ & $-0.00740483$ & $-0.0424673$ & $0.0160903$ & $-0.0110432$ & $0.128347$ & $0.0613151$ & $0.184211$ & $-0.154375$ & $-0.107314$ & $-0.139968$ & $-0.0093507$ & $0.0368359$ & $0.0508276$ \\
eHWWint & $0.0114286$ & $0.134488$ & $0.0855192$ & $0.065195$ & $0.0539042$ & $0.0114865$ & $0.095187$ & $-0.0220672$ & $-0.0258404$ & $0.0603549$ & $-0.00329147$ & $0.052199$ & $-0.0489892$ & $0.0334354$ & $0.0162979$ & $-0.00103461$ & $0.0455697$ & $0.036243$ & $0.0527627$ & $0.00804659$ & $0.00482417$ & $0.0130473$ & $0.0124689$ & $0.0397501$ & $0.061142$ & $-0.0244972$ & $0.00985298$ & $-0.0236967$ & $-0.000230897$ & $-0.118835$ & $-0.0630126$ & $0.084092$ & $-0.154979$ & $-0.02684$ & $0.0273163$ & $-0.00740483$ & $1$ & $0.0044287$ & $0.219945$ & $0.0721496$ & $0.0213329$ & $0.0356546$ & $0.0604628$ & $-0.0653388$ & $0.084403$ & $0.0197118$ & $0.0394212$ & $-0.0664557$ & $-0.0984054$ \\
eHWWpar & $-0.0468684$ & $-0.0311544$ & $0.0310525$ & $-0.0432525$ & $-0.0286919$ & $-3.27604e-06$ & $-0.0151376$ & $0.0173656$ & $0.00945928$ & $-0.00206802$ & $-0.0076458$ & $-0.0254917$ & $0.0224994$ & $-0.00600889$ & $-0.0262674$ & $0.0164417$ & $-0.0121678$ & $0.00368888$ & $-0.0289516$ & $0.00375779$ & $0.00801959$ & $0.00769438$ & $0.00514724$ & $-0.0256719$ & $-0.0112915$ & $-0.000836837$ & $0.014653$ & $-0.00452107$ & $0.0345161$ & $0.0130602$ & $-0.016073$ & $-0.012128$ & $0.0296165$ & $0.0460392$ & $0.031234$ & $-0.0424673$ & $0.0044287$ & $1$ & $-0.004375$ & $0.0570262$ & $-0.0351465$ & $-0.0129227$ & $-0.0637238$ & $-0.0028856$ & $-0.0276024$ & $-0.0441501$ & $-0.020353$ & $-0.0367039$ & $0.115731$ \\
eHZZint & $0.125032$ & $-0.0275374$ & $0.0776588$ & $0.038202$ & $0.0193115$ & $0.00604757$ & $0.0549283$ & $-0.0178359$ & $-0.0236138$ & $0.020093$ & $0.00860206$ & $0.0474939$ & $-0.0426991$ & $-0.00233242$ & $0.00150173$ & $0.0177077$ & $0.0271467$ & $0.0166931$ & $0.00317824$ & $-0.0092473$ & $-0.0113623$ & $-0.0127928$ & $-0.0168467$ & $0.00663141$ & $0.013139$ & $0.00625993$ & $-0.0141577$ & $-0.0223579$ & $0.0256358$ & $-0.033405$ & $0.0381228$ & $0.066935$ & $-0.0586919$ & $-0.00815162$ & $0.0786061$ & $0.0160903$ & $0.219945$ & $-0.004375$ & $1$ & $0.0588614$ & $0.0225153$ & $0.0530623$ & $-0.0146443$ & $-0.0871845$ & $-0.0459009$ & $0.123916$ & $0.0468839$ & $-0.223564$ & $-0.0229325$ \\
eHZZpar & $-0.0456303$ & $-0.022671$ & $-0.0307281$ & $0.00119902$ & $-0.0165666$ & $-0.000638968$ & $-0.0397205$ & $-0.0234785$ & $-0.0214256$ & $0.0161146$ & $0.0120256$ & $-0.025509$ & $0.0298601$ & $0.0126366$ & $0.0169412$ & $-0.00848385$ & $0.016437$ & $0.0105764$ & $0.022759$ & $-0.0109529$ & $-0.0153383$ & $-0.0186722$ & $0.030147$ & $0.049043$ & $0.0202167$ & $-0.0223298$ & $-0.0198395$ & $0.00758238$ & $-0.0181973$ & $0.0272209$ & $0.0124814$ & $-0.0380425$ & $0.0274229$ & $-0.0397288$ & $0.0245325$ & $-0.0110432$ & $0.0721496$ & $0.0570262$ & $0.0588614$ & $1$ & $-0.0427788$ & $-0.00829543$ & $0.0551429$ & $0.00628745$ & $0.03426$ & $0.029742$ & $-0.0181967$ & $-0.0496836$ & $0.00899485$ \\
eHZgaint & $0.0961249$ & $0.00938516$ & $0.109115$ & $0.178488$ & $0.0250606$ & $0.0349183$ & $-0.0333739$ & $0.0500002$ & $0.0499027$ & $-0.0702866$ & $-0.0300947$ & $-0.0489027$ & $0.0394653$ & $-0.00739146$ & $0.00157593$ & $-0.0136111$ & $-0.0375214$ & $-0.035118$ & $-0.0259083$ & $0.0301526$ & $0.0347112$ & $0.0288393$ & $0.0281161$ & $-0.0567228$ & $-0.0126673$ & $-0.049375$ & $0.0752582$ & $0.0197804$ & $0.0695365$ & $0.00665253$ & $-0.030754$ & $-0.0341451$ & $-0.0185844$ & $0.0392692$ & $0.0193573$ & $0.128347$ & $0.0213329$ & $-0.0351465$ & $0.0225153$ & $-0.0427788$ & $1$ & $0.0221091$ & $0.055391$ & $0.105657$ & $0.0455223$ & $0.0641197$ & $-0.0751921$ & $-0.0124806$ & $-0.0659677$ \\
eHZgapar & $0.0632216$ & $0.0273047$ & $0.0424477$ & $0.022255$ & $0.0190679$ & $0.0336309$ & $0.0456218$ & $-0.025069$ & $-0.0204788$ & $0.0481469$ & $0.0270217$ & $0.0758603$ & $-0.0548684$ & $-0.0231207$ & $-0.0247958$ & $-0.0317397$ & $-0.00169728$ & $0.00429919$ & $0.00668508$ & $-0.0274788$ & $-0.0253079$ & $-0.025353$ & $0.012791$ & $0.00292598$ & $-0.00115567$ & $0.0111508$ & $0.00550566$ & $-0.0156828$ & $0.0132421$ & $-0.0382226$ & $0.00255261$ & $0.0409179$ & $-0.058739$ & $0.00130041$ & $-0.0159918$ & $0.0613151$ & $0.0356546$ & $-0.0129227$ & $0.0530623$ & $-0.00829543$ & $0.0221091$ & $1$ & $0.0472748$ & $-0.0531717$ & $-0.0566021$ & $0.0899234$ & $0.0223434$ & $0.010439$ & $-0.0553377$ \\
eHgagaint & $-0.0138596$ & $0.0781566$ & $-0.159551$ & $0.162922$ & $-0.0128389$ & $-0.0235541$ & $-0.0883575$ & $0.00394003$ & $0.0544176$ & $-0.0299716$ & $-0.033317$ & $-0.111565$ & $0.102839$ & $0.0380032$ & $0.0365609$ & $-0.0208106$ & $0.0643638$ & $0.0309787$ & $0.0689343$ & $0.0330644$ & $0.0350114$ & $0.0353849$ & $0.0157563$ & $0.0480583$ & $0.0716848$ & $-0.0327804$ & $0.0445016$ & $0.0500553$ & $0.0999763$ & $0.0831001$ & $-0.00178302$ & $-0.097281$ & $0.0677856$ & $-0.0152349$ & $-0.0486736$ & $0.184211$ & $0.0604628$ & $-0.0637238$ & $-0.0146443$ & $0.0551429$ & $0.055391$ & $0.0472748$ & $1$ & $-0.151252$ & $0.195862$ & $0.0972169$ & $-0.0180876$ & $0.0336818$ & $-0.00361428$ \\
eHmumuint & $-0.0106815$ & $0.0795049$ & $0.0269928$ & $-0.0610272$ & $0.0695513$ & $-0.0377567$ & $-0.0402753$ & $0.0191583$ & $0.00147309$ & $-0.0544352$ & $-0.0337401$ & $-0.0495118$ & $0.0292455$ & $0.0231537$ & $0.026287$ & $0.0458009$ & $0.02824$ & $0.0147077$ & $-0.000589631$ & $0.0375573$ & $0.0326429$ & $0.0316318$ & $0.0578872$ & $0.0161949$ & $0.014231$ & $-0.06891$ & $-0.00480214$ & $0.0124451$ & $0.0475401$ & $0.0285455$ & $0.0157865$ & $-0.0462132$ & $0.00367141$ & $0.00229633$ & $0.0155241$ & $-0.154375$ & $-0.0653388$ & $-0.0028856$ & $-0.0871845$ & $0.00628745$ & $0.105657$ & $-0.0531717$ & $-0.151252$ & $1$ & $0.0138396$ & $-0.160387$ & $0.0812884$ & $0.0211543$ & $-0.0163381$ \\
eHtautauint & $-0.0508551$ & $-0.0441695$ & $-0.08979$ & $0.0201539$ & $0.0107661$ & $0.00322972$ & $0.0759488$ & $-0.0040451$ & $0.00407807$ & $0.0352543$ & $-0.0114129$ & $0.0690912$ & $-0.0607928$ & $0.0394132$ & $0.00787818$ & $0.0103041$ & $0.0196294$ & $0.0255128$ & $0.0313378$ & $0.00965838$ & $0.0102312$ & $0.0142184$ & $0.037594$ & $0.0348557$ & $0.0331553$ & $-0.0407904$ & $-0.00667405$ & $0.0529876$ & $0.064993$ & $0.0225728$ & $-0.0122065$ & $0.0754257$ & $-0.0227932$ & $-0.0232285$ & $-0.0576078$ & $-0.107314$ & $0.084403$ & $-0.0276024$ & $-0.0459009$ & $0.03426$ & $0.0455223$ & $-0.0566021$ & $0.195862$ & $0.0138396$ & $1$ & $0.167327$ & $0.0106594$ & $0.0514154$ & $0.0752738$ \\
eHccint & $0.206943$ & $0.0478158$ & $-0.103848$ & $0.108015$ & $-0.00843224$ & $0.0384929$ & $0.0678762$ & $-0.0124296$ & $-0.00307829$ & $0.050701$ & $-0.0122054$ & $0.069825$ & $-0.0650397$ & $0.0526128$ & $0.0163747$ & $0.0046464$ & $0.0305698$ & $0.034853$ & $0.0441646$ & $0.0111553$ & $0.00932402$ & $0.0161363$ & $-0.0128469$ & $0.0261879$ & $0.0168695$ & $-0.0220803$ & $-0.0285483$ & $0.00152779$ & $0.025903$ & $-0.0491997$ & $0.00628255$ & $0.0448249$ & $-0.0957904$ & $-0.0304048$ & $-0.127087$ & $-0.139968$ & $0.0197118$ & $-0.0441501$ & $0.123916$ & $0.029742$ & $0.0641197$ & $0.0899234$ & $0.0972169$ & $-0.160387$ & $0.167327$ & $1$ & $0.0376199$ & $-0.038002$ & $-0.149059$ \\
eHccpar & $0.00183518$ & $0.064387$ & $-0.0219855$ & $0.0634836$ & $-0.0321209$ & $-0.025847$ & $-0.0198664$ & $0.00110511$ & $0.00491646$ & $-0.0455493$ & $-0.0239739$ & $-0.0306204$ & $0.0221617$ & $0.0250223$ & $0.0311032$ & $0.0426808$ & $0.0515972$ & $0.0233342$ & $0.0201988$ & $0.0242639$ & $0.022296$ & $0.0246808$ & $0.0445721$ & $0.0197648$ & $0.0102005$ & $-0.0567804$ & $-0.0494387$ & $-0.00441508$ & $0.00366728$ & $0.0153304$ & $0.272094$ & $-0.0282564$ & $0.0342795$ & $-0.0132506$ & $0.0862647$ & $-0.0093507$ & $0.0394212$ & $-0.020353$ & $0.0468839$ & $-0.0181967$ & $-0.0751921$ & $0.0223434$ & $-0.0180876$ & $0.0812884$ & $0.0106594$ & $0.0376199$ & $1$ & $-0.0703775$ & $0.0830395$ \\
eHbbint & $-0.154784$ & $-0.0228569$ & $0.0729518$ & $0.0151657$ & $0.00485169$ & $-0.00156458$ & $0.0473121$ & $-0.0244897$ & $-0.0216983$ & $0.0112632$ & $0.0357595$ & $0.0608454$ & $-0.0439229$ & $-0.0164553$ & $-0.0327316$ & $-0.00343807$ & $-0.03014$ & $-0.00254849$ & $-0.0214698$ & $-0.0349174$ & $-0.0359226$ & $-0.0412234$ & $-0.0423527$ & $0.0021548$ & $-0.0223498$ & $0.0373042$ & $-0.0478215$ & $-0.00851312$ & $-0.0483676$ & $-0.0276024$ & $-0.0519519$ & $0.0523116$ & $0.0256576$ & $-0.00427219$ & $-0.0389654$ & $0.0368359$ & $-0.0664557$ & $-0.0367039$ & $-0.223564$ & $-0.0496836$ & $-0.0124806$ & $0.010439$ & $0.0336818$ & $0.0211543$ & $0.0514154$ & $-0.038002$ & $-0.0703775$ & $1$ & $-0.120852$ \\
eHbbpar & $-0.151822$ & $-0.0703549$ & $-0.0171283$ & $-0.0969915$ & $-0.0302941$ & $-0.0036877$ & $-0.06506$ & $-0.0164619$ & $-0.0129202$ & $0.0252197$ & $0.0273209$ & $-0.0293148$ & $0.056407$ & $-0.0363027$ & $-0.0259289$ & $-0.0493827$ & $5.73695e-05$ & $-0.00758052$ & $0.00574982$ & $-0.0340517$ & $-0.0225224$ & $-0.028966$ & $-0.00102377$ & $-0.0195014$ & $0.00242197$ & $0.0264936$ & $0.000373783$ & $0.0234217$ & $0.0133996$ & $0.0760958$ & $0.0767659$ & $-0.035399$ & $0.348989$ & $0.0160437$ & $0.124916$ & $0.0508276$ & $-0.0984054$ & $0.115731$ & $-0.0229325$ & $0.00899485$ & $-0.0659677$ & $-0.0553377$ & $-0.00361428$ & $-0.0163381$ & $0.0752738$ & $-0.149059$ & $0.0830395$ & $-0.120852$ & $1$ \\
