 & AlsMz & dAle5Mz & mtop & mHl & Mz & CW & CHG & CHWB & CHWHB_gaga & CHWHB_gagaorth & CHD & CHbox & CH & CHL1_11 & CHL1_22 & CHL1_33 & CHL3_11 & CHL3_22 & CHL3_33 & CHe_11 & CHe_22 & CHe_33 & CHQ1_11 & CHQ1_33 & CHQ3_11 & CHu_11 & CHd_11 & CHd_33 & CeH_22r & CeH_33r & CuH_22r & CuH_33r & CdH_33r & CLL_1221 & eHggint & eHggpar & eHWWint & eHWWpar & eHZZint & eHZZpar & eHZgaint & eHZgapar & eHgagaint & eHmumuint & eHtautauint & eHccint & eHccpar & eHbbint & eHbbpar \\
AlsMz & $1$ & $0.0148028$ & $-0.00376978$ & $0.0141693$ & $0.0309546$ & $0.0116273$ & $-0.0167434$ & $-0.0385035$ & $-0.0413659$ & $0.0293056$ & $0.0286321$ & $0.025811$ & $0.0234685$ & $0.0180159$ & $-0.00992028$ & $0.00680358$ & $0.033194$ & $0.0340699$ & $0.03232$ & $-0.0333016$ & $-0.0227961$ & $-0.0411307$ & $-0.00650556$ & $0.000195362$ & $-0.0394938$ & $-0.0172411$ & $-0.0323139$ & $-0.0143968$ & $0.00663899$ & $-0.000564667$ & $-6.98935e-05$ & $-0.0159368$ & $-0.00838309$ & $-0.0139715$ & $0.0121495$ & $0.018216$ & $0.0105303$ & $0.00937361$ & $-0.00424309$ & $-0.00878415$ & $-0.0116051$ & $0.0181492$ & $-0.00399639$ & $0.0294318$ & $0.0109087$ & $0.0296379$ & $0.00277875$ & $0.0203956$ & $-0.00893775$ \\
dAle5Mz & $0.0148028$ & $1$ & $-0.00279996$ & $0.010027$ & $0.0161957$ & $0.0413743$ & $0.00470401$ & $-0.231738$ & $-0.229171$ & $0.0990753$ & $0.243587$ & $0.0953342$ & $0.0179723$ & $-0.0478878$ & $-0.0282584$ & $-0.0343037$ & $0.0707823$ & $0.0414333$ & $0.0552115$ & $-0.185132$ & $-0.106703$ & $-0.122946$ & $0.0152521$ & $0.0631751$ & $0.056541$ & $0.0264969$ & $-0.0379595$ & $-0.0215844$ & $0.0257063$ & $0.0140421$ & $0.0156826$ & $0.0149969$ & $0.000797504$ & $0.00242753$ & $0.0151434$ & $-0.00766657$ & $0.00819966$ & $-0.020843$ & $-0.0068925$ & $-0.00706419$ & $-0.00227446$ & $-0.0394558$ & $-0.0495177$ & $-0.00575354$ & $0.00504475$ & $-0.0119496$ & $0.0396503$ & $0.0103806$ & $0.00239934$ \\
mtop & $-0.00376978$ & $-0.00279996$ & $1$ & $-0.0206909$ & $-0.0040313$ & $-0.0171641$ & $0.00707951$ & $0.0305913$ & $0.0266979$ & $-0.0380078$ & $0.102395$ & $-0.00381992$ & $-0.00271653$ & $-0.0219275$ & $0.0209307$ & $-0.00716113$ & $-0.0518451$ & $-0.0468906$ & $-0.0305242$ & $0.0363901$ & $0.0195821$ & $0.0146635$ & $0.0170621$ & $0.0155911$ & $-0.0495151$ & $-0.00994971$ & $0.00606996$ & $-0.0049055$ & $0.0012557$ & $0.00501279$ & $-0.00227691$ & $0.00745714$ & $-0.0282004$ & $0.00627575$ & $0.00986018$ & $-0.0389049$ & $0.00953145$ & $-0.0028375$ & $-0.000941804$ & $-0.0287854$ & $0.0198247$ & $-0.00262182$ & $-0.0117427$ & $-0.0125187$ & $-0.0175168$ & $0.0161189$ & $0.00527786$ & $-0.0204674$ & $0.0113003$ \\
mHl & $0.0141693$ & $0.010027$ & $-0.0206909$ & $1$ & $0.0183832$ & $0.00613787$ & $0.00266208$ & $-0.00471058$ & $-0.00201889$ & $0.0023745$ & $0.00468708$ & $0.0116459$ & $-0.0134197$ & $-0.0119739$ & $0.0120282$ & $0.00627762$ & $0.00876645$ & $0.000318935$ & $-0.00416542$ & $-0.00146642$ & $-0.00804095$ & $0.00150996$ & $-0.023504$ & $-0.000916054$ & $0.010646$ & $0.0207217$ & $0.00872499$ & $-0.0161758$ & $0.0226121$ & $0.00626898$ & $-0.00349228$ & $0.00135101$ & $-0.00296427$ & $0.00156401$ & $-0.0124414$ & $0.015015$ & $-0.0246667$ & $0.00637642$ & $-0.0221673$ & $0.00163845$ & $-0.0071315$ & $-0.00474969$ & $0.0241681$ & $0.0319416$ & $0.00641963$ & $0.0319385$ & $-0.0126435$ & $-0.0089156$ & $-0.00974165$ \\
Mz & $0.0309546$ & $0.0161957$ & $-0.0040313$ & $0.0183832$ & $1$ & $-0.00106371$ & $0.012064$ & $0.0140605$ & $0.0123538$ & $-0.0209822$ & $0.0300771$ & $0.00136784$ & $0.0171053$ & $-0.00854951$ & $0.00995508$ & $-0.0272517$ & $-0.00884287$ & $-0.0193531$ & $0.0122971$ & $0.0214483$ & $0.00786297$ & $0.017124$ & $-0.00272985$ & $-0.0158552$ & $-0.00952142$ & $0.00252323$ & $0.0165535$ & $0.0137404$ & $0.00469375$ & $0.00880517$ & $-0.0145535$ & $0.0053363$ & $0.00872083$ & $0.000311436$ & $0.0313$ & $0.00075662$ & $0.0190928$ & $-0.0104961$ & $-0.0156156$ & $0.00748085$ & $-0.0218218$ & $0.01417$ & $-0.0294451$ & $0.00966643$ & $-0.0139195$ & $0.0243725$ & $0.00191738$ & $-0.00144276$ & $0.013039$ \\
CW & $0.0116273$ & $0.0413743$ & $-0.0171641$ & $0.00613787$ & $-0.00106371$ & $1$ & $0.0081082$ & $-0.0945075$ & $-0.0953387$ & $0.0184533$ & $0.104333$ & $-0.00228025$ & $0.00852885$ & $0.205279$ & $0.0121193$ & $0.0291504$ & $-0.140653$ & $0.00549926$ & $-0.00442121$ & $-0.104162$ & $-0.101608$ & $-0.0805742$ & $-0.0472631$ & $0.060688$ & $-0.0261369$ & $0.0509085$ & $-0.100045$ & $-0.0182188$ & $0.00152366$ & $0.00706973$ & $-0.00838032$ & $0.00209472$ & $0.00719729$ & $-0.152116$ & $-0.00716233$ & $-0.0343029$ & $-0.0072541$ & $-0.0104877$ & $-0.002435$ & $-0.0318796$ & $-0.00837983$ & $0.0252931$ & $-0.0199907$ & $0.000684966$ & $-0.000717664$ & $-0.0217064$ & $-0.000394995$ & $-0.00228037$ & $0.0102323$ \\
CHG & $-0.0167434$ & $0.00470401$ & $0.00707951$ & $0.00266208$ & $0.012064$ & $0.0081082$ & $1$ & $0.0046933$ & $0.0340171$ & $-0.0122764$ & $0.00151916$ & $-0.00554597$ & $-0.0289294$ & $-0.0194397$ & $-0.0195519$ & $-0.00589827$ & $-0.0166917$ & $0.00115668$ & $0.00101123$ & $0.00796923$ & $0.00285316$ & $-0.00977721$ & $0.00507257$ & $-0.00425315$ & $0.0039269$ & $-0.0258367$ & $0.0159401$ & $-0.0175609$ & $0.0324525$ & $-0.0584394$ & $-0.0367398$ & $0.899529$ & $-0.0726238$ & $0.0102181$ & $-0.032225$ & $-0.00153122$ & $0.0360577$ & $-0.00017278$ & $-0.0358667$ & $0.0131595$ & $0.0112744$ & $-0.00651938$ & $-0.00545732$ & $0.0113855$ & $-0.0096419$ & $-0.0170872$ & $0.0125584$ & $-0.00990407$ & $-0.0275669$ \\
CHWB & $-0.0385035$ & $-0.231738$ & $0.0305913$ & $-0.00471058$ & $0.0140605$ & $-0.0945075$ & $0.0046933$ & $1$ & $0.994122$ & $-0.564854$ & $-0.889665$ & $-0.181288$ & $-0.0320858$ & $-0.30398$ & $-0.0398834$ & $-0.0327643$ & $-0.64271$ & $-0.539506$ & $-0.542415$ & $0.881558$ & $0.679751$ & $0.668608$ & $0.0543619$ & $-0.691155$ & $-0.59256$ & $-0.188302$ & $0.444725$ & $0.136197$ & $-0.00674074$ & $0.0016005$ & $-0.0370696$ & $-0.00106694$ & $-0.0293853$ & $0.668124$ & $-0.0191794$ & $0.00893516$ & $-0.0235084$ & $-0.00618843$ & $-0.0189238$ & $0.00496215$ & $0.0147921$ & $0.00308303$ & $0.0143201$ & $0.0335933$ & $0.00139981$ & $0.0132006$ & $-0.0164295$ & $-0.00277944$ & $0.00894148$ \\
CHWHB_gaga & $-0.0413659$ & $-0.229171$ & $0.0266979$ & $-0.00201889$ & $0.0123538$ & $-0.0953387$ & $0.0340171$ & $0.994122$ & $1$ & $-0.563511$ & $-0.88436$ & $-0.163376$ & $-0.0282939$ & $-0.307022$ & $-0.0402499$ & $-0.0318098$ & $-0.641667$ & $-0.537586$ & $-0.54035$ & $0.879823$ & $0.676902$ & $0.664799$ & $0.0533943$ & $-0.687936$ & $-0.590169$ & $-0.189544$ & $0.442112$ & $0.135624$ & $-0.00162627$ & $0.0240451$ & $-0.0248539$ & $0.0239848$ & $-0.00570621$ & $0.663128$ & $-0.026656$ & $0.00409459$ & $-0.0299045$ & $-0.0094297$ & $-0.0250149$ & $0.00200292$ & $0.0159368$ & $0.000871233$ & $0.0542059$ & $0.0337857$ & $0.00188207$ & $0.0103025$ & $-0.0144921$ & $-0.00187603$ & $0.00990874$ \\
CHWHB_gagaorth & $0.0293056$ & $0.0990753$ & $-0.0380078$ & $0.0023745$ & $-0.0209822$ & $0.0184533$ & $-0.0122764$ & $-0.564854$ & $-0.563511$ & $1$ & $0.247587$ & $0.348418$ & $0.108678$ & $0.676039$ & $0.130545$ & $0.136634$ & $0.773809$ & $0.58562$ & $0.576213$ & $-0.335617$ & $-0.241523$ & $-0.24336$ & $-0.0749483$ & $0.616524$ & $0.641553$ & $0.0639965$ & $-0.340866$ & $-0.0646599$ & $-0.00698381$ & $-0.04896$ & $0.0130612$ & $0.0187121$ & $-0.0209175$ & $-0.420156$ & $0.0146701$ & $0.0102324$ & $0.00849131$ & $0.00231314$ & $0.0178725$ & $-0.000553985$ & $-0.0448388$ & $-0.00335805$ & $-0.00650255$ & $-0.00865757$ & $-0.0051543$ & $-0.0187726$ & $0.0129838$ & $-0.0239037$ & $0.010145$ \\
CHD & $0.0286321$ & $0.243587$ & $0.102395$ & $0.00468708$ & $0.0300771$ & $0.104333$ & $0.00151916$ & $-0.889665$ & $-0.88436$ & $0.247587$ & $1$ & $0.143013$ & $0.0194152$ & $-0.0540433$ & $-0.0421369$ & $-0.0579128$ & $0.309946$ & $0.305401$ & $0.316491$ & $-0.890217$ & $-0.697449$ & $-0.684246$ & $-0.0218979$ & $0.475423$ & $0.336852$ & $0.200093$ & $-0.328072$ & $-0.131711$ & $0.0135713$ & $0.0112803$ & $0.0305737$ & $0.00500938$ & $0.0252845$ & $-0.533356$ & $0.0235539$ & $-0.0174679$ & $0.0268214$ & $0.00116564$ & $0.00963276$ & $-0.0108471$ & $0.00877899$ & $-0.00535364$ & $-0.0150338$ & $-0.0361466$ & $0.000629742$ & $-0.00475802$ & $0.00792329$ & $0.00856884$ & $-0.00921654$ \\
CHbox & $0.025811$ & $0.0953342$ & $-0.00381992$ & $0.0116459$ & $0.00136784$ & $-0.00228025$ & $-0.00554597$ & $-0.181288$ & $-0.163376$ & $0.348418$ & $0.143013$ & $1$ & $0.380238$ & $-0.0745393$ & $0.0591425$ & $0.0680515$ & $0.0137066$ & $0.0251732$ & $0.0306425$ & $0.0688481$ & $-0.0633095$ & $-0.0753952$ & $-0.0299785$ & $0.0880441$ & $0.0360695$ & $0.0237138$ & $-0.0864032$ & $-0.038723$ & $0.0437196$ & $0.296457$ & $0.0887684$ & $0.153949$ & $0.257561$ & $-0.255001$ & $0.061716$ & $0.0276441$ & $-0.00460061$ & $0.00871715$ & $-0.00433022$ & $-0.013266$ & $-0.0172162$ & $-0.00527622$ & $-0.0225898$ & $0.0312283$ & $-0.0163513$ & $-0.0123805$ & $0.00628463$ & $-0.0164821$ & $0.0252437$ \\
CH & $0.0234685$ & $0.0179723$ & $-0.00271653$ & $-0.0134197$ & $0.0171053$ & $0.00852885$ & $-0.0289294$ & $-0.0320858$ & $-0.0282939$ & $0.108678$ & $0.0194152$ & $0.380238$ & $1$ & $-0.0302378$ & $0.0186525$ & $0.0207298$ & $-0.0217726$ & $-0.00897444$ & $-0.0162026$ & $0.0553102$ & $0.0020235$ & $0.000570069$ & $-0.00951919$ & $0.00380678$ & $-0.00927855$ & $0.00246554$ & $-0.0229392$ & $-0.0170571$ & $0.0112243$ & $0.112803$ & $0.022198$ & $0.0261746$ & $0.0897689$ & $-0.0756112$ & $0.0358516$ & $0.00895102$ & $-0.0141493$ & $0.00567911$ & $0.0196738$ & $-0.00452208$ & $0.004451$ & $0.000896917$ & $-0.0195592$ & $-0.000658342$ & $-0.00605473$ & $-0.00156228$ & $-0.00577986$ & $-0.00859753$ & $0.0197303$ \\
CHL1_11 & $0.0180159$ & $-0.0478878$ & $-0.0219275$ & $-0.0119739$ & $-0.00854951$ & $0.205279$ & $-0.0194397$ & $-0.30398$ & $-0.307022$ & $0.676039$ & $-0.0540433$ & $-0.0745393$ & $-0.0302378$ & $1$ & $0.173103$ & $0.186972$ & $0.625417$ & $0.518818$ & $0.505211$ & $-0.159487$ & $-0.059027$ & $-0.0627865$ & $-0.082768$ & $0.532356$ & $0.547999$ & $0.0119904$ & $-0.318689$ & $-0.0190621$ & $-0.0234603$ & $-0.0464141$ & $0.00432212$ & $-0.0317119$ & $-0.0077955$ & $-0.322789$ & $-0.0216433$ & $-0.00103561$ & $0.00246964$ & $0.00632634$ & $0.0278881$ & $0.00471269$ & $-0.0463246$ & $0.0101884$ & $-0.00753266$ & $-0.0044996$ & $-0.00107248$ & $-0.0121985$ & $0.00910778$ & $-0.0330339$ & $-0.00475281$ \\
CHL1_22 & $-0.00992028$ & $-0.0282584$ & $0.0209307$ & $0.0120282$ & $0.00995508$ & $0.0121193$ & $-0.0195519$ & $-0.0398834$ & $-0.0402499$ & $0.130545$ & $-0.0421369$ & $0.0591425$ & $0.0186525$ & $0.173103$ & $1$ & $0.34243$ & $0.0904771$ & $-0.445034$ & $-0.0896374$ & $0.0547418$ & $-0.141488$ & $-0.12124$ & $-0.124315$ & $0.252202$ & $-0.153909$ & $0.0222612$ & $-0.496832$ & $-0.0193881$ & $0.0238208$ & $0.0120336$ & $-0.002318$ & $-0.010406$ & $-0.00362149$ & $-0.564683$ & $0.0100779$ & $-0.00992935$ & $0.0148914$ & $-0.00315955$ & $0.024732$ & $0.00041217$ & $-0.000568654$ & $-0.0194355$ & $0.00949224$ & $0.00634331$ & $0.0283845$ & $0.0107653$ & $-0.00340933$ & $-0.0109565$ & $-0.00322261$ \\
CHL1_33 & $0.00680358$ & $-0.0343037$ & $-0.00716113$ & $0.00627762$ & $-0.0272517$ & $0.0291504$ & $-0.00589827$ & $-0.0327643$ & $-0.0318098$ & $0.136634$ & $-0.0579128$ & $0.0680515$ & $0.0207298$ & $0.186972$ & $0.34243$ & $1$ & $0.10036$ & $-0.085885$ & $-0.429614$ & $0.0540757$ & $-0.106914$ & $-0.174818$ & $-0.118504$ & $0.2426$ & $-0.140641$ & $0.0229226$ & $-0.485539$ & $-0.0211088$ & $0.00506372$ & $-0.006303$ & $-0.00287883$ & $-0.000199779$ & $0.0295315$ & $-0.245033$ & $0.0123359$ & $-0.00310959$ & $0.00650211$ & $0.00960997$ & $0.000431342$ & $-0.000122628$ & $-0.0205221$ & $0.00453194$ & $0.0263613$ & $0.0255844$ & $0.0314716$ & $-0.00340255$ & $-0.00207526$ & $0.011954$ & $0.0220868$ \\
CHL3_11 & $0.033194$ & $0.0707823$ & $-0.0518451$ & $0.00876645$ & $-0.00884287$ & $-0.140653$ & $-0.0166917$ & $-0.64271$ & $-0.641667$ & $0.773809$ & $0.309946$ & $0.0137066$ & $-0.0217726$ & $0.625417$ & $0.0904771$ & $0.10036$ & $1$ & $0.684518$ & $0.676095$ & $-0.483342$ & $-0.293299$ & $-0.296564$ & $-0.0518923$ & $0.675666$ & $0.757992$ & $0.075984$ & $-0.334713$ & $-0.0673197$ & $-0.00880032$ & $-0.0380339$ & $0.0197461$ & $-0.0268074$ & $0.0120021$ & $-0.36103$ & $0.00598441$ & $0.00442753$ & $0.0175729$ & $0.0110483$ & $0.0162742$ & $0.00907806$ & $-0.0390877$ & $0.00253378$ & $0.00333079$ & $-0.0276424$ & $0.00117558$ & $-0.00780145$ & $0.0118532$ & $-0.00287244$ & $-0.00148286$ \\
CHL3_22 & $0.0340699$ & $0.0414333$ & $-0.0468906$ & $0.000318935$ & $-0.0193531$ & $0.00549926$ & $0.00115668$ & $-0.539506$ & $-0.537586$ & $0.58562$ & $0.305401$ & $0.0251732$ & $-0.00897444$ & $0.518818$ & $-0.445034$ & $-0.085885$ & $0.684518$ & $1$ & $0.63827$ & $-0.428119$ & $-0.236385$ & $-0.224382$ & $0.00589242$ & $0.473137$ & $0.768912$ & $0.0873834$ & $-0.0157297$ & $-0.0534226$ & $-0.0289212$ & $-0.0379294$ & $0.020991$ & $-0.00969869$ & $0.00166074$ & $0.0809618$ & $-0.00350698$ & $0.00765196$ & $0.00995901$ & $0.0100723$ & $0.00613669$ & $-0.0120833$ & $-0.0461698$ & $0.0207351$ & $-0.0106979$ & $-0.0185266$ & $-0.0219904$ & $-0.00937702$ & $0.0174521$ & $-0.00373103$ & $-0.00572999$ \\
CHL3_33 & $0.03232$ & $0.0552115$ & $-0.0305242$ & $-0.00416542$ & $0.0122971$ & $-0.00442121$ & $0.00101123$ & $-0.542415$ & $-0.54035$ & $0.576213$ & $0.316491$ & $0.0306425$ & $-0.0162026$ & $0.505211$ & $-0.0896374$ & $-0.429614$ & $0.676095$ & $0.63827$ & $1$ & $-0.427737$ & $-0.224209$ & $-0.234321$ & $0.0155643$ & $0.47557$ & $0.765606$ & $0.0627434$ & $-0.0148318$ & $-0.0431473$ & $-0.00602007$ & $-0.0214638$ & $0.0209148$ & $-0.00649941$ & $-0.00709833$ & $-0.233013$ & $-0.0116113$ & $-0.00318787$ & $0.0102991$ & $0.00989289$ & $0.0183033$ & $0.0024561$ & $-0.030779$ & $-0.0124575$ & $-0.0209504$ & $-0.041452$ & $-0.00844606$ & $0.00496553$ & $-0.00270771$ & $-0.0163495$ & $-0.0206287$ \\
CHe_11 & $-0.0333016$ & $-0.185132$ & $0.0363901$ & $-0.00146642$ & $0.0214483$ & $-0.104162$ & $0.00796923$ & $0.881558$ & $0.879823$ & $-0.335617$ & $-0.890217$ & $0.0688481$ & $0.0553102$ & $-0.159487$ & $0.0547418$ & $0.0540757$ & $-0.483342$ & $-0.428119$ & $-0.427737$ & $1$ & $0.687681$ & $0.675375$ & $0.0260273$ & $-0.54639$ & $-0.456581$ & $-0.191398$ & $0.352039$ & $0.12946$ & $0.00419704$ & $0.0147544$ & $-0.0199073$ & $0.0295347$ & $-0.0212833$ & $0.470076$ & $-0.00320318$ & $0.0201382$ & $-0.0254264$ & $0.000957114$ & $-0.0256284$ & $0.00174949$ & $0.00409394$ & $0.00535415$ & $0.0166614$ & $0.0400118$ & $-0.00159761$ & $-0.000362919$ & $-0.0039578$ & $-0.00493171$ & $0.0140986$ \\
CHe_22 & $-0.0227961$ & $-0.106703$ & $0.0195821$ & $-0.00804095$ & $0.00786297$ & $-0.101608$ & $0.00285316$ & $0.679751$ & $0.676902$ & $-0.241523$ & $-0.697449$ & $-0.0633095$ & $0.0020235$ & $-0.059027$ & $-0.141488$ & $-0.106914$ & $-0.293299$ & $-0.236385$ & $-0.224209$ & $0.687681$ & $1$ & $0.592235$ & $0.0752005$ & $-0.476446$ & $-0.263543$ & $-0.184961$ & $0.426993$ & $0.125782$ & $0.00880872$ & $-0.0053203$ & $-0.0152108$ & $0.0098168$ & $-0.0143458$ & $0.468533$ & $-0.0015803$ & $0.0149504$ & $-0.0236107$ & $0.000700393$ & $-0.0161579$ & $0.0106967$ & $-0.0123881$ & $0.00475239$ & $0.0115573$ & $0.0142402$ & $-0.0148704$ & $0.0121833$ & $0.00615367$ & $-0.0108693$ & $0.00783947$ \\
CHe_33 & $-0.0411307$ & $-0.122946$ & $0.0146635$ & $0.00150996$ & $0.017124$ & $-0.0805742$ & $-0.00977721$ & $0.668608$ & $0.664799$ & $-0.24336$ & $-0.684246$ & $-0.0753952$ & $0.000570069$ & $-0.0627865$ & $-0.12124$ & $-0.174818$ & $-0.296564$ & $-0.224382$ & $-0.234321$ & $0.675375$ & $0.592235$ & $1$ & $0.0610226$ & $-0.47378$ & $-0.275469$ & $-0.169766$ & $0.409982$ & $0.123985$ & $0.00547806$ & $0.000629296$ & $-0.00164712$ & $-0.00233985$ & $-0.0214604$ & $0.466153$ & $-0.0268537$ & $-0.000915162$ & $-0.0255655$ & $-0.0037855$ & $-0.0243978$ & $-0.00651267$ & $0.00168338$ & $0.00150129$ & $0.0194024$ & $0.0248314$ & $-0.0144369$ & $0.0031419$ & $0.00531221$ & $-0.0233222$ & $0.00445985$ \\
CHQ1_11 & $-0.00650556$ & $0.0152521$ & $0.0170621$ & $-0.023504$ & $-0.00272985$ & $-0.0472631$ & $0.00507257$ & $0.0543619$ & $0.0533943$ & $-0.0749483$ & $-0.0218979$ & $-0.0299785$ & $-0.00951919$ & $-0.082768$ & $-0.124315$ & $-0.118504$ & $-0.0518923$ & $0.00589242$ & $0.0155643$ & $0.0260273$ & $0.0752005$ & $0.0610226$ & $1$ & $-0.0935696$ & $0.0508242$ & $-0.560915$ & $0.27379$ & $0.0231606$ & $0.00328311$ & $-0.0177461$ & $-0.00703028$ & $0.00626925$ & $-0.00700257$ & $0.113721$ & $0.000897804$ & $-0.00520064$ & $-0.0130314$ & $-0.000491109$ & $-0.00275256$ & $0.0062866$ & $0.00456239$ & $-0.00550538$ & $0.00243924$ & $-0.00098877$ & $-0.00835077$ & $0.00919692$ & $0.0193753$ & $0.0225525$ & $0.017303$ \\
CHQ1_33 & $0.000195362$ & $0.0631751$ & $0.0155911$ & $-0.000916054$ & $-0.0158552$ & $0.060688$ & $-0.00425315$ & $-0.691155$ & $-0.687936$ & $0.616524$ & $0.475423$ & $0.0880441$ & $0.00380678$ & $0.532356$ & $0.252202$ & $0.2426$ & $0.675666$ & $0.473137$ & $0.47557$ & $-0.54639$ & $-0.476446$ & $-0.47378$ & $-0.0935696$ & $1$ & $0.543283$ & $0.123579$ & $-0.447328$ & $0.0152281$ & $0.00138899$ & $-0.014651$ & $0.0198301$ & $-0.00880818$ & $0.0137902$ & $-0.556527$ & $-0.00252043$ & $-0.00736928$ & $0.0217244$ & $-0.0012211$ & $0.0127643$ & $0.000123419$ & $-0.0132523$ & $-0.00106902$ & $-0.00114032$ & $-0.0282896$ & $0.0036385$ & $-0.00746075$ & $-0.00090754$ & $-0.0130039$ & $0.00315092$ \\
CHQ3_11 & $-0.0394938$ & $0.056541$ & $-0.0495151$ & $0.010646$ & $-0.00952142$ & $-0.0261369$ & $0.0039269$ & $-0.59256$ & $-0.590169$ & $0.641553$ & $0.336852$ & $0.0360695$ & $-0.00927855$ & $0.547999$ & $-0.153909$ & $-0.140641$ & $0.757992$ & $0.768912$ & $0.765606$ & $-0.456581$ & $-0.263543$ & $-0.275469$ & $0.0508242$ & $0.543283$ & $1$ & $0.0843332$ & $0.0810821$ & $-0.0669718$ & $-0.0177534$ & $-0.0494244$ & $0.029313$ & $-0.00744956$ & $-0.00468717$ & $-0.196501$ & $-0.00991862$ & $0.00364386$ & $0.018536$ & $-0.000836033$ & $0.0129684$ & $-0.0100169$ & $-0.0420893$ & $0.00571454$ & $-0.0144755$ & $-0.0343335$ & $-0.0140815$ & $-0.00540846$ & $0.014014$ & $-0.0151144$ & $-0.00385699$ \\
CHu_11 & $-0.0172411$ & $0.0264969$ & $-0.00994971$ & $0.0207217$ & $0.00252323$ & $0.0509085$ & $-0.0258367$ & $-0.188302$ & $-0.189544$ & $0.0639965$ & $0.200093$ & $0.0237138$ & $0.00246554$ & $0.0119904$ & $0.0222612$ & $0.0229226$ & $0.075984$ & $0.0873834$ & $0.0627434$ & $-0.191398$ & $-0.184961$ & $-0.169766$ & $-0.560915$ & $0.123579$ & $0.0843332$ & $1$ & $0.0798881$ & $-0.0495556$ & $-0.0048775$ & $0.00128665$ & $-0.00945479$ & $-0.0211435$ & $0.0171603$ & $-0.105681$ & $-0.0203523$ & $-0.00715648$ & $0.0243196$ & $0.00387554$ & $-0.0118069$ & $-0.0161172$ & $5.00966e-05$ & $0.00120172$ & $-0.0179792$ & $-0.0101851$ & $0.0142158$ & $-0.0131209$ & $-0.0162381$ & $-0.0251474$ & $-0.0115153$ \\
CHd_11 & $-0.0323139$ & $-0.0379595$ & $0.00606996$ & $0.00872499$ & $0.0165535$ & $-0.100045$ & $0.0159401$ & $0.444725$ & $0.442112$ & $-0.340866$ & $-0.328072$ & $-0.0864032$ & $-0.0229392$ & $-0.318689$ & $-0.496832$ & $-0.485539$ & $-0.334713$ & $-0.0157297$ & $-0.0148318$ & $0.352039$ & $0.426993$ & $0.409982$ & $0.27379$ & $-0.447328$ & $0.0810821$ & $0.0798881$ & $1$ & $0.0666398$ & $-0.00674347$ & $-0.0126596$ & $-0.00876318$ & $0.0133449$ & $-0.0184548$ & $0.609533$ & $-0.0268362$ & $0.00636275$ & $-0.0127871$ & $-0.0170822$ & $-0.0366226$ & $-0.0149467$ & $0.00920736$ & $-0.00055827$ & $-0.00449926$ & $0.00738944$ & $-0.0251637$ & $0.00170003$ & $-0.0066028$ & $-0.00469706$ & $0.00714565$ \\
CHd_33 & $-0.0143968$ & $-0.0215844$ & $-0.0049055$ & $-0.0161758$ & $0.0137404$ & $-0.0182188$ & $-0.0175609$ & $0.136197$ & $0.135624$ & $-0.0646599$ & $-0.131711$ & $-0.038723$ & $-0.0170571$ & $-0.0190621$ & $-0.0193881$ & $-0.0211088$ & $-0.0673197$ & $-0.0534226$ & $-0.0431473$ & $0.12946$ & $0.125782$ & $0.123985$ & $0.0231606$ & $0.0152281$ & $-0.0669718$ & $-0.0495556$ & $0.0666398$ & $1$ & $-0.0122251$ & $-0.0157731$ & $-0.0306249$ & $-0.0244395$ & $-0.0343477$ & $0.0966948$ & $-0.00861023$ & $0.0113062$ & $0.00320033$ & $0.006434$ & $0.0157265$ & $0.00321381$ & $-0.000146267$ & $-0.00788332$ & $0.0182448$ & $-0.016743$ & $-0.00404692$ & $0.0101676$ & $0.0106819$ & $-0.0123856$ & $-0.00908798$ \\
CeH_22r & $0.00663899$ & $0.0257063$ & $0.0012557$ & $0.0226121$ & $0.00469375$ & $0.00152366$ & $0.0324525$ & $-0.00674074$ & $-0.00162627$ & $-0.00698381$ & $0.0135713$ & $0.0437196$ & $0.0112243$ & $-0.0234603$ & $0.0238208$ & $0.00506372$ & $-0.00880032$ & $-0.0289212$ & $-0.00602007$ & $0.00419704$ & $0.00880872$ & $0.00547806$ & $0.00328311$ & $0.00138899$ & $-0.0177534$ & $-0.0048775$ & $-0.00674347$ & $-0.0122251$ & $1$ & $0.0639722$ & $0.0223426$ & $0.0140006$ & $0.0360879$ & $-0.0226018$ & $-0.0131214$ & $-0.0077648$ & $-0.0161736$ & $-6.04075e-05$ & $-0.0175552$ & $-0.000371583$ & $-0.00298199$ & $-0.00741145$ & $-0.00825508$ & $-0.0163525$ & $0.0208755$ & $-0.00920227$ & $-0.00153246$ & $0.0113223$ & $-0.00117083$ \\
CeH_33r & $-0.000564667$ & $0.0140421$ & $0.00501279$ & $0.00626898$ & $0.00880517$ & $0.00706973$ & $-0.0584394$ & $0.0016005$ & $0.0240451$ & $-0.04896$ & $0.0112803$ & $0.296457$ & $0.112803$ & $-0.0464141$ & $0.0120336$ & $-0.006303$ & $-0.0380339$ & $-0.0379294$ & $-0.0214638$ & $0.0147544$ & $-0.0053203$ & $0.000629296$ & $-0.0177461$ & $-0.014651$ & $-0.0494244$ & $0.00128665$ & $-0.0126596$ & $-0.0157731$ & $0.0639722$ & $1$ & $0.30508$ & $0.146208$ & $0.655204$ & $-0.021087$ & $-0.0802495$ & $-0.0484766$ & $-0.129536$ & $-0.0715523$ & $-0.00234877$ & $-0.00787462$ & $-0.00664181$ & $-0.00952955$ & $0.00546796$ & $-0.0032418$ & $0.0776644$ & $-0.00161702$ & $-0.0151702$ & $-0.0134288$ & $0.0330956$ \\
CuH_22r & $-6.98935e-05$ & $0.0156826$ & $-0.00227691$ & $-0.00349228$ & $-0.0145535$ & $-0.00838032$ & $-0.0367398$ & $-0.0370696$ & $-0.0248539$ & $0.0130612$ & $0.0305737$ & $0.0887684$ & $0.022198$ & $0.00432212$ & $-0.002318$ & $-0.00287883$ & $0.0197461$ & $0.020991$ & $0.0209148$ & $-0.0199073$ & $-0.0152108$ & $-0.00164712$ & $-0.00703028$ & $0.0198301$ & $0.029313$ & $-0.00945479$ & $-0.00876318$ & $-0.0306249$ & $0.0223426$ & $0.30508$ & $1$ & $0.0831018$ & $0.339942$ & $-0.0278249$ & $-0.0219095$ & $-0.0238875$ & $-0.0468099$ & $-0.018159$ & $0.00606035$ & $0.00137729$ & $-0.00896521$ & $0.0263569$ & $0.017279$ & $-0.0120913$ & $0.00617851$ & $0.0661523$ & $0.278452$ & $-0.0119986$ & $0.0159842$ \\
CuH_33r & $-0.0159368$ & $0.0149969$ & $0.00745714$ & $0.00135101$ & $0.0053363$ & $0.00209472$ & $0.899529$ & $-0.00106694$ & $0.0239848$ & $0.0187121$ & $0.00500938$ & $0.153949$ & $0.0261746$ & $-0.0317119$ & $-0.010406$ & $-0.000199779$ & $-0.0268074$ & $-0.00969869$ & $-0.00649941$ & $0.0295347$ & $0.0098168$ & $-0.00233985$ & $0.00626925$ & $-0.00880818$ & $-0.00744956$ & $-0.0211435$ & $0.0133449$ & $-0.0244395$ & $0.0140006$ & $0.146208$ & $0.0831018$ & $1$ & $0.179358$ & $-0.013374$ & $0.00582763$ & $0.0127231$ & $0.0133955$ & $-0.0128223$ & $-0.00769779$ & $0.0246198$ & $0.00517954$ & $-0.00531535$ & $-0.00860577$ & $0.0132862$ & $-0.008519$ & $-0.00849729$ & $0.0123442$ & $-0.0158544$ & $-0.0080727$ \\
CdH_33r & $-0.00838309$ & $0.000797504$ & $-0.0282004$ & $-0.00296427$ & $0.00872083$ & $0.00719729$ & $-0.0726238$ & $-0.0293853$ & $-0.00570621$ & $-0.0209175$ & $0.0252845$ & $0.257561$ & $0.0897689$ & $-0.0077955$ & $-0.00362149$ & $0.0295315$ & $0.0120021$ & $0.00166074$ & $-0.00709833$ & $-0.0212833$ & $-0.0143458$ & $-0.0214604$ & $-0.00700257$ & $0.0137902$ & $-0.00468717$ & $0.0171603$ & $-0.0184548$ & $-0.0343477$ & $0.0360879$ & $0.655204$ & $0.339942$ & $0.179358$ & $1$ & $-0.0326075$ & $-0.0621724$ & $-0.0434951$ & $-0.141881$ & $-0.0694673$ & $-0.0138343$ & $-0.00958145$ & $-0.0236398$ & $-0.00495823$ & $-0.0102267$ & $-0.00577767$ & $0.0148568$ & $-0.00575844$ & $-0.0127534$ & $0.113887$ & $0.401495$ \\
CLL_1221 & $-0.0139715$ & $0.00242753$ & $0.00627575$ & $0.00156401$ & $0.000311436$ & $-0.152116$ & $0.0102181$ & $0.668124$ & $0.663128$ & $-0.420156$ & $-0.533356$ & $-0.255001$ & $-0.0756112$ & $-0.322789$ & $-0.564683$ & $-0.245033$ & $-0.36103$ & $0.0809618$ & $-0.233013$ & $0.470076$ & $0.468533$ & $0.466153$ & $0.113721$ & $-0.556527$ & $-0.196501$ & $-0.105681$ & $0.609533$ & $0.0966948$ & $-0.0226018$ & $-0.021087$ & $-0.0278249$ & $-0.013374$ & $-0.0326075$ & $1$ & $-0.0171351$ & $0.0109144$ & $-0.0106048$ & $-0.00761384$ & $-0.0248978$ & $-0.00578702$ & $-0.000127085$ & $0.00854532$ & $-0.000518719$ & $0.0152951$ & $-0.0102935$ & $0.0130395$ & $-0.00633441$ & $0.00793274$ & $0.00240348$ \\
eHggint & $0.0121495$ & $0.0151434$ & $0.00986018$ & $-0.0124414$ & $0.0313$ & $-0.00716233$ & $-0.032225$ & $-0.0191794$ & $-0.026656$ & $0.0146701$ & $0.0235539$ & $0.061716$ & $0.0358516$ & $-0.0216433$ & $0.0100779$ & $0.0123359$ & $0.00598441$ & $-0.00350698$ & $-0.0116113$ & $-0.00320318$ & $-0.0015803$ & $-0.0268537$ & $0.000897804$ & $-0.00252043$ & $-0.00991862$ & $-0.0203523$ & $-0.0268362$ & $-0.00861023$ & $-0.0131214$ & $-0.0802495$ & $-0.0219095$ & $0.00582763$ & $-0.0621724$ & $-0.0171351$ & $1$ & $-0.0323219$ & $0.0309648$ & $0.0270441$ & $0.011205$ & $0.0152198$ & $0.023163$ & $-0.0242604$ & $0.0233075$ & $-0.00716092$ & $-0.00536718$ & $-0.0101765$ & $0.0227931$ & $0.0128574$ & $-0.0078851$ \\
eHggpar & $0.018216$ & $-0.00766657$ & $-0.0389049$ & $0.015015$ & $0.00075662$ & $-0.0343029$ & $-0.00153122$ & $0.00893516$ & $0.00409459$ & $0.0102324$ & $-0.0174679$ & $0.0276441$ & $0.00895102$ & $-0.00103561$ & $-0.00992935$ & $-0.00310959$ & $0.00442753$ & $0.00765196$ & $-0.00318787$ & $0.0201382$ & $0.0149504$ & $-0.000915162$ & $-0.00520064$ & $-0.00736928$ & $0.00364386$ & $-0.00715648$ & $0.00636275$ & $0.0113062$ & $-0.0077648$ & $-0.0484766$ & $-0.0238875$ & $0.0127231$ & $-0.0434951$ & $0.0109144$ & $-0.0323219$ & $1$ & $0.00831998$ & $-0.0219667$ & $0.00102671$ & $0.00448226$ & $0.00811529$ & $0.00673643$ & $0.00358182$ & $0.0130287$ & $0.00900358$ & $0.0237989$ & $0.00720205$ & $-0.00730696$ & $0.0159153$ \\
eHWWint & $0.0105303$ & $0.00819966$ & $0.00953145$ & $-0.0246667$ & $0.0190928$ & $-0.0072541$ & $0.0360577$ & $-0.0235084$ & $-0.0299045$ & $0.00849131$ & $0.0268214$ & $-0.00460061$ & $-0.0141493$ & $0.00246964$ & $0.0148914$ & $0.00650211$ & $0.0175729$ & $0.00995901$ & $0.0102991$ & $-0.0254264$ & $-0.0236107$ & $-0.0255655$ & $-0.0130314$ & $0.0217244$ & $0.018536$ & $0.0243196$ & $-0.0127871$ & $0.00320033$ & $-0.0161736$ & $-0.129536$ & $-0.0468099$ & $0.0133955$ & $-0.141881$ & $-0.0106048$ & $0.0309648$ & $0.00831998$ & $1$ & $-0.0134879$ & $0.00612137$ & $-0.00192951$ & $-0.00735841$ & $0.0079039$ & $-0.0143746$ & $-0.00114621$ & $0.00107602$ & $0.0237153$ & $0.0124688$ & $-0.0172991$ & $0.00284246$ \\
eHWWpar & $0.00937361$ & $-0.020843$ & $-0.0028375$ & $0.00637642$ & $-0.0104961$ & $-0.0104877$ & $-0.00017278$ & $-0.00618843$ & $-0.0094297$ & $0.00231314$ & $0.00116564$ & $0.00871715$ & $0.00567911$ & $0.00632634$ & $-0.00315955$ & $0.00960997$ & $0.0110483$ & $0.0100723$ & $0.00989289$ & $0.000957114$ & $0.000700393$ & $-0.0037855$ & $-0.000491109$ & $-0.0012211$ & $-0.000836033$ & $0.00387554$ & $-0.0170822$ & $0.006434$ & $-6.04075e-05$ & $-0.0715523$ & $-0.018159$ & $-0.0128223$ & $-0.0694673$ & $-0.00761384$ & $0.0270441$ & $-0.0219667$ & $-0.0134879$ & $1$ & $0.00425207$ & $0.0170263$ & $-0.0042778$ & $0.0100049$ & $0.00679784$ & $-5.69285e-05$ & $0.0135135$ & $0.00365984$ & $-0.0189702$ & $0.0123828$ & $-0.0068086$ \\
eHZZint & $-0.00424309$ & $-0.0068925$ & $-0.000941804$ & $-0.0221673$ & $-0.0156156$ & $-0.002435$ & $-0.0358667$ & $-0.0189238$ & $-0.0250149$ & $0.0178725$ & $0.00963276$ & $-0.00433022$ & $0.0196738$ & $0.0278881$ & $0.024732$ & $0.000431342$ & $0.0162742$ & $0.00613669$ & $0.0183033$ & $-0.0256284$ & $-0.0161579$ & $-0.0243978$ & $-0.00275256$ & $0.0127643$ & $0.0129684$ & $-0.0118069$ & $-0.0366226$ & $0.0157265$ & $-0.0175552$ & $-0.00234877$ & $0.00606035$ & $-0.00769779$ & $-0.0138343$ & $-0.0248978$ & $0.011205$ & $0.00102671$ & $0.00612137$ & $0.00425207$ & $1$ & $0.0023658$ & $0.00276657$ & $0.00168668$ & $-0.0235619$ & $0.0202017$ & $0.00878252$ & $-0.0081815$ & $0.00651698$ & $-0.00505804$ & $-0.0172197$ \\
eHZZpar & $-0.00878415$ & $-0.00706419$ & $-0.0287854$ & $0.00163845$ & $0.00748085$ & $-0.0318796$ & $0.0131595$ & $0.00496215$ & $0.00200292$ & $-0.000553985$ & $-0.0108471$ & $-0.013266$ & $-0.00452208$ & $0.00471269$ & $0.00041217$ & $-0.000122628$ & $0.00907806$ & $-0.0120833$ & $0.0024561$ & $0.00174949$ & $0.0106967$ & $-0.00651267$ & $0.0062866$ & $0.000123419$ & $-0.0100169$ & $-0.0161172$ & $-0.0149467$ & $0.00321381$ & $-0.000371583$ & $-0.00787462$ & $0.00137729$ & $0.0246198$ & $-0.00958145$ & $-0.00578702$ & $0.0152198$ & $0.00448226$ & $-0.00192951$ & $0.0170263$ & $0.0023658$ & $1$ & $0.00293987$ & $0.00160188$ & $-0.0166617$ & $-0.000681374$ & $0.00373132$ & $-0.0289263$ & $0.00913988$ & $-0.0167482$ & $0.0163353$ \\
eHZgaint & $-0.0116051$ & $-0.00227446$ & $0.0198247$ & $-0.0071315$ & $-0.0218218$ & $-0.00837983$ & $0.0112744$ & $0.0147921$ & $0.0159368$ & $-0.0448388$ & $0.00877899$ & $-0.0172162$ & $0.004451$ & $-0.0463246$ & $-0.000568654$ & $-0.0205221$ & $-0.0390877$ & $-0.0461698$ & $-0.030779$ & $0.00409394$ & $-0.0123881$ & $0.00168338$ & $0.00456239$ & $-0.0132523$ & $-0.0420893$ & $5.00966e-05$ & $0.00920736$ & $-0.000146267$ & $-0.00298199$ & $-0.00664181$ & $-0.00896521$ & $0.00517954$ & $-0.0236398$ & $-0.000127085$ & $0.023163$ & $0.00811529$ & $-0.00735841$ & $-0.0042778$ & $0.00276657$ & $0.00293987$ & $1$ & $-0.0107173$ & $0.0194344$ & $-0.00230393$ & $-0.00188861$ & $0.000739834$ & $0.0116852$ & $-0.0145895$ & $-0.00679246$ \\
eHZgapar & $0.0181492$ & $-0.0394558$ & $-0.00262182$ & $-0.00474969$ & $0.01417$ & $0.0252931$ & $-0.00651938$ & $0.00308303$ & $0.000871233$ & $-0.00335805$ & $-0.00535364$ & $-0.00527622$ & $0.000896917$ & $0.0101884$ & $-0.0194355$ & $0.00453194$ & $0.00253378$ & $0.0207351$ & $-0.0124575$ & $0.00535415$ & $0.00475239$ & $0.00150129$ & $-0.00550538$ & $-0.00106902$ & $0.00571454$ & $0.00120172$ & $-0.00055827$ & $-0.00788332$ & $-0.00741145$ & $-0.00952955$ & $0.0263569$ & $-0.00531535$ & $-0.00495823$ & $0.00854532$ & $-0.0242604$ & $0.00673643$ & $0.0079039$ & $0.0100049$ & $0.00168668$ & $0.00160188$ & $-0.0107173$ & $1$ & $-0.0350449$ & $0.00227524$ & $0.0040447$ & $0.0214097$ & $0.00479266$ & $-0.00264638$ & $0.00813737$ \\
eHgagaint & $-0.00399639$ & $-0.0495177$ & $-0.0117427$ & $0.0241681$ & $-0.0294451$ & $-0.0199907$ & $-0.00545732$ & $0.0143201$ & $0.0542059$ & $-0.00650255$ & $-0.0150338$ & $-0.0225898$ & $-0.0195592$ & $-0.00753266$ & $0.00949224$ & $0.0263613$ & $0.00333079$ & $-0.0106979$ & $-0.0209504$ & $0.0166614$ & $0.0115573$ & $0.0194024$ & $0.00243924$ & $-0.00114032$ & $-0.0144755$ & $-0.0179792$ & $-0.00449926$ & $0.0182448$ & $-0.00825508$ & $0.00546796$ & $0.017279$ & $-0.00860577$ & $-0.0102267$ & $-0.000518719$ & $0.0233075$ & $0.00358182$ & $-0.0143746$ & $0.00679784$ & $-0.0235619$ & $-0.0166617$ & $0.0194344$ & $-0.0350449$ & $1$ & $0.0111823$ & $-0.0137616$ & $-0.0116777$ & $-0.0102327$ & $0.00479117$ & $-0.00616897$ \\
eHmumuint & $0.0294318$ & $-0.00575354$ & $-0.0125187$ & $0.0319416$ & $0.00966643$ & $0.000684966$ & $0.0113855$ & $0.0335933$ & $0.0337857$ & $-0.00865757$ & $-0.0361466$ & $0.0312283$ & $-0.000658342$ & $-0.0044996$ & $0.00634331$ & $0.0255844$ & $-0.0276424$ & $-0.0185266$ & $-0.041452$ & $0.0400118$ & $0.0142402$ & $0.0248314$ & $-0.00098877$ & $-0.0282896$ & $-0.0343335$ & $-0.0101851$ & $0.00738944$ & $-0.016743$ & $-0.0163525$ & $-0.0032418$ & $-0.0120913$ & $0.0132862$ & $-0.00577767$ & $0.0152951$ & $-0.00716092$ & $0.0130287$ & $-0.00114621$ & $-5.69285e-05$ & $0.0202017$ & $-0.000681374$ & $-0.00230393$ & $0.00227524$ & $0.0111823$ & $1$ & $0.00341876$ & $-0.0006961$ & $-0.00651148$ & $-0.00740004$ & $0.00106436$ \\
eHtautauint & $0.0109087$ & $0.00504475$ & $-0.0175168$ & $0.00641963$ & $-0.0139195$ & $-0.000717664$ & $-0.0096419$ & $0.00139981$ & $0.00188207$ & $-0.0051543$ & $0.000629742$ & $-0.0163513$ & $-0.00605473$ & $-0.00107248$ & $0.0283845$ & $0.0314716$ & $0.00117558$ & $-0.0219904$ & $-0.00844606$ & $-0.00159761$ & $-0.0148704$ & $-0.0144369$ & $-0.00835077$ & $0.0036385$ & $-0.0140815$ & $0.0142158$ & $-0.0251637$ & $-0.00404692$ & $0.0208755$ & $0.0776644$ & $0.00617851$ & $-0.008519$ & $0.0148568$ & $-0.0102935$ & $-0.00536718$ & $0.00900358$ & $0.00107602$ & $0.0135135$ & $0.00878252$ & $0.00373132$ & $-0.00188861$ & $0.0040447$ & $-0.0137616$ & $0.00341876$ & $1$ & $-2.39821e-05$ & $0.0179226$ & $-0.00189385$ & $0.0170957$ \\
eHccint & $0.0296379$ & $-0.0119496$ & $0.0161189$ & $0.0319385$ & $0.0243725$ & $-0.0217064$ & $-0.0170872$ & $0.0132006$ & $0.0103025$ & $-0.0187726$ & $-0.00475802$ & $-0.0123805$ & $-0.00156228$ & $-0.0121985$ & $0.0107653$ & $-0.00340255$ & $-0.00780145$ & $-0.00937702$ & $0.00496553$ & $-0.000362919$ & $0.0121833$ & $0.0031419$ & $0.00919692$ & $-0.00746075$ & $-0.00540846$ & $-0.0131209$ & $0.00170003$ & $0.0101676$ & $-0.00920227$ & $-0.00161702$ & $0.0661523$ & $-0.00849729$ & $-0.00575844$ & $0.0130395$ & $-0.0101765$ & $0.0237989$ & $0.0237153$ & $0.00365984$ & $-0.0081815$ & $-0.0289263$ & $0.000739834$ & $0.0214097$ & $-0.0116777$ & $-0.0006961$ & $-2.39821e-05$ & $1$ & $-0.0130357$ & $0.0157682$ & $-0.00111254$ \\
eHccpar & $0.00277875$ & $0.0396503$ & $0.00527786$ & $-0.0126435$ & $0.00191738$ & $-0.000394995$ & $0.0125584$ & $-0.0164295$ & $-0.0144921$ & $0.0129838$ & $0.00792329$ & $0.00628463$ & $-0.00577986$ & $0.00910778$ & $-0.00340933$ & $-0.00207526$ & $0.0118532$ & $0.0174521$ & $-0.00270771$ & $-0.0039578$ & $0.00615367$ & $0.00531221$ & $0.0193753$ & $-0.00090754$ & $0.014014$ & $-0.0162381$ & $-0.0066028$ & $0.0106819$ & $-0.00153246$ & $-0.0151702$ & $0.278452$ & $0.0123442$ & $-0.0127534$ & $-0.00633441$ & $0.0227931$ & $0.00720205$ & $0.0124688$ & $-0.0189702$ & $0.00651698$ & $0.00913988$ & $0.0116852$ & $0.00479266$ & $-0.0102327$ & $-0.00651148$ & $0.0179226$ & $-0.0130357$ & $1$ & $-0.0162998$ & $-0.003891$ \\
eHbbint & $0.0203956$ & $0.0103806$ & $-0.0204674$ & $-0.0089156$ & $-0.00144276$ & $-0.00228037$ & $-0.00990407$ & $-0.00277944$ & $-0.00187603$ & $-0.0239037$ & $0.00856884$ & $-0.0164821$ & $-0.00859753$ & $-0.0330339$ & $-0.0109565$ & $0.011954$ & $-0.00287244$ & $-0.00373103$ & $-0.0163495$ & $-0.00493171$ & $-0.0108693$ & $-0.0233222$ & $0.0225525$ & $-0.0130039$ & $-0.0151144$ & $-0.0251474$ & $-0.00469706$ & $-0.0123856$ & $0.0113223$ & $-0.0134288$ & $-0.0119986$ & $-0.0158544$ & $0.113887$ & $0.00793274$ & $0.0128574$ & $-0.00730696$ & $-0.0172991$ & $0.0123828$ & $-0.00505804$ & $-0.0167482$ & $-0.0145895$ & $-0.00264638$ & $0.00479117$ & $-0.00740004$ & $-0.00189385$ & $0.0157682$ & $-0.0162998$ & $1$ & $-0.00845381$ \\
eHbbpar & $-0.00893775$ & $0.00239934$ & $0.0113003$ & $-0.00974165$ & $0.013039$ & $0.0102323$ & $-0.0275669$ & $0.00894148$ & $0.00990874$ & $0.010145$ & $-0.00921654$ & $0.0252437$ & $0.0197303$ & $-0.00475281$ & $-0.00322261$ & $0.0220868$ & $-0.00148286$ & $-0.00572999$ & $-0.0206287$ & $0.0140986$ & $0.00783947$ & $0.00445985$ & $0.017303$ & $0.00315092$ & $-0.00385699$ & $-0.0115153$ & $0.00714565$ & $-0.00908798$ & $-0.00117083$ & $0.0330956$ & $0.0159842$ & $-0.0080727$ & $0.401495$ & $0.00240348$ & $-0.0078851$ & $0.0159153$ & $0.00284246$ & $-0.0068086$ & $-0.0172197$ & $0.0163353$ & $-0.00679246$ & $0.00813737$ & $-0.00616897$ & $0.00106436$ & $0.0170957$ & $-0.00111254$ & $-0.003891$ & $-0.00845381$ & $1$ \\
