 & AlsMz & dAle5Mz & mtop & mHl & Mz & CW & CHG & CHWB & CHWHB_gaga & CHWHB_gagaorth & CHD & CHbox & CH & CHL1_11 & CHL1_22 & CHL1_33 & CHL3_11 & CHL3_22 & CHL3_33 & CHe_11 & CHe_22 & CHe_33 & CHQ1_11 & CHQ1_33 & CHQ3_11 & CHu_11 & CHd_11 & CHd_33 & CeH_22r & CeH_33r & CuH_22r & CuH_33r & CdH_33r & CLL_1221 & eHggint & eHggpar & eHWWint & eHWWpar & eHZZint & eHZZpar & eHZgaint & eHZgapar & eHgagaint & eHmumuint & eHtautauint & eHccint & eHccpar & eHbbint & eHbbpar \\
AlsMz & $1$ & $0.0318321$ & $-0.0440764$ & $-0.0394437$ & $0.000406488$ & $0.0247929$ & $0.0322312$ & $-0.0374262$ & $-0.0364554$ & $0.0360993$ & $0.0177793$ & $0.0298434$ & $0.0173564$ & $0.00855125$ & $-0.0234013$ & $-0.0110372$ & $0.0190847$ & $0.0381409$ & $0.0252128$ & $-0.0214605$ & $-0.0260376$ & $-0.0272487$ & $0.00289753$ & $-0.0328774$ & $-0.0682435$ & $-0.0253827$ & $-0.0281283$ & $0.00112551$ & $0.00962419$ & $0.00115855$ & $0.0254875$ & $0.0387806$ & $-0.0427782$ & $-0.0109875$ & $0.00256993$ & $0.148364$ & $-0.00943011$ & $-0.00120337$ & $0.0476595$ & $0.0213183$ & $0.0457712$ & $-0.0111847$ & $-0.0696297$ & $-0.0467908$ & $0.0139866$ & $-0.048187$ & $0.075821$ & $-0.042639$ & $-0.0754353$ \\
dAle5Mz & $0.0318321$ & $1$ & $0.0559367$ & $-0.041194$ & $0.00841861$ & $0.0122813$ & $0.0346008$ & $-0.0684746$ & $-0.0606613$ & $0.015271$ & $0.0418784$ & $-0.0108784$ & $-0.0165897$ & $0.000462918$ & $-0.00478938$ & $-0.0125107$ & $0.0306605$ & $0.0237902$ & $0.0313474$ & $-0.0178178$ & $-0.0187979$ & $-0.0212369$ & $-0.00264356$ & $0.0297958$ & $0.0283139$ & $0.0139728$ & $-0.00228473$ & $0.0215062$ & $-0.0151798$ & $0.0111519$ & $-0.000447793$ & $0.0424005$ & $0.0483986$ & $0.0105541$ & $0.00307704$ & $-0.0183592$ & $-0.0393849$ & $-0.0305956$ & $0.0641223$ & $0.0103329$ & $-0.00708922$ & $-0.0038271$ & $0.0363876$ & $-0.147592$ & $0.104952$ & $0.00427441$ & $-0.0294486$ & $0.100512$ & $0.0666596$ \\
mtop & $-0.0440764$ & $0.0559367$ & $1$ & $0.0758353$ & $0.0257598$ & $0.000729197$ & $0.0185321$ & $-0.0319518$ & $-0.0385563$ & $0.0201938$ & $0.0435708$ & $0.0345393$ & $0.0168336$ & $-0.0265691$ & $0.0228606$ & $0.0167549$ & $-0.0100245$ & $-0.023127$ & $-0.0135909$ & $-0.0275119$ & $-0.0366294$ & $-0.0334188$ & $-0.0146736$ & $0.0160621$ & $-0.00923936$ & $0.0196626$ & $-0.03988$ & $-0.0102992$ & $0.00643885$ & $0.02611$ & $-0.00839001$ & $0.0229947$ & $0.0421901$ & $-0.0387327$ & $-0.0614472$ & $0.136547$ & $-0.0931675$ & $-0.0125166$ & $0.118194$ & $-0.0255559$ & $0.114211$ & $-0.00860234$ & $-0.094529$ & $0.0190224$ & $0.0970881$ & $-0.0681957$ & $-0.00988496$ & $-0.0346194$ & $0.0678227$ \\
mHl & $-0.0394437$ & $-0.041194$ & $0.0758353$ & $1$ & $-0.0109424$ & $-0.0080687$ & $-0.00585778$ & $-0.0137056$ & $-0.0211901$ & $-0.021477$ & $0.0184534$ & $-0.0250393$ & $-0.0116612$ & $-0.0177411$ & $0.00390524$ & $-0.00919819$ & $-0.00133396$ & $-0.01071$ & $0.000779883$ & $-0.0177991$ & $-0.0188389$ & $-0.0207126$ & $0.0140819$ & $0.0194262$ & $0.000326836$ & $-0.0110506$ & $-0.00550079$ & $0.0249941$ & $-0.00735881$ & $0.0270035$ & $0.00446782$ & $-0.0152573$ & $0.0988935$ & $-0.0147464$ & $-0.0671021$ & $-0.00504072$ & $-0.0248339$ & $0.0434703$ & $0.0669688$ & $-0.0108393$ & $0.132609$ & $-0.00456608$ & $-0.0865609$ & $0.0278115$ & $0.0431043$ & $0.028178$ & $-0.0621676$ & $0.0748309$ & $0.16378$ \\
Mz & $0.000406488$ & $0.00841861$ & $0.0257598$ & $-0.0109424$ & $1$ & $0.00798364$ & $-0.0315156$ & $0.000356311$ & $-0.0033856$ & $-0.00350334$ & $0.013447$ & $0.0135193$ & $0.011783$ & $-0.0130469$ & $0.0112524$ & $0.0136944$ & $-0.00956315$ & $-0.0172564$ & $-0.017033$ & $-0.00222193$ & $-0.00505062$ & $-0.00189103$ & $-0.00142443$ & $-0.00411694$ & $-0.0085885$ & $0.00312207$ & $-0.000579263$ & $0.000663637$ & $0.011369$ & $0.0065868$ & $0.00531383$ & $-0.0245351$ & $0.0178586$ & $-0.00851713$ & $-0.0192068$ & $0.00194334$ & $0.00228847$ & $0.00827889$ & $0.0280166$ & $-0.00981076$ & $0.0377347$ & $0.0386428$ & $-0.00948839$ & $0.00722168$ & $-0.0132688$ & $0.011729$ & $-0.00152059$ & $0.00957014$ & $0.00201321$ \\
CW & $0.0247929$ & $0.0122813$ & $0.000729197$ & $-0.0080687$ & $0.00798364$ & $1$ & $0.00198854$ & $-0.132538$ & $-0.129212$ & $0.022342$ & $0.18246$ & $0.0375869$ & $0.00192519$ & $0.0339796$ & $-0.0924737$ & $-0.0585661$ & $-0.253927$ & $-0.0260815$ & $-0.0514286$ & $-0.179594$ & $-0.18581$ & $-0.179634$ & $-0.0295678$ & $0.0140718$ & $-0.0755587$ & $0.126488$ & $-0.0754067$ & $-0.0577957$ & $0.00369096$ & $-0.0181366$ & $-0.00982056$ & $0.00431516$ & $-0.0179911$ & $-0.112185$ & $0.00617769$ & $0.0289281$ & $0.0134997$ & $0.000451384$ & $-0.0110656$ & $0.00984678$ & $-0.00485208$ & $0.0143975$ & $-0.010158$ & $0.026049$ & $0.0175459$ & $-0.00067482$ & $0.0021282$ & $-0.0102107$ & $-0.0137362$ \\
CHG & $0.0322312$ & $0.0346008$ & $0.0185321$ & $-0.00585778$ & $-0.0315156$ & $0.00198854$ & $1$ & $-0.0477227$ & $0.00806142$ & $0.0149431$ & $0.0239701$ & $-0.170582$ & $-0.230645$ & $0.0272834$ & $-0.00788018$ & $-0.00375499$ & $0.0432128$ & $0.0468423$ & $0.0407036$ & $-0.0227129$ & $-0.0259012$ & $-0.0287479$ & $-0.00800643$ & $0.0544716$ & $0.0369537$ & $0.0129242$ & $-0.0273564$ & $-0.00378852$ & $0.00416387$ & $-0.0726628$ & $-0.0372686$ & $0.941901$ & $-0.113812$ & $-0.0298222$ & $-0.0347621$ & $-0.0127654$ & $0.0053382$ & $0.0181231$ & $-0.00757841$ & $0.0147914$ & $-0.0182283$ & $0.0289646$ & $-0.0206369$ & $-0.0360578$ & $0.0252517$ & $0.0237222$ & $0.0253435$ & $-0.0335223$ & $-0.00502735$ \\
CHWB & $-0.0374262$ & $-0.0684746$ & $-0.0319518$ & $-0.0137056$ & $0.000356311$ & $-0.132538$ & $-0.0477227$ & $1$ & $0.980658$ & $-0.55142$ & $-0.881779$ & $-0.0461316$ & $0.260564$ & $0.127806$ & $0.280762$ & $0.287807$ & $-0.203114$ & $-0.398705$ & $-0.401042$ & $0.851785$ & $0.899295$ & $0.881143$ & $0.0572229$ & $-0.658189$ & $-0.3717$ & $-0.500347$ & $0.416883$ & $0.269234$ & $0.0189106$ & $0.0455101$ & $0.0286297$ & $-0.0511008$ & $0.0413689$ & $0.55836$ & $0.0111246$ & $-0.0261172$ & $-0.0122811$ & $0.0100602$ & $-0.00336906$ & $0.00983619$ & $-0.0136684$ & $-0.03047$ & $-0.00499612$ & $0.034452$ & $-0.0127023$ & $0.0294645$ & $-0.00340612$ & $0.00291323$ & $-0.018443$ \\
CHWHB_gaga & $-0.0364554$ & $-0.0606613$ & $-0.0385563$ & $-0.0211901$ & $-0.0033856$ & $-0.129212$ & $0.00806142$ & $0.980658$ & $1$ & $-0.541698$ & $-0.861021$ & $-0.0306171$ & $0.257282$ & $0.116721$ & $0.271788$ & $0.280101$ & $-0.206761$ & $-0.39601$ & $-0.399654$ & $0.83179$ & $0.878517$ & $0.860531$ & $0.0558611$ & $-0.649573$ & $-0.370705$ & $-0.487206$ & $0.410823$ & $0.261859$ & $0.0243526$ & $0.0703049$ & $0.0445072$ & $-0.00378144$ & $0.0610392$ & $0.550818$ & $-0.00963136$ & $-0.0216879$ & $-0.0206773$ & $0.00725959$ & $-0.0116626$ & $0.00944638$ & $-0.00935467$ & $-0.0333684$ & $0.0620909$ & $0.0239755$ & $-0.00321938$ & $0.0224558$ & $0.00778774$ & $0.0088862$ & $-0.0315768$ \\
CHWHB_gagaorth & $0.0360993$ & $0.015271$ & $0.0201938$ & $-0.021477$ & $-0.00350334$ & $0.022342$ & $0.0149431$ & $-0.55142$ & $-0.541698$ & $1$ & $0.341939$ & $0.377942$ & $-0.159552$ & $0.218315$ & $-0.117635$ & $-0.123675$ & $0.402535$ & $0.469184$ & $0.471255$ & $-0.327232$ & $-0.358204$ & $-0.350054$ & $-0.0357025$ & $0.530024$ & $0.457581$ & $0.199508$ & $-0.219504$ & $-0.0990497$ & $-0.0113773$ & $-0.0906337$ & $-0.0656785$ & $0.0366339$ & $-0.0849446$ & $-0.336714$ & $0.0520709$ & $0.0231542$ & $0.0118069$ & $0.0276097$ & $0.00188347$ & $-0.00968766$ & $-0.037143$ & $0.00962453$ & $0.00486334$ & $-0.00856265$ & $-0.00753838$ & $-0.0238375$ & $-0.0186376$ & $-0.00198553$ & $0.0138119$ \\
CHD & $0.0177793$ & $0.0418784$ & $0.0435708$ & $0.0184534$ & $0.013447$ & $0.18246$ & $0.0239701$ & $-0.881779$ & $-0.861021$ & $0.341939$ & $1$ & $0.154449$ & $-0.1216$ & $-0.532539$ & $-0.409595$ & $-0.406849$ & $-0.245451$ & $0.0408048$ & $0.0415459$ & $-0.990039$ & $-0.990867$ & $-0.968897$ & $0.00278835$ & $0.298423$ & $1.33265e-05$ & $0.548507$ & $-0.283415$ & $-0.314967$ & $-0.00241411$ & $-0.0209694$ & $-0.0326031$ & $0.035018$ & $-0.0218271$ & $-0.360384$ & $-0.00644148$ & $0.031991$ & $0.00751149$ & $-0.0165304$ & $-0.00509392$ & $-0.0106612$ & $0.036594$ & $0.0308772$ & $0.00873899$ & $-0.0232448$ & $0.0158565$ & $-0.0197456$ & $-0.000628816$ & $-0.00975711$ & $0.00971797$ \\
CHbox & $0.0298434$ & $-0.0108784$ & $0.0345393$ & $-0.0250393$ & $0.0135193$ & $0.0375869$ & $-0.170582$ & $-0.0461316$ & $-0.0306171$ & $0.377942$ & $0.154449$ & $1$ & $0.675119$ & $-0.241704$ & $-0.00698447$ & $-0.00811734$ & $-0.23812$ & $-0.200268$ & $-0.193975$ & $-0.13861$ & $-0.15604$ & $-0.147734$ & $0.00573489$ & $-0.107059$ & $-0.198159$ & $0.0813179$ & $-0.0565197$ & $-0.0575788$ & $0.0474364$ & $0.262187$ & $0.0518447$ & $-0.0917488$ & $0.307666$ & $-0.0417223$ & $0.0565137$ & $0.0281157$ & $-0.0170964$ & $-0.00621962$ & $-0.00997156$ & $-0.000846746$ & $0.00782456$ & $-0.0274091$ & $0.0175183$ & $0.0197131$ & $0.00584194$ & $0.00991697$ & $-0.00730658$ & $-0.0137236$ & $-0.0299692$ \\
CH & $0.0173564$ & $-0.0165897$ & $0.0168336$ & $-0.0116612$ & $0.011783$ & $0.00192519$ & $-0.230645$ & $0.260564$ & $0.257282$ & $-0.159552$ & $-0.1216$ & $0.675119$ & $1$ & $-0.182803$ & $0.0572186$ & $0.0627616$ & $-0.278307$ & $-0.297263$ & $-0.29543$ & $0.119837$ & $0.128882$ & $0.131039$ & $0.0257221$ & $-0.301347$ & $-0.286515$ & $-0.078522$ & $0.0977408$ & $0.0317043$ & $0.0336801$ & $0.183957$ & $0.066809$ & $-0.195827$ & $0.222017$ & $0.1532$ & $0.00529799$ & $0.00236898$ & $-0.00552961$ & $-0.0215146$ & $-0.00302034$ & $-0.00289749$ & $0.02363$ & $-0.0308881$ & $0.0273303$ & $0.0134283$ & $0.0188103$ & $0.0171194$ & $-0.00237052$ & $-0.0116522$ & $-0.0266243$ \\
CHL1_11 & $0.00855125$ & $0.000462918$ & $-0.0265691$ & $-0.0177411$ & $-0.0130469$ & $0.0339796$ & $0.0272834$ & $0.127806$ & $0.116721$ & $0.218315$ & $-0.532539$ & $-0.241704$ & $-0.182803$ & $1$ & $0.275673$ & $0.270159$ & $0.651774$ & $0.593359$ & $0.586635$ & $0.551197$ & $0.493132$ & $0.478281$ & $-0.0963175$ & $0.448918$ & $0.587687$ & $-0.259324$ & $-0.090397$ & $0.181899$ & $-0.027619$ & $-0.0326943$ & $0.00492079$ & $0.0089232$ & $-0.0286308$ & $-0.198026$ & $-0.00444523$ & $-0.025159$ & $0.0103619$ & $0.017745$ & $0.0153492$ & $0.00760824$ & $-0.0545558$ & $-0.00974512$ & $-0.0103536$ & $-0.00142687$ & $-0.011211$ & $-0.00420815$ & $-0.00117057$ & $0.0136174$ & $0.0120366$ \\
CHL1_22 & $-0.0234013$ & $-0.00478938$ & $0.0228606$ & $0.00390524$ & $0.0112524$ & $-0.0924737$ & $-0.00788018$ & $0.280762$ & $0.271788$ & $-0.117635$ & $-0.409595$ & $-0.00698447$ & $0.0572186$ & $0.275673$ & $1$ & $0.432682$ & $0.19611$ & $-0.447545$ & $-0.00965198$ & $0.477676$ & $0.324434$ & $0.310817$ & $-0.184087$ & $0.131481$ & $-0.115509$ & $-0.173648$ & $-0.40242$ & $0.104033$ & $0.000622993$ & $0.02258$ & $0.0261804$ & $-0.0104612$ & $0.0135417$ & $-0.609364$ & $-0.00190786$ & $-0.0173647$ & $-0.0133795$ & $0.0134088$ & $0.0238105$ & $0.000937634$ & $0.00799132$ & $-0.0187304$ & $-0.0337759$ & $-0.00147121$ & $0.00657224$ & $0.0132279$ & $0.012354$ & $0.00435923$ & $-0.00304199$ \\
CHL1_33 & $-0.0110372$ & $-0.0125107$ & $0.0167549$ & $-0.00919819$ & $0.0136944$ & $-0.0585661$ & $-0.00375499$ & $0.287807$ & $0.280101$ & $-0.123675$ & $-0.406849$ & $-0.00811734$ & $0.0627616$ & $0.270159$ & $0.432682$ & $1$ & $0.170783$ & $-0.0158495$ & $-0.442785$ & $0.471441$ & $0.325904$ & $0.348083$ & $-0.180027$ & $0.109644$ & $-0.130019$ & $-0.178911$ & $-0.394912$ & $0.113098$ & $0.00648802$ & $0.0268646$ & $0.0365758$ & $-0.00389344$ & $0.0115982$ & $-0.101465$ & $-0.0280615$ & $0.00826068$ & $0.00963424$ & $0.00391171$ & $0.00467146$ & $0.0130559$ & $-0.00979656$ & $-0.0242587$ & $-0.00827263$ & $0.0267564$ & $0.0115982$ & $0.00231731$ & $0.0416887$ & $-0.0115144$ & $-0.0119132$ \\
CHL3_11 & $0.0190847$ & $0.0306605$ & $-0.0100245$ & $-0.00133396$ & $-0.00956315$ & $-0.253927$ & $0.0432128$ & $-0.203114$ & $-0.206761$ & $0.402535$ & $-0.245451$ & $-0.23812$ & $-0.278307$ & $0.651774$ & $0.19611$ & $0.170783$ & $1$ & $0.710496$ & $0.721128$ & $0.268649$ & $0.211681$ & $0.204446$ & $-0.0754134$ & $0.656227$ & $0.758869$ & $-0.119747$ & $-0.155014$ & $0.0973726$ & $-0.033416$ & $-0.0510482$ & $0.0107373$ & $0.0281702$ & $-0.0353697$ & $-0.244196$ & $-0.0113741$ & $-0.00724794$ & $0.00476719$ & $0.0143725$ & $0.0172473$ & $-0.00323466$ & $-0.0453426$ & $-0.00351437$ & $-0.00392069$ & $-0.0209369$ & $-0.0119664$ & $-0.025138$ & $0.00665602$ & $0.0102246$ & $0.0219658$ \\
CHL3_22 & $0.0381409$ & $0.0237902$ & $-0.023127$ & $-0.01071$ & $-0.0172564$ & $-0.0260815$ & $0.0468423$ & $-0.398705$ & $-0.39601$ & $0.469184$ & $0.0408048$ & $-0.200268$ & $-0.297263$ & $0.593359$ & $-0.447545$ & $-0.0158495$ & $0.710496$ & $1$ & $0.651993$ & $-0.0452026$ & $-0.0340769$ & $-0.0288703$ & $0.00652432$ & $0.588999$ & $0.775811$ & $0.01927$ & $0.0123135$ & $0.0199984$ & $-0.0316447$ & $-0.0598306$ & $-0.00850126$ & $0.0337824$ & $-0.0456516$ & $0.0647234$ & $-0.0102345$ & $0.00182082$ & $0.018302$ & $0.00402348$ & $-0.00202057$ & $-0.000588615$ & $-0.0486078$ & $0.0119651$ & $0.0166657$ & $-0.0129284$ & $-0.0115354$ & $-0.0275406$ & $0.00119193$ & $0.00595679$ & $0.0181407$ \\
CHL3_33 & $0.0252128$ & $0.0313474$ & $-0.0135909$ & $0.000779883$ & $-0.017033$ & $-0.0514286$ & $0.0407036$ & $-0.401042$ & $-0.399654$ & $0.471255$ & $0.0415459$ & $-0.193975$ & $-0.29543$ & $0.586635$ & $-0.00965198$ & $-0.442785$ & $0.721128$ & $0.651993$ & $1$ & $-0.0440629$ & $-0.0353855$ & $-0.0365093$ & $0.00620947$ & $0.59573$ & $0.783532$ & $0.026196$ & $0.0175585$ & $0.0124803$ & $-0.0327526$ & $-0.0622486$ & $-0.0203861$ & $0.0258466$ & $-0.0426578$ & $-0.327546$ & $0.0057847$ & $-0.0153947$ & $0.000648631$ & $0.0118101$ & $0.0161822$ & $-0.00725687$ & $-0.0355387$ & $0.01058$ & $-0.005801$ & $-0.0304329$ & $-0.0121219$ & $-0.0247732$ & $-0.0229478$ & $0.0171719$ & $0.0279845$ \\
CHe_11 & $-0.0214605$ & $-0.0178178$ & $-0.0275119$ & $-0.0177991$ & $-0.00222193$ & $-0.179594$ & $-0.0227129$ & $0.851785$ & $0.83179$ & $-0.327232$ & $-0.990039$ & $-0.13861$ & $0.119837$ & $0.551197$ & $0.477676$ & $0.471441$ & $0.268649$ & $-0.0452026$ & $-0.0440629$ & $1$ & $0.971934$ & $0.950778$ & $-0.0291766$ & $-0.242786$ & $0.00650302$ & $-0.53686$ & $0.207403$ & $0.311477$ & $0.00316697$ & $0.0232787$ & $0.0370542$ & $-0.0333942$ & $0.022822$ & $0.278589$ & $0.00416052$ & $-0.0316195$ & $-0.0108496$ & $0.0151547$ & $0.00893315$ & $0.0112228$ & $-0.0327132$ & $-0.031156$ & $-0.00920611$ & $0.0194341$ & $-0.00995443$ & $0.0199139$ & $0.00488144$ & $0.0084272$ & $-0.00989502$ \\
CHe_22 & $-0.0260376$ & $-0.0187979$ & $-0.0366294$ & $-0.0188389$ & $-0.00505062$ & $-0.18581$ & $-0.0259012$ & $0.899295$ & $0.878517$ & $-0.358204$ & $-0.990867$ & $-0.15604$ & $0.128882$ & $0.493132$ & $0.324434$ & $0.325904$ & $0.211681$ & $-0.0340769$ & $-0.0353855$ & $0.971934$ & $1$ & $0.974252$ & $0.0262326$ & $-0.354964$ & $-0.0048721$ & $-0.551703$ & $0.364952$ & $0.315538$ & $0.00336217$ & $0.0207852$ & $0.0297562$ & $-0.03693$ & $0.0239531$ & $0.447926$ & $0.00818362$ & $-0.0334412$ & $-0.0102019$ & $0.0161013$ & $0.00624728$ & $0.0112032$ & $-0.0367575$ & $-0.030751$ & $-0.00593004$ & $0.0203395$ & $-0.0150667$ & $0.0202956$ & $-0.00387401$ & $0.0121403$ & $-0.00660327$ \\
CHe_33 & $-0.0272487$ & $-0.0212369$ & $-0.0334188$ & $-0.0207126$ & $-0.00189103$ & $-0.179634$ & $-0.0287479$ & $0.881143$ & $0.860531$ & $-0.350054$ & $-0.968897$ & $-0.147734$ & $0.131039$ & $0.478281$ & $0.310817$ & $0.348083$ & $0.204446$ & $-0.0288703$ & $-0.0365093$ & $0.950778$ & $0.974252$ & $1$ & $0.0255926$ & $-0.350434$ & $-0.00436692$ & $-0.538252$ & $0.359129$ & $0.30824$ & $0.00511841$ & $0.018384$ & $0.0282$ & $-0.0400876$ & $0.0229856$ & $0.44805$ & $0.00640089$ & $-0.0341632$ & $-0.00905314$ & $0.0149255$ & $0.00747169$ & $0.0141219$ & $-0.037327$ & $-0.0315742$ & $-0.00595529$ & $0.0266027$ & $-0.0150459$ & $0.0151495$ & $-0.00156048$ & $0.0108355$ & $-0.00239379$ \\
CHQ1_11 & $0.00289753$ & $-0.00264356$ & $-0.0146736$ & $0.0140819$ & $-0.00142443$ & $-0.0295678$ & $-0.00800643$ & $0.0572229$ & $0.0558611$ & $-0.0357025$ & $0.00278835$ & $0.00573489$ & $0.0257221$ & $-0.0963175$ & $-0.184087$ & $-0.180027$ & $-0.0754134$ & $0.00652432$ & $0.00620947$ & $-0.0291766$ & $0.0262326$ & $0.0255926$ & $1$ & $-0.133936$ & $0.0919239$ & $-0.675963$ & $0.363274$ & $0.00550312$ & $-0.0127115$ & $-0.0111171$ & $0.00190535$ & $-0.0054164$ & $0.00728229$ & $0.20533$ & $0.0155858$ & $-0.0174574$ & $-0.00635932$ & $0.000526299$ & $0.00104226$ & $0.0101826$ & $-0.000303569$ & $-0.00477791$ & $0.00151701$ & $-0.0139477$ & $0.0171287$ & $0.0210377$ & $-0.0224703$ & $0.0154641$ & $0.00315941$ \\
CHQ1_33 & $-0.0328774$ & $0.0297958$ & $0.0160621$ & $0.0194262$ & $-0.00411694$ & $0.0140718$ & $0.0544716$ & $-0.658189$ & $-0.649573$ & $0.530024$ & $0.298423$ & $-0.107059$ & $-0.301347$ & $0.448918$ & $0.131481$ & $0.109644$ & $0.656227$ & $0.588999$ & $0.59573$ & $-0.242786$ & $-0.354964$ & $-0.350434$ & $-0.133936$ & $1$ & $0.619723$ & $0.200218$ & $-0.415046$ & $0.025305$ & $-0.0233853$ & $-0.0557795$ & $-0.012001$ & $0.0431801$ & $-0.0531015$ & $-0.63015$ & $-0.0172855$ & $-0.00461412$ & $0.0073108$ & $-0.0021622$ & $0.00943216$ & $-0.00250211$ & $-0.0138685$ & $0.0109339$ & $4.37547e-05$ & $-0.0220371$ & $-0.000207265$ & $-0.0180868$ & $-0.011837$ & $-0.00506444$ & $0.017119$ \\
CHQ3_11 & $-0.0682435$ & $0.0283139$ & $-0.00923936$ & $0.000326836$ & $-0.0085885$ & $-0.0755587$ & $0.0369537$ & $-0.3717$ & $-0.370705$ & $0.457581$ & $1.33265e-05$ & $-0.198159$ & $-0.286515$ & $0.587687$ & $-0.115509$ & $-0.130019$ & $0.758869$ & $0.775811$ & $0.783532$ & $0.00650302$ & $-0.0048721$ & $-0.00436692$ & $0.0919239$ & $0.619723$ & $1$ & $-0.000830919$ & $0.231286$ & $0.0250257$ & $-0.0294862$ & $-0.065665$ & $-0.0188182$ & $0.0197249$ & $-0.0431631$ & $-0.186613$ & $-0.0144782$ & $-0.0162454$ & $0.00553781$ & $0.00951755$ & $-3.1892e-05$ & $-0.00546242$ & $-0.0427504$ & $0.0201073$ & $0.000770961$ & $-0.0226806$ & $-0.00778695$ & $-0.0238619$ & $-0.0274898$ & $0.0130597$ & $0.0362186$ \\
CHu_11 & $-0.0253827$ & $0.0139728$ & $0.0196626$ & $-0.0110506$ & $0.00312207$ & $0.126488$ & $0.0129242$ & $-0.500347$ & $-0.487206$ & $0.199508$ & $0.548507$ & $0.0813179$ & $-0.078522$ & $-0.259324$ & $-0.173648$ & $-0.178911$ & $-0.119747$ & $0.01927$ & $0.026196$ & $-0.53686$ & $-0.551703$ & $-0.538252$ & $-0.675963$ & $0.200218$ & $-0.000830919$ & $1$ & $-0.191183$ & $-0.177502$ & $0.0191642$ & $-0.00746943$ & $-0.0244673$ & $0.0166603$ & $-0.0154616$ & $-0.260155$ & $-0.014899$ & $0.0153288$ & $0.00709217$ & $-0.0060097$ & $-0.0154393$ & $-0.0124765$ & $0.0187751$ & $0.0234506$ & $0.0238513$ & $-0.00623431$ & $-0.0104875$ & $-0.029807$ & $-0.00240722$ & $-0.0108936$ & $-0.00324493$ \\
CHd_11 & $-0.0281283$ & $-0.00228473$ & $-0.03988$ & $-0.00550079$ & $-0.000579263$ & $-0.0754067$ & $-0.0273564$ & $0.416883$ & $0.410823$ & $-0.219504$ & $-0.283415$ & $-0.0565197$ & $0.0977408$ & $-0.090397$ & $-0.40242$ & $-0.394912$ & $-0.155014$ & $0.0123135$ & $0.0175585$ & $0.207403$ & $0.364952$ & $0.359129$ & $0.363274$ & $-0.415046$ & $0.231286$ & $-0.191183$ & $1$ & $0.0916194$ & $0.0140918$ & $-0.00838078$ & $-0.01652$ & $-0.034517$ & $0.00776853$ & $0.676072$ & $0.00663396$ & $-0.0162254$ & $-0.0140653$ & $0.00121885$ & $-0.0179713$ & $0.00130108$ & $-0.0113723$ & $0.00646949$ & $0.0112431$ & $-0.000340678$ & $-0.0108885$ & $0.00640038$ & $-0.0545916$ & $0.0074303$ & $0.0065478$ \\
CHd_33 & $0.00112551$ & $0.0215062$ & $-0.0102992$ & $0.0249941$ & $0.000663637$ & $-0.0577957$ & $-0.00378852$ & $0.269234$ & $0.261859$ & $-0.0990497$ & $-0.314967$ & $-0.0575788$ & $0.0317043$ & $0.181899$ & $0.104033$ & $0.113098$ & $0.0973726$ & $0.0199984$ & $0.0124803$ & $0.311477$ & $0.315538$ & $0.30824$ & $0.00550312$ & $0.025305$ & $0.0250257$ & $-0.177502$ & $0.0916194$ & $1$ & $0.00200839$ & $0.0149357$ & $0.0070092$ & $-0.00624367$ & $0.00594829$ & $0.130119$ & $-0.0034521$ & $-0.00881086$ & $-0.00525809$ & $-0.0163776$ & $-0.0052286$ & $0.0204429$ & $-0.00762376$ & $-0.0229707$ & $0.00331133$ & $0.0048101$ & $0.00912875$ & $0.00617517$ & $-0.0193207$ & $0.00488144$ & $-0.016297$ \\
CeH_22r & $0.00962419$ & $-0.0151798$ & $0.00643885$ & $-0.00735881$ & $0.011369$ & $0.00369096$ & $0.00416387$ & $0.0189106$ & $0.0243526$ & $-0.0113773$ & $-0.00241411$ & $0.0474364$ & $0.0336801$ & $-0.027619$ & $0.000622993$ & $0.00648802$ & $-0.033416$ & $-0.0316447$ & $-0.0327526$ & $0.00316697$ & $0.00336217$ & $0.00511841$ & $-0.0127115$ & $-0.0233853$ & $-0.0294862$ & $0.0191642$ & $0.0140918$ & $0.00200839$ & $1$ & $0.0526255$ & $0.0233327$ & $-0.00593966$ & $0.0383066$ & $0.0119508$ & $-0.015246$ & $-0.0103169$ & $-0.00274398$ & $-0.0206466$ & $-8.96564e-06$ & $0.0134775$ & $0.0150242$ & $0.00880291$ & $-0.00942899$ & $0.00629693$ & $-0.0176851$ & $-0.00529991$ & $-0.00793509$ & $-0.0152556$ & $-0.0120828$ \\
CeH_33r & $0.00115855$ & $0.0111519$ & $0.02611$ & $0.0270035$ & $0.0065868$ & $-0.0181366$ & $-0.0726628$ & $0.0455101$ & $0.0703049$ & $-0.0906337$ & $-0.0209694$ & $0.262187$ & $0.183957$ & $-0.0326943$ & $0.02258$ & $0.0268646$ & $-0.0510482$ & $-0.0598306$ & $-0.0622486$ & $0.0232787$ & $0.0207852$ & $0.018384$ & $-0.0111171$ & $-0.0557795$ & $-0.065665$ & $-0.00746943$ & $-0.00838078$ & $0.0149357$ & $0.0526255$ & $1$ & $0.309355$ & $0.060358$ & $0.632964$ & $0.0178823$ & $-0.111411$ & $-0.00853897$ & $-0.18949$ & $-0.0446797$ & $-0.0183541$ & $0.00504555$ & $0.00954258$ & $-0.0407436$ & $-0.00181635$ & $0.0127377$ & $0.0755132$ & $0.00694223$ & $0.0204475$ & $0.0232296$ & $-0.0323567$ \\
CuH_22r & $0.0254875$ & $-0.000447793$ & $-0.00839001$ & $0.00446782$ & $0.00531383$ & $-0.00982056$ & $-0.0372686$ & $0.0286297$ & $0.0445072$ & $-0.0656785$ & $-0.0326031$ & $0.0518447$ & $0.066809$ & $0.00492079$ & $0.0261804$ & $0.0365758$ & $0.0107373$ & $-0.00850126$ & $-0.0203861$ & $0.0370542$ & $0.0297562$ & $0.0282$ & $0.00190535$ & $-0.012001$ & $-0.0188182$ & $-0.0244673$ & $-0.01652$ & $0.0070092$ & $0.0233327$ & $0.309355$ & $1$ & $0.0395588$ & $0.362888$ & $0.0058088$ & $-0.0677956$ & $-0.0149495$ & $-0.107738$ & $-0.00427818$ & $0.00709396$ & $-0.0129559$ & $0.017714$ & $-0.0269683$ & $-0.0122191$ & $-0.021236$ & $0.0484582$ & $0.0712253$ & $0.372443$ & $-0.00368538$ & $0.0219897$ \\
CuH_33r & $0.0387806$ & $0.0424005$ & $0.0229947$ & $-0.0152573$ & $-0.0245351$ & $0.00431516$ & $0.941901$ & $-0.0511008$ & $-0.00378144$ & $0.0366339$ & $0.035018$ & $-0.0917488$ & $-0.195827$ & $0.0089232$ & $-0.0104612$ & $-0.00389344$ & $0.0281702$ & $0.0337824$ & $0.0258466$ & $-0.0333942$ & $-0.03693$ & $-0.0400876$ & $-0.0054164$ & $0.0431801$ & $0.0197249$ & $0.0166603$ & $-0.034517$ & $-0.00624367$ & $-0.00593966$ & $0.060358$ & $0.0395588$ & $1$ & $0.0444705$ & $-0.0293504$ & $0.0316887$ & $0.0174659$ & $-0.0202633$ & $0.00763523$ & $-0.00591962$ & $0.0147658$ & $-0.0135924$ & $0.026327$ & $-0.0124815$ & $-0.034625$ & $0.0141925$ & $0.0347221$ & $0.0175957$ & $-0.0358969$ & $-0.0130456$ \\
CdH_33r & $-0.0427782$ & $0.0483986$ & $0.0421901$ & $0.0988935$ & $0.0178586$ & $-0.0179911$ & $-0.113812$ & $0.0413689$ & $0.0610392$ & $-0.0849446$ & $-0.0218271$ & $0.307666$ & $0.222017$ & $-0.0286308$ & $0.0135417$ & $0.0115982$ & $-0.0353697$ & $-0.0456516$ & $-0.0426578$ & $0.022822$ & $0.0239531$ & $0.0229856$ & $0.00728229$ & $-0.0531015$ & $-0.0431631$ & $-0.0154616$ & $0.00776853$ & $0.00594829$ & $0.0383066$ & $0.632964$ & $0.362888$ & $0.0444705$ & $1$ & $0.0266047$ & $-0.111014$ & $-0.0260069$ & $-0.206113$ & $-0.0270015$ & $0.0157171$ & $-0.015266$ & $-0.0168774$ & $-0.0360023$ & $-0.0372503$ & $-0.00881534$ & $-0.00819839$ & $0.0376117$ & $0.0336675$ & $0.223469$ & $0.430049$ \\
CLL_1221 & $-0.0109875$ & $0.0105541$ & $-0.0387327$ & $-0.0147464$ & $-0.00851713$ & $-0.112185$ & $-0.0298222$ & $0.55836$ & $0.550818$ & $-0.336714$ & $-0.360384$ & $-0.0417223$ & $0.1532$ & $-0.198026$ & $-0.609364$ & $-0.101465$ & $-0.244196$ & $0.0647234$ & $-0.327546$ & $0.278589$ & $0.447926$ & $0.44805$ & $0.20533$ & $-0.63015$ & $-0.186613$ & $-0.260155$ & $0.676072$ & $0.130119$ & $0.0119508$ & $0.0178823$ & $0.0058088$ & $-0.0293504$ & $0.0266047$ & $1$ & $0.0084916$ & $-0.00440458$ & $-0.00240309$ & $-0.00412163$ & $-0.0199449$ & $0.00446959$ & $-0.0188677$ & $-0.00976613$ & $0.0282837$ & $0.0188732$ & $-0.0102179$ & $0.00954687$ & $-0.0123268$ & $0.00425102$ & $-0.0055587$ \\
eHggint & $0.00256993$ & $0.00307704$ & $-0.0614472$ & $-0.0671021$ & $-0.0192068$ & $0.00617769$ & $-0.0347621$ & $0.0111246$ & $-0.00963136$ & $0.0520709$ & $-0.00644148$ & $0.0565137$ & $0.00529799$ & $-0.00444523$ & $-0.00190786$ & $-0.0280615$ & $-0.0113741$ & $-0.0102345$ & $0.0057847$ & $0.00416052$ & $0.00818362$ & $0.00640089$ & $0.0155858$ & $-0.0172855$ & $-0.0144782$ & $-0.014899$ & $0.00663396$ & $-0.0034521$ & $-0.015246$ & $-0.111411$ & $-0.0677956$ & $0.0316887$ & $-0.111014$ & $0.0084916$ & $1$ & $-0.173381$ & $0.10123$ & $0.00328574$ & $-0.141491$ & $0.0316202$ & $0.00106468$ & $0.0136049$ & $0.0162196$ & $0.0763138$ & $-0.155286$ & $0.025265$ & $-0.109224$ & $-0.0759144$ & $-0.0185166$ \\
eHggpar & $0.148364$ & $-0.0183592$ & $0.136547$ & $-0.00504072$ & $0.00194334$ & $0.0289281$ & $-0.0127654$ & $-0.0261172$ & $-0.0216879$ & $0.0231542$ & $0.031991$ & $0.0281157$ & $0.00236898$ & $-0.025159$ & $-0.0173647$ & $0.00826068$ & $-0.00724794$ & $0.00182082$ & $-0.0153947$ & $-0.0316195$ & $-0.0334412$ & $-0.0341632$ & $-0.0174574$ & $-0.00461412$ & $-0.0162454$ & $0.0153288$ & $-0.0162254$ & $-0.00881086$ & $-0.0103169$ & $-0.00853897$ & $-0.0149495$ & $0.0174659$ & $-0.0260069$ & $-0.00440458$ & $-0.173381$ & $1$ & $0.0258758$ & $-0.0354584$ & $0.143699$ & $0.0132256$ & $0.0188867$ & $-0.00603957$ & $0.0850835$ & $-0.179944$ & $0.0596849$ & $0.0112298$ & $0.00544833$ & $0.00156914$ & $-0.0092847$ \\
eHWWint & $-0.00943011$ & $-0.0393849$ & $-0.0931675$ & $-0.0248339$ & $0.00228847$ & $0.0134997$ & $0.0053382$ & $-0.0122811$ & $-0.0206773$ & $0.0118069$ & $0.00751149$ & $-0.0170964$ & $-0.00552961$ & $0.0103619$ & $-0.0133795$ & $0.00963424$ & $0.00476719$ & $0.018302$ & $0.000648631$ & $-0.0108496$ & $-0.0102019$ & $-0.00905314$ & $-0.00635932$ & $0.0073108$ & $0.00553781$ & $0.00709217$ & $-0.0140653$ & $-0.00525809$ & $-0.00274398$ & $-0.18949$ & $-0.107738$ & $-0.0202633$ & $-0.206113$ & $-0.00240309$ & $0.10123$ & $0.0258758$ & $1$ & $0.0281179$ & $-0.0422124$ & $0.0445773$ & $-0.0442038$ & $0.0589981$ & $0.0662375$ & $0.0406543$ & $0.00208667$ & $-0.0109312$ & $-0.0163055$ & $-0.142641$ & $0.0835898$ \\
eHWWpar & $-0.00120337$ & $-0.0305956$ & $-0.0125166$ & $0.0434703$ & $0.00827889$ & $0.000451384$ & $0.0181231$ & $0.0100602$ & $0.00725959$ & $0.0276097$ & $-0.0165304$ & $-0.00621962$ & $-0.0215146$ & $0.017745$ & $0.0134088$ & $0.00391171$ & $0.0143725$ & $0.00402348$ & $0.0118101$ & $0.0151547$ & $0.0161013$ & $0.0149255$ & $0.000526299$ & $-0.0021622$ & $0.00951755$ & $-0.0060097$ & $0.00121885$ & $-0.0163776$ & $-0.0206466$ & $-0.0446797$ & $-0.00427818$ & $0.00763523$ & $-0.0270015$ & $-0.00412163$ & $0.00328574$ & $-0.0354584$ & $0.0281179$ & $1$ & $-0.0057131$ & $0.00566935$ & $-0.00891964$ & $0.0373675$ & $-0.00542937$ & $0.0332782$ & $-0.0144198$ & $-0.00780263$ & $0.0439562$ & $0.0191514$ & $0.0333947$ \\
eHZZint & $0.0476595$ & $0.0641223$ & $0.118194$ & $0.0669688$ & $0.0280166$ & $-0.0110656$ & $-0.00757841$ & $-0.00336906$ & $-0.0116626$ & $0.00188347$ & $-0.00509392$ & $-0.00997156$ & $-0.00302034$ & $0.0153492$ & $0.0238105$ & $0.00467146$ & $0.0172473$ & $-0.00202057$ & $0.0161822$ & $0.00893315$ & $0.00624728$ & $0.00747169$ & $0.00104226$ & $0.00943216$ & $-3.1892e-05$ & $-0.0154393$ & $-0.0179713$ & $-0.0052286$ & $-8.96564e-06$ & $-0.0183541$ & $0.00709396$ & $-0.00591962$ & $0.0157171$ & $-0.0199449$ & $-0.141491$ & $0.143699$ & $-0.0422124$ & $-0.0057131$ & $1$ & $-0.00884923$ & $0.160728$ & $-0.0356606$ & $-0.0833471$ & $-0.0857776$ & $0.00120311$ & $-0.0162523$ & $0.060361$ & $0.0433476$ & $0.0600406$ \\
eHZZpar & $0.0213183$ & $0.0103329$ & $-0.0255559$ & $-0.0108393$ & $-0.00981076$ & $0.00984678$ & $0.0147914$ & $0.00983619$ & $0.00944638$ & $-0.00968766$ & $-0.0106612$ & $-0.000846746$ & $-0.00289749$ & $0.00760824$ & $0.000937634$ & $0.0130559$ & $-0.00323466$ & $-0.000588615$ & $-0.00725687$ & $0.0112228$ & $0.0112032$ & $0.0141219$ & $0.0101826$ & $-0.00250211$ & $-0.00546242$ & $-0.0124765$ & $0.00130108$ & $0.0204429$ & $0.0134775$ & $0.00504555$ & $-0.0129559$ & $0.0147658$ & $-0.015266$ & $0.00446959$ & $0.0316202$ & $0.0132256$ & $0.0445773$ & $0.00566935$ & $-0.00884923$ & $1$ & $-0.0125732$ & $-0.00930997$ & $-0.0211514$ & $-0.0230703$ & $-0.010141$ & $-0.0295909$ & $-0.0152292$ & $-0.00685054$ & $-0.0106909$ \\
eHZgaint & $0.0457712$ & $-0.00708922$ & $0.114211$ & $0.132609$ & $0.0377347$ & $-0.00485208$ & $-0.0182283$ & $-0.0136684$ & $-0.00935467$ & $-0.037143$ & $0.036594$ & $0.00782456$ & $0.02363$ & $-0.0545558$ & $0.00799132$ & $-0.00979656$ & $-0.0453426$ & $-0.0486078$ & $-0.0355387$ & $-0.0327132$ & $-0.0367575$ & $-0.037327$ & $-0.000303569$ & $-0.0138685$ & $-0.0427504$ & $0.0187751$ & $-0.0113723$ & $-0.00762376$ & $0.0150242$ & $0.00954258$ & $0.017714$ & $-0.0135924$ & $-0.0168774$ & $-0.0188677$ & $0.00106468$ & $0.0188867$ & $-0.0442038$ & $-0.00891964$ & $0.160728$ & $-0.0125732$ & $1$ & $-0.0150107$ & $0.0467701$ & $-0.00966358$ & $-0.0932259$ & $-0.0210371$ & $0.0494446$ & $-0.0483162$ & $-0.0401135$ \\
eHZgapar & $-0.0111847$ & $-0.0038271$ & $-0.00860234$ & $-0.00456608$ & $0.0386428$ & $0.0143975$ & $0.0289646$ & $-0.03047$ & $-0.0333684$ & $0.00962453$ & $0.0308772$ & $-0.0274091$ & $-0.0308881$ & $-0.00974512$ & $-0.0187304$ & $-0.0242587$ & $-0.00351437$ & $0.0119651$ & $0.01058$ & $-0.031156$ & $-0.030751$ & $-0.0315742$ & $-0.00477791$ & $0.0109339$ & $0.0201073$ & $0.0234506$ & $0.00646949$ & $-0.0229707$ & $0.00880291$ & $-0.0407436$ & $-0.0269683$ & $0.026327$ & $-0.0360023$ & $-0.00976613$ & $0.0136049$ & $-0.00603957$ & $0.0589981$ & $0.0373675$ & $-0.0356606$ & $-0.00930997$ & $-0.0150107$ & $1$ & $0.00403885$ & $0.0081968$ & $-0.00821376$ & $-0.0103527$ & $-0.0158525$ & $0.0167659$ & $-0.00927575$ \\
eHgagaint & $-0.0696297$ & $0.0363876$ & $-0.094529$ & $-0.0865609$ & $-0.00948839$ & $-0.010158$ & $-0.0206369$ & $-0.00499612$ & $0.0620909$ & $0.00486334$ & $0.00873899$ & $0.0175183$ & $0.0273303$ & $-0.0103536$ & $-0.0337759$ & $-0.00827263$ & $-0.00392069$ & $0.0166657$ & $-0.005801$ & $-0.00920611$ & $-0.00593004$ & $-0.00595529$ & $0.00151701$ & $4.37547e-05$ & $0.000770961$ & $0.0238513$ & $0.0112431$ & $0.00331133$ & $-0.00942899$ & $-0.00181635$ & $-0.0122191$ & $-0.0124815$ & $-0.0372503$ & $0.0282837$ & $0.0162196$ & $0.0850835$ & $0.0662375$ & $-0.00542937$ & $-0.0833471$ & $-0.0211514$ & $0.0467701$ & $0.00403885$ & $1$ & $-0.00897545$ & $0.0548146$ & $-0.0835837$ & $0.00508512$ & $0.0847743$ & $-0.112715$ \\
eHmumuint & $-0.0467908$ & $-0.147592$ & $0.0190224$ & $0.0278115$ & $0.00722168$ & $0.026049$ & $-0.0360578$ & $0.034452$ & $0.0239755$ & $-0.00856265$ & $-0.0232448$ & $0.0197131$ & $0.0134283$ & $-0.00142687$ & $-0.00147121$ & $0.0267564$ & $-0.0209369$ & $-0.0129284$ & $-0.0304329$ & $0.0194341$ & $0.0203395$ & $0.0266027$ & $-0.0139477$ & $-0.0220371$ & $-0.0226806$ & $-0.00623431$ & $-0.000340678$ & $0.0048101$ & $0.00629693$ & $0.0127377$ & $-0.021236$ & $-0.034625$ & $-0.00881534$ & $0.0188732$ & $0.0763138$ & $-0.179944$ & $0.0406543$ & $0.0332782$ & $-0.0857776$ & $-0.0230703$ & $-0.00966358$ & $0.0081968$ & $-0.00897545$ & $1$ & $-0.00224921$ & $0.0516536$ & $-0.0511906$ & $-0.0265873$ & $-0.0343825$ \\
eHtautauint & $0.0139866$ & $0.104952$ & $0.0970881$ & $0.0431043$ & $-0.0132688$ & $0.0175459$ & $0.0252517$ & $-0.0127023$ & $-0.00321938$ & $-0.00753838$ & $0.0158565$ & $0.00584194$ & $0.0188103$ & $-0.011211$ & $0.00657224$ & $0.0115982$ & $-0.0119664$ & $-0.0115354$ & $-0.0121219$ & $-0.00995443$ & $-0.0150667$ & $-0.0150459$ & $0.0171287$ & $-0.000207265$ & $-0.00778695$ & $-0.0104875$ & $-0.0108885$ & $0.00912875$ & $-0.0176851$ & $0.0755132$ & $0.0484582$ & $0.0141925$ & $-0.00819839$ & $-0.0102179$ & $-0.155286$ & $0.0596849$ & $0.00208667$ & $-0.0144198$ & $0.00120311$ & $-0.010141$ & $-0.0932259$ & $-0.00821376$ & $0.0548146$ & $-0.00224921$ & $1$ & $0.0904003$ & $0.0559177$ & $-0.0248765$ & $-0.0363646$ \\
eHccint & $-0.048187$ & $0.00427441$ & $-0.0681957$ & $0.028178$ & $0.011729$ & $-0.00067482$ & $0.0237222$ & $0.0294645$ & $0.0224558$ & $-0.0238375$ & $-0.0197456$ & $0.00991697$ & $0.0171194$ & $-0.00420815$ & $0.0132279$ & $0.00231731$ & $-0.025138$ & $-0.0275406$ & $-0.0247732$ & $0.0199139$ & $0.0202956$ & $0.0151495$ & $0.0210377$ & $-0.0180868$ & $-0.0238619$ & $-0.029807$ & $0.00640038$ & $0.00617517$ & $-0.00529991$ & $0.00694223$ & $0.0712253$ & $0.0347221$ & $0.0376117$ & $0.00954687$ & $0.025265$ & $0.0112298$ & $-0.0109312$ & $-0.00780263$ & $-0.0162523$ & $-0.0295909$ & $-0.0210371$ & $-0.0103527$ & $-0.0835837$ & $0.0516536$ & $0.0904003$ & $1$ & $-0.0502797$ & $0.0132493$ & $0.0340037$ \\
eHccpar & $0.075821$ & $-0.0294486$ & $-0.00988496$ & $-0.0621676$ & $-0.00152059$ & $0.0021282$ & $0.0253435$ & $-0.00340612$ & $0.00778774$ & $-0.0186376$ & $-0.000628816$ & $-0.00730658$ & $-0.00237052$ & $-0.00117057$ & $0.012354$ & $0.0416887$ & $0.00665602$ & $0.00119193$ & $-0.0229478$ & $0.00488144$ & $-0.00387401$ & $-0.00156048$ & $-0.0224703$ & $-0.011837$ & $-0.0274898$ & $-0.00240722$ & $-0.0545916$ & $-0.0193207$ & $-0.00793509$ & $0.0204475$ & $0.372443$ & $0.0175957$ & $0.0336675$ & $-0.0123268$ & $-0.109224$ & $0.00544833$ & $-0.0163055$ & $0.0439562$ & $0.060361$ & $-0.0152292$ & $0.0494446$ & $-0.0158525$ & $0.00508512$ & $-0.0511906$ & $0.0559177$ & $-0.0502797$ & $1$ & $-0.0724073$ & $0.0751383$ \\
eHbbint & $-0.042639$ & $0.100512$ & $-0.0346194$ & $0.0748309$ & $0.00957014$ & $-0.0102107$ & $-0.0335223$ & $0.00291323$ & $0.0088862$ & $-0.00198553$ & $-0.00975711$ & $-0.0137236$ & $-0.0116522$ & $0.0136174$ & $0.00435923$ & $-0.0115144$ & $0.0102246$ & $0.00595679$ & $0.0171719$ & $0.0084272$ & $0.0121403$ & $0.0108355$ & $0.0154641$ & $-0.00506444$ & $0.0130597$ & $-0.0108936$ & $0.0074303$ & $0.00488144$ & $-0.0152556$ & $0.0232296$ & $-0.00368538$ & $-0.0358969$ & $0.223469$ & $0.00425102$ & $-0.0759144$ & $0.00156914$ & $-0.142641$ & $0.0191514$ & $0.0433476$ & $-0.00685054$ & $-0.0483162$ & $0.0167659$ & $0.0847743$ & $-0.0265873$ & $-0.0248765$ & $0.0132493$ & $-0.0724073$ & $1$ & $0.0931758$ \\
eHbbpar & $-0.0754353$ & $0.0666596$ & $0.0678227$ & $0.16378$ & $0.00201321$ & $-0.0137362$ & $-0.00502735$ & $-0.018443$ & $-0.0315768$ & $0.0138119$ & $0.00971797$ & $-0.0299692$ & $-0.0266243$ & $0.0120366$ & $-0.00304199$ & $-0.0119132$ & $0.0219658$ & $0.0181407$ & $0.0279845$ & $-0.00989502$ & $-0.00660327$ & $-0.00239379$ & $0.00315941$ & $0.017119$ & $0.0362186$ & $-0.00324493$ & $0.0065478$ & $-0.016297$ & $-0.0120828$ & $-0.0323567$ & $0.0219897$ & $-0.0130456$ & $0.430049$ & $-0.0055587$ & $-0.0185166$ & $-0.0092847$ & $0.0835898$ & $0.0333947$ & $0.0600406$ & $-0.0106909$ & $-0.0401135$ & $-0.00927575$ & $-0.112715$ & $-0.0343825$ & $-0.0363646$ & $0.0340037$ & $0.0751383$ & $0.0931758$ & $1$ \\
