 & AlsMz & dAle5Mz & mtop & mHl & Mz & CW & CHG & CHWB & CHWHB_gaga & CHWHB_gagaorth & CHD & CHbox & CH & CHL1_11 & CHL1_22 & CHL1_33 & CHL3_11 & CHL3_22 & CHL3_33 & CHe_11 & CHe_22 & CHe_33 & CHQ1_11 & CHQ1_33 & CHQ3_11 & CHu_11 & CHd_11 & CHd_33 & CeH_22r & CeH_33r & CuH_22r & CuH_33r & CdH_33r & CLL_1221 & eHggint & eHggpar & eHWWint & eHWWpar & eHZZint & eHZZpar & eHZgaint & eHZgapar & eHgagaint & eHmumuint & eHtautauint & eHccint & eHccpar & eHbbint & eHbbpar \\
AlsMz & $1$ & $-0.194012$ & $-0.0734716$ & $0.13465$ & $-0.0201386$ & $-0.0040854$ & $-0.0124945$ & $0.0243321$ & $0.0215416$ & $0.00282262$ & $-0.045164$ & $0.00454585$ & $0.0116319$ & $0.0322803$ & $0.00447849$ & $0.0208096$ & $0.0252413$ & $0.0230017$ & $0.014422$ & $0.029855$ & $0.0301921$ & $0.0325224$ & $0.00808595$ & $-0.0594693$ & $-0.103696$ & $-0.0635953$ & $-0.0283557$ & $0.0169196$ & $0.0372433$ & $-0.000426128$ & $-0.0159929$ & $-0.00753852$ & $0.0100265$ & $0.00249441$ & $0.108213$ & $-0.0628574$ & $0.0397289$ & $-0.0296863$ & $-0.111336$ & $0.00728301$ & $0.00299249$ & $0.027628$ & $0.00841124$ & $-0.00458125$ & $0.0290234$ & $0.0352957$ & $-0.052202$ & $0.0366247$ & $0.0221106$ \\
dAle5Mz & $-0.194012$ & $1$ & $0.0182833$ & $-0.0675281$ & $-0.0205925$ & $-0.000792288$ & $0.0137365$ & $-0.116698$ & $-0.114591$ & $0.0435532$ & $0.100569$ & $0.0274693$ & $0.0010695$ & $-0.0317993$ & $-0.0305289$ & $-0.0358106$ & $0.0163761$ & $0.0227148$ & $0.0284007$ & $-0.0771174$ & $-0.0752737$ & $-0.075072$ & $0.00127723$ & $0.0568826$ & $0.0550171$ & $0.0472329$ & $-0.00368245$ & $-0.0352044$ & $-0.00384164$ & $-0.000445161$ & $-0.00643008$ & $0.00936594$ & $-0.0551523$ & $-0.00442407$ & $-0.00863115$ & $0.0100233$ & $-0.0248724$ & $0.0547673$ & $0.0336566$ & $-0.00147596$ & $0.0623941$ & $0.00101274$ & $3.91198e-05$ & $-0.0616464$ & $0.0796503$ & $0.0538521$ & $0.024465$ & $0.010689$ & $-0.110147$ \\
mtop & $-0.0734716$ & $0.0182833$ & $1$ & $0.00771765$ & $-0.0142003$ & $-0.0142813$ & $-0.00375546$ & $-0.00359399$ & $-0.00270017$ & $-0.00396111$ & $0.0140056$ & $-0.0229442$ & $-0.0184046$ & $-0.00899762$ & $0.0104619$ & $-0.000263892$ & $0.00141623$ & $-0.0110397$ & $-0.00204261$ & $-0.00541471$ & $-0.00499996$ & $-0.00173179$ & $-0.0134006$ & $0.015565$ & $0.00486244$ & $0.0200151$ & $0.00189873$ & $-0.000395788$ & $-0.00731671$ & $-0.022747$ & $0.0193382$ & $-0.00983427$ & $-0.0458356$ & $-0.00507876$ & $-0.0610809$ & $0.0545737$ & $0.139146$ & $-0.0125984$ & $0.171472$ & $0.00276236$ & $0.0275131$ & $-0.040773$ & $0.0786662$ & $0.0202973$ & $-0.0261522$ & $-0.0351818$ & $0.0575129$ & $0.00261963$ & $-0.0173566$ \\
mHl & $0.13465$ & $-0.0675281$ & $0.00771765$ & $1$ & $0.00516743$ & $-0.00657098$ & $-0.0176852$ & $0.0175054$ & $0.0207834$ & $-0.00836843$ & $-0.0174529$ & $-0.0278762$ & $-0.0128192$ & $0.00675517$ & $-0.0262336$ & $-0.00586298$ & $0.00401716$ & $0.0160416$ & $0.00225005$ & $0.0107069$ & $0.01841$ & $0.0167849$ & $0.00469451$ & $-0.0248387$ & $-0.013037$ & $-0.0169612$ & $0.0146461$ & $-0.0010425$ & $0.0287916$ & $-0.0176158$ & $0.041625$ & $-0.0267378$ & $-0.0257912$ & $0.0316853$ & $-0.0378885$ & $0.0218895$ & $0.00378989$ & $-0.0233183$ & $-0.028941$ & $-0.000891005$ & $0.0140503$ & $0.01044$ & $0.101419$ & $0.021836$ & $-0.0062152$ & $-0.115409$ & $0.173602$ & $-0.039204$ & $-0.00176758$ \\
Mz & $-0.0201386$ & $-0.0205925$ & $-0.0142003$ & $0.00516743$ & $1$ & $0.0054141$ & $0.0066992$ & $0.00677065$ & $0.00816462$ & $0.0114495$ & $-0.00291109$ & $0.00169237$ & $-0.00365551$ & $0.0127797$ & $0.00733701$ & $0.0136491$ & $0.00431201$ & $0.0032775$ & $-0.00405829$ & $0.0113934$ & $0.0103139$ & $0.00674251$ & $0.00989649$ & $-0.00494638$ & $-0.00300305$ & $-0.00972635$ & $-0.0122177$ & $0.00131383$ & $-0.0021288$ & $-0.00562668$ & $0.0121863$ & $0.00723863$ & $-0.0115496$ & $-0.00406259$ & $-0.00745797$ & $-0.0092168$ & $-0.00733122$ & $-0.00742703$ & $-0.019993$ & $0.00777159$ & $0.0261616$ & $0.00338683$ & $-0.0084341$ & $0.0078398$ & $0.00133748$ & $0.00791569$ & $0.0131906$ & $-0.00693128$ & $-0.00178411$ \\
CW & $-0.0040854$ & $-0.000792288$ & $-0.0142813$ & $-0.00657098$ & $0.0054141$ & $1$ & $0.00109387$ & $-0.118565$ & $-0.11609$ & $0.0131741$ & $0.176829$ & $0.0444207$ & $0.0165022$ & $0.0172442$ & $-0.0793486$ & $-0.0978198$ & $-0.25092$ & $-0.0501316$ & $-0.0374752$ & $-0.176465$ & $-0.179045$ & $-0.177285$ & $-0.011824$ & $-0.00209562$ & $-0.0796438$ & $0.0991106$ & $-0.066165$ & $-0.0576704$ & $-0.0059139$ & $0.00439881$ & $-0.00649502$ & $-0.00175071$ & $-0.0211727$ & $-0.114079$ & $0.0218639$ & $-0.00106982$ & $0.0153968$ & $-0.00792947$ & $-0.00619304$ & $0.0145987$ & $-0.0134519$ & $-0.0120654$ & $-0.00553454$ & $-0.0141903$ & $0.00719392$ & $0.0396299$ & $-0.0277356$ & $0.00499328$ & $-0.0183929$ \\
CHG & $-0.0124945$ & $0.0137365$ & $-0.00375546$ & $-0.0176852$ & $0.0066992$ & $0.00109387$ & $1$ & $-0.100672$ & $-0.046263$ & $0.0732091$ & $0.0499663$ & $-0.217206$ & $-0.277686$ & $0.0653951$ & $-0.00403272$ & $-0.0266614$ & $0.0997805$ & $0.0966196$ & $0.109128$ & $-0.0490248$ & $-0.0544709$ & $-0.0568935$ & $-0.00766766$ & $0.109433$ & $0.101133$ & $0.0263579$ & $-0.0497824$ & $-0.00573712$ & $0.0132646$ & $-0.123014$ & $-0.0457322$ & $0.93877$ & $-0.171018$ & $-0.0759939$ & $-0.0417121$ & $-0.0246186$ & $0.0400591$ & $-0.00958482$ & $0.010275$ & $0.0188911$ & $0.0299973$ & $-0.0093764$ & $-0.00585364$ & $-0.0334256$ & $0.00721499$ & $-0.0179379$ & $0.0352933$ & $-0.00299565$ & $-0.0581531$ \\
CHWB & $0.0243321$ & $-0.116698$ & $-0.00359399$ & $0.0175054$ & $0.00677065$ & $-0.118565$ & $-0.100672$ & $1$ & $0.981829$ & $-0.567851$ & $-0.875836$ & $0.0504745$ & $0.32338$ & $0.0999862$ & $0.290856$ & $0.289666$ & $-0.243693$ & $-0.430694$ & $-0.427106$ & $0.84696$ & $0.894217$ & $0.877338$ & $0.0787885$ & $-0.667997$ & $-0.405533$ & $-0.509824$ & $0.42125$ & $0.297951$ & $0.00612968$ & $0.0909835$ & $0.032559$ & $-0.100507$ & $0.107971$ & $0.560781$ & $-0.0331848$ & $-0.00317284$ & $-0.0259044$ & $-0.00992655$ & $-0.00240995$ & $-0.010764$ & $-0.00715313$ & $-0.00289975$ & $0.00759336$ & $-0.00226444$ & $-0.0212183$ & $0.01226$ & $0.0060755$ & $-0.00694365$ & $0.0165605$ \\
CHWHB_gaga & $0.0215416$ & $-0.114591$ & $-0.00270017$ & $0.0207834$ & $0.00816462$ & $-0.11609$ & $-0.046263$ & $0.981829$ & $1$ & $-0.556344$ & $-0.856983$ & $0.0611642$ & $0.316353$ & $0.0921428$ & $0.288653$ & $0.281763$ & $-0.245958$ & $-0.430359$ & $-0.42324$ & $0.829107$ & $0.874901$ & $0.858951$ & $0.0780925$ & $-0.659639$ & $-0.404081$ & $-0.498874$ & $0.411467$ & $0.29146$ & $0.0159812$ & $0.11563$ & $0.0467682$ & $-0.054499$ & $0.132325$ & $0.547571$ & $-0.0571326$ & $-0.0103794$ & $-0.0502723$ & $-0.00546507$ & $0.00272122$ & $-0.0103718$ & $-0.00210144$ & $-0.00515705$ & $0.0751326$ & $-0.0068636$ & $-0.0143921$ & $0.0142409$ & $0.0070242$ & $-0.0118$ & $0.0195614$ \\
CHWHB_gagaorth & $0.00282262$ & $0.0435532$ & $-0.00396111$ & $-0.00836843$ & $0.0114495$ & $0.0131741$ & $0.0732091$ & $-0.567851$ & $-0.556344$ & $1$ & $0.349434$ & $0.25536$ & $-0.231756$ & $0.228137$ & $-0.106044$ & $-0.113893$ & $0.432443$ & $0.480902$ & $0.481492$ & $-0.335499$ & $-0.368086$ & $-0.364999$ & $-0.0451761$ & $0.560953$ & $0.476398$ & $0.198746$ & $-0.235035$ & $-0.119912$ & $0.00359023$ & $-0.138452$ & $-0.0522055$ & $0.0909452$ & $-0.148808$ & $-0.360404$ & $0.078068$ & $0.0282816$ & $0.0300327$ & $0.00968382$ & $-0.00538485$ & $-0.0073968$ & $-0.0420012$ & $-0.00499974$ & $-0.00632169$ & $0.00875232$ & $0.0289359$ & $-0.0178962$ & $0.0143813$ & $0.0104757$ & $-0.0114362$ \\
CHD & $-0.045164$ & $0.100569$ & $0.0140056$ & $-0.0174529$ & $-0.00291109$ & $0.176829$ & $0.0499663$ & $-0.875836$ & $-0.856983$ & $0.349434$ & $1$ & $0.103061$ & $-0.141161$ & $-0.522679$ & $-0.423124$ & $-0.410964$ & $-0.220255$ & $0.0565601$ & $0.0498905$ & $-0.990507$ & $-0.991137$ & $-0.969631$ & $-0.0217334$ & $0.29506$ & $0.0170124$ & $0.57014$ & $-0.288753$ & $-0.330725$ & $-0.00707911$ & $-0.0489509$ & $-0.01026$ & $0.0625164$ & $-0.0565044$ & $-0.353621$ & $0.0409757$ & $0.0138937$ & $0.0123902$ & $0.0038022$ & $0.00594124$ & $0.00537763$ & $0.00204551$ & $0.0111708$ & $0.00892406$ & $-0.0079572$ & $0.0105172$ & $0.000403435$ & $-0.0109012$ & $-0.00639277$ & $-0.0102297$ \\
CHbox & $0.00454585$ & $0.0274693$ & $-0.0229442$ & $-0.0278762$ & $0.00169237$ & $0.0444207$ & $-0.217206$ & $0.0504745$ & $0.0611642$ & $0.25536$ & $0.103061$ & $1$ & $0.752763$ & $-0.295308$ & $0.0234577$ & $0.0193236$ & $-0.314674$ & $-0.300202$ & $-0.293155$ & $-0.0914645$ & $-0.100733$ & $-0.0974413$ & $0.00598773$ & $-0.190676$ & $-0.289666$ & $0.0620605$ & $-0.0188096$ & $-0.0392633$ & $0.0421494$ & $0.299243$ & $0.105598$ & $-0.128111$ & $0.337134$ & $0.0168467$ & $0.0984596$ & $0.0377383$ & $-0.0152516$ & $0.00313659$ & $0.00421762$ & $-0.0176441$ & $-0.0396141$ & $0.00936881$ & $0.00652644$ & $0.0292601$ & $0.0266878$ & $0.00782667$ & $-0.00715983$ & $0.0107122$ & $-0.019453$ \\
CH & $0.0116319$ & $0.0010695$ & $-0.0184046$ & $-0.0128192$ & $-0.00365551$ & $0.0165022$ & $-0.277686$ & $0.32338$ & $0.316353$ & $-0.231756$ & $-0.141161$ & $0.752763$ & $1$ & $-0.254269$ & $0.0728526$ & $0.0689348$ & $-0.36155$ & $-0.389837$ & $-0.380892$ & $0.138167$ & $0.152738$ & $0.153408$ & $0.0257664$ & $-0.379868$ & $-0.383104$ & $-0.0780112$ & $0.114319$ & $0.0450659$ & $0.0376055$ & $0.259295$ & $0.110525$ & $-0.227443$ & $0.282936$ & $0.197666$ & $0.0299974$ & $0.0201585$ & $-0.0236967$ & $-0.0136946$ & $-0.000199854$ & $-0.00221556$ & $-0.0168703$ & $0.0271567$ & $0.00470747$ & $0.0089084$ & $0.00588531$ & $0.000869077$ & $-0.0139656$ & $0.00563625$ & $-0.0264186$ \\
CHL1_11 & $0.0322803$ & $-0.0317993$ & $-0.00899762$ & $0.00675517$ & $0.0127797$ & $0.0172442$ & $0.0653951$ & $0.0999862$ & $0.0921428$ & $0.228137$ & $-0.522679$ & $-0.295308$ & $-0.254269$ & $1$ & $0.293184$ & $0.269475$ & $0.67337$ & $0.600194$ & $0.608363$ & $0.541487$ & $0.48113$ & $0.466152$ & $-0.0787543$ & $0.478752$ & $0.604476$ & $-0.279052$ & $-0.0971535$ & $0.169709$ & $-0.00479556$ & $-0.0468588$ & $-0.0316183$ & $0.0372068$ & $-0.063372$ & $-0.230433$ & $-0.032416$ & $-0.0182243$ & $0.0214891$ & $0.00600457$ & $-0.0110961$ & $0.00697064$ & $0.00586631$ & $-0.0326647$ & $-0.0326162$ & $0.0129769$ & $0.00758479$ & $-0.0179072$ & $0.0128728$ & $0.0229453$ & $-0.00677019$ \\
CHL1_22 & $0.00447849$ & $-0.0305289$ & $0.0104619$ & $-0.0262336$ & $0.00733701$ & $-0.0793486$ & $-0.00403272$ & $0.290856$ & $0.288653$ & $-0.106044$ & $-0.423124$ & $0.0234577$ & $0.0728526$ & $0.293184$ & $1$ & $0.443469$ & $0.181325$ & $-0.428254$ & $-0.00847398$ & $0.487941$ & $0.340595$ & $0.327902$ & $-0.171957$ & $0.118495$ & $-0.111079$ & $-0.200351$ & $-0.397758$ & $0.0990953$ & $-0.012385$ & $0.0296261$ & $0.00432218$ & $-0.00232305$ & $0.0314636$ & $-0.599423$ & $0.00237385$ & $-0.008904$ & $0.00909876$ & $0.0130557$ & $0.0142523$ & $0.0198417$ & $0.0137479$ & $-0.0170046$ & $0.00374795$ & $0.0316851$ & $-0.0102206$ & $0.000933473$ & $-0.00229464$ & $0.00486579$ & $-0.00190898$ \\
CHL1_33 & $0.0208096$ & $-0.0358106$ & $-0.000263892$ & $-0.00586298$ & $0.0136491$ & $-0.0978198$ & $-0.0266614$ & $0.289666$ & $0.281763$ & $-0.113893$ & $-0.410964$ & $0.0193236$ & $0.0689348$ & $0.269475$ & $0.443469$ & $1$ & $0.164418$ & $-0.0226276$ & $-0.421259$ & $0.473724$ & $0.331775$ & $0.347608$ & $-0.157225$ & $0.103591$ & $-0.125791$ & $-0.203836$ & $-0.388692$ & $0.105637$ & $-0.00574593$ & $0.0198859$ & $-0.0101317$ & $-0.0216755$ & $0.0432074$ & $-0.103646$ & $0.0047467$ & $-0.0295435$ & $-0.0120342$ & $0.0120519$ & $-0.0152889$ & $-0.00772357$ & $0.0116453$ & $-0.00448646$ & $-0.0123969$ & $0.0639155$ & $-0.00487826$ & $0.0181164$ & $-0.0160125$ & $0.0234777$ & $0.00795133$ \\
CHL3_11 & $0.0252413$ & $0.0163761$ & $0.00141623$ & $0.00401716$ & $0.00431201$ & $-0.25092$ & $0.0997805$ & $-0.243693$ & $-0.245958$ & $0.432443$ & $-0.220255$ & $-0.314674$ & $-0.36155$ & $0.67337$ & $0.181325$ & $0.164418$ & $1$ & $0.741374$ & $0.744906$ & $0.24323$ & $0.18553$ & $0.176643$ & $-0.0779068$ & $0.688518$ & $0.781526$ & $-0.114954$ & $-0.164013$ & $0.0606358$ & $0.00548705$ & $-0.0915175$ & $-0.0449718$ & $0.0746936$ & $-0.109278$ & $-0.272371$ & $-0.0208301$ & $-0.0126512$ & $0.0331888$ & $0.0123941$ & $0.00205334$ & $0.0075085$ & $0.0111075$ & $-0.00202365$ & $-0.0303263$ & $0.0172405$ & $0.0162295$ & $-0.0347479$ & $0.0111543$ & $0.0185466$ & $-0.0114299$ \\
CHL3_22 & $0.0230017$ & $0.0227148$ & $-0.0110397$ & $0.0160416$ & $0.0032775$ & $-0.0501316$ & $0.0966196$ & $-0.430694$ & $-0.430359$ & $0.480902$ & $0.0565601$ & $-0.300202$ & $-0.389837$ & $0.600194$ & $-0.428254$ & $-0.0226276$ & $0.741374$ & $1$ & $0.681569$ & $-0.0586924$ & $-0.054232$ & $-0.0519595$ & $0.00054068$ & $0.627444$ & $0.79538$ & $0.0260339$ & $-0.00400508$ & $-0.00633982$ & $0.00900967$ & $-0.0988066$ & $-0.0434993$ & $0.0721394$ & $-0.115583$ & $0.0188718$ & $-0.0183524$ & $-0.013467$ & $0.0205794$ & $0.00168746$ & $-0.0144909$ & $-0.00589546$ & $-0.000551715$ & $-0.00641788$ & $-0.030825$ & $0.00271327$ & $0.0230921$ & $-0.0237801$ & $0.00999282$ & $0.0220291$ & $-0.00859975$ \\
CHL3_33 & $0.014422$ & $0.0284007$ & $-0.00204261$ & $0.00225005$ & $-0.00405829$ & $-0.0374752$ & $0.109128$ & $-0.427106$ & $-0.42324$ & $0.481492$ & $0.0498905$ & $-0.293155$ & $-0.380892$ & $0.608363$ & $-0.00847398$ & $-0.421259$ & $0.744906$ & $0.681569$ & $1$ & $-0.0506164$ & $-0.0481708$ & $-0.0468594$ & $-0.00524818$ & $0.629947$ & $0.802487$ & $0.0294671$ & $-0.00238476$ & $-0.0136698$ & $0.00514905$ & $-0.0919077$ & $-0.0342988$ & $0.08193$ & $-0.124005$ & $-0.355616$ & $-0.0184721$ & $-0.00012187$ & $0.0335217$ & $0.00413368$ & $0.00443015$ & $0.0173632$ & $-0.000248857$ & $-0.0172411$ & $-0.0226838$ & $-0.0148352$ & $0.0138745$ & $-0.0385415$ & $0.0189499$ & $0.00709768$ & $-0.0157041$ \\
CHe_11 & $0.029855$ & $-0.0771174$ & $-0.00541471$ & $0.0107069$ & $0.0113934$ & $-0.176465$ & $-0.0490248$ & $0.84696$ & $0.829107$ & $-0.335499$ & $-0.990507$ & $-0.0914645$ & $0.138167$ & $0.541487$ & $0.487941$ & $0.473724$ & $0.24323$ & $-0.0586924$ & $-0.0506164$ & $1$ & $0.973238$ & $0.951846$ & $-0.00430421$ & $-0.241103$ & $-0.00844436$ & $-0.559285$ & $0.215098$ & $0.323668$ & $0.00736254$ & $0.0494189$ & $0.0102122$ & $-0.0603285$ & $0.0569122$ & $0.27529$ & $-0.0389787$ & $-0.0156751$ & $-0.0145915$ & $-0.00266207$ & $-0.00274323$ & $-0.00585223$ & $-0.00198566$ & $-0.0150833$ & $-0.00689474$ & $0.0156383$ & $-0.00778878$ & $0.00382663$ & $0.0101894$ & $0.00799913$ & $0.00832618$ \\
CHe_22 & $0.0301921$ & $-0.0752737$ & $-0.00499996$ & $0.01841$ & $0.0103139$ & $-0.179045$ & $-0.0544709$ & $0.894217$ & $0.874901$ & $-0.368086$ & $-0.991137$ & $-0.100733$ & $0.152738$ & $0.48113$ & $0.340595$ & $0.331775$ & $0.18553$ & $-0.054232$ & $-0.0481708$ & $0.973238$ & $1$ & $0.974901$ & $0.0498185$ & $-0.349892$ & $-0.0246066$ & $-0.571766$ & $0.369467$ & $0.33482$ & $0.00902774$ & $0.0501378$ & $0.0125798$ & $-0.0673837$ & $0.0553464$ & $0.440072$ & $-0.0429407$ & $-0.00802213$ & $-0.0118867$ & $-0.00553418$ & $-0.00294477$ & $-0.00684743$ & $-0.00401043$ & $-0.0105196$ & $-0.00675039$ & $0.000725609$ & $-0.00964351$ & $-0.000468781$ & $0.0140287$ & $0.00280061$ & $0.00659572$ \\
CHe_33 & $0.0325224$ & $-0.075072$ & $-0.00173179$ & $0.0167849$ & $0.00674251$ & $-0.177285$ & $-0.0568935$ & $0.877338$ & $0.858951$ & $-0.364999$ & $-0.969631$ & $-0.0974413$ & $0.153408$ & $0.466152$ & $0.327902$ & $0.347608$ & $0.176643$ & $-0.0519595$ & $-0.0468594$ & $0.951846$ & $0.974901$ & $1$ & $0.0470275$ & $-0.349287$ & $-0.0245884$ & $-0.555329$ & $0.366294$ & $0.324252$ & $0.0108691$ & $0.0464002$ & $0.00957053$ & $-0.0708766$ & $0.056497$ & $0.439348$ & $-0.0492858$ & $-0.00913944$ & $-0.0159509$ & $-0.0039324$ & $-0.00244677$ & $-0.00760016$ & $0.00314982$ & $-0.0161945$ & $-0.0065351$ & $0.0094954$ & $-0.0207535$ & $-0.00158546$ & $0.0136508$ & $0.00424999$ & $0.0109227$ \\
CHQ1_11 & $0.00808595$ & $0.00127723$ & $-0.0134006$ & $0.00469451$ & $0.00989649$ & $-0.011824$ & $-0.00766766$ & $0.0787885$ & $0.0780925$ & $-0.0451761$ & $-0.0217334$ & $0.00598773$ & $0.0257664$ & $-0.0787543$ & $-0.171957$ & $-0.157225$ & $-0.0779068$ & $0.00054068$ & $-0.00524818$ & $-0.00430421$ & $0.0498185$ & $0.0470275$ & $1$ & $-0.144828$ & $0.0682476$ & $-0.679771$ & $0.350939$ & $0.012811$ & $-0.00339022$ & $0.0105892$ & $0.0108065$ & $-0.00766611$ & $0.00655796$ & $0.209562$ & $-0.0120519$ & $0.00129087$ & $-0.0212544$ & $-0.00589648$ & $0.0066704$ & $-0.0107474$ & $0.0230086$ & $0.000306703$ & $0.0123048$ & $0.015386$ & $7.96372e-05$ & $-0.020393$ & $0.0122487$ & $-0.00247039$ & $0.00550061$ \\
CHQ1_33 & $-0.0594693$ & $0.0568826$ & $0.015565$ & $-0.0248387$ & $-0.00494638$ & $-0.00209562$ & $0.109433$ & $-0.667997$ & $-0.659639$ & $0.560953$ & $0.29506$ & $-0.190676$ & $-0.379868$ & $0.478752$ & $0.118495$ & $0.103591$ & $0.688518$ & $0.627444$ & $0.629947$ & $-0.241103$ & $-0.349892$ & $-0.349287$ & $-0.144828$ & $1$ & $0.655968$ & $0.198364$ & $-0.413836$ & $-0.0234539$ & $-0.00950185$ & $-0.0915519$ & $-0.0397984$ & $0.0977885$ & $-0.104925$ & $-0.633996$ & $0.0130918$ & $-0.00563488$ & $0.0365565$ & $0.0124676$ & $0.00401587$ & $0.0128764$ & $0.00694871$ & $-0.0156764$ & $-0.0131457$ & $0.0299157$ & $0.0153294$ & $-0.0298637$ & $0.0122677$ & $0.0171161$ & $-0.000829597$ \\
CHQ3_11 & $-0.103696$ & $0.0550171$ & $0.00486244$ & $-0.013037$ & $-0.00300305$ & $-0.0796438$ & $0.101133$ & $-0.405533$ & $-0.404081$ & $0.476398$ & $0.0170124$ & $-0.289666$ & $-0.383104$ & $0.604476$ & $-0.111079$ & $-0.125791$ & $0.781526$ & $0.79538$ & $0.802487$ & $-0.00844436$ & $-0.0246066$ & $-0.0245884$ & $0.0682476$ & $0.655968$ & $1$ & $0.015716$ & $0.197273$ & $0.00242242$ & $-3.80128e-05$ & $-0.0933056$ & $-0.041397$ & $0.0777469$ & $-0.115854$ & $-0.221708$ & $-0.0207736$ & $-0.0103809$ & $0.0259615$ & $0.0102434$ & $0.0135354$ & $-0.00231751$ & $0.00456908$ & $-0.0171692$ & $-0.0196837$ & $-0.00042383$ & $0.0279259$ & $-0.0419025$ & $0.0171219$ & $0.0058706$ & $-0.0128665$ \\
CHu_11 & $-0.0635953$ & $0.0472329$ & $0.0200151$ & $-0.0169612$ & $-0.00972635$ & $0.0991106$ & $0.0263579$ & $-0.509824$ & $-0.498874$ & $0.198746$ & $0.57014$ & $0.0620605$ & $-0.0780112$ & $-0.279052$ & $-0.200351$ & $-0.203836$ & $-0.114954$ & $0.0260339$ & $0.0294671$ & $-0.559285$ & $-0.571766$ & $-0.555329$ & $-0.679771$ & $0.198364$ & $0.015716$ & $1$ & $-0.174992$ & $-0.184377$ & $-0.00474024$ & $-0.0255709$ & $-0.00499716$ & $0.0333712$ & $-0.0288818$ & $-0.247384$ & $0.0225346$ & $-0.000257716$ & $0.00981359$ & $-0.00219631$ & $-0.00403704$ & $0.0131707$ & $-0.0143437$ & $0.00448529$ & $0.00315959$ & $-0.0157132$ & $0.00990747$ & $0.00507935$ & $-0.00507613$ & $-0.0156713$ & $-0.0164499$ \\
CHd_11 & $-0.0283557$ & $-0.00368245$ & $0.00189873$ & $0.0146461$ & $-0.0122177$ & $-0.066165$ & $-0.0497824$ & $0.42125$ & $0.411467$ & $-0.235035$ & $-0.288753$ & $-0.0188096$ & $0.114319$ & $-0.0971535$ & $-0.397758$ & $-0.388692$ & $-0.164013$ & $-0.00400508$ & $-0.00238476$ & $0.215098$ & $0.369467$ & $0.366294$ & $0.350939$ & $-0.413836$ & $0.197273$ & $-0.174992$ & $1$ & $0.121539$ & $0.00814481$ & $0.0329368$ & $0.0176714$ & $-0.0532079$ & $0.0319096$ & $0.679767$ & $-0.019337$ & $0.00136967$ & $-0.0134795$ & $-0.0125048$ & $0.00503262$ & $-0.0215859$ & $-0.00742464$ & $0.00161839$ & $0.0182629$ & $-0.037337$ & $0.0101746$ & $-0.0168025$ & $0.0169867$ & $-0.023218$ & $0.00745181$ \\
CHd_33 & $0.0169196$ & $-0.0352044$ & $-0.000395788$ & $-0.0010425$ & $0.00131383$ & $-0.0576704$ & $-0.00573712$ & $0.297951$ & $0.29146$ & $-0.119912$ & $-0.330725$ & $-0.0392633$ & $0.0450659$ & $0.169709$ & $0.0990953$ & $0.105637$ & $0.0606358$ & $-0.00633982$ & $-0.0136698$ & $0.323668$ & $0.33482$ & $0.324252$ & $0.012811$ & $-0.0234539$ & $0.00242242$ & $-0.184377$ & $0.121539$ & $1$ & $0.00926728$ & $0.00858261$ & $0.012683$ & $-0.0087347$ & $0.0121377$ & $0.156167$ & $-0.0127248$ & $-0.0123028$ & $-0.0190218$ & $-0.018966$ & $-0.00579294$ & $0.0164007$ & $-0.00738767$ & $-0.00757845$ & $0.0281056$ & $-0.0137543$ & $-0.00781485$ & $-0.0159363$ & $0.0429411$ & $-0.0318222$ & $0.0151614$ \\
CeH_22r & $0.0372433$ & $-0.00384164$ & $-0.00731671$ & $0.0287916$ & $-0.0021288$ & $-0.0059139$ & $0.0132646$ & $0.00612968$ & $0.0159812$ & $0.00359023$ & $-0.00707911$ & $0.0421494$ & $0.0376055$ & $-0.00479556$ & $-0.012385$ & $-0.00574593$ & $0.00548705$ & $0.00900967$ & $0.00514905$ & $0.00736254$ & $0.00902774$ & $0.0108691$ & $-0.00339022$ & $-0.00950185$ & $-3.80128e-05$ & $-0.00474024$ & $0.00814481$ & $0.00926728$ & $1$ & $0.0248163$ & $0.0119643$ & $-0.000938317$ & $0.0364848$ & $0.0163531$ & $-0.0285652$ & $-0.0105401$ & $-0.0232601$ & $0.00337005$ & $-0.0115323$ & $-0.0119873$ & $0.00345983$ & $-0.0109766$ & $0.0179404$ & $-0.000939767$ & $0.0180762$ & $-0.0162167$ & $-0.0115201$ & $0.0133648$ & $0.00352688$ \\
CeH_33r & $-0.000426128$ & $-0.000445161$ & $-0.022747$ & $-0.0176158$ & $-0.00562668$ & $0.00439881$ & $-0.123014$ & $0.0909835$ & $0.11563$ & $-0.138452$ & $-0.0489509$ & $0.299243$ & $0.259295$ & $-0.0468588$ & $0.0296261$ & $0.0198859$ & $-0.0915175$ & $-0.0988066$ & $-0.0919077$ & $0.0494189$ & $0.0501378$ & $0.0464002$ & $0.0105892$ & $-0.0915519$ & $-0.0933056$ & $-0.0255709$ & $0.0329368$ & $0.00858261$ & $0.0248163$ & $1$ & $0.295135$ & $0.0114049$ & $0.639719$ & $0.0436612$ & $-0.1037$ & $-0.0908393$ & $-0.198845$ & $0.00109968$ & $-0.042369$ & $-0.0275131$ & $-0.00292943$ & $-0.00514623$ & $0.0384683$ & $-0.022688$ & $0.070333$ & $0.0118392$ & $-0.0131169$ & $-0.00162005$ & $0.0139627$ \\
CuH_22r & $-0.0159929$ & $-0.00643008$ & $0.0193382$ & $0.041625$ & $0.0121863$ & $-0.00649502$ & $-0.0457322$ & $0.032559$ & $0.0467682$ & $-0.0522055$ & $-0.01026$ & $0.105598$ & $0.110525$ & $-0.0316183$ & $0.00432218$ & $-0.0101317$ & $-0.0449718$ & $-0.0434993$ & $-0.0342988$ & $0.0102122$ & $0.0125798$ & $0.00957053$ & $0.0108065$ & $-0.0397984$ & $-0.041397$ & $-0.00499716$ & $0.0176714$ & $0.012683$ & $0.0119643$ & $0.295135$ & $1$ & $0.0384673$ & $0.324959$ & $0.0205336$ & $-0.0263097$ & $-0.0323253$ & $-0.0873626$ & $-0.0238516$ & $0.0386597$ & $-0.0204925$ & $0.0165895$ & $0.0102115$ & $0.0303197$ & $-0.00604201$ & $-0.00371296$ & $0.0721191$ & $0.378318$ & $-0.0348914$ & $0.00277242$ \\
CuH_33r & $-0.00753852$ & $0.00936594$ & $-0.00983427$ & $-0.0267378$ & $0.00723863$ & $-0.00175071$ & $0.93877$ & $-0.100507$ & $-0.054499$ & $0.0909452$ & $0.0625164$ & $-0.128111$ & $-0.227443$ & $0.0372068$ & $-0.00232305$ & $-0.0216755$ & $0.0746936$ & $0.0721394$ & $0.08193$ & $-0.0603285$ & $-0.0673837$ & $-0.0708766$ & $-0.00766611$ & $0.0977885$ & $0.0777469$ & $0.0333712$ & $-0.0532079$ & $-0.0087347$ & $-0.000938317$ & $0.0114049$ & $0.0384673$ & $1$ & $-0.0111395$ & $-0.0771246$ & $0.0406595$ & $-0.00101077$ & $0.0188375$ & $-0.0180578$ & $0.0156609$ & $0.0075132$ & $0.019202$ & $-0.00465005$ & $0.00342097$ & $-0.0273478$ & $0.00536719$ & $-0.0107169$ & $0.0431063$ & $-0.00247298$ & $-0.0523836$ \\
CdH_33r & $0.0100265$ & $-0.0551523$ & $-0.0458356$ & $-0.0257912$ & $-0.0115496$ & $-0.0211727$ & $-0.171018$ & $0.107971$ & $0.132325$ & $-0.148808$ & $-0.0565044$ & $0.337134$ & $0.282936$ & $-0.063372$ & $0.0314636$ & $0.0432074$ & $-0.109278$ & $-0.115583$ & $-0.124005$ & $0.0569122$ & $0.0553464$ & $0.056497$ & $0.00655796$ & $-0.104925$ & $-0.115854$ & $-0.0288818$ & $0.0319096$ & $0.0121377$ & $0.0364848$ & $0.639719$ & $0.324959$ & $-0.0111395$ & $1$ & $0.0535963$ & $-0.107169$ & $-0.0680995$ & $-0.24942$ & $-0.00700989$ & $-0.0674178$ & $-0.0385551$ & $-0.0413355$ & $-0.0025396$ & $0.0558807$ & $0.0904159$ & $-0.0101614$ & $-0.0318825$ & $-0.0183833$ & $0.160114$ & $0.495537$ \\
CLL_1221 & $0.00249441$ & $-0.00442407$ & $-0.00507876$ & $0.0316853$ & $-0.00406259$ & $-0.114079$ & $-0.0759939$ & $0.560781$ & $0.547571$ & $-0.360404$ & $-0.353621$ & $0.0168467$ & $0.197666$ & $-0.230433$ & $-0.599423$ & $-0.103646$ & $-0.272371$ & $0.0188718$ & $-0.355616$ & $0.27529$ & $0.440072$ & $0.439348$ & $0.209562$ & $-0.633996$ & $-0.221708$ & $-0.247384$ & $0.679767$ & $0.156167$ & $0.0163531$ & $0.0436612$ & $0.0205336$ & $-0.0771246$ & $0.0535963$ & $1$ & $-0.0308023$ & $0.00758808$ & $-0.026979$ & $-0.0131345$ & $-0.00847064$ & $-0.0278725$ & $-0.0102078$ & $0.0197738$ & $0.00476672$ & $-0.0316923$ & $-0.00414342$ & $0.0102674$ & $0.00739816$ & $-0.00989859$ & $0.00694832$ \\
eHggint & $0.108213$ & $-0.00863115$ & $-0.0610809$ & $-0.0378885$ & $-0.00745797$ & $0.0218639$ & $-0.0417121$ & $-0.0331848$ & $-0.0571326$ & $0.078068$ & $0.0409757$ & $0.0984596$ & $0.0299974$ & $-0.032416$ & $0.00237385$ & $0.0047467$ & $-0.0208301$ & $-0.0183524$ & $-0.0184721$ & $-0.0389787$ & $-0.0429407$ & $-0.0492858$ & $-0.0120519$ & $0.0130918$ & $-0.0207736$ & $0.0225346$ & $-0.019337$ & $-0.0127248$ & $-0.0285652$ & $-0.1037$ & $-0.0263097$ & $0.0406595$ & $-0.107169$ & $-0.0308023$ & $1$ & $-0.0442827$ & $0.143387$ & $0.000876971$ & $0.00600121$ & $-0.0442535$ & $-0.100771$ & $0.00604844$ & $-0.0194029$ & $0.0494733$ & $0.0102927$ & $0.0362443$ & $0.0535143$ & $0.0365607$ & $-0.0412274$ \\
eHggpar & $-0.0628574$ & $0.0100233$ & $0.0545737$ & $0.0218895$ & $-0.0092168$ & $-0.00106982$ & $-0.0246186$ & $-0.00317284$ & $-0.0103794$ & $0.0282816$ & $0.0138937$ & $0.0377383$ & $0.0201585$ & $-0.0182243$ & $-0.008904$ & $-0.0295435$ & $-0.0126512$ & $-0.013467$ & $-0.00012187$ & $-0.0156751$ & $-0.00802213$ & $-0.00913944$ & $0.00129087$ & $-0.00563488$ & $-0.0103809$ & $-0.000257716$ & $0.00136967$ & $-0.0123028$ & $-0.0105401$ & $-0.0908393$ & $-0.0323253$ & $-0.00101077$ & $-0.0680995$ & $0.00758808$ & $-0.0442827$ & $1$ & $0.191109$ & $-0.0140756$ & $0.121654$ & $-0.00500368$ & $0.0341797$ & $-0.0135233$ & $0.0634174$ & $0.0558779$ & $-0.069963$ & $-0.0734099$ & $0.00654376$ & $-0.0030775$ & $0.0250953$ \\
eHWWint & $0.0397289$ & $-0.0248724$ & $0.139146$ & $0.00378989$ & $-0.00733122$ & $0.0153968$ & $0.0400591$ & $-0.0259044$ & $-0.0502723$ & $0.0300327$ & $0.0123902$ & $-0.0152516$ & $-0.0236967$ & $0.0214891$ & $0.00909876$ & $-0.0120342$ & $0.0331888$ & $0.0205794$ & $0.0335217$ & $-0.0145915$ & $-0.0118867$ & $-0.0159509$ & $-0.0212544$ & $0.0365565$ & $0.0259615$ & $0.00981359$ & $-0.0134795$ & $-0.0190218$ & $-0.0232601$ & $-0.198845$ & $-0.0873626$ & $0.0188375$ & $-0.24942$ & $-0.026979$ & $0.143387$ & $0.191109$ & $1$ & $0.00699682$ & $0.0773052$ & $0.0242673$ & $-0.043579$ & $-0.0114248$ & $-0.149234$ & $0.0648956$ & $0.0322446$ & $0.0340218$ & $-0.00158056$ & $0.0159905$ & $-0.0666172$ \\
eHWWpar & $-0.0296863$ & $0.0547673$ & $-0.0125984$ & $-0.0233183$ & $-0.00742703$ & $-0.00792947$ & $-0.00958482$ & $-0.00992655$ & $-0.00546507$ & $0.00968382$ & $0.0038022$ & $0.00313659$ & $-0.0136946$ & $0.00600457$ & $0.0130557$ & $0.0120519$ & $0.0123941$ & $0.00168746$ & $0.00413368$ & $-0.00266207$ & $-0.00553418$ & $-0.0039324$ & $-0.00589648$ & $0.0124676$ & $0.0102434$ & $-0.00219631$ & $-0.0125048$ & $-0.018966$ & $0.00337005$ & $0.00109968$ & $-0.0238516$ & $-0.0180578$ & $-0.00700989$ & $-0.0131345$ & $0.000876971$ & $-0.0140756$ & $0.00699682$ & $1$ & $-0.00900324$ & $-0.0174139$ & $-0.0510862$ & $-0.0297538$ & $0.0160444$ & $-0.0117418$ & $-0.00778824$ & $0.0103458$ & $-0.000877929$ & $-0.0015291$ & $-0.000860948$ \\
eHZZint & $-0.111336$ & $0.0336566$ & $0.171472$ & $-0.028941$ & $-0.019993$ & $-0.00619304$ & $0.010275$ & $-0.00240995$ & $0.00272122$ & $-0.00538485$ & $0.00594124$ & $0.00421762$ & $-0.000199854$ & $-0.0110961$ & $0.0142523$ & $-0.0152889$ & $0.00205334$ & $-0.0144909$ & $0.00443015$ & $-0.00274323$ & $-0.00294477$ & $-0.00244677$ & $0.0066704$ & $0.00401587$ & $0.0135354$ & $-0.00403704$ & $0.00503262$ & $-0.00579294$ & $-0.0115323$ & $-0.042369$ & $0.0386597$ & $0.0156609$ & $-0.0674178$ & $-0.00847064$ & $0.00600121$ & $0.121654$ & $0.0773052$ & $-0.00900324$ & $1$ & $0.0106131$ & $0.236681$ & $-0.0217322$ & $0.106422$ & $0.0834405$ & $0.0211828$ & $0.00441142$ & $0.117751$ & $-0.0926345$ & $-0.027163$ \\
eHZZpar & $0.00728301$ & $-0.00147596$ & $0.00276236$ & $-0.000891005$ & $0.00777159$ & $0.0145987$ & $0.0188911$ & $-0.010764$ & $-0.0103718$ & $-0.0073968$ & $0.00537763$ & $-0.0176441$ & $-0.00221556$ & $0.00697064$ & $0.0198417$ & $-0.00772357$ & $0.0075085$ & $-0.00589546$ & $0.0173632$ & $-0.00585223$ & $-0.00684743$ & $-0.00760016$ & $-0.0107474$ & $0.0128764$ & $-0.00231751$ & $0.0131707$ & $-0.0215859$ & $0.0164007$ & $-0.0119873$ & $-0.0275131$ & $-0.0204925$ & $0.0075132$ & $-0.0385551$ & $-0.0278725$ & $-0.0442535$ & $-0.00500368$ & $0.0242673$ & $-0.0174139$ & $0.0106131$ & $1$ & $0.0248565$ & $-0.0159224$ & $-0.00505522$ & $-0.0156088$ & $-0.0146179$ & $-0.0160457$ & $-0.0335015$ & $0.0019666$ & $-0.0254767$ \\
eHZgaint & $0.00299249$ & $0.0623941$ & $0.0275131$ & $0.0140503$ & $0.0261616$ & $-0.0134519$ & $0.0299973$ & $-0.00715313$ & $-0.00210144$ & $-0.0420012$ & $0.00204551$ & $-0.0396141$ & $-0.0168703$ & $0.00586631$ & $0.0137479$ & $0.0116453$ & $0.0111075$ & $-0.000551715$ & $-0.000248857$ & $-0.00198566$ & $-0.00401043$ & $0.00314982$ & $0.0230086$ & $0.00694871$ & $0.00456908$ & $-0.0143437$ & $-0.00742464$ & $-0.00738767$ & $0.00345983$ & $-0.00292943$ & $0.0165895$ & $0.019202$ & $-0.0413355$ & $-0.0102078$ & $-0.100771$ & $0.0341797$ & $-0.043579$ & $-0.0510862$ & $0.236681$ & $0.0248565$ & $1$ & $0.00758773$ & $0.0609772$ & $0.12276$ & $0.0372598$ & $-0.0507413$ & $0.0557086$ & $-0.0522513$ & $-0.0645699$ \\
eHZgapar & $0.027628$ & $0.00101274$ & $-0.040773$ & $0.01044$ & $0.00338683$ & $-0.0120654$ & $-0.0093764$ & $-0.00289975$ & $-0.00515705$ & $-0.00499974$ & $0.0111708$ & $0.00936881$ & $0.0271567$ & $-0.0326647$ & $-0.0170046$ & $-0.00448646$ & $-0.00202365$ & $-0.00641788$ & $-0.0172411$ & $-0.0150833$ & $-0.0105196$ & $-0.0161945$ & $0.000306703$ & $-0.0156764$ & $-0.0171692$ & $0.00448529$ & $0.00161839$ & $-0.00757845$ & $-0.0109766$ & $-0.00514623$ & $0.0102115$ & $-0.00465005$ & $-0.0025396$ & $0.0197738$ & $0.00604844$ & $-0.0135233$ & $-0.0114248$ & $-0.0297538$ & $-0.0217322$ & $-0.0159224$ & $0.00758773$ & $1$ & $-0.000624415$ & $-0.022756$ & $-0.0044758$ & $0.0060302$ & $-0.0125923$ & $-0.00286835$ & $-0.0130759$ \\
eHgagaint & $0.00841124$ & $3.91198e-05$ & $0.0786662$ & $0.101419$ & $-0.0084341$ & $-0.00553454$ & $-0.00585364$ & $0.00759336$ & $0.0751326$ & $-0.00632169$ & $0.00892406$ & $0.00652644$ & $0.00470747$ & $-0.0326162$ & $0.00374795$ & $-0.0123969$ & $-0.0303263$ & $-0.030825$ & $-0.0226838$ & $-0.00689474$ & $-0.00675039$ & $-0.0065351$ & $0.0123048$ & $-0.0131457$ & $-0.0196837$ & $0.00315959$ & $0.0182629$ & $0.0281056$ & $0.0179404$ & $0.0384683$ & $0.0303197$ & $0.00342097$ & $0.0558807$ & $0.00476672$ & $-0.0194029$ & $0.0634174$ & $-0.149234$ & $0.0160444$ & $0.106422$ & $-0.00505522$ & $0.0609772$ & $-0.000624415$ & $1$ & $-0.0876295$ & $0.0513325$ & $0.00546951$ & $0.0322368$ & $0.000803511$ & $0.0588451$ \\
eHmumuint & $-0.00458125$ & $-0.0616464$ & $0.0202973$ & $0.021836$ & $0.0078398$ & $-0.0141903$ & $-0.0334256$ & $-0.00226444$ & $-0.0068636$ & $0.00875232$ & $-0.0079572$ & $0.0292601$ & $0.0089084$ & $0.0129769$ & $0.0316851$ & $0.0639155$ & $0.0172405$ & $0.00271327$ & $-0.0148352$ & $0.0156383$ & $0.000725609$ & $0.0094954$ & $0.015386$ & $0.0299157$ & $-0.00042383$ & $-0.0157132$ & $-0.037337$ & $-0.0137543$ & $-0.000939767$ & $-0.022688$ & $-0.00604201$ & $-0.0273478$ & $0.0904159$ & $-0.0316923$ & $0.0494733$ & $0.0558779$ & $0.0648956$ & $-0.0117418$ & $0.0834405$ & $-0.0156088$ & $0.12276$ & $-0.022756$ & $-0.0876295$ & $1$ & $-0.0284103$ & $0.0436115$ & $0.0187128$ & $0.013929$ & $0.193466$ \\
eHtautauint & $0.0290234$ & $0.0796503$ & $-0.0261522$ & $-0.0062152$ & $0.00133748$ & $0.00719392$ & $0.00721499$ & $-0.0212183$ & $-0.0143921$ & $0.0289359$ & $0.0105172$ & $0.0266878$ & $0.00588531$ & $0.00758479$ & $-0.0102206$ & $-0.00487826$ & $0.0162295$ & $0.0230921$ & $0.0138745$ & $-0.00778878$ & $-0.00964351$ & $-0.0207535$ & $7.96372e-05$ & $0.0153294$ & $0.0279259$ & $0.00990747$ & $0.0101746$ & $-0.00781485$ & $0.0180762$ & $0.070333$ & $-0.00371296$ & $0.00536719$ & $-0.0101614$ & $-0.00414342$ & $0.0102927$ & $-0.069963$ & $0.0322446$ & $-0.00778824$ & $0.0211828$ & $-0.0146179$ & $0.0372598$ & $-0.0044758$ & $0.0513325$ & $-0.0284103$ & $1$ & $-0.0037354$ & $-0.00899984$ & $0.0138778$ & $-0.0394865$ \\
eHccint & $0.0352957$ & $0.0538521$ & $-0.0351818$ & $-0.115409$ & $0.00791569$ & $0.0396299$ & $-0.0179379$ & $0.01226$ & $0.0142409$ & $-0.0178962$ & $0.000403435$ & $0.00782667$ & $0.000869077$ & $-0.0179072$ & $0.000933473$ & $0.0181164$ & $-0.0347479$ & $-0.0237801$ & $-0.0385415$ & $0.00382663$ & $-0.000468781$ & $-0.00158546$ & $-0.020393$ & $-0.0298637$ & $-0.0419025$ & $0.00507935$ & $-0.0168025$ & $-0.0159363$ & $-0.0162167$ & $0.0118392$ & $0.0721191$ & $-0.0107169$ & $-0.0318825$ & $0.0102674$ & $0.0362443$ & $-0.0734099$ & $0.0340218$ & $0.0103458$ & $0.00441142$ & $-0.0160457$ & $-0.0507413$ & $0.0060302$ & $0.00546951$ & $0.0436115$ & $-0.0037354$ & $1$ & $-0.0393955$ & $-0.0268812$ & $-0.0763277$ \\
eHccpar & $-0.052202$ & $0.024465$ & $0.0575129$ & $0.173602$ & $0.0131906$ & $-0.0277356$ & $0.0352933$ & $0.0060755$ & $0.0070242$ & $0.0143813$ & $-0.0109012$ & $-0.00715983$ & $-0.0139656$ & $0.0128728$ & $-0.00229464$ & $-0.0160125$ & $0.0111543$ & $0.00999282$ & $0.0189499$ & $0.0101894$ & $0.0140287$ & $0.0136508$ & $0.0122487$ & $0.0122677$ & $0.0171219$ & $-0.00507613$ & $0.0169867$ & $0.0429411$ & $-0.0115201$ & $-0.0131169$ & $0.378318$ & $0.0431063$ & $-0.0183833$ & $0.00739816$ & $0.0535143$ & $0.00654376$ & $-0.00158056$ & $-0.000877929$ & $0.117751$ & $-0.0335015$ & $0.0557086$ & $-0.0125923$ & $0.0322368$ & $0.0187128$ & $-0.00899984$ & $-0.0393955$ & $1$ & $-0.0505361$ & $0.00243808$ \\
eHbbint & $0.0366247$ & $0.010689$ & $0.00261963$ & $-0.039204$ & $-0.00693128$ & $0.00499328$ & $-0.00299565$ & $-0.00694365$ & $-0.0118$ & $0.0104757$ & $-0.00639277$ & $0.0107122$ & $0.00563625$ & $0.0229453$ & $0.00486579$ & $0.0234777$ & $0.0185466$ & $0.0220291$ & $0.00709768$ & $0.00799913$ & $0.00280061$ & $0.00424999$ & $-0.00247039$ & $0.0171161$ & $0.0058706$ & $-0.0156713$ & $-0.023218$ & $-0.0318222$ & $0.0133648$ & $-0.00162005$ & $-0.0348914$ & $-0.00247298$ & $0.160114$ & $-0.00989859$ & $0.0365607$ & $-0.0030775$ & $0.0159905$ & $-0.0015291$ & $-0.0926345$ & $0.0019666$ & $-0.0522513$ & $-0.00286835$ & $0.000803511$ & $0.013929$ & $0.0138778$ & $-0.0268812$ & $-0.0505361$ & $1$ & $0.00747337$ \\
eHbbpar & $0.0221106$ & $-0.110147$ & $-0.0173566$ & $-0.00176758$ & $-0.00178411$ & $-0.0183929$ & $-0.0581531$ & $0.0165605$ & $0.0195614$ & $-0.0114362$ & $-0.0102297$ & $-0.019453$ & $-0.0264186$ & $-0.00677019$ & $-0.00190898$ & $0.00795133$ & $-0.0114299$ & $-0.00859975$ & $-0.0157041$ & $0.00832618$ & $0.00659572$ & $0.0109227$ & $0.00550061$ & $-0.000829597$ & $-0.0128665$ & $-0.0164499$ & $0.00745181$ & $0.0151614$ & $0.00352688$ & $0.0139627$ & $0.00277242$ & $-0.0523836$ & $0.495537$ & $0.00694832$ & $-0.0412274$ & $0.0250953$ & $-0.0666172$ & $-0.000860948$ & $-0.027163$ & $-0.0254767$ & $-0.0645699$ & $-0.0130759$ & $0.0588451$ & $0.193466$ & $-0.0394865$ & $-0.0763277$ & $0.00243808$ & $0.00747337$ & $1$ \\
