 & AlsMz & dAle5Mz & mtop & mHl & Mz & CW & CHG & CHWB & CHWHB_gaga & CHWHB_gagaorth & CHD & CHbox & CH & CHL1_11 & CHL1_22 & CHL1_33 & CHL3_11 & CHL3_22 & CHL3_33 & CHe_11 & CHe_22 & CHe_33 & CHQ1_11 & CHQ1_33 & CHQ3_11 & CHu_11 & CHd_11 & CHd_33 & CeH_22r & CeH_33r & CuH_22r & CuH_33r & CdH_33r & CLL_1221 & eHggint & eHggpar & eHWWint & eHWWpar & eHZZint & eHZZpar & eHZgaint & eHZgapar & eHgagaint & eHmumuint & eHtautauint & eHccint & eHccpar & eHbbint & eHbbpar \\
AlsMz & $1$ & $0.00120813$ & $0.0580168$ & $-0.0183202$ & $-0.000452137$ & $-0.0154062$ & $0.0240092$ & $0.00635399$ & $0.00773915$ & $0.00981385$ & $-0.0040883$ & $0.00285997$ & $-0.0129423$ & $-0.00818815$ & $0.00755616$ & $0.00446146$ & $-0.00193967$ & $-0.00569669$ & $0.00323328$ & $0.00922997$ & $0.00471679$ & $-0.0138072$ & $-0.00971538$ & $-0.0240797$ & $-0.0474082$ & $-0.0303912$ & $0.00050654$ & $-0.0030143$ & $-0.0217557$ & $0.010006$ & $-0.0138502$ & $0.0233853$ & $-0.00889891$ & $0.00341064$ & $-0.0204711$ & $0.00118135$ & $-0.0406093$ & $-0.0540596$ & $-0.0858297$ & $-0.0782492$ & $0.032834$ & $-0.0314402$ & $0.0274558$ & $-0.0326372$ & $-0.0520428$ & $-0.031839$ & $-0.0288564$ & $-0.0187923$ & $-0.0475801$ \\
dAle5Mz & $0.00120813$ & $1$ & $0.0120173$ & $0.0593283$ & $-0.0109794$ & $0.0382056$ & $0.0325743$ & $-0.239244$ & $-0.23727$ & $0.0883295$ & $0.254604$ & $-0.0435094$ & $-0.0358629$ & $-0.0406014$ & $-0.0224234$ & $-0.0407148$ & $0.0719922$ & $0.042814$ & $0.0516087$ & $-0.203133$ & $-0.115874$ & $-0.141354$ & $0.0024262$ & $0.0786397$ & $0.0539115$ & $0.0122059$ & $-0.0394219$ & $-0.0273577$ & $0.0101514$ & $0.00255374$ & $-0.00863485$ & $0.0406889$ & $0.0170353$ & $-0.00319393$ & $-0.0741658$ & $-0.0323383$ & $-0.031206$ & $-0.0629057$ & $-0.000529351$ & $0.00417021$ & $-0.0107365$ & $-0.0140157$ & $-0.0566997$ & $-0.0656467$ & $0.0451305$ & $-0.0475415$ & $-0.0221892$ & $0.0161975$ & $0.0534166$ \\
mtop & $0.0580168$ & $0.0120173$ & $1$ & $0.0159756$ & $-0.0287988$ & $-0.00650534$ & $0.0179987$ & $0.0424911$ & $0.0482846$ & $-0.0310158$ & $0.0876736$ & $-0.0197928$ & $0.00929908$ & $-0.0247161$ & $0.0206625$ & $-0.0148268$ & $-0.042312$ & $-0.0400476$ & $-0.0309058$ & $0.0474961$ & $0.0379151$ & $0.0337714$ & $0.00746176$ & $0.0188385$ & $-0.0376548$ & $-0.00507579$ & $0.0196567$ & $-0.0189287$ & $0.00685866$ & $0.0292671$ & $-0.00154594$ & $0.0153376$ & $0.022647$ & $0.0289805$ & $-0.0363772$ & $-0.0258804$ & $-0.0465344$ & $-0.0115294$ & $-0.112723$ & $-0.0306821$ & $-0.0849067$ & $0.0429722$ & $0.0897372$ & $0.00350566$ & $-0.00914812$ & $-0.0289448$ & $-0.0742377$ & $0.012391$ & $0.0376633$ \\
mHl & $-0.0183202$ & $0.0593283$ & $0.0159756$ & $1$ & $-0.0188067$ & $0.0219569$ & $0.00537005$ & $-0.00792887$ & $-0.00653125$ & $0.0174753$ & $0.00452984$ & $0.00288931$ & $-0.00179177$ & $0.0338475$ & $0.00850724$ & $0.0157337$ & $0.00516866$ & $0.000881364$ & $-0.00662323$ & $-0.00233577$ & $0.0104801$ & $-0.00653812$ & $-0.0277259$ & $0.0152392$ & $0.0216672$ & $0.0282407$ & $0.00389109$ & $0.00285877$ & $0.00993232$ & $-0.0127035$ & $-0.0122543$ & $0.00477905$ & $-0.00415353$ & $-0.0102746$ & $-0.0208274$ & $-0.0168822$ & $0.0665652$ & $0.0263681$ & $0.0275255$ & $0.0104732$ & $-0.0103414$ & $0.0268578$ & $0.0357376$ & $0.0467606$ & $-0.0431959$ & $-0.0291172$ & $-0.0558555$ & $-0.0421452$ & $0.0092919$ \\
Mz & $-0.000452137$ & $-0.0109794$ & $-0.0287988$ & $-0.0188067$ & $1$ & $-0.00554183$ & $0.00618573$ & $0.027345$ & $0.0247028$ & $-0.0174227$ & $0.0192208$ & $-0.00527928$ & $-0.011229$ & $-0.0071767$ & $0.00881046$ & $-0.0056271$ & $-0.026356$ & $-0.0190246$ & $-0.01873$ & $0.0233634$ & $0.0254049$ & $0.0362712$ & $-9.32789e-05$ & $-0.0348081$ & $-0.0297847$ & $-0.00501053$ & $0.0143427$ & $-0.000501596$ & $0.00649431$ & $0.0025839$ & $-0.00317733$ & $0.00756589$ & $-0.0117094$ & $0.0153499$ & $0.00507335$ & $-0.0191623$ & $0.00323054$ & $0.0293994$ & $0.0354675$ & $-0.0242794$ & $-0.00473476$ & $0.0297278$ & $-0.0110427$ & $0.0258468$ & $0.0112577$ & $-0.0352841$ & $0.0173034$ & $0.0141944$ & $-0.0179604$ \\
CW & $-0.0154062$ & $0.0382056$ & $-0.00650534$ & $0.0219569$ & $-0.00554183$ & $1$ & $-0.0313669$ & $-0.101145$ & $-0.101717$ & $0.0253061$ & $0.104651$ & $0.0214977$ & $0.0213612$ & $0.233233$ & $0.0519188$ & $0.018143$ & $-0.129268$ & $0.00362522$ & $0.0237631$ & $-0.105519$ & $-0.0723008$ & $-0.0823125$ & $-0.0226192$ & $0.0703242$ & $-0.00148135$ & $0.0110046$ & $-0.109355$ & $-0.0176232$ & $-0.00631642$ & $0.00102745$ & $0.00660306$ & $-0.0400162$ & $0.00719487$ & $-0.178245$ & $0.0159876$ & $0.0203404$ & $0.0260044$ & $-0.00557397$ & $-0.029822$ & $-0.00176511$ & $-0.00693444$ & $-0.016474$ & $-0.0437213$ & $-0.0182635$ & $0.00639916$ & $0.0164199$ & $-0.0133011$ & $0.0309362$ & $0.000384133$ \\
CHG & $0.0240092$ & $0.0325743$ & $0.0179987$ & $0.00537005$ & $0.00618573$ & $-0.0313669$ & $1$ & $0.0710014$ & $0.0951859$ & $0.0512938$ & $-0.065233$ & $-0.778144$ & $-0.86702$ & $-0.0745647$ & $0.0104083$ & $0.00825812$ & $-0.0856344$ & $-0.0508384$ & $-0.0630144$ & $0.136658$ & $0.0685685$ & $0.0666929$ & $0.00607939$ & $-0.0778029$ & $-0.0736592$ & $-0.0105832$ & $0.0286889$ & $0.0239851$ & $-0.186222$ & $-0.663486$ & $-0.406232$ & $0.964957$ & $-0.670341$ & $0.0242065$ & $-0.161436$ & $-0.0129489$ & $0.0500034$ & $-0.030742$ & $0.0287434$ & $-0.0470055$ & $0.0234379$ & $0.00686745$ & $0.0441603$ & $0.00860183$ & $-0.045885$ & $-0.0132523$ & $0.0306351$ & $0.00349153$ & $-0.0171904$ \\
CHWB & $0.00635399$ & $-0.239244$ & $0.0424911$ & $-0.00792887$ & $0.027345$ & $-0.101145$ & $0.0710014$ & $1$ & $0.994358$ & $-0.549461$ & $-0.888621$ & $-0.0927122$ & $-0.0707982$ & $-0.317945$ & $-0.0150542$ & $-0.027083$ & $-0.654803$ & $-0.557105$ & $-0.552876$ & $0.885676$ & $0.673887$ & $0.676707$ & $0.0486178$ & $-0.682353$ & $-0.614493$ & $-0.166469$ & $0.447651$ & $0.12549$ & $-0.000932797$ & $-0.0581408$ & $-0.0434708$ & $0.0669619$ & $-0.0733804$ & $0.655097$ & $0.000993063$ & $-0.00978556$ & $0.0241184$ & $0.0106606$ & $0.0221539$ & $-0.0131365$ & $0.00877687$ & $-0.0249587$ & $0.0358379$ & $-0.00883501$ & $-0.0288602$ & $0.00436471$ & $0.0194791$ & $0.0105147$ & $0.0119835$ \\
CHWHB_gaga & $0.00773915$ & $-0.23727$ & $0.0482846$ & $-0.00653125$ & $0.0247028$ & $-0.101717$ & $0.0951859$ & $0.994358$ & $1$ & $-0.548001$ & $-0.882272$ & $-0.098609$ & $-0.0826632$ & $-0.320518$ & $-0.0170095$ & $-0.0282059$ & $-0.655646$ & $-0.554604$ & $-0.551548$ & $0.88379$ & $0.669958$ & $0.672313$ & $0.0494918$ & $-0.680635$ & $-0.611748$ & $-0.166875$ & $0.447055$ & $0.125225$ & $0.00179386$ & $-0.0550353$ & $-0.0392861$ & $0.0896913$ & $-0.0696119$ & $0.650717$ & $-0.0101089$ & $-0.0157636$ & $0.0224239$ & $0.00942683$ & $0.0190505$ & $-0.0156989$ & $0.0102271$ & $-0.0235088$ & $0.0760496$ & $-0.00756777$ & $-0.0315778$ & $0.00609588$ & $0.0160004$ & $0.00923948$ & $0.00817833$ \\
CHWHB_gagaorth & $0.00981385$ & $0.0883295$ & $-0.0310158$ & $0.0174753$ & $-0.0174227$ & $0.0253061$ & $0.0512938$ & $-0.549461$ & $-0.548001$ & $1$ & $0.233944$ & $0.0122895$ & $-0.0676193$ & $0.671722$ & $0.131508$ & $0.12761$ & $0.756007$ & $0.56416$ & $0.568477$ & $-0.314378$ & $-0.229654$ & $-0.233121$ & $-0.0613546$ & $0.58762$ & $0.621637$ & $0.0472435$ & $-0.355136$ & $-0.0288616$ & $-0.0267431$ & $-0.0683126$ & $-0.0350356$ & $0.0654451$ & $-0.0599632$ & $-0.4252$ & $0.0172343$ & $0.0390855$ & $-0.0183882$ & $-0.00893801$ & $-0.0295418$ & $0.00757971$ & $-0.025891$ & $0.00782055$ & $-0.0386257$ & $0.0138351$ & $0.00871216$ & $-0.0145891$ & $0.00464024$ & $-0.00772955$ & $-0.0167502$ \\
CHD & $-0.0040883$ & $0.254604$ & $0.0876736$ & $0.00452984$ & $0.0192208$ & $0.104651$ & $-0.065233$ & $-0.888621$ & $-0.882272$ & $0.233944$ & $1$ & $0.0750598$ & $0.0656888$ & $-0.0416393$ & $-0.0675433$ & $-0.0601192$ & $0.324768$ & $0.325891$ & $0.319143$ & $-0.893571$ & $-0.685848$ & $-0.685961$ & $-0.0174624$ & $0.469183$ & $0.36076$ & $0.177135$ & $-0.320314$ & $-0.140447$ & $0.000603448$ & $0.0631778$ & $0.0434383$ & $-0.0634165$ & $0.0723457$ & $-0.514689$ & $-0.0135496$ & $-0.00161373$ & $-0.025387$ & $-0.0163865$ & $-0.0328665$ & $-0.00141024$ & $-0.00582013$ & $0.037845$ & $-0.0268006$ & $0.000773066$ & $0.0248214$ & $-0.00131253$ & $-0.0395773$ & $-0.0155971$ & $0.0038865$ \\
CHbox & $0.00285997$ & $-0.0435094$ & $-0.0197928$ & $0.00288931$ & $-0.00527928$ & $0.0214977$ & $-0.778144$ & $-0.0927122$ & $-0.098609$ & $0.0122895$ & $0.0750598$ & $1$ & $0.89474$ & $0.0650455$ & $0.0199966$ & $0.0129977$ & $0.0781381$ & $0.04169$ & $0.0498958$ & $-0.108511$ & $-0.0746171$ & $-0.0654375$ & $0.0165228$ & $0.0881735$ & $0.0645683$ & $-0.0115659$ & $-0.0590609$ & $-0.0151247$ & $0.22651$ & $0.691861$ & $0.410945$ & $-0.711202$ & $0.686658$ & $-0.0847606$ & $0.183305$ & $0.00443766$ & $-0.0140601$ & $0.0270766$ & $-0.020827$ & $0.0434833$ & $-0.00949455$ & $0.00654237$ & $-0.0264833$ & $0.00173944$ & $0.0685472$ & $0.059529$ & $-0.0310029$ & $-0.0423642$ & $-0.0175335$ \\
CH & $-0.0129423$ & $-0.0358629$ & $0.00929908$ & $-0.00179177$ & $-0.011229$ & $0.0213612$ & $-0.86702$ & $-0.0707982$ & $-0.0826632$ & $-0.0676193$ & $0.0656888$ & $0.89474$ & $1$ & $0.0818638$ & $-0.00190134$ & $-0.00157538$ & $0.0929476$ & $0.0496835$ & $0.061524$ & $-0.142407$ & $-0.0673733$ & $-0.0658608$ & $0.0149856$ & $0.0832741$ & $0.0780361$ & $-0.00322198$ & $-0.0322291$ & $-0.0242106$ & $0.242199$ & $0.736878$ & $0.434677$ & $-0.813763$ & $0.739201$ & $-0.0260803$ & $0.168889$ & $-0.00104967$ & $-0.0231932$ & $0.0169737$ & $-0.040422$ & $0.0363596$ & $-0.0156355$ & $-0.00940065$ & $-0.0458801$ & $-0.0120026$ & $0.0592838$ & $0.0164977$ & $-0.0386029$ & $-0.0164425$ & $0.013258$ \\
CHL1_11 & $-0.00818815$ & $-0.0406014$ & $-0.0247161$ & $0.0338475$ & $-0.0071767$ & $0.233233$ & $-0.0745647$ & $-0.317945$ & $-0.320518$ & $0.671722$ & $-0.0416393$ & $0.0650455$ & $0.0818638$ & $1$ & $0.164325$ & $0.174324$ & $0.628793$ & $0.520238$ & $0.529733$ & $-0.174895$ & $-0.0687647$ & $-0.0725002$ & $-0.0765857$ & $0.528324$ & $0.557375$ & $0.00450594$ & $-0.341439$ & $-0.00627696$ & $0.0166121$ & $0.0437572$ & $0.0399795$ & $-0.0824608$ & $0.0596651$ & $-0.333286$ & $0.0144545$ & $0.0178057$ & $0.00116189$ & $0.00723722$ & $-0.0214741$ & $0.00997377$ & $-0.0257922$ & $-0.00705251$ & $-0.0263494$ & $0.0143893$ & $0.00663242$ & $-0.0298021$ & $0.0165757$ & $0.0205537$ & $-0.0149764$ \\
CHL1_22 & $0.00755616$ & $-0.0224234$ & $0.0206625$ & $0.00850724$ & $0.00881046$ & $0.0519188$ & $0.0104083$ & $-0.0150542$ & $-0.0170095$ & $0.131508$ & $-0.0675433$ & $0.0199966$ & $-0.00190134$ & $0.164325$ & $1$ & $0.33886$ & $0.0771267$ & $-0.447178$ & $-0.0949797$ & $0.078153$ & $-0.136612$ & $-0.0944507$ & $-0.0932692$ & $0.229272$ & $-0.156138$ & $-0.0063935$ & $-0.48026$ & $-0.0203277$ & $-0.0106821$ & $-0.0100148$ & $-0.0178582$ & $0.0129765$ & $-0.0134044$ & $-0.552932$ & $0.00143445$ & $-0.0150064$ & $0.00559549$ & $-0.0102536$ & $-0.00919375$ & $-0.00896336$ & $0.0245563$ & $0.0157275$ & $-0.00577598$ & $0.0067761$ & $0.00276639$ & $0.0136536$ & $0.00831957$ & $0.00377419$ & $0.0110542$ \\
CHL1_33 & $0.00446146$ & $-0.0407148$ & $-0.0148268$ & $0.0157337$ & $-0.0056271$ & $0.018143$ & $0.00825812$ & $-0.027083$ & $-0.0282059$ & $0.12761$ & $-0.0601192$ & $0.0129977$ & $-0.00157538$ & $0.174324$ & $0.33886$ & $1$ & $0.0941366$ & $-0.0834543$ & $-0.416305$ & $0.0575093$ & $-0.0990438$ & $-0.161756$ & $-0.102889$ & $0.237169$ & $-0.138227$ & $0.0252174$ & $-0.463543$ & $-0.0161942$ & $-0.0037471$ & $0.00638348$ & $-0.0276564$ & $0.0129185$ & $0.0182291$ & $-0.236391$ & $0.00220339$ & $-0.0139693$ & $-0.0176143$ & $0.00255116$ & $-0.0126256$ & $0.00955212$ & $-0.00645663$ & $0.00911247$ & $0.00983141$ & $0.0075213$ & $-0.0238938$ & $-0.00680652$ & $-0.00205647$ & $0.020778$ & $0.0395795$ \\
CHL3_11 & $-0.00193967$ & $0.0719922$ & $-0.042312$ & $0.00516866$ & $-0.026356$ & $-0.129268$ & $-0.0856344$ & $-0.654803$ & $-0.655646$ & $0.756007$ & $0.324768$ & $0.0781381$ & $0.0929476$ & $0.628793$ & $0.0771267$ & $0.0941366$ & $1$ & $0.687409$ & $0.689845$ & $-0.500948$ & $-0.31658$ & $-0.324992$ & $-0.0622393$ & $0.685435$ & $0.765176$ & $0.0721613$ & $-0.35682$ & $-0.0538237$ & $0.00448564$ & $0.059504$ & $0.0412539$ & $-0.0866625$ & $0.0727243$ & $-0.364742$ & $0.0164924$ & $0.012282$ & $-0.0117771$ & $0.00457112$ & $-0.0132302$ & $0.0297009$ & $-0.0156346$ & $0.010066$ & $-0.0176062$ & $0.0330724$ & $0.0281315$ & $-0.0199226$ & $-0.00339175$ & $0.00113543$ & $-0.0311436$ \\
CHL3_22 & $-0.00569669$ & $0.042814$ & $-0.0400476$ & $0.000881364$ & $-0.0190246$ & $0.00362522$ & $-0.0508384$ & $-0.557105$ & $-0.554604$ & $0.56416$ & $0.325891$ & $0.04169$ & $0.0496835$ & $0.520238$ & $-0.447178$ & $-0.0834543$ & $0.687409$ & $1$ & $0.645562$ & $-0.443557$ & $-0.246219$ & $-0.254336$ & $0.00394621$ & $0.4862$ & $0.776188$ & $0.0683375$ & $-0.0495315$ & $-0.0317174$ & $0.0102667$ & $0.0250796$ & $0.0407817$ & $-0.0525047$ & $0.04306$ & $0.0766774$ & $0.00814205$ & $0.0496594$ & $-0.0180983$ & $0.0120772$ & $-0.00793944$ & $0.0191286$ & $-0.0230626$ & $0.00364695$ & $-0.027994$ & $0.020026$ & $0.0133513$ & $-0.0206056$ & $0.0118862$ & $0.000690654$ & $-0.0401226$ \\
CHL3_33 & $0.00323328$ & $0.0516087$ & $-0.0309058$ & $-0.00662323$ & $-0.01873$ & $0.0237631$ & $-0.0630144$ & $-0.552876$ & $-0.551548$ & $0.568477$ & $0.319143$ & $0.0498958$ & $0.061524$ & $0.529733$ & $-0.0949797$ & $-0.416305$ & $0.689845$ & $0.645562$ & $1$ & $-0.43781$ & $-0.248883$ & $-0.264597$ & $0.0124064$ & $0.485178$ & $0.770763$ & $0.0497441$ & $-0.0639714$ & $-0.0299025$ & $0.00869787$ & $0.0303782$ & $0.0498046$ & $-0.0664665$ & $0.0378988$ & $-0.243257$ & $-0.00142937$ & $0.0348826$ & $-0.000757688$ & $-0.00339688$ & $-0.0140611$ & $0.0160773$ & $-0.00579466$ & $-0.00777048$ & $-0.0282857$ & $0.0216055$ & $0.025105$ & $-0.0252712$ & $0.015303$ & $-0.00434282$ & $-0.0500182$ \\
CHe_11 & $0.00922997$ & $-0.203133$ & $0.0474961$ & $-0.00233577$ & $0.0233634$ & $-0.105519$ & $0.136658$ & $0.885676$ & $0.88379$ & $-0.314378$ & $-0.893571$ & $-0.108511$ & $-0.142407$ & $-0.174895$ & $0.078153$ & $0.0575093$ & $-0.500948$ & $-0.443557$ & $-0.43781$ & $1$ & $0.68349$ & $0.674895$ & $0.0368563$ & $-0.545048$ & $-0.483414$ & $-0.17975$ & $0.34738$ & $0.140895$ & $-0.00988174$ & $-0.113442$ & $-0.0823591$ & $0.142613$ & $-0.128615$ & $0.462214$ & $-0.00692868$ & $-0.00405535$ & $0.016271$ & $0.00381446$ & $0.0125675$ & $-0.0131685$ & $0.00177902$ & $-0.0331871$ & $0.0335314$ & $-0.00398365$ & $-0.0337466$ & $0.00304281$ & $0.0364132$ & $0.011983$ & $0.0048936$ \\
CHe_22 & $0.00471679$ & $-0.115874$ & $0.0379151$ & $0.0104801$ & $0.0254049$ & $-0.0723008$ & $0.0685685$ & $0.673887$ & $0.669958$ & $-0.229654$ & $-0.685848$ & $-0.0746171$ & $-0.0673733$ & $-0.0687647$ & $-0.136612$ & $-0.0990438$ & $-0.31658$ & $-0.246219$ & $-0.248883$ & $0.68349$ & $1$ & $0.591316$ & $0.0573796$ & $-0.484565$ & $-0.295411$ & $-0.155834$ & $0.420846$ & $0.117646$ & $0.0101134$ & $-0.0620348$ & $-0.0296816$ & $0.066254$ & $-0.0704528$ & $0.457221$ & $0.00563158$ & $-0.011972$ & $0.0340648$ & $-0.00630337$ & $0.016598$ & $-0.00537773$ & $-0.0211178$ & $-0.0163396$ & $0.0122278$ & $-0.00158834$ & $-0.0170565$ & $-0.0185519$ & $0.0297139$ & $0.0269877$ & $-0.00878521$ \\
CHe_33 & $-0.0138072$ & $-0.141354$ & $0.0337714$ & $-0.00653812$ & $0.0362712$ & $-0.0823125$ & $0.0666929$ & $0.676707$ & $0.672313$ & $-0.233121$ & $-0.685961$ & $-0.0654375$ & $-0.0658608$ & $-0.0725002$ & $-0.0944507$ & $-0.161756$ & $-0.324992$ & $-0.254336$ & $-0.264597$ & $0.674895$ & $0.591316$ & $1$ & $0.0557539$ & $-0.470785$ & $-0.29347$ & $-0.150583$ & $0.426658$ & $0.119354$ & $-0.00138968$ & $-0.0640159$ & $-0.029886$ & $0.0711028$ & $-0.0689482$ & $0.453618$ & $-0.00261274$ & $0.00473143$ & $0.0194505$ & $0.0175358$ & $0.00873755$ & $-0.00820575$ & $0.00563012$ & $-0.00781026$ & $0.0284348$ & $-0.0134441$ & $-0.00805822$ & $-0.00972212$ & $0.0265189$ & $0.00091795$ & $-0.00894369$ \\
CHQ1_11 & $-0.00971538$ & $0.0024262$ & $0.00746176$ & $-0.0277259$ & $-9.32789e-05$ & $-0.0226192$ & $0.00607939$ & $0.0486178$ & $0.0494918$ & $-0.0613546$ & $-0.0174624$ & $0.0165228$ & $0.0149856$ & $-0.0765857$ & $-0.0932692$ & $-0.102889$ & $-0.0622393$ & $0.00394621$ & $0.0124064$ & $0.0368563$ & $0.0573796$ & $0.0557539$ & $1$ & $-0.0815612$ & $0.0361909$ & $-0.574494$ & $0.245493$ & $0.0107924$ & $0.00525065$ & $0.00671228$ & $0.00870064$ & $0.0102136$ & $0.00579175$ & $0.0926094$ & $-0.00617705$ & $0.00250952$ & $-0.0215945$ & $-0.0305336$ & $0.0171118$ & $-0.0240833$ & $0.0244642$ & $-0.0383671$ & $-0.0102505$ & $-0.00665915$ & $0.00126296$ & $0.0142714$ & $0.00115658$ & $-0.0212904$ & $-0.0198118$ \\
CHQ1_33 & $-0.0240797$ & $0.0786397$ & $0.0188385$ & $0.0152392$ & $-0.0348081$ & $0.0703242$ & $-0.0778029$ & $-0.682353$ & $-0.680635$ & $0.58762$ & $0.469183$ & $0.0881735$ & $0.0832741$ & $0.528324$ & $0.229272$ & $0.237169$ & $0.685435$ & $0.4862$ & $0.485178$ & $-0.545048$ & $-0.484565$ & $-0.470785$ & $-0.0815612$ & $1$ & $0.55869$ & $0.100855$ & $-0.448801$ & $0.027408$ & $0.0138074$ & $0.0516234$ & $0.0379148$ & $-0.0791626$ & $0.0681519$ & $-0.527327$ & $0.0278196$ & $-0.00483472$ & $-0.0097587$ & $0.0046152$ & $-0.0157245$ & $0.0365272$ & $-0.0134704$ & $0.0258624$ & $-0.0164158$ & $0.0226211$ & $0.0121079$ & $-0.0128823$ & $0.00384168$ & $-0.00560722$ & $-0.0148752$ \\
CHQ3_11 & $-0.0474082$ & $0.0539115$ & $-0.0376548$ & $0.0216672$ & $-0.0297847$ & $-0.00148135$ & $-0.0736592$ & $-0.614493$ & $-0.611748$ & $0.621637$ & $0.36076$ & $0.0645683$ & $0.0780361$ & $0.557375$ & $-0.156138$ & $-0.138227$ & $0.765176$ & $0.776188$ & $0.770763$ & $-0.483414$ & $-0.295411$ & $-0.29347$ & $0.0361909$ & $0.55869$ & $1$ & $0.0827246$ & $0.0448547$ & $-0.0414109$ & $0.00936278$ & $0.0348842$ & $0.0309042$ & $-0.0764833$ & $0.0547542$ & $-0.20621$ & $0.00490891$ & $0.0305124$ & $-0.017232$ & $0.0114713$ & $-0.00802455$ & $0.0134855$ & $-0.0139096$ & $0.00734779$ & $-0.030521$ & $0.0262255$ & $0.0151511$ & $-0.0155086$ & $0.00378886$ & $-0.0001674$ & $-0.0363711$ \\
CHu_11 & $-0.0303912$ & $0.0122059$ & $-0.00507579$ & $0.0282407$ & $-0.00501053$ & $0.0110046$ & $-0.0105832$ & $-0.166469$ & $-0.166875$ & $0.0472435$ & $0.177135$ & $-0.0115659$ & $-0.00322198$ & $0.00450594$ & $-0.0063935$ & $0.0252174$ & $0.0721613$ & $0.0683375$ & $0.0497441$ & $-0.17975$ & $-0.155834$ & $-0.150583$ & $-0.574494$ & $0.100855$ & $0.0827246$ & $1$ & $0.0952694$ & $-0.0344835$ & $-0.00737692$ & $0.00236284$ & $0.00602547$ & $-0.0143882$ & $0.00508523$ & $-0.0982101$ & $-0.00760555$ & $0.0054046$ & $0.00222142$ & $0.0476995$ & $-0.0218918$ & $0.011167$ & $-0.00204298$ & $0.0257747$ & $-0.015397$ & $0.0127634$ & $0.00970638$ & $0.000488316$ & $-0.0110709$ & $-0.00509937$ & $0.0137068$ \\
CHd_11 & $0.00050654$ & $-0.0394219$ & $0.0196567$ & $0.00389109$ & $0.0143427$ & $-0.109355$ & $0.0286889$ & $0.447651$ & $0.447055$ & $-0.355136$ & $-0.320314$ & $-0.0590609$ & $-0.0322291$ & $-0.341439$ & $-0.48026$ & $-0.463543$ & $-0.35682$ & $-0.0495315$ & $-0.0639714$ & $0.34738$ & $0.420846$ & $0.426658$ & $0.245493$ & $-0.448801$ & $0.0448547$ & $0.0952694$ & $1$ & $0.0556416$ & $-0.00471662$ & $-0.0372389$ & $-0.0141815$ & $0.0268062$ & $-0.0389378$ & $0.601159$ & $-0.00326751$ & $-0.000119836$ & $-0.0138134$ & $0.0266304$ & $0.0253774$ & $-0.0155403$ & $0.0109063$ & $-0.022901$ & $0.00744137$ & $0.00608769$ & $-0.00988903$ & $0.00322435$ & $-0.00151258$ & $-0.0133313$ & $-0.00681034$ \\
CHd_33 & $-0.0030143$ & $-0.0273577$ & $-0.0189287$ & $0.00285877$ & $-0.000501596$ & $-0.0176232$ & $0.0239851$ & $0.12549$ & $0.125225$ & $-0.0288616$ & $-0.140447$ & $-0.0151247$ & $-0.0242106$ & $-0.00627696$ & $-0.0203277$ & $-0.0161942$ & $-0.0538237$ & $-0.0317174$ & $-0.0299025$ & $0.140895$ & $0.117646$ & $0.119354$ & $0.0107924$ & $0.027408$ & $-0.0414109$ & $-0.0344835$ & $0.0556416$ & $1$ & $0.00773938$ & $-0.038486$ & $-0.0163408$ & $0.0206438$ & $-0.0403165$ & $0.0836543$ & $0.00390458$ & $0.0102069$ & $0.0149894$ & $-0.00357624$ & $-0.0060857$ & $0.0317933$ & $-0.00175673$ & $0.0136723$ & $0.00877198$ & $0.0147026$ & $-0.00576268$ & $-0.00893419$ & $-0.00727305$ & $-0.00535453$ & $-0.0186966$ \\
CeH_22r & $-0.0217557$ & $0.0101514$ & $0.00685866$ & $0.00993232$ & $0.00649431$ & $-0.00631642$ & $-0.186222$ & $-0.000932797$ & $0.00179386$ & $-0.0267431$ & $0.000603448$ & $0.22651$ & $0.242199$ & $0.0166121$ & $-0.0106821$ & $-0.0037471$ & $0.00448564$ & $0.0102667$ & $0.00869787$ & $-0.00988174$ & $0.0101134$ & $-0.00138968$ & $0.00525065$ & $0.0138074$ & $0.00936278$ & $-0.00737692$ & $-0.00471662$ & $0.00773938$ & $1$ & $0.196486$ & $0.114879$ & $-0.183301$ & $0.195889$ & $0.00917696$ & $0.0163859$ & $0.00763645$ & $0.00877553$ & $-0.0210206$ & $-0.019304$ & $0.0331958$ & $-0.0115068$ & $-0.00979114$ & $-0.0151477$ & $0.0157003$ & $0.0227209$ & $-0.00986557$ & $0.00757567$ & $-0.0235572$ & $-0.00154401$ \\
CeH_33r & $0.010006$ & $0.00255374$ & $0.0292671$ & $-0.0127035$ & $0.0025839$ & $0.00102745$ & $-0.663486$ & $-0.0581408$ & $-0.0550353$ & $-0.0683126$ & $0.0631778$ & $0.691861$ & $0.736878$ & $0.0437572$ & $-0.0100148$ & $0.00638348$ & $0.059504$ & $0.0250796$ & $0.0303782$ & $-0.113442$ & $-0.0620348$ & $-0.0640159$ & $0.00671228$ & $0.0516234$ & $0.0348842$ & $0.00236284$ & $-0.0372389$ & $-0.038486$ & $0.196486$ & $1$ & $0.506778$ & $-0.547339$ & $0.84495$ & $-0.0227162$ & $0.0984402$ & $-0.0177037$ & $-0.0992509$ & $-0.043812$ & $-0.0367838$ & $0.0161695$ & $-0.020876$ & $0.00525722$ & $-0.0433259$ & $-0.0125626$ & $0.0710784$ & $0.0119488$ & $-0.0356747$ & $-0.00951244$ & $0.0270894$ \\
CuH_22r & $-0.0138502$ & $-0.00863485$ & $-0.00154594$ & $-0.0122543$ & $-0.00317733$ & $0.00660306$ & $-0.406232$ & $-0.0434708$ & $-0.0392861$ & $-0.0350356$ & $0.0434383$ & $0.410945$ & $0.434677$ & $0.0399795$ & $-0.0178582$ & $-0.0276564$ & $0.0412539$ & $0.0407817$ & $0.0498046$ & $-0.0823591$ & $-0.0296816$ & $-0.029886$ & $0.00870064$ & $0.0379148$ & $0.0309042$ & $0.00602547$ & $-0.0141815$ & $-0.0163408$ & $0.114879$ & $0.506778$ & $1$ & $-0.322212$ & $0.521193$ & $-0.0033686$ & $0.0789169$ & $-0.000785256$ & $-0.0826829$ & $-0.0455623$ & $0.00193577$ & $0.0242284$ & $0.00146745$ & $0.00301266$ & $-0.0254458$ & $-0.0261792$ & $-0.00396328$ & $0.0627567$ & $0.232549$ & $0.00356594$ & $0.00297908$ \\
CuH_33r & $0.0233853$ & $0.0406889$ & $0.0153376$ & $0.00477905$ & $0.00756589$ & $-0.0400162$ & $0.964957$ & $0.0669619$ & $0.0896913$ & $0.0654451$ & $-0.0634165$ & $-0.711202$ & $-0.813763$ & $-0.0824608$ & $0.0129765$ & $0.0129185$ & $-0.0866625$ & $-0.0525047$ & $-0.0664665$ & $0.142613$ & $0.066254$ & $0.0711028$ & $0.0102136$ & $-0.0791626$ & $-0.0764833$ & $-0.0143882$ & $0.0268062$ & $0.0206438$ & $-0.183301$ & $-0.547339$ & $-0.322212$ & $1$ & $-0.534415$ & $0.016734$ & $-0.128565$ & $-0.00962355$ & $0.0349379$ & $-0.0449716$ & $0.0418888$ & $-0.0448621$ & $0.0227974$ & $0.00552541$ & $0.0360239$ & $0.00991058$ & $-0.0473169$ & $-0.00753253$ & $0.0400091$ & $0.00174676$ & $-0.00559483$ \\
CdH_33r & $-0.00889891$ & $0.0170353$ & $0.022647$ & $-0.00415353$ & $-0.0117094$ & $0.00719487$ & $-0.670341$ & $-0.0733804$ & $-0.0696119$ & $-0.0599632$ & $0.0723457$ & $0.686658$ & $0.739201$ & $0.0596651$ & $-0.0134044$ & $0.0182291$ & $0.0727243$ & $0.04306$ & $0.0378988$ & $-0.128615$ & $-0.0704528$ & $-0.0689482$ & $0.00579175$ & $0.0681519$ & $0.0547542$ & $0.00508523$ & $-0.0389378$ & $-0.0403165$ & $0.195889$ & $0.84495$ & $0.521193$ & $-0.534415$ & $1$ & $-0.0253989$ & $0.0859136$ & $-0.00127463$ & $-0.120679$ & $-0.0381168$ & $-0.0324538$ & $0.0255716$ & $-0.0152803$ & $0.00601312$ & $-0.059147$ & $-0.0405696$ & $0.0301783$ & $0.00228$ & $-0.0383521$ & $0.0676705$ & $0.274822$ \\
CLL_1221 & $0.00341064$ & $-0.00319393$ & $0.0289805$ & $-0.0102746$ & $0.0153499$ & $-0.178245$ & $0.0242065$ & $0.655097$ & $0.650717$ & $-0.4252$ & $-0.514689$ & $-0.0847606$ & $-0.0260803$ & $-0.333286$ & $-0.552932$ & $-0.236391$ & $-0.364742$ & $0.0766774$ & $-0.243257$ & $0.462214$ & $0.457221$ & $0.453618$ & $0.0926094$ & $-0.527327$ & $-0.20621$ & $-0.0982101$ & $0.601159$ & $0.0836543$ & $0.00917696$ & $-0.0227162$ & $-0.0033686$ & $0.016734$ & $-0.0253989$ & $1$ & $-0.00957939$ & $0.0149959$ & $0.00697243$ & $0.00802021$ & $0.0222621$ & $-0.00231559$ & $0.000597006$ & $-0.0165241$ & $0.00791359$ & $-0.012506$ & $-0.00856971$ & $-0.0133732$ & $0.00721219$ & $0.00645426$ & $-0.00106751$ \\
eHggint & $-0.0204711$ & $-0.0741658$ & $-0.0363772$ & $-0.0208274$ & $0.00507335$ & $0.0159876$ & $-0.161436$ & $0.000993063$ & $-0.0101089$ & $0.0172343$ & $-0.0135496$ & $0.183305$ & $0.168889$ & $0.0144545$ & $0.00143445$ & $0.00220339$ & $0.0164924$ & $0.00814205$ & $-0.00142937$ & $-0.00692868$ & $0.00563158$ & $-0.00261274$ & $-0.00617705$ & $0.0278196$ & $0.00490891$ & $-0.00760555$ & $-0.00326751$ & $0.00390458$ & $0.0163859$ & $0.0984402$ & $0.0789169$ & $-0.128565$ & $0.0859136$ & $-0.00957939$ & $1$ & $-0.0712286$ & $0.0445928$ & $0.0293129$ & $0.113141$ & $0.0346172$ & $-0.0142842$ & $0.0515328$ & $0.024711$ & $-0.0305571$ & $0.0321714$ & $0.105159$ & $0.0751953$ & $0.0686756$ & $-0.0429051$ \\
eHggpar & $0.00118135$ & $-0.0323383$ & $-0.0258804$ & $-0.0168822$ & $-0.0191623$ & $0.0203404$ & $-0.0129489$ & $-0.00978556$ & $-0.0157636$ & $0.0390855$ & $-0.00161373$ & $0.00443766$ & $-0.00104967$ & $0.0178057$ & $-0.0150064$ & $-0.0139693$ & $0.012282$ & $0.0496594$ & $0.0348826$ & $-0.00405535$ & $-0.011972$ & $0.00473143$ & $0.00250952$ & $-0.00483472$ & $0.0305124$ & $0.0054046$ & $-0.000119836$ & $0.0102069$ & $0.00763645$ & $-0.0177037$ & $-0.000785256$ & $-0.00962355$ & $-0.00127463$ & $0.0149959$ & $-0.0712286$ & $1$ & $-0.0506509$ & $0.0103428$ & $-0.0764599$ & $-0.049126$ & $0.0467256$ & $0.0168873$ & $-0.0558225$ & $-0.0325818$ & $-0.0756522$ & $-0.140511$ & $0.0313628$ & $-0.00627027$ & $0.090889$ \\
eHWWint & $-0.0406093$ & $-0.031206$ & $-0.0465344$ & $0.0665652$ & $0.00323054$ & $0.0260044$ & $0.0500034$ & $0.0241184$ & $0.0224239$ & $-0.0183882$ & $-0.025387$ & $-0.0140601$ & $-0.0231932$ & $0.00116189$ & $0.00559549$ & $-0.0176143$ & $-0.0117771$ & $-0.0180983$ & $-0.000757688$ & $0.016271$ & $0.0340648$ & $0.0194505$ & $-0.0215945$ & $-0.0097587$ & $-0.017232$ & $0.00222142$ & $-0.0138134$ & $0.0149894$ & $0.00877553$ & $-0.0992509$ & $-0.0826829$ & $0.0349379$ & $-0.120679$ & $0.00697243$ & $0.0445928$ & $-0.0506509$ & $1$ & $0.0406561$ & $0.0172086$ & $-0.0239288$ & $0.0463407$ & $-0.0123729$ & $0.0530336$ & $0.0217546$ & $-0.0136989$ & $0.0898446$ & $-0.0667721$ & $-0.0535531$ & $-0.0624822$ \\
eHWWpar & $-0.0540596$ & $-0.0629057$ & $-0.0115294$ & $0.0263681$ & $0.0293994$ & $-0.00557397$ & $-0.030742$ & $0.0106606$ & $0.00942683$ & $-0.00893801$ & $-0.0163865$ & $0.0270766$ & $0.0169737$ & $0.00723722$ & $-0.0102536$ & $0.00255116$ & $0.00457112$ & $0.0120772$ & $-0.00339688$ & $0.00381446$ & $-0.00630337$ & $0.0175358$ & $-0.0305336$ & $0.0046152$ & $0.0114713$ & $0.0476995$ & $0.0266304$ & $-0.00357624$ & $-0.0210206$ & $-0.043812$ & $-0.0455623$ & $-0.0449716$ & $-0.0381168$ & $0.00802021$ & $0.0293129$ & $0.0103428$ & $0.0406561$ & $1$ & $0.00756331$ & $0.022493$ & $-0.0249523$ & $-0.0165779$ & $0.0325892$ & $0.00802979$ & $-0.0103312$ & $0.0333922$ & $-0.0499157$ & $-0.0172269$ & $-0.0169694$ \\
eHZZint & $-0.0858297$ & $-0.000529351$ & $-0.112723$ & $0.0275255$ & $0.0354675$ & $-0.029822$ & $0.0287434$ & $0.0221539$ & $0.0190505$ & $-0.0295418$ & $-0.0328665$ & $-0.020827$ & $-0.040422$ & $-0.0214741$ & $-0.00919375$ & $-0.0126256$ & $-0.0132302$ & $-0.00793944$ & $-0.0140611$ & $0.0125675$ & $0.016598$ & $0.00873755$ & $0.0171118$ & $-0.0157245$ & $-0.00802455$ & $-0.0218918$ & $0.0253774$ & $-0.0060857$ & $-0.019304$ & $-0.0367838$ & $0.00193577$ & $0.0418888$ & $-0.0324538$ & $0.0222621$ & $0.113141$ & $-0.0764599$ & $0.0172086$ & $0.00756331$ & $1$ & $0.034285$ & $0.0315174$ & $-0.059085$ & $-0.00896664$ & $0.0758759$ & $0.00825447$ & $0.0101421$ & $0.149704$ & $-0.049405$ & $0.0132279$ \\
eHZZpar & $-0.0782492$ & $0.00417021$ & $-0.0306821$ & $0.0104732$ & $-0.0242794$ & $-0.00176511$ & $-0.0470055$ & $-0.0131365$ & $-0.0156989$ & $0.00757971$ & $-0.00141024$ & $0.0434833$ & $0.0363596$ & $0.00997377$ & $-0.00896336$ & $0.00955212$ & $0.0297009$ & $0.0191286$ & $0.0160773$ & $-0.0131685$ & $-0.00537773$ & $-0.00820575$ & $-0.0240833$ & $0.0365272$ & $0.0134855$ & $0.011167$ & $-0.0155403$ & $0.0317933$ & $0.0331958$ & $0.0161695$ & $0.0242284$ & $-0.0448621$ & $0.0255716$ & $-0.00231559$ & $0.0346172$ & $-0.049126$ & $-0.0239288$ & $0.022493$ & $0.034285$ & $1$ & $-0.0392337$ & $0.0157477$ & $-0.00824813$ & $-0.00453707$ & $0.0536883$ & $0.0568099$ & $0.0302713$ & $0.035329$ & $-0.0330358$ \\
eHZgaint & $0.032834$ & $-0.0107365$ & $-0.0849067$ & $-0.0103414$ & $-0.00473476$ & $-0.00693444$ & $0.0234379$ & $0.00877687$ & $0.0102271$ & $-0.025891$ & $-0.00582013$ & $-0.00949455$ & $-0.0156355$ & $-0.0257922$ & $0.0245563$ & $-0.00645663$ & $-0.0156346$ & $-0.0230626$ & $-0.00579466$ & $0.00177902$ & $-0.0211178$ & $0.00563012$ & $0.0244642$ & $-0.0134704$ & $-0.0139096$ & $-0.00204298$ & $0.0109063$ & $-0.00175673$ & $-0.0115068$ & $-0.020876$ & $0.00146745$ & $0.0227974$ & $-0.0152803$ & $0.000597006$ & $-0.0142842$ & $0.0467256$ & $0.0463407$ & $-0.0249523$ & $0.0315174$ & $-0.0392337$ & $1$ & $0.0162628$ & $0.0718143$ & $0.0302426$ & $-0.0213099$ & $0.0457101$ & $-0.0131901$ & $-0.0289642$ & $0.00445349$ \\
eHZgapar & $-0.0314402$ & $-0.0140157$ & $0.0429722$ & $0.0268578$ & $0.0297278$ & $-0.016474$ & $0.00686745$ & $-0.0249587$ & $-0.0235088$ & $0.00782055$ & $0.037845$ & $0.00654237$ & $-0.00940065$ & $-0.00705251$ & $0.0157275$ & $0.00911247$ & $0.010066$ & $0.00364695$ & $-0.00777048$ & $-0.0331871$ & $-0.0163396$ & $-0.00781026$ & $-0.0383671$ & $0.0258624$ & $0.00734779$ & $0.0257747$ & $-0.022901$ & $0.0136723$ & $-0.00979114$ & $0.00525722$ & $0.00301266$ & $0.00552541$ & $0.00601312$ & $-0.0165241$ & $0.0515328$ & $0.0168873$ & $-0.0123729$ & $-0.0165779$ & $-0.059085$ & $0.0157477$ & $0.0162628$ & $1$ & $-0.0323273$ & $0.00635247$ & $0.0248878$ & $-0.0680014$ & $-0.0358177$ & $0.0234843$ & $0.0367296$ \\
eHgagaint & $0.0274558$ & $-0.0566997$ & $0.0897372$ & $0.0357376$ & $-0.0110427$ & $-0.0437213$ & $0.0441603$ & $0.0358379$ & $0.0760496$ & $-0.0386257$ & $-0.0268006$ & $-0.0264833$ & $-0.0458801$ & $-0.0263494$ & $-0.00577598$ & $0.00983141$ & $-0.0176062$ & $-0.027994$ & $-0.0282857$ & $0.0335314$ & $0.0122278$ & $0.0284348$ & $-0.0102505$ & $-0.0164158$ & $-0.030521$ & $-0.015397$ & $0.00744137$ & $0.00877198$ & $-0.0151477$ & $-0.0433259$ & $-0.0254458$ & $0.0360239$ & $-0.059147$ & $0.00791359$ & $0.024711$ & $-0.0558225$ & $0.0530336$ & $0.0325892$ & $-0.00896664$ & $-0.00824813$ & $0.0718143$ & $-0.0323273$ & $1$ & $0.0253475$ & $-0.0306516$ & $0.0423711$ & $-0.0461883$ & $0.0373313$ & $-0.063603$ \\
eHmumuint & $-0.0326372$ & $-0.0656467$ & $0.00350566$ & $0.0467606$ & $0.0258468$ & $-0.0182635$ & $0.00860183$ & $-0.00883501$ & $-0.00756777$ & $0.0138351$ & $0.000773066$ & $0.00173944$ & $-0.0120026$ & $0.0143893$ & $0.0067761$ & $0.0075213$ & $0.0330724$ & $0.020026$ & $0.0216055$ & $-0.00398365$ & $-0.00158834$ & $-0.0134441$ & $-0.00665915$ & $0.0226211$ & $0.0262255$ & $0.0127634$ & $0.00608769$ & $0.0147026$ & $0.0157003$ & $-0.0125626$ & $-0.0261792$ & $0.00991058$ & $-0.0405696$ & $-0.012506$ & $-0.0305571$ & $-0.0325818$ & $0.0217546$ & $0.00802979$ & $0.0758759$ & $-0.00453707$ & $0.0302426$ & $0.00635247$ & $0.0253475$ & $1$ & $-0.0312307$ & $0.0450583$ & $-0.10484$ & $-0.0618576$ & $-0.0991239$ \\
eHtautauint & $-0.0520428$ & $0.0451305$ & $-0.00914812$ & $-0.0431959$ & $0.0112577$ & $0.00639916$ & $-0.045885$ & $-0.0288602$ & $-0.0315778$ & $0.00871216$ & $0.0248214$ & $0.0685472$ & $0.0592838$ & $0.00663242$ & $0.00276639$ & $-0.0238938$ & $0.0281315$ & $0.0133513$ & $0.025105$ & $-0.0337466$ & $-0.0170565$ & $-0.00805822$ & $0.00126296$ & $0.0121079$ & $0.0151511$ & $0.00970638$ & $-0.00988903$ & $-0.00576268$ & $0.0227209$ & $0.0710784$ & $-0.00396328$ & $-0.0473169$ & $0.0301783$ & $-0.00856971$ & $0.0321714$ & $-0.0756522$ & $-0.0136989$ & $-0.0103312$ & $0.00825447$ & $0.0536883$ & $-0.0213099$ & $0.0248878$ & $-0.0306516$ & $-0.0312307$ & $1$ & $-0.007827$ & $-0.113372$ & $0.120401$ & $-0.033821$ \\
eHccint & $-0.031839$ & $-0.0475415$ & $-0.0289448$ & $-0.0291172$ & $-0.0352841$ & $0.0164199$ & $-0.0132523$ & $0.00436471$ & $0.00609588$ & $-0.0145891$ & $-0.00131253$ & $0.059529$ & $0.0164977$ & $-0.0298021$ & $0.0136536$ & $-0.00680652$ & $-0.0199226$ & $-0.0206056$ & $-0.0252712$ & $0.00304281$ & $-0.0185519$ & $-0.00972212$ & $0.0142714$ & $-0.0128823$ & $-0.0155086$ & $0.000488316$ & $0.00322435$ & $-0.00893419$ & $-0.00986557$ & $0.0119488$ & $0.0627567$ & $-0.00753253$ & $0.00228$ & $-0.0133732$ & $0.105159$ & $-0.140511$ & $0.0898446$ & $0.0333922$ & $0.0101421$ & $0.0568099$ & $0.0457101$ & $-0.0680014$ & $0.0423711$ & $0.0450583$ & $-0.007827$ & $1$ & $0.0101761$ & $-0.0223599$ & $-0.0552162$ \\
eHccpar & $-0.0288564$ & $-0.0221892$ & $-0.0742377$ & $-0.0558555$ & $0.0173034$ & $-0.0133011$ & $0.0306351$ & $0.0194791$ & $0.0160004$ & $0.00464024$ & $-0.0395773$ & $-0.0310029$ & $-0.0386029$ & $0.0165757$ & $0.00831957$ & $-0.00205647$ & $-0.00339175$ & $0.0118862$ & $0.015303$ & $0.0364132$ & $0.0297139$ & $0.0265189$ & $0.00115658$ & $0.00384168$ & $0.00378886$ & $-0.0110709$ & $-0.00151258$ & $-0.00727305$ & $0.00757567$ & $-0.0356747$ & $0.232549$ & $0.0400091$ & $-0.0383521$ & $0.00721219$ & $0.0751953$ & $0.0313628$ & $-0.0667721$ & $-0.0499157$ & $0.149704$ & $0.0302713$ & $-0.0131901$ & $-0.0358177$ & $-0.0461883$ & $-0.10484$ & $-0.113372$ & $0.0101761$ & $1$ & $0.0255338$ & $-0.0455771$ \\
eHbbint & $-0.0187923$ & $0.0161975$ & $0.012391$ & $-0.0421452$ & $0.0141944$ & $0.0309362$ & $0.00349153$ & $0.0105147$ & $0.00923948$ & $-0.00772955$ & $-0.0155971$ & $-0.0423642$ & $-0.0164425$ & $0.0205537$ & $0.00377419$ & $0.020778$ & $0.00113543$ & $0.000690654$ & $-0.00434282$ & $0.011983$ & $0.0269877$ & $0.00091795$ & $-0.0212904$ & $-0.00560722$ & $-0.0001674$ & $-0.00509937$ & $-0.0133313$ & $-0.00535453$ & $-0.0235572$ & $-0.00951244$ & $0.00356594$ & $0.00174676$ & $0.0676705$ & $0.00645426$ & $0.0686756$ & $-0.00627027$ & $-0.0535531$ & $-0.0172269$ & $-0.049405$ & $0.035329$ & $-0.0289642$ & $0.0234843$ & $0.0373313$ & $-0.0618576$ & $0.120401$ & $-0.0223599$ & $0.0255338$ & $1$ & $0.029076$ \\
eHbbpar & $-0.0475801$ & $0.0534166$ & $0.0376633$ & $0.0092919$ & $-0.0179604$ & $0.000384133$ & $-0.0171904$ & $0.0119835$ & $0.00817833$ & $-0.0167502$ & $0.0038865$ & $-0.0175335$ & $0.013258$ & $-0.0149764$ & $0.0110542$ & $0.0395795$ & $-0.0311436$ & $-0.0401226$ & $-0.0500182$ & $0.0048936$ & $-0.00878521$ & $-0.00894369$ & $-0.0198118$ & $-0.0148752$ & $-0.0363711$ & $0.0137068$ & $-0.00681034$ & $-0.0186966$ & $-0.00154401$ & $0.0270894$ & $0.00297908$ & $-0.00559483$ & $0.274822$ & $-0.00106751$ & $-0.0429051$ & $0.090889$ & $-0.0624822$ & $-0.0169694$ & $0.0132279$ & $-0.0330358$ & $0.00445349$ & $0.0367296$ & $-0.063603$ & $-0.0991239$ & $-0.033821$ & $-0.0552162$ & $-0.0455771$ & $0.029076$ & $1$ \\
