 & AlsMz & dAle5Mz & mtop & mHl & Mz & CW & CHG & CHWB & CHWHB_gaga & CHWHB_gagaorth & CHD & CHbox & CHL1_11 & CHL1_22 & CHL1_33 & CHL3_11 & CHL3_22 & CHL3_33 & CHe_11 & CHe_22 & CHe_33 & CHQ1_11 & CHQ1_33 & CHQ3_11 & CHu_11 & CHd_11 & CHd_33 & CeH_22r & CeH_33r & CuH_22r & CuH_33r & CdH_33r & CLL_1221 & eHggpar & eHWWpar & eHZZpar & eHZgapar & eHccpar & eHbbpar \\
AlsMz & $1$ & $0.000586523$ & $-0.00730973$ & $0.0290859$ & $0.0173789$ & $-0.0125256$ & $-0.0226201$ & $-0.00972398$ & $-0.0102761$ & $0.0200538$ & $-0.00334706$ & $0.00929332$ & $0.00622102$ & $0.00558316$ & $-0.0153109$ & $0.0161751$ & $0.0081249$ & $0.0189158$ & $-0.00261168$ & $-0.0118323$ & $-0.00721821$ & $-0.0293136$ & $-0.00952735$ & $-0.0478633$ & $-0.00677291$ & $-0.0205147$ & $-0.00115911$ & $-7.0717e-05$ & $-0.00192177$ & $-0.0194427$ & $-0.0217904$ & $-0.00810836$ & $-0.00966661$ & $0.00790883$ & $0.00722142$ & $-0.0220965$ & $-0.0104891$ & $-0.010599$ & $-0.0020241$ \\
dAle5Mz & $0.000586523$ & $1$ & $-0.0315786$ & $0.00284267$ & $-0.0122492$ & $0.0324164$ & $0.00709532$ & $-0.265125$ & $-0.261606$ & $0.113195$ & $0.271823$ & $0.108054$ & $-0.0635977$ & $-0.0359745$ & $-0.010164$ & $0.0877925$ & $0.0629918$ & $0.0455917$ & $-0.212077$ & $-0.147649$ & $-0.136372$ & $-0.00843215$ & $0.0823796$ & $0.0432103$ & $0.0310101$ & $-0.0956777$ & $-0.00641452$ & $0.0140314$ & $0.00811395$ & $0.00228509$ & $0.0201236$ & $-0.00479498$ & $-0.00233277$ & $0.0431696$ & $0.0159816$ & $-0.0415735$ & $-0.0177325$ & $0.00951069$ & $-0.0311535$ \\
mtop & $-0.00730973$ & $-0.0315786$ & $1$ & $-0.00289601$ & $0.0171356$ & $-0.0058261$ & $0.00445362$ & $0.048059$ & $0.0470336$ & $-0.0306417$ & $0.0819942$ & $-0.0100766$ & $0.00213986$ & $0.00835032$ & $0.0218754$ & $-0.0331639$ & $-0.0395017$ & $-0.0417529$ & $0.0397371$ & $0.0468675$ & $0.0235043$ & $-0.0150183$ & $0.0147496$ & $-0.049043$ & $0.000769724$ & $-0.00524154$ & $-0.00420955$ & $-0.00920238$ & $-0.00783882$ & $-0.00771939$ & $-0.000720058$ & $-0.00337183$ & $0.0227383$ & $0.0420845$ & $0.035847$ & $0.00131266$ & $-0.0166829$ & $0.0245233$ & $0.0179195$ \\
mHl & $0.0290859$ & $0.00284267$ & $-0.00289601$ & $1$ & $0.0121303$ & $0.0233633$ & $-0.0285075$ & $-0.0249127$ & $-0.0242276$ & $0.0148638$ & $0.0247244$ & $0.0210569$ & $0.0124311$ & $-0.0129735$ & $0.0128516$ & $0.00967716$ & $0.0201335$ & $0.00858028$ & $-0.0222372$ & $-0.0108343$ & $-0.0299241$ & $-0.000161862$ & $0.0186026$ & $0.00734886$ & $-0.0132008$ & $-0.0285873$ & $0.000881553$ & $-0.00286537$ & $0.029797$ & $-0.00108462$ & $-0.0207216$ & $0.00302826$ & $-0.012146$ & $-0.00438305$ & $0.0355306$ & $-0.0284406$ & $-0.0200652$ & $-0.0359625$ & $-0.0341294$ \\
Mz & $0.0173789$ & $-0.0122492$ & $0.0171356$ & $0.0121303$ & $1$ & $-0.00448713$ & $-0.00560813$ & $-0.01993$ & $-0.0205336$ & $0.0268128$ & $0.0491052$ & $0.00520451$ & $0.0288461$ & $0.030958$ & $0.00812732$ & $0.0257186$ & $0.000738777$ & $0.0162951$ & $-0.00367087$ & $-0.0120228$ & $-0.00930316$ & $-0.00988567$ & $0.0201599$ & $0.0158108$ & $0.00564714$ & $-0.0270712$ & $-0.0082833$ & $0.0128424$ & $0.00221959$ & $-0.00541188$ & $-0.00240502$ & $-0.00682946$ & $-0.0439541$ & $-0.0241204$ & $-0.00931667$ & $0.00623563$ & $0.033608$ & $-0.0218737$ & $-0.011582$ \\
CW & $-0.0125256$ & $0.0324164$ & $-0.0058261$ & $0.0233633$ & $-0.00448713$ & $1$ & $-0.0258269$ & $-0.0510358$ & $-0.0513448$ & $-0.00149911$ & $0.0643828$ & $-0.0215833$ & $0.196249$ & $0.0302677$ & $0.0420966$ & $-0.15561$ & $-0.0192486$ & $-0.0251862$ & $-0.0706425$ & $-0.0656179$ & $-0.062392$ & $-0.0314245$ & $0.0366924$ & $-0.035511$ & $0.0322957$ & $-0.0912611$ & $-0.0253892$ & $-0.00166352$ & $0.0133434$ & $0.0205275$ & $-0.0217129$ & $0.00711927$ & $-0.127779$ & $-0.00888142$ & $-0.0117496$ & $-0.000555936$ & $0.00347247$ & $0.0100297$ & $-0.0116611$ \\
CHG & $-0.0226201$ & $0.00709532$ & $0.00445362$ & $-0.0285075$ & $-0.00560813$ & $-0.0258269$ & $1$ & $-0.000572133$ & $0.0285452$ & $0.00040268$ & $-0.000976226$ & $-0.00796177$ & $-0.00291149$ & $0.0186543$ & $0.00316122$ & $-0.00256718$ & $-0.0182309$ & $-0.0159847$ & $0.00424001$ & $-0.00434501$ & $0.00793974$ & $0.002046$ & $-0.013997$ & $-0.0159698$ & $0.00328018$ & $-0.0231034$ & $-0.00997723$ & $0.0192159$ & $-0.0661523$ & $-0.0552371$ & $0.901609$ & $-0.0981932$ & $-0.0179237$ & $0.0347659$ & $0.030006$ & $-0.00179923$ & $-0.00674353$ & $-0.0173$ & $-0.0218851$ \\
CHWB & $-0.00972398$ & $-0.265125$ & $0.048059$ & $-0.0249127$ & $-0.01993$ & $-0.0510358$ & $-0.000572133$ & $1$ & $0.994912$ & $-0.552744$ & $-0.885293$ & $-0.175861$ & $-0.270996$ & $-0.00142778$ & $-0.0167449$ & $-0.641838$ & $-0.55705$ & $-0.540414$ & $0.879707$ & $0.685754$ & $0.65069$ & $0.0465518$ & $-0.67634$ & $-0.596231$ & $-0.183537$ & $0.426885$ & $0.136248$ & $-0.00822313$ & $-0.00493979$ & $-0.00885999$ & $-0.0102417$ & $-0.0152119$ & $0.637711$ & $-0.0260449$ & $-0.0191699$ & $0.0268247$ & $0.0134942$ & $-0.00335428$ & $0.0205238$ \\
CHWHB_gaga & $-0.0102761$ & $-0.261606$ & $0.0470336$ & $-0.0242276$ & $-0.0205336$ & $-0.0513448$ & $0.0285452$ & $0.994912$ & $1$ & $-0.55173$ & $-0.88014$ & $-0.157554$ & $-0.274128$ & $-0.00226245$ & $-0.0172472$ & $-0.641848$ & $-0.555401$ & $-0.539461$ & $0.877299$ & $0.681795$ & $0.647923$ & $0.0442459$ & $-0.676197$ & $-0.594938$ & $-0.180955$ & $0.424298$ & $0.135204$ & $-0.00285307$ & $0.0158261$ & $-0.000472713$ & $0.0143394$ & $0.00573749$ & $0.634266$ & $-0.0289003$ & $-0.0217663$ & $0.0262317$ & $0.0127881$ & $-0.00412164$ & $0.0187247$ \\
CHWHB_gagaorth & $0.0200538$ & $0.113195$ & $-0.0306417$ & $0.0148638$ & $0.0268128$ & $-0.00149911$ & $0.00040268$ & $-0.552744$ & $-0.55173$ & $1$ & $0.227656$ & $0.346015$ & $0.672958$ & $0.116446$ & $0.120012$ & $0.771013$ & $0.582434$ & $0.582214$ & $-0.314399$ & $-0.244675$ & $-0.227936$ & $-0.0532681$ & $0.601143$ & $0.642186$ & $0.0563669$ & $-0.329946$ & $-0.0380612$ & $-0.00705242$ & $-0.0374819$ & $-0.01209$ & $0.0322318$ & $-0.0248601$ & $-0.410843$ & $0.0227613$ & $0.0122821$ & $-0.0125335$ & $0.00133406$ & $-0.00032159$ & $0.00153977$ \\
CHD & $-0.00334706$ & $0.271823$ & $0.0819942$ & $0.0247244$ & $0.0491052$ & $0.0643828$ & $-0.000976226$ & $-0.885293$ & $-0.88014$ & $0.227656$ & $1$ & $0.14066$ & $-0.0916685$ & $-0.0814645$ & $-0.0629169$ & $0.300312$ & $0.317741$ & $0.296156$ & $-0.89349$ & $-0.698805$ & $-0.667069$ & $-0.0211402$ & $0.453234$ & $0.327415$ & $0.192847$ & $-0.31379$ & $-0.148185$ & $0.0168625$ & $0.0142883$ & $0.0125402$ & $0.00509295$ & $0.0119707$ & $-0.495941$ & $0.0287234$ & $0.0224781$ & $-0.0300215$ & $-0.0174826$ & $0.0048581$ & $-0.0281759$ \\
CHbox & $0.00929332$ & $0.108054$ & $-0.0100766$ & $0.0210569$ & $0.00520451$ & $-0.0215833$ & $-0.00796177$ & $-0.175861$ & $-0.157554$ & $0.346015$ & $0.14066$ & $1$ & $-0.0923332$ & $0.0354079$ & $0.0367246$ & $0.00427578$ & $0.0284572$ & $0.033901$ & $0.0692273$ & $-0.0688416$ & $-0.0634897$ & $0.00118948$ & $0.0676014$ & $0.0466253$ & $0.0030699$ & $-0.0618908$ & $-0.0213884$ & $0.0290827$ & $0.287021$ & $0.0765293$ & $0.141324$ & $0.258193$ & $-0.238486$ & $0.0639946$ & $-0.0189706$ & $-0.00878425$ & $-0.00401017$ & $0.0164456$ & $0.00718622$ \\
CHL1_11 & $0.00622102$ & $-0.0635977$ & $0.00213986$ & $0.0124311$ & $0.0288461$ & $0.196249$ & $-0.00291149$ & $-0.270996$ & $-0.274128$ & $0.672958$ & $-0.0916685$ & $-0.0923332$ & $1$ & $0.17029$ & $0.173228$ & $0.616082$ & $0.505904$ & $0.510825$ & $-0.12027$ & $-0.0391412$ & $-0.0362652$ & $-0.0750939$ & $0.511187$ & $0.545415$ & $0.00556559$ & $-0.308089$ & $0.00110395$ & $-0.011399$ & $-0.0353449$ & $-0.0156077$ & $-0.0152276$ & $-0.0116237$ & $-0.309082$ & $-0.005448$ & $0.00942436$ & $0.00976994$ & $0.00438345$ & $-0.00428375$ & $0.00631607$ \\
CHL1_22 & $0.00558316$ & $-0.0359745$ & $0.00835032$ & $-0.0129735$ & $0.030958$ & $0.0302677$ & $0.0186543$ & $-0.00142778$ & $-0.00226245$ & $0.116446$ & $-0.0814645$ & $0.0354079$ & $0.17029$ & $1$ & $0.347134$ & $0.0768524$ & $-0.454324$ & $-0.113847$ & $0.0766528$ & $-0.133541$ & $-0.0952511$ & $-0.121236$ & $0.206199$ & $-0.171129$ & $0.0184023$ & $-0.497392$ & $-0.0324113$ & $-0.00687575$ & $-0.00124683$ & $-0.0139555$ & $0.0229677$ & $-0.0098862$ & $-0.555706$ & $-0.0208509$ & $0.00890032$ & $-0.00708579$ & $-0.00890671$ & $-0.0215894$ & $-0.00634697$ \\
CHL1_33 & $-0.0153109$ & $-0.010164$ & $0.0218754$ & $0.0128516$ & $0.00812732$ & $0.0420966$ & $0.00316122$ & $-0.0167449$ & $-0.0172472$ & $0.120012$ & $-0.0629169$ & $0.0367246$ & $0.173228$ & $0.347134$ & $1$ & $0.0804244$ & $-0.103271$ & $-0.437809$ & $0.0584172$ & $-0.0950486$ & $-0.186208$ & $-0.101971$ & $0.216038$ & $-0.149429$ & $0.0151851$ & $-0.466844$ & $-0.0381544$ & $0.00177369$ & $-0.00682488$ & $0.000334498$ & $0.0148225$ & $0.00134631$ & $-0.239339$ & $-0.00699154$ & $0.0130317$ & $0.009043$ & $-0.0125028$ & $-0.0283113$ & $0.00514977$ \\
CHL3_11 & $0.0161751$ & $0.0877925$ & $-0.0331639$ & $0.00967716$ & $0.0257186$ & $-0.15561$ & $-0.00256718$ & $-0.641838$ & $-0.641848$ & $0.771013$ & $0.300312$ & $0.00427578$ & $0.616082$ & $0.0768524$ & $0.0804244$ & $1$ & $0.689398$ & $0.685107$ & $-0.471046$ & $-0.305795$ & $-0.291925$ & $-0.0480966$ & $0.681011$ & $0.761009$ & $0.0768288$ & $-0.325573$ & $-0.0465628$ & $-0.00924975$ & $-0.0257651$ & $-0.0054557$ & $-0.00760901$ & $0.00469983$ & $-0.351492$ & $0.00465479$ & $0.0187823$ & $-0.00583939$ & $0.00569353$ & $-0.000420091$ & $0.00225374$ \\
CHL3_22 & $0.0081249$ & $0.0629918$ & $-0.0395017$ & $0.0201335$ & $0.000738777$ & $-0.0192486$ & $-0.0182309$ & $-0.55705$ & $-0.555401$ & $0.582434$ & $0.317741$ & $0.0284572$ & $0.505904$ & $-0.454324$ & $-0.103271$ & $0.689398$ & $1$ & $0.657296$ & $-0.428979$ & $-0.247563$ & $-0.223285$ & $0.0298554$ & $0.494834$ & $0.784318$ & $0.0694267$ & $-0.00342657$ & $-0.0333596$ & $-1.6532e-05$ & $-0.0235216$ & $0.000848521$ & $-0.0184133$ & $0.0131216$ & $0.0889465$ & $0.00674545$ & $0.0117925$ & $-0.0105295$ & $0.00796419$ & $0.0165901$ & $0.0169327$ \\
CHL3_33 & $0.0189158$ & $0.0455917$ & $-0.0417529$ & $0.00858028$ & $0.0162951$ & $-0.0251862$ & $-0.0159847$ & $-0.540414$ & $-0.539461$ & $0.582214$ & $0.296156$ & $0.033901$ & $0.510825$ & $-0.113847$ & $-0.437809$ & $0.685107$ & $0.657296$ & $1$ & $-0.409321$ & $-0.230864$ & $-0.211025$ & $0.0252218$ & $0.486505$ & $0.77471$ & $0.0637411$ & $-0.0112163$ & $-0.0268918$ & $-0.00486549$ & $-0.0148398$ & $-0.000823027$ & $-0.0220087$ & $0.0107479$ & $-0.221422$ & $0.014986$ & $0.0031155$ & $-0.00601475$ & $0.00770614$ & $0.0178938$ & $0.00925263$ \\
CHe_11 & $-0.00261168$ & $-0.212077$ & $0.0397371$ & $-0.0222372$ & $-0.00367087$ & $-0.0706425$ & $0.00424001$ & $0.879707$ & $0.877299$ & $-0.314399$ & $-0.89349$ & $0.0692273$ & $-0.12027$ & $0.0766528$ & $0.0584172$ & $-0.471046$ & $-0.428979$ & $-0.409321$ & $1$ & $0.694638$ & $0.666943$ & $0.0326344$ & $-0.534404$ & $-0.446401$ & $-0.201835$ & $0.33728$ & $0.132665$ & $-0.0187468$ & $-0.00276482$ & $-0.0151666$ & $0.019369$ & $-0.0121176$ & $0.446169$ & $-0.0164958$ & $-0.0252649$ & $0.0229422$ & $0.0154619$ & $-0.00555023$ & $0.0285392$ \\
CHe_22 & $-0.0118323$ & $-0.147649$ & $0.0468675$ & $-0.0108343$ & $-0.0120228$ & $-0.0656179$ & $-0.00434501$ & $0.685754$ & $0.681795$ & $-0.244675$ & $-0.698805$ & $-0.0688416$ & $-0.0391412$ & $-0.133541$ & $-0.0950486$ & $-0.305795$ & $-0.247563$ & $-0.230864$ & $0.694638$ & $1$ & $0.581598$ & $0.0419689$ & $-0.47879$ & $-0.27811$ & $-0.152181$ & $0.415335$ & $0.120836$ & $-0.0157083$ & $-0.00626592$ & $-0.00691355$ & $-0.00491446$ & $-0.0120956$ & $0.453299$ & $-0.0111853$ & $-0.00774398$ & $0.034408$ & $0.0141805$ & $0.00635077$ & $0.013993$ \\
CHe_33 & $-0.00721821$ & $-0.136372$ & $0.0235043$ & $-0.0299241$ & $-0.00930316$ & $-0.062392$ & $0.00793974$ & $0.65069$ & $0.647923$ & $-0.227936$ & $-0.667069$ & $-0.0634897$ & $-0.0362652$ & $-0.0952511$ & $-0.186208$ & $-0.291925$ & $-0.223285$ & $-0.211025$ & $0.666943$ & $0.581598$ & $1$ & $0.0426425$ & $-0.456509$ & $-0.25058$ & $-0.161153$ & $0.408636$ & $0.120484$ & $-0.00384563$ & $-0.0231404$ & $-0.017097$ & $-0.00118528$ & $-0.026629$ & $0.436324$ & $-0.00528423$ & $-0.0166323$ & $0.0271756$ & $0.02644$ & $-0.00404249$ & $0.0204069$ \\
CHQ1_11 & $-0.0293136$ & $-0.00843215$ & $-0.0150183$ & $-0.000161862$ & $-0.00988567$ & $-0.0314245$ & $0.002046$ & $0.0465518$ & $0.0442459$ & $-0.0532681$ & $-0.0211402$ & $0.00118948$ & $-0.0750939$ & $-0.121236$ & $-0.101971$ & $-0.0480966$ & $0.0298554$ & $0.0252218$ & $0.0326344$ & $0.0419689$ & $0.0426425$ & $1$ & $-0.0810947$ & $0.059709$ & $-0.576353$ & $0.264413$ & $0.0220189$ & $-0.0200687$ & $0.00230336$ & $-0.00869672$ & $0.00665715$ & $-0.00970798$ & $0.115057$ & $0.0219788$ & $0.00114062$ & $0.00386881$ & $-0.0157105$ & $-0.0121766$ & $0.0041771$ \\
CHQ1_33 & $-0.00952735$ & $0.0823796$ & $0.0147496$ & $0.0186026$ & $0.0201599$ & $0.0366924$ & $-0.013997$ & $-0.67634$ & $-0.676197$ & $0.601143$ & $0.453234$ & $0.0676014$ & $0.511187$ & $0.206199$ & $0.216038$ & $0.681011$ & $0.494834$ & $0.486505$ & $-0.534404$ & $-0.47879$ & $-0.456509$ & $-0.0810947$ & $1$ & $0.556645$ & $0.130964$ & $-0.420511$ & $0.0101643$ & $0.003087$ & $-0.0132573$ & $-0.00609421$ & $-0.0102911$ & $0.00319373$ & $-0.516063$ & $0.0136547$ & $0.0191621$ & $0.00820308$ & $-0.0119608$ & $-0.00922796$ & $-0.00474704$ \\
CHQ3_11 & $-0.0478633$ & $0.0432103$ & $-0.049043$ & $0.00734886$ & $0.0158108$ & $-0.035511$ & $-0.0159698$ & $-0.596231$ & $-0.594938$ & $0.642186$ & $0.327415$ & $0.0466253$ & $0.545415$ & $-0.171129$ & $-0.149429$ & $0.761009$ & $0.784318$ & $0.77471$ & $-0.446401$ & $-0.27811$ & $-0.25058$ & $0.059709$ & $0.556645$ & $1$ & $0.0862538$ & $0.0914202$ & $-0.0480061$ & $-0.00604671$ & $-0.0147095$ & $0.00411777$ & $-0.0160692$ & $0.0198521$ & $-0.187$ & $0.00603356$ & $0.00361596$ & $-0.00976051$ & $0.00819524$ & $0.0153575$ & $0.0150357$ \\
CHu_11 & $-0.00677291$ & $0.0310101$ & $0.000769724$ & $-0.0132008$ & $0.00564714$ & $0.0322957$ & $0.00328018$ & $-0.183537$ & $-0.180955$ & $0.0563669$ & $0.192847$ & $0.0030699$ & $0.00556559$ & $0.0184023$ & $0.0151851$ & $0.0768288$ & $0.0694267$ & $0.0637411$ & $-0.201835$ & $-0.152181$ & $-0.161153$ & $-0.576353$ & $0.130964$ & $0.0862538$ & $1$ & $0.0733822$ & $-0.0329423$ & $0.0218845$ & $-0.000527687$ & $-0.000823529$ & $-0.00527247$ & $0.00895623$ & $-0.11073$ & $-0.033384$ & $-0.00301744$ & $0.00403463$ & $0.00188128$ & $0.02134$ & $-0.00278223$ \\
CHd_11 & $-0.0205147$ & $-0.0956777$ & $-0.00524154$ & $-0.0285873$ & $-0.0270712$ & $-0.0912611$ & $-0.0231034$ & $0.426885$ & $0.424298$ & $-0.329946$ & $-0.31379$ & $-0.0618908$ & $-0.308089$ & $-0.497392$ & $-0.466844$ & $-0.325573$ & $-0.00342657$ & $-0.0112163$ & $0.33728$ & $0.415335$ & $0.408636$ & $0.264413$ & $-0.420511$ & $0.0914202$ & $0.0733822$ & $1$ & $0.0651986$ & $-0.00424419$ & $0.0101244$ & $0.0081762$ & $-0.0266899$ & $0.00868163$ & $0.599195$ & $-0.00882885$ & $-0.0188296$ & $0.0209755$ & $0.0167817$ & $0.0220424$ & $0.0257$ \\
CHd_33 & $-0.00115911$ & $-0.00641452$ & $-0.00420955$ & $0.000881553$ & $-0.0082833$ & $-0.0253892$ & $-0.00997723$ & $0.136248$ & $0.135204$ & $-0.0380612$ & $-0.148185$ & $-0.0213884$ & $0.00110395$ & $-0.0324113$ & $-0.0381544$ & $-0.0465628$ & $-0.0333596$ & $-0.0268918$ & $0.132665$ & $0.120836$ & $0.120484$ & $0.0220189$ & $0.0101643$ & $-0.0480061$ & $-0.0329423$ & $0.0651986$ & $1$ & $-0.00989201$ & $0.00223602$ & $0.0274952$ & $-0.00992549$ & $4.42293e-05$ & $0.10486$ & $0.00562177$ & $-0.00787694$ & $0.0215019$ & $-0.00880911$ & $0.0128318$ & $-0.00207678$ \\
CeH_22r & $-7.0717e-05$ & $0.0140314$ & $-0.00920238$ & $-0.00286537$ & $0.0128424$ & $-0.00166352$ & $0.0192159$ & $-0.00822313$ & $-0.00285307$ & $-0.00705242$ & $0.0168625$ & $0.0290827$ & $-0.011399$ & $-0.00687575$ & $0.00177369$ & $-0.00924975$ & $-1.6532e-05$ & $-0.00486549$ & $-0.0187468$ & $-0.0157083$ & $-0.00384563$ & $-0.0200687$ & $0.003087$ & $-0.00604671$ & $0.0218845$ & $-0.00424419$ & $-0.00989201$ & $1$ & $0.0290332$ & $0.0163524$ & $-0.00340694$ & $0.0345154$ & $0.00525467$ & $0.00336519$ & $-0.0141691$ & $0.00844658$ & $0.00582779$ & $-0.0051435$ & $0.00431452$ \\
CeH_33r & $-0.00192177$ & $0.00811395$ & $-0.00783882$ & $0.029797$ & $0.00221959$ & $0.0133434$ & $-0.0661523$ & $-0.00493979$ & $0.0158261$ & $-0.0374819$ & $0.0142883$ & $0.287021$ & $-0.0353449$ & $-0.00124683$ & $-0.00682488$ & $-0.0257651$ & $-0.0235216$ & $-0.0148398$ & $-0.00276482$ & $-0.00626592$ & $-0.0231404$ & $0.00230336$ & $-0.0132573$ & $-0.0147095$ & $-0.000527687$ & $0.0101244$ & $0.00223602$ & $0.0290332$ & $1$ & $0.300825$ & $0.136888$ & $0.64391$ & $-0.0138681$ & $-0.0349164$ & $-0.0575007$ & $-0.00651617$ & $-0.0074832$ & $-0.0174767$ & $0.000456428$ \\
CuH_22r & $-0.0194427$ & $0.00228509$ & $-0.00771939$ & $-0.00108462$ & $-0.00541188$ & $0.0205275$ & $-0.0552371$ & $-0.00885999$ & $-0.000472713$ & $-0.01209$ & $0.0125402$ & $0.0765293$ & $-0.0156077$ & $-0.0139555$ & $0.000334498$ & $-0.0054557$ & $0.000848521$ & $-0.000823027$ & $-0.0151666$ & $-0.00691355$ & $-0.017097$ & $-0.00869672$ & $-0.00609421$ & $0.00411777$ & $-0.000823529$ & $0.0081762$ & $0.0274952$ & $0.0163524$ & $0.300825$ & $1$ & $0.0619094$ & $0.334871$ & $-0.00177179$ & $-0.00301069$ & $-0.0415894$ & $0.00678017$ & $-0.0112613$ & $0.275011$ & $0.00383434$ \\
CuH_33r & $-0.0217904$ & $0.0201236$ & $-0.000720058$ & $-0.0207216$ & $-0.00240502$ & $-0.0217129$ & $0.901609$ & $-0.0102417$ & $0.0143394$ & $0.0322318$ & $0.00509295$ & $0.141324$ & $-0.0152276$ & $0.0229677$ & $0.0148225$ & $-0.00760901$ & $-0.0184133$ & $-0.0220087$ & $0.019369$ & $-0.00491446$ & $-0.00118528$ & $0.00665715$ & $-0.0102911$ & $-0.0160692$ & $-0.00527247$ & $-0.0266899$ & $-0.00992549$ & $-0.00340694$ & $0.136888$ & $0.0619094$ & $1$ & $0.15936$ & $-0.0355587$ & $0.0574184$ & $0.00516993$ & $-0.00123512$ & $-0.0119098$ & $-0.021228$ & $-0.00344966$ \\
CdH_33r & $-0.00810836$ & $-0.00479498$ & $-0.00337183$ & $0.00302826$ & $-0.00682946$ & $0.00711927$ & $-0.0981932$ & $-0.0152119$ & $0.00573749$ & $-0.0248601$ & $0.0119707$ & $0.258193$ & $-0.0116237$ & $-0.0098862$ & $0.00134631$ & $0.00469983$ & $0.0131216$ & $0.0107479$ & $-0.0121176$ & $-0.0120956$ & $-0.026629$ & $-0.00970798$ & $0.00319373$ & $0.0198521$ & $0.00895623$ & $0.00868163$ & $4.42293e-05$ & $0.0345154$ & $0.64391$ & $0.334871$ & $0.15936$ & $1$ & $-0.00522385$ & $-0.0209226$ & $-0.0742946$ & $-0.00484624$ & $-0.00639527$ & $-0.00559024$ & $0.401967$ \\
CLL_1221 & $-0.00966661$ & $-0.00233277$ & $0.0227383$ & $-0.012146$ & $-0.0439541$ & $-0.127779$ & $-0.0179237$ & $0.637711$ & $0.634266$ & $-0.410843$ & $-0.495941$ & $-0.238486$ & $-0.309082$ & $-0.555706$ & $-0.239339$ & $-0.351492$ & $0.0889465$ & $-0.221422$ & $0.446169$ & $0.453299$ & $0.436324$ & $0.115057$ & $-0.516063$ & $-0.187$ & $-0.11073$ & $0.599195$ & $0.10486$ & $0.00525467$ & $-0.0138681$ & $-0.00177179$ & $-0.0355587$ & $-0.00522385$ & $1$ & $-0.0174356$ & $-0.00404224$ & $0.00715028$ & $0.0152985$ & $0.013368$ & $0.0225186$ \\
eHggpar & $0.00790883$ & $0.0431696$ & $0.0420845$ & $-0.00438305$ & $-0.0241204$ & $-0.00888142$ & $0.0347659$ & $-0.0260449$ & $-0.0289003$ & $0.0227613$ & $0.0287234$ & $0.0639946$ & $-0.005448$ & $-0.0208509$ & $-0.00699154$ & $0.00465479$ & $0.00674545$ & $0.014986$ & $-0.0164958$ & $-0.0111853$ & $-0.00528423$ & $0.0219788$ & $0.0136547$ & $0.00603356$ & $-0.033384$ & $-0.00882885$ & $0.00562177$ & $0.00336519$ & $-0.0349164$ & $-0.00301069$ & $0.0574184$ & $-0.0209226$ & $-0.0174356$ & $1$ & $-0.0230221$ & $-0.0232138$ & $0.00784509$ & $0.0130368$ & $0.00312019$ \\
eHWWpar & $0.00722142$ & $0.0159816$ & $0.035847$ & $0.0355306$ & $-0.00931667$ & $-0.0117496$ & $0.030006$ & $-0.0191699$ & $-0.0217663$ & $0.0122821$ & $0.0224781$ & $-0.0189706$ & $0.00942436$ & $0.00890032$ & $0.0130317$ & $0.0187823$ & $0.0117925$ & $0.0031155$ & $-0.0252649$ & $-0.00774398$ & $-0.0166323$ & $0.00114062$ & $0.0191621$ & $0.00361596$ & $-0.00301744$ & $-0.0188296$ & $-0.00787694$ & $-0.0141691$ & $-0.0575007$ & $-0.0415894$ & $0.00516993$ & $-0.0742946$ & $-0.00404224$ & $-0.0230221$ & $1$ & $-0.00552941$ & $0.000328426$ & $-0.0139561$ & $-0.0120499$ \\
eHZZpar & $-0.0220965$ & $-0.0415735$ & $0.00131266$ & $-0.0284406$ & $0.00623563$ & $-0.000555936$ & $-0.00179923$ & $0.0268247$ & $0.0262317$ & $-0.0125335$ & $-0.0300215$ & $-0.00878425$ & $0.00976994$ & $-0.00708579$ & $0.009043$ & $-0.00583939$ & $-0.0105295$ & $-0.00601475$ & $0.0229422$ & $0.034408$ & $0.0271756$ & $0.00386881$ & $0.00820308$ & $-0.00976051$ & $0.00403463$ & $0.0209755$ & $0.0215019$ & $0.00844658$ & $-0.00651617$ & $0.00678017$ & $-0.00123512$ & $-0.00484624$ & $0.00715028$ & $-0.0232138$ & $-0.00552941$ & $1$ & $0.000225005$ & $0.00209439$ & $0.006771$ \\
eHZgapar & $-0.0104891$ & $-0.0177325$ & $-0.0166829$ & $-0.0200652$ & $0.033608$ & $0.00347247$ & $-0.00674353$ & $0.0134942$ & $0.0127881$ & $0.00133406$ & $-0.0174826$ & $-0.00401017$ & $0.00438345$ & $-0.00890671$ & $-0.0125028$ & $0.00569353$ & $0.00796419$ & $0.00770614$ & $0.0154619$ & $0.0141805$ & $0.02644$ & $-0.0157105$ & $-0.0119608$ & $0.00819524$ & $0.00188128$ & $0.0167817$ & $-0.00880911$ & $0.00582779$ & $-0.0074832$ & $-0.0112613$ & $-0.0119098$ & $-0.00639527$ & $0.0152985$ & $0.00784509$ & $0.000328426$ & $0.000225005$ & $1$ & $0.0350091$ & $0.0166116$ \\
eHccpar & $-0.010599$ & $0.00951069$ & $0.0245233$ & $-0.0359625$ & $-0.0218737$ & $0.0100297$ & $-0.0173$ & $-0.00335428$ & $-0.00412164$ & $-0.00032159$ & $0.0048581$ & $0.0164456$ & $-0.00428375$ & $-0.0215894$ & $-0.0283113$ & $-0.000420091$ & $0.0165901$ & $0.0178938$ & $-0.00555023$ & $0.00635077$ & $-0.00404249$ & $-0.0121766$ & $-0.00922796$ & $0.0153575$ & $0.02134$ & $0.0220424$ & $0.0128318$ & $-0.0051435$ & $-0.0174767$ & $0.275011$ & $-0.021228$ & $-0.00559024$ & $0.013368$ & $0.0130368$ & $-0.0139561$ & $0.00209439$ & $0.0350091$ & $1$ & $0.0172687$ \\
eHbbpar & $-0.0020241$ & $-0.0311535$ & $0.0179195$ & $-0.0341294$ & $-0.011582$ & $-0.0116611$ & $-0.0218851$ & $0.0205238$ & $0.0187247$ & $0.00153977$ & $-0.0281759$ & $0.00718622$ & $0.00631607$ & $-0.00634697$ & $0.00514977$ & $0.00225374$ & $0.0169327$ & $0.00925263$ & $0.0285392$ & $0.013993$ & $0.0204069$ & $0.0041771$ & $-0.00474704$ & $0.0150357$ & $-0.00278223$ & $0.0257$ & $-0.00207678$ & $0.00431452$ & $0.000456428$ & $0.00383434$ & $-0.00344966$ & $0.401967$ & $0.0225186$ & $0.00312019$ & $-0.0120499$ & $0.006771$ & $0.0166116$ & $0.0172687$ & $1$ \\
