 & AlsMz & dAle5Mz & mtop & mHl & Mz & CW & CHG & CHWB & CHWHB_gaga & CHWHB_gagaorth & CHD & CHbox & CH & CHL1_11 & CHL1_22 & CHL1_33 & CHL3_11 & CHL3_22 & CHL3_33 & CHe_11 & CHe_22 & CHe_33 & CHQ1_11 & CHQ1_33 & CHQ3_11 & CHu_11 & CHd_11 & CHd_33 & CeH_22r & CeH_33r & CuH_22r & CuH_33r & CdH_33r & CLL_1221 & eHggint & eHggpar & eHWWint & eHWWpar & eHZZint & eHZZpar & eHZgaint & eHZgapar & eHgagaint & eHmumuint & eHtautauint & eHccint & eHccpar & eHbbint & eHbbpar \\
AlsMz & $1$ & $-0.086613$ & $-0.0914257$ & $0.0229855$ & $0.0278971$ & $0.0214639$ & $-0.00378624$ & $-0.021869$ & $-0.025175$ & $-0.00738221$ & $0.0308433$ & $-0.00051208$ & $-0.00615702$ & $-0.0411057$ & $-0.0407161$ & $-0.00967747$ & $-0.0205997$ & $0.00110615$ & $-0.0172026$ & $-0.0441546$ & $-0.03849$ & $-0.0335007$ & $-0.00301718$ & $-0.0475385$ & $-0.122539$ & $0.013551$ & $-0.0175952$ & $0.0599438$ & $0.0455409$ & $0.0143279$ & $0.0217216$ & $0.000259151$ & $0.0609642$ & $0.0167146$ & $0.0785648$ & $-0.17279$ & $-0.0907521$ & $9.77993e-05$ & $-0.0595647$ & $0.0182439$ & $-0.0684984$ & $-0.0194661$ & $-0.0269977$ & $0.0856522$ & $0.00883901$ & $-0.0458039$ & $0.0529346$ & $-0.00212198$ & $0.0802857$ \\
dAle5Mz & $-0.086613$ & $1$ & $0.150193$ & $0.0339389$ & $0.0263392$ & $0.0215026$ & $-0.0362097$ & $-0.0740672$ & $-0.0780878$ & $0.00989676$ & $0.0545116$ & $0.0144116$ & $-0.0239871$ & $0.00609067$ & $-0.032763$ & $-0.00818265$ & $0.0165008$ & $0.0387517$ & $0.0176797$ & $-0.0298694$ & $-0.030492$ & $-0.0375274$ & $0.0131052$ & $0.0330981$ & $0.0309579$ & $0.000394811$ & $-0.00998625$ & $-0.00494559$ & $-0.0462543$ & $0.00827876$ & $0.0226998$ & $-0.0344522$ & $-0.0299409$ & $0.0224774$ & $0.0443603$ & $-0.118328$ & $0.0261551$ & $-0.0143249$ & $-0.0283304$ & $0.0302988$ & $-0.0146033$ & $-0.0114897$ & $0.00190086$ & $-0.0807333$ & $0.0470967$ & $-0.097243$ & $0.101992$ & $0.00234415$ & $-0.0694816$ \\
mtop & $-0.0914257$ & $0.150193$ & $1$ & $-0.0318104$ & $-0.0161628$ & $-0.000589651$ & $-0.0265641$ & $0.00891893$ & $0.0121407$ & $-0.0584061$ & $-0.00108683$ & $-0.0556722$ & $0.0181352$ & $-0.0178239$ & $0.0277267$ & $0.0500307$ & $0.0032602$ & $-0.021125$ & $-0.0381218$ & $0.0170881$ & $0.0103563$ & $0.00262327$ & $-0.00679315$ & $0.00639307$ & $-0.0155174$ & $0.000336941$ & $-0.0248319$ & $0.00255869$ & $-0.0304246$ & $0.0573682$ & $0.0578966$ & $-0.0147058$ & $0.10572$ & $-0.000486556$ & $-0.0307$ & $-0.0647728$ & $-0.176796$ & $-0.0222596$ & $0.114068$ & $-0.0484412$ & $0.147075$ & $-0.0483448$ & $-0.0219453$ & $0.040089$ & $0.0586604$ & $0.0270351$ & $0.0872193$ & $0.0517861$ & $0.0920108$ \\
mHl & $0.0229855$ & $0.0339389$ & $-0.0318104$ & $1$ & $-0.0291986$ & $0.0236248$ & $0.0307663$ & $-0.0341862$ & $-0.0241386$ & $0.0166246$ & $0.0155028$ & $0.0221035$ & $-0.0420563$ & $0.016963$ & $-0.00752374$ & $0.0196524$ & $0.0395348$ & $0.0393156$ & $0.0217702$ & $-0.0138439$ & $-0.0172803$ & $-0.0165382$ & $0.0203883$ & $0.0255919$ & $0.0219837$ & $-0.0124205$ & $-0.0352818$ & $0.0141866$ & $-0.0207005$ & $-0.0109785$ & $-0.00795921$ & $0.0245295$ & $-0.0283316$ & $-0.0149337$ & $-0.00317577$ & $-0.0853859$ & $0.0101044$ & $0.0473665$ & $0.0705891$ & $0.0116846$ & $0.112822$ & $0.025156$ & $0.0803017$ & $-0.0304682$ & $-0.0302878$ & $0.0141046$ & $0.00201164$ & $-0.0183217$ & $-0.050893$ \\
Mz & $0.0278971$ & $0.0263392$ & $-0.0161628$ & $-0.0291986$ & $1$ & $0.0191412$ & $-0.00219941$ & $0.0188042$ & $0.0140917$ & $-0.0202194$ & $0.00134258$ & $-0.0146768$ & $0.00945449$ & $-0.0118123$ & $0.00527323$ & $-0.00768211$ & $-0.031943$ & $-0.0294862$ & $-0.0217767$ & $0.00487585$ & $0.00942893$ & $0.00895138$ & $0.0224388$ & $-0.0263266$ & $-0.0227513$ & $-0.0158784$ & $0.0197829$ & $0.0106221$ & $-0.0283003$ & $-0.01126$ & $0.0113259$ & $-0.00170362$ & $-0.014113$ & $0.00674403$ & $0.0129601$ & $-0.00885891$ & $0.00975454$ & $-0.000376243$ & $-0.0112984$ & $0.000481714$ & $-0.00188342$ & $0.0120236$ & $0.0270591$ & $0.0418303$ & $-0.00926464$ & $-0.0247951$ & $0.0452603$ & $-0.00687397$ & $-0.00822856$ \\
CW & $0.0214639$ & $0.0215026$ & $-0.000589651$ & $0.0236248$ & $0.0191412$ & $1$ & $0.00370668$ & $-0.141245$ & $-0.133548$ & $0.0452418$ & $0.190066$ & $0.0734513$ & $-0.0134239$ & $0.0402715$ & $-0.0616107$ & $-0.0829652$ & $-0.238837$ & $-0.0362894$ & $-0.0210755$ & $-0.185296$ & $-0.195096$ & $-0.194083$ & $-0.0210522$ & $0.0289231$ & $-0.0613621$ & $0.112328$ & $-0.0848431$ & $-0.0659419$ & $-0.00943306$ & $-0.0346633$ & $0.00367314$ & $-7.64422e-05$ & $-0.0283237$ & $-0.147667$ & $0.025211$ & $-0.0194766$ & $-0.0351843$ & $-0.0133155$ & $0.0275323$ & $-0.0081078$ & $-0.0191514$ & $0.00649515$ & $0.0215774$ & $-0.0263732$ & $-0.0220225$ & $-0.0487383$ & $0.0407438$ & $-0.0611864$ & $-0.00736171$ \\
CHG & $-0.00378624$ & $-0.0362097$ & $-0.0265641$ & $0.0307663$ & $-0.00219941$ & $0.00370668$ & $1$ & $-0.106565$ & $-0.0549701$ & $0.0683932$ & $0.0577705$ & $0.100383$ & $-0.326692$ & $0.0532319$ & $-0.0196322$ & $-0.0311299$ & $0.111591$ & $0.105203$ & $0.116525$ & $-0.055828$ & $-0.0604814$ & $-0.0601492$ & $-0.00920482$ & $0.111114$ & $0.121816$ & $0.0464528$ & $-0.0236955$ & $-0.00245423$ & $0.00444587$ & $-0.149628$ & $-0.0633367$ & $0.932159$ & $-0.168981$ & $-0.0669846$ & $-0.0247189$ & $-0.0321712$ & $0.00260323$ & $0.0297182$ & $-0.0399733$ & $-0.03177$ & $-0.0117734$ & $-0.0254926$ & $0.00202289$ & $0.020152$ & $-0.0495626$ & $-0.0233227$ & $-0.0283799$ & $-0.0355975$ & $-0.0153609$ \\
CHWB & $-0.021869$ & $-0.0740672$ & $0.00891893$ & $-0.0341862$ & $0.0188042$ & $-0.141245$ & $-0.106565$ & $1$ & $0.98362$ & $-0.581715$ & $-0.880069$ & $-0.396494$ & $0.358398$ & $0.0685632$ & $0.317435$ & $0.319655$ & $-0.269135$ & $-0.465684$ & $-0.462926$ & $0.852543$ & $0.896276$ & $0.878663$ & $0.08304$ & $-0.679701$ & $-0.415743$ & $-0.518941$ & $0.412614$ & $0.287133$ & $0.00406039$ & $0.095308$ & $0.0743033$ & $-0.105551$ & $0.119005$ & $0.544611$ & $-0.0633968$ & $0.0123917$ & $0.0060521$ & $-0.0191489$ & $0.00862211$ & $0.0197818$ & $-0.00970124$ & $-0.00617377$ & $-0.0101692$ & $0.0467057$ & $0.0137605$ & $-0.00263497$ & $-0.0157064$ & $0.0335307$ & $0.0224966$ \\
CHWHB_gaga & $-0.025175$ & $-0.0780878$ & $0.0121407$ & $-0.0241386$ & $0.0140917$ & $-0.133548$ & $-0.0549701$ & $0.98362$ & $1$ & $-0.572772$ & $-0.86275$ & $-0.372149$ & $0.350585$ & $0.060405$ & $0.315899$ & $0.311733$ & $-0.268913$ & $-0.465578$ & $-0.458247$ & $0.836125$ & $0.878864$ & $0.861448$ & $0.0795862$ & $-0.671125$ & $-0.413676$ & $-0.50934$ & $0.403819$ & $0.278292$ & $0.00646503$ & $0.108665$ & $0.0807024$ & $-0.0613902$ & $0.14205$ & $0.53294$ & $-0.0719702$ & $0.00718616$ & $-0.00531317$ & $-0.0158921$ & $0.00413946$ & $0.015325$ & $-0.00848295$ & $-0.0110453$ & $0.052273$ & $0.0477992$ & $-0.00154186$ & $-0.0183455$ & $-0.0191027$ & $0.028399$ & $0.0264922$ \\
CHWHB_gagaorth & $-0.00738221$ & $0.00989676$ & $-0.0584061$ & $0.0166246$ & $-0.0202194$ & $0.0452418$ & $0.0683932$ & $-0.581715$ & $-0.572772$ & $1$ & $0.367159$ & $0.687651$ & $-0.263619$ & $0.249291$ & $-0.139996$ & $-0.156998$ & $0.443205$ & $0.502522$ & $0.50748$ & $-0.354199$ & $-0.383586$ & $-0.382433$ & $-0.0553615$ & $0.562981$ & $0.49234$ & $0.22794$ & $-0.223104$ & $-0.136475$ & $-0.0244603$ & $-0.137565$ & $-0.0957809$ & $0.0895717$ & $-0.180331$ & $-0.353747$ & $0.0879616$ & $0.0229081$ & $-0.00101655$ & $0.0153211$ & $0.0128087$ & $-0.0181725$ & $-0.0399661$ & $-0.0174639$ & $0.0199534$ & $-0.0322072$ & $0.00974916$ & $0.000449876$ & $-0.0184891$ & $-0.0248664$ & $-0.0493483$ \\
CHD & $0.0308433$ & $0.0545116$ & $-0.00108683$ & $0.0155028$ & $0.00134258$ & $0.190066$ & $0.0577705$ & $-0.880069$ & $-0.86275$ & $0.367159$ & $1$ & $0.353633$ & $-0.177881$ & $-0.487035$ & $-0.434302$ & $-0.430837$ & $-0.182652$ & $0.106379$ & $0.101709$ & $-0.990017$ & $-0.990727$ & $-0.968991$ & $-0.0307768$ & $0.319991$ & $0.0412564$ & $0.569824$ & $-0.289714$ & $-0.307539$ & $-0.00212686$ & $-0.0492992$ & $-0.0618263$ & $0.0675824$ & $-0.073826$ & $-0.347944$ & $0.0640688$ & $-0.00962616$ & $-0.00660099$ & $0.0135412$ & $-0.0161862$ & $-0.0107783$ & $0.0302482$ & $0.00799602$ & $0.00835164$ & $-0.0360795$ & $-0.0310454$ & $-0.00204958$ & $-0.00218829$ & $-0.0405775$ & $-0.0256907$ \\
CHbox & $-0.00051208$ & $0.0144116$ & $-0.0556722$ & $0.0221035$ & $-0.0146768$ & $0.0734513$ & $0.100383$ & $-0.396494$ & $-0.372149$ & $0.687651$ & $0.353633$ & $1$ & $-0.346606$ & $-0.0518163$ & $-0.067008$ & $-0.0889991$ & $0.0844483$ & $0.137008$ & $0.148441$ & $-0.329551$ & $-0.368166$ & $-0.365012$ & $-0.0595139$ & $0.275904$ & $0.139709$ & $0.218526$ & $-0.203032$ & $-0.122982$ & $0.0028481$ & $0.0879628$ & $-0.0403164$ & $0.171431$ & $0.0522025$ & $-0.269985$ & $0.134413$ & $0.0241434$ & $-0.0141263$ & $0.0191578$ & $-0.0051759$ & $-0.0362859$ & $-0.000625448$ & $-0.0110641$ & $0.0238811$ & $-0.0456367$ & $0.00051893$ & $0.000977701$ & $-0.0228715$ & $-0.0370337$ & $-0.0430945$ \\
CH & $-0.00615702$ & $-0.0239871$ & $0.0181352$ & $-0.0420563$ & $0.00945449$ & $-0.0134239$ & $-0.326692$ & $0.358398$ & $0.350585$ & $-0.263619$ & $-0.177881$ & $-0.346606$ & $1$ & $-0.246777$ & $0.0585341$ & $0.097324$ & $-0.37546$ & $-0.376209$ & $-0.403702$ & $0.17441$ & $0.188952$ & $0.188691$ & $0.0420696$ & $-0.400909$ & $-0.391573$ & $-0.112762$ & $0.124606$ & $0.0500155$ & $0.0262053$ & $0.25807$ & $0.114519$ & $-0.277897$ & $0.31248$ & $0.235483$ & $-0.00109516$ & $0.0304596$ & $0.0067015$ & $-0.0203248$ & $0.0155137$ & $0.0323083$ & $0.00585253$ & $0.00035069$ & $-0.00550421$ & $0.0202845$ & $-0.0107119$ & $0.00592371$ & $-0.019813$ & $0.0242813$ & $-0.0163941$ \\
CHL1_11 & $-0.0411057$ & $0.00609067$ & $-0.0178239$ & $0.016963$ & $-0.0118123$ & $0.0402715$ & $0.0532319$ & $0.0685632$ & $0.060405$ & $0.249291$ & $-0.487035$ & $-0.0518163$ & $-0.246777$ & $1$ & $0.256373$ & $0.242773$ & $0.654158$ & $0.591717$ & $0.596581$ & $0.503391$ & $0.448683$ & $0.431562$ & $-0.0610735$ & $0.482874$ & $0.608753$ & $-0.258016$ & $-0.0853926$ & $0.119249$ & $-0.00557442$ & $-0.0762222$ & $-0.00543027$ & $0.02616$ & $-0.0769598$ & $-0.236146$ & $-0.0313302$ & $0.00974932$ & $0.0119171$ & $-0.00137556$ & $0.0250817$ & $-0.0162165$ & $-0.0538459$ & $-0.00793979$ & $-0.00507475$ & $-0.0212142$ & $0.0500129$ & $0.00148907$ & $0.0201315$ & $0.00949225$ & $0.001454$ \\
CHL1_22 & $-0.0407161$ & $-0.032763$ & $0.0277267$ & $-0.00752374$ & $0.00527323$ & $-0.0616107$ & $-0.0196322$ & $0.317435$ & $0.315899$ & $-0.139996$ & $-0.434302$ & $-0.067008$ & $0.0585341$ & $0.256373$ & $1$ & $0.468919$ & $0.139281$ & $-0.475827$ & $-0.0690741$ & $0.500472$ & $0.348672$ & $0.340747$ & $-0.179883$ & $0.0916694$ & $-0.167174$ & $-0.199882$ & $-0.402254$ & $0.0816132$ & $0.0148361$ & $0.0133678$ & $0.0280138$ & $-0.0231398$ & $0.0335309$ & $-0.593261$ & $-0.00447206$ & $0.0401586$ & $-0.0231316$ & $-0.00025431$ & $-0.0139958$ & $-0.0124983$ & $-0.0110649$ & $-0.0111444$ & $0.017804$ & $0.0140292$ & $0.0822922$ & $0.014615$ & $0.0149306$ & $-0.00659859$ & $0.0429309$ \\
CHL1_33 & $-0.00967747$ & $-0.00818265$ & $0.0500307$ & $0.0196524$ & $-0.00768211$ & $-0.0829652$ & $-0.0311299$ & $0.319655$ & $0.311733$ & $-0.156998$ & $-0.430837$ & $-0.0889991$ & $0.097324$ & $0.242773$ & $0.468919$ & $1$ & $0.124458$ & $-0.0786939$ & $-0.462365$ & $0.498105$ & $0.348464$ & $0.369804$ & $-0.189725$ & $0.0796001$ & $-0.155062$ & $-0.184715$ & $-0.366236$ & $0.0595227$ & $0.0027806$ & $0.0455404$ & $0.0447769$ & $-0.0151507$ & $0.0726119$ & $-0.109997$ & $0.023101$ & $-0.0078455$ & $-0.048356$ & $-0.0227754$ & $-0.0195897$ & $-0.00604143$ & $-0.00133927$ & $0.00937275$ & $0.0223286$ & $0.0357436$ & $0.00932308$ & $0.00364559$ & $0.00719909$ & $-0.0154569$ & $0.0279672$ \\
CHL3_11 & $-0.0205997$ & $0.0165008$ & $0.0032602$ & $0.0395348$ & $-0.031943$ & $-0.238837$ & $0.111591$ & $-0.269135$ & $-0.268913$ & $0.443205$ & $-0.182652$ & $0.0844483$ & $-0.37546$ & $0.654158$ & $0.139281$ & $0.124458$ & $1$ & $0.730271$ & $0.738751$ & $0.201307$ & $0.152233$ & $0.145999$ & $-0.0688309$ & $0.680775$ & $0.77154$ & $-0.0782248$ & $-0.155488$ & $0.0414663$ & $-0.0062078$ & $-0.0897967$ & $-0.0285482$ & $0.0912895$ & $-0.0860121$ & $-0.26296$ & $-0.00177834$ & $-0.0154897$ & $-0.000178667$ & $0.0199135$ & $0.0162828$ & $-0.0110165$ & $-0.0251558$ & $0.00218974$ & $0.00988642$ & $-0.00768298$ & $0.0148335$ & $0.0121195$ & $0.0408228$ & $0.0242171$ & $0.0101953$ \\
CHL3_22 & $0.00110615$ & $0.0387517$ & $-0.021125$ & $0.0393156$ & $-0.0294862$ & $-0.0362894$ & $0.105203$ & $-0.465684$ & $-0.465578$ & $0.502522$ & $0.106379$ & $0.137008$ & $-0.376209$ & $0.591717$ & $-0.475827$ & $-0.0786939$ & $0.730271$ & $1$ & $0.68902$ & $-0.112898$ & $-0.0971921$ & $-0.0958471$ & $0.016807$ & $0.622541$ & $0.802067$ & $0.0612872$ & $0.0163611$ & $-0.0311859$ & $-0.0119961$ & $-0.0935485$ & $-0.0417865$ & $0.0889716$ & $-0.106137$ & $0.029899$ & $0.0037949$ & $-0.0306482$ & $0.0126774$ & $0.00974047$ & $0.0236939$ & $-0.0127347$ & $-0.0252364$ & $0.00690972$ & $-0.00609447$ & $-0.0271349$ & $-0.0250428$ & $0.000696369$ & $0.0202396$ & $0.0140635$ & $-0.0219297$ \\
CHL3_33 & $-0.0172026$ & $0.0176797$ & $-0.0381218$ & $0.0217702$ & $-0.0217767$ & $-0.0210755$ & $0.116525$ & $-0.462926$ & $-0.458247$ & $0.50748$ & $0.101709$ & $0.148441$ & $-0.403702$ & $0.596581$ & $-0.0690741$ & $-0.462365$ & $0.738751$ & $0.68902$ & $1$ & $-0.10936$ & $-0.0936888$ & $-0.0936416$ & $0.0272405$ & $0.62758$ & $0.793007$ & $0.04876$ & $-0.00132924$ & $-0.0141361$ & $-0.00194382$ & $-0.114934$ & $-0.052613$ & $0.0858291$ & $-0.133985$ & $-0.338219$ & $-0.0180956$ & $0.00643924$ & $0.0314913$ & $0.0263776$ & $0.0296391$ & $-0.00543602$ & $-0.0369552$ & $-0.00613157$ & $-0.00225198$ & $-0.0423127$ & $0.0316912$ & $0.0117785$ & $0.0312381$ & $0.0196793$ & $-0.00991429$ \\
CHe_11 & $-0.0441546$ & $-0.0298694$ & $0.0170881$ & $-0.0138439$ & $0.00487585$ & $-0.185296$ & $-0.055828$ & $0.852543$ & $0.836125$ & $-0.354199$ & $-0.990017$ & $-0.329551$ & $0.17441$ & $0.503391$ & $0.500472$ & $0.498105$ & $0.201307$ & $-0.112898$ & $-0.10936$ & $1$ & $0.971714$ & $0.950665$ & $0.00312199$ & $-0.266584$ & $-0.0401241$ & $-0.557896$ & $0.212085$ & $0.297025$ & $0.00343345$ & $0.0502491$ & $0.0636832$ & $-0.063595$ & $0.0766505$ & $0.267801$ & $-0.0574706$ & $0.00969068$ & $0.00149287$ & $-0.014361$ & $0.0123394$ & $0.00798369$ & $-0.0290318$ & $-0.00902618$ & $-0.00699734$ & $0.0349512$ & $0.0385283$ & $0.00157204$ & $0.00831815$ & $0.0399476$ & $0.0281697$ \\
CHe_22 & $-0.03849$ & $-0.030492$ & $0.0103563$ & $-0.0172803$ & $0.00942893$ & $-0.195096$ & $-0.0604814$ & $0.896276$ & $0.878864$ & $-0.383586$ & $-0.990727$ & $-0.368166$ & $0.188952$ & $0.448683$ & $0.348672$ & $0.348464$ & $0.152233$ & $-0.0971921$ & $-0.0936888$ & $0.971714$ & $1$ & $0.973549$ & $0.0635672$ & $-0.374882$ & $-0.0435413$ & $-0.575551$ & $0.371139$ & $0.315858$ & $-0.000444744$ & $0.0508477$ & $0.0621398$ & $-0.0709285$ & $0.0734004$ & $0.437058$ & $-0.068715$ & $0.00609674$ & $0.0119489$ & $-0.0129838$ & $0.0176438$ & $0.0156292$ & $-0.0269646$ & $-0.00754634$ & $-0.00833672$ & $0.0351344$ & $0.0268689$ & $-0.00292872$ & $0.00499783$ & $0.0456721$ & $0.0193718$ \\
CHe_33 & $-0.0335007$ & $-0.0375274$ & $0.00262327$ & $-0.0165382$ & $0.00895138$ & $-0.194083$ & $-0.0601492$ & $0.878663$ & $0.861448$ & $-0.382433$ & $-0.968991$ & $-0.365012$ & $0.188691$ & $0.431562$ & $0.340747$ & $0.369804$ & $0.145999$ & $-0.0958471$ & $-0.0936416$ & $0.950665$ & $0.973549$ & $1$ & $0.0599054$ & $-0.368446$ & $-0.045273$ & $-0.560675$ & $0.363488$ & $0.306407$ & $0.00257234$ & $0.052367$ & $0.0654909$ & $-0.0702117$ & $0.0745779$ & $0.433063$ & $-0.068519$ & $0.00773007$ & $0.0122726$ & $-0.0139112$ & $0.0176345$ & $0.0194765$ & $-0.0264784$ & $-0.00307077$ & $0.00228949$ & $0.036065$ & $0.0245946$ & $0.000975214$ & $0.00597565$ & $0.0410596$ & $0.0234614$ \\
CHQ1_11 & $-0.00301718$ & $0.0131052$ & $-0.00679315$ & $0.0203883$ & $0.0224388$ & $-0.0210522$ & $-0.00920482$ & $0.08304$ & $0.0795862$ & $-0.0553615$ & $-0.0307768$ & $-0.0595139$ & $0.0420696$ & $-0.0610735$ & $-0.179883$ & $-0.189725$ & $-0.0688309$ & $0.016807$ & $0.0272405$ & $0.00312199$ & $0.0635672$ & $0.0599054$ & $1$ & $-0.143792$ & $0.0833765$ & $-0.69051$ & $0.363157$ & $0.0335494$ & $0.00793777$ & $-0.0048659$ & $0.0100911$ & $-0.01568$ & $0.00326225$ & $0.222774$ & $-0.0456504$ & $-0.00769103$ & $0.00418378$ & $-0.00776475$ & $0.00386878$ & $-0.0263861$ & $-0.0205694$ & $-0.00103116$ & $0.00141073$ & $0.0712063$ & $-0.0384586$ & $0.0090482$ & $0.0330492$ & $0.0251565$ & $-0.00575791$ \\
CHQ1_33 & $-0.0475385$ & $0.0330981$ & $0.00639307$ & $0.0255919$ & $-0.0263266$ & $0.0289231$ & $0.111114$ & $-0.679701$ & $-0.671125$ & $0.562981$ & $0.319991$ & $0.275904$ & $-0.400909$ & $0.482874$ & $0.0916694$ & $0.0796001$ & $0.680775$ & $0.622541$ & $0.62758$ & $-0.266584$ & $-0.374882$ & $-0.368446$ & $-0.143792$ & $1$ & $0.643771$ & $0.228446$ & $-0.407502$ & $-0.0427915$ & $0.0069256$ & $-0.097654$ & $-0.061438$ & $0.0990768$ & $-0.112793$ & $-0.634624$ & $0.0258842$ & $0.00942793$ & $-0.0104786$ & $0.0142247$ & $0.00792334$ & $-0.0288058$ & $-0.0235594$ & $-0.00382532$ & $0.0141285$ & $-0.0473786$ & $0.0197544$ & $0.00202909$ & $0.0167411$ & $-0.0308725$ & $0.00121695$ \\
CHQ3_11 & $-0.122539$ & $0.0309579$ & $-0.0155174$ & $0.0219837$ & $-0.0227513$ & $-0.0613621$ & $0.121816$ & $-0.415743$ & $-0.413676$ & $0.49234$ & $0.0412564$ & $0.139709$ & $-0.391573$ & $0.608753$ & $-0.167174$ & $-0.155062$ & $0.77154$ & $0.802067$ & $0.793007$ & $-0.0401241$ & $-0.0435413$ & $-0.045273$ & $0.0833765$ & $0.643771$ & $1$ & $0.0365377$ & $0.224709$ & $-0.0164405$ & $-0.0171678$ & $-0.112379$ & $-0.0551491$ & $0.0963506$ & $-0.12628$ & $-0.189652$ & $-0.0221688$ & $-0.0100137$ & $0.0184466$ & $0.0327199$ & $0.0365722$ & $-0.0131686$ & $-0.0273447$ & $0.013354$ & $0.00457768$ & $-0.0464214$ & $0.02532$ & $-0.00552445$ & $0.0110937$ & $0.00187421$ & $-0.012567$ \\
CHu_11 & $0.013551$ & $0.000394811$ & $0.000336941$ & $-0.0124205$ & $-0.0158784$ & $0.112328$ & $0.0464528$ & $-0.518941$ & $-0.50934$ & $0.22794$ & $0.569824$ & $0.218526$ & $-0.112762$ & $-0.258016$ & $-0.199882$ & $-0.184715$ & $-0.0782248$ & $0.0612872$ & $0.04876$ & $-0.557896$ & $-0.575551$ & $-0.560675$ & $-0.69051$ & $0.228446$ & $0.0365377$ & $1$ & $-0.18751$ & $-0.184827$ & $-0.000952622$ & $-0.0241987$ & $-0.0505889$ & $0.0534693$ & $-0.0405402$ & $-0.254634$ & $0.0555904$ & $-0.00666858$ & $0.00339118$ & $0.0222506$ & $0.000298758$ & $0.0162986$ & $0.0268632$ & $0.00789188$ & $0.00123687$ & $-0.0740081$ & $-0.00370881$ & $-0.0131995$ & $-0.0423157$ & $-0.0319149$ & $-0.00871486$ \\
CHd_11 & $-0.0175952$ & $-0.00998625$ & $-0.0248319$ & $-0.0352818$ & $0.0197829$ & $-0.0848431$ & $-0.0236955$ & $0.412614$ & $0.403819$ & $-0.223104$ & $-0.289714$ & $-0.203032$ & $0.124606$ & $-0.0853926$ & $-0.402254$ & $-0.366236$ & $-0.155488$ & $0.0163611$ & $-0.00132924$ & $0.212085$ & $0.371139$ & $0.363488$ & $0.363157$ & $-0.407502$ & $0.224709$ & $-0.18751$ & $1$ & $0.142168$ & $-0.00839996$ & $0.0231454$ & $0.00258904$ & $-0.0346295$ & $0.0195032$ & $0.688368$ & $-0.0688526$ & $-0.0274514$ & $0.0315374$ & $0.0173278$ & $0.0329367$ & $0.0223123$ & $-0.0181836$ & $0.0102669$ & $-0.0132532$ & $0.00218012$ & $-0.00954555$ & $-0.0336299$ & $-0.0295224$ & $0.016279$ & $-0.00477335$ \\
CHd_33 & $0.0599438$ & $-0.00494559$ & $0.00255869$ & $0.0141866$ & $0.0106221$ & $-0.0659419$ & $-0.00245423$ & $0.287133$ & $0.278292$ & $-0.136475$ & $-0.307539$ & $-0.122982$ & $0.0500155$ & $0.119249$ & $0.0816132$ & $0.0595227$ & $0.0414663$ & $-0.0311859$ & $-0.0141361$ & $0.297025$ & $0.315858$ & $0.306407$ & $0.0335494$ & $-0.0427915$ & $-0.0164405$ & $-0.184827$ & $0.142168$ & $1$ & $0.0162433$ & $0.012118$ & $0.0219541$ & $-0.00912801$ & $0.0171985$ & $0.169711$ & $-0.0404254$ & $-0.0210428$ & $-0.0164329$ & $0.00043241$ & $0.0519902$ & $0.0203716$ & $-0.0122432$ & $-0.0148983$ & $-0.018007$ & $-0.0340779$ & $-0.00669108$ & $-0.00991787$ & $0.00739554$ & $0.0205541$ & $-0.00352442$ \\
CeH_22r & $0.0455409$ & $-0.0462543$ & $-0.0304246$ & $-0.0207005$ & $-0.0283003$ & $-0.00943306$ & $0.00444587$ & $0.00406039$ & $0.00646503$ & $-0.0244603$ & $-0.00212686$ & $0.0028481$ & $0.0262053$ & $-0.00557442$ & $0.0148361$ & $0.0027806$ & $-0.0062078$ & $-0.0119961$ & $-0.00194382$ & $0.00343345$ & $-0.000444744$ & $0.00257234$ & $0.00793777$ & $0.0069256$ & $-0.0171678$ & $-0.000952622$ & $-0.00839996$ & $0.0162433$ & $1$ & $0.0488828$ & $0.0393585$ & $-0.00381613$ & $0.0497487$ & $-0.0113168$ & $-0.0246524$ & $-0.0319919$ & $-0.0365457$ & $-0.00433146$ & $-0.00226483$ & $0.0123005$ & $-0.00622417$ & $-0.0260681$ & $0.0257109$ & $-0.00174908$ & $0.00268367$ & $-0.00969008$ & $0.0259106$ & $-0.00570779$ & $0.00773898$ \\
CeH_33r & $0.0143279$ & $0.00827876$ & $0.0573682$ & $-0.0109785$ & $-0.01126$ & $-0.0346633$ & $-0.149628$ & $0.095308$ & $0.108665$ & $-0.137565$ & $-0.0492992$ & $0.0879628$ & $0.25807$ & $-0.0762222$ & $0.0133678$ & $0.0455404$ & $-0.0897967$ & $-0.0935485$ & $-0.114934$ & $0.0502491$ & $0.0508477$ & $0.052367$ & $-0.0048659$ & $-0.097654$ & $-0.112379$ & $-0.0241987$ & $0.0231454$ & $0.012118$ & $0.0488828$ & $1$ & $0.304022$ & $5.07531e-05$ & $0.657765$ & $0.0716167$ & $-0.0523153$ & $-0.0302881$ & $-0.141479$ & $-0.0160234$ & $0.0239116$ & $0.00410773$ & $0.0424137$ & $0.00138662$ & $-0.0241427$ & $-0.012775$ & $0.118787$ & $0.00892595$ & $0.0057815$ & $0.0193172$ & $0.0175659$ \\
CuH_22r & $0.0217216$ & $0.0226998$ & $0.0578966$ & $-0.00795921$ & $0.0113259$ & $0.00367314$ & $-0.0633367$ & $0.0743033$ & $0.0807024$ & $-0.0957809$ & $-0.0618263$ & $-0.0403164$ & $0.114519$ & $-0.00543027$ & $0.0280138$ & $0.0447769$ & $-0.0285482$ & $-0.0417865$ & $-0.052613$ & $0.0636832$ & $0.0621398$ & $0.0654909$ & $0.0100911$ & $-0.061438$ & $-0.0551491$ & $-0.0505889$ & $0.00258904$ & $0.0219541$ & $0.0393585$ & $0.304022$ & $1$ & $0.0316844$ & $0.333481$ & $0.0396576$ & $0.0251413$ & $-0.0316554$ & $-0.115184$ & $-0.0195472$ & $0.0474356$ & $-0.0251708$ & $0.0707861$ & $0.00341005$ & $-0.0133314$ & $0.0510894$ & $0.0313187$ & $0.106219$ & $0.334019$ & $0.00673835$ & $-0.00611078$ \\
CuH_33r & $0.000259151$ & $-0.0344522$ & $-0.0147058$ & $0.0245295$ & $-0.00170362$ & $-7.64422e-05$ & $0.932159$ & $-0.105551$ & $-0.0613902$ & $0.0895717$ & $0.0675824$ & $0.171431$ & $-0.277897$ & $0.02616$ & $-0.0231398$ & $-0.0151507$ & $0.0912895$ & $0.0889716$ & $0.0858291$ & $-0.063595$ & $-0.0709285$ & $-0.0702117$ & $-0.01568$ & $0.0990768$ & $0.0963506$ & $0.0534693$ & $-0.0346295$ & $-0.00912801$ & $-0.00381613$ & $5.07531e-05$ & $0.0316844$ & $1$ & $0.0078987$ & $-0.0612181$ & $0.0578825$ & $-0.00870099$ & $-0.0302512$ & $0.0277893$ & $-0.0205421$ & $-0.0282205$ & $0.00221285$ & $-0.00915356$ & $0.0145643$ & $0.0348891$ & $-0.0508437$ & $-0.00647063$ & $-0.0149532$ & $-0.0367711$ & $-0.014626$ \\
CdH_33r & $0.0609642$ & $-0.0299409$ & $0.10572$ & $-0.0283316$ & $-0.014113$ & $-0.0283237$ & $-0.168981$ & $0.119005$ & $0.14205$ & $-0.180331$ & $-0.073826$ & $0.0522025$ & $0.31248$ & $-0.0769598$ & $0.0335309$ & $0.0726119$ & $-0.0860121$ & $-0.106137$ & $-0.133985$ & $0.0766505$ & $0.0734004$ & $0.0745779$ & $0.00326225$ & $-0.112793$ & $-0.12628$ & $-0.0405402$ & $0.0195032$ & $0.0171985$ & $0.0497487$ & $0.657765$ & $0.333481$ & $0.0078987$ & $1$ & $0.0734919$ & $-0.102121$ & $-0.0758909$ & $-0.197397$ & $-0.011813$ & $0.00461159$ & $0.0268513$ & $0.0581473$ & $0.00689033$ & $0.0254665$ & $0.0192015$ & $0.0233113$ & $0.0771014$ & $0.0216979$ & $0.161203$ & $0.459751$ \\
CLL_1221 & $0.0167146$ & $0.0224774$ & $-0.000486556$ & $-0.0149337$ & $0.00674403$ & $-0.147667$ & $-0.0669846$ & $0.544611$ & $0.53294$ & $-0.353747$ & $-0.347944$ & $-0.269985$ & $0.235483$ & $-0.236146$ & $-0.593261$ & $-0.109997$ & $-0.26296$ & $0.029899$ & $-0.338219$ & $0.267801$ & $0.437058$ & $0.433063$ & $0.222774$ & $-0.634624$ & $-0.189652$ & $-0.254634$ & $0.688368$ & $0.169711$ & $-0.0113168$ & $0.0716167$ & $0.0396576$ & $-0.0612181$ & $0.0734919$ & $1$ & $-0.0420518$ & $-0.0386835$ & $0.023071$ & $-0.0130467$ & $0.0145175$ & $0.029918$ & $0.00804024$ & $0.00862679$ & $-0.0173803$ & $0.0307561$ & $-0.0638445$ & $-0.0195062$ & $-0.0167046$ & $0.0364642$ & $-0.0179109$ \\
eHggint & $0.0785648$ & $0.0443603$ & $-0.0307$ & $-0.00317577$ & $0.0129601$ & $0.025211$ & $-0.0247189$ & $-0.0633968$ & $-0.0719702$ & $0.0879616$ & $0.0640688$ & $0.134413$ & $-0.00109516$ & $-0.0313302$ & $-0.00447206$ & $0.023101$ & $-0.00177834$ & $0.0037949$ & $-0.0180956$ & $-0.0574706$ & $-0.068715$ & $-0.068519$ & $-0.0456504$ & $0.0258842$ & $-0.0221688$ & $0.0555904$ & $-0.0688526$ & $-0.0404254$ & $-0.0246524$ & $-0.0523153$ & $0.0251413$ & $0.0578825$ & $-0.102121$ & $-0.0420518$ & $1$ & $-0.128302$ & $0.018411$ & $-0.0181827$ & $0.0865828$ & $-0.000215775$ & $0.00268892$ & $0.0265327$ & $0.0731091$ & $0.0192835$ & $-0.079376$ & $-0.0250094$ & $0.0576301$ & $-0.105137$ & $-0.0807237$ \\
eHggpar & $-0.17279$ & $-0.118328$ & $-0.0647728$ & $-0.0853859$ & $-0.00885891$ & $-0.0194766$ & $-0.0321712$ & $0.0123917$ & $0.00718616$ & $0.0229081$ & $-0.00962616$ & $0.0241434$ & $0.0304596$ & $0.00974932$ & $0.0401586$ & $-0.0078455$ & $-0.0154897$ & $-0.0306482$ & $0.00643924$ & $0.00969068$ & $0.00609674$ & $0.00773007$ & $-0.00769103$ & $0.00942793$ & $-0.0100137$ & $-0.00666858$ & $-0.0274514$ & $-0.0210428$ & $-0.0319919$ & $-0.0302881$ & $-0.0316554$ & $-0.00870099$ & $-0.0758909$ & $-0.0386835$ & $-0.128302$ & $1$ & $0.0613587$ & $0.0291441$ & $-0.0948581$ & $-0.0597579$ & $-0.0462585$ & $0.028943$ & $0.0705616$ & $-0.0939727$ & $-0.0215721$ & $0.084338$ & $0.015193$ & $-0.0370917$ & $-0.0935988$ \\
eHWWint & $-0.0907521$ & $0.0261551$ & $-0.176796$ & $0.0101044$ & $0.00975454$ & $-0.0351843$ & $0.00260323$ & $0.0060521$ & $-0.00531317$ & $-0.00101655$ & $-0.00660099$ & $-0.0141263$ & $0.0067015$ & $0.0119171$ & $-0.0231316$ & $-0.048356$ & $-0.000178667$ & $0.0126774$ & $0.0314913$ & $0.00149287$ & $0.0119489$ & $0.0122726$ & $0.00418378$ & $-0.0104786$ & $0.0184466$ & $0.00339118$ & $0.0315374$ & $-0.0164329$ & $-0.0365457$ & $-0.141479$ & $-0.115184$ & $-0.0302512$ & $-0.197397$ & $0.023071$ & $0.018411$ & $0.0613587$ & $1$ & $-0.0381263$ & $0.0662765$ & $0.0325913$ & $-0.0875653$ & $0.00945284$ & $0.0190728$ & $-0.036605$ & $0.00534948$ & $0.0708979$ & $-0.0547057$ & $0.209875$ & $-0.100249$ \\
eHWWpar & $9.77993e-05$ & $-0.0143249$ & $-0.0222596$ & $0.0473665$ & $-0.000376243$ & $-0.0133155$ & $0.0297182$ & $-0.0191489$ & $-0.0158921$ & $0.0153211$ & $0.0135412$ & $0.0191578$ & $-0.0203248$ & $-0.00137556$ & $-0.00025431$ & $-0.0227754$ & $0.0199135$ & $0.00974047$ & $0.0263776$ & $-0.014361$ & $-0.0129838$ & $-0.0139112$ & $-0.00776475$ & $0.0142247$ & $0.0327199$ & $0.0222506$ & $0.0173278$ & $0.00043241$ & $-0.00433146$ & $-0.0160234$ & $-0.0195472$ & $0.0277893$ & $-0.011813$ & $-0.0130467$ & $-0.0181827$ & $0.0291441$ & $-0.0381263$ & $1$ & $-0.0282706$ & $-0.032123$ & $0.00674239$ & $-0.0254441$ & $0.0227079$ & $0.00110049$ & $-0.0341774$ & $0.00303831$ & $0.00944393$ & $-0.0389019$ & $0.00447494$ \\
eHZZint & $-0.0595647$ & $-0.0283304$ & $0.114068$ & $0.0705891$ & $-0.0112984$ & $0.0275323$ & $-0.0399733$ & $0.00862211$ & $0.00413946$ & $0.0128087$ & $-0.0161862$ & $-0.0051759$ & $0.0155137$ & $0.0250817$ & $-0.0139958$ & $-0.0195897$ & $0.0162828$ & $0.0236939$ & $0.0296391$ & $0.0123394$ & $0.0176438$ & $0.0176345$ & $0.00386878$ & $0.00792334$ & $0.0365722$ & $0.000298758$ & $0.0329367$ & $0.0519902$ & $-0.00226483$ & $0.0239116$ & $0.0474356$ & $-0.0205421$ & $0.00461159$ & $0.0145175$ & $0.0865828$ & $-0.0948581$ & $0.0662765$ & $-0.0282706$ & $1$ & $0.019595$ & $-0.0282107$ & $-0.0203509$ & $-0.10206$ & $-0.0312737$ & $0.0863218$ & $0.0796701$ & $0.00490995$ & $0.103277$ & $-0.0262868$ \\
eHZZpar & $0.0182439$ & $0.0302988$ & $-0.0484412$ & $0.0116846$ & $0.000481714$ & $-0.0081078$ & $-0.03177$ & $0.0197818$ & $0.015325$ & $-0.0181725$ & $-0.0107783$ & $-0.0362859$ & $0.0323083$ & $-0.0162165$ & $-0.0124983$ & $-0.00604143$ & $-0.0110165$ & $-0.0127347$ & $-0.00543602$ & $0.00798369$ & $0.0156292$ & $0.0194765$ & $-0.0263861$ & $-0.0288058$ & $-0.0131686$ & $0.0162986$ & $0.0223123$ & $0.0203716$ & $0.0123005$ & $0.00410773$ & $-0.0251708$ & $-0.0282205$ & $0.0268513$ & $0.029918$ & $-0.000215775$ & $-0.0597579$ & $0.0325913$ & $-0.032123$ & $0.019595$ & $1$ & $-0.0195176$ & $0.0238873$ & $-0.0326896$ & $-0.0423241$ & $0.0747474$ & $0.0204755$ & $0.0222416$ & $0.0313669$ & $0.0355851$ \\
eHZgaint & $-0.0684984$ & $-0.0146033$ & $0.147075$ & $0.112822$ & $-0.00188342$ & $-0.0191514$ & $-0.0117734$ & $-0.00970124$ & $-0.00848295$ & $-0.0399661$ & $0.0302482$ & $-0.000625448$ & $0.00585253$ & $-0.0538459$ & $-0.0110649$ & $-0.00133927$ & $-0.0251558$ & $-0.0252364$ & $-0.0369552$ & $-0.0290318$ & $-0.0269646$ & $-0.0264784$ & $-0.0205694$ & $-0.0235594$ & $-0.0273447$ & $0.0268632$ & $-0.0181836$ & $-0.0122432$ & $-0.00622417$ & $0.0424137$ & $0.0707861$ & $0.00221285$ & $0.0581473$ & $0.00804024$ & $0.00268892$ & $-0.0462585$ & $-0.0875653$ & $0.00674239$ & $-0.0282107$ & $-0.0195176$ & $1$ & $0.0570441$ & $0.0104161$ & $-0.0810063$ & $-0.151419$ & $0.13391$ & $-0.0099517$ & $-0.100764$ & $0.0228571$ \\
eHZgapar & $-0.0194661$ & $-0.0114897$ & $-0.0483448$ & $0.025156$ & $0.0120236$ & $0.00649515$ & $-0.0254926$ & $-0.00617377$ & $-0.0110453$ & $-0.0174639$ & $0.00799602$ & $-0.0110641$ & $0.00035069$ & $-0.00793979$ & $-0.0111444$ & $0.00937275$ & $0.00218974$ & $0.00690972$ & $-0.00613157$ & $-0.00902618$ & $-0.00754634$ & $-0.00307077$ & $-0.00103116$ & $-0.00382532$ & $0.013354$ & $0.00789188$ & $0.0102669$ & $-0.0148983$ & $-0.0260681$ & $0.00138662$ & $0.00341005$ & $-0.00915356$ & $0.00689033$ & $0.00862679$ & $0.0265327$ & $0.028943$ & $0.00945284$ & $-0.0254441$ & $-0.0203509$ & $0.0238873$ & $0.0570441$ & $1$ & $-0.0485795$ & $-0.0292144$ & $0.00976431$ & $0.046251$ & $0.00551268$ & $0.0196581$ & $-0.022355$ \\
eHgagaint & $-0.0269977$ & $0.00190086$ & $-0.0219453$ & $0.0803017$ & $0.0270591$ & $0.0215774$ & $0.00202289$ & $-0.0101692$ & $0.052273$ & $0.0199534$ & $0.00835164$ & $0.0238811$ & $-0.00550421$ & $-0.00507475$ & $0.017804$ & $0.0223286$ & $0.00988642$ & $-0.00609447$ & $-0.00225198$ & $-0.00699734$ & $-0.00833672$ & $0.00228949$ & $0.00141073$ & $0.0141285$ & $0.00457768$ & $0.00123687$ & $-0.0132532$ & $-0.018007$ & $0.0257109$ & $-0.0241427$ & $-0.0133314$ & $0.0145643$ & $0.0254665$ & $-0.0173803$ & $0.0731091$ & $0.0705616$ & $0.0190728$ & $0.0227079$ & $-0.10206$ & $-0.0326896$ & $0.0104161$ & $-0.0485795$ & $1$ & $-0.0301241$ & $-0.156931$ & $-0.138401$ & $-0.00850499$ & $-0.0675697$ & $0.0535798$ \\
eHmumuint & $0.0856522$ & $-0.0807333$ & $0.040089$ & $-0.0304682$ & $0.0418303$ & $-0.0263732$ & $0.020152$ & $0.0467057$ & $0.0477992$ & $-0.0322072$ & $-0.0360795$ & $-0.0456367$ & $0.0202845$ & $-0.0212142$ & $0.0140292$ & $0.0357436$ & $-0.00768298$ & $-0.0271349$ & $-0.0423127$ & $0.0349512$ & $0.0351344$ & $0.036065$ & $0.0712063$ & $-0.0473786$ & $-0.0464214$ & $-0.0740081$ & $0.00218012$ & $-0.0340779$ & $-0.00174908$ & $-0.012775$ & $0.0510894$ & $0.0348891$ & $0.0192015$ & $0.0307561$ & $0.0192835$ & $-0.0939727$ & $-0.036605$ & $0.00110049$ & $-0.0312737$ & $-0.0423241$ & $-0.0810063$ & $-0.0292144$ & $-0.0301241$ & $1$ & $-0.0966882$ & $0.0368228$ & $0.0686219$ & $-0.132662$ & $0.0725287$ \\
eHtautauint & $0.00883901$ & $0.0470967$ & $0.0586604$ & $-0.0302878$ & $-0.00926464$ & $-0.0220225$ & $-0.0495626$ & $0.0137605$ & $-0.00154186$ & $0.00974916$ & $-0.0310454$ & $0.00051893$ & $-0.0107119$ & $0.0500129$ & $0.0822922$ & $0.00932308$ & $0.0148335$ & $-0.0250428$ & $0.0316912$ & $0.0385283$ & $0.0268689$ & $0.0245946$ & $-0.0384586$ & $0.0197544$ & $0.02532$ & $-0.00370881$ & $-0.00954555$ & $-0.00669108$ & $0.00268367$ & $0.118787$ & $0.0313187$ & $-0.0508437$ & $0.0233113$ & $-0.0638445$ & $-0.079376$ & $-0.0215721$ & $0.00534948$ & $-0.0341774$ & $0.0863218$ & $0.0747474$ & $-0.151419$ & $0.00976431$ & $-0.156931$ & $-0.0966882$ & $1$ & $-0.020845$ & $0.118103$ & $0.0928507$ & $0.0326016$ \\
eHccint & $-0.0458039$ & $-0.097243$ & $0.0270351$ & $0.0141046$ & $-0.0247951$ & $-0.0487383$ & $-0.0233227$ & $-0.00263497$ & $-0.0183455$ & $0.000449876$ & $-0.00204958$ & $0.000977701$ & $0.00592371$ & $0.00148907$ & $0.014615$ & $0.00364559$ & $0.0121195$ & $0.000696369$ & $0.0117785$ & $0.00157204$ & $-0.00292872$ & $0.000975214$ & $0.0090482$ & $0.00202909$ & $-0.00552445$ & $-0.0131995$ & $-0.0336299$ & $-0.00991787$ & $-0.00969008$ & $0.00892595$ & $0.106219$ & $-0.00647063$ & $0.0771014$ & $-0.0195062$ & $-0.0250094$ & $0.084338$ & $0.0708979$ & $0.00303831$ & $0.0796701$ & $0.0204755$ & $0.13391$ & $0.046251$ & $-0.138401$ & $0.0368228$ & $-0.020845$ & $1$ & $0.0745757$ & $0.0721162$ & $0.139791$ \\
eHccpar & $0.0529346$ & $0.101992$ & $0.0872193$ & $0.00201164$ & $0.0452603$ & $0.0407438$ & $-0.0283799$ & $-0.0157064$ & $-0.0191027$ & $-0.0184891$ & $-0.00218829$ & $-0.0228715$ & $-0.019813$ & $0.0201315$ & $0.0149306$ & $0.00719909$ & $0.0408228$ & $0.0202396$ & $0.0312381$ & $0.00831815$ & $0.00499783$ & $0.00597565$ & $0.0330492$ & $0.0167411$ & $0.0110937$ & $-0.0423157$ & $-0.0295224$ & $0.00739554$ & $0.0259106$ & $0.0057815$ & $0.334019$ & $-0.0149532$ & $0.0216979$ & $-0.0167046$ & $0.0576301$ & $0.015193$ & $-0.0547057$ & $0.00944393$ & $0.00490995$ & $0.0222416$ & $-0.0099517$ & $0.00551268$ & $-0.00850499$ & $0.0686219$ & $0.118103$ & $0.0745757$ & $1$ & $0.0334055$ & $0.0422211$ \\
eHbbint & $-0.00212198$ & $0.00234415$ & $0.0517861$ & $-0.0183217$ & $-0.00687397$ & $-0.0611864$ & $-0.0355975$ & $0.0335307$ & $0.028399$ & $-0.0248664$ & $-0.0405775$ & $-0.0370337$ & $0.0242813$ & $0.00949225$ & $-0.00659859$ & $-0.0154569$ & $0.0242171$ & $0.0140635$ & $0.0196793$ & $0.0399476$ & $0.0456721$ & $0.0410596$ & $0.0251565$ & $-0.0308725$ & $0.00187421$ & $-0.0319149$ & $0.016279$ & $0.0205541$ & $-0.00570779$ & $0.0193172$ & $0.00673835$ & $-0.0367711$ & $0.161203$ & $0.0364642$ & $-0.105137$ & $-0.0370917$ & $0.209875$ & $-0.0389019$ & $0.103277$ & $0.0313669$ & $-0.100764$ & $0.0196581$ & $-0.0675697$ & $-0.132662$ & $0.0928507$ & $0.0721162$ & $0.0334055$ & $1$ & $0.00129095$ \\
eHbbpar & $0.0802857$ & $-0.0694816$ & $0.0920108$ & $-0.050893$ & $-0.00822856$ & $-0.00736171$ & $-0.0153609$ & $0.0224966$ & $0.0264922$ & $-0.0493483$ & $-0.0256907$ & $-0.0430945$ & $-0.0163941$ & $0.001454$ & $0.0429309$ & $0.0279672$ & $0.0101953$ & $-0.0219297$ & $-0.00991429$ & $0.0281697$ & $0.0193718$ & $0.0234614$ & $-0.00575791$ & $0.00121695$ & $-0.012567$ & $-0.00871486$ & $-0.00477335$ & $-0.00352442$ & $0.00773898$ & $0.0175659$ & $-0.00611078$ & $-0.014626$ & $0.459751$ & $-0.0179109$ & $-0.0807237$ & $-0.0935988$ & $-0.100249$ & $0.00447494$ & $-0.0262868$ & $0.0355851$ & $0.0228571$ & $-0.022355$ & $0.0535798$ & $0.0725287$ & $0.0326016$ & $0.139791$ & $0.0422211$ & $0.00129095$ & $1$ \\
