 & AlsMz & dAle5Mz & mtop & mHl & Mz & CW & CHG & CHWB & CHWHB_gaga & CHWHB_gagaorth & CHD & CHbox & CH & CHL1_11 & CHL1_22 & CHL1_33 & CHL3_11 & CHL3_22 & CHL3_33 & CHe_11 & CHe_22 & CHe_33 & CHQ1_11 & CHQ1_33 & CHQ3_11 & CHu_11 & CHd_11 & CHd_33 & CeH_22r & CeH_33r & CuH_22r & CuH_33r & CdH_33r & CLL_1221 & eHggpar & eHWWpar & eHZZpar & eHZgapar & eHccpar & eHbbpar \\
AlsMz & $1$ & $-0.036969$ & $-0.0377037$ & $-0.019023$ & $0.0274125$ & $0.0113996$ & $0.00160891$ & $-0.00750578$ & $-0.00401419$ & $-0.00652081$ & $-0.00975495$ & $0.0059934$ & $0.00530909$ & $0.0194586$ & $0.00101769$ & $0.0035184$ & $0.00647762$ & $0.00971773$ & $0.0116416$ & $0.00012639$ & $-0.00585487$ & $-0.0130097$ & $-0.0092489$ & $-0.0200417$ & $-0.0524628$ & $0.00603538$ & $-0.00528379$ & $-0.000611872$ & $0.0111534$ & $0.0271901$ & $0.0404526$ & $0.00277983$ & $0.029423$ & $-0.0183424$ & $-0.0541436$ & $-0.0313215$ & $-0.0255896$ & $0.019645$ & $-0.0113356$ & $-0.027494$ \\
dAle5Mz & $-0.036969$ & $1$ & $-0.0399963$ & $0.0158114$ & $-0.023215$ & $0.0351342$ & $-0.0225237$ & $-0.240245$ & $-0.238145$ & $0.11987$ & $0.236919$ & $0.0867028$ & $0.0313346$ & $-0.0250719$ & $-0.0193484$ & $-0.0256002$ & $0.106651$ & $0.0614652$ & $0.0684295$ & $-0.200205$ & $-0.130356$ & $-0.11914$ & $0.00411958$ & $0.0735235$ & $0.0943282$ & $0.0367336$ & $-0.0295635$ & $-0.0211997$ & $0.0163001$ & $-0.0125593$ & $-0.0207074$ & $-0.00998877$ & $-0.00435497$ & $0.00901838$ & $-0.0100767$ & $0.00147589$ & $-0.00703179$ & $-0.0244385$ & $-0.0179035$ & $-0.00513156$ \\
mtop & $-0.0377037$ & $-0.0399963$ & $1$ & $0.0118265$ & $-0.0334663$ & $-0.0223182$ & $-0.00773606$ & $0.0524833$ & $0.0485716$ & $-0.0307039$ & $0.0678905$ & $-0.020407$ & $-0.0177619$ & $-0.00271596$ & $-0.0106466$ & $-0.015859$ & $-0.0232809$ & $-0.0218134$ & $-0.00175119$ & $0.0510048$ & $0.0418201$ & $0.0451968$ & $-0.0119064$ & $0.00228331$ & $-0.0353282$ & $-0.000605499$ & $0.00855268$ & $-0.00471152$ & $0.00618929$ & $-0.00733857$ & $-0.0163149$ & $-0.0153069$ & $-0.0458392$ & $0.0395473$ & $-0.0124183$ & $0.00888407$ & $-0.00708198$ & $-0.0116093$ & $0.0228562$ & $-0.0363742$ \\
mHl & $-0.019023$ & $0.0158114$ & $0.0118265$ & $1$ & $-0.00846971$ & $0.0129816$ & $0.00117258$ & $0.0204002$ & $0.0213188$ & $-0.00247176$ & $-0.0098933$ & $0.0404819$ & $0.0300255$ & $-0.0227615$ & $0.00533192$ & $-0.00532069$ & $-0.0323092$ & $-0.0421058$ & $-0.0274633$ & $0.0139728$ & $0.0107802$ & $0.0221406$ & $-0.0277079$ & $-0.0280256$ & $-0.0370917$ & $0.0206876$ & $0.0129048$ & $-0.00449836$ & $0.0237688$ & $0.0199992$ & $0.0108989$ & $0.0170237$ & $0.00649173$ & $-0.00336552$ & $-0.00972462$ & $-0.0162989$ & $-0.021597$ & $-0.0232599$ & $-0.0281907$ & $-0.0554028$ \\
Mz & $0.0274125$ & $-0.023215$ & $-0.0334663$ & $-0.00846971$ & $1$ & $0.00853913$ & $-0.00258992$ & $0.0249762$ & $0.0243412$ & $-0.0247541$ & $0.0131216$ & $0.0216773$ & $0.0300701$ & $-0.00861415$ & $0.0041187$ & $0.00215182$ & $-0.0275995$ & $-0.0194048$ & $-0.0196125$ & $0.029822$ & $0.0199403$ & $0.0195882$ & $0.0301083$ & $-0.0134076$ & $-0.0104849$ & $-0.0211338$ & $0.0240733$ & $-0.00995173$ & $-0.0254223$ & $0.0103965$ & $0.0095889$ & $0.000155261$ & $0.0133501$ & $0.00155622$ & $0.00763767$ & $-0.00605279$ & $0.00936896$ & $-0.00223414$ & $0.0185814$ & $0.0151523$ \\
CW & $0.0113996$ & $0.0351342$ & $-0.0223182$ & $0.0129816$ & $0.00853913$ & $1$ & $-0.012992$ & $-0.0785338$ & $-0.0790382$ & $0.0172031$ & $0.0830405$ & $0.0167785$ & $-0.006086$ & $0.209107$ & $0.0472914$ & $0.0485217$ & $-0.143666$ & $-0.0156974$ & $-0.0208924$ & $-0.0764211$ & $-0.0700989$ & $-0.0860338$ & $-0.0380742$ & $0.0507942$ & $-0.0326172$ & $0.017654$ & $-0.113696$ & $-0.0157582$ & $0.0128435$ & $0.0093138$ & $0.0204753$ & $-0.00184352$ & $0.0117118$ & $-0.168069$ & $-0.00855991$ & $-0.0092505$ & $0.00777523$ & $-0.0177214$ & $0.0190705$ & $0.00217203$ \\
CHG & $0.00160891$ & $-0.0225237$ & $-0.00773606$ & $0.00117258$ & $-0.00258992$ & $-0.012992$ & $1$ & $0.0237677$ & $0.0512238$ & $-0.000885682$ & $-0.0242599$ & $-0.0572058$ & $-0.168192$ & $-0.00761945$ & $-0.00820301$ & $0.00767098$ & $-0.0240625$ & $-0.0157634$ & $-0.0212479$ & $0.0368297$ & $0.0266154$ & $0.025701$ & $0.0152993$ & $-0.0148978$ & $-0.0179404$ & $-0.00496151$ & $0.0252008$ & $0.00798245$ & $0.0118918$ & $-0.0796826$ & $-0.0594181$ & $0.901139$ & $-0.10219$ & $0.00112652$ & $0.0177713$ & $0.0107289$ & $0.00473817$ & $-0.00724725$ & $0.00878244$ & $0.007613$ \\
CHWB & $-0.00750578$ & $-0.240245$ & $0.0524833$ & $0.0204002$ & $0.0249762$ & $-0.0785338$ & $0.0237677$ & $1$ & $0.995148$ & $-0.565736$ & $-0.887261$ & $-0.176254$ & $-0.00997859$ & $-0.29564$ & $-0.00176049$ & $-0.0134442$ & $-0.653688$ & $-0.564858$ & $-0.560126$ & $0.880358$ & $0.675152$ & $0.663704$ & $0.0499888$ & $-0.676063$ & $-0.622454$ & $-0.201611$ & $0.423166$ & $0.130374$ & $-0.00662971$ & $-0.000599457$ & $-0.00559938$ & $0.0154039$ & $-0.0275698$ & $0.656507$ & $-0.000497336$ & $-0.0189662$ & $0.0138818$ & $0.0166331$ & $0.0253803$ & $0.0153834$ \\
CHWHB_gaga & $-0.00401419$ & $-0.238145$ & $0.0485716$ & $0.0213188$ & $0.0243412$ & $-0.0790382$ & $0.0512238$ & $0.995148$ & $1$ & $-0.564356$ & $-0.8831$ & $-0.160329$ & $-0.00992283$ & $-0.297099$ & $-0.00051143$ & $-0.0131076$ & $-0.653751$ & $-0.56528$ & $-0.559578$ & $0.878644$ & $0.672191$ & $0.661198$ & $0.0504836$ & $-0.674828$ & $-0.622036$ & $-0.201565$ & $0.420807$ & $0.12784$ & $-0.00185899$ & $0.0199356$ & $0.00341184$ & $0.0389562$ & $-0.00642214$ & $0.650054$ & $-0.00383781$ & $-0.0219792$ & $0.012583$ & $0.0166725$ & $0.0253402$ & $0.0136711$ \\
CHWHB_gagaorth & $-0.00652081$ & $0.11987$ & $-0.0307039$ & $-0.00247176$ & $-0.0247541$ & $0.0172031$ & $-0.000885682$ & $-0.565736$ & $-0.564356$ & $1$ & $0.24667$ & $0.321933$ & $0.0131721$ & $0.673307$ & $0.109705$ & $0.118586$ & $0.771873$ & $0.59381$ & $0.581665$ & $-0.327745$ & $-0.23489$ & $-0.229047$ & $-0.0837313$ & $0.599799$ & $0.652818$ & $0.0875036$ & $-0.323092$ & $-0.0444743$ & $-0.0154137$ & $-0.0488952$ & $0.00765726$ & $0.0273656$ & $-0.0275104$ & $-0.419955$ & $0.0200326$ & $0.00405626$ & $-0.00791619$ & $-0.000215637$ & $-0.0122881$ & $0.007336$ \\
CHD & $-0.00975495$ & $0.236919$ & $0.0678905$ & $-0.0098933$ & $0.0131216$ & $0.0830405$ & $-0.0242599$ & $-0.887261$ & $-0.8831$ & $0.24667$ & $1$ & $0.143391$ & $0.00789419$ & $-0.0704091$ & $-0.0886521$ & $-0.0730926$ & $0.319574$ & $0.326477$ & $0.328936$ & $-0.896624$ & $-0.699256$ & $-0.683891$ & $-0.0114121$ & $0.459072$ & $0.363538$ & $0.209592$ & $-0.305217$ & $-0.128138$ & $0.015545$ & $0.0208975$ & $0.00348589$ & $-0.0157804$ & $0.026243$ & $-0.515711$ & $-0.00722455$ & $0.0148409$ & $-0.0151144$ & $-0.0300686$ & $-0.0167566$ & $-0.0261055$ \\
CHbox & $0.0059934$ & $0.0867028$ & $-0.020407$ & $0.0404819$ & $0.0216773$ & $0.0167785$ & $-0.0572058$ & $-0.176254$ & $-0.160329$ & $0.321933$ & $0.143391$ & $1$ & $0.445969$ & $-0.0564787$ & $0.0361764$ & $0.0420791$ & $0.0197371$ & $0.0384516$ & $0.0421011$ & $0.0446168$ & $-0.0784719$ & $-0.0708626$ & $0.0116186$ & $0.0893565$ & $0.0634215$ & $0.00931647$ & $-0.0576887$ & $-0.0100015$ & $0.0462983$ & $0.322539$ & $0.0884453$ & $0.0972021$ & $0.275722$ & $-0.23381$ & $0.0340166$ & $-0.0139914$ & $-0.014892$ & $-0.00142144$ & $0.00419546$ & $-0.0197057$ \\
CH & $0.00530909$ & $0.0313346$ & $-0.0177619$ & $0.0300255$ & $0.0300701$ & $-0.006086$ & $-0.168192$ & $-0.00997859$ & $-0.00992283$ & $0.0131721$ & $0.00789419$ & $0.445969$ & $1$ & $-0.000420907$ & $-0.00963422$ & $0.00128073$ & $0.0214379$ & $0.0144596$ & $0.00315078$ & $-0.00595819$ & $-0.00747445$ & $-0.00162007$ & $0.0312409$ & $0.0103727$ & $0.017469$ & $-0.0209604$ & $0.00979242$ & $-0.0162914$ & $0.0154287$ & $0.139593$ & $0.0666379$ & $-0.12666$ & $0.133944$ & $0.0120293$ & $-0.0146317$ & $0.0148355$ & $-0.0201926$ & $-0.00984565$ & $0.00448025$ & $0.00614888$ \\
CHL1_11 & $0.0194586$ & $-0.0250719$ & $-0.00271596$ & $-0.0227615$ & $-0.00861415$ & $0.209107$ & $-0.00761945$ & $-0.29564$ & $-0.297099$ & $0.673307$ & $-0.0704091$ & $-0.0564787$ & $-0.000420907$ & $1$ & $0.188977$ & $0.187507$ & $0.621162$ & $0.516633$ & $0.49703$ & $-0.12821$ & $-0.0327792$ & $-0.0419297$ & $-0.105549$ & $0.517921$ & $0.540001$ & $0.0194866$ & $-0.327221$ & $-0.0270901$ & $-0.0178982$ & $-0.0431897$ & $0.0156595$ & $-0.0217618$ & $0.00150338$ & $-0.330104$ & $0.00923132$ & $0.0184369$ & $0.00588975$ & $0.0113168$ & $0.0021582$ & $0.0247054$ \\
CHL1_22 & $0.00101769$ & $-0.0193484$ & $-0.0106466$ & $0.00533192$ & $0.0041187$ & $0.0472914$ & $-0.00820301$ & $-0.00176049$ & $-0.00051143$ & $0.109705$ & $-0.0886521$ & $0.0361764$ & $-0.00963422$ & $0.188977$ & $1$ & $0.356424$ & $0.0759698$ & $-0.437529$ & $-0.108778$ & $0.083162$ & $-0.128796$ & $-0.0860319$ & $-0.113935$ & $0.217301$ & $-0.156314$ & $0.0133318$ & $-0.484443$ & $-0.0204583$ & $-0.0107471$ & $0.0158664$ & $0.00908156$ & $0.00705467$ & $0.0147945$ & $-0.538457$ & $0.0228369$ & $0.024516$ & $0.0286497$ & $0.0118534$ & $0.0128813$ & $0.0029143$ \\
CHL1_33 & $0.0035184$ & $-0.0256002$ & $-0.015859$ & $-0.00532069$ & $0.00215182$ & $0.0485217$ & $0.00767098$ & $-0.0134442$ & $-0.0131076$ & $0.118586$ & $-0.0730926$ & $0.0420791$ & $0.00128073$ & $0.187507$ & $0.356424$ & $1$ & $0.0763715$ & $-0.0949185$ & $-0.430266$ & $0.0661498$ & $-0.0896139$ & $-0.17342$ & $-0.10494$ & $0.223335$ & $-0.157152$ & $0.00664243$ & $-0.485908$ & $-0.03$ & $-0.0185171$ & $0.00109396$ & $0.0136445$ & $0.0229721$ & $0.00433893$ & $-0.234789$ & $0.000895489$ & $0.0315816$ & $-0.00479871$ & $0.0155554$ & $-0.00315935$ & $0.00968117$ \\
CHL3_11 & $0.00647762$ & $0.106651$ & $-0.0232809$ & $-0.0323092$ & $-0.0275995$ & $-0.143666$ & $-0.0240625$ & $-0.653688$ & $-0.653751$ & $0.771873$ & $0.319574$ & $0.0197371$ & $0.0214379$ & $0.621162$ & $0.0759698$ & $0.0763715$ & $1$ & $0.697221$ & $0.688455$ & $-0.483289$ & $-0.298345$ & $-0.295992$ & $-0.0688634$ & $0.674226$ & $0.770459$ & $0.0969849$ & $-0.328659$ & $-0.0683573$ & $-0.0180392$ & $-0.0382959$ & $0.00814274$ & $-0.0365479$ & $0.00933335$ & $-0.363606$ & $0.00746833$ & $0.0226309$ & $-0.0136102$ & $0.000919913$ & $-0.014926$ & $0.00832891$ \\
CHL3_22 & $0.00971773$ & $0.0614652$ & $-0.0218134$ & $-0.0421058$ & $-0.0194048$ & $-0.0156974$ & $-0.0157634$ & $-0.564858$ & $-0.56528$ & $0.59381$ & $0.326477$ & $0.0384516$ & $0.0144596$ & $0.516633$ & $-0.437529$ & $-0.0949185$ & $0.697221$ & $1$ & $0.654516$ & $-0.43259$ & $-0.238439$ & $-0.234732$ & $0.004836$ & $0.488494$ & $0.778826$ & $0.0816244$ & $-0.0338915$ & $-0.0553317$ & $-0.00629362$ & $-0.0407473$ & $0.00115703$ & $-0.0281721$ & $0.000434792$ & $0.0568995$ & $-0.00936318$ & $-0.00020757$ & $-0.0175003$ & $0.0063226$ & $-0.0177957$ & $0.0132825$ \\
CHL3_33 & $0.0116416$ & $0.0684295$ & $-0.00175119$ & $-0.0274633$ & $-0.0196125$ & $-0.0208924$ & $-0.0212479$ & $-0.560126$ & $-0.559578$ & $0.581665$ & $0.328936$ & $0.0421011$ & $0.00315078$ & $0.49703$ & $-0.108778$ & $-0.430266$ & $0.688455$ & $0.654516$ & $1$ & $-0.425441$ & $-0.241639$ & $-0.238493$ & $0.0041271$ & $0.481639$ & $0.780832$ & $0.089736$ & $-0.0134791$ & $-0.0485692$ & $-0.00432316$ & $-0.0354281$ & $-0.00342685$ & $-0.0353431$ & $0.00187916$ & $-0.245338$ & $0.015592$ & $-0.00890638$ & $-0.00766506$ & $-0.00971637$ & $-0.0152065$ & $0.00667473$ \\
CHe_11 & $0.00012639$ & $-0.200205$ & $0.0510048$ & $0.0139728$ & $0.029822$ & $-0.0764211$ & $0.0368297$ & $0.880358$ & $0.878644$ & $-0.327745$ & $-0.896624$ & $0.0446168$ & $-0.00595819$ & $-0.12821$ & $0.083162$ & $0.0661498$ & $-0.483289$ & $-0.43259$ & $-0.425441$ & $1$ & $0.68834$ & $0.681292$ & $0.0253262$ & $-0.534296$ & $-0.46987$ & $-0.207035$ & $0.336408$ & $0.133977$ & $-0.00644695$ & $-0.0100228$ & $-0.0155045$ & $0.0487172$ & $-0.0364304$ & $0.459332$ & $0.00688681$ & $-0.0241624$ & $0.0155929$ & $0.022795$ & $0.0133339$ & $0.0196014$ \\
CHe_22 & $-0.00585487$ & $-0.130356$ & $0.0418201$ & $0.0107802$ & $0.0199403$ & $-0.0700989$ & $0.0266154$ & $0.675152$ & $0.672191$ & $-0.23489$ & $-0.699256$ & $-0.0784719$ & $-0.00747445$ & $-0.0327792$ & $-0.128796$ & $-0.0896139$ & $-0.298345$ & $-0.238439$ & $-0.241639$ & $0.68834$ & $1$ & $0.588695$ & $0.0491816$ & $-0.468086$ & $-0.282195$ & $-0.181029$ & $0.405282$ & $0.122634$ & $-0.00356907$ & $-0.0213004$ & $-0.000417177$ & $0.0144517$ & $-0.0385431$ & $0.454917$ & $0.0059515$ & $-0.0107236$ & $0.00602858$ & $0.00769366$ & $0.0066209$ & $0.0135669$ \\
CHe_33 & $-0.0130097$ & $-0.11914$ & $0.0451968$ & $0.0221406$ & $0.0195882$ & $-0.0860338$ & $0.025701$ & $0.663704$ & $0.661198$ & $-0.229047$ & $-0.683891$ & $-0.0708626$ & $-0.00162007$ & $-0.0419297$ & $-0.0860319$ & $-0.17342$ & $-0.295992$ & $-0.234732$ & $-0.238493$ & $0.681292$ & $0.588695$ & $1$ & $0.0466788$ & $-0.462604$ & $-0.281295$ & $-0.166944$ & $0.403873$ & $0.111397$ & $-0.00305593$ & $-0.0242469$ & $-0.00418081$ & $0.0217908$ & $-0.0210922$ & $0.451657$ & $0.000901631$ & $-0.0122989$ & $0.0176132$ & $0.0178119$ & $0.00714807$ & $0.0261276$ \\
CHQ1_11 & $-0.0092489$ & $0.00411958$ & $-0.0119064$ & $-0.0277079$ & $0.0301083$ & $-0.0380742$ & $0.0152993$ & $0.0499888$ & $0.0504836$ & $-0.0837313$ & $-0.0114121$ & $0.0116186$ & $0.0312409$ & $-0.105549$ & $-0.113935$ & $-0.10494$ & $-0.0688634$ & $0.004836$ & $0.0041271$ & $0.0253262$ & $0.0491816$ & $0.0466788$ & $1$ & $-0.100845$ & $0.0300178$ & $-0.59536$ & $0.253891$ & $0.00996739$ & $0.00272221$ & $0.0159143$ & $-0.00370617$ & $0.0183647$ & $0.0014298$ & $0.112093$ & $-0.00126792$ & $-0.00844664$ & $0.00640784$ & $0.020555$ & $-0.00229073$ & $-0.00290322$ \\
CHQ1_33 & $-0.0200417$ & $0.0735235$ & $0.00228331$ & $-0.0280256$ & $-0.0134076$ & $0.0507942$ & $-0.0148978$ & $-0.676063$ & $-0.674828$ & $0.599799$ & $0.459072$ & $0.0893565$ & $0.0103727$ & $0.517921$ & $0.217301$ & $0.223335$ & $0.674226$ & $0.488494$ & $0.481639$ & $-0.534296$ & $-0.468086$ & $-0.462604$ & $-0.100845$ & $1$ & $0.562674$ & $0.137966$ & $-0.417825$ & $0.0116787$ & $-0.00355093$ & $-0.0151231$ & $-0.000631649$ & $-0.0156584$ & $0.0128785$ & $-0.531685$ & $0.00845954$ & $0.0193749$ & $-0.00971831$ & $0.00942774$ & $-0.00747142$ & $-0.00501542$ \\
CHQ3_11 & $-0.0524628$ & $0.0943282$ & $-0.0353282$ & $-0.0370917$ & $-0.0104849$ & $-0.0326172$ & $-0.0179404$ & $-0.622454$ & $-0.622036$ & $0.652818$ & $0.363538$ & $0.0634215$ & $0.017469$ & $0.540001$ & $-0.156314$ & $-0.157152$ & $0.770459$ & $0.778826$ & $0.780832$ & $-0.46987$ & $-0.282195$ & $-0.281295$ & $0.0300178$ & $0.562674$ & $1$ & $0.1022$ & $0.0708104$ & $-0.0601371$ & $-0.0122568$ & $-0.0403497$ & $0.00279431$ & $-0.0301592$ & $0.00367587$ & $-0.218517$ & $0.00653626$ & $-0.00230812$ & $-0.0135237$ & $-0.00675646$ & $-0.0169665$ & $0.0112163$ \\
CHu_11 & $0.00603538$ & $0.0367336$ & $-0.000605499$ & $0.0206876$ & $-0.0211338$ & $0.017654$ & $-0.00496151$ & $-0.201611$ & $-0.201565$ & $0.0875036$ & $0.209592$ & $0.00931647$ & $-0.0209604$ & $0.0194866$ & $0.0133318$ & $0.00664243$ & $0.0969849$ & $0.0816244$ & $0.089736$ & $-0.207035$ & $-0.181029$ & $-0.166944$ & $-0.59536$ & $0.137966$ & $0.1022$ & $1$ & $0.0654983$ & $-0.0373142$ & $-0.0171966$ & $-0.0156304$ & $0.00722513$ & $-0.00696548$ & $0.0118496$ & $-0.127194$ & $-0.0117746$ & $-0.0019375$ & $-0.0237578$ & $-0.0205633$ & $-0.0129444$ & $0.00837333$ \\
CHd_11 & $-0.00528379$ & $-0.0295635$ & $0.00855268$ & $0.0129048$ & $0.0240733$ & $-0.113696$ & $0.0252008$ & $0.423166$ & $0.420807$ & $-0.323092$ & $-0.305217$ & $-0.0576887$ & $0.00979242$ & $-0.327221$ & $-0.484443$ & $-0.485908$ & $-0.328659$ & $-0.0338915$ & $-0.0134791$ & $0.336408$ & $0.405282$ & $0.403873$ & $0.253891$ & $-0.417825$ & $0.0708104$ & $0.0654983$ & $1$ & $0.0690588$ & $0.000478666$ & $-0.0146879$ & $-0.00149204$ & $0.0165521$ & $-0.0203473$ & $0.588243$ & $-0.00639221$ & $-0.0447182$ & $-0.0183242$ & $-0.00461297$ & $-0.00163861$ & $0.00744049$ \\
CHd_33 & $-0.000611872$ & $-0.0211997$ & $-0.00471152$ & $-0.00449836$ & $-0.00995173$ & $-0.0157582$ & $0.00798245$ & $0.130374$ & $0.12784$ & $-0.0444743$ & $-0.128138$ & $-0.0100015$ & $-0.0162914$ & $-0.0270901$ & $-0.0204583$ & $-0.03$ & $-0.0683573$ & $-0.0553317$ & $-0.0485692$ & $0.133977$ & $0.122634$ & $0.111397$ & $0.00996739$ & $0.0116787$ & $-0.0601371$ & $-0.0373142$ & $0.0690588$ & $1$ & $-0.0123174$ & $-0.0165522$ & $-0.0162865$ & $0.00507635$ & $-0.0240781$ & $0.0900765$ & $0.0143387$ & $-0.0119572$ & $0.0164709$ & $0.00123445$ & $0.00988915$ & $-0.00734526$ \\
CeH_22r & $0.0111534$ & $0.0163001$ & $0.00618929$ & $0.0237688$ & $-0.0254223$ & $0.0128435$ & $0.0118918$ & $-0.00662971$ & $-0.00185899$ & $-0.0154137$ & $0.015545$ & $0.0462983$ & $0.0154287$ & $-0.0178982$ & $-0.0107471$ & $-0.0185171$ & $-0.0180392$ & $-0.00629362$ & $-0.00432316$ & $-0.00644695$ & $-0.00356907$ & $-0.00305593$ & $0.00272221$ & $-0.00355093$ & $-0.0122568$ & $-0.0171966$ & $0.000478666$ & $-0.0123174$ & $1$ & $0.0381147$ & $0.0144292$ & $-0.00687046$ & $0.0475235$ & $-8.15074e-05$ & $0.0042678$ & $-0.00576911$ & $0.011781$ & $0.00580894$ & $-0.00686043$ & $0.00290989$ \\
CeH_33r & $0.0271901$ & $-0.0125593$ & $-0.00733857$ & $0.0199992$ & $0.0103965$ & $0.0093138$ & $-0.0796826$ & $-0.000599457$ & $0.0199356$ & $-0.0488952$ & $0.0208975$ & $0.322539$ & $0.139593$ & $-0.0431897$ & $0.0158664$ & $0.00109396$ & $-0.0382959$ & $-0.0407473$ & $-0.0354281$ & $-0.0100228$ & $-0.0213004$ & $-0.0242469$ & $0.0159143$ & $-0.0151231$ & $-0.0403497$ & $-0.0156304$ & $-0.0146879$ & $-0.0165522$ & $0.0381147$ & $1$ & $0.298928$ & $0.125345$ & $0.651807$ & $-0.0186374$ & $-0.0389813$ & $-0.068421$ & $-0.0311697$ & $-0.00162801$ & $0.00235216$ & $-0.0267227$ \\
CuH_22r & $0.0404526$ & $-0.0207074$ & $-0.0163149$ & $0.0108989$ & $0.0095889$ & $0.0204753$ & $-0.0594181$ & $-0.00559938$ & $0.00341184$ & $0.00765726$ & $0.00348589$ & $0.0884453$ & $0.0666379$ & $0.0156595$ & $0.00908156$ & $0.0136445$ & $0.00814274$ & $0.00115703$ & $-0.00342685$ & $-0.0155045$ & $-0.000417177$ & $-0.00418081$ & $-0.00370617$ & $-0.000631649$ & $0.00279431$ & $0.00722513$ & $-0.00149204$ & $-0.0162865$ & $0.0144292$ & $0.298928$ & $1$ & $0.061789$ & $0.346939$ & $-0.00915697$ & $-0.0112716$ & $-0.0288389$ & $0.00268848$ & $0.0162824$ & $0.268598$ & $0.00721919$ \\
CuH_33r & $0.00277983$ & $-0.00998877$ & $-0.0153069$ & $0.0170237$ & $0.000155261$ & $-0.00184352$ & $0.901139$ & $0.0154039$ & $0.0389562$ & $0.0273656$ & $-0.0157804$ & $0.0972021$ & $-0.12666$ & $-0.0217618$ & $0.00705467$ & $0.0229721$ & $-0.0365479$ & $-0.0281721$ & $-0.0353431$ & $0.0487172$ & $0.0144517$ & $0.0217908$ & $0.0183647$ & $-0.0156584$ & $-0.0301592$ & $-0.00696548$ & $0.0165521$ & $0.00507635$ & $-0.00687046$ & $0.125345$ & $0.061789$ & $1$ & $0.157611$ & $-0.0228499$ & $0.0393063$ & $-0.00494021$ & $0.0115559$ & $-0.00807876$ & $0.00876326$ & $0.00833496$ \\
CdH_33r & $0.029423$ & $-0.00435497$ & $-0.0458392$ & $0.00649173$ & $0.0133501$ & $0.0117118$ & $-0.10219$ & $-0.0275698$ & $-0.00642214$ & $-0.0275104$ & $0.026243$ & $0.275722$ & $0.133944$ & $0.00150338$ & $0.0147945$ & $0.00433893$ & $0.00933335$ & $0.000434792$ & $0.00187916$ & $-0.0364304$ & $-0.0385431$ & $-0.0210922$ & $0.0014298$ & $0.0128785$ & $0.00367587$ & $0.0118496$ & $-0.0203473$ & $-0.0240781$ & $0.0475235$ & $0.651807$ & $0.346939$ & $0.157611$ & $1$ & $-0.024746$ & $-0.0365754$ & $-0.0612215$ & $-0.0256381$ & $0.0045788$ & $-0.00249726$ & $0.365988$ \\
CLL_1221 & $-0.0183424$ & $0.00901838$ & $0.0395473$ & $-0.00336552$ & $0.00155622$ & $-0.168069$ & $0.00112652$ & $0.656507$ & $0.650054$ & $-0.419955$ & $-0.515711$ & $-0.23381$ & $0.0120293$ & $-0.330104$ & $-0.538457$ & $-0.234789$ & $-0.363606$ & $0.0568995$ & $-0.245338$ & $0.459332$ & $0.454917$ & $0.451657$ & $0.112093$ & $-0.531685$ & $-0.218517$ & $-0.127194$ & $0.588243$ & $0.0900765$ & $-8.15074e-05$ & $-0.0186374$ & $-0.00915697$ & $-0.0228499$ & $-0.024746$ & $1$ & $-0.0201391$ & $-0.0234326$ & $-0.00676255$ & $0.00603303$ & $0.0147646$ & $0.0185827$ \\
eHggpar & $-0.0541436$ & $-0.0100767$ & $-0.0124183$ & $-0.00972462$ & $0.00763767$ & $-0.00855991$ & $0.0177713$ & $-0.000497336$ & $-0.00383781$ & $0.0200326$ & $-0.00722455$ & $0.0340166$ & $-0.0146317$ & $0.00923132$ & $0.0228369$ & $0.000895489$ & $0.00746833$ & $-0.00936318$ & $0.015592$ & $0.00688681$ & $0.0059515$ & $0.000901631$ & $-0.00126792$ & $0.00845954$ & $0.00653626$ & $-0.0117746$ & $-0.00639221$ & $0.0143387$ & $0.0042678$ & $-0.0389813$ & $-0.0112716$ & $0.0393063$ & $-0.0365754$ & $-0.0201391$ & $1$ & $0.0275726$ & $0.0171938$ & $0.0265631$ & $0.017915$ & $-0.0180402$ \\
eHWWpar & $-0.0313215$ & $0.00147589$ & $0.00888407$ & $-0.0162989$ & $-0.00605279$ & $-0.0092505$ & $0.0107289$ & $-0.0189662$ & $-0.0219792$ & $0.00405626$ & $0.0148409$ & $-0.0139914$ & $0.0148355$ & $0.0184369$ & $0.024516$ & $0.0315816$ & $0.0226309$ & $-0.00020757$ & $-0.00890638$ & $-0.0241624$ & $-0.0107236$ & $-0.0122989$ & $-0.00844664$ & $0.0193749$ & $-0.00230812$ & $-0.0019375$ & $-0.0447182$ & $-0.0119572$ & $-0.00576911$ & $-0.068421$ & $-0.0288389$ & $-0.00494021$ & $-0.0612215$ & $-0.0234326$ & $0.0275726$ & $1$ & $0.00886518$ & $0.00499642$ & $0.00462079$ & $0.022699$ \\
eHZZpar & $-0.0255896$ & $-0.00703179$ & $-0.00708198$ & $-0.021597$ & $0.00936896$ & $0.00777523$ & $0.00473817$ & $0.0138818$ & $0.012583$ & $-0.00791619$ & $-0.0151144$ & $-0.014892$ & $-0.0201926$ & $0.00588975$ & $0.0286497$ & $-0.00479871$ & $-0.0136102$ & $-0.0175003$ & $-0.00766506$ & $0.0155929$ & $0.00602858$ & $0.0176132$ & $0.00640784$ & $-0.00971831$ & $-0.0135237$ & $-0.0237578$ & $-0.0183242$ & $0.0164709$ & $0.011781$ & $-0.0311697$ & $0.00268848$ & $0.0115559$ & $-0.0256381$ & $-0.00676255$ & $0.0171938$ & $0.00886518$ & $1$ & $-0.00905005$ & $0.0134483$ & $-0.0174279$ \\
eHZgapar & $0.019645$ & $-0.0244385$ & $-0.0116093$ & $-0.0232599$ & $-0.00223414$ & $-0.0177214$ & $-0.00724725$ & $0.0166331$ & $0.0166725$ & $-0.000215637$ & $-0.0300686$ & $-0.00142144$ & $-0.00984565$ & $0.0113168$ & $0.0118534$ & $0.0155554$ & $0.000919913$ & $0.0063226$ & $-0.00971637$ & $0.022795$ & $0.00769366$ & $0.0178119$ & $0.020555$ & $0.00942774$ & $-0.00675646$ & $-0.0205633$ & $-0.00461297$ & $0.00123445$ & $0.00580894$ & $-0.00162801$ & $0.0162824$ & $-0.00807876$ & $0.0045788$ & $0.00603303$ & $0.0265631$ & $0.00499642$ & $-0.00905005$ & $1$ & $0.00867414$ & $0.023284$ \\
eHccpar & $-0.0113356$ & $-0.0179035$ & $0.0228562$ & $-0.0281907$ & $0.0185814$ & $0.0190705$ & $0.00878244$ & $0.0253803$ & $0.0253402$ & $-0.0122881$ & $-0.0167566$ & $0.00419546$ & $0.00448025$ & $0.0021582$ & $0.0128813$ & $-0.00315935$ & $-0.014926$ & $-0.0177957$ & $-0.0152065$ & $0.0133339$ & $0.0066209$ & $0.00714807$ & $-0.00229073$ & $-0.00747142$ & $-0.0169665$ & $-0.0129444$ & $-0.00163861$ & $0.00988915$ & $-0.00686043$ & $0.00235216$ & $0.268598$ & $0.00876326$ & $-0.00249726$ & $0.0147646$ & $0.017915$ & $0.00462079$ & $0.0134483$ & $0.00867414$ & $1$ & $0.0227514$ \\
eHbbpar & $-0.027494$ & $-0.00513156$ & $-0.0363742$ & $-0.0554028$ & $0.0151523$ & $0.00217203$ & $0.007613$ & $0.0153834$ & $0.0136711$ & $0.007336$ & $-0.0261055$ & $-0.0197057$ & $0.00614888$ & $0.0247054$ & $0.0029143$ & $0.00968117$ & $0.00832891$ & $0.0132825$ & $0.00667473$ & $0.0196014$ & $0.0135669$ & $0.0261276$ & $-0.00290322$ & $-0.00501542$ & $0.0112163$ & $0.00837333$ & $0.00744049$ & $-0.00734526$ & $0.00290989$ & $-0.0267227$ & $0.00721919$ & $0.00833496$ & $0.365988$ & $0.0185827$ & $-0.0180402$ & $0.022699$ & $-0.0174279$ & $0.023284$ & $0.0227514$ & $1$ \\
