 & AlsMz & dAle5Mz & mtop & mHl & Mz & CW & CHG & CHWB & CHWHB_gaga & CHWHB_gagaorth & CHD & CHbox & CH & CHL1_11 & CHL1_22 & CHL1_33 & CHL3_11 & CHL3_22 & CHL3_33 & CHe_11 & CHe_22 & CHe_33 & CHQ1_11 & CHQ1_33 & CHQ3_11 & CHu_11 & CHd_11 & CHd_33 & CeH_22r & CeH_33r & CuH_22r & CuH_33r & CdH_33r & CLL_1221 & eHggint & eHggpar & eHWWint & eHWWpar & eHZZint & eHZZpar & eHZgaint & eHZgapar & eHgagaint & eHmumuint & eHtautauint & eHccint & eHccpar & eHbbint & eHbbpar \\
AlsMz & $1$ & $-0.018788$ & $0.00709573$ & $-0.0395775$ & $-0.0187685$ & $0.0165299$ & $0.019972$ & $-0.094788$ & $-0.0869878$ & $-0.00870041$ & $0.0854515$ & $0.00679697$ & $-0.0198742$ & $-0.0228835$ & $-0.0333413$ & $-0.0329107$ & $0.00973348$ & $0.0279845$ & $0.0326342$ & $-0.093757$ & $-0.0971174$ & $-0.087805$ & $-0.0400294$ & $-0.00227852$ & $-0.106753$ & $0.0241584$ & $-0.0814132$ & $0.00667781$ & $0.0062619$ & $0.0141088$ & $0.0652377$ & $0.0223098$ & $0.0558796$ & $-0.0504688$ & $-0.0064258$ & $-0.0218109$ & $-0.0182363$ & $0.0101608$ & $0.0171462$ & $-0.0645718$ & $0.04486$ & $0.0395414$ & $0.00920439$ & $0.0376373$ & $0.0799579$ & $-0.00785169$ & $-0.0136393$ & $0.0438133$ & $-0.00724803$ \\
dAle5Mz & $-0.018788$ & $1$ & $0.0423667$ & $-0.0352301$ & $0.0254713$ & $0.0540266$ & $0.0223945$ & $-0.0739622$ & $-0.0707816$ & $-0.00740288$ & $0.0592572$ & $0.020083$ & $-0.0104372$ & $-0.0272821$ & $-0.0177889$ & $-0.0191983$ & $0.00465382$ & $0.00439286$ & $0.00302991$ & $-0.0286033$ & $-0.0276657$ & $-0.0409491$ & $0.00939841$ & $0.0102464$ & $0.0130305$ & $0.0250014$ & $-0.0022739$ & $0.00179635$ & $0.0381435$ & $0.0305461$ & $0.011032$ & $0.0192788$ & $0.0159689$ & $0.0142233$ & $0.00737884$ & $-0.057356$ & $-0.0221095$ & $-0.0139738$ & $-0.0023157$ & $0.0274664$ & $0.0449096$ & $-0.0141136$ & $-0.00808823$ & $-0.0397606$ & $-0.0154446$ & $0.00582809$ & $-0.000955479$ & $0.0133662$ & $-0.031334$ \\
mtop & $0.00709573$ & $0.0423667$ & $1$ & $-0.0166966$ & $0.0156067$ & $-0.00100954$ & $-0.033424$ & $0.0380376$ & $0.037658$ & $-0.0196575$ & $-0.00735522$ & $-0.0718031$ & $0.0766056$ & $-0.0102594$ & $0.0213583$ & $-0.0344874$ & $-0.0589133$ & $-0.0593671$ & $-0.0195074$ & $0.012815$ & $0.0182125$ & $0.0201225$ & $-0.0450896$ & $-0.0344478$ & $-0.0590988$ & $0.0326098$ & $0.00938198$ & $0.00914139$ & $0.0224968$ & $0.00506839$ & $-0.00196397$ & $-0.0185881$ & $0.0164139$ & $0.00585501$ & $0.0216768$ & $0.0126949$ & $-0.0246684$ & $0.0106653$ & $-0.0012749$ & $-0.0445125$ & $0.0449547$ & $0.0168475$ & $0.0604907$ & $0.0360751$ & $-0.0261184$ & $-0.0517423$ & $0.0271679$ & $0.0371199$ & $-0.0259243$ \\
mHl & $-0.0395775$ & $-0.0352301$ & $-0.0166966$ & $1$ & $-0.0251385$ & $0.00214869$ & $0.0263324$ & $-0.0178653$ & $-0.0173052$ & $0.0278071$ & $0.0285187$ & $0.00317259$ & $0.0293032$ & $-0.026571$ & $-0.0256$ & $0.022885$ & $-0.0147658$ & $0.00671287$ & $-0.0285919$ & $-0.0248592$ & $-0.027053$ & $-0.0335876$ & $0.0306578$ & $0.0145322$ & $0.00470845$ & $0.000738765$ & $0.0105361$ & $-0.0111592$ & $0.0135087$ & $-0.0109545$ & $-0.0301995$ & $0.0234526$ & $0.0267048$ & $0.00973941$ & $0.021061$ & $0.0149897$ & $0.00336864$ & $0.0331828$ & $0.00386921$ & $0.0187701$ & $0.00726561$ & $0.0420812$ & $-0.0600718$ & $0.0450595$ & $-0.0207847$ & $-0.0322401$ & $0.0137241$ & $0.00122327$ & $0.0266219$ \\
Mz & $-0.0187685$ & $0.0254713$ & $0.0156067$ & $-0.0251385$ & $1$ & $0.0229172$ & $-0.0159272$ & $0.034888$ & $0.0345367$ & $-0.047907$ & $-0.0242547$ & $-0.0620206$ & $0.0398066$ & $0.0182551$ & $0.0251324$ & $0.00307534$ & $-0.0107267$ & $-0.0233359$ & $-0.00573367$ & $0.0315982$ & $0.0383607$ & $0.0308156$ & $-0.0249829$ & $-0.00350074$ & $-0.00911083$ & $-0.00417573$ & $0.0189601$ & $0.0310096$ & $0.0529014$ & $0.0079058$ & $0.0226277$ & $-0.0190564$ & $0.0388758$ & $0.00318511$ & $-0.0178076$ & $-0.0216582$ & $0.00319335$ & $0.015404$ & $0.0244163$ & $0.0108017$ & $-0.0110422$ & $0.00687317$ & $-0.0113421$ & $0.00493906$ & $-0.0180142$ & $-0.0073076$ & $0.0358254$ & $0.00625863$ & $0.0443472$ \\
CW & $0.0165299$ & $0.0540266$ & $-0.00100954$ & $0.00214869$ & $0.0229172$ & $1$ & $-0.00919677$ & $-0.126465$ & $-0.123474$ & $0.0375531$ & $0.182777$ & $0.044657$ & $-0.00580527$ & $0.037285$ & $-0.077341$ & $-0.0634045$ & $-0.258297$ & $-0.0403086$ & $-0.0497819$ & $-0.17965$ & $-0.185147$ & $-0.17265$ & $0.0440703$ & $-0.00438975$ & $-0.0651598$ & $0.0815793$ & $-0.0616828$ & $-0.0530403$ & $-0.0600079$ & $-0.0200022$ & $0.0171143$ & $-0.0117954$ & $-0.022319$ & $-0.124372$ & $0.0313395$ & $0.0375556$ & $-0.0216555$ & $-0.0366237$ & $0.0567725$ & $0.0400722$ & $0.0260246$ & $-0.0349363$ & $-0.0161751$ & $0.0134931$ & $-0.0505971$ & $-0.0369178$ & $0.0163167$ & $0.0312429$ & $0.00181587$ \\
CHG & $0.019972$ & $0.0223945$ & $-0.033424$ & $0.0263324$ & $-0.0159272$ & $-0.00919677$ & $1$ & $-0.125223$ & $-0.0785978$ & $0.078715$ & $0.0893408$ & $0.256945$ & $-0.314598$ & $0.0244195$ & $-0.0254065$ & $0.00540901$ & $0.0827985$ & $0.0909621$ & $0.0772523$ & $-0.0860928$ & $-0.0941748$ & $-0.082913$ & $0.019342$ & $0.103884$ & $0.0772277$ & $0.029209$ & $-0.0666357$ & $-0.0289529$ & $0.0286761$ & $-0.128645$ & $-0.0677909$ & $0.928576$ & $-0.136955$ & $-0.0667996$ & $0.00522237$ & $-0.00592539$ & $-0.0194007$ & $-0.047168$ & $-0.00489998$ & $-0.0529393$ & $0.0271072$ & $0.0245283$ & $-0.0547034$ & $-0.0144372$ & $0.0245316$ & $-0.0148222$ & $-9.68698e-05$ & $-0.0019188$ & $0.0138821$ \\
CHWB & $-0.094788$ & $-0.0739622$ & $0.0380376$ & $-0.0178653$ & $0.034888$ & $-0.126465$ & $-0.125223$ & $1$ & $0.981902$ & $-0.578649$ & $-0.874128$ & $-0.433257$ & $0.331969$ & $0.0621144$ & $0.276799$ & $0.260458$ & $-0.26234$ & $-0.448942$ & $-0.446704$ & $0.845431$ & $0.893045$ & $0.87951$ & $0.0537188$ & $-0.685159$ & $-0.404629$ & $-0.476208$ & $0.444931$ & $0.294714$ & $0.0206774$ & $0.123871$ & $0.0382289$ & $-0.11855$ & $0.118986$ & $0.570504$ & $-0.0283595$ & $0.0221095$ & $0.0127099$ & $-0.0275$ & $-0.0205864$ & $0.0172574$ & $0.025204$ & $-0.0477961$ & $-0.0314756$ & $0.0200959$ & $0.0360839$ & $0.00221111$ & $-0.00345501$ & $0.0247008$ & $0.0392889$ \\
CHWHB_gaga & $-0.0869878$ & $-0.0707816$ & $0.037658$ & $-0.0173052$ & $0.0345367$ & $-0.123474$ & $-0.0785978$ & $0.981902$ & $1$ & $-0.573666$ & $-0.8549$ & $-0.423207$ & $0.332057$ & $0.0519368$ & $0.27672$ & $0.264908$ & $-0.265001$ & $-0.449654$ & $-0.449983$ & $0.82819$ & $0.87247$ & $0.860224$ & $0.0470292$ & $-0.677029$ & $-0.406268$ & $-0.46516$ & $0.429839$ & $0.280505$ & $0.0269209$ & $0.148672$ & $0.0481117$ & $-0.0822253$ & $0.15256$ & $0.556567$ & $-0.0505906$ & $0.0119043$ & $-0.00164519$ & $-0.0255723$ & $-0.0288054$ & $0.00905827$ & $0.0129343$ & $-0.0491798$ & $0.0419009$ & $0.00412809$ & $0.0308405$ & $-0.00178136$ & $-0.0125643$ & $0.0269139$ & $0.0520038$ \\
CHWHB_gagaorth & $-0.00870041$ & $-0.00740288$ & $-0.0196575$ & $0.0278071$ & $-0.047907$ & $0.0375531$ & $0.078715$ & $-0.578649$ & $-0.573666$ & $1$ & $0.352807$ & $0.583144$ & $-0.257563$ & $0.25714$ & $-0.122798$ & $-0.0729556$ & $0.454108$ & $0.516163$ & $0.479109$ & $-0.335182$ & $-0.375205$ & $-0.381448$ & $-0.0497336$ & $0.577977$ & $0.486414$ & $0.193321$ & $-0.269954$ & $-0.123291$ & $-0.0401889$ & $-0.164586$ & $-0.0781331$ & $0.107855$ & $-0.160301$ & $-0.351564$ & $0.0813998$ & $0.00114989$ & $0.0214445$ & $0.0317506$ & $-0.0319571$ & $-0.0115264$ & $-0.0829758$ & $0.00804018$ & $0.0564329$ & $-0.0181081$ & $0.0121676$ & $-0.00567103$ & $-1.11541e-05$ & $-0.0477848$ & $-0.0253464$ \\
CHD & $0.0854515$ & $0.0592572$ & $-0.00735522$ & $0.0285187$ & $-0.0242547$ & $0.182777$ & $0.0893408$ & $-0.874128$ & $-0.8549$ & $0.352807$ & $1$ & $0.29435$ & $-0.15241$ & $-0.491607$ & $-0.406568$ & $-0.391999$ & $-0.203077$ & $0.0756742$ & $0.0759942$ & $-0.990216$ & $-0.990329$ & $-0.969131$ & $0.0132758$ & $0.311788$ & $0.0158123$ & $0.525734$ & $-0.310255$ & $-0.320179$ & $-0.00178382$ & $-0.0749704$ & $-0.0378123$ & $0.0830857$ & $-0.0766453$ & $-0.370673$ & $0.037803$ & $-0.0129293$ & $-0.0261357$ & $0.0148503$ & $0.0198202$ & $-0.0149758$ & $-0.00479499$ & $0.0613953$ & $0.00700305$ & $-0.0198658$ & $-0.0494564$ & $-0.0201391$ & $0.0126867$ & $0.00663147$ & $-0.0300366$ \\
CHbox & $0.00679697$ & $0.020083$ & $-0.0718031$ & $0.00317259$ & $-0.0620206$ & $0.044657$ & $0.256945$ & $-0.433257$ & $-0.423207$ & $0.583144$ & $0.29435$ & $1$ & $-0.812814$ & $0.11796$ & $-0.0690267$ & $-0.0427376$ & $0.280242$ & $0.31404$ & $0.300084$ & $-0.27551$ & $-0.310509$ & $-0.316286$ & $-0.0488988$ & $0.397295$ & $0.297994$ & $0.177287$ & $-0.224171$ & $-0.113403$ & $-0.0401501$ & $-0.142941$ & $-0.0497171$ & $0.267509$ & $-0.142597$ & $-0.28059$ & $0.0202133$ & $0.0216617$ & $0.022947$ & $0.0161361$ & $-0.0333554$ & $-0.00595699$ & $-0.0313765$ & $0.0147639$ & $0.0053287$ & $-0.0152751$ & $0.0224495$ & $0.0100324$ & $-0.00413141$ & $-0.051699$ & $-0.0115874$ \\
CH & $-0.0198742$ & $-0.0104372$ & $0.0766056$ & $0.0293032$ & $0.0398066$ & $-0.00580527$ & $-0.314598$ & $0.331969$ & $0.332057$ & $-0.257563$ & $-0.15241$ & $-0.812814$ & $1$ & $-0.238743$ & $0.0615941$ & $0.0509032$ & $-0.3667$ & $-0.376447$ & $-0.373018$ & $0.14971$ & $0.162822$ & $0.171211$ & $0.0393832$ & $-0.381034$ & $-0.358541$ & $-0.0920408$ & $0.143861$ & $0.0681177$ & $0.0516802$ & $0.296377$ & $0.0684758$ & $-0.254495$ & $0.30734$ & $0.201489$ & $0.0836613$ & $0.0106499$ & $-0.038968$ & $0.00339742$ & $0.0104012$ & $0.0271929$ & $0.0124422$ & $-0.00320447$ & $0.0225329$ & $0.00861494$ & $-0.0249074$ & $-0.0245931$ & $-0.0043028$ & $0.0490905$ & $-0.00563379$ \\
CHL1_11 & $-0.0228835$ & $-0.0272821$ & $-0.0102594$ & $-0.026571$ & $0.0182551$ & $0.037285$ & $0.0244195$ & $0.0621144$ & $0.0519368$ & $0.25714$ & $-0.491607$ & $0.11796$ & $-0.238743$ & $1$ & $0.273851$ & $0.270054$ & $0.667467$ & $0.603221$ & $0.598512$ & $0.509973$ & $0.446206$ & $0.429182$ & $-0.0963034$ & $0.487965$ & $0.611963$ & $-0.249182$ & $-0.115544$ & $0.119585$ & $-0.0435771$ & $-0.0594686$ & $-0.00223295$ & $0.025837$ & $-0.0667767$ & $-0.235383$ & $-0.00653969$ & $-0.0142358$ & $0.0405993$ & $0.0154745$ & $0.00659239$ & $-0.00481373$ & $-0.0366552$ & $-0.0608098$ & $0.0287809$ & $-0.00728193$ & $0.01491$ & $0.0218133$ & $-0.0149021$ & $-0.0467715$ & $-0.0205623$ \\
CHL1_22 & $-0.0333413$ & $-0.0177889$ & $0.0213583$ & $-0.0256$ & $0.0251324$ & $-0.077341$ & $-0.0254065$ & $0.276799$ & $0.27672$ & $-0.122798$ & $-0.406568$ & $-0.0690267$ & $0.0615941$ & $0.273851$ & $1$ & $0.453321$ & $0.157222$ & $-0.443125$ & $-0.0373933$ & $0.474221$ & $0.318897$ & $0.310869$ & $-0.206044$ & $0.120019$ & $-0.12322$ & $-0.14167$ & $-0.401452$ & $0.139273$ & $-0.0136825$ & $0.0817338$ & $0.0648427$ & $0.00320924$ & $0.0413686$ & $-0.602426$ & $-0.0161825$ & $0.0341301$ & $0.0357299$ & $0.00908005$ & $0.0144607$ & $0.0594425$ & $0.00727104$ & $-0.0294967$ & $0.0777261$ & $-0.0119535$ & $0.0820432$ & $0.0286126$ & $-5.63829e-05$ & $-0.00650062$ & $-0.0372841$ \\
CHL1_33 & $-0.0329107$ & $-0.0191983$ & $-0.0344874$ & $0.022885$ & $0.00307534$ & $-0.0634045$ & $0.00540901$ & $0.260458$ & $0.264908$ & $-0.0729556$ & $-0.391999$ & $-0.0427376$ & $0.0509032$ & $0.270054$ & $0.453321$ & $1$ & $0.161322$ & $-0.0251073$ & $-0.426491$ & $0.457791$ & $0.30701$ & $0.326232$ & $-0.191581$ & $0.135791$ & $-0.106857$ & $-0.130137$ & $-0.381571$ & $0.108887$ & $-0.0282193$ & $0.0383124$ & $0.0441528$ & $0.0114702$ & $0.0258796$ & $-0.133926$ & $-0.0452344$ & $0.0184945$ & $0.0279937$ & $0.0233873$ & $0.011558$ & $0.0293111$ & $0.026087$ & $-0.0124156$ & $0.0325734$ & $-0.00666299$ & $0.0213061$ & $0.0302942$ & $-0.0221219$ & $-0.0391911$ & $-0.00414218$ \\
CHL3_11 & $0.00973348$ & $0.00465382$ & $-0.0589133$ & $-0.0147658$ & $-0.0107267$ & $-0.258297$ & $0.0827985$ & $-0.26234$ & $-0.265001$ & $0.454108$ & $-0.203077$ & $0.280242$ & $-0.3667$ & $0.667467$ & $0.157222$ & $0.161322$ & $1$ & $0.743733$ & $0.74277$ & $0.223747$ & $0.167879$ & $0.153526$ & $-0.0974444$ & $0.689215$ & $0.783518$ & $-0.0809426$ & $-0.165336$ & $0.0484494$ & $-0.0146063$ & $-0.112851$ & $-0.00819115$ & $0.0747505$ & $-0.0787486$ & $-0.256331$ & $-0.0284217$ & $-0.0132408$ & $0.0188767$ & $0.023819$ & $-0.0152873$ & $-0.0151621$ & $-0.0444221$ & $-0.00728315$ & $0.040014$ & $0.0226346$ & $0.0384331$ & $0.0355205$ & $-0.0208247$ & $-0.0578158$ & $0.00172674$ \\
CHL3_22 & $0.0279845$ & $0.00439286$ & $-0.0593671$ & $0.00671287$ & $-0.0233359$ & $-0.0403086$ & $0.0909621$ & $-0.448942$ & $-0.449654$ & $0.516163$ & $0.0756742$ & $0.31404$ & $-0.376447$ & $0.603221$ & $-0.443125$ & $-0.0251073$ & $0.743733$ & $1$ & $0.684243$ & $-0.0810414$ & $-0.0725427$ & $-0.0772236$ & $0.0094111$ & $0.631669$ & $0.797008$ & $0.022802$ & $-0.0122499$ & $-0.0596918$ & $-0.0264902$ & $-0.149855$ & $-0.044265$ & $0.0704612$ & $-0.11187$ & $0.0219187$ & $-0.00330444$ & $-0.0342144$ & $0.00293872$ & $0.0178673$ & $-0.005959$ & $-0.0456606$ & $-0.0434844$ & $-0.000850561$ & $-0.00526521$ & $0.00796483$ & $-0.032526$ & $0.0130355$ & $-0.0157646$ & $-0.0591623$ & $0.00991324$ \\
CHL3_33 & $0.0326342$ & $0.00302991$ & $-0.0195074$ & $-0.0285919$ & $-0.00573367$ & $-0.0497819$ & $0.0772523$ & $-0.446704$ & $-0.449983$ & $0.479109$ & $0.0759942$ & $0.300084$ & $-0.373018$ & $0.598512$ & $-0.0373933$ & $-0.426491$ & $0.74277$ & $0.684243$ & $1$ & $-0.0811966$ & $-0.0727635$ & $-0.0761071$ & $0.00205135$ & $0.620242$ & $0.790717$ & $0.0212296$ & $-0.0224698$ & $-0.0380718$ & $-0.0107237$ & $-0.114384$ & $-0.0213711$ & $0.0771137$ & $-0.0914119$ & $-0.335887$ & $0.0222251$ & $-0.0247264$ & $0.00181123$ & $0.0108778$ & $-0.00561542$ & $-0.0244431$ & $-0.0609426$ & $-0.0239448$ & $0.0233676$ & $0.00287504$ & $0.00964068$ & $0.0173338$ & $0.0090347$ & $-0.0329229$ & $-0.020482$ \\
CHe_11 & $-0.093757$ & $-0.0286033$ & $0.012815$ & $-0.0248592$ & $0.0315982$ & $-0.17965$ & $-0.0860928$ & $0.845431$ & $0.82819$ & $-0.335182$ & $-0.990216$ & $-0.27551$ & $0.14971$ & $0.509973$ & $0.474221$ & $0.457791$ & $0.223747$ & $-0.0810414$ & $-0.0811966$ & $1$ & $0.971721$ & $0.950439$ & $-0.0353943$ & $-0.257637$ & $-0.00948197$ & $-0.514465$ & $0.237613$ & $0.31825$ & $-0.000104574$ & $0.0804237$ & $0.0438755$ & $-0.076094$ & $0.0800549$ & $0.291515$ & $-0.0359613$ & $0.0200749$ & $0.0251898$ & $-0.013052$ & $-0.0152966$ & $0.0247258$ & $0.00724141$ & $-0.0596567$ & $0.00523291$ & $0.0135825$ & $0.0528489$ & $0.0224464$ & $-0.0160876$ & $-0.0146453$ & $0.0267902$ \\
CHe_22 & $-0.0971174$ & $-0.0276657$ & $0.0182125$ & $-0.027053$ & $0.0383607$ & $-0.185147$ & $-0.0941748$ & $0.893045$ & $0.87247$ & $-0.375205$ & $-0.990329$ & $-0.310509$ & $0.162822$ & $0.446206$ & $0.318897$ & $0.30701$ & $0.167879$ & $-0.0725427$ & $-0.0727635$ & $0.971721$ & $1$ & $0.975112$ & $0.0194325$ & $-0.372283$ & $-0.0247305$ & $-0.533159$ & $0.391977$ & $0.320376$ & $0.00881672$ & $0.0741365$ & $0.0304931$ & $-0.0915037$ & $0.0796765$ & $0.461096$ & $-0.0355199$ & $0.0115179$ & $0.0229678$ & $-0.0200445$ & $-0.0257611$ & $0.00909324$ & $0.00575438$ & $-0.0597748$ & $-0.0156757$ & $0.0251122$ & $0.0408987$ & $0.0146558$ & $-0.0127218$ & $-0.00288124$ & $0.0356757$ \\
CHe_33 & $-0.087805$ & $-0.0409491$ & $0.0201225$ & $-0.0335876$ & $0.0308156$ & $-0.17265$ & $-0.082913$ & $0.87951$ & $0.860224$ & $-0.381448$ & $-0.969131$ & $-0.316286$ & $0.171211$ & $0.429182$ & $0.310869$ & $0.326232$ & $0.153526$ & $-0.0772236$ & $-0.0761071$ & $0.950439$ & $0.975112$ & $1$ & $0.0271855$ & $-0.374083$ & $-0.0270046$ & $-0.520756$ & $0.393139$ & $0.322615$ & $0.0106178$ & $0.0816013$ & $0.0484175$ & $-0.0786623$ & $0.0910317$ & $0.458146$ & $-0.0286399$ & $0.00843274$ & $0.0109036$ & $-0.0159448$ & $-0.0253424$ & $0.00925489$ & $-0.000560857$ & $-0.0673768$ & $-0.0210055$ & $0.0286127$ & $0.0412282$ & $0.0278963$ & $-0.00128656$ & $-0.00555488$ & $0.0340192$ \\
CHQ1_11 & $-0.0400294$ & $0.00939841$ & $-0.0450896$ & $0.0306578$ & $-0.0249829$ & $0.0440703$ & $0.019342$ & $0.0537188$ & $0.0470292$ & $-0.0497336$ & $0.0132758$ & $-0.0488988$ & $0.0393832$ & $-0.0963034$ & $-0.206044$ & $-0.191581$ & $-0.0974444$ & $0.0094111$ & $0.00205135$ & $-0.0353943$ & $0.0194325$ & $0.0271855$ & $1$ & $-0.14919$ & $0.0926387$ & $-0.679995$ & $0.371145$ & $-0.00227201$ & $-0.0184973$ & $-0.00747669$ & $-0.0307798$ & $0.020503$ & $-0.0250971$ & $0.212536$ & $-0.0101161$ & $-0.0186729$ & $-0.0611672$ & $0.010958$ & $-0.0259461$ & $-0.0182449$ & $0.0614099$ & $0.0179646$ & $-0.0544985$ & $-0.00928826$ & $-0.0542042$ & $0.00559482$ & $-0.00748411$ & $-0.0123682$ & $-0.0436823$ \\
CHQ1_33 & $-0.00227852$ & $0.0102464$ & $-0.0344478$ & $0.0145322$ & $-0.00350074$ & $-0.00438975$ & $0.103884$ & $-0.685159$ & $-0.677029$ & $0.577977$ & $0.311788$ & $0.397295$ & $-0.381034$ & $0.487965$ & $0.120019$ & $0.135791$ & $0.689215$ & $0.631669$ & $0.620242$ & $-0.257637$ & $-0.372283$ & $-0.374083$ & $-0.14919$ & $1$ & $0.648864$ & $0.212718$ & $-0.44178$ & $-0.0362131$ & $-0.0455795$ & $-0.135367$ & $-0.0530398$ & $0.102599$ & $-0.130535$ & $-0.638516$ & $-0.0074335$ & $-0.00372798$ & $-0.000675911$ & $0.0415145$ & $0.0302512$ & $-0.00452369$ & $-0.0477156$ & $0.0187549$ & $0.0559177$ & $-0.0237644$ & $-0.013632$ & $0.00133862$ & $-0.0118169$ & $-0.069588$ & $-0.0394163$ \\
CHQ3_11 & $-0.106753$ & $0.0130305$ & $-0.0590988$ & $0.00470845$ & $-0.00911083$ & $-0.0651598$ & $0.0772277$ & $-0.404629$ & $-0.406268$ & $0.486414$ & $0.0158123$ & $0.297994$ & $-0.358541$ & $0.611963$ & $-0.12322$ & $-0.106857$ & $0.783518$ & $0.797008$ & $0.790717$ & $-0.00948197$ & $-0.0247305$ & $-0.0270046$ & $0.0926387$ & $0.648864$ & $1$ & $-0.00291654$ & $0.191097$ & $-0.0314424$ & $-0.0280406$ & $-0.12985$ & $-0.0482663$ & $0.0683056$ & $-0.0985472$ & $-0.202815$ & $0.00621397$ & $-0.0262082$ & $0.0248202$ & $0.0200488$ & $-0.00162845$ & $-0.0010653$ & $-0.0542514$ & $0.0107599$ & $0.012685$ & $-0.00585252$ & $-0.0139777$ & $0.0194832$ & $-0.0141778$ & $-0.0716676$ & $-0.00177784$ \\
CHu_11 & $0.0241584$ & $0.0250014$ & $0.0326098$ & $0.000738765$ & $-0.00417573$ & $0.0815793$ & $0.029209$ & $-0.476208$ & $-0.46516$ & $0.193321$ & $0.525734$ & $0.177287$ & $-0.0920408$ & $-0.249182$ & $-0.14167$ & $-0.130137$ & $-0.0809426$ & $0.022802$ & $0.0212296$ & $-0.514465$ & $-0.533159$ & $-0.520756$ & $-0.679995$ & $0.212718$ & $-0.00291654$ & $1$ & $-0.209212$ & $-0.175133$ & $0.0117965$ & $-0.0233476$ & $-0.00835444$ & $0.0258671$ & $-0.00723971$ & $-0.264121$ & $0.0279401$ & $0.00153313$ & $0.0554431$ & $-0.0176162$ & $0.0440652$ & $0.00595427$ & $-0.0527381$ & $0.0460238$ & $0.00708801$ & $-0.0145887$ & $0.0148541$ & $-0.0433157$ & $0.0381145$ & $0.0373579$ & $0.0104657$ \\
CHd_11 & $-0.0814132$ & $-0.0022739$ & $0.00938198$ & $0.0105361$ & $0.0189601$ & $-0.0616828$ & $-0.0666357$ & $0.444931$ & $0.429839$ & $-0.269954$ & $-0.310255$ & $-0.224171$ & $0.143861$ & $-0.115544$ & $-0.401452$ & $-0.381571$ & $-0.165336$ & $-0.0122499$ & $-0.0224698$ & $0.237613$ & $0.391977$ & $0.393139$ & $0.371145$ & $-0.44178$ & $0.191097$ & $-0.209212$ & $1$ & $0.0956596$ & $0.0212528$ & $0.0139365$ & $-0.0499074$ & $-0.0760042$ & $0.0488957$ & $0.698916$ & $0.00376326$ & $-0.0144264$ & $0.00024517$ & $-0.0230663$ & $-0.00998183$ & $-0.00476185$ & $-0.00116922$ & $0.0190478$ & $-0.0831215$ & $0.0118149$ & $-0.0222503$ & $-0.0305443$ & $0.00552244$ & $0.00719951$ & $0.0429483$ \\
CHd_33 & $0.00667781$ & $0.00179635$ & $0.00914139$ & $-0.0111592$ & $0.0310096$ & $-0.0530403$ & $-0.0289529$ & $0.294714$ & $0.280505$ & $-0.123291$ & $-0.320179$ & $-0.113403$ & $0.0681177$ & $0.119585$ & $0.139273$ & $0.108887$ & $0.0484494$ & $-0.0596918$ & $-0.0380718$ & $0.31825$ & $0.320376$ & $0.322615$ & $-0.00227201$ & $-0.0362131$ & $-0.0314424$ & $-0.175133$ & $0.0956596$ & $1$ & $0.0126174$ & $0.0131101$ & $0.0383911$ & $-0.0298997$ & $0.0242208$ & $0.129074$ & $-0.0254195$ & $-0.010021$ & $-0.0347861$ & $-0.0198624$ & $-0.0566038$ & $-0.00350152$ & $-0.0269143$ & $-0.0075368$ & $-0.0273214$ & $-0.0340499$ & $0.000870241$ & $0.00317136$ & $0.00065785$ & $-0.000121634$ & $-0.00080822$ \\
CeH_22r & $0.0062619$ & $0.0381435$ & $0.0224968$ & $0.0135087$ & $0.0529014$ & $-0.0600079$ & $0.0286761$ & $0.0206774$ & $0.0269209$ & $-0.0401889$ & $-0.00178382$ & $-0.0401501$ & $0.0516802$ & $-0.0435771$ & $-0.0136825$ & $-0.0282193$ & $-0.0146063$ & $-0.0264902$ & $-0.0107237$ & $-0.000104574$ & $0.00881672$ & $0.0106178$ & $-0.0184973$ & $-0.0455795$ & $-0.0280406$ & $0.0117965$ & $0.0212528$ & $0.0126174$ & $1$ & $0.0323231$ & $0.0273758$ & $0.0241665$ & $0.0609475$ & $0.0395657$ & $-0.0184431$ & $0.0167658$ & $-0.043122$ & $0.00412055$ & $0.0243334$ & $-0.0567561$ & $0.0282828$ & $0.00174718$ & $-0.0130931$ & $0.0151014$ & $0.0613529$ & $0.0404474$ & $-0.0426708$ & $0.0194425$ & $-0.0246265$ \\
CeH_33r & $0.0141088$ & $0.0305461$ & $0.00506839$ & $-0.0109545$ & $0.0079058$ & $-0.0200022$ & $-0.128645$ & $0.123871$ & $0.148672$ & $-0.164586$ & $-0.0749704$ & $-0.142941$ & $0.296377$ & $-0.0594686$ & $0.0817338$ & $0.0383124$ & $-0.112851$ & $-0.149855$ & $-0.114384$ & $0.0804237$ & $0.0741365$ & $0.0816013$ & $-0.00747669$ & $-0.135367$ & $-0.12985$ & $-0.0233476$ & $0.0139365$ & $0.0131101$ & $0.0323231$ & $1$ & $0.283237$ & $0.0265272$ & $0.642736$ & $0.0257994$ & $0.029729$ & $-0.0342371$ & $-0.23123$ & $-0.0123023$ & $-0.0122644$ & $0.0451825$ & $0.0213916$ & $0.00443106$ & $0.0191002$ & $0.0292537$ & $0.0169086$ & $-0.0383181$ & $-0.0423443$ & $0.0540279$ & $-0.0225236$ \\
CuH_22r & $0.0652377$ & $0.011032$ & $-0.00196397$ & $-0.0301995$ & $0.0226277$ & $0.0171143$ & $-0.0677909$ & $0.0382289$ & $0.0481117$ & $-0.0781331$ & $-0.0378123$ & $-0.0497171$ & $0.0684758$ & $-0.00223295$ & $0.0648427$ & $0.0441528$ & $-0.00819115$ & $-0.044265$ & $-0.0213711$ & $0.0438755$ & $0.0304931$ & $0.0484175$ & $-0.0307798$ & $-0.0530398$ & $-0.0482663$ & $-0.00835444$ & $-0.0499074$ & $0.0383911$ & $0.0273758$ & $0.283237$ & $1$ & $0.021323$ & $0.325053$ & $-0.0207871$ & $-0.0462841$ & $-0.0107902$ & $-0.135362$ & $-0.0332497$ & $0.00455785$ & $-0.00462224$ & $-0.0052763$ & $-0.0127146$ & $-0.0516392$ & $0.0204638$ & $0.00653334$ & $0.0633271$ & $0.356351$ & $-0.000725405$ & $0.017409$ \\
CuH_33r & $0.0223098$ & $0.0192788$ & $-0.0185881$ & $0.0234526$ & $-0.0190564$ & $-0.0117954$ & $0.928576$ & $-0.11855$ & $-0.0822253$ & $0.107855$ & $0.0830857$ & $0.267509$ & $-0.254495$ & $0.025837$ & $0.00320924$ & $0.0114702$ & $0.0747505$ & $0.0704612$ & $0.0771137$ & $-0.076094$ & $-0.0915037$ & $-0.0786623$ & $0.020503$ & $0.102599$ & $0.0683056$ & $0.0258671$ & $-0.0760042$ & $-0.0298997$ & $0.0241665$ & $0.0265272$ & $0.021323$ & $1$ & $0.0419862$ & $-0.0885536$ & $0.113942$ & $0.0262964$ & $-0.0765243$ & $-0.0296484$ & $0.000633304$ & $-0.0344277$ & $0.0402196$ & $0.0302849$ & $-0.0512232$ & $-0.0172468$ & $0.0132164$ & $-0.0215076$ & $-0.0071092$ & $0.00094905$ & $0.00107092$ \\
CdH_33r & $0.0558796$ & $0.0159689$ & $0.0164139$ & $0.0267048$ & $0.0388758$ & $-0.022319$ & $-0.136955$ & $0.118986$ & $0.15256$ & $-0.160301$ & $-0.0766453$ & $-0.142597$ & $0.30734$ & $-0.0667767$ & $0.0413686$ & $0.0258796$ & $-0.0787486$ & $-0.11187$ & $-0.0914119$ & $0.0800549$ & $0.0796765$ & $0.0910317$ & $-0.0250971$ & $-0.130535$ & $-0.0985472$ & $-0.00723971$ & $0.0488957$ & $0.0242208$ & $0.0609475$ & $0.642736$ & $0.325053$ & $0.0419862$ & $1$ & $0.0629058$ & $-0.00205519$ & $-0.0329685$ & $-0.275941$ & $-0.00846368$ & $-0.0858541$ & $0.0198057$ & $0.0156633$ & $0.0202056$ & $0.0394262$ & $0.0166848$ & $-0.0474618$ & $-0.00211602$ & $-0.0233434$ & $0.168514$ & $0.467646$ \\
CLL_1221 & $-0.0504688$ & $0.0142233$ & $0.00585501$ & $0.00973941$ & $0.00318511$ & $-0.124372$ & $-0.0667996$ & $0.570504$ & $0.556567$ & $-0.351564$ & $-0.370673$ & $-0.28059$ & $0.201489$ & $-0.235383$ & $-0.602426$ & $-0.133926$ & $-0.256331$ & $0.0219187$ & $-0.335887$ & $0.291515$ & $0.461096$ & $0.458146$ & $0.212536$ & $-0.638516$ & $-0.202815$ & $-0.264121$ & $0.698916$ & $0.129074$ & $0.0395657$ & $0.0257994$ & $-0.0207871$ & $-0.0885536$ & $0.0629058$ & $1$ & $-0.0164249$ & $-0.0117331$ & $-0.0204277$ & $-0.0302328$ & $-0.0367583$ & $-0.0368324$ & $0.0168844$ & $-0.00479712$ & $-0.0902333$ & $0.034955$ & $-0.0271738$ & $-0.0160978$ & $-0.00439651$ & $0.0217957$ & $0.0707892$ \\
eHggint & $-0.0064258$ & $0.00737884$ & $0.0216768$ & $0.021061$ & $-0.0178076$ & $0.0313395$ & $0.00522237$ & $-0.0283595$ & $-0.0505906$ & $0.0813998$ & $0.037803$ & $0.0202133$ & $0.0836613$ & $-0.00653969$ & $-0.0161825$ & $-0.0452344$ & $-0.0284217$ & $-0.00330444$ & $0.0222251$ & $-0.0359613$ & $-0.0355199$ & $-0.0286399$ & $-0.0101161$ & $-0.0074335$ & $0.00621397$ & $0.0279401$ & $0.00376326$ & $-0.0254195$ & $-0.0184431$ & $0.029729$ & $-0.0462841$ & $0.113942$ & $-0.00205519$ & $-0.0164249$ & $1$ & $-0.060831$ & $-0.0156196$ & $0.0347578$ & $0.0118511$ & $0.0455403$ & $0.0108036$ & $-0.013996$ & $0.00445029$ & $0.0182077$ & $0.00224869$ & $-0.00416737$ & $-0.0292407$ & $0.040053$ & $-0.025361$ \\
eHggpar & $-0.0218109$ & $-0.057356$ & $0.0126949$ & $0.0149897$ & $-0.0216582$ & $0.0375556$ & $-0.00592539$ & $0.0221095$ & $0.0119043$ & $0.00114989$ & $-0.0129293$ & $0.0216617$ & $0.0106499$ & $-0.0142358$ & $0.0341301$ & $0.0184945$ & $-0.0132408$ & $-0.0342144$ & $-0.0247264$ & $0.0200749$ & $0.0115179$ & $0.00843274$ & $-0.0186729$ & $-0.00372798$ & $-0.0262082$ & $0.00153313$ & $-0.0144264$ & $-0.010021$ & $0.0167658$ & $-0.0342371$ & $-0.0107902$ & $0.0262964$ & $-0.0329685$ & $-0.0117331$ & $-0.060831$ & $1$ & $0.061368$ & $-0.0098928$ & $-0.0116253$ & $0.00483879$ & $0.0306247$ & $-0.0254082$ & $-0.0102991$ & $-0.0346985$ & $0.00018556$ & $-0.0261296$ & $-0.038336$ & $0.00083238$ & $0.00250098$ \\
eHWWint & $-0.0182363$ & $-0.0221095$ & $-0.0246684$ & $0.00336864$ & $0.00319335$ & $-0.0216555$ & $-0.0194007$ & $0.0127099$ & $-0.00164519$ & $0.0214445$ & $-0.0261357$ & $0.022947$ & $-0.038968$ & $0.0405993$ & $0.0357299$ & $0.0279937$ & $0.0188767$ & $0.00293872$ & $0.00181123$ & $0.0251898$ & $0.0229678$ & $0.0109036$ & $-0.0611672$ & $-0.000675911$ & $0.0248202$ & $0.0554431$ & $0.00024517$ & $-0.0347861$ & $-0.043122$ & $-0.23123$ & $-0.135362$ & $-0.0765243$ & $-0.275941$ & $-0.0204277$ & $-0.0156196$ & $0.061368$ & $1$ & $0.00711961$ & $0.0265927$ & $-0.0225834$ & $0.00739993$ & $-0.024005$ & $0.0320582$ & $0.00724995$ & $0.105229$ & $0.00948913$ & $0.0183502$ & $0.0109209$ & $-0.015241$ \\
eHWWpar & $0.0101608$ & $-0.0139738$ & $0.0106653$ & $0.0331828$ & $0.015404$ & $-0.0366237$ & $-0.047168$ & $-0.0275$ & $-0.0255723$ & $0.0317506$ & $0.0148503$ & $0.0161361$ & $0.00339742$ & $0.0154745$ & $0.00908005$ & $0.0233873$ & $0.023819$ & $0.0178673$ & $0.0108778$ & $-0.013052$ & $-0.0200445$ & $-0.0159448$ & $0.010958$ & $0.0415145$ & $0.0200488$ & $-0.0176162$ & $-0.0230663$ & $-0.0198624$ & $0.00412055$ & $-0.0123023$ & $-0.0332497$ & $-0.0296484$ & $-0.00846368$ & $-0.0302328$ & $0.0347578$ & $-0.0098928$ & $0.00711961$ & $1$ & $0.0376564$ & $-0.0154092$ & $0.0359092$ & $-0.00737582$ & $0.046421$ & $0.000945126$ & $-0.0403847$ & $-0.00256818$ & $-0.035906$ & $0.045479$ & $-0.0396976$ \\
eHZZint & $0.0171462$ & $-0.0023157$ & $-0.0012749$ & $0.00386921$ & $0.0244163$ & $0.0567725$ & $-0.00489998$ & $-0.0205864$ & $-0.0288054$ & $-0.0319571$ & $0.0198202$ & $-0.0333554$ & $0.0104012$ & $0.00659239$ & $0.0144607$ & $0.011558$ & $-0.0152873$ & $-0.005959$ & $-0.00561542$ & $-0.0152966$ & $-0.0257611$ & $-0.0253424$ & $-0.0259461$ & $0.0302512$ & $-0.00162845$ & $0.0440652$ & $-0.00998183$ & $-0.0566038$ & $0.0243334$ & $-0.0122644$ & $0.00455785$ & $0.000633304$ & $-0.0858541$ & $-0.0367583$ & $0.0118511$ & $-0.0116253$ & $0.0265927$ & $0.0376564$ & $1$ & $-0.0105511$ & $0.0125459$ & $0.0030804$ & $-0.0599888$ & $0.00848361$ & $0.0727541$ & $-0.009792$ & $0.0283883$ & $-0.0126045$ & $-0.114044$ \\
eHZZpar & $-0.0645718$ & $0.0274664$ & $-0.0445125$ & $0.0187701$ & $0.0108017$ & $0.0400722$ & $-0.0529393$ & $0.0172574$ & $0.00905827$ & $-0.0115264$ & $-0.0149758$ & $-0.00595699$ & $0.0271929$ & $-0.00481373$ & $0.0594425$ & $0.0293111$ & $-0.0151621$ & $-0.0456606$ & $-0.0244431$ & $0.0247258$ & $0.00909324$ & $0.00925489$ & $-0.0182449$ & $-0.00452369$ & $-0.0010653$ & $0.00595427$ & $-0.00476185$ & $-0.00350152$ & $-0.0567561$ & $0.0451825$ & $-0.00462224$ & $-0.0344277$ & $0.0198057$ & $-0.0368324$ & $0.0455403$ & $0.00483879$ & $-0.0225834$ & $-0.0154092$ & $-0.0105511$ & $1$ & $-0.0199161$ & $0.0107394$ & $-0.0149161$ & $0.00601875$ & $-0.0210866$ & $-0.0443142$ & $-0.0226551$ & $-0.0558061$ & $-0.0121101$ \\
eHZgaint & $0.04486$ & $0.0449096$ & $0.0449547$ & $0.00726561$ & $-0.0110422$ & $0.0260246$ & $0.0271072$ & $0.025204$ & $0.0129343$ & $-0.0829758$ & $-0.00479499$ & $-0.0313765$ & $0.0124422$ & $-0.0366552$ & $0.00727104$ & $0.026087$ & $-0.0444221$ & $-0.0434844$ & $-0.0609426$ & $0.00724141$ & $0.00575438$ & $-0.000560857$ & $0.0614099$ & $-0.0477156$ & $-0.0542514$ & $-0.0527381$ & $-0.00116922$ & $-0.0269143$ & $0.0282828$ & $0.0213916$ & $-0.0052763$ & $0.0402196$ & $0.0156633$ & $0.0168844$ & $0.0108036$ & $0.0306247$ & $0.00739993$ & $0.0359092$ & $0.0125459$ & $-0.0199161$ & $1$ & $0.027635$ & $-0.0788827$ & $-0.0179898$ & $0.000912324$ & $0.0405362$ & $-0.0391301$ & $-0.0508229$ & $0.00301349$ \\
eHZgapar & $0.0395414$ & $-0.0141136$ & $0.0168475$ & $0.0420812$ & $0.00687317$ & $-0.0349363$ & $0.0245283$ & $-0.0477961$ & $-0.0491798$ & $0.00804018$ & $0.0613953$ & $0.0147639$ & $-0.00320447$ & $-0.0608098$ & $-0.0294967$ & $-0.0124156$ & $-0.00728315$ & $-0.000850561$ & $-0.0239448$ & $-0.0596567$ & $-0.0597748$ & $-0.0673768$ & $0.0179646$ & $0.0187549$ & $0.0107599$ & $0.0460238$ & $0.0190478$ & $-0.0075368$ & $0.00174718$ & $0.00443106$ & $-0.0127146$ & $0.0302849$ & $0.0202056$ & $-0.00479712$ & $-0.013996$ & $-0.0254082$ & $-0.024005$ & $-0.00737582$ & $0.0030804$ & $0.0107394$ & $0.027635$ & $1$ & $-0.0331604$ & $-0.0412043$ & $-0.0429169$ & $0.0508549$ & $0.028763$ & $0.00174144$ & $0.015144$ \\
eHgagaint & $0.00920439$ & $-0.00808823$ & $0.0604907$ & $-0.0600718$ & $-0.0113421$ & $-0.0161751$ & $-0.0547034$ & $-0.0314756$ & $0.0419009$ & $0.0564329$ & $0.00700305$ & $0.0053287$ & $0.0225329$ & $0.0287809$ & $0.0777261$ & $0.0325734$ & $0.040014$ & $-0.00526521$ & $0.0233676$ & $0.00523291$ & $-0.0156757$ & $-0.0210055$ & $-0.0544985$ & $0.0559177$ & $0.012685$ & $0.00708801$ & $-0.0831215$ & $-0.0273214$ & $-0.0130931$ & $0.0191002$ & $-0.0516392$ & $-0.0512232$ & $0.0394262$ & $-0.0902333$ & $0.00445029$ & $-0.0102991$ & $0.0320582$ & $0.046421$ & $-0.0599888$ & $-0.0149161$ & $-0.0788827$ & $-0.0331604$ & $1$ & $-0.0782406$ & $0.0392374$ & $0.0123103$ & $-0.0961276$ & $0.045815$ & $0.0207237$ \\
eHmumuint & $0.0376373$ & $-0.0397606$ & $0.0360751$ & $0.0450595$ & $0.00493906$ & $0.0134931$ & $-0.0144372$ & $0.0200959$ & $0.00412809$ & $-0.0181081$ & $-0.0198658$ & $-0.0152751$ & $0.00861494$ & $-0.00728193$ & $-0.0119535$ & $-0.00666299$ & $0.0226346$ & $0.00796483$ & $0.00287504$ & $0.0135825$ & $0.0251122$ & $0.0286127$ & $-0.00928826$ & $-0.0237644$ & $-0.00585252$ & $-0.0145887$ & $0.0118149$ & $-0.0340499$ & $0.0151014$ & $0.0292537$ & $0.0204638$ & $-0.0172468$ & $0.0166848$ & $0.034955$ & $0.0182077$ & $-0.0346985$ & $0.00724995$ & $0.000945126$ & $0.00848361$ & $0.00601875$ & $-0.0179898$ & $-0.0412043$ & $-0.0782406$ & $1$ & $0.0465297$ & $0.0131384$ & $0.0577889$ & $-0.0451674$ & $-0.00707703$ \\
eHtautauint & $0.0799579$ & $-0.0154446$ & $-0.0261184$ & $-0.0207847$ & $-0.0180142$ & $-0.0505971$ & $0.0245316$ & $0.0360839$ & $0.0308405$ & $0.0121676$ & $-0.0494564$ & $0.0224495$ & $-0.0249074$ & $0.01491$ & $0.0820432$ & $0.0213061$ & $0.0384331$ & $-0.032526$ & $0.00964068$ & $0.0528489$ & $0.0408987$ & $0.0412282$ & $-0.0542042$ & $-0.013632$ & $-0.0139777$ & $0.0148541$ & $-0.0222503$ & $0.000870241$ & $0.0613529$ & $0.0169086$ & $0.00653334$ & $0.0132164$ & $-0.0474618$ & $-0.0271738$ & $0.00224869$ & $0.00018556$ & $0.105229$ & $-0.0403847$ & $0.0727541$ & $-0.0210866$ & $0.000912324$ & $-0.0429169$ & $0.0392374$ & $0.0465297$ & $1$ & $0.0209928$ & $0.022298$ & $0.00647421$ & $-0.0116123$ \\
eHccint & $-0.00785169$ & $0.00582809$ & $-0.0517423$ & $-0.0322401$ & $-0.0073076$ & $-0.0369178$ & $-0.0148222$ & $0.00221111$ & $-0.00178136$ & $-0.00567103$ & $-0.0201391$ & $0.0100324$ & $-0.0245931$ & $0.0218133$ & $0.0286126$ & $0.0302942$ & $0.0355205$ & $0.0130355$ & $0.0173338$ & $0.0224464$ & $0.0146558$ & $0.0278963$ & $0.00559482$ & $0.00133862$ & $0.0194832$ & $-0.0433157$ & $-0.0305443$ & $0.00317136$ & $0.0404474$ & $-0.0383181$ & $0.0633271$ & $-0.0215076$ & $-0.00211602$ & $-0.0160978$ & $-0.00416737$ & $-0.0261296$ & $0.00948913$ & $-0.00256818$ & $-0.009792$ & $-0.0443142$ & $0.0405362$ & $0.0508549$ & $0.0123103$ & $0.0131384$ & $0.0209928$ & $1$ & $-0.0520276$ & $-0.00806711$ & $0.0294011$ \\
eHccpar & $-0.0136393$ & $-0.000955479$ & $0.0271679$ & $0.0137241$ & $0.0358254$ & $0.0163167$ & $-9.68698e-05$ & $-0.00345501$ & $-0.0125643$ & $-1.11541e-05$ & $0.0126867$ & $-0.00413141$ & $-0.0043028$ & $-0.0149021$ & $-5.63829e-05$ & $-0.0221219$ & $-0.0208247$ & $-0.0157646$ & $0.0090347$ & $-0.0160876$ & $-0.0127218$ & $-0.00128656$ & $-0.00748411$ & $-0.0118169$ & $-0.0141778$ & $0.0381145$ & $0.00552244$ & $0.00065785$ & $-0.0426708$ & $-0.0423443$ & $0.356351$ & $-0.0071092$ & $-0.0233434$ & $-0.00439651$ & $-0.0292407$ & $-0.038336$ & $0.0183502$ & $-0.035906$ & $0.0283883$ & $-0.0226551$ & $-0.0391301$ & $0.028763$ & $-0.0961276$ & $0.0577889$ & $0.022298$ & $-0.0520276$ & $1$ & $0.0345703$ & $-0.00663049$ \\
eHbbint & $0.0438133$ & $0.0133662$ & $0.0371199$ & $0.00122327$ & $0.00625863$ & $0.0312429$ & $-0.0019188$ & $0.0247008$ & $0.0269139$ & $-0.0477848$ & $0.00663147$ & $-0.051699$ & $0.0490905$ & $-0.0467715$ & $-0.00650062$ & $-0.0391911$ & $-0.0578158$ & $-0.0591623$ & $-0.0329229$ & $-0.0146453$ & $-0.00288124$ & $-0.00555488$ & $-0.0123682$ & $-0.069588$ & $-0.0716676$ & $0.0373579$ & $0.00719951$ & $-0.000121634$ & $0.0194425$ & $0.0540279$ & $-0.000725405$ & $0.00094905$ & $0.168514$ & $0.0217957$ & $0.040053$ & $0.00083238$ & $0.0109209$ & $0.045479$ & $-0.0126045$ & $-0.0558061$ & $-0.0508229$ & $0.00174144$ & $0.045815$ & $-0.0451674$ & $0.00647421$ & $-0.00806711$ & $0.0345703$ & $1$ & $-0.0282821$ \\
eHbbpar & $-0.00724803$ & $-0.031334$ & $-0.0259243$ & $0.0266219$ & $0.0443472$ & $0.00181587$ & $0.0138821$ & $0.0392889$ & $0.0520038$ & $-0.0253464$ & $-0.0300366$ & $-0.0115874$ & $-0.00563379$ & $-0.0205623$ & $-0.0372841$ & $-0.00414218$ & $0.00172674$ & $0.00991324$ & $-0.020482$ & $0.0267902$ & $0.0356757$ & $0.0340192$ & $-0.0436823$ & $-0.0394163$ & $-0.00177784$ & $0.0104657$ & $0.0429483$ & $-0.00080822$ & $-0.0246265$ & $-0.0225236$ & $0.017409$ & $0.00107092$ & $0.467646$ & $0.0707892$ & $-0.025361$ & $0.00250098$ & $-0.015241$ & $-0.0396976$ & $-0.114044$ & $-0.0121101$ & $0.00301349$ & $0.015144$ & $0.0207237$ & $-0.00707703$ & $-0.0116123$ & $0.0294011$ & $-0.00663049$ & $-0.0282821$ & $1$ \\
