 & AlsMz & dAle5Mz & mtop & mHl & Mz & CW & CHG & CHWB & CHWHB_gaga & CHWHB_gagaorth & CHD & CHbox & CH & CHL1_11 & CHL1_22 & CHL1_33 & CHL3_11 & CHL3_22 & CHL3_33 & CHe_11 & CHe_22 & CHe_33 & CHQ1_11 & CHQ1_33 & CHQ3_11 & CHu_11 & CHd_11 & CHd_33 & CeH_22r & CeH_33r & CuH_22r & CuH_33r & CdH_33r & CLL_1221 & eHggint & eHggpar & eHWWint & eHWWpar & eHZZint & eHZZpar & eHZgaint & eHZgapar & eHgagaint & eHmumuint & eHtautauint & eHccint & eHccpar & eHbbint & eHbbpar \\
AlsMz & $1$ & $0.204201$ & $0.0227751$ & $-0.016001$ & $-0.0420438$ & $0.00698891$ & $-0.0341408$ & $0.0100298$ & $0.0148256$ & $-0.00639409$ & $-0.0406917$ & $-0.00185227$ & $0.00236397$ & $0.0440644$ & $0.0558779$ & $0.0698609$ & $0.0209495$ & $0.00535613$ & $-0.008821$ & $0.0479884$ & $0.0280702$ & $0.025822$ & $-0.044876$ & $-0.0264182$ & $-0.0868443$ & $-0.031029$ & $-0.0722192$ & $-0.00440732$ & $0.037034$ & $0.0294964$ & $-0.0354642$ & $-0.044239$ & $-0.00465299$ & $-0.0345025$ & $-0.255658$ & $-0.0435979$ & $-0.010808$ & $-0.0809386$ & $-0.218088$ & $-0.0317886$ & $0.102415$ & $0.0338859$ & $0.00462457$ & $-0.0111664$ & $0.0570312$ & $0.0521665$ & $0.00025413$ & $-0.0766299$ & $-0.000736701$ \\
dAle5Mz & $0.204201$ & $1$ & $0.056625$ & $-0.212143$ & $-0.029924$ & $-0.0128952$ & $-0.0522583$ & $-0.0473375$ & $-0.0364224$ & $0.0653006$ & $-0.00101671$ & $0.0218002$ & $-0.0152165$ & $0.0473734$ & $-0.00132693$ & $0.00143175$ & $0.0901499$ & $0.067556$ & $0.0683922$ & $0.0172531$ & $0.0201298$ & $0.0226072$ & $-0.0173541$ & $0.0444736$ & $0.0665168$ & $0.00381143$ & $0.0195952$ & $0.00149499$ & $0.0217032$ & $-0.000263214$ & $-0.028982$ & $-0.0516998$ & $0.0498042$ & $0.0207543$ & $-0.126736$ & $0.164168$ & $0.0183701$ & $-0.0302701$ & $0.143422$ & $-0.0171283$ & $0.106435$ & $-0.0391716$ & $0.14011$ & $0.312339$ & $-0.047198$ & $0.00436351$ & $0.00425981$ & $0.101955$ & $0.0797335$ \\
mtop & $0.0227751$ & $0.056625$ & $1$ & $-0.148587$ & $0.0646802$ & $-0.0453342$ & $-0.00506099$ & $0.0152746$ & $0.030624$ & $-0.0060695$ & $-0.021939$ & $0.00945432$ & $0.0159851$ & $0.0201366$ & $0.0226739$ & $0.0288858$ & $0.0244786$ & $0.0095503$ & $0.00927087$ & $0.0336065$ & $0.0293992$ & $0.0321265$ & $0.016512$ & $0.013998$ & $0.0251254$ & $-0.0279291$ & $0.0164505$ & $0.0029538$ & $-0.0243845$ & $0.0106349$ & $-0.0280833$ & $-0.0183265$ & $-0.00158406$ & $0.000350691$ & $-0.127003$ & $0.164211$ & $-0.0206387$ & $-0.0138378$ & $-0.0707345$ & $0.0291928$ & $0.0701879$ & $-0.00983998$ & $0.236799$ & $0.29585$ & $0.0164276$ & $0.117924$ & $-0.0329746$ & $0.0142664$ & $0.0253115$ \\
mHl & $-0.016001$ & $-0.212143$ & $-0.148587$ & $1$ & $-0.00825083$ & $0.0181852$ & $-0.00538965$ & $0.00936204$ & $-0.00509274$ & $-0.00505263$ & $-0.00368492$ & $-0.0210566$ & $-0.00816984$ & $0.000967185$ & $0.0160924$ & $-0.0310399$ & $-0.0215039$ & $-0.0233236$ & $0.00899138$ & $-0.00147223$ & $-0.00245422$ & $-0.00376174$ & $0.0545183$ & $-0.0139262$ & $-0.0131298$ & $-0.0347458$ & $-0.0043248$ & $0.0285814$ & $0.00599088$ & $-0.0120911$ & $0.0315786$ & $-0.0096035$ & $-0.0905852$ & $-0.026025$ & $0.0774726$ & $-0.0482126$ & $-0.09752$ & $0.00420142$ & $0.0835619$ & $-0.0418911$ & $-0.0902653$ & $0.00458616$ & $-0.217284$ & $-0.205624$ & $0.181358$ & $-0.0187034$ & $0.0569914$ & $-0.16876$ & $-0.151907$ \\
Mz & $-0.0420438$ & $-0.029924$ & $0.0646802$ & $-0.00825083$ & $1$ & $0.0156213$ & $0.00176082$ & $-0.0157274$ & $-0.0131029$ & $0.00651683$ & $0.0267154$ & $0.0013912$ & $-0.00244514$ & $-0.00589148$ & $0.00619059$ & $0.0100059$ & $-0.00789997$ & $-0.00839385$ & $-0.00709566$ & $-0.0166643$ & $-0.0201317$ & $-0.0133949$ & $-0.0118927$ & $0.00878382$ & $-0.00613146$ & $0.0273964$ & $-0.0180095$ & $-0.000692167$ & $-0.0110105$ & $-0.0128907$ & $0.00325486$ & $0.00478582$ & $0.00586729$ & $-0.022104$ & $0.0224974$ & $0.00671779$ & $-0.0277429$ & $0.0128308$ & $0.0287359$ & $-0.0130123$ & $0.0439908$ & $0.0146831$ & $-0.00251511$ & $0.0327671$ & $0.040054$ & $-0.000990247$ & $-0.0157857$ & $-0.0180196$ & $0.0149744$ \\
CW & $0.00698891$ & $-0.0128952$ & $-0.0453342$ & $0.0181852$ & $0.0156213$ & $1$ & $-0.0118538$ & $-0.117755$ & $-0.116669$ & $0.00705349$ & $0.181648$ & $0.0550732$ & $0.0158525$ & $0.0176825$ & $-0.04059$ & $-0.0329071$ & $-0.271753$ & $-0.0840168$ & $-0.0851927$ & $-0.176704$ & $-0.190677$ & $-0.183944$ & $-0.0421062$ & $0.00652492$ & $-0.133327$ & $0.124599$ & $-0.128769$ & $-0.0656755$ & $-0.00265537$ & $-0.0024075$ & $0.0133512$ & $-0.00623219$ & $0.00682891$ & $-0.150518$ & $0.0331379$ & $-0.0017147$ & $-0.0210647$ & $-0.0059102$ & $0.00082262$ & $0.0315498$ & $-0.00316314$ & $-0.00554352$ & $-0.0762294$ & $-0.00677224$ & $0.0357461$ & $0.00704981$ & $-0.0700716$ & $-0.000722551$ & $0.0100163$ \\
CHG & $-0.0341408$ & $-0.0522583$ & $-0.00506099$ & $-0.00538965$ & $0.00176082$ & $-0.0118538$ & $1$ & $-0.097478$ & $-0.0477048$ & $0.0563215$ & $0.068555$ & $-0.225447$ & $-0.301094$ & $0.0206961$ & $-0.0235048$ & $-0.0196839$ & $0.0694993$ & $0.0743169$ & $0.0626197$ & $-0.068331$ & $-0.0715603$ & $-0.0802943$ & $0.00268326$ & $0.0868444$ & $0.0646644$ & $0.0265319$ & $-0.0518094$ & $-0.0470686$ & $-0.0263488$ & $-0.157779$ & $-0.0701467$ & $0.93965$ & $-0.151068$ & $-0.0534513$ & $-0.00136242$ & $-0.0168154$ & $0.0700901$ & $0.0139721$ & $0.0116066$ & $0.0100905$ & $-0.0150621$ & $0.00642698$ & $-0.0415891$ & $-0.0092054$ & $0.0292303$ & $-0.031511$ & $-0.000579854$ & $-0.0214685$ & $0.0674593$ \\
CHWB & $0.0100298$ & $-0.0473375$ & $0.0152746$ & $0.00936204$ & $-0.0157274$ & $-0.117755$ & $-0.097478$ & $1$ & $0.984213$ & $-0.581564$ & $-0.873819$ & $0.0528234$ & $0.340774$ & $0.102377$ & $0.282978$ & $0.282543$ & $-0.247212$ & $-0.43023$ & $-0.428833$ & $0.843387$ & $0.891546$ & $0.873213$ & $0.0638187$ & $-0.669732$ & $-0.38521$ & $-0.501287$ & $0.443605$ & $0.297809$ & $0.0243168$ & $0.109662$ & $0.0610782$ & $-0.0828001$ & $0.129669$ & $0.576222$ & $-0.0225303$ & $0.0235916$ & $-0.0294076$ & $0.0273183$ & $-0.00543158$ & $0.022476$ & $-0.0135859$ & $-0.0264236$ & $0.0194162$ & $-0.0207698$ & $0.0228833$ & $-0.0261984$ & $0.0496433$ & $0.0108756$ & $0.0179611$ \\
CHWHB_gaga & $0.0148256$ & $-0.0364224$ & $0.030624$ & $-0.00509274$ & $-0.0131029$ & $-0.116669$ & $-0.0477048$ & $0.984213$ & $1$ & $-0.572886$ & $-0.856552$ & $0.0639107$ & $0.335409$ & $0.0932861$ & $0.276728$ & $0.276884$ & $-0.2495$ & $-0.428822$ & $-0.428754$ & $0.827127$ & $0.874707$ & $0.855776$ & $0.0683501$ & $-0.662883$ & $-0.384033$ & $-0.494693$ & $0.438945$ & $0.292101$ & $0.0251451$ & $0.126773$ & $0.070011$ & $-0.0415881$ & $0.148371$ & $0.569192$ & $-0.0440432$ & $0.0180351$ & $-0.0426634$ & $0.0165478$ & $-0.010447$ & $0.022846$ & $-0.0162451$ & $-0.0315389$ & $0.0710267$ & $-0.00718865$ & $0.0199181$ & $-0.011305$ & $0.0567838$ & $0.00206439$ & $0.01532$ \\
CHWHB_gagaorth & $-0.00639409$ & $0.0653006$ & $-0.0060695$ & $-0.00505263$ & $0.00651683$ & $0.00705349$ & $0.0563215$ & $-0.581564$ & $-0.572886$ & $1$ & $0.356038$ & $0.249492$ & $-0.243698$ & $0.229822$ & $-0.102062$ & $-0.113654$ & $0.444015$ & $0.490786$ & $0.495882$ & $-0.338489$ & $-0.373647$ & $-0.367089$ & $-0.0574019$ & $0.577697$ & $0.476673$ & $0.213675$ & $-0.250553$ & $-0.151197$ & $0.0104975$ & $-0.114395$ & $-0.0881859$ & $0.0686472$ & $-0.131276$ & $-0.37603$ & $0.0225305$ & $-0.00327022$ & $0.0291899$ & $-0.018555$ & $0.0335432$ & $-0.0685807$ & $-0.0419778$ & $0.00408559$ & $0.0177493$ & $0.0295404$ & $-0.00858775$ & $-0.000924347$ & $-0.0504474$ & $0.000187188$ & $-0.00192092$ \\
CHD & $-0.0406917$ & $-0.00101671$ & $-0.021939$ & $-0.00368492$ & $0.0267154$ & $0.181648$ & $0.068555$ & $-0.873819$ & $-0.856552$ & $0.356038$ & $1$ & $0.0910177$ & $-0.15922$ & $-0.526804$ & $-0.419778$ & $-0.40959$ & $-0.220061$ & $0.0490741$ & $0.046979$ & $-0.990383$ & $-0.991271$ & $-0.97142$ & $-0.00292459$ & $0.292589$ & $-0.0067517$ & $0.561728$ & $-0.311736$ & $-0.312645$ & $-0.0136983$ & $-0.0746466$ & $-0.0381446$ & $0.0620872$ & $-0.0953723$ & $-0.369346$ & $0.0307728$ & $-0.0346085$ & $0.0237026$ & $-0.034445$ & $-0.000370841$ & $-0.00455335$ & $0.00697973$ & $0.026666$ & $-0.0342854$ & $0.00797086$ & $-0.0300967$ & $0.0570275$ & $-0.0703986$ & $-0.00467872$ & $-0.0251184$ \\
CHbox & $-0.00185227$ & $0.0218002$ & $0.00945432$ & $-0.0210566$ & $0.0013912$ & $0.0550732$ & $-0.225447$ & $0.0528234$ & $0.0639107$ & $0.249492$ & $0.0910177$ & $1$ & $0.751915$ & $-0.274555$ & $0.031341$ & $0.0288439$ & $-0.294728$ & $-0.288487$ & $-0.280361$ & $-0.0770848$ & $-0.0916062$ & $-0.0875445$ & $-0.0176498$ & $-0.172232$ & $-0.283077$ & $0.064607$ & $-0.0335827$ & $-0.0314126$ & $0.0723004$ & $0.347395$ & $0.0842264$ & $-0.131539$ & $0.411135$ & $0.00851093$ & $0.0347332$ & $0.0133024$ & $0.0014276$ & $0.000251776$ & $0.00749325$ & $-0.00611543$ & $-0.0315155$ & $-0.0100023$ & $0.00452141$ & $0.0203657$ & $0.00679747$ & $0.0210651$ & $-0.0689622$ & $0.0167492$ & $0.0171582$ \\
CH & $0.00236397$ & $-0.0152165$ & $0.0159851$ & $-0.00816984$ & $-0.00244514$ & $0.0158525$ & $-0.301094$ & $0.340774$ & $0.335409$ & $-0.243698$ & $-0.15922$ & $0.751915$ & $1$ & $-0.241555$ & $0.0661105$ & $0.0684273$ & $-0.354454$ & $-0.384574$ & $-0.37954$ & $0.153681$ & $0.169988$ & $0.169244$ & $0.0169364$ & $-0.382005$ & $-0.370563$ & $-0.085888$ & $0.133752$ & $0.0691463$ & $0.0612719$ & $0.289756$ & $0.107038$ & $-0.241655$ & $0.345532$ & $0.216114$ & $0.00574205$ & $0.0148461$ & $-0.021287$ & $0.015349$ & $-0.00900997$ & $0.0243157$ & $-0.0108916$ & $-0.0132477$ & $0.0150651$ & $0.00020743$ & $0.0107704$ & $0.0170205$ & $-0.0176065$ & $0.00656572$ & $-0.00139656$ \\
CHL1_11 & $0.0440644$ & $0.0473734$ & $0.0201366$ & $0.000967185$ & $-0.00589148$ & $0.0176825$ & $0.0206961$ & $0.102377$ & $0.0932861$ & $0.229822$ & $-0.526804$ & $-0.274555$ & $-0.241555$ & $1$ & $0.305277$ & $0.280601$ & $0.666462$ & $0.598742$ & $0.60387$ & $0.547733$ & $0.48628$ & $0.477526$ & $-0.0937265$ & $0.471914$ & $0.605818$ & $-0.276375$ & $-0.090925$ & $0.119829$ & $-0.0133516$ & $-0.0353473$ & $-0.0147089$ & $0.010798$ & $-0.0207509$ & $-0.227473$ & $-0.00724343$ & $0.0219514$ & $-0.00855118$ & $0.0284998$ & $0.0150847$ & $-0.0263846$ & $0.00296617$ & $-0.0179421$ & $0.014271$ & $0.00634069$ & $0.0215714$ & $-0.0810298$ & $0.0577358$ & $-0.00195207$ & $0.0196641$ \\
CHL1_22 & $0.0558779$ & $-0.00132693$ & $0.0226739$ & $0.0160924$ & $0.00619059$ & $-0.04059$ & $-0.0235048$ & $0.282978$ & $0.276728$ & $-0.102062$ & $-0.419778$ & $0.031341$ & $0.0661105$ & $0.305277$ & $1$ & $0.448497$ & $0.176214$ & $-0.410706$ & $-0.00297357$ & $0.485826$ & $0.335645$ & $0.330387$ & $-0.170596$ & $0.131853$ & $-0.114898$ & $-0.20491$ & $-0.396136$ & $0.108326$ & $0.0239836$ & $0.0517406$ & $0.0216934$ & $-0.015314$ & $0.0541339$ & $-0.590895$ & $0.0163749$ & $-0.00415327$ & $0.00199913$ & $-0.0219639$ & $-0.000760494$ & $-0.00787062$ & $-0.0203723$ & $-0.00725279$ & $-0.0175467$ & $0.00137067$ & $0.0260491$ & $0.0145835$ & $0.0196625$ & $-0.0237689$ & $0.00768252$ \\
CHL1_33 & $0.0698609$ & $0.00143175$ & $0.0288858$ & $-0.0310399$ & $0.0100059$ & $-0.0329071$ & $-0.0196839$ & $0.282543$ & $0.276884$ & $-0.113654$ & $-0.40959$ & $0.0288439$ & $0.0684273$ & $0.280601$ & $0.448497$ & $1$ & $0.16309$ & $-0.00924842$ & $-0.408936$ & $0.476345$ & $0.328548$ & $0.345621$ & $-0.175022$ & $0.1168$ & $-0.125231$ & $-0.188823$ & $-0.38723$ & $0.0997131$ & $-0.0184536$ & $0.0553297$ & $0.0238718$ & $-0.0118735$ & $0.0498033$ & $-0.106881$ & $-0.0634341$ & $0.0510572$ & $0.00201836$ & $-0.00948937$ & $-0.0543587$ & $0.0102791$ & $-0.00126086$ & $0.024676$ & $0.00195416$ & $0.00470986$ & $0.00271709$ & $-0.0170229$ & $0.0357286$ & $-0.0285207$ & $-0.0337536$ \\
CHL3_11 & $0.0209495$ & $0.0901499$ & $0.0244786$ & $-0.0215039$ & $-0.00789997$ & $-0.271753$ & $0.0694993$ & $-0.247212$ & $-0.2495$ & $0.444015$ & $-0.220061$ & $-0.294728$ & $-0.354454$ & $0.666462$ & $0.176214$ & $0.16309$ & $1$ & $0.754043$ & $0.753251$ & $0.244445$ & $0.18887$ & $0.184806$ & $-0.0774038$ & $0.692509$ & $0.791574$ & $-0.115324$ & $-0.14797$ & $0.0317364$ & $-0.0248382$ & $-0.0776773$ & $-0.057071$ & $0.0495432$ & $-0.0803249$ & $-0.26008$ & $-0.014926$ & $0.0308637$ & $0.0193598$ & $0.019317$ & $0.0162083$ & $-0.0351176$ & $0.0166575$ & $0.000437321$ & $0.0550094$ & $0.0330208$ & $0.0118463$ & $-0.0518825$ & $0.0360132$ & $-0.0104158$ & $0.0158297$ \\
CHL3_22 & $0.00535613$ & $0.067556$ & $0.0095503$ & $-0.0233236$ & $-0.00839385$ & $-0.0840168$ & $0.0743169$ & $-0.43023$ & $-0.428822$ & $0.490786$ & $0.0490741$ & $-0.288487$ & $-0.384574$ & $0.598742$ & $-0.410706$ & $-0.00924842$ & $0.754043$ & $1$ & $0.687641$ & $-0.0478994$ & $-0.0451351$ & $-0.0416817$ & $-0.0059141$ & $0.631005$ & $0.804144$ & $0.025998$ & $-0.00986638$ & $-0.0489839$ & $-0.0406873$ & $-0.100265$ & $-0.0551639$ & $0.0537471$ & $-0.102388$ & $0.00577061$ & $-0.0245386$ & $0.0246374$ & $0.0123569$ & $0.0289604$ & $0.00387052$ & $-0.028319$ & $0.0269915$ & $0.00708751$ & $0.0386255$ & $0.0228135$ & $-0.00558402$ & $-0.0686791$ & $0.0259399$ & $0.000308802$ & $0.00396813$ \\
CHL3_33 & $-0.008821$ & $0.0683922$ & $0.00927087$ & $0.00899138$ & $-0.00709566$ & $-0.0851927$ & $0.0626197$ & $-0.428833$ & $-0.428754$ & $0.495882$ & $0.046979$ & $-0.280361$ & $-0.37954$ & $0.60387$ & $-0.00297357$ & $-0.408936$ & $0.753251$ & $0.687641$ & $1$ & $-0.0469728$ & $-0.0430714$ & $-0.0366158$ & $-0.00509698$ & $0.632033$ & $0.807688$ & $0.0229625$ & $-0.00653876$ & $-0.0409338$ & $-0.0100687$ & $-0.0983076$ & $-0.057813$ & $0.04511$ & $-0.0914848$ & $-0.353845$ & $0.0369286$ & $-0.0119692$ & $0.00422358$ & $0.0201227$ & $0.0471848$ & $-0.0475968$ & $0.00948506$ & $-0.0242238$ & $0.0271759$ & $0.0181667$ & $0.0105191$ & $-0.0450076$ & $0.0135227$ & $0.0118688$ & $0.0376863$ \\
CHe_11 & $0.0479884$ & $0.0172531$ & $0.0336065$ & $-0.00147223$ & $-0.0166643$ & $-0.176704$ & $-0.068331$ & $0.843387$ & $0.827127$ & $-0.338489$ & $-0.990383$ & $-0.0770848$ & $0.153681$ & $0.547733$ & $0.485826$ & $0.476345$ & $0.244445$ & $-0.0478994$ & $-0.0469728$ & $1$ & $0.972423$ & $0.9537$ & $-0.0209499$ & $-0.236548$ & $0.0124904$ & $-0.552454$ & $0.234415$ & $0.305454$ & $0.0127595$ & $0.0778294$ & $0.038762$ & $-0.0604824$ & $0.0989549$ & $0.289261$ & $-0.0345357$ & $0.0362904$ & $-0.0190563$ & $0.0322792$ & $-0.00171928$ & $0.00350546$ & $-0.00393236$ & $-0.0245314$ & $0.0334597$ & $0.0026965$ & $0.0317843$ & $-0.054186$ & $0.067967$ & $0.0022043$ & $0.0263656$ \\
CHe_22 & $0.0280702$ & $0.0201298$ & $0.0293992$ & $-0.00245422$ & $-0.0201317$ & $-0.190677$ & $-0.0715603$ & $0.891546$ & $0.874707$ & $-0.373647$ & $-0.991271$ & $-0.0916062$ & $0.169988$ & $0.48628$ & $0.335645$ & $0.328548$ & $0.18887$ & $-0.0451351$ & $-0.0430714$ & $0.972423$ & $1$ & $0.97603$ & $0.0311956$ & $-0.347351$ & $0.00337493$ & $-0.563359$ & $0.393637$ & $0.316088$ & $0.0143597$ & $0.0738211$ & $0.0378843$ & $-0.0651904$ & $0.0972737$ & $0.455109$ & $-0.031047$ & $0.0381511$ & $-0.0227198$ & $0.0381539$ & $0.00887284$ & $0.005172$ & $-0.00349952$ & $-0.0312528$ & $0.0446266$ & $-0.000123123$ & $0.0305124$ & $-0.0576732$ & $0.0701941$ & $0.0127753$ & $0.0306948$ \\
CHe_33 & $0.025822$ & $0.0226072$ & $0.0321265$ & $-0.00376174$ & $-0.0133949$ & $-0.183944$ & $-0.0802943$ & $0.873213$ & $0.855776$ & $-0.367089$ & $-0.97142$ & $-0.0875445$ & $0.169244$ & $0.477526$ & $0.330387$ & $0.345621$ & $0.184806$ & $-0.0416817$ & $-0.0366158$ & $0.9537$ & $0.97603$ & $1$ & $0.0213105$ & $-0.34115$ & $0.00465294$ & $-0.545154$ & $0.382529$ & $0.308829$ & $0.0148294$ & $0.0770578$ & $0.0413526$ & $-0.0710266$ & $0.0996366$ & $0.446734$ & $-0.0277502$ & $0.0459445$ & $-0.0304979$ & $0.0346865$ & $0.0078503$ & $0.00127782$ & $-0.00240674$ & $-0.0305082$ & $0.0397112$ & $-0.000315385$ & $0.0258297$ & $-0.0561981$ & $0.0714429$ & $0.0150421$ & $0.0266775$ \\
CHQ1_11 & $-0.044876$ & $-0.0173541$ & $0.016512$ & $0.0545183$ & $-0.0118927$ & $-0.0421062$ & $0.00268326$ & $0.0638187$ & $0.0683501$ & $-0.0574019$ & $-0.00292459$ & $-0.0176498$ & $0.0169364$ & $-0.0937265$ & $-0.170596$ & $-0.175022$ & $-0.0774038$ & $-0.0059141$ & $-0.00509698$ & $-0.0209499$ & $0.0311956$ & $0.0213105$ & $1$ & $-0.128312$ & $0.0739733$ & $-0.680588$ & $0.335654$ & $0.0307365$ & $0.00224869$ & $-0.00743459$ & $-0.0302469$ & $-0.00669602$ & $-0.024547$ & $0.196913$ & $0.015008$ & $-0.0189028$ & $-0.00424746$ & $0.0136512$ & $0.0136761$ & $-0.00674202$ & $0.0174578$ & $0.00281571$ & $0.0276314$ & $0.0222766$ & $-0.00113651$ & $-0.00469881$ & $0.0031337$ & $-0.00335813$ & $-0.0205018$ \\
CHQ1_33 & $-0.0264182$ & $0.0444736$ & $0.013998$ & $-0.0139262$ & $0.00878382$ & $0.00652492$ & $0.0868444$ & $-0.669732$ & $-0.662883$ & $0.577697$ & $0.292589$ & $-0.172232$ & $-0.382005$ & $0.471914$ & $0.131853$ & $0.1168$ & $0.692509$ & $0.631005$ & $0.632033$ & $-0.236548$ & $-0.347351$ & $-0.34115$ & $-0.128312$ & $1$ & $0.640261$ & $0.185413$ & $-0.427093$ & $-0.0414176$ & $-0.0263016$ & $-0.103724$ & $-0.0674062$ & $0.0684383$ & $-0.111966$ & $-0.640626$ & $0.0199966$ & $-0.00664007$ & $0.0289109$ & $-0.0145421$ & $0.0117445$ & $-0.0345077$ & $0.00305562$ & $0.0168229$ & $0.0128785$ & $0.028905$ & $-0.0106401$ & $-0.0118975$ & $-0.00745744$ & $-0.0201522$ & $-0.0217895$ \\
CHQ3_11 & $-0.0868443$ & $0.0665168$ & $0.0251254$ & $-0.0131298$ & $-0.00613146$ & $-0.133327$ & $0.0646644$ & $-0.38521$ & $-0.384033$ & $0.476673$ & $-0.0067517$ & $-0.283077$ & $-0.370563$ & $0.605818$ & $-0.114898$ & $-0.125231$ & $0.791574$ & $0.804144$ & $0.807688$ & $0.0124904$ & $0.00337493$ & $0.00465294$ & $0.0739733$ & $0.640261$ & $1$ & $-0.00380716$ & $0.210916$ & $-0.01923$ & $-0.0223079$ & $-0.0940194$ & $-0.0490981$ & $0.0435154$ & $-0.103969$ & $-0.197395$ & $0.0114847$ & $0.0226613$ & $0.000409259$ & $0.0136897$ & $0.0529266$ & $-0.0478635$ & $0.0323994$ & $-0.0142374$ & $0.0400525$ & $0.0272026$ & $-0.00397736$ & $-0.0433111$ & $0.0350771$ & $-0.00798984$ & $0.00722057$ \\
CHu_11 & $-0.031029$ & $0.00381143$ & $-0.0279291$ & $-0.0347458$ & $0.0273964$ & $0.124599$ & $0.0265319$ & $-0.501287$ & $-0.494693$ & $0.213675$ & $0.561728$ & $0.064607$ & $-0.085888$ & $-0.276375$ & $-0.20491$ & $-0.188823$ & $-0.115324$ & $0.025998$ & $0.0229625$ & $-0.552454$ & $-0.563359$ & $-0.545154$ & $-0.680588$ & $0.185413$ & $-0.00380716$ & $1$ & $-0.186726$ & $-0.173171$ & $-0.0117297$ & $-0.0345491$ & $-0.00590075$ & $0.0225393$ & $-0.0411882$ & $-0.245565$ & $0.0126493$ & $-0.00906306$ & $0.00898788$ & $-0.026576$ & $-0.00406924$ & $-0.00539311$ & $-0.00630558$ & $0.00873796$ & $-0.0527803$ & $-0.00956032$ & $-0.0248715$ & $0.041556$ & $-0.0357876$ & $-0.00650577$ & $-0.00251863$ \\
CHd_11 & $-0.0722192$ & $0.0195952$ & $0.0164505$ & $-0.0043248$ & $-0.0180095$ & $-0.128769$ & $-0.0518094$ & $0.443605$ & $0.438945$ & $-0.250553$ & $-0.311736$ & $-0.0335827$ & $0.133752$ & $-0.090925$ & $-0.396136$ & $-0.38723$ & $-0.14797$ & $-0.00986638$ & $-0.00653876$ & $0.234415$ & $0.393637$ & $0.382529$ & $0.335654$ & $-0.427093$ & $0.210916$ & $-0.186726$ & $1$ & $0.134228$ & $0.0153106$ & $0.0219413$ & $0.0109644$ & $-0.0568292$ & $0.0205211$ & $0.696648$ & $-0.00851511$ & $0.0153827$ & $-0.034714$ & $0.0144482$ & $0.0403159$ & $-0.0134015$ & $0.0300467$ & $-0.0349455$ & $0.0442201$ & $0.00554312$ & $-0.00565647$ & $-0.00252465$ & $0.0327578$ & $0.0138613$ & $0.00767546$ \\
CHd_33 & $-0.00440732$ & $0.00149499$ & $0.0029538$ & $0.0285814$ & $-0.000692167$ & $-0.0656755$ & $-0.0470686$ & $0.297809$ & $0.292101$ & $-0.151197$ & $-0.312645$ & $-0.0314126$ & $0.0691463$ & $0.119829$ & $0.108326$ & $0.0997131$ & $0.0317364$ & $-0.0489839$ & $-0.0409338$ & $0.305454$ & $0.316088$ & $0.308829$ & $0.0307365$ & $-0.0414176$ & $-0.01923$ & $-0.173171$ & $0.134228$ & $1$ & $0.0235981$ & $-0.0108479$ & $-0.011369$ & $-0.0464295$ & $0.0131179$ & $0.155535$ & $-0.00270462$ & $0.0101898$ & $-0.0403561$ & $0.0121139$ & $0.0507494$ & $-0.0120759$ & $0.0201962$ & $-0.0285009$ & $0.0135026$ & $-0.00338525$ & $-0.016277$ & $-0.0364256$ & $0.0256607$ & $-0.0115981$ & $-0.00533611$ \\
CeH_22r & $0.037034$ & $0.0217032$ & $-0.0243845$ & $0.00599088$ & $-0.0110105$ & $-0.00265537$ & $-0.0263488$ & $0.0243168$ & $0.0251451$ & $0.0104975$ & $-0.0136983$ & $0.0723004$ & $0.0612719$ & $-0.0133516$ & $0.0239836$ & $-0.0184536$ & $-0.0248382$ & $-0.0406873$ & $-0.0100687$ & $0.0127595$ & $0.0143597$ & $0.0148294$ & $0.00224869$ & $-0.0263016$ & $-0.0223079$ & $-0.0117297$ & $0.0153106$ & $0.0235981$ & $1$ & $0.0606957$ & $0.0229487$ & $-0.0314304$ & $0.0570875$ & $-0.00195323$ & $-0.0265731$ & $0.00358126$ & $-0.0207104$ & $-0.0377618$ & $-0.0175249$ & $0.000451306$ & $0.00319461$ & $-0.0149962$ & $0.0371478$ & $0.01229$ & $0.0191105$ & $0.00661346$ & $0.00422907$ & $-0.0217951$ & $0.0280447$ \\
CeH_33r & $0.0294964$ & $-0.000263214$ & $0.0106349$ & $-0.0120911$ & $-0.0128907$ & $-0.0024075$ & $-0.157779$ & $0.109662$ & $0.126773$ & $-0.114395$ & $-0.0746466$ & $0.347395$ & $0.289756$ & $-0.0353473$ & $0.0517406$ & $0.0553297$ & $-0.0776773$ & $-0.100265$ & $-0.0983076$ & $0.0778294$ & $0.0738211$ & $0.0770578$ & $-0.00743459$ & $-0.103724$ & $-0.0940194$ & $-0.0345491$ & $0.0219413$ & $-0.0108479$ & $0.0606957$ & $1$ & $0.285233$ & $-0.0112101$ & $0.680463$ & $0.0432448$ & $-0.0692538$ & $0.00567444$ & $-0.110982$ & $-0.0202406$ & $-0.0206911$ & $0.0241251$ & $0.0185861$ & $-0.026215$ & $0.0440392$ & $-0.0297962$ & $0.089878$ & $0.021297$ & $-0.0183142$ & $0.0203965$ & $0.0278079$ \\
CuH_22r & $-0.0354642$ & $-0.028982$ & $-0.0280833$ & $0.0315786$ & $0.00325486$ & $0.0133512$ & $-0.0701467$ & $0.0610782$ & $0.070011$ & $-0.0881859$ & $-0.0381446$ & $0.0842264$ & $0.107038$ & $-0.0147089$ & $0.0216934$ & $0.0238718$ & $-0.057071$ & $-0.0551639$ & $-0.057813$ & $0.038762$ & $0.0378843$ & $0.0413526$ & $-0.0302469$ & $-0.0674062$ & $-0.0490981$ & $-0.00590075$ & $0.0109644$ & $-0.011369$ & $0.0229487$ & $0.285233$ & $1$ & $0.0130368$ & $0.281042$ & $0.0245419$ & $-0.0552796$ & $0.0579214$ & $-0.050056$ & $-0.0405797$ & $2.71264e-05$ & $-0.052517$ & $0.000828276$ & $-0.0121658$ & $0.0622407$ & $-0.0890644$ & $-0.0441298$ & $0.0546836$ & $0.32846$ & $-0.0649488$ & $-0.107968$ \\
CuH_33r & $-0.044239$ & $-0.0516998$ & $-0.0183265$ & $-0.0096035$ & $0.00478582$ & $-0.00623219$ & $0.93965$ & $-0.0828001$ & $-0.0415881$ & $0.0686472$ & $0.0620872$ & $-0.131539$ & $-0.241655$ & $0.010798$ & $-0.015314$ & $-0.0118735$ & $0.0495432$ & $0.0537471$ & $0.04511$ & $-0.0604824$ & $-0.0651904$ & $-0.0710266$ & $-0.00669602$ & $0.0684383$ & $0.0435154$ & $0.0225393$ & $-0.0568292$ & $-0.0464295$ & $-0.0314304$ & $-0.0112101$ & $0.0130368$ & $1$ & $0.033248$ & $-0.0502308$ & $0.0637327$ & $0.0131148$ & $0.0468476$ & $0.0185996$ & $0.0351044$ & $0.00850185$ & $-0.0310191$ & $0.00778995$ & $-0.0394304$ & $-0.0322937$ & $0.038221$ & $-0.0467842$ & $0.0116095$ & $-0.000193411$ & $0.0903836$ \\
CdH_33r & $-0.00465299$ & $0.0498042$ & $-0.00158406$ & $-0.0905852$ & $0.00586729$ & $0.00682891$ & $-0.151068$ & $0.129669$ & $0.148371$ & $-0.131276$ & $-0.0953723$ & $0.411135$ & $0.345532$ & $-0.0207509$ & $0.0541339$ & $0.0498033$ & $-0.0803249$ & $-0.102388$ & $-0.0914848$ & $0.0989549$ & $0.0972737$ & $0.0996366$ & $-0.024547$ & $-0.111966$ & $-0.103969$ & $-0.0411882$ & $0.0205211$ & $0.0131179$ & $0.0570875$ & $0.680463$ & $0.281042$ & $0.033248$ & $1$ & $0.0558431$ & $0.067512$ & $0.0159407$ & $-0.115446$ & $0.0166426$ & $0.00515465$ & $0.0231697$ & $0.079703$ & $-0.0471469$ & $0.0656555$ & $0.0984114$ & $0.0786674$ & $-0.0433337$ & $-0.0898356$ & $0.238891$ & $0.405102$ \\
CLL_1221 & $-0.0345025$ & $0.0207543$ & $0.000350691$ & $-0.026025$ & $-0.022104$ & $-0.150518$ & $-0.0534513$ & $0.576222$ & $0.569192$ & $-0.37603$ & $-0.369346$ & $0.00851093$ & $0.216114$ & $-0.227473$ & $-0.590895$ & $-0.106881$ & $-0.26008$ & $0.00577061$ & $-0.353845$ & $0.289261$ & $0.455109$ & $0.446734$ & $0.196913$ & $-0.640626$ & $-0.197395$ & $-0.245565$ & $0.696648$ & $0.155535$ & $-0.00195323$ & $0.0432448$ & $0.0245419$ & $-0.0502308$ & $0.0558431$ & $1$ & $-0.0425908$ & $0.0395164$ & $-0.0178763$ & $0.0380242$ & $-0.000308483$ & $0.0223516$ & $0.0159428$ & $-0.0141439$ & $0.0517956$ & $0.00486272$ & $-0.0083284$ & $-0.0297573$ & $0.02563$ & $0.0308953$ & $0.00974426$ \\
eHggint & $-0.255658$ & $-0.126736$ & $-0.127003$ & $0.0774726$ & $0.0224974$ & $0.0331379$ & $-0.00136242$ & $-0.0225303$ & $-0.0440432$ & $0.0225305$ & $0.0307728$ & $0.0347332$ & $0.00574205$ & $-0.00724343$ & $0.0163749$ & $-0.0634341$ & $-0.014926$ & $-0.0245386$ & $0.0369286$ & $-0.0345357$ & $-0.031047$ & $-0.0277502$ & $0.015008$ & $0.0199966$ & $0.0114847$ & $0.0126493$ & $-0.00851511$ & $-0.00270462$ & $-0.0265731$ & $-0.0692538$ & $-0.0552796$ & $0.0637327$ & $0.067512$ & $-0.0425908$ & $1$ & $-0.136285$ & $0.0909677$ & $0.137516$ & $0.228097$ & $0.0255305$ & $-0.0622452$ & $-0.0340744$ & $-0.0792316$ & $0.00407397$ & $0.0455757$ & $-0.141994$ & $0.0374893$ & $0.0327054$ & $0.322943$ \\
eHggpar & $-0.0435979$ & $0.164168$ & $0.164211$ & $-0.0482126$ & $0.00671779$ & $-0.0017147$ & $-0.0168154$ & $0.0235916$ & $0.0180351$ & $-0.00327022$ & $-0.0346085$ & $0.0133024$ & $0.0148461$ & $0.0219514$ & $-0.00415327$ & $0.0510572$ & $0.0308637$ & $0.0246374$ & $-0.0119692$ & $0.0362904$ & $0.0381511$ & $0.0459445$ & $-0.0189028$ & $-0.00664007$ & $0.0226613$ & $-0.00906306$ & $0.0153827$ & $0.0101898$ & $0.00358126$ & $0.00567444$ & $0.0579214$ & $0.0131148$ & $0.0159407$ & $0.0395164$ & $-0.136285$ & $1$ & $-0.261612$ & $-0.000700726$ & $0.0957441$ & $0.0061831$ & $-0.0180821$ & $-0.00342262$ & $-0.0287755$ & $-0.215585$ & $-0.149674$ & $-0.0571215$ & $0.0909046$ & $0.168969$ & $-0.110363$ \\
eHWWint & $-0.010808$ & $0.0183701$ & $-0.0206387$ & $-0.09752$ & $-0.0277429$ & $-0.0210647$ & $0.0700901$ & $-0.0294076$ & $-0.0426634$ & $0.0291899$ & $0.0237026$ & $0.0014276$ & $-0.021287$ & $-0.00855118$ & $0.00199913$ & $0.00201836$ & $0.0193598$ & $0.0123569$ & $0.00422358$ & $-0.0190563$ & $-0.0227198$ & $-0.0304979$ & $-0.00424746$ & $0.0289109$ & $0.000409259$ & $0.00898788$ & $-0.034714$ & $-0.0403561$ & $-0.0207104$ & $-0.110982$ & $-0.050056$ & $0.0468476$ & $-0.115446$ & $-0.0178763$ & $0.0909677$ & $-0.261612$ & $1$ & $-0.0335043$ & $-0.0879279$ & $-0.0218816$ & $0.055089$ & $-0.0258826$ & $-0.118102$ & $0.204243$ & $0.0024353$ & $0.0433482$ & $0.0113512$ & $-0.0949527$ & $0.128944$ \\
eHWWpar & $-0.0809386$ & $-0.0302701$ & $-0.0138378$ & $0.00420142$ & $0.0128308$ & $-0.0059102$ & $0.0139721$ & $0.0273183$ & $0.0165478$ & $-0.018555$ & $-0.034445$ & $0.000251776$ & $0.015349$ & $0.0284998$ & $-0.0219639$ & $-0.00948937$ & $0.019317$ & $0.0289604$ & $0.0201227$ & $0.0322792$ & $0.0381539$ & $0.0346865$ & $0.0136512$ & $-0.0145421$ & $0.0136897$ & $-0.026576$ & $0.0144482$ & $0.0121139$ & $-0.0377618$ & $-0.0202406$ & $-0.0405797$ & $0.0185996$ & $0.0166426$ & $0.0380242$ & $0.137516$ & $-0.000700726$ & $-0.0335043$ & $1$ & $0.0888429$ & $0.0144832$ & $-0.00885805$ & $7.28984e-05$ & $-0.0333603$ & $0.062058$ & $-0.000696797$ & $-0.0471431$ & $0.00478032$ & $0.0652279$ & $0.108471$ \\
eHZZint & $-0.218088$ & $0.143422$ & $-0.0707345$ & $0.0835619$ & $0.0287359$ & $0.00082262$ & $0.0116066$ & $-0.00543158$ & $-0.010447$ & $0.0335432$ & $-0.000370841$ & $0.00749325$ & $-0.00900997$ & $0.0150847$ & $-0.000760494$ & $-0.0543587$ & $0.0162083$ & $0.00387052$ & $0.0471848$ & $-0.00171928$ & $0.00887284$ & $0.0078503$ & $0.0136761$ & $0.0117445$ & $0.0529266$ & $-0.00406924$ & $0.0403159$ & $0.0507494$ & $-0.0175249$ & $-0.0206911$ & $2.71264e-05$ & $0.0351044$ & $0.00515465$ & $-0.000308483$ & $0.228097$ & $0.0957441$ & $-0.0879279$ & $0.0888429$ & $1$ & $0.0148123$ & $-0.0633675$ & $0.0239589$ & $0.0316093$ & $-0.165153$ & $0.289079$ & $-0.078012$ & $0.0710383$ & $-0.00681294$ & $0.0957314$ \\
eHZZpar & $-0.0317886$ & $-0.0171283$ & $0.0291928$ & $-0.0418911$ & $-0.0130123$ & $0.0315498$ & $0.0100905$ & $0.022476$ & $0.022846$ & $-0.0685807$ & $-0.00455335$ & $-0.00611543$ & $0.0243157$ & $-0.0263846$ & $-0.00787062$ & $0.0102791$ & $-0.0351176$ & $-0.028319$ & $-0.0475968$ & $0.00350546$ & $0.005172$ & $0.00127782$ & $-0.00674202$ & $-0.0345077$ & $-0.0478635$ & $-0.00539311$ & $-0.0134015$ & $-0.0120759$ & $0.000451306$ & $0.0241251$ & $-0.052517$ & $0.00850185$ & $0.0231697$ & $0.0223516$ & $0.0255305$ & $0.0061831$ & $-0.0218816$ & $0.0144832$ & $0.0148123$ & $1$ & $-0.0158488$ & $0.00244494$ & $0.00783177$ & $-0.0283632$ & $0.0609811$ & $-0.0162396$ & $-0.07182$ & $0.0107198$ & $0.0307701$ \\
eHZgaint & $0.102415$ & $0.106435$ & $0.0701879$ & $-0.0902653$ & $0.0439908$ & $-0.00316314$ & $-0.0150621$ & $-0.0135859$ & $-0.0162451$ & $-0.0419778$ & $0.00697973$ & $-0.0315155$ & $-0.0108916$ & $0.00296617$ & $-0.0203723$ & $-0.00126086$ & $0.0166575$ & $0.0269915$ & $0.00948506$ & $-0.00393236$ & $-0.00349952$ & $-0.00240674$ & $0.0174578$ & $0.00305562$ & $0.0323994$ & $-0.00630558$ & $0.0300467$ & $0.0201962$ & $0.00319461$ & $0.0185861$ & $0.000828276$ & $-0.0310191$ & $0.079703$ & $0.0159428$ & $-0.0622452$ & $-0.0180821$ & $0.055089$ & $-0.00885805$ & $-0.0633675$ & $-0.0158488$ & $1$ & $0.0040439$ & $-0.0391671$ & $0.295298$ & $0.0548241$ & $-0.0259231$ & $0.0825591$ & $-0.0526314$ & $0.229335$ \\
eHZgapar & $0.0338859$ & $-0.0391716$ & $-0.00983998$ & $0.00458616$ & $0.0146831$ & $-0.00554352$ & $0.00642698$ & $-0.0264236$ & $-0.0315389$ & $0.00408559$ & $0.026666$ & $-0.0100023$ & $-0.0132477$ & $-0.0179421$ & $-0.00725279$ & $0.024676$ & $0.000437321$ & $0.00708751$ & $-0.0242238$ & $-0.0245314$ & $-0.0312528$ & $-0.0305082$ & $0.00281571$ & $0.0168229$ & $-0.0142374$ & $0.00873796$ & $-0.0349455$ & $-0.0285009$ & $-0.0149962$ & $-0.026215$ & $-0.0121658$ & $0.00778995$ & $-0.0471469$ & $-0.0141439$ & $-0.0340744$ & $-0.00342262$ & $-0.0258826$ & $7.28984e-05$ & $0.0239589$ & $0.00244494$ & $0.0040439$ & $1$ & $-0.0777372$ & $-0.0366299$ & $0.0418486$ & $-0.0236914$ & $0.0290997$ & $0.0187407$ & $-0.0246379$ \\
eHgagaint & $0.00462457$ & $0.14011$ & $0.236799$ & $-0.217284$ & $-0.00251511$ & $-0.0762294$ & $-0.0415891$ & $0.0194162$ & $0.0710267$ & $0.0177493$ & $-0.0342854$ & $0.00452141$ & $0.0150651$ & $0.014271$ & $-0.0175467$ & $0.00195416$ & $0.0550094$ & $0.0386255$ & $0.0271759$ & $0.0334597$ & $0.0446266$ & $0.0397112$ & $0.0276314$ & $0.0128785$ & $0.0400525$ & $-0.0527803$ & $0.0442201$ & $0.0135026$ & $0.0371478$ & $0.0440392$ & $0.0622407$ & $-0.0394304$ & $0.0656555$ & $0.0517956$ & $-0.0792316$ & $-0.0287755$ & $-0.118102$ & $-0.0333603$ & $0.0316093$ & $0.00783177$ & $-0.0391671$ & $-0.0777372$ & $1$ & $0.156412$ & $-0.0620754$ & $0.0774447$ & $0.213909$ & $-0.0785351$ & $0.0928286$ \\
eHmumuint & $-0.0111664$ & $0.312339$ & $0.29585$ & $-0.205624$ & $0.0327671$ & $-0.00677224$ & $-0.0092054$ & $-0.0207698$ & $-0.00718865$ & $0.0295404$ & $0.00797086$ & $0.0203657$ & $0.00020743$ & $0.00634069$ & $0.00137067$ & $0.00470986$ & $0.0330208$ & $0.0228135$ & $0.0181667$ & $0.0026965$ & $-0.000123123$ & $-0.000315385$ & $0.0222766$ & $0.028905$ & $0.0272026$ & $-0.00956032$ & $0.00554312$ & $-0.00338525$ & $0.01229$ & $-0.0297962$ & $-0.0890644$ & $-0.0322937$ & $0.0984114$ & $0.00486272$ & $0.00407397$ & $-0.215585$ & $0.204243$ & $0.062058$ & $-0.165153$ & $-0.0283632$ & $0.295298$ & $-0.0366299$ & $0.156412$ & $1$ & $-0.00821035$ & $0.0284551$ & $-0.190589$ & $-0.0734613$ & $0.331902$ \\
eHtautauint & $0.0570312$ & $-0.047198$ & $0.0164276$ & $0.181358$ & $0.040054$ & $0.0357461$ & $0.0292303$ & $0.0228833$ & $0.0199181$ & $-0.00858775$ & $-0.0300967$ & $0.00679747$ & $0.0107704$ & $0.0215714$ & $0.0260491$ & $0.00271709$ & $0.0118463$ & $-0.00558402$ & $0.0105191$ & $0.0317843$ & $0.0305124$ & $0.0258297$ & $-0.00113651$ & $-0.0106401$ & $-0.00397736$ & $-0.0248715$ & $-0.00565647$ & $-0.016277$ & $0.0191105$ & $0.089878$ & $-0.0441298$ & $0.038221$ & $0.0786674$ & $-0.0083284$ & $0.0455757$ & $-0.149674$ & $0.0024353$ & $-0.000696797$ & $0.289079$ & $0.0609811$ & $0.0548241$ & $0.0418486$ & $-0.0620754$ & $-0.00821035$ & $1$ & $0.0603666$ & $-0.0927416$ & $-0.00123804$ & $0.189746$ \\
eHccint & $0.0521665$ & $0.00436351$ & $0.117924$ & $-0.0187034$ & $-0.000990247$ & $0.00704981$ & $-0.031511$ & $-0.0261984$ & $-0.011305$ & $-0.000924347$ & $0.0570275$ & $0.0210651$ & $0.0170205$ & $-0.0810298$ & $0.0145835$ & $-0.0170229$ & $-0.0518825$ & $-0.0686791$ & $-0.0450076$ & $-0.054186$ & $-0.0576732$ & $-0.0561981$ & $-0.00469881$ & $-0.0118975$ & $-0.0433111$ & $0.041556$ & $-0.00252465$ & $-0.0364256$ & $0.00661346$ & $0.021297$ & $0.0546836$ & $-0.0467842$ & $-0.0433337$ & $-0.0297573$ & $-0.141994$ & $-0.0571215$ & $0.0433482$ & $-0.0471431$ & $-0.078012$ & $-0.0162396$ & $-0.0259231$ & $-0.0236914$ & $0.0774447$ & $0.0284551$ & $0.0603666$ & $1$ & $0.156103$ & $-0.028085$ & $-0.0834549$ \\
eHccpar & $0.00025413$ & $0.00425981$ & $-0.0329746$ & $0.0569914$ & $-0.0157857$ & $-0.0700716$ & $-0.000579854$ & $0.0496433$ & $0.0567838$ & $-0.0504474$ & $-0.0703986$ & $-0.0689622$ & $-0.0176065$ & $0.0577358$ & $0.0196625$ & $0.0357286$ & $0.0360132$ & $0.0259399$ & $0.0135227$ & $0.067967$ & $0.0701941$ & $0.0714429$ & $0.0031337$ & $-0.00745744$ & $0.0350771$ & $-0.0357876$ & $0.0327578$ & $0.0256607$ & $0.00422907$ & $-0.0183142$ & $0.32846$ & $0.0116095$ & $-0.0898356$ & $0.02563$ & $0.0374893$ & $0.0909046$ & $0.0113512$ & $0.00478032$ & $0.0710383$ & $-0.07182$ & $0.0825591$ & $0.0290997$ & $0.213909$ & $-0.190589$ & $-0.0927416$ & $0.156103$ & $1$ & $-0.194761$ & $-0.14209$ \\
eHbbint & $-0.0766299$ & $0.101955$ & $0.0142664$ & $-0.16876$ & $-0.0180196$ & $-0.000722551$ & $-0.0214685$ & $0.0108756$ & $0.00206439$ & $0.000187188$ & $-0.00467872$ & $0.0167492$ & $0.00656572$ & $-0.00195207$ & $-0.0237689$ & $-0.0285207$ & $-0.0104158$ & $0.000308802$ & $0.0118688$ & $0.0022043$ & $0.0127753$ & $0.0150421$ & $-0.00335813$ & $-0.0201522$ & $-0.00798984$ & $-0.00650577$ & $0.0138613$ & $-0.0115981$ & $-0.0217951$ & $0.0203965$ & $-0.0649488$ & $-0.000193411$ & $0.238891$ & $0.0308953$ & $0.0327054$ & $0.168969$ & $-0.0949527$ & $0.0652279$ & $-0.00681294$ & $0.0107198$ & $-0.0526314$ & $0.0187407$ & $-0.0785351$ & $-0.0734613$ & $-0.00123804$ & $-0.028085$ & $-0.194761$ & $1$ & $0.216301$ \\
eHbbpar & $-0.000736701$ & $0.0797335$ & $0.0253115$ & $-0.151907$ & $0.0149744$ & $0.0100163$ & $0.0674593$ & $0.0179611$ & $0.01532$ & $-0.00192092$ & $-0.0251184$ & $0.0171582$ & $-0.00139656$ & $0.0196641$ & $0.00768252$ & $-0.0337536$ & $0.0158297$ & $0.00396813$ & $0.0376863$ & $0.0263656$ & $0.0306948$ & $0.0266775$ & $-0.0205018$ & $-0.0217895$ & $0.00722057$ & $-0.00251863$ & $0.00767546$ & $-0.00533611$ & $0.0280447$ & $0.0278079$ & $-0.107968$ & $0.0903836$ & $0.405102$ & $0.00974426$ & $0.322943$ & $-0.110363$ & $0.128944$ & $0.108471$ & $0.0957314$ & $0.0307701$ & $0.229335$ & $-0.0246379$ & $0.0928286$ & $0.331902$ & $0.189746$ & $-0.0834549$ & $-0.14209$ & $0.216301$ & $1$ \\
