 & AlsMz & dAle5Mz & mtop & mHl & Mz & CW & CHG & CHWB & CHWHB_gaga & CHWHB_gagaorth & CHD & CHbox & CH & CHL1_11 & CHL1_22 & CHL1_33 & CHL3_11 & CHL3_22 & CHL3_33 & CHe_11 & CHe_22 & CHe_33 & CHQ1_11 & CHQ1_33 & CHQ3_11 & CHu_11 & CHd_11 & CHd_33 & CeH_22r & CeH_33r & CuH_22r & CuH_33r & CdH_33r & CLL_1221 & eHggint & eHggpar & eHWWint & eHWWpar & eHZZint & eHZZpar & eHZgaint & eHZgapar & eHgagaint & eHmumuint & eHtautauint & eHccint & eHccpar & eHbbint & eHbbpar \\
AlsMz & $1$ & $0.00705614$ & $-0.00353101$ & $0.132925$ & $-0.0184713$ & $-0.0268766$ & $-0.0316781$ & $-0.00835994$ & $-0.0263921$ & $0.0303021$ & $-0.011867$ & $0.00470545$ & $-0.00727364$ & $0.0257755$ & $-0.0178848$ & $-0.029108$ & $0.0238659$ & $0.034217$ & $0.0406972$ & $0.00164286$ & $0.00671153$ & $0.00874903$ & $0.0376881$ & $-0.0377934$ & $-0.077879$ & $-0.0704961$ & $-0.0166336$ & $-0.00100575$ & $0.00226202$ & $-0.032712$ & $0.0331437$ & $-0.0339042$ & $0.0267879$ & $0.0068387$ & $0.0497818$ & $0.0598239$ & $0.149891$ & $-0.00205584$ & $0.227407$ & $-0.0258626$ & $0.154206$ & $-0.00936516$ & $-0.145268$ & $-0.0236709$ & $0.00949047$ & $0.216092$ & $0.212576$ & $0.197246$ & $0.129757$ \\
dAle5Mz & $0.00705614$ & $1$ & $0.149796$ & $-0.0843072$ & $0.0122411$ & $0.0177859$ & $0.0107549$ & $-0.0676097$ & $-0.0568867$ & $0.00687621$ & $0.0727727$ & $-0.0104954$ & $0.00834946$ & $-0.0509658$ & $-0.107959$ & $-0.113853$ & $-0.00552601$ & $0.0407438$ & $0.0418335$ & $-0.0612491$ & $-0.0391632$ & $-0.0437625$ & $0.0233236$ & $-0.0193323$ & $0.0436117$ & $0.0464207$ & $0.094261$ & $-0.0321597$ & $-0.0131389$ & $-0.00140623$ & $0.0322862$ & $0.00480214$ & $0.0288137$ & $0.087179$ & $-0.14989$ & $0.156314$ & $0.0589263$ & $0.0309764$ & $0.0836511$ & $-0.0304531$ & $0.0780044$ & $0.0228109$ & $0.142104$ & $0.0857016$ & $0.0277499$ & $0.0304091$ & $0.152553$ & $-0.0872858$ & $0.120223$ \\
mtop & $-0.00353101$ & $0.149796$ & $1$ & $0.118282$ & $-0.0216822$ & $-0.00722715$ & $0.0104906$ & $0.0386128$ & $0.0496961$ & $-0.00275404$ & $-0.0356835$ & $0.0142396$ & $-0.00385262$ & $0.0217835$ & $0.0251636$ & $0.0173977$ & $0.00426436$ & $-0.0116015$ & $-0.00659334$ & $0.0441189$ & $0.0435812$ & $0.0408592$ & $0.0138401$ & $-0.0246845$ & $-0.0225754$ & $-0.0425971$ & $-0.00967728$ & $0.00874917$ & $-0.03891$ & $0.0298167$ & $0.0404871$ & $0.0105231$ & $-0.0647468$ & $0.0197627$ & $0.05143$ & $0.0823453$ & $0.0271945$ & $0.03853$ & $-0.11733$ & $-0.0712983$ & $-0.0676713$ & $-0.00728087$ & $0.141266$ & $-0.0225639$ & $0.191438$ & $0.0637913$ & $0.0483856$ & $0.0889593$ & $-0.174982$ \\
mHl & $0.132925$ & $-0.0843072$ & $0.118282$ & $1$ & $-0.0477312$ & $-0.040165$ & $-0.00220695$ & $0.0430525$ & $0.0349477$ & $-0.0225637$ & $-0.028875$ & $-0.010253$ & $-0.0064781$ & $-0.00928015$ & $0.00504946$ & $0.0162387$ & $-0.0260162$ & $-0.0264554$ & $-0.0352243$ & $0.0247551$ & $0.0277172$ & $0.031136$ & $0.0476531$ & $-0.0616353$ & $-0.0493256$ & $-0.0494938$ & $0.00268401$ & $-0.0174496$ & $-0.0192112$ & $-0.0321646$ & $-0.0357498$ & $-0.00744929$ & $-0.072105$ & $0.0268312$ & $0.15114$ & $-0.130582$ & $0.164799$ & $0.0282364$ & $0.233964$ & $-0.00359747$ & $-0.0529421$ & $-0.0133295$ & $-0.0624506$ & $-0.199209$ & $0.0174585$ & $-0.108044$ & $-0.0671629$ & $0.0527429$ & $-0.0635341$ \\
Mz & $-0.0184713$ & $0.0122411$ & $-0.0216822$ & $-0.0477312$ & $1$ & $0.00904083$ & $-0.00343639$ & $-0.00991245$ & $-0.011429$ & $0.0347716$ & $0.0090785$ & $0.0352225$ & $0.00384228$ & $0.0191082$ & $0.0187813$ & $0.0171489$ & $0.0115816$ & $0.0038324$ & $0.00243516$ & $0.00162757$ & $-0.00274833$ & $-0.00227448$ & $0.00419332$ & $0.0242435$ & $0.00971794$ & $-0.013955$ & $-0.0185407$ & $0.0190512$ & $0.00799794$ & $0.00907971$ & $0.0149277$ & $0.00552285$ & $0.0087269$ & $-0.0253169$ & $0.00697835$ & $0.0482465$ & $-0.0225782$ & $0.0001776$ & $-0.0257983$ & $0.00457764$ & $0.0205854$ & $0.012042$ & $-0.0238865$ & $0.00706912$ & $0.0191101$ & $-0.00738472$ & $-0.0356232$ & $-0.00898334$ & $0.00900811$ \\
CW & $-0.0268766$ & $0.0177859$ & $-0.00722715$ & $-0.040165$ & $0.00904083$ & $1$ & $-0.0182314$ & $-0.138993$ & $-0.130493$ & $0.00864317$ & $0.190092$ & $0.0383615$ & $-0.00634$ & $0.0375876$ & $-0.0590812$ & $-0.0577352$ & $-0.246488$ & $-0.0446011$ & $-0.0496595$ & $-0.18516$ & $-0.195604$ & $-0.196634$ & $-0.0345829$ & $0.0193992$ & $-0.0753689$ & $0.118396$ & $-0.0976573$ & $-0.0852933$ & $-0.00776825$ & $0.0270275$ & $0.0210229$ & $-0.0101972$ & $0.00926776$ & $-0.143822$ & $-0.0109131$ & $-0.0544618$ & $-0.0402925$ & $0.0331477$ & $-0.0345977$ & $0.0147232$ & $0.00779593$ & $0.0238188$ & $0.0656457$ & $0.0529874$ & $0.0538925$ & $-0.00788881$ & $-0.0018994$ & $-0.026932$ & $0.0126717$ \\
CHG & $-0.0316781$ & $0.0107549$ & $0.0104906$ & $-0.00220695$ & $-0.00343639$ & $-0.0182314$ & $1$ & $-0.100335$ & $-0.0473223$ & $0.0277572$ & $0.0752665$ & $-0.0135003$ & $-0.305854$ & $0.0209601$ & $-0.0334077$ & $-0.0575575$ & $0.0483783$ & $0.0661846$ & $0.084374$ & $-0.0758787$ & $-0.0746462$ & $-0.0723628$ & $-0.0237088$ & $0.0850211$ & $0.0715415$ & $0.0611238$ & $-0.0223453$ & $-0.0387528$ & $0.0287777$ & $-0.115238$ & $-0.0644491$ & $0.931885$ & $-0.139036$ & $-0.0523535$ & $-0.0905725$ & $-0.0253352$ & $0.00199696$ & $0.0330172$ & $-0.0415062$ & $0.0194459$ & $-0.006516$ & $0.00253322$ & $0.0405833$ & $-0.0355923$ & $0.011153$ & $-0.0495478$ & $0.0210485$ & $0.0205312$ & $0.0164652$ \\
CHWB & $-0.00835994$ & $-0.0676097$ & $0.0386128$ & $0.0430525$ & $-0.00991245$ & $-0.138993$ & $-0.100335$ & $1$ & $0.982895$ & $-0.557651$ & $-0.870399$ & $-0.303726$ & $0.337481$ & $0.0793064$ & $0.268696$ & $0.249376$ & $-0.233605$ & $-0.424198$ & $-0.41121$ & $0.83941$ & $0.890739$ & $0.873389$ & $0.07653$ & $-0.659912$ & $-0.377587$ & $-0.488268$ & $0.449093$ & $0.310413$ & $0.0169026$ & $0.105018$ & $0.0519059$ & $-0.107676$ & $0.125087$ & $0.553282$ & $-0.0369646$ & $-0.0187394$ & $-0.0369662$ & $0.00380471$ & $-0.0168776$ & $0.00109942$ & $-0.00769702$ & $0.006852$ & $-0.0450487$ & $0.0217861$ & $-0.0583431$ & $0.0431582$ & $0.0131387$ & $0.0423841$ & $-0.0012726$ \\
CHWHB_gaga & $-0.0263921$ & $-0.0568867$ & $0.0496961$ & $0.0349477$ & $-0.011429$ & $-0.130493$ & $-0.0473223$ & $0.982895$ & $1$ & $-0.552284$ & $-0.847966$ & $-0.276866$ & $0.329849$ & $0.0639595$ & $0.264003$ & $0.23861$ & $-0.24468$ & $-0.430858$ & $-0.413369$ & $0.817913$ & $0.868934$ & $0.852105$ & $0.0766176$ & $-0.655394$ & $-0.38055$ & $-0.475954$ & $0.443879$ & $0.304793$ & $0.0285946$ & $0.128688$ & $0.0663736$ & $-0.0651141$ & $0.154875$ & $0.543343$ & $-0.060914$ & $-0.0334256$ & $-0.0538117$ & $0.00436524$ & $-0.0235188$ & $-0.00146734$ & $-0.00724802$ & $0.00960166$ & $0.01612$ & $0.0212817$ & $-0.0586416$ & $0.0372371$ & $0.0132778$ & $0.0455532$ & $0.00382155$ \\
CHWHB_gagaorth & $0.0303021$ & $0.00687621$ & $-0.00275404$ & $-0.0225637$ & $0.0347716$ & $0.00864317$ & $0.0277572$ & $-0.557651$ & $-0.552284$ & $1$ & $0.330579$ & $0.65879$ & $-0.246482$ & $0.248621$ & $-0.103241$ & $-0.0746248$ & $0.436802$ & $0.488499$ & $0.47043$ & $-0.316081$ & $-0.351354$ & $-0.342648$ & $-0.0471981$ & $0.551646$ & $0.462854$ & $0.178293$ & $-0.253511$ & $-0.121069$ & $-0.0150411$ & $-0.132121$ & $-0.0578322$ & $0.0540409$ & $-0.151353$ & $-0.33604$ & $0.0598051$ & $0.0412532$ & $0.0300993$ & $0.015473$ & $0.0352304$ & $-0.0231162$ & $-0.00573096$ & $-0.023077$ & $0.0371309$ & $-0.028505$ & $0.0234883$ & $0.0117249$ & $0.0230196$ & $0.0248402$ & $-0.017701$ \\
CHD & $-0.011867$ & $0.0727727$ & $-0.0356835$ & $-0.028875$ & $0.0090785$ & $0.190092$ & $0.0752665$ & $-0.870399$ & $-0.847966$ & $0.330579$ & $1$ & $0.305129$ & $-0.15269$ & $-0.513267$ & $-0.404971$ & $-0.389155$ & $-0.241063$ & $0.0435082$ & $0.0233201$ & $-0.990147$ & $-0.990426$ & $-0.970463$ & $-0.0173927$ & $0.273595$ & $-0.0187742$ & $0.549678$ & $-0.305105$ & $-0.352371$ & $-0.00155552$ & $-0.0538319$ & $-0.0217757$ & $0.0888746$ & $-0.0803075$ & $-0.345433$ & $0.0471832$ & $-0.0113451$ & $0.0125279$ & $-0.006175$ & $-0.00147661$ & $-0.00436316$ & $-0.0111381$ & $0.00445637$ & $0.0542778$ & $-0.0449605$ & $0.0167718$ & $-0.052216$ & $-0.0258894$ & $-0.0427066$ & $-0.00776644$ \\
CHbox & $0.00470545$ & $-0.0104954$ & $0.0142396$ & $-0.010253$ & $0.0352225$ & $0.0383615$ & $-0.0135003$ & $-0.303726$ & $-0.276866$ & $0.65879$ & $0.305129$ & $1$ & $-0.10151$ & $-0.118926$ & $-0.0407954$ & $-0.02763$ & $-0.0140278$ & $0.0314059$ & $0.0188694$ & $-0.284305$ & $-0.317583$ & $-0.308479$ & $-0.0392031$ & $0.172645$ & $0.0203127$ & $0.173917$ & $-0.183839$ & $-0.12113$ & $0.0194264$ & $0.166814$ & $0.0451556$ & $0.0696269$ & $0.172506$ & $-0.203077$ & $0.115448$ & $0.0347393$ & $-0.00435858$ & $0.0246656$ & $0.00809139$ & $-0.0308766$ & $0.00658361$ & $0.00574395$ & $0.0338$ & $-0.0326778$ & $0.000498197$ & $0.0364628$ & $0.0144971$ & $0.0369927$ & $-0.0256705$ \\
CH & $-0.00727364$ & $0.00834946$ & $-0.00385262$ & $-0.0064781$ & $0.00384228$ & $-0.00634$ & $-0.305854$ & $0.337481$ & $0.329849$ & $-0.246482$ & $-0.15269$ & $-0.10151$ & $1$ & $-0.251957$ & $0.0634908$ & $0.0678143$ & $-0.357461$ & $-0.380651$ & $-0.392206$ & $0.149105$ & $0.164135$ & $0.160776$ & $0.0322707$ & $-0.386919$ & $-0.371519$ & $-0.0840135$ & $0.132764$ & $0.0454705$ & $0.0673459$ & $0.249054$ & $0.105133$ & $-0.263575$ & $0.306098$ & $0.203454$ & $0.0285514$ & $0.00462432$ & $-0.0341861$ & $-0.0123247$ & $-0.0529154$ & $0.00159947$ & $-0.0329671$ & $-0.00897901$ & $-0.0285129$ & $-0.0179095$ & $-0.0349669$ & $-0.015387$ & $-0.00561379$ & $-0.0033657$ & $-0.00637204$ \\
CHL1_11 & $0.0257755$ & $-0.0509658$ & $0.0217835$ & $-0.00928015$ & $0.0191082$ & $0.0375876$ & $0.0209601$ & $0.0793064$ & $0.0639595$ & $0.248621$ & $-0.513267$ & $-0.118926$ & $-0.251957$ & $1$ & $0.290246$ & $0.277299$ & $0.683859$ & $0.603052$ & $0.628163$ & $0.533557$ & $0.468512$ & $0.454774$ & $-0.0797981$ & $0.498641$ & $0.617734$ & $-0.273008$ & $-0.114961$ & $0.173694$ & $-0.0194103$ & $-0.0588941$ & $-0.0361967$ & $0.00712136$ & $-0.0434051$ & $-0.238269$ & $-0.0413813$ & $0.0458778$ & $0.0221365$ & $0.0247526$ & $0.0356949$ & $0.000786286$ & $0.0246862$ & $-0.0147321$ & $-0.0210966$ & $0.059901$ & $0.0716996$ & $0.0430179$ & $0.0273299$ & $0.0172459$ & $0.00780338$ \\
CHL1_22 & $-0.0178848$ & $-0.107959$ & $0.0251636$ & $0.00504946$ & $0.0187813$ & $-0.0590812$ & $-0.0334077$ & $0.268696$ & $0.264003$ & $-0.103241$ & $-0.404971$ & $-0.0407954$ & $0.0634908$ & $0.290246$ & $1$ & $0.465042$ & $0.176609$ & $-0.430974$ & $-0.0132577$ & $0.474216$ & $0.313676$ & $0.302709$ & $-0.200159$ & $0.147438$ & $-0.110341$ & $-0.160587$ & $-0.412601$ & $0.120484$ & $0.0176959$ & $0.0144006$ & $-0.0188787$ & $-0.0346026$ & $0.0225079$ & $-0.626771$ & $0.0287689$ & $0.0210998$ & $0.0227447$ & $-0.0056524$ & $-0.00970003$ & $-0.00178026$ & $-0.00993567$ & $0.00148372$ & $-0.00537981$ & $0.024698$ & $0.0869563$ & $-0.0451451$ & $-0.0498521$ & $-0.0401475$ & $-0.00478784$ \\
CHL1_33 & $-0.029108$ & $-0.113853$ & $0.0173977$ & $0.0162387$ & $0.0171489$ & $-0.0577352$ & $-0.0575575$ & $0.249376$ & $0.23861$ & $-0.0746248$ & $-0.389155$ & $-0.02763$ & $0.0678143$ & $0.277299$ & $0.465042$ & $1$ & $0.199304$ & $-0.0122624$ & $-0.386537$ & $0.456347$ & $0.302493$ & $0.321928$ & $-0.203117$ & $0.171186$ & $-0.102723$ & $-0.150174$ & $-0.413824$ & $0.117103$ & $7.22137e-05$ & $-0.00619231$ & $-0.0282772$ & $-0.0575591$ & $-0.00429906$ & $-0.162407$ & $0.072648$ & $0.00924062$ & $-0.00239532$ & $0.0078457$ & $-0.0219013$ & $0.00627584$ & $-0.0162279$ & $-0.0125108$ & $-0.0840654$ & $-0.0229022$ & $0.0605677$ & $-0.0362932$ & $-0.0362271$ & $-0.00408466$ & $-0.0237114$ \\
CHL3_11 & $0.0238659$ & $-0.00552601$ & $0.00426436$ & $-0.0260162$ & $0.0115816$ & $-0.246488$ & $0.0483783$ & $-0.233605$ & $-0.24468$ & $0.436802$ & $-0.241063$ & $-0.0140278$ & $-0.357461$ & $0.683859$ & $0.176609$ & $0.199304$ & $1$ & $0.7445$ & $0.747222$ & $0.266478$ & $0.203612$ & $0.201192$ & $-0.0695436$ & $0.691835$ & $0.783249$ & $-0.128465$ & $-0.168191$ & $0.089498$ & $-0.0391902$ & $-0.0980986$ & $-0.0580753$ & $0.034306$ & $-0.0937933$ & $-0.249577$ & $-0.0211053$ & $0.0559832$ & $0.046506$ & $-0.00239204$ & $0.0260326$ & $0.0119553$ & $0.0362344$ & $-0.0254147$ & $-0.016727$ & $0.0355035$ & $0.0561906$ & $0.0173232$ & $0.0232024$ & $0.00668401$ & $0.00880513$ \\
CHL3_22 & $0.034217$ & $0.0407438$ & $-0.0116015$ & $-0.0264554$ & $0.0038324$ & $-0.0446011$ & $0.0661846$ & $-0.424198$ & $-0.430858$ & $0.488499$ & $0.0435082$ & $0.0314059$ & $-0.380651$ & $0.603052$ & $-0.430974$ & $-0.0122624$ & $0.7445$ & $1$ & $0.689599$ & $-0.0461925$ & $-0.0383865$ & $-0.0332778$ & $0.0180857$ & $0.618813$ & $0.793959$ & $0.000977123$ & $-0.00706996$ & $-0.00640046$ & $-0.0407966$ & $-0.105552$ & $-0.0447449$ & $0.0562133$ & $-0.102924$ & $0.0460614$ & $-0.0310633$ & $0.0388412$ & $0.0271714$ & $0.0109641$ & $0.0336711$ & $0.00775901$ & $0.0374529$ & $-0.0218204$ & $-0.0175227$ & $0.0220027$ & $0.022367$ & $0.0412457$ & $0.049405$ & $0.0288556$ & $0.0102311$ \\
CHL3_33 & $0.0406972$ & $0.0418335$ & $-0.00659334$ & $-0.0352243$ & $0.00243516$ & $-0.0496595$ & $0.084374$ & $-0.41121$ & $-0.413369$ & $0.47043$ & $0.0233201$ & $0.0188694$ & $-0.392206$ & $0.628163$ & $-0.0132577$ & $-0.386537$ & $0.747222$ & $0.689599$ & $1$ & $-0.0234112$ & $-0.0220653$ & $-0.0212125$ & $0.0215499$ & $0.615351$ & $0.803785$ & $-0.0125063$ & $-0.0100349$ & $0.00274785$ & $-0.0315874$ & $-0.0905545$ & $-0.0413664$ & $0.0735329$ & $-0.0838617$ & $-0.319097$ & $-0.0660732$ & $0.0509778$ & $0.0405374$ & $0.00245312$ & $0.0435868$ & $0.00668785$ & $0.0458073$ & $-0.0162138$ & $0.0396829$ & $0.0604855$ & $0.0435449$ & $0.0391859$ & $0.0361229$ & $0.00121039$ & $0.0239586$ \\
CHe_11 & $0.00164286$ & $-0.0612491$ & $0.0441189$ & $0.0247551$ & $0.00162757$ & $-0.18516$ & $-0.0758787$ & $0.83941$ & $0.817913$ & $-0.316081$ & $-0.990147$ & $-0.284305$ & $0.149105$ & $0.533557$ & $0.474216$ & $0.456347$ & $0.266478$ & $-0.0461925$ & $-0.0234112$ & $1$ & $0.970943$ & $0.951346$ & $-0.0126331$ & $-0.216054$ & $0.0269918$ & $-0.536528$ & $0.228379$ & $0.346116$ & $0.00135768$ & $0.0483914$ & $0.0172135$ & $-0.0883354$ & $0.0750515$ & $0.26288$ & $-0.0417087$ & $0.0175163$ & $-0.00849359$ & $0.00310605$ & $-0.00120571$ & $0.00296758$ & $0.0127639$ & $-0.00473691$ & $-0.0544723$ & $0.0472237$ & $-0.00134293$ & $0.0424038$ & $0.0212573$ & $0.0325629$ & $0.0061268$ \\
CHe_22 & $0.00671153$ & $-0.0391632$ & $0.0435812$ & $0.0277172$ & $-0.00274833$ & $-0.195604$ & $-0.0746462$ & $0.890739$ & $0.868934$ & $-0.351354$ & $-0.990426$ & $-0.317583$ & $0.164135$ & $0.468512$ & $0.313676$ & $0.302493$ & $0.203612$ & $-0.0383865$ & $-0.0220653$ & $0.970943$ & $1$ & $0.976138$ & $0.0510868$ & $-0.33605$ & $0.0118012$ & $-0.554631$ & $0.392044$ & $0.353824$ & $0.000929898$ & $0.0598029$ & $0.0270844$ & $-0.0888527$ & $0.0848572$ & $0.439586$ & $-0.0585492$ & $0.0129045$ & $-0.0157542$ & $0.00729624$ & $0.00199599$ & $0.00369448$ & $0.0126154$ & $-0.00412334$ & $-0.0478233$ & $0.0485154$ & $-0.0288731$ & $0.0606479$ & $0.0330147$ & $0.0446757$ & $0.00925649$ \\
CHe_33 & $0.00874903$ & $-0.0437625$ & $0.0408592$ & $0.031136$ & $-0.00227448$ & $-0.196634$ & $-0.0723628$ & $0.873389$ & $0.852105$ & $-0.342648$ & $-0.970463$ & $-0.308479$ & $0.160776$ & $0.454774$ & $0.302709$ & $0.321928$ & $0.201192$ & $-0.0332778$ & $-0.0212125$ & $0.951346$ & $0.976138$ & $1$ & $0.0477484$ & $-0.327382$ & $0.0100897$ & $-0.541921$ & $0.383297$ & $0.350881$ & $-0.00232625$ & $0.0587142$ & $0.0274424$ & $-0.0866838$ & $0.0834952$ & $0.438757$ & $-0.0594231$ & $0.0154119$ & $-0.0212175$ & $0.0147014$ & $0.00467636$ & $0.0102815$ & $0.0133324$ & $-0.00188378$ & $-0.0467392$ & $0.0378369$ & $-0.0327858$ & $0.060384$ & $0.0284813$ & $0.0465809$ & $0.00381011$ \\
CHQ1_11 & $0.0376881$ & $0.0233236$ & $0.0138401$ & $0.0476531$ & $0.00419332$ & $-0.0345829$ & $-0.0237088$ & $0.07653$ & $0.0766176$ & $-0.0471981$ & $-0.0173927$ & $-0.0392031$ & $0.0322707$ & $-0.0797981$ & $-0.200159$ & $-0.203117$ & $-0.0695436$ & $0.0180857$ & $0.0215499$ & $-0.0126331$ & $0.0510868$ & $0.0477484$ & $1$ & $-0.158194$ & $0.0940704$ & $-0.687228$ & $0.373205$ & $0.0114926$ & $0.00178449$ & $0.0272065$ & $-0.00241175$ & $-0.0293969$ & $0.0215699$ & $0.229466$ & $-0.0481845$ & $-0.0323804$ & $-0.00854707$ & $-0.00902336$ & $0.0450175$ & $0.0206641$ & $0.0321735$ & $0.00755966$ & $0.00698163$ & $0.0231645$ & $0.00372227$ & $0.04381$ & $0.0428628$ & $0.0478585$ & $0.010099$ \\
CHQ1_33 & $-0.0377934$ & $-0.0193323$ & $-0.0246845$ & $-0.0616353$ & $0.0242435$ & $0.0193992$ & $0.0850211$ & $-0.659912$ & $-0.655394$ & $0.551646$ & $0.273595$ & $0.172645$ & $-0.386919$ & $0.498641$ & $0.147438$ & $0.171186$ & $0.691835$ & $0.618813$ & $0.615351$ & $-0.216054$ & $-0.33605$ & $-0.327382$ & $-0.158194$ & $1$ & $0.634755$ & $0.182879$ & $-0.450273$ & $-0.00493991$ & $-0.0341336$ & $-0.112867$ & $-0.0583316$ & $0.0848672$ & $-0.117131$ & $-0.62735$ & $0.00665114$ & $0.0644748$ & $0.0428595$ & $-0.00815033$ & $0.00911741$ & $0.0112676$ & $0.0159843$ & $-0.0262608$ & $0.00337544$ & $0.01169$ & $0.0863312$ & $-0.0224744$ & $-0.00376508$ & $-0.0217023$ & $-0.00562905$ \\
CHQ3_11 & $-0.077879$ & $0.0436117$ & $-0.0225754$ & $-0.0493256$ & $0.00971794$ & $-0.0753689$ & $0.0715415$ & $-0.377587$ & $-0.38055$ & $0.462854$ & $-0.0187742$ & $0.0203127$ & $-0.371519$ & $0.617734$ & $-0.110341$ & $-0.102723$ & $0.783249$ & $0.793959$ & $0.803785$ & $0.0269918$ & $0.0118012$ & $0.0100897$ & $0.0940704$ & $0.634755$ & $1$ & $-0.0215581$ & $0.197345$ & $0.0217861$ & $-0.0400119$ & $-0.0913156$ & $-0.0566707$ & $0.06352$ & $-0.0998474$ & $-0.182545$ & $-0.0567817$ & $0.0460679$ & $0.00824493$ & $-0.000184879$ & $0.011107$ & $0.0167563$ & $0.0531515$ & $-0.0246898$ & $0.0218606$ & $0.0363875$ & $0.0139687$ & $0.0264834$ & $0.0101956$ & $-5.46569e-05$ & $-0.0305775$ \\
CHu_11 & $-0.0704961$ & $0.0464207$ & $-0.0425971$ & $-0.0494938$ & $-0.013955$ & $0.118396$ & $0.0611238$ & $-0.488268$ & $-0.475954$ & $0.178293$ & $0.549678$ & $0.173917$ & $-0.0840135$ & $-0.273008$ & $-0.160587$ & $-0.150174$ & $-0.128465$ & $0.000977123$ & $-0.0125063$ & $-0.536528$ & $-0.554631$ & $-0.541921$ & $-0.687228$ & $0.182879$ & $-0.0215581$ & $1$ & $-0.198728$ & $-0.181845$ & $-0.00499239$ & $-0.0265193$ & $-0.00761123$ & $0.0775533$ & $-0.0545154$ & $-0.249727$ & $0.0711419$ & $0.0149255$ & $0.00665325$ & $0.00143526$ & $-0.0470854$ & $-0.0159993$ & $-0.0267886$ & $0.00924465$ & $0.0396548$ & $-0.056251$ & $-0.0407458$ & $-0.0459497$ & $-0.054214$ & $-0.0397287$ & $-0.0355922$ \\
CHd_11 & $-0.0166336$ & $0.094261$ & $-0.00967728$ & $0.00268401$ & $-0.0185407$ & $-0.0976573$ & $-0.0223453$ & $0.449093$ & $0.443879$ & $-0.253511$ & $-0.305105$ & $-0.183839$ & $0.132764$ & $-0.114961$ & $-0.412601$ & $-0.413824$ & $-0.168191$ & $-0.00706996$ & $-0.0100349$ & $0.228379$ & $0.392044$ & $0.383297$ & $0.373205$ & $-0.450273$ & $0.197345$ & $-0.198728$ & $1$ & $0.131402$ & $-0.0111235$ & $0.063971$ & $0.0416042$ & $-0.024474$ & $0.063582$ & $0.706256$ & $-0.0898124$ & $-0.000123001$ & $-0.0444017$ & $-0.0055994$ & $-0.000791502$ & $0.0141627$ & $0.0497707$ & $-0.00171856$ & $0.0129674$ & $0.0109464$ & $-0.136531$ & $0.0911101$ & $0.0469083$ & $0.0668402$ & $-0.027762$ \\
CHd_33 & $-0.00100575$ & $-0.0321597$ & $0.00874917$ & $-0.0174496$ & $0.0190512$ & $-0.0852933$ & $-0.0387528$ & $0.310413$ & $0.304793$ & $-0.121069$ & $-0.352371$ & $-0.12113$ & $0.0454705$ & $0.173694$ & $0.120484$ & $0.117103$ & $0.089498$ & $-0.00640046$ & $0.00274785$ & $0.346116$ & $0.353824$ & $0.350881$ & $0.0114926$ & $-0.00493991$ & $0.0217861$ & $-0.181845$ & $0.131402$ & $1$ & $-0.0158371$ & $0.02961$ & $0.0144208$ & $-0.0368032$ & $0.0385056$ & $0.146632$ & $-0.044868$ & $0.0342768$ & $0.00276669$ & $-0.0165924$ & $0.00575799$ & $0.0173561$ & $-0.00443646$ & $0.0213705$ & $-0.0376647$ & $0.0418143$ & $-0.0117979$ & $0.0313202$ & $0.00716886$ & $0.0182508$ & $0.0224464$ \\
CeH_22r & $0.00226202$ & $-0.0131389$ & $-0.03891$ & $-0.0192112$ & $0.00799794$ & $-0.00776825$ & $0.0287777$ & $0.0169026$ & $0.0285946$ & $-0.0150411$ & $-0.00155552$ & $0.0194264$ & $0.0673459$ & $-0.0194103$ & $0.0176959$ & $7.22137e-05$ & $-0.0391902$ & $-0.0407966$ & $-0.0315874$ & $0.00135768$ & $0.000929898$ & $-0.00232625$ & $0.00178449$ & $-0.0341336$ & $-0.0400119$ & $-0.00499239$ & $-0.0111235$ & $-0.0158371$ & $1$ & $0.0591462$ & $0.0147707$ & $0.00499739$ & $0.0449463$ & $-0.00703187$ & $-0.0175511$ & $-0.042838$ & $-0.00884172$ & $0.0167854$ & $-0.0397679$ & $-0.0182093$ & $0.0225714$ & $-0.0152248$ & $0.0226339$ & $0.0415791$ & $-0.00338204$ & $-0.0189138$ & $0.0126101$ & $-0.0263085$ & $0.00951904$ \\
CeH_33r & $-0.032712$ & $-0.00140623$ & $0.0298167$ & $-0.0321646$ & $0.00907971$ & $0.0270275$ & $-0.115238$ & $0.105018$ & $0.128688$ & $-0.132121$ & $-0.0538319$ & $0.166814$ & $0.249054$ & $-0.0588941$ & $0.0144006$ & $-0.00619231$ & $-0.0980986$ & $-0.105552$ & $-0.0905545$ & $0.0483914$ & $0.0598029$ & $0.0587142$ & $0.0272065$ & $-0.112867$ & $-0.0913156$ & $-0.0265193$ & $0.063971$ & $0.02961$ & $0.0591462$ & $1$ & $0.349726$ & $0.0336976$ & $0.657472$ & $0.0652984$ & $-0.0356096$ & $0.000648264$ & $-0.148548$ & $-0.0238676$ & $-0.10255$ & $0.00992085$ & $-0.00642086$ & $0.00122096$ & $-0.000197368$ & $0.0111071$ & $0.0791482$ & $0.0297477$ & $0.0239259$ & $-0.00798261$ & $-0.00189384$ \\
CuH_22r & $0.0331437$ & $0.0322862$ & $0.0404871$ & $-0.0357498$ & $0.0149277$ & $0.0210229$ & $-0.0644491$ & $0.0519059$ & $0.0663736$ & $-0.0578322$ & $-0.0217757$ & $0.0451556$ & $0.105133$ & $-0.0361967$ & $-0.0188787$ & $-0.0282772$ & $-0.0580753$ & $-0.0447449$ & $-0.0413664$ & $0.0172135$ & $0.0270844$ & $0.0274424$ & $-0.00241175$ & $-0.0583316$ & $-0.0566707$ & $-0.00761123$ & $0.0416042$ & $0.0144208$ & $0.0147707$ & $0.349726$ & $1$ & $0.0335489$ & $0.399631$ & $0.0533924$ & $-0.0204363$ & $-0.0212942$ & $-0.0391741$ & $1.89857e-05$ & $0.0163679$ & $-0.00339528$ & $0.0805659$ & $-0.0118182$ & $-0.0138094$ & $-0.00166599$ & $0.0229988$ & $0.133386$ & $0.364753$ & $0.0946312$ & $0.0440723$ \\
CuH_33r & $-0.0339042$ & $0.00480214$ & $0.0105231$ & $-0.00744929$ & $0.00552285$ & $-0.0101972$ & $0.931885$ & $-0.107676$ & $-0.0651141$ & $0.0540409$ & $0.0888746$ & $0.0696269$ & $-0.263575$ & $0.00712136$ & $-0.0346026$ & $-0.0575591$ & $0.034306$ & $0.0562133$ & $0.0735329$ & $-0.0883354$ & $-0.0888527$ & $-0.0866838$ & $-0.0293969$ & $0.0848672$ & $0.06352$ & $0.0775533$ & $-0.024474$ & $-0.0368032$ & $0.00499739$ & $0.0336976$ & $0.0335489$ & $1$ & $0.0386204$ & $-0.0583939$ & $-0.0220759$ & $0.00806485$ & $-0.0382874$ & $0.0211594$ & $-0.0393017$ & $0.0205877$ & $-0.00264982$ & $-0.00409833$ & $0.028472$ & $-0.0445317$ & $-0.00258924$ & $-0.0396498$ & $0.0296887$ & $0.028325$ & $0.00821718$ \\
CdH_33r & $0.0267879$ & $0.0288137$ & $-0.0647468$ & $-0.072105$ & $0.0087269$ & $0.00926776$ & $-0.139036$ & $0.125087$ & $0.154875$ & $-0.151353$ & $-0.0803075$ & $0.172506$ & $0.306098$ & $-0.0434051$ & $0.0225079$ & $-0.00429906$ & $-0.0937933$ & $-0.102924$ & $-0.0838617$ & $0.0750515$ & $0.0848572$ & $0.0834952$ & $0.0215699$ & $-0.117131$ & $-0.0998474$ & $-0.0545154$ & $0.063582$ & $0.0385056$ & $0.0449463$ & $0.657472$ & $0.399631$ & $0.0386204$ & $1$ & $0.072717$ & $-0.102008$ & $0.0330293$ & $-0.123517$ & $-0.0585816$ & $0.00671208$ & $-0.00155594$ & $0.0452055$ & $-0.00849407$ & $0.0467882$ & $0.0886043$ & $-0.00838977$ & $0.116542$ & $0.142559$ & $0.154225$ & $0.432525$ \\
CLL_1221 & $0.0068387$ & $0.087179$ & $0.0197627$ & $0.0268312$ & $-0.0253169$ & $-0.143822$ & $-0.0523535$ & $0.553282$ & $0.543343$ & $-0.33604$ & $-0.345433$ & $-0.203077$ & $0.203454$ & $-0.238269$ & $-0.626771$ & $-0.162407$ & $-0.249577$ & $0.0460614$ & $-0.319097$ & $0.26288$ & $0.439586$ & $0.438757$ & $0.229466$ & $-0.62735$ & $-0.182545$ & $-0.249727$ & $0.706256$ & $0.146632$ & $-0.00703187$ & $0.0652984$ & $0.0533924$ & $-0.0583939$ & $0.072717$ & $1$ & $-0.0555416$ & $-0.0221898$ & $-0.0399648$ & $0.00697751$ & $-0.00409885$ & $0.00499186$ & $0.00787067$ & $0.00337103$ & $-0.0276539$ & $-0.00574788$ & $-0.122462$ & $0.0680118$ & $0.0571365$ & $0.0650472$ & $0.00579844$ \\
eHggint & $0.0497818$ & $-0.14989$ & $0.05143$ & $0.15114$ & $0.00697835$ & $-0.0109131$ & $-0.0905725$ & $-0.0369646$ & $-0.060914$ & $0.0598051$ & $0.0471832$ & $0.115448$ & $0.0285514$ & $-0.0413813$ & $0.0287689$ & $0.072648$ & $-0.0211053$ & $-0.0310633$ & $-0.0660732$ & $-0.0417087$ & $-0.0585492$ & $-0.0594231$ & $-0.0481845$ & $0.00665114$ & $-0.0567817$ & $0.0711419$ & $-0.0898124$ & $-0.044868$ & $-0.0175511$ & $-0.0356096$ & $-0.0204363$ & $-0.0220759$ & $-0.102008$ & $-0.0555416$ & $1$ & $-0.142176$ & $-0.0663516$ & $0.0376249$ & $0.056761$ & $0.039421$ & $-0.000671973$ & $0.0632509$ & $-0.124443$ & $-0.0953904$ & $-0.248156$ & $0.0749928$ & $-0.154467$ & $0.0808139$ & $-0.166825$ \\
eHggpar & $0.0598239$ & $0.156314$ & $0.0823453$ & $-0.130582$ & $0.0482465$ & $-0.0544618$ & $-0.0253352$ & $-0.0187394$ & $-0.0334256$ & $0.0412532$ & $-0.0113451$ & $0.0347393$ & $0.00462432$ & $0.0458778$ & $0.0210998$ & $0.00924062$ & $0.0559832$ & $0.0388412$ & $0.0509778$ & $0.0175163$ & $0.0129045$ & $0.0154119$ & $-0.0323804$ & $0.0644748$ & $0.0460679$ & $0.0149255$ & $-0.000123001$ & $0.0342768$ & $-0.042838$ & $0.000648264$ & $-0.0212942$ & $0.00806485$ & $0.0330293$ & $-0.0221898$ & $-0.142176$ & $1$ & $-0.008946$ & $-0.0247246$ & $-0.041197$ & $0.000874764$ & $-0.0455389$ & $-0.0639562$ & $-0.139705$ & $0.13091$ & $0.202756$ & $0.0948948$ & $0.0830528$ & $0.0130581$ & $0.0717289$ \\
eHWWint & $0.149891$ & $0.0589263$ & $0.0271945$ & $0.164799$ & $-0.0225782$ & $-0.0402925$ & $0.00199696$ & $-0.0369662$ & $-0.0538117$ & $0.0300993$ & $0.0125279$ & $-0.00435858$ & $-0.0341861$ & $0.0221365$ & $0.0227447$ & $-0.00239532$ & $0.046506$ & $0.0271714$ & $0.0405374$ & $-0.00849359$ & $-0.0157542$ & $-0.0212175$ & $-0.00854707$ & $0.0428595$ & $0.00824493$ & $0.00665325$ & $-0.0444017$ & $0.00276669$ & $-0.00884172$ & $-0.148548$ & $-0.0391741$ & $-0.0382874$ & $-0.123517$ & $-0.0399648$ & $-0.0663516$ & $-0.008946$ & $1$ & $0.0277107$ & $0.204976$ & $-0.0572023$ & $0.03506$ & $-0.0858381$ & $-0.0989277$ & $0.0206586$ & $0.0849235$ & $0.0645509$ & $0.13988$ & $0.113324$ & $0.129376$ \\
eHWWpar & $-0.00205584$ & $0.0309764$ & $0.03853$ & $0.0282364$ & $0.0001776$ & $0.0331477$ & $0.0330172$ & $0.00380471$ & $0.00436524$ & $0.015473$ & $-0.006175$ & $0.0246656$ & $-0.0123247$ & $0.0247526$ & $-0.0056524$ & $0.0078457$ & $-0.00239204$ & $0.0109641$ & $0.00245312$ & $0.00310605$ & $0.00729624$ & $0.0147014$ & $-0.00902336$ & $-0.00815033$ & $-0.000184879$ & $0.00143526$ & $-0.0055994$ & $-0.0165924$ & $0.0167854$ & $-0.0238676$ & $1.89857e-05$ & $0.0211594$ & $-0.0585816$ & $0.00697751$ & $0.0376249$ & $-0.0247246$ & $0.0277107$ & $1$ & $0.046666$ & $0.0152427$ & $0.0289298$ & $-0.00599742$ & $0.0142391$ & $0.00613147$ & $0.0225519$ & $-0.026671$ & $0.0335269$ & $-0.00661442$ & $-0.0449285$ \\
eHZZint & $0.227407$ & $0.0836511$ & $-0.11733$ & $0.233964$ & $-0.0257983$ & $-0.0345977$ & $-0.0415062$ & $-0.0168776$ & $-0.0235188$ & $0.0352304$ & $-0.00147661$ & $0.00809139$ & $-0.0529154$ & $0.0356949$ & $-0.00970003$ & $-0.0219013$ & $0.0260326$ & $0.0336711$ & $0.0435868$ & $-0.00120571$ & $0.00199599$ & $0.00467636$ & $0.0450175$ & $0.00911741$ & $0.011107$ & $-0.0470854$ & $-0.000791502$ & $0.00575799$ & $-0.0397679$ & $-0.10255$ & $0.0163679$ & $-0.0393017$ & $0.00671208$ & $-0.00409885$ & $0.056761$ & $-0.041197$ & $0.204976$ & $0.046666$ & $1$ & $-0.0123035$ & $0.0629817$ & $-0.0220237$ & $0.0631594$ & $0.0192711$ & $0.0240693$ & $0.0632367$ & $0.197063$ & $0.168276$ & $0.157306$ \\
eHZZpar & $-0.0258626$ & $-0.0304531$ & $-0.0712983$ & $-0.00359747$ & $0.00457764$ & $0.0147232$ & $0.0194459$ & $0.00109942$ & $-0.00146734$ & $-0.0231162$ & $-0.00436316$ & $-0.0308766$ & $0.00159947$ & $0.000786286$ & $-0.00178026$ & $0.00627584$ & $0.0119553$ & $0.00775901$ & $0.00668785$ & $0.00296758$ & $0.00369448$ & $0.0102815$ & $0.0206641$ & $0.0112676$ & $0.0167563$ & $-0.0159993$ & $0.0141627$ & $0.0173561$ & $-0.0182093$ & $0.00992085$ & $-0.00339528$ & $0.0205877$ & $-0.00155594$ & $0.00499186$ & $0.039421$ & $0.000874764$ & $-0.0572023$ & $0.0152427$ & $-0.0123035$ & $1$ & $-0.0353203$ & $5.79414e-05$ & $-0.0306759$ & $-0.00646149$ & $-0.0640591$ & $-0.0125037$ & $-0.00475206$ & $0.0265751$ & $-0.000571196$ \\
eHZgaint & $0.154206$ & $0.0780044$ & $-0.0676713$ & $-0.0529421$ & $0.0205854$ & $0.00779593$ & $-0.006516$ & $-0.00769702$ & $-0.00724802$ & $-0.00573096$ & $-0.0111381$ & $0.00658361$ & $-0.0329671$ & $0.0246862$ & $-0.00993567$ & $-0.0162279$ & $0.0362344$ & $0.0374529$ & $0.0458073$ & $0.0127639$ & $0.0126154$ & $0.0133324$ & $0.0321735$ & $0.0159843$ & $0.0531515$ & $-0.0267886$ & $0.0497707$ & $-0.00443646$ & $0.0225714$ & $-0.00642086$ & $0.0805659$ & $-0.00264982$ & $0.0452055$ & $0.00787067$ & $-0.000671973$ & $-0.0455389$ & $0.03506$ & $0.0289298$ & $0.0629817$ & $-0.0353203$ & $1$ & $0.0173555$ & $0.0421821$ & $0.0488942$ & $-0.0445545$ & $0.0301632$ & $0.179104$ & $0.157033$ & $0.0594556$ \\
eHZgapar & $-0.00936516$ & $0.0228109$ & $-0.00728087$ & $-0.0133295$ & $0.012042$ & $0.0238188$ & $0.00253322$ & $0.006852$ & $0.00960166$ & $-0.023077$ & $0.00445637$ & $0.00574395$ & $-0.00897901$ & $-0.0147321$ & $0.00148372$ & $-0.0125108$ & $-0.0254147$ & $-0.0218204$ & $-0.0162138$ & $-0.00473691$ & $-0.00412334$ & $-0.00188378$ & $0.00755966$ & $-0.0262608$ & $-0.0246898$ & $0.00924465$ & $-0.00171856$ & $0.0213705$ & $-0.0152248$ & $0.00122096$ & $-0.0118182$ & $-0.00409833$ & $-0.00849407$ & $0.00337103$ & $0.0632509$ & $-0.0639562$ & $-0.0858381$ & $-0.00599742$ & $-0.0220237$ & $5.79414e-05$ & $0.0173555$ & $1$ & $0.0152477$ & $-0.00520514$ & $-0.0468654$ & $0.00235338$ & $-0.0337241$ & $-0.00998763$ & $-0.0448313$ \\
eHgagaint & $-0.145268$ & $0.142104$ & $0.141266$ & $-0.0624506$ & $-0.0238865$ & $0.0656457$ & $0.0405833$ & $-0.0450487$ & $0.01612$ & $0.0371309$ & $0.0542778$ & $0.0338$ & $-0.0285129$ & $-0.0210966$ & $-0.00537981$ & $-0.0840654$ & $-0.016727$ & $-0.0175227$ & $0.0396829$ & $-0.0544723$ & $-0.0478233$ & $-0.0467392$ & $0.00698163$ & $0.00337544$ & $0.0218606$ & $0.0396548$ & $0.0129674$ & $-0.0376647$ & $0.0226339$ & $-0.000197368$ & $-0.0138094$ & $0.028472$ & $0.0467882$ & $-0.0276539$ & $-0.124443$ & $-0.139705$ & $-0.0989277$ & $0.0142391$ & $0.0631594$ & $-0.0306759$ & $0.0421821$ & $0.0152477$ & $1$ & $-0.00284975$ & $-0.0516223$ & $-0.153823$ & $-0.0609631$ & $0.0573334$ & $0.00826401$ \\
eHmumuint & $-0.0236709$ & $0.0857016$ & $-0.0225639$ & $-0.199209$ & $0.00706912$ & $0.0529874$ & $-0.0355923$ & $0.0217861$ & $0.0212817$ & $-0.028505$ & $-0.0449605$ & $-0.0326778$ & $-0.0179095$ & $0.059901$ & $0.024698$ & $-0.0229022$ & $0.0355035$ & $0.0220027$ & $0.0604855$ & $0.0472237$ & $0.0485154$ & $0.0378369$ & $0.0231645$ & $0.01169$ & $0.0363875$ & $-0.056251$ & $0.0109464$ & $0.0418143$ & $0.0415791$ & $0.0111071$ & $-0.00166599$ & $-0.0445317$ & $0.0886043$ & $-0.00574788$ & $-0.0953904$ & $0.13091$ & $0.0206586$ & $0.00613147$ & $0.0192711$ & $-0.00646149$ & $0.0488942$ & $-0.00520514$ & $-0.00284975$ & $1$ & $0.198983$ & $0.0182981$ & $0.0142103$ & $-0.10597$ & $0.250786$ \\
eHtautauint & $0.00949047$ & $0.0277499$ & $0.191438$ & $0.0174585$ & $0.0191101$ & $0.0538925$ & $0.011153$ & $-0.0583431$ & $-0.0586416$ & $0.0234883$ & $0.0167718$ & $0.000498197$ & $-0.0349669$ & $0.0716996$ & $0.0869563$ & $0.0605677$ & $0.0561906$ & $0.022367$ & $0.0435449$ & $-0.00134293$ & $-0.0288731$ & $-0.0327858$ & $0.00372227$ & $0.0863312$ & $0.0139687$ & $-0.0407458$ & $-0.136531$ & $-0.0117979$ & $-0.00338204$ & $0.0791482$ & $0.0229988$ & $-0.00258924$ & $-0.00838977$ & $-0.122462$ & $-0.248156$ & $0.202756$ & $0.0849235$ & $0.0225519$ & $0.0240693$ & $-0.0640591$ & $-0.0445545$ & $-0.0468654$ & $-0.0516223$ & $0.198983$ & $1$ & $0.0135567$ & $0.0875116$ & $-0.165137$ & $0.039388$ \\
eHccint & $0.216092$ & $0.0304091$ & $0.0637913$ & $-0.108044$ & $-0.00738472$ & $-0.00788881$ & $-0.0495478$ & $0.0431582$ & $0.0372371$ & $0.0117249$ & $-0.052216$ & $0.0364628$ & $-0.015387$ & $0.0430179$ & $-0.0451451$ & $-0.0362932$ & $0.0173232$ & $0.0412457$ & $0.0391859$ & $0.0424038$ & $0.0606479$ & $0.060384$ & $0.04381$ & $-0.0224744$ & $0.0264834$ & $-0.0459497$ & $0.0911101$ & $0.0313202$ & $-0.0189138$ & $0.0297477$ & $0.133386$ & $-0.0396498$ & $0.116542$ & $0.0680118$ & $0.0749928$ & $0.0948948$ & $0.0645509$ & $-0.026671$ & $0.0632367$ & $-0.0125037$ & $0.0301632$ & $0.00235338$ & $-0.153823$ & $0.0182981$ & $0.0135567$ & $1$ & $0.255648$ & $0.295266$ & $0.148369$ \\
eHccpar & $0.212576$ & $0.152553$ & $0.0483856$ & $-0.0671629$ & $-0.0356232$ & $-0.0018994$ & $0.0210485$ & $0.0131387$ & $0.0132778$ & $0.0230196$ & $-0.0258894$ & $0.0144971$ & $-0.00561379$ & $0.0273299$ & $-0.0498521$ & $-0.0362271$ & $0.0232024$ & $0.049405$ & $0.0361229$ & $0.0212573$ & $0.0330147$ & $0.0284813$ & $0.0428628$ & $-0.00376508$ & $0.0101956$ & $-0.054214$ & $0.0469083$ & $0.00716886$ & $0.0126101$ & $0.0239259$ & $0.364753$ & $0.0296887$ & $0.142559$ & $0.0571365$ & $-0.154467$ & $0.0830528$ & $0.13988$ & $0.0335269$ & $0.197063$ & $-0.00475206$ & $0.179104$ & $-0.0337241$ & $-0.0609631$ & $0.0142103$ & $0.0875116$ & $0.255648$ & $1$ & $0.25791$ & $0.218777$ \\
eHbbint & $0.197246$ & $-0.0872858$ & $0.0889593$ & $0.0527429$ & $-0.00898334$ & $-0.026932$ & $0.0205312$ & $0.0423841$ & $0.0455532$ & $0.0248402$ & $-0.0427066$ & $0.0369927$ & $-0.0033657$ & $0.0172459$ & $-0.0401475$ & $-0.00408466$ & $0.00668401$ & $0.0288556$ & $0.00121039$ & $0.0325629$ & $0.0446757$ & $0.0465809$ & $0.0478585$ & $-0.0217023$ & $-5.46569e-05$ & $-0.0397287$ & $0.0668402$ & $0.0182508$ & $-0.0263085$ & $-0.00798261$ & $0.0946312$ & $0.028325$ & $0.154225$ & $0.0650472$ & $0.0808139$ & $0.0130581$ & $0.113324$ & $-0.00661442$ & $0.168276$ & $0.0265751$ & $0.157033$ & $-0.00998763$ & $0.0573334$ & $-0.10597$ & $-0.165137$ & $0.295266$ & $0.25791$ & $1$ & $0.0617139$ \\
eHbbpar & $0.129757$ & $0.120223$ & $-0.174982$ & $-0.0635341$ & $0.00900811$ & $0.0126717$ & $0.0164652$ & $-0.0012726$ & $0.00382155$ & $-0.017701$ & $-0.00776644$ & $-0.0256705$ & $-0.00637204$ & $0.00780338$ & $-0.00478784$ & $-0.0237114$ & $0.00880513$ & $0.0102311$ & $0.0239586$ & $0.0061268$ & $0.00925649$ & $0.00381011$ & $0.010099$ & $-0.00562905$ & $-0.0305775$ & $-0.0355922$ & $-0.027762$ & $0.0224464$ & $0.00951904$ & $-0.00189384$ & $0.0440723$ & $0.00821718$ & $0.432525$ & $0.00579844$ & $-0.166825$ & $0.0717289$ & $0.129376$ & $-0.0449285$ & $0.157306$ & $-0.000571196$ & $0.0594556$ & $-0.0448313$ & $0.00826401$ & $0.250786$ & $0.039388$ & $0.148369$ & $0.218777$ & $0.0617139$ & $1$ \\
