 & AlsMz & dAle5Mz & mtop & mHl & Mz & CW & CHG & CHWB & CHWHB_gaga & CHWHB_gagaorth & CHD & CHbox & CH & CHL1_11 & CHL1_22 & CHL1_33 & CHL3_11 & CHL3_22 & CHL3_33 & CHe_11 & CHe_22 & CHe_33 & CHQ1_11 & CHQ1_33 & CHQ3_11 & CHu_11 & CHd_11 & CHd_33 & CeH_22r & CeH_33r & CuH_22r & CuH_33r & CdH_33r & CLL_1221 & eHggint & eHggpar & eHWWint & eHWWpar & eHZZint & eHZZpar & eHZgaint & eHZgapar & eHgagaint & eHmumuint & eHtautauint & eHccint & eHccpar & eHbbint & eHbbpar \\
AlsMz & $1$ & $-0.0191772$ & $-0.015553$ & $0.0133111$ & $-0.00458489$ & $-0.00820343$ & $0.0181611$ & $-0.00584919$ & $-0.00438397$ & $0.00272251$ & $-0.0158993$ & $0.00989099$ & $-0.0183881$ & $0.0170572$ & $0.0162726$ & $0.0114687$ & $0.0263249$ & $0.012576$ & $0.0158788$ & $0.0067369$ & $0.0030854$ & $0.00127551$ & $0.00192796$ & $-0.0506348$ & $-0.119392$ & $-0.0608488$ & $-0.0562019$ & $0.0172361$ & $0.00424457$ & $-0.00476447$ & $4.23324e-05$ & $0.0122027$ & $-0.00401301$ & $-0.0178433$ & $-0.00863235$ & $-0.02896$ & $-0.00702069$ & $0.000904085$ & $0.11456$ & $-6.8583e-05$ & $-0.0643852$ & $-0.00365751$ & $0.0373721$ & $-0.0684396$ & $-0.0291992$ & $0.0107475$ & $-0.0104082$ & $0.0473902$ & $-0.026437$ \\
dAle5Mz & $-0.0191772$ & $1$ & $-0.0117495$ & $0.00791138$ & $0.00727714$ & $0.0256794$ & $0.00590557$ & $-0.102031$ & $-0.100961$ & $0.0322247$ & $0.0887356$ & $0.0384187$ & $-0.0221385$ & $-0.0337667$ & $-0.034717$ & $-0.0347789$ & $0.0122712$ & $0.0199002$ & $0.0204614$ & $-0.0643943$ & $-0.0607342$ & $-0.0592098$ & $0.00366502$ & $0.0304256$ & $0.0245195$ & $0.0342457$ & $-0.00323441$ & $-0.0170443$ & $0.0144177$ & $0.00423652$ & $-0.01889$ & $0.00414559$ & $0.00963426$ & $0.0156419$ & $-0.0062323$ & $-0.0291296$ & $-0.0139053$ & $-0.00813451$ & $0.0370023$ & $-0.000453118$ & $-0.0300165$ & $0.00193357$ & $-0.0173361$ & $-0.0194017$ & $0.019604$ & $0.0211433$ & $-0.0117378$ & $0.0231419$ & $0.0194955$ \\
mtop & $-0.015553$ & $-0.0117495$ & $1$ & $-0.0309123$ & $-0.00413535$ & $0.00985475$ & $-0.00301688$ & $0.0132705$ & $0.0153834$ & $-0.0134924$ & $0.00388375$ & $-0.00796384$ & $0.010662$ & $-0.0110778$ & $-0.00259683$ & $0.00619819$ & $-0.0174661$ & $-0.0137002$ & $-0.0203917$ & $0.00330902$ & $0.00495571$ & $0.00624531$ & $0.0104793$ & $-0.0121014$ & $-0.0118762$ & $-0.0115046$ & $0.00834227$ & $-0.00464685$ & $-0.0112356$ & $-0.0088014$ & $-0.0194723$ & $0.00237095$ & $-0.0119197$ & $0.0135126$ & $0.0145405$ & $0.0174324$ & $-2.35966e-05$ & $-0.00617933$ & $-0.0613101$ & $0.0079421$ & $0.088622$ & $0.0150542$ & $0.039948$ & $0.00131539$ & $-0.0597487$ & $-0.0218552$ & $-0.0356666$ & $-0.0343144$ & $-0.0188091$ \\
mHl & $0.0133111$ & $0.00791138$ & $-0.0309123$ & $1$ & $-0.0262531$ & $-0.00160076$ & $-0.00903696$ & $-0.0175507$ & $-0.0161718$ & $-0.000354682$ & $0.0183854$ & $0.00615159$ & $-0.010571$ & $-0.00741234$ & $-0.000490419$ & $-0.00795371$ & $-0.00407906$ & $-0.00187833$ & $0.00489762$ & $-0.017816$ & $-0.0193413$ & $-0.0187095$ & $-0.00111179$ & $0.00835321$ & $0.00214016$ & $0.00845884$ & $-0.00595038$ & $-0.00687325$ & $-0.00443716$ & $-0.0111863$ & $-0.0121122$ & $-0.010913$ & $-0.0433293$ & $-0.014467$ & $0.00659352$ & $0.0378243$ & $0.0386845$ & $0.010229$ & $-0.005341$ & $-0.00812605$ & $0.0157992$ & $0.00149834$ & $0.0304926$ & $-0.00477581$ & $0.0105206$ & $-0.0498304$ & $-0.00573854$ & $0.0037509$ & $-0.0512978$ \\
Mz & $-0.00458489$ & $0.00727714$ & $-0.00413535$ & $-0.0262531$ & $1$ & $0.0119472$ & $-0.003175$ & $0.000713753$ & $0.000304302$ & $-0.00423737$ & $0.00979814$ & $-0.00699753$ & $0.00379611$ & $0.00283471$ & $-0.00533938$ & $0.00649709$ & $-0.00342011$ & $0.00173499$ & $-0.00655718$ & $7.93638e-05$ & $0.00170406$ & $0.00137767$ & $0.00590315$ & $-0.00921946$ & $-0.000566464$ & $-0.00681018$ & $9.01352e-05$ & $0.00623217$ & $-0.00307248$ & $0.00876995$ & $0.00517756$ & $-0.00458521$ & $-0.000773664$ & $0.00296535$ & $-0.0111247$ & $-0.0030883$ & $0.00202883$ & $-0.00457782$ & $0.00880445$ & $-0.00215838$ & $-0.00435042$ & $0.000507869$ & $-0.00114623$ & $0.00318856$ & $-0.00413$ & $0.0105904$ & $0.00178376$ & $0.00847962$ & $-0.00433795$ \\
CW & $-0.00820343$ & $0.0256794$ & $0.00985475$ & $-0.00160076$ & $0.0119472$ & $1$ & $0.0069846$ & $-0.119303$ & $-0.117239$ & $0.0126779$ & $0.177311$ & $0.0367141$ & $0.00724546$ & $0.0265287$ & $-0.0728925$ & $-0.0802813$ & $-0.253233$ & $-0.0492542$ & $-0.0429694$ & $-0.174142$ & $-0.179304$ & $-0.176061$ & $-0.00568911$ & $0.00589347$ & $-0.0824933$ & $0.0960932$ & $-0.0740271$ & $-0.0637121$ & $-0.000761909$ & $0.00584384$ & $0.00373222$ & $0.00993456$ & $0.00157921$ & $-0.120181$ & $0.00376269$ & $-0.000830241$ & $-0.0111542$ & $3.13477e-05$ & $-0.00662151$ & $-0.00442161$ & $-0.00159762$ & $-0.0103911$ & $-0.00303238$ & $0.00315552$ & $-0.00827885$ & $0.00598613$ & $0.0144788$ & $0.00606175$ & $0.00187143$ \\
CHG & $0.0181611$ & $0.00590557$ & $-0.00301688$ & $-0.00903696$ & $-0.003175$ & $0.0069846$ & $1$ & $-0.111859$ & $-0.0618355$ & $0.0846308$ & $0.061991$ & $0.168727$ & $-0.313074$ & $0.0636229$ & $-0.0239059$ & $-0.0170843$ & $0.0986987$ & $0.109641$ & $0.105428$ & $-0.0602858$ & $-0.0658108$ & $-0.0649598$ & $-0.0139393$ & $0.113387$ & $0.0951355$ & $0.0344555$ & $-0.0591225$ & $-0.0288996$ & $0.00897996$ & $-0.140376$ & $-0.0682356$ & $0.928025$ & $-0.169354$ & $-0.0692718$ & $-0.0400649$ & $-0.0260967$ & $0.0257366$ & $0.0100369$ & $-0.00132689$ & $-0.00755638$ & $-0.00120033$ & $0.000262944$ & $0.00914332$ & $0.00687814$ & $-0.00479332$ & $0.0212887$ & $0.0059751$ & $0.00101018$ & $-0.0145534$ \\
CHWB & $-0.00584919$ & $-0.102031$ & $0.0132705$ & $-0.0175507$ & $0.000713753$ & $-0.119303$ & $-0.111859$ & $1$ & $0.98321$ & $-0.567024$ & $-0.877918$ & $-0.415496$ & $0.343886$ & $0.0834739$ & $0.294333$ & $0.291783$ & $-0.251912$ & $-0.440786$ & $-0.441351$ & $0.84927$ & $0.89527$ & $0.878338$ & $0.0620182$ & $-0.682147$ & $-0.40924$ & $-0.498471$ & $0.422232$ & $0.299825$ & $0.0117043$ & $0.105289$ & $0.057238$ & $-0.10603$ & $0.105955$ & $0.562972$ & $-0.0187584$ & $0.0117458$ & $4.27227e-05$ & $-0.00187057$ & $0.0158638$ & $0.0127482$ & $0.0230238$ & $0.00352851$ & $-0.00817098$ & $-0.000638061$ & $-0.00133954$ & $0.00049459$ & $0.00457303$ & $0.000573258$ & $-0.0131374$ \\
CHWHB_gaga & $-0.00438397$ & $-0.100961$ & $0.0153834$ & $-0.0161718$ & $0.000304302$ & $-0.117239$ & $-0.0618355$ & $0.98321$ & $1$ & $-0.556526$ & $-0.859721$ & $-0.392745$ & $0.338892$ & $0.0747784$ & $0.290048$ & $0.287489$ & $-0.254827$ & $-0.440036$ & $-0.440583$ & $0.831899$ & $0.876733$ & $0.860214$ & $0.0607429$ & $-0.674629$ & $-0.409469$ & $-0.487622$ & $0.413142$ & $0.293217$ & $0.0188422$ & $0.129411$ & $0.0713794$ & $-0.0664865$ & $0.128625$ & $0.552804$ & $-0.0394752$ & $0.00116982$ & $-0.0119385$ & $-0.00405538$ & $0.0142609$ & $0.0115058$ & $0.0214634$ & $0.00374598$ & $0.0676387$ & $0.00166004$ & $-0.00258468$ & $-0.00132026$ & $0.00880753$ & $-0.00123594$ & $-0.0141452$ \\
CHWHB_gagaorth & $0.00272251$ & $0.0322247$ & $-0.0134924$ & $-0.000354682$ & $-0.00423737$ & $0.0126779$ & $0.0846308$ & $-0.567024$ & $-0.556526$ & $1$ & $0.352041$ & $0.662744$ & $-0.244175$ & $0.235998$ & $-0.126893$ & $-0.129056$ & $0.438632$ & $0.490088$ & $0.491577$ & $-0.340301$ & $-0.368527$ & $-0.364204$ & $-0.0454896$ & $0.552621$ & $0.480097$ & $0.20545$ & $-0.228047$ & $-0.137722$ & $-0.00249048$ & $-0.133774$ & $-0.0723039$ & $0.101953$ & $-0.130761$ & $-0.343764$ & $0.0564513$ & $0.00862008$ & $0.00882704$ & $0.00923975$ & $0.00213878$ & $-0.00871492$ & $-0.0677723$ & $-0.002679$ & $0.00364227$ & $-0.00166806$ & $-0.00526776$ & $-0.013594$ & $-0.00800331$ & $-0.00677173$ & $0.0176394$ \\
CHD & $-0.0158993$ & $0.0887356$ & $0.00388375$ & $0.0183854$ & $0.00979814$ & $0.177311$ & $0.061991$ & $-0.877918$ & $-0.859721$ & $0.352041$ & $1$ & $0.344283$ & $-0.168598$ & $-0.502893$ & $-0.415751$ & $-0.410124$ & $-0.207182$ & $0.0717429$ & $0.072544$ & $-0.990153$ & $-0.990918$ & $-0.969566$ & $-0.00757708$ & $0.318704$ & $0.0307939$ & $0.55683$ & $-0.290811$ & $-0.328958$ & $0.00202544$ & $-0.0556522$ & $-0.0318168$ & $0.0690108$ & $-0.0558379$ & $-0.368568$ & $0.0286798$ & $-0.00231659$ & $-0.00180039$ & $-0.00162216$ & $-0.0231901$ & $-0.00992571$ & $-0.00486675$ & $-0.00188615$ & $0.0072675$ & $0.00528577$ & $-0.00493335$ & $0.00763085$ & $-0.00751493$ & $-0.0026432$ & $0.00882508$ \\
CHbox & $0.00989099$ & $0.0384187$ & $-0.00796384$ & $0.00615159$ & $-0.00699753$ & $0.0367141$ & $0.168727$ & $-0.415496$ & $-0.392745$ & $0.662744$ & $0.344283$ & $1$ & $-0.544481$ & $-0.00415028$ & $-0.0827058$ & $-0.0874305$ & $0.137971$ & $0.195255$ & $0.19877$ & $-0.325189$ & $-0.357306$ & $-0.350948$ & $-0.0373691$ & $0.312253$ & $0.186172$ & $0.200096$ & $-0.204435$ & $-0.130506$ & $-0.00157569$ & $0.00269039$ & $-0.0387475$ & $0.213448$ & $0.00667915$ & $-0.267236$ & $0.0781061$ & $0.027398$ & $0.00315147$ & $0.0087569$ & $-0.010762$ & $-0.00560527$ & $-0.0369585$ & $-0.00118173$ & $-0.00992131$ & $0.015015$ & $-0.00530415$ & $0.000387652$ & $-0.00680291$ & $-0.00990373$ & $0.0164527$ \\
CH & $-0.0183881$ & $-0.0221385$ & $0.010662$ & $-0.010571$ & $0.00379611$ & $0.00724546$ & $-0.313074$ & $0.343886$ & $0.338892$ & $-0.244175$ & $-0.168598$ & $-0.544481$ & $1$ & $-0.23742$ & $0.0771927$ & $0.0767538$ & $-0.353415$ & $-0.37909$ & $-0.377883$ & $0.164614$ & $0.179074$ & $0.178255$ & $0.030524$ & $-0.384368$ & $-0.363349$ & $-0.0991307$ & $0.133638$ & $0.0642915$ & $0.0513525$ & $0.281694$ & $0.117546$ & $-0.256066$ & $0.313143$ & $0.207395$ & $0.0354261$ & $0.0261519$ & $-0.011541$ & $-0.00286017$ & $0.00564712$ & $0.00226429$ & $0.00617157$ & $0.00313652$ & $0.00402148$ & $-0.0123425$ & $-0.00930076$ & $0.00115078$ & $-0.00363783$ & $-0.00760101$ & $-0.0104063$ \\
CHL1_11 & $0.0170572$ & $-0.0337667$ & $-0.0110778$ & $-0.00741234$ & $0.00283471$ & $0.0265287$ & $0.0636229$ & $0.0834739$ & $0.0747784$ & $0.235998$ & $-0.502893$ & $-0.00415028$ & $-0.23742$ & $1$ & $0.264482$ & $0.254256$ & $0.665097$ & $0.601002$ & $0.602957$ & $0.520594$ & $0.462905$ & $0.447412$ & $-0.0817028$ & $0.471071$ & $0.597092$ & $-0.264651$ & $-0.102218$ & $0.144069$ & $-0.0240384$ & $-0.0647595$ & $-0.0327508$ & $0.0391849$ & $-0.0683583$ & $-0.217615$ & $-0.0217886$ & $-0.0155042$ & $0.00443579$ & $0.00733797$ & $0.0136442$ & $-0.00194375$ & $-0.0243517$ & $-0.00593163$ & $-0.000217563$ & $-0.0043755$ & $0.00790459$ & $-0.0151818$ & $0.0103702$ & $0.00266665$ & $0.00133792$ \\
CHL1_22 & $0.0162726$ & $-0.034717$ & $-0.00259683$ & $-0.000490419$ & $-0.00533938$ & $-0.0728925$ & $-0.0239059$ & $0.294333$ & $0.290048$ & $-0.126893$ & $-0.415751$ & $-0.0827058$ & $0.0771927$ & $0.264482$ & $1$ & $0.437767$ & $0.153624$ & $-0.451499$ & $-0.0331014$ & $0.481623$ & $0.331536$ & $0.320343$ & $-0.173213$ & $0.0999101$ & $-0.143772$ & $-0.195651$ & $-0.398354$ & $0.112745$ & $0.00371104$ & $0.0322189$ & $0.0295663$ & $-0.01867$ & $0.0404766$ & $-0.593769$ & $-0.0101805$ & $0.0098937$ & $-0.00587897$ & $0.00164368$ & $0.009497$ & $0.00681422$ & $0.0161085$ & $0.0132145$ & $0.00129192$ & $-0.0142922$ & $-0.0053387$ & $-0.00499226$ & $0.013671$ & $-0.00780215$ & $0.00821969$ \\
CHL1_33 & $0.0114687$ & $-0.0347789$ & $0.00619819$ & $-0.00795371$ & $0.00649709$ & $-0.0802813$ & $-0.0170843$ & $0.291783$ & $0.287489$ & $-0.129056$ & $-0.410124$ & $-0.0874305$ & $0.0767538$ & $0.254256$ & $0.437767$ & $1$ & $0.153918$ & $-0.0301365$ & $-0.439749$ & $0.474876$ & $0.329549$ & $0.346195$ & $-0.16794$ & $0.09582$ & $-0.137282$ & $-0.189841$ & $-0.383746$ & $0.110823$ & $-0.00688112$ & $0.0325798$ & $0.0156928$ & $-0.0118584$ & $0.0311495$ & $-0.0937879$ & $-0.00280582$ & $0.010956$ & $-0.00672192$ & $-0.00588749$ & $0.00413893$ & $0.00513689$ & $-0.00471427$ & $-0.00457253$ & $0.00931613$ & $-0.0153639$ & $-0.00519657$ & $-0.00515174$ & $-0.00327412$ & $-0.00560158$ & $-0.00101194$ \\
CHL3_11 & $0.0263249$ & $0.0122712$ & $-0.0174661$ & $-0.00407906$ & $-0.00342011$ & $-0.253233$ & $0.0986987$ & $-0.251912$ & $-0.254827$ & $0.438632$ & $-0.207182$ & $0.137971$ & $-0.353415$ & $0.665097$ & $0.153624$ & $0.153918$ & $1$ & $0.742037$ & $0.738333$ & $0.228813$ & $0.174079$ & $0.166328$ & $-0.0682629$ & $0.679124$ & $0.774415$ & $-0.106565$ & $-0.161778$ & $0.0552664$ & $-0.0277523$ & $-0.105125$ & $-0.0533897$ & $0.0716663$ & $-0.104818$ & $-0.251285$ & $-0.0245261$ & $-0.0171499$ & $0.00730511$ & $0.00548381$ & $0.0107942$ & $-0.00524216$ & $-0.0346865$ & $-0.00163982$ & $-0.00174779$ & $-0.00845944$ & $0.0170462$ & $-0.0176174$ & $0.00144773$ & $0.0045918$ & $0.00753288$ \\
CHL3_22 & $0.012576$ & $0.0199002$ & $-0.0137002$ & $-0.00187833$ & $0.00173499$ & $-0.0492542$ & $0.109641$ & $-0.440786$ & $-0.440036$ & $0.490088$ & $0.0717429$ & $0.195255$ & $-0.37909$ & $0.601002$ & $-0.451499$ & $-0.0301365$ & $0.742037$ & $1$ & $0.678209$ & $-0.0751074$ & $-0.0668459$ & $-0.0648402$ & $0.00648459$ & $0.624528$ & $0.794589$ & $0.0356788$ & $-0.00589908$ & $-0.0292205$ & $-0.0292513$ & $-0.114486$ & $-0.0672915$ & $0.0829816$ & $-0.121779$ & $0.0314136$ & $-0.00989603$ & $-0.0217426$ & $0.00763184$ & $0.00432738$ & $0.00280488$ & $-0.00989866$ & $-0.0419106$ & $-0.0119239$ & $0.002466$ & $0.00239244$ & $0.0138542$ & $-0.0120189$ & $-0.00349504$ & $0.00621219$ & $0.00213464$ \\
CHL3_33 & $0.0158788$ & $0.0204614$ & $-0.0203917$ & $0.00489762$ & $-0.00655718$ & $-0.0429694$ & $0.105428$ & $-0.441351$ & $-0.440583$ & $0.491577$ & $0.072544$ & $0.19877$ & $-0.377883$ & $0.602957$ & $-0.0331014$ & $-0.439749$ & $0.738333$ & $0.678209$ & $1$ & $-0.0757741$ & $-0.0683058$ & $-0.0667791$ & $0.0070091$ & $0.624753$ & $0.793262$ & $0.0329563$ & $-0.00767425$ & $-0.0269939$ & $-0.0208156$ & $-0.114702$ & $-0.0576435$ & $0.079428$ & $-0.11421$ & $-0.346063$ & $-0.0153706$ & $-0.0222159$ & $0.0104356$ & $0.0111534$ & $0.00633196$ & $-0.00913965$ & $-0.0274592$ & $0.000501933$ & $-0.00302499$ & $0.0037319$ & $0.0142473$ & $-0.0134782$ & $0.00748852$ & $0.00543433$ & $0.00906302$ \\
CHe_11 & $0.0067369$ & $-0.0643943$ & $0.00330902$ & $-0.017816$ & $7.93638e-05$ & $-0.174142$ & $-0.0602858$ & $0.84927$ & $0.831899$ & $-0.340301$ & $-0.990153$ & $-0.325189$ & $0.164614$ & $0.520594$ & $0.481623$ & $0.474876$ & $0.228813$ & $-0.0751074$ & $-0.0757741$ & $1$ & $0.972409$ & $0.951793$ & $-0.0175577$ & $-0.26505$ & $-0.0247944$ & $-0.546607$ & $0.21602$ & $0.3229$ & $-0.00238935$ & $0.056355$ & $0.0320582$ & $-0.0657825$ & $0.0564472$ & $0.289974$ & $-0.0262509$ & $0.00317283$ & $0.00011061$ & $0.000792481$ & $0.0219167$ & $0.0104569$ & $0.00561171$ & $0.00296386$ & $-0.00558539$ & $-0.0056264$ & $0.00384109$ & $-0.0077529$ & $0.00826566$ & $0.000745565$ & $-0.00702922$ \\
CHe_22 & $0.0030854$ & $-0.0607342$ & $0.00495571$ & $-0.0193413$ & $0.00170406$ & $-0.179304$ & $-0.0658108$ & $0.89527$ & $0.876733$ & $-0.368527$ & $-0.990918$ & $-0.357306$ & $0.179074$ & $0.462905$ & $0.331536$ & $0.329549$ & $0.174079$ & $-0.0668459$ & $-0.0683058$ & $0.972409$ & $1$ & $0.975067$ & $0.0360231$ & $-0.373826$ & $-0.0353567$ & $-0.558867$ & $0.372362$ & $0.331167$ & $-0.000839289$ & $0.0574015$ & $0.0316366$ & $-0.0731909$ & $0.0573639$ & $0.455529$ & $-0.0292193$ & $0.00105045$ & $0.00311076$ & $0.00136367$ & $0.0227395$ & $0.0101363$ & $0.00594741$ & $0.00160796$ & $-0.00881145$ & $-0.00292846$ & $0.00650679$ & $-0.00647199$ & $0.0063861$ & $0.00354842$ & $-0.00978864$ \\
CHe_33 & $0.00127551$ & $-0.0592098$ & $0.00624531$ & $-0.0187095$ & $0.00137767$ & $-0.176061$ & $-0.0649598$ & $0.878338$ & $0.860214$ & $-0.364204$ & $-0.969566$ & $-0.350948$ & $0.178255$ & $0.447412$ & $0.320343$ & $0.346195$ & $0.166328$ & $-0.0648402$ & $-0.0667791$ & $0.951793$ & $0.975067$ & $1$ & $0.0377696$ & $-0.369075$ & $-0.0340195$ & $-0.547034$ & $0.369965$ & $0.325026$ & $-0.000650008$ & $0.0570295$ & $0.0298306$ & $-0.0715568$ & $0.0577494$ & $0.4537$ & $-0.0283068$ & $0.00232271$ & $0.00382657$ & $0.00329444$ & $0.0231081$ & $0.0108222$ & $0.00571441$ & $0.000769726$ & $-0.00827986$ & $-0.000913313$ & $0.00479495$ & $-0.00708238$ & $0.00331129$ & $0.00464317$ & $-0.00902639$ \\
CHQ1_11 & $0.00192796$ & $0.00366502$ & $0.0104793$ & $-0.00111179$ & $0.00590315$ & $-0.00568911$ & $-0.0139393$ & $0.0620182$ & $0.0607429$ & $-0.0454896$ & $-0.00757708$ & $-0.0373691$ & $0.030524$ & $-0.0817028$ & $-0.173213$ & $-0.16794$ & $-0.0682629$ & $0.00648459$ & $0.0070091$ & $-0.0175577$ & $0.0360231$ & $0.0377696$ & $1$ & $-0.13751$ & $0.0768491$ & $-0.678473$ & $0.337185$ & $0.0137419$ & $-0.00322544$ & $0.00515947$ & $-0.000319599$ & $-0.0139931$ & $0.000612076$ & $0.198991$ & $0.00612892$ & $-0.0112488$ & $-0.00174635$ & $0.00640301$ & $0.00881908$ & $-1.62398e-06$ & $-0.0149608$ & $0.00242337$ & $-0.00830144$ & $0.0143607$ & $0.005746$ & $0.00619523$ & $-0.00480472$ & $0.00573128$ & $-0.019043$ \\
CHQ1_33 & $-0.0506348$ & $0.0304256$ & $-0.0121014$ & $0.00835321$ & $-0.00921946$ & $0.00589347$ & $0.113387$ & $-0.682147$ & $-0.674629$ & $0.552621$ & $0.318704$ & $0.312253$ & $-0.384368$ & $0.471071$ & $0.0999101$ & $0.09582$ & $0.679124$ & $0.624528$ & $0.624753$ & $-0.26505$ & $-0.373826$ & $-0.369075$ & $-0.13751$ & $1$ & $0.643775$ & $0.207739$ & $-0.424932$ & $-0.0353775$ & $-0.0223959$ & $-0.109297$ & $-0.0585945$ & $0.097899$ & $-0.108576$ & $-0.631082$ & $0.00419963$ & $-0.0102316$ & $0.00313362$ & $0.00324992$ & $-0.0115769$ & $-0.00971412$ & $-0.0269098$ & $-0.0019764$ & $0.0035062$ & $-0.00161187$ & $0.00870258$ & $-0.0161674$ & $0.00427401$ & $-0.00324244$ & $0.0172224$ \\
CHQ3_11 & $-0.119392$ & $0.0245195$ & $-0.0118762$ & $0.00214016$ & $-0.000566464$ & $-0.0824933$ & $0.0951355$ & $-0.40924$ & $-0.409469$ & $0.480097$ & $0.0307939$ & $0.186172$ & $-0.363349$ & $0.597092$ & $-0.143772$ & $-0.137282$ & $0.774415$ & $0.794589$ & $0.793262$ & $-0.0247944$ & $-0.0353567$ & $-0.0340195$ & $0.0768491$ & $0.643775$ & $1$ & $0.0264851$ & $0.208634$ & $-0.0202436$ & $-0.0298511$ & $-0.113412$ & $-0.0639514$ & $0.069478$ & $-0.115559$ & $-0.196697$ & $-0.0176479$ & $-0.0237365$ & $0.0122917$ & $0.000174979$ & $-0.0124812$ & $-0.00729338$ & $-0.02666$ & $-0.00339914$ & $-0.0100613$ & $0.0084066$ & $0.0220308$ & $-0.0141136$ & $-0.00119359$ & $0.0010454$ & $0.00927537$ \\
CHu_11 & $-0.0608488$ & $0.0342457$ & $-0.0115046$ & $0.00845884$ & $-0.00681018$ & $0.0960932$ & $0.0344555$ & $-0.498471$ & $-0.487622$ & $0.20545$ & $0.55683$ & $0.200096$ & $-0.0991307$ & $-0.264651$ & $-0.195651$ & $-0.189841$ & $-0.106565$ & $0.0356788$ & $0.0329563$ & $-0.546607$ & $-0.558867$ & $-0.547034$ & $-0.678473$ & $0.207739$ & $0.0264851$ & $1$ & $-0.166074$ & $-0.189512$ & $0.00235622$ & $-0.0320906$ & $-0.0154431$ & $0.0390921$ & $-0.0305709$ & $-0.245853$ & $0.00941801$ & $0.00428641$ & $-0.000305777$ & $-0.00668363$ & $-0.025019$ & $-0.00313972$ & $0.00842399$ & $-0.00114966$ & $0.00811499$ & $-0.00609469$ & $-0.00809027$ & $-0.0038427$ & $0.0027449$ & $-0.00392305$ & $0.0129063$ \\
CHd_11 & $-0.0562019$ & $-0.00323441$ & $0.00834227$ & $-0.00595038$ & $9.01352e-05$ & $-0.0740271$ & $-0.0591225$ & $0.422232$ & $0.413142$ & $-0.228047$ & $-0.290811$ & $-0.204435$ & $0.133638$ & $-0.102218$ & $-0.398354$ & $-0.383746$ & $-0.161778$ & $-0.00589908$ & $-0.00767425$ & $0.21602$ & $0.372362$ & $0.369965$ & $0.337185$ & $-0.424932$ & $0.208634$ & $-0.166074$ & $1$ & $0.107996$ & $0.00133964$ & $0.0295568$ & $0.00732429$ & $-0.0634106$ & $0.0285166$ & $0.683801$ & $-0.0155783$ & $-0.0113583$ & $0.0115172$ & $-0.00711756$ & $0.000918892$ & $0.00396787$ & $0.00344359$ & $0.000966893$ & $-0.0187198$ & $0.0109354$ & $0.0129559$ & $0.000269412$ & $-0.00561763$ & $0.00976757$ & $-0.0107775$ \\
CHd_33 & $0.0172361$ & $-0.0170443$ & $-0.00464685$ & $-0.00687325$ & $0.00623217$ & $-0.0637121$ & $-0.0288996$ & $0.299825$ & $0.293217$ & $-0.137722$ & $-0.328958$ & $-0.130506$ & $0.0642915$ & $0.144069$ & $0.112745$ & $0.110823$ & $0.0552664$ & $-0.0292205$ & $-0.0269939$ & $0.3229$ & $0.331167$ & $0.325026$ & $0.0137419$ & $-0.0353775$ & $-0.0202436$ & $-0.189512$ & $0.107996$ & $1$ & $0.00379603$ & $0.0240699$ & $0.01168$ & $-0.0304776$ & $0.0245817$ & $0.153186$ & $-0.015121$ & $-0.00274554$ & $-0.0105274$ & $0.00626234$ & $0.0180845$ & $0.0101757$ & $0.0133794$ & $-0.00459259$ & $-0.00756913$ & $0.00521723$ & $0.003563$ & $0.00212837$ & $-0.0022633$ & $0.00720487$ & $-0.00821731$ \\
CeH_22r & $0.00424457$ & $0.0144177$ & $-0.0112356$ & $-0.00443716$ & $-0.00307248$ & $-0.000761909$ & $0.00897996$ & $0.0117043$ & $0.0188422$ & $-0.00249048$ & $0.00202544$ & $-0.00157569$ & $0.0513525$ & $-0.0240384$ & $0.00371104$ & $-0.00688112$ & $-0.0277523$ & $-0.0292513$ & $-0.0208156$ & $-0.00238935$ & $-0.000839289$ & $-0.000650008$ & $-0.00322544$ & $-0.0223959$ & $-0.0298511$ & $0.00235622$ & $0.00133964$ & $0.00379603$ & $1$ & $0.0389503$ & $0.00674847$ & $-0.00662348$ & $0.0405306$ & $0.00657778$ & $-0.0371649$ & $0.000938605$ & $-0.00456988$ & $0.00711919$ & $-0.00663514$ & $-0.00208935$ & $-0.000693848$ & $0.00786596$ & $0.00943722$ & $0.0260794$ & $0.00843675$ & $0.00349856$ & $-0.0164444$ & $-0.00418454$ & $0.00440212$ \\
CeH_33r & $-0.00476447$ & $0.00423652$ & $-0.0088014$ & $-0.0111863$ & $0.00876995$ & $0.00584384$ & $-0.140376$ & $0.105289$ & $0.129411$ & $-0.133774$ & $-0.0556522$ & $0.00269039$ & $0.281694$ & $-0.0647595$ & $0.0322189$ & $0.0325798$ & $-0.105125$ & $-0.114486$ & $-0.114702$ & $0.056355$ & $0.0574015$ & $0.0570295$ & $0.00515947$ & $-0.109297$ & $-0.113412$ & $-0.0320906$ & $0.0295568$ & $0.0240699$ & $0.0389503$ & $1$ & $0.301938$ & $0.0132304$ & $0.639399$ & $0.0555143$ & $-0.0604169$ & $-0.0111741$ & $-0.182837$ & $-0.0149905$ & $-0.028184$ & $7.68674e-05$ & $0.00340799$ & $0.00118863$ & $0.00716211$ & $0.00709952$ & $0.0813711$ & $0.0240353$ & $-0.00698513$ & $0.0146199$ & $-0.00696669$ \\
CuH_22r & $4.23324e-05$ & $-0.01889$ & $-0.0194723$ & $-0.0121122$ & $0.00517756$ & $0.00373222$ & $-0.0682356$ & $0.057238$ & $0.0713794$ & $-0.0723039$ & $-0.0318168$ & $-0.0387475$ & $0.117546$ & $-0.0327508$ & $0.0295663$ & $0.0156928$ & $-0.0533897$ & $-0.0672915$ & $-0.0576435$ & $0.0320582$ & $0.0316366$ & $0.0298306$ & $-0.000319599$ & $-0.0585945$ & $-0.0639514$ & $-0.0154431$ & $0.00732429$ & $0.01168$ & $0.00674847$ & $0.301938$ & $1$ & $0.0164202$ & $0.334247$ & $0.0192874$ & $-0.0172103$ & $-0.0175166$ & $-0.0931466$ & $-0.00531073$ & $0.0109553$ & $0.0016862$ & $0.00558946$ & $-0.00444747$ & $0.0187199$ & $-0.00460953$ & $-0.0299707$ & $0.0885211$ & $0.380771$ & $0.00841816$ & $0.0115173$ \\
CuH_33r & $0.0122027$ & $0.00414559$ & $0.00237095$ & $-0.010913$ & $-0.00458521$ & $0.00993456$ & $0.928025$ & $-0.10603$ & $-0.0664865$ & $0.101953$ & $0.0690108$ & $0.213448$ & $-0.256066$ & $0.0391849$ & $-0.01867$ & $-0.0118584$ & $0.0716663$ & $0.0829816$ & $0.079428$ & $-0.0657825$ & $-0.0731909$ & $-0.0715568$ & $-0.0139931$ & $0.097899$ & $0.069478$ & $0.0390921$ & $-0.0634106$ & $-0.0304776$ & $-0.00662348$ & $0.0132304$ & $0.0164202$ & $1$ & $0.0084141$ & $-0.0699172$ & $0.0551714$ & $0.0198546$ & $-0.0127869$ & $0.00670787$ & $0.00744256$ & $-0.00429927$ & $-0.000737702$ & $0.00277094$ & $0.00728547$ & $0.00476431$ & $-0.00451302$ & $0.0247947$ & $0.00702646$ & $-0.00599082$ & $-0.0113326$ \\
CdH_33r & $-0.00401301$ & $0.00963426$ & $-0.0119197$ & $-0.0433293$ & $-0.000773664$ & $0.00157921$ & $-0.169354$ & $0.105955$ & $0.128625$ & $-0.130761$ & $-0.0558379$ & $0.00667915$ & $0.313143$ & $-0.0683583$ & $0.0404766$ & $0.0311495$ & $-0.104818$ & $-0.121779$ & $-0.11421$ & $0.0564472$ & $0.0573639$ & $0.0577494$ & $0.000612076$ & $-0.108576$ & $-0.115559$ & $-0.0305709$ & $0.0285166$ & $0.0245817$ & $0.0405306$ & $0.639399$ & $0.334247$ & $0.0084141$ & $1$ & $0.0504986$ & $-0.0526756$ & $-0.0261443$ & $-0.202851$ & $-0.0150351$ & $-0.0750444$ & $-0.00713221$ & $-0.00764036$ & $0.0045427$ & $0.000171587$ & $-2.95256e-05$ & $-0.0209267$ & $0.0391101$ & $0.00545479$ & $0.157479$ & $0.481172$ \\
CLL_1221 & $-0.0178433$ & $0.0156419$ & $0.0135126$ & $-0.014467$ & $0.00296535$ & $-0.120181$ & $-0.0692718$ & $0.562972$ & $0.552804$ & $-0.343764$ & $-0.368568$ & $-0.267236$ & $0.207395$ & $-0.217615$ & $-0.593769$ & $-0.0937879$ & $-0.251285$ & $0.0314136$ & $-0.346063$ & $0.289974$ & $0.455529$ & $0.4537$ & $0.198991$ & $-0.631082$ & $-0.196697$ & $-0.245853$ & $0.683801$ & $0.153186$ & $0.00657778$ & $0.0555143$ & $0.0192874$ & $-0.0699172$ & $0.0504986$ & $1$ & $-0.0106105$ & $0.000382743$ & $0.00516722$ & $-0.00474235$ & $0.00825812$ & $0.00475683$ & $0.00197726$ & $-0.00697039$ & $-0.00994261$ & $0.00801166$ & $0.0073124$ & $0.00550518$ & $-0.0103188$ & $0.00867368$ & $-0.0158973$ \\
eHggint & $-0.00863235$ & $-0.0062323$ & $0.0145405$ & $0.00659352$ & $-0.0111247$ & $0.00376269$ & $-0.0400649$ & $-0.0187584$ & $-0.0394752$ & $0.0564513$ & $0.0286798$ & $0.0781061$ & $0.0354261$ & $-0.0217886$ & $-0.0101805$ & $-0.00280582$ & $-0.0245261$ & $-0.00989603$ & $-0.0153706$ & $-0.0262509$ & $-0.0292193$ & $-0.0283068$ & $0.00612892$ & $0.00419963$ & $-0.0176479$ & $0.00941801$ & $-0.0155783$ & $-0.015121$ & $-0.0371649$ & $-0.0604169$ & $-0.0172103$ & $0.0551714$ & $-0.0526756$ & $-0.0106105$ & $1$ & $-0.0418641$ & $0.00148366$ & $0.0156311$ & $0.0237248$ & $0.0118181$ & $0.0315028$ & $-0.00675389$ & $0.00185827$ & $0.00211597$ & $-0.031397$ & $-0.0407563$ & $0.0451176$ & $-0.0403602$ & $0.00417804$ \\
eHggpar & $-0.02896$ & $-0.0291296$ & $0.0174324$ & $0.0378243$ & $-0.0030883$ & $-0.000830241$ & $-0.0260967$ & $0.0117458$ & $0.00116982$ & $0.00862008$ & $-0.00231659$ & $0.027398$ & $0.0261519$ & $-0.0155042$ & $0.0098937$ & $0.010956$ & $-0.0171499$ & $-0.0217426$ & $-0.0222159$ & $0.00317283$ & $0.00105045$ & $0.00232271$ & $-0.0112488$ & $-0.0102316$ & $-0.0237365$ & $0.00428641$ & $-0.0113583$ & $-0.00274554$ & $0.000938605$ & $-0.0111741$ & $-0.0175166$ & $0.0198546$ & $-0.0261443$ & $0.000382743$ & $-0.0418641$ & $1$ & $0.00709261$ & $-0.00301721$ & $-0.0292116$ & $-0.00746382$ & $-0.0181997$ & $-0.0118219$ & $-0.0170736$ & $-0.000726319$ & $0.0637734$ & $-0.0137895$ & $-0.0292366$ & $-0.0544593$ & $-0.00371467$ \\
eHWWint & $-0.00702069$ & $-0.0139053$ & $-2.35966e-05$ & $0.0386845$ & $0.00202883$ & $-0.0111542$ & $0.0257366$ & $4.27227e-05$ & $-0.0119385$ & $0.00882704$ & $-0.00180039$ & $0.00315147$ & $-0.011541$ & $0.00443579$ & $-0.00587897$ & $-0.00672192$ & $0.00730511$ & $0.00763184$ & $0.0104356$ & $0.00011061$ & $0.00311076$ & $0.00382657$ & $-0.00174635$ & $0.00313362$ & $0.0122917$ & $-0.000305777$ & $0.0115172$ & $-0.0105274$ & $-0.00456988$ & $-0.182837$ & $-0.0931466$ & $-0.0127869$ & $-0.202851$ & $0.00516722$ & $0.00148366$ & $0.00709261$ & $1$ & $-0.0127347$ & $0.0483932$ & $0.000919928$ & $0.0202613$ & $0.00433555$ & $-0.0155412$ & $-0.0143602$ & $0.0227589$ & $-0.0605114$ & $-0.0146965$ & $-0.0405583$ & $0.0161977$ \\
eHWWpar & $0.000904085$ & $-0.00813451$ & $-0.00617933$ & $0.010229$ & $-0.00457782$ & $3.13477e-05$ & $0.0100369$ & $-0.00187057$ & $-0.00405538$ & $0.00923975$ & $-0.00162216$ & $0.0087569$ & $-0.00286017$ & $0.00733797$ & $0.00164368$ & $-0.00588749$ & $0.00548381$ & $0.00432738$ & $0.0111534$ & $0.000792481$ & $0.00136367$ & $0.00329444$ & $0.00640301$ & $0.00324992$ & $0.000174979$ & $-0.00668363$ & $-0.00711756$ & $0.00626234$ & $0.00711919$ & $-0.0149905$ & $-0.00531073$ & $0.00670787$ & $-0.0150351$ & $-0.00474235$ & $0.0156311$ & $-0.00301721$ & $-0.0127347$ & $1$ & $0.00014565$ & $0.0041664$ & $0.00663787$ & $0.00473056$ & $-0.0111647$ & $0.00537322$ & $0.0016043$ & $-0.000630844$ & $0.00835713$ & $0.00793749$ & $0.00207348$ \\
eHZZint & $0.11456$ & $0.0370023$ & $-0.0613101$ & $-0.005341$ & $0.00880445$ & $-0.00662151$ & $-0.00132689$ & $0.0158638$ & $0.0142609$ & $0.00213878$ & $-0.0231901$ & $-0.010762$ & $0.00564712$ & $0.0136442$ & $0.009497$ & $0.00413893$ & $0.0107942$ & $0.00280488$ & $0.00633196$ & $0.0219167$ & $0.0227395$ & $0.0231081$ & $0.00881908$ & $-0.0115769$ & $-0.0124812$ & $-0.025019$ & $0.000918892$ & $0.0180845$ & $-0.00663514$ & $-0.028184$ & $0.0109553$ & $0.00744256$ & $-0.0750444$ & $0.00825812$ & $0.0237248$ & $-0.0292116$ & $0.0483932$ & $0.00014565$ & $1$ & $-0.0134332$ & $-0.0367443$ & $0.00218429$ & $0.0399844$ & $-0.0431276$ & $-0.00598071$ & $0.0696733$ & $0.0262988$ & $-0.0396624$ & $-0.0848157$ \\
eHZZpar & $-6.8583e-05$ & $-0.000453118$ & $0.0079421$ & $-0.00812605$ & $-0.00215838$ & $-0.00442161$ & $-0.00755638$ & $0.0127482$ & $0.0115058$ & $-0.00871492$ & $-0.00992571$ & $-0.00560527$ & $0.00226429$ & $-0.00194375$ & $0.00681422$ & $0.00513689$ & $-0.00524216$ & $-0.00989866$ & $-0.00913965$ & $0.0104569$ & $0.0101363$ & $0.0108222$ & $-1.62398e-06$ & $-0.00971412$ & $-0.00729338$ & $-0.00313972$ & $0.00396787$ & $0.0101757$ & $-0.00208935$ & $7.68674e-05$ & $0.0016862$ & $-0.00429927$ & $-0.00713221$ & $0.00475683$ & $0.0118181$ & $-0.00746382$ & $0.000919928$ & $0.0041664$ & $-0.0134332$ & $1$ & $-0.00460587$ & $0.00193797$ & $-0.00275663$ & $0.000318778$ & $-0.013348$ & $0.000810977$ & $0.0159372$ & $-0.00289551$ & $-0.003246$ \\
eHZgaint & $-0.0643852$ & $-0.0300165$ & $0.088622$ & $0.0157992$ & $-0.00435042$ & $-0.00159762$ & $-0.00120033$ & $0.0230238$ & $0.0214634$ & $-0.0677723$ & $-0.00486675$ & $-0.0369585$ & $0.00617157$ & $-0.0243517$ & $0.0161085$ & $-0.00471427$ & $-0.0346865$ & $-0.0419106$ & $-0.0274592$ & $0.00561171$ & $0.00594741$ & $0.00571441$ & $-0.0149608$ & $-0.0269098$ & $-0.02666$ & $0.00842399$ & $0.00344359$ & $0.0133794$ & $-0.000693848$ & $0.00340799$ & $0.00558946$ & $-0.000737702$ & $-0.00764036$ & $0.00197726$ & $0.0315028$ & $-0.0181997$ & $0.0202613$ & $0.00663787$ & $-0.0367443$ & $-0.00460587$ & $1$ & $0.002198$ & $0.00386918$ & $0.0430323$ & $-0.0125642$ & $-0.0234061$ & $0.0153786$ & $-0.0587934$ & $0.0152788$ \\
eHZgapar & $-0.00365751$ & $0.00193357$ & $0.0150542$ & $0.00149834$ & $0.000507869$ & $-0.0103911$ & $0.000262944$ & $0.00352851$ & $0.00374598$ & $-0.002679$ & $-0.00188615$ & $-0.00118173$ & $0.00313652$ & $-0.00593163$ & $0.0132145$ & $-0.00457253$ & $-0.00163982$ & $-0.0119239$ & $0.000501933$ & $0.00296386$ & $0.00160796$ & $0.000769726$ & $0.00242337$ & $-0.0019764$ & $-0.00339914$ & $-0.00114966$ & $0.000966893$ & $-0.00459259$ & $0.00786596$ & $0.00118863$ & $-0.00444747$ & $0.00277094$ & $0.0045427$ & $-0.00697039$ & $-0.00675389$ & $-0.0118219$ & $0.00433555$ & $0.00473056$ & $0.00218429$ & $0.00193797$ & $0.002198$ & $1$ & $0.00802317$ & $0.00359513$ & $0.0062545$ & $0.00513963$ & $-0.00313675$ & $-0.00495157$ & $0.00518679$ \\
eHgagaint & $0.0373721$ & $-0.0173361$ & $0.039948$ & $0.0304926$ & $-0.00114623$ & $-0.00303238$ & $0.00914332$ & $-0.00817098$ & $0.0676387$ & $0.00364227$ & $0.0072675$ & $-0.00992131$ & $0.00402148$ & $-0.000217563$ & $0.00129192$ & $0.00931613$ & $-0.00174779$ & $0.002466$ & $-0.00302499$ & $-0.00558539$ & $-0.00881145$ & $-0.00827986$ & $-0.00830144$ & $0.0035062$ & $-0.0100613$ & $0.00811499$ & $-0.0187198$ & $-0.00756913$ & $0.00943722$ & $0.00716211$ & $0.0187199$ & $0.00728547$ & $0.000171587$ & $-0.00994261$ & $0.00185827$ & $-0.0170736$ & $-0.0155412$ & $-0.0111647$ & $0.0399844$ & $-0.00275663$ & $0.00386918$ & $0.00802317$ & $1$ & $0.0180799$ & $-0.00774863$ & $-0.0485928$ & $0.0424899$ & $-0.0320433$ & $0.00111422$ \\
eHmumuint & $-0.0684396$ & $-0.0194017$ & $0.00131539$ & $-0.00477581$ & $0.00318856$ & $0.00315552$ & $0.00687814$ & $-0.000638061$ & $0.00166004$ & $-0.00166806$ & $0.00528577$ & $0.015015$ & $-0.0123425$ & $-0.0043755$ & $-0.0142922$ & $-0.0153639$ & $-0.00845944$ & $0.00239244$ & $0.0037319$ & $-0.0056264$ & $-0.00292846$ & $-0.000913313$ & $0.0143607$ & $-0.00161187$ & $0.0084066$ & $-0.00609469$ & $0.0109354$ & $0.00521723$ & $0.0260794$ & $0.00709952$ & $-0.00460953$ & $0.00476431$ & $-2.95256e-05$ & $0.00801166$ & $0.00211597$ & $-0.000726319$ & $-0.0143602$ & $0.00537322$ & $-0.0431276$ & $0.000318778$ & $0.0430323$ & $0.00359513$ & $0.0180799$ & $1$ & $0.0126978$ & $-0.0310038$ & $-0.00254018$ & $-0.0500438$ & $0.0186076$ \\
eHtautauint & $-0.0291992$ & $0.019604$ & $-0.0597487$ & $0.0105206$ & $-0.00413$ & $-0.00827885$ & $-0.00479332$ & $-0.00133954$ & $-0.00258468$ & $-0.00526776$ & $-0.00493335$ & $-0.00530415$ & $-0.00930076$ & $0.00790459$ & $-0.0053387$ & $-0.00519657$ & $0.0170462$ & $0.0138542$ & $0.0142473$ & $0.00384109$ & $0.00650679$ & $0.00479495$ & $0.005746$ & $0.00870258$ & $0.0220308$ & $-0.00809027$ & $0.0129559$ & $0.003563$ & $0.00843675$ & $0.0813711$ & $-0.0299707$ & $-0.00451302$ & $-0.0209267$ & $0.0073124$ & $-0.031397$ & $0.0637734$ & $0.0227589$ & $0.0016043$ & $-0.00598071$ & $-0.013348$ & $-0.0125642$ & $0.0062545$ & $-0.00774863$ & $0.0126978$ & $1$ & $-0.0119794$ & $-0.0544268$ & $0.0146943$ & $-0.03837$ \\
eHccint & $0.0107475$ & $0.0211433$ & $-0.0218552$ & $-0.0498304$ & $0.0105904$ & $0.00598613$ & $0.0212887$ & $0.00049459$ & $-0.00132026$ & $-0.013594$ & $0.00763085$ & $0.000387652$ & $0.00115078$ & $-0.0151818$ & $-0.00499226$ & $-0.00515174$ & $-0.0176174$ & $-0.0120189$ & $-0.0134782$ & $-0.0077529$ & $-0.00647199$ & $-0.00708238$ & $0.00619523$ & $-0.0161674$ & $-0.0141136$ & $-0.0038427$ & $0.000269412$ & $0.00212837$ & $0.00349856$ & $0.0240353$ & $0.0885211$ & $0.0247947$ & $0.0391101$ & $0.00550518$ & $-0.0407563$ & $-0.0137895$ & $-0.0605114$ & $-0.000630844$ & $0.0696733$ & $0.000810977$ & $-0.0234061$ & $0.00513963$ & $-0.0485928$ & $-0.0310038$ & $-0.0119794$ & $1$ & $0.0360677$ & $0.0350464$ & $0.0148959$ \\
eHccpar & $-0.0104082$ & $-0.0117378$ & $-0.0356666$ & $-0.00573854$ & $0.00178376$ & $0.0144788$ & $0.0059751$ & $0.00457303$ & $0.00880753$ & $-0.00800331$ & $-0.00751493$ & $-0.00680291$ & $-0.00363783$ & $0.0103702$ & $0.013671$ & $-0.00327412$ & $0.00144773$ & $-0.00349504$ & $0.00748852$ & $0.00826566$ & $0.0063861$ & $0.00331129$ & $-0.00480472$ & $0.00427401$ & $-0.00119359$ & $0.0027449$ & $-0.00561763$ & $-0.0022633$ & $-0.0164444$ & $-0.00698513$ & $0.380771$ & $0.00702646$ & $0.00545479$ & $-0.0103188$ & $0.0451176$ & $-0.0292366$ & $-0.0146965$ & $0.00835713$ & $0.0262988$ & $0.0159372$ & $0.0153786$ & $-0.00313675$ & $0.0424899$ & $-0.00254018$ & $-0.0544268$ & $0.0360677$ & $1$ & $-0.00316073$ & $0.032946$ \\
eHbbint & $0.0473902$ & $0.0231419$ & $-0.0343144$ & $0.0037509$ & $0.00847962$ & $0.00606175$ & $0.00101018$ & $0.000573258$ & $-0.00123594$ & $-0.00677173$ & $-0.0026432$ & $-0.00990373$ & $-0.00760101$ & $0.00266665$ & $-0.00780215$ & $-0.00560158$ & $0.0045918$ & $0.00621219$ & $0.00543433$ & $0.000745565$ & $0.00354842$ & $0.00464317$ & $0.00573128$ & $-0.00324244$ & $0.0010454$ & $-0.00392305$ & $0.00976757$ & $0.00720487$ & $-0.00418454$ & $0.0146199$ & $0.00841816$ & $-0.00599082$ & $0.157479$ & $0.00867368$ & $-0.0403602$ & $-0.0544593$ & $-0.0405583$ & $0.00793749$ & $-0.0396624$ & $-0.00289551$ & $-0.0587934$ & $-0.00495157$ & $-0.0320433$ & $-0.0500438$ & $0.0146943$ & $0.0350464$ & $-0.00316073$ & $1$ & $-0.0211559$ \\
eHbbpar & $-0.026437$ & $0.0194955$ & $-0.0188091$ & $-0.0512978$ & $-0.00433795$ & $0.00187143$ & $-0.0145534$ & $-0.0131374$ & $-0.0141452$ & $0.0176394$ & $0.00882508$ & $0.0164527$ & $-0.0104063$ & $0.00133792$ & $0.00821969$ & $-0.00101194$ & $0.00753288$ & $0.00213464$ & $0.00906302$ & $-0.00702922$ & $-0.00978864$ & $-0.00902639$ & $-0.019043$ & $0.0172224$ & $0.00927537$ & $0.0129063$ & $-0.0107775$ & $-0.00821731$ & $0.00440212$ & $-0.00696669$ & $0.0115173$ & $-0.0113326$ & $0.481172$ & $-0.0158973$ & $0.00417804$ & $-0.00371467$ & $0.0161977$ & $0.00207348$ & $-0.0848157$ & $-0.003246$ & $0.0152788$ & $0.00518679$ & $0.00111422$ & $0.0186076$ & $-0.03837$ & $0.0148959$ & $0.032946$ & $-0.0211559$ & $1$ \\
