 & AlsMz & dAle5Mz & mtop & mHl & Mz & CW & CHG & CHWB & CHWHB_gaga & CHWHB_gagaorth & CHD & CHbox & CH & CHL1_11 & CHL1_22 & CHL1_33 & CHL3_11 & CHL3_22 & CHL3_33 & CHe_11 & CHe_22 & CHe_33 & CHQ1_11 & CHQ1_33 & CHQ3_11 & CHu_11 & CHd_11 & CHd_33 & CeH_22r & CeH_33r & CuH_22r & CuH_33r & CdH_33r & CLL_1221 & eHggint & eHggpar & eHWWint & eHWWpar & eHZZint & eHZZpar & eHZgaint & eHZgapar & eHgagaint & eHmumuint & eHtautauint & eHccint & eHccpar & eHbbint & eHbbpar \\
AlsMz & $1$ & $0.00620454$ & $-0.00277936$ & $-0.0135862$ & $0.000115664$ & $-0.00658071$ & $0.00121584$ & $-0.01746$ & $-0.020438$ & $0.0300741$ & $-0.0116666$ & $0.0167476$ & $0.00607879$ & $0.0234319$ & $0.0201607$ & $0.0155516$ & $0.0398491$ & $0.0217946$ & $0.0239005$ & $0.00677247$ & $-0.00067345$ & $0.000309183$ & $-0.00266399$ & $-0.0371578$ & $-0.125926$ & $-0.0690422$ & $-0.0751709$ & $0.00566974$ & $-0.0330982$ & $0.00801391$ & $-0.00170117$ & $0.0116766$ & $0.0110793$ & $-0.0293182$ & $-0.0193214$ & $0.00581238$ & $-0.0266743$ & $0.0110847$ & $0.0102053$ & $-0.00596857$ & $0.0243348$ & $-0.0109489$ & $-0.0240038$ & $0.00947932$ & $-0.0226949$ & $-0.00225195$ & $0.00483068$ & $0.0243363$ & $-0.00979908$ \\
dAle5Mz & $0.00620454$ & $1$ & $-0.0251573$ & $-0.01392$ & $-0.0182109$ & $0.000451423$ & $0.0164143$ & $-0.0852707$ & $-0.0870868$ & $0.0371704$ & $0.0505707$ & $0.0291394$ & $0.0122155$ & $-0.0085909$ & $-0.00725354$ & $0.00501732$ & $0.039951$ & $0.032977$ & $0.0186165$ & $-0.0169265$ & $-0.0241605$ & $-0.0286106$ & $0.0203564$ & $0.0359324$ & $0.0199628$ & $-0.0101289$ & $-0.0321606$ & $0.0197892$ & $-0.0335302$ & $-0.00499391$ & $0.00596106$ & $0.0090453$ & $-0.00035235$ & $0.013746$ & $-0.0203256$ & $0.0016187$ & $0.0426496$ & $0.0106812$ & $-0.00176257$ & $0.0113044$ & $0.0419025$ & $-0.0171478$ & $-0.0482093$ & $0.000879516$ & $-0.0296732$ & $-0.0262035$ & $-0.00455937$ & $0.048443$ & $0.007361$ \\
mtop & $-0.00277936$ & $-0.0251573$ & $1$ & $0.0215062$ & $0.0148921$ & $0.00125721$ & $0.0230614$ & $-0.00388524$ & $-0.00478703$ & $-0.0196022$ & $0.0163345$ & $-0.0148252$ & $-0.00735537$ & $0.00311943$ & $0.00568923$ & $-0.00808665$ & $-0.0190318$ & $-0.011431$ & $-0.00415156$ & $-0.00878414$ & $-0.00985099$ & $-0.00475736$ & $-0.00843972$ & $0.0106871$ & $-0.0164122$ & $-0.00427708$ & $-0.0175705$ & $-0.0102943$ & $0.0260164$ & $0.0283308$ & $0.012115$ & $0.0194548$ & $-0.014041$ & $-0.0143339$ & $0.00439718$ & $-0.00418843$ & $-0.0178522$ & $0.0035669$ & $-0.0165746$ & $0.0141543$ & $0.020496$ & $0.00595346$ & $-0.0154613$ & $0.0133026$ & $-0.00800421$ & $-0.000296177$ & $0.0129494$ & $-0.0472671$ & $-0.0140833$ \\
mHl & $-0.0135862$ & $-0.01392$ & $0.0215062$ & $1$ & $-0.0254158$ & $0.0268473$ & $-0.00578768$ & $-0.0013854$ & $-1.5273e-05$ & $0.00435793$ & $3.39917e-05$ & $-0.00539204$ & $-0.00420155$ & $-0.00547426$ & $0.0116286$ & $-0.000495312$ & $0.0136979$ & $-0.00399097$ & $0.00496568$ & $0.00169305$ & $0.00123271$ & $-0.00190171$ & $0.00278345$ & $0.00505723$ & $-0.00748413$ & $-0.0118225$ & $-0.0192186$ & $-0.0186442$ & $-0.0354614$ & $-0.0302981$ & $-0.00603922$ & $-0.0112086$ & $-0.0267316$ & $-0.00610327$ & $0.00585131$ & $-0.0145891$ & $0.0014658$ & $-0.00693219$ & $-0.0129627$ & $0.0274752$ & $-0.00703566$ & $0.0329471$ & $-0.0337632$ & $0.0172282$ & $0.00601076$ & $0.0207418$ & $-0.018183$ & $0.00269666$ & $-0.00265547$ \\
Mz & $0.000115664$ & $-0.0182109$ & $0.0148921$ & $-0.0254158$ & $1$ & $4.08592e-05$ & $0.00420103$ & $0.0157113$ & $0.0148792$ & $-0.0101925$ & $-0.00802427$ & $0.000659047$ & $-0.0101568$ & $0.00337871$ & $-0.000656106$ & $0.0260499$ & $0.00549444$ & $0.00357457$ & $-0.0233612$ & $0.0143208$ & $0.0150005$ & $0.012564$ & $0.00441766$ & $0.0017328$ & $-0.000911633$ & $-0.0155204$ & $0.00887111$ & $0.005356$ & $-0.0205134$ & $0.0111437$ & $0.000866496$ & $0.00121587$ & $-0.00351266$ & $0.0142812$ & $-0.0239166$ & $-0.0193831$ & $-0.0142997$ & $0.00318634$ & $0.0181317$ & $-0.00239858$ & $0.0110517$ & $0.0251246$ & $0.00964821$ & $0.00173107$ & $0.00700666$ & $-0.00450049$ & $-0.00623058$ & $0.00239298$ & $0.00148367$ \\
CW & $-0.00658071$ & $0.000451423$ & $0.00125721$ & $0.0268473$ & $4.08592e-05$ & $1$ & $0.0335895$ & $-0.137547$ & $-0.129443$ & $0.00856263$ & $0.205805$ & $0.0589885$ & $0.0146075$ & $-0.010871$ & $-0.0970661$ & $-0.119534$ & $-0.294777$ & $-0.0687159$ & $-0.0523597$ & $-0.205078$ & $-0.202155$ & $-0.206078$ & $-0.0231237$ & $-0.0259089$ & $-0.0833899$ & $0.144777$ & $-0.0373037$ & $-0.0775908$ & $-0.0466699$ & $-0.00683255$ & $0.00220761$ & $0.0312213$ & $-0.0299979$ & $-0.110069$ & $-0.0174419$ & $-0.0191513$ & $-0.00351448$ & $0.00623425$ & $0.011302$ & $0.00771625$ & $0.0233962$ & $0.0078846$ & $0.0425544$ & $-0.0213365$ & $0.0147643$ & $-0.00140341$ & $-0.00498455$ & $0.00744451$ & $-0.0265848$ \\
CHG & $0.00121584$ & $0.0164143$ & $0.0230614$ & $-0.00578768$ & $0.00420103$ & $0.0335895$ & $1$ & $-0.0358985$ & $0.0307118$ & $0.00583814$ & $0.046041$ & $-0.0210198$ & $-0.0232273$ & $-0.0211802$ & $-0.0129245$ & $-0.0505991$ & $-0.0254022$ & $-0.014539$ & $0.0130562$ & $-0.0479231$ & $-0.0434562$ & $-0.0423411$ & $-0.000594076$ & $-0.00413336$ & $-0.00901967$ & $0.0272361$ & $-0.00769177$ & $-0.00777546$ & $0.0245784$ & $-0.0496546$ & $-0.0558757$ & $0.935874$ & $-0.0631172$ & $-0.0195552$ & $-0.0493037$ & $-0.0360605$ & $-0.00483298$ & $-0.00331813$ & $0.00468757$ & $0.0130154$ & $-0.01182$ & $0.00136361$ & $0.0551483$ & $0.0166052$ & $-0.0155461$ & $0.0384786$ & $0.010445$ & $-0.0314042$ & $0.00483028$ \\
CHWB & $-0.01746$ & $-0.0852707$ & $-0.00388524$ & $-0.0013854$ & $0.0157113$ & $-0.137547$ & $-0.0358985$ & $1$ & $0.978456$ & $-0.554191$ & $-0.887669$ & $-0.301851$ & $-0.0331189$ & $0.187243$ & $0.287316$ & $0.281633$ & $-0.138647$ & $-0.353564$ & $-0.35182$ & $0.856617$ & $0.903816$ & $0.885521$ & $0.0778238$ & $-0.630114$ & $-0.297649$ & $-0.509028$ & $0.425922$ & $0.297841$ & $0.0136007$ & $0.0302648$ & $0.0103596$ & $-0.045524$ & $0.0123998$ & $0.533462$ & $-0.0141137$ & $-0.0168694$ & $-0.0285564$ & $0.0052384$ & $-0.0168944$ & $0.0321063$ & $0.019489$ & $0.0131566$ & $-0.0382774$ & $0.0214658$ & $0.00648882$ & $-0.0320294$ & $-0.0226688$ & $0.00608271$ & $-0.0100685$ \\
CHWHB_gaga & $-0.020438$ & $-0.0870868$ & $-0.00478703$ & $-1.5273e-05$ & $0.0148792$ & $-0.129443$ & $0.0307118$ & $0.978456$ & $1$ & $-0.542115$ & $-0.864748$ & $-0.277732$ & $-0.0275026$ & $0.177869$ & $0.279383$ & $0.277836$ & $-0.144244$ & $-0.351455$ & $-0.353243$ & $0.834393$ & $0.880781$ & $0.863432$ & $0.0732442$ & $-0.619306$ & $-0.297918$ & $-0.493012$ & $0.415448$ & $0.292095$ & $0.0244951$ & $0.0527201$ & $0.0203516$ & $0.00949314$ & $0.0353879$ & $0.522776$ & $-0.043612$ & $-0.0264581$ & $-0.0402411$ & $0.00417088$ & $-0.0255069$ & $0.0375284$ & $0.0220418$ & $0.0167806$ & $0.052383$ & $0.0166948$ & $-0.00173704$ & $-0.0235539$ & $-0.0269797$ & $0.00580384$ & $-0.0110198$ \\
CHWHB_gagaorth & $0.0300741$ & $0.0371704$ & $-0.0196022$ & $0.00435793$ & $-0.0101925$ & $0.00856263$ & $0.00583814$ & $-0.554191$ & $-0.542115$ & $1$ & $0.353487$ & $0.673987$ & $0.140534$ & $0.166242$ & $-0.121303$ & $-0.112638$ & $0.372611$ & $0.441406$ & $0.433551$ & $-0.338361$ & $-0.369513$ & $-0.363647$ & $-0.0570184$ & $0.515626$ & $0.410064$ & $0.208442$ & $-0.236407$ & $-0.104294$ & $0.00162212$ & $-0.0752523$ & $-0.0450756$ & $0.0412985$ & $-0.0531789$ & $-0.318368$ & $0.0654763$ & $0.0341631$ & $0.0135612$ & $0.0115302$ & $-0.000571874$ & $0.00919372$ & $-0.094684$ & $-0.0153555$ & $0.0177475$ & $0.014711$ & $-0.0103894$ & $0.0116035$ & $-0.00502034$ & $-0.0297663$ & $0.0085575$ \\
CHD & $-0.0116666$ & $0.0505707$ & $0.0163345$ & $3.39917e-05$ & $-0.00802427$ & $0.205805$ & $0.046041$ & $-0.887669$ & $-0.864748$ & $0.353487$ & $1$ & $0.316487$ & $0.0486401$ & $-0.567364$ & $-0.41113$ & $-0.406838$ & $-0.294895$ & $0.0105664$ & $0.0115809$ & $-0.989632$ & $-0.990733$ & $-0.96813$ & $-0.0305935$ & $0.278798$ & $-0.0560308$ & $0.566561$ & $-0.29503$ & $-0.3288$ & $-0.0137649$ & $-0.0256781$ & $0.00513684$ & $0.0606559$ & $-0.024096$ & $-0.346508$ & $0.0129362$ & $0.0159082$ & $0.0304026$ & $0.00374537$ & $0.009656$ & $-0.0384228$ & $-0.0143843$ & $-0.0134272$ & $0.0521981$ & $-0.0278329$ & $-0.0104601$ & $0.0408888$ & $0.0416523$ & $0.00790878$ & $-0.00984712$ \\
CHbox & $0.0167476$ & $0.0291394$ & $-0.0148252$ & $-0.00539204$ & $0.000659047$ & $0.0589885$ & $-0.0210198$ & $-0.301851$ & $-0.277732$ & $0.673987$ & $0.316487$ & $1$ & $0.270105$ & $-0.177299$ & $-0.06127$ & $-0.0561661$ & $-0.0684877$ & $-0.0051843$ & $-0.0127435$ & $-0.294219$ & $-0.325873$ & $-0.316616$ & $-0.0441659$ & $0.132897$ & $-0.0279213$ & $0.190682$ & $-0.177398$ & $-0.100973$ & $0.020347$ & $0.179745$ & $0.0298967$ & $0.0665799$ & $0.206053$ & $-0.183994$ & $0.103079$ & $0.0553912$ & $-0.00521995$ & $-0.00016814$ & $0.0120217$ & $0.00395615$ & $-0.0512982$ & $0.00827214$ & $0.0077682$ & $-0.00320121$ & $-0.0187288$ & $0.00481348$ & $0.00426166$ & $-0.000409081$ & $0.00397682$ \\
CH & $0.00607879$ & $0.0122155$ & $-0.00735537$ & $-0.00420155$ & $-0.0101568$ & $0.0146075$ & $-0.0232273$ & $-0.0331189$ & $-0.0275026$ & $0.140534$ & $0.0486401$ & $0.270105$ & $1$ & $-0.0509302$ & $0.000482723$ & $-0.00534099$ & $-0.0394217$ & $-0.0340906$ & $-0.0295169$ & $-0.0441534$ & $-0.0503385$ & $-0.0487288$ & $-0.0101966$ & $-0.00495269$ & $-0.0316477$ & $0.032683$ & $-0.0258563$ & $-0.0166032$ & $0.0146562$ & $0.0508745$ & $0.0142004$ & $-0.00115132$ & $0.0592008$ & $-0.0269444$ & $0.0232234$ & $0.00755216$ & $-0.000392085$ & $-0.0049234$ & $-0.000274016$ & $0.00183645$ & $-0.0186483$ & $-0.00507853$ & $0.00578838$ & $-0.00121648$ & $-0.0038516$ & $0.0061947$ & $-0.00604147$ & $-0.00194731$ & $-0.000997951$ \\
CHL1_11 & $0.0234319$ & $-0.0085909$ & $0.00311943$ & $-0.00547426$ & $0.00337871$ & $-0.010871$ & $-0.0211802$ & $0.187243$ & $0.177869$ & $0.166242$ & $-0.567364$ & $-0.177299$ & $-0.0509302$ & $1$ & $0.293597$ & $0.285113$ & $0.633125$ & $0.561232$ & $0.561409$ & $0.58539$ & $0.529661$ & $0.510321$ & $-0.0608417$ & $0.423817$ & $0.570099$ & $-0.311031$ & $-0.0626955$ & $0.181806$ & $0.00889016$ & $-0.00943121$ & $-0.0176309$ & $-0.0420199$ & $0.00521252$ & $-0.174352$ & $-0.00174565$ & $-0.0248569$ & $-0.016614$ & $0.00199793$ & $0.0070108$ & $0.0201432$ & $-0.00231883$ & $0.00865844$ & $-0.0248909$ & $0.0170004$ & $0.00953121$ & $-0.0284725$ & $-0.0404065$ & $-0.024815$ & $0.0140174$ \\
CHL1_22 & $0.0201607$ & $-0.00725354$ & $0.00568923$ & $0.0116286$ & $-0.000656106$ & $-0.0970661$ & $-0.0129245$ & $0.287316$ & $0.279383$ & $-0.121303$ & $-0.41113$ & $-0.06127$ & $0.000482723$ & $0.293597$ & $1$ & $0.440938$ & $0.200979$ & $-0.463183$ & $-0.00868035$ & $0.479064$ & $0.325834$ & $0.310684$ & $-0.160313$ & $0.133902$ & $-0.118884$ & $-0.186057$ & $-0.403713$ & $0.0997223$ & $0.02757$ & $0.0136727$ & $-0.0084511$ & $-0.0280335$ & $0.00641168$ & $-0.625763$ & $-0.00058807$ & $-0.000134023$ & $-0.0162218$ & $-0.0282247$ & $0.0303784$ & $0.00802927$ & $0.0114402$ & $0.0156041$ & $-0.0332356$ & $0.0238631$ & $-0.0113435$ & $-0.00785341$ & $-0.0304478$ & $-0.0124582$ & $0.0121255$ \\
CHL1_33 & $0.0155516$ & $0.00501732$ & $-0.00808665$ & $-0.000495312$ & $0.0260499$ & $-0.119534$ & $-0.0505991$ & $0.281633$ & $0.277836$ & $-0.112638$ & $-0.406838$ & $-0.0561661$ & $-0.00534099$ & $0.285113$ & $0.440938$ & $1$ & $0.210193$ & $0.000919241$ & $-0.448131$ & $0.473226$ & $0.324058$ & $0.335244$ & $-0.142386$ & $0.144237$ & $-0.0983503$ & $-0.205733$ & $-0.381764$ & $0.107583$ & $-0.00169975$ & $-0.00528868$ & $0.0028819$ & $-0.061195$ & $0.0050303$ & $-0.116678$ & $-0.0108634$ & $0.013345$ & $-0.0180635$ & $-0.0133018$ & $-0.0115709$ & $0.00663452$ & $0.0171838$ & $0.00839797$ & $-0.0118485$ & $0.000398382$ & $0.00176838$ & $-0.0240106$ & $0.000593065$ & $0.00329279$ & $0.0132944$ \\
CHL3_11 & $0.0398491$ & $0.039951$ & $-0.0190318$ & $0.0136979$ & $0.00549444$ & $-0.294777$ & $-0.0254022$ & $-0.138647$ & $-0.144244$ & $0.372611$ & $-0.294895$ & $-0.0684877$ & $-0.0394217$ & $0.633125$ & $0.200979$ & $0.210193$ & $1$ & $0.692221$ & $0.686474$ & $0.317488$ & $0.26342$ & $0.257459$ & $-0.0504931$ & $0.620201$ & $0.737773$ & $-0.167108$ & $-0.126216$ & $0.0866028$ & $0.000454392$ & $0.00678466$ & $-0.0300866$ & $-0.0304012$ & $0.0438339$ & $-0.190978$ & $-0.00623585$ & $0.0156195$ & $-0.00167407$ & $-0.0266942$ & $0.0125583$ & $0.0221489$ & $-0.0176766$ & $0.00191413$ & $-0.0393186$ & $0.0199078$ & $0.0118758$ & $-0.0218619$ & $-0.0401499$ & $-0.0282489$ & $0.0529049$ \\
CHL3_22 & $0.0217946$ & $0.032977$ & $-0.011431$ & $-0.00399097$ & $0.00357457$ & $-0.0687159$ & $-0.014539$ & $-0.353564$ & $-0.351455$ & $0.441406$ & $0.0105664$ & $-0.0051843$ & $-0.0340906$ & $0.561232$ & $-0.463183$ & $0.000919241$ & $0.692221$ & $1$ & $0.614844$ & $-0.0160507$ & $-6.11418e-05$ & $0.00328137$ & $0.0197933$ & $0.559379$ & $0.755912$ & $-0.013552$ & $0.0461516$ & $0.00959783$ & $-0.0176681$ & $-0.0175028$ & $-0.0214777$ & $-0.0150315$ & $0.0171397$ & $0.131247$ & $-0.000357229$ & $0.00243042$ & $0.00572425$ & $0.00579202$ & $-0.0110186$ & $0.00758955$ & $-0.0169725$ & $-0.00799287$ & $-0.00223316$ & $-0.00248749$ & $0.0183454$ & $-0.0168413$ & $-0.0148068$ & $-0.0160755$ & $0.026308$ \\
CHL3_33 & $0.0239005$ & $0.0186165$ & $-0.00415156$ & $0.00496568$ & $-0.0233612$ & $-0.0523597$ & $0.0130562$ & $-0.35182$ & $-0.353243$ & $0.433551$ & $0.0115809$ & $-0.0127435$ & $-0.0295169$ & $0.561409$ & $-0.00868035$ & $-0.448131$ & $0.686474$ & $0.614844$ & $1$ & $-0.0170486$ & $-0.000284953$ & $0.00368268$ & $0.00946245$ & $0.546469$ & $0.749271$ & $0.00305196$ & $0.0419979$ & $0.000391407$ & $0.009663$ & $-0.00304733$ & $-0.0241737$ & $0.00916257$ & $0.0223204$ & $-0.287222$ & $0.0058003$ & $-0.010638$ & $0.011408$ & $-0.00999027$ & $0.0282806$ & $0.00941598$ & $-0.0294709$ & $-0.00480556$ & $-0.024744$ & $0.015876$ & $0.00796915$ & $-0.00206659$ & $-0.0324602$ & $-0.0286919$ & $0.0283529$ \\
CHe_11 & $0.00677247$ & $-0.0169265$ & $-0.00878414$ & $0.00169305$ & $0.0143208$ & $-0.205078$ & $-0.0479231$ & $0.856617$ & $0.834393$ & $-0.338361$ & $-0.989632$ & $-0.294219$ & $-0.0441534$ & $0.58539$ & $0.479064$ & $0.473226$ & $0.317488$ & $-0.0160507$ & $-0.0170486$ & $1$ & $0.97171$ & $0.948619$ & $0.00515616$ & $-0.222213$ & $0.0598623$ & $-0.554993$ & $0.217035$ & $0.32069$ & $0.0140224$ & $0.025822$ & $-0.00652615$ & $-0.0642525$ & $0.0233633$ & $0.264392$ & $-0.013879$ & $-0.0141467$ & $-0.0290708$ & $-0.00717912$ & $-0.00520231$ & $0.0378868$ & $0.0198356$ & $0.0141146$ & $-0.0562732$ & $0.0287602$ & $0.00858318$ & $-0.041074$ & $-0.0441967$ & $-0.00641379$ & $0.0112823$ \\
CHe_22 & $-0.00067345$ & $-0.0241605$ & $-0.00985099$ & $0.00123271$ & $0.0150005$ & $-0.202155$ & $-0.0434562$ & $0.903816$ & $0.880781$ & $-0.369513$ & $-0.990733$ & $-0.325873$ & $-0.0503385$ & $0.529661$ & $0.325834$ & $0.324058$ & $0.26342$ & $-6.11418e-05$ & $-0.000284953$ & $0.97171$ & $1$ & $0.974464$ & $0.0572705$ & $-0.334718$ & $0.0564961$ & $-0.567725$ & $0.377609$ & $0.330283$ & $0.0120827$ & $0.0278768$ & $-0.000944048$ & $-0.0576483$ & $0.0252321$ & $0.434417$ & $-0.0158917$ & $-0.0181464$ & $-0.0286433$ & $-0.000760214$ & $-0.0098566$ & $0.0398378$ & $0.0135705$ & $0.0121642$ & $-0.0541644$ & $0.0271572$ & $0.0116254$ & $-0.0415867$ & $-0.0385524$ & $-0.00543678$ & $0.00805785$ \\
CHe_33 & $0.000309183$ & $-0.0286106$ & $-0.00475736$ & $-0.00190171$ & $0.012564$ & $-0.206078$ & $-0.0423411$ & $0.885521$ & $0.863432$ & $-0.363647$ & $-0.96813$ & $-0.316616$ & $-0.0487288$ & $0.510321$ & $0.310684$ & $0.335244$ & $0.257459$ & $0.00328137$ & $0.00368268$ & $0.948619$ & $0.974464$ & $1$ & $0.0577228$ & $-0.332847$ & $0.0559261$ & $-0.555277$ & $0.375196$ & $0.322825$ & $0.00747545$ & $0.0280523$ & $0.00133826$ & $-0.0543216$ & $0.0281833$ & $0.436948$ & $-0.011553$ & $-0.0184667$ & $-0.025$ & $0.000809586$ & $-0.00723539$ & $0.0438975$ & $0.00920295$ & $0.0115597$ & $-0.053053$ & $0.0295581$ & $0.00523543$ & $-0.0406173$ & $-0.0287266$ & $-0.000116384$ & $0.00584263$ \\
CHQ1_11 & $-0.00266399$ & $0.0203564$ & $-0.00843972$ & $0.00278345$ & $0.00441766$ & $-0.0231237$ & $-0.000594076$ & $0.0778238$ & $0.0732442$ & $-0.0570184$ & $-0.0305935$ & $-0.0441659$ & $-0.0101966$ & $-0.0608417$ & $-0.160313$ & $-0.142386$ & $-0.0504931$ & $0.0197933$ & $0.00946245$ & $0.00515616$ & $0.0572705$ & $0.0577228$ & $1$ & $-0.127397$ & $0.0836004$ & $-0.684602$ & $0.326831$ & $0.015587$ & $0.0269532$ & $0.0125476$ & $0.00231823$ & $-0.00215465$ & $0.00700419$ & $0.204166$ & $-0.00522284$ & $0.00893536$ & $-0.0280701$ & $-0.0152422$ & $-0.0488499$ & $0.0024425$ & $0.00353169$ & $0.00865116$ & $-0.0283574$ & $-0.0299323$ & $0.0272586$ & $0.0330037$ & $-0.000711755$ & $0.0161252$ & $-0.00491583$ \\
CHQ1_33 & $-0.0371578$ & $0.0359324$ & $0.0106871$ & $0.00505723$ & $0.0017328$ & $-0.0259089$ & $-0.00413336$ & $-0.630114$ & $-0.619306$ & $0.515626$ & $0.278798$ & $0.132897$ & $-0.00495269$ & $0.423817$ & $0.133902$ & $0.144237$ & $0.620201$ & $0.559379$ & $0.546469$ & $-0.222213$ & $-0.334718$ & $-0.332847$ & $-0.127397$ & $1$ & $0.577388$ & $0.181578$ & $-0.406449$ & $-0.000814218$ & $0.00385408$ & $-0.00791885$ & $-0.00940174$ & $-0.00894041$ & $0.0106387$ & $-0.601604$ & $-0.00261194$ & $0.0242479$ & $0.00817064$ & $-0.0259879$ & $0.0218818$ & $-0.0183942$ & $-0.0113161$ & $-0.00298853$ & $0.0141659$ & $0.0105367$ & $0.00129078$ & $0.0163011$ & $-0.0180585$ & $-0.0376837$ & $0.0211052$ \\
CHQ3_11 & $-0.125926$ & $0.0199628$ & $-0.0164122$ & $-0.00748413$ & $-0.000911633$ & $-0.0833899$ & $-0.00901967$ & $-0.297649$ & $-0.297918$ & $0.410064$ & $-0.0560308$ & $-0.0279213$ & $-0.0316477$ & $0.570099$ & $-0.118884$ & $-0.0983503$ & $0.737773$ & $0.755912$ & $0.749271$ & $0.0598623$ & $0.0564961$ & $0.0559261$ & $0.0836004$ & $0.577388$ & $1$ & $-0.0159287$ & $0.283944$ & $0.0222778$ & $0.00243758$ & $0.00548147$ & $-0.0184342$ & $-0.0108239$ & $0.042864$ & $-0.116554$ & $-0.007704$ & $-0.00543402$ & $0.00976581$ & $-0.00941625$ & $0.0148294$ & $0.0191915$ & $-0.0157733$ & $-0.000134775$ & $-0.0141294$ & $-0.00120094$ & $0.0246186$ & $-0.00192609$ & $-0.0300351$ & $-0.0295696$ & $0.0581881$ \\
CHu_11 & $-0.0690422$ & $-0.0101289$ & $-0.00427708$ & $-0.0118225$ & $-0.0155204$ & $0.144777$ & $0.0272361$ & $-0.509028$ & $-0.493012$ & $0.208442$ & $0.566561$ & $0.190682$ & $0.032683$ & $-0.311031$ & $-0.186057$ & $-0.205733$ & $-0.167108$ & $-0.013552$ & $0.00305196$ & $-0.554993$ & $-0.567725$ & $-0.555277$ & $-0.684602$ & $0.181578$ & $-0.0159287$ & $1$ & $-0.161517$ & $-0.190265$ & $-0.0201134$ & $-0.00461784$ & $0.00878369$ & $0.0418123$ & $-0.00365968$ & $-0.247217$ & $0.00975002$ & $0.00529791$ & $0.0413194$ & $0.0192564$ & $0.0358067$ & $-0.0246841$ & $-0.0106394$ & $-0.019301$ & $0.0546614$ & $0.00790818$ & $-0.0223796$ & $0.0107721$ & $0.0265026$ & $-0.00853599$ & $0.000625754$ \\
CHd_11 & $-0.0751709$ & $-0.0321606$ & $-0.0175705$ & $-0.0192186$ & $0.00887111$ & $-0.0373037$ & $-0.00769177$ & $0.425922$ & $0.415448$ & $-0.236407$ & $-0.29503$ & $-0.177398$ & $-0.0258563$ & $-0.0626955$ & $-0.403713$ & $-0.381764$ & $-0.126216$ & $0.0461516$ & $0.0419979$ & $0.217035$ & $0.377609$ & $0.375196$ & $0.326831$ & $-0.406449$ & $0.283944$ & $-0.161517$ & $1$ & $0.114025$ & $0.0049941$ & $0.0416698$ & $0.0206839$ & $0.000465568$ & $0.0400304$ & $0.68305$ & $-0.0233279$ & $-0.0100174$ & $0.000179306$ & $0.0143289$ & $-0.0135514$ & $0.0216163$ & $0.00662245$ & $-0.00050882$ & $-0.0129396$ & $0.000435216$ & $0.0223423$ & $0.00429351$ & $-0.00946088$ & $0.00178157$ & $0.01416$ \\
CHd_33 & $0.00566974$ & $0.0197892$ & $-0.0102943$ & $-0.0186442$ & $0.005356$ & $-0.0775908$ & $-0.00777546$ & $0.297841$ & $0.292095$ & $-0.104294$ & $-0.3288$ & $-0.100973$ & $-0.0166032$ & $0.181806$ & $0.0997223$ & $0.107583$ & $0.0866028$ & $0.00959783$ & $0.000391407$ & $0.32069$ & $0.330283$ & $0.322825$ & $0.015587$ & $-0.000814218$ & $0.0222778$ & $-0.190265$ & $0.114025$ & $1$ & $0.000749475$ & $-0.000970085$ & $0.00127627$ & $-0.0119027$ & $-0.0125125$ & $0.151181$ & $-0.0131879$ & $-0.00903204$ & $-0.010953$ & $0.00130756$ & $-0.0114632$ & $0.0200413$ & $-0.00381716$ & $-0.00926266$ & $0.028767$ & $0.0193057$ & $-0.0058751$ & $-0.0123644$ & $-0.00778762$ & $-0.0450547$ & $-0.00873071$ \\
CeH_22r & $-0.0330982$ & $-0.0335302$ & $0.0260164$ & $-0.0354614$ & $-0.0205134$ & $-0.0466699$ & $0.0245784$ & $0.0136007$ & $0.0244951$ & $0.00162212$ & $-0.0137649$ & $0.020347$ & $0.0146562$ & $0.00889016$ & $0.02757$ & $-0.00169975$ & $0.000454392$ & $-0.0176681$ & $0.009663$ & $0.0140224$ & $0.0120827$ & $0.00747545$ & $0.0269532$ & $0.00385408$ & $0.00243758$ & $-0.0201134$ & $0.0049941$ & $0.000749475$ & $1$ & $0.0348479$ & $0.0248498$ & $0.00817229$ & $0.0287834$ & $-0.0162657$ & $-0.0124392$ & $0.00852996$ & $-0.0282927$ & $0.0213077$ & $-0.038531$ & $0.00356049$ & $-0.0130826$ & $-0.00262982$ & $-0.0227955$ & $-0.0257846$ & $0.0189608$ & $0.0162366$ & $0.00217273$ & $-0.0146813$ & $0.00802437$ \\
CeH_33r & $0.00801391$ & $-0.00499391$ & $0.0283308$ & $-0.0302981$ & $0.0111437$ & $-0.00683255$ & $-0.0496546$ & $0.0302648$ & $0.0527201$ & $-0.0752523$ & $-0.0256781$ & $0.179745$ & $0.0508745$ & $-0.00943121$ & $0.0136727$ & $-0.00528868$ & $0.00678466$ & $-0.0175028$ & $-0.00304733$ & $0.025822$ & $0.0278768$ & $0.0280523$ & $0.0125476$ & $-0.00791885$ & $0.00548147$ & $-0.00461784$ & $0.0416698$ & $-0.000970085$ & $0.0348479$ & $1$ & $0.277241$ & $0.0926624$ & $0.618118$ & $0.0168948$ & $-0.0716534$ & $-0.032363$ & $-0.211742$ & $-0.048472$ & $0.00219054$ & $0.0257067$ & $0.000393523$ & $0.00605277$ & $-0.0110495$ & $-0.0465926$ & $0.0608954$ & $0.00186369$ & $-0.0206955$ & $0.0233492$ & $0.0386609$ \\
CuH_22r & $-0.00170117$ & $0.00596106$ & $0.012115$ & $-0.00603922$ & $0.000866496$ & $0.00220761$ & $-0.0558757$ & $0.0103596$ & $0.0203516$ & $-0.0450756$ & $0.00513684$ & $0.0298967$ & $0.0142004$ & $-0.0176309$ & $-0.0084511$ & $0.0028819$ & $-0.0300866$ & $-0.0214777$ & $-0.0241737$ & $-0.00652615$ & $-0.000944048$ & $0.00133826$ & $0.00231823$ & $-0.00940174$ & $-0.0184342$ & $0.00878369$ & $0.0206839$ & $0.00127627$ & $0.0248498$ & $0.277241$ & $1$ & $0.0244801$ & $0.301535$ & $0.0154797$ & $-0.0213681$ & $-0.0164923$ & $-0.0956666$ & $-0.025336$ & $-0.0690822$ & $-0.027059$ & $-0.00258685$ & $-0.00933435$ & $-0.0115905$ & $-0.015971$ & $-0.0354333$ & $0.0895267$ & $0.421374$ & $0.0100962$ & $0.0169246$ \\
CuH_33r & $0.0116766$ & $0.0090453$ & $0.0194548$ & $-0.0112086$ & $0.00121587$ & $0.0312213$ & $0.935874$ & $-0.045524$ & $0.00949314$ & $0.0412985$ & $0.0606559$ & $0.0665799$ & $-0.00115132$ & $-0.0420199$ & $-0.0280335$ & $-0.061195$ & $-0.0304012$ & $-0.0150315$ & $0.00916257$ & $-0.0642525$ & $-0.0576483$ & $-0.0543216$ & $-0.00215465$ & $-0.00894041$ & $-0.0108239$ & $0.0418123$ & $0.000465568$ & $-0.0119027$ & $0.00817229$ & $0.0926624$ & $0.0244801$ & $1$ & $0.104755$ & $-0.0118645$ & $0.0430472$ & $0.00126632$ & $-0.0406293$ & $-0.00411098$ & $0.0190955$ & $0.011603$ & $-0.0253615$ & $0.0085106$ & $0.0467409$ & $0.0116308$ & $-0.0117365$ & $0.0279021$ & $0.0137538$ & $-0.0294038$ & $0.0210909$ \\
CdH_33r & $0.0110793$ & $-0.00035235$ & $-0.014041$ & $-0.0267316$ & $-0.00351266$ & $-0.0299979$ & $-0.0631172$ & $0.0123998$ & $0.0353879$ & $-0.0531789$ & $-0.024096$ & $0.206053$ & $0.0592008$ & $0.00521252$ & $0.00641168$ & $0.0050303$ & $0.0438339$ & $0.0171397$ & $0.0223204$ & $0.0233633$ & $0.0252321$ & $0.0281833$ & $0.00700419$ & $0.0106387$ & $0.042864$ & $-0.00365968$ & $0.0400304$ & $-0.0125125$ & $0.0287834$ & $0.618118$ & $0.301535$ & $0.104755$ & $1$ & $0.0134927$ & $-0.0821181$ & $-0.0288262$ & $-0.21984$ & $-0.021831$ & $0.000795318$ & $-0.00627967$ & $0.00267989$ & $0.0153543$ & $-0.0299457$ & $-0.0485076$ & $-0.0284731$ & $0.00382192$ & $-0.0033493$ & $0.199405$ & $0.553012$ \\
CLL_1221 & $-0.0293182$ & $0.013746$ & $-0.0143339$ & $-0.00610327$ & $0.0142812$ & $-0.110069$ & $-0.0195552$ & $0.533462$ & $0.522776$ & $-0.318368$ & $-0.346508$ & $-0.183994$ & $-0.0269444$ & $-0.174352$ & $-0.625763$ & $-0.116678$ & $-0.190978$ & $0.131247$ & $-0.287222$ & $0.264392$ & $0.434417$ & $0.436948$ & $0.204166$ & $-0.601604$ & $-0.116554$ & $-0.247217$ & $0.68305$ & $0.151181$ & $-0.0162657$ & $0.0168948$ & $0.0154797$ & $-0.0118645$ & $0.0134927$ & $1$ & $-0.0165345$ & $-0.00146191$ & $-0.00235842$ & $0.0249411$ & $-0.0417105$ & $0.0209583$ & $0.00497578$ & $-0.0040458$ & $-0.00859782$ & $-0.000965297$ & $0.0138017$ & $-0.0248927$ & $0.00776425$ & $0.0208449$ & $-0.0114279$ \\
eHggint & $-0.0193214$ & $-0.0203256$ & $0.00439718$ & $0.00585131$ & $-0.0239166$ & $-0.0174419$ & $-0.0493037$ & $-0.0141137$ & $-0.043612$ & $0.0654763$ & $0.0129362$ & $0.103079$ & $0.0232234$ & $-0.00174565$ & $-0.00058807$ & $-0.0108634$ & $-0.00623585$ & $-0.000357229$ & $0.0058003$ & $-0.013879$ & $-0.0158917$ & $-0.011553$ & $-0.00522284$ & $-0.00261194$ & $-0.007704$ & $0.00975002$ & $-0.0233279$ & $-0.0131879$ & $-0.0124392$ & $-0.0716534$ & $-0.0213681$ & $0.0430472$ & $-0.0821181$ & $-0.0165345$ & $1$ & $-0.0753991$ & $0.0204426$ & $0.031197$ & $0.0403276$ & $0.0127897$ & $-0.0363726$ & $0.0355272$ & $-0.00155685$ & $0.00604376$ & $0.0163589$ & $-0.0598753$ & $-0.00660776$ & $0.00205337$ & $-0.0420659$ \\
eHggpar & $0.00581238$ & $0.0016187$ & $-0.00418843$ & $-0.0145891$ & $-0.0193831$ & $-0.0191513$ & $-0.0360605$ & $-0.0168694$ & $-0.0264581$ & $0.0341631$ & $0.0159082$ & $0.0553912$ & $0.00755216$ & $-0.0248569$ & $-0.000134023$ & $0.013345$ & $0.0156195$ & $0.00243042$ & $-0.010638$ & $-0.0141467$ & $-0.0181464$ & $-0.0184667$ & $0.00893536$ & $0.0242479$ & $-0.00543402$ & $0.00529791$ & $-0.0100174$ & $-0.00903204$ & $0.00852996$ & $-0.032363$ & $-0.0164923$ & $0.00126632$ & $-0.0288262$ & $-0.00146191$ & $-0.0753991$ & $1$ & $0.0475841$ & $-0.00276035$ & $0.0300125$ & $-0.0382141$ & $-0.00361393$ & $0.0322965$ & $-0.00108862$ & $0.00828753$ & $0.034898$ & $0.00740745$ & $-0.000552473$ & $-0.00665754$ & $0.01962$ \\
eHWWint & $-0.0266743$ & $0.0426496$ & $-0.0178522$ & $0.0014658$ & $-0.0142997$ & $-0.00351448$ & $-0.00483298$ & $-0.0285564$ & $-0.0402411$ & $0.0135612$ & $0.0304026$ & $-0.00521995$ & $-0.000392085$ & $-0.016614$ & $-0.0162218$ & $-0.0180635$ & $-0.00167407$ & $0.00572425$ & $0.011408$ & $-0.0290708$ & $-0.0286433$ & $-0.025$ & $-0.0280701$ & $0.00817064$ & $0.00976581$ & $0.0413194$ & $0.000179306$ & $-0.010953$ & $-0.0282927$ & $-0.211742$ & $-0.0956666$ & $-0.0406293$ & $-0.21984$ & $-0.00235842$ & $0.0204426$ & $0.0475841$ & $1$ & $0.00535528$ & $-0.00779108$ & $-0.0182894$ & $0.0205058$ & $0.0359136$ & $0.0447673$ & $0.0139146$ & $0.0702413$ & $0.0363812$ & $-0.0216576$ & $0.00096981$ & $-0.00886976$ \\
eHWWpar & $0.0110847$ & $0.0106812$ & $0.0035669$ & $-0.00693219$ & $0.00318634$ & $0.00623425$ & $-0.00331813$ & $0.0052384$ & $0.00417088$ & $0.0115302$ & $0.00374537$ & $-0.00016814$ & $-0.0049234$ & $0.00199793$ & $-0.0282247$ & $-0.0133018$ & $-0.0266942$ & $0.00579202$ & $-0.00999027$ & $-0.00717912$ & $-0.000760214$ & $0.000809586$ & $-0.0152422$ & $-0.0259879$ & $-0.00941625$ & $0.0192564$ & $0.0143289$ & $0.00130756$ & $0.0213077$ & $-0.048472$ & $-0.025336$ & $-0.00411098$ & $-0.021831$ & $0.0249411$ & $0.031197$ & $-0.00276035$ & $0.00535528$ & $1$ & $-0.0239872$ & $-0.00307398$ & $-0.0445385$ & $0.0174802$ & $-0.00991968$ & $-0.0139228$ & $-0.0104245$ & $0.0261872$ & $0.0113289$ & $0.0185007$ & $0.0123197$ \\
eHZZint & $0.0102053$ & $-0.00176257$ & $-0.0165746$ & $-0.0129627$ & $0.0181317$ & $0.011302$ & $0.00468757$ & $-0.0168944$ & $-0.0255069$ & $-0.000571874$ & $0.009656$ & $0.0120217$ & $-0.000274016$ & $0.0070108$ & $0.0303784$ & $-0.0115709$ & $0.0125583$ & $-0.0110186$ & $0.0282806$ & $-0.00520231$ & $-0.0098566$ & $-0.00723539$ & $-0.0488499$ & $0.0218818$ & $0.0148294$ & $0.0358067$ & $-0.0135514$ & $-0.0114632$ & $-0.038531$ & $0.00219054$ & $-0.0690822$ & $0.0190955$ & $0.000795318$ & $-0.0417105$ & $0.0403276$ & $0.0300125$ & $-0.00779108$ & $-0.0239872$ & $1$ & $0.00255095$ & $-0.0566381$ & $-0.0135296$ & $-0.0277875$ & $0.0207823$ & $-0.0118367$ & $-0.0324818$ & $-0.043193$ & $0.037822$ & $-0.00269027$ \\
eHZZpar & $-0.00596857$ & $0.0113044$ & $0.0141543$ & $0.0274752$ & $-0.00239858$ & $0.00771625$ & $0.0130154$ & $0.0321063$ & $0.0375284$ & $0.00919372$ & $-0.0384228$ & $0.00395615$ & $0.00183645$ & $0.0201432$ & $0.00802927$ & $0.00663452$ & $0.0221489$ & $0.00758955$ & $0.00941598$ & $0.0378868$ & $0.0398378$ & $0.0438975$ & $0.0024425$ & $-0.0183942$ & $0.0191915$ & $-0.0246841$ & $0.0216163$ & $0.0200413$ & $0.00356049$ & $0.0257067$ & $-0.027059$ & $0.011603$ & $-0.00627967$ & $0.0209583$ & $0.0127897$ & $-0.0382141$ & $-0.0182894$ & $-0.00307398$ & $0.00255095$ & $1$ & $0.00963772$ & $0.00103177$ & $-0.0119625$ & $0.0171313$ & $0.0133069$ & $-0.0262265$ & $-0.0293105$ & $-0.0240599$ & $0.00248517$ \\
eHZgaint & $0.0243348$ & $0.0419025$ & $0.020496$ & $-0.00703566$ & $0.0110517$ & $0.0233962$ & $-0.01182$ & $0.019489$ & $0.0220418$ & $-0.094684$ & $-0.0143843$ & $-0.0512982$ & $-0.0186483$ & $-0.00231883$ & $0.0114402$ & $0.0171838$ & $-0.0176766$ & $-0.0169725$ & $-0.0294709$ & $0.0198356$ & $0.0135705$ & $0.00920295$ & $0.00353169$ & $-0.0113161$ & $-0.0157733$ & $-0.0106394$ & $0.00662245$ & $-0.00381716$ & $-0.0130826$ & $0.000393523$ & $-0.00258685$ & $-0.0253615$ & $0.00267989$ & $0.00497578$ & $-0.0363726$ & $-0.00361393$ & $0.0205058$ & $-0.0445385$ & $-0.0566381$ & $0.00963772$ & $1$ & $-0.0209782$ & $0.0170289$ & $0.010886$ & $0.0236445$ & $-0.00952752$ & $0.00944692$ & $-0.000969787$ & $0.0202718$ \\
eHZgapar & $-0.0109489$ & $-0.0171478$ & $0.00595346$ & $0.0329471$ & $0.0251246$ & $0.0078846$ & $0.00136361$ & $0.0131566$ & $0.0167806$ & $-0.0153555$ & $-0.0134272$ & $0.00827214$ & $-0.00507853$ & $0.00865844$ & $0.0156041$ & $0.00839797$ & $0.00191413$ & $-0.00799287$ & $-0.00480556$ & $0.0141146$ & $0.0121642$ & $0.0115597$ & $0.00865116$ & $-0.00298853$ & $-0.000134775$ & $-0.019301$ & $-0.00050882$ & $-0.00926266$ & $-0.00262982$ & $0.00605277$ & $-0.00933435$ & $0.0085106$ & $0.0153543$ & $-0.0040458$ & $0.0355272$ & $0.0322965$ & $0.0359136$ & $0.0174802$ & $-0.0135296$ & $0.00103177$ & $-0.0209782$ & $1$ & $0.0190859$ & $0.0170471$ & $0.0205436$ & $-0.00842051$ & $-0.0203374$ & $0.0277084$ & $-0.00706017$ \\
eHgagaint & $-0.0240038$ & $-0.0482093$ & $-0.0154613$ & $-0.0337632$ & $0.00964821$ & $0.0425544$ & $0.0551483$ & $-0.0382774$ & $0.052383$ & $0.0177475$ & $0.0521981$ & $0.0077682$ & $0.00578838$ & $-0.0248909$ & $-0.0332356$ & $-0.0118485$ & $-0.0393186$ & $-0.00223316$ & $-0.024744$ & $-0.0562732$ & $-0.0541644$ & $-0.053053$ & $-0.0283574$ & $0.0141659$ & $-0.0141294$ & $0.0546614$ & $-0.0129396$ & $0.028767$ & $-0.0227955$ & $-0.0110495$ & $-0.0115905$ & $0.0467409$ & $-0.0299457$ & $-0.00859782$ & $-0.00155685$ & $-0.00108862$ & $0.0447673$ & $-0.00991968$ & $-0.0277875$ & $-0.0119625$ & $0.0170289$ & $0.0190859$ & $1$ & $0.0098279$ & $0.000789712$ & $0.0190502$ & $-0.0270659$ & $-0.0217683$ & $-0.0317939$ \\
eHmumuint & $0.00947932$ & $0.000879516$ & $0.0133026$ & $0.0172282$ & $0.00173107$ & $-0.0213365$ & $0.0166052$ & $0.0214658$ & $0.0166948$ & $0.014711$ & $-0.0278329$ & $-0.00320121$ & $-0.00121648$ & $0.0170004$ & $0.0238631$ & $0.000398382$ & $0.0199078$ & $-0.00248749$ & $0.015876$ & $0.0287602$ & $0.0271572$ & $0.0295581$ & $-0.0299323$ & $0.0105367$ & $-0.00120094$ & $0.00790818$ & $0.000435216$ & $0.0193057$ & $-0.0257846$ & $-0.0465926$ & $-0.015971$ & $0.0116308$ & $-0.0485076$ & $-0.000965297$ & $0.00604376$ & $0.00828753$ & $0.0139146$ & $-0.0139228$ & $0.0207823$ & $0.0171313$ & $0.010886$ & $0.0170471$ & $0.0098279$ & $1$ & $0.00196235$ & $-0.0153137$ & $-0.0135363$ & $-0.0519121$ & $-0.0253273$ \\
eHtautauint & $-0.0226949$ & $-0.0296732$ & $-0.00800421$ & $0.00601076$ & $0.00700666$ & $0.0147643$ & $-0.0155461$ & $0.00648882$ & $-0.00173704$ & $-0.0103894$ & $-0.0104601$ & $-0.0187288$ & $-0.0038516$ & $0.00953121$ & $-0.0113435$ & $0.00176838$ & $0.0118758$ & $0.0183454$ & $0.00796915$ & $0.00858318$ & $0.0116254$ & $0.00523543$ & $0.0272586$ & $0.00129078$ & $0.0246186$ & $-0.0223796$ & $0.0223423$ & $-0.0058751$ & $0.0189608$ & $0.0608954$ & $-0.0354333$ & $-0.0117365$ & $-0.0284731$ & $0.0138017$ & $0.0163589$ & $0.034898$ & $0.0702413$ & $-0.0104245$ & $-0.0118367$ & $0.0133069$ & $0.0236445$ & $0.0205436$ & $0.000789712$ & $0.00196235$ & $1$ & $0.00208035$ & $-0.0263527$ & $0.0259315$ & $-0.0194206$ \\
eHccint & $-0.00225195$ & $-0.0262035$ & $-0.000296177$ & $0.0207418$ & $-0.00450049$ & $-0.00140341$ & $0.0384786$ & $-0.0320294$ & $-0.0235539$ & $0.0116035$ & $0.0408888$ & $0.00481348$ & $0.0061947$ & $-0.0284725$ & $-0.00785341$ & $-0.0240106$ & $-0.0218619$ & $-0.0168413$ & $-0.00206659$ & $-0.041074$ & $-0.0415867$ & $-0.0406173$ & $0.0330037$ & $0.0163011$ & $-0.00192609$ & $0.0107721$ & $0.00429351$ & $-0.0123644$ & $0.0162366$ & $0.00186369$ & $0.0895267$ & $0.0279021$ & $0.00382192$ & $-0.0248927$ & $-0.0598753$ & $0.00740745$ & $0.0363812$ & $0.0261872$ & $-0.0324818$ & $-0.0262265$ & $-0.00952752$ & $-0.00842051$ & $0.0190502$ & $-0.0153137$ & $0.00208035$ & $1$ & $0.0396009$ & $-0.0455323$ & $0.0194322$ \\
eHccpar & $0.00483068$ & $-0.00455937$ & $0.0129494$ & $-0.018183$ & $-0.00623058$ & $-0.00498455$ & $0.010445$ & $-0.0226688$ & $-0.0269797$ & $-0.00502034$ & $0.0416523$ & $0.00426166$ & $-0.00604147$ & $-0.0404065$ & $-0.0304478$ & $0.000593065$ & $-0.0401499$ & $-0.0148068$ & $-0.0324602$ & $-0.0441967$ & $-0.0385524$ & $-0.0287266$ & $-0.000711755$ & $-0.0180585$ & $-0.0300351$ & $0.0265026$ & $-0.00946088$ & $-0.00778762$ & $0.00217273$ & $-0.0206955$ & $0.421374$ & $0.0137538$ & $-0.0033493$ & $0.00776425$ & $-0.00660776$ & $-0.000552473$ & $-0.0216576$ & $0.0113289$ & $-0.043193$ & $-0.0293105$ & $0.00944692$ & $-0.0203374$ & $-0.0270659$ & $-0.0135363$ & $-0.0263527$ & $0.0396009$ & $1$ & $0.0276355$ & $0.0023175$ \\
eHbbint & $0.0243363$ & $0.048443$ & $-0.0472671$ & $0.00269666$ & $0.00239298$ & $0.00744451$ & $-0.0314042$ & $0.00608271$ & $0.00580384$ & $-0.0297663$ & $0.00790878$ & $-0.000409081$ & $-0.00194731$ & $-0.024815$ & $-0.0124582$ & $0.00329279$ & $-0.0282489$ & $-0.0160755$ & $-0.0286919$ & $-0.00641379$ & $-0.00543678$ & $-0.000116384$ & $0.0161252$ & $-0.0376837$ & $-0.0295696$ & $-0.00853599$ & $0.00178157$ & $-0.0450547$ & $-0.0146813$ & $0.0233492$ & $0.0100962$ & $-0.0294038$ & $0.199405$ & $0.0208449$ & $0.00205337$ & $-0.00665754$ & $0.00096981$ & $0.0185007$ & $0.037822$ & $-0.0240599$ & $-0.000969787$ & $0.0277084$ & $-0.0217683$ & $-0.0519121$ & $0.0259315$ & $-0.0455323$ & $0.0276355$ & $1$ & $-0.00504254$ \\
eHbbpar & $-0.00979908$ & $0.007361$ & $-0.0140833$ & $-0.00265547$ & $0.00148367$ & $-0.0265848$ & $0.00483028$ & $-0.0100685$ & $-0.0110198$ & $0.0085575$ & $-0.00984712$ & $0.00397682$ & $-0.000997951$ & $0.0140174$ & $0.0121255$ & $0.0132944$ & $0.0529049$ & $0.026308$ & $0.0283529$ & $0.0112823$ & $0.00805785$ & $0.00584263$ & $-0.00491583$ & $0.0211052$ & $0.0581881$ & $0.000625754$ & $0.01416$ & $-0.00873071$ & $0.00802437$ & $0.0386609$ & $0.0169246$ & $0.0210909$ & $0.553012$ & $-0.0114279$ & $-0.0420659$ & $0.01962$ & $-0.00886976$ & $0.0123197$ & $-0.00269027$ & $0.00248517$ & $0.0202718$ & $-0.00706017$ & $-0.0317939$ & $-0.0253273$ & $-0.0194206$ & $0.0194322$ & $0.0023175$ & $-0.00504254$ & $1$ \\
