 & AlsMz & dAle5Mz & mtop & mHl & Mz & CW & CHG & CHWB & CHWHB_gaga & CHWHB_gagaorth & CHD & CHbox & CH & CHL1_11 & CHL1_22 & CHL1_33 & CHL3_11 & CHL3_22 & CHL3_33 & CHe_11 & CHe_22 & CHe_33 & CHQ1_11 & CHQ1_33 & CHQ3_11 & CHu_11 & CHd_11 & CHd_33 & CeH_22r & CeH_33r & CuH_22r & CuH_33r & CdH_33r & CLL_1221 & eHggint & eHggpar & eHWWint & eHWWpar & eHZZint & eHZZpar & eHZgaint & eHZgapar & eHgagaint & eHmumuint & eHtautauint & eHccint & eHccpar & eHbbint & eHbbpar \\
AlsMz & $1$ & $0.0916241$ & $-0.0632623$ & $0.0952004$ & $0.0122864$ & $0.00675242$ & $-0.0195717$ & $-0.0558151$ & $-0.0599443$ & $0.0309823$ & $0.043702$ & $0.025267$ & $0.0222213$ & $-0.0211997$ & $0.00196699$ & $0.00498747$ & $0.016241$ & $0.0072657$ & $0.00350429$ & $-0.0473636$ & $-0.052295$ & $-0.0530354$ & $-0.0174499$ & $-0.0083534$ & $-0.0769409$ & $0.0142605$ & $-0.0548754$ & $-0.0108681$ & $0.0296844$ & $0.0420682$ & $-0.0162324$ & $-0.0243583$ & $-0.0182968$ & $-0.0389861$ & $-0.0907979$ & $0.125738$ & $-0.0910523$ & $-0.01644$ & $0.0235771$ & $-0.00261779$ & $-0.16654$ & $0.0302834$ & $-0.0846572$ & $-0.0620659$ & $-0.0454772$ & $0.105641$ & $-0.12523$ & $-0.0256035$ & $-0.0637607$ \\
dAle5Mz & $0.0916241$ & $1$ & $0.165261$ & $-0.024714$ & $0.0271646$ & $0.0183145$ & $0.0215276$ & $-0.0989121$ & $-0.0857392$ & $0.0368043$ & $0.0871739$ & $0.0268063$ & $-0.00798865$ & $-0.0229492$ & $-0.0329917$ & $-0.0380428$ & $0.00540214$ & $0.0232299$ & $0.030941$ & $-0.0683247$ & $-0.0672004$ & $-0.0653562$ & $-0.0352667$ & $0.0347112$ & $0.00843248$ & $0.0465$ & $-0.0320471$ & $0.0159982$ & $0.0190267$ & $0.00736324$ & $-0.0360907$ & $0.0176453$ & $0.0209824$ & $-0.0096167$ & $0.0432621$ & $-0.0927792$ & $0.0299968$ & $0.00422916$ & $-0.0519749$ & $0.0209276$ & $0.188408$ & $0.00182648$ & $0.2119$ & $-0.185632$ & $0.111696$ & $-0.122728$ & $-0.0982952$ & $-0.0330512$ & $0.068202$ \\
mtop & $-0.0632623$ & $0.165261$ & $1$ & $-0.120211$ & $0.0213579$ & $-0.00175027$ & $0.00238779$ & $0.0158459$ & $0.0171966$ & $-0.0239052$ & $-0.0142087$ & $-0.0154444$ & $-0.00898788$ & $0.0156651$ & $0.0142796$ & $-0.00269148$ & $0.0054873$ & $-0.00258903$ & $0.0102155$ & $0.0258935$ & $0.0245101$ & $0.0248063$ & $0.0255779$ & $-0.0103682$ & $0.0208841$ & $-0.0413359$ & $0.0181742$ & $0.0181391$ & $0.00636858$ & $0.0201191$ & $0.0184201$ & $-0.000334813$ & $0.0412751$ & $0.00888227$ & $-0.0120515$ & $-0.120542$ & $-0.015329$ & $0.00965722$ & $0.0272357$ & $0.0383617$ & $0.0673937$ & $0.00567836$ & $0.0538167$ & $-0.0308292$ & $-0.0253166$ & $0.0146831$ & $0.0840656$ & $-0.191559$ & $0.125675$ \\
mHl & $0.0952004$ & $-0.024714$ & $-0.120211$ & $1$ & $0.0249926$ & $0.0399796$ & $-0.0223903$ & $-0.0225289$ & $-0.0310287$ & $0.00755119$ & $0.0209169$ & $0.00128921$ & $0.020553$ & $-0.0149382$ & $0.0184865$ & $0.0138153$ & $0.0013113$ & $-0.0111224$ & $-0.0122266$ & $-0.0215697$ & $-0.0261688$ & $-0.0368594$ & $-0.00170308$ & $0.023353$ & $-0.00662306$ & $0.0129964$ & $-0.0163978$ & $-0.0166284$ & $-0.0198385$ & $0.0205804$ & $-0.0227361$ & $-0.0278268$ & $-0.0205944$ & $-0.0322144$ & $0.0221828$ & $0.053954$ & $0.0105603$ & $0.00498951$ & $-0.212094$ & $0.00383183$ & $-0.0598042$ & $0.020738$ & $-0.148208$ & $0.047915$ & $0.204917$ & $-0.0278535$ & $-0.0361285$ & $0.0306844$ & $-0.0209786$ \\
Mz & $0.0122864$ & $0.0271646$ & $0.0213579$ & $0.0249926$ & $1$ & $0.00877009$ & $0.00909616$ & $0.0148011$ & $0.0161166$ & $-0.0225395$ & $-0.00779233$ & $-0.0138232$ & $0.0019207$ & $0.00744658$ & $0.0327205$ & $0.01079$ & $-0.00515711$ & $-0.0226671$ & $-0.00920103$ & $0.0171395$ & $0.01357$ & $0.0113008$ & $0.00816167$ & $-0.00248997$ & $-0.0115025$ & $-0.00635028$ & $0.00128384$ & $-0.0119626$ & $0.0157668$ & $0.0240609$ & $0.0072506$ & $0.00462282$ & $-0.00242894$ & $-0.0175374$ & $0.00523267$ & $0.0122081$ & $0.0442425$ & $0.00284193$ & $0.00981852$ & $0.00350475$ & $0.0229994$ & $-0.0114367$ & $-0.0159365$ & $0.0321319$ & $0.00411985$ & $0.025969$ & $-0.0045919$ & $0.00512715$ & $-0.0101512$ \\
CW & $0.00675242$ & $0.0183145$ & $-0.00175027$ & $0.0399796$ & $0.00877009$ & $1$ & $-0.00331517$ & $-0.114904$ & $-0.112753$ & $0.0206964$ & $0.177102$ & $0.0606802$ & $0.0114202$ & $0.0118741$ & $-0.0860926$ & $-0.0902724$ & $-0.255224$ & $-0.0529302$ & $-0.0478147$ & $-0.178448$ & $-0.177617$ & $-0.175841$ & $-0.0041258$ & $-0.0183476$ & $-0.0929714$ & $0.100956$ & $-0.0698001$ & $-0.0673866$ & $0.00528069$ & $-0.011511$ & $-0.000678341$ & $-0.00425291$ & $0.0137761$ & $-0.104444$ & $0.0122597$ & $0.0153922$ & $-0.000887965$ & $0.0359624$ & $-0.0039996$ & $0.0166255$ & $0.0227483$ & $0.0107212$ & $-0.00311198$ & $-0.0131556$ & $-0.00593657$ & $-0.0223364$ & $0.00838601$ & $-0.0162699$ & $0.0496843$ \\
CHG & $-0.0195717$ & $0.0215276$ & $0.00238779$ & $-0.0223903$ & $0.00909616$ & $-0.00331517$ & $1$ & $-0.112548$ & $-0.0587655$ & $0.0683998$ & $0.0613823$ & $0.0567207$ & $-0.293793$ & $0.0597929$ & $-0.0327949$ & $-0.0524104$ & $0.112601$ & $0.118412$ & $0.12944$ & $-0.0614931$ & $-0.0602237$ & $-0.0619397$ & $0.0142676$ & $0.123777$ & $0.129046$ & $0.0269863$ & $-0.0142153$ & $-0.0349637$ & $0.0061458$ & $-0.155732$ & $-0.0781508$ & $0.936882$ & $-0.186406$ & $-0.0599171$ & $-0.0385371$ & $-0.00895247$ & $0.0590668$ & $0.0152324$ & $0.0106095$ & $0.0182077$ & $0.0138351$ & $-0.0120072$ & $0.0361847$ & $0.0148034$ & $-0.0476365$ & $-0.00866803$ & $0.0395482$ & $0.00989927$ & $-0.0269068$ \\
CHWB & $-0.0558151$ & $-0.0989121$ & $0.0158459$ & $-0.0225289$ & $0.0148011$ & $-0.114904$ & $-0.112548$ & $1$ & $0.981945$ & $-0.570065$ & $-0.881688$ & $-0.365988$ & $0.390676$ & $0.10524$ & $0.316819$ & $0.31036$ & $-0.240146$ & $-0.443914$ & $-0.43554$ & $0.855498$ & $0.898555$ & $0.880994$ & $0.0922126$ & $-0.67942$ & $-0.398334$ & $-0.535128$ & $0.42091$ & $0.289435$ & $0.0300653$ & $0.130542$ & $0.067011$ & $-0.103389$ & $0.147611$ & $0.559463$ & $0.00748144$ & $0.00882339$ & $-0.00121841$ & $-0.0197784$ & $-0.011241$ & $-0.00255849$ & $-0.000667258$ & $-0.0193034$ & $-0.0192243$ & $0.0365069$ & $0.00550273$ & $-0.000413035$ & $-0.00942461$ & $-0.00177836$ & $-0.00169147$ \\
CHWHB_gaga & $-0.0599443$ & $-0.0857392$ & $0.0171966$ & $-0.0310287$ & $0.0161166$ & $-0.112753$ & $-0.0587655$ & $0.981945$ & $1$ & $-0.557929$ & $-0.862238$ & $-0.33889$ & $0.384949$ & $0.0955758$ & $0.309909$ & $0.305717$ & $-0.242647$ & $-0.441786$ & $-0.435921$ & $0.837013$ & $0.8792$ & $0.861356$ & $0.0946845$ & $-0.671123$ & $-0.395691$ & $-0.526392$ & $0.414759$ & $0.281754$ & $0.0339077$ & $0.147788$ & $0.0822447$ & $-0.0598057$ & $0.172893$ & $0.551116$ & $-0.00706004$ & $-3.56873e-05$ & $-0.0097166$ & $-0.014909$ & $-0.00671743$ & $-0.00716924$ & $0.000708227$ & $-0.022308$ & $0.0264784$ & $0.0374869$ & $-0.00704952$ & $-0.00211441$ & $-0.00528455$ & $-0.00537315$ & $0.00706874$ \\
CHWHB_gagaorth & $0.0309823$ & $0.0368043$ & $-0.0239052$ & $0.00755119$ & $-0.0225395$ & $0.0206964$ & $0.0683998$ & $-0.570065$ & $-0.557929$ & $1$ & $0.364938$ & $0.675691$ & $-0.246283$ & $0.204071$ & $-0.132467$ & $-0.156053$ & $0.426378$ & $0.478649$ & $0.489564$ & $-0.354483$ & $-0.380292$ & $-0.374088$ & $-0.0660201$ & $0.550008$ & $0.466775$ & $0.230604$ & $-0.227924$ & $-0.111289$ & $-0.0273085$ & $-0.143172$ & $-0.0897892$ & $0.0740828$ & $-0.156464$ & $-0.346002$ & $0.017485$ & $0.018726$ & $0.00825377$ & $0.0297966$ & $0.0167256$ & $0.0232605$ & $-0.0579643$ & $0.00342837$ & $0.0213513$ & $-0.0117183$ & $-0.000528895$ & $0.0252015$ & $-0.00300181$ & $-0.0200985$ & $0.0165286$ \\
CHD & $0.043702$ & $0.0871739$ & $-0.0142087$ & $0.0209169$ & $-0.00779233$ & $0.177102$ & $0.0613823$ & $-0.881688$ & $-0.862238$ & $0.364938$ & $1$ & $0.349444$ & $-0.183868$ & $-0.515426$ & $-0.441145$ & $-0.418814$ & $-0.212827$ & $0.0810621$ & $0.0699011$ & $-0.990823$ & $-0.991614$ & $-0.970797$ & $-0.0301275$ & $0.320535$ & $0.0174627$ & $0.583716$ & $-0.295803$ & $-0.322836$ & $-0.00339964$ & $-0.0709887$ & $-0.0316418$ & $0.0663501$ & $-0.080127$ & $-0.363544$ & $0.008847$ & $0.00228559$ & $-0.014523$ & $0.0212941$ & $0.0214766$ & $-0.00870286$ & $0.0150115$ & $0.0175089$ & $0.0172215$ & $-0.0387202$ & $-0.0198182$ & $0.00694362$ & $0.00858854$ & $-0.00123703$ & $0.00352145$ \\
CHbox & $0.025267$ & $0.0268063$ & $-0.0154444$ & $0.00128921$ & $-0.0138232$ & $0.0606802$ & $0.0567207$ & $-0.365988$ & $-0.33889$ & $0.675691$ & $0.349444$ & $1$ & $-0.256076$ & $-0.115559$ & $-0.0904579$ & $-0.101181$ & $0.0356254$ & $0.096136$ & $0.105127$ & $-0.329676$ & $-0.358385$ & $-0.350676$ & $-0.0309017$ & $0.222093$ & $0.0869336$ & $0.204776$ & $-0.179427$ & $-0.106293$ & $0.0235099$ & $0.120156$ & $0.00038719$ & $0.111705$ & $0.133313$ & $-0.224494$ & $0.0528417$ & $0.0338002$ & $-0.0144053$ & $0.0184374$ & $0.0226317$ & $0.0228466$ & $-0.0208077$ & $-0.0018395$ & $0.0114566$ & $-0.0321349$ & $-0.0190799$ & $0.0354155$ & $0.000162982$ & $-0.0383083$ & $0.0170175$ \\
CH & $0.0222213$ & $-0.00798865$ & $-0.00898788$ & $0.020553$ & $0.0019207$ & $0.0114202$ & $-0.293793$ & $0.390676$ & $0.384949$ & $-0.246283$ & $-0.183868$ & $-0.256076$ & $1$ & $-0.281225$ & $0.0615743$ & $0.0978184$ & $-0.422182$ & $-0.43297$ & $-0.454052$ & $0.178251$ & $0.195949$ & $0.19485$ & $0.038894$ & $-0.462293$ & $-0.435505$ & $-0.110956$ & $0.155706$ & $0.0645083$ & $0.0765194$ & $0.297401$ & $0.126112$ & $-0.241996$ & $0.351873$ & $0.263642$ & $0.0368233$ & $0.0302133$ & $-0.0168695$ & $-0.0158851$ & $0.00732511$ & $-0.0393048$ & $-0.00271666$ & $-0.0133603$ & $-0.0345732$ & $0.0133186$ & $0.0275393$ & $0.00371989$ & $-0.0028243$ & $0.0141343$ & $-0.00626492$ \\
CHL1_11 & $-0.0211997$ & $-0.0229492$ & $0.0156651$ & $-0.0149382$ & $0.00744658$ & $0.0118741$ & $0.0597929$ & $0.10524$ & $0.0955758$ & $0.204071$ & $-0.515426$ & $-0.115559$ & $-0.281225$ & $1$ & $0.285176$ & $0.245081$ & $0.665244$ & $0.589447$ & $0.602416$ & $0.530209$ & $0.477773$ & $0.463681$ & $-0.080181$ & $0.459211$ & $0.60493$ & $-0.274169$ & $-0.0863602$ & $0.159119$ & $-0.0448204$ & $-0.0746212$ & $-0.0435509$ & $0.030862$ & $-0.0903671$ & $-0.214709$ & $-0.0265736$ & $-0.0229395$ & $0.0279841$ & $-0.0183899$ & $-0.0175357$ & $0.030641$ & $-0.0299131$ & $0.00764741$ & $-0.000386064$ & $0.0255484$ & $0.0251976$ & $-0.0190931$ & $0.0126257$ & $-0.00678679$ & $-0.00223025$ \\
CHL1_22 & $0.00196699$ & $-0.0329917$ & $0.0142796$ & $0.0184865$ & $0.0327205$ & $-0.0860926$ & $-0.0327949$ & $0.316819$ & $0.309909$ & $-0.132467$ & $-0.441145$ & $-0.0904579$ & $0.0615743$ & $0.285176$ & $1$ & $0.443606$ & $0.174015$ & $-0.4441$ & $-0.0257632$ & $0.502688$ & $0.361283$ & $0.350986$ & $-0.172525$ & $0.0891697$ & $-0.120657$ & $-0.220439$ & $-0.380721$ & $0.115026$ & $-0.00428576$ & $0.0287653$ & $0.012539$ & $-0.0326827$ & $0.0352695$ & $-0.579675$ & $0.0147685$ & $-0.021334$ & $0.00298194$ & $0.01738$ & $0.00460748$ & $0.0276472$ & $0.0144828$ & $0.000200309$ & $-0.0301177$ & $-0.00282121$ & $0.00816857$ & $-0.00959692$ & $-0.0124428$ & $0.0200957$ & $-0.000937086$ \\
CHL1_33 & $0.00498747$ & $-0.0380428$ & $-0.00269148$ & $0.0138153$ & $0.01079$ & $-0.0902724$ & $-0.0524104$ & $0.31036$ & $0.305717$ & $-0.156053$ & $-0.418814$ & $-0.101181$ & $0.0978184$ & $0.245081$ & $0.443606$ & $1$ & $0.148863$ & $-0.0441629$ & $-0.448867$ & $0.481634$ & $0.341782$ & $0.358522$ & $-0.149097$ & $0.0717489$ & $-0.141451$ & $-0.209671$ & $-0.371147$ & $0.0946799$ & $0.00835801$ & $0.0403311$ & $0.0038846$ & $-0.0532927$ & $0.0413925$ & $-0.0772584$ & $-0.0068467$ & $-0.0355554$ & $0.0148146$ & $-0.0148382$ & $-0.033799$ & $-0.0142903$ & $-0.0113058$ & $0.00629834$ & $-0.0218762$ & $0.0151463$ & $0.0304277$ & $-0.0169209$ & $0.0125408$ & $-0.0186057$ & $0.0029002$ \\
CHL3_11 & $0.016241$ & $0.00540214$ & $0.0054873$ & $0.0013113$ & $-0.00515711$ & $-0.255224$ & $0.112601$ & $-0.240146$ & $-0.242647$ & $0.426378$ & $-0.212827$ & $0.0356254$ & $-0.422182$ & $0.665244$ & $0.174015$ & $0.148863$ & $1$ & $0.735465$ & $0.737909$ & $0.232665$ & $0.179795$ & $0.173686$ & $-0.0909634$ & $0.680332$ & $0.784779$ & $-0.0895792$ & $-0.155629$ & $0.0686734$ & $-0.053092$ & $-0.123974$ & $-0.0745037$ & $0.0860306$ & $-0.132788$ & $-0.261935$ & $-0.0341818$ & $-0.0151669$ & $0.0363803$ & $0.00505807$ & $-0.0213313$ & $0.0134328$ & $-0.0361485$ & $-0.00906411$ & $0.00519137$ & $0.00800206$ & $0.0251483$ & $-0.00809679$ & $-0.00106391$ & $0.00391897$ & $0.00735323$ \\
CHL3_22 & $0.0072657$ & $0.0232299$ & $-0.00258903$ & $-0.0111224$ & $-0.0226671$ & $-0.0529302$ & $0.118412$ & $-0.443914$ & $-0.441786$ & $0.478649$ & $0.0810621$ & $0.096136$ & $-0.43297$ & $0.589447$ & $-0.4441$ & $-0.0441629$ & $0.735465$ & $1$ & $0.678822$ & $-0.0847203$ & $-0.0771458$ & $-0.0739992$ & $-0.0085765$ & $0.631111$ & $0.797388$ & $0.0621029$ & $-0.00386882$ & $-0.0170381$ & $-0.0471161$ & $-0.13154$ & $-0.0764407$ & $0.0919751$ & $-0.151422$ & $0.0230608$ & $-0.0416887$ & $-0.0102419$ & $0.0297956$ & $-0.0158767$ & $-0.0238856$ & $0.000776282$ & $-0.038457$ & $0.00429448$ & $0.0203359$ & $0.0123874$ & $0.0204838$ & $-0.00556785$ & $0.0148303$ & $-0.011995$ & $-0.00196481$ \\
CHL3_33 & $0.00350429$ & $0.030941$ & $0.0102155$ & $-0.0122266$ & $-0.00920103$ & $-0.0478147$ & $0.12944$ & $-0.43554$ & $-0.435921$ & $0.489564$ & $0.0699011$ & $0.105127$ & $-0.454052$ & $0.602416$ & $-0.0257632$ & $-0.448867$ & $0.737909$ & $0.678822$ & $1$ & $-0.0750062$ & $-0.0658198$ & $-0.0629897$ & $-0.0202742$ & $0.630533$ & $0.802663$ & $0.0554966$ & $-0.00190552$ & $-0.0033087$ & $-0.0536157$ & $-0.140143$ & $-0.0716175$ & $0.104908$ & $-0.154259$ & $-0.354865$ & $-0.0200938$ & $-0.00230927$ & $0.0224399$ & $0.0115444$ & $0.00794593$ & $0.033838$ & $-0.0112158$ & $-0.0021132$ & $0.013278$ & $-0.00120246$ & $0.00601229$ & $0.00159603$ & $0.000909325$ & $0.0136941$ & $-0.00312395$ \\
CHe_11 & $-0.0473636$ & $-0.0683247$ & $0.0258935$ & $-0.0215697$ & $0.0171395$ & $-0.178448$ & $-0.0614931$ & $0.855498$ & $0.837013$ & $-0.354483$ & $-0.990823$ & $-0.329676$ & $0.178251$ & $0.530209$ & $0.502688$ & $0.481634$ & $0.232665$ & $-0.0847203$ & $-0.0750062$ & $1$ & $0.974112$ & $0.954247$ & $0.00329971$ & $-0.271549$ & $-0.0127234$ & $-0.57341$ & $0.2235$ & $0.317868$ & $0.00498568$ & $0.0701498$ & $0.027802$ & $-0.0655982$ & $0.078389$ & $0.288865$ & $-0.00518878$ & $-0.00918641$ & $0.0184514$ & $-0.0225702$ & $-0.0221203$ & $0.0106323$ & $-0.00397442$ & $-0.0145119$ & $-0.0147479$ & $0.036494$ & $0.023796$ & $-0.00948795$ & $-0.0107146$ & $-0.00214272$ & $-0.00275372$ \\
CHe_22 & $-0.052295$ & $-0.0672004$ & $0.0245101$ & $-0.0261688$ & $0.01357$ & $-0.177617$ & $-0.0602237$ & $0.898555$ & $0.8792$ & $-0.380292$ & $-0.991614$ & $-0.358385$ & $0.195949$ & $0.477773$ & $0.361283$ & $0.341782$ & $0.179795$ & $-0.0771458$ & $-0.0658198$ & $0.974112$ & $1$ & $0.975271$ & $0.0576916$ & $-0.373528$ & $-0.0241996$ & $-0.586407$ & $0.373251$ & $0.327002$ & $0.00630967$ & $0.073943$ & $0.032618$ & $-0.0642062$ & $0.0838062$ & $0.446203$ & $-0.00484841$ & $-0.001251$ & $0.0152514$ & $-0.0240121$ & $-0.019957$ & $0.00691704$ & $-0.00968506$ & $-0.0187783$ & $-0.00850015$ & $0.0368366$ & $0.0187886$ & $-0.00855499$ & $-0.0111763$ & $-0.00339071$ & $-0.000819027$ \\
CHe_33 & $-0.0530354$ & $-0.0653562$ & $0.0248063$ & $-0.0368594$ & $0.0113008$ & $-0.175841$ & $-0.0619397$ & $0.880994$ & $0.861356$ & $-0.374088$ & $-0.970797$ & $-0.350676$ & $0.19485$ & $0.463681$ & $0.350986$ & $0.358522$ & $0.173686$ & $-0.0739992$ & $-0.0629897$ & $0.954247$ & $0.975271$ & $1$ & $0.0583386$ & $-0.367985$ & $-0.0220134$ & $-0.574718$ & $0.368954$ & $0.31756$ & $0.010784$ & $0.0710607$ & $0.0324049$ & $-0.0647905$ & $0.0854924$ & $0.442824$ & $-0.00382148$ & $0.00355974$ & $0.0145713$ & $-0.0193008$ & $-0.0232248$ & $0.00939895$ & $-0.00154207$ & $-0.0195763$ & $-0.0113781$ & $0.0391553$ & $0.0207592$ & $-0.00296494$ & $-0.00781189$ & $-0.000379741$ & $0.00309659$ \\
CHQ1_11 & $-0.0174499$ & $-0.0352667$ & $0.0255779$ & $-0.00170308$ & $0.00816167$ & $-0.0041258$ & $0.0142676$ & $0.0922126$ & $0.0946845$ & $-0.0660201$ & $-0.0301275$ & $-0.0309017$ & $0.038894$ & $-0.080181$ & $-0.172525$ & $-0.149097$ & $-0.0909634$ & $-0.0085765$ & $-0.0202742$ & $0.00329971$ & $0.0576916$ & $0.0583386$ & $1$ & $-0.149242$ & $0.0648248$ & $-0.676313$ & $0.368031$ & $0.015907$ & $0.00922911$ & $-0.00576275$ & $0.0220577$ & $0.0167318$ & $0.0160584$ & $0.221371$ & $0.0131651$ & $0.0143575$ & $0.0171246$ & $-0.0177385$ & $0.0263878$ & $0.0137338$ & $-0.0330716$ & $0.00704348$ & $0.0150695$ & $0.0178002$ & $-0.0300081$ & $0.0345067$ & $0.0282551$ & $-0.000658968$ & $-0.00206081$ \\
CHQ1_33 & $-0.0083534$ & $0.0347112$ & $-0.0103682$ & $0.023353$ & $-0.00248997$ & $-0.0183476$ & $0.123777$ & $-0.67942$ & $-0.671123$ & $0.550008$ & $0.320535$ & $0.222093$ & $-0.462293$ & $0.459211$ & $0.0891697$ & $0.0717489$ & $0.680332$ & $0.631111$ & $0.630533$ & $-0.271549$ & $-0.373528$ & $-0.367985$ & $-0.149242$ & $1$ & $0.6465$ & $0.22386$ & $-0.416079$ & $-0.0128748$ & $-0.0663446$ & $-0.138586$ & $-0.0795115$ & $0.104333$ & $-0.162215$ & $-0.629356$ & $-0.0256588$ & $-0.0296298$ & $0.0181648$ & $0.0121432$ & $-0.00675389$ & $-0.00104902$ & $-0.0227949$ & $0.0169347$ & $0.0206434$ & $-0.012339$ & $0.0142203$ & $-0.01246$ & $0.0156853$ & $0.00321984$ & $-0.000352378$ \\
CHQ3_11 & $-0.0769409$ & $0.00843248$ & $0.0208841$ & $-0.00662306$ & $-0.0115025$ & $-0.0929714$ & $0.129046$ & $-0.398334$ & $-0.395691$ & $0.466775$ & $0.0174627$ & $0.0869336$ & $-0.435505$ & $0.60493$ & $-0.120657$ & $-0.141451$ & $0.784779$ & $0.797388$ & $0.802663$ & $-0.0127234$ & $-0.0241996$ & $-0.0220134$ & $0.0648248$ & $0.6465$ & $1$ & $0.0270113$ & $0.205603$ & $0.00230844$ & $-0.0480099$ & $-0.141994$ & $-0.068824$ & $0.102$ & $-0.150967$ & $-0.211124$ & $-0.0183308$ & $-0.0231217$ & $0.0387175$ & $0.0044577$ & $-0.00641759$ & $0.0253595$ & $-0.0261652$ & $0.0076221$ & $0.0243945$ & $0.0200542$ & $0.0361706$ & $-0.0137122$ & $0.0122564$ & $0.00684171$ & $0.00381291$ \\
CHu_11 & $0.0142605$ & $0.0465$ & $-0.0413359$ & $0.0129964$ & $-0.00635028$ & $0.100956$ & $0.0269863$ & $-0.535128$ & $-0.526392$ & $0.230604$ & $0.583716$ & $0.204776$ & $-0.110956$ & $-0.274169$ & $-0.220439$ & $-0.209671$ & $-0.0895792$ & $0.0621029$ & $0.0554966$ & $-0.57341$ & $-0.586407$ & $-0.574718$ & $-0.676313$ & $0.22386$ & $0.0270113$ & $1$ & $-0.19395$ & $-0.190322$ & $-0.0203149$ & $-0.0326664$ & $-0.0340693$ & $0.0293876$ & $-0.0457421$ & $-0.259263$ & $0.00349131$ & $-0.00739364$ & $-0.00608337$ & $0.0293164$ & $-0.000695969$ & $-0.0141906$ & $0.0123904$ & $0.00948327$ & $0.000305005$ & $-0.0270371$ & $0.0101674$ & $-0.0181555$ & $-0.00463442$ & $-0.00367597$ & $0.0153608$ \\
CHd_11 & $-0.0548754$ & $-0.0320471$ & $0.0181742$ & $-0.0163978$ & $0.00128384$ & $-0.0698001$ & $-0.0142153$ & $0.42091$ & $0.414759$ & $-0.227924$ & $-0.295803$ & $-0.179427$ & $0.155706$ & $-0.0863602$ & $-0.380721$ & $-0.371147$ & $-0.155629$ & $-0.00386882$ & $-0.00190552$ & $0.2235$ & $0.373251$ & $0.368954$ & $0.368031$ & $-0.416079$ & $0.205603$ & $-0.19395$ & $1$ & $0.118225$ & $0.0093113$ & $0.0386925$ & $0.0301302$ & $-0.0117363$ & $0.0513029$ & $0.677264$ & $0.00529338$ & $0.021427$ & $0.00659839$ & $-0.00616218$ & $0.00884843$ & $-0.00342088$ & $-0.026374$ & $-0.00774523$ & $0.0246182$ & $0.0289805$ & $0.0115726$ & $0.00830117$ & $-0.00656809$ & $0.00130544$ & $0.00421585$ \\
CHd_33 & $-0.0108681$ & $0.0159982$ & $0.0181391$ & $-0.0166284$ & $-0.0119626$ & $-0.0673866$ & $-0.0349637$ & $0.289435$ & $0.281754$ & $-0.111289$ & $-0.322836$ & $-0.106293$ & $0.0645083$ & $0.159119$ & $0.115026$ & $0.0946799$ & $0.0686734$ & $-0.0170381$ & $-0.0033087$ & $0.317868$ & $0.327002$ & $0.31756$ & $0.015907$ & $-0.0128748$ & $0.00230844$ & $-0.190322$ & $0.118225$ & $1$ & $-0.014341$ & $0.0463779$ & $0.02267$ & $-0.035994$ & $0.0341904$ & $0.149511$ & $-0.0176399$ & $-0.0181764$ & $-0.00418271$ & $-0.00581167$ & $-0.0254185$ & $0.0119749$ & $-0.0090125$ & $0.0180878$ & $-0.00457978$ & $0.033986$ & $0.0362768$ & $-0.00259574$ & $-0.0152366$ & $-0.027387$ & $-0.00247018$ \\
CeH_22r & $0.0296844$ & $0.0190267$ & $0.00636858$ & $-0.0198385$ & $0.0157668$ & $0.00528069$ & $0.0061458$ & $0.0300653$ & $0.0339077$ & $-0.0273085$ & $-0.00339964$ & $0.0235099$ & $0.0765194$ & $-0.0448204$ & $-0.00428576$ & $0.00835801$ & $-0.053092$ & $-0.0471161$ & $-0.0536157$ & $0.00498568$ & $0.00630967$ & $0.010784$ & $0.00922911$ & $-0.0663446$ & $-0.0480099$ & $-0.0203149$ & $0.0093113$ & $-0.014341$ & $1$ & $0.0334463$ & $-0.00642476$ & $-0.00378763$ & $0.0360983$ & $0.0283912$ & $0.0117388$ & $-0.0282528$ & $-0.0133077$ & $0.0047418$ & $0.019589$ & $-0.00851624$ & $0.00627739$ & $0.015385$ & $-0.0111309$ & $0.0252855$ & $-0.0321964$ & $-0.0212994$ & $0.0244008$ & $0.00642979$ & $-0.0272653$ \\
CeH_33r & $0.0420682$ & $0.00736324$ & $0.0201191$ & $0.0205804$ & $0.0240609$ & $-0.011511$ & $-0.155732$ & $0.130542$ & $0.147788$ & $-0.143172$ & $-0.0709887$ & $0.120156$ & $0.297401$ & $-0.0746212$ & $0.0287653$ & $0.0403311$ & $-0.123974$ & $-0.13154$ & $-0.140143$ & $0.0701498$ & $0.073943$ & $0.0710607$ & $-0.00576275$ & $-0.138586$ & $-0.141994$ & $-0.0326664$ & $0.0386925$ & $0.0463779$ & $0.0334463$ & $1$ & $0.319215$ & $-0.00114936$ & $0.703621$ & $0.0818087$ & $-0.0496524$ & $-0.0355938$ & $-0.117121$ & $-0.0564786$ & $-0.0654613$ & $-0.0114349$ & $-0.0143455$ & $-0.0139768$ & $-0.0086473$ & $0.00662407$ & $0.0632482$ & $-0.0327977$ & $-0.0101699$ & $-0.000948677$ & $-0.00543517$ \\
CuH_22r & $-0.0162324$ & $-0.0360907$ & $0.0184201$ & $-0.0227361$ & $0.0072506$ & $-0.000678341$ & $-0.0781508$ & $0.067011$ & $0.0822447$ & $-0.0897892$ & $-0.0316418$ & $0.00038719$ & $0.126112$ & $-0.0435509$ & $0.012539$ & $0.0038846$ & $-0.0745037$ & $-0.0764407$ & $-0.0716175$ & $0.027802$ & $0.032618$ & $0.0324049$ & $0.0220577$ & $-0.0795115$ & $-0.068824$ & $-0.0340693$ & $0.0301302$ & $0.02267$ & $-0.00642476$ & $0.319215$ & $1$ & $0.0108351$ & $0.405047$ & $0.0389965$ & $0.0195218$ & $-0.0592111$ & $-0.0367361$ & $-0.0365282$ & $0.0683637$ & $-0.00135425$ & $0.000618771$ & $0.00577567$ & $-0.00363365$ & $0.00122066$ & $-0.00553232$ & $-0.00440651$ & $0.295703$ & $0.0488773$ & $0.0488914$ \\
CuH_33r & $-0.0243583$ & $0.0176453$ & $-0.000334813$ & $-0.0278268$ & $0.00462282$ & $-0.00425291$ & $0.936882$ & $-0.103389$ & $-0.0598057$ & $0.0740828$ & $0.0663501$ & $0.111705$ & $-0.241996$ & $0.030862$ & $-0.0326827$ & $-0.0532927$ & $0.0860306$ & $0.0919751$ & $0.104908$ & $-0.0655982$ & $-0.0642062$ & $-0.0647905$ & $0.0167318$ & $0.104333$ & $0.102$ & $0.0293876$ & $-0.0117363$ & $-0.035994$ & $-0.00378763$ & $-0.00114936$ & $0.0108351$ & $1$ & $0.000399439$ & $-0.0521743$ & $0.033931$ & $0.0218042$ & $0.0340721$ & $-0.000248061$ & $0.0279213$ & $0.0263311$ & $0.0195373$ & $-0.013731$ & $0.0433397$ & $0.00542229$ & $-0.0563067$ & $-0.000262624$ & $0.0456171$ & $-0.000369445$ & $-0.0135421$ \\
CdH_33r & $-0.0182968$ & $0.0209824$ & $0.0412751$ & $-0.0205944$ & $-0.00242894$ & $0.0137761$ & $-0.186406$ & $0.147611$ & $0.172893$ & $-0.156464$ & $-0.080127$ & $0.133313$ & $0.351873$ & $-0.0903671$ & $0.0352695$ & $0.0413925$ & $-0.132788$ & $-0.151422$ & $-0.154259$ & $0.078389$ & $0.0838062$ & $0.0854924$ & $0.0160584$ & $-0.162215$ & $-0.150967$ & $-0.0457421$ & $0.0513029$ & $0.0341904$ & $0.0360983$ & $0.703621$ & $0.405047$ & $0.000399439$ & $1$ & $0.0949602$ & $-0.00387619$ & $-0.0669428$ & $-0.109112$ & $-0.056042$ & $-0.114639$ & $-0.00319725$ & $-0.0156142$ & $-0.0197809$ & $0.100802$ & $0.00486832$ & $0.0190491$ & $-0.0731351$ & $0.0997281$ & $-0.0257222$ & $0.361261$ \\
CLL_1221 & $-0.0389861$ & $-0.0096167$ & $0.00888227$ & $-0.0322144$ & $-0.0175374$ & $-0.104444$ & $-0.0599171$ & $0.559463$ & $0.551116$ & $-0.346002$ & $-0.363544$ & $-0.224494$ & $0.263642$ & $-0.214709$ & $-0.579675$ & $-0.0772584$ & $-0.261935$ & $0.0230608$ & $-0.354865$ & $0.288865$ & $0.446203$ & $0.442824$ & $0.221371$ & $-0.629356$ & $-0.211124$ & $-0.259263$ & $0.677264$ & $0.149511$ & $0.0283912$ & $0.0818087$ & $0.0389965$ & $-0.0521743$ & $0.0949602$ & $1$ & $-0.00812891$ & $0.0218782$ & $0.000389726$ & $-0.0256661$ & $-0.0213625$ & $-0.0308123$ & $-0.0108044$ & $-0.0228887$ & $0.0191361$ & $0.0239709$ & $0.00457986$ & $0.0024958$ & $-0.00453934$ & $-0.0194946$ & $0.008258$ \\
eHggint & $-0.0907979$ & $0.0432621$ & $-0.0120515$ & $0.0221828$ & $0.00523267$ & $0.0122597$ & $-0.0385371$ & $0.00748144$ & $-0.00706004$ & $0.017485$ & $0.008847$ & $0.0528417$ & $0.0368233$ & $-0.0265736$ & $0.0147685$ & $-0.0068467$ & $-0.0341818$ & $-0.0416887$ & $-0.0200938$ & $-0.00518878$ & $-0.00484841$ & $-0.00382148$ & $0.0131651$ & $-0.0256588$ & $-0.0183308$ & $0.00349131$ & $0.00529338$ & $-0.0176399$ & $0.0117388$ & $-0.0496524$ & $0.0195218$ & $0.033931$ & $-0.00387619$ & $-0.00812891$ & $1$ & $-0.0467511$ & $0.0226667$ & $0.0434121$ & $0.20274$ & $-0.0195096$ & $0.0959622$ & $0.0180854$ & $0.0456639$ & $-0.0842294$ & $-0.00592072$ & $-0.000220657$ & $0.0474357$ & $-0.166411$ & $0.15343$ \\
eHggpar & $0.125738$ & $-0.0927792$ & $-0.120542$ & $0.053954$ & $0.0122081$ & $0.0153922$ & $-0.00895247$ & $0.00882339$ & $-3.56873e-05$ & $0.018726$ & $0.00228559$ & $0.0338002$ & $0.0302133$ & $-0.0229395$ & $-0.021334$ & $-0.0355554$ & $-0.0151669$ & $-0.0102419$ & $-0.00230927$ & $-0.00918641$ & $-0.001251$ & $0.00355974$ & $0.0143575$ & $-0.0296298$ & $-0.0231217$ & $-0.00739364$ & $0.021427$ & $-0.0181764$ & $-0.0282528$ & $-0.0355938$ & $-0.0592111$ & $0.0218042$ & $-0.0669428$ & $0.0218782$ & $-0.0467511$ & $1$ & $0.0216786$ & $-0.00841361$ & $-0.0273662$ & $-0.00429813$ & $-0.132634$ & $0.00489858$ & $-0.097697$ & $-0.0397294$ & $0.0409351$ & $0.242689$ & $-0.0808378$ & $0.0527845$ & $-0.0861969$ \\
eHWWint & $-0.0910523$ & $0.0299968$ & $-0.015329$ & $0.0105603$ & $0.0442425$ & $-0.000887965$ & $0.0590668$ & $-0.00121841$ & $-0.0097166$ & $0.00825377$ & $-0.014523$ & $-0.0144053$ & $-0.0168695$ & $0.0279841$ & $0.00298194$ & $0.0148146$ & $0.0363803$ & $0.0297956$ & $0.0224399$ & $0.0184514$ & $0.0152514$ & $0.0145713$ & $0.0171246$ & $0.0181648$ & $0.0387175$ & $-0.00608337$ & $0.00659839$ & $-0.00418271$ & $-0.0133077$ & $-0.117121$ & $-0.0367361$ & $0.0340721$ & $-0.109112$ & $0.000389726$ & $0.0226667$ & $0.0216786$ & $1$ & $0.0127177$ & $-0.0244866$ & $0.0500658$ & $0.0267542$ & $0.0357431$ & $-0.0766961$ & $0.0680251$ & $0.188788$ & $0.171069$ & $0.0763216$ & $-0.0503228$ & $0.128482$ \\
eHWWpar & $-0.01644$ & $0.00422916$ & $0.00965722$ & $0.00498951$ & $0.00284193$ & $0.0359624$ & $0.0152324$ & $-0.0197784$ & $-0.014909$ & $0.0297966$ & $0.0212941$ & $0.0184374$ & $-0.0158851$ & $-0.0183899$ & $0.01738$ & $-0.0148382$ & $0.00505807$ & $-0.0158767$ & $0.0115444$ & $-0.0225702$ & $-0.0240121$ & $-0.0193008$ & $-0.0177385$ & $0.0121432$ & $0.0044577$ & $0.0293164$ & $-0.00616218$ & $-0.00581167$ & $0.0047418$ & $-0.0564786$ & $-0.0365282$ & $-0.000248061$ & $-0.056042$ & $-0.0256661$ & $0.0434121$ & $-0.00841361$ & $0.0127177$ & $1$ & $0.0169365$ & $0.0223905$ & $-0.0126395$ & $-0.00937819$ & $0.0116624$ & $-0.0264134$ & $-0.00440732$ & $0.000526727$ & $-0.0397482$ & $0.0129171$ & $0.00361267$ \\
eHZZint & $0.0235771$ & $-0.0519749$ & $0.0272357$ & $-0.212094$ & $0.00981852$ & $-0.0039996$ & $0.0106095$ & $-0.011241$ & $-0.00671743$ & $0.0167256$ & $0.0214766$ & $0.0226317$ & $0.00732511$ & $-0.0175357$ & $0.00460748$ & $-0.033799$ & $-0.0213313$ & $-0.0238856$ & $0.00794593$ & $-0.0221203$ & $-0.019957$ & $-0.0232248$ & $0.0263878$ & $-0.00675389$ & $-0.00641759$ & $-0.000695969$ & $0.00884843$ & $-0.0254185$ & $0.019589$ & $-0.0654613$ & $0.0683637$ & $0.0279213$ & $-0.114639$ & $-0.0213625$ & $0.20274$ & $-0.0273662$ & $-0.0244866$ & $0.0169365$ & $1$ & $0.0149817$ & $0.0594063$ & $-0.0012821$ & $0.102354$ & $-0.214175$ & $-0.223703$ & $0.13375$ & $0.109144$ & $0.0376222$ & $-0.171474$ \\
eHZZpar & $-0.00261779$ & $0.0209276$ & $0.0383617$ & $0.00383183$ & $0.00350475$ & $0.0166255$ & $0.0182077$ & $-0.00255849$ & $-0.00716924$ & $0.0232605$ & $-0.00870286$ & $0.0228466$ & $-0.0393048$ & $0.030641$ & $0.0276472$ & $-0.0142903$ & $0.0134328$ & $0.000776282$ & $0.033838$ & $0.0106323$ & $0.00691704$ & $0.00939895$ & $0.0137338$ & $-0.00104902$ & $0.0253595$ & $-0.0141906$ & $-0.00342088$ & $0.0119749$ & $-0.00851624$ & $-0.0114349$ & $-0.00135425$ & $0.0263311$ & $-0.00319725$ & $-0.0308123$ & $-0.0195096$ & $-0.00429813$ & $0.0500658$ & $0.0223905$ & $0.0149817$ & $1$ & $-0.00967026$ & $-0.000124476$ & $-0.000938154$ & $0.00451223$ & $-0.0244697$ & $0.053918$ & $-0.01138$ & $-0.025406$ & $0.0180946$ \\
eHZgaint & $-0.16654$ & $0.188408$ & $0.0673937$ & $-0.0598042$ & $0.0229994$ & $0.0227483$ & $0.0138351$ & $-0.000667258$ & $0.000708227$ & $-0.0579643$ & $0.0150115$ & $-0.0208077$ & $-0.00271666$ & $-0.0299131$ & $0.0144828$ & $-0.0113058$ & $-0.0361485$ & $-0.038457$ & $-0.0112158$ & $-0.00397442$ & $-0.00968506$ & $-0.00154207$ & $-0.0330716$ & $-0.0227949$ & $-0.0261652$ & $0.0123904$ & $-0.026374$ & $-0.0090125$ & $0.00627739$ & $-0.0143455$ & $0.000618771$ & $0.0195373$ & $-0.0156142$ & $-0.0108044$ & $0.0959622$ & $-0.132634$ & $0.0267542$ & $-0.0126395$ & $0.0594063$ & $-0.00967026$ & $1$ & $-0.041252$ & $-0.0316781$ & $0.0080972$ & $-0.0437516$ & $0.0434447$ & $0.0119283$ & $0.0374503$ & $-0.0397207$ \\
eHZgapar & $0.0302834$ & $0.00182648$ & $0.00567836$ & $0.020738$ & $-0.0114367$ & $0.0107212$ & $-0.0120072$ & $-0.0193034$ & $-0.022308$ & $0.00342837$ & $0.0175089$ & $-0.0018395$ & $-0.0133603$ & $0.00764741$ & $0.000200309$ & $0.00629834$ & $-0.00906411$ & $0.00429448$ & $-0.0021132$ & $-0.0145119$ & $-0.0187783$ & $-0.0195763$ & $0.00704348$ & $0.0169347$ & $0.0076221$ & $0.00948327$ & $-0.00774523$ & $0.0180878$ & $0.015385$ & $-0.0139768$ & $0.00577567$ & $-0.013731$ & $-0.0197809$ & $-0.0228887$ & $0.0180854$ & $0.00489858$ & $0.0357431$ & $-0.00937819$ & $-0.0012821$ & $-0.000124476$ & $-0.041252$ & $1$ & $-0.0249023$ & $-0.012211$ & $-0.0139506$ & $0.0149152$ & $0.015617$ & $0.00844075$ & $-0.0105746$ \\
eHgagaint & $-0.0846572$ & $0.2119$ & $0.0538167$ & $-0.148208$ & $-0.0159365$ & $-0.00311198$ & $0.0361847$ & $-0.0192243$ & $0.0264784$ & $0.0213513$ & $0.0172215$ & $0.0114566$ & $-0.0345732$ & $-0.000386064$ & $-0.0301177$ & $-0.0218762$ & $0.00519137$ & $0.0203359$ & $0.013278$ & $-0.0147479$ & $-0.00850015$ & $-0.0113781$ & $0.0150695$ & $0.0206434$ & $0.0243945$ & $0.000305005$ & $0.0246182$ & $-0.00457978$ & $-0.0111309$ & $-0.0086473$ & $-0.00363365$ & $0.0433397$ & $0.100802$ & $0.0191361$ & $0.0456639$ & $-0.097697$ & $-0.0766961$ & $0.0116624$ & $0.102354$ & $-0.000938154$ & $-0.0316781$ & $-0.0249023$ & $1$ & $0.0127158$ & $-0.217668$ & $-0.0236785$ & $-0.00283694$ & $-0.134707$ & $0.264788$ \\
eHmumuint & $-0.0620659$ & $-0.185632$ & $-0.0308292$ & $0.047915$ & $0.0321319$ & $-0.0131556$ & $0.0148034$ & $0.0365069$ & $0.0374869$ & $-0.0117183$ & $-0.0387202$ & $-0.0321349$ & $0.0133186$ & $0.0255484$ & $-0.00282121$ & $0.0151463$ & $0.00800206$ & $0.0123874$ & $-0.00120246$ & $0.036494$ & $0.0368366$ & $0.0391553$ & $0.0178002$ & $-0.012339$ & $0.0200542$ & $-0.0270371$ & $0.0289805$ & $0.033986$ & $0.0252855$ & $0.00662407$ & $0.00122066$ & $0.00542229$ & $0.00486832$ & $0.0239709$ & $-0.0842294$ & $-0.0397294$ & $0.0680251$ & $-0.0264134$ & $-0.214175$ & $0.00451223$ & $0.0080972$ & $-0.012211$ & $0.0127158$ & $1$ & $0.154077$ & $0.115407$ & $0.0142427$ & $-0.0362641$ & $0.0454348$ \\
eHtautauint & $-0.0454772$ & $0.111696$ & $-0.0253166$ & $0.204917$ & $0.00411985$ & $-0.00593657$ & $-0.0476365$ & $0.00550273$ & $-0.00704952$ & $-0.000528895$ & $-0.0198182$ & $-0.0190799$ & $0.0275393$ & $0.0251976$ & $0.00816857$ & $0.0304277$ & $0.0251483$ & $0.0204838$ & $0.00601229$ & $0.023796$ & $0.0187886$ & $0.0207592$ & $-0.0300081$ & $0.0142203$ & $0.0361706$ & $0.0101674$ & $0.0115726$ & $0.0362768$ & $-0.0321964$ & $0.0632482$ & $-0.00553232$ & $-0.0563067$ & $0.0190491$ & $0.00457986$ & $-0.00592072$ & $0.0409351$ & $0.188788$ & $-0.00440732$ & $-0.223703$ & $-0.0244697$ & $-0.0437516$ & $-0.0139506$ & $-0.217668$ & $0.154077$ & $1$ & $0.0230365$ & $-0.0307654$ & $0.0207289$ & $0.0849005$ \\
eHccint & $0.105641$ & $-0.122728$ & $0.0146831$ & $-0.0278535$ & $0.025969$ & $-0.0223364$ & $-0.00866803$ & $-0.000413035$ & $-0.00211441$ & $0.0252015$ & $0.00694362$ & $0.0354155$ & $0.00371989$ & $-0.0190931$ & $-0.00959692$ & $-0.0169209$ & $-0.00809679$ & $-0.00556785$ & $0.00159603$ & $-0.00948795$ & $-0.00855499$ & $-0.00296494$ & $0.0345067$ & $-0.01246$ & $-0.0137122$ & $-0.0181555$ & $0.00830117$ & $-0.00259574$ & $-0.0212994$ & $-0.0327977$ & $-0.00440651$ & $-0.000262624$ & $-0.0731351$ & $0.0024958$ & $-0.000220657$ & $0.242689$ & $0.171069$ & $0.000526727$ & $0.13375$ & $0.053918$ & $0.0434447$ & $0.0149152$ & $-0.0236785$ & $0.115407$ & $0.0230365$ & $1$ & $-0.216115$ & $0.151061$ & $-0.115568$ \\
eHccpar & $-0.12523$ & $-0.0982952$ & $0.0840656$ & $-0.0361285$ & $-0.0045919$ & $0.00838601$ & $0.0395482$ & $-0.00942461$ & $-0.00528455$ & $-0.00300181$ & $0.00858854$ & $0.000162982$ & $-0.0028243$ & $0.0126257$ & $-0.0124428$ & $0.0125408$ & $-0.00106391$ & $0.0148303$ & $0.000909325$ & $-0.0107146$ & $-0.0111763$ & $-0.00781189$ & $0.0282551$ & $0.0156853$ & $0.0122564$ & $-0.00463442$ & $-0.00656809$ & $-0.0152366$ & $0.0244008$ & $-0.0101699$ & $0.295703$ & $0.0456171$ & $0.0997281$ & $-0.00453934$ & $0.0474357$ & $-0.0808378$ & $0.0763216$ & $-0.0397482$ & $0.109144$ & $-0.01138$ & $0.0119283$ & $0.015617$ & $-0.00283694$ & $0.0142427$ & $-0.0307654$ & $-0.216115$ & $1$ & $0.00260701$ & $0.243592$ \\
eHbbint & $-0.0256035$ & $-0.0330512$ & $-0.191559$ & $0.0306844$ & $0.00512715$ & $-0.0162699$ & $0.00989927$ & $-0.00177836$ & $-0.00537315$ & $-0.0200985$ & $-0.00123703$ & $-0.0383083$ & $0.0141343$ & $-0.00678679$ & $0.0200957$ & $-0.0186057$ & $0.00391897$ & $-0.011995$ & $0.0136941$ & $-0.00214272$ & $-0.00339071$ & $-0.000379741$ & $-0.000658968$ & $0.00321984$ & $0.00684171$ & $-0.00367597$ & $0.00130544$ & $-0.027387$ & $0.00642979$ & $-0.000948677$ & $0.0488773$ & $-0.000369445$ & $-0.0257222$ & $-0.0194946$ & $-0.166411$ & $0.0527845$ & $-0.0503228$ & $0.0129171$ & $0.0376222$ & $-0.025406$ & $0.0374503$ & $0.00844075$ & $-0.134707$ & $-0.0362641$ & $0.0207289$ & $0.151061$ & $0.00260701$ & $1$ & $-0.397029$ \\
eHbbpar & $-0.0637607$ & $0.068202$ & $0.125675$ & $-0.0209786$ & $-0.0101512$ & $0.0496843$ & $-0.0269068$ & $-0.00169147$ & $0.00706874$ & $0.0165286$ & $0.00352145$ & $0.0170175$ & $-0.00626492$ & $-0.00223025$ & $-0.000937086$ & $0.0029002$ & $0.00735323$ & $-0.00196481$ & $-0.00312395$ & $-0.00275372$ & $-0.000819027$ & $0.00309659$ & $-0.00206081$ & $-0.000352378$ & $0.00381291$ & $0.0153608$ & $0.00421585$ & $-0.00247018$ & $-0.0272653$ & $-0.00543517$ & $0.0488914$ & $-0.0135421$ & $0.361261$ & $0.008258$ & $0.15343$ & $-0.0861969$ & $0.128482$ & $0.00361267$ & $-0.171474$ & $0.0180946$ & $-0.0397207$ & $-0.0105746$ & $0.264788$ & $0.0454348$ & $0.0849005$ & $-0.115568$ & $0.243592$ & $-0.397029$ & $1$ \\
