 & AlsMz & dAle5Mz & mtop & mHl & Mz & CW & CHG & CHWB & CHWHB_gaga & CHWHB_gagaorth & CHD & CHbox & CH & CHL1_11 & CHL1_22 & CHL1_33 & CHL3_11 & CHL3_22 & CHL3_33 & CHe_11 & CHe_22 & CHe_33 & CHQ1_11 & CHQ1_33 & CHQ3_11 & CHu_11 & CHd_11 & CHd_33 & CeH_22r & CeH_33r & CuH_22r & CuH_33r & CdH_33r & CLL_1221 & eHggint & eHggpar & eHWWint & eHWWpar & eHZZint & eHZZpar & eHZgaint & eHZgapar & eHgagaint & eHmumuint & eHtautauint & eHccint & eHccpar & eHbbint & eHbbpar \\
AlsMz & $1$ & $0.121858$ & $-0.0964317$ & $-0.0490455$ & $0.00429655$ & $0.0071212$ & $0.0126083$ & $-0.0294026$ & $-0.0279592$ & $-0.0132454$ & $0.0196838$ & $-0.00697271$ & $-0.0202198$ & $-0.0052405$ & $-0.0010169$ & $-0.0309027$ & $0.00804554$ & $0.00132381$ & $0.0238043$ & $-0.0287456$ & $-0.0234034$ & $-0.0191841$ & $-0.000796179$ & $-0.0321566$ & $-0.103378$ & $-0.0374262$ & $-0.0364065$ & $-0.0236626$ & $-0.0194291$ & $0.00250824$ & $-0.0670193$ & $0.00153366$ & $-0.0242741$ & $-0.0131183$ & $0.031865$ & $0.0106024$ & $0.166998$ & $-0.0263121$ & $-0.080854$ & $0.00669291$ & $-0.062322$ & $-0.000660845$ & $0.0201658$ & $0.115952$ & $-0.014081$ & $-0.119578$ & $-0.0744722$ & $0.0541878$ & $-0.00739201$ \\
dAle5Mz & $0.121858$ & $1$ & $-0.00422265$ & $0.0568706$ & $0.030754$ & $0.0373815$ & $-0.00617806$ & $-0.0949694$ & $-0.0950645$ & $0.0387989$ & $0.0799962$ & $0.0396184$ & $-0.0156689$ & $-0.036683$ & $-0.026067$ & $-0.0604315$ & $0.0294195$ & $0.0173192$ & $0.0432797$ & $-0.0625931$ & $-0.0546065$ & $-0.050235$ & $0.0296166$ & $0.021806$ & $0.0146611$ & $0.0321383$ & $0.00608071$ & $-0.00267822$ & $0.0213509$ & $-0.00850552$ & $-0.0495526$ & $-0.00521767$ & $-0.00795669$ & $0.0137202$ & $-0.00340176$ & $0.105612$ & $0.0556764$ & $0.0244891$ & $0.0555848$ & $0.0453604$ & $-0.113601$ & $0.0117575$ & $-0.109755$ & $-0.020411$ & $-0.0167681$ & $0.145635$ & $-0.148809$ & $-0.136901$ & $0.0671451$ \\
mtop & $-0.0964317$ & $-0.00422265$ & $1$ & $-0.144105$ & $-0.0070095$ & $0.0317747$ & $-0.0205372$ & $-0.0235046$ & $-0.0246154$ & $0.0195523$ & $0.0258997$ & $0.0230076$ & $-0.0126266$ & $-0.00754161$ & $0.0010566$ & $0.0103142$ & $0.00981005$ & $0.0102403$ & $0.00653807$ & $-0.0151459$ & $-0.0204133$ & $-0.0239702$ & $-0.0019615$ & $0.011355$ & $0.00204331$ & $0.00729583$ & $-0.0419359$ & $-0.0185235$ & $-0.0151964$ & $0.015181$ & $-0.0199139$ & $-0.0187766$ & $-0.00763126$ & $-0.016768$ & $-0.0893806$ & $0.0722708$ & $-0.0576786$ & $-0.0174278$ & $0.0801625$ & $0.0363797$ & $0.103744$ & $0.0515157$ & $-0.0535988$ & $0.109672$ & $0.0143537$ & $0.0449067$ & $-0.125047$ & $0.0278467$ & $-0.0231275$ \\
mHl & $-0.0490455$ & $0.0568706$ & $-0.144105$ & $1$ & $0.00081886$ & $-0.0514737$ & $0.0287156$ & $-0.00454464$ & $-0.0138252$ & $0.00134699$ & $-0.00168581$ & $0.019118$ & $-0.0474652$ & $0.0148734$ & $-0.00773385$ & $-0.0056734$ & $0.014313$ & $0.016346$ & $0.0150405$ & $-0.00123039$ & $0.0042414$ & $0.00947195$ & $-0.016657$ & $0.0188162$ & $0.0210413$ & $-0.00255164$ & $0.00723756$ & $-0.0120036$ & $-0.0603103$ & $-0.056463$ & $3.63997e-05$ & $0.0164848$ & $-0.0882332$ & $0.00797296$ & $-0.0121295$ & $0.136055$ & $0.143593$ & $0.00580752$ & $0.153954$ & $0.0315332$ & $-0.020612$ & $-0.0418637$ & $-0.0383232$ & $-0.0962995$ & $0.083691$ & $-0.012003$ & $0.0340491$ & $-0.12706$ & $-0.00910981$ \\
Mz & $0.00429655$ & $0.030754$ & $-0.0070095$ & $0.00081886$ & $1$ & $-0.0075115$ & $0.03201$ & $0.0234584$ & $0.0268424$ & $-0.01654$ & $-0.00818586$ & $-0.00816174$ & $-0.0103326$ & $-0.00414057$ & $-0.0178392$ & $0.0143683$ & $-0.0078981$ & $0.00158978$ & $-0.0203425$ & $0.0151545$ & $0.019109$ & $0.0249358$ & $-0.00684419$ & $-0.0325039$ & $0.000207999$ & $0.00334815$ & $0.0362993$ & $-0.0341523$ & $-0.000949037$ & $-0.0220564$ & $-0.0105383$ & $0.0212493$ & $-0.0225107$ & $0.0402505$ & $-0.0187286$ & $0.0478921$ & $-0.0354038$ & $-0.0110961$ & $0.0219278$ & $-0.0256363$ & $0.0364761$ & $-0.0152052$ & $-0.00571045$ & $-0.0171202$ & $0.000717817$ & $-0.0215938$ & $-0.00685115$ & $0.0128384$ & $0.00822887$ \\
CW & $0.0071212$ & $0.0373815$ & $0.0317747$ & $-0.0514737$ & $-0.0075115$ & $1$ & $-0.00137473$ & $-0.169038$ & $-0.161493$ & $0.0346847$ & $0.216991$ & $0.0707748$ & $-0.0249117$ & $0.0171854$ & $-0.102661$ & $-0.0949337$ & $-0.241873$ & $-0.0158903$ & $-0.023406$ & $-0.211753$ & $-0.220026$ & $-0.219605$ & $-0.0143373$ & $0.0450682$ & $-0.0674017$ & $0.138247$ & $-0.0870223$ & $-0.057285$ & $0.0324604$ & $-0.0131558$ & $0.0161069$ & $-0.00024513$ & $-0.00599366$ & $-0.130912$ & $-0.039121$ & $0.01372$ & $0.0167747$ & $0.0226267$ & $-0.0153071$ & $-0.0129473$ & $0.0295944$ & $0.013218$ & $0.0145229$ & $-0.0205372$ & $-0.0141007$ & $0.0285536$ & $0.00458798$ & $-0.0222524$ & $0.00139215$ \\
CHG & $0.0126083$ & $-0.00617806$ & $-0.0205372$ & $0.0287156$ & $0.03201$ & $-0.00137473$ & $1$ & $-0.115583$ & $-0.0636753$ & $0.0789641$ & $0.0710642$ & $0.1469$ & $-0.293786$ & $0.0439516$ & $-0.0175426$ & $-0.0222048$ & $0.0954158$ & $0.0972494$ & $0.0952198$ & $-0.0693339$ & $-0.0744625$ & $-0.0835246$ & $-0.0292906$ & $0.113406$ & $0.113373$ & $0.0610954$ & $-0.0356114$ & $-0.0274569$ & $0.035195$ & $-0.131269$ & $-0.0417234$ & $0.936192$ & $-0.144861$ & $-0.0742982$ & $-0.0322123$ & $0.0197298$ & $0.0250778$ & $-0.00847958$ & $-0.0325249$ & $-0.0122787$ & $-0.00380404$ & $-0.0247784$ & $0.0272228$ & $-0.0091617$ & $0.017759$ & $-0.0108795$ & $0.0363838$ & $-0.0290842$ & $0.00674938$ \\
CHWB & $-0.0294026$ & $-0.0949694$ & $-0.0235046$ & $-0.00454464$ & $0.0234584$ & $-0.169038$ & $-0.115583$ & $1$ & $0.983368$ & $-0.560703$ & $-0.884878$ & $-0.39958$ & $0.335592$ & $0.132084$ & $0.310319$ & $0.323494$ & $-0.205063$ & $-0.421137$ & $-0.414471$ & $0.85799$ & $0.901262$ & $0.8856$ & $0.0617327$ & $-0.663$ & $-0.382435$ & $-0.52314$ & $0.416296$ & $0.331356$ & $0.0374678$ & $0.107506$ & $0.0550896$ & $-0.103762$ & $0.125086$ & $0.550628$ & $0.0204291$ & $-0.0377229$ & $-0.026124$ & $0.00367907$ & $0.00586566$ & $-0.0363182$ & $0.0215074$ & $0.00722738$ & $-0.00820335$ & $-0.0080043$ & $0.000431106$ & $0.00793686$ & $0.0254987$ & $0.042469$ & $-0.0268918$ \\
CHWHB_gaga & $-0.0279592$ & $-0.0950645$ & $-0.0246154$ & $-0.0138252$ & $0.0268424$ & $-0.161493$ & $-0.0636753$ & $0.983368$ & $1$ & $-0.550561$ & $-0.866304$ & $-0.378581$ & $0.335133$ & $0.123636$ & $0.306873$ & $0.320729$ & $-0.212114$ & $-0.422399$ & $-0.417007$ & $0.840892$ & $0.882127$ & $0.866073$ & $0.055606$ & $-0.656273$ & $-0.385855$ & $-0.508168$ & $0.403968$ & $0.327812$ & $0.0441387$ & $0.129242$ & $0.0676413$ & $-0.0611252$ & $0.146852$ & $0.538567$ & $-0.000202076$ & $-0.0412636$ & $-0.0287112$ & $0.00129903$ & $-0.00810465$ & $-0.0446765$ & $0.0168661$ & $-0.00387907$ & $0.0592539$ & $-0.0144049$ & $0.00120009$ & $0.00679018$ & $0.0331417$ & $0.0265487$ & $-0.0275901$ \\
CHWHB_gagaorth & $-0.0132454$ & $0.0387989$ & $0.0195523$ & $0.00134699$ & $-0.01654$ & $0.0346847$ & $0.0789641$ & $-0.560703$ & $-0.550561$ & $1$ & $0.355752$ & $0.673519$ & $-0.231111$ & $0.201368$ & $-0.104716$ & $-0.141874$ & $0.406893$ & $0.458972$ & $0.468912$ & $-0.342449$ & $-0.371775$ & $-0.367162$ & $-0.066712$ & $0.542948$ & $0.46007$ & $0.244041$ & $-0.240474$ & $-0.140773$ & $-0.0319136$ & $-0.120997$ & $-0.0600411$ & $0.0929746$ & $-0.139947$ & $-0.360222$ & $-0.0183286$ & $0.0169895$ & $0.0382086$ & $0.0127572$ & $0.0149101$ & $0.0144491$ & $-0.0412458$ & $-0.0124608$ & $-0.0159302$ & $0.00152401$ & $0.0103271$ & $0.0036719$ & $0.0171454$ & $-0.0201624$ & $-0.00207936$ \\
CHD & $0.0196838$ & $0.0799962$ & $0.0258997$ & $-0.00168581$ & $-0.00818586$ & $0.216991$ & $0.0710642$ & $-0.884878$ & $-0.866304$ & $0.355752$ & $1$ & $0.347517$ & $-0.170576$ & $-0.530812$ & $-0.442869$ & $-0.429062$ & $-0.239301$ & $0.069698$ & $0.0557905$ & $-0.990691$ & $-0.991376$ & $-0.970531$ & $-0.00362175$ & $0.305608$ & $0.0131038$ & $0.571344$ & $-0.276508$ & $-0.361075$ & $-0.0231684$ & $-0.0557963$ & $-0.0272713$ & $0.070514$ & $-0.0659782$ & $-0.348296$ & $-0.0161134$ & $0.0486514$ & $0.00846533$ & $8.76808e-05$ & $-0.0273185$ & $0.0213968$ & $-0.022743$ & $0.0060469$ & $0.0253909$ & $0.00147662$ & $-0.0136076$ & $0.0053447$ & $-0.0107355$ & $-0.030666$ & $0.0301602$ \\
CHbox & $-0.00697271$ & $0.0396184$ & $0.0230076$ & $0.019118$ & $-0.00816174$ & $0.0707748$ & $0.1469$ & $-0.39958$ & $-0.378581$ & $0.673519$ & $0.347517$ & $1$ & $-0.482254$ & $-0.0478596$ & $-0.0763081$ & $-0.0881165$ & $0.0849098$ & $0.14935$ & $0.154003$ & $-0.326739$ & $-0.358752$ & $-0.353138$ & $-0.0822586$ & $0.284416$ & $0.147415$ & $0.262072$ & $-0.196894$ & $-0.145919$ & $-0.0156505$ & $0.0400281$ & $-0.0389786$ & $0.191079$ & $0.0341672$ & $-0.261752$ & $-0.00616229$ & $0.024911$ & $0.0591934$ & $-0.00870101$ & $0.00344804$ & $0.0199789$ & $-0.0273828$ & $-0.0206115$ & $-0.0184703$ & $-0.0154931$ & $0.019819$ & $-0.00905131$ & $0.00872322$ & $-0.0196968$ & $-0.00246295$ \\
CH & $-0.0202198$ & $-0.0156689$ & $-0.0126266$ & $-0.0474652$ & $-0.0103326$ & $-0.0249117$ & $-0.293786$ & $0.335592$ & $0.335133$ & $-0.231111$ & $-0.170576$ & $-0.482254$ & $1$ & $-0.220351$ & $0.0801051$ & $0.0956467$ & $-0.329021$ & $-0.370688$ & $-0.374158$ & $0.166499$ & $0.178234$ & $0.179713$ & $0.0497757$ & $-0.372684$ & $-0.362271$ & $-0.124196$ & $0.120018$ & $0.0903057$ & $0.0463137$ & $0.269853$ & $0.133116$ & $-0.24332$ & $0.330201$ & $0.202193$ & $0.0343978$ & $0.0170749$ & $-0.038459$ & $0.0244787$ & $-0.0160421$ & $-0.0264956$ & $0.00618087$ & $0.0221074$ & $0.0178396$ & $-0.0146208$ & $-0.0377348$ & $0.0276702$ & $0.0213961$ & $0.0333633$ & $-0.00121389$ \\
CHL1_11 & $-0.0052405$ & $-0.036683$ & $-0.00754161$ & $0.0148734$ & $-0.00414057$ & $0.0171854$ & $0.0439516$ & $0.132084$ & $0.123636$ & $0.201368$ & $-0.530812$ & $-0.0478596$ & $-0.220351$ & $1$ & $0.29034$ & $0.261452$ & $0.653401$ & $0.585158$ & $0.585596$ & $0.545975$ & $0.492969$ & $0.478034$ & $-0.0824656$ & $0.449063$ & $0.588865$ & $-0.272034$ & $-0.100452$ & $0.173709$ & $-0.0115056$ & $-0.0640548$ & $-0.0344914$ & $0.0279227$ & $-0.0755545$ & $-0.208111$ & $0.00362323$ & $-0.0304957$ & $0.0187116$ & $-0.00430087$ & $0.0387373$ & $0.000137581$ & $-0.00424281$ & $-0.0171851$ & $-0.0130928$ & $0.00172525$ & $0.0106884$ & $-0.0173621$ & $0.00460777$ & $0.00557657$ & $-0.0206182$ \\
CHL1_22 & $-0.0010169$ & $-0.026067$ & $0.0010566$ & $-0.00773385$ & $-0.0178392$ & $-0.102661$ & $-0.0175426$ & $0.310319$ & $0.306873$ & $-0.104716$ & $-0.442869$ & $-0.0763081$ & $0.0801051$ & $0.29034$ & $1$ & $0.455936$ & $0.207393$ & $-0.442004$ & $-0.0166857$ & $0.507655$ & $0.361153$ & $0.347041$ & $-0.17539$ & $0.121742$ & $-0.113251$ & $-0.208261$ & $-0.396887$ & $0.159373$ & $-0.016232$ & $0.0364192$ & $0.00789052$ & $-0.0213539$ & $0.0193736$ & $-0.592337$ & $0.0018766$ & $-0.0429047$ & $0.0165141$ & $-0.00446323$ & $0.00955382$ & $0.0198918$ & $0.024332$ & $0.00232867$ & $0.00245238$ & $0.0250683$ & $0.0306639$ & $-0.0550408$ & $-0.0379015$ & $-0.0234327$ & $-0.00882607$ \\
CHL1_33 & $-0.0309027$ & $-0.0604315$ & $0.0103142$ & $-0.0056734$ & $0.0143683$ & $-0.0949337$ & $-0.0222048$ & $0.323494$ & $0.320729$ & $-0.141874$ & $-0.429062$ & $-0.0881165$ & $0.0956467$ & $0.261452$ & $0.455936$ & $1$ & $0.146762$ & $-0.0551837$ & $-0.456723$ & $0.492705$ & $0.349375$ & $0.361625$ & $-0.171877$ & $0.0851453$ & $-0.148301$ & $-0.201991$ & $-0.379974$ & $0.136141$ & $-0.0120528$ & $0.0376301$ & $0.0186811$ & $-0.0255808$ & $0.0598117$ & $-0.0945667$ & $-0.00454711$ & $-0.00432418$ & $-0.0099277$ & $-0.0285506$ & $0.041049$ & $-0.018154$ & $0.0379544$ & $-0.00951959$ & $-0.00395419$ & $-0.0119631$ & $-0.01035$ & $-0.0347788$ & $-0.0338007$ & $0.00696016$ & $0.0127377$ \\
CHL3_11 & $0.00804554$ & $0.0294195$ & $0.00981005$ & $0.014313$ & $-0.0078981$ & $-0.241873$ & $0.0954158$ & $-0.205063$ & $-0.212114$ & $0.406893$ & $-0.239301$ & $0.0849098$ & $-0.329021$ & $0.653401$ & $0.207393$ & $0.146762$ & $1$ & $0.708749$ & $0.730519$ & $0.259556$ & $0.208216$ & $0.196214$ & $-0.081655$ & $0.663537$ & $0.766996$ & $-0.115757$ & $-0.170751$ & $0.0669549$ & $-0.02688$ & $-0.104815$ & $-0.0587335$ & $0.0716408$ & $-0.118483$ & $-0.261344$ & $-0.00887572$ & $-0.0196679$ & $0.0349185$ & $-0.00719633$ & $0.055289$ & $0.0381072$ & $0.013015$ & $-0.0316256$ & $-0.0605965$ & $0.0152365$ & $0.0404221$ & $-0.0283252$ & $-0.0414118$ & $-0.0206227$ & $-0.00869834$ \\
CHL3_22 & $0.00132381$ & $0.0173192$ & $0.0102403$ & $0.016346$ & $0.00158978$ & $-0.0158903$ & $0.0972494$ & $-0.421137$ & $-0.422399$ & $0.458972$ & $0.069698$ & $0.14935$ & $-0.370688$ & $0.585158$ & $-0.442004$ & $-0.0551837$ & $0.708749$ & $1$ & $0.668211$ & $-0.0757851$ & $-0.0629799$ & $-0.0611891$ & $0.00388661$ & $0.605914$ & $0.785337$ & $0.0435894$ & $-0.00604984$ & $-0.0494328$ & $-0.0165539$ & $-0.12229$ & $-0.0579141$ & $0.0777315$ & $-0.122844$ & $0.0395377$ & $-0.0116618$ & $0.00802579$ & $0.0164685$ & $-0.00622778$ & $0.0395606$ & $0.0114416$ & $-0.00841728$ & $-0.0280048$ & $-0.0328886$ & $-0.00697$ & $0.00256958$ & $0.00697566$ & $-0.00205068$ & $-0.00143029$ & $-1.79179e-05$ \\
CHL3_33 & $0.0238043$ & $0.0432797$ & $0.00653807$ & $0.0150405$ & $-0.0203425$ & $-0.023406$ & $0.0952198$ & $-0.414471$ & $-0.417007$ & $0.468912$ & $0.0557905$ & $0.154003$ & $-0.374158$ & $0.585596$ & $-0.0166857$ & $-0.456723$ & $0.730519$ & $0.668211$ & $1$ & $-0.0622906$ & $-0.0484104$ & $-0.0471469$ & $0.00262583$ & $0.608753$ & $0.79131$ & $0.0377641$ & $-0.00470121$ & $-0.0275467$ & $-0.0233099$ & $-0.118988$ & $-0.0622448$ & $0.0764912$ & $-0.150085$ & $-0.338209$ & $-0.00575147$ & $-0.020481$ & $0.0358822$ & $0.0131663$ & $0.00803724$ & $0.0380254$ & $-0.0192998$ & $-0.0173765$ & $-0.0332635$ & $0.0208318$ & $0.0337301$ & $-0.00683839$ & $-0.00481802$ & $-0.0242947$ & $-0.018572$ \\
CHe_11 & $-0.0287456$ & $-0.0625931$ & $-0.0151459$ & $-0.00123039$ & $0.0151545$ & $-0.211753$ & $-0.0693339$ & $0.85799$ & $0.840892$ & $-0.342449$ & $-0.990691$ & $-0.326739$ & $0.166499$ & $0.545975$ & $0.507655$ & $0.492705$ & $0.259556$ & $-0.0757851$ & $-0.0622906$ & $1$ & $0.973331$ & $0.952551$ & $-0.0201752$ & $-0.25311$ & $-0.00978907$ & $-0.560134$ & $0.201304$ & $0.356647$ & $0.0208222$ & $0.0548685$ & $0.0260758$ & $-0.0693482$ & $0.0662983$ & $0.270383$ & $0.00989913$ & $-0.0470908$ & $-0.00897337$ & $-0.00154431$ & $0.0275496$ & $-0.0168589$ & $0.0270565$ & $-0.00828944$ & $-0.0231894$ & $-0.00018347$ & $0.0133722$ & $-0.00583116$ & $0.00439994$ & $0.0215618$ & $-0.0247264$ \\
CHe_22 & $-0.0234034$ & $-0.0546065$ & $-0.0204133$ & $0.0042414$ & $0.019109$ & $-0.220026$ & $-0.0744625$ & $0.901262$ & $0.882127$ & $-0.371775$ & $-0.991376$ & $-0.358752$ & $0.178234$ & $0.492969$ & $0.361153$ & $0.349375$ & $0.208216$ & $-0.0629799$ & $-0.0484104$ & $0.973331$ & $1$ & $0.976255$ & $0.0315569$ & $-0.360983$ & $-0.0172619$ & $-0.573904$ & $0.358105$ & $0.360432$ & $0.0279567$ & $0.0572806$ & $0.0273747$ & $-0.0727553$ & $0.0688018$ & $0.434115$ & $0.0168467$ & $-0.0449029$ & $-0.0118617$ & $0.00297934$ & $0.0278991$ & $-0.0213804$ & $0.0180985$ & $-0.00437819$ & $-0.0309249$ & $-0.00415476$ & $0.0142602$ & $0.00650412$ & $0.0123426$ & $0.0301946$ & $-0.029246$ \\
CHe_33 & $-0.0191841$ & $-0.050235$ & $-0.0239702$ & $0.00947195$ & $0.0249358$ & $-0.219605$ & $-0.0835246$ & $0.8856$ & $0.866073$ & $-0.367162$ & $-0.970531$ & $-0.353138$ & $0.179713$ & $0.478034$ & $0.347041$ & $0.361625$ & $0.196214$ & $-0.0611891$ & $-0.0471469$ & $0.952551$ & $0.976255$ & $1$ & $0.0320541$ & $-0.356362$ & $-0.0193576$ & $-0.562036$ & $0.357793$ & $0.352942$ & $0.0251527$ & $0.0598778$ & $0.0298817$ & $-0.0797958$ & $0.0716445$ & $0.435024$ & $0.0201016$ & $-0.0472311$ & $-0.0130236$ & $0.00185779$ & $0.0281744$ & $-0.0232664$ & $0.0127339$ & $-0.00249929$ & $-0.0388717$ & $-0.000870859$ & $0.0152792$ & $7.68723e-05$ & $0.0107166$ & $0.0311552$ & $-0.0307781$ \\
CHQ1_11 & $-0.000796179$ & $0.0296166$ & $-0.0019615$ & $-0.016657$ & $-0.00684419$ & $-0.0143373$ & $-0.0292906$ & $0.0617327$ & $0.055606$ & $-0.066712$ & $-0.00362175$ & $-0.0822586$ & $0.0497757$ & $-0.0824656$ & $-0.17539$ & $-0.171877$ & $-0.081655$ & $0.00388661$ & $0.00262583$ & $-0.0201752$ & $0.0315569$ & $0.0320541$ & $1$ & $-0.138948$ & $0.0747238$ & $-0.674289$ & $0.343561$ & $0.0432527$ & $-0.0179164$ & $0.00727089$ & $0.0128703$ & $-0.0288569$ & $0.00128039$ & $0.204911$ & $0.011835$ & $0.0293425$ & $0.014936$ & $0.00405652$ & $0.00836129$ & $-0.0372179$ & $-0.00749699$ & $-0.00579234$ & $-0.00421437$ & $-0.0440306$ & $0.0156605$ & $0.0160092$ & $0.0189188$ & $0.0450825$ & $0.00904279$ \\
CHQ1_33 & $-0.0321566$ & $0.021806$ & $0.011355$ & $0.0188162$ & $-0.0325039$ & $0.0450682$ & $0.113406$ & $-0.663$ & $-0.656273$ & $0.542948$ & $0.305608$ & $0.284416$ & $-0.372684$ & $0.449063$ & $0.121742$ & $0.0851453$ & $0.663537$ & $0.605914$ & $0.608753$ & $-0.25311$ & $-0.360983$ & $-0.356362$ & $-0.138948$ & $1$ & $0.636506$ & $0.213871$ & $-0.432122$ & $-0.03883$ & $-0.0367705$ & $-0.107268$ & $-0.0624561$ & $0.0939297$ & $-0.138077$ & $-0.641119$ & $-0.0143666$ & $0.0088016$ & $0.0190201$ & $-0.0289869$ & $0.0385196$ & $0.0426642$ & $0.00868294$ & $-0.0273477$ & $-0.0332054$ & $0.00650087$ & $0.0038026$ & $-0.0350125$ & $-0.0308029$ & $-0.0390667$ & $-0.010189$ \\
CHQ3_11 & $-0.103378$ & $0.0146611$ & $0.00204331$ & $0.0210413$ & $0.000207999$ & $-0.0674017$ & $0.113373$ & $-0.382435$ & $-0.385855$ & $0.46007$ & $0.0131038$ & $0.147415$ & $-0.362271$ & $0.588865$ & $-0.113251$ & $-0.148301$ & $0.766996$ & $0.785337$ & $0.79131$ & $-0.00978907$ & $-0.0172619$ & $-0.0193576$ & $0.0747238$ & $0.636506$ & $1$ & $0.0190473$ & $0.201131$ & $-0.0226656$ & $-0.0362271$ & $-0.124641$ & $-0.0439102$ & $0.0935037$ & $-0.135276$ & $-0.202041$ & $-0.0131171$ & $-0.00118674$ & $0.0229263$ & $-0.00987049$ & $0.0388369$ & $0.0154787$ & $-0.00459985$ & $-0.0102883$ & $-0.0398881$ & $-0.0189978$ & $0.0481391$ & $-0.00441194$ & $0.0132035$ & $-0.022476$ & $0.0057989$ \\
CHu_11 & $-0.0374262$ & $0.0321383$ & $0.00729583$ & $-0.00255164$ & $0.00334815$ & $0.138247$ & $0.0610954$ & $-0.52314$ & $-0.508168$ & $0.244041$ & $0.571344$ & $0.262072$ & $-0.124196$ & $-0.272034$ & $-0.208261$ & $-0.201991$ & $-0.115757$ & $0.0435894$ & $0.0377641$ & $-0.560134$ & $-0.573904$ & $-0.562036$ & $-0.674289$ & $0.213871$ & $0.0190473$ & $1$ & $-0.183031$ & $-0.235418$ & $-0.0126942$ & $-0.0383958$ & $-0.0129503$ & $0.0667519$ & $-0.021602$ & $-0.257088$ & $-0.00401991$ & $0.0132687$ & $-0.0171523$ & $0.0176566$ & $-0.0199525$ & $0.0481343$ & $0.00333727$ & $0.0088734$ & $0.0267572$ & $0.0260294$ & $-0.0129494$ & $-0.00403282$ & $0.00272196$ & $-0.0576909$ & $0.0285324$ \\
CHd_11 & $-0.0364065$ & $0.00608071$ & $-0.0419359$ & $0.00723756$ & $0.0362993$ & $-0.0870223$ & $-0.0356114$ & $0.416296$ & $0.403968$ & $-0.240474$ & $-0.276508$ & $-0.196894$ & $0.120018$ & $-0.100452$ & $-0.396887$ & $-0.379974$ & $-0.170751$ & $-0.00604984$ & $-0.00470121$ & $0.201304$ & $0.358105$ & $0.357793$ & $0.343561$ & $-0.432122$ & $0.201131$ & $-0.183031$ & $1$ & $0.0994465$ & $0.0119257$ & $0.027003$ & $0.0313329$ & $-0.0263818$ & $0.0372018$ & $0.688003$ & $0.0206684$ & $0.00844083$ & $-0.0102482$ & $-0.00027465$ & $-0.00523218$ & $-0.0319615$ & $-0.0123149$ & $0.0173525$ & $-0.0312852$ & $-0.0347829$ & $0.0221343$ & $0.0328914$ & $0.0592816$ & $0.0280381$ & $-0.00719793$ \\
CHd_33 & $-0.0236626$ & $-0.00267822$ & $-0.0185235$ & $-0.0120036$ & $-0.0341523$ & $-0.057285$ & $-0.0274569$ & $0.331356$ & $0.327812$ & $-0.140773$ & $-0.361075$ & $-0.145919$ & $0.0903057$ & $0.173709$ & $0.159373$ & $0.136141$ & $0.0669549$ & $-0.0494328$ & $-0.0275467$ & $0.356647$ & $0.360432$ & $0.352942$ & $0.0432527$ & $-0.03883$ & $-0.0226656$ & $-0.235418$ & $0.0994465$ & $1$ & $0.015899$ & $0.0237323$ & $0.0232653$ & $-0.0306477$ & $0.024707$ & $0.13782$ & $0.0102996$ & $-0.0157375$ & $0.00546778$ & $0.0213305$ & $0.0141086$ & $0.00439937$ & $0.0386043$ & $0.00118771$ & $0.0095601$ & $0.0271221$ & $-0.0211137$ & $0.00386974$ & $0.018714$ & $-0.0164448$ & $-0.0214949$ \\
CeH_22r & $-0.0194291$ & $0.0213509$ & $-0.0151964$ & $-0.0603103$ & $-0.000949037$ & $0.0324604$ & $0.035195$ & $0.0374678$ & $0.0441387$ & $-0.0319136$ & $-0.0231684$ & $-0.0156505$ & $0.0463137$ & $-0.0115056$ & $-0.016232$ & $-0.0120528$ & $-0.02688$ & $-0.0165539$ & $-0.0233099$ & $0.0208222$ & $0.0279567$ & $0.0251527$ & $-0.0179164$ & $-0.0367705$ & $-0.0362271$ & $-0.0126942$ & $0.0119257$ & $0.015899$ & $1$ & $0.0359017$ & $0.0237231$ & $0.0226239$ & $0.0505613$ & $0.0439231$ & $-0.0611634$ & $-0.0194562$ & $-0.00687076$ & $-0.00313506$ & $0.0135285$ & $0.00174366$ & $-0.00119097$ & $-0.0473377$ & $0.0158915$ & $-0.0233189$ & $-0.0433225$ & $0.0335857$ & $0.024201$ & $-0.0227466$ & $0.012077$ \\
CeH_33r & $0.00250824$ & $-0.00850552$ & $0.015181$ & $-0.056463$ & $-0.0220564$ & $-0.0131558$ & $-0.131269$ & $0.107506$ & $0.129242$ & $-0.120997$ & $-0.0557963$ & $0.0400281$ & $0.269853$ & $-0.0640548$ & $0.0364192$ & $0.0376301$ & $-0.104815$ & $-0.12229$ & $-0.118988$ & $0.0548685$ & $0.0572806$ & $0.0598778$ & $0.00727089$ & $-0.107268$ & $-0.124641$ & $-0.0383958$ & $0.027003$ & $0.0237323$ & $0.0359017$ & $1$ & $0.290155$ & $0.010499$ & $0.657397$ & $0.0565637$ & $-0.0388452$ & $-0.0298152$ & $-0.133361$ & $-0.0382095$ & $0.000316989$ & $-0.0249856$ & $0.00409959$ & $0.00965521$ & $-0.00176736$ & $-0.00325272$ & $0.0473421$ & $0.0630641$ & $0.00963931$ & $0.0271308$ & $0.016629$ \\
CuH_22r & $-0.0670193$ & $-0.0495526$ & $-0.0199139$ & $3.63997e-05$ & $-0.0105383$ & $0.0161069$ & $-0.0417234$ & $0.0550896$ & $0.0676413$ & $-0.0600411$ & $-0.0272713$ & $-0.0389786$ & $0.133116$ & $-0.0344914$ & $0.00789052$ & $0.0186811$ & $-0.0587335$ & $-0.0579141$ & $-0.0622448$ & $0.0260758$ & $0.0273747$ & $0.0298817$ & $0.0128703$ & $-0.0624561$ & $-0.0439102$ & $-0.0129503$ & $0.0313329$ & $0.0232653$ & $0.0237231$ & $0.290155$ & $1$ & $0.0411156$ & $0.371373$ & $0.0324016$ & $-0.0205304$ & $-0.0212105$ & $-0.103732$ & $-0.00184352$ & $-0.0288016$ & $-0.0155144$ & $0.00921081$ & $0.0135124$ & $0.0319092$ & $-0.0237515$ & $-0.00163518$ & $0.0716983$ & $0.334856$ & $0.0622053$ & $0.0395609$ \\
CuH_33r & $0.00153366$ & $-0.00521767$ & $-0.0187766$ & $0.0164848$ & $0.0212493$ & $-0.00024513$ & $0.936192$ & $-0.103762$ & $-0.0611252$ & $0.0929746$ & $0.070514$ & $0.191079$ & $-0.24332$ & $0.0279227$ & $-0.0213539$ & $-0.0255808$ & $0.0716408$ & $0.0777315$ & $0.0764912$ & $-0.0693482$ & $-0.0727553$ & $-0.0797958$ & $-0.0288569$ & $0.0939297$ & $0.0935037$ & $0.0667519$ & $-0.0263818$ & $-0.0306477$ & $0.0226239$ & $0.010499$ & $0.0411156$ & $1$ & $0.034589$ & $-0.0631739$ & $0.0340206$ & $0.0537411$ & $0.00821637$ & $-0.00745728$ & $0.00044735$ & $-0.00487236$ & $0.00824601$ & $-0.0201627$ & $0.0151378$ & $-0.0211843$ & $0.00906846$ & $0.00914707$ & $0.0472721$ & $-0.0147865$ & $0.00536247$ \\
CdH_33r & $-0.0242741$ & $-0.00795669$ & $-0.00763126$ & $-0.0882332$ & $-0.0225107$ & $-0.00599366$ & $-0.144861$ & $0.125086$ & $0.146852$ & $-0.139947$ & $-0.0659782$ & $0.0341672$ & $0.330201$ & $-0.0755545$ & $0.0193736$ & $0.0598117$ & $-0.118483$ & $-0.122844$ & $-0.150085$ & $0.0662983$ & $0.0688018$ & $0.0716445$ & $0.00128039$ & $-0.138077$ & $-0.135276$ & $-0.021602$ & $0.0372018$ & $0.024707$ & $0.0505613$ & $0.657397$ & $0.371373$ & $0.034589$ & $1$ & $0.0861114$ & $-0.0348539$ & $-0.0353684$ & $-0.187906$ & $-0.0517204$ & $-0.0372336$ & $-0.0262106$ & $-0.00334206$ & $0.00119114$ & $-0.0284591$ & $-0.0418617$ & $-0.0195796$ & $0.108195$ & $0.0552708$ & $0.187318$ & $0.411606$ \\
CLL_1221 & $-0.0131183$ & $0.0137202$ & $-0.016768$ & $0.00797296$ & $0.0402505$ & $-0.130912$ & $-0.0742982$ & $0.550628$ & $0.538567$ & $-0.360222$ & $-0.348296$ & $-0.261752$ & $0.202193$ & $-0.208111$ & $-0.592337$ & $-0.0945667$ & $-0.261344$ & $0.0395377$ & $-0.338209$ & $0.270383$ & $0.434115$ & $0.435024$ & $0.204911$ & $-0.641119$ & $-0.202041$ & $-0.257088$ & $0.688003$ & $0.13782$ & $0.0439231$ & $0.0565637$ & $0.0324016$ & $-0.0631739$ & $0.0861114$ & $1$ & $0.0151415$ & $0.0123975$ & $-0.0301328$ & $0.00714836$ & $0.00948996$ & $-0.0396188$ & $-0.00531564$ & $0.00137088$ & $-0.030561$ & $-0.0279387$ & $-0.0199335$ & $0.0556605$ & $0.0296403$ & $0.0452803$ & $-0.00838484$ \\
eHggint & $0.031865$ & $-0.00340176$ & $-0.0893806$ & $-0.0121295$ & $-0.0187286$ & $-0.039121$ & $-0.0322123$ & $0.0204291$ & $-0.000202076$ & $-0.0183286$ & $-0.0161134$ & $-0.00616229$ & $0.0343978$ & $0.00362323$ & $0.0018766$ & $-0.00454711$ & $-0.00887572$ & $-0.0116618$ & $-0.00575147$ & $0.00989913$ & $0.0168467$ & $0.0201016$ & $0.011835$ & $-0.0143666$ & $-0.0131171$ & $-0.00401991$ & $0.0206684$ & $0.0102996$ & $-0.0611634$ & $-0.0388452$ & $-0.0205304$ & $0.0340206$ & $-0.0348539$ & $0.0151415$ & $1$ & $-0.182809$ & $-0.00956484$ & $0.0293144$ & $0.0686575$ & $0.0564134$ & $0.00403202$ & $0.0333682$ & $-0.0428111$ & $-0.111054$ & $-0.0336702$ & $0.0390181$ & $-0.0583383$ & $0.0679163$ & $-0.0264093$ \\
eHggpar & $0.0106024$ & $0.105612$ & $0.0722708$ & $0.136055$ & $0.0478921$ & $0.01372$ & $0.0197298$ & $-0.0377229$ & $-0.0412636$ & $0.0169895$ & $0.0486514$ & $0.024911$ & $0.0170749$ & $-0.0304957$ & $-0.0429047$ & $-0.00432418$ & $-0.0196679$ & $0.00802579$ & $-0.020481$ & $-0.0470908$ & $-0.0449029$ & $-0.0472311$ & $0.0293425$ & $0.0088016$ & $-0.00118674$ & $0.0132687$ & $0.00844083$ & $-0.0157375$ & $-0.0194562$ & $-0.0298152$ & $-0.0212105$ & $0.0537411$ & $-0.0353684$ & $0.0123975$ & $-0.182809$ & $1$ & $0.0830807$ & $0.0540081$ & $0.194221$ & $-0.0201185$ & $0.220965$ & $-0.0576744$ & $0.0217704$ & $-0.0670038$ & $-0.0606183$ & $0.00128554$ & $0.0187384$ & $0.017242$ & $-0.0617149$ \\
eHWWint & $0.166998$ & $0.0556764$ & $-0.0576786$ & $0.143593$ & $-0.0354038$ & $0.0167747$ & $0.0250778$ & $-0.026124$ & $-0.0287112$ & $0.0382086$ & $0.00846533$ & $0.0591934$ & $-0.038459$ & $0.0187116$ & $0.0165141$ & $-0.0099277$ & $0.0349185$ & $0.0164685$ & $0.0358822$ & $-0.00897337$ & $-0.0118617$ & $-0.0130236$ & $0.014936$ & $0.0190201$ & $0.0229263$ & $-0.0171523$ & $-0.0102482$ & $0.00546778$ & $-0.00687076$ & $-0.133361$ & $-0.103732$ & $0.00821637$ & $-0.187906$ & $-0.0301328$ & $-0.00956484$ & $0.0830807$ & $1$ & $0.0597751$ & $-0.0579315$ & $0.020606$ & $-0.0280971$ & $-0.00413146$ & $0.0545549$ & $0.0145964$ & $0.067091$ & $-0.182866$ & $-0.0387306$ & $-0.00528697$ & $-0.051064$ \\
eHWWpar & $-0.0263121$ & $0.0244891$ & $-0.0174278$ & $0.00580752$ & $-0.0110961$ & $0.0226267$ & $-0.00847958$ & $0.00367907$ & $0.00129903$ & $0.0127572$ & $8.76808e-05$ & $-0.00870101$ & $0.0244787$ & $-0.00430087$ & $-0.00446323$ & $-0.0285506$ & $-0.00719633$ & $-0.00622778$ & $0.0131663$ & $-0.00154431$ & $0.00297934$ & $0.00185779$ & $0.00405652$ & $-0.0289869$ & $-0.00987049$ & $0.0176566$ & $-0.00027465$ & $0.0213305$ & $-0.00313506$ & $-0.0382095$ & $-0.00184352$ & $-0.00745728$ & $-0.0517204$ & $0.00714836$ & $0.0293144$ & $0.0540081$ & $0.0597751$ & $1$ & $0.00537312$ & $0.0138754$ & $-0.0098125$ & $0.00620585$ & $0.0213879$ & $0.015187$ & $0.0533853$ & $0.00590167$ & $0.0288305$ & $0.00296506$ & $-0.0453162$ \\
eHZZint & $-0.080854$ & $0.0555848$ & $0.0801625$ & $0.153954$ & $0.0219278$ & $-0.0153071$ & $-0.0325249$ & $0.00586566$ & $-0.00810465$ & $0.0149101$ & $-0.0273185$ & $0.00344804$ & $-0.0160421$ & $0.0387373$ & $0.00955382$ & $0.041049$ & $0.055289$ & $0.0395606$ & $0.00803724$ & $0.0275496$ & $0.0278991$ & $0.0281744$ & $0.00836129$ & $0.0385196$ & $0.0388369$ & $-0.0199525$ & $-0.00523218$ & $0.0141086$ & $0.0135285$ & $0.000316989$ & $-0.0288016$ & $0.00044735$ & $-0.0372336$ & $0.00948996$ & $0.0686575$ & $0.194221$ & $-0.0579315$ & $0.00537312$ & $1$ & $0.000493388$ & $0.118536$ & $-0.0159855$ & $-0.10499$ & $-0.00803665$ & $0.145246$ & $0.0802105$ & $-0.0103445$ & $0.154742$ & $-0.0984188$ \\
eHZZpar & $0.00669291$ & $0.0453604$ & $0.0363797$ & $0.0315332$ & $-0.0256363$ & $-0.0129473$ & $-0.0122787$ & $-0.0363182$ & $-0.0446765$ & $0.0144491$ & $0.0213968$ & $0.0199789$ & $-0.0264956$ & $0.000137581$ & $0.0198918$ & $-0.018154$ & $0.0381072$ & $0.0114416$ & $0.0380254$ & $-0.0168589$ & $-0.0213804$ & $-0.0232664$ & $-0.0372179$ & $0.0426642$ & $0.0154787$ & $0.0481343$ & $-0.0319615$ & $0.00439937$ & $0.00174366$ & $-0.0249856$ & $-0.0155144$ & $-0.00487236$ & $-0.0262106$ & $-0.0396188$ & $0.0564134$ & $-0.0201185$ & $0.020606$ & $0.0138754$ & $0.000493388$ & $1$ & $0.0268759$ & $0.0290999$ & $-0.0531502$ & $0.00752226$ & $0.0230766$ & $-0.0129821$ & $0.0305254$ & $-0.0283739$ & $-0.0154799$ \\
eHZgaint & $-0.062322$ & $-0.113601$ & $0.103744$ & $-0.020612$ & $0.0364761$ & $0.0295944$ & $-0.00380404$ & $0.0215074$ & $0.0168661$ & $-0.0412458$ & $-0.022743$ & $-0.0273828$ & $0.00618087$ & $-0.00424281$ & $0.024332$ & $0.0379544$ & $0.013015$ & $-0.00841728$ & $-0.0192998$ & $0.0270565$ & $0.0180985$ & $0.0127339$ & $-0.00749699$ & $0.00868294$ & $-0.00459985$ & $0.00333727$ & $-0.0123149$ & $0.0386043$ & $-0.00119097$ & $0.00409959$ & $0.00921081$ & $0.00824601$ & $-0.00334206$ & $-0.00531564$ & $0.00403202$ & $0.220965$ & $-0.0280971$ & $-0.0098125$ & $0.118536$ & $0.0268759$ & $1$ & $-0.0421187$ & $-0.0292114$ & $0.0091886$ & $-0.022475$ & $-0.038093$ & $-0.0505537$ & $-0.0318088$ & $0.00694976$ \\
eHZgapar & $-0.000660845$ & $0.0117575$ & $0.0515157$ & $-0.0418637$ & $-0.0152052$ & $0.013218$ & $-0.0247784$ & $0.00722738$ & $-0.00387907$ & $-0.0124608$ & $0.0060469$ & $-0.0206115$ & $0.0221074$ & $-0.0171851$ & $0.00232867$ & $-0.00951959$ & $-0.0316256$ & $-0.0280048$ & $-0.0173765$ & $-0.00828944$ & $-0.00437819$ & $-0.00249929$ & $-0.00579234$ & $-0.0273477$ & $-0.0102883$ & $0.0088734$ & $0.0173525$ & $0.00118771$ & $-0.0473377$ & $0.00965521$ & $0.0135124$ & $-0.0201627$ & $0.00119114$ & $0.00137088$ & $0.0333682$ & $-0.0576744$ & $-0.00413146$ & $0.00620585$ & $-0.0159855$ & $0.0290999$ & $-0.0421187$ & $1$ & $-0.0311893$ & $0.0149011$ & $0.087651$ & $0.00295765$ & $-0.0560707$ & $-0.0250784$ & $0.0178807$ \\
eHgagaint & $0.0201658$ & $-0.109755$ & $-0.0535988$ & $-0.0383232$ & $-0.00571045$ & $0.0145229$ & $0.0272228$ & $-0.00820335$ & $0.0592539$ & $-0.0159302$ & $0.0253909$ & $-0.0184703$ & $0.0178396$ & $-0.0130928$ & $0.00245238$ & $-0.00395419$ & $-0.0605965$ & $-0.0328886$ & $-0.0332635$ & $-0.0231894$ & $-0.0309249$ & $-0.0388717$ & $-0.00421437$ & $-0.0332054$ & $-0.0398881$ & $0.0267572$ & $-0.0312852$ & $0.0095601$ & $0.0158915$ & $-0.00176736$ & $0.0319092$ & $0.0151378$ & $-0.0284591$ & $-0.030561$ & $-0.0428111$ & $0.0217704$ & $0.0545549$ & $0.0213879$ & $-0.10499$ & $-0.0531502$ & $-0.0292114$ & $-0.0311893$ & $1$ & $-0.0756479$ & $0.0546024$ & $-0.0284768$ & $0.0862797$ & $-0.227087$ & $0.0290169$ \\
eHmumuint & $0.115952$ & $-0.020411$ & $0.109672$ & $-0.0962995$ & $-0.0171202$ & $-0.0205372$ & $-0.0091617$ & $-0.0080043$ & $-0.0144049$ & $0.00152401$ & $0.00147662$ & $-0.0154931$ & $-0.0146208$ & $0.00172525$ & $0.0250683$ & $-0.0119631$ & $0.0152365$ & $-0.00697$ & $0.0208318$ & $-0.00018347$ & $-0.00415476$ & $-0.000870859$ & $-0.0440306$ & $0.00650087$ & $-0.0189978$ & $0.0260294$ & $-0.0347829$ & $0.0271221$ & $-0.0233189$ & $-0.00325272$ & $-0.0237515$ & $-0.0211843$ & $-0.0418617$ & $-0.0279387$ & $-0.111054$ & $-0.0670038$ & $0.0145964$ & $0.015187$ & $-0.00803665$ & $0.00752226$ & $0.0091886$ & $0.0149011$ & $-0.0756479$ & $1$ & $0.0972572$ & $-0.118048$ & $-0.063238$ & $0.00392333$ & $-0.0543217$ \\
eHtautauint & $-0.014081$ & $-0.0167681$ & $0.0143537$ & $0.083691$ & $0.000717817$ & $-0.0141007$ & $0.017759$ & $0.000431106$ & $0.00120009$ & $0.0103271$ & $-0.0136076$ & $0.019819$ & $-0.0377348$ & $0.0106884$ & $0.0306639$ & $-0.01035$ & $0.0404221$ & $0.00256958$ & $0.0337301$ & $0.0133722$ & $0.0142602$ & $0.0152792$ & $0.0156605$ & $0.0038026$ & $0.0481391$ & $-0.0129494$ & $0.0221343$ & $-0.0211137$ & $-0.0433225$ & $0.0473421$ & $-0.00163518$ & $0.00906846$ & $-0.0195796$ & $-0.0199335$ & $-0.0336702$ & $-0.0606183$ & $0.067091$ & $0.0533853$ & $0.145246$ & $0.0230766$ & $-0.022475$ & $0.087651$ & $0.0546024$ & $0.0972572$ & $1$ & $0.0753049$ & $0.110866$ & $-0.112837$ & $0.0905907$ \\
eHccint & $-0.119578$ & $0.145635$ & $0.0449067$ & $-0.012003$ & $-0.0215938$ & $0.0285536$ & $-0.0108795$ & $0.00793686$ & $0.00679018$ & $0.0036719$ & $0.0053447$ & $-0.00905131$ & $0.0276702$ & $-0.0173621$ & $-0.0550408$ & $-0.0347788$ & $-0.0283252$ & $0.00697566$ & $-0.00683839$ & $-0.00583116$ & $0.00650412$ & $7.68723e-05$ & $0.0160092$ & $-0.0350125$ & $-0.00441194$ & $-0.00403282$ & $0.0328914$ & $0.00386974$ & $0.0335857$ & $0.0630641$ & $0.0716983$ & $0.00914707$ & $0.108195$ & $0.0556605$ & $0.0390181$ & $0.00128554$ & $-0.182866$ & $0.00590167$ & $0.0802105$ & $-0.0129821$ & $-0.038093$ & $0.00295765$ & $-0.0284768$ & $-0.118048$ & $0.0753049$ & $1$ & $0.0655305$ & $0.141974$ & $0.10885$ \\
eHccpar & $-0.0744722$ & $-0.148809$ & $-0.125047$ & $0.0340491$ & $-0.00685115$ & $0.00458798$ & $0.0363838$ & $0.0254987$ & $0.0331417$ & $0.0171454$ & $-0.0107355$ & $0.00872322$ & $0.0213961$ & $0.00460777$ & $-0.0379015$ & $-0.0338007$ & $-0.0414118$ & $-0.00205068$ & $-0.00481802$ & $0.00439994$ & $0.0123426$ & $0.0107166$ & $0.0189188$ & $-0.0308029$ & $0.0132035$ & $0.00272196$ & $0.0592816$ & $0.018714$ & $0.024201$ & $0.00963931$ & $0.334856$ & $0.0472721$ & $0.0552708$ & $0.0296403$ & $-0.0583383$ & $0.0187384$ & $-0.0387306$ & $0.0288305$ & $-0.0103445$ & $0.0305254$ & $-0.0505537$ & $-0.0560707$ & $0.0862797$ & $-0.063238$ & $0.110866$ & $0.0655305$ & $1$ & $0.158981$ & $0.018404$ \\
eHbbint & $0.0541878$ & $-0.136901$ & $0.0278467$ & $-0.12706$ & $0.0128384$ & $-0.0222524$ & $-0.0290842$ & $0.042469$ & $0.0265487$ & $-0.0201624$ & $-0.030666$ & $-0.0196968$ & $0.0333633$ & $0.00557657$ & $-0.0234327$ & $0.00696016$ & $-0.0206227$ & $-0.00143029$ & $-0.0242947$ & $0.0215618$ & $0.0301946$ & $0.0311552$ & $0.0450825$ & $-0.0390667$ & $-0.022476$ & $-0.0576909$ & $0.0280381$ & $-0.0164448$ & $-0.0227466$ & $0.0271308$ & $0.0622053$ & $-0.0147865$ & $0.187318$ & $0.0452803$ & $0.0679163$ & $0.017242$ & $-0.00528697$ & $0.00296506$ & $0.154742$ & $-0.0283739$ & $-0.0318088$ & $-0.0250784$ & $-0.227087$ & $0.00392333$ & $-0.112837$ & $0.141974$ & $0.158981$ & $1$ & $0.0238555$ \\
eHbbpar & $-0.00739201$ & $0.0671451$ & $-0.0231275$ & $-0.00910981$ & $0.00822887$ & $0.00139215$ & $0.00674938$ & $-0.0268918$ & $-0.0275901$ & $-0.00207936$ & $0.0301602$ & $-0.00246295$ & $-0.00121389$ & $-0.0206182$ & $-0.00882607$ & $0.0127377$ & $-0.00869834$ & $-1.79179e-05$ & $-0.018572$ & $-0.0247264$ & $-0.029246$ & $-0.0307781$ & $0.00904279$ & $-0.010189$ & $0.0057989$ & $0.0285324$ & $-0.00719793$ & $-0.0214949$ & $0.012077$ & $0.016629$ & $0.0395609$ & $0.00536247$ & $0.411606$ & $-0.00838484$ & $-0.0264093$ & $-0.0617149$ & $-0.051064$ & $-0.0453162$ & $-0.0984188$ & $-0.0154799$ & $0.00694976$ & $0.0178807$ & $0.0290169$ & $-0.0543217$ & $0.0905907$ & $0.10885$ & $0.018404$ & $0.0238555$ & $1$ \\
