 & AlsMz & dAle5Mz & mtop & mHl & Mz & CW & CHG & CHWB & CHWHB_gaga & CHWHB_gagaorth & CHD & CHbox & CH & CHL1_11 & CHL1_22 & CHL1_33 & CHL3_11 & CHL3_22 & CHL3_33 & CHe_11 & CHe_22 & CHe_33 & CHQ1_11 & CHQ1_33 & CHQ3_11 & CHu_11 & CHd_11 & CHd_33 & CeH_22r & CeH_33r & CuH_22r & CuH_33r & CdH_33r & CLL_1221 & eHggint & eHggpar & eHWWint & eHWWpar & eHZZint & eHZZpar & eHZgaint & eHZgapar & eHgagaint & eHmumuint & eHtautauint & eHccint & eHccpar & eHbbint & eHbbpar \\
AlsMz & $1$ & $0.0460066$ & $-0.208369$ & $0$ & $0.339742$ & $0.216247$ & $0.0276734$ & $-0.302605$ & $-0.274688$ & $0.110152$ & $0.331372$ & $-0.0140036$ & $-0.0640844$ & $-0.238896$ & $-0.0946529$ & $-0.272494$ & $-0.0625444$ & $-0.0675399$ & $0.0577273$ & $-0.334399$ & $-0.313357$ & $-0.273851$ & $-0.0143986$ & $0.0396707$ & $0.0977631$ & $0.177247$ & $0.417517$ & $-0.227404$ & $0.0312496$ & $-0.127737$ & $-0.0572388$ & $-0.243497$ & $-0.153905$ & $-0.0666985$ & $0.0738475$ & $0.350522$ & $0.100802$ & $0.58048$ & $-0.332258$ & $-0.263544$ & $0.0166701$ & $0.0788823$ & $0.19192$ & $-0.310937$ & $0.338288$ & $0.414043$ & $-0.482198$ & $0.0304548$ & $-0.508473$ \\
dAle5Mz & $0.0460066$ & $1$ & $-0.29325$ & $0$ & $-0.247386$ & $0.125686$ & $-0.00738517$ & $0.219761$ & $0.21935$ & $0.0175702$ & $-0.209064$ & $0.11008$ & $0.0190702$ & $0.142539$ & $-0.0503201$ & $0.005089$ & $0.0052084$ & $0.0743497$ & $0.0180523$ & $0.192919$ & $0.219253$ & $0.184392$ & $-0.0404338$ & $-0.115913$ & $-0.0675486$ & $-0.106266$ & $-0.0699244$ & $0.0555036$ & $0.000978321$ & $0.0862416$ & $0.024429$ & $0.313224$ & $0.0878925$ & $0.135807$ & $0.27247$ & $-0.407573$ & $-0.0374343$ & $-0.362111$ & $0.0459497$ & $0.0985109$ & $0.143213$ & $-0.329271$ & $0.304186$ & $0.322846$ & $0.141277$ & $0.34644$ & $-0.256608$ & $-0.205552$ & $-0.101666$ \\
mtop & $-0.208369$ & $-0.29325$ & $1$ & $0$ & $-0.094634$ & $-0.0786459$ & $0.0238483$ & $-0.0553085$ & $-0.066546$ & $0.379095$ & $-0.0681061$ & $0.178052$ & $0.148498$ & $0.143376$ & $0.0687435$ & $0.127811$ & $0.197391$ & $0.141219$ & $0.113807$ & $0.0771574$ & $0.0527908$ & $0.0159564$ & $0.0733775$ & $0.171455$ & $0.201054$ & $-0.0184027$ & $-0.001517$ & $0.0725985$ & $-0.0176932$ & $-0.0749381$ & $-0.0747312$ & $-0.00201417$ & $-0.0905439$ & $-0.0691587$ & $-0.301866$ & $0.339991$ & $-0.120638$ & $0.275439$ & $0.0132796$ & $0.152965$ & $-0.0173986$ & $0.0990855$ & $0.0688909$ & $0.229408$ & $-0.331785$ & $-0.0352238$ & $0.202593$ & $-0.105294$ & $0.412131$ \\
mHl & $0$ & $0$ & $0$ & $1$ & $0$ & $0$ & $0$ & $0$ & $0$ & $0$ & $0$ & $0$ & $0$ & $0$ & $0$ & $0$ & $0$ & $0$ & $0$ & $0$ & $0$ & $0$ & $0$ & $0$ & $0$ & $0$ & $0$ & $0$ & $0$ & $0$ & $0$ & $0$ & $0$ & $0$ & $0$ & $0$ & $0$ & $0$ & $0$ & $0$ & $0$ & $0$ & $0$ & $0$ & $0$ & $0$ & $0$ & $0$ & $0$ \\
Mz & $0.339742$ & $-0.247386$ & $-0.094634$ & $0$ & $1$ & $-0.121108$ & $-0.0757011$ & $-0.195673$ & $-0.178677$ & $-0.107417$ & $0.0842208$ & $-0.162739$ & $0.0158539$ & $-0.00702595$ & $-0.136194$ & $0.0239218$ & $0.226117$ & $0.243459$ & $0.137313$ & $-0.0743866$ & $-0.0689353$ & $-0.0440521$ & $0.286132$ & $0.127609$ & $0.234527$ & $-0.1335$ & $0.170507$ & $-0.129617$ & $0.00762696$ & $0.103875$ & $0.0572758$ & $-0.317115$ & $0.114515$ & $0.0570454$ & $-0.103474$ & $0.223124$ & $0.245863$ & $0.352304$ & $-0.0315795$ & $-0.135838$ & $-0.259263$ & $-0.107436$ & $-0.0706592$ & $-0.0761438$ & $0.238241$ & $0.0751657$ & $-0.0303056$ & $0.143136$ & $-0.220094$ \\
CW & $0.216247$ & $0.125686$ & $-0.0786459$ & $0$ & $-0.121108$ & $1$ & $0.0829351$ & $-0.216441$ & $-0.206648$ & $0.11991$ & $0.352004$ & $0.0932915$ & $0.0742093$ & $-0.115954$ & $-0.135292$ & $-0.260548$ & $-0.440078$ & $-0.182402$ & $-0.1321$ & $-0.354401$ & $-0.34459$ & $-0.334077$ & $-0.0429794$ & $-0.0619937$ & $-0.209625$ & $0.155057$ & $-0.031$ & $-0.0903229$ & $0.01493$ & $-0.185285$ & $-0.117862$ & $-0.00510389$ & $-0.211809$ & $-0.109991$ & $0.170771$ & $0.147213$ & $0.0448019$ & $0.0761077$ & $-0.00732041$ & $-0.126046$ & $-0.0562409$ & $0.282511$ & $-0.121795$ & $-0.19596$ & $0.0852202$ & $-0.0300658$ & $-0.0613416$ & $0.305491$ & $-0.0171481$ \\
CHG & $0.0276734$ & $-0.00738517$ & $0.0238483$ & $0$ & $-0.0757011$ & $0.0829351$ & $1$ & $-0.0320225$ & $0.0370696$ & $0.0982118$ & $0.0963386$ & $0.0447067$ & $0.00109432$ & $-0.101643$ & $-0.0711394$ & $0.0448798$ & $-0.116728$ & $-0.0565498$ & $-0.154885$ & $-0.10259$ & $-0.0946053$ & $-0.0898755$ & $-0.128114$ & $-0.0547998$ & $-0.108282$ & $0.132934$ & $-0.0527604$ & $0.0235155$ & $0.0397404$ & $-0.411372$ & $-0.283583$ & $0.154441$ & $-0.552453$ & $0.0400665$ & $0.114753$ & $-0.0331196$ & $-0.135492$ & $-0.0260616$ & $-0.0308622$ & $-0.0679725$ & $0.0425704$ & $0.121266$ & $-0.0287742$ & $0.018241$ & $-0.0275613$ & $-0.0328432$ & $0.067168$ & $0.0155742$ & $0.0677723$ \\
CHWB & $-0.302605$ & $0.219761$ & $-0.0553085$ & $0$ & $-0.195673$ & $-0.216441$ & $-0.0320225$ & $1$ & $0.944443$ & $-0.454464$ & $-0.852029$ & $-0.417237$ & $0.418451$ & $0.308511$ & $0.0717319$ & $0.428105$ & $-0.00467896$ & $-0.0154281$ & $-0.267468$ & $0.815832$ & $0.863411$ & $0.828424$ & $0.0142482$ & $-0.496087$ & $-0.315954$ & $-0.414414$ & $0.12708$ & $0.118948$ & $-0.0127041$ & $0.137598$ & $0.130296$ & $0.163532$ & $0.170731$ & $0.472596$ & $-0.122672$ & $-0.306992$ & $0.143587$ & $-0.158219$ & $-0.219461$ & $0.566281$ & $-0.206696$ & $-0.194784$ & $0.342959$ & $0.21574$ & $-0.520924$ & $-0.13356$ & $0.357453$ & $-0.464579$ & $-0.0661349$ \\
CHWHB_gaga & $-0.274688$ & $0.21935$ & $-0.066546$ & $0$ & $-0.178677$ & $-0.206648$ & $0.0370696$ & $0.944443$ & $1$ & $-0.43848$ & $-0.810105$ & $-0.388757$ & $0.386747$ & $0.301411$ & $0.0877189$ & $0.407866$ & $0.00122935$ & $-0.0214917$ & $-0.244362$ & $0.775924$ & $0.818025$ & $0.784475$ & $0.0334813$ & $-0.463367$ & $-0.283811$ & $-0.410711$ & $0.125128$ & $0.12128$ & $-0.00336281$ & $0.154572$ & $0.143068$ & $0.148776$ & $0.189068$ & $0.428905$ & $-0.113589$ & $-0.296842$ & $0.137745$ & $-0.15022$ & $-0.214706$ & $0.529736$ & $-0.191945$ & $-0.201925$ & $0.326056$ & $0.203054$ & $-0.486649$ & $-0.117002$ & $0.306879$ & $-0.447045$ & $-0.0757246$ \\
CHWHB_gagaorth & $0.110152$ & $0.0175702$ & $0.379095$ & $0$ & $-0.107417$ & $0.11991$ & $0.0982118$ & $-0.454464$ & $-0.43848$ & $1$ & $0.299198$ & $0.648125$ & $-0.276154$ & $0.0131497$ & $0.101063$ & $-0.0433444$ & $0.138243$ & $0.0563018$ & $0.172084$ & $-0.288197$ & $-0.330234$ & $-0.358432$ & $-0.228453$ & $0.410224$ & $0.304553$ & $0.334533$ & $-0.060941$ & $0.0976817$ & $-0.00669601$ & $-0.273178$ & $-0.153382$ & $0.0281199$ & $-0.367579$ & $-0.312717$ & $-0.117324$ & $0.32664$ & $-0.381155$ & $0.159088$ & $0.21391$ & $-0.223996$ & $0.314229$ & $0.00124631$ & $0.242608$ & $0.293$ & $0.0901163$ & $0.417564$ & $-0.366627$ & $-0.0907386$ & $0.469244$ \\
CHD & $0.331372$ & $-0.209064$ & $-0.0681061$ & $0$ & $0.0842208$ & $0.352004$ & $0.0963386$ & $-0.852029$ & $-0.810105$ & $0.299198$ & $1$ & $0.316852$ & $-0.226105$ & $-0.654132$ & $-0.190204$ & $-0.479477$ & $-0.447852$ & $-0.335622$ & $-0.177028$ & $-0.983299$ & $-0.98752$ & $-0.927163$ & $-0.235127$ & $0.107598$ & $-0.188769$ & $0.601847$ & $-0.185079$ & $-0.248042$ & $0.0147535$ & $-0.242017$ & $-0.167081$ & $-0.0932535$ & $-0.294519$ & $-0.312263$ & $0.249983$ & $0.277556$ & $-0.0824443$ & $0.132222$ & $0.0951969$ & $-0.596389$ & $0.199145$ & $0.484879$ & $-0.441594$ & $-0.449302$ & $0.405872$ & $-0.0512269$ & $-0.167337$ & $0.566366$ & $-0.0422085$ \\
CHbox & $-0.0140036$ & $0.11008$ & $0.178052$ & $0$ & $-0.162739$ & $0.0932915$ & $0.0447067$ & $-0.417237$ & $-0.388757$ & $0.648125$ & $0.316852$ & $1$ & $-0.560559$ & $-0.0316707$ & $0.361297$ & $-0.198448$ & $-0.024876$ & $-0.235056$ & $0.213862$ & $-0.273575$ & $-0.363875$ & $-0.370786$ & $0.118936$ & $0.347874$ & $0.112066$ & $0.0218178$ & $-0.422512$ & $-0.0332366$ & $0.00439332$ & $-0.100539$ & $-0.070709$ & $0.100265$ & $-0.140881$ & $-0.559265$ & $0.0566022$ & $0.0246681$ & $-0.0895579$ & $-0.018906$ & $0.570973$ & $-0.0318951$ & $0.565201$ & $-0.167584$ & $0.319112$ & $0.372222$ & $0.380935$ & $0.187613$ & $-0.476308$ & $0.0642938$ & $0.441209$ \\
CH & $-0.0640844$ & $0.0190702$ & $0.148498$ & $0$ & $0.0158539$ & $0.0742093$ & $0.00109432$ & $0.418451$ & $0.386747$ & $-0.276154$ & $-0.226105$ & $-0.560559$ & $1$ & $-0.0193647$ & $-0.384868$ & $-0.0297853$ & $-0.191716$ & $0.089672$ & $-0.236684$ & $0.169682$ & $0.283868$ & $0.270202$ & $-0.251759$ & $-0.4611$ & $-0.278852$ & $0.0892782$ & $0.363587$ & $0.113582$ & $-0.00490404$ & $-0.0085655$ & $0.00161526$ & $0.0506339$ & $0.0184347$ & $0.527514$ & $-0.0843428$ & $0.0877955$ & $0.0286251$ & $0.11627$ & $-0.561482$ & $0.146528$ & $-0.292536$ & $0.376025$ & $-0.0954034$ & $-0.290054$ & $-0.632348$ & $-0.0360525$ & $0.524312$ & $-0.146901$ & $-0.212919$ \\
CHL1_11 & $-0.238896$ & $0.142539$ & $0.143376$ & $0$ & $-0.00702595$ & $-0.115954$ & $-0.101643$ & $0.308511$ & $0.301411$ & $0.0131497$ & $-0.654132$ & $-0.0316707$ & $-0.0193647$ & $1$ & $0.16777$ & $0.232809$ & $0.407049$ & $0.540564$ & $0.55223$ & $0.655286$ & $0.624738$ & $0.552218$ & $0.337677$ & $0.319534$ & $0.561626$ & $-0.495372$ & $0.115503$ & $0.253032$ & $-0.00178858$ & $0.209911$ & $0.1011$ & $-0.00862977$ & $0.257434$ & $-0.0858436$ & $-0.227834$ & $-0.116191$ & $0.00461822$ & $-0.0683649$ & $0.0558102$ & $0.337133$ & $-0.0668151$ & $-0.486829$ & $0.306135$ & $0.44807$ & $-0.0730145$ & $0.207552$ & $-0.113783$ & $-0.35432$ & $0.159494$ \\
CHL1_22 & $-0.0946529$ & $-0.0503201$ & $0.0687435$ & $0$ & $-0.136194$ & $-0.135292$ & $-0.0711394$ & $0.0717319$ & $0.0877189$ & $0.101063$ & $-0.190204$ & $0.361297$ & $-0.384868$ & $0.16777$ & $1$ & $0.150235$ & $0.127997$ & $-0.544553$ & $0.19492$ & $0.267926$ & $0.0927021$ & $0.075521$ & $0.298081$ & $0.278937$ & $0.164649$ & $-0.251001$ & $-0.342626$ & $-0.0274514$ & $-0.00762438$ & $0.0281959$ & $0.0823147$ & $-0.381701$ & $0.0284456$ & $-0.795473$ & $-0.383069$ & $0.0880428$ & $0.41663$ & $0.187655$ & $0.40786$ & $0.464297$ & $0.313178$ & $-0.139452$ & $0.460562$ & $0.187132$ & $-0.104206$ & $-0.255006$ & $-0.23623$ & $-0.0948398$ & $0.0953919$ \\
CHL1_33 & $-0.272494$ & $0.005089$ & $0.127811$ & $0$ & $0.0239218$ & $-0.260548$ & $0.0448798$ & $0.428105$ & $0.407866$ & $-0.0433444$ & $-0.479477$ & $-0.198448$ & $-0.0297853$ & $0.232809$ & $0.150235$ & $1$ & $0.198871$ & $0.136579$ & $-0.378264$ & $0.504375$ & $0.428154$ & $0.473972$ & $-0.078102$ & $0.0281361$ & $0.0623627$ & $-0.113865$ & $-0.122958$ & $0.10849$ & $-0.0318291$ & $-0.0150222$ & $0.000343528$ & $0.00379208$ & $-0.0367055$ & $0.162027$ & $-0.281206$ & $-0.131146$ & $-0.0440162$ & $-0.0809637$ & $0.0382844$ & $0.190466$ & $-0.226297$ & $-0.129072$ & $0.174896$ & $0.371119$ & $-0.340731$ & $-0.204744$ & $0.305005$ & $-0.204002$ & $0.233558$ \\
CHL3_11 & $-0.0625444$ & $0.0052084$ & $0.197391$ & $0$ & $0.226117$ & $-0.440078$ & $-0.116728$ & $-0.00467896$ & $0.00122935$ & $0.138243$ & $-0.447852$ & $-0.024876$ & $-0.191716$ & $0.407049$ & $0.127997$ & $0.198871$ & $1$ & $0.641432$ & $0.661555$ & $0.451267$ & $0.437427$ & $0.3989$ & $0.329582$ & $0.482527$ & $0.783599$ & $-0.390882$ & $0.232168$ & $0.270059$ & $-0.0160212$ & $0.231483$ & $0.112757$ & $-0.046996$ & $0.279171$ & $0.0565641$ & $-0.220346$ & $-0.0178187$ & $-0.155538$ & $0.0162865$ & $0.092081$ & $0.124735$ & $-0.0973197$ & $-0.564901$ & $0.212533$ & $0.419192$ & $0.0478277$ & $0.342685$ & $-0.210016$ & $-0.331174$ & $0.121913$ \\
CHL3_22 & $-0.0675399$ & $0.0743497$ & $0.141219$ & $0$ & $0.243459$ & $-0.182402$ & $-0.0565498$ & $-0.0154281$ & $-0.0214917$ & $0.0563018$ & $-0.335622$ & $-0.235056$ & $0.089672$ & $0.540564$ & $-0.544553$ & $0.136579$ & $0.641432$ & $1$ & $0.482734$ & $0.307069$ & $0.374673$ & $0.340353$ & $0.132829$ & $0.294154$ & $0.621778$ & $-0.227818$ & $0.379804$ & $0.266933$ & $-0.00336235$ & $0.181843$ & $0.0309837$ & $0.216724$ & $0.220292$ & $0.482993$ & $0.0385857$ & $-0.103412$ & $-0.385594$ & $-0.14777$ & $-0.166076$ & $-0.157065$ & $-0.294302$ & $-0.419418$ & $-0.101329$ & $0.310416$ & $0.115965$ & $0.449275$ & $-0.0203645$ & $-0.217742$ & $0.101083$ \\
CHL3_33 & $0.0577273$ & $0.0180523$ & $0.113807$ & $0$ & $0.137313$ & $-0.1321$ & $-0.154885$ & $-0.267468$ & $-0.244362$ & $0.172084$ & $-0.177028$ & $0.213862$ & $-0.236684$ & $0.55223$ & $0.19492$ & $-0.378264$ & $0.661555$ & $0.482734$ & $1$ & $0.197435$ & $0.172592$ & $0.145$ & $0.477032$ & $0.539726$ & $0.771853$ & $-0.395591$ & $0.191554$ & $0.193363$ & $0.009661$ & $0.225742$ & $0.100922$ & $-0.120435$ & $0.285936$ & $-0.311676$ & $-0.102271$ & $0.0698323$ & $-0.0049296$ & $0.0823342$ & $0.170305$ & $0.110069$ & $0.112236$ & $-0.4934$ & $0.184659$ & $0.235182$ & $0.28032$ & $0.40398$ & $-0.450649$ & $-0.183334$ & $0.01787$ \\
CHe_11 & $-0.334399$ & $0.192919$ & $0.0771574$ & $0$ & $-0.0743866$ & $-0.354401$ & $-0.10259$ & $0.815832$ & $0.775924$ & $-0.288197$ & $-0.983299$ & $-0.273575$ & $0.169682$ & $0.655286$ & $0.267926$ & $0.504375$ & $0.451267$ & $0.307069$ & $0.197435$ & $1$ & $0.964204$ & $0.903816$ & $0.273109$ & $-0.0495205$ & $0.22507$ & $-0.616717$ & $0.139412$ & $0.231721$ & $-0.0157475$ & $0.235446$ & $0.167083$ & $0.053162$ & $0.284403$ & $0.221804$ & $-0.279856$ & $-0.266534$ & $0.120332$ & $-0.118539$ & $-0.0420729$ & $0.614839$ & $-0.17813$ & $-0.491879$ & $0.459641$ & $0.46783$ & $-0.388543$ & $0.0206298$ & $0.146004$ & $-0.543626$ & $0.0545096$ \\
CHe_22 & $-0.313357$ & $0.219253$ & $0.0527908$ & $0$ & $-0.0689353$ & $-0.34459$ & $-0.0946053$ & $0.863411$ & $0.818025$ & $-0.330234$ & $-0.98752$ & $-0.363875$ & $0.283868$ & $0.624738$ & $0.0927021$ & $0.428154$ & $0.437427$ & $0.374673$ & $0.172592$ & $0.964204$ & $1$ & $0.931247$ & $0.214417$ & $-0.158638$ & $0.15776$ & $-0.59108$ & $0.233775$ & $0.246836$ & $-0.0157926$ & $0.247164$ & $0.168846$ & $0.12968$ & $0.304848$ & $0.403605$ & $-0.205802$ & $-0.285983$ & $0.0546537$ & $-0.147584$ & $-0.146454$ & $0.565486$ & $-0.229328$ & $-0.474266$ & $0.401422$ & $0.416197$ & $-0.400863$ & $0.0817776$ & $0.187987$ & $-0.568788$ & $0.0101959$ \\
CHe_33 & $-0.273851$ & $0.184392$ & $0.0159564$ & $0$ & $-0.0440521$ & $-0.334077$ & $-0.0898755$ & $0.828424$ & $0.784475$ & $-0.358432$ & $-0.927163$ & $-0.370786$ & $0.270202$ & $0.552218$ & $0.075521$ & $0.473972$ & $0.3989$ & $0.340353$ & $0.145$ & $0.903816$ & $0.931247$ & $1$ & $0.220878$ & $-0.190341$ & $0.123001$ & $-0.57532$ & $0.206999$ & $0.248474$ & $-0.0172435$ & $0.225813$ & $0.149192$ & $0.110209$ & $0.282841$ & $0.40906$ & $-0.186702$ & $-0.28031$ & $0.0681994$ & $-0.131846$ & $-0.129817$ & $0.527855$ & $-0.246041$ & $-0.452092$ & $0.381709$ & $0.376893$ & $-0.386121$ & $0.0626062$ & $0.203256$ & $-0.528931$ & $-0.0136009$ \\
CHQ1_11 & $-0.0143986$ & $-0.0404338$ & $0.0733775$ & $0$ & $0.286132$ & $-0.0429794$ & $-0.128114$ & $0.0142482$ & $0.0334813$ & $-0.228453$ & $-0.235127$ & $0.118936$ & $-0.251759$ & $0.337677$ & $0.298081$ & $-0.078102$ & $0.329582$ & $0.132829$ & $0.477032$ & $0.273109$ & $0.214417$ & $0.220878$ & $1$ & $0.214398$ & $0.305776$ & $-0.809311$ & $-0.0631291$ & $-0.0265046$ & $-0.000372785$ & $0.219498$ & $0.116389$ & $-0.231656$ & $0.288633$ & $-0.253816$ & $-0.0986422$ & $0.0813738$ & $0.330884$ & $0.00834192$ & $0.297099$ & $0.305726$ & $-0.0919327$ & $-0.374429$ & $0.0255561$ & $0.174857$ & $0.248198$ & $-0.126779$ & $-0.236981$ & $0.219259$ & $0.0356382$ \\
CHQ1_33 & $0.0396707$ & $-0.115913$ & $0.171455$ & $0$ & $0.127609$ & $-0.0619937$ & $-0.0547998$ & $-0.496087$ & $-0.463367$ & $0.410224$ & $0.107598$ & $0.347874$ & $-0.4611$ & $0.319534$ & $0.278937$ & $0.0281361$ & $0.482527$ & $0.294154$ & $0.539726$ & $-0.0495205$ & $-0.158638$ & $-0.190341$ & $0.214398$ & $1$ & $0.596439$ & $-0.0810642$ & $-0.040869$ & $0.174634$ & $0.0068536$ & $0.0297395$ & $-0.0186904$ & $-0.186889$ & $0.0266282$ & $-0.487266$ & $-0.192367$ & $0.122965$ & $-0.105611$ & $0.101052$ & $0.294318$ & $-0.0993334$ & $0.118715$ & $-0.244017$ & $0.0813896$ & $0.251593$ & $0.280648$ & $0.212535$ & $-0.346515$ & $0.0214409$ & $0.218533$ \\
CHQ3_11 & $0.0977631$ & $-0.0675486$ & $0.201054$ & $0$ & $0.234527$ & $-0.209625$ & $-0.108282$ & $-0.315954$ & $-0.283811$ & $0.304553$ & $-0.188769$ & $0.112066$ & $-0.278852$ & $0.561626$ & $0.164649$ & $0.0623627$ & $0.783599$ & $0.621778$ & $0.771853$ & $0.22507$ & $0.15776$ & $0.123001$ & $0.305776$ & $0.596439$ & $1$ & $-0.26419$ & $0.322403$ & $0.213647$ & $0.00158813$ & $0.155205$ & $0.0644427$ & $-0.219606$ & $0.175849$ & $-0.262592$ & $-0.273147$ & $0.170404$ & $-0.087626$ & $0.188306$ & $0.0686453$ & $0.0136049$ & $-0.028489$ & $-0.448928$ & $0.184712$ & $0.290927$ & $0.185168$ & $0.393323$ & $-0.380001$ & $-0.198466$ & $0.0688429$ \\
CHu_11 & $0.177247$ & $-0.106266$ & $-0.0184027$ & $0$ & $-0.1335$ & $0.155057$ & $0.132934$ & $-0.414414$ & $-0.410711$ & $0.334533$ & $0.601847$ & $0.0218178$ & $0.0892782$ & $-0.495372$ & $-0.251001$ & $-0.113865$ & $-0.390882$ & $-0.227818$ & $-0.395591$ & $-0.616717$ & $-0.59108$ & $-0.57532$ & $-0.809311$ & $-0.0810642$ & $-0.26419$ & $1$ & $0.0139886$ & $-0.0520766$ & $-0.00470634$ & $-0.283338$ & $-0.191319$ & $0.0782487$ & $-0.364971$ & $-0.00965228$ & $0.114074$ & $0.125249$ & $-0.269005$ & $0.127466$ & $-0.210496$ & $-0.49708$ & $0.1076$ & $0.50032$ & $-0.210358$ & $-0.331254$ & $-0.0443888$ & $0.0699054$ & $0.0971788$ & $0.0527857$ & $-0.0674888$ \\
CHd_11 & $0.417517$ & $-0.0699244$ & $-0.001517$ & $0$ & $0.170507$ & $-0.031$ & $-0.0527604$ & $0.12708$ & $0.125128$ & $-0.060941$ & $-0.185079$ & $-0.422512$ & $0.363587$ & $0.115503$ & $-0.342626$ & $-0.122958$ & $0.232168$ & $0.379804$ & $0.191554$ & $0.139412$ & $0.233775$ & $0.206999$ & $-0.0631291$ & $-0.040869$ & $0.322403$ & $0.0139886$ & $1$ & $0.0287283$ & $0.0219394$ & $0.0500299$ & $0.0364814$ & $-0.154496$ & $0.0454226$ & $0.389591$ & $-0.141681$ & $0.26856$ & $-0.0248092$ & $0.379244$ & $-0.638746$ & $0.0181747$ & $-0.377706$ & $-0.0370209$ & $0.0887879$ & $-0.246698$ & $-0.12327$ & $0.410372$ & $-0.0837006$ & $-0.317859$ & $-0.456641$ \\
CHd_33 & $-0.227404$ & $0.0555036$ & $0.0725985$ & $0$ & $-0.129617$ & $-0.0903229$ & $0.0235155$ & $0.118948$ & $0.12128$ & $0.0976817$ & $-0.248042$ & $-0.0332366$ & $0.113582$ & $0.253032$ & $-0.0274514$ & $0.10849$ & $0.270059$ & $0.266933$ & $0.193363$ & $0.231721$ & $0.246836$ & $0.248474$ & $-0.0265046$ & $0.174634$ & $0.213647$ & $-0.0520766$ & $0.0287283$ & $1$ & $-0.0155814$ & $0.0332375$ & $-0.0237237$ & $0.129185$ & $0.0237521$ & $0.109438$ & $-0.0897839$ & $-0.230969$ & $-0.164487$ & $-0.101827$ & $-0.0199974$ & $0.107899$ & $0.0935102$ & $-0.212082$ & $0.111706$ & $0.245926$ & $-0.130647$ & $0.0893759$ & $0.0352048$ & $-0.198115$ & $0.208982$ \\
CeH_22r & $0.0312496$ & $0.000978321$ & $-0.0176932$ & $0$ & $0.00762696$ & $0.01493$ & $0.0397404$ & $-0.0127041$ & $-0.00336281$ & $-0.00669601$ & $0.0147535$ & $0.00439332$ & $-0.00490404$ & $-0.00178858$ & $-0.00762438$ & $-0.0318291$ & $-0.0160212$ & $-0.00336235$ & $0.009661$ & $-0.0157475$ & $-0.0157926$ & $-0.0172435$ & $-0.000372785$ & $0.0068536$ & $0.00158813$ & $-0.00470634$ & $0.0219394$ & $-0.0155814$ & $1$ & $0.00760173$ & $0.0182567$ & $-0.0145815$ & $0.0202829$ & $-0.00660337$ & $0.016005$ & $0.0221353$ & $0.0125815$ & $0.0124858$ & $-0.0008474$ & $-0.0273611$ & $0.00687856$ & $-0.00853438$ & $-0.0270096$ & $-0.0248936$ & $0.0234206$ & $0.0209521$ & $-0.0220825$ & $0.0286532$ & $-0.00511558$ \\
CeH_33r & $-0.127737$ & $0.0862416$ & $-0.0749381$ & $0$ & $0.103875$ & $-0.185285$ & $-0.411372$ & $0.137598$ & $0.154572$ & $-0.273178$ & $-0.242017$ & $-0.100539$ & $-0.0085655$ & $0.209911$ & $0.0281959$ & $-0.0150222$ & $0.231483$ & $0.181843$ & $0.225742$ & $0.235446$ & $0.247164$ & $0.225813$ & $0.219498$ & $0.0297395$ & $0.155205$ & $-0.283338$ & $0.0500299$ & $0.0332375$ & $0.00760173$ & $1$ & $0.338947$ & $0.0179414$ & $0.715684$ & $0.0630413$ & $-0.00479313$ & $-0.175184$ & $0.0806667$ & $-0.111416$ & $0.0228084$ & $0.11866$ & $-0.0368196$ & $-0.269964$ & $0.00793623$ & $0.0897359$ & $0.0733808$ & $0.0240022$ & $-0.0438078$ & $-0.0982329$ & $-0.0856703$ \\
CuH_22r & $-0.0572388$ & $0.024429$ & $-0.0747312$ & $0$ & $0.0572758$ & $-0.117862$ & $-0.283583$ & $0.130296$ & $0.143068$ & $-0.153382$ & $-0.167081$ & $-0.070709$ & $0.00161526$ & $0.1011$ & $0.0823147$ & $0.000343528$ & $0.112757$ & $0.0309837$ & $0.100922$ & $0.167083$ & $0.168846$ & $0.149192$ & $0.116389$ & $-0.0186904$ & $0.0644427$ & $-0.191319$ & $0.0364814$ & $-0.0237237$ & $0.0182567$ & $0.338947$ & $1$ & $-0.0701326$ & $0.442788$ & $0.0121606$ & $-0.0702718$ & $-0.0567837$ & $0.0964402$ & $-0.0428542$ & $0.027717$ & $0.0946234$ & $0.000644952$ & $-0.129506$ & $0.047214$ & $0.0197235$ & $0.00015701$ & $0.0202648$ & $-0.0702049$ & $-0.0418238$ & $-0.0319065$ \\
CuH_33r & $-0.243497$ & $0.313224$ & $-0.00201417$ & $0$ & $-0.317115$ & $-0.00510389$ & $0.154441$ & $0.163532$ & $0.148776$ & $0.0281199$ & $-0.0932535$ & $0.100265$ & $0.0506339$ & $-0.00862977$ & $-0.381701$ & $0.00379208$ & $-0.046996$ & $0.216724$ & $-0.120435$ & $0.053162$ & $0.12968$ & $0.110209$ & $-0.231656$ & $-0.186889$ & $-0.219606$ & $0.0782487$ & $-0.154496$ & $0.129185$ & $-0.0145815$ & $0.0179414$ & $-0.0701326$ & $1$ & $0.0309791$ & $0.406557$ & $0.633417$ & $-0.664681$ & $-0.633203$ & $-0.486269$ & $0.00706457$ & $-0.0914799$ & $0.227099$ & $-0.0918776$ & $0.0040344$ & $0.416121$ & $0.1068$ & $0.159123$ & $0.206428$ & $-0.200817$ & $0.196253$ \\
CdH_33r & $-0.153905$ & $0.0878925$ & $-0.0905439$ & $0$ & $0.114515$ & $-0.211809$ & $-0.552453$ & $0.170731$ & $0.189068$ & $-0.367579$ & $-0.294519$ & $-0.140881$ & $0.0184347$ & $0.257434$ & $0.0284456$ & $-0.0367055$ & $0.279171$ & $0.220292$ & $0.285936$ & $0.284403$ & $0.304848$ & $0.282841$ & $0.288633$ & $0.0266282$ & $0.175849$ & $-0.364971$ & $0.0454226$ & $0.0237521$ & $0.0202829$ & $0.715684$ & $0.442788$ & $0.0309791$ & $1$ & $0.0821387$ & $0.0148708$ & $-0.226001$ & $0.106599$ & $-0.139488$ & $0.0281399$ & $0.140588$ & $-0.0551511$ & $-0.304762$ & $-0.0133701$ & $0.0876347$ & $0.0810531$ & $0.0206425$ & $-0.0303785$ & $-0.0848676$ & $-0.12073$ \\
CLL_1221 & $-0.0666985$ & $0.135807$ & $-0.0691587$ & $0$ & $0.0570454$ & $-0.109991$ & $0.0400665$ & $0.472596$ & $0.428905$ & $-0.312717$ & $-0.312263$ & $-0.559265$ & $0.527514$ & $-0.0858436$ & $-0.795473$ & $0.162027$ & $0.0565641$ & $0.482993$ & $-0.311676$ & $0.221804$ & $0.403605$ & $0.40906$ & $-0.253816$ & $-0.487266$ & $-0.262592$ & $-0.00965228$ & $0.389591$ & $0.109438$ & $-0.00660337$ & $0.0630413$ & $0.0121606$ & $0.406557$ & $0.0821387$ & $1$ & $0.236406$ & $-0.231612$ & $-0.317693$ & $-0.232326$ & $-0.466556$ & $-0.107453$ & $-0.398936$ & $-0.0225587$ & $-0.201084$ & $-0.0224393$ & $-0.2088$ & $0.16672$ & $0.393318$ & $-0.201675$ & $-0.112876$ \\
eHggint & $0.0738475$ & $0.27247$ & $-0.301866$ & $0$ & $-0.103474$ & $0.170771$ & $0.114753$ & $-0.122672$ & $-0.113589$ & $-0.117324$ & $0.249983$ & $0.0566022$ & $-0.0843428$ & $-0.227834$ & $-0.383069$ & $-0.281206$ & $-0.220346$ & $0.0385857$ & $-0.102271$ & $-0.279856$ & $-0.205802$ & $-0.186702$ & $-0.0986422$ & $-0.192367$ & $-0.273147$ & $0.114074$ & $-0.141681$ & $-0.0897839$ & $0.016005$ & $-0.00479313$ & $-0.0702718$ & $0.633417$ & $0.0148708$ & $0.236406$ & $1$ & $-0.451965$ & $-0.324356$ & $-0.435008$ & $0.0694667$ & $-0.257696$ & $0.15009$ & $-0.0502843$ & $-0.19216$ & $0.0990926$ & $0.432816$ & $0.117193$ & $-0.0396337$ & $0.181406$ & $-0.0575467$ \\
eHggpar & $0.350522$ & $-0.407573$ & $0.339991$ & $0$ & $0.223124$ & $0.147213$ & $-0.0331196$ & $-0.306992$ & $-0.296842$ & $0.32664$ & $0.277556$ & $0.0246681$ & $0.0877955$ & $-0.116191$ & $0.0880428$ & $-0.131146$ & $-0.0178187$ & $-0.103412$ & $0.0698323$ & $-0.266534$ & $-0.285983$ & $-0.28031$ & $0.0813738$ & $0.122965$ & $0.170404$ & $0.125249$ & $0.26856$ & $-0.230969$ & $0.0221353$ & $-0.175184$ & $-0.0567837$ & $-0.664681$ & $-0.226001$ & $-0.231612$ & $-0.451965$ & $1$ & $0.25185$ & $0.571311$ & $-0.230607$ & $-0.114003$ & $-0.164635$ & $0.274326$ & $-0.111072$ & $-0.438982$ & $-0.168155$ & $0.0143387$ & $-0.184614$ & $0.194781$ & $0.0403352$ \\
eHWWint & $0.100802$ & $-0.0374343$ & $-0.120638$ & $0$ & $0.245863$ & $0.0448019$ & $-0.135492$ & $0.143587$ & $0.137745$ & $-0.381155$ & $-0.0824443$ & $-0.0895579$ & $0.0286251$ & $0.00461822$ & $0.41663$ & $-0.0440162$ & $-0.155538$ & $-0.385594$ & $-0.0049296$ & $0.120332$ & $0.0546537$ & $0.0681994$ & $0.330884$ & $-0.105611$ & $-0.087626$ & $-0.269005$ & $-0.0248092$ & $-0.164487$ & $0.0125815$ & $0.0806667$ & $0.0964402$ & $-0.633203$ & $0.106599$ & $-0.317693$ & $-0.324356$ & $0.25185$ & $1$ & $0.343834$ & $0.131426$ & $0.461574$ & $-0.0762531$ & $-0.0342425$ & $0.186608$ & $-0.258448$ & $-0.0331731$ & $-0.352435$ & $-0.0295716$ & $0.208466$ & $-0.315673$ \\
eHWWpar & $0.58048$ & $-0.362111$ & $0.275439$ & $0$ & $0.352304$ & $0.0761077$ & $-0.0260616$ & $-0.158219$ & $-0.15022$ & $0.159088$ & $0.132222$ & $-0.018906$ & $0.11627$ & $-0.0683649$ & $0.187655$ & $-0.0809637$ & $0.0162865$ & $-0.14777$ & $0.0823342$ & $-0.118539$ & $-0.147584$ & $-0.131846$ & $0.00834192$ & $0.101052$ & $0.188306$ & $0.127466$ & $0.379244$ & $-0.101827$ & $0.0124858$ & $-0.111416$ & $-0.0428542$ & $-0.486269$ & $-0.139488$ & $-0.232326$ & $-0.435008$ & $0.571311$ & $0.343834$ & $1$ & $-0.305375$ & $0.110322$ & $0.0549479$ & $0.268914$ & $0.273085$ & $-0.246992$ & $-0.145335$ & $0.00111399$ & $-0.128138$ & $-0.0702219$ & $-0.256913$ \\
eHZZint & $-0.332258$ & $0.0459497$ & $0.0132796$ & $0$ & $-0.0315795$ & $-0.00732041$ & $-0.0308622$ & $-0.219461$ & $-0.214706$ & $0.21391$ & $0.0951969$ & $0.570973$ & $-0.561482$ & $0.0558102$ & $0.40786$ & $0.0382844$ & $0.092081$ & $-0.166076$ & $0.170305$ & $-0.0420729$ & $-0.146454$ & $-0.129817$ & $0.297099$ & $0.294318$ & $0.0686453$ & $-0.210496$ & $-0.638746$ & $-0.0199974$ & $-0.0008474$ & $0.0228084$ & $0.027717$ & $0.00706457$ & $0.0281399$ & $-0.466556$ & $0.0694667$ & $-0.230607$ & $0.131426$ & $-0.305375$ & $1$ & $0.0888592$ & $0.313691$ & $-0.294559$ & $0.101871$ & $0.478803$ & $0.298082$ & $-0.183464$ & $-0.132382$ & $0.250131$ & $0.481123$ \\
eHZZpar & $-0.263544$ & $0.0985109$ & $0.152965$ & $0$ & $-0.135838$ & $-0.126046$ & $-0.0679725$ & $0.566281$ & $0.529736$ & $-0.223996$ & $-0.596389$ & $-0.0318951$ & $0.146528$ & $0.337133$ & $0.464297$ & $0.190466$ & $0.124735$ & $-0.157065$ & $0.110069$ & $0.614839$ & $0.565486$ & $0.527855$ & $0.305726$ & $-0.0993334$ & $0.0136049$ & $-0.49708$ & $0.0181747$ & $0.107899$ & $-0.0273611$ & $0.11866$ & $0.0946234$ & $-0.0914799$ & $0.140588$ & $-0.107453$ & $-0.257696$ & $-0.114003$ & $0.461574$ & $0.110322$ & $0.0888592$ & $1$ & $0.0687121$ & $-0.178256$ & $0.587529$ & $0.251965$ & $-0.376422$ & $-0.252488$ & $0.119382$ & $-0.354801$ & $-0.0202362$ \\
eHZgaint & $0.0166701$ & $0.143213$ & $-0.0173986$ & $0$ & $-0.259263$ & $-0.0562409$ & $0.0425704$ & $-0.206696$ & $-0.191945$ & $0.314229$ & $0.199145$ & $0.565201$ & $-0.292536$ & $-0.0668151$ & $0.313178$ & $-0.226297$ & $-0.0973197$ & $-0.294302$ & $0.112236$ & $-0.17813$ & $-0.229328$ & $-0.246041$ & $-0.0919327$ & $0.118715$ & $-0.028489$ & $0.1076$ & $-0.377706$ & $0.0935102$ & $0.00687856$ & $-0.0368196$ & $0.000644952$ & $0.227099$ & $-0.0551511$ & $-0.398936$ & $0.15009$ & $-0.164635$ & $-0.0762531$ & $0.0549479$ & $0.313691$ & $0.0687121$ & $1$ & $-0.0274501$ & $0.304681$ & $0.228891$ & $0.193775$ & $-0.0102308$ & $-0.382745$ & $-0.0113884$ & $0.223576$ \\
eHZgapar & $0.0788823$ & $-0.329271$ & $0.0990855$ & $0$ & $-0.107436$ & $0.282511$ & $0.121266$ & $-0.194784$ & $-0.201925$ & $0.00124631$ & $0.484879$ & $-0.167584$ & $0.376025$ & $-0.486829$ & $-0.139452$ & $-0.129072$ & $-0.564901$ & $-0.419418$ & $-0.4934$ & $-0.491879$ & $-0.474266$ & $-0.452092$ & $-0.374429$ & $-0.244017$ & $-0.448928$ & $0.50032$ & $-0.0370209$ & $-0.212082$ & $-0.00853438$ & $-0.269964$ & $-0.129506$ & $-0.0918776$ & $-0.304762$ & $-0.0225587$ & $-0.0502843$ & $0.274326$ & $-0.0342425$ & $0.268914$ & $-0.294559$ & $-0.178256$ & $-0.0274501$ & $1$ & $-0.376008$ & $-0.545319$ & $-0.340666$ & $-0.430981$ & $0.349135$ & $0.393847$ & $-0.0594124$ \\
eHgagaint & $0.19192$ & $0.304186$ & $0.0688909$ & $0$ & $-0.0706592$ & $-0.121795$ & $-0.0287742$ & $0.342959$ & $0.326056$ & $0.242608$ & $-0.441594$ & $0.319112$ & $-0.0954034$ & $0.306135$ & $0.460562$ & $0.174896$ & $0.212533$ & $-0.101329$ & $0.184659$ & $0.459641$ & $0.401422$ & $0.381709$ & $0.0255561$ & $0.0813896$ & $0.184712$ & $-0.210358$ & $0.0887879$ & $0.111706$ & $-0.0270096$ & $0.00793623$ & $0.047214$ & $0.0040344$ & $-0.0133701$ & $-0.201084$ & $-0.19216$ & $-0.111072$ & $0.186608$ & $0.273085$ & $0.101871$ & $0.587529$ & $0.304681$ & $-0.376008$ & $1$ & $0.417685$ & $-0.132357$ & $0.33821$ & $-0.26801$ & $-0.552808$ & $-0.0378801$ \\
eHmumuint & $-0.310937$ & $0.322846$ & $0.229408$ & $0$ & $-0.0761438$ & $-0.19596$ & $0.018241$ & $0.21574$ & $0.203054$ & $0.293$ & $-0.449302$ & $0.372222$ & $-0.290054$ & $0.44807$ & $0.187132$ & $0.371119$ & $0.419192$ & $0.310416$ & $0.235182$ & $0.46783$ & $0.416197$ & $0.376893$ & $0.174857$ & $0.251593$ & $0.290927$ & $-0.331254$ & $-0.246698$ & $0.245926$ & $-0.0248936$ & $0.0897359$ & $0.0197235$ & $0.416121$ & $0.0876347$ & $-0.0224393$ & $0.0990926$ & $-0.438982$ & $-0.258448$ & $-0.246992$ & $0.478803$ & $0.251965$ & $0.228891$ & $-0.545319$ & $0.417685$ & $1$ & $0.0374513$ & $0.123178$ & $-0.0687692$ & $-0.341728$ & $0.499274$ \\
eHtautauint & $0.338288$ & $0.141277$ & $-0.331785$ & $0$ & $0.238241$ & $0.0852202$ & $-0.0275613$ & $-0.520924$ & $-0.486649$ & $0.0901163$ & $0.405872$ & $0.380935$ & $-0.632348$ & $-0.0730145$ & $-0.104206$ & $-0.340731$ & $0.0478277$ & $0.115965$ & $0.28032$ & $-0.388543$ & $-0.400863$ & $-0.386121$ & $0.248198$ & $0.280648$ & $0.185168$ & $-0.0443888$ & $-0.12327$ & $-0.130647$ & $0.0234206$ & $0.0733808$ & $0.00015701$ & $0.1068$ & $0.0810531$ & $-0.2088$ & $0.432816$ & $-0.168155$ & $-0.0331731$ & $-0.145335$ & $0.298082$ & $-0.376422$ & $0.193775$ & $-0.340666$ & $-0.132357$ & $0.0374513$ & $1$ & $0.307101$ & $-0.585253$ & $0.28954$ & $-0.0892972$ \\
eHccint & $0.414043$ & $0.34644$ & $-0.0352238$ & $0$ & $0.0751657$ & $-0.0300658$ & $-0.0328432$ & $-0.13356$ & $-0.117002$ & $0.417564$ & $-0.0512269$ & $0.187613$ & $-0.0360525$ & $0.207552$ & $-0.255006$ & $-0.204744$ & $0.342685$ & $0.449275$ & $0.40398$ & $0.0206298$ & $0.0817776$ & $0.0626062$ & $-0.126779$ & $0.212535$ & $0.393323$ & $0.0699054$ & $0.410372$ & $0.0893759$ & $0.0209521$ & $0.0240022$ & $0.0202648$ & $0.159123$ & $0.0206425$ & $0.16672$ & $0.117193$ & $0.0143387$ & $-0.352435$ & $0.00111399$ & $-0.183464$ & $-0.252488$ & $-0.0102308$ & $-0.430981$ & $0.33821$ & $0.123178$ & $0.307101$ & $1$ & $-0.481784$ & $-0.389651$ & $-0.146612$ \\
eHccpar & $-0.482198$ & $-0.256608$ & $0.202593$ & $0$ & $-0.0303056$ & $-0.0613416$ & $0.067168$ & $0.357453$ & $0.306879$ & $-0.366627$ & $-0.167337$ & $-0.476308$ & $0.524312$ & $-0.113783$ & $-0.23623$ & $0.305005$ & $-0.210016$ & $-0.0203645$ & $-0.450649$ & $0.146004$ & $0.187987$ & $0.203256$ & $-0.236981$ & $-0.346515$ & $-0.380001$ & $0.0971788$ & $-0.0837006$ & $0.0352048$ & $-0.0220825$ & $-0.0438078$ & $-0.0702049$ & $0.206428$ & $-0.0303785$ & $0.393318$ & $-0.0396337$ & $-0.184614$ & $-0.0295716$ & $-0.128138$ & $-0.132382$ & $0.119382$ & $-0.382745$ & $0.349135$ & $-0.26801$ & $-0.0687692$ & $-0.585253$ & $-0.481784$ & $1$ & $-0.0112476$ & $0.0740967$ \\
eHbbint & $0.0304548$ & $-0.205552$ & $-0.105294$ & $0$ & $0.143136$ & $0.305491$ & $0.0155742$ & $-0.464579$ & $-0.447045$ & $-0.0907386$ & $0.566366$ & $0.0642938$ & $-0.146901$ & $-0.35432$ & $-0.0948398$ & $-0.204002$ & $-0.331174$ & $-0.217742$ & $-0.183334$ & $-0.543626$ & $-0.568788$ & $-0.528931$ & $0.219259$ & $0.0214409$ & $-0.198466$ & $0.0527857$ & $-0.317859$ & $-0.198115$ & $0.0286532$ & $-0.0982329$ & $-0.0418238$ & $-0.200817$ & $-0.0848676$ & $-0.201675$ & $0.181406$ & $0.194781$ & $0.208466$ & $-0.0702219$ & $0.250131$ & $-0.354801$ & $-0.0113884$ & $0.393847$ & $-0.552808$ & $-0.341728$ & $0.28954$ & $-0.389651$ & $-0.0112476$ & $1$ & $0.138839$ \\
eHbbpar & $-0.508473$ & $-0.101666$ & $0.412131$ & $0$ & $-0.220094$ & $-0.0171481$ & $0.0677723$ & $-0.0661349$ & $-0.0757246$ & $0.469244$ & $-0.0422085$ & $0.441209$ & $-0.212919$ & $0.159494$ & $0.0953919$ & $0.233558$ & $0.121913$ & $0.101083$ & $0.01787$ & $0.0545096$ & $0.0101959$ & $-0.0136009$ & $0.0356382$ & $0.218533$ & $0.0688429$ & $-0.0674888$ & $-0.456641$ & $0.208982$ & $-0.00511558$ & $-0.0856703$ & $-0.0319065$ & $0.196253$ & $-0.12073$ & $-0.112876$ & $-0.0575467$ & $0.0403352$ & $-0.315673$ & $-0.256913$ & $0.481123$ & $-0.0202362$ & $0.223576$ & $-0.0594124$ & $-0.0378801$ & $0.499274$ & $-0.0892972$ & $-0.146612$ & $0.0740967$ & $0.138839$ & $1$ \\
