 & AlsMz & dAle5Mz & mtop & mHl & Mz & CW & CHG & CHWB & CHWHB_gaga & CHWHB_gagaorth & CHD & CHbox & CH & CHL1_11 & CHL1_22 & CHL1_33 & CHL3_11 & CHL3_22 & CHL3_33 & CHe_11 & CHe_22 & CHe_33 & CHQ1_11 & CHQ1_33 & CHQ3_11 & CHu_11 & CHd_11 & CHd_33 & CeH_22r & CeH_33r & CuH_22r & CuH_33r & CdH_33r & CLL_1221 & eHggint & eHggpar & eHWWint & eHWWpar & eHZZint & eHZZpar & eHZgaint & eHZgapar & eHgagaint & eHmumuint & eHtautauint & eHccint & eHccpar & eHbbint & eHbbpar \\
AlsMz & $1$ & $-0.109198$ & $-0.0415698$ & $0.263637$ & $-0.0106444$ & $-0.00592495$ & $0.0096183$ & $-0.00248451$ & $0.0086629$ & $-0.00695447$ & $0.00593045$ & $-0.0192821$ & $-0.00732047$ & $-0.017884$ & $-0.0364916$ & $-0.0356212$ & $-0.0112497$ & $0.00678855$ & $0.00683851$ & $-0.0195356$ & $-0.0106412$ & $-0.00945913$ & $0.00273299$ & $-0.0602138$ & $-0.083371$ & $-0.0153389$ & $0.0114579$ & $0.00526651$ & $0.00731322$ & $-0.0161172$ & $-0.0905756$ & $-0.0181243$ & $-0.00256579$ & $0.0243317$ & $-0.250421$ & $-0.0919167$ & $0.197559$ & $0.0153707$ & $-0.189785$ & $-0.00286449$ & $0.168434$ & $0.0383874$ & $0.172925$ & $-0.0640724$ & $0.0605465$ & $0.152436$ & $-0.289444$ & $-0.0148256$ & $0.026151$ \\
dAle5Mz & $-0.109198$ & $1$ & $-0.144719$ & $0.0413689$ & $0.0107793$ & $0.0265412$ & $-0.00851564$ & $-0.113202$ & $-0.113656$ & $0.0591166$ & $0.0852918$ & $0.0455069$ & $-0.0139821$ & $0.000189076$ & $0.032233$ & $0.0381631$ & $0.0298551$ & $0.0165782$ & $0.0104975$ & $-0.0586402$ & $-0.0785417$ & $-0.0753649$ & $-0.0449297$ & $0.0852363$ & $-0.0068537$ & $0.0411694$ & $-0.133707$ & $-0.0183774$ & $-0.000589437$ & $0.0185664$ & $0.0394893$ & $-0.00016002$ & $0.0346258$ & $-0.0770194$ & $0.192538$ & $-0.331735$ & $-0.0748571$ & $-0.0119272$ & $-0.167209$ & $-0.010517$ & $0.0560328$ & $0.0127933$ & $-0.0453018$ & $-0.170079$ & $-0.0587067$ & $-0.125475$ & $0.109382$ & $0.124029$ & $0.009523$ \\
mtop & $-0.0415698$ & $-0.144719$ & $1$ & $-0.0766315$ & $0.00624353$ & $-0.0107559$ & $0.00933255$ & $0.0330568$ & $0.023736$ & $-0.00555169$ & $-0.0188658$ & $0.00994618$ & $0.0117707$ & $-0.00462058$ & $-0.0170403$ & $-0.0144724$ & $-0.00775555$ & $-0.00358178$ & $-0.00589436$ & $0.017875$ & $0.0261404$ & $0.0234936$ & $0.0394828$ & $-0.0190767$ & $0.0203066$ & $-0.0279353$ & $0.0655059$ & $-0.00602374$ & $-0.0148215$ & $-0.0246699$ & $0.0329903$ & $0.0225938$ & $-0.00560695$ & $0.0374191$ & $0.113148$ & $0.124266$ & $0.0271766$ & $0.03821$ & $-0.00384765$ & $-0.0250271$ & $-0.187336$ & $-0.00439529$ & $-0.117736$ & $0.0896182$ & $-0.245892$ & $0.0196667$ & $0.129614$ & $-0.0552108$ & $0.0196601$ \\
mHl & $0.263637$ & $0.0413689$ & $-0.0766315$ & $1$ & $-0.0576033$ & $0.0332062$ & $0.00701155$ & $-0.0175164$ & $-0.0148201$ & $-0.00201467$ & $0.0194176$ & $-0.014533$ & $-0.0208575$ & $-0.0114237$ & $-0.0142794$ & $-0.031287$ & $-0.00847932$ & $-0.000126511$ & $0.0126432$ & $-0.0228293$ & $-0.0196321$ & $-0.0185554$ & $-0.00499412$ & $-0.0155227$ & $-0.0190439$ & $0.0135633$ & $0.00232306$ & $0.00268317$ & $0.0126259$ & $0.0200013$ & $0.0154192$ & $-0.00247183$ & $-0.0259704$ & $-0.00269398$ & $-0.0964064$ & $-0.155874$ & $-0.168382$ & $-0.00145952$ & $-0.135759$ & $0.0046721$ & $-0.0596547$ & $-0.00985016$ & $-0.0318413$ & $-0.0999631$ & $-0.124811$ & $0.154814$ & $-0.0495631$ & $-0.200314$ & $-0.0809784$ \\
Mz & $-0.0106444$ & $0.0107793$ & $0.00624353$ & $-0.0576033$ & $1$ & $0.0112778$ & $-0.000880489$ & $-0.000928751$ & $-0.00244614$ & $0.000961069$ & $0.00892992$ & $-0.0081517$ & $-0.0109913$ & $0.00502271$ & $0.00676713$ & $0.0121685$ & $0.00117627$ & $-0.00263352$ & $-0.00570682$ & $0.000379244$ & $0.00090781$ & $0.00194751$ & $-0.0133411$ & $-0.000586762$ & $0.00240824$ & $0.00624935$ & $-0.0035619$ & $0.00228172$ & $-0.00851025$ & $-0.000560094$ & $-0.00547588$ & $-0.00208008$ & $0.000950622$ & $-0.0070418$ & $-0.00338064$ & $-0.00191957$ & $-0.00879129$ & $-0.00263479$ & $-0.0135824$ & $-0.00437294$ & $-0.00396132$ & $-0.00347934$ & $-0.00885194$ & $0.00370262$ & $0.00794969$ & $-0.0192448$ & $0.00500051$ & $0.00827465$ & $0.011592$ \\
CW & $-0.00592495$ & $0.0265412$ & $-0.0107559$ & $0.0332062$ & $0.0112778$ & $1$ & $-0.000430142$ & $-0.119388$ & $-0.116933$ & $-0.00592417$ & $0.186283$ & $0.0456017$ & $0.00890262$ & $0.00800303$ & $-0.0760838$ & $-0.0729413$ & $-0.273609$ & $-0.0639522$ & $-0.0636042$ & $-0.183014$ & $-0.189059$ & $-0.182167$ & $-0.0171576$ & $-0.00824968$ & $-0.108132$ & $0.109648$ & $-0.0871639$ & $-0.0771734$ & $-0.00338036$ & $0.00735778$ & $-0.00290332$ & $0.00573527$ & $0.0047059$ & $-0.119214$ & $0.0161874$ & $-0.0168689$ & $-0.00483264$ & $-0.00631659$ & $0.00966172$ & $0.00704992$ & $0.00658366$ & $0.00210827$ & $-0.000406772$ & $0.00602478$ & $-0.00598912$ & $0.019905$ & $-0.00489681$ & $0.0014084$ & $-0.00738411$ \\
CHG & $0.0096183$ & $-0.00851564$ & $0.00933255$ & $0.00701155$ & $-0.000880489$ & $-0.000430142$ & $1$ & $-0.119819$ & $-0.0698531$ & $0.0844162$ & $0.0680856$ & $-0.119133$ & $-0.320346$ & $0.0674752$ & $-0.0194493$ & $-0.0168707$ & $0.100916$ & $0.112314$ & $0.109725$ & $-0.064829$ & $-0.0737019$ & $-0.0714581$ & $-0.0297194$ & $0.128969$ & $0.104729$ & $0.0521492$ & $-0.0602391$ & $-0.0345853$ & $0.00799801$ & $-0.139517$ & $-0.079612$ & $0.934624$ & $-0.17272$ & $-0.082222$ & $-0.0338603$ & $0.0029233$ & $0.0186306$ & $0.0085846$ & $0.00706469$ & $-0.00801466$ & $0.0169734$ & $-0.00180219$ & $0.00166676$ & $0.00857649$ & $0.0317185$ & $-0.00636823$ & $-0.0152484$ & $-0.0099333$ & $-0.0131446$ \\
CHWB & $-0.00248451$ & $-0.113202$ & $0.0330568$ & $-0.0175164$ & $-0.000928751$ & $-0.119388$ & $-0.119819$ & $1$ & $0.984992$ & $-0.579529$ & $-0.879581$ & $-0.130427$ & $0.350429$ & $0.0853908$ & $0.28475$ & $0.287116$ & $-0.250702$ & $-0.436128$ & $-0.437326$ & $0.8504$ & $0.897198$ & $0.879859$ & $0.0817027$ & $-0.683223$ & $-0.397961$ & $-0.513769$ & $0.443741$ & $0.300068$ & $0.0215465$ & $0.110187$ & $0.0661704$ & $-0.116718$ & $0.118404$ & $0.577092$ & $-0.0439654$ & $0.032655$ & $-0.0200287$ & $0.00577678$ & $-0.0106726$ & $0.00722119$ & $-0.0150653$ & $0.00519301$ & $0.00343075$ & $-0.00098768$ & $-0.00889074$ & $-0.0319524$ & $0.0181341$ & $-0.0241655$ & $0.000263081$ \\
CHWHB_gaga & $0.0086629$ & $-0.113656$ & $0.023736$ & $-0.0148201$ & $-0.00244614$ & $-0.116933$ & $-0.0698531$ & $0.984992$ & $1$ & $-0.571183$ & $-0.863668$ & $-0.112352$ & $0.344873$ & $0.0789259$ & $0.280175$ & $0.283128$ & $-0.253625$ & $-0.434539$ & $-0.436367$ & $0.835098$ & $0.880788$ & $0.863453$ & $0.0808164$ & $-0.676446$ & $-0.397643$ & $-0.504928$ & $0.436559$ & $0.294791$ & $0.0278803$ & $0.131133$ & $0.0758726$ & $-0.075744$ & $0.137235$ & $0.56794$ & $-0.0629384$ & $0.0297611$ & $-0.0298905$ & $0.00308822$ & $-0.00304832$ & $0.00425038$ & $-0.00962527$ & $0.00768325$ & $0.062437$ & $-0.00775062$ & $-0.00525599$ & $-0.0234384$ & $0.0140371$ & $-0.012111$ & $-0.00953731$ \\
CHWHB_gagaorth & $-0.00695447$ & $0.0591166$ & $-0.00555169$ & $-0.00201467$ & $0.000961069$ & $-0.00592417$ & $0.0844162$ & $-0.579529$ & $-0.571183$ & $1$ & $0.367281$ & $0.489588$ & $-0.250857$ & $0.227566$ & $-0.125676$ & $-0.125883$ & $0.435996$ & $0.490326$ & $0.487452$ & $-0.352906$ & $-0.38346$ & $-0.377806$ & $-0.0584972$ & $0.560104$ & $0.472901$ & $0.221378$ & $-0.251008$ & $-0.12845$ & $-0.0193596$ & $-0.127695$ & $-0.0611273$ & $0.102287$ & $-0.142973$ & $-0.356785$ & $0.0604228$ & $-0.00578644$ & $-0.00670404$ & $-0.00618901$ & $0.0204269$ & $-0.00537871$ & $-0.0357963$ & $-0.00523496$ & $-0.0177518$ & $0.000979395$ & $-0.00589616$ & $0.0192421$ & $0.0158485$ & $-0.0042182$ & $-0.00679302$ \\
CHD & $0.00593045$ & $0.0852918$ & $-0.0188658$ & $0.0194176$ & $0.00892992$ & $0.186283$ & $0.0680856$ & $-0.879581$ & $-0.863668$ & $0.367281$ & $1$ & $0.223604$ & $-0.173107$ & $-0.502424$ & $-0.409455$ & $-0.405304$ & $-0.205357$ & $0.0703085$ & $0.070766$ & $-0.990319$ & $-0.991529$ & $-0.970689$ & $-0.0231221$ & $0.32177$ & $0.0179029$ & $0.568502$ & $-0.312319$ & $-0.331793$ & $-0.00777565$ & $-0.0620344$ & $-0.0439143$ & $0.075388$ & $-0.0718916$ & $-0.381721$ & $0.0404863$ & $-0.0221365$ & $0.021527$ & $-0.00195649$ & $0.00592545$ & $-0.00733587$ & $0.0284123$ & $0.000451509$ & $-0.00395634$ & $0.00129123$ & $0.00152921$ & $0.0160286$ & $-0.0195117$ & $0.0261514$ & $-0.00862545$ \\
CHbox & $-0.0192821$ & $0.0455069$ & $0.00994618$ & $-0.014533$ & $-0.0081517$ & $0.0456017$ & $-0.119133$ & $-0.130427$ & $-0.112352$ & $0.489588$ & $0.223604$ & $1$ & $0.385331$ & $-0.244014$ & $-0.0120281$ & $-0.0054577$ & $-0.197506$ & $-0.159235$ & $-0.163155$ & $-0.203722$ & $-0.228666$ & $-0.222948$ & $-0.0255122$ & $-0.0245667$ & $-0.16302$ & $0.134987$ & $-0.117854$ & $-0.0703209$ & $0.0371278$ & $0.288908$ & $0.0966339$ & $-0.0225225$ & $0.325407$ & $-0.10171$ & $0.0963108$ & $0.0306969$ & $-0.0166665$ & $-0.00145016$ & $0.00721305$ & $-0.0065852$ & $-0.0214284$ & $-0.00337923$ & $-0.0329554$ & $0.00117782$ & $-0.021864$ & $-0.0168312$ & $0.0317524$ & $-0.0012415$ & $-0.0199643$ \\
CH & $-0.00732047$ & $-0.0139821$ & $0.0117707$ & $-0.0208575$ & $-0.0109913$ & $0.00890262$ & $-0.320346$ & $0.350429$ & $0.344873$ & $-0.250857$ & $-0.173107$ & $0.385331$ & $1$ & $-0.244838$ & $0.0806231$ & $0.0803245$ & $-0.36082$ & $-0.389915$ & $-0.387221$ & $0.169645$ & $0.18328$ & $0.181908$ & $0.0361614$ & $-0.389984$ & $-0.378086$ & $-0.105097$ & $0.134063$ & $0.0733326$ & $0.0495044$ & $0.282238$ & $0.12961$ & $-0.264817$ & $0.334943$ & $0.212578$ & $0.0187429$ & $0.0319589$ & $-0.013686$ & $-0.0133096$ & $-0.00760766$ & $0.000456083$ & $-0.00196452$ & $0.000635473$ & $-0.0061788$ & $-0.0173636$ & $-0.0203523$ & $-0.0308172$ & $0.00712911$ & $0.000166975$ & $-0.00701375$ \\
CHL1_11 & $-0.017884$ & $0.000189076$ & $-0.00462058$ & $-0.0114237$ & $0.00502271$ & $0.00800303$ & $0.0674752$ & $0.0853908$ & $0.0789259$ & $0.227566$ & $-0.502424$ & $-0.244014$ & $-0.244838$ & $1$ & $0.263979$ & $0.254506$ & $0.666216$ & $0.604529$ & $0.603778$ & $0.521754$ & $0.463258$ & $0.45006$ & $-0.0807806$ & $0.468791$ & $0.607901$ & $-0.265759$ & $-0.0945825$ & $0.150943$ & $-0.0195177$ & $-0.0624897$ & $-0.0255717$ & $0.0466617$ & $-0.0558705$ & $-0.211409$ & $-0.00876132$ & $-0.00775931$ & $-0.0102026$ & $-0.00692969$ & $0.0086859$ & $0.00640727$ & $-0.0336807$ & $-0.0115406$ & $-0.00163737$ & $0.007434$ & $0.00527546$ & $0.0248843$ & $0.00939524$ & $-0.0137249$ & $0.017817$ \\
CHL1_22 & $-0.0364916$ & $0.032233$ & $-0.0170403$ & $-0.0142794$ & $0.00676713$ & $-0.0760838$ & $-0.0194493$ & $0.28475$ & $0.280175$ & $-0.125676$ & $-0.409455$ & $-0.0120281$ & $0.0806231$ & $0.263979$ & $1$ & $0.438872$ & $0.164975$ & $-0.446252$ & $-0.0276894$ & $0.476846$ & $0.327215$ & $0.317092$ & $-0.179124$ & $0.109237$ & $-0.132986$ & $-0.185873$ & $-0.39364$ & $0.115408$ & $0.000640512$ & $0.0362019$ & $0.0187756$ & $-0.0146721$ & $0.0302534$ & $-0.589901$ & $0.0137031$ & $0.0102485$ & $0.0107216$ & $-0.00772569$ & $0.0217201$ & $0.00261597$ & $-0.023016$ & $0.00324828$ & $-0.000104942$ & $0.013498$ & $0.0256018$ & $0.00851301$ & $-0.00540421$ & $-0.00891492$ & $-0.0194526$ \\
CHL1_33 & $-0.0356212$ & $0.0381631$ & $-0.0144724$ & $-0.031287$ & $0.0121685$ & $-0.0729413$ & $-0.0168707$ & $0.287116$ & $0.283128$ & $-0.125883$ & $-0.405304$ & $-0.0054577$ & $0.0803245$ & $0.254506$ & $0.438872$ & $1$ & $0.152728$ & $-0.0309739$ & $-0.438291$ & $0.471393$ & $0.326475$ & $0.343777$ & $-0.174922$ & $0.0987075$ & $-0.130246$ & $-0.181268$ & $-0.373471$ & $0.116216$ & $-0.00171638$ & $0.0429202$ & $0.0272828$ & $-0.00625891$ & $0.0415782$ & $-0.0927207$ & $0.0166782$ & $0.0179273$ & $-0.00166144$ & $0.0026373$ & $0.0150496$ & $-0.0101784$ & $-0.0141229$ & $-0.00201008$ & $-0.00302938$ & $0.0211806$ & $0.0195805$ & $0.00919659$ & $0.0156329$ & $-0.00311816$ & $-0.0124114$ \\
CHL3_11 & $-0.0112497$ & $0.0298551$ & $-0.00775555$ & $-0.00847932$ & $0.00117627$ & $-0.273609$ & $0.100916$ & $-0.250702$ & $-0.253625$ & $0.435996$ & $-0.205357$ & $-0.197506$ & $-0.36082$ & $0.666216$ & $0.164975$ & $0.152728$ & $1$ & $0.738415$ & $0.740705$ & $0.228663$ & $0.172216$ & $0.165867$ & $-0.0774937$ & $0.681$ & $0.783019$ & $-0.100882$ & $-0.16344$ & $0.0575989$ & $-0.0280043$ & $-0.104152$ & $-0.0456184$ & $0.0785683$ & $-0.1013$ & $-0.259906$ & $0.00605453$ & $-0.0104083$ & $-0.00646501$ & $-0.00622928$ & $0.00913338$ & $4.49959e-05$ & $-0.0306035$ & $-0.0106226$ & $-0.00188302$ & $-0.00321049$ & $0.0101677$ & $0.0240557$ & $0.00993386$ & $-0.00622529$ & $0.0192111$ \\
CHL3_22 & $0.00678855$ & $0.0165782$ & $-0.00358178$ & $-0.000126511$ & $-0.00263352$ & $-0.0639522$ & $0.112314$ & $-0.436128$ & $-0.434539$ & $0.490326$ & $0.0703085$ & $-0.159235$ & $-0.389915$ & $0.604529$ & $-0.446252$ & $-0.0309739$ & $0.738415$ & $1$ & $0.679036$ & $-0.0729457$ & $-0.0659279$ & $-0.0629553$ & $0.00228518$ & $0.621695$ & $0.799111$ & $0.035425$ & $-0.00908262$ & $-0.0257636$ & $-0.0262176$ & $-0.115971$ & $-0.054197$ & $0.090686$ & $-0.109647$ & $0.0251984$ & $6.56579e-05$ & $-0.0178232$ & $-0.0101936$ & $-0.000938643$ & $8.0603e-05$ & $-0.00256803$ & $-0.0135995$ & $-0.0141146$ & $-0.00158949$ & $-0.00270349$ & $-0.00365506$ & $0.026036$ & $0.00914762$ & $0.000648634$ & $0.0277372$ \\
CHL3_33 & $0.00683851$ & $0.0104975$ & $-0.00589436$ & $0.0126432$ & $-0.00570682$ & $-0.0636042$ & $0.109725$ & $-0.437326$ & $-0.436367$ & $0.487452$ & $0.070766$ & $-0.163155$ & $-0.387221$ & $0.603778$ & $-0.0276894$ & $-0.438291$ & $0.740705$ & $0.679036$ & $1$ & $-0.073212$ & $-0.066836$ & $-0.0640493$ & $0.00262873$ & $0.62439$ & $0.797198$ & $0.0337687$ & $-0.0136866$ & $-0.0257991$ & $-0.02649$ & $-0.120565$ & $-0.0609882$ & $0.0839719$ & $-0.117307$ & $-0.348724$ & $-0.00166879$ & $-0.0245613$ & $-0.00100069$ & $-0.0107099$ & $0.00591977$ & $0.0068408$ & $-0.0185104$ & $-0.00943725$ & $0.000350942$ & $-0.0108696$ & $-0.000423234$ & $0.0253451$ & $-0.00798728$ & $-0.00219207$ & $0.022457$ \\
CHe_11 & $-0.0195356$ & $-0.0586402$ & $0.017875$ & $-0.0228293$ & $0.000379244$ & $-0.183014$ & $-0.064829$ & $0.8504$ & $0.835098$ & $-0.352906$ & $-0.990319$ & $-0.203722$ & $0.169645$ & $0.521754$ & $0.476846$ & $0.471393$ & $0.228663$ & $-0.0729457$ & $-0.073212$ & $1$ & $0.972827$ & $0.952673$ & $-0.00420902$ & $-0.266867$ & $-0.0119423$ & $-0.557194$ & $0.23522$ & $0.326827$ & $0.00665654$ & $0.0635789$ & $0.045605$ & $-0.0701143$ & $0.0727134$ & $0.301298$ & $-0.0309109$ & $0.0180693$ & $-0.0223022$ & $0.00191028$ & $-0.003179$ & $0.00509922$ & $-0.030455$ & $-0.00105215$ & $0.00150178$ & $-0.000625644$ & $-0.000952851$ & $-0.0158385$ & $0.0228305$ & $-0.0232452$ & $0.00621522$ \\
CHe_22 & $-0.0106412$ & $-0.0785417$ & $0.0261404$ & $-0.0196321$ & $0.00090781$ & $-0.189059$ & $-0.0737019$ & $0.897198$ & $0.880788$ & $-0.38346$ & $-0.991529$ & $-0.228666$ & $0.18328$ & $0.463258$ & $0.327215$ & $0.326475$ & $0.172216$ & $-0.0659279$ & $-0.066836$ & $0.972827$ & $1$ & $0.975558$ & $0.0518218$ & $-0.376262$ & $-0.0240098$ & $-0.571936$ & $0.390153$ & $0.333044$ & $0.00897104$ & $0.063254$ & $0.0463668$ & $-0.0813936$ & $0.0742814$ & $0.465144$ & $-0.0390007$ & $0.0172343$ & $-0.0257717$ & $0.00264548$ & $-0.010816$ & $0.00852397$ & $-0.0279333$ & $-3.33874e-05$ & $0.00100112$ & $-0.00631034$ & $-0.00749755$ & $-0.0228769$ & $0.0249754$ & $-0.0248754$ & $0.01078$ \\
CHe_33 & $-0.00945913$ & $-0.0753649$ & $0.0234936$ & $-0.0185554$ & $0.00194751$ & $-0.182167$ & $-0.0714581$ & $0.879859$ & $0.863453$ & $-0.377806$ & $-0.970689$ & $-0.222948$ & $0.181908$ & $0.45006$ & $0.317092$ & $0.343777$ & $0.165867$ & $-0.0629553$ & $-0.0640493$ & $0.952673$ & $0.975558$ & $1$ & $0.0526514$ & $-0.368716$ & $-0.0226522$ & $-0.559873$ & $0.386397$ & $0.326813$ & $0.00710404$ & $0.0625029$ & $0.0459842$ & $-0.0789914$ & $0.0731102$ & $0.461937$ & $-0.0363218$ & $0.0155927$ & $-0.0261488$ & $0.000477466$ & $-0.0124549$ & $0.00636376$ & $-0.0253907$ & $-0.000853094$ & $-8.2982e-05$ & $-0.00541105$ & $-0.00809922$ & $-0.0230642$ & $0.0246967$ & $-0.0196606$ & $0.00971203$ \\
CHQ1_11 & $0.00273299$ & $-0.0449297$ & $0.0394828$ & $-0.00499412$ & $-0.0133411$ & $-0.0171576$ & $-0.0297194$ & $0.0817027$ & $0.0808164$ & $-0.0584972$ & $-0.0231221$ & $-0.0255122$ & $0.0361614$ & $-0.0807806$ & $-0.179124$ & $-0.174922$ & $-0.0774937$ & $0.00228518$ & $0.00262873$ & $-0.00420902$ & $0.0518218$ & $0.0526514$ & $1$ & $-0.145647$ & $0.0834286$ & $-0.680688$ & $0.367684$ & $0.0181394$ & $0.00238078$ & $0.00249077$ & $-0.00513157$ & $-0.0319665$ & $0.0127582$ & $0.215897$ & $-0.00505271$ & $0.00524538$ & $-0.0164312$ & $-0.00533225$ & $-0.0213106$ & $-0.000961949$ & $-0.00900698$ & $-0.00147183$ & $0.0157023$ & $-0.0011615$ & $-0.024905$ & $-2.15531e-05$ & $0.0116206$ & $-0.0120736$ & $0.0190079$ \\
CHQ1_33 & $-0.0602138$ & $0.0852363$ & $-0.0190767$ & $-0.0155227$ & $-0.000586762$ & $-0.00824968$ & $0.128969$ & $-0.683223$ & $-0.676446$ & $0.560104$ & $0.32177$ & $-0.0245667$ & $-0.389984$ & $0.468791$ & $0.109237$ & $0.0987075$ & $0.681$ & $0.621695$ & $0.62439$ & $-0.266867$ & $-0.376262$ & $-0.368716$ & $-0.145647$ & $1$ & $0.641956$ & $0.216076$ & $-0.431089$ & $-0.029316$ & $-0.0267319$ & $-0.110722$ & $-0.0521292$ & $0.117933$ & $-0.108528$ & $-0.638386$ & $0.0389333$ & $-0.0103302$ & $0.00234549$ & $-0.0150543$ & $0.0245958$ & $-0.00942269$ & $-0.0164805$ & $-0.0100151$ & $-0.0153664$ & $0.00573883$ & $0.0089528$ & $0.0335424$ & $0.00846348$ & $0.0108079$ & $0.0196353$ \\
CHQ3_11 & $-0.083371$ & $-0.0068537$ & $0.0203066$ & $-0.0190439$ & $0.00240824$ & $-0.108132$ & $0.104729$ & $-0.397961$ & $-0.397643$ & $0.472901$ & $0.0179029$ & $-0.16302$ & $-0.378086$ & $0.607901$ & $-0.132986$ & $-0.130246$ & $0.783019$ & $0.799111$ & $0.797198$ & $-0.0119423$ & $-0.0240098$ & $-0.0226522$ & $0.0834286$ & $0.641956$ & $1$ & $0.00832258$ & $0.200156$ & $-0.0171155$ & $-0.0297251$ & $-0.110569$ & $-0.0450854$ & $0.0832592$ & $-0.102631$ & $-0.19945$ & $0.00191811$ & $-0.000531777$ & $-0.0311553$ & $-0.00703636$ & $0.0134421$ & $-0.00217788$ & $-0.0257908$ & $-0.0190595$ & $-0.0159252$ & $-0.0121736$ & $-0.0175853$ & $0.00316334$ & $0.0404572$ & $-0.0147076$ & $0.0336476$ \\
CHu_11 & $-0.0153389$ & $0.0411694$ & $-0.0279353$ & $0.0135633$ & $0.00624935$ & $0.109648$ & $0.0521492$ & $-0.513769$ & $-0.504928$ & $0.221378$ & $0.568502$ & $0.134987$ & $-0.105097$ & $-0.265759$ & $-0.185873$ & $-0.181268$ & $-0.100882$ & $0.035425$ & $0.0337687$ & $-0.557194$ & $-0.571936$ & $-0.559873$ & $-0.680688$ & $0.216076$ & $0.00832258$ & $1$ & $-0.205366$ & $-0.191844$ & $-0.0038305$ & $-0.0355938$ & $-0.0190552$ & $0.0562648$ & $-0.047061$ & $-0.268754$ & $0.0101588$ & $-0.00561839$ & $0.0140637$ & $0.00602265$ & $0.0172617$ & $-0.00369069$ & $0.0315401$ & $0.00108589$ & $-0.0174395$ & $-0.00238219$ & $0.0107324$ & $-0.00114482$ & $-0.0116276$ & $0.010071$ & $-0.015144$ \\
CHd_11 & $0.0114579$ & $-0.133707$ & $0.0655059$ & $0.00232306$ & $-0.0035619$ & $-0.0871639$ & $-0.0602391$ & $0.443741$ & $0.436559$ & $-0.251008$ & $-0.312319$ & $-0.117854$ & $0.134063$ & $-0.0945825$ & $-0.39364$ & $-0.373471$ & $-0.16344$ & $-0.00908262$ & $-0.0136866$ & $0.23522$ & $0.390153$ & $0.386397$ & $0.367684$ & $-0.431089$ & $0.200156$ & $-0.205366$ & $1$ & $0.106496$ & $0.00953245$ & $0.03292$ & $0.026038$ & $-0.0690307$ & $0.0507531$ & $0.691607$ & $-0.0642002$ & $0.0194613$ & $-0.0365584$ & $0.0030553$ & $-0.0352413$ & $0.00155501$ & $0.0124173$ & $-0.00226587$ & $-0.00179558$ & $-0.0372514$ & $-0.0458053$ & $-0.0442024$ & $0.0348089$ & $-0.0296037$ & $0.0371957$ \\
CHd_33 & $0.00526651$ & $-0.0183774$ & $-0.00602374$ & $0.00268317$ & $0.00228172$ & $-0.0771734$ & $-0.0345853$ & $0.300068$ & $0.294791$ & $-0.12845$ & $-0.331793$ & $-0.0703209$ & $0.0733326$ & $0.150943$ & $0.115408$ & $0.116216$ & $0.0575989$ & $-0.0257636$ & $-0.0257991$ & $0.326827$ & $0.333044$ & $0.326813$ & $0.0181394$ & $-0.029316$ & $-0.0171155$ & $-0.191844$ & $0.106496$ & $1$ & $-0.00353771$ & $0.0181253$ & $0.0190504$ & $-0.0378224$ & $0.036737$ & $0.151854$ & $-0.0355922$ & $-0.0029774$ & $0.00147838$ & $-0.0122571$ & $-0.00347075$ & $-0.00347234$ & $-2.64565e-06$ & $-0.00162492$ & $0.0110069$ & $-0.0081996$ & $-0.000788999$ & $-0.0140537$ & $-0.0115284$ & $0.00408265$ & $0.0187389$ \\
CeH_22r & $0.00731322$ & $-0.000589437$ & $-0.0148215$ & $0.0126259$ & $-0.00851025$ & $-0.00338036$ & $0.00799801$ & $0.0215465$ & $0.0278803$ & $-0.0193596$ & $-0.00777565$ & $0.0371278$ & $0.0495044$ & $-0.0195177$ & $0.000640512$ & $-0.00171638$ & $-0.0280043$ & $-0.0262176$ & $-0.02649$ & $0.00665654$ & $0.00897104$ & $0.00710404$ & $0.00238078$ & $-0.0267319$ & $-0.0297251$ & $-0.0038305$ & $0.00953245$ & $-0.00353771$ & $1$ & $0.0380442$ & $0.0249475$ & $-0.0111273$ & $0.0402083$ & $0.0168245$ & $-0.0188853$ & $-0.0281582$ & $-0.0177869$ & $-0.000371659$ & $0.00137501$ & $0.00902896$ & $-0.0201097$ & $-0.000756191$ & $-0.00477632$ & $0.0197177$ & $0.0131915$ & $0.0186577$ & $0.00519835$ & $0.00617158$ & $-0.000244449$ \\
CeH_33r & $-0.0161172$ & $0.0185664$ & $-0.0246699$ & $0.0200013$ & $-0.000560094$ & $0.00735778$ & $-0.139517$ & $0.110187$ & $0.131133$ & $-0.127695$ & $-0.0620344$ & $0.288908$ & $0.282238$ & $-0.0624897$ & $0.0362019$ & $0.0429202$ & $-0.104152$ & $-0.115971$ & $-0.120565$ & $0.0635789$ & $0.063254$ & $0.0625029$ & $0.00249077$ & $-0.110722$ & $-0.110569$ & $-0.0355938$ & $0.03292$ & $0.0181253$ & $0.0380442$ & $1$ & $0.310865$ & $0.0113583$ & $0.657684$ & $0.057282$ & $-0.013911$ & $-0.026093$ & $-0.127531$ & $-0.0188174$ & $-0.0082185$ & $-0.00509782$ & $-0.0265803$ & $-0.000917325$ & $0.0125537$ & $0.00177663$ & $0.0633049$ & $-0.0186745$ & $-0.00772546$ & $-0.00818704$ & $0.00886481$ \\
CuH_22r & $-0.0905756$ & $0.0394893$ & $0.0329903$ & $0.0154192$ & $-0.00547588$ & $-0.00290332$ & $-0.079612$ & $0.0661704$ & $0.0758726$ & $-0.0611273$ & $-0.0439143$ & $0.0966339$ & $0.12961$ & $-0.0255717$ & $0.0187756$ & $0.0272828$ & $-0.0456184$ & $-0.054197$ & $-0.0609882$ & $0.045605$ & $0.0463668$ & $0.0459842$ & $-0.00513157$ & $-0.0521292$ & $-0.0450854$ & $-0.0190552$ & $0.026038$ & $0.0190504$ & $0.0249475$ & $0.310865$ & $1$ & $0.0203569$ & $0.356807$ & $0.0401462$ & $0.125962$ & $-0.0125565$ & $-0.138536$ & $-0.0261656$ & $0.0278842$ & $-0.0209541$ & $-0.0798763$ & $-0.0132467$ & $-0.00116869$ & $0.0232113$ & $-0.0607826$ & $-0.00794067$ & $0.301967$ & $0.0128626$ & $-0.0147139$ \\
CuH_33r & $-0.0181243$ & $-0.00016002$ & $0.0225938$ & $-0.00247183$ & $-0.00208008$ & $0.00573527$ & $0.934624$ & $-0.116718$ & $-0.075744$ & $0.102287$ & $0.075388$ & $-0.0225225$ & $-0.264817$ & $0.0466617$ & $-0.0146721$ & $-0.00625891$ & $0.0785683$ & $0.090686$ & $0.0839719$ & $-0.0701143$ & $-0.0813936$ & $-0.0789914$ & $-0.0319665$ & $0.117933$ & $0.0832592$ & $0.0562648$ & $-0.0690307$ & $-0.0378224$ & $-0.0111273$ & $0.0113583$ & $0.0203569$ & $1$ & $0.00791162$ & $-0.08376$ & $0.0399205$ & $0.0270852$ & $-0.0243097$ & $0.00237736$ & $0.0224657$ & $-0.00301972$ & $0.00357091$ & $-0.00409408$ & $-0.00342669$ & $0.0188662$ & $0.0186374$ & $-0.0242314$ & $0.0143393$ & $0.00314974$ & $-0.0242983$ \\
CdH_33r & $-0.00256579$ & $0.0346258$ & $-0.00560695$ & $-0.0259704$ & $0.000950622$ & $0.0047059$ & $-0.17272$ & $0.118404$ & $0.137235$ & $-0.142973$ & $-0.0718916$ & $0.325407$ & $0.334943$ & $-0.0558705$ & $0.0302534$ & $0.0415782$ & $-0.1013$ & $-0.109647$ & $-0.117307$ & $0.0727134$ & $0.0742814$ & $0.0731102$ & $0.0127582$ & $-0.108528$ & $-0.102631$ & $-0.047061$ & $0.0507531$ & $0.036737$ & $0.0402083$ & $0.657684$ & $0.356807$ & $0.00791162$ & $1$ & $0.0690588$ & $-0.0251307$ & $-0.02608$ & $-0.126756$ & $-0.0125331$ & $-0.155$ & $-0.00208591$ & $0.0469127$ & $-0.0047134$ & $-0.0380453$ & $-0.0840101$ & $0.0833058$ & $-0.0357434$ & $0.00107813$ & $0.111729$ & $0.431913$ \\
CLL_1221 & $0.0243317$ & $-0.0770194$ & $0.0374191$ & $-0.00269398$ & $-0.0070418$ & $-0.119214$ & $-0.082222$ & $0.577092$ & $0.56794$ & $-0.356785$ & $-0.381721$ & $-0.10171$ & $0.212578$ & $-0.211409$ & $-0.589901$ & $-0.0927207$ & $-0.259906$ & $0.0251984$ & $-0.348724$ & $0.301298$ & $0.465144$ & $0.461937$ & $0.215897$ & $-0.638386$ & $-0.19945$ & $-0.268754$ & $0.691607$ & $0.151854$ & $0.0168245$ & $0.057282$ & $0.0401462$ & $-0.08376$ & $0.0690588$ & $1$ & $-0.0380741$ & $0.00662972$ & $-0.0293428$ & $0.0113993$ & $-0.0350307$ & $0.00232042$ & $0.00799908$ & $0.00233491$ & $0.000859031$ & $-0.0207774$ & $-0.0295254$ & $-0.041093$ & $0.0271635$ & $-0.00754068$ & $0.016985$ \\
eHggint & $-0.250421$ & $0.192538$ & $0.113148$ & $-0.0964064$ & $-0.00338064$ & $0.0161874$ & $-0.0338603$ & $-0.0439654$ & $-0.0629384$ & $0.0604228$ & $0.0404863$ & $0.0963108$ & $0.0187429$ & $-0.00876132$ & $0.0137031$ & $0.0166782$ & $0.00605453$ & $6.56579e-05$ & $-0.00166879$ & $-0.0309109$ & $-0.0390007$ & $-0.0363218$ & $-0.00505271$ & $0.0389333$ & $0.00191811$ & $0.0101588$ & $-0.0642002$ & $-0.0355922$ & $-0.0188853$ & $-0.013911$ & $0.125962$ & $0.0399205$ & $-0.0251307$ & $-0.0380741$ & $1$ & $-0.0487735$ & $-0.254365$ & $-0.0136119$ & $0.134196$ & $0.0537747$ & $-0.185833$ & $-0.0368147$ & $-0.122627$ & $0.172265$ & $-0.180802$ & $-0.122864$ & $0.366706$ & $0.224793$ & $-0.137518$ \\
eHggpar & $-0.0919167$ & $-0.331735$ & $0.124266$ & $-0.155874$ & $-0.00191957$ & $-0.0168689$ & $0.0029233$ & $0.032655$ & $0.0297611$ & $-0.00578644$ & $-0.0221365$ & $0.0306969$ & $0.0319589$ & $-0.00775931$ & $0.0102485$ & $0.0179273$ & $-0.0104083$ & $-0.0178232$ & $-0.0245613$ & $0.0180693$ & $0.0172343$ & $0.0155927$ & $0.00524538$ & $-0.0103302$ & $-0.000531777$ & $-0.00561839$ & $0.0194613$ & $-0.0029774$ & $-0.0281582$ & $-0.026093$ & $-0.0125565$ & $0.0270852$ & $-0.02608$ & $0.00662972$ & $-0.0487735$ & $1$ & $0.0863993$ & $-0.0198568$ & $-0.0904675$ & $0.0129125$ & $0.0903894$ & $-0.00478492$ & $0.0382376$ & $-0.151678$ & $-0.00359556$ & $-0.0486076$ & $0.0150811$ & $0.00327911$ & $-0.00309762$ \\
eHWWint & $0.197559$ & $-0.0748571$ & $0.0271766$ & $-0.168382$ & $-0.00879129$ & $-0.00483264$ & $0.0186306$ & $-0.0200287$ & $-0.0298905$ & $-0.00670404$ & $0.021527$ & $-0.0166665$ & $-0.013686$ & $-0.0102026$ & $0.0107216$ & $-0.00166144$ & $-0.00646501$ & $-0.0101936$ & $-0.00100069$ & $-0.0223022$ & $-0.0257717$ & $-0.0261488$ & $-0.0164312$ & $0.00234549$ & $-0.0311553$ & $0.0140637$ & $-0.0365584$ & $0.00147838$ & $-0.0177869$ & $-0.127531$ & $-0.138536$ & $-0.0243097$ & $-0.126756$ & $-0.0293428$ & $-0.254365$ & $0.0863993$ & $1$ & $0.00279605$ & $-0.193928$ & $-0.00954679$ & $0.313307$ & $0.0297843$ & $-0.063857$ & $-0.242831$ & $0.0361041$ & $0.0677976$ & $-0.204776$ & $-0.0746684$ & $0.078793$ \\
eHWWpar & $0.0153707$ & $-0.0119272$ & $0.03821$ & $-0.00145952$ & $-0.00263479$ & $-0.00631659$ & $0.0085846$ & $0.00577678$ & $0.00308822$ & $-0.00618901$ & $-0.00195649$ & $-0.00145016$ & $-0.0133096$ & $-0.00692969$ & $-0.00772569$ & $0.0026373$ & $-0.00622928$ & $-0.000938643$ & $-0.0107099$ & $0.00191028$ & $0.00264548$ & $0.000477466$ & $-0.00533225$ & $-0.0150543$ & $-0.00703636$ & $0.00602265$ & $0.0030553$ & $-0.0122571$ & $-0.000371659$ & $-0.0188174$ & $-0.0261656$ & $0.00237736$ & $-0.0125331$ & $0.0113993$ & $-0.0136119$ & $-0.0198568$ & $0.00279605$ & $1$ & $-0.00753971$ & $0.0126281$ & $-0.00413197$ & $0.00105186$ & $-0.0158063$ & $0.0143762$ & $0.0361118$ & $0.00194416$ & $-0.00210288$ & $-0.00227054$ & $0.041224$ \\
eHZZint & $-0.189785$ & $-0.167209$ & $-0.00384765$ & $-0.135759$ & $-0.0135824$ & $0.00966172$ & $0.00706469$ & $-0.0106726$ & $-0.00304832$ & $0.0204269$ & $0.00592545$ & $0.00721305$ & $-0.00760766$ & $0.0086859$ & $0.0217201$ & $0.0150496$ & $0.00913338$ & $8.0603e-05$ & $0.00591977$ & $-0.003179$ & $-0.010816$ & $-0.0124549$ & $-0.0213106$ & $0.0245958$ & $0.0134421$ & $0.0172617$ & $-0.0352413$ & $-0.00347075$ & $0.00137501$ & $-0.0082185$ & $0.0278842$ & $0.0224657$ & $-0.155$ & $-0.0350307$ & $0.134196$ & $-0.0904675$ & $-0.193928$ & $-0.00753971$ & $1$ & $0.0140477$ & $-0.0511908$ & $0.00221616$ & $0.14909$ & $0.178413$ & $-0.0772354$ & $-0.0726318$ & $0.0828147$ & $-0.057446$ & $-0.347442$ \\
eHZZpar & $-0.00286449$ & $-0.010517$ & $-0.0250271$ & $0.0046721$ & $-0.00437294$ & $0.00704992$ & $-0.00801466$ & $0.00722119$ & $0.00425038$ & $-0.00537871$ & $-0.00733587$ & $-0.0065852$ & $0.000456083$ & $0.00640727$ & $0.00261597$ & $-0.0101784$ & $4.49959e-05$ & $-0.00256803$ & $0.0068408$ & $0.00509922$ & $0.00852397$ & $0.00636376$ & $-0.000961949$ & $-0.00942269$ & $-0.00217788$ & $-0.00369069$ & $0.00155501$ & $-0.00347234$ & $0.00902896$ & $-0.00509782$ & $-0.0209541$ & $-0.00301972$ & $-0.00208591$ & $0.00232042$ & $0.0537747$ & $0.0129125$ & $-0.00954679$ & $0.0126281$ & $0.0140477$ & $1$ & $0.0134805$ & $0.00182462$ & $-0.00505154$ & $0.0207578$ & $0.0200812$ & $0.00503808$ & $-0.0178927$ & $-0.0109336$ & $0.00812771$ \\
eHZgaint & $0.168434$ & $0.0560328$ & $-0.187336$ & $-0.0596547$ & $-0.00396132$ & $0.00658366$ & $0.0169734$ & $-0.0150653$ & $-0.00962527$ & $-0.0357963$ & $0.0284123$ & $-0.0214284$ & $-0.00196452$ & $-0.0336807$ & $-0.023016$ & $-0.0141229$ & $-0.0306035$ & $-0.0135995$ & $-0.0185104$ & $-0.030455$ & $-0.0279333$ & $-0.0253907$ & $-0.00900698$ & $-0.0164805$ & $-0.0257908$ & $0.0315401$ & $0.0124173$ & $-2.64565e-06$ & $-0.0201097$ & $-0.0265803$ & $-0.0798763$ & $0.00357091$ & $0.0469127$ & $0.00799908$ & $-0.185833$ & $0.0903894$ & $0.313307$ & $-0.00413197$ & $-0.0511908$ & $0.0134805$ & $1$ & $0.0415226$ & $0.0876741$ & $-0.0362641$ & $0.0413077$ & $-0.142008$ & $-0.146821$ & $-0.0162942$ & $0.187501$ \\
eHZgapar & $0.0383874$ & $0.0127933$ & $-0.00439529$ & $-0.00985016$ & $-0.00347934$ & $0.00210827$ & $-0.00180219$ & $0.00519301$ & $0.00768325$ & $-0.00523496$ & $0.000451509$ & $-0.00337923$ & $0.000635473$ & $-0.0115406$ & $0.00324828$ & $-0.00201008$ & $-0.0106226$ & $-0.0141146$ & $-0.00943725$ & $-0.00105215$ & $-3.33874e-05$ & $-0.000853094$ & $-0.00147183$ & $-0.0100151$ & $-0.0190595$ & $0.00108589$ & $-0.00226587$ & $-0.00162492$ & $-0.000756191$ & $-0.000917325$ & $-0.0132467$ & $-0.00409408$ & $-0.0047134$ & $0.00233491$ & $-0.0368147$ & $-0.00478492$ & $0.0297843$ & $0.00105186$ & $0.00221616$ & $0.00182462$ & $0.0415226$ & $1$ & $0.0307993$ & $-0.0462307$ & $-0.00897815$ & $0.0116584$ & $-0.0382878$ & $-0.0275265$ & $0.0108068$ \\
eHgagaint & $0.172925$ & $-0.0453018$ & $-0.117736$ & $-0.0318413$ & $-0.00885194$ & $-0.000406772$ & $0.00166676$ & $0.00343075$ & $0.062437$ & $-0.0177518$ & $-0.00395634$ & $-0.0329554$ & $-0.0061788$ & $-0.00163737$ & $-0.000104942$ & $-0.00302938$ & $-0.00188302$ & $-0.00158949$ & $0.000350942$ & $0.00150178$ & $0.00100112$ & $-8.2982e-05$ & $0.0157023$ & $-0.0153664$ & $-0.0159252$ & $-0.0174395$ & $-0.00179558$ & $0.0110069$ & $-0.00477632$ & $0.0125537$ & $-0.00116869$ & $-0.00342669$ & $-0.0380453$ & $0.000859031$ & $-0.122627$ & $0.0382376$ & $-0.063857$ & $-0.0158063$ & $0.14909$ & $-0.00505154$ & $0.0876741$ & $0.0307993$ & $1$ & $-0.11876$ & $0.00911971$ & $0.140077$ & $-0.0356557$ & $0.248058$ & $-0.196397$ \\
eHmumuint & $-0.0640724$ & $-0.170079$ & $0.0896182$ & $-0.0999631$ & $0.00370262$ & $0.00602478$ & $0.00857649$ & $-0.00098768$ & $-0.00775062$ & $0.000979395$ & $0.00129123$ & $0.00117782$ & $-0.0173636$ & $0.007434$ & $0.013498$ & $0.0211806$ & $-0.00321049$ & $-0.00270349$ & $-0.0108696$ & $-0.000625644$ & $-0.00631034$ & $-0.00541105$ & $-0.0011615$ & $0.00573883$ & $-0.0121736$ & $-0.00238219$ & $-0.0372514$ & $-0.0081996$ & $0.0197177$ & $0.00177663$ & $0.0232113$ & $0.0188662$ & $-0.0840101$ & $-0.0207774$ & $0.172265$ & $-0.151678$ & $-0.242831$ & $0.0143762$ & $0.178413$ & $0.0207578$ & $-0.0362641$ & $-0.0462307$ & $-0.11876$ & $1$ & $0.0107748$ & $0.055072$ & $0.0477861$ & $0.0267913$ & $-0.23831$ \\
eHtautauint & $0.0605465$ & $-0.0587067$ & $-0.245892$ & $-0.124811$ & $0.00794969$ & $-0.00598912$ & $0.0317185$ & $-0.00889074$ & $-0.00525599$ & $-0.00589616$ & $0.00152921$ & $-0.021864$ & $-0.0203523$ & $0.00527546$ & $0.0256018$ & $0.0195805$ & $0.0101677$ & $-0.00365506$ & $-0.000423234$ & $-0.000952851$ & $-0.00749755$ & $-0.00809922$ & $-0.024905$ & $0.0089528$ & $-0.0175853$ & $0.0107324$ & $-0.0458053$ & $-0.000788999$ & $0.0131915$ & $0.0633049$ & $-0.0607826$ & $0.0186374$ & $0.0833058$ & $-0.0295254$ & $-0.180802$ & $-0.00359556$ & $0.0361041$ & $0.0361118$ & $-0.0772354$ & $0.0200812$ & $0.0413077$ & $-0.00897815$ & $0.00911971$ & $0.0107748$ & $1$ & $-0.122973$ & $-0.20515$ & $-0.0269158$ & $0.192325$ \\
eHccint & $0.152436$ & $-0.125475$ & $0.0196667$ & $0.154814$ & $-0.0192448$ & $0.019905$ & $-0.00636823$ & $-0.0319524$ & $-0.0234384$ & $0.0192421$ & $0.0160286$ & $-0.0168312$ & $-0.0308172$ & $0.0248843$ & $0.00851301$ & $0.00919659$ & $0.0240557$ & $0.026036$ & $0.0253451$ & $-0.0158385$ & $-0.0228769$ & $-0.0230642$ & $-2.15531e-05$ & $0.0335424$ & $0.00316334$ & $-0.00114482$ & $-0.0442024$ & $-0.0140537$ & $0.0186577$ & $-0.0186745$ & $-0.00794067$ & $-0.0242314$ & $-0.0357434$ & $-0.041093$ & $-0.122864$ & $-0.0486076$ & $0.0677976$ & $0.00194416$ & $-0.0726318$ & $0.00503808$ & $-0.142008$ & $0.0116584$ & $0.140077$ & $0.055072$ & $-0.122973$ & $1$ & $-0.111094$ & $-0.0584867$ & $-0.0229888$ \\
eHccpar & $-0.289444$ & $0.109382$ & $0.129614$ & $-0.0495631$ & $0.00500051$ & $-0.00489681$ & $-0.0152484$ & $0.0181341$ & $0.0140371$ & $0.0158485$ & $-0.0195117$ & $0.0317524$ & $0.00712911$ & $0.00939524$ & $-0.00540421$ & $0.0156329$ & $0.00993386$ & $0.00914762$ & $-0.00798728$ & $0.0228305$ & $0.0249754$ & $0.0246967$ & $0.0116206$ & $0.00846348$ & $0.0404572$ & $-0.0116276$ & $0.0348089$ & $-0.0115284$ & $0.00519835$ & $-0.00772546$ & $0.301967$ & $0.0143393$ & $0.00107813$ & $0.0271635$ & $0.366706$ & $0.0150811$ & $-0.204776$ & $-0.00210288$ & $0.0828147$ & $-0.0178927$ & $-0.146821$ & $-0.0382878$ & $-0.0356557$ & $0.0477861$ & $-0.20515$ & $-0.111094$ & $1$ & $0.0182764$ & $-0.0226187$ \\
eHbbint & $-0.0148256$ & $0.124029$ & $-0.0552108$ & $-0.200314$ & $0.00827465$ & $0.0014084$ & $-0.0099333$ & $-0.0241655$ & $-0.012111$ & $-0.0042182$ & $0.0261514$ & $-0.0012415$ & $0.000166975$ & $-0.0137249$ & $-0.00891492$ & $-0.00311816$ & $-0.00622529$ & $0.000648634$ & $-0.00219207$ & $-0.0232452$ & $-0.0248754$ & $-0.0196606$ & $-0.0120736$ & $0.0108079$ & $-0.0147076$ & $0.010071$ & $-0.0296037$ & $0.00408265$ & $0.00617158$ & $-0.00818704$ & $0.0128626$ & $0.00314974$ & $0.111729$ & $-0.00754068$ & $0.224793$ & $0.00327911$ & $-0.0746684$ & $-0.00227054$ & $-0.057446$ & $-0.0109336$ & $-0.0162942$ & $-0.0275265$ & $0.248058$ & $0.0267913$ & $-0.0269158$ & $-0.0584867$ & $0.0182764$ & $1$ & $-0.0101919$ \\
eHbbpar & $0.026151$ & $0.009523$ & $0.0196601$ & $-0.0809784$ & $0.011592$ & $-0.00738411$ & $-0.0131446$ & $0.000263081$ & $-0.00953731$ & $-0.00679302$ & $-0.00862545$ & $-0.0199643$ & $-0.00701375$ & $0.017817$ & $-0.0194526$ & $-0.0124114$ & $0.0192111$ & $0.0277372$ & $0.022457$ & $0.00621522$ & $0.01078$ & $0.00971203$ & $0.0190079$ & $0.0196353$ & $0.0336476$ & $-0.015144$ & $0.0371957$ & $0.0187389$ & $-0.000244449$ & $0.00886481$ & $-0.0147139$ & $-0.0242983$ & $0.431913$ & $0.016985$ & $-0.137518$ & $-0.00309762$ & $0.078793$ & $0.041224$ & $-0.347442$ & $0.00812771$ & $0.187501$ & $0.0108068$ & $-0.196397$ & $-0.23831$ & $0.192325$ & $-0.0229888$ & $-0.0226187$ & $-0.0101919$ & $1$ \\
