 & AlsMz & dAle5Mz & mtop & mHl & Mz & CW & CHG & CHWB & CHWHB_gaga & CHWHB_gagaorth & CHD & CHbox & CH & CHL1_11 & CHL1_22 & CHL1_33 & CHL3_11 & CHL3_22 & CHL3_33 & CHe_11 & CHe_22 & CHe_33 & CHQ1_11 & CHQ1_33 & CHQ3_11 & CHu_11 & CHd_11 & CHd_33 & CeH_22r & CeH_33r & CuH_22r & CuH_33r & CdH_33r & CLL_1221 & eHggint & eHggpar & eHWWint & eHWWpar & eHZZint & eHZZpar & eHZgaint & eHZgapar & eHgagaint & eHmumuint & eHtautauint & eHccint & eHccpar & eHbbint & eHbbpar \\
AlsMz & $1$ & $-0.335379$ & $0.115281$ & $-0.139533$ & $0.0120318$ & $0.152814$ & $-0.238945$ & $0.0865377$ & $0.0742468$ & $-0.0894037$ & $0.0102584$ & $0.247634$ & $0.267907$ & $-0.117061$ & $0.0201546$ & $0.02015$ & $-0.221815$ & $-0.183018$ & $-0.177387$ & $-0.011066$ & $-0.0141743$ & $-0.0123328$ & $-0.0823477$ & $-0.168018$ & $-0.206587$ & $0.0623136$ & $0.00572465$ & $-0.043499$ & $-0.0205485$ & $0.0443795$ & $0.0755593$ & $-0.235375$ & $0.0566386$ & $0.0236466$ & $-0.147574$ & $-0.0557974$ & $-0.169773$ & $0.030931$ & $0.160189$ & $-0.17752$ & $-0.246785$ & $-0.0216572$ & $-0.251835$ & $-0.330033$ & $0.132493$ & $0.0782424$ & $0.304924$ & $0.266097$ & $-0.298998$ \\
dAle5Mz & $-0.335379$ & $1$ & $-0.177548$ & $0.146524$ & $-0.00831992$ & $-0.0515655$ & $0.216014$ & $-0.0423064$ & $-0.0238501$ & $0.0409258$ & $-0.00477838$ & $-0.166811$ & $-0.196949$ & $0.0542097$ & $0.049917$ & $0.0451062$ & $0.0871318$ & $0.0472364$ & $0.0511275$ & $0.0153317$ & $0.00247431$ & $0.00647939$ & $0.0193206$ & $0.0823495$ & $0.0363922$ & $-0.0513631$ & $-0.129102$ & $0.048811$ & $0.0304979$ & $-0.0339204$ & $-0.0950405$ & $0.214749$ & $-0.0345105$ & $-0.0570221$ & $0.0706662$ & $0.000230782$ & $-0.0864627$ & $0.0298539$ & $-0.348153$ & $0.247735$ & $0.40744$ & $0.178442$ & $0.25675$ & $-0.0739059$ & $-0.0463375$ & $-0.27778$ & $-0.503997$ & $-0.131719$ & $0.213288$ \\
mtop & $0.115281$ & $-0.177548$ & $1$ & $-0.16938$ & $0.0122412$ & $-0.01405$ & $-0.271707$ & $0.151609$ & $0.123746$ & $-0.100969$ & $-0.130798$ & $0.0302161$ & $0.075062$ & $0.0147096$ & $0.0333166$ & $0.0813351$ & $-0.0116416$ & $-0.0388232$ & $-0.0725741$ & $0.128812$ & $0.133339$ & $0.130508$ & $0.0316365$ & $-0.0950254$ & $-0.0377515$ & $-0.0811502$ & $0.109546$ & $0.0277459$ & $0.0780062$ & $-0.0158584$ & $0.002967$ & $-0.299252$ & $-0.0085388$ & $0.109542$ & $-0.313067$ & $-0.0167467$ & $-0.114344$ & $-0.0494273$ & $0.231191$ & $0.0470761$ & $-0.395359$ & $-0.039648$ & $-0.522155$ & $-0.217711$ & $-0.35035$ & $-0.00307106$ & $0.141106$ & $0.122228$ & $-0.0639359$ \\
mHl & $-0.139533$ & $0.146524$ & $-0.16938$ & $1$ & $-0.0625926$ & $0.0220325$ & $-0.0464094$ & $0.00551976$ & $0.00682426$ & $-0.0244072$ & $0.00990865$ & $-0.014607$ & $-0.0113512$ & $-0.0010147$ & $-0.113426$ & $-0.0728349$ & $-0.0373132$ & $0.0394251$ & $0.0127229$ & $-0.020242$ & $0.00212114$ & $-0.000536206$ & $0.108832$ & $-0.0137532$ & $0.0375324$ & $-0.0477067$ & $0.176099$ & $-0.00320565$ & $-0.0862854$ & $-0.0205888$ & $0.0237179$ & $-0.0331379$ & $-0.0406775$ & $0.0958785$ & $0.140136$ & $0.484896$ & $0.055168$ & $-0.0682957$ & $-0.388903$ & $0.29933$ & $-0.141417$ & $0.127039$ & $0.147731$ & $0.591422$ & $-0.236378$ & $0.381427$ & $-0.321707$ & $-0.319104$ & $-0.183481$ \\
Mz & $0.0120318$ & $-0.00831992$ & $0.0122412$ & $-0.0625926$ & $1$ & $0.00255392$ & $-0.00514084$ & $-0.0370527$ & $-0.03452$ & $0.0124916$ & $0.0477635$ & $0.0368649$ & $0.0326327$ & $-0.0203607$ & $-0.0100839$ & $-6.3959e-05$ & $-0.00560335$ & $-0.000774851$ & $-0.00645564$ & $-0.0383334$ & $-0.0389122$ & $-0.0358964$ & $-0.00350855$ & $0.00236335$ & $-0.015757$ & $0.0150949$ & $-0.0562837$ & $-0.0204214$ & $0.0293488$ & $-0.00352329$ & $0.0092564$ & $-0.00386419$ & $0.0277907$ & $-0.0227518$ & $-0.0565143$ & $-0.067463$ & $0.00244645$ & $0.0247877$ & $0.0444866$ & $-0.000982767$ & $0.0110467$ & $0.0100636$ & $-0.00647608$ & $-0.0572026$ & $0.0385207$ & $-0.0262884$ & $0.0125805$ & $0.0304151$ & $0.0703375$ \\
CW & $0.152814$ & $-0.0515655$ & $-0.01405$ & $0.0220325$ & $0.00255392$ & $1$ & $-0.0153536$ & $-0.129518$ & $-0.122693$ & $-0.00549361$ & $0.205851$ & $0.0671405$ & $0.0401735$ & $-0.0219545$ & $-0.130949$ & $-0.0750299$ & $-0.303629$ & $-0.0638659$ & $-0.10022$ & $-0.204374$ & $-0.208002$ & $-0.206599$ & $-0.00887785$ & $-0.0314139$ & $-0.12951$ & $0.116444$ & $-0.105533$ & $-0.0727905$ & $0.0151129$ & $0.02079$ & $0.0140742$ & $-0.000290927$ & $0.0508405$ & $-0.0990936$ & $0.0488726$ & $-0.044403$ & $0.0136398$ & $0.0407582$ & $0.0835449$ & $-0.0160359$ & $-0.0418134$ & $0.0325691$ & $0.0851921$ & $0.0118125$ & $0.0858466$ & $0.111908$ & $0.126543$ & $0.05033$ & $0.0262824$ \\
CHG & $-0.238945$ & $0.216014$ & $-0.271707$ & $-0.0464094$ & $-0.00514084$ & $-0.0153536$ & $1$ & $-0.15422$ & $-0.0966807$ & $0.078802$ & $0.0988919$ & $-0.299095$ & $-0.350569$ & $0.0347636$ & $0.0812399$ & $-0.00896163$ & $0.0874599$ & $0.0344101$ & $0.095582$ & $-0.0869941$ & $-0.111441$ & $-0.108355$ & $-0.0326559$ & $0.146437$ & $0.0498127$ & $0.0515635$ & $-0.238576$ & $-0.056465$ & $-0.000430888$ & $-0.126665$ & $-0.104151$ & $0.937141$ & $-0.142379$ & $-0.202241$ & $-0.0307831$ & $-0.119157$ & $-0.0783641$ & $-0.107953$ & $-0.143686$ & $0.0296537$ & $0.244024$ & $0.104586$ & $0.248741$ & $-0.090392$ & $0.0919894$ & $-0.0806793$ & $-0.138836$ & $-0.0631021$ & $0.244849$ \\
CHWB & $0.0865377$ & $-0.0423064$ & $0.151609$ & $0.00551976$ & $-0.0370527$ & $-0.129518$ & $-0.15422$ & $1$ & $0.981841$ & $-0.526413$ & $-0.879354$ & $0.176449$ & $0.342184$ & $0.181959$ & $0.401906$ & $0.421093$ & $-0.148505$ & $-0.377906$ & $-0.393508$ & $0.862446$ & $0.887323$ & $0.868431$ & $-0.0180716$ & $-0.614959$ & $-0.384312$ & $-0.480634$ & $0.393239$ & $0.34126$ & $0.0229524$ & $0.0930128$ & $0.0526868$ & $-0.158569$ & $0.0567731$ & $0.522886$ & $-0.0259514$ & $0.0172718$ & $0.134881$ & $0.0161137$ & $-0.0960335$ & $0.0228092$ & $-0.195101$ & $-0.0478934$ & $-0.0477959$ & $0.0819503$ & $-0.145199$ & $-0.0206741$ & $0.00372496$ & $0.110266$ & $-0.292049$ \\
CHWHB_gaga & $0.0742468$ & $-0.0238501$ & $0.123746$ & $0.00682426$ & $-0.03452$ & $-0.122693$ & $-0.0966807$ & $0.981841$ & $1$ & $-0.51737$ & $-0.858403$ & $0.185173$ & $0.337502$ & $0.16786$ & $0.405598$ & $0.418151$ & $-0.15758$ & $-0.387474$ & $-0.397576$ & $0.843226$ & $0.86534$ & $0.846557$ & $-0.0192337$ & $-0.611092$ & $-0.390385$ & $-0.468992$ & $0.372771$ & $0.330161$ & $0.0273208$ & $0.116548$ & $0.0617253$ & $-0.109139$ & $0.0847926$ & $0.502763$ & $-0.0276445$ & $0.00642791$ & $0.134256$ & $0.0177808$ & $-0.109144$ & $0.0257008$ & $-0.172288$ & $-0.036377$ & $-0.00928068$ & $0.0848199$ & $-0.134144$ & $-0.0221923$ & $-0.0085835$ & $0.110571$ & $-0.274453$ \\
CHWHB_gagaorth & $-0.0894037$ & $0.0409258$ & $-0.100969$ & $-0.0244072$ & $0.0124916$ & $-0.00549361$ & $0.078802$ & $-0.526413$ & $-0.51737$ & $1$ & $0.31632$ & $0.0813936$ & $-0.226071$ & $0.182994$ & $-0.192949$ & $-0.234625$ & $0.386233$ & $0.454722$ & $0.475543$ & $-0.31722$ & $-0.319835$ & $-0.310801$ & $0.012426$ & $0.497406$ & $0.490993$ & $0.175456$ & $-0.1093$ & $-0.156115$ & $-0.0273763$ & $-0.100148$ & $-0.0485787$ & $0.101895$ & $-0.123135$ & $-0.274224$ & $0.0545731$ & $0.0403177$ & $-0.0378676$ & $0.00217667$ & $0.0789027$ & $-0.0154259$ & $0.137325$ & $0.00640328$ & $-0.0115253$ & $-0.0385846$ & $0.0728967$ & $-0.032056$ & $0.0326027$ & $-0.126999$ & $0.0962545$ \\
CHD & $0.0102584$ & $-0.00477838$ & $-0.130798$ & $0.00990865$ & $0.0477635$ & $0.205851$ & $0.0988919$ & $-0.879354$ & $-0.858403$ & $0.31632$ & $1$ & $0.0181702$ & $-0.150484$ & $-0.58015$ & $-0.46961$ & $-0.464793$ & $-0.307425$ & $-0.0117306$ & $0.000273035$ & $-0.992186$ & $-0.993557$ & $-0.971235$ & $0.0196644$ & $0.243348$ & $-0.0508277$ & $0.548496$ & $-0.355463$ & $-0.363289$ & $-0.0168892$ & $-0.0468323$ & $-0.0304784$ & $0.112398$ & $-0.00873415$ & $-0.367853$ & $0.022944$ & $-0.00534125$ & $-0.10203$ & $-0.0160667$ & $0.0778625$ & $-0.0366964$ & $0.130771$ & $0.0217182$ & $0.06651$ & $-0.0626104$ & $0.163603$ & $0.0418204$ & $0.0255094$ & $-0.0436553$ & $0.232199$ \\
CHbox & $0.247634$ & $-0.166811$ & $0.0302161$ & $-0.014607$ & $0.0368649$ & $0.0671405$ & $-0.299095$ & $0.176449$ & $0.185173$ & $0.0813936$ & $0.0181702$ & $1$ & $0.890985$ & $-0.306798$ & $0.0337116$ & $0.0327554$ & $-0.37715$ & $-0.361947$ & $-0.349796$ & $-0.0123328$ & $-0.0136315$ & $-0.0135054$ & $-0.0121905$ & $-0.336364$ & $-0.348089$ & $0.0351547$ & $0.0863155$ & $-0.060998$ & $0.0337794$ & $0.347631$ & $0.119444$ & $-0.224779$ & $0.415552$ & $0.106838$ & $-0.0178122$ & $-0.0107078$ & $0.0859685$ & $0.0483089$ & $0.165689$ & $-0.11318$ & $-0.0712986$ & $-0.0560295$ & $-0.085287$ & $-0.0270552$ & $0.197613$ & $0.0041089$ & $0.13357$ & $0.0303029$ & $-0.12145$ \\
CH & $0.267907$ & $-0.196949$ & $0.075062$ & $-0.0113512$ & $0.0326327$ & $0.0401735$ & $-0.350569$ & $0.342184$ & $0.337502$ & $-0.226071$ & $-0.150484$ & $0.890985$ & $1$ & $-0.226045$ & $0.0888731$ & $0.0973093$ & $-0.354432$ & $-0.374998$ & $-0.370266$ & $0.14967$ & $0.157293$ & $0.153514$ & $-0.00330359$ & $-0.409068$ & $-0.369324$ & $-0.0674753$ & $0.165367$ & $0.0203129$ & $0.0323798$ & $0.280245$ & $0.109118$ & $-0.307391$ & $0.330502$ & $0.204755$ & $-0.039111$ & $-0.0248876$ & $0.0982531$ & $0.0537064$ & $0.160269$ & $-0.113132$ & $-0.131507$ & $-0.0613894$ & $-0.119811$ & $-0.0129332$ & $0.160093$ & $0.0225015$ & $0.139778$ & $0.0461419$ & $-0.157994$ \\
CHL1_11 & $-0.117061$ & $0.0542097$ & $0.0147096$ & $-0.0010147$ & $-0.0203607$ & $-0.0219545$ & $0.0347636$ & $0.181959$ & $0.16786$ & $0.182994$ & $-0.58015$ & $-0.306798$ & $-0.226045$ & $1$ & $0.227995$ & $0.195372$ & $0.664315$ & $0.616133$ & $0.611088$ & $0.583101$ & $0.560595$ & $0.54331$ & $-0.0101781$ & $0.443747$ & $0.654811$ & $-0.31699$ & $0.0977632$ & $0.184741$ & $-0.00199753$ & $-0.0537259$ & $-0.0178748$ & $0.0152212$ & $-0.0716827$ & $-0.107947$ & $0.0132005$ & $-0.0130201$ & $0.0120622$ & $0.0156599$ & $-0.0017446$ & $0.032933$ & $0.00678078$ & $0.030172$ & $-0.0578323$ & $0.0203369$ & $-0.105861$ & $-0.0261754$ & $-0.027683$ & $-0.0539207$ & $-0.045414$ \\
CHL1_22 & $0.0201546$ & $0.049917$ & $0.0333166$ & $-0.113426$ & $-0.0100839$ & $-0.130949$ & $0.0812399$ & $0.401906$ & $0.405598$ & $-0.192949$ & $-0.46961$ & $0.0337116$ & $0.0888731$ & $0.227995$ & $1$ & $0.325772$ & $0.130015$ & $-0.477693$ & $-0.00651354$ & $0.515491$ & $0.409859$ & $0.395064$ & $-0.0803828$ & $0.00928803$ & $-0.0596298$ & $-0.221869$ & $-0.19459$ & $0.143051$ & $0.00775021$ & $0.0410093$ & $0.0151178$ & $0.0816828$ & $0.0599026$ & $-0.53444$ & $-0.0747263$ & $-0.131166$ & $-0.00730061$ & $-0.0181809$ & $0.0176476$ & $-0.015305$ & $0.126405$ & $-0.00770546$ & $0.0426472$ & $-0.0984919$ & $0.0346515$ & $-0.142409$ & $-0.0722656$ & $0.0771689$ & $0.0435992$ \\
CHL1_33 & $0.02015$ & $0.0451062$ & $0.0813351$ & $-0.0728349$ & $-6.3959e-05$ & $-0.0750299$ & $-0.00896163$ & $0.421093$ & $0.418151$ & $-0.234625$ & $-0.464793$ & $0.0327554$ & $0.0973093$ & $0.195372$ & $0.325772$ & $1$ & $0.082995$ & $-0.0360264$ & $-0.491813$ & $0.507768$ & $0.407624$ & $0.426118$ & $-0.0771189$ & $-0.0374429$ & $-0.0939165$ & $-0.218516$ & $-0.167313$ & $0.131988$ & $0.00569311$ & $0.0451161$ & $0.0252389$ & $-0.00636246$ & $0.0640449$ & $0.127131$ & $-0.0427442$ & $-0.101547$ & $-0.0296018$ & $0.00948866$ & $0.030924$ & $0.0090831$ & $0.0511667$ & $0.0237788$ & $0.0215634$ & $-0.0750531$ & $0.0127313$ & $-0.0678188$ & $-0.0575632$ & $0.0873858$ & $0.00354735$ \\
CHL3_11 & $-0.221815$ & $0.0871318$ & $-0.0116416$ & $-0.0373132$ & $-0.00560335$ & $-0.303629$ & $0.0874599$ & $-0.148505$ & $-0.15758$ & $0.386233$ & $-0.307425$ & $-0.37715$ & $-0.354432$ & $0.664315$ & $0.130015$ & $0.082995$ & $1$ & $0.741204$ & $0.74978$ & $0.312905$ & $0.293598$ & $0.286496$ & $0.0122881$ & $0.649461$ & $0.835057$ & $-0.189041$ & $0.0255303$ & $0.0767845$ & $-0.00862836$ & $-0.0866864$ & $-0.0437494$ & $0.0668185$ & $-0.101364$ & $-0.140193$ & $-0.00299628$ & $-0.000249732$ & $-0.0506864$ & $-0.00737048$ & $0.0126851$ & $0.0341842$ & $0.101563$ & $0.0440319$ & $-0.0561056$ & $-0.0274766$ & $-0.0649415$ & $-0.0450841$ & $-0.0649451$ & $-0.151213$ & $0.0981103$ \\
CHL3_22 & $-0.183018$ & $0.0472364$ & $-0.0388232$ & $0.0394251$ & $-0.000774851$ & $-0.0638659$ & $0.0344101$ & $-0.377906$ & $-0.387474$ & $0.454722$ & $-0.0117306$ & $-0.361947$ & $-0.374998$ & $0.616133$ & $-0.477693$ & $-0.0360264$ & $0.741204$ & $1$ & $0.663301$ & $0.003135$ & $0.0228614$ & $0.0266194$ & $0.0423949$ & $0.626382$ & $0.802181$ & $-0.0311532$ & $0.0779151$ & $-0.0188528$ & $-0.0130334$ & $-0.101955$ & $-0.0449597$ & $0.0168536$ & $-0.118715$ & $0.118247$ & $0.0480746$ & $0.0552269$ & $-0.0446622$ & $0.0142179$ & $0.0218064$ & $0.0361875$ & $0.0206527$ & $0.0511344$ & $-0.067628$ & $0.0296533$ & $-0.0653492$ & $0.0490814$ & $-0.00508205$ & $-0.156193$ & $0.0589395$ \\
CHL3_33 & $-0.177387$ & $0.0511275$ & $-0.0725741$ & $0.0127229$ & $-0.00645564$ & $-0.10022$ & $0.095582$ & $-0.393508$ & $-0.397576$ & $0.475543$ & $0.000273035$ & $-0.349796$ & $-0.370266$ & $0.611088$ & $-0.00651354$ & $-0.491813$ & $0.74978$ & $0.663301$ & $1$ & $-0.00709076$ & $0.0108767$ & $0.0129603$ & $0.0435774$ & $0.642961$ & $0.806903$ & $-0.0267127$ & $0.0619649$ & $-0.0127074$ & $-0.00898413$ & $-0.102853$ & $-0.0495769$ & $0.0765645$ & $-0.119638$ & $-0.34981$ & $0.0215362$ & $0.0339476$ & $-0.0237312$ & $-0.00426871$ & $0.0109921$ & $0.0195101$ & $0.0710435$ & $0.0243407$ & $-0.0521035$ & $0.00958345$ & $-0.0516194$ & $-0.00759222$ & $-0.0139517$ & $-0.163889$ & $0.086623$ \\
CHe_11 & $-0.011066$ & $0.0153317$ & $0.128812$ & $-0.020242$ & $-0.0383334$ & $-0.204374$ & $-0.0869941$ & $0.862446$ & $0.843226$ & $-0.31722$ & $-0.992186$ & $-0.0123328$ & $0.14967$ & $0.583101$ & $0.515491$ & $0.507768$ & $0.312905$ & $0.003135$ & $-0.00709076$ & $1$ & $0.980469$ & $0.959115$ & $-0.0281593$ & $-0.209559$ & $0.0599447$ & $-0.539931$ & $0.308346$ & $0.355443$ & $0.0171459$ & $0.0474578$ & $0.0291129$ & $-0.0997123$ & $0.0155495$ & $0.309493$ & $-0.0288034$ & $-0.0109372$ & $0.0921592$ & $0.0174891$ & $-0.0667046$ & $0.03595$ & $-0.106744$ & $-0.0174029$ & $-0.0576453$ & $0.047679$ & $-0.147695$ & $-0.0532035$ & $-0.0322599$ & $0.0464021$ & $-0.209269$ \\
CHe_22 & $-0.0141743$ & $0.00247431$ & $0.133339$ & $0.00212114$ & $-0.0389122$ & $-0.208002$ & $-0.111441$ & $0.887323$ & $0.86534$ & $-0.319835$ & $-0.993557$ & $-0.0136315$ & $0.157293$ & $0.560595$ & $0.409859$ & $0.407624$ & $0.293598$ & $0.0228614$ & $0.0108767$ & $0.980469$ & $1$ & $0.974008$ & $-0.00985686$ & $-0.277324$ & $0.0405429$ & $-0.551111$ & $0.403823$ & $0.36753$ & $0.0189624$ & $0.0467676$ & $0.0305327$ & $-0.125832$ & $0.00458541$ & $0.429206$ & $-0.017434$ & $0.0224768$ & $0.112032$ & $0.0179684$ & $-0.090966$ & $0.0403191$ & $-0.151039$ & $-0.0237171$ & $-0.071806$ & $0.0786367$ & $-0.177048$ & $-0.0317036$ & $-0.0223139$ & $0.0379492$ & $-0.24909$ \\
CHe_33 & $-0.0123328$ & $0.00647939$ & $0.130508$ & $-0.000536206$ & $-0.0358964$ & $-0.206599$ & $-0.108355$ & $0.868431$ & $0.846557$ & $-0.310801$ & $-0.971235$ & $-0.0135054$ & $0.153514$ & $0.54331$ & $0.395064$ & $0.426118$ & $0.286496$ & $0.0266194$ & $0.0129603$ & $0.959115$ & $0.974008$ & $1$ & $-0.00661352$ & $-0.27229$ & $0.0421009$ & $-0.540515$ & $0.400716$ & $0.362562$ & $0.0184342$ & $0.0395322$ & $0.0265204$ & $-0.123804$ & $-0.0035221$ & $0.429588$ & $-0.0219048$ & $0.0141294$ & $0.115301$ & $0.0208004$ & $-0.0805895$ & $0.0393366$ & $-0.145479$ & $-0.0259207$ & $-0.0746213$ & $0.0654567$ & $-0.171854$ & $-0.0386134$ & $-0.0124595$ & $0.0326743$ & $-0.241867$ \\
CHQ1_11 & $-0.0823477$ & $0.0193206$ & $0.0316365$ & $0.108832$ & $-0.00350855$ & $-0.00887785$ & $-0.0326559$ & $-0.0180716$ & $-0.0192337$ & $0.012426$ & $0.0196644$ & $-0.0121905$ & $-0.00330359$ & $-0.0101781$ & $-0.0803828$ & $-0.0771189$ & $0.0122881$ & $0.0423949$ & $0.0435774$ & $-0.0281593$ & $-0.00985686$ & $-0.00661352$ & $1$ & $-0.0102812$ & $0.0763452$ & $-0.689233$ & $0.20825$ & $0.0084995$ & $-0.0160185$ & $-0.0165576$ & $0.0063159$ & $-0.0342102$ & $-0.0319106$ & $0.0596391$ & $0.0236817$ & $0.130951$ & $0.00840622$ & $0.0125202$ & $-0.0448819$ & $0.117034$ & $-0.117735$ & $0.00880397$ & $-0.0839817$ & $0.06392$ & $-0.14326$ & $-0.0220284$ & $-0.0388631$ & $-0.0600198$ & $-0.0811026$ \\
CHQ1_33 & $-0.168018$ & $0.0823495$ & $-0.0950254$ & $-0.0137532$ & $0.00236335$ & $-0.0314139$ & $0.146437$ & $-0.614959$ & $-0.611092$ & $0.497406$ & $0.243348$ & $-0.336364$ & $-0.409068$ & $0.443747$ & $0.00928803$ & $-0.0374429$ & $0.649461$ & $0.626382$ & $0.642961$ & $-0.209559$ & $-0.277324$ & $-0.27229$ & $-0.0102812$ & $1$ & $0.714427$ & $0.131462$ & $-0.235593$ & $-0.0236598$ & $-0.0247836$ & $-0.112572$ & $-0.0576488$ & $0.133713$ & $-0.0986093$ & $-0.53673$ & $0.0140681$ & $-0.0237936$ & $-0.0930347$ & $-0.011422$ & $0.0734183$ & $0.00193192$ & $0.167057$ & $0.050293$ & $-0.00879449$ & $-0.0572276$ & $0.0465215$ & $-0.0279754$ & $-0.0518313$ & $-0.140275$ & $0.207352$ \\
CHQ3_11 & $-0.206587$ & $0.0363922$ & $-0.0377515$ & $0.0375324$ & $-0.015757$ & $-0.12951$ & $0.0498127$ & $-0.384312$ & $-0.390385$ & $0.490993$ & $-0.0508277$ & $-0.348089$ & $-0.369324$ & $0.654811$ & $-0.0596298$ & $-0.0939165$ & $0.835057$ & $0.802181$ & $0.806903$ & $0.0599447$ & $0.0405429$ & $0.0421009$ & $0.0763452$ & $0.714427$ & $1$ & $-0.0450863$ & $0.219618$ & $-0.0102939$ & $0.00434676$ & $-0.128037$ & $-0.0612455$ & $0.0229023$ & $-0.154666$ & $-0.257663$ & $0.0124494$ & $0.0733278$ & $0.0232783$ & $0.00260086$ & $-0.0129708$ & $0.0625644$ & $-0.00333923$ & $0.00956485$ & $-0.0759057$ & $0.0691219$ & $-0.106726$ & $0.00943728$ & $-0.024714$ & $-0.183106$ & $0.0117354$ \\
CHu_11 & $0.0623136$ & $-0.0513631$ & $-0.0811502$ & $-0.0477067$ & $0.0150949$ & $0.116444$ & $0.0515635$ & $-0.480634$ & $-0.468992$ & $0.175456$ & $0.548496$ & $0.0351547$ & $-0.0674753$ & $-0.31699$ & $-0.221869$ & $-0.218516$ & $-0.189041$ & $-0.0311532$ & $-0.0267127$ & $-0.539931$ & $-0.551111$ & $-0.540515$ & $-0.689233$ & $0.131462$ & $-0.0450863$ & $1$ & $-0.192214$ & $-0.207823$ & $0.0180177$ & $-0.0316561$ & $-0.0298511$ & $0.0550511$ & $-0.0100875$ & $-0.240225$ & $-0.0104666$ & $-0.0622738$ & $-0.000295802$ & $-0.0220014$ & $0.0469586$ & $-0.0865113$ & $0.0827182$ & $-0.0311903$ & $0.0692022$ & $-0.0214992$ & $0.143073$ & $0.0493754$ & $0.0550927$ & $0.0120977$ & $0.102678$ \\
CHd_11 & $0.00572465$ & $-0.129102$ & $0.109546$ & $0.176099$ & $-0.0562837$ & $-0.105533$ & $-0.238576$ & $0.393239$ & $0.372771$ & $-0.1093$ & $-0.355463$ & $0.0863155$ & $0.165367$ & $0.0977632$ & $-0.19459$ & $-0.167313$ & $0.0255303$ & $0.0779151$ & $0.0619649$ & $0.308346$ & $0.403823$ & $0.400716$ & $0.20825$ & $-0.235593$ & $0.219618$ & $-0.192214$ & $1$ & $0.152967$ & $0.041704$ & $-0.0348973$ & $-0.00638891$ & $-0.266672$ & $-0.122474$ & $0.530353$ & $0.00437022$ & $0.248636$ & $0.27993$ & $0.0209737$ & $-0.186323$ & $0.103051$ & $-0.440609$ & $-0.117654$ & $-0.160686$ & $0.301113$ & $-0.303409$ & $0.10124$ & $0.0663111$ & $-0.0786058$ & $-0.467732$ \\
CHd_33 & $-0.043499$ & $0.048811$ & $0.0277459$ & $-0.00320565$ & $-0.0204214$ & $-0.0727905$ & $-0.056465$ & $0.34126$ & $0.330161$ & $-0.156115$ & $-0.363289$ & $-0.060998$ & $0.0203129$ & $0.184741$ & $0.143051$ & $0.131988$ & $0.0767845$ & $-0.0188528$ & $-0.0127074$ & $0.355443$ & $0.36753$ & $0.362562$ & $0.0084995$ & $-0.0236598$ & $-0.0102939$ & $-0.207823$ & $0.152967$ & $1$ & $0.0215483$ & $-0.0261717$ & $-0.0019819$ & $-0.0714629$ & $-0.0676648$ & $0.175936$ & $0.0848822$ & $0.0447059$ & $0.0465749$ & $-0.0170009$ & $-0.0642357$ & $0.0119266$ & $-0.035618$ & $0.00174786$ & $-0.0356987$ & $0.0412197$ & $-0.0445485$ & $-0.0310228$ & $-0.0244141$ & $0.0185132$ & $-0.108925$ \\
CeH_22r & $-0.0205485$ & $0.0304979$ & $0.0780062$ & $-0.0862854$ & $0.0293488$ & $0.0151129$ & $-0.000430888$ & $0.0229524$ & $0.0273208$ & $-0.0273763$ & $-0.0168892$ & $0.0337794$ & $0.0323798$ & $-0.00199753$ & $0.00775021$ & $0.00569311$ & $-0.00862836$ & $-0.0130334$ & $-0.00898413$ & $0.0171459$ & $0.0189624$ & $0.0184342$ & $-0.0160185$ & $-0.0247836$ & $0.00434676$ & $0.0180177$ & $0.041704$ & $0.0215483$ & $1$ & $0.0406406$ & $0.0115766$ & $-0.0170932$ & $0.0398022$ & $0.0143466$ & $-0.0456412$ & $-0.00341119$ & $0.0532326$ & $0.0510814$ & $-0.00950557$ & $0.000470082$ & $0.0032453$ & $0.00124473$ & $-0.00313635$ & $-0.0220336$ & $-0.0214106$ & $-0.0122186$ & $-0.0166263$ & $-0.00899072$ & $0.0243516$ \\
CeH_33r & $0.0443795$ & $-0.0339204$ & $-0.0158584$ & $-0.0205888$ & $-0.00352329$ & $0.02079$ & $-0.126665$ & $0.0930128$ & $0.116548$ & $-0.100148$ & $-0.0468323$ & $0.347631$ & $0.280245$ & $-0.0537259$ & $0.0410093$ & $0.0451161$ & $-0.0866864$ & $-0.101955$ & $-0.102853$ & $0.0474578$ & $0.0467676$ & $0.0395322$ & $-0.0165576$ & $-0.112572$ & $-0.128037$ & $-0.0316561$ & $-0.0348973$ & $-0.0261717$ & $0.0406406$ & $1$ & $0.318453$ & $0.0232823$ & $0.72312$ & $0.0418702$ & $-0.0186366$ & $0.00900806$ & $-0.0248964$ & $-0.0176462$ & $0.0444118$ & $-0.0225651$ & $0.0175063$ & $0.0120317$ & $-0.0242444$ & $-0.0429566$ & $0.0809613$ & $0.0258247$ & $-0.00917307$ & $-0.00437888$ & $-0.00576048$ \\
CuH_22r & $0.0755593$ & $-0.0950405$ & $0.002967$ & $0.0237179$ & $0.0092564$ & $0.0140742$ & $-0.104151$ & $0.0526868$ & $0.0617253$ & $-0.0485787$ & $-0.0304784$ & $0.119444$ & $0.109118$ & $-0.0178748$ & $0.0151178$ & $0.0252389$ & $-0.0437494$ & $-0.0449597$ & $-0.0495769$ & $0.0291129$ & $0.0305327$ & $0.0265204$ & $0.0063159$ & $-0.0576488$ & $-0.0612455$ & $-0.0298511$ & $-0.00638891$ & $-0.0019819$ & $0.0115766$ & $0.318453$ & $1$ & $-0.0115808$ & $0.386589$ & $0.028114$ & $-0.0262409$ & $0.00434205$ & $0.012076$ & $-0.015528$ & $0.0528315$ & $-0.0184862$ & $-0.0239314$ & $-0.0178731$ & $-0.033874$ & $-0.0173384$ & $0.00128928$ & $0.0438053$ & $0.0580113$ & $0.0216$ & $-0.0584449$ \\
CuH_33r & $-0.235375$ & $0.214749$ & $-0.299252$ & $-0.0331379$ & $-0.00386419$ & $-0.000290927$ & $0.937141$ & $-0.158569$ & $-0.109139$ & $0.101895$ & $0.112398$ & $-0.224779$ & $-0.307391$ & $0.0152212$ & $0.0816828$ & $-0.00636246$ & $0.0668185$ & $0.0168536$ & $0.0765645$ & $-0.0997123$ & $-0.125832$ & $-0.123804$ & $-0.0342102$ & $0.133713$ & $0.0229023$ & $0.0550511$ & $-0.266672$ & $-0.0714629$ & $-0.0170932$ & $0.0232823$ & $-0.0115808$ & $1$ & $0.0543329$ & $-0.207677$ & $-0.00834986$ & $-0.104273$ & $-0.100072$ & $-0.118442$ & $-0.151034$ & $0.0370009$ & $0.256278$ & $0.119602$ & $0.263196$ & $-0.0917741$ & $0.109137$ & $-0.0718287$ & $-0.15237$ & $-0.0543419$ & $0.238144$ \\
CdH_33r & $0.0566386$ & $-0.0345105$ & $-0.0085388$ & $-0.0406775$ & $0.0277907$ & $0.0508405$ & $-0.142379$ & $0.0567731$ & $0.0847926$ & $-0.123135$ & $-0.00873415$ & $0.415552$ & $0.330502$ & $-0.0716827$ & $0.0599026$ & $0.0640449$ & $-0.101364$ & $-0.118715$ & $-0.119638$ & $0.0155495$ & $0.00458541$ & $-0.0035221$ & $-0.0319106$ & $-0.0986093$ & $-0.154666$ & $-0.0100875$ & $-0.122474$ & $-0.0676648$ & $0.0398022$ & $0.72312$ & $0.386589$ & $0.0543329$ & $1$ & $-0.00983747$ & $-0.0588588$ & $-0.0644332$ & $-0.0956932$ & $0.00453774$ & $0.0832772$ & $-0.0830644$ & $0.0717756$ & $0.0851467$ & $-0.00324107$ & $-0.108169$ & $0.151107$ & $0.0457207$ & $-0.0356152$ & $0.00825301$ & $0.128289$ \\
CLL_1221 & $0.0236466$ & $-0.0570221$ & $0.109542$ & $0.0958785$ & $-0.0227518$ & $-0.0990936$ & $-0.202241$ & $0.522886$ & $0.502763$ & $-0.274224$ & $-0.367853$ & $0.106838$ & $0.204755$ & $-0.107947$ & $-0.53444$ & $0.127131$ & $-0.140193$ & $0.118247$ & $-0.34981$ & $0.309493$ & $0.429206$ & $0.429588$ & $0.0596391$ & $-0.53673$ & $-0.257663$ & $-0.240225$ & $0.530353$ & $0.175936$ & $0.0143466$ & $0.0418702$ & $0.028114$ & $-0.207677$ & $-0.00983747$ & $1$ & $0.0377009$ & $0.134358$ & $0.117075$ & $0.0246522$ & $-0.108941$ & $0.0413573$ & $-0.266571$ & $-0.0294114$ & $-0.0816024$ & $0.149554$ & $-0.161931$ & $0.0953121$ & $0.047139$ & $0.00836399$ & $-0.276192$ \\
eHggint & $-0.147574$ & $0.0706662$ & $-0.313067$ & $0.140136$ & $-0.0565143$ & $0.0488726$ & $-0.0307831$ & $-0.0259514$ & $-0.0276445$ & $0.0545731$ & $0.022944$ & $-0.0178122$ & $-0.039111$ & $0.0132005$ & $-0.0747263$ & $-0.0427442$ & $-0.00299628$ & $0.0480746$ & $0.0215362$ & $-0.0288034$ & $-0.017434$ & $-0.0219048$ & $0.0236817$ & $0.0140681$ & $0.0124494$ & $-0.0104666$ & $0.00437022$ & $0.0848822$ & $-0.0456412$ & $-0.0186366$ & $-0.0262409$ & $-0.00834986$ & $-0.0588588$ & $0.0377009$ & $1$ & $0.210955$ & $0.0745897$ & $-0.0392972$ & $-0.0214007$ & $0.272027$ & $0.0776949$ & $0.0268226$ & $0.222093$ & $0.332824$ & $0.01325$ & $-0.0875521$ & $0.0526973$ & $0.265176$ & $-0.314798$ \\
eHggpar & $-0.0557974$ & $0.000230782$ & $-0.0167467$ & $0.484896$ & $-0.067463$ & $-0.044403$ & $-0.119157$ & $0.0172718$ & $0.00642791$ & $0.0403177$ & $-0.00534125$ & $-0.0107078$ & $-0.0248876$ & $-0.0130201$ & $-0.131166$ & $-0.101547$ & $-0.000249732$ & $0.0552269$ & $0.0339476$ & $-0.0109372$ & $0.0224768$ & $0.0141294$ & $0.130951$ & $-0.0237936$ & $0.0733278$ & $-0.0622738$ & $0.248636$ & $0.0447059$ & $-0.00341119$ & $0.00900806$ & $0.00434205$ & $-0.104273$ & $-0.0644332$ & $0.134358$ & $0.210955$ & $1$ & $-0.201615$ & $-0.154837$ & $-0.541542$ & $0.260669$ & $-0.225741$ & $0.0180855$ & $-0.148189$ & $0.48569$ & $-0.388653$ & $0.452645$ & $-0.472699$ & $-0.157944$ & $-0.334572$ \\
eHWWint & $-0.169773$ & $-0.0864627$ & $-0.114344$ & $0.055168$ & $0.00244645$ & $0.0136398$ & $-0.0783641$ & $0.134881$ & $0.134256$ & $-0.0378676$ & $-0.10203$ & $0.0859685$ & $0.0982531$ & $0.0120622$ & $-0.00730061$ & $-0.0296018$ & $-0.0506864$ & $-0.0446622$ & $-0.0237312$ & $0.0921592$ & $0.112032$ & $0.115301$ & $0.00840622$ & $-0.0930347$ & $0.0232783$ & $-0.000295802$ & $0.27993$ & $0.0465749$ & $0.0532326$ & $-0.0248964$ & $0.012076$ & $-0.100072$ & $-0.0956932$ & $0.117075$ & $0.0745897$ & $-0.201615$ & $1$ & $0.0391802$ & $0.11117$ & $-0.133185$ & $-0.059413$ & $-0.376161$ & $0.198912$ & $0.303614$ & $-0.098109$ & $-0.178898$ & $0.335933$ & $0.0260737$ & $-0.253951$ \\
eHWWpar & $0.030931$ & $0.0298539$ & $-0.0494273$ & $-0.0682957$ & $0.0247877$ & $0.0407582$ & $-0.107953$ & $0.0161137$ & $0.0177808$ & $0.00217667$ & $-0.0160667$ & $0.0483089$ & $0.0537064$ & $0.0156599$ & $-0.0181809$ & $0.00948866$ & $-0.00737048$ & $0.0142179$ & $-0.00426871$ & $0.0174891$ & $0.0179684$ & $0.0208004$ & $0.0125202$ & $-0.011422$ & $0.00260086$ & $-0.0220014$ & $0.0209737$ & $-0.0170009$ & $0.0510814$ & $-0.0176462$ & $-0.015528$ & $-0.118442$ & $0.00453774$ & $0.0246522$ & $-0.0392972$ & $-0.154837$ & $0.0391802$ & $1$ & $0.177606$ & $0.017984$ & $0.150542$ & $0.0791219$ & $0.110912$ & $-0.0112641$ & $0.0907556$ & $-0.0559715$ & $0.138866$ & $-0.0141658$ & $0.126502$ \\
eHZZint & $0.160189$ & $-0.348153$ & $0.231191$ & $-0.388903$ & $0.0444866$ & $0.0835449$ & $-0.143686$ & $-0.0960335$ & $-0.109144$ & $0.0789027$ & $0.0778625$ & $0.165689$ & $0.160269$ & $-0.0017446$ & $0.0176476$ & $0.030924$ & $0.0126851$ & $0.0218064$ & $0.0109921$ & $-0.0667046$ & $-0.090966$ & $-0.0805895$ & $-0.0448819$ & $0.0734183$ & $-0.0129708$ & $0.0469586$ & $-0.186323$ & $-0.0642357$ & $-0.00950557$ & $0.0444118$ & $0.0528315$ & $-0.151034$ & $0.0832772$ & $-0.108941$ & $-0.0214007$ & $-0.541542$ & $0.11117$ & $0.177606$ & $1$ & $-0.195864$ & $0.208443$ & $-0.0921977$ & $-0.251071$ & $-0.332745$ & $0.382849$ & $-0.286531$ & $0.675126$ & $0.00470544$ & $0.219033$ \\
eHZZpar & $-0.17752$ & $0.247735$ & $0.0470761$ & $0.29933$ & $-0.000982767$ & $-0.0160359$ & $0.0296537$ & $0.0228092$ & $0.0257008$ & $-0.0154259$ & $-0.0366964$ & $-0.11318$ & $-0.113132$ & $0.032933$ & $-0.015305$ & $0.0090831$ & $0.0341842$ & $0.0361875$ & $0.0195101$ & $0.03595$ & $0.0403191$ & $0.0393366$ & $0.117034$ & $0.00193192$ & $0.0625644$ & $-0.0865113$ & $0.103051$ & $0.0119266$ & $0.000470082$ & $-0.0225651$ & $-0.0184862$ & $0.0370009$ & $-0.0830644$ & $0.0413573$ & $0.272027$ & $0.260669$ & $-0.133185$ & $0.017984$ & $-0.195864$ & $1$ & $-0.027392$ & $0.0142849$ & $0.140918$ & $0.30533$ & $-0.253632$ & $-0.00483898$ & $-0.242827$ & $0.0770229$ & $-0.240965$ \\
eHZgaint & $-0.246785$ & $0.40744$ & $-0.395359$ & $-0.141417$ & $0.0110467$ & $-0.0418134$ & $0.244024$ & $-0.195101$ & $-0.172288$ & $0.137325$ & $0.130771$ & $-0.0712986$ & $-0.131507$ & $0.00678078$ & $0.126405$ & $0.0511667$ & $0.101563$ & $0.0206527$ & $0.0710435$ & $-0.106744$ & $-0.151039$ & $-0.145479$ & $-0.117735$ & $0.167057$ & $-0.00333923$ & $0.0827182$ & $-0.440609$ & $-0.035618$ & $0.0032453$ & $0.0175063$ & $-0.0239314$ & $0.256278$ & $0.0717756$ & $-0.266571$ & $0.0776949$ & $-0.225741$ & $-0.059413$ & $0.150542$ & $0.208443$ & $-0.027392$ & $1$ & $0.146336$ & $0.306733$ & $-0.127499$ & $0.404976$ & $-0.263302$ & $-0.207838$ & $-0.2122$ & $0.540894$ \\
eHZgapar & $-0.0216572$ & $0.178442$ & $-0.039648$ & $0.127039$ & $0.0100636$ & $0.0325691$ & $0.104586$ & $-0.0478934$ & $-0.036377$ & $0.00640328$ & $0.0217182$ & $-0.0560295$ & $-0.0613894$ & $0.030172$ & $-0.00770546$ & $0.0237788$ & $0.0440319$ & $0.0511344$ & $0.0243407$ & $-0.0174029$ & $-0.0237171$ & $-0.0259207$ & $0.00880397$ & $0.050293$ & $0.00956485$ & $-0.0311903$ & $-0.117654$ & $0.00174786$ & $0.00124473$ & $0.0120317$ & $-0.0178731$ & $0.119602$ & $0.0851467$ & $-0.0294114$ & $0.0268226$ & $0.0180855$ & $-0.376161$ & $0.0791219$ & $-0.0921977$ & $0.0142849$ & $0.146336$ & $1$ & $0.146659$ & $0.00177189$ & $0.249128$ & $0.251101$ & $-0.206438$ & $-0.227239$ & $0.282213$ \\
eHgagaint & $-0.251835$ & $0.25675$ & $-0.522155$ & $0.147731$ & $-0.00647608$ & $0.0851921$ & $0.248741$ & $-0.0477959$ & $-0.00928068$ & $-0.0115253$ & $0.06651$ & $-0.085287$ & $-0.119811$ & $-0.0578323$ & $0.0426472$ & $0.0215634$ & $-0.0561056$ & $-0.067628$ & $-0.0521035$ & $-0.0576453$ & $-0.071806$ & $-0.0746213$ & $-0.0839817$ & $-0.00879449$ & $-0.0759057$ & $0.0692022$ & $-0.160686$ & $-0.0356987$ & $-0.00313635$ & $-0.0242444$ & $-0.033874$ & $0.263196$ & $-0.00324107$ & $-0.0816024$ & $0.222093$ & $-0.148189$ & $0.198912$ & $0.110912$ & $-0.251071$ & $0.140918$ & $0.306733$ & $0.146659$ & $1$ & $0.402877$ & $0.184081$ & $0.0973352$ & $-0.118873$ & $0.0385526$ & $0.149527$ \\
eHmumuint & $-0.330033$ & $-0.0739059$ & $-0.217711$ & $0.591422$ & $-0.0572026$ & $0.0118125$ & $-0.090392$ & $0.0819503$ & $0.0848199$ & $-0.0385846$ & $-0.0626104$ & $-0.0270552$ & $-0.0129332$ & $0.0203369$ & $-0.0984919$ & $-0.0750531$ & $-0.0274766$ & $0.0296533$ & $0.00958345$ & $0.047679$ & $0.0786367$ & $0.0654567$ & $0.06392$ & $-0.0572276$ & $0.0691219$ & $-0.0214992$ & $0.301113$ & $0.0412197$ & $-0.0220336$ & $-0.0429566$ & $-0.0173384$ & $-0.0917741$ & $-0.108169$ & $0.149554$ & $0.332824$ & $0.48569$ & $0.303614$ & $-0.0112641$ & $-0.332745$ & $0.30533$ & $-0.127499$ & $0.00177189$ & $0.402877$ & $1$ & $-0.257227$ & $0.370927$ & $-0.193701$ & $-0.138641$ & $-0.343712$ \\
eHtautauint & $0.132493$ & $-0.0463375$ & $-0.35035$ & $-0.236378$ & $0.0385207$ & $0.0858466$ & $0.0919894$ & $-0.145199$ & $-0.134144$ & $0.0728967$ & $0.163603$ & $0.197613$ & $0.160093$ & $-0.105861$ & $0.0346515$ & $0.0127313$ & $-0.0649415$ & $-0.0653492$ & $-0.0516194$ & $-0.147695$ & $-0.177048$ & $-0.171854$ & $-0.14326$ & $0.0465215$ & $-0.106726$ & $0.143073$ & $-0.303409$ & $-0.0445485$ & $-0.0214106$ & $0.0809613$ & $0.00128928$ & $0.109137$ & $0.151107$ & $-0.161931$ & $0.01325$ & $-0.388653$ & $-0.098109$ & $0.0907556$ & $0.382849$ & $-0.253632$ & $0.404976$ & $0.249128$ & $0.184081$ & $-0.257227$ & $1$ & $0.0103692$ & $0.264556$ & $-0.249236$ & $0.495302$ \\
eHccint & $0.0782424$ & $-0.27778$ & $-0.00307106$ & $0.381427$ & $-0.0262884$ & $0.111908$ & $-0.0806793$ & $-0.0206741$ & $-0.0221923$ & $-0.032056$ & $0.0418204$ & $0.0041089$ & $0.0225015$ & $-0.0261754$ & $-0.142409$ & $-0.0678188$ & $-0.0450841$ & $0.0490814$ & $-0.00759222$ & $-0.0532035$ & $-0.0317036$ & $-0.0386134$ & $-0.0220284$ & $-0.0279754$ & $0.00943728$ & $0.0493754$ & $0.10124$ & $-0.0310228$ & $-0.0122186$ & $0.0258247$ & $0.0438053$ & $-0.0718287$ & $0.0457207$ & $0.0953121$ & $-0.0875521$ & $0.452645$ & $-0.178898$ & $-0.0559715$ & $-0.286531$ & $-0.00483898$ & $-0.263302$ & $0.251101$ & $0.0973352$ & $0.370927$ & $0.0103692$ & $1$ & $-0.18839$ & $-0.355188$ & $0.088134$ \\
eHccpar & $0.304924$ & $-0.503997$ & $0.141106$ & $-0.321707$ & $0.0125805$ & $0.126543$ & $-0.138836$ & $0.00372496$ & $-0.0085835$ & $0.0326027$ & $0.0255094$ & $0.13357$ & $0.139778$ & $-0.027683$ & $-0.0722656$ & $-0.0575632$ & $-0.0649451$ & $-0.00508205$ & $-0.0139517$ & $-0.0322599$ & $-0.0223139$ & $-0.0124595$ & $-0.0388631$ & $-0.0518313$ & $-0.024714$ & $0.0550927$ & $0.0663111$ & $-0.0244141$ & $-0.0166263$ & $-0.00917307$ & $0.0580113$ & $-0.15237$ & $-0.0356152$ & $0.047139$ & $0.0526973$ & $-0.472699$ & $0.335933$ & $0.138866$ & $0.675126$ & $-0.242827$ & $-0.207838$ & $-0.206438$ & $-0.118873$ & $-0.193701$ & $0.264556$ & $-0.18839$ & $1$ & $0.140847$ & $-0.134715$ \\
eHbbint & $0.266097$ & $-0.131719$ & $0.122228$ & $-0.319104$ & $0.0304151$ & $0.05033$ & $-0.0631021$ & $0.110266$ & $0.110571$ & $-0.126999$ & $-0.0436553$ & $0.0303029$ & $0.0461419$ & $-0.0539207$ & $0.0771689$ & $0.0873858$ & $-0.151213$ & $-0.156193$ & $-0.163889$ & $0.0464021$ & $0.0379492$ & $0.0326743$ & $-0.0600198$ & $-0.140275$ & $-0.183106$ & $0.0120977$ & $-0.0786058$ & $0.0185132$ & $-0.00899072$ & $-0.00437888$ & $0.0216$ & $-0.0543419$ & $0.00825301$ & $0.00836399$ & $0.265176$ & $-0.157944$ & $0.0260737$ & $-0.0141658$ & $0.00470544$ & $0.0770229$ & $-0.2122$ & $-0.227239$ & $0.0385526$ & $-0.138641$ & $-0.249236$ & $-0.355188$ & $0.140847$ & $1$ & $-0.412529$ \\
eHbbpar & $-0.298998$ & $0.213288$ & $-0.0639359$ & $-0.183481$ & $0.0703375$ & $0.0262824$ & $0.244849$ & $-0.292049$ & $-0.274453$ & $0.0962545$ & $0.232199$ & $-0.12145$ & $-0.157994$ & $-0.045414$ & $0.0435992$ & $0.00354735$ & $0.0981103$ & $0.0589395$ & $0.086623$ & $-0.209269$ & $-0.24909$ & $-0.241867$ & $-0.0811026$ & $0.207352$ & $0.0117354$ & $0.102678$ & $-0.467732$ & $-0.108925$ & $0.0243516$ & $-0.00576048$ & $-0.0584449$ & $0.238144$ & $0.128289$ & $-0.276192$ & $-0.314798$ & $-0.334572$ & $-0.253951$ & $0.126502$ & $0.219033$ & $-0.240965$ & $0.540894$ & $0.282213$ & $0.149527$ & $-0.343712$ & $0.495302$ & $0.088134$ & $-0.134715$ & $-0.412529$ & $1$ \\
