 & AlsMz & dAle5Mz & mtop & mHl & Mz & CW & CHG & CHWB & CHWHB_gaga & CHWHB_gagaorth & CHD & CHbox & CH & CHL1_11 & CHL1_22 & CHL1_33 & CHL3_11 & CHL3_22 & CHL3_33 & CHe_11 & CHe_22 & CHe_33 & CHQ1_11 & CHQ1_33 & CHQ3_11 & CHu_11 & CHd_11 & CHd_33 & CeH_22r & CeH_33r & CuH_22r & CuH_33r & CdH_33r & CLL_1221 & eHggint & eHggpar & eHWWint & eHWWpar & eHZZint & eHZZpar & eHZgaint & eHZgapar & eHgagaint & eHmumuint & eHtautauint & eHccint & eHccpar & eHbbint & eHbbpar \\
AlsMz & $1$ & $-0.0659897$ & $0.150683$ & $0.151237$ & $-0.0229399$ & $-0.0800555$ & $0.0280434$ & $-0.0273718$ & $-0.0346942$ & $0.0354352$ & $0.0122088$ & $0.0432021$ & $0.0201432$ & $-0.00688507$ & $0.0287442$ & $0.00562828$ & $0.0413665$ & $0.00552603$ & $0.0228642$ & $-0.00935234$ & $-0.0173534$ & $-0.0140005$ & $-0.00552543$ & $0.0300043$ & $0.00888168$ & $0.00730988$ & $-0.0109394$ & $-0.0278652$ & $0.00815456$ & $0.030525$ & $0.0598665$ & $0.0303586$ & $-0.0437422$ & $-0.0378557$ & $0.269506$ & $-0.336835$ & $0.0741388$ & $0.0384707$ & $-0.0518451$ & $0.0902955$ & $0.110005$ & $-0.0757487$ & $-0.178331$ & $0.0187165$ & $0.0274107$ & $0.0197101$ & $0.334071$ & $0.0343502$ & $-0.248823$ \\
dAle5Mz & $-0.0659897$ & $1$ & $0.433519$ & $-0.289389$ & $0.0278639$ & $0.0167453$ & $-0.0145862$ & $-0.0434289$ & $-0.0346075$ & $0.00919492$ & $0.0454662$ & $-0.0181635$ & $0.0155094$ & $-0.0222031$ & $-0.0232411$ & $-0.0222002$ & $-0.00270683$ & $0.00624036$ & $0.000982984$ & $-0.0371996$ & $-0.0316331$ & $-0.0328746$ & $0.0426158$ & $0.0111963$ & $0.0119562$ & $0.00652922$ & $0.0160917$ & $0.000139501$ & $0.00548413$ & $0.00157829$ & $-0.0304229$ & $-0.0362315$ & $-0.0575283$ & $0.0125855$ & $-0.543583$ & $0.467566$ & $-0.484663$ & $0.0875363$ & $0.160323$ & $0.0165944$ & $0.242894$ & $-0.140612$ & $0.256356$ & $-0.0797437$ & $0.0612671$ & $0.370331$ & $-0.0856589$ & $-0.483536$ & $-0.149332$ \\
mtop & $0.150683$ & $0.433519$ & $1$ & $-0.276124$ & $0.0284714$ & $-0.015302$ & $0.0334985$ & $0.0256441$ & $0.0416179$ & $-0.0297378$ & $-0.00464418$ & $0.050249$ & $0.0945287$ & $-0.0439201$ & $0.0331002$ & $0.0405867$ & $-0.0325735$ & $-0.0562722$ & $-0.067996$ & $0.0124124$ & $0.00770078$ & $0.00917145$ & $0.0149655$ & $-0.047054$ & $-0.0523439$ & $-0.000517146$ & $-0.00594827$ & $0.0233457$ & $0.0319057$ & $0.0695511$ & $0.0693474$ & $0.0251148$ & $0.0402131$ & $0.0136775$ & $-0.474995$ & $0.081903$ & $-0.39859$ & $0.0369336$ & $0.231566$ & $-0.0108464$ & $0.480902$ & $-0.177993$ & $0.40932$ & $0.123059$ & $0.294055$ & $0.131993$ & $0.346167$ & $-0.101434$ & $-0.0703304$ \\
mHl & $0.151237$ & $-0.289389$ & $-0.276124$ & $1$ & $0.00426901$ & $-0.032465$ & $-0.0193035$ & $0.00719913$ & $-0.0079968$ & $-0.0341728$ & $0.011314$ & $0.0451534$ & $0.056781$ & $-0.0311493$ & $0.00266229$ & $-0.0216612$ & $-0.0345848$ & $-0.0372964$ & $-0.0152843$ & $-0.0156396$ & $-0.0139167$ & $-0.0130875$ & $-0.0067026$ & $-0.0312047$ & $-0.0216936$ & $0.00832357$ & $0.013109$ & $-0.019912$ & $0.0359392$ & $-0.0153671$ & $-0.00268974$ & $-0.0118267$ & $-0.0573794$ & $-0.00664686$ & $0.123962$ & $0.137194$ & $0.110035$ & $-0.127581$ & $-0.25848$ & $0.0940104$ & $-0.0551983$ & $0.175306$ & $-0.431287$ & $0.418991$ & $-0.461574$ & $-0.0535324$ & $-0.0325565$ & $0.00789787$ & $-0.381602$ \\
Mz & $-0.0229399$ & $0.0278639$ & $0.0284714$ & $0.00426901$ & $1$ & $0.00661674$ & $-0.00863635$ & $0.0360003$ & $0.0334736$ & $-0.0273426$ & $-0.0139782$ & $-0.0327643$ & $-0.0149331$ & $0.00141136$ & $0.00742892$ & $0.00895663$ & $-0.0316041$ & $-0.0291702$ & $-0.0281902$ & $0.0197266$ & $0.0238682$ & $0.0328189$ & $-0.0210131$ & $-0.0284538$ & $-0.0268071$ & $0.0224333$ & $0.0278681$ & $-0.00822457$ & $-0.0267924$ & $-0.024231$ & $0.0175026$ & $-0.0205606$ & $-0.0190082$ & $0.0184393$ & $-0.0895586$ & $0.0574644$ & $-0.0244457$ & $0.00346869$ & $-0.00158212$ & $-0.0330777$ & $0.0120049$ & $0.0530084$ & $0.00758829$ & $-0.0159808$ & $0.021479$ & $-0.0663936$ & $-0.0170657$ & $-0.0303343$ & $-0.00828285$ \\
CW & $-0.0800555$ & $0.0167453$ & $-0.015302$ & $-0.032465$ & $0.00661674$ & $1$ & $-0.0183983$ & $-0.12413$ & $-0.124144$ & $0.0409319$ & $0.186855$ & $0.0813031$ & $0.0369658$ & $0.00741908$ & $-0.0501254$ & $-0.067276$ & $-0.26573$ & $-0.0756148$ & $-0.0614947$ & $-0.180811$ & $-0.192374$ & $-0.187898$ & $-0.0378606$ & $0.00161403$ & $-0.0981208$ & $0.115843$ & $-0.0960975$ & $-0.0487849$ & $-0.0183032$ & $0.00981824$ & $-0.0234927$ & $-0.00686714$ & $0.018378$ & $-0.143545$ & $0.00687311$ & $0.00760449$ & $0.0222469$ & $-0.0163376$ & $-0.000839519$ & $-0.0107429$ & $-0.0484538$ & $0.0236272$ & $-0.00342281$ & $-0.0541406$ & $-0.0185876$ & $-0.0208472$ & $-0.0875141$ & $-0.0192485$ & $0.0556738$ \\
CHG & $0.0280434$ & $-0.0145862$ & $0.0334985$ & $-0.0193035$ & $-0.00863635$ & $-0.0183983$ & $1$ & $-0.119343$ & $-0.0676818$ & $0.0642611$ & $0.0653151$ & $-0.221036$ & $-0.31416$ & $0.0609655$ & $-0.0401015$ & $-0.0227816$ & $0.106067$ & $0.125803$ & $0.114557$ & $-0.0627875$ & $-0.0680615$ & $-0.0592037$ & $0.0139833$ & $0.122205$ & $0.112517$ & $0.0119346$ & $-0.0497754$ & $-0.0169492$ & $0.0308722$ & $-0.119122$ & $-0.00935075$ & $0.94261$ & $-0.148064$ & $-0.0609689$ & $0.0387434$ & $-0.107852$ & $0.000754864$ & $0.0114396$ & $0.00212697$ & $-0.0155532$ & $0.170434$ & $0.0148874$ & $-0.0314606$ & $0.053638$ & $0.10291$ & $-0.0780016$ & $0.0707764$ & $0.127196$ & $-0.142295$ \\
CHWB & $-0.0273718$ & $-0.0434289$ & $0.0256441$ & $0.00719913$ & $0.0360003$ & $-0.12413$ & $-0.119343$ & $1$ & $0.985341$ & $-0.582761$ & $-0.879586$ & $0.0559916$ & $0.360884$ & $0.122065$ & $0.301668$ & $0.290046$ & $-0.23518$ & $-0.424586$ & $-0.41479$ & $0.852186$ & $0.895089$ & $0.877063$ & $0.0713004$ & $-0.675431$ & $-0.398049$ & $-0.500013$ & $0.415649$ & $0.287768$ & $0.0375722$ & $0.110673$ & $0.0522366$ & $-0.10622$ & $0.136456$ & $0.546589$ & $0.0118138$ & $-0.0183128$ & $0.0246991$ & $-0.0113751$ & $0.00748377$ & $0.0312535$ & $-0.0013181$ & $0.0343844$ & $-0.00366899$ & $0.0764601$ & $-0.0317059$ & $-0.0402755$ & $0.0232898$ & $0.0521441$ & $-0.0272218$ \\
CHWHB_gaga & $-0.0346942$ & $-0.0346075$ & $0.0416179$ & $-0.0079968$ & $0.0334736$ & $-0.124144$ & $-0.0676818$ & $0.985341$ & $1$ & $-0.573891$ & $-0.864218$ & $0.0692394$ & $0.356201$ & $0.116338$ & $0.298332$ & $0.286969$ & $-0.238408$ & $-0.42376$ & $-0.414194$ & $0.837628$ & $0.879397$ & $0.861852$ & $0.0689325$ & $-0.668918$ & $-0.397434$ & $-0.490422$ & $0.407152$ & $0.283434$ & $0.0455223$ & $0.131001$ & $0.0665004$ & $-0.0630565$ & $0.162611$ & $0.536739$ & $-0.00757135$ & $-0.0123651$ & $0.00184545$ & $-0.0203075$ & $0.00828626$ & $0.0227698$ & $0.020669$ & $0.0353359$ & $0.0300274$ & $0.0764632$ & $-0.0159474$ & $-0.0429552$ & $0.0305656$ & $0.0550835$ & $-0.0277371$ \\
CHWHB_gagaorth & $0.0354352$ & $0.00919492$ & $-0.0297378$ & $-0.0341728$ & $-0.0273426$ & $0.0409319$ & $0.0642611$ & $-0.582761$ & $-0.573891$ & $1$ & $0.368034$ & $0.256775$ & $-0.263778$ & $0.223035$ & $-0.104038$ & $-0.132524$ & $0.413804$ & $0.462881$ & $0.48119$ & $-0.35476$ & $-0.387137$ & $-0.379569$ & $-0.0424619$ & $0.555538$ & $0.469841$ & $0.203532$ & $-0.251426$ & $-0.122398$ & $-0.02024$ & $-0.119232$ & $-0.0713173$ & $0.0665398$ & $-0.151004$ & $-0.376434$ & $0.0304848$ & $-0.0316499$ & $0.0437745$ & $0.00988161$ & $-0.0088868$ & $-0.00830818$ & $-0.019239$ & $-0.042402$ & $-0.0112438$ & $-0.0777318$ & $0.0550711$ & $0.0138539$ & $0.00773836$ & $-0.014269$ & $0.0490888$ \\
CHD & $0.0122088$ & $0.0454662$ & $-0.00464418$ & $0.011314$ & $-0.0139782$ & $0.186855$ & $0.0653151$ & $-0.879586$ & $-0.864218$ & $0.368034$ & $1$ & $0.100678$ & $-0.172689$ & $-0.531505$ & $-0.414028$ & $-0.397654$ & $-0.220656$ & $0.0587135$ & $0.0435332$ & $-0.990516$ & $-0.991574$ & $-0.970384$ & $-0.0284342$ & $0.311599$ & $0.0119499$ & $0.561341$ & $-0.297703$ & $-0.318099$ & $-0.0195768$ & $-0.0543083$ & $-0.0317683$ & $0.0640337$ & $-0.0802135$ & $-0.361949$ & $-0.0261343$ & $0.0190344$ & $-0.0357525$ & $-0.00736421$ & $0.00596519$ & $-0.0299769$ & $-0.0152916$ & $-0.022387$ & $-0.000827725$ & $-0.0578359$ & $-0.00252364$ & $0.0343428$ & $-0.0267505$ & $-0.0482595$ & $0.00888424$ \\
CHbox & $0.0432021$ & $-0.0181635$ & $0.050249$ & $0.0451534$ & $-0.0327643$ & $0.0813031$ & $-0.221036$ & $0.0559916$ & $0.0692394$ & $0.256775$ & $0.100678$ & $1$ & $0.716002$ & $-0.2777$ & $0.0424382$ & $0.035524$ & $-0.340881$ & $-0.312522$ & $-0.310555$ & $-0.0894417$ & $-0.105351$ & $-0.103465$ & $-0.0240058$ & $-0.203524$ & $-0.306347$ & $0.0720106$ & $-0.0452635$ & $-0.0137472$ & $0.0632817$ & $0.347438$ & $0.0845648$ & $-0.147106$ & $0.420184$ & $-0.0105777$ & $0.0141587$ & $-0.0483388$ & $0.0268593$ & $-0.0404845$ & $0.0378501$ & $-0.00144685$ & $-0.042925$ & $-0.0318478$ & $-0.0472317$ & $0.00697816$ & $-0.0289859$ & $0.0198334$ & $-0.0171617$ & $0.0111244$ & $0.00808528$ \\
CH & $0.0201432$ & $0.0155094$ & $0.0945287$ & $0.056781$ & $-0.0149331$ & $0.0369658$ & $-0.31416$ & $0.360884$ & $0.356201$ & $-0.263778$ & $-0.172689$ & $0.716002$ & $1$ & $-0.229234$ & $0.0843718$ & $0.0792451$ & $-0.384614$ & $-0.400114$ & $-0.399311$ & $0.167652$ & $0.181003$ & $0.173473$ & $-0.00570367$ & $-0.407015$ & $-0.396772$ & $-0.0748497$ & $0.125152$ & $0.0792761$ & $0.0622472$ & $0.286102$ & $0.0788798$ & $-0.269887$ & $0.350909$ & $0.205238$ & $-0.0488977$ & $-0.000831792$ & $-0.0280667$ & $-0.0538781$ & $0.0643723$ & $-0.000819775$ & $-0.0274125$ & $-0.0290648$ & $-0.0245573$ & $0.0616508$ & $-0.0621047$ & $0.0541167$ & $-0.0293571$ & $-0.0295116$ & $-0.00231286$ \\
CHL1_11 & $-0.00688507$ & $-0.0222031$ & $-0.0439201$ & $-0.0311493$ & $0.00141136$ & $0.00741908$ & $0.0609655$ & $0.122065$ & $0.116338$ & $0.223035$ & $-0.531505$ & $-0.2777$ & $-0.229234$ & $1$ & $0.269934$ & $0.237595$ & $0.652012$ & $0.578187$ & $0.603538$ & $0.54871$ & $0.496118$ & $0.479088$ & $-0.0583214$ & $0.450163$ & $0.594906$ & $-0.293432$ & $-0.0697445$ & $0.161347$ & $-0.0221386$ & $-0.069941$ & $-0.0321619$ & $0.0413565$ & $-0.0561273$ & $-0.192524$ & $0.0282176$ & $-0.00919748$ & $0.0368281$ & $0.0192717$ & $-0.0233488$ & $0.01592$ & $0.021747$ & $-0.00475694$ & $-0.000615232$ & $-0.0293757$ & $0.0587321$ & $-0.00993942$ & $-0.005184$ & $0.016967$ & $0.0411654$ \\
CHL1_22 & $0.0287442$ & $-0.0232411$ & $0.0331002$ & $0.00266229$ & $0.00742892$ & $-0.0501254$ & $-0.0401015$ & $0.301668$ & $0.298332$ & $-0.104038$ & $-0.414028$ & $0.0424382$ & $0.0843718$ & $0.269934$ & $1$ & $0.448088$ & $0.137894$ & $-0.469649$ & $-0.0497074$ & $0.480384$ & $0.330009$ & $0.317028$ & $-0.163625$ & $0.0924022$ & $-0.149581$ & $-0.185735$ & $-0.399843$ & $0.0997463$ & $0.00262371$ & $0.0262656$ & $-0.0158305$ & $-0.0457772$ & $0.0268429$ & $-0.605095$ & $-0.00709293$ & $-0.0410925$ & $-0.0194191$ & $-0.00884816$ & $-0.0119378$ & $0.00897123$ & $0.0598482$ & $-0.0149966$ & $0.0402624$ & $0.0579337$ & $0.0184382$ & $0.016402$ & $0.015729$ & $0.0221795$ & $-0.000179112$ \\
CHL1_33 & $0.00562828$ & $-0.0222002$ & $0.0405867$ & $-0.0216612$ & $0.00895663$ & $-0.067276$ & $-0.0227816$ & $0.290046$ & $0.286969$ & $-0.132524$ & $-0.397654$ & $0.035524$ & $0.0792451$ & $0.237595$ & $0.448088$ & $1$ & $0.143053$ & $-0.0558615$ & $-0.4457$ & $0.463082$ & $0.317523$ & $0.334109$ & $-0.177465$ & $0.084353$ & $-0.144404$ & $-0.165181$ & $-0.390007$ & $0.107771$ & $-0.00349551$ & $0.0208249$ & $-0.00334869$ & $-0.028194$ & $0.0420574$ & $-0.109121$ & $0.0105254$ & $-0.0195974$ & $0.0399456$ & $0.0316045$ & $0.00421472$ & $-0.0011214$ & $0.0367918$ & $-0.0361405$ & $-0.0061444$ & $0.0203422$ & $0.0505975$ & $0.0154878$ & $-0.0270826$ & $0.0151967$ & $0.0230564$ \\
CHL3_11 & $0.0413665$ & $-0.00270683$ & $-0.0325735$ & $-0.0345848$ & $-0.0316041$ & $-0.26573$ & $0.106067$ & $-0.23518$ & $-0.238408$ & $0.413804$ & $-0.220656$ & $-0.340881$ & $-0.384614$ & $0.652012$ & $0.137894$ & $0.143053$ & $1$ & $0.740105$ & $0.740994$ & $0.239691$ & $0.192275$ & $0.189339$ & $-0.043715$ & $0.674594$ & $0.789049$ & $-0.120796$ & $-0.125994$ & $0.0569212$ & $-0.0329956$ & $-0.113699$ & $-0.0299262$ & $0.081532$ & $-0.11736$ & $-0.219075$ & $0.0284923$ & $0.00156929$ & $0.0179071$ & $0.0419413$ & $-0.0147073$ & $-0.00572901$ & $0.029275$ & $-0.0182548$ & $0.0110963$ & $-0.0195119$ & $0.0569687$ & $0.00306115$ & $0.0309267$ & $-0.00674113$ & $0.0209269$ \\
CHL3_22 & $0.00552603$ & $0.00624036$ & $-0.0562722$ & $-0.0372964$ & $-0.0291702$ & $-0.0756148$ & $0.125803$ & $-0.424586$ & $-0.42376$ & $0.462881$ & $0.0587135$ & $-0.312522$ & $-0.400114$ & $0.578187$ & $-0.469649$ & $-0.0558615$ & $0.740105$ & $1$ & $0.68566$ & $-0.0649176$ & $-0.0477304$ & $-0.0425496$ & $0.0223904$ & $0.613388$ & $0.802945$ & $0.0149213$ & $0.0322853$ & $-0.0122913$ & $-0.0368682$ & $-0.121111$ & $-0.0284005$ & $0.107722$ & $-0.119064$ & $0.0748953$ & $0.0309227$ & $0.0238642$ & $0.036864$ & $0.0410263$ & $-0.0138984$ & $-0.00940014$ & $-0.00822046$ & $-0.0155957$ & $-0.019549$ & $-0.0729941$ & $0.0552945$ & $-0.00292557$ & $-0.0045045$ & $-0.018899$ & $0.0369457$ \\
CHL3_33 & $0.0228642$ & $0.000982984$ & $-0.067996$ & $-0.0152843$ & $-0.0281902$ & $-0.0614947$ & $0.114557$ & $-0.41479$ & $-0.414194$ & $0.48119$ & $0.0435332$ & $-0.310555$ & $-0.399311$ & $0.603538$ & $-0.0497074$ & $-0.4457$ & $0.740994$ & $0.68566$ & $1$ & $-0.0487952$ & $-0.0348369$ & $-0.0316198$ & $0.0322253$ & $0.619015$ & $0.804863$ & $-0.000118811$ & $0.0277817$ & $-0.0184871$ & $-0.0350726$ & $-0.120203$ & $-0.0344692$ & $0.0951135$ & $-0.129953$ & $-0.304002$ & $0.0222639$ & $0.00548069$ & $-0.00314102$ & $0.00939035$ & $-0.0270844$ & $-0.00546836$ & $0.00293415$ & $0.0028109$ & $0.0105207$ & $-0.0478222$ & $0.028754$ & $-0.00455659$ & $0.023053$ & $-0.0114497$ & $0.0214606$ \\
CHe_11 & $-0.00935234$ & $-0.0371996$ & $0.0124124$ & $-0.0156396$ & $0.0197266$ & $-0.180811$ & $-0.0627875$ & $0.852186$ & $0.837628$ & $-0.35476$ & $-0.990516$ & $-0.0894417$ & $0.167652$ & $0.54871$ & $0.480384$ & $0.463082$ & $0.239691$ & $-0.0649176$ & $-0.0487952$ & $1$ & $0.972867$ & $0.952389$ & $0.00209512$ & $-0.260277$ & $-0.00869283$ & $-0.549383$ & $0.221335$ & $0.312389$ & $0.0179831$ & $0.0519795$ & $0.0285448$ & $-0.0613311$ & $0.078973$ & $0.281443$ & $0.0211246$ & $-0.0172207$ & $0.0282913$ & $0.0109176$ & $-0.00832976$ & $0.0277381$ & $0.0260496$ & $0.0154276$ & $0.00759665$ & $0.0556278$ & $0.0106456$ & $-0.0244521$ & $0.0214143$ & $0.0418112$ & $-0.00645625$ \\
CHe_22 & $-0.0173534$ & $-0.0316331$ & $0.00770078$ & $-0.0139167$ & $0.0238682$ & $-0.192374$ & $-0.0680615$ & $0.895089$ & $0.879397$ & $-0.387137$ & $-0.991574$ & $-0.105351$ & $0.181003$ & $0.496118$ & $0.330009$ & $0.317523$ & $0.192275$ & $-0.0477304$ & $-0.0348369$ & $0.972867$ & $1$ & $0.975429$ & $0.0564509$ & $-0.362753$ & $-0.0148503$ & $-0.565013$ & $0.376437$ & $0.319549$ & $0.0215172$ & $0.0568669$ & $0.036749$ & $-0.0663894$ & $0.0818746$ & $0.44664$ & $0.018057$ & $-0.00968109$ & $0.0292957$ & $0.0046699$ & $-0.00165353$ & $0.0319142$ & $0.0124678$ & $0.0261357$ & $0.00239964$ & $0.0567537$ & $-0.00242589$ & $-0.0359994$ & $0.0275738$ & $0.0430411$ & $-0.0130639$ \\
CHe_33 & $-0.0140005$ & $-0.0328746$ & $0.00917145$ & $-0.0130875$ & $0.0328189$ & $-0.187898$ & $-0.0592037$ & $0.877063$ & $0.861852$ & $-0.379569$ & $-0.970384$ & $-0.103465$ & $0.173473$ & $0.479088$ & $0.317028$ & $0.334109$ & $0.189339$ & $-0.0425496$ & $-0.0316198$ & $0.952389$ & $0.975429$ & $1$ & $0.0533534$ & $-0.358876$ & $-0.0137601$ & $-0.552218$ & $0.37059$ & $0.308866$ & $0.0187922$ & $0.0545587$ & $0.037399$ & $-0.0572239$ & $0.0832003$ & $0.447053$ & $0.0195432$ & $-0.0121807$ & $0.02652$ & $0.00782417$ & $0.000669021$ & $0.0327584$ & $0.0139612$ & $0.0203151$ & $0.0042668$ & $0.0498001$ & $-0.000178761$ & $-0.0341731$ & $0.027868$ & $0.0435538$ & $-0.00963388$ \\
CHQ1_11 & $-0.00552543$ & $0.0426158$ & $0.0149655$ & $-0.0067026$ & $-0.0210131$ & $-0.0378606$ & $0.0139833$ & $0.0713004$ & $0.0689325$ & $-0.0424619$ & $-0.0284342$ & $-0.0240058$ & $-0.00570367$ & $-0.0583214$ & $-0.163625$ & $-0.177465$ & $-0.043715$ & $0.0223904$ & $0.0322253$ & $0.00209512$ & $0.0564509$ & $0.0533534$ & $1$ & $-0.130657$ & $0.103652$ & $-0.690616$ & $0.358593$ & $0.0204709$ & $0.0118047$ & $-0.0155339$ & $0.00777022$ & $0.0185969$ & $-0.0259267$ & $0.202355$ & $-0.0224972$ & $0.0285856$ & $0.0235006$ & $0.0391297$ & $0.0108208$ & $-0.0453964$ & $-0.0202596$ & $0.0195939$ & $-0.0314187$ & $0.0400553$ & $-0.0147815$ & $-0.0205458$ & $0.0409479$ & $-0.0276611$ & $-0.0547014$ \\
CHQ1_33 & $0.0300043$ & $0.0111963$ & $-0.047054$ & $-0.0312047$ & $-0.0284538$ & $0.00161403$ & $0.122205$ & $-0.675431$ & $-0.668918$ & $0.555538$ & $0.311599$ & $-0.203524$ & $-0.407015$ & $0.450163$ & $0.0924022$ & $0.084353$ & $0.674594$ & $0.613388$ & $0.619015$ & $-0.260277$ & $-0.362753$ & $-0.358876$ & $-0.130657$ & $1$ & $0.64141$ & $0.201492$ & $-0.404502$ & $-0.0189899$ & $-0.0429075$ & $-0.118431$ & $-0.0466653$ & $0.105391$ & $-0.125941$ & $-0.611715$ & $0.011014$ & $0.00487213$ & $-0.0101745$ & $0.0330285$ & $-0.00842701$ & $-0.0190573$ & $0.0202342$ & $-0.0521297$ & $0.0092018$ & $-0.0673877$ & $0.0570945$ & $0.0241095$ & $-0.0180768$ & $-0.0267383$ & $0.0424811$ \\
CHQ3_11 & $0.00888168$ & $0.0119562$ & $-0.0523439$ & $-0.0216936$ & $-0.0268071$ & $-0.0981208$ & $0.112517$ & $-0.398049$ & $-0.397434$ & $0.469841$ & $0.0119499$ & $-0.306347$ & $-0.396772$ & $0.594906$ & $-0.149581$ & $-0.144404$ & $0.789049$ & $0.802945$ & $0.804863$ & $-0.00869283$ & $-0.0148503$ & $-0.0137601$ & $0.103652$ & $0.64141$ & $1$ & $-0.0116674$ & $0.224397$ & $0.00782775$ & $-0.0280454$ & $-0.127841$ & $-0.0356309$ & $0.0956005$ & $-0.125416$ & $-0.172351$ & $0.0307597$ & $0.0222394$ & $0.0108123$ & $0.033835$ & $-0.020869$ & $-0.0192185$ & $-0.00379396$ & $-0.0183608$ & $-0.00696411$ & $-0.0507282$ & $0.0328698$ & $-0.0112697$ & $0.027253$ & $-0.00945399$ & $0.0162151$ \\
CHu_11 & $0.00730988$ & $0.00652922$ & $-0.000517146$ & $0.00832357$ & $0.0224333$ & $0.115843$ & $0.0119346$ & $-0.500013$ & $-0.490422$ & $0.203532$ & $0.561341$ & $0.0720106$ & $-0.0748497$ & $-0.293432$ & $-0.185735$ & $-0.165181$ & $-0.120796$ & $0.0149213$ & $-0.000118811$ & $-0.549383$ & $-0.565013$ & $-0.552218$ & $-0.690616$ & $0.201492$ & $-0.0116674$ & $1$ & $-0.190947$ & $-0.185702$ & $-0.0124952$ & $-0.0182899$ & $-0.0129295$ & $0.007737$ & $-0.0280165$ & $-0.248746$ & $-0.00193994$ & $-0.0114391$ & $-0.0491932$ & $-0.0241615$ & $0.00934653$ & $0.0114262$ & $-0.000887194$ & $-0.0180179$ & $0.0197078$ & $-0.0602828$ & $0.00318132$ & $0.0098442$ & $-0.0351524$ & $0.00438254$ & $0.0281708$ \\
CHd_11 & $-0.0109394$ & $0.0160917$ & $-0.00594827$ & $0.013109$ & $0.0278681$ & $-0.0960975$ & $-0.0497754$ & $0.415649$ & $0.407152$ & $-0.251426$ & $-0.297703$ & $-0.0452635$ & $0.125152$ & $-0.0697445$ & $-0.399843$ & $-0.390007$ & $-0.125994$ & $0.0322853$ & $0.0277817$ & $0.221335$ & $0.376437$ & $0.37059$ & $0.358593$ & $-0.404502$ & $0.224397$ & $-0.190947$ & $1$ & $0.119948$ & $0.0294686$ & $0.0313127$ & $0.0473122$ & $-0.0351788$ & $0.0452648$ & $0.684168$ & $0.017392$ & $0.0238405$ & $-0.00452424$ & $0.00542712$ & $0.0156916$ & $0.00159843$ & $-0.0498955$ & $0.0254594$ & $-0.029296$ & $0.0165215$ & $-0.0619356$ & $-0.0590465$ & $0.054194$ & $0.0222574$ & $-0.0560734$ \\
CHd_33 & $-0.0278652$ & $0.000139501$ & $0.0233457$ & $-0.019912$ & $-0.00822457$ & $-0.0487849$ & $-0.0169492$ & $0.287768$ & $0.283434$ & $-0.122398$ & $-0.318099$ & $-0.0137472$ & $0.0792761$ & $0.161347$ & $0.0997463$ & $0.107771$ & $0.0569212$ & $-0.0122913$ & $-0.0184871$ & $0.312389$ & $0.319549$ & $0.308866$ & $0.0204709$ & $-0.0189899$ & $0.00782775$ & $-0.185702$ & $0.119948$ & $1$ & $0.00912387$ & $0.0220628$ & $0.00638233$ & $-0.00673732$ & $0.036107$ & $0.14675$ & $-0.0355231$ & $0.0130146$ & $-0.0187695$ & $-0.0127166$ & $0.0221535$ & $0.00102523$ & $0.0103708$ & $0.0143062$ & $0.0189886$ & $0.0442056$ & $-0.00782694$ & $0.00162853$ & $0.012543$ & $-0.0154706$ & $0.00376967$ \\
CeH_22r & $0.00815456$ & $0.00548413$ & $0.0319057$ & $0.0359392$ & $-0.0267924$ & $-0.0183032$ & $0.0308722$ & $0.0375722$ & $0.0455223$ & $-0.02024$ & $-0.0195768$ & $0.0632817$ & $0.0622472$ & $-0.0221386$ & $0.00262371$ & $-0.00349551$ & $-0.0329956$ & $-0.0368682$ & $-0.0350726$ & $0.0179831$ & $0.0215172$ & $0.0187922$ & $0.0118047$ & $-0.0429075$ & $-0.0280454$ & $-0.0124952$ & $0.0294686$ & $0.00912387$ & $1$ & $0.0343254$ & $0.0230433$ & $0.0171548$ & $0.035901$ & $0.0265985$ & $-0.00794151$ & $0.00716418$ & $-0.0240364$ & $-0.019859$ & $0.00428516$ & $-0.0273754$ & $0.0115573$ & $0.0349039$ & $-0.0111937$ & $0.0384051$ & $-0.00059654$ & $0.012333$ & $0.0284615$ & $0.00561953$ & $-0.0526104$ \\
CeH_33r & $0.030525$ & $0.00157829$ & $0.0695511$ & $-0.0153671$ & $-0.024231$ & $0.00981824$ & $-0.119122$ & $0.110673$ & $0.131001$ & $-0.119232$ & $-0.0543083$ & $0.347438$ & $0.286102$ & $-0.069941$ & $0.0262656$ & $0.0208249$ & $-0.113699$ & $-0.121111$ & $-0.120203$ & $0.0519795$ & $0.0568669$ & $0.0545587$ & $-0.0155339$ & $-0.118431$ & $-0.127841$ & $-0.0182899$ & $0.0313127$ & $0.0220628$ & $0.0343254$ & $1$ & $0.330095$ & $0.0226964$ & $0.724346$ & $0.0637994$ & $-0.0487697$ & $-0.0115878$ & $-0.0622631$ & $-0.0411945$ & $0.0142287$ & $0.0035209$ & $0.0762427$ & $-0.0109211$ & $0.0486477$ & $0.0341755$ & $0.018708$ & $0.00653283$ & $0.0151171$ & $0.0174543$ & $-0.00360633$ \\
CuH_22r & $0.0598665$ & $-0.0304229$ & $0.0693474$ & $-0.00268974$ & $0.0175026$ & $-0.0234927$ & $-0.00935075$ & $0.0522366$ & $0.0665004$ & $-0.0713173$ & $-0.0317683$ & $0.0845648$ & $0.0788798$ & $-0.0321619$ & $-0.0158305$ & $-0.00334869$ & $-0.0299262$ & $-0.0284005$ & $-0.0344692$ & $0.0285448$ & $0.036749$ & $0.037399$ & $0.00777022$ & $-0.0466653$ & $-0.0356309$ & $-0.0129295$ & $0.0473122$ & $0.00638233$ & $0.0230433$ & $0.330095$ & $1$ & $0.081086$ & $0.413809$ & $0.0569012$ & $-0.0360006$ & $-0.0387766$ & $-0.0586021$ & $-0.0441762$ & $0.0340797$ & $0.0312922$ & $0.0660364$ & $0.0323667$ & $0.0781852$ & $0.0272315$ & $0.0357925$ & $0.00173663$ & $0.139062$ & $0.0508555$ & $-0.0387946$ \\
CuH_33r & $0.0303586$ & $-0.0362315$ & $0.0251148$ & $-0.0118267$ & $-0.0205606$ & $-0.00686714$ & $0.94261$ & $-0.10622$ & $-0.0630565$ & $0.0665398$ & $0.0640337$ & $-0.147106$ & $-0.269887$ & $0.0413565$ & $-0.0457772$ & $-0.028194$ & $0.081532$ & $0.107722$ & $0.0951135$ & $-0.0613311$ & $-0.0663894$ & $-0.0572239$ & $0.0185969$ & $0.105391$ & $0.0956005$ & $0.007737$ & $-0.0351788$ & $-0.00673732$ & $0.0171548$ & $0.0226964$ & $0.081086$ & $1$ & $0.0446705$ & $-0.0477148$ & $0.0664257$ & $-0.129955$ & $0.00850884$ & $0.0106369$ & $-0.00051436$ & $-0.00447262$ & $0.169344$ & $0.0200247$ & $-0.0420179$ & $0.0540417$ & $0.10551$ & $-0.0792721$ & $0.0786522$ & $0.138838$ & $-0.133742$ \\
CdH_33r & $-0.0437422$ & $-0.0575283$ & $0.0402131$ & $-0.0573794$ & $-0.0190082$ & $0.018378$ & $-0.148064$ & $0.136456$ & $0.162611$ & $-0.151004$ & $-0.0802135$ & $0.420184$ & $0.350909$ & $-0.0561273$ & $0.0268429$ & $0.0420574$ & $-0.11736$ & $-0.119064$ & $-0.129953$ & $0.078973$ & $0.0818746$ & $0.0832003$ & $-0.0259267$ & $-0.125941$ & $-0.125416$ & $-0.0280165$ & $0.0452648$ & $0.036107$ & $0.035901$ & $0.724346$ & $0.413809$ & $0.0446705$ & $1$ & $0.080671$ & $0.00124946$ & $-0.0779962$ & $-0.0404014$ & $-0.0338664$ & $0.0620403$ & $0.0176175$ & $0.0540836$ & $0.00642047$ & $0.075243$ & $-0.0335546$ & $0.0838462$ & $0.000690009$ & $-0.0220967$ & $0.0908242$ & $0.143431$ \\
CLL_1221 & $-0.0378557$ & $0.0125855$ & $0.0136775$ & $-0.00664686$ & $0.0184393$ & $-0.143545$ & $-0.0609689$ & $0.546589$ & $0.536739$ & $-0.376434$ & $-0.361949$ & $-0.0105777$ & $0.205238$ & $-0.192524$ & $-0.605095$ & $-0.109121$ & $-0.219075$ & $0.0748953$ & $-0.304002$ & $0.281443$ & $0.44664$ & $0.447053$ & $0.202355$ & $-0.611715$ & $-0.172351$ & $-0.248746$ & $0.684168$ & $0.14675$ & $0.0265985$ & $0.0637994$ & $0.0569012$ & $-0.0477148$ & $0.080671$ & $1$ & $0.00168163$ & $0.0319674$ & $0.0223317$ & $0.00712611$ & $0.0285475$ & $0.0161944$ & $-0.0422263$ & $0.0321054$ & $-0.0279431$ & $0.0212825$ & $-0.0394811$ & $-0.0377189$ & $0.017098$ & $0.0106285$ & $-0.0324351$ \\
eHggint & $0.269506$ & $-0.543583$ & $-0.474995$ & $0.123962$ & $-0.0895586$ & $0.00687311$ & $0.0387434$ & $0.0118138$ & $-0.00757135$ & $0.0304848$ & $-0.0261343$ & $0.0141587$ & $-0.0488977$ & $0.0282176$ & $-0.00709293$ & $0.0105254$ & $0.0284923$ & $0.0309227$ & $0.0222639$ & $0.0211246$ & $0.018057$ & $0.0195432$ & $-0.0224972$ & $0.011014$ & $0.0307597$ & $-0.00193994$ & $0.017392$ & $-0.0355231$ & $-0.00794151$ & $-0.0487697$ & $-0.0360006$ & $0.0664257$ & $0.00124946$ & $0.00168163$ & $1$ & $-0.596439$ & $0.619481$ & $0.0884131$ & $0.0017962$ & $0.174352$ & $-0.404582$ & $0.0399014$ & $-0.540238$ & $-0.0635015$ & $-0.0229992$ & $-0.234847$ & $-0.0246029$ & $0.367372$ & $0.157221$ \\
eHggpar & $-0.336835$ & $0.467566$ & $0.081903$ & $0.137194$ & $0.0574644$ & $0.00760449$ & $-0.107852$ & $-0.0183128$ & $-0.0123651$ & $-0.0316499$ & $0.0190344$ & $-0.0483388$ & $-0.000831792$ & $-0.00919748$ & $-0.0410925$ & $-0.0195974$ & $0.00156929$ & $0.0238642$ & $0.00548069$ & $-0.0172207$ & $-0.00968109$ & $-0.0121807$ & $0.0285856$ & $0.00487213$ & $0.0222394$ & $-0.0114391$ & $0.0238405$ & $0.0130146$ & $0.00716418$ & $-0.0115878$ & $-0.0387766$ & $-0.129955$ & $-0.0779962$ & $0.0319674$ & $-0.596439$ & $1$ & $-0.42563$ & $0.00922886$ & $-0.288751$ & $-0.104242$ & $0.181168$ & $-0.0924546$ & $0.32737$ & $0.0872729$ & $-0.225755$ & $0.192336$ & $-0.257042$ & $-0.566857$ & $-0.0733235$ \\
eHWWint & $0.0741388$ & $-0.484663$ & $-0.39859$ & $0.110035$ & $-0.0244457$ & $0.0222469$ & $0.000754864$ & $0.0246991$ & $0.00184545$ & $0.0437745$ & $-0.0357525$ & $0.0268593$ & $-0.0280667$ & $0.0368281$ & $-0.0194191$ & $0.0399456$ & $0.0179071$ & $0.036864$ & $-0.00314102$ & $0.0282913$ & $0.0292957$ & $0.02652$ & $0.0235006$ & $-0.0101745$ & $0.0108123$ & $-0.0491932$ & $-0.00452424$ & $-0.0187695$ & $-0.0240364$ & $-0.0622631$ & $-0.0586021$ & $0.00850884$ & $-0.0404014$ & $0.0223317$ & $0.619481$ & $-0.42563$ & $1$ & $0.0392375$ & $-0.102513$ & $0.0498648$ & $-0.335137$ & $0.0468493$ & $-0.62053$ & $0.0334188$ & $0.0604683$ & $-0.305564$ & $-0.0924689$ & $0.141367$ & $0.122979$ \\
eHWWpar & $0.0384707$ & $0.0875363$ & $0.0369336$ & $-0.127581$ & $0.00346869$ & $-0.0163376$ & $0.0114396$ & $-0.0113751$ & $-0.0203075$ & $0.00988161$ & $-0.00736421$ & $-0.0404845$ & $-0.0538781$ & $0.0192717$ & $-0.00884816$ & $0.0316045$ & $0.0419413$ & $0.0410263$ & $0.00939035$ & $0.0109176$ & $0.0046699$ & $0.00782417$ & $0.0391297$ & $0.0330285$ & $0.033835$ & $-0.0241615$ & $0.00542712$ & $-0.0127166$ & $-0.019859$ & $-0.0411945$ & $-0.0441762$ & $0.0106369$ & $-0.0338664$ & $0.00712611$ & $0.0884131$ & $0.00922886$ & $0.0392375$ & $1$ & $0.0623242$ & $0.0171794$ & $0.0430881$ & $0.0108941$ & $-0.0574337$ & $-0.099078$ & $0.133382$ & $0.0311592$ & $-0.130102$ & $0.0493177$ & $0.076658$ \\
eHZZint & $-0.0518451$ & $0.160323$ & $0.231566$ & $-0.25848$ & $-0.00158212$ & $-0.000839519$ & $0.00212697$ & $0.00748377$ & $0.00828626$ & $-0.0088868$ & $0.00596519$ & $0.0378501$ & $0.0643723$ & $-0.0233488$ & $-0.0119378$ & $0.00421472$ & $-0.0147073$ & $-0.0138984$ & $-0.0270844$ & $-0.00832976$ & $-0.00165353$ & $0.000669021$ & $0.0108208$ & $-0.00842701$ & $-0.020869$ & $0.00934653$ & $0.0156916$ & $0.0221535$ & $0.00428516$ & $0.0142287$ & $0.0340797$ & $-0.00051436$ & $0.0620403$ & $0.0285475$ & $0.0017962$ & $-0.288751$ & $-0.102513$ & $0.0623242$ & $1$ & $0.0689527$ & $-0.173884$ & $-0.110827$ & $-0.0125341$ & $-0.0361843$ & $0.309221$ & $-0.0234543$ & $0.0302426$ & $0.209007$ & $0.170006$ \\
eHZZpar & $0.0902955$ & $0.0165944$ & $-0.0108464$ & $0.0940104$ & $-0.0330777$ & $-0.0107429$ & $-0.0155532$ & $0.0312535$ & $0.0227698$ & $-0.00830818$ & $-0.0299769$ & $-0.00144685$ & $-0.000819775$ & $0.01592$ & $0.00897123$ & $-0.0011214$ & $-0.00572901$ & $-0.00940014$ & $-0.00546836$ & $0.0277381$ & $0.0319142$ & $0.0327584$ & $-0.0453964$ & $-0.0190573$ & $-0.0192185$ & $0.0114262$ & $0.00159843$ & $0.00102523$ & $-0.0273754$ & $0.0035209$ & $0.0312922$ & $-0.00447262$ & $0.0176175$ & $0.0161944$ & $0.174352$ & $-0.104242$ & $0.0498648$ & $0.0171794$ & $0.0689527$ & $1$ & $0.0371957$ & $-0.0507727$ & $-0.00242902$ & $-0.0245606$ & $0.0355992$ & $0.106307$ & $0.0181066$ & $0.0593068$ & $0.121259$ \\
eHZgaint & $0.110005$ & $0.242894$ & $0.480902$ & $-0.0551983$ & $0.0120049$ & $-0.0484538$ & $0.170434$ & $-0.0013181$ & $0.020669$ & $-0.019239$ & $-0.0152916$ & $-0.042925$ & $-0.0274125$ & $0.021747$ & $0.0598482$ & $0.0367918$ & $0.029275$ & $-0.00822046$ & $0.00293415$ & $0.0260496$ & $0.0124678$ & $0.0139612$ & $-0.0202596$ & $0.0202342$ & $-0.00379396$ & $-0.000887194$ & $-0.0498955$ & $0.0103708$ & $0.0115573$ & $0.0762427$ & $0.0660364$ & $0.169344$ & $0.0540836$ & $-0.0422263$ & $-0.404582$ & $0.181168$ & $-0.335137$ & $0.0430881$ & $-0.173884$ & $0.0371957$ & $1$ & $-0.0619463$ & $0.363412$ & $0.261567$ & $0.484465$ & $0.311066$ & $0.0991251$ & $-0.113616$ & $-0.0558223$ \\
eHZgapar & $-0.0757487$ & $-0.140612$ & $-0.177993$ & $0.175306$ & $0.0530084$ & $0.0236272$ & $0.0148874$ & $0.0343844$ & $0.0353359$ & $-0.042402$ & $-0.022387$ & $-0.0318478$ & $-0.0290648$ & $-0.00475694$ & $-0.0149966$ & $-0.0361405$ & $-0.0182548$ & $-0.0155957$ & $0.0028109$ & $0.0154276$ & $0.0261357$ & $0.0203151$ & $0.0195939$ & $-0.0521297$ & $-0.0183608$ & $-0.0180179$ & $0.0254594$ & $0.0143062$ & $0.0349039$ & $-0.0109211$ & $0.0323667$ & $0.0200247$ & $0.00642047$ & $0.0321054$ & $0.0399014$ & $-0.0924546$ & $0.0468493$ & $0.0108941$ & $-0.110827$ & $-0.0507727$ & $-0.0619463$ & $1$ & $-0.0232171$ & $0.0184852$ & $-0.0716667$ & $-0.0676837$ & $0.0136399$ & $0.094473$ & $-0.0569021$ \\
eHgagaint & $-0.178331$ & $0.256356$ & $0.40932$ & $-0.431287$ & $0.00758829$ & $-0.00342281$ & $-0.0314606$ & $-0.00366899$ & $0.0300274$ & $-0.0112438$ & $-0.000827725$ & $-0.0472317$ & $-0.0245573$ & $-0.000615232$ & $0.0402624$ & $-0.0061444$ & $0.0110963$ & $-0.019549$ & $0.0105207$ & $0.00759665$ & $0.00239964$ & $0.0042668$ & $-0.0314187$ & $0.0092018$ & $-0.00696411$ & $0.0197078$ & $-0.029296$ & $0.0189886$ & $-0.0111937$ & $0.0486477$ & $0.0781852$ & $-0.0420179$ & $0.075243$ & $-0.0279431$ & $-0.540238$ & $0.32737$ & $-0.62053$ & $-0.0574337$ & $-0.0125341$ & $-0.00242902$ & $0.363412$ & $-0.0232171$ & $1$ & $-0.156397$ & $0.282369$ & $0.147372$ & $0.164384$ & $-0.102182$ & $0.212798$ \\
eHmumuint & $0.0187165$ & $-0.0797437$ & $0.123059$ & $0.418991$ & $-0.0159808$ & $-0.0541406$ & $0.053638$ & $0.0764601$ & $0.0764632$ & $-0.0777318$ & $-0.0578359$ & $0.00697816$ & $0.0616508$ & $-0.0293757$ & $0.0579337$ & $0.0203422$ & $-0.0195119$ & $-0.0729941$ & $-0.0478222$ & $0.0556278$ & $0.0567537$ & $0.0498001$ & $0.0400553$ & $-0.0673877$ & $-0.0507282$ & $-0.0602828$ & $0.0165215$ & $0.0442056$ & $0.0384051$ & $0.0341755$ & $0.0272315$ & $0.0540417$ & $-0.0335546$ & $0.0212825$ & $-0.0635015$ & $0.0872729$ & $0.0334188$ & $-0.099078$ & $-0.0361843$ & $-0.0245606$ & $0.261567$ & $0.0184852$ & $-0.156397$ & $1$ & $-0.218016$ & $-0.103855$ & $0.190039$ & $-0.0406586$ & $-0.377501$ \\
eHtautauint & $0.0274107$ & $0.0612671$ & $0.294055$ & $-0.461574$ & $0.021479$ & $-0.0185876$ & $0.10291$ & $-0.0317059$ & $-0.0159474$ & $0.0550711$ & $-0.00252364$ & $-0.0289859$ & $-0.0621047$ & $0.0587321$ & $0.0184382$ & $0.0505975$ & $0.0569687$ & $0.0552945$ & $0.028754$ & $0.0106456$ & $-0.00242589$ & $-0.000178761$ & $-0.0147815$ & $0.0570945$ & $0.0328698$ & $0.00318132$ & $-0.0619356$ & $-0.00782694$ & $-0.00059654$ & $0.018708$ & $0.0357925$ & $0.10551$ & $0.0838462$ & $-0.0394811$ & $-0.0229992$ & $-0.225755$ & $0.0604683$ & $0.133382$ & $0.309221$ & $0.0355992$ & $0.484465$ & $-0.0716667$ & $0.282369$ & $-0.218016$ & $1$ & $0.231356$ & $0.0224457$ & $-0.00244793$ & $0.470769$ \\
eHccint & $0.0197101$ & $0.370331$ & $0.131993$ & $-0.0535324$ & $-0.0663936$ & $-0.0208472$ & $-0.0780016$ & $-0.0402755$ & $-0.0429552$ & $0.0138539$ & $0.0343428$ & $0.0198334$ & $0.0541167$ & $-0.00993942$ & $0.016402$ & $0.0154878$ & $0.00306115$ & $-0.00292557$ & $-0.00455659$ & $-0.0244521$ & $-0.0359994$ & $-0.0341731$ & $-0.0205458$ & $0.0241095$ & $-0.0112697$ & $0.0098442$ & $-0.0590465$ & $0.00162853$ & $0.012333$ & $0.00653283$ & $0.00173663$ & $-0.0792721$ & $0.000690009$ & $-0.0377189$ & $-0.234847$ & $0.192336$ & $-0.305564$ & $0.0311592$ & $-0.0234543$ & $0.106307$ & $0.311066$ & $-0.0676837$ & $0.147372$ & $-0.103855$ & $0.231356$ & $1$ & $0.0389061$ & $-0.521341$ & $0.16454$ \\
eHccpar & $0.334071$ & $-0.0856589$ & $0.346167$ & $-0.0325565$ & $-0.0170657$ & $-0.0875141$ & $0.0707764$ & $0.0232898$ & $0.0305656$ & $0.00773836$ & $-0.0267505$ & $-0.0171617$ & $-0.0293571$ & $-0.005184$ & $0.015729$ & $-0.0270826$ & $0.0309267$ & $-0.0045045$ & $0.023053$ & $0.0214143$ & $0.0275738$ & $0.027868$ & $0.0409479$ & $-0.0180768$ & $0.027253$ & $-0.0351524$ & $0.054194$ & $0.012543$ & $0.0284615$ & $0.0151171$ & $0.139062$ & $0.0786522$ & $-0.0220967$ & $0.017098$ & $-0.0246029$ & $-0.257042$ & $-0.0924689$ & $-0.130102$ & $0.0302426$ & $0.0181066$ & $0.0991251$ & $0.0136399$ & $0.164384$ & $0.190039$ & $0.0224457$ & $0.0389061$ & $1$ & $0.142211$ & $-0.304519$ \\
eHbbint & $0.0343502$ & $-0.483536$ & $-0.101434$ & $0.00789787$ & $-0.0303343$ & $-0.0192485$ & $0.127196$ & $0.0521441$ & $0.0550835$ & $-0.014269$ & $-0.0482595$ & $0.0111244$ & $-0.0295116$ & $0.016967$ & $0.0221795$ & $0.0151967$ & $-0.00674113$ & $-0.018899$ & $-0.0114497$ & $0.0418112$ & $0.0430411$ & $0.0435538$ & $-0.0276611$ & $-0.0267383$ & $-0.00945399$ & $0.00438254$ & $0.0222574$ & $-0.0154706$ & $0.00561953$ & $0.0174543$ & $0.0508555$ & $0.138838$ & $0.0908242$ & $0.0106285$ & $0.367372$ & $-0.566857$ & $0.141367$ & $0.0493177$ & $0.209007$ & $0.0593068$ & $-0.113616$ & $0.094473$ & $-0.102182$ & $-0.0406586$ & $-0.00244793$ & $-0.521341$ & $0.142211$ & $1$ & $-0.14631$ \\
eHbbpar & $-0.248823$ & $-0.149332$ & $-0.0703304$ & $-0.381602$ & $-0.00828285$ & $0.0556738$ & $-0.142295$ & $-0.0272218$ & $-0.0277371$ & $0.0490888$ & $0.00888424$ & $0.00808528$ & $-0.00231286$ & $0.0411654$ & $-0.000179112$ & $0.0230564$ & $0.0209269$ & $0.0369457$ & $0.0214606$ & $-0.00645625$ & $-0.0130639$ & $-0.00963388$ & $-0.0547014$ & $0.0424811$ & $0.0162151$ & $0.0281708$ & $-0.0560734$ & $0.00376967$ & $-0.0526104$ & $-0.00360633$ & $-0.0387946$ & $-0.133742$ & $0.143431$ & $-0.0324351$ & $0.157221$ & $-0.0733235$ & $0.122979$ & $0.076658$ & $0.170006$ & $0.121259$ & $-0.0558223$ & $-0.0569021$ & $0.212798$ & $-0.377501$ & $0.470769$ & $0.16454$ & $-0.304519$ & $-0.14631$ & $1$ \\
