 & AlsMz & dAle5Mz & mtop & mHl & Mz & CW & CHG & CHWB & CHWHB_gaga & CHWHB_gagaorth & CHD & CHbox & CH & CHL1_11 & CHL1_22 & CHL1_33 & CHL3_11 & CHL3_22 & CHL3_33 & CHe_11 & CHe_22 & CHe_33 & CHQ1_11 & CHQ1_33 & CHQ3_11 & CHu_11 & CHd_11 & CHd_33 & CeH_22r & CeH_33r & CuH_22r & CuH_33r & CdH_33r & CLL_1221 & eHggint & eHggpar & eHWWint & eHWWpar & eHZZint & eHZZpar & eHZgaint & eHZgapar & eHgagaint & eHmumuint & eHtautauint & eHccint & eHccpar & eHbbint & eHbbpar \\
AlsMz & $1$ & $-0.093194$ & $-0.0322877$ & $0.063062$ & $0.0106792$ & $0.00633994$ & $0.0322724$ & $-0.00112845$ & $-0.00227598$ & $-0.00487696$ & $-0.0122442$ & $0.00905309$ & $-0.0110162$ & $0.0186859$ & $0.0252849$ & $-0.00125912$ & $0.00928173$ & $0.000748241$ & $0.0186015$ & $0.00434662$ & $0.0012845$ & $-0.000233913$ & $-0.0224736$ & $-0.0435468$ & $-0.0929108$ & $-0.0330294$ & $-0.0563527$ & $0.00283026$ & $-0.00976325$ & $-0.0065861$ & $0.0215799$ & $0.020482$ & $0.00691486$ & $-0.0338611$ & $-0.156261$ & $0.0757032$ & $0.00632546$ & $-0.0160817$ & $0.00494171$ & $0.0196294$ & $-0.0639508$ & $0.0264146$ & $-0.0641039$ & $-0.013761$ & $0.088721$ & $0.0452286$ & $0.071867$ & $-0.0137453$ & $0.0311009$ \\
dAle5Mz & $-0.093194$ & $1$ & $0.111555$ & $-0.0359177$ & $0.0124771$ & $0.0221207$ & $-0.0361565$ & $-0.082237$ & $-0.0779459$ & $0.029428$ & $0.0740678$ & $-0.0231229$ & $0.0278575$ & $-0.0436221$ & $-0.0262806$ & $-0.0270175$ & $-0.00147757$ & $-0.000448527$ & $-0.00148674$ & $-0.0532618$ & $-0.0535227$ & $-0.0537369$ & $0.000301401$ & $0.0225339$ & $0.00638484$ & $0.0338278$ & $-0.0184074$ & $-0.022235$ & $-0.0142198$ & $0.00869096$ & $-0.00883611$ & $-0.0260936$ & $0.013942$ & $0.0122332$ & $0.0933233$ & $0.0056253$ & $-0.0376635$ & $0.0141237$ & $-0.00118831$ & $-0.0238718$ & $0.0293147$ & $-0.0212791$ & $0.0940096$ & $-0.0304771$ & $-0.0156364$ & $-0.0137295$ & $-0.0618134$ & $0.0848952$ & $-0.0282108$ \\
mtop & $-0.0322877$ & $0.111555$ & $1$ & $-0.0405813$ & $0.000741697$ & $0.00537643$ & $-0.0116052$ & $-0.00466355$ & $-0.0020612$ & $0.00727944$ & $0.0112185$ & $0.00374601$ & $-2.08156e-05$ & $-0.00308775$ & $-0.0111313$ & $-0.00123159$ & $-0.00547185$ & $0.00258871$ & $-0.00452616$ & $-0.00287264$ & $-0.00235162$ & $-0.0044105$ & $-0.00896636$ & $0.00112371$ & $0.000686088$ & $0.00256195$ & $0.00126195$ & $-0.00850692$ & $0.00552851$ & $0.00564373$ & $-0.0168075$ & $-0.0101085$ & $0.016367$ & $0.0124552$ & $0.0176598$ & $-0.00411798$ & $-0.0662865$ & $-0.0140439$ & $0.0152739$ & $0.00166545$ & $0.0423222$ & $0.0162569$ & $0.0327873$ & $0.0398474$ & $0.023328$ & $0.010166$ & $-0.0468444$ & $0.0571594$ & $0.0117024$ \\
mHl & $0.063062$ & $-0.0359177$ & $-0.0405813$ & $1$ & $-0.0136661$ & $-0.0152483$ & $0.00442162$ & $0.0119103$ & $0.0086297$ & $-0.00928367$ & $-0.0122766$ & $-0.0044181$ & $0.00593939$ & $-0.000555395$ & $0.0140973$ & $0.00561294$ & $0.00524839$ & $-0.00666156$ & $0.000416$ & $0.011236$ & $0.0105865$ & $0.0125442$ & $-0.00310867$ & $-0.0125431$ & $-0.0102985$ & $-0.00706324$ & $-0.00447868$ & $0.00210199$ & $0.00597786$ & $0.000330831$ & $-0.01003$ & $0.000563086$ & $0.00419826$ & $0.000793612$ & $-0.0235422$ & $0.0120808$ & $0.0239485$ & $-0.00778769$ & $0.00729699$ & $0.00799292$ & $-0.0486311$ & $0.000984376$ & $-0.0540361$ & $-0.0402818$ & $0.0197625$ & $0.0399982$ & $0.0264213$ & $-0.0338508$ & $0.0253495$ \\
Mz & $0.0106792$ & $0.0124771$ & $0.000741697$ & $-0.0136661$ & $1$ & $-0.00656916$ & $0.0105555$ & $0.0106165$ & $0.0112952$ & $-0.00246064$ & $-0.00663505$ & $0.00161838$ & $-0.00431642$ & $0.00840221$ & $0.00741083$ & $0.00453817$ & $0.00757094$ & $0.000452299$ & $0.00306318$ & $0.0127453$ & $0.0152755$ & $0.0158546$ & $-0.00922772$ & $-0.00244175$ & $0.0021075$ & $-0.00795243$ & $0.00733298$ & $-0.00382357$ & $0.0112572$ & $-0.00321188$ & $-0.00733633$ & $0.00878274$ & $-0.0151688$ & $0.00404119$ & $0.00179931$ & $0.0141884$ & $0.006847$ & $0.00371189$ & $0.00283343$ & $0.00417892$ & $0.00427454$ & $0.0176835$ & $0.011569$ & $-0.00889414$ & $0.00601929$ & $0.00293458$ & $-0.00872211$ & $-0.00152373$ & $-0.0226515$ \\
CW & $0.00633994$ & $0.0221207$ & $0.00537643$ & $-0.0152483$ & $-0.00656916$ & $1$ & $0.03326$ & $-0.0473766$ & $-0.0461068$ & $0.0231702$ & $0.160792$ & $0.0652887$ & $-0.0451832$ & $-0.0473411$ & $-0.0934872$ & $-0.0915536$ & $-0.371974$ & $-0.172296$ & $-0.172921$ & $-0.158436$ & $-0.161993$ & $-0.158947$ & $-0.00908422$ & $-0.123692$ & $-0.213188$ & $0.116777$ & $-0.0560592$ & $-0.0670381$ & $-0.0029363$ & $-0.0294639$ & $-0.0203198$ & $0.0360402$ & $-0.0415796$ & $-0.09007$ & $-0.0133869$ & $0.00939016$ & $0.00256605$ & $0.00398907$ & $-0.00457257$ & $0.00485343$ & $-0.00373492$ & $-0.00874424$ & $-0.00942431$ & $0.00220897$ & $0.012498$ & $0.00482455$ & $0.0129245$ & $0.0091698$ & $-0.00372498$ \\
CHG & $0.0322724$ & $-0.0361565$ & $-0.0116052$ & $0.00442162$ & $0.0105555$ & $0.03326$ & $1$ & $-0.0313944$ & $-0.0137658$ & $0.196393$ & $0.0929593$ & $0.750401$ & $-0.787498$ & $-0.124493$ & $-0.0400406$ & $-0.038058$ & $-0.125999$ & $-0.103553$ & $-0.104865$ & $-0.0918628$ & $-0.0929722$ & $-0.0917801$ & $-0.0124197$ & $-0.0684241$ & $-0.115607$ & $0.0739422$ & $-0.0265608$ & $-0.0425952$ & $-0.134663$ & $-0.58203$ & $-0.363183$ & $0.951996$ & $-0.584371$ & $-0.00603163$ & $-0.149145$ & $-0.0508189$ & $-0.0269459$ & $0.0227328$ & $0.0286207$ & $0.0160535$ & $-0.0290318$ & $0.00283471$ & $-0.0304011$ & $-0.011929$ & $0.00393834$ & $-0.00785443$ & $-0.0142961$ & $0.00755815$ & $-0.000598435$ \\
CHWB & $-0.00112845$ & $-0.082237$ & $-0.00466355$ & $0.0119103$ & $0.0106165$ & $-0.0473766$ & $-0.0313944$ & $1$ & $0.989321$ & $-0.541894$ & $-0.872573$ & $-0.0907312$ & $0.0346922$ & $0.275301$ & $0.452957$ & $0.444265$ & $-0.218038$ & $-0.398411$ & $-0.391024$ & $0.855412$ & $0.886709$ & $0.878336$ & $0.0390644$ & $-0.628854$ & $-0.354897$ & $-0.606569$ & $0.423457$ & $0.382359$ & $-0.00474078$ & $0.0371167$ & $0.0267397$ & $-0.0436461$ & $0.0344017$ & $0.526045$ & $-0.00880637$ & $-0.00823796$ & $-0.000712173$ & $0.00958388$ & $-0.000907719$ & $0.0157256$ & $-0.00554976$ & $0.0110624$ & $-0.0180531$ & $0.00632717$ & $-0.0174589$ & $0.00210262$ & $0.0130111$ & $-0.0215349$ & $0.00616646$ \\
CHWHB_gaga & $-0.00227598$ & $-0.0779459$ & $-0.0020612$ & $0.0086297$ & $0.0112952$ & $-0.0461068$ & $-0.0137658$ & $0.989321$ & $1$ & $-0.537705$ & $-0.861075$ & $-0.0946573$ & $0.0424982$ & $0.267833$ & $0.447506$ & $0.439543$ & $-0.219758$ & $-0.398161$ & $-0.39115$ & $0.844338$ & $0.875229$ & $0.866911$ & $0.0379992$ & $-0.624934$ & $-0.354701$ & $-0.598018$ & $0.419289$ & $0.376134$ & $0.00416593$ & $0.0583024$ & $0.0375283$ & $-0.0282048$ & $0.0564354$ & $0.521218$ & $-0.0153605$ & $-0.0156881$ & $-0.0147094$ & $0.0110201$ & $-0.00533815$ & $0.0140599$ & $-0.00769164$ & $0.00762708$ & $0.0407226$ & $0.00643988$ & $-0.0194152$ & $-0.000305912$ & $0.00561075$ & $-0.0189712$ & $0.00553633$ \\
CHWHB_gagaorth & $-0.00487696$ & $0.029428$ & $0.00727944$ & $-0.00928367$ & $-0.00246064$ & $0.0231702$ & $0.196393$ & $-0.541894$ & $-0.537705$ & $1$ & $0.470076$ & $0.36315$ & $-0.245955$ & $-0.14206$ & $-0.242327$ & $-0.240581$ & $0.122322$ & $0.220475$ & $0.217679$ & $-0.460387$ & $-0.478485$ & $-0.473494$ & $-0.0325489$ & $0.345285$ & $0.199267$ & $0.333752$ & $-0.230162$ & $-0.202702$ & $-0.0362454$ & $-0.218545$ & $-0.151656$ & $0.213726$ & $-0.230983$ & $-0.289611$ & $0.0153906$ & $0.0115074$ & $0.00124492$ & $0.00251018$ & $0.0108651$ & $0.00425141$ & $-0.0597366$ & $-0.00615283$ & $0.00382313$ & $-0.00138778$ & $0.0125915$ & $-0.00831526$ & $-0.032975$ & $0.0199856$ & $-0.00606242$ \\
CHD & $-0.0122442$ & $0.0740678$ & $0.0112185$ & $-0.0122766$ & $-0.00663505$ & $0.160792$ & $0.0929593$ & $-0.872573$ & $-0.861075$ & $0.470076$ & $1$ & $0.183439$ & $-0.107456$ & $-0.670897$ & $-0.573365$ & $-0.560111$ & $-0.25847$ & $-0.0281957$ & $-0.0372657$ & $-0.994777$ & $-0.994935$ & $-0.983161$ & $0.026138$ & $0.214539$ & $-0.0812645$ & $0.678188$ & $-0.288805$ & $-0.428262$ & $-0.00844336$ & $-0.090319$ & $-0.0603879$ & $0.110288$ & $-0.0973727$ & $-0.314415$ & $0.00585034$ & $0.0130088$ & $-0.00643262$ & $-0.00590019$ & $-0.00520765$ & $-0.0150691$ & $0.00721559$ & $-0.0103795$ & $0.0178829$ & $-0.00545538$ & $0.0197128$ & $-0.00222685$ & $-0.00697098$ & $0.0115904$ & $-0.00171824$ \\
CHbox & $0.00905309$ & $-0.0231229$ & $0.00374601$ & $-0.0044181$ & $0.00161838$ & $0.0652887$ & $0.750401$ & $-0.0907312$ & $-0.0946573$ & $0.36315$ & $0.183439$ & $1$ & $-0.954002$ & $-0.209021$ & $-0.0768923$ & $-0.0730712$ & $-0.194515$ & $-0.151103$ & $-0.153552$ & $-0.178759$ & $-0.183918$ & $-0.178796$ & $-0.0128724$ & $-0.0817646$ & $-0.163577$ & $0.138903$ & $-0.0566258$ & $-0.0820866$ & $-0.173897$ & $-0.649794$ & $-0.40293$ & $0.686169$ & $-0.6452$ & $-0.0350522$ & $-0.143653$ & $-0.0448051$ & $-0.0391467$ & $0.0105103$ & $0.0320257$ & $0.0252398$ & $-0.0340351$ & $-0.00123475$ & $-0.0256209$ & $-0.010141$ & $0.00749761$ & $-0.0246592$ & $-0.00946908$ & $0.0313846$ & $0.00334628$ \\
CH & $-0.0110162$ & $0.0278575$ & $-2.08156e-05$ & $0.00593939$ & $-0.00431642$ & $-0.0451832$ & $-0.787498$ & $0.0346922$ & $0.0424982$ & $-0.245955$ & $-0.107456$ & $-0.954002$ & $1$ & $0.143417$ & $0.0463286$ & $0.0421437$ & $0.151398$ & $0.12219$ & $0.124662$ & $0.105371$ & $0.107144$ & $0.103782$ & $0.0127981$ & $0.0819852$ & $0.132669$ & $-0.0864481$ & $0.027591$ & $0.0495253$ & $0.189522$ & $0.708791$ & $0.428089$ & $-0.702773$ & $0.702515$ & $0.00635299$ & $0.167785$ & $0.0544689$ & $0.0300399$ & $-0.00950093$ & $-0.0313779$ & $-0.0207429$ & $0.0256996$ & $0.00248833$ & $0.0243648$ & $0.0129705$ & $-0.00870766$ & $0.0208709$ & $0.00476196$ & $-0.0264738$ & $-0.00689363$ \\
CHL1_11 & $0.0186859$ & $-0.0436221$ & $-0.00308775$ & $-0.000555395$ & $0.00840221$ & $-0.0473411$ & $-0.124493$ & $0.275301$ & $0.267833$ & $-0.14206$ & $-0.670897$ & $-0.209021$ & $0.143417$ & $1$ & $0.415302$ & $0.400144$ & $0.645991$ & $0.595546$ & $0.603118$ & $0.681649$ & $0.642931$ & $0.631527$ & $-0.109265$ & $0.435378$ & $0.6059$ & $-0.432105$ & $-0.0439463$ & $0.275316$ & $0.0237914$ & $0.111157$ & $0.06797$ & $-0.140932$ & $0.123812$ & $-0.175333$ & $-0.00270276$ & $-0.010889$ & $0.0131274$ & $-0.00593435$ & $0.0106892$ & $0.00332815$ & $-0.00226753$ & $0.00589782$ & $-0.00988938$ & $0.00322194$ & $-0.0103462$ & $0.00042967$ & $-0.00678132$ & $0.00522633$ & $-0.0100975$ \\
CHL1_22 & $0.0252849$ & $-0.0262806$ & $-0.0111313$ & $0.0140973$ & $0.00741083$ & $-0.0934872$ & $-0.0400406$ & $0.452957$ & $0.447506$ & $-0.242327$ & $-0.573365$ & $-0.0768923$ & $0.0463286$ & $0.415302$ & $1$ & $0.534845$ & $0.186309$ & $-0.29934$ & $0.0157344$ & $0.616593$ & $0.517132$ & $0.507698$ & $-0.177702$ & $0.0508201$ & $-0.048552$ & $-0.348992$ & $-0.28449$ & $0.213305$ & $0.00223568$ & $0.0444419$ & $0.0357807$ & $-0.0494846$ & $0.0526835$ & $-0.479802$ & $0.00365068$ & $-0.036029$ & $0.00430998$ & $0.00655893$ & $-0.0123422$ & $0.0192611$ & $-0.00265155$ & $0.00415289$ & $-0.0137794$ & $0.0022044$ & $-0.0119216$ & $-0.00189693$ & $0.0129763$ & $-0.006746$ & $0.0159747$ \\
CHL1_33 & $-0.00125912$ & $-0.0270175$ & $-0.00123159$ & $0.00561294$ & $0.00453817$ & $-0.0915536$ & $-0.038058$ & $0.444265$ & $0.439543$ & $-0.240581$ & $-0.560111$ & $-0.0730712$ & $0.0421437$ & $0.400144$ & $0.534845$ & $1$ & $0.180773$ & $0.00926477$ & $-0.289841$ & $0.603205$ & $0.506118$ & $0.514779$ & $-0.176231$ & $0.0475249$ & $-0.050341$ & $-0.343347$ & $-0.284638$ & $0.213934$ & $-0.00159878$ & $0.0427596$ & $0.0322385$ & $-0.0429437$ & $0.0495513$ & $-0.0335678$ & $0.00758685$ & $-0.0192382$ & $-0.0172222$ & $0.00147264$ & $-0.0111337$ & $0.00736484$ & $-0.0112825$ & $0.00907578$ & $-0.000423059$ & $-0.0104351$ & $-0.020603$ & $-0.0161638$ & $-0.00684038$ & $-0.0121389$ & $0.00365431$ \\
CHL3_11 & $0.00928173$ & $-0.00147757$ & $-0.00547185$ & $0.00524839$ & $0.00757094$ & $-0.371974$ & $-0.125999$ & $-0.218038$ & $-0.219758$ & $0.122322$ & $-0.25847$ & $-0.194515$ & $0.151398$ & $0.645991$ & $0.186309$ & $0.180773$ & $1$ & $0.820261$ & $0.82202$ & $0.270595$ & $0.234095$ & $0.227984$ & $-0.0856064$ & $0.751688$ & $0.855361$ & $-0.157679$ & $-0.154867$ & $0.0999943$ & $0.0268873$ & $0.109669$ & $0.0714749$ & $-0.136094$ & $0.130387$ & $-0.261507$ & $0.00899466$ & $-0.00994402$ & $0.0128769$ & $-0.00442274$ & $0.0138881$ & $0.00179071$ & $-0.00377$ & $-0.00330284$ & $-0.0011742$ & $0.000756673$ & $-0.00917887$ & $0.00121567$ & $-0.00944354$ & $0.01858$ & $-0.00632956$ \\
CHL3_22 & $0.000748241$ & $-0.000448527$ & $0.00258871$ & $-0.00666156$ & $0.000452299$ & $-0.172296$ & $-0.103553$ & $-0.398411$ & $-0.398161$ & $0.220475$ & $-0.0281957$ & $-0.151103$ & $0.12219$ & $0.595546$ & $-0.29934$ & $0.00926477$ & $0.820261$ & $1$ & $0.786646$ & $0.0273376$ & $0.0234269$ & $0.0225072$ & $-0.0269281$ & $0.732672$ & $0.862459$ & $-0.0137694$ & $-0.0634859$ & $0.0137371$ & $0.0254006$ & $0.0853747$ & $0.0493649$ & $-0.109692$ & $0.0993503$ & $-0.0686393$ & $0.00302814$ & $0.00987317$ & $0.0104823$ & $-0.0111227$ & $0.0186612$ & $-0.0113311$ & $-0.00206458$ & $-0.0024646$ & $0.00592769$ & $-0.0018498$ & $-0.000348246$ & $5.50104e-05$ & $-0.0191792$ & $0.0196874$ & $-0.0177653$ \\
CHL3_33 & $0.0186015$ & $-0.00148674$ & $-0.00452616$ & $0.000416$ & $0.00306318$ & $-0.172921$ & $-0.104865$ & $-0.391024$ & $-0.39115$ & $0.217679$ & $-0.0372657$ & $-0.153552$ & $0.124662$ & $0.603118$ & $0.0157344$ & $-0.289841$ & $0.82202$ & $0.786646$ & $1$ & $0.0364822$ & $0.0317834$ & $0.0305493$ & $-0.0260081$ & $0.732716$ & $0.864331$ & $-0.0179496$ & $-0.0574663$ & $0.0139448$ & $0.028202$ & $0.0854975$ & $0.0512393$ & $-0.113989$ & $0.101474$ & $-0.371551$ & $0.000605643$ & $-0.000282818$ & $0.0223525$ & $-0.00695257$ & $0.0152196$ & $-0.00250479$ & $0.00330299$ & $-0.0047186$ & $-0.00257137$ & $0.00626043$ & $0.00331039$ & $0.0110136$ & $-0.00713774$ & $0.0212136$ & $-0.00865985$ \\
CHe_11 & $0.00434662$ & $-0.0532618$ & $-0.00287264$ & $0.011236$ & $0.0127453$ & $-0.158436$ & $-0.0918628$ & $0.855412$ & $0.844338$ & $-0.460387$ & $-0.994777$ & $-0.178759$ & $0.105371$ & $0.681649$ & $0.616593$ & $0.603205$ & $0.270595$ & $0.0273376$ & $0.0364822$ & $1$ & $0.984914$ & $0.973322$ & $-0.0451478$ & $-0.179855$ & $0.0861753$ & $-0.671087$ & $0.234626$ & $0.423448$ & $0.00755125$ & $0.0892788$ & $0.0591845$ & $-0.108608$ & $0.0969364$ & $0.257344$ & $-0.0026024$ & $-0.015175$ & $0.00499713$ & $0.00568615$ & $0.00298894$ & $0.0142802$ & $-0.00580303$ & $0.00961305$ & $-0.014566$ & $0.00405817$ & $-0.01982$ & $0.00110479$ & $0.00453884$ & $-0.0094113$ & $0.00235088$ \\
CHe_22 & $0.0012845$ & $-0.0535227$ & $-0.00235162$ & $0.0105865$ & $0.0152755$ & $-0.161993$ & $-0.0929722$ & $0.886709$ & $0.875229$ & $-0.478485$ & $-0.994935$ & $-0.183918$ & $0.107144$ & $0.642931$ & $0.517132$ & $0.506118$ & $0.234095$ & $0.0234269$ & $0.0317834$ & $0.984914$ & $1$ & $0.98652$ & $-0.00307776$ & $-0.25678$ & $0.0706895$ & $-0.680999$ & $0.350625$ & $0.430761$ & $0.00788817$ & $0.0893082$ & $0.0586974$ & $-0.110137$ & $0.0956829$ & $0.382098$ & $-0.00305365$ & $-0.0116768$ & $0.00537868$ & $0.00633889$ & $0.00597211$ & $0.0143629$ & $-0.00502471$ & $0.00980979$ & $-0.0154682$ & $0.00584064$ & $-0.0199794$ & $0.00302557$ & $0.00493465$ & $-0.0096834$ & $0.000139931$ \\
CHe_33 & $-0.000233913$ & $-0.0537369$ & $-0.0044105$ & $0.0125442$ & $0.0158546$ & $-0.158947$ & $-0.0917801$ & $0.878336$ & $0.866911$ & $-0.473494$ & $-0.983161$ & $-0.178796$ & $0.103782$ & $0.631527$ & $0.507698$ & $0.514779$ & $0.227984$ & $0.0225072$ & $0.0305493$ & $0.973322$ & $0.98652$ & $1$ & $-0.00350971$ & $-0.256372$ & $0.0680934$ & $-0.671659$ & $0.350553$ & $0.424745$ & $0.00938054$ & $0.0864624$ & $0.0559042$ & $-0.108543$ & $0.0934166$ & $0.384623$ & $-0.00212253$ & $-0.0111431$ & $0.00469071$ & $0.0060023$ & $0.00335855$ & $0.0122289$ & $-0.00706113$ & $0.0110056$ & $-0.0149721$ & $0.005492$ & $-0.0212386$ & $0.00278016$ & $0.00233617$ & $-0.00988036$ & $0.000133567$ \\
CHQ1_11 & $-0.0224736$ & $0.000301401$ & $-0.00896636$ & $-0.00310867$ & $-0.00922772$ & $-0.00908422$ & $-0.0124197$ & $0.0390644$ & $0.0379992$ & $-0.0325489$ & $0.026138$ & $-0.0128724$ & $0.0127981$ & $-0.109265$ & $-0.177702$ & $-0.176231$ & $-0.0856064$ & $-0.0269281$ & $-0.0260081$ & $-0.0451478$ & $-0.00307776$ & $-0.00350971$ & $1$ & $-0.141093$ & $0.0401189$ & $-0.578877$ & $0.356672$ & $0.00265569$ & $0.00724519$ & $0.000876899$ & $0.00684086$ & $-0.0125843$ & $0.00329223$ & $0.207855$ & $0.00338117$ & $-0.0147652$ & $0.000748273$ & $0.00835057$ & $0.0103812$ & $-0.00886568$ & $0.00178243$ & $-0.0177723$ & $-0.0273851$ & $0.0015129$ & $-0.0206533$ & $-0.0167472$ & $0.0110992$ & $-0.0169385$ & $0.00276216$ \\
CHQ1_33 & $-0.0435468$ & $0.0225339$ & $0.00112371$ & $-0.0125431$ & $-0.00244175$ & $-0.123692$ & $-0.0684241$ & $-0.628854$ & $-0.624934$ & $0.345285$ & $0.214539$ & $-0.0817646$ & $0.0819852$ & $0.435378$ & $0.0508201$ & $0.0475249$ & $0.751688$ & $0.732672$ & $0.732716$ & $-0.179855$ & $-0.25678$ & $-0.256372$ & $-0.141093$ & $1$ & $0.743468$ & $0.183273$ & $-0.415937$ & $-0.034118$ & $0.0237729$ & $0.0554259$ & $0.036176$ & $-0.0681201$ & $0.0724547$ & $-0.616714$ & $0.0179866$ & $-0.0178094$ & $0.0115775$ & $-0.00914213$ & $0.00430199$ & $-0.0107635$ & $0.00237332$ & $-0.00350679$ & $0.00614409$ & $0.0026301$ & $0.00320374$ & $-0.000885876$ & $-0.0123979$ & $0.0200278$ & $-0.00507707$ \\
CHQ3_11 & $-0.0929108$ & $0.00638484$ & $0.000686088$ & $-0.0102985$ & $0.0021075$ & $-0.213188$ & $-0.115607$ & $-0.354897$ & $-0.354701$ & $0.199267$ & $-0.0812645$ & $-0.163577$ & $0.132669$ & $0.6059$ & $-0.048552$ & $-0.050341$ & $0.855361$ & $0.862459$ & $0.864331$ & $0.0861753$ & $0.0706895$ & $0.0680934$ & $0.0401189$ & $0.743468$ & $1$ & $-0.0457199$ & $0.118083$ & $0.0298624$ & $0.0299191$ & $0.0897068$ & $0.0559997$ & $-0.122762$ & $0.104812$ & $-0.24681$ & $0.0192706$ & $-0.0054979$ & $0.0136872$ & $-0.00712157$ & $0.0214439$ & $-0.00903671$ & $0.00268425$ & $-0.0109014$ & $0.00331124$ & $0.00628029$ & $-0.0119588$ & $-0.00908641$ & $-0.0152538$ & $0.0130744$ & $-0.0106123$ \\
CHu_11 & $-0.0330294$ & $0.0338278$ & $0.00256195$ & $-0.00706324$ & $-0.00795243$ & $0.116777$ & $0.0739422$ & $-0.606569$ & $-0.598018$ & $0.333752$ & $0.678188$ & $0.138903$ & $-0.0864481$ & $-0.432105$ & $-0.348992$ & $-0.343347$ & $-0.157679$ & $-0.0137694$ & $-0.0179496$ & $-0.671087$ & $-0.680999$ & $-0.671659$ & $-0.578877$ & $0.183273$ & $-0.0457199$ & $1$ & $-0.223573$ & $-0.289608$ & $-0.00965934$ & $-0.0649858$ & $-0.0458196$ & $0.0862848$ & $-0.075702$ & $-0.268106$ & $-0.00426349$ & $0.018594$ & $-0.00754502$ & $-0.0109704$ & $0.000419625$ & $-0.00677486$ & $0.00261917$ & $-0.00238128$ & $0.0205088$ & $-0.00497792$ & $0.0255612$ & $0.00800418$ & $-0.00833277$ & $0.00635615$ & $-0.00694297$ \\
CHd_11 & $-0.0563527$ & $-0.0184074$ & $0.00126195$ & $-0.00447868$ & $0.00733298$ & $-0.0560592$ & $-0.0265608$ & $0.423457$ & $0.419289$ & $-0.230162$ & $-0.288805$ & $-0.0566258$ & $0.027591$ & $-0.0439463$ & $-0.28449$ & $-0.284638$ & $-0.154867$ & $-0.0634859$ & $-0.0574663$ & $0.234626$ & $0.350625$ & $0.350553$ & $0.356672$ & $-0.415937$ & $0.118083$ & $-0.223573$ & $1$ & $0.146239$ & $0.00645674$ & $0.014153$ & $0.0142218$ & $-0.031853$ & $0.00963021$ & $0.679849$ & $-0.0035664$ & $0.0137932$ & $0.00368477$ & $0.00530104$ & $0.0222057$ & $-0.0044737$ & $-0.00301724$ & $-0.00587175$ & $-0.0154425$ & $0.0148123$ & $-0.00973938$ & $-0.00314118$ & $0.0120905$ & $-0.0204299$ & $-0.000708175$ \\
CHd_33 & $0.00283026$ & $-0.022235$ & $-0.00850692$ & $0.00210199$ & $-0.00382357$ & $-0.0670381$ & $-0.0425952$ & $0.382359$ & $0.376134$ & $-0.202702$ & $-0.428262$ & $-0.0820866$ & $0.0495253$ & $0.275316$ & $0.213305$ & $0.213934$ & $0.0999943$ & $0.0137371$ & $0.0139448$ & $0.423448$ & $0.430761$ & $0.424745$ & $0.00265569$ & $-0.034118$ & $0.0298624$ & $-0.289608$ & $0.146239$ & $1$ & $-0.000510773$ & $0.0445215$ & $0.0268204$ & $-0.0474753$ & $0.0539725$ & $0.173607$ & $-0.0124905$ & $-0.00823783$ & $0.00234367$ & $0.00269069$ & $0.0205766$ & $0.0137848$ & $0.00264248$ & $0.00242315$ & $-0.0129915$ & $0.00838595$ & $-0.00489683$ & $0.0181771$ & $0.00462348$ & $-0.0118797$ & $0.0106888$ \\
CeH_22r & $-0.00976325$ & $-0.0142198$ & $0.00552851$ & $0.00597786$ & $0.0112572$ & $-0.0029363$ & $-0.134663$ & $-0.00474078$ & $0.00416593$ & $-0.0362454$ & $-0.00844336$ & $-0.173897$ & $0.189522$ & $0.0237914$ & $0.00223568$ & $-0.00159878$ & $0.0268873$ & $0.0254006$ & $0.028202$ & $0.00755125$ & $0.00788817$ & $0.00938054$ & $0.00724519$ & $0.0237729$ & $0.0299191$ & $-0.00965934$ & $0.00645674$ & $-0.000510773$ & $1$ & $0.15958$ & $0.104093$ & $-0.132613$ & $0.160903$ & $-0.00597561$ & $0.00614232$ & $-0.00129165$ & $-0.00564023$ & $-0.00087931$ & $-0.00790832$ & $-0.0126103$ & $-0.00162401$ & $0.00279094$ & $0.011816$ & $0.0118419$ & $-0.0186881$ & $-0.00874011$ & $0.0122838$ & $-0.00336691$ & $-0.00197402$ \\
CeH_33r & $-0.0065861$ & $0.00869096$ & $0.00564373$ & $0.000330831$ & $-0.00321188$ & $-0.0294639$ & $-0.58203$ & $0.0371167$ & $0.0583024$ & $-0.218545$ & $-0.090319$ & $-0.649794$ & $0.708791$ & $0.111157$ & $0.0444419$ & $0.0427596$ & $0.109669$ & $0.0853747$ & $0.0854975$ & $0.0892788$ & $0.0893082$ & $0.0864624$ & $0.000876899$ & $0.0554259$ & $0.0897068$ & $-0.0649858$ & $0.014153$ & $0.0445215$ & $0.15958$ & $1$ & $0.489803$ & $-0.441636$ & $0.804634$ & $0.00535088$ & $0.0687492$ & $0.0221085$ & $-0.101436$ & $-0.0149312$ & $-0.0266509$ & $-0.0145429$ & $0.0163978$ & $-0.003479$ & $0.0124166$ & $0.0171709$ & $0.0401174$ & $0.00640085$ & $-0.0153249$ & $-0.0110128$ & $-0.00736077$ \\
CuH_22r & $0.0215799$ & $-0.00883611$ & $-0.0168075$ & $-0.01003$ & $-0.00733633$ & $-0.0203198$ & $-0.363183$ & $0.0267397$ & $0.0375283$ & $-0.151656$ & $-0.0603879$ & $-0.40293$ & $0.428089$ & $0.06797$ & $0.0357807$ & $0.0322385$ & $0.0714749$ & $0.0493649$ & $0.0512393$ & $0.0591845$ & $0.0586974$ & $0.0559042$ & $0.00684086$ & $0.036176$ & $0.0559997$ & $-0.0458196$ & $0.0142218$ & $0.0268204$ & $0.104093$ & $0.489803$ & $1$ & $-0.268399$ & $0.517779$ & $0.000950049$ & $0.0328055$ & $0.0343133$ & $-0.0205218$ & $-0.0163075$ & $-0.0132371$ & $-0.0146785$ & $0.00951356$ & $0.00025112$ & $-0.0193919$ & $-0.0167479$ & $0.0107434$ & $0.0740756$ & $0.312648$ & $-0.0237649$ & $0.0368121$ \\
CuH_33r & $0.020482$ & $-0.0260936$ & $-0.0101085$ & $0.000563086$ & $0.00878274$ & $0.0360402$ & $0.951996$ & $-0.0436461$ & $-0.0282048$ & $0.213726$ & $0.110288$ & $0.686169$ & $-0.702773$ & $-0.140932$ & $-0.0494846$ & $-0.0429437$ & $-0.136094$ & $-0.109692$ & $-0.113989$ & $-0.108608$ & $-0.110137$ & $-0.108543$ & $-0.0125843$ & $-0.0681201$ & $-0.122762$ & $0.0862848$ & $-0.031853$ & $-0.0474753$ & $-0.132613$ & $-0.441636$ & $-0.268399$ & $1$ & $-0.426066$ & $-0.00854644$ & $-0.0888127$ & $-0.0284352$ & $-0.0516618$ & $0.0221439$ & $0.0339056$ & $0.0141319$ & $-0.0325587$ & $0.00212338$ & $-0.0262901$ & $-0.0110347$ & $0.00259325$ & $-0.00426795$ & $-0.022352$ & $0.0147892$ & $0.00465335$ \\
CdH_33r & $0.00691486$ & $0.013942$ & $0.016367$ & $0.00419826$ & $-0.0151688$ & $-0.0415796$ & $-0.584371$ & $0.0344017$ & $0.0564354$ & $-0.230983$ & $-0.0973727$ & $-0.6452$ & $0.702515$ & $0.123812$ & $0.0526835$ & $0.0495513$ & $0.130387$ & $0.0993503$ & $0.101474$ & $0.0969364$ & $0.0956829$ & $0.0934166$ & $0.00329223$ & $0.0724547$ & $0.104812$ & $-0.075702$ & $0.00963021$ & $0.0539725$ & $0.160903$ & $0.804634$ & $0.517779$ & $-0.426066$ & $1$ & $-0.0017797$ & $0.0551622$ & $0.0355263$ & $-0.100868$ & $-0.0189072$ & $-0.0451309$ & $-0.0180523$ & $0.0113621$ & $-0.00448132$ & $0.0182966$ & $0.0272916$ & $0.00934802$ & $0.0468899$ & $0.0128826$ & $0.0836139$ & $0.344126$ \\
CLL_1221 & $-0.0338611$ & $0.0122332$ & $0.0124552$ & $0.000793612$ & $0.00404119$ & $-0.09007$ & $-0.00603163$ & $0.526045$ & $0.521218$ & $-0.289611$ & $-0.314415$ & $-0.0350522$ & $0.00635299$ & $-0.175333$ & $-0.479802$ & $-0.0335678$ & $-0.261507$ & $-0.0686393$ & $-0.371551$ & $0.257344$ & $0.382098$ & $0.384623$ & $0.207855$ & $-0.616714$ & $-0.24681$ & $-0.268106$ & $0.679849$ & $0.173607$ & $-0.00597561$ & $0.00535088$ & $0.000950049$ & $-0.00854644$ & $-0.0017797$ & $1$ & $-0.00210964$ & $0.0236387$ & $-0.00864977$ & $0.00597773$ & $0.0110923$ & $-0.00229514$ & $-0.00252298$ & $0.00318124$ & $0.00165755$ & $0.00167397$ & $-0.0107823$ & $0.00183811$ & $-0.0026065$ & $-0.00789807$ & $-0.00875019$ \\
eHggint & $-0.156261$ & $0.0933233$ & $0.0176598$ & $-0.0235422$ & $0.00179931$ & $-0.0133869$ & $-0.149145$ & $-0.00880637$ & $-0.0153605$ & $0.0153906$ & $0.00585034$ & $-0.143653$ & $0.167785$ & $-0.00270276$ & $0.00365068$ & $0.00758685$ & $0.00899466$ & $0.00302814$ & $0.000605643$ & $-0.0026024$ & $-0.00305365$ & $-0.00212253$ & $0.00338117$ & $0.0179866$ & $0.0192706$ & $-0.00426349$ & $-0.0035664$ & $-0.0124905$ & $0.00614232$ & $0.0687492$ & $0.0328055$ & $-0.0888127$ & $0.0551622$ & $-0.00210964$ & $1$ & $-0.163662$ & $0.0317459$ & $0.00475584$ & $-0.0598591$ & $0.00219225$ & $0.0243545$ & $-0.00989194$ & $0.0700969$ & $-0.0456242$ & $-0.0413285$ & $-0.0711578$ & $-0.0446322$ & $0.0441478$ & $-0.0716942$ \\
eHggpar & $0.0757032$ & $0.0056253$ & $-0.00411798$ & $0.0120808$ & $0.0141884$ & $0.00939016$ & $-0.0508189$ & $-0.00823796$ & $-0.0156881$ & $0.0115074$ & $0.0130088$ & $-0.0448051$ & $0.0544689$ & $-0.010889$ & $-0.036029$ & $-0.0192382$ & $-0.00994402$ & $0.00987317$ & $-0.000282818$ & $-0.015175$ & $-0.0116768$ & $-0.0111431$ & $-0.0147652$ & $-0.0178094$ & $-0.0054979$ & $0.018594$ & $0.0137932$ & $-0.00823783$ & $-0.00129165$ & $0.0221085$ & $0.0343133$ & $-0.0284352$ & $0.0355263$ & $0.0236387$ & $-0.163662$ & $1$ & $0.0331666$ & $-0.00994372$ & $0.128182$ & $0.0184331$ & $-0.0322794$ & $0.0112512$ & $0.00736128$ & $0.057221$ & $0.0319531$ & $0.104709$ & $0.0628517$ & $0.0169027$ & $0.055162$ \\
eHWWint & $0.00632546$ & $-0.0376635$ & $-0.0662865$ & $0.0239485$ & $0.006847$ & $0.00256605$ & $-0.0269459$ & $-0.000712173$ & $-0.0147094$ & $0.00124492$ & $-0.00643262$ & $-0.0391467$ & $0.0300399$ & $0.0131274$ & $0.00430998$ & $-0.0172222$ & $0.0128769$ & $0.0104823$ & $0.0223525$ & $0.00499713$ & $0.00537868$ & $0.00469071$ & $0.000748273$ & $0.0115775$ & $0.0136872$ & $-0.00754502$ & $0.00368477$ & $0.00234367$ & $-0.00564023$ & $-0.101436$ & $-0.0205218$ & $-0.0516618$ & $-0.100868$ & $-0.00864977$ & $0.0317459$ & $0.0331666$ & $1$ & $-0.0330419$ & $0.00607097$ & $0.00347116$ & $0.0310813$ & $0.00214492$ & $-0.0540912$ & $0.0238837$ & $0.0697899$ & $0.0666999$ & $0.117314$ & $-0.0613565$ & $0.0603727$ \\
eHWWpar & $-0.0160817$ & $0.0141237$ & $-0.0140439$ & $-0.00778769$ & $0.00371189$ & $0.00398907$ & $0.0227328$ & $0.00958388$ & $0.0110201$ & $0.00251018$ & $-0.00590019$ & $0.0105103$ & $-0.00950093$ & $-0.00593435$ & $0.00655893$ & $0.00147264$ & $-0.00442274$ & $-0.0111227$ & $-0.00695257$ & $0.00568615$ & $0.00633889$ & $0.0060023$ & $0.00835057$ & $-0.00914213$ & $-0.00712157$ & $-0.0109704$ & $0.00530104$ & $0.00269069$ & $-0.00087931$ & $-0.0149312$ & $-0.0163075$ & $0.0221439$ & $-0.0189072$ & $0.00597773$ & $0.00475584$ & $-0.00994372$ & $-0.0330419$ & $1$ & $0.00941605$ & $0.0115538$ & $-0.0135059$ & $-0.00994056$ & $0.0165635$ & $0.0176688$ & $0.0150985$ & $-0.00397615$ & $-0.0110954$ & $-0.01765$ & $0.00753152$ \\
eHZZint & $0.00494171$ & $-0.00118831$ & $0.0152739$ & $0.00729699$ & $0.00283343$ & $-0.00457257$ & $0.0286207$ & $-0.000907719$ & $-0.00533815$ & $0.0108651$ & $-0.00520765$ & $0.0320257$ & $-0.0313779$ & $0.0106892$ & $-0.0123422$ & $-0.0111337$ & $0.0138881$ & $0.0186612$ & $0.0152196$ & $0.00298894$ & $0.00597211$ & $0.00335855$ & $0.0103812$ & $0.00430199$ & $0.0214439$ & $0.000419625$ & $0.0222057$ & $0.0205766$ & $-0.00790832$ & $-0.0266509$ & $-0.0132371$ & $0.0339056$ & $-0.0451309$ & $0.0110923$ & $-0.0598591$ & $0.128182$ & $0.00607097$ & $0.00941605$ & $1$ & $0.0056773$ & $-0.0452317$ & $0.00156964$ & $-0.00786412$ & $-0.0201783$ & $0.0200855$ & $-0.0430882$ & $0.0501705$ & $0.0513824$ & $-0.0304673$ \\
eHZZpar & $0.0196294$ & $-0.0238718$ & $0.00166545$ & $0.00799292$ & $0.00417892$ & $0.00485343$ & $0.0160535$ & $0.0157256$ & $0.0140599$ & $0.00425141$ & $-0.0150691$ & $0.0252398$ & $-0.0207429$ & $0.00332815$ & $0.0192611$ & $0.00736484$ & $0.00179071$ & $-0.0113311$ & $-0.00250479$ & $0.0142802$ & $0.0143629$ & $0.0122289$ & $-0.00886568$ & $-0.0107635$ & $-0.00903671$ & $-0.00677486$ & $-0.0044737$ & $0.0137848$ & $-0.0126103$ & $-0.0145429$ & $-0.0146785$ & $0.0141319$ & $-0.0180523$ & $-0.00229514$ & $0.00219225$ & $0.0184331$ & $0.00347116$ & $0.0115538$ & $0.0056773$ & $1$ & $0.00176122$ & $0.0212499$ & $0.00610403$ & $0.0127546$ & $0.0239238$ & $0.0102973$ & $-0.016057$ & $-0.0123653$ & $0.0123011$ \\
eHZgaint & $-0.0639508$ & $0.0293147$ & $0.0423222$ & $-0.0486311$ & $0.00427454$ & $-0.00373492$ & $-0.0290318$ & $-0.00554976$ & $-0.00769164$ & $-0.0597366$ & $0.00721559$ & $-0.0340351$ & $0.0256996$ & $-0.00226753$ & $-0.00265155$ & $-0.0112825$ & $-0.00377$ & $-0.00206458$ & $0.00330299$ & $-0.00580303$ & $-0.00502471$ & $-0.00706113$ & $0.00178243$ & $0.00237332$ & $0.00268425$ & $0.00261917$ & $-0.00301724$ & $0.00264248$ & $-0.00162401$ & $0.0163978$ & $0.00951356$ & $-0.0325587$ & $0.0113621$ & $-0.00252298$ & $0.0243545$ & $-0.0322794$ & $0.0310813$ & $-0.0135059$ & $-0.0452317$ & $0.00176122$ & $1$ & $-0.00878867$ & $0.00665598$ & $0.00133847$ & $-0.0386568$ & $-0.0554836$ & $0.0254848$ & $0.0242036$ & $-0.0324315$ \\
eHZgapar & $0.0264146$ & $-0.0212791$ & $0.0162569$ & $0.000984376$ & $0.0176835$ & $-0.00874424$ & $0.00283471$ & $0.0110624$ & $0.00762708$ & $-0.00615283$ & $-0.0103795$ & $-0.00123475$ & $0.00248833$ & $0.00589782$ & $0.00415289$ & $0.00907578$ & $-0.00330284$ & $-0.0024646$ & $-0.0047186$ & $0.00961305$ & $0.00980979$ & $0.0110056$ & $-0.0177723$ & $-0.00350679$ & $-0.0109014$ & $-0.00238128$ & $-0.00587175$ & $0.00242315$ & $0.00279094$ & $-0.003479$ & $0.00025112$ & $0.00212338$ & $-0.00448132$ & $0.00318124$ & $-0.00989194$ & $0.0112512$ & $0.00214492$ & $-0.00994056$ & $0.00156964$ & $0.0212499$ & $-0.00878867$ & $1$ & $-0.0316316$ & $0.00983057$ & $-0.0194199$ & $0.0172453$ & $-0.00241304$ & $-0.0101414$ & $0.00548685$ \\
eHgagaint & $-0.0641039$ & $0.0940096$ & $0.0327873$ & $-0.0540361$ & $0.011569$ & $-0.00942431$ & $-0.0304011$ & $-0.0180531$ & $0.0407226$ & $0.00382313$ & $0.0178829$ & $-0.0256209$ & $0.0243648$ & $-0.00988938$ & $-0.0137794$ & $-0.000423059$ & $-0.0011742$ & $0.00592769$ & $-0.00257137$ & $-0.014566$ & $-0.0154682$ & $-0.0149721$ & $-0.0273851$ & $0.00614409$ & $0.00331124$ & $0.0205088$ & $-0.0154425$ & $-0.0129915$ & $0.011816$ & $0.0124166$ & $-0.0193919$ & $-0.0262901$ & $0.0182966$ & $0.00165755$ & $0.0700969$ & $0.00736128$ & $-0.0540912$ & $0.0165635$ & $-0.00786412$ & $0.00610403$ & $0.00665598$ & $-0.0316316$ & $1$ & $-0.00330579$ & $-0.00777568$ & $-0.052124$ & $-0.0817443$ & $0.0507242$ & $-0.0168031$ \\
eHmumuint & $-0.013761$ & $-0.0304771$ & $0.0398474$ & $-0.0402818$ & $-0.00889414$ & $0.00220897$ & $-0.011929$ & $0.00632717$ & $0.00643988$ & $-0.00138778$ & $-0.00545538$ & $-0.010141$ & $0.0129705$ & $0.00322194$ & $0.0022044$ & $-0.0104351$ & $0.000756673$ & $-0.0018498$ & $0.00626043$ & $0.00405817$ & $0.00584064$ & $0.005492$ & $0.0015129$ & $0.0026301$ & $0.00628029$ & $-0.00497792$ & $0.0148123$ & $0.00838595$ & $0.0118419$ & $0.0171709$ & $-0.0167479$ & $-0.0110347$ & $0.0272916$ & $0.00167397$ & $-0.0456242$ & $0.057221$ & $0.0238837$ & $0.0176688$ & $-0.0201783$ & $0.0127546$ & $0.00133847$ & $0.00983057$ & $-0.00330579$ & $1$ & $-0.0185068$ & $-0.0313447$ & $-0.0448159$ & $-0.0421239$ & $0.0454044$ \\
eHtautauint & $0.088721$ & $-0.0156364$ & $0.023328$ & $0.0197625$ & $0.00601929$ & $0.012498$ & $0.00393834$ & $-0.0174589$ & $-0.0194152$ & $0.0125915$ & $0.0197128$ & $0.00749761$ & $-0.00870766$ & $-0.0103462$ & $-0.0119216$ & $-0.020603$ & $-0.00917887$ & $-0.000348246$ & $0.00331039$ & $-0.01982$ & $-0.0199794$ & $-0.0212386$ & $-0.0206533$ & $0.00320374$ & $-0.0119588$ & $0.0255612$ & $-0.00973938$ & $-0.00489683$ & $-0.0186881$ & $0.0401174$ & $0.0107434$ & $0.00259325$ & $0.00934802$ & $-0.0107823$ & $-0.0413285$ & $0.0319531$ & $0.0697899$ & $0.0150985$ & $0.0200855$ & $0.0239238$ & $-0.0386568$ & $-0.0194199$ & $-0.00777568$ & $-0.0185068$ & $1$ & $0.020502$ & $0.0336002$ & $0.000762024$ & $0.0724502$ \\
eHccint & $0.0452286$ & $-0.0137295$ & $0.010166$ & $0.0399982$ & $0.00293458$ & $0.00482455$ & $-0.00785443$ & $0.00210262$ & $-0.000305912$ & $-0.00831526$ & $-0.00222685$ & $-0.0246592$ & $0.0208709$ & $0.00042967$ & $-0.00189693$ & $-0.0161638$ & $0.00121567$ & $5.50104e-05$ & $0.0110136$ & $0.00110479$ & $0.00302557$ & $0.00278016$ & $-0.0167472$ & $-0.000885876$ & $-0.00908641$ & $0.00800418$ & $-0.00314118$ & $0.0181771$ & $-0.00874011$ & $0.00640085$ & $0.0740756$ & $-0.00426795$ & $0.0468899$ & $0.00183811$ & $-0.0711578$ & $0.104709$ & $0.0666999$ & $-0.00397615$ & $-0.0430882$ & $0.0102973$ & $-0.0554836$ & $0.0172453$ & $-0.052124$ & $-0.0313447$ & $0.020502$ & $1$ & $0.0240761$ & $0.0335817$ & $0.101057$ \\
eHccpar & $0.071867$ & $-0.0618134$ & $-0.0468444$ & $0.0264213$ & $-0.00872211$ & $0.0129245$ & $-0.0142961$ & $0.0130111$ & $0.00561075$ & $-0.032975$ & $-0.00697098$ & $-0.00946908$ & $0.00476196$ & $-0.00678132$ & $0.0129763$ & $-0.00684038$ & $-0.00944354$ & $-0.0191792$ & $-0.00713774$ & $0.00453884$ & $0.00493465$ & $0.00233617$ & $0.0110992$ & $-0.0123979$ & $-0.0152538$ & $-0.00833277$ & $0.0120905$ & $0.00462348$ & $0.0122838$ & $-0.0153249$ & $0.312648$ & $-0.022352$ & $0.0128826$ & $-0.0026065$ & $-0.0446322$ & $0.0628517$ & $0.117314$ & $-0.0110954$ & $0.0501705$ & $-0.016057$ & $0.0254848$ & $-0.00241304$ & $-0.0817443$ & $-0.0448159$ & $0.0336002$ & $0.0240761$ & $1$ & $-0.0329853$ & $0.0879762$ \\
eHbbint & $-0.0137453$ & $0.0848952$ & $0.0571594$ & $-0.0338508$ & $-0.00152373$ & $0.0091698$ & $0.00755815$ & $-0.0215349$ & $-0.0189712$ & $0.0199856$ & $0.0115904$ & $0.0313846$ & $-0.0264738$ & $0.00522633$ & $-0.006746$ & $-0.0121389$ & $0.01858$ & $0.0196874$ & $0.0212136$ & $-0.0094113$ & $-0.0096834$ & $-0.00988036$ & $-0.0169385$ & $0.0200278$ & $0.0130744$ & $0.00635615$ & $-0.0204299$ & $-0.0118797$ & $-0.00336691$ & $-0.0110128$ & $-0.0237649$ & $0.0147892$ & $0.0836139$ & $-0.00789807$ & $0.0441478$ & $0.0169027$ & $-0.0613565$ & $-0.01765$ & $0.0513824$ & $-0.0123653$ & $0.0242036$ & $-0.0101414$ & $0.0507242$ & $-0.0421239$ & $0.000762024$ & $0.0335817$ & $-0.0329853$ & $1$ & $-0.0436232$ \\
eHbbpar & $0.0311009$ & $-0.0282108$ & $0.0117024$ & $0.0253495$ & $-0.0226515$ & $-0.00372498$ & $-0.000598435$ & $0.00616646$ & $0.00553633$ & $-0.00606242$ & $-0.00171824$ & $0.00334628$ & $-0.00689363$ & $-0.0100975$ & $0.0159747$ & $0.00365431$ & $-0.00632956$ & $-0.0177653$ & $-0.00865985$ & $0.00235088$ & $0.000139931$ & $0.000133567$ & $0.00276216$ & $-0.00507707$ & $-0.0106123$ & $-0.00694297$ & $-0.000708175$ & $0.0106888$ & $-0.00197402$ & $-0.00736077$ & $0.0368121$ & $0.00465335$ & $0.344126$ & $-0.00875019$ & $-0.0716942$ & $0.055162$ & $0.0603727$ & $0.00753152$ & $-0.0304673$ & $0.0123011$ & $-0.0324315$ & $0.00548685$ & $-0.0168031$ & $0.0454044$ & $0.0724502$ & $0.101057$ & $0.0879762$ & $-0.0436232$ & $1$ \\
