 & AlsMz & dAle5Mz & mtop & mHl & Mz & CW & CHG & CHWB & CHWHB_gaga & CHWHB_gagaorth & CHD & CHbox & CH & CHL1_11 & CHL1_22 & CHL1_33 & CHL3_11 & CHL3_22 & CHL3_33 & CHe_11 & CHe_22 & CHe_33 & CHQ1_11 & CHQ1_33 & CHQ3_11 & CHu_11 & CHd_11 & CHd_33 & CeH_22r & CeH_33r & CuH_22r & CuH_33r & CdH_33r & CLL_1221 & eHggint & eHggpar & eHWWint & eHWWpar & eHZZint & eHZZpar & eHZgaint & eHZgapar & eHgagaint & eHmumuint & eHtautauint & eHccint & eHccpar & eHbbint & eHbbpar \\
AlsMz & $1$ & $-0.0386512$ & $-0.0629947$ & $-0.076862$ & $-0.0269788$ & $-0.0971174$ & $-0.128884$ & $0.149076$ & $0.139566$ & $-0.121107$ & $-0.124289$ & $-0.010498$ & $0.0619319$ & $-0.0176931$ & $-0.026753$ & $-0.0462342$ & $-0.0247034$ & $-0.0400722$ & $-0.0273796$ & $0.104836$ & $0.136172$ & $0.130238$ & $0.056503$ & $-0.125721$ & $0.00437003$ & $-0.0655217$ & $0.256999$ & $0.145636$ & $-0.023562$ & $0.0718196$ & $0.0326773$ & $-0.127241$ & $0.1014$ & $0.166275$ & $-0.148308$ & $-0.340755$ & $0.204088$ & $0.0452743$ & $0.0464896$ & $-0.00300868$ & $0.44042$ & $-0.0990868$ & $-0.21272$ & $-0.0147239$ & $0.0396428$ & $0.471552$ & $-0.248859$ & $0.442338$ & $0.0121805$ \\
dAle5Mz & $-0.0386512$ & $1$ & $-0.0145082$ & $0.385942$ & $0.0469352$ & $0.00400264$ & $-0.047669$ & $0.157442$ & $0.148389$ & $-0.0398207$ & $-0.192611$ & $-0.0585335$ & $-0.01576$ & $0.130362$ & $0.0212622$ & $-0.0266413$ & $0.0758763$ & $0.0390149$ & $0.0731285$ & $0.186427$ & $0.213005$ & $0.208709$ & $0.103958$ & $-0.0714679$ & $0.115184$ & $-0.163726$ & $0.248271$ & $0.0832892$ & $-0.023314$ & $-0.0400895$ & $-0.0017688$ & $-0.0694644$ & $0.0242585$ & $0.14966$ & $-0.209033$ & $0.345929$ & $0.399659$ & $0.0940827$ & $-0.183866$ & $-0.074347$ & $-0.250301$ & $-0.0231596$ & $-0.242539$ & $0.291633$ & $-0.354111$ & $0.150113$ & $-0.224222$ & $0.0837414$ & $0.197852$ \\
mtop & $-0.0629947$ & $-0.0145082$ & $1$ & $0.186342$ & $0.0365533$ & $0.0794224$ & $0.034682$ & $-0.204414$ & $-0.201741$ & $0.103574$ & $0.185238$ & $-0.00611073$ & $-0.0709414$ & $-0.0356415$ & $0.0150139$ & $-0.0302245$ & $0.0308679$ & $0.0299665$ & $0.062666$ & $-0.168765$ & $-0.19568$ & $-0.187804$ & $-0.0521586$ & $0.144025$ & $0.021383$ & $0.11913$ & $-0.205393$ & $-0.0271291$ & $0.0628695$ & $-0.0234757$ & $0.0198184$ & $0.0451859$ & $-0.0627911$ & $-0.201105$ & $0.251042$ & $0.352419$ & $-0.0761364$ & $-0.0223956$ & $-0.208802$ & $-0.00548329$ & $-0.356563$ & $-0.0282987$ & $0.0126455$ & $0.19504$ & $-0.341934$ & $0.0156604$ & $-0.164119$ & $-0.118573$ & $0.0246765$ \\
mHl & $-0.076862$ & $0.385942$ & $0.186342$ & $1$ & $0.0260464$ & $-0.00249186$ & $-0.101528$ & $0.017305$ & $0.0103229$ & $0.0448317$ & $-0.0660824$ & $0.0164316$ & $-0.0119827$ & $0.0763962$ & $0.159851$ & $0.0980856$ & $0.0919076$ & $-0.0148922$ & $0.0243488$ & $0.0832609$ & $0.0553671$ & $0.0517927$ & $-0.070404$ & $0.0720859$ & $-0.00333738$ & $-0.0291927$ & $-0.14905$ & $0.0625699$ & $-0.0215271$ & $-0.0278788$ & $-0.0333769$ & $-0.109909$ & $0.011119$ & $-0.111068$ & $-0.0308404$ & $0.138208$ & $0.122446$ & $-0.105475$ & $-0.0330294$ & $-0.00904369$ & $-0.139715$ & $-0.283763$ & $-0.115928$ & $0.161795$ & $-0.198805$ & $-0.0392814$ & $-0.345039$ & $0.153016$ & $0.0271456$ \\
Mz & $-0.0269788$ & $0.0469352$ & $0.0365533$ & $0.0260464$ & $1$ & $-0.00206988$ & $-0.0153058$ & $0.0205532$ & $0.0211891$ & $-0.00834868$ & $-0.000560449$ & $0.0384878$ & $0.0385822$ & $-0.00199115$ & $0.0399998$ & $0.00720049$ & $-0.0385568$ & $-0.0487259$ & $-0.0260435$ & $0.0120992$ & $0.00792468$ & $0.00572414$ & $0.00296022$ & $-0.0179913$ & $-0.0195243$ & $-0.00214937$ & $0.0113089$ & $0.0136187$ & $-0.000771674$ & $-0.00472472$ & $-0.0220004$ & $-0.0141173$ & $0.015077$ & $-0.0275354$ & $-0.0228073$ & $0.0678321$ & $0.00041621$ & $0.00645593$ & $-0.0608949$ & $0.0128427$ & $-0.0429586$ & $0.00885375$ & $0.0444583$ & $0.0169926$ & $-0.0405479$ & $-0.0211236$ & $0.00172328$ & $-0.0482709$ & $0.00433868$ \\
CW & $-0.0971174$ & $0.00400264$ & $0.0794224$ & $-0.00249186$ & $-0.00206988$ & $1$ & $0.0409091$ & $-0.0703506$ & $-0.0681161$ & $0.000438997$ & $0.138085$ & $0.0537846$ & $0.0321885$ & $0.0251294$ & $-0.0894142$ & $-0.0994203$ & $-0.280377$ & $-0.0623356$ & $-0.0515012$ & $-0.137421$ & $-0.13663$ & $-0.133771$ & $0.000941433$ & $-0.0454692$ & $-0.0943277$ & $0.0829408$ & $-0.0332344$ & $-0.0495118$ & $0.00452162$ & $-0.0231372$ & $-0.0276226$ & $0.0379278$ & $-0.036509$ & $-0.0822868$ & $0.0187067$ & $0.031122$ & $-0.0746706$ & $-0.00451169$ & $-0.0311067$ & $0.0611784$ & $-0.0622363$ & $0.00105018$ & $0.0315689$ & $-0.0234297$ & $-0.0127525$ & $-0.0570258$ & $-0.0203746$ & $-0.0646129$ & $-0.0138343$ \\
CHG & $-0.128884$ & $-0.047669$ & $0.034682$ & $-0.101528$ & $-0.0153058$ & $0.0409091$ & $1$ & $-0.16291$ & $-0.108711$ & $0.10932$ & $0.119374$ & $-0.226268$ & $-0.329268$ & $0.0395581$ & $-0.0843079$ & $-0.0849012$ & $0.0938159$ & $0.13247$ & $0.140173$ & $-0.123945$ & $-0.120649$ & $-0.11591$ & $0.0358226$ & $0.141504$ & $0.149597$ & $0.0575991$ & $0.00344609$ & $0.0175141$ & $-0.0107288$ & $-0.135988$ & $-0.0901445$ & $0.936813$ & $-0.189231$ & $-0.0724097$ & $0.10289$ & $0.113166$ & $-0.215115$ & $0.0571711$ & $-0.117471$ & $0.11726$ & $-0.0452466$ & $0.053097$ & $0.034583$ & $-0.0228788$ & $-0.014226$ & $-0.00576991$ & $0.0578276$ & $-0.165811$ & $0.00597414$ \\
CHWB & $0.149076$ & $0.157442$ & $-0.204414$ & $0.017305$ & $0.0205532$ & $-0.0703506$ & $-0.16291$ & $1$ & $0.985458$ & $-0.557501$ & $-0.887443$ & $0.043581$ & $0.307138$ & $0.119366$ & $0.414305$ & $0.356396$ & $-0.235342$ & $-0.476943$ & $-0.450169$ & $0.865244$ & $0.899029$ & $0.881389$ & $0.0646581$ & $-0.672989$ & $-0.460965$ & $-0.558289$ & $0.343273$ & $0.293304$ & $0.0111502$ & $0.0684449$ & $0.0209377$ & $-0.170049$ & $0.131332$ & $0.537811$ & $-0.282051$ & $0.0585754$ & $0.15668$ & $0.0449733$ & $-0.147519$ & $-0.014644$ & $0.0789926$ & $0.011644$ & $0.11896$ & $-0.0323513$ & $-0.0403201$ & $0.0928053$ & $-0.0647003$ & $0.0906888$ & $0.0290458$ \\
CHWHB_gaga & $0.139566$ & $0.148389$ & $-0.201741$ & $0.0103229$ & $0.0211891$ & $-0.0681161$ & $-0.108711$ & $0.985458$ & $1$ & $-0.549836$ & $-0.869654$ & $0.0564052$ & $0.302024$ & $0.107855$ & $0.404388$ & $0.349451$ & $-0.241654$ & $-0.476355$ & $-0.451254$ & $0.847816$ & $0.881247$ & $0.864106$ & $0.0677644$ & $-0.668651$ & $-0.459452$ & $-0.549841$ & $0.342605$ & $0.289786$ & $0.0134551$ & $0.0908931$ & $0.0313171$ & $-0.124841$ & $0.155568$ & $0.533176$ & $-0.287926$ & $0.060508$ & $0.136721$ & $0.0465189$ & $-0.161225$ & $-0.00851954$ & $0.0789874$ & $0.0128269$ & $0.144338$ & $-0.0370383$ & $-0.0361982$ & $0.0915618$ & $-0.0576143$ & $0.0706278$ & $0.0400927$ \\
CHWHB_gagaorth & $-0.121107$ & $-0.0398207$ & $0.103574$ & $0.0448317$ & $-0.00834868$ & $0.000438997$ & $0.10932$ & $-0.557501$ & $-0.549836$ & $1$ & $0.360779$ & $0.289257$ & $-0.200923$ & $0.205957$ & $-0.202989$ & $-0.135963$ & $0.405598$ & $0.497602$ & $0.456351$ & $-0.352107$ & $-0.371587$ & $-0.367189$ & $-0.079957$ & $0.526866$ & $0.482417$ & $0.263047$ & $-0.191608$ & $-0.135035$ & $-0.009419$ & $-0.0900009$ & $-0.0447936$ & $0.133241$ & $-0.144391$ & $-0.314063$ & $0.179294$ & $-0.000873084$ & $-0.0834462$ & $-0.0204837$ & $0.0728128$ & $0.0102857$ & $-0.0229897$ & $-0.0485336$ & $-0.109722$ & $0.0403931$ & $0.0456911$ & $-0.0415664$ & $0.0367823$ & $-0.0439869$ & $0.0167763$ \\
CHD & $-0.124289$ & $-0.192611$ & $0.185238$ & $-0.0660824$ & $-0.000560449$ & $0.138085$ & $0.119374$ & $-0.887443$ & $-0.869654$ & $0.360779$ & $1$ & $0.0947434$ & $-0.15206$ & $-0.513558$ & $-0.498783$ & $-0.450451$ & $-0.203787$ & $0.114928$ & $0.0982334$ & $-0.991318$ & $-0.992631$ & $-0.970467$ & $-0.00298051$ & $0.327422$ & $0.0762966$ & $0.584835$ & $-0.259529$ & $-0.340968$ & $0.00370022$ & $-0.0222328$ & $-0.00536849$ & $0.13367$ & $-0.0923319$ & $-0.366664$ & $0.207568$ & $-0.0468377$ & $-0.149188$ & $-0.0402217$ & $0.127136$ & $0.0104327$ & $-0.087775$ & $-0.00326733$ & $-0.0467854$ & $-0.0192078$ & $0.00662083$ & $-0.0911282$ & $0.0160748$ & $-0.0935255$ & $-0.0992006$ \\
CHbox & $-0.010498$ & $-0.0585335$ & $-0.00611073$ & $0.0164316$ & $0.0384878$ & $0.0537846$ & $-0.226268$ & $0.043581$ & $0.0564052$ & $0.289257$ & $0.0947434$ & $1$ & $0.721582$ & $-0.279118$ & $0.0394863$ & $0.0635138$ & $-0.297804$ & $-0.275816$ & $-0.292913$ & $-0.0760065$ & $-0.0990051$ & $-0.095738$ & $-0.0244693$ & $-0.187328$ & $-0.293187$ & $0.0466412$ & $-0.0999893$ & $-0.0881141$ & $0.0594098$ & $0.338479$ & $0.100803$ & $-0.144559$ & $0.412768$ & $-0.00731391$ & $-0.0152471$ & $-0.0223414$ & $-0.111641$ & $-0.0518972$ & $0.0131705$ & $0.030239$ & $0.00606253$ & $-0.0168409$ & $0.0569882$ & $-0.00225452$ & $0.00836571$ & $-0.148854$ & $-0.0237248$ & $-0.0863043$ & $-0.0158248$ \\
CH & $0.0619319$ & $-0.01576$ & $-0.0709414$ & $-0.0119827$ & $0.0385822$ & $0.0321885$ & $-0.329268$ & $0.307138$ & $0.302024$ & $-0.200923$ & $-0.15206$ & $0.721582$ & $1$ & $-0.214196$ & $0.145663$ & $0.122968$ & $-0.330893$ & $-0.378638$ & $-0.364722$ & $0.159376$ & $0.153029$ & $0.151478$ & $0.00683419$ & $-0.350602$ & $-0.387384$ & $-0.115365$ & $0.0103761$ & $0.0136038$ & $0.0495872$ & $0.256288$ & $0.0909823$ & $-0.293603$ & $0.335401$ & $0.136397$ & $-0.112959$ & $-0.054251$ & $-0.0588163$ & $-0.0624827$ & $-0.00275906$ & $0.0152709$ & $0.0264584$ & $0.0145879$ & $0.0865015$ & $-0.0178585$ & $0.02204$ & $-0.124686$ & $-0.0213701$ & $-0.0504441$ & $-0.0141126$ \\
CHL1_11 & $-0.0176931$ & $0.130362$ & $-0.0356415$ & $0.0763962$ & $-0.00199115$ & $0.0251294$ & $0.0395581$ & $0.119366$ & $0.107855$ & $0.205957$ & $-0.513558$ & $-0.279118$ & $-0.214196$ & $1$ & $0.230106$ & $0.232799$ & $0.634242$ & $0.590102$ & $0.57774$ & $0.523721$ & $0.487806$ & $0.468578$ & $-0.0884538$ & $0.439052$ & $0.600348$ & $-0.239934$ & $-0.0209738$ & $0.202375$ & $-0.0159532$ & $-0.0782074$ & $-0.0268175$ & $0.0213313$ & $-0.0461223$ & $-0.173349$ & $0.0335729$ & $0.000807026$ & $0.0315161$ & $0.0150906$ & $-0.00862267$ & $0.00581825$ & $0.0347154$ & $0.00318789$ & $-0.0824788$ & $0.0718987$ & $0.0621818$ & $0.023445$ & $0.0808018$ & $0.0324572$ & $0.14287$ \\
CHL1_22 & $-0.026753$ & $0.0212622$ & $0.0150139$ & $0.159851$ & $0.0399998$ & $-0.0894142$ & $-0.0843079$ & $0.414305$ & $0.404388$ & $-0.202989$ & $-0.498783$ & $0.0394863$ & $0.145663$ & $0.230106$ & $1$ & $0.424047$ & $0.125221$ & $-0.491125$ & $-0.0840725$ & $0.552281$ & $0.431555$ & $0.42545$ & $-0.132769$ & $-0.00389241$ & $-0.146656$ & $-0.235586$ & $-0.280629$ & $0.107955$ & $0.00106042$ & $0.0104757$ & $0.0101689$ & $-0.0874151$ & $0.0677201$ & $-0.509498$ & $0.0436048$ & $0.00639362$ & $-0.0337129$ & $-0.0136761$ & $-0.0499956$ & $-0.000380199$ & $-0.0415332$ & $0.0339459$ & $-0.0357215$ & $0.155894$ & $0.00598353$ & $-0.122046$ & $0.0579769$ & $-0.0624177$ & $0.132005$ \\
CHL1_33 & $-0.0462342$ & $-0.0266413$ & $-0.0302245$ & $0.0980856$ & $0.00720049$ & $-0.0994203$ & $-0.0849012$ & $0.356396$ & $0.349451$ & $-0.135963$ & $-0.450451$ & $0.0635138$ & $0.122968$ & $0.232799$ & $0.424047$ & $1$ & $0.1328$ & $-0.0488235$ & $-0.481912$ & $0.505346$ & $0.379321$ & $0.397686$ & $-0.16094$ & $0.032949$ & $-0.136302$ & $-0.200419$ & $-0.346392$ & $0.0842969$ & $0.0132265$ & $0.00770388$ & $0.0010326$ & $-0.0791804$ & $0.058521$ & $-0.0129003$ & $0.0536746$ & $-0.0343242$ & $-0.0643026$ & $0.0168298$ & $-0.0268705$ & $0.0580074$ & $-0.00807425$ & $-0.00758338$ & $0.00299003$ & $0.135595$ & $0.0661912$ & $-0.163845$ & $0.0971726$ & $-0.100435$ & $0.186216$ \\
CHL3_11 & $-0.0247034$ & $0.0758763$ & $0.0308679$ & $0.0919076$ & $-0.0385568$ & $-0.280377$ & $0.0938159$ & $-0.235342$ & $-0.241654$ & $0.405598$ & $-0.203787$ & $-0.297804$ & $-0.330893$ & $0.634242$ & $0.125221$ & $0.1328$ & $1$ & $0.728638$ & $0.720069$ & $0.218319$ & $0.180065$ & $0.172939$ & $-0.100352$ & $0.665659$ & $0.787924$ & $-0.0542846$ & $-0.0993925$ & $0.0968735$ & $-0.0380444$ & $-0.0871055$ & $-0.0295444$ & $0.078032$ & $-0.0786494$ & $-0.22662$ & $0.133403$ & $-0.0127178$ & $0.011403$ & $-0.00882382$ & $0.031915$ & $9.10185e-05$ & $0.0301355$ & $-0.0294828$ & $-0.149249$ & $0.0848961$ & $0.0556207$ & $0.0397126$ & $0.0788262$ & $0.0302337$ & $0.118855$ \\
CHL3_22 & $-0.0400722$ & $0.0390149$ & $0.0299665$ & $-0.0148922$ & $-0.0487259$ & $-0.0623356$ & $0.13247$ & $-0.476943$ & $-0.476355$ & $0.497602$ & $0.114928$ & $-0.275816$ & $-0.378638$ & $0.590102$ & $-0.491125$ & $-0.0488235$ & $0.728638$ & $1$ & $0.675258$ & $-0.118576$ & $-0.108511$ & $-0.110868$ & $-0.0380552$ & $0.650809$ & $0.800133$ & $0.104961$ & $-0.0012097$ & $0.0166264$ & $-0.0261831$ & $-0.092401$ & $-0.0361072$ & $0.121766$ & $-0.115737$ & $0.017815$ & $0.119125$ & $-0.0280434$ & $-0.00237939$ & $0.00112573$ & $0.0720147$ & $0.0152506$ & $0.0388111$ & $-0.0373839$ & $-0.106918$ & $-0.0027206$ & $0.0674947$ & $0.0600953$ & $0.0645532$ & $0.0346153$ & $0.0516374$ \\
CHL3_33 & $-0.0273796$ & $0.0731285$ & $0.062666$ & $0.0243488$ & $-0.0260435$ & $-0.0515012$ & $0.140173$ & $-0.450169$ & $-0.451254$ & $0.456351$ & $0.0982334$ & $-0.292913$ & $-0.364722$ & $0.57774$ & $-0.0840725$ & $-0.481912$ & $0.720069$ & $0.675258$ & $1$ & $-0.104404$ & $-0.0853358$ & $-0.0833106$ & $-0.00888162$ & $0.625048$ & $0.802926$ & $0.0889328$ & $0.0646161$ & $0.0290699$ & $-0.0320441$ & $-0.0927566$ & $-0.0277456$ & $0.123404$ & $-0.113394$ & $-0.351413$ & $0.11328$ & $0.00479441$ & $0.0133705$ & $-0.0255082$ & $0.0556809$ & $-0.0301109$ & $0.0167694$ & $-0.011638$ & $-0.132874$ & $0.0114897$ & $0.0178782$ & $0.0917151$ & $0.032034$ & $0.0610611$ & $0.00848978$ \\
CHe_11 & $0.104836$ & $0.186427$ & $-0.168765$ & $0.0832609$ & $0.0120992$ & $-0.137421$ & $-0.123945$ & $0.865244$ & $0.847816$ & $-0.352107$ & $-0.991318$ & $-0.0760065$ & $0.159376$ & $0.523721$ & $0.552281$ & $0.505346$ & $0.218319$ & $-0.118576$ & $-0.104404$ & $1$ & $0.976711$ & $0.955537$ & $-0.0180509$ & $-0.284274$ & $-0.0687712$ & $-0.572685$ & $0.195752$ & $0.331261$ & $-0.00195478$ & $0.0217917$ & $0.00546569$ & $-0.136967$ & $0.0957519$ & $0.296099$ & $-0.182063$ & $0.0437922$ & $0.132537$ & $0.0356589$ & $-0.122117$ & $-0.0053782$ & $0.0766488$ & $0.00226745$ & $0.0379701$ & $0.0405456$ & $-0.00297305$ & $0.0620385$ & $-0.00421033$ & $0.0749007$ & $0.11617$ \\
CHe_22 & $0.136172$ & $0.213005$ & $-0.19568$ & $0.0553671$ & $0.00792468$ & $-0.13663$ & $-0.120649$ & $0.899029$ & $0.881247$ & $-0.371587$ & $-0.992631$ & $-0.0990051$ & $0.153029$ & $0.487806$ & $0.431555$ & $0.379321$ & $0.180065$ & $-0.108511$ & $-0.0853358$ & $0.976711$ & $1$ & $0.973559$ & $0.0283221$ & $-0.370892$ & $-0.0830513$ & $-0.593365$ & $0.324176$ & $0.348073$ & $-0.00348023$ & $0.0254409$ & $0.00727597$ & $-0.135647$ & $0.0931427$ & $0.43763$ & $-0.232235$ & $0.0569928$ & $0.169272$ & $0.0426744$ & $-0.132594$ & $-0.0146553$ & $0.0924573$ & $0.000255358$ & $0.0532951$ & $0.00141732$ & $-0.0194262$ & $0.117469$ & $-0.0320527$ & $0.108755$ & $0.0822977$ \\
CHe_33 & $0.130238$ & $0.208709$ & $-0.187804$ & $0.0517927$ & $0.00572414$ & $-0.133771$ & $-0.11591$ & $0.881389$ & $0.864106$ & $-0.367189$ & $-0.970467$ & $-0.095738$ & $0.151478$ & $0.468578$ & $0.42545$ & $0.397686$ & $0.172939$ & $-0.110868$ & $-0.0833106$ & $0.955537$ & $0.973559$ & $1$ & $0.0280123$ & $-0.365461$ & $-0.0850727$ & $-0.578159$ & $0.316759$ & $0.340858$ & $0.000529448$ & $0.019478$ & $0.00782501$ & $-0.131096$ & $0.0843254$ & $0.43109$ & $-0.220205$ & $0.0568786$ & $0.15972$ & $0.0393483$ & $-0.125803$ & $-0.016577$ & $0.0890109$ & $-0.00111975$ & $0.0518366$ & $0.00942653$ & $-0.0223187$ & $0.108842$ & $-0.0309402$ & $0.102447$ & $0.0789132$ \\
CHQ1_11 & $0.056503$ & $0.103958$ & $-0.0521586$ & $-0.070404$ & $0.00296022$ & $0.000941433$ & $0.0358226$ & $0.0646581$ & $0.0677644$ & $-0.079957$ & $-0.00298051$ & $-0.0244693$ & $0.00683419$ & $-0.0884538$ & $-0.132769$ & $-0.16094$ & $-0.100352$ & $-0.0380552$ & $-0.00888162$ & $-0.0180509$ & $0.0283221$ & $0.0280123$ & $1$ & $-0.145375$ & $0.0487441$ & $-0.668594$ & $0.37338$ & $0.0334565$ & $0.00265347$ & $0.0162467$ & $-0.0206465$ & $0.0340633$ & $-0.0101571$ & $0.177027$ & $-0.159786$ & $0.121565$ & $0.0922447$ & $0.00252288$ & $-0.0988963$ & $-0.0334014$ & $0.0351239$ & $0.0204849$ & $0.0485321$ & $-0.160591$ & $-0.040628$ & $0.162979$ & $-0.0689586$ & $0.114457$ & $-0.0974632$ \\
CHQ1_33 & $-0.125721$ & $-0.0714679$ & $0.144025$ & $0.0720859$ & $-0.0179913$ & $-0.0454692$ & $0.141504$ & $-0.672989$ & $-0.668651$ & $0.526866$ & $0.327422$ & $-0.187328$ & $-0.350602$ & $0.439052$ & $-0.00389241$ & $0.032949$ & $0.665659$ & $0.650809$ & $0.625048$ & $-0.284274$ & $-0.370892$ & $-0.365461$ & $-0.145375$ & $1$ & $0.689895$ & $0.27658$ & $-0.317788$ & $0.00511806$ & $-0.0254279$ & $-0.100238$ & $-0.0460656$ & $0.131491$ & $-0.125337$ & $-0.601304$ & $0.250817$ & $-0.0460117$ & $-0.11437$ & $-0.0386246$ & $0.108004$ & $0.0271953$ & $-0.0196494$ & $-0.0230603$ & $-0.146208$ & $0.0865402$ & $0.0699545$ & $-0.0655574$ & $0.101239$ & $-0.050873$ & $0.0701997$ \\
CHQ3_11 & $0.00437003$ & $0.115184$ & $0.021383$ & $-0.00333738$ & $-0.0195243$ & $-0.0943277$ & $0.149597$ & $-0.460965$ & $-0.459452$ & $0.482417$ & $0.0762966$ & $-0.293187$ & $-0.387384$ & $0.600348$ & $-0.146656$ & $-0.136302$ & $0.787924$ & $0.800133$ & $0.802926$ & $-0.0687712$ & $-0.0830513$ & $-0.0850727$ & $0.0487441$ & $0.689895$ & $1$ & $0.0750408$ & $0.218348$ & $0.0356224$ & $-0.0482605$ & $-0.0946547$ & $-0.0454629$ & $0.132592$ & $-0.11693$ & $-0.271433$ & $0.0312344$ & $0.0249458$ & $0.0440444$ & $-0.0310362$ & $0.0275739$ & $-0.0169107$ & $0.0514954$ & $-0.0461638$ & $-0.104261$ & $-0.0308051$ & $-0.00801867$ & $0.164855$ & $0.00727678$ & $0.0954576$ & $0.00944639$ \\
CHu_11 & $-0.0655217$ & $-0.163726$ & $0.11913$ & $-0.0291927$ & $-0.00214937$ & $0.0829408$ & $0.0575991$ & $-0.558289$ & $-0.549841$ & $0.263047$ & $0.584835$ & $0.0466412$ & $-0.115365$ & $-0.239934$ & $-0.235586$ & $-0.200419$ & $-0.0542846$ & $0.104961$ & $0.0889328$ & $-0.572685$ & $-0.593365$ & $-0.578159$ & $-0.668594$ & $0.27658$ & $0.0750408$ & $1$ & $-0.219558$ & $-0.203265$ & $-0.0135849$ & $-0.0239405$ & $0.0029144$ & $0.0611019$ & $-0.0576893$ & $-0.30265$ & $0.159262$ & $-0.108664$ & $-0.121755$ & $-0.0393215$ & $0.12891$ & $0.025225$ & $-0.0595834$ & $-0.0421542$ & $-0.0408293$ & $0.0488088$ & $0.00853788$ & $-0.0775908$ & $0.0308919$ & $-0.0788468$ & $-0.0363131$ \\
CHd_11 & $0.256999$ & $0.248271$ & $-0.205393$ & $-0.14905$ & $0.0113089$ & $-0.0332344$ & $0.00344609$ & $0.343273$ & $0.342605$ & $-0.191608$ & $-0.259529$ & $-0.0999893$ & $0.0103761$ & $-0.0209738$ & $-0.280629$ & $-0.346392$ & $-0.0993925$ & $-0.0012097$ & $0.0646161$ & $0.195752$ & $0.324176$ & $0.316759$ & $0.37338$ & $-0.317788$ & $0.218348$ & $-0.219558$ & $1$ & $0.165369$ & $-0.0369287$ & $0.0248496$ & $-0.0222596$ & $-0.0158664$ & $0.00988211$ & $0.567997$ & $-0.423088$ & $0.118222$ & $0.264461$ & $0.00573193$ & $-0.127868$ & $-0.0636031$ & $0.154942$ & $-0.0552651$ & $0.112947$ & $-0.258507$ & $-0.146134$ & $0.428153$ & $-0.205931$ & $0.283169$ & $-0.19406$ \\
CHd_33 & $0.145636$ & $0.0832892$ & $-0.0271291$ & $0.0625699$ & $0.0136187$ & $-0.0495118$ & $0.0175141$ & $0.293304$ & $0.289786$ & $-0.135035$ & $-0.340968$ & $-0.0881141$ & $0.0136038$ & $0.202375$ & $0.107955$ & $0.0842969$ & $0.0968735$ & $0.0166264$ & $0.0290699$ & $0.331261$ & $0.348073$ & $0.340858$ & $0.0334565$ & $0.00511806$ & $0.0356224$ & $-0.203265$ & $0.165369$ & $1$ & $0.00900199$ & $0.000652113$ & $-0.0158821$ & $0.00376042$ & $0.0178597$ & $0.171259$ & $-0.105677$ & $0.0239642$ & $0.0308176$ & $-0.0342457$ & $-0.0739083$ & $0.0491237$ & $0.0998955$ & $-0.0166162$ & $0.0333062$ & $0.0158109$ & $-0.0372583$ & $0.0878111$ & $-0.0804007$ & $0.0916647$ & $0.0244348$ \\
CeH_22r & $-0.023562$ & $-0.023314$ & $0.0628695$ & $-0.0215271$ & $-0.000771674$ & $0.00452162$ & $-0.0107288$ & $0.0111502$ & $0.0134551$ & $-0.009419$ & $0.00370022$ & $0.0594098$ & $0.0495872$ & $-0.0159532$ & $0.00106042$ & $0.0132265$ & $-0.0380444$ & $-0.0261831$ & $-0.0320441$ & $-0.00195478$ & $-0.00348023$ & $0.000529448$ & $0.00265347$ & $-0.0254279$ & $-0.0482605$ & $-0.0135849$ & $-0.0369287$ & $0.00900199$ & $1$ & $0.0509557$ & $0.00907126$ & $-0.0281154$ & $0.0464473$ & $0.003125$ & $-0.0333886$ & $0.0672124$ & $-0.0347437$ & $0.0181458$ & $-0.0647999$ & $0.0281478$ & $-0.0324131$ & $-0.0242978$ & $-0.0321995$ & $0.0219173$ & $-0.0244969$ & $-0.00622485$ & $-0.0403675$ & $-0.0433806$ & $0.0357555$ \\
CeH_33r & $0.0718196$ & $-0.0400895$ & $-0.0234757$ & $-0.0278788$ & $-0.00472472$ & $-0.0231372$ & $-0.135988$ & $0.0684449$ & $0.0908931$ & $-0.0900009$ & $-0.0222328$ & $0.338479$ & $0.256288$ & $-0.0782074$ & $0.0104757$ & $0.00770388$ & $-0.0871055$ & $-0.092401$ & $-0.0927566$ & $0.0217917$ & $0.0254409$ & $0.019478$ & $0.0162467$ & $-0.100238$ & $-0.0946547$ & $-0.0239405$ & $0.0248496$ & $0.000652113$ & $0.0509557$ & $1$ & $0.319221$ & $0.0135692$ & $0.727273$ & $0.0534387$ & $-0.0782322$ & $-0.0204083$ & $-0.105802$ & $-0.0103706$ & $-0.0512491$ & $0.0187516$ & $0.0748458$ & $0.025469$ & $0.0581792$ & $-0.0164136$ & $0.0034255$ & $-0.018954$ & $-0.0087225$ & $-0.0331497$ & $0.0628438$ \\
CuH_22r & $0.0326773$ & $-0.0017688$ & $0.0198184$ & $-0.0333769$ & $-0.0220004$ & $-0.0276226$ & $-0.0901445$ & $0.0209377$ & $0.0313171$ & $-0.0447936$ & $-0.00536849$ & $0.100803$ & $0.0909823$ & $-0.0268175$ & $0.0101689$ & $0.0010326$ & $-0.0295444$ & $-0.0361072$ & $-0.0277456$ & $0.00546569$ & $0.00727597$ & $0.00782501$ & $-0.0206465$ & $-0.0460656$ & $-0.0454629$ & $0.0029144$ & $-0.0222596$ & $-0.0158821$ & $0.00907126$ & $0.319221$ & $1$ & $-0.00258186$ & $0.386874$ & $0.00973355$ & $0.0189668$ & $0.013243$ & $-0.0293946$ & $-0.0127959$ & $-0.0254487$ & $0.0235988$ & $-0.0274633$ & $0.00932376$ & $0.00768436$ & $-0.00135965$ & $0.027301$ & $0.0293031$ & $0.103063$ & $-0.0433807$ & $0.0291832$ \\
CuH_33r & $-0.127241$ & $-0.0694644$ & $0.0451859$ & $-0.109909$ & $-0.0141173$ & $0.0379278$ & $0.936813$ & $-0.170049$ & $-0.124841$ & $0.133241$ & $0.13367$ & $-0.144559$ & $-0.293603$ & $0.0213313$ & $-0.0874151$ & $-0.0791804$ & $0.078032$ & $0.121766$ & $0.123404$ & $-0.136967$ & $-0.135647$ & $-0.131096$ & $0.0340633$ & $0.131491$ & $0.132592$ & $0.0611019$ & $-0.0158664$ & $0.00376042$ & $-0.0281154$ & $0.0135692$ & $-0.00258186$ & $1$ & $0.00458603$ & $-0.0773613$ & $0.138554$ & $0.124496$ & $-0.262589$ & $0.0634766$ & $-0.118763$ & $0.12619$ & $-0.0395752$ & $0.0634003$ & $0.0414827$ & $-0.0218725$ & $-0.0193042$ & $-0.0292368$ & $0.0654134$ & $-0.192873$ & $0.00614978$ \\
CdH_33r & $0.1014$ & $0.0242585$ & $-0.0627911$ & $0.011119$ & $0.015077$ & $-0.036509$ & $-0.189231$ & $0.131332$ & $0.155568$ & $-0.144391$ & $-0.0923319$ & $0.412768$ & $0.335401$ & $-0.0461223$ & $0.0677201$ & $0.058521$ & $-0.0786494$ & $-0.115737$ & $-0.113394$ & $0.0957519$ & $0.0931427$ & $0.0843254$ & $-0.0101571$ & $-0.125337$ & $-0.11693$ & $-0.0576893$ & $0.00988211$ & $0.0178597$ & $0.0464473$ & $0.727273$ & $0.386874$ & $0.00458603$ & $1$ & $0.0598896$ & $-0.123775$ & $-0.0262106$ & $-0.0969254$ & $-0.0208072$ & $-0.126312$ & $0.0123475$ & $0.0673251$ & $0.006645$ & $0.0689647$ & $0.0565794$ & $-0.00174777$ & $-0.0194596$ & $-0.0229897$ & $-0.0651586$ & $0.182129$ \\
CLL_1221 & $0.166275$ & $0.14966$ & $-0.201105$ & $-0.111068$ & $-0.0275354$ & $-0.0822868$ & $-0.0724097$ & $0.537811$ & $0.533176$ & $-0.314063$ & $-0.366664$ & $-0.00731391$ & $0.136397$ & $-0.173349$ & $-0.509498$ & $-0.0129003$ & $-0.22662$ & $0.017815$ & $-0.351413$ & $0.296099$ & $0.43763$ & $0.43109$ & $0.177027$ & $-0.601304$ & $-0.271433$ & $-0.30265$ & $0.567997$ & $0.171259$ & $0.003125$ & $0.0534387$ & $0.00973355$ & $-0.0773613$ & $0.0598896$ & $1$ & $-0.296009$ & $0.0591871$ & $0.191458$ & $0.0570983$ & $-0.0966879$ & $-0.0142359$ & $0.105103$ & $-0.027947$ & $0.123649$ & $-0.158879$ & $-0.0502076$ & $0.20686$ & $-0.115215$ & $0.146437$ & $-0.0844021$ \\
eHggint & $-0.148308$ & $-0.209033$ & $0.251042$ & $-0.0308404$ & $-0.0228073$ & $0.0187067$ & $0.10289$ & $-0.282051$ & $-0.287926$ & $0.179294$ & $0.207568$ & $-0.0152471$ & $-0.112959$ & $0.0335729$ & $0.0436048$ & $0.0536746$ & $0.133403$ & $0.119125$ & $0.11328$ & $-0.182063$ & $-0.232235$ & $-0.220205$ & $-0.159786$ & $0.250817$ & $0.0312344$ & $0.159262$ & $-0.423088$ & $-0.105677$ & $-0.0333886$ & $-0.0782322$ & $0.0189668$ & $0.138554$ & $-0.123775$ & $-0.296009$ & $1$ & $-6.89788e-05$ & $-0.217192$ & $0.0154605$ & $0.418965$ & $0.0149783$ & $-0.0639868$ & $-0.0335048$ & $-0.161908$ & $0.18252$ & $-0.140217$ & $-0.247148$ & $0.246503$ & $-0.191573$ & $-0.16742$ \\
eHggpar & $-0.340755$ & $0.345929$ & $0.352419$ & $0.138208$ & $0.0678321$ & $0.031122$ & $0.113166$ & $0.0585754$ & $0.060508$ & $-0.000873084$ & $-0.0468377$ & $-0.0223414$ & $-0.054251$ & $0.000807026$ & $0.00639362$ & $-0.0343242$ & $-0.0127178$ & $-0.0280434$ & $0.00479441$ & $0.0437922$ & $0.0569928$ & $0.0568786$ & $0.121565$ & $-0.0460117$ & $0.0249458$ & $-0.108664$ & $0.118222$ & $0.0239642$ & $0.0672124$ & $-0.0204083$ & $0.013243$ & $0.124496$ & $-0.0262106$ & $0.0591871$ & $-6.89788e-05$ & $1$ & $0.0881567$ & $0.0893421$ & $-0.433205$ & $0.0199031$ & $-0.293903$ & $0.0953244$ & $-0.0265925$ & $0.103424$ & $-0.413024$ & $-0.0728399$ & $-0.132935$ & $-0.072325$ & $-0.0316107$ \\
eHWWint & $0.204088$ & $0.399659$ & $-0.0761364$ & $0.122446$ & $0.00041621$ & $-0.0746706$ & $-0.215115$ & $0.15668$ & $0.136721$ & $-0.0834462$ & $-0.149188$ & $-0.111641$ & $-0.0588163$ & $0.0315161$ & $-0.0337129$ & $-0.0643026$ & $0.011403$ & $-0.00237939$ & $0.0133705$ & $0.132537$ & $0.169272$ & $0.15972$ & $0.0922447$ & $-0.11437$ & $0.0440444$ & $-0.121755$ & $0.264461$ & $0.0308176$ & $-0.0347437$ & $-0.105802$ & $-0.0293946$ & $-0.262589$ & $-0.0969254$ & $0.191458$ & $-0.217192$ & $0.0881567$ & $1$ & $0.144966$ & $0.00789921$ & $-0.0604074$ & $0.0484594$ & $-0.123797$ & $-0.348185$ & $-0.059985$ & $-0.222935$ & $0.57716$ & $-0.153504$ & $0.522303$ & $-0.0510333$ \\
eHWWpar & $0.0452743$ & $0.0940827$ & $-0.0223956$ & $-0.105475$ & $0.00645593$ & $-0.00451169$ & $0.0571711$ & $0.0449733$ & $0.0465189$ & $-0.0204837$ & $-0.0402217$ & $-0.0518972$ & $-0.0624827$ & $0.0150906$ & $-0.0136761$ & $0.0168298$ & $-0.00882382$ & $0.00112573$ & $-0.0255082$ & $0.0356589$ & $0.0426744$ & $0.0393483$ & $0.00252288$ & $-0.0386246$ & $-0.0310362$ & $-0.0393215$ & $0.00573193$ & $-0.0342457$ & $0.0181458$ & $-0.0103706$ & $-0.0127959$ & $0.0634766$ & $-0.0208072$ & $0.0570983$ & $0.0154605$ & $0.0893421$ & $0.144966$ & $1$ & $0.0379722$ & $-0.0658281$ & $0.00545272$ & $0.110405$ & $-0.0843$ & $-0.162364$ & $0.101189$ & $-0.00670664$ & $-0.0135562$ & $0.117685$ & $-0.00355716$ \\
eHZZint & $0.0464896$ & $-0.183866$ & $-0.208802$ & $-0.0330294$ & $-0.0608949$ & $-0.0311067$ & $-0.117471$ & $-0.147519$ & $-0.161225$ & $0.0728128$ & $0.127136$ & $0.0131705$ & $-0.00275906$ & $-0.00862267$ & $-0.0499956$ & $-0.0268705$ & $0.031915$ & $0.0720147$ & $0.0556809$ & $-0.122117$ & $-0.132594$ & $-0.125803$ & $-0.0988963$ & $0.108004$ & $0.0275739$ & $0.12891$ & $-0.127868$ & $-0.0739083$ & $-0.0647999$ & $-0.0512491$ & $-0.0254487$ & $-0.118763$ & $-0.126312$ & $-0.0966879$ & $0.418965$ & $-0.433205$ & $0.00789921$ & $0.0379722$ & $1$ & $-0.0494039$ & $0.0913898$ & $-0.116583$ & $-0.202858$ & $-0.266706$ & $0.112018$ & $-0.157717$ & $0.160652$ & $0.111012$ & $-0.503077$ \\
eHZZpar & $-0.00300868$ & $-0.074347$ & $-0.00548329$ & $-0.00904369$ & $0.0128427$ & $0.0611784$ & $0.11726$ & $-0.014644$ & $-0.00851954$ & $0.0102857$ & $0.0104327$ & $0.030239$ & $0.0152709$ & $0.00581825$ & $-0.000380199$ & $0.0580074$ & $9.10185e-05$ & $0.0152506$ & $-0.0301109$ & $-0.0053782$ & $-0.0146553$ & $-0.016577$ & $-0.0334014$ & $0.0271953$ & $-0.0169107$ & $0.025225$ & $-0.0636031$ & $0.0491237$ & $0.0281478$ & $0.0187516$ & $0.0235988$ & $0.12619$ & $0.0123475$ & $-0.0142359$ & $0.0149783$ & $0.0199031$ & $-0.0604074$ & $-0.0658281$ & $-0.0494039$ & $1$ & $0.0108404$ & $-0.0426622$ & $0.0394569$ & $-0.0487435$ & $0.0599294$ & $0.0186835$ & $0.155261$ & $-0.170583$ & $0.014613$ \\
eHZgaint & $0.44042$ & $-0.250301$ & $-0.356563$ & $-0.139715$ & $-0.0429586$ & $-0.0622363$ & $-0.0452466$ & $0.0789926$ & $0.0789874$ & $-0.0229897$ & $-0.087775$ & $0.00606253$ & $0.0264584$ & $0.0347154$ & $-0.0415332$ & $-0.00807425$ & $0.0301355$ & $0.0388111$ & $0.0167694$ & $0.0766488$ & $0.0924573$ & $0.0890109$ & $0.0351239$ & $-0.0196494$ & $0.0514954$ & $-0.0595834$ & $0.154942$ & $0.0998955$ & $-0.0324131$ & $0.0748458$ & $-0.0274633$ & $-0.0395752$ & $0.0673251$ & $0.105103$ & $-0.0639868$ & $-0.293903$ & $0.0484594$ & $0.00545272$ & $0.0913898$ & $0.0108404$ & $1$ & $-0.0690011$ & $0.0688684$ & $0.000909495$ & $0.111271$ & $0.159191$ & $-0.242102$ & $0.401615$ & $0.020961$ \\
eHZgapar & $-0.0990868$ & $-0.0231596$ & $-0.0282987$ & $-0.283763$ & $0.00885375$ & $0.00105018$ & $0.053097$ & $0.011644$ & $0.0128269$ & $-0.0485336$ & $-0.00326733$ & $-0.0168409$ & $0.0145879$ & $0.00318789$ & $0.0339459$ & $-0.00758338$ & $-0.0294828$ & $-0.0373839$ & $-0.011638$ & $0.00226745$ & $0.000255358$ & $-0.00111975$ & $0.0204849$ & $-0.0230603$ & $-0.0461638$ & $-0.0421542$ & $-0.0552651$ & $-0.0166162$ & $-0.0242978$ & $0.025469$ & $0.00932376$ & $0.0634003$ & $0.006645$ & $-0.027947$ & $-0.0335048$ & $0.0953244$ & $-0.123797$ & $0.110405$ & $-0.116583$ & $-0.0426622$ & $-0.0690011$ & $1$ & $-0.0352776$ & $-0.0645996$ & $-0.0225959$ & $-0.0336844$ & $0.119963$ & $-0.142925$ & $-0.0848658$ \\
eHgagaint & $-0.21272$ & $-0.242539$ & $0.0126455$ & $-0.115928$ & $0.0444583$ & $0.0315689$ & $0.034583$ & $0.11896$ & $0.144338$ & $-0.109722$ & $-0.0467854$ & $0.0569882$ & $0.0865015$ & $-0.0824788$ & $-0.0357215$ & $0.00299003$ & $-0.149249$ & $-0.106918$ & $-0.132874$ & $0.0379701$ & $0.0532951$ & $0.0518366$ & $0.0485321$ & $-0.146208$ & $-0.104261$ & $-0.0408293$ & $0.112947$ & $0.0333062$ & $-0.0321995$ & $0.0581792$ & $0.00768436$ & $0.0414827$ & $0.0689647$ & $0.123649$ & $-0.161908$ & $-0.0265925$ & $-0.348185$ & $-0.0843$ & $-0.202858$ & $0.0394569$ & $0.0688684$ & $-0.0352776$ & $1$ & $-0.26001$ & $0.225488$ & $-0.171219$ & $0.2027$ & $-0.29597$ & $0.088577$ \\
eHmumuint & $-0.0147239$ & $0.291633$ & $0.19504$ & $0.161795$ & $0.0169926$ & $-0.0234297$ & $-0.0228788$ & $-0.0323513$ & $-0.0370383$ & $0.0403931$ & $-0.0192078$ & $-0.00225452$ & $-0.0178585$ & $0.0718987$ & $0.155894$ & $0.135595$ & $0.0848961$ & $-0.0027206$ & $0.0114897$ & $0.0405456$ & $0.00141732$ & $0.00942653$ & $-0.160591$ & $0.0865402$ & $-0.0308051$ & $0.0488088$ & $-0.258507$ & $0.0158109$ & $0.0219173$ & $-0.0164136$ & $-0.00135965$ & $-0.0218725$ & $0.0565794$ & $-0.158879$ & $0.18252$ & $0.103424$ & $-0.059985$ & $-0.162364$ & $-0.266706$ & $-0.0487435$ & $0.000909495$ & $-0.0645996$ & $-0.26001$ & $1$ & $-0.36948$ & $-0.0204789$ & $-0.185135$ & $-0.307849$ & $0.583285$ \\
eHtautauint & $0.0396428$ & $-0.354111$ & $-0.341934$ & $-0.198805$ & $-0.0405479$ & $-0.0127525$ & $-0.014226$ & $-0.0403201$ & $-0.0361982$ & $0.0456911$ & $0.00662083$ & $0.00836571$ & $0.02204$ & $0.0621818$ & $0.00598353$ & $0.0661912$ & $0.0556207$ & $0.0674947$ & $0.0178782$ & $-0.00297305$ & $-0.0194262$ & $-0.0223187$ & $-0.040628$ & $0.0699545$ & $-0.00801867$ & $0.00853788$ & $-0.146134$ & $-0.0372583$ & $-0.0244969$ & $0.0034255$ & $0.027301$ & $-0.0193042$ & $-0.00174777$ & $-0.0502076$ & $-0.140217$ & $-0.413024$ & $-0.222935$ & $0.101189$ & $0.112018$ & $0.0599294$ & $0.111271$ & $-0.0225959$ & $0.225488$ & $-0.36948$ & $1$ & $-0.173058$ & $0.460677$ & $0.0143909$ & $0.0103502$ \\
eHccint & $0.471552$ & $0.150113$ & $0.0156604$ & $-0.0392814$ & $-0.0211236$ & $-0.0570258$ & $-0.00576991$ & $0.0928053$ & $0.0915618$ & $-0.0415664$ & $-0.0911282$ & $-0.148854$ & $-0.124686$ & $0.023445$ & $-0.122046$ & $-0.163845$ & $0.0397126$ & $0.0600953$ & $0.0917151$ & $0.0620385$ & $0.117469$ & $0.108842$ & $0.162979$ & $-0.0655574$ & $0.164855$ & $-0.0775908$ & $0.428153$ & $0.0878111$ & $-0.00622485$ & $-0.018954$ & $0.0293031$ & $-0.0292368$ & $-0.0194596$ & $0.20686$ & $-0.247148$ & $-0.0728399$ & $0.57716$ & $-0.00670664$ & $-0.157717$ & $0.0186835$ & $0.159191$ & $-0.0336844$ & $-0.171219$ & $-0.0204789$ & $-0.173058$ & $1$ & $-0.0830929$ & $0.301704$ & $0.10649$ \\
eHccpar & $-0.248859$ & $-0.224222$ & $-0.164119$ & $-0.345039$ & $0.00172328$ & $-0.0203746$ & $0.0578276$ & $-0.0647003$ & $-0.0576143$ & $0.0367823$ & $0.0160748$ & $-0.0237248$ & $-0.0213701$ & $0.0808018$ & $0.0579769$ & $0.0971726$ & $0.0788262$ & $0.0645532$ & $0.032034$ & $-0.00421033$ & $-0.0320527$ & $-0.0309402$ & $-0.0689586$ & $0.101239$ & $0.00727678$ & $0.0308919$ & $-0.205931$ & $-0.0804007$ & $-0.0403675$ & $-0.0087225$ & $0.103063$ & $0.0654134$ & $-0.0229897$ & $-0.115215$ & $0.246503$ & $-0.132935$ & $-0.153504$ & $-0.0135562$ & $0.160652$ & $0.155261$ & $-0.242102$ & $0.119963$ & $0.2027$ & $-0.185135$ & $0.460677$ & $-0.0830929$ & $1$ & $-0.385967$ & $0.0698728$ \\
eHbbint & $0.442338$ & $0.0837414$ & $-0.118573$ & $0.153016$ & $-0.0482709$ & $-0.0646129$ & $-0.165811$ & $0.0906888$ & $0.0706278$ & $-0.0439869$ & $-0.0935255$ & $-0.0863043$ & $-0.0504441$ & $0.0324572$ & $-0.0624177$ & $-0.100435$ & $0.0302337$ & $0.0346153$ & $0.0610611$ & $0.0749007$ & $0.108755$ & $0.102447$ & $0.114457$ & $-0.050873$ & $0.0954576$ & $-0.0788468$ & $0.283169$ & $0.0916647$ & $-0.0433806$ & $-0.0331497$ & $-0.0433807$ & $-0.192873$ & $-0.0651586$ & $0.146437$ & $-0.191573$ & $-0.072325$ & $0.522303$ & $0.117685$ & $0.111012$ & $-0.170583$ & $0.401615$ & $-0.142925$ & $-0.29597$ & $-0.307849$ & $0.0143909$ & $0.301704$ & $-0.385967$ & $1$ & $-0.389305$ \\
eHbbpar & $0.0121805$ & $0.197852$ & $0.0246765$ & $0.0271456$ & $0.00433868$ & $-0.0138343$ & $0.00597414$ & $0.0290458$ & $0.0400927$ & $0.0167763$ & $-0.0992006$ & $-0.0158248$ & $-0.0141126$ & $0.14287$ & $0.132005$ & $0.186216$ & $0.118855$ & $0.0516374$ & $0.00848978$ & $0.11617$ & $0.0822977$ & $0.0789132$ & $-0.0974632$ & $0.0701997$ & $0.00944639$ & $-0.0363131$ & $-0.19406$ & $0.0244348$ & $0.0357555$ & $0.0628438$ & $0.0291832$ & $0.00614978$ & $0.182129$ & $-0.0844021$ & $-0.16742$ & $-0.0316107$ & $-0.0510333$ & $-0.00355716$ & $-0.503077$ & $0.014613$ & $0.020961$ & $-0.0848658$ & $0.088577$ & $0.583285$ & $0.0103502$ & $0.10649$ & $0.0698728$ & $-0.389305$ & $1$ \\
