 & AlsMz & dAle5Mz & mtop & mHl & Mz & CW & CHG & CHWB & CHWHB_gaga & CHWHB_gagaorth & CHD & CHbox & CH & CHL1_11 & CHL1_22 & CHL1_33 & CHL3_11 & CHL3_22 & CHL3_33 & CHe_11 & CHe_22 & CHe_33 & CHQ1_11 & CHQ1_33 & CHQ3_11 & CHu_11 & CHd_11 & CHd_33 & CeH_22r & CeH_33r & CuH_22r & CuH_33r & CdH_33r & CLL_1221 & eHggint & eHggpar & eHWWint & eHWWpar & eHZZint & eHZZpar & eHZgaint & eHZgapar & eHgagaint & eHmumuint & eHtautauint & eHccint & eHccpar & eHbbint & eHbbpar \\
AlsMz & $1$ & $-0.0181008$ & $0.0229163$ & $0.0199596$ & $0.0027244$ & $0.000946967$ & $-0.00251428$ & $-0.00198041$ & $-0.0033191$ & $-0.00591849$ & $-0.0131818$ & $-0.000840888$ & $-0.000502959$ & $-0.00485451$ & $0.00363817$ & $0.00562927$ & $0.00237121$ & $0.000561379$ & $0.00876695$ & $-0.00192879$ & $-0.000592404$ & $-0.00771561$ & $-0.00473724$ & $-0.0391197$ & $-0.111308$ & $-0.0122896$ & $-0.0208408$ & $0.00107798$ & $-0.00534856$ & $-0.00237046$ & $-0.00337921$ & $-0.00119842$ & $-0.00309014$ & $-0.00691123$ & $0.00632421$ & $-0.00338552$ & $0.0085032$ & $-0.00797949$ & $-0.0101035$ & $0.000625596$ & $0.0223497$ & $0.013075$ & $-0.00192193$ & $-0.0014096$ & $0.0150753$ & $0.00258165$ & $-0.0149305$ & $0.0110628$ & $-0.00545925$ \\
dAle5Mz & $-0.0181008$ & $1$ & $0.0121264$ & $0.0123227$ & $0.00798932$ & $0.0266962$ & $0.00314955$ & $-0.202959$ & $-0.197335$ & $0.0529518$ & $0.187432$ & $-0.0134195$ & $-0.0182348$ & $-0.0435347$ & $-0.0100209$ & $-0.00828038$ & $0.0664747$ & $0.00203427$ & $0.000414691$ & $-0.190149$ & $-0.00698348$ & $-0.0179123$ & $0.000156914$ & $0.00412549$ & $0.00952949$ & $0.00563294$ & $0.00463469$ & $0.000212155$ & $0.00244926$ & $0.00344242$ & $-0.00743934$ & $0.0046055$ & $0.0111676$ & $0.113809$ & $-0.00175964$ & $0.0118725$ & $-0.00648076$ & $0.00439956$ & $0.000521611$ & $0.00561883$ & $-0.000275564$ & $-0.00212378$ & $0.0115542$ & $-0.00513991$ & $-0.00890323$ & $-0.00605528$ & $-0.00998539$ & $-0.00169058$ & $-0.000784402$ \\
mtop & $0.0229163$ & $0.0121264$ & $1$ & $-0.00393024$ & $-0.0013096$ & $0.00182444$ & $-0.00465458$ & $-0.00838144$ & $-0.008029$ & $0.00727017$ & $0.0170531$ & $0.00874554$ & $-4.92746e-05$ & $0.0020078$ & $0.000828385$ & $0.0023709$ & $0.00685485$ & $-0.00113927$ & $-0.0021127$ & $0.00129442$ & $0.0117984$ & $0.00700487$ & $-0.0030395$ & $0.00677838$ & $-0.000153315$ & $0.00381134$ & $-0.00186336$ & $-0.00513805$ & $-0.00731155$ & $0.0077317$ & $-0.00503963$ & $-0.00192796$ & $-0.00218962$ & $-0.00591261$ & $0.00246011$ & $0.0166659$ & $0.00354191$ & $-0.00962608$ & $0.00196405$ & $-0.00480604$ & $-0.00965685$ & $-0.00456253$ & $0.00217635$ & $-0.0140165$ & $0.00230412$ & $-0.000366839$ & $-0.0041749$ & $-0.00898411$ & $-0.0029505$ \\
mHl & $0.0199596$ & $0.0123227$ & $-0.00393024$ & $1$ & $-0.00507327$ & $-0.00198028$ & $-0.00185172$ & $-0.00852039$ & $-0.00888462$ & $-0.00259879$ & $0.00849861$ & $-0.00989223$ & $-0.00452986$ & $-0.00256617$ & $-0.00175143$ & $0.00631279$ & $-0.00233752$ & $0.00257314$ & $-0.00614965$ & $-0.0128715$ & $0.00277538$ & $-0.0032483$ & $0.00586338$ & $0.00621286$ & $-0.00199474$ & $0.00197335$ & $0.000399072$ & $-0.00754406$ & $-0.00203294$ & $0.00245491$ & $0.00542889$ & $-0.00191646$ & $-0.00404717$ & $-3.30168e-05$ & $0.00323401$ & $0.00788228$ & $0.0142781$ & $0.00751328$ & $0.0111283$ & $0.000679393$ & $0.00335068$ & $-0.00176521$ & $0.00575583$ & $-0.0126006$ & $0.00657537$ & $-0.000876907$ & $-6.43908e-05$ & $0.0106544$ & $0.000292701$ \\
Mz & $0.0027244$ & $0.00798932$ & $-0.0013096$ & $-0.00507327$ & $1$ & $0.00305011$ & $0.00569441$ & $-0.000380015$ & $0.000711534$ & $0.00043201$ & $0.0879284$ & $0.00763653$ & $-0.00242333$ & $0.00256729$ & $0.00377896$ & $0.00859095$ & $-0.00455129$ & $-0.00835117$ & $-0.00726267$ & $0.00859942$ & $0.000820563$ & $-0.00565073$ & $-1.04017e-05$ & $0.0062001$ & $-0.0100976$ & $-0.00226248$ & $-0.00948675$ & $0.00304501$ & $0.00193982$ & $-0.00286124$ & $-0.00304266$ & $0.0034188$ & $-0.0055306$ & $-0.00606188$ & $0.00395811$ & $-0.000278706$ & $-0.00385897$ & $-0.0080881$ & $-0.00390603$ & $-0.000945432$ & $-0.0098047$ & $0.000110983$ & $0.00609601$ & $0.00419256$ & $-0.00399382$ & $0.0089215$ & $0.00537982$ & $-0.00683924$ & $-0.00394333$ \\
CW & $0.000946967$ & $0.0266962$ & $0.00182444$ & $-0.00198028$ & $0.00305011$ & $1$ & $-0.00123407$ & $-0.123719$ & $-0.120293$ & $0.0356385$ & $0.110145$ & $0.0175859$ & $-0.0230486$ & $0.10566$ & $0.0224554$ & $0.0204613$ & $-0.0454924$ & $0.0121293$ & $0.015498$ & $-0.103626$ & $-0.048825$ & $-0.0468927$ & $-0.0104018$ & $0.0484083$ & $0.0157169$ & $0.0126209$ & $-0.0489786$ & $-0.0134923$ & $-0.00376592$ & $0.000139781$ & $0.00360664$ & $-0.00169852$ & $-0.00676023$ & $-0.0994613$ & $0.00403496$ & $-0.00503176$ & $0.00120183$ & $0.00222251$ & $-0.00238517$ & $0.00330868$ & $-0.00298872$ & $-0.00316539$ & $-0.00164392$ & $-0.00270549$ & $0.00181293$ & $0.00253146$ & $0.00328704$ & $0.000547691$ & $-0.0101867$ \\
CHG & $-0.00251428$ & $0.00314955$ & $-0.00465458$ & $-0.00185172$ & $0.00569441$ & $-0.00123407$ & $1$ & $-0.00793713$ & $0.056907$ & $-0.0020716$ & $0.00574823$ & $-0.0660726$ & $-0.0946647$ & $0.00110385$ & $0.00067773$ & $0.00151314$ & $0.00144757$ & $-0.00401235$ & $0.00220377$ & $3.82601e-05$ & $-0.00332117$ & $-0.00214947$ & $-0.00486131$ & $0.00198509$ & $0.00224598$ & $0.00421026$ & $0.000116859$ & $-0.00376787$ & $0.0226578$ & $-0.0499802$ & $-0.0422849$ & $0.938214$ & $-0.0688272$ & $-0.0106629$ & $-0.0292915$ & $-0.0190645$ & $0.0239209$ & $0.0128971$ & $-0.00548429$ & $-0.00283451$ & $0.00100295$ & $0.00162951$ & $0.000299704$ & $0.0117813$ & $-0.00278561$ & $-0.00645248$ & $-0.00209977$ & $0.0042331$ & $-0.00912446$ \\
CHWB & $-0.00198041$ & $-0.202959$ & $-0.00838144$ & $-0.00852039$ & $-0.000380015$ & $-0.123719$ & $-0.00793713$ & $1$ & $0.975365$ & $-0.311678$ & $-0.877149$ & $-0.272916$ & $0.0855092$ & $-0.0802458$ & $-0.0957458$ & $-0.0847854$ & $-0.357889$ & $-0.202478$ & $-0.20309$ & $0.753366$ & $0.37427$ & $0.347679$ & $0.0330842$ & $-0.367312$ & $-0.24674$ & $-0.0754837$ & $0.275931$ & $0.0556569$ & $-0.00719876$ & $-0.00258187$ & $0.00189842$ & $-0.0231217$ & $-0.0170566$ & $0.612664$ & $-0.00712047$ & $-0.00570078$ & $0.0136574$ & $-0.00118836$ & $0.00406949$ & $0.00111327$ & $-0.00451452$ & $0.00911436$ & $-0.00249246$ & $0.0019132$ & $-0.0041412$ & $-0.00178615$ & $0.00024426$ & $0.000312254$ & $-0.0012985$ \\
CHWHB_gaga & $-0.0033191$ & $-0.197335$ & $-0.008029$ & $-0.00888462$ & $0.000711534$ & $-0.120293$ & $0.056907$ & $0.975365$ & $1$ & $-0.313241$ & $-0.855134$ & $-0.251195$ & $0.0809074$ & $-0.0874016$ & $-0.0929644$ & $-0.081373$ & $-0.358082$ & $-0.200024$ & $-0.20008$ & $0.742157$ & $0.363852$ & $0.338857$ & $0.0313731$ & $-0.359898$ & $-0.242408$ & $-0.0725196$ & $0.268485$ & $0.0543626$ & $0.000813325$ & $0.025472$ & $0.0151147$ & $0.0304597$ & $0.0114615$ & $0.595415$ & $-0.0303622$ & $-0.0176696$ & $-0.00239149$ & $-0.00791085$ & $-0.000131629$ & $-0.000939174$ & $-0.00296696$ & $0.00901176$ & $0.0855062$ & $0.00133989$ & $-0.00647515$ & $-0.0010514$ & $0.00223853$ & $-0.000561942$ & $-0.0031424$ \\
CHWHB_gagaorth & $-0.00591849$ & $0.0529518$ & $0.00727017$ & $-0.00259879$ & $0.00043201$ & $0.0356385$ & $-0.0020716$ & $-0.311678$ & $-0.313241$ & $1$ & $0.0303192$ & $0.204939$ & $-0.141979$ & $0.761877$ & $0.086644$ & $0.0815699$ & $0.809415$ & $0.268301$ & $0.265194$ & $-0.0378675$ & $-0.0400663$ & $-0.0348997$ & $-0.0360127$ & $0.266571$ & $0.327137$ & $0.0149316$ & $-0.139939$ & $0.00584327$ & $-0.00478342$ & $-0.0645097$ & $-0.0283022$ & $0.0140046$ & $-0.0367387$ & $-0.202349$ & $0.0387329$ & $0.0229343$ & $-0.0104182$ & $0.00863441$ & $0.00367834$ & $0.0061491$ & $-0.0282002$ & $-0.00585034$ & $-0.0110009$ & $0.00936016$ & $-0.000550647$ & $0.0021699$ & $0.00165212$ & $-0.00400499$ & $0.00498369$ \\
CHD & $-0.0131818$ & $0.187432$ & $0.0170531$ & $0.00849861$ & $0.0879284$ & $0.110145$ & $0.00574823$ & $-0.877149$ & $-0.855134$ & $0.0303192$ & $1$ & $0.211907$ & $-0.0370635$ & $-0.192963$ & $0.0437358$ & $0.0373386$ & $0.0669728$ & $0.106554$ & $0.105811$ & $-0.773052$ & $-0.366964$ & $-0.342026$ & $-0.0188393$ & $0.258658$ & $0.13107$ & $0.0770947$ & $-0.206764$ & $-0.0591791$ & $0.0102046$ & $0.00831273$ & $0.00229752$ & $0.0147732$ & $0.0189173$ & $-0.459968$ & $-0.0057537$ & $-0.000533303$ & $-0.0136619$ & $-0.00227345$ & $-0.00393562$ & $-0.00213816$ & $0.00594198$ & $-0.00571554$ & $0.00331848$ & $-0.00469485$ & $0.00573266$ & $-0.00335169$ & $0.00188603$ & $0.000989311$ & $-0.000781084$ \\
CHbox & $-0.000840888$ & $-0.0134195$ & $0.00874554$ & $-0.00989223$ & $0.00763653$ & $0.0175859$ & $-0.0660726$ & $-0.272916$ & $-0.251195$ & $0.204939$ & $0.211907$ & $1$ & $0.645486$ & $-0.0202907$ & $0.0459744$ & $0.0387082$ & $0.0782977$ & $0.0539012$ & $0.0516893$ & $-0.0137076$ & $-0.0860275$ & $-0.083002$ & $-0.00673$ & $0.102663$ & $0.0707947$ & $0.0132671$ & $-0.0825555$ & $-0.0152179$ & $0.0305233$ & $0.206731$ & $0.0638048$ & $-0.00320961$ & $0.298411$ & $-0.221537$ & $0.0820425$ & $0.0254976$ & $-0.0165298$ & $-0.00714634$ & $-0.00354772$ & $-0.0103249$ & $0.00489964$ & $-0.000580777$ & $-0.0140712$ & $0.00348434$ & $-0.002203$ & $-0.00367039$ & $0.000121856$ & $-0.00129646$ & $0.00839565$ \\
CH & $-0.000502959$ & $-0.0182348$ & $-4.92746e-05$ & $-0.00452986$ & $-0.00242333$ & $-0.0230486$ & $-0.0946647$ & $0.0855092$ & $0.0809074$ & $-0.141979$ & $-0.0370635$ & $0.645486$ & $1$ & $-0.148169$ & $-0.00271006$ & $-0.0132092$ & $-0.156436$ & $-0.0611271$ & $-0.0555565$ & $0.0812196$ & $0.0192501$ & $0.0147949$ & $0.00237066$ & $-0.0593698$ & $-0.0654304$ & $-0.00535199$ & $0.0253868$ & $-0.00363853$ & $0.0142387$ & $0.0824692$ & $0.0426456$ & $-0.0872873$ & $0.121305$ & $0.0405254$ & $0.00294221$ & $-0.0105561$ & $0.00385139$ & $-0.00784065$ & $0.00545128$ & $-0.00459602$ & $0.0109172$ & $0.00296472$ & $-0.00307874$ & $0.00384843$ & $0.000475187$ & $-0.00258673$ & $-0.00251473$ & $-0.00113603$ & $0.0085784$ \\
CHL1_11 & $-0.00485451$ & $-0.0435347$ & $0.0020078$ & $-0.00256617$ & $0.00256729$ & $0.10566$ & $0.00110385$ & $-0.0802458$ & $-0.0874016$ & $0.761877$ & $-0.192963$ & $-0.0202907$ & $-0.148169$ & $1$ & $0.0871779$ & $0.0866099$ & $0.623881$ & $0.216717$ & $0.215122$ & $0.0888435$ & $0.039477$ & $0.0395398$ & $-0.0347774$ & $0.205988$ & $0.255489$ & $-0.00603526$ & $-0.116391$ & $0.0144363$ & $-0.00654749$ & $-0.0355957$ & $-0.0208131$ & $0.00283157$ & $-0.0481341$ & $-0.117023$ & $0.0205723$ & $0.0128894$ & $-0.00436261$ & $0.00996134$ & $-0.00113556$ & $0.00474955$ & $-0.0212455$ & $-0.0062962$ & $-0.00688799$ & $0.00518792$ & $0.000436086$ & $0.00654119$ & $0.00175743$ & $-0.00634958$ & $0.00315611$ \\
CHL1_22 & $0.00363817$ & $-0.0100209$ & $0.000828385$ & $-0.00175143$ & $0.00377896$ & $0.0224554$ & $0.00067773$ & $-0.0957458$ & $-0.0929644$ & $0.086644$ & $0.0437358$ & $0.0459744$ & $-0.00271006$ & $0.0871779$ & $1$ & $0.345806$ & $0.0759308$ & $-0.637251$ & $-0.230155$ & $-0.0284119$ & $-0.264894$ & $-0.200573$ & $-0.0984159$ & $0.277296$ & $-0.320699$ & $0.0243152$ & $-0.53053$ & $-0.0299813$ & $0.000478734$ & $0.00189404$ & $-0.00385215$ & $0.00546617$ & $0.00608895$ & $-0.595658$ & $-0.00247952$ & $0.00845751$ & $0.00145252$ & $0.00551307$ & $-0.00468722$ & $0.00266612$ & $-0.000974063$ & $-0.00278276$ & $0.00699834$ & $0.00398911$ & $0.003546$ & $-0.00491891$ & $-0.00589844$ & $-0.00150609$ & $0.00179138$ \\
CHL1_33 & $0.00562927$ & $-0.00828038$ & $0.0023709$ & $0.00631279$ & $0.00859095$ & $0.0204613$ & $0.00151314$ & $-0.0847854$ & $-0.081373$ & $0.0815699$ & $0.0373386$ & $0.0387082$ & $-0.0132092$ & $0.0866099$ & $0.345806$ & $1$ & $0.0691975$ & $-0.227962$ & $-0.620678$ & $-0.0174277$ & $-0.192669$ & $-0.30353$ & $-0.0920832$ & $0.262533$ & $-0.315288$ & $0.0256597$ & $-0.510148$ & $-0.0325698$ & $0.00280021$ & $-0.00264356$ & $-0.00450024$ & $0.00690384$ & $0.00719134$ & $-0.277848$ & $0.00316851$ & $0.00656518$ & $-0.00685137$ & $0.0021427$ & $-0.00152268$ & $-0.00363012$ & $0.000400084$ & $-0.0046678$ & $0.00890369$ & $0.00679718$ & $-0.00953484$ & $0.00231461$ & $-0.00260001$ & $-0.00463411$ & $0.00915684$ \\
CHL3_11 & $0.00237121$ & $0.0664747$ & $0.00685485$ & $-0.00233752$ & $-0.00455129$ & $-0.0454924$ & $0.00144757$ & $-0.357889$ & $-0.358082$ & $0.809415$ & $0.0669728$ & $0.0782977$ & $-0.156436$ & $0.623881$ & $0.0759308$ & $0.0691975$ & $1$ & $0.292665$ & $0.295163$ & $-0.112605$ & $-0.0555354$ & $-0.0495516$ & $-0.0313424$ & $0.280876$ & $0.363072$ & $0.0153653$ & $-0.134551$ & $0.00395993$ & $-0.00619405$ & $-0.0318556$ & $-0.0219352$ & $0.00679886$ & $-0.043924$ & $-0.187808$ & $0.0222133$ & $0.0157392$ & $-0.00135611$ & $0.0040074$ & $0.000269239$ & $0.00606993$ & $-0.0181386$ & $-0.000541489$ & $-0.0053861$ & $0.00979713$ & $0.00310868$ & $0.00271447$ & $0.00352604$ & $-0.000413422$ & $0.00162016$ \\
CHL3_22 & $0.000561379$ & $0.00203427$ & $-0.00113927$ & $0.00257314$ & $-0.00835117$ & $0.0121293$ & $-0.00401235$ & $-0.202478$ & $-0.200024$ & $0.268301$ & $0.106554$ & $0.0539012$ & $-0.0611271$ & $0.216717$ & $-0.637251$ & $-0.227962$ & $0.292665$ & $1$ & $0.413995$ & $-0.103539$ & $0.0282642$ & $0.0411147$ & $0.0713774$ & $0.018508$ & $0.59035$ & $0.00626244$ & $0.341296$ & $0.00653946$ & $-0.000931126$ & $-0.0184793$ & $-0.00481623$ & $-0.00137828$ & $-0.0126602$ & $0.53844$ & $0.0139571$ & $1.49986e-06$ & $-0.000711059$ & $-0.00242364$ & $0.000636448$ & $-0.00115011$ & $-0.00526546$ & $-0.00223935$ & $-0.00508031$ & $0.00231505$ & $-0.00153937$ & $0.00878953$ & $0.00776415$ & $-0.000209288$ & $0.00201919$ \\
CHL3_33 & $0.00876695$ & $0.000414691$ & $-0.0021127$ & $-0.00614965$ & $-0.00726267$ & $0.015498$ & $0.00220377$ & $-0.20309$ & $-0.20008$ & $0.265194$ & $0.105811$ & $0.0516893$ & $-0.0555565$ & $0.215122$ & $-0.230155$ & $-0.620678$ & $0.295163$ & $0.413995$ & $1$ & $-0.107222$ & $0.0270206$ & $0.0321406$ & $0.0718943$ & $0.0206629$ & $0.592917$ & $0.00587125$ & $0.339153$ & $0.012429$ & $-0.00572367$ & $-0.0144621$ & $-0.00474368$ & $0.0020545$ & $-0.0163193$ & $0.0978354$ & $0.00725277$ & $-6.48574e-05$ & $-0.00209807$ & $-0.00226137$ & $0.000783827$ & $0.00297202$ & $-0.00705956$ & $-0.00722795$ & $-0.00616282$ & $7.92015e-05$ & $0.0104531$ & $0.0020115$ & $0.0027886$ & $0.00429557$ & $-0.00686529$ \\
CHe_11 & $-0.00192879$ & $-0.190149$ & $0.00129442$ & $-0.0128715$ & $0.00859942$ & $-0.103626$ & $3.82601e-05$ & $0.753366$ & $0.742157$ & $-0.0378675$ & $-0.773052$ & $-0.0137076$ & $0.0812196$ & $0.0888435$ & $-0.0284119$ & $-0.0174277$ & $-0.112605$ & $-0.103539$ & $-0.107222$ & $1$ & $0.340415$ & $0.316176$ & $0.0170313$ & $-0.232074$ & $-0.123021$ & $-0.0731971$ & $0.181909$ & $0.0543564$ & $-0.00304879$ & $-0.0197187$ & $-0.00347104$ & $0.00220256$ & $-0.000383298$ & $0.381574$ & $0.0136639$ & $0.00114197$ & $0.00130104$ & $0.000347917$ & $-0.00166684$ & $0.00411466$ & $-0.00210343$ & $0.00555962$ & $0.0035749$ & $0.00519961$ & $-0.004203$ & $0.000977854$ & $-0.00238884$ & $-0.00218039$ & $-0.000985745$ \\
CHe_22 & $-0.000592404$ & $-0.00698348$ & $0.0117984$ & $0.00277538$ & $0.000820563$ & $-0.048825$ & $-0.00332117$ & $0.37427$ & $0.363852$ & $-0.0400663$ & $-0.366964$ & $-0.0860275$ & $0.0192501$ & $0.039477$ & $-0.264894$ & $-0.192669$ & $-0.0555354$ & $0.0282642$ & $0.0270206$ & $0.340415$ & $1$ & $0.277251$ & $0.0470756$ & $-0.281148$ & $-0.00152905$ & $-0.0499144$ & $0.329351$ & $0.0392688$ & $-0.00834903$ & $-0.00560425$ & $0.000144911$ & $-0.00760528$ & $-0.00905582$ & $0.292271$ & $0.00817131$ & $-0.00658123$ & $-0.00179295$ & $0.00162202$ & $0.000471847$ & $0.00307606$ & $-0.00333655$ & $0.0118097$ & $-0.00403261$ & $-0.000459769$ & $-0.00170565$ & $0.000792625$ & $0.00170537$ & $-0.00399695$ & $0.00771177$ \\
CHe_33 & $-0.00771561$ & $-0.0179123$ & $0.00700487$ & $-0.0032483$ & $-0.00565073$ & $-0.0468927$ & $-0.00214947$ & $0.347679$ & $0.338857$ & $-0.0348997$ & $-0.342026$ & $-0.083002$ & $0.0147949$ & $0.0395398$ & $-0.200573$ & $-0.30353$ & $-0.0495516$ & $0.0411147$ & $0.0321406$ & $0.316176$ & $0.277251$ & $1$ & $0.0471951$ & $-0.261708$ & $0.00797673$ & $-0.0564075$ & $0.313136$ & $0.0432932$ & $-0.00580328$ & $-0.00191188$ & $0.00485731$ & $-0.00767616$ & $-0.00853649$ & $0.279014$ & $-0.00314474$ & $0.000185269$ & $0.00302539$ & $-0.00356784$ & $0.00321178$ & $-0.00127446$ & $0.0047197$ & $0.00273837$ & $-0.00311388$ & $-0.00162799$ & $0.00537927$ & $0.00601303$ & $0.000430798$ & $-0.00171775$ & $-0.00256671$ \\
CHQ1_11 & $-0.00473724$ & $0.000156914$ & $-0.0030395$ & $0.00586338$ & $-1.04017e-05$ & $-0.0104018$ & $-0.00486131$ & $0.0330842$ & $0.0313731$ & $-0.0360127$ & $-0.0188393$ & $-0.00673$ & $0.00237066$ & $-0.0347774$ & $-0.0984159$ & $-0.0920832$ & $-0.0313424$ & $0.0713774$ & $0.0718943$ & $0.0170313$ & $0.0470756$ & $0.0471951$ & $1$ & $-0.0655772$ & $0.123813$ & $-0.594363$ & $0.24621$ & $0.0115029$ & $0.00230688$ & $0.0044139$ & $0.00279599$ & $-0.00609052$ & $-0.00116691$ & $0.0889593$ & $-0.00439617$ & $0.0026423$ & $0.00012034$ & $0.00159934$ & $0.00166786$ & $-0.00546873$ & $0.00104717$ & $-0.00905609$ & $0.000539369$ & $-0.00514121$ & $-0.00294765$ & $0.0124864$ & $9.94632e-05$ & $-0.00368017$ & $0.000109697$ \\
CHQ1_33 & $-0.0391197$ & $0.00412549$ & $0.00677838$ & $0.00621286$ & $0.0062001$ & $0.0484083$ & $0.00198509$ & $-0.367312$ & $-0.359898$ & $0.266571$ & $0.258658$ & $0.102663$ & $-0.0593698$ & $0.205988$ & $0.277296$ & $0.262533$ & $0.280876$ & $0.018508$ & $0.0206629$ & $-0.232074$ & $-0.281148$ & $-0.261708$ & $-0.0655772$ & $1$ & $0.074244$ & $0.0463547$ & $-0.237394$ & $0.116647$ & $8.23083e-05$ & $-0.00736691$ & $-0.00843479$ & $0.00726143$ & $-0.00561839$ & $-0.334152$ & $0.00878768$ & $0.00216678$ & $-0.00346739$ & $0.00176167$ & $-0.006545$ & $0.00109187$ & $-0.00669602$ & $0.0017719$ & $-0.00126297$ & $0.00588295$ & $-0.00310922$ & $0.00615403$ & $-0.00248538$ & $-0.00474306$ & $-0.000531533$ \\
CHQ3_11 & $-0.111308$ & $0.00952949$ & $-0.000153315$ & $-0.00199474$ & $-0.0100976$ & $0.0157169$ & $0.00224598$ & $-0.24674$ & $-0.242408$ & $0.327137$ & $0.13107$ & $0.0707947$ & $-0.0654304$ & $0.255489$ & $-0.320699$ & $-0.315288$ & $0.363072$ & $0.59035$ & $0.592917$ & $-0.123021$ & $-0.00152905$ & $0.00797673$ & $0.123813$ & $0.074244$ & $1$ & $0.0120078$ & $0.531414$ & $0.00899828$ & $-0.00222257$ & $-0.0229293$ & $-0.00781699$ & $0.00118505$ & $-0.0203763$ & $0.187418$ & $0.0119793$ & $-0.00108365$ & $-0.0034886$ & $-0.000307736$ & $0.000865233$ & $0.0012465$ & $-0.00564471$ & $-0.0117281$ & $-0.00571894$ & $0.00234839$ & $0.00238241$ & $0.00499645$ & $0.00687392$ & $-0.00492924$ & $0.000432301$ \\
CHu_11 & $-0.0122896$ & $0.00563294$ & $0.00381134$ & $0.00197335$ & $-0.00226248$ & $0.0126209$ & $0.00421026$ & $-0.0754837$ & $-0.0725196$ & $0.0149316$ & $0.0770947$ & $0.0132671$ & $-0.00535199$ & $-0.00603526$ & $0.0243152$ & $0.0256597$ & $0.0153653$ & $0.00626244$ & $0.00587125$ & $-0.0731971$ & $-0.0499144$ & $-0.0564075$ & $-0.594363$ & $0.0463547$ & $0.0120078$ & $1$ & $0.151571$ & $-0.0137267$ & $0.00294615$ & $0.000937513$ & $0.00179704$ & $0.00231327$ & $-0.00266288$ & $-0.0457263$ & $0.00169204$ & $0.00177012$ & $0.00377075$ & $0.00061897$ & $0.00893852$ & $0.0013415$ & $-0.00338744$ & $0.00310614$ & $-0.00306246$ & $0.00434993$ & $0.0115359$ & $-0.00529079$ & $0.0039153$ & $-0.000960872$ & $-0.00376835$ \\
CHd_11 & $-0.0208408$ & $0.00463469$ & $-0.00186336$ & $0.000399072$ & $-0.00948675$ & $-0.0489786$ & $0.000116859$ & $0.275931$ & $0.268485$ & $-0.139939$ & $-0.206764$ & $-0.0825555$ & $0.0253868$ & $-0.116391$ & $-0.53053$ & $-0.510148$ & $-0.134551$ & $0.341296$ & $0.339153$ & $0.181909$ & $0.329351$ & $0.313136$ & $0.24621$ & $-0.237394$ & $0.531414$ & $0.151571$ & $1$ & $0.0288162$ & $-0.00114298$ & $-0.00262215$ & $0.00448457$ & $-0.00864512$ & $-0.0121993$ & $0.515168$ & $-0.000821135$ & $-0.00693382$ & $0.00312402$ & $-0.00191963$ & $0.00539235$ & $-0.00401072$ & $0.00112805$ & $0.00183212$ & $-0.00770606$ & $-0.00287653$ & $0.00640273$ & $0.00398608$ & $0.00734322$ & $-0.00662887$ & $-0.00499799$ \\
CHd_33 & $0.00107798$ & $0.000212155$ & $-0.00513805$ & $-0.00754406$ & $0.00304501$ & $-0.0134923$ & $-0.00376787$ & $0.0556569$ & $0.0543626$ & $0.00584327$ & $-0.0591791$ & $-0.0152179$ & $-0.00363853$ & $0.0144363$ & $-0.0299813$ & $-0.0325698$ & $0.00395993$ & $0.00653946$ & $0.012429$ & $0.0543564$ & $0.0392688$ & $0.0432932$ & $0.0115029$ & $0.116647$ & $0.00899828$ & $-0.0137267$ & $0.0288162$ & $1$ & $0.00332973$ & $-0.000211968$ & $0.00280036$ & $-0.00340442$ & $0.00234969$ & $0.0427354$ & $0.00256182$ & $-0.00404002$ & $-0.00474796$ & $0.00129002$ & $-0.00493893$ & $0.00335386$ & $0.00164591$ & $-0.00288264$ & $-0.00431809$ & $0.00245048$ & $0.00159832$ & $0.0033641$ & $6.02541e-05$ & $-0.0058102$ & $0.00879113$ \\
CeH_22r & $-0.00534856$ & $0.00244926$ & $-0.00731155$ & $-0.00203294$ & $0.00193982$ & $-0.00376592$ & $0.0226578$ & $-0.00719876$ & $0.000813325$ & $-0.00478342$ & $0.0102046$ & $0.0305233$ & $0.0142387$ & $-0.00654749$ & $0.000478734$ & $0.00280021$ & $-0.00619405$ & $-0.000931126$ & $-0.00572367$ & $-0.00304879$ & $-0.00834903$ & $-0.00580328$ & $0.00230688$ & $8.23083e-05$ & $-0.00222257$ & $0.00294615$ & $-0.00114298$ & $0.00332973$ & $1$ & $0.031362$ & $0.0171862$ & $0.00405911$ & $0.032084$ & $-0.00429941$ & $-0.0372408$ & $-0.0200746$ & $-0.0126719$ & $-0.0114596$ & $-0.0117646$ & $0.00122832$ & $0.00943956$ & $0.00387521$ & $-0.00106306$ & $0.0154288$ & $-0.00141892$ & $-0.000121262$ & $0.00181926$ & $0.00855846$ & $-0.00013967$ \\
CeH_33r & $-0.00237046$ & $0.00344242$ & $0.0077317$ & $0.00245491$ & $-0.00286124$ & $0.000139781$ & $-0.0499802$ & $-0.00258187$ & $0.025472$ & $-0.0645097$ & $0.00831273$ & $0.206731$ & $0.0824692$ & $-0.0355957$ & $0.00189404$ & $-0.00264356$ & $-0.0318556$ & $-0.0184793$ & $-0.0144621$ & $-0.0197187$ & $-0.00560425$ & $-0.00191188$ & $0.0044139$ & $-0.00736691$ & $-0.0229293$ & $0.000937513$ & $-0.00262215$ & $-0.000211968$ & $0.031362$ & $1$ & $0.251683$ & $0.0668969$ & $0.533156$ & $-0.0098005$ & $-0.0600858$ & $-0.0323343$ & $-0.206695$ & $-0.0970943$ & $-0.0229357$ & $-0.0198507$ & $0.00464766$ & $-0.00304034$ & $-0.000946706$ & $-0.00134044$ & $0.075714$ & $0.00954107$ & $-0.0026436$ & $0.000603501$ & $0.00266324$ \\
CuH_22r & $-0.00337921$ & $-0.00743934$ & $-0.00503963$ & $0.00542889$ & $-0.00304266$ & $0.00360664$ & $-0.0422849$ & $0.00189842$ & $0.0151147$ & $-0.0283022$ & $0.00229752$ & $0.0638048$ & $0.0426456$ & $-0.0208131$ & $-0.00385215$ & $-0.00450024$ & $-0.0219352$ & $-0.00481623$ & $-0.00474368$ & $-0.00347104$ & $0.000144911$ & $0.00485731$ & $0.00279599$ & $-0.00843479$ & $-0.00781699$ & $0.00179704$ & $0.00448457$ & $0.00280036$ & $0.0171862$ & $0.251683$ & $1$ & $0.0322948$ & $0.291839$ & $-0.00118884$ & $-0.0261964$ & $-0.00517118$ & $-0.113521$ & $-0.0534355$ & $-0.00579916$ & $-0.00877312$ & $-0.00304827$ & $-0.000276379$ & $0.00171721$ & $-0.00785158$ & $-0.00899122$ & $0.0840911$ & $0.411614$ & $0.00211365$ & $0.00795833$ \\
CuH_33r & $-0.00119842$ & $0.0046055$ & $-0.00192796$ & $-0.00191646$ & $0.0034188$ & $-0.00169852$ & $0.938214$ & $-0.0231217$ & $0.0304597$ & $0.0140046$ & $0.0147732$ & $-0.00320961$ & $-0.0872873$ & $0.00283157$ & $0.00546617$ & $0.00690384$ & $0.00679886$ & $-0.00137828$ & $0.0020545$ & $0.00220256$ & $-0.00760528$ & $-0.00767616$ & $-0.00609052$ & $0.00726143$ & $0.00118505$ & $0.00231327$ & $-0.00864512$ & $-0.00340442$ & $0.00405911$ & $0.0668969$ & $0.0322948$ & $1$ & $0.0858744$ & $-0.0243848$ & $0.066459$ & $0.0220327$ & $-0.0207336$ & $-0.00809771$ & $0.00283398$ & $-0.000244603$ & $-3.7192e-05$ & $0.00303271$ & $0.000409918$ & $0.0141403$ & $-0.00674247$ & $-0.00221001$ & $-0.000321614$ & $0.00760465$ & $0.000117331$ \\
CdH_33r & $-0.00309014$ & $0.0111676$ & $-0.00218962$ & $-0.00404717$ & $-0.0055306$ & $-0.00676023$ & $-0.0688272$ & $-0.0170566$ & $0.0114615$ & $-0.0367387$ & $0.0189173$ & $0.298411$ & $0.121305$ & $-0.0481341$ & $0.00608895$ & $0.00719134$ & $-0.043924$ & $-0.0126602$ & $-0.0163193$ & $-0.000383298$ & $-0.00905582$ & $-0.00853649$ & $-0.00116691$ & $-0.00561839$ & $-0.0203763$ & $-0.00266288$ & $-0.0121993$ & $0.00234969$ & $0.032084$ & $0.533156$ & $0.291839$ & $0.0858744$ & $1$ & $-0.0183813$ & $-0.0441024$ & $-0.023192$ & $-0.24488$ & $-0.111101$ & $-0.019776$ & $-0.0187262$ & $-0.0078043$ & $8.66683e-05$ & $-0.00582742$ & $-0.0051187$ & $-0.014146$ & $0.00694251$ & $0.016709$ & $0.177913$ & $0.547186$ \\
CLL_1221 & $-0.00691123$ & $0.113809$ & $-0.00591261$ & $-3.30168e-05$ & $-0.00606188$ & $-0.0994613$ & $-0.0106629$ & $0.612664$ & $0.595415$ & $-0.202349$ & $-0.459968$ & $-0.221537$ & $0.0405254$ & $-0.117023$ & $-0.595658$ & $-0.277848$ & $-0.187808$ & $0.53844$ & $0.0978354$ & $0.381574$ & $0.292271$ & $0.279014$ & $0.0889593$ & $-0.334152$ & $0.187418$ & $-0.0457263$ & $0.515168$ & $0.0427354$ & $-0.00429941$ & $-0.0098005$ & $-0.00118884$ & $-0.0243848$ & $-0.0183813$ & $1$ & $-0.00434019$ & $-0.00448469$ & $0.0102807$ & $-0.00332286$ & $0.00513281$ & $0.000903401$ & $-0.00540049$ & $0.00769791$ & $-0.00329839$ & $-2.52308e-05$ & $-0.00509659$ & $-0.000332428$ & $0.00430348$ & $0.00230009$ & $-0.000621684$ \\
eHggint & $0.00632421$ & $-0.00175964$ & $0.00246011$ & $0.00323401$ & $0.00395811$ & $0.00403496$ & $-0.0292915$ & $-0.00712047$ & $-0.0303622$ & $0.0387329$ & $-0.0057537$ & $0.0820425$ & $0.00294221$ & $0.0205723$ & $-0.00247952$ & $0.00316851$ & $0.0222133$ & $0.0139571$ & $0.00725277$ & $0.0136639$ & $0.00817131$ & $-0.00314474$ & $-0.00439617$ & $0.00878768$ & $0.0119793$ & $0.00169204$ & $-0.000821135$ & $0.00256182$ & $-0.0372408$ & $-0.0600858$ & $-0.0261964$ & $0.066459$ & $-0.0441024$ & $-0.00434019$ & $1$ & $-0.102375$ & $0.0246113$ & $0.011026$ & $0.00606772$ & $0.0101777$ & $-0.00222806$ & $-0.00172962$ & $0.011563$ & $0.00490855$ & $0.000479791$ & $0.0180952$ & $-0.00741974$ & $-0.011113$ & $0.00409796$ \\
eHggpar & $-0.00338552$ & $0.0118725$ & $0.0166659$ & $0.00788228$ & $-0.000278706$ & $-0.00503176$ & $-0.0190645$ & $-0.00570078$ & $-0.0176696$ & $0.0229343$ & $-0.000533303$ & $0.0254976$ & $-0.0105561$ & $0.0128894$ & $0.00845751$ & $0.00656518$ & $0.0157392$ & $1.49986e-06$ & $-6.48574e-05$ & $0.00114197$ & $-0.00658123$ & $0.000185269$ & $0.0026423$ & $0.00216678$ & $-0.00108365$ & $0.00177012$ & $-0.00693382$ & $-0.00404002$ & $-0.0200746$ & $-0.0323343$ & $-0.00517118$ & $0.0220327$ & $-0.023192$ & $-0.00448469$ & $-0.102375$ & $1$ & $0.0241349$ & $0.00481982$ & $0.0141711$ & $0.00320604$ & $-0.000835789$ & $0.00399656$ & $-0.0115631$ & $0.00530191$ & $-0.0134356$ & $0.000661024$ & $0.0019105$ & $0.0168734$ & $-0.00121098$ \\
eHWWint & $0.0085032$ & $-0.00648076$ & $0.00354191$ & $0.0142781$ & $-0.00385897$ & $0.00120183$ & $0.0239209$ & $0.0136574$ & $-0.00239149$ & $-0.0104182$ & $-0.0136619$ & $-0.0165298$ & $0.00385139$ & $-0.00436261$ & $0.00145252$ & $-0.00685137$ & $-0.00135611$ & $-0.000711059$ & $-0.00209807$ & $0.00130104$ & $-0.00179295$ & $0.00302539$ & $0.00012034$ & $-0.00346739$ & $-0.0034886$ & $0.00377075$ & $0.00312402$ & $-0.00474796$ & $-0.0126719$ & $-0.206695$ & $-0.113521$ & $-0.0207336$ & $-0.24488$ & $0.0102807$ & $0.0246113$ & $0.0241349$ & $1$ & $0.000386572$ & $0.0148606$ & $0.0076662$ & $0.00820062$ & $-0.000443773$ & $-0.0181511$ & $-0.004127$ & $0.0181004$ & $-0.0159873$ & $-0.0155656$ & $-0.00796814$ & $-0.0136665$ \\
eHWWpar & $-0.00797949$ & $0.00439956$ & $-0.00962608$ & $0.00751328$ & $-0.0080881$ & $0.00222251$ & $0.0128971$ & $-0.00118836$ & $-0.00791085$ & $0.00863441$ & $-0.00227345$ & $-0.00714634$ & $-0.00784065$ & $0.00996134$ & $0.00551307$ & $0.0021427$ & $0.0040074$ & $-0.00242364$ & $-0.00226137$ & $0.000347917$ & $0.00162202$ & $-0.00356784$ & $0.00159934$ & $0.00176167$ & $-0.000307736$ & $0.00061897$ & $-0.00191963$ & $0.00129002$ & $-0.0114596$ & $-0.0970943$ & $-0.0534355$ & $-0.00809771$ & $-0.111101$ & $-0.00332286$ & $0.011026$ & $0.00481982$ & $0.000386572$ & $1$ & $-0.000383515$ & $-0.00213077$ & $-0.0113441$ & $-0.00345071$ & $-0.00288701$ & $-0.00406389$ & $-0.000265956$ & $0.00700733$ & $-0.00446075$ & $-0.00899341$ & $-0.000455652$ \\
eHZZint & $-0.0101035$ & $0.000521611$ & $0.00196405$ & $0.0111283$ & $-0.00390603$ & $-0.00238517$ & $-0.00548429$ & $0.00406949$ & $-0.000131629$ & $0.00367834$ & $-0.00393562$ & $-0.00354772$ & $0.00545128$ & $-0.00113556$ & $-0.00468722$ & $-0.00152268$ & $0.000269239$ & $0.000636448$ & $0.000783827$ & $-0.00166684$ & $0.000471847$ & $0.00321178$ & $0.00166786$ & $-0.006545$ & $0.000865233$ & $0.00893852$ & $0.00539235$ & $-0.00493893$ & $-0.0117646$ & $-0.0229357$ & $-0.00579916$ & $0.00283398$ & $-0.019776$ & $0.00513281$ & $0.00606772$ & $0.0141711$ & $0.0148606$ & $-0.000383515$ & $1$ & $-0.0293079$ & $0.00337555$ & $-3.03009e-05$ & $-0.0216306$ & $0.0122513$ & $0.00433037$ & $-0.00829582$ & $0.00510997$ & $0.0298366$ & $0.00659515$ \\
eHZZpar & $0.000625596$ & $0.00561883$ & $-0.00480604$ & $0.000679393$ & $-0.000945432$ & $0.00330868$ & $-0.00283451$ & $0.00111327$ & $-0.000939174$ & $0.0061491$ & $-0.00213816$ & $-0.0103249$ & $-0.00459602$ & $0.00474955$ & $0.00266612$ & $-0.00363012$ & $0.00606993$ & $-0.00115011$ & $0.00297202$ & $0.00411466$ & $0.00307606$ & $-0.00127446$ & $-0.00546873$ & $0.00109187$ & $0.0012465$ & $0.0013415$ & $-0.00401072$ & $0.00335386$ & $0.00122832$ & $-0.0198507$ & $-0.00877312$ & $-0.000244603$ & $-0.0187262$ & $0.000903401$ & $0.0101777$ & $0.00320604$ & $0.0076662$ & $-0.00213077$ & $-0.0293079$ & $1$ & $0.00708697$ & $0.000888484$ & $0.0112329$ & $-0.00294148$ & $0.00594144$ & $-0.00710296$ & $-0.00848019$ & $-0.00596823$ & $0.000203248$ \\
eHZgaint & $0.0223497$ & $-0.000275564$ & $-0.00965685$ & $0.00335068$ & $-0.0098047$ & $-0.00298872$ & $0.00100295$ & $-0.00451452$ & $-0.00296696$ & $-0.0282002$ & $0.00594198$ & $0.00489964$ & $0.0109172$ & $-0.0212455$ & $-0.000974063$ & $0.000400084$ & $-0.0181386$ & $-0.00526546$ & $-0.00705956$ & $-0.00210343$ & $-0.00333655$ & $0.0047197$ & $0.00104717$ & $-0.00669602$ & $-0.00564471$ & $-0.00338744$ & $0.00112805$ & $0.00164591$ & $0.00943956$ & $0.00464766$ & $-0.00304827$ & $-3.7192e-05$ & $-0.0078043$ & $-0.00540049$ & $-0.00222806$ & $-0.000835789$ & $0.00820062$ & $-0.0113441$ & $0.00337555$ & $0.00708697$ & $1$ & $-0.00229704$ & $0.00860183$ & $-0.0143962$ & $0.0279821$ & $0.00208307$ & $-0.0108732$ & $-0.01027$ & $-0.0139367$ \\
eHZgapar & $0.013075$ & $-0.00212378$ & $-0.00456253$ & $-0.00176521$ & $0.000110983$ & $-0.00316539$ & $0.00162951$ & $0.00911436$ & $0.00901176$ & $-0.00585034$ & $-0.00571554$ & $-0.000580777$ & $0.00296472$ & $-0.0062962$ & $-0.00278276$ & $-0.0046678$ & $-0.000541489$ & $-0.00223935$ & $-0.00722795$ & $0.00555962$ & $0.0118097$ & $0.00273837$ & $-0.00905609$ & $0.0017719$ & $-0.0117281$ & $0.00310614$ & $0.00183212$ & $-0.00288264$ & $0.00387521$ & $-0.00304034$ & $-0.000276379$ & $0.00303271$ & $8.66683e-05$ & $0.00769791$ & $-0.00172962$ & $0.00399656$ & $-0.000443773$ & $-0.00345071$ & $-3.03009e-05$ & $0.000888484$ & $-0.00229704$ & $1$ & $0.00128966$ & $-0.0104867$ & $-0.0108509$ & $0.00380509$ & $-0.00781951$ & $-0.00406176$ & $-0.00256368$ \\
eHgagaint & $-0.00192193$ & $0.0115542$ & $0.00217635$ & $0.00575583$ & $0.00609601$ & $-0.00164392$ & $0.000299704$ & $-0.00249246$ & $0.0855062$ & $-0.0110009$ & $0.00331848$ & $-0.0140712$ & $-0.00307874$ & $-0.00688799$ & $0.00699834$ & $0.00890369$ & $-0.0053861$ & $-0.00508031$ & $-0.00616282$ & $0.0035749$ & $-0.00403261$ & $-0.00311388$ & $0.000539369$ & $-0.00126297$ & $-0.00571894$ & $-0.00306246$ & $-0.00770606$ & $-0.00431809$ & $-0.00106306$ & $-0.000946706$ & $0.00171721$ & $0.000409918$ & $-0.00582742$ & $-0.00329839$ & $0.011563$ & $-0.0115631$ & $-0.0181511$ & $-0.00288701$ & $-0.0216306$ & $0.0112329$ & $0.00860183$ & $0.00128966$ & $1$ & $0.00682147$ & $-0.00921809$ & $0.0146802$ & $0.0119197$ & $-0.00337056$ & $-0.00977259$ \\
eHmumuint & $-0.0014096$ & $-0.00513991$ & $-0.0140165$ & $-0.0126006$ & $0.00419256$ & $-0.00270549$ & $0.0117813$ & $0.0019132$ & $0.00133989$ & $0.00936016$ & $-0.00469485$ & $0.00348434$ & $0.00384843$ & $0.00518792$ & $0.00398911$ & $0.00679718$ & $0.00979713$ & $0.00231505$ & $7.92015e-05$ & $0.00519961$ & $-0.000459769$ & $-0.00162799$ & $-0.00514121$ & $0.00588295$ & $0.00234839$ & $0.00434993$ & $-0.00287653$ & $0.00245048$ & $0.0154288$ & $-0.00134044$ & $-0.00785158$ & $0.0141403$ & $-0.0051187$ & $-2.52308e-05$ & $0.00490855$ & $0.00530191$ & $-0.004127$ & $-0.00406389$ & $0.0122513$ & $-0.00294148$ & $-0.0143962$ & $-0.0104867$ & $0.00682147$ & $1$ & $0.00315583$ & $0.00277315$ & $-0.00745984$ & $-0.00273947$ & $-0.00229633$ \\
eHtautauint & $0.0150753$ & $-0.00890323$ & $0.00230412$ & $0.00657537$ & $-0.00399382$ & $0.00181293$ & $-0.00278561$ & $-0.0041412$ & $-0.00647515$ & $-0.000550647$ & $0.00573266$ & $-0.002203$ & $0.000475187$ & $0.000436086$ & $0.003546$ & $-0.00953484$ & $0.00310868$ & $-0.00153937$ & $0.0104531$ & $-0.004203$ & $-0.00170565$ & $0.00537927$ & $-0.00294765$ & $-0.00310922$ & $0.00238241$ & $0.0115359$ & $0.00640273$ & $0.00159832$ & $-0.00141892$ & $0.075714$ & $-0.00899122$ & $-0.00674247$ & $-0.014146$ & $-0.00509659$ & $0.000479791$ & $-0.0134356$ & $0.0181004$ & $-0.000265956$ & $0.00433037$ & $0.00594144$ & $0.0279821$ & $-0.0108509$ & $-0.00921809$ & $0.00315583$ & $1$ & $0.0265977$ & $-0.0032744$ & $0.000668961$ & $-0.00243507$ \\
eHccint & $0.00258165$ & $-0.00605528$ & $-0.000366839$ & $-0.000876907$ & $0.0089215$ & $0.00253146$ & $-0.00645248$ & $-0.00178615$ & $-0.0010514$ & $0.0021699$ & $-0.00335169$ & $-0.00367039$ & $-0.00258673$ & $0.00654119$ & $-0.00491891$ & $0.00231461$ & $0.00271447$ & $0.00878953$ & $0.0020115$ & $0.000977854$ & $0.000792625$ & $0.00601303$ & $0.0124864$ & $0.00615403$ & $0.00499645$ & $-0.00529079$ & $0.00398608$ & $0.0033641$ & $-0.000121262$ & $0.00954107$ & $0.0840911$ & $-0.00221001$ & $0.00694251$ & $-0.000332428$ & $0.0180952$ & $0.000661024$ & $-0.0159873$ & $0.00700733$ & $-0.00829582$ & $-0.00710296$ & $0.00208307$ & $0.00380509$ & $0.0146802$ & $0.00277315$ & $0.0265977$ & $1$ & $0.0144971$ & $-0.0105059$ & $0.00613299$ \\
eHccpar & $-0.0149305$ & $-0.00998539$ & $-0.0041749$ & $-6.43908e-05$ & $0.00537982$ & $0.00328704$ & $-0.00209977$ & $0.00024426$ & $0.00223853$ & $0.00165212$ & $0.00188603$ & $0.000121856$ & $-0.00251473$ & $0.00175743$ & $-0.00589844$ & $-0.00260001$ & $0.00352604$ & $0.00776415$ & $0.0027886$ & $-0.00238884$ & $0.00170537$ & $0.000430798$ & $9.94632e-05$ & $-0.00248538$ & $0.00687392$ & $0.0039153$ & $0.00734322$ & $6.02541e-05$ & $0.00181926$ & $-0.0026436$ & $0.411614$ & $-0.000321614$ & $0.016709$ & $0.00430348$ & $-0.00741974$ & $0.0019105$ & $-0.0155656$ & $-0.00446075$ & $0.00510997$ & $-0.00848019$ & $-0.0108732$ & $-0.00781951$ & $0.0119197$ & $-0.00745984$ & $-0.0032744$ & $0.0144971$ & $1$ & $0.00525797$ & $0.0240699$ \\
eHbbint & $0.0110628$ & $-0.00169058$ & $-0.00898411$ & $0.0106544$ & $-0.00683924$ & $0.000547691$ & $0.0042331$ & $0.000312254$ & $-0.000561942$ & $-0.00400499$ & $0.000989311$ & $-0.00129646$ & $-0.00113603$ & $-0.00634958$ & $-0.00150609$ & $-0.00463411$ & $-0.000413422$ & $-0.000209288$ & $0.00429557$ & $-0.00218039$ & $-0.00399695$ & $-0.00171775$ & $-0.00368017$ & $-0.00474306$ & $-0.00492924$ & $-0.000960872$ & $-0.00662887$ & $-0.0058102$ & $0.00855846$ & $0.000603501$ & $0.00211365$ & $0.00760465$ & $0.177913$ & $0.00230009$ & $-0.011113$ & $0.0168734$ & $-0.00796814$ & $-0.00899341$ & $0.0298366$ & $-0.00596823$ & $-0.01027$ & $-0.00406176$ & $-0.00337056$ & $-0.00273947$ & $0.000668961$ & $-0.0105059$ & $0.00525797$ & $1$ & $-0.00281357$ \\
eHbbpar & $-0.00545925$ & $-0.000784402$ & $-0.0029505$ & $0.000292701$ & $-0.00394333$ & $-0.0101867$ & $-0.00912446$ & $-0.0012985$ & $-0.0031424$ & $0.00498369$ & $-0.000781084$ & $0.00839565$ & $0.0085784$ & $0.00315611$ & $0.00179138$ & $0.00915684$ & $0.00162016$ & $0.00201919$ & $-0.00686529$ & $-0.000985745$ & $0.00771177$ & $-0.00256671$ & $0.000109697$ & $-0.000531533$ & $0.000432301$ & $-0.00376835$ & $-0.00499799$ & $0.00879113$ & $-0.00013967$ & $0.00266324$ & $0.00795833$ & $0.000117331$ & $0.547186$ & $-0.000621684$ & $0.00409796$ & $-0.00121098$ & $-0.0136665$ & $-0.000455652$ & $0.00659515$ & $0.000203248$ & $-0.0139367$ & $-0.00256368$ & $-0.00977259$ & $-0.00229633$ & $-0.00243507$ & $0.00613299$ & $0.0240699$ & $-0.00281357$ & $1$ \\
