 & AlsMz & dAle5Mz & mtop & mHl & Mz & CW & CHG & CHWB & CHWHB_gaga & CHWHB_gagaorth & CHD & CHbox & CH & CHL1_11 & CHL1_22 & CHL1_33 & CHL3_11 & CHL3_22 & CHL3_33 & CHe_11 & CHe_22 & CHe_33 & CHQ1_11 & CHQ1_33 & CHQ3_11 & CHu_11 & CHd_11 & CHd_33 & CeH_22r & CeH_33r & CuH_22r & CuH_33r & CdH_33r & CLL_1221 & eHggint & eHggpar & eHWWint & eHWWpar & eHZZint & eHZZpar & eHZgaint & eHZgapar & eHgagaint & eHmumuint & eHtautauint & eHccint & eHccpar & eHbbint & eHbbpar \\
AlsMz & $1$ & $0.134183$ & $-0.100678$ & $-0.0889346$ & $0.00397017$ & $0.00198406$ & $0.00933719$ & $-0.0269316$ & $-0.0195806$ & $0.024981$ & $0.000918304$ & $0.0200058$ & $-0.0177066$ & $0.0198467$ & $0.00507047$ & $0.00588775$ & $0.0332878$ & $0.0264212$ & $0.0261068$ & $-0.00476883$ & $-0.00802669$ & $-0.0088064$ & $-0.0210322$ & $-0.018633$ & $-0.0825718$ & $-0.024978$ & $-0.0470367$ & $0.0124213$ & $0.0022615$ & $-0.018402$ & $0.00512463$ & $0.00559329$ & $-0.0173384$ & $-0.0173786$ & $0.000707268$ & $0.017436$ & $0.0165378$ & $-0.0096968$ & $-0.0540225$ & $-0.0100099$ & $0.00341396$ & $0.0206595$ & $0.113887$ & $0.0832791$ & $-0.155999$ & $0.0445032$ & $0.0327995$ & $0.0607519$ & $-0.0359394$ \\
dAle5Mz & $0.134183$ & $1$ & $0.0311123$ & $0.0267996$ & $-0.00688006$ & $0.00387092$ & $0.0138154$ & $-0.082292$ & $-0.0748706$ & $0.0384954$ & $0.0627842$ & $0.0435904$ & $-0.0164193$ & $-0.0167474$ & $-0.0234962$ & $-0.0226038$ & $0.0192916$ & $0.0230508$ & $0.0218979$ & $-0.0396335$ & $-0.0385783$ & $-0.0376057$ & $-0.00720235$ & $0.0136152$ & $0.0046371$ & $0.0160703$ & $-0.0195677$ & $-0.0114859$ & $-0.00874703$ & $0.00717497$ & $0.00395648$ & $0.0265691$ & $-0.000774953$ & $0.0138427$ & $0.0668469$ & $0.101653$ & $-0.1185$ & $-0.00471703$ & $-0.076709$ & $0.0409184$ & $-0.0673017$ & $-0.00526231$ & $0.0929594$ & $-0.0928233$ & $0.000702941$ & $-0.0956534$ & $0.0404799$ & $0.0936021$ & $-0.0411985$ \\
mtop & $-0.100678$ & $0.0311123$ & $1$ & $-0.11743$ & $-0.0111136$ & $0.0158544$ & $0.00394761$ & $-0.00762359$ & $-0.00151234$ & $0.00521056$ & $0.015839$ & $0.00823572$ & $-0.00618272$ & $-0.00290392$ & $-0.0108124$ & $0.0117177$ & $-0.00126827$ & $0.00813092$ & $-0.0122006$ & $-0.0064396$ & $-0.00777571$ & $-0.00788924$ & $0.0023982$ & $0.0166026$ & $0.00753526$ & $-0.000616402$ & $-0.00545315$ & $-0.00597479$ & $0.00352826$ & $0.00661777$ & $-0.0156984$ & $0.0160045$ & $0.00635332$ & $0.00785911$ & $0.0325111$ & $0.0490728$ & $-0.0737026$ & $-0.00452974$ & $-0.026304$ & $-0.00860528$ & $-0.0266866$ & $0.00697606$ & $0.114091$ & $-0.0252041$ & $-0.0345049$ & $-0.105053$ & $-0.0191956$ & $-0.0308497$ & $-0.00186688$ \\
mHl & $-0.0889346$ & $0.0267996$ & $-0.11743$ & $1$ & $-0.00749057$ & $0.00310676$ & $0.0115756$ & $0.00790096$ & $0.0162037$ & $-0.00903412$ & $-0.0121572$ & $-0.0194063$ & $0.0112686$ & $0.0121733$ & $0.015644$ & $0.0078267$ & $0.00532141$ & $-0.0040913$ & $0.00221765$ & $0.0122982$ & $0.0115885$ & $0.0127017$ & $0.00623734$ & $0.00674286$ & $0.0101076$ & $-0.0119927$ & $-0.000779857$ & $0.00811465$ & $0.00474995$ & $0.013173$ & $0.0254499$ & $0.0123749$ & $0.0458498$ & $-0.00527291$ & $-0.0261923$ & $-0.0116246$ & $-0.0567078$ & $-0.00727535$ & $-0.111905$ & $0.00821396$ & $-0.000202027$ & $0.0123202$ & $0.134175$ & $0.014978$ & $-0.0297129$ & $0.0825341$ & $0.0261334$ & $0.0540686$ & $0.0327384$ \\
Mz & $0.00397017$ & $-0.00688006$ & $-0.0111136$ & $-0.00749057$ & $1$ & $0.00233623$ & $-0.00536161$ & $0.00557468$ & $0.00437039$ & $0.00168452$ & $-0.00465482$ & $-0.00415541$ & $-0.00650217$ & $0.0178628$ & $0.0146475$ & $0.0108027$ & $0.0151257$ & $0.00302802$ & $0.00669247$ & $0.0127768$ & $0.0131059$ & $0.0127291$ & $-0.00586476$ & $0.00814967$ & $0.00505822$ & $-0.00429483$ & $-0.00434148$ & $0.00330326$ & $-0.00255787$ & $-0.0131263$ & $-0.00212071$ & $-0.00801217$ & $-0.00306221$ & $-0.00859388$ & $0.00843837$ & $-0.00229251$ & $-0.00268081$ & $-0.00281943$ & $-0.00411987$ & $-0.00264157$ & $0.00654355$ & $0.00549219$ & $0.0167298$ & $-0.000503626$ & $-0.0120016$ & $0.00932245$ & $-0.00703909$ & $-0.000602762$ & $0.0122824$ \\
CW & $0.00198406$ & $0.00387092$ & $0.0158544$ & $0.00310676$ & $0.00233623$ & $1$ & $0.00847145$ & $-0.109077$ & $-0.103878$ & $0.00776428$ & $0.170868$ & $0.0356256$ & $0.00770452$ & $0.0211626$ & $-0.0773959$ & $-0.0797729$ & $-0.258754$ & $-0.0547065$ & $-0.0503842$ & $-0.170011$ & $-0.172661$ & $-0.168282$ & $-0.0079554$ & $-0.0103538$ & $-0.0842025$ & $0.107387$ & $-0.0571513$ & $-0.0590288$ & $0.00564381$ & $-0.00231077$ & $-0.000201046$ & $0.0119263$ & $-0.00697933$ & $-0.108474$ & $0.00455528$ & $0.0091454$ & $0.00273294$ & $0.00992999$ & $-0.00393246$ & $0.00618096$ & $-0.00318943$ & $0.00354882$ & $0.00471122$ & $0.0116497$ & $0.0061685$ & $-0.00279037$ & $0.00424898$ & $-0.0101332$ & $-0.00927742$ \\
CHG & $0.00933719$ & $0.0138154$ & $0.00394761$ & $0.0115756$ & $-0.00536161$ & $0.00847145$ & $1$ & $-0.115484$ & $-0.0638574$ & $0.078441$ & $0.0666496$ & $0.165667$ & $-0.315834$ & $0.0627558$ & $-0.0293953$ & $-0.0284872$ & $0.095915$ & $0.111523$ & $0.108301$ & $-0.0655911$ & $-0.0699141$ & $-0.070024$ & $-0.0106035$ & $0.11567$ & $0.103948$ & $0.0362774$ & $-0.048076$ & $-0.0273626$ & $0.00642708$ & $-0.133554$ & $-0.0633671$ & $0.928785$ & $-0.169429$ & $-0.0684196$ & $-0.0212866$ & $-0.0162854$ & $0.00568769$ & $0.00575111$ & $-0.0224915$ & $-0.0112832$ & $-0.0182101$ & $0.00522759$ & $0.0231919$ & $0.000553989$ & $-0.0192961$ & $0.00169961$ & $0.00101853$ & $-0.0198935$ & $-0.0109589$ \\
CHWB & $-0.0269316$ & $-0.082292$ & $-0.00762359$ & $0.00790096$ & $0.00557468$ & $-0.109077$ & $-0.115484$ & $1$ & $0.983828$ & $-0.57118$ & $-0.878488$ & $-0.418599$ & $0.346727$ & $0.0873568$ & $0.29442$ & $0.300495$ & $-0.249493$ & $-0.440287$ & $-0.447082$ & $0.849262$ & $0.89582$ & $0.87824$ & $0.0670739$ & $-0.673212$ & $-0.407616$ & $-0.506204$ & $0.422739$ & $0.306896$ & $0.0282602$ & $0.102262$ & $0.051122$ & $-0.108629$ & $0.119274$ & $0.564886$ & $-0.00971171$ & $-0.00946101$ & $0.00159801$ & $-0.00694869$ & $0.0111603$ & $-0.0026694$ & $0.00821094$ & $-0.0005179$ & $0.00263449$ & $0.0177206$ & $-0.000810171$ & $0.0116685$ & $-0.0109282$ & $-0.00301826$ & $0.00851321$ \\
CHWHB_gaga & $-0.0195806$ & $-0.0748706$ & $-0.00151234$ & $0.0162037$ & $0.00437039$ & $-0.103878$ & $-0.0638574$ & $0.983828$ & $1$ & $-0.561776$ & $-0.860748$ & $-0.395917$ & $0.341839$ & $0.0787391$ & $0.289701$ & $0.294311$ & $-0.252956$ & $-0.44007$ & $-0.445767$ & $0.832224$ & $0.878019$ & $0.860588$ & $0.0657194$ & $-0.667156$ & $-0.407294$ & $-0.496193$ & $0.416156$ & $0.301261$ & $0.0353553$ & $0.128686$ & $0.068153$ & $-0.0667672$ & $0.145987$ & $0.555708$ & $-0.0371085$ & $-0.0165829$ & $-0.0207716$ & $-0.00691943$ & $0.00813531$ & $-0.00445786$ & $0.0069671$ & $0.000399897$ & $0.0702646$ & $0.0123853$ & $0.00328688$ & $0.0164325$ & $-0.00507271$ & $-0.00902$ & $0.0102333$ \\
CHWHB_gagaorth & $0.024981$ & $0.0384954$ & $0.00521056$ & $-0.00903412$ & $0.00168452$ & $0.00776428$ & $0.078441$ & $-0.57118$ & $-0.561776$ & $1$ & $0.352609$ & $0.668849$ & $-0.25205$ & $0.242684$ & $-0.11974$ & $-0.131938$ & $0.441929$ & $0.495309$ & $0.502152$ & $-0.338787$ & $-0.368695$ & $-0.362347$ & $-0.0538445$ & $0.555516$ & $0.483559$ & $0.211634$ & $-0.238183$ & $-0.127773$ & $-0.0236672$ & $-0.125482$ & $-0.065977$ & $0.0946109$ & $-0.130979$ & $-0.354897$ & $0.0488518$ & $0.0262347$ & $-0.00638926$ & $0.0119517$ & $-0.00850083$ & $-0.00449371$ & $-0.045906$ & $0.00601961$ & $-0.017179$ & $-0.00901054$ & $-0.00555766$ & $-0.0157221$ & $0.00572506$ & $0.00109326$ & $0.0135461$ \\
CHD & $0.000918304$ & $0.0627842$ & $0.015839$ & $-0.0121572$ & $-0.00465482$ & $0.170868$ & $0.0666496$ & $-0.878488$ & $-0.860748$ & $0.352609$ & $1$ & $0.340945$ & $-0.175321$ & $-0.505438$ & $-0.421952$ & $-0.420085$ & $-0.208392$ & $0.0731879$ & $0.0794813$ & $-0.990253$ & $-0.991037$ & $-0.970005$ & $-0.00944761$ & $0.307843$ & $0.0285058$ & $0.563781$ & $-0.28837$ & $-0.340221$ & $-0.0144297$ & $-0.055178$ & $-0.0282931$ & $0.072842$ & $-0.0713343$ & $-0.365736$ & $0.0113474$ & $0.0116454$ & $-0.00335072$ & $0.00656419$ & $-0.0111771$ & $0.00387121$ & $0.00102012$ & $0.00318752$ & $0.00388712$ & $-0.0178487$ & $0.0155964$ & $-0.0190785$ & $0.0106419$ & $-0.00602382$ & $-0.00973402$ \\
CHbox & $0.0200058$ & $0.0435904$ & $0.00823572$ & $-0.0194063$ & $-0.00415541$ & $0.0356256$ & $0.165667$ & $-0.418599$ & $-0.395917$ & $0.668849$ & $0.340945$ & $1$ & $-0.548524$ & $0.00760016$ & $-0.0729834$ & $-0.0854482$ & $0.147818$ & $0.20099$ & $0.211755$ & $-0.320259$ & $-0.354337$ & $-0.344379$ & $-0.0452847$ & $0.313164$ & $0.193332$ & $0.200344$ & $-0.215973$ & $-0.132332$ & $-0.0164462$ & $0.0122525$ & $-0.0353465$ & $0.208294$ & $0.0085533$ & $-0.278678$ & $0.0701749$ & $0.0387755$ & $-0.00946726$ & $0.0158213$ & $-0.00579713$ & $-0.00366643$ & $-0.0318573$ & $0.00451501$ & $-0.0187988$ & $-0.0084844$ & $0.00163958$ & $-0.0206816$ & $-0.00525144$ & $-0.00355936$ & $0.011326$ \\
CH & $-0.0177066$ & $-0.0164193$ & $-0.00618272$ & $0.0112686$ & $-0.00650217$ & $0.00770452$ & $-0.315834$ & $0.346727$ & $0.341839$ & $-0.25205$ & $-0.175321$ & $-0.548524$ & $1$ & $-0.229982$ & $0.070019$ & $0.0777083$ & $-0.346623$ & $-0.370649$ & $-0.37541$ & $0.170741$ & $0.186238$ & $0.181778$ & $0.0322072$ & $-0.380051$ & $-0.356591$ & $-0.10186$ & $0.143785$ & $0.070471$ & $0.0565897$ & $0.276058$ & $0.118213$ & $-0.258575$ & $0.331393$ & $0.216213$ & $0.0250364$ & $0.0109238$ & $-0.00819081$ & $-0.00598143$ & $-0.00579625$ & $0.00649894$ & $-0.00268185$ & $4.96776e-05$ & $0.00336218$ & $-0.00752177$ & $0.00806777$ & $-0.00724253$ & $0.00361067$ & $-0.00235401$ & $0.00472335$ \\
CHL1_11 & $0.0198467$ & $-0.0167474$ & $-0.00290392$ & $0.0121733$ & $0.0178628$ & $0.0211626$ & $0.0627558$ & $0.0873568$ & $0.0787391$ & $0.242684$ & $-0.505438$ & $0.00760016$ & $-0.229982$ & $1$ & $0.276488$ & $0.263092$ & $0.664814$ & $0.598871$ & $0.597103$ & $0.523938$ & $0.465398$ & $0.451486$ & $-0.0836769$ & $0.478597$ & $0.600933$ & $-0.26608$ & $-0.102614$ & $0.162909$ & $-0.0157644$ & $-0.0634257$ & $-0.026066$ & $0.0370087$ & $-0.0618771$ & $-0.223165$ & $-0.00930129$ & $0.000464634$ & $0.00601579$ & $0.0021722$ & $0.00570749$ & $-0.0044259$ & $-0.0197038$ & $-0.00518679$ & $-0.00900639$ & $0.00616942$ & $-0.0234935$ & $0.0143062$ & $0.000919373$ & $0.0145707$ & $0.00244138$ \\
CHL1_22 & $0.00507047$ & $-0.0234962$ & $-0.0108124$ & $0.015644$ & $0.0146475$ & $-0.0773959$ & $-0.0293953$ & $0.29442$ & $0.289701$ & $-0.11974$ & $-0.421952$ & $-0.0729834$ & $0.070019$ & $0.276488$ & $1$ & $0.461559$ & $0.167993$ & $-0.442547$ & $-0.0379673$ & $0.488418$ & $0.337415$ & $0.328438$ & $-0.181031$ & $0.113563$ & $-0.135524$ & $-0.196725$ & $-0.404857$ & $0.123374$ & $0.00812229$ & $0.0284669$ & $0.0102765$ & $-0.0260878$ & $0.030539$ & $-0.592659$ & $0.00847185$ & $-0.0102137$ & $0.0136871$ & $-0.00115595$ & $0.00860039$ & $0.00825675$ & $-0.0152145$ & $-0.00229924$ & $-0.00791523$ & $-0.00440528$ & $-0.0180224$ & $0.00630531$ & $-0.0114441$ & $-0.0015949$ & $-0.00453873$ \\
CHL1_33 & $0.00588775$ & $-0.0226038$ & $0.0117177$ & $0.0078267$ & $0.0108027$ & $-0.0797729$ & $-0.0284872$ & $0.300495$ & $0.294311$ & $-0.131938$ & $-0.420085$ & $-0.0854482$ & $0.0777083$ & $0.263092$ & $0.461559$ & $1$ & $0.155049$ & $-0.0436683$ & $-0.437959$ & $0.485208$ & $0.338818$ & $0.356514$ & $-0.179439$ & $0.101187$ & $-0.14214$ & $-0.194237$ & $-0.390067$ & $0.124173$ & $0.0030922$ & $0.028572$ & $0.0119564$ & $-0.0273642$ & $0.0307355$ & $-0.107874$ & $0.00044412$ & $-0.00930262$ & $0.00515373$ & $0.00700592$ & $0.0148907$ & $0.00221205$ & $0.00267633$ & $-0.0077732$ & $-0.0116019$ & $0.000393784$ & $-0.00878065$ & $-0.000657903$ & $-0.014349$ & $0.0105921$ & $-0.00717554$ \\
CHL3_11 & $0.0332878$ & $0.0192916$ & $-0.00126827$ & $0.00532141$ & $0.0151257$ & $-0.258754$ & $0.095915$ & $-0.249493$ & $-0.252956$ & $0.441929$ & $-0.208392$ & $0.147818$ & $-0.346623$ & $0.664814$ & $0.167993$ & $0.155049$ & $1$ & $0.738689$ & $0.73926$ & $0.231544$ & $0.175421$ & $0.169131$ & $-0.0763508$ & $0.682312$ & $0.775668$ & $-0.107017$ & $-0.16959$ & $0.0579157$ & $-0.0279132$ & $-0.0965006$ & $-0.0535445$ & $0.0691871$ & $-0.0967033$ & $-0.261539$ & $-0.00612293$ & $-0.0123845$ & $0.00551116$ & $-0.00144256$ & $-0.000627352$ & $-0.00441363$ & $-0.0104816$ & $-0.00351847$ & $-0.0140789$ & $0.00329746$ & $-0.0290229$ & $0.0190211$ & $-0.00735566$ & $0.0153611$ & $0.00741685$ \\
CHL3_22 & $0.0264212$ & $0.0230508$ & $0.00813092$ & $-0.0040913$ & $0.00302802$ & $-0.0547065$ & $0.111523$ & $-0.440287$ & $-0.44007$ & $0.495309$ & $0.0731879$ & $0.20099$ & $-0.370649$ & $0.598871$ & $-0.442547$ & $-0.0436683$ & $0.738689$ & $1$ & $0.68663$ & $-0.075931$ & $-0.0677178$ & $-0.0654946$ & $0.00624574$ & $0.624106$ & $0.79827$ & $0.0352141$ & $-0.00496298$ & $-0.0264134$ & $-0.0315233$ & $-0.1082$ & $-0.0504745$ & $0.0848394$ & $-0.111324$ & $0.023828$ & $-0.00987696$ & $0.000374015$ & $-0.00392416$ & $0.002537$ & $-0.00318892$ & $-0.00884495$ & $-0.00495419$ & $-0.00386593$ & $-0.00924595$ & $0.00371718$ & $-0.0129514$ & $0.0104192$ & $0.00598663$ & $0.0157696$ & $0.00700629$ \\
CHL3_33 & $0.0261068$ & $0.0218979$ & $-0.0122006$ & $0.00221765$ & $0.00669247$ & $-0.0503842$ & $0.108301$ & $-0.447082$ & $-0.445767$ & $0.502152$ & $0.0794813$ & $0.211755$ & $-0.37541$ & $0.597103$ & $-0.0379673$ & $-0.437959$ & $0.73926$ & $0.68663$ & $1$ & $-0.0818023$ & $-0.0745978$ & $-0.0719905$ & $0.0071447$ & $0.627337$ & $0.801206$ & $0.0390756$ & $-0.00760226$ & $-0.0322454$ & $-0.0256064$ & $-0.109798$ & $-0.0528165$ & $0.0833675$ & $-0.112662$ & $-0.345551$ & $-0.00602067$ & $7.67676e-05$ & $0.0034566$ & $-0.00277835$ & $-0.00736611$ & $-0.00507607$ & $-0.0167156$ & $-0.00041742$ & $-0.00923192$ & $0.00288708$ & $-0.0236762$ & $0.0153999$ & $0.00740302$ & $0.00475441$ & $0.00645555$ \\
CHe_11 & $-0.00476883$ & $-0.0396335$ & $-0.0064396$ & $0.0122982$ & $0.0127768$ & $-0.170011$ & $-0.0655911$ & $0.849262$ & $0.832224$ & $-0.338787$ & $-0.990253$ & $-0.320259$ & $0.170741$ & $0.523938$ & $0.488418$ & $0.485208$ & $0.231544$ & $-0.075931$ & $-0.0818023$ & $1$ & $0.972452$ & $0.952409$ & $-0.016832$ & $-0.253486$ & $-0.0227404$ & $-0.553664$ & $0.211888$ & $0.335023$ & $0.0127975$ & $0.0554722$ & $0.0293432$ & $-0.0702325$ & $0.0713976$ & $0.285968$ & $-0.00765048$ & $-0.0101912$ & $-0.000134235$ & $-0.00625528$ & $0.0108204$ & $-0.00208645$ & $-0.00409809$ & $-0.00443268$ & $-0.00424484$ & $0.0135675$ & $-0.0158911$ & $0.0160887$ & $-0.00936264$ & $0.00748755$ & $0.00893299$ \\
CHe_22 & $-0.00802669$ & $-0.0385783$ & $-0.00777571$ & $0.0115885$ & $0.0131059$ & $-0.172661$ & $-0.0699141$ & $0.89582$ & $0.878019$ & $-0.368695$ & $-0.991037$ & $-0.354337$ & $0.186238$ & $0.465398$ & $0.337415$ & $0.338818$ & $0.175421$ & $-0.0677178$ & $-0.0745978$ & $0.972452$ & $1$ & $0.975008$ & $0.0383952$ & $-0.36377$ & $-0.0337024$ & $-0.566395$ & $0.369695$ & $0.341382$ & $0.0154674$ & $0.05742$ & $0.0291485$ & $-0.0755383$ & $0.0742111$ & $0.452716$ & $-0.00986449$ & $-0.00779964$ & $-0.0015221$ & $-0.00743699$ & $0.00849768$ & $-0.00378653$ & $-0.00143158$ & $-0.00235047$ & $-0.000436822$ & $0.0158531$ & $-0.0129864$ & $0.0157457$ & $-0.00861299$ & $0.00716636$ & $0.0100481$ \\
CHe_33 & $-0.0088064$ & $-0.0376057$ & $-0.00788924$ & $0.0127017$ & $0.0127291$ & $-0.168282$ & $-0.070024$ & $0.87824$ & $0.860588$ & $-0.362347$ & $-0.970005$ & $-0.344379$ & $0.181778$ & $0.451486$ & $0.328438$ & $0.356514$ & $0.169131$ & $-0.0654946$ & $-0.0719905$ & $0.952409$ & $0.975008$ & $1$ & $0.0365273$ & $-0.35736$ & $-0.0326234$ & $-0.552457$ & $0.364372$ & $0.331834$ & $0.0178992$ & $0.0545$ & $0.0290067$ & $-0.0749014$ & $0.0720005$ & $0.448354$ & $-0.0112285$ & $-0.00628219$ & $-0.00174358$ & $-0.00549433$ & $0.00591291$ & $-0.00183854$ & $-0.000729409$ & $-0.00393658$ & $-0.00235945$ & $0.01967$ & $-0.0146425$ & $0.0163132$ & $-0.0105872$ & $0.00912136$ & $0.00908014$ \\
CHQ1_11 & $-0.0210322$ & $-0.00720235$ & $0.0023982$ & $0.00623734$ & $-0.00586476$ & $-0.0079554$ & $-0.0106035$ & $0.0670739$ & $0.0657194$ & $-0.0538445$ & $-0.00944761$ & $-0.0452847$ & $0.0322072$ & $-0.0836769$ & $-0.181031$ & $-0.179439$ & $-0.0763508$ & $0.00624574$ & $0.0071447$ & $-0.016832$ & $0.0383952$ & $0.0365273$ & $1$ & $-0.139192$ & $0.0799016$ & $-0.670318$ & $0.353595$ & $0.0105297$ & $-0.00116774$ & $0.00794006$ & $0.000680086$ & $-0.0128912$ & $0.00740814$ & $0.207765$ & $-0.00407641$ & $-0.0107468$ & $-0.00579944$ & $-0.0114835$ & $-0.00525738$ & $-0.0151037$ & $0.0161454$ & $-0.00747878$ & $-0.00902172$ & $0.0102375$ & $-0.00688155$ & $0.0178821$ & $-0.00514351$ & $-0.00508154$ & $0.00332642$ \\
CHQ1_33 & $-0.018633$ & $0.0136152$ & $0.0166026$ & $0.00674286$ & $0.00814967$ & $-0.0103538$ & $0.11567$ & $-0.673212$ & $-0.667156$ & $0.555516$ & $0.307843$ & $0.313164$ & $-0.380051$ & $0.478597$ & $0.113563$ & $0.101187$ & $0.682312$ & $0.624106$ & $0.627337$ & $-0.253486$ & $-0.36377$ & $-0.35736$ & $-0.139192$ & $1$ & $0.644759$ & $0.201298$ & $-0.425944$ & $-0.0213273$ & $-0.0303185$ & $-0.107591$ & $-0.051261$ & $0.0970835$ & $-0.115707$ & $-0.636979$ & $0.00412036$ & $-0.00755395$ & $0.00261522$ & $0.00555537$ & $0.00207973$ & $0.00144796$ & $-0.0121411$ & $-0.00916194$ & $-0.0152655$ & $-0.011124$ & $-0.0125288$ & $0.00322605$ & $-0.000753707$ & $0.0038473$ & $0.0019048$ \\
CHQ3_11 & $-0.0825718$ & $0.0046371$ & $0.00753526$ & $0.0101076$ & $0.00505822$ & $-0.0842025$ & $0.103948$ & $-0.407616$ & $-0.407294$ & $0.483559$ & $0.0285058$ & $0.193332$ & $-0.356591$ & $0.600933$ & $-0.135524$ & $-0.14214$ & $0.775668$ & $0.79827$ & $0.801206$ & $-0.0227404$ & $-0.0337024$ & $-0.0326234$ & $0.0799016$ & $0.644759$ & $1$ & $0.0204388$ & $0.202327$ & $-0.015368$ & $-0.0281178$ & $-0.101245$ & $-0.0538313$ & $0.0786097$ & $-0.102293$ & $-0.204397$ & $-0.00659906$ & $-0.00708004$ & $0.00270414$ & $0.00417524$ & $0.0028806$ & $-0.00780882$ & $-0.00835021$ & $-0.0126811$ & $-0.0246934$ & $-0.00327943$ & $-0.00364408$ & $0.0093217$ & $0.000959661$ & $0.0115951$ & $0.00952417$ \\
CHu_11 & $-0.024978$ & $0.0160703$ & $-0.000616402$ & $-0.0119927$ & $-0.00429483$ & $0.107387$ & $0.0362774$ & $-0.506204$ & $-0.496193$ & $0.211634$ & $0.563781$ & $0.200344$ & $-0.10186$ & $-0.26608$ & $-0.196725$ & $-0.194237$ & $-0.107017$ & $0.0352141$ & $0.0390756$ & $-0.553664$ & $-0.566395$ & $-0.552457$ & $-0.670318$ & $0.201298$ & $0.0204388$ & $1$ & $-0.174776$ & $-0.196251$ & $-0.00750709$ & $-0.0367964$ & $-0.0153128$ & $0.0407176$ & $-0.044529$ & $-0.253245$ & $0.00912436$ & $0.0158094$ & $0.0136497$ & $0.012868$ & $0.00583258$ & $0.00457361$ & $-0.0053768$ & $0.00801902$ & $0.00311114$ & $-0.0158764$ & $0.0197737$ & $-0.0240878$ & $0.00197505$ & $-0.000576288$ & $-0.00827544$ \\
CHd_11 & $-0.0470367$ & $-0.0195677$ & $-0.00545315$ & $-0.000779857$ & $-0.00434148$ & $-0.0571513$ & $-0.048076$ & $0.422739$ & $0.416156$ & $-0.238183$ & $-0.28837$ & $-0.215973$ & $0.143785$ & $-0.102614$ & $-0.404857$ & $-0.390067$ & $-0.16959$ & $-0.00496298$ & $-0.00760226$ & $0.211888$ & $0.369695$ & $0.364372$ & $0.353595$ & $-0.425944$ & $0.202327$ & $-0.174776$ & $1$ & $0.106939$ & $0.0117321$ & $0.036435$ & $0.0169943$ & $-0.0490983$ & $0.0497739$ & $0.68775$ & $-0.00950572$ & $-0.00299007$ & $-0.00352089$ & $-0.00483768$ & $0.000403977$ & $-0.0110103$ & $0.0162146$ & $-0.00831632$ & $0.00421302$ & $0.0160188$ & $0.00791426$ & $0.00773167$ & $-0.000769148$ & $0.00413976$ & $0.01098$ \\
CHd_33 & $0.0124213$ & $-0.0114859$ & $-0.00597479$ & $0.00811465$ & $0.00330326$ & $-0.0590288$ & $-0.0273626$ & $0.306896$ & $0.301261$ & $-0.127773$ & $-0.340221$ & $-0.132332$ & $0.070471$ & $0.162909$ & $0.123374$ & $0.124173$ & $0.0579157$ & $-0.0264134$ & $-0.0322454$ & $0.335023$ & $0.341382$ & $0.331834$ & $0.0105297$ & $-0.0213273$ & $-0.015368$ & $-0.196251$ & $0.106939$ & $1$ & $0.0141074$ & $0.0132611$ & $0.00692992$ & $-0.0323334$ & $0.016355$ & $0.148129$ & $-0.00589885$ & $-0.0085471$ & $-0.00420657$ & $-0.00171271$ & $-0.00457131$ & $-0.015359$ & $-0.0062881$ & $-0.00383051$ & $0.0103358$ & $0.0072$ & $-0.0105857$ & $0.00494787$ & $-0.00743851$ & $0.0081858$ & $-0.00110498$ \\
CeH_22r & $0.0022615$ & $-0.00874703$ & $0.00352826$ & $0.00474995$ & $-0.00255787$ & $0.00564381$ & $0.00642708$ & $0.0282602$ & $0.0353553$ & $-0.0236672$ & $-0.0144297$ & $-0.0164462$ & $0.0565897$ & $-0.0157644$ & $0.00812229$ & $0.0030922$ & $-0.0279132$ & $-0.0315233$ & $-0.0256064$ & $0.0127975$ & $0.0154674$ & $0.0178992$ & $-0.00116774$ & $-0.0303185$ & $-0.0281178$ & $-0.00750709$ & $0.0117321$ & $0.0141074$ & $1$ & $0.0513008$ & $0.0372996$ & $-0.00727918$ & $0.0579752$ & $0.0150424$ & $-0.0472236$ & $-0.0107531$ & $-0.0226191$ & $-0.00161998$ & $-0.00600297$ & $-0.00628086$ & $0.00229794$ & $-0.000710658$ & $0.0062156$ & $0.0151523$ & $-0.00239846$ & $0.00489661$ & $0.0127811$ & $0.00923077$ & $-0.00516213$ \\
CeH_33r & $-0.018402$ & $0.00717497$ & $0.00661777$ & $0.013173$ & $-0.0131263$ & $-0.00231077$ & $-0.133554$ & $0.102262$ & $0.128686$ & $-0.125482$ & $-0.055178$ & $0.0122525$ & $0.276058$ & $-0.0634257$ & $0.0284669$ & $0.028572$ & $-0.0965006$ & $-0.1082$ & $-0.109798$ & $0.0554722$ & $0.05742$ & $0.0545$ & $0.00794006$ & $-0.107591$ & $-0.101245$ & $-0.0367964$ & $0.036435$ & $0.0132611$ & $0.0513008$ & $1$ & $0.312619$ & $0.0182526$ & $0.655375$ & $0.0584815$ & $-0.0509204$ & $-0.0426459$ & $-0.177028$ & $-0.0191447$ & $-0.055168$ & $0.00404433$ & $-0.0198693$ & $0.0027192$ & $0.0431351$ & $-0.0100578$ & $0.0779652$ & $0.0253885$ & $-0.00112177$ & $-0.00550427$ & $-0.000794654$ \\
CuH_22r & $0.00512463$ & $0.00395648$ & $-0.0156984$ & $0.0254499$ & $-0.00212071$ & $-0.000201046$ & $-0.0633671$ & $0.051122$ & $0.068153$ & $-0.065977$ & $-0.0282931$ & $-0.0353465$ & $0.118213$ & $-0.026066$ & $0.0102765$ & $0.0119564$ & $-0.0535445$ & $-0.0504745$ & $-0.0528165$ & $0.0293432$ & $0.0291485$ & $0.0290067$ & $0.000680086$ & $-0.051261$ & $-0.0538313$ & $-0.0153128$ & $0.0169943$ & $0.00692992$ & $0.0372996$ & $0.312619$ & $1$ & $0.0207324$ & $0.357935$ & $0.0286521$ & $-0.074802$ & $-0.044096$ & $-0.0781417$ & $-0.020742$ & $-0.0123068$ & $0.0189631$ & $-0.00557866$ & $-0.00389912$ & $0.0431727$ & $0.0500638$ & $-0.00760955$ & $0.0854055$ & $0.354821$ & $-0.0540246$ & $0.0383265$ \\
CuH_33r & $0.00559329$ & $0.0265691$ & $0.0160045$ & $0.0123749$ & $-0.00801217$ & $0.0119263$ & $0.928785$ & $-0.108629$ & $-0.0667672$ & $0.0946109$ & $0.072842$ & $0.208294$ & $-0.258575$ & $0.0370087$ & $-0.0260878$ & $-0.0273642$ & $0.0691871$ & $0.0848394$ & $0.0833675$ & $-0.0702325$ & $-0.0755383$ & $-0.0749014$ & $-0.0128912$ & $0.0970835$ & $0.0786097$ & $0.0407176$ & $-0.0490983$ & $-0.0323334$ & $-0.00727918$ & $0.0182526$ & $0.0207324$ & $1$ & $0.0240232$ & $-0.0653841$ & $0.0602701$ & $0.0216436$ & $-0.0278611$ & $0.00395256$ & $-0.025982$ & $-0.00453899$ & $-0.0251552$ & $0.00551659$ & $0.0175053$ & $-0.011197$ & $-0.00987472$ & $-0.00859905$ & $-0.00810233$ & $-0.0158691$ & $0.00853922$ \\
CdH_33r & $-0.0173384$ & $-0.000774953$ & $0.00635332$ & $0.0458498$ & $-0.00306221$ & $-0.00697933$ & $-0.169429$ & $0.119274$ & $0.145987$ & $-0.130979$ & $-0.0713343$ & $0.0085533$ & $0.331393$ & $-0.0618771$ & $0.030539$ & $0.0307355$ & $-0.0967033$ & $-0.111324$ & $-0.112662$ & $0.0713976$ & $0.0742111$ & $0.0720005$ & $0.00740814$ & $-0.115707$ & $-0.102293$ & $-0.044529$ & $0.0497739$ & $0.016355$ & $0.0579752$ & $0.655375$ & $0.357935$ & $0.0240232$ & $1$ & $0.0705992$ & $0.0164876$ & $-0.0295395$ & $-0.200605$ & $-0.0186117$ & $-0.0844273$ & $0.0131468$ & $-0.00410467$ & $0.00639001$ & $0.0735424$ & $-0.0487311$ & $0.0512958$ & $0.028154$ & $0.00951421$ & $0.119823$ & $0.437517$ \\
CLL_1221 & $-0.0173786$ & $0.0138427$ & $0.00785911$ & $-0.00527291$ & $-0.00859388$ & $-0.108474$ & $-0.0684196$ & $0.564886$ & $0.555708$ & $-0.354897$ & $-0.365736$ & $-0.278678$ & $0.216213$ & $-0.223165$ & $-0.592659$ & $-0.107874$ & $-0.261539$ & $0.023828$ & $-0.345551$ & $0.285968$ & $0.452716$ & $0.448354$ & $0.207765$ & $-0.636979$ & $-0.204397$ & $-0.253245$ & $0.68775$ & $0.148129$ & $0.0150424$ & $0.0584815$ & $0.0286521$ & $-0.0653841$ & $0.0705992$ & $1$ & $-0.0115877$ & $0.00254718$ & $-0.0161763$ & $-0.00620269$ & $-0.00370809$ & $-0.00679046$ & $0.0188306$ & $0.00139633$ & $0.0139093$ & $0.0132954$ & $0.0133784$ & $0.00159035$ & $-0.00169554$ & $0.00649499$ & $0.00989235$ \\
eHggint & $0.000707268$ & $0.0668469$ & $0.0325111$ & $-0.0261923$ & $0.00843837$ & $0.00455528$ & $-0.0212866$ & $-0.00971171$ & $-0.0371085$ & $0.0488518$ & $0.0113474$ & $0.0701749$ & $0.0250364$ & $-0.00930129$ & $0.00847185$ & $0.00044412$ & $-0.00612293$ & $-0.00987696$ & $-0.00602067$ & $-0.00765048$ & $-0.00986449$ & $-0.0112285$ & $-0.00407641$ & $0.00412036$ & $-0.00659906$ & $0.00912436$ & $-0.00950572$ & $-0.00589885$ & $-0.0472236$ & $-0.0509204$ & $-0.074802$ & $0.0602701$ & $0.0164876$ & $-0.0115877$ & $1$ & $0.0345837$ & $-0.0440948$ & $0.0120215$ & $5.53728e-05$ & $0.0112263$ & $-0.036442$ & $-0.00369768$ & $-0.135588$ & $-0.0935144$ & $0.0406493$ & $-0.0806431$ & $-0.127758$ & $0.0407356$ & $0.140255$ \\
eHggpar & $0.017436$ & $0.101653$ & $0.0490728$ & $-0.0116246$ & $-0.00229251$ & $0.0091454$ & $-0.0162854$ & $-0.00946101$ & $-0.0165829$ & $0.0262347$ & $0.0116454$ & $0.0387755$ & $0.0109238$ & $0.000464634$ & $-0.0102137$ & $-0.00930262$ & $-0.0123845$ & $0.000374015$ & $7.67676e-05$ & $-0.0101912$ & $-0.00779964$ & $-0.00628219$ & $-0.0107468$ & $-0.00755395$ & $-0.00708004$ & $0.0158094$ & $-0.00299007$ & $-0.0085471$ & $-0.0107531$ & $-0.0426459$ & $-0.044096$ & $0.0216436$ & $-0.0295395$ & $0.00254718$ & $0.0345837$ & $1$ & $0.0933955$ & $0.00764918$ & $-0.0274592$ & $0.00939998$ & $0.0734472$ & $-0.0115216$ & $0.0661774$ & $-0.0808597$ & $0.042199$ & $-0.158207$ & $-0.00202721$ & $-0.0202936$ & $0.0422241$ \\
eHWWint & $0.0165378$ & $-0.1185$ & $-0.0737026$ & $-0.0567078$ & $-0.00268081$ & $0.00273294$ & $0.00568769$ & $0.00159801$ & $-0.0207716$ & $-0.00638926$ & $-0.00335072$ & $-0.00946726$ & $-0.00819081$ & $0.00601579$ & $0.0136871$ & $0.00515373$ & $0.00551116$ & $-0.00392416$ & $0.0034566$ & $-0.000134235$ & $-0.0015221$ & $-0.00174358$ & $-0.00579944$ & $0.00261522$ & $0.00270414$ & $0.0136497$ & $-0.00352089$ & $-0.00420657$ & $-0.0226191$ & $-0.177028$ & $-0.0781417$ & $-0.0278611$ & $-0.200605$ & $-0.0161763$ & $-0.0440948$ & $0.0933955$ & $1$ & $-0.0185749$ & $0.229047$ & $0.0115345$ & $0.112181$ & $-0.0135246$ & $-0.145674$ & $0.0694343$ & $-0.0991064$ & $-0.0845563$ & $0.0479119$ & $-0.000465355$ & $-0.0196615$ \\
eHWWpar & $-0.0096968$ & $-0.00471703$ & $-0.00452974$ & $-0.00727535$ & $-0.00281943$ & $0.00992999$ & $0.00575111$ & $-0.00694869$ & $-0.00691943$ & $0.0119517$ & $0.00656419$ & $0.0158213$ & $-0.00598143$ & $0.0021722$ & $-0.00115595$ & $0.00700592$ & $-0.00144256$ & $0.002537$ & $-0.00277835$ & $-0.00625528$ & $-0.00743699$ & $-0.00549433$ & $-0.0114835$ & $0.00555537$ & $0.00417524$ & $0.012868$ & $-0.00483768$ & $-0.00171271$ & $-0.00161998$ & $-0.0191447$ & $-0.020742$ & $0.00395256$ & $-0.0186117$ & $-0.00620269$ & $0.0120215$ & $0.00764918$ & $-0.0185749$ & $1$ & $0.00258577$ & $0.00230881$ & $-0.0251093$ & $0.00327555$ & $-0.00538195$ & $-0.0233663$ & $0.0112815$ & $-0.0129268$ & $-0.0328663$ & $0.0206095$ & $-0.0104686$ \\
eHZZint & $-0.0540225$ & $-0.076709$ & $-0.026304$ & $-0.111905$ & $-0.00411987$ & $-0.00393246$ & $-0.0224915$ & $0.0111603$ & $0.00813531$ & $-0.00850083$ & $-0.0111771$ & $-0.00579713$ & $-0.00579625$ & $0.00570749$ & $0.00860039$ & $0.0148907$ & $-0.000627352$ & $-0.00318892$ & $-0.00736611$ & $0.0108204$ & $0.00849768$ & $0.00591291$ & $-0.00525738$ & $0.00207973$ & $0.0028806$ & $0.00583258$ & $0.000403977$ & $-0.00457131$ & $-0.00600297$ & $-0.055168$ & $-0.0123068$ & $-0.025982$ & $-0.0844273$ & $-0.00370809$ & $5.53728e-05$ & $-0.0274592$ & $0.229047$ & $0.00258577$ & $1$ & $-0.000714103$ & $0.0387586$ & $-0.0131776$ & $0.0365377$ & $0.0104991$ & $0.153542$ & $0.0037147$ & $0.0448713$ & $0.0841795$ & $-0.0779933$ \\
eHZZpar & $-0.0100099$ & $0.0409184$ & $-0.00860528$ & $0.00821396$ & $-0.00264157$ & $0.00618096$ & $-0.0112832$ & $-0.0026694$ & $-0.00445786$ & $-0.00449371$ & $0.00387121$ & $-0.00366643$ & $0.00649894$ & $-0.0044259$ & $0.00825675$ & $0.00221205$ & $-0.00441363$ & $-0.00884495$ & $-0.00507607$ & $-0.00208645$ & $-0.00378653$ & $-0.00183854$ & $-0.0151037$ & $0.00144796$ & $-0.00780882$ & $0.00457361$ & $-0.0110103$ & $-0.015359$ & $-0.00628086$ & $0.00404433$ & $0.0189631$ & $-0.00453899$ & $0.0131468$ & $-0.00679046$ & $0.0112263$ & $0.00939998$ & $0.0115345$ & $0.00230881$ & $-0.000714103$ & $1$ & $0.000170876$ & $0.00889581$ & $0.00643027$ & $0.00900071$ & $0.00231906$ & $-0.00601905$ & $-0.00753307$ & $0.00231333$ & $0.013637$ \\
eHZgaint & $0.00341396$ & $-0.0673017$ & $-0.0266866$ & $-0.000202027$ & $0.00654355$ & $-0.00318943$ & $-0.0182101$ & $0.00821094$ & $0.0069671$ & $-0.045906$ & $0.00102012$ & $-0.0318573$ & $-0.00268185$ & $-0.0197038$ & $-0.0152145$ & $0.00267633$ & $-0.0104816$ & $-0.00495419$ & $-0.0167156$ & $-0.00409809$ & $-0.00143158$ & $-0.000729409$ & $0.0161454$ & $-0.0121411$ & $-0.00835021$ & $-0.0053768$ & $0.0162146$ & $-0.0062881$ & $0.00229794$ & $-0.0198693$ & $-0.00557866$ & $-0.0251552$ & $-0.00410467$ & $0.0188306$ & $-0.036442$ & $0.0734472$ & $0.112181$ & $-0.0251093$ & $0.0387586$ & $0.000170876$ & $1$ & $-0.00160752$ & $0.0284504$ & $0.0214094$ & $0.127356$ & $0.0851499$ & $-0.00759325$ & $0.0231092$ & $0.0544445$ \\
eHZgapar & $0.0206595$ & $-0.00526231$ & $0.00697606$ & $0.0123202$ & $0.00549219$ & $0.00354882$ & $0.00522759$ & $-0.0005179$ & $0.000399897$ & $0.00601961$ & $0.00318752$ & $0.00451501$ & $4.96776e-05$ & $-0.00518679$ & $-0.00229924$ & $-0.0077732$ & $-0.00351847$ & $-0.00386593$ & $-0.00041742$ & $-0.00443268$ & $-0.00235047$ & $-0.00393658$ & $-0.00747878$ & $-0.00916194$ & $-0.0126811$ & $0.00801902$ & $-0.00831632$ & $-0.00383051$ & $-0.000710658$ & $0.0027192$ & $-0.00389912$ & $0.00551659$ & $0.00639001$ & $0.00139633$ & $-0.00369768$ & $-0.0115216$ & $-0.0135246$ & $0.00327555$ & $-0.0131776$ & $0.00889581$ & $-0.00160752$ & $1$ & $-0.00359327$ & $0.00335515$ & $-0.00763995$ & $-0.00560164$ & $-0.00174209$ & $0.00302258$ & $0.00675603$ \\
eHgagaint & $0.113887$ & $0.0929594$ & $0.114091$ & $0.134175$ & $0.0167298$ & $0.00471122$ & $0.0231919$ & $0.00263449$ & $0.0702646$ & $-0.017179$ & $0.00388712$ & $-0.0187988$ & $0.00336218$ & $-0.00900639$ & $-0.00791523$ & $-0.0116019$ & $-0.0140789$ & $-0.00924595$ & $-0.00923192$ & $-0.00424484$ & $-0.000436822$ & $-0.00235945$ & $-0.00902172$ & $-0.0152655$ & $-0.0246934$ & $0.00311114$ & $0.00421302$ & $0.0103358$ & $0.0062156$ & $0.0431351$ & $0.0431727$ & $0.0175053$ & $0.0735424$ & $0.0139093$ & $-0.135588$ & $0.0661774$ & $-0.145674$ & $-0.00538195$ & $0.0365377$ & $0.00643027$ & $0.0284504$ & $-0.00359327$ & $1$ & $-0.0828813$ & $0.0584252$ & $0.016035$ & $0.0525649$ & $-0.0792692$ & $0.101704$ \\
eHmumuint & $0.0832791$ & $-0.0928233$ & $-0.0252041$ & $0.014978$ & $-0.000503626$ & $0.0116497$ & $0.000553989$ & $0.0177206$ & $0.0123853$ & $-0.00901054$ & $-0.0178487$ & $-0.0084844$ & $-0.00752177$ & $0.00616942$ & $-0.00440528$ & $0.000393784$ & $0.00329746$ & $0.00371718$ & $0.00288708$ & $0.0135675$ & $0.0158531$ & $0.01967$ & $0.0102375$ & $-0.011124$ & $-0.00327943$ & $-0.0158764$ & $0.0160188$ & $0.0072$ & $0.0151523$ & $-0.0100578$ & $0.0500638$ & $-0.011197$ & $-0.0487311$ & $0.0132954$ & $-0.0935144$ & $-0.0808597$ & $0.0694343$ & $-0.0233663$ & $0.0104991$ & $0.00900071$ & $0.0214094$ & $0.00335515$ & $-0.0828813$ & $1$ & $-0.0839652$ & $0.0546798$ & $0.134992$ & $-0.0366932$ & $-0.0805783$ \\
eHtautauint & $-0.155999$ & $0.000702941$ & $-0.0345049$ & $-0.0297129$ & $-0.0120016$ & $0.0061685$ & $-0.0192961$ & $-0.000810171$ & $0.00328688$ & $-0.00555766$ & $0.0155964$ & $0.00163958$ & $0.00806777$ & $-0.0234935$ & $-0.0180224$ & $-0.00878065$ & $-0.0290229$ & $-0.0129514$ & $-0.0236762$ & $-0.0158911$ & $-0.0129864$ & $-0.0146425$ & $-0.00688155$ & $-0.0125288$ & $-0.00364408$ & $0.0197737$ & $0.00791426$ & $-0.0105857$ & $-0.00239846$ & $0.0779652$ & $-0.00760955$ & $-0.00987472$ & $0.0512958$ & $0.0133784$ & $0.0406493$ & $0.042199$ & $-0.0991064$ & $0.0112815$ & $0.153542$ & $0.00231906$ & $0.127356$ & $-0.00763995$ & $0.0584252$ & $-0.0839652$ & $1$ & $-0.0285226$ & $-0.0260787$ & $0.0696391$ & $0.0674504$ \\
eHccint & $0.0445032$ & $-0.0956534$ & $-0.105053$ & $0.0825341$ & $0.00932245$ & $-0.00279037$ & $0.00169961$ & $0.0116685$ & $0.0164325$ & $-0.0157221$ & $-0.0190785$ & $-0.0206816$ & $-0.00724253$ & $0.0143062$ & $0.00630531$ & $-0.000657903$ & $0.0190211$ & $0.0104192$ & $0.0153999$ & $0.0160887$ & $0.0157457$ & $0.0163132$ & $0.0178821$ & $0.00322605$ & $0.0093217$ & $-0.0240878$ & $0.00773167$ & $0.00494787$ & $0.00489661$ & $0.0253885$ & $0.0854055$ & $-0.00859905$ & $0.028154$ & $0.00159035$ & $-0.0806431$ & $-0.158207$ & $-0.0845563$ & $-0.0129268$ & $0.0037147$ & $-0.00601905$ & $0.0851499$ & $-0.00560164$ & $0.016035$ & $0.0546798$ & $-0.0285226$ & $1$ & $-0.0396879$ & $-0.0599547$ & $0.0182069$ \\
eHccpar & $0.0327995$ & $0.0404799$ & $-0.0191956$ & $0.0261334$ & $-0.00703909$ & $0.00424898$ & $0.00101853$ & $-0.0109282$ & $-0.00507271$ & $0.00572506$ & $0.0106419$ & $-0.00525144$ & $0.00361067$ & $0.000919373$ & $-0.0114441$ & $-0.014349$ & $-0.00735566$ & $0.00598663$ & $0.00740302$ & $-0.00936264$ & $-0.00861299$ & $-0.0105872$ & $-0.00514351$ & $-0.000753707$ & $0.000959661$ & $0.00197505$ & $-0.000769148$ & $-0.00743851$ & $0.0127811$ & $-0.00112177$ & $0.354821$ & $-0.00810233$ & $0.00951421$ & $-0.00169554$ & $-0.127758$ & $-0.00202721$ & $0.0479119$ & $-0.0328663$ & $0.0448713$ & $-0.00753307$ & $-0.00759325$ & $-0.00174209$ & $0.0525649$ & $0.134992$ & $-0.0260787$ & $-0.0396879$ & $1$ & $-0.140416$ & $0.0745066$ \\
eHbbint & $0.0607519$ & $0.0936021$ & $-0.0308497$ & $0.0540686$ & $-0.000602762$ & $-0.0101332$ & $-0.0198935$ & $-0.00301826$ & $-0.00902$ & $0.00109326$ & $-0.00602382$ & $-0.00355936$ & $-0.00235401$ & $0.0145707$ & $-0.0015949$ & $0.0105921$ & $0.0153611$ & $0.0157696$ & $0.00475441$ & $0.00748755$ & $0.00716636$ & $0.00912136$ & $-0.00508154$ & $0.0038473$ & $0.0115951$ & $-0.000576288$ & $0.00413976$ & $0.0081858$ & $0.00923077$ & $-0.00550427$ & $-0.0540246$ & $-0.0158691$ & $0.119823$ & $0.00649499$ & $0.0407356$ & $-0.0202936$ & $-0.000465355$ & $0.0206095$ & $0.0841795$ & $0.00231333$ & $0.0231092$ & $0.00302258$ & $-0.0792692$ & $-0.0366932$ & $0.0696391$ & $-0.0599547$ & $-0.140416$ & $1$ & $-0.0442705$ \\
eHbbpar & $-0.0359394$ & $-0.0411985$ & $-0.00186688$ & $0.0327384$ & $0.0122824$ & $-0.00927742$ & $-0.0109589$ & $0.00851321$ & $0.0102333$ & $0.0135461$ & $-0.00973402$ & $0.011326$ & $0.00472335$ & $0.00244138$ & $-0.00453873$ & $-0.00717554$ & $0.00741685$ & $0.00700629$ & $0.00645555$ & $0.00893299$ & $0.0100481$ & $0.00908014$ & $0.00332642$ & $0.0019048$ & $0.00952417$ & $-0.00827544$ & $0.01098$ & $-0.00110498$ & $-0.00516213$ & $-0.000794654$ & $0.0383265$ & $0.00853922$ & $0.437517$ & $0.00989235$ & $0.140255$ & $0.0422241$ & $-0.0196615$ & $-0.0104686$ & $-0.0779933$ & $0.013637$ & $0.0544445$ & $0.00675603$ & $0.101704$ & $-0.0805783$ & $0.0674504$ & $0.0182069$ & $0.0745066$ & $-0.0442705$ & $1$ \\
