 & AlsMz & dAle5Mz & mtop & mHl & Mz & CW & CHG & CHWB & CHWHB_gaga & CHWHB_gagaorth & CHD & CHbox & CH & CHL1_11 & CHL1_22 & CHL1_33 & CHL3_11 & CHL3_22 & CHL3_33 & CHe_11 & CHe_22 & CHe_33 & CHQ1_11 & CHQ1_33 & CHQ3_11 & CHu_11 & CHd_11 & CHd_33 & CeH_22r & CeH_33r & CuH_22r & CuH_33r & CdH_33r & CLL_1221 & eHggint & eHggpar & eHWWint & eHWWpar & eHZZint & eHZZpar & eHZgaint & eHZgapar & eHgagaint & eHmumuint & eHtautauint & eHccint & eHccpar & eHbbint & eHbbpar \\
AlsMz & $1$ & $0$ & $0$ & $0$ & $0$ & $0$ & $0$ & $0$ & $0$ & $0$ & $0$ & $0$ & $0$ & $0$ & $0$ & $0$ & $0$ & $0$ & $0$ & $0$ & $0$ & $0$ & $0$ & $0$ & $0$ & $0$ & $0$ & $0$ & $0$ & $0$ & $0$ & $0$ & $0$ & $0$ & $0$ & $0$ & $0$ & $0$ & $0$ & $0$ & $0$ & $0$ & $0$ & $0$ & $0$ & $0$ & $0$ & $0$ & $0$ \\
dAle5Mz & $0$ & $1$ & $0$ & $0$ & $0$ & $0$ & $0$ & $0$ & $0$ & $0$ & $0$ & $0$ & $0$ & $0$ & $0$ & $0$ & $0$ & $0$ & $0$ & $0$ & $0$ & $0$ & $0$ & $0$ & $0$ & $0$ & $0$ & $0$ & $0$ & $0$ & $0$ & $0$ & $0$ & $0$ & $0$ & $0$ & $0$ & $0$ & $0$ & $0$ & $0$ & $0$ & $0$ & $0$ & $0$ & $0$ & $0$ & $0$ & $0$ \\
mtop & $0$ & $0$ & $1$ & $0$ & $0$ & $0$ & $0$ & $0$ & $0$ & $0$ & $0$ & $0$ & $0$ & $0$ & $0$ & $0$ & $0$ & $0$ & $0$ & $0$ & $0$ & $0$ & $0$ & $0$ & $0$ & $0$ & $0$ & $0$ & $0$ & $0$ & $0$ & $0$ & $0$ & $0$ & $0$ & $0$ & $0$ & $0$ & $0$ & $0$ & $0$ & $0$ & $0$ & $0$ & $0$ & $0$ & $0$ & $0$ & $0$ \\
mHl & $0$ & $0$ & $0$ & $1$ & $0.518003$ & $6.59369e-07$ & $-6.93419e-07$ & $-6.67268e-07$ & $-7.49426e-07$ & $-4.40017e-07$ & $6.63545e-07$ & $-7.23123e-07$ & $0$ & $-7.88441e-07$ & $6.64075e-07$ & $-5.95854e-07$ & $5.52228e-07$ & $7.63116e-07$ & $6.46853e-07$ & $-6.40763e-07$ & $-7.04665e-07$ & $-8.16776e-07$ & $-6.50613e-07$ & $-6.90896e-07$ & $8.73215e-07$ & $-6.04077e-07$ & $-1.06128e-06$ & $-7.95999e-08$ & $3.95597e-07$ & $6.73179e-07$ & $-4.49957e-07$ & $-1.76937e-07$ & $7.032e-07$ & $7.16773e-07$ & $8.96195e-07$ & $8.05367e-07$ & $-5.80822e-07$ & $-5.08581e-07$ & $1.04926e-06$ & $2.60152e-07$ & $7.1239e-07$ & $6.83427e-07$ & $7.14744e-07$ & $6.41497e-07$ & $-6.78393e-07$ & $6.998e-07$ & $-4.82102e-07$ & $6.48018e-07$ & $-4.90772e-07$ \\
Mz & $0$ & $0$ & $0$ & $0.518003$ & $1$ & $1.24469e-06$ & $-1.32461e-06$ & $-1.26933e-06$ & $-1.42473e-06$ & $-8.29963e-07$ & $1.26698e-06$ & $-1.3801e-06$ & $0$ & $-1.48591e-06$ & $1.26248e-06$ & $-1.1328e-06$ & $1.0407e-06$ & $1.47036e-06$ & $1.23627e-06$ & $-1.22828e-06$ & $-1.33724e-06$ & $-1.56042e-06$ & $-1.24948e-06$ & $-1.33226e-06$ & $1.66521e-06$ & $-1.16942e-06$ & $-2.01067e-06$ & $-1.51229e-07$ & $7.61501e-07$ & $1.25676e-06$ & $-8.62788e-07$ & $-3.34448e-07$ & $1.32706e-06$ & $1.36073e-06$ & $1.70107e-06$ & $1.52856e-06$ & $-1.08551e-06$ & $-9.75633e-07$ & $1.98666e-06$ & $4.98124e-07$ & $1.35808e-06$ & $1.31159e-06$ & $1.36816e-06$ & $1.20751e-06$ & $-1.29188e-06$ & $1.32582e-06$ & $-9.11614e-07$ & $1.25831e-06$ & $-9.32537e-07$ \\
CW & $0$ & $0$ & $0$ & $6.59369e-07$ & $1.24469e-06$ & $1$ & $-0.993822$ & $-0.992036$ & $-0.965469$ & $-0.972095$ & $0.999348$ & $-0.97223$ & $0$ & $-0.920511$ & $0.996027$ & $-0.97355$ & $0.349656$ & $0.940568$ & $0.993015$ & $-0.994782$ & $-0.980516$ & $-0.976493$ & $-0.991402$ & $-0.986772$ & $0.982406$ & $-0.995467$ & $-0.852791$ & $-0.544793$ & $0.972024$ & $0.968624$ & $-0.972855$ & $-0.245599$ & $0.971301$ & $0.988593$ & $0.931838$ & $0.970075$ & $-0.877593$ & $-0.989203$ & $0.827755$ & $0.856148$ & $0.982533$ & $0.990565$ & $0.982986$ & $0.779798$ & $-0.99792$ & $0.997121$ & $-0.97673$ & $0.991011$ & $-0.985909$ \\
CHG & $0$ & $0$ & $0$ & $-6.93419e-07$ & $-1.32461e-06$ & $-0.993822$ & $1$ & $0.992442$ & $0.944241$ & $0.983776$ & $-0.993297$ & $0.95208$ & $0$ & $0.94506$ & $-0.990869$ & $0.976867$ & $-0.284695$ & $-0.900583$ & $-0.992458$ & $0.997166$ & $0.981436$ & $0.954211$ & $0.984803$ & $0.993998$ & $-0.991423$ & $0.997002$ & $0.871798$ & $0.516177$ & $-0.984714$ & $-0.943183$ & $0.989989$ & $0.341598$ & $-0.951695$ & $-0.970511$ & $-0.963078$ & $-0.950999$ & $0.823071$ & $0.986532$ & $-0.796016$ & $-0.880465$ & $-0.960918$ & $-0.998572$ & $-0.990887$ & $-0.799856$ & $0.99485$ & $-0.992542$ & $0.988846$ & $-0.992014$ & $0.990743$ \\
CHWB & $0$ & $0$ & $0$ & $-6.67268e-07$ & $-1.26933e-06$ & $-0.992036$ & $0.992442$ & $1$ & $0.964594$ & $0.982231$ & $-0.99515$ & $0.957691$ & $0$ & $0.949289$ & $-0.997777$ & $0.990824$ & $-0.369173$ & $-0.920097$ & $-0.999374$ & $0.994247$ & $0.987276$ & $0.965123$ & $0.997715$ & $0.994758$ & $-0.991933$ & $0.997343$ & $0.882448$ & $0.535311$ & $-0.97387$ & $-0.956788$ & $0.977816$ & $0.27186$ & $-0.946354$ & $-0.978919$ & $-0.953877$ & $-0.971642$ & $0.832907$ & $0.984547$ & $-0.851838$ & $-0.901694$ & $-0.97736$ & $-0.995792$ & $-0.99717$ & $-0.821166$ & $0.997272$ & $-0.997529$ & $0.986901$ & $-0.999055$ & $0.994187$ \\
CHWHB_gaga & $0$ & $0$ & $0$ & $-7.49426e-07$ & $-1.42473e-06$ & $-0.965469$ & $0.944241$ & $0.964594$ & $1$ & $0.902549$ & $-0.967766$ & $0.982447$ & $0$ & $0.843934$ & $-0.96695$ & $0.952609$ & $-0.447456$ & $-0.972213$ & $-0.962738$ & $0.961089$ & $0.931142$ & $0.99385$ & $0.976788$ & $0.934645$ & $-0.955703$ & $0.951593$ & $0.839029$ & $0.435909$ & $-0.897234$ & $-0.954552$ & $0.902413$ & $0.0284079$ & $-0.972539$ & $-0.983337$ & $-0.884473$ & $-0.996881$ & $0.886465$ & $0.928752$ & $-0.896048$ & $-0.782157$ & $-0.985422$ & $-0.945591$ & $-0.949157$ & $-0.82537$ & $0.963629$ & $-0.967989$ & $0.914557$ & $-0.95571$ & $0.942178$ \\
CHWHB_gagaorth & $0$ & $0$ & $0$ & $-4.40017e-07$ & $-8.29963e-07$ & $-0.972095$ & $0.983776$ & $0.982231$ & $0.902549$ & $1$ & $-0.974612$ & $0.912769$ & $0$ & $0.968891$ & $-0.978037$ & $0.979693$ & $-0.280898$ & $-0.850107$ & $-0.984273$ & $0.978028$ & $0.978741$ & $0.906202$ & $0.970889$ & $0.992306$ & $-0.968402$ & $0.988635$ & $0.840469$ & $0.582517$ & $-0.994275$ & $-0.918366$ & $0.991392$ & $0.411966$ & $-0.898588$ & $-0.935447$ & $-0.949562$ & $-0.911723$ & $0.771691$ & $0.984741$ & $-0.768485$ & $-0.941502$ & $-0.93214$ & $-0.987053$ & $-0.984024$ & $-0.789279$ & $0.979122$ & $-0.976084$ & $0.998813$ & $-0.987556$ & $0.993709$ \\
CHD & $0$ & $0$ & $0$ & $6.63545e-07$ & $1.26698e-06$ & $0.999348$ & $-0.993297$ & $-0.99515$ & $-0.967766$ & $-0.974612$ & $1$ & $-0.969063$ & $0$ & $-0.928292$ & $0.998542$ & $-0.977663$ & $0.372497$ & $0.941634$ & $0.995584$ & $-0.994258$ & $-0.985206$ & $-0.976685$ & $-0.99512$ & $-0.989452$ & $0.984339$ & $-0.996845$ & $-0.863449$ & $-0.555729$ & $0.971026$ & $0.971939$ & $-0.972548$ & $-0.241041$ & $0.965457$ & $0.98979$ & $0.933667$ & $0.973779$ & $-0.875016$ & $-0.990545$ & $0.842301$ & $0.869018$ & $0.98551$ & $0.991698$ & $0.987002$ & $0.783001$ & $-0.999377$ & $0.999121$ & $-0.978728$ & $0.994194$ & $-0.987954$ \\
CHbox & $0$ & $0$ & $0$ & $-7.23123e-07$ & $-1.3801e-06$ & $-0.97223$ & $0.95208$ & $0.957691$ & $0.982447$ & $0.912769$ & $-0.969063$ & $1$ & $0$ & $0.826008$ & $-0.961417$ & $0.95131$ & $-0.32155$ & $-0.953905$ & $-0.960704$ & $0.969231$ & $0.916045$ & $0.982089$ & $0.965008$ & $0.933723$ & $-0.946862$ & $0.954464$ & $0.76444$ & $0.412822$ & $-0.923692$ & $-0.934558$ & $0.918465$ & $0.086008$ & $-0.992615$ & $-0.971317$ & $-0.879724$ & $-0.97108$ & $0.883507$ & $0.933114$ & $-0.815571$ & $-0.758132$ & $-0.968833$ & $-0.947513$ & $-0.938099$ & $-0.828159$ & $0.961739$ & $-0.963029$ & $0.924692$ & $-0.951925$ & $0.949519$ \\
CH & $0$ & $0$ & $0$ & $0$ & $0$ & $0$ & $0$ & $0$ & $0$ & $0$ & $0$ & $0$ & $1$ & $0$ & $0$ & $0$ & $0$ & $0$ & $0$ & $0$ & $0$ & $0$ & $0$ & $0$ & $0$ & $0$ & $0$ & $0$ & $0$ & $0$ & $0$ & $0$ & $0$ & $0$ & $0$ & $0$ & $0$ & $0$ & $0$ & $0$ & $0$ & $0$ & $0$ & $0$ & $0$ & $0$ & $0$ & $0$ & $0$ \\
CHL1_11 & $0$ & $0$ & $0$ & $-7.88441e-07$ & $-1.48591e-06$ & $-0.920511$ & $0.94506$ & $0.949289$ & $0.843934$ & $0.968891$ & $-0.928292$ & $0.826008$ & $0$ & $1$ & $-0.940662$ & $0.944096$ & $-0.34296$ & $-0.783167$ & $-0.947984$ & $0.929211$ & $0.968824$ & $0.847202$ & $0.934334$ & $0.970822$ & $-0.947324$ & $0.950335$ & $0.899983$ & $0.613377$ & $-0.943924$ & $-0.878142$ & $0.951601$ & $0.486916$ & $-0.808517$ & $-0.885209$ & $-0.948626$ & $-0.868602$ & $0.688572$ & $0.945904$ & $-0.794129$ & $-0.970948$ & $-0.88638$ & $-0.955869$ & $-0.966013$ & $-0.745424$ & $0.940163$ & $-0.938657$ & $0.965454$ & $-0.956672$ & $0.951051$ \\
CHL1_22 & $0$ & $0$ & $0$ & $6.64075e-07$ & $1.26248e-06$ & $0.996027$ & $-0.990869$ & $-0.997777$ & $-0.96695$ & $-0.978037$ & $0.998542$ & $-0.961417$ & $0$ & $-0.940662$ & $1$ & $-0.983028$ & $0.400247$ & $0.937763$ & $0.997797$ & $-0.9916$ & $-0.990411$ & $-0.972582$ & $-0.998126$ & $-0.992466$ & $0.985311$ & $-0.997187$ & $-0.874871$ & $-0.571905$ & $0.969312$ & $0.972679$ & $-0.97106$ & $-0.242459$ & $0.953245$ & $0.987518$ & $0.935873$ & $0.975009$ & $-0.865688$ & $-0.990662$ & $0.859826$ & $0.889478$ & $0.986243$ & $0.991896$ & $0.991466$ & $0.788011$ & $-0.999271$ & $0.999713$ & $-0.981225$ & $0.997436$ & $-0.989964$ \\
CHL1_33 & $0$ & $0$ & $0$ & $-5.95854e-07$ & $-1.1328e-06$ & $-0.97355$ & $0.976867$ & $0.990824$ & $0.952609$ & $0.979693$ & $-0.977663$ & $0.95131$ & $0$ & $0.944096$ & $-0.983028$ & $1$ & $-0.32849$ & $-0.88692$ & $-0.992337$ & $0.98416$ & $0.966219$ & $0.940845$ & $0.986967$ & $0.984364$ & $-0.980108$ & $0.984821$ & $0.841478$ & $0.492214$ & $-0.972039$ & $-0.92142$ & $0.96978$ & $0.283777$ & $-0.926679$ & $-0.951399$ & $-0.951334$ & $-0.953963$ & $0.782626$ & $0.963275$ & $-0.833754$ & $-0.915922$ & $-0.955389$ & $-0.984508$ & $-0.989542$ & $-0.872771$ & $0.980462$ & $-0.981018$ & $0.985251$ & $-0.991393$ & $0.993411$ \\
CHL3_11 & $0$ & $0$ & $0$ & $5.52228e-07$ & $1.0407e-06$ & $0.349656$ & $-0.284695$ & $-0.369173$ & $-0.447456$ & $-0.280898$ & $0.372497$ & $-0.32155$ & $0$ & $-0.34296$ & $0.400247$ & $-0.32849$ & $1$ & $0.560991$ & $0.361304$ & $-0.286015$ & $-0.435677$ & $-0.447087$ & $-0.418433$ & $-0.337989$ & $0.311778$ & $-0.338304$ & $-0.47147$ & $-0.65897$ & $0.197623$ & $0.55623$ & $-0.200176$ & $0.480339$ & $0.295906$ & $0.458849$ & $0.165197$ & $0.485241$ & $-0.587959$ & $-0.377419$ & $0.759329$ & $0.366304$ & $0.502524$ & $0.298887$ & $0.349349$ & $0.0551732$ & $-0.37356$ & $0.391624$ & $-0.266613$ & $0.368111$ & $-0.301366$ \\
CHL3_22 & $0$ & $0$ & $0$ & $7.63116e-07$ & $1.47036e-06$ & $0.940568$ & $-0.900583$ & $-0.920097$ & $-0.972213$ & $-0.850107$ & $0.941634$ & $-0.953905$ & $0$ & $-0.783167$ & $0.937763$ & $-0.88692$ & $0.560991$ & $1$ & $0.919344$ & $-0.912681$ & $-0.908377$ & $-0.983693$ & $-0.941845$ & $-0.88991$ & $0.896954$ & $-0.913203$ & $-0.795656$ & $-0.550217$ & $0.840994$ & $0.976902$ & $-0.841032$ & $0.086423$ & $0.95527$ & $0.977693$ & $0.788032$ & $0.974481$ & $-0.967527$ & $-0.913097$ & $0.902492$ & $0.711218$ & $0.980913$ & $0.894623$ & $0.893736$ & $0.674549$ & $-0.93336$ & $0.93872$ & $-0.856547$ & $0.912835$ & $-0.888471$ \\
CHL3_33 & $0$ & $0$ & $0$ & $6.46853e-07$ & $1.23627e-06$ & $0.993015$ & $-0.992458$ & $-0.999374$ & $-0.962738$ & $-0.984273$ & $0.995584$ & $-0.960704$ & $0$ & $-0.947984$ & $0.997797$ & $-0.992337$ & $0.361304$ & $0.919344$ & $1$ & $-0.994595$ & $-0.98625$ & $-0.963553$ & $-0.997051$ & $-0.995112$ & $0.989302$ & $-0.997885$ & $-0.867677$ & $-0.541648$ & $0.977166$ & $0.955926$ & $-0.977969$ & $-0.274402$ & $0.948329$ & $0.977469$ & $0.949745$ & $0.968627$ & $-0.83588$ & $-0.985896$ & $0.84608$ & $0.901631$ & $0.976786$ & $0.995294$ & $0.995593$ & $0.820574$ & $-0.997179$ & $0.997238$ & $-0.988472$ & $0.99949$ & $-0.995866$ \\
CHe_11 & $0$ & $0$ & $0$ & $-6.40763e-07$ & $-1.22828e-06$ & $-0.994782$ & $0.997166$ & $0.994247$ & $0.961089$ & $0.978028$ & $-0.994258$ & $0.969231$ & $0$ & $0.929211$ & $-0.9916$ & $0.98416$ & $-0.286015$ & $-0.912681$ & $-0.994595$ & $1$ & $0.972958$ & $0.965173$ & $0.989128$ & $0.989169$ & $-0.991879$ & $0.995531$ & $0.857238$ & $0.480543$ & $-0.98087$ & $-0.942071$ & $0.984508$ & $0.294074$ & $-0.964917$ & $-0.974888$ & $-0.959115$ & $-0.963004$ & $0.828264$ & $0.979478$ & $-0.805768$ & $-0.868143$ & $-0.967289$ & $-0.996524$ & $-0.989943$ & $-0.83103$ & $0.994459$ & $-0.993005$ & $0.985282$ & $-0.992227$ & $0.992253$ \\
CHe_22 & $0$ & $0$ & $0$ & $-7.04665e-07$ & $-1.33724e-06$ & $-0.980516$ & $0.981436$ & $0.987276$ & $0.931142$ & $0.978741$ & $-0.985206$ & $0.916045$ & $0$ & $0.968824$ & $-0.990411$ & $0.966219$ & $-0.435677$ & $-0.908377$ & $-0.98625$ & $0.972958$ & $1$ & $0.942691$ & $0.984784$ & $0.992511$ & $-0.975074$ & $0.988956$ & $0.903711$ & $0.644355$ & $-0.960547$ & $-0.968024$ & $0.965235$ & $0.307927$ & $-0.909403$ & $-0.969584$ & $-0.932559$ & $-0.949476$ & $0.843026$ & $0.991442$ & $-0.861329$ & $-0.92054$ & $-0.968953$ & $-0.984117$ & $-0.987169$ & $-0.732556$ & $0.989488$ & $-0.989598$ & $0.977396$ & $-0.990044$ & $0.978067$ \\
CHe_33 & $0$ & $0$ & $0$ & $-8.16776e-07$ & $-1.56042e-06$ & $-0.976493$ & $0.954211$ & $0.965123$ & $0.99385$ & $0.906202$ & $-0.976685$ & $0.982089$ & $0$ & $0.847202$ & $-0.972582$ & $0.940845$ & $-0.447087$ & $-0.983693$ & $-0.963553$ & $0.965173$ & $0.942691$ & $1$ & $0.976559$ & $0.940723$ & $-0.957147$ & $0.958313$ & $0.846543$ & $0.479449$ & $-0.903267$ & $-0.972261$ & $0.909109$ & $0.0505835$ & $-0.98275$ & $-0.994196$ & $-0.880881$ & $-0.994438$ & $0.918542$ & $0.94456$ & $-0.884958$ & $-0.769548$ & $-0.991689$ & $-0.950844$ & $-0.948442$ & $-0.774081$ & $0.971684$ & $-0.974858$ & $0.916387$ & $-0.957275$ & $0.940955$ \\
CHQ1_11 & $0$ & $0$ & $0$ & $-6.50613e-07$ & $-1.24948e-06$ & $-0.991402$ & $0.984803$ & $0.997715$ & $0.976788$ & $0.970889$ & $-0.99512$ & $0.965008$ & $0$ & $0.934334$ & $-0.998126$ & $0.986967$ & $-0.418433$ & $-0.941845$ & $-0.997051$ & $0.989128$ & $0.984784$ & $0.976559$ & $1$ & $0.987551$ & $-0.985503$ & $0.992837$ & $0.87787$ & $0.54745$ & $-0.960105$ & $-0.969454$ & $0.96285$ & $0.208445$ & $-0.952588$ & $-0.987293$ & $-0.93496$ & $-0.983269$ & $0.85973$ & $0.98134$ & $-0.877812$ & $-0.887585$ & $-0.988475$ & $-0.988041$ & $-0.991282$ & $-0.811352$ & $0.995949$ & $-0.997509$ & $0.975618$ & $-0.995929$ & $0.9876$ \\
CHQ1_33 & $0$ & $0$ & $0$ & $-6.90896e-07$ & $-1.33226e-06$ & $-0.986772$ & $0.993998$ & $0.994758$ & $0.934645$ & $0.992306$ & $-0.989452$ & $0.933723$ & $0$ & $0.970822$ & $-0.992466$ & $0.984364$ & $-0.337989$ & $-0.88991$ & $-0.995112$ & $0.989169$ & $0.992511$ & $0.940723$ & $0.987551$ & $1$ & $-0.988005$ & $0.997086$ & $0.88229$ & $0.571326$ & $-0.983348$ & $-0.94526$ & $0.986198$ & $0.35532$ & $-0.924262$ & $-0.962993$ & $-0.960182$ & $-0.946035$ & $0.809236$ & $0.989617$ & $-0.823286$ & $-0.922524$ & $-0.959883$ & $-0.996852$ & $-0.996198$ & $-0.793803$ & $0.993427$ & $-0.992149$ & $0.994111$ & $-0.997186$ & $0.993804$ \\
CHQ3_11 & $0$ & $0$ & $0$ & $8.73215e-07$ & $1.66521e-06$ & $0.982406$ & $-0.991423$ & $-0.991933$ & $-0.955703$ & $-0.968402$ & $0.984339$ & $-0.946862$ & $0$ & $-0.947324$ & $0.985311$ & $-0.980108$ & $0.311778$ & $0.896954$ & $0.989302$ & $-0.991879$ & $-0.975074$ & $-0.957147$ & $-0.985503$ & $-0.988005$ & $1$ & $-0.987984$ & $-0.907491$ & $-0.45906$ & $0.963505$ & $0.931264$ & $-0.976186$ & $-0.314428$ & $0.941942$ & $0.966322$ & $0.978534$ & $0.96341$ & $-0.794312$ & $-0.965941$ & $0.833335$ & $0.879536$ & $0.959291$ & $0.994781$ & $0.994989$ & $0.841652$ & $-0.987887$ & $0.987548$ & $-0.977312$ & $0.988346$ & $-0.982097$ \\
CHu_11 & $0$ & $0$ & $0$ & $-6.04077e-07$ & $-1.16942e-06$ & $-0.995467$ & $0.997002$ & $0.997343$ & $0.951593$ & $0.988635$ & $-0.996845$ & $0.954464$ & $0$ & $0.950335$ & $-0.997187$ & $0.984821$ & $-0.338304$ & $-0.913203$ & $-0.997885$ & $0.995531$ & $0.988956$ & $0.958313$ & $0.992837$ & $0.997086$ & $-0.987984$ & $1$ & $0.868275$ & $0.557247$ & $-0.984159$ & $-0.956697$ & $0.9858$ & $0.307758$ & $-0.947625$ & $-0.976365$ & $-0.950817$ & $-0.959065$ & $0.838311$ & $0.992704$ & $-0.8231$ & $-0.899291$ & $-0.971876$ & $-0.997472$ & $-0.99378$ & $-0.796075$ & $0.998401$ & $-0.997211$ & $0.991629$ & $-0.998084$ & $0.99563$ \\
CHd_11 & $0$ & $0$ & $0$ & $-1.06128e-06$ & $-2.01067e-06$ & $-0.852791$ & $0.871798$ & $0.882448$ & $0.839029$ & $0.840469$ & $-0.863449$ & $0.76444$ & $0$ & $0.899983$ & $-0.874871$ & $0.841478$ & $-0.47147$ & $-0.795656$ & $-0.867677$ & $0.857238$ & $0.903711$ & $0.846543$ & $0.87787$ & $0.88229$ & $-0.907491$ & $0.868275$ & $1$ & $0.479343$ & $-0.805522$ & $-0.854949$ & $0.848604$ & $0.29466$ & $-0.77136$ & $-0.866996$ & $-0.899188$ & $-0.872989$ & $0.684292$ & $0.854307$ & $-0.850292$ & $-0.825141$ & $-0.858257$ & $-0.882415$ & $-0.901332$ & $-0.671342$ & $0.875914$ & $-0.878817$ & $0.846616$ & $-0.873942$ & $0.843038$ \\
CHd_33 & $0$ & $0$ & $0$ & $-7.95999e-08$ & $-1.51229e-07$ & $-0.544793$ & $0.516177$ & $0.535311$ & $0.435909$ & $0.582517$ & $-0.555729$ & $0.412822$ & $0$ & $0.613377$ & $-0.571905$ & $0.492214$ & $-0.65897$ & $-0.550217$ & $-0.541648$ & $0.480543$ & $0.644355$ & $0.479449$ & $0.54745$ & $0.571326$ & $-0.45906$ & $0.557247$ & $0.479343$ & $1$ & $-0.528755$ & $-0.668415$ & $0.501246$ & $0.151721$ & $-0.403513$ & $-0.554246$ & $-0.360721$ & $-0.481763$ & $0.647049$ & $0.643304$ & $-0.573807$ & $-0.647357$ & $-0.576178$ & $-0.514023$ & $-0.52338$ & $-0.0312436$ & $0.559834$ & $-0.561261$ & $0.546626$ & $-0.559678$ & $0.533057$ \\
CeH_22r & $0$ & $0$ & $0$ & $3.95597e-07$ & $7.61501e-07$ & $0.972024$ & $-0.984714$ & $-0.97387$ & $-0.897234$ & $-0.994275$ & $0.971026$ & $-0.923692$ & $0$ & $-0.943924$ & $0.969312$ & $-0.972039$ & $0.197623$ & $0.840994$ & $0.977166$ & $-0.98087$ & $-0.960547$ & $-0.903267$ & $-0.960105$ & $-0.983348$ & $0.963505$ & $-0.984159$ & $-0.805522$ & $-0.528755$ & $1$ & $0.901112$ & $-0.995469$ & $-0.426855$ & $0.914806$ & $0.928433$ & $0.948676$ & $0.900321$ & $-0.765838$ & $-0.977334$ & $0.718732$ & $0.907351$ & $0.919805$ & $0.984166$ & $0.973246$ & $0.799471$ & $-0.973338$ & $0.968633$ & $-0.995357$ & $0.978307$ & $-0.990465$ \\
CeH_33r & $0$ & $0$ & $0$ & $6.73179e-07$ & $1.25676e-06$ & $0.968624$ & $-0.943183$ & $-0.956788$ & $-0.954552$ & $-0.918366$ & $0.971939$ & $-0.934558$ & $0$ & $-0.878142$ & $0.972679$ & $-0.92142$ & $0.55623$ & $0.976902$ & $0.955926$ & $-0.942071$ & $-0.968024$ & $-0.972261$ & $-0.969454$ & $-0.94526$ & $0.931264$ & $-0.956697$ & $-0.854949$ & $-0.668415$ & $0.901112$ & $1$ & $-0.901759$ & $-0.084465$ & $0.935273$ & $0.988079$ & $0.841967$ & $0.96848$ & $-0.946801$ & $-0.968584$ & $0.899413$ & $0.8203$ & $0.990036$ & $0.93961$ & $0.940137$ & $0.655663$ & $-0.969162$ & $0.972119$ & $-0.917536$ & $0.955661$ & $-0.934109$ \\
CuH_22r & $0$ & $0$ & $0$ & $-4.49957e-07$ & $-8.62788e-07$ & $-0.972855$ & $0.989989$ & $0.977816$ & $0.902413$ & $0.991392$ & $-0.972548$ & $0.918465$ & $0$ & $0.951601$ & $-0.97106$ & $0.96978$ & $-0.200176$ & $-0.841032$ & $-0.977969$ & $0.984508$ & $0.965235$ & $0.909109$ & $0.96285$ & $0.986198$ & $-0.976186$ & $0.9858$ & $0.848604$ & $0.501246$ & $-0.995469$ & $-0.901759$ & $1$ & $0.437703$ & $-0.914298$ & $-0.93333$ & $-0.968687$ & $-0.908559$ & $0.755015$ & $0.975443$ & $-0.729009$ & $-0.905395$ & $-0.921026$ & $-0.990206$ & $-0.980825$ & $-0.805971$ & $0.976357$ & $-0.971804$ & $0.994461$ & $-0.979441$ & $0.988328$ \\
CuH_33r & $0$ & $0$ & $0$ & $-1.76937e-07$ & $-3.34448e-07$ & $-0.245599$ & $0.341598$ & $0.27186$ & $0.0284079$ & $0.411966$ & $-0.241041$ & $0.086008$ & $0$ & $0.486916$ & $-0.242459$ & $0.283777$ & $0.480339$ & $0.086423$ & $-0.274402$ & $0.294074$ & $0.307927$ & $0.0505835$ & $0.208445$ & $0.35532$ & $-0.314428$ & $0.307758$ & $0.29466$ & $0.151721$ & $-0.426855$ & $-0.084465$ & $0.437703$ & $1$ & $-0.0970558$ & $-0.116421$ & $-0.468388$ & $-0.0527984$ & $-0.145932$ & $0.308963$ & $0.119846$ & $-0.474907$ & $-0.0853111$ & $-0.344934$ & $-0.324391$ & $-0.230178$ & $0.262612$ & $-0.244856$ & $0.401973$ & $-0.291587$ & $0.330057$ \\
CdH_33r & $0$ & $0$ & $0$ & $7.032e-07$ & $1.32706e-06$ & $0.971301$ & $-0.951695$ & $-0.946354$ & $-0.972539$ & $-0.898588$ & $0.965457$ & $-0.992615$ & $0$ & $-0.808517$ & $0.953245$ & $-0.926679$ & $0.295906$ & $0.95527$ & $0.948329$ & $-0.964917$ & $-0.909403$ & $-0.98275$ & $-0.952588$ & $-0.924262$ & $0.941942$ & $-0.947625$ & $-0.77136$ & $-0.403513$ & $0.914806$ & $0.935273$ & $-0.914298$ & $-0.0970558$ & $1$ & $0.972429$ & $0.874166$ & $0.962915$ & $-0.89887$ & $-0.930547$ & $0.789701$ & $0.719869$ & $0.962453$ & $0.942126$ & $0.926175$ & $0.785617$ & $-0.957022$ & $0.95702$ & $-0.911262$ & $0.939016$ & $-0.934495$ \\
CLL_1221 & $0$ & $0$ & $0$ & $7.16773e-07$ & $1.36073e-06$ & $0.988593$ & $-0.970511$ & $-0.978919$ & $-0.983337$ & $-0.935447$ & $0.98979$ & $-0.971317$ & $0$ & $-0.885209$ & $0.987518$ & $-0.951399$ & $0.458849$ & $0.977693$ & $0.977469$ & $-0.974888$ & $-0.969584$ & $-0.994196$ & $-0.987293$ & $-0.962993$ & $0.966322$ & $-0.976365$ & $-0.866996$ & $-0.554246$ & $0.928433$ & $0.988079$ & $-0.93333$ & $-0.116421$ & $0.972429$ & $1$ & $0.894025$ & $0.989708$ & $-0.920847$ & $-0.971894$ & $0.882557$ & $0.81624$ & $0.99705$ & $0.96735$ & $0.964863$ & $0.747231$ & $-0.986752$ & $0.988808$ & $-0.941107$ & $0.974267$ & $-0.958952$ \\
eHggint & $0$ & $0$ & $0$ & $8.96195e-07$ & $1.70107e-06$ & $0.931838$ & $-0.963078$ & $-0.953877$ & $-0.884473$ & $-0.949562$ & $0.933667$ & $-0.879724$ & $0$ & $-0.948626$ & $0.935873$ & $-0.951334$ & $0.165197$ & $0.788032$ & $0.949745$ & $-0.959115$ & $-0.932559$ & $-0.880881$ & $-0.93496$ & $-0.960182$ & $0.978534$ & $-0.950817$ & $-0.899188$ & $-0.360721$ & $0.948676$ & $0.841967$ & $-0.968687$ & $-0.468388$ & $0.874166$ & $0.894025$ & $1$ & $0.893163$ & $-0.656931$ & $-0.917896$ & $0.739732$ & $0.883534$ & $0.881033$ & $0.970092$ & $0.970117$ & $0.866007$ & $-0.942122$ & $0.939172$ & $-0.960387$ & $0.950739$ & $-0.953249$ \\
eHggpar & $0$ & $0$ & $0$ & $8.05367e-07$ & $1.52856e-06$ & $0.970075$ & $-0.950999$ & $-0.971642$ & $-0.996881$ & $-0.911723$ & $0.973779$ & $-0.97108$ & $0$ & $-0.868602$ & $0.975009$ & $-0.953963$ & $0.485241$ & $0.974481$ & $0.968627$ & $-0.963004$ & $-0.949476$ & $-0.994438$ & $-0.983269$ & $-0.946035$ & $0.96341$ & $-0.959065$ & $-0.872989$ & $-0.481763$ & $0.900321$ & $0.96848$ & $-0.908559$ & $-0.0527984$ & $0.962915$ & $0.989708$ & $0.893163$ & $1$ & $-0.891524$ & $-0.940995$ & $0.916292$ & $0.805309$ & $0.991978$ & $0.953179$ & $0.95917$ & $0.801996$ & $-0.971475$ & $0.975998$ & $-0.921668$ & $0.963713$ & $-0.945943$ \\
eHWWint & $0$ & $0$ & $0$ & $-5.80822e-07$ & $-1.08551e-06$ & $-0.877593$ & $0.823071$ & $0.832907$ & $0.886465$ & $0.771691$ & $-0.875016$ & $0.883507$ & $0$ & $0.688572$ & $-0.865688$ & $0.782626$ & $-0.587959$ & $-0.967527$ & $-0.83588$ & $0.828264$ & $0.843026$ & $0.918542$ & $0.85973$ & $0.809236$ & $-0.794312$ & $0.838311$ & $0.684292$ & $0.647049$ & $-0.765838$ & $-0.946801$ & $0.755015$ & $-0.145932$ & $-0.89887$ & $-0.920847$ & $-0.656931$ & $-0.891524$ & $1$ & $0.864252$ & $-0.82535$ & $-0.611014$ & $-0.922715$ & $-0.807411$ & $-0.796124$ & $-0.487105$ & $0.86213$ & $-0.866297$ & $0.770888$ & $-0.830095$ & $0.802377$ \\
eHWWpar & $0$ & $0$ & $0$ & $-5.08581e-07$ & $-9.75633e-07$ & $-0.989203$ & $0.986532$ & $0.984547$ & $0.928752$ & $0.984741$ & $-0.990545$ & $0.933114$ & $0$ & $0.945904$ & $-0.990662$ & $0.963275$ & $-0.377419$ & $-0.913097$ & $-0.985896$ & $0.979478$ & $0.991442$ & $0.94456$ & $0.98134$ & $0.989617$ & $-0.965941$ & $0.992704$ & $0.854307$ & $0.643304$ & $-0.977334$ & $-0.968584$ & $0.975443$ & $0.308963$ & $-0.930547$ & $-0.971894$ & $-0.917896$ & $-0.940995$ & $0.864252$ & $1$ & $-0.813217$ & $-0.89921$ & $-0.967409$ & $-0.984234$ & $-0.978201$ & $-0.721088$ & $0.991608$ & $-0.989842$ & $0.982603$ & $-0.988126$ & $0.983801$ \\
eHZZint & $0$ & $0$ & $0$ & $1.04926e-06$ & $1.98666e-06$ & $0.827755$ & $-0.796016$ & $-0.851838$ & $-0.896048$ & $-0.768485$ & $0.842301$ & $-0.815571$ & $0$ & $-0.794129$ & $0.859826$ & $-0.833754$ & $0.759329$ & $0.902492$ & $0.84608$ & $-0.805768$ & $-0.861329$ & $-0.884958$ & $-0.877812$ & $-0.823286$ & $0.833335$ & $-0.8231$ & $-0.850292$ & $-0.573807$ & $0.718732$ & $0.899413$ & $-0.729009$ & $0.119846$ & $0.789701$ & $0.882557$ & $0.739732$ & $0.916292$ & $-0.82535$ & $-0.813217$ & $1$ & $0.756293$ & $0.907513$ & $0.809993$ & $0.843974$ & $0.652757$ & $-0.844868$ & $0.856979$ & $-0.772435$ & $0.846206$ & $-0.802444$ \\
eHZZpar & $0$ & $0$ & $0$ & $2.60152e-07$ & $4.98124e-07$ & $0.856148$ & $-0.880465$ & $-0.901694$ & $-0.782157$ & $-0.941502$ & $0.869018$ & $-0.758132$ & $0$ & $-0.970948$ & $0.889478$ & $-0.915922$ & $0.366304$ & $0.711218$ & $0.901631$ & $-0.868143$ & $-0.92054$ & $-0.769548$ & $-0.887585$ & $-0.922524$ & $0.879536$ & $-0.899291$ & $-0.825141$ & $-0.647357$ & $0.907351$ & $0.8203$ & $-0.905395$ & $-0.474907$ & $0.719869$ & $0.81624$ & $0.883534$ & $0.805309$ & $-0.611014$ & $-0.89921$ & $0.756293$ & $1$ & $0.827957$ & $0.898614$ & $0.918243$ & $0.727438$ & $-0.882983$ & $0.882261$ & $-0.932089$ & $0.912967$ & $-0.91641$ \\
eHZgaint & $0$ & $0$ & $0$ & $7.1239e-07$ & $1.35808e-06$ & $0.982533$ & $-0.960918$ & $-0.97736$ & $-0.985422$ & $-0.93214$ & $0.98551$ & $-0.968833$ & $0$ & $-0.88638$ & $0.986243$ & $-0.955389$ & $0.502524$ & $0.980913$ & $0.976786$ & $-0.967289$ & $-0.968953$ & $-0.991689$ & $-0.988475$ & $-0.959883$ & $0.959291$ & $-0.971876$ & $-0.858257$ & $-0.576178$ & $0.919805$ & $0.990036$ & $-0.921026$ & $-0.0853111$ & $0.962453$ & $0.99705$ & $0.881033$ & $0.991978$ & $-0.922715$ & $-0.967409$ & $0.907513$ & $0.827957$ & $1$ & $0.960306$ & $0.962566$ & $0.750963$ & $-0.982721$ & $0.986106$ & $-0.936726$ & $0.973911$ & $-0.956906$ \\
eHZgapar & $0$ & $0$ & $0$ & $6.83427e-07$ & $1.31159e-06$ & $0.990565$ & $-0.998572$ & $-0.995792$ & $-0.945591$ & $-0.987053$ & $0.991698$ & $-0.947513$ & $0$ & $-0.955869$ & $0.991896$ & $-0.984508$ & $0.298887$ & $0.894623$ & $0.995294$ & $-0.996524$ & $-0.984117$ & $-0.950844$ & $-0.988041$ & $-0.996852$ & $0.994781$ & $-0.997472$ & $-0.882415$ & $-0.514023$ & $0.984166$ & $0.93961$ & $-0.990206$ & $-0.344934$ & $0.942126$ & $0.96735$ & $0.970092$ & $0.953179$ & $-0.807411$ & $-0.984234$ & $0.809993$ & $0.898614$ & $0.960306$ & $1$ & $0.996405$ & $0.817444$ & $-0.994575$ & $0.992905$ & $-0.99214$ & $0.995443$ & $-0.993882$ \\
eHgagaint & $0$ & $0$ & $0$ & $7.14744e-07$ & $1.36816e-06$ & $0.982986$ & $-0.990887$ & $-0.99717$ & $-0.949157$ & $-0.984024$ & $0.987002$ & $-0.938099$ & $0$ & $-0.966013$ & $0.991466$ & $-0.989542$ & $0.349349$ & $0.893736$ & $0.995593$ & $-0.989943$ & $-0.987169$ & $-0.948442$ & $-0.991282$ & $-0.996198$ & $0.994989$ & $-0.99378$ & $-0.901332$ & $-0.52338$ & $0.973246$ & $0.940137$ & $-0.980825$ & $-0.324391$ & $0.926175$ & $0.964863$ & $0.970117$ & $0.95917$ & $-0.796124$ & $-0.978201$ & $0.843974$ & $0.918243$ & $0.962566$ & $0.996405$ & $1$ & $0.828954$ & $-0.991567$ & $0.991455$ & $-0.988825$ & $0.996635$ & $-0.991804$ \\
eHmumuint & $0$ & $0$ & $0$ & $6.41497e-07$ & $1.20751e-06$ & $0.779798$ & $-0.799856$ & $-0.821166$ & $-0.82537$ & $-0.789279$ & $0.783001$ & $-0.828159$ & $0$ & $-0.745424$ & $0.788011$ & $-0.872771$ & $0.0551732$ & $0.674549$ & $0.820574$ & $-0.83103$ & $-0.732556$ & $-0.774081$ & $-0.811352$ & $-0.793803$ & $0.841652$ & $-0.796075$ & $-0.671342$ & $-0.0312436$ & $0.799471$ & $0.655663$ & $-0.805971$ & $-0.230178$ & $0.785617$ & $0.747231$ & $0.866007$ & $0.801996$ & $-0.487105$ & $-0.721088$ & $0.652757$ & $0.727438$ & $0.750963$ & $0.817444$ & $0.828954$ & $1$ & $-0.786473$ & $0.788187$ & $-0.812862$ & $0.811414$ & $-0.829979$ \\
eHtautauint & $0$ & $0$ & $0$ & $-6.78393e-07$ & $-1.29188e-06$ & $-0.99792$ & $0.99485$ & $0.997272$ & $0.963629$ & $0.979122$ & $-0.999377$ & $0.961739$ & $0$ & $0.940163$ & $-0.999271$ & $0.980462$ & $-0.37356$ & $-0.93336$ & $-0.997179$ & $0.994459$ & $0.989488$ & $0.971684$ & $0.995949$ & $0.993427$ & $-0.987887$ & $0.998401$ & $0.875914$ & $0.559834$ & $-0.973338$ & $-0.969162$ & $0.976357$ & $0.262612$ & $-0.957022$ & $-0.986752$ & $-0.942122$ & $-0.971475$ & $0.86213$ & $0.991608$ & $-0.844868$ & $-0.882983$ & $-0.982721$ & $-0.994575$ & $-0.991567$ & $-0.786473$ & $1$ & $-0.999715$ & $0.982863$ & $-0.996655$ & $0.990167$ \\
eHccint & $0$ & $0$ & $0$ & $6.998e-07$ & $1.32582e-06$ & $0.997121$ & $-0.992542$ & $-0.997529$ & $-0.967989$ & $-0.976084$ & $0.999121$ & $-0.963029$ & $0$ & $-0.938657$ & $0.999713$ & $-0.981018$ & $0.391624$ & $0.93872$ & $0.997238$ & $-0.993005$ & $-0.989598$ & $-0.974858$ & $-0.997509$ & $-0.992149$ & $0.987548$ & $-0.997211$ & $-0.878817$ & $-0.561261$ & $0.968633$ & $0.972119$ & $-0.971804$ & $-0.244856$ & $0.95702$ & $0.988808$ & $0.939172$ & $0.975998$ & $-0.866297$ & $-0.989842$ & $0.856979$ & $0.882261$ & $0.986106$ & $0.992905$ & $0.991455$ & $0.788187$ & $-0.999715$ & $1$ & $-0.98001$ & $0.996596$ & $-0.98867$ \\
eHccpar & $0$ & $0$ & $0$ & $-4.82102e-07$ & $-9.11614e-07$ & $-0.97673$ & $0.988846$ & $0.986901$ & $0.914557$ & $0.998813$ & $-0.978728$ & $0.924692$ & $0$ & $0.965454$ & $-0.981225$ & $0.985251$ & $-0.266613$ & $-0.856547$ & $-0.988472$ & $0.985282$ & $0.977396$ & $0.916387$ & $0.975618$ & $0.994111$ & $-0.977312$ & $0.991629$ & $0.846616$ & $0.546626$ & $-0.995357$ & $-0.917536$ & $0.994461$ & $0.401973$ & $-0.911262$ & $-0.941107$ & $-0.960387$ & $-0.921668$ & $0.770888$ & $0.982603$ & $-0.772435$ & $-0.932089$ & $-0.936726$ & $-0.99214$ & $-0.988825$ & $-0.812862$ & $0.982863$ & $-0.98001$ & $1$ & $-0.99057$ & $0.996706$ \\
eHbbint & $0$ & $0$ & $0$ & $6.48018e-07$ & $1.25831e-06$ & $0.991011$ & $-0.992014$ & $-0.999055$ & $-0.95571$ & $-0.987556$ & $0.994194$ & $-0.951925$ & $0$ & $-0.956672$ & $0.997436$ & $-0.991393$ & $0.368111$ & $0.912835$ & $0.99949$ & $-0.992227$ & $-0.990044$ & $-0.957275$ & $-0.995929$ & $-0.997186$ & $0.988346$ & $-0.998084$ & $-0.873942$ & $-0.559678$ & $0.978307$ & $0.955661$ & $-0.979441$ & $-0.291587$ & $0.939016$ & $0.974267$ & $0.950739$ & $0.963713$ & $-0.830095$ & $-0.988126$ & $0.846206$ & $0.912967$ & $0.973911$ & $0.995443$ & $0.996635$ & $0.811414$ & $-0.996655$ & $0.996596$ & $-0.99057$ & $1$ & $-0.995993$ \\
eHbbpar & $0$ & $0$ & $0$ & $-4.90772e-07$ & $-9.32537e-07$ & $-0.985909$ & $0.990743$ & $0.994187$ & $0.942178$ & $0.993709$ & $-0.987954$ & $0.949519$ & $0$ & $0.951051$ & $-0.989964$ & $0.993411$ & $-0.301366$ & $-0.888471$ & $-0.995866$ & $0.992253$ & $0.978067$ & $0.940955$ & $0.9876$ & $0.993804$ & $-0.982097$ & $0.99563$ & $0.843038$ & $0.533057$ & $-0.990465$ & $-0.934109$ & $0.988328$ & $0.330057$ & $-0.934495$ & $-0.958952$ & $-0.953249$ & $-0.945943$ & $0.802377$ & $0.983801$ & $-0.802444$ & $-0.91641$ & $-0.956906$ & $-0.993882$ & $-0.991804$ & $-0.829979$ & $0.990167$ & $-0.98867$ & $0.996706$ & $-0.995993$ & $1$ \\
