 & AlsMz & dAle5Mz & mtop & mHl & Mz & CW & CHG & CHWB & CHWHB_gaga & CHWHB_gagaorth & CHD & CHbox & CH & CHL1_11 & CHL1_22 & CHL1_33 & CHL3_11 & CHL3_22 & CHL3_33 & CHe_11 & CHe_22 & CHe_33 & CHQ1_11 & CHQ1_33 & CHQ3_11 & CHu_11 & CHd_11 & CHd_33 & CeH_22r & CeH_33r & CuH_22r & CuH_33r & CdH_33r & CLL_1221 & eHggint & eHggpar & eHWWint & eHWWpar & eHZZint & eHZZpar & eHZgaint & eHZgapar & eHgagaint & eHmumuint & eHtautauint & eHccint & eHccpar & eHbbint & eHbbpar \\
AlsMz & $1$ & $0.0587941$ & $-0.0371671$ & $-0.12574$ & $0.00298134$ & $-0.012542$ & $0.026188$ & $-0.00626256$ & $-0.0128987$ & $-0.0053147$ & $-0.00094631$ & $-0.00712341$ & $0.000142112$ & $-0.00811306$ & $-0.0199381$ & $-0.0314788$ & $0.00510965$ & $0.00876031$ & $0.0192872$ & $-0.00920613$ & $-0.00285608$ & $-0.000625404$ & $0.0227274$ & $-0.0620621$ & $-0.0904883$ & $-0.0417652$ & $0.00581075$ & $0.00639022$ & $0.0132582$ & $0.0229246$ & $0.0192274$ & $0.0248975$ & $0.0327525$ & $0.0167425$ & $-0.0318301$ & $-0.014361$ & $-0.0737408$ & $0.0179988$ & $0.0837513$ & $-0.00289819$ & $0.036429$ & $-0.0140243$ & $-0.122477$ & $-0.17419$ & $0.0686769$ & $-0.005432$ & $0.0454389$ & $0.00281144$ & $0.0300047$ \\
dAle5Mz & $0.0587941$ & $1$ & $0.0931679$ & $0.100323$ & $0.000378205$ & $0.0126576$ & $0.0177163$ & $-0.0587787$ & $-0.0613514$ & $0.0151798$ & $0.0365235$ & $0.0146291$ & $-0.0158287$ & $-0.00488119$ & $-0.0223861$ & $-0.0154876$ & $0.0280839$ & $0.0280293$ & $0.0238906$ & $-0.0135852$ & $-0.0103895$ & $-0.00961418$ & $0.0173219$ & $0.0176526$ & $0.0239788$ & $-0.00305029$ & $0.0160965$ & $-0.00606226$ & $0.00711538$ & $-0.0163769$ & $0.00652349$ & $0.0180258$ & $0.0243883$ & $0.035131$ & $0.0163022$ & $0.0148471$ & $0.0992604$ & $-0.00840338$ & $-0.0167655$ & $0.00274313$ & $0.157331$ & $-0.00289148$ & $-0.0421959$ & $-0.0796347$ & $0.00319219$ & $0.0313503$ & $0.051857$ & $-0.00927884$ & $0.100313$ \\
mtop & $-0.0371671$ & $0.0931679$ & $1$ & $0.0231346$ & $0.0128029$ & $-0.00716997$ & $-0.0140453$ & $-0.0206671$ & $-0.0263903$ & $0.0261805$ & $0.012903$ & $0.00669812$ & $-0.0114401$ & $0.0208634$ & $0.00873098$ & $-0.0176317$ & $0.0283418$ & $0.0180791$ & $0.0380263$ & $-0.00349024$ & $-0.00380275$ & $-0.00433461$ & $-0.00206943$ & $0.0340977$ & $0.0242116$ & $0.00545257$ & $-0.010025$ & $-0.00376449$ & $0.000325224$ & $-0.0299628$ & $-0.0413436$ & $-0.0110937$ & $-0.0526692$ & $-0.0171168$ & $0.123448$ & $-0.01178$ & $0.036938$ & $0.0130081$ & $0.0775389$ & $0.00200454$ & $-0.0255114$ & $-0.0232112$ & $-0.0412168$ & $0.13156$ & $-0.0728191$ & $0.00384076$ & $-0.0959421$ & $-0.0443022$ & $-0.0243217$ \\
mHl & $-0.12574$ & $0.100323$ & $0.0231346$ & $1$ & $0.0141553$ & $-0.0207605$ & $0.0207468$ & $0.0222706$ & $0.0221785$ & $-0.0319345$ & $0.000758909$ & $-0.0127381$ & $0.0264316$ & $-0.0398109$ & $-0.0488401$ & $-0.0436549$ & $-0.0320877$ & $-0.0128351$ & $-0.017242$ & $-0.00520949$ & $0.0109055$ & $0.0110283$ & $0.0194154$ & $-0.0394333$ & $0.0160306$ & $0.0123944$ & $0.0917851$ & $0.00313219$ & $-0.00475095$ & $-0.0166085$ & $0.022442$ & $0.0319922$ & $0.0143227$ & $0.0684901$ & $0.104536$ & $0.133467$ & $0.0806099$ & $0.0048083$ & $0.0456252$ & $0.00444683$ & $0.236689$ & $0.019296$ & $0.0533318$ & $0.0532716$ & $-0.0197169$ & $-0.0342537$ & $0.0711849$ & $0.0967627$ & $0.0345111$ \\
Mz & $0.00298134$ & $0.000378205$ & $0.0128029$ & $0.0141553$ & $1$ & $-0.007511$ & $-0.00250135$ & $0.00475717$ & $0.00410335$ & $0.000543481$ & $-0.00141668$ & $-0.00257416$ & $-0.00181837$ & $0.00796543$ & $0.00842455$ & $0.0108651$ & $0.00809739$ & $0.00075045$ & $-0.00101673$ & $0.00829847$ & $0.00882715$ & $0.00931319$ & $0.00206428$ & $0.0031877$ & $0.00237109$ & $-0.00823883$ & $-0.000554338$ & $0.00376237$ & $0.000180365$ & $-0.00541179$ & $0.00371312$ & $0.000862542$ & $0.00598785$ & $-0.00305669$ & $0.000900331$ & $-0.00283977$ & $-0.00215644$ & $0.00594116$ & $0.0106023$ & $0.00344272$ & $-0.00769592$ & $0.00421803$ & $0.000876673$ & $0.00209637$ & $-0.00311389$ & $-0.00113139$ & $0.00117018$ & $-0.00290187$ & $0.00925888$ \\
CW & $-0.012542$ & $0.0126576$ & $-0.00716997$ & $-0.0207605$ & $-0.007511$ & $1$ & $0.0109317$ & $-0.124802$ & $-0.12197$ & $0.00256667$ & $0.184421$ & $0.0457732$ & $0.00852647$ & $0.0196154$ & $-0.0825724$ & $-0.0864664$ & $-0.260281$ & $-0.0499424$ & $-0.0455032$ & $-0.181449$ & $-0.186689$ & $-0.182225$ & $-0.0185974$ & $0.000267313$ & $-0.0863277$ & $0.11498$ & $-0.0757679$ & $-0.0695211$ & $-0.00170261$ & $0.000926379$ & $-0.00167786$ & $0.0158937$ & $-0.000348354$ & $-0.120078$ & $0.000225636$ & $0.00613918$ & $-0.0016755$ & $-0.0060689$ & $-0.00758076$ & $-0.00867992$ & $0.00737738$ & $0.0108671$ & $-0.00577306$ & $-0.0244042$ & $-0.00935977$ & $0.0122021$ & $-0.010109$ & $-0.0034205$ & $-0.0092548$ \\
CHG & $0.026188$ & $0.0177163$ & $-0.0140453$ & $0.0207468$ & $-0.00250135$ & $0.0109317$ & $1$ & $-0.11255$ & $-0.0591176$ & $0.0790006$ & $0.0598085$ & $-0.0313528$ & $-0.312178$ & $0.0680128$ & $-0.0220195$ & $-0.0261817$ & $0.101458$ & $0.111394$ & $0.115856$ & $-0.0582267$ & $-0.0630893$ & $-0.0609735$ & $-0.00829277$ & $0.118296$ & $0.111631$ & $0.0348981$ & $-0.0401063$ & $-0.0197211$ & $0.00388778$ & $-0.137921$ & $-0.0765678$ & $0.935384$ & $-0.167302$ & $-0.0724534$ & $-0.0353923$ & $-0.0200826$ & $0.0102842$ & $0.00839119$ & $0.021111$ & $-0.000673545$ & $0.0152388$ & $-0.00212477$ & $0.0185174$ & $0.00271234$ & $0.0127464$ & $0.0264909$ & $-0.0192975$ & $-0.0113425$ & $-0.0125246$ \\
CHWB & $-0.00626256$ & $-0.0587787$ & $-0.0206671$ & $0.0222706$ & $0.00475717$ & $-0.124802$ & $-0.11255$ & $1$ & $0.983328$ & $-0.561889$ & $-0.878386$ & $-0.246065$ & $0.349196$ & $0.0998021$ & $0.305365$ & $0.300622$ & $-0.234204$ & $-0.433707$ & $-0.433525$ & $0.849088$ & $0.895058$ & $0.878144$ & $0.0571828$ & $-0.668605$ & $-0.40721$ & $-0.502923$ & $0.409875$ & $0.307639$ & $0.0236943$ & $0.114298$ & $0.0568385$ & $-0.106934$ & $0.115986$ & $0.559834$ & $-0.0240715$ & $0.00488634$ & $-0.00638799$ & $0.00158376$ & $-0.00254036$ & $0.00544912$ & $-0.00549042$ & $0.00158204$ & $-0.00883231$ & $0.0172723$ & $-0.000139969$ & $-0.0091145$ & $0.0215624$ & $-0.00477258$ & $-0.00171538$ \\
CHWHB_gaga & $-0.0128987$ & $-0.0613514$ & $-0.0263903$ & $0.0221785$ & $0.00410335$ & $-0.12197$ & $-0.0591176$ & $0.983328$ & $1$ & $-0.550954$ & $-0.861054$ & $-0.222953$ & $0.343318$ & $0.0924278$ & $0.301789$ & $0.297165$ & $-0.23626$ & $-0.432373$ & $-0.432281$ & $0.832634$ & $0.877047$ & $0.860601$ & $0.0570925$ & $-0.658981$ & $-0.404584$ & $-0.493293$ & $0.402013$ & $0.303801$ & $0.028422$ & $0.133556$ & $0.0657173$ & $-0.0627501$ & $0.133$ & $0.548687$ & $-0.035697$ & $-0.00777293$ & $-0.00760454$ & $0.000960029$ & $-0.00739972$ & $0.0054249$ & $-0.00933012$ & $0.000403159$ & $0.0503866$ & $0.0133484$ & $-0.00219999$ & $-0.00393343$ & $0.0169086$ & $0.00263986$ & $-0.0110156$ \\
CHWHB_gagaorth & $-0.0053147$ & $0.0151798$ & $0.0261805$ & $-0.0319345$ & $0.000543481$ & $0.00256667$ & $0.0790006$ & $-0.561889$ & $-0.550954$ & $1$ & $0.345976$ & $0.617769$ & $-0.253824$ & $0.226973$ & $-0.121201$ & $-0.121622$ & $0.432878$ & $0.484819$ & $0.484315$ & $-0.331712$ & $-0.362172$ & $-0.356803$ & $-0.0495854$ & $0.548155$ & $0.48381$ & $0.206873$ & $-0.221564$ & $-0.12742$ & $-0.00586236$ & $-0.134713$ & $-0.0692067$ & $0.0962001$ & $-0.13684$ & $-0.345611$ & $0.0515074$ & $0.0153467$ & $-0.0060885$ & $-0.000149682$ & $0.00014131$ & $0.00355316$ & $-0.0421943$ & $-0.000381828$ & $0.0234559$ & $0.00327623$ & $-0.00208968$ & $0.0120005$ & $-0.022662$ & $1.6016e-05$ & $0.0107863$ \\
CHD & $-0.00094631$ & $0.0365235$ & $0.012903$ & $0.000758909$ & $-0.00141668$ & $0.184421$ & $0.0598085$ & $-0.878386$ & $-0.861054$ & $0.345976$ & $1$ & $0.285206$ & $-0.163527$ & $-0.515296$ & $-0.428904$ & $-0.421147$ & $-0.224189$ & $0.0636052$ & $0.0660318$ & $-0.99022$ & $-0.991152$ & $-0.970123$ & $-0.00293061$ & $0.302722$ & $0.0226602$ & $0.560669$ & $-0.281126$ & $-0.33949$ & $-0.0131435$ & $-0.0619796$ & $-0.0327343$ & $0.0674511$ & $-0.0616699$ & $-0.364264$ & $0.0306789$ & $0.00917323$ & $0.0112863$ & $-0.000781241$ & $-0.00474597$ & $-0.00822699$ & $0.00135878$ & $0.0082896$ & $0.00726249$ & $-0.016354$ & $0.00258955$ & $-0.0044275$ & $-0.010739$ & $7.21229e-05$ & $0.000671672$ \\
CHbox & $-0.00712341$ & $0.0146291$ & $0.00669812$ & $-0.0127381$ & $-0.00257416$ & $0.0457732$ & $-0.0313528$ & $-0.246065$ & $-0.222953$ & $0.617769$ & $0.285206$ & $1$ & $0.0731078$ & $-0.180226$ & $-0.0386334$ & $-0.0362387$ & $-0.090234$ & $-0.0434876$ & $-0.0432648$ & $-0.263004$ & $-0.294569$ & $-0.285358$ & $-0.0219829$ & $0.0947849$ & $-0.0339039$ & $0.166503$ & $-0.144088$ & $-0.100113$ & $0.0359303$ & $0.202616$ & $0.0469893$ & $0.0568489$ & $0.234997$ & $-0.172188$ & $0.112857$ & $0.0469554$ & $-0.00166756$ & $0.00668797$ & $-0.0147496$ & $0.00657416$ & $-0.0319609$ & $-0.00119102$ & $0.00931617$ & $0.000705472$ & $0.00710869$ & $-0.000175996$ & $0.00139744$ & $-0.00841822$ & $0.0139224$ \\
CH & $0.000142112$ & $-0.0158287$ & $-0.0114401$ & $0.0264316$ & $-0.00181837$ & $0.00852647$ & $-0.312178$ & $0.349196$ & $0.343318$ & $-0.253824$ & $-0.163527$ & $0.0731078$ & $1$ & $-0.249422$ & $0.0706146$ & $0.0687999$ & $-0.37098$ & $-0.392971$ & $-0.39135$ & $0.158592$ & $0.174288$ & $0.172916$ & $0.0314769$ & $-0.400495$ & $-0.389384$ & $-0.0990676$ & $0.128828$ & $0.0583552$ & $0.0500055$ & $0.283834$ & $0.120977$ & $-0.258284$ & $0.326548$ & $0.216896$ & $0.0246399$ & $0.020604$ & $0.00272183$ & $-0.0104962$ & $-0.0116718$ & $0.00499549$ & $0.00333168$ & $0.00326626$ & $-0.00993372$ & $-0.00917157$ & $-0.00262819$ & $-0.0183739$ & $0.0208526$ & $-0.000798816$ & $-0.00172203$ \\
CHL1_11 & $-0.00811306$ & $-0.00488119$ & $0.0208634$ & $-0.0398109$ & $0.00796543$ & $0.0196154$ & $0.0680128$ & $0.0998021$ & $0.0924278$ & $0.226973$ & $-0.515296$ & $-0.180226$ & $-0.249422$ & $1$ & $0.275663$ & $0.262615$ & $0.663684$ & $0.598246$ & $0.597669$ & $0.533262$ & $0.477114$ & $0.462607$ & $-0.084127$ & $0.470104$ & $0.601527$ & $-0.267256$ & $-0.0923988$ & $0.163719$ & $-0.0129517$ & $-0.0670153$ & $-0.0302037$ & $0.0440788$ & $-0.0687661$ & $-0.212494$ & $-0.013826$ & $-0.0273987$ & $-0.0169414$ & $-0.00659102$ & $0.0094963$ & $0.00710504$ & $-0.00543519$ & $-0.015233$ & $-0.00290822$ & $0.00641024$ & $-0.00894406$ & $0.0241069$ & $-0.0184777$ & $0.00522488$ & $-2.57117e-05$ \\
CHL1_22 & $-0.0199381$ & $-0.0223861$ & $0.00873098$ & $-0.0488401$ & $0.00842455$ & $-0.0825724$ & $-0.0220195$ & $0.305365$ & $0.301789$ & $-0.121201$ & $-0.428904$ & $-0.0386334$ & $0.0706146$ & $0.275663$ & $1$ & $0.441993$ & $0.16874$ & $-0.442419$ & $-0.0273787$ & $0.493802$ & $0.34643$ & $0.336745$ & $-0.165976$ & $0.107812$ & $-0.126205$ & $-0.207197$ & $-0.392722$ & $0.121924$ & $0.00720398$ & $0.0327872$ & $0.0235042$ & $-0.0209829$ & $0.0331549$ & $-0.587446$ & $0.00641806$ & $-0.0305278$ & $-0.0147003$ & $-0.00213582$ & $0.0153098$ & $0.0172675$ & $0.00608993$ & $-0.0132137$ & $0.00750673$ & $-0.00287214$ & $-0.00104609$ & $0.00452573$ & $0.01271$ & $0.0111787$ & $-0.00710767$ \\
CHL1_33 & $-0.0314788$ & $-0.0154876$ & $-0.0176317$ & $-0.0436549$ & $0.0108651$ & $-0.0864664$ & $-0.0261817$ & $0.300622$ & $0.297165$ & $-0.121622$ & $-0.421147$ & $-0.0362387$ & $0.0687999$ & $0.262615$ & $0.441993$ & $1$ & $0.167706$ & $-0.0214108$ & $-0.437217$ & $0.485518$ & $0.341062$ & $0.360387$ & $-0.168892$ & $0.103372$ & $-0.121177$ & $-0.198758$ & $-0.384394$ & $0.119439$ & $0.00327432$ & $0.0354417$ & $0.0261878$ & $-0.0239792$ & $0.0339802$ & $-0.0878709$ & $-0.0092578$ & $-0.0143758$ & $-0.00354327$ & $0.00770245$ & $0.0251437$ & $0.00900138$ & $0.0111535$ & $-0.0134312$ & $0.00712022$ & $-0.00333753$ & $0.00441392$ & $-0.00391815$ & $0.0168693$ & $0.0139589$ & $-0.0105645$ \\
CHL3_11 & $0.00510965$ & $0.0280839$ & $0.0283418$ & $-0.0320877$ & $0.00809739$ & $-0.260281$ & $0.101458$ & $-0.234204$ & $-0.23626$ & $0.432878$ & $-0.224189$ & $-0.090234$ & $-0.37098$ & $0.663684$ & $0.16874$ & $0.167706$ & $1$ & $0.738231$ & $0.73123$ & $0.247497$ & $0.192377$ & $0.183443$ & $-0.0696429$ & $0.674516$ & $0.779906$ & $-0.118174$ & $-0.154462$ & $0.0622698$ & $-0.0222445$ & $-0.108029$ & $-0.0514234$ & $0.0733427$ & $-0.115286$ & $-0.247451$ & $-0.0194721$ & $-0.0225794$ & $-0.00506943$ & $0.00307573$ & $0.0137564$ & $0.00272342$ & $0.00658169$ & $-0.0202089$ & $0.00768056$ & $0.00876088$ & $-0.00521514$ & $0.0251833$ & $-0.0246942$ & $0.00806559$ & $-5.69065e-05$ \\
CHL3_22 & $0.00876031$ & $0.0280293$ & $0.0180791$ & $-0.0128351$ & $0.00075045$ & $-0.0499424$ & $0.111394$ & $-0.433707$ & $-0.432373$ & $0.484819$ & $0.0636052$ & $-0.0434876$ & $-0.392971$ & $0.598246$ & $-0.442419$ & $-0.0214108$ & $0.738231$ & $1$ & $0.673497$ & $-0.0651227$ & $-0.0583416$ & $-0.0570177$ & $0.00158497$ & $0.621433$ & $0.797299$ & $0.0345334$ & $-0.000274447$ & $-0.023876$ & $-0.0247995$ & $-0.120135$ & $-0.0611662$ & $0.086417$ & $-0.125229$ & $0.0323011$ & $-0.0145829$ & $-0.00598988$ & $-0.000683553$ & $0.00148793$ & $0.00470126$ & $-0.00661642$ & $-0.00168055$ & $-0.0100304$ & $0.000519861$ & $0.00625042$ & $-0.00576167$ & $0.0218737$ & $-0.0313813$ & $0.00128362$ & $0.00219461$ \\
CHL3_33 & $0.0192872$ & $0.0238906$ & $0.0380263$ & $-0.017242$ & $-0.00101673$ & $-0.0455032$ & $0.115856$ & $-0.433525$ & $-0.432281$ & $0.484315$ & $0.0660318$ & $-0.0432648$ & $-0.39135$ & $0.597669$ & $-0.0273787$ & $-0.437217$ & $0.73123$ & $0.673497$ & $1$ & $-0.0681942$ & $-0.0598788$ & $-0.0599348$ & $0.00925118$ & $0.619076$ & $0.794685$ & $0.0313811$ & $0.00592494$ & $-0.0241506$ & $-0.0241849$ & $-0.121024$ & $-0.0620877$ & $0.0902123$ & $-0.125423$ & $-0.345944$ & $-0.00458388$ & $-0.0181359$ & $-0.00704198$ & $-0.00672027$ & $-0.00370188$ & $0.00168363$ & $-0.00256544$ & $-0.0070162$ & $-0.00081734$ & $0.0030927$ & $-0.00805166$ & $0.0275317$ & $-0.0339262$ & $-0.00204966$ & $0.00469312$ \\
CHe_11 & $-0.00920613$ & $-0.0135852$ & $-0.00349024$ & $-0.00520949$ & $0.00829847$ & $-0.181449$ & $-0.0582267$ & $0.849088$ & $0.832634$ & $-0.331712$ & $-0.99022$ & $-0.263004$ & $0.158592$ & $0.533262$ & $0.493802$ & $0.485518$ & $0.247497$ & $-0.0651227$ & $-0.0681942$ & $1$ & $0.972716$ & $0.95279$ & $-0.0206005$ & $-0.247671$ & $-0.0142991$ & $-0.551396$ & $0.206464$ & $0.333221$ & $0.0128088$ & $0.0607586$ & $0.0323119$ & $-0.0648558$ & $0.0614288$ & $0.285518$ & $-0.0261709$ & $-0.011141$ & $-0.00883788$ & $0.00113898$ & $0.00638364$ & $0.00984499$ & $0.00343535$ & $-0.0102797$ & $-0.00643083$ & $0.0155698$ & $-0.00377239$ & $0.00632426$ & $0.0107882$ & $0.00097343$ & $9.15739e-05$ \\
CHe_22 & $-0.00285608$ & $-0.0103895$ & $-0.00380275$ & $0.0109055$ & $0.00882715$ & $-0.186689$ & $-0.0630893$ & $0.895058$ & $0.877047$ & $-0.362172$ & $-0.991152$ & $-0.294569$ & $0.174288$ & $0.477114$ & $0.34643$ & $0.341062$ & $0.192377$ & $-0.0583416$ & $-0.0598788$ & $0.972716$ & $1$ & $0.975103$ & $0.030803$ & $-0.357221$ & $-0.0284497$ & $-0.563025$ & $0.361372$ & $0.341276$ & $0.0132377$ & $0.0627226$ & $0.031976$ & $-0.0707745$ & $0.06321$ & $0.449394$ & $-0.0312619$ & $-0.0050732$ & $-0.00661716$ & $0.000667114$ & $0.00084406$ & $0.00719288$ & $0.0015634$ & $-0.00655704$ & $-0.00887895$ & $0.0179636$ & $-0.00361054$ & $0.00433618$ & $0.0106338$ & $-0.00286726$ & $0.00272377$ \\
CHe_33 & $-0.000625404$ & $-0.00961418$ & $-0.00433461$ & $0.0110283$ & $0.00931319$ & $-0.182225$ & $-0.0609735$ & $0.878144$ & $0.860601$ & $-0.356803$ & $-0.970123$ & $-0.285358$ & $0.172916$ & $0.462607$ & $0.336745$ & $0.360387$ & $0.183443$ & $-0.0570177$ & $-0.0599348$ & $0.95279$ & $0.975103$ & $1$ & $0.031343$ & $-0.351973$ & $-0.0286576$ & $-0.551065$ & $0.356826$ & $0.331637$ & $0.0134777$ & $0.0624666$ & $0.0330712$ & $-0.067555$ & $0.063016$ & $0.445732$ & $-0.0299175$ & $-0.0059322$ & $-0.00500945$ & $-0.000216711$ & $0.00278219$ & $0.00978616$ & $0.00483555$ & $-0.00336231$ & $-0.00949853$ & $0.0142433$ & $-0.0023657$ & $0.00633409$ & $0.011239$ & $-0.00348033$ & $0.00136938$ \\
CHQ1_11 & $0.0227274$ & $0.0173219$ & $-0.00206943$ & $0.0194154$ & $0.00206428$ & $-0.0185974$ & $-0.00829277$ & $0.0571828$ & $0.0570925$ & $-0.0495854$ & $-0.00293061$ & $-0.0219829$ & $0.0314769$ & $-0.084127$ & $-0.165976$ & $-0.168892$ & $-0.0696429$ & $0.00158497$ & $0.00925118$ & $-0.0206005$ & $0.030803$ & $0.031343$ & $1$ & $-0.136594$ & $0.0701886$ & $-0.674022$ & $0.333811$ & $0.000932041$ & $0.00407387$ & $0.0109804$ & $0.00335955$ & $-0.00495568$ & $0.0150172$ & $0.190472$ & $0.0028671$ & $0.0199375$ & $-0.011617$ & $-0.00774184$ & $-0.0206783$ & $-0.00317016$ & $0.00288689$ & $-0.000122232$ & $0.00328341$ & $0.00865425$ & $-0.00261865$ & $0.0117154$ & $-0.00573436$ & $0.000660835$ & $0.00228385$ \\
CHQ1_33 & $-0.0620621$ & $0.0176526$ & $0.0340977$ & $-0.0394333$ & $0.0031877$ & $0.000267313$ & $0.118296$ & $-0.668605$ & $-0.658981$ & $0.548155$ & $0.302722$ & $0.0947849$ & $-0.400495$ & $0.470104$ & $0.107812$ & $0.103372$ & $0.674516$ & $0.621433$ & $0.619076$ & $-0.247671$ & $-0.357221$ & $-0.351973$ & $-0.136594$ & $1$ & $0.648317$ & $0.199642$ & $-0.414957$ & $-0.0231591$ & $-0.0258875$ & $-0.119128$ & $-0.0546439$ & $0.101418$ & $-0.129186$ & $-0.630428$ & $0.0119263$ & $-0.025611$ & $-0.00595087$ & $-0.00294176$ & $0.000447297$ & $0.00250074$ & $0.000442667$ & $-0.0128166$ & $0.0218257$ & $0.00696279$ & $-0.00641768$ & $0.0227949$ & $-0.0296669$ & $0.0114484$ & $-0.014895$ \\
CHQ3_11 & $-0.0904883$ & $0.0239788$ & $0.0242116$ & $0.0160306$ & $0.00237109$ & $-0.0863277$ & $0.111631$ & $-0.40721$ & $-0.404584$ & $0.48381$ & $0.0226602$ & $-0.0339039$ & $-0.389384$ & $0.601527$ & $-0.126205$ & $-0.121177$ & $0.779906$ & $0.797299$ & $0.794685$ & $-0.0142991$ & $-0.0284497$ & $-0.0286576$ & $0.0701886$ & $0.648317$ & $1$ & $0.0211383$ & $0.203701$ & $-0.010871$ & $-0.024429$ & $-0.120848$ & $-0.0600978$ & $0.0870189$ & $-0.127575$ & $-0.209546$ & $-0.0128586$ & $-0.0112639$ & $0.0037436$ & $-0.0134217$ & $-0.0152743$ & $-0.00127824$ & $-0.0097154$ & $-0.00838493$ & $0.00974236$ & $0.0222385$ & $-0.0137043$ & $0.0281795$ & $-0.0300688$ & $-0.00780337$ & $-0.00089544$ \\
CHu_11 & $-0.0417652$ & $-0.00305029$ & $0.00545257$ & $0.0123944$ & $-0.00823883$ & $0.11498$ & $0.0348981$ & $-0.502923$ & $-0.493293$ & $0.206873$ & $0.560669$ & $0.166503$ & $-0.0990676$ & $-0.267256$ & $-0.207197$ & $-0.198758$ & $-0.118174$ & $0.0345334$ & $0.0313811$ & $-0.551396$ & $-0.563025$ & $-0.551065$ & $-0.674022$ & $0.199642$ & $0.0211383$ & $1$ & $-0.163329$ & $-0.182087$ & $-0.0035202$ & $-0.0400198$ & $-0.0185451$ & $0.0366332$ & $-0.0423854$ & $-0.24598$ & $0.00794957$ & $0.000460963$ & $0.0219782$ & $0.000533175$ & $-0.000672537$ & $-0.00276757$ & $-0.000174082$ & $0.00490123$ & $0.000228453$ & $-0.00393544$ & $0.0016569$ & $-0.00359714$ & $-0.00871925$ & $-0.00606994$ & $-0.000444676$ \\
CHd_11 & $0.00581075$ & $0.0160965$ & $-0.010025$ & $0.0917851$ & $-0.000554338$ & $-0.0757679$ & $-0.0401063$ & $0.409875$ & $0.402013$ & $-0.221564$ & $-0.281126$ & $-0.144088$ & $0.128828$ & $-0.0923988$ & $-0.392722$ & $-0.384394$ & $-0.154462$ & $-0.000274447$ & $0.00592494$ & $0.206464$ & $0.361372$ & $0.356826$ & $0.333811$ & $-0.414957$ & $0.203701$ & $-0.163329$ & $1$ & $0.112782$ & $0.0107686$ & $0.0344044$ & $0.0148422$ & $-0.0406977$ & $0.0333447$ & $0.672926$ & $-0.0261095$ & $0.0249532$ & $0.00842323$ & $-0.0146678$ & $-0.0382926$ & $-0.00614258$ & $-0.011255$ & $0.0124409$ & $-0.016103$ & $0.0184261$ & $-0.0017144$ & $0.00486135$ & $0.00411963$ & $-0.0265141$ & $0.00502347$ \\
CHd_33 & $0.00639022$ & $-0.00606226$ & $-0.00376449$ & $0.00313219$ & $0.00376237$ & $-0.0695211$ & $-0.0197211$ & $0.307639$ & $0.303801$ & $-0.12742$ & $-0.33949$ & $-0.100113$ & $0.0583552$ & $0.163719$ & $0.121924$ & $0.119439$ & $0.0622698$ & $-0.023876$ & $-0.0241506$ & $0.333221$ & $0.341276$ & $0.331637$ & $0.000932041$ & $-0.0231591$ & $-0.010871$ & $-0.182087$ & $0.112782$ & $1$ & $0.00980508$ & $0.0273063$ & $0.0135528$ & $-0.0248418$ & $0.0252355$ & $0.151374$ & $-0.0240213$ & $-0.0068675$ & $-0.00443221$ & $0.00881245$ & $-0.00400432$ & $-0.00817924$ & $0.0128852$ & $-0.00126678$ & $0.00890504$ & $0.00551487$ & $-0.00387588$ & $0.010285$ & $-0.00301362$ & $0.00400448$ & $0.00175699$ \\
CeH_22r & $0.0132582$ & $0.00711538$ & $0.000325224$ & $-0.00475095$ & $0.000180365$ & $-0.00170261$ & $0.00388778$ & $0.0236943$ & $0.028422$ & $-0.00586236$ & $-0.0131435$ & $0.0359303$ & $0.0500055$ & $-0.0129517$ & $0.00720398$ & $0.00327432$ & $-0.0222445$ & $-0.0247995$ & $-0.0241849$ & $0.0128088$ & $0.0132377$ & $0.0134777$ & $0.00407387$ & $-0.0258875$ & $-0.024429$ & $-0.0035202$ & $0.0107686$ & $0.00980508$ & $1$ & $0.043253$ & $0.0248116$ & $-0.011231$ & $0.0536778$ & $0.0132861$ & $-0.041838$ & $-0.0137442$ & $-0.0226228$ & $0.00136386$ & $-0.00198538$ & $-0.00372158$ & $-0.00943432$ & $-0.000807296$ & $-0.0160212$ & $0.00445476$ & $-0.00961896$ & $-0.00821031$ & $0.00929145$ & $0.00964443$ & $0.0164207$ \\
CeH_33r & $0.0229246$ & $-0.0163769$ & $-0.0299628$ & $-0.0166085$ & $-0.00541179$ & $0.000926379$ & $-0.137921$ & $0.114298$ & $0.133556$ & $-0.134713$ & $-0.0619796$ & $0.202616$ & $0.283834$ & $-0.0670153$ & $0.0327872$ & $0.0354417$ & $-0.108029$ & $-0.120135$ & $-0.121024$ & $0.0607586$ & $0.0627226$ & $0.0624666$ & $0.0109804$ & $-0.119128$ & $-0.120848$ & $-0.0400198$ & $0.0344044$ & $0.0273063$ & $0.043253$ & $1$ & $0.31648$ & $0.00821138$ & $0.640478$ & $0.0616377$ & $-0.0420304$ & $-0.0274489$ & $-0.162311$ & $-0.0257392$ & $-0.0159923$ & $-0.00617455$ & $-0.0157822$ & $-0.00538681$ & $-0.0456844$ & $0.00529993$ & $0.0591762$ & $-0.00346537$ & $0.0210574$ & $0.00673779$ & $-0.00818803$ \\
CuH_22r & $0.0192274$ & $0.00652349$ & $-0.0413436$ & $0.022442$ & $0.00371312$ & $-0.00167786$ & $-0.0765678$ & $0.0568385$ & $0.0657173$ & $-0.0692067$ & $-0.0327343$ & $0.0469893$ & $0.120977$ & $-0.0302037$ & $0.0235042$ & $0.0261878$ & $-0.0514234$ & $-0.0611662$ & $-0.0620877$ & $0.0323119$ & $0.031976$ & $0.0330712$ & $0.00335955$ & $-0.0546439$ & $-0.0600978$ & $-0.0185451$ & $0.0148422$ & $0.0135528$ & $0.0248116$ & $0.31648$ & $1$ & $0.0154268$ & $0.3372$ & $0.0262947$ & $-0.0035743$ & $-0.00700313$ & $-0.112879$ & $-0.0163238$ & $-0.0418404$ & $-0.0139536$ & $-0.0568338$ & $0.00101271$ & $-0.0241209$ & $-0.0248051$ & $-0.027594$ & $0.0519452$ & $0.299864$ & $-0.0426271$ & $-0.0261008$ \\
CuH_33r & $0.0248975$ & $0.0180258$ & $-0.0110937$ & $0.0319922$ & $0.000862542$ & $0.0158937$ & $0.935384$ & $-0.106934$ & $-0.0627501$ & $0.0962001$ & $0.0674511$ & $0.0568489$ & $-0.258284$ & $0.0440788$ & $-0.0209829$ & $-0.0239792$ & $0.0733427$ & $0.086417$ & $0.0902123$ & $-0.0648558$ & $-0.0707745$ & $-0.067555$ & $-0.00495568$ & $0.101418$ & $0.0870189$ & $0.0366332$ & $-0.0406977$ & $-0.0248418$ & $-0.011231$ & $0.00821138$ & $0.0154268$ & $1$ & $0.00665215$ & $-0.0700483$ & $0.0482297$ & $0.0190785$ & $-0.0166033$ & $0.00267807$ & $0.0221325$ & $-0.000635908$ & $0.00945756$ & $-0.00525076$ & $0.0163506$ & $0.00296744$ & $0.0176661$ & $0.0269157$ & $-0.0132783$ & $-0.0186511$ & $-0.00623368$ \\
CdH_33r & $0.0327525$ & $0.0243883$ & $-0.0526692$ & $0.0143227$ & $0.00598785$ & $-0.000348354$ & $-0.167302$ & $0.115986$ & $0.133$ & $-0.13684$ & $-0.0616699$ & $0.234997$ & $0.326548$ & $-0.0687661$ & $0.0331549$ & $0.0339802$ & $-0.115286$ & $-0.125229$ & $-0.125423$ & $0.0614288$ & $0.06321$ & $0.063016$ & $0.0150172$ & $-0.129186$ & $-0.127575$ & $-0.0423854$ & $0.0333447$ & $0.0252355$ & $0.0536778$ & $0.640478$ & $0.3372$ & $0.00665215$ & $1$ & $0.0637752$ & $-0.0577343$ & $0.0313388$ & $-0.142602$ & $-0.0312096$ & $0.0110389$ & $0.00180435$ & $-0.00293948$ & $-0.0139946$ & $-0.0786167$ & $0.0705497$ & $0.0317099$ & $-0.0556161$ & $-0.0135918$ & $0.233835$ & $0.461657$ \\
CLL_1221 & $0.0167425$ & $0.035131$ & $-0.0171168$ & $0.0684901$ & $-0.00305669$ & $-0.120078$ & $-0.0724534$ & $0.559834$ & $0.548687$ & $-0.345611$ & $-0.364264$ & $-0.172188$ & $0.216896$ & $-0.212494$ & $-0.587446$ & $-0.0878709$ & $-0.247451$ & $0.0323011$ & $-0.345944$ & $0.285518$ & $0.449394$ & $0.445732$ & $0.190472$ & $-0.630428$ & $-0.209546$ & $-0.24598$ & $0.672926$ & $0.151374$ & $0.0132861$ & $0.0616377$ & $0.0262947$ & $-0.0700483$ & $0.0637752$ & $1$ & $-0.0282708$ & $0.0317635$ & $0.015496$ & $0.00622042$ & $-0.0141046$ & $-0.0108685$ & $0.00217266$ & $0.0102539$ & $-0.0135572$ & $0.0139159$ & $0.00207027$ & $-0.00909178$ & $0.0107839$ & $-0.0132822$ & $0.00967522$ \\
eHggint & $-0.0318301$ & $0.0163022$ & $0.123448$ & $0.104536$ & $0.000900331$ & $0.000225636$ & $-0.0353923$ & $-0.0240715$ & $-0.035697$ & $0.0515074$ & $0.0306789$ & $0.112857$ & $0.0246399$ & $-0.013826$ & $0.00641806$ & $-0.0092578$ & $-0.0194721$ & $-0.0145829$ & $-0.00458388$ & $-0.0261709$ & $-0.0312619$ & $-0.0299175$ & $0.0028671$ & $0.0119263$ & $-0.0128586$ & $0.00794957$ & $-0.0261095$ & $-0.0240213$ & $-0.041838$ & $-0.0420304$ & $-0.0035743$ & $0.0482297$ & $-0.0577343$ & $-0.0282708$ & $1$ & $-0.0102096$ & $0.0360734$ & $-0.031505$ & $-0.00917378$ & $0.0113316$ & $-0.0774551$ & $-0.0125797$ & $0.0814133$ & $-0.0137225$ & $0.00815706$ & $-0.00575784$ & $-0.000769308$ & $-0.116114$ & $-0.0157443$ \\
eHggpar & $-0.014361$ & $0.0148471$ & $-0.01178$ & $0.133467$ & $-0.00283977$ & $0.00613918$ & $-0.0200826$ & $0.00488634$ & $-0.00777293$ & $0.0153467$ & $0.00917323$ & $0.0469554$ & $0.020604$ & $-0.0273987$ & $-0.0305278$ & $-0.0143758$ & $-0.0225794$ & $-0.00598988$ & $-0.0181359$ & $-0.011141$ & $-0.0050732$ & $-0.0059322$ & $0.0199375$ & $-0.025611$ & $-0.0112639$ & $0.000460963$ & $0.0249532$ & $-0.0068675$ & $-0.0137442$ & $-0.0274489$ & $-0.00700313$ & $0.0190785$ & $0.0313388$ & $0.0317635$ & $-0.0102096$ & $1$ & $0.0971981$ & $0.00558398$ & $-0.0814683$ & $0.00529053$ & $0.133804$ & $0.0327226$ & $-0.0596023$ & $-0.0192137$ & $0.061201$ & $-0.00784399$ & $0.0153508$ & $0.0238378$ & $0.133577$ \\
eHWWint & $-0.0737408$ & $0.0992604$ & $0.036938$ & $0.0806099$ & $-0.00215644$ & $-0.0016755$ & $0.0102842$ & $-0.00638799$ & $-0.00760454$ & $-0.0060885$ & $0.0112863$ & $-0.00166756$ & $0.00272183$ & $-0.0169414$ & $-0.0147003$ & $-0.00354327$ & $-0.00506943$ & $-0.000683553$ & $-0.00704198$ & $-0.00883788$ & $-0.00661716$ & $-0.00500945$ & $-0.011617$ & $-0.00595087$ & $0.0037436$ & $0.0219782$ & $0.00842323$ & $-0.00443221$ & $-0.0226228$ & $-0.162311$ & $-0.112879$ & $-0.0166033$ & $-0.142602$ & $0.015496$ & $0.0360734$ & $0.0971981$ & $1$ & $-0.00393765$ & $0.0419181$ & $-0.0029052$ & $0.149372$ & $0.0182474$ & $0.167472$ & $-0.0154384$ & $0.0948164$ & $-0.0088809$ & $-0.0720404$ & $-0.0395152$ & $0.0756311$ \\
eHWWpar & $0.0179988$ & $-0.00840338$ & $0.0130081$ & $0.0048083$ & $0.00594116$ & $-0.0060689$ & $0.00839119$ & $0.00158376$ & $0.000960029$ & $-0.000149682$ & $-0.000781241$ & $0.00668797$ & $-0.0104962$ & $-0.00659102$ & $-0.00213582$ & $0.00770245$ & $0.00307573$ & $0.00148793$ & $-0.00672027$ & $0.00113898$ & $0.000667114$ & $-0.000216711$ & $-0.00774184$ & $-0.00294176$ & $-0.0134217$ & $0.000533175$ & $-0.0146678$ & $0.00881245$ & $0.00136386$ & $-0.0257392$ & $-0.0163238$ & $0.00267807$ & $-0.0312096$ & $0.00622042$ & $-0.031505$ & $0.00558398$ & $-0.00393765$ & $1$ & $0.0116146$ & $-0.0123775$ & $-0.0284683$ & $-0.0069745$ & $0.0105264$ & $-0.00613928$ & $0.00132159$ & $0.00762779$ & $-0.00111489$ & $-0.0120558$ & $-0.0242251$ \\
eHZZint & $0.0837513$ & $-0.0167655$ & $0.0775389$ & $0.0456252$ & $0.0106023$ & $-0.00758076$ & $0.021111$ & $-0.00254036$ & $-0.00739972$ & $0.00014131$ & $-0.00474597$ & $-0.0147496$ & $-0.0116718$ & $0.0094963$ & $0.0153098$ & $0.0251437$ & $0.0137564$ & $0.00470126$ & $-0.00370188$ & $0.00638364$ & $0.00084406$ & $0.00278219$ & $-0.0206783$ & $0.000447297$ & $-0.0152743$ & $-0.000672537$ & $-0.0382926$ & $-0.00400432$ & $-0.00198538$ & $-0.0159923$ & $-0.0418404$ & $0.0221325$ & $0.0110389$ & $-0.0141046$ & $-0.00917378$ & $-0.0814683$ & $0.0419181$ & $0.0116146$ & $1$ & $0.00716557$ & $-0.0960694$ & $-0.00666164$ & $-0.0545481$ & $0.111717$ & $0.132527$ & $0.0233528$ & $-0.0781778$ & $0.0971715$ & $0.0601597$ \\
eHZZpar & $-0.00289819$ & $0.00274313$ & $0.00200454$ & $0.00444683$ & $0.00344272$ & $-0.00867992$ & $-0.000673545$ & $0.00544912$ & $0.0054249$ & $0.00355316$ & $-0.00822699$ & $0.00657416$ & $0.00499549$ & $0.00710504$ & $0.0172675$ & $0.00900138$ & $0.00272342$ & $-0.00661642$ & $0.00168363$ & $0.00984499$ & $0.00719288$ & $0.00978616$ & $-0.00317016$ & $0.00250074$ & $-0.00127824$ & $-0.00276757$ & $-0.00614258$ & $-0.00817924$ & $-0.00372158$ & $-0.00617455$ & $-0.0139536$ & $-0.000635908$ & $0.00180435$ & $-0.0108685$ & $0.0113316$ & $0.00529053$ & $-0.0029052$ & $-0.0123775$ & $0.00716557$ & $1$ & $0.00587939$ & $-0.00863087$ & $-0.00544902$ & $0.00476982$ & $-0.00932765$ & $0.0212127$ & $-0.0142662$ & $0.000980975$ & $0.0183727$ \\
eHZgaint & $0.036429$ & $0.157331$ & $-0.0255114$ & $0.236689$ & $-0.00769592$ & $0.00737738$ & $0.0152388$ & $-0.00549042$ & $-0.00933012$ & $-0.0421943$ & $0.00135878$ & $-0.0319609$ & $0.00333168$ & $-0.00543519$ & $0.00608993$ & $0.0111535$ & $0.00658169$ & $-0.00168055$ & $-0.00256544$ & $0.00343535$ & $0.0015634$ & $0.00483555$ & $0.00288689$ & $0.000442667$ & $-0.0097154$ & $-0.000174082$ & $-0.011255$ & $0.0128852$ & $-0.00943432$ & $-0.0157822$ & $-0.0568338$ & $0.00945756$ & $-0.00293948$ & $0.00217266$ & $-0.0774551$ & $0.133804$ & $0.149372$ & $-0.0284683$ & $-0.0960694$ & $0.00587939$ & $1$ & $0.00204029$ & $-0.0589806$ & $0.00507427$ & $-0.0350418$ & $0.0183463$ & $-0.171528$ & $0.09428$ & $-0.0186981$ \\
eHZgapar & $-0.0140243$ & $-0.00289148$ & $-0.0232112$ & $0.019296$ & $0.00421803$ & $0.0108671$ & $-0.00212477$ & $0.00158204$ & $0.000403159$ & $-0.000381828$ & $0.0082896$ & $-0.00119102$ & $0.00326626$ & $-0.015233$ & $-0.0132137$ & $-0.0134312$ & $-0.0202089$ & $-0.0100304$ & $-0.0070162$ & $-0.0102797$ & $-0.00655704$ & $-0.00336231$ & $-0.000122232$ & $-0.0128166$ & $-0.00838493$ & $0.00490123$ & $0.0124409$ & $-0.00126678$ & $-0.000807296$ & $-0.00538681$ & $0.00101271$ & $-0.00525076$ & $-0.0139946$ & $0.0102539$ & $-0.0125797$ & $0.0327226$ & $0.0182474$ & $-0.0069745$ & $-0.00666164$ & $-0.00863087$ & $0.00204029$ & $1$ & $-0.00550079$ & $-0.00302524$ & $0.000513996$ & $0.0133193$ & $-0.00826415$ & $-0.00122692$ & $-0.00839279$ \\
eHgagaint & $-0.122477$ & $-0.0421959$ & $-0.0412168$ & $0.0533318$ & $0.000876673$ & $-0.00577306$ & $0.0185174$ & $-0.00883231$ & $0.0503866$ & $0.0234559$ & $0.00726249$ & $0.00931617$ & $-0.00993372$ & $-0.00290822$ & $0.00750673$ & $0.00712022$ & $0.00768056$ & $0.000519861$ & $-0.00081734$ & $-0.00643083$ & $-0.00887895$ & $-0.00949853$ & $0.00328341$ & $0.0218257$ & $0.00974236$ & $0.000228453$ & $-0.016103$ & $0.00890504$ & $-0.0160212$ & $-0.0456844$ & $-0.0241209$ & $0.0163506$ & $-0.0786167$ & $-0.0135572$ & $0.0814133$ & $-0.0596023$ & $0.167472$ & $0.0105264$ & $-0.0545481$ & $-0.00544902$ & $-0.0589806$ & $-0.00550079$ & $1$ & $-0.0764998$ & $-0.00583026$ & $0.059409$ & $-0.0561591$ & $0.0837463$ & $-0.133687$ \\
eHmumuint & $-0.17419$ & $-0.0796347$ & $0.13156$ & $0.0532716$ & $0.00209637$ & $-0.0244042$ & $0.00271234$ & $0.0172723$ & $0.0133484$ & $0.00327623$ & $-0.016354$ & $0.000705472$ & $-0.00917157$ & $0.00641024$ & $-0.00287214$ & $-0.00333753$ & $0.00876088$ & $0.00625042$ & $0.0030927$ & $0.0155698$ & $0.0179636$ & $0.0142433$ & $0.00865425$ & $0.00696279$ & $0.0222385$ & $-0.00393544$ & $0.0184261$ & $0.00551487$ & $0.00445476$ & $0.00529993$ & $-0.0248051$ & $0.00296744$ & $0.0705497$ & $0.0139159$ & $-0.0137225$ & $-0.0192137$ & $-0.0154384$ & $-0.00613928$ & $0.111717$ & $0.00476982$ & $0.00507427$ & $-0.00302524$ & $-0.0764998$ & $1$ & $0.129927$ & $-0.069967$ & $-0.050195$ & $0.0938131$ & $0.139048$ \\
eHtautauint & $0.0686769$ & $0.00319219$ & $-0.0728191$ & $-0.0197169$ & $-0.00311389$ & $-0.00935977$ & $0.0127464$ & $-0.000139969$ & $-0.00219999$ & $-0.00208968$ & $0.00258955$ & $0.00710869$ & $-0.00262819$ & $-0.00894406$ & $-0.00104609$ & $0.00441392$ & $-0.00521514$ & $-0.00576167$ & $-0.00805166$ & $-0.00377239$ & $-0.00361054$ & $-0.0023657$ & $-0.00261865$ & $-0.00641768$ & $-0.0137043$ & $0.0016569$ & $-0.0017144$ & $-0.00387588$ & $-0.00961896$ & $0.0591762$ & $-0.027594$ & $0.0176661$ & $0.0317099$ & $0.00207027$ & $0.00815706$ & $0.061201$ & $0.0948164$ & $0.00132159$ & $0.132527$ & $-0.00932765$ & $-0.0350418$ & $0.000513996$ & $-0.00583026$ & $0.129927$ & $1$ & $-0.0238314$ & $-0.0650597$ & $0.0265279$ & $0.0859263$ \\
eHccint & $-0.005432$ & $0.0313503$ & $0.00384076$ & $-0.0342537$ & $-0.00113139$ & $0.0122021$ & $0.0264909$ & $-0.0091145$ & $-0.00393343$ & $0.0120005$ & $-0.0044275$ & $-0.000175996$ & $-0.0183739$ & $0.0241069$ & $0.00452573$ & $-0.00391815$ & $0.0251833$ & $0.0218737$ & $0.0275317$ & $0.00632426$ & $0.00433618$ & $0.00633409$ & $0.0117154$ & $0.0227949$ & $0.0281795$ & $-0.00359714$ & $0.00486135$ & $0.010285$ & $-0.00821031$ & $-0.00346537$ & $0.0519452$ & $0.0269157$ & $-0.0556161$ & $-0.00909178$ & $-0.00575784$ & $-0.00784399$ & $-0.0088809$ & $0.00762779$ & $0.0233528$ & $0.0212127$ & $0.0183463$ & $0.0133193$ & $0.059409$ & $-0.069967$ & $-0.0238314$ & $1$ & $-0.0895022$ & $-0.180114$ & $-0.0606029$ \\
eHccpar & $0.0454389$ & $0.051857$ & $-0.0959421$ & $0.0711849$ & $0.00117018$ & $-0.010109$ & $-0.0192975$ & $0.0215624$ & $0.0169086$ & $-0.022662$ & $-0.010739$ & $0.00139744$ & $0.0208526$ & $-0.0184777$ & $0.01271$ & $0.0168693$ & $-0.0246942$ & $-0.0313813$ & $-0.0339262$ & $0.0107882$ & $0.0106338$ & $0.011239$ & $-0.00573436$ & $-0.0296669$ & $-0.0300688$ & $-0.00871925$ & $0.00411963$ & $-0.00301362$ & $0.00929145$ & $0.0210574$ & $0.299864$ & $-0.0132783$ & $-0.0135918$ & $0.0107839$ & $-0.000769308$ & $0.0153508$ & $-0.0720404$ & $-0.00111489$ & $-0.0781778$ & $-0.0142662$ & $-0.171528$ & $-0.00826415$ & $-0.0561591$ & $-0.050195$ & $-0.0650597$ & $-0.0895022$ & $1$ & $-0.127011$ & $-0.0268041$ \\
eHbbint & $0.00281144$ & $-0.00927884$ & $-0.0443022$ & $0.0967627$ & $-0.00290187$ & $-0.0034205$ & $-0.0113425$ & $-0.00477258$ & $0.00263986$ & $1.6016e-05$ & $7.21229e-05$ & $-0.00841822$ & $-0.000798816$ & $0.00522488$ & $0.0111787$ & $0.0139589$ & $0.00806559$ & $0.00128362$ & $-0.00204966$ & $0.00097343$ & $-0.00286726$ & $-0.00348033$ & $0.000660835$ & $0.0114484$ & $-0.00780337$ & $-0.00606994$ & $-0.0265141$ & $0.00400448$ & $0.00964443$ & $0.00673779$ & $-0.0426271$ & $-0.0186511$ & $0.233835$ & $-0.0132822$ & $-0.116114$ & $0.0238378$ & $-0.0395152$ & $-0.0120558$ & $0.0971715$ & $0.000980975$ & $0.09428$ & $-0.00122692$ & $0.0837463$ & $0.0938131$ & $0.0265279$ & $-0.180114$ & $-0.127011$ & $1$ & $0.155085$ \\
eHbbpar & $0.0300047$ & $0.100313$ & $-0.0243217$ & $0.0345111$ & $0.00925888$ & $-0.0092548$ & $-0.0125246$ & $-0.00171538$ & $-0.0110156$ & $0.0107863$ & $0.000671672$ & $0.0139224$ & $-0.00172203$ & $-2.57117e-05$ & $-0.00710767$ & $-0.0105645$ & $-5.69065e-05$ & $0.00219461$ & $0.00469312$ & $9.15739e-05$ & $0.00272377$ & $0.00136938$ & $0.00228385$ & $-0.014895$ & $-0.00089544$ & $-0.000444676$ & $0.00502347$ & $0.00175699$ & $0.0164207$ & $-0.00818803$ & $-0.0261008$ & $-0.00623368$ & $0.461657$ & $0.00967522$ & $-0.0157443$ & $0.133577$ & $0.0756311$ & $-0.0242251$ & $0.0601597$ & $0.0183727$ & $-0.0186981$ & $-0.00839279$ & $-0.133687$ & $0.139048$ & $0.0859263$ & $-0.0606029$ & $-0.0268041$ & $0.155085$ & $1$ \\
