 & AlsMz & dAle5Mz & mtop & mHl & Mz & CW & CHG & CHWB & CHWHB_gaga & CHWHB_gagaorth & CHD & CHbox & CH & CHL1_11 & CHL1_22 & CHL1_33 & CHL3_11 & CHL3_22 & CHL3_33 & CHe_11 & CHe_22 & CHe_33 & CHQ1_11 & CHQ1_33 & CHQ3_11 & CHu_11 & CHd_11 & CHd_33 & CeH_22r & CeH_33r & CuH_22r & CuH_33r & CdH_33r & CLL_1221 & eHggint & eHggpar & eHWWint & eHWWpar & eHZZint & eHZZpar & eHZgaint & eHZgapar & eHgagaint & eHmumuint & eHtautauint & eHccint & eHccpar & eHbbint & eHbbpar \\
AlsMz & $1$ & $0.207271$ & $0.0831649$ & $0.0599439$ & $-0.0136929$ & $0.00615435$ & $0.0025282$ & $0.0063627$ & $0.00696763$ & $-0.00267575$ & $-0.0309115$ & $0.033111$ & $0.0506205$ & $0.0456613$ & $-0.00419063$ & $0.0301213$ & $0.037059$ & $0.0472029$ & $0.0245621$ & $0.0315421$ & $0.0295603$ & $0.032267$ & $0.0130723$ & $-0.00919615$ & $-0.0248367$ & $-0.0569539$ & $-0.0281843$ & $0.0464595$ & $0.0248583$ & $0.0648124$ & $0.0469953$ & $0.0305277$ & $0.0920304$ & $0.0151888$ & $0.209019$ & $-0.128078$ & $-0.296608$ & $-0.106243$ & $-0.0387362$ & $0.0637566$ & $-0.126718$ & $0.042321$ & $-0.0185716$ & $-0.209921$ & $0.0668896$ & $-0.0249179$ & $0.0211155$ & $0.297545$ & $-0.0389777$ \\
dAle5Mz & $0.207271$ & $1$ & $0.00776457$ & $0.00327811$ & $-0.00259038$ & $-0.0320726$ & $0.0903037$ & $-0.0142925$ & $-0.0156797$ & $0.00732809$ & $0.00590604$ & $-0.0798661$ & $-0.0760202$ & $-0.00262823$ & $0.0285839$ & $0.0354259$ & $0.000376944$ & $-0.0131023$ & $-0.0144111$ & $0.00537866$ & $-0.00234182$ & $0.00120903$ & $-0.00209639$ & $0.00563303$ & $-0.0233401$ & $-0.0270451$ & $-0.0415496$ & $-0.00457911$ & $-0.00672138$ & $-0.0162805$ & $-0.0285039$ & $0.0757907$ & $-0.0524299$ & $-0.0164159$ & $-0.248876$ & $-0.150734$ & $-0.10478$ & $-0.117897$ & $-0.0744288$ & $0.0292285$ & $0.0850696$ & $0.0424307$ & $-0.20061$ & $-0.220549$ & $-0.101992$ & $-0.133882$ & $-0.054773$ & $0.0672977$ & $-0.0325858$ \\
mtop & $0.0831649$ & $0.00776457$ & $1$ & $0.0223125$ & $0.0162368$ & $-0.015648$ & $-0.0209636$ & $0.0294921$ & $0.0301954$ & $-0.000548294$ & $-0.0132323$ & $0.0591091$ & $0.0743952$ & $-0.0157981$ & $-0.000219123$ & $-0.00833189$ & $-0.0156946$ & $-0.025152$ & $-0.0160056$ & $0.0127037$ & $0.0183132$ & $0.0227396$ & $0.0157236$ & $-0.0265164$ & $-0.0340135$ & $-0.0105985$ & $0.0210751$ & $0.0199169$ & $0.0428661$ & $0.0309283$ & $-0.0142865$ & $-0.0123916$ & $0.0301982$ & $0.0333881$ & $-0.0661687$ & $0.240351$ & $0.070473$ & $-0.0500297$ & $0.118021$ & $0.0237889$ & $-0.0742678$ & $-0.059769$ & $0.128044$ & $-0.0830854$ & $0.132443$ & $0.11571$ & $-0.0213304$ & $0.00757159$ & $0.0687342$ \\
mHl & $0.0599439$ & $0.00327811$ & $0.0223125$ & $1$ & $0.00983631$ & $0.0345303$ & $-0.174104$ & $0.0344065$ & $0.0311472$ & $-0.057118$ & $-0.0278409$ & $0.0791568$ & $0.068232$ & $0.0189773$ & $0.0439525$ & $0.0207187$ & $-0.0272373$ & $-0.0335859$ & $-0.019166$ & $0.0295631$ & $0.0249893$ & $0.0290386$ & $0.0312758$ & $-0.0234793$ & $-0.0329033$ & $-0.0473997$ & $-0.0130647$ & $-0.00528566$ & $0.00147056$ & $0.0585298$ & $0.0136909$ & $-0.182698$ & $0.0953508$ & $-0.0175171$ & $0.0784509$ & $-0.107266$ & $-0.430978$ & $-0.0301494$ & $0.281208$ & $0.0737779$ & $0.186802$ & $0.0307704$ & $0.0680271$ & $0.128042$ & $-0.248204$ & $-0.498357$ & $0.0533261$ & $0.193616$ & $0.0344521$ \\
Mz & $-0.0136929$ & $-0.00259038$ & $0.0162368$ & $0.00983631$ & $1$ & $-0.0280313$ & $0.00310639$ & $0.00254995$ & $0.00257052$ & $0.0100197$ & $0.0051258$ & $0.0001299$ & $0.00226017$ & $-0.00174347$ & $-0.00147858$ & $0.00700201$ & $5.35888e-05$ & $-0.00139707$ & $-0.00723423$ & $0.0010797$ & $0.00219174$ & $0.00418639$ & $0.00347692$ & $-0.0138304$ & $-0.0114035$ & $0.00237303$ & $-0.0131103$ & $-0.0285818$ & $-0.00522895$ & $-0.000404492$ & $-0.0315423$ & $0.00143951$ & $-0.00928223$ & $0.00377655$ & $-0.0274517$ & $-0.0100304$ & $0.0417654$ & $-0.017068$ & $-0.0322991$ & $-0.000806448$ & $0.0395479$ & $-0.0294783$ & $0.0159785$ & $-0.0231434$ & $0.0100832$ & $-0.0421974$ & $-0.0160314$ & $0.0015199$ & $-0.0102051$ \\
CW & $0.00615435$ & $-0.0320726$ & $-0.015648$ & $0.0345303$ & $-0.0280313$ & $1$ & $0.027181$ & $-0.0756477$ & $-0.075164$ & $0.0174715$ & $0.182334$ & $-0.00277346$ & $-0.0332842$ & $-0.0444434$ & $-0.134971$ & $-0.129835$ & $-0.357309$ & $-0.134459$ & $-0.140309$ & $-0.182712$ & $-0.182088$ & $-0.182835$ & $0.0323799$ & $-0.110854$ & $-0.178752$ & $0.107558$ & $-0.0365459$ & $-0.0786461$ & $-0.00632127$ & $-0.0275228$ & $-0.02332$ & $0.0313581$ & $-0.0259734$ & $-0.0789306$ & $0.0423529$ & $-0.0111884$ & $-0.0945292$ & $-0.0100988$ & $0.00498956$ & $-0.000682521$ & $-0.0418645$ & $-0.0158192$ & $0.0246359$ & $0.0202298$ & $-0.0333145$ & $0.0167618$ & $0.0269182$ & $0.00026971$ & $-0.019102$ \\
CHG & $0.0025282$ & $0.0903037$ & $-0.0209636$ & $-0.174104$ & $0.00310639$ & $0.027181$ & $1$ & $-0.0403577$ & $-0.0118636$ & $0.143591$ & $0.0881637$ & $-0.689087$ & $-0.709268$ & $-0.108881$ & $-0.0425354$ & $-0.0402527$ & $-0.100826$ & $-0.0764681$ & $-0.081163$ & $-0.085323$ & $-0.0872686$ & $-0.0826563$ & $-0.0147915$ & $-0.0499454$ & $-0.0933497$ & $0.0697133$ & $-0.0329067$ & $-0.0667346$ & $-0.0801242$ & $-0.517015$ & $-0.316366$ & $0.951564$ & $-0.55746$ & $-0.00582743$ & $-0.0636997$ & $-0.17358$ & $-0.0167606$ & $-0.0146657$ & $-0.183367$ & $0.0288572$ & $-0.0654264$ & $-0.0271997$ & $0.0922928$ & $0.0695875$ & $-0.0558894$ & $0.0206026$ & $-0.0327927$ & $-0.119957$ & $0.0120076$ \\
CHWB & $0.0063627$ & $-0.0142925$ & $0.0294921$ & $0.0344065$ & $0.00254995$ & $-0.0756477$ & $-0.0403577$ & $1$ & $0.989182$ & $-0.564533$ & $-0.875333$ & $-0.0442901$ & $0.0461253$ & $0.275493$ & $0.450532$ & $0.449715$ & $-0.211997$ & $-0.390943$ & $-0.393704$ & $0.859457$ & $0.888476$ & $0.877516$ & $0.014411$ & $-0.631811$ & $-0.376634$ & $-0.607188$ & $0.376991$ & $0.370009$ & $-0.00624074$ & $0.0380765$ & $-0.00919814$ & $-0.0518774$ & $0.0322038$ & $0.529885$ & $-0.00904994$ & $0.02496$ & $-0.0366234$ & $0.0102321$ & $0.064196$ & $0.0292225$ & $-0.0222198$ & $-0.0129237$ & $0.0162905$ & $-0.0109262$ & $-0.00368997$ & $-0.0438137$ & $-0.0237212$ & $0.0374872$ & $-0.0114163$ \\
CHWHB_gaga & $0.00696763$ & $-0.0156797$ & $0.0301954$ & $0.0311472$ & $0.00257052$ & $-0.075164$ & $-0.0118636$ & $0.989182$ & $1$ & $-0.561318$ & $-0.865473$ & $-0.035128$ & $0.0515125$ & $0.271296$ & $0.441917$ & $0.442955$ & $-0.210446$ & $-0.385472$ & $-0.390191$ & $0.849966$ & $0.878751$ & $0.867261$ & $0.013646$ & $-0.626206$ & $-0.373697$ & $-0.599614$ & $0.373302$ & $0.361814$ & $-0.000357312$ & $0.056712$ & $0.000808543$ & $-0.0259399$ & $0.0503073$ & $0.527036$ & $-0.0254774$ & $0.0125954$ & $-0.0435582$ & $0.0107965$ & $0.0605996$ & $0.0274327$ & $-0.0280351$ & $-0.0101302$ & $0.0521252$ & $-0.00038746$ & $-0.00144258$ & $-0.0465285$ & $-0.0187293$ & $0.0230111$ & $-0.0191393$ \\
CHWHB_gagaorth & $-0.00267575$ & $0.00732809$ & $-0.000548294$ & $-0.057118$ & $0.0100197$ & $0.0174715$ & $0.143591$ & $-0.564533$ & $-0.561318$ & $1$ & $0.477249$ & $-0.0527988$ & $-0.217127$ & $-0.125844$ & $-0.239492$ & $-0.250574$ & $0.152867$ & $0.246119$ & $0.252254$ & $-0.46782$ & $-0.486456$ & $-0.482009$ & $-0.0282361$ & $0.37593$ & $0.257125$ & $0.355378$ & $-0.192299$ & $-0.216594$ & $-0.0215292$ & $-0.196005$ & $-0.105011$ & $0.155556$ & $-0.208883$ & $-0.310708$ & $0.020211$ & $-0.0373173$ & $0.0568063$ & $-0.0333081$ & $-0.0832515$ & $-0.0343239$ & $-0.0254757$ & $0.0184906$ & $-0.0258778$ & $0.0269744$ & $-0.0408032$ & $0.0615131$ & $0.0362273$ & $-0.0255121$ & $0.0249447$ \\
CHD & $-0.0309115$ & $0.00590604$ & $-0.0132323$ & $-0.0278409$ & $0.0051258$ & $0.182334$ & $0.0881637$ & $-0.875333$ & $-0.865473$ & $0.477249$ & $1$ & $0.012993$ & $-0.109435$ & $-0.664767$ & $-0.553665$ & $-0.557054$ & $-0.258791$ & $-0.0297878$ & $-0.0260689$ & $-0.994797$ & $-0.995274$ & $-0.983761$ & $0.0569424$ & $0.224036$ & $-0.0526782$ & $0.668801$ & $-0.261268$ & $-0.420751$ & $-0.0149298$ & $-0.0865816$ & $-0.0355775$ & $0.102841$ & $-0.0864854$ & $-0.337792$ & $0.0205148$ & $-0.00295589$ & $0.00966239$ & $-0.0145363$ & $-0.0459165$ & $-0.0246403$ & $0.0408348$ & $0.0145848$ & $-0.0122214$ & $0.02316$ & $0.000801039$ & $0.0544297$ & $0.0406042$ & $-0.0229879$ & $0.0281483$ \\
CHbox & $0.033111$ & $-0.0798661$ & $0.0591091$ & $0.0791568$ & $0.0001299$ & $-0.00277346$ & $-0.689087$ & $-0.0442901$ & $-0.035128$ & $-0.0527988$ & $0.012993$ & $1$ & $0.951188$ & $0.0389051$ & $-0.00327411$ & $-0.0103254$ & $0.0573436$ & $0.0593785$ & $0.0639384$ & $-0.012907$ & $-0.0145856$ & $-0.0153361$ & $0.0380402$ & $0.0639124$ & $0.0565843$ & $-0.0156334$ & $-0.0270044$ & $0.0187914$ & $0.123062$ & $0.671216$ & $0.375347$ & $-0.589639$ & $0.719436$ & $-0.0412802$ & $0.0323266$ & $0.174604$ & $0.118995$ & $-0.00637355$ & $0.11265$ & $-0.024781$ & $0.0843924$ & $0.0612143$ & $-0.0470069$ & $-0.0361365$ & $0.0979098$ & $0.0442157$ & $0.0352184$ & $0.104982$ & $0.0128572$ \\
CH & $0.0506205$ & $-0.0760202$ & $0.0743952$ & $0.068232$ & $0.00226017$ & $-0.0332842$ & $-0.709268$ & $0.0461253$ & $0.0515125$ & $-0.217127$ & $-0.109435$ & $0.951188$ & $1$ & $0.143204$ & $0.0474059$ & $0.0413368$ & $0.12713$ & $0.104063$ & $0.109245$ & $0.106546$ & $0.108968$ & $0.107085$ & $0.0293098$ & $0.0681395$ & $0.102815$ & $-0.0965023$ & $0.0179938$ & $0.0689269$ & $0.132445$ & $0.680538$ & $0.389827$ & $-0.620159$ & $0.722166$ & $0.00444505$ & $0.0273288$ & $0.196571$ & $0.109244$ & $0.0100527$ & $0.136474$ & $-0.0191483$ & $0.0784612$ & $0.045959$ & $-0.0459859$ & $-0.0531126$ & $0.0981624$ & $0.0211826$ & $0.0299403$ & $0.118211$ & $-0.00987106$ \\
CHL1_11 & $0.0456613$ & $-0.00262823$ & $-0.0157981$ & $0.0189773$ & $-0.00174347$ & $-0.0444434$ & $-0.108881$ & $0.275493$ & $0.271296$ & $-0.125844$ & $-0.664767$ & $0.0389051$ & $0.143204$ & $1$ & $0.377857$ & $0.382689$ & $0.638133$ & $0.594623$ & $0.59283$ & $0.672817$ & $0.6387$ & $0.629888$ & $-0.124023$ & $0.425445$ & $0.587691$ & $-0.417846$ & $-0.0318292$ & $0.274043$ & $0.0327301$ & $0.108853$ & $0.0735109$ & $-0.122746$ & $0.115642$ & $-0.140506$ & $-0.0234708$ & $-0.027849$ & $0.0167776$ & $0.0115021$ & $0.00417728$ & $0.00815526$ & $-0.0525363$ & $-0.0238013$ & $0.0111139$ & $-0.0168879$ & $-0.00297489$ & $-0.0478$ & $-0.0410841$ & $-0.0102458$ & $-0.0376969$ \\
CHL1_22 & $-0.00419063$ & $0.0285839$ & $-0.000219123$ & $0.0439525$ & $-0.00147858$ & $-0.134971$ & $-0.0425354$ & $0.450532$ & $0.441917$ & $-0.239492$ & $-0.553665$ & $-0.00327411$ & $0.0474059$ & $0.377857$ & $1$ & $0.517726$ & $0.160153$ & $-0.335642$ & $-0.00939303$ & $0.597692$ & $0.498493$ & $0.493723$ & $-0.174719$ & $0.0254838$ & $-0.0975523$ & $-0.358934$ & $-0.321633$ & $0.212699$ & $0.0188259$ & $0.0485097$ & $-0.00460354$ & $-0.0487815$ & $0.0400906$ & $-0.479637$ & $-0.00861902$ & $0.0166656$ & $-0.0135544$ & $0.0143996$ & $0.0058269$ & $0.0462462$ & $0.0181822$ & $0.00621843$ & $-0.0217315$ & $0.00189397$ & $-0.0429151$ & $-0.0702772$ & $-0.0233832$ & $0.0312937$ & $-0.0197869$ \\
CHL1_33 & $0.0301213$ & $0.0354259$ & $-0.00833189$ & $0.0207187$ & $0.00700201$ & $-0.129835$ & $-0.0402527$ & $0.449715$ & $0.442955$ & $-0.250574$ & $-0.557054$ & $-0.0103254$ & $0.0413368$ & $0.382689$ & $0.517726$ & $1$ & $0.168578$ & $0.000960547$ & $-0.317887$ & $0.600757$ & $0.503116$ & $0.514192$ & $-0.19345$ & $0.0248855$ & $-0.0893546$ & $-0.336941$ & $-0.314319$ & $0.192362$ & $-0.00368076$ & $0.0498848$ & $0.0022021$ & $-0.0457526$ & $0.036388$ & $-0.00982661$ & $-0.0185479$ & $-0.0132817$ & $-0.0242461$ & $-0.00198262$ & $-0.0168403$ & $0.03166$ & $0.00435709$ & $0.00334927$ & $-0.0225552$ & $-0.0244662$ & $-0.0212773$ & $-0.058999$ & $-0.0317141$ & $0.0485425$ & $-0.0203551$ \\
CHL3_11 & $0.037059$ & $0.000376944$ & $-0.0156946$ & $-0.0272373$ & $5.35888e-05$ & $-0.357309$ & $-0.100826$ & $-0.211997$ & $-0.210446$ & $0.152867$ & $-0.258791$ & $0.0573436$ & $0.12713$ & $0.638133$ & $0.160153$ & $0.168578$ & $1$ & $0.814348$ & $0.813362$ & $0.269094$ & $0.236798$ & $0.236963$ & $-0.105584$ & $0.745854$ & $0.847747$ & $-0.137505$ & $-0.121213$ & $0.112854$ & $0.0425874$ & $0.095427$ & $0.0940303$ & $-0.105347$ & $0.111275$ & $-0.227507$ & $-0.0176787$ & $-0.0313551$ & $0.0700242$ & $0.0132257$ & $-0.0297203$ & $-0.0149307$ & $-0.0310058$ & $0.00232162$ & $-0.00843817$ & $-0.0263546$ & $0.0178579$ & $-0.00708881$ & $-0.031404$ & $-0.0342709$ & $-0.0199482$ \\
CHL3_22 & $0.0472029$ & $-0.0131023$ & $-0.025152$ & $-0.0335859$ & $-0.00139707$ & $-0.134459$ & $-0.0764681$ & $-0.390943$ & $-0.385472$ & $0.246119$ & $-0.0297878$ & $0.0593785$ & $0.104063$ & $0.594623$ & $-0.335642$ & $0.000960547$ & $0.814348$ & $1$ & $0.773249$ & $0.0262045$ & $0.0272685$ & $0.0288363$ & $-0.0440935$ & $0.724925$ & $0.862646$ & $0.0159529$ & $-0.0110248$ & $0.0193838$ & $0.0279292$ & $0.0723879$ & $0.090629$ & $-0.080113$ & $0.0886537$ & $-0.0264606$ & $-0.0157131$ & $-0.047513$ & $0.0566928$ & $0.00258717$ & $-0.0332062$ & $-0.0333259$ & $-0.0484968$ & $-0.00992799$ & $0.00878612$ & $-0.0237335$ & $0.030973$ & $0.0147358$ & $-0.0229956$ & $-0.0413759$ & $-0.0202915$ \\
CHL3_33 & $0.0245621$ & $-0.0144111$ & $-0.0160056$ & $-0.019166$ & $-0.00723423$ & $-0.140309$ & $-0.081163$ & $-0.393704$ & $-0.390191$ & $0.252254$ & $-0.0260689$ & $0.0639384$ & $0.109245$ & $0.59283$ & $-0.00939303$ & $-0.317887$ & $0.813362$ & $0.773249$ & $1$ & $0.0223269$ & $0.0238875$ & $0.027079$ & $-0.0299736$ & $0.728155$ & $0.865709$ & $0.00281979$ & $-0.00897716$ & $0.0354955$ & $0.0446817$ & $0.0729563$ & $0.0851964$ & $-0.0856476$ & $0.0940786$ & $-0.349481$ & $-0.00576718$ & $-0.0295931$ & $0.0672895$ & $0.0135929$ & $-0.0149328$ & $-0.0270424$ & $-0.0370048$ & $-0.0062212$ & $0.00505853$ & $-0.00962568$ & $0.0189934$ & $0.00760161$ & $-0.0172981$ & $-0.0554034$ & $-0.0126828$ \\
CHe_11 & $0.0315421$ & $0.00537866$ & $0.0127037$ & $0.0295631$ & $0.0010797$ & $-0.182712$ & $-0.085323$ & $0.859457$ & $0.849966$ & $-0.46782$ & $-0.994797$ & $-0.012907$ & $0.106546$ & $0.672817$ & $0.597692$ & $0.600757$ & $0.269094$ & $0.0262045$ & $0.0223269$ & $1$ & $0.984857$ & $0.973616$ & $-0.0764572$ & $-0.192113$ & $0.0536843$ & $-0.661329$ & $0.205292$ & $0.415877$ & $0.0155339$ & $0.0859219$ & $0.034217$ & $-0.100197$ & $0.0841802$ & $0.280446$ & $-0.0223182$ & $0.00024556$ & $-0.0118802$ & $0.0140323$ & $0.0410869$ & $0.0265458$ & $-0.0368322$ & $-0.0134054$ & $0.00897125$ & $-0.026151$ & $-0.00387925$ & $-0.0597459$ & $-0.0415556$ & $0.0260436$ & $-0.0303643$ \\
CHe_22 & $0.0295603$ & $-0.00234182$ & $0.0183132$ & $0.0249893$ & $0.00219174$ & $-0.182088$ & $-0.0872686$ & $0.888476$ & $0.878751$ & $-0.486456$ & $-0.995274$ & $-0.0145856$ & $0.108968$ & $0.6387$ & $0.498493$ & $0.503116$ & $0.236798$ & $0.0272685$ & $0.0238875$ & $0.984857$ & $1$ & $0.986392$ & $-0.0350666$ & $-0.264017$ & $0.044574$ & $-0.670303$ & $0.322728$ & $0.422461$ & $0.0136852$ & $0.0846884$ & $0.036851$ & $-0.102272$ & $0.0853374$ & $0.402148$ & $-0.0216926$ & $0.00437476$ & $-0.00783257$ & $0.0141311$ & $0.0505683$ & $0.0224347$ & $-0.0421937$ & $-0.0151301$ & $0.0133477$ & $-0.0254896$ & $0.00237396$ & $-0.0506203$ & $-0.0393551$ & $0.0203273$ & $-0.0257512$ \\
CHe_33 & $0.032267$ & $0.00120903$ & $0.0227396$ & $0.0290386$ & $0.00418639$ & $-0.182835$ & $-0.0826563$ & $0.877516$ & $0.867261$ & $-0.482009$ & $-0.983761$ & $-0.0153361$ & $0.107085$ & $0.629888$ & $0.493723$ & $0.514192$ & $0.236963$ & $0.0288363$ & $0.027079$ & $0.973616$ & $0.986392$ & $1$ & $-0.0338121$ & $-0.258932$ & $0.0455528$ & $-0.663245$ & $0.317753$ & $0.419363$ & $0.0135868$ & $0.0819502$ & $0.031276$ & $-0.0973294$ & $0.0846029$ & $0.399243$ & $-0.0206767$ & $0.00239807$ & $-0.00604882$ & $0.0153037$ & $0.0531103$ & $0.020026$ & $-0.0342298$ & $-0.0119212$ & $0.0104784$ & $-0.0264106$ & $0.00181299$ & $-0.0520232$ & $-0.0398744$ & $0.0215958$ & $-0.0198251$ \\
CHQ1_11 & $0.0130723$ & $-0.00209639$ & $0.0157236$ & $0.0312758$ & $0.00347692$ & $0.0323799$ & $-0.0147915$ & $0.014411$ & $0.013646$ & $-0.0282361$ & $0.0569424$ & $0.0380402$ & $0.0293098$ & $-0.124023$ & $-0.174719$ & $-0.19345$ & $-0.105584$ & $-0.0440935$ & $-0.0299736$ & $-0.0764572$ & $-0.0350666$ & $-0.0338121$ & $1$ & $-0.129913$ & $0.0249365$ & $-0.561324$ & $0.34137$ & $-0.000121266$ & $0.00764567$ & $0.00897451$ & $-0.00642624$ & $-0.0139415$ & $0.00457181$ & $0.17512$ & $0.00934353$ & $0.0195457$ & $-0.00902204$ & $0.014843$ & $0.0141515$ & $-0.0287795$ & $-0.010145$ & $0.022177$ & $0.0195767$ & $0.00261206$ & $0.0082903$ & $0.0121059$ & $-0.00415319$ & $-0.00644611$ & $0.0154936$ \\
CHQ1_33 & $-0.00919615$ & $0.00563303$ & $-0.0265164$ & $-0.0234793$ & $-0.0138304$ & $-0.110854$ & $-0.0499454$ & $-0.631811$ & $-0.626206$ & $0.37593$ & $0.224036$ & $0.0639124$ & $0.0681395$ & $0.425445$ & $0.0254838$ & $0.0248855$ & $0.745854$ & $0.724925$ & $0.728155$ & $-0.192113$ & $-0.264017$ & $-0.258932$ & $-0.129913$ & $1$ & $0.743693$ & $0.190934$ & $-0.370046$ & $-0.0247326$ & $0.033794$ & $0.053532$ & $0.0646121$ & $-0.0478532$ & $0.0595651$ & $-0.59329$ & $-0.0268561$ & $-0.0271752$ & $0.0641288$ & $0.0156672$ & $-0.0613075$ & $-0.0129033$ & $-0.00592578$ & $-0.00513208$ & $-0.00561722$ & $0.00581701$ & $-0.00226288$ & $-7.83316e-05$ & $-0.0229981$ & $-0.0419264$ & $-0.0181511$ \\
CHQ3_11 & $-0.0248367$ & $-0.0233401$ & $-0.0340135$ & $-0.0329033$ & $-0.0114035$ & $-0.178752$ & $-0.0933497$ & $-0.376634$ & $-0.373697$ & $0.257125$ & $-0.0526782$ & $0.0565843$ & $0.102815$ & $0.587691$ & $-0.0975523$ & $-0.0893546$ & $0.847747$ & $0.862646$ & $0.865709$ & $0.0536843$ & $0.044574$ & $0.0455528$ & $0.0249365$ & $0.743693$ & $1$ & $-0.00302728$ & $0.162723$ & $0.0275278$ & $0.0483339$ & $0.0700048$ & $0.0887035$ & $-0.0955996$ & $0.0875503$ & $-0.223106$ & $-0.0206842$ & $-0.0217447$ & $0.0834422$ & $0.015577$ & $-0.0228183$ & $-0.0290574$ & $-0.029596$ & $-0.0084038$ & $-0.0113661$ & $-0.00921239$ & $0.0125965$ & $0.013732$ & $-0.0153914$ & $-0.0625448$ & $-0.0170394$ \\
CHu_11 & $-0.0569539$ & $-0.0270451$ & $-0.0105985$ & $-0.0473997$ & $0.00237303$ & $0.107558$ & $0.0697133$ & $-0.607188$ & $-0.599614$ & $0.355378$ & $0.668801$ & $-0.0156334$ & $-0.0965023$ & $-0.417846$ & $-0.358934$ & $-0.336941$ & $-0.137505$ & $0.0159529$ & $0.00281979$ & $-0.661329$ & $-0.670303$ & $-0.663245$ & $-0.561324$ & $0.190934$ & $-0.00302728$ & $1$ & $-0.18901$ & $-0.289786$ & $-0.0161562$ & $-0.0686142$ & $-0.0171319$ & $0.0817226$ & $-0.0610764$ & $-0.257457$ & $-0.00160203$ & $0.00696101$ & $0.0325229$ & $-0.00651646$ & $-0.0283053$ & $-0.00461677$ & $0.0397343$ & $-0.0154344$ & $-0.0107222$ & $0.020838$ & $0.00781365$ & $0.047496$ & $0.0417801$ & $-0.0235455$ & $0.0234909$ \\
CHd_11 & $-0.0281843$ & $-0.0415496$ & $0.0210751$ & $-0.0130647$ & $-0.0131103$ & $-0.0365459$ & $-0.0329067$ & $0.376991$ & $0.373302$ & $-0.192299$ & $-0.261268$ & $-0.0270044$ & $0.0179938$ & $-0.0318292$ & $-0.321633$ & $-0.314319$ & $-0.121213$ & $-0.0110248$ & $-0.00897716$ & $0.205292$ & $0.322728$ & $0.317753$ & $0.34137$ & $-0.370046$ & $0.162723$ & $-0.18901$ & $1$ & $0.126961$ & $0.0126635$ & $0.00188339$ & $0.0183179$ & $-0.0328165$ & $0.0134388$ & $0.665459$ & $-0.0086605$ & $0.0344788$ & $0.0200508$ & $0.0154834$ & $0.0583233$ & $-0.0164129$ & $-0.0223793$ & $-0.0194296$ & $0.0129656$ & $-0.00482393$ & $0.0252821$ & $0.0313979$ & $0.00640059$ & $-0.0211508$ & $0.011653$ \\
CHd_33 & $0.0464595$ & $-0.00457911$ & $0.0199169$ & $-0.00528566$ & $-0.0285818$ & $-0.0786461$ & $-0.0667346$ & $0.370009$ & $0.361814$ & $-0.216594$ & $-0.420751$ & $0.0187914$ & $0.0689269$ & $0.274043$ & $0.212699$ & $0.192362$ & $0.112854$ & $0.0193838$ & $0.0354955$ & $0.415877$ & $0.422461$ & $0.419363$ & $-0.000121266$ & $-0.0247326$ & $0.0275278$ & $-0.289786$ & $0.126961$ & $1$ & $0.022182$ & $0.0594422$ & $0.0137955$ & $-0.0662225$ & $0.0537053$ & $0.164457$ & $0.0231035$ & $0.00397657$ & $-0.0227174$ & $0.0192007$ & $0.0301773$ & $-0.00277992$ & $-0.0549098$ & $0.00188787$ & $-0.00648321$ & $-0.014469$ & $0.00259631$ & $0.0059831$ & $-0.0216513$ & $0.0207257$ & $0.000465514$ \\
CeH_22r & $0.0248583$ & $-0.00672138$ & $0.0428661$ & $0.00147056$ & $-0.00522895$ & $-0.00632127$ & $-0.0801242$ & $-0.00624074$ & $-0.000357312$ & $-0.0215292$ & $-0.0149298$ & $0.123062$ & $0.132445$ & $0.0327301$ & $0.0188259$ & $-0.00368076$ & $0.0425874$ & $0.0279292$ & $0.0446817$ & $0.0155339$ & $0.0136852$ & $0.0135868$ & $0.00764567$ & $0.033794$ & $0.0483339$ & $-0.0161562$ & $0.0126635$ & $0.022182$ & $1$ & $0.120848$ & $0.0660157$ & $-0.0748237$ & $0.13069$ & $-0.0217595$ & $-0.0110626$ & $0.0691608$ & $0.0233423$ & $0.0264421$ & $0.0442764$ & $-0.00325115$ & $0.0205811$ & $0.0195443$ & $-0.011656$ & $0.0170758$ & $0.0142853$ & $0.0221524$ & $0.0144183$ & $0.0479732$ & $0.0359141$ \\
CeH_33r & $0.0648124$ & $-0.0162805$ & $0.0309283$ & $0.0585298$ & $-0.000404492$ & $-0.0275228$ & $-0.517015$ & $0.0380765$ & $0.056712$ & $-0.196005$ & $-0.0865816$ & $0.671216$ & $0.680538$ & $0.108853$ & $0.0485097$ & $0.0498848$ & $0.095427$ & $0.0723879$ & $0.0729563$ & $0.0859219$ & $0.0846884$ & $0.0819502$ & $0.00897451$ & $0.053532$ & $0.0700048$ & $-0.0686142$ & $0.00188339$ & $0.0594422$ & $0.120848$ & $1$ & $0.471927$ & $-0.371268$ & $0.829373$ & $-0.00379463$ & $0.0129795$ & $0.0956121$ & $0.0112164$ & $0.00487114$ & $0.0801979$ & $-0.000288584$ & $0.0512182$ & $0.0243752$ & $0.00330434$ & $0.00246811$ & $0.0836189$ & $0.00797048$ & $0.0314871$ & $0.0741959$ & $-0.01907$ \\
CuH_22r & $0.0469953$ & $-0.0285039$ & $-0.0142865$ & $0.0136909$ & $-0.0315423$ & $-0.02332$ & $-0.316366$ & $-0.00919814$ & $0.000808543$ & $-0.105011$ & $-0.0355775$ & $0.375347$ & $0.389827$ & $0.0735109$ & $-0.00460354$ & $0.0022021$ & $0.0940303$ & $0.090629$ & $0.0851964$ & $0.034217$ & $0.036851$ & $0.031276$ & $-0.00642624$ & $0.0646121$ & $0.0887035$ & $-0.0171319$ & $0.0183179$ & $0.0137955$ & $0.0660157$ & $0.471927$ & $1$ & $-0.206439$ & $0.536989$ & $0.00287956$ & $0.058742$ & $0.0184104$ & $-0.0243005$ & $0.0123524$ & $0.0617969$ & $-0.00114933$ & $-0.0424044$ & $0.00748295$ & $0.00990788$ & $0.00715758$ & $0.0213635$ & $0.00298998$ & $0.171229$ & $0.0432333$ & $0.0235661$ \\
CuH_33r & $0.0305277$ & $0.0757907$ & $-0.0123916$ & $-0.182698$ & $0.00143951$ & $0.0313581$ & $0.951564$ & $-0.0518774$ & $-0.0259399$ & $0.155556$ & $0.102841$ & $-0.589639$ & $-0.620159$ & $-0.122746$ & $-0.0487815$ & $-0.0457526$ & $-0.105347$ & $-0.080113$ & $-0.0856476$ & $-0.100197$ & $-0.102272$ & $-0.0973294$ & $-0.0139415$ & $-0.0478532$ & $-0.0955996$ & $0.0817226$ & $-0.0328165$ & $-0.0662225$ & $-0.0748237$ & $-0.371268$ & $-0.206439$ & $1$ & $-0.378853$ & $-0.00969417$ & $-0.0129594$ & $-0.152938$ & $-0.0245781$ & $-0.0125352$ & $-0.1786$ & $0.030475$ & $-0.0659889$ & $-0.0207603$ & $0.0851847$ & $0.0655623$ & $-0.0427657$ & $0.0383958$ & $-0.00420747$ & $-0.0981025$ & $0.0323882$ \\
CdH_33r & $0.0920304$ & $-0.0524299$ & $0.0301982$ & $0.0953508$ & $-0.00928223$ & $-0.0259734$ & $-0.55746$ & $0.0322038$ & $0.0503073$ & $-0.208883$ & $-0.0864854$ & $0.719436$ & $0.722166$ & $0.115642$ & $0.0400906$ & $0.036388$ & $0.111275$ & $0.0886537$ & $0.0940786$ & $0.0841802$ & $0.0853374$ & $0.0846029$ & $0.00457181$ & $0.0595651$ & $0.0875503$ & $-0.0610764$ & $0.0134388$ & $0.0537053$ & $0.13069$ & $0.829373$ & $0.536989$ & $-0.378853$ & $1$ & $0.000859026$ & $0.0916256$ & $0.129806$ & $-0.0210978$ & $0.0193106$ & $0.127709$ & $0.000857909$ & $0.0662518$ & $0.0495374$ & $-0.0688062$ & $-0.00973764$ & $0.0748189$ & $0.0105003$ & $0.0766932$ & $0.152989$ & $0.171163$ \\
CLL_1221 & $0.0151888$ & $-0.0164159$ & $0.0333881$ & $-0.0175171$ & $0.00377655$ & $-0.0789306$ & $-0.00582743$ & $0.529885$ & $0.527036$ & $-0.310708$ & $-0.337792$ & $-0.0412802$ & $0.00444505$ & $-0.140506$ & $-0.479637$ & $-0.00982661$ & $-0.227507$ & $-0.0264606$ & $-0.349481$ & $0.280446$ & $0.402148$ & $0.399243$ & $0.17512$ & $-0.59329$ & $-0.223106$ & $-0.257457$ & $0.665459$ & $0.164457$ & $-0.0217595$ & $-0.00379463$ & $0.00287956$ & $-0.00969417$ & $0.000859026$ & $1$ & $-0.00518296$ & $0.00894427$ & $-0.0135446$ & $-0.00314232$ & $0.0502717$ & $-0.0163243$ & $-0.0292427$ & $-0.0098501$ & $0.0242759$ & $-0.0210462$ & $0.0389592$ & $0.0249842$ & $-0.00464499$ & $0.00882651$ & $0.0135987$ \\
eHggint & $0.209019$ & $-0.248876$ & $-0.0661687$ & $0.0784509$ & $-0.0274517$ & $0.0423529$ & $-0.0636997$ & $-0.00904994$ & $-0.0254774$ & $0.020211$ & $0.0205148$ & $0.0323266$ & $0.0273288$ & $-0.0234708$ & $-0.00861902$ & $-0.0185479$ & $-0.0176787$ & $-0.0157131$ & $-0.00576718$ & $-0.0223182$ & $-0.0216926$ & $-0.0206767$ & $0.00934353$ & $-0.0268561$ & $-0.0206842$ & $-0.00160203$ & $-0.0086605$ & $0.0231035$ & $-0.0110626$ & $0.0129795$ & $0.058742$ & $-0.0129594$ & $0.0916256$ & $-0.00518296$ & $1$ & $-0.0200371$ & $-0.236109$ & $-0.0810764$ & $0.215852$ & $-0.0386463$ & $-0.00202999$ & $0.0225674$ & $-0.297387$ & $-0.238068$ & $0.0814268$ & $0.0808943$ & $0.316471$ & $0.222709$ & $0.240428$ \\
eHggpar & $-0.128078$ & $-0.150734$ & $0.240351$ & $-0.107266$ & $-0.0100304$ & $-0.0111884$ & $-0.17358$ & $0.02496$ & $0.0125954$ & $-0.0373173$ & $-0.00295589$ & $0.174604$ & $0.196571$ & $-0.027849$ & $0.0166656$ & $-0.0132817$ & $-0.0313551$ & $-0.047513$ & $-0.0295931$ & $0.00024556$ & $0.00437476$ & $0.00239807$ & $0.0195457$ & $-0.0271752$ & $-0.0217447$ & $0.00696101$ & $0.0344788$ & $0.00397657$ & $0.0691608$ & $0.0956121$ & $0.0184104$ & $-0.152938$ & $0.129806$ & $0.00894427$ & $-0.0200371$ & $1$ & $0.181727$ & $0.0248446$ & $0.242027$ & $-0.0757582$ & $0.261321$ & $0.0540282$ & $-0.246161$ & $-0.0278$ & $-0.0241068$ & $0.224482$ & $-0.0920108$ & $0.10114$ & $0.128273$ \\
eHWWint & $-0.296608$ & $-0.10478$ & $0.070473$ & $-0.430978$ & $0.0417654$ & $-0.0945292$ & $-0.0167606$ & $-0.0366234$ & $-0.0435582$ & $0.0568063$ & $0.00966239$ & $0.118995$ & $0.109244$ & $0.0167776$ & $-0.0135544$ & $-0.0242461$ & $0.0700242$ & $0.0566928$ & $0.0672895$ & $-0.0118802$ & $-0.00783257$ & $-0.00604882$ & $-0.00902204$ & $0.0641288$ & $0.0834422$ & $0.0325229$ & $0.0200508$ & $-0.0227174$ & $0.0233423$ & $0.0112164$ & $-0.0243005$ & $-0.0245781$ & $-0.0210978$ & $-0.0135446$ & $-0.236109$ & $0.181727$ & $1$ & $0.0518497$ & $-0.305942$ & $-0.0587429$ & $0.144049$ & $0.0341277$ & $-0.21435$ & $-0.191197$ & $0.172957$ & $0.145127$ & $-0.144813$ & $-0.209038$ & $-0.0118092$ \\
eHWWpar & $-0.106243$ & $-0.117897$ & $-0.0500297$ & $-0.0301494$ & $-0.017068$ & $-0.0100988$ & $-0.0146657$ & $0.0102321$ & $0.0107965$ & $-0.0333081$ & $-0.0145363$ & $-0.00637355$ & $0.0100527$ & $0.0115021$ & $0.0143996$ & $-0.00198262$ & $0.0132257$ & $0.00258717$ & $0.0135929$ & $0.0140323$ & $0.0141311$ & $0.0153037$ & $0.014843$ & $0.0156672$ & $0.015577$ & $-0.00651646$ & $0.0154834$ & $0.0192007$ & $0.0264421$ & $0.00487114$ & $0.0123524$ & $-0.0125352$ & $0.0193106$ & $-0.00314232$ & $-0.0810764$ & $0.0248446$ & $0.0518497$ & $1$ & $0.0409735$ & $0.00567781$ & $-0.0220903$ & $-0.0114276$ & $0.0556756$ & $0.118357$ & $0.0299755$ & $-0.061185$ & $0.020452$ & $-0.0764629$ & $0.0719708$ \\
eHZZint & $-0.0387362$ & $-0.0744288$ & $0.118021$ & $0.281208$ & $-0.0322991$ & $0.00498956$ & $-0.183367$ & $0.064196$ & $0.0605996$ & $-0.0832515$ & $-0.0459165$ & $0.11265$ & $0.136474$ & $0.00417728$ & $0.0058269$ & $-0.0168403$ & $-0.0297203$ & $-0.0332062$ & $-0.0149328$ & $0.0410869$ & $0.0505683$ & $0.0531103$ & $0.0141515$ & $-0.0613075$ & $-0.0228183$ & $-0.0283053$ & $0.0583233$ & $0.0301773$ & $0.0442764$ & $0.0801979$ & $0.0617969$ & $-0.1786$ & $0.127709$ & $0.0502717$ & $0.215852$ & $0.242027$ & $-0.305942$ & $0.0409735$ & $1$ & $-0.0453122$ & $0.0699209$ & $-0.0456584$ & $-0.0403447$ & $0.0332249$ & $-0.159278$ & $-0.121617$ & $0.207291$ & $0.122481$ & $0.229119$ \\
eHZZpar & $0.0637566$ & $0.0292285$ & $0.0237889$ & $0.0737779$ & $-0.000806448$ & $-0.000682521$ & $0.0288572$ & $0.0292225$ & $0.0274327$ & $-0.0343239$ & $-0.0246403$ & $-0.024781$ & $-0.0191483$ & $0.00815526$ & $0.0462462$ & $0.03166$ & $-0.0149307$ & $-0.0333259$ & $-0.0270424$ & $0.0265458$ & $0.0224347$ & $0.020026$ & $-0.0287795$ & $-0.0129033$ & $-0.0290574$ & $-0.00461677$ & $-0.0164129$ & $-0.00277992$ & $-0.00325115$ & $-0.000288584$ & $-0.00114933$ & $0.030475$ & $0.000857909$ & $-0.0163243$ & $-0.0386463$ & $-0.0757582$ & $-0.0587429$ & $0.00567781$ & $-0.0453122$ & $1$ & $-0.0510249$ & $-0.0203106$ & $0.00620401$ & $-0.0394498$ & $0.007155$ & $-0.103979$ & $0.0039215$ & $0.0459842$ & $-0.0155033$ \\
eHZgaint & $-0.126718$ & $0.0850696$ & $-0.0742678$ & $0.186802$ & $0.0395479$ & $-0.0418645$ & $-0.0654264$ & $-0.0222198$ & $-0.0280351$ & $-0.0254757$ & $0.0408348$ & $0.0843924$ & $0.0784612$ & $-0.0525363$ & $0.0181822$ & $0.00435709$ & $-0.0310058$ & $-0.0484968$ & $-0.0370048$ & $-0.0368322$ & $-0.0421937$ & $-0.0342298$ & $-0.010145$ & $-0.00592578$ & $-0.029596$ & $0.0397343$ & $-0.0223793$ & $-0.0549098$ & $0.0205811$ & $0.0512182$ & $-0.0424044$ & $-0.0659889$ & $0.0662518$ & $-0.0292427$ & $-0.00202999$ & $0.261321$ & $0.144049$ & $-0.0220903$ & $0.0699209$ & $-0.0510249$ & $1$ & $0.105877$ & $-0.168554$ & $-0.0308786$ & $-0.0489727$ & $-0.402076$ & $-0.159005$ & $-0.00412233$ & $0.143545$ \\
eHZgapar & $0.042321$ & $0.0424307$ & $-0.059769$ & $0.0307704$ & $-0.0294783$ & $-0.0158192$ & $-0.0271997$ & $-0.0129237$ & $-0.0101302$ & $0.0184906$ & $0.0145848$ & $0.0612143$ & $0.045959$ & $-0.0238013$ & $0.00621843$ & $0.00334927$ & $0.00232162$ & $-0.00992799$ & $-0.0062212$ & $-0.0134054$ & $-0.0151301$ & $-0.0119212$ & $0.022177$ & $-0.00513208$ & $-0.0084038$ & $-0.0154344$ & $-0.0194296$ & $0.00188787$ & $0.0195443$ & $0.0243752$ & $0.00748295$ & $-0.0207603$ & $0.0495374$ & $-0.0098501$ & $0.0225674$ & $0.0540282$ & $0.0341277$ & $-0.0114276$ & $-0.0456584$ & $-0.0203106$ & $0.105877$ & $1$ & $-0.0589606$ & $-0.0774089$ & $-0.0390421$ & $-0.0261227$ & $-0.0205378$ & $0.0281501$ & $0.0334872$ \\
eHgagaint & $-0.0185716$ & $-0.20061$ & $0.128044$ & $0.0680271$ & $0.0159785$ & $0.0246359$ & $0.0922928$ & $0.0162905$ & $0.0521252$ & $-0.0258778$ & $-0.0122214$ & $-0.0470069$ & $-0.0459859$ & $0.0111139$ & $-0.0217315$ & $-0.0225552$ & $-0.00843817$ & $0.00878612$ & $0.00505853$ & $0.00897125$ & $0.0133477$ & $0.0104784$ & $0.0195767$ & $-0.00561722$ & $-0.0113661$ & $-0.0107222$ & $0.0129656$ & $-0.00648321$ & $-0.011656$ & $0.00330434$ & $0.00990788$ & $0.0851847$ & $-0.0688062$ & $0.0242759$ & $-0.297387$ & $-0.246161$ & $-0.21435$ & $0.0556756$ & $-0.0403447$ & $0.00620401$ & $-0.168554$ & $-0.0589606$ & $1$ & $0.184256$ & $0.0409134$ & $-0.191588$ & $0.0751569$ & $-0.265974$ & $-0.264763$ \\
eHmumuint & $-0.209921$ & $-0.220549$ & $-0.0830854$ & $0.128042$ & $-0.0231434$ & $0.0202298$ & $0.0695875$ & $-0.0109262$ & $-0.00038746$ & $0.0269744$ & $0.02316$ & $-0.0361365$ & $-0.0531126$ & $-0.0168879$ & $0.00189397$ & $-0.0244662$ & $-0.0263546$ & $-0.0237335$ & $-0.00962568$ & $-0.026151$ & $-0.0254896$ & $-0.0264106$ & $0.00261206$ & $0.00581701$ & $-0.00921239$ & $0.020838$ & $-0.00482393$ & $-0.014469$ & $0.0170758$ & $0.00246811$ & $0.00715758$ & $0.0655623$ & $-0.00973764$ & $-0.0210462$ & $-0.238068$ & $-0.0278$ & $-0.191197$ & $0.118357$ & $0.0332249$ & $-0.0394498$ & $-0.0308786$ & $-0.0774089$ & $0.184256$ & $1$ & $-0.306052$ & $-0.0869567$ & $0.0890136$ & $-0.0370002$ & $-0.105383$ \\
eHtautauint & $0.0668896$ & $-0.101992$ & $0.132443$ & $-0.248204$ & $0.0100832$ & $-0.0333145$ & $-0.0558894$ & $-0.00368997$ & $-0.00144258$ & $-0.0408032$ & $0.000801039$ & $0.0979098$ & $0.0981624$ & $-0.00297489$ & $-0.0429151$ & $-0.0212773$ & $0.0178579$ & $0.030973$ & $0.0189934$ & $-0.00387925$ & $0.00237396$ & $0.00181299$ & $0.0082903$ & $-0.00226288$ & $0.0125965$ & $0.00781365$ & $0.0252821$ & $0.00259631$ & $0.0142853$ & $0.0836189$ & $0.0213635$ & $-0.0427657$ & $0.0748189$ & $0.0389592$ & $0.0814268$ & $-0.0241068$ & $0.172957$ & $0.0299755$ & $-0.159278$ & $0.007155$ & $-0.0489727$ & $-0.0390421$ & $0.0409134$ & $-0.306052$ & $1$ & $0.290498$ & $-0.203172$ & $-0.198292$ & $0.11847$ \\
eHccint & $-0.0249179$ & $-0.133882$ & $0.11571$ & $-0.498357$ & $-0.0421974$ & $0.0167618$ & $0.0206026$ & $-0.0438137$ & $-0.0465285$ & $0.0615131$ & $0.0544297$ & $0.0442157$ & $0.0211826$ & $-0.0478$ & $-0.0702772$ & $-0.058999$ & $-0.00708881$ & $0.0147358$ & $0.00760161$ & $-0.0597459$ & $-0.0506203$ & $-0.0520232$ & $0.0121059$ & $-7.83316e-05$ & $0.013732$ & $0.047496$ & $0.0313979$ & $0.0059831$ & $0.0221524$ & $0.00797048$ & $0.00298998$ & $0.0383958$ & $0.0105003$ & $0.0249842$ & $0.0808943$ & $0.224482$ & $0.145127$ & $-0.061185$ & $-0.121617$ & $-0.103979$ & $-0.402076$ & $-0.0261227$ & $-0.191588$ & $-0.0869567$ & $0.290498$ & $1$ & $-0.145895$ & $-0.141261$ & $0.0950191$ \\
eHccpar & $0.0211155$ & $-0.054773$ & $-0.0213304$ & $0.0533261$ & $-0.0160314$ & $0.0269182$ & $-0.0327927$ & $-0.0237212$ & $-0.0187293$ & $0.0362273$ & $0.0406042$ & $0.0352184$ & $0.0299403$ & $-0.0410841$ & $-0.0233832$ & $-0.0317141$ & $-0.031404$ & $-0.0229956$ & $-0.0172981$ & $-0.0415556$ & $-0.0393551$ & $-0.0398744$ & $-0.00415319$ & $-0.0229981$ & $-0.0153914$ & $0.0417801$ & $0.00640059$ & $-0.0216513$ & $0.0144183$ & $0.0314871$ & $0.171229$ & $-0.00420747$ & $0.0766932$ & $-0.00464499$ & $0.316471$ & $-0.0920108$ & $-0.144813$ & $0.020452$ & $0.207291$ & $0.0039215$ & $-0.159005$ & $-0.0205378$ & $0.0751569$ & $0.0890136$ & $-0.203172$ & $-0.145895$ & $1$ & $-0.0241837$ & $0.233514$ \\
eHbbint & $0.297545$ & $0.0672977$ & $0.00757159$ & $0.193616$ & $0.0015199$ & $0.00026971$ & $-0.119957$ & $0.0374872$ & $0.0230111$ & $-0.0255121$ & $-0.0229879$ & $0.104982$ & $0.118211$ & $-0.0102458$ & $0.0312937$ & $0.0485425$ & $-0.0342709$ & $-0.0413759$ & $-0.0554034$ & $0.0260436$ & $0.0203273$ & $0.0215958$ & $-0.00644611$ & $-0.0419264$ & $-0.0625448$ & $-0.0235455$ & $-0.0211508$ & $0.0207257$ & $0.0479732$ & $0.0741959$ & $0.0432333$ & $-0.0981025$ & $0.152989$ & $0.00882651$ & $0.222709$ & $0.10114$ & $-0.209038$ & $-0.0764629$ & $0.122481$ & $0.0459842$ & $-0.00412233$ & $0.0281501$ & $-0.265974$ & $-0.0370002$ & $-0.198292$ & $-0.141261$ & $-0.0241837$ & $1$ & $-0.0994556$ \\
eHbbpar & $-0.0389777$ & $-0.0325858$ & $0.0687342$ & $0.0344521$ & $-0.0102051$ & $-0.019102$ & $0.0120076$ & $-0.0114163$ & $-0.0191393$ & $0.0249447$ & $0.0281483$ & $0.0128572$ & $-0.00987106$ & $-0.0376969$ & $-0.0197869$ & $-0.0203551$ & $-0.0199482$ & $-0.0202915$ & $-0.0126828$ & $-0.0303643$ & $-0.0257512$ & $-0.0198251$ & $0.0154936$ & $-0.0181511$ & $-0.0170394$ & $0.0234909$ & $0.011653$ & $0.000465514$ & $0.0359141$ & $-0.01907$ & $0.0235661$ & $0.0323882$ & $0.171163$ & $0.0135987$ & $0.240428$ & $0.128273$ & $-0.0118092$ & $0.0719708$ & $0.229119$ & $-0.0155033$ & $0.143545$ & $0.0334872$ & $-0.264763$ & $-0.105383$ & $0.11847$ & $0.0950191$ & $0.233514$ & $-0.0994556$ & $1$ \\
