 & AlsMz & dAle5Mz & mtop & mHl & Mz & CW & CHG & CHWB & CHWHB_gaga & CHWHB_gagaorth & CHD & CHbox & CH & CHL1_11 & CHL1_22 & CHL1_33 & CHL3_11 & CHL3_22 & CHL3_33 & CHe_11 & CHe_22 & CHe_33 & CHQ1_11 & CHQ1_33 & CHQ3_11 & CHu_11 & CHd_11 & CHd_33 & CeH_22r & CeH_33r & CuH_22r & CuH_33r & CdH_33r & CLL_1221 & eHggint & eHggpar & eHWWint & eHWWpar & eHZZint & eHZZpar & eHZgaint & eHZgapar & eHgagaint & eHmumuint & eHtautauint & eHccint & eHccpar & eHbbint & eHbbpar \\
AlsMz & $1$ & $-0.0395756$ & $0.142989$ & $0.0619941$ & $-0.00596751$ & $-0.0177328$ & $0.0536609$ & $-0.0543561$ & $-0.0440992$ & $0.00388204$ & $0.0221883$ & $-0.0394881$ & $-0.0426133$ & $0.0155109$ & $-0.0037683$ & $0.0112252$ & $0.0562918$ & $0.0542842$ & $0.0403234$ & $-0.0213091$ & $-0.0322759$ & $-0.0297937$ & $-0.0353224$ & $0.0120766$ & $-0.0522978$ & $-0.0019719$ & $-0.0751937$ & $0.0356374$ & $0.0355537$ & $-0.0193495$ & $-0.0477133$ & $0.0439154$ & $-0.0186993$ & $-0.0387435$ & $0.0218724$ & $-0.108993$ & $0.0789278$ & $0.0153132$ & $0.183777$ & $-0.0264831$ & $0.192695$ & $-0.038582$ & $0.0527841$ & $0.117729$ & $0.111744$ & $-0.0202167$ & $-0.0893056$ & $0.0910604$ & $-0.0127895$ \\
dAle5Mz & $-0.0395756$ & $1$ & $-0.00294601$ & $0.0908105$ & $-0.0110148$ & $0.0654775$ & $-0.0191329$ & $-0.0548783$ & $-0.0660495$ & $0.0216525$ & $0.0668708$ & $0.0760373$ & $0.0413562$ & $-0.0658647$ & $0.00677463$ & $0.025386$ & $-0.0421589$ & $-0.0486093$ & $-0.0573583$ & $-0.0435151$ & $-0.0496917$ & $-0.0451809$ & $-0.0118306$ & $0.00178867$ & $-0.0177313$ & $0.0402461$ & $0.00160479$ & $-0.00531971$ & $0.0447942$ & $0.00224377$ & $0.0193822$ & $-0.00542149$ & $0.146149$ & $0.000328481$ & $0.0365476$ & $0.155491$ & $0.0704531$ & $0.0478066$ & $-0.0325442$ & $-0.00205373$ & $-0.183282$ & $0.0215192$ & $-0.148224$ & $-0.0353946$ & $-0.152342$ & $0.153817$ & $0.136092$ & $0.206284$ & $0.262076$ \\
mtop & $0.142989$ & $-0.00294601$ & $1$ & $0.0267984$ & $0.0398124$ & $-0.0146909$ & $0.00890705$ & $0.0221154$ & $0.0317764$ & $-0.0256681$ & $-0.0180565$ & $-0.0345224$ & $-0.00719815$ & $0.0148274$ & $9.96742e-05$ & $0.0283402$ & $0.0025404$ & $0.00773593$ & $-0.0186438$ & $0.0270766$ & $0.02423$ & $0.0198482$ & $0.00838168$ & $0.00608139$ & $-0.0150007$ & $-0.0205229$ & $0.00525922$ & $0.0373649$ & $-0.00459795$ & $-0.00984387$ & $-0.0347287$ & $-0.00261527$ & $-0.00412001$ & $0.0194458$ & $-0.121888$ & $0.0557834$ & $0.166248$ & $-0.0230828$ & $0.0482253$ & $-0.0655334$ & $-0.0457395$ & $0.0302018$ & $0.155008$ & $0.0019178$ & $-0.0133381$ & $0.033636$ & $-0.17944$ & $-0.053292$ & $0.0257267$ \\
mHl & $0.0619941$ & $0.0908105$ & $0.0267984$ & $1$ & $-0.00498883$ & $0.00464578$ & $0.0119072$ & $0.0423099$ & $0.0509048$ & $-0.0289837$ & $-0.0299519$ & $0.00261221$ & $0.00644378$ & $-0.0145564$ & $-0.0140413$ & $-0.00839993$ & $-0.0280897$ & $-0.0188459$ & $-0.0216269$ & $0.0303142$ & $0.0363263$ & $0.035062$ & $0.0147413$ & $-0.0385549$ & $-0.0226548$ & $-0.0408618$ & $0.0429829$ & $0.00269105$ & $-0.0119939$ & $-0.0176423$ & $-0.0532392$ & $0.00609092$ & $0.00396278$ & $0.0464699$ & $-0.073093$ & $0.042762$ & $0.0132608$ & $0.0155059$ & $0.0665256$ & $-0.0572729$ & $0.203995$ & $0.0226866$ & $0.145268$ & $-0.0147068$ & $-0.0439908$ & $0.0127989$ & $-0.201026$ & $-0.069727$ & $0.0385082$ \\
Mz & $-0.00596751$ & $-0.0110148$ & $0.0398124$ & $-0.00498883$ & $1$ & $-0.0151306$ & $0.0123586$ & $0.00514034$ & $0.00516229$ & $-0.0132408$ & $0.00234747$ & $-0.00826373$ & $0.0174202$ & $-0.00181077$ & $-0.00691675$ & $0.00216168$ & $0.0167975$ & $0.00727307$ & $8.22059e-05$ & $0.00243924$ & $0.00783768$ & $0.00966404$ & $-0.0134475$ & $0.00788044$ & $0.0106485$ & $0.0185139$ & $0.0225482$ & $0.0135118$ & $0.0297909$ & $0.0336391$ & $0.0212238$ & $0.0159888$ & $0.0205256$ & $0.0150791$ & $-0.00848441$ & $-0.0430031$ & $0.00189968$ & $-0.00373545$ & $-0.024843$ & $0.0250084$ & $-0.00750905$ & $-0.036932$ & $0.0386667$ & $0.01746$ & $0.0318868$ & $0.0284765$ & $-0.0329891$ & $-0.00997731$ & $-0.0316014$ \\
CW & $-0.0177328$ & $0.0654775$ & $-0.0146909$ & $0.00464578$ & $-0.0151306$ & $1$ & $0.00950478$ & $-0.172225$ & $-0.170606$ & $0.0629514$ & $0.218507$ & $0.0935371$ & $0.0086018$ & $0.0416746$ & $-0.0826929$ & $-0.060375$ & $-0.248212$ & $-0.0202793$ & $-0.0351354$ & $-0.212641$ & $-0.224307$ & $-0.223626$ & $-0.0140377$ & $0.0547079$ & $-0.0559275$ & $0.126127$ & $-0.0970049$ & $-0.0637106$ & $0.0200088$ & $0.0275702$ & $0.00361084$ & $0.02565$ & $0.0431004$ & $-0.153173$ & $0.0719173$ & $-0.0422279$ & $-0.00543994$ & $0.0122328$ & $-0.0316747$ & $-0.0103986$ & $-0.0198786$ & $0.0102561$ & $-0.0428111$ & $0.01142$ & $-0.0116394$ & $0.00462797$ & $-0.0116732$ & $-0.016643$ & $0.0338449$ \\
CHG & $0.0536609$ & $-0.0191329$ & $0.00890705$ & $0.0119072$ & $0.0123586$ & $0.00950478$ & $1$ & $-0.0944447$ & $-0.0414799$ & $0.0627089$ & $0.0601005$ & $-0.0350945$ & $-0.285993$ & $0.0505361$ & $-0.0105509$ & $-0.000366282$ & $0.0568588$ & $0.073999$ & $0.0640028$ & $-0.0558948$ & $-0.0655948$ & $-0.0716781$ & $-0.0238328$ & $0.0945997$ & $0.0515882$ & $0.0390395$ & $-0.0725974$ & $-0.0222405$ & $0.0109369$ & $-0.116294$ & $-0.0697255$ & $0.93374$ & $-0.142881$ & $-0.072439$ & $-0.0470095$ & $-0.0604835$ & $-0.00205672$ & $0.0335602$ & $-0.0125465$ & $-0.0102021$ & $0.0372159$ & $0.0164269$ & $-0.00966561$ & $0.0317362$ & $0.0178046$ & $-0.0134098$ & $-0.00201701$ & $0.0177513$ & $-0.0049534$ \\
CHWB & $-0.0543561$ & $-0.0548783$ & $0.0221154$ & $0.0423099$ & $0.00514034$ & $-0.172225$ & $-0.0944447$ & $1$ & $0.983621$ & $-0.602014$ & $-0.881228$ & $-0.261814$ & $0.311763$ & $0.0851256$ & $0.305607$ & $0.307925$ & $-0.226293$ & $-0.441572$ & $-0.444563$ & $0.851291$ & $0.8991$ & $0.880232$ & $0.0896193$ & $-0.675633$ & $-0.399737$ & $-0.520728$ & $0.416149$ & $0.296383$ & $0.0193725$ & $0.0649814$ & $0.0546445$ & $-0.0901112$ & $0.0821518$ & $0.55215$ & $0.0202392$ & $0.0381473$ & $0.0146358$ & $-0.0428189$ & $-0.00464603$ & $-0.0234538$ & $-0.00265281$ & $-0.018364$ & $0.0163793$ & $-0.0176052$ & $-0.0448768$ & $-0.0410505$ & $-0.0162844$ & $-0.033964$ & $-0.00597029$ \\
CHWHB_gaga & $-0.0440992$ & $-0.0660495$ & $0.0317764$ & $0.0509048$ & $0.00516229$ & $-0.170606$ & $-0.0414799$ & $0.983621$ & $1$ & $-0.59107$ & $-0.863077$ & $-0.238043$ & $0.305409$ & $0.0765965$ & $0.302672$ & $0.305039$ & $-0.231148$ & $-0.442323$ & $-0.444937$ & $0.834248$ & $0.880069$ & $0.861158$ & $0.0897291$ & $-0.669458$ & $-0.400934$ & $-0.514038$ & $0.405603$ & $0.292503$ & $0.0246612$ & $0.0861833$ & $0.0671687$ & $-0.0461735$ & $0.104154$ & $0.540126$ & $-0.00245091$ & $0.0285634$ & $0.0126682$ & $-0.0453251$ & $-0.00775166$ & $-0.021512$ & $0.00869047$ & $-0.0181979$ & $0.067497$ & $-0.0178414$ & $-0.0322498$ & $-0.0561726$ & $-0.017226$ & $-0.0301319$ & $-0.00449613$ \\
CHWHB_gagaorth & $0.00388204$ & $0.0216525$ & $-0.0256681$ & $-0.0289837$ & $-0.0132408$ & $0.0629514$ & $0.0627089$ & $-0.602014$ & $-0.59107$ & $1$ & $0.383488$ & $0.610492$ & $-0.237778$ & $0.227541$ & $-0.137014$ & $-0.122186$ & $0.441968$ & $0.508727$ & $0.49723$ & $-0.368387$ & $-0.401203$ & $-0.392886$ & $-0.0698289$ & $0.581376$ & $0.484261$ & $0.23178$ & $-0.264206$ & $-0.135559$ & $-0.00649411$ & $-0.10242$ & $-0.062774$ & $0.0772556$ & $-0.106122$ & $-0.359534$ & $0.0194744$ & $0.032707$ & $-0.0183887$ & $0.0340599$ & $0.0160039$ & $0.0374421$ & $-0.0244464$ & $-0.00702888$ & $-0.010992$ & $0.0260548$ & $-0.00411147$ & $0.00922068$ & $0.0284296$ & $0.0606685$ & $0.0383035$ \\
CHD & $0.0221883$ & $0.0668708$ & $-0.0180565$ & $-0.0299519$ & $0.00234747$ & $0.218507$ & $0.0601005$ & $-0.881228$ & $-0.863077$ & $0.383488$ & $1$ & $0.299847$ & $-0.140386$ & $-0.495805$ & $-0.436509$ & $-0.427175$ & $-0.222857$ & $0.0853695$ & $0.0834239$ & $-0.990181$ & $-0.990973$ & $-0.968916$ & $-0.0271257$ & $0.318175$ & $0.0279596$ & $0.573309$ & $-0.272698$ & $-0.325714$ & $-0.00592189$ & $-0.0161792$ & $-0.0229499$ & $0.0632017$ & $-0.0366128$ & $-0.348793$ & $-0.0176058$ & $-0.0625132$ & $-0.0144843$ & $0.0341629$ & $-0.0245705$ & $0.0418496$ & $0.00359747$ & $0.0190646$ & $-0.0268107$ & $0.0268769$ & $0.0609481$ & $0.0376689$ & $0.0245709$ & $0.0109654$ & $-0.00504453$ \\
CHbox & $-0.0394881$ & $0.0760373$ & $-0.0345224$ & $0.00261221$ & $-0.00826373$ & $0.0935371$ & $-0.0350945$ & $-0.261814$ & $-0.238043$ & $0.610492$ & $0.299847$ & $1$ & $0.151903$ & $-0.177707$ & $-0.0459299$ & $-0.0283824$ & $-0.0926661$ & $-0.0359691$ & $-0.0443441$ & $-0.276748$ & $-0.30892$ & $-0.299948$ & $-0.031524$ & $0.11838$ & $-0.0400708$ & $0.168313$ & $-0.160788$ & $-0.10183$ & $0.0398819$ & $0.232907$ & $0.0635544$ & $0.0492579$ & $0.281937$ & $-0.174337$ & $0.0794452$ & $0.0569952$ & $-0.033757$ & $0.0163506$ & $-0.00670864$ & $0.0351216$ & $-0.0122693$ & $-0.0103414$ & $-0.0217848$ & $0.0360528$ & $-0.00266872$ & $0.0230519$ & $0.0414145$ & $0.0440067$ & $0.0268998$ \\
CH & $-0.0426133$ & $0.0413562$ & $-0.00719815$ & $0.00644378$ & $0.0174202$ & $0.0086018$ & $-0.285993$ & $0.311763$ & $0.305409$ & $-0.237778$ & $-0.140386$ & $0.151903$ & $1$ & $-0.239848$ & $0.0582732$ & $0.0573429$ & $-0.344308$ & $-0.363506$ & $-0.356395$ & $0.136498$ & $0.15354$ & $0.148606$ & $0.0348851$ & $-0.363633$ & $-0.350923$ & $-0.0813861$ & $0.134409$ & $0.0633298$ & $0.0828869$ & $0.263263$ & $0.124007$ & $-0.234495$ & $0.304581$ & $0.199054$ & $0.0288585$ & $0.0295996$ & $0.00901346$ & $-0.0433424$ & $-0.00806659$ & $0.0140976$ & $0.000796678$ & $-0.0124803$ & $-0.0307945$ & $0.00870932$ & $-0.018616$ & $-0.0122215$ & $0.0403321$ & $-0.00874602$ & $0.00274572$ \\
CHL1_11 & $0.0155109$ & $-0.0658647$ & $0.0148274$ & $-0.0145564$ & $-0.00181077$ & $0.0416746$ & $0.0505361$ & $0.0851256$ & $0.0765965$ & $0.227541$ & $-0.495805$ & $-0.177707$ & $-0.239848$ & $1$ & $0.29334$ & $0.272573$ & $0.647352$ & $0.578806$ & $0.586536$ & $0.516835$ & $0.453739$ & $0.439827$ & $-0.0805422$ & $0.467071$ & $0.584045$ & $-0.265272$ & $-0.143203$ & $0.152009$ & $-0.00924716$ & $-0.0624076$ & $-0.0420848$ & $0.0390983$ & $-0.0590692$ & $-0.250929$ & $0.015682$ & $0.0499595$ & $0.00920409$ & $-0.00428423$ & $0.0486574$ & $-0.0286599$ & $-0.00932602$ & $-0.00045231$ & $0.0257676$ & $-0.0231501$ & $-0.0431873$ & $-0.0031168$ & $-0.0309645$ & $0.0084967$ & $0.0206258$ \\
CHL1_22 & $-0.0037683$ & $0.00677463$ & $9.96742e-05$ & $-0.0140413$ & $-0.00691675$ & $-0.0826929$ & $-0.0105509$ & $0.305607$ & $0.302672$ & $-0.137014$ & $-0.436509$ & $-0.0459299$ & $0.0582732$ & $0.29334$ & $1$ & $0.465079$ & $0.172383$ & $-0.452164$ & $-0.0335196$ & $0.50379$ & $0.350917$ & $0.343132$ & $-0.169252$ & $0.104664$ & $-0.133618$ & $-0.209754$ & $-0.408252$ & $0.1101$ & $-0.00319651$ & $0.0040825$ & $0.0461259$ & $-0.00860841$ & $0.0415964$ & $-0.595729$ & $-0.0304535$ & $0.0436755$ & $-0.0256224$ & $-0.0204268$ & $-0.0013233$ & $-0.0382871$ & $0.0120379$ & $-0.0180226$ & $0.00293666$ & $-0.023881$ & $-0.0491925$ & $-0.0475176$ & $0.0180856$ & $0.0446639$ & $0.0243623$ \\
CHL1_33 & $0.0112252$ & $0.025386$ & $0.0283402$ & $-0.00839993$ & $0.00216168$ & $-0.060375$ & $-0.000366282$ & $0.307925$ & $0.305039$ & $-0.122186$ & $-0.427175$ & $-0.0283824$ & $0.0573429$ & $0.272573$ & $0.465079$ & $1$ & $0.152871$ & $-0.0521241$ & $-0.442575$ & $0.490408$ & $0.346643$ & $0.364012$ & $-0.158815$ & $0.0818551$ & $-0.124494$ & $-0.194681$ & $-0.365266$ & $0.101982$ & $0.00985559$ & $-0.00347495$ & $0.0342798$ & $0.00579752$ & $0.0334139$ & $-0.112246$ & $-0.00653954$ & $0.0527555$ & $-0.0226888$ & $-0.0114123$ & $-0.0159391$ & $-0.0581358$ & $0.0228046$ & $-0.012779$ & $0.0220802$ & $-0.0243788$ & $-0.0421695$ & $-0.00923494$ & $0.0128618$ & $0.0453625$ & $0.0197635$ \\
CHL3_11 & $0.0562918$ & $-0.0421589$ & $0.0025404$ & $-0.0280897$ & $0.0167975$ & $-0.248212$ & $0.0568588$ & $-0.226293$ & $-0.231148$ & $0.441968$ & $-0.222857$ & $-0.0926661$ & $-0.344308$ & $0.647352$ & $0.172383$ & $0.152871$ & $1$ & $0.722644$ & $0.728988$ & $0.245345$ & $0.190253$ & $0.183729$ & $-0.0932831$ & $0.66055$ & $0.767225$ & $-0.0997631$ & $-0.16584$ & $0.058733$ & $-0.0319522$ & $-0.104329$ & $-0.070353$ & $0.0377872$ & $-0.103985$ & $-0.247193$ & $-0.0169484$ & $0.0473383$ & $0.000142287$ & $0.028871$ & $0.0597735$ & $-0.0344394$ & $-0.00668459$ & $-0.0102367$ & $0.018748$ & $-0.0148326$ & $-0.0215992$ & $0.00721606$ & $-0.0173846$ & $0.0427938$ & $0.00917855$ \\
CHL3_22 & $0.0542842$ & $-0.0486093$ & $0.00773593$ & $-0.0188459$ & $0.00727307$ & $-0.0202793$ & $0.073999$ & $-0.441572$ & $-0.442323$ & $0.508727$ & $0.0853695$ & $-0.0359691$ & $-0.363506$ & $0.578806$ & $-0.452164$ & $-0.0521241$ & $0.722644$ & $1$ & $0.676104$ & $-0.0886151$ & $-0.0786008$ & $-0.0770012$ & $-0.00741024$ & $0.61194$ & $0.790414$ & $0.0523839$ & $-0.00791504$ & $-0.0249363$ & $-0.0211062$ & $-0.0943075$ & $-0.0917891$ & $0.0586897$ & $-0.115851$ & $0.0328959$ & $0.015082$ & $0.0147703$ & $0.0166035$ & $0.0289024$ & $0.0537925$ & $-0.00746681$ & $-0.00816314$ & $0.0119856$ & $0.0243026$ & $-0.00483101$ & $0.00698892$ & $0.0390636$ & $-0.0349378$ & $0.00957059$ & $-0.000609374$ \\
CHL3_33 & $0.0403234$ & $-0.0573583$ & $-0.0186438$ & $-0.0216269$ & $8.22059e-05$ & $-0.0351354$ & $0.0640028$ & $-0.444563$ & $-0.444937$ & $0.49723$ & $0.0834239$ & $-0.0443441$ & $-0.356395$ & $0.586536$ & $-0.0335196$ & $-0.442575$ & $0.728988$ & $0.676104$ & $1$ & $-0.0834419$ & $-0.0796163$ & $-0.0758108$ & $-0.0142029$ & $0.628404$ & $0.778373$ & $0.0420225$ & $-0.0400607$ & $-0.0212516$ & $-0.0310607$ & $-0.0856259$ & $-0.0776839$ & $0.0463771$ & $-0.106603$ & $-0.349491$ & $-0.00774237$ & $0.0146695$ & $0.011265$ & $0.0191319$ & $0.0586703$ & $0.00830973$ & $-0.0217969$ & $0.00521645$ & $0.00683399$ & $-0.000810589$ & $0.000471266$ & $0.0099734$ & $-0.0248635$ & $0.00853137$ & $0.0037899$ \\
CHe_11 & $-0.0213091$ & $-0.0435151$ & $0.0270766$ & $0.0303142$ & $0.00243924$ & $-0.212641$ & $-0.0558948$ & $0.851291$ & $0.834248$ & $-0.368387$ & $-0.990181$ & $-0.276748$ & $0.136498$ & $0.516835$ & $0.50379$ & $0.490408$ & $0.245345$ & $-0.0886151$ & $-0.0834419$ & $1$ & $0.971921$ & $0.950891$ & $0.00260232$ & $-0.263056$ & $-0.0187086$ & $-0.563102$ & $0.198993$ & $0.316479$ & $0.00557379$ & $0.0152502$ & $0.0249439$ & $-0.0581148$ & $0.041555$ & $0.266325$ & $0.0128943$ & $0.0700187$ & $0.0136729$ & $-0.0359204$ & $0.0247023$ & $-0.045976$ & $-0.00444834$ & $-0.0165876$ & $0.0299596$ & $-0.0317101$ & $-0.0668857$ & $-0.0359875$ & $-0.0241471$ & $0.000496999$ & $0.011827$ \\
CHe_22 & $-0.0322759$ & $-0.0496917$ & $0.02423$ & $0.0363263$ & $0.00783768$ & $-0.224307$ & $-0.0655948$ & $0.8991$ & $0.880069$ & $-0.401203$ & $-0.990973$ & $-0.30892$ & $0.15354$ & $0.453739$ & $0.350917$ & $0.346643$ & $0.190253$ & $-0.0786008$ & $-0.0796163$ & $0.971921$ & $1$ & $0.974036$ & $0.0566365$ & $-0.373055$ & $-0.033124$ & $-0.576772$ & $0.355759$ & $0.328968$ & $0.00812805$ & $0.0195332$ & $0.0219439$ & $-0.0688456$ & $0.0388351$ & $0.437699$ & $0.0206833$ & $0.0625108$ & $0.0198219$ & $-0.0329386$ & $0.0227358$ & $-0.0375764$ & $-0.0131254$ & $-0.0186263$ & $0.023192$ & $-0.0251647$ & $-0.0616135$ & $-0.0318283$ & $-0.0255409$ & $-0.0166951$ & $0.00590569$ \\
CHe_33 & $-0.0297937$ & $-0.0451809$ & $0.0198482$ & $0.035062$ & $0.00966404$ & $-0.223626$ & $-0.0716781$ & $0.880232$ & $0.861158$ & $-0.392886$ & $-0.968916$ & $-0.299948$ & $0.148606$ & $0.439827$ & $0.343132$ & $0.364012$ & $0.183729$ & $-0.0770012$ & $-0.0758108$ & $0.950891$ & $0.974036$ & $1$ & $0.0511582$ & $-0.365456$ & $-0.0340799$ & $-0.560416$ & $0.347148$ & $0.324516$ & $0.0068136$ & $0.0159582$ & $0.0209518$ & $-0.0749768$ & $0.0364182$ & $0.431514$ & $0.0190105$ & $0.067623$ & $0.0176513$ & $-0.0418068$ & $0.0204019$ & $-0.036413$ & $-0.0196225$ & $-0.0193702$ & $0.0175602$ & $-0.0270728$ & $-0.0599122$ & $-0.0358027$ & $-0.0261708$ & $-0.0118951$ & $0.00969772$ \\
CHQ1_11 & $-0.0353224$ & $-0.0118306$ & $0.00838168$ & $0.0147413$ & $-0.0134475$ & $-0.0140377$ & $-0.0238328$ & $0.0896193$ & $0.0897291$ & $-0.0698289$ & $-0.0271257$ & $-0.031524$ & $0.0348851$ & $-0.0805422$ & $-0.169252$ & $-0.158815$ & $-0.0932831$ & $-0.00741024$ & $-0.0142029$ & $0.00260232$ & $0.0566365$ & $0.0511582$ & $1$ & $-0.168742$ & $0.064246$ & $-0.677658$ & $0.350538$ & $-0.0150021$ & $-0.0337628$ & $0.00447672$ & $-0.00619295$ & $-0.0239526$ & $-0.0176797$ & $0.213065$ & $-0.0102343$ & $0.0165586$ & $0.0251586$ & $-0.0319316$ & $-0.00663383$ & $0.0277479$ & $-0.0209191$ & $0.00326293$ & $0.0178682$ & $0.003299$ & $-0.0268617$ & $-0.0235299$ & $0.00106641$ & $-0.0198109$ & $-0.0393252$ \\
CHQ1_33 & $0.0120766$ & $0.00178867$ & $0.00608139$ & $-0.0385549$ & $0.00788044$ & $0.0547079$ & $0.0945997$ & $-0.675633$ & $-0.669458$ & $0.581376$ & $0.318175$ & $0.11838$ & $-0.363633$ & $0.467071$ & $0.104664$ & $0.0818551$ & $0.66055$ & $0.61194$ & $0.628404$ & $-0.263056$ & $-0.373055$ & $-0.365456$ & $-0.168742$ & $1$ & $0.631645$ & $0.230959$ & $-0.426413$ & $-0.0185682$ & $-0.0299599$ & $-0.0846183$ & $-0.0487354$ & $0.084151$ & $-0.083888$ & $-0.632745$ & $-0.0271102$ & $0.0196132$ & $-0.023026$ & $0.0377813$ & $0.0233226$ & $-0.0164704$ & $-0.00640372$ & $0.0175143$ & $0.0112978$ & $0.00130449$ & $-0.0147266$ & $0.0394148$ & $-0.00349267$ & $0.0408174$ & $0.00985819$ \\
CHQ3_11 & $-0.0522978$ & $-0.0177313$ & $-0.0150007$ & $-0.0226548$ & $0.0106485$ & $-0.0559275$ & $0.0515882$ & $-0.399737$ & $-0.400934$ & $0.484261$ & $0.0279596$ & $-0.0400708$ & $-0.350923$ & $0.584045$ & $-0.133618$ & $-0.124494$ & $0.767225$ & $0.790414$ & $0.778373$ & $-0.0187086$ & $-0.033124$ & $-0.0340799$ & $0.064246$ & $0.631645$ & $1$ & $0.0323549$ & $0.201438$ & $-0.0150391$ & $-0.0260455$ & $-0.102321$ & $-0.0837572$ & $0.0260936$ & $-0.12059$ & $-0.195315$ & $-0.0147864$ & $0.0292122$ & $0.0226648$ & $0.0206877$ & $0.0270536$ & $0.0176039$ & $-0.0490447$ & $0.00496439$ & $0.0229044$ & $-0.0108388$ & $-0.0189764$ & $0.0118797$ & $-0.0242538$ & $0.00240747$ & $-0.0129484$ \\
CHu_11 & $-0.0019719$ & $0.0402461$ & $-0.0205229$ & $-0.0408618$ & $0.0185139$ & $0.126127$ & $0.0390395$ & $-0.520728$ & $-0.514038$ & $0.23178$ & $0.573309$ & $0.168313$ & $-0.0813861$ & $-0.265272$ & $-0.209754$ & $-0.194681$ & $-0.0997631$ & $0.0523839$ & $0.0420225$ & $-0.563102$ & $-0.576772$ & $-0.560416$ & $-0.677658$ & $0.230959$ & $0.0323549$ & $1$ & $-0.162775$ & $-0.171783$ & $0.0348529$ & $-0.0082156$ & $-0.0124343$ & $0.0342929$ & $-0.0212164$ & $-0.242819$ & $-0.00566112$ & $-0.0613331$ & $-0.0218615$ & $0.0361212$ & $-0.0252242$ & $0.0251278$ & $-0.00507132$ & $0.00283479$ & $-0.0389935$ & $0.0206468$ & $0.0444284$ & $0.0602072$ & $-0.00436407$ & $-0.0118439$ & $-0.0046766$ \\
CHd_11 & $-0.0751937$ & $0.00160479$ & $0.00525922$ & $0.0429829$ & $0.0225482$ & $-0.0970049$ & $-0.0725974$ & $0.416149$ & $0.405603$ & $-0.264206$ & $-0.272698$ & $-0.160788$ & $0.134409$ & $-0.143203$ & $-0.408252$ & $-0.365266$ & $-0.16584$ & $-0.00791504$ & $-0.0400607$ & $0.198993$ & $0.355759$ & $0.347148$ & $0.350538$ & $-0.426413$ & $0.201438$ & $-0.162775$ & $1$ & $0.10896$ & $0.0122162$ & $0.0220718$ & $-0.00824573$ & $-0.0871841$ & $-0.000235812$ & $0.697041$ & $0.00842459$ & $-0.000921631$ & $0.0531951$ & $-0.0137788$ & $-0.0138557$ & $0.0492382$ & $-0.0557892$ & $-0.00533269$ & $0.0107071$ & $0.0180252$ & $-0.0163998$ & $0.00368714$ & $-0.0324821$ & $-0.0684473$ & $-0.0468918$ \\
CHd_33 & $0.0356374$ & $-0.00531971$ & $0.0373649$ & $0.00269105$ & $0.0135118$ & $-0.0637106$ & $-0.0222405$ & $0.296383$ & $0.292503$ & $-0.135559$ & $-0.325714$ & $-0.10183$ & $0.0633298$ & $0.152009$ & $0.1101$ & $0.101982$ & $0.058733$ & $-0.0249363$ & $-0.0212516$ & $0.316479$ & $0.328968$ & $0.324516$ & $-0.0150021$ & $-0.0185682$ & $-0.0150391$ & $-0.171783$ & $0.10896$ & $1$ & $0.0173483$ & $0.0248217$ & $0.00955211$ & $-0.0260491$ & $0.0355649$ & $0.147897$ & $0.0254144$ & $0.0121877$ & $-0.00245405$ & $0.000745603$ & $0.029662$ & $0.0106226$ & $-0.0149639$ & $0.00277066$ & $0.00960937$ & $-0.00869113$ & $-0.0312891$ & $-0.0246967$ & $-0.00509102$ & $0.00829412$ & $0.0140382$ \\
CeH_22r & $0.0355537$ & $0.0447942$ & $-0.00459795$ & $-0.0119939$ & $0.0297909$ & $0.0200088$ & $0.0109369$ & $0.0193725$ & $0.0246612$ & $-0.00649411$ & $-0.00592189$ & $0.0398819$ & $0.0828869$ & $-0.00924716$ & $-0.00319651$ & $0.00985559$ & $-0.0319522$ & $-0.0211062$ & $-0.0310607$ & $0.00557379$ & $0.00812805$ & $0.0068136$ & $-0.0337628$ & $-0.0299599$ & $-0.0260455$ & $0.0348529$ & $0.0122162$ & $0.0173483$ & $1$ & $0.0458302$ & $0.00595486$ & $0.0040111$ & $0.072629$ & $0.0189211$ & $0.0289881$ & $-0.0188234$ & $-0.0385355$ & $0.029806$ & $0.00553894$ & $-0.000544953$ & $0.0232635$ & $-0.0256063$ & $-0.0093224$ & $-0.00835942$ & $0.0319592$ & $0.0159927$ & $0.0203235$ & $0.00748375$ & $0.0417769$ \\
CeH_33r & $-0.0193495$ & $0.00224377$ & $-0.00984387$ & $-0.0176423$ & $0.0336391$ & $0.0275702$ & $-0.116294$ & $0.0649814$ & $0.0861833$ & $-0.10242$ & $-0.0161792$ & $0.232907$ & $0.263263$ & $-0.0624076$ & $0.0040825$ & $-0.00347495$ & $-0.104329$ & $-0.0943075$ & $-0.0856259$ & $0.0152502$ & $0.0195332$ & $0.0159582$ & $0.00447672$ & $-0.0846183$ & $-0.102321$ & $-0.0082156$ & $0.0220718$ & $0.0248217$ & $0.0458302$ & $1$ & $0.303381$ & $0.0464664$ & $0.679903$ & $0.042402$ & $-0.0184991$ & $0.0202324$ & $-0.143774$ & $0.0069032$ & $-0.0287239$ & $0.0112758$ & $0.0431713$ & $-0.013547$ & $-0.0360389$ & $0.0259337$ & $0.0668643$ & $0.0307685$ & $-0.00357466$ & $-0.0324624$ & $0.0357607$ \\
CuH_22r & $-0.0477133$ & $0.0193822$ & $-0.0347287$ & $-0.0532392$ & $0.0212238$ & $0.00361084$ & $-0.0697255$ & $0.0546445$ & $0.0671687$ & $-0.062774$ & $-0.0229499$ & $0.0635544$ & $0.124007$ & $-0.0420848$ & $0.0461259$ & $0.0342798$ & $-0.070353$ & $-0.0917891$ & $-0.0776839$ & $0.0249439$ & $0.0219439$ & $0.0209518$ & $-0.00619295$ & $-0.0487354$ & $-0.0837572$ & $-0.0124343$ & $-0.00824573$ & $0.00955211$ & $0.00595486$ & $0.303381$ & $1$ & $0.0234253$ & $0.380447$ & $0.00346918$ & $-0.0136075$ & $0.0898549$ & $-0.140705$ & $-0.00589649$ & $-0.00106698$ & $0.0235069$ & $0.0393237$ & $-0.00600204$ & $-0.044486$ & $0.000359213$ & $-0.0625299$ & $0.0188821$ & $0.278041$ & $0.0442186$ & $0.0394548$ \\
CuH_33r & $0.0439154$ & $-0.00542149$ & $-0.00261527$ & $0.00609092$ & $0.0159888$ & $0.02565$ & $0.93374$ & $-0.0901112$ & $-0.0461735$ & $0.0772556$ & $0.0632017$ & $0.0492579$ & $-0.234495$ & $0.0390983$ & $-0.00860841$ & $0.00579752$ & $0.0377872$ & $0.0586897$ & $0.0463771$ & $-0.0581148$ & $-0.0688456$ & $-0.0749768$ & $-0.0239526$ & $0.084151$ & $0.0260936$ & $0.0342929$ & $-0.0871841$ & $-0.0260491$ & $0.0040111$ & $0.0464664$ & $0.0234253$ & $1$ & $0.0515347$ & $-0.07185$ & $0.0375523$ & $-0.0182091$ & $-0.032941$ & $0.0351584$ & $0.010781$ & $-0.0107309$ & $0.0393584$ & $0.00922215$ & $-0.0296009$ & $0.0303827$ & $0.0138313$ & $0.016641$ & $0.0047976$ & $0.0167407$ & $0.0145891$ \\
CdH_33r & $-0.0186993$ & $0.146149$ & $-0.00412001$ & $0.00396278$ & $0.0205256$ & $0.0431004$ & $-0.142881$ & $0.0821518$ & $0.104154$ & $-0.106122$ & $-0.0366128$ & $0.281937$ & $0.304581$ & $-0.0590692$ & $0.0415964$ & $0.0334139$ & $-0.103985$ & $-0.115851$ & $-0.106603$ & $0.041555$ & $0.0388351$ & $0.0364182$ & $-0.0176797$ & $-0.083888$ & $-0.12059$ & $-0.0212164$ & $-0.000235812$ & $0.0355649$ & $0.072629$ & $0.679903$ & $0.380447$ & $0.0515347$ & $1$ & $0.0333437$ & $0.00386069$ & $0.0152062$ & $-0.249213$ & $-0.0225733$ & $-0.0501691$ & $-0.00454587$ & $0.0360905$ & $0.0197553$ & $-0.0457549$ & $0.0144515$ & $0.0053974$ & $0.0774385$ & $0.0510408$ & $0.139028$ & $0.437198$ \\
CLL_1221 & $-0.0387435$ & $0.000328481$ & $0.0194458$ & $0.0464699$ & $0.0150791$ & $-0.153173$ & $-0.072439$ & $0.55215$ & $0.540126$ & $-0.359534$ & $-0.348793$ & $-0.174337$ & $0.199054$ & $-0.250929$ & $-0.595729$ & $-0.112246$ & $-0.247193$ & $0.0328959$ & $-0.349491$ & $0.266325$ & $0.437699$ & $0.431514$ & $0.213065$ & $-0.632745$ & $-0.195315$ & $-0.242819$ & $0.697041$ & $0.147897$ & $0.0189211$ & $0.042402$ & $0.00346918$ & $-0.07185$ & $0.0333437$ & $1$ & $0.0379315$ & $0.00573404$ & $0.0352115$ & $-0.00762892$ & $-0.00272321$ & $0.0102753$ & $-0.0215974$ & $-0.00413144$ & $0.00247458$ & $0.00303419$ & $3.84479e-05$ & $0.0157627$ & $-0.0202442$ & $-0.0467225$ & $-0.014431$ \\
eHggint & $0.0218724$ & $0.0365476$ & $-0.121888$ & $-0.073093$ & $-0.00848441$ & $0.0719173$ & $-0.0470095$ & $0.0202392$ & $-0.00245091$ & $0.0194744$ & $-0.0176058$ & $0.0794452$ & $0.0288585$ & $0.015682$ & $-0.0304535$ & $-0.00653954$ & $-0.0169484$ & $0.015082$ & $-0.00774237$ & $0.0128943$ & $0.0206833$ & $0.0190105$ & $-0.0102343$ & $-0.0271102$ & $-0.0147864$ & $-0.00566112$ & $0.00842459$ & $0.0254144$ & $0.0289881$ & $-0.0184991$ & $-0.0136075$ & $0.0375523$ & $0.00386069$ & $0.0379315$ & $1$ & $0.0156797$ & $0.0592299$ & $-0.015986$ & $0.125334$ & $0.00481191$ & $-0.0213397$ & $-0.0318919$ & $-0.088738$ & $0.154583$ & $0.0252193$ & $0.121442$ & $0.00174895$ & $0.0252836$ & $0.0600178$ \\
eHggpar & $-0.108993$ & $0.155491$ & $0.0557834$ & $0.042762$ & $-0.0430031$ & $-0.0422279$ & $-0.0604835$ & $0.0381473$ & $0.0285634$ & $0.032707$ & $-0.0625132$ & $0.0569952$ & $0.0295996$ & $0.0499595$ & $0.0436755$ & $0.0527555$ & $0.0473383$ & $0.0147703$ & $0.0146695$ & $0.0700187$ & $0.0625108$ & $0.067623$ & $0.0165586$ & $0.0196132$ & $0.0292122$ & $-0.0613331$ & $-0.000921631$ & $0.0121877$ & $-0.0188234$ & $0.0202324$ & $0.0898549$ & $-0.0182091$ & $0.0152062$ & $0.00573404$ & $0.0156797$ & $1$ & $-0.0184031$ & $0.00757195$ & $0.128528$ & $-0.0419434$ & $-0.00777893$ & $0.024716$ & $-0.0287336$ & $-0.294725$ & $-0.144679$ & $-0.0136436$ & $0.25183$ & $0.124005$ & $-0.00298117$ \\
eHWWint & $0.0789278$ & $0.0704531$ & $0.166248$ & $0.0132608$ & $0.00189968$ & $-0.00543994$ & $-0.00205672$ & $0.0146358$ & $0.0126682$ & $-0.0183887$ & $-0.0144843$ & $-0.033757$ & $0.00901346$ & $0.00920409$ & $-0.0256224$ & $-0.0226888$ & $0.000142287$ & $0.0166035$ & $0.011265$ & $0.0136729$ & $0.0198219$ & $0.0176513$ & $0.0251586$ & $-0.023026$ & $0.0226648$ & $-0.0218615$ & $0.0531951$ & $-0.00245405$ & $-0.0385355$ & $-0.143774$ & $-0.140705$ & $-0.032941$ & $-0.249213$ & $0.0352115$ & $0.0592299$ & $-0.0184031$ & $1$ & $-0.00722103$ & $0.0215233$ & $0.0320156$ & $-0.117136$ & $0.0308948$ & $0.208452$ & $-0.0633278$ & $0.0258172$ & $-0.185105$ & $-0.0581054$ & $0.0870785$ & $-0.219511$ \\
eHWWpar & $0.0153132$ & $0.0478066$ & $-0.0230828$ & $0.0155059$ & $-0.00373545$ & $0.0122328$ & $0.0335602$ & $-0.0428189$ & $-0.0453251$ & $0.0340599$ & $0.0341629$ & $0.0163506$ & $-0.0433424$ & $-0.00428423$ & $-0.0204268$ & $-0.0114123$ & $0.028871$ & $0.0289024$ & $0.0191319$ & $-0.0359204$ & $-0.0329386$ & $-0.0418068$ & $-0.0319316$ & $0.0377813$ & $0.0206877$ & $0.0361212$ & $-0.0137788$ & $0.000745603$ & $0.029806$ & $0.0069032$ & $-0.00589649$ & $0.0351584$ & $-0.0225733$ & $-0.00762892$ & $-0.015986$ & $0.00757195$ & $-0.00722103$ & $1$ & $0.0384012$ & $-0.0308116$ & $-0.00620146$ & $-0.0253583$ & $-0.0385296$ & $-0.00368023$ & $-0.00155375$ & $-0.0181406$ & $0.0307799$ & $0.0462247$ & $-0.0570538$ \\
eHZZint & $0.183777$ & $-0.0325442$ & $0.0482253$ & $0.0665256$ & $-0.024843$ & $-0.0316747$ & $-0.0125465$ & $-0.00464603$ & $-0.00775166$ & $0.0160039$ & $-0.0245705$ & $-0.00670864$ & $-0.00806659$ & $0.0486574$ & $-0.0013233$ & $-0.0159391$ & $0.0597735$ & $0.0537925$ & $0.0586703$ & $0.0247023$ & $0.0227358$ & $0.0204019$ & $-0.00663383$ & $0.0233226$ & $0.0270536$ & $-0.0252242$ & $-0.0138557$ & $0.029662$ & $0.00553894$ & $-0.0287239$ & $-0.00106698$ & $0.010781$ & $-0.0501691$ & $-0.00272321$ & $0.125334$ & $0.128528$ & $0.0215233$ & $0.0384012$ & $1$ & $-0.0245401$ & $0.0808111$ & $0.0257734$ & $0.0234159$ & $0.0125821$ & $-0.111019$ & $0.0530303$ & $-0.00414323$ & $-0.0775529$ & $-0.0433506$ \\
eHZZpar & $-0.0264831$ & $-0.00205373$ & $-0.0655334$ & $-0.0572729$ & $0.0250084$ & $-0.0103986$ & $-0.0102021$ & $-0.0234538$ & $-0.021512$ & $0.0374421$ & $0.0418496$ & $0.0351216$ & $0.0140976$ & $-0.0286599$ & $-0.0382871$ & $-0.0581358$ & $-0.0344394$ & $-0.00746681$ & $0.00830973$ & $-0.045976$ & $-0.0375764$ & $-0.036413$ & $0.0277479$ & $-0.0164704$ & $0.0176039$ & $0.0251278$ & $0.0492382$ & $0.0106226$ & $-0.000544953$ & $0.0112758$ & $0.0235069$ & $-0.0107309$ & $-0.00454587$ & $0.0102753$ & $0.00481191$ & $-0.0419434$ & $0.0320156$ & $-0.0308116$ & $-0.0245401$ & $1$ & $0.0305393$ & $0.00498776$ & $-0.036201$ & $0.0235013$ & $0.0674981$ & $-0.0192696$ & $0.0173627$ & $0.0151227$ & $-0.0318157$ \\
eHZgaint & $0.192695$ & $-0.183282$ & $-0.0457395$ & $0.203995$ & $-0.00750905$ & $-0.0198786$ & $0.0372159$ & $-0.00265281$ & $0.00869047$ & $-0.0244464$ & $0.00359747$ & $-0.0122693$ & $0.000796678$ & $-0.00932602$ & $0.0120379$ & $0.0228046$ & $-0.00668459$ & $-0.00816314$ & $-0.0217969$ & $-0.00444834$ & $-0.0131254$ & $-0.0196225$ & $-0.0209191$ & $-0.00640372$ & $-0.0490447$ & $-0.00507132$ & $-0.0557892$ & $-0.0149639$ & $0.0232635$ & $0.0431713$ & $0.0393237$ & $0.0393584$ & $0.0360905$ & $-0.0215974$ & $-0.0213397$ & $-0.00777893$ & $-0.117136$ & $-0.00620146$ & $0.0808111$ & $0.0305393$ & $1$ & $0.0274048$ & $0.0799727$ & $0.119155$ & $0.144156$ & $-0.0447704$ & $-0.0232184$ & $0.00901264$ & $0.00679559$ \\
eHZgapar & $-0.038582$ & $0.0215192$ & $0.0302018$ & $0.0226866$ & $-0.036932$ & $0.0102561$ & $0.0164269$ & $-0.018364$ & $-0.0181979$ & $-0.00702888$ & $0.0190646$ & $-0.0103414$ & $-0.0124803$ & $-0.00045231$ & $-0.0180226$ & $-0.012779$ & $-0.0102367$ & $0.0119856$ & $0.00521645$ & $-0.0165876$ & $-0.0186263$ & $-0.0193702$ & $0.00326293$ & $0.0175143$ & $0.00496439$ & $0.00283479$ & $-0.00533269$ & $0.00277066$ & $-0.0256063$ & $-0.013547$ & $-0.00600204$ & $0.00922215$ & $0.0197553$ & $-0.00413144$ & $-0.0318919$ & $0.024716$ & $0.0308948$ & $-0.0253583$ & $0.0257734$ & $0.00498776$ & $0.0274048$ & $1$ & $-0.0286609$ & $-0.0303606$ & $-0.0283159$ & $-0.0228706$ & $0.00614435$ & $0.099836$ & $0.0496866$ \\
eHgagaint & $0.0527841$ & $-0.148224$ & $0.155008$ & $0.145268$ & $0.0386667$ & $-0.0428111$ & $-0.00966561$ & $0.0163793$ & $0.067497$ & $-0.010992$ & $-0.0268107$ & $-0.0217848$ & $-0.0307945$ & $0.0257676$ & $0.00293666$ & $0.0220802$ & $0.018748$ & $0.0243026$ & $0.00683399$ & $0.0299596$ & $0.023192$ & $0.0175602$ & $0.0178682$ & $0.0112978$ & $0.0229044$ & $-0.0389935$ & $0.0107071$ & $0.00960937$ & $-0.0093224$ & $-0.0360389$ & $-0.044486$ & $-0.0296009$ & $-0.0457549$ & $0.00247458$ & $-0.088738$ & $-0.0287336$ & $0.208452$ & $-0.0385296$ & $0.0234159$ & $-0.036201$ & $0.0799727$ & $-0.0286609$ & $1$ & $-0.075131$ & $0.0963408$ & $-0.153777$ & $-0.0628095$ & $0.00782904$ & $0.00960568$ \\
eHmumuint & $0.117729$ & $-0.0353946$ & $0.0019178$ & $-0.0147068$ & $0.01746$ & $0.01142$ & $0.0317362$ & $-0.0176052$ & $-0.0178414$ & $0.0260548$ & $0.0268769$ & $0.0360528$ & $0.00870932$ & $-0.0231501$ & $-0.023881$ & $-0.0243788$ & $-0.0148326$ & $-0.00483101$ & $-0.000810589$ & $-0.0317101$ & $-0.0251647$ & $-0.0270728$ & $0.003299$ & $0.00130449$ & $-0.0108388$ & $0.0206468$ & $0.0180252$ & $-0.00869113$ & $-0.00835942$ & $0.0259337$ & $0.000359213$ & $0.0303827$ & $0.0144515$ & $0.00303419$ & $0.154583$ & $-0.294725$ & $-0.0633278$ & $-0.00368023$ & $0.0125821$ & $0.0235013$ & $0.119155$ & $-0.0303606$ & $-0.075131$ & $1$ & $-0.0719666$ & $0.187355$ & $-0.10482$ & $-0.0708417$ & $-0.01061$ \\
eHtautauint & $0.111744$ & $-0.152342$ & $-0.0133381$ & $-0.0439908$ & $0.0318868$ & $-0.0116394$ & $0.0178046$ & $-0.0448768$ & $-0.0322498$ & $-0.00411147$ & $0.0609481$ & $-0.00266872$ & $-0.018616$ & $-0.0431873$ & $-0.0491925$ & $-0.0421695$ & $-0.0215992$ & $0.00698892$ & $0.000471266$ & $-0.0668857$ & $-0.0616135$ & $-0.0599122$ & $-0.0268617$ & $-0.0147266$ & $-0.0189764$ & $0.0444284$ & $-0.0163998$ & $-0.0312891$ & $0.0319592$ & $0.0668643$ & $-0.0625299$ & $0.0138313$ & $0.0053974$ & $3.84479e-05$ & $0.0252193$ & $-0.144679$ & $0.0258172$ & $-0.00155375$ & $-0.111019$ & $0.0674981$ & $0.144156$ & $-0.0283159$ & $0.0963408$ & $-0.0719666$ & $1$ & $-0.147276$ & $-0.167505$ & $-0.12811$ & $0.0435995$ \\
eHccint & $-0.0202167$ & $0.153817$ & $0.033636$ & $0.0127989$ & $0.0284765$ & $0.00462797$ & $-0.0134098$ & $-0.0410505$ & $-0.0561726$ & $0.00922068$ & $0.0376689$ & $0.0230519$ & $-0.0122215$ & $-0.0031168$ & $-0.0475176$ & $-0.00923494$ & $0.00721606$ & $0.0390636$ & $0.0099734$ & $-0.0359875$ & $-0.0318283$ & $-0.0358027$ & $-0.0235299$ & $0.0394148$ & $0.0118797$ & $0.0602072$ & $0.00368714$ & $-0.0246967$ & $0.0159927$ & $0.0307685$ & $0.0188821$ & $0.016641$ & $0.0774385$ & $0.0157627$ & $0.121442$ & $-0.0136436$ & $-0.185105$ & $-0.0181406$ & $0.0530303$ & $-0.0192696$ & $-0.0447704$ & $-0.0228706$ & $-0.153777$ & $0.187355$ & $-0.147276$ & $1$ & $-0.151032$ & $-0.104821$ & $0.082405$ \\
eHccpar & $-0.0893056$ & $0.136092$ & $-0.17944$ & $-0.201026$ & $-0.0329891$ & $-0.0116732$ & $-0.00201701$ & $-0.0162844$ & $-0.017226$ & $0.0284296$ & $0.0245709$ & $0.0414145$ & $0.0403321$ & $-0.0309645$ & $0.0180856$ & $0.0128618$ & $-0.0173846$ & $-0.0349378$ & $-0.0248635$ & $-0.0241471$ & $-0.0255409$ & $-0.0261708$ & $0.00106641$ & $-0.00349267$ & $-0.0242538$ & $-0.00436407$ & $-0.0324821$ & $-0.00509102$ & $0.0203235$ & $-0.00357466$ & $0.278041$ & $0.0047976$ & $0.0510408$ & $-0.0202442$ & $0.00174895$ & $0.25183$ & $-0.0581054$ & $0.0307799$ & $-0.00414323$ & $0.0173627$ & $-0.0232184$ & $0.00614435$ & $-0.0628095$ & $-0.10482$ & $-0.167505$ & $-0.151032$ & $1$ & $0.110504$ & $0.0738891$ \\
eHbbint & $0.0910604$ & $0.206284$ & $-0.053292$ & $-0.069727$ & $-0.00997731$ & $-0.016643$ & $0.0177513$ & $-0.033964$ & $-0.0301319$ & $0.0606685$ & $0.0109654$ & $0.0440067$ & $-0.00874602$ & $0.0084967$ & $0.0446639$ & $0.0453625$ & $0.0427938$ & $0.00957059$ & $0.00853137$ & $0.000496999$ & $-0.0166951$ & $-0.0118951$ & $-0.0198109$ & $0.0408174$ & $0.00240747$ & $-0.0118439$ & $-0.0684473$ & $0.00829412$ & $0.00748375$ & $-0.0324624$ & $0.0442186$ & $0.0167407$ & $0.139028$ & $-0.0467225$ & $0.0252836$ & $0.124005$ & $0.0870785$ & $0.0462247$ & $-0.0775529$ & $0.0151227$ & $0.00901264$ & $0.099836$ & $0.00782904$ & $-0.0708417$ & $-0.12811$ & $-0.104821$ & $0.110504$ & $1$ & $0.126694$ \\
eHbbpar & $-0.0127895$ & $0.262076$ & $0.0257267$ & $0.0385082$ & $-0.0316014$ & $0.0338449$ & $-0.0049534$ & $-0.00597029$ & $-0.00449613$ & $0.0383035$ & $-0.00504453$ & $0.0268998$ & $0.00274572$ & $0.0206258$ & $0.0243623$ & $0.0197635$ & $0.00917855$ & $-0.000609374$ & $0.0037899$ & $0.011827$ & $0.00590569$ & $0.00969772$ & $-0.0393252$ & $0.00985819$ & $-0.0129484$ & $-0.0046766$ & $-0.0468918$ & $0.0140382$ & $0.0417769$ & $0.0357607$ & $0.0394548$ & $0.0145891$ & $0.437198$ & $-0.014431$ & $0.0600178$ & $-0.00298117$ & $-0.219511$ & $-0.0570538$ & $-0.0433506$ & $-0.0318157$ & $0.00679559$ & $0.0496866$ & $0.00960568$ & $-0.01061$ & $0.0435995$ & $0.082405$ & $0.0738891$ & $0.126694$ & $1$ \\
