 & AlsMz & dAle5Mz & mtop & mHl & Mz & CW & CHG & CHWB & CHWHB_gaga & CHWHB_gagaorth & CHD & CHbox & CH & CHL1_11 & CHL1_22 & CHL1_33 & CHL3_11 & CHL3_22 & CHL3_33 & CHe_11 & CHe_22 & CHe_33 & CHQ1_11 & CHQ1_33 & CHQ3_11 & CHu_11 & CHd_11 & CHd_33 & CeH_22r & CeH_33r & CuH_22r & CuH_33r & CdH_33r & CLL_1221 & eHggint & eHggpar & eHWWint & eHWWpar & eHZZint & eHZZpar & eHZgaint & eHZgapar & eHgagaint & eHmumuint & eHtautauint & eHccint & eHccpar & eHbbint & eHbbpar \\
AlsMz & $1$ & $-0.040173$ & $-0.0569167$ & $-0.115158$ & $-0.00336104$ & $-0.0010858$ & $0.0221822$ & $-0.0156464$ & $-0.011498$ & $0.0047569$ & $0.00645174$ & $0.00321224$ & $-0.0121156$ & $0.000141963$ & $-0.00557374$ & $-0.0142532$ & $0.00504519$ & $0.00853137$ & $0.0152023$ & $-0.0136492$ & $-0.0138945$ & $-0.0142735$ & $-0.00635219$ & $-0.038702$ & $-0.081321$ & $-0.0179691$ & $-0.0241415$ & $0.00731751$ & $-0.00705738$ & $0.00625755$ & $0.0130603$ & $0.0225604$ & $0.0151785$ & $-0.0119077$ & $-0.124065$ & $0.139111$ & $-0.134446$ & $-0.0143181$ & $-0.0940806$ & $-0.0140589$ & $0.148033$ & $0.00807726$ & $0.0508374$ & $0.0136622$ & $-0.146874$ & $-0.191279$ & $0.0419997$ & $-0.0798429$ & $0.0102706$ \\
dAle5Mz & $-0.040173$ & $1$ & $0.0156317$ & $-0.00566382$ & $-0.00597743$ & $0.0131025$ & $0.00699781$ & $-0.0589799$ & $-0.0474081$ & $0.0208078$ & $0.0439393$ & $0.0229384$ & $-0.0157956$ & $-0.0145516$ & $-0.006056$ & $-0.0107372$ & $0.0171089$ & $0.00849883$ & $0.0125727$ & $-0.0224399$ & $-0.021834$ & $-0.0200193$ & $0.0159598$ & $0.0163598$ & $0.0153418$ & $0.00598608$ & $-0.00651644$ & $-0.00351167$ & $-0.00639307$ & $-0.00816921$ & $0.0135209$ & $0.0018332$ & $-0.0261178$ & $0.0126685$ & $0.0209578$ & $-0.113617$ & $-0.0136$ & $0.0189318$ & $0.0150248$ & $-0.0229152$ & $0.109702$ & $0.00429752$ & $0.166388$ & $-0.0901168$ & $0.0577188$ & $-0.00715991$ & $0.0643441$ & $-0.0332824$ & $-0.0299073$ \\
mtop & $-0.0569167$ & $0.0156317$ & $1$ & $0.121711$ & $-0.00192204$ & $0.000279734$ & $-0.0189154$ & $0.00592033$ & $-0.000180047$ & $-0.00873761$ & $0.00698529$ & $-0.00303649$ & $0.00183313$ & $-0.00367167$ & $-0.00396285$ & $-0.00591511$ & $-0.0122121$ & $-0.00699665$ & $-0.0058044$ & $0.00106972$ & $0.001782$ & $0.00118689$ & $0.00505987$ & $-0.00409049$ & $-0.00627459$ & $-0.00790667$ & $0.00118222$ & $-0.00785068$ & $-0.000110911$ & $-0.00378885$ & $0.0337581$ & $-0.0151416$ & $-0.0128338$ & $0.00793697$ & $0.0423653$ & $-0.0387062$ & $-0.0570025$ & $0.0158949$ & $-0.0724051$ & $0.0311664$ & $-0.00175839$ & $0.019797$ & $-0.125906$ & $-0.039237$ & $-0.0762196$ & $0.104306$ & $0.0658501$ & $0.00154014$ & $-0.0434876$ \\
mHl & $-0.115158$ & $-0.00566382$ & $0.121711$ & $1$ & $-0.0110039$ & $0.00191883$ & $0.0196345$ & $0.00284601$ & $0.00285914$ & $-0.0106233$ & $-0.00122422$ & $-0.00970737$ & $-0.0149979$ & $0.00292524$ & $0.000808059$ & $-0.00520309$ & $-0.00231907$ & $-0.00177534$ & $0.00255793$ & $0.00212358$ & $0.00270006$ & $0.00335677$ & $0.00333916$ & $0.00393964$ & $0.0100617$ & $0.000570271$ & $0.00495265$ & $-0.00327814$ & $0.00657933$ & $0.0160641$ & $-0.0121847$ & $0.00727835$ & $0.0580547$ & $-0.000400663$ & $-0.158641$ & $-0.115005$ & $0.0107082$ & $0.0240367$ & $0.0411712$ & $0.0199679$ & $-0.040111$ & $0.00117519$ & $-0.0571353$ & $-0.0701375$ & $0.0384317$ & $-0.0645022$ & $-0.0339157$ & $0.0337506$ & $0.111645$ \\
Mz & $-0.00336104$ & $-0.00597743$ & $-0.00192204$ & $-0.0110039$ & $1$ & $-0.00306019$ & $-0.00427247$ & $0.0047298$ & $0.00413914$ & $-0.0151135$ & $0.00367052$ & $-0.0152296$ & $-0.00142284$ & $0.00465164$ & $0.0132413$ & $0.0037742$ & $-0.00133881$ & $-0.00959634$ & $-0.0033268$ & $0.00458841$ & $0.00547199$ & $0.00430871$ & $-0.00468249$ & $0.000252199$ & $-0.00220049$ & $0.000965995$ & $0.00113863$ & $-0.00916688$ & $-0.000766554$ & $0.00303655$ & $0.00546926$ & $-0.00447539$ & $7.12327e-05$ & $-0.00896635$ & $-0.00676015$ & $-0.00165924$ & $0.00688111$ & $0.00040432$ & $-0.0114438$ & $-0.00252175$ & $0.00262545$ & $-0.00922973$ & $-0.0114277$ & $0.00180459$ & $-0.000808649$ & $0.00971598$ & $-0.0035174$ & $0.000671633$ & $0.0023863$ \\
CW & $-0.0010858$ & $0.0131025$ & $0.000279734$ & $0.00191883$ & $-0.00306019$ & $1$ & $0.00251592$ & $-0.132978$ & $-0.129186$ & $0.0254654$ & $0.190154$ & $0.0572106$ & $-0.00129039$ & $0.0190782$ & $-0.0836254$ & $-0.0833061$ & $-0.254252$ & $-0.0443467$ & $-0.0417791$ & $-0.187842$ & $-0.192771$ & $-0.188551$ & $-0.00600353$ & $0.0052069$ & $-0.077279$ & $0.108156$ & $-0.0742212$ & $-0.0761638$ & $-0.00542062$ & $0.000505282$ & $-0.00575756$ & $0.00508192$ & $0.00332885$ & $-0.123407$ & $-0.0108431$ & $4.89809e-05$ & $-0.00734043$ & $-0.000164811$ & $-0.00534724$ & $-0.000551145$ & $0.00445799$ & $0.00195793$ & $0.00233738$ & $0.00324181$ & $-0.00372838$ & $0.00309332$ & $-0.0126244$ & $-0.00290295$ & $0.00970475$ \\
CHG & $0.0221822$ & $0.00699781$ & $-0.0189154$ & $0.0196345$ & $-0.00427247$ & $0.00251592$ & $1$ & $-0.104564$ & $-0.0565977$ & $0.0709431$ & $0.0561566$ & $0.115716$ & $-0.317624$ & $0.0572879$ & $-0.0224078$ & $-0.0154063$ & $0.0981617$ & $0.106665$ & $0.101037$ & $-0.0536451$ & $-0.0602679$ & $-0.058851$ & $-0.00115548$ & $0.114752$ & $0.0997967$ & $0.0269204$ & $-0.042855$ & $-0.0253158$ & $-0.00523663$ & $-0.135925$ & $-0.0696365$ & $0.931702$ & $-0.164584$ & $-0.0627162$ & $-0.0413152$ & $-0.01775$ & $0.0353943$ & $0.00584655$ & $0.0123672$ & $-0.00813971$ & $0.000236028$ & $0.00357473$ & $-0.00664113$ & $0.0113433$ & $0.028719$ & $0.0095625$ & $-0.00452638$ & $0.0085361$ & $0.0234194$ \\
CHWB & $-0.0156464$ & $-0.0589799$ & $0.00592033$ & $0.00284601$ & $0.0047298$ & $-0.132978$ & $-0.104564$ & $1$ & $0.984967$ & $-0.568918$ & $-0.880245$ & $-0.384685$ & $0.339067$ & $0.100014$ & $0.297014$ & $0.299163$ & $-0.234337$ & $-0.431563$ & $-0.433893$ & $0.851728$ & $0.897116$ & $0.87976$ & $0.0583468$ & $-0.673497$ & $-0.398659$ & $-0.505991$ & $0.42769$ & $0.301621$ & $0.00583906$ & $0.101005$ & $0.0516521$ & $-0.0994666$ & $0.109794$ & $0.566893$ & $-0.0040112$ & $0.0047821$ & $0.00433479$ & $-0.00194879$ & $0.00395577$ & $0.00677019$ & $0.00794193$ & $0.000791795$ & $-0.0208965$ & $0.00168568$ & $0.0144223$ & $0.0109138$ & $0.00744037$ & $-0.000750502$ & $-0.00853808$ \\
CHWHB_gaga & $-0.011498$ & $-0.0474081$ & $-0.000180047$ & $0.00285914$ & $0.00413914$ & $-0.129186$ & $-0.0565977$ & $0.984967$ & $1$ & $-0.558905$ & $-0.864327$ & $-0.35927$ & $0.333767$ & $0.0929535$ & $0.292639$ & $0.295279$ & $-0.237418$ & $-0.430401$ & $-0.43321$ & $0.836793$ & $0.881003$ & $0.863967$ & $0.05871$ & $-0.666444$ & $-0.397943$ & $-0.497879$ & $0.421204$ & $0.296693$ & $0.0126373$ & $0.124447$ & $0.0642237$ & $-0.0602712$ & $0.132101$ & $0.558426$ & $-0.0230017$ & $0.000289756$ & $-0.00978259$ & $-0.00428808$ & $0.0010713$ & $0.0053412$ & $0.00497398$ & $0.00112409$ & $0.0294096$ & $0.00780791$ & $0.0181372$ & $0.0113762$ & $0.00787774$ & $-0.00071697$ & $-0.0129053$ \\
CHWHB_gagaorth & $0.0047569$ & $0.0208078$ & $-0.00873761$ & $-0.0106233$ & $-0.0151135$ & $0.0254654$ & $0.0709431$ & $-0.568918$ & $-0.558905$ & $1$ & $0.354392$ & $0.675498$ & $-0.243214$ & $0.228723$ & $-0.120416$ & $-0.130595$ & $0.431814$ & $0.485868$ & $0.491788$ & $-0.340982$ & $-0.370599$ & $-0.365301$ & $-0.0481442$ & $0.556252$ & $0.477447$ & $0.21261$ & $-0.236984$ & $-0.122797$ & $-0.000296509$ & $-0.125412$ & $-0.0643683$ & $0.0861809$ & $-0.131398$ & $-0.354099$ & $0.0316596$ & $0.0163544$ & $0.0101642$ & $0.00179001$ & $0.00130915$ & $-0.00528311$ & $-0.0407291$ & $0.00125846$ & $0.00869777$ & $-0.0108016$ & $-0.02006$ & $-0.00736939$ & $-0.00118408$ & $0.0029889$ & $0.0176157$ \\
CHD & $0.00645174$ & $0.0439393$ & $0.00698529$ & $-0.00122422$ & $0.00367052$ & $0.190154$ & $0.0561566$ & $-0.880245$ & $-0.864327$ & $0.354392$ & $1$ & $0.342226$ & $-0.168135$ & $-0.513251$ & $-0.421868$ & $-0.416094$ & $-0.220457$ & $0.066573$ & $0.0682225$ & $-0.990416$ & $-0.99133$ & $-0.970365$ & $-0.00354485$ & $0.31073$ & $0.018491$ & $0.562303$ & $-0.296939$ & $-0.337551$ & $0.00179411$ & $-0.0554201$ & $-0.0322659$ & $0.0639892$ & $-0.0627901$ & $-0.371002$ & $0.0155074$ & $0.00574374$ & $-0.00895822$ & $0.00076026$ & $-0.00522562$ & $-0.00425723$ & $0.00753868$ & $-0.00156086$ & $0.0197048$ & $0.00389469$ & $-0.0113303$ & $-0.00785462$ & $-0.00941833$ & $0.00224397$ & $0.00209508$ \\
CHbox & $0.00321224$ & $0.0229384$ & $-0.00303649$ & $-0.00970737$ & $-0.0152296$ & $0.0572106$ & $0.115716$ & $-0.384685$ & $-0.35927$ & $0.675498$ & $0.342226$ & $1$ & $-0.387631$ & $-0.0582162$ & $-0.0709241$ & $-0.0755317$ & $0.0727517$ & $0.13116$ & $0.136338$ & $-0.321152$ & $-0.354945$ & $-0.346863$ & $-0.0330694$ & $0.263046$ & $0.127729$ & $0.203151$ & $-0.199838$ & $-0.122111$ & $0.0121197$ & $0.0766448$ & $-0.00950581$ & $0.17217$ & $0.0876363$ & $-0.256155$ & $0.0658755$ & $0.0389659$ & $0.0071329$ & $0.00205034$ & $0.0021231$ & $-0.00567142$ & $-0.0232198$ & $-0.00310745$ & $0.00444238$ & $-0.00899563$ & $-0.0135408$ & $-0.00149161$ & $0.00205213$ & $0.00256703$ & $0.0124796$ \\
CH & $-0.0121156$ & $-0.0157956$ & $0.00183313$ & $-0.0149979$ & $-0.00142284$ & $-0.00129039$ & $-0.317624$ & $0.339067$ & $0.333767$ & $-0.243214$ & $-0.168135$ & $-0.387631$ & $1$ & $-0.229399$ & $0.073182$ & $0.0731927$ & $-0.343383$ & $-0.370859$ & $-0.369091$ & $0.163747$ & $0.17823$ & $0.174725$ & $0.0309049$ & $-0.378499$ & $-0.361386$ & $-0.102713$ & $0.132151$ & $0.061081$ & $0.0468802$ & $0.26956$ & $0.108931$ & $-0.263428$ & $0.332689$ & $0.208906$ & $0.0255757$ & $0.0297477$ & $-0.00393256$ & $-0.00431909$ & $0.00474002$ & $0.00098554$ & $0.0180605$ & $0.00255835$ & $-0.00111023$ & $0.00266823$ & $-0.0104172$ & $0.00782069$ & $-0.00144163$ & $-0.000743284$ & $-0.00591612$ \\
CHL1_11 & $0.000141963$ & $-0.0145516$ & $-0.00367167$ & $0.00292524$ & $0.00465164$ & $0.0190782$ & $0.0572879$ & $0.100014$ & $0.0929535$ & $0.228723$ & $-0.513251$ & $-0.0582162$ & $-0.229399$ & $1$ & $0.277615$ & $0.257977$ & $0.665274$ & $0.595622$ & $0.599479$ & $0.531162$ & $0.474681$ & $0.460456$ & $-0.0810269$ & $0.467148$ & $0.602317$ & $-0.273351$ & $-0.0944884$ & $0.166511$ & $-0.0174874$ & $-0.0577654$ & $-0.02247$ & $0.0319785$ & $-0.0567906$ & $-0.213631$ & $-0.0267499$ & $-0.0209516$ & $0.0108588$ & $0.00295217$ & $0.00552053$ & $0.000983016$ & $-0.0336579$ & $0.00225369$ & $-0.0145081$ & $-0.00896407$ & $-0.00232069$ & $0.00184358$ & $0.00376127$ & $-0.000956587$ & $0.0108571$ \\
CHL1_22 & $-0.00557374$ & $-0.006056$ & $-0.00396285$ & $0.000808059$ & $0.0132413$ & $-0.0836254$ & $-0.0224078$ & $0.297014$ & $0.292639$ & $-0.120416$ & $-0.421868$ & $-0.0709241$ & $0.073182$ & $0.277615$ & $1$ & $0.448331$ & $0.169964$ & $-0.444665$ & $-0.0296656$ & $0.487239$ & $0.339302$ & $0.329892$ & $-0.169003$ & $0.107748$ & $-0.129178$ & $-0.20384$ & $-0.395121$ & $0.119751$ & $0.00197736$ & $0.0341689$ & $0.0203436$ & $-0.0215969$ & $0.0370838$ & $-0.588824$ & $-0.0106869$ & $-0.00815785$ & $0.00976713$ & $-0.000155388$ & $-0.00388283$ & $-0.0119892$ & $-0.00672313$ & $-0.00237446$ & $-0.0044818$ & $-0.00198299$ & $0.00668294$ & $0.00651218$ & $2.28736e-05$ & $-0.00184459$ & $0.00326432$ \\
CHL1_33 & $-0.0142532$ & $-0.0107372$ & $-0.00591511$ & $-0.00520309$ & $0.0037742$ & $-0.0833061$ & $-0.0154063$ & $0.299163$ & $0.295279$ & $-0.130595$ & $-0.416094$ & $-0.0755317$ & $0.0731927$ & $0.257977$ & $0.448331$ & $1$ & $0.159894$ & $-0.034643$ & $-0.439704$ & $0.480955$ & $0.33636$ & $0.353083$ & $-0.166336$ & $0.0982188$ & $-0.134564$ & $-0.198708$ & $-0.381373$ & $0.114911$ & $0.00446745$ & $0.02844$ & $0.0249761$ & $-0.0136478$ & $0.0302589$ & $-0.093837$ & $-0.00098797$ & $-0.00388773$ & $0.00990914$ & $0.00142997$ & $0.00239446$ & $-0.00342632$ & $-0.00971299$ & $-0.00952979$ & $-0.0136124$ & $-0.000446451$ & $0.0056527$ & $0.0111491$ & $0.0101757$ & $0.00409556$ & $-0.0016971$ \\
CHL3_11 & $0.00504519$ & $0.0171089$ & $-0.0122121$ & $-0.00231907$ & $-0.00133881$ & $-0.254252$ & $0.0981617$ & $-0.234337$ & $-0.237418$ & $0.431814$ & $-0.220457$ & $0.0727517$ & $-0.343383$ & $0.665274$ & $0.169964$ & $0.159894$ & $1$ & $0.736038$ & $0.734787$ & $0.242881$ & $0.188429$ & $0.18196$ & $-0.0726959$ & $0.676647$ & $0.779777$ & $-0.110464$ & $-0.157817$ & $0.0721277$ & $-0.0124192$ & $-0.0945873$ & $-0.0387516$ & $0.0717387$ & $-0.0981877$ & $-0.250986$ & $-0.0176912$ & $-0.0205137$ & $0.00869359$ & $-0.000617666$ & $0.00212191$ & $-0.00473883$ & $-0.0336478$ & $0.00233132$ & $-0.00120203$ & $-0.0102451$ & $-0.00402407$ & $-0.00537966$ & $0.00713843$ & $-0.00167486$ & $0.0121849$ \\
CHL3_22 & $0.00853137$ & $0.00849883$ & $-0.00699665$ & $-0.00177534$ & $-0.00959634$ & $-0.0443467$ & $0.106665$ & $-0.431563$ & $-0.430401$ & $0.485868$ & $0.066573$ & $0.13116$ & $-0.370859$ & $0.595622$ & $-0.444665$ & $-0.034643$ & $0.736038$ & $1$ & $0.6781$ & $-0.0693726$ & $-0.0610606$ & $-0.0589717$ & $0.00264203$ & $0.621403$ & $0.796887$ & $0.0368825$ & $-0.0031211$ & $-0.0164033$ & $-0.0150092$ & $-0.108757$ & $-0.0487363$ & $0.0821481$ & $-0.11347$ & $0.0313365$ & $-0.0121009$ & $-0.0127443$ & $0.00265785$ & $0.00205994$ & $0.0042453$ & $0.00438432$ & $-0.0297365$ & $0.00191696$ & $-0.00139558$ & $-0.00810175$ & $-0.0116215$ & $-0.00633439$ & $0.00483654$ & $0.00136877$ & $0.00971681$ \\
CHL3_33 & $0.0152023$ & $0.0125727$ & $-0.0058044$ & $0.00255793$ & $-0.0033268$ & $-0.0417791$ & $0.101037$ & $-0.433893$ & $-0.43321$ & $0.491788$ & $0.0682225$ & $0.136338$ & $-0.369091$ & $0.599479$ & $-0.0296656$ & $-0.439704$ & $0.734787$ & $0.6781$ & $1$ & $-0.0712883$ & $-0.0626408$ & $-0.0598937$ & $0.00483118$ & $0.62181$ & $0.798696$ & $0.0355949$ & $-0.00425166$ & $-0.0162076$ & $-0.0172883$ & $-0.105742$ & $-0.0528382$ & $0.0753985$ & $-0.107911$ & $-0.344811$ & $-0.0197842$ & $-0.0182772$ & $0.00269044$ & $-4.44086e-05$ & $0.00138812$ & $-0.0037192$ & $-0.029214$ & $0.00496437$ & $0.0036322$ & $-0.00781749$ & $-0.011478$ & $-0.0106831$ & $-0.00428855$ & $-0.00405667$ & $0.0148849$ \\
CHe_11 & $-0.0136492$ & $-0.0224399$ & $0.00106972$ & $0.00212358$ & $0.00458841$ & $-0.187842$ & $-0.0536451$ & $0.851728$ & $0.836793$ & $-0.340982$ & $-0.990416$ & $-0.321152$ & $0.163747$ & $0.531162$ & $0.487239$ & $0.480955$ & $0.242881$ & $-0.0693726$ & $-0.0712883$ & $1$ & $0.973022$ & $0.953032$ & $-0.021082$ & $-0.257051$ & $-0.0123444$ & $-0.552558$ & $0.221867$ & $0.331373$ & $-0.00149692$ & $0.0548734$ & $0.033301$ & $-0.0607926$ & $0.0615652$ & $0.292598$ & $-0.0139143$ & $-0.00868724$ & $0.00938686$ & $-0.000352898$ & $0.00440519$ & $0.00274482$ & $-0.00748451$ & $0.000147649$ & $-0.0170889$ & $-0.00661954$ & $0.0111529$ & $0.0103558$ & $0.0116161$ & $-0.00152516$ & $-0.00324446$ \\
CHe_22 & $-0.0138945$ & $-0.021834$ & $0.001782$ & $0.00270006$ & $0.00547199$ & $-0.192771$ & $-0.0602679$ & $0.897116$ & $0.881003$ & $-0.370599$ & $-0.99133$ & $-0.354945$ & $0.17823$ & $0.474681$ & $0.339302$ & $0.33636$ & $0.188429$ & $-0.0610606$ & $-0.0626408$ & $0.973022$ & $1$ & $0.975511$ & $0.0309228$ & $-0.365071$ & $-0.0235682$ & $-0.564049$ & $0.376671$ & $0.338462$ & $-0.0020147$ & $0.0565748$ & $0.0332564$ & $-0.068152$ & $0.0639099$ & $0.455514$ & $-0.0134269$ & $-0.00852871$ & $0.00729627$ & $-0.000925904$ & $0.00584589$ & $0.00512752$ & $-0.00562816$ & $0.00206565$ & $-0.0173479$ & $-0.00587118$ & $0.0133648$ & $0.008518$ & $0.0118054$ & $-0.00261243$ & $-0.00320595$ \\
CHe_33 & $-0.0142735$ & $-0.0200193$ & $0.00118689$ & $0.00335677$ & $0.00430871$ & $-0.188551$ & $-0.058851$ & $0.87976$ & $0.863967$ & $-0.365301$ & $-0.970365$ & $-0.346863$ & $0.174725$ & $0.460456$ & $0.329892$ & $0.353083$ & $0.18196$ & $-0.0589717$ & $-0.0598937$ & $0.953032$ & $0.975511$ & $1$ & $0.0313641$ & $-0.359424$ & $-0.023278$ & $-0.551996$ & $0.371166$ & $0.330037$ & $-0.0026905$ & $0.0541413$ & $0.0331301$ & $-0.0672876$ & $0.0624507$ & $0.451911$ & $-0.0143628$ & $-0.00834939$ & $0.00772713$ & $-0.00163961$ & $0.00789837$ & $0.00350179$ & $-0.00457632$ & $0.00194908$ & $-0.0175395$ & $-0.00470134$ & $0.0135201$ & $0.00841377$ & $0.0120527$ & $-0.00355237$ & $-0.000727512$ \\
CHQ1_11 & $-0.00635219$ & $0.0159598$ & $0.00505987$ & $0.00333916$ & $-0.00468249$ & $-0.00600353$ & $-0.00115548$ & $0.0583468$ & $0.05871$ & $-0.0481442$ & $-0.00354485$ & $-0.0330694$ & $0.0309049$ & $-0.0810269$ & $-0.169003$ & $-0.166336$ & $-0.0726959$ & $0.00264203$ & $0.00483118$ & $-0.021082$ & $0.0309228$ & $0.0313641$ & $1$ & $-0.131188$ & $0.0789445$ & $-0.67234$ & $0.340142$ & $0.0059528$ & $0.00228026$ & $0.0146017$ & $-0.00258087$ & $0.00280794$ & $0.0144792$ & $0.191688$ & $0.00360184$ & $-0.00628096$ & $-0.0056753$ & $0.00242956$ & $0.00852127$ & $0.0102765$ & $0.0148825$ & $0.00212141$ & $0.00702861$ & $-0.00250217$ & $0.0117973$ & $-0.00624452$ & $0.00108958$ & $-0.00343276$ & $-0.00283427$ \\
CHQ1_33 & $-0.038702$ & $0.0163598$ & $-0.00409049$ & $0.00393964$ & $0.000252199$ & $0.0052069$ & $0.114752$ & $-0.673497$ & $-0.666444$ & $0.556252$ & $0.31073$ & $0.263046$ & $-0.378499$ & $0.467148$ & $0.107748$ & $0.0982188$ & $0.676647$ & $0.621403$ & $0.62181$ & $-0.257051$ & $-0.365071$ & $-0.359424$ & $-0.131188$ & $1$ & $0.642297$ & $0.199839$ & $-0.426582$ & $-0.018582$ & $-0.010949$ & $-0.104205$ & $-0.0468274$ & $0.0975942$ & $-0.110789$ & $-0.632663$ & $-0.00526278$ & $-0.0255648$ & $0.00832343$ & $0.00191778$ & $-0.000502523$ & $-0.00408794$ & $-0.0329283$ & $-0.00113076$ & $0.000620868$ & $-0.00650202$ & $-0.00525443$ & $-0.00236809$ & $-0.000754999$ & $0.00630875$ & $0.0118617$ \\
CHQ3_11 & $-0.081321$ & $0.0153418$ & $-0.00627459$ & $0.0100617$ & $-0.00220049$ & $-0.077279$ & $0.0997967$ & $-0.398659$ & $-0.397943$ & $0.477447$ & $0.018491$ & $0.127729$ & $-0.361386$ & $0.602317$ & $-0.129178$ & $-0.134564$ & $0.779777$ & $0.796887$ & $0.798696$ & $-0.0123444$ & $-0.0235682$ & $-0.023278$ & $0.0789445$ & $0.642297$ & $1$ & $0.0151478$ & $0.203017$ & $-0.0050999$ & $-0.0179407$ & $-0.102255$ & $-0.0458877$ & $0.0755066$ & $-0.108309$ & $-0.201964$ & $-0.00612824$ & $-0.0288833$ & $0.0137777$ & $0.0029894$ & $0.00824619$ & $0.00203994$ & $-0.0493381$ & $-0.00257574$ & $-0.00252991$ & $-0.00489806$ & $-0.00199133$ & $0.0126487$ & $0.0020793$ & $0.00310138$ & $0.0113314$ \\
CHu_11 & $-0.0179691$ & $0.00598608$ & $-0.00790667$ & $0.000570271$ & $0.000965995$ & $0.108156$ & $0.0269204$ & $-0.505991$ & $-0.497879$ & $0.21261$ & $0.562303$ & $0.203151$ & $-0.102713$ & $-0.273351$ & $-0.20384$ & $-0.198708$ & $-0.110464$ & $0.0368825$ & $0.0355949$ & $-0.552558$ & $-0.564049$ & $-0.551996$ & $-0.67234$ & $0.199839$ & $0.0151478$ & $1$ & $-0.176943$ & $-0.18824$ & $-0.000445532$ & $-0.0339754$ & $-0.0169228$ & $0.0297124$ & $-0.0415172$ & $-0.247357$ & $0.0147354$ & $0.00736297$ & $-0.000792122$ & $-0.000410026$ & $-0.00552308$ & $-0.00688545$ & $-0.00834652$ & $-0.00429001$ & $0.00398972$ & $0.00915416$ & $-0.00881035$ & $0.00312071$ & $-0.00986411$ & $0.00112726$ & $0.00244447$ \\
CHd_11 & $-0.0241415$ & $-0.00651644$ & $0.00118222$ & $0.00495265$ & $0.00113863$ & $-0.0742212$ & $-0.042855$ & $0.42769$ & $0.421204$ & $-0.236984$ & $-0.296939$ & $-0.199838$ & $0.132151$ & $-0.0944884$ & $-0.395121$ & $-0.381373$ & $-0.157817$ & $-0.0031211$ & $-0.00425166$ & $0.221867$ & $0.376671$ & $0.371166$ & $0.340142$ & $-0.426582$ & $0.203017$ & $-0.176943$ & $1$ & $0.110033$ & $-0.00433721$ & $0.0358288$ & $0.016179$ & $-0.0432242$ & $0.0366928$ & $0.686176$ & $0.00295058$ & $-0.00226636$ & $-0.00650088$ & $-0.000103058$ & $0.00368145$ & $0.0123287$ & $0.00294958$ & $-0.00127257$ & $-0.00269979$ & $0.00507496$ & $0.00358897$ & $0.0025939$ & $0.00899806$ & $-0.00542357$ & $-0.00519998$ \\
CHd_33 & $0.00731751$ & $-0.00351167$ & $-0.00785068$ & $-0.00327814$ & $-0.00916688$ & $-0.0761638$ & $-0.0253158$ & $0.301621$ & $0.296693$ & $-0.122797$ & $-0.337551$ & $-0.122111$ & $0.061081$ & $0.166511$ & $0.119751$ & $0.114911$ & $0.0721277$ & $-0.0164033$ & $-0.0162076$ & $0.331373$ & $0.338462$ & $0.330037$ & $0.0059528$ & $-0.018582$ & $-0.0050999$ & $-0.18824$ & $0.110033$ & $1$ & $0.0087214$ & $0.0218709$ & $0.0165467$ & $-0.030702$ & $0.021792$ & $0.150351$ & $-0.00831119$ & $-0.00184794$ & $-0.011667$ & $-0.0060255$ & $-0.0136187$ & $0.00488998$ & $-0.00117785$ & $6.83211e-05$ & $-0.00193376$ & $-0.00901549$ & $-0.0017795$ & $-0.00514157$ & $0.00733716$ & $-0.00125061$ & $-0.00694356$ \\
CeH_22r & $-0.00705738$ & $-0.00639307$ & $-0.000110911$ & $0.00657933$ & $-0.000766554$ & $-0.00542062$ & $-0.00523663$ & $0.00583906$ & $0.0126373$ & $-0.000296509$ & $0.00179411$ & $0.0121197$ & $0.0468802$ & $-0.0174874$ & $0.00197736$ & $0.00446745$ & $-0.0124192$ & $-0.0150092$ & $-0.0172883$ & $-0.00149692$ & $-0.0020147$ & $-0.0026905$ & $0.00228026$ & $-0.010949$ & $-0.0179407$ & $-0.000445532$ & $-0.00433721$ & $0.0087214$ & $1$ & $0.0439261$ & $0.0240859$ & $-0.0187609$ & $0.0500056$ & $0.00461348$ & $-0.0248722$ & $-0.0211267$ & $-0.0127895$ & $-0.00544521$ & $-0.00309781$ & $0.00707114$ & $-0.00244218$ & $-0.00745278$ & $-0.00915204$ & $0.00591099$ & $0.0122909$ & $-0.00708751$ & $0.014962$ & $-0.00462112$ & $0.00190331$ \\
CeH_33r & $0.00625755$ & $-0.00816921$ & $-0.00378885$ & $0.0160641$ & $0.00303655$ & $0.000505282$ & $-0.135925$ & $0.101005$ & $0.124447$ & $-0.125412$ & $-0.0554201$ & $0.0766448$ & $0.26956$ & $-0.0577654$ & $0.0341689$ & $0.02844$ & $-0.0945873$ & $-0.108757$ & $-0.105742$ & $0.0548734$ & $0.0565748$ & $0.0541413$ & $0.0146017$ & $-0.104205$ & $-0.102255$ & $-0.0339754$ & $0.0358288$ & $0.0218709$ & $0.0439261$ & $1$ & $0.3105$ & $0.013351$ & $0.665931$ & $0.0514677$ & $-0.0820112$ & $-0.0230006$ & $-0.150691$ & $-0.01582$ & $0.00639091$ & $-0.00160108$ & $-0.0117083$ & $0.00539921$ & $0.0141806$ & $0.0298512$ & $0.0567047$ & $0.000642796$ & $0.0320058$ & $-0.000999217$ & $-0.0249468$ \\
CuH_22r & $0.0130603$ & $0.0135209$ & $0.0337581$ & $-0.0121847$ & $0.00546926$ & $-0.00575756$ & $-0.0696365$ & $0.0516521$ & $0.0642237$ & $-0.0643683$ & $-0.0322659$ & $-0.00950581$ & $0.108931$ & $-0.02247$ & $0.0203436$ & $0.0249761$ & $-0.0387516$ & $-0.0487363$ & $-0.0528382$ & $0.033301$ & $0.0332564$ & $0.0331301$ & $-0.00258087$ & $-0.0468274$ & $-0.0458877$ & $-0.0169228$ & $0.016179$ & $0.0165467$ & $0.0240859$ & $0.3105$ & $1$ & $0.0211951$ & $0.34961$ & $0.0270047$ & $-0.0199401$ & $-0.0108032$ & $-0.152164$ & $-0.0046866$ & $-0.024607$ & $-0.00223509$ & $-0.0232223$ & $0.000668033$ & $0.00123567$ & $0.0173665$ & $0.0195803$ & $0.0287072$ & $0.311938$ & $-0.0172183$ & $-0.0316425$ \\
CuH_33r & $0.0225604$ & $0.0018332$ & $-0.0151416$ & $0.00727835$ & $-0.00447539$ & $0.00508192$ & $0.931702$ & $-0.0994666$ & $-0.0602712$ & $0.0861809$ & $0.0639892$ & $0.17217$ & $-0.263428$ & $0.0319785$ & $-0.0215969$ & $-0.0136478$ & $0.0717387$ & $0.0821481$ & $0.0753985$ & $-0.0607926$ & $-0.068152$ & $-0.0672876$ & $0.00280794$ & $0.0975942$ & $0.0755066$ & $0.0297124$ & $-0.0432242$ & $-0.030702$ & $-0.0187609$ & $0.013351$ & $0.0211951$ & $1$ & $0.0196117$ & $-0.0600281$ & $0.025756$ & $0.0342399$ & $0.0119373$ & $0.00534644$ & $0.0320181$ & $-0.00460602$ & $0.000401783$ & $0.00590764$ & $0.00260267$ & $0.0106534$ & $0.0226835$ & $0.0106545$ & $0.00906886$ & $0.0127172$ & $0.0141111$ \\
CdH_33r & $0.0151785$ & $-0.0261178$ & $-0.0128338$ & $0.0580547$ & $7.12327e-05$ & $0.00332885$ & $-0.164584$ & $0.109794$ & $0.132101$ & $-0.131398$ & $-0.0627901$ & $0.0876363$ & $0.332689$ & $-0.0567906$ & $0.0370838$ & $0.0302589$ & $-0.0981877$ & $-0.11347$ & $-0.107911$ & $0.0615652$ & $0.0639099$ & $0.0624507$ & $0.0144792$ & $-0.110789$ & $-0.108309$ & $-0.0415172$ & $0.0366928$ & $0.021792$ & $0.0500056$ & $0.665931$ & $0.34961$ & $0.0196117$ & $1$ & $0.0545376$ & $-0.076152$ & $-0.0640157$ & $-0.0714631$ & $-0.0171862$ & $-0.0541835$ & $0.00969117$ & $-0.0545435$ & $-0.00250976$ & $-0.0224523$ & $0.00443463$ & $0.0469045$ & $0.0403563$ & $-0.00132922$ & $0.0956762$ & $0.366923$ \\
CLL_1221 & $-0.0119077$ & $0.0126685$ & $0.00793697$ & $-0.000400663$ & $-0.00896635$ & $-0.123407$ & $-0.0627162$ & $0.566893$ & $0.558426$ & $-0.354099$ & $-0.371002$ & $-0.256155$ & $0.208906$ & $-0.213631$ & $-0.588824$ & $-0.093837$ & $-0.250986$ & $0.0313365$ & $-0.344811$ & $0.292598$ & $0.455514$ & $0.451911$ & $0.191688$ & $-0.632663$ & $-0.201964$ & $-0.247357$ & $0.686176$ & $0.150351$ & $0.00461348$ & $0.0514677$ & $0.0270047$ & $-0.0600281$ & $0.0545376$ & $1$ & $0.00894092$ & $0.00497877$ & $-0.00567192$ & $-0.00155401$ & $0.00674419$ & $0.0129646$ & $0.0175997$ & $0.00285898$ & $-0.00331042$ & $-0.00240675$ & $0.0104835$ & $0.00197635$ & $0.0130591$ & $-0.000509857$ & $-0.0112936$ \\
eHggint & $-0.124065$ & $0.0209578$ & $0.0423653$ & $-0.158641$ & $-0.00676015$ & $-0.0108431$ & $-0.0413152$ & $-0.0040112$ & $-0.0230017$ & $0.0316596$ & $0.0155074$ & $0.0658755$ & $0.0255757$ & $-0.0267499$ & $-0.0106869$ & $-0.00098797$ & $-0.0176912$ & $-0.0121009$ & $-0.0197842$ & $-0.0139143$ & $-0.0134269$ & $-0.0143628$ & $0.00360184$ & $-0.00526278$ & $-0.00612824$ & $0.0147354$ & $0.00295058$ & $-0.00831119$ & $-0.0248722$ & $-0.0820112$ & $-0.0199401$ & $0.025756$ & $-0.076152$ & $0.00894092$ & $1$ & $0.119037$ & $0.188333$ & $0.00119944$ & $0.0582618$ & $-0.0147712$ & $0.0637685$ & $0.0109947$ & $0.0202192$ & $-0.0895449$ & $-0.0127664$ & $0.00148299$ & $0.0538997$ & $-0.0248757$ & $0.0210059$ \\
eHggpar & $0.139111$ & $-0.113617$ & $-0.0387062$ & $-0.115005$ & $-0.00165924$ & $4.89809e-05$ & $-0.01775$ & $0.0047821$ & $0.000289756$ & $0.0163544$ & $0.00574374$ & $0.0389659$ & $0.0297477$ & $-0.0209516$ & $-0.00815785$ & $-0.00388773$ & $-0.0205137$ & $-0.0127443$ & $-0.0182772$ & $-0.00868724$ & $-0.00852871$ & $-0.00834939$ & $-0.00628096$ & $-0.0255648$ & $-0.0288833$ & $0.00736297$ & $-0.00226636$ & $-0.00184794$ & $-0.0211267$ & $-0.0230006$ & $-0.0108032$ & $0.0342399$ & $-0.0640157$ & $0.00497877$ & $0.119037$ & $1$ & $-0.082115$ & $-0.0100258$ & $0.115564$ & $0.000513568$ & $0.0339814$ & $-0.00517691$ & $0.121122$ & $0.00524736$ & $-0.0919901$ & $-0.00485724$ & $-0.0213655$ & $0.0391278$ & $-0.147138$ \\
eHWWint & $-0.134446$ & $-0.0136$ & $-0.0570025$ & $0.0107082$ & $0.00688111$ & $-0.00734043$ & $0.0353943$ & $0.00433479$ & $-0.00978259$ & $0.0101642$ & $-0.00895822$ & $0.0071329$ & $-0.00393256$ & $0.0108588$ & $0.00976713$ & $0.00990914$ & $0.00869359$ & $0.00265785$ & $0.00269044$ & $0.00938686$ & $0.00729627$ & $0.00772713$ & $-0.0056753$ & $0.00832343$ & $0.0137777$ & $-0.000792122$ & $-0.00650088$ & $-0.011667$ & $-0.0127895$ & $-0.150691$ & $-0.152164$ & $0.0119373$ & $-0.0714631$ & $-0.00567192$ & $0.188333$ & $-0.082115$ & $1$ & $-0.0070677$ & $-0.016262$ & $-0.00158153$ & $0.0397547$ & $0.00312182$ & $-0.0938415$ & $-0.168448$ & $0.00734786$ & $-0.00425984$ & $-0.214041$ & $-0.0494272$ & $0.274304$ \\
eHWWpar & $-0.0143181$ & $0.0189318$ & $0.0158949$ & $0.0240367$ & $0.00040432$ & $-0.000164811$ & $0.00584655$ & $-0.00194879$ & $-0.00428808$ & $0.00179001$ & $0.00076026$ & $0.00205034$ & $-0.00431909$ & $0.00295217$ & $-0.000155388$ & $0.00142997$ & $-0.000617666$ & $0.00205994$ & $-4.44086e-05$ & $-0.000352898$ & $-0.000925904$ & $-0.00163961$ & $0.00242956$ & $0.00191778$ & $0.0029894$ & $-0.000410026$ & $-0.000103058$ & $-0.0060255$ & $-0.00544521$ & $-0.01582$ & $-0.0046866$ & $0.00534644$ & $-0.0171862$ & $-0.00155401$ & $0.00119944$ & $-0.0100258$ & $-0.0070677$ & $1$ & $0.0224965$ & $0.0139901$ & $0.00708136$ & $-0.0122513$ & $0.0235421$ & $-0.0162513$ & $-0.00185495$ & $-0.0143978$ & $0.00862132$ & $-0.00205885$ & $0.015861$ \\
eHZZint & $-0.0940806$ & $0.0150248$ & $-0.0724051$ & $0.0411712$ & $-0.0114438$ & $-0.00534724$ & $0.0123672$ & $0.00395577$ & $0.0010713$ & $0.00130915$ & $-0.00522562$ & $0.0021231$ & $0.00474002$ & $0.00552053$ & $-0.00388283$ & $0.00239446$ & $0.00212191$ & $0.0042453$ & $0.00138812$ & $0.00440519$ & $0.00584589$ & $0.00789837$ & $0.00852127$ & $-0.000502523$ & $0.00824619$ & $-0.00552308$ & $0.00368145$ & $-0.0136187$ & $-0.00309781$ & $0.00639091$ & $-0.024607$ & $0.0320181$ & $-0.0541835$ & $0.00674419$ & $0.0582618$ & $0.115564$ & $-0.016262$ & $0.0224965$ & $1$ & $-0.00311357$ & $0.0453211$ & $0.00990784$ & $0.0317726$ & $0.029111$ & $0.0575359$ & $-0.0711081$ & $-0.0546681$ & $-0.0145951$ & $-0.106163$ \\
eHZZpar & $-0.0140589$ & $-0.0229152$ & $0.0311664$ & $0.0199679$ & $-0.00252175$ & $-0.000551145$ & $-0.00813971$ & $0.00677019$ & $0.0053412$ & $-0.00528311$ & $-0.00425723$ & $-0.00567142$ & $0.00098554$ & $0.000983016$ & $-0.0119892$ & $-0.00342632$ & $-0.00473883$ & $0.00438432$ & $-0.0037192$ & $0.00274482$ & $0.00512752$ & $0.00350179$ & $0.0102765$ & $-0.00408794$ & $0.00203994$ & $-0.00688545$ & $0.0123287$ & $0.00488998$ & $0.00707114$ & $-0.00160108$ & $-0.00223509$ & $-0.00460602$ & $0.00969117$ & $0.0129646$ & $-0.0147712$ & $0.000513568$ & $-0.00158153$ & $0.0139901$ & $-0.00311357$ & $1$ & $-0.0182989$ & $0.0120334$ & $0.00840559$ & $0.0222078$ & $0.0179548$ & $-0.0222681$ & $0.00286679$ & $0.00343089$ & $0.0207305$ \\
eHZgaint & $0.148033$ & $0.109702$ & $-0.00175839$ & $-0.040111$ & $0.00262545$ & $0.00445799$ & $0.000236028$ & $0.00794193$ & $0.00497398$ & $-0.0407291$ & $0.00753868$ & $-0.0232198$ & $0.0180605$ & $-0.0336579$ & $-0.00672313$ & $-0.00971299$ & $-0.0336478$ & $-0.0297365$ & $-0.029214$ & $-0.00748451$ & $-0.00562816$ & $-0.00457632$ & $0.0148825$ & $-0.0329283$ & $-0.0493381$ & $-0.00834652$ & $0.00294958$ & $-0.00117785$ & $-0.00244218$ & $-0.0117083$ & $-0.0232223$ & $0.000401783$ & $-0.0545435$ & $0.0175997$ & $0.0637685$ & $0.0339814$ & $0.0397547$ & $0.00708136$ & $0.0453211$ & $-0.0182989$ & $1$ & $-0.0128811$ & $-0.0431736$ & $0.0526158$ & $0.0807467$ & $0.0870658$ & $-0.0756125$ & $0.0781997$ & $-0.133029$ \\
eHZgapar & $0.00807726$ & $0.00429752$ & $0.019797$ & $0.00117519$ & $-0.00922973$ & $0.00195793$ & $0.00357473$ & $0.000791795$ & $0.00112409$ & $0.00125846$ & $-0.00156086$ & $-0.00310745$ & $0.00255835$ & $0.00225369$ & $-0.00237446$ & $-0.00952979$ & $0.00233132$ & $0.00191696$ & $0.00496437$ & $0.000147649$ & $0.00206565$ & $0.00194908$ & $0.00212141$ & $-0.00113076$ & $-0.00257574$ & $-0.00429001$ & $-0.00127257$ & $6.83211e-05$ & $-0.00745278$ & $0.00539921$ & $0.000668033$ & $0.00590764$ & $-0.00250976$ & $0.00285898$ & $0.0109947$ & $-0.00517691$ & $0.00312182$ & $-0.0122513$ & $0.00990784$ & $0.0120334$ & $-0.0128811$ & $1$ & $0.0132872$ & $-0.0248379$ & $-0.0148087$ & $0.00413948$ & $0.000283916$ & $-0.0125308$ & $-0.00783137$ \\
eHgagaint & $0.0508374$ & $0.166388$ & $-0.125906$ & $-0.0571353$ & $-0.0114277$ & $0.00233738$ & $-0.00664113$ & $-0.0208965$ & $0.0294096$ & $0.00869777$ & $0.0197048$ & $0.00444238$ & $-0.00111023$ & $-0.0145081$ & $-0.0044818$ & $-0.0136124$ & $-0.00120203$ & $-0.00139558$ & $0.0036322$ & $-0.0170889$ & $-0.0173479$ & $-0.0175395$ & $0.00702861$ & $0.000620868$ & $-0.00252991$ & $0.00398972$ & $-0.00269979$ & $-0.00193376$ & $-0.00915204$ & $0.0141806$ & $0.00123567$ & $0.00260267$ & $-0.0224523$ & $-0.00331042$ & $0.0202192$ & $0.121122$ & $-0.0938415$ & $0.0235421$ & $0.0317726$ & $0.00840559$ & $-0.0431736$ & $0.0132872$ & $1$ & $0.0893773$ & $0.0529343$ & $-0.0079506$ & $-0.00266292$ & $-0.0455372$ & $-0.0553248$ \\
eHmumuint & $0.0136622$ & $-0.0901168$ & $-0.039237$ & $-0.0701375$ & $0.00180459$ & $0.00324181$ & $0.0113433$ & $0.00168568$ & $0.00780791$ & $-0.0108016$ & $0.00389469$ & $-0.00899563$ & $0.00266823$ & $-0.00896407$ & $-0.00198299$ & $-0.000446451$ & $-0.0102451$ & $-0.00810175$ & $-0.00781749$ & $-0.00661954$ & $-0.00587118$ & $-0.00470134$ & $-0.00250217$ & $-0.00650202$ & $-0.00489806$ & $0.00915416$ & $0.00507496$ & $-0.00901549$ & $0.00591099$ & $0.0298512$ & $0.0173665$ & $0.0106534$ & $0.00443463$ & $-0.00240675$ & $-0.0895449$ & $0.00524736$ & $-0.168448$ & $-0.0162513$ & $0.029111$ & $0.0222078$ & $0.0526158$ & $-0.0248379$ & $0.0893773$ & $1$ & $0.067185$ & $-0.195001$ & $0.0610411$ & $-0.00977998$ & $-0.0666832$ \\
eHtautauint & $-0.146874$ & $0.0577188$ & $-0.0762196$ & $0.0384317$ & $-0.000808649$ & $-0.00372838$ & $0.028719$ & $0.0144223$ & $0.0181372$ & $-0.02006$ & $-0.0113303$ & $-0.0135408$ & $-0.0104172$ & $-0.00232069$ & $0.00668294$ & $0.0056527$ & $-0.00402407$ & $-0.0116215$ & $-0.011478$ & $0.0111529$ & $0.0133648$ & $0.0135201$ & $0.0117973$ & $-0.00525443$ & $-0.00199133$ & $-0.00881035$ & $0.00358897$ & $-0.0017795$ & $0.0122909$ & $0.0567047$ & $0.0195803$ & $0.0226835$ & $0.0469045$ & $0.0104835$ & $-0.0127664$ & $-0.0919901$ & $0.00734786$ & $-0.00185495$ & $0.0575359$ & $0.0179548$ & $0.0807467$ & $-0.0148087$ & $0.0529343$ & $0.067185$ & $1$ & $-0.0883153$ & $0.0626126$ & $-0.124483$ & $0.156289$ \\
eHccint & $-0.191279$ & $-0.00715991$ & $0.104306$ & $-0.0645022$ & $0.00971598$ & $0.00309332$ & $0.0095625$ & $0.0109138$ & $0.0113762$ & $-0.00736939$ & $-0.00785462$ & $-0.00149161$ & $0.00782069$ & $0.00184358$ & $0.00651218$ & $0.0111491$ & $-0.00537966$ & $-0.00633439$ & $-0.0106831$ & $0.0103558$ & $0.008518$ & $0.00841377$ & $-0.00624452$ & $-0.00236809$ & $0.0126487$ & $0.00312071$ & $0.0025939$ & $-0.00514157$ & $-0.00708751$ & $0.000642796$ & $0.0287072$ & $0.0106545$ & $0.0403563$ & $0.00197635$ & $0.00148299$ & $-0.00485724$ & $-0.00425984$ & $-0.0143978$ & $-0.0711081$ & $-0.0222681$ & $0.0870658$ & $0.00413948$ & $-0.0079506$ & $-0.195001$ & $-0.0883153$ & $1$ & $-0.0908357$ & $0.0162696$ & $0.0705862$ \\
eHccpar & $0.0419997$ & $0.0643441$ & $0.0658501$ & $-0.0339157$ & $-0.0035174$ & $-0.0126244$ & $-0.00452638$ & $0.00744037$ & $0.00787774$ & $-0.00118408$ & $-0.00941833$ & $0.00205213$ & $-0.00144163$ & $0.00376127$ & $2.28736e-05$ & $0.0101757$ & $0.00713843$ & $0.00483654$ & $-0.00428855$ & $0.0116161$ & $0.0118054$ & $0.0120527$ & $0.00108958$ & $-0.000754999$ & $0.0020793$ & $-0.00986411$ & $0.00899806$ & $0.00733716$ & $0.014962$ & $0.0320058$ & $0.311938$ & $0.00906886$ & $-0.00132922$ & $0.0130591$ & $0.0538997$ & $-0.0213655$ & $-0.214041$ & $0.00862132$ & $-0.0546681$ & $0.00286679$ & $-0.0756125$ & $0.000283916$ & $-0.00266292$ & $0.0610411$ & $0.0626126$ & $-0.0908357$ & $1$ & $-0.0326249$ & $-0.0636701$ \\
eHbbint & $-0.0798429$ & $-0.0332824$ & $0.00154014$ & $0.0337506$ & $0.000671633$ & $-0.00290295$ & $0.0085361$ & $-0.000750502$ & $-0.00071697$ & $0.0029889$ & $0.00224397$ & $0.00256703$ & $-0.000743284$ & $-0.000956587$ & $-0.00184459$ & $0.00409556$ & $-0.00167486$ & $0.00136877$ & $-0.00405667$ & $-0.00152516$ & $-0.00261243$ & $-0.00355237$ & $-0.00343276$ & $0.00630875$ & $0.00310138$ & $0.00112726$ & $-0.00542357$ & $-0.00125061$ & $-0.00462112$ & $-0.000999217$ & $-0.0172183$ & $0.0127172$ & $0.0956762$ & $-0.000509857$ & $-0.0248757$ & $0.0391278$ & $-0.0494272$ & $-0.00205885$ & $-0.0145951$ & $0.00343089$ & $0.0781997$ & $-0.0125308$ & $-0.0455372$ & $-0.00977998$ & $-0.124483$ & $0.0162696$ & $-0.0326249$ & $1$ & $-0.116045$ \\
eHbbpar & $0.0102706$ & $-0.0299073$ & $-0.0434876$ & $0.111645$ & $0.0023863$ & $0.00970475$ & $0.0234194$ & $-0.00853808$ & $-0.0129053$ & $0.0176157$ & $0.00209508$ & $0.0124796$ & $-0.00591612$ & $0.0108571$ & $0.00326432$ & $-0.0016971$ & $0.0121849$ & $0.00971681$ & $0.0148849$ & $-0.00324446$ & $-0.00320595$ & $-0.000727512$ & $-0.00283427$ & $0.0118617$ & $0.0113314$ & $0.00244447$ & $-0.00519998$ & $-0.00694356$ & $0.00190331$ & $-0.0249468$ & $-0.0316425$ & $0.0141111$ & $0.366923$ & $-0.0112936$ & $0.0210059$ & $-0.147138$ & $0.274304$ & $0.015861$ & $-0.106163$ & $0.0207305$ & $-0.133029$ & $-0.00783137$ & $-0.0553248$ & $-0.0666832$ & $0.156289$ & $0.0705862$ & $-0.0636701$ & $-0.116045$ & $1$ \\
