 & AlsMz & dAle5Mz & mtop & mHl & Mz & CW & CHG & CHWB & CHWHB_gaga & CHWHB_gagaorth & CHD & CHbox & CH & CHL1_11 & CHL1_22 & CHL1_33 & CHL3_11 & CHL3_22 & CHL3_33 & CHe_11 & CHe_22 & CHe_33 & CHQ1_11 & CHQ1_33 & CHQ3_11 & CHu_11 & CHd_11 & CHd_33 & CeH_22r & CeH_33r & CuH_22r & CuH_33r & CdH_33r & CLL_1221 & eHggint & eHggpar & eHWWint & eHWWpar & eHZZint & eHZZpar & eHZgaint & eHZgapar & eHgagaint & eHmumuint & eHtautauint & eHccint & eHccpar & eHbbint & eHbbpar \\
AlsMz & $1$ & $-0.0231487$ & $0.0459017$ & $0.0202218$ & $0.00821751$ & $0.00331709$ & $0.0190509$ & $-0.00446709$ & $-0.00176221$ & $0.00144028$ & $-0.00650606$ & $0.0168171$ & $-0.0208142$ & $0.00903279$ & $-0.00404997$ & $-0.0076484$ & $0.00984268$ & $0.0139486$ & $0.0154877$ & $0.000759193$ & $0.000117683$ & $-0.00149208$ & $-0.00231062$ & $-0.0440116$ & $-0.0725444$ & $-0.0404577$ & $-0.0243392$ & $-0.0110376$ & $-0.00784709$ & $-0.00531168$ & $-0.00430316$ & $0.0107822$ & $-0.0271568$ & $-0.00261308$ & $-0.0663985$ & $0.0820612$ & $-0.116776$ & $0.00148374$ & $0.0382959$ & $-0.00312737$ & $0.0806879$ & $-0.00144003$ & $0.0638624$ & $0.0837387$ & $0.0479538$ & $-0.0392794$ & $0.0204524$ & $0.0242869$ & $-0.0544882$ \\
dAle5Mz & $-0.0231487$ & $1$ & $-0.00272735$ & $0.0459949$ & $0.0159444$ & $0.0166702$ & $-0.0298161$ & $-0.0885441$ & $-0.0866178$ & $0.0293493$ & $0.0715054$ & $-0.0360311$ & $0.0418835$ & $-0.0308783$ & $-0.0254972$ & $-0.0152975$ & $0.0146927$ & $0.0169022$ & $0.0108917$ & $-0.0528319$ & $-0.0551991$ & $-0.0553186$ & $0.000427083$ & $0.0321075$ & $0.0221058$ & $0.0399315$ & $-0.0200534$ & $-0.0360122$ & $-0.00412314$ & $0.0443125$ & $0.00726001$ & $-0.018325$ & $0.0129714$ & $-0.0021492$ & $0.0741214$ & $0.0140619$ & $-0.0652928$ & $0.0221253$ & $0.0700178$ & $-0.0153905$ & $0.010836$ & $-0.00962118$ & $-0.0283117$ & $-0.00631901$ & $0.0862342$ & $-0.0336294$ & $-0.00429059$ & $0.0205753$ & $-0.0879851$ \\
mtop & $0.0459017$ & $-0.00272735$ & $1$ & $0.0107703$ & $-0.0171225$ & $0.00209194$ & $0.00861679$ & $0.00347843$ & $0.00271977$ & $0.00341596$ & $0.00129123$ & $0.0250923$ & $-0.0165054$ & $0.00389741$ & $-0.00791737$ & $0.00895033$ & $-0.00181648$ & $0.00694718$ & $-0.00588567$ & $0.00427627$ & $0.00379676$ & $0.00247363$ & $0.0241862$ & $-0.000626867$ & $0.000734061$ & $-0.0129006$ & $0.00826137$ & $0.00902974$ & $0.00642496$ & $-0.00502967$ & $0.0018225$ & $0.00367733$ & $-0.0272156$ & $0.0102006$ & $-0.0456922$ & $0.00717703$ & $0.0449306$ & $0.00893726$ & $-0.10521$ & $0.0113279$ & $-0.0757838$ & $0.0195437$ & $0.0126719$ & $0.120639$ & $0.00628561$ & $-0.00871844$ & $0.0555954$ & $-0.0150246$ & $-0.0514719$ \\
mHl & $0.0202218$ & $0.0459949$ & $0.0107703$ & $1$ & $0.00413814$ & $0.000301088$ & $-0.0145914$ & $-0.026202$ & $-0.0289077$ & $-0.00350498$ & $0.019775$ & $-0.0283758$ & $0.0178722$ & $0.000678096$ & $0.0120752$ & $-0.0028466$ & $0.00616325$ & $0.000621103$ & $0.00988604$ & $-0.0182325$ & $-0.0212136$ & $-0.0224026$ & $-0.0115885$ & $0.0221402$ & $-0.00591629$ & $0.0096285$ & $-0.0432148$ & $-0.0156355$ & $0.00277048$ & $0.0166948$ & $-0.00654748$ & $-0.0141742$ & $0.0625691$ & $-0.0356401$ & $-0.0155582$ & $-0.0681458$ & $-0.0510883$ & $0.0062512$ & $0.0929349$ & $0.00847136$ & $0.00705194$ & $-0.00890973$ & $-0.0602399$ & $-0.0722986$ & $-0.0588758$ & $0.104127$ & $-0.0490856$ & $0.130587$ & $0.0934258$ \\
Mz & $0.00821751$ & $0.0159444$ & $-0.0171225$ & $0.00413814$ & $1$ & $0.00551687$ & $0.00474587$ & $-0.0140578$ & $-0.0137523$ & $-0.00246803$ & $0.0239217$ & $0.00163879$ & $-0.00330159$ & $-0.00959585$ & $-0.00906547$ & $-0.0101928$ & $-0.0127969$ & $-0.00628004$ & $-0.00585365$ & $-0.0186282$ & $-0.0174353$ & $-0.0170737$ & $-0.0105171$ & $-0.00422208$ & $-0.0111234$ & $0.0157373$ & $-0.0118$ & $-0.0117639$ & $-0.00614603$ & $-0.00209217$ & $-0.000340424$ & $0.00478036$ & $0.000369016$ & $-0.00934425$ & $-0.0129479$ & $0.0109263$ & $0.00872577$ & $-0.000362676$ & $-0.000303257$ & $0.00567051$ & $-0.000738088$ & $0.0150358$ & $0.00620572$ & $-0.00682842$ & $-0.0112484$ & $0.0173269$ & $-0.00398843$ & $-0.00832415$ & $0.00157849$ \\
CW & $0.00331709$ & $0.0166702$ & $0.00209194$ & $0.000301088$ & $0.00551687$ & $1$ & $0.0352732$ & $-0.0373131$ & $-0.0364174$ & $0.00986334$ & $0.153475$ & $0.0667668$ & $-0.0430091$ & $-0.0412874$ & $-0.0872008$ & $-0.085704$ & $-0.381643$ & $-0.179022$ & $-0.179145$ & $-0.150677$ & $-0.155327$ & $-0.152074$ & $-0.0110155$ & $-0.136618$ & $-0.22425$ & $0.110485$ & $-0.0645622$ & $-0.0708385$ & $-0.0105904$ & $-0.0288836$ & $-0.0256735$ & $0.0363273$ & $-0.034817$ & $-0.0912637$ & $-0.0100163$ & $0.00407833$ & $0.00565775$ & $0.00205924$ & $-0.00799008$ & $-0.0126508$ & $0.0018621$ & $-0.00505797$ & $-0.00383599$ & $-0.00816545$ & $0.00486939$ & $0.000190859$ & $-0.0146012$ & $0.00133132$ & $0.0138081$ \\
CHG & $0.0190509$ & $-0.0298161$ & $0.00861679$ & $-0.0145914$ & $0.00474587$ & $0.0352732$ & $1$ & $-0.0326126$ & $-0.0125881$ & $0.197533$ & $0.092929$ & $0.705997$ & $-0.785072$ & $-0.129237$ & $-0.0415724$ & $-0.0307916$ & $-0.120379$ & $-0.0991623$ & $-0.107704$ & $-0.0907382$ & $-0.0927633$ & $-0.0907281$ & $-0.0110817$ & $-0.060026$ & $-0.107952$ & $0.0724791$ & $-0.0202932$ & $-0.0294599$ & $-0.136622$ & $-0.595439$ & $-0.366185$ & $0.955774$ & $-0.604891$ & $-0.0014318$ & $-0.149789$ & $-0.0553602$ & $-0.00388481$ & $0.0126431$ & $0.0214819$ & $0.00102431$ & $-0.0259464$ & $-0.0035449$ & $0.0185482$ & $0.00994903$ & $5.14363e-05$ & $-0.0120815$ & $-0.00215943$ & $-0.0235571$ & $0.0121641$ \\
CHWB & $-0.00446709$ & $-0.0885441$ & $0.00347843$ & $-0.026202$ & $-0.0140578$ & $-0.0373131$ & $-0.0326126$ & $1$ & $0.989163$ & $-0.539233$ & $-0.873526$ & $-0.122388$ & $0.0414465$ & $0.27429$ & $0.462231$ & $0.461535$ & $-0.209581$ & $-0.394536$ & $-0.400727$ & $0.857352$ & $0.886294$ & $0.87799$ & $0.0437577$ & $-0.621172$ & $-0.359419$ & $-0.610598$ & $0.402514$ & $0.399415$ & $-0.00172543$ & $0.0312703$ & $0.0202147$ & $-0.0433752$ & $0.0359113$ & $0.526286$ & $-0.0145971$ & $0.00510045$ & $-0.0016973$ & $0.00565422$ & $-0.00193952$ & $0.00724353$ & $0.00595044$ & $0.00153676$ & $-0.00507968$ & $0.00802293$ & $-0.00220914$ & $0.00371492$ & $-0.00845806$ & $-0.00353018$ & $0.00766308$ \\
CHWHB_gaga & $-0.00176221$ & $-0.0866178$ & $0.00271977$ & $-0.0289077$ & $-0.0137523$ & $-0.0364174$ & $-0.0125881$ & $0.989163$ & $1$ & $-0.535705$ & $-0.863167$ & $-0.123947$ & $0.0482508$ & $0.269415$ & $0.458987$ & $0.4567$ & $-0.209336$ & $-0.393123$ & $-0.398058$ & $0.847461$ & $0.87565$ & $0.867849$ & $0.0424931$ & $-0.615221$ & $-0.357948$ & $-0.603298$ & $0.396727$ & $0.395632$ & $0.00592693$ & $0.0514884$ & $0.0349878$ & $-0.0250793$ & $0.0574261$ & $0.518837$ & $-0.0253974$ & $-0.00268451$ & $-0.0103919$ & $0.00362114$ & $-0.00591101$ & $0.005117$ & $0.00215233$ & $0.000949502$ & $0.047804$ & $0.00912542$ & $-0.00738335$ & $0.00201565$ & $-0.00435046$ & $0.00113701$ & $0.00469207$ \\
CHWHB_gagaorth & $0.00144028$ & $0.0293493$ & $0.00341596$ & $-0.00350498$ & $-0.00246803$ & $0.00986334$ & $0.197533$ & $-0.539233$ & $-0.535705$ & $1$ & $0.460984$ & $0.410978$ & $-0.256916$ & $-0.129024$ & $-0.249597$ & $-0.241773$ & $0.133386$ & $0.233776$ & $0.230721$ & $-0.45294$ & $-0.468337$ & $-0.464422$ & $-0.0310806$ & $0.349111$ & $0.216345$ & $0.326944$ & $-0.212025$ & $-0.207322$ & $-0.0453719$ & $-0.228738$ & $-0.144551$ & $0.211705$ & $-0.243947$ & $-0.282859$ & $0.0176652$ & $0.00188983$ & $0.0194239$ & $0.000445735$ & $-0.0078174$ & $-0.00545052$ & $-0.0584522$ & $-0.00322226$ & $0.000748162$ & $-0.00260853$ & $0.000666686$ & $0.00367701$ & $0.00265007$ & $-0.00477661$ & $0.00246323$ \\
CHD & $-0.00650606$ & $0.0715054$ & $0.00129123$ & $0.019775$ & $0.0239217$ & $0.153475$ & $0.092929$ & $-0.873526$ & $-0.863167$ & $0.460984$ & $1$ & $0.219323$ & $-0.11295$ & $-0.667207$ & $-0.573225$ & $-0.571355$ & $-0.26434$ & $-0.0315179$ & $-0.0245165$ & $-0.994903$ & $-0.995141$ & $-0.98319$ & $0.0138302$ & $0.205973$ & $-0.0759082$ & $0.68651$ & $-0.278617$ & $-0.444956$ & $-0.010409$ & $-0.0828751$ & $-0.0616687$ & $0.109096$ & $-0.0960644$ & $-0.324014$ & $0.00927105$ & $-0.00543881$ & $-7.53446e-05$ & $-0.00559801$ & $-0.0032913$ & $-0.00643008$ & $-0.00202886$ & $-0.00150773$ & $-0.00162252$ & $-0.0105002$ & $-0.000456659$ & $-0.00506043$ & $0.000165086$ & $-0.00391577$ & $0.000997135$ \\
CHbox & $0.0168171$ & $-0.0360311$ & $0.0250923$ & $-0.0283758$ & $0.00163879$ & $0.0667668$ & $0.705997$ & $-0.122388$ & $-0.123947$ & $0.410978$ & $0.219323$ & $1$ & $-0.899445$ & $-0.24119$ & $-0.0977955$ & $-0.0824238$ & $-0.198915$ & $-0.151043$ & $-0.161735$ & $-0.213757$ & $-0.21976$ & $-0.216522$ & $-0.0125611$ & $-0.0703412$ & $-0.163719$ & $0.160614$ & $-0.0648199$ & $-0.0924409$ & $-0.162415$ & $-0.614271$ & $-0.380788$ & $0.654979$ & $-0.623303$ & $-0.0438433$ & $-0.123746$ & $-0.0559371$ & $-0.00221724$ & $0.0169393$ & $0.0221649$ & $-0.00318863$ & $-0.0256279$ & $-0.00469322$ & $0.019589$ & $0.00859579$ & $0.00705904$ & $-0.0108505$ & $0.000838313$ & $-0.031503$ & $0.0248722$ \\
CH & $-0.0208142$ & $0.0418835$ & $-0.0165054$ & $0.0178722$ & $-0.00330159$ & $-0.0430091$ & $-0.785072$ & $0.0414465$ & $0.0482508$ & $-0.256916$ & $-0.11295$ & $-0.899445$ & $1$ & $0.152566$ & $0.0526341$ & $0.0394797$ & $0.143019$ & $0.116243$ & $0.125834$ & $0.110886$ & $0.112446$ & $0.110548$ & $0.0076727$ & $0.0729483$ & $0.125043$ & $-0.0857981$ & $0.0217782$ & $0.0434466$ & $0.188785$ & $0.72245$ & $0.429828$ & $-0.703356$ & $0.729393$ & $0.00271483$ & $0.162375$ & $0.0728293$ & $0.000380524$ & $-0.0150089$ & $-0.0336321$ & $0.000636515$ & $0.0278162$ & $0.0061993$ & $-0.0168315$ & $-0.00732388$ & $-0.000325511$ & $0.00693627$ & $-0.00424117$ & $0.0269862$ & $-0.0282026$ \\
CHL1_11 & $0.00903279$ & $-0.0308783$ & $0.00389741$ & $0.000678096$ & $-0.00959585$ & $-0.0412874$ & $-0.129237$ & $0.27429$ & $0.269415$ & $-0.129024$ & $-0.667207$ & $-0.24119$ & $0.152566$ & $1$ & $0.399915$ & $0.400164$ & $0.641715$ & $0.598897$ & $0.591723$ & $0.677048$ & $0.640903$ & $0.629076$ & $-0.0930809$ & $0.44352$ & $0.599567$ & $-0.439403$ & $-0.0413075$ & $0.280495$ & $0.0194051$ & $0.109985$ & $0.0857863$ & $-0.146709$ & $0.126234$ & $-0.161662$ & $0.00211148$ & $0.00391375$ & $0.00807532$ & $0.00165513$ & $0.00463868$ & $0.000546236$ & $-0.00348641$ & $0.00139179$ & $0.00462545$ & $0.004626$ & $0.00439885$ & $0.00518031$ & $0.00594147$ & $0.0124786$ & $-0.0144567$ \\
CHL1_22 & $-0.00404997$ & $-0.0254972$ & $-0.00791737$ & $0.0120752$ & $-0.00906547$ & $-0.0872008$ & $-0.0415724$ & $0.462231$ & $0.458987$ & $-0.249597$ & $-0.573225$ & $-0.0977955$ & $0.0526341$ & $0.399915$ & $1$ & $0.536949$ & $0.17514$ & $-0.312184$ & $-0.00553405$ & $0.615565$ & $0.518294$ & $0.511618$ & $-0.171991$ & $0.0392298$ & $-0.0660295$ & $-0.357052$ & $-0.290689$ & $0.228541$ & $0.00816986$ & $0.0428891$ & $0.0293053$ & $-0.050464$ & $0.0467481$ & $-0.469833$ & $0.00132757$ & $0.00330158$ & $-0.0114462$ & $0.0089132$ & $0.00160512$ & $0.00407187$ & $-0.000384441$ & $-0.00240689$ & $0.0020321$ & $0.00962231$ & $0.00925293$ & $0.0234257$ & $0.00363338$ & $0.00550404$ & $-0.0037103$ \\
CHL1_33 & $-0.0076484$ & $-0.0152975$ & $0.00895033$ & $-0.0028466$ & $-0.0101928$ & $-0.085704$ & $-0.0307916$ & $0.461535$ & $0.4567$ & $-0.241773$ & $-0.571355$ & $-0.0824238$ & $0.0394797$ & $0.400164$ & $0.536949$ & $1$ & $0.17163$ & $0.000818822$ & $-0.305979$ & $0.613641$ & $0.518353$ & $0.52848$ & $-0.169355$ & $0.0333056$ & $-0.0645092$ & $-0.35388$ & $-0.285861$ & $0.235427$ & $0.00720584$ & $0.0329492$ & $0.0291299$ & $-0.0371974$ & $0.0433804$ & $-0.017748$ & $0.00168042$ & $0.00228117$ & $-0.00210769$ & $0.00698286$ & $-0.00548389$ & $0.00239778$ & $0.00817165$ & $-0.00249237$ & $-0.00161626$ & $0.014011$ & $0.0033472$ & $-0.00727319$ & $0.00321889$ & $-9.48957e-05$ & $0.00528206$ \\
CHL3_11 & $0.00984268$ & $0.0146927$ & $-0.00181648$ & $0.00616325$ & $-0.0127969$ & $-0.381643$ & $-0.120379$ & $-0.209581$ & $-0.209336$ & $0.133386$ & $-0.26434$ & $-0.198915$ & $0.143019$ & $0.641715$ & $0.17514$ & $0.17163$ & $1$ & $0.817588$ & $0.817978$ & $0.274858$ & $0.243184$ & $0.236101$ & $-0.0687518$ & $0.751971$ & $0.856739$ & $-0.172603$ & $-0.127118$ & $0.106565$ & $0.025548$ & $0.101912$ & $0.0830899$ & $-0.130757$ & $0.12135$ & $-0.240232$ & $0.00591619$ & $-0.00118631$ & $0.00464764$ & $-0.000511447$ & $0.00878871$ & $0.00121298$ & $-0.0124726$ & $0.00301141$ & $0.0147372$ & $0.00705208$ & $0.00134489$ & $0.00362976$ & $0.0205208$ & $0.0118552$ & $-0.0109082$ \\
CHL3_22 & $0.0139486$ & $0.0169022$ & $0.00694718$ & $0.000621103$ & $-0.00628004$ & $-0.179022$ & $-0.0991623$ & $-0.394536$ & $-0.393123$ & $0.233776$ & $-0.0315179$ & $-0.151043$ & $0.116243$ & $0.598897$ & $-0.312184$ & $0.000818822$ & $0.817588$ & $1$ & $0.786101$ & $0.0296373$ & $0.0289913$ & $0.0258509$ & $-0.0143307$ & $0.735571$ & $0.863959$ & $-0.0216233$ & $-0.0399232$ & $0.0100984$ & $0.0196483$ & $0.0805354$ & $0.0677042$ & $-0.106589$ & $0.0968541$ & $-0.0533839$ & $0.00682264$ & $-0.00202378$ & $0.0139614$ & $-0.00434145$ & $0.00577922$ & $-0.0036071$ & $-0.00788284$ & $0.00212609$ & $0.0111587$ & $0.00172015$ & $-0.00188207$ & $-0.011538$ & $0.0140316$ & $0.00971745$ & $-0.0120771$ \\
CHL3_33 & $0.0154877$ & $0.0108917$ & $-0.00588567$ & $0.00988604$ & $-0.00585365$ & $-0.179145$ & $-0.107704$ & $-0.400727$ & $-0.398058$ & $0.230721$ & $-0.0245165$ & $-0.161735$ & $0.125834$ & $0.591723$ & $-0.00553405$ & $-0.305979$ & $0.817978$ & $0.786101$ & $1$ & $0.0223068$ & $0.0218459$ & $0.0200605$ & $-0.0134053$ & $0.739379$ & $0.865428$ & $-0.0178623$ & $-0.0376534$ & $0.00223596$ & $0.0205686$ & $0.0874538$ & $0.0689697$ & $-0.116452$ & $0.0999333$ & $-0.361502$ & $0.00761037$ & $-0.000521989$ & $0.00777991$ & $-0.00355762$ & $0.0088823$ & $-0.0012502$ & $-0.013333$ & $0.00158141$ & $0.0148581$ & $-0.00289969$ & $0.00199244$ & $0.0115798$ & $0.0148923$ & $0.0148255$ & $-0.0178302$ \\
CHe_11 & $0.000759193$ & $-0.0528319$ & $0.00427627$ & $-0.0182325$ & $-0.0186282$ & $-0.150677$ & $-0.0907382$ & $0.857352$ & $0.847461$ & $-0.45294$ & $-0.994903$ & $-0.213757$ & $0.110886$ & $0.677048$ & $0.615565$ & $0.613641$ & $0.274858$ & $0.0296373$ & $0.0223068$ & $1$ & $0.985297$ & $0.973716$ & $-0.0336206$ & $-0.173692$ & $0.0791561$ & $-0.678797$ & $0.224718$ & $0.439576$ & $0.0104113$ & $0.0822385$ & $0.0606146$ & $-0.10639$ & $0.0945857$ & $0.267972$ & $-0.00676694$ & $0.00475578$ & $-0.000324237$ & $0.00707071$ & $0.00368183$ & $0.0054133$ & $0.0019471$ & $0.000231854$ & $0.00175836$ & $0.0119784$ & $0.00234247$ & $0.00448937$ & $0.000650408$ & $0.00425821$ & $-0.0030057$ \\
CHe_22 & $0.000117683$ & $-0.0551991$ & $0.00379676$ & $-0.0212136$ & $-0.0174353$ & $-0.155327$ & $-0.0927633$ & $0.886294$ & $0.87565$ & $-0.468337$ & $-0.995141$ & $-0.21976$ & $0.112446$ & $0.640903$ & $0.518294$ & $0.518353$ & $0.243184$ & $0.0289913$ & $0.0218459$ & $0.985297$ & $1$ & $0.986092$ & $0.00890602$ & $-0.245623$ & $0.0678787$ & $-0.688919$ & $0.339608$ & $0.446708$ & $0.00980743$ & $0.0824671$ & $0.0610831$ & $-0.108579$ & $0.0947389$ & $0.389547$ & $-0.00896155$ & $0.00532662$ & $0.000476453$ & $0.0057379$ & $0.0037568$ & $0.0064341$ & $0.00159254$ & $0.00185466$ & $0.000710776$ & $0.00959851$ & $0.000591388$ & $0.0040094$ & $-0.000312278$ & $0.00397501$ & $-0.00222676$ \\
CHe_33 & $-0.00149208$ & $-0.0553186$ & $0.00247363$ & $-0.0224026$ & $-0.0170737$ & $-0.152074$ & $-0.0907281$ & $0.87799$ & $0.867849$ & $-0.464422$ & $-0.98319$ & $-0.216522$ & $0.110548$ & $0.629076$ & $0.511618$ & $0.52848$ & $0.236101$ & $0.0258509$ & $0.0200605$ & $0.973716$ & $0.986092$ & $1$ & $0.00958067$ & $-0.245995$ & $0.0636976$ & $-0.680206$ & $0.336965$ & $0.441159$ & $0.0102338$ & $0.0809159$ & $0.0595531$ & $-0.106094$ & $0.0932503$ & $0.389305$ & $-0.00667418$ & $0.00453967$ & $0.00082563$ & $0.00418693$ & $0.00274385$ & $0.00565585$ & $0.00245716$ & $0.00011235$ & $0.00298436$ & $0.0094774$ & $0.00041505$ & $0.00532373$ & $-0.000218478$ & $0.00485196$ & $-0.00224082$ \\
CHQ1_11 & $-0.00231062$ & $0.000427083$ & $0.0241862$ & $-0.0115885$ & $-0.0105171$ & $-0.0110155$ & $-0.0110817$ & $0.0437577$ & $0.0424931$ & $-0.0310806$ & $0.0138302$ & $-0.0125611$ & $0.0076727$ & $-0.0930809$ & $-0.171991$ & $-0.169355$ & $-0.0687518$ & $-0.0143307$ & $-0.0134053$ & $-0.0336206$ & $0.00890602$ & $0.00958067$ & $1$ & $-0.129052$ & $0.0498027$ & $-0.58047$ & $0.359167$ & $0.00812253$ & $0.00201884$ & $0.008596$ & $0.00983027$ & $-0.0113258$ & $0.00828045$ & $0.210338$ & $-0.0149716$ & $-0.0110117$ & $-0.00371076$ & $-0.00882069$ & $0.0101187$ & $0.00474098$ & $0.00730903$ & $-0.00830409$ & $-0.000649503$ & $-0.00941177$ & $0.00245117$ & $-0.00662503$ & $0.0119371$ & $-0.00113606$ & $0.00213384$ \\
CHQ1_33 & $-0.0440116$ & $0.0321075$ & $-0.000626867$ & $0.0221402$ & $-0.00422208$ & $-0.136618$ & $-0.060026$ & $-0.621172$ & $-0.615221$ & $0.349111$ & $0.205973$ & $-0.0703412$ & $0.0729483$ & $0.44352$ & $0.0392298$ & $0.0333056$ & $0.751971$ & $0.735571$ & $0.739379$ & $-0.173692$ & $-0.245623$ & $-0.245995$ & $-0.129052$ & $1$ & $0.749348$ & $0.168971$ & $-0.390565$ & $-0.036497$ & $0.0182216$ & $0.0519155$ & $0.0442879$ & $-0.0628336$ & $0.0635397$ & $-0.603497$ & $0.0119964$ & $-0.0085804$ & $0.00557369$ & $-0.00207161$ & $0.00468728$ & $-0.00508394$ & $-0.0120991$ & $-0.0026833$ & $0.0111003$ & $-0.000984099$ & $-0.00166362$ & $0.000331798$ & $0.0180061$ & $0.0125107$ & $-0.00728937$ \\
CHQ3_11 & $-0.0725444$ & $0.0221058$ & $0.000734061$ & $-0.00591629$ & $-0.0111234$ & $-0.22425$ & $-0.107952$ & $-0.359419$ & $-0.357948$ & $0.216345$ & $-0.0759082$ & $-0.163719$ & $0.125043$ & $0.599567$ & $-0.0660295$ & $-0.0645092$ & $0.856739$ & $0.863959$ & $0.865428$ & $0.0791561$ & $0.0678787$ & $0.0636976$ & $0.0498027$ & $0.749348$ & $1$ & $-0.0472539$ & $0.138905$ & $0.0236894$ & $0.0202732$ & $0.0847297$ & $0.0721285$ & $-0.116376$ & $0.103136$ & $-0.233195$ & $0.0120937$ & $-0.0211724$ & $0.0179826$ & $-0.00712045$ & $0.0126303$ & $0.000753088$ & $-0.0209746$ & $0.00419366$ & $0.00581328$ & $-0.00548327$ & $-0.00164364$ & $-0.00533646$ & $0.0169197$ & $1.63808e-05$ & $-0.0130244$ \\
CHu_11 & $-0.0404577$ & $0.0399315$ & $-0.0129006$ & $0.0096285$ & $0.0157373$ & $0.110485$ & $0.0724791$ & $-0.610598$ & $-0.603298$ & $0.326944$ & $0.68651$ & $0.160614$ & $-0.0857981$ & $-0.439403$ & $-0.357052$ & $-0.35388$ & $-0.172603$ & $-0.0216233$ & $-0.0178623$ & $-0.678797$ & $-0.688919$ & $-0.680206$ & $-0.58047$ & $0.168971$ & $-0.0472539$ & $1$ & $-0.214242$ & $-0.308241$ & $-0.0112288$ & $-0.06566$ & $-0.0522717$ & $0.0842587$ & $-0.0736295$ & $-0.271706$ & $0.012694$ & $-0.0106602$ & $0.00725046$ & $-0.000888516$ & $-0.00342489$ & $-0.00473303$ & $-0.0171617$ & $0.00427395$ & $-0.00250125$ & $-0.00631849$ & $-0.00586297$ & $-0.006828$ & $-0.0104139$ & $-0.0139734$ & $0.00267013$ \\
CHd_11 & $-0.0243392$ & $-0.0200534$ & $0.00826137$ & $-0.0432148$ & $-0.0118$ & $-0.0645622$ & $-0.0202932$ & $0.402514$ & $0.396727$ & $-0.212025$ & $-0.278617$ & $-0.0648199$ & $0.0217782$ & $-0.0413075$ & $-0.290689$ & $-0.285861$ & $-0.127118$ & $-0.0399232$ & $-0.0376534$ & $0.224718$ & $0.339608$ & $0.336965$ & $0.359167$ & $-0.390565$ & $0.138905$ & $-0.214242$ & $1$ & $0.138957$ & $-0.00592134$ & $0.00936263$ & $0.00823462$ & $-0.0246829$ & $0.0126734$ & $0.675933$ & $-0.0135348$ & $-0.0224352$ & $0.00175325$ & $-0.00869109$ & $0.0178803$ & $0.00779634$ & $-0.00974104$ & $0.00609685$ & $-0.0050264$ & $-0.00505681$ & $-0.00509491$ & $-0.0193987$ & $-0.000814417$ & $-0.0198528$ & $-0.000958557$ \\
CHd_33 & $-0.0110376$ & $-0.0360122$ & $0.00902974$ & $-0.0156355$ & $-0.0117639$ & $-0.0708385$ & $-0.0294599$ & $0.399415$ & $0.395632$ & $-0.207322$ & $-0.444956$ & $-0.0924409$ & $0.0434466$ & $0.280495$ & $0.228541$ & $0.235427$ & $0.106565$ & $0.0100984$ & $0.00223596$ & $0.439576$ & $0.446708$ & $0.441159$ & $0.00812253$ & $-0.036497$ & $0.0236894$ & $-0.308241$ & $0.138957$ & $1$ & $0.0071155$ & $0.0291801$ & $0.0149069$ & $-0.0375144$ & $0.038544$ & $0.182654$ & $-0.00919819$ & $-0.00684592$ & $0.00465072$ & $0.000721761$ & $0.00899676$ & $0.00352322$ & $0.00342455$ & $-0.00964928$ & $0.0129569$ & $0.00313147$ & $0.00124029$ & $-0.0134793$ & $0.0054261$ & $-0.00200711$ & $0.0125101$ \\
CeH_22r & $-0.00784709$ & $-0.00412314$ & $0.00642496$ & $0.00277048$ & $-0.00614603$ & $-0.0105904$ & $-0.136622$ & $-0.00172543$ & $0.00592693$ & $-0.0453719$ & $-0.010409$ & $-0.162415$ & $0.188785$ & $0.0194051$ & $0.00816986$ & $0.00720584$ & $0.025548$ & $0.0196483$ & $0.0205686$ & $0.0104113$ & $0.00980743$ & $0.0102338$ & $0.00201884$ & $0.0182216$ & $0.0202732$ & $-0.0112288$ & $-0.00592134$ & $0.0071155$ & $1$ & $0.16332$ & $0.106209$ & $-0.131263$ & $0.166509$ & $-0.00614862$ & $0.0173542$ & $0.00222685$ & $-0.0219965$ & $-0.014573$ & $-0.0122693$ & $0.0105364$ & $0.00306556$ & $0.00195985$ & $-0.00143833$ & $0.0109695$ & $-0.00500526$ & $0.00778317$ & $0.00208993$ & $0.00379822$ & $0.000254753$ \\
CeH_33r & $-0.00531168$ & $0.0443125$ & $-0.00502967$ & $0.0166948$ & $-0.00209217$ & $-0.0288836$ & $-0.595439$ & $0.0312703$ & $0.0514884$ & $-0.228738$ & $-0.0828751$ & $-0.614271$ & $0.72245$ & $0.109985$ & $0.0428891$ & $0.0329492$ & $0.101912$ & $0.0805354$ & $0.0874538$ & $0.0822385$ & $0.0824671$ & $0.0809159$ & $0.008596$ & $0.0519155$ & $0.0847297$ & $-0.06566$ & $0.00936263$ & $0.0291801$ & $0.16332$ & $1$ & $0.501701$ & $-0.460009$ & $0.825938$ & $-0.00114516$ & $0.074263$ & $0.0282668$ & $-0.106611$ & $-0.025499$ & $-0.0297132$ & $-0.00363339$ & $0.0250952$ & $0.0107779$ & $-0.0252336$ & $-0.00204403$ & $0.0487932$ & $-0.00845054$ & $-0.0143345$ & $0.0274061$ & $-0.0267927$ \\
CuH_22r & $-0.00430316$ & $0.00726001$ & $0.0018225$ & $-0.00654748$ & $-0.000340424$ & $-0.0256735$ & $-0.366185$ & $0.0202147$ & $0.0349878$ & $-0.144551$ & $-0.0616687$ & $-0.380788$ & $0.429828$ & $0.0857863$ & $0.0293053$ & $0.0291299$ & $0.0830899$ & $0.0677042$ & $0.0689697$ & $0.0606146$ & $0.0610831$ & $0.0595531$ & $0.00983027$ & $0.0442879$ & $0.0721285$ & $-0.0522717$ & $0.00823462$ & $0.0149069$ & $0.106209$ & $0.501701$ & $1$ & $-0.273199$ & $0.534534$ & $-0.00198461$ & $0.0227744$ & $0.0561174$ & $-0.0722401$ & $-0.0102179$ & $-0.0194133$ & $-0.0106253$ & $0.0274614$ & $0.000295784$ & $0.0166632$ & $-0.0182074$ & $0.00804594$ & $0.0541472$ & $0.297209$ & $0.0286552$ & $0.00486161$ \\
CuH_33r & $0.0107822$ & $-0.018325$ & $0.00367733$ & $-0.0141742$ & $0.00478036$ & $0.0363273$ & $0.955774$ & $-0.0433752$ & $-0.0250793$ & $0.211705$ & $0.109096$ & $0.654979$ & $-0.703356$ & $-0.146709$ & $-0.050464$ & $-0.0371974$ & $-0.130757$ & $-0.106589$ & $-0.116452$ & $-0.10639$ & $-0.108579$ & $-0.106094$ & $-0.0113258$ & $-0.0628336$ & $-0.116376$ & $0.0842587$ & $-0.0246829$ & $-0.0375144$ & $-0.131263$ & $-0.460009$ & $-0.273199$ & $1$ & $-0.453701$ & $-0.00296374$ & $-0.093748$ & $-0.0334456$ & $-0.0297925$ & $0.00924146$ & $0.0211237$ & $0.00106779$ & $-0.0222611$ & $-0.000167318$ & $0.016132$ & $0.0107968$ & $0.00436281$ & $-0.016406$ & $-0.00495658$ & $-0.0185529$ & $0.00989314$ \\
CdH_33r & $-0.0271568$ & $0.0129714$ & $-0.0272156$ & $0.0625691$ & $0.000369016$ & $-0.034817$ & $-0.604891$ & $0.0359113$ & $0.0574261$ & $-0.243947$ & $-0.0960644$ & $-0.623303$ & $0.729393$ & $0.126234$ & $0.0467481$ & $0.0433804$ & $0.12135$ & $0.0968541$ & $0.0999333$ & $0.0945857$ & $0.0947389$ & $0.0932503$ & $0.00828045$ & $0.0635397$ & $0.103136$ & $-0.0736295$ & $0.0126734$ & $0.038544$ & $0.166509$ & $0.825938$ & $0.534534$ & $-0.453701$ & $1$ & $0.00081703$ & $0.0625379$ & $0.0388312$ & $-0.121572$ & $-0.0308511$ & $-0.0577454$ & $0.00592926$ & $0.0281699$ & $0.00664234$ & $-0.0285959$ & $0.0306748$ & $-0.00266307$ & $-0.0104519$ & $0.00710173$ & $0.116966$ & $0.277017$ \\
CLL_1221 & $-0.00261308$ & $-0.0021492$ & $0.0102006$ & $-0.0356401$ & $-0.00934425$ & $-0.0912637$ & $-0.0014318$ & $0.526286$ & $0.518837$ & $-0.282859$ & $-0.324014$ & $-0.0438433$ & $0.00271483$ & $-0.161662$ & $-0.469833$ & $-0.017748$ & $-0.240232$ & $-0.0533839$ & $-0.361502$ & $0.267972$ & $0.389547$ & $0.389305$ & $0.210338$ & $-0.603497$ & $-0.233195$ & $-0.271706$ & $0.675933$ & $0.182654$ & $-0.00614862$ & $-0.00114516$ & $-0.00198461$ & $-0.00296374$ & $0.00081703$ & $1$ & $-0.0121077$ & $0.00119284$ & $0.00390829$ & $-0.000909111$ & $0.00171935$ & $0.00328894$ & $0.00429928$ & $0.00467173$ & $-0.00636986$ & $0.0014793$ & $-0.00583606$ & $-0.0206133$ & $-0.00698318$ & $-0.00869016$ & $0.00856279$ \\
eHggint & $-0.0663985$ & $0.0741214$ & $-0.0456922$ & $-0.0155582$ & $-0.0129479$ & $-0.0100163$ & $-0.149789$ & $-0.0145971$ & $-0.0253974$ & $0.0176652$ & $0.00927105$ & $-0.123746$ & $0.162375$ & $0.00211148$ & $0.00132757$ & $0.00168042$ & $0.00591619$ & $0.00682264$ & $0.00761037$ & $-0.00676694$ & $-0.00896155$ & $-0.00667418$ & $-0.0149716$ & $0.0119964$ & $0.0120937$ & $0.012694$ & $-0.0135348$ & $-0.00919819$ & $0.0173542$ & $0.074263$ & $0.0227744$ & $-0.093748$ & $0.0625379$ & $-0.0121077$ & $1$ & $-0.0713354$ & $0.0205637$ & $0.0386792$ & $-0.042351$ & $0.00131749$ & $0.0260434$ & $0.0111038$ & $0.0229198$ & $0.000720565$ & $0.012929$ & $-0.0151467$ & $-0.0866695$ & $-0.00815349$ & $-0.0417489$ \\
eHggpar & $0.0820612$ & $0.0140619$ & $0.00717703$ & $-0.0681458$ & $0.0109263$ & $0.00407833$ & $-0.0553602$ & $0.00510045$ & $-0.00268451$ & $0.00188983$ & $-0.00543881$ & $-0.0559371$ & $0.0728293$ & $0.00391375$ & $0.00330158$ & $0.00228117$ & $-0.00118631$ & $-0.00202378$ & $-0.000521989$ & $0.00475578$ & $0.00532662$ & $0.00453967$ & $-0.0110117$ & $-0.0085804$ & $-0.0211724$ & $-0.0106602$ & $-0.0224352$ & $-0.00684592$ & $0.00222685$ & $0.0282668$ & $0.0561174$ & $-0.0334456$ & $0.0388312$ & $0.00119284$ & $-0.0713354$ & $1$ & $0.0327856$ & $0.0036638$ & $-0.0857821$ & $0.0107916$ & $0.0554206$ & $0.0045595$ & $-0.0676025$ & $0.0232315$ & $0.0395407$ & $-0.000344961$ & $0.107173$ & $0.0913193$ & $0.00765025$ \\
eHWWint & $-0.116776$ & $-0.0652928$ & $0.0449306$ & $-0.0510883$ & $0.00872577$ & $0.00565775$ & $-0.00388481$ & $-0.0016973$ & $-0.0103919$ & $0.0194239$ & $-7.53446e-05$ & $-0.00221724$ & $0.000380524$ & $0.00807532$ & $-0.0114462$ & $-0.00210769$ & $0.00464764$ & $0.0139614$ & $0.00777991$ & $-0.000324237$ & $0.000476453$ & $0.00082563$ & $-0.00371076$ & $0.00557369$ & $0.0179826$ & $0.00725046$ & $0.00175325$ & $0.00465072$ & $-0.0219965$ & $-0.106611$ & $-0.0722401$ & $-0.0297925$ & $-0.121572$ & $0.00390829$ & $0.0205637$ & $0.0327856$ & $1$ & $0.0102215$ & $-0.0141287$ & $0.00649245$ & $-0.0975772$ & $-0.0113851$ & $0.011394$ & $-0.0434933$ & $-0.0207051$ & $0.115715$ & $-0.0028431$ & $-0.0149061$ & $0.0261299$ \\
eHWWpar & $0.00148374$ & $0.0221253$ & $0.00893726$ & $0.0062512$ & $-0.000362676$ & $0.00205924$ & $0.0126431$ & $0.00565422$ & $0.00362114$ & $0.000445735$ & $-0.00559801$ & $0.0169393$ & $-0.0150089$ & $0.00165513$ & $0.0089132$ & $0.00698286$ & $-0.000511447$ & $-0.00434145$ & $-0.00355762$ & $0.00707071$ & $0.0057379$ & $0.00418693$ & $-0.00882069$ & $-0.00207161$ & $-0.00712045$ & $-0.000888516$ & $-0.00869109$ & $0.000721761$ & $-0.014573$ & $-0.025499$ & $-0.0102179$ & $0.00924146$ & $-0.0308511$ & $-0.000909111$ & $0.0386792$ & $0.0036638$ & $0.0102215$ & $1$ & $-0.00525058$ & $0.0105069$ & $0.0119371$ & $-0.00897367$ & $0.00346495$ & $0.0166875$ & $0.00817035$ & $0.000391787$ & $-0.00994937$ & $0.00224095$ & $-0.00869906$ \\
eHZZint & $0.0382959$ & $0.0700178$ & $-0.10521$ & $0.0929349$ & $-0.000303257$ & $-0.00799008$ & $0.0214819$ & $-0.00193952$ & $-0.00591101$ & $-0.0078174$ & $-0.0032913$ & $0.0221649$ & $-0.0336321$ & $0.00463868$ & $0.00160512$ & $-0.00548389$ & $0.00878871$ & $0.00577922$ & $0.0088823$ & $0.00368183$ & $0.0037568$ & $0.00274385$ & $0.0101187$ & $0.00468728$ & $0.0126303$ & $-0.00342489$ & $0.0178803$ & $0.00899676$ & $-0.0122693$ & $-0.0297132$ & $-0.0194133$ & $0.0211237$ & $-0.0577454$ & $0.00171935$ & $-0.042351$ & $-0.0857821$ & $-0.0141287$ & $-0.00525058$ & $1$ & $-0.0126197$ & $-0.0276809$ & $-0.00600187$ & $-0.0299807$ & $0.0253326$ & $0.0186598$ & $-0.0534219$ & $0.0318961$ & $-0.0396981$ & $-0.073055$ \\
eHZZpar & $-0.00312737$ & $-0.0153905$ & $0.0113279$ & $0.00847136$ & $0.00567051$ & $-0.0126508$ & $0.00102431$ & $0.00724353$ & $0.005117$ & $-0.00545052$ & $-0.00643008$ & $-0.00318863$ & $0.000636515$ & $0.000546236$ & $0.00407187$ & $0.00239778$ & $0.00121298$ & $-0.0036071$ & $-0.0012502$ & $0.0054133$ & $0.0064341$ & $0.00565585$ & $0.00474098$ & $-0.00508394$ & $0.000753088$ & $-0.00473303$ & $0.00779634$ & $0.00352322$ & $0.0105364$ & $-0.00363339$ & $-0.0106253$ & $0.00106779$ & $0.00592926$ & $0.00328894$ & $0.00131749$ & $0.0107916$ & $0.00649245$ & $0.0105069$ & $-0.0126197$ & $1$ & $0.0252978$ & $-0.00336631$ & $-0.0107235$ & $0.00140517$ & $-0.00304845$ & $-0.00148199$ & $0.00157746$ & $0.0197812$ & $0.0303432$ \\
eHZgaint & $0.0806879$ & $0.010836$ & $-0.0757838$ & $0.00705194$ & $-0.000738088$ & $0.0018621$ & $-0.0259464$ & $0.00595044$ & $0.00215233$ & $-0.0584522$ & $-0.00202886$ & $-0.0256279$ & $0.0278162$ & $-0.00348641$ & $-0.000384441$ & $0.00817165$ & $-0.0124726$ & $-0.00788284$ & $-0.013333$ & $0.0019471$ & $0.00159254$ & $0.00245716$ & $0.00730903$ & $-0.0120991$ & $-0.0209746$ & $-0.0171617$ & $-0.00974104$ & $0.00342455$ & $0.00306556$ & $0.0250952$ & $0.0274614$ & $-0.0222611$ & $0.0281699$ & $0.00429928$ & $0.0260434$ & $0.0554206$ & $-0.0975772$ & $0.0119371$ & $-0.0276809$ & $0.0252978$ & $1$ & $-0.000761272$ & $-0.0493921$ & $0.0308735$ & $0.00821866$ & $-0.0447638$ & $0.0618753$ & $0.0510031$ & $-0.0295653$ \\
eHZgapar & $-0.00144003$ & $-0.00962118$ & $0.0195437$ & $-0.00890973$ & $0.0150358$ & $-0.00505797$ & $-0.0035449$ & $0.00153676$ & $0.000949502$ & $-0.00322226$ & $-0.00150773$ & $-0.00469322$ & $0.0061993$ & $0.00139179$ & $-0.00240689$ & $-0.00249237$ & $0.00301141$ & $0.00212609$ & $0.00158141$ & $0.000231854$ & $0.00185466$ & $0.00011235$ & $-0.00830409$ & $-0.0026833$ & $0.00419366$ & $0.00427395$ & $0.00609685$ & $-0.00964928$ & $0.00195985$ & $0.0107779$ & $0.000295784$ & $-0.000167318$ & $0.00664234$ & $0.00467173$ & $0.0111038$ & $0.0045595$ & $-0.0113851$ & $-0.00897367$ & $-0.00600187$ & $-0.00336631$ & $-0.000761272$ & $1$ & $-0.0064206$ & $-0.00309935$ & $0.0232962$ & $-0.0234894$ & $0.00462085$ & $-0.0221646$ & $0.00198525$ \\
eHgagaint & $0.0638624$ & $-0.0283117$ & $0.0126719$ & $-0.0602399$ & $0.00620572$ & $-0.00383599$ & $0.0185482$ & $-0.00507968$ & $0.047804$ & $0.000748162$ & $-0.00162252$ & $0.019589$ & $-0.0168315$ & $0.00462545$ & $0.0020321$ & $-0.00161626$ & $0.0147372$ & $0.0111587$ & $0.0148581$ & $0.00175836$ & $0.000710776$ & $0.00298436$ & $-0.000649503$ & $0.0111003$ & $0.00581328$ & $-0.00250125$ & $-0.0050264$ & $0.0129569$ & $-0.00143833$ & $-0.0252336$ & $0.0166632$ & $0.016132$ & $-0.0285959$ & $-0.00636986$ & $0.0229198$ & $-0.0676025$ & $0.011394$ & $0.00346495$ & $-0.0299807$ & $-0.0107235$ & $-0.0493921$ & $-0.0064206$ & $1$ & $0.00385341$ & $-0.0833988$ & $0.00636931$ & $0.0787086$ & $0.0729938$ & $-0.0620539$ \\
eHmumuint & $0.0837387$ & $-0.00631901$ & $0.120639$ & $-0.0722986$ & $-0.00682842$ & $-0.00816545$ & $0.00994903$ & $0.00802293$ & $0.00912542$ & $-0.00260853$ & $-0.0105002$ & $0.00859579$ & $-0.00732388$ & $0.004626$ & $0.00962231$ & $0.014011$ & $0.00705208$ & $0.00172015$ & $-0.00289969$ & $0.0119784$ & $0.00959851$ & $0.0094774$ & $-0.00941177$ & $-0.000984099$ & $-0.00548327$ & $-0.00631849$ & $-0.00505681$ & $0.00313147$ & $0.0109695$ & $-0.00204403$ & $-0.0182074$ & $0.0107968$ & $0.0306748$ & $0.0014793$ & $0.000720565$ & $0.0232315$ & $-0.0434933$ & $0.0166875$ & $0.0253326$ & $0.00140517$ & $0.0308735$ & $-0.00309935$ & $0.00385341$ & $1$ & $0.104411$ & $-0.137598$ & $-0.023301$ & $0.0506413$ & $0.098837$ \\
eHtautauint & $0.0479538$ & $0.0862342$ & $0.00628561$ & $-0.0588758$ & $-0.0112484$ & $0.00486939$ & $5.14363e-05$ & $-0.00220914$ & $-0.00738335$ & $0.000666686$ & $-0.000456659$ & $0.00705904$ & $-0.000325511$ & $0.00439885$ & $0.00925293$ & $0.0033472$ & $0.00134489$ & $-0.00188207$ & $0.00199244$ & $0.00234247$ & $0.000591388$ & $0.00041505$ & $0.00245117$ & $-0.00166362$ & $-0.00164364$ & $-0.00586297$ & $-0.00509491$ & $0.00124029$ & $-0.00500526$ & $0.0487932$ & $0.00804594$ & $0.00436281$ & $-0.00266307$ & $-0.00583606$ & $0.012929$ & $0.0395407$ & $-0.0207051$ & $0.00817035$ & $0.0186598$ & $-0.00304845$ & $0.00821866$ & $0.0232962$ & $-0.0833988$ & $0.104411$ & $1$ & $-0.0132249$ & $0.00377059$ & $-0.0182635$ & $-0.0145437$ \\
eHccint & $-0.0392794$ & $-0.0336294$ & $-0.00871844$ & $0.104127$ & $0.0173269$ & $0.000190859$ & $-0.0120815$ & $0.00371492$ & $0.00201565$ & $0.00367701$ & $-0.00506043$ & $-0.0108505$ & $0.00693627$ & $0.00518031$ & $0.0234257$ & $-0.00727319$ & $0.00362976$ & $-0.011538$ & $0.0115798$ & $0.00448937$ & $0.0040094$ & $0.00532373$ & $-0.00662503$ & $0.000331798$ & $-0.00533646$ & $-0.006828$ & $-0.0193987$ & $-0.0134793$ & $0.00778317$ & $-0.00845054$ & $0.0541472$ & $-0.016406$ & $-0.0104519$ & $-0.0206133$ & $-0.0151467$ & $-0.000344961$ & $0.115715$ & $0.000391787$ & $-0.0534219$ & $-0.00148199$ & $-0.0447638$ & $-0.0234894$ & $0.00636931$ & $-0.137598$ & $-0.0132249$ & $1$ & $-0.0218896$ & $0.0543324$ & $-0.0197607$ \\
eHccpar & $0.0204524$ & $-0.00429059$ & $0.0555954$ & $-0.0490856$ & $-0.00398843$ & $-0.0146012$ & $-0.00215943$ & $-0.00845806$ & $-0.00435046$ & $0.00265007$ & $0.000165086$ & $0.000838313$ & $-0.00424117$ & $0.00594147$ & $0.00363338$ & $0.00321889$ & $0.0205208$ & $0.0140316$ & $0.0148923$ & $0.000650408$ & $-0.000312278$ & $-0.000218478$ & $0.0119371$ & $0.0180061$ & $0.0169197$ & $-0.0104139$ & $-0.000814417$ & $0.0054261$ & $0.00208993$ & $-0.0143345$ & $0.297209$ & $-0.00495658$ & $0.00710173$ & $-0.00698318$ & $-0.0866695$ & $0.107173$ & $-0.0028431$ & $-0.00994937$ & $0.0318961$ & $0.00157746$ & $0.0618753$ & $0.00462085$ & $0.0787086$ & $-0.023301$ & $0.00377059$ & $-0.0218896$ & $1$ & $0.027663$ & $0.0423358$ \\
eHbbint & $0.0242869$ & $0.0205753$ & $-0.0150246$ & $0.130587$ & $-0.00832415$ & $0.00133132$ & $-0.0235571$ & $-0.00353018$ & $0.00113701$ & $-0.00477661$ & $-0.00391577$ & $-0.031503$ & $0.0269862$ & $0.0124786$ & $0.00550404$ & $-9.48957e-05$ & $0.0118552$ & $0.00971745$ & $0.0148255$ & $0.00425821$ & $0.00397501$ & $0.00485196$ & $-0.00113606$ & $0.0125107$ & $1.63808e-05$ & $-0.0139734$ & $-0.0198528$ & $-0.00200711$ & $0.00379822$ & $0.0274061$ & $0.0286552$ & $-0.0185529$ & $0.116966$ & $-0.00869016$ & $-0.00815349$ & $0.0913193$ & $-0.0149061$ & $0.00224095$ & $-0.0396981$ & $0.0197812$ & $0.0510031$ & $-0.0221646$ & $0.0729938$ & $0.0506413$ & $-0.0182635$ & $0.0543324$ & $0.027663$ & $1$ & $-0.0342267$ \\
eHbbpar & $-0.0544882$ & $-0.0879851$ & $-0.0514719$ & $0.0934258$ & $0.00157849$ & $0.0138081$ & $0.0121641$ & $0.00766308$ & $0.00469207$ & $0.00246323$ & $0.000997135$ & $0.0248722$ & $-0.0282026$ & $-0.0144567$ & $-0.0037103$ & $0.00528206$ & $-0.0109082$ & $-0.0120771$ & $-0.0178302$ & $-0.0030057$ & $-0.00222676$ & $-0.00224082$ & $0.00213384$ & $-0.00728937$ & $-0.0130244$ & $0.00267013$ & $-0.000958557$ & $0.0125101$ & $0.000254753$ & $-0.0267927$ & $0.00486161$ & $0.00989314$ & $0.277017$ & $0.00856279$ & $-0.0417489$ & $0.00765025$ & $0.0261299$ & $-0.00869906$ & $-0.073055$ & $0.0303432$ & $-0.0295653$ & $0.00198525$ & $-0.0620539$ & $0.098837$ & $-0.0145437$ & $-0.0197607$ & $0.0423358$ & $-0.0342267$ & $1$ \\
