 & AlsMz & dAle5Mz & mtop & mHl & Mz & CW & CHG & CHWB & CHWHB_gaga & CHWHB_gagaorth & CHD & CHbox & CH & CHL1_11 & CHL1_22 & CHL1_33 & CHL3_11 & CHL3_22 & CHL3_33 & CHe_11 & CHe_22 & CHe_33 & CHQ1_11 & CHQ1_33 & CHQ3_11 & CHu_11 & CHd_11 & CHd_33 & CeH_22r & CeH_33r & CuH_22r & CuH_33r & CdH_33r & CLL_1221 & eHggint & eHggpar & eHWWint & eHWWpar & eHZZint & eHZZpar & eHZgaint & eHZgapar & eHgagaint & eHmumuint & eHtautauint & eHccint & eHccpar & eHbbint & eHbbpar \\
AlsMz & $1$ & $0.0390401$ & $0.0126477$ & $-0.0161637$ & $0.0654242$ & $-0.0147953$ & $-0.0292574$ & $0.00508346$ & $0.00295817$ & $-0.0482246$ & $0.0182836$ & $-0.0173329$ & $0.0146453$ & $-0.0901804$ & $-0.0399589$ & $-0.00164941$ & $-0.0356121$ & $-0.0416138$ & $-0.0763117$ & $-0.0280392$ & $-0.0230168$ & $-0.032956$ & $0.0203552$ & $-0.0846313$ & $-0.162738$ & $-0.0352344$ & $-0.00875461$ & $0.0260445$ & $0.0733706$ & $0.0328381$ & $-0.0110402$ & $-0.0280845$ & $0.0557254$ & $0.0578958$ & $0.0137295$ & $0.0501189$ & $-0.0553807$ & $0.0470163$ & $0.0403424$ & $0.110205$ & $-0.0573506$ & $-0.045453$ & $0.0556836$ & $-0.0945614$ & $0.030156$ & $-0.00554367$ & $0.102724$ & $-0.0233013$ & $0.0790727$ \\
dAle5Mz & $0.0390401$ & $1$ & $-0.0799452$ & $-0.00907167$ & $-0.0288596$ & $0.0337613$ & $-0.0383134$ & $-0.0668163$ & $-0.0679259$ & $0.0384391$ & $0.04298$ & $-0.00920519$ & $0.029364$ & $-0.00166753$ & $-0.0429417$ & $0.00581334$ & $0.0248803$ & $0.0434799$ & $0.0156629$ & $-0.0278101$ & $-0.0240946$ & $-0.0265745$ & $-0.0463266$ & $0.0185151$ & $0.0404149$ & $0.0815697$ & $0.0257647$ & $-0.0337835$ & $0.0148305$ & $0.0349012$ & $0.0061935$ & $-0.022964$ & $0.0427919$ & $0.0416775$ & $0.0308796$ & $0.0404772$ & $-0.0839872$ & $-0.0505887$ & $-0.049664$ & $0.0597976$ & $0.0451503$ & $0.0264586$ & $-0.0606729$ & $0.0262879$ & $0.0339775$ & $0.0605155$ & $-0.0269187$ & $0.011144$ & $0.00417385$ \\
mtop & $0.0126477$ & $-0.0799452$ & $1$ & $0.00393878$ & $0.00238593$ & $0.0178823$ & $0.0376908$ & $0.0500636$ & $0.0539914$ & $-0.0949707$ & $-0.0231486$ & $-0.0095362$ & $-0.0154199$ & $0.00829185$ & $0.0347313$ & $-0.0328232$ & $-0.058916$ & $-0.0590541$ & $-0.0151848$ & $0.0280095$ & $0.0303268$ & $0.0300155$ & $0.0216329$ & $-0.0609159$ & $-0.0595199$ & $-0.00387175$ & $0.00514233$ & $-0.0325428$ & $0.00862818$ & $-0.0194602$ & $0.0504304$ & $0.0445716$ & $0.0677429$ & $-0.00888463$ & $-0.0449934$ & $-0.0283869$ & $0.0710882$ & $0.0758987$ & $0.0496963$ & $-0.0193392$ & $0.0378449$ & $-0.014125$ & $-0.0110887$ & $-0.0316107$ & $-0.00792184$ & $-0.101911$ & $-0.0347272$ & $0.0708872$ & $0.0435156$ \\
mHl & $-0.0161637$ & $-0.00907167$ & $0.00393878$ & $1$ & $0.0137679$ & $-0.0364037$ & $-0.0645902$ & $0.0431183$ & $0.0349466$ & $-0.0213118$ & $-0.0479365$ & $-0.0706288$ & $0.0609412$ & $0.0307055$ & $0.0261106$ & $-0.0387463$ & $0.0176566$ & $-0.00714415$ & $0.0441819$ & $0.0445737$ & $0.0507368$ & $0.0542382$ & $-0.010262$ & $7.62929e-05$ & $-0.00302366$ & $-0.0449192$ & $0.0256774$ & $-0.0180589$ & $0.0070777$ & $0.0406592$ & $-0.0512097$ & $-0.0690392$ & $0.0150471$ & $0.0164936$ & $0.0163068$ & $-0.00624921$ & $0.0577393$ & $-0.0632788$ & $-0.0273596$ & $0.0519653$ & $0.0560614$ & $0.0101067$ & $0.0033586$ & $-0.006766$ & $-0.0208753$ & $0.0837255$ & $-0.067908$ & $0.0360441$ & $0.0240992$ \\
Mz & $0.0654242$ & $-0.0288596$ & $0.00238593$ & $0.0137679$ & $1$ & $0.0317314$ & $0.0081448$ & $-0.0274807$ & $-0.0280979$ & $0.0554497$ & $0.0229789$ & $0.0148793$ & $-0.00665169$ & $0.0145545$ & $-0.0784711$ & $-0.0197957$ & $0.0165301$ & $0.062612$ & $0.0253063$ & $-0.0250064$ & $-0.0167444$ & $-0.0137141$ & $0.0016523$ & $0.0110455$ & $0.00404214$ & $0.0202243$ & $-0.0116901$ & $0.0185086$ & $0.0298849$ & $-0.0520909$ & $-0.0454618$ & $-0.000474186$ & $-0.0535202$ & $0.0399583$ & $0.0724721$ & $0.0962116$ & $-5.08168e-05$ & $-0.0234621$ & $0.00863498$ & $0.0512452$ & $-0.0194695$ & $0.0324042$ & $-0.0590834$ & $0.0458015$ & $-0.0149019$ & $-0.0361319$ & $-0.0125092$ & $-0.0472115$ & $0.0197858$ \\
CW & $-0.0147953$ & $0.0337613$ & $0.0178823$ & $-0.0364037$ & $0.0317314$ & $1$ & $0.0633439$ & $-0.051768$ & $-0.0417269$ & $0.0479792$ & $0.152279$ & $0.0669959$ & $-0.0180072$ & $-0.0112225$ & $-0.0984134$ & $-0.103044$ & $-0.353519$ & $-0.138382$ & $-0.13895$ & $-0.150132$ & $-0.154463$ & $-0.143884$ & $-0.0150066$ & $-0.102669$ & $-0.155606$ & $0.14333$ & $0.00230761$ & $-0.116628$ & $0.00182038$ & $0.00243821$ & $-0.0134638$ & $0.0680469$ & $-0.0179879$ & $-0.0913979$ & $-0.0144592$ & $0.0303101$ & $-0.0316742$ & $0.0224765$ & $-0.0201307$ & $0.0504254$ & $0.00403222$ & $0.0210173$ & $-0.0173035$ & $-0.0408016$ & $-0.0416415$ & $-0.0189282$ & $0.00215301$ & $0.0225067$ & $-0.0144305$ \\
CHG & $-0.0292574$ & $-0.0383134$ & $0.0376908$ & $-0.0645902$ & $0.0081448$ & $0.0633439$ & $1$ & $0.0560097$ & $0.0913565$ & $-0.0128803$ & $-0.00250254$ & $0.3451$ & $-0.390587$ & $-0.07794$ & $-0.0218347$ & $-0.0154814$ & $-0.0969276$ & $-0.0846885$ & $-0.0917552$ & $0.00209929$ & $0.00486272$ & $0.00639808$ & $0.0112546$ & $-0.103532$ & $-0.0948175$ & $-0.0369203$ & $0.0304182$ & $-0.0516283$ & $0.000771808$ & $-0.169008$ & $-0.111946$ & $0.910962$ & $-0.112148$ & $0.0707871$ & $-0.102521$ & $-0.0460488$ & $-0.0463364$ & $0.0261692$ & $0.0291113$ & $-0.0646127$ & $0.0556939$ & $-0.0427395$ & $0.0778795$ & $-0.02105$ & $-0.0133327$ & $-0.0183856$ & $0.0144039$ & $0.0620172$ & $0.0791774$ \\
CHWB & $0.00508346$ & $-0.0668163$ & $0.0500636$ & $0.0431183$ & $-0.0274807$ & $-0.051768$ & $0.0560097$ & $1$ & $0.989067$ & $-0.569222$ & $-0.874684$ & $-0.167301$ & $0.0240677$ & $0.241526$ & $0.457455$ & $0.363974$ & $-0.231439$ & $-0.435907$ & $-0.388402$ & $0.854495$ & $0.889425$ & $0.878588$ & $0.0354291$ & $-0.642222$ & $-0.371647$ & $-0.601446$ & $0.452242$ & $0.348076$ & $-0.0142458$ & $0.0638302$ & $0.00631086$ & $0.0108652$ & $0.0281899$ & $0.531299$ & $-0.099248$ & $-0.0458523$ & $-0.000641656$ & $0.0178396$ & $0.0406063$ & $0.0371775$ & $0.0663303$ & $-0.00412359$ & $-0.0401857$ & $-0.0594357$ & $-0.0401619$ & $-0.0073267$ & $-0.0340678$ & $-0.000125975$ & $-0.0294238$ \\
CHWHB_gaga & $0.00295817$ & $-0.0679259$ & $0.0539914$ & $0.0349466$ & $-0.0280979$ & $-0.0417269$ & $0.0913565$ & $0.989067$ & $1$ & $-0.564053$ & $-0.85464$ & $-0.155857$ & $0.0231497$ & $0.221267$ & $0.448353$ & $0.352462$ & $-0.250625$ & $-0.449076$ & $-0.401117$ & $0.83482$ & $0.869498$ & $0.859128$ & $0.0320914$ & $-0.650844$ & $-0.385366$ & $-0.586532$ & $0.447182$ & $0.333106$ & $-0.00283958$ & $0.0833444$ & $0.0164318$ & $0.0403215$ & $0.0525441$ & $0.527138$ & $-0.104678$ & $-0.0525679$ & $-0.0102858$ & $0.00755791$ & $0.0368069$ & $0.0335563$ & $0.0582683$ & $-0.0103609$ & $0.0192265$ & $-0.0737135$ & $-0.0437202$ & $-0.0104275$ & $-0.0366089$ & $-0.00460182$ & $-0.0252929$ \\
CHWHB_gagaorth & $-0.0482246$ & $0.0384391$ & $-0.0949707$ & $-0.0213118$ & $0.0554497$ & $0.0479792$ & $-0.0128803$ & $-0.569222$ & $-0.564053$ & $1$ & $0.465371$ & $0.361596$ & $-0.0639426$ & $-0.0847331$ & $-0.240955$ & $-0.183543$ & $0.199585$ & $0.302106$ & $0.2677$ & $-0.453192$ & $-0.474409$ & $-0.46877$ & $-0.0116302$ & $0.414098$ & $0.273429$ & $0.311853$ & $-0.259335$ & $-0.184377$ & $0.000433218$ & $-0.0788372$ & $-0.0227184$ & $0.0419855$ & $-0.115861$ & $-0.311968$ & $0.127883$ & $0.129364$ & $-0.0287314$ & $-0.0412474$ & $0.00334425$ & $-0.0350675$ & $-0.0597263$ & $-0.0160375$ & $-0.0375526$ & $0.117668$ & $-0.0019821$ & $0.0634646$ & $-0.00875725$ & $0.00497917$ & $-0.046639$ \\
CHD & $0.0182836$ & $0.04298$ & $-0.0231486$ & $-0.0479365$ & $0.0229789$ & $0.152279$ & $-0.00250254$ & $-0.874684$ & $-0.85464$ & $0.465371$ & $1$ & $0.24387$ & $-0.0632585$ & $-0.639411$ & $-0.576174$ & $-0.509226$ & $-0.238346$ & $0.0162012$ & $-0.0262027$ & $-0.994427$ & $-0.994777$ & $-0.980543$ & $0.0457034$ & $0.234275$ & $-0.0576965$ & $0.665959$ & $-0.305368$ & $-0.403668$ & $0.0257995$ & $-0.0759568$ & $-0.0267246$ & $0.0429247$ & $-0.0479737$ & $-0.323805$ & $0.0866337$ & $0.0694702$ & $0.00905993$ & $-0.00723515$ & $-0.0361338$ & $-0.0320614$ & $-0.0527853$ & $-0.0179871$ & $0.0577468$ & $0.025385$ & $0.0457984$ & $-0.0624622$ & $0.0615594$ & $-0.0181935$ & $0.0331505$ \\
CHbox & $-0.0173329$ & $-0.00920519$ & $-0.0095362$ & $-0.0706288$ & $0.0148793$ & $0.0669959$ & $0.3451$ & $-0.167301$ & $-0.155857$ & $0.361596$ & $0.24387$ & $1$ & $-0.898383$ & $-0.211637$ & $-0.107979$ & $-0.102857$ & $-0.167886$ & $-0.102577$ & $-0.107912$ & $-0.23655$ & $-0.246402$ & $-0.232599$ & $0.0323294$ & $-0.0217972$ & $-0.0907546$ & $0.150738$ & $-0.0499063$ & $-0.100998$ & $-0.0444322$ & $-0.175633$ & $-0.0886309$ & $0.330806$ & $-0.190785$ & $-0.0840042$ & $0.0200045$ & $-0.00742442$ & $-0.024232$ & $0.00110953$ & $-0.0431051$ & $0.0190645$ & $-0.0241427$ & $-0.0368734$ & $0.014866$ & $0.0717954$ & $0.0151919$ & $-0.0759017$ & $0.0796679$ & $-0.0228516$ & $-0.0646086$ \\
CH & $0.0146453$ & $0.029364$ & $-0.0154199$ & $0.0609412$ & $-0.00665169$ & $-0.0180072$ & $-0.390587$ & $0.0240677$ & $0.0231497$ & $-0.0639426$ & $-0.0632585$ & $-0.898383$ & $1$ & $0.0684036$ & $0.0364273$ & $0.0397816$ & $0.0914427$ & $0.0586934$ & $0.0528088$ & $0.0619687$ & $0.0643657$ & $0.0520097$ & $-0.0284164$ & $0.0424429$ & $0.039216$ & $-0.0297104$ & $-0.0252451$ & $0.0200265$ & $0.0729578$ & $0.299745$ & $0.124088$ & $-0.314788$ & $0.300072$ & $0.00983438$ & $0.0448486$ & $0.0729821$ & $0.0112635$ & $-0.0120356$ & $0.0381657$ & $-0.024514$ & $0.00336951$ & $0.0303376$ & $-0.0226196$ & $-0.046917$ & $-0.0155947$ & $0.0924223$ & $-0.0844488$ & $0.0312611$ & $0.0521437$ \\
CHL1_11 & $-0.0901804$ & $-0.00166753$ & $0.00829185$ & $0.0307055$ & $0.0145545$ & $-0.0112225$ & $-0.07794$ & $0.241526$ & $0.221267$ & $-0.0847331$ & $-0.639411$ & $-0.211637$ & $0.0684036$ & $1$ & $0.409207$ & $0.412419$ & $0.632406$ & $0.58195$ & $0.596837$ & $0.654415$ & $0.606831$ & $0.600557$ & $-0.138426$ & $0.45346$ & $0.609659$ & $-0.386392$ & $-0.0676875$ & $0.240858$ & $-0.056313$ & $0.0568179$ & $0.0332444$ & $-0.104959$ & $0.0397286$ & $-0.20218$ & $-0.0425103$ & $-0.0719403$ & $-0.0140616$ & $-0.0044589$ & $-0.0325704$ & $0.0102929$ & $-0.00355047$ & $0.0455964$ & $-0.0538499$ & $0.0504045$ & $-0.0207564$ & $0.0934501$ & $-0.074396$ & $0.0336984$ & $-0.0338555$ \\
CHL1_22 & $-0.0399589$ & $-0.0429417$ & $0.0347313$ & $0.0261106$ & $-0.0784711$ & $-0.0984134$ & $-0.0218347$ & $0.457455$ & $0.448353$ & $-0.240955$ & $-0.576174$ & $-0.107979$ & $0.0364273$ & $0.409207$ & $1$ & $0.506139$ & $0.1708$ & $-0.319285$ & $0.00534699$ & $0.620318$ & $0.51908$ & $0.502474$ & $-0.228901$ & $0.0224391$ & $-0.0771226$ & $-0.325902$ & $-0.292135$ & $0.17692$ & $0.0317117$ & $0.112793$ & $0.0119082$ & $-0.0357896$ & $0.060505$ & $-0.469104$ & $-0.0513773$ & $-0.0654118$ & $-0.0600031$ & $-0.00792538$ & $-0.00709018$ & $0.0608365$ & $-0.00189012$ & $0.00895115$ & $0.014736$ & $-0.0389278$ & $0.0244191$ & $0.0928239$ & $-0.0942211$ & $0.0286034$ & $-0.0234988$ \\
CHL1_33 & $-0.00164941$ & $0.00581334$ & $-0.0328232$ & $-0.0387463$ & $-0.0197957$ & $-0.103044$ & $-0.0154814$ & $0.363974$ & $0.352462$ & $-0.183543$ & $-0.509226$ & $-0.102857$ & $0.0397816$ & $0.412419$ & $0.506139$ & $1$ & $0.21031$ & $0.0568434$ & $-0.268877$ & $0.558379$ & $0.45091$ & $0.456153$ & $-0.214804$ & $0.117975$ & $-0.00710877$ & $-0.283576$ & $-0.309244$ & $0.155487$ & $0.0304749$ & $0.0180358$ & $0.00688066$ & $-0.0388363$ & $-0.00356406$ & $-0.0865699$ & $-0.00802212$ & $0.0098441$ & $-0.0253715$ & $0.000248022$ & $0.00568918$ & $0.0791597$ & $0.0534046$ & $0.0312072$ & $-0.0617012$ & $0.00846636$ & $-0.0264463$ & $0.0784233$ & $-0.0458271$ & $0.0238132$ & $-0.0484056$ \\
CHL3_11 & $-0.0356121$ & $0.0248803$ & $-0.058916$ & $0.0176566$ & $0.0165301$ & $-0.353519$ & $-0.0969276$ & $-0.231439$ & $-0.250625$ & $0.199585$ & $-0.238346$ & $-0.167886$ & $0.0914427$ & $0.632406$ & $0.1708$ & $0.21031$ & $1$ & $0.813863$ & $0.813476$ & $0.254834$ & $0.214785$ & $0.205946$ & $-0.113066$ & $0.745355$ & $0.847025$ & $-0.144099$ & $-0.187294$ & $0.139327$ & $-0.00417896$ & $0.0136307$ & $0.0500642$ & $-0.0954216$ & $0.0488859$ & $-0.253984$ & $0.039327$ & $-0.0376641$ & $-0.00897436$ & $-0.0347166$ & $0.0256343$ & $-0.0149393$ & $-0.0184455$ & $0.0469071$ & $-0.0345312$ & $0.0637513$ & $-0.0177541$ & $0.135995$ & $-0.0472075$ & $0.0294779$ & $0.0071688$ \\
CHL3_22 & $-0.0416138$ & $0.0434799$ & $-0.0590541$ & $-0.00714415$ & $0.062612$ & $-0.138382$ & $-0.0846885$ & $-0.435907$ & $-0.449076$ & $0.302106$ & $0.0162012$ & $-0.102577$ & $0.0586934$ & $0.58195$ & $-0.319285$ & $0.0568434$ & $0.813863$ & $1$ & $0.773682$ & $-0.0118451$ & $-0.0224157$ & $-0.0181365$ & $-0.028069$ & $0.75314$ & $0.870014$ & $0.013494$ & $-0.097963$ & $0.031959$ & $-0.038321$ & $-0.0391596$ & $0.0350922$ & $-0.0823555$ & $0.00511587$ & $-0.0890253$ & $0.0408763$ & $-0.00845649$ & $0.0228761$ & $-0.0148367$ & $-0.0033708$ & $-0.0387447$ & $-0.0210159$ & $0.0421546$ & $-0.0482679$ & $0.0911372$ & $-0.0308402$ & $0.0821157$ & $-0.00457565$ & $0.021931$ & $0.00374927$ \\
CHL3_33 & $-0.0763117$ & $0.0156629$ & $-0.0151848$ & $0.0441819$ & $0.0253063$ & $-0.13895$ & $-0.0917552$ & $-0.388402$ & $-0.401117$ & $0.2677$ & $-0.0262027$ & $-0.107912$ & $0.0528088$ & $0.596837$ & $0.00534699$ & $-0.268877$ & $0.813476$ & $0.773682$ & $1$ & $0.0269652$ & $0.0218177$ & $0.0257743$ & $-0.0355785$ & $0.712558$ & $0.856812$ & $-0.0165318$ & $-0.0815403$ & $0.0532908$ & $-0.0442372$ & $0.00838133$ & $0.0327603$ & $-0.0873608$ & $0.0433399$ & $-0.354816$ & $0.0232621$ & $-0.0680722$ & $-0.00927314$ & $-0.0209004$ & $-0.02103$ & $-0.0582382$ & $-0.0596395$ & $0.0319185$ & $-0.00318889$ & $0.0644686$ & $-0.0151443$ & $0.0922459$ & $-0.0447675$ & $0.0221956$ & $0.0234231$ \\
CHe_11 & $-0.0280392$ & $-0.0278101$ & $0.0280095$ & $0.0445737$ & $-0.0250064$ & $-0.150132$ & $0.00209929$ & $0.854495$ & $0.83482$ & $-0.453192$ & $-0.994427$ & $-0.23655$ & $0.0619687$ & $0.654415$ & $0.620318$ & $0.558379$ & $0.254834$ & $-0.0118451$ & $0.0269652$ & $1$ & $0.983717$ & $0.96972$ & $-0.0720701$ & $-0.195844$ & $0.0655687$ & $-0.653555$ & $0.246063$ & $0.391406$ & $-0.0225072$ & $0.0787696$ & $0.0255603$ & $-0.0444809$ & $0.0478277$ & $0.262668$ & $-0.0903887$ & $-0.0730903$ & $-0.0135744$ & $0.0106376$ & $0.032657$ & $0.0356034$ & $0.0493316$ & $0.0169603$ & $-0.061189$ & $-0.0237355$ & $-0.0453742$ & $0.0739352$ & $-0.0660439$ & $0.0248592$ & $-0.0343677$ \\
CHe_22 & $-0.0230168$ & $-0.0240946$ & $0.0303268$ & $0.0507368$ & $-0.0167444$ & $-0.154463$ & $0.00486272$ & $0.889425$ & $0.869498$ & $-0.474409$ & $-0.994777$ & $-0.246402$ & $0.0643657$ & $0.606831$ & $0.51908$ & $0.45091$ & $0.214785$ & $-0.0224157$ & $0.0218177$ & $0.983717$ & $1$ & $0.984791$ & $-0.0208144$ & $-0.277525$ & $0.0466328$ & $-0.668936$ & $0.368918$ & $0.410102$ & $-0.0296623$ & $0.0723763$ & $0.0288658$ & $-0.0416358$ & $0.046594$ & $0.394114$ & $-0.0868235$ & $-0.06965$ & $-0.00728916$ & $0.009032$ & $0.0396665$ & $0.0251604$ & $0.0553193$ & $0.0176609$ & $-0.0592904$ & $-0.0246646$ & $-0.045022$ & $0.0516193$ & $-0.0603279$ & $0.0156229$ & $-0.0325872$ \\
CHe_33 & $-0.032956$ & $-0.0265745$ & $0.0300155$ & $0.0542382$ & $-0.0137141$ & $-0.143884$ & $0.00639808$ & $0.878588$ & $0.859128$ & $-0.46877$ & $-0.980543$ & $-0.232599$ & $0.0520097$ & $0.600557$ & $0.502474$ & $0.456153$ & $0.205946$ & $-0.0181365$ & $0.0257743$ & $0.96972$ & $0.984791$ & $1$ & $-0.0139384$ & $-0.277437$ & $0.0518744$ & $-0.663285$ & $0.374924$ & $0.409096$ & $-0.0315678$ & $0.0581446$ & $0.0167975$ & $-0.0428462$ & $0.0418609$ & $0.397475$ & $-0.0802655$ & $-0.0626142$ & $-0.0122975$ & $0.00676074$ & $0.0354041$ & $0.0293541$ & $0.047229$ & $0.0114303$ & $-0.0570106$ & $-0.0229686$ & $-0.0666042$ & $0.0520619$ & $-0.0633337$ & $0.0184564$ & $-0.0321397$ \\
CHQ1_11 & $0.0203552$ & $-0.0463266$ & $0.0216329$ & $-0.010262$ & $0.0016523$ & $-0.0150066$ & $0.0112546$ & $0.0354291$ & $0.0320914$ & $-0.0116302$ & $0.0457034$ & $0.0323294$ & $-0.0284164$ & $-0.138426$ & $-0.228901$ & $-0.214804$ & $-0.113066$ & $-0.028069$ & $-0.0355785$ & $-0.0720701$ & $-0.0208144$ & $-0.0139384$ & $1$ & $-0.159203$ & $0.0189742$ & $-0.557507$ & $0.369619$ & $-0.0263085$ & $-0.0259526$ & $-0.00773621$ & $0.0772902$ & $0.0327501$ & $0.027415$ & $0.247321$ & $0.0343183$ & $-0.00899749$ & $0.0524931$ & $0.0331689$ & $0.0469342$ & $0.0262917$ & $-0.0139273$ & $-0.0523227$ & $0.0210052$ & $-0.0109264$ & $-0.0560295$ & $-0.037277$ & $0.0746019$ & $0.00979677$ & $0.0314073$ \\
CHQ1_33 & $-0.0846313$ & $0.0185151$ & $-0.0609159$ & $7.62929e-05$ & $0.0110455$ & $-0.102669$ & $-0.103532$ & $-0.642222$ & $-0.650844$ & $0.414098$ & $0.234275$ & $-0.0217972$ & $0.0424429$ & $0.45346$ & $0.0224391$ & $0.117975$ & $0.745355$ & $0.75314$ & $0.712558$ & $-0.195844$ & $-0.277525$ & $-0.277437$ & $-0.159203$ & $1$ & $0.749246$ & $0.207421$ & $-0.440356$ & $-0.0237955$ & $-0.00865809$ & $-0.0145278$ & $0.00743508$ & $-0.0857353$ & $0.00217851$ & $-0.612083$ & $0.0679803$ & $-0.0127358$ & $-0.0228071$ & $-0.0319558$ & $-0.0237439$ & $-0.0130994$ & $-0.0465669$ & $0.0240072$ & $-0.0105334$ & $0.0795156$ & $0.013348$ & $0.109905$ & $-0.0348586$ & $0.0207595$ & $-0.00771038$ \\
CHQ3_11 & $-0.162738$ & $0.0404149$ & $-0.0595199$ & $-0.00302366$ & $0.00404214$ & $-0.155606$ & $-0.0948175$ & $-0.371647$ & $-0.385366$ & $0.273429$ & $-0.0576965$ & $-0.0907546$ & $0.039216$ & $0.609659$ & $-0.0771226$ & $-0.00710877$ & $0.847025$ & $0.870014$ & $0.856812$ & $0.0655687$ & $0.0466328$ & $0.0518744$ & $0.0189742$ & $0.749246$ & $1$ & $-0.0130323$ & $0.0783461$ & $0.0471153$ & $-0.0630296$ & $-0.0182275$ & $0.0484231$ & $-0.0854796$ & $0.0242581$ & $-0.239233$ & $0.0488012$ & $-0.0501933$ & $0.0332058$ & $-0.00533216$ & $-0.0123424$ & $-0.0733441$ & $-0.0207608$ & $0.0541442$ & $-0.00790787$ & $0.0754358$ & $-0.037426$ & $0.100172$ & $-0.0392572$ & $0.03902$ & $-0.00435112$ \\
CHu_11 & $-0.0352344$ & $0.0815697$ & $-0.00387175$ & $-0.0449192$ & $0.0202243$ & $0.14333$ & $-0.0369203$ & $-0.601446$ & $-0.586532$ & $0.311853$ & $0.665959$ & $0.150738$ & $-0.0297104$ & $-0.386392$ & $-0.325902$ & $-0.283576$ & $-0.144099$ & $0.013494$ & $-0.0165318$ & $-0.653555$ & $-0.668936$ & $-0.663285$ & $-0.557507$ & $0.207421$ & $-0.0130323$ & $1$ & $-0.223549$ & $-0.234449$ & $0.00640917$ & $-0.050847$ & $-0.0688291$ & $-0.00894782$ & $-0.0565887$ & $-0.29433$ & $0.0394343$ & $0.0406992$ & $-0.00383686$ & $-0.0240098$ & $-0.0678112$ & $-0.0513057$ & $-0.0133393$ & $0.0134906$ & $0.0229669$ & $0.0198448$ & $0.0433359$ & $-0.0411561$ & $-0.0106553$ & $-0.0433833$ & $-0.0175109$ \\
CHd_11 & $-0.00875461$ & $0.0257647$ & $0.00514233$ & $0.0256774$ & $-0.0116901$ & $0.00230761$ & $0.0304182$ & $0.452242$ & $0.447182$ & $-0.259335$ & $-0.305368$ & $-0.0499063$ & $-0.0252451$ & $-0.0676875$ & $-0.292135$ & $-0.309244$ & $-0.187294$ & $-0.097963$ & $-0.0815403$ & $0.246063$ & $0.368918$ & $0.374924$ & $0.369619$ & $-0.440356$ & $0.0783461$ & $-0.223549$ & $1$ & $0.156658$ & $-0.0823493$ & $-0.0243151$ & $0.0160993$ & $0.0193563$ & $0.00794581$ & $0.714554$ & $-0.0191763$ & $-0.0344874$ & $0.0652846$ & $0.0330329$ & $0.0398987$ & $-0.0596237$ & $0.0501644$ & $-0.00154963$ & $0.00765002$ & $-0.0314186$ & $-0.0738046$ & $-0.0491752$ & $0.0184309$ & $-0.00770165$ & $-0.00580596$ \\
CHd_33 & $0.0260445$ & $-0.0337835$ & $-0.0325428$ & $-0.0180589$ & $0.0185086$ & $-0.116628$ & $-0.0516283$ & $0.348076$ & $0.333106$ & $-0.184377$ & $-0.403668$ & $-0.100998$ & $0.0200265$ & $0.240858$ & $0.17692$ & $0.155487$ & $0.139327$ & $0.031959$ & $0.0532908$ & $0.391406$ & $0.410102$ & $0.409096$ & $-0.0263085$ & $-0.0237955$ & $0.0471153$ & $-0.234449$ & $0.156658$ & $1$ & $0.0340953$ & $0.0609736$ & $0.0167262$ & $-0.0729201$ & $-0.0234133$ & $0.194283$ & $0.00215572$ & $-0.0449192$ & $0.00802147$ & $-0.0502713$ & $-0.0231678$ & $0.00788484$ & $0.0763109$ & $-0.0148499$ & $-0.0301289$ & $-0.0232995$ & $0.0029231$ & $-0.0173647$ & $-0.00709258$ & $-0.0839163$ & $-0.0504564$ \\
CeH_22r & $0.0733706$ & $0.0148305$ & $0.00862818$ & $0.0070777$ & $0.0298849$ & $0.00182038$ & $0.000771808$ & $-0.0142458$ & $-0.00283958$ & $0.000433218$ & $0.0257995$ & $-0.0444322$ & $0.0729578$ & $-0.056313$ & $0.0317117$ & $0.0304749$ & $-0.00417896$ & $-0.038321$ & $-0.0442372$ & $-0.0225072$ & $-0.0296623$ & $-0.0315678$ & $-0.0259526$ & $-0.00865809$ & $-0.0630296$ & $0.00640917$ & $-0.0823493$ & $0.0340953$ & $1$ & $0.0706704$ & $0.0366297$ & $-0.00643752$ & $0.0891598$ & $-0.0190726$ & $0.0124098$ & $-0.00586917$ & $-0.0269465$ & $-0.0666351$ & $0.0422181$ & $0.0971897$ & $-0.0333912$ & $0.0169652$ & $0.0129422$ & $-0.0783284$ & $0.0582569$ & $0.0941272$ & $-0.0716383$ & $0.026482$ & $0.0361972$ \\
CeH_33r & $0.0328381$ & $0.0349012$ & $-0.0194602$ & $0.0406592$ & $-0.0520909$ & $0.00243821$ & $-0.169008$ & $0.0638302$ & $0.0833444$ & $-0.0788372$ & $-0.0759568$ & $-0.175633$ & $0.299745$ & $0.0568179$ & $0.112793$ & $0.0180358$ & $0.0136307$ & $-0.0391596$ & $0.00838133$ & $0.0787696$ & $0.0723763$ & $0.0581446$ & $-0.00773621$ & $-0.0145278$ & $-0.0182275$ & $-0.050847$ & $-0.0243151$ & $0.0609736$ & $0.0706704$ & $1$ & $0.310346$ & $0.0337789$ & $0.660734$ & $-0.0414113$ & $-0.0245435$ & $0.0111294$ & $-0.13753$ & $-0.0566039$ & $-0.00979625$ & $0.0513009$ & $0.0011484$ & $0.0501253$ & $-0.0149096$ & $-0.0328261$ & $0.0930171$ & $0.0471991$ & $-0.0394067$ & $0.0586404$ & $-0.0161804$ \\
CuH_22r & $-0.0110402$ & $0.0061935$ & $0.0504304$ & $-0.0512097$ & $-0.0454618$ & $-0.0134638$ & $-0.111946$ & $0.00631086$ & $0.0164318$ & $-0.0227184$ & $-0.0267246$ & $-0.0886309$ & $0.124088$ & $0.0332444$ & $0.0119082$ & $0.00688066$ & $0.0500642$ & $0.0350922$ & $0.0327603$ & $0.0255603$ & $0.0288658$ & $0.0167975$ & $0.0772902$ & $0.00743508$ & $0.0484231$ & $-0.0688291$ & $0.0160993$ & $0.0167262$ & $0.0366297$ & $0.310346$ & $1$ & $0.0199181$ & $0.396114$ & $0.00718086$ & $-0.0370267$ & $-0.0168119$ & $-0.0646581$ & $-0.0242159$ & $0.0767045$ & $0.03695$ & $0.0212479$ & $0.0548804$ & $-0.019932$ & $-0.0383684$ & $0.086394$ & $0.0947202$ & $0.328857$ & $0.0926845$ & $-0.0121674$ \\
CuH_33r & $-0.0280845$ & $-0.022964$ & $0.0445716$ & $-0.0690392$ & $-0.000474186$ & $0.0680469$ & $0.910962$ & $0.0108652$ & $0.0403215$ & $0.0419855$ & $0.0429247$ & $0.330806$ & $-0.314788$ & $-0.104959$ & $-0.0357896$ & $-0.0388363$ & $-0.0954216$ & $-0.0823555$ & $-0.0873608$ & $-0.0444809$ & $-0.0416358$ & $-0.0428462$ & $0.0327501$ & $-0.0857353$ & $-0.0854796$ & $-0.00894782$ & $0.0193563$ & $-0.0729201$ & $-0.00643752$ & $0.0337789$ & $0.0199181$ & $1$ & $0.115254$ & $0.0443979$ & $-0.0486946$ & $0.0018777$ & $-0.057011$ & $0.0162064$ & $0.0335969$ & $-0.057624$ & $0.0572222$ & $-0.0376292$ & $0.0949445$ & $-0.0221253$ & $0.00104816$ & $-0.021087$ & $0.0311742$ & $0.0999775$ & $0.0827357$ \\
CdH_33r & $0.0557254$ & $0.0427919$ & $0.0677429$ & $0.0150471$ & $-0.0535202$ & $-0.0179879$ & $-0.112148$ & $0.0281899$ & $0.0525441$ & $-0.115861$ & $-0.0479737$ & $-0.190785$ & $0.300072$ & $0.0397286$ & $0.060505$ & $-0.00356406$ & $0.0488859$ & $0.00511587$ & $0.0433399$ & $0.0478277$ & $0.046594$ & $0.0418609$ & $0.027415$ & $0.00217851$ & $0.0242581$ & $-0.0565887$ & $0.00794581$ & $-0.0234133$ & $0.0891598$ & $0.660734$ & $0.396114$ & $0.115254$ & $1$ & $-0.0112216$ & $-0.0509292$ & $0.00150775$ & $-0.16588$ & $-0.0237639$ & $0.0149784$ & $-0.033242$ & $-0.000733692$ & $0.0325738$ & $0.0386947$ & $-0.0468159$ & $-0.0293661$ & $0.0705369$ & $0.00910534$ & $0.23601$ & $0.441297$ \\
CLL_1221 & $0.0578958$ & $0.0416775$ & $-0.00888463$ & $0.0164936$ & $0.0399583$ & $-0.0913979$ & $0.0707871$ & $0.531299$ & $0.527138$ & $-0.311968$ & $-0.323805$ & $-0.0840042$ & $0.00983438$ & $-0.20218$ & $-0.469104$ & $-0.0865699$ & $-0.253984$ & $-0.0890253$ & $-0.354816$ & $0.262668$ & $0.394114$ & $0.397475$ & $0.247321$ & $-0.612083$ & $-0.239233$ & $-0.29433$ & $0.714554$ & $0.194283$ & $-0.0190726$ & $-0.0414113$ & $0.00718086$ & $0.0443979$ & $-0.0112216$ & $1$ & $-0.0353905$ & $0.027961$ & $0.0484753$ & $0.00499897$ & $0.0666046$ & $-0.00883859$ & $0.0740158$ & $-0.00256512$ & $-0.0555677$ & $-0.0179877$ & $-0.0616942$ & $-0.0691897$ & $0.0501097$ & $-0.0249688$ & $0.00413041$ \\
eHggint & $0.0137295$ & $0.0308796$ & $-0.0449934$ & $0.0163068$ & $0.0724721$ & $-0.0144592$ & $-0.102521$ & $-0.099248$ & $-0.104678$ & $0.127883$ & $0.0866337$ & $0.0200045$ & $0.0448486$ & $-0.0425103$ & $-0.0513773$ & $-0.00802212$ & $0.039327$ & $0.0408763$ & $0.0232621$ & $-0.0903887$ & $-0.0868235$ & $-0.0802655$ & $0.0343183$ & $0.0679803$ & $0.0488012$ & $0.0394343$ & $-0.0191763$ & $0.00215572$ & $0.0124098$ & $-0.0245435$ & $-0.0370267$ & $-0.0486946$ & $-0.0509292$ & $-0.0353905$ & $1$ & $-0.0826609$ & $0.0035697$ & $-0.0485267$ & $0.0142019$ & $0.0355247$ & $-0.0541004$ & $0.0575765$ & $0.0745394$ & $-0.017617$ & $0.0131189$ & $0.0393195$ & $-0.081985$ & $0.00641884$ & $0.00317906$ \\
eHggpar & $0.0501189$ & $0.0404772$ & $-0.0283869$ & $-0.00624921$ & $0.0962116$ & $0.0303101$ & $-0.0460488$ & $-0.0458523$ & $-0.0525679$ & $0.129364$ & $0.0694702$ & $-0.00742442$ & $0.0729821$ & $-0.0719403$ & $-0.0654118$ & $0.0098441$ & $-0.0376641$ & $-0.00845649$ & $-0.0680722$ & $-0.0730903$ & $-0.06965$ & $-0.0626142$ & $-0.00899749$ & $-0.0127358$ & $-0.0501933$ & $0.0406992$ & $-0.0344874$ & $-0.0449192$ & $-0.00586917$ & $0.0111294$ & $-0.0168119$ & $0.0018777$ & $0.00150775$ & $0.027961$ & $-0.0826609$ & $1$ & $0.0297049$ & $0.0172438$ & $0.0972348$ & $0.0455247$ & $0.0184703$ & $-0.0160192$ & $-0.0110984$ & $-0.00448896$ & $0.0460344$ & $-0.0816082$ & $-0.0305815$ & $0.0160536$ & $0.0406842$ \\
eHWWint & $-0.0553807$ & $-0.0839872$ & $0.0710882$ & $0.0577393$ & $-5.08168e-05$ & $-0.0316742$ & $-0.0463364$ & $-0.000641656$ & $-0.0102858$ & $-0.0287314$ & $0.00905993$ & $-0.024232$ & $0.0112635$ & $-0.0140616$ & $-0.0600031$ & $-0.0253715$ & $-0.00897436$ & $0.0228761$ & $-0.00927314$ & $-0.0135744$ & $-0.00728916$ & $-0.0122975$ & $0.0524931$ & $-0.0228071$ & $0.0332058$ & $-0.00383686$ & $0.0652846$ & $0.00802147$ & $-0.0269465$ & $-0.13753$ & $-0.0646581$ & $-0.057011$ & $-0.16588$ & $0.0484753$ & $0.0035697$ & $0.0297049$ & $1$ & $0.017305$ & $-0.00045272$ & $-0.0680142$ & $-0.0291098$ & $-0.0258598$ & $0.023485$ & $0.0086027$ & $-0.0279545$ & $-0.0746633$ & $0.0368566$ & $0.0178994$ & $-0.0332394$ \\
eHWWpar & $0.0470163$ & $-0.0505887$ & $0.0758987$ & $-0.0632788$ & $-0.0234621$ & $0.0224765$ & $0.0261692$ & $0.0178396$ & $0.00755791$ & $-0.0412474$ & $-0.00723515$ & $0.00110953$ & $-0.0120356$ & $-0.0044589$ & $-0.00792538$ & $0.000248022$ & $-0.0347166$ & $-0.0148367$ & $-0.0209004$ & $0.0106376$ & $0.009032$ & $0.00676074$ & $0.0331689$ & $-0.0319558$ & $-0.00533216$ & $-0.0240098$ & $0.0330329$ & $-0.0502713$ & $-0.0666351$ & $-0.0566039$ & $-0.0242159$ & $0.0162064$ & $-0.0237639$ & $0.00499897$ & $-0.0485267$ & $0.0172438$ & $0.017305$ & $1$ & $0.0762851$ & $0.0174071$ & $0.0222563$ & $-0.0646035$ & $0.0141083$ & $-0.0239792$ & $0.018765$ & $-0.065196$ & $-0.0112818$ & $-0.0026748$ & $0.00531118$ \\
eHZZint & $0.0403424$ & $-0.049664$ & $0.0496963$ & $-0.0273596$ & $0.00863498$ & $-0.0201307$ & $0.0291113$ & $0.0406063$ & $0.0368069$ & $0.00334425$ & $-0.0361338$ & $-0.0431051$ & $0.0381657$ & $-0.0325704$ & $-0.00709018$ & $0.00568918$ & $0.0256343$ & $-0.0033708$ & $-0.02103$ & $0.032657$ & $0.0396665$ & $0.0354041$ & $0.0469342$ & $-0.0237439$ & $-0.0123424$ & $-0.0678112$ & $0.0398987$ & $-0.0231678$ & $0.0422181$ & $-0.00979625$ & $0.0767045$ & $0.0335969$ & $0.0149784$ & $0.0666046$ & $0.0142019$ & $0.0972348$ & $-0.00045272$ & $0.0762851$ & $1$ & $0.0173955$ & $0.0777915$ & $0.0434139$ & $-0.0262611$ & $-0.0810377$ & $0.0532637$ & $0.0540353$ & $0.106659$ & $0.0941573$ & $0.0950533$ \\
eHZZpar & $0.110205$ & $0.0597976$ & $-0.0193392$ & $0.0519653$ & $0.0512452$ & $0.0504254$ & $-0.0646127$ & $0.0371775$ & $0.0335563$ & $-0.0350675$ & $-0.0320614$ & $0.0190645$ & $-0.024514$ & $0.0102929$ & $0.0608365$ & $0.0791597$ & $-0.0149393$ & $-0.0387447$ & $-0.0582382$ & $0.0356034$ & $0.0251604$ & $0.0293541$ & $0.0262917$ & $-0.0130994$ & $-0.0733441$ & $-0.0513057$ & $-0.0596237$ & $0.00788484$ & $0.0971897$ & $0.0513009$ & $0.03695$ & $-0.057624$ & $-0.033242$ & $-0.00883859$ & $0.0355247$ & $0.0455247$ & $-0.0680142$ & $0.0174071$ & $0.0173955$ & $1$ & $0.023617$ & $0.0196381$ & $-0.00503659$ & $-0.0425995$ & $0.079393$ & $-0.00217737$ & $0.0359003$ & $-0.0399886$ & $-0.085784$ \\
eHZgaint & $-0.0573506$ & $0.0451503$ & $0.0378449$ & $0.0560614$ & $-0.0194695$ & $0.00403222$ & $0.0556939$ & $0.0663303$ & $0.0582683$ & $-0.0597263$ & $-0.0527853$ & $-0.0241427$ & $0.00336951$ & $-0.00355047$ & $-0.00189012$ & $0.0534046$ & $-0.0184455$ & $-0.0210159$ & $-0.0596395$ & $0.0493316$ & $0.0553193$ & $0.047229$ & $-0.0139273$ & $-0.0465669$ & $-0.0207608$ & $-0.0133393$ & $0.0501644$ & $0.0763109$ & $-0.0333912$ & $0.0011484$ & $0.0212479$ & $0.0572222$ & $-0.000733692$ & $0.0740158$ & $-0.0541004$ & $0.0184703$ & $-0.0291098$ & $0.0222563$ & $0.0777915$ & $0.023617$ & $1$ & $0.0426661$ & $-0.102218$ & $0.0147505$ & $-0.0555384$ & $-0.0931059$ & $0.0142764$ & $-0.00320071$ & $0.0103801$ \\
eHZgapar & $-0.045453$ & $0.0264586$ & $-0.014125$ & $0.0101067$ & $0.0324042$ & $0.0210173$ & $-0.0427395$ & $-0.00412359$ & $-0.0103609$ & $-0.0160375$ & $-0.0179871$ & $-0.0368734$ & $0.0303376$ & $0.0455964$ & $0.00895115$ & $0.0312072$ & $0.0469071$ & $0.0421546$ & $0.0319185$ & $0.0169603$ & $0.0176609$ & $0.0114303$ & $-0.0523227$ & $0.0240072$ & $0.0541442$ & $0.0134906$ & $-0.00154963$ & $-0.0148499$ & $0.0169652$ & $0.0501253$ & $0.0548804$ & $-0.0376292$ & $0.0325738$ & $-0.00256512$ & $0.0575765$ & $-0.0160192$ & $-0.0258598$ & $-0.0646035$ & $0.0434139$ & $0.0196381$ & $0.0426661$ & $1$ & $-0.0400907$ & $0.0231034$ & $-0.0661629$ & $-0.0107205$ & $0.0055363$ & $0.0502268$ & $-0.0133211$ \\
eHgagaint & $0.0556836$ & $-0.0606729$ & $-0.0110887$ & $0.0033586$ & $-0.0590834$ & $-0.0173035$ & $0.0778795$ & $-0.0401857$ & $0.0192265$ & $-0.0375526$ & $0.0577468$ & $0.014866$ & $-0.0226196$ & $-0.0538499$ & $0.014736$ & $-0.0617012$ & $-0.0345312$ & $-0.0482679$ & $-0.00318889$ & $-0.061189$ & $-0.0592904$ & $-0.0570106$ & $0.0210052$ & $-0.0105334$ & $-0.00790787$ & $0.0229669$ & $0.00765002$ & $-0.0301289$ & $0.0129422$ & $-0.0149096$ & $-0.019932$ & $0.0949445$ & $0.0386947$ & $-0.0555677$ & $0.0745394$ & $-0.0110984$ & $0.023485$ & $0.0141083$ & $-0.0262611$ & $-0.00503659$ & $-0.102218$ & $-0.0400907$ & $1$ & $-0.140224$ & $-0.0210329$ & $0.0205961$ & $0.0027086$ & $-0.0265487$ & $0.0314824$ \\
eHmumuint & $-0.0945614$ & $0.0262879$ & $-0.0316107$ & $-0.006766$ & $0.0458015$ & $-0.0408016$ & $-0.02105$ & $-0.0594357$ & $-0.0737135$ & $0.117668$ & $0.025385$ & $0.0717954$ & $-0.046917$ & $0.0504045$ & $-0.0389278$ & $0.00846636$ & $0.0637513$ & $0.0911372$ & $0.0644686$ & $-0.0237355$ & $-0.0246646$ & $-0.0229686$ & $-0.0109264$ & $0.0795156$ & $0.0754358$ & $0.0198448$ & $-0.0314186$ & $-0.0232995$ & $-0.0783284$ & $-0.0328261$ & $-0.0383684$ & $-0.0221253$ & $-0.0468159$ & $-0.0179877$ & $-0.017617$ & $-0.00448896$ & $0.0086027$ & $-0.0239792$ & $-0.0810377$ & $-0.0425995$ & $0.0147505$ & $0.0231034$ & $-0.140224$ & $1$ & $-0.00464243$ & $-0.0919024$ & $-0.0924757$ & $-0.0266805$ & $-0.0530137$ \\
eHtautauint & $0.030156$ & $0.0339775$ & $-0.00792184$ & $-0.0208753$ & $-0.0149019$ & $-0.0416415$ & $-0.0133327$ & $-0.0401619$ & $-0.0437202$ & $-0.0019821$ & $0.0457984$ & $0.0151919$ & $-0.0155947$ & $-0.0207564$ & $0.0244191$ & $-0.0264463$ & $-0.0177541$ & $-0.0308402$ & $-0.0151443$ & $-0.0453742$ & $-0.045022$ & $-0.0666042$ & $-0.0560295$ & $0.013348$ & $-0.037426$ & $0.0433359$ & $-0.0738046$ & $0.0029231$ & $0.0582569$ & $0.0930171$ & $0.086394$ & $0.00104816$ & $-0.0293661$ & $-0.0616942$ & $0.0131189$ & $0.0460344$ & $-0.0279545$ & $0.018765$ & $0.0532637$ & $0.079393$ & $-0.0555384$ & $-0.0661629$ & $-0.0210329$ & $-0.00464243$ & $1$ & $-0.000162755$ & $0.0167442$ & $-0.0614123$ & $-0.0475149$ \\
eHccint & $-0.00554367$ & $0.0605155$ & $-0.101911$ & $0.0837255$ & $-0.0361319$ & $-0.0189282$ & $-0.0183856$ & $-0.0073267$ & $-0.0104275$ & $0.0634646$ & $-0.0624622$ & $-0.0759017$ & $0.0924223$ & $0.0934501$ & $0.0928239$ & $0.0784233$ & $0.135995$ & $0.0821157$ & $0.0922459$ & $0.0739352$ & $0.0516193$ & $0.0520619$ & $-0.037277$ & $0.109905$ & $0.100172$ & $-0.0411561$ & $-0.0491752$ & $-0.0173647$ & $0.0941272$ & $0.0471991$ & $0.0947202$ & $-0.021087$ & $0.0705369$ & $-0.0691897$ & $0.0393195$ & $-0.0816082$ & $-0.0746633$ & $-0.065196$ & $0.0540353$ & $-0.00217737$ & $-0.0931059$ & $-0.0107205$ & $0.0205961$ & $-0.0919024$ & $-0.000162755$ & $1$ & $-0.0176359$ & $0.0557863$ & $0.0520331$ \\
eHccpar & $0.102724$ & $-0.0269187$ & $-0.0347272$ & $-0.067908$ & $-0.0125092$ & $0.00215301$ & $0.0144039$ & $-0.0340678$ & $-0.0366089$ & $-0.00875725$ & $0.0615594$ & $0.0796679$ & $-0.0844488$ & $-0.074396$ & $-0.0942211$ & $-0.0458271$ & $-0.0472075$ & $-0.00457565$ & $-0.0447675$ & $-0.0660439$ & $-0.0603279$ & $-0.0633337$ & $0.0746019$ & $-0.0348586$ & $-0.0392572$ & $-0.0106553$ & $0.0184309$ & $-0.00709258$ & $-0.0716383$ & $-0.0394067$ & $0.328857$ & $0.0311742$ & $0.00910534$ & $0.0501097$ & $-0.081985$ & $-0.0305815$ & $0.0368566$ & $-0.0112818$ & $0.106659$ & $0.0359003$ & $0.0142764$ & $0.0055363$ & $0.0027086$ & $-0.0924757$ & $0.0167442$ & $-0.0176359$ & $1$ & $0.0387674$ & $0.0365735$ \\
eHbbint & $-0.0233013$ & $0.011144$ & $0.0708872$ & $0.0360441$ & $-0.0472115$ & $0.0225067$ & $0.0620172$ & $-0.000125975$ & $-0.00460182$ & $0.00497917$ & $-0.0181935$ & $-0.0228516$ & $0.0312611$ & $0.0336984$ & $0.0286034$ & $0.0238132$ & $0.0294779$ & $0.021931$ & $0.0221956$ & $0.0248592$ & $0.0156229$ & $0.0184564$ & $0.00979677$ & $0.0207595$ & $0.03902$ & $-0.0433833$ & $-0.00770165$ & $-0.0839163$ & $0.026482$ & $0.0586404$ & $0.0926845$ & $0.0999775$ & $0.23601$ & $-0.0249688$ & $0.00641884$ & $0.0160536$ & $0.0178994$ & $-0.0026748$ & $0.0941573$ & $-0.0399886$ & $-0.00320071$ & $0.0502268$ & $-0.0265487$ & $-0.0266805$ & $-0.0614123$ & $0.0557863$ & $0.0387674$ & $1$ & $0.0806394$ \\
eHbbpar & $0.0790727$ & $0.00417385$ & $0.0435156$ & $0.0240992$ & $0.0197858$ & $-0.0144305$ & $0.0791774$ & $-0.0294238$ & $-0.0252929$ & $-0.046639$ & $0.0331505$ & $-0.0646086$ & $0.0521437$ & $-0.0338555$ & $-0.0234988$ & $-0.0484056$ & $0.0071688$ & $0.00374927$ & $0.0234231$ & $-0.0343677$ & $-0.0325872$ & $-0.0321397$ & $0.0314073$ & $-0.00771038$ & $-0.00435112$ & $-0.0175109$ & $-0.00580596$ & $-0.0504564$ & $0.0361972$ & $-0.0161804$ & $-0.0121674$ & $0.0827357$ & $0.441297$ & $0.00413041$ & $0.00317906$ & $0.0406842$ & $-0.0332394$ & $0.00531118$ & $0.0950533$ & $-0.085784$ & $0.0103801$ & $-0.0133211$ & $0.0314824$ & $-0.0530137$ & $-0.0475149$ & $0.0520331$ & $0.0365735$ & $0.0806394$ & $1$ \\
