 & AlsMz & dAle5Mz & mtop & mHl & Mz & CW & CHG & CHWB & CHWHB_gaga & CHWHB_gagaorth & CHD & CHbox & CH & CHL1_11 & CHL1_22 & CHL1_33 & CHL3_11 & CHL3_22 & CHL3_33 & CHe_11 & CHe_22 & CHe_33 & CHQ1_11 & CHQ1_33 & CHQ3_11 & CHu_11 & CHd_11 & CHd_33 & CeH_22r & CeH_33r & CuH_22r & CuH_33r & CdH_33r & CLL_1221 & eHggint & eHggpar & eHWWint & eHWWpar & eHZZint & eHZZpar & eHZgaint & eHZgapar & eHgagaint & eHmumuint & eHtautauint & eHccint & eHccpar & eHbbint & eHbbpar \\
AlsMz & $1$ & $0.0319864$ & $0.0480917$ & $0.0223915$ & $0.00429376$ & $-0.000795027$ & $-0.0187605$ & $-0.011603$ & $-0.0171506$ & $-0.00550649$ & $-0.00894666$ & $-0.0204359$ & $-0.0135327$ & $0.0172971$ & $-0.0127265$ & $-0.0273985$ & $0.031342$ & $0.0309344$ & $0.0377644$ & $-0.000986809$ & $0.00395497$ & $0.00373022$ & $0.0156925$ & $-0.0346231$ & $-0.0802416$ & $-0.0446326$ & $-0.0141033$ & $0.0134196$ & $0.0130094$ & $0.0374324$ & $0.0722314$ & $-0.0172024$ & $-0.0125084$ & $0.0050885$ & $0.0355557$ & $-0.0595605$ & $-0.115604$ & $0.0295107$ & $-0.0188439$ & $-0.0230339$ & $-0.0187539$ & $-0.00931881$ & $-0.0711681$ & $0.0694872$ & $0.124167$ & $0.137907$ & $0.14876$ & $-0.0288033$ & $-0.0732312$ \\
dAle5Mz & $0.0319864$ & $1$ & $0.016979$ & $-0.0314472$ & $-0.0235937$ & $0.0104817$ & $0.0286572$ & $-0.0828329$ & $-0.0852444$ & $0.0593046$ & $0.0524433$ & $0.00575857$ & $-0.0382968$ & $0.0094887$ & $0.0123698$ & $0.0383552$ & $0.0350796$ & $0.027169$ & $0.00746054$ & $-0.0270384$ & $-0.0380682$ & $-0.0375032$ & $0.00170109$ & $0.0443621$ & $0.0114358$ & $0.00624861$ & $-0.0618518$ & $-0.0280328$ & $-0.00646616$ & $0.013578$ & $0.0031505$ & $0.0414554$ & $0.0246025$ & $-0.0228465$ & $0.132484$ & $-0.0497837$ & $-0.113889$ & $-0.00580514$ & $-0.0143674$ & $0.0047138$ & $-0.0654565$ & $-0.00316229$ & $-0.0577121$ & $0.0399911$ & $-0.0186515$ & $-0.0628647$ & $0.0969857$ & $-0.0408643$ & $0.0853515$ \\
mtop & $0.0480917$ & $0.016979$ & $1$ & $0.0114641$ & $0.0269494$ & $-0.000413229$ & $-0.0302127$ & $-0.00767642$ & $-0.0054741$ & $-0.0123264$ & $0.0190721$ & $-0.0253751$ & $-0.0158283$ & $-0.012233$ & $-0.0145684$ & $-0.00315773$ & $-0.00555116$ & $0.000138444$ & $-0.00561699$ & $-0.0136046$ & $-0.0106663$ & $-0.00921296$ & $0.0108102$ & $-0.000275726$ & $-0.00250968$ & $0.00175199$ & $0.0121006$ & $-0.0255515$ & $-0.00238283$ & $-0.0483574$ & $-0.0288953$ & $-0.0353006$ & $-0.0507384$ & $0.00859575$ & $0.0395784$ & $-0.0324018$ & $0.0963625$ & $-0.038514$ & $0.0171562$ & $0.00137818$ & $-0.0307057$ & $0.00260721$ & $0.13772$ & $0.0591601$ & $-0.0290992$ & $0.0473382$ & $0.00857326$ & $-0.0494857$ & $0.0165446$ \\
mHl & $0.0223915$ & $-0.0314472$ & $0.0114641$ & $1$ & $-0.027799$ & $-0.0128715$ & $0.00393975$ & $-0.00478612$ & $0.00153885$ & $0.00775568$ & $0.0109311$ & $0.0288577$ & $0.0266362$ & $-0.0174223$ & $0.00318779$ & $-0.0340703$ & $-0.0082921$ & $-0.0159728$ & $0.0115399$ & $-0.0141214$ & $-0.0104518$ & $-0.00841688$ & $-0.0109494$ & $-0.00980445$ & $-0.00497831$ & $0.027859$ & $0.0110512$ & $0.00525167$ & $0.0334452$ & $-0.0108742$ & $0.0274447$ & $-0.00552501$ & $0.0453275$ & $-0.00727919$ & $-0.0738831$ & $-0.0460708$ & $0.00371022$ & $0.0255165$ & $-0.0580806$ & $0.000230083$ & $0.0327276$ & $-0.00111855$ & $0.0643495$ & $0.00851572$ & $0.0523547$ & $0.0476986$ & $0.0700965$ & $-0.0276469$ & $0.0954627$ \\
Mz & $0.00429376$ & $-0.0235937$ & $0.0269494$ & $-0.027799$ & $1$ & $-0.0128335$ & $0.00324047$ & $0.00460975$ & $0.00151516$ & $-5.99186e-05$ & $0.00758678$ & $0.00545281$ & $0.0058827$ & $0.000315312$ & $0.00449246$ & $0.010874$ & $-0.0107156$ & $-0.00894415$ & $-0.0153031$ & $-0.000820153$ & $-0.000121201$ & $-0.00285402$ & $-0.00594602$ & $-0.00633705$ & $-0.00600291$ & $0.0104061$ & $0.00458148$ & $-0.00516587$ & $-0.00436314$ & $-0.00675421$ & $0.00189798$ & $0.00460089$ & $-0.00693323$ & $-0.00255502$ & $-0.0296863$ & $0.0131446$ & $0.00572496$ & $0.0159184$ & $-0.00318228$ & $0.00564233$ & $-0.018095$ & $0.0120237$ & $-0.00754169$ & $0.0195101$ & $-0.0314285$ & $-0.00503436$ & $0.00250728$ & $-0.00133936$ & $-0.00621728$ \\
CW & $-0.000795027$ & $0.0104817$ & $-0.000413229$ & $-0.0128715$ & $-0.0128335$ & $1$ & $-0.0189918$ & $-0.136389$ & $-0.134866$ & $0.0249586$ & $0.193367$ & $0.0462877$ & $-0.00984471$ & $0.0172297$ & $-0.0686797$ & $-0.0708026$ & $-0.246347$ & $-0.0499667$ & $-0.0447592$ & $-0.188105$ & $-0.196423$ & $-0.193738$ & $-0.0164178$ & $0.0104766$ & $-0.0972096$ & $0.106944$ & $-0.110391$ & $-0.0793781$ & $0.00712595$ & $0.000522572$ & $-0.0171198$ & $-0.00965397$ & $0.0116784$ & $-0.137159$ & $0.0188745$ & $0.00581948$ & $-0.0211022$ & $-0.00654115$ & $0.00638091$ & $0.00481176$ & $-0.0153704$ & $0.0242412$ & $-0.00686186$ & $0.00132815$ & $0.0129999$ & $-0.00826098$ & $-0.0125836$ & $0.0107932$ & $0.00261419$ \\
CHG & $-0.0187605$ & $0.0286572$ & $-0.0302127$ & $0.00393975$ & $0.00324047$ & $-0.0189918$ & $1$ & $-0.103286$ & $-0.0490441$ & $0.0688949$ & $0.0458152$ & $-0.236149$ & $-0.298347$ & $0.0714901$ & $-0.0109761$ & $-0.0322194$ & $0.120471$ & $0.113437$ & $0.125739$ & $-0.0440769$ & $-0.0492605$ & $-0.0494184$ & $-0.00761789$ & $0.128251$ & $0.118553$ & $0.0260026$ & $-0.03559$ & $-0.0338477$ & $-0.0165653$ & $-0.120184$ & $-0.0556639$ & $0.937366$ & $-0.143044$ & $-0.06692$ & $-0.00398512$ & $-0.00951253$ & $0.0256904$ & $-0.0395339$ & $0.0113095$ & $0.0347506$ & $0.0143615$ & $0.0149806$ & $-0.00986367$ & $-0.0209513$ & $-0.0148733$ & $0.00738778$ & $0.00860369$ & $-0.0178727$ & $0.000928433$ \\
CHWB & $-0.011603$ & $-0.0828329$ & $-0.00767642$ & $-0.00478612$ & $0.00460975$ & $-0.136389$ & $-0.103286$ & $1$ & $0.981916$ & $-0.575267$ & $-0.874723$ & $0.0859363$ & $0.370032$ & $0.0816552$ & $0.290365$ & $0.286167$ & $-0.249111$ & $-0.43947$ & $-0.440442$ & $0.844964$ & $0.892603$ & $0.876426$ & $0.0489305$ & $-0.675357$ & $-0.39864$ & $-0.492202$ & $0.434758$ & $0.301329$ & $0.0228906$ & $0.0894001$ & $0.0217394$ & $-0.104773$ & $0.0900013$ & $0.570084$ & $-0.0207193$ & $0.0151763$ & $0.0113293$ & $0.00675249$ & $0.0331202$ & $-0.00785874$ & $0.0273413$ & $-0.0212074$ & $-0.0124192$ & $-0.00525193$ & $-0.0229686$ & $0.00547248$ & $-0.0209612$ & $-0.0188529$ & $-0.0059738$ \\
CHWHB_gaga & $-0.0171506$ & $-0.0852444$ & $-0.0054741$ & $0.00153885$ & $0.00151516$ & $-0.134866$ & $-0.0490441$ & $0.981916$ & $1$ & $-0.565331$ & $-0.85531$ & $0.0964072$ & $0.365176$ & $0.0729445$ & $0.286192$ & $0.27734$ & $-0.251807$ & $-0.438808$ & $-0.436775$ & $0.82647$ & $0.87271$ & $0.857053$ & $0.0472818$ & $-0.667576$ & $-0.397769$ & $-0.480171$ & $0.425538$ & $0.293018$ & $0.0282209$ & $0.112272$ & $0.0345565$ & $-0.0587984$ & $0.110703$ & $0.558304$ & $-0.0319428$ & $-0.00144882$ & $0.00515007$ & $0.00447351$ & $0.0330503$ & $-0.0023305$ & $0.026977$ & $-0.0181751$ & $0.055326$ & $-0.00952245$ & $-0.0269779$ & $0.0117115$ & $-0.0180287$ & $-0.0264569$ & $-0.00881195$ \\
CHWHB_gagaorth & $-0.00550649$ & $0.0593046$ & $-0.0123264$ & $0.00775568$ & $-5.99186e-05$ & $0.0249586$ & $0.0688949$ & $-0.575267$ & $-0.565331$ & $1$ & $0.362351$ & $0.231807$ & $-0.256241$ & $0.22586$ & $-0.117583$ & $-0.128063$ & $0.42121$ & $0.476621$ & $0.486139$ & $-0.347433$ & $-0.378459$ & $-0.373342$ & $-0.0481145$ & $0.548119$ & $0.466842$ & $0.215139$ & $-0.242701$ & $-0.145902$ & $0.00210048$ & $-0.110683$ & $-0.0467007$ & $0.0894906$ & $-0.118585$ & $-0.35984$ & $0.0561012$ & $-0.00954788$ & $-0.00455114$ & $-0.0349023$ & $-0.0269801$ & $0.00136014$ & $-0.0626277$ & $0.0179004$ & $-0.0194316$ & $-0.0186397$ & $0.00819058$ & $-0.0128011$ & $-0.0226764$ & $0.00696258$ & $0.0117066$ \\
CHD & $-0.00894666$ & $0.0524433$ & $0.0190721$ & $0.0109311$ & $0.00758678$ & $0.193367$ & $0.0458152$ & $-0.874723$ & $-0.85531$ & $0.362351$ & $1$ & $0.0743422$ & $-0.186759$ & $-0.507018$ & $-0.415646$ & $-0.407334$ & $-0.216362$ & $0.0619089$ & $0.064662$ & $-0.989857$ & $-0.991418$ & $-0.970292$ & $-0.00265554$ & $0.303882$ & $0.00944847$ & $0.560765$ & $-0.303173$ & $-0.333629$ & $-0.00867528$ & $-0.0480764$ & $-0.00663695$ & $0.05757$ & $-0.0443941$ & $-0.371854$ & $0.0220273$ & $0.00326957$ & $-0.00795001$ & $-0.00446459$ & $-0.0403501$ & $0.0215371$ & $-0.0218622$ & $0.0233469$ & $0.0220666$ & $-0.00340918$ & $0.00802143$ & $-0.0150159$ & $0.0244022$ & $0.0218634$ & $0.00383198$ \\
CHbox & $-0.0204359$ & $0.00575857$ & $-0.0253751$ & $0.0288577$ & $0.00545281$ & $0.0462877$ & $-0.236149$ & $0.0859363$ & $0.0964072$ & $0.231807$ & $0.0743422$ & $1$ & $0.753738$ & $-0.293998$ & $0.0445403$ & $0.0435196$ & $-0.327836$ & $-0.319489$ & $-0.315922$ & $-0.0592023$ & $-0.0740486$ & $-0.0683736$ & $-0.0270989$ & $-0.216588$ & $-0.312501$ & $0.0703872$ & $-0.024943$ & $-0.0160393$ & $0.0863942$ & $0.331909$ & $0.120479$ & $-0.143755$ & $0.390003$ & $0.0245334$ & $0.0842827$ & $0.0575271$ & $-0.0166591$ & $-0.00436143$ & $-0.0184518$ & $0.0241702$ & $-0.0361071$ & $0.000452666$ & $-0.0189478$ & $-0.0334113$ & $-0.00476356$ & $-0.00228533$ & $0.00536922$ & $-0.00134485$ & $0.014706$ \\
CH & $-0.0135327$ & $-0.0382968$ & $-0.0158283$ & $0.0266362$ & $0.0058827$ & $-0.00984471$ & $-0.298347$ & $0.370032$ & $0.365176$ & $-0.256241$ & $-0.186759$ & $0.753738$ & $1$ & $-0.243112$ & $0.0969391$ & $0.0992865$ & $-0.360528$ & $-0.402615$ & $-0.40312$ & $0.184441$ & $0.195853$ & $0.196147$ & $-0.00330485$ & $-0.400465$ & $-0.388235$ & $-0.0812877$ & $0.127696$ & $0.0919847$ & $0.0754831$ & $0.262045$ & $0.113734$ & $-0.248751$ & $0.312993$ & $0.215287$ & $0.0160288$ & $0.035712$ & $-0.00358793$ & $0.0149686$ & $0.0110796$ & $0.0122694$ & $-0.00789344$ & $-0.00781102$ & $-0.00438677$ & $-0.0147542$ & $-0.00302516$ & $0.00363661$ & $0.011267$ & $0.00750802$ & $-0.00180633$ \\
CHL1_11 & $0.0172971$ & $0.0094887$ & $-0.012233$ & $-0.0174223$ & $0.000315312$ & $0.0172297$ & $0.0714901$ & $0.0816552$ & $0.0729445$ & $0.22586$ & $-0.507018$ & $-0.293998$ & $-0.243112$ & $1$ & $0.276078$ & $0.263125$ & $0.668427$ & $0.60355$ & $0.603055$ & $0.52634$ & $0.466542$ & $0.449606$ & $-0.0635586$ & $0.481744$ & $0.606421$ & $-0.286994$ & $-0.102195$ & $0.158717$ & $-0.0185238$ & $-0.0583227$ & $-0.0294433$ & $0.0535519$ & $-0.063034$ & $-0.223693$ & $-0.0127681$ & $-0.0197298$ & $-0.00549206$ & $-0.00112095$ & $0.0374664$ & $-0.0270382$ & $-0.00284735$ & $-0.000259737$ & $-0.0196754$ & $0.0107898$ & $0.0119041$ & $0.0178213$ & $-0.0293938$ & $-0.00564598$ & $0.0025692$ \\
CHL1_22 & $-0.0127265$ & $0.0123698$ & $-0.0145684$ & $0.00318779$ & $0.00449246$ & $-0.0686797$ & $-0.0109761$ & $0.290365$ & $0.286192$ & $-0.117583$ & $-0.415646$ & $0.0445403$ & $0.0969391$ & $0.276078$ & $1$ & $0.450141$ & $0.157109$ & $-0.437454$ & $-0.0348054$ & $0.484613$ & $0.333555$ & $0.321771$ & $-0.189123$ & $0.112937$ & $-0.129591$ & $-0.184548$ & $-0.394519$ & $0.127731$ & $0.0254922$ & $0.0374697$ & $0.0216813$ & $-0.0101169$ & $0.0499571$ & $-0.590856$ & $0.00323435$ & $-0.0156954$ & $0.00225313$ & $-0.0140047$ & $0.00341909$ & $-0.00208884$ & $0.0223723$ & $-0.0116311$ & $0.00344487$ & $-0.0173861$ & $0.0188086$ & $0.00871363$ & $0.0204858$ & $0.00155299$ & $0.0177282$ \\
CHL1_33 & $-0.0273985$ & $0.0383552$ & $-0.00315773$ & $-0.0340703$ & $0.010874$ & $-0.0708026$ & $-0.0322194$ & $0.286167$ & $0.27734$ & $-0.128063$ & $-0.407334$ & $0.0435196$ & $0.0992865$ & $0.263125$ & $0.450141$ & $1$ & $0.155036$ & $-0.0299819$ & $-0.432058$ & $0.47527$ & $0.328116$ & $0.344424$ & $-0.174653$ & $0.106373$ & $-0.128378$ & $-0.192774$ & $-0.388072$ & $0.118435$ & $0.0270713$ & $0.0378589$ & $0.00963583$ & $-0.0285726$ & $0.0431765$ & $-0.10389$ & $-0.00650796$ & $0.002212$ & $-0.00155609$ & $0.00148717$ & $0.0314625$ & $-0.0130395$ & $0.021702$ & $-0.00916224$ & $-0.00898902$ & $-0.00783871$ & $-0.0101689$ & $0.00323523$ & $0.00110567$ & $-0.0095267$ & $0.00490519$ \\
CHL3_11 & $0.031342$ & $0.0350796$ & $-0.00555116$ & $-0.0082921$ & $-0.0107156$ & $-0.246347$ & $0.120471$ & $-0.249111$ & $-0.251807$ & $0.42121$ & $-0.216362$ & $-0.327836$ & $-0.360528$ & $0.668427$ & $0.157109$ & $0.155036$ & $1$ & $0.74936$ & $0.743686$ & $0.238414$ & $0.183988$ & $0.176006$ & $-0.0582056$ & $0.681673$ & $0.784861$ & $-0.123417$ & $-0.154534$ & $0.0526783$ & $-0.0320958$ & $-0.0870445$ & $-0.0327978$ & $0.0958804$ & $-0.0997031$ & $-0.248809$ & $-0.00616327$ & $-0.0373551$ & $0.00610775$ & $-0.00750519$ & $0.00855859$ & $-0.0240376$ & $-0.00743563$ & $-0.00834507$ & $-0.0143086$ & $0.0239611$ & $0.0281612$ & $0.0169863$ & $-0.00360138$ & $-0.0127145$ & $0.00337597$ \\
CHL3_22 & $0.0309344$ & $0.027169$ & $0.000138444$ & $-0.0159728$ & $-0.00894415$ & $-0.0499667$ & $0.113437$ & $-0.43947$ & $-0.438808$ & $0.476621$ & $0.0619089$ & $-0.319489$ & $-0.402615$ & $0.60355$ & $-0.437454$ & $-0.0299819$ & $0.74936$ & $1$ & $0.688936$ & $-0.0651318$ & $-0.0586173$ & $-0.0572752$ & $0.031981$ & $0.627732$ & $0.799876$ & $0.00620444$ & $-0.0101014$ & $-0.0307867$ & $-0.0426916$ & $-0.102292$ & $-0.0429731$ & $0.0942727$ & $-0.117526$ & $0.0212316$ & $-0.00662908$ & $-0.0229038$ & $-0.00243425$ & $0.00487021$ & $0.0145991$ & $-0.024138$ & $-0.0234028$ & $0.00664326$ & $-0.0145472$ & $0.0258949$ & $0.0132805$ & $0.0112452$ & $-0.0221965$ & $-0.00562877$ & $-0.0082787$ \\
CHL3_33 & $0.0377644$ & $0.00746054$ & $-0.00561699$ & $0.0115399$ & $-0.0153031$ & $-0.0447592$ & $0.125739$ & $-0.440442$ & $-0.436775$ & $0.486139$ & $0.064662$ & $-0.315922$ & $-0.40312$ & $0.603055$ & $-0.0348054$ & $-0.432058$ & $0.743686$ & $0.688936$ & $1$ & $-0.0685989$ & $-0.0611303$ & $-0.0604999$ & $0.0250529$ & $0.627382$ & $0.800462$ & $0.0174321$ & $-0.00419931$ & $-0.0258234$ & $-0.0405254$ & $-0.104688$ & $-0.0347489$ & $0.105242$ & $-0.115517$ & $-0.342148$ & $-0.00231101$ & $-0.0345246$ & $-0.00368802$ & $-0.00898751$ & $-0.00305214$ & $-0.0149555$ & $-0.0253567$ & $0.00513284$ & $-0.00739528$ & $0.0179744$ & $0.029496$ & $0.0121536$ & $-0.0107807$ & $0.00217488$ & $-0.00235605$ \\
CHe_11 & $-0.000986809$ & $-0.0270384$ & $-0.0136046$ & $-0.0141214$ & $-0.000820153$ & $-0.188105$ & $-0.0440769$ & $0.844964$ & $0.82647$ & $-0.347433$ & $-0.989857$ & $-0.0592023$ & $0.184441$ & $0.52634$ & $0.484613$ & $0.47527$ & $0.238414$ & $-0.0651318$ & $-0.0685989$ & $1$ & $0.972188$ & $0.951418$ & $-0.0218337$ & $-0.248845$ & $-0.00342802$ & $-0.551584$ & $0.224995$ & $0.329799$ & $0.0108899$ & $0.0515747$ & $0.0102639$ & $-0.0545531$ & $0.0492806$ & $0.289761$ & $-0.0169109$ & $-0.00754275$ & $0.00463465$ & $0.00311277$ & $0.0414792$ & $-0.022233$ & $0.019009$ & $-0.0226079$ & $-0.0193859$ & $0.00139376$ & $-0.00506456$ & $0.0133189$ & $-0.0187873$ & $-0.0218009$ & $-0.00039478$ \\
CHe_22 & $0.00395497$ & $-0.0380682$ & $-0.0106663$ & $-0.0104518$ & $-0.000121201$ & $-0.196423$ & $-0.0492605$ & $0.892603$ & $0.87271$ & $-0.378459$ & $-0.991418$ & $-0.0740486$ & $0.195853$ & $0.466542$ & $0.333555$ & $0.328116$ & $0.183988$ & $-0.0586173$ & $-0.0611303$ & $0.972188$ & $1$ & $0.975198$ & $0.030571$ & $-0.359128$ & $-0.0159658$ & $-0.563$ & $0.382039$ & $0.333066$ & $0.00715094$ & $0.0480234$ & $0.00492095$ & $-0.0612385$ & $0.0426514$ & $0.456252$ & $-0.0190934$ & $-0.00313625$ & $0.00719005$ & $0.00356015$ & $0.0404646$ & $-0.0197872$ & $0.0188106$ & $-0.022704$ & $-0.0230434$ & $0.00602637$ & $-0.0111011$ & $0.0109397$ & $-0.025035$ & $-0.0245017$ & $-0.00309239$ \\
CHe_33 & $0.00373022$ & $-0.0375032$ & $-0.00921296$ & $-0.00841688$ & $-0.00285402$ & $-0.193738$ & $-0.0494184$ & $0.876426$ & $0.857053$ & $-0.373342$ & $-0.970292$ & $-0.0683736$ & $0.196147$ & $0.449606$ & $0.321771$ & $0.344424$ & $0.176006$ & $-0.0572752$ & $-0.0604999$ & $0.951418$ & $0.975198$ & $1$ & $0.0317475$ & $-0.355716$ & $-0.018964$ & $-0.551625$ & $0.376655$ & $0.325974$ & $0.00738997$ & $0.0474507$ & $0.004614$ & $-0.0606595$ & $0.0405687$ & $0.455991$ & $-0.0268488$ & $-0.00659247$ & $0.00504662$ & $0.00426215$ & $0.0440432$ & $-0.0201769$ & $0.0182117$ & $-0.0224317$ & $-0.0217117$ & $0.00513458$ & $-0.0171697$ & $0.0127794$ & $-0.0270901$ & $-0.0254768$ & $-0.00952503$ \\
CHQ1_11 & $0.0156925$ & $0.00170109$ & $0.0108102$ & $-0.0109494$ & $-0.00594602$ & $-0.0164178$ & $-0.00761789$ & $0.0489305$ & $0.0472818$ & $-0.0481145$ & $-0.00265554$ & $-0.0270989$ & $-0.00330485$ & $-0.0635586$ & $-0.189123$ & $-0.174653$ & $-0.0582056$ & $0.031981$ & $0.0250529$ & $-0.0218337$ & $0.030571$ & $0.0317475$ & $1$ & $-0.128302$ & $0.102741$ & $-0.667937$ & $0.345722$ & $-0.00509343$ & $-0.0120043$ & $0.00581935$ & $-0.0227094$ & $-0.00517504$ & $-0.0129757$ & $0.196319$ & $0.00916592$ & $0.0218659$ & $0.0171403$ & $0.00874206$ & $0.013058$ & $-0.00503818$ & $-0.00976897$ & $-0.0167883$ & $-0.0304565$ & $0.0215262$ & $0.0117483$ & $-0.00333038$ & $-0.0187942$ & $-0.01102$ & $-0.00757606$ \\
CHQ1_33 & $-0.0346231$ & $0.0443621$ & $-0.000275726$ & $-0.00980445$ & $-0.00633705$ & $0.0104766$ & $0.128251$ & $-0.675357$ & $-0.667576$ & $0.548119$ & $0.303882$ & $-0.216588$ & $-0.400465$ & $0.481744$ & $0.112937$ & $0.106373$ & $0.681673$ & $0.627732$ & $0.627382$ & $-0.248845$ & $-0.359128$ & $-0.355716$ & $-0.128302$ & $1$ & $0.642939$ & $0.195335$ & $-0.426738$ & $-0.0208454$ & $-0.0268748$ & $-0.0978542$ & $-0.0330334$ & $0.116607$ & $-0.0956925$ & $-0.634732$ & $-0.00104298$ & $-0.0278999$ & $-0.000133731$ & $-0.00731753$ & $-0.00321495$ & $-0.00484795$ & $-0.0171776$ & $0.0124865$ & $0.00546237$ & $0.000759777$ & $0.0313289$ & $0.00665454$ & $-0.00327553$ & $0.00816062$ & $0.0145731$ \\
CHQ3_11 & $-0.0802416$ & $0.0114358$ & $-0.00250968$ & $-0.00497831$ & $-0.00600291$ & $-0.0972096$ & $0.118553$ & $-0.39864$ & $-0.397769$ & $0.466842$ & $0.00944847$ & $-0.312501$ & $-0.388235$ & $0.606421$ & $-0.129591$ & $-0.128378$ & $0.784861$ & $0.799876$ & $0.800462$ & $-0.00342802$ & $-0.0159658$ & $-0.018964$ & $0.102741$ & $0.642939$ & $1$ & $-0.0124638$ & $0.202395$ & $-0.0157885$ & $-0.0453529$ & $-0.1036$ & $-0.0556897$ & $0.0968026$ & $-0.116425$ & $-0.199578$ & $-0.0140798$ & $-0.0200687$ & $0.0225229$ & $-0.0107726$ & $0.0199793$ & $-0.0163934$ & $-0.015047$ & $-0.00260407$ & $-0.0121038$ & $0.0158455$ & $-0.00304216$ & $-0.00573212$ & $-0.040769$ & $0.00176093$ & $0.00337679$ \\
CHu_11 & $-0.0446326$ & $0.00624861$ & $0.00175199$ & $0.027859$ & $0.0104061$ & $0.106944$ & $0.0260026$ & $-0.492202$ & $-0.480171$ & $0.215139$ & $0.560765$ & $0.0703872$ & $-0.0812877$ & $-0.286994$ & $-0.184548$ & $-0.192774$ & $-0.123417$ & $0.00620444$ & $0.0174321$ & $-0.551584$ & $-0.563$ & $-0.551625$ & $-0.667937$ & $0.195335$ & $-0.0124638$ & $1$ & $-0.180717$ & $-0.174951$ & $0.00287617$ & $-0.0296242$ & $0.00190886$ & $0.0294428$ & $-0.0151951$ & $-0.250686$ & $-0.0038148$ & $-0.0163081$ & $-0.00712777$ & $0.00145813$ & $-0.0224363$ & $0.0190045$ & $-0.0115175$ & $0.0147258$ & $0.0352243$ & $-0.0245006$ & $-0.00228526$ & $-0.00973948$ & $0.0113915$ & $0.0237589$ & $0.00669806$ \\
CHd_11 & $-0.0141033$ & $-0.0618518$ & $0.0121006$ & $0.0110512$ & $0.00458148$ & $-0.110391$ & $-0.03559$ & $0.434758$ & $0.425538$ & $-0.242701$ & $-0.303173$ & $-0.024943$ & $0.127696$ & $-0.102195$ & $-0.394519$ & $-0.388072$ & $-0.154534$ & $-0.0101014$ & $-0.00419931$ & $0.224995$ & $0.382039$ & $0.376655$ & $0.345722$ & $-0.426738$ & $0.202395$ & $-0.180717$ & $1$ & $0.103596$ & $-0.0178123$ & $0.0145253$ & $-0.0210543$ & $-0.0440331$ & $0.000917714$ & $0.687268$ & $-0.0221683$ & $0.0126944$ & $0.0229159$ & $0.00682669$ & $0.0292424$ & $0.00127082$ & $-0.00245847$ & $-0.0194261$ & $-0.0199042$ & $0.00900169$ & $-0.031549$ & $-0.00699859$ & $-0.0434762$ & $-0.0115494$ & $-0.0113557$ \\
CHd_33 & $0.0134196$ & $-0.0280328$ & $-0.0255515$ & $0.00525167$ & $-0.00516587$ & $-0.0793781$ & $-0.0338477$ & $0.301329$ & $0.293018$ & $-0.145902$ & $-0.333629$ & $-0.0160393$ & $0.0919847$ & $0.158717$ & $0.127731$ & $0.118435$ & $0.0526783$ & $-0.0307867$ & $-0.0258234$ & $0.329799$ & $0.333066$ & $0.325974$ & $-0.00509343$ & $-0.0208454$ & $-0.0157885$ & $-0.174951$ & $0.103596$ & $1$ & $-0.00422244$ & $0.0209126$ & $0.000905202$ & $-0.0400548$ & $0.00689543$ & $0.137997$ & $-0.0128811$ & $0.00595265$ & $-0.00870136$ & $-0.00306476$ & $0.00417511$ & $0.00122006$ & $0.0268867$ & $0.0181488$ & $-0.00690463$ & $0.0113762$ & $0.0261792$ & $-0.00488766$ & $-0.00746335$ & $-0.0161656$ & $-0.00583473$ \\
CeH_22r & $0.0130094$ & $-0.00646616$ & $-0.00238283$ & $0.0334452$ & $-0.00436314$ & $0.00712595$ & $-0.0165653$ & $0.0228906$ & $0.0282209$ & $0.00210048$ & $-0.00867528$ & $0.0863942$ & $0.0754831$ & $-0.0185238$ & $0.0254922$ & $0.0270713$ & $-0.0320958$ & $-0.0426916$ & $-0.0405254$ & $0.0108899$ & $0.00715094$ & $0.00738997$ & $-0.0120043$ & $-0.0268748$ & $-0.0453529$ & $0.00287617$ & $-0.0178123$ & $-0.00422244$ & $1$ & $0.0260513$ & $0.0169942$ & $-0.0301026$ & $0.0273441$ & $-0.00446079$ & $-0.0277606$ & $-0.00110846$ & $-0.0339177$ & $0.000512508$ & $0.00726052$ & $0.00483485$ & $-0.0049054$ & $0.00136895$ & $-0.00930205$ & $-0.0111414$ & $-0.00172317$ & $-0.00130151$ & $0.0355335$ & $-0.0224111$ & $-0.00362865$ \\
CeH_33r & $0.0374324$ & $0.013578$ & $-0.0483574$ & $-0.0108742$ & $-0.00675421$ & $0.000522572$ & $-0.120184$ & $0.0894001$ & $0.112272$ & $-0.110683$ & $-0.0480764$ & $0.331909$ & $0.262045$ & $-0.0583227$ & $0.0374697$ & $0.0378589$ & $-0.0870445$ & $-0.102292$ & $-0.104688$ & $0.0515747$ & $0.0480234$ & $0.0474507$ & $0.00581935$ & $-0.0978542$ & $-0.1036$ & $-0.0296242$ & $0.0145253$ & $0.0209126$ & $0.0260513$ & $1$ & $0.322129$ & $0.0320046$ & $0.650424$ & $0.0405304$ & $-0.00911587$ & $-0.0152226$ & $-0.184748$ & $-0.015063$ & $-0.012163$ & $0.0142005$ & $-0.00429042$ & $-0.00618376$ & $-0.0148121$ & $0.00606364$ & $0.0675057$ & $0.00129655$ & $0.0383399$ & $-0.0233964$ & $-0.0152293$ \\
CuH_22r & $0.0722314$ & $0.0031505$ & $-0.0288953$ & $0.0274447$ & $0.00189798$ & $-0.0171198$ & $-0.0556639$ & $0.0217394$ & $0.0345565$ & $-0.0467007$ & $-0.00663695$ & $0.120479$ & $0.113734$ & $-0.0294433$ & $0.0216813$ & $0.00963583$ & $-0.0327978$ & $-0.0429731$ & $-0.0347489$ & $0.0102639$ & $0.00492095$ & $0.004614$ & $-0.0227094$ & $-0.0330334$ & $-0.0556897$ & $0.00190886$ & $-0.0210543$ & $0.000905202$ & $0.0169942$ & $0.322129$ & $1$ & $0.0271563$ & $0.340146$ & $-0.000402592$ & $-0.0376063$ & $-0.0339541$ & $-0.106968$ & $0.0189593$ & $-0.0144748$ & $-0.0172472$ & $0.0787472$ & $-0.00515454$ & $-0.00623568$ & $0.0300524$ & $0.0539073$ & $0.0877042$ & $0.34656$ & $-0.0593689$ & $-0.00822945$ \\
CuH_33r & $-0.0172024$ & $0.0414554$ & $-0.0353006$ & $-0.00552501$ & $0.00460089$ & $-0.00965397$ & $0.937366$ & $-0.104773$ & $-0.0587984$ & $0.0894906$ & $0.05757$ & $-0.143755$ & $-0.248751$ & $0.0535519$ & $-0.0101169$ & $-0.0285726$ & $0.0958804$ & $0.0942727$ & $0.105242$ & $-0.0545531$ & $-0.0612385$ & $-0.0606595$ & $-0.00517504$ & $0.116607$ & $0.0968026$ & $0.0294428$ & $-0.0440331$ & $-0.0400548$ & $-0.0301026$ & $0.0320046$ & $0.0271563$ & $1$ & $0.041935$ & $-0.0704668$ & $0.0858543$ & $0.0235784$ & $-0.0101736$ & $-0.0411947$ & $0.0204038$ & $0.0426029$ & $0.00599417$ & $0.0113849$ & $-0.0162751$ & $-0.0407683$ & $-0.0198096$ & $-0.00526674$ & $0.00557753$ & $-0.015088$ & $0.0225489$ \\
CdH_33r & $-0.0125084$ & $0.0246025$ & $-0.0507384$ & $0.0453275$ & $-0.00693323$ & $0.0116784$ & $-0.143044$ & $0.0900013$ & $0.110703$ & $-0.118585$ & $-0.0443941$ & $0.390003$ & $0.312993$ & $-0.063034$ & $0.0499571$ & $0.0431765$ & $-0.0997031$ & $-0.117526$ & $-0.115517$ & $0.0492806$ & $0.0426514$ & $0.0405687$ & $-0.0129757$ & $-0.0956925$ & $-0.116425$ & $-0.0151951$ & $0.000917714$ & $0.00689543$ & $0.0273441$ & $0.650424$ & $0.340146$ & $0.041935$ & $1$ & $0.0299154$ & $0.0633813$ & $-0.0124893$ & $-0.187265$ & $-0.0102419$ & $0.0109321$ & $0.0384472$ & $0.0697888$ & $-0.026145$ & $-0.0489793$ & $0.0230625$ & $-0.0145633$ & $-0.0173491$ & $0.0181654$ & $0.133384$ & $0.429524$ \\
CLL_1221 & $0.0050885$ & $-0.0228465$ & $0.00859575$ & $-0.00727919$ & $-0.00255502$ & $-0.137159$ & $-0.06692$ & $0.570084$ & $0.558304$ & $-0.35984$ & $-0.371854$ & $0.0245334$ & $0.215287$ & $-0.223693$ & $-0.590856$ & $-0.10389$ & $-0.248809$ & $0.0212316$ & $-0.342148$ & $0.289761$ & $0.456252$ & $0.455991$ & $0.196319$ & $-0.634732$ & $-0.199578$ & $-0.250686$ & $0.687268$ & $0.137997$ & $-0.00446079$ & $0.0405304$ & $-0.000402592$ & $-0.0704668$ & $0.0299154$ & $1$ & $-0.0123081$ & $0.0190184$ & $0.00668876$ & $0.0153784$ & $0.0216674$ & $-0.00521884$ & $0.00386898$ & $-0.010414$ & $-0.0148843$ & $0.0155335$ & $-0.0334522$ & $-0.00572765$ & $-0.0239701$ & $-0.0233787$ & $-0.0142516$ \\
eHggint & $0.0355557$ & $0.132484$ & $0.0395784$ & $-0.0738831$ & $-0.0296863$ & $0.0188745$ & $-0.00398512$ & $-0.0207193$ & $-0.0319428$ & $0.0561012$ & $0.0220273$ & $0.0842827$ & $0.0160288$ & $-0.0127681$ & $0.00323435$ & $-0.00650796$ & $-0.00616327$ & $-0.00662908$ & $-0.00231101$ & $-0.0169109$ & $-0.0190934$ & $-0.0268488$ & $0.00916592$ & $-0.00104298$ & $-0.0140798$ & $-0.0038148$ & $-0.0221683$ & $-0.0128811$ & $-0.0277606$ & $-0.00911587$ & $-0.0376063$ & $0.0858543$ & $0.0633813$ & $-0.0123081$ & $1$ & $-0.0460052$ & $0.0353619$ & $-0.00993822$ & $0.0441298$ & $0.0027275$ & $0.0660352$ & $-0.015244$ & $0.0165915$ & $-0.101699$ & $-0.00312909$ & $-0.0250637$ & $-0.0853302$ & $0.0505812$ & $0.171354$ \\
eHggpar & $-0.0595605$ & $-0.0497837$ & $-0.0324018$ & $-0.0460708$ & $0.0131446$ & $0.00581948$ & $-0.00951253$ & $0.0151763$ & $-0.00144882$ & $-0.00954788$ & $0.00326957$ & $0.0575271$ & $0.035712$ & $-0.0197298$ & $-0.0156954$ & $0.002212$ & $-0.0373551$ & $-0.0229038$ & $-0.0345246$ & $-0.00754275$ & $-0.00313625$ & $-0.00659247$ & $0.0218659$ & $-0.0278999$ & $-0.0200687$ & $-0.0163081$ & $0.0126944$ & $0.00595265$ & $-0.00110846$ & $-0.0152226$ & $-0.0339541$ & $0.0235784$ & $-0.0124893$ & $0.0190184$ & $-0.0460052$ & $1$ & $0.0634863$ & $0.0372388$ & $-0.0748305$ & $-0.00906688$ & $-0.148385$ & $0.00302306$ & $-0.0814696$ & $-0.0340238$ & $-0.162227$ & $-0.0398626$ & $-0.0721952$ & $-0.07479$ & $0.0452361$ \\
eHWWint & $-0.115604$ & $-0.113889$ & $0.0963625$ & $0.00371022$ & $0.00572496$ & $-0.0211022$ & $0.0256904$ & $0.0113293$ & $0.00515007$ & $-0.00455114$ & $-0.00795001$ & $-0.0166591$ & $-0.00358793$ & $-0.00549206$ & $0.00225313$ & $-0.00155609$ & $0.00610775$ & $-0.00243425$ & $-0.00368802$ & $0.00463465$ & $0.00719005$ & $0.00504662$ & $0.0171403$ & $-0.000133731$ & $0.0225229$ & $-0.00712777$ & $0.0229159$ & $-0.00870136$ & $-0.0339177$ & $-0.184748$ & $-0.106968$ & $-0.0101736$ & $-0.187265$ & $0.00668876$ & $0.0353619$ & $0.0634863$ & $1$ & $0.00250051$ & $-0.100791$ & $0.0176552$ & $0.0788482$ & $-0.0376877$ & $0.054837$ & $-0.021772$ & $0.113853$ & $0.0946333$ & $-0.112248$ & $0.0913765$ & $0.0460607$ \\
eHWWpar & $0.0295107$ & $-0.00580514$ & $-0.038514$ & $0.0255165$ & $0.0159184$ & $-0.00654115$ & $-0.0395339$ & $0.00675249$ & $0.00447351$ & $-0.0349023$ & $-0.00446459$ & $-0.00436143$ & $0.0149686$ & $-0.00112095$ & $-0.0140047$ & $0.00148717$ & $-0.00750519$ & $0.00487021$ & $-0.00898751$ & $0.00311277$ & $0.00356015$ & $0.00426215$ & $0.00874206$ & $-0.00731753$ & $-0.0107726$ & $0.00145813$ & $0.00682669$ & $-0.00306476$ & $0.000512508$ & $-0.015063$ & $0.0189593$ & $-0.0411947$ & $-0.0102419$ & $0.0153784$ & $-0.00993822$ & $0.0372388$ & $0.00250051$ & $1$ & $-0.0132358$ & $-0.0224378$ & $0.0224753$ & $0.00965936$ & $0.0280774$ & $-0.00282131$ & $-0.00872909$ & $0.0412828$ & $0.0593625$ & $-0.0475712$ & $0.0149628$ \\
eHZZint & $-0.0188439$ & $-0.0143674$ & $0.0171562$ & $-0.0580806$ & $-0.00318228$ & $0.00638091$ & $0.0113095$ & $0.0331202$ & $0.0330503$ & $-0.0269801$ & $-0.0403501$ & $-0.0184518$ & $0.0110796$ & $0.0374664$ & $0.00341909$ & $0.0314625$ & $0.00855859$ & $0.0145991$ & $-0.00305214$ & $0.0414792$ & $0.0404646$ & $0.0440432$ & $0.013058$ & $-0.00321495$ & $0.0199793$ & $-0.0224363$ & $0.0292424$ & $0.00417511$ & $0.00726052$ & $-0.012163$ & $-0.0144748$ & $0.0204038$ & $0.0109321$ & $0.0216674$ & $0.0441298$ & $-0.0748305$ & $-0.100791$ & $-0.0132358$ & $1$ & $-0.0130219$ & $0.0561256$ & $-0.00809371$ & $-0.0283735$ & $-0.0224741$ & $-0.0647546$ & $-0.0431874$ & $-0.0186323$ & $-0.0192639$ & $0.0251427$ \\
eHZZpar & $-0.0230339$ & $0.0047138$ & $0.00137818$ & $0.000230083$ & $0.00564233$ & $0.00481176$ & $0.0347506$ & $-0.00785874$ & $-0.0023305$ & $0.00136014$ & $0.0215371$ & $0.0241702$ & $0.0122694$ & $-0.0270382$ & $-0.00208884$ & $-0.0130395$ & $-0.0240376$ & $-0.024138$ & $-0.0149555$ & $-0.022233$ & $-0.0197872$ & $-0.0201769$ & $-0.00503818$ & $-0.00484795$ & $-0.0163934$ & $0.0190045$ & $0.00127082$ & $0.00122006$ & $0.00483485$ & $0.0142005$ & $-0.0172472$ & $0.0426029$ & $0.0384472$ & $-0.00521884$ & $0.0027275$ & $-0.00906688$ & $0.0176552$ & $-0.0224378$ & $-0.0130219$ & $1$ & $-0.0140244$ & $0.0118065$ & $-0.00893986$ & $0.00124653$ & $-0.0317244$ & $0.0108619$ & $-0.0294743$ & $-0.00477518$ & $0.0438297$ \\
eHZgaint & $-0.0187539$ & $-0.0654565$ & $-0.0307057$ & $0.0327276$ & $-0.018095$ & $-0.0153704$ & $0.0143615$ & $0.0273413$ & $0.026977$ & $-0.0626277$ & $-0.0218622$ & $-0.0361071$ & $-0.00789344$ & $-0.00284735$ & $0.0223723$ & $0.021702$ & $-0.00743563$ & $-0.0234028$ & $-0.0253567$ & $0.019009$ & $0.0188106$ & $0.0182117$ & $-0.00976897$ & $-0.0171776$ & $-0.015047$ & $-0.0115175$ & $-0.00245847$ & $0.0268867$ & $-0.0049054$ & $-0.00429042$ & $0.0787472$ & $0.00599417$ & $0.0697888$ & $0.00386898$ & $0.0660352$ & $-0.148385$ & $0.0788482$ & $0.0224753$ & $0.0561256$ & $-0.0140244$ & $1$ & $-0.0297865$ & $0.0129448$ & $0.142442$ & $0.0632024$ & $0.174643$ & $0.201972$ & $-0.106061$ & $0.233081$ \\
eHZgapar & $-0.00931881$ & $-0.00316229$ & $0.00260721$ & $-0.00111855$ & $0.0120237$ & $0.0242412$ & $0.0149806$ & $-0.0212074$ & $-0.0181751$ & $0.0179004$ & $0.0233469$ & $0.000452666$ & $-0.00781102$ & $-0.000259737$ & $-0.0116311$ & $-0.00916224$ & $-0.00834507$ & $0.00664326$ & $0.00513284$ & $-0.0226079$ & $-0.022704$ & $-0.0224317$ & $-0.0167883$ & $0.0124865$ & $-0.00260407$ & $0.0147258$ & $-0.0194261$ & $0.0181488$ & $0.00136895$ & $-0.00618376$ & $-0.00515454$ & $0.0113849$ & $-0.026145$ & $-0.010414$ & $-0.015244$ & $0.00302306$ & $-0.0376877$ & $0.00965936$ & $-0.00809371$ & $0.0118065$ & $-0.0297865$ & $1$ & $0.0201773$ & $0.00609346$ & $-0.0417426$ & $-0.0182269$ & $0.00708608$ & $-0.00228099$ & $-0.0342829$ \\
eHgagaint & $-0.0711681$ & $-0.0577121$ & $0.13772$ & $0.0643495$ & $-0.00754169$ & $-0.00686186$ & $-0.00986367$ & $-0.0124192$ & $0.055326$ & $-0.0194316$ & $0.0220666$ & $-0.0189478$ & $-0.00438677$ & $-0.0196754$ & $0.00344487$ & $-0.00898902$ & $-0.0143086$ & $-0.0145472$ & $-0.00739528$ & $-0.0193859$ & $-0.0230434$ & $-0.0217117$ & $-0.0304565$ & $0.00546237$ & $-0.0121038$ & $0.0352243$ & $-0.0199042$ & $-0.00690463$ & $-0.00930205$ & $-0.0148121$ & $-0.00623568$ & $-0.0162751$ & $-0.0489793$ & $-0.0148843$ & $0.0165915$ & $-0.0814696$ & $0.054837$ & $0.0280774$ & $-0.0283735$ & $-0.00893986$ & $0.0129448$ & $0.0201773$ & $1$ & $-0.0727975$ & $-0.0159125$ & $0.0751794$ & $0.00635356$ & $-0.0369932$ & $-0.0552181$ \\
eHmumuint & $0.0694872$ & $0.0399911$ & $0.0591601$ & $0.00851572$ & $0.0195101$ & $0.00132815$ & $-0.0209513$ & $-0.00525193$ & $-0.00952245$ & $-0.0186397$ & $-0.00340918$ & $-0.0334113$ & $-0.0147542$ & $0.0107898$ & $-0.0173861$ & $-0.00783871$ & $0.0239611$ & $0.0258949$ & $0.0179744$ & $0.00139376$ & $0.00602637$ & $0.00513458$ & $0.0215262$ & $0.000759777$ & $0.0158455$ & $-0.0245006$ & $0.00900169$ & $0.0113762$ & $-0.0111414$ & $0.00606364$ & $0.0300524$ & $-0.0407683$ & $0.0230625$ & $0.0155335$ & $-0.101699$ & $-0.0340238$ & $-0.021772$ & $-0.00282131$ & $-0.0224741$ & $0.00124653$ & $0.142442$ & $0.00609346$ & $-0.0727975$ & $1$ & $0.027083$ & $0.0791149$ & $0.0610113$ & $-0.0296472$ & $0.0392317$ \\
eHtautauint & $0.124167$ & $-0.0186515$ & $-0.0290992$ & $0.0523547$ & $-0.0314285$ & $0.0129999$ & $-0.0148733$ & $-0.0229686$ & $-0.0269779$ & $0.00819058$ & $0.00802143$ & $-0.00476356$ & $-0.00302516$ & $0.0119041$ & $0.0188086$ & $-0.0101689$ & $0.0281612$ & $0.0132805$ & $0.029496$ & $-0.00506456$ & $-0.0111011$ & $-0.0171697$ & $0.0117483$ & $0.0313289$ & $-0.00304216$ & $-0.00228526$ & $-0.031549$ & $0.0261792$ & $-0.00172317$ & $0.0675057$ & $0.0539073$ & $-0.0198096$ & $-0.0145633$ & $-0.0334522$ & $-0.00312909$ & $-0.162227$ & $0.113853$ & $-0.00872909$ & $-0.0647546$ & $-0.0317244$ & $0.0632024$ & $-0.0417426$ & $-0.0159125$ & $0.027083$ & $1$ & $0.0402699$ & $0.145501$ & $-0.0254474$ & $-0.0254064$ \\
eHccint & $0.137907$ & $-0.0628647$ & $0.0473382$ & $0.0476986$ & $-0.00503436$ & $-0.00826098$ & $0.00738778$ & $0.00547248$ & $0.0117115$ & $-0.0128011$ & $-0.0150159$ & $-0.00228533$ & $0.00363661$ & $0.0178213$ & $0.00871363$ & $0.00323523$ & $0.0169863$ & $0.0112452$ & $0.0121536$ & $0.0133189$ & $0.0109397$ & $0.0127794$ & $-0.00333038$ & $0.00665454$ & $-0.00573212$ & $-0.00973948$ & $-0.00699859$ & $-0.00488766$ & $-0.00130151$ & $0.00129655$ & $0.0877042$ & $-0.00526674$ & $-0.0173491$ & $-0.00572765$ & $-0.0250637$ & $-0.0398626$ & $0.0946333$ & $0.0412828$ & $-0.0431874$ & $0.0108619$ & $0.174643$ & $-0.0182269$ & $0.0751794$ & $0.0791149$ & $0.0402699$ & $1$ & $0.027772$ & $-0.0654942$ & $0.0253114$ \\
eHccpar & $0.14876$ & $0.0969857$ & $0.00857326$ & $0.0700965$ & $0.00250728$ & $-0.0125836$ & $0.00860369$ & $-0.0209612$ & $-0.0180287$ & $-0.0226764$ & $0.0244022$ & $0.00536922$ & $0.011267$ & $-0.0293938$ & $0.0204858$ & $0.00110567$ & $-0.00360138$ & $-0.0221965$ & $-0.0107807$ & $-0.0187873$ & $-0.025035$ & $-0.0270901$ & $-0.0187942$ & $-0.00327553$ & $-0.040769$ & $0.0113915$ & $-0.0434762$ & $-0.00746335$ & $0.0355335$ & $0.0383399$ & $0.34656$ & $0.00557753$ & $0.0181654$ & $-0.0239701$ & $-0.0853302$ & $-0.0721952$ & $-0.112248$ & $0.0593625$ & $-0.0186323$ & $-0.0294743$ & $0.201972$ & $0.00708608$ & $0.00635356$ & $0.0610113$ & $0.145501$ & $0.027772$ & $1$ & $-0.063869$ & $-0.0113021$ \\
eHbbint & $-0.0288033$ & $-0.0408643$ & $-0.0494857$ & $-0.0276469$ & $-0.00133936$ & $0.0107932$ & $-0.0178727$ & $-0.0188529$ & $-0.0264569$ & $0.00696258$ & $0.0218634$ & $-0.00134485$ & $0.00750802$ & $-0.00564598$ & $0.00155299$ & $-0.0095267$ & $-0.0127145$ & $-0.00562877$ & $0.00217488$ & $-0.0218009$ & $-0.0245017$ & $-0.0254768$ & $-0.01102$ & $0.00816062$ & $0.00176093$ & $0.0237589$ & $-0.0115494$ & $-0.0161656$ & $-0.0224111$ & $-0.0233964$ & $-0.0593689$ & $-0.015088$ & $0.133384$ & $-0.0233787$ & $0.0505812$ & $-0.07479$ & $0.0913765$ & $-0.0475712$ & $-0.0192639$ & $-0.00477518$ & $-0.106061$ & $-0.00228099$ & $-0.0369932$ & $-0.0296472$ & $-0.0254474$ & $-0.0654942$ & $-0.063869$ & $1$ & $0.00138857$ \\
eHbbpar & $-0.0732312$ & $0.0853515$ & $0.0165446$ & $0.0954627$ & $-0.00621728$ & $0.00261419$ & $0.000928433$ & $-0.0059738$ & $-0.00881195$ & $0.0117066$ & $0.00383198$ & $0.014706$ & $-0.00180633$ & $0.0025692$ & $0.0177282$ & $0.00490519$ & $0.00337597$ & $-0.0082787$ & $-0.00235605$ & $-0.00039478$ & $-0.00309239$ & $-0.00952503$ & $-0.00757606$ & $0.0145731$ & $0.00337679$ & $0.00669806$ & $-0.0113557$ & $-0.00583473$ & $-0.00362865$ & $-0.0152293$ & $-0.00822945$ & $0.0225489$ & $0.429524$ & $-0.0142516$ & $0.171354$ & $0.0452361$ & $0.0460607$ & $0.0149628$ & $0.0251427$ & $0.0438297$ & $0.233081$ & $-0.0342829$ & $-0.0552181$ & $0.0392317$ & $-0.0254064$ & $0.0253114$ & $-0.0113021$ & $0.00138857$ & $1$ \\
