 & AlsMz & dAle5Mz & mtop & mHl & Mz & CW & CHG & CHWB & CHWHB_gaga & CHWHB_gagaorth & CHD & CHbox & CH & CHL1_11 & CHL1_22 & CHL1_33 & CHL3_11 & CHL3_22 & CHL3_33 & CHe_11 & CHe_22 & CHe_33 & CHQ1_11 & CHQ1_33 & CHQ3_11 & CHu_11 & CHd_11 & CHd_33 & CeH_22r & CeH_33r & CuH_22r & CuH_33r & CdH_33r & CLL_1221 & eHggint & eHggpar & eHWWint & eHWWpar & eHZZint & eHZZpar & eHZgaint & eHZgapar & eHgagaint & eHmumuint & eHtautauint & eHccint & eHccpar & eHbbint & eHbbpar \\
AlsMz & $1$ & $-0.0643539$ & $-0.00458247$ & $0.00909256$ & $-0.0488527$ & $0.0132446$ & $0.0108337$ & $0.0411119$ & $0.0360908$ & $-0.0548144$ & $-0.0423249$ & $0.00899784$ & $-0.0350803$ & $0.00880957$ & $-0.0267497$ & $-0.0236545$ & $-0.0159062$ & $0.0029143$ & $0.00802337$ & $0.0274163$ & $0.0372824$ & $0.0367084$ & $0.0336445$ & $-0.120547$ & $-0.131768$ & $-0.0843852$ & $0.00354522$ & $0.00826494$ & $-0.0246454$ & $-0.0040572$ & $0.0954294$ & $0.0189163$ & $0.0188286$ & $0.0442288$ & $-0.0224303$ & $-0.0187556$ & $0.018463$ & $0.0217829$ & $-0.0593383$ & $-0.0711146$ & $0.00440703$ & $-0.0423098$ & $-0.0392808$ & $-0.074753$ & $0.0209271$ & $-0.0519115$ & $0.0922804$ & $0.0218118$ & $0.014424$ \\
dAle5Mz & $-0.0643539$ & $1$ & $-0.00798907$ & $-0.0399433$ & $0.0120513$ & $0.0761976$ & $0.031717$ & $-0.119543$ & $-0.108126$ & $0.0925567$ & $0.118382$ & $0.0150012$ & $0.0325026$ & $-0.0617503$ & $-0.0604301$ & $-0.0586213$ & $-0.0127525$ & $0.015668$ & $0.00739915$ & $-0.0918146$ & $-0.0862953$ & $-0.0832769$ & $0.025152$ & $0.0225654$ & $0.0274001$ & $0.0479714$ & $0.0228939$ & $-0.0792176$ & $0.00389299$ & $-0.00887075$ & $-0.0197878$ & $0.0163077$ & $-0.0376943$ & $0.0283471$ & $0.0231233$ & $0.00668694$ & $0.012157$ & $0.00793606$ & $-0.00271468$ & $-0.0282513$ & $0.00187808$ & $0.0102454$ & $0.0243701$ & $0.0354926$ & $-0.023148$ & $0.0086862$ & $0.0174499$ & $-0.0608741$ & $-0.0156694$ \\
mtop & $-0.00458247$ & $-0.00798907$ & $1$ & $0.0233729$ & $0.042113$ & $0.000113029$ & $0.0104516$ & $-0.076556$ & $-0.0827717$ & $0.0884292$ & $0.05852$ & $0.0218704$ & $0.00497181$ & $0.0203619$ & $-0.0509864$ & $-0.0189561$ & $0.0544233$ & $0.0818267$ & $0.0557104$ & $-0.0488946$ & $-0.0499832$ & $-0.0622058$ & $0.0347597$ & $0.08314$ & $0.0905521$ & $0.00706453$ & $0.0166501$ & $-0.00558441$ & $0.02387$ & $-0.0018464$ & $-0.00151414$ & $0.0147834$ & $0.0203795$ & $-0.0170333$ & $-0.0374347$ & $0.0242233$ & $-0.0104995$ & $-0.054746$ & $0.0394201$ & $-0.0320686$ & $0.0405906$ & $0.0352439$ & $-0.0545054$ & $-0.0115502$ & $0.0869057$ & $0.0639759$ & $-0.00870113$ & $-0.045419$ & $0.00964706$ \\
mHl & $0.00909256$ & $-0.0399433$ & $0.0233729$ & $1$ & $0.0363816$ & $-0.00916118$ & $-0.047826$ & $-0.00222639$ & $-0.0027065$ & $0.00932584$ & $-0.00589553$ & $0.0236547$ & $-0.0252352$ & $0.0287991$ & $0.0368174$ & $0.0323757$ & $0.00146267$ & $-0.00732594$ & $0.00716934$ & $0.00786499$ & $-0.000154233$ & $-0.00293154$ & $-0.0296561$ & $-0.00109862$ & $0.00949865$ & $0.00686546$ & $-0.0244429$ & $-0.0629823$ & $0.029072$ & $-0.0275828$ & $0.0650076$ & $-0.0616417$ & $-0.0113113$ & $-0.0413076$ & $-0.0236432$ & $-0.036813$ & $0.020969$ & $-0.00281217$ & $-0.0409862$ & $0.022415$ & $0.0191609$ & $-0.0140753$ & $0.00644611$ & $-0.0223859$ & $0.0334469$ & $0.00936519$ & $0.0167008$ & $0.000930514$ & $-0.00535212$ \\
Mz & $-0.0488527$ & $0.0120513$ & $0.042113$ & $0.0363816$ & $1$ & $0.0264266$ & $-0.0243417$ & $-0.0151037$ & $-0.0143063$ & $-0.0487911$ & $0.0291064$ & $-0.0108858$ & $-0.0199465$ & $-0.0120151$ & $-0.0200271$ & $-0.00212212$ & $-0.00984364$ & $0.0050437$ & $-0.00141451$ & $-0.0182411$ & $-0.0170539$ & $-0.0225769$ & $0.0365197$ & $0.00824186$ & $-0.00166273$ & $0.0121978$ & $0.00631628$ & $-0.00283978$ & $-0.026202$ & $-0.0550978$ & $0.0198302$ & $-0.0355898$ & $-0.0184205$ & $0.00204385$ & $-0.00425915$ & $0.0508621$ & $0.0432395$ & $-0.046354$ & $0.0246408$ & $-0.0348207$ & $0.0243792$ & $0.0187007$ & $0.0351305$ & $-0.0508663$ & $-0.0330217$ & $-0.0143152$ & $0.0507703$ & $-0.0149646$ & $0.0299566$ \\
CW & $0.0132446$ & $0.0761976$ & $0.000113029$ & $-0.00916118$ & $0.0264266$ & $1$ & $-0.00140025$ & $-0.0908093$ & $-0.0876188$ & $-0.0356388$ & $0.166102$ & $-0.0247866$ & $0.0275868$ & $0.0192767$ & $-0.0818413$ & $-0.0732771$ & $-0.275043$ & $-0.0722741$ & $-0.082426$ & $-0.166725$ & $-0.163722$ & $-0.167554$ & $-0.0212517$ & $-0.0310115$ & $-0.128572$ & $0.0972862$ & $-0.0716893$ & $-0.083374$ & $0.0425379$ & $-0.00646737$ & $-0.0312455$ & $-0.0101093$ & $-0.0129621$ & $-0.0851726$ & $0.00229703$ & $-0.0610644$ & $0.0107981$ & $0.0253103$ & $-0.0379725$ & $-0.0254256$ & $-0.00113823$ & $-0.0492277$ & $-0.0353205$ & $0.00752697$ & $-0.050972$ & $-0.00218003$ & $-0.0289433$ & $-0.0727458$ & $0.0206371$ \\
CHG & $0.0108337$ & $0.031717$ & $0.0104516$ & $-0.047826$ & $-0.0243417$ & $-0.00140025$ & $1$ & $-0.103116$ & $-0.0541667$ & $0.0929024$ & $0.048737$ & $0.272538$ & $-0.309144$ & $0.0609505$ & $-0.0338645$ & $-0.0882723$ & $0.112768$ & $0.111877$ & $0.150541$ & $-0.0512527$ & $-0.0459859$ & $-0.0510383$ & $0.0304346$ & $0.0882296$ & $0.120939$ & $0.0105349$ & $-0.00799024$ & $-0.0427897$ & $0.0240929$ & $-0.122112$ & $-0.0935927$ & $0.925856$ & $-0.135013$ & $-0.0500537$ & $0.034943$ & $-0.0252248$ & $0.0210893$ & $0.00833677$ & $0.0222846$ & $0.00252435$ & $-0.0122351$ & $0.0146491$ & $-0.0334664$ & $-0.0219224$ & $0.00924964$ & $-0.0131362$ & $-0.0676627$ & $-0.00193061$ & $-0.000304836$ \\
CHWB & $0.0411119$ & $-0.119543$ & $-0.076556$ & $-0.00222639$ & $-0.0151037$ & $-0.0908093$ & $-0.103116$ & $1$ & $0.982647$ & $-0.564947$ & $-0.865827$ & $-0.424139$ & $0.332005$ & $0.084412$ & $0.268081$ & $0.244768$ & $-0.255051$ & $-0.429614$ & $-0.41234$ & $0.834433$ & $0.885226$ & $0.871705$ & $0.0972785$ & $-0.687718$ & $-0.40538$ & $-0.499592$ & $0.425644$ & $0.303345$ & $0.0920063$ & $0.125586$ & $0.0527586$ & $-0.0941469$ & $0.132081$ & $0.559522$ & $-0.0202168$ & $-0.0216686$ & $-0.0615692$ & $0.0351133$ & $0.0204252$ & $-0.0120514$ & $-0.0139077$ & $-0.0573585$ & $0.0129054$ & $0.00116887$ & $-0.00384838$ & $0.0118929$ & $0.00829793$ & $0.0378112$ & $0.0219243$ \\
CHWHB_gaga & $0.0360908$ & $-0.108126$ & $-0.0827717$ & $-0.0027065$ & $-0.0143063$ & $-0.0876188$ & $-0.0541667$ & $0.982647$ & $1$ & $-0.549149$ & $-0.848823$ & $-0.402023$ & $0.323852$ & $0.0757249$ & $0.260807$ & $0.237824$ & $-0.253777$ & $-0.425102$ & $-0.408663$ & $0.818233$ & $0.868073$ & $0.853812$ & $0.0898661$ & $-0.679702$ & $-0.406092$ & $-0.490898$ & $0.412993$ & $0.289545$ & $0.09559$ & $0.150645$ & $0.0617528$ & $-0.0554386$ & $0.155187$ & $0.552795$ & $-0.0349526$ & $-0.0338921$ & $-0.0822247$ & $0.0382859$ & $0.032086$ & $-0.0153759$ & $-0.016719$ & $-0.0521429$ & $0.0836721$ & $-0.0035919$ & $-0.00175183$ & $0.0199491$ & $0.0119894$ & $0.0365558$ & $0.0215936$ \\
CHWHB_gagaorth & $-0.0548144$ & $0.0925567$ & $0.0884292$ & $0.00932584$ & $-0.0487911$ & $-0.0356388$ & $0.0929024$ & $-0.564947$ & $-0.549149$ & $1$ & $0.32703$ & $0.557029$ & $-0.255918$ & $0.236573$ & $-0.118062$ & $-0.097689$ & $0.465844$ & $0.509356$ & $0.490758$ & $-0.310956$ & $-0.341254$ & $-0.341813$ & $-0.0507264$ & $0.577729$ & $0.505889$ & $0.191058$ & $-0.205568$ & $-0.152544$ & $-0.0310043$ & $-0.135441$ & $-0.082179$ & $0.116684$ & $-0.106411$ & $-0.322514$ & $0.078018$ & $-0.025408$ & $0.0365244$ & $-0.0511538$ & $-0.040332$ & $0.018709$ & $-0.0446138$ & $0.0177892$ & $0.00457021$ & $-0.00550627$ & $0.035255$ & $0.0125325$ & $-0.0211009$ & $-0.00717912$ & $-0.00573861$ \\
CHD & $-0.0423249$ & $0.118382$ & $0.05852$ & $-0.00589553$ & $0.0291064$ & $0.166102$ & $0.048737$ & $-0.865827$ & $-0.848823$ & $0.32703$ & $1$ & $0.273366$ & $-0.151491$ & $-0.522239$ & $-0.40426$ & $-0.372063$ & $-0.227289$ & $0.0354582$ & $0.0172302$ & $-0.989983$ & $-0.990623$ & $-0.967153$ & $-0.04106$ & $0.305797$ & $-0.000859943$ & $0.56296$ & $-0.282234$ & $-0.332467$ & $-0.0622485$ & $-0.0658392$ & $-0.0485305$ & $0.0520384$ & $-0.0848509$ & $-0.349351$ & $0.0187637$ & $0.0571649$ & $0.0444101$ & $-0.00753347$ & $0.00783593$ & $0.0141939$ & $0.0410488$ & $0.071454$ & $0.00183634$ & $0.0111871$ & $0.00430594$ & $-0.0293813$ & $-0.0128815$ & $-0.0349706$ & $-0.0124503$ \\
CHbox & $0.00899784$ & $0.0150012$ & $0.0218704$ & $0.0236547$ & $-0.0108858$ & $-0.0247866$ & $0.272538$ & $-0.424139$ & $-0.402023$ & $0.557029$ & $0.273366$ & $1$ & $-0.863345$ & $0.127794$ & $-0.0870339$ & $-0.0718542$ & $0.296464$ & $0.329157$ & $0.32475$ & $-0.26398$ & $-0.285457$ & $-0.281833$ & $-0.0253225$ & $0.399881$ & $0.326082$ & $0.155406$ & $-0.16403$ & $-0.0944701$ & $-0.0453975$ & $-0.167492$ & $-0.0834018$ & $0.269429$ & $-0.169204$ & $-0.252427$ & $0.0660633$ & $-0.00882341$ & $0.0208835$ & $-0.0470837$ & $-0.031669$ & $0.00477589$ & $-0.0395657$ & $0.0491339$ & $0.0205237$ & $-0.00813942$ & $0.00940822$ & $0.00800744$ & $-0.0133025$ & $-0.0308216$ & $-0.027114$ \\
CH & $-0.0350803$ & $0.0325026$ & $0.00497181$ & $-0.0252352$ & $-0.0199465$ & $0.0275868$ & $-0.309144$ & $0.332005$ & $0.323852$ & $-0.255918$ & $-0.151491$ & $-0.863345$ & $1$ & $-0.233038$ & $0.0586112$ & $0.0526896$ & $-0.350831$ & $-0.363127$ & $-0.365547$ & $0.1519$ & $0.163644$ & $0.164008$ & $0.0244912$ & $-0.376222$ & $-0.356951$ & $-0.0896527$ & $0.124602$ & $0.0373776$ & $0.0715823$ & $0.299849$ & $0.112982$ & $-0.248757$ & $0.32676$ & $0.207975$ & $-0.00142562$ & $0.0136911$ & $-0.0340158$ & $0.0313438$ & $0.0242465$ & $0.00355833$ & $0.0404943$ & $-0.0461814$ & $-0.0222082$ & $0.0175977$ & $0.0155442$ & $-0.000690435$ & $-0.000103243$ & $0.0358072$ & $0.0402505$ \\
CHL1_11 & $0.00880957$ & $-0.0617503$ & $0.0203619$ & $0.0287991$ & $-0.0120151$ & $0.0192767$ & $0.0609505$ & $0.084412$ & $0.0757249$ & $0.236573$ & $-0.522239$ & $0.127794$ & $-0.233038$ & $1$ & $0.294785$ & $0.273963$ & $0.665933$ & $0.602768$ & $0.608623$ & $0.542263$ & $0.478121$ & $0.452083$ & $-0.0861919$ & $0.473173$ & $0.596034$ & $-0.269082$ & $-0.129411$ & $0.141975$ & $-0.0227306$ & $-0.0624634$ & $-0.00275283$ & $0.0402048$ & $-0.0515174$ & $-0.240486$ & $-0.0134189$ & $-0.0885995$ & $0.0204842$ & $-0.031378$ & $-0.0795949$ & $-0.0129772$ & $-0.0592571$ & $-0.056688$ & $-0.030857$ & $-0.0305504$ & $-0.00175219$ & $0.0541245$ & $-0.00183876$ & $-0.00706358$ & $0.000104484$ \\
CHL1_22 & $-0.0267497$ & $-0.0604301$ & $-0.0509864$ & $0.0368174$ & $-0.0200271$ & $-0.0818413$ & $-0.0338645$ & $0.268081$ & $0.260807$ & $-0.118062$ & $-0.40426$ & $-0.0870339$ & $0.0586112$ & $0.294785$ & $1$ & $0.429233$ & $0.17097$ & $-0.416466$ & $0.0115878$ & $0.470167$ & $0.316803$ & $0.310851$ & $-0.214655$ & $0.113215$ & $-0.103397$ & $-0.15864$ & $-0.419612$ & $0.10685$ & $-0.00847202$ & $0.0281093$ & $0.0362659$ & $-0.0273926$ & $0.00681273$ & $-0.617409$ & $0.0167592$ & $-0.06473$ & $-0.0133863$ & $-0.034149$ & $0.00418045$ & $0.0234465$ & $0.0361601$ & $-0.0123514$ & $-0.0318806$ & $-0.00772652$ & $0.00458759$ & $0.0169114$ & $-0.00273811$ & $-0.0310985$ & $-0.0431259$ \\
CHL1_33 & $-0.0236545$ & $-0.0586213$ & $-0.0189561$ & $0.0323757$ & $-0.00212212$ & $-0.0732771$ & $-0.0882723$ & $0.244768$ & $0.237824$ & $-0.097689$ & $-0.372063$ & $-0.0718542$ & $0.0526896$ & $0.273963$ & $0.429233$ & $1$ & $0.147263$ & $-0.00202838$ & $-0.409135$ & $0.441712$ & $0.28986$ & $0.30421$ & $-0.172518$ & $0.143164$ & $-0.107728$ & $-0.151155$ & $-0.40847$ & $0.10485$ & $0.0147606$ & $0.016336$ & $0.0704623$ & $-0.0777961$ & $0.00192832$ & $-0.139744$ & $-0.0267092$ & $-0.0221358$ & $-0.0339685$ & $-0.00777123$ & $0.0305388$ & $-0.0137824$ & $0.0430943$ & $-0.000501556$ & $0.0257149$ & $-0.0335437$ & $0.0285627$ & $0.012751$ & $0.0026949$ & $-0.0237756$ & $-0.03957$ \\
CHL3_11 & $-0.0159062$ & $-0.0127525$ & $0.0544233$ & $0.00146267$ & $-0.00984364$ & $-0.275043$ & $0.112768$ & $-0.255051$ & $-0.253777$ & $0.465844$ & $-0.227289$ & $0.296464$ & $-0.350831$ & $0.665933$ & $0.17097$ & $0.147263$ & $1$ & $0.753677$ & $0.760925$ & $0.251918$ & $0.193265$ & $0.175623$ & $-0.056933$ & $0.674146$ & $0.794301$ & $-0.11982$ & $-0.162234$ & $0.0567608$ & $-0.054611$ & $-0.121128$ & $-0.0192252$ & $0.0872108$ & $-0.0887246$ & $-0.258098$ & $0.00766153$ & $-0.034459$ & $0.0309281$ & $-0.0553822$ & $-0.0230475$ & $-0.00062152$ & $-0.0656935$ & $-0.0158302$ & $-0.0255432$ & $-0.0237859$ & $-0.0108156$ & $0.0213668$ & $0.00284523$ & $0.0158238$ & $-0.0206298$ \\
CHL3_22 & $0.0029143$ & $0.015668$ & $0.0818267$ & $-0.00732594$ & $0.0050437$ & $-0.0722741$ & $0.111877$ & $-0.429614$ & $-0.425102$ & $0.509356$ & $0.0354582$ & $0.329157$ & $-0.363127$ & $0.602768$ & $-0.416466$ & $-0.00202838$ & $0.753677$ & $1$ & $0.676243$ & $-0.0344071$ & $-0.0325311$ & $-0.0452083$ & $0.0306113$ & $0.633498$ & $0.797654$ & $0.00030243$ & $-0.0101223$ & $-0.0206418$ & $-0.0498523$ & $-0.12324$ & $-0.0251976$ & $0.0872484$ & $-0.0874218$ & $0.0235204$ & $-0.012747$ & $-0.0177938$ & $0.0387055$ & $-0.026866$ & $-0.0502499$ & $-0.0185156$ & $-0.0717261$ & $-0.0144869$ & $-0.00284678$ & $-0.0244729$ & $-0.000692634$ & $0.0252226$ & $0.00855213$ & $0.0157057$ & $0.0117573$ \\
CHL3_33 & $0.00802337$ & $0.00739915$ & $0.0557104$ & $0.00716934$ & $-0.00141451$ & $-0.082426$ & $0.150541$ & $-0.41234$ & $-0.408663$ & $0.490758$ & $0.0172302$ & $0.32475$ & $-0.365547$ & $0.608623$ & $0.0115878$ & $-0.409135$ & $0.760925$ & $0.676243$ & $1$ & $-0.0192469$ & $-0.0169254$ & $-0.0212215$ & $0.0006781$ & $0.606868$ & $0.796715$ & $-0.000188017$ & $-0.0113424$ & $-0.0156468$ & $-0.0672341$ & $-0.117681$ & $-0.0439869$ & $0.122746$ & $-0.0852229$ & $-0.339053$ & $0.0187399$ & $-0.0413336$ & $0.0563919$ & $-0.0573442$ & $-0.0697974$ & $0.00850324$ & $-0.0713822$ & $-0.0221077$ & $-0.0459962$ & $-0.000225067$ & $-0.020149$ & $0.0275264$ & $0.00949891$ & $0.0111725$ & $0.0183061$ \\
CHe_11 & $0.0274163$ & $-0.0918146$ & $-0.0488946$ & $0.00786499$ & $-0.0182411$ & $-0.166725$ & $-0.0512527$ & $0.834433$ & $0.818233$ & $-0.310956$ & $-0.989983$ & $-0.26398$ & $0.1519$ & $0.542263$ & $0.470167$ & $0.441712$ & $0.251918$ & $-0.0344071$ & $-0.0192469$ & $1$ & $0.971599$ & $0.948568$ & $0.0132126$ & $-0.249773$ & $0.0128742$ & $-0.549342$ & $0.208388$ & $0.326525$ & $0.0570282$ & $0.0651719$ & $0.0565905$ & $-0.052738$ & $0.0844364$ & $0.270269$ & $-0.0199707$ & $-0.06046$ & $-0.0439565$ & $0.00318265$ & $-0.00369423$ & $-0.0124995$ & $-0.031865$ & $-0.069293$ & $-0.001278$ & $-0.0121958$ & $-0.00113544$ & $0.0300983$ & $0.0155338$ & $0.0275312$ & $0.0102888$ \\
CHe_22 & $0.0372824$ & $-0.0862953$ & $-0.0499832$ & $-0.000154233$ & $-0.0170539$ & $-0.163722$ & $-0.0459859$ & $0.885226$ & $0.868073$ & $-0.341254$ & $-0.990623$ & $-0.285457$ & $0.163644$ & $0.478121$ & $0.316803$ & $0.28986$ & $0.193265$ & $-0.0325311$ & $-0.0169254$ & $0.971599$ & $1$ & $0.972634$ & $0.076225$ & $-0.364243$ & $-0.00720131$ & $-0.569649$ & $0.366583$ & $0.334207$ & $0.0682814$ & $0.0673926$ & $0.0414554$ & $-0.0502819$ & $0.0892183$ & $0.440747$ & $-0.0139078$ & $-0.0501867$ & $-0.0433633$ & $0.0112864$ & $-0.00761695$ & $-0.0164781$ & $-0.0430539$ & $-0.0748781$ & $-0.00089636$ & $-0.00601174$ & $-0.00639667$ & $0.0283639$ & $0.0117745$ & $0.0378147$ & $0.0198362$ \\
CHe_33 & $0.0367084$ & $-0.0832769$ & $-0.0622058$ & $-0.00293154$ & $-0.0225769$ & $-0.167554$ & $-0.0510383$ & $0.871705$ & $0.853812$ & $-0.341813$ & $-0.967153$ & $-0.281833$ & $0.164008$ & $0.452083$ & $0.310851$ & $0.30421$ & $0.175623$ & $-0.0452083$ & $-0.0212215$ & $0.948568$ & $0.972634$ & $1$ & $0.0815633$ & $-0.36653$ & $-0.0160517$ & $-0.554934$ & $0.36757$ & $0.326346$ & $0.0647539$ & $0.0663227$ & $0.047773$ & $-0.0524317$ & $0.0927128$ & $0.437387$ & $-0.0168146$ & $-0.0381063$ & $-0.0467866$ & $0.00683963$ & $-0.00216607$ & $-0.0168789$ & $-0.0449394$ & $-0.0643669$ & $-0.00463443$ & $0.00126356$ & $-0.0081286$ & $0.0183895$ & $0.013334$ & $0.0474918$ & $0.023346$ \\
CHQ1_11 & $0.0336445$ & $0.025152$ & $0.0347597$ & $-0.0296561$ & $0.0365197$ & $-0.0212517$ & $0.0304346$ & $0.0972785$ & $0.0898661$ & $-0.0507264$ & $-0.04106$ & $-0.0253225$ & $0.0244912$ & $-0.0861919$ & $-0.214655$ & $-0.172518$ & $-0.056933$ & $0.0306113$ & $0.0006781$ & $0.0132126$ & $0.076225$ & $0.0815633$ & $1$ & $-0.165023$ & $0.0769553$ & $-0.681947$ & $0.381938$ & $0.00081631$ & $0.0269313$ & $0.023697$ & $0.0333111$ & $0.0262207$ & $0.0459792$ & $0.26507$ & $-0.00611752$ & $0.0138312$ & $-0.0365076$ & $-0.0107397$ & $-0.0122718$ & $-0.0159433$ & $0.0391879$ & $0.00181172$ & $-0.0157421$ & $0.0309388$ & $-0.0098347$ & $-0.0205471$ & $0.00934042$ & $-0.000208246$ & $0.0099342$ \\
CHQ1_33 & $-0.120547$ & $0.0225654$ & $0.08314$ & $-0.00109862$ & $0.00824186$ & $-0.0310115$ & $0.0882296$ & $-0.687718$ & $-0.679702$ & $0.577729$ & $0.305797$ & $0.399881$ & $-0.376222$ & $0.473173$ & $0.113215$ & $0.143164$ & $0.674146$ & $0.633498$ & $0.606868$ & $-0.249773$ & $-0.364243$ & $-0.36653$ & $-0.165023$ & $1$ & $0.642662$ & $0.210123$ & $-0.445568$ & $-0.0438446$ & $-0.0741262$ & $-0.143858$ & $-0.0394929$ & $0.0766779$ & $-0.121734$ & $-0.627073$ & $0.00514804$ & $-0.0292748$ & $0.0318991$ & $-0.0730855$ & $-0.0462603$ & $0.007772$ & $0.00617053$ & $0.0234523$ & $-0.00449294$ & $-0.0209047$ & $-7.34834e-07$ & $0.0248568$ & $-0.00158269$ & $-0.0261982$ & $-0.018069$ \\
CHQ3_11 & $-0.131768$ & $0.0274001$ & $0.0905521$ & $0.00949865$ & $-0.00166273$ & $-0.128572$ & $0.120939$ & $-0.40538$ & $-0.406092$ & $0.505889$ & $-0.000859943$ & $0.326082$ & $-0.356951$ & $0.596034$ & $-0.103397$ & $-0.107728$ & $0.794301$ & $0.797654$ & $0.796715$ & $0.0128742$ & $-0.00720131$ & $-0.0160517$ & $0.0769553$ & $0.642662$ & $1$ & $0.00912849$ & $0.184609$ & $-0.0158618$ & $-0.0404476$ & $-0.118122$ & $-0.027177$ & $0.0951563$ & $-0.0833501$ & $-0.209528$ & $0.000786652$ & $-0.0452181$ & $0.0082985$ & $-0.0458695$ & $-0.0528518$ & $0.00932948$ & $-0.0680594$ & $-0.0121963$ & $-0.0274378$ & $-0.0146954$ & $0.00560522$ & $0.0410311$ & $0.0176082$ & $0.00395486$ & $0.0228594$ \\
CHu_11 & $-0.0843852$ & $0.0479714$ & $0.00706453$ & $0.00686546$ & $0.0121978$ & $0.0972862$ & $0.0105349$ & $-0.499592$ & $-0.490898$ & $0.191058$ & $0.56296$ & $0.155406$ & $-0.0896527$ & $-0.269082$ & $-0.15864$ & $-0.151155$ & $-0.11982$ & $0.00030243$ & $-0.000188017$ & $-0.549342$ & $-0.569649$ & $-0.554934$ & $-0.681947$ & $0.210123$ & $0.00912849$ & $1$ & $-0.179501$ & $-0.176587$ & $-0.0600255$ & $-0.0339242$ & $-0.0468877$ & $0.0121789$ & $-0.0629927$ & $-0.267296$ & $0.000852646$ & $-0.00606071$ & $0.00252119$ & $-0.0072165$ & $0.00420853$ & $-0.00197207$ & $-0.0281739$ & $0.0546264$ & $-0.00950022$ & $-0.00308754$ & $0.0236641$ & $-0.0129151$ & $-0.0224372$ & $-0.0076033$ & $-0.00444775$ \\
CHd_11 & $0.00354522$ & $0.0228939$ & $0.0166501$ & $-0.0244429$ & $0.00631628$ & $-0.0716893$ & $-0.00799024$ & $0.425644$ & $0.412993$ & $-0.205568$ & $-0.282234$ & $-0.16403$ & $0.124602$ & $-0.129411$ & $-0.419612$ & $-0.40847$ & $-0.162234$ & $-0.0101223$ & $-0.0113424$ & $0.208388$ & $0.366583$ & $0.36757$ & $0.381938$ & $-0.445568$ & $0.184609$ & $-0.179501$ & $1$ & $0.094392$ & $0.0712718$ & $0.0494861$ & $0.00933888$ & $-0.0124193$ & $0.0856379$ & $0.697746$ & $-0.0198212$ & $-0.00519781$ & $-0.0759116$ & $0.0188874$ & $-0.016905$ & $-0.00999913$ & $-0.0483277$ & $-0.0253611$ & $0.00306463$ & $0.00835716$ & $0.00361565$ & $0.0126794$ & $0.0331793$ & $0.0489374$ & $0.0757915$ \\
CHd_33 & $0.00826494$ & $-0.0792176$ & $-0.00558441$ & $-0.0629823$ & $-0.00283978$ & $-0.083374$ & $-0.0427897$ & $0.303345$ & $0.289545$ & $-0.152544$ & $-0.332467$ & $-0.0944701$ & $0.0373776$ & $0.141975$ & $0.10685$ & $0.10485$ & $0.0567608$ & $-0.0206418$ & $-0.0156468$ & $0.326525$ & $0.334207$ & $0.326346$ & $0.00081631$ & $-0.0438446$ & $-0.0158618$ & $-0.176587$ & $0.094392$ & $1$ & $0.00228228$ & $0.00856618$ & $0.00622702$ & $-0.042534$ & $0.0370037$ & $0.14921$ & $0.0283075$ & $0.0183163$ & $-0.00858438$ & $-0.0176885$ & $0.0165582$ & $-0.0528546$ & $-0.00425184$ & $-0.0465262$ & $0.0187691$ & $0.0181388$ & $-0.0137087$ & $-0.0302713$ & $0.0299596$ & $0.0108692$ & $0.0491274$ \\
CeH_22r & $-0.0246454$ & $0.00389299$ & $0.02387$ & $0.029072$ & $-0.026202$ & $0.0425379$ & $0.0240929$ & $0.0920063$ & $0.09559$ & $-0.0310043$ & $-0.0622485$ & $-0.0453975$ & $0.0715823$ & $-0.0227306$ & $-0.00847202$ & $0.0147606$ & $-0.054611$ & $-0.0498523$ & $-0.0672341$ & $0.0570282$ & $0.0682814$ & $0.0647539$ & $0.0269313$ & $-0.0741262$ & $-0.0404476$ & $-0.0600255$ & $0.0712718$ & $0.00228228$ & $1$ & $0.059725$ & $0.00988155$ & $0.00693858$ & $0.0638794$ & $0.0778111$ & $-0.0807225$ & $0.0112081$ & $-0.0539629$ & $-0.0437865$ & $0.0180747$ & $-0.0148488$ & $-0.0335585$ & $-0.0207917$ & $-0.0126122$ & $-0.0298074$ & $-0.0168594$ & $-0.00942728$ & $-0.0228573$ & $0.0496412$ & $-0.0191115$ \\
CeH_33r & $-0.0040572$ & $-0.00887075$ & $-0.0018464$ & $-0.0275828$ & $-0.0550978$ & $-0.00646737$ & $-0.122112$ & $0.125586$ & $0.150645$ & $-0.135441$ & $-0.0658392$ & $-0.167492$ & $0.299849$ & $-0.0624634$ & $0.0281093$ & $0.016336$ & $-0.121128$ & $-0.12324$ & $-0.117681$ & $0.0651719$ & $0.0673926$ & $0.0663227$ & $0.023697$ & $-0.143858$ & $-0.118122$ & $-0.0339242$ & $0.0494861$ & $0.00856618$ & $0.059725$ & $1$ & $0.326914$ & $0.0359391$ & $0.662867$ & $0.0710095$ & $-0.071129$ & $-0.0250043$ & $-0.244405$ & $-0.0236905$ & $-0.0471704$ & $-0.00433969$ & $0.0141626$ & $-0.0150965$ & $-0.00147415$ & $0.036353$ & $0.0642875$ & $0.0289647$ & $-0.0267152$ & $0.0276732$ & $0.0677883$ \\
CuH_22r & $0.0954294$ & $-0.0197878$ & $-0.00151414$ & $0.0650076$ & $0.0198302$ & $-0.0312455$ & $-0.0935927$ & $0.0527586$ & $0.0617528$ & $-0.082179$ & $-0.0485305$ & $-0.0834018$ & $0.112982$ & $-0.00275283$ & $0.0362659$ & $0.0704623$ & $-0.0192252$ & $-0.0251976$ & $-0.0439869$ & $0.0565905$ & $0.0414554$ & $0.047773$ & $0.0333111$ & $-0.0394929$ & $-0.027177$ & $-0.0468877$ & $0.00933888$ & $0.00622702$ & $0.00988155$ & $0.326914$ & $1$ & $-0.00221764$ & $0.324921$ & $0.0119774$ & $-0.0371156$ & $0.0280714$ & $-0.0810097$ & $0.0182138$ & $-0.0265549$ & $0.00958578$ & $0.0781323$ & $0.0182693$ & $-0.00204015$ & $-0.00686168$ & $0.0441343$ & $0.100057$ & $0.405675$ & $0.0274441$ & $-0.0300306$ \\
CuH_33r & $0.0189163$ & $0.0163077$ & $0.0147834$ & $-0.0616417$ & $-0.0355898$ & $-0.0101093$ & $0.925856$ & $-0.0941469$ & $-0.0554386$ & $0.116684$ & $0.0520384$ & $0.269429$ & $-0.248757$ & $0.0402048$ & $-0.0273926$ & $-0.0777961$ & $0.0872108$ & $0.0872484$ & $0.122746$ & $-0.052738$ & $-0.0502819$ & $-0.0524317$ & $0.0262207$ & $0.0766779$ & $0.0951563$ & $0.0121789$ & $-0.0124193$ & $-0.042534$ & $0.00693858$ & $0.0359391$ & $-0.00221764$ & $1$ & $0.0607364$ & $-0.0499628$ & $0.116653$ & $0.0168003$ & $-0.0203447$ & $0.00531794$ & $0.0260138$ & $0.00105031$ & $0.00753868$ & $0.0119607$ & $-0.0440743$ & $-0.00938335$ & $0.0156319$ & $-0.0276455$ & $-0.0829244$ & $-0.000657601$ & $0.0368523$ \\
CdH_33r & $0.0188286$ & $-0.0376943$ & $0.0203795$ & $-0.0113113$ & $-0.0184205$ & $-0.0129621$ & $-0.135013$ & $0.132081$ & $0.155187$ & $-0.106411$ & $-0.0848509$ & $-0.169204$ & $0.32676$ & $-0.0515174$ & $0.00681273$ & $0.00192832$ & $-0.0887246$ & $-0.0874218$ & $-0.0852229$ & $0.0844364$ & $0.0892183$ & $0.0927128$ & $0.0459792$ & $-0.121734$ & $-0.0833501$ & $-0.0629927$ & $0.0856379$ & $0.0370037$ & $0.0638794$ & $0.662867$ & $0.324921$ & $0.0607364$ & $1$ & $0.0947851$ & $-0.0745803$ & $-0.0121116$ & $-0.254935$ & $-0.0167913$ & $-0.0225526$ & $-0.0229062$ & $0.019817$ & $-0.0211066$ & $-0.0918644$ & $0.00231182$ & $-0.00565755$ & $0.064995$ & $-0.0661447$ & $0.198596$ & $0.530864$ \\
CLL_1221 & $0.0442288$ & $0.0283471$ & $-0.0170333$ & $-0.0413076$ & $0.00204385$ & $-0.0851726$ & $-0.0500537$ & $0.559522$ & $0.552795$ & $-0.322514$ & $-0.349351$ & $-0.252427$ & $0.207975$ & $-0.240486$ & $-0.617409$ & $-0.139744$ & $-0.258098$ & $0.0235204$ & $-0.339053$ & $0.270269$ & $0.440747$ & $0.437387$ & $0.26507$ & $-0.627073$ & $-0.209528$ & $-0.267296$ & $0.697746$ & $0.14921$ & $0.0778111$ & $0.0710095$ & $0.0119774$ & $-0.0499628$ & $0.0947851$ & $1$ & $-0.0258362$ & $0.050469$ & $-0.039343$ & $0.0539069$ & $0.0311188$ & $-0.0280867$ & $-0.0475917$ & $-0.0277159$ & $0.0422516$ & $0.0044862$ & $-0.0106608$ & $-0.00778079$ & $0.00836077$ & $0.0613077$ & $0.0446376$ \\
eHggint & $-0.0224303$ & $0.0231233$ & $-0.0374347$ & $-0.0236432$ & $-0.00425915$ & $0.00229703$ & $0.034943$ & $-0.0202168$ & $-0.0349526$ & $0.078018$ & $0.0187637$ & $0.0660633$ & $-0.00142562$ & $-0.0134189$ & $0.0167592$ & $-0.0267092$ & $0.00766153$ & $-0.012747$ & $0.0187399$ & $-0.0199707$ & $-0.0139078$ & $-0.0168146$ & $-0.00611752$ & $0.00514804$ & $0.000786652$ & $0.000852646$ & $-0.0198212$ & $0.0283075$ & $-0.0807225$ & $-0.071129$ & $-0.0371156$ & $0.116653$ & $-0.0745803$ & $-0.0258362$ & $1$ & $-0.101184$ & $0.0410267$ & $0.0540678$ & $0.019274$ & $-0.0294043$ & $0.0120582$ & $-0.0406932$ & $0.037788$ & $0.0268931$ & $0.0339325$ & $-0.0140503$ & $-0.0232407$ & $-0.0607333$ & $0.00258491$ \\
eHggpar & $-0.0187556$ & $0.00668694$ & $0.0242233$ & $-0.036813$ & $0.0508621$ & $-0.0610644$ & $-0.0252248$ & $-0.0216686$ & $-0.0338921$ & $-0.025408$ & $0.0571649$ & $-0.00882341$ & $0.0136911$ & $-0.0885995$ & $-0.06473$ & $-0.0221358$ & $-0.034459$ & $-0.0177938$ & $-0.0413336$ & $-0.06046$ & $-0.0501867$ & $-0.0381063$ & $0.0138312$ & $-0.0292748$ & $-0.0452181$ & $-0.00606071$ & $-0.00519781$ & $0.0183163$ & $0.0112081$ & $-0.0250043$ & $0.0280714$ & $0.0168003$ & $-0.0121116$ & $0.050469$ & $-0.101184$ & $1$ & $0.0270345$ & $0.00791111$ & $0.0309644$ & $0.08547$ & $-0.0399624$ & $-0.0209402$ & $-0.0197408$ & $0.0156449$ & $-0.0106443$ & $-0.0449952$ & $0.00375625$ & $0.0172366$ & $0.0301299$ \\
eHWWint & $0.018463$ & $0.012157$ & $-0.0104995$ & $0.020969$ & $0.0432395$ & $0.0107981$ & $0.0210893$ & $-0.0615692$ & $-0.0822247$ & $0.0365244$ & $0.0444101$ & $0.0208835$ & $-0.0340158$ & $0.0204842$ & $-0.0133863$ & $-0.0339685$ & $0.0309281$ & $0.0387055$ & $0.0563919$ & $-0.0439565$ & $-0.0433633$ & $-0.0467866$ & $-0.0365076$ & $0.0318991$ & $0.0082985$ & $0.00252119$ & $-0.0759116$ & $-0.00858438$ & $-0.0539629$ & $-0.244405$ & $-0.0810097$ & $-0.0203447$ & $-0.254935$ & $-0.039343$ & $0.0410267$ & $0.0270345$ & $1$ & $-0.042021$ & $-0.0387646$ & $-0.0398541$ & $0.00864823$ & $0.0263076$ & $0.00904595$ & $-0.0419378$ & $0.0211659$ & $0.0138855$ & $0.000625879$ & $-0.0313951$ & $-0.0393788$ \\
eHWWpar & $0.0217829$ & $0.00793606$ & $-0.054746$ & $-0.00281217$ & $-0.046354$ & $0.0253103$ & $0.00833677$ & $0.0351133$ & $0.0382859$ & $-0.0511538$ & $-0.00753347$ & $-0.0470837$ & $0.0313438$ & $-0.031378$ & $-0.034149$ & $-0.00777123$ & $-0.0553822$ & $-0.026866$ & $-0.0573442$ & $0.00318265$ & $0.0112864$ & $0.00683963$ & $-0.0107397$ & $-0.0730855$ & $-0.0458695$ & $-0.0072165$ & $0.0188874$ & $-0.0176885$ & $-0.0437865$ & $-0.0236905$ & $0.0182138$ & $0.00531794$ & $-0.0167913$ & $0.0539069$ & $0.0540678$ & $0.00791111$ & $-0.042021$ & $1$ & $-0.0162626$ & $0.0488146$ & $-0.0437409$ & $0.0243706$ & $-0.00784495$ & $0.0181331$ & $-0.0215606$ & $0.00631059$ & $0.0426882$ & $-0.025252$ & $0.0284602$ \\
eHZZint & $-0.0593383$ & $-0.00271468$ & $0.0394201$ & $-0.0409862$ & $0.0246408$ & $-0.0379725$ & $0.0222846$ & $0.0204252$ & $0.032086$ & $-0.040332$ & $0.00783593$ & $-0.031669$ & $0.0242465$ & $-0.0795949$ & $0.00418045$ & $0.0305388$ & $-0.0230475$ & $-0.0502499$ & $-0.0697974$ & $-0.00369423$ & $-0.00761695$ & $-0.00216607$ & $-0.0122718$ & $-0.0462603$ & $-0.0528518$ & $0.00420853$ & $-0.016905$ & $0.0165582$ & $0.0180747$ & $-0.0471704$ & $-0.0265549$ & $0.0260138$ & $-0.0225526$ & $0.0311188$ & $0.019274$ & $0.0309644$ & $-0.0387646$ & $-0.0162626$ & $1$ & $-0.0584842$ & $0.0720465$ & $-0.0320555$ & $0.020821$ & $0.00849724$ & $-0.0285271$ & $-0.00935931$ & $-0.0502368$ & $0.00072846$ & $-0.018521$ \\
eHZZpar & $-0.0711146$ & $-0.0282513$ & $-0.0320686$ & $0.022415$ & $-0.0348207$ & $-0.0254256$ & $0.00252435$ & $-0.0120514$ & $-0.0153759$ & $0.018709$ & $0.0141939$ & $0.00477589$ & $0.00355833$ & $-0.0129772$ & $0.0234465$ & $-0.0137824$ & $-0.00062152$ & $-0.0185156$ & $0.00850324$ & $-0.0124995$ & $-0.0164781$ & $-0.0168789$ & $-0.0159433$ & $0.007772$ & $0.00932948$ & $-0.00197207$ & $-0.00999913$ & $-0.0528546$ & $-0.0148488$ & $-0.00433969$ & $0.00958578$ & $0.00105031$ & $-0.0229062$ & $-0.0280867$ & $-0.0294043$ & $0.08547$ & $-0.0398541$ & $0.0488146$ & $-0.0584842$ & $1$ & $0.0113247$ & $0.0160795$ & $0.0165882$ & $0.042333$ & $0.0575888$ & $-0.0491759$ & $0.012112$ & $-0.0306994$ & $-0.00833983$ \\
eHZgaint & $0.00440703$ & $0.00187808$ & $0.0405906$ & $0.0191609$ & $0.0243792$ & $-0.00113823$ & $-0.0122351$ & $-0.0139077$ & $-0.016719$ & $-0.0446138$ & $0.0410488$ & $-0.0395657$ & $0.0404943$ & $-0.0592571$ & $0.0361601$ & $0.0430943$ & $-0.0656935$ & $-0.0717261$ & $-0.0713822$ & $-0.031865$ & $-0.0430539$ & $-0.0449394$ & $0.0391879$ & $0.00617053$ & $-0.0680594$ & $-0.0281739$ & $-0.0483277$ & $-0.00425184$ & $-0.0335585$ & $0.0141626$ & $0.0781323$ & $0.00753868$ & $0.019817$ & $-0.0475917$ & $0.0120582$ & $-0.0399624$ & $0.00864823$ & $-0.0437409$ & $0.0720465$ & $0.0113247$ & $1$ & $-0.0365812$ & $0.0228095$ & $-0.0324639$ & $-0.0199562$ & $0.0439776$ & $-0.00559503$ & $-0.0172728$ & $-0.0218504$ \\
eHZgapar & $-0.0423098$ & $0.0102454$ & $0.0352439$ & $-0.0140753$ & $0.0187007$ & $-0.0492277$ & $0.0146491$ & $-0.0573585$ & $-0.0521429$ & $0.0177892$ & $0.071454$ & $0.0491339$ & $-0.0461814$ & $-0.056688$ & $-0.0123514$ & $-0.000501556$ & $-0.0158302$ & $-0.0144869$ & $-0.0221077$ & $-0.069293$ & $-0.0748781$ & $-0.0643669$ & $0.00181172$ & $0.0234523$ & $-0.0121963$ & $0.0546264$ & $-0.0253611$ & $-0.0465262$ & $-0.0207917$ & $-0.0150965$ & $0.0182693$ & $0.0119607$ & $-0.0211066$ & $-0.0277159$ & $-0.0406932$ & $-0.0209402$ & $0.0263076$ & $0.0243706$ & $-0.0320555$ & $0.0160795$ & $-0.0365812$ & $1$ & $0.00657135$ & $-0.00543911$ & $0.04389$ & $-0.0495879$ & $0.010263$ & $0.0298808$ & $-0.00994109$ \\
eHgagaint & $-0.0392808$ & $0.0243701$ & $-0.0545054$ & $0.00644611$ & $0.0351305$ & $-0.0353205$ & $-0.0334664$ & $0.0129054$ & $0.0836721$ & $0.00457021$ & $0.00183634$ & $0.0205237$ & $-0.0222082$ & $-0.030857$ & $-0.0318806$ & $0.0257149$ & $-0.0255432$ & $-0.00284678$ & $-0.0459962$ & $-0.001278$ & $-0.00089636$ & $-0.00463443$ & $-0.0157421$ & $-0.00449294$ & $-0.0274378$ & $-0.00950022$ & $0.00306463$ & $0.0187691$ & $-0.0126122$ & $-0.00147415$ & $-0.00204015$ & $-0.0440743$ & $-0.0918644$ & $0.0422516$ & $0.037788$ & $-0.0197408$ & $0.00904595$ & $-0.00784495$ & $0.020821$ & $0.0165882$ & $0.0228095$ & $0.00657135$ & $1$ & $0.00735961$ & $-0.00938145$ & $0.00891427$ & $0.0330079$ & $-0.0501391$ & $-0.0784108$ \\
eHmumuint & $-0.074753$ & $0.0354926$ & $-0.0115502$ & $-0.0223859$ & $-0.0508663$ & $0.00752697$ & $-0.0219224$ & $0.00116887$ & $-0.0035919$ & $-0.00550627$ & $0.0111871$ & $-0.00813942$ & $0.0175977$ & $-0.0305504$ & $-0.00772652$ & $-0.0335437$ & $-0.0237859$ & $-0.0244729$ & $-0.000225067$ & $-0.0121958$ & $-0.00601174$ & $0.00126356$ & $0.0309388$ & $-0.0209047$ & $-0.0146954$ & $-0.00308754$ & $0.00835716$ & $0.0181388$ & $-0.0298074$ & $0.036353$ & $-0.00686168$ & $-0.00938335$ & $0.00231182$ & $0.0044862$ & $0.0268931$ & $0.0156449$ & $-0.0419378$ & $0.0181331$ & $0.00849724$ & $0.042333$ & $-0.0324639$ & $-0.00543911$ & $0.00735961$ & $1$ & $0.00273438$ & $0.0134994$ & $-0.0057049$ & $0.0161313$ & $-0.026768$ \\
eHtautauint & $0.0209271$ & $-0.023148$ & $0.0869057$ & $0.0334469$ & $-0.0330217$ & $-0.050972$ & $0.00924964$ & $-0.00384838$ & $-0.00175183$ & $0.035255$ & $0.00430594$ & $0.00940822$ & $0.0155442$ & $-0.00175219$ & $0.00458759$ & $0.0285627$ & $-0.0108156$ & $-0.000692634$ & $-0.020149$ & $-0.00113544$ & $-0.00639667$ & $-0.0081286$ & $-0.0098347$ & $-7.34834e-07$ & $0.00560522$ & $0.0236641$ & $0.00361565$ & $-0.0137087$ & $-0.0168594$ & $0.0642875$ & $0.0441343$ & $0.0156319$ & $-0.00565755$ & $-0.0106608$ & $0.0339325$ & $-0.0106443$ & $0.0211659$ & $-0.0215606$ & $-0.0285271$ & $0.0575888$ & $-0.0199562$ & $0.04389$ & $-0.00938145$ & $0.00273438$ & $1$ & $-0.00669803$ & $0.0637473$ & $0.0244831$ & $-0.0168567$ \\
eHccint & $-0.0519115$ & $0.0086862$ & $0.0639759$ & $0.00936519$ & $-0.0143152$ & $-0.00218003$ & $-0.0131362$ & $0.0118929$ & $0.0199491$ & $0.0125325$ & $-0.0293813$ & $0.00800744$ & $-0.000690435$ & $0.0541245$ & $0.0169114$ & $0.012751$ & $0.0213668$ & $0.0252226$ & $0.0275264$ & $0.0300983$ & $0.0283639$ & $0.0183895$ & $-0.0205471$ & $0.0248568$ & $0.0410311$ & $-0.0129151$ & $0.0126794$ & $-0.0302713$ & $-0.00942728$ & $0.0289647$ & $0.100057$ & $-0.0276455$ & $0.064995$ & $-0.00778079$ & $-0.0140503$ & $-0.0449952$ & $0.0138855$ & $0.00631059$ & $-0.00935931$ & $-0.0491759$ & $0.0439776$ & $-0.0495879$ & $0.00891427$ & $0.0134994$ & $-0.00669803$ & $1$ & $0.0348002$ & $0.0558269$ & $0.0504918$ \\
eHccpar & $0.0922804$ & $0.0174499$ & $-0.00870113$ & $0.0167008$ & $0.0507703$ & $-0.0289433$ & $-0.0676627$ & $0.00829793$ & $0.0119894$ & $-0.0211009$ & $-0.0128815$ & $-0.0133025$ & $-0.000103243$ & $-0.00183876$ & $-0.00273811$ & $0.0026949$ & $0.00284523$ & $0.00855213$ & $0.00949891$ & $0.0155338$ & $0.0117745$ & $0.013334$ & $0.00934042$ & $-0.00158269$ & $0.0176082$ & $-0.0224372$ & $0.0331793$ & $0.0299596$ & $-0.0228573$ & $-0.0267152$ & $0.405675$ & $-0.0829244$ & $-0.0661447$ & $0.00836077$ & $-0.0232407$ & $0.00375625$ & $0.000625879$ & $0.0426882$ & $-0.0502368$ & $0.012112$ & $-0.00559503$ & $0.010263$ & $0.0330079$ & $-0.0057049$ & $0.0637473$ & $0.0348002$ & $1$ & $0.0576588$ & $-0.114703$ \\
eHbbint & $0.0218118$ & $-0.0608741$ & $-0.045419$ & $0.000930514$ & $-0.0149646$ & $-0.0727458$ & $-0.00193061$ & $0.0378112$ & $0.0365558$ & $-0.00717912$ & $-0.0349706$ & $-0.0308216$ & $0.0358072$ & $-0.00706358$ & $-0.0310985$ & $-0.0237756$ & $0.0158238$ & $0.0157057$ & $0.0111725$ & $0.0275312$ & $0.0378147$ & $0.0474918$ & $-0.000208246$ & $-0.0261982$ & $0.00395486$ & $-0.0076033$ & $0.0489374$ & $0.0108692$ & $0.0496412$ & $0.0276732$ & $0.0274441$ & $-0.000657601$ & $0.198596$ & $0.0613077$ & $-0.0607333$ & $0.0172366$ & $-0.0313951$ & $-0.025252$ & $0.00072846$ & $-0.0306994$ & $-0.0172728$ & $0.0298808$ & $-0.0501391$ & $0.0161313$ & $0.0244831$ & $0.0558269$ & $0.0576588$ & $1$ & $0.00946918$ \\
eHbbpar & $0.014424$ & $-0.0156694$ & $0.00964706$ & $-0.00535212$ & $0.0299566$ & $0.0206371$ & $-0.000304836$ & $0.0219243$ & $0.0215936$ & $-0.00573861$ & $-0.0124503$ & $-0.027114$ & $0.0402505$ & $0.000104484$ & $-0.0431259$ & $-0.03957$ & $-0.0206298$ & $0.0117573$ & $0.0183061$ & $0.0102888$ & $0.0198362$ & $0.023346$ & $0.0099342$ & $-0.018069$ & $0.0228594$ & $-0.00444775$ & $0.0757915$ & $0.0491274$ & $-0.0191115$ & $0.0677883$ & $-0.0300306$ & $0.0368523$ & $0.530864$ & $0.0446376$ & $0.00258491$ & $0.0301299$ & $-0.0393788$ & $0.0284602$ & $-0.018521$ & $-0.00833983$ & $-0.0218504$ & $-0.00994109$ & $-0.0784108$ & $-0.026768$ & $-0.0168567$ & $0.0504918$ & $-0.114703$ & $0.00946918$ & $1$ \\
