 & AlsMz & dAle5Mz & mtop & mHl & Mz & CW & CHG & CHWB & CHWHB_gaga & CHWHB_gagaorth & CHD & CHbox & CH & CHL1_11 & CHL1_22 & CHL1_33 & CHL3_11 & CHL3_22 & CHL3_33 & CHe_11 & CHe_22 & CHe_33 & CHQ1_11 & CHQ1_33 & CHQ3_11 & CHu_11 & CHd_11 & CHd_33 & CeH_22r & CeH_33r & CuH_22r & CuH_33r & CdH_33r & CLL_1221 & eHggint & eHggpar & eHWWint & eHWWpar & eHZZint & eHZZpar & eHZgaint & eHZgapar & eHgagaint & eHmumuint & eHtautauint & eHccint & eHccpar & eHbbint & eHbbpar \\
AlsMz & $1$ & $-0.0611442$ & $-0.0648826$ & $0.0102444$ & $0.0395379$ & $0.00691751$ & $0.0392034$ & $-0.0234599$ & $-0.0230634$ & $0.00523013$ & $0.00443565$ & $-0.0409853$ & $-0.0327866$ & $0.013132$ & $-0.00872316$ & $-0.0119009$ & $0.0271927$ & $0.0289051$ & $0.0287484$ & $-0.0133811$ & $-0.0139377$ & $-0.0106684$ & $0.0130562$ & $-0.035635$ & $-0.0846662$ & $-0.0364341$ & $-0.0411351$ & $0.00336832$ & $-0.0139011$ & $-0.0430456$ & $-0.048876$ & $0.0349031$ & $0.0156332$ & $-0.0147025$ & $0.053598$ & $-0.0925828$ & $0.0679026$ & $0.00950913$ & $0.0463019$ & $-0.0207573$ & $-0.173584$ & $0.0199551$ & $0.00151205$ & $-0.0275994$ & $0.0267986$ & $0.066816$ & $-0.0650112$ & $0.0480916$ & $0.111429$ \\
dAle5Mz & $-0.0611442$ & $1$ & $0.00671221$ & $0.0798729$ & $0.0303803$ & $0.00853914$ & $-0.0280607$ & $-0.0773424$ & $-0.0651578$ & $0.035321$ & $0.0696369$ & $0.0307166$ & $0.0106378$ & $-0.0301666$ & $-0.0107387$ & $-0.0283338$ & $-0.00415646$ & $-0.00444143$ & $0.00579091$ & $-0.045145$ & $-0.0461279$ & $-0.0442336$ & $0.000393417$ & $0.0247873$ & $0.0110531$ & $0.0367255$ & $-0.00206782$ & $0.00897374$ & $-0.00642048$ & $0.0145849$ & $0.0125555$ & $-0.0207511$ & $-0.0183743$ & $0.00417919$ & $-0.0445523$ & $0.0745532$ & $-0.0438953$ & $0.0229226$ & $-0.0183159$ & $0.00466167$ & $-0.152214$ & $0.00222227$ & $0.152164$ & $-0.0125186$ & $0.00350553$ & $-0.0418334$ & $0.0625619$ & $0.042396$ & $-0.0967397$ \\
mtop & $-0.0648826$ & $0.00671221$ & $1$ & $0.0255288$ & $0.0097132$ & $-0.0095117$ & $0.0103598$ & $0.00534426$ & $0.00740454$ & $-0.00379029$ & $0.0172478$ & $0.024897$ & $0.0249578$ & $-0.0267989$ & $0.00520013$ & $-0.00555674$ & $-0.0338479$ & $-0.03277$ & $-0.0241678$ & $-0.0108699$ & $-0.0089479$ & $-0.00679934$ & $0.00318738$ & $-0.0195043$ & $-0.0255325$ & $0.0190133$ & $-0.00230603$ & $-0.00545173$ & $-0.0139996$ & $-0.0206719$ & $-0.00104048$ & $0.000234205$ & $0.013049$ & $-0.000436479$ & $-0.0863574$ & $0.0563812$ & $0.0999368$ & $-0.0132929$ & $0.0315276$ & $-0.0253662$ & $0.0633433$ & $0.0155206$ & $0.0698349$ & $0.0471111$ & $-0.107423$ & $-0.0329092$ & $0.0598192$ & $-0.0968832$ & $0.0927996$ \\
mHl & $0.0102444$ & $0.0798729$ & $0.0255288$ & $1$ & $-0.00704845$ & $-0.00823575$ & $0.0285652$ & $-0.0264917$ & $-0.0294332$ & $0.00634342$ & $0.0308369$ & $-0.0280742$ & $-0.0299457$ & $-0.0202347$ & $-0.0528022$ & $-0.033692$ & $-0.00121074$ & $0.0243438$ & $0.0116785$ & $-0.032882$ & $-0.0246905$ & $-0.0207577$ & $0.0290962$ & $0.00430473$ & $0.0179651$ & $0.00870439$ & $0.0338656$ & $-0.0134874$ & $-0.00483374$ & $-0.00429835$ & $0.000841153$ & $0.0236834$ & $-0.0484937$ & $0.0285561$ & $-0.018649$ & $-0.0432414$ & $0.0598526$ & $-0.00796853$ & $-0.132277$ & $0.0210689$ & $-0.00403642$ & $0.0260251$ & $-0.0974441$ & $-0.104172$ & $0.0958424$ & $0.0384513$ & $-0.0185431$ & $0.0620779$ & $-0.082666$ \\
Mz & $0.0395379$ & $0.0303803$ & $0.0097132$ & $-0.00704845$ & $1$ & $-0.00784953$ & $-0.00328654$ & $0.00624072$ & $0.00566271$ & $-0.0110278$ & $0.0141874$ & $0.029674$ & $0.0308954$ & $-0.0281481$ & $0.0157393$ & $0.019598$ & $-0.0209317$ & $-0.0345051$ & $-0.0368231$ & $-0.00387301$ & $-0.00514346$ & $-0.00635808$ & $0.0159418$ & $-0.0174458$ & $-0.0397696$ & $-0.0210775$ & $-0.0181407$ & $0.00194689$ & $0.007462$ & $0.0209885$ & $0.0162869$ & $-0.00246525$ & $0.00516783$ & $-0.00504298$ & $-0.0127374$ & $-0.0093708$ & $0.00658414$ & $0.00150074$ & $0.00111939$ & $0.0292604$ & $-0.0130661$ & $0.0146993$ & $0.00375822$ & $0.00362661$ & $-0.00616832$ & $0.0189376$ & $-0.00798685$ & $-0.0238118$ & $0.00650617$ \\
CW & $0.00691751$ & $0.00853914$ & $-0.0095117$ & $-0.00823575$ & $-0.00784953$ & $1$ & $0.0106154$ & $-0.117872$ & $-0.115052$ & $0.0227452$ & $0.167028$ & $0.0225118$ & $-0.00392142$ & $0.0393389$ & $-0.072381$ & $-0.0785166$ & $-0.234141$ & $-0.0352811$ & $-0.0287626$ & $-0.165054$ & $-0.169309$ & $-0.165842$ & $0.00613335$ & $0.0143947$ & $-0.0704736$ & $0.080709$ & $-0.072178$ & $-0.0444645$ & $-0.00180403$ & $-0.00146139$ & $0.00176358$ & $0.0137777$ & $0.00902984$ & $-0.117898$ & $0.0288505$ & $-0.0280206$ & $-0.00828449$ & $0.0054165$ & $0.000333754$ & $-0.0118186$ & $0.00437364$ & $-0.0230127$ & $-0.00875143$ & $0.0190705$ & $-0.00882954$ & $-0.0304955$ & $0.019636$ & $0.0341433$ & $-0.0028664$ \\
CHG & $0.0392034$ & $-0.0280607$ & $0.0103598$ & $0.0285652$ & $-0.00328654$ & $0.0106154$ & $1$ & $-0.115959$ & $-0.0591427$ & $0.0617628$ & $0.0658088$ & $-0.280057$ & $-0.302457$ & $0.051024$ & $-0.00516061$ & $-0.0272138$ & $0.102921$ & $0.0945671$ & $0.111336$ & $-0.0624133$ & $-0.0707791$ & $-0.0711903$ & $-0.0217076$ & $0.11233$ & $0.093409$ & $0.0372268$ & $-0.0662832$ & $-0.034414$ & $0.0052104$ & $-0.14608$ & $-0.0743885$ & $0.940625$ & $-0.161886$ & $-0.0892194$ & $-0.0535253$ & $-0.0367288$ & $0.00114148$ & $-0.017632$ & $-0.032339$ & $0.0123041$ & $-0.00943844$ & $-0.0159589$ & $-0.0184176$ & $0.0150015$ & $-0.0234166$ & $-0.0229039$ & $-0.0133813$ & $0.00750693$ & $-0.0145099$ \\
CHWB & $-0.0234599$ & $-0.0773424$ & $0.00534426$ & $-0.0264917$ & $0.00624072$ & $-0.117872$ & $-0.115959$ & $1$ & $0.982308$ & $-0.568746$ & $-0.873949$ & $0.200333$ & $0.347639$ & $0.09454$ & $0.291598$ & $0.292641$ & $-0.248378$ & $-0.433703$ & $-0.432564$ & $0.843448$ & $0.893413$ & $0.874968$ & $0.0697047$ & $-0.668232$ & $-0.403258$ & $-0.50985$ & $0.419133$ & $0.298213$ & $0.0293795$ & $0.122175$ & $0.0349253$ & $-0.102436$ & $0.138408$ & $0.562693$ & $-0.00361755$ & $0.00228868$ & $-0.0223453$ & $-0.00947612$ & $0.0436737$ & $-0.0020029$ & $0.0226557$ & $0.0109642$ & $0.000387394$ & $-0.0104962$ & $0.003755$ & $-0.00215946$ & $-0.0261326$ & $-0.00243852$ & $0.0184162$ \\
CHWHB_gaga & $-0.0230634$ & $-0.0651578$ & $0.00740454$ & $-0.0294332$ & $0.00566271$ & $-0.115052$ & $-0.0591427$ & $0.982308$ & $1$ & $-0.556781$ & $-0.85613$ & $0.205308$ & $0.341137$ & $0.087263$ & $0.292773$ & $0.292487$ & $-0.250081$ & $-0.434674$ & $-0.433132$ & $0.827589$ & $0.874823$ & $0.856442$ & $0.0667259$ & $-0.65847$ & $-0.403794$ & $-0.500397$ & $0.404996$ & $0.294883$ & $0.0355372$ & $0.142435$ & $0.0429403$ & $-0.0524619$ & $0.164693$ & $0.54779$ & $-0.0101583$ & $-0.00273562$ & $-0.032862$ & $-0.012372$ & $0.0412789$ & $-0.00290534$ & $0.0172892$ & $0.0123887$ & $0.0628568$ & $-0.00918221$ & $-0.00609778$ & $-0.0111645$ & $-0.025511$ & $0.00343637$ & $0.0255047$ \\
CHWHB_gagaorth & $0.00523013$ & $0.035321$ & $-0.00379029$ & $0.00634342$ & $-0.0110278$ & $0.0227452$ & $0.0617628$ & $-0.568746$ & $-0.556781$ & $1$ & $0.350816$ & $0.0537241$ & $-0.230255$ & $0.226708$ & $-0.119616$ & $-0.11509$ & $0.432405$ & $0.486804$ & $0.480563$ & $-0.335457$ & $-0.369698$ & $-0.358605$ & $-0.0489118$ & $0.553572$ & $0.476176$ & $0.203867$ & $-0.233999$ & $-0.121456$ & $-0.0152239$ & $-0.14458$ & $-0.0793549$ & $0.0724572$ & $-0.159095$ & $-0.350503$ & $0.0158604$ & $0.0242876$ & $0.0113222$ & $0.00063831$ & $-0.0292442$ & $-0.00586598$ & $-0.052861$ & $0.00326421$ & $-0.00186801$ & $-0.00449909$ & $-0.0133596$ & $0.0109808$ & $-0.00765231$ & $0.00328102$ & $-0.0241037$ \\
CHD & $0.00443565$ & $0.0696369$ & $0.0172478$ & $0.0308369$ & $0.0141874$ & $0.167028$ & $0.0658088$ & $-0.873949$ & $-0.85613$ & $0.350816$ & $1$ & $-0.0182694$ & $-0.156969$ & $-0.520563$ & $-0.424898$ & $-0.416551$ & $-0.218873$ & $0.0555832$ & $0.0560601$ & $-0.990058$ & $-0.991077$ & $-0.970247$ & $-0.0109924$ & $0.291477$ & $0.0122261$ & $0.568938$ & $-0.28194$ & $-0.322722$ & $-0.0252291$ & $-0.0651386$ & $-0.0128414$ & $0.0670545$ & $-0.0788831$ & $-0.352225$ & $0.0143536$ & $-0.00407016$ & $0.00822793$ & $0.00882221$ & $-0.0431264$ & $0.000178406$ & $-0.00264203$ & $-0.00588886$ & $0.0115461$ & $0.0107465$ & $-0.00245661$ & $0.000421944$ & $0.0266974$ & $-0.00413147$ & $-0.0144722$ \\
CHbox & $-0.0409853$ & $0.0307166$ & $0.024897$ & $-0.0280742$ & $0.029674$ & $0.0225118$ & $-0.280057$ & $0.200333$ & $0.205308$ & $0.0537241$ & $-0.0182694$ & $1$ & $0.913821$ & $-0.288753$ & $0.0225355$ & $0.0527055$ & $-0.366494$ & $-0.350134$ & $-0.365157$ & $0.0217559$ & $0.0273198$ & $0.0294396$ & $0.0245134$ & $-0.310283$ & $-0.343116$ & $-0.0228826$ & $0.0653568$ & $0.0258957$ & $0.05777$ & $0.325573$ & $0.0988252$ & $-0.199785$ & $0.359704$ & $0.137702$ & $0.0641207$ & $0.0351977$ & $-0.0368134$ & $-0.0131931$ & $0.00809944$ & $0.00222513$ & $0.0114341$ & $0.0214785$ & $0.0430736$ & $-0.0088732$ & $-0.00858799$ & $0.0070183$ & $-0.0310737$ & $-0.0123825$ & $-0.0259305$ \\
CH & $-0.0327866$ & $0.0106378$ & $0.0249578$ & $-0.0299457$ & $0.0308954$ & $-0.00392142$ & $-0.302457$ & $0.347639$ & $0.341137$ & $-0.230255$ & $-0.156969$ & $0.913821$ & $1$ & $-0.251629$ & $0.0476527$ & $0.0746691$ & $-0.377039$ & $-0.385146$ & $-0.399786$ & $0.149842$ & $0.171706$ & $0.167954$ & $0.0367734$ & $-0.401804$ & $-0.374507$ & $-0.099031$ & $0.150323$ & $0.0724762$ & $0.0516828$ & $0.2731$ & $0.0968709$ & $-0.249689$ & $0.307572$ & $0.236789$ & $0.0458461$ & $0.0197431$ & $-0.0231764$ & $-0.00907442$ & $0.0192891$ & $0.00880905$ & $0.0213443$ & $0.0255052$ & $0.0393722$ & $-0.00791776$ & $-0.0012895$ & $0.0177969$ & $-0.0212381$ & $-0.0121954$ & $-0.0183807$ \\
CHL1_11 & $0.013132$ & $-0.0301666$ & $-0.0267989$ & $-0.0202347$ & $-0.0281481$ & $0.0393389$ & $0.051024$ & $0.09454$ & $0.087263$ & $0.226708$ & $-0.520563$ & $-0.288753$ & $-0.251629$ & $1$ & $0.289254$ & $0.2655$ & $0.670739$ & $0.604192$ & $0.607009$ & $0.539917$ & $0.479027$ & $0.467285$ & $-0.078718$ & $0.479862$ & $0.605116$ & $-0.28201$ & $-0.106003$ & $0.143427$ & $0.0087716$ & $-0.0665263$ & $-0.0386353$ & $0.0263775$ & $-0.0650965$ & $-0.233482$ & $-0.0172759$ & $0.0072385$ & $0.0120657$ & $-0.00587514$ & $0.0217457$ & $0.00703154$ & $-0.0286547$ & $-0.0147603$ & $-0.0337076$ & $-0.00512584$ & $-0.000553047$ & $0.00362904$ & $-0.00742988$ & $0.0163043$ & $-0.001046$ \\
CHL1_22 & $-0.00872316$ & $-0.0107387$ & $0.00520013$ & $-0.0528022$ & $0.0157393$ & $-0.072381$ & $-0.00516061$ & $0.291598$ & $0.292773$ & $-0.119616$ & $-0.424898$ & $0.0225355$ & $0.0476527$ & $0.289254$ & $1$ & $0.445087$ & $0.179769$ & $-0.42517$ & $-0.0147213$ & $0.4909$ & $0.341934$ & $0.334812$ & $-0.18267$ & $0.120599$ & $-0.116429$ & $-0.202062$ & $-0.404095$ & $0.111078$ & $0.0223604$ & $0.0230313$ & $-0.00323085$ & $-0.00805901$ & $0.0375664$ & $-0.597329$ & $-0.00820615$ & $0.016364$ & $0.0174661$ & $0.00928662$ & $0.0190615$ & $0.00441848$ & $0.0110672$ & $-0.0285471$ & $0.0138698$ & $0.0256484$ & $-0.012137$ & $-0.0251654$ & $-0.0280251$ & $0.0231197$ & $0.00691942$ \\
CHL1_33 & $-0.0119009$ & $-0.0283338$ & $-0.00555674$ & $-0.033692$ & $0.019598$ & $-0.0785166$ & $-0.0272138$ & $0.292641$ & $0.292487$ & $-0.11509$ & $-0.416551$ & $0.0527055$ & $0.0746691$ & $0.2655$ & $0.445087$ & $1$ & $0.167727$ & $-0.0176682$ & $-0.429365$ & $0.48236$ & $0.336321$ & $0.353338$ & $-0.170818$ & $0.116967$ & $-0.124995$ & $-0.200815$ & $-0.390747$ & $0.108397$ & $0.0271021$ & $0.0458809$ & $0.0172067$ & $-0.0242996$ & $0.0322784$ & $-0.0994816$ & $0.00724575$ & $0.00138168$ & $-0.00148851$ & $-0.000978463$ & $0.020442$ & $0.0163845$ & $0.0217045$ & $-0.0181739$ & $0.0135521$ & $0.0112386$ & $0.0295568$ & $-0.0091887$ & $-0.0116464$ & $-0.0034672$ & $-0.0172434$ \\
CHL3_11 & $0.0271927$ & $-0.00415646$ & $-0.0338479$ & $-0.00121074$ & $-0.0209317$ & $-0.234141$ & $0.102921$ & $-0.248378$ & $-0.250081$ & $0.432405$ & $-0.218873$ & $-0.366494$ & $-0.377039$ & $0.670739$ & $0.179769$ & $0.167727$ & $1$ & $0.743187$ & $0.737331$ & $0.243447$ & $0.181569$ & $0.177$ & $-0.0820831$ & $0.689191$ & $0.782276$ & $-0.104319$ & $-0.169626$ & $0.0484341$ & $-0.0164955$ & $-0.119098$ & $-0.0407145$ & $0.073414$ & $-0.122193$ & $-0.276686$ & $-0.0270669$ & $0.000452474$ & $0.0336834$ & $0.00415475$ & $-0.00809238$ & $0.00116503$ & $-0.0382445$ & $0.00846087$ & $-0.0190831$ & $-0.0050572$ & $-0.00352496$ & $0.0105613$ & $-0.00454012$ & $0.00828062$ & $-0.00138798$ \\
CHL3_22 & $0.0289051$ & $-0.00444143$ & $-0.03277$ & $0.0243438$ & $-0.0345051$ & $-0.0352811$ & $0.0945671$ & $-0.433703$ & $-0.434674$ & $0.486804$ & $0.0555832$ & $-0.350134$ & $-0.385146$ & $0.604192$ & $-0.42517$ & $-0.0176682$ & $0.743187$ & $1$ & $0.678528$ & $-0.0559319$ & $-0.0551928$ & $-0.0525729$ & $0.00360878$ & $0.630459$ & $0.797602$ & $0.0297936$ & $-0.0104327$ & $-0.0296927$ & $-0.0229472$ & $-0.11921$ & $-0.0384979$ & $0.0696475$ & $-0.134908$ & $0.0112099$ & $-0.0111355$ & $-0.00649551$ & $0.0137016$ & $-0.00493454$ & $-0.0129471$ & $0.00327784$ & $-0.0386283$ & $0.0103077$ & $-0.0329008$ & $-0.0170509$ & $0.0067266$ & $0.0204217$ & $0.0161151$ & $-0.00519458$ & $-0.0106982$ \\
CHL3_33 & $0.0287484$ & $0.00579091$ & $-0.0241678$ & $0.0116785$ & $-0.0368231$ & $-0.0287626$ & $0.111336$ & $-0.432564$ & $-0.433132$ & $0.480563$ & $0.0560601$ & $-0.365157$ & $-0.399786$ & $0.607009$ & $-0.0147213$ & $-0.429365$ & $0.737331$ & $0.678528$ & $1$ & $-0.057612$ & $-0.054546$ & $-0.0499214$ & $-0.000239158$ & $0.621211$ & $0.798038$ & $0.0324401$ & $-0.0059794$ & $-0.0313962$ & $-0.0247028$ & $-0.134153$ & $-0.0549581$ & $0.0827239$ & $-0.131329$ & $-0.359805$ & $-0.0234154$ & $0.00371047$ & $0.0302926$ & $-0.00357394$ & $-0.0132337$ & $-0.00839939$ & $-0.0462273$ & $0.00321688$ & $-0.036761$ & $-0.0053388$ & $-0.0238885$ & $0.0105856$ & $-0.000260552$ & $0.0130732$ & $0.00285554$ \\
CHe_11 & $-0.0133811$ & $-0.045145$ & $-0.0108699$ & $-0.032882$ & $-0.00387301$ & $-0.165054$ & $-0.0624133$ & $0.843448$ & $0.827589$ & $-0.335457$ & $-0.990058$ & $0.0217559$ & $0.149842$ & $0.539917$ & $0.4909$ & $0.48236$ & $0.243447$ & $-0.0559319$ & $-0.057612$ & $1$ & $0.972112$ & $0.95263$ & $-0.0155152$ & $-0.234406$ & $-0.00433885$ & $-0.559141$ & $0.204618$ & $0.317647$ & $0.0247887$ & $0.0655911$ & $0.0132262$ & $-0.0627297$ & $0.0768738$ & $0.271929$ & $-0.0121948$ & $0.00890502$ & $-0.0096168$ & $-0.00810419$ & $0.0417314$ & $0.00269976$ & $-0.000342129$ & $0.000910238$ & $-0.00563884$ & $-0.00680239$ & $0.00179958$ & $-0.00644835$ & $-0.026691$ & $0.00470821$ & $0.0104771$ \\
CHe_22 & $-0.0139377$ & $-0.0461279$ & $-0.0089479$ & $-0.0246905$ & $-0.00514346$ & $-0.169309$ & $-0.0707791$ & $0.893413$ & $0.874823$ & $-0.369698$ & $-0.991077$ & $0.0273198$ & $0.171706$ & $0.479027$ & $0.341934$ & $0.336321$ & $0.181569$ & $-0.0551928$ & $-0.054546$ & $0.972112$ & $1$ & $0.975342$ & $0.0410985$ & $-0.349689$ & $-0.021683$ & $-0.571553$ & $0.363459$ & $0.326465$ & $0.0242172$ & $0.0682892$ & $0.0148011$ & $-0.0711451$ & $0.0822457$ & $0.439028$ & $-0.0166883$ & $0.00524874$ & $-0.0136041$ & $-0.00964843$ & $0.0418954$ & $-0.00108429$ & $-0.0022773$ & $0.0101795$ & $-0.00910599$ & $-0.0143383$ & $0.0014562$ & $-0.000464668$ & $-0.0248965$ & $0.00634343$ & $0.0137018$ \\
CHe_33 & $-0.0106684$ & $-0.0442336$ & $-0.00679934$ & $-0.0207577$ & $-0.00635808$ & $-0.165842$ & $-0.0711903$ & $0.874968$ & $0.856442$ & $-0.358605$ & $-0.970247$ & $0.0294396$ & $0.167954$ & $0.467285$ & $0.334812$ & $0.353338$ & $0.177$ & $-0.0525729$ & $-0.0499214$ & $0.95263$ & $0.975342$ & $1$ & $0.0382302$ & $-0.341337$ & $-0.0202038$ & $-0.55775$ & $0.356287$ & $0.322855$ & $0.0211921$ & $0.0656869$ & $0.0112013$ & $-0.0710114$ & $0.0797942$ & $0.432412$ & $-0.0177513$ & $0.00504385$ & $-0.0113595$ & $-0.0115445$ & $0.0445238$ & $-0.00120411$ & $-0.00435774$ & $0.0122074$ & $-0.0106575$ & $-0.0174768$ & $0.00121768$ & $0.00224449$ & $-0.0316405$ & $0.0017177$ & $0.0125174$ \\
CHQ1_11 & $0.0130562$ & $0.000393417$ & $0.00318738$ & $0.0290962$ & $0.0159418$ & $0.00613335$ & $-0.0217076$ & $0.0697047$ & $0.0667259$ & $-0.0489118$ & $-0.0109924$ & $0.0245134$ & $0.0367734$ & $-0.078718$ & $-0.18267$ & $-0.170818$ & $-0.0820831$ & $0.00360878$ & $-0.000239158$ & $-0.0155152$ & $0.0410985$ & $0.0382302$ & $1$ & $-0.154135$ & $0.0712109$ & $-0.672076$ & $0.351499$ & $-0.0183469$ & $-0.0071408$ & $0.010471$ & $0.0181468$ & $-0.0161404$ & $0.0147821$ & $0.207839$ & $-0.0056819$ & $0.0104916$ & $0.00716215$ & $0.00486165$ & $-0.0287044$ & $-0.0209238$ & $-0.0176106$ & $0.0229706$ & $-0.0161261$ & $-0.00593462$ & $-0.0160624$ & $0.00474824$ & $0.0117619$ & $0.00214081$ & $0.00926105$ \\
CHQ1_33 & $-0.035635$ & $0.0247873$ & $-0.0195043$ & $0.00430473$ & $-0.0174458$ & $0.0143947$ & $0.11233$ & $-0.668232$ & $-0.65847$ & $0.553572$ & $0.291477$ & $-0.310283$ & $-0.401804$ & $0.479862$ & $0.120599$ & $0.116967$ & $0.689191$ & $0.630459$ & $0.621211$ & $-0.234406$ & $-0.349689$ & $-0.341337$ & $-0.154135$ & $1$ & $0.649088$ & $0.204253$ & $-0.425887$ & $-0.0330319$ & $-0.00764661$ & $-0.129951$ & $-0.0470654$ & $0.089916$ & $-0.146947$ & $-0.637926$ & $-0.00547254$ & $0.00173352$ & $0.0339917$ & $0.00507986$ & $-0.023557$ & $0.0034427$ & $-0.00798211$ & $-0.023046$ & $-0.0140934$ & $0.0134028$ & $0.00524253$ & $0.000535535$ & $0.0122899$ & $0.0071981$ & $-0.0210728$ \\
CHQ3_11 & $-0.0846662$ & $0.0110531$ & $-0.0255325$ & $0.0179651$ & $-0.0397696$ & $-0.0704736$ & $0.093409$ & $-0.403258$ & $-0.403794$ & $0.476176$ & $0.0122261$ & $-0.343116$ & $-0.374507$ & $0.605116$ & $-0.116429$ & $-0.124995$ & $0.782276$ & $0.797602$ & $0.798038$ & $-0.00433885$ & $-0.021683$ & $-0.0202038$ & $0.0712109$ & $0.649088$ & $1$ & $0.0139085$ & $0.198088$ & $-0.0241822$ & $-0.0214961$ & $-0.126653$ & $-0.0337924$ & $0.0648564$ & $-0.133257$ & $-0.219195$ & $-0.0256862$ & $-0.00812499$ & $0.0144961$ & $-0.00027957$ & $-0.0169486$ & $-0.00257706$ & $-0.0154724$ & $0.0146123$ & $-0.0333431$ & $0.00212211$ & $-0.0032577$ & $0.00769502$ & $0.0162086$ & $-0.00200357$ & $-0.0139241$ \\
CHu_11 & $-0.0364341$ & $0.0367255$ & $0.0190133$ & $0.00870439$ & $-0.0210775$ & $0.080709$ & $0.0372268$ & $-0.50985$ & $-0.500397$ & $0.203867$ & $0.568938$ & $-0.0228826$ & $-0.099031$ & $-0.28201$ & $-0.202062$ & $-0.200815$ & $-0.104319$ & $0.0297936$ & $0.0324401$ & $-0.559141$ & $-0.571553$ & $-0.55775$ & $-0.672076$ & $0.204253$ & $0.0139085$ & $1$ & $-0.17422$ & $-0.160702$ & $-0.0132037$ & $-0.0484001$ & $-0.0155222$ & $0.033779$ & $-0.0599395$ & $-0.241938$ & $0.0128726$ & $-0.0218448$ & $-0.0016162$ & $0.00825297$ & $-0.00600245$ & $0.0106319$ & $0.0188079$ & $-0.0118229$ & $0.0257628$ & $0.00790688$ & $0.00237507$ & $0.000942366$ & $0.00997713$ & $-0.0040832$ & $-0.0270256$ \\
CHd_11 & $-0.0411351$ & $-0.00206782$ & $-0.00230603$ & $0.0338656$ & $-0.0181407$ & $-0.072178$ & $-0.0662832$ & $0.419133$ & $0.404996$ & $-0.233999$ & $-0.28194$ & $0.0653568$ & $0.150323$ & $-0.106003$ & $-0.404095$ & $-0.390747$ & $-0.169626$ & $-0.0104327$ & $-0.0059794$ & $0.204618$ & $0.363459$ & $0.356287$ & $0.351499$ & $-0.425887$ & $0.198088$ & $-0.17422$ & $1$ & $0.103328$ & $-0.00205679$ & $0.0300324$ & $0.0209617$ & $-0.0622071$ & $0.0414245$ & $0.682857$ & $-0.0101827$ & $-0.026862$ & $-0.0172149$ & $-0.00755605$ & $0.00839245$ & $-0.0203765$ & $0.00769572$ & $0.0450323$ & $-0.0114889$ & $-0.0153576$ & $0.00238469$ & $0.0182549$ & $0.00359451$ & $-0.0111518$ & $0.00760149$ \\
CHd_33 & $0.00336832$ & $0.00897374$ & $-0.00545173$ & $-0.0134874$ & $0.00194689$ & $-0.0444645$ & $-0.034414$ & $0.298213$ & $0.294883$ & $-0.121456$ & $-0.322722$ & $0.0258957$ & $0.0724762$ & $0.143427$ & $0.111078$ & $0.108397$ & $0.0484341$ & $-0.0296927$ & $-0.0313962$ & $0.317647$ & $0.326465$ & $0.322855$ & $-0.0183469$ & $-0.0330319$ & $-0.0241822$ & $-0.160702$ & $0.103328$ & $1$ & $0.00902273$ & $0.0191751$ & $0.000896101$ & $-0.0327286$ & $0.0280454$ & $0.153338$ & $0.0128204$ & $0.00210987$ & $-0.00449939$ & $0.00864481$ & $0.0138733$ & $0.0143124$ & $-0.0196981$ & $-0.00903261$ & $0.0232335$ & $0.00545783$ & $0.0147988$ & $-0.00326748$ & $0.00866064$ & $-0.00392874$ & $0.00777152$ \\
CeH_22r & $-0.0139011$ & $-0.00642048$ & $-0.0139996$ & $-0.00483374$ & $0.007462$ & $-0.00180403$ & $0.0052104$ & $0.0293795$ & $0.0355372$ & $-0.0152239$ & $-0.0252291$ & $0.05777$ & $0.0516828$ & $0.0087716$ & $0.0223604$ & $0.0271021$ & $-0.0164955$ & $-0.0229472$ & $-0.0247028$ & $0.0247887$ & $0.0242172$ & $0.0211921$ & $-0.0071408$ & $-0.00764661$ & $-0.0214961$ & $-0.0132037$ & $-0.00205679$ & $0.00902273$ & $1$ & $0.0471654$ & $0.0206638$ & $-0.00208825$ & $0.0537555$ & $0.000949171$ & $0.00622925$ & $-0.0212404$ & $-0.00614818$ & $0.00421881$ & $-0.0101415$ & $-0.00687354$ & $0.0186005$ & $-0.00380398$ & $0.00323937$ & $0.0279117$ & $-0.00370669$ & $0.00385257$ & $0.00763934$ & $-0.00995394$ & $-0.00600833$ \\
CeH_33r & $-0.0430456$ & $0.0145849$ & $-0.0206719$ & $-0.00429835$ & $0.0209885$ & $-0.00146139$ & $-0.14608$ & $0.122175$ & $0.142435$ & $-0.14458$ & $-0.0651386$ & $0.325573$ & $0.2731$ & $-0.0665263$ & $0.0230313$ & $0.0458809$ & $-0.119098$ & $-0.11921$ & $-0.134153$ & $0.0655911$ & $0.0682892$ & $0.0656869$ & $0.010471$ & $-0.129951$ & $-0.126653$ & $-0.0484001$ & $0.0300324$ & $0.0191751$ & $0.0471654$ & $1$ & $0.300192$ & $-0.0017763$ & $0.639436$ & $0.0772413$ & $-0.0172971$ & $-0.0173178$ & $-0.190727$ & $-0.044224$ & $-0.00105921$ & $-0.00186756$ & $0.0284142$ & $0.00650232$ & $0.00300062$ & $0.00839149$ & $0.0308662$ & $-0.0370792$ & $-0.0291385$ & $-0.00959874$ & $-0.00622547$ \\
CuH_22r & $-0.048876$ & $0.0125555$ & $-0.00104048$ & $0.000841153$ & $0.0162869$ & $0.00176358$ & $-0.0743885$ & $0.0349253$ & $0.0429403$ & $-0.0793549$ & $-0.0128414$ & $0.0988252$ & $0.0968709$ & $-0.0386353$ & $-0.00323085$ & $0.0172067$ & $-0.0407145$ & $-0.0384979$ & $-0.0549581$ & $0.0132262$ & $0.0148011$ & $0.0112013$ & $0.0181468$ & $-0.0470654$ & $-0.0337924$ & $-0.0155222$ & $0.0209617$ & $0.000896101$ & $0.0206638$ & $0.300192$ & $1$ & $0.00382284$ & $0.340434$ & $0.0336264$ & $-0.0265661$ & $-0.0397793$ & $-0.0486381$ & $-0.0410337$ & $-0.0176817$ & $0.0012728$ & $0.0315403$ & $0.00163465$ & $-0.00424345$ & $-0.00196532$ & $-0.101714$ & $0.114306$ & $0.344387$ & $-0.0135597$ & $0.026134$ \\
CuH_33r & $0.0349031$ & $-0.0207511$ & $0.000234205$ & $0.0236834$ & $-0.00246525$ & $0.0137777$ & $0.940625$ & $-0.102436$ & $-0.0524619$ & $0.0724572$ & $0.0670545$ & $-0.199785$ & $-0.249689$ & $0.0263775$ & $-0.00805901$ & $-0.0242996$ & $0.073414$ & $0.0696475$ & $0.0827239$ & $-0.0627297$ & $-0.0711451$ & $-0.0710114$ & $-0.0161404$ & $0.089916$ & $0.0648564$ & $0.033779$ & $-0.0622071$ & $-0.0327286$ & $-0.00208825$ & $-0.0017763$ & $0.00382284$ & $1$ & $0.00116568$ & $-0.0757722$ & $0.0182351$ & $-0.00237852$ & $-0.0602791$ & $-0.0271291$ & $-0.03163$ & $0.0186009$ & $-0.00593584$ & $-0.0266425$ & $-0.000225976$ & $0.0143656$ & $-0.0384741$ & $-0.0293175$ & $-0.0289058$ & $0.00825957$ & $-0.0304804$ \\
CdH_33r & $0.0156332$ & $-0.0183743$ & $0.013049$ & $-0.0484937$ & $0.00516783$ & $0.00902984$ & $-0.161886$ & $0.138408$ & $0.164693$ & $-0.159095$ & $-0.0788831$ & $0.359704$ & $0.307572$ & $-0.0650965$ & $0.0375664$ & $0.0322784$ & $-0.122193$ & $-0.134908$ & $-0.131329$ & $0.0768738$ & $0.0822457$ & $0.0797942$ & $0.0147821$ & $-0.146947$ & $-0.133257$ & $-0.0599395$ & $0.0414245$ & $0.0280454$ & $0.0537555$ & $0.639436$ & $0.340434$ & $0.00116568$ & $1$ & $0.0757908$ & $-0.105893$ & $0.00872762$ & $-0.164611$ & $-0.0328729$ & $0.0115276$ & $0.00374084$ & $0.0538843$ & $0.00215189$ & $0.0521956$ & $-0.00277502$ & $-0.0315658$ & $-0.00687824$ & $0.00822046$ & $0.194506$ & $0.464887$ \\
CLL_1221 & $-0.0147025$ & $0.00417919$ & $-0.000436479$ & $0.0285561$ & $-0.00504298$ & $-0.117898$ & $-0.0892194$ & $0.562693$ & $0.54779$ & $-0.350503$ & $-0.352225$ & $0.137702$ & $0.236789$ & $-0.233482$ & $-0.597329$ & $-0.0994816$ & $-0.276686$ & $0.0112099$ & $-0.359805$ & $0.271929$ & $0.439028$ & $0.432412$ & $0.207839$ & $-0.637926$ & $-0.219195$ & $-0.241938$ & $0.682857$ & $0.153338$ & $0.000949171$ & $0.0772413$ & $0.0336264$ & $-0.0757722$ & $0.0757908$ & $1$ & $-0.00112769$ & $-0.00780683$ & $-0.0312395$ & $-0.0111762$ & $0.0149492$ & $-0.00558954$ & $-0.000875284$ & $0.0423073$ & $0.00355367$ & $-0.0326578$ & $0.0151354$ & $0.0205532$ & $0.00394575$ & $-0.0200129$ & $0.00493733$ \\
eHggint & $0.053598$ & $-0.0445523$ & $-0.0863574$ & $-0.018649$ & $-0.0127374$ & $0.0288505$ & $-0.0535253$ & $-0.00361755$ & $-0.0101583$ & $0.0158604$ & $0.0143536$ & $0.0641207$ & $0.0458461$ & $-0.0172759$ & $-0.00820615$ & $0.00724575$ & $-0.0270669$ & $-0.0111355$ & $-0.0234154$ & $-0.0121948$ & $-0.0166883$ & $-0.0177513$ & $-0.0056819$ & $-0.00547254$ & $-0.0256862$ & $0.0128726$ & $-0.0101827$ & $0.0128204$ & $0.00622925$ & $-0.0172971$ & $-0.0265661$ & $0.0182351$ & $-0.105893$ & $-0.00112769$ & $1$ & $-0.19242$ & $-0.173896$ & $0.0195096$ & $-0.0566805$ & $0.0373063$ & $0.0789894$ & $-0.00288421$ & $0.156224$ & $-0.0174478$ & $-0.000949492$ & $-0.0311129$ & $-0.0659027$ & $-0.0495744$ & $-0.172317$ \\
eHggpar & $-0.0925828$ & $0.0745532$ & $0.0563812$ & $-0.0432414$ & $-0.0093708$ & $-0.0280206$ & $-0.0367288$ & $0.00228868$ & $-0.00273562$ & $0.0242876$ & $-0.00407016$ & $0.0351977$ & $0.0197431$ & $0.0072385$ & $0.016364$ & $0.00138168$ & $0.000452474$ & $-0.00649551$ & $0.00371047$ & $0.00890502$ & $0.00524874$ & $0.00504385$ & $0.0104916$ & $0.00173352$ & $-0.00812499$ & $-0.0218448$ & $-0.026862$ & $0.00210987$ & $-0.0212404$ & $-0.0173178$ & $-0.0397793$ & $-0.00237852$ & $0.00872762$ & $-0.00780683$ & $-0.19242$ & $1$ & $-0.0686944$ & $6.07186e-05$ & $0.0377671$ & $0.0248572$ & $-0.230694$ & $-0.0423706$ & $0.0656009$ & $-0.0279622$ & $-0.0185799$ & $0.0763593$ & $-0.123118$ & $0.00103302$ & $0.0210223$ \\
eHWWint & $0.0679026$ & $-0.0438953$ & $0.0999368$ & $0.0598526$ & $0.00658414$ & $-0.00828449$ & $0.00114148$ & $-0.0223453$ & $-0.032862$ & $0.0113222$ & $0.00822793$ & $-0.0368134$ & $-0.0231764$ & $0.0120657$ & $0.0174661$ & $-0.00148851$ & $0.0336834$ & $0.0137016$ & $0.0302926$ & $-0.0096168$ & $-0.0136041$ & $-0.0113595$ & $0.00716215$ & $0.0339917$ & $0.0144961$ & $-0.0016162$ & $-0.0172149$ & $-0.00449939$ & $-0.00614818$ & $-0.190727$ & $-0.0486381$ & $-0.0602791$ & $-0.164611$ & $-0.0312395$ & $-0.173896$ & $-0.0686944$ & $1$ & $0.0286146$ & $-0.0315014$ & $0.00674738$ & $-0.0362793$ & $0.0183686$ & $-0.00604461$ & $-0.104784$ & $0.0844128$ & $0.157955$ & $0.12026$ & $-0.0201319$ & $0.107278$ \\
eHWWpar & $0.00950913$ & $0.0229226$ & $-0.0132929$ & $-0.00796853$ & $0.00150074$ & $0.0054165$ & $-0.017632$ & $-0.00947612$ & $-0.012372$ & $0.00063831$ & $0.00882221$ & $-0.0131931$ & $-0.00907442$ & $-0.00587514$ & $0.00928662$ & $-0.000978463$ & $0.00415475$ & $-0.00493454$ & $-0.00357394$ & $-0.00810419$ & $-0.00964843$ & $-0.0115445$ & $0.00486165$ & $0.00507986$ & $-0.00027957$ & $0.00825297$ & $-0.00755605$ & $0.00864481$ & $0.00421881$ & $-0.044224$ & $-0.0410337$ & $-0.0271291$ & $-0.0328729$ & $-0.0111762$ & $0.0195096$ & $6.07186e-05$ & $0.0286146$ & $1$ & $-0.00218465$ & $0.030136$ & $0.0162236$ & $0.00516217$ & $-0.000284571$ & $0.0151266$ & $0.041854$ & $0.0122448$ & $-0.0122307$ & $0.030693$ & $-0.00648721$ \\
eHZZint & $0.0463019$ & $-0.0183159$ & $0.0315276$ & $-0.132277$ & $0.00111939$ & $0.000333754$ & $-0.032339$ & $0.0436737$ & $0.0412789$ & $-0.0292442$ & $-0.0431264$ & $0.00809944$ & $0.0192891$ & $0.0217457$ & $0.0190615$ & $0.020442$ & $-0.00809238$ & $-0.0129471$ & $-0.0132337$ & $0.0417314$ & $0.0418954$ & $0.0445238$ & $-0.0287044$ & $-0.023557$ & $-0.0169486$ & $-0.00600245$ & $0.00839245$ & $0.0138733$ & $-0.0101415$ & $-0.00105921$ & $-0.0176817$ & $-0.03163$ & $0.0115276$ & $0.0149492$ & $-0.0566805$ & $0.0377671$ & $-0.0315014$ & $-0.00218465$ & $1$ & $-0.00463926$ & $-0.0312267$ & $-0.0508621$ & $0.0169449$ & $-0.0782804$ & $0.0465071$ & $0.0527946$ & $-0.0280179$ & $0.0401769$ & $0.0176519$ \\
eHZZpar & $-0.0207573$ & $0.00466167$ & $-0.0253662$ & $0.0210689$ & $0.0292604$ & $-0.0118186$ & $0.0123041$ & $-0.0020029$ & $-0.00290534$ & $-0.00586598$ & $0.000178406$ & $0.00222513$ & $0.00880905$ & $0.00703154$ & $0.00441848$ & $0.0163845$ & $0.00116503$ & $0.00327784$ & $-0.00839939$ & $0.00269976$ & $-0.00108429$ & $-0.00120411$ & $-0.0209238$ & $0.0034427$ & $-0.00257706$ & $0.0106319$ & $-0.0203765$ & $0.0143124$ & $-0.00687354$ & $-0.00186756$ & $0.0012728$ & $0.0186009$ & $0.00374084$ & $-0.00558954$ & $0.0373063$ & $0.0248572$ & $0.00674738$ & $0.030136$ & $-0.00463926$ & $1$ & $-0.0108207$ & $-0.00745341$ & $0.00398875$ & $0.0240134$ & $0.0528151$ & $-0.0187255$ & $-0.0293063$ & $-0.0123393$ & $0.0128252$ \\
eHZgaint & $-0.173584$ & $-0.152214$ & $0.0633433$ & $-0.00403642$ & $-0.0130661$ & $0.00437364$ & $-0.00943844$ & $0.0226557$ & $0.0172892$ & $-0.052861$ & $-0.00264203$ & $0.0114341$ & $0.0213443$ & $-0.0286547$ & $0.0110672$ & $0.0217045$ & $-0.0382445$ & $-0.0386283$ & $-0.0462273$ & $-0.000342129$ & $-0.0022773$ & $-0.00435774$ & $-0.0176106$ & $-0.00798211$ & $-0.0154724$ & $0.0188079$ & $0.00769572$ & $-0.0196981$ & $0.0186005$ & $0.0284142$ & $0.0315403$ & $-0.00593584$ & $0.0538843$ & $-0.000875284$ & $0.0789894$ & $-0.230694$ & $-0.0362793$ & $0.0162236$ & $-0.0312267$ & $-0.0108207$ & $1$ & $0.027992$ & $-0.0581545$ & $0.187124$ & $0.0507458$ & $0.00589806$ & $0.0539736$ & $-0.0708124$ & $0.08508$ \\
eHZgapar & $0.0199551$ & $0.00222227$ & $0.0155206$ & $0.0260251$ & $0.0146993$ & $-0.0230127$ & $-0.0159589$ & $0.0109642$ & $0.0123887$ & $0.00326421$ & $-0.00588886$ & $0.0214785$ & $0.0255052$ & $-0.0147603$ & $-0.0285471$ & $-0.0181739$ & $0.00846087$ & $0.0103077$ & $0.00321688$ & $0.000910238$ & $0.0101795$ & $0.0122074$ & $0.0229706$ & $-0.023046$ & $0.0146123$ & $-0.0118229$ & $0.0450323$ & $-0.00903261$ & $-0.00380398$ & $0.00650232$ & $0.00163465$ & $-0.0266425$ & $0.00215189$ & $0.0423073$ & $-0.00288421$ & $-0.0423706$ & $0.0183686$ & $0.00516217$ & $-0.0508621$ & $-0.00745341$ & $0.027992$ & $1$ & $0.00903094$ & $-0.0153406$ & $0.0431494$ & $0.0384416$ & $-0.00483534$ & $0.0210911$ & $0.00592893$ \\
eHgagaint & $0.00151205$ & $0.152164$ & $0.0698349$ & $-0.0974441$ & $0.00375822$ & $-0.00875143$ & $-0.0184176$ & $0.000387394$ & $0.0628568$ & $-0.00186801$ & $0.0115461$ & $0.0430736$ & $0.0393722$ & $-0.0337076$ & $0.0138698$ & $0.0135521$ & $-0.0190831$ & $-0.0329008$ & $-0.036761$ & $-0.00563884$ & $-0.00910599$ & $-0.0106575$ & $-0.0161261$ & $-0.0140934$ & $-0.0333431$ & $0.0257628$ & $-0.0114889$ & $0.0232335$ & $0.00323937$ & $0.00300062$ & $-0.00424345$ & $-0.000225976$ & $0.0521956$ & $0.00355367$ & $0.156224$ & $0.0656009$ & $-0.00604461$ & $-0.000284571$ & $0.0169449$ & $0.00398875$ & $-0.0581545$ & $0.00903094$ & $1$ & $-0.0139338$ & $-0.0939575$ & $-0.0391234$ & $0.0282617$ & $0.0231955$ & $0.0979125$ \\
eHmumuint & $-0.0275994$ & $-0.0125186$ & $0.0471111$ & $-0.104172$ & $0.00362661$ & $0.0190705$ & $0.0150015$ & $-0.0104962$ & $-0.00918221$ & $-0.00449909$ & $0.0107465$ & $-0.0088732$ & $-0.00791776$ & $-0.00512584$ & $0.0256484$ & $0.0112386$ & $-0.0050572$ & $-0.0170509$ & $-0.0053388$ & $-0.00680239$ & $-0.0143383$ & $-0.0174768$ & $-0.00593462$ & $0.0134028$ & $0.00212211$ & $0.00790688$ & $-0.0153576$ & $0.00545783$ & $0.0279117$ & $0.00839149$ & $-0.00196532$ & $0.0143656$ & $-0.00277502$ & $-0.0326578$ & $-0.0174478$ & $-0.0279622$ & $-0.104784$ & $0.0151266$ & $-0.0782804$ & $0.0240134$ & $0.187124$ & $-0.0153406$ & $-0.0139338$ & $1$ & $-0.033727$ & $-0.0734508$ & $-0.0563662$ & $0.0576713$ & $-0.0949905$ \\
eHtautauint & $0.0267986$ & $0.00350553$ & $-0.107423$ & $0.0958424$ & $-0.00616832$ & $-0.00882954$ & $-0.0234166$ & $0.003755$ & $-0.00609778$ & $-0.0133596$ & $-0.00245661$ & $-0.00858799$ & $-0.0012895$ & $-0.000553047$ & $-0.012137$ & $0.0295568$ & $-0.00352496$ & $0.0067266$ & $-0.0238885$ & $0.00179958$ & $0.0014562$ & $0.00121768$ & $-0.0160624$ & $0.00524253$ & $-0.0032577$ & $0.00237507$ & $0.00238469$ & $0.0147988$ & $-0.00370669$ & $0.0308662$ & $-0.101714$ & $-0.0384741$ & $-0.0315658$ & $0.0151354$ & $-0.000949492$ & $-0.0185799$ & $0.0844128$ & $0.041854$ & $0.0465071$ & $0.0528151$ & $0.0507458$ & $0.0431494$ & $-0.0939575$ & $-0.033727$ & $1$ & $0.0656923$ & $-0.21805$ & $-0.0730207$ & $0.0250146$ \\
eHccint & $0.066816$ & $-0.0418334$ & $-0.0329092$ & $0.0384513$ & $0.0189376$ & $-0.0304955$ & $-0.0229039$ & $-0.00215946$ & $-0.0111645$ & $0.0109808$ & $0.000421944$ & $0.0070183$ & $0.0177969$ & $0.00362904$ & $-0.0251654$ & $-0.0091887$ & $0.0105613$ & $0.0204217$ & $0.0105856$ & $-0.00644835$ & $-0.000464668$ & $0.00224449$ & $0.00474824$ & $0.000535535$ & $0.00769502$ & $0.000942366$ & $0.0182549$ & $-0.00326748$ & $0.00385257$ & $-0.0370792$ & $0.114306$ & $-0.0293175$ & $-0.00687824$ & $0.0205532$ & $-0.0311129$ & $0.0763593$ & $0.157955$ & $0.0122448$ & $0.0527946$ & $-0.0187255$ & $0.00589806$ & $0.0384416$ & $-0.0391234$ & $-0.0734508$ & $0.0656923$ & $1$ & $0.161042$ & $-0.032031$ & $0.096024$ \\
eHccpar & $-0.0650112$ & $0.0625619$ & $0.0598192$ & $-0.0185431$ & $-0.00798685$ & $0.019636$ & $-0.0133813$ & $-0.0261326$ & $-0.025511$ & $-0.00765231$ & $0.0266974$ & $-0.0310737$ & $-0.0212381$ & $-0.00742988$ & $-0.0280251$ & $-0.0116464$ & $-0.00454012$ & $0.0161151$ & $-0.000260552$ & $-0.026691$ & $-0.0248965$ & $-0.0316405$ & $0.0117619$ & $0.0122899$ & $0.0162086$ & $0.00997713$ & $0.00359451$ & $0.00866064$ & $0.00763934$ & $-0.0291385$ & $0.344387$ & $-0.0289058$ & $0.00822046$ & $0.00394575$ & $-0.0659027$ & $-0.123118$ & $0.12026$ & $-0.0122307$ & $-0.0280179$ & $-0.0293063$ & $0.0539736$ & $-0.00483534$ & $0.0282617$ & $-0.0563662$ & $-0.21805$ & $0.161042$ & $1$ & $-0.0511637$ & $0.0840415$ \\
eHbbint & $0.0480916$ & $0.042396$ & $-0.0968832$ & $0.0620779$ & $-0.0238118$ & $0.0341433$ & $0.00750693$ & $-0.00243852$ & $0.00343637$ & $0.00328102$ & $-0.00413147$ & $-0.0123825$ & $-0.0121954$ & $0.0163043$ & $0.0231197$ & $-0.0034672$ & $0.00828062$ & $-0.00519458$ & $0.0130732$ & $0.00470821$ & $0.00634343$ & $0.0017177$ & $0.00214081$ & $0.0071981$ & $-0.00200357$ & $-0.0040832$ & $-0.0111518$ & $-0.00392874$ & $-0.00995394$ & $-0.00959874$ & $-0.0135597$ & $0.00825957$ & $0.194506$ & $-0.0200129$ & $-0.0495744$ & $0.00103302$ & $-0.0201319$ & $0.030693$ & $0.0401769$ & $-0.0123393$ & $-0.0708124$ & $0.0210911$ & $0.0231955$ & $0.0576713$ & $-0.0730207$ & $-0.032031$ & $-0.0511637$ & $1$ & $0.0653277$ \\
eHbbpar & $0.111429$ & $-0.0967397$ & $0.0927996$ & $-0.082666$ & $0.00650617$ & $-0.0028664$ & $-0.0145099$ & $0.0184162$ & $0.0255047$ & $-0.0241037$ & $-0.0144722$ & $-0.0259305$ & $-0.0183807$ & $-0.001046$ & $0.00691942$ & $-0.0172434$ & $-0.00138798$ & $-0.0106982$ & $0.00285554$ & $0.0104771$ & $0.0137018$ & $0.0125174$ & $0.00926105$ & $-0.0210728$ & $-0.0139241$ & $-0.0270256$ & $0.00760149$ & $0.00777152$ & $-0.00600833$ & $-0.00622547$ & $0.026134$ & $-0.0304804$ & $0.464887$ & $0.00493733$ & $-0.172317$ & $0.0210223$ & $0.107278$ & $-0.00648721$ & $0.0176519$ & $0.0128252$ & $0.08508$ & $0.00592893$ & $0.0979125$ & $-0.0949905$ & $0.0250146$ & $0.096024$ & $0.0840415$ & $0.0653277$ & $1$ \\
