 & AlsMz & dAle5Mz & mtop & mHl & Mz & CW & CHG & CHWB & CHWHB_gaga & CHWHB_gagaorth & CHD & CHbox & CH & CHL1_11 & CHL1_22 & CHL1_33 & CHL3_11 & CHL3_22 & CHL3_33 & CHe_11 & CHe_22 & CHe_33 & CHQ1_11 & CHQ1_33 & CHQ3_11 & CHu_11 & CHd_11 & CHd_33 & CeH_22r & CeH_33r & CuH_22r & CuH_33r & CdH_33r & CLL_1221 & eHggint & eHggpar & eHWWint & eHWWpar & eHZZint & eHZZpar & eHZgaint & eHZgapar & eHgagaint & eHmumuint & eHtautauint & eHccint & eHccpar & eHbbint & eHbbpar \\
AlsMz & $1$ & $0.0753164$ & $-0.109118$ & $-0.143679$ & $0.00348825$ & $-0.00631512$ & $-0.0294978$ & $0.0236358$ & $0.0603328$ & $-0.032005$ & $-0.0275652$ & $-0.0140757$ & $0.0069568$ & $-0.00431805$ & $0.0183736$ & $0.059043$ & $-0.0032652$ & $-0.0137289$ & $-0.039896$ & $0.0256687$ & $0.0202628$ & $0.0223847$ & $0.0104539$ & $-0.0497593$ & $-0.0646662$ & $-0.0494641$ & $-0.00664242$ & $0.0045277$ & $0.0323532$ & $0.0151483$ & $0.00441014$ & $-0.0258809$ & $0.00269029$ & $0.00853677$ & $0.0263434$ & $0.216275$ & $-0.138313$ & $0.0274938$ & $-0.141223$ & $-0.0945033$ & $0.125509$ & $-0.134104$ & $0.656402$ & $0.115903$ & $0.205303$ & $0.169304$ & $0.0493794$ & $0.500307$ & $-0.133813$ \\
dAle5Mz & $0.0753164$ & $1$ & $0.10444$ & $-0.0744219$ & $0.00462859$ & $-0.00949029$ & $-0.00607832$ & $-0.0827291$ & $-0.0885673$ & $0.0456684$ & $0.0422754$ & $0.043725$ & $0.00902039$ & $0.0397249$ & $0.108939$ & $0.0476109$ & $0.040073$ & $-0.0073969$ & $0.0398096$ & $-0.0134757$ & $-0.0466226$ & $-0.0426391$ & $-0.0557013$ & $0.0919764$ & $-0.00884601$ & $0.0116376$ & $-0.156401$ & $-0.00631016$ & $0.0421376$ & $-0.0127496$ & $0.00525636$ & $0.020362$ & $0.0110795$ & $-0.135205$ & $-0.0087439$ & $0.282792$ & $0.0433413$ & $-0.113697$ & $0.125046$ & $-0.106129$ & $-0.103332$ & $-0.0276652$ & $-0.119369$ & $0.0178219$ & $0.175775$ & $-0.0354511$ & $0.0199621$ & $0.113131$ & $-0.0421661$ \\
mtop & $-0.109118$ & $0.10444$ & $1$ & $-0.128797$ & $8.53382e-05$ & $-0.0149648$ & $0.0445573$ & $-0.0318925$ & $-0.0524982$ & $0.0268825$ & $0.0214718$ & $-0.043575$ & $-0.0336503$ & $0.0368409$ & $-0.0416434$ & $-0.0662192$ & $0.0248704$ & $0.0538135$ & $0.0687378$ & $-0.0194925$ & $-0.0099155$ & $-0.014305$ & $-0.0568536$ & $0.0238245$ & $0.0386481$ & $0.0384792$ & $-0.0053757$ & $-0.0283018$ & $0.0219969$ & $-0.042739$ & $-0.0931225$ & $0.0215997$ & $-0.148596$ & $0.00406469$ & $-0.260428$ & $0.108082$ & $0.348817$ & $-0.037418$ & $-0.140178$ & $0.0394029$ & $0.0281836$ & $-0.106263$ & $-0.26871$ & $-0.0413778$ & $0.148013$ & $0.141129$ & $-0.441351$ & $-0.212474$ & $-0.141833$ \\
mHl & $-0.143679$ & $-0.0744219$ & $-0.128797$ & $1$ & $0.0296718$ & $0.0258082$ & $-0.00740399$ & $0.0735236$ & $0.0732657$ & $-0.034953$ & $-0.0348388$ & $0.0258583$ & $0.0491869$ & $-0.029682$ & $-0.0627999$ & $-0.0584924$ & $-0.0680416$ & $-0.0327688$ & $-0.0344595$ & $0.0205721$ & $0.0466513$ & $0.0411115$ & $0.0809651$ & $-0.0726173$ & $0.0167822$ & $-0.0224283$ & $0.18061$ & $0.0481016$ & $-0.0338363$ & $0.0138382$ & $-0.0267306$ & $-0.0182354$ & $0.123936$ & $0.106472$ & $-0.123923$ & $0.0640237$ & $-0.129456$ & $-0.0868016$ & $0.0990358$ & $0.0820323$ & $-0.149884$ & $0.0555906$ & $-0.00936744$ & $-0.166655$ & $-0.263952$ & $-0.133862$ & $0.180052$ & $-0.0108561$ & $0.297421$ \\
Mz & $0.00348825$ & $0.00462859$ & $8.53382e-05$ & $0.0296718$ & $1$ & $-0.0174903$ & $-0.0134509$ & $-0.0164688$ & $-0.01689$ & $0.0112291$ & $0.011331$ & $-0.00957296$ & $-0.0125774$ & $0.00959255$ & $0.0115004$ & $0.0260349$ & $0.0328637$ & $0.0181294$ & $0.00785621$ & $-0.000988515$ & $-0.00475944$ & $-0.000836776$ & $-0.0200451$ & $0.0208186$ & $0.0171443$ & $0.0122231$ & $-0.024698$ & $0.0106012$ & $-0.0135926$ & $-0.0253709$ & $-0.0040959$ & $-0.0072005$ & $-0.00220419$ & $-0.0172317$ & $0.0227753$ & $-0.020237$ & $0.0383552$ & $-0.00901406$ & $-0.0163747$ & $-0.00586264$ & $0.0138857$ & $-0.0041852$ & $0.0171989$ & $-0.0321197$ & $0.000583809$ & $-0.0122855$ & $0.0045199$ & $-0.00859029$ & $0.0052068$ \\
CW & $-0.00631512$ & $-0.00949029$ & $-0.0149648$ & $0.0258082$ & $-0.0174903$ & $1$ & $0.00847142$ & $-0.112723$ & $-0.106987$ & $0.0079042$ & $0.165824$ & $0.0212866$ & $-0.0131282$ & $0.0334374$ & $-0.0994171$ & $-0.0980558$ & $-0.240328$ & $-0.0272105$ & $-0.0244682$ & $-0.16596$ & $-0.167413$ & $-0.157191$ & $0.0145513$ & $0.00702307$ & $-0.0419489$ & $0.0891255$ & $-0.0150253$ & $-0.0752454$ & $0.00112513$ & $0.00735084$ & $-0.0207608$ & $0.00619851$ & $-0.000956402$ & $-0.0937815$ & $-0.0208913$ & $0.0339135$ & $0.0428533$ & $0.0199252$ & $0.0120366$ & $0.0222653$ & $0.018066$ & $0.0186445$ & $0.00818214$ & $-0.0151333$ & $0.0212672$ & $0.00142648$ & $0.0136163$ & $-0.0231076$ & $0.0281368$ \\
CHG & $-0.0294978$ & $-0.00607832$ & $0.0445573$ & $-0.00740399$ & $-0.0134509$ & $0.00847142$ & $1$ & $-0.112468$ & $-0.0667993$ & $0.051358$ & $0.0774725$ & $-0.185832$ & $-0.261938$ & $0.0273559$ & $0.00813964$ & $0.00257777$ & $0.0738094$ & $0.0647515$ & $0.0646708$ & $-0.0716141$ & $-0.0842779$ & $-0.0834429$ & $-0.0180339$ & $0.117749$ & $0.0564372$ & $0.056931$ & $-0.0914368$ & $-0.0166919$ & $-0.00166489$ & $-0.142515$ & $-0.0837369$ & $0.938838$ & $-0.162053$ & $-0.0936665$ & $-0.0870017$ & $0.0101684$ & $0.0649207$ & $0.0250769$ & $0.0108527$ & $0.061208$ & $-0.0125264$ & $-0.0271012$ & $-0.0165971$ & $-0.0625656$ & $0.0325804$ & $0.0674462$ & $0.0100405$ & $-0.0376774$ & $-0.00786335$ \\
CHWB & $0.0236358$ & $-0.0827291$ & $-0.0318925$ & $0.0735236$ & $-0.0164688$ & $-0.112723$ & $-0.112468$ & $1$ & $0.984994$ & $-0.606616$ & $-0.879611$ & $-0.0387402$ & $0.322805$ & $0.10932$ & $0.289274$ & $0.346582$ & $-0.248714$ & $-0.42808$ & $-0.476073$ & $0.850132$ & $0.898628$ & $0.879361$ & $0.0609955$ & $-0.68772$ & $-0.426685$ & $-0.526406$ & $0.415536$ & $0.306606$ & $-0.00823037$ & $0.0961714$ & $0.0234869$ & $-0.111294$ & $0.119611$ & $0.582696$ & $-0.00303876$ & $0.0718139$ & $-0.0522844$ & $0.0441853$ & $0.105595$ & $-0.0129456$ & $-0.0104272$ & $0.0626363$ & $0.048815$ & $0.0128656$ & $-0.0308002$ & $-0.0792323$ & $0.0388414$ & $0.0683706$ & $0.0955183$ \\
CHWHB_gaga & $0.0603328$ & $-0.0885673$ & $-0.0524982$ & $0.0732657$ & $-0.01689$ & $-0.106987$ & $-0.0667993$ & $0.984994$ & $1$ & $-0.598779$ & $-0.862796$ & $-0.0245886$ & $0.31967$ & $0.100743$ & $0.28651$ & $0.3404$ & $-0.254031$ & $-0.430082$ & $-0.475442$ & $0.833735$ & $0.881121$ & $0.862417$ & $0.0649709$ & $-0.681205$ & $-0.426157$ & $-0.519624$ & $0.41312$ & $0.299368$ & $-0.00193094$ & $0.11685$ & $0.0360518$ & $-0.073141$ & $0.146185$ & $0.57166$ & $0.00177056$ & $0.064032$ & $-0.0843093$ & $0.0518857$ & $0.101415$ & $-0.0126281$ & $-0.0159151$ & $0.058736$ & $0.110783$ & $0.0202681$ & $-0.0239907$ & $-0.0687465$ & $0.0598296$ & $0.0984359$ & $0.0962758$ \\
CHWHB_gagaorth & $-0.032005$ & $0.0456684$ & $0.0268825$ & $-0.034953$ & $0.0112291$ & $0.0079042$ & $0.051358$ & $-0.606616$ & $-0.598779$ & $1$ & $0.391408$ & $0.355369$ & $-0.217468$ & $0.217757$ & $-0.0993882$ & $-0.129126$ & $0.429996$ & $0.482156$ & $0.503249$ & $-0.371984$ & $-0.413644$ & $-0.405103$ & $-0.0781048$ & $0.592781$ & $0.484836$ & $0.24646$ & $-0.292769$ & $-0.13075$ & $0.0165285$ & $-0.113571$ & $-0.0486048$ & $0.0657024$ & $-0.135513$ & $-0.411351$ & $-0.00482625$ & $-0.0408397$ & $0.0595484$ & $-0.038421$ & $-0.0643142$ & $-0.0132383$ & $-0.0288789$ & $-0.0539592$ & $-0.0522778$ & $-0.0364021$ & $0.0180824$ & $0.051293$ & $0.0295966$ & $-0.0792175$ & $-0.0216307$ \\
CHD & $-0.0275652$ & $0.0422754$ & $0.0214718$ & $-0.0348388$ & $0.011331$ & $0.165824$ & $0.0774725$ & $-0.879611$ & $-0.862796$ & $0.391408$ & $1$ & $0.166835$ & $-0.146049$ & $-0.52342$ & $-0.430498$ & $-0.486123$ & $-0.208996$ & $0.0601013$ & $0.113963$ & $-0.990924$ & $-0.991865$ & $-0.972187$ & $0.00871023$ & $0.323568$ & $0.0429032$ & $0.582833$ & $-0.258461$ & $-0.340545$ & $0.0151277$ & $-0.0659362$ & $-0.0101337$ & $0.0864515$ & $-0.0677823$ & $-0.373657$ & $0.0410483$ & $-0.0582782$ & $0.00274455$ & $-0.0335608$ & $-0.085075$ & $0.0281654$ & $0.0320274$ & $-0.0408481$ & $-0.0192317$ & $-0.00177776$ & $0.0190393$ & $0.0622311$ & $-0.0672215$ & $-0.0634187$ & $-0.0589231$ \\
CHbox & $-0.0140757$ & $0.043725$ & $-0.043575$ & $0.0258583$ & $-0.00957296$ & $0.0212866$ & $-0.185832$ & $-0.0387402$ & $-0.0245886$ & $0.355369$ & $0.166835$ & $1$ & $0.660287$ & $-0.276997$ & $-0.0278196$ & $-0.0297676$ & $-0.267902$ & $-0.22563$ & $-0.223379$ & $-0.154864$ & $-0.166566$ & $-0.163764$ & $0.035225$ & $-0.113067$ & $-0.211684$ & $0.0843218$ & $-0.0177417$ & $-0.0267416$ & $0.0380041$ & $0.283486$ & $0.0827716$ & $-0.100338$ & $0.38139$ & $-0.0167894$ & $0.0987944$ & $0.0307561$ & $-0.0174508$ & $-0.0158271$ & $0.0240209$ & $-0.0257701$ & $0.0161041$ & $0.00332336$ & $-0.00572817$ & $-0.0424335$ & $0.00770177$ & $-0.0293241$ & $-0.00361487$ & $-0.0293467$ & $0.0583341$ \\
CH & $0.0069568$ & $0.00902039$ & $-0.0336503$ & $0.0491869$ & $-0.0125774$ & $-0.0131282$ & $-0.261938$ & $0.322805$ & $0.31967$ & $-0.217468$ & $-0.146049$ & $0.660287$ & $1$ & $-0.245268$ & $0.0245261$ & $0.0328948$ & $-0.35051$ & $-0.358697$ & $-0.363696$ & $0.136521$ & $0.162321$ & $0.15731$ & $0.0735342$ & $-0.378652$ & $-0.340284$ & $-0.099608$ & $0.197997$ & $0.0820838$ & $0.0195166$ & $0.226252$ & $0.0718583$ & $-0.218151$ & $0.320861$ & $0.241009$ & $0.0787171$ & $0.0240275$ & $-0.0406305$ & $0.0283505$ & $0.0668713$ & $-0.0242016$ & $0.0440273$ & $0.0446333$ & $0.0202131$ & $-0.0062072$ & $-0.00924716$ & $-0.0338596$ & $-0.0330589$ & $0.0284568$ & $0.0875463$ \\
CHL1_11 & $-0.00431805$ & $0.0397249$ & $0.0368409$ & $-0.029682$ & $0.00959255$ & $0.0334374$ & $0.0273559$ & $0.10932$ & $0.100743$ & $0.217757$ & $-0.52342$ & $-0.276997$ & $-0.245268$ & $1$ & $0.311116$ & $0.325425$ & $0.667825$ & $0.596469$ & $0.571173$ & $0.543483$ & $0.482829$ & $0.473874$ & $-0.115577$ & $0.455934$ & $0.5983$ & $-0.278849$ & $-0.139819$ & $0.156567$ & $-0.0224362$ & $-0.0276253$ & $-0.016315$ & $0.00621141$ & $-0.0571916$ & $-0.225274$ & $-0.0771023$ & $0.018356$ & $0.0923444$ & $-0.0177568$ & $-0.00356589$ & $-0.024618$ & $-0.0438097$ & $-0.014632$ & $-0.051721$ & $-0.0388871$ & $0.0327481$ & $-0.00609866$ & $0.0616181$ & $-0.00895068$ & $-0.0220532$ \\
CHL1_22 & $0.0183736$ & $0.108939$ & $-0.0416434$ & $-0.0627999$ & $0.0115004$ & $-0.0994171$ & $0.00813964$ & $0.289274$ & $0.28651$ & $-0.0993882$ & $-0.430498$ & $-0.0278196$ & $0.0245261$ & $0.311116$ & $1$ & $0.446603$ & $0.20133$ & $-0.408813$ & $0.00180886$ & $0.4936$ & $0.351545$ & $0.35136$ & $-0.168428$ & $0.119425$ & $-0.0780437$ & $-0.223303$ & $-0.387538$ & $0.128485$ & $0.0071481$ & $0.0179443$ & $-0.0265172$ & $0.00502383$ & $-0.0275514$ & $-0.582264$ & $-0.00919174$ & $0.00259895$ & $0.0821596$ & $0.004919$ & $-0.0233022$ & $-0.038901$ & $-0.0458548$ & $-0.00629956$ & $-0.0363428$ & $0.00462896$ & $-0.00379876$ & $-0.00723798$ & $-0.00139692$ & $0.0134851$ & $-0.0632525$ \\
CHL1_33 & $0.059043$ & $0.0476109$ & $-0.0662192$ & $-0.0584924$ & $0.0260349$ & $-0.0980558$ & $0.00257777$ & $0.346582$ & $0.3404$ & $-0.129126$ & $-0.486123$ & $-0.0297676$ & $0.0328948$ & $0.325425$ & $0.446603$ & $1$ & $0.203353$ & $0.0143419$ & $-0.4102$ & $0.543838$ & $0.412247$ & $0.431687$ & $-0.138762$ & $0.07151$ & $-0.0796713$ & $-0.255152$ & $-0.33559$ & $0.127532$ & $-0.00320433$ & $0.0485921$ & $0.0346028$ & $0.00711943$ & $0.0304278$ & $-0.0463571$ & $-0.0235107$ & $0.0120845$ & $0.0488856$ & $0.00746105$ & $-0.0111177$ & $-0.0292082$ & $-0.0262015$ & $-0.0263092$ & $-0.0381528$ & $-0.0116598$ & $-0.0297354$ & $-0.0418895$ & $0.0215156$ & $0.0465555$ & $-0.0435805$ \\
CHL3_11 & $-0.0032652$ & $0.040073$ & $0.0248704$ & $-0.0680416$ & $0.0328637$ & $-0.240328$ & $0.0738094$ & $-0.248714$ & $-0.254031$ & $0.429996$ & $-0.208996$ & $-0.267902$ & $-0.35051$ & $0.667825$ & $0.20133$ & $0.203353$ & $1$ & $0.742396$ & $0.72949$ & $0.236044$ & $0.172635$ & $0.171203$ & $-0.109589$ & $0.690367$ & $0.780928$ & $-0.10065$ & $-0.224464$ & $0.0764013$ & $-0.0123811$ & $-0.0645799$ & $-0.0339147$ & $0.0522854$ & $-0.10732$ & $-0.291464$ & $-0.0802823$ & $-0.053407$ & $0.0774479$ & $-0.0106215$ & $-0.0392831$ & $-0.0303683$ & $-0.0364431$ & $-0.0371124$ & $-0.0503806$ & $-0.00794486$ & $0.00195033$ & $0.0476198$ & $0.0533056$ & $-0.00983433$ & $-0.0664747$ \\
CHL3_22 & $-0.0137289$ & $-0.0073969$ & $0.0538135$ & $-0.0327688$ & $0.0181294$ & $-0.0272105$ & $0.0647515$ & $-0.42808$ & $-0.430082$ & $0.482156$ & $0.0601013$ & $-0.22563$ & $-0.358697$ & $0.596469$ & $-0.408813$ & $0.0143419$ & $0.742396$ & $1$ & $0.666962$ & $-0.058$ & $-0.0605394$ & $-0.0585863$ & $-0.027734$ & $0.628121$ & $0.788698$ & $0.0442229$ & $-0.0591623$ & $-0.0250643$ & $-0.019265$ & $-0.0695332$ & $-0.00530722$ & $0.0469433$ & $-0.0813752$ & $-0.00125704$ & $-0.0706496$ & $-0.0334736$ & $0.04606$ & $-0.0219509$ & $-0.0275333$ & $-0.00138316$ & $-0.011422$ & $-0.0377749$ & $-0.041398$ & $-0.0283129$ & $0.018544$ & $0.0325998$ & $0.0524858$ & $-0.0275112$ & $-0.0308872$ \\
CHL3_33 & $-0.039896$ & $0.0398096$ & $0.0687378$ & $-0.0344595$ & $0.00785621$ & $-0.0244682$ & $0.0646708$ & $-0.476073$ & $-0.475442$ & $0.503249$ & $0.113963$ & $-0.223379$ & $-0.363696$ & $0.571173$ & $0.00180886$ & $-0.4102$ & $0.72949$ & $0.666962$ & $1$ & $-0.109668$ & $-0.114452$ & $-0.107799$ & $-0.0427351$ & $0.655264$ & $0.790192$ & $0.073328$ & $-0.0807986$ & $-0.027492$ & $-0.0119756$ & $-0.092974$ & $-0.0516473$ & $0.0409298$ & $-0.124685$ & $-0.40786$ & $-0.0523466$ & $-0.0432259$ & $0.0650623$ & $-0.0209866$ & $-0.0356115$ & $-0.00640991$ & $-0.0221962$ & $-0.0152739$ & $-0.0315373$ & $-0.0115169$ & $0.0416904$ & $0.0628996$ & $0.0345921$ & $-0.0461046$ & $-0.0413749$ \\
CHe_11 & $0.0256687$ & $-0.0134757$ & $-0.0194925$ & $0.0205721$ & $-0.000988515$ & $-0.16596$ & $-0.0716141$ & $0.850132$ & $0.833735$ & $-0.371984$ & $-0.990924$ & $-0.154864$ & $0.136521$ & $0.543483$ & $0.4936$ & $0.543838$ & $0.236044$ & $-0.058$ & $-0.109668$ & $1$ & $0.974342$ & $0.956359$ & $-0.0299256$ & $-0.269359$ & $-0.0302386$ & $-0.576098$ & $0.185504$ & $0.332507$ & $-0.0141439$ & $0.0643032$ & $0.0121307$ & $-0.0795139$ & $0.0613515$ & $0.296641$ & $-0.0425554$ & $0.0579053$ & $0.0122331$ & $0.0310069$ & $0.0788039$ & $-0.0322766$ & $-0.0378406$ & $0.0346308$ & $0.00709474$ & $-0.000209335$ & $-0.0188848$ & $-0.0648978$ & $0.0643066$ & $0.0587622$ & $0.0427636$ \\
CHe_22 & $0.0202628$ & $-0.0466226$ & $-0.0099155$ & $0.0466513$ & $-0.00475944$ & $-0.167413$ & $-0.0842779$ & $0.898628$ & $0.881121$ & $-0.413644$ & $-0.991865$ & $-0.166566$ & $0.162321$ & $0.482829$ & $0.351545$ & $0.412247$ & $0.172635$ & $-0.0605394$ & $-0.114452$ & $0.974342$ & $1$ & $0.975664$ & $0.0137277$ & $-0.378045$ & $-0.0577639$ & $-0.583212$ & $0.332723$ & $0.343889$ & $-0.0144338$ & $0.0660417$ & $0.00936329$ & $-0.0931698$ & $0.0733186$ & $0.454915$ & $-0.0406257$ & $0.0628577$ & $-0.0144285$ & $0.0347873$ & $0.0945584$ & $-0.0249409$ & $-0.0287885$ & $0.0462174$ & $0.0234811$ & $0.00388101$ & $-0.0173975$ & $-0.0639597$ & $0.0648399$ & $0.0623672$ & $0.0703082$ \\
CHe_33 & $0.0223847$ & $-0.0426391$ & $-0.014305$ & $0.0411115$ & $-0.000836776$ & $-0.157191$ & $-0.0834429$ & $0.879361$ & $0.862417$ & $-0.405103$ & $-0.972187$ & $-0.163764$ & $0.15731$ & $0.473874$ & $0.35136$ & $0.431687$ & $0.171203$ & $-0.0585863$ & $-0.107799$ & $0.956359$ & $0.975664$ & $1$ & $0.0140622$ & $-0.368458$ & $-0.0566405$ & $-0.573227$ & $0.318251$ & $0.327096$ & $-0.0141916$ & $0.0666108$ & $0.0144855$ & $-0.0923903$ & $0.0727478$ & $0.442068$ & $-0.0319312$ & $0.0554548$ & $-0.0167932$ & $0.0395247$ & $0.0907252$ & $-0.0185211$ & $-0.034284$ & $0.0519465$ & $0.029414$ & $0.00752796$ & $-0.0186645$ & $-0.0609278$ & $0.0749921$ & $0.0632661$ & $0.0725415$ \\
CHQ1_11 & $0.0104539$ & $-0.0557013$ & $-0.0568536$ & $0.0809651$ & $-0.0200451$ & $0.0145513$ & $-0.0180339$ & $0.0609955$ & $0.0649709$ & $-0.0781048$ & $0.00871023$ & $0.035225$ & $0.0735342$ & $-0.115577$ & $-0.168428$ & $-0.138762$ & $-0.109589$ & $-0.027734$ & $-0.0427351$ & $-0.0299256$ & $0.0137277$ & $0.0140622$ & $1$ & $-0.146822$ & $0.0366728$ & $-0.64562$ & $0.335961$ & $-0.0041401$ & $-0.00187796$ & $0.0288531$ & $0.0235522$ & $-0.0191138$ & $0.0841417$ & $0.188626$ & $0.038247$ & $-0.0404557$ & $-0.101933$ & $0.0288365$ & $0.0919793$ & $0.015277$ & $-0.0132243$ & $0.0632715$ & $0.0607601$ & $-0.0318128$ & $-0.0317973$ & $-0.0498721$ & $0.0667075$ & $0.0551231$ & $0.104538$ \\
CHQ1_33 & $-0.0497593$ & $0.0919764$ & $0.0238245$ & $-0.0726173$ & $0.0208186$ & $0.00702307$ & $0.117749$ & $-0.68772$ & $-0.681205$ & $0.592781$ & $0.323568$ & $-0.113067$ & $-0.378652$ & $0.455934$ & $0.119425$ & $0.07151$ & $0.690367$ & $0.628121$ & $0.655264$ & $-0.269359$ & $-0.378045$ & $-0.368458$ & $-0.146822$ & $1$ & $0.673454$ & $0.219735$ & $-0.438547$ & $-0.044581$ & $0.0026651$ & $-0.0851059$ & $-0.033158$ & $0.103176$ & $-0.128189$ & $-0.655046$ & $-0.0413108$ & $-0.0671443$ & $0.108675$ & $-0.0247123$ & $-0.0960284$ & $0.0124251$ & $-0.0065083$ & $-0.0636167$ & $-0.08824$ & $-0.0253875$ & $0.0226141$ & $0.0586937$ & $0.0040094$ & $-0.0640672$ & $-0.0918192$ \\
CHQ3_11 & $-0.0646662$ & $-0.00884601$ & $0.0386481$ & $0.0167822$ & $0.0171443$ & $-0.0419489$ & $0.0564372$ & $-0.426685$ & $-0.426157$ & $0.484836$ & $0.0429032$ & $-0.211684$ & $-0.340284$ & $0.5983$ & $-0.0780437$ & $-0.0796713$ & $0.780928$ & $0.788698$ & $0.790192$ & $-0.0302386$ & $-0.0577639$ & $-0.0566405$ & $0.0366728$ & $0.673454$ & $1$ & $0.0423332$ & $0.138512$ & $0.000977755$ & $-0.0240942$ & $-0.0798917$ & $-0.0459265$ & $0.03122$ & $-0.0844973$ & $-0.272708$ & $-0.0562324$ & $-0.0416284$ & $0.0275282$ & $-0.0170553$ & $0.00132327$ & $0.0222203$ & $-0.00739694$ & $-0.00550998$ & $-0.0345463$ & $0.0040095$ & $0.0238046$ & $0.0451712$ & $0.0703166$ & $-0.0113012$ & $0.0130614$ \\
CHu_11 & $-0.0494641$ & $0.0116376$ & $0.0384792$ & $-0.0224283$ & $0.0122231$ & $0.0891255$ & $0.056931$ & $-0.526406$ & $-0.519624$ & $0.24646$ & $0.582833$ & $0.0843218$ & $-0.099608$ & $-0.278849$ & $-0.223303$ & $-0.255152$ & $-0.10065$ & $0.0442229$ & $0.073328$ & $-0.576098$ & $-0.583212$ & $-0.573227$ & $-0.64562$ & $0.219735$ & $0.0423332$ & $1$ & $-0.152523$ & $-0.182709$ & $0.0165968$ & $-0.0516566$ & $-0.0318594$ & $0.0614625$ & $-0.0740512$ & $-0.252985$ & $0.00298783$ & $-0.00913128$ & $0.0295704$ & $-0.0410357$ & $-0.0682303$ & $0.025745$ & $0.0315934$ & $-0.0471133$ & $-0.0362802$ & $0.0396702$ & $0.0486952$ & $0.0539637$ & $-0.0725088$ & $-0.0597405$ & $-0.0565146$ \\
CHd_11 & $-0.00664242$ & $-0.156401$ & $-0.0053757$ & $0.18061$ & $-0.024698$ & $-0.0150253$ & $-0.0914368$ & $0.415536$ & $0.41312$ & $-0.292769$ & $-0.258461$ & $-0.0177417$ & $0.197997$ & $-0.139819$ & $-0.387538$ & $-0.33559$ & $-0.224464$ & $-0.0591623$ & $-0.0807986$ & $0.185504$ & $0.332723$ & $0.318251$ & $0.335961$ & $-0.438547$ & $0.138512$ & $-0.152523$ & $1$ & $0.11933$ & $-0.0136213$ & $0.0321145$ & $-0.0143945$ & $-0.101318$ & $0.105861$ & $0.662937$ & $0.0200439$ & $0.0488334$ & $-0.155398$ & $0.0401743$ & $0.138172$ & $0.0574892$ & $0.0496119$ & $0.0841511$ & $0.125363$ & $0.0533321$ & $0.0121238$ & $-0.0247354$ & $0.0708116$ & $0.0935666$ & $0.191658$ \\
CHd_33 & $0.0045277$ & $-0.00631016$ & $-0.0283018$ & $0.0481016$ & $0.0106012$ & $-0.0752454$ & $-0.0166919$ & $0.306606$ & $0.299368$ & $-0.13075$ & $-0.340545$ & $-0.0267416$ & $0.0820838$ & $0.156567$ & $0.128485$ & $0.127532$ & $0.0764013$ & $-0.0250643$ & $-0.027492$ & $0.332507$ & $0.343889$ & $0.327096$ & $-0.0041401$ & $-0.044581$ & $0.000977755$ & $-0.182709$ & $0.11933$ & $1$ & $-0.00230705$ & $0.0400969$ & $0.00821653$ & $-0.0138247$ & $0.0356432$ & $0.155051$ & $-0.033663$ & $0.0560109$ & $0.018368$ & $-0.00637657$ & $0.0307672$ & $0.0619211$ & $0.00827414$ & $0.0377812$ & $-0.0110727$ & $-0.01072$ & $-0.021366$ & $-0.0345234$ & $0.0235224$ & $0.017609$ & $0.0215394$ \\
CeH_22r & $0.0323532$ & $0.0421376$ & $0.0219969$ & $-0.0338363$ & $-0.0135926$ & $0.00112513$ & $-0.00166489$ & $-0.00823037$ & $-0.00193094$ & $0.0165285$ & $0.0151277$ & $0.0380041$ & $0.0195166$ & $-0.0224362$ & $0.0071481$ & $-0.00320433$ & $-0.0123811$ & $-0.019265$ & $-0.0119756$ & $-0.0141439$ & $-0.0144338$ & $-0.0141916$ & $-0.00187796$ & $0.0026651$ & $-0.0240942$ & $0.0165968$ & $-0.0136213$ & $-0.00230705$ & $1$ & $0.0201252$ & $0.0152305$ & $-0.0174053$ & $0.012991$ & $-0.0106223$ & $-0.0322189$ & $-0.00569679$ & $-0.00675684$ & $-0.0231085$ & $-0.0200676$ & $-0.0403311$ & $-0.029299$ & $-0.0263605$ & $0.0374031$ & $0.050484$ & $-0.0116337$ & $0.058897$ & $0.00875068$ & $-0.0257763$ & $-0.0157746$ \\
CeH_33r & $0.0151483$ & $-0.0127496$ & $-0.042739$ & $0.0138382$ & $-0.0253709$ & $0.00735084$ & $-0.142515$ & $0.0961714$ & $0.11685$ & $-0.113571$ & $-0.0659362$ & $0.283486$ & $0.226252$ & $-0.0276253$ & $0.0179443$ & $0.0485921$ & $-0.0645799$ & $-0.0695332$ & $-0.092974$ & $0.0643032$ & $0.0660417$ & $0.0666108$ & $0.0288531$ & $-0.0851059$ & $-0.0798917$ & $-0.0516566$ & $0.0321145$ & $0.0400969$ & $0.0201252$ & $1$ & $0.312595$ & $0.00599143$ & $0.677408$ & $0.0629818$ & $-0.0455911$ & $0.0180695$ & $-0.104899$ & $-0.0640871$ & $0.0475129$ & $-0.065411$ & $-0.0246762$ & $0.00455707$ & $0.0486476$ & $0.0387762$ & $0.0217353$ & $-0.0495433$ & $0.0368297$ & $0.0303757$ & $-0.0232423$ \\
CuH_22r & $0.00441014$ & $0.00525636$ & $-0.0931225$ & $-0.0267306$ & $-0.0040959$ & $-0.0207608$ & $-0.0837369$ & $0.0234869$ & $0.0360518$ & $-0.0486048$ & $-0.0101337$ & $0.0827716$ & $0.0718583$ & $-0.016315$ & $-0.0265172$ & $0.0346028$ & $-0.0339147$ & $-0.00530722$ & $-0.0516473$ & $0.0121307$ & $0.00936329$ & $0.0144855$ & $0.0235522$ & $-0.033158$ & $-0.0459265$ & $-0.0318594$ & $-0.0143945$ & $0.00821653$ & $0.0152305$ & $0.312595$ & $1$ & $0.00125423$ & $0.366396$ & $0.0393507$ & $0.0456509$ & $-0.0268886$ & $-0.0805128$ & $-0.013455$ & $0.0476866$ & $-0.0470265$ & $-0.079042$ & $0.0204387$ & $0.0541781$ & $0.00154083$ & $-0.0479143$ & $0.0455015$ & $0.151574$ & $0.00277425$ & $-0.00945925$ \\
CuH_33r & $-0.0258809$ & $0.020362$ & $0.0215997$ & $-0.0182354$ & $-0.0072005$ & $0.00619851$ & $0.938838$ & $-0.111294$ & $-0.073141$ & $0.0657024$ & $0.0864515$ & $-0.100338$ & $-0.218151$ & $0.00621141$ & $0.00502383$ & $0.00711943$ & $0.0522854$ & $0.0469433$ & $0.0409298$ & $-0.0795139$ & $-0.0931698$ & $-0.0923903$ & $-0.0191138$ & $0.103176$ & $0.03122$ & $0.0614625$ & $-0.101318$ & $-0.0138247$ & $-0.0174053$ & $0.00599143$ & $0.00125423$ & $1$ & $0.0256474$ & $-0.0900549$ & $-0.0332992$ & $0.0403018$ & $0.0343659$ & $0.0135104$ & $0.020081$ & $0.0490882$ & $-0.0121064$ & $-0.0323201$ & $-0.00901453$ & $-0.0722743$ & $0.0321857$ & $0.0598695$ & $0.0265601$ & $-0.0353513$ & $-0.00563283$ \\
CdH_33r & $0.00269029$ & $0.0110795$ & $-0.148596$ & $0.123936$ & $-0.00220419$ & $-0.000956402$ & $-0.162053$ & $0.119611$ & $0.146185$ & $-0.135513$ & $-0.0677823$ & $0.38139$ & $0.320861$ & $-0.0571916$ & $-0.0275514$ & $0.0304278$ & $-0.10732$ & $-0.0813752$ & $-0.124685$ & $0.0613515$ & $0.0733186$ & $0.0727478$ & $0.0841417$ & $-0.128189$ & $-0.0844973$ & $-0.0740512$ & $0.105861$ & $0.0356432$ & $0.012991$ & $0.677408$ & $0.366396$ & $0.0256474$ & $1$ & $0.118681$ & $0.019161$ & $-0.0136799$ & $-0.176634$ & $-0.0367484$ & $0.172853$ & $-0.0479379$ & $-0.139147$ & $0.0252431$ & $0.109066$ & $0.00371003$ & $0.0425099$ & $-0.0556539$ & $0.120246$ & $0.147709$ & $0.331215$ \\
CLL_1221 & $0.00853677$ & $-0.135205$ & $0.00406469$ & $0.106472$ & $-0.0172317$ & $-0.0937815$ & $-0.0936665$ & $0.582696$ & $0.57166$ & $-0.411351$ & $-0.373657$ & $-0.0167894$ & $0.241009$ & $-0.225274$ & $-0.582264$ & $-0.0463571$ & $-0.291464$ & $-0.00125704$ & $-0.40786$ & $0.296641$ & $0.454915$ & $0.442068$ & $0.188626$ & $-0.655046$ & $-0.272708$ & $-0.252985$ & $0.662937$ & $0.155051$ & $-0.0106223$ & $0.0629818$ & $0.0393507$ & $-0.0900549$ & $0.118681$ & $1$ & $0.000293443$ & $0.0517238$ & $-0.117108$ & $0.035551$ & $0.108653$ & $0.0145774$ & $0.0249432$ & $0.0562652$ & $0.0682488$ & $0.0145996$ & $-0.030965$ & $-0.0553071$ & $0.0374795$ & $0.0533627$ & $0.126018$ \\
eHggint & $0.0263434$ & $-0.0087439$ & $-0.260428$ & $-0.123923$ & $0.0227753$ & $-0.0208913$ & $-0.0870017$ & $-0.00303876$ & $0.00177056$ & $-0.00482625$ & $0.0410483$ & $0.0987944$ & $0.0787171$ & $-0.0771023$ & $-0.00919174$ & $-0.0235107$ & $-0.0802823$ & $-0.0706496$ & $-0.0523466$ & $-0.0425554$ & $-0.0406257$ & $-0.0319312$ & $0.038247$ & $-0.0413108$ & $-0.0562324$ & $0.00298783$ & $0.0200439$ & $-0.033663$ & $-0.0322189$ & $-0.0455911$ & $0.0456509$ & $-0.0332992$ & $0.019161$ & $0.000293443$ & $1$ & $-0.0150574$ & $-0.160707$ & $0.0724453$ & $-0.134926$ & $-0.0120388$ & $0.169678$ & $-0.00413551$ & $0.2437$ & $-0.214953$ & $0.0814143$ & $0.100574$ & $0.0884895$ & $-0.0636513$ & $0.120035$ \\
eHggpar & $0.216275$ & $0.282792$ & $0.108082$ & $0.0640237$ & $-0.020237$ & $0.0339135$ & $0.0101684$ & $0.0718139$ & $0.064032$ & $-0.0408397$ & $-0.0582782$ & $0.0307561$ & $0.0240275$ & $0.018356$ & $0.00259895$ & $0.0120845$ & $-0.053407$ & $-0.0334736$ & $-0.0432259$ & $0.0579053$ & $0.0628577$ & $0.0554548$ & $-0.0404557$ & $-0.0671443$ & $-0.0416284$ & $-0.00913128$ & $0.0488334$ & $0.0560109$ & $-0.00569679$ & $0.0180695$ & $-0.0268886$ & $0.0403018$ & $-0.0136799$ & $0.0517238$ & $-0.0150574$ & $1$ & $0.0399437$ & $-0.0473017$ & $0.0653451$ & $-0.0322769$ & $0.109567$ & $-0.0162894$ & $-0.0670509$ & $-0.226246$ & $0.212397$ & $-0.266918$ & $0.0453248$ & $-0.0591411$ & $-0.0113154$ \\
eHWWint & $-0.138313$ & $0.0433413$ & $0.348817$ & $-0.129456$ & $0.0383552$ & $0.0428533$ & $0.0649207$ & $-0.0522844$ & $-0.0843093$ & $0.0595484$ & $0.00274455$ & $-0.0174508$ & $-0.0406305$ & $0.0923444$ & $0.0821596$ & $0.0488856$ & $0.0774479$ & $0.04606$ & $0.0650623$ & $0.0122331$ & $-0.0144285$ & $-0.0167932$ & $-0.101933$ & $0.108675$ & $0.0275282$ & $0.0295704$ & $-0.155398$ & $0.018368$ & $-0.00675684$ & $-0.104899$ & $-0.0805128$ & $0.0343659$ & $-0.176634$ & $-0.117108$ & $-0.160707$ & $0.0399437$ & $1$ & $-0.0169529$ & $-0.192773$ & $0.0246256$ & $0.0958138$ & $-0.0107231$ & $-0.436007$ & $-0.0714925$ & $-0.0025288$ & $0.152747$ & $-0.238402$ & $-0.360987$ & $-0.0251115$ \\
eHWWpar & $0.0274938$ & $-0.113697$ & $-0.037418$ & $-0.0868016$ & $-0.00901406$ & $0.0199252$ & $0.0250769$ & $0.0441853$ & $0.0518857$ & $-0.038421$ & $-0.0335608$ & $-0.0158271$ & $0.0283505$ & $-0.0177568$ & $0.004919$ & $0.00746105$ & $-0.0106215$ & $-0.0219509$ & $-0.0209866$ & $0.0310069$ & $0.0347873$ & $0.0395247$ & $0.0288365$ & $-0.0247123$ & $-0.0170553$ & $-0.0410357$ & $0.0401743$ & $-0.00637657$ & $-0.0231085$ & $-0.0640871$ & $-0.013455$ & $0.0135104$ & $-0.0367484$ & $0.035551$ & $0.0724453$ & $-0.0473017$ & $-0.0169529$ & $1$ & $0.0259128$ & $0.0435987$ & $-0.00497725$ & $-0.0130096$ & $0.0952528$ & $-0.000879$ & $0.0190647$ & $0.0116895$ & $0.0648077$ & $0.0131789$ & $0.0453773$ \\
eHZZint & $-0.141223$ & $0.125046$ & $-0.140178$ & $0.0990358$ & $-0.0163747$ & $0.0120366$ & $0.0108527$ & $0.105595$ & $0.101415$ & $-0.0643142$ & $-0.085075$ & $0.0240209$ & $0.0668713$ & $-0.00356589$ & $-0.0233022$ & $-0.0111177$ & $-0.0392831$ & $-0.0275333$ & $-0.0356115$ & $0.0788039$ & $0.0945584$ & $0.0907252$ & $0.0919793$ & $-0.0960284$ & $0.00132327$ & $-0.0682303$ & $0.138172$ & $0.0307672$ & $-0.0200676$ & $0.0475129$ & $0.0476866$ & $0.020081$ & $0.172853$ & $0.108653$ & $-0.134926$ & $0.0653451$ & $-0.192773$ & $0.0259128$ & $1$ & $-0.118756$ & $-0.464741$ & $0.0404569$ & $-0.104755$ & $0.108922$ & $-0.158425$ & $-0.23721$ & $0.186135$ & $0.0686752$ & $0.312044$ \\
eHZZpar & $-0.0945033$ & $-0.106129$ & $0.0394029$ & $0.0820323$ & $-0.00586264$ & $0.0222653$ & $0.061208$ & $-0.0129456$ & $-0.0126281$ & $-0.0132383$ & $0.0281654$ & $-0.0257701$ & $-0.0242016$ & $-0.024618$ & $-0.038901$ & $-0.0292082$ & $-0.0303683$ & $-0.00138316$ & $-0.00640991$ & $-0.0322766$ & $-0.0249409$ & $-0.0185211$ & $0.015277$ & $0.0124251$ & $0.0222203$ & $0.025745$ & $0.0574892$ & $0.0619211$ & $-0.0403311$ & $-0.065411$ & $-0.0470265$ & $0.0490882$ & $-0.0479379$ & $0.0145774$ & $-0.0120388$ & $-0.0322769$ & $0.0246256$ & $0.0435987$ & $-0.118756$ & $1$ & $0.119092$ & $-0.0280556$ & $-0.0400161$ & $-0.0211544$ & $-0.0189161$ & $-0.0157312$ & $0.0479592$ & $-0.0241193$ & $-0.00813293$ \\
eHZgaint & $0.125509$ & $-0.103332$ & $0.0281836$ & $-0.149884$ & $0.0138857$ & $0.018066$ & $-0.0125264$ & $-0.0104272$ & $-0.0159151$ & $-0.0288789$ & $0.0320274$ & $0.0161041$ & $0.0440273$ & $-0.0438097$ & $-0.0458548$ & $-0.0262015$ & $-0.0364431$ & $-0.011422$ & $-0.0221962$ & $-0.0378406$ & $-0.0287885$ & $-0.034284$ & $-0.0132243$ & $-0.0065083$ & $-0.00739694$ & $0.0315934$ & $0.0496119$ & $0.00827414$ & $-0.029299$ & $-0.0246762$ & $-0.079042$ & $-0.0121064$ & $-0.139147$ & $0.0249432$ & $0.169678$ & $0.109567$ & $0.0958138$ & $-0.00497725$ & $-0.464741$ & $0.119092$ & $1$ & $-0.0184149$ & $-0.0194732$ & $-0.0542828$ & $0.168491$ & $0.164535$ & $-0.550753$ & $0.173742$ & $-0.381907$ \\
eHZgapar & $-0.134104$ & $-0.0276652$ & $-0.106263$ & $0.0555906$ & $-0.0041852$ & $0.0186445$ & $-0.0271012$ & $0.0626363$ & $0.058736$ & $-0.0539592$ & $-0.0408481$ & $0.00332336$ & $0.0446333$ & $-0.014632$ & $-0.00629956$ & $-0.0263092$ & $-0.0371124$ & $-0.0377749$ & $-0.0152739$ & $0.0346308$ & $0.0462174$ & $0.0519465$ & $0.0632715$ & $-0.0636167$ & $-0.00550998$ & $-0.0471133$ & $0.0841511$ & $0.0377812$ & $-0.0263605$ & $0.00455707$ & $0.0204387$ & $-0.0323201$ & $0.0252431$ & $0.0562652$ & $-0.00413551$ & $-0.0162894$ & $-0.0107231$ & $-0.0130096$ & $0.0404569$ & $-0.0280556$ & $-0.0184149$ & $1$ & $-0.0665748$ & $-0.0464241$ & $-0.131346$ & $-0.0417167$ & $-0.00914633$ & $-0.0310622$ & $0.0541961$ \\
eHgagaint & $0.656402$ & $-0.119369$ & $-0.26871$ & $-0.00936744$ & $0.0171989$ & $0.00818214$ & $-0.0165971$ & $0.048815$ & $0.110783$ & $-0.0522778$ & $-0.0192317$ & $-0.00572817$ & $0.0202131$ & $-0.051721$ & $-0.0363428$ & $-0.0381528$ & $-0.0503806$ & $-0.041398$ & $-0.0315373$ & $0.00709474$ & $0.0234811$ & $0.029414$ & $0.0607601$ & $-0.08824$ & $-0.0345463$ & $-0.0362802$ & $0.125363$ & $-0.0110727$ & $0.0374031$ & $0.0486476$ & $0.0541781$ & $-0.00901453$ & $0.109066$ & $0.0682488$ & $0.2437$ & $-0.0670509$ & $-0.436007$ & $0.0952528$ & $-0.104755$ & $-0.0400161$ & $-0.0194732$ & $-0.0665748$ & $1$ & $0.123779$ & $0.092165$ & $0.237343$ & $0.279469$ & $0.464862$ & $0.0573229$ \\
eHmumuint & $0.115903$ & $0.0178219$ & $-0.0413778$ & $-0.166655$ & $-0.0321197$ & $-0.0151333$ & $-0.0625656$ & $0.0128656$ & $0.0202681$ & $-0.0364021$ & $-0.00177776$ & $-0.0424335$ & $-0.0062072$ & $-0.0388871$ & $0.00462896$ & $-0.0116598$ & $-0.00794486$ & $-0.0283129$ & $-0.0115169$ & $-0.000209335$ & $0.00388101$ & $0.00752796$ & $-0.0318128$ & $-0.0253875$ & $0.0040095$ & $0.0396702$ & $0.0533321$ & $-0.01072$ & $0.050484$ & $0.0387762$ & $0.00154083$ & $-0.0722743$ & $0.00371003$ & $0.0145996$ & $-0.214953$ & $-0.226246$ & $-0.0714925$ & $-0.000879$ & $0.108922$ & $-0.0211544$ & $-0.0542828$ & $-0.0464241$ & $0.123779$ & $1$ & $0.0887554$ & $0.066973$ & $0.0397141$ & $0.134128$ & $-0.0802635$ \\
eHtautauint & $0.205303$ & $0.175775$ & $0.148013$ & $-0.263952$ & $0.000583809$ & $0.0212672$ & $0.0325804$ & $-0.0308002$ & $-0.0239907$ & $0.0180824$ & $0.0190393$ & $0.00770177$ & $-0.00924716$ & $0.0327481$ & $-0.00379876$ & $-0.0297354$ & $0.00195033$ & $0.018544$ & $0.0416904$ & $-0.0188848$ & $-0.0173975$ & $-0.0186645$ & $-0.0317973$ & $0.0226141$ & $0.0238046$ & $0.0486952$ & $0.0121238$ & $-0.021366$ & $-0.0116337$ & $0.0217353$ & $-0.0479143$ & $0.0321857$ & $0.0425099$ & $-0.030965$ & $0.0814143$ & $0.212397$ & $-0.0025288$ & $0.0190647$ & $-0.158425$ & $-0.0189161$ & $0.168491$ & $-0.131346$ & $0.092165$ & $0.0887554$ & $1$ & $-0.103557$ & $-0.0608525$ & $0.16382$ & $0.127666$ \\
eHccint & $0.169304$ & $-0.0354511$ & $0.141129$ & $-0.133862$ & $-0.0122855$ & $0.00142648$ & $0.0674462$ & $-0.0792323$ & $-0.0687465$ & $0.051293$ & $0.0622311$ & $-0.0293241$ & $-0.0338596$ & $-0.00609866$ & $-0.00723798$ & $-0.0418895$ & $0.0476198$ & $0.0325998$ & $0.0628996$ & $-0.0648978$ & $-0.0639597$ & $-0.0609278$ & $-0.0498721$ & $0.0586937$ & $0.0451712$ & $0.0539637$ & $-0.0247354$ & $-0.0345234$ & $0.058897$ & $-0.0495433$ & $0.0455015$ & $0.0598695$ & $-0.0556539$ & $-0.0553071$ & $0.100574$ & $-0.266918$ & $0.152747$ & $0.0116895$ & $-0.23721$ & $-0.0157312$ & $0.164535$ & $-0.0417167$ & $0.237343$ & $0.066973$ & $-0.103557$ & $1$ & $-0.144645$ & $0.0411445$ & $0.00930039$ \\
eHccpar & $0.0493794$ & $0.0199621$ & $-0.441351$ & $0.180052$ & $0.0045199$ & $0.0136163$ & $0.0100405$ & $0.0388414$ & $0.0598296$ & $0.0295966$ & $-0.0672215$ & $-0.00361487$ & $-0.0330589$ & $0.0616181$ & $-0.00139692$ & $0.0215156$ & $0.0533056$ & $0.0524858$ & $0.0345921$ & $0.0643066$ & $0.0648399$ & $0.0749921$ & $0.0667075$ & $0.0040094$ & $0.0703166$ & $-0.0725088$ & $0.0708116$ & $0.0235224$ & $0.00875068$ & $0.0368297$ & $0.151574$ & $0.0265601$ & $0.120246$ & $0.0374795$ & $0.0884895$ & $0.0453248$ & $-0.238402$ & $0.0648077$ & $0.186135$ & $0.0479592$ & $-0.550753$ & $-0.00914633$ & $0.279469$ & $0.0397141$ & $-0.0608525$ & $-0.144645$ & $1$ & $0.0100284$ & $0.259265$ \\
eHbbint & $0.500307$ & $0.113131$ & $-0.212474$ & $-0.0108561$ & $-0.00859029$ & $-0.0231076$ & $-0.0376774$ & $0.0683706$ & $0.0984359$ & $-0.0792175$ & $-0.0634187$ & $-0.0293467$ & $0.0284568$ & $-0.00895068$ & $0.0134851$ & $0.0465555$ & $-0.00983433$ & $-0.0275112$ & $-0.0461046$ & $0.0587622$ & $0.0623672$ & $0.0632661$ & $0.0551231$ & $-0.0640672$ & $-0.0113012$ & $-0.0597405$ & $0.0935666$ & $0.017609$ & $-0.0257763$ & $0.0303757$ & $0.00277425$ & $-0.0353513$ & $0.147709$ & $0.0533627$ & $-0.0636513$ & $-0.0591411$ & $-0.360987$ & $0.0131789$ & $0.0686752$ & $-0.0241193$ & $0.173742$ & $-0.0310622$ & $0.464862$ & $0.134128$ & $0.16382$ & $0.0411445$ & $0.0100284$ & $1$ & $0.0409577$ \\
eHbbpar & $-0.133813$ & $-0.0421661$ & $-0.141833$ & $0.297421$ & $0.0052068$ & $0.0281368$ & $-0.00786335$ & $0.0955183$ & $0.0962758$ & $-0.0216307$ & $-0.0589231$ & $0.0583341$ & $0.0875463$ & $-0.0220532$ & $-0.0632525$ & $-0.0435805$ & $-0.0664747$ & $-0.0308872$ & $-0.0413749$ & $0.0427636$ & $0.0703082$ & $0.0725415$ & $0.104538$ & $-0.0918192$ & $0.0130614$ & $-0.0565146$ & $0.191658$ & $0.0215394$ & $-0.0157746$ & $-0.0232423$ & $-0.00945925$ & $-0.00563283$ & $0.331215$ & $0.126018$ & $0.120035$ & $-0.0113154$ & $-0.0251115$ & $0.0453773$ & $0.312044$ & $-0.00813293$ & $-0.381907$ & $0.0541961$ & $0.0573229$ & $-0.0802635$ & $0.127666$ & $0.00930039$ & $0.259265$ & $0.0409577$ & $1$ \\
