 & AlsMz & dAle5Mz & mtop & mHl & Mz & CW & CHG & CHWB & CHWHB_gaga & CHWHB_gagaorth & CHD & CHbox & CH & CHL1_11 & CHL1_22 & CHL1_33 & CHL3_11 & CHL3_22 & CHL3_33 & CHe_11 & CHe_22 & CHe_33 & CHQ1_11 & CHQ1_33 & CHQ3_11 & CHu_11 & CHd_11 & CHd_33 & CeH_22r & CeH_33r & CuH_22r & CuH_33r & CdH_33r & CLL_1221 & eHggint & eHggpar & eHWWint & eHWWpar & eHZZint & eHZZpar & eHZgaint & eHZgapar & eHgagaint & eHmumuint & eHtautauint & eHccint & eHccpar & eHbbint & eHbbpar \\
AlsMz & $1$ & $-0.0353567$ & $0.0983769$ & $0.0283341$ & $-0.0138919$ & $-0.0160416$ & $-0.0407703$ & $0.0154384$ & $0.0130825$ & $-0.0186058$ & $-0.0104525$ & $-0.0192924$ & $-0.0091889$ & $-0.0135174$ & $-0.0450701$ & $-0.0200166$ & $-0.0114247$ & $0.00897611$ & $-0.00591281$ & $-0.00264028$ & $0.00942057$ & $0.0155061$ & $-0.0177454$ & $-0.0625871$ & $-0.0946733$ & $-0.0209142$ & $0.0147038$ & $0.00720572$ & $0.00653932$ & $-0.00599285$ & $0.00945874$ & $-0.0517178$ & $0.0107095$ & $0.0501464$ & $0.00136366$ & $0.0481379$ & $-0.203374$ & $-0.0353761$ & $0.0905586$ & $-0.0152113$ & $0.0875008$ & $0.0585983$ & $-0.132654$ & $0.0884414$ & $0.0147771$ & $0.0336856$ & $0.0434987$ & $-0.0168827$ & $-0.00737212$ \\
dAle5Mz & $-0.0353567$ & $1$ & $0.0283061$ & $-0.165946$ & $0.0337431$ & $0.041846$ & $0.0044301$ & $-0.0636398$ & $-0.0612667$ & $-0.0235745$ & $0.0640304$ & $-0.0223392$ & $0.00449491$ & $-0.0467445$ & $-0.0183558$ & $-0.0121499$ & $-0.0126846$ & $-0.00727987$ & $-0.0156346$ & $-0.0441218$ & $-0.0466003$ & $-0.0549383$ & $0.0125548$ & $0.00805049$ & $-0.0158588$ & $0.0159061$ & $-0.0262662$ & $-0.021811$ & $0.01197$ & $0.0416542$ & $0.0159552$ & $0.00253093$ & $0.0221535$ & $0.00712728$ & $-0.0166731$ & $0.0243385$ & $0.0444444$ & $0.0697668$ & $-0.171743$ & $0.0501883$ & $0.251905$ & $-0.0155947$ & $-0.0166382$ & $0.212902$ & $-0.101679$ & $0.0613306$ & $-0.0554563$ & $-0.00652992$ & $0.029592$ \\
mtop & $0.0983769$ & $0.0283061$ & $1$ & $-0.020659$ & $0.0247345$ & $0.0236401$ & $0.00937581$ & $-0.031926$ & $-0.0352025$ & $0.0110258$ & $0.0134763$ & $-0.0171393$ & $-0.00536306$ & $0.0394656$ & $0.00468118$ & $-0.00119601$ & $0.0429091$ & $0.0434434$ & $0.0570399$ & $-0.00460178$ & $-0.00930554$ & $-0.00440677$ & $0.0194867$ & $0.0597041$ & $0.021108$ & $-0.015193$ & $-0.02855$ & $-0.0223422$ & $-0.0178827$ & $0.0269535$ & $-0.0151988$ & $0.0204539$ & $-0.0070876$ & $-0.0288797$ & $0.0322276$ & $-0.0384234$ & $-0.034848$ & $0.0131834$ & $-0.0685143$ & $0.020272$ & $-0.056639$ & $0.0184666$ & $0.0208639$ & $-0.028517$ & $-0.00857096$ & $-0.0780691$ & $-0.0468721$ & $0.00563864$ & $-0.107213$ \\
mHl & $0.0283341$ & $-0.165946$ & $-0.020659$ & $1$ & $-0.01418$ & $-0.0137317$ & $0.0265489$ & $-0.0208294$ & $-0.0237772$ & $0.0285307$ & $0.0236485$ & $0.0196108$ & $-0.0322739$ & $-0.010823$ & $0.00806488$ & $-0.0103293$ & $-0.0037363$ & $-0.00767765$ & $0.0100863$ & $-0.0258857$ & $-0.0274156$ & $-0.0218927$ & $-0.0288762$ & $0.0205836$ & $-0.00734365$ & $0.0365763$ & $-0.0211432$ & $0.0209794$ & $-0.0370932$ & $0.0238329$ & $0.065196$ & $0.0396302$ & $0.0481838$ & $-0.0303481$ & $-0.0803136$ & $0.0184476$ & $-0.0987122$ & $-0.0197599$ & $-0.0854774$ & $-0.0196564$ & $0.129267$ & $-0.0392779$ & $-0.0537895$ & $0.105578$ & $0.187392$ & $0.0119609$ & $0.144758$ & $0.0682803$ & $0.0572361$ \\
Mz & $-0.0138919$ & $0.0337431$ & $0.0247345$ & $-0.01418$ & $1$ & $0.0133345$ & $0.0269721$ & $0.0124011$ & $0.0117116$ & $0.00697736$ & $-0.0029077$ & $-0.00106834$ & $0.00569877$ & $0.0144281$ & $0.00472867$ & $0.00936855$ & $-0.00637911$ & $-0.00584215$ & $-0.0124797$ & $0.00946497$ & $0.0141343$ & $0.0126537$ & $-0.0130918$ & $-0.0012722$ & $-0.0110064$ & $-0.00615741$ & $-0.00507613$ & $0.0211965$ & $-0.0261607$ & $-0.0153523$ & $-0.018129$ & $0.0109178$ & $-0.0279698$ & $0.00370847$ & $-0.064123$ & $-0.0196121$ & $0.00705705$ & $0.0256442$ & $-0.0451639$ & $0.00900008$ & $-0.0126121$ & $0.0158933$ & $-0.0339719$ & $0.0340788$ & $0.00853609$ & $0.0363974$ & $0.0145872$ & $-0.032749$ & $-0.0219697$ \\
CW & $-0.0160416$ & $0.041846$ & $0.0236401$ & $-0.0137317$ & $0.0133345$ & $1$ & $-0.012752$ & $-0.144416$ & $-0.139583$ & $0.0334761$ & $0.201548$ & $0.0779597$ & $0.00910675$ & $-0.00251383$ & $-0.10461$ & $-0.104351$ & $-0.241139$ & $-0.0324003$ & $-0.0332797$ & $-0.198714$ & $-0.200151$ & $-0.19937$ & $-0.0305722$ & $0.0112705$ & $-0.0681729$ & $0.13793$ & $-0.0678028$ & $-0.0898571$ & $0.0113495$ & $0.0103713$ & $0.0194027$ & $-0.0101729$ & $0.0346727$ & $-0.111129$ & $0.0337851$ & $-0.0414155$ & $-0.00990859$ & $-0.0135732$ & $0.018547$ & $0.0346671$ & $-0.04633$ & $-0.0376354$ & $-0.0117661$ & $-0.00385379$ & $-0.00429085$ & $-0.054058$ & $0.0365832$ & $-0.0194497$ & $0.0387146$ \\
CHG & $-0.0407703$ & $0.0044301$ & $0.00937581$ & $0.0265489$ & $0.0269721$ & $-0.012752$ & $1$ & $-0.114681$ & $-0.0698678$ & $0.0745975$ & $0.0653847$ & $-0.04355$ & $-0.308256$ & $0.0646868$ & $-0.0147409$ & $-0.0478041$ & $0.103407$ & $0.104469$ & $0.128966$ & $-0.064397$ & $-0.0673968$ & $-0.0674961$ & $-0.0411683$ & $0.129122$ & $0.128575$ & $0.0748862$ & $-0.0238089$ & $-0.00397895$ & $-0.0335981$ & $-0.145507$ & $-0.0721567$ & $0.932681$ & $-0.208492$ & $-0.0825266$ & $0.00234236$ & $-0.0237271$ & $0.0109584$ & $-0.0360791$ & $-0.0121797$ & $-0.0334442$ & $-0.0251954$ & $0.00639026$ & $0.0145097$ & $-0.000483325$ & $0.0445039$ & $0.0246632$ & $0.0828087$ & $-0.0628616$ & $-0.0650506$ \\
CHWB & $0.0154384$ & $-0.0636398$ & $-0.031926$ & $-0.0208294$ & $0.0124011$ & $-0.144416$ & $-0.114681$ & $1$ & $0.984433$ & $-0.60052$ & $-0.886437$ & $-0.25963$ & $0.364153$ & $0.105065$ & $0.297567$ & $0.333095$ & $-0.239924$ & $-0.430062$ & $-0.454526$ & $0.85997$ & $0.902085$ & $0.885608$ & $0.0948224$ & $-0.667893$ & $-0.411953$ & $-0.531366$ & $0.435578$ & $0.341359$ & $0.0182711$ & $0.133519$ & $0.0848922$ & $-0.0941757$ & $0.128525$ & $0.587023$ & $0.0492673$ & $0.0392849$ & $-0.0603092$ & $-0.0119342$ & $-0.00905095$ & $-0.0207117$ & $0.0362685$ & $0.0480185$ & $0.00297617$ & $-0.0129545$ & $0.00348032$ & $0.0209404$ & $-0.0142772$ & $-0.0186661$ & $-0.0184435$ \\
CHWHB_gaga & $0.0130825$ & $-0.0612667$ & $-0.0352025$ & $-0.0237772$ & $0.0117116$ & $-0.139583$ & $-0.0698678$ & $0.984433$ & $1$ & $-0.591934$ & $-0.870609$ & $-0.240787$ & $0.363384$ & $0.101293$ & $0.293961$ & $0.329178$ & $-0.243214$ & $-0.427435$ & $-0.451603$ & $0.845276$ & $0.885645$ & $0.870914$ & $0.0872142$ & $-0.658638$ & $-0.407321$ & $-0.514617$ & $0.430569$ & $0.333261$ & $0.016289$ & $0.152649$ & $0.098733$ & $-0.0593069$ & $0.143394$ & $0.575796$ & $0.0396835$ & $0.0289588$ & $-0.0644785$ & $-0.0115244$ & $-0.0146618$ & $-0.0279468$ & $0.0350354$ & $0.0457671$ & $0.057418$ & $-0.0150346$ & $0.00642799$ & $0.0189276$ & $-0.00263544$ & $-0.0269035$ & $-0.0334685$ \\
CHWHB_gagaorth & $-0.0186058$ & $-0.0235745$ & $0.0110258$ & $0.0285307$ & $0.00697736$ & $0.0334761$ & $0.0745975$ & $-0.60052$ & $-0.591934$ & $1$ & $0.395021$ & $0.60603$ & $-0.249688$ & $0.216927$ & $-0.12759$ & $-0.162302$ & $0.427749$ & $0.486948$ & $0.506949$ & $-0.382296$ & $-0.411047$ & $-0.410211$ & $-0.0696325$ & $0.565412$ & $0.494924$ & $0.252931$ & $-0.245063$ & $-0.173326$ & $-0.0150592$ & $-0.14032$ & $-0.097543$ & $0.0800973$ & $-0.142193$ & $-0.389059$ & $0.0114101$ & $-0.0189753$ & $0.0116892$ & $-0.0267809$ & $0.0267567$ & $0.000765836$ & $-0.0942686$ & $-0.0334472$ & $-0.00577176$ & $0.00536194$ & $0.00515863$ & $-0.0457494$ & $0.00706129$ & $0.0303284$ & $-0.00111927$ \\
CHD & $-0.0104525$ & $0.0640304$ & $0.0134763$ & $0.0236485$ & $-0.0029077$ & $0.201548$ & $0.0653847$ & $-0.886437$ & $-0.870609$ & $0.395021$ & $1$ & $0.306679$ & $-0.197914$ & $-0.507219$ & $-0.416467$ & $-0.443329$ & $-0.203406$ & $0.0731512$ & $0.0994604$ & $-0.990973$ & $-0.992052$ & $-0.971917$ & $-0.045468$ & $0.312905$ & $0.0397029$ & $0.584516$ & $-0.320101$ & $-0.360527$ & $-0.00898519$ & $-0.087084$ & $-0.0671461$ & $0.0546123$ & $-0.0821775$ & $-0.401375$ & $-0.0239809$ & $-0.0271004$ & $0.0532951$ & $0.00413884$ & $0.00713333$ & $0.00248875$ & $-0.00861848$ & $-0.0517345$ & $-0.012945$ & $0.000857309$ & $-0.00376358$ & $-0.00484723$ & $0.0100888$ & $0.0067295$ & $0.0262145$ \\
CHbox & $-0.0192924$ & $-0.0223392$ & $-0.0171393$ & $0.0196108$ & $-0.00106834$ & $0.0779597$ & $-0.04355$ & $-0.25963$ & $-0.240787$ & $0.60603$ & $0.306679$ & $1$ & $0.0998357$ & $-0.187636$ & $-0.0389851$ & $-0.0557587$ & $-0.114595$ & $-0.0561342$ & $-0.0441295$ & $-0.286507$ & $-0.316448$ & $-0.314842$ & $-0.0430389$ & $0.0870441$ & $-0.0326396$ & $0.194674$ & $-0.151855$ & $-0.136688$ & $0.0227477$ & $0.214746$ & $0.0217243$ & $0.0401581$ & $0.263034$ & $-0.196285$ & $0.0976289$ & $0.00891006$ & $-0.0246738$ & $-0.0293848$ & $0.0232476$ & $-0.0284861$ & $-0.0518955$ & $-0.0459468$ & $-0.00961251$ & $-0.0159412$ & $-0.0057236$ & $-0.0429692$ & $-0.0129918$ & $0.00789494$ & $0.0193275$ \\
CH & $-0.0091889$ & $0.00449491$ & $-0.00536306$ & $-0.0322739$ & $0.00569877$ & $0.00910675$ & $-0.308256$ & $0.364153$ & $0.363384$ & $-0.249688$ & $-0.197914$ & $0.0998357$ & $1$ & $-0.223197$ & $0.0762803$ & $0.107584$ & $-0.339933$ & $-0.371213$ & $-0.385782$ & $0.193837$ & $0.208684$ & $0.208826$ & $0.039876$ & $-0.393113$ & $-0.36899$ & $-0.115821$ & $0.144732$ & $0.0517916$ & $0.0620006$ & $0.305317$ & $0.136041$ & $-0.249235$ & $0.373233$ & $0.237854$ & $0.0636406$ & $0.0571952$ & $-0.0486749$ & $-0.00837783$ & $-0.0151916$ & $-0.0123408$ & $0.0141123$ & $0.0104968$ & $-0.00770408$ & $0.0115732$ & $-0.0236009$ & $0.012288$ & $-0.0255993$ & $0.00494608$ & $0.0140717$ \\
CHL1_11 & $-0.0135174$ & $-0.0467445$ & $0.0394656$ & $-0.010823$ & $0.0144281$ & $-0.00251383$ & $0.0646868$ & $0.105065$ & $0.101293$ & $0.216927$ & $-0.507219$ & $-0.187636$ & $-0.223197$ & $1$ & $0.264919$ & $0.259163$ & $0.662188$ & $0.601496$ & $0.588717$ & $0.523266$ & $0.4715$ & $0.456032$ & $-0.0574624$ & $0.472725$ & $0.597419$ & $-0.280094$ & $-0.0688098$ & $0.156791$ & $-0.0334239$ & $-0.0399735$ & $0.0094883$ & $0.0505267$ & $-0.0378826$ & $-0.191392$ & $-0.032167$ & $-0.0152355$ & $-0.0125469$ & $0.00594385$ & $0.00160487$ & $0.0484686$ & $-0.0603625$ & $0.0236953$ & $0.0116478$ & $-0.0218892$ & $0.014064$ & $-0.0368299$ & $0.0207202$ & $0.0137087$ & $-0.00284349$ \\
CHL1_22 & $-0.0450701$ & $-0.0183558$ & $0.00468118$ & $0.00806488$ & $0.00472867$ & $-0.10461$ & $-0.0147409$ & $0.297567$ & $0.293961$ & $-0.12759$ & $-0.416467$ & $-0.0389851$ & $0.0762803$ & $0.264919$ & $1$ & $0.441572$ & $0.169002$ & $-0.445835$ & $-0.0358423$ & $0.478969$ & $0.337201$ & $0.323999$ & $-0.170273$ & $0.117964$ & $-0.124325$ & $-0.196955$ & $-0.374171$ & $0.12036$ & $0.0134334$ & $0.0529825$ & $0.035363$ & $0.00465318$ & $0.0525764$ & $-0.569439$ & $0.0105607$ & $0.00245812$ & $-0.00270979$ & $0.0160399$ & $-0.00904101$ & $-0.00535159$ & $-0.045488$ & $0.00756159$ & $0.032035$ & $-0.000834648$ & $0.00871277$ & $-0.0410884$ & $-0.00178787$ & $-0.0181652$ & $-0.00296604$ \\
CHL1_33 & $-0.0200166$ & $-0.0121499$ & $-0.00119601$ & $-0.0103293$ & $0.00936855$ & $-0.104351$ & $-0.0478041$ & $0.333095$ & $0.329178$ & $-0.162302$ & $-0.443329$ & $-0.0557587$ & $0.107584$ & $0.259163$ & $0.441572$ & $1$ & $0.150534$ & $-0.0390814$ & $-0.449978$ & $0.505229$ & $0.368519$ & $0.38315$ & $-0.144585$ & $0.0854866$ & $-0.130592$ & $-0.225602$ & $-0.330479$ & $0.135691$ & $0.00959574$ & $0.0630754$ & $0.0468793$ & $-0.0316262$ & $0.0685197$ & $-0.0497868$ & $0.00674517$ & $0.00475144$ & $-0.0306143$ & $0.0558526$ & $-0.0311927$ & $-0.0152313$ & $-0.00496675$ & $-0.0301164$ & $-0.028161$ & $-0.00319019$ & $0.0247899$ & $-0.00663894$ & $0.00824549$ & $-0.0196778$ & $-0.00542104$ \\
CHL3_11 & $-0.0114247$ & $-0.0126846$ & $0.0429091$ & $-0.0037363$ & $-0.00637911$ & $-0.241139$ & $0.103407$ & $-0.239924$ & $-0.243214$ & $0.427749$ & $-0.203406$ & $-0.114595$ & $-0.339933$ & $0.662188$ & $0.169002$ & $0.150534$ & $1$ & $0.736146$ & $0.736848$ & $0.225069$ & $0.172597$ & $0.167028$ & $-0.0730775$ & $0.684527$ & $0.782215$ & $-0.0960075$ & $-0.145698$ & $0.0356135$ & $-0.0137497$ & $-0.109105$ & $-0.0622113$ & $0.079804$ & $-0.117685$ & $-0.255957$ & $-0.0625766$ & $-0.0222293$ & $0.0220245$ & $0.00403624$ & $0.0044036$ & $0.0235799$ & $-0.0493474$ & $0.0185731$ & $0.0252917$ & $0.0534703$ & $-0.00456695$ & $-0.0166689$ & $-0.00953678$ & $0.028005$ & $-0.0379171$ \\
CHL3_22 & $0.00897611$ & $-0.00727987$ & $0.0434434$ & $-0.00767765$ & $-0.00584215$ & $-0.0324003$ & $0.104469$ & $-0.430062$ & $-0.427435$ & $0.486948$ & $0.0731512$ & $-0.0561342$ & $-0.371213$ & $0.601496$ & $-0.445835$ & $-0.0390814$ & $0.736146$ & $1$ & $0.681531$ & $-0.0754652$ & $-0.0675235$ & $-0.0632313$ & $0.0128689$ & $0.620521$ & $0.797129$ & $0.0361016$ & $0.00232256$ & $-0.0472791$ & $-0.0318581$ & $-0.122986$ & $-0.056805$ & $0.0729738$ & $-0.123355$ & $0.0214184$ & $-0.058037$ & $-0.0265677$ & $0.0151451$ & $0.00517027$ & $0.00980198$ & $0.0374172$ & $-0.0310142$ & $-0.00134732$ & $-0.00270942$ & $0.0159913$ & $-2.04217e-05$ & $-0.00525393$ & $0.0110755$ & $0.0340691$ & $-0.0160882$ \\
CHL3_33 & $-0.00591281$ & $-0.0156346$ & $0.0570399$ & $0.0100863$ & $-0.0124797$ & $-0.0332797$ & $0.128966$ & $-0.454526$ & $-0.451603$ & $0.506949$ & $0.0994604$ & $-0.0441295$ & $-0.385782$ & $0.588717$ & $-0.0358423$ & $-0.449978$ & $0.736848$ & $0.681531$ & $1$ & $-0.102779$ & $-0.0943379$ & $-0.0907544$ & $-0.00320059$ & $0.632244$ & $0.798105$ & $0.0638976$ & $-0.0122701$ & $-0.0624668$ & $-0.0246037$ & $-0.127544$ & $-0.0692178$ & $0.100715$ & $-0.135519$ & $-0.361967$ & $-0.0485149$ & $-0.0277806$ & $0.0388295$ & $-0.0284203$ & $0.0216706$ & $0.0442494$ & $-0.0620577$ & $0.0254634$ & $0.0380947$ & $0.0279659$ & $-0.00938006$ & $-0.033949$ & $0.00414131$ & $0.0359552$ & $-0.0153654$ \\
CHe_11 & $-0.00264028$ & $-0.0441218$ & $-0.00460178$ & $-0.0258857$ & $0.00946497$ & $-0.198714$ & $-0.064397$ & $0.85997$ & $0.845276$ & $-0.382296$ & $-0.990973$ & $-0.286507$ & $0.193837$ & $0.523266$ & $0.478969$ & $0.505229$ & $0.225069$ & $-0.0754652$ & $-0.102779$ & $1$ & $0.974813$ & $0.955419$ & $0.0252466$ & $-0.261071$ & $-0.0311046$ & $-0.577649$ & $0.251073$ & $0.351197$ & $0.0104051$ & $0.0883674$ & $0.0691931$ & $-0.0518522$ & $0.0837551$ & $0.327363$ & $0.0259362$ & $0.0245474$ & $-0.0498016$ & $0.00351774$ & $-0.0106185$ & $-0.00118874$ & $0.00679979$ & $0.0446774$ & $0.0157882$ & $-0.000399255$ & $0.0031323$ & $-0.000163171$ & $-0.0112263$ & $-0.00642694$ & $-0.0251172$ \\
CHe_22 & $0.00942057$ & $-0.0466003$ & $-0.00930554$ & $-0.0274156$ & $0.0141343$ & $-0.200151$ & $-0.0673968$ & $0.902085$ & $0.885645$ & $-0.411047$ & $-0.992052$ & $-0.316448$ & $0.208684$ & $0.4715$ & $0.337201$ & $0.368519$ & $0.172597$ & $-0.0675235$ & $-0.0943379$ & $0.974813$ & $1$ & $0.976597$ & $0.0723711$ & $-0.365945$ & $-0.0460699$ & $-0.586623$ & $0.393998$ & $0.36386$ & $0.00773604$ & $0.0882959$ & $0.0644051$ & $-0.0577472$ & $0.0802709$ & $0.480845$ & $0.0250689$ & $0.0294424$ & $-0.0511138$ & $-0.00795474$ & $-0.00936183$ & $0.000564936$ & $0.0183202$ & $0.0565759$ & $0.0135558$ & $0.00463433$ & $-0.000536226$ & $0.0105091$ & $-0.0135249$ & $-0.00560821$ & $-0.028863$ \\
CHe_33 & $0.0155061$ & $-0.0549383$ & $-0.00440677$ & $-0.0218927$ & $0.0126537$ & $-0.19937$ & $-0.0674961$ & $0.885608$ & $0.870914$ & $-0.410211$ & $-0.971917$ & $-0.314842$ & $0.208826$ & $0.456032$ & $0.323999$ & $0.38315$ & $0.167028$ & $-0.0632313$ & $-0.0907544$ & $0.955419$ & $0.976597$ & $1$ & $0.0675455$ & $-0.360291$ & $-0.0432316$ & $-0.567589$ & $0.394367$ & $0.350967$ & $0.0144715$ & $0.0865342$ & $0.0605986$ & $-0.0587258$ & $0.0778398$ & $0.480253$ & $0.0249331$ & $0.0262408$ & $-0.0541112$ & $-0.0146391$ & $-0.00641078$ & $-0.00791118$ & $0.0131468$ & $0.0533955$ & $0.0189689$ & $0.0151996$ & $0.0050385$ & $0.0103422$ & $-0.0112593$ & $-0.000315725$ & $-0.0344147$ \\
CHQ1_11 & $-0.0177454$ & $0.0125548$ & $0.0194867$ & $-0.0288762$ & $-0.0130918$ & $-0.0305722$ & $-0.0411683$ & $0.0948224$ & $0.0872142$ & $-0.0696325$ & $-0.045468$ & $-0.0430389$ & $0.039876$ & $-0.0574624$ & $-0.170273$ & $-0.144585$ & $-0.0730775$ & $0.0128689$ & $-0.00320059$ & $0.0252466$ & $0.0723711$ & $0.0675455$ & $1$ & $-0.15418$ & $0.073582$ & $-0.684232$ & $0.35436$ & $0.000148824$ & $-0.0168199$ & $-0.0201629$ & $-0.00685044$ & $-0.0382888$ & $-0.016061$ & $0.219181$ & $0.0317221$ & $0.0190731$ & $0.0397755$ & $-0.0364983$ & $-0.0140014$ & $0.0179006$ & $0.034264$ & $0.0178076$ & $0.00888931$ & $-0.0103668$ & $-0.0230411$ & $0.00413172$ & $0.00977255$ & $-0.00697718$ & $0.00869697$ \\
CHQ1_33 & $-0.0625871$ & $0.00805049$ & $0.0597041$ & $0.0205836$ & $-0.0012722$ & $0.0112705$ & $0.129122$ & $-0.667893$ & $-0.658638$ & $0.565412$ & $0.312905$ & $0.0870441$ & $-0.393113$ & $0.472725$ & $0.117964$ & $0.0854866$ & $0.684527$ & $0.620521$ & $0.632244$ & $-0.261071$ & $-0.365945$ & $-0.360291$ & $-0.15418$ & $1$ & $0.652562$ & $0.222458$ & $-0.423635$ & $-0.055676$ & $-0.0192718$ & $-0.11849$ & $-0.0688637$ & $0.113366$ & $-0.116671$ & $-0.64507$ & $-0.0464261$ & $-0.0263412$ & $0.0368548$ & $0.0267981$ & $0.00360926$ & $0.0404641$ & $-0.0663839$ & $-0.0275278$ & $0.00150721$ & $0.0125721$ & $0.00453871$ & $-0.0320517$ & $0.00529702$ & $0.0169421$ & $0.00539405$ \\
CHQ3_11 & $-0.0946733$ & $-0.0158588$ & $0.021108$ & $-0.00734365$ & $-0.0110064$ & $-0.0681729$ & $0.128575$ & $-0.411953$ & $-0.407321$ & $0.494924$ & $0.0397029$ & $-0.0326396$ & $-0.36899$ & $0.597419$ & $-0.124325$ & $-0.130592$ & $0.782215$ & $0.797129$ & $0.798105$ & $-0.0311046$ & $-0.0460699$ & $-0.0432316$ & $0.073582$ & $0.652562$ & $1$ & $0.0382984$ & $0.201551$ & $-0.0537761$ & $-0.0115185$ & $-0.117894$ & $-0.0498121$ & $0.10605$ & $-0.123474$ & $-0.224137$ & $-0.0307534$ & $-0.0420266$ & $0.0408943$ & $-0.00510165$ & $-0.0100594$ & $0.0213052$ & $-0.0785406$ & $0.0235495$ & $0.0193277$ & $0.0357626$ & $0.0107364$ & $0.000840253$ & $0.0118928$ & $0.0375551$ & $-0.0340708$ \\
CHu_11 & $-0.0209142$ & $0.0159061$ & $-0.015193$ & $0.0365763$ & $-0.00615741$ & $0.13793$ & $0.0748862$ & $-0.531366$ & $-0.514617$ & $0.252931$ & $0.584516$ & $0.194674$ & $-0.115821$ & $-0.280094$ & $-0.196955$ & $-0.225602$ & $-0.0960075$ & $0.0361016$ & $0.0638976$ & $-0.577649$ & $-0.586623$ & $-0.567589$ & $-0.684232$ & $0.222458$ & $0.0382984$ & $1$ & $-0.189899$ & $-0.192251$ & $0.0136335$ & $-0.0275727$ & $-0.022539$ & $0.0688581$ & $-0.0212045$ & $-0.283724$ & $-0.0201344$ & $-0.0485609$ & $0.000537368$ & $0.0223649$ & $0.00875743$ & $-0.0182516$ & $-0.0370736$ & $-0.0359486$ & $-0.0157607$ & $0.0268738$ & $0.0105117$ & $0.0139457$ & $0.0112266$ & $0.00118796$ & $0.00448357$ \\
CHd_11 & $0.0147038$ & $-0.0262662$ & $-0.02855$ & $-0.0211432$ & $-0.00507613$ & $-0.0678028$ & $-0.0238089$ & $0.435578$ & $0.430569$ & $-0.245063$ & $-0.320101$ & $-0.151855$ & $0.144732$ & $-0.0688098$ & $-0.374171$ & $-0.330479$ & $-0.145698$ & $0.00232256$ & $-0.0122701$ & $0.251073$ & $0.393998$ & $0.394367$ & $0.35436$ & $-0.423635$ & $0.201551$ & $-0.189899$ & $1$ & $0.123079$ & $0.0211525$ & $0.0388185$ & $0.0297227$ & $-0.0196598$ & $0.0323421$ & $0.676975$ & $0.0571746$ & $0.00980948$ & $-0.0281283$ & $-0.0421254$ & $-0.0164057$ & $-0.0191827$ & $0.0191969$ & $0.0703194$ & $-0.0130833$ & $0.0398332$ & $0.00131097$ & $0.0710984$ & $-0.0026023$ & $0.00821174$ & $-0.0352491$ \\
CHd_33 & $0.00720572$ & $-0.021811$ & $-0.0223422$ & $0.0209794$ & $0.0211965$ & $-0.0898571$ & $-0.00397895$ & $0.341359$ & $0.333261$ & $-0.173326$ & $-0.360527$ & $-0.136688$ & $0.0517916$ & $0.156791$ & $0.12036$ & $0.135691$ & $0.0356135$ & $-0.0472791$ & $-0.0624668$ & $0.351197$ & $0.36386$ & $0.350967$ & $0.000148824$ & $-0.055676$ & $-0.0537761$ & $-0.192251$ & $0.123079$ & $1$ & $0.0251265$ & $0.022948$ & $0.0292636$ & $-0.0119085$ & $-0.00805499$ & $0.18806$ & $-0.0174435$ & $0.0180386$ & $-0.0276036$ & $0.0113599$ & $0.00463969$ & $-0.0373743$ & $0.0169786$ & $-0.00119955$ & $-0.0253546$ & $-0.0189681$ & $0.0224237$ & $-0.00192865$ & $-0.00233929$ & $-0.0343372$ & $-0.0253391$ \\
CeH_22r & $0.00653932$ & $0.01197$ & $-0.0178827$ & $-0.0370932$ & $-0.0261607$ & $0.0113495$ & $-0.0335981$ & $0.0182711$ & $0.016289$ & $-0.0150592$ & $-0.00898519$ & $0.0227477$ & $0.0620006$ & $-0.0334239$ & $0.0134334$ & $0.00959574$ & $-0.0137497$ & $-0.0318581$ & $-0.0246037$ & $0.0104051$ & $0.00773604$ & $0.0144715$ & $-0.0168199$ & $-0.0192718$ & $-0.0115185$ & $0.0136335$ & $0.0211525$ & $0.0251265$ & $1$ & $0.0419572$ & $0.0217624$ & $-0.0467538$ & $0.0410235$ & $0.00722538$ & $-0.00814749$ & $-0.039489$ & $0.00899956$ & $-0.0390386$ & $0.000765734$ & $-0.0136137$ & $-0.0103387$ & $0.0198847$ & $0.00750115$ & $0.0037526$ & $-0.0268131$ & $0.00751146$ & $0.00175569$ & $-0.0190239$ & $0.00952745$ \\
CeH_33r & $-0.00599285$ & $0.0416542$ & $0.0269535$ & $0.0238329$ & $-0.0153523$ & $0.0103713$ & $-0.145507$ & $0.133519$ & $0.152649$ & $-0.14032$ & $-0.087084$ & $0.214746$ & $0.305317$ & $-0.0399735$ & $0.0529825$ & $0.0630754$ & $-0.109105$ & $-0.122986$ & $-0.127544$ & $0.0883674$ & $0.0882959$ & $0.0865342$ & $-0.0201629$ & $-0.11849$ & $-0.117894$ & $-0.0275727$ & $0.0388185$ & $0.022948$ & $0.0419572$ & $1$ & $0.322741$ & $0.0136522$ & $0.697833$ & $0.0645951$ & $-0.0545082$ & $0.0300286$ & $-0.159016$ & $-0.0469939$ & $-0.0522029$ & $-0.0104209$ & $-0.00834642$ & $0.016035$ & $-0.0416547$ & $-0.00134111$ & $0.0508428$ & $0.0269796$ & $0.000392086$ & $-0.0549869$ & $0.020875$ \\
CuH_22r & $0.00945874$ & $0.0159552$ & $-0.0151988$ & $0.065196$ & $-0.018129$ & $0.0194027$ & $-0.0721567$ & $0.0848922$ & $0.098733$ & $-0.097543$ & $-0.0671461$ & $0.0217243$ & $0.136041$ & $0.0094883$ & $0.035363$ & $0.0468793$ & $-0.0622113$ & $-0.056805$ & $-0.0692178$ & $0.0691931$ & $0.0644051$ & $0.0605986$ & $-0.00685044$ & $-0.0688637$ & $-0.0498121$ & $-0.022539$ & $0.0297227$ & $0.0292636$ & $0.0217624$ & $0.322741$ & $1$ & $0.0120228$ & $0.351781$ & $0.0310033$ & $-0.0959559$ & $-0.0143641$ & $-0.00758985$ & $-0.00432504$ & $-0.0744149$ & $0.0168787$ & $-0.0209741$ & $0.0181745$ & $0.0195686$ & $-0.0143168$ & $0.0771606$ & $0.0351885$ & $0.306806$ & $-0.0860474$ & $-0.0249495$ \\
CuH_33r & $-0.0517178$ & $0.00253093$ & $0.0204539$ & $0.0396302$ & $0.0109178$ & $-0.0101729$ & $0.932681$ & $-0.0941757$ & $-0.0593069$ & $0.0800973$ & $0.0546123$ & $0.0401581$ & $-0.249235$ & $0.0505267$ & $0.00465318$ & $-0.0316262$ & $0.079804$ & $0.0729738$ & $0.100715$ & $-0.0518522$ & $-0.0577472$ & $-0.0587258$ & $-0.0382888$ & $0.113366$ & $0.10605$ & $0.0688581$ & $-0.0196598$ & $-0.0119085$ & $-0.0467538$ & $0.0136522$ & $0.0120228$ & $1$ & $-0.00901958$ & $-0.0829364$ & $0.0841099$ & $0.0232157$ & $-0.0210145$ & $-0.0451893$ & $0.00824361$ & $-0.0234833$ & $-0.00850301$ & $0.00322182$ & $0.0111955$ & $-0.00775047$ & $0.0376179$ & $0.00551963$ & $0.0527948$ & $-0.0599723$ & $-0.0399344$ \\
CdH_33r & $0.0107095$ & $0.0221535$ & $-0.0070876$ & $0.0481838$ & $-0.0279698$ & $0.0346727$ & $-0.208492$ & $0.128525$ & $0.143394$ & $-0.142193$ & $-0.0821775$ & $0.263034$ & $0.373233$ & $-0.0378826$ & $0.0525764$ & $0.0685197$ & $-0.117685$ & $-0.123355$ & $-0.135519$ & $0.0837551$ & $0.0802709$ & $0.0778398$ & $-0.016061$ & $-0.116671$ & $-0.123474$ & $-0.0212045$ & $0.0323421$ & $-0.00805499$ & $0.0410235$ & $0.697833$ & $0.351781$ & $-0.00901958$ & $1$ & $0.0553177$ & $0.0734486$ & $-0.031926$ & $-0.154681$ & $-0.0259968$ & $-0.0317964$ & $0.0229603$ & $0.0396298$ & $-0.0118735$ & $-0.060142$ & $0.0375619$ & $-0.0578059$ & $0.0203738$ & $-0.0845622$ & $0.113361$ & $0.393074$ \\
CLL_1221 & $0.0501464$ & $0.00712728$ & $-0.0288797$ & $-0.0303481$ & $0.00370847$ & $-0.111129$ & $-0.0825266$ & $0.587023$ & $0.575796$ & $-0.389059$ & $-0.401375$ & $-0.196285$ & $0.237854$ & $-0.191392$ & $-0.569439$ & $-0.0497868$ & $-0.255957$ & $0.0214184$ & $-0.361967$ & $0.327363$ & $0.480845$ & $0.480253$ & $0.219181$ & $-0.64507$ & $-0.224137$ & $-0.283724$ & $0.676975$ & $0.18806$ & $0.00722538$ & $0.0645951$ & $0.0310033$ & $-0.0829364$ & $0.0553177$ & $1$ & $0.0225421$ & $0.0335796$ & $-0.0444592$ & $-0.0221594$ & $-0.00924246$ & $-0.0198846$ & $0.082948$ & $0.0362788$ & $-0.0227841$ & $0.0176702$ & $-0.00993931$ & $0.0625777$ & $-0.0211578$ & $-0.000155373$ & $-0.0250609$ \\
eHggint & $0.00136366$ & $-0.0166731$ & $0.0322276$ & $-0.0803136$ & $-0.064123$ & $0.0337851$ & $0.00234236$ & $0.0492673$ & $0.0396835$ & $0.0114101$ & $-0.0239809$ & $0.0976289$ & $0.0636406$ & $-0.032167$ & $0.0105607$ & $0.00674517$ & $-0.0625766$ & $-0.058037$ & $-0.0485149$ & $0.0259362$ & $0.0250689$ & $0.0249331$ & $0.0317221$ & $-0.0464261$ & $-0.0307534$ & $-0.0201344$ & $0.0571746$ & $-0.0174435$ & $-0.00814749$ & $-0.0545082$ & $-0.0959559$ & $0.0841099$ & $0.0734486$ & $0.0225421$ & $1$ & $0.0442997$ & $-0.0708474$ & $-0.0320219$ & $0.0102877$ & $-0.0304094$ & $0.000160252$ & $-0.000172121$ & $0.0472414$ & $-0.0498256$ & $-0.122015$ & $-0.0928567$ & $-0.233055$ & $0.142979$ & $0.242194$ \\
eHggpar & $0.0481379$ & $0.0243385$ & $-0.0384234$ & $0.0184476$ & $-0.0196121$ & $-0.0414155$ & $-0.0237271$ & $0.0392849$ & $0.0289588$ & $-0.0189753$ & $-0.0271004$ & $0.00891006$ & $0.0571952$ & $-0.0152355$ & $0.00245812$ & $0.00475144$ & $-0.0222293$ & $-0.0265677$ & $-0.0277806$ & $0.0245474$ & $0.0294424$ & $0.0262408$ & $0.0190731$ & $-0.0263412$ & $-0.0420266$ & $-0.0485609$ & $0.00980948$ & $0.0180386$ & $-0.039489$ & $0.0300286$ & $-0.0143641$ & $0.0232157$ & $-0.031926$ & $0.0335796$ & $0.0442997$ & $1$ & $-0.0770736$ & $0.0438667$ & $0.231972$ & $0.0584598$ & $0.255748$ & $-0.0233655$ & $-0.115248$ & $-0.0493534$ & $0.0743482$ & $-0.0750777$ & $-0.117231$ & $0.0706409$ & $-0.145147$ \\
eHWWint & $-0.203374$ & $0.0444444$ & $-0.034848$ & $-0.0987122$ & $0.00705705$ & $-0.00990859$ & $0.0109584$ & $-0.0603092$ & $-0.0644785$ & $0.0116892$ & $0.0532951$ & $-0.0246738$ & $-0.0486749$ & $-0.0125469$ & $-0.00270979$ & $-0.0306143$ & $0.0220245$ & $0.0151451$ & $0.0388295$ & $-0.0498016$ & $-0.0511138$ & $-0.0541112$ & $0.0397755$ & $0.0368548$ & $0.0408943$ & $0.000537368$ & $-0.0281283$ & $-0.0276036$ & $0.00899956$ & $-0.159016$ & $-0.00758985$ & $-0.0210145$ & $-0.154681$ & $-0.0444592$ & $-0.0708474$ & $-0.0770736$ & $1$ & $0.00156881$ & $-0.0288979$ & $-0.0396228$ & $0.0213694$ & $-0.0868641$ & $0.0734352$ & $0.0231933$ & $0.0652455$ & $0.0795686$ & $0.127086$ & $0.263328$ & $-0.0523945$ \\
eHWWpar & $-0.0353761$ & $0.0697668$ & $0.0131834$ & $-0.0197599$ & $0.0256442$ & $-0.0135732$ & $-0.0360791$ & $-0.0119342$ & $-0.0115244$ & $-0.0267809$ & $0.00413884$ & $-0.0293848$ & $-0.00837783$ & $0.00594385$ & $0.0160399$ & $0.0558526$ & $0.00403624$ & $0.00517027$ & $-0.0284203$ & $0.00351774$ & $-0.00795474$ & $-0.0146391$ & $-0.0364983$ & $0.0267981$ & $-0.00510165$ & $0.0223649$ & $-0.0421254$ & $0.0113599$ & $-0.0390386$ & $-0.0469939$ & $-0.00432504$ & $-0.0451893$ & $-0.0259968$ & $-0.0221594$ & $-0.0320219$ & $0.0438667$ & $0.00156881$ & $1$ & $0.0136567$ & $0.00986921$ & $0.0212388$ & $0.00225275$ & $-0.00268105$ & $-0.0171504$ & $0.0239812$ & $0.00187321$ & $-0.016555$ & $0.0153796$ & $0.025977$ \\
eHZZint & $0.0905586$ & $-0.171743$ & $-0.0685143$ & $-0.0854774$ & $-0.0451639$ & $0.018547$ & $-0.0121797$ & $-0.00905095$ & $-0.0146618$ & $0.0267567$ & $0.00713333$ & $0.0232476$ & $-0.0151916$ & $0.00160487$ & $-0.00904101$ & $-0.0311927$ & $0.0044036$ & $0.00980198$ & $0.0216706$ & $-0.0106185$ & $-0.00936183$ & $-0.00641078$ & $-0.0140014$ & $0.00360926$ & $-0.0100594$ & $0.00875743$ & $-0.0164057$ & $0.00463969$ & $0.000765734$ & $-0.0522029$ & $-0.0744149$ & $0.00824361$ & $-0.0317964$ & $-0.00924246$ & $0.0102877$ & $0.231972$ & $-0.0288979$ & $0.0136567$ & $1$ & $0.0254727$ & $0.0383405$ & $0.00508974$ & $-0.00143471$ & $0.05449$ & $-0.156263$ & $-0.306683$ & $-0.0951391$ & $0.0808348$ & $-0.0151291$ \\
eHZZpar & $-0.0152113$ & $0.0501883$ & $0.020272$ & $-0.0196564$ & $0.00900008$ & $0.0346671$ & $-0.0334442$ & $-0.0207117$ & $-0.0279468$ & $0.000765836$ & $0.00248875$ & $-0.0284861$ & $-0.0123408$ & $0.0484686$ & $-0.00535159$ & $-0.0152313$ & $0.0235799$ & $0.0374172$ & $0.0442494$ & $-0.00118874$ & $0.000564936$ & $-0.00791118$ & $0.0179006$ & $0.0404641$ & $0.0213052$ & $-0.0182516$ & $-0.0191827$ & $-0.0373743$ & $-0.0136137$ & $-0.0104209$ & $0.0168787$ & $-0.0234833$ & $0.0229603$ & $-0.0198846$ & $-0.0304094$ & $0.0584598$ & $-0.0396228$ & $0.00986921$ & $0.0254727$ & $1$ & $-0.0131569$ & $0.0394549$ & $-0.0541212$ & $-0.00190007$ & $0.000641163$ & $0.0440843$ & $0.0528764$ & $-0.00213845$ & $0.0612828$ \\
eHZgaint & $0.0875008$ & $0.251905$ & $-0.056639$ & $0.129267$ & $-0.0126121$ & $-0.04633$ & $-0.0251954$ & $0.0362685$ & $0.0350354$ & $-0.0942686$ & $-0.00861848$ & $-0.0518955$ & $0.0141123$ & $-0.0603625$ & $-0.045488$ & $-0.00496675$ & $-0.0493474$ & $-0.0310142$ & $-0.0620577$ & $0.00679979$ & $0.0183202$ & $0.0131468$ & $0.034264$ & $-0.0663839$ & $-0.0785406$ & $-0.0370736$ & $0.0191969$ & $0.0169786$ & $-0.0103387$ & $-0.00834642$ & $-0.0209741$ & $-0.00850301$ & $0.0396298$ & $0.082948$ & $0.000160252$ & $0.255748$ & $0.0213694$ & $0.0212388$ & $0.0383405$ & $-0.0131569$ & $1$ & $0.0333717$ & $0.0920748$ & $0.234766$ & $-0.0848901$ & $0.0446774$ & $-0.10277$ & $0.0268988$ & $0.113058$ \\
eHZgapar & $0.0585983$ & $-0.0155947$ & $0.0184666$ & $-0.0392779$ & $0.0158933$ & $-0.0376354$ & $0.00639026$ & $0.0480185$ & $0.0457671$ & $-0.0334472$ & $-0.0517345$ & $-0.0459468$ & $0.0104968$ & $0.0236953$ & $0.00756159$ & $-0.0301164$ & $0.0185731$ & $-0.00134732$ & $0.0254634$ & $0.0446774$ & $0.0565759$ & $0.0533955$ & $0.0178076$ & $-0.0275278$ & $0.0235495$ & $-0.0359486$ & $0.0703194$ & $-0.00119955$ & $0.0198847$ & $0.016035$ & $0.0181745$ & $0.00322182$ & $-0.0118735$ & $0.0362788$ & $-0.000172121$ & $-0.0233655$ & $-0.0868641$ & $0.00225275$ & $0.00508974$ & $0.0394549$ & $0.0333717$ & $1$ & $0.00254671$ & $0.0153752$ & $-0.0583902$ & $0.067462$ & $-0.00458684$ & $-0.0307022$ & $-0.0432345$ \\
eHgagaint & $-0.132654$ & $-0.0166382$ & $0.0208639$ & $-0.0537895$ & $-0.0339719$ & $-0.0117661$ & $0.0145097$ & $0.00297617$ & $0.057418$ & $-0.00577176$ & $-0.012945$ & $-0.00961251$ & $-0.00770408$ & $0.0116478$ & $0.032035$ & $-0.028161$ & $0.0252917$ & $-0.00270942$ & $0.0380947$ & $0.0157882$ & $0.0135558$ & $0.0189689$ & $0.00888931$ & $0.00150721$ & $0.0193277$ & $-0.0157607$ & $-0.0130833$ & $-0.0253546$ & $0.00750115$ & $-0.0416547$ & $0.0195686$ & $0.0111955$ & $-0.060142$ & $-0.0227841$ & $0.0472414$ & $-0.115248$ & $0.0734352$ & $-0.00268105$ & $-0.00143471$ & $-0.0541212$ & $0.0920748$ & $0.00254671$ & $1$ & $0.0785714$ & $0.0741461$ & $-0.154996$ & $0.0507814$ & $0.0758851$ & $-0.139911$ \\
eHmumuint & $0.0884414$ & $0.212902$ & $-0.028517$ & $0.105578$ & $0.0340788$ & $-0.00385379$ & $-0.000483325$ & $-0.0129545$ & $-0.0150346$ & $0.00536194$ & $0.000857309$ & $-0.0159412$ & $0.0115732$ & $-0.0218892$ & $-0.000834648$ & $-0.00319019$ & $0.0534703$ & $0.0159913$ & $0.0279659$ & $-0.000399255$ & $0.00463433$ & $0.0151996$ & $-0.0103668$ & $0.0125721$ & $0.0357626$ & $0.0268738$ & $0.0398332$ & $-0.0189681$ & $0.0037526$ & $-0.00134111$ & $-0.0143168$ & $-0.00775047$ & $0.0375619$ & $0.0176702$ & $-0.0498256$ & $-0.0493534$ & $0.0231933$ & $-0.0171504$ & $0.05449$ & $-0.00190007$ & $0.234766$ & $0.0153752$ & $0.0785714$ & $1$ & $-0.0520242$ & $0.0118345$ & $-0.0462239$ & $0.175049$ & $0.0176623$ \\
eHtautauint & $0.0147771$ & $-0.101679$ & $-0.00857096$ & $0.187392$ & $0.00853609$ & $-0.00429085$ & $0.0445039$ & $0.00348032$ & $0.00642799$ & $0.00515863$ & $-0.00376358$ & $-0.0057236$ & $-0.0236009$ & $0.014064$ & $0.00871277$ & $0.0247899$ & $-0.00456695$ & $-2.04217e-05$ & $-0.00938006$ & $0.0031323$ & $-0.000536226$ & $0.0050385$ & $-0.0230411$ & $0.00453871$ & $0.0107364$ & $0.0105117$ & $0.00131097$ & $0.0224237$ & $-0.0268131$ & $0.0508428$ & $0.0771606$ & $0.0376179$ & $-0.0578059$ & $-0.00993931$ & $-0.122015$ & $0.0743482$ & $0.0652455$ & $0.0239812$ & $-0.156263$ & $0.000641163$ & $-0.0848901$ & $-0.0583902$ & $0.0741461$ & $-0.0520242$ & $1$ & $-0.0894894$ & $0.30278$ & $0.00983791$ & $-0.13793$ \\
eHccint & $0.0336856$ & $0.0613306$ & $-0.0780691$ & $0.0119609$ & $0.0363974$ & $-0.054058$ & $0.0246632$ & $0.0209404$ & $0.0189276$ & $-0.0457494$ & $-0.00484723$ & $-0.0429692$ & $0.012288$ & $-0.0368299$ & $-0.0410884$ & $-0.00663894$ & $-0.0166689$ & $-0.00525393$ & $-0.033949$ & $-0.000163171$ & $0.0105091$ & $0.0103422$ & $0.00413172$ & $-0.0320517$ & $0.000840253$ & $0.0139457$ & $0.0710984$ & $-0.00192865$ & $0.00751146$ & $0.0269796$ & $0.0351885$ & $0.00551963$ & $0.0203738$ & $0.0625777$ & $-0.0928567$ & $-0.0750777$ & $0.0795686$ & $0.00187321$ & $-0.306683$ & $0.0440843$ & $0.0446774$ & $0.067462$ & $-0.154996$ & $0.0118345$ & $-0.0894894$ & $1$ & $0.0255669$ & $0.128398$ & $0.00858726$ \\
eHccpar & $0.0434987$ & $-0.0554563$ & $-0.0468721$ & $0.144758$ & $0.0145872$ & $0.0365832$ & $0.0828087$ & $-0.0142772$ & $-0.00263544$ & $0.00706129$ & $0.0100888$ & $-0.0129918$ & $-0.0255993$ & $0.0207202$ & $-0.00178787$ & $0.00824549$ & $-0.00953678$ & $0.0110755$ & $0.00414131$ & $-0.0112263$ & $-0.0135249$ & $-0.0112593$ & $0.00977255$ & $0.00529702$ & $0.0118928$ & $0.0112266$ & $-0.0026023$ & $-0.00233929$ & $0.00175569$ & $0.000392086$ & $0.306806$ & $0.0527948$ & $-0.0845622$ & $-0.0211578$ & $-0.233055$ & $-0.117231$ & $0.127086$ & $-0.016555$ & $-0.0951391$ & $0.0528764$ & $-0.10277$ & $-0.00458684$ & $0.0507814$ & $-0.0462239$ & $0.30278$ & $0.0255669$ & $1$ & $-0.187955$ & $-0.119173$ \\
eHbbint & $-0.0168827$ & $-0.00652992$ & $0.00563864$ & $0.0682803$ & $-0.032749$ & $-0.0194497$ & $-0.0628616$ & $-0.0186661$ & $-0.0269035$ & $0.0303284$ & $0.0067295$ & $0.00789494$ & $0.00494608$ & $0.0137087$ & $-0.0181652$ & $-0.0196778$ & $0.028005$ & $0.0340691$ & $0.0359552$ & $-0.00642694$ & $-0.00560821$ & $-0.000315725$ & $-0.00697718$ & $0.0169421$ & $0.0375551$ & $0.00118796$ & $0.00821174$ & $-0.0343372$ & $-0.0190239$ & $-0.0549869$ & $-0.0860474$ & $-0.0599723$ & $0.113361$ & $-0.000155373$ & $0.142979$ & $0.0706409$ & $0.263328$ & $0.0153796$ & $0.0808348$ & $-0.00213845$ & $0.0268988$ & $-0.0307022$ & $0.0758851$ & $0.175049$ & $0.00983791$ & $0.128398$ & $-0.187955$ & $1$ & $0.161598$ \\
eHbbpar & $-0.00737212$ & $0.029592$ & $-0.107213$ & $0.0572361$ & $-0.0219697$ & $0.0387146$ & $-0.0650506$ & $-0.0184435$ & $-0.0334685$ & $-0.00111927$ & $0.0262145$ & $0.0193275$ & $0.0140717$ & $-0.00284349$ & $-0.00296604$ & $-0.00542104$ & $-0.0379171$ & $-0.0160882$ & $-0.0153654$ & $-0.0251172$ & $-0.028863$ & $-0.0344147$ & $0.00869697$ & $0.00539405$ & $-0.0340708$ & $0.00448357$ & $-0.0352491$ & $-0.0253391$ & $0.00952745$ & $0.020875$ & $-0.0249495$ & $-0.0399344$ & $0.393074$ & $-0.0250609$ & $0.242194$ & $-0.145147$ & $-0.0523945$ & $0.025977$ & $-0.0151291$ & $0.0612828$ & $0.113058$ & $-0.0432345$ & $-0.139911$ & $0.0176623$ & $-0.13793$ & $0.00858726$ & $-0.119173$ & $0.161598$ & $1$ \\
