 & AlsMz & dAle5Mz & mtop & mHl & Mz & CW & CHG & CHWB & CHWHB_gaga & CHWHB_gagaorth & CHD & CHbox & CH & CHL1_11 & CHL1_22 & CHL1_33 & CHL3_11 & CHL3_22 & CHL3_33 & CHe_11 & CHe_22 & CHe_33 & CHQ1_11 & CHQ1_33 & CHQ3_11 & CHu_11 & CHd_11 & CHd_33 & CeH_22r & CeH_33r & CuH_22r & CuH_33r & CdH_33r & CLL_1221 & eHggint & eHggpar & eHWWint & eHWWpar & eHZZint & eHZZpar & eHZgaint & eHZgapar & eHgagaint & eHmumuint & eHtautauint & eHccint & eHccpar & eHbbint & eHbbpar \\
AlsMz & $1$ & $0.00051076$ & $-0.0325818$ & $0.0473672$ & $-0.005356$ & $0.00356727$ & $-0.0176572$ & $-0.0217836$ & $-0.0218145$ & $-0.00909839$ & $0.000348066$ & $0.0350474$ & $0.0404608$ & $0.0208436$ & $-0.0201908$ & $-0.0177453$ & $0.0185256$ & $0.0365875$ & $0.0299908$ & $-0.00738569$ & $-0.00979965$ & $-0.00755813$ & $-0.0299004$ & $-0.0358293$ & $-0.096157$ & $-0.0249995$ & $-0.0527891$ & $0.025791$ & $-0.000114216$ & $0.0353391$ & $0.00419013$ & $0.00246129$ & $0.0415286$ & $-0.00577285$ & $0.0970246$ & $0.0456253$ & $-0.0581365$ & $0.0120179$ & $0.0593436$ & $0.0101917$ & $0.0920584$ & $0.0274278$ & $0.0393177$ & $0.0372524$ & $-0.0651252$ & $-0.0180153$ & $-0.0414719$ & $0.0342175$ & $-0.00297161$ \\
dAle5Mz & $0.00051076$ & $1$ & $0.152281$ & $0.0330037$ & $0.000204935$ & $0.0139408$ & $0.0396616$ & $-0.0716038$ & $-0.0743159$ & $0.0287416$ & $0.0595042$ & $-0.0082079$ & $-0.0366367$ & $-0.0362406$ & $-0.010773$ & $0.0104626$ & $0.0169748$ & $0.00679533$ & $-0.00415593$ & $-0.0331495$ & $-0.0373246$ & $-0.0295602$ & $0.00977685$ & $0.0182757$ & $-0.00779013$ & $0.00353361$ & $-0.0380542$ & $0.010617$ & $-0.0372803$ & $-0.0145281$ & $-0.0376949$ & $0.0534398$ & $0.033146$ & $0.0135466$ & $0.0759602$ & $0.0191916$ & $-0.0761155$ & $0.040571$ & $-0.0800894$ & $0.00444289$ & $0.0301769$ & $-0.00342212$ & $-0.123802$ & $-0.144987$ & $-0.106285$ & $-0.0529815$ & $-0.0287242$ & $0.0851309$ & $0.0686168$ \\
mtop & $-0.0325818$ & $0.152281$ & $1$ & $0.0413111$ & $0.0205937$ & $0.0117209$ & $0.0751876$ & $-0.0136721$ & $-0.0155619$ & $-0.0127987$ & $0.0312303$ & $-0.0378649$ & $-0.0309521$ & $-0.0244112$ & $-0.00880561$ & $-0.0131781$ & $-0.0220219$ & $-0.0180892$ & $-0.0108008$ & $-0.0212708$ & $-0.0186926$ & $-0.0182161$ & $0.00567723$ & $-0.0010757$ & $-0.00908193$ & $0.0189289$ & $0.00744546$ & $0.0136341$ & $0.0108288$ & $-0.0281316$ & $-0.0313916$ & $0.0717317$ & $-0.0180203$ & $0.00234607$ & $-0.0218248$ & $0.0553256$ & $0.045661$ & $0.0194613$ & $-0.00141147$ & $-0.00182269$ & $0.0813377$ & $-0.00703914$ & $-0.0800471$ & $-0.00195339$ & $0.0885772$ & $0.0635814$ & $-0.0906701$ & $0.0107056$ & $0.0305762$ \\
mHl & $0.0473672$ & $0.0330037$ & $0.0413111$ & $1$ & $-0.0188766$ & $0.0253178$ & $-0.0331936$ & $-0.00888359$ & $-0.0199683$ & $0.00862274$ & $0.00644037$ & $-0.00492916$ & $0.00231474$ & $-0.000364186$ & $0.003481$ & $0.00127123$ & $0.0024279$ & $0.00114244$ & $0.000599097$ & $-0.00417386$ & $-0.00676771$ & $-0.0137299$ & $-0.0143024$ & $0.00342901$ & $-0.0261243$ & $0.00395915$ & $-0.0379137$ & $0.00119108$ & $-0.00847018$ & $-0.0368803$ & $-0.0176802$ & $-0.028116$ & $-0.0351889$ & $-0.00817621$ & $0.123938$ & $-0.0202835$ & $0.0271215$ & $-0.0105725$ & $0.0197217$ & $-0.0036158$ & $0.0566371$ & $-0.0149337$ & $-0.0856371$ & $0.0731575$ & $0.00178067$ & $-0.0831949$ & $-0.00596434$ & $-0.0823748$ & $0.0102312$ \\
Mz & $-0.005356$ & $0.000204935$ & $0.0205937$ & $-0.0188766$ & $1$ & $0.0074765$ & $0.00920271$ & $-0.0105822$ & $-0.0108708$ & $-0.0243092$ & $0.0273309$ & $-0.00706408$ & $-0.00882713$ & $-0.0158241$ & $-0.00213688$ & $-0.0219283$ & $-0.00964392$ & $-0.0124538$ & $-0.00149151$ & $-0.0199769$ & $-0.0149645$ & $-0.0224578$ & $-0.000371252$ & $-0.00629653$ & $-0.0049552$ & $0.0170553$ & $0.00611383$ & $-0.0194906$ & $-0.0147848$ & $-0.00456318$ & $0.00737859$ & $0.00691412$ & $0.00032987$ & $-0.00583553$ & $0.0104178$ & $0.0113331$ & $0.0036022$ & $0.010669$ & $-0.0161175$ & $-0.027842$ & $-0.0249234$ & $-0.0304337$ & $-0.0046185$ & $-0.0183949$ & $0.0214859$ & $-0.00464657$ & $-0.00620485$ & $-0.00967971$ & $-0.00318512$ \\
CW & $0.00356727$ & $0.0139408$ & $0.0117209$ & $0.0253178$ & $0.0074765$ & $1$ & $0.0256918$ & $-0.12235$ & $-0.12004$ & $0.0204142$ & $0.184665$ & $0.0121658$ & $-0.0113582$ & $0.010373$ & $-0.0817484$ & $-0.070977$ & $-0.249135$ & $-0.0507355$ & $-0.0597397$ & $-0.181766$ & $-0.186934$ & $-0.182004$ & $-0.0104667$ & $0.00482926$ & $-0.0903796$ & $0.101822$ & $-0.0783098$ & $-0.0416909$ & $0.0202781$ & $-0.0134994$ & $-0.0174746$ & $0.0211231$ & $-0.0268596$ & $-0.112155$ & $0.00619069$ & $0.00805176$ & $0.0191402$ & $0.012107$ & $-0.030364$ & $0.000246889$ & $-3.58989e-05$ & $0.00440438$ & $0.00321882$ & $0.0167435$ & $0.00658897$ & $-0.0114573$ & $-0.00653537$ & $0.0136748$ & $-0.0288217$ \\
CHG & $-0.0176572$ & $0.0396616$ & $0.0751876$ & $-0.0331936$ & $0.00920271$ & $0.0256918$ & $1$ & $-0.0872849$ & $-0.0327104$ & $0.115624$ & $0.0727126$ & $-0.32859$ & $-0.441155$ & $0.00356203$ & $-0.0302444$ & $-0.0465912$ & $0.0237362$ & $0.0448541$ & $0.0532782$ & $-0.0698911$ & $-0.0729919$ & $-0.0754549$ & $-0.0148068$ & $0.0619228$ & $0.0434926$ & $0.045994$ & $-0.030816$ & $-0.0204899$ & $-0.0207515$ & $-0.200957$ & $-0.121013$ & $0.941739$ & $-0.229587$ & $-0.047978$ & $-0.01713$ & $0.00481172$ & $0.00219738$ & $0.0127431$ & $-0.0126679$ & $-0.00892624$ & $-0.0118916$ & $0.00544983$ & $0.00569249$ & $0.0116126$ & $-0.00527573$ & $0.0319502$ & $-0.0254705$ & $0.00705301$ & $-0.0103679$ \\
CHWB & $-0.0217836$ & $-0.0716038$ & $-0.0136721$ & $-0.00888359$ & $-0.0105822$ & $-0.12235$ & $-0.0872849$ & $1$ & $0.981177$ & $-0.55544$ & $-0.868201$ & $0.0196277$ & $0.186321$ & $0.0745723$ & $0.27561$ & $0.284777$ & $-0.254486$ & $-0.428257$ & $-0.433939$ & $0.839412$ & $0.886243$ & $0.869958$ & $0.0883347$ & $-0.671477$ & $-0.398744$ & $-0.511051$ & $0.436014$ & $0.325325$ & $0.0125867$ & $0.0811619$ & $0.0523722$ & $-0.0861917$ & $0.0818579$ & $0.57687$ & $-0.0244172$ & $-0.0214533$ & $0.00152655$ & $-0.0345206$ & $0.0294935$ & $-0.00565329$ & $-0.0141111$ & $-0.0222569$ & $-0.00282704$ & $-0.00282834$ & $0.00851721$ & $-0.0019895$ & $0.0196893$ & $-0.0145553$ & $-0.00236307$ \\
CHWHB_gaga & $-0.0218145$ & $-0.0743159$ & $-0.0155619$ & $-0.0199683$ & $-0.0108708$ & $-0.12004$ & $-0.0327104$ & $0.981177$ & $1$ & $-0.541797$ & $-0.851676$ & $0.0324967$ & $0.174424$ & $0.0726314$ & $0.272157$ & $0.281255$ & $-0.250972$ & $-0.421564$ & $-0.42683$ & $0.823904$ & $0.86896$ & $0.853433$ & $0.0872797$ & $-0.659011$ & $-0.391981$ & $-0.503019$ & $0.426075$ & $0.319454$ & $0.0192629$ & $0.0982155$ & $0.0581156$ & $-0.0413372$ & $0.102868$ & $0.56383$ & $-0.0441338$ & $-0.0254524$ & $-0.00365572$ & $-0.0342082$ & $0.0253355$ & $-0.00290816$ & $-0.00812913$ & $-0.0234917$ & $0.0682414$ & $-0.00108551$ & $0.00760034$ & $0.000605254$ & $0.00997188$ & $-0.0102543$ & $0.00694516$ \\
CHWHB_gagaorth & $-0.00909839$ & $0.0287416$ & $-0.0127987$ & $0.00862274$ & $-0.0243092$ & $0.0204142$ & $0.115624$ & $-0.55544$ & $-0.541797$ & $1$ & $0.374892$ & $0.0854914$ & $-0.249687$ & $0.151401$ & $-0.11992$ & $-0.118643$ & $0.354739$ & $0.408003$ & $0.406653$ & $-0.359934$ & $-0.390485$ & $-0.385878$ & $-0.0557296$ & $0.501247$ & $0.39657$ & $0.222604$ & $-0.239864$ & $-0.157702$ & $-0.0208118$ & $-0.186659$ & $-0.0973468$ & $0.121505$ & $-0.19087$ & $-0.339086$ & $0.0712246$ & $0.00611766$ & $-0.0179336$ & $0.0238243$ & $0.00323695$ & $0.014655$ & $-0.0349393$ & $-0.00585438$ & $0.0167669$ & $0.017544$ & $0.00111759$ & $-0.00500602$ & $-0.0151345$ & $0.0140317$ & $0.00509179$ \\
CHD & $0.000348066$ & $0.0595042$ & $0.0312303$ & $0.00644037$ & $0.0273309$ & $0.184665$ & $0.0727126$ & $-0.868201$ & $-0.851676$ & $0.374892$ & $1$ & $0.0344094$ & $-0.136668$ & $-0.514585$ & $-0.402214$ & $-0.403804$ & $-0.226053$ & $0.0350202$ & $0.0388953$ & $-0.989983$ & $-0.991114$ & $-0.970604$ & $-0.0337262$ & $0.283943$ & $-0.00440534$ & $0.574992$ & $-0.303666$ & $-0.347346$ & $-0.00825665$ & $-0.0827549$ & $-0.0456791$ & $0.0752199$ & $-0.0915783$ & $-0.373067$ & $0.0165895$ & $0.0349109$ & $-0.0036131$ & $0.0369853$ & $-0.0252901$ & $-0.00669454$ & $0.0148675$ & $0.017617$ & $-0.00336086$ & $-0.000258325$ & $-0.0130209$ & $0.00614978$ & $-0.0193832$ & $0.0200025$ & $-0.0127717$ \\
CHbox & $0.0350474$ & $-0.0082079$ & $-0.0378649$ & $-0.00492916$ & $-0.00706408$ & $0.0121658$ & $-0.32859$ & $0.0196277$ & $0.0324967$ & $0.0854914$ & $0.0344094$ & $1$ & $0.762169$ & $-0.110644$ & $0.0277156$ & $0.0285446$ & $-0.108524$ & $-0.11343$ & $-0.113127$ & $-0.0252932$ & $-0.0377248$ & $-0.0310712$ & $-0.000922516$ & $-0.0708899$ & $-0.109794$ & $0.0110527$ & $-0.0259705$ & $-0.00461524$ & $0.07272$ & $0.437252$ & $0.16533$ & $-0.235711$ & $0.507235$ & $-0.00859428$ & $0.0755814$ & $0.0115887$ & $-0.00948048$ & $-0.0127144$ & $0.0330733$ & $0.0127141$ & $0.0111277$ & $-0.0255498$ & $0.012555$ & $-0.0226318$ & $-0.0222228$ & $-0.0274315$ & $-0.00861637$ & $0.0159695$ & $0.0123512$ \\
CH & $0.0404608$ & $-0.0366367$ & $-0.0309521$ & $0.00231474$ & $-0.00882713$ & $-0.0113582$ & $-0.441155$ & $0.186321$ & $0.174424$ & $-0.249687$ & $-0.136668$ & $0.762169$ & $1$ & $-0.0349797$ & $0.0498334$ & $0.0508346$ & $-0.0958514$ & $-0.121826$ & $-0.121501$ & $0.132916$ & $0.139551$ & $0.143147$ & $0.0146093$ & $-0.157881$ & $-0.124131$ & $-0.0866259$ & $0.0687996$ & $0.0498804$ & $0.0594517$ & $0.36431$ & $0.177543$ & $-0.399286$ & $0.432884$ & $0.107955$ & $-0.0118997$ & $-0.0129825$ & $0.00321877$ & $-0.0128202$ & $0.0281901$ & $0.00606309$ & $0.0219604$ & $-0.0210482$ & $0.0137118$ & $-0.0186866$ & $-0.0225922$ & $-0.0202354$ & $-0.00668486$ & $0.0151201$ & $0.0103252$ \\
CHL1_11 & $0.0208436$ & $-0.0362406$ & $-0.0244112$ & $-0.000364186$ & $-0.0158241$ & $0.010373$ & $0.00356203$ & $0.0745723$ & $0.0726314$ & $0.151401$ & $-0.514585$ & $-0.110644$ & $-0.0349797$ & $1$ & $0.256563$ & $0.251292$ & $0.693122$ & $0.6331$ & $0.628442$ & $0.530092$ & $0.47525$ & $0.460226$ & $-0.0709358$ & $0.501304$ & $0.627729$ & $-0.278343$ & $-0.0866337$ & $0.146732$ & $0.00397221$ & $0.0228155$ & $0.002022$ & $-0.00594166$ & $0.0413452$ & $-0.209195$ & $0.00315493$ & $-0.04121$ & $0.0070596$ & $-0.0145021$ & $0.00154351$ & $0.0155073$ & $-0.0021448$ & $0.00413706$ & $0.0135497$ & $0.0143814$ & $0.0153296$ & $-0.0061952$ & $0.00504255$ & $-0.00861462$ & $0.0215059$ \\
CHL1_22 & $-0.0201908$ & $-0.010773$ & $-0.00880561$ & $0.003481$ & $-0.00213688$ & $-0.0817484$ & $-0.0302444$ & $0.27561$ & $0.272157$ & $-0.11992$ & $-0.402214$ & $0.0277156$ & $0.0498334$ & $0.256563$ & $1$ & $0.45248$ & $0.162519$ & $-0.425317$ & $-0.0231552$ & $0.471707$ & $0.318539$ & $0.312259$ & $-0.166317$ & $0.119479$ & $-0.132368$ & $-0.194272$ & $-0.411321$ & $0.103153$ & $0.000990575$ & $0.0350605$ & $0.0302621$ & $-0.0282127$ & $0.0485167$ & $-0.597336$ & $-0.0179334$ & $-0.00957536$ & $0.0133451$ & $-0.0116103$ & $0.0238498$ & $0.00713206$ & $-0.0235864$ & $-0.0314396$ & $0.0133111$ & $-0.0208293$ & $0.00264516$ & $-0.0436205$ & $0.0266581$ & $-0.020707$ & $0.0302079$ \\
CHL1_33 & $-0.0177453$ & $0.0104626$ & $-0.0131781$ & $0.00127123$ & $-0.0219283$ & $-0.070977$ & $-0.0465912$ & $0.284777$ & $0.281255$ & $-0.118643$ & $-0.403804$ & $0.0285446$ & $0.0508346$ & $0.251292$ & $0.45248$ & $1$ & $0.144508$ & $-0.0350851$ & $-0.416503$ & $0.471366$ & $0.322513$ & $0.341378$ & $-0.164603$ & $0.104448$ & $-0.135352$ & $-0.199395$ & $-0.392226$ & $0.11284$ & $0.00831102$ & $0.0367026$ & $0.0368086$ & $-0.0435086$ & $0.0533561$ & $-0.110797$ & $0.0031994$ & $-0.016811$ & $0.0107544$ & $-0.0154551$ & $0.00670931$ & $0.000993824$ & $-0.0149886$ & $-0.0146768$ & $0.0154105$ & $-0.0130042$ & $0.0114836$ & $-0.0334813$ & $0.0256099$ & $0.00517891$ & $0.0299012$ \\
CHL3_11 & $0.0185256$ & $0.0169748$ & $-0.0220219$ & $0.0024279$ & $-0.00964392$ & $-0.249135$ & $0.0237362$ & $-0.254486$ & $-0.250972$ & $0.354739$ & $-0.226053$ & $-0.108524$ & $-0.0958514$ & $0.693122$ & $0.162519$ & $0.144508$ & $1$ & $0.758992$ & $0.766487$ & $0.246937$ & $0.19366$ & $0.185546$ & $-0.0684126$ & $0.697759$ & $0.795494$ & $-0.112255$ & $-0.151793$ & $0.0358127$ & $-0.014397$ & $0.00568416$ & $-0.0105967$ & $0.0167898$ & $0.0142398$ & $-0.261245$ & $0.012655$ & $-0.0166345$ & $-0.00101899$ & $-0.00558793$ & $-0.00747548$ & $0.0245923$ & $-0.00142948$ & $0.00952459$ & $0.00163925$ & $0.00538732$ & $0.0121976$ & $0.00350098$ & $0.000658875$ & $-0.0155735$ & $0.0261242$ \\
CHL3_22 & $0.0365875$ & $0.00679533$ & $-0.0180892$ & $0.00114244$ & $-0.0124538$ & $-0.0507355$ & $0.0448541$ & $-0.428257$ & $-0.421564$ & $0.408003$ & $0.0350202$ & $-0.11343$ & $-0.121826$ & $0.6331$ & $-0.425317$ & $-0.0350851$ & $0.758992$ & $1$ & $0.703749$ & $-0.0406513$ & $-0.0315331$ & $-0.0327424$ & $0.00113516$ & $0.63796$ & $0.811808$ & $0.0191899$ & $0.00370772$ & $-0.0328729$ & $-0.00841999$ & $-0.0199443$ & $-0.0282776$ & $0.0367372$ & $-0.0142706$ & $0.0174978$ & $0.0258091$ & $-0.0193371$ & $-0.00227526$ & $0.00318086$ & $-0.0234176$ & $0.0160146$ & $0.0125373$ & $0.0295097$ & $0.00392539$ & $0.0220034$ & $0.0106413$ & $0.0203656$ & $-0.015514$ & $0.00335945$ & $0.00817115$ \\
CHL3_33 & $0.0299908$ & $-0.00415593$ & $-0.0108008$ & $0.000599097$ & $-0.00149151$ & $-0.0597397$ & $0.0532782$ & $-0.433939$ & $-0.42683$ & $0.406653$ & $0.0388953$ & $-0.113127$ & $-0.121501$ & $0.628442$ & $-0.0231552$ & $-0.416503$ & $0.766487$ & $0.703749$ & $1$ & $-0.0431868$ & $-0.0356624$ & $-0.0356324$ & $0.00242119$ & $0.644625$ & $0.81142$ & $0.0234718$ & $-0.00543472$ & $-0.0397318$ & $-0.00888348$ & $-0.0177763$ & $-0.030535$ & $0.0446991$ & $-0.0145926$ & $-0.341096$ & $0.00396356$ & $-0.0129531$ & $-0.00524513$ & $0.00457473$ & $-0.00951873$ & $0.0220874$ & $0.00662862$ & $0.0167135$ & $0.00203695$ & $0.015976$ & $0.00121046$ & $0.0142453$ & $-0.00971627$ & $-0.015155$ & $0.0106177$ \\
CHe_11 & $-0.00738569$ & $-0.0331495$ & $-0.0212708$ & $-0.00417386$ & $-0.0199769$ & $-0.181766$ & $-0.0698911$ & $0.839412$ & $0.823904$ & $-0.359934$ & $-0.989983$ & $-0.0252932$ & $0.132916$ & $0.530092$ & $0.471707$ & $0.471366$ & $0.246937$ & $-0.0406513$ & $-0.0431868$ & $1$ & $0.972157$ & $0.95319$ & $0.00931286$ & $-0.231721$ & $0.00705234$ & $-0.566302$ & $0.225382$ & $0.340661$ & $0.00891923$ & $0.0821023$ & $0.0460392$ & $-0.0718343$ & $0.0940091$ & $0.292408$ & $-0.014578$ & $-0.0376648$ & $0.00424961$ & $-0.0345319$ & $0.0218416$ & $0.00658849$ & $-0.0181097$ & $-0.018411$ & $0.00382372$ & $-0.00456708$ & $0.0102797$ & $-0.0135639$ & $0.018868$ & $-0.0192177$ & $0.0185791$ \\
CHe_22 & $-0.00979965$ & $-0.0373246$ & $-0.0186926$ & $-0.00676771$ & $-0.0149645$ & $-0.186934$ & $-0.0729919$ & $0.886243$ & $0.86896$ & $-0.390485$ & $-0.991114$ & $-0.0377248$ & $0.139551$ & $0.47525$ & $0.318539$ & $0.322513$ & $0.19366$ & $-0.0315331$ & $-0.0356624$ & $0.972157$ & $1$ & $0.975658$ & $0.0623113$ & $-0.338408$ & $-0.00068013$ & $-0.576425$ & $0.38489$ & $0.351966$ & $0.0071215$ & $0.0825042$ & $0.0436005$ & $-0.0758465$ & $0.0898464$ & $0.458705$ & $-0.0165067$ & $-0.0354752$ & $0.000199428$ & $-0.0377809$ & $0.0215545$ & $0.00549803$ & $-0.0129811$ & $-0.0165481$ & $-0.00260869$ & $0.000241505$ & $0.0110838$ & $-0.0019249$ & $0.0157358$ & $-0.0172401$ & $0.00854961$ \\
CHe_33 & $-0.00755813$ & $-0.0295602$ & $-0.0182161$ & $-0.0137299$ & $-0.0224578$ & $-0.182004$ & $-0.0754549$ & $0.869958$ & $0.853433$ & $-0.385878$ & $-0.970604$ & $-0.0310712$ & $0.143147$ & $0.460226$ & $0.312259$ & $0.341378$ & $0.185546$ & $-0.0327424$ & $-0.0356324$ & $0.95319$ & $0.975658$ & $1$ & $0.0647534$ & $-0.333853$ & $-0.00350576$ & $-0.566018$ & $0.377556$ & $0.345695$ & $0.0127411$ & $0.0861648$ & $0.0513623$ & $-0.0760399$ & $0.097076$ & $0.45356$ & $-0.0211232$ & $-0.0344254$ & $-0.00567152$ & $-0.0319504$ & $0.0208305$ & $0.00675436$ & $-0.0123555$ & $-0.0158263$ & $-0.00422731$ & $-0.0036754$ & $0.00753991$ & $-0.005323$ & $0.0246159$ & $-0.0131651$ & $0.013091$ \\
CHQ1_11 & $-0.0299004$ & $0.00977685$ & $0.00567723$ & $-0.0143024$ & $-0.000371252$ & $-0.0104667$ & $-0.0148068$ & $0.0883347$ & $0.0872797$ & $-0.0557296$ & $-0.0337262$ & $-0.000922516$ & $0.0146093$ & $-0.0709358$ & $-0.166317$ & $-0.164603$ & $-0.0684126$ & $0.00113516$ & $0.00242119$ & $0.00931286$ & $0.0623113$ & $0.0647534$ & $1$ & $-0.145488$ & $0.0770134$ & $-0.678134$ & $0.351852$ & $0.00899051$ & $0.00583809$ & $0.0124556$ & $-0.00503188$ & $-0.0154453$ & $0.0124055$ & $0.211334$ & $0.00475164$ & $-0.0200325$ & $-0.0247298$ & $0.00436014$ & $0.0209357$ & $-0.00644423$ & $-0.00297881$ & $0.00792381$ & $0.00173412$ & $0.00257141$ & $0.00197038$ & $0.00710192$ & $0.016144$ & $0.0169639$ & $0.00255436$ \\
CHQ1_33 & $-0.0358293$ & $0.0182757$ & $-0.0010757$ & $0.00342901$ & $-0.00629653$ & $0.00482926$ & $0.0619228$ & $-0.671477$ & $-0.659011$ & $0.501247$ & $0.283943$ & $-0.0708899$ & $-0.157881$ & $0.501304$ & $0.119479$ & $0.104448$ & $0.697759$ & $0.63796$ & $0.644625$ & $-0.231721$ & $-0.338408$ & $-0.333853$ & $-0.145488$ & $1$ & $0.657876$ & $0.195249$ & $-0.419085$ & $-0.0531704$ & $-0.0117225$ & $-0.0456667$ & $-0.0334872$ & $0.0537254$ & $-0.0362517$ & $-0.632454$ & $0.0138874$ & $-0.00977935$ & $0.0106204$ & $0.0168206$ & $-0.0148811$ & $0.0162003$ & $0.0037601$ & $0.0180472$ & $0.0157873$ & $0.0102736$ & $0.0144225$ & $-0.00045507$ & $-0.00616143$ & $-0.00203341$ & $0.0278287$ \\
CHQ3_11 & $-0.096157$ & $-0.00779013$ & $-0.00908193$ & $-0.0261243$ & $-0.0049552$ & $-0.0903796$ & $0.0434926$ & $-0.398744$ & $-0.391981$ & $0.39657$ & $-0.00440534$ & $-0.109794$ & $-0.124131$ & $0.627729$ & $-0.132368$ & $-0.135352$ & $0.795494$ & $0.811808$ & $0.81142$ & $0.00705234$ & $-0.00068013$ & $-0.00350576$ & $0.0770134$ & $0.657876$ & $1$ & $0.0106152$ & $0.203279$ & $-0.0435709$ & $-0.00313381$ & $-0.0130542$ & $-0.0286273$ & $0.0334061$ & $-0.00456237$ & $-0.196368$ & $0.000100805$ & $-0.0282677$ & $0.00972452$ & $0.00377613$ & $-0.0218514$ & $0.0107148$ & $-0.0117824$ & $0.0264223$ & $-0.0128739$ & $0.0144282$ & $0.0111209$ & $0.0266325$ & $-0.000693888$ & $-0.016616$ & $0.024888$ \\
CHu_11 & $-0.0249995$ & $0.00353361$ & $0.0189289$ & $0.00395915$ & $0.0170553$ & $0.101822$ & $0.045994$ & $-0.511051$ & $-0.503019$ & $0.222604$ & $0.574992$ & $0.0110527$ & $-0.0866259$ & $-0.278343$ & $-0.194272$ & $-0.199395$ & $-0.112255$ & $0.0191899$ & $0.0234718$ & $-0.566302$ & $-0.576425$ & $-0.566018$ & $-0.678134$ & $0.195249$ & $0.0106152$ & $1$ & $-0.176397$ & $-0.192044$ & $-0.00724007$ & $-0.0527264$ & $-0.0277866$ & $0.0471082$ & $-0.0642659$ & $-0.255695$ & $-0.00671347$ & $0.0489446$ & $0.0231265$ & $0.0138521$ & $-0.0422176$ & $-0.00478182$ & $-0.00167204$ & $0.00960021$ & $-0.024223$ & $-0.00432771$ & $0.00232092$ & $0.00729226$ & $-0.0258896$ & $-0.0127507$ & $-0.0145624$ \\
CHd_11 & $-0.0527891$ & $-0.0380542$ & $0.00744546$ & $-0.0379137$ & $0.00611383$ & $-0.0783098$ & $-0.030816$ & $0.436014$ & $0.426075$ & $-0.239864$ & $-0.303666$ & $-0.0259705$ & $0.0687996$ & $-0.0866337$ & $-0.411321$ & $-0.392226$ & $-0.151793$ & $0.00370772$ & $-0.00543472$ & $0.225382$ & $0.38489$ & $0.377556$ & $0.351852$ & $-0.419085$ & $0.203279$ & $-0.176397$ & $1$ & $0.112212$ & $0.00929613$ & $0.0353256$ & $0.00171386$ & $-0.0335092$ & $0.0275874$ & $0.697531$ & $-0.0176496$ & $-0.0105462$ & $-0.0049055$ & $-0.0102601$ & $0.00121711$ & $-0.0132784$ & $-0.00593785$ & $0.0197836$ & $-0.0370627$ & $0.0123817$ & $-0.000693134$ & $0.0491755$ & $-0.000660417$ & $-0.0127786$ & $-0.00341143$ \\
CHd_33 & $0.025791$ & $0.010617$ & $0.0136341$ & $0.00119108$ & $-0.0194906$ & $-0.0416909$ & $-0.0204899$ & $0.325325$ & $0.319454$ & $-0.157702$ & $-0.347346$ & $-0.00461524$ & $0.0498804$ & $0.146732$ & $0.103153$ & $0.11284$ & $0.0358127$ & $-0.0328729$ & $-0.0397318$ & $0.340661$ & $0.351966$ & $0.345695$ & $0.00899051$ & $-0.0531704$ & $-0.0435709$ & $-0.192044$ & $0.112212$ & $1$ & $-0.00958411$ & $0.0252867$ & $0.0273832$ & $-0.0233591$ & $0.034925$ & $0.178003$ & $0.00708298$ & $-0.00347569$ & $-0.00300869$ & $-0.0191838$ & $0.032325$ & $0.0160791$ & $0.0136609$ & $-0.0165176$ & $-0.00338232$ & $-0.0122935$ & $0.00848154$ & $-0.00243342$ & $0.00613001$ & $-0.00842044$ & $0.00644922$ \\
CeH_22r & $-0.000114216$ & $-0.0372803$ & $0.0108288$ & $-0.00847018$ & $-0.0147848$ & $0.0202781$ & $-0.0207515$ & $0.0125867$ & $0.0192629$ & $-0.0208118$ & $-0.00825665$ & $0.07272$ & $0.0594517$ & $0.00397221$ & $0.000990575$ & $0.00831102$ & $-0.014397$ & $-0.00841999$ & $-0.00888348$ & $0.00891923$ & $0.0071215$ & $0.0127411$ & $0.00583809$ & $-0.0117225$ & $-0.00313381$ & $-0.00724007$ & $0.00929613$ & $-0.00958411$ & $1$ & $0.0461795$ & $0.00603671$ & $-0.0357769$ & $0.0491029$ & $0.00152848$ & $-0.0258637$ & $-0.00410683$ & $-0.0156759$ & $0.000603568$ & $0.0184027$ & $-0.00920309$ & $0.00170522$ & $-0.0146285$ & $0.0121059$ & $0.0228938$ & $-0.00745887$ & $-0.0187124$ & $0.0164417$ & $-0.012296$ & $0.00801935$ \\
CeH_33r & $0.0353391$ & $-0.0145281$ & $-0.0281316$ & $-0.0368803$ & $-0.00456318$ & $-0.0134994$ & $-0.200957$ & $0.0811619$ & $0.0982155$ & $-0.186659$ & $-0.0827549$ & $0.437252$ & $0.36431$ & $0.0228155$ & $0.0350605$ & $0.0367026$ & $0.00568416$ & $-0.0199443$ & $-0.0177763$ & $0.0821023$ & $0.0825042$ & $0.0861648$ & $0.0124556$ & $-0.0456667$ & $-0.0130542$ & $-0.0527264$ & $0.0353256$ & $0.0252867$ & $0.0461795$ & $1$ & $0.339882$ & $-0.0520286$ & $0.688041$ & $0.0395907$ & $-0.0546739$ & $-0.0201799$ & $-0.193103$ & $-0.0510777$ & $0.0177177$ & $-0.0136495$ & $-0.0125115$ & $-0.00849049$ & $-0.0247229$ & $-0.0109341$ & $0.0289291$ & $0.00834421$ & $-0.00471852$ & $0.0270737$ & $0.0282691$ \\
CuH_22r & $0.00419013$ & $-0.0376949$ & $-0.0313916$ & $-0.0176802$ & $0.00737859$ & $-0.0174746$ & $-0.121013$ & $0.0523722$ & $0.0581156$ & $-0.0973468$ & $-0.0456791$ & $0.16533$ & $0.177543$ & $0.002022$ & $0.0302621$ & $0.0368086$ & $-0.0105967$ & $-0.0282776$ & $-0.030535$ & $0.0460392$ & $0.0436005$ & $0.0513623$ & $-0.00503188$ & $-0.0334872$ & $-0.0286273$ & $-0.0277866$ & $0.00171386$ & $0.0273832$ & $0.00603671$ & $0.339882$ & $1$ & $-0.030871$ & $0.401425$ & $0.0194821$ & $-0.00345799$ & $-0.0159784$ & $-0.0898816$ & $-0.0274144$ & $0.0357636$ & $0.0100044$ & $-0.0316115$ & $-0.015339$ & $-0.0375616$ & $-0.0535604$ & $-0.044745$ & $0.0835131$ & $0.380245$ & $0.0365719$ & $0.0896225$ \\
CuH_33r & $0.00246129$ & $0.0534398$ & $0.0717317$ & $-0.028116$ & $0.00691412$ & $0.0211231$ & $0.941739$ & $-0.0861917$ & $-0.0413372$ & $0.121505$ & $0.0752199$ & $-0.235711$ & $-0.399286$ & $-0.00594166$ & $-0.0282127$ & $-0.0435086$ & $0.0167898$ & $0.0367372$ & $0.0446991$ & $-0.0718343$ & $-0.0758465$ & $-0.0760399$ & $-0.0154453$ & $0.0537254$ & $0.0334061$ & $0.0471082$ & $-0.0335092$ & $-0.0233591$ & $-0.0357769$ & $-0.0520286$ & $-0.030871$ & $1$ & $-0.0584409$ & $-0.0470886$ & $0.057967$ & $0.0393671$ & $-0.0432938$ & $0.00589268$ & $0.00901456$ & $-0.0126377$ & $-0.0181412$ & $0.00345578$ & $-0.00882406$ & $0.00230952$ & $-0.0126143$ & $0.0294333$ & $-0.0209708$ & $0.00904814$ & $0.0069579$ \\
CdH_33r & $0.0415286$ & $0.033146$ & $-0.0180203$ & $-0.0351889$ & $0.00032987$ & $-0.0268596$ & $-0.229587$ & $0.0818579$ & $0.102868$ & $-0.19087$ & $-0.0915783$ & $0.507235$ & $0.432884$ & $0.0413452$ & $0.0485167$ & $0.0533561$ & $0.0142398$ & $-0.0142706$ & $-0.0145926$ & $0.0940091$ & $0.0898464$ & $0.097076$ & $0.0124055$ & $-0.0362517$ & $-0.00456237$ & $-0.0642659$ & $0.0275874$ & $0.034925$ & $0.0491029$ & $0.688041$ & $0.401425$ & $-0.0584409$ & $1$ & $0.0299971$ & $-0.0618262$ & $-0.078888$ & $-0.193182$ & $-0.0313019$ & $0.046852$ & $-0.0131062$ & $0.0331382$ & $-0.00811437$ & $0.0118641$ & $-0.017048$ & $-0.0202567$ & $0.0339111$ & $0.0770521$ & $0.151856$ & $0.447865$ \\
CLL_1221 & $-0.00577285$ & $0.0135466$ & $0.00234607$ & $-0.00817621$ & $-0.00583553$ & $-0.112155$ & $-0.047978$ & $0.57687$ & $0.56383$ & $-0.339086$ & $-0.373067$ & $-0.00859428$ & $0.107955$ & $-0.209195$ & $-0.597336$ & $-0.110797$ & $-0.261245$ & $0.0174978$ & $-0.341096$ & $0.292408$ & $0.458705$ & $0.45356$ & $0.211334$ & $-0.632454$ & $-0.196368$ & $-0.255695$ & $0.697531$ & $0.178003$ & $0.00152848$ & $0.0395907$ & $0.0194821$ & $-0.0470886$ & $0.0299971$ & $1$ & $0.00228045$ & $-0.00330214$ & $-0.0168487$ & $-0.0168581$ & $-0.000311535$ & $-0.00835676$ & $0.00992482$ & $0.00784512$ & $-0.0255625$ & $0.00368282$ & $-0.000552593$ & $0.0331155$ & $-0.0041736$ & $0.00809584$ & $-0.019876$ \\
eHggint & $0.0970246$ & $0.0759602$ & $-0.0218248$ & $0.123938$ & $0.0104178$ & $0.00619069$ & $-0.01713$ & $-0.0244172$ & $-0.0441338$ & $0.0712246$ & $0.0165895$ & $0.0755814$ & $-0.0118997$ & $0.00315493$ & $-0.0179334$ & $0.0031994$ & $0.012655$ & $0.0258091$ & $0.00396356$ & $-0.014578$ & $-0.0165067$ & $-0.0211232$ & $0.00475164$ & $0.0138874$ & $0.000100805$ & $-0.00671347$ & $-0.0176496$ & $0.00708298$ & $-0.0258637$ & $-0.0546739$ & $-0.00345799$ & $0.057967$ & $-0.0618262$ & $0.00228045$ & $1$ & $-0.0358889$ & $-0.00118767$ & $0.0179985$ & $0.0418407$ & $0.0192125$ & $0.0454447$ & $-0.00243178$ & $-0.0614103$ & $0.00238305$ & $0.0357416$ & $-0.0296745$ & $0.0354431$ & $0.00448464$ & $-0.00251085$ \\
eHggpar & $0.0456253$ & $0.0191916$ & $0.0553256$ & $-0.0202835$ & $0.0113331$ & $0.00805176$ & $0.00481172$ & $-0.0214533$ & $-0.0254524$ & $0.00611766$ & $0.0349109$ & $0.0115887$ & $-0.0129825$ & $-0.04121$ & $-0.00957536$ & $-0.016811$ & $-0.0166345$ & $-0.0193371$ & $-0.0129531$ & $-0.0376648$ & $-0.0354752$ & $-0.0344254$ & $-0.0200325$ & $-0.00977935$ & $-0.0282677$ & $0.0489446$ & $-0.0105462$ & $-0.00347569$ & $-0.00410683$ & $-0.0201799$ & $-0.0159784$ & $0.0393671$ & $-0.078888$ & $-0.00330214$ & $-0.0358889$ & $1$ & $-0.0160005$ & $0.0211411$ & $0.0333614$ & $0.000348506$ & $-0.0201082$ & $0.0446037$ & $0.0658542$ & $-0.0100888$ & $0.128864$ & $-0.0284402$ & $0.0391291$ & $-0.135565$ & $-0.0348585$ \\
eHWWint & $-0.0581365$ & $-0.0761155$ & $0.045661$ & $0.0271215$ & $0.0036022$ & $0.0191402$ & $0.00219738$ & $0.00152655$ & $-0.00365572$ & $-0.0179336$ & $-0.0036131$ & $-0.00948048$ & $0.00321877$ & $0.0070596$ & $0.0133451$ & $0.0107544$ & $-0.00101899$ & $-0.00227526$ & $-0.00524513$ & $0.00424961$ & $0.000199428$ & $-0.00567152$ & $-0.0247298$ & $0.0106204$ & $0.00972452$ & $0.0231265$ & $-0.0049055$ & $-0.00300869$ & $-0.0156759$ & $-0.193103$ & $-0.0898816$ & $-0.0432938$ & $-0.193182$ & $-0.0168487$ & $-0.00118767$ & $-0.0160005$ & $1$ & $-0.000152274$ & $-0.0989055$ & $0.0336707$ & $0.0458897$ & $-0.0281717$ & $0.133339$ & $-0.0654697$ & $0.0490307$ & $-0.0390468$ & $0.0214596$ & $-0.082864$ & $0.0374332$ \\
eHWWpar & $0.0120179$ & $0.040571$ & $0.0194613$ & $-0.0105725$ & $0.010669$ & $0.012107$ & $0.0127431$ & $-0.0345206$ & $-0.0342082$ & $0.0238243$ & $0.0369853$ & $-0.0127144$ & $-0.0128202$ & $-0.0145021$ & $-0.0116103$ & $-0.0154551$ & $-0.00558793$ & $0.00318086$ & $0.00457473$ & $-0.0345319$ & $-0.0377809$ & $-0.0319504$ & $0.00436014$ & $0.0168206$ & $0.00377613$ & $0.0138521$ & $-0.0102601$ & $-0.0191838$ & $0.000603568$ & $-0.0510777$ & $-0.0274144$ & $0.00589268$ & $-0.0313019$ & $-0.0168581$ & $0.0179985$ & $0.0211411$ & $-0.000152274$ & $1$ & $0.000452197$ & $-0.00461858$ & $0.0333374$ & $-0.0107714$ & $0.00980174$ & $0.0222035$ & $0.0127352$ & $-0.00160499$ & $-0.00762859$ & $-0.00905677$ & $0.0469437$ \\
eHZZint & $0.0593436$ & $-0.0800894$ & $-0.00141147$ & $0.0197217$ & $-0.0161175$ & $-0.030364$ & $-0.0126679$ & $0.0294935$ & $0.0253355$ & $0.00323695$ & $-0.0252901$ & $0.0330733$ & $0.0281901$ & $0.00154351$ & $0.0238498$ & $0.00670931$ & $-0.00747548$ & $-0.0234176$ & $-0.00951873$ & $0.0218416$ & $0.0215545$ & $0.0208305$ & $0.0209357$ & $-0.0148811$ & $-0.0218514$ & $-0.0422176$ & $0.00121711$ & $0.032325$ & $0.0184027$ & $0.0177177$ & $0.0357636$ & $0.00901456$ & $0.046852$ & $-0.000311535$ & $0.0418407$ & $0.0333614$ & $-0.0989055$ & $0.000452197$ & $1$ & $-0.0310349$ & $-0.0405348$ & $0.0226713$ & $-0.00732943$ & $-0.0639364$ & $-0.0237653$ & $0.0350041$ & $0.0547558$ & $0.0316245$ & $0.0662835$ \\
eHZZpar & $0.0101917$ & $0.00444289$ & $-0.00182269$ & $-0.0036158$ & $-0.027842$ & $0.000246889$ & $-0.00892624$ & $-0.00565329$ & $-0.00290816$ & $0.014655$ & $-0.00669454$ & $0.0127141$ & $0.00606309$ & $0.0155073$ & $0.00713206$ & $0.000993824$ & $0.0245923$ & $0.0160146$ & $0.0220874$ & $0.00658849$ & $0.00549803$ & $0.00675436$ & $-0.00644423$ & $0.0162003$ & $0.0107148$ & $-0.00478182$ & $-0.0132784$ & $0.0160791$ & $-0.00920309$ & $-0.0136495$ & $0.0100044$ & $-0.0126377$ & $-0.0131062$ & $-0.00835676$ & $0.0192125$ & $0.000348506$ & $0.0336707$ & $-0.00461858$ & $-0.0310349$ & $1$ & $0.032139$ & $0.0152976$ & $0.0284734$ & $0.0251202$ & $0.0210703$ & $-0.0131328$ & $0.00520525$ & $-0.00391369$ & $-0.00567514$ \\
eHZgaint & $0.0920584$ & $0.0301769$ & $0.0813377$ & $0.0566371$ & $-0.0249234$ & $-3.58989e-05$ & $-0.0118916$ & $-0.0141111$ & $-0.00812913$ & $-0.0349393$ & $0.0148675$ & $0.0111277$ & $0.0219604$ & $-0.0021448$ & $-0.0235864$ & $-0.0149886$ & $-0.00142948$ & $0.0125373$ & $0.00662862$ & $-0.0181097$ & $-0.0129811$ & $-0.0123555$ & $-0.00297881$ & $0.0037601$ & $-0.0117824$ & $-0.00167204$ & $-0.00593785$ & $0.0136609$ & $0.00170522$ & $-0.0125115$ & $-0.0316115$ & $-0.0181412$ & $0.0331382$ & $0.00992482$ & $0.0454447$ & $-0.0201082$ & $0.0458897$ & $0.0333374$ & $-0.0405348$ & $0.032139$ & $1$ & $0.00246658$ & $0.0965999$ & $0.00241766$ & $0.0423405$ & $-0.00683523$ & $-0.0591378$ & $-0.0887898$ & $0.128824$ \\
eHZgapar & $0.0274278$ & $-0.00342212$ & $-0.00703914$ & $-0.0149337$ & $-0.0304337$ & $0.00440438$ & $0.00544983$ & $-0.0222569$ & $-0.0234917$ & $-0.00585438$ & $0.017617$ & $-0.0255498$ & $-0.0210482$ & $0.00413706$ & $-0.0314396$ & $-0.0146768$ & $0.00952459$ & $0.0295097$ & $0.0167135$ & $-0.018411$ & $-0.0165481$ & $-0.0158263$ & $0.00792381$ & $0.0180472$ & $0.0264223$ & $0.00960021$ & $0.0197836$ & $-0.0165176$ & $-0.0146285$ & $-0.00849049$ & $-0.015339$ & $0.00345578$ & $-0.00811437$ & $0.00784512$ & $-0.00243178$ & $0.0446037$ & $-0.0281717$ & $-0.0107714$ & $0.0226713$ & $0.0152976$ & $0.00246658$ & $1$ & $0.00147037$ & $0.0123542$ & $0.00964387$ & $-0.0273366$ & $0.0112504$ & $0.0060058$ & $-0.00365829$ \\
eHgagaint & $0.0393177$ & $-0.123802$ & $-0.0800471$ & $-0.0856371$ & $-0.0046185$ & $0.00321882$ & $0.00569249$ & $-0.00282704$ & $0.0682414$ & $0.0167669$ & $-0.00336086$ & $0.012555$ & $0.0137118$ & $0.0135497$ & $0.0133111$ & $0.0154105$ & $0.00163925$ & $0.00392539$ & $0.00203695$ & $0.00382372$ & $-0.00260869$ & $-0.00422731$ & $0.00173412$ & $0.0157873$ & $-0.0128739$ & $-0.024223$ & $-0.0370627$ & $-0.00338232$ & $0.0121059$ & $-0.0247229$ & $-0.0375616$ & $-0.00882406$ & $0.0118641$ & $-0.0255625$ & $-0.0614103$ & $0.0658542$ & $0.133339$ & $0.00980174$ & $-0.00732943$ & $0.0284734$ & $0.0965999$ & $0.00147037$ & $1$ & $0.0416094$ & $0.0503782$ & $-0.00245242$ & $-0.0732417$ & $0.017679$ & $0.103087$ \\
eHmumuint & $0.0372524$ & $-0.144987$ & $-0.00195339$ & $0.0731575$ & $-0.0183949$ & $0.0167435$ & $0.0116126$ & $-0.00282834$ & $-0.00108551$ & $0.017544$ & $-0.000258325$ & $-0.0226318$ & $-0.0186866$ & $0.0143814$ & $-0.0208293$ & $-0.0130042$ & $0.00538732$ & $0.0220034$ & $0.015976$ & $-0.00456708$ & $0.000241505$ & $-0.0036754$ & $0.00257141$ & $0.0102736$ & $0.0144282$ & $-0.00432771$ & $0.0123817$ & $-0.0122935$ & $0.0228938$ & $-0.0109341$ & $-0.0535604$ & $0.00230952$ & $-0.017048$ & $0.00368282$ & $0.00238305$ & $-0.0100888$ & $-0.0654697$ & $0.0222035$ & $-0.0639364$ & $0.0251202$ & $0.00241766$ & $0.0123542$ & $0.0416094$ & $1$ & $0.111712$ & $0.0168466$ & $-0.115751$ & $-0.0627864$ & $-0.00209876$ \\
eHtautauint & $-0.0651252$ & $-0.106285$ & $0.0885772$ & $0.00178067$ & $0.0214859$ & $0.00658897$ & $-0.00527573$ & $0.00851721$ & $0.00760034$ & $0.00111759$ & $-0.0130209$ & $-0.0222228$ & $-0.0225922$ & $0.0153296$ & $0.00264516$ & $0.0114836$ & $0.0121976$ & $0.0106413$ & $0.00121046$ & $0.0102797$ & $0.0110838$ & $0.00753991$ & $0.00197038$ & $0.0144225$ & $0.0111209$ & $0.00232092$ & $-0.000693134$ & $0.00848154$ & $-0.00745887$ & $0.0289291$ & $-0.044745$ & $-0.0126143$ & $-0.0202567$ & $-0.000552593$ & $0.0357416$ & $0.128864$ & $0.0490307$ & $0.0127352$ & $-0.0237653$ & $0.0210703$ & $0.0423405$ & $0.00964387$ & $0.0503782$ & $0.111712$ & $1$ & $-0.0332677$ & $-0.0639917$ & $-0.0463967$ & $0.0681376$ \\
eHccint & $-0.0180153$ & $-0.0529815$ & $0.0635814$ & $-0.0831949$ & $-0.00464657$ & $-0.0114573$ & $0.0319502$ & $-0.0019895$ & $0.000605254$ & $-0.00500602$ & $0.00614978$ & $-0.0274315$ & $-0.0202354$ & $-0.0061952$ & $-0.0436205$ & $-0.0334813$ & $0.00350098$ & $0.0203656$ & $0.0142453$ & $-0.0135639$ & $-0.0019249$ & $-0.005323$ & $0.00710192$ & $-0.00045507$ & $0.0266325$ & $0.00729226$ & $0.0491755$ & $-0.00243342$ & $-0.0187124$ & $0.00834421$ & $0.0835131$ & $0.0294333$ & $0.0339111$ & $0.0331155$ & $-0.0296745$ & $-0.0284402$ & $-0.0390468$ & $-0.00160499$ & $0.0350041$ & $-0.0131328$ & $-0.00683523$ & $-0.0273366$ & $-0.00245242$ & $0.0168466$ & $-0.0332677$ & $1$ & $-0.0138437$ & $0.106779$ & $0.0439466$ \\
eHccpar & $-0.0414719$ & $-0.0287242$ & $-0.0906701$ & $-0.00596434$ & $-0.00620485$ & $-0.00653537$ & $-0.0254705$ & $0.0196893$ & $0.00997188$ & $-0.0151345$ & $-0.0193832$ & $-0.00861637$ & $-0.00668486$ & $0.00504255$ & $0.0266581$ & $0.0256099$ & $0.000658875$ & $-0.015514$ & $-0.00971627$ & $0.018868$ & $0.0157358$ & $0.0246159$ & $0.016144$ & $-0.00616143$ & $-0.000693888$ & $-0.0258896$ & $-0.000660417$ & $0.00613001$ & $0.0164417$ & $-0.00471852$ & $0.380245$ & $-0.0209708$ & $0.0770521$ & $-0.0041736$ & $0.0354431$ & $0.0391291$ & $0.0214596$ & $-0.00762859$ & $0.0547558$ & $0.00520525$ & $-0.0591378$ & $0.0112504$ & $-0.0732417$ & $-0.115751$ & $-0.0639917$ & $-0.0138437$ & $1$ & $0.0265258$ & $0.183825$ \\
eHbbint & $0.0342175$ & $0.0851309$ & $0.0107056$ & $-0.0823748$ & $-0.00967971$ & $0.0136748$ & $0.00705301$ & $-0.0145553$ & $-0.0102543$ & $0.0140317$ & $0.0200025$ & $0.0159695$ & $0.0151201$ & $-0.00861462$ & $-0.020707$ & $0.00517891$ & $-0.0155735$ & $0.00335945$ & $-0.015155$ & $-0.0192177$ & $-0.0172401$ & $-0.0131651$ & $0.0169639$ & $-0.00203341$ & $-0.016616$ & $-0.0127507$ & $-0.0127786$ & $-0.00842044$ & $-0.012296$ & $0.0270737$ & $0.0365719$ & $0.00904814$ & $0.151856$ & $0.00809584$ & $0.00448464$ & $-0.135565$ & $-0.082864$ & $-0.00905677$ & $0.0316245$ & $-0.00391369$ & $-0.0887898$ & $0.0060058$ & $0.017679$ & $-0.0627864$ & $-0.0463967$ & $0.106779$ & $0.0265258$ & $1$ & $-0.0653725$ \\
eHbbpar & $-0.00297161$ & $0.0686168$ & $0.0305762$ & $0.0102312$ & $-0.00318512$ & $-0.0288217$ & $-0.0103679$ & $-0.00236307$ & $0.00694516$ & $0.00509179$ & $-0.0127717$ & $0.0123512$ & $0.0103252$ & $0.0215059$ & $0.0302079$ & $0.0299012$ & $0.0261242$ & $0.00817115$ & $0.0106177$ & $0.0185791$ & $0.00854961$ & $0.013091$ & $0.00255436$ & $0.0278287$ & $0.024888$ & $-0.0145624$ & $-0.00341143$ & $0.00644922$ & $0.00801935$ & $0.0282691$ & $0.0896225$ & $0.0069579$ & $0.447865$ & $-0.019876$ & $-0.00251085$ & $-0.0348585$ & $0.0374332$ & $0.0469437$ & $0.0662835$ & $-0.00567514$ & $0.128824$ & $-0.00365829$ & $0.103087$ & $-0.00209876$ & $0.0681376$ & $0.0439466$ & $0.183825$ & $-0.0653725$ & $1$ \\
