 & AlsMz & dAle5Mz & mtop & mHl & Mz & CW & CHG & CHWB & CHWHB_gaga & CHWHB_gagaorth & CHD & CH & CHL1_11 & CHL1_22 & CHL1_33 & CHL3_11 & CHL3_22 & CHL3_33 & CHe_11 & CHe_22 & CHe_33 & CHQ1_11 & CHQ1_33 & CHQ3_11 & CHu_11 & CHd_11 & CHd_33 & CeH_22r & CeH_33r & CuH_22r & CuH_33r & CdH_33r & CLL_1221 & eHggint & eHggpar & eHWWint & eHWWpar & eHZZint & eHZZpar & eHZgaint & eHZgapar & eHgagaint & eHmumuint & eHtautauint & eHccint & eHccpar & eHbbint & eHbbpar \\
AlsMz & $1$ & $-0.168675$ & $0.0399512$ & $0.06752$ & $-0.0168344$ & $-0.0460802$ & $-0.0137447$ & $0.0458381$ & $0.0441478$ & $-0.0276414$ & $-0.0347733$ & $-0.0122652$ & $-0.0154237$ & $0.0151184$ & $0.0256518$ & $-0.0293586$ & $-0.0369928$ & $-0.0386548$ & $0.0286212$ & $0.0275784$ & $0.031235$ & $0.0525986$ & $-0.073644$ & $-0.0984848$ & $-0.0986981$ & $0.00720349$ & $0.00289204$ & $0.0328566$ & $-0.0311685$ & $0.0196704$ & $-0.0248815$ & $-0.0300863$ & $0.0179259$ & $0.181988$ & $0.0619093$ & $0.0343953$ & $0.0520606$ & $0.0643012$ & $0.0189046$ & $-0.0198235$ & $-0.0295518$ & $0.0365837$ & $-0.190374$ & $0.132253$ & $-0.2591$ & $0.177929$ & $-0.010303$ & $0.0667383$ \\
dAle5Mz & $-0.168675$ & $1$ & $-0.213397$ & $-0.0490404$ & $0.0144314$ & $0.0366566$ & $0.0164589$ & $-0.0343571$ & $-0.0203413$ & $-0.00131897$ & $0.0136753$ & $-0.0171895$ & $0.00897025$ & $0.000650286$ & $-0.0065174$ & $0.0269103$ & $0.0209005$ & $0.0215919$ & $0.00105205$ & $0.00064701$ & $0.000646836$ & $-0.0339389$ & $0.0142486$ & $0.0405083$ & $0.0265191$ & $0.00609663$ & $0.00522029$ & $0.0204124$ & $0.000989439$ & $-0.0190875$ & $0.0161892$ & $-0.0067528$ & $0.0180708$ & $-0.132397$ & $0.165967$ & $-0.132126$ & $-0.0166916$ & $-0.0154916$ & $-0.0198557$ & $0.0396369$ & $0.00499413$ & $0.251152$ & $0.063572$ & $0.0825467$ & $0.136815$ & $-0.0845805$ & $0.0997289$ & $-0.103146$ \\
mtop & $0.0399512$ & $-0.213397$ & $1$ & $0.0337551$ & $-0.00299712$ & $0.00104985$ & $-0.0337314$ & $0.012464$ & $0.00542935$ & $-0.0453843$ & $0.00348329$ & $0.0592181$ & $-0.00829367$ & $0.00428423$ & $-0.00760316$ & $-0.0241156$ & $-0.0216173$ & $-0.0169217$ & $-0.00280771$ & $-0.0026099$ & $-0.00216239$ & $0.030521$ & $-0.00598886$ & $-0.0205911$ & $-0.0217158$ & $0.00486183$ & $0.0156649$ & $-0.0118077$ & $0.0289376$ & $-0.0174637$ & $-0.0331316$ & $0.0639051$ & $-0.00655019$ & $0.234022$ & $-0.072027$ & $0.0175216$ & $-0.0195547$ & $-0.148029$ & $-0.00314219$ & $0.136202$ & $0.00115072$ & $-0.0388698$ & $0.0355859$ & $-0.121434$ & $-0.10745$ & $-0.0351973$ & $-0.183122$ & $0.188764$ \\
mHl & $0.06752$ & $-0.0490404$ & $0.0337551$ & $1$ & $0.0118228$ & $0.0083416$ & $-0.021137$ & $-0.037572$ & $-0.0383679$ & $0.0396701$ & $0.0225847$ & $0.0454653$ & $0.0189604$ & $-0.021266$ & $-0.0383056$ & $0.02836$ & $0.0384813$ & $0.0481899$ & $-0.0248144$ & $-0.022119$ & $-0.0200405$ & $0.0180127$ & $0.0347565$ & $0.0493199$ & $0.00772577$ & $0.0228653$ & $-0.0614282$ & $0.00742655$ & $0.0217158$ & $0.0410813$ & $-0.0141724$ & $-0.0263882$ & $-0.0212619$ & $-0.076407$ & $0.166825$ & $0.0899279$ & $0.0548885$ & $0.12453$ & $-0.0132793$ & $-0.0596435$ & $-0.00300668$ & $0.00468372$ & $0.173802$ & $0.0133479$ & $0.142354$ & $0.136877$ & $-0.0589016$ & $-0.159894$ \\
Mz & $-0.0168344$ & $0.0144314$ & $-0.00299712$ & $0.0118228$ & $1$ & $0.0217327$ & $-0.0510124$ & $-0.0348089$ & $-0.0291563$ & $0.034262$ & $0.0158566$ & $0.0360513$ & $0.042635$ & $0.0113607$ & $0.0286796$ & $0.0352154$ & $0.040644$ & $0.0266034$ & $-0.00618992$ & $-0.0129213$ & $-0.013041$ & $-0.0375036$ & $0.0549259$ & $0.0293194$ & $0.0209729$ & $-0.0554708$ & $-0.00836399$ & $0.0108012$ & $0.0471533$ & $0.044584$ & $-0.047117$ & $0.0561149$ & $-0.0478902$ & $-0.0333741$ & $0.0372955$ & $-0.043165$ & $0.0111455$ & $-0.012628$ & $-0.0296934$ & $0.0263629$ & $0.00537066$ & $0.0184185$ & $0.00531455$ & $0.00471241$ & $-0.00808978$ & $0.0382561$ & $0.0331961$ & $0.00928256$ \\
CW & $-0.0460802$ & $0.0366566$ & $0.00104985$ & $0.0083416$ & $0.0217327$ & $1$ & $0.00403258$ & $0.00151463$ & $0.00396962$ & $-0.0602332$ & $0.100133$ & $0.0143982$ & $0.0190011$ & $-0.0392296$ & $-0.0698882$ & $-0.343319$ & $-0.164805$ & $-0.145693$ & $-0.0975171$ & $-0.102209$ & $-0.101344$ & $-0.00165265$ & $-0.11811$ & $-0.19592$ & $0.0699636$ & $-0.0565226$ & $-0.0286087$ & $-0.0196536$ & $0.00306445$ & $-0.00391526$ & $0.00970178$ & $0.00668954$ & $-0.0918557$ & $-0.00467712$ & $-0.0301232$ & $0.0080501$ & $-0.00501699$ & $-0.0234735$ & $-0.0220143$ & $0.0297786$ & $-0.0121827$ & $0.0139904$ & $-0.0121524$ & $0.00739778$ & $0.0515348$ & $-0.0423837$ & $0.0699538$ & $0.00462282$ \\
CHG & $-0.0137447$ & $0.0164589$ & $-0.0337314$ & $-0.021137$ & $-0.0510124$ & $0.00403258$ & $1$ & $0.0204609$ & $0.040735$ & $0.0207028$ & $-0.00527354$ & $-0.72173$ & $-0.0235927$ & $0.00111749$ & $0.0246955$ & $-0.0301888$ & $-0.0287483$ & $-0.0400034$ & $0.00688084$ & $0.00534998$ & $0.0110888$ & $-0.0219148$ & $-0.0221068$ & $-0.0408119$ & $0.00457706$ & $-0.010875$ & $0.020892$ & $-0.122394$ & $-0.523708$ & $-0.278071$ & $0.950121$ & $-0.558077$ & $0.0186769$ & $-0.0841652$ & $-0.0513789$ & $0.0450653$ & $0.00795303$ & $0.0182114$ & $0.0220414$ & $0.0115916$ & $0.00246538$ & $0.00736598$ & $-0.0142281$ & $0.0438304$ & $0.0616638$ & $0.00935527$ & $0.0333743$ & $-0.0430251$ \\
CHWB & $0.0458381$ & $-0.0343571$ & $0.012464$ & $-0.037572$ & $-0.0348089$ & $0.00151463$ & $0.0204609$ & $1$ & $0.989673$ & $-0.516572$ & $-0.867578$ & $-0.0724043$ & $0.19703$ & $0.402698$ & $0.417853$ & $-0.297086$ & $-0.455158$ & $-0.456509$ & $0.848391$ & $0.88247$ & $0.87469$ & $0.0550898$ & $-0.675564$ & $-0.421494$ & $-0.581178$ & $0.43804$ & $0.362868$ & $7.72984e-06$ & $-0.00447543$ & $-0.00937534$ & $0.0181845$ & $0.0127765$ & $0.549937$ & $0.0240779$ & $-0.0165099$ & $0.0098787$ & $0.0203446$ & $0.0169782$ & $-0.000348244$ & $-0.0622672$ & $0.00442855$ & $-0.00184215$ & $0.00588555$ & $0.0450147$ & $-0.054097$ & $0.0137331$ & $-0.0279622$ & $0.053408$ \\
CHWHB_gaga & $0.0441478$ & $-0.0203413$ & $0.00542935$ & $-0.0383679$ & $-0.0291563$ & $0.00396962$ & $0.040735$ & $0.989673$ & $1$ & $-0.512043$ & $-0.857947$ & $-0.0585643$ & $0.194263$ & $0.400352$ & $0.413713$ & $-0.296323$ & $-0.453081$ & $-0.453889$ & $0.839313$ & $0.87254$ & $0.864788$ & $0.0536845$ & $-0.668904$ & $-0.419743$ & $-0.576031$ & $0.431031$ & $0.361434$ & $0.00934052$ & $0.0172139$ & $0.00438305$ & $0.0350674$ & $0.0372027$ & $0.542719$ & $0.00766027$ & $-0.0225889$ & $0.000816762$ & $0.0201318$ & $0.0212487$ & $0.000502541$ & $-0.0674285$ & $0.00828111$ & $0.0351926$ & $-0.000765871$ & $0.0467053$ & $-0.0457352$ & $0.0147578$ & $-0.0193575$ & $0.0545293$ \\
CHWHB_gagaorth & $-0.0276414$ & $-0.00131897$ & $-0.0453843$ & $0.0396701$ & $0.034262$ & $-0.0602332$ & $0.0207028$ & $-0.516572$ & $-0.512043$ & $1$ & $0.342249$ & $-0.0125648$ & $0.0954286$ & $-0.158976$ & $-0.186905$ & $0.355494$ & $0.408508$ & $0.422868$ & $-0.336449$ & $-0.3528$ & $-0.349556$ & $-0.0331849$ & $0.478573$ & $0.40402$ & $0.232398$ & $-0.214585$ & $-0.163311$ & $-0.0233667$ & $-0.140397$ & $-0.0675993$ & $0.0115505$ & $-0.160087$ & $-0.316094$ & $-0.0301096$ & $0.0151844$ & $0.001797$ & $-0.011663$ & $-0.000852992$ & $0.000353061$ & $-0.0142677$ & $-0.0240316$ & $0.00502035$ & $0.00429453$ & $-0.0348026$ & $0.0407589$ & $-0.0138458$ & $0.0344682$ & $-0.0315247$ \\
CHD & $-0.0347733$ & $0.0136753$ & $0.00348329$ & $0.0225847$ & $0.0158566$ & $0.100133$ & $-0.00527354$ & $-0.867578$ & $-0.857947$ & $0.342249$ & $1$ & $0.0412536$ & $-0.612386$ & $-0.53769$ & $-0.532312$ & $-0.186389$ & $0.0315718$ & $0.0269503$ & $-0.994308$ & $-0.994485$ & $-0.981244$ & $0.00669479$ & $0.26765$ & $-0.0205538$ & $0.655961$ & $-0.304849$ & $-0.394372$ & $-0.0188131$ & $-0.0276247$ & $-0.00404015$ & $4.80107e-05$ & $-0.0541281$ & $-0.332117$ & $0.00641755$ & $0.0219627$ & $0.0075679$ & $-0.00103634$ & $-0.0288084$ & $-0.0140829$ & $0.0778924$ & $-0.00266534$ & $-0.000308658$ & $-6.02576e-05$ & $-0.0251012$ & $0.0281823$ & $-0.00289882$ & $0.0339293$ & $-0.0271332$ \\
CH & $-0.0122652$ & $-0.0171895$ & $0.0592181$ & $0.0454653$ & $0.0360513$ & $0.0143982$ & $-0.72173$ & $-0.0724043$ & $-0.0585643$ & $-0.0125648$ & $0.0412536$ & $1$ & $0.0356847$ & $-0.0117904$ & $-0.0233507$ & $0.0566934$ & $0.0647982$ & $0.0685079$ & $-0.040141$ & $-0.0441853$ & $-0.0466127$ & $0.0168972$ & $0.0814664$ & $0.0751301$ & $0.0226097$ & $-0.0194338$ & $-0.0229138$ & $0.194113$ & $0.665788$ & $0.33629$ & $-0.634711$ & $0.700468$ & $-0.0587885$ & $0.0964133$ & $0.0248257$ & $-0.0330025$ & $-0.0077677$ & $0.00424306$ & $-0.015053$ & $-0.0319908$ & $0.00626616$ & $-0.0214301$ & $-0.0373601$ & $-0.0664798$ & $-0.0307428$ & $-0.0165574$ & $-0.00584177$ & $0.0327168$ \\
CHL1_11 & $-0.0154237$ & $0.00897025$ & $-0.00829367$ & $0.0189604$ & $0.042635$ & $0.0190011$ & $-0.0235927$ & $0.19703$ & $0.194263$ & $0.0954286$ & $-0.612386$ & $0.0356847$ & $1$ & $0.385318$ & $0.355389$ & $0.617097$ & $0.586929$ & $0.592854$ & $0.626659$ & $0.58106$ & $0.565186$ & $-0.0958675$ & $0.440884$ & $0.601277$ & $-0.382507$ & $-0.0713376$ & $0.212093$ & $0.0362622$ & $0.0665694$ & $0.0280022$ & $-0.0285345$ & $0.0903585$ & $-0.217156$ & $-0.0490772$ & $-0.028884$ & $-0.0368743$ & $-0.024959$ & $0.0217557$ & $0.0224232$ & $-0.0364991$ & $0.00245057$ & $-0.015829$ & $-0.0108024$ & $-0.0197838$ & $0.0362908$ & $-0.0195994$ & $-0.013232$ & $-0.0245135$ \\
CHL1_22 & $0.0151184$ & $0.000650286$ & $0.00428423$ & $-0.021266$ & $0.0113607$ & $-0.0392296$ & $0.00111749$ & $0.402698$ & $0.400352$ & $-0.158976$ & $-0.53769$ & $-0.0117904$ & $0.385318$ & $1$ & $0.515157$ & $0.164936$ & $-0.323909$ & $0.00925644$ & $0.585575$ & $0.475739$ & $0.469002$ & $-0.19321$ & $0.0605449$ & $-0.0579858$ & $-0.302432$ & $-0.311645$ & $0.188215$ & $0.0235261$ & $0.0082599$ & $-0.00430099$ & $0.00555134$ & $0.0213098$ & $-0.503528$ & $-0.0193033$ & $-0.00784718$ & $0.00347011$ & $0.000210189$ & $-0.00323227$ & $0.0318201$ & $-0.0614907$ & $-0.00671822$ & $-0.00850033$ & $-0.0150173$ & $0.00849771$ & $0.00279747$ & $0.0191273$ & $-0.0151391$ & $0.000541255$ \\
CHL1_33 & $0.0256518$ & $-0.0065174$ & $-0.00760316$ & $-0.0383056$ & $0.0286796$ & $-0.0698882$ & $0.0246955$ & $0.417853$ & $0.413713$ & $-0.186905$ & $-0.532312$ & $-0.0233507$ & $0.355389$ & $0.515157$ & $1$ & $0.130235$ & $-0.0306143$ & $-0.330538$ & $0.578175$ & $0.47355$ & $0.488151$ & $-0.183216$ & $0.0287399$ & $-0.0859847$ & $-0.30994$ & $-0.287116$ & $0.184614$ & $0.040668$ & $0.00905407$ & $-0.00114397$ & $0.0270406$ & $0.032314$ & $-0.0371745$ & $0.000811535$ & $-0.0573489$ & $-0.00979913$ & $-0.00600527$ & $0.00170178$ & $0.0334926$ & $-0.0512249$ & $-0.00562456$ & $-0.0110613$ & $-0.0196872$ & $-0.0159647$ & $-0.0167946$ & $0.011941$ & $-0.000651479$ & $0.0142268$ \\
CHL3_11 & $-0.0293586$ & $0.0269103$ & $-0.0241156$ & $0.02836$ & $0.0352154$ & $-0.343319$ & $-0.0301888$ & $-0.297086$ & $-0.296323$ & $0.355494$ & $-0.186389$ & $0.0566934$ & $0.617097$ & $0.164936$ & $0.130235$ & $1$ & $0.815387$ & $0.825432$ & $0.201046$ & $0.161873$ & $0.153525$ & $-0.0750818$ & $0.757278$ & $0.862618$ & $-0.1121$ & $-0.171043$ & $0.0395827$ & $0.0278258$ & $0.0542487$ & $0.0170895$ & $-0.0371034$ & $0.0711874$ & $-0.296355$ & $-0.0539055$ & $-0.00316779$ & $-0.0224463$ & $-0.0366803$ & $0.0255884$ & $0.0288299$ & $-0.0320862$ & $-0.00465831$ & $0.0145526$ & $-0.00164664$ & $-0.0427469$ & $0.0412122$ & $-0.0258487$ & $-0.0285698$ & $-0.0479365$ \\
CHL3_22 & $-0.0369928$ & $0.0209005$ & $-0.0216173$ & $0.0384813$ & $0.040644$ & $-0.164805$ & $-0.0287483$ & $-0.455158$ & $-0.453081$ & $0.408508$ & $0.0315718$ & $0.0647982$ & $0.586929$ & $-0.323909$ & $-0.0306143$ & $0.815387$ & $1$ & $0.782281$ & $-0.0313938$ & $-0.0347024$ & $-0.0400053$ & $-0.0108095$ & $0.728781$ & $0.864276$ & $0.0148374$ & $-0.0718672$ & $-0.0368743$ & $0.0233764$ & $0.0571013$ & $0.0288062$ & $-0.0368842$ & $0.0694456$ & $-0.0933843$ & $-0.0437728$ & $-0.0140994$ & $-0.0333539$ & $-0.0370194$ & $0.0235721$ & $0.0106157$ & $0.0055586$ & $0.00208757$ & $0.003308$ & $-0.00175699$ & $-0.0471241$ & $0.044533$ & $-0.0324768$ & $-0.0052761$ & $-0.0457677$ \\
CHL3_33 & $-0.0386548$ & $0.0215919$ & $-0.0169217$ & $0.0481899$ & $0.0266034$ & $-0.145693$ & $-0.0400034$ & $-0.456509$ & $-0.453889$ & $0.422868$ & $0.0269503$ & $0.0685079$ & $0.592854$ & $0.00925644$ & $-0.330538$ & $0.825432$ & $0.782281$ & $1$ & $-0.0252347$ & $-0.0320338$ & $-0.0382381$ & $-0.0180508$ & $0.738577$ & $0.868713$ & $0.021424$ & $-0.0842866$ & $-0.0333165$ & $0.0117252$ & $0.0530976$ & $0.02196$ & $-0.0471569$ & $0.0558203$ & $-0.40625$ & $-0.058473$ & $0.0157719$ & $-0.0291614$ & $-0.0350652$ & $0.0163734$ & $0.00963778$ & $0.00461256$ & $0.00378732$ & $0.00502484$ & $0.00338481$ & $-0.0310551$ & $0.0589564$ & $-0.0323698$ & $-0.0218829$ & $-0.0528833$ \\
CHe_11 & $0.0286212$ & $0.00105205$ & $-0.00280771$ & $-0.0248144$ & $-0.00618992$ & $-0.0975171$ & $0.00688084$ & $0.848391$ & $0.839313$ & $-0.336449$ & $-0.994308$ & $-0.040141$ & $0.626659$ & $0.585575$ & $0.578175$ & $0.201046$ & $-0.0313938$ & $-0.0252347$ & $1$ & $0.983107$ & $0.970161$ & $-0.030931$ & $-0.229118$ & $0.0265222$ & $-0.646712$ & $0.245243$ & $0.391373$ & $0.0208712$ & $0.0272118$ & $0.00580282$ & $0.00208222$ & $0.054314$ & $0.270833$ & $-0.00803724$ & $-0.0216855$ & $-0.0112131$ & $-0.000672437$ & $0.0260822$ & $0.0166447$ & $-0.0803464$ & $0.0022739$ & $0.00172545$ & $-0.00111477$ & $0.0219726$ & $-0.0237602$ & $0.00522593$ & $-0.030832$ & $0.0262354$ \\
CHe_22 & $0.0275784$ & $0.00064701$ & $-0.0026099$ & $-0.022119$ & $-0.0129213$ & $-0.102209$ & $0.00534998$ & $0.88247$ & $0.87254$ & $-0.3528$ & $-0.994485$ & $-0.0441853$ & $0.58106$ & $0.475739$ & $0.47355$ & $0.161873$ & $-0.0347024$ & $-0.0320338$ & $0.983107$ & $1$ & $0.984388$ & $0.0198573$ & $-0.311553$ & $0.0093079$ & $-0.659152$ & $0.369576$ & $0.397268$ & $0.0156481$ & $0.0258699$ & $0.00257052$ & $-0.000921032$ & $0.0518135$ & $0.402511$ & $-0.00795414$ & $-0.0178729$ & $-0.00988656$ & $0.00235816$ & $0.0286447$ & $0.00982078$ & $-0.0740577$ & $0.00250647$ & $0.0048457$ & $0.00506351$ & $0.0272946$ & $-0.0266135$ & $-0.00177095$ & $-0.0361827$ & $0.0291667$ \\
CHe_33 & $0.031235$ & $0.000646836$ & $-0.00216239$ & $-0.0200405$ & $-0.013041$ & $-0.101344$ & $0.0110888$ & $0.87469$ & $0.864788$ & $-0.349556$ & $-0.981244$ & $-0.0466127$ & $0.565186$ & $0.469002$ & $0.488151$ & $0.153525$ & $-0.0400053$ & $-0.0382381$ & $0.970161$ & $0.984388$ & $1$ & $0.0108046$ & $-0.311133$ & $0.00356472$ & $-0.643479$ & $0.368643$ & $0.393757$ & $0.0169387$ & $0.0257212$ & $0.000674583$ & $0.00614824$ & $0.0489886$ & $0.403944$ & $-0.00486579$ & $-0.0178622$ & $-0.0146111$ & $0.000132943$ & $0.0224474$ & $0.00962344$ & $-0.0705768$ & $0.0110478$ & $0.00696097$ & $0.00625537$ & $0.0271777$ & $-0.0319782$ & $5.61681e-06$ & $-0.0407657$ & $0.026968$ \\
CHQ1_11 & $0.0525986$ & $-0.0339389$ & $0.030521$ & $0.0180127$ & $-0.0375036$ & $-0.00165265$ & $-0.0219148$ & $0.0550898$ & $0.0536845$ & $-0.0331849$ & $0.00669479$ & $0.0168972$ & $-0.0958675$ & $-0.19321$ & $-0.183216$ & $-0.0750818$ & $-0.0108095$ & $-0.0180508$ & $-0.030931$ & $0.0198573$ & $0.0108046$ & $1$ & $-0.144142$ & $0.0395446$ & $-0.609026$ & $0.367092$ & $0.00152669$ & $-0.0248069$ & $-0.00445513$ & $-0.00738167$ & $-0.0273107$ & $-0.00629159$ & $0.223761$ & $0.00615139$ & $-0.0024768$ & $-0.000617328$ & $-0.00661165$ & $-0.00394813$ & $0.00919822$ & $0.0418855$ & $-0.0126275$ & $0.0329549$ & $0.0236247$ & $-0.000537099$ & $-0.0158954$ & $0.0234734$ & $-0.0114166$ & $-0.00607723$ \\
CHQ1_33 & $-0.073644$ & $0.0142486$ & $-0.00598886$ & $0.0347565$ & $0.0549259$ & $-0.11811$ & $-0.0221068$ & $-0.675564$ & $-0.668904$ & $0.478573$ & $0.26765$ & $0.0814664$ & $0.440884$ & $0.0605449$ & $0.0287399$ & $0.757278$ & $0.728781$ & $0.738577$ & $-0.229118$ & $-0.311553$ & $-0.311133$ & $-0.144142$ & $1$ & $0.745881$ & $0.208092$ & $-0.440594$ & $-0.0598598$ & $0.0315855$ & $0.0445184$ & $0.0239353$ & $-0.0213067$ & $0.0534611$ & $-0.6417$ & $-0.0434006$ & $-0.0151432$ & $-0.0218667$ & $-0.0282825$ & $0.00570349$ & $0.0200292$ & $-0.00367782$ & $-0.00272579$ & $-0.0185315$ & $-0.0044547$ & $-0.0610677$ & $0.0747714$ & $-0.0209781$ & $0.00407342$ & $-0.0513106$ \\
CHQ3_11 & $-0.0984848$ & $0.0405083$ & $-0.0205911$ & $0.0493199$ & $0.0293194$ & $-0.19592$ & $-0.0408119$ & $-0.421494$ & $-0.419743$ & $0.40402$ & $-0.0205538$ & $0.0751301$ & $0.601277$ & $-0.0579858$ & $-0.0859847$ & $0.862618$ & $0.864276$ & $0.868713$ & $0.0265222$ & $0.0093079$ & $0.00356472$ & $0.0395446$ & $0.745881$ & $1$ & $-0.00602496$ & $0.0865846$ & $-0.0387692$ & $0.016097$ & $0.063294$ & $0.0266045$ & $-0.0462372$ & $0.0675998$ & $-0.283563$ & $-0.0676572$ & $-0.00318917$ & $-0.0332901$ & $-0.0372945$ & $0.0207512$ & $0.010157$ & $-9.82455e-05$ & $0.00401811$ & $0.00963702$ & $0.0178975$ & $-0.0458953$ & $0.0876392$ & $-0.0399556$ & $-0.0248549$ & $-0.0588613$ \\
CHu_11 & $-0.0986981$ & $0.0265191$ & $-0.0217158$ & $0.00772577$ & $0.0209729$ & $0.0699636$ & $0.00457706$ & $-0.581178$ & $-0.576031$ & $0.232398$ & $0.655961$ & $0.0226097$ & $-0.382507$ & $-0.302432$ & $-0.30994$ & $-0.1121$ & $0.0148374$ & $0.021424$ & $-0.646712$ & $-0.659152$ & $-0.643479$ & $-0.609026$ & $0.208092$ & $-0.00602496$ & $1$ & $-0.224918$ & $-0.256522$ & $-0.00138615$ & $0.00158846$ & $0.0051369$ & $0.014673$ & $-0.024491$ & $-0.275711$ & $-0.000445973$ & $0.0138374$ & $0.00191736$ & $-0.00525755$ & $-0.0123266$ & $-0.0312757$ & $0.0237624$ & $0.00702452$ & $-0.0259755$ & $-0.00398065$ & $-0.017812$ & $0.0485947$ & $-0.0268017$ & $0.0223587$ & $-0.0199001$ \\
CHd_11 & $0.00720349$ & $0.00609663$ & $0.00486183$ & $0.0228653$ & $-0.0554708$ & $-0.0565226$ & $-0.010875$ & $0.43804$ & $0.431031$ & $-0.214585$ & $-0.304849$ & $-0.0194338$ & $-0.0713376$ & $-0.311645$ & $-0.287116$ & $-0.171043$ & $-0.0718672$ & $-0.0842866$ & $0.245243$ & $0.369576$ & $0.368643$ & $0.367092$ & $-0.440594$ & $0.0865846$ & $-0.224918$ & $1$ & $0.116999$ & $-0.0259284$ & $0.0123703$ & $0.00326941$ & $-0.0148351$ & $0.00316979$ & $0.691997$ & $0.0107582$ & $0.0157213$ & $0.00120052$ & $0.0124964$ & $0.030567$ & $-0.0358209$ & $-0.00579692$ & $0.0122369$ & $0.0215592$ & $0.0366663$ & $0.0367817$ & $0.0120713$ & $-0.0100789$ & $-0.0420181$ & $0.0163936$ \\
CHd_33 & $0.00289204$ & $0.00522029$ & $0.0156649$ & $-0.0614282$ & $-0.00836399$ & $-0.0286087$ & $0.020892$ & $0.362868$ & $0.361434$ & $-0.163311$ & $-0.394372$ & $-0.0229138$ & $0.212093$ & $0.188215$ & $0.184614$ & $0.0395827$ & $-0.0368743$ & $-0.0333165$ & $0.391373$ & $0.397268$ & $0.393757$ & $0.00152669$ & $-0.0598598$ & $-0.0387692$ & $-0.256522$ & $0.116999$ & $1$ & $0.00644652$ & $0.00635343$ & $-0.0260204$ & $0.0183529$ & $0.0274148$ & $0.171287$ & $0.0399619$ & $0.0158323$ & $0.0154522$ & $0.0066115$ & $-2.1242e-05$ & $0.0160258$ & $-0.0435576$ & $0.0106931$ & $0.0270528$ & $0.0133648$ & $0.02757$ & $-0.0577397$ & $-0.0237278$ & $-0.00652084$ & $0.0549239$ \\
CeH_22r & $0.0328566$ & $0.0204124$ & $-0.0118077$ & $0.00742655$ & $0.0108012$ & $-0.0196536$ & $-0.122394$ & $7.72984e-06$ & $0.00934052$ & $-0.0233667$ & $-0.0188131$ & $0.194113$ & $0.0362622$ & $0.0235261$ & $0.040668$ & $0.0278258$ & $0.0233764$ & $0.0117252$ & $0.0208712$ & $0.0156481$ & $0.0169387$ & $-0.0248069$ & $0.0315855$ & $0.016097$ & $-0.00138615$ & $-0.0259284$ & $0.00644652$ & $1$ & $0.142659$ & $0.0739091$ & $-0.12325$ & $0.160821$ & $-0.019493$ & $0.000570617$ & $-0.0309024$ & $-0.0372325$ & $-0.0124284$ & $0.0183107$ & $-0.00510338$ & $0.0122407$ & $-0.0113596$ & $0.0356016$ & $-0.0418476$ & $0.00715448$ & $-0.00362604$ & $-0.0122506$ & $0.0106348$ & $0.0164044$ \\
CeH_33r & $-0.0311685$ & $0.000989439$ & $0.0289376$ & $0.0217158$ & $0.0471533$ & $0.00306445$ & $-0.523708$ & $-0.00447543$ & $0.0172139$ & $-0.140397$ & $-0.0276247$ & $0.665788$ & $0.0665694$ & $0.0082599$ & $0.00905407$ & $0.0542487$ & $0.0571013$ & $0.0530976$ & $0.0272118$ & $0.0258699$ & $0.0257212$ & $-0.00445513$ & $0.0445184$ & $0.063294$ & $0.00158846$ & $0.0123703$ & $0.00635343$ & $0.142659$ & $1$ & $0.442997$ & $-0.3789$ & $0.815353$ & $-0.0134099$ & $0.0154527$ & $0.0274321$ & $-0.101943$ & $-0.0265498$ & $0.00492571$ & $-0.0069132$ & $0.00192151$ & $0.00435046$ & $-0.00206758$ & $-0.0172414$ & $-0.0237158$ & $-0.00047468$ & $0.000529574$ & $-0.0247814$ & $0.0481602$ \\
CuH_22r & $0.0196704$ & $-0.0190875$ & $-0.0174637$ & $0.0410813$ & $0.044584$ & $-0.00391526$ & $-0.278071$ & $-0.00937534$ & $0.00438305$ & $-0.0675993$ & $-0.00404015$ & $0.33629$ & $0.0280022$ & $-0.00430099$ & $-0.00114397$ & $0.0170895$ & $0.0288062$ & $0.02196$ & $0.00580282$ & $0.00257052$ & $0.000674583$ & $-0.00738167$ & $0.0239353$ & $0.0266045$ & $0.0051369$ & $0.00326941$ & $-0.0260204$ & $0.0739091$ & $0.442997$ & $1$ & $-0.179687$ & $0.463517$ & $-0.0113238$ & $0.0296419$ & $0.0370832$ & $-0.0699035$ & $-0.0221996$ & $0.0278756$ & $-0.0152339$ & $-0.107931$ & $0.0371018$ & $-0.02046$ & $0.0105346$ & $-0.00828743$ & $0.0743322$ & $0.324179$ & $-0.03444$ & $-0.0250296$ \\
CuH_33r & $-0.0248815$ & $0.0161892$ & $-0.0331316$ & $-0.0141724$ & $-0.047117$ & $0.00970178$ & $0.950121$ & $0.0181845$ & $0.0350674$ & $0.0115505$ & $4.80107e-05$ & $-0.634711$ & $-0.0285345$ & $0.00555134$ & $0.0270406$ & $-0.0371034$ & $-0.0368842$ & $-0.0471569$ & $0.00208222$ & $-0.000921032$ & $0.00614824$ & $-0.0273107$ & $-0.0213067$ & $-0.0462372$ & $0.014673$ & $-0.0148351$ & $0.0183529$ & $-0.12325$ & $-0.3789$ & $-0.179687$ & $1$ & $-0.392781$ & $0.0119755$ & $-0.0412502$ & $-0.0246094$ & $0.0241996$ & $0.00210222$ & $0.0317738$ & $0.021911$ & $-0.00243556$ & $0.00461056$ & $0.000162931$ & $-0.00754927$ & $0.0372752$ & $0.0588726$ & $0.0231771$ & $0.0309402$ & $-0.0309025$ \\
CdH_33r & $-0.0300863$ & $-0.0067528$ & $0.0639051$ & $-0.0263882$ & $0.0561149$ & $0.00668954$ & $-0.558077$ & $0.0127765$ & $0.0372027$ & $-0.160087$ & $-0.0541281$ & $0.700468$ & $0.0903585$ & $0.0213098$ & $0.032314$ & $0.0711874$ & $0.0694456$ & $0.0558203$ & $0.054314$ & $0.0518135$ & $0.0489886$ & $-0.00629159$ & $0.0534611$ & $0.0675998$ & $-0.024491$ & $0.00316979$ & $0.0274148$ & $0.160821$ & $0.815353$ & $0.463517$ & $-0.392781$ & $1$ & $-0.00747016$ & $0.0566955$ & $-0.038928$ & $-0.130628$ & $-0.0303288$ & $0.0111906$ & $0.0137868$ & $-0.0400512$ & $0.00210175$ & $-0.00104318$ & $-0.078858$ & $-0.0374002$ & $-0.0506736$ & $-0.0253396$ & $0.0444361$ & $0.305333$ \\
CLL_1221 & $0.0179259$ & $0.0180708$ & $-0.00655019$ & $-0.0212619$ & $-0.0478902$ & $-0.0918557$ & $0.0186769$ & $0.549937$ & $0.542719$ & $-0.316094$ & $-0.332117$ & $-0.0587885$ & $-0.217156$ & $-0.503528$ & $-0.0371745$ & $-0.296355$ & $-0.0933843$ & $-0.40625$ & $0.270833$ & $0.402511$ & $0.403944$ & $0.223761$ & $-0.6417$ & $-0.283563$ & $-0.275711$ & $0.691997$ & $0.171287$ & $-0.019493$ & $-0.0134099$ & $-0.0113238$ & $0.0119755$ & $-0.00747016$ & $1$ & $0.0321074$ & $0.0022383$ & $0.00740027$ & $0.0150888$ & $0.0231433$ & $-0.0233601$ & $-0.0101244$ & $0.00956186$ & $0.0277711$ & $0.0252704$ & $0.0332357$ & $-0.0507254$ & $-0.0116703$ & $-0.0188319$ & $0.0398976$ \\
eHggint & $0.181988$ & $-0.132397$ & $0.234022$ & $-0.076407$ & $-0.0333741$ & $-0.00467712$ & $-0.0841652$ & $0.0240779$ & $0.00766027$ & $-0.0301096$ & $0.00641755$ & $0.0964133$ & $-0.0490772$ & $-0.0193033$ & $0.000811535$ & $-0.0539055$ & $-0.0437728$ & $-0.058473$ & $-0.00803724$ & $-0.00795414$ & $-0.00486579$ & $0.00615139$ & $-0.0434006$ & $-0.0676572$ & $-0.000445973$ & $0.0107582$ & $0.0399619$ & $0.000570617$ & $0.0154527$ & $0.0296419$ & $-0.0412502$ & $0.0566955$ & $0.0321074$ & $1$ & $0.00144193$ & $0.0286428$ & $0.0436786$ & $0.029898$ & $0.0017459$ & $-0.195435$ & $-0.0403118$ & $-0.0550638$ & $0.0561748$ & $-0.0462231$ & $-0.193915$ & $0.145864$ & $-0.132723$ & $0.178963$ \\
eHggpar & $0.0619093$ & $0.165967$ & $-0.072027$ & $0.166825$ & $0.0372955$ & $-0.0301232$ & $-0.0513789$ & $-0.0165099$ & $-0.0225889$ & $0.0151844$ & $0.0219627$ & $0.0248257$ & $-0.028884$ & $-0.00784718$ & $-0.0573489$ & $-0.00316779$ & $-0.0140994$ & $0.0157719$ & $-0.0216855$ & $-0.0178729$ & $-0.0178622$ & $-0.0024768$ & $-0.0151432$ & $-0.00318917$ & $0.0138374$ & $0.0157213$ & $0.0158323$ & $-0.0309024$ & $0.0274321$ & $0.0370832$ & $-0.0246094$ & $-0.038928$ & $0.0022383$ & $0.00144193$ & $1$ & $-0.0533633$ & $0.0278709$ & $0.0347841$ & $-0.086339$ & $0.0317136$ & $-0.0230911$ & $0.0709045$ & $0.208308$ & $0.0749024$ & $-0.172814$ & $0.0854445$ & $-0.0640387$ & $-0.189484$ \\
eHWWint & $0.0343953$ & $-0.132126$ & $0.0175216$ & $0.0899279$ & $-0.043165$ & $0.0080501$ & $0.0450653$ & $0.0098787$ & $0.000816762$ & $0.001797$ & $0.0075679$ & $-0.0330025$ & $-0.0368743$ & $0.00347011$ & $-0.00979913$ & $-0.0224463$ & $-0.0333539$ & $-0.0291614$ & $-0.0112131$ & $-0.00988656$ & $-0.0146111$ & $-0.000617328$ & $-0.0218667$ & $-0.0332901$ & $0.00191736$ & $0.00120052$ & $0.0154522$ & $-0.0372325$ & $-0.101943$ & $-0.0699035$ & $0.0241996$ & $-0.130628$ & $0.00740027$ & $0.0286428$ & $-0.0533633$ & $1$ & $0.00285278$ & $7.19365e-05$ & $0.00635533$ & $-0.0323887$ & $0.019617$ & $-0.0814341$ & $-0.00906787$ & $0.0452034$ & $0.0944761$ & $0.0349768$ & $0.162064$ & $-0.0503319$ \\
eHWWpar & $0.0520606$ & $-0.0166916$ & $-0.0195547$ & $0.0548885$ & $0.0111455$ & $-0.00501699$ & $0.00795303$ & $0.0203446$ & $0.0201318$ & $-0.011663$ & $-0.00103634$ & $-0.0077677$ & $-0.024959$ & $0.000210189$ & $-0.00600527$ & $-0.0366803$ & $-0.0370194$ & $-0.0350652$ & $-0.000672437$ & $0.00235816$ & $0.000132943$ & $-0.00661165$ & $-0.0282825$ & $-0.0372945$ & $-0.00525755$ & $0.0124964$ & $0.0066115$ & $-0.0124284$ & $-0.0265498$ & $-0.0221996$ & $0.00210222$ & $-0.0303288$ & $0.0150888$ & $0.0436786$ & $0.0278709$ & $0.00285278$ & $1$ & $0.0142472$ & $-0.0655326$ & $-0.0199064$ & $0.0067592$ & $0.0160342$ & $-0.0557143$ & $-0.0619695$ & $-0.0541954$ & $-0.0145527$ & $-0.0245119$ & $-0.0129411$ \\
eHZZint & $0.0643012$ & $-0.0154916$ & $-0.148029$ & $0.12453$ & $-0.012628$ & $-0.0234735$ & $0.0182114$ & $0.0169782$ & $0.0212487$ & $-0.000852992$ & $-0.0288084$ & $0.00424306$ & $0.0217557$ & $-0.00323227$ & $0.00170178$ & $0.0255884$ & $0.0235721$ & $0.0163734$ & $0.0260822$ & $0.0286447$ & $0.0224474$ & $-0.00394813$ & $0.00570349$ & $0.0207512$ & $-0.0123266$ & $0.030567$ & $-2.1242e-05$ & $0.0183107$ & $0.00492571$ & $0.0278756$ & $0.0317738$ & $0.0111906$ & $0.0231433$ & $0.029898$ & $0.0347841$ & $7.19365e-05$ & $0.0142472$ & $1$ & $0.045979$ & $-0.182334$ & $0.00102571$ & $0.0580063$ & $0.0134422$ & $-0.0010753$ & $-0.00366352$ & $0.0544031$ & $0.0912528$ & $0.00410426$ \\
eHZZpar & $0.0189046$ & $-0.0198557$ & $-0.00314219$ & $-0.0132793$ & $-0.0296934$ & $-0.0220143$ & $0.0220414$ & $-0.000348244$ & $0.000502541$ & $0.000353061$ & $-0.0140829$ & $-0.015053$ & $0.0224232$ & $0.0318201$ & $0.0334926$ & $0.0288299$ & $0.0106157$ & $0.00963778$ & $0.0166447$ & $0.00982078$ & $0.00962344$ & $0.00919822$ & $0.0200292$ & $0.010157$ & $-0.0312757$ & $-0.0358209$ & $0.0160258$ & $-0.00510338$ & $-0.0069132$ & $-0.0152339$ & $0.021911$ & $0.0137868$ & $-0.0233601$ & $0.0017459$ & $-0.086339$ & $0.00635533$ & $-0.0655326$ & $0.045979$ & $1$ & $-0.0901277$ & $-0.0415179$ & $-0.0266696$ & $-0.099571$ & $0.000594527$ & $-0.00731103$ & $-0.0170292$ & $0.00704135$ & $0.0932232$ \\
eHZgaint & $-0.0198235$ & $0.0396369$ & $0.136202$ & $-0.0596435$ & $0.0263629$ & $0.0297786$ & $0.0115916$ & $-0.0622672$ & $-0.0674285$ & $-0.0142677$ & $0.0778924$ & $-0.0319908$ & $-0.0364991$ & $-0.0614907$ & $-0.0512249$ & $-0.0320862$ & $0.0055586$ & $0.00461256$ & $-0.0803464$ & $-0.0740577$ & $-0.0705768$ & $0.0418855$ & $-0.00367782$ & $-9.82455e-05$ & $0.0237624$ & $-0.00579692$ & $-0.0435576$ & $0.0122407$ & $0.00192151$ & $-0.107931$ & $-0.00243556$ & $-0.0400512$ & $-0.0101244$ & $-0.195435$ & $0.0317136$ & $-0.0323887$ & $-0.0199064$ & $-0.182334$ & $-0.0901277$ & $1$ & $0.0479082$ & $-0.0162071$ & $0.0856797$ & $0.0406295$ & $-0.0217337$ & $-0.218193$ & $-0.112034$ & $-0.0808232$ \\
eHZgapar & $-0.0295518$ & $0.00499413$ & $0.00115072$ & $-0.00300668$ & $0.00537066$ & $-0.0121827$ & $0.00246538$ & $0.00442855$ & $0.00828111$ & $-0.0240316$ & $-0.00266534$ & $0.00626616$ & $0.00245057$ & $-0.00671822$ & $-0.00562456$ & $-0.00465831$ & $0.00208757$ & $0.00378732$ & $0.0022739$ & $0.00250647$ & $0.0110478$ & $-0.0126275$ & $-0.00272579$ & $0.00401811$ & $0.00702452$ & $0.0122369$ & $0.0106931$ & $-0.0113596$ & $0.00435046$ & $0.0371018$ & $0.00461056$ & $0.00210175$ & $0.00956186$ & $-0.0403118$ & $-0.0230911$ & $0.019617$ & $0.0067592$ & $0.00102571$ & $-0.0415179$ & $0.0479082$ & $1$ & $0.0325552$ & $0.00756982$ & $-0.00105062$ & $-0.0211484$ & $0.0646979$ & $-0.0293503$ & $-0.0377952$ \\
eHgagaint & $0.0365837$ & $0.251152$ & $-0.0388698$ & $0.00468372$ & $0.0184185$ & $0.0139904$ & $0.00736598$ & $-0.00184215$ & $0.0351926$ & $0.00502035$ & $-0.000308658$ & $-0.0214301$ & $-0.015829$ & $-0.00850033$ & $-0.0110613$ & $0.0145526$ & $0.003308$ & $0.00502484$ & $0.00172545$ & $0.0048457$ & $0.00696097$ & $0.0329549$ & $-0.0185315$ & $0.00963702$ & $-0.0259755$ & $0.0215592$ & $0.0270528$ & $0.0356016$ & $-0.00206758$ & $-0.02046$ & $0.000162931$ & $-0.00104318$ & $0.0277711$ & $-0.0550638$ & $0.0709045$ & $-0.0814341$ & $0.0160342$ & $0.0580063$ & $-0.0266696$ & $-0.0162071$ & $0.0325552$ & $1$ & $0.101926$ & $0.108551$ & $0.0575615$ & $0.0297955$ & $0.137297$ & $0.0176672$ \\
eHmumuint & $-0.190374$ & $0.063572$ & $0.0355859$ & $0.173802$ & $0.00531455$ & $-0.0121524$ & $-0.0142281$ & $0.00588555$ & $-0.000765871$ & $0.00429453$ & $-6.02576e-05$ & $-0.0373601$ & $-0.0108024$ & $-0.0150173$ & $-0.0196872$ & $-0.00164664$ & $-0.00175699$ & $0.00338481$ & $-0.00111477$ & $0.00506351$ & $0.00625537$ & $0.0236247$ & $-0.0044547$ & $0.0178975$ & $-0.00398065$ & $0.0366663$ & $0.0133648$ & $-0.0418476$ & $-0.0172414$ & $0.0105346$ & $-0.00754927$ & $-0.078858$ & $0.0252704$ & $0.0561748$ & $0.208308$ & $-0.00906787$ & $-0.0557143$ & $0.0134422$ & $-0.099571$ & $0.0856797$ & $0.00756982$ & $0.101926$ & $1$ & $0.0317943$ & $0.163185$ & $0.0534704$ & $-0.0540434$ & $-0.181634$ \\
eHtautauint & $0.132253$ & $0.0825467$ & $-0.121434$ & $0.0133479$ & $0.00471241$ & $0.00739778$ & $0.0438304$ & $0.0450147$ & $0.0467053$ & $-0.0348026$ & $-0.0251012$ & $-0.0664798$ & $-0.0197838$ & $0.00849771$ & $-0.0159647$ & $-0.0427469$ & $-0.0471241$ & $-0.0310551$ & $0.0219726$ & $0.0272946$ & $0.0271777$ & $-0.000537099$ & $-0.0610677$ & $-0.0458953$ & $-0.017812$ & $0.0367817$ & $0.02757$ & $0.00715448$ & $-0.0237158$ & $-0.00828743$ & $0.0372752$ & $-0.0374002$ & $0.0332357$ & $-0.0462231$ & $0.0749024$ & $0.0452034$ & $-0.0619695$ & $-0.0010753$ & $0.000594527$ & $0.0406295$ & $-0.00105062$ & $0.108551$ & $0.0317943$ & $1$ & $0.0204487$ & $0.136806$ & $0.213943$ & $0.0514687$ \\
eHccint & $-0.2591$ & $0.136815$ & $-0.10745$ & $0.142354$ & $-0.00808978$ & $0.0515348$ & $0.0616638$ & $-0.054097$ & $-0.0457352$ & $0.0407589$ & $0.0281823$ & $-0.0307428$ & $0.0362908$ & $0.00279747$ & $-0.0167946$ & $0.0412122$ & $0.044533$ & $0.0589564$ & $-0.0237602$ & $-0.0266135$ & $-0.0319782$ & $-0.0158954$ & $0.0747714$ & $0.0876392$ & $0.0485947$ & $0.0120713$ & $-0.0577397$ & $-0.00362604$ & $-0.00047468$ & $0.0743322$ & $0.0588726$ & $-0.0506736$ & $-0.0507254$ & $-0.193915$ & $-0.172814$ & $0.0944761$ & $-0.0541954$ & $-0.00366352$ & $-0.00731103$ & $-0.0217337$ & $-0.0211484$ & $0.0575615$ & $0.163185$ & $0.0204487$ & $1$ & $0.0365727$ & $-0.042706$ & $-0.152051$ \\
eHccpar & $0.177929$ & $-0.0845805$ & $-0.0351973$ & $0.136877$ & $0.0382561$ & $-0.0423837$ & $0.00935527$ & $0.0137331$ & $0.0147578$ & $-0.0138458$ & $-0.00289882$ & $-0.0165574$ & $-0.0195994$ & $0.0191273$ & $0.011941$ & $-0.0258487$ & $-0.0324768$ & $-0.0323698$ & $0.00522593$ & $-0.00177095$ & $5.61681e-06$ & $0.0234734$ & $-0.0209781$ & $-0.0399556$ & $-0.0268017$ & $-0.0100789$ & $-0.0237278$ & $-0.0122506$ & $0.000529574$ & $0.324179$ & $0.0231771$ & $-0.0253396$ & $-0.0116703$ & $0.145864$ & $0.0854445$ & $0.0349768$ & $-0.0145527$ & $0.0544031$ & $-0.0170292$ & $-0.218193$ & $0.0646979$ & $0.0297955$ & $0.0534704$ & $0.136806$ & $0.0365727$ & $1$ & $-0.0376064$ & $-0.0666617$ \\
eHbbint & $-0.010303$ & $0.0997289$ & $-0.183122$ & $-0.0589016$ & $0.0331961$ & $0.0699538$ & $0.0333743$ & $-0.0279622$ & $-0.0193575$ & $0.0344682$ & $0.0339293$ & $-0.00584177$ & $-0.013232$ & $-0.0151391$ & $-0.000651479$ & $-0.0285698$ & $-0.0052761$ & $-0.0218829$ & $-0.030832$ & $-0.0361827$ & $-0.0407657$ & $-0.0114166$ & $0.00407342$ & $-0.0248549$ & $0.0223587$ & $-0.0420181$ & $-0.00652084$ & $0.0106348$ & $-0.0247814$ & $-0.03444$ & $0.0309402$ & $0.0444361$ & $-0.0188319$ & $-0.132723$ & $-0.0640387$ & $0.162064$ & $-0.0245119$ & $0.0912528$ & $0.00704135$ & $-0.112034$ & $-0.0293503$ & $0.137297$ & $-0.0540434$ & $0.213943$ & $-0.042706$ & $-0.0376064$ & $1$ & $-0.0578682$ \\
eHbbpar & $0.0667383$ & $-0.103146$ & $0.188764$ & $-0.159894$ & $0.00928256$ & $0.00462282$ & $-0.0430251$ & $0.053408$ & $0.0545293$ & $-0.0315247$ & $-0.0271332$ & $0.0327168$ & $-0.0245135$ & $0.000541255$ & $0.0142268$ & $-0.0479365$ & $-0.0457677$ & $-0.0528833$ & $0.0262354$ & $0.0291667$ & $0.026968$ & $-0.00607723$ & $-0.0513106$ & $-0.0588613$ & $-0.0199001$ & $0.0163936$ & $0.0549239$ & $0.0164044$ & $0.0481602$ & $-0.0250296$ & $-0.0309025$ & $0.305333$ & $0.0398976$ & $0.178963$ & $-0.189484$ & $-0.0503319$ & $-0.0129411$ & $0.00410426$ & $0.0932232$ & $-0.0808232$ & $-0.0377952$ & $0.0176672$ & $-0.181634$ & $0.0514687$ & $-0.152051$ & $-0.0666617$ & $-0.0578682$ & $1$ \\
