 & AlsMz & dAle5Mz & mtop & mHl & Mz & CW & CHG & CHWB & CHWHB_gaga & CHWHB_gagaorth & CHD & CHbox & CH & CHL1_11 & CHL1_22 & CHL1_33 & CHL3_11 & CHL3_22 & CHL3_33 & CHe_11 & CHe_22 & CHe_33 & CHQ1_11 & CHQ1_33 & CHQ3_11 & CHu_11 & CHd_11 & CHd_33 & CeH_22r & CeH_33r & CuH_22r & CuH_33r & CdH_33r & CLL_1221 & eHggint & eHggpar & eHWWint & eHWWpar & eHZZint & eHZZpar & eHZgaint & eHZgapar & eHgagaint & eHmumuint & eHtautauint & eHccint & eHccpar & eHbbint & eHbbpar \\
AlsMz & $1$ & $0.296304$ & $-0.00334083$ & $0.0657393$ & $-0.010052$ & $0.046944$ & $0.0462749$ & $0.0101483$ & $0.0171128$ & $0.0639296$ & $-0.0301744$ & $0.0500555$ & $0.00255088$ & $0.038265$ & $0.0285892$ & $0.0205451$ & $0.015959$ & $0.00616101$ & $0.00853146$ & $0.0330965$ & $0.0276028$ & $0.0258008$ & $-0.0165584$ & $-0.0121517$ & $-0.0637044$ & $-0.0188402$ & $-0.0463655$ & $0.0107732$ & $0.00159648$ & $0.0145075$ & $0.00489566$ & $0.0590484$ & $-0.048999$ & $-0.00835868$ & $0.0642817$ & $0.00318794$ & $-0.0454983$ & $0.0429301$ & $-0.266936$ & $-0.0319995$ & $-0.266894$ & $-0.0309672$ & $0.0629965$ & $0.0346254$ & $0.0631689$ & $-0.0388412$ & $0.0454792$ & $-0.0999045$ & $-0.212386$ \\
dAle5Mz & $0.296304$ & $1$ & $0.194692$ & $0.0280282$ & $-0.0110866$ & $0.0342261$ & $-0.00388409$ & $-0.0164644$ & $-0.0171181$ & $-0.0180051$ & $0.024085$ & $0.0138835$ & $0.0109348$ & $-0.034217$ & $-0.00416733$ & $0.0134136$ & $-0.0327954$ & $-0.0281517$ & $-0.0376576$ & $-0.0104398$ & $-0.00968206$ & $-0.00552152$ & $-0.0198681$ & $-0.0288808$ & $-0.0531815$ & $0.0180692$ & $-0.0129326$ & $0.0165587$ & $0.0136902$ & $0.0311689$ & $0.0286887$ & $-0.00281749$ & $-0.0429657$ & $0.0257534$ & $0.0387788$ & $-0.0887784$ & $-0.280175$ & $0.0675628$ & $-0.066314$ & $-0.0270663$ & $0.0801687$ & $-0.0241204$ & $-0.0651845$ & $0.158748$ & $-0.178624$ & $0.064633$ & $-0.029209$ & $-0.171392$ & $-0.218488$ \\
mtop & $-0.00334083$ & $0.194692$ & $1$ & $-0.173423$ & $0.0264796$ & $-0.0302071$ & $0.000290803$ & $0.0901911$ & $0.0872272$ & $-0.0590264$ & $-0.065528$ & $0.0199031$ & $0.048589$ & $-0.0170999$ & $0.0286016$ & $0.0723694$ & $-0.0456542$ & $-0.063325$ & $-0.0899637$ & $0.0673023$ & $0.0716581$ & $0.080441$ & $-0.0553114$ & $-0.0625274$ & $-0.0723423$ & $0.00373371$ & $0.0206059$ & $0.0177467$ & $0.0509411$ & $0.0352989$ & $0.0484384$ & $0.00807425$ & $0.00929972$ & $0.0592226$ & $-0.0559696$ & $-0.265824$ & $-0.109204$ & $0.0409664$ & $0.0113463$ & $-0.0335483$ & $0.101884$ & $-0.0547745$ & $0.120505$ & $0.170615$ & $0.0984162$ & $-0.0716026$ & $0.10105$ & $0.214056$ & $-0.159067$ \\
mHl & $0.0657393$ & $0.0280282$ & $-0.173423$ & $1$ & $-0.0288229$ & $0.00835589$ & $0.0685296$ & $-0.0120311$ & $-0.006639$ & $0.00774442$ & $0.0269701$ & $0.0369731$ & $0.0119385$ & $-0.0362766$ & $-0.0385665$ & $-0.0375173$ & $-0.0288356$ & $-0.00362459$ & $-0.0118448$ & $-0.0290779$ & $-0.0235502$ & $-0.0324324$ & $0.023232$ & $-0.0148951$ & $-0.00935494$ & $0.000880132$ & $0.0250959$ & $-0.00598092$ & $-0.00813315$ & $0.0143196$ & $0.0398154$ & $0.0895577$ & $-0.00838106$ & $0.022249$ & $0.137636$ & $0.281853$ & $-0.196669$ & $-0.0563203$ & $-0.158151$ & $0.0333747$ & $0.0266258$ & $0.0207057$ & $-0.156931$ & $0.104059$ & $-0.142442$ & $0.0284159$ & $0.0259236$ & $-0.0488289$ & $-0.195599$ \\
Mz & $-0.010052$ & $-0.0110866$ & $0.0264796$ & $-0.0288229$ & $1$ & $0.00945269$ & $0.0103578$ & $-0.017952$ & $-0.0178237$ & $0.0153163$ & $0.0242448$ & $0.0168937$ & $0.00265927$ & $-0.00411677$ & $-0.00751573$ & $0.0315039$ & $0.00503807$ & $0.0103259$ & $-0.0200347$ & $-0.0152554$ & $-0.0194456$ & $-0.0172612$ & $-0.0222234$ & $0.0126047$ & $-0.00426819$ & $0.0160048$ & $-0.0290171$ & $0.0143556$ & $0.00773505$ & $0.0035196$ & $0.0102548$ & $0.0179184$ & $0.0194843$ & $-0.00748796$ & $-0.0146593$ & $0.00347297$ & $0.0099251$ & $0.00795537$ & $0.062835$ & $0.0133066$ & $-0.00745625$ & $0.0460909$ & $-0.0242344$ & $0.0433198$ & $-0.0384486$ & $0.00412506$ & $0.0368039$ & $0.0149106$ & $-0.00568093$ \\
CW & $0.046944$ & $0.0342261$ & $-0.0302071$ & $0.00835589$ & $0.00945269$ & $1$ & $-0.0242762$ & $-0.109101$ & $-0.0990168$ & $0.00430116$ & $0.15439$ & $0.0292442$ & $0.00891946$ & $0.0553746$ & $-0.0643267$ & $-0.0877877$ & $-0.226182$ & $-0.031453$ & $-0.0131032$ & $-0.1533$ & $-0.156548$ & $-0.159059$ & $-0.00105735$ & $0.0110333$ & $-0.0690018$ & $0.0786217$ & $-0.0722681$ & $-0.0432412$ & $0.0102563$ & $0.034988$ & $0.0248598$ & $-0.0222226$ & $0.00505881$ & $-0.119729$ & $-0.00118142$ & $0.0192357$ & $0.00393748$ & $-0.0279548$ & $-0.0412957$ & $-0.0180649$ & $0.0340935$ & $0.019039$ & $-0.00957031$ & $0.0171392$ & $-7.61282e-05$ & $-0.0123351$ & $0.0143106$ & $-0.0617466$ & $-0.0581156$ \\
CHG & $0.0462749$ & $-0.00388409$ & $0.000290803$ & $0.0685296$ & $0.0103578$ & $-0.0242762$ & $1$ & $-0.0929547$ & $-0.0384049$ & $0.0595316$ & $0.0574387$ & $-0.233795$ & $-0.296648$ & $0.0442162$ & $-0.0396726$ & $-0.0367558$ & $0.080582$ & $0.0943028$ & $0.0898334$ & $-0.0579041$ & $-0.056313$ & $-0.0599461$ & $0.0101876$ & $0.0819974$ & $0.0952854$ & $0.0267705$ & $-0.0122571$ & $-0.0504387$ & $0.0321377$ & $-0.121098$ & $-0.0753988$ & $0.938095$ & $-0.151093$ & $-0.0397193$ & $-0.0211139$ & $0.074435$ & $-0.0180813$ & $-0.0230015$ & $-0.0456484$ & $0.0480406$ & $0.0580804$ & $-0.0298765$ & $-0.0245714$ & $-0.00150459$ & $-0.017491$ & $0.0431232$ & $-0.0161718$ & $-0.0434441$ & $0.0300277$ \\
CHWB & $0.0101483$ & $-0.0164644$ & $0.0901911$ & $-0.0120311$ & $-0.017952$ & $-0.109101$ & $-0.0929547$ & $1$ & $0.984227$ & $-0.574798$ & $-0.880746$ & $0.107115$ & $0.37577$ & $0.071396$ & $0.307787$ & $0.284708$ & $-0.275847$ & $-0.467518$ & $-0.457534$ & $0.852518$ & $0.898524$ & $0.882156$ & $0.0387495$ & $-0.695229$ & $-0.440396$ & $-0.481892$ & $0.407481$ & $0.266528$ & $0.00306235$ & $0.1431$ & $0.0510292$ & $-0.0905383$ & $0.126447$ & $0.559131$ & $0.0278329$ & $0.0232099$ & $0.00410483$ & $-0.011817$ & $-0.0783805$ & $-0.0522743$ & $-0.011971$ & $-0.0238725$ & $0.0312427$ & $-0.00137051$ & $0.0358823$ & $0.00544642$ & $0.039866$ & $0.0238549$ & $-0.0592343$ \\
CHWHB_gaga & $0.0171128$ & $-0.0171181$ & $0.0872272$ & $-0.006639$ & $-0.0178237$ & $-0.0990168$ & $-0.0384049$ & $0.984227$ & $1$ & $-0.566504$ & $-0.864308$ & $0.115698$ & $0.367439$ & $0.0660818$ & $0.30411$ & $0.276692$ & $-0.278951$ & $-0.465828$ & $-0.453115$ & $0.837$ & $0.88198$ & $0.865121$ & $0.0409518$ & $-0.68878$ & $-0.437816$ & $-0.475197$ & $0.400886$ & $0.256346$ & $0.00759206$ & $0.163912$ & $0.062214$ & $-0.043612$ & $0.152144$ & $0.547661$ & $0.0132218$ & $0.0174289$ & $-0.0145632$ & $-0.0105991$ & $-0.0818443$ & $-0.0461609$ & $-0.00836932$ & $-0.0357772$ & $0.0689522$ & $-0.00985099$ & $0.024333$ & $-0.00532675$ & $0.0244729$ & $0.0132512$ & $-0.0536786$ \\
CHWHB_gagaorth & $0.0639296$ & $-0.0180051$ & $-0.0590264$ & $0.00774442$ & $0.0153163$ & $0.00430116$ & $0.0595316$ & $-0.574798$ & $-0.566504$ & $1$ & $0.367244$ & $0.210097$ & $-0.27343$ & $0.234064$ & $-0.153831$ & $-0.148902$ & $0.440217$ & $0.502767$ & $0.504734$ & $-0.355958$ & $-0.381743$ & $-0.378389$ & $-0.0244115$ & $0.554347$ & $0.488213$ & $0.202834$ & $-0.213765$ & $-0.0915831$ & $0.0204589$ & $-0.155987$ & $-0.0705448$ & $0.0770592$ & $-0.146326$ & $-0.334794$ & $0.0336053$ & $-0.0401553$ & $0.00835318$ & $0.0164859$ & $0.0486365$ & $0.0412729$ & $-0.0580375$ & $-0.00857968$ & $-0.0103688$ & $-0.031653$ & $-0.0437829$ & $-0.0126352$ & $-0.0233962$ & $0.0249807$ & $0.0596298$ \\
CHD & $-0.0301744$ & $0.024085$ & $-0.065528$ & $0.0269701$ & $0.0242448$ & $0.15439$ & $0.0574387$ & $-0.880746$ & $-0.864308$ & $0.367244$ & $1$ & $0.0492215$ & $-0.193141$ & $-0.486758$ & $-0.424513$ & $-0.399829$ & $-0.177502$ & $0.108437$ & $0.0969178$ & $-0.990367$ & $-0.990901$ & $-0.970076$ & $0.023706$ & $0.340195$ & $0.0684763$ & $0.530353$ & $-0.276924$ & $-0.308261$ & $-0.000589624$ & $-0.0822614$ & $-0.0150191$ & $0.0692697$ & $-0.0740528$ & $-0.36747$ & $-0.0207387$ & $0.0030914$ & $-0.0177276$ & $0.000116315$ & $0.0722858$ & $0.0405859$ & $0.0211887$ & $0.0284345$ & $-0.0339486$ & $0.0172352$ & $-0.0314312$ & $0.00269767$ & $-0.0181938$ & $-0.0471205$ & $0.0270835$ \\
CHbox & $0.0500555$ & $0.0138835$ & $0.0199031$ & $0.0369731$ & $0.0168937$ & $0.0292442$ & $-0.233795$ & $0.107115$ & $0.115698$ & $0.210097$ & $0.0492215$ & $1$ & $0.764168$ & $-0.298479$ & $0.0257144$ & $0.0148298$ & $-0.320171$ & $-0.305333$ & $-0.295259$ & $-0.0379479$ & $-0.0452389$ & $-0.0416319$ & $0.0158565$ & $-0.230103$ & $-0.30038$ & $0.0224794$ & $0.016258$ & $-0.0019689$ & $0.0732481$ & $0.347572$ & $0.137467$ & $-0.141113$ & $0.421953$ & $0.0579396$ & $0.070136$ & $0.0239497$ & $-0.0208572$ & $-0.0068784$ & $-0.0116189$ & $-0.0248016$ & $-0.0557907$ & $0.00118616$ & $0.0215769$ & $-0.0285557$ & $-0.0111237$ & $-0.0145114$ & $0.0246857$ & $0.0137197$ & $-0.0338224$ \\
CH & $0.00255088$ & $0.0109348$ & $0.048589$ & $0.0119385$ & $0.00265927$ & $0.00891946$ & $-0.296648$ & $0.37577$ & $0.367439$ & $-0.27343$ & $-0.193141$ & $0.764168$ & $1$ & $-0.26094$ & $0.0897652$ & $0.0841053$ & $-0.377621$ & $-0.407932$ & $-0.403709$ & $0.190943$ & $0.20415$ & $0.203646$ & $0.0235125$ & $-0.41861$ & $-0.40189$ & $-0.108539$ & $0.133558$ & $0.0694801$ & $0.0532916$ & $0.291728$ & $0.135637$ & $-0.247523$ & $0.343066$ & $0.22595$ & $0.0272812$ & $0.0247191$ & $-0.0138651$ & $-0.00172138$ & $-0.0429827$ & $-0.0509738$ & $-0.0210386$ & $-0.000190183$ & $0.0171177$ & $-0.0173905$ & $0.0228352$ & $-0.0188542$ & $0.0289377$ & $0.00982983$ & $-0.0462789$ \\
CHL1_11 & $0.038265$ & $-0.034217$ & $-0.0170999$ & $-0.0362766$ & $-0.00411677$ & $0.0553746$ & $0.0442162$ & $0.071396$ & $0.0660818$ & $0.234064$ & $-0.486758$ & $-0.298479$ & $-0.26094$ & $1$ & $0.255839$ & $0.239593$ & $0.656251$ & $0.587278$ & $0.596073$ & $0.504133$ & $0.445893$ & $0.429302$ & $-0.116804$ & $0.47052$ & $0.58095$ & $-0.227599$ & $-0.117388$ & $0.181782$ & $-0.00759955$ & $-0.0686219$ & $-0.0500419$ & $0.0148421$ & $-0.0605448$ & $-0.222611$ & $-0.00916296$ & $-0.0340765$ & $0.0440068$ & $0.00913936$ & $-0.016919$ & $0.00327218$ & $-0.00175734$ & $-0.01376$ & $0.0137883$ & $-8.24841e-05$ & $0.0136043$ & $-0.0066426$ & $-0.0362569$ & $0.0610661$ & $0.0473079$ \\
CHL1_22 & $0.0285892$ & $-0.00416733$ & $0.0286016$ & $-0.0385665$ & $-0.00751573$ & $-0.0643267$ & $-0.0396726$ & $0.307787$ & $0.30411$ & $-0.153831$ & $-0.424513$ & $0.0257144$ & $0.0897652$ & $0.255839$ & $1$ & $0.453792$ & $0.134344$ & $-0.472742$ & $-0.0605843$ & $0.491854$ & $0.337664$ & $0.333606$ & $-0.18557$ & $0.0765737$ & $-0.163734$ & $-0.191667$ & $-0.399812$ & $0.127243$ & $0.00734161$ & $0.0530677$ & $-0.002958$ & $-0.0416337$ & $0.037535$ & $-0.589121$ & $-0.00429616$ & $-0.0343362$ & $-0.00818812$ & $0.0312242$ & $0.0196969$ & $0.0132311$ & $-0.0380226$ & $-0.0324808$ & $0.0574253$ & $-0.0514595$ & $-3.83108e-05$ & $-0.00745039$ & $-0.00955029$ & $0.00809383$ & $-0.00501861$ \\
CHL1_33 & $0.0205451$ & $0.0134136$ & $0.0723694$ & $-0.0375173$ & $0.0315039$ & $-0.0877877$ & $-0.0367558$ & $0.284708$ & $0.276692$ & $-0.148902$ & $-0.399829$ & $0.0148298$ & $0.0841053$ & $0.239593$ & $0.453792$ & $1$ & $0.142075$ & $-0.0580065$ & $-0.452308$ & $0.465349$ & $0.316503$ & $0.340221$ & $-0.199793$ & $0.0926019$ & $-0.158985$ & $-0.17349$ & $-0.402221$ & $0.0745503$ & $0.00556068$ & $0.0239465$ & $0.0197065$ & $-0.0367078$ & $0.025048$ & $-0.111347$ & $-0.000301038$ & $0.00385515$ & $-0.00969259$ & $0.0161097$ & $0.0237693$ & $-0.00994711$ & $-0.00584006$ & $0.0151125$ & $0.0139608$ & $-0.0163303$ & $0.0169176$ & $0.0143566$ & $0.0517638$ & $0.0779352$ & $-0.0202018$ \\
CHL3_11 & $0.015959$ & $-0.0327954$ & $-0.0456542$ & $-0.0288356$ & $0.00503807$ & $-0.226182$ & $0.080582$ & $-0.275847$ & $-0.278951$ & $0.440217$ & $-0.177502$ & $-0.320171$ & $-0.377621$ & $0.656251$ & $0.134344$ & $0.142075$ & $1$ & $0.741019$ & $0.73737$ & $0.20017$ & $0.143393$ & $0.135708$ & $-0.0705529$ & $0.680436$ & $0.779147$ & $-0.0857521$ & $-0.169469$ & $0.048276$ & $-0.00451959$ & $-0.139666$ & $-0.0761265$ & $0.0516384$ & $-0.118492$ & $-0.261279$ & $-0.016876$ & $-0.0601502$ & $0.0243995$ & $0.0241048$ & $0.0277379$ & $0.0268041$ & $-0.0291637$ & $-0.00170597$ & $-0.0105458$ & $-0.0481974$ & $-0.0108531$ & $-0.024061$ & $-0.0340959$ & $0.0443381$ & $0.0691105$ \\
CHL3_22 & $0.00616101$ & $-0.0281517$ & $-0.063325$ & $-0.00362459$ & $0.0103259$ & $-0.031453$ & $0.0943028$ & $-0.467518$ & $-0.465828$ & $0.502767$ & $0.108437$ & $-0.305333$ & $-0.407932$ & $0.587278$ & $-0.472742$ & $-0.0580065$ & $0.741019$ & $1$ & $0.684956$ & $-0.113087$ & $-0.10189$ & $-0.103978$ & $-4.33357e-05$ & $0.632584$ & $0.796492$ & $0.0622645$ & $-0.0100777$ & $-0.0239004$ & $-0.0102163$ & $-0.151533$ & $-0.063513$ & $0.0699024$ & $-0.123119$ & $0.0266667$ & $-0.0139745$ & $-0.02357$ & $0.0349973$ & $-9.31856e-06$ & $0.00737594$ & $0.0141787$ & $0.00879386$ & $0.0185839$ & $-0.0362996$ & $0.0067007$ & $-0.00601659$ & $-0.0110229$ & $-0.0316505$ & $0.0462461$ & $0.0697934$ \\
CHL3_33 & $0.00853146$ & $-0.0376576$ & $-0.0899637$ & $-0.0118448$ & $-0.0200347$ & $-0.0131032$ & $0.0898334$ & $-0.457534$ & $-0.453115$ & $0.504734$ & $0.0969178$ & $-0.295259$ & $-0.403709$ & $0.596073$ & $-0.0605843$ & $-0.452308$ & $0.73737$ & $0.684956$ & $1$ & $-0.099875$ & $-0.0917035$ & $-0.0934316$ & $0.011809$ & $0.626364$ & $0.800206$ & $0.0531286$ & $-0.00443133$ & $0.0124637$ & $-0.00353987$ & $-0.12765$ & $-0.0814792$ & $0.0660052$ & $-0.115025$ & $-0.342445$ & $-0.0197166$ & $-0.0600832$ & $0.0356816$ & $0.011369$ & $0.0116282$ & $0.0299321$ & $-0.0105907$ & $-0.0172346$ & $-0.00235328$ & $-0.0248888$ & $-0.0156421$ & $-0.0223872$ & $-0.0754518$ & $-0.00623258$ & $0.076526$ \\
CHe_11 & $0.0330965$ & $-0.0104398$ & $0.0673023$ & $-0.0290779$ & $-0.0152554$ & $-0.1533$ & $-0.0579041$ & $0.852518$ & $0.837$ & $-0.355958$ & $-0.990367$ & $-0.0379479$ & $0.190943$ & $0.504133$ & $0.491854$ & $0.465349$ & $0.20017$ & $-0.113087$ & $-0.099875$ & $1$ & $0.971591$ & $0.952357$ & $-0.0500077$ & $-0.286589$ & $-0.0630584$ & $-0.520539$ & $0.201643$ & $0.305194$ & $0.00164076$ & $0.0841195$ & $0.0149959$ & $-0.068377$ & $0.0758786$ & $0.286424$ & $0.0215585$ & $-0.00516582$ & $0.0130054$ & $0.00531355$ & $-0.0696924$ & $-0.0385001$ & $-0.0223299$ & $-0.0312719$ & $0.0385261$ & $-0.0169278$ & $0.0276342$ & $-0.000190186$ & $0.0173567$ & $0.0480008$ & $-0.0279008$ \\
CHe_22 & $0.0276028$ & $-0.00968206$ & $0.0716581$ & $-0.0235502$ & $-0.0194456$ & $-0.156548$ & $-0.056313$ & $0.898524$ & $0.88198$ & $-0.381743$ & $-0.990901$ & $-0.0452389$ & $0.20415$ & $0.445893$ & $0.337664$ & $0.316503$ & $0.143393$ & $-0.10189$ & $-0.0917035$ & $0.971591$ & $1$ & $0.97497$ & $0.00783287$ & $-0.397008$ & $-0.0739738$ & $-0.533639$ & $0.360143$ & $0.30894$ & $0.00104335$ & $0.0860155$ & $0.018568$ & $-0.0673594$ & $0.076221$ & $0.456437$ & $0.023938$ & $-2.7786e-05$ & $0.0153491$ & $-0.00201454$ & $-0.0782275$ & $-0.0442681$ & $-0.0156162$ & $-0.0282778$ & $0.0287544$ & $-0.00937131$ & $0.0307587$ & $-0.00167498$ & $0.0209988$ & $0.0394759$ & $-0.0346464$ \\
CHe_33 & $0.0258008$ & $-0.00552152$ & $0.080441$ & $-0.0324324$ & $-0.0172612$ & $-0.159059$ & $-0.0599461$ & $0.882156$ & $0.865121$ & $-0.378389$ & $-0.970076$ & $-0.0416319$ & $0.203646$ & $0.429302$ & $0.333606$ & $0.340221$ & $0.135708$ & $-0.103978$ & $-0.0934316$ & $0.952357$ & $0.97497$ & $1$ & $0.000671412$ & $-0.390126$ & $-0.079818$ & $-0.516867$ & $0.3476$ & $0.303901$ & $-0.000211393$ & $0.0869228$ & $0.0167911$ & $-0.0697138$ & $0.0746588$ & $0.449647$ & $0.0180679$ & $-0.0124832$ & $0.016663$ & $-0.00329339$ & $-0.0679237$ & $-0.0449871$ & $-0.0160152$ & $-0.0296491$ & $0.0276818$ & $-0.0161742$ & $0.0355999$ & $0.00500563$ & $0.0186584$ & $0.0471456$ & $-0.0306144$ \\
CHQ1_11 & $-0.0165584$ & $-0.0198681$ & $-0.0553114$ & $0.023232$ & $-0.0222234$ & $-0.00105735$ & $0.0101876$ & $0.0387495$ & $0.0409518$ & $-0.0244115$ & $0.023706$ & $0.0158565$ & $0.0235125$ & $-0.116804$ & $-0.18557$ & $-0.199793$ & $-0.0705529$ & $-4.33357e-05$ & $0.011809$ & $-0.0500077$ & $0.00783287$ & $0.000671412$ & $1$ & $-0.124585$ & $0.088452$ & $-0.674125$ & $0.360709$ & $-0.048832$ & $-0.0176423$ & $0.0194331$ & $0.0144338$ & $0.0115454$ & $0.0137101$ & $0.19606$ & $0.0341214$ & $0.0509301$ & $-0.0323267$ & $0.00766381$ & $-0.00442502$ & $-0.00711313$ & $0.00764035$ & $-0.0209353$ & $0.0246205$ & $0.00870038$ & $0.0402978$ & $0.0352811$ & $0.0178365$ & $-0.0781517$ & $0.0214175$ \\
CHQ1_33 & $-0.0121517$ & $-0.0288808$ & $-0.0625274$ & $-0.0148951$ & $0.0126047$ & $0.0110333$ & $0.0819974$ & $-0.695229$ & $-0.68878$ & $0.554347$ & $0.340195$ & $-0.230103$ & $-0.41861$ & $0.47052$ & $0.0765737$ & $0.0926019$ & $0.680436$ & $0.632584$ & $0.626364$ & $-0.286589$ & $-0.397008$ & $-0.390126$ & $-0.124585$ & $1$ & $0.65026$ & $0.20473$ & $-0.419631$ & $-0.0122276$ & $-0.000269134$ & $-0.14638$ & $-0.0733741$ & $0.066753$ & $-0.113026$ & $-0.632073$ & $-0.0232893$ & $-0.0540199$ & $0.0227482$ & $0.033614$ & $0.0771567$ & $0.0352156$ & $0.0182806$ & $0.019533$ & $-0.014707$ & $-0.022653$ & $-0.0323107$ & $-0.00499127$ & $-0.04713$ & $0.0269973$ & $0.0860392$ \\
CHQ3_11 & $-0.0637044$ & $-0.0531815$ & $-0.0723423$ & $-0.00935494$ & $-0.00426819$ & $-0.0690018$ & $0.0952854$ & $-0.440396$ & $-0.437816$ & $0.488213$ & $0.0684763$ & $-0.30038$ & $-0.40189$ & $0.58095$ & $-0.163734$ & $-0.158985$ & $0.779147$ & $0.796492$ & $0.800206$ & $-0.0630584$ & $-0.0739738$ & $-0.079818$ & $0.088452$ & $0.65026$ & $1$ & $0.0362831$ & $0.203636$ & $-0.0136958$ & $-0.00470834$ & $-0.130447$ & $-0.0666513$ & $0.0674557$ & $-0.116455$ & $-0.210111$ & $-0.0325601$ & $-0.0419257$ & $0.025288$ & $0.0139394$ & $0.0275141$ & $0.0190303$ & $0.0214072$ & $0.00435033$ & $-0.00423335$ & $-0.00293846$ & $-0.013134$ & $-0.0077949$ & $-0.0633532$ & $0.0284494$ & $0.0734751$ \\
CHu_11 & $-0.0188402$ & $0.0180692$ & $0.00373371$ & $0.000880132$ & $0.0160048$ & $0.0786217$ & $0.0267705$ & $-0.481892$ & $-0.475197$ & $0.202834$ & $0.530353$ & $0.0224794$ & $-0.108539$ & $-0.227599$ & $-0.191667$ & $-0.17349$ & $-0.0857521$ & $0.0622645$ & $0.0531286$ & $-0.520539$ & $-0.533639$ & $-0.516867$ & $-0.674125$ & $0.20473$ & $0.0362831$ & $1$ & $-0.170423$ & $-0.140485$ & $0.0167577$ & $-0.0412304$ & $-0.0189123$ & $0.0314764$ & $-0.053979$ & $-0.2424$ & $-0.0480811$ & $-0.0332157$ & $0.0175812$ & $-0.00762121$ & $0.0125727$ & $0.0177135$ & $0.0259985$ & $0.0195369$ & $-0.0394815$ & $0.0109744$ & $-0.0505358$ & $-0.0189383$ & $-0.0183418$ & $0.0299586$ & $-0.0352719$ \\
CHd_11 & $-0.0463655$ & $-0.0129326$ & $0.0206059$ & $0.0250959$ & $-0.0290171$ & $-0.0722681$ & $-0.0122571$ & $0.407481$ & $0.400886$ & $-0.213765$ & $-0.276924$ & $0.016258$ & $0.133558$ & $-0.117388$ & $-0.399812$ & $-0.402221$ & $-0.169469$ & $-0.0100777$ & $-0.00443133$ & $0.201643$ & $0.360143$ & $0.3476$ & $0.360709$ & $-0.419631$ & $0.203636$ & $-0.170423$ & $1$ & $0.0649199$ & $0.00220389$ & $0.0637826$ & $0.0219742$ & $-0.0158848$ & $0.0461333$ & $0.677072$ & $0.00418343$ & $0.0184118$ & $-0.000621436$ & $-0.0117854$ & $-0.0695768$ & $-0.0474638$ & $0.0380762$ & $-0.00601176$ & $0.00357485$ & $0.0400001$ & $0.0126675$ & $0.0153164$ & $-0.00643985$ & $-0.0225875$ & $-0.0388464$ \\
CHd_33 & $0.0107732$ & $0.0165587$ & $0.0177467$ & $-0.00598092$ & $0.0143556$ & $-0.0432412$ & $-0.0504387$ & $0.266528$ & $0.256346$ & $-0.0915831$ & $-0.308261$ & $-0.0019689$ & $0.0694801$ & $0.181782$ & $0.127243$ & $0.0745503$ & $0.048276$ & $-0.0239004$ & $0.0124637$ & $0.305194$ & $0.30894$ & $0.303901$ & $-0.048832$ & $-0.0122276$ & $-0.0136958$ & $-0.140485$ & $0.0649199$ & $1$ & $0.00233542$ & $0.0271809$ & $0.0116082$ & $-0.0465272$ & $0.0290703$ & $0.100288$ & $-0.000535281$ & $-0.0526242$ & $-0.0021407$ & $0.00840584$ & $0.0151415$ & $-0.0418423$ & $0.0241137$ & $-0.0194804$ & $0.00564434$ & $-0.00215283$ & $-0.0282131$ & $-0.00329746$ & $0.0029774$ & $0.0543569$ & $-0.0290661$ \\
CeH_22r & $0.00159648$ & $0.0136902$ & $0.0509411$ & $-0.00813315$ & $0.00773505$ & $0.0102563$ & $0.0321377$ & $0.00306235$ & $0.00759206$ & $0.0204589$ & $-0.000589624$ & $0.0732481$ & $0.0532916$ & $-0.00759955$ & $0.00734161$ & $0.00556068$ & $-0.00451959$ & $-0.0102163$ & $-0.00353987$ & $0.00164076$ & $0.00104335$ & $-0.000211393$ & $-0.0176423$ & $-0.000269134$ & $-0.00470834$ & $0.0167577$ & $0.00220389$ & $0.00233542$ & $1$ & $0.05452$ & $0.0154348$ & $0.0145601$ & $0.0339896$ & $-0.00380035$ & $-0.0129017$ & $-0.0165467$ & $-0.0185193$ & $0.0109227$ & $0.0191188$ & $0.000375485$ & $-0.000839711$ & $0.0012278$ & $-0.000492426$ & $0.00774814$ & $-0.0159655$ & $0.027178$ & $0.0180106$ & $0.0119208$ & $-0.03186$ \\
CeH_33r & $0.0145075$ & $0.0311689$ & $0.0352989$ & $0.0143196$ & $0.0035196$ & $0.034988$ & $-0.121098$ & $0.1431$ & $0.163912$ & $-0.155987$ & $-0.0822614$ & $0.347572$ & $0.291728$ & $-0.0686219$ & $0.0530677$ & $0.0239465$ & $-0.139666$ & $-0.151533$ & $-0.12765$ & $0.0841195$ & $0.0860155$ & $0.0869228$ & $0.0194331$ & $-0.14638$ & $-0.130447$ & $-0.0412304$ & $0.0637826$ & $0.0271809$ & $0.05452$ & $1$ & $0.31434$ & $0.0259772$ & $0.697624$ & $0.0647724$ & $-0.0295076$ & $0.00177408$ & $-0.0966294$ & $-0.0306554$ & $-0.00406112$ & $-0.0314489$ & $-0.00669344$ & $0.00500093$ & $0.0304233$ & $-0.00330735$ & $0.0303197$ & $0.00529097$ & $0.0128351$ & $0.0170543$ & $-0.0322244$ \\
CuH_22r & $0.00489566$ & $0.0286887$ & $0.0484384$ & $0.0398154$ & $0.0102548$ & $0.0248598$ & $-0.0753988$ & $0.0510292$ & $0.062214$ & $-0.0705448$ & $-0.0150191$ & $0.137467$ & $0.135637$ & $-0.0500419$ & $-0.002958$ & $0.0197065$ & $-0.0761265$ & $-0.063513$ & $-0.0814792$ & $0.0149959$ & $0.018568$ & $0.0167911$ & $0.0144338$ & $-0.0733741$ & $-0.0666513$ & $-0.0189123$ & $0.0219742$ & $0.0116082$ & $0.0154348$ & $0.31434$ & $1$ & $0.0050847$ & $0.339613$ & $0.0427742$ & $0.023047$ & $0.0315562$ & $-0.0847344$ & $-0.0201704$ & $-0.0148105$ & $-0.0145579$ & $0.0207624$ & $-0.0321511$ & $0.0344661$ & $0.0470808$ & $-0.00533839$ & $0.0942891$ & $0.188395$ & $0.0136546$ & $-0.112818$ \\
CuH_33r & $0.0590484$ & $-0.00281749$ & $0.00807425$ & $0.0895577$ & $0.0179184$ & $-0.0222226$ & $0.938095$ & $-0.0905383$ & $-0.043612$ & $0.0770592$ & $0.0692697$ & $-0.141113$ & $-0.247523$ & $0.0148421$ & $-0.0416337$ & $-0.0367078$ & $0.0516384$ & $0.0699024$ & $0.0660052$ & $-0.068377$ & $-0.0673594$ & $-0.0697138$ & $0.0115454$ & $0.066753$ & $0.0674557$ & $0.0314764$ & $-0.0158848$ & $-0.0465272$ & $0.0145601$ & $0.0259772$ & $0.0050847$ & $1$ & $0.0310211$ & $-0.0370222$ & $0.0394996$ & $0.121447$ & $-0.0327558$ & $-0.0323643$ & $-0.0470756$ & $0.043566$ & $0.0597936$ & $-0.0353637$ & $-0.0254738$ & $0.000267828$ & $-0.00231181$ & $0.0500929$ & $0.016951$ & $-0.0414126$ & $0.00832259$ \\
CdH_33r & $-0.048999$ & $-0.0429657$ & $0.00929972$ & $-0.00838106$ & $0.0194843$ & $0.00505881$ & $-0.151093$ & $0.126447$ & $0.152144$ & $-0.146326$ & $-0.0740528$ & $0.421953$ & $0.343066$ & $-0.0605448$ & $0.037535$ & $0.025048$ & $-0.118492$ & $-0.123119$ & $-0.115025$ & $0.0758786$ & $0.076221$ & $0.0746588$ & $0.0137101$ & $-0.113026$ & $-0.116455$ & $-0.053979$ & $0.0461333$ & $0.0290703$ & $0.0339896$ & $0.697624$ & $0.339613$ & $0.0310211$ & $1$ & $0.062959$ & $-0.0430916$ & $-0.00664508$ & $-0.0800801$ & $-0.0546044$ & $0.104316$ & $-0.0162605$ & $-0.0582224$ & $-0.00527917$ & $0.0379862$ & $-0.0936453$ & $0.0248732$ & $-0.0180524$ & $-0.129382$ & $0.102905$ & $0.258165$ \\
CLL_1221 & $-0.00835868$ & $0.0257534$ & $0.0592226$ & $0.022249$ & $-0.00748796$ & $-0.119729$ & $-0.0397193$ & $0.559131$ & $0.547661$ & $-0.334794$ & $-0.36747$ & $0.0579396$ & $0.22595$ & $-0.222611$ & $-0.589121$ & $-0.111347$ & $-0.261279$ & $0.0266667$ & $-0.342445$ & $0.286424$ & $0.456437$ & $0.449647$ & $0.19606$ & $-0.632073$ & $-0.210111$ & $-0.2424$ & $0.677072$ & $0.100288$ & $-0.00380035$ & $0.0647724$ & $0.0427742$ & $-0.0370222$ & $0.062959$ & $1$ & $0.0264882$ & $0.0394324$ & $-0.0034517$ & $-0.0303806$ & $-0.0738397$ & $-0.0531995$ & $0.0150092$ & $0.0112648$ & $-0.0336128$ & $0.0364794$ & $0.0206005$ & $0.00868272$ & $0.0452201$ & $0.00970713$ & $-0.0493124$ \\
eHggint & $0.0642817$ & $0.0387788$ & $-0.0559696$ & $0.137636$ & $-0.0146593$ & $-0.00118142$ & $-0.0211139$ & $0.0278329$ & $0.0132218$ & $0.0336053$ & $-0.0207387$ & $0.070136$ & $0.0272812$ & $-0.00916296$ & $-0.00429616$ & $-0.000301038$ & $-0.016876$ & $-0.0139745$ & $-0.0197166$ & $0.0215585$ & $0.023938$ & $0.0180679$ & $0.0341214$ & $-0.0232893$ & $-0.0325601$ & $-0.0480811$ & $0.00418343$ & $-0.000535281$ & $-0.0129017$ & $-0.0295076$ & $0.023047$ & $0.0394996$ & $-0.0430916$ & $0.0264882$ & $1$ & $0.322309$ & $0.146536$ & $-0.0114247$ & $-0.092288$ & $-0.0262228$ & $0.00855453$ & $0.0171214$ & $-0.161064$ & $-0.00360523$ & $0.0506457$ & $0.227634$ & $0.262926$ & $-0.0758515$ & $0.00925879$ \\
eHggpar & $0.00318794$ & $-0.0887784$ & $-0.265824$ & $0.281853$ & $0.00347297$ & $0.0192357$ & $0.074435$ & $0.0232099$ & $0.0174289$ & $-0.0401553$ & $0.0030914$ & $0.0239497$ & $0.0247191$ & $-0.0340765$ & $-0.0343362$ & $0.00385515$ & $-0.0601502$ & $-0.02357$ & $-0.0600832$ & $-0.00516582$ & $-2.7786e-05$ & $-0.0124832$ & $0.0509301$ & $-0.0540199$ & $-0.0419257$ & $-0.0332157$ & $0.0184118$ & $-0.0526242$ & $-0.0165467$ & $0.00177408$ & $0.0315562$ & $0.121447$ & $-0.00664508$ & $0.0394324$ & $0.322309$ & $1$ & $0.124627$ & $-0.112304$ & $0.0160144$ & $-0.0465767$ & $0.100037$ & $0.00811641$ & $-0.0385278$ & $0.180152$ & $0.234411$ & $0.0118216$ & $0.252732$ & $-0.108177$ & $0.071089$ \\
eHWWint & $-0.0454983$ & $-0.280175$ & $-0.109204$ & $-0.196669$ & $0.0099251$ & $0.00393748$ & $-0.0180813$ & $0.00410483$ & $-0.0145632$ & $0.00835318$ & $-0.0177276$ & $-0.0208572$ & $-0.0138651$ & $0.0440068$ & $-0.00818812$ & $-0.00969259$ & $0.0243995$ & $0.0349973$ & $0.0356816$ & $0.0130054$ & $0.0153491$ & $0.016663$ & $-0.0323267$ & $0.0227482$ & $0.025288$ & $0.0175812$ & $-0.000621436$ & $-0.0021407$ & $-0.0185193$ & $-0.0966294$ & $-0.0847344$ & $-0.0327558$ & $-0.0800801$ & $-0.0034517$ & $0.146536$ & $0.124627$ & $1$ & $-0.0141769$ & $-0.0467015$ & $-0.0138962$ & $0.0227093$ & $0.137956$ & $-0.292802$ & $0.0987807$ & $0.192455$ & $-0.052081$ & $-0.170283$ & $0.174165$ & $0.15865$ \\
eHWWpar & $0.0429301$ & $0.0675628$ & $0.0409664$ & $-0.0563203$ & $0.00795537$ & $-0.0279548$ & $-0.0230015$ & $-0.011817$ & $-0.0105991$ & $0.0164859$ & $0.000116315$ & $-0.0068784$ & $-0.00172138$ & $0.00913936$ & $0.0312242$ & $0.0161097$ & $0.0241048$ & $-9.31856e-06$ & $0.011369$ & $0.00531355$ & $-0.00201454$ & $-0.00329339$ & $0.00766381$ & $0.033614$ & $0.0139394$ & $-0.00762121$ & $-0.0117854$ & $0.00840584$ & $0.0109227$ & $-0.0306554$ & $-0.0201704$ & $-0.0323643$ & $-0.0546044$ & $-0.0303806$ & $-0.0114247$ & $-0.112304$ & $-0.0141769$ & $1$ & $-0.0451691$ & $0.0483446$ & $-0.0479608$ & $-0.0607991$ & $0.0311031$ & $0.0477531$ & $0.0168736$ & $0.0416933$ & $-0.0160962$ & $0.0342461$ & $-0.0552411$ \\
eHZZint & $-0.266936$ & $-0.066314$ & $0.0113463$ & $-0.158151$ & $0.062835$ & $-0.0412957$ & $-0.0456484$ & $-0.0783805$ & $-0.0818443$ & $0.0486365$ & $0.0722858$ & $-0.0116189$ & $-0.0429827$ & $-0.016919$ & $0.0196969$ & $0.0237693$ & $0.0277379$ & $0.00737594$ & $0.0116282$ & $-0.0696924$ & $-0.0782275$ & $-0.0679237$ & $-0.00442502$ & $0.0771567$ & $0.0275141$ & $0.0125727$ & $-0.0695768$ & $0.0151415$ & $0.0191188$ & $-0.00406112$ & $-0.0148105$ & $-0.0470756$ & $0.104316$ & $-0.0738397$ & $-0.092288$ & $0.0160144$ & $-0.0467015$ & $-0.0451691$ & $1$ & $-0.0512972$ & $0.179966$ & $0.0155952$ & $-0.154183$ & $-0.0253531$ & $0.15191$ & $0.0697701$ & $0.113296$ & $0.136521$ & $0.368322$ \\
eHZZpar & $-0.0319995$ & $-0.0270663$ & $-0.0335483$ & $0.0333747$ & $0.0133066$ & $-0.0180649$ & $0.0480406$ & $-0.0522743$ & $-0.0461609$ & $0.0412729$ & $0.0405859$ & $-0.0248016$ & $-0.0509738$ & $0.00327218$ & $0.0132311$ & $-0.00994711$ & $0.0268041$ & $0.0141787$ & $0.0299321$ & $-0.0385001$ & $-0.0442681$ & $-0.0449871$ & $-0.00711313$ & $0.0352156$ & $0.0190303$ & $0.0177135$ & $-0.0474638$ & $-0.0418423$ & $0.000375485$ & $-0.0314489$ & $-0.0145579$ & $0.043566$ & $-0.0162605$ & $-0.0531995$ & $-0.0262228$ & $-0.0465767$ & $-0.0138962$ & $0.0483446$ & $-0.0512972$ & $1$ & $0.0121252$ & $-0.0301662$ & $0.0116139$ & $-0.0400591$ & $-0.0805428$ & $0.0342282$ & $-0.00617886$ & $-0.0427393$ & $0.0261523$ \\
eHZgaint & $-0.266894$ & $0.0801687$ & $0.101884$ & $0.0266258$ & $-0.00745625$ & $0.0340935$ & $0.0580804$ & $-0.011971$ & $-0.00836932$ & $-0.0580375$ & $0.0211887$ & $-0.0557907$ & $-0.0210386$ & $-0.00175734$ & $-0.0380226$ & $-0.00584006$ & $-0.0291637$ & $0.00879386$ & $-0.0105907$ & $-0.0223299$ & $-0.0156162$ & $-0.0160152$ & $0.00764035$ & $0.0182806$ & $0.0214072$ & $0.0259985$ & $0.0380762$ & $0.0241137$ & $-0.000839711$ & $-0.00669344$ & $0.0207624$ & $0.0597936$ & $-0.0582224$ & $0.0150092$ & $0.00855453$ & $0.100037$ & $0.0227093$ & $-0.0479608$ & $0.179966$ & $0.0121252$ & $1$ & $0.0205439$ & $0.0497654$ & $0.206482$ & $0.0593123$ & $-0.163656$ & $0.119183$ & $-0.0710212$ & $-0.0989537$ \\
eHZgapar & $-0.0309672$ & $-0.0241204$ & $-0.0547745$ & $0.0207057$ & $0.0460909$ & $0.019039$ & $-0.0298765$ & $-0.0238725$ & $-0.0357772$ & $-0.00857968$ & $0.0284345$ & $0.00118616$ & $-0.000190183$ & $-0.01376$ & $-0.0324808$ & $0.0151125$ & $-0.00170597$ & $0.0185839$ & $-0.0172346$ & $-0.0312719$ & $-0.0282778$ & $-0.0296491$ & $-0.0209353$ & $0.019533$ & $0.00435033$ & $0.0195369$ & $-0.00601176$ & $-0.0194804$ & $0.0012278$ & $0.00500093$ & $-0.0321511$ & $-0.0353637$ & $-0.00527917$ & $0.0112648$ & $0.0171214$ & $0.00811641$ & $0.137956$ & $-0.0607991$ & $0.0155952$ & $-0.0301662$ & $0.0205439$ & $1$ & $-0.18367$ & $0.00788466$ & $0.000915602$ & $0.022941$ & $-0.0196203$ & $-0.0033482$ & $0.0427653$ \\
eHgagaint & $0.0629965$ & $-0.0651845$ & $0.120505$ & $-0.156931$ & $-0.0242344$ & $-0.00957031$ & $-0.0245714$ & $0.0312427$ & $0.0689522$ & $-0.0103688$ & $-0.0339486$ & $0.0215769$ & $0.0171177$ & $0.0137883$ & $0.0574253$ & $0.0139608$ & $-0.0105458$ & $-0.0362996$ & $-0.00235328$ & $0.0385261$ & $0.0287544$ & $0.0276818$ & $0.0246205$ & $-0.014707$ & $-0.00423335$ & $-0.0394815$ & $0.00357485$ & $0.00564434$ & $-0.000492426$ & $0.0304233$ & $0.0344661$ & $-0.0254738$ & $0.0379862$ & $-0.0336128$ & $-0.161064$ & $-0.0385278$ & $-0.292802$ & $0.0311031$ & $-0.154183$ & $0.0116139$ & $0.0497654$ & $-0.18367$ & $1$ & $-0.058058$ & $-0.127297$ & $-0.268133$ & $-0.00459415$ & $-0.0699368$ & $-0.0693655$ \\
eHmumuint & $0.0346254$ & $0.158748$ & $0.170615$ & $0.104059$ & $0.0433198$ & $0.0171392$ & $-0.00150459$ & $-0.00137051$ & $-0.00985099$ & $-0.031653$ & $0.0172352$ & $-0.0285557$ & $-0.0173905$ & $-8.24841e-05$ & $-0.0514595$ & $-0.0163303$ & $-0.0481974$ & $0.0067007$ & $-0.0248888$ & $-0.0169278$ & $-0.00937131$ & $-0.0161742$ & $0.00870038$ & $-0.022653$ & $-0.00293846$ & $0.0109744$ & $0.0400001$ & $-0.00215283$ & $0.00774814$ & $-0.00330735$ & $0.0470808$ & $0.000267828$ & $-0.0936453$ & $0.0364794$ & $-0.00360523$ & $0.180152$ & $0.0987807$ & $0.0477531$ & $-0.0253531$ & $-0.0400591$ & $0.206482$ & $0.00788466$ & $-0.058058$ & $1$ & $0.0831235$ & $0.210436$ & $0.0783833$ & $0.116697$ & $-0.280085$ \\
eHtautauint & $0.0631689$ & $-0.178624$ & $0.0984162$ & $-0.142442$ & $-0.0384486$ & $-7.61282e-05$ & $-0.017491$ & $0.0358823$ & $0.024333$ & $-0.0437829$ & $-0.0314312$ & $-0.0111237$ & $0.0228352$ & $0.0136043$ & $-3.83108e-05$ & $0.0169176$ & $-0.0108531$ & $-0.00601659$ & $-0.0156421$ & $0.0276342$ & $0.0307587$ & $0.0355999$ & $0.0402978$ & $-0.0323107$ & $-0.013134$ & $-0.0505358$ & $0.0126675$ & $-0.0282131$ & $-0.0159655$ & $0.0303197$ & $-0.00533839$ & $-0.00231181$ & $0.0248732$ & $0.0206005$ & $0.0506457$ & $0.234411$ & $0.192455$ & $0.0168736$ & $0.15191$ & $-0.0805428$ & $0.0593123$ & $0.000915602$ & $-0.127297$ & $0.0831235$ & $1$ & $-0.121001$ & $0.193579$ & $0.252457$ & $0.0945441$ \\
eHccint & $-0.0388412$ & $0.064633$ & $-0.0716026$ & $0.0284159$ & $0.00412506$ & $-0.0123351$ & $0.0431232$ & $0.00544642$ & $-0.00532675$ & $-0.0126352$ & $0.00269767$ & $-0.0145114$ & $-0.0188542$ & $-0.0066426$ & $-0.00745039$ & $0.0143566$ & $-0.024061$ & $-0.0110229$ & $-0.0223872$ & $-0.000190186$ & $-0.00167498$ & $0.00500563$ & $0.0352811$ & $-0.00499127$ & $-0.0077949$ & $-0.0189383$ & $0.0153164$ & $-0.00329746$ & $0.027178$ & $0.00529097$ & $0.0942891$ & $0.0500929$ & $-0.0180524$ & $0.00868272$ & $0.227634$ & $0.0118216$ & $-0.052081$ & $0.0416933$ & $0.0697701$ & $0.0342282$ & $-0.163656$ & $0.022941$ & $-0.268133$ & $0.210436$ & $-0.121001$ & $1$ & $0.20032$ & $0.0310055$ & $-0.0197231$ \\
eHccpar & $0.0454792$ & $-0.029209$ & $0.10105$ & $0.0259236$ & $0.0368039$ & $0.0143106$ & $-0.0161718$ & $0.039866$ & $0.0244729$ & $-0.0233962$ & $-0.0181938$ & $0.0246857$ & $0.0289377$ & $-0.0362569$ & $-0.00955029$ & $0.0517638$ & $-0.0340959$ & $-0.0316505$ & $-0.0754518$ & $0.0173567$ & $0.0209988$ & $0.0186584$ & $0.0178365$ & $-0.04713$ & $-0.0633532$ & $-0.0183418$ & $-0.00643985$ & $0.0029774$ & $0.0180106$ & $0.0128351$ & $0.188395$ & $0.016951$ & $-0.129382$ & $0.0452201$ & $0.262926$ & $0.252732$ & $-0.170283$ & $-0.0160962$ & $0.113296$ & $-0.00617886$ & $0.119183$ & $-0.0196203$ & $-0.00459415$ & $0.0783833$ & $0.193579$ & $0.20032$ & $1$ & $0.0436298$ & $-0.40706$ \\
eHbbint & $-0.0999045$ & $-0.171392$ & $0.214056$ & $-0.0488289$ & $0.0149106$ & $-0.0617466$ & $-0.0434441$ & $0.0238549$ & $0.0132512$ & $0.0249807$ & $-0.0471205$ & $0.0137197$ & $0.00982983$ & $0.0610661$ & $0.00809383$ & $0.0779352$ & $0.0443381$ & $0.0462461$ & $-0.00623258$ & $0.0480008$ & $0.0394759$ & $0.0471456$ & $-0.0781517$ & $0.0269973$ & $0.0284494$ & $0.0299586$ & $-0.0225875$ & $0.0543569$ & $0.0119208$ & $0.0170543$ & $0.0136546$ & $-0.0414126$ & $0.102905$ & $0.00970713$ & $-0.0758515$ & $-0.108177$ & $0.174165$ & $0.0342461$ & $0.136521$ & $-0.0427393$ & $-0.0710212$ & $-0.0033482$ & $-0.0699368$ & $0.116697$ & $0.252457$ & $0.0310055$ & $0.0436298$ & $1$ & $-0.0266662$ \\
eHbbpar & $-0.212386$ & $-0.218488$ & $-0.159067$ & $-0.195599$ & $-0.00568093$ & $-0.0581156$ & $0.0300277$ & $-0.0592343$ & $-0.0536786$ & $0.0596298$ & $0.0270835$ & $-0.0338224$ & $-0.0462789$ & $0.0473079$ & $-0.00501861$ & $-0.0202018$ & $0.0691105$ & $0.0697934$ & $0.076526$ & $-0.0279008$ & $-0.0346464$ & $-0.0306144$ & $0.0214175$ & $0.0860392$ & $0.0734751$ & $-0.0352719$ & $-0.0388464$ & $-0.0290661$ & $-0.03186$ & $-0.0322244$ & $-0.112818$ & $0.00832259$ & $0.258165$ & $-0.0493124$ & $0.00925879$ & $0.071089$ & $0.15865$ & $-0.0552411$ & $0.368322$ & $0.0261523$ & $-0.0989537$ & $0.0427653$ & $-0.0693655$ & $-0.280085$ & $0.0945441$ & $-0.0197231$ & $-0.40706$ & $-0.0266662$ & $1$ \\
