 & AlsMz & dAle5Mz & mtop & mHl & Mz & CW & CHG & CHWB & CHWHB_gaga & CHWHB_gagaorth & CHD & CHbox & CH & CHL1_11 & CHL1_22 & CHL1_33 & CHL3_11 & CHL3_22 & CHL3_33 & CHe_11 & CHe_22 & CHe_33 & CHQ1_11 & CHQ1_33 & CHQ3_11 & CHu_11 & CHd_11 & CHd_33 & CeH_22r & CeH_33r & CuH_22r & CuH_33r & CdH_33r & CLL_1221 & eHggint & eHggpar & eHWWint & eHWWpar & eHZZint & eHZZpar & eHZgaint & eHZgapar & eHgagaint & eHmumuint & eHtautauint & eHccint & eHccpar & eHbbint & eHbbpar \\
AlsMz & $1$ & $0.0293243$ & $0.0543658$ & $0.0876849$ & $0.00132255$ & $0.000497763$ & $-0.0151836$ & $0.0146696$ & $0.00963542$ & $-0.0146036$ & $-0.0109493$ & $0.0301074$ & $0.033635$ & $-0.0306473$ & $-0.0318391$ & $0.00919858$ & $-0.0163547$ & $-0.00100921$ & $-0.0351589$ & $0.00136933$ & $0.00515839$ & $-0.000214686$ & $-0.00309035$ & $-0.0772802$ & $-0.133053$ & $-0.03243$ & $-0.00160973$ & $0.0289598$ & $-0.00846196$ & $-0.00193257$ & $0.0517771$ & $0.0040605$ & $0.00586611$ & $0.0442837$ & $0.10312$ & $-0.0226507$ & $-0.0177445$ & $-0.00256806$ & $-0.106713$ & $0.0335276$ & $-0.0646224$ & $-0.0152498$ & $-0.00234734$ & $-0.0484258$ & $0.0195131$ & $0.00371307$ & $0.110609$ & $-0.0336416$ & $0.00868454$ \\
dAle5Mz & $0.0293243$ & $1$ & $-0.01958$ & $0.138981$ & $-0.0156504$ & $0.0163267$ & $-0.00262748$ & $-0.0914632$ & $-0.0835883$ & $0.0597381$ & $0.0565011$ & $-0.00131947$ & $-0.0124613$ & $0.012945$ & $-0.0312778$ & $-0.00823238$ & $0.0518861$ & $0.0608238$ & $0.0410854$ & $-0.0312051$ & $-0.0311015$ & $-0.0317107$ & $1.06941e-05$ & $0.0608608$ & $0.0498521$ & $0.0305505$ & $0.000745083$ & $0.00350968$ & $-0.0166403$ & $-0.0173114$ & $0.0387892$ & $0.001585$ & $-0.0608683$ & $0.0193643$ & $0.0415062$ & $0.0126051$ & $0.0167349$ & $0.00416146$ & $0.0395241$ & $0.0121332$ & $-0.00415247$ & $0.0185404$ & $0.0584297$ & $0.0491738$ & $-0.00735518$ & $0.00984084$ & $0.0749409$ & $0.087657$ & $-0.108357$ \\
mtop & $0.0543658$ & $-0.01958$ & $1$ & $0.026231$ & $0.00450025$ & $0.00475728$ & $0.00776546$ & $0.00476524$ & $0.0088162$ & $0.00796638$ & $0.00379066$ & $0.0230506$ & $0.0223405$ & $-0.000288517$ & $0.000713833$ & $0.00529493$ & $-0.00288726$ & $-0.00282436$ & $-0.00604008$ & $0.00181812$ & $0.00288473$ & $-0.000282374$ & $-0.0077605$ & $-0.00439137$ & $-0.00905426$ & $0.0094541$ & $-0.000610943$ & $0.0106727$ & $-0.00392294$ & $0.00187535$ & $-0.0155383$ & $0.0168588$ & $0.0286173$ & $0.0024572$ & $0.0790058$ & $-0.0442339$ & $0.0864428$ & $0.049406$ & $-0.0440749$ & $-0.0267881$ & $-0.0600378$ & $-0.000862841$ & $0.08487$ & $-0.021065$ & $-0.00772206$ & $-0.00839632$ & $-0.0133974$ & $-0.00357608$ & $0.0898657$ \\
mHl & $0.0876849$ & $0.138981$ & $0.026231$ & $1$ & $0.015859$ & $-0.00953396$ & $-0.00110251$ & $0.0175921$ & $0.0196952$ & $0.0186034$ & $-0.0329299$ & $0.035895$ & $0.0327494$ & $0.0220144$ & $0.0100048$ & $0.0252185$ & $0.0299563$ & $0.0182472$ & $0.00451114$ & $0.0370118$ & $0.0352004$ & $0.0287307$ & $-0.00358392$ & $0.00507946$ & $0.0100476$ & $-0.00960592$ & $0.0166733$ & $0.0183095$ & $-0.0165387$ & $-0.032072$ & $-0.036519$ & $-0.00273344$ & $-0.121739$ & $0.0203086$ & $0.0810103$ & $0.0181709$ & $0.0769247$ & $0.000909384$ & $0.0513964$ & $0.00749426$ & $0.0384109$ & $0.0200812$ & $0.0353066$ & $-0.0178775$ & $0.0152572$ & $0.0833317$ & $-0.0299196$ & $-0.0772499$ & $-0.125076$ \\
Mz & $0.00132255$ & $-0.0156504$ & $0.00450025$ & $0.015859$ & $1$ & $-0.0154421$ & $-0.00516913$ & $-0.00204663$ & $-0.00176945$ & $-0.00251763$ & $0.0166243$ & $-0.00888304$ & $-0.0083744$ & $-0.0101442$ & $-0.0204045$ & $0.00433525$ & $-0.00995866$ & $0.00330896$ & $-0.0169958$ & $-0.00976333$ & $-0.00731445$ & $-0.0030375$ & $0.00557118$ & $-0.00347822$ & $-0.00919645$ & $-0.00497849$ & $0.0025141$ & $-0.00249632$ & $-0.00484686$ & $-0.0046267$ & $-0.0160751$ & $-0.00591949$ & $0.0138374$ & $0.0140736$ & $0.0156922$ & $-0.0221744$ & $0.00478108$ & $0.0223943$ & $-0.0332365$ & $0.0197417$ & $0.0108331$ & $-0.00579794$ & $0.00501894$ & $0.00311619$ & $-0.0102998$ & $0.00921475$ & $-0.022841$ & $0.00243821$ & $0.0242888$ \\
CW & $0.000497763$ & $0.0163267$ & $0.00475728$ & $-0.00953396$ & $-0.0154421$ & $1$ & $0.0024802$ & $-0.0985273$ & $-0.0967811$ & $-0.00599279$ & $0.159776$ & $0.0388898$ & $0.0283345$ & $0.0278461$ & $-0.0726312$ & $-0.082842$ & $-0.257689$ & $-0.0553513$ & $-0.0456583$ & $-0.159033$ & $-0.160822$ & $-0.160041$ & $-0.000988305$ & $-0.0160024$ & $-0.0852301$ & $0.0836728$ & $-0.0574444$ & $-0.0570553$ & $0.0179605$ & $-0.0143113$ & $0.0155332$ & $0.00602907$ & $0.00719919$ & $-0.10382$ & $0.0234652$ & $0.0149481$ & $0.00139278$ & $-0.0139475$ & $-0.0204403$ & $0.00292741$ & $-0.00177198$ & $-0.00846774$ & $0.0137065$ & $0.012811$ & $0.0129179$ & $-0.0344116$ & $0.0225192$ & $0.0390543$ & $0.00180368$ \\
CHG & $-0.0151836$ & $-0.00262748$ & $0.00776546$ & $-0.00110251$ & $-0.00516913$ & $0.0024802$ & $1$ & $-0.106362$ & $-0.0529981$ & $0.0723042$ & $0.0512173$ & $-0.297499$ & $-0.303119$ & $0.0772487$ & $-0.0277588$ & $-0.0278528$ & $0.110803$ & $0.120327$ & $0.121531$ & $-0.0496346$ & $-0.0535459$ & $-0.0537083$ & $-0.00884488$ & $0.124231$ & $0.115898$ & $0.0297457$ & $-0.0384584$ & $-0.0272972$ & $0.0126632$ & $-0.135102$ & $-0.0861102$ & $0.945057$ & $-0.157058$ & $-0.0638019$ & $-0.0336739$ & $-0.0338321$ & $0.0516378$ & $-0.00697133$ & $-0.0112602$ & $-0.0129455$ & $-0.014436$ & $0.00303786$ & $-0.00635228$ & $-0.00449507$ & $-0.00279405$ & $-0.00016851$ & $-0.0254514$ & $-0.0144928$ & $-0.00835185$ \\
CHWB & $0.0146696$ & $-0.0914632$ & $0.00476524$ & $0.0175921$ & $-0.00204663$ & $-0.0985273$ & $-0.106362$ & $1$ & $0.982921$ & $-0.602677$ & $-0.877538$ & $0.303049$ & $0.394904$ & $0.0744707$ & $0.285761$ & $0.295439$ & $-0.26528$ & $-0.440236$ & $-0.455524$ & $0.84788$ & $0.89452$ & $0.876936$ & $0.0711479$ & $-0.680784$ & $-0.419871$ & $-0.506319$ & $0.415646$ & $0.297967$ & $0.0145536$ & $0.151604$ & $0.0505112$ & $-0.0979457$ & $0.142632$ & $0.566706$ & $-0.0334581$ & $0.0150738$ & $-0.0243047$ & $-0.00860578$ & $0.0304792$ & $0.00763013$ & $0.0205213$ & $-0.00905991$ & $-0.00870989$ & $-0.0267755$ & $0.00788894$ & $-0.0283665$ & $-0.0131151$ & $-0.0491382$ & $0.0294681$ \\
CHWHB_gaga & $0.00963542$ & $-0.0835883$ & $0.0088162$ & $0.0196952$ & $-0.00176945$ & $-0.0967811$ & $-0.0529981$ & $0.982921$ & $1$ & $-0.592069$ & $-0.861161$ & $0.300519$ & $0.388224$ & $0.0702456$ & $0.283632$ & $0.288528$ & $-0.264417$ & $-0.43733$ & $-0.449188$ & $0.832723$ & $0.878124$ & $0.86049$ & $0.0698614$ & $-0.669416$ & $-0.413619$ & $-0.496921$ & $0.409727$ & $0.289994$ & $0.0218922$ & $0.1696$ & $0.0585705$ & $-0.0533515$ & $0.156588$ & $0.554451$ & $-0.04775$ & $0.00835993$ & $-0.0324468$ & $-0.011541$ & $0.0219529$ & $0.00313541$ & $0.0292959$ & $-0.00891693$ & $0.0633608$ & $-0.0322054$ & $0.00055423$ & $-0.0207817$ & $-0.0205129$ & $-0.052727$ & $0.0274843$ \\
CHWHB_gagaorth & $-0.0146036$ & $0.0597381$ & $0.00796638$ & $0.0186034$ & $-0.00251763$ & $-0.00599279$ & $0.0723042$ & $-0.602677$ & $-0.592069$ & $1$ & $0.388705$ & $-0.098303$ & $-0.276643$ & $0.234732$ & $-0.128399$ & $-0.143814$ & $0.434923$ & $0.488787$ & $0.50715$ & $-0.374003$ & $-0.404997$ & $-0.396701$ & $-0.0427107$ & $0.571983$ & $0.490037$ & $0.223694$ & $-0.238112$ & $-0.13288$ & $-0.0115569$ & $-0.166754$ & $-0.094036$ & $0.0814435$ & $-0.133309$ & $-0.373015$ & $0.0730265$ & $0.0359349$ & $0.0355319$ & $-0.000664574$ & $0.00116615$ & $0.00202221$ & $-0.0693957$ & $0.0104027$ & $0.00100077$ & $0.0133682$ & $-0.0084799$ & $0.00324182$ & $-0.0167444$ & $0.0569984$ & $0.00654504$ \\
CHD & $-0.0109493$ & $0.0565011$ & $0.00379066$ & $-0.0329299$ & $0.0166243$ & $0.159776$ & $0.0512173$ & $-0.877538$ & $-0.861161$ & $0.388705$ & $1$ & $-0.108923$ & $-0.202369$ & $-0.495542$ & $-0.404773$ & $-0.418173$ & $-0.194508$ & $0.0719099$ & $0.0925391$ & $-0.990033$ & $-0.990744$ & $-0.969168$ & $-0.0150406$ & $0.316638$ & $0.0399062$ & $0.560103$ & $-0.28654$ & $-0.33703$ & $0.00149872$ & $-0.0953836$ & $-0.0188976$ & $0.0580219$ & $-0.0830191$ & $-0.376097$ & $0.0462207$ & $-0.0124135$ & $0.0115906$ & $0.01961$ & $-0.0406663$ & $-0.0176668$ & $-0.0075772$ & $0.00557572$ & $0.0102035$ & $0.0170768$ & $-0.00398352$ & $0.029949$ & $0.013383$ & $0.0413991$ & $-0.0210209$ \\
CHbox & $0.0301074$ & $-0.00131947$ & $0.0230506$ & $0.035895$ & $-0.00888304$ & $0.0388898$ & $-0.297499$ & $0.303049$ & $0.300519$ & $-0.098303$ & $-0.108923$ & $1$ & $0.96736$ & $-0.288861$ & $0.0717522$ & $0.0791628$ & $-0.402139$ & $-0.407094$ & $-0.413868$ & $0.108456$ & $0.116726$ & $0.116509$ & $0.0372904$ & $-0.385876$ & $-0.403528$ & $-0.0755788$ & $0.0936191$ & $0.0354347$ & $0.0682486$ & $0.306058$ & $0.122965$ & $-0.23202$ & $0.339021$ & $0.175639$ & $0.0811747$ & $0.0378304$ & $-0.00752909$ & $-0.000348593$ & $0.0322595$ & $0.0182017$ & $-0.00934517$ & $-0.0091157$ & $0.0287505$ & $0.0115659$ & $-0.00341891$ & $0.0092798$ & $-0.00942811$ & $0.000948416$ & $0.000645832$ \\
CH & $0.033635$ & $-0.0124613$ & $0.0223405$ & $0.0327494$ & $-0.0083744$ & $0.0283345$ & $-0.303119$ & $0.394904$ & $0.388224$ & $-0.276643$ & $-0.202369$ & $0.96736$ & $1$ & $-0.255057$ & $0.0893677$ & $0.0997069$ & $-0.396521$ & $-0.418896$ & $-0.428478$ & $0.195864$ & $0.212812$ & $0.210585$ & $0.0415854$ & $-0.435486$ & $-0.41621$ & $-0.125432$ & $0.142022$ & $0.0717259$ & $0.0648381$ & $0.283666$ & $0.125549$ & $-0.253868$ & $0.308008$ & $0.236812$ & $0.0485853$ & $0.0225655$ & $-0.0102545$ & $0.00116805$ & $0.0344568$ & $0.018845$ & $-0.0018898$ & $-0.0114712$ & $0.032897$ & $0.0136235$ & $-0.00335046$ & $0.00735834$ & $-0.00721816$ & $-0.00816951$ & $-0.00397146$ \\
CHL1_11 & $-0.0306473$ & $0.012945$ & $-0.000288517$ & $0.0220144$ & $-0.0101442$ & $0.0278461$ & $0.0772487$ & $0.0744707$ & $0.0702456$ & $0.234732$ & $-0.495542$ & $-0.288861$ & $-0.255057$ & $1$ & $0.252384$ & $0.25718$ & $0.663762$ & $0.60306$ & $0.594412$ & $0.514207$ & $0.456524$ & $0.442002$ & $-0.0906726$ & $0.478248$ & $0.601124$ & $-0.249753$ & $-0.101503$ & $0.172559$ & $-0.0236983$ & $-0.069724$ & $-0.051326$ & $0.0476095$ & $-0.0738319$ & $-0.211924$ & $-0.0384346$ & $0.0115745$ & $0.0226922$ & $-0.0232088$ & $0.0303364$ & $0.0152248$ & $-0.0132307$ & $0.00880859$ & $-0.00890709$ & $-0.0011559$ & $0.00470598$ & $-0.0274451$ & $-0.00581937$ & $-0.00156394$ & $3.60879e-05$ \\
CHL1_22 & $-0.0318391$ & $-0.0312778$ & $0.000713833$ & $0.0100048$ & $-0.0204045$ & $-0.0726312$ & $-0.0277588$ & $0.285761$ & $0.283632$ & $-0.128399$ & $-0.404773$ & $0.0717522$ & $0.0893677$ & $0.252384$ & $1$ & $0.423483$ & $0.146813$ & $-0.459844$ & $-0.0405548$ & $0.470325$ & $0.31965$ & $0.309105$ & $-0.167014$ & $0.0972742$ & $-0.149223$ & $-0.196274$ & $-0.410681$ & $0.097464$ & $-0.000598232$ & $0.0317489$ & $-0.0127541$ & $-0.0241588$ & $0.0325951$ & $-0.597787$ & $0.00307117$ & $-0.00392771$ & $-0.0163642$ & $-0.0171758$ & $0.0277552$ & $0.00459629$ & $0.0206404$ & $0.00329576$ & $0.0350998$ & $-0.00433265$ & $-0.0140752$ & $-0.0195106$ & $-0.0365969$ & $-0.0212733$ & $0.00543134$ \\
CHL1_33 & $0.00919858$ & $-0.00823238$ & $0.00529493$ & $0.0252185$ & $0.00433525$ & $-0.082842$ & $-0.0278528$ & $0.295439$ & $0.288528$ & $-0.143814$ & $-0.418173$ & $0.0791628$ & $0.0997069$ & $0.25718$ & $0.423483$ & $1$ & $0.157864$ & $-0.0163688$ & $-0.449422$ & $0.483634$ & $0.336637$ & $0.355896$ & $-0.141556$ & $0.103169$ & $-0.135835$ & $-0.21997$ & $-0.379923$ & $0.121411$ & $-0.00918564$ & $0.0452693$ & $0.00298089$ & $-0.0256499$ & $0.0350368$ & $-0.0753524$ & $-0.0225868$ & $0.0140812$ & $-0.0130948$ & $-0.0167632$ & $0.0392593$ & $0.0253949$ & $0.0237266$ & $0.00649714$ & $-0.00845519$ & $0.0143164$ & $0.0113933$ & $0.000110353$ & $-0.00371769$ & $-0.0586542$ & $-0.00151$ \\
CHL3_11 & $-0.0163547$ & $0.0518861$ & $-0.00288726$ & $0.0299563$ & $-0.00995866$ & $-0.257689$ & $0.110803$ & $-0.26528$ & $-0.264417$ & $0.434923$ & $-0.194508$ & $-0.402139$ & $-0.396521$ & $0.663762$ & $0.146813$ & $0.157864$ & $1$ & $0.74142$ & $0.730672$ & $0.218175$ & $0.161756$ & $0.154991$ & $-0.0674499$ & $0.686246$ & $0.778617$ & $-0.0927618$ & $-0.162093$ & $0.066041$ & $-0.0335113$ & $-0.109806$ & $-0.060913$ & $0.0810577$ & $-0.114958$ & $-0.253862$ & $-0.0256866$ & $-0.0188348$ & $0.0216909$ & $-0.0145194$ & $0.0155058$ & $0.0195018$ & $-0.0342057$ & $-0.000206504$ & $-0.00188837$ & $0.0216436$ & $-0.0132416$ & $0.00979225$ & $-0.00509729$ & $0.0195508$ & $-0.0101837$ \\
CHL3_22 & $-0.00100921$ & $0.0608238$ & $-0.00282436$ & $0.0182472$ & $0.00330896$ & $-0.0553513$ & $0.120327$ & $-0.440236$ & $-0.43733$ & $0.488787$ & $0.0719099$ & $-0.407094$ & $-0.418896$ & $0.60306$ & $-0.459844$ & $-0.0163688$ & $0.74142$ & $1$ & $0.667848$ & $-0.0733378$ & $-0.0657359$ & $-0.0631918$ & $-6.35885e-05$ & $0.62551$ & $0.796139$ & $0.0470215$ & $0.00555667$ & $-0.00140993$ & $-0.0303728$ & $-0.124979$ & $-0.0512146$ & $0.0908211$ & $-0.129687$ & $0.0411269$ & $-0.0245816$ & $-0.00165282$ & $0.033371$ & $-0.00859035$ & $0.00161629$ & $0.0145149$ & $-0.0345314$ & $0.00391906$ & $-0.0258345$ & $0.019209$ & $0.00453408$ & $0.0103862$ & $0.0200144$ & $0.0258952$ & $-0.0149497$ \\
CHL3_33 & $-0.0351589$ & $0.0410854$ & $-0.00604008$ & $0.00451114$ & $-0.0169958$ & $-0.0456583$ & $0.121531$ & $-0.455524$ & $-0.449188$ & $0.50715$ & $0.0925391$ & $-0.413868$ & $-0.428478$ & $0.594412$ & $-0.0405548$ & $-0.449422$ & $0.730672$ & $0.667848$ & $1$ & $-0.09599$ & $-0.0857452$ & $-0.0854026$ & $-0.0132448$ & $0.620591$ & $0.794717$ & $0.0701399$ & $-0.00315628$ & $-0.0192443$ & $-0.0233637$ & $-0.137461$ & $-0.0644023$ & $0.0923375$ & $-0.13377$ & $-0.350307$ & $-0.0125527$ & $-0.016014$ & $0.03522$ & $-0.0111448$ & $-0.0112655$ & $-0.00243688$ & $-0.0376946$ & $0.00352754$ & $0.00282593$ & $0.00293442$ & $-0.014506$ & $-0.000564873$ & $-0.00480011$ & $0.0516017$ & $-0.0106359$ \\
CHe_11 & $0.00136933$ & $-0.0312051$ & $0.00181812$ & $0.0370118$ & $-0.00976333$ & $-0.159033$ & $-0.0496346$ & $0.84788$ & $0.832723$ & $-0.374003$ & $-0.990033$ & $0.108456$ & $0.195864$ & $0.514207$ & $0.470325$ & $0.483634$ & $0.218175$ & $-0.0733378$ & $-0.09599$ & $1$ & $0.971739$ & $0.950813$ & $-0.00891261$ & $-0.261513$ & $-0.0331694$ & $-0.551304$ & $0.210428$ & $0.330569$ & $-0.00280579$ & $0.0924384$ & $0.0183208$ & $-0.0556887$ & $0.0792136$ & $0.297822$ & $-0.0422812$ & $0.0140337$ & $-0.0131629$ & $-0.021703$ & $0.0441267$ & $0.0176857$ & $0.0121214$ & $-0.00351814$ & $-0.00538665$ & $-0.014401$ & $0.00324086$ & $-0.0295205$ & $-0.0148474$ & $-0.0386511$ & $0.016507$ \\
CHe_22 & $0.00515839$ & $-0.0311015$ & $0.00288473$ & $0.0352004$ & $-0.00731445$ & $-0.160822$ & $-0.0535459$ & $0.89452$ & $0.878124$ & $-0.404997$ & $-0.990744$ & $0.116726$ & $0.212812$ & $0.456524$ & $0.31965$ & $0.336637$ & $0.161756$ & $-0.0657359$ & $-0.0857452$ & $0.971739$ & $1$ & $0.974592$ & $0.0421702$ & $-0.371031$ & $-0.0436806$ & $-0.560377$ & $0.369442$ & $0.340082$ & $-0.000327936$ & $0.0981479$ & $0.0235144$ & $-0.0606865$ & $0.0854197$ & $0.462651$ & $-0.0456443$ & $0.0113512$ & $-0.0115834$ & $-0.0157429$ & $0.0390401$ & $0.0169771$ & $0.00477946$ & $-0.00535$ & $-0.0104743$ & $-0.0184663$ & $0.00336922$ & $-0.0298447$ & $-0.0108989$ & $-0.0352159$ & $0.0196858$ \\
CHe_33 & $-0.000214686$ & $-0.0317107$ & $-0.000282374$ & $0.0287307$ & $-0.0030375$ & $-0.160041$ & $-0.0537083$ & $0.876936$ & $0.86049$ & $-0.396701$ & $-0.969168$ & $0.116509$ & $0.210585$ & $0.442002$ & $0.309105$ & $0.355896$ & $0.154991$ & $-0.0631918$ & $-0.0854026$ & $0.950813$ & $0.974592$ & $1$ & $0.0419031$ & $-0.363816$ & $-0.0424055$ & $-0.54739$ & $0.364265$ & $0.338221$ & $-0.00445268$ & $0.0942706$ & $0.0195733$ & $-0.0603666$ & $0.0850279$ & $0.459583$ & $-0.0525939$ & $0.0148519$ & $-0.0108545$ & $-0.01934$ & $0.0389562$ & $0.0145809$ & $0.00550221$ & $-0.00315218$ & $-0.0145778$ & $-0.0189103$ & $0.000603661$ & $-0.0289934$ & $-0.00994568$ & $-0.0411017$ & $0.0228471$ \\
CHQ1_11 & $-0.00309035$ & $1.06941e-05$ & $-0.0077605$ & $-0.00358392$ & $0.00557118$ & $-0.000988305$ & $-0.00884488$ & $0.0711479$ & $0.0698614$ & $-0.0427107$ & $-0.0150406$ & $0.0372904$ & $0.0415854$ & $-0.0906726$ & $-0.167014$ & $-0.141556$ & $-0.0674499$ & $-6.35885e-05$ & $-0.0132448$ & $-0.00891261$ & $0.0421702$ & $0.0419031$ & $1$ & $-0.143319$ & $0.0782642$ & $-0.680949$ & $0.343258$ & $0.0181587$ & $-0.00356336$ & $0.00666985$ & $0.011277$ & $-0.00369917$ & $0.0272647$ & $0.203576$ & $0.0158118$ & $0.00347186$ & $0.0186681$ & $-0.00561737$ & $0.00152801$ & $0.0151375$ & $-0.00391846$ & $0.00166342$ & $-0.00799067$ & $-0.00230856$ & $-0.00347588$ & $-0.0135063$ & $0.0285441$ & $0.0140537$ & $0.024129$ \\
CHQ1_33 & $-0.0772802$ & $0.0608608$ & $-0.00439137$ & $0.00507946$ & $-0.00347822$ & $-0.0160024$ & $0.124231$ & $-0.680784$ & $-0.669416$ & $0.571983$ & $0.316638$ & $-0.385876$ & $-0.435486$ & $0.478248$ & $0.0972742$ & $0.103169$ & $0.686246$ & $0.62551$ & $0.620591$ & $-0.261513$ & $-0.371031$ & $-0.363816$ & $-0.143319$ & $1$ & $0.649112$ & $0.214425$ & $-0.415102$ & $-0.0245483$ & $-0.0244503$ & $-0.15459$ & $-0.0765346$ & $0.0982252$ & $-0.154732$ & $-0.621785$ & $-0.00280624$ & $-0.005469$ & $0.0323458$ & $-0.0137446$ & $-0.00437548$ & $0.0146648$ & $-0.0208208$ & $0.0025874$ & $-0.00136186$ & $0.0294814$ & $-0.00108641$ & $0.0167627$ & $-0.009257$ & $0.0241503$ & $-0.02815$ \\
CHQ3_11 & $-0.133053$ & $0.0498521$ & $-0.00905426$ & $0.0100476$ & $-0.00919645$ & $-0.0852301$ & $0.115898$ & $-0.419871$ & $-0.413619$ & $0.490037$ & $0.0399062$ & $-0.403528$ & $-0.41621$ & $0.601124$ & $-0.149223$ & $-0.135835$ & $0.778617$ & $0.796139$ & $0.794717$ & $-0.0331694$ & $-0.0436806$ & $-0.0424055$ & $0.0782642$ & $0.649112$ & $1$ & $0.0335827$ & $0.206542$ & $0.00118093$ & $-0.0322426$ & $-0.119404$ & $-0.0499792$ & $0.0860654$ & $-0.126657$ & $-0.198878$ & $-0.0359693$ & $-0.0066224$ & $0.0306297$ & $-0.0103679$ & $0.0109107$ & $0.00351359$ & $-0.0378627$ & $0.0070976$ & $-0.0132571$ & $0.00378729$ & $-0.00550762$ & $0.015519$ & $-0.00976968$ & $0.0422506$ & $-0.0228433$ \\
CHu_11 & $-0.03243$ & $0.0305505$ & $0.0094541$ & $-0.00960592$ & $-0.00497849$ & $0.0836728$ & $0.0297457$ & $-0.506319$ & $-0.496921$ & $0.223694$ & $0.560103$ & $-0.0755788$ & $-0.125432$ & $-0.249753$ & $-0.196274$ & $-0.21997$ & $-0.0927618$ & $0.0470215$ & $0.0701399$ & $-0.551304$ & $-0.560377$ & $-0.54739$ & $-0.680949$ & $0.214425$ & $0.0335827$ & $1$ & $-0.165832$ & $-0.187286$ & $-0.00115371$ & $-0.0568073$ & $-0.010061$ & $0.0260643$ & $-0.0795826$ & $-0.252371$ & $0.0119153$ & $-0.0154954$ & $-0.00164957$ & $0.017098$ & $-0.0282808$ & $-0.0190792$ & $-0.00319881$ & $0.00776583$ & $0.00466387$ & $0.00915307$ & $0.00999738$ & $0.0303998$ & $-0.0138179$ & $0.0125454$ & $-0.0468375$ \\
CHd_11 & $-0.00160973$ & $0.000745083$ & $-0.000610943$ & $0.0166733$ & $0.0025141$ & $-0.0574444$ & $-0.0384584$ & $0.415646$ & $0.409727$ & $-0.238112$ & $-0.28654$ & $0.0936191$ & $0.142022$ & $-0.101503$ & $-0.410681$ & $-0.379923$ & $-0.162093$ & $0.00555667$ & $-0.00315628$ & $0.210428$ & $0.369442$ & $0.364265$ & $0.343258$ & $-0.415102$ & $0.206542$ & $-0.165832$ & $1$ & $0.118379$ & $0.00210592$ & $0.0612095$ & $0.0462117$ & $-0.0397765$ & $0.0465502$ & $0.684554$ & $-0.0273935$ & $0.00379673$ & $0.00250516$ & $0.00432005$ & $-0.00899554$ & $-0.00368005$ & $-0.0225168$ & $-0.00893722$ & $-0.0279076$ & $-0.0348298$ & $0.0138991$ & $0.00598894$ & $0.00625271$ & $0.00944108$ & $-0.00390207$ \\
CHd_33 & $0.0289598$ & $0.00350968$ & $0.0106727$ & $0.0183095$ & $-0.00249632$ & $-0.0570553$ & $-0.0272972$ & $0.297967$ & $0.289994$ & $-0.13288$ & $-0.33703$ & $0.0354347$ & $0.0717259$ & $0.172559$ & $0.097464$ & $0.121411$ & $0.066041$ & $-0.00140993$ & $-0.0192443$ & $0.330569$ & $0.340082$ & $0.338221$ & $0.0181587$ & $-0.0245483$ & $0.00118093$ & $-0.187286$ & $0.118379$ & $1$ & $-0.00781228$ & $0.0252482$ & $0.0165032$ & $-0.0325045$ & $0.00448336$ & $0.162849$ & $-0.0201515$ & $0.0115003$ & $0.0287053$ & $-0.00657479$ & $-0.00851333$ & $0.0410957$ & $-0.000662919$ & $-0.0123256$ & $-0.00442658$ & $-0.00493174$ & $0.00119199$ & $0.0119496$ & $-0.000138765$ & $-0.0571462$ & $0.00593313$ \\
CeH_22r & $-0.00846196$ & $-0.0166403$ & $-0.00392294$ & $-0.0165387$ & $-0.00484686$ & $0.0179605$ & $0.0126632$ & $0.0145536$ & $0.0218922$ & $-0.0115569$ & $0.00149872$ & $0.0682486$ & $0.0648381$ & $-0.0236983$ & $-0.000598232$ & $-0.00918564$ & $-0.0335113$ & $-0.0303728$ & $-0.0233637$ & $-0.00280579$ & $-0.000327936$ & $-0.00445268$ & $-0.00356336$ & $-0.0244503$ & $-0.0322426$ & $-0.00115371$ & $0.00210592$ & $-0.00781228$ & $1$ & $0.0707642$ & $0.0381389$ & $0.00288081$ & $0.0645078$ & $0.00768755$ & $-0.0441218$ & $-0.0206865$ & $-0.0252862$ & $0.0043368$ & $-0.00165984$ & $-0.0315209$ & $-0.0144195$ & $0.0123183$ & $0.00162047$ & $0.00287989$ & $-0.0124323$ & $0.0109993$ & $-0.00851351$ & $0.00794241$ & $0.00710554$ \\
CeH_33r & $-0.00193257$ & $-0.0173114$ & $0.00187535$ & $-0.032072$ & $-0.0046267$ & $-0.0143113$ & $-0.135102$ & $0.151604$ & $0.1696$ & $-0.166754$ & $-0.0953836$ & $0.306058$ & $0.283666$ & $-0.069724$ & $0.0317489$ & $0.0452693$ & $-0.109806$ & $-0.124979$ & $-0.137461$ & $0.0924384$ & $0.0981479$ & $0.0942706$ & $0.00666985$ & $-0.15459$ & $-0.119404$ & $-0.0568073$ & $0.0612095$ & $0.0252482$ & $0.0707642$ & $1$ & $0.326489$ & $-0.00581533$ & $0.593447$ & $0.0982012$ & $-0.0670594$ & $-0.020238$ & $-0.216736$ & $-0.0327189$ & $-0.00632257$ & $-0.0057595$ & $0.00760612$ & $0.00952778$ & $-0.00805467$ & $0.000259733$ & $0.118281$ & $0.0131482$ & $0.0310437$ & $-0.0360714$ & $-0.0153953$ \\
CuH_22r & $0.0517771$ & $0.0387892$ & $-0.0155383$ & $-0.036519$ & $-0.0160751$ & $0.0155332$ & $-0.0861102$ & $0.0505112$ & $0.0585705$ & $-0.094036$ & $-0.0188976$ & $0.122965$ & $0.125549$ & $-0.051326$ & $-0.0127541$ & $0.00298089$ & $-0.060913$ & $-0.0512146$ & $-0.0644023$ & $0.0183208$ & $0.0235144$ & $0.0195733$ & $0.011277$ & $-0.0765346$ & $-0.0499792$ & $-0.010061$ & $0.0462117$ & $0.0165032$ & $0.0381389$ & $0.326489$ & $1$ & $-0.00992997$ & $0.317097$ & $0.0546511$ & $-0.0428182$ & $-0.0188711$ & $-0.139151$ & $-0.0192555$ & $-0.00551646$ & $-0.00208373$ & $-0.0307059$ & $0.00868962$ & $-0.000927714$ & $0.00245467$ & $0.0381706$ & $0.0572563$ & $0.401335$ & $-0.0328647$ & $-0.0160125$ \\
CuH_33r & $0.0040605$ & $0.001585$ & $0.0168588$ & $-0.00273344$ & $-0.00591949$ & $0.00602907$ & $0.945057$ & $-0.0979457$ & $-0.0533515$ & $0.0814435$ & $0.0580219$ & $-0.23202$ & $-0.253868$ & $0.0476095$ & $-0.0241588$ & $-0.0256499$ & $0.0810577$ & $0.0908211$ & $0.0923375$ & $-0.0556887$ & $-0.0606865$ & $-0.0603666$ & $-0.00369917$ & $0.0982252$ & $0.0860654$ & $0.0260643$ & $-0.0397765$ & $-0.0325045$ & $0.00288081$ & $-0.00581533$ & $-0.00992997$ & $1$ & $-0.00529906$ & $-0.0587105$ & $0.0703039$ & $0.0145507$ & $0.0122919$ & $-0.00747069$ & $0.00738453$ & $-0.00472247$ & $-0.0110499$ & $-0.000166512$ & $-0.00593599$ & $0.00496239$ & $0.013552$ & $0.00539983$ & $-0.0281692$ & $0.00469432$ & $0.00602195$ \\
CdH_33r & $0.00586611$ & $-0.0608683$ & $0.0286173$ & $-0.121739$ & $0.0138374$ & $0.00719919$ & $-0.157058$ & $0.142632$ & $0.156588$ & $-0.133309$ & $-0.0830191$ & $0.339021$ & $0.308008$ & $-0.0738319$ & $0.0325951$ & $0.0350368$ & $-0.114958$ & $-0.129687$ & $-0.13377$ & $0.0792136$ & $0.0854197$ & $0.0850279$ & $0.0272647$ & $-0.154732$ & $-0.126657$ & $-0.0795826$ & $0.0465502$ & $0.00448336$ & $0.0645078$ & $0.593447$ & $0.317097$ & $-0.00529906$ & $1$ & $0.0862362$ & $-0.049616$ & $0.0202852$ & $-0.2159$ & $-0.042727$ & $-0.0367867$ & $-0.0224239$ & $0.0103599$ & $-0.00581181$ & $-0.00631769$ & $-0.0133669$ & $0.00216229$ & $-0.00387001$ & $-0.0210561$ & $0.168089$ & $0.558241$ \\
CLL_1221 & $0.0442837$ & $0.0193643$ & $0.0024572$ & $0.0203086$ & $0.0140736$ & $-0.10382$ & $-0.0638019$ & $0.566706$ & $0.554451$ & $-0.373015$ & $-0.376097$ & $0.175639$ & $0.236812$ & $-0.211924$ & $-0.597787$ & $-0.0753524$ & $-0.253862$ & $0.0411269$ & $-0.350307$ & $0.297822$ & $0.462651$ & $0.459583$ & $0.203576$ & $-0.621785$ & $-0.198878$ & $-0.252371$ & $0.684554$ & $0.162849$ & $0.00768755$ & $0.0982012$ & $0.0546511$ & $-0.0587105$ & $0.0862362$ & $1$ & $-0.0268107$ & $0.00983702$ & $-0.00799891$ & $0.00904128$ & $0.00538582$ & $0.0056846$ & $-0.00357276$ & $-0.0130826$ & $-0.0312439$ & $-0.011345$ & $0.0158036$ & $0.000946055$ & $0.0229418$ & $-0.0179676$ & $0.0131972$ \\
eHggint & $0.10312$ & $0.0415062$ & $0.0790058$ & $0.0810103$ & $0.0156922$ & $0.0234652$ & $-0.0336739$ & $-0.0334581$ & $-0.04775$ & $0.0730265$ & $0.0462207$ & $0.0811747$ & $0.0485853$ & $-0.0384346$ & $0.00307117$ & $-0.0225868$ & $-0.0256866$ & $-0.0245816$ & $-0.0125527$ & $-0.0422812$ & $-0.0456443$ & $-0.0525939$ & $0.0158118$ & $-0.00280624$ & $-0.0359693$ & $0.0119153$ & $-0.0273935$ & $-0.0201515$ & $-0.0441218$ & $-0.0670594$ & $-0.0428182$ & $0.0703039$ & $-0.049616$ & $-0.0268107$ & $1$ & $-0.0362584$ & $0.00405164$ & $0.025388$ & $0.101039$ & $0.0134385$ & $0.0459593$ & $0.00361642$ & $0.0906569$ & $0.103365$ & $0.0282236$ & $-0.0205742$ & $-0.0546736$ & $0.0973761$ & $-0.0214323$ \\
eHggpar & $-0.0226507$ & $0.0126051$ & $-0.0442339$ & $0.0181709$ & $-0.0221744$ & $0.0149481$ & $-0.0338321$ & $0.0150738$ & $0.00835993$ & $0.0359349$ & $-0.0124135$ & $0.0378304$ & $0.0225655$ & $0.0115745$ & $-0.00392771$ & $0.0140812$ & $-0.0188348$ & $-0.00165282$ & $-0.016014$ & $0.0140337$ & $0.0113512$ & $0.0148519$ & $0.00347186$ & $-0.005469$ & $-0.0066224$ & $-0.0154954$ & $0.00379673$ & $0.0115003$ & $-0.0206865$ & $-0.020238$ & $-0.0188711$ & $0.0145507$ & $0.0202852$ & $0.00983702$ & $-0.0362584$ & $1$ & $0.00694734$ & $-0.0215564$ & $-0.0223128$ & $0.0104425$ & $-0.021628$ & $-0.0141494$ & $0.0181694$ & $0.000416769$ & $0.0585986$ & $0.0847865$ & $0.000483289$ & $0.0526796$ & $0.0721477$ \\
eHWWint & $-0.0177445$ & $0.0167349$ & $0.0864428$ & $0.0769247$ & $0.00478108$ & $0.00139278$ & $0.0516378$ & $-0.0243047$ & $-0.0324468$ & $0.0355319$ & $0.0115906$ & $-0.00752909$ & $-0.0102545$ & $0.0226922$ & $-0.0163642$ & $-0.0130948$ & $0.0216909$ & $0.033371$ & $0.03522$ & $-0.0131629$ & $-0.0115834$ & $-0.0108545$ & $0.0186681$ & $0.0323458$ & $0.0306297$ & $-0.00164957$ & $0.00250516$ & $0.0287053$ & $-0.0252862$ & $-0.216736$ & $-0.139151$ & $0.0122919$ & $-0.2159$ & $-0.00799891$ & $0.00405164$ & $0.00694734$ & $1$ & $-0.00149369$ & $-0.0343001$ & $0.000395235$ & $-0.0331971$ & $-0.028509$ & $-0.000408831$ & $0.0161058$ & $-0.116393$ & $0.0149139$ & $-0.0726114$ & $-0.00927174$ & $0.0136172$ \\
eHWWpar & $-0.00256806$ & $0.00416146$ & $0.049406$ & $0.000909384$ & $0.0223943$ & $-0.0139475$ & $-0.00697133$ & $-0.00860578$ & $-0.011541$ & $-0.000664574$ & $0.01961$ & $-0.000348593$ & $0.00116805$ & $-0.0232088$ & $-0.0171758$ & $-0.0167632$ & $-0.0145194$ & $-0.00859035$ & $-0.0111448$ & $-0.021703$ & $-0.0157429$ & $-0.01934$ & $-0.00561737$ & $-0.0137446$ & $-0.0103679$ & $0.017098$ & $0.00432005$ & $-0.00657479$ & $0.0043368$ & $-0.0327189$ & $-0.0192555$ & $-0.00747069$ & $-0.042727$ & $0.00904128$ & $0.025388$ & $-0.0215564$ & $-0.00149369$ & $1$ & $-0.0071589$ & $0.00185697$ & $-0.0265131$ & $0.00661793$ & $-0.0102664$ & $0.0263423$ & $-0.00443617$ & $0.00273622$ & $-0.0177501$ & $-0.0101631$ & $-0.0106213$ \\
eHZZint & $-0.106713$ & $0.0395241$ & $-0.0440749$ & $0.0513964$ & $-0.0332365$ & $-0.0204403$ & $-0.0112602$ & $0.0304792$ & $0.0219529$ & $0.00116615$ & $-0.0406663$ & $0.0322595$ & $0.0344568$ & $0.0303364$ & $0.0277552$ & $0.0392593$ & $0.0155058$ & $0.00161629$ & $-0.0112655$ & $0.0441267$ & $0.0390401$ & $0.0389562$ & $0.00152801$ & $-0.00437548$ & $0.0109107$ & $-0.0282808$ & $-0.00899554$ & $-0.00851333$ & $-0.00165984$ & $-0.00632257$ & $-0.00551646$ & $0.00738453$ & $-0.0367867$ & $0.00538582$ & $0.101039$ & $-0.0223128$ & $-0.0343001$ & $-0.0071589$ & $1$ & $-0.0314818$ & $0.0177341$ & $0.0236408$ & $-0.00860071$ & $-0.00058384$ & $0.0112659$ & $-0.0140257$ & $0.0478676$ & $-0.01015$ & $-0.0614648$ \\
eHZZpar & $0.0335276$ & $0.0121332$ & $-0.0267881$ & $0.00749426$ & $0.0197417$ & $0.00292741$ & $-0.0129455$ & $0.00763013$ & $0.00313541$ & $0.00202221$ & $-0.0176668$ & $0.0182017$ & $0.018845$ & $0.0152248$ & $0.00459629$ & $0.0253949$ & $0.0195018$ & $0.0145149$ & $-0.00243688$ & $0.0176857$ & $0.0169771$ & $0.0145809$ & $0.0151375$ & $0.0146648$ & $0.00351359$ & $-0.0190792$ & $-0.00368005$ & $0.0410957$ & $-0.0315209$ & $-0.0057595$ & $-0.00208373$ & $-0.00472247$ & $-0.0224239$ & $0.0056846$ & $0.0134385$ & $0.0104425$ & $0.000395235$ & $0.00185697$ & $-0.0314818$ & $1$ & $0.00969612$ & $-0.00413231$ & $0.0140423$ & $0.0263029$ & $-0.00376147$ & $-0.00206077$ & $0.0224678$ & $0.0133686$ & $-0.046121$ \\
eHZgaint & $-0.0646224$ & $-0.00415247$ & $-0.0600378$ & $0.0384109$ & $0.0108331$ & $-0.00177198$ & $-0.014436$ & $0.0205213$ & $0.0292959$ & $-0.0693957$ & $-0.0075772$ & $-0.00934517$ & $-0.0018898$ & $-0.0132307$ & $0.0206404$ & $0.0237266$ & $-0.0342057$ & $-0.0345314$ & $-0.0376946$ & $0.0121214$ & $0.00477946$ & $0.00550221$ & $-0.00391846$ & $-0.0208208$ & $-0.0378627$ & $-0.00319881$ & $-0.0225168$ & $-0.000662919$ & $-0.0144195$ & $0.00760612$ & $-0.0307059$ & $-0.0110499$ & $0.0103599$ & $-0.00357276$ & $0.0459593$ & $-0.021628$ & $-0.0331971$ & $-0.0265131$ & $0.0177341$ & $0.00969612$ & $1$ & $0.00719123$ & $0.0874355$ & $-0.0293916$ & $-0.0357219$ & $-0.0600288$ & $-0.0496273$ & $0.00482084$ & $-0.00120077$ \\
eHZgapar & $-0.0152498$ & $0.0185404$ & $-0.000862841$ & $0.0200812$ & $-0.00579794$ & $-0.00846774$ & $0.00303786$ & $-0.00905991$ & $-0.00891693$ & $0.0104027$ & $0.00557572$ & $-0.0091157$ & $-0.0114712$ & $0.00880859$ & $0.00329576$ & $0.00649714$ & $-0.000206504$ & $0.00391906$ & $0.00352754$ & $-0.00351814$ & $-0.00535$ & $-0.00315218$ & $0.00166342$ & $0.0025874$ & $0.0070976$ & $0.00776583$ & $-0.00893722$ & $-0.0123256$ & $0.0123183$ & $0.00952778$ & $0.00868962$ & $-0.000166512$ & $-0.00581181$ & $-0.0130826$ & $0.00361642$ & $-0.0141494$ & $-0.028509$ & $0.00661793$ & $0.0236408$ & $-0.00413231$ & $0.00719123$ & $1$ & $-0.00806142$ & $0.0164387$ & $0.00653299$ & $-0.0380271$ & $0.0191226$ & $-0.00205486$ & $-0.00599752$ \\
eHgagaint & $-0.00234734$ & $0.0584297$ & $0.08487$ & $0.0353066$ & $0.00501894$ & $0.0137065$ & $-0.00635228$ & $-0.00870989$ & $0.0633608$ & $0.00100077$ & $0.0102035$ & $0.0287505$ & $0.032897$ & $-0.00890709$ & $0.0350998$ & $-0.00845519$ & $-0.00188837$ & $-0.0258345$ & $0.00282593$ & $-0.00538665$ & $-0.0104743$ & $-0.0145778$ & $-0.00799067$ & $-0.00136186$ & $-0.0132571$ & $0.00466387$ & $-0.0279076$ & $-0.00442658$ & $0.00162047$ & $-0.00805467$ & $-0.000927714$ & $-0.00593599$ & $-0.00631769$ & $-0.0312439$ & $0.0906569$ & $0.0181694$ & $-0.000408831$ & $-0.0102664$ & $-0.00860071$ & $0.0140423$ & $0.0874355$ & $-0.00806142$ & $1$ & $0.0191509$ & $-0.0713075$ & $0.0867695$ & $-0.0611007$ & $0.0048806$ & $0.00864839$ \\
eHmumuint & $-0.0484258$ & $0.0491738$ & $-0.021065$ & $-0.0178775$ & $0.00311619$ & $0.012811$ & $-0.00449507$ & $-0.0267755$ & $-0.0322054$ & $0.0133682$ & $0.0170768$ & $0.0115659$ & $0.0136235$ & $-0.0011559$ & $-0.00433265$ & $0.0143164$ & $0.0216436$ & $0.019209$ & $0.00293442$ & $-0.014401$ & $-0.0184663$ & $-0.0189103$ & $-0.00230856$ & $0.0294814$ & $0.00378729$ & $0.00915307$ & $-0.0348298$ & $-0.00493174$ & $0.00287989$ & $0.000259733$ & $0.00245467$ & $0.00496239$ & $-0.0133669$ & $-0.011345$ & $0.103365$ & $0.000416769$ & $0.0161058$ & $0.0263423$ & $-0.00058384$ & $0.0263029$ & $-0.0293916$ & $0.0164387$ & $0.0191509$ & $1$ & $0.0266756$ & $-0.0197589$ & $0.0586717$ & $0.0516631$ & $-0.011303$ \\
eHtautauint & $0.0195131$ & $-0.00735518$ & $-0.00772206$ & $0.0152572$ & $-0.0102998$ & $0.0129179$ & $-0.00279405$ & $0.00788894$ & $0.00055423$ & $-0.0084799$ & $-0.00398352$ & $-0.00341891$ & $-0.00335046$ & $0.00470598$ & $-0.0140752$ & $0.0113933$ & $-0.0132416$ & $0.00453408$ & $-0.014506$ & $0.00324086$ & $0.00336922$ & $0.000603661$ & $-0.00347588$ & $-0.00108641$ & $-0.00550762$ & $0.00999738$ & $0.0138991$ & $0.00119199$ & $-0.0124323$ & $0.118281$ & $0.0381706$ & $0.013552$ & $0.00216229$ & $0.0158036$ & $0.0282236$ & $0.0585986$ & $-0.116393$ & $-0.00443617$ & $0.0112659$ & $-0.00376147$ & $-0.0357219$ & $0.00653299$ & $-0.0713075$ & $0.0266756$ & $1$ & $-0.0463103$ & $0.0772494$ & $0.0713135$ & $-0.0822971$ \\
eHccint & $0.00371307$ & $0.00984084$ & $-0.00839632$ & $0.0833317$ & $0.00921475$ & $-0.0344116$ & $-0.00016851$ & $-0.0283665$ & $-0.0207817$ & $0.00324182$ & $0.029949$ & $0.0092798$ & $0.00735834$ & $-0.0274451$ & $-0.0195106$ & $0.000110353$ & $0.00979225$ & $0.0103862$ & $-0.000564873$ & $-0.0295205$ & $-0.0298447$ & $-0.0289934$ & $-0.0135063$ & $0.0167627$ & $0.015519$ & $0.0303998$ & $0.00598894$ & $0.0119496$ & $0.0109993$ & $0.0131482$ & $0.0572563$ & $0.00539983$ & $-0.00387001$ & $0.000946055$ & $-0.0205742$ & $0.0847865$ & $0.0149139$ & $0.00273622$ & $-0.0140257$ & $-0.00206077$ & $-0.0600288$ & $-0.0380271$ & $0.0867695$ & $-0.0197589$ & $-0.0463103$ & $1$ & $-0.0902844$ & $-0.0317547$ & $-0.00634514$ \\
eHccpar & $0.110609$ & $0.0749409$ & $-0.0133974$ & $-0.0299196$ & $-0.022841$ & $0.0225192$ & $-0.0254514$ & $-0.0131151$ & $-0.0205129$ & $-0.0167444$ & $0.013383$ & $-0.00942811$ & $-0.00721816$ & $-0.00581937$ & $-0.0365969$ & $-0.00371769$ & $-0.00509729$ & $0.0200144$ & $-0.00480011$ & $-0.0148474$ & $-0.0108989$ & $-0.00994568$ & $0.0285441$ & $-0.009257$ & $-0.00976968$ & $-0.0138179$ & $0.00625271$ & $-0.000138765$ & $-0.00851351$ & $0.0310437$ & $0.401335$ & $-0.0281692$ & $-0.0210561$ & $0.0229418$ & $-0.0546736$ & $0.000483289$ & $-0.0726114$ & $-0.0177501$ & $0.0478676$ & $0.0224678$ & $-0.0496273$ & $0.0191226$ & $-0.0611007$ & $0.0586717$ & $0.0772494$ & $-0.0902844$ & $1$ & $-0.0717762$ & $-0.0551131$ \\
eHbbint & $-0.0336416$ & $0.087657$ & $-0.00357608$ & $-0.0772499$ & $0.00243821$ & $0.0390543$ & $-0.0144928$ & $-0.0491382$ & $-0.052727$ & $0.0569984$ & $0.0413991$ & $0.000948416$ & $-0.00816951$ & $-0.00156394$ & $-0.0212733$ & $-0.0586542$ & $0.0195508$ & $0.0258952$ & $0.0516017$ & $-0.0386511$ & $-0.0352159$ & $-0.0411017$ & $0.0140537$ & $0.0241503$ & $0.0422506$ & $0.0125454$ & $0.00944108$ & $-0.0571462$ & $0.00794241$ & $-0.0360714$ & $-0.0328647$ & $0.00469432$ & $0.168089$ & $-0.0179676$ & $0.0973761$ & $0.0526796$ & $-0.00927174$ & $-0.0101631$ & $-0.01015$ & $0.0133686$ & $0.00482084$ & $-0.00205486$ & $0.0048806$ & $0.0516631$ & $0.0713135$ & $-0.0317547$ & $-0.0717762$ & $1$ & $0.0543149$ \\
eHbbpar & $0.00868454$ & $-0.108357$ & $0.0898657$ & $-0.125076$ & $0.0242888$ & $0.00180368$ & $-0.00835185$ & $0.0294681$ & $0.0274843$ & $0.00654504$ & $-0.0210209$ & $0.000645832$ & $-0.00397146$ & $3.60879e-05$ & $0.00543134$ & $-0.00151$ & $-0.0101837$ & $-0.0149497$ & $-0.0106359$ & $0.016507$ & $0.0196858$ & $0.0228471$ & $0.024129$ & $-0.02815$ & $-0.0228433$ & $-0.0468375$ & $-0.00390207$ & $0.00593313$ & $0.00710554$ & $-0.0153953$ & $-0.0160125$ & $0.00602195$ & $0.558241$ & $0.0131972$ & $-0.0214323$ & $0.0721477$ & $0.0136172$ & $-0.0106213$ & $-0.0614648$ & $-0.046121$ & $-0.00120077$ & $-0.00599752$ & $0.00864839$ & $-0.011303$ & $-0.0822971$ & $-0.00634514$ & $-0.0551131$ & $0.0543149$ & $1$ \\
