 & AlsMz & dAle5Mz & mtop & mHl & Mz & CW & CHG & CHWB & CHWHB_gaga & CHWHB_gagaorth & CHD & CHbox & CH & CHL1_11 & CHL1_22 & CHL1_33 & CHL3_11 & CHL3_22 & CHL3_33 & CHe_11 & CHe_22 & CHe_33 & CHQ1_11 & CHQ1_33 & CHQ3_11 & CHu_11 & CHd_11 & CHd_33 & CeH_22r & CeH_33r & CuH_22r & CuH_33r & CdH_33r & CLL_1221 & eHggint & eHggpar & eHWWint & eHWWpar & eHZZint & eHZZpar & eHZgaint & eHZgapar & eHgagaint & eHmumuint & eHtautauint & eHccint & eHccpar & eHbbint & eHbbpar \\
AlsMz & $1$ & $0.080927$ & $0.0955456$ & $-0.127548$ & $0.00786396$ & $0.0104966$ & $0.00674666$ & $-0.0384625$ & $-0.0353525$ & $0.00696902$ & $0.0441201$ & $0.0138876$ & $-0.00539266$ & $-0.0383971$ & $-0.0405241$ & $-0.0372135$ & $-0.0201606$ & $-0.00467405$ & $-0.00383411$ & $-0.049757$ & $-0.0438581$ & $-0.0450739$ & $0.00323111$ & $-0.048755$ & $-0.103429$ & $-0.0164663$ & $-0.027054$ & $-0.000843224$ & $0.0448454$ & $-0.0158462$ & $0.00396099$ & $-0.00326184$ & $-0.025899$ & $0.00467699$ & $-0.00345966$ & $0.0401139$ & $0.0925399$ & $-0.0113569$ & $0.00604696$ & $-0.0104838$ & $0.0322958$ & $0.04694$ & $-0.00306883$ & $-0.0117135$ & $0.00729056$ & $-0.0464473$ & $-0.0157948$ & $-0.0300895$ & $-0.0535879$ \\
dAle5Mz & $0.080927$ & $1$ & $0.0282094$ & $0.0416986$ & $0.0336563$ & $0.0151134$ & $0.0477983$ & $-0.0729529$ & $-0.0683382$ & $0.044481$ & $0.0444145$ & $0.00942017$ & $-0.0129952$ & $0.00829879$ & $-0.0432341$ & $-0.00646995$ & $0.0325493$ & $0.0520289$ & $0.0255523$ & $-0.0260672$ & $-0.022704$ & $-0.0242417$ & $0.00978967$ & $0.0389383$ & $0.0489453$ & $0.00196563$ & $0.0260293$ & $-0.0163349$ & $-0.0232209$ & $-0.0154315$ & $-0.0353107$ & $0.042434$ & $-0.0250901$ & $0.0380861$ & $-0.0362434$ & $-0.0220377$ & $-0.0147489$ & $0.0269301$ & $-0.0241784$ & $0.023392$ & $-0.00104169$ & $0.0174757$ & $-0.0120044$ & $0.0342729$ & $-0.0049307$ & $-0.0259142$ & $-0.0281435$ & $-0.0236067$ & $-0.0204706$ \\
mtop & $0.0955456$ & $0.0282094$ & $1$ & $-0.0558014$ & $-0.0255972$ & $-0.00378389$ & $0.0455643$ & $-0.0315656$ & $-0.0286465$ & $0.0159177$ & $0.0342735$ & $0.0711513$ & $-0.0515015$ & $-0.0112314$ & $-0.0616599$ & $-0.0533046$ & $0.0140222$ & $0.0375548$ & $0.0333606$ & $-0.033298$ & $-0.0238225$ & $-0.0224754$ & $-0.0290208$ & $0.00311052$ & $-0.002739$ & $0.0454883$ & $0.00138161$ & $-0.0398198$ & $-0.0374592$ & $-0.0166911$ & $0.0424805$ & $0.0433322$ & $-0.0274746$ & $0.0362299$ & $-0.0156534$ & $-0.0203668$ & $0.0216352$ & $-0.0597391$ & $0.00976636$ & $-0.00794723$ & $0.040888$ & $0.0577387$ & $0.0140261$ & $0.0808216$ & $0.0482131$ & $0.0119237$ & $0.10388$ & $0.0589494$ & $-0.0157352$ \\
mHl & $-0.127548$ & $0.0416986$ & $-0.0558014$ & $1$ & $-0.0158532$ & $-0.0587187$ & $0.0429443$ & $0.00161905$ & $-0.00632541$ & $0.0110018$ & $0.0285226$ & $0.0791599$ & $-0.0657766$ & $-0.0574736$ & $0.00840257$ & $-0.0200402$ & $-0.0487367$ & $-0.0647395$ & $-0.0411801$ & $-0.0303605$ & $-0.0275725$ & $-0.0195093$ & $-0.0105644$ & $-0.0493845$ & $-0.0227531$ & $0.017508$ & $0.0180928$ & $0.0230611$ & $0.00644995$ & $-0.0667222$ & $-0.0807842$ & $0.0303731$ & $-0.0809126$ & $0.0031496$ & $0.0285194$ & $-0.0307977$ & $0.000806912$ & $0.0407549$ & $0.0479991$ & $0.0201085$ & $0.0454065$ & $-0.0022499$ & $0.0366281$ & $-0.0238468$ & $-0.00193297$ & $-0.0179664$ & $-0.0245952$ & $0.0498275$ & $0.010429$ \\
Mz & $0.00786396$ & $0.0336563$ & $-0.0255972$ & $-0.0158532$ & $1$ & $-0.0129052$ & $0.0155133$ & $0.0261422$ & $0.0258072$ & $0.015872$ & $0.000924846$ & $0.0382376$ & $-0.0254056$ & $-0.0446059$ & $-0.0251779$ & $-0.0350445$ & $-0.0165156$ & $-0.0281358$ & $-0.0229003$ & $-3.13055e-05$ & $0.0133811$ & $0.0148139$ & $0.0128302$ & $-0.0424369$ & $-0.0295525$ & $-0.0212774$ & $0.051898$ & $-0.0531488$ & $-0.0178376$ & $-0.0233728$ & $-0.0399384$ & $0.00965868$ & $-0.0109285$ & $0.0643229$ & $-0.0216005$ & $0.0157339$ & $-0.0206963$ & $0.0311244$ & $-0.0194794$ & $-0.0499799$ & $0.0215335$ & $-0.0241076$ & $-0.00789276$ & $0.047682$ & $-0.057308$ & $-0.0230561$ & $-0.0405119$ & $-0.0148125$ & $0.0410556$ \\
CW & $0.0104966$ & $0.0151134$ & $-0.00378389$ & $-0.0587187$ & $-0.0129052$ & $1$ & $0.0679744$ & $0.00474364$ & $0.015249$ & $0.0303997$ & $0.0965271$ & $0.049965$ & $-0.0284808$ & $0.00454818$ & $-0.0719475$ & $-0.0259404$ & $-0.35365$ & $-0.146679$ & $-0.177467$ & $-0.0906832$ & $-0.0993876$ & $-0.109679$ & $-0.041181$ & $-0.136266$ & $-0.22566$ & $0.0797463$ & $-0.10638$ & $-0.00298548$ & $-0.0191226$ & $-0.0263425$ & $0.0199941$ & $0.0741818$ & $-0.0313315$ & $-0.0628004$ & $0.00955283$ & $0.0264$ & $-0.0237447$ & $-0.0313592$ & $-0.0318205$ & $0.00629753$ & $-0.00140102$ & $-0.013818$ & $-0.0147356$ & $0.0319149$ & $-0.0488856$ & $-0.0077572$ & $-0.00456428$ & $0.0260752$ & $-0.0176208$ \\
CHG & $0.00674666$ & $0.0477983$ & $0.0455643$ & $0.0429443$ & $0.0155133$ & $0.0679744$ & $1$ & $-0.0375903$ & $-0.0144786$ & $0.209636$ & $0.0782154$ & $0.709923$ & $-0.779907$ & $-0.089772$ & $-0.0811587$ & $-0.0227621$ & $-0.0832227$ & $-0.0347065$ & $-0.0758319$ & $-0.0750101$ & $-0.0759431$ & $-0.0813969$ & $-0.0271219$ & $-0.0396826$ & $-0.0776606$ & $0.0626641$ & $-0.0266565$ & $-0.034046$ & $-0.173552$ & $-0.571686$ & $-0.332918$ & $0.95667$ & $-0.577571$ & $0.0371624$ & $-0.185774$ & $-0.126862$ & $0.0694591$ & $-0.00735593$ & $-0.00712715$ & $-0.0144964$ & $-0.0352623$ & $-0.0522288$ & $-0.0155124$ & $0.0325076$ & $-0.0553656$ & $0.0255199$ & $-0.011594$ & $0.0054086$ & $0.0180411$ \\
CHWB & $-0.0384625$ & $-0.0729529$ & $-0.0315656$ & $0.00161905$ & $0.0261422$ & $0.00474364$ & $-0.0375903$ & $1$ & $0.987877$ & $-0.557302$ & $-0.867903$ & $-0.0967434$ & $0.0135792$ & $0.25697$ & $0.485438$ & $0.477869$ & $-0.239317$ & $-0.4288$ & $-0.421461$ & $0.851195$ & $0.881032$ & $0.872593$ & $-0.0129045$ & $-0.612177$ & $-0.366279$ & $-0.582591$ & $0.366522$ & $0.387737$ & $-0.00918102$ & $0.0341252$ & $0.0457883$ & $-0.0543919$ & $0.0377773$ & $0.486207$ & $-0.0776221$ & $-0.0564574$ & $-0.00191219$ & $0.00990076$ & $-0.00196733$ & $-0.0732848$ & $-0.0214836$ & $-0.00355967$ & $-0.0498616$ & $-0.0303443$ & $-0.0302929$ & $0.0391772$ & $0.0290265$ & $-0.0120303$ & $0.00592772$ \\
CHWHB_gaga & $-0.0353525$ & $-0.0683382$ & $-0.0286465$ & $-0.00632541$ & $0.0258072$ & $0.015249$ & $-0.0144786$ & $0.987877$ & $1$ & $-0.547424$ & $-0.854784$ & $-0.0968239$ & $0.019654$ & $0.248589$ & $0.476247$ & $0.470603$ & $-0.241343$ & $-0.426211$ & $-0.419709$ & $0.838902$ & $0.868044$ & $0.860569$ & $-0.0211023$ & $-0.609153$ & $-0.368587$ & $-0.567691$ & $0.358999$ & $0.385297$ & $-0.0127196$ & $0.0538578$ & $0.0568965$ & $-0.0336027$ & $0.0568013$ & $0.483777$ & $-0.0961073$ & $-0.0713663$ & $-0.0166889$ & $0.0125925$ & $-0.0114129$ & $-0.0781433$ & $-0.0259135$ & $-0.00693493$ & $0.00680006$ & $-0.0238335$ & $-0.0359907$ & $0.0515916$ & $0.032103$ & $-0.0152181$ & $0.00197337$ \\
CHWHB_gagaorth & $0.00696902$ & $0.044481$ & $0.0159177$ & $0.0110018$ & $0.015872$ & $0.0303997$ & $0.209636$ & $-0.557302$ & $-0.547424$ & $1$ & $0.484208$ & $0.386603$ & $-0.231119$ & $-0.132649$ & $-0.30059$ & $-0.269234$ & $0.125621$ & $0.259749$ & $0.235088$ & $-0.474628$ & $-0.489556$ & $-0.483226$ & $0.0203979$ & $0.33106$ & $0.215282$ & $0.318139$ & $-0.18925$ & $-0.202563$ & $-0.0616862$ & $-0.219079$ & $-0.150202$ & $0.229448$ & $-0.240697$ & $-0.247984$ & $0.0230165$ & $0.0343685$ & $0.00361358$ & $0.0123162$ & $-0.000646846$ & $0.0288352$ & $-0.0617841$ & $-0.0185017$ & $0.0309485$ & $-0.00711596$ & $-0.00496062$ & $-0.000420707$ & $0.00518145$ & $-0.0169793$ & $0.0111549$ \\
CHD & $0.0441201$ & $0.0444145$ & $0.0342735$ & $0.0285226$ & $0.000924846$ & $0.0965271$ & $0.0782154$ & $-0.867903$ & $-0.854784$ & $0.484208$ & $1$ & $0.195479$ & $-0.0827069$ & $-0.666359$ & $-0.606827$ & $-0.573425$ & $-0.244801$ & $-0.00432486$ & $-0.0106079$ & $-0.994809$ & $-0.994598$ & $-0.982644$ & $0.0399989$ & $0.18227$ & $-0.080806$ & $0.679983$ & $-0.250965$ & $-0.449866$ & $-0.00533957$ & $-0.0811167$ & $-0.0753837$ & $0.091095$ & $-0.100618$ & $-0.256913$ & $0.0797853$ & $0.0694977$ & $-0.00450546$ & $0.00278244$ & $0.00452881$ & $0.0599992$ & $0.0283922$ & $-0.00459171$ & $0.0564058$ & $0.0252583$ & $0.0341067$ & $-0.0284502$ & $-0.012263$ & $0.0503371$ & $-0.00906964$ \\
CHbox & $0.0138876$ & $0.00942017$ & $0.0711513$ & $0.0791599$ & $0.0382376$ & $0.049965$ & $0.709923$ & $-0.0967434$ & $-0.0968239$ & $0.386603$ & $0.195479$ & $1$ & $-0.908415$ & $-0.233264$ & $-0.140189$ & $-0.0676178$ & $-0.191221$ & $-0.119843$ & $-0.165619$ & $-0.189402$ & $-0.192556$ & $-0.194$ & $-0.0152209$ & $-0.0911593$ & $-0.159315$ & $0.147823$ & $-0.0303748$ & $-0.124413$ & $-0.210762$ & $-0.605834$ & $-0.367848$ & $0.654812$ & $-0.605604$ & $0.0325997$ & $-0.127968$ & $-0.147174$ & $0.049943$ & $-0.0135485$ & $0.0373062$ & $0.0103543$ & $-0.0335092$ & $-0.0481016$ & $-0.00891883$ & $0.0555965$ & $-0.0505476$ & $-0.0393395$ & $0.0124524$ & $0.0400614$ & $0.0354494$ \\
CH & $-0.00539266$ & $-0.0129952$ & $-0.0515015$ & $-0.0657766$ & $-0.0254056$ & $-0.0284808$ & $-0.779907$ & $0.0135792$ & $0.019654$ & $-0.231119$ & $-0.0827069$ & $-0.908415$ & $1$ & $0.137547$ & $0.0747481$ & $0.0132115$ & $0.131435$ & $0.0917384$ & $0.13408$ & $0.0798995$ & $0.0801954$ & $0.0853056$ & $0.0171832$ & $0.0821028$ & $0.116452$ & $-0.0700131$ & $-0.00622585$ & $0.0701485$ & $0.231049$ & $0.699282$ & $0.400588$ & $-0.696601$ & $0.705427$ & $-0.0546135$ & $0.176357$ & $0.15824$ & $-0.0552981$ & $0.00612239$ & $-0.0323179$ & $-0.0144171$ & $0.0320079$ & $0.0420544$ & $0.0149822$ & $-0.0574693$ & $0.0420419$ & $0.0306577$ & $-0.0241845$ & $-0.0410739$ & $-0.012046$ \\
CHL1_11 & $-0.0383971$ & $0.00829879$ & $-0.0112314$ & $-0.0574736$ & $-0.0446059$ & $0.00454818$ & $-0.089772$ & $0.25697$ & $0.248589$ & $-0.132649$ & $-0.666359$ & $-0.233264$ & $0.137547$ & $1$ & $0.420112$ & $0.37597$ & $0.650323$ & $0.596478$ & $0.592066$ & $0.676258$ & $0.639799$ & $0.625672$ & $-0.0663849$ & $0.469442$ & $0.615538$ & $-0.460161$ & $-0.0498353$ & $0.321939$ & $0.0159936$ & $0.104284$ & $0.0766358$ & $-0.0893464$ & $0.136399$ & $-0.221105$ & $-0.0493414$ & $-0.0393092$ & $0.000860129$ & $-0.0135885$ & $-0.00234266$ & $-0.0185346$ & $-0.0380754$ & $0.0358269$ & $-0.0468684$ & $-0.0095935$ & $-0.0344303$ & $-0.00749625$ & $-0.0233524$ & $-0.0525356$ & $0.0161809$ \\
CHL1_22 & $-0.0405241$ & $-0.0432341$ & $-0.0616599$ & $0.00840257$ & $-0.0251779$ & $-0.0719475$ & $-0.0811587$ & $0.485438$ & $0.476247$ & $-0.30059$ & $-0.606827$ & $-0.140189$ & $0.0747481$ & $0.420112$ & $1$ & $0.545544$ & $0.179979$ & $-0.307233$ & $-0.00907935$ & $0.648332$ & $0.5509$ & $0.544307$ & $-0.195805$ & $0.0479692$ & $-0.0433711$ & $-0.369653$ & $-0.284084$ & $0.263704$ & $0.0398635$ & $0.0769524$ & $0.0567253$ & $-0.0805011$ & $0.0655949$ & $-0.488288$ & $-0.0285187$ & $-0.0594638$ & $0.0304294$ & $-0.00866631$ & $-0.0137109$ & $-0.0225421$ & $-0.0194878$ & $-0.0414478$ & $-0.0392468$ & $-0.0189424$ & $-0.0258566$ & $0.0353416$ & $0.0319128$ & $-0.0514703$ & $-0.0147886$ \\
CHL1_33 & $-0.0372135$ & $-0.00646995$ & $-0.0533046$ & $-0.0200402$ & $-0.0350445$ & $-0.0259404$ & $-0.0227621$ & $0.477869$ & $0.470603$ & $-0.269234$ & $-0.573425$ & $-0.0676178$ & $0.0132115$ & $0.37597$ & $0.545544$ & $1$ & $0.121888$ & $-0.044128$ & $-0.349591$ & $0.614616$ & $0.517365$ & $0.532945$ & $-0.206514$ & $0.00808274$ & $-0.098514$ & $-0.334499$ & $-0.310377$ & $0.259025$ & $0.000854134$ & $0.0365057$ & $0.0301852$ & $-0.0215686$ & $0.036184$ & $-0.037203$ & $-0.0468577$ & $-0.047067$ & $0.0263387$ & $0.00115004$ & $0.00193251$ & $-0.00696151$ & $0.00453056$ & $-0.0235436$ & $-0.0495448$ & $0.0205797$ & $-0.0647732$ & $0.0452192$ & $-0.0560767$ & $-0.0118228$ & $0.00698177$ \\
CHL3_11 & $-0.0201606$ & $0.0325493$ & $0.0140222$ & $-0.0487367$ & $-0.0165156$ & $-0.35365$ & $-0.0832227$ & $-0.239317$ & $-0.241343$ & $0.125621$ & $-0.244801$ & $-0.191221$ & $0.131435$ & $0.650323$ & $0.179979$ & $0.121888$ & $1$ & $0.816731$ & $0.823647$ & $0.25547$ & $0.222769$ & $0.218568$ & $-0.00537935$ & $0.777152$ & $0.867914$ & $-0.190917$ & $-0.102807$ & $0.100597$ & $0.0229588$ & $0.0865067$ & $0.0576006$ & $-0.0802649$ & $0.117149$ & $-0.294335$ & $0.00153937$ & $-0.028325$ & $0.0048906$ & $-0.0205065$ & $-0.00707218$ & $0.019742$ & $-0.00478887$ & $0.00586076$ & $0.00223105$ & $-0.000291708$ & $0.00112024$ & $-0.0144823$ & $-0.0185538$ & $-0.0896202$ & $0.0033794$ \\
CHL3_22 & $-0.00467405$ & $0.0520289$ & $0.0375548$ & $-0.0647395$ & $-0.0281358$ & $-0.146679$ & $-0.0347065$ & $-0.4288$ & $-0.426211$ & $0.259749$ & $-0.00432486$ & $-0.119843$ & $0.0917384$ & $0.596478$ & $-0.307233$ & $-0.044128$ & $0.816731$ & $1$ & $0.789341$ & $0.00293286$ & $0.00148057$ & $-0.000607979$ & $0.0554691$ & $0.750837$ & $0.861935$ & $-0.0404563$ & $-0.0302466$ & $0.0142314$ & $-0.00267909$ & $0.0502426$ & $0.0338365$ & $-0.029382$ & $0.0892071$ & $-0.0924715$ & $0.00440587$ & $0.00280042$ & $-0.00585689$ & $-0.0196835$ & $0.00409507$ & $0.0294875$ & $-0.0041265$ & $0.0431578$ & $0.00598209$ & $0.0168729$ & $-0.00291412$ & $-0.0362678$ & $-0.048548$ & $-0.0434584$ & $0.0177724$ \\
CHL3_33 & $-0.00383411$ & $0.0255523$ & $0.0333606$ & $-0.0411801$ & $-0.0229003$ & $-0.177467$ & $-0.0758319$ & $-0.421461$ & $-0.419709$ & $0.235088$ & $-0.0106079$ & $-0.165619$ & $0.13408$ & $0.592066$ & $-0.00907935$ & $-0.349591$ & $0.823647$ & $0.789341$ & $1$ & $0.00879047$ & $0.00973814$ & $0.00416185$ & $0.0674069$ & $0.751729$ & $0.869857$ & $-0.0545514$ & $-0.00410624$ & $0.00629005$ & $0.0284733$ & $0.0780075$ & $0.0522786$ & $-0.0717916$ & $0.106301$ & $-0.388325$ & $0.0177122$ & $-0.00902559$ & $-0.00354417$ & $-0.0239367$ & $-0.00722813$ & $0.0178949$ & $-0.0229205$ & $0.0249318$ & $0.0198746$ & $-0.0129033$ & $0.017123$ & $-0.0405139$ & $0.00797969$ & $-0.0709797$ & $0.00498262$ \\
CHe_11 & $-0.049757$ & $-0.0260672$ & $-0.033298$ & $-0.0303605$ & $-3.13055e-05$ & $-0.0906832$ & $-0.0750101$ & $0.851195$ & $0.838902$ & $-0.474628$ & $-0.994809$ & $-0.189402$ & $0.0798995$ & $0.676258$ & $0.648332$ & $0.614616$ & $0.25547$ & $0.00293286$ & $0.00879047$ & $1$ & $0.98446$ & $0.972949$ & $-0.0601586$ & $-0.150226$ & $0.0829608$ & $-0.672865$ & $0.193602$ & $0.446555$ & $0.0041927$ & $0.080085$ & $0.0761154$ & $-0.0871902$ & $0.0977096$ & $0.199393$ & $-0.0760507$ & $-0.0746232$ & $0.0125941$ & $-0.00562863$ & $-0.00743646$ & $-0.0548144$ & $-0.0275268$ & $0.00263588$ & $-0.0560987$ & $-0.0209978$ & $-0.0361477$ & $0.0282924$ & $0.0122851$ & $-0.05183$ & $0.00659155$ \\
CHe_22 & $-0.0438581$ & $-0.022704$ & $-0.0238225$ & $-0.0275725$ & $0.0133811$ & $-0.0993876$ & $-0.0759431$ & $0.881032$ & $0.868044$ & $-0.489556$ & $-0.994598$ & $-0.192556$ & $0.0801954$ & $0.639799$ & $0.5509$ & $0.517365$ & $0.222769$ & $0.00148057$ & $0.00973814$ & $0.98446$ & $1$ & $0.985429$ & $-0.0159661$ & $-0.223877$ & $0.0723421$ & $-0.683676$ & $0.315853$ & $0.445081$ & $0.00099217$ & $0.0777293$ & $0.0738673$ & $-0.0909112$ & $0.0973665$ & $0.326353$ & $-0.0821074$ & $-0.0669978$ & $0.00135678$ & $5.04723e-05$ & $-0.00508223$ & $-0.0614701$ & $-0.0277626$ & $0.00814711$ & $-0.0544453$ & $-0.0267899$ & $-0.0309746$ & $0.0278102$ & $0.0167708$ & $-0.0501798$ & $0.0085979$ \\
CHe_33 & $-0.0450739$ & $-0.0242417$ & $-0.0224754$ & $-0.0195093$ & $0.0148139$ & $-0.109679$ & $-0.0813969$ & $0.872593$ & $0.860569$ & $-0.483226$ & $-0.982644$ & $-0.194$ & $0.0853056$ & $0.625672$ & $0.544307$ & $0.532945$ & $0.218568$ & $-0.000607979$ & $0.00416185$ & $0.972949$ & $0.985429$ & $1$ & $-0.00803488$ & $-0.2236$ & $0.0688553$ & $-0.679377$ & $0.313419$ & $0.437867$ & $0.00537188$ & $0.0776772$ & $0.0813791$ & $-0.0980624$ & $0.0959484$ & $0.329127$ & $-0.0772742$ & $-0.0774906$ & $-0.00571818$ & $-0.00267591$ & $-0.00622748$ & $-0.0656814$ & $-0.0300764$ & $0.00310098$ & $-0.0440601$ & $-0.031745$ & $-0.0366144$ & $0.0357932$ & $0.0139788$ & $-0.0511382$ & $0.0125687$ \\
CHQ1_11 & $0.00323111$ & $0.00978967$ & $-0.0290208$ & $-0.0105644$ & $0.0128302$ & $-0.041181$ & $-0.0271219$ & $-0.0129045$ & $-0.0211023$ & $0.0203979$ & $0.0399989$ & $-0.0152209$ & $0.0171832$ & $-0.0663849$ & $-0.195805$ & $-0.206514$ & $-0.00537935$ & $0.0554691$ & $0.0674069$ & $-0.0601586$ & $-0.0159661$ & $-0.00803488$ & $1$ & $-0.054863$ & $0.114795$ & $-0.574719$ & $0.357391$ & $-0.0475176$ & $-0.0290307$ & $-0.00486275$ & $0.0132376$ & $-0.0258342$ & $0.0176506$ & $0.190246$ & $0.035194$ & $-0.00880519$ & $-0.00824759$ & $-0.0116959$ & $0.0504374$ & $-0.05491$ & $0.0127844$ & $0.00748205$ & $-0.0340379$ & $0.00421693$ & $-0.0301917$ & $-0.0180618$ & $0.0173719$ & $-0.0155257$ & $-0.0108243$ \\
CHQ1_33 & $-0.048755$ & $0.0389383$ & $0.00311052$ & $-0.0493845$ & $-0.0424369$ & $-0.136266$ & $-0.0396826$ & $-0.612177$ & $-0.609153$ & $0.33106$ & $0.18227$ & $-0.0911593$ & $0.0821028$ & $0.469442$ & $0.0479692$ & $0.00808274$ & $0.777152$ & $0.750837$ & $0.751729$ & $-0.150226$ & $-0.223877$ & $-0.2236$ & $-0.054863$ & $1$ & $0.76334$ & $0.11521$ & $-0.352091$ & $-0.00987227$ & $0.013575$ & $0.0511036$ & $0.0268015$ & $-0.0282899$ & $0.0690286$ & $-0.612483$ & $0.0459897$ & $-0.00175822$ & $0.00784386$ & $-0.0163178$ & $-0.00562516$ & $0.0460091$ & $-0.00288075$ & $-0.0141579$ & $0.00506142$ & $0.0289434$ & $-0.00265243$ & $-0.0334197$ & $-0.0414143$ & $-0.0572198$ & $0.00743871$ \\
CHQ3_11 & $-0.103429$ & $0.0489453$ & $-0.002739$ & $-0.0227531$ & $-0.0295525$ & $-0.22566$ & $-0.0776606$ & $-0.366279$ & $-0.368587$ & $0.215282$ & $-0.080806$ & $-0.159315$ & $0.116452$ & $0.615538$ & $-0.0433711$ & $-0.098514$ & $0.867914$ & $0.861935$ & $0.869857$ & $0.0829608$ & $0.0723421$ & $0.0688553$ & $0.114795$ & $0.76334$ & $1$ & $-0.0953338$ & $0.159682$ & $0.0365818$ & $0.0118182$ & $0.0649686$ & $0.0397733$ & $-0.0723407$ & $0.10475$ & $-0.268118$ & $0.0224256$ & $-0.00565704$ & $-0.0123328$ & $-0.0190984$ & $0.00282983$ & $0.022926$ & $-0.00156114$ & $0.0217637$ & $0.0138122$ & $0.00119142$ & $-0.00164255$ & $-0.0364438$ & $-0.0258562$ & $-0.0631045$ & $0.0238312$ \\
CHu_11 & $-0.0164663$ & $0.00196563$ & $0.0454883$ & $0.017508$ & $-0.0212774$ & $0.0797463$ & $0.0626641$ & $-0.582591$ & $-0.567691$ & $0.318139$ & $0.679983$ & $0.147823$ & $-0.0700131$ & $-0.460161$ & $-0.369653$ & $-0.334499$ & $-0.190917$ & $-0.0404563$ & $-0.0545514$ & $-0.672865$ & $-0.683676$ & $-0.679377$ & $-0.574719$ & $0.11521$ & $-0.0953338$ & $1$ & $-0.21202$ & $-0.289188$ & $0.0283873$ & $-0.0485704$ & $-0.0546433$ & $0.0728322$ & $-0.0702688$ & $-0.213403$ & $0.0455897$ & $0.0534652$ & $-0.00483446$ & $-0.000992768$ & $-0.0339728$ & $0.0724918$ & $-0.00448158$ & $-0.0113525$ & $0.0741656$ & $0.027932$ & $0.0611574$ & $0.0142505$ & $-0.00964973$ & $0.0577532$ & $0.0194265$ \\
CHd_11 & $-0.027054$ & $0.0260293$ & $0.00138161$ & $0.0180928$ & $0.051898$ & $-0.10638$ & $-0.0266565$ & $0.366522$ & $0.358999$ & $-0.18925$ & $-0.250965$ & $-0.0303748$ & $-0.00622585$ & $-0.0498353$ & $-0.284084$ & $-0.310377$ & $-0.102807$ & $-0.0302466$ & $-0.00410624$ & $0.193602$ & $0.315853$ & $0.313419$ & $0.357391$ & $-0.352091$ & $0.159682$ & $-0.21202$ & $1$ & $0.0875645$ & $-0.0228284$ & $-0.0123356$ & $0.0116307$ & $-0.0436575$ & $0.0146924$ & $0.658907$ & $-0.00490278$ & $-0.00358248$ & $-0.0424702$ & $0.0119694$ & $0.0125344$ & $-0.0590218$ & $0.00503363$ & $0.0114318$ & $0.0113752$ & $-0.0245836$ & $0.00630689$ & $-0.0166252$ & $0.0232573$ & $-0.0118292$ & $0.0356104$ \\
CHd_33 & $-0.000843224$ & $-0.0163349$ & $-0.0398198$ & $0.0230611$ & $-0.0531488$ & $-0.00298548$ & $-0.034046$ & $0.387737$ & $0.385297$ & $-0.202563$ & $-0.449866$ & $-0.124413$ & $0.0701485$ & $0.321939$ & $0.263704$ & $0.259025$ & $0.100597$ & $0.0142314$ & $0.00629005$ & $0.446555$ & $0.445081$ & $0.437867$ & $-0.0475176$ & $-0.00987227$ & $0.0365818$ & $-0.289188$ & $0.0875645$ & $1$ & $-0.00650775$ & $0.039717$ & $-0.00894086$ & $-0.0489111$ & $0.0390145$ & $0.112715$ & $-0.0370086$ & $-0.0196731$ & $0.0672873$ & $0.0172536$ & $-0.0473927$ & $0.0143558$ & $-0.0516434$ & $-0.00201077$ & $-0.0384407$ & $-0.0256795$ & $-0.0300835$ & $-0.034313$ & $0.0290209$ & $0.0140251$ & $-0.0227429$ \\
CeH_22r & $0.0448454$ & $-0.0232209$ & $-0.0374592$ & $0.00644995$ & $-0.0178376$ & $-0.0191226$ & $-0.173552$ & $-0.00918102$ & $-0.0127196$ & $-0.0616862$ & $-0.00533957$ & $-0.210762$ & $0.231049$ & $0.0159936$ & $0.0398635$ & $0.000854134$ & $0.0229588$ & $-0.00267909$ & $0.0284733$ & $0.0041927$ & $0.00099217$ & $0.00537188$ & $-0.0290307$ & $0.013575$ & $0.0118182$ & $0.0283873$ & $-0.0228284$ & $-0.00650775$ & $1$ & $0.208769$ & $0.123762$ & $-0.161769$ & $0.167122$ & $-0.0513807$ & $0.0275513$ & $0.0499214$ & $0.0306748$ & $-0.0195502$ & $-0.0196514$ & $-0.0297295$ & $-0.0283193$ & $0.000323387$ & $-0.0251568$ & $0.0441938$ & $0.0619518$ & $-0.0166589$ & $0.0235689$ & $-0.00826207$ & $-0.0440234$ \\
CeH_33r & $-0.0158462$ & $-0.0154315$ & $-0.0166911$ & $-0.0667222$ & $-0.0233728$ & $-0.0263425$ & $-0.571686$ & $0.0341252$ & $0.0538578$ & $-0.219079$ & $-0.0811167$ & $-0.605834$ & $0.699282$ & $0.104284$ & $0.0769524$ & $0.0365057$ & $0.0865067$ & $0.0502426$ & $0.0780075$ & $0.080085$ & $0.0777293$ & $0.0776772$ & $-0.00486275$ & $0.0511036$ & $0.0649686$ & $-0.0485704$ & $-0.0123356$ & $0.039717$ & $0.208769$ & $1$ & $0.47633$ & $-0.435646$ & $0.806729$ & $-0.0389339$ & $0.0719916$ & $0.107737$ & $-0.173724$ & $-0.0339895$ & $-0.0650337$ & $-0.0148599$ & $0.0288172$ & $-0.0127111$ & $0.00162629$ & $-0.0355369$ & $0.0780038$ & $0.014424$ & $-0.0177647$ & $-0.0169692$ & $-0.0221831$ \\
CuH_22r & $0.00396099$ & $-0.0353107$ & $0.0424805$ & $-0.0807842$ & $-0.0399384$ & $0.0199941$ & $-0.332918$ & $0.0457883$ & $0.0568965$ & $-0.150202$ & $-0.0753837$ & $-0.367848$ & $0.400588$ & $0.0766358$ & $0.0567253$ & $0.0301852$ & $0.0576006$ & $0.0338365$ & $0.0522786$ & $0.0761154$ & $0.0738673$ & $0.0813791$ & $0.0132376$ & $0.0268015$ & $0.0397733$ & $-0.0546433$ & $0.0116307$ & $-0.00894086$ & $0.123762$ & $0.47633$ & $1$ & $-0.235656$ & $0.497421$ & $-0.00694699$ & $0.0760177$ & $0.0551132$ & $-0.0630074$ & $-0.0420179$ & $-0.0630748$ & $-0.0167911$ & $0.0412735$ & $0.00486478$ & $0.0028179$ & $-0.0310409$ & $0.0177145$ & $0.082301$ & $0.337749$ & $-0.0170881$ & $-0.00112758$ \\
CuH_33r & $-0.00326184$ & $0.042434$ & $0.0433322$ & $0.0303731$ & $0.00965868$ & $0.0741818$ & $0.95667$ & $-0.0543919$ & $-0.0336027$ & $0.229448$ & $0.091095$ & $0.654812$ & $-0.696601$ & $-0.0893464$ & $-0.0805011$ & $-0.0215686$ & $-0.0802649$ & $-0.029382$ & $-0.0717916$ & $-0.0871902$ & $-0.0909112$ & $-0.0980624$ & $-0.0258342$ & $-0.0282899$ & $-0.0723407$ & $0.0728322$ & $-0.0436575$ & $-0.0489111$ & $-0.161769$ & $-0.435646$ & $-0.235656$ & $1$ & $-0.425476$ & $0.0179311$ & $-0.13821$ & $-0.0779565$ & $0.0500233$ & $-0.0262938$ & $-0.00613644$ & $-0.0114862$ & $-0.0233864$ & $-0.0474847$ & $-0.022518$ & $0.0211499$ & $-0.0523442$ & $0.0328268$ & $-0.0216684$ & $0.000699233$ & $0.0293382$ \\
CdH_33r & $-0.025899$ & $-0.0250901$ & $-0.0274746$ & $-0.0809126$ & $-0.0109285$ & $-0.0313315$ & $-0.577571$ & $0.0377773$ & $0.0568013$ & $-0.240697$ & $-0.100618$ & $-0.605604$ & $0.705427$ & $0.136399$ & $0.0655949$ & $0.036184$ & $0.117149$ & $0.0892071$ & $0.106301$ & $0.0977096$ & $0.0973665$ & $0.0959484$ & $0.0176506$ & $0.0690286$ & $0.10475$ & $-0.0702688$ & $0.0146924$ & $0.0390145$ & $0.167122$ & $0.806729$ & $0.497421$ & $-0.425476$ & $1$ & $-0.0243744$ & $0.0858703$ & $0.095808$ & $-0.159711$ & $-0.0317328$ & $-0.0584551$ & $-0.0376538$ & $0.0179232$ & $0.0398093$ & $-0.00310197$ & $-0.018018$ & $0.0290219$ & $-0.0123758$ & $-0.0410842$ & $0.0594651$ & $0.330723$ \\
CLL_1221 & $0.00467699$ & $0.0380861$ & $0.0362299$ & $0.0031496$ & $0.0643229$ & $-0.0628004$ & $0.0371624$ & $0.486207$ & $0.483777$ & $-0.247984$ & $-0.256913$ & $0.0325997$ & $-0.0546135$ & $-0.221105$ & $-0.488288$ & $-0.037203$ & $-0.294335$ & $-0.0924715$ & $-0.388325$ & $0.199393$ & $0.326353$ & $0.329127$ & $0.190246$ & $-0.612483$ & $-0.268118$ & $-0.213403$ & $0.658907$ & $0.112715$ & $-0.0513807$ & $-0.0389339$ & $-0.00694699$ & $0.0179311$ & $-0.0243744$ & $1$ & $-0.0472014$ & $-0.00427462$ & $-0.0346619$ & $0.020872$ & $0.00798894$ & $-0.0493375$ & $0.00641657$ & $0.0285599$ & $-0.00201973$ & $-0.0135926$ & $-0.00308536$ & $0.00696787$ & $0.00142618$ & $0.0204182$ & $0.0164995$ \\
eHggint & $-0.00345966$ & $-0.0362434$ & $-0.0156534$ & $0.0285194$ & $-0.0216005$ & $0.00955283$ & $-0.185774$ & $-0.0776221$ & $-0.0961073$ & $0.0230165$ & $0.0797853$ & $-0.127968$ & $0.176357$ & $-0.0493414$ & $-0.0285187$ & $-0.0468577$ & $0.00153937$ & $0.00440587$ & $0.0177122$ & $-0.0760507$ & $-0.0821074$ & $-0.0772742$ & $0.035194$ & $0.0459897$ & $0.0224256$ & $0.0455897$ & $-0.00490278$ & $-0.0370086$ & $0.0275513$ & $0.0719916$ & $0.0760177$ & $-0.13821$ & $0.0858703$ & $-0.0472014$ & $1$ & $0.0527786$ & $0.0179495$ & $-0.0506097$ & $0.0726397$ & $-0.00530067$ & $-0.0124345$ & $0.0195537$ & $-0.00814952$ & $-0.0588332$ & $0.024629$ & $0.0110577$ & $-0.0639185$ & $0.0307862$ & $0.0214156$ \\
eHggpar & $0.0401139$ & $-0.0220377$ & $-0.0203668$ & $-0.0307977$ & $0.0157339$ & $0.0264$ & $-0.126862$ & $-0.0564574$ & $-0.0713663$ & $0.0343685$ & $0.0694977$ & $-0.147174$ & $0.15824$ & $-0.0393092$ & $-0.0594638$ & $-0.047067$ & $-0.028325$ & $0.00280042$ & $-0.00902559$ & $-0.0746232$ & $-0.0669978$ & $-0.0774906$ & $-0.00880519$ & $-0.00175822$ & $-0.00565704$ & $0.0534652$ & $-0.00358248$ & $-0.0196731$ & $0.0499214$ & $0.107737$ & $0.0551132$ & $-0.0779565$ & $0.095808$ & $-0.00427462$ & $0.0527786$ & $1$ & $0.0374704$ & $0.01736$ & $0.043276$ & $-0.0364306$ & $0.0195151$ & $0.0408649$ & $-0.0412565$ & $-0.00301907$ & $0.026798$ & $-0.0155845$ & $-0.0149181$ & $-0.0175622$ & $-0.00420746$ \\
eHWWint & $0.0925399$ & $-0.0147489$ & $0.0216352$ & $0.000806912$ & $-0.0206963$ & $-0.0237447$ & $0.0694591$ & $-0.00191219$ & $-0.0166889$ & $0.00361358$ & $-0.00450546$ & $0.049943$ & $-0.0552981$ & $0.000860129$ & $0.0304294$ & $0.0263387$ & $0.0048906$ & $-0.00585689$ & $-0.00354417$ & $0.0125941$ & $0.00135678$ & $-0.00571818$ & $-0.00824759$ & $0.00784386$ & $-0.0123328$ & $-0.00483446$ & $-0.0424702$ & $0.0672873$ & $0.0306748$ & $-0.173724$ & $-0.0630074$ & $0.0500233$ & $-0.159711$ & $-0.0346619$ & $0.0179495$ & $0.0374704$ & $1$ & $-0.0562631$ & $0.022243$ & $-0.0233627$ & $-0.0158474$ & $0.0330386$ & $-0.0231333$ & $0.00882926$ & $0.0485893$ & $-0.0378418$ & $0.0752741$ & $-0.0214426$ & $0.0273134$ \\
eHWWpar & $-0.0113569$ & $0.0269301$ & $-0.0597391$ & $0.0407549$ & $0.0311244$ & $-0.0313592$ & $-0.00735593$ & $0.00990076$ & $0.0125925$ & $0.0123162$ & $0.00278244$ & $-0.0135485$ & $0.00612239$ & $-0.0135885$ & $-0.00866631$ & $0.00115004$ & $-0.0205065$ & $-0.0196835$ & $-0.0239367$ & $-0.00562863$ & $5.04723e-05$ & $-0.00267591$ & $-0.0116959$ & $-0.0163178$ & $-0.0190984$ & $-0.000992768$ & $0.0119694$ & $0.0172536$ & $-0.0195502$ & $-0.0339895$ & $-0.0420179$ & $-0.0262938$ & $-0.0317328$ & $0.020872$ & $-0.0506097$ & $0.01736$ & $-0.0562631$ & $1$ & $-0.00804406$ & $0.0241781$ & $0.0201883$ & $-0.0119083$ & $0.0341553$ & $-0.0994845$ & $-0.00913624$ & $-0.0440492$ & $0.0154182$ & $-0.0223893$ & $0.0240715$ \\
eHZZint & $0.00604696$ & $-0.0241784$ & $0.00976636$ & $0.0479991$ & $-0.0194794$ & $-0.0318205$ & $-0.00712715$ & $-0.00196733$ & $-0.0114129$ & $-0.000646846$ & $0.00452881$ & $0.0373062$ & $-0.0323179$ & $-0.00234266$ & $-0.0137109$ & $0.00193251$ & $-0.00707218$ & $0.00409507$ & $-0.00722813$ & $-0.00743646$ & $-0.00508223$ & $-0.00622748$ & $0.0504374$ & $-0.00562516$ & $0.00282983$ & $-0.0339728$ & $0.0125344$ & $-0.0473927$ & $-0.0196514$ & $-0.0650337$ & $-0.0630748$ & $-0.00613644$ & $-0.0584551$ & $0.00798894$ & $0.0726397$ & $0.043276$ & $0.022243$ & $-0.00804406$ & $1$ & $-0.0131513$ & $0.0388922$ & $0.0198092$ & $0.00921218$ & $-0.0464293$ & $-0.0237825$ & $-0.0334086$ & $-0.0401164$ & $0.0100982$ & $0.00064778$ \\
eHZZpar & $-0.0104838$ & $0.023392$ & $-0.00794723$ & $0.0201085$ & $-0.0499799$ & $0.00629753$ & $-0.0144964$ & $-0.0732848$ & $-0.0781433$ & $0.0288352$ & $0.0599992$ & $0.0103543$ & $-0.0144171$ & $-0.0185346$ & $-0.0225421$ & $-0.00696151$ & $0.019742$ & $0.0294875$ & $0.0178949$ & $-0.0548144$ & $-0.0614701$ & $-0.0656814$ & $-0.05491$ & $0.0460091$ & $0.022926$ & $0.0724918$ & $-0.0590218$ & $0.0143558$ & $-0.0297295$ & $-0.0148599$ & $-0.0167911$ & $-0.0114862$ & $-0.0376538$ & $-0.0493375$ & $-0.00530067$ & $-0.0364306$ & $-0.0233627$ & $0.0241781$ & $-0.0131513$ & $1$ & $-0.00710389$ & $-0.0336464$ & $-0.00114475$ & $0.017538$ & $-0.0103803$ & $-0.0274582$ & $-0.0474691$ & $0.0381336$ & $-0.0464801$ \\
eHZgaint & $0.0322958$ & $-0.00104169$ & $0.040888$ & $0.0454065$ & $0.0215335$ & $-0.00140102$ & $-0.0352623$ & $-0.0214836$ & $-0.0259135$ & $-0.0617841$ & $0.0283922$ & $-0.0335092$ & $0.0320079$ & $-0.0380754$ & $-0.0194878$ & $0.00453056$ & $-0.00478887$ & $-0.0041265$ & $-0.0229205$ & $-0.0275268$ & $-0.0277626$ & $-0.0300764$ & $0.0127844$ & $-0.00288075$ & $-0.00156114$ & $-0.00448158$ & $0.00503363$ & $-0.0516434$ & $-0.0283193$ & $0.0288172$ & $0.0412735$ & $-0.0233864$ & $0.0179232$ & $0.00641657$ & $-0.0124345$ & $0.0195151$ & $-0.0158474$ & $0.0201883$ & $0.0388922$ & $-0.00710389$ & $1$ & $0.0359484$ & $0.0106372$ & $0.0331528$ & $0.0617551$ & $-0.0513821$ & $0.00840529$ & $0.0619123$ & $-0.0756392$ \\
eHZgapar & $0.04694$ & $0.0174757$ & $0.0577387$ & $-0.0022499$ & $-0.0241076$ & $-0.013818$ & $-0.0522288$ & $-0.00355967$ & $-0.00693493$ & $-0.0185017$ & $-0.00459171$ & $-0.0481016$ & $0.0420544$ & $0.0358269$ & $-0.0414478$ & $-0.0235436$ & $0.00586076$ & $0.0431578$ & $0.0249318$ & $0.00263588$ & $0.00814711$ & $0.00310098$ & $0.00748205$ & $-0.0141579$ & $0.0217637$ & $-0.0113525$ & $0.0114318$ & $-0.00201077$ & $0.000323387$ & $-0.0127111$ & $0.00486478$ & $-0.0474847$ & $0.0398093$ & $0.0285599$ & $0.0195537$ & $0.0408649$ & $0.0330386$ & $-0.0119083$ & $0.0198092$ & $-0.0336464$ & $0.0359484$ & $1$ & $0.0454667$ & $0.00453604$ & $0.00918605$ & $-0.0311444$ & $-0.0452285$ & $-0.0101975$ & $0.0394062$ \\
eHgagaint & $-0.00306883$ & $-0.0120044$ & $0.0140261$ & $0.0366281$ & $-0.00789276$ & $-0.0147356$ & $-0.0155124$ & $-0.0498616$ & $0.00680006$ & $0.0309485$ & $0.0564058$ & $-0.00891883$ & $0.0149822$ & $-0.0468684$ & $-0.0392468$ & $-0.0495448$ & $0.00223105$ & $0.00598209$ & $0.0198746$ & $-0.0560987$ & $-0.0544453$ & $-0.0440601$ & $-0.0340379$ & $0.00506142$ & $0.0138122$ & $0.0741656$ & $0.0113752$ & $-0.0384407$ & $-0.0251568$ & $0.00162629$ & $0.0028179$ & $-0.022518$ & $-0.00310197$ & $-0.00201973$ & $-0.00814952$ & $-0.0412565$ & $-0.0231333$ & $0.0341553$ & $0.00921218$ & $-0.00114475$ & $0.0106372$ & $0.0454667$ & $1$ & $0.0535112$ & $0.00606685$ & $0.077441$ & $0.000528586$ & $0.0187901$ & $0.00760216$ \\
eHmumuint & $-0.0117135$ & $0.0342729$ & $0.0808216$ & $-0.0238468$ & $0.047682$ & $0.0319149$ & $0.0325076$ & $-0.0303443$ & $-0.0238335$ & $-0.00711596$ & $0.0252583$ & $0.0555965$ & $-0.0574693$ & $-0.0095935$ & $-0.0189424$ & $0.0205797$ & $-0.000291708$ & $0.0168729$ & $-0.0129033$ & $-0.0209978$ & $-0.0267899$ & $-0.031745$ & $0.00421693$ & $0.0289434$ & $0.00119142$ & $0.027932$ & $-0.0245836$ & $-0.0256795$ & $0.0441938$ & $-0.0355369$ & $-0.0310409$ & $0.0211499$ & $-0.018018$ & $-0.0135926$ & $-0.0588332$ & $-0.00301907$ & $0.00882926$ & $-0.0994845$ & $-0.0464293$ & $0.017538$ & $0.0331528$ & $0.00453604$ & $0.0535112$ & $1$ & $0.0231918$ & $0.0361679$ & $-0.0398874$ & $0.0278938$ & $0.022194$ \\
eHtautauint & $0.00729056$ & $-0.0049307$ & $0.0482131$ & $-0.00193297$ & $-0.057308$ & $-0.0488856$ & $-0.0553656$ & $-0.0302929$ & $-0.0359907$ & $-0.00496062$ & $0.0341067$ & $-0.0505476$ & $0.0420419$ & $-0.0344303$ & $-0.0258566$ & $-0.0647732$ & $0.00112024$ & $-0.00291412$ & $0.017123$ & $-0.0361477$ & $-0.0309746$ & $-0.0366144$ & $-0.0301917$ & $-0.00265243$ & $-0.00164255$ & $0.0611574$ & $0.00630689$ & $-0.0300835$ & $0.0619518$ & $0.0780038$ & $0.0177145$ & $-0.0523442$ & $0.0290219$ & $-0.00308536$ & $0.024629$ & $0.026798$ & $0.0485893$ & $-0.00913624$ & $-0.0237825$ & $-0.0103803$ & $0.0617551$ & $0.00918605$ & $0.00606685$ & $0.0231918$ & $1$ & $0.000556324$ & $0.0869118$ & $-0.0218474$ & $-0.0144964$ \\
eHccint & $-0.0464473$ & $-0.0259142$ & $0.0119237$ & $-0.0179664$ & $-0.0230561$ & $-0.0077572$ & $0.0255199$ & $0.0391772$ & $0.0515916$ & $-0.000420707$ & $-0.0284502$ & $-0.0393395$ & $0.0306577$ & $-0.00749625$ & $0.0353416$ & $0.0452192$ & $-0.0144823$ & $-0.0362678$ & $-0.0405139$ & $0.0282924$ & $0.0278102$ & $0.0357932$ & $-0.0180618$ & $-0.0334197$ & $-0.0364438$ & $0.0142505$ & $-0.0166252$ & $-0.034313$ & $-0.0166589$ & $0.014424$ & $0.082301$ & $0.0328268$ & $-0.0123758$ & $0.00696787$ & $0.0110577$ & $-0.0155845$ & $-0.0378418$ & $-0.0440492$ & $-0.0334086$ & $-0.0274582$ & $-0.0513821$ & $-0.0311444$ & $0.077441$ & $0.0361679$ & $0.000556324$ & $1$ & $0.00692929$ & $-0.0024322$ & $-0.0576051$ \\
eHccpar & $-0.0157948$ & $-0.0281435$ & $0.10388$ & $-0.0245952$ & $-0.0405119$ & $-0.00456428$ & $-0.011594$ & $0.0290265$ & $0.032103$ & $0.00518145$ & $-0.012263$ & $0.0124524$ & $-0.0241845$ & $-0.0233524$ & $0.0319128$ & $-0.0560767$ & $-0.0185538$ & $-0.048548$ & $0.00797969$ & $0.0122851$ & $0.0167708$ & $0.0139788$ & $0.0173719$ & $-0.0414143$ & $-0.0258562$ & $-0.00964973$ & $0.0232573$ & $0.0290209$ & $0.0235689$ & $-0.0177647$ & $0.337749$ & $-0.0216684$ & $-0.0410842$ & $0.00142618$ & $-0.0639185$ & $-0.0149181$ & $0.0752741$ & $0.0154182$ & $-0.0401164$ & $-0.0474691$ & $0.00840529$ & $-0.0452285$ & $0.000528586$ & $-0.0398874$ & $0.0869118$ & $0.00692929$ & $1$ & $-0.00338415$ & $-0.0639422$ \\
eHbbint & $-0.0300895$ & $-0.0236067$ & $0.0589494$ & $0.0498275$ & $-0.0148125$ & $0.0260752$ & $0.0054086$ & $-0.0120303$ & $-0.0152181$ & $-0.0169793$ & $0.0503371$ & $0.0400614$ & $-0.0410739$ & $-0.0525356$ & $-0.0514703$ & $-0.0118228$ & $-0.0896202$ & $-0.0434584$ & $-0.0709797$ & $-0.05183$ & $-0.0501798$ & $-0.0511382$ & $-0.0155257$ & $-0.0572198$ & $-0.0631045$ & $0.0577532$ & $-0.0118292$ & $0.0140251$ & $-0.00826207$ & $-0.0169692$ & $-0.0170881$ & $0.000699233$ & $0.0594651$ & $0.0204182$ & $0.0307862$ & $-0.0175622$ & $-0.0214426$ & $-0.0223893$ & $0.0100982$ & $0.0381336$ & $0.0619123$ & $-0.0101975$ & $0.0187901$ & $0.0278938$ & $-0.0218474$ & $-0.0024322$ & $-0.00338415$ & $1$ & $-0.0561159$ \\
eHbbpar & $-0.0535879$ & $-0.0204706$ & $-0.0157352$ & $0.010429$ & $0.0410556$ & $-0.0176208$ & $0.0180411$ & $0.00592772$ & $0.00197337$ & $0.0111549$ & $-0.00906964$ & $0.0354494$ & $-0.012046$ & $0.0161809$ & $-0.0147886$ & $0.00698177$ & $0.0033794$ & $0.0177724$ & $0.00498262$ & $0.00659155$ & $0.0085979$ & $0.0125687$ & $-0.0108243$ & $0.00743871$ & $0.0238312$ & $0.0194265$ & $0.0356104$ & $-0.0227429$ & $-0.0440234$ & $-0.0221831$ & $-0.00112758$ & $0.0293382$ & $0.330723$ & $0.0164995$ & $0.0214156$ & $-0.00420746$ & $0.0273134$ & $0.0240715$ & $0.00064778$ & $-0.0464801$ & $-0.0756392$ & $0.0394062$ & $0.00760216$ & $0.022194$ & $-0.0144964$ & $-0.0576051$ & $-0.0639422$ & $-0.0561159$ & $1$ \\
