 & AlsMz & dAle5Mz & mtop & mHl & Mz & CW & CHG & CHWB & CHWHB_gaga & CHWHB_gagaorth & CHD & CHbox & CH & CHL1_11 & CHL1_22 & CHL1_33 & CHL3_11 & CHL3_22 & CHL3_33 & CHe_11 & CHe_22 & CHe_33 & CHQ1_11 & CHQ1_33 & CHQ3_11 & CHu_11 & CHd_11 & CHd_33 & CeH_22r & CeH_33r & CuH_22r & CuH_33r & CdH_33r & CLL_1221 & eHggint & eHggpar & eHWWint & eHWWpar & eHZZint & eHZZpar & eHZgaint & eHZgapar & eHgagaint & eHmumuint & eHtautauint & eHccint & eHccpar & eHbbint & eHbbpar \\
AlsMz & $1$ & $0.0384982$ & $-0.0791391$ & $0.0946782$ & $-0.0207246$ & $-0.0130916$ & $-0.00315331$ & $-0.0390744$ & $-0.0482961$ & $0.00375028$ & $0.0274058$ & $0.0154651$ & $-0.0196427$ & $-0.0174489$ & $-0.00376943$ & $0.0147865$ & $0.0145334$ & $0.0133177$ & $-0.00075894$ & $-0.0302074$ & $-0.0368482$ & $-0.028561$ & $-0.0281476$ & $-0.00565747$ & $-0.0839145$ & $-0.00411875$ & $-0.0542792$ & $0.0224429$ & $-0.0333069$ & $-0.00522351$ & $0.00884293$ & $0.0141829$ & $-0.0841704$ & $-0.0217513$ & $0.189951$ & $0.227909$ & $0.0113906$ & $0.0193801$ & $-0.103245$ & $0.0453858$ & $-0.0606085$ & $0.0314339$ & $-0.0731913$ & $0.178856$ & $-0.0665037$ & $0.0849854$ & $-0.0924369$ & $0.233269$ & $-0.250548$ \\
dAle5Mz & $0.0384982$ & $1$ & $0.0962929$ & $0.0272656$ & $-0.00234866$ & $-0.0226919$ & $-0.00165134$ & $-0.0349855$ & $-0.0405582$ & $-0.0176808$ & $0.0294292$ & $-0.0135557$ & $-0.0415209$ & $-0.0326474$ & $-0.0221891$ & $0.0219809$ & $0.0134765$ & $0.0073705$ & $-0.0258493$ & $-0.0147544$ & $-0.0100361$ & $-0.0135573$ & $0.0591564$ & $-0.0232284$ & $-0.0146463$ & $-0.053415$ & $-0.0199806$ & $-0.0305232$ & $-0.0116202$ & $0.00606982$ & $-0.0327773$ & $-0.00635911$ & $0.0022099$ & $0.0431893$ & $-0.26322$ & $0.17703$ & $-0.0343374$ & $0.010568$ & $-0.149837$ & $-0.0272161$ & $-0.129398$ & $-0.0130621$ & $-0.138522$ & $0.198775$ & $0.0698746$ & $0.00656139$ & $-0.0500034$ & $0.275264$ & $-0.111559$ \\
mtop & $-0.0791391$ & $0.0962929$ & $1$ & $0.146339$ & $-0.0237606$ & $0.00944794$ & $-0.0287794$ & $-0.0442388$ & $-0.0541139$ & $0.0291066$ & $0.0304074$ & $-0.00994954$ & $-0.0200976$ & $0.0178522$ & $0.025825$ & $0.0391112$ & $0.0334414$ & $0.0206647$ & $0.0103246$ & $-0.018799$ & $-0.029404$ & $-0.0275051$ & $0.0295738$ & $0.0458202$ & $0.00888453$ & $-0.0296295$ & $-0.0791111$ & $-0.0515557$ & $-0.0218512$ & $-0.00922732$ & $-0.012394$ & $-0.0301204$ & $-0.0229431$ & $-0.0500306$ & $0.0327985$ & $-0.0470093$ & $-0.0194195$ & $0.0309379$ & $0.018111$ & $-0.0175807$ & $-0.17873$ & $-0.00932197$ & $-0.0780195$ & $-0.050858$ & $0.00434571$ & $-0.203368$ & $-0.0361921$ & $0.104929$ & $-0.0373303$ \\
mHl & $0.0946782$ & $0.0272656$ & $0.146339$ & $1$ & $0.0111154$ & $-0.0274751$ & $-0.0596326$ & $0.0190002$ & $0.0114482$ & $-0.0311429$ & $-0.0100108$ & $0.0122936$ & $0.00604873$ & $-0.0271946$ & $0.0604043$ & $0.0210781$ & $-0.0171359$ & $-0.0599319$ & $-0.0335997$ & $0.0140298$ & $0.00549274$ & $0.00831584$ & $-0.00993574$ & $-0.0194268$ & $-0.0441496$ & $-0.0118309$ & $-0.0290203$ & $0.0152363$ & $0.0334394$ & $0.0642$ & $0.00952819$ & $-0.0411325$ & $0.0559739$ & $-0.0330882$ & $0.139428$ & $-0.055388$ & $-0.109559$ & $-0.0166992$ & $-0.112368$ & $-0.0289819$ & $-0.0828748$ & $-0.0291758$ & $-0.0352195$ & $0.139901$ & $0.42463$ & $0.00391433$ & $0.0550527$ & $-0.138186$ & $0.0706907$ \\
Mz & $-0.0207246$ & $-0.00234866$ & $-0.0237606$ & $0.0111154$ & $1$ & $-0.00210326$ & $0.011084$ & $-0.00114553$ & $-0.0044176$ & $0.0288988$ & $-0.00564192$ & $0.0196653$ & $-0.020502$ & $0.0148327$ & $0.00844386$ & $0.00803758$ & $0.0396683$ & $0.0204207$ & $0.0216885$ & $0.014842$ & $0.0146968$ & $0.0100478$ & $0.0107922$ & $0.0157506$ & $0.025282$ & $-0.0199651$ & $-0.000301181$ & $0.00270128$ & $-0.0159251$ & $-0.0174791$ & $0.00336762$ & $0.00387491$ & $-0.0196223$ & $-0.0033268$ & $-0.0257804$ & $-0.0126246$ & $0.0122625$ & $-0.0172666$ & $-0.00025735$ & $0.011217$ & $-0.026514$ & $-0.00476028$ & $-0.0203989$ & $-0.0170361$ & $0.0243501$ & $-0.0166218$ & $-0.0129627$ & $-0.000945738$ & $0.00260309$ \\
CW & $-0.0130916$ & $-0.0226919$ & $0.00944794$ & $-0.0274751$ & $-0.00210326$ & $1$ & $0.00201968$ & $-0.0989797$ & $-0.0972032$ & $0.0216166$ & $0.162626$ & $0.0724238$ & $0.00652138$ & $0.0319201$ & $-0.0619148$ & $-0.0558777$ & $-0.279487$ & $-0.0672983$ & $-0.0743479$ & $-0.158667$ & $-0.166964$ & $-0.163771$ & $-0.00109956$ & $-0.00647268$ & $-0.101099$ & $0.0935488$ & $-0.077388$ & $-0.0338288$ & $-0.00903272$ & $-0.0259066$ & $-0.00673113$ & $0.00896507$ & $-0.0159832$ & $-0.123499$ & $-0.014441$ & $0.0285513$ & $0.00954683$ & $0.0252205$ & $-0.00994176$ & $0.0112159$ & $0.0238782$ & $-0.0367848$ & $0.0212828$ & $-0.00499434$ & $-0.00724367$ & $-0.0108137$ & $0.0129196$ & $0.0423724$ & $-0.0369586$ \\
CHG & $-0.00315331$ & $-0.00165134$ & $-0.0287794$ & $-0.0596326$ & $0.011084$ & $0.00201968$ & $1$ & $-0.0731974$ & $-0.0207824$ & $0.053664$ & $0.0220285$ & $-0.0443315$ & $-0.293498$ & $0.0712498$ & $-0.0272007$ & $-0.0225383$ & $0.107723$ & $0.113077$ & $0.108047$ & $-0.0201003$ & $-0.0217432$ & $-0.0279917$ & $0.0246148$ & $0.11561$ & $0.120141$ & $-0.0069386$ & $0.00604306$ & $0.0119322$ & $-0.0267881$ & $-0.131507$ & $-0.0508258$ & $0.937324$ & $-0.179573$ & $-0.0343076$ & $-0.0306848$ & $-0.0503141$ & $0.05026$ & $-0.00729933$ & $-0.0086654$ & $-0.0202071$ & $-0.0113905$ & $0.00292668$ & $0.000155703$ & $-0.00809388$ & $-0.0191228$ & $0.00184647$ & $0.0174373$ & $-0.0318339$ & $-0.0382809$ \\
CHWB & $-0.0390744$ & $-0.0349855$ & $-0.0442388$ & $0.0190002$ & $-0.00114553$ & $-0.0989797$ & $-0.0731974$ & $1$ & $0.983421$ & $-0.580431$ & $-0.88096$ & $-0.263781$ & $0.345218$ & $0.104846$ & $0.312999$ & $0.282895$ & $-0.242739$ & $-0.44341$ & $-0.426928$ & $0.851726$ & $0.898454$ & $0.880206$ & $0.0905279$ & $-0.678887$ & $-0.414855$ & $-0.522207$ & $0.400378$ & $0.296011$ & $0.0462685$ & $0.121705$ & $0.0707454$ & $-0.0617409$ & $0.135524$ & $0.555463$ & $0.0500348$ & $0.0270726$ & $0.0102216$ & $0.0291283$ & $0.035691$ & $-0.0349884$ & $0.0895052$ & $0.0382269$ & $0.0335462$ & $-0.029564$ & $0.0655534$ & $0.0489431$ & $-0.00201417$ & $-0.000278063$ & $0.0241784$ \\
CHWHB_gaga & $-0.0482961$ & $-0.0405582$ & $-0.0541139$ & $0.0114482$ & $-0.0044176$ & $-0.0972032$ & $-0.0207824$ & $0.983421$ & $1$ & $-0.569924$ & $-0.862603$ & $-0.241846$ & $0.339145$ & $0.0963676$ & $0.306458$ & $0.273758$ & $-0.246827$ & $-0.442429$ & $-0.423448$ & $0.833799$ & $0.880081$ & $0.862241$ & $0.0957514$ & $-0.670189$ & $-0.408818$ & $-0.513163$ & $0.401006$ & $0.290158$ & $0.0505829$ & $0.138877$ & $0.0758689$ & $-0.0204251$ & $0.152622$ & $0.546098$ & $0.0339711$ & $0.0146454$ & $0.00182411$ & $0.0313797$ & $0.0348919$ & $-0.0402254$ & $0.111043$ & $0.0382684$ & $0.0902556$ & $-0.0390422$ & $0.0589574$ & $0.0479678$ & $-0.0190749$ & $0.00206313$ & $0.0219992$ \\
CHWHB_gagaorth & $0.00375028$ & $-0.0176808$ & $0.0291066$ & $-0.0311429$ & $0.0288988$ & $0.0216166$ & $0.053664$ & $-0.580431$ & $-0.569924$ & $1$ & $0.37359$ & $0.640238$ & $-0.25568$ & $0.211814$ & $-0.153133$ & $-0.120931$ & $0.420732$ & $0.494272$ & $0.476559$ & $-0.359073$ & $-0.389276$ & $-0.382843$ & $-0.0844271$ & $0.55793$ & $0.482509$ & $0.245209$ & $-0.215933$ & $-0.125691$ & $-0.0248302$ & $-0.132239$ & $-0.0712528$ & $0.0607448$ & $-0.170524$ & $-0.340463$ & $0.0397202$ & $-0.00694891$ & $0.0403254$ & $-0.0456393$ & $-0.0371768$ & $-0.00183552$ & $-0.0510063$ & $-0.0122352$ & $-0.0133161$ & $0.0129085$ & $-0.0224555$ & $-0.0315609$ & $0.0209233$ & $-0.0499692$ & $0.00379915$ \\
CHD & $0.0274058$ & $0.0294292$ & $0.0304074$ & $-0.0100108$ & $-0.00564192$ & $0.162626$ & $0.0220285$ & $-0.88096$ & $-0.862603$ & $0.37359$ & $1$ & $0.292478$ & $-0.152012$ & $-0.51411$ & $-0.430139$ & $-0.404588$ & $-0.208806$ & $0.0790417$ & $0.063565$ & $-0.990344$ & $-0.991321$ & $-0.969492$ & $-0.0200588$ & $0.317457$ & $0.0390236$ & $0.56743$ & $-0.277379$ & $-0.318411$ & $-0.0298502$ & $-0.0557605$ & $-0.0465031$ & $0.0253977$ & $-0.0695511$ & $-0.363207$ & $-0.0496437$ & $-0.0261832$ & $-0.0345304$ & $-0.0260696$ & $-0.0370467$ & $0.0283333$ & $-0.0591219$ & $-0.0364285$ & $-0.024873$ & $0.0140548$ & $-0.0423713$ & $-0.0315693$ & $-0.00542564$ & $0.00762917$ & $-0.0260752$ \\
CHbox & $0.0154651$ & $-0.0135557$ & $-0.00994954$ & $0.0122936$ & $0.0196653$ & $0.0724238$ & $-0.0443315$ & $-0.263781$ & $-0.241846$ & $0.640238$ & $0.292478$ & $1$ & $0.0643266$ & $-0.15834$ & $-0.0468562$ & $-0.0371577$ & $-0.0710045$ & $-0.016292$ & $-0.0215433$ & $-0.270139$ & $-0.301318$ & $-0.294002$ & $-0.0520482$ & $0.119351$ & $-0.0140547$ & $0.193409$ & $-0.154784$ & $-0.0913772$ & $0.0149241$ & $0.211631$ & $0.0311403$ & $0.035048$ & $0.237888$ & $-0.185809$ & $0.110761$ & $0.0353595$ & $0.0129732$ & $-0.0179217$ & $-0.0589528$ & $-0.0203365$ & $-0.0357555$ & $0.00632254$ & $-0.0342732$ & $0.0102266$ & $0.0189832$ & $-0.0113441$ & $0.030602$ & $-0.0550167$ & $0.0448368$ \\
CH & $-0.0196427$ & $-0.0415209$ & $-0.0200976$ & $0.00604873$ & $-0.020502$ & $0.00652138$ & $-0.293498$ & $0.345218$ & $0.339145$ & $-0.25568$ & $-0.152012$ & $0.0643266$ & $1$ & $-0.26812$ & $0.0498353$ & $0.0369223$ & $-0.383209$ & $-0.394129$ & $-0.38864$ & $0.142865$ & $0.165801$ & $0.168872$ & $0.0509104$ & $-0.409511$ & $-0.38563$ & $-0.0995535$ & $0.15085$ & $0.0625268$ & $0.0761149$ & $0.281364$ & $0.127565$ & $-0.244839$ & $0.347227$ & $0.234665$ & $0.0278859$ & $0.00383162$ & $-0.0221819$ & $0.00892959$ & $0.0153838$ & $-0.00875015$ & $0.0388752$ & $0.0174014$ & $0.0281695$ & $-0.0308191$ & $0.0269953$ & $0.0322925$ & $-0.000457685$ & $0.00737649$ & $-0.00130661$ \\
CHL1_11 & $-0.0174489$ & $-0.0326474$ & $0.0178522$ & $-0.0271946$ & $0.0148327$ & $0.0319201$ & $0.0712498$ & $0.104846$ & $0.0963676$ & $0.211814$ & $-0.51411$ & $-0.15834$ & $-0.26812$ & $1$ & $0.263728$ & $0.263395$ & $0.646527$ & $0.59041$ & $0.591575$ & $0.532885$ & $0.474188$ & $0.458215$ & $-0.0992005$ & $0.457679$ & $0.586397$ & $-0.251174$ & $-0.0857729$ & $0.145147$ & $-0.0217575$ & $-0.095592$ & $-0.0276742$ & $0.0449452$ & $-0.0922243$ & $-0.208019$ & $0.0155037$ & $0.000365991$ & $0.0533589$ & $0.0170845$ & $0.0341981$ & $3.34159e-06$ & $-0.0122021$ & $0.00607662$ & $0.0169691$ & $0.0203876$ & $-0.0260694$ & $-0.0107386$ & $0.00934033$ & $-0.0128905$ & $0.0137641$ \\
CHL1_22 & $-0.00376943$ & $-0.0221891$ & $0.025825$ & $0.0604043$ & $0.00844386$ & $-0.0619148$ & $-0.0272007$ & $0.312999$ & $0.306458$ & $-0.153133$ & $-0.430139$ & $-0.0468562$ & $0.0498353$ & $0.263728$ & $1$ & $0.444393$ & $0.155255$ & $-0.457453$ & $-0.0459613$ & $0.494679$ & $0.347942$ & $0.339329$ & $-0.176778$ & $0.088862$ & $-0.160954$ & $-0.198256$ & $-0.406285$ & $0.0791985$ & $-0.00117027$ & $0.0289772$ & $0.0139789$ & $-0.0251033$ & $0.0761174$ & $-0.584964$ & $0.0289619$ & $0.0157974$ & $-0.0314203$ & $0.0105424$ & $0.00229153$ & $-0.00711254$ & $-0.0309392$ & $0.0231993$ & $-0.00859633$ & $-0.00743526$ & $0.0206355$ & $-0.0315195$ & $-0.00395404$ & $0.00753077$ & $0.0607134$ \\
CHL1_33 & $0.0147865$ & $0.0219809$ & $0.0391112$ & $0.0210781$ & $0.00803758$ & $-0.0558777$ & $-0.0225383$ & $0.282895$ & $0.273758$ & $-0.120931$ & $-0.404588$ & $-0.0371577$ & $0.0369223$ & $0.263395$ & $0.444393$ & $1$ & $0.164849$ & $-0.0257927$ & $-0.43238$ & $0.469363$ & $0.324144$ & $0.342771$ & $-0.195045$ & $0.0990213$ & $-0.13789$ & $-0.176278$ & $-0.407484$ & $0.0534008$ & $0.016169$ & $-0.00670737$ & $-0.0328094$ & $-0.0227541$ & $0.0551597$ & $-0.106652$ & $-0.0071887$ & $0.0336908$ & $-0.0524337$ & $0.0564239$ & $0.00851403$ & $-0.0100178$ & $-0.0250766$ & $0.00424247$ & $-0.0384489$ & $0.00366822$ & $0.00774841$ & $-0.0855465$ & $-0.0397672$ & $0.0260631$ & $0.0918021$ \\
CHL3_11 & $0.0145334$ & $0.0134765$ & $0.0334414$ & $-0.0171359$ & $0.0396683$ & $-0.279487$ & $0.107723$ & $-0.242739$ & $-0.246827$ & $0.420732$ & $-0.208806$ & $-0.0710045$ & $-0.383209$ & $0.646527$ & $0.155255$ & $0.164849$ & $1$ & $0.733279$ & $0.734455$ & $0.232174$ & $0.176358$ & $0.171187$ & $-0.0971407$ & $0.679426$ & $0.77238$ & $-0.0956873$ & $-0.146224$ & $0.0461114$ & $-0.0322354$ & $-0.123519$ & $-0.0406698$ & $0.0794473$ & $-0.131587$ & $-0.245513$ & $0.00293783$ & $-0.0117184$ & $0.0544842$ & $-0.0222593$ & $-0.00524928$ & $0.0153996$ & $-0.0652855$ & $-0.0017717$ & $-0.0281548$ & $0.0171323$ & $-0.0438088$ & $-0.037258$ & $0.0214104$ & $-0.0281493$ & $-0.00193492$ \\
CHL3_22 & $0.0133177$ & $0.0073705$ & $0.0206647$ & $-0.0599319$ & $0.0204207$ & $-0.0672983$ & $0.113077$ & $-0.44341$ & $-0.442429$ & $0.494272$ & $0.0790417$ & $-0.016292$ & $-0.394129$ & $0.59041$ & $-0.457453$ & $-0.0257927$ & $0.733279$ & $1$ & $0.680629$ & $-0.0798359$ & $-0.0747683$ & $-0.0732496$ & $-0.0236079$ & $0.628341$ & $0.804005$ & $0.0575912$ & $0.0159572$ & $-0.018456$ & $-0.0284716$ & $-0.147253$ & $-0.0583029$ & $0.0840461$ & $-0.17411$ & $0.0325262$ & $-0.0208103$ & $-0.0191613$ & $0.0631832$ & $-0.010645$ & $0.00613638$ & $0.0178995$ & $-0.0367929$ & $-0.0206675$ & $-0.0120998$ & $0.0301152$ & $-0.0590018$ & $-0.0211402$ & $0.0139441$ & $-0.0219856$ & $-0.0288999$ \\
CHL3_33 & $-0.00075894$ & $-0.0258493$ & $0.0103246$ & $-0.0335997$ & $0.0216885$ & $-0.0743479$ & $0.108047$ & $-0.426928$ & $-0.423448$ & $0.476559$ & $0.063565$ & $-0.0215433$ & $-0.38864$ & $0.591575$ & $-0.0459613$ & $-0.43238$ & $0.734455$ & $0.680629$ & $1$ & $-0.0653281$ & $-0.0584251$ & $-0.0554147$ & $-0.00430848$ & $0.625217$ & $0.802811$ & $0.0414102$ & $0.0304848$ & $0.0015297$ & $-0.0404678$ & $-0.121596$ & $-0.022736$ & $0.0816305$ & $-0.159341$ & $-0.329086$ & $0.00645708$ & $-0.0367732$ & $0.0829351$ & $-0.0422002$ & $0.00459423$ & $0.0213182$ & $-0.0390295$ & $-0.00595473$ & $0.0113647$ & $0.0237923$ & $-0.0513479$ & $0.0294878$ & $0.0405696$ & $-0.0422467$ & $-0.0524238$ \\
CHe_11 & $-0.0302074$ & $-0.0147544$ & $-0.018799$ & $0.0140298$ & $0.014842$ & $-0.158667$ & $-0.0201003$ & $0.851726$ & $0.833799$ & $-0.359073$ & $-0.990344$ & $-0.270139$ & $0.142865$ & $0.532885$ & $0.494679$ & $0.469363$ & $0.232174$ & $-0.0798359$ & $-0.0653281$ & $1$ & $0.972595$ & $0.951468$ & $-0.00860169$ & $-0.262867$ & $-0.0328384$ & $-0.555587$ & $0.200651$ & $0.305491$ & $0.0292928$ & $0.0493738$ & $0.042104$ & $-0.023918$ & $0.0693196$ & $0.283093$ & $0.0446416$ & $0.0275307$ & $0.0315681$ & $0.0256372$ & $0.0334918$ & $-0.0283472$ & $0.049006$ & $0.0333844$ & $0.0191396$ & $-0.00921925$ & $0.0407903$ & $0.0248634$ & $0.00463194$ & $-0.00514755$ & $0.0306557$ \\
CHe_22 & $-0.0368482$ & $-0.0100361$ & $-0.029404$ & $0.00549274$ & $0.0146968$ & $-0.166964$ & $-0.0217432$ & $0.898454$ & $0.880081$ & $-0.389276$ & $-0.991321$ & $-0.301318$ & $0.165801$ & $0.474188$ & $0.347942$ & $0.324144$ & $0.176358$ & $-0.0747683$ & $-0.0584251$ & $0.972595$ & $1$ & $0.974351$ & $0.0541424$ & $-0.372858$ & $-0.0447691$ & $-0.574851$ & $0.357199$ & $0.324781$ & $0.0325884$ & $0.0624669$ & $0.052209$ & $-0.0246323$ & $0.0693001$ & $0.449174$ & $0.0437595$ & $0.025463$ & $0.0407681$ & $0.0234826$ & $0.0360058$ & $-0.029191$ & $0.0637353$ & $0.0351392$ & $0.0248763$ & $-0.0147664$ & $0.0463961$ & $0.0402687$ & $0.00701796$ & $-0.00536188$ & $0.015851$ \\
CHe_33 & $-0.028561$ & $-0.0135573$ & $-0.0275051$ & $0.00831584$ & $0.0100478$ & $-0.163771$ & $-0.0279917$ & $0.880206$ & $0.862241$ & $-0.382843$ & $-0.969492$ & $-0.294002$ & $0.168872$ & $0.458215$ & $0.339329$ & $0.342771$ & $0.171187$ & $-0.0732496$ & $-0.0554147$ & $0.951468$ & $0.974351$ & $1$ & $0.0515889$ & $-0.364766$ & $-0.0442851$ & $-0.560741$ & $0.352001$ & $0.323757$ & $0.0323484$ & $0.0589508$ & $0.0462852$ & $-0.0293954$ & $0.0712195$ & $0.444761$ & $0.0428043$ & $0.0259573$ & $0.0414573$ & $0.0316678$ & $0.0376391$ & $-0.0263609$ & $0.0641036$ & $0.0298732$ & $0.026832$ & $-0.0114419$ & $0.0401226$ & $0.0412785$ & $0.00480027$ & $-0.00848502$ & $0.0185655$ \\
CHQ1_11 & $-0.0281476$ & $0.0591564$ & $0.0295738$ & $-0.00993574$ & $0.0107922$ & $-0.00109956$ & $0.0246148$ & $0.0905279$ & $0.0957514$ & $-0.0844271$ & $-0.0200588$ & $-0.0520482$ & $0.0509104$ & $-0.0992005$ & $-0.176778$ & $-0.195045$ & $-0.0971407$ & $-0.0236079$ & $-0.00430848$ & $-0.00860169$ & $0.0541424$ & $0.0515889$ & $1$ & $-0.174877$ & $0.0402375$ & $-0.683314$ & $0.351744$ & $0.0393129$ & $0.00206626$ & $0.00512137$ & $-0.00955205$ & $0.0261325$ & $0.00903551$ & $0.229862$ & $-0.0186563$ & $-0.0431622$ & $0.0893073$ & $0.0119762$ & $0.0190197$ & $-0.0295594$ & $0.0254505$ & $0.0335242$ & $0.0415228$ & $0.000414729$ & $0.00232486$ & $0.0610927$ & $-0.0267802$ & $0.00819658$ & $0.000358161$ \\
CHQ1_33 & $-0.00565747$ & $-0.0232284$ & $0.0458202$ & $-0.0194268$ & $0.0157506$ & $-0.00647268$ & $0.11561$ & $-0.678887$ & $-0.670189$ & $0.55793$ & $0.317457$ & $0.119351$ & $-0.409511$ & $0.457679$ & $0.088862$ & $0.0990213$ & $0.679426$ & $0.628341$ & $0.625217$ & $-0.262867$ & $-0.372858$ & $-0.364766$ & $-0.174877$ & $1$ & $0.646999$ & $0.229231$ & $-0.405983$ & $-0.0435993$ & $-0.0458498$ & $-0.145691$ & $-0.0602044$ & $0.0900894$ & $-0.151512$ & $-0.62868$ & $-0.0165325$ & $-0.0334283$ & $0.0366034$ & $-0.0243389$ & $-0.0165367$ & $0.040665$ & $-0.087013$ & $-0.03166$ & $-0.0352313$ & $-0.00220997$ & $-0.0556446$ & $-0.0576918$ & $0.0280649$ & $-0.050984$ & $0.000701097$ \\
CHQ3_11 & $-0.0839145$ & $-0.0146463$ & $0.00888453$ & $-0.0441496$ & $0.025282$ & $-0.101099$ & $0.120141$ & $-0.414855$ & $-0.408818$ & $0.482509$ & $0.0390236$ & $-0.0140547$ & $-0.38563$ & $0.586397$ & $-0.160954$ & $-0.13789$ & $0.77238$ & $0.804005$ & $0.802811$ & $-0.0328384$ & $-0.0447691$ & $-0.0442851$ & $0.0402375$ & $0.646999$ & $1$ & $0.0479517$ & $0.226339$ & $-0.00849665$ & $-0.0450564$ & $-0.144921$ & $-0.0456979$ & $0.0854251$ & $-0.168311$ & $-0.192587$ & $-0.0371364$ & $-0.0571618$ & $0.0638478$ & $-0.0385146$ & $0.0102059$ & $0.00454905$ & $-0.00367797$ & $0.00996705$ & $0.0333658$ & $0.0151608$ & $-0.0396941$ & $0.0239475$ & $0.0386528$ & $-0.0640078$ & $-0.0304491$ \\
CHu_11 & $-0.00411875$ & $-0.053415$ & $-0.0296295$ & $-0.0118309$ & $-0.0199651$ & $0.0935488$ & $-0.0069386$ & $-0.522207$ & $-0.513163$ & $0.245209$ & $0.56743$ & $0.193409$ & $-0.0995535$ & $-0.251174$ & $-0.198256$ & $-0.176278$ & $-0.0956873$ & $0.0575912$ & $0.0414102$ & $-0.555587$ & $-0.574851$ & $-0.560741$ & $-0.683314$ & $0.229231$ & $0.0479517$ & $1$ & $-0.177381$ & $-0.194425$ & $-0.0100394$ & $-0.0297816$ & $-0.00935321$ & $-0.00476979$ & $-0.045976$ & $-0.273426$ & $-0.00862438$ & $0.0206547$ & $-0.0821295$ & $-0.0265415$ & $-0.0225188$ & $0.0175606$ & $-0.0164557$ & $-0.0287809$ & $-0.00817328$ & $-0.0111399$ & $-0.0213573$ & $-0.0307187$ & $0.0154678$ & $-0.0147052$ & $-0.0337064$ \\
CHd_11 & $-0.0542792$ & $-0.0199806$ & $-0.0791111$ & $-0.0290203$ & $-0.000301181$ & $-0.077388$ & $0.00604306$ & $0.400378$ & $0.401006$ & $-0.215933$ & $-0.277379$ & $-0.154784$ & $0.15085$ & $-0.0857729$ & $-0.406285$ & $-0.407484$ & $-0.146224$ & $0.0159572$ & $0.0304848$ & $0.200651$ & $0.357199$ & $0.352001$ & $0.351744$ & $-0.405983$ & $0.226339$ & $-0.177381$ & $1$ & $0.145645$ & $0.00735809$ & $0.0385993$ & $0.0502153$ & $0.00151249$ & $-0.00885876$ & $0.677647$ & $0.0029523$ & $-0.0208717$ & $0.0651816$ & $-0.0298047$ & $0.0169887$ & $-0.028166$ & $0.126567$ & $0.0483675$ & $0.0814781$ & $-0.0215749$ & $0.0383642$ & $0.139349$ & $0.0277729$ & $-0.045297$ & $-0.0856813$ \\
CHd_33 & $0.0224429$ & $-0.0305232$ & $-0.0515557$ & $0.0152363$ & $0.00270128$ & $-0.0338288$ & $0.0119322$ & $0.296011$ & $0.290158$ & $-0.125691$ & $-0.318411$ & $-0.0913772$ & $0.0625268$ & $0.145147$ & $0.0791985$ & $0.0534008$ & $0.0461114$ & $-0.018456$ & $0.0015297$ & $0.305491$ & $0.324781$ & $0.323757$ & $0.0393129$ & $-0.0435993$ & $-0.00849665$ & $-0.194425$ & $0.145645$ & $1$ & $0.0191534$ & $0.0445275$ & $0.0486944$ & $0.0222527$ & $0.0538081$ & $0.17577$ & $0.0469677$ & $0.00102042$ & $-0.00949075$ & $0.0333408$ & $0.0472992$ & $0.00462222$ & $0.0384388$ & $-0.0165176$ & $-0.00986311$ & $0.0224991$ & $0.0256716$ & $0.00567909$ & $0.0290538$ & $-0.00845825$ & $0.0278992$ \\
CeH_22r & $-0.0333069$ & $-0.0116202$ & $-0.0218512$ & $0.0334394$ & $-0.0159251$ & $-0.00903272$ & $-0.0267881$ & $0.0462685$ & $0.0505829$ & $-0.0248302$ & $-0.0298502$ & $0.0149241$ & $0.0761149$ & $-0.0217575$ & $-0.00117027$ & $0.016169$ & $-0.0322354$ & $-0.0284716$ & $-0.0404678$ & $0.0292928$ & $0.0325884$ & $0.0323484$ & $0.00206626$ & $-0.0458498$ & $-0.0450564$ & $-0.0100394$ & $0.00735809$ & $0.0191534$ & $1$ & $0.0733319$ & $0.032267$ & $-0.038861$ & $0.0865178$ & $0.0394858$ & $-0.016004$ & $0.013003$ & $-0.0470452$ & $-0.00520233$ & $0.0198975$ & $-0.00750605$ & $0.0369605$ & $0.012449$ & $-0.00296011$ & $-0.0159573$ & $0.0355852$ & $0.0112961$ & $-0.055295$ & $-0.00276225$ & $0.0532784$ \\
CeH_33r & $-0.00522351$ & $0.00606982$ & $-0.00922732$ & $0.0642$ & $-0.0174791$ & $-0.0259066$ & $-0.131507$ & $0.121705$ & $0.138877$ & $-0.132239$ & $-0.0557605$ & $0.211631$ & $0.281364$ & $-0.095592$ & $0.0289772$ & $-0.00670737$ & $-0.123519$ & $-0.147253$ & $-0.121596$ & $0.0493738$ & $0.0624669$ & $0.0589508$ & $0.00512137$ & $-0.145691$ & $-0.144921$ & $-0.0297816$ & $0.0385993$ & $0.0445275$ & $0.0733319$ & $1$ & $0.301779$ & $0.0096574$ & $0.663279$ & $0.0755871$ & $-0.0252295$ & $0.0152374$ & $-0.12637$ & $-0.00726527$ & $0.0241842$ & $-0.0167289$ & $-0.0283207$ & $0.0212226$ & $-0.0243983$ & $0.0136265$ & $0.0731301$ & $0.0604879$ & $-0.0264999$ & $0.0410301$ & $-0.00898413$ \\
CuH_22r & $0.00884293$ & $-0.0327773$ & $-0.012394$ & $0.00952819$ & $0.00336762$ & $-0.00673113$ & $-0.0508258$ & $0.0707454$ & $0.0758689$ & $-0.0712528$ & $-0.0465031$ & $0.0311403$ & $0.127565$ & $-0.0276742$ & $0.0139789$ & $-0.0328094$ & $-0.0406698$ & $-0.0583029$ & $-0.022736$ & $0.042104$ & $0.052209$ & $0.0462852$ & $-0.00955205$ & $-0.0602044$ & $-0.0456979$ & $-0.00935321$ & $0.0502153$ & $0.0486944$ & $0.032267$ & $0.301779$ & $1$ & $0.0406571$ & $0.294959$ & $0.0440301$ & $0.0419861$ & $0.0180748$ & $0.00998434$ & $-0.0161796$ & $-0.024563$ & $0.0350847$ & $-0.0136802$ & $-0.0287758$ & $-0.0269689$ & $0.0381559$ & $0.00695181$ & $0.161165$ & $0.306735$ & $-0.117586$ & $-0.0882843$ \\
CuH_33r & $0.0141829$ & $-0.00635911$ & $-0.0301204$ & $-0.0411325$ & $0.00387491$ & $0.00896507$ & $0.937324$ & $-0.0617409$ & $-0.0204251$ & $0.0607448$ & $0.0253977$ & $0.035048$ & $-0.244839$ & $0.0449452$ & $-0.0251033$ & $-0.0227541$ & $0.0794473$ & $0.0840461$ & $0.0816305$ & $-0.023918$ & $-0.0246323$ & $-0.0293954$ & $0.0261325$ & $0.0900894$ & $0.0854251$ & $-0.00476979$ & $0.00151249$ & $0.0222527$ & $-0.038861$ & $0.0096574$ & $0.0406571$ & $1$ & $0.0103769$ & $-0.0264277$ & $0.0412231$ & $-0.0160163$ & $0.0448071$ & $0.0016188$ & $-0.000947127$ & $-0.0184751$ & $-0.00943228$ & $0.00857504$ & $-0.00176686$ & $0.00330613$ & $-0.0165476$ & $0.0155437$ & $0.0402396$ & $-0.0300011$ & $-0.00741755$ \\
CdH_33r & $-0.0841704$ & $0.0022099$ & $-0.0229431$ & $0.0559739$ & $-0.0196223$ & $-0.0159832$ & $-0.179573$ & $0.135524$ & $0.152622$ & $-0.170524$ & $-0.0695511$ & $0.237888$ & $0.347227$ & $-0.0922243$ & $0.0761174$ & $0.0551597$ & $-0.131587$ & $-0.17411$ & $-0.159341$ & $0.0693196$ & $0.0693001$ & $0.0712195$ & $0.00903551$ & $-0.151512$ & $-0.168311$ & $-0.045976$ & $-0.00885876$ & $0.0538081$ & $0.0865178$ & $0.663279$ & $0.294959$ & $0.0103769$ & $1$ & $0.0483136$ & $-0.0273321$ & $-0.0192734$ & $-0.157679$ & $0.0216487$ & $0.0648073$ & $-0.0381456$ & $-0.00381457$ & $0.0290972$ & $0.0269571$ & $-0.00484362$ & $0.00351454$ & $-0.125664$ & $-0.0971892$ & $0.112801$ & $0.375689$ \\
CLL_1221 & $-0.0217513$ & $0.0431893$ & $-0.0500306$ & $-0.0330882$ & $-0.0033268$ & $-0.123499$ & $-0.0343076$ & $0.555463$ & $0.546098$ & $-0.340463$ & $-0.363207$ & $-0.185809$ & $0.234665$ & $-0.208019$ & $-0.584964$ & $-0.106652$ & $-0.245513$ & $0.0325262$ & $-0.329086$ & $0.283093$ & $0.449174$ & $0.444761$ & $0.229862$ & $-0.62868$ & $-0.192587$ & $-0.273426$ & $0.677647$ & $0.17577$ & $0.0394858$ & $0.0755871$ & $0.0440301$ & $-0.0264277$ & $0.0483136$ & $1$ & $0.00309079$ & $0.0160562$ & $0.0316032$ & $0.0103612$ & $0.0157808$ & $-0.0222665$ & $0.0870493$ & $0.0131306$ & $0.0156771$ & $-0.0116606$ & $0.0393133$ & $0.0581294$ & $-0.00229444$ & $0.00575435$ & $-0.0344806$ \\
eHggint & $0.189951$ & $-0.26322$ & $0.0327985$ & $0.139428$ & $-0.0257804$ & $-0.014441$ & $-0.0306848$ & $0.0500348$ & $0.0339711$ & $0.0397202$ & $-0.0496437$ & $0.110761$ & $0.0278859$ & $0.0155037$ & $0.0289619$ & $-0.0071887$ & $0.00293783$ & $-0.0208103$ & $0.00645708$ & $0.0446416$ & $0.0437595$ & $0.0428043$ & $-0.0186563$ & $-0.0165325$ & $-0.0371364$ & $-0.00862438$ & $0.0029523$ & $0.0469677$ & $-0.016004$ & $-0.0252295$ & $0.0419861$ & $0.0412231$ & $-0.0273321$ & $0.00309079$ & $1$ & $-0.0338374$ & $0.106175$ & $0.0474797$ & $-0.0327781$ & $-0.0178528$ & $-0.0553461$ & $-0.00203379$ & $0.0610333$ & $0.0814983$ & $0.0346988$ & $0.10712$ & $0.239628$ & $-0.288346$ & $0.181652$ \\
eHggpar & $0.227909$ & $0.17703$ & $-0.0470093$ & $-0.055388$ & $-0.0126246$ & $0.0285513$ & $-0.0503141$ & $0.0270726$ & $0.0146454$ & $-0.00694891$ & $-0.0261832$ & $0.0353595$ & $0.00383162$ & $0.000365991$ & $0.0157974$ & $0.0336908$ & $-0.0117184$ & $-0.0191613$ & $-0.0367732$ & $0.0275307$ & $0.025463$ & $0.0259573$ & $-0.0431622$ & $-0.0334283$ & $-0.0571618$ & $0.0206547$ & $-0.0208717$ & $0.00102042$ & $0.013003$ & $0.0152374$ & $0.0180748$ & $-0.0160163$ & $-0.0192734$ & $0.0160562$ & $-0.0338374$ & $1$ & $-0.0883709$ & $-0.0117786$ & $-0.178104$ & $0.0105534$ & $0.117568$ & $0.042412$ & $-0.108983$ & $0.00487656$ & $-0.0113126$ & $0.014569$ & $0.015938$ & $0.225004$ & $-0.135871$ \\
eHWWint & $0.0113906$ & $-0.0343374$ & $-0.0194195$ & $-0.109559$ & $0.0122625$ & $0.00954683$ & $0.05026$ & $0.0102216$ & $0.00182411$ & $0.0403254$ & $-0.0345304$ & $0.0129732$ & $-0.0221819$ & $0.0533589$ & $-0.0314203$ & $-0.0524337$ & $0.0544842$ & $0.0631832$ & $0.0829351$ & $0.0315681$ & $0.0407681$ & $0.0414573$ & $0.0893073$ & $0.0366034$ & $0.0638478$ & $-0.0821295$ & $0.0651816$ & $-0.00949075$ & $-0.0470452$ & $-0.12637$ & $0.00998434$ & $0.0448071$ & $-0.157679$ & $0.0316032$ & $0.106175$ & $-0.0883709$ & $1$ & $-0.0317235$ & $-0.0222529$ & $-0.0296749$ & $0.0339851$ & $0.0370091$ & $-0.0244047$ & $-0.0836859$ & $-0.0607923$ & $-0.0288212$ & $0.144419$ & $-0.253556$ & $0.0174746$ \\
eHWWpar & $0.0193801$ & $0.010568$ & $0.0309379$ & $-0.0166992$ & $-0.0172666$ & $0.0252205$ & $-0.00729933$ & $0.0291283$ & $0.0313797$ & $-0.0456393$ & $-0.0260696$ & $-0.0179217$ & $0.00892959$ & $0.0170845$ & $0.0105424$ & $0.0564239$ & $-0.0222593$ & $-0.010645$ & $-0.0422002$ & $0.0256372$ & $0.0234826$ & $0.0316678$ & $0.0119762$ & $-0.0243389$ & $-0.0385146$ & $-0.0265415$ & $-0.0298047$ & $0.0333408$ & $-0.00520233$ & $-0.00726527$ & $-0.0161796$ & $0.0016188$ & $0.0216487$ & $0.0103612$ & $0.0474797$ & $-0.0117786$ & $-0.0317235$ & $1$ & $0.000600243$ & $0.0222943$ & $-0.025411$ & $-0.00549308$ & $0.0148104$ & $0.00386641$ & $0.019531$ & $-0.0382591$ & $-0.0052473$ & $0.0716222$ & $0.0847847$ \\
eHZZint & $-0.103245$ & $-0.149837$ & $0.018111$ & $-0.112368$ & $-0.00025735$ & $-0.00994176$ & $-0.0086654$ & $0.035691$ & $0.0348919$ & $-0.0371768$ & $-0.0370467$ & $-0.0589528$ & $0.0153838$ & $0.0341981$ & $0.00229153$ & $0.00851403$ & $-0.00524928$ & $0.00613638$ & $0.00459423$ & $0.0334918$ & $0.0360058$ & $0.0376391$ & $0.0190197$ & $-0.0165367$ & $0.0102059$ & $-0.0225188$ & $0.0169887$ & $0.0472992$ & $0.0198975$ & $0.0241842$ & $-0.024563$ & $-0.000947127$ & $0.0648073$ & $0.0157808$ & $-0.0327781$ & $-0.178104$ & $-0.0222529$ & $0.000600243$ & $1$ & $-0.0351083$ & $0.132277$ & $0.0160158$ & $0.060768$ & $-0.00417559$ & $0.0263173$ & $0.0122443$ & $-0.0443598$ & $0.114178$ & $0.12737$ \\
eHZZpar & $0.0453858$ & $-0.0272161$ & $-0.0175807$ & $-0.0289819$ & $0.011217$ & $0.0112159$ & $-0.0202071$ & $-0.0349884$ & $-0.0402254$ & $-0.00183552$ & $0.0283333$ & $-0.0203365$ & $-0.00875015$ & $3.34159e-06$ & $-0.00711254$ & $-0.0100178$ & $0.0153996$ & $0.0178995$ & $0.0213182$ & $-0.0283472$ & $-0.029191$ & $-0.0263609$ & $-0.0295594$ & $0.040665$ & $0.00454905$ & $0.0175606$ & $-0.028166$ & $0.00462222$ & $-0.00750605$ & $-0.0167289$ & $0.0350847$ & $-0.0184751$ & $-0.0381456$ & $-0.0222665$ & $-0.0178528$ & $0.0105534$ & $-0.0296749$ & $0.0222943$ & $-0.0351083$ & $1$ & $-0.0341479$ & $0.0116794$ & $-0.0515464$ & $-0.0159953$ & $0.00826529$ & $0.0630394$ & $0.0353826$ & $-0.041874$ & $-0.0523529$ \\
eHZgaint & $-0.0606085$ & $-0.129398$ & $-0.17873$ & $-0.0828748$ & $-0.026514$ & $0.0238782$ & $-0.0113905$ & $0.0895052$ & $0.111043$ & $-0.0510063$ & $-0.0591219$ & $-0.0357555$ & $0.0388752$ & $-0.0122021$ & $-0.0309392$ & $-0.0250766$ & $-0.0652855$ & $-0.0367929$ & $-0.0390295$ & $0.049006$ & $0.0637353$ & $0.0641036$ & $0.0254505$ & $-0.087013$ & $-0.00367797$ & $-0.0164557$ & $0.126567$ & $0.0384388$ & $0.0369605$ & $-0.0283207$ & $-0.0136802$ & $-0.00943228$ & $-0.00381457$ & $0.0870493$ & $-0.0553461$ & $0.117568$ & $0.0339851$ & $-0.025411$ & $0.132277$ & $-0.0341479$ & $1$ & $0.0242984$ & $0.375596$ & $-0.0650239$ & $-0.0676109$ & $0.193304$ & $-0.0511084$ & $0.138815$ & $0.00186773$ \\
eHZgapar & $0.0314339$ & $-0.0130621$ & $-0.00932197$ & $-0.0291758$ & $-0.00476028$ & $-0.0367848$ & $0.00292668$ & $0.0382269$ & $0.0382684$ & $-0.0122352$ & $-0.0364285$ & $0.00632254$ & $0.0174014$ & $0.00607662$ & $0.0231993$ & $0.00424247$ & $-0.0017717$ & $-0.0206675$ & $-0.00595473$ & $0.0333844$ & $0.0351392$ & $0.0298732$ & $0.0335242$ & $-0.03166$ & $0.00996705$ & $-0.0287809$ & $0.0483675$ & $-0.0165176$ & $0.012449$ & $0.0212226$ & $-0.0287758$ & $0.00857504$ & $0.0290972$ & $0.0131306$ & $-0.00203379$ & $0.042412$ & $0.0370091$ & $-0.00549308$ & $0.0160158$ & $0.0116794$ & $0.0242984$ & $1$ & $0.0129931$ & $-0.030311$ & $-0.0380336$ & $0.00338074$ & $-0.012275$ & $-0.00271354$ & $0.0197718$ \\
eHgagaint & $-0.0731913$ & $-0.138522$ & $-0.0780195$ & $-0.0352195$ & $-0.0203989$ & $0.0212828$ & $0.000155703$ & $0.0335462$ & $0.0902556$ & $-0.0133161$ & $-0.024873$ & $-0.0342732$ & $0.0281695$ & $0.0169691$ & $-0.00859633$ & $-0.0384489$ & $-0.0281548$ & $-0.0120998$ & $0.0113647$ & $0.0191396$ & $0.0248763$ & $0.026832$ & $0.0415228$ & $-0.0352313$ & $0.0333658$ & $-0.00817328$ & $0.0814781$ & $-0.00986311$ & $-0.00296011$ & $-0.0243983$ & $-0.0269689$ & $-0.00176686$ & $0.0269571$ & $0.0156771$ & $0.0610333$ & $-0.108983$ & $-0.0244047$ & $0.0148104$ & $0.060768$ & $-0.0515464$ & $0.375596$ & $0.0129931$ & $1$ & $-0.0733076$ & $-0.0713879$ & $-0.00527488$ & $-0.154465$ & $-0.00846172$ & $0.103859$ \\
eHmumuint & $0.178856$ & $0.198775$ & $-0.050858$ & $0.139901$ & $-0.0170361$ & $-0.00499434$ & $-0.00809388$ & $-0.029564$ & $-0.0390422$ & $0.0129085$ & $0.0140548$ & $0.0102266$ & $-0.0308191$ & $0.0203876$ & $-0.00743526$ & $0.00366822$ & $0.0171323$ & $0.0301152$ & $0.0237923$ & $-0.00921925$ & $-0.0147664$ & $-0.0114419$ & $0.000414729$ & $-0.00220997$ & $0.0151608$ & $-0.0111399$ & $-0.0215749$ & $0.0224991$ & $-0.0159573$ & $0.0136265$ & $0.0381559$ & $0.00330613$ & $-0.00484362$ & $-0.0116606$ & $0.0814983$ & $0.00487656$ & $-0.0836859$ & $0.00386641$ & $-0.00417559$ & $-0.0159953$ & $-0.0650239$ & $-0.030311$ & $-0.0733076$ & $1$ & $0.22343$ & $0.188678$ & $0.0320441$ & $0.0737245$ & $0.00125144$ \\
eHtautauint & $-0.0665037$ & $0.0698746$ & $0.00434571$ & $0.42463$ & $0.0243501$ & $-0.00724367$ & $-0.0191228$ & $0.0655534$ & $0.0589574$ & $-0.0224555$ & $-0.0423713$ & $0.0189832$ & $0.0269953$ & $-0.0260694$ & $0.0206355$ & $0.00774841$ & $-0.0438088$ & $-0.0590018$ & $-0.0513479$ & $0.0407903$ & $0.0463961$ & $0.0401226$ & $0.00232486$ & $-0.0556446$ & $-0.0396941$ & $-0.0213573$ & $0.0383642$ & $0.0256716$ & $0.0355852$ & $0.0731301$ & $0.00695181$ & $-0.0165476$ & $0.00351454$ & $0.0393133$ & $0.0346988$ & $-0.0113126$ & $-0.0607923$ & $0.019531$ & $0.0263173$ & $0.00826529$ & $-0.0676109$ & $-0.0380336$ & $-0.0713879$ & $0.22343$ & $1$ & $0.156393$ & $-0.00591715$ & $-0.0633296$ & $-0.00474198$ \\
eHccint & $0.0849854$ & $0.00656139$ & $-0.203368$ & $0.00391433$ & $-0.0166218$ & $-0.0108137$ & $0.00184647$ & $0.0489431$ & $0.0479678$ & $-0.0315609$ & $-0.0315693$ & $-0.0113441$ & $0.0322925$ & $-0.0107386$ & $-0.0315195$ & $-0.0855465$ & $-0.037258$ & $-0.0211402$ & $0.0294878$ & $0.0248634$ & $0.0402687$ & $0.0412785$ & $0.0610927$ & $-0.0576918$ & $0.0239475$ & $-0.0307187$ & $0.139349$ & $0.00567909$ & $0.0112961$ & $0.0604879$ & $0.161165$ & $0.0155437$ & $-0.125664$ & $0.0581294$ & $0.10712$ & $0.014569$ & $-0.0288212$ & $-0.0382591$ & $0.0122443$ & $0.0630394$ & $0.193304$ & $0.00338074$ & $-0.00527488$ & $0.188678$ & $0.156393$ & $1$ & $0.18416$ & $-0.181118$ & $-0.33391$ \\
eHccpar & $-0.0924369$ & $-0.0500034$ & $-0.0361921$ & $0.0550527$ & $-0.0129627$ & $0.0129196$ & $0.0174373$ & $-0.00201417$ & $-0.0190749$ & $0.0209233$ & $-0.00542564$ & $0.030602$ & $-0.000457685$ & $0.00934033$ & $-0.00395404$ & $-0.0397672$ & $0.0214104$ & $0.0139441$ & $0.0405696$ & $0.00463194$ & $0.00701796$ & $0.00480027$ & $-0.0267802$ & $0.0280649$ & $0.0386528$ & $0.0154678$ & $0.0277729$ & $0.0290538$ & $-0.055295$ & $-0.0264999$ & $0.306735$ & $0.0402396$ & $-0.0971892$ & $-0.00229444$ & $0.239628$ & $0.015938$ & $0.144419$ & $-0.0052473$ & $-0.0443598$ & $0.0353826$ & $-0.0511084$ & $-0.012275$ & $-0.154465$ & $0.0320441$ & $-0.00591715$ & $0.18416$ & $1$ & $-0.360697$ & $-0.0988619$ \\
eHbbint & $0.233269$ & $0.275264$ & $0.104929$ & $-0.138186$ & $-0.000945738$ & $0.0423724$ & $-0.0318339$ & $-0.000278063$ & $0.00206313$ & $-0.0499692$ & $0.00762917$ & $-0.0550167$ & $0.00737649$ & $-0.0128905$ & $0.00753077$ & $0.0260631$ & $-0.0281493$ & $-0.0219856$ & $-0.0422467$ & $-0.00514755$ & $-0.00536188$ & $-0.00848502$ & $0.00819658$ & $-0.050984$ & $-0.0640078$ & $-0.0147052$ & $-0.045297$ & $-0.00845825$ & $-0.00276225$ & $0.0410301$ & $-0.117586$ & $-0.0300011$ & $0.112801$ & $0.00575435$ & $-0.288346$ & $0.225004$ & $-0.253556$ & $0.0716222$ & $0.114178$ & $-0.041874$ & $0.138815$ & $-0.00271354$ & $-0.00846172$ & $0.0737245$ & $-0.0633296$ & $-0.181118$ & $-0.360697$ & $1$ & $-0.124219$ \\
eHbbpar & $-0.250548$ & $-0.111559$ & $-0.0373303$ & $0.0706907$ & $0.00260309$ & $-0.0369586$ & $-0.0382809$ & $0.0241784$ & $0.0219992$ & $0.00379915$ & $-0.0260752$ & $0.0448368$ & $-0.00130661$ & $0.0137641$ & $0.0607134$ & $0.0918021$ & $-0.00193492$ & $-0.0288999$ & $-0.0524238$ & $0.0306557$ & $0.015851$ & $0.0185655$ & $0.000358161$ & $0.000701097$ & $-0.0304491$ & $-0.0337064$ & $-0.0856813$ & $0.0278992$ & $0.0532784$ & $-0.00898413$ & $-0.0882843$ & $-0.00741755$ & $0.375689$ & $-0.0344806$ & $0.181652$ & $-0.135871$ & $0.0174746$ & $0.0847847$ & $0.12737$ & $-0.0523529$ & $0.00186773$ & $0.0197718$ & $0.103859$ & $0.00125144$ & $-0.00474198$ & $-0.33391$ & $-0.0988619$ & $-0.124219$ & $1$ \\
