 & AlsMz & dAle5Mz & mtop & mHl & Mz & CW & CHG & CHWB & CHWHB_gaga & CHWHB_gagaorth & CHD & CHbox & CH & CHL1_11 & CHL1_22 & CHL1_33 & CHL3_11 & CHL3_22 & CHL3_33 & CHe_11 & CHe_22 & CHe_33 & CHQ1_11 & CHQ1_33 & CHQ3_11 & CHu_11 & CHd_11 & CHd_33 & CeH_22r & CeH_33r & CuH_22r & CuH_33r & CdH_33r & CLL_1221 & eHggint & eHggpar & eHWWint & eHWWpar & eHZZint & eHZZpar & eHZgaint & eHZgapar & eHgagaint & eHmumuint & eHtautauint & eHccint & eHccpar & eHbbint & eHbbpar \\
AlsMz & $1$ & $-0.0291304$ & $-0.0212353$ & $0.0745521$ & $0.0152618$ & $0.000514128$ & $-0.0387967$ & $0.000539603$ & $-0.00681199$ & $-0.000625937$ & $-0.0185751$ & $-0.023141$ & $-0.0099982$ & $0.0216943$ & $0.0004468$ & $-0.0131719$ & $0.0158307$ & $0.0168869$ & $0.0272384$ & $0.00944786$ & $0.0100078$ & $0.00914239$ & $-0.0303523$ & $-0.0573272$ & $-0.0956084$ & $-0.0237311$ & $-0.0313721$ & $0.0025324$ & $0.0311206$ & $-0.0368033$ & $-0.0204574$ & $-0.048509$ & $-0.0405679$ & $-0.00586215$ & $0.0026181$ & $0.0129883$ & $0.142411$ & $-0.0207635$ & $-0.0245135$ & $0.0327524$ & $-0.0704781$ & $-0.00724348$ & $-0.0446442$ & $0.0414394$ & $-0.0274504$ & $-0.034194$ & $-0.0391518$ & $-0.106421$ & $0.0189571$ \\
dAle5Mz & $-0.0291304$ & $1$ & $0.00486811$ & $-0.0973133$ & $0.00359817$ & $-0.0089838$ & $0.00759398$ & $-0.0776161$ & $-0.0781138$ & $0.0514311$ & $0.0458168$ & $-0.0153029$ & $-0.0333159$ & $0.0180725$ & $-0.00990908$ & $-0.0379327$ & $0.0384398$ & $0.0344519$ & $0.0538117$ & $-0.0219369$ & $-0.018724$ & $-0.0208656$ & $-0.0271007$ & $0.0397945$ & $0.030792$ & $0.0226808$ & $-0.0197038$ & $-0.0122602$ & $-0.00227054$ & $-0.00891175$ & $-0.00367466$ & $0.00784127$ & $0.0169172$ & $0.00608034$ & $0.00692386$ & $-0.0782549$ & $-0.106379$ & $-0.00686983$ & $-0.0479752$ & $0.0109365$ & $0.0115445$ & $0.0264277$ & $-0.0872535$ & $0.109347$ & $-0.0812665$ & $-0.0402078$ & $-0.0208767$ & $0.0366643$ & $-0.0101215$ \\
mtop & $-0.0212353$ & $0.00486811$ & $1$ & $0.0268845$ & $0.0209273$ & $0.00879144$ & $-0.0393344$ & $0.00137947$ & $0.00308182$ & $0.0368016$ & $0.0100292$ & $0.0337358$ & $0.0186678$ & $-0.0126763$ & $-0.0203359$ & $-0.0042209$ & $-0.00322003$ & $0.00467595$ & $-0.00800112$ & $-0.00570192$ & $-0.00174136$ & $0.00100794$ & $0.0114725$ & $-0.0128571$ & $-0.00520395$ & $-0.00236309$ & $0.00259364$ & $-0.00110415$ & $-0.00460215$ & $0.000130486$ & $0.00890511$ & $-0.0343938$ & $0.040908$ & $0.0215051$ & $-0.0202383$ & $-0.0332285$ & $0.00135198$ & $-0.0166347$ & $-0.0742072$ & $0.000710727$ & $-0.0537544$ & $-0.0278486$ & $0.0461491$ & $-0.0611084$ & $-0.0810606$ & $0.0118568$ & $0.00929758$ & $0.021514$ & $0.0642612$ \\
mHl & $0.0745521$ & $-0.0973133$ & $0.0268845$ & $1$ & $-0.00929911$ & $-0.00358342$ & $-0.00221614$ & $0.0217969$ & $0.0210467$ & $-0.010189$ & $-0.0229154$ & $-0.01536$ & $0.0153811$ & $0.0109005$ & $-0.00333114$ & $0.00591243$ & $0.0046256$ & $0.00500052$ & $-0.000480458$ & $0.0158989$ & $0.0202577$ & $0.0208847$ & $-0.000790138$ & $-0.0127322$ & $-0.00739513$ & $-0.0104706$ & $0.00921772$ & $0.0260885$ & $-0.000103832$ & $-0.0516443$ & $-0.0141304$ & $-0.0232678$ & $-0.0702999$ & $0.0156901$ & $-0.0494052$ & $-0.0295945$ & $0.100328$ & $-0.0356707$ & $-0.120021$ & $-0.0146491$ & $-0.0966068$ & $-0.0110965$ & $-0.00220514$ & $-0.00741723$ & $-0.050543$ & $0.0577946$ & $-0.00412655$ & $-0.0497954$ & $-0.0690549$ \\
Mz & $0.0152618$ & $0.00359817$ & $0.0209273$ & $-0.00929911$ & $1$ & $-0.00021132$ & $-0.00375562$ & $0.0127086$ & $0.0129879$ & $0.0111165$ & $-0.0112384$ & $0.0100164$ & $0.00660551$ & $0.0184337$ & $0.00541268$ & $0.000318751$ & $0.00951226$ & $0.00577464$ & $0.0114643$ & $0.0179752$ & $0.0213889$ & $0.0225336$ & $0.00260278$ & $-0.00774691$ & $0.00842055$ & $-0.0160132$ & $0.00951092$ & $-0.00534856$ & $0.00393502$ & $0.000814485$ & $-0.00110659$ & $0.00214968$ & $0.00252274$ & $0.00313278$ & $0.0104805$ & $0.0421953$ & $0.00061837$ & $-0.00891561$ & $0.00982242$ & $-0.0363851$ & $0.000590088$ & $-0.00281416$ & $0.000946928$ & $-0.00237605$ & $-0.00268755$ & $0.00336189$ & $-0.0127338$ & $0.00804483$ & $-0.0026364$ \\
CW & $0.000514128$ & $-0.0089838$ & $0.00879144$ & $-0.00358342$ & $-0.00021132$ & $1$ & $0.00816957$ & $-0.148645$ & $-0.142635$ & $0.0390634$ & $0.209215$ & $0.0135073$ & $-0.0129627$ & $0.00100728$ & $-0.0955094$ & $-0.0614131$ & $-0.242184$ & $-0.037364$ & $-0.0555846$ & $-0.206504$ & $-0.213036$ & $-0.202999$ & $-0.0206354$ & $0.0171208$ & $-0.078143$ & $0.138188$ & $-0.0855823$ & $-0.0796291$ & $-0.0124701$ & $-0.00172194$ & $0.00642423$ & $0.0126323$ & $-0.0098751$ & $-0.122709$ & $-0.000510184$ & $0.0129932$ & $-0.0131713$ & $0.0267221$ & $0.0130701$ & $0.0161315$ & $0.00141876$ & $0.0160463$ & $0.0192777$ & $-0.00923652$ & $0.00227192$ & $0.0118404$ & $0.00267281$ & $0.0084051$ & $-0.0141927$ \\
CHG & $-0.0387967$ & $0.00759398$ & $-0.0393344$ & $-0.00221614$ & $-0.00375562$ & $0.00816957$ & $1$ & $-0.0610419$ & $-0.00496267$ & $0.0676733$ & $0.0543927$ & $-0.247316$ & $-0.355259$ & $-0.00488393$ & $-0.0164417$ & $-0.0124708$ & $0.0113973$ & $0.0243692$ & $0.0214135$ & $-0.0526608$ & $-0.0555847$ & $-0.0552058$ & $-0.00970558$ & $0.0440824$ & $0.0200867$ & $0.0383787$ & $-0.0323335$ & $-0.0282795$ & $-0.0163759$ & $-0.133015$ & $-0.0748086$ & $0.938334$ & $-0.148206$ & $-0.0358543$ & $-0.0514292$ & $-0.0165004$ & $-0.0207365$ & $0.0156904$ & $0.0295212$ & $0.0203265$ & $0.0258512$ & $0.0165534$ & $-0.00684632$ & $0.00584249$ & $-0.0251213$ & $0.00443852$ & $0.00687414$ & $0.0531497$ & $0.0136243$ \\
CHWB & $0.000539603$ & $-0.0776161$ & $0.00137947$ & $0.0217969$ & $0.0127086$ & $-0.148645$ & $-0.0610419$ & $1$ & $0.982629$ & $-0.549389$ & $-0.869163$ & $-0.0239518$ & $0.154191$ & $0.0618984$ & $0.277442$ & $0.288211$ & $-0.249849$ & $-0.431265$ & $-0.438981$ & $0.84033$ & $0.88671$ & $0.869503$ & $0.0910028$ & $-0.678868$ & $-0.400836$ & $-0.519765$ & $0.449256$ & $0.291635$ & $0.0213452$ & $0.055639$ & $0.034146$ & $-0.0630498$ & $0.0460468$ & $0.588857$ & $0.0060844$ & $-0.0159079$ & $-0.00241367$ & $-0.0155686$ & $-0.00666365$ & $-0.0128378$ & $0.0159023$ & $0.0215374$ & $-0.0129$ & $-0.00943107$ & $-0.010738$ & $0.00111764$ & $0.00347306$ & $-0.0111967$ & $0.00314672$ \\
CHWHB_gaga & $-0.00681199$ & $-0.0781138$ & $0.00308182$ & $0.0210467$ & $0.0129879$ & $-0.142635$ & $-0.00496267$ & $0.982629$ & $1$ & $-0.54414$ & $-0.852176$ & $-0.0116036$ & $0.141977$ & $0.0571259$ & $0.274808$ & $0.285676$ & $-0.250149$ & $-0.428251$ & $-0.436089$ & $0.824638$ & $0.869075$ & $0.851968$ & $0.0879316$ & $-0.668423$ & $-0.397812$ & $-0.509101$ & $0.438175$ & $0.285868$ & $0.0260358$ & $0.0735513$ & $0.043408$ & $-0.015952$ & $0.0643276$ & $0.576226$ & $-0.0128$ & $-0.0269166$ & $-0.00971832$ & $-0.0145097$ & $-0.00720659$ & $-0.0139764$ & $0.0166762$ & $0.0232759$ & $0.0529526$ & $-0.0150204$ & $-0.0155276$ & $-0.00198924$ & $0.00281456$ & $-0.00957659$ & $0.00108642$ \\
CHWHB_gagaorth & $-0.000625937$ & $0.0514311$ & $0.0368016$ & $-0.010189$ & $0.0111165$ & $0.0390634$ & $0.0676733$ & $-0.549389$ & $-0.54414$ & $1$ & $0.367707$ & $0.193257$ & $-0.189026$ & $0.171838$ & $-0.108775$ & $-0.126978$ & $0.351431$ & $0.406148$ & $0.41628$ & $-0.352724$ & $-0.383341$ & $-0.372381$ & $-0.073356$ & $0.499698$ & $0.395605$ & $0.235722$ & $-0.249187$ & $-0.126372$ & $-0.0251996$ & $-0.156822$ & $-0.0693599$ & $0.0809402$ & $-0.153284$ & $-0.351854$ & $0.0244152$ & $0.0275564$ & $0.00653374$ & $0.0257864$ & $0.0065214$ & $0.00234234$ & $-0.0669968$ & $-0.018839$ & $-0.0080015$ & $0.00450436$ & $-0.0140788$ & $-0.001101$ & $-0.00798775$ & $-0.00403983$ & $0.00601817$ \\
CHD & $-0.0185751$ & $0.0458168$ & $0.0100292$ & $-0.0229154$ & $-0.0112384$ & $0.209215$ & $0.0543927$ & $-0.869163$ & $-0.852176$ & $0.367707$ & $1$ & $0.0610497$ & $-0.123049$ & $-0.50364$ & $-0.404186$ & $-0.406298$ & $-0.229194$ & $0.0373479$ & $0.0455393$ & $-0.990422$ & $-0.991296$ & $-0.971049$ & $-0.0348895$ & $0.297744$ & $-0.0043747$ & $0.584529$ & $-0.315444$ & $-0.328877$ & $-0.0193757$ & $-0.070548$ & $-0.0410778$ & $0.0606052$ & $-0.0579823$ & $-0.384997$ & $0.00770031$ & $0.0177413$ & $-0.00429182$ & $0.0201956$ & $0.00708196$ & $0.0151921$ & $-0.00620014$ & $-0.0148041$ & $0.0251522$ & $0.00163337$ & $0.00938106$ & $-0.0147103$ & $-0.00998712$ & $0.0207048$ & $0.00837387$ \\
CHbox & $-0.023141$ & $-0.0153029$ & $0.0337358$ & $-0.01536$ & $0.0100164$ & $0.0135073$ & $-0.247316$ & $-0.0239518$ & $-0.0116036$ & $0.193257$ & $0.0610497$ & $1$ & $0.688548$ & $-0.0894506$ & $0.0177197$ & $0.0154939$ & $-0.0770895$ & $-0.0760771$ & $-0.0751809$ & $-0.0502798$ & $-0.0643585$ & $-0.0656706$ & $-0.0252738$ & $-0.0164887$ & $-0.0686038$ & $0.041698$ & $-0.0440145$ & $-0.027859$ & $0.0560498$ & $0.38895$ & $0.13894$ & $-0.140808$ & $0.4479$ & $-0.0382881$ & $0.15087$ & $0.0647441$ & $0.00254622$ & $0.0341897$ & $-0.0366414$ & $-0.00736126$ & $-0.0129591$ & $0.0061294$ & $-0.00363278$ & $-0.0233319$ & $0.0169671$ & $-0.0198579$ & $-0.0260549$ & $0.0283741$ & $0.000448347$ \\
CH & $-0.0099982$ & $-0.0333159$ & $0.0186678$ & $0.0153811$ & $0.00660551$ & $-0.0129627$ & $-0.355259$ & $0.154191$ & $0.141977$ & $-0.189026$ & $-0.123049$ & $0.688548$ & $1$ & $-0.0156638$ & $0.0541316$ & $0.0530375$ & $-0.0587681$ & $-0.0930511$ & $-0.0910968$ & $0.1216$ & $0.125042$ & $0.119022$ & $0.00855419$ & $-0.110899$ & $-0.0838111$ & $-0.0758309$ & $0.0562828$ & $0.0362183$ & $0.0559192$ & $0.309239$ & $0.141652$ & $-0.312843$ & $0.348511$ & $0.0797028$ & $0.065199$ & $0.0143918$ & $0.0294381$ & $0.0221489$ & $-0.0311996$ & $-0.0242154$ & $0.0196583$ & $-0.00584662$ & $0.0114885$ & $-0.0255368$ & $0.0338811$ & $-0.022014$ & $-0.0198048$ & $0.0166861$ & $-0.000470088$ \\
CHL1_11 & $0.0216943$ & $0.0180725$ & $-0.0126763$ & $0.0109005$ & $0.0184337$ & $0.00100728$ & $-0.00488393$ & $0.0618984$ & $0.0571259$ & $0.171838$ & $-0.50364$ & $-0.0894506$ & $-0.0156638$ & $1$ & $0.258919$ & $0.255371$ & $0.701129$ & $0.640879$ & $0.632881$ & $0.522356$ & $0.464654$ & $0.45343$ & $-0.0783729$ & $0.499613$ & $0.638369$ & $-0.267982$ & $-0.0945373$ & $0.157844$ & $0.00495127$ & $0.0441695$ & $0.0267507$ & $-0.0129207$ & $0.0409548$ & $-0.217903$ & $-0.0233196$ & $-0.00777696$ & $0.0103024$ & $-0.00916664$ & $0.00926651$ & $-0.010642$ & $-0.0172885$ & $-0.00508747$ & $-0.019228$ & $0.00622082$ & $-0.00282481$ & $0.0262612$ & $0.0233133$ & $-0.00923529$ & $-0.0204976$ \\
CHL1_22 & $0.0004468$ & $-0.00990908$ & $-0.0203359$ & $-0.00333114$ & $0.00541268$ & $-0.0955094$ & $-0.0164417$ & $0.277442$ & $0.274808$ & $-0.108775$ & $-0.404186$ & $0.0177197$ & $0.0541316$ & $0.258919$ & $1$ & $0.433278$ & $0.169608$ & $-0.417813$ & $-0.0195429$ & $0.470041$ & $0.321799$ & $0.309508$ & $-0.183938$ & $0.116785$ & $-0.117596$ & $-0.183706$ & $-0.391138$ & $0.104083$ & $0.00331543$ & $0.0155475$ & $0.0330964$ & $-0.0149385$ & $0.0153471$ & $-0.583858$ & $-0.000801615$ & $0.00531464$ & $0.0174475$ & $0.00663821$ & $-0.0033358$ & $-0.00751756$ & $0.0115678$ & $-0.00521289$ & $-0.0157861$ & $-0.00125236$ & $0.00742525$ & $0.0139546$ & $0.00558994$ & $-0.0206548$ & $-0.00599643$ \\
CHL1_33 & $-0.0131719$ & $-0.0379327$ & $-0.0042209$ & $0.00591243$ & $0.000318751$ & $-0.0614131$ & $-0.0124708$ & $0.288211$ & $0.285676$ & $-0.126978$ & $-0.406298$ & $0.0154939$ & $0.0530375$ & $0.255371$ & $0.433278$ & $1$ & $0.146355$ & $-0.0176019$ & $-0.417975$ & $0.471463$ & $0.326269$ & $0.344354$ & $-0.162641$ & $0.0963609$ & $-0.117806$ & $-0.198262$ & $-0.370733$ & $0.111154$ & $0.0115235$ & $0.0346729$ & $0.0228121$ & $-0.0112503$ & $0.0300825$ & $-0.0890994$ & $-0.00516546$ & $0.00371455$ & $-0.0212419$ & $0.0100627$ & $0.0141638$ & $0.0048116$ & $0.0198603$ & $-0.000366304$ & $0.0135017$ & $0.00880495$ & $-0.0148229$ & $0.00827927$ & $-0.00403615$ & $-0.00427895$ & $-0.00545847$ \\
CHL3_11 & $0.0158307$ & $0.0384398$ & $-0.00322003$ & $0.0046256$ & $0.00951226$ & $-0.242184$ & $0.0113973$ & $-0.249849$ & $-0.250149$ & $0.351431$ & $-0.229194$ & $-0.0770895$ & $-0.0587681$ & $0.701129$ & $0.169608$ & $0.146355$ & $1$ & $0.759059$ & $0.763771$ & $0.251053$ & $0.196658$ & $0.191322$ & $-0.0604869$ & $0.687046$ & $0.797997$ & $-0.132579$ & $-0.161159$ & $0.0714293$ & $-0.00384806$ & $0.0279565$ & $0.00897002$ & $0.00303766$ & $0.0195832$ & $-0.266224$ & $-0.0254617$ & $-0.0014501$ & $0.013997$ & $-0.0141681$ & $-0.00886622$ & $-0.00692656$ & $-0.0185664$ & $-0.0172038$ & $-0.0250978$ & $0.0126995$ & $0.00750787$ & $0.0264553$ & $0.00874775$ & $-0.0198101$ & $-0.020792$ \\
CHL3_22 & $0.0168869$ & $0.0344519$ & $0.00467595$ & $0.00500052$ & $0.00577464$ & $-0.037364$ & $0.0243692$ & $-0.431265$ & $-0.428251$ & $0.406148$ & $0.0373479$ & $-0.0760771$ & $-0.0930511$ & $0.640879$ & $-0.417813$ & $-0.0176019$ & $0.759059$ & $1$ & $0.703043$ & $-0.038908$ & $-0.0349161$ & $-0.0293978$ & $0.00927361$ & $0.636127$ & $0.811884$ & $0.00922499$ & $-0.0191531$ & $-0.00464565$ & $-0.00564912$ & $0.0178536$ & $-0.00708502$ & $0.0166381$ & $0.012666$ & $-0.000729157$ & $-0.0249367$ & $-0.00155925$ & $-0.00120482$ & $-0.0106163$ & $0.00315521$ & $-0.00126845$ & $-0.0261528$ & $-0.0114545$ & $-0.00731709$ & $0.00998373$ & $-0.00254551$ & $0.0170517$ & $0.00944783$ & $-9.57153e-05$ & $-0.0173134$ \\
CHL3_33 & $0.0272384$ & $0.0538117$ & $-0.00800112$ & $-0.000480458$ & $0.0114643$ & $-0.0555846$ & $0.0214135$ & $-0.438981$ & $-0.436089$ & $0.41628$ & $0.0455393$ & $-0.0751809$ & $-0.0910968$ & $0.632881$ & $-0.0195429$ & $-0.417975$ & $0.763771$ & $0.703043$ & $1$ & $-0.0479368$ & $-0.042093$ & $-0.0390959$ & $0.00146225$ & $0.641296$ & $0.809661$ & $0.0203393$ & $-0.0205345$ & $-0.00951015$ & $-0.0103282$ & $0.00359532$ & $-0.000202038$ & $0.0137478$ & $0.00157627$ & $-0.352867$ & $-0.019788$ & $-0.00347808$ & $0.024012$ & $-0.0118474$ & $-0.00783714$ & $-0.00787121$ & $-0.0326169$ & $-0.0129609$ & $-0.0279146$ & $0.00417668$ & $0.0128803$ & $0.0204454$ & $0.0177094$ & $-0.0146324$ & $-0.0146023$ \\
CHe_11 & $0.00944786$ & $-0.0219369$ & $-0.00570192$ & $0.0158989$ & $0.0179752$ & $-0.206504$ & $-0.0526608$ & $0.84033$ & $0.824638$ & $-0.352724$ & $-0.990422$ & $-0.0502798$ & $0.1216$ & $0.522356$ & $0.470041$ & $0.471463$ & $0.251053$ & $-0.038908$ & $-0.0479368$ & $1$ & $0.973155$ & $0.953597$ & $0.00694571$ & $-0.245077$ & $0.0111349$ & $-0.573493$ & $0.240267$ & $0.321892$ & $0.0190875$ & $0.0715455$ & $0.0442359$ & $-0.0581581$ & $0.0589571$ & $0.307271$ & $-0.00823714$ & $-0.0171508$ & $0.000287532$ & $-0.0190658$ & $-0.00814203$ & $-0.014824$ & $0.00772733$ & $0.0153092$ & $-0.0267711$ & $0.000204993$ & $-0.0125821$ & $0.0152929$ & $0.010651$ & $-0.0188708$ & $-0.00981814$ \\
CHe_22 & $0.0100078$ & $-0.018724$ & $-0.00174136$ & $0.0202577$ & $0.0213889$ & $-0.213036$ & $-0.0555847$ & $0.88671$ & $0.869075$ & $-0.383341$ & $-0.991296$ & $-0.0643585$ & $0.125042$ & $0.464654$ & $0.321799$ & $0.326269$ & $0.196658$ & $-0.0349161$ & $-0.042093$ & $0.973155$ & $1$ & $0.976376$ & $0.065118$ & $-0.351832$ & $-0.00201332$ & $-0.588631$ & $0.395055$ & $0.330671$ & $0.0197871$ & $0.0704368$ & $0.0388459$ & $-0.0618785$ & $0.0586228$ & $0.468957$ & $-0.00765798$ & $-0.0220439$ & $0.000903446$ & $-0.0243355$ & $-0.00981084$ & $-0.015338$ & $0.00572315$ & $0.0170512$ & $-0.0271959$ & $0.000362367$ & $-0.0108999$ & $0.0116034$ & $0.00986111$ & $-0.0178765$ & $-0.0075569$ \\
CHe_33 & $0.00914239$ & $-0.0208656$ & $0.00100794$ & $0.0208847$ & $0.0225336$ & $-0.202999$ & $-0.0552058$ & $0.869503$ & $0.851968$ & $-0.372381$ & $-0.971049$ & $-0.0656706$ & $0.119022$ & $0.45343$ & $0.309508$ & $0.344354$ & $0.191322$ & $-0.0293978$ & $-0.0390959$ & $0.953597$ & $0.976376$ & $1$ & $0.0643796$ & $-0.345066$ & $0.000822323$ & $-0.575828$ & $0.391507$ & $0.321771$ & $0.0169203$ & $0.0655534$ & $0.0389715$ & $-0.0611316$ & $0.055291$ & $0.467353$ & $-0.00150323$ & $-0.0189017$ & $-0.0044213$ & $-0.01752$ & $-0.00765518$ & $-0.0155376$ & $-0.00096796$ & $0.0178622$ & $-0.0237792$ & $0.00115924$ & $-0.0161083$ & $0.0117941$ & $0.0101996$ & $-0.019024$ & $-0.00550783$ \\
CHQ1_11 & $-0.0303523$ & $-0.0271007$ & $0.0114725$ & $-0.000790138$ & $0.00260278$ & $-0.0206354$ & $-0.00970558$ & $0.0910028$ & $0.0879316$ & $-0.073356$ & $-0.0348895$ & $-0.0252738$ & $0.00855419$ & $-0.0783729$ & $-0.183938$ & $-0.162641$ & $-0.0604869$ & $0.00927361$ & $0.00146225$ & $0.00694571$ & $0.065118$ & $0.0643796$ & $1$ & $-0.149398$ & $0.0887012$ & $-0.673306$ & $0.37799$ & $0.0305895$ & $0.0215092$ & $-0.000270017$ & $0.00905635$ & $-0.0107348$ & $0.006753$ & $0.231834$ & $0.00326556$ & $-0.0062676$ & $0.00369951$ & $0.00688675$ & $-0.0250598$ & $-0.004001$ & $-0.00328959$ & $0.00829853$ & $-0.000574451$ & $-0.0210178$ & $-0.0141327$ & $-0.00375896$ & $-0.00786206$ & $0.00357958$ & $0.00366338$ \\
CHQ1_33 & $-0.0573272$ & $0.0397945$ & $-0.0128571$ & $-0.0127322$ & $-0.00774691$ & $0.0171208$ & $0.0440824$ & $-0.678868$ & $-0.668423$ & $0.499698$ & $0.297744$ & $-0.0164887$ & $-0.110899$ & $0.499613$ & $0.116785$ & $0.0963609$ & $0.687046$ & $0.636127$ & $0.641296$ & $-0.245077$ & $-0.351832$ & $-0.345066$ & $-0.149398$ & $1$ & $0.659992$ & $0.207586$ & $-0.42744$ & $-0.0146367$ & $-0.0150326$ & $-0.00881858$ & $-0.00894727$ & $0.0445799$ & $-0.00255813$ & $-0.643864$ & $-0.0161447$ & $0.00250929$ & $0.00107429$ & $0.00905915$ & $0.00691518$ & $0.0103688$ & $-0.0175101$ & $-0.0195805$ & $0.0084178$ & $0.00757645$ & $0.00314325$ & $0.0185459$ & $0.00845483$ & $-0.00578356$ & $-0.0127588$ \\
CHQ3_11 & $-0.0956084$ & $0.030792$ & $-0.00520395$ & $-0.00739513$ & $0.00842055$ & $-0.078143$ & $0.0200867$ & $-0.400836$ & $-0.397812$ & $0.395605$ & $-0.0043747$ & $-0.0686038$ & $-0.0838111$ & $0.638369$ & $-0.117596$ & $-0.117806$ & $0.797997$ & $0.811884$ & $0.809661$ & $0.0111349$ & $-0.00201332$ & $0.000822323$ & $0.0887012$ & $0.659992$ & $1$ & $-0.0126123$ & $0.18071$ & $0.0106179$ & $-0.0133428$ & $0.0199844$ & $0.000234176$ & $0.0115935$ & $0.0113009$ & $-0.215732$ & $-0.0342642$ & $-0.00244075$ & $-0.0108031$ & $-0.0114339$ & $-0.0173996$ & $-0.0019203$ & $-0.0107597$ & $-0.0141895$ & $-0.0128826$ & $-0.00499123$ & $0.0177086$ & $0.0209459$ & $0.00684666$ & $-0.0021843$ & $-0.0221308$ \\
CHu_11 & $-0.0237311$ & $0.0226808$ & $-0.00236309$ & $-0.0104706$ & $-0.0160132$ & $0.138188$ & $0.0383787$ & $-0.519765$ & $-0.509101$ & $0.235722$ & $0.584529$ & $0.041698$ & $-0.0758309$ & $-0.267982$ & $-0.183706$ & $-0.198262$ & $-0.132579$ & $0.00922499$ & $0.0203393$ & $-0.573493$ & $-0.588631$ & $-0.575828$ & $-0.673306$ & $0.207586$ & $-0.0126123$ & $1$ & $-0.215055$ & $-0.19603$ & $-0.0312053$ & $-0.0370727$ & $-0.0266314$ & $0.0424276$ & $-0.0348168$ & $-0.286086$ & $-0.00117304$ & $0.00683541$ & $-0.0229201$ & $0.00866594$ & $0.0277677$ & $0.008761$ & $-0.00368999$ & $-0.0202974$ & $0.00636675$ & $0.0173221$ & $0.0240317$ & $-0.0196311$ & $-0.00387032$ & $0.0162578$ & $-0.00291595$ \\
CHd_11 & $-0.0313721$ & $-0.0197038$ & $0.00259364$ & $0.00921772$ & $0.00951092$ & $-0.0855823$ & $-0.0323335$ & $0.449256$ & $0.438175$ & $-0.249187$ & $-0.315444$ & $-0.0440145$ & $0.0562828$ & $-0.0945373$ & $-0.391138$ & $-0.370733$ & $-0.161159$ & $-0.0191531$ & $-0.0205345$ & $0.240267$ & $0.395055$ & $0.391507$ & $0.37799$ & $-0.42744$ & $0.18071$ & $-0.215055$ & $1$ & $0.127996$ & $0.00546475$ & $0.0275871$ & $-0.000331072$ & $-0.0372779$ & $0.0183434$ & $0.693379$ & $-0.00884778$ & $-0.0254333$ & $-0.0216984$ & $-0.0206624$ & $-0.0326761$ & $0.000304452$ & $0.00227696$ & $0.0119633$ & $-0.0125169$ & $-0.0144219$ & $0.00433102$ & $-0.0143914$ & $-0.0133936$ & $-0.0029233$ & $-0.00055577$ \\
CHd_33 & $0.0025324$ & $-0.0122602$ & $-0.00110415$ & $0.0260885$ & $-0.00534856$ & $-0.0796291$ & $-0.0282795$ & $0.291635$ & $0.285868$ & $-0.126372$ & $-0.328877$ & $-0.027859$ & $0.0362183$ & $0.157844$ & $0.104083$ & $0.111154$ & $0.0714293$ & $-0.00464565$ & $-0.00951015$ & $0.321892$ & $0.330671$ & $0.321771$ & $0.0305895$ & $-0.0146367$ & $0.0106179$ & $-0.19603$ & $0.127996$ & $1$ & $-0.000271118$ & $0.00919651$ & $0.0170389$ & $-0.0309054$ & $0.0159539$ & $0.1565$ & $-0.00626061$ & $0.0152877$ & $0.0236215$ & $-0.0091003$ & $-0.00571206$ & $-0.00527622$ & $0.00570801$ & $0.0215235$ & $-0.0106213$ & $0.00130664$ & $-0.0171032$ & $0.0168916$ & $0.0338622$ & $-0.0300092$ & $0.0231899$ \\
CeH_22r & $0.0311206$ & $-0.00227054$ & $-0.00460215$ & $-0.000103832$ & $0.00393502$ & $-0.0124701$ & $-0.0163759$ & $0.0213452$ & $0.0260358$ & $-0.0251996$ & $-0.0193757$ & $0.0560498$ & $0.0559192$ & $0.00495127$ & $0.00331543$ & $0.0115235$ & $-0.00384806$ & $-0.00564912$ & $-0.0103282$ & $0.0190875$ & $0.0197871$ & $0.0169203$ & $0.0215092$ & $-0.0150326$ & $-0.0133428$ & $-0.0312053$ & $0.00546475$ & $-0.000271118$ & $1$ & $0.0471475$ & $0.0167802$ & $-0.0276486$ & $0.0653265$ & $0.0146113$ & $-0.00757946$ & $-0.0272066$ & $-0.0300318$ & $-0.00639504$ & $-0.00426213$ & $0.0057331$ & $0.00192307$ & $0.00360247$ & $-7.67243e-05$ & $0.0390813$ & $0.0133518$ & $-0.0211301$ & $0.0179429$ & $0.00873958$ & $0.0208043$ \\
CeH_33r & $-0.0368033$ & $-0.00891175$ & $0.000130486$ & $-0.0516443$ & $0.000814485$ & $-0.00172194$ & $-0.133015$ & $0.055639$ & $0.0735513$ & $-0.156822$ & $-0.070548$ & $0.38895$ & $0.309239$ & $0.0441695$ & $0.0155475$ & $0.0346729$ & $0.0279565$ & $0.0178536$ & $0.00359532$ & $0.0715455$ & $0.0704368$ & $0.0655534$ & $-0.000270017$ & $-0.00881858$ & $0.0199844$ & $-0.0370727$ & $0.0275871$ & $0.00919651$ & $0.0471475$ & $1$ & $0.301629$ & $0.010855$ & $0.659148$ & $0.0331263$ & $-0.0158845$ & $-0.0240524$ & $-0.222087$ & $-0.00868395$ & $-0.017657$ & $0.00341485$ & $0.0453237$ & $0.0141356$ & $-0.0415648$ & $-0.0160771$ & $0.0920395$ & $-0.0375661$ & $-0.00557211$ & $0.0573945$ & $0.00697026$ \\
CuH_22r & $-0.0204574$ & $-0.00367466$ & $0.00890511$ & $-0.0141304$ & $-0.00110659$ & $0.00642423$ & $-0.0748086$ & $0.034146$ & $0.043408$ & $-0.0693599$ & $-0.0410778$ & $0.13894$ & $0.141652$ & $0.0267507$ & $0.0330964$ & $0.0228121$ & $0.00897002$ & $-0.00708502$ & $-0.000202038$ & $0.0442359$ & $0.0388459$ & $0.0389715$ & $0.00905635$ & $-0.00894727$ & $0.000234176$ & $-0.0266314$ & $-0.000331072$ & $0.0170389$ & $0.0167802$ & $0.301629$ & $1$ & $0.00380596$ & $0.346236$ & $-0.000301251$ & $0.0165574$ & $-0.0159633$ & $-0.112372$ & $0.00711808$ & $0.0028162$ & $-0.00847633$ & $0.000632308$ & $0.000669404$ & $-0.0021037$ & $-0.027429$ & $0.0166246$ & $0.0184235$ & $0.392815$ & $0.00548471$ & $0.0322342$ \\
CuH_33r & $-0.048509$ & $0.00784127$ & $-0.0343938$ & $-0.0232678$ & $0.00214968$ & $0.0126323$ & $0.938334$ & $-0.0630498$ & $-0.015952$ & $0.0809402$ & $0.0606052$ & $-0.140808$ & $-0.312843$ & $-0.0129207$ & $-0.0149385$ & $-0.0112503$ & $0.00303766$ & $0.0166381$ & $0.0137478$ & $-0.0581581$ & $-0.0618785$ & $-0.0611316$ & $-0.0107348$ & $0.0445799$ & $0.0115935$ & $0.0424276$ & $-0.0372779$ & $-0.0309054$ & $-0.0276486$ & $0.010855$ & $0.00380596$ & $1$ & $0.029577$ & $-0.0387482$ & $0.0599584$ & $0.0306753$ & $-0.0618382$ & $0.0241178$ & $0.0518104$ & $0.0235419$ & $0.0292548$ & $0.0194401$ & $-0.00770659$ & $-0.00045672$ & $-0.0221763$ & $-0.00304496$ & $0.00045785$ & $0.0700157$ & $0.0356681$ \\
CdH_33r & $-0.0405679$ & $0.0169172$ & $0.040908$ & $-0.0702999$ & $0.00252274$ & $-0.0098751$ & $-0.148206$ & $0.0460468$ & $0.0643276$ & $-0.153284$ & $-0.0579823$ & $0.4479$ & $0.348511$ & $0.0409548$ & $0.0153471$ & $0.0300825$ & $0.0195832$ & $0.012666$ & $0.00157627$ & $0.0589571$ & $0.0586228$ & $0.055291$ & $0.006753$ & $-0.00255813$ & $0.0113009$ & $-0.0348168$ & $0.0183434$ & $0.0159539$ & $0.0653265$ & $0.659148$ & $0.346236$ & $0.029577$ & $1$ & $0.0255993$ & $0.0463143$ & $-0.00723588$ & $-0.266671$ & $-0.00627558$ & $-0.00214828$ & $-0.00749369$ & $0.0707818$ & $0.00893791$ & $-0.0275486$ & $-0.0420896$ & $-0.0280147$ & $-0.0766952$ & $0.00177978$ & $0.191531$ & $0.467913$ \\
CLL_1221 & $-0.00586215$ & $0.00608034$ & $0.0215051$ & $0.0156901$ & $0.00313278$ & $-0.122709$ & $-0.0358543$ & $0.588857$ & $0.576226$ & $-0.351854$ & $-0.384997$ & $-0.0382881$ & $0.0797028$ & $-0.217903$ & $-0.583858$ & $-0.0890994$ & $-0.266224$ & $-0.000729157$ & $-0.352867$ & $0.307271$ & $0.468957$ & $0.467353$ & $0.231834$ & $-0.643864$ & $-0.215732$ & $-0.286086$ & $0.693379$ & $0.1565$ & $0.0146113$ & $0.0331263$ & $-0.000301251$ & $-0.0387482$ & $0.0255993$ & $1$ & $0.00582012$ & $-0.0206339$ & $-0.0246452$ & $-0.0198336$ & $-0.0107953$ & $-0.00510982$ & $0.00437614$ & $0.0196518$ & $-0.00505954$ & $0.00149916$ & $-0.018886$ & $-0.0129209$ & $-0.0068345$ & $0.00803074$ & $0.0061662$ \\
eHggint & $0.0026181$ & $0.00692386$ & $-0.0202383$ & $-0.0494052$ & $0.0104805$ & $-0.000510184$ & $-0.0514292$ & $0.0060844$ & $-0.0128$ & $0.0244152$ & $0.00770031$ & $0.15087$ & $0.065199$ & $-0.0233196$ & $-0.000801615$ & $-0.00516546$ & $-0.0254617$ & $-0.0249367$ & $-0.019788$ & $-0.00823714$ & $-0.00765798$ & $-0.00150323$ & $0.00326556$ & $-0.0161447$ & $-0.0342642$ & $-0.00117304$ & $-0.00884778$ & $-0.00626061$ & $-0.00757946$ & $-0.0158845$ & $0.0165574$ & $0.0599584$ & $0.0463143$ & $0.00582012$ & $1$ & $-0.0481523$ & $0.00549582$ & $0.0504638$ & $0.0467727$ & $-0.0160191$ & $-0.0039769$ & $-0.0154043$ & $0.0186877$ & $0.0380072$ & $0.0306266$ & $0.00247232$ & $0.0150066$ & $0.0862772$ & $0.0559807$ \\
eHggpar & $0.0129883$ & $-0.0782549$ & $-0.0332285$ & $-0.0295945$ & $0.0421953$ & $0.0129932$ & $-0.0165004$ & $-0.0159079$ & $-0.0269166$ & $0.0275564$ & $0.0177413$ & $0.0647441$ & $0.0143918$ & $-0.00777696$ & $0.00531464$ & $0.00371455$ & $-0.0014501$ & $-0.00155925$ & $-0.00347808$ & $-0.0171508$ & $-0.0220439$ & $-0.0189017$ & $-0.0062676$ & $0.00250929$ & $-0.00244075$ & $0.00683541$ & $-0.0254333$ & $0.0152877$ & $-0.0272066$ & $-0.0240524$ & $-0.0159633$ & $0.0306753$ & $-0.00723588$ & $-0.0206339$ & $-0.0481523$ & $1$ & $0.0684917$ & $0.00644758$ & $0.0133627$ & $-0.0037892$ & $-0.015322$ & $0.00795628$ & $-0.00808594$ & $-0.126242$ & $0.0130073$ & $0.0621259$ & $-0.0496381$ & $-0.0127878$ & $0.0415576$ \\
eHWWint & $0.142411$ & $-0.106379$ & $0.00135198$ & $0.100328$ & $0.00061837$ & $-0.0131713$ & $-0.0207365$ & $-0.00241367$ & $-0.00971832$ & $0.00653374$ & $-0.00429182$ & $0.00254622$ & $0.0294381$ & $0.0103024$ & $0.0174475$ & $-0.0212419$ & $0.013997$ & $-0.00120482$ & $0.024012$ & $0.000287532$ & $0.000903446$ & $-0.0044213$ & $0.00369951$ & $0.00107429$ & $-0.0108031$ & $-0.0229201$ & $-0.0216984$ & $0.0236215$ & $-0.0300318$ & $-0.222087$ & $-0.112372$ & $-0.0618382$ & $-0.266671$ & $-0.0246452$ & $0.00549582$ & $0.0684917$ & $1$ & $-0.00655674$ & $-0.0254133$ & $-0.00278522$ & $-0.0622051$ & $-0.0407077$ & $0.104268$ & $0.045241$ & $-0.0380058$ & $0.0653338$ & $-0.00338058$ & $-0.13341$ & $-0.066262$ \\
eHWWpar & $-0.0207635$ & $-0.00686983$ & $-0.0166347$ & $-0.0356707$ & $-0.00891561$ & $0.0267221$ & $0.0156904$ & $-0.0155686$ & $-0.0145097$ & $0.0257864$ & $0.0201956$ & $0.0341897$ & $0.0221489$ & $-0.00916664$ & $0.00663821$ & $0.0100627$ & $-0.0141681$ & $-0.0106163$ & $-0.0118474$ & $-0.0190658$ & $-0.0243355$ & $-0.01752$ & $0.00688675$ & $0.00905915$ & $-0.0114339$ & $0.00866594$ & $-0.0206624$ & $-0.0091003$ & $-0.00639504$ & $-0.00868395$ & $0.00711808$ & $0.0241178$ & $-0.00627558$ & $-0.0198336$ & $0.0504638$ & $0.00644758$ & $-0.00655674$ & $1$ & $-0.000570971$ & $0.00473311$ & $-0.00804415$ & $-0.00918038$ & $-0.00840916$ & $0.00945696$ & $0.0120666$ & $-0.000551069$ & $-0.01621$ & $-0.0112173$ & $0.000348036$ \\
eHZZint & $-0.0245135$ & $-0.0479752$ & $-0.0742072$ & $-0.120021$ & $0.00982242$ & $0.0130701$ & $0.0295212$ & $-0.00666365$ & $-0.00720659$ & $0.0065214$ & $0.00708196$ & $-0.0366414$ & $-0.0311996$ & $0.00926651$ & $-0.0033358$ & $0.0141638$ & $-0.00886622$ & $0.00315521$ & $-0.00783714$ & $-0.00814203$ & $-0.00981084$ & $-0.00765518$ & $-0.0250598$ & $0.00691518$ & $-0.0173996$ & $0.0277677$ & $-0.0326761$ & $-0.00571206$ & $-0.00426213$ & $-0.017657$ & $0.0028162$ & $0.0518104$ & $-0.00214828$ & $-0.0107953$ & $0.0467727$ & $0.0133627$ & $-0.0254133$ & $-0.000570971$ & $1$ & $-0.0120581$ & $-0.0795475$ & $0.00115936$ & $0.0314842$ & $0.118069$ & $-0.0554849$ & $-0.0444243$ & $0.0315609$ & $0.110231$ & $0.00144474$ \\
eHZZpar & $0.0327524$ & $0.0109365$ & $0.000710727$ & $-0.0146491$ & $-0.0363851$ & $0.0161315$ & $0.0203265$ & $-0.0128378$ & $-0.0139764$ & $0.00234234$ & $0.0151921$ & $-0.00736126$ & $-0.0242154$ & $-0.010642$ & $-0.00751756$ & $0.0048116$ & $-0.00692656$ & $-0.00126845$ & $-0.00787121$ & $-0.014824$ & $-0.015338$ & $-0.0155376$ & $-0.004001$ & $0.0103688$ & $-0.0019203$ & $0.008761$ & $0.000304452$ & $-0.00527622$ & $0.0057331$ & $0.00341485$ & $-0.00847633$ & $0.0235419$ & $-0.00749369$ & $-0.00510982$ & $-0.0160191$ & $-0.0037892$ & $-0.00278522$ & $0.00473311$ & $-0.0120581$ & $1$ & $0.0168296$ & $-0.00812353$ & $-0.0392987$ & $0.0122505$ & $-0.0304502$ & $-0.00281623$ & $-0.00517072$ & $-0.00100047$ & $-0.037328$ \\
eHZgaint & $-0.0704781$ & $0.0115445$ & $-0.0537544$ & $-0.0966068$ & $0.000590088$ & $0.00141876$ & $0.0258512$ & $0.0159023$ & $0.0166762$ & $-0.0669968$ & $-0.00620014$ & $-0.0129591$ & $0.0196583$ & $-0.0172885$ & $0.0115678$ & $0.0198603$ & $-0.0185664$ & $-0.0261528$ & $-0.0326169$ & $0.00772733$ & $0.00572315$ & $-0.00096796$ & $-0.00328959$ & $-0.0175101$ & $-0.0107597$ & $-0.00368999$ & $0.00227696$ & $0.00570801$ & $0.00192307$ & $0.0453237$ & $0.000632308$ & $0.0292548$ & $0.0707818$ & $0.00437614$ & $-0.0039769$ & $-0.015322$ & $-0.0622051$ & $-0.00804415$ & $-0.0795475$ & $0.0168296$ & $1$ & $-0.00945414$ & $-0.0435905$ & $0.0265317$ & $-0.0494666$ & $-0.0280214$ & $0.00735834$ & $0.102594$ & $0.0252826$ \\
eHZgapar & $-0.00724348$ & $0.0264277$ & $-0.0278486$ & $-0.0110965$ & $-0.00281416$ & $0.0160463$ & $0.0165534$ & $0.0215374$ & $0.0232759$ & $-0.018839$ & $-0.0148041$ & $0.0061294$ & $-0.00584662$ & $-0.00508747$ & $-0.00521289$ & $-0.000366304$ & $-0.0172038$ & $-0.0114545$ & $-0.0129609$ & $0.0153092$ & $0.0170512$ & $0.0178622$ & $0.00829853$ & $-0.0195805$ & $-0.0141895$ & $-0.0202974$ & $0.0119633$ & $0.0215235$ & $0.00360247$ & $0.0141356$ & $0.000669404$ & $0.0194401$ & $0.00893791$ & $0.0196518$ & $-0.0154043$ & $0.00795628$ & $-0.0407077$ & $-0.00918038$ & $0.00115936$ & $-0.00812353$ & $-0.00945414$ & $1$ & $-0.00846307$ & $-0.00127424$ & $-0.00263539$ & $-0.0334731$ & $-0.0124232$ & $0.00567953$ & $-0.0176396$ \\
eHgagaint & $-0.0446442$ & $-0.0872535$ & $0.0461491$ & $-0.00220514$ & $0.000946928$ & $0.0192777$ & $-0.00684632$ & $-0.0129$ & $0.0529526$ & $-0.0080015$ & $0.0251522$ & $-0.00363278$ & $0.0114885$ & $-0.019228$ & $-0.0157861$ & $0.0135017$ & $-0.0250978$ & $-0.00731709$ & $-0.0279146$ & $-0.0267711$ & $-0.0271959$ & $-0.0237792$ & $-0.000574451$ & $0.0084178$ & $-0.0128826$ & $0.00636675$ & $-0.0125169$ & $-0.0106213$ & $-7.67243e-05$ & $-0.0415648$ & $-0.0021037$ & $-0.00770659$ & $-0.0275486$ & $-0.00505954$ & $0.0186877$ & $-0.00808594$ & $0.104268$ & $-0.00840916$ & $0.0314842$ & $-0.0392987$ & $-0.0435905$ & $-0.00846307$ & $1$ & $-0.103185$ & $-0.0612693$ & $-0.0124123$ & $-0.0224183$ & $-0.0504486$ & $0.00052254$ \\
eHmumuint & $0.0414394$ & $0.109347$ & $-0.0611084$ & $-0.00741723$ & $-0.00237605$ & $-0.00923652$ & $0.00584249$ & $-0.00943107$ & $-0.0150204$ & $0.00450436$ & $0.00163337$ & $-0.0233319$ & $-0.0255368$ & $0.00622082$ & $-0.00125236$ & $0.00880495$ & $0.0126995$ & $0.00998373$ & $0.00417668$ & $0.000204993$ & $0.000362367$ & $0.00115924$ & $-0.0210178$ & $0.00757645$ & $-0.00499123$ & $0.0173221$ & $-0.0144219$ & $0.00130664$ & $0.0390813$ & $-0.0160771$ & $-0.027429$ & $-0.00045672$ & $-0.0420896$ & $0.00149916$ & $0.0380072$ & $-0.126242$ & $0.045241$ & $0.00945696$ & $0.118069$ & $0.0122505$ & $0.0265317$ & $-0.00127424$ & $-0.103185$ & $1$ & $-0.0425787$ & $-0.0781598$ & $-0.0562767$ & $0.0184013$ & $-0.0519478$ \\
eHtautauint & $-0.0274504$ & $-0.0812665$ & $-0.0810606$ & $-0.050543$ & $-0.00268755$ & $0.00227192$ & $-0.0251213$ & $-0.010738$ & $-0.0155276$ & $-0.0140788$ & $0.00938106$ & $0.0169671$ & $0.0338811$ & $-0.00282481$ & $0.00742525$ & $-0.0148229$ & $0.00750787$ & $-0.00254551$ & $0.0128803$ & $-0.0125821$ & $-0.0108999$ & $-0.0161083$ & $-0.0141327$ & $0.00314325$ & $0.0177086$ & $0.0240317$ & $0.00433102$ & $-0.0171032$ & $0.0133518$ & $0.0920395$ & $0.0166246$ & $-0.0221763$ & $-0.0280147$ & $-0.018886$ & $0.0306266$ & $0.0130073$ & $-0.0380058$ & $0.0120666$ & $-0.0554849$ & $-0.0304502$ & $-0.0494666$ & $-0.00263539$ & $-0.0612693$ & $-0.0425787$ & $1$ & $-0.0216693$ & $0.07438$ & $-0.0942332$ & $-0.047041$ \\
eHccint & $-0.034194$ & $-0.0402078$ & $0.0118568$ & $0.0577946$ & $0.00336189$ & $0.0118404$ & $0.00443852$ & $0.00111764$ & $-0.00198924$ & $-0.001101$ & $-0.0147103$ & $-0.0198579$ & $-0.022014$ & $0.0262612$ & $0.0139546$ & $0.00827927$ & $0.0264553$ & $0.0170517$ & $0.0204454$ & $0.0152929$ & $0.0116034$ & $0.0117941$ & $-0.00375896$ & $0.0185459$ & $0.0209459$ & $-0.0196311$ & $-0.0143914$ & $0.0168916$ & $-0.0211301$ & $-0.0375661$ & $0.0184235$ & $-0.00304496$ & $-0.0766952$ & $-0.0129209$ & $0.00247232$ & $0.0621259$ & $0.0653338$ & $-0.000551069$ & $-0.0444243$ & $-0.00281623$ & $-0.0280214$ & $-0.0334731$ & $-0.0124123$ & $-0.0781598$ & $-0.0216693$ & $1$ & $-0.092763$ & $-0.0988891$ & $-0.0670989$ \\
eHccpar & $-0.0391518$ & $-0.0208767$ & $0.00929758$ & $-0.00412655$ & $-0.0127338$ & $0.00267281$ & $0.00687414$ & $0.00347306$ & $0.00281456$ & $-0.00798775$ & $-0.00998712$ & $-0.0260549$ & $-0.0198048$ & $0.0233133$ & $0.00558994$ & $-0.00403615$ & $0.00874775$ & $0.00944783$ & $0.0177094$ & $0.010651$ & $0.00986111$ & $0.0101996$ & $-0.00786206$ & $0.00845483$ & $0.00684666$ & $-0.00387032$ & $-0.0133936$ & $0.0338622$ & $0.0179429$ & $-0.00557211$ & $0.392815$ & $0.00045785$ & $0.00177978$ & $-0.0068345$ & $0.0150066$ & $-0.0496381$ & $-0.00338058$ & $-0.01621$ & $0.0315609$ & $-0.00517072$ & $0.00735834$ & $-0.0124232$ & $-0.0224183$ & $-0.0562767$ & $0.07438$ & $-0.092763$ & $1$ & $-0.0447555$ & $0.052954$ \\
eHbbint & $-0.106421$ & $0.0366643$ & $0.021514$ & $-0.0497954$ & $0.00804483$ & $0.0084051$ & $0.0531497$ & $-0.0111967$ & $-0.00957659$ & $-0.00403983$ & $0.0207048$ & $0.0283741$ & $0.0166861$ & $-0.00923529$ & $-0.0206548$ & $-0.00427895$ & $-0.0198101$ & $-9.57153e-05$ & $-0.0146324$ & $-0.0188708$ & $-0.0178765$ & $-0.019024$ & $0.00357958$ & $-0.00578356$ & $-0.0021843$ & $0.0162578$ & $-0.0029233$ & $-0.0300092$ & $0.00873958$ & $0.0573945$ & $0.00548471$ & $0.0700157$ & $0.191531$ & $0.00803074$ & $0.0862772$ & $-0.0127878$ & $-0.13341$ & $-0.0112173$ & $0.110231$ & $-0.00100047$ & $0.102594$ & $0.00567953$ & $-0.0504486$ & $0.0184013$ & $-0.0942332$ & $-0.0988891$ & $-0.0447555$ & $1$ & $-0.0212709$ \\
eHbbpar & $0.0189571$ & $-0.0101215$ & $0.0642612$ & $-0.0690549$ & $-0.0026364$ & $-0.0141927$ & $0.0136243$ & $0.00314672$ & $0.00108642$ & $0.00601817$ & $0.00837387$ & $0.000448347$ & $-0.000470088$ & $-0.0204976$ & $-0.00599643$ & $-0.00545847$ & $-0.020792$ & $-0.0173134$ & $-0.0146023$ & $-0.00981814$ & $-0.0075569$ & $-0.00550783$ & $0.00366338$ & $-0.0127588$ & $-0.0221308$ & $-0.00291595$ & $-0.00055577$ & $0.0231899$ & $0.0208043$ & $0.00697026$ & $0.0322342$ & $0.0356681$ & $0.467913$ & $0.0061662$ & $0.0559807$ & $0.0415576$ & $-0.066262$ & $0.000348036$ & $0.00144474$ & $-0.037328$ & $0.0252826$ & $-0.0176396$ & $0.00052254$ & $-0.0519478$ & $-0.047041$ & $-0.0670989$ & $0.052954$ & $-0.0212709$ & $1$ \\
