 & AlsMz & dAle5Mz & mtop & mHl & Mz & CW & CHG & CHWB & CHWHB_gaga & CHWHB_gagaorth & CHD & CHbox & CH & CHL1_11 & CHL1_22 & CHL1_33 & CHL3_11 & CHL3_22 & CHL3_33 & CHe_11 & CHe_22 & CHe_33 & CHQ1_11 & CHQ1_33 & CHQ3_11 & CHu_11 & CHd_11 & CHd_33 & CeH_22r & CeH_33r & CuH_22r & CuH_33r & CdH_33r & CLL_1221 & eHggint & eHggpar & eHWWint & eHWWpar & eHZZint & eHZZpar & eHZgaint & eHZgapar & eHgagaint & eHmumuint & eHtautauint & eHccint & eHccpar & eHbbint & eHbbpar \\
AlsMz & $1$ & $0.0968529$ & $0.0748965$ & $0.0463302$ & $0.0323324$ & $0.00150538$ & $-0.0252294$ & $-0.024603$ & $-0.0278863$ & $0.0286016$ & $0.0159725$ & $0.0329185$ & $0.0214394$ & $-0.00434394$ & $0.00784997$ & $0.012238$ & $-0.00165652$ & $-0.000814215$ & $-0.0063973$ & $-0.0180921$ & $-0.0242083$ & $-0.0238857$ & $-0.0428683$ & $-0.0359703$ & $-0.114636$ & $-0.0154988$ & $-0.063768$ & $-0.0147386$ & $0.00461086$ & $0.0400898$ & $0.053788$ & $-0.0156278$ & $0.04859$ & $-0.0197752$ & $-0.0719764$ & $0.0862004$ & $-0.0906685$ & $0.0155546$ & $0.0468663$ & $0.0236327$ & $-0.0762527$ & $0.0156506$ & $-0.0626116$ & $-0.0549073$ & $0.119615$ & $-0.122768$ & $0.102881$ & $0.065822$ & $0.000134088$ \\
dAle5Mz & $0.0968529$ & $1$ & $0.0385652$ & $-0.00333192$ & $0.0103438$ & $-0.000817966$ & $-0.00966564$ & $-0.0712318$ & $-0.0660205$ & $0.040964$ & $0.0531228$ & $0.00229674$ & $-0.018247$ & $-0.0126582$ & $-0.0318094$ & $-0.0250044$ & $0.0210387$ & $0.0252606$ & $0.0225766$ & $-0.0314904$ & $-0.0248552$ & $-0.0247255$ & $-0.00442058$ & $0.00698355$ & $0.00942778$ & $0.0142476$ & $-0.00295989$ & $0.00114909$ & $0.0103682$ & $-0.0190057$ & $-0.00420114$ & $-0.00642824$ & $0.00327969$ & $0.0315685$ & $-0.0354855$ & $0.0992246$ & $-0.0131171$ & $0.00971735$ & $-0.0417309$ & $0.0156313$ & $-0.0729333$ & $0.0429315$ & $0.0494376$ & $-0.0273586$ & $-0.100583$ & $-0.0851335$ & $0.0690205$ & $0.0172116$ & $0.0258583$ \\
mtop & $0.0748965$ & $0.0385652$ & $1$ & $-0.0307785$ & $0.00150965$ & $-0.0149896$ & $-0.00833414$ & $-0.0151375$ & $-0.0158117$ & $0.0180938$ & $0.0215374$ & $-0.0210197$ & $-0.0291948$ & $-0.00441981$ & $0.00101382$ & $0.00345638$ & $0.000279135$ & $-0.000297784$ & $0.000176645$ & $-0.0134053$ & $-0.014779$ & $-0.017111$ & $-0.0221646$ & $0.0132459$ & $-0.00562971$ & $0.0268004$ & $-0.00735355$ & $-0.00127157$ & $-0.00819645$ & $-0.0025086$ & $-0.00914446$ & $-0.00582898$ & $0.0236012$ & $-0.00936099$ & $0.0224473$ & $-0.00823545$ & $-0.0524446$ & $-0.0448871$ & $0.0496143$ & $0.0230797$ & $-0.104386$ & $0.00924949$ & $-0.00473611$ & $-0.0189702$ & $0.000874015$ & $-0.0739414$ & $-0.0392127$ & $0.0759273$ & $0.0117529$ \\
mHl & $0.0463302$ & $-0.00333192$ & $-0.0307785$ & $1$ & $0.00389289$ & $-0.00644567$ & $0.0105934$ & $0.0313897$ & $0.0306178$ & $0.0159899$ & $-0.0341893$ & $-0.0185942$ & $-0.0108053$ & $0.012501$ & $-0.00325925$ & $0.0196529$ & $0.0115908$ & $0.00822802$ & $-0.0128944$ & $0.0318729$ & $0.0346775$ & $0.03443$ & $0.0183411$ & $-0.0196534$ & $-0.00725898$ & $-0.0362516$ & $0.0101961$ & $0.0137184$ & $-0.00680246$ & $-0.0388034$ & $0.0243077$ & $0.00487545$ & $0.0112461$ & $0.0341244$ & $-0.0245659$ & $-0.0358789$ & $0.00963202$ & $-0.0290502$ & $0.0554905$ & $0.00502026$ & $-0.053915$ & $0.00391265$ & $0.0327757$ & $0.0661651$ & $-0.0807835$ & $0.0994516$ & $0.0196828$ & $0.0158066$ & $0.0601846$ \\
Mz & $0.0323324$ & $0.0103438$ & $0.00150965$ & $0.00389289$ & $1$ & $0.00963683$ & $0.00553396$ & $0.0144018$ & $0.0103762$ & $-1.34942e-05$ & $0.00459818$ & $0.000175579$ & $0.00112232$ & $-0.00872377$ & $0.0104489$ & $3.16017e-05$ & $-0.0229348$ & $-0.0271707$ & $-0.0185531$ & $0.00231362$ & $0.0056426$ & $0.0043404$ & $-0.0133289$ & $-0.02908$ & $-0.0310218$ & $0.0033302$ & $-0.00688894$ & $0.00386037$ & $0.00819795$ & $0.00317665$ & $0.0132882$ & $0.00715272$ & $0.00662798$ & $7.78086e-05$ & $-0.0346202$ & $0.0221508$ & $-0.0377991$ & $0.0115182$ & $0.0194801$ & $0.0149725$ & $-0.0070017$ & $-0.0154981$ & $-0.0332582$ & $-0.0124402$ & $0.0190848$ & $0.0122623$ & $0.0268668$ & $-0.00592979$ & $0.00279316$ \\
CW & $0.00150538$ & $-0.000817966$ & $-0.0149896$ & $-0.00644567$ & $0.00963683$ & $1$ & $0.0146792$ & $-0.120784$ & $-0.116721$ & $0.0173743$ & $0.190855$ & $0.0139228$ & $-0.00981257$ & $0.00399336$ & $-0.0753884$ & $-0.0916739$ & $-0.264357$ & $-0.0655483$ & $-0.055506$ & $-0.18923$ & $-0.192879$ & $-0.195523$ & $-0.00115798$ & $-0.0163781$ & $-0.102598$ & $0.101615$ & $-0.0850392$ & $-0.0540099$ & $0.00571609$ & $-0.0105238$ & $-0.00816348$ & $0.0143081$ & $-0.00776783$ & $-0.119426$ & $-0.00619985$ & $0.000657866$ & $0.0165156$ & $-0.0155698$ & $-0.000595811$ & $-0.00652085$ & $-0.0023224$ & $-0.00588438$ & $-0.0147865$ & $-0.000135526$ & $0.0165161$ & $0.00629769$ & $-0.0222476$ & $0.020248$ & $0.0229715$ \\
CHG & $-0.0252294$ & $-0.00966564$ & $-0.00833414$ & $0.0105934$ & $0.00553396$ & $0.0146792$ & $1$ & $-0.074812$ & $-0.0158397$ & $0.108461$ & $0.061843$ & $-0.328012$ & $-0.444566$ & $0.0100024$ & $-0.0103926$ & $-0.00656385$ & $0.0189821$ & $0.0332224$ & $0.032934$ & $-0.058662$ & $-0.0652955$ & $-0.0608111$ & $-0.00473038$ & $0.0641816$ & $0.0272963$ & $0.0298717$ & $-0.0511671$ & $-0.00701656$ & $0.00105$ & $-0.206877$ & $-0.11111$ & $0.943524$ & $-0.241224$ & $-0.0569346$ & $-0.016697$ & $0.00348089$ & $0.0236367$ & $0.0258681$ & $0.00719902$ & $-0.0272152$ & $0.0296584$ & $0.0157096$ & $0.0207286$ & $0.00580004$ & $-0.00565893$ & $0.0238181$ & $0.00531733$ & $0.00194256$ & $-0.0182865$ \\
CHWB & $-0.024603$ & $-0.0712318$ & $-0.0151375$ & $0.0313897$ & $0.0144018$ & $-0.120784$ & $-0.074812$ & $1$ & $0.981667$ & $-0.548138$ & $-0.871523$ & $0.00812394$ & $0.164635$ & $0.0612554$ & $0.309851$ & $0.301374$ & $-0.267757$ & $-0.4565$ & $-0.450445$ & $0.845377$ & $0.887831$ & $0.870426$ & $0.0846482$ & $-0.674836$ & $-0.420631$ & $-0.508994$ & $0.41304$ & $0.290359$ & $0.0117002$ & $0.0680312$ & $0.0519994$ & $-0.0660595$ & $0.0772864$ & $0.549479$ & $-0.0257201$ & $0.00406246$ & $-0.00714205$ & $-0.0175973$ & $0.00467771$ & $-0.0187101$ & $-0.041881$ & $-0.0181723$ & $-0.0107123$ & $-0.0108362$ & $0.00505555$ & $0.0333832$ & $-0.0119611$ & $0.00873467$ & $-0.0014555$ \\
CHWHB_gaga & $-0.0278863$ & $-0.0660205$ & $-0.0158117$ & $0.0306178$ & $0.0103762$ & $-0.116721$ & $-0.0158397$ & $0.981667$ & $1$ & $-0.536891$ & $-0.854073$ & $0.0203488$ & $0.147312$ & $0.0586484$ & $0.304817$ & $0.299574$ & $-0.267641$ & $-0.450925$ & $-0.447218$ & $0.828717$ & $0.869622$ & $0.852759$ & $0.085567$ & $-0.661823$ & $-0.416065$ & $-0.499977$ & $0.404379$ & $0.286057$ & $0.0157017$ & $0.0853153$ & $0.0610609$ & $-0.0143176$ & $0.0960586$ & $0.538401$ & $-0.0369481$ & $-0.006372$ & $-0.0168354$ & $-0.0147614$ & $5.39499e-05$ & $-0.0196694$ & $-0.0366351$ & $-0.0154191$ & $0.055086$ & $-0.00622442$ & $0.0133766$ & $0.0285078$ & $-0.0128469$ & $0.00754361$ & $-0.00256586$ \\
CHWHB_gagaorth & $0.0286016$ & $0.040964$ & $0.0180938$ & $0.0159899$ & $-1.34942e-05$ & $0.0173743$ & $0.108461$ & $-0.548138$ & $-0.536891$ & $1$ & $0.368225$ & $0.10182$ & $-0.230376$ & $0.173132$ & $-0.138988$ & $-0.125963$ & $0.361551$ & $0.42448$ & $0.414318$ & $-0.355291$ & $-0.381696$ & $-0.377202$ & $-0.0485105$ & $0.499365$ & $0.408554$ & $0.213726$ & $-0.216989$ & $-0.135015$ & $-0.0193355$ & $-0.170352$ & $-0.0906412$ & $0.108943$ & $-0.185491$ & $-0.318744$ & $0.0411018$ & $0.0177158$ & $-0.0182687$ & $0.0332385$ & $0.00770728$ & $0.0212843$ & $-0.00537489$ & $0.0181243$ & $0.0245079$ & $0.00481256$ & $-0.0192024$ & $-0.0288257$ & $0.0332852$ & $-0.0155592$ & $0.0103524$ \\
CHD & $0.0159725$ & $0.0531228$ & $0.0215374$ & $-0.0341893$ & $0.00459818$ & $0.190855$ & $0.061843$ & $-0.871523$ & $-0.854073$ & $0.368225$ & $1$ & $0.0219857$ & $-0.135077$ & $-0.496418$ & $-0.426914$ & $-0.411492$ & $-0.205782$ & $0.0748284$ & $0.0643299$ & $-0.990683$ & $-0.991004$ & $-0.970415$ & $-0.0242576$ & $0.296875$ & $0.0235534$ & $0.569676$ & $-0.289602$ & $-0.324913$ & $-0.00912373$ & $-0.0867083$ & $-0.0509854$ & $0.0525296$ & $-0.0959789$ & $-0.352889$ & $0.0254874$ & $-0.00616083$ & $0.0139786$ & $0.0222628$ & $-0.00716694$ & $0.00139976$ & $0.0360134$ & $0.00753715$ & $0.00536307$ & $0.0144822$ & $0.00928267$ & $-0.0174855$ & $0.00703135$ & $-0.00994333$ & $0.00360423$ \\
CHbox & $0.0329185$ & $0.00229674$ & $-0.0210197$ & $-0.0185942$ & $0.000175579$ & $0.0139228$ & $-0.328012$ & $0.00812394$ & $0.0203488$ & $0.10182$ & $0.0219857$ & $1$ & $0.754398$ & $-0.0732268$ & $0.0172726$ & $0.0279596$ & $-0.059193$ & $-0.0639098$ & $-0.0722822$ & $-0.0145268$ & $-0.0257959$ & $-0.0238218$ & $0.0145161$ & $-0.0334791$ & $-0.0616299$ & $-0.00349779$ & $-0.014053$ & $-0.026086$ & $0.066725$ & $0.458563$ & $0.181846$ & $-0.235277$ & $0.520749$ & $-0.00539784$ & $0.0882509$ & $0.0691254$ & $-0.0322762$ & $-0.00219384$ & $-0.0207533$ & $-0.000145699$ & $-0.027304$ & $-0.00329442$ & $0.0199234$ & $-0.0195471$ & $0.0189566$ & $-0.0209755$ & $0.00395895$ & $0.0210176$ & $0.0331094$ \\
CH & $0.0214394$ & $-0.018247$ & $-0.0291948$ & $-0.0108053$ & $0.00112232$ & $-0.00981257$ & $-0.444566$ & $0.164635$ & $0.147312$ & $-0.230376$ & $-0.135077$ & $0.754398$ & $1$ & $-0.0150602$ & $0.0318264$ & $0.0356816$ & $-0.0526165$ & $-0.0775356$ & $-0.0816427$ & $0.129956$ & $0.138979$ & $0.138003$ & $0.0291451$ & $-0.128547$ & $-0.0696856$ & $-0.0919266$ & $0.0903154$ & $0.0366238$ & $0.0571835$ & $0.377366$ & $0.17714$ & $-0.406691$ & $0.43123$ & $0.110903$ & $0.00305463$ & $0.00831545$ & $-0.000919813$ & $-0.00803169$ & $-0.0183679$ & $-0.0114412$ & $-0.0201483$ & $-0.00860881$ & $-0.0184241$ & $-0.00892686$ & $0.0192543$ & $0.000954031$ & $-0.0225807$ & $0.0130737$ & $0.0321385$ \\
CHL1_11 & $-0.00434394$ & $-0.0126582$ & $-0.00441981$ & $0.012501$ & $-0.00872377$ & $0.00399336$ & $0.0100024$ & $0.0612554$ & $0.0586484$ & $0.173132$ & $-0.496418$ & $-0.0732268$ & $-0.0150602$ & $1$ & $0.256096$ & $0.234107$ & $0.682974$ & $0.611009$ & $0.625594$ & $0.510711$ & $0.458466$ & $0.445084$ & $-0.082757$ & $0.498416$ & $0.617537$ & $-0.265291$ & $-0.0943837$ & $0.146957$ & $0.00540661$ & $0.0545131$ & $0.00915058$ & $0.0114594$ & $0.0480006$ & $-0.227045$ & $-0.0167675$ & $0.00201633$ & $-0.0113613$ & $-0.016159$ & $0.0162261$ & $0.0271294$ & $-0.0018208$ & $0.0142028$ & $0.0093717$ & $-0.00466677$ & $-0.0199666$ & $-0.013395$ & $-0.00543272$ & $0.0185479$ & $-0.01383$ \\
CHL1_22 & $0.00784997$ & $-0.0318094$ & $0.00101382$ & $-0.00325925$ & $0.0104489$ & $-0.0753884$ & $-0.0103926$ & $0.309851$ & $0.304817$ & $-0.138988$ & $-0.426914$ & $0.0172726$ & $0.0318264$ & $0.256096$ & $1$ & $0.42827$ & $0.13934$ & $-0.457428$ & $-0.0356185$ & $0.490946$ & $0.344003$ & $0.331027$ & $-0.165721$ & $0.0983205$ & $-0.148565$ & $-0.201925$ & $-0.388918$ & $0.123877$ & $-0.0322214$ & $0.0322752$ & $0.0136808$ & $0.00682833$ & $0.0420781$ & $-0.595025$ & $0.0109147$ & $0.0300805$ & $-0.0187214$ & $0.00576409$ & $-0.000937268$ & $0.00405756$ & $-0.0131995$ & $0.00806945$ & $0.0104323$ & $-0.0192096$ & $0.0218129$ & $-0.00544333$ & $-0.0048312$ & $0.0252138$ & $0.00336904$ \\
CHL1_33 & $0.012238$ & $-0.0250044$ & $0.00345638$ & $0.0196529$ & $3.16017e-05$ & $-0.0916739$ & $-0.00656385$ & $0.301374$ & $0.299574$ & $-0.125963$ & $-0.411492$ & $0.0279596$ & $0.0356816$ & $0.234107$ & $0.42827$ & $1$ & $0.1338$ & $-0.0449896$ & $-0.440712$ & $0.472688$ & $0.331641$ & $0.34883$ & $-0.151247$ & $0.0815644$ & $-0.145046$ & $-0.204316$ & $-0.37449$ & $0.103264$ & $0.00769298$ & $0.0426077$ & $0.0206329$ & $0.000377757$ & $0.0467752$ & $-0.0815796$ & $-0.00602995$ & $0.0181924$ & $-0.0287462$ & $-0.00902268$ & $-0.0179352$ & $-0.00040456$ & $-0.0158737$ & $0.0111958$ & $0.0168938$ & $-0.0100734$ & $0.0227024$ & $-0.00799538$ & $0.0242878$ & $0.0106306$ & $-0.00448096$ \\
CHL3_11 & $-0.00165652$ & $0.0210387$ & $0.000279135$ & $0.0115908$ & $-0.0229348$ & $-0.264357$ & $0.0189821$ & $-0.267757$ & $-0.267641$ & $0.361551$ & $-0.205782$ & $-0.059193$ & $-0.0526165$ & $0.682974$ & $0.13934$ & $0.1338$ & $1$ & $0.752442$ & $0.755387$ & $0.224461$ & $0.175486$ & $0.170777$ & $-0.08505$ & $0.695814$ & $0.795269$ & $-0.0984313$ & $-0.145397$ & $0.0604734$ & $-0.00974869$ & $0.0340981$ & $0.00383143$ & $0.0186556$ & $0.0352094$ & $-0.255493$ & $0.00963417$ & $-0.00708069$ & $-0.0089954$ & $-0.00664207$ & $0.0024376$ & $0.03295$ & $0.0118628$ & $0.017345$ & $0.000986156$ & $-0.00423122$ & $-0.0369002$ & $-0.0239244$ & $0.0116041$ & $-0.0135856$ & $-0.00366003$ \\
CHL3_22 & $-0.000814215$ & $0.0252606$ & $-0.000297784$ & $0.00822802$ & $-0.0271707$ & $-0.0655483$ & $0.0332224$ & $-0.4565$ & $-0.450925$ & $0.42448$ & $0.0748284$ & $-0.0639098$ & $-0.0775356$ & $0.611009$ & $-0.457428$ & $-0.0449896$ & $0.752442$ & $1$ & $0.692354$ & $-0.0813263$ & $-0.0681261$ & $-0.0625606$ & $-0.00711015$ & $0.632536$ & $0.80841$ & $0.038778$ & $0.00572548$ & $-0.0288835$ & $0.018863$ & $0.0106322$ & $-0.0116748$ & $0.0222423$ & $0.00212298$ & $0.0313569$ & $-0.0049719$ & $-0.018285$ & $-0.000249852$ & $-0.0127435$ & $0.00530877$ & $0.0297348$ & $0.0197805$ & $0.0141399$ & $0.00227124$ & $0.00902956$ & $-0.0360467$ & $-0.0213182$ & $0.00983883$ & $-0.0149836$ & $-0.00885021$ \\
CHL3_33 & $-0.0063973$ & $0.0225766$ & $0.000176645$ & $-0.0128944$ & $-0.0185531$ & $-0.055506$ & $0.032934$ & $-0.450445$ & $-0.447218$ & $0.414318$ & $0.0643299$ & $-0.0722822$ & $-0.0816427$ & $0.625594$ & $-0.0356185$ & $-0.440712$ & $0.755387$ & $0.692354$ & $1$ & $-0.0688606$ & $-0.0589426$ & $-0.0569078$ & $-0.0170291$ & $0.643586$ & $0.807709$ & $0.0416405$ & $-0.002393$ & $-0.0165838$ & $-0.00879497$ & $0.00331813$ & $-0.0170396$ & $0.0300843$ & $-0.00195604$ & $-0.349929$ & $0.0117251$ & $-0.00674938$ & $0.00292709$ & $-0.00164536$ & $0.0141207$ & $0.0334375$ & $0.0217589$ & $0.0122913$ & $-0.000233824$ & $0.000457311$ & $-0.0340827$ & $-0.0201813$ & $-0.0071638$ & $-0.00590037$ & $-0.00366375$ \\
CHe_11 & $-0.0180921$ & $-0.0314904$ & $-0.0134053$ & $0.0318729$ & $0.00231362$ & $-0.18923$ & $-0.058662$ & $0.845377$ & $0.828717$ & $-0.355291$ & $-0.990683$ & $-0.0145268$ & $0.129956$ & $0.510711$ & $0.490946$ & $0.472688$ & $0.224461$ & $-0.0813263$ & $-0.0688606$ & $1$ & $0.973325$ & $0.952871$ & $0.000700913$ & $-0.247526$ & $-0.0204445$ & $-0.560822$ & $0.218055$ & $0.319855$ & $0.00979229$ & $0.0843701$ & $0.0479659$ & $-0.0477073$ & $0.0955169$ & $0.276962$ & $-0.0230821$ & $0.0141991$ & $-0.0169995$ & $-0.0219112$ & $0.00427302$ & $0.00134225$ & $-0.0385558$ & $-0.00439925$ & $-0.00026526$ & $-0.0155839$ & $-0.00787626$ & $0.0136667$ & $-0.00679365$ & $0.0130868$ & $-0.00236632$ \\
CHe_22 & $-0.0242083$ & $-0.0248552$ & $-0.014779$ & $0.0346775$ & $0.0056426$ & $-0.192879$ & $-0.0652955$ & $0.887831$ & $0.869622$ & $-0.381696$ & $-0.991004$ & $-0.0257959$ & $0.138979$ & $0.458466$ & $0.344003$ & $0.331641$ & $0.175486$ & $-0.0681261$ & $-0.0589426$ & $0.973325$ & $1$ & $0.975388$ & $0.0522658$ & $-0.351302$ & $-0.0272781$ & $-0.571031$ & $0.370268$ & $0.326696$ & $0.0127145$ & $0.0838675$ & $0.0514921$ & $-0.0570563$ & $0.092319$ & $0.439029$ & $-0.025617$ & $0.00629466$ & $-0.0113667$ & $-0.0224207$ & $0.00675344$ & $-0.00170588$ & $-0.0398807$ & $-0.0100724$ & $-0.00563245$ & $-0.0142551$ & $-0.0148418$ & $0.0189178$ & $-0.0079336$ & $0.00803844$ & $-0.00438115$ \\
CHe_33 & $-0.0238857$ & $-0.0247255$ & $-0.017111$ & $0.03443$ & $0.0043404$ & $-0.195523$ & $-0.0608111$ & $0.870426$ & $0.852759$ & $-0.377202$ & $-0.970415$ & $-0.0238218$ & $0.138003$ & $0.445084$ & $0.331027$ & $0.34883$ & $0.170777$ & $-0.0625606$ & $-0.0569078$ & $0.952871$ & $0.975388$ & $1$ & $0.0516207$ & $-0.346035$ & $-0.0254133$ & $-0.557954$ & $0.366122$ & $0.320628$ & $0.0136538$ & $0.0827309$ & $0.0509423$ & $-0.0528608$ & $0.0909149$ & $0.439045$ & $-0.0260116$ & $0.005552$ & $-0.0141971$ & $-0.0201256$ & $0.00542054$ & $0.000414232$ & $-0.0356671$ & $-0.00521065$ & $-0.00398929$ & $-0.0153545$ & $-0.0123155$ & $0.0219335$ & $-0.00110619$ & $0.00544567$ & $-0.0068118$ \\
CHQ1_11 & $-0.0428683$ & $-0.00442058$ & $-0.0221646$ & $0.0183411$ & $-0.0133289$ & $-0.00115798$ & $-0.00473038$ & $0.0846482$ & $0.085567$ & $-0.0485105$ & $-0.0242576$ & $0.0145161$ & $0.0291451$ & $-0.082757$ & $-0.165721$ & $-0.151247$ & $-0.08505$ & $-0.00711015$ & $-0.0170291$ & $0.000700913$ & $0.0522658$ & $0.0516207$ & $1$ & $-0.152037$ & $0.0703375$ & $-0.681386$ & $0.356096$ & $0.0125061$ & $-0.00627729$ & $0.010679$ & $0.0122314$ & $-0.00290305$ & $0.00957959$ & $0.210228$ & $-0.00445298$ & $-0.0122802$ & $0.0144146$ & $0.000509937$ & $-0.0104995$ & $-0.0132203$ & $0.00960731$ & $-0.0232696$ & $0.0174607$ & $0.0210771$ & $-0.0281879$ & $0.0589364$ & $-0.01589$ & $-0.00478381$ & $0.00121751$ \\
CHQ1_33 & $-0.0359703$ & $0.00698355$ & $0.0132459$ & $-0.0196534$ & $-0.02908$ & $-0.0163781$ & $0.0641816$ & $-0.674836$ & $-0.661823$ & $0.499365$ & $0.296875$ & $-0.0334791$ & $-0.128547$ & $0.498416$ & $0.0983205$ & $0.0815644$ & $0.695814$ & $0.632536$ & $0.643586$ & $-0.247526$ & $-0.351302$ & $-0.346035$ & $-0.152037$ & $1$ & $0.657694$ & $0.203687$ & $-0.407017$ & $-0.0177544$ & $-0.0139236$ & $-0.0176433$ & $-0.0304062$ & $0.0627228$ & $-0.0178851$ & $-0.626821$ & $0.0291009$ & $0.00289224$ & $-0.0157572$ & $0.00287951$ & $-0.00689034$ & $0.0284596$ & $0.0362102$ & $0.0213896$ & $0.0175348$ & $-0.00627528$ & $-0.00467359$ & $-0.0337524$ & $0.00487688$ & $-0.00515836$ & $0.000416587$ \\
CHQ3_11 & $-0.114636$ & $0.00942778$ & $-0.00562971$ & $-0.00725898$ & $-0.0310218$ & $-0.102598$ & $0.0272963$ & $-0.420631$ & $-0.416065$ & $0.408554$ & $0.0235534$ & $-0.0616299$ & $-0.0696856$ & $0.617537$ & $-0.148565$ & $-0.145046$ & $0.795269$ & $0.80841$ & $0.807709$ & $-0.0204445$ & $-0.0272781$ & $-0.0254133$ & $0.0703375$ & $0.657694$ & $1$ & $0.0182573$ & $0.209717$ & $-0.012002$ & $-0.00444779$ & $0.00894503$ & $-0.0208352$ & $0.0223194$ & $0.00119429$ & $-0.198828$ & $0.0145851$ & $-0.00807546$ & $0.00062302$ & $-0.00292125$ & $0.00441841$ & $0.03122$ & $0.0166828$ & $0.0101225$ & $0.0140835$ & $0.00269894$ & $-0.038328$ & $-0.00464255$ & $-0.0123221$ & $-0.0174861$ & $-0.00752013$ \\
CHu_11 & $-0.0154988$ & $0.0142476$ & $0.0268004$ & $-0.0362516$ & $0.0033302$ & $0.101615$ & $0.0298717$ & $-0.508994$ & $-0.499977$ & $0.213726$ & $0.569676$ & $-0.00349779$ & $-0.0919266$ & $-0.265291$ & $-0.201925$ & $-0.204316$ & $-0.0984313$ & $0.038778$ & $0.0416405$ & $-0.560822$ & $-0.571031$ & $-0.557954$ & $-0.681386$ & $0.203687$ & $0.0182573$ & $1$ & $-0.178223$ & $-0.178285$ & $-0.000639007$ & $-0.0594783$ & $-0.0453546$ & $0.0202961$ & $-0.0704889$ & $-0.247216$ & $0.0200709$ & $-0.00594891$ & $0.00145374$ & $0.0127923$ & $0.00249299$ & $0.0152416$ & $0.00926769$ & $0.0115198$ & $-0.00884475$ & $-0.011751$ & $0.0211856$ & $-0.048766$ & $0.00264146$ & $-0.0133527$ & $-0.00760736$ \\
CHd_11 & $-0.063768$ & $-0.00295989$ & $-0.00735355$ & $0.0101961$ & $-0.00688894$ & $-0.0850392$ & $-0.0511671$ & $0.41304$ & $0.404379$ & $-0.216989$ & $-0.289602$ & $-0.014053$ & $0.0903154$ & $-0.0943837$ & $-0.388918$ & $-0.37449$ & $-0.145397$ & $0.00572548$ & $-0.002393$ & $0.218055$ & $0.370268$ & $0.366122$ & $0.356096$ & $-0.407017$ & $0.209717$ & $-0.178223$ & $1$ & $0.103242$ & $0.0102555$ & $0.0231672$ & $0.0182785$ & $-0.0534518$ & $0.0222611$ & $0.675984$ & $-0.00900016$ & $-0.00286458$ & $-0.000988332$ & $-0.00635104$ & $0.00501675$ & $-0.00453809$ & $-0.0313381$ & $-0.0233421$ & $-0.00811008$ & $-0.00705176$ & $-0.0128536$ & $0.0300918$ & $-0.0196553$ & $-0.0185188$ & $-0.00374561$ \\
CHd_33 & $-0.0147386$ & $0.00114909$ & $-0.00127157$ & $0.0137184$ & $0.00386037$ & $-0.0540099$ & $-0.00701656$ & $0.290359$ & $0.286057$ & $-0.135015$ & $-0.324913$ & $-0.026086$ & $0.0366238$ & $0.146957$ & $0.123877$ & $0.103264$ & $0.0604734$ & $-0.0288835$ & $-0.0165838$ & $0.319855$ & $0.326696$ & $0.320628$ & $0.0125061$ & $-0.0177544$ & $-0.012002$ & $-0.178285$ & $0.103242$ & $1$ & $0.000100224$ & $0.0131882$ & $0.00948521$ & $-0.00839194$ & $0.0213379$ & $0.136089$ & $-0.0197266$ & $-0.0154355$ & $-0.00635947$ & $-0.0128624$ & $0.0208195$ & $-0.00805841$ & $0.00940476$ & $-0.00527243$ & $-0.0110258$ & $-0.0177769$ & $-0.00791348$ & $0.00573266$ & $-0.0135251$ & $-0.00449506$ & $0.00125189$ \\
CeH_22r & $0.00461086$ & $0.0103682$ & $-0.00819645$ & $-0.00680246$ & $0.00819795$ & $0.00571609$ & $0.00105$ & $0.0117002$ & $0.0157017$ & $-0.0193355$ & $-0.00912373$ & $0.066725$ & $0.0571835$ & $0.00540661$ & $-0.0322214$ & $0.00769298$ & $-0.00974869$ & $0.018863$ & $-0.00879497$ & $0.00979229$ & $0.0127145$ & $0.0136538$ & $-0.00627729$ & $-0.0139236$ & $-0.00444779$ & $-0.000639007$ & $0.0102555$ & $0.000100224$ & $1$ & $0.0504924$ & $0.0272767$ & $-0.0154049$ & $0.0481915$ & $0.0346135$ & $-0.0377109$ & $0.0115377$ & $-0.0299488$ & $-0.0178369$ & $0.0114041$ & $-0.011148$ & $-0.0132524$ & $0.0135462$ & $-0.0279017$ & $0.000845546$ & $-0.00273761$ & $0.00795669$ & $0.00848243$ & $0.000202063$ & $0.000218529$ \\
CeH_33r & $0.0400898$ & $-0.0190057$ & $-0.0025086$ & $-0.0388034$ & $0.00317665$ & $-0.0105238$ & $-0.206877$ & $0.0680312$ & $0.0853153$ & $-0.170352$ & $-0.0867083$ & $0.458563$ & $0.377366$ & $0.0545131$ & $0.0322752$ & $0.0426077$ & $0.0340981$ & $0.0106322$ & $0.00331813$ & $0.0843701$ & $0.0838675$ & $0.0827309$ & $0.010679$ & $-0.0176433$ & $0.00894503$ & $-0.0594783$ & $0.0231672$ & $0.0131882$ & $0.0504924$ & $1$ & $0.343951$ & $-0.0662391$ & $0.688775$ & $0.0304745$ & $-0.0268099$ & $-0.00410293$ & $-0.193815$ & $-0.0357518$ & $-0.0400008$ & $-0.00997138$ & $0.00936087$ & $0.0053452$ & $-0.00789474$ & $-0.0126995$ & $0.0794876$ & $-0.0136962$ & $-0.00796603$ & $-0.0152616$ & $0.0328088$ \\
CuH_22r & $0.053788$ & $-0.00420114$ & $-0.00914446$ & $0.0243077$ & $0.0132882$ & $-0.00816348$ & $-0.11111$ & $0.0519994$ & $0.0610609$ & $-0.0906412$ & $-0.0509854$ & $0.181846$ & $0.17714$ & $0.00915058$ & $0.0136808$ & $0.0206329$ & $0.00383143$ & $-0.0116748$ & $-0.0170396$ & $0.0479659$ & $0.0514921$ & $0.0509423$ & $0.0122314$ & $-0.0304062$ & $-0.0208352$ & $-0.0453546$ & $0.0182785$ & $0.00948521$ & $0.0272767$ & $0.343951$ & $1$ & $-0.0277871$ & $0.357279$ & $0.0365532$ & $0.0305851$ & $0.0219165$ & $-0.121975$ & $-0.0371347$ & $-0.0453938$ & $0.012678$ & $0.0434387$ & $0.0121612$ & $0.0070327$ & $-0.00447752$ & $0.00600998$ & $0.086985$ & $0.338185$ & $-0.0270473$ & $-0.0256794$ \\
CuH_33r & $-0.0156278$ & $-0.00642824$ & $-0.00582898$ & $0.00487545$ & $0.00715272$ & $0.0143081$ & $0.943524$ & $-0.0660595$ & $-0.0143176$ & $0.108943$ & $0.0525296$ & $-0.235277$ & $-0.406691$ & $0.0114594$ & $0.00682833$ & $0.000377757$ & $0.0186556$ & $0.0222423$ & $0.0300843$ & $-0.0477073$ & $-0.0570563$ & $-0.0528608$ & $-0.00290305$ & $0.0627228$ & $0.0223194$ & $0.0202961$ & $-0.0534518$ & $-0.00839194$ & $-0.0154049$ & $-0.0662391$ & $-0.0277871$ & $1$ & $-0.0664731$ & $-0.0643374$ & $0.0807988$ & $0.0601038$ & $-0.0246057$ & $0.0179443$ & $0.0118759$ & $-0.0290832$ & $0.0242547$ & $0.0252426$ & $0.0307117$ & $-0.0127674$ & $-0.000461267$ & $0.0186885$ & $0.0206855$ & $0.0226795$ & $-0.000907423$ \\
CdH_33r & $0.04859$ & $0.00327969$ & $0.0236012$ & $0.0112461$ & $0.00662798$ & $-0.00776783$ & $-0.241224$ & $0.0772864$ & $0.0960586$ & $-0.185491$ & $-0.0959789$ & $0.520749$ & $0.43123$ & $0.0480006$ & $0.0420781$ & $0.0467752$ & $0.0352094$ & $0.00212298$ & $-0.00195604$ & $0.0955169$ & $0.092319$ & $0.0909149$ & $0.00957959$ & $-0.0178851$ & $0.00119429$ & $-0.0704889$ & $0.0222611$ & $0.0213379$ & $0.0481915$ & $0.688775$ & $0.357279$ & $-0.0664731$ & $1$ & $0.0321505$ & $0.0187684$ & $0.0522472$ & $-0.212291$ & $-0.0381128$ & $-0.0318498$ & $-0.000428028$ & $0.0324981$ & $0.0166188$ & $0.000885044$ & $-0.0292463$ & $0.0235978$ & $-0.046849$ & $-0.0592717$ & $0.0650091$ & $0.441288$ \\
CLL_1221 & $-0.0197752$ & $0.0315685$ & $-0.00936099$ & $0.0341244$ & $7.78086e-05$ & $-0.119426$ & $-0.0569346$ & $0.549479$ & $0.538401$ & $-0.318744$ & $-0.352889$ & $-0.00539784$ & $0.110903$ & $-0.227045$ & $-0.595025$ & $-0.0815796$ & $-0.255493$ & $0.0313569$ & $-0.349929$ & $0.276962$ & $0.439029$ & $0.439045$ & $0.210228$ & $-0.626821$ & $-0.198828$ & $-0.247216$ & $0.675984$ & $0.136089$ & $0.0346135$ & $0.0304745$ & $0.0365532$ & $-0.0643374$ & $0.0321505$ & $1$ & $-0.0282936$ & $-0.0192724$ & $0.00826852$ & $-0.0178681$ & $-0.00159452$ & $-0.016446$ & $-0.0289006$ & $-0.018537$ & $-0.0189534$ & $0.00599266$ & $-0.0243803$ & $0.0274095$ & $0.0044476$ & $-0.0217976$ & $-0.00202973$ \\
eHggint & $-0.0719764$ & $-0.0354855$ & $0.0224473$ & $-0.0245659$ & $-0.0346202$ & $-0.00619985$ & $-0.016697$ & $-0.0257201$ & $-0.0369481$ & $0.0411018$ & $0.0254874$ & $0.0882509$ & $0.00305463$ & $-0.0167675$ & $0.0109147$ & $-0.00602995$ & $0.00963417$ & $-0.0049719$ & $0.0117251$ & $-0.0230821$ & $-0.025617$ & $-0.0260116$ & $-0.00445298$ & $0.0291009$ & $0.0145851$ & $0.0200709$ & $-0.00900016$ & $-0.0197266$ & $-0.0377109$ & $-0.0268099$ & $0.0305851$ & $0.0807988$ & $0.0187684$ & $-0.0282936$ & $1$ & $0.00871363$ & $-0.110029$ & $0.0300878$ & $-0.00823742$ & $-0.0203225$ & $-0.103194$ & $-0.0182707$ & $0.0901192$ & $-0.0419744$ & $0.0330004$ & $-0.0762484$ & $0.103645$ & $0.106853$ & $0.0209703$ \\
eHggpar & $0.0862004$ & $0.0992246$ & $-0.00823545$ & $-0.0358789$ & $0.0221508$ & $0.000657866$ & $0.00348089$ & $0.00406246$ & $-0.006372$ & $0.0177158$ & $-0.00616083$ & $0.0691254$ & $0.00831545$ & $0.00201633$ & $0.0300805$ & $0.0181924$ & $-0.00708069$ & $-0.018285$ & $-0.00674938$ & $0.0141991$ & $0.00629466$ & $0.005552$ & $-0.0122802$ & $0.00289224$ & $-0.00807546$ & $-0.00594891$ & $-0.00286458$ & $-0.0154355$ & $0.0115377$ & $-0.00410293$ & $0.0219165$ & $0.0601038$ & $0.0522472$ & $-0.0192724$ & $0.00871363$ & $1$ & $-0.042325$ & $0.00281582$ & $0.00728091$ & $0.0362078$ & $0.030741$ & $-0.0388132$ & $-0.0249382$ & $-0.105101$ & $0.0637534$ & $-0.0350818$ & $0.109159$ & $0.12273$ & $0.0816971$ \\
eHWWint & $-0.0906685$ & $-0.0131171$ & $-0.0524446$ & $0.00963202$ & $-0.0377991$ & $0.0165156$ & $0.0236367$ & $-0.00714205$ & $-0.0168354$ & $-0.0182687$ & $0.0139786$ & $-0.0322762$ & $-0.000919813$ & $-0.0113613$ & $-0.0187214$ & $-0.0287462$ & $-0.0089954$ & $-0.000249852$ & $0.00292709$ & $-0.0169995$ & $-0.0113667$ & $-0.0141971$ & $0.0144146$ & $-0.0157572$ & $0.00062302$ & $0.00145374$ & $-0.000988332$ & $-0.00635947$ & $-0.0299488$ & $-0.193815$ & $-0.121975$ & $-0.0246057$ & $-0.212291$ & $0.00826852$ & $-0.110029$ & $-0.042325$ & $1$ & $0.00101443$ & $0.00181348$ & $-0.000678013$ & $-0.0330166$ & $0.00190345$ & $-0.0152387$ & $0.0422228$ & $-0.0900763$ & $0.0559696$ & $-0.0583685$ & $0.0121987$ & $-0.0378215$ \\
eHWWpar & $0.0155546$ & $0.00971735$ & $-0.0448871$ & $-0.0290502$ & $0.0115182$ & $-0.0155698$ & $0.0258681$ & $-0.0175973$ & $-0.0147614$ & $0.0332385$ & $0.0222628$ & $-0.00219384$ & $-0.00803169$ & $-0.016159$ & $0.00576409$ & $-0.00902268$ & $-0.00664207$ & $-0.0127435$ & $-0.00164536$ & $-0.0219112$ & $-0.0224207$ & $-0.0201256$ & $0.000509937$ & $0.00287951$ & $-0.00292125$ & $0.0127923$ & $-0.00635104$ & $-0.0128624$ & $-0.0178369$ & $-0.0357518$ & $-0.0371347$ & $0.0179443$ & $-0.0381128$ & $-0.0178681$ & $0.0300878$ & $0.00281582$ & $0.00101443$ & $1$ & $0.0272974$ & $0.00500126$ & $0.0119695$ & $0.0151449$ & $-0.00318668$ & $-0.0125666$ & $0.0108876$ & $-0.0067988$ & $-0.0113076$ & $-0.0142271$ & $0.0196264$ \\
eHZZint & $0.0468663$ & $-0.0417309$ & $0.0496143$ & $0.0554905$ & $0.0194801$ & $-0.000595811$ & $0.00719902$ & $0.00467771$ & $5.39499e-05$ & $0.00770728$ & $-0.00716694$ & $-0.0207533$ & $-0.0183679$ & $0.0162261$ & $-0.000937268$ & $-0.0179352$ & $0.0024376$ & $0.00530877$ & $0.0141207$ & $0.00427302$ & $0.00675344$ & $0.00542054$ & $-0.0104995$ & $-0.00689034$ & $0.00441841$ & $0.00249299$ & $0.00501675$ & $0.0208195$ & $0.0114041$ & $-0.0400008$ & $-0.0453938$ & $0.0118759$ & $-0.0318498$ & $-0.00159452$ & $-0.00823742$ & $0.00728091$ & $0.00181348$ & $0.0272974$ & $1$ & $-0.000159197$ & $0.0158574$ & $0.0141798$ & $0.0295068$ & $0.0419491$ & $-0.0944848$ & $-0.0458634$ & $-0.0905589$ & $0.0729832$ & $-0.027257$ \\
eHZZpar & $0.0236327$ & $0.0156313$ & $0.0230797$ & $0.00502026$ & $0.0149725$ & $-0.00652085$ & $-0.0272152$ & $-0.0187101$ & $-0.0196694$ & $0.0212843$ & $0.00139976$ & $-0.000145699$ & $-0.0114412$ & $0.0271294$ & $0.00405756$ & $-0.00040456$ & $0.03295$ & $0.0297348$ & $0.0334375$ & $0.00134225$ & $-0.00170588$ & $0.000414232$ & $-0.0132203$ & $0.0284596$ & $0.03122$ & $0.0152416$ & $-0.00453809$ & $-0.00805841$ & $-0.011148$ & $-0.00997138$ & $0.012678$ & $-0.0290832$ & $-0.000428028$ & $-0.016446$ & $-0.0203225$ & $0.0362078$ & $-0.000678013$ & $0.00500126$ & $-0.000159197$ & $1$ & $-0.00440182$ & $0.0111962$ & $-0.00426523$ & $-0.00431093$ & $0.0308364$ & $-0.00118716$ & $0.0277451$ & $0.00187465$ & $0.0112617$ \\
eHZgaint & $-0.0762527$ & $-0.0729333$ & $-0.104386$ & $-0.053915$ & $-0.0070017$ & $-0.0023224$ & $0.0296584$ & $-0.041881$ & $-0.0366351$ & $-0.00537489$ & $0.0360134$ & $-0.027304$ & $-0.0201483$ & $-0.0018208$ & $-0.0131995$ & $-0.0158737$ & $0.0118628$ & $0.0197805$ & $0.0217589$ & $-0.0385558$ & $-0.0398807$ & $-0.0356671$ & $0.00960731$ & $0.0362102$ & $0.0166828$ & $0.00926769$ & $-0.0313381$ & $0.00940476$ & $-0.0132524$ & $0.00936087$ & $0.0434387$ & $0.0242547$ & $0.0324981$ & $-0.0289006$ & $-0.103194$ & $0.030741$ & $-0.0330166$ & $0.0119695$ & $0.0158574$ & $-0.00440182$ & $1$ & $-0.0162822$ & $0.0803428$ & $-0.039963$ & $-0.0629338$ & $0.0265655$ & $0.140744$ & $0.0417178$ & $0.0435688$ \\
eHZgapar & $0.0156506$ & $0.0429315$ & $0.00924949$ & $0.00391265$ & $-0.0154981$ & $-0.00588438$ & $0.0157096$ & $-0.0181723$ & $-0.0154191$ & $0.0181243$ & $0.00753715$ & $-0.00329442$ & $-0.00860881$ & $0.0142028$ & $0.00806945$ & $0.0111958$ & $0.017345$ & $0.0141399$ & $0.0122913$ & $-0.00439925$ & $-0.0100724$ & $-0.00521065$ & $-0.0232696$ & $0.0213896$ & $0.0101225$ & $0.0115198$ & $-0.0233421$ & $-0.00527243$ & $0.0135462$ & $0.0053452$ & $0.0121612$ & $0.0252426$ & $0.0166188$ & $-0.018537$ & $-0.0182707$ & $-0.0388132$ & $0.00190345$ & $0.0151449$ & $0.0141798$ & $0.0111962$ & $-0.0162822$ & $1$ & $-0.00975994$ & $-0.0426828$ & $-0.0265952$ & $-0.0172296$ & $0.0143115$ & $0.0297309$ & $-0.0156583$ \\
eHgagaint & $-0.0626116$ & $0.0494376$ & $-0.00473611$ & $0.0327757$ & $-0.0332582$ & $-0.0147865$ & $0.0207286$ & $-0.0107123$ & $0.055086$ & $0.0245079$ & $0.00536307$ & $0.0199234$ & $-0.0184241$ & $0.0093717$ & $0.0104323$ & $0.0168938$ & $0.000986156$ & $0.00227124$ & $-0.000233824$ & $-0.00026526$ & $-0.00563245$ & $-0.00398929$ & $0.0174607$ & $0.0175348$ & $0.0140835$ & $-0.00884475$ & $-0.00811008$ & $-0.0110258$ & $-0.0279017$ & $-0.00789474$ & $0.0070327$ & $0.0307117$ & $0.000885044$ & $-0.0189534$ & $0.0901192$ & $-0.0249382$ & $-0.0152387$ & $-0.00318668$ & $0.0295068$ & $-0.00426523$ & $0.0803428$ & $-0.00975994$ & $1$ & $0.0356371$ & $0.0979298$ & $-0.0147227$ & $0.051851$ & $0.00438051$ & $-0.00994307$ \\
eHmumuint & $-0.0549073$ & $-0.0273586$ & $-0.0189702$ & $0.0661651$ & $-0.0124402$ & $-0.000135526$ & $0.00580004$ & $-0.0108362$ & $-0.00622442$ & $0.00481256$ & $0.0144822$ & $-0.0195471$ & $-0.00892686$ & $-0.00466677$ & $-0.0192096$ & $-0.0100734$ & $-0.00423122$ & $0.00902956$ & $0.000457311$ & $-0.0155839$ & $-0.0142551$ & $-0.0153545$ & $0.0210771$ & $-0.00627528$ & $0.00269894$ & $-0.011751$ & $-0.00705176$ & $-0.0177769$ & $0.000845546$ & $-0.0126995$ & $-0.00447752$ & $-0.0127674$ & $-0.0292463$ & $0.00599266$ & $-0.0419744$ & $-0.105101$ & $0.0422228$ & $-0.0125666$ & $0.0419491$ & $-0.00431093$ & $-0.039963$ & $-0.0426828$ & $0.0356371$ & $1$ & $0.0248672$ & $0.0710248$ & $-0.0369803$ & $-0.125491$ & $0.0193886$ \\
eHtautauint & $0.119615$ & $-0.100583$ & $0.000874015$ & $-0.0807835$ & $0.0190848$ & $0.0165161$ & $-0.00565893$ & $0.00505555$ & $0.0133766$ & $-0.0192024$ & $0.00928267$ & $0.0189566$ & $0.0192543$ & $-0.0199666$ & $0.0218129$ & $0.0227024$ & $-0.0369002$ & $-0.0360467$ & $-0.0340827$ & $-0.00787626$ & $-0.0148418$ & $-0.0123155$ & $-0.0281879$ & $-0.00467359$ & $-0.038328$ & $0.0211856$ & $-0.0128536$ & $-0.00791348$ & $-0.00273761$ & $0.0794876$ & $0.00600998$ & $-0.000461267$ & $0.0235978$ & $-0.0243803$ & $0.0330004$ & $0.0637534$ & $-0.0900763$ & $0.0108876$ & $-0.0944848$ & $0.0308364$ & $-0.0629338$ & $-0.0265952$ & $0.0979298$ & $0.0248672$ & $1$ & $-0.0489125$ & $0.0107902$ & $-0.0153528$ & $0.0141929$ \\
eHccint & $-0.122768$ & $-0.0851335$ & $-0.0739414$ & $0.0994516$ & $0.0122623$ & $0.00629769$ & $0.0238181$ & $0.0333832$ & $0.0285078$ & $-0.0288257$ & $-0.0174855$ & $-0.0209755$ & $0.000954031$ & $-0.013395$ & $-0.00544333$ & $-0.00799538$ & $-0.0239244$ & $-0.0213182$ & $-0.0201813$ & $0.0136667$ & $0.0189178$ & $0.0219335$ & $0.0589364$ & $-0.0337524$ & $-0.00464255$ & $-0.048766$ & $0.0300918$ & $0.00573266$ & $0.00795669$ & $-0.0136962$ & $0.086985$ & $0.0186885$ & $-0.046849$ & $0.0274095$ & $-0.0762484$ & $-0.0350818$ & $0.0559696$ & $-0.0067988$ & $-0.0458634$ & $-0.00118716$ & $0.0265655$ & $-0.0172296$ & $-0.0147227$ & $0.0710248$ & $-0.0489125$ & $1$ & $0.0159779$ & $-0.0763253$ & $-0.0512315$ \\
eHccpar & $0.102881$ & $0.0690205$ & $-0.0392127$ & $0.0196828$ & $0.0268668$ & $-0.0222476$ & $0.00531733$ & $-0.0119611$ & $-0.0128469$ & $0.0332852$ & $0.00703135$ & $0.00395895$ & $-0.0225807$ & $-0.00543272$ & $-0.0048312$ & $0.0242878$ & $0.0116041$ & $0.00983883$ & $-0.0071638$ & $-0.00679365$ & $-0.0079336$ & $-0.00110619$ & $-0.01589$ & $0.00487688$ & $-0.0123221$ & $0.00264146$ & $-0.0196553$ & $-0.0135251$ & $0.00848243$ & $-0.00796603$ & $0.338185$ & $0.0206855$ & $-0.0592717$ & $0.0044476$ & $0.103645$ & $0.109159$ & $-0.0583685$ & $-0.0113076$ & $-0.0905589$ & $0.0277451$ & $0.140744$ & $0.0143115$ & $0.051851$ & $-0.0369803$ & $0.0107902$ & $0.0159779$ & $1$ & $-0.100533$ & $-0.0757891$ \\
eHbbint & $0.065822$ & $0.0172116$ & $0.0759273$ & $0.0158066$ & $-0.00592979$ & $0.020248$ & $0.00194256$ & $0.00873467$ & $0.00754361$ & $-0.0155592$ & $-0.00994333$ & $0.0210176$ & $0.0130737$ & $0.0185479$ & $0.0252138$ & $0.0106306$ & $-0.0135856$ & $-0.0149836$ & $-0.00590037$ & $0.0130868$ & $0.00803844$ & $0.00544567$ & $-0.00478381$ & $-0.00515836$ & $-0.0174861$ & $-0.0133527$ & $-0.0185188$ & $-0.00449506$ & $0.000202063$ & $-0.0152616$ & $-0.0270473$ & $0.0226795$ & $0.0650091$ & $-0.0217976$ & $0.106853$ & $0.12273$ & $0.0121987$ & $-0.0142271$ & $0.0729832$ & $0.00187465$ & $0.0417178$ & $0.0297309$ & $0.00438051$ & $-0.125491$ & $-0.0153528$ & $-0.0763253$ & $-0.100533$ & $1$ & $-0.194755$ \\
eHbbpar & $0.000134088$ & $0.0258583$ & $0.0117529$ & $0.0601846$ & $0.00279316$ & $0.0229715$ & $-0.0182865$ & $-0.0014555$ & $-0.00256586$ & $0.0103524$ & $0.00360423$ & $0.0331094$ & $0.0321385$ & $-0.01383$ & $0.00336904$ & $-0.00448096$ & $-0.00366003$ & $-0.00885021$ & $-0.00366375$ & $-0.00236632$ & $-0.00438115$ & $-0.0068118$ & $0.00121751$ & $0.000416587$ & $-0.00752013$ & $-0.00760736$ & $-0.00374561$ & $0.00125189$ & $0.000218529$ & $0.0328088$ & $-0.0256794$ & $-0.000907423$ & $0.441288$ & $-0.00202973$ & $0.0209703$ & $0.0816971$ & $-0.0378215$ & $0.0196264$ & $-0.027257$ & $0.0112617$ & $0.0435688$ & $-0.0156583$ & $-0.00994307$ & $0.0193886$ & $0.0141929$ & $-0.0512315$ & $-0.0757891$ & $-0.194755$ & $1$ \\
