 & AlsMz & dAle5Mz & mtop & mHl & Mz & CW & CHG & CHWB & CHWHB_gaga & CHWHB_gagaorth & CHD & CHbox & CH & CHL1_11 & CHL1_22 & CHL1_33 & CHL3_11 & CHL3_22 & CHL3_33 & CHe_11 & CHe_22 & CHe_33 & CHQ1_11 & CHQ1_33 & CHQ3_11 & CHu_11 & CHd_11 & CHd_33 & CeH_22r & CeH_33r & CuH_22r & CuH_33r & CdH_33r & CLL_1221 & eHggint & eHggpar & eHWWint & eHWWpar & eHZZint & eHZZpar & eHZgaint & eHZgapar & eHgagaint & eHmumuint & eHtautauint & eHccint & eHccpar & eHbbint & eHbbpar \\
AlsMz & $1$ & $-0.176554$ & $0.0819599$ & $0.289841$ & $-0.00354985$ & $-0.00324646$ & $-0.0273578$ & $0.044506$ & $0.0397223$ & $0.0182221$ & $-0.046079$ & $0.00623732$ & $0.0215509$ & $0.02769$ & $-0.0286916$ & $-0.023094$ & $0.00222286$ & $0.0186083$ & $0.0155444$ & $0.028929$ & $0.0452232$ & $0.0434082$ & $0.0285985$ & $-0.0598607$ & $-0.0414876$ & $-0.0525046$ & $0.0543197$ & $0.0532752$ & $0.0127192$ & $0.00782847$ & $-0.0423292$ & $-0.028002$ & $-0.0343558$ & $0.0533978$ & $-0.116316$ & $0.208053$ & $0.00659956$ & $0.0603437$ & $-0.251888$ & $-0.0190632$ & $0.0559187$ & $-0.0535798$ & $-0.0187609$ & $-0.0211657$ & $0.100346$ & $-0.0308537$ & $-0.126431$ & $0.0329281$ & $-0.0798555$ \\
dAle5Mz & $-0.176554$ & $1$ & $-0.0216077$ & $0.0334182$ & $-0.000803145$ & $0.0569899$ & $-0.0349969$ & $-0.0990056$ & $-0.112234$ & $0.0187181$ & $0.0789056$ & $-0.00372096$ & $-0.0166673$ & $-0.032591$ & $-0.0205194$ & $0.0133638$ & $0.0417271$ & $0.0349948$ & $0.0130789$ & $-0.058988$ & $-0.063494$ & $-0.0618526$ & $0.00157729$ & $0.0619343$ & $0.0553771$ & $0.0351548$ & $-0.0137756$ & $-0.0533958$ & $-0.0526152$ & $-0.0234551$ & $-0.00564022$ & $-0.0379961$ & $0.0122722$ & $-0.00755078$ & $0.159073$ & $-0.111221$ & $-0.146807$ & $0.0154172$ & $0.0497018$ & $-0.0150305$ & $-0.00918896$ & $-0.00856258$ & $-0.257644$ & $0.00135593$ & $2.10891e-05$ & $-0.354307$ & $0.197518$ & $-0.0646553$ & $0.116357$ \\
mtop & $0.0819599$ & $-0.0216077$ & $1$ & $-0.0419662$ & $-0.00864112$ & $0.0388332$ & $0.0126659$ & $-0.0514062$ & $-0.0414075$ & $0.0389566$ & $0.053716$ & $0.0225994$ & $-0.00649804$ & $0.0102543$ & $-0.000782879$ & $-0.039251$ & $-0.0162209$ & $0.00277095$ & $0.0346947$ & $-0.0471956$ & $-0.0508765$ & $-0.0490672$ & $-0.0372582$ & $0.0185683$ & $0.00435686$ & $0.0590272$ & $-0.0353613$ & $0.0125604$ & $0.00144576$ & $-0.0345065$ & $0.0419318$ & $0.0165032$ & $0.0171154$ & $-0.0572472$ & $0.0682837$ & $0.192877$ & $0.188668$ & $-0.014661$ & $-0.00846394$ & $0.0271127$ & $-0.165165$ & $-0.00876322$ & $0.220718$ & $-0.166427$ & $0.398853$ & $0.00637971$ & $0.165$ & $0.346396$ & $-0.000214592$ \\
mHl & $0.289841$ & $0.0334182$ & $-0.0419662$ & $1$ & $0.0239699$ & $0.0069197$ & $-0.0660884$ & $0.061694$ & $0.0514313$ & $-0.00223903$ & $-0.0727256$ & $0.0309244$ & $0.0303006$ & $0.0411983$ & $-0.00298457$ & $0.00298941$ & $0.018721$ & $0.0164438$ & $0.0120649$ & $0.0695726$ & $0.0765153$ & $0.0604185$ & $0.00544947$ & $-0.0142645$ & $-0.000615888$ & $-0.0557229$ & $0.0515752$ & $0.03952$ & $0.02454$ & $0.0355277$ & $0.131472$ & $-0.0354822$ & $0.00297947$ & $0.0511971$ & $0.273976$ & $-0.0722238$ & $-0.0280099$ & $0.107834$ & $-0.0917464$ & $-0.00748588$ & $-0.0988849$ & $0.0556392$ & $-0.153688$ & $0.19957$ & $-0.0855255$ & $-0.0587753$ & $0.380741$ & $-0.109186$ & $-0.0615917$ \\
Mz & $-0.00354985$ & $-0.000803145$ & $-0.00864112$ & $0.0239699$ & $1$ & $0.0056831$ & $0.0111754$ & $0.0167342$ & $0.0186868$ & $0.00938686$ & $-0.0207551$ & $-0.0249187$ & $-0.0259889$ & $0.0384844$ & $-0.0142886$ & $0.00172257$ & $0.0265315$ & $0.0326271$ & $0.0299267$ & $0.0262442$ & $0.0344125$ & $0.0464522$ & $-0.0300835$ & $0.0099791$ & $0.0205647$ & $0.00151274$ & $0.0167753$ & $0.00957044$ & $-0.0173412$ & $-0.000920231$ & $0.0197374$ & $0.0096085$ & $-0.00369466$ & $0.0241426$ & $0.00199579$ & $-0.0565069$ & $-0.00145166$ & $-0.00881963$ & $-0.00453494$ & $-0.0291804$ & $0.00153978$ & $-0.0269634$ & $-0.00275293$ & $0.0163325$ & $-0.0363939$ & $0.00265641$ & $0.0173914$ & $-0.0095931$ & $-0.0125973$ \\
CW & $-0.00324646$ & $0.0569899$ & $0.0388332$ & $0.0069197$ & $0.0056831$ & $1$ & $-0.0131462$ & $-0.123868$ & $-0.12348$ & $0.0209094$ & $0.179045$ & $0.054533$ & $0.0204301$ & $0.0188374$ & $-0.0891535$ & $-0.0775971$ & $-0.242465$ & $-0.0359717$ & $-0.042454$ & $-0.175465$ & $-0.17996$ & $-0.178732$ & $-0.0142603$ & $0.00292232$ & $-0.0715736$ & $0.113391$ & $-0.0590296$ & $-0.0526349$ & $-0.00918414$ & $0.0086878$ & $0.0279911$ & $-0.00817022$ & $0.0252949$ & $-0.108157$ & $-0.0227855$ & $0.0511431$ & $-0.0345319$ & $-0.000374096$ & $-0.0306342$ & $0.0496437$ & $0.0345138$ & $-0.0230942$ & $-0.0369087$ & $-0.00252866$ & $0.0473373$ & $-0.0365423$ & $0.0393684$ & $0.027588$ & $0.0199683$ \\
CHG & $-0.0273578$ & $-0.0349969$ & $0.0126659$ & $-0.0660884$ & $0.0111754$ & $-0.0131462$ & $1$ & $-0.123984$ & $-0.074855$ & $0.0640828$ & $0.0791821$ & $-0.185209$ & $-0.250949$ & $0.0461535$ & $-0.000125177$ & $-0.0439844$ & $0.0913998$ & $0.0837412$ & $0.118482$ & $-0.0741162$ & $-0.0871346$ & $-0.0814637$ & $-0.0221824$ & $0.120084$ & $0.0939273$ & $0.0388166$ & $-0.0687766$ & $-0.0307489$ & $0.0272123$ & $-0.172201$ & $-0.130084$ & $0.936734$ & $-0.201748$ & $-0.100973$ & $-0.0229117$ & $-0.0973478$ & $0.0420596$ & $-0.00785732$ & $0.0374601$ & $0.0169361$ & $0.0140742$ & $0.0512016$ & $-0.0201296$ & $-0.0260246$ & $-0.0595333$ & $-0.0030595$ & $-0.00278335$ & $0.00504887$ & $-0.0230577$ \\
CHWB & $0.044506$ & $-0.0990056$ & $-0.0514062$ & $0.061694$ & $0.0167342$ & $-0.123868$ & $-0.123984$ & $1$ & $0.984166$ & $-0.578488$ & $-0.876912$ & $0.0157392$ & $0.345971$ & $0.0992538$ & $0.329244$ & $0.303532$ & $-0.245198$ & $-0.452847$ & $-0.444414$ & $0.848049$ & $0.894992$ & $0.87793$ & $0.0626172$ & $-0.664464$ & $-0.416239$ & $-0.495511$ & $0.396269$ & $0.302195$ & $0.0238087$ & $0.121862$ & $0.0381581$ & $-0.119352$ & $0.104093$ & $0.535978$ & $-0.0706026$ & $0.0237625$ & $-0.00538363$ & $0.013608$ & $-0.0736498$ & $0.00752659$ & $0.0439667$ & $0.0238367$ & $0.059272$ & $0.0488713$ & $-0.0738494$ & $0.0159833$ & $-0.0522054$ & $-0.0457653$ & $-0.0243973$ \\
CHWHB_gaga & $0.0397223$ & $-0.112234$ & $-0.0414075$ & $0.0514313$ & $0.0186868$ & $-0.12348$ & $-0.074855$ & $0.984166$ & $1$ & $-0.562585$ & $-0.861712$ & $0.0325733$ & $0.342611$ & $0.0956828$ & $0.32835$ & $0.301335$ & $-0.245366$ & $-0.450472$ & $-0.441097$ & $0.833971$ & $0.878307$ & $0.861451$ & $0.0586371$ & $-0.65513$ & $-0.413324$ & $-0.484375$ & $0.386127$ & $0.293615$ & $0.0280362$ & $0.134218$ & $0.04332$ & $-0.0794953$ & $0.118808$ & $0.522514$ & $-0.0938262$ & $0.0235566$ & $0.00585568$ & $0.0115063$ & $-0.0757437$ & $0.0106181$ & $0.0304743$ & $0.0314034$ & $0.102784$ & $0.0575116$ & $-0.0692878$ & $0.0261514$ & $-0.0553168$ & $-0.0503897$ & $-0.020331$ \\
CHWHB_gagaorth & $0.0182221$ & $0.0187181$ & $0.0389566$ & $-0.00223903$ & $0.00938686$ & $0.0209094$ & $0.0640828$ & $-0.578488$ & $-0.562585$ & $1$ & $0.378482$ & $0.334525$ & $-0.225569$ & $0.174486$ & $-0.150813$ & $-0.138456$ & $0.41041$ & $0.472632$ & $0.471384$ & $-0.36263$ & $-0.394354$ & $-0.389104$ & $-0.0372346$ & $0.540227$ & $0.465752$ & $0.210528$ & $-0.213565$ & $-0.145361$ & $0.000334187$ & $-0.119274$ & $-0.0647897$ & $0.0830914$ & $-0.11613$ & $-0.330986$ & $0.0445861$ & $0.0161074$ & $-0.00516877$ & $0.0182452$ & $0.0658303$ & $0.00577432$ & $-0.04299$ & $-0.0217777$ & $0.0026524$ & $-0.0337399$ & $0.0649378$ & $0.0655364$ & $0.0163328$ & $0.0745449$ & $-0.0111502$ \\
CHD & $-0.046079$ & $0.0789056$ & $0.053716$ & $-0.0727256$ & $-0.0207551$ & $0.179045$ & $0.0791821$ & $-0.876912$ & $-0.861712$ & $0.378482$ & $1$ & $0.141799$ & $-0.153115$ & $-0.515833$ & $-0.456155$ & $-0.44132$ & $-0.215599$ & $0.0841405$ & $0.0810524$ & $-0.990625$ & $-0.991252$ & $-0.969969$ & $-0.00429917$ & $0.291982$ & $0.0339391$ & $0.554821$ & $-0.250998$ & $-0.338897$ & $-0.0132627$ & $-0.0639242$ & $-0.00837069$ & $0.0875973$ & $-0.0449334$ & $-0.332903$ & $0.0678652$ & $0.0111879$ & $0.00863055$ & $-0.0233596$ & $0.0466444$ & $0.00407531$ & $-0.0334168$ & $-0.0118234$ & $-0.0630202$ & $-0.0493157$ & $0.0770021$ & $-0.0377193$ & $0.0226416$ & $0.0405764$ & $0.025803$ \\
CHbox & $0.00623732$ & $-0.00372096$ & $0.0225994$ & $0.0309244$ & $-0.0249187$ & $0.054533$ & $-0.185209$ & $0.0157392$ & $0.0325733$ & $0.334525$ & $0.141799$ & $1$ & $0.66926$ & $-0.329282$ & $-0.0164208$ & $-0.00922191$ & $-0.31254$ & $-0.278523$ & $-0.287751$ & $-0.128531$ & $-0.138658$ & $-0.135577$ & $-0.0193599$ & $-0.19202$ & $-0.279949$ & $0.0878601$ & $-0.0213431$ & $-0.072569$ & $0.0742589$ & $0.31977$ & $0.102674$ & $-0.0856877$ & $0.417481$ & $0.0203376$ & $0.0587457$ & $0.0781566$ & $0.00498254$ & $0.0506808$ & $0.00426371$ & $0.0280091$ & $0.00244505$ & $0.0272913$ & $-0.00592888$ & $-0.0197165$ & $0.0536537$ & $0.0201392$ & $-0.0378926$ & $0.0596887$ & $8.3122e-05$ \\
CH & $0.0215509$ & $-0.0166673$ & $-0.00649804$ & $0.0303006$ & $-0.0259889$ & $0.0204301$ & $-0.250949$ & $0.345971$ & $0.342611$ & $-0.225569$ & $-0.153115$ & $0.66926$ & $1$ & $-0.264111$ & $0.0730081$ & $0.0890449$ & $-0.387493$ & $-0.405093$ & $-0.425022$ & $0.149934$ & $0.164361$ & $0.160593$ & $-0.00321396$ & $-0.405853$ & $-0.409016$ & $-0.0761825$ & $0.112664$ & $0.0419976$ & $0.0611132$ & $0.264509$ & $0.107833$ & $-0.193574$ & $0.34915$ & $0.211911$ & $-0.00466498$ & $0.072383$ & $0.0198808$ & $0.0353142$ & $-0.0308123$ & $-0.000434468$ & $0.044568$ & $0.0215096$ & $0.00238805$ & $0.00861193$ & $0.00126113$ & $-0.0140029$ & $-0.053331$ & $0.0161081$ & $0.00942933$ \\
CHL1_11 & $0.02769$ & $-0.032591$ & $0.0102543$ & $0.0411983$ & $0.0384844$ & $0.0188374$ & $0.0461535$ & $0.0992538$ & $0.0956828$ & $0.174486$ & $-0.515833$ & $-0.329282$ & $-0.264111$ & $1$ & $0.285823$ & $0.303901$ & $0.65376$ & $0.586496$ & $0.576168$ & $0.534018$ & $0.475208$ & $0.460085$ & $-0.0903011$ & $0.482807$ & $0.59328$ & $-0.268346$ & $-0.117617$ & $0.174499$ & $-0.0158263$ & $-0.0749073$ & $-0.0499736$ & $0.0191984$ & $-0.0880306$ & $-0.230259$ & $-0.0329442$ & $-0.0303908$ & $0.00556552$ & $0.023522$ & $0.0286229$ & $-0.0244445$ & $0.00867668$ & $-0.00897342$ & $0.042246$ & $0.00761943$ & $-0.0233706$ & $0.0533858$ & $0.0472356$ & $0.0121972$ & $-0.0289205$ \\
CHL1_22 & $-0.0286916$ & $-0.0205194$ & $-0.000782879$ & $-0.00298457$ & $-0.0142886$ & $-0.0891535$ & $-0.000125177$ & $0.329244$ & $0.32835$ & $-0.150813$ & $-0.456155$ & $-0.0164208$ & $0.0730081$ & $0.285823$ & $1$ & $0.464983$ & $0.170756$ & $-0.447896$ & $-0.0480367$ & $0.519136$ & $0.374775$ & $0.36167$ & $-0.184297$ & $0.0908034$ & $-0.154414$ & $-0.212471$ & $-0.412865$ & $0.102791$ & $0.0255947$ & $0.0240706$ & $0.00471138$ & $-0.0106485$ & $0.0021554$ & $-0.590244$ & $-0.0275603$ & $-0.0376526$ & $0.0195639$ & $0.0358605$ & $0.014474$ & $-0.0102871$ & $-0.0385802$ & $-0.00661484$ & $0.027947$ & $0.0241891$ & $-0.0298051$ & $0.00689481$ & $0.0264527$ & $-0.0529786$ & $-0.00375519$ \\
CHL1_33 & $-0.023094$ & $0.0133638$ & $-0.039251$ & $0.00298941$ & $0.00172257$ & $-0.0775971$ & $-0.0439844$ & $0.303532$ & $0.301335$ & $-0.138456$ & $-0.44132$ & $-0.00922191$ & $0.0890449$ & $0.303901$ & $0.464983$ & $1$ & $0.188256$ & $-0.0120289$ & $-0.423221$ & $0.505008$ & $0.361157$ & $0.381412$ & $-0.204315$ & $0.113219$ & $-0.113585$ & $-0.183107$ & $-0.402731$ & $0.100736$ & $0.00877097$ & $0.00143627$ & $-0.0139462$ & $-0.0433654$ & $0.00280288$ & $-0.115337$ & $0.012512$ & $-0.0304118$ & $-0.00929268$ & $0.0366531$ & $-0.00334638$ & $0.0132299$ & $0.0114487$ & $0.0292619$ & $0.0316569$ & $0.0137481$ & $-0.0552387$ & $-0.00260924$ & $-0.00294388$ & $-0.0633193$ & $-0.0110024$ \\
CHL3_11 & $0.00222286$ & $0.0417271$ & $-0.0162209$ & $0.018721$ & $0.0265315$ & $-0.242465$ & $0.0913998$ & $-0.245198$ & $-0.245366$ & $0.41041$ & $-0.215599$ & $-0.31254$ & $-0.387493$ & $0.65376$ & $0.170756$ & $0.188256$ & $1$ & $0.731969$ & $0.725661$ & $0.239249$ & $0.182601$ & $0.174675$ & $-0.0670605$ & $0.683643$ & $0.77145$ & $-0.118703$ & $-0.188102$ & $0.0749288$ & $-0.0247865$ & $-0.112935$ & $-0.0580759$ & $0.0667492$ & $-0.115844$ & $-0.260123$ & $0.0136772$ & $-0.0788975$ & $-0.015791$ & $0.00296072$ & $0.0481912$ & $-0.0173995$ & $-0.0285831$ & $-0.0355908$ & $0.00339546$ & $0.00254882$ & $-0.000966863$ & $0.0449469$ & $0.0467962$ & $0.007834$ & $0.00856842$ \\
CHL3_22 & $0.0186083$ & $0.0349948$ & $0.00277095$ & $0.0164438$ & $0.0326271$ & $-0.0359717$ & $0.0837412$ & $-0.452847$ & $-0.450472$ & $0.472632$ & $0.0841405$ & $-0.278523$ & $-0.405093$ & $0.586496$ & $-0.447896$ & $-0.0120289$ & $0.731969$ & $1$ & $0.674274$ & $-0.0852495$ & $-0.0804491$ & $-0.0762544$ & $0.00658587$ & $0.636502$ & $0.806553$ & $0.0389732$ & $-0.00961285$ & $-0.00208647$ & $-0.0356721$ & $-0.125551$ & $-0.0601246$ & $0.067484$ & $-0.11245$ & $0.0306734$ & $0.0254882$ & $-0.0354576$ & $-0.016612$ & $-0.00681446$ & $0.0416729$ & $-0.0132216$ & $0.00684893$ & $-0.0145595$ & $-0.00476949$ & $-0.0186552$ & $0.0163765$ & $0.0406777$ & $0.0340349$ & $0.0477537$ & $-0.00346345$ \\
CHL3_33 & $0.0155444$ & $0.0130789$ & $0.0346947$ & $0.0120649$ & $0.0299267$ & $-0.042454$ & $0.118482$ & $-0.444414$ & $-0.441097$ & $0.471384$ & $0.0810524$ & $-0.287751$ & $-0.425022$ & $0.576168$ & $-0.0480367$ & $-0.423221$ & $0.725661$ & $0.674274$ & $1$ & $-0.083592$ & $-0.0753277$ & $-0.0756106$ & $0.0282015$ & $0.626274$ & $0.795753$ & $0.0178883$ & $-0.00200946$ & $-0.000308304$ & $-0.0229997$ & $-0.108716$ & $-0.0447949$ & $0.0919801$ & $-0.114113$ & $-0.338228$ & $-0.00717007$ & $-0.0442804$ & $0.00336158$ & $-0.0109417$ & $0.0605618$ & $-0.0297498$ & $-0.0240134$ & $-0.0411774$ & $-0.0130295$ & $-0.0127858$ & $0.0357601$ & $0.041822$ & $0.0593809$ & $0.0596063$ & $0.000445566$ \\
CHe_11 & $0.028929$ & $-0.058988$ & $-0.0471956$ & $0.0695726$ & $0.0262442$ & $-0.175465$ & $-0.0741162$ & $0.848049$ & $0.833971$ & $-0.36263$ & $-0.990625$ & $-0.128531$ & $0.149934$ & $0.534018$ & $0.519136$ & $0.505008$ & $0.239249$ & $-0.0852495$ & $-0.083592$ & $1$ & $0.973104$ & $0.953033$ & $-0.0250878$ & $-0.23872$ & $-0.0287412$ & $-0.543476$ & $0.173329$ & $0.327686$ & $0.0160783$ & $0.0596874$ & $0.00974008$ & $-0.081407$ & $0.0445085$ & $0.253907$ & $-0.059679$ & $-0.0185725$ & $-0.00640088$ & $0.026833$ & $-0.0387369$ & $-0.00586635$ & $0.0273708$ & $0.0141223$ & $0.0616387$ & $0.0491702$ & $-0.0780539$ & $0.0327194$ & $-0.0136197$ & $-0.0417434$ & $-0.0248121$ \\
CHe_22 & $0.0452232$ & $-0.063494$ & $-0.0508765$ & $0.0765153$ & $0.0344125$ & $-0.17996$ & $-0.0871346$ & $0.894992$ & $0.878307$ & $-0.394354$ & $-0.991252$ & $-0.138658$ & $0.164361$ & $0.475208$ & $0.374775$ & $0.361157$ & $0.182601$ & $-0.0804491$ & $-0.0753277$ & $0.973104$ & $1$ & $0.975089$ & $0.0351507$ & $-0.34692$ & $-0.0393448$ & $-0.55885$ & $0.333568$ & $0.34287$ & $0.0122269$ & $0.0692817$ & $0.0131362$ & $-0.0947509$ & $0.0512671$ & $0.41992$ & $-0.0680018$ & $-0.00922162$ & $-0.0114862$ & $0.0183345$ & $-0.0498554$ & $-0.00691503$ & $0.0377377$ & $0.00947221$ & $0.0580958$ & $0.0493213$ & $-0.0742404$ & $0.0319985$ & $-0.0212102$ & $-0.0359497$ & $-0.0231378$ \\
CHe_33 & $0.0434082$ & $-0.0618526$ & $-0.0490672$ & $0.0604185$ & $0.0464522$ & $-0.178732$ & $-0.0814637$ & $0.87793$ & $0.861451$ & $-0.389104$ & $-0.969969$ & $-0.135577$ & $0.160593$ & $0.460085$ & $0.36167$ & $0.381412$ & $0.174675$ & $-0.0762544$ & $-0.0756106$ & $0.953033$ & $0.975089$ & $1$ & $0.0328245$ & $-0.340954$ & $-0.0390087$ & $-0.546908$ & $0.32901$ & $0.34116$ & $0.00822425$ & $0.0676229$ & $0.0038773$ & $-0.0907765$ & $0.0471436$ & $0.420008$ & $-0.0666117$ & $-0.00219403$ & $-0.0174491$ & $0.0186006$ & $-0.0544238$ & $-0.00065869$ & $0.0443595$ & $0.0147825$ & $0.0589319$ & $0.0430574$ & $-0.0668539$ & $0.0235043$ & $-0.0299547$ & $-0.0373995$ & $-0.0249026$ \\
CHQ1_11 & $0.0285985$ & $0.00157729$ & $-0.0372582$ & $0.00544947$ & $-0.0300835$ & $-0.0142603$ & $-0.0221824$ & $0.0626172$ & $0.0586371$ & $-0.0372346$ & $-0.00429917$ & $-0.0193599$ & $-0.00321396$ & $-0.0903011$ & $-0.184297$ & $-0.204315$ & $-0.0670605$ & $0.00658587$ & $0.0282015$ & $-0.0250878$ & $0.0351507$ & $0.0328245$ & $1$ & $-0.150473$ & $0.0822138$ & $-0.678964$ & $0.356441$ & $0.0149853$ & $0.00261605$ & $-0.00191843$ & $-0.0111746$ & $-0.0257238$ & $-0.017714$ & $0.216526$ & $-0.0849265$ & $0.0262738$ & $-0.0202515$ & $-0.0233989$ & $0.00786617$ & $-0.00906338$ & $0.0254344$ & $-0.0425997$ & $-0.0244712$ & $-0.0235981$ & $-0.00157325$ & $-0.00861654$ & $-0.0384919$ & $0.0236624$ & $-0.014138$ \\
CHQ1_33 & $-0.0598607$ & $0.0619343$ & $0.0185683$ & $-0.0142645$ & $0.0099791$ & $0.00292232$ & $0.120084$ & $-0.664464$ & $-0.65513$ & $0.540227$ & $0.291982$ & $-0.19202$ & $-0.405853$ & $0.482807$ & $0.0908034$ & $0.113219$ & $0.683643$ & $0.636502$ & $0.626274$ & $-0.23872$ & $-0.34692$ & $-0.340954$ & $-0.150473$ & $1$ & $0.649475$ & $0.195357$ & $-0.416608$ & $-0.0108896$ & $-0.0225638$ & $-0.147786$ & $-0.055481$ & $0.101701$ & $-0.133343$ & $-0.618073$ & $0.0410165$ & $-0.0651408$ & $-0.0026367$ & $0.00373167$ & $0.072605$ & $-0.0188007$ & $-0.0436578$ & $-0.0173901$ & $-0.0290646$ & $-0.0225872$ & $0.0358022$ & $0.0218534$ & $0.0838185$ & $0.0148933$ & $0.00602859$ \\
CHQ3_11 & $-0.0414876$ & $0.0553771$ & $0.00435686$ & $-0.000615888$ & $0.0205647$ & $-0.0715736$ & $0.0939273$ & $-0.416239$ & $-0.413324$ & $0.465752$ & $0.0339391$ & $-0.279949$ & $-0.409016$ & $0.59328$ & $-0.154414$ & $-0.113585$ & $0.77145$ & $0.806553$ & $0.795753$ & $-0.0287412$ & $-0.0393448$ & $-0.0390087$ & $0.0822138$ & $0.649475$ & $1$ & $0.00998357$ & $0.196936$ & $0.0227821$ & $-0.0357929$ & $-0.120472$ & $-0.0611354$ & $0.0726551$ & $-0.119829$ & $-0.190019$ & $0.0224005$ & $-0.0532825$ & $-0.000883268$ & $-0.00492685$ & $0.0654964$ & $-0.0199829$ & $-0.0257037$ & $-0.0290978$ & $-0.0123369$ & $-0.0210514$ & $0.0136837$ & $0.0341389$ & $0.0443159$ & $0.0508568$ & $-0.00149835$ \\
CHu_11 & $-0.0525046$ & $0.0351548$ & $0.0590272$ & $-0.0557229$ & $0.00151274$ & $0.113391$ & $0.0388166$ & $-0.495511$ & $-0.484375$ & $0.210528$ & $0.554821$ & $0.0878601$ & $-0.0761825$ & $-0.268346$ & $-0.212471$ & $-0.183107$ & $-0.118703$ & $0.0389732$ & $0.0178883$ & $-0.543476$ & $-0.55885$ & $-0.546908$ & $-0.678964$ & $0.195357$ & $0.00998357$ & $1$ & $-0.15796$ & $-0.196137$ & $-0.0274851$ & $-0.0442442$ & $-0.00212299$ & $0.0429561$ & $-0.0128669$ & $-0.230652$ & $0.0879632$ & $-0.0143221$ & $0.0293535$ & $-0.00623388$ & $0.0167932$ & $0.0195113$ & $-0.0436301$ & $0.0398986$ & $-0.00197606$ & $-0.0227042$ & $0.0555917$ & $0.00319887$ & $0.0252397$ & $-0.00457743$ & $0.0318746$ \\
CHd_11 & $0.0543197$ & $-0.0137756$ & $-0.0353613$ & $0.0515752$ & $0.0167753$ & $-0.0590296$ & $-0.0687766$ & $0.396269$ & $0.386127$ & $-0.213565$ & $-0.250998$ & $-0.0213431$ & $0.112664$ & $-0.117617$ & $-0.412865$ & $-0.402731$ & $-0.188102$ & $-0.00961285$ & $-0.00200946$ & $0.173329$ & $0.333568$ & $0.32901$ & $0.356441$ & $-0.416608$ & $0.196936$ & $-0.15796$ & $1$ & $0.142684$ & $-0.014478$ & $0.0459048$ & $0.00784077$ & $-0.0663118$ & $0.0421961$ & $0.688551$ & $-0.0402239$ & $0.0360398$ & $-0.0123844$ & $-0.0219962$ & $-0.0512988$ & $0.00534873$ & $0.0314776$ & $0.00773539$ & $-0.00339164$ & $0.0048965$ & $-0.00910299$ & $-0.00343629$ & $-0.0490857$ & $0.020188$ & $-0.0100731$ \\
CHd_33 & $0.0532752$ & $-0.0533958$ & $0.0125604$ & $0.03952$ & $0.00957044$ & $-0.0526349$ & $-0.0307489$ & $0.302195$ & $0.293615$ & $-0.145361$ & $-0.338897$ & $-0.072569$ & $0.0419976$ & $0.174499$ & $0.102791$ & $0.100736$ & $0.0749288$ & $-0.00208647$ & $-0.000308304$ & $0.327686$ & $0.34287$ & $0.34116$ & $0.0149853$ & $-0.0108896$ & $0.0227821$ & $-0.196137$ & $0.142684$ & $1$ & $-0.0220408$ & $0.00924396$ & $0.00447522$ & $-0.0346705$ & $-0.001261$ & $0.163632$ & $-0.0422483$ & $-0.01035$ & $-0.0107129$ & $-0.0134003$ & $-0.026611$ & $-0.00491929$ & $-0.00336028$ & $-0.042053$ & $0.00122437$ & $0.00214381$ & $-0.0357784$ & $0.0140873$ & $0.0171358$ & $0.00567073$ & $-0.0547913$ \\
CeH_22r & $0.0127192$ & $-0.0526152$ & $0.00144576$ & $0.02454$ & $-0.0173412$ & $-0.00918414$ & $0.0272123$ & $0.0238087$ & $0.0280362$ & $0.000334187$ & $-0.0132627$ & $0.0742589$ & $0.0611132$ & $-0.0158263$ & $0.0255947$ & $0.00877097$ & $-0.0247865$ & $-0.0356721$ & $-0.0229997$ & $0.0160783$ & $0.0122269$ & $0.00822425$ & $0.00261605$ & $-0.0225638$ & $-0.0357929$ & $-0.0274851$ & $-0.014478$ & $-0.0220408$ & $1$ & $0.0393196$ & $0.00746192$ & $0.0132627$ & $0.0401388$ & $-0.00651271$ & $-0.025595$ & $-0.0220272$ & $-0.0408167$ & $0.0108107$ & $0.00646727$ & $0.0137597$ & $-0.00226191$ & $0.0041986$ & $0.0330062$ & $0.059194$ & $-0.00970817$ & $-0.0139491$ & $-0.00650322$ & $-0.0395514$ & $0.000166167$ \\
CeH_33r & $0.00782847$ & $-0.0234551$ & $-0.0345065$ & $0.0355277$ & $-0.000920231$ & $0.0086878$ & $-0.172201$ & $0.121862$ & $0.134218$ & $-0.119274$ & $-0.0639242$ & $0.31977$ & $0.264509$ & $-0.0749073$ & $0.0240706$ & $0.00143627$ & $-0.112935$ & $-0.125551$ & $-0.108716$ & $0.0596874$ & $0.0692817$ & $0.0676229$ & $-0.00191843$ & $-0.147786$ & $-0.120472$ & $-0.0442442$ & $0.0459048$ & $0.00924396$ & $0.0393196$ & $1$ & $0.331818$ & $-0.0110347$ & $0.697759$ & $0.0757697$ & $-0.0244108$ & $0.0102432$ & $-0.144001$ & $0.0137976$ & $-0.00229303$ & $0.00805712$ & $0.0307256$ & $0.0100738$ & $-0.0414918$ & $0.00862674$ & $0.0149358$ & $-0.00727399$ & $-0.0373246$ & $0.0167189$ & $0.0378861$ \\
CuH_22r & $-0.0423292$ & $-0.00564022$ & $0.0419318$ & $0.131472$ & $0.0197374$ & $0.0279911$ & $-0.130084$ & $0.0381581$ & $0.04332$ & $-0.0647897$ & $-0.00837069$ & $0.102674$ & $0.107833$ & $-0.0499736$ & $0.00471138$ & $-0.0139462$ & $-0.0580759$ & $-0.0601246$ & $-0.0447949$ & $0.00974008$ & $0.0131362$ & $0.0038773$ & $-0.0111746$ & $-0.055481$ & $-0.0611354$ & $-0.00212299$ & $0.00784077$ & $0.00447522$ & $0.00746192$ & $0.331818$ & $1$ & $-0.0396997$ & $0.382751$ & $0.0227266$ & $0.0445455$ & $-0.0348504$ & $-0.0358893$ & $-0.0311225$ & $0.113042$ & $0.00414197$ & $-0.0496282$ & $-0.0147252$ & $-0.0417312$ & $0.0230089$ & $0.0542583$ & $0.053421$ & $0.249504$ & $0.00788123$ & $0.0365053$ \\
CuH_33r & $-0.028002$ & $-0.0379961$ & $0.0165032$ & $-0.0354822$ & $0.0096085$ & $-0.00817022$ & $0.936734$ & $-0.119352$ & $-0.0794953$ & $0.0830914$ & $0.0875973$ & $-0.0856877$ & $-0.193574$ & $0.0191984$ & $-0.0106485$ & $-0.0433654$ & $0.0667492$ & $0.067484$ & $0.0919801$ & $-0.081407$ & $-0.0947509$ & $-0.0907765$ & $-0.0257238$ & $0.101701$ & $0.0726551$ & $0.0429561$ & $-0.0663118$ & $-0.0346705$ & $0.0132627$ & $-0.0110347$ & $-0.0396997$ & $1$ & $-0.00371429$ & $-0.0880224$ & $0.0294679$ & $-0.0636864$ & $0.0197717$ & $-0.000576655$ & $0.0356676$ & $0.0262529$ & $0.0254271$ & $0.0600977$ & $-0.0478169$ & $-0.03349$ & $-0.0606588$ & $-0.017698$ & $-0.00857364$ & $0.0324675$ & $-0.0237849$ \\
CdH_33r & $-0.0343558$ & $0.0122722$ & $0.0171154$ & $0.00297947$ & $-0.00369466$ & $0.0252949$ & $-0.201748$ & $0.104093$ & $0.118808$ & $-0.11613$ & $-0.0449334$ & $0.417481$ & $0.34915$ & $-0.0880306$ & $0.0021554$ & $0.00280288$ & $-0.115844$ & $-0.11245$ & $-0.114113$ & $0.0445085$ & $0.0512671$ & $0.0471436$ & $-0.017714$ & $-0.133343$ & $-0.119829$ & $-0.0128669$ & $0.0421961$ & $-0.001261$ & $0.0401388$ & $0.697759$ & $0.382751$ & $-0.00371429$ & $1$ & $0.0813461$ & $-0.0517016$ & $0.0304684$ & $-0.17105$ & $-0.0028503$ & $-0.0188366$ & $0.0202259$ & $0.0614502$ & $0.0164553$ & $-0.00765706$ & $-0.0207188$ & $0.0568314$ & $0.0106836$ & $-0.0088686$ & $0.112221$ & $0.348028$ \\
CLL_1221 & $0.0533978$ & $-0.00755078$ & $-0.0572472$ & $0.0511971$ & $0.0241426$ & $-0.108157$ & $-0.100973$ & $0.535978$ & $0.522514$ & $-0.330986$ & $-0.332903$ & $0.0203376$ & $0.211911$ & $-0.230259$ & $-0.590244$ & $-0.115337$ & $-0.260123$ & $0.0306734$ & $-0.338228$ & $0.253907$ & $0.41992$ & $0.420008$ & $0.216526$ & $-0.618073$ & $-0.190019$ & $-0.230652$ & $0.688551$ & $0.163632$ & $-0.00651271$ & $0.0757697$ & $0.0227266$ & $-0.0880224$ & $0.0813461$ & $1$ & $-0.0202467$ & $0.0379808$ & $-0.0383082$ & $-0.0241088$ & $-0.0731596$ & $0.0187119$ & $0.064522$ & $0.0212418$ & $0.0090938$ & $0.021451$ & $-0.0340476$ & $-0.010853$ & $-0.0634346$ & $-0.00362581$ & $-0.00400168$ \\
eHggint & $-0.116316$ & $0.159073$ & $0.0682837$ & $0.273976$ & $0.00199579$ & $-0.0227855$ & $-0.0229117$ & $-0.0706026$ & $-0.0938262$ & $0.0445861$ & $0.0678652$ & $0.0587457$ & $-0.00466498$ & $-0.0329442$ & $-0.0275603$ & $0.012512$ & $0.0136772$ & $0.0254882$ & $-0.00717007$ & $-0.059679$ & $-0.0680018$ & $-0.0666117$ & $-0.0849265$ & $0.0410165$ & $0.0224005$ & $0.0879632$ & $-0.0402239$ & $-0.0422483$ & $-0.025595$ & $-0.0244108$ & $0.0445455$ & $0.0294679$ & $-0.0517016$ & $-0.0202467$ & $1$ & $-0.0494163$ & $0.0228664$ & $0.0493938$ & $0.0275081$ & $0.010644$ & $-0.190625$ & $0.0622317$ & $-0.156246$ & $-0.0425582$ & $-0.110509$ & $-0.153188$ & $0.132305$ & $0.0185144$ & $-0.128205$ \\
eHggpar & $0.208053$ & $-0.111221$ & $0.192877$ & $-0.0722238$ & $-0.0565069$ & $0.0511431$ & $-0.0973478$ & $0.0237625$ & $0.0235566$ & $0.0161074$ & $0.0111879$ & $0.0781566$ & $0.072383$ & $-0.0303908$ & $-0.0376526$ & $-0.0304118$ & $-0.0788975$ & $-0.0354576$ & $-0.0442804$ & $-0.0185725$ & $-0.00922162$ & $-0.00219403$ & $0.0262738$ & $-0.0651408$ & $-0.0532825$ & $-0.0143221$ & $0.0360398$ & $-0.01035$ & $-0.0220272$ & $0.0102432$ & $-0.0348504$ & $-0.0636864$ & $0.0304684$ & $0.0379808$ & $-0.0494163$ & $1$ & $-0.0554788$ & $-0.0204222$ & $-0.0593105$ & $0.0723181$ & $0.110237$ & $-0.0337968$ & $0.169758$ & $-0.287853$ & $0.173617$ & $-0.0806151$ & $-0.222338$ & $0.246875$ & $-0.0573176$ \\
eHWWint & $0.00659956$ & $-0.146807$ & $0.188668$ & $-0.0280099$ & $-0.00145166$ & $-0.0345319$ & $0.0420596$ & $-0.00538363$ & $0.00585568$ & $-0.00516877$ & $0.00863055$ & $0.00498254$ & $0.0198808$ & $0.00556552$ & $0.0195639$ & $-0.00929268$ & $-0.015791$ & $-0.016612$ & $0.00336158$ & $-0.00640088$ & $-0.0114862$ & $-0.0174491$ & $-0.0202515$ & $-0.0026367$ & $-0.000883268$ & $0.0293535$ & $-0.0123844$ & $-0.0107129$ & $-0.0408167$ & $-0.144001$ & $-0.0358893$ & $0.0197717$ & $-0.17105$ & $-0.0383082$ & $0.0228664$ & $-0.0554788$ & $1$ & $-0.0188186$ & $0.0792406$ & $-0.0487773$ & $-0.221786$ & $0.0255971$ & $0.275153$ & $-0.0804362$ & $0.0212698$ & $0.16829$ & $0.186592$ & $-0.176048$ & $-0.095524$ \\
eHWWpar & $0.0603437$ & $0.0154172$ & $-0.014661$ & $0.107834$ & $-0.00881963$ & $-0.000374096$ & $-0.00785732$ & $0.013608$ & $0.0115063$ & $0.0182452$ & $-0.0233596$ & $0.0506808$ & $0.0353142$ & $0.023522$ & $0.0358605$ & $0.0366531$ & $0.00296072$ & $-0.00681446$ & $-0.0109417$ & $0.026833$ & $0.0183345$ & $0.0186006$ & $-0.0233989$ & $0.00373167$ & $-0.00492685$ & $-0.00623388$ & $-0.0219962$ & $-0.0134003$ & $0.0108107$ & $0.0137976$ & $-0.0311225$ & $-0.000576655$ & $-0.0028503$ & $-0.0241088$ & $0.0493938$ & $-0.0204222$ & $-0.0188186$ & $1$ & $-0.0802191$ & $-0.0170931$ & $0.0210092$ & $-0.00423576$ & $-0.0896041$ & $0.0213841$ & $-0.0631586$ & $0.012446$ & $-0.0603363$ & $-0.0744283$ & $0.00304382$ \\
eHZZint & $-0.251888$ & $0.0497018$ & $-0.00846394$ & $-0.0917464$ & $-0.00453494$ & $-0.0306342$ & $0.0374601$ & $-0.0736498$ & $-0.0757437$ & $0.0658303$ & $0.0466444$ & $0.00426371$ & $-0.0308123$ & $0.0286229$ & $0.014474$ & $-0.00334638$ & $0.0481912$ & $0.0416729$ & $0.0605618$ & $-0.0387369$ & $-0.0498554$ & $-0.0544238$ & $0.00786617$ & $0.072605$ & $0.0654964$ & $0.0167932$ & $-0.0512988$ & $-0.026611$ & $0.00646727$ & $-0.00229303$ & $0.113042$ & $0.0356676$ & $-0.0188366$ & $-0.0731596$ & $0.0275081$ & $-0.0593105$ & $0.0792406$ & $-0.0802191$ & $1$ & $-0.0928902$ & $-0.327997$ & $-0.0296256$ & $-0.185511$ & $-0.196863$ & $0.146244$ & $0.165458$ & $0.385209$ & $0.0466793$ & $-0.0261808$ \\
eHZZpar & $-0.0190632$ & $-0.0150305$ & $0.0271127$ & $-0.00748588$ & $-0.0291804$ & $0.0496437$ & $0.0169361$ & $0.00752659$ & $0.0106181$ & $0.00577432$ & $0.00407531$ & $0.0280091$ & $-0.000434468$ & $-0.0244445$ & $-0.0102871$ & $0.0132299$ & $-0.0173995$ & $-0.0132216$ & $-0.0297498$ & $-0.00586635$ & $-0.00691503$ & $-0.00065869$ & $-0.00906338$ & $-0.0188007$ & $-0.0199829$ & $0.0195113$ & $0.00534873$ & $-0.00491929$ & $0.0137597$ & $0.00805712$ & $0.00414197$ & $0.0262529$ & $0.0202259$ & $0.0187119$ & $0.010644$ & $0.0723181$ & $-0.0487773$ & $-0.0170931$ & $-0.0928902$ & $1$ & $0.0925971$ & $0.0312451$ & $0.0288979$ & $-0.0359857$ & $0.0718662$ & $0.00442162$ & $-0.0279882$ & $0.03774$ & $-0.0160273$ \\
eHZgaint & $0.0559187$ & $-0.00918896$ & $-0.165165$ & $-0.0988849$ & $0.00153978$ & $0.0345138$ & $0.0140742$ & $0.0439667$ & $0.0304743$ & $-0.04299$ & $-0.0334168$ & $0.00244505$ & $0.044568$ & $0.00867668$ & $-0.0385802$ & $0.0114487$ & $-0.0285831$ & $0.00684893$ & $-0.0240134$ & $0.0273708$ & $0.0377377$ & $0.0443595$ & $0.0254344$ & $-0.0436578$ & $-0.0257037$ & $-0.0436301$ & $0.0314776$ & $-0.00336028$ & $-0.00226191$ & $0.0307256$ & $-0.0496282$ & $0.0254271$ & $0.0614502$ & $0.064522$ & $-0.190625$ & $0.110237$ & $-0.221786$ & $0.0210092$ & $-0.327997$ & $0.0925971$ & $1$ & $-0.00112763$ & $-0.26257$ & $-0.0898847$ & $-0.197072$ & $0.00994457$ & $-0.292074$ & $0.3003$ & $-0.0802907$ \\
eHZgapar & $-0.0535798$ & $-0.00856258$ & $-0.00876322$ & $0.0556392$ & $-0.0269634$ & $-0.0230942$ & $0.0512016$ & $0.0238367$ & $0.0314034$ & $-0.0217777$ & $-0.0118234$ & $0.0272913$ & $0.0215096$ & $-0.00897342$ & $-0.00661484$ & $0.0292619$ & $-0.0355908$ & $-0.0145595$ & $-0.0411774$ & $0.0141223$ & $0.00947221$ & $0.0147825$ & $-0.0425997$ & $-0.0173901$ & $-0.0290978$ & $0.0398986$ & $0.00773539$ & $-0.042053$ & $0.0041986$ & $0.0100738$ & $-0.0147252$ & $0.0600977$ & $0.0164553$ & $0.0212418$ & $0.0622317$ & $-0.0337968$ & $0.0255971$ & $-0.00423576$ & $-0.0296256$ & $0.0312451$ & $-0.00112763$ & $1$ & $-0.0572215$ & $-0.0342817$ & $-0.0416246$ & $0.0491411$ & $-0.048219$ & $-0.0254975$ & $-0.00952198$ \\
eHgagaint & $-0.0187609$ & $-0.257644$ & $0.220718$ & $-0.153688$ & $-0.00275293$ & $-0.0369087$ & $-0.0201296$ & $0.059272$ & $0.102784$ & $0.0026524$ & $-0.0630202$ & $-0.00592888$ & $0.00238805$ & $0.042246$ & $0.027947$ & $0.0316569$ & $0.00339546$ & $-0.00476949$ & $-0.0130295$ & $0.0616387$ & $0.0580958$ & $0.0589319$ & $-0.0244712$ & $-0.0290646$ & $-0.0123369$ & $-0.00197606$ & $-0.00339164$ & $0.00122437$ & $0.0330062$ & $-0.0414918$ & $-0.0417312$ & $-0.0478169$ & $-0.00765706$ & $0.0090938$ & $-0.156246$ & $0.169758$ & $0.275153$ & $-0.0896041$ & $-0.185511$ & $0.0288979$ & $-0.26257$ & $-0.0572215$ & $1$ & $0.232304$ & $0.0988442$ & $0.0802439$ & $-0.0627941$ & $-0.0487794$ & $0.152582$ \\
eHmumuint & $-0.0211657$ & $0.00135593$ & $-0.166427$ & $0.19957$ & $0.0163325$ & $-0.00252866$ & $-0.0260246$ & $0.0488713$ & $0.0575116$ & $-0.0337399$ & $-0.0493157$ & $-0.0197165$ & $0.00861193$ & $0.00761943$ & $0.0241891$ & $0.0137481$ & $0.00254882$ & $-0.0186552$ & $-0.0127858$ & $0.0491702$ & $0.0493213$ & $0.0430574$ & $-0.0235981$ & $-0.0225872$ & $-0.0210514$ & $-0.0227042$ & $0.0048965$ & $0.00214381$ & $0.059194$ & $0.00862674$ & $0.0230089$ & $-0.03349$ & $-0.0207188$ & $0.021451$ & $-0.0425582$ & $-0.287853$ & $-0.0804362$ & $0.0213841$ & $-0.196863$ & $-0.0359857$ & $-0.0898847$ & $-0.0342817$ & $0.232304$ & $1$ & $0.0287789$ & $-0.197046$ & $0.0751302$ & $-0.185098$ & $-0.0181745$ \\
eHtautauint & $0.100346$ & $2.10891e-05$ & $0.398853$ & $-0.0855255$ & $-0.0363939$ & $0.0473373$ & $-0.0595333$ & $-0.0738494$ & $-0.0692878$ & $0.0649378$ & $0.0770021$ & $0.0536537$ & $0.00126113$ & $-0.0233706$ & $-0.0298051$ & $-0.0552387$ & $-0.000966863$ & $0.0163765$ & $0.0357601$ & $-0.0780539$ & $-0.0742404$ & $-0.0668539$ & $-0.00157325$ & $0.0358022$ & $0.0136837$ & $0.0555917$ & $-0.00910299$ & $-0.0357784$ & $-0.00970817$ & $0.0149358$ & $0.0542583$ & $-0.0606588$ & $0.0568314$ & $-0.0340476$ & $-0.110509$ & $0.173617$ & $0.0212698$ & $-0.0631586$ & $0.146244$ & $0.0718662$ & $-0.197072$ & $-0.0416246$ & $0.0988442$ & $0.0287789$ & $1$ & $0.0488129$ & $0.192142$ & $0.0835968$ & $0.104315$ \\
eHccint & $-0.0308537$ & $-0.354307$ & $0.00637971$ & $-0.0587753$ & $0.00265641$ & $-0.0365423$ & $-0.0030595$ & $0.0159833$ & $0.0261514$ & $0.0655364$ & $-0.0377193$ & $0.0201392$ & $-0.0140029$ & $0.0533858$ & $0.00689481$ & $-0.00260924$ & $0.0449469$ & $0.0406777$ & $0.041822$ & $0.0327194$ & $0.0319985$ & $0.0235043$ & $-0.00861654$ & $0.0218534$ & $0.0341389$ & $0.00319887$ & $-0.00343629$ & $0.0140873$ & $-0.0139491$ & $-0.00727399$ & $0.053421$ & $-0.017698$ & $0.0106836$ & $-0.010853$ & $-0.153188$ & $-0.0806151$ & $0.16829$ & $0.012446$ & $0.165458$ & $0.00442162$ & $0.00994457$ & $0.0491411$ & $0.0802439$ & $-0.197046$ & $0.0488129$ & $1$ & $0.0250999$ & $0.0866149$ & $0.0433432$ \\
eHccpar & $-0.126431$ & $0.197518$ & $0.165$ & $0.380741$ & $0.0173914$ & $0.0393684$ & $-0.00278335$ & $-0.0522054$ & $-0.0553168$ & $0.0163328$ & $0.0226416$ & $-0.0378926$ & $-0.053331$ & $0.0472356$ & $0.0264527$ & $-0.00294388$ & $0.0467962$ & $0.0340349$ & $0.0593809$ & $-0.0136197$ & $-0.0212102$ & $-0.0299547$ & $-0.0384919$ & $0.0838185$ & $0.0443159$ & $0.0252397$ & $-0.0490857$ & $0.0171358$ & $-0.00650322$ & $-0.0373246$ & $0.249504$ & $-0.00857364$ & $-0.0088686$ & $-0.0634346$ & $0.132305$ & $-0.222338$ & $0.186592$ & $-0.0603363$ & $0.385209$ & $-0.0279882$ & $-0.292074$ & $-0.048219$ & $-0.0627941$ & $0.0751302$ & $0.192142$ & $0.0250999$ & $1$ & $-0.189135$ & $0.124832$ \\
eHbbint & $0.0329281$ & $-0.0646553$ & $0.346396$ & $-0.109186$ & $-0.0095931$ & $0.027588$ & $0.00504887$ & $-0.0457653$ & $-0.0503897$ & $0.0745449$ & $0.0405764$ & $0.0596887$ & $0.0161081$ & $0.0121972$ & $-0.0529786$ & $-0.0633193$ & $0.007834$ & $0.0477537$ & $0.0596063$ & $-0.0417434$ & $-0.0359497$ & $-0.0373995$ & $0.0236624$ & $0.0148933$ & $0.0508568$ & $-0.00457743$ & $0.020188$ & $0.00567073$ & $-0.0395514$ & $0.0167189$ & $0.00788123$ & $0.0324675$ & $0.112221$ & $-0.00362581$ & $0.0185144$ & $0.246875$ & $-0.176048$ & $-0.0744283$ & $0.0466793$ & $0.03774$ & $0.3003$ & $-0.0254975$ & $-0.0487794$ & $-0.185098$ & $0.0835968$ & $0.0866149$ & $-0.189135$ & $1$ & $-0.128104$ \\
eHbbpar & $-0.0798555$ & $0.116357$ & $-0.000214592$ & $-0.0615917$ & $-0.0125973$ & $0.0199683$ & $-0.0230577$ & $-0.0243973$ & $-0.020331$ & $-0.0111502$ & $0.025803$ & $8.3122e-05$ & $0.00942933$ & $-0.0289205$ & $-0.00375519$ & $-0.0110024$ & $0.00856842$ & $-0.00346345$ & $0.000445566$ & $-0.0248121$ & $-0.0231378$ & $-0.0249026$ & $-0.014138$ & $0.00602859$ & $-0.00149835$ & $0.0318746$ & $-0.0100731$ & $-0.0547913$ & $0.000166167$ & $0.0378861$ & $0.0365053$ & $-0.0237849$ & $0.348028$ & $-0.00400168$ & $-0.128205$ & $-0.0573176$ & $-0.095524$ & $0.00304382$ & $-0.0261808$ & $-0.0160273$ & $-0.0802907$ & $-0.00952198$ & $0.152582$ & $-0.0181745$ & $0.104315$ & $0.0433432$ & $0.124832$ & $-0.128104$ & $1$ \\
