 & AlsMz & dAle5Mz & mtop & mHl & Mz & CW & CHG & CHWB & CHWHB_gaga & CHWHB_gagaorth & CHD & CHbox & CH & CHL1_11 & CHL1_22 & CHL1_33 & CHL3_11 & CHL3_22 & CHL3_33 & CHe_11 & CHe_22 & CHe_33 & CHQ1_11 & CHQ1_33 & CHQ3_11 & CHu_11 & CHd_11 & CHd_33 & CeH_22r & CeH_33r & CuH_22r & CuH_33r & CdH_33r & CLL_1221 & eHggpar & eHWWpar & eHZZpar & eHZgapar & eHccpar & eHbbpar \\
AlsMz & $1$ & $-0.0259917$ & $-0.0235524$ & $0.00583407$ & $-0.0112374$ & $0.00852167$ & $-0.00109156$ & $0.00698527$ & $0.00637234$ & $0.00613904$ & $-0.0206765$ & $0.0219388$ & $-0.0101778$ & $0.00700147$ & $0.000294631$ & $0.00773447$ & $0.00276095$ & $2.54943e-05$ & $-0.00507987$ & $0.015261$ & $-0.00281201$ & $0.0276037$ & $0.0204119$ & $-0.0168801$ & $-0.047294$ & $-0.0179258$ & $0.00941292$ & $0.0439936$ & $-0.0113734$ & $0.00538094$ & $0.00860534$ & $5.29293e-05$ & $-0.00379714$ & $-0.00628188$ & $-0.00134735$ & $0.00461261$ & $-0.00472317$ & $-0.0166023$ & $-0.0401906$ & $0.0279626$ \\
dAle5Mz & $-0.0259917$ & $1$ & $-0.0375089$ & $0.0240372$ & $0.00485227$ & $0.051981$ & $0.0704925$ & $-0.285644$ & $-0.283513$ & $0.129993$ & $0.28819$ & $-0.0489133$ & $-0.0736663$ & $-0.0267546$ & $-0.0125955$ & $-0.00824693$ & $0.107832$ & $0.0761247$ & $0.0632662$ & $-0.239158$ & $-0.163078$ & $-0.162947$ & $-0.033517$ & $0.08519$ & $0.0710101$ & $0.0541346$ & $-0.0974257$ & $-0.0396887$ & $0.00481612$ & $-0.0547288$ & $-0.0463299$ & $0.0728309$ & $-0.0503315$ & $-0.0280315$ & $0.000657638$ & $0.00436381$ & $-0.0234803$ & $0.0267612$ & $-0.0451016$ & $0.021257$ \\
mtop & $-0.0235524$ & $-0.0375089$ & $1$ & $-0.00572418$ & $0.0145538$ & $-0.0147805$ & $-0.0204313$ & $0.0131249$ & $0.0118538$ & $-0.0115872$ & $0.103529$ & $0.000996383$ & $0.0240344$ & $0.0049853$ & $-0.0122415$ & $0.00816355$ & $0.00464437$ & $0.00942184$ & $-0.00296181$ & $0.0161581$ & $0.00344492$ & $-0.00141634$ & $0.0192688$ & $0.0362511$ & $-0.00500552$ & $-0.0158355$ & $0.00377127$ & $-0.00291757$ & $0.00784243$ & $0.00434648$ & $-0.00623069$ & $-0.0230329$ & $0.011714$ & $0.0233188$ & $0.00822913$ & $-0.0036684$ & $0.026036$ & $0.0535302$ & $-0.00902616$ & $0.0114757$ \\
mHl & $0.00583407$ & $0.0240372$ & $-0.00572418$ & $1$ & $-0.015764$ & $-0.0210818$ & $0.0330795$ & $-0.0149067$ & $-0.0109619$ & $0.0122277$ & $0.00663781$ & $0.0466935$ & $-0.0326719$ & $0.00173892$ & $-0.0109103$ & $0.0148239$ & $0.012855$ & $0.0293608$ & $0.0163887$ & $-0.00593889$ & $-0.0146847$ & $-0.0167247$ & $-0.000498502$ & $0.0207988$ & $0.0105674$ & $-0.0120261$ & $-0.0108044$ & $-0.026515$ & $-0.0168976$ & $-0.02139$ & $-0.00938522$ & $0.030763$ & $-0.00972867$ & $0.00903608$ & $0.0315969$ & $0.00890128$ & $0.0196032$ & $0.0160487$ & $-0.0293932$ & $0.0530169$ \\
Mz & $-0.0112374$ & $0.00485227$ & $0.0145538$ & $-0.015764$ & $1$ & $-0.0222483$ & $0.00747478$ & $0.0108406$ & $0.0112126$ & $-0.0119568$ & $0.0408548$ & $-0.0227191$ & $-0.00570933$ & $-0.0206388$ & $-0.0157639$ & $0.000476001$ & $-0.0124416$ & $-0.0103134$ & $-0.0148658$ & $0.0121121$ & $0.00585886$ & $-0.000615488$ & $0.0126537$ & $-0.0252131$ & $-0.0182469$ & $0.00551006$ & $0.0037932$ & $0.00959778$ & $-0.0144967$ & $0.000977837$ & $-0.0108812$ & $0.00591018$ & $0.00128829$ & $0.01307$ & $-0.0209636$ & $-0.00501476$ & $-0.00251871$ & $0.0289199$ & $-0.0256608$ & $-0.00198047$ \\
CW & $0.00852167$ & $0.051981$ & $-0.0147805$ & $-0.0210818$ & $-0.0222483$ & $1$ & $-0.00786931$ & $-0.0701312$ & $-0.0692243$ & $0.0205284$ & $0.0712895$ & $0.0254589$ & $0.00466958$ & $0.229833$ & $0.0382255$ & $0.0364661$ & $-0.145589$ & $-0.0122494$ & $-0.00756965$ & $-0.0796149$ & $-0.0786925$ & $-0.0620232$ & $-0.0178012$ & $0.0571942$ & $-0.0336243$ & $0.0166053$ & $-0.0993514$ & $-0.0145529$ & $0.023585$ & $0.00994692$ & $0.00540578$ & $-0.00685927$ & $0.000694595$ & $-0.155281$ & $-0.0167464$ & $-0.00226248$ & $-0.0197135$ & $0.014443$ & $0.017096$ & $-0.0191996$ \\
CHG & $-0.00109156$ & $0.0704925$ & $-0.0204313$ & $0.0330795$ & $0.00747478$ & $-0.00786931$ & $1$ & $0.0370636$ & $0.0620532$ & $0.0829565$ & $-0.0365187$ & $-0.531758$ & $-0.889075$ & $-0.0725613$ & $-0.00416258$ & $-0.0125761$ & $-0.07548$ & $-0.0336128$ & $-0.0523603$ & $0.124465$ & $0.0515908$ & $0.0235736$ & $-0.00789953$ & $-0.0472516$ & $-0.054497$ & $-0.0250848$ & $0.0103394$ & $0.0196317$ & $-0.224061$ & $-0.705231$ & $-0.420993$ & $0.971505$ & $-0.701303$ & $0.00403718$ & $-0.110546$ & $0.00526498$ & $0.0431963$ & $0.018938$ & $-0.00127159$ & $0.0332487$ \\
CHWB & $0.00698527$ & $-0.285644$ & $0.0131249$ & $-0.0149067$ & $0.0108406$ & $-0.0701312$ & $0.0370636$ & $1$ & $0.994845$ & $-0.564244$ & $-0.885743$ & $-0.075973$ & $-0.0489247$ & $-0.319287$ & $-0.0407501$ & $-0.031567$ & $-0.654613$ & $-0.56665$ & $-0.555624$ & $0.876612$ & $0.678165$ & $0.661171$ & $0.0486973$ & $-0.681195$ & $-0.61393$ & $-0.176386$ & $0.458526$ & $0.145462$ & $-0.0170186$ & $-0.0486069$ & $-0.0479721$ & $0.0289572$ & $-0.0819324$ & $0.649728$ & $0.0220492$ & $-0.00545814$ & $0.0093638$ & $0.00451522$ & $-0.0183922$ & $-0.0353914$ \\
CHWHB_gaga & $0.00637234$ & $-0.283513$ & $0.0118538$ & $-0.0109619$ & $0.0112126$ & $-0.0692243$ & $0.0620532$ & $0.994845$ & $1$ & $-0.561366$ & $-0.881042$ & $-0.0775978$ & $-0.0617528$ & $-0.322086$ & $-0.0392448$ & $-0.0301917$ & $-0.655384$ & $-0.567686$ & $-0.554636$ & $0.876641$ & $0.674998$ & $0.656248$ & $0.0479825$ & $-0.678305$ & $-0.612772$ & $-0.175326$ & $0.456325$ & $0.145264$ & $-0.0171596$ & $-0.046704$ & $-0.0452874$ & $0.0534197$ & $-0.0780214$ & $0.641841$ & $0.0161118$ & $-0.00708374$ & $0.00842149$ & $0.00425783$ & $-0.0203251$ & $-0.0325685$ \\
CHWHB_gagaorth & $0.00613904$ & $0.129993$ & $-0.0115872$ & $0.0122277$ & $-0.0119568$ & $0.0205284$ & $0.0829565$ & $-0.564244$ & $-0.561366$ & $1$ & $0.244753$ & $0.0327005$ & $-0.0959006$ & $0.669046$ & $0.148617$ & $0.140793$ & $0.755124$ & $0.573952$ & $0.571501$ & $-0.311207$ & $-0.233384$ & $-0.243384$ & $-0.0866482$ & $0.595311$ & $0.634253$ & $0.0663223$ & $-0.364819$ & $-0.0529226$ & $-0.0404751$ & $-0.095607$ & $-0.0649734$ & $0.0934565$ & $-0.0724228$ & $-0.439525$ & $-0.0296532$ & $-0.0017964$ & $-0.00349104$ & $-0.0102743$ & $-0.0077269$ & $0.0374071$ \\
CHD & $-0.0206765$ & $0.28819$ & $0.103529$ & $0.00663781$ & $0.0408548$ & $0.0712895$ & $-0.0365187$ & $-0.885743$ & $-0.881042$ & $0.244753$ & $1$ & $0.062114$ & $0.0494452$ & $-0.045953$ & $-0.0528458$ & $-0.0559839$ & $0.318485$ & $0.333349$ & $0.317843$ & $-0.893039$ & $-0.704877$ & $-0.681967$ & $-0.0116336$ & $0.459955$ & $0.350803$ & $0.180787$ & $-0.338614$ & $-0.156236$ & $0.0253864$ & $0.0545432$ & $0.0518471$ & $-0.0287637$ & $0.0775721$ & $-0.498286$ & $-0.0162702$ & $0.00415369$ & $0.000275269$ & $0.00965282$ & $0.0164698$ & $0.0345951$ \\
CHbox & $0.0219388$ & $-0.0489133$ & $0.000996383$ & $0.0466935$ & $-0.0227191$ & $0.0254589$ & $-0.531758$ & $-0.075973$ & $-0.0775978$ & $0.0327005$ & $0.062114$ & $1$ & $0.608425$ & $0.0226882$ & $0.0117204$ & $0.0450875$ & $0.0488426$ & $0.0367121$ & $0.0301712$ & $-0.0589706$ & $-0.0533228$ & $-0.0398049$ & $0.00351764$ & $0.053286$ & $0.0365733$ & $0.0245539$ & $-0.0420007$ & $0.00551287$ & $0.177835$ & $0.515979$ & $0.290455$ & $-0.481866$ & $0.528826$ & $-0.0778082$ & $0.0730593$ & $-0.0173934$ & $-0.0502412$ & $0.0231513$ & $-0.0454379$ & $0.0389585$ \\
CH & $-0.0101778$ & $-0.0736663$ & $0.0240344$ & $-0.0326719$ & $-0.00570933$ & $0.00466958$ & $-0.889075$ & $-0.0489247$ & $-0.0617528$ & $-0.0959006$ & $0.0494452$ & $0.608425$ & $1$ & $0.0744854$ & $-0.00872014$ & $0.00300731$ & $0.0842514$ & $0.0463466$ & $0.0622784$ & $-0.141244$ & $-0.0612109$ & $-0.0329939$ & $0.00799587$ & $0.0572639$ & $0.0622354$ & $0.0387434$ & $-0.00629256$ & $-0.00285934$ & $0.261424$ & $0.771007$ & $0.455038$ & $-0.846327$ & $0.766895$ & $-0.00382424$ & $0.108443$ & $-0.00585769$ & $-0.0475209$ & $-0.0140231$ & $0.00679239$ & $-0.00629294$ \\
CHL1_11 & $0.00700147$ & $-0.0267546$ & $0.0049853$ & $0.00173892$ & $-0.0206388$ & $0.229833$ & $-0.0725613$ & $-0.319287$ & $-0.322086$ & $0.669046$ & $-0.045953$ & $0.0226882$ & $0.0744854$ & $1$ & $0.199722$ & $0.185287$ & $0.629663$ & $0.511331$ & $0.518845$ & $-0.163334$ & $-0.0667004$ & $-0.0687336$ & $-0.0805195$ & $0.546653$ & $0.555789$ & $0.0186343$ & $-0.337376$ & $0.00361101$ & $0.00693053$ & $0.0426241$ & $0.0190882$ & $-0.0762374$ & $0.0676421$ & $-0.356347$ & $-0.0157931$ & $0.00262744$ & $-0.0196819$ & $-0.0268467$ & $0.0148652$ & $0.00453727$ \\
CHL1_22 & $0.000294631$ & $-0.0125955$ & $-0.0122415$ & $-0.0109103$ & $-0.0157639$ & $0.0382255$ & $-0.00416258$ & $-0.0407501$ & $-0.0392448$ & $0.148617$ & $-0.0528458$ & $0.0117204$ & $-0.00872014$ & $0.199722$ & $1$ & $0.35056$ & $0.104988$ & $-0.420431$ & $-0.0753897$ & $0.05128$ & $-0.153698$ & $-0.10169$ & $-0.0981803$ & $0.247637$ & $-0.130754$ & $0.0189314$ & $-0.48268$ & $-0.0034578$ & $-0.0120667$ & $-0.0160033$ & $0.00257733$ & $-0.00168092$ & $-0.0182715$ & $-0.568628$ & $-0.0135939$ & $0.00146742$ & $-0.00759446$ & $0.000538421$ & $-0.0107048$ & $-0.0478076$ \\
CHL1_33 & $0.00773447$ & $-0.00824693$ & $0.00816355$ & $0.0148239$ & $0.000476001$ & $0.0364661$ & $-0.0125761$ & $-0.031567$ & $-0.0301917$ & $0.140793$ & $-0.0559839$ & $0.0450875$ & $0.00300731$ & $0.185287$ & $0.35056$ & $1$ & $0.108789$ & $-0.0805939$ & $-0.405522$ & $0.0513106$ & $-0.106564$ & $-0.182317$ & $-0.113428$ & $0.24136$ & $-0.119749$ & $0.0311657$ & $-0.470587$ & $-0.0278134$ & $-0.0219355$ & $-0.0038593$ & $-0.00763261$ & $-0.010868$ & $0.00118112$ & $-0.236622$ & $-0.0116684$ & $0.0197599$ & $-0.023642$ & $0.001647$ & $-0.00717762$ & $-0.0101522$ \\
CHL3_11 & $0.00276095$ & $0.107832$ & $0.00464437$ & $0.012855$ & $-0.0124416$ & $-0.145589$ & $-0.07548$ & $-0.654613$ & $-0.655384$ & $0.755124$ & $0.318485$ & $0.0488426$ & $0.0842514$ & $0.629663$ & $0.104988$ & $0.108789$ & $1$ & $0.68942$ & $0.686897$ & $-0.481584$ & $-0.299766$ & $-0.305068$ & $-0.0616027$ & $0.676825$ & $0.771981$ & $0.0896532$ & $-0.346852$ & $-0.0630455$ & $0.00505806$ & $0.0507217$ & $0.0446215$ & $-0.0776455$ & $0.0877276$ & $-0.374411$ & $-0.0123497$ & $0.00716626$ & $-0.0175992$ & $-0.017348$ & $0.00840453$ & $0.0223301$ \\
CHL3_22 & $2.54943e-05$ & $0.0761247$ & $0.00942184$ & $0.0293608$ & $-0.0103134$ & $-0.0122494$ & $-0.0336128$ & $-0.56665$ & $-0.567686$ & $0.573952$ & $0.333349$ & $0.0367121$ & $0.0463466$ & $0.511331$ & $-0.420431$ & $-0.0805939$ & $0.68942$ & $1$ & $0.64423$ & $-0.433952$ & $-0.249449$ & $-0.243592$ & $0.00859674$ & $0.491975$ & $0.781029$ & $0.0647917$ & $-0.0540635$ & $-0.0629391$ & $-0.00199747$ & $0.031779$ & $0.0157955$ & $-0.0319677$ & $0.0686464$ & $0.0621577$ & $-0.0104483$ & $-0.000136817$ & $0.00447268$ & $-0.00943304$ & $0.00744162$ & $0.0592542$ \\
CHL3_33 & $-0.00507987$ & $0.0632662$ & $-0.00296181$ & $0.0163887$ & $-0.0148658$ & $-0.00756965$ & $-0.0523603$ & $-0.555624$ & $-0.554636$ & $0.571501$ & $0.317843$ & $0.0301712$ & $0.0622784$ & $0.518845$ & $-0.0753897$ & $-0.405522$ & $0.686897$ & $0.64423$ & $1$ & $-0.422058$ & $-0.237848$ & $-0.240873$ & $0.0215992$ & $0.490555$ & $0.768285$ & $0.056528$ & $-0.0499534$ & $-0.0398828$ & $0.0259188$ & $0.0508681$ & $0.0392831$ & $-0.0504084$ & $0.0777201$ & $-0.257532$ & $-0.0109571$ & $-0.00655749$ & $0.0125078$ & $-0.00522778$ & $0.0216071$ & $0.0321474$ \\
CHe_11 & $0.015261$ & $-0.239158$ & $0.0161581$ & $-0.00593889$ & $0.0121121$ & $-0.0796149$ & $0.124465$ & $0.876612$ & $0.876641$ & $-0.311207$ & $-0.893039$ & $-0.0589706$ & $-0.141244$ & $-0.163334$ & $0.05128$ & $0.0513106$ & $-0.481584$ & $-0.433952$ & $-0.422058$ & $1$ & $0.691526$ & $0.671804$ & $0.0197891$ & $-0.534531$ & $-0.461295$ & $-0.183194$ & $0.359872$ & $0.146104$ & $-0.0318921$ & $-0.121275$ & $-0.0899262$ & $0.123331$ & $-0.150665$ & $0.449517$ & $0.0084806$ & $-0.012469$ & $0.000969771$ & $0.00428147$ & $-0.026144$ & $-0.0220644$ \\
CHe_22 & $-0.00281201$ & $-0.163078$ & $0.00344492$ & $-0.0146847$ & $0.00585886$ & $-0.0786925$ & $0.0515908$ & $0.678165$ & $0.674998$ & $-0.233384$ & $-0.704877$ & $-0.0533228$ & $-0.0612109$ & $-0.0667004$ & $-0.153698$ & $-0.106564$ & $-0.299766$ & $-0.249449$ & $-0.237848$ & $0.691526$ & $1$ & $0.590645$ & $0.0385241$ & $-0.481197$ & $-0.282235$ & $-0.15544$ & $0.431338$ & $0.132363$ & $-0.00233854$ & $-0.0558113$ & $-0.0463766$ & $0.0480401$ & $-0.0782626$ & $0.446478$ & $0.00930676$ & $-0.0170436$ & $-0.0100532$ & $3.25355e-05$ & $-0.0201053$ & $-0.0281054$ \\
CHe_33 & $0.0276037$ & $-0.162947$ & $-0.00141634$ & $-0.0167247$ & $-0.000615488$ & $-0.0620232$ & $0.0235736$ & $0.661171$ & $0.656248$ & $-0.243384$ & $-0.681967$ & $-0.0398049$ & $-0.0329939$ & $-0.0687336$ & $-0.10169$ & $-0.182317$ & $-0.305068$ & $-0.243592$ & $-0.240873$ & $0.671804$ & $0.590645$ & $1$ & $0.0448061$ & $-0.464879$ & $-0.284327$ & $-0.144005$ & $0.42639$ & $0.13007$ & $0.00765173$ & $-0.0379697$ & $-0.035163$ & $0.0216353$ & $-0.0532586$ & $0.435532$ & $0.0134618$ & $0.00387084$ & $-0.0185818$ & $0.00490907$ & $-0.0196818$ & $-0.00802001$ \\
CHQ1_11 & $0.0204119$ & $-0.033517$ & $0.0192688$ & $-0.000498502$ & $0.0126537$ & $-0.0178012$ & $-0.00789953$ & $0.0486973$ & $0.0479825$ & $-0.0866482$ & $-0.0116336$ & $0.00351764$ & $0.00799587$ & $-0.0805195$ & $-0.0981803$ & $-0.113428$ & $-0.0616027$ & $0.00859674$ & $0.0215992$ & $0.0197891$ & $0.0385241$ & $0.0448061$ & $1$ & $-0.0940641$ & $0.0469925$ & $-0.592541$ & $0.260377$ & $-0.0151577$ & $0.000510088$ & $0.0205055$ & $-0.0030878$ & $-0.0114023$ & $-0.00381582$ & $0.102127$ & $-0.0131477$ & $-0.0233328$ & $0.0164123$ & $0.0126647$ & $-0.00355728$ & $-0.00898545$ \\
CHQ1_33 & $-0.0168801$ & $0.08519$ & $0.0362511$ & $0.0207988$ & $-0.0252131$ & $0.0571942$ & $-0.0472516$ & $-0.681195$ & $-0.678305$ & $0.595311$ & $0.459955$ & $0.053286$ & $0.0572639$ & $0.546653$ & $0.247637$ & $0.24136$ & $0.676825$ & $0.491975$ & $0.490555$ & $-0.534531$ & $-0.481197$ & $-0.464879$ & $-0.0940641$ & $1$ & $0.567696$ & $0.120994$ & $-0.443997$ & $0.0084589$ & $-0.00669605$ & $0.0433297$ & $0.0324693$ & $-0.0438479$ & $0.0691775$ & $-0.542205$ & $-0.00813853$ & $0.00247066$ & $-0.00101453$ & $-0.0201644$ & $0.0119675$ & $0.00118031$ \\
CHQ3_11 & $-0.047294$ & $0.0710101$ & $-0.00500552$ & $0.0105674$ & $-0.0182469$ & $-0.0336243$ & $-0.054497$ & $-0.61393$ & $-0.612772$ & $0.634253$ & $0.350803$ & $0.0365733$ & $0.0622354$ & $0.555789$ & $-0.130754$ & $-0.119749$ & $0.771981$ & $0.781029$ & $0.768285$ & $-0.461295$ & $-0.282235$ & $-0.284327$ & $0.0469925$ & $0.567696$ & $1$ & $0.0797731$ & $0.0467531$ & $-0.0616237$ & $0.0101304$ & $0.0407859$ & $0.0460505$ & $-0.0549513$ & $0.0765873$ & $-0.216899$ & $-0.0183269$ & $0.000425118$ & $-0.00444336$ & $-0.00619705$ & $0.013699$ & $0.0368986$ \\
CHu_11 & $-0.0179258$ & $0.0541346$ & $-0.0158355$ & $-0.0120261$ & $0.00551006$ & $0.0166053$ & $-0.0250848$ & $-0.176386$ & $-0.175326$ & $0.0663223$ & $0.180787$ & $0.0245539$ & $0.0387434$ & $0.0186343$ & $0.0189314$ & $0.0311657$ & $0.0896532$ & $0.0647917$ & $0.056528$ & $-0.183194$ & $-0.15544$ & $-0.144005$ & $-0.592541$ & $0.120994$ & $0.0797731$ & $1$ & $0.0558463$ & $-0.017795$ & $0.005969$ & $0.0218879$ & $0.0216961$ & $-0.0234666$ & $0.0402689$ & $-0.111427$ & $0.00802446$ & $0.0258392$ & $-0.01779$ & $-0.0113449$ & $-0.0101586$ & $0.0287827$ \\
CHd_11 & $0.00941292$ & $-0.0974257$ & $0.00377127$ & $-0.0108044$ & $0.0037932$ & $-0.0993514$ & $0.0103394$ & $0.458526$ & $0.456325$ & $-0.364819$ & $-0.338614$ & $-0.0420007$ & $-0.00629256$ & $-0.337376$ & $-0.48268$ & $-0.470587$ & $-0.346852$ & $-0.0540635$ & $-0.0499534$ & $0.359872$ & $0.431338$ & $0.42639$ & $0.260377$ & $-0.443997$ & $0.0467531$ & $0.0558463$ & $1$ & $0.0615876$ & $4.85408e-05$ & $-0.00335733$ & $-0.0015182$ & $0.00754541$ & $-0.0213903$ & $0.599771$ & $0.0174292$ & $-0.0128853$ & $0.0171135$ & $0.00983287$ & $-0.0218654$ & $0.0021621$ \\
CHd_33 & $0.0439936$ & $-0.0396887$ & $-0.00291757$ & $-0.026515$ & $0.00959778$ & $-0.0145529$ & $0.0196317$ & $0.145462$ & $0.145264$ & $-0.0529226$ & $-0.156236$ & $0.00551287$ & $-0.00285934$ & $0.00361101$ & $-0.0034578$ & $-0.0278134$ & $-0.0630455$ & $-0.0629391$ & $-0.0398828$ & $0.146104$ & $0.132363$ & $0.13007$ & $-0.0151577$ & $0.0084589$ & $-0.0616237$ & $-0.017795$ & $0.0615876$ & $1$ & $0.00621457$ & $-0.0116594$ & $-0.0170739$ & $0.0193843$ & $-0.0248866$ & $0.0776333$ & $0.0174704$ & $-0.0139528$ & $-0.000123517$ & $0.0149086$ & $-0.0170508$ & $-0.0208792$ \\
CeH_22r & $-0.0113734$ & $0.00481612$ & $0.00784243$ & $-0.0168976$ & $-0.0144967$ & $0.023585$ & $-0.224061$ & $-0.0170186$ & $-0.0171596$ & $-0.0404751$ & $0.0253864$ & $0.177835$ & $0.261424$ & $0.00693053$ & $-0.0120667$ & $-0.0219355$ & $0.00505806$ & $-0.00199747$ & $0.0259188$ & $-0.0318921$ & $-0.00233854$ & $0.00765173$ & $0.000510088$ & $-0.00669605$ & $0.0101304$ & $0.005969$ & $4.85408e-05$ & $0.00621457$ & $1$ & $0.226118$ & $0.129857$ & $-0.22453$ & $0.225198$ & $-0.0112662$ & $0.00924316$ & $-0.00825946$ & $-0.00682068$ & $-0.0156038$ & $0.00974759$ & $0.0276544$ \\
CeH_33r & $0.00538094$ & $-0.0547288$ & $0.00434648$ & $-0.02139$ & $0.000977837$ & $0.00994692$ & $-0.705231$ & $-0.0486069$ & $-0.046704$ & $-0.095607$ & $0.0545432$ & $0.515979$ & $0.771007$ & $0.0426241$ & $-0.0160033$ & $-0.0038593$ & $0.0507217$ & $0.031779$ & $0.0508681$ & $-0.121275$ & $-0.0558113$ & $-0.0379697$ & $0.0205055$ & $0.0433297$ & $0.0407859$ & $0.0218879$ & $-0.00335733$ & $-0.0116594$ & $0.226118$ & $1$ & $0.522537$ & $-0.602496$ & $0.860075$ & $-0.0121429$ & $0.0629059$ & $-0.0535425$ & $-0.0328711$ & $-0.0132074$ & $-0.00158982$ & $0.0156399$ \\
CuH_22r & $0.00860534$ & $-0.0463299$ & $-0.00623069$ & $-0.00938522$ & $-0.0108812$ & $0.00540578$ & $-0.420993$ & $-0.0479721$ & $-0.0452874$ & $-0.0649734$ & $0.0518471$ & $0.290455$ & $0.455038$ & $0.0190882$ & $0.00257733$ & $-0.00763261$ & $0.0446215$ & $0.0157955$ & $0.0392831$ & $-0.0899262$ & $-0.0463766$ & $-0.035163$ & $-0.0030878$ & $0.0324693$ & $0.0460505$ & $0.0216961$ & $-0.0015182$ & $-0.0170739$ & $0.129857$ & $0.522537$ & $1$ & $-0.348651$ & $0.539159$ & $-0.0292331$ & $0.0188622$ & $-0.0361764$ & $-0.0303972$ & $-0.0201732$ & $0.263382$ & $-0.0076041$ \\
CuH_33r & $5.29293e-05$ & $0.0728309$ & $-0.0230329$ & $0.030763$ & $0.00591018$ & $-0.00685927$ & $0.971505$ & $0.0289572$ & $0.0534197$ & $0.0934565$ & $-0.0287637$ & $-0.481866$ & $-0.846327$ & $-0.0762374$ & $-0.00168092$ & $-0.010868$ & $-0.0776455$ & $-0.0319677$ & $-0.0504084$ & $0.123331$ & $0.0480401$ & $0.0216353$ & $-0.0114023$ & $-0.0438479$ & $-0.0549513$ & $-0.0234666$ & $0.00754541$ & $0.0193843$ & $-0.22453$ & $-0.602496$ & $-0.348651$ & $1$ & $-0.582123$ & $-0.00548013$ & $-0.10396$ & $-0.00558896$ & $0.0498729$ & $0.0219224$ & $-0.00382211$ & $0.0454533$ \\
CdH_33r & $-0.00379714$ & $-0.0503315$ & $0.011714$ & $-0.00972867$ & $0.00128829$ & $0.000694595$ & $-0.701303$ & $-0.0819324$ & $-0.0780214$ & $-0.0724228$ & $0.0775721$ & $0.528826$ & $0.766895$ & $0.0676421$ & $-0.0182715$ & $0.00118112$ & $0.0877276$ & $0.0686464$ & $0.0777201$ & $-0.150665$ & $-0.0782626$ & $-0.0532586$ & $-0.00381582$ & $0.0691775$ & $0.0765873$ & $0.0402689$ & $-0.0213903$ & $-0.0248866$ & $0.225198$ & $0.860075$ & $0.539159$ & $-0.582123$ & $1$ & $-0.0248643$ & $0.0509695$ & $-0.0706286$ & $-0.0240828$ & $-0.0194199$ & $-0.0103601$ & $0.259483$ \\
CLL_1221 & $-0.00628188$ & $-0.0280315$ & $0.0233188$ & $0.00903608$ & $0.01307$ & $-0.155281$ & $0.00403718$ & $0.649728$ & $0.641841$ & $-0.439525$ & $-0.498286$ & $-0.0778082$ & $-0.00382424$ & $-0.356347$ & $-0.568628$ & $-0.236622$ & $-0.374411$ & $0.0621577$ & $-0.257532$ & $0.449517$ & $0.446478$ & $0.435532$ & $0.102127$ & $-0.542205$ & $-0.216899$ & $-0.111427$ & $0.599771$ & $0.0776333$ & $-0.0112662$ & $-0.0121429$ & $-0.0292331$ & $-0.00548013$ & $-0.0248643$ & $1$ & $0.0268961$ & $-0.00468386$ & $0.0184154$ & $0.0104066$ & $-0.021845$ & $0.0148533$ \\
eHggpar & $-0.00134735$ & $0.000657638$ & $0.00822913$ & $0.0315969$ & $-0.0209636$ & $-0.0167464$ & $-0.110546$ & $0.0220492$ & $0.0161118$ & $-0.0296532$ & $-0.0162702$ & $0.0730593$ & $0.108443$ & $-0.0157931$ & $-0.0135939$ & $-0.0116684$ & $-0.0123497$ & $-0.0104483$ & $-0.0109571$ & $0.0084806$ & $0.00930676$ & $0.0134618$ & $-0.0131477$ & $-0.00813853$ & $-0.0183269$ & $0.00802446$ & $0.0174292$ & $0.0174704$ & $0.00924316$ & $0.0629059$ & $0.0188622$ & $-0.10396$ & $0.0509695$ & $0.0268961$ & $1$ & $-0.0266546$ & $0.021874$ & $0.0165315$ & $-0.0299684$ & $-0.0149501$ \\
eHWWpar & $0.00461261$ & $0.00436381$ & $-0.0036684$ & $0.00890128$ & $-0.00501476$ & $-0.00226248$ & $0.00526498$ & $-0.00545814$ & $-0.00708374$ & $-0.0017964$ & $0.00415369$ & $-0.0173934$ & $-0.00585769$ & $0.00262744$ & $0.00146742$ & $0.0197599$ & $0.00716626$ & $-0.000136817$ & $-0.00655749$ & $-0.012469$ & $-0.0170436$ & $0.00387084$ & $-0.0233328$ & $0.00247066$ & $0.000425118$ & $0.0258392$ & $-0.0128853$ & $-0.0139528$ & $-0.00825946$ & $-0.0535425$ & $-0.0361764$ & $-0.00558896$ & $-0.0706286$ & $-0.00468386$ & $-0.0266546$ & $1$ & $0.00337775$ & $-0.026883$ & $0.0115974$ & $-0.0771722$ \\
eHZZpar & $-0.00472317$ & $-0.0234803$ & $0.026036$ & $0.0196032$ & $-0.00251871$ & $-0.0197135$ & $0.0431963$ & $0.0093638$ & $0.00842149$ & $-0.00349104$ & $0.000275269$ & $-0.0502412$ & $-0.0475209$ & $-0.0196819$ & $-0.00759446$ & $-0.023642$ & $-0.0175992$ & $0.00447268$ & $0.0125078$ & $0.000969771$ & $-0.0100532$ & $-0.0185818$ & $0.0164123$ & $-0.00101453$ & $-0.00444336$ & $-0.01779$ & $0.0171135$ & $-0.000123517$ & $-0.00682068$ & $-0.0328711$ & $-0.0303972$ & $0.0498729$ & $-0.0240828$ & $0.0184154$ & $0.021874$ & $0.00337775$ & $1$ & $0.00164115$ & $-0.0486278$ & $0.00102932$ \\
eHZgapar & $-0.0166023$ & $0.0267612$ & $0.0535302$ & $0.0160487$ & $0.0289199$ & $0.014443$ & $0.018938$ & $0.00451522$ & $0.00425783$ & $-0.0102743$ & $0.00965282$ & $0.0231513$ & $-0.0140231$ & $-0.0268467$ & $0.000538421$ & $0.001647$ & $-0.017348$ & $-0.00943304$ & $-0.00522778$ & $0.00428147$ & $3.25355e-05$ & $0.00490907$ & $0.0126647$ & $-0.0201644$ & $-0.00619705$ & $-0.0113449$ & $0.00983287$ & $0.0149086$ & $-0.0156038$ & $-0.0132074$ & $-0.0201732$ & $0.0219224$ & $-0.0194199$ & $0.0104066$ & $0.0165315$ & $-0.026883$ & $0.00164115$ & $1$ & $-0.0100274$ & $-0.0219245$ \\
eHccpar & $-0.0401906$ & $-0.0451016$ & $-0.00902616$ & $-0.0293932$ & $-0.0256608$ & $0.017096$ & $-0.00127159$ & $-0.0183922$ & $-0.0203251$ & $-0.0077269$ & $0.0164698$ & $-0.0454379$ & $0.00679239$ & $0.0148652$ & $-0.0107048$ & $-0.00717762$ & $0.00840453$ & $0.00744162$ & $0.0216071$ & $-0.026144$ & $-0.0201053$ & $-0.0196818$ & $-0.00355728$ & $0.0119675$ & $0.013699$ & $-0.0101586$ & $-0.0218654$ & $-0.0170508$ & $0.00974759$ & $-0.00158982$ & $0.263382$ & $-0.00382211$ & $-0.0103601$ & $-0.021845$ & $-0.0299684$ & $0.0115974$ & $-0.0486278$ & $-0.0100274$ & $1$ & $-0.0337845$ \\
eHbbpar & $0.0279626$ & $0.021257$ & $0.0114757$ & $0.0530169$ & $-0.00198047$ & $-0.0191996$ & $0.0332487$ & $-0.0353914$ & $-0.0325685$ & $0.0374071$ & $0.0345951$ & $0.0389585$ & $-0.00629294$ & $0.00453727$ & $-0.0478076$ & $-0.0101522$ & $0.0223301$ & $0.0592542$ & $0.0321474$ & $-0.0220644$ & $-0.0281054$ & $-0.00802001$ & $-0.00898545$ & $0.00118031$ & $0.0368986$ & $0.0287827$ & $0.0021621$ & $-0.0208792$ & $0.0276544$ & $0.0156399$ & $-0.0076041$ & $0.0454533$ & $0.259483$ & $0.0148533$ & $-0.0149501$ & $-0.0771722$ & $0.00102932$ & $-0.0219245$ & $-0.0337845$ & $1$ \\
