 & AlsMz & dAle5Mz & mtop & mHl & Mz & CW & CHG & CHWB & CHWHB_gaga & CHWHB_gagaorth & CHD & CHbox & CH & CHL1_11 & CHL1_22 & CHL1_33 & CHL3_11 & CHL3_22 & CHL3_33 & CHe_11 & CHe_22 & CHe_33 & CHQ1_11 & CHQ1_33 & CHQ3_11 & CHu_11 & CHd_11 & CHd_33 & CeH_22r & CeH_33r & CuH_22r & CuH_33r & CdH_33r & CLL_1221 & eHggint & eHggpar & eHWWint & eHWWpar & eHZZint & eHZZpar & eHZgaint & eHZgapar & eHgagaint & eHmumuint & eHtautauint & eHccint & eHccpar & eHbbint & eHbbpar \\
AlsMz & $1$ & $0.028601$ & $0.0230129$ & $0.023333$ & $0.0413682$ & $0.00348154$ & $0.00529864$ & $-0.015783$ & $-0.0168926$ & $0.0386323$ & $0.00215863$ & $0.0405984$ & $-0.0168626$ & $0.006361$ & $-0.0193228$ & $-0.037256$ & $0.00775891$ & $0.021279$ & $0.0324767$ & $-0.013254$ & $-0.00985645$ & $-0.0147647$ & $0.0277749$ & $-0.0714058$ & $-0.110503$ & $-0.0603864$ & $-0.0265427$ & $-0.02118$ & $0.0684105$ & $-0.0135569$ & $0.0102532$ & $0.00125988$ & $0.0099291$ & $0.00331991$ & $0.014964$ & $-0.0231896$ & $0.00965409$ & $0.0126613$ & $0.0112893$ & $-0.00724658$ & $0.0467628$ & $0.00970804$ & $-0.0459225$ & $0.0269513$ & $0.00333519$ & $-0.022434$ & $-0.0189688$ & $0.00625095$ & $0.0376929$ \\
dAle5Mz & $0.028601$ & $1$ & $0.0272279$ & $0.0176906$ & $0.0249648$ & $0.0315052$ & $-0.0189049$ & $-0.0914036$ & $-0.0945554$ & $0.0282962$ & $0.0706937$ & $0.0263928$ & $-0.0345727$ & $-0.0279217$ & $-0.0276132$ & $0.014$ & $0.0205437$ & $0.0276392$ & $-0.0120899$ & $-0.042456$ & $-0.04364$ & $-0.0419394$ & $0.0134609$ & $0.0321491$ & $0.000700349$ & $0.0082997$ & $-0.0316905$ & $-0.0518703$ & $0.0357756$ & $-0.00023907$ & $0.0325452$ & $-0.00437204$ & $0.0144314$ & $0.0232762$ & $-0.0394603$ & $0.00907318$ & $-0.0134713$ & $0.0388198$ & $-0.00646473$ & $0.0133179$ & $0.0177613$ & $0.0116231$ & $-0.0880041$ & $-0.0287054$ & $0.0272599$ & $0.0165353$ & $0.00865667$ & $-0.046255$ & $0.00859163$ \\
mtop & $0.0230129$ & $0.0272279$ & $1$ & $0.0096404$ & $-0.00621177$ & $-0.0130837$ & $0.0246566$ & $-0.0173405$ & $-0.0229735$ & $0.0196697$ & $0.0269486$ & $0.0395241$ & $0.00526083$ & $-0.0307335$ & $-0.0177242$ & $0.017077$ & $0.00467632$ & $0.0079463$ & $-0.0162778$ & $-0.0160659$ & $-0.0189779$ & $-0.0183492$ & $-0.0199256$ & $0.00569137$ & $-0.0102939$ & $0.0108891$ & $-0.0218302$ & $0.0140243$ & $-0.014528$ & $-0.00855861$ & $-0.0280287$ & $0.0306531$ & $-0.00707552$ & $0.0098473$ & $0.0636573$ & $-0.0310014$ & $0.0250664$ & $-0.0121685$ & $0.0323589$ & $-0.00365471$ & $-0.0227277$ & $0.00386433$ & $-0.0287122$ & $-0.0432342$ & $0.00126066$ & $0.048837$ & $-0.0212909$ & $0.00443768$ & $-0.03455$ \\
mHl & $0.023333$ & $0.0176906$ & $0.0096404$ & $1$ & $0.0286982$ & $0.0228056$ & $0.00858132$ & $-0.0208751$ & $-0.0181624$ & $-0.00039659$ & $0.0184746$ & $0.00487774$ & $-0.00902624$ & $0.000599788$ & $-0.0142697$ & $-0.0311274$ & $-0.00315489$ & $0.0129441$ & $0.0271939$ & $-0.0158601$ & $-0.0183932$ & $-0.0179928$ & $0.00733191$ & $0.0236249$ & $0.0151189$ & $0.00817663$ & $0.0147988$ & $-0.0214004$ & $0.0216265$ & $-0.0098395$ & $-0.0258154$ & $0.0101346$ & $0.00432037$ & $-0.0102998$ & $0.0610666$ & $-0.0173048$ & $0.0271785$ & $0.0402004$ & $-0.0255979$ & $0.0300253$ & $0.0528908$ & $-0.0275$ & $-0.0342247$ & $0.0118151$ & $-0.0391137$ & $0.00758746$ & $-0.0549428$ & $-0.013914$ & $0.0291179$ \\
Mz & $0.0413682$ & $0.0249648$ & $-0.00621177$ & $0.0286982$ & $1$ & $-0.0156714$ & $-0.0309658$ & $-0.0124162$ & $-0.0144818$ & $0.0169414$ & $0.0138425$ & $-0.00813365$ & $-3.00981e-05$ & $0.0231833$ & $-0.0231414$ & $-0.0134119$ & $0.0137287$ & $0.0278507$ & $0.023211$ & $-0.0101279$ & $-0.00214499$ & $0.000643391$ & $0.00680967$ & $0.0205398$ & $0.0267175$ & $-0.00456002$ & $0.0262329$ & $0.0101797$ & $0.00937625$ & $-0.0124049$ & $-0.0095628$ & $-0.0347099$ & $-0.00424061$ & $0.00960407$ & $0.0361184$ & $-0.0655006$ & $0.0269098$ & $-0.0290482$ & $-0.00297149$ & $-0.0118197$ & $0.021639$ & $0.0317265$ & $-0.0101496$ & $0.0157699$ & $-0.0266325$ & $0.0106976$ & $0.0153295$ & $0.0090957$ & $-0.0101127$ \\
CW & $0.00348154$ & $0.0315052$ & $-0.0130837$ & $0.0228056$ & $-0.0156714$ & $1$ & $0.0116006$ & $-0.122051$ & $-0.118122$ & $0.022735$ & $0.170738$ & $0.0399096$ & $0.0162942$ & $0.0397551$ & $-0.0668224$ & $-0.0502168$ & $-0.243181$ & $-0.0358127$ & $-0.0492072$ & $-0.166054$ & $-0.175566$ & $-0.169792$ & $-0.004061$ & $0.0100069$ & $-0.074652$ & $0.0982238$ & $-0.0844382$ & $-0.0156003$ & $0.0247051$ & $-0.0113623$ & $0.00561759$ & $0.00287006$ & $-0.0356115$ & $-0.123721$ & $-0.00111717$ & $0.00161312$ & $-0.0157132$ & $0.0401725$ & $-0.0277826$ & $0.00420689$ & $-0.00585508$ & $-0.0213979$ & $-0.0267078$ & $-0.0267645$ & $-0.00392247$ & $-0.0134$ & $0.0017015$ & $-0.0512867$ & $-0.0105107$ \\
CHG & $0.00529864$ & $-0.0189049$ & $0.0246566$ & $0.00858132$ & $-0.0309658$ & $0.0116006$ & $1$ & $-0.0971411$ & $-0.0427831$ & $0.0717365$ & $0.04805$ & $-0.0521598$ & $-0.296235$ & $0.0615271$ & $-0.00842245$ & $-0.0386387$ & $0.0998026$ & $0.0956911$ & $0.123197$ & $-0.0464747$ & $-0.0508238$ & $-0.0452931$ & $-0.0246888$ & $0.105271$ & $0.0917539$ & $0.0422317$ & $-0.05262$ & $-0.0265443$ & $0.0257455$ & $-0.0989946$ & $-0.0578104$ & $0.935399$ & $-0.137148$ & $-0.0742771$ & $-0.0295474$ & $-0.0503507$ & $-0.00708921$ & $-0.0142275$ & $0.0281565$ & $-0.0071079$ & $0.00220374$ & $0.0300308$ & $-0.0195453$ & $-0.0236899$ & $0.0108369$ & $-0.0382542$ & $-0.00275291$ & $-0.00615347$ & $-0.00777482$ \\
CHWB & $-0.015783$ & $-0.0914036$ & $-0.0173405$ & $-0.0208751$ & $-0.0124162$ & $-0.122051$ & $-0.0971411$ & $1$ & $0.981741$ & $-0.57781$ & $-0.884563$ & $-0.236696$ & $0.336228$ & $0.102715$ & $0.310141$ & $0.279734$ & $-0.234043$ & $-0.441271$ & $-0.423296$ & $0.857306$ & $0.900539$ & $0.882067$ & $0.0841656$ & $-0.672614$ & $-0.401319$ & $-0.523811$ & $0.419165$ & $0.291961$ & $0.00846542$ & $0.115575$ & $0.0545001$ & $-0.0850983$ & $0.105118$ & $0.551563$ & $-0.0278173$ & $-0.00173722$ & $-0.00102345$ & $-0.035804$ & $-0.0103794$ & $-0.0260578$ & $-0.0200681$ & $0.00289296$ & $0.0153736$ & $-5.29189e-05$ & $0.0047565$ & $-0.00960989$ & $0.0142173$ & $-0.028725$ & $-0.0170348$ \\
CHWHB_gaga & $-0.0168926$ & $-0.0945554$ & $-0.0229735$ & $-0.0181624$ & $-0.0144818$ & $-0.118122$ & $-0.0427831$ & $0.981741$ & $1$ & $-0.560821$ & $-0.865337$ & $-0.209865$ & $0.330428$ & $0.0917096$ & $0.306893$ & $0.272311$ & $-0.234826$ & $-0.440793$ & $-0.419163$ & $0.83904$ & $0.880869$ & $0.864904$ & $0.0814677$ & $-0.665754$ & $-0.40156$ & $-0.511449$ & $0.407262$ & $0.284949$ & $0.01619$ & $0.142728$ & $0.0743947$ & $-0.0401616$ & $0.126675$ & $0.539491$ & $-0.0490027$ & $-0.00662051$ & $-0.014982$ & $-0.040941$ & $-0.0163705$ & $-0.0230326$ & $-0.0213492$ & $0.00803423$ & $0.0850764$ & $0.00178481$ & $0.0098301$ & $-0.0102144$ & $0.020126$ & $-0.0317787$ & $-0.0208005$ \\
CHWHB_gagaorth & $0.0386323$ & $0.0282962$ & $0.0196697$ & $-0.00039659$ & $0.0169414$ & $0.022735$ & $0.0717365$ & $-0.57781$ & $-0.560821$ & $1$ & $0.376481$ & $0.598498$ & $-0.235386$ & $0.205235$ & $-0.129251$ & $-0.113542$ & $0.416266$ & $0.469936$ & $0.46045$ & $-0.365637$ & $-0.39428$ & $-0.386156$ & $-0.0627466$ & $0.545628$ & $0.450583$ & $0.22593$ & $-0.254067$ & $-0.10951$ & $0.01506$ & $-0.152288$ & $-0.0482757$ & $0.0841065$ & $-0.131952$ & $-0.351021$ & $0.0637813$ & $0.0491486$ & $0.0240835$ & $-0.0162414$ & $0.0110735$ & $-0.0083927$ & $-0.0135532$ & $-0.0254853$ & $-0.0167207$ & $0.03986$ & $0.0206672$ & $0.0064839$ & $-0.0047926$ & $-0.0239438$ & $0.0195067$ \\
CHD & $0.00215863$ & $0.0706937$ & $0.0269486$ & $0.0184746$ & $0.0138425$ & $0.170738$ & $0.04805$ & $-0.884563$ & $-0.865337$ & $0.376481$ & $1$ & $0.291237$ & $-0.159468$ & $-0.507671$ & $-0.423927$ & $-0.398225$ & $-0.210866$ & $0.0880539$ & $0.0709481$ & $-0.990123$ & $-0.990957$ & $-0.969488$ & $-0.0201274$ & $0.323439$ & $0.0380111$ & $0.570397$ & $-0.289417$ & $-0.328636$ & $-0.0010176$ & $-0.0693285$ & $-0.0228637$ & $0.0464343$ & $-0.0570822$ & $-0.368165$ & $0.0463316$ & $-0.00816828$ & $-0.0027015$ & $0.0345148$ & $0.000621065$ & $0.0139468$ & $0.0199096$ & $-0.00319236$ & $-0.0108845$ & $-0.00473334$ & $-0.013285$ & $0.0164477$ & $-0.0021499$ & $0.0417309$ & $0.023469$ \\
CHbox & $0.0405984$ & $0.0263928$ & $0.0395241$ & $0.00487774$ & $-0.00813365$ & $0.0399096$ & $-0.0521598$ & $-0.236696$ & $-0.209865$ & $0.598498$ & $0.291237$ & $1$ & $0.148603$ & $-0.210187$ & $-0.0249424$ & $-0.0263313$ & $-0.122878$ & $-0.0800898$ & $-0.0835449$ & $-0.27142$ & $-0.302135$ & $-0.292775$ & $-0.0171857$ & $0.0613517$ & $-0.0843366$ & $0.160217$ & $-0.165982$ & $-0.114082$ & $0.0662404$ & $0.221848$ & $0.087213$ & $0.0377943$ & $0.249566$ & $-0.175113$ & $0.118967$ & $0.0678216$ & $0.0191839$ & $-0.021384$ & $-0.00881981$ & $-0.00216308$ & $-0.00207192$ & $-0.0194512$ & $-0.00737119$ & $0.0235948$ & $0.0267166$ & $-0.00673156$ & $0.00873723$ & $-0.0263547$ & $0.043904$ \\
CH & $-0.0168626$ & $-0.0345727$ & $0.00526083$ & $-0.00902624$ & $-3.00981e-05$ & $0.0162942$ & $-0.296235$ & $0.336228$ & $0.330428$ & $-0.235386$ & $-0.159468$ & $0.148603$ & $1$ & $-0.246857$ & $0.0827977$ & $0.0531885$ & $-0.361055$ & $-0.390485$ & $-0.370932$ & $0.155304$ & $0.170029$ & $0.170866$ & $0.055667$ & $-0.387914$ & $-0.370849$ & $-0.113905$ & $0.131095$ & $0.0613305$ & $0.0592153$ & $0.270803$ & $0.125369$ & $-0.24198$ & $0.294517$ & $0.19443$ & $0.0464267$ & $0.0222574$ & $-0.0105684$ & $-0.0348261$ & $-0.0248179$ & $-0.0101669$ & $-0.00524793$ & $-0.0171814$ & $0.00338719$ & $0.0256393$ & $2.6639e-05$ & $-0.00886964$ & $0.0176683$ & $-0.0188212$ & $-0.00411834$ \\
CHL1_11 & $0.006361$ & $-0.0279217$ & $-0.0307335$ & $0.000599788$ & $0.0231833$ & $0.0397551$ & $0.0615271$ & $0.102715$ & $0.0917096$ & $0.205235$ & $-0.507671$ & $-0.210187$ & $-0.246857$ & $1$ & $0.262108$ & $0.267266$ & $0.656435$ & $0.583663$ & $0.584979$ & $0.524378$ & $0.467849$ & $0.456631$ & $-0.0987844$ & $0.453066$ & $0.585316$ & $-0.259173$ & $-0.100702$ & $0.182461$ & $-0.0125946$ & $-0.0572826$ & $-0.0541247$ & $0.0388172$ & $-0.0756613$ & $-0.201143$ & $-0.0598762$ & $0.0138665$ & $0.0181295$ & $-0.00642727$ & $0.0112677$ & $0.000119001$ & $-4.94177e-05$ & $0.0157803$ & $-0.00134156$ & $0.0154449$ & $0.0128955$ & $-0.0229963$ & $-0.0162612$ & $-0.0420109$ & $-0.0115719$ \\
CHL1_22 & $-0.0193228$ & $-0.0276132$ & $-0.0177242$ & $-0.0142697$ & $-0.0231414$ & $-0.0668224$ & $-0.00842245$ & $0.310141$ & $0.306893$ & $-0.129251$ & $-0.423927$ & $-0.0249424$ & $0.0827977$ & $0.262108$ & $1$ & $0.463422$ & $0.149493$ & $-0.475071$ & $-0.0616714$ & $0.491706$ & $0.340762$ & $0.333338$ & $-0.17706$ & $0.0906664$ & $-0.173112$ & $-0.208103$ & $-0.412618$ & $0.0809082$ & $0.0244768$ & $0.0313633$ & $0.021215$ & $-0.00420073$ & $0.0334476$ & $-0.591814$ & $-0.04119$ & $0.00578631$ & $0.0114126$ & $0.0166844$ & $0.0103554$ & $-0.00724624$ & $-0.00212724$ & $-0.0386131$ & $0.025791$ & $0.024259$ & $0.0351788$ & $-0.0360635$ & $0.0325965$ & $-0.0448919$ & $7.77476e-05$ \\
CHL1_33 & $-0.037256$ & $0.014$ & $0.017077$ & $-0.0311274$ & $-0.0134119$ & $-0.0502168$ & $-0.0386387$ & $0.279734$ & $0.272311$ & $-0.113542$ & $-0.398225$ & $-0.0263313$ & $0.0531885$ & $0.267266$ & $0.463422$ & $1$ & $0.152728$ & $-0.0482121$ & $-0.449331$ & $0.465631$ & $0.315398$ & $0.331014$ & $-0.189539$ & $0.110884$ & $-0.142115$ & $-0.174644$ & $-0.405053$ & $0.0998286$ & $0.0183822$ & $0.0178162$ & $0.0180651$ & $-0.0303734$ & $0.00973174$ & $-0.129171$ & $-0.0259264$ & $-0.000484219$ & $0.0133202$ & $-0.0137832$ & $0.0176398$ & $0.00164403$ & $0.0135857$ & $0.0166215$ & $0.00387736$ & $-0.0317008$ & $-0.0303128$ & $-0.00145446$ & $0.0106694$ & $-0.0438102$ & $-0.0256979$ \\
CHL3_11 & $0.00775891$ & $0.0205437$ & $0.00467632$ & $-0.00315489$ & $0.0137287$ & $-0.243181$ & $0.0998026$ & $-0.234043$ & $-0.234826$ & $0.416266$ & $-0.210866$ & $-0.122878$ & $-0.361055$ & $0.656435$ & $0.149493$ & $0.152728$ & $1$ & $0.725837$ & $0.729601$ & $0.229256$ & $0.179861$ & $0.172393$ & $-0.0842227$ & $0.666725$ & $0.762611$ & $-0.0922396$ & $-0.156775$ & $0.0662429$ & $-0.0221868$ & $-0.103035$ & $-0.0668683$ & $0.0793628$ & $-0.0959977$ & $-0.232989$ & $-0.013264$ & $0.0150633$ & $0.000714252$ & $-0.00879603$ & $0.0211946$ & $0.0281612$ & $-0.0105262$ & $-0.00515786$ & $-0.00478061$ & $0.014081$ & $0.0151793$ & $0.00154896$ & $-0.0233629$ & $-0.00731901$ & $-0.0206964$ \\
CHL3_22 & $0.021279$ & $0.0276392$ & $0.0079463$ & $0.0129441$ & $0.0278507$ & $-0.0358127$ & $0.0956911$ & $-0.441271$ & $-0.440793$ & $0.469936$ & $0.0880539$ & $-0.0800898$ & $-0.390485$ & $0.583663$ & $-0.475071$ & $-0.0482121$ & $0.725837$ & $1$ & $0.673506$ & $-0.0961285$ & $-0.0808252$ & $-0.0788556$ & $-0.0101739$ & $0.609683$ & $0.796206$ & $0.0666003$ & $0.011858$ & $0.00989636$ & $-0.032319$ & $-0.111265$ & $-0.0740618$ & $0.0725627$ & $-0.117824$ & $0.0563525$ & $-0.0013274$ & $0.0108163$ & $0.00203447$ & $-0.0119208$ & $0.0136293$ & $0.0285669$ & $0.0032135$ & $0.0329335$ & $-0.0219334$ & $-0.00897039$ & $-0.0120682$ & $0.0180654$ & $-0.0414817$ & $0.0052723$ & $-0.0154565$ \\
CHL3_33 & $0.0324767$ & $-0.0120899$ & $-0.0162778$ & $0.0271939$ & $0.023211$ & $-0.0492072$ & $0.123197$ & $-0.423296$ & $-0.419163$ & $0.46045$ & $0.0709481$ & $-0.0835449$ & $-0.370932$ & $0.584979$ & $-0.0616714$ & $-0.449331$ & $0.729601$ & $0.673506$ & $1$ & $-0.0792339$ & $-0.0624788$ & $-0.056894$ & $0.00504168$ & $0.597949$ & $0.789181$ & $0.0440531$ & $0.0170016$ & $-0.0071241$ & $-0.0240039$ & $-0.0968855$ & $-0.0686075$ & $0.0949417$ & $-0.098339$ & $-0.30868$ & $-0.0102517$ & $0.00936385$ & $0.00403441$ & $0.0122884$ & $0.00469081$ & $0.0224821$ & $-0.0155124$ & $-0.0158175$ & $0.000591641$ & $0.0354226$ & $0.035735$ & $-0.0141233$ & $-0.0239825$ & $0.01108$ & $0.00452414$ \\
CHe_11 & $-0.013254$ & $-0.042456$ & $-0.0160659$ & $-0.0158601$ & $-0.0101279$ & $-0.166054$ & $-0.0464747$ & $0.857306$ & $0.83904$ & $-0.365637$ & $-0.990123$ & $-0.27142$ & $0.155304$ & $0.524378$ & $0.491706$ & $0.465631$ & $0.229256$ & $-0.0961285$ & $-0.0792339$ & $1$ & $0.972674$ & $0.95206$ & $-0.00708806$ & $-0.271675$ & $-0.0362698$ & $-0.559242$ & $0.213025$ & $0.31921$ & $0.002926$ & $0.0678967$ & $0.0271795$ & $-0.0441061$ & $0.0566515$ & $0.288045$ & $-0.047717$ & $0.00669298$ & $0.00393456$ & $-0.0314736$ & $0.00263979$ & $-0.00844958$ & $-0.0179121$ & $0.00459433$ & $0.00947021$ & $-0.000424437$ & $0.0180231$ & $-0.0172057$ & $0.00437635$ & $-0.0492269$ & $-0.0232752$ \\
CHe_22 & $-0.00985645$ & $-0.04364$ & $-0.0189779$ & $-0.0183932$ & $-0.00214499$ & $-0.175566$ & $-0.0508238$ & $0.900539$ & $0.880869$ & $-0.39428$ & $-0.990957$ & $-0.302135$ & $0.170029$ & $0.467849$ & $0.340762$ & $0.315398$ & $0.179861$ & $-0.0808252$ & $-0.0624788$ & $0.972674$ & $1$ & $0.974841$ & $0.0511036$ & $-0.376586$ & $-0.039385$ & $-0.573636$ & $0.37213$ & $0.331383$ & $-0.000924395$ & $0.0697494$ & $0.0234028$ & $-0.0494938$ & $0.0602487$ & $0.454468$ & $-0.0419187$ & $0.00489166$ & $0.00162503$ & $-0.0363747$ & $-0.00338227$ & $-0.0133999$ & $-0.0223517$ & $0.00504125$ & $0.0100201$ & $0.00490618$ & $0.0151809$ & $-0.0130416$ & $0.00385179$ & $-0.036528$ & $-0.0217898$ \\
CHe_33 & $-0.0147647$ & $-0.0419394$ & $-0.0183492$ & $-0.0179928$ & $0.000643391$ & $-0.169792$ & $-0.0452931$ & $0.882067$ & $0.864904$ & $-0.386156$ & $-0.969488$ & $-0.292775$ & $0.170866$ & $0.456631$ & $0.333338$ & $0.331014$ & $0.172393$ & $-0.0788556$ & $-0.056894$ & $0.95206$ & $0.974841$ & $1$ & $0.0490941$ & $-0.369587$ & $-0.0346024$ & $-0.553678$ & $0.370516$ & $0.318359$ & $0.00566405$ & $0.0777884$ & $0.0277609$ & $-0.0462506$ & $0.0634541$ & $0.447038$ & $-0.0425537$ & $0.00117163$ & $0.00307223$ & $-0.0391947$ & $-0.00441082$ & $-0.0132989$ & $-0.022925$ & $0.00116441$ & $0.010952$ & $0.00243233$ & $0.013354$ & $-0.014183$ & $0.00432898$ & $-0.0354031$ & $-0.0258621$ \\
CHQ1_11 & $0.0277749$ & $0.0134609$ & $-0.0199256$ & $0.00733191$ & $0.00680967$ & $-0.004061$ & $-0.0246888$ & $0.0841656$ & $0.0814677$ & $-0.0627466$ & $-0.0201274$ & $-0.0171857$ & $0.055667$ & $-0.0987844$ & $-0.17706$ & $-0.189539$ & $-0.0842227$ & $-0.0101739$ & $0.00504168$ & $-0.00708806$ & $0.0511036$ & $0.0490941$ & $1$ & $-0.162951$ & $0.064641$ & $-0.682609$ & $0.35837$ & $0.0198776$ & $-0.012843$ & $0.0121483$ & $0.0250176$ & $-0.0290638$ & $0.00682622$ & $0.224035$ & $0.0253338$ & $0.00735883$ & $0.0351213$ & $0.0120837$ & $-0.00532651$ & $-0.0459695$ & $-0.0279581$ & $0.0132317$ & $-0.0116566$ & $0.0638239$ & $0.0515709$ & $0.0266294$ & $0.0559592$ & $0.0251381$ & $0.00450447$ \\
CHQ1_33 & $-0.0714058$ & $0.0321491$ & $0.00569137$ & $0.0236249$ & $0.0205398$ & $0.0100069$ & $0.105271$ & $-0.672614$ & $-0.665754$ & $0.545628$ & $0.323439$ & $0.0613517$ & $-0.387914$ & $0.453066$ & $0.0906664$ & $0.110884$ & $0.666725$ & $0.609683$ & $0.597949$ & $-0.271675$ & $-0.376586$ & $-0.369587$ & $-0.162951$ & $1$ & $0.629629$ & $0.232816$ & $-0.421023$ & $-0.010434$ & $-0.019091$ & $-0.128352$ & $-0.0601882$ & $0.091305$ & $-0.115799$ & $-0.616721$ & $-0.0121147$ & $0.0211477$ & $0.0121851$ & $0.0164652$ & $0.0229309$ & $0.0277829$ & $0.0139842$ & $-0.0113519$ & $-0.000943965$ & $0.0289632$ & $0.0106436$ & $0.00716803$ & $-0.0197182$ & $-0.0111897$ & $0.00482991$ \\
CHQ3_11 & $-0.110503$ & $0.000700349$ & $-0.0102939$ & $0.0151189$ & $0.0267175$ & $-0.074652$ & $0.0917539$ & $-0.401319$ & $-0.40156$ & $0.450583$ & $0.0380111$ & $-0.0843366$ & $-0.370849$ & $0.585316$ & $-0.173112$ & $-0.142115$ & $0.762611$ & $0.796206$ & $0.789181$ & $-0.0362698$ & $-0.039385$ & $-0.0346024$ & $0.064641$ & $0.629629$ & $1$ & $0.0452511$ & $0.219276$ & $0.00555133$ & $-0.0275982$ & $-0.115295$ & $-0.0694218$ & $0.0667311$ & $-0.114037$ & $-0.166836$ & $0.0143246$ & $-0.00247277$ & $0.0211488$ & $0.00694255$ & $0.00781987$ & $0.0238326$ & $-0.0152428$ & $0.0220755$ & $-0.0150211$ & $0.0274073$ & $-0.00808506$ & $0.012015$ & $-0.0291563$ & $0.0115471$ & $-0.0142946$ \\
CHu_11 & $-0.0603864$ & $0.0082997$ & $0.0108891$ & $0.00817663$ & $-0.00456002$ & $0.0982238$ & $0.0422317$ & $-0.523811$ & $-0.511449$ & $0.22593$ & $0.570397$ & $0.160217$ & $-0.113905$ & $-0.259173$ & $-0.208103$ & $-0.174644$ & $-0.0922396$ & $0.0666003$ & $0.0440531$ & $-0.559242$ & $-0.573636$ & $-0.553678$ & $-0.682609$ & $0.232816$ & $0.0452511$ & $1$ & $-0.182063$ & $-0.185551$ & $-0.000689844$ & $-0.0418255$ & $-0.0155482$ & $0.0428239$ & $-0.0290426$ & $-0.257592$ & $0.0295533$ & $-0.0290036$ & $-0.0199338$ & $0.0189096$ & $-0.00609498$ & $0.0438733$ & $0.0166136$ & $-0.012344$ & $-0.00148866$ & $-0.0510702$ & $-0.0374361$ & $-0.00907383$ & $-0.0296223$ & $0.0153004$ & $0.0200579$ \\
CHd_11 & $-0.0265427$ & $-0.0316905$ & $-0.0218302$ & $0.0147988$ & $0.0262329$ & $-0.0844382$ & $-0.05262$ & $0.419165$ & $0.407262$ & $-0.254067$ & $-0.289417$ & $-0.165982$ & $0.131095$ & $-0.100702$ & $-0.412618$ & $-0.405053$ & $-0.156775$ & $0.011858$ & $0.0170016$ & $0.213025$ & $0.37213$ & $0.370516$ & $0.35837$ & $-0.421023$ & $0.219276$ & $-0.182063$ & $1$ & $0.11708$ & $-0.00938328$ & $0.0302373$ & $0.0232024$ & $-0.052658$ & $0.0354729$ & $0.698876$ & $0.0414103$ & $-0.0220059$ & $0.0139874$ & $-0.0156767$ & $-0.0241878$ & $-0.0135533$ & $-0.0296543$ & $0.0215974$ & $-0.0140123$ & $0.0336374$ & $-0.0161269$ & $0.0268095$ & $-0.00786743$ & $0.027085$ & $-0.00524397$ \\
CHd_33 & $-0.02118$ & $-0.0518703$ & $0.0140243$ & $-0.0214004$ & $0.0101797$ & $-0.0156003$ & $-0.0265443$ & $0.291961$ & $0.284949$ & $-0.10951$ & $-0.328636$ & $-0.114082$ & $0.0613305$ & $0.182461$ & $0.0809082$ & $0.0998286$ & $0.0662429$ & $0.00989636$ & $-0.0071241$ & $0.31921$ & $0.331383$ & $0.318359$ & $0.0198776$ & $-0.010434$ & $0.00555133$ & $-0.185551$ & $0.11708$ & $1$ & $-0.00437021$ & $0.0114183$ & $0.0077265$ & $-0.0260464$ & $0.0214432$ & $0.164157$ & $-0.0104415$ & $-0.0202087$ & $0.0434642$ & $-0.0163356$ & $0.0219843$ & $-0.00313085$ & $-0.03297$ & $0.0187003$ & $-0.0180614$ & $0.0201$ & $0.031615$ & $-0.0217699$ & $0.0149502$ & $-0.00247735$ & $0.0190369$ \\
CeH_22r & $0.0684105$ & $0.0357756$ & $-0.014528$ & $0.0216265$ & $0.00937625$ & $0.0247051$ & $0.0257455$ & $0.00846542$ & $0.01619$ & $0.01506$ & $-0.0010176$ & $0.0662404$ & $0.0592153$ & $-0.0125946$ & $0.0244768$ & $0.0183822$ & $-0.0221868$ & $-0.032319$ & $-0.0240039$ & $0.002926$ & $-0.000924395$ & $0.00566405$ & $-0.012843$ & $-0.019091$ & $-0.0275982$ & $-0.000689844$ & $-0.00938328$ & $-0.00437021$ & $1$ & $0.0398137$ & $0.0463253$ & $0.0293755$ & $0.0690538$ & $-0.0122714$ & $-0.0023697$ & $-0.00453174$ & $-0.0188367$ & $0.0239683$ & $0.000984951$ & $-0.00439114$ & $-0.000379809$ & $0.0172954$ & $-0.0360709$ & $0.0115164$ & $0.00742239$ & $-0.00258956$ & $-0.0270035$ & $-0.0193713$ & $0.0155301$ \\
CeH_33r & $-0.0135569$ & $-0.00023907$ & $-0.00855861$ & $-0.0098395$ & $-0.0124049$ & $-0.0113623$ & $-0.0989946$ & $0.115575$ & $0.142728$ & $-0.152288$ & $-0.0693285$ & $0.221848$ & $0.270803$ & $-0.0572826$ & $0.0313633$ & $0.0178162$ & $-0.103035$ & $-0.111265$ & $-0.0968855$ & $0.0678967$ & $0.0697494$ & $0.0777884$ & $0.0121483$ & $-0.128352$ & $-0.115295$ & $-0.0418255$ & $0.0302373$ & $0.0114183$ & $0.0398137$ & $1$ & $0.303766$ & $0.0523716$ & $0.645335$ & $0.0617233$ & $-0.0470019$ & $-0.00675544$ & $-0.195548$ & $-0.0286386$ & $-0.053574$ & $-0.0117003$ & $-0.0459368$ & $0.00885377$ & $0.0324077$ & $0.0117267$ & $0.0681759$ & $-0.0271489$ & $0.00206003$ & $-0.0043964$ & $0.0380022$ \\
CuH_22r & $0.0102532$ & $0.0325452$ & $-0.0280287$ & $-0.0258154$ & $-0.0095628$ & $0.00561759$ & $-0.0578104$ & $0.0545001$ & $0.0743947$ & $-0.0482757$ & $-0.0228637$ & $0.087213$ & $0.125369$ & $-0.0541247$ & $0.021215$ & $0.0180651$ & $-0.0668683$ & $-0.0740618$ & $-0.0686075$ & $0.0271795$ & $0.0234028$ & $0.0277609$ & $0.0250176$ & $-0.0601882$ & $-0.0694218$ & $-0.0155482$ & $0.0232024$ & $0.0077265$ & $0.0463253$ & $0.303766$ & $1$ & $0.0300293$ & $0.342732$ & $0.0279557$ & $-0.00456721$ & $-0.00214117$ & $-0.0990013$ & $0.0269847$ & $-0.0376295$ & $-0.0121426$ & $0.000858926$ & $-0.014627$ & $0.0201075$ & $-0.000638591$ & $-0.0080241$ & $0.0648204$ & $0.400097$ & $-0.028783$ & $0.0598827$ \\
CuH_33r & $0.00125988$ & $-0.00437204$ & $0.0306531$ & $0.0101346$ & $-0.0347099$ & $0.00287006$ & $0.935399$ & $-0.0850983$ & $-0.0401616$ & $0.0841065$ & $0.0464343$ & $0.0377943$ & $-0.24198$ & $0.0388172$ & $-0.00420073$ & $-0.0303734$ & $0.0793628$ & $0.0725627$ & $0.0949417$ & $-0.0441061$ & $-0.0494938$ & $-0.0462506$ & $-0.0290638$ & $0.091305$ & $0.0667311$ & $0.0428239$ & $-0.052658$ & $-0.0260464$ & $0.0293755$ & $0.0523716$ & $0.0300293$ & $1$ & $0.0414454$ & $-0.0660007$ & $0.0502752$ & $-0.000497409$ & $-0.0559692$ & $-0.0205507$ & $0.0363729$ & $-0.020336$ & $1.38638e-05$ & $0.0289289$ & $-0.0227617$ & $-0.0146853$ & $-0.00978558$ & $-0.0348842$ & $4.49863e-05$ & $0.00560978$ & $0.0196813$ \\
CdH_33r & $0.0099291$ & $0.0144314$ & $-0.00707552$ & $0.00432037$ & $-0.00424061$ & $-0.0356115$ & $-0.137148$ & $0.105118$ & $0.126675$ & $-0.131952$ & $-0.0570822$ & $0.249566$ & $0.294517$ & $-0.0756613$ & $0.0334476$ & $0.00973174$ & $-0.0959977$ & $-0.117824$ & $-0.098339$ & $0.0566515$ & $0.0602487$ & $0.0634541$ & $0.00682622$ & $-0.115799$ & $-0.114037$ & $-0.0290426$ & $0.0354729$ & $0.0214432$ & $0.0690538$ & $0.645335$ & $0.342732$ & $0.0414454$ & $1$ & $0.05687$ & $-0.0561572$ & $0.015151$ & $-0.245956$ & $-0.0300829$ & $-0.0171104$ & $-0.0185905$ & $-0.00867927$ & $-0.0310003$ & $-0.0193452$ & $0.00272389$ & $-0.00942324$ & $-0.00566452$ & $0.0333459$ & $0.18745$ & $0.546491$ \\
CLL_1221 & $0.00331991$ & $0.0232762$ & $0.0098473$ & $-0.0102998$ & $0.00960407$ & $-0.123721$ & $-0.0742771$ & $0.551563$ & $0.539491$ & $-0.351021$ & $-0.368165$ & $-0.175113$ & $0.19443$ & $-0.201143$ & $-0.591814$ & $-0.129171$ & $-0.232989$ & $0.0563525$ & $-0.30868$ & $0.288045$ & $0.454468$ & $0.447038$ & $0.224035$ & $-0.616721$ & $-0.166836$ & $-0.257592$ & $0.698876$ & $0.164157$ & $-0.0122714$ & $0.0617233$ & $0.0279557$ & $-0.0660007$ & $0.05687$ & $1$ & $0.020307$ & $-0.00658795$ & $-0.0142598$ & $-0.0463847$ & $-0.0148084$ & $-0.0102868$ & $-0.016546$ & $0.0339261$ & $-0.0139792$ & $-0.0217925$ & $-0.0269467$ & $0.0347621$ & $-0.0132574$ & $0.0159607$ & $-0.0208048$ \\
eHggint & $0.014964$ & $-0.0394603$ & $0.0636573$ & $0.0610666$ & $0.0361184$ & $-0.00111717$ & $-0.0295474$ & $-0.0278173$ & $-0.0490027$ & $0.0637813$ & $0.0463316$ & $0.118967$ & $0.0464267$ & $-0.0598762$ & $-0.04119$ & $-0.0259264$ & $-0.013264$ & $-0.0013274$ & $-0.0102517$ & $-0.047717$ & $-0.0419187$ & $-0.0425537$ & $0.0253338$ & $-0.0121147$ & $0.0143246$ & $0.0295533$ & $0.0414103$ & $-0.0104415$ & $-0.0023697$ & $-0.0470019$ & $-0.00456721$ & $0.0502752$ & $-0.0561572$ & $0.020307$ & $1$ & $-0.0823591$ & $0.0497597$ & $-0.00752227$ & $0.0130508$ & $0.0467832$ & $0.059383$ & $0.00295929$ & $0.0182987$ & $0.0557472$ & $-0.0161261$ & $-0.0115999$ & $0.0545147$ & $0.0130559$ & $0.00522617$ \\
eHggpar & $-0.0231896$ & $0.00907318$ & $-0.0310014$ & $-0.0173048$ & $-0.0655006$ & $0.00161312$ & $-0.0503507$ & $-0.00173722$ & $-0.00662051$ & $0.0491486$ & $-0.00816828$ & $0.0678216$ & $0.0222574$ & $0.0138665$ & $0.00578631$ & $-0.000484219$ & $0.0150633$ & $0.0108163$ & $0.00936385$ & $0.00669298$ & $0.00489166$ & $0.00117163$ & $0.00735883$ & $0.0211477$ & $-0.00247277$ & $-0.0290036$ & $-0.0220059$ & $-0.0202087$ & $-0.00453174$ & $-0.00675544$ & $-0.00214117$ & $-0.000497409$ & $0.015151$ & $-0.00658795$ & $-0.0823591$ & $1$ & $-0.0196919$ & $-0.00343774$ & $-0.0109013$ & $-0.0171494$ & $-0.00378975$ & $-0.0316293$ & $0.0121336$ & $0.0152192$ & $0.025105$ & $0.0154854$ & $0.00221722$ & $0.00177907$ & $0.0153496$ \\
eHWWint & $0.00965409$ & $-0.0134713$ & $0.0250664$ & $0.0271785$ & $0.0269098$ & $-0.0157132$ & $-0.00708921$ & $-0.00102345$ & $-0.014982$ & $0.0240835$ & $-0.0027015$ & $0.0191839$ & $-0.0105684$ & $0.0181295$ & $0.0114126$ & $0.0133202$ & $0.000714252$ & $0.00203447$ & $0.00403441$ & $0.00393456$ & $0.00162503$ & $0.00307223$ & $0.0351213$ & $0.0121851$ & $0.0211488$ & $-0.0199338$ & $0.0139874$ & $0.0434642$ & $-0.0188367$ & $-0.195548$ & $-0.0990013$ & $-0.0559692$ & $-0.245956$ & $-0.0142598$ & $0.0497597$ & $-0.0196919$ & $1$ & $0.0019478$ & $-0.00707433$ & $0.0450771$ & $0.0579173$ & $0.000434259$ & $0.021375$ & $-0.00473432$ & $0.0314505$ & $-0.0217868$ & $-0.0205655$ & $-0.0505399$ & $-0.0711291$ \\
eHWWpar & $0.0126613$ & $0.0388198$ & $-0.0121685$ & $0.0402004$ & $-0.0290482$ & $0.0401725$ & $-0.0142275$ & $-0.035804$ & $-0.040941$ & $-0.0162414$ & $0.0345148$ & $-0.021384$ & $-0.0348261$ & $-0.00642727$ & $0.0166844$ & $-0.0137832$ & $-0.00879603$ & $-0.0119208$ & $0.0122884$ & $-0.0314736$ & $-0.0363747$ & $-0.0391947$ & $0.0120837$ & $0.0164652$ & $0.00694255$ & $0.0189096$ & $-0.0156767$ & $-0.0163356$ & $0.0239683$ & $-0.0286386$ & $0.0269847$ & $-0.0205507$ & $-0.0300829$ & $-0.0463847$ & $-0.00752227$ & $-0.00343774$ & $0.0019478$ & $1$ & $-0.00874792$ & $0.002714$ & $-0.0110092$ & $-0.017659$ & $-0.00519845$ & $-0.0134779$ & $0.0202165$ & $0.00565367$ & $0.014507$ & $0.0158986$ & $-0.012109$ \\
eHZZint & $0.0112893$ & $-0.00646473$ & $0.0323589$ & $-0.0255979$ & $-0.00297149$ & $-0.0277826$ & $0.0281565$ & $-0.0103794$ & $-0.0163705$ & $0.0110735$ & $0.000621065$ & $-0.00881981$ & $-0.0248179$ & $0.0112677$ & $0.0103554$ & $0.0176398$ & $0.0211946$ & $0.0136293$ & $0.00469081$ & $0.00263979$ & $-0.00338227$ & $-0.00441082$ & $-0.00532651$ & $0.0229309$ & $0.00781987$ & $-0.00609498$ & $-0.0241878$ & $0.0219843$ & $0.000984951$ & $-0.053574$ & $-0.0376295$ & $0.0363729$ & $-0.0171104$ & $-0.0148084$ & $0.0130508$ & $-0.0109013$ & $-0.00707433$ & $-0.00874792$ & $1$ & $0.0180936$ & $-0.00103814$ & $-0.00829947$ & $-0.00835872$ & $0.0209617$ & $-0.0537625$ & $0.00941324$ & $-0.00955113$ & $-0.0110169$ & $0.0545685$ \\
eHZZpar & $-0.00724658$ & $0.0133179$ & $-0.00365471$ & $0.0300253$ & $-0.0118197$ & $0.00420689$ & $-0.0071079$ & $-0.0260578$ & $-0.0230326$ & $-0.0083927$ & $0.0139468$ & $-0.00216308$ & $-0.0101669$ & $0.000119001$ & $-0.00724624$ & $0.00164403$ & $0.0281612$ & $0.0285669$ & $0.0224821$ & $-0.00844958$ & $-0.0133999$ & $-0.0132989$ & $-0.0459695$ & $0.0277829$ & $0.0238326$ & $0.0438733$ & $-0.0135533$ & $-0.00313085$ & $-0.00439114$ & $-0.0117003$ & $-0.0121426$ & $-0.020336$ & $-0.0185905$ & $-0.0102868$ & $0.0467832$ & $-0.0171494$ & $0.0450771$ & $0.002714$ & $0.0180936$ & $1$ & $-0.0340374$ & $-0.00784497$ & $0.0143883$ & $-0.00565624$ & $0.00619874$ & $0.00638488$ & $-0.0253285$ & $0.0165875$ & $-0.0289916$ \\
eHZgaint & $0.0467628$ & $0.0177613$ & $-0.0227277$ & $0.0528908$ & $0.021639$ & $-0.00585508$ & $0.00220374$ & $-0.0200681$ & $-0.0213492$ & $-0.0135532$ & $0.0199096$ & $-0.00207192$ & $-0.00524793$ & $-4.94177e-05$ & $-0.00212724$ & $0.0135857$ & $-0.0105262$ & $0.0032135$ & $-0.0155124$ & $-0.0179121$ & $-0.0223517$ & $-0.022925$ & $-0.0279581$ & $0.0139842$ & $-0.0152428$ & $0.0166136$ & $-0.0296543$ & $-0.03297$ & $-0.000379809$ & $-0.0459368$ & $0.000858926$ & $1.38638e-05$ & $-0.00867927$ & $-0.016546$ & $0.059383$ & $-0.00378975$ & $0.0579173$ & $-0.0110092$ & $-0.00103814$ & $-0.0340374$ & $1$ & $0.0250396$ & $-0.0130074$ & $-0.0354203$ & $-0.00104941$ & $0.0128173$ & $-0.0630515$ & $-0.0174502$ & $0.0107536$ \\
eHZgapar & $0.00970804$ & $0.0116231$ & $0.00386433$ & $-0.0275$ & $0.0317265$ & $-0.0213979$ & $0.0300308$ & $0.00289296$ & $0.00803423$ & $-0.0254853$ & $-0.00319236$ & $-0.0194512$ & $-0.0171814$ & $0.0157803$ & $-0.0386131$ & $0.0166215$ & $-0.00515786$ & $0.0329335$ & $-0.0158175$ & $0.00459433$ & $0.00504125$ & $0.00116441$ & $0.0132317$ & $-0.0113519$ & $0.0220755$ & $-0.012344$ & $0.0215974$ & $0.0187003$ & $0.0172954$ & $0.00885377$ & $-0.014627$ & $0.0289289$ & $-0.0310003$ & $0.0339261$ & $0.00295929$ & $-0.0316293$ & $0.000434259$ & $-0.017659$ & $-0.00829947$ & $-0.00784497$ & $0.0250396$ & $1$ & $-0.025015$ & $0.0489838$ & $0.0170782$ & $0.0261805$ & $0.0077336$ & $0.0184691$ & $-0.0387756$ \\
eHgagaint & $-0.0459225$ & $-0.0880041$ & $-0.0287122$ & $-0.0342247$ & $-0.0101496$ & $-0.0267078$ & $-0.0195453$ & $0.0153736$ & $0.0850764$ & $-0.0167207$ & $-0.0108845$ & $-0.00737119$ & $0.00338719$ & $-0.00134156$ & $0.025791$ & $0.00387736$ & $-0.00478061$ & $-0.0219334$ & $0.000591641$ & $0.00947021$ & $0.0100201$ & $0.010952$ & $-0.0116566$ & $-0.000943965$ & $-0.0150211$ & $-0.00148866$ & $-0.0140123$ & $-0.0180614$ & $-0.0360709$ & $0.0324077$ & $0.0201075$ & $-0.0227617$ & $-0.0193452$ & $-0.0139792$ & $0.0182987$ & $0.0121336$ & $0.021375$ & $-0.00519845$ & $-0.00835872$ & $0.0143883$ & $-0.0130074$ & $-0.025015$ & $1$ & $0.0377741$ & $0.0374901$ & $0.0179107$ & $0.0503568$ & $-0.012258$ & $-0.0732094$ \\
eHmumuint & $0.0269513$ & $-0.0287054$ & $-0.0432342$ & $0.0118151$ & $0.0157699$ & $-0.0267645$ & $-0.0236899$ & $-5.29189e-05$ & $0.00178481$ & $0.03986$ & $-0.00473334$ & $0.0235948$ & $0.0256393$ & $0.0154449$ & $0.024259$ & $-0.0317008$ & $0.014081$ & $-0.00897039$ & $0.0354226$ & $-0.000424437$ & $0.00490618$ & $0.00243233$ & $0.0638239$ & $0.0289632$ & $0.0274073$ & $-0.0510702$ & $0.0336374$ & $0.0201$ & $0.0115164$ & $0.0117267$ & $-0.000638591$ & $-0.0146853$ & $0.00272389$ & $-0.0217925$ & $0.0557472$ & $0.0152192$ & $-0.00473432$ & $-0.0134779$ & $0.0209617$ & $-0.00565624$ & $-0.0354203$ & $0.0489838$ & $0.0377741$ & $1$ & $0.0121689$ & $0.0292754$ & $0.0438575$ & $0.00820811$ & $0.00952868$ \\
eHtautauint & $0.00333519$ & $0.0272599$ & $0.00126066$ & $-0.0391137$ & $-0.0266325$ & $-0.00392247$ & $0.0108369$ & $0.0047565$ & $0.0098301$ & $0.0206672$ & $-0.013285$ & $0.0267166$ & $2.6639e-05$ & $0.0128955$ & $0.0351788$ & $-0.0303128$ & $0.0151793$ & $-0.0120682$ & $0.035735$ & $0.0180231$ & $0.0151809$ & $0.013354$ & $0.0515709$ & $0.0106436$ & $-0.00808506$ & $-0.0374361$ & $-0.0161269$ & $0.031615$ & $0.00742239$ & $0.0681759$ & $-0.0080241$ & $-0.00978558$ & $-0.00942324$ & $-0.0269467$ & $-0.0161261$ & $0.025105$ & $0.0314505$ & $0.0202165$ & $-0.0537625$ & $0.00619874$ & $-0.00104941$ & $0.0170782$ & $0.0374901$ & $0.0121689$ & $1$ & $0.0355883$ & $0.0122142$ & $-0.0215506$ & $-0.000717429$ \\
eHccint & $-0.022434$ & $0.0165353$ & $0.048837$ & $0.00758746$ & $0.0106976$ & $-0.0134$ & $-0.0382542$ & $-0.00960989$ & $-0.0102144$ & $0.0064839$ & $0.0164477$ & $-0.00673156$ & $-0.00886964$ & $-0.0229963$ & $-0.0360635$ & $-0.00145446$ & $0.00154896$ & $0.0180654$ & $-0.0141233$ & $-0.0172057$ & $-0.0130416$ & $-0.014183$ & $0.0266294$ & $0.00716803$ & $0.012015$ & $-0.00907383$ & $0.0268095$ & $-0.0217699$ & $-0.00258956$ & $-0.0271489$ & $0.0648204$ & $-0.0348842$ & $-0.00566452$ & $0.0347621$ & $-0.0115999$ & $0.0154854$ & $-0.0217868$ & $0.00565367$ & $0.00941324$ & $0.00638488$ & $0.0128173$ & $0.0261805$ & $0.0179107$ & $0.0292754$ & $0.0355883$ & $1$ & $0.0405383$ & $0.0489391$ & $-0.00590812$ \\
eHccpar & $-0.0189688$ & $0.00865667$ & $-0.0212909$ & $-0.0549428$ & $0.0153295$ & $0.0017015$ & $-0.00275291$ & $0.0142173$ & $0.020126$ & $-0.0047926$ & $-0.0021499$ & $0.00873723$ & $0.0176683$ & $-0.0162612$ & $0.0325965$ & $0.0106694$ & $-0.0233629$ & $-0.0414817$ & $-0.0239825$ & $0.00437635$ & $0.00385179$ & $0.00432898$ & $0.0559592$ & $-0.0197182$ & $-0.0291563$ & $-0.0296223$ & $-0.00786743$ & $0.0149502$ & $-0.0270035$ & $0.00206003$ & $0.400097$ & $4.49863e-05$ & $0.0333459$ & $-0.0132574$ & $0.0545147$ & $0.00221722$ & $-0.0205655$ & $0.014507$ & $-0.00955113$ & $-0.0253285$ & $-0.0630515$ & $0.0077336$ & $0.0503568$ & $0.0438575$ & $0.0122142$ & $0.0405383$ & $1$ & $0.00495949$ & $0.0575027$ \\
eHbbint & $0.00625095$ & $-0.046255$ & $0.00443768$ & $-0.013914$ & $0.0090957$ & $-0.0512867$ & $-0.00615347$ & $-0.028725$ & $-0.0317787$ & $-0.0239438$ & $0.0417309$ & $-0.0263547$ & $-0.0188212$ & $-0.0420109$ & $-0.0448919$ & $-0.0438102$ & $-0.00731901$ & $0.0052723$ & $0.01108$ & $-0.0492269$ & $-0.036528$ & $-0.0354031$ & $0.0251381$ & $-0.0111897$ & $0.0115471$ & $0.0153004$ & $0.027085$ & $-0.00247735$ & $-0.0193713$ & $-0.0043964$ & $-0.028783$ & $0.00560978$ & $0.18745$ & $0.0159607$ & $0.0130559$ & $0.00177907$ & $-0.0505399$ & $0.0158986$ & $-0.0110169$ & $0.0165875$ & $-0.0174502$ & $0.0184691$ & $-0.012258$ & $0.00820811$ & $-0.0215506$ & $0.0489391$ & $0.00495949$ & $1$ & $0.0736316$ \\
eHbbpar & $0.0376929$ & $0.00859163$ & $-0.03455$ & $0.0291179$ & $-0.0101127$ & $-0.0105107$ & $-0.00777482$ & $-0.0170348$ & $-0.0208005$ & $0.0195067$ & $0.023469$ & $0.043904$ & $-0.00411834$ & $-0.0115719$ & $7.77476e-05$ & $-0.0256979$ & $-0.0206964$ & $-0.0154565$ & $0.00452414$ & $-0.0232752$ & $-0.0217898$ & $-0.0258621$ & $0.00450447$ & $0.00482991$ & $-0.0142946$ & $0.0200579$ & $-0.00524397$ & $0.0190369$ & $0.0155301$ & $0.0380022$ & $0.0598827$ & $0.0196813$ & $0.546491$ & $-0.0208048$ & $0.00522617$ & $0.0153496$ & $-0.0711291$ & $-0.012109$ & $0.0545685$ & $-0.0289916$ & $0.0107536$ & $-0.0387756$ & $-0.0732094$ & $0.00952868$ & $-0.000717429$ & $-0.00590812$ & $0.0575027$ & $0.0736316$ & $1$ \\
