 & AlsMz & dAle5Mz & mtop & mHl & Mz & CW & CHG & CHWB & CHWHB_gaga & CHWHB_gagaorth & CHD & CHbox & CH & CHL1_11 & CHL1_22 & CHL1_33 & CHL3_11 & CHL3_22 & CHL3_33 & CHe_11 & CHe_22 & CHe_33 & CHQ1_11 & CHQ1_33 & CHQ3_11 & CHu_11 & CHd_11 & CHd_33 & CeH_22r & CeH_33r & CuH_22r & CuH_33r & CdH_33r & CLL_1221 & eHggint & eHggpar & eHWWint & eHWWpar & eHZZint & eHZZpar & eHZgaint & eHZgapar & eHgagaint & eHmumuint & eHtautauint & eHccint & eHccpar & eHbbint & eHbbpar \\
AlsMz & $1$ & $0.121282$ & $-0.0266914$ & $-0.146619$ & $0.027052$ & $0.0259706$ & $-0.000105268$ & $-0.0630604$ & $-0.0698157$ & $0.029419$ & $0.0463158$ & $0.0217105$ & $-0.0248916$ & $0.00552474$ & $0.0281684$ & $-0.00982478$ & $0.00565715$ & $-0.00129786$ & $0.0235768$ & $-0.0473059$ & $-0.055386$ & $-0.0595513$ & $-0.00317213$ & $-0.00646378$ & $-0.108369$ & $-0.0114168$ & $-0.1034$ & $0.0289371$ & $-0.0107064$ & $-0.0514474$ & $0.00278332$ & $-0.00555275$ & $-0.0686114$ & $-0.0753307$ & $-0.0232954$ & $0.160553$ & $0.0664085$ & $0.0029353$ & $0.189506$ & $0.021522$ & $0.0544807$ & $0.0161486$ & $0.00481825$ & $-0.126069$ & $-0.0149147$ & $-0.109758$ & $0.0473591$ & $0.0197788$ & $-0.0772819$ \\
dAle5Mz & $0.121282$ & $1$ & $0.0341051$ & $0.00864915$ & $-0.00721857$ & $0.0360083$ & $-0.0209672$ & $-0.0894246$ & $-0.0810108$ & $0.0546564$ & $0.070143$ & $0.0499316$ & $-0.00139768$ & $-0.0136923$ & $0.00100432$ & $-0.0144813$ & $0.00927564$ & $0.00914311$ & $0.0238829$ & $-0.0460189$ & $-0.0537573$ & $-0.0506908$ & $-0.0117977$ & $0.0376543$ & $-0.00630696$ & $0.0145256$ & $-0.0516308$ & $-0.00707687$ & $-0.0427182$ & $-0.00528474$ & $0.0444746$ & $-0.00918161$ & $0.0117018$ & $-0.0283487$ & $0.0623313$ & $0.0159768$ & $0.0417849$ & $-0.0190893$ & $-0.0171713$ & $0.0304223$ & $-0.0753963$ & $-0.0134318$ & $0.162244$ & $-0.169496$ & $0.0518415$ & $0.00136666$ & $0.094064$ & $-0.0213341$ & $0.0450449$ \\
mtop & $-0.0266914$ & $0.0341051$ & $1$ & $0.0653509$ & $-0.00530952$ & $0.0241904$ & $-0.00446337$ & $0.0173263$ & $0.0215812$ & $-0.0207947$ & $-0.00697606$ & $-0.00427679$ & $-0.0140407$ & $0.00308892$ & $-0.00291166$ & $-0.0236908$ & $-0.0110057$ & $-0.00582546$ & $0.00685041$ & $0.0147174$ & $0.016867$ & $0.0117123$ & $0.0118293$ & $0.0108246$ & $-0.00828381$ & $-0.0214206$ & $0.0195537$ & $0.0251251$ & $-0.0020293$ & $0.0190909$ & $0.0377331$ & $-0.00293657$ & $-0.0591896$ & $0.0168696$ & $0.0239844$ & $0.00206694$ & $-0.0870174$ & $0.0177817$ & $0.126392$ & $0.0120883$ & $-0.0506431$ & $-0.0246462$ & $-0.00426629$ & $0.0475155$ & $0.00162774$ & $-0.0258637$ & $0.0877241$ & $0.111924$ & $-0.171346$ \\
mHl & $-0.146619$ & $0.00864915$ & $0.0653509$ & $1$ & $0.007671$ & $0.0450401$ & $-0.0312277$ & $0.0208655$ & $0.019008$ & $0.00493829$ & $-0.00908401$ & $-0.000187656$ & $0.018153$ & $-0.00534336$ & $-0.0171741$ & $-0.0126344$ & $-0.0183815$ & $-0.0104953$ & $-0.0161319$ & $0.0060115$ & $0.0136258$ & $0.0085691$ & $0.00544595$ & $-0.0178716$ & $0.00206113$ & $0.00878691$ & $0.0319795$ & $0.0150359$ & $-0.0846046$ & $-0.0269739$ & $-0.00668174$ & $-0.0334673$ & $0.0589229$ & $0.0303747$ & $0.0201918$ & $-0.00417971$ & $0.0691644$ & $-0.00661583$ & $0.0722166$ & $0.0276861$ & $-0.0045388$ & $-0.000197857$ & $-0.0522235$ & $0.0985444$ & $0.0925725$ & $0.0489617$ & $0.00300389$ & $-0.00476669$ & $0.204226$ \\
Mz & $0.027052$ & $-0.00721857$ & $-0.00530952$ & $0.007671$ & $1$ & $-0.0129943$ & $-0.0197716$ & $0.0381338$ & $0.0318693$ & $-0.0143286$ & $-0.0265134$ & $-0.0144715$ & $0.00144289$ & $-0.00356845$ & $0.0297351$ & $0.0168438$ & $-0.000199481$ & $-0.0311051$ & $-0.0140601$ & $0.031004$ & $0.03371$ & $0.0408465$ & $0.00431445$ & $-0.033022$ & $-0.0129811$ & $-0.0141685$ & $0.0230081$ & $-0.0113509$ & $0.0196392$ & $0.00496224$ & $-0.0185761$ & $-0.0230899$ & $-0.0240662$ & $0.00795405$ & $0.00791116$ & $-0.0328739$ & $-0.0128127$ & $-0.0175057$ & $-0.00813527$ & $0.0182689$ & $0.0054261$ & $-0.0207821$ & $0.00137869$ & $0.0329926$ & $0.00247053$ & $-0.0467073$ & $0.000692483$ & $0.0347946$ & $-0.0187826$ \\
CW & $0.0259706$ & $0.0360083$ & $0.0241904$ & $0.0450401$ & $-0.0129943$ & $1$ & $0.013732$ & $-0.131131$ & $-0.125748$ & $0.0062348$ & $0.193699$ & $0.0471418$ & $0.00131804$ & $0.00223369$ & $-0.0913167$ & $-0.0915524$ & $-0.2697$ & $-0.0510841$ & $-0.0524976$ & $-0.189811$ & $-0.195453$ & $-0.201014$ & $-0.017605$ & $0.00352554$ & $-0.0861977$ & $0.128391$ & $-0.0584394$ & $-0.0466788$ & $-0.0101711$ & $-0.0307454$ & $-0.0090077$ & $0.0120378$ & $-0.021491$ & $-0.116389$ & $0.0417166$ & $0.00898704$ & $0.0349552$ & $0.0317521$ & $0.0382579$ & $0.00971258$ & $-0.00198447$ & $-0.0273653$ & $-0.0130565$ & $-0.0101069$ & $0.0170617$ & $-0.0129931$ & $0.0191281$ & $0.00250947$ & $0.0195451$ \\
CHG & $-0.000105268$ & $-0.0209672$ & $-0.00446337$ & $-0.0312277$ & $-0.0197716$ & $0.013732$ & $1$ & $-0.0790661$ & $-0.0299775$ & $0.0700387$ & $0.0175697$ & $0.0670753$ & $-0.302875$ & $0.0921318$ & $-0.0151734$ & $-0.00833432$ & $0.128052$ & $0.127506$ & $0.125527$ & $-0.0163727$ & $-0.0201337$ & $-0.0152595$ & $-0.0022686$ & $0.120752$ & $0.136128$ & $0.0183253$ & $-0.0120075$ & $-0.0185799$ & $0.0049439$ & $-0.125219$ & $-0.0933811$ & $0.933831$ & $-0.158051$ & $-0.0497144$ & $-0.0247245$ & $-0.0549172$ & $0.010385$ & $0.00288732$ & $0.0205131$ & $0.0121002$ & $0.00182727$ & $-0.00728333$ & $-0.00350276$ & $0.0172799$ & $-0.00200454$ & $0.0437797$ & $-0.0153976$ & $-0.0244929$ & $0.0116298$ \\
CHWB & $-0.0630604$ & $-0.0894246$ & $0.0173263$ & $0.0208655$ & $0.0381338$ & $-0.131131$ & $-0.0790661$ & $1$ & $0.984568$ & $-0.568372$ & $-0.885579$ & $-0.35506$ & $0.334897$ & $0.127153$ & $0.332504$ & $0.284073$ & $-0.220985$ & $-0.444971$ & $-0.408307$ & $0.858448$ & $0.902726$ & $0.884099$ & $0.0638182$ & $-0.66732$ & $-0.389012$ & $-0.520077$ & $0.423227$ & $0.31054$ & $0.0433428$ & $0.122482$ & $0.0127912$ & $-0.0815383$ & $0.105668$ & $0.544404$ & $0.00914819$ & $-0.00952749$ & $-0.0333487$ & $0.00758579$ & $0.00222892$ & $-0.0191277$ & $0.0225168$ & $0.0180753$ & $-0.0259353$ & $-0.0036426$ & $-0.039274$ & $0.0124992$ & $-0.0368091$ & $-0.00468836$ & $-0.0131977$ \\
CHWHB_gaga & $-0.0698157$ & $-0.0810108$ & $0.0215812$ & $0.019008$ & $0.0318693$ & $-0.125748$ & $-0.0299775$ & $0.984568$ & $1$ & $-0.558476$ & $-0.870421$ & $-0.331253$ & $0.33037$ & $0.12188$ & $0.324214$ & $0.280562$ & $-0.220291$ & $-0.438332$ & $-0.404847$ & $0.844167$ & $0.887722$ & $0.870469$ & $0.0692021$ & $-0.657721$ & $-0.382117$ & $-0.51517$ & $0.420812$ & $0.305468$ & $0.0515673$ & $0.146054$ & $0.0250086$ & $-0.0394973$ & $0.128482$ & $0.539494$ & $-0.001534$ & $-0.0126051$ & $-0.0404975$ & $0.00916886$ & $-0.0068385$ & $-0.0168928$ & $0.0230211$ & $0.0207254$ & $0.0281999$ & $-0.00864854$ & $-0.044034$ & $0.0182284$ & $-0.0371555$ & $-0.00904627$ & $-0.0153812$ \\
CHWHB_gagaorth & $0.029419$ & $0.0546564$ & $-0.0207947$ & $0.00493829$ & $-0.0143286$ & $0.0062348$ & $0.0700387$ & $-0.568372$ & $-0.558476$ & $1$ & $0.35365$ & $0.671266$ & $-0.233806$ & $0.228326$ & $-0.10786$ & $-0.10145$ & $0.43523$ & $0.482459$ & $0.476656$ & $-0.340138$ & $-0.373617$ & $-0.366057$ & $-0.0517507$ & $0.569787$ & $0.468474$ & $0.204242$ & $-0.264638$ & $-0.12009$ & $-0.00973902$ & $-0.145719$ & $-0.0296535$ & $0.0845129$ & $-0.130934$ & $-0.366615$ & $0.0467679$ & $0.00891679$ & $0.0558493$ & $-0.0134987$ & $0.0146438$ & $0.0153958$ & $-0.0276907$ & $-0.000990121$ & $0.0250934$ & $0.0261838$ & $0.0352313$ & $-0.00457198$ & $0.0360655$ & $0.0149063$ & $0.0382077$ \\
CHD & $0.0463158$ & $0.070143$ & $-0.00697606$ & $-0.00908401$ & $-0.0265134$ & $0.193699$ & $0.0175697$ & $-0.885579$ & $-0.870421$ & $0.35365$ & $1$ & $0.328421$ & $-0.163285$ & $-0.526378$ & $-0.452775$ & $-0.403759$ & $-0.22281$ & $0.0929493$ & $0.0537956$ & $-0.990715$ & $-0.991381$ & $-0.970601$ & $-0.0125639$ & $0.312907$ & $0.0239527$ & $0.58181$ & $-0.285414$ & $-0.356224$ & $-0.0425417$ & $-0.0763127$ & $0.0136505$ & $0.0355355$ & $-0.0450475$ & $-0.353116$ & $-0.000176943$ & $0.0105142$ & $0.0161138$ & $-0.0053437$ & $-0.0202597$ & $0.0191754$ & $-0.00630336$ & $-0.00940357$ & $0.0251168$ & $0.00779195$ & $0.0298295$ & $-0.00632664$ & $0.036617$ & $0.00369829$ & $0.0136468$ \\
CHbox & $0.0217105$ & $0.0499316$ & $-0.00427679$ & $-0.000187656$ & $-0.0144715$ & $0.0471418$ & $0.0670753$ & $-0.35506$ & $-0.331253$ & $0.671266$ & $0.328421$ & $1$ & $-0.262735$ & $-0.0845293$ & $-0.0516178$ & $-0.053593$ & $0.0363109$ & $0.0887905$ & $0.0832829$ & $-0.306245$ & $-0.342986$ & $-0.33402$ & $-0.0352352$ & $0.235281$ & $0.0737265$ & $0.192267$ & $-0.215446$ & $-0.128642$ & $0.0144793$ & $0.0955677$ & $0.0323243$ & $0.13163$ & $0.144761$ & $-0.251099$ & $0.0778768$ & $0.0309521$ & $0.0237559$ & $-0.0118663$ & $-0.00336356$ & $0.0140082$ & $-0.020597$ & $0.00121814$ & $0.0143208$ & $0.0154228$ & $0.00560482$ & $-0.00268293$ & $0.048501$ & $-0.00531263$ & $0.0509572$ \\
CH & $-0.0248916$ & $-0.00139768$ & $-0.0140407$ & $0.018153$ & $0.00144289$ & $0.00131804$ & $-0.302875$ & $0.334897$ & $0.33037$ & $-0.233806$ & $-0.163285$ & $-0.262735$ & $1$ & $-0.236355$ & $0.0954104$ & $0.0788748$ & $-0.352259$ & $-0.391559$ & $-0.378833$ & $0.161319$ & $0.172456$ & $0.170648$ & $0.0167642$ & $-0.379984$ & $-0.36218$ & $-0.0850058$ & $0.135282$ & $0.0518985$ & $0.0373994$ & $0.279064$ & $0.115608$ & $-0.24953$ & $0.346697$ & $0.189068$ & $0.0518136$ & $0.0120086$ & $-0.0214719$ & $0.0127187$ & $-0.0249202$ & $0.0148229$ & $0.0198458$ & $0.0107257$ & $0.0110853$ & $0.000360595$ & $-0.00981861$ & $0.0077539$ & $-0.0327629$ & $0.00788139$ & $0.0129909$ \\
CHL1_11 & $0.00552474$ & $-0.0136923$ & $0.00308892$ & $-0.00534336$ & $-0.00356845$ & $0.00223369$ & $0.0921318$ & $0.127153$ & $0.12188$ & $0.228326$ & $-0.526378$ & $-0.0845293$ & $-0.236355$ & $1$ & $0.286317$ & $0.268086$ & $0.655935$ & $0.571962$ & $0.589747$ & $0.542707$ & $0.487202$ & $0.472068$ & $-0.0691933$ & $0.447394$ & $0.579029$ & $-0.298342$ & $-0.102141$ & $0.187149$ & $0.0106408$ & $-0.0590465$ & $-0.0508377$ & $0.0573749$ & $-0.0925243$ & $-0.20244$ & $-0.0127142$ & $-0.00625554$ & $0.0295392$ & $0.00559222$ & $0.0389027$ & $-0.00712261$ & $-0.0305608$ & $-0.0265293$ & $-0.00704037$ & $0.00183793$ & $0.0120671$ & $-0.0251639$ & $-0.0219616$ & $0.000347312$ & $-0.00329763$ \\
CHL1_22 & $0.0281684$ & $0.00100432$ & $-0.00291166$ & $-0.0171741$ & $0.0297351$ & $-0.0913167$ & $-0.0151734$ & $0.332504$ & $0.324214$ & $-0.10786$ & $-0.452775$ & $-0.0516178$ & $0.0954104$ & $0.286317$ & $1$ & $0.452203$ & $0.170286$ & $-0.461276$ & $-0.0403058$ & $0.51654$ & $0.371889$ & $0.358317$ & $-0.184223$ & $0.0924053$ & $-0.154685$ & $-0.222371$ & $-0.389894$ & $0.13865$ & $0.00802816$ & $0.058926$ & $0.00109938$ & $-0.0136904$ & $0.0494764$ & $-0.581157$ & $0.0451318$ & $4.42911e-05$ & $-0.0297615$ & $0.0157736$ & $-0.0312911$ & $0.012488$ & $0.0347407$ & $0.000484539$ & $-0.0165307$ & $-0.0294625$ & $-0.0250714$ & $-0.00749762$ & $0.0171621$ & $-0.000691373$ & $0.0223716$ \\
CHL1_33 & $-0.00982478$ & $-0.0144813$ & $-0.0236908$ & $-0.0126344$ & $0.0168438$ & $-0.0915524$ & $-0.00833432$ & $0.284073$ & $0.280562$ & $-0.10145$ & $-0.403759$ & $-0.053593$ & $0.0788748$ & $0.268086$ & $0.452203$ & $1$ & $0.170583$ & $-0.0317383$ & $-0.437164$ & $0.467817$ & $0.322599$ & $0.346594$ & $-0.169436$ & $0.118146$ & $-0.133529$ & $-0.193142$ & $-0.399439$ & $0.130592$ & $0.00660682$ & $0.0607293$ & $-0.0113637$ & $-0.0164364$ & $0.0186883$ & $-0.115908$ & $-0.0272834$ & $-0.0440573$ & $-0.0123703$ & $0.0216988$ & $-0.0436389$ & $-0.0020039$ & $-0.0027482$ & $-0.0167791$ & $-0.0116699$ & $-0.0191335$ & $0.0201605$ & $-0.0084209$ & $0.00441201$ & $0.028309$ & $-0.0337706$ \\
CHL3_11 & $0.00565715$ & $0.00927564$ & $-0.0110057$ & $-0.0183815$ & $-0.000199481$ & $-0.2697$ & $0.128052$ & $-0.220985$ & $-0.220291$ & $0.43523$ & $-0.22281$ & $0.0363109$ & $-0.352259$ & $0.655935$ & $0.170286$ & $0.170583$ & $1$ & $0.723719$ & $0.729185$ & $0.243146$ & $0.189557$ & $0.186994$ & $-0.0694163$ & $0.672904$ & $0.767888$ & $-0.129683$ & $-0.173895$ & $0.0996451$ & $0.0027054$ & $-0.095144$ & $-0.0519637$ & $0.0973878$ & $-0.123571$ & $-0.244072$ & $-0.0288615$ & $-0.00658241$ & $0.0310443$ & $-0.0122858$ & $0.0428054$ & $-0.00487272$ & $-0.0266956$ & $-0.0038992$ & $0.00253578$ & $0.00144512$ & $0.0125852$ & $0.000821993$ & $0.00402054$ & $0.0116821$ & $-0.00447918$ \\
CHL3_22 & $-0.00129786$ & $0.00914311$ & $-0.00582546$ & $-0.0104953$ & $-0.0311051$ & $-0.0510841$ & $0.127506$ & $-0.444971$ & $-0.438332$ & $0.482459$ & $0.0929493$ & $0.0887905$ & $-0.391559$ & $0.571962$ & $-0.461276$ & $-0.0317383$ & $0.723719$ & $1$ & $0.671033$ & $-0.0974491$ & $-0.0885098$ & $-0.0798346$ & $0.0212669$ & $0.620024$ & $0.795626$ & $0.0365109$ & $-0.0139805$ & $-0.00995417$ & $-0.0061181$ & $-0.126745$ & $-0.0536473$ & $0.0962917$ & $-0.151719$ & $0.0423824$ & $-0.053531$ & $-0.00551881$ & $0.0500927$ & $-0.0117039$ & $0.0527671$ & $-0.0096364$ & $-0.0540931$ & $-0.0198407$ & $0.010615$ & $0.0185134$ & $0.0345234$ & $-0.00818763$ & $-0.0144845$ & $0.00674669$ & $-0.022263$ \\
CHL3_33 & $0.0235768$ & $0.0238829$ & $0.00685041$ & $-0.0161319$ & $-0.0140601$ & $-0.0524976$ & $0.125527$ & $-0.408307$ & $-0.404847$ & $0.476656$ & $0.0537956$ & $0.0832829$ & $-0.378833$ & $0.589747$ & $-0.0403058$ & $-0.437164$ & $0.729185$ & $0.671033$ & $1$ & $-0.0589411$ & $-0.0474786$ & $-0.0474028$ & $0.0135609$ & $0.601118$ & $0.789574$ & $0.0157462$ & $0.00228325$ & $-0.000729919$ & $-0.00823462$ & $-0.124376$ & $-0.0434207$ & $0.101351$ & $-0.129042$ & $-0.317842$ & $0.00351599$ & $0.029758$ & $0.0440732$ & $-0.0220551$ & $0.0655441$ & $0.00249736$ & $-0.0273348$ & $-0.0126576$ & $0.00985269$ & $0.0154899$ & $0.0104078$ & $-0.00834896$ & $-0.00104421$ & $-0.00839474$ & $0.0209642$ \\
CHe_11 & $-0.0473059$ & $-0.0460189$ & $0.0147174$ & $0.0060115$ & $0.031004$ & $-0.189811$ & $-0.0163727$ & $0.858448$ & $0.844167$ & $-0.340138$ & $-0.990715$ & $-0.306245$ & $0.161319$ & $0.542707$ & $0.51654$ & $0.467817$ & $0.243146$ & $-0.0974491$ & $-0.0589411$ & $1$ & $0.97334$ & $0.953957$ & $-0.0115626$ & $-0.260739$ & $-0.0208766$ & $-0.572458$ & $0.210682$ & $0.352627$ & $0.0417283$ & $0.0795714$ & $-0.0132509$ & $-0.0335099$ & $0.0461154$ & $0.274771$ & $0.00269071$ & $-0.0109233$ & $-0.0198986$ & $0.00647438$ & $0.0127673$ & $-0.0166714$ & $0.00446097$ & $0.00763125$ & $-0.0226871$ & $-0.0129866$ & $-0.0300116$ & $0.00517952$ & $-0.0323284$ & $-0.00343765$ & $-0.0149662$ \\
CHe_22 & $-0.055386$ & $-0.0537573$ & $0.016867$ & $0.0136258$ & $0.03371$ & $-0.195453$ & $-0.0201337$ & $0.902726$ & $0.887722$ & $-0.373617$ & $-0.991381$ & $-0.342986$ & $0.172456$ & $0.487202$ & $0.371889$ & $0.322599$ & $0.189557$ & $-0.0885098$ & $-0.0474786$ & $0.97334$ & $1$ & $0.975182$ & $0.0424087$ & $-0.369328$ & $-0.0286294$ & $-0.585174$ & $0.366223$ & $0.357111$ & $0.0436635$ & $0.0766984$ & $-0.00982171$ & $-0.0375273$ & $0.0461412$ & $0.438714$ & $0.000529513$ & $-0.0114167$ & $-0.0164261$ & $0.00235716$ & $0.024616$ & $-0.020783$ & $0.00199183$ & $0.0109651$ & $-0.0210796$ & $-0.00758391$ & $-0.0306719$ & $0.00866976$ & $-0.0366249$ & $-0.00372459$ & $-0.0162909$ \\
CHe_33 & $-0.0595513$ & $-0.0506908$ & $0.0117123$ & $0.0085691$ & $0.0408465$ & $-0.201014$ & $-0.0152595$ & $0.884099$ & $0.870469$ & $-0.366057$ & $-0.970601$ & $-0.33402$ & $0.170648$ & $0.472068$ & $0.358317$ & $0.346594$ & $0.186994$ & $-0.0798346$ & $-0.0474028$ & $0.953957$ & $0.975182$ & $1$ & $0.0390932$ & $-0.35977$ & $-0.0257191$ & $-0.570447$ & $0.360068$ & $0.353891$ & $0.0391323$ & $0.0783395$ & $-0.00993667$ & $-0.0315066$ & $0.0457768$ & $0.439727$ & $0.00187804$ & $-0.00796279$ & $-0.00943$ & $0.00276208$ & $0.0215067$ & $-0.019208$ & $-0.000864963$ & $0.00562782$ & $-0.0144511$ & $-0.00327571$ & $-0.0216582$ & $0.00776865$ & $-0.0350338$ & $0.00117756$ & $-0.0115051$ \\
CHQ1_11 & $-0.00317213$ & $-0.0117977$ & $0.0118293$ & $0.00544595$ & $0.00431445$ & $-0.017605$ & $-0.0022686$ & $0.0638182$ & $0.0692021$ & $-0.0517507$ & $-0.0125639$ & $-0.0352352$ & $0.0167642$ & $-0.0691933$ & $-0.184223$ & $-0.169436$ & $-0.0694163$ & $0.0212669$ & $0.0135609$ & $-0.0115626$ & $0.0424087$ & $0.0390932$ & $1$ & $-0.148188$ & $0.101782$ & $-0.669475$ & $0.356582$ & $0.0273753$ & $-0.0109582$ & $-0.00991056$ & $0.0207886$ & $-0.00981709$ & $-0.0179897$ & $0.210501$ & $-0.0227711$ & $-0.0118518$ & $-0.0168804$ & $-0.0368063$ & $0.0180128$ & $0.00717402$ & $0.0174545$ & $-0.0251717$ & $0.0277683$ & $-0.0109789$ & $-0.0267819$ & $0.0096188$ & $0.018828$ & $-0.039783$ & $-0.0376618$ \\
CHQ1_33 & $-0.00646378$ & $0.0376543$ & $0.0108246$ & $-0.0178716$ & $-0.033022$ & $0.00352554$ & $0.120752$ & $-0.66732$ & $-0.657721$ & $0.569787$ & $0.312907$ & $0.235281$ & $-0.379984$ & $0.447394$ & $0.0924053$ & $0.118146$ & $0.672904$ & $0.620024$ & $0.601118$ & $-0.260739$ & $-0.369328$ & $-0.35977$ & $-0.148188$ & $1$ & $0.627453$ & $0.208234$ & $-0.440369$ & $-0.0225247$ & $-0.0309273$ & $-0.111366$ & $-0.0507858$ & $0.1054$ & $-0.122187$ & $-0.624325$ & $-0.0190719$ & $-0.0149435$ & $0.0296272$ & $-0.0124739$ & $0.00630506$ & $0.0147268$ & $-0.0275695$ & $-0.0172685$ & $0.00808717$ & $-0.0052319$ & $0.0308934$ & $-0.0170656$ & $0.0231434$ & $0.0173679$ & $0.00031467$ \\
CHQ3_11 & $-0.108369$ & $-0.00630696$ & $-0.00828381$ & $0.00206113$ & $-0.0129811$ & $-0.0861977$ & $0.136128$ & $-0.389012$ & $-0.382117$ & $0.468474$ & $0.0239527$ & $0.0737265$ & $-0.36218$ & $0.579029$ & $-0.154685$ & $-0.133529$ & $0.767888$ & $0.795626$ & $0.789574$ & $-0.0208766$ & $-0.0286294$ & $-0.0257191$ & $0.101782$ & $0.627453$ & $1$ & $-0.00532322$ & $0.20769$ & $0.00712868$ & $-0.00238696$ & $-0.114561$ & $-0.0483619$ & $0.107947$ & $-0.124879$ & $-0.172671$ & $-0.0296806$ & $-0.0157418$ & $0.0410464$ & $-0.0153984$ & $0.0199307$ & $-0.0056443$ & $-0.0379621$ & $-0.0195771$ & $0.0220992$ & $0.0230357$ & $0.024664$ & $0.0206963$ & $-0.00343724$ & $-0.00490446$ & $0.0168379$ \\
CHu_11 & $-0.0114168$ & $0.0145256$ & $-0.0214206$ & $0.00878691$ & $-0.0141685$ & $0.128391$ & $0.0183253$ & $-0.520077$ & $-0.51517$ & $0.204242$ & $0.58181$ & $0.192267$ & $-0.0850058$ & $-0.298342$ & $-0.222371$ & $-0.193142$ & $-0.129683$ & $0.0365109$ & $0.0157462$ & $-0.572458$ & $-0.585174$ & $-0.570447$ & $-0.669475$ & $0.208234$ & $-0.00532322$ & $1$ & $-0.188868$ & $-0.212039$ & $-0.0113609$ & $-0.0308534$ & $-0.0074605$ & $0.0341461$ & $0.00394434$ & $-0.248071$ & $0.00588311$ & $-0.010668$ & $0.0355836$ & $0.0193526$ & $-0.0221904$ & $0.0104409$ & $-0.0184253$ & $-0.00408795$ & $-0.0161682$ & $0.0117796$ & $0.0240855$ & $0.000224031$ & $-0.0049729$ & $0.0304052$ & $0.0460724$ \\
CHd_11 & $-0.1034$ & $-0.0516308$ & $0.0195537$ & $0.0319795$ & $0.0230081$ & $-0.0584394$ & $-0.0120075$ & $0.423227$ & $0.420812$ & $-0.264638$ & $-0.285414$ & $-0.215446$ & $0.135282$ & $-0.102141$ & $-0.389894$ & $-0.399439$ & $-0.173895$ & $-0.0139805$ & $0.00228325$ & $0.210682$ & $0.366223$ & $0.360068$ & $0.356582$ & $-0.440369$ & $0.20769$ & $-0.188868$ & $1$ & $0.104237$ & $0.0257264$ & $0.0247806$ & $0.00310028$ & $-0.0149995$ & $0.03952$ & $0.69355$ & $-0.015104$ & $-0.00822772$ & $0.0130198$ & $-0.0232982$ & $0.0259384$ & $-0.0143775$ & $0.00393107$ & $0.0103407$ & $0.0139378$ & $0.0116389$ & $-0.021303$ & $0.0380217$ & $-0.0300073$ & $-0.0138095$ & $0.00817047$ \\
CHd_33 & $0.0289371$ & $-0.00707687$ & $0.0251251$ & $0.0150359$ & $-0.0113509$ & $-0.0466788$ & $-0.0185799$ & $0.31054$ & $0.305468$ & $-0.12009$ & $-0.356224$ & $-0.128642$ & $0.0518985$ & $0.187149$ & $0.13865$ & $0.130592$ & $0.0996451$ & $-0.00995417$ & $-0.000729919$ & $0.352627$ & $0.357111$ & $0.353891$ & $0.0273753$ & $-0.0225247$ & $0.00712868$ & $-0.212039$ & $0.104237$ & $1$ & $-0.0270312$ & $0.0214723$ & $-0.000121308$ & $-0.0324313$ & $-0.00609104$ & $0.145878$ & $-0.0299681$ & $0.00970788$ & $-0.0129554$ & $0.0262989$ & $-0.00564489$ & $-0.0245951$ & $-0.0245902$ & $-0.0274647$ & $-0.00684601$ & $-0.0262629$ & $0.00674765$ & $-0.00123074$ & $0.0307332$ & $0.0119856$ & $-0.0279228$ \\
CeH_22r & $-0.0107064$ & $-0.0427182$ & $-0.0020293$ & $-0.0846046$ & $0.0196392$ & $-0.0101711$ & $0.0049439$ & $0.0433428$ & $0.0515673$ & $-0.00973902$ & $-0.0425417$ & $0.0144793$ & $0.0373994$ & $0.0106408$ & $0.00802816$ & $0.00660682$ & $0.0027054$ & $-0.0061181$ & $-0.00823462$ & $0.0417283$ & $0.0436635$ & $0.0391323$ & $-0.0109582$ & $-0.0309273$ & $-0.00238696$ & $-0.0113609$ & $0.0257264$ & $-0.0270312$ & $1$ & $0.0231713$ & $0.00943192$ & $-0.0158447$ & $0.0314033$ & $0.0281294$ & $-0.0380327$ & $-0.0107809$ & $-0.0227628$ & $0.00692769$ & $-0.033727$ & $-0.019133$ & $-0.0197348$ & $-0.000319183$ & $0.0175151$ & $-0.0195791$ & $0.0203697$ & $0.0108134$ & $-0.0248971$ & $0.00451278$ & $-0.0288781$ \\
CeH_33r & $-0.0514474$ & $-0.00528474$ & $0.0190909$ & $-0.0269739$ & $0.00496224$ & $-0.0307454$ & $-0.125219$ & $0.122482$ & $0.146054$ & $-0.145719$ & $-0.0763127$ & $0.0955677$ & $0.279064$ & $-0.0590465$ & $0.058926$ & $0.0607293$ & $-0.095144$ & $-0.126745$ & $-0.124376$ & $0.0795714$ & $0.0766984$ & $0.0783395$ & $-0.00991056$ & $-0.111366$ & $-0.114561$ & $-0.0308534$ & $0.0247806$ & $0.0214723$ & $0.0231713$ & $1$ & $0.312103$ & $0.0251356$ & $0.666941$ & $0.0497566$ & $-0.0357141$ & $-0.0179213$ & $-0.134416$ & $-0.0161605$ & $-0.0597206$ & $0.0144328$ & $0.0225403$ & $0.00114003$ & $-0.00621682$ & $0.0116078$ & $0.0496519$ & $0.020396$ & $-0.0389878$ & $0.0234366$ & $-0.0109967$ \\
CuH_22r & $0.00278332$ & $0.0444746$ & $0.0377331$ & $-0.00668174$ & $-0.0185761$ & $-0.0090077$ & $-0.0933811$ & $0.0127912$ & $0.0250086$ & $-0.0296535$ & $0.0136505$ & $0.0323243$ & $0.115608$ & $-0.0508377$ & $0.00109938$ & $-0.0113637$ & $-0.0519637$ & $-0.0536473$ & $-0.0434207$ & $-0.0132509$ & $-0.00982171$ & $-0.00993667$ & $0.0207886$ & $-0.0507858$ & $-0.0483619$ & $-0.0074605$ & $0.00310028$ & $-0.000121308$ & $0.00943192$ & $0.312103$ & $1$ & $-0.0068234$ & $0.355815$ & $0.00999678$ & $-0.017884$ & $-0.0296887$ & $-0.110833$ & $0.00234198$ & $-0.0756167$ & $-0.0147082$ & $-0.00271302$ & $-0.0325588$ & $-0.00479907$ & $-0.0192777$ & $-0.0300352$ & $-0.0071415$ & $0.33187$ & $-0.0289287$ & $-0.00691432$ \\
CuH_33r & $-0.00555275$ & $-0.00918161$ & $-0.00293657$ & $-0.0334673$ & $-0.0230899$ & $0.0120378$ & $0.933831$ & $-0.0815383$ & $-0.0394973$ & $0.0845129$ & $0.0355355$ & $0.13163$ & $-0.24953$ & $0.0573749$ & $-0.0136904$ & $-0.0164364$ & $0.0973878$ & $0.0962917$ & $0.101351$ & $-0.0335099$ & $-0.0375273$ & $-0.0315066$ & $-0.00981709$ & $0.1054$ & $0.107947$ & $0.0341461$ & $-0.0149995$ & $-0.0324313$ & $-0.0158447$ & $0.0251356$ & $-0.0068234$ & $1$ & $0.0322453$ & $-0.0527467$ & $0.0479222$ & $-0.0128741$ & $-0.0147846$ & $-0.00830599$ & $0.0138525$ & $0.0110144$ & $-0.00427396$ & $-0.00394412$ & $0.00920632$ & $0.0205882$ & $-0.00964503$ & $0.0331962$ & $-0.00342033$ & $-0.0321972$ & $0.0372231$ \\
CdH_33r & $-0.0686114$ & $0.0117018$ & $-0.0591896$ & $0.0589229$ & $-0.0240662$ & $-0.021491$ & $-0.158051$ & $0.105668$ & $0.128482$ & $-0.130934$ & $-0.0450475$ & $0.144761$ & $0.346697$ & $-0.0925243$ & $0.0494764$ & $0.0186883$ & $-0.123571$ & $-0.151719$ & $-0.129042$ & $0.0461154$ & $0.0461412$ & $0.0457768$ & $-0.0179897$ & $-0.122187$ & $-0.124879$ & $0.00394434$ & $0.03952$ & $-0.00609104$ & $0.0314033$ & $0.666941$ & $0.355815$ & $0.0322453$ & $1$ & $0.0435549$ & $0.000275071$ & $0.0105993$ & $-0.148009$ & $-0.0317038$ & $-0.0711425$ & $0.00784088$ & $0.0284407$ & $0.00157127$ & $0.000210841$ & $-0.0106496$ & $-0.0526417$ & $0.00360387$ & $-0.0146751$ & $0.113741$ & $0.384235$ \\
CLL_1221 & $-0.0753307$ & $-0.0283487$ & $0.0168696$ & $0.0303747$ & $0.00795405$ & $-0.116389$ & $-0.0497144$ & $0.544404$ & $0.539494$ & $-0.366615$ & $-0.353116$ & $-0.251099$ & $0.189068$ & $-0.20244$ & $-0.581157$ & $-0.115908$ & $-0.244072$ & $0.0423824$ & $-0.317842$ & $0.274771$ & $0.438714$ & $0.439727$ & $0.210501$ & $-0.624325$ & $-0.172671$ & $-0.248071$ & $0.69355$ & $0.145878$ & $0.0281294$ & $0.0497566$ & $0.00999678$ & $-0.0527467$ & $0.0435549$ & $1$ & $-0.0363533$ & $-0.00965733$ & $7.52725e-05$ & $-0.00912475$ & $0.0286427$ & $-0.0274026$ & $-0.011268$ & $0.0196025$ & $0.00412767$ & $0.0136196$ & $-0.0105716$ & $0.0232163$ & $-0.0384933$ & $0.00180335$ & $-0.0304246$ \\
eHggint & $-0.0232954$ & $0.0623313$ & $0.0239844$ & $0.0201918$ & $0.00791116$ & $0.0417166$ & $-0.0247245$ & $0.00914819$ & $-0.001534$ & $0.0467679$ & $-0.000176943$ & $0.0778768$ & $0.0518136$ & $-0.0127142$ & $0.0451318$ & $-0.0272834$ & $-0.0288615$ & $-0.053531$ & $0.00351599$ & $0.00269071$ & $0.000529513$ & $0.00187804$ & $-0.0227711$ & $-0.0190719$ & $-0.0296806$ & $0.00588311$ & $-0.015104$ & $-0.0299681$ & $-0.0380327$ & $-0.0357141$ & $-0.017884$ & $0.0479222$ & $0.000275071$ & $-0.0363533$ & $1$ & $0.0660826$ & $0.0208622$ & $-0.000189307$ & $0.0606874$ & $-0.0631342$ & $0.0154156$ & $-0.00826314$ & $0.102966$ & $-0.0259027$ & $-0.0406009$ & $-0.115098$ & $0.0482935$ & $0.00849737$ & $0.130122$ \\
eHggpar & $0.160553$ & $0.0159768$ & $0.00206694$ & $-0.00417971$ & $-0.0328739$ & $0.00898704$ & $-0.0549172$ & $-0.00952749$ & $-0.0126051$ & $0.00891679$ & $0.0105142$ & $0.0309521$ & $0.0120086$ & $-0.00625554$ & $4.42911e-05$ & $-0.0440573$ & $-0.00658241$ & $-0.00551881$ & $0.029758$ & $-0.0109233$ & $-0.0114167$ & $-0.00796279$ & $-0.0118518$ & $-0.0149435$ & $-0.0157418$ & $-0.010668$ & $-0.00822772$ & $0.00970788$ & $-0.0107809$ & $-0.0179213$ & $-0.0296887$ & $-0.0128741$ & $0.0105993$ & $-0.00965733$ & $0.0660826$ & $1$ & $0.0196495$ & $-0.0401514$ & $0.0373427$ & $0.02867$ & $-0.20335$ & $-0.00788798$ & $0.00114095$ & $0.103495$ & $-0.076886$ & $-0.00233048$ & $-0.00801814$ & $-0.139225$ & $0.140754$ \\
eHWWint & $0.0664085$ & $0.0417849$ & $-0.0870174$ & $0.0691644$ & $-0.0128127$ & $0.0349552$ & $0.010385$ & $-0.0333487$ & $-0.0404975$ & $0.0558493$ & $0.0161138$ & $0.0237559$ & $-0.0214719$ & $0.0295392$ & $-0.0297615$ & $-0.0123703$ & $0.0310443$ & $0.0500927$ & $0.0440732$ & $-0.0198986$ & $-0.0164261$ & $-0.00943$ & $-0.0168804$ & $0.0296272$ & $0.0410464$ & $0.0355836$ & $0.0130198$ & $-0.0129554$ & $-0.0227628$ & $-0.134416$ & $-0.110833$ & $-0.0147846$ & $-0.148009$ & $7.52725e-05$ & $0.0208622$ & $0.0196495$ & $1$ & $0.04867$ & $0.0530183$ & $0.0612427$ & $-0.111842$ & $-0.0267214$ & $0.0824316$ & $0.119501$ & $0.114222$ & $0.0409342$ & $0.0273396$ & $0.0180802$ & $0.0804984$ \\
eHWWpar & $0.0029353$ & $-0.0190893$ & $0.0177817$ & $-0.00661583$ & $-0.0175057$ & $0.0317521$ & $0.00288732$ & $0.00758579$ & $0.00916886$ & $-0.0134987$ & $-0.0053437$ & $-0.0118663$ & $0.0127187$ & $0.00559222$ & $0.0157736$ & $0.0216988$ & $-0.0122858$ & $-0.0117039$ & $-0.0220551$ & $0.00647438$ & $0.00235716$ & $0.00276208$ & $-0.0368063$ & $-0.0124739$ & $-0.0153984$ & $0.0193526$ & $-0.0232982$ & $0.0262989$ & $0.00692769$ & $-0.0161605$ & $0.00234198$ & $-0.00830599$ & $-0.0317038$ & $-0.00912475$ & $-0.000189307$ & $-0.0401514$ & $0.04867$ & $1$ & $-0.0487403$ & $0.00466694$ & $0.0185643$ & $0.010818$ & $-0.000726256$ & $-0.00959905$ & $0.0237066$ & $0.0170692$ & $0.00411043$ & $0.0493604$ & $-0.0597765$ \\
eHZZint & $0.189506$ & $-0.0171713$ & $0.126392$ & $0.0722166$ & $-0.00813527$ & $0.0382579$ & $0.0205131$ & $0.00222892$ & $-0.0068385$ & $0.0146438$ & $-0.0202597$ & $-0.00336356$ & $-0.0249202$ & $0.0389027$ & $-0.0312911$ & $-0.0436389$ & $0.0428054$ & $0.0527671$ & $0.0655441$ & $0.0127673$ & $0.024616$ & $0.0215067$ & $0.0180128$ & $0.00630506$ & $0.0199307$ & $-0.0221904$ & $0.0259384$ & $-0.00564489$ & $-0.033727$ & $-0.0597206$ & $-0.0756167$ & $0.0138525$ & $-0.0711425$ & $0.0286427$ & $0.0606874$ & $0.0373427$ & $0.0530183$ & $-0.0487403$ & $1$ & $0.0142437$ & $0.0327278$ & $-0.00895588$ & $-0.0801037$ & $0.114835$ & $-0.0189522$ & $-0.00149608$ & $-0.0595818$ & $-0.0718201$ & $-0.0073993$ \\
eHZZpar & $0.021522$ & $0.0304223$ & $0.0120883$ & $0.0276861$ & $0.0182689$ & $0.00971258$ & $0.0121002$ & $-0.0191277$ & $-0.0168928$ & $0.0153958$ & $0.0191754$ & $0.0140082$ & $0.0148229$ & $-0.00712261$ & $0.012488$ & $-0.0020039$ & $-0.00487272$ & $-0.0096364$ & $0.00249736$ & $-0.0166714$ & $-0.020783$ & $-0.019208$ & $0.00717402$ & $0.0147268$ & $-0.0056443$ & $0.0104409$ & $-0.0143775$ & $-0.0245951$ & $-0.019133$ & $0.0144328$ & $-0.0147082$ & $0.0110144$ & $0.00784088$ & $-0.0274026$ & $-0.0631342$ & $0.02867$ & $0.0612427$ & $0.00466694$ & $0.0142437$ & $1$ & $-0.0570391$ & $-0.0241213$ & $-0.0145557$ & $0.0382905$ & $0.0118825$ & $0.0298373$ & $0.00347614$ & $-0.0268325$ & $0.0282935$ \\
eHZgaint & $0.0544807$ & $-0.0753963$ & $-0.0506431$ & $-0.0045388$ & $0.0054261$ & $-0.00198447$ & $0.00182727$ & $0.0225168$ & $0.0230211$ & $-0.0276907$ & $-0.00630336$ & $-0.020597$ & $0.0198458$ & $-0.0305608$ & $0.0347407$ & $-0.0027482$ & $-0.0266956$ & $-0.0540931$ & $-0.0273348$ & $0.00446097$ & $0.00199183$ & $-0.000864963$ & $0.0174545$ & $-0.0275695$ & $-0.0379621$ & $-0.0184253$ & $0.00393107$ & $-0.0245902$ & $-0.0197348$ & $0.0225403$ & $-0.00271302$ & $-0.00427396$ & $0.0284407$ & $-0.011268$ & $0.0154156$ & $-0.20335$ & $-0.111842$ & $0.0185643$ & $0.0327278$ & $-0.0570391$ & $1$ & $0.0374453$ & $0.0418799$ & $-0.0979199$ & $0.00371436$ & $-0.103822$ & $-0.0211776$ & $0.000994391$ & $-0.0132957$ \\
eHZgapar & $0.0161486$ & $-0.0134318$ & $-0.0246462$ & $-0.000197857$ & $-0.0207821$ & $-0.0273653$ & $-0.00728333$ & $0.0180753$ & $0.0207254$ & $-0.000990121$ & $-0.00940357$ & $0.00121814$ & $0.0107257$ & $-0.0265293$ & $0.000484539$ & $-0.0167791$ & $-0.0038992$ & $-0.0198407$ & $-0.0126576$ & $0.00763125$ & $0.0109651$ & $0.00562782$ & $-0.0251717$ & $-0.0172685$ & $-0.0195771$ & $-0.00408795$ & $0.0103407$ & $-0.0274647$ & $-0.000319183$ & $0.00114003$ & $-0.0325588$ & $-0.00394412$ & $0.00157127$ & $0.0196025$ & $-0.00826314$ & $-0.00788798$ & $-0.0267214$ & $0.010818$ & $-0.00895588$ & $-0.0241213$ & $0.0374453$ & $1$ & $0.0209409$ & $-0.0403452$ & $-0.0168942$ & $0.0161407$ & $-0.0340031$ & $0.0404762$ & $-0.00980259$ \\
eHgagaint & $0.00481825$ & $0.162244$ & $-0.00426629$ & $-0.0522235$ & $0.00137869$ & $-0.0130565$ & $-0.00350276$ & $-0.0259353$ & $0.0281999$ & $0.0250934$ & $0.0251168$ & $0.0143208$ & $0.0110853$ & $-0.00704037$ & $-0.0165307$ & $-0.0116699$ & $0.00253578$ & $0.010615$ & $0.00985269$ & $-0.0226871$ & $-0.0210796$ & $-0.0144511$ & $0.0277683$ & $0.00808717$ & $0.0220992$ & $-0.0161682$ & $0.0139378$ & $-0.00684601$ & $0.0175151$ & $-0.00621682$ & $-0.00479907$ & $0.00920632$ & $0.000210841$ & $0.00412767$ & $0.102966$ & $0.00114095$ & $0.0824316$ & $-0.000726256$ & $-0.0801037$ & $-0.0145557$ & $0.0418799$ & $0.0209409$ & $1$ & $-0.0695671$ & $-0.0349553$ & $-0.15094$ & $0.0330534$ & $-0.00764046$ & $-0.00336083$ \\
eHmumuint & $-0.126069$ & $-0.169496$ & $0.0475155$ & $0.0985444$ & $0.0329926$ & $-0.0101069$ & $0.0172799$ & $-0.0036426$ & $-0.00864854$ & $0.0261838$ & $0.00779195$ & $0.0154228$ & $0.000360595$ & $0.00183793$ & $-0.0294625$ & $-0.0191335$ & $0.00144512$ & $0.0185134$ & $0.0154899$ & $-0.0129866$ & $-0.00758391$ & $-0.00327571$ & $-0.0109789$ & $-0.0052319$ & $0.0230357$ & $0.0117796$ & $0.0116389$ & $-0.0262629$ & $-0.0195791$ & $0.0116078$ & $-0.0192777$ & $0.0205882$ & $-0.0106496$ & $0.0136196$ & $-0.0259027$ & $0.103495$ & $0.119501$ & $-0.00959905$ & $0.114835$ & $0.0382905$ & $-0.0979199$ & $-0.0403452$ & $-0.0695671$ & $1$ & $0.117407$ & $0.0575404$ & $-0.0577736$ & $-0.0135717$ & $0.0455372$ \\
eHtautauint & $-0.0149147$ & $0.0518415$ & $0.00162774$ & $0.0925725$ & $0.00247053$ & $0.0170617$ & $-0.00200454$ & $-0.039274$ & $-0.044034$ & $0.0352313$ & $0.0298295$ & $0.00560482$ & $-0.00981861$ & $0.0120671$ & $-0.0250714$ & $0.0201605$ & $0.0125852$ & $0.0345234$ & $0.0104078$ & $-0.0300116$ & $-0.0306719$ & $-0.0216582$ & $-0.0267819$ & $0.0308934$ & $0.024664$ & $0.0240855$ & $-0.021303$ & $0.00674765$ & $0.0203697$ & $0.0496519$ & $-0.0300352$ & $-0.00964503$ & $-0.0526417$ & $-0.0105716$ & $-0.0406009$ & $-0.076886$ & $0.114222$ & $0.0237066$ & $-0.0189522$ & $0.0118825$ & $0.00371436$ & $-0.0168942$ & $-0.0349553$ & $0.117407$ & $1$ & $0.019626$ & $0.0086399$ & $0.0876235$ & $-0.0761468$ \\
eHccint & $-0.109758$ & $0.00136666$ & $-0.0258637$ & $0.0489617$ & $-0.0467073$ & $-0.0129931$ & $0.0437797$ & $0.0124992$ & $0.0182284$ & $-0.00457198$ & $-0.00632664$ & $-0.00268293$ & $0.0077539$ & $-0.0251639$ & $-0.00749762$ & $-0.0084209$ & $0.000821993$ & $-0.00818763$ & $-0.00834896$ & $0.00517952$ & $0.00866976$ & $0.00776865$ & $0.0096188$ & $-0.0170656$ & $0.0206963$ & $0.000224031$ & $0.0380217$ & $-0.00123074$ & $0.0108134$ & $0.020396$ & $-0.0071415$ & $0.0331962$ & $0.00360387$ & $0.0232163$ & $-0.115098$ & $-0.00233048$ & $0.0409342$ & $0.0170692$ & $-0.00149608$ & $0.0298373$ & $-0.103822$ & $0.0161407$ & $-0.15094$ & $0.0575404$ & $0.019626$ & $1$ & $-0.188364$ & $-0.0652135$ & $0.061648$ \\
eHccpar & $0.0473591$ & $0.094064$ & $0.0877241$ & $0.00300389$ & $0.000692483$ & $0.0191281$ & $-0.0153976$ & $-0.0368091$ & $-0.0371555$ & $0.0360655$ & $0.036617$ & $0.048501$ & $-0.0327629$ & $-0.0219616$ & $0.0171621$ & $0.00441201$ & $0.00402054$ & $-0.0144845$ & $-0.00104421$ & $-0.0323284$ & $-0.0366249$ & $-0.0350338$ & $0.018828$ & $0.0231434$ & $-0.00343724$ & $-0.0049729$ & $-0.0300073$ & $0.0307332$ & $-0.0248971$ & $-0.0389878$ & $0.33187$ & $-0.00342033$ & $-0.0146751$ & $-0.0384933$ & $0.0482935$ & $-0.00801814$ & $0.0273396$ & $0.00411043$ & $-0.0595818$ & $0.00347614$ & $-0.0211776$ & $-0.0340031$ & $0.0330534$ & $-0.0577736$ & $0.0086399$ & $-0.188364$ & $1$ & $-0.0624905$ & $0.037687$ \\
eHbbint & $0.0197788$ & $-0.0213341$ & $0.111924$ & $-0.00476669$ & $0.0347946$ & $0.00250947$ & $-0.0244929$ & $-0.00468836$ & $-0.00904627$ & $0.0149063$ & $0.00369829$ & $-0.00531263$ & $0.00788139$ & $0.000347312$ & $-0.000691373$ & $0.028309$ & $0.0116821$ & $0.00674669$ & $-0.00839474$ & $-0.00343765$ & $-0.00372459$ & $0.00117756$ & $-0.039783$ & $0.0173679$ & $-0.00490446$ & $0.0304052$ & $-0.0138095$ & $0.0119856$ & $0.00451278$ & $0.0234366$ & $-0.0289287$ & $-0.0321972$ & $0.113741$ & $0.00180335$ & $0.00849737$ & $-0.139225$ & $0.0180802$ & $0.0493604$ & $-0.0718201$ & $-0.0268325$ & $0.000994391$ & $0.0404762$ & $-0.00764046$ & $-0.0135717$ & $0.0876235$ & $-0.0652135$ & $-0.0624905$ & $1$ & $-0.0663427$ \\
eHbbpar & $-0.0772819$ & $0.0450449$ & $-0.171346$ & $0.204226$ & $-0.0187826$ & $0.0195451$ & $0.0116298$ & $-0.0131977$ & $-0.0153812$ & $0.0382077$ & $0.0136468$ & $0.0509572$ & $0.0129909$ & $-0.00329763$ & $0.0223716$ & $-0.0337706$ & $-0.00447918$ & $-0.022263$ & $0.0209642$ & $-0.0149662$ & $-0.0162909$ & $-0.0115051$ & $-0.0376618$ & $0.00031467$ & $0.0168379$ & $0.0460724$ & $0.00817047$ & $-0.0279228$ & $-0.0288781$ & $-0.0109967$ & $-0.00691432$ & $0.0372231$ & $0.384235$ & $-0.0304246$ & $0.130122$ & $0.140754$ & $0.0804984$ & $-0.0597765$ & $-0.0073993$ & $0.0282935$ & $-0.0132957$ & $-0.00980259$ & $-0.00336083$ & $0.0455372$ & $-0.0761468$ & $0.061648$ & $0.037687$ & $-0.0663427$ & $1$ \\
