 & AlsMz & dAle5Mz & mtop & mHl & Mz & CW & CHG & CHWB & CHWHB_gaga & CHWHB_gagaorth & CHD & CHbox & CH & CHL1_11 & CHL1_22 & CHL1_33 & CHL3_11 & CHL3_22 & CHL3_33 & CHe_11 & CHe_22 & CHe_33 & CHQ1_11 & CHQ1_33 & CHQ3_11 & CHu_11 & CHd_11 & CHd_33 & CeH_22r & CeH_33r & CuH_22r & CuH_33r & CdH_33r & CLL_1221 & eHggint & eHggpar & eHWWint & eHWWpar & eHZZint & eHZZpar & eHZgaint & eHZgapar & eHgagaint & eHmumuint & eHtautauint & eHccint & eHccpar & eHbbint & eHbbpar \\
AlsMz & $1$ & $0.136795$ & $0.0166986$ & $0.0516776$ & $0.0613891$ & $-0.0268856$ & $0.0266562$ & $-0.0500138$ & $-0.0562703$ & $0.034499$ & $0.0624605$ & $0.0154886$ & $-0.0148961$ & $-0.0745666$ & $-0.0263044$ & $-0.0134261$ & $-0.0102478$ & $-0.0147131$ & $-0.0206166$ & $-0.0655051$ & $-0.0644028$ & $-0.0618467$ & $-0.0171886$ & $-0.0417953$ & $-0.0914119$ & $0.0258723$ & $-0.0387094$ & $-0.0374013$ & $-0.0298819$ & $-0.00752385$ & $-0.0285948$ & $0.0461941$ & $0.0288072$ & $0.000683479$ & $0.0548966$ & $-0.0335635$ & $0.0604305$ & $0.00634731$ & $0.168589$ & $-0.0198134$ & $0.422279$ & $-0.0830037$ & $-0.0875336$ & $-0.0704649$ & $-0.0796797$ & $0.119273$ & $-0.111977$ & $0.0235049$ & $0.0807744$ \\
dAle5Mz & $0.136795$ & $1$ & $0.0369086$ & $-0.094087$ & $0.00664987$ & $0.0036627$ & $-0.000488432$ & $-0.0600641$ & $-0.0558208$ & $0.00444519$ & $0.06509$ & $0.08431$ & $0.0393591$ & $-0.0521292$ & $-0.00846495$ & $-0.0264842$ & $-0.0256926$ & $-0.0242877$ & $-0.0169558$ & $-0.0503608$ & $-0.0483656$ & $-0.0531641$ & $0.0285675$ & $-0.00804414$ & $-0.0343538$ & $-0.00576923$ & $-0.0230044$ & $-0.0114075$ & $0.00917024$ & $-0.0151408$ & $-0.051676$ & $0.0415194$ & $0.0293709$ & $-0.000203403$ & $0.155391$ & $0.354236$ & $0.249899$ & $-0.0119984$ & $-0.131163$ & $-0.00998959$ & $0.104316$ & $-0.0441832$ & $0.197984$ & $0.0718708$ & $-0.258075$ & $0.0463061$ & $-0.271131$ & $-0.019718$ & $0.0857793$ \\
mtop & $0.0166986$ & $0.0369086$ & $1$ & $-0.0759706$ & $0.009282$ & $-0.0311841$ & $0.0571049$ & $0.0494384$ & $0.0489627$ & $-0.0583141$ & $-0.0197545$ & $-0.0200695$ & $-0.0178274$ & $-0.0318322$ & $-0.031337$ & $-0.0228359$ & $-0.0418196$ & $-0.0252622$ & $-0.0407886$ & $0.0197866$ & $0.030602$ & $0.0299442$ & $0.0176454$ & $-0.0635431$ & $-0.0228178$ & $0.0103525$ & $0.0763645$ & $0.00177791$ & $0.0539372$ & $-0.00577837$ & $0.0260443$ & $0.0825224$ & $0.0454558$ & $0.0707569$ & $0.238325$ & $0.0380909$ & $-0.136029$ & $-0.0821585$ & $-0.0253029$ & $-0.01226$ & $0.188946$ & $0.0124761$ & $-0.0226173$ & $0.00916748$ & $-0.119206$ & $0.239368$ & $0.0378603$ & $-0.183319$ & $0.110788$ \\
mHl & $0.0516776$ & $-0.094087$ & $-0.0759706$ & $1$ & $-0.019437$ & $-0.00202968$ & $-0.0532084$ & $-0.0288143$ & $-0.0175666$ & $-0.000448123$ & $0.0350702$ & $-0.00673725$ & $-0.0130181$ & $-0.0140104$ & $-0.023744$ & $-0.028759$ & $-0.0128716$ & $0.00567032$ & $0.00523445$ & $-0.039041$ & $-0.0362642$ & $-0.041217$ & $-0.0253063$ & $0.00958835$ & $-0.0186181$ & $0.0273991$ & $-0.024859$ & $-0.0233565$ & $-0.0380683$ & $0.0169654$ & $0.0768453$ & $-0.0441636$ & $0.0955866$ & $-0.00804562$ & $0.039557$ & $-0.10856$ & $-0.121098$ & $0.00567523$ & $0.241713$ & $-0.0541951$ & $-0.203146$ & $-0.00085792$ & $0.168968$ & $-0.105557$ & $-0.115094$ & $0.123699$ & $0.285464$ & $0.181332$ & $0.0999594$ \\
Mz & $0.0613891$ & $0.00664987$ & $0.009282$ & $-0.019437$ & $1$ & $0.00453366$ & $-0.0103824$ & $-0.0173291$ & $-0.0183677$ & $0.012997$ & $0.0408521$ & $-0.00391672$ & $-0.0201902$ & $-0.0284127$ & $-0.0299487$ & $-0.0202767$ & $-0.0300902$ & $-0.0122425$ & $-0.0213133$ & $-0.0362486$ & $-0.0302836$ & $-0.0325889$ & $-0.0185571$ & $-0.0244443$ & $-0.0293512$ & $0.0196907$ & $-0.00843974$ & $-0.0340092$ & $0.0405503$ & $-0.0431106$ & $-0.0140865$ & $-0.0204394$ & $-0.036836$ & $0.00740588$ & $-0.0186399$ & $-0.0295276$ & $0.0185562$ & $0.00200191$ & $-0.0230632$ & $0.0119901$ & $0.0287438$ & $0.0228939$ & $-0.000733732$ & $-0.0256541$ & $0.0236099$ & $0.0630811$ & $0.000830983$ & $0.00302266$ & $-0.0273445$ \\
CW & $-0.0268856$ & $0.0036627$ & $-0.0311841$ & $-0.00202968$ & $0.00453366$ & $1$ & $-0.0314032$ & $-0.159682$ & $-0.156957$ & $0.0428458$ & $0.203764$ & $0.0674063$ & $0.0213136$ & $0.04316$ & $-0.0966419$ & $-0.0705388$ & $-0.240393$ & $-0.0066102$ & $-0.0305432$ & $-0.195936$ & $-0.209994$ & $-0.203805$ & $-0.040471$ & $0.0422744$ & $-0.0671725$ & $0.127579$ & $-0.109628$ & $-0.079064$ & $0.0186281$ & $0.00827309$ & $-0.0166052$ & $-0.0190325$ & $0.0220065$ & $-0.13785$ & $-0.0112926$ & $0.0240922$ & $-0.024392$ & $0.0015032$ & $-0.0481367$ & $0.0225157$ & $0.0042265$ & $-0.00312906$ & $-0.0113778$ & $0.050588$ & $-0.0119069$ & $0.0074975$ & $-0.00155766$ & $0.0139366$ & $0.0107514$ \\
CHG & $0.0266562$ & $-0.000488432$ & $0.0571049$ & $-0.0532084$ & $-0.0103824$ & $-0.0314032$ & $1$ & $-0.0992326$ & $-0.0498946$ & $0.0611958$ & $0.0354962$ & $-0.27671$ & $-0.331748$ & $0.082889$ & $-0.018247$ & $-0.0351272$ & $0.134247$ & $0.130075$ & $0.141726$ & $-0.0326612$ & $-0.037212$ & $-0.0341208$ & $0.00595082$ & $0.124857$ & $0.118377$ & $0.0108661$ & $-0.0458716$ & $-0.0154823$ & $-0.00296408$ & $-0.156085$ & $-0.0571151$ & $0.931524$ & $-0.176942$ & $-0.0588643$ & $-0.0571155$ & $-0.0461461$ & $0.0277367$ & $0.0228439$ & $-0.115512$ & $0.0516835$ & $-0.00529191$ & $0.0522746$ & $0.00835337$ & $-0.0226633$ & $-0.120272$ & $-0.00885123$ & $0.0812179$ & $0.0164073$ & $0.0190054$ \\
CHWB & $-0.0500138$ & $-0.0600641$ & $0.0494384$ & $-0.0288143$ & $-0.0173291$ & $-0.159682$ & $-0.0992326$ & $1$ & $0.985448$ & $-0.582339$ & $-0.877216$ & $0.0554665$ & $0.332634$ & $0.0917682$ & $0.326216$ & $0.295068$ & $-0.22592$ & $-0.449442$ & $-0.424331$ & $0.84917$ & $0.895788$ & $0.876095$ & $0.0824942$ & $-0.671605$ & $-0.396344$ & $-0.523093$ & $0.419453$ & $0.253839$ & $0.0309672$ & $0.130281$ & $0.0453142$ & $-0.0893661$ & $0.113326$ & $0.536438$ & $-0.0163354$ & $0.009545$ & $-0.0246576$ & $0.0157334$ & $0.0275318$ & $-0.0232189$ & $0.020211$ & $-0.00517698$ & $0.0311875$ & $-0.0498128$ & $0.0445959$ & $-0.0101748$ & $-0.0159059$ & $-0.0137356$ & $-0.0174088$ \\
CHWHB_gaga & $-0.0562703$ & $-0.0558208$ & $0.0489627$ & $-0.0175666$ & $-0.0183677$ & $-0.156957$ & $-0.0498946$ & $0.985448$ & $1$ & $-0.573401$ & $-0.861925$ & $0.0674116$ & $0.328651$ & $0.0857123$ & $0.31867$ & $0.289427$ & $-0.227622$ & $-0.445154$ & $-0.421763$ & $0.834689$ & $0.880599$ & $0.861757$ & $0.0809913$ & $-0.66333$ & $-0.390472$ & $-0.510514$ & $0.419244$ & $0.251223$ & $0.0382897$ & $0.150116$ & $0.0594901$ & $-0.0474434$ & $0.136723$ & $0.53116$ & $-0.0220134$ & $0.00678955$ & $-0.0174267$ & $0.0147261$ & $0.00361029$ & $-0.0205378$ & $0.0111241$ & $-0.0057193$ & $0.0783458$ & $-0.0443016$ & $0.0369938$ & $-0.0080724$ & $-0.0069133$ & $-0.0074551$ & $-0.0100399$ \\
CHWHB_gagaorth & $0.034499$ & $0.00444519$ & $-0.0583141$ & $-0.000448123$ & $0.012997$ & $0.0428458$ & $0.0611958$ & $-0.582339$ & $-0.573401$ & $1$ & $0.378158$ & $0.219929$ & $-0.261138$ & $0.202996$ & $-0.166905$ & $-0.136183$ & $0.401089$ & $0.490614$ & $0.471853$ & $-0.366347$ & $-0.393343$ & $-0.383752$ & $-0.0731555$ & $0.557468$ & $0.464712$ & $0.24372$ & $-0.225512$ & $-0.102697$ & $-0.0235584$ & $-0.151201$ & $-0.0843332$ & $0.0759573$ & $-0.154482$ & $-0.324209$ & $0.0539127$ & $0.0325333$ & $0.020365$ & $0.0045843$ & $0.0109523$ & $0.0310856$ & $-0.0429733$ & $0.0186275$ & $-0.0217224$ & $0.0633107$ & $-0.0128341$ & $-0.000541141$ & $0.049902$ & $-0.0278173$ & $-0.0276424$ \\
CHD & $0.0624605$ & $0.06509$ & $-0.0197545$ & $0.0350702$ & $0.0408521$ & $0.203764$ & $0.0354962$ & $-0.877216$ & $-0.861925$ & $0.378158$ & $1$ & $0.106735$ & $-0.155081$ & $-0.511265$ & $-0.454049$ & $-0.419266$ & $-0.233004$ & $0.0831923$ & $0.0510626$ & $-0.990279$ & $-0.991175$ & $-0.969997$ & $-0.0289502$ & $0.301234$ & $0.010445$ & $0.584944$ & $-0.272012$ & $-0.294985$ & $-0.00691534$ & $-0.0755268$ & $-0.0192525$ & $0.0386163$ & $-0.0596921$ & $-0.33054$ & $0.022708$ & $-0.00545242$ & $0.018585$ & $-0.00982486$ & $-0.0317163$ & $0.0174604$ & $0.0019587$ & $-0.000249808$ & $-0.0293418$ & $0.0501923$ & $-0.0447253$ & $0.018678$ & $0.00252639$ & $0.0106295$ & $0.0315133$ \\
CHbox & $0.0154886$ & $0.08431$ & $-0.0200695$ & $-0.00673725$ & $-0.00391672$ & $0.0674063$ & $-0.27671$ & $0.0554665$ & $0.0674116$ & $0.219929$ & $0.106735$ & $1$ & $0.749363$ & $-0.304454$ & $0.021172$ & $0.0364918$ & $-0.353521$ & $-0.313879$ & $-0.324165$ & $-0.088973$ & $-0.1074$ & $-0.104946$ & $-0.0279695$ & $-0.196443$ & $-0.312189$ & $0.0897289$ & $-0.0135253$ & $-0.043907$ & $0.09231$ & $0.327017$ & $0.0978043$ & $-0.182169$ & $0.388365$ & $0.0110911$ & $0.0971724$ & $0.0734562$ & $0.0526401$ & $-0.00975677$ & $0.0147313$ & $0.0114453$ & $0.0393587$ & $-0.0223208$ & $0.0270689$ & $0.0671863$ & $-0.00374979$ & $-0.0278393$ & $-0.0378952$ & $-0.0315817$ & $0.0232578$ \\
CH & $-0.0148961$ & $0.0393591$ & $-0.0178274$ & $-0.0130181$ & $-0.0201902$ & $0.0213136$ & $-0.331748$ & $0.332634$ & $0.328651$ & $-0.261138$ & $-0.155081$ & $0.749363$ & $1$ & $-0.234941$ & $0.103374$ & $0.108755$ & $-0.373196$ & $-0.398691$ & $-0.403302$ & $0.157949$ & $0.159613$ & $0.155389$ & $0.0104905$ & $-0.377475$ & $-0.386725$ & $-0.0763712$ & $0.104271$ & $0.0282316$ & $0.0809555$ & $0.281472$ & $0.10196$ & $-0.276816$ & $0.33914$ & $0.168655$ & $0.0435543$ & $0.0202507$ & $0.0196987$ & $0.00412652$ & $0.0180145$ & $-0.0092425$ & $0.0562834$ & $-0.0456035$ & $0.0477609$ & $0.0137567$ & $0.0400644$ & $-0.033411$ & $-0.0809545$ & $-0.00238733$ & $0.057451$ \\
CHL1_11 & $-0.0745666$ & $-0.0521292$ & $-0.0318322$ & $-0.0140104$ & $-0.0284127$ & $0.04316$ & $0.082889$ & $0.0917682$ & $0.0857123$ & $0.202996$ & $-0.511265$ & $-0.304454$ & $-0.234941$ & $1$ & $0.288126$ & $0.28168$ & $0.665181$ & $0.589013$ & $0.599005$ & $0.529502$ & $0.469416$ & $0.457241$ & $-0.0706033$ & $0.48163$ & $0.599307$ & $-0.285671$ & $-0.141144$ & $0.165007$ & $-0.0307111$ & $-0.0690481$ & $-0.0251086$ & $0.0558304$ & $-0.0737169$ & $-0.240134$ & $-0.0237709$ & $-0.0254674$ & $-0.0022601$ & $-0.00553067$ & $0.00322071$ & $0.0106254$ & $-0.0443293$ & $0.0154659$ & $0.00127006$ & $-0.00754503$ & $0.0322814$ & $0.00426906$ & $0.0505523$ & $0.00522087$ & $-0.046836$ \\
CHL1_22 & $-0.0263044$ & $-0.00846495$ & $-0.031337$ & $-0.023744$ & $-0.0299487$ & $-0.0966419$ & $-0.018247$ & $0.326216$ & $0.31867$ & $-0.166905$ & $-0.454049$ & $0.021172$ & $0.103374$ & $0.288126$ & $1$ & $0.446966$ & $0.176926$ & $-0.451722$ & $-0.0158885$ & $0.517273$ & $0.371824$ & $0.361097$ & $-0.180604$ & $0.0976081$ & $-0.131934$ & $-0.209093$ & $-0.390787$ & $0.106157$ & $0.00337044$ & $0.05895$ & $0.0212473$ & $-0.0187387$ & $0.0580085$ & $-0.593829$ & $0.00645051$ & $0.0131283$ & $-0.00151398$ & $-0.018292$ & $0.0195416$ & $-0.0072194$ & $-0.00739083$ & $-0.0051855$ & $-0.00852891$ & $0.00498524$ & $0.00275548$ & $-0.037213$ & $-0.0327674$ & $-0.000892843$ & $0.00519742$ \\
CHL1_33 & $-0.0134261$ & $-0.0264842$ & $-0.0228359$ & $-0.028759$ & $-0.0202767$ & $-0.0705388$ & $-0.0351272$ & $0.295068$ & $0.289427$ & $-0.136183$ & $-0.419266$ & $0.0364918$ & $0.108755$ & $0.28168$ & $0.446966$ & $1$ & $0.158457$ & $-0.0271362$ & $-0.420478$ & $0.484297$ & $0.339268$ & $0.355196$ & $-0.164508$ & $0.113058$ & $-0.114763$ & $-0.206766$ & $-0.386496$ & $0.127149$ & $0.00979424$ & $0.0491734$ & $0.00394374$ & $-0.0348155$ & $0.0336109$ & $-0.119858$ & $-0.00971621$ & $0.0223905$ & $0.00323047$ & $-0.038004$ & $-0.0221401$ & $-0.00677849$ & $0.0269685$ & $-0.00909438$ & $0.0402425$ & $0.0242157$ & $0.0134549$ & $-0.046877$ & $-0.0195178$ & $0.0086656$ & $-0.0209084$ \\
CHL3_11 & $-0.0102478$ & $-0.0256926$ & $-0.0418196$ & $-0.0128716$ & $-0.0300902$ & $-0.240393$ & $0.134247$ & $-0.22592$ & $-0.227622$ & $0.401089$ & $-0.233004$ & $-0.353521$ & $-0.373196$ & $0.665181$ & $0.176926$ & $0.158457$ & $1$ & $0.722785$ & $0.744929$ & $0.250496$ & $0.199434$ & $0.196336$ & $-0.0619118$ & $0.666767$ & $0.783889$ & $-0.126151$ & $-0.167482$ & $0.0784329$ & $-0.0571321$ & $-0.108211$ & $-0.0576115$ & $0.110467$ & $-0.103982$ & $-0.253982$ & $-0.00996549$ & $-0.0140096$ & $-0.000855148$ & $-0.000303446$ & $0.0220197$ & $0.00648021$ & $-0.0505877$ & $0.0129386$ & $-0.00184157$ & $-0.0137184$ & $-0.0017585$ & $-0.0212804$ & $0.0188916$ & $0.0019505$ & $-0.00401381$ \\
CHL3_22 & $-0.0147131$ & $-0.0242877$ & $-0.0252622$ & $0.00567032$ & $-0.0122425$ & $-0.0066102$ & $0.130075$ & $-0.449442$ & $-0.445154$ & $0.490614$ & $0.0831923$ & $-0.313879$ & $-0.398691$ & $0.589013$ & $-0.451722$ & $-0.0271362$ & $0.722785$ & $1$ & $0.67095$ & $-0.0870993$ & $-0.0793751$ & $-0.0730114$ & $0.0168308$ & $0.626347$ & $0.799499$ & $0.029982$ & $-0.0238178$ & $0.00596811$ & $-0.0424145$ & $-0.141419$ & $-0.0604981$ & $0.104952$ & $-0.140371$ & $0.0323266$ & $-0.0148249$ & $-0.0221684$ & $0.00746692$ & $0.00119338$ & $-0.00779392$ & $0.0164288$ & $-0.0388003$ & $0.0168487$ & $0.00112648$ & $-0.0011614$ & $0.00528545$ & $0.0106521$ & $0.0542161$ & $0.0072523$ & $-0.0308425$ \\
CHL3_33 & $-0.0206166$ & $-0.0169558$ & $-0.0407886$ & $0.00523445$ & $-0.0213133$ & $-0.0305432$ & $0.141726$ & $-0.424331$ & $-0.421763$ & $0.471853$ & $0.0510626$ & $-0.324165$ & $-0.403302$ & $0.599005$ & $-0.0158885$ & $-0.420478$ & $0.744929$ & $0.67095$ & $1$ & $-0.0553295$ & $-0.0488874$ & $-0.0422305$ & $0.00377957$ & $0.62078$ & $0.792537$ & $0.0237892$ & $-0.0297063$ & $-0.00844788$ & $-0.053697$ & $-0.133824$ & $-0.0483198$ & $0.115831$ & $-0.121474$ & $-0.343648$ & $-0.00760677$ & $-0.029022$ & $0.00184035$ & $0.0147307$ & $0.0248993$ & $0.0205581$ & $-0.0636058$ & $0.0194391$ & $-0.0351503$ & $-0.0172128$ & $0.00047933$ & $0.00958897$ & $0.0439106$ & $0.00175839$ & $-0.0125923$ \\
CHe_11 & $-0.0655051$ & $-0.0503608$ & $0.0197866$ & $-0.039041$ & $-0.0362486$ & $-0.195936$ & $-0.0326612$ & $0.84917$ & $0.834689$ & $-0.366347$ & $-0.990279$ & $-0.088973$ & $0.157949$ & $0.529502$ & $0.517273$ & $0.484297$ & $0.250496$ & $-0.0870993$ & $-0.0553295$ & $1$ & $0.972282$ & $0.952024$ & $0.00261279$ & $-0.246977$ & $-0.00676237$ & $-0.574989$ & $0.195556$ & $0.290274$ & $0.0126855$ & $0.0747767$ & $0.018801$ & $-0.0355689$ & $0.0585057$ & $0.249849$ & $-0.0168421$ & $0.0148665$ & $-0.0129406$ & $0.00393152$ & $0.0279427$ & $-0.0181501$ & $0.000783066$ & $0.00110957$ & $0.0283853$ & $-0.0435555$ & $0.0412718$ & $-0.0227982$ & $-0.007929$ & $-0.0106$ & $-0.035146$ \\
CHe_22 & $-0.0644028$ & $-0.0483656$ & $0.030602$ & $-0.0362642$ & $-0.0302836$ & $-0.209994$ & $-0.037212$ & $0.895788$ & $0.880599$ & $-0.393343$ & $-0.991175$ & $-0.1074$ & $0.159613$ & $0.469416$ & $0.371824$ & $0.339268$ & $0.199434$ & $-0.0793751$ & $-0.0488874$ & $0.972282$ & $1$ & $0.974742$ & $0.0599776$ & $-0.359109$ & $-0.0177568$ & $-0.588521$ & $0.354996$ & $0.293007$ & $0.0079231$ & $0.0760352$ & $0.0194403$ & $-0.0392781$ & $0.0612939$ & $0.418894$ & $-0.0205067$ & $0.00941479$ & $-0.0187804$ & $0.0173773$ & $0.0315026$ & $-0.0186641$ & $-0.00313172$ & $0.0015201$ & $0.0324655$ & $-0.0521955$ & $0.0410665$ & $-0.0126262$ & $-0.00569236$ & $-0.011313$ & $-0.0269699$ \\
CHe_33 & $-0.0618467$ & $-0.0531641$ & $0.0299442$ & $-0.041217$ & $-0.0325889$ & $-0.203805$ & $-0.0341208$ & $0.876095$ & $0.861757$ & $-0.383752$ & $-0.969997$ & $-0.104946$ & $0.155389$ & $0.457241$ & $0.361097$ & $0.355196$ & $0.196336$ & $-0.0730114$ & $-0.0422305$ & $0.952024$ & $0.974742$ & $1$ & $0.0572236$ & $-0.348284$ & $-0.0148661$ & $-0.575173$ & $0.348173$ & $0.286754$ & $0.00645471$ & $0.076251$ & $0.0231111$ & $-0.0361507$ & $0.0603028$ & $0.414019$ & $-0.0233849$ & $0.0141776$ & $-0.0159904$ & $0.00979721$ & $0.0281317$ & $-0.0130017$ & $0.000899824$ & $-0.000841553$ & $0.0386413$ & $-0.0493884$ & $0.0424173$ & $-0.0150289$ & $-0.00512771$ & $-0.0101955$ & $-0.0285374$ \\
CHQ1_11 & $-0.0171886$ & $0.0285675$ & $0.0176454$ & $-0.0253063$ & $-0.0185571$ & $-0.040471$ & $0.00595082$ & $0.0824942$ & $0.0809913$ & $-0.0731555$ & $-0.0289502$ & $-0.0279695$ & $0.0104905$ & $-0.0706033$ & $-0.180604$ & $-0.164508$ & $-0.0619118$ & $0.0168308$ & $0.00377957$ & $0.00261279$ & $0.0599776$ & $0.0572236$ & $1$ & $-0.144269$ & $0.0863821$ & $-0.677328$ & $0.362959$ & $0.0290437$ & $0.0148881$ & $0.0142554$ & $0.018983$ & $0.0115558$ & $0.0191418$ & $0.228877$ & $-0.00447175$ & $0.0253125$ & $-0.0371886$ & $-0.0213247$ & $0.000543183$ & $-0.0052586$ & $-0.00366244$ & $0.0223174$ & $-0.0271495$ & $-0.0355848$ & $-0.0059805$ & $-0.0226597$ & $-0.0133759$ & $-0.0227281$ & $0.0333839$ \\
CHQ1_33 & $-0.0417953$ & $-0.00804414$ & $-0.0635431$ & $0.00958835$ & $-0.0244443$ & $0.0422744$ & $0.124857$ & $-0.671605$ & $-0.66333$ & $0.557468$ & $0.301234$ & $-0.196443$ & $-0.377475$ & $0.48163$ & $0.0976081$ & $0.113058$ & $0.666767$ & $0.626347$ & $0.62078$ & $-0.246977$ & $-0.359109$ & $-0.348284$ & $-0.144269$ & $1$ & $0.639955$ & $0.203896$ & $-0.444493$ & $0.0236062$ & $-0.0401708$ & $-0.126985$ & $-0.0464452$ & $0.104528$ & $-0.120118$ & $-0.632703$ & $0.0235741$ & $-0.0141738$ & $0.0175387$ & $-0.0217792$ & $-0.0168388$ & $0.0170477$ & $-0.0559052$ & $0.000929572$ & $-0.0102633$ & $0.0342135$ & $-0.0067042$ & $-0.0201978$ & $0.0525279$ & $0.0165555$ & $-0.014209$ \\
CHQ3_11 & $-0.0914119$ & $-0.0343538$ & $-0.0228178$ & $-0.0186181$ & $-0.0293512$ & $-0.0671725$ & $0.118377$ & $-0.396344$ & $-0.390472$ & $0.464712$ & $0.010445$ & $-0.312189$ & $-0.386725$ & $0.599307$ & $-0.131934$ & $-0.114763$ & $0.783889$ & $0.799499$ & $0.792537$ & $-0.00676237$ & $-0.0177568$ & $-0.0148661$ & $0.0863821$ & $0.639955$ & $1$ & $-0.00346571$ & $0.184608$ & $0.0178035$ & $-0.0460094$ & $-0.130366$ & $-0.0626586$ & $0.0873293$ & $-0.142438$ & $-0.190997$ & $-0.0044089$ & $-0.0257724$ & $0.0126927$ & $0.0265905$ & $0.0032971$ & $0.0260064$ & $-0.0609714$ & $0.0146663$ & $-0.0122362$ & $-0.0168683$ & $0.00465867$ & $0.0095333$ & $0.0465412$ & $-0.0252449$ & $-0.0455822$ \\
CHu_11 & $0.0258723$ & $-0.00576923$ & $0.0103525$ & $0.0273991$ & $0.0196907$ & $0.127579$ & $0.0108661$ & $-0.523093$ & $-0.510514$ & $0.24372$ & $0.584944$ & $0.0897289$ & $-0.0763712$ & $-0.285671$ & $-0.209093$ & $-0.206766$ & $-0.126151$ & $0.029982$ & $0.0237892$ & $-0.574989$ & $-0.588521$ & $-0.575173$ & $-0.677328$ & $0.203896$ & $-0.00346571$ & $1$ & $-0.184926$ & $-0.180481$ & $-0.0126666$ & $-0.0530167$ & $-0.0268498$ & $0.00725116$ & $-0.0643956$ & $-0.252163$ & $0.0140401$ & $-0.0280967$ & $0.0470143$ & $0.0226433$ & $-0.0026924$ & $0.0226093$ & $-0.00293118$ & $-0.0194884$ & $-0.00753841$ & $0.0285125$ & $-0.0128118$ & $0.0477016$ & $-0.00113948$ & $-0.00793549$ & $-0.0294209$ \\
CHd_11 & $-0.0387094$ & $-0.0230044$ & $0.0763645$ & $-0.024859$ & $-0.00843974$ & $-0.109628$ & $-0.0458716$ & $0.419453$ & $0.419244$ & $-0.225512$ & $-0.272012$ & $-0.0135253$ & $0.104271$ & $-0.141144$ & $-0.390787$ & $-0.386496$ & $-0.167482$ & $-0.0238178$ & $-0.0297063$ & $0.195556$ & $0.354996$ & $0.348173$ & $0.362959$ & $-0.444493$ & $0.184608$ & $-0.184926$ & $1$ & $0.0851017$ & $0.00909698$ & $0.0313479$ & $0.00280685$ & $-0.0458515$ & $0.00668617$ & $0.697848$ & $0.00950463$ & $-0.00514633$ & $0.00732978$ & $0.0624429$ & $0.0297327$ & $0.00540436$ & $0.0156578$ & $-0.0113636$ & $0.0112209$ & $-0.0727764$ & $0.021791$ & $0.0405831$ & $0.0072921$ & $-0.0535918$ & $-0.0337202$ \\
CHd_33 & $-0.0374013$ & $-0.0114075$ & $0.00177791$ & $-0.0233565$ & $-0.0340092$ & $-0.079064$ & $-0.0154823$ & $0.253839$ & $0.251223$ & $-0.102697$ & $-0.294985$ & $-0.043907$ & $0.0282316$ & $0.165007$ & $0.106157$ & $0.127149$ & $0.0784329$ & $0.00596811$ & $-0.00844788$ & $0.290274$ & $0.293007$ & $0.286754$ & $0.0290437$ & $0.0236062$ & $0.0178035$ & $-0.180481$ & $0.0851017$ & $1$ & $-0.0246263$ & $0.0221621$ & $-0.00948336$ & $-0.0120319$ & $0.00955948$ & $0.119647$ & $0.0240834$ & $0.00250588$ & $-0.0535487$ & $0.00930028$ & $0.0148189$ & $-0.0211708$ & $0.00360788$ & $0.00839854$ & $0.00664876$ & $-0.0246297$ & $0.00643252$ & $-0.0341143$ & $-0.0171384$ & $0.0188746$ & $0.00651669$ \\
CeH_22r & $-0.0298819$ & $0.00917024$ & $0.0539372$ & $-0.0380683$ & $0.0405503$ & $0.0186281$ & $-0.00296408$ & $0.0309672$ & $0.0382897$ & $-0.0235584$ & $-0.00691534$ & $0.09231$ & $0.0809555$ & $-0.0307111$ & $0.00337044$ & $0.00979424$ & $-0.0571321$ & $-0.0424145$ & $-0.053697$ & $0.0126855$ & $0.0079231$ & $0.00645471$ & $0.0148881$ & $-0.0401708$ & $-0.0460094$ & $-0.0126666$ & $0.00909698$ & $-0.0246263$ & $1$ & $0.0392115$ & $0.00213732$ & $-0.0223079$ & $0.045405$ & $0.01691$ & $0.0231172$ & $-0.0196226$ & $-0.0463365$ & $-0.00373291$ & $0.010386$ & $-0.000419086$ & $-0.0208788$ & $-0.0203284$ & $-0.0136026$ & $-0.0238875$ & $0.0225899$ & $0.01572$ & $-0.0587405$ & $-0.0346609$ & $-0.00911388$ \\
CeH_33r & $-0.00752385$ & $-0.0151408$ & $-0.00577837$ & $0.0169654$ & $-0.0431106$ & $0.00827309$ & $-0.156085$ & $0.130281$ & $0.150116$ & $-0.151201$ & $-0.0755268$ & $0.327017$ & $0.281472$ & $-0.0690481$ & $0.05895$ & $0.0491734$ & $-0.108211$ & $-0.141419$ & $-0.133824$ & $0.0747767$ & $0.0760352$ & $0.076251$ & $0.0142554$ & $-0.126985$ & $-0.130366$ & $-0.0530167$ & $0.0313479$ & $0.0221621$ & $0.0392115$ & $1$ & $0.330912$ & $-0.00231061$ & $0.693614$ & $0.0550489$ & $-0.0520431$ & $-0.0589703$ & $-0.141209$ & $-0.000796765$ & $0.0455467$ & $-0.0160666$ & $-0.0409127$ & $-0.0242446$ & $0.0073765$ & $0.0143074$ & $0.086257$ & $0.0302397$ & $0.00358996$ & $0.0657153$ & $0.114644$ \\
CuH_22r & $-0.0285948$ & $-0.051676$ & $0.0260443$ & $0.0768453$ & $-0.0140865$ & $-0.0166052$ & $-0.0571151$ & $0.0453142$ & $0.0594901$ & $-0.0843332$ & $-0.0192525$ & $0.0978043$ & $0.10196$ & $-0.0251086$ & $0.0212473$ & $0.00394374$ & $-0.0576115$ & $-0.0604981$ & $-0.0483198$ & $0.018801$ & $0.0194403$ & $0.0231111$ & $0.018983$ & $-0.0464452$ & $-0.0626586$ & $-0.0268498$ & $0.00280685$ & $-0.00948336$ & $0.00213732$ & $0.330912$ & $1$ & $0.0366674$ & $0.402252$ & $0.0120492$ & $-0.0120294$ & $-0.0635297$ & $-0.0934934$ & $-0.0138628$ & $0.0350933$ & $-0.000722959$ & $-0.053993$ & $0.0177097$ & $-0.0102192$ & $0.0264548$ & $0.00209509$ & $0.0957446$ & $0.233921$ & $0.0412732$ & $0.0537152$ \\
CuH_33r & $0.0461941$ & $0.0415194$ & $0.0825224$ & $-0.0441636$ & $-0.0204394$ & $-0.0190325$ & $0.931524$ & $-0.0893661$ & $-0.0474434$ & $0.0759573$ & $0.0386163$ & $-0.182169$ & $-0.276816$ & $0.0558304$ & $-0.0187387$ & $-0.0348155$ & $0.110467$ & $0.104952$ & $0.115831$ & $-0.0355689$ & $-0.0392781$ & $-0.0361507$ & $0.0115558$ & $0.104528$ & $0.0873293$ & $0.00725116$ & $-0.0458515$ & $-0.0120319$ & $-0.0223079$ & $-0.00231061$ & $0.0366674$ & $1$ & $0.0237089$ & $-0.0477376$ & $0.00863736$ & $-0.00810387$ & $0.0130362$ & $0.0231457$ & $-0.0945438$ & $0.0526363$ & $-0.00547311$ & $0.055472$ & $0.0279989$ & $-0.0202283$ & $-0.139096$ & $-0.0354747$ & $0.0957918$ & $0.0198739$ & $0.0540491$ \\
CdH_33r & $0.0288072$ & $0.0293709$ & $0.0454558$ & $0.0955866$ & $-0.036836$ & $0.0220065$ & $-0.176942$ & $0.113326$ & $0.136723$ & $-0.154482$ & $-0.0596921$ & $0.388365$ & $0.33914$ & $-0.0737169$ & $0.0580085$ & $0.0336109$ & $-0.103982$ & $-0.140371$ & $-0.121474$ & $0.0585057$ & $0.0612939$ & $0.0603028$ & $0.0191418$ & $-0.120118$ & $-0.142438$ & $-0.0643956$ & $0.00668617$ & $0.00955948$ & $0.045405$ & $0.693614$ & $0.402252$ & $0.0237089$ & $1$ & $0.0447463$ & $0.00903257$ & $-0.0968594$ & $-0.260429$ & $0.00750643$ & $-0.0252943$ & $-0.0258765$ & $-0.124127$ & $-0.00427909$ & $0.0548852$ & $0.103199$ & $0.0174222$ & $-0.00831805$ & $0.0140636$ & $0.250297$ & $0.437877$ \\
CLL_1221 & $0.000683479$ & $-0.000203403$ & $0.0707569$ & $-0.00804562$ & $0.00740588$ & $-0.13785$ & $-0.0588643$ & $0.536438$ & $0.53116$ & $-0.324209$ & $-0.33054$ & $0.0110911$ & $0.168655$ & $-0.240134$ & $-0.593829$ & $-0.119858$ & $-0.253982$ & $0.0323266$ & $-0.343648$ & $0.249849$ & $0.418894$ & $0.414019$ & $0.228877$ & $-0.632703$ & $-0.190997$ & $-0.252163$ & $0.697848$ & $0.119647$ & $0.01691$ & $0.0550489$ & $0.0120492$ & $-0.0477376$ & $0.0447463$ & $1$ & $-0.00866412$ & $0.0143757$ & $-0.00992221$ & $0.0317947$ & $0.00643964$ & $-0.0150835$ & $0.0255866$ & $-0.00249409$ & $0.0459901$ & $-0.045883$ & $0.0184847$ & $0.0186582$ & $-0.00441716$ & $-0.012177$ & $-0.00117459$ \\
eHggint & $0.0548966$ & $0.155391$ & $0.238325$ & $0.039557$ & $-0.0186399$ & $-0.0112926$ & $-0.0571155$ & $-0.0163354$ & $-0.0220134$ & $0.0539127$ & $0.022708$ & $0.0971724$ & $0.0435543$ & $-0.0237709$ & $0.00645051$ & $-0.00971621$ & $-0.00996549$ & $-0.0148249$ & $-0.00760677$ & $-0.0168421$ & $-0.0205067$ & $-0.0233849$ & $-0.00447175$ & $0.0235741$ & $-0.0044089$ & $0.0140401$ & $0.00950463$ & $0.0240834$ & $0.0231172$ & $-0.0520431$ & $-0.0120294$ & $0.00863736$ & $0.00903257$ & $-0.00866412$ & $1$ & $0.0725194$ & $0.107212$ & $0.037196$ & $0.200319$ & $0.0416688$ & $-0.0415103$ & $-0.0368754$ & $0.102052$ & $-0.0337467$ & $-0.0626651$ & $-0.126295$ & $0.133906$ & $-0.128771$ & $0.101089$ \\
eHggpar & $-0.0335635$ & $0.354236$ & $0.0380909$ & $-0.10856$ & $-0.0295276$ & $0.0240922$ & $-0.0461461$ & $0.009545$ & $0.00678955$ & $0.0325333$ & $-0.00545242$ & $0.0734562$ & $0.0202507$ & $-0.0254674$ & $0.0131283$ & $0.0223905$ & $-0.0140096$ & $-0.0221684$ & $-0.029022$ & $0.0148665$ & $0.00941479$ & $0.0141776$ & $0.0253125$ & $-0.0141738$ & $-0.0257724$ & $-0.0280967$ & $-0.00514633$ & $0.00250588$ & $-0.0196226$ & $-0.0589703$ & $-0.0635297$ & $-0.00810387$ & $-0.0968594$ & $0.0143757$ & $0.0725194$ & $1$ & $0.175437$ & $0.000242212$ & $-0.0980888$ & $0.0396804$ & $0.0557592$ & $-0.0150544$ & $0.107396$ & $0.368758$ & $-0.184065$ & $-0.277272$ & $-0.107471$ & $-0.172284$ & $-0.133732$ \\
eHWWint & $0.0604305$ & $0.249899$ & $-0.136029$ & $-0.121098$ & $0.0185562$ & $-0.024392$ & $0.0277367$ & $-0.0246576$ & $-0.0174267$ & $0.020365$ & $0.018585$ & $0.0526401$ & $0.0196987$ & $-0.0022601$ & $-0.00151398$ & $0.00323047$ & $-0.000855148$ & $0.00746692$ & $0.00184035$ & $-0.0129406$ & $-0.0187804$ & $-0.0159904$ & $-0.0371886$ & $0.0175387$ & $0.0126927$ & $0.0470143$ & $0.00732978$ & $-0.0535487$ & $-0.0463365$ & $-0.141209$ & $-0.0934934$ & $0.0130362$ & $-0.260429$ & $-0.00992221$ & $0.107212$ & $0.175437$ & $1$ & $-0.0494768$ & $-0.308629$ & $-0.0173109$ & $0.1069$ & $-0.00767601$ & $0.235837$ & $-0.0200282$ & $-0.0351476$ & $-0.0729126$ & $-0.0747567$ & $-0.124406$ & $-0.346292$ \\
eHWWpar & $0.00634731$ & $-0.0119984$ & $-0.0821585$ & $0.00567523$ & $0.00200191$ & $0.0015032$ & $0.0228439$ & $0.0157334$ & $0.0147261$ & $0.0045843$ & $-0.00982486$ & $-0.00975677$ & $0.00412652$ & $-0.00553067$ & $-0.018292$ & $-0.038004$ & $-0.000303446$ & $0.00119338$ & $0.0147307$ & $0.00393152$ & $0.0173773$ & $0.00979721$ & $-0.0213247$ & $-0.0217792$ & $0.0265905$ & $0.0226433$ & $0.0624429$ & $0.00930028$ & $-0.00373291$ & $-0.000796765$ & $-0.0138628$ & $0.0231457$ & $0.00750643$ & $0.0317947$ & $0.037196$ & $0.000242212$ & $-0.0494768$ & $1$ & $0.0428939$ & $0.00640861$ & $-0.056725$ & $-0.0355133$ & $-0.0131538$ & $0.114808$ & $-0.00682029$ & $0.0186395$ & $-0.00979076$ & $0.0570559$ & $0.0781142$ \\
eHZZint & $0.168589$ & $-0.131163$ & $-0.0253029$ & $0.241713$ & $-0.0230632$ & $-0.0481367$ & $-0.115512$ & $0.0275318$ & $0.00361029$ & $0.0109523$ & $-0.0317163$ & $0.0147313$ & $0.0180145$ & $0.00322071$ & $0.0195416$ & $-0.0221401$ & $0.0220197$ & $-0.00779392$ & $0.0248993$ & $0.0279427$ & $0.0315026$ & $0.0281317$ & $0.000543183$ & $-0.0168388$ & $0.0032971$ & $-0.0026924$ & $0.0297327$ & $0.0148189$ & $0.010386$ & $0.0455467$ & $0.0350933$ & $-0.0945438$ & $-0.0252943$ & $0.00643964$ & $0.200319$ & $-0.0980888$ & $-0.308629$ & $0.0428939$ & $1$ & $-0.0719001$ & $0.0618326$ & $-0.00868816$ & $-0.361657$ & $-0.411592$ & $0.192359$ & $0.158377$ & $0.224066$ & $-0.195144$ & $-0.154383$ \\
eHZZpar & $-0.0198134$ & $-0.00998959$ & $-0.01226$ & $-0.0541951$ & $0.0119901$ & $0.0225157$ & $0.0516835$ & $-0.0232189$ & $-0.0205378$ & $0.0310856$ & $0.0174604$ & $0.0114453$ & $-0.0092425$ & $0.0106254$ & $-0.0072194$ & $-0.00677849$ & $0.00648021$ & $0.0164288$ & $0.0205581$ & $-0.0181501$ & $-0.0186641$ & $-0.0130017$ & $-0.0052586$ & $0.0170477$ & $0.0260064$ & $0.0226093$ & $0.00540436$ & $-0.0211708$ & $-0.000419086$ & $-0.0160666$ & $-0.000722959$ & $0.0526363$ & $-0.0258765$ & $-0.0150835$ & $0.0416688$ & $0.0396804$ & $-0.0173109$ & $0.00640861$ & $-0.0719001$ & $1$ & $0.0102312$ & $-0.00132072$ & $-0.0214338$ & $0.0723049$ & $-0.00381013$ & $-0.054527$ & $0.029004$ & $-0.0570912$ & $-0.0355745$ \\
eHZgaint & $0.422279$ & $0.104316$ & $0.188946$ & $-0.203146$ & $0.0287438$ & $0.0042265$ & $-0.00529191$ & $0.020211$ & $0.0111241$ & $-0.0429733$ & $0.0019587$ & $0.0393587$ & $0.0562834$ & $-0.0443293$ & $-0.00739083$ & $0.0269685$ & $-0.0505877$ & $-0.0388003$ & $-0.0636058$ & $0.000783066$ & $-0.00313172$ & $0.000899824$ & $-0.00366244$ & $-0.0559052$ & $-0.0609714$ & $-0.00293118$ & $0.0156578$ & $0.00360788$ & $-0.0208788$ & $-0.0409127$ & $-0.053993$ & $-0.00547311$ & $-0.124127$ & $0.0255866$ & $-0.0415103$ & $0.0557592$ & $0.1069$ & $-0.056725$ & $0.0618326$ & $0.0102312$ & $1$ & $-0.0612193$ & $-0.155757$ & $-0.190917$ & $-0.188193$ & $-0.0956421$ & $-0.128287$ & $-0.164052$ & $-0.304339$ \\
eHZgapar & $-0.0830037$ & $-0.0441832$ & $0.0124761$ & $-0.00085792$ & $0.0228939$ & $-0.00312906$ & $0.0522746$ & $-0.00517698$ & $-0.0057193$ & $0.0186275$ & $-0.000249808$ & $-0.0223208$ & $-0.0456035$ & $0.0154659$ & $-0.0051855$ & $-0.00909438$ & $0.0129386$ & $0.0168487$ & $0.0194391$ & $0.00110957$ & $0.0015201$ & $-0.000841553$ & $0.0223174$ & $0.000929572$ & $0.0146663$ & $-0.0194884$ & $-0.0113636$ & $0.00839854$ & $-0.0203284$ & $-0.0242446$ & $0.0177097$ & $0.055472$ & $-0.00427909$ & $-0.00249409$ & $-0.0368754$ & $-0.0150544$ & $-0.00767601$ & $-0.0355133$ & $-0.00868816$ & $-0.00132072$ & $-0.0612193$ & $1$ & $-0.0377159$ & $0.00777414$ & $0.048719$ & $0.0638194$ & $0.0355011$ & $0.0488022$ & $-0.0516297$ \\
eHgagaint & $-0.0875336$ & $0.197984$ & $-0.0226173$ & $0.168968$ & $-0.000733732$ & $-0.0113778$ & $0.00835337$ & $0.0311875$ & $0.0783458$ & $-0.0217224$ & $-0.0293418$ & $0.0270689$ & $0.0477609$ & $0.00127006$ & $-0.00852891$ & $0.0402425$ & $-0.00184157$ & $0.00112648$ & $-0.0351503$ & $0.0283853$ & $0.0324655$ & $0.0386413$ & $-0.0271495$ & $-0.0102633$ & $-0.0122362$ & $-0.00753841$ & $0.0112209$ & $0.00664876$ & $-0.0136026$ & $0.0073765$ & $-0.0102192$ & $0.0279989$ & $0.0548852$ & $0.0459901$ & $0.102052$ & $0.107396$ & $0.235837$ & $-0.0131538$ & $-0.361657$ & $-0.0214338$ & $-0.155757$ & $-0.0377159$ & $1$ & $0.0835422$ & $-0.0388177$ & $-0.0882744$ & $-0.0812927$ & $0.149924$ & $0.143742$ \\
eHmumuint & $-0.0704649$ & $0.0718708$ & $0.00916748$ & $-0.105557$ & $-0.0256541$ & $0.050588$ & $-0.0226633$ & $-0.0498128$ & $-0.0443016$ & $0.0633107$ & $0.0501923$ & $0.0671863$ & $0.0137567$ & $-0.00754503$ & $0.00498524$ & $0.0242157$ & $-0.0137184$ & $-0.0011614$ & $-0.0172128$ & $-0.0435555$ & $-0.0521955$ & $-0.0493884$ & $-0.0355848$ & $0.0342135$ & $-0.0168683$ & $0.0285125$ & $-0.0727764$ & $-0.0246297$ & $-0.0238875$ & $0.0143074$ & $0.0264548$ & $-0.0202283$ & $0.103199$ & $-0.045883$ & $-0.0337467$ & $0.368758$ & $-0.0200282$ & $0.114808$ & $-0.411592$ & $0.0723049$ & $-0.190917$ & $0.00777414$ & $0.0835422$ & $1$ & $-0.13351$ & $0.0664834$ & $0.0566136$ & $0.0891821$ & $0.285808$ \\
eHtautauint & $-0.0796797$ & $-0.258075$ & $-0.119206$ & $-0.115094$ & $0.0236099$ & $-0.0119069$ & $-0.120272$ & $0.0445959$ & $0.0369938$ & $-0.0128341$ & $-0.0447253$ & $-0.00374979$ & $0.0400644$ & $0.0322814$ & $0.00275548$ & $0.0134549$ & $-0.0017585$ & $0.00528545$ & $0.00047933$ & $0.0412718$ & $0.0410665$ & $0.0424173$ & $-0.0059805$ & $-0.0067042$ & $0.00465867$ & $-0.0128118$ & $0.021791$ & $0.00643252$ & $0.0225899$ & $0.086257$ & $0.00209509$ & $-0.139096$ & $0.0174222$ & $0.0184847$ & $-0.0626651$ & $-0.184065$ & $-0.0351476$ & $-0.00682029$ & $0.192359$ & $-0.00381013$ & $-0.188193$ & $0.048719$ & $-0.0388177$ & $-0.13351$ & $1$ & $0.0985104$ & $-0.0331909$ & $0.21928$ & $-0.0310537$ \\
eHccint & $0.119273$ & $0.0463061$ & $0.239368$ & $0.123699$ & $0.0630811$ & $0.0074975$ & $-0.00885123$ & $-0.0101748$ & $-0.0080724$ & $-0.000541141$ & $0.018678$ & $-0.0278393$ & $-0.033411$ & $0.00426906$ & $-0.037213$ & $-0.046877$ & $-0.0212804$ & $0.0106521$ & $0.00958897$ & $-0.0227982$ & $-0.0126262$ & $-0.0150289$ & $-0.0226597$ & $-0.0201978$ & $0.0095333$ & $0.0477016$ & $0.0405831$ & $-0.0341143$ & $0.01572$ & $0.0302397$ & $0.0957446$ & $-0.0354747$ & $-0.00831805$ & $0.0186582$ & $-0.126295$ & $-0.277272$ & $-0.0729126$ & $0.0186395$ & $0.158377$ & $-0.054527$ & $-0.0956421$ & $0.0638194$ & $-0.0882744$ & $0.0664834$ & $0.0985104$ & $1$ & $0.212259$ & $-0.0171386$ & $-0.0172566$ \\
eHccpar & $-0.111977$ & $-0.271131$ & $0.0378603$ & $0.285464$ & $0.000830983$ & $-0.00155766$ & $0.0812179$ & $-0.0159059$ & $-0.0069133$ & $0.049902$ & $0.00252639$ & $-0.0378952$ & $-0.0809545$ & $0.0505523$ & $-0.0327674$ & $-0.0195178$ & $0.0188916$ & $0.0542161$ & $0.0439106$ & $-0.007929$ & $-0.00569236$ & $-0.00512771$ & $-0.0133759$ & $0.0525279$ & $0.0465412$ & $-0.00113948$ & $0.0072921$ & $-0.0171384$ & $-0.0587405$ & $0.00358996$ & $0.233921$ & $0.0957918$ & $0.0140636$ & $-0.00441716$ & $0.133906$ & $-0.107471$ & $-0.0747567$ & $-0.00979076$ & $0.224066$ & $0.029004$ & $-0.128287$ & $0.0355011$ & $-0.0812927$ & $0.0566136$ & $-0.0331909$ & $0.212259$ & $1$ & $-0.043827$ & $-0.010412$ \\
eHbbint & $0.0235049$ & $-0.019718$ & $-0.183319$ & $0.181332$ & $0.00302266$ & $0.0139366$ & $0.0164073$ & $-0.0137356$ & $-0.0074551$ & $-0.0278173$ & $0.0106295$ & $-0.0315817$ & $-0.00238733$ & $0.00522087$ & $-0.000892843$ & $0.0086656$ & $0.0019505$ & $0.0072523$ & $0.00175839$ & $-0.0106$ & $-0.011313$ & $-0.0101955$ & $-0.0227281$ & $0.0165555$ & $-0.0252449$ & $-0.00793549$ & $-0.0535918$ & $0.0188746$ & $-0.0346609$ & $0.0657153$ & $0.0412732$ & $0.0198739$ & $0.250297$ & $-0.012177$ & $-0.128771$ & $-0.172284$ & $-0.124406$ & $0.0570559$ & $-0.195144$ & $-0.0570912$ & $-0.164052$ & $0.0488022$ & $0.149924$ & $0.0891821$ & $0.21928$ & $-0.0171386$ & $-0.043827$ & $1$ & $0.31338$ \\
eHbbpar & $0.0807744$ & $0.0857793$ & $0.110788$ & $0.0999594$ & $-0.0273445$ & $0.0107514$ & $0.0190054$ & $-0.0174088$ & $-0.0100399$ & $-0.0276424$ & $0.0315133$ & $0.0232578$ & $0.057451$ & $-0.046836$ & $0.00519742$ & $-0.0209084$ & $-0.00401381$ & $-0.0308425$ & $-0.0125923$ & $-0.035146$ & $-0.0269699$ & $-0.0285374$ & $0.0333839$ & $-0.014209$ & $-0.0455822$ & $-0.0294209$ & $-0.0337202$ & $0.00651669$ & $-0.00911388$ & $0.114644$ & $0.0537152$ & $0.0540491$ & $0.437877$ & $-0.00117459$ & $0.101089$ & $-0.133732$ & $-0.346292$ & $0.0781142$ & $-0.154383$ & $-0.0355745$ & $-0.304339$ & $-0.0516297$ & $0.143742$ & $0.285808$ & $-0.0310537$ & $-0.0172566$ & $-0.010412$ & $0.31338$ & $1$ \\
