 & AlsMz & dAle5Mz & mtop & mHl & Mz & CW & CHG & CHWB & CHWHB_gaga & CHWHB_gagaorth & CHD & CHbox & CH & CHL1_11 & CHL1_22 & CHL1_33 & CHL3_11 & CHL3_22 & CHL3_33 & CHe_11 & CHe_22 & CHe_33 & CHQ1_11 & CHQ1_33 & CHQ3_11 & CHu_11 & CHd_11 & CHd_33 & CeH_22r & CeH_33r & CuH_22r & CuH_33r & CdH_33r & CLL_1221 & eHggint & eHggpar & eHWWint & eHWWpar & eHZZint & eHZZpar & eHZgaint & eHZgapar & eHgagaint & eHmumuint & eHtautauint & eHccint & eHccpar & eHbbint & eHbbpar \\
AlsMz & $1$ & $-0.00182054$ & $-0.00726173$ & $-0.0386031$ & $-0.00172418$ & $-0.0101692$ & $0.0192475$ & $-0.00079975$ & $0.00203848$ & $-0.003557$ & $-0.00897452$ & $-0.0096928$ & $0.00028992$ & $0.00110336$ & $0.00320583$ & $0.00242197$ & $0.00802062$ & $0.00356579$ & $0.00243411$ & $0.00189378$ & $0.000657426$ & $-0.0022223$ & $-0.000159959$ & $-0.046816$ & $-0.0965288$ & $-0.0331003$ & $-0.0262497$ & $0.010664$ & $0.00528357$ & $0.00437774$ & $-0.0177956$ & $0.0128721$ & $0.0108877$ & $-0.00163854$ & $0.0229984$ & $-0.0790248$ & $0.0202046$ & $-0.0048656$ & $0.0332246$ & $0.00370798$ & $-0.13484$ & $-0.00467055$ & $0.0608844$ & $0.112571$ & $-0.0109582$ & $0.135571$ & $-0.118965$ & $0.00255282$ & $0.0299824$ \\
dAle5Mz & $-0.00182054$ & $1$ & $-0.0661466$ & $-0.0371023$ & $-0.00384203$ & $0.0196861$ & $-0.00162356$ & $-0.0634784$ & $-0.0610712$ & $0.0167489$ & $0.0503891$ & $0.0155899$ & $-0.0127331$ & $-0.0263313$ & $-0.0177029$ & $-0.0121091$ & $0.013892$ & $0.0103333$ & $0.00795518$ & $-0.0304108$ & $-0.0277775$ & $-0.027305$ & $-0.00945838$ & $0.00809084$ & $0.0113124$ & $0.0278171$ & $-0.00422665$ & $7.40363e-05$ & $0.00247832$ & $-0.0030755$ & $0.00148577$ & $-0.00733937$ & $-0.0469305$ & $0.0214881$ & $-0.0929098$ & $-0.0022544$ & $-0.0367399$ & $0.0169855$ & $-0.0191695$ & $-0.00824435$ & $-0.0293864$ & $-0.00135839$ & $0.0132555$ & $0.0367808$ & $-0.154695$ & $-0.16703$ & $0.0453567$ & $-0.0492538$ & $-0.0926999$ \\
mtop & $-0.00726173$ & $-0.0661466$ & $1$ & $0.0494377$ & $0.0134743$ & $-0.0114201$ & $0.00391589$ & $0.00205122$ & $0.00635276$ & $0.000331562$ & $0.00404129$ & $-0.000580733$ & $-0.00149455$ & $0.00132983$ & $0.00205256$ & $-0.00191734$ & $0.005299$ & $0.00183322$ & $0.00464033$ & $0.00266661$ & $0.00158751$ & $0.00269109$ & $-0.00443102$ & $0.00599559$ & $0.00342881$ & $0.00372625$ & $-0.000567064$ & $-0.00599166$ & $0.00389346$ & $0.0076085$ & $0.0310678$ & $0.00267402$ & $0.022643$ & $-0.00216806$ & $-0.0501955$ & $-0.0451465$ & $-0.0944985$ & $0.0220263$ & $-0.039817$ & $0.000219602$ & $-0.102017$ & $0.013486$ & $0.0173692$ & $0.0339888$ & $-0.116256$ & $-0.0359091$ & $0.0860692$ & $-0.105165$ & $0.0296918$ \\
mHl & $-0.0386031$ & $-0.0371023$ & $0.0494377$ & $1$ & $0.0251674$ & $-0.0174231$ & $0.0188454$ & $0.00470826$ & $-0.000165044$ & $0.00671983$ & $-0.00876113$ & $0.0134753$ & $-0.0124466$ & $0.0137408$ & $0.0107908$ & $-1.51779e-05$ & $0.00909544$ & $0.00282056$ & $0.0100985$ & $0.00918261$ & $0.00761961$ & $0.0066057$ & $0.00634607$ & $0.00313639$ & $0.00887553$ & $-0.00773358$ & $-0.00337763$ & $-0.000663215$ & $0.00715468$ & $-0.00505176$ & $0.0105085$ & $0.0250879$ & $0.0424122$ & $-0.00701878$ & $-0.0376061$ & $0.112931$ & $-0.0421572$ & $-0.00297679$ & $0.162159$ & $0.0313725$ & $-0.0926833$ & $-0.0347783$ & $-0.0822046$ & $-0.00795214$ & $0.00374399$ & $-0.040214$ & $0.030026$ & $-0.0724548$ & $0.118058$ \\
Mz & $-0.00172418$ & $-0.00384203$ & $0.0134743$ & $0.0251674$ & $1$ & $-0.00692754$ & $0.00256216$ & $0.00125144$ & $0.000797672$ & $0.00166561$ & $0.00515636$ & $0.00415468$ & $-0.00405271$ & $2.25601e-05$ & $0.00206847$ & $0.00252102$ & $0.00111079$ & $-0.00209354$ & $-0.00245998$ & $0.000985935$ & $0.00188932$ & $0.00188712$ & $-0.000123368$ & $-0.00132915$ & $-0.00326331$ & $-0.00279124$ & $-0.00241676$ & $-0.00344463$ & $-0.000343116$ & $-0.00418979$ & $-0.00418745$ & $0.00279546$ & $-0.00854695$ & $-0.00106342$ & $0.00790757$ & $0.00986926$ & $-0.00387063$ & $-0.00144094$ & $0.000966521$ & $0.00344908$ & $-0.00454528$ & $0.00444111$ & $-0.00749968$ & $0.0104734$ & $0.00550162$ & $-0.0180149$ & $2.62004e-05$ & $-0.00151376$ & $-0.00421297$ \\
CW & $-0.0101692$ & $0.0196861$ & $-0.0114201$ & $-0.0174231$ & $-0.00692754$ & $1$ & $0.00572402$ & $-0.130402$ & $-0.128848$ & $0.014385$ & $0.183291$ & $0.0500611$ & $-0.00215304$ & $0.0326751$ & $-0.0761013$ & $-0.0743959$ & $-0.249573$ & $-0.0401158$ & $-0.0397897$ & $-0.179693$ & $-0.187006$ & $-0.18045$ & $-0.0100863$ & $0.016948$ & $-0.0760075$ & $0.102892$ & $-0.082082$ & $-0.0659743$ & $-0.000812625$ & $0.000170137$ & $-0.00272004$ & $0.0093592$ & $0.00414242$ & $-0.129117$ & $-0.0017399$ & $0.00374018$ & $-0.00107693$ & $-0.00510306$ & $0.00337042$ & $-0.00198214$ & $-0.00700964$ & $-0.00324474$ & $0.000236197$ & $-0.00047004$ & $-0.00446974$ & $-0.00518488$ & $0.00577063$ & $0.00656794$ & $-0.00150522$ \\
CHG & $0.0192475$ & $-0.00162356$ & $0.00391589$ & $0.0188454$ & $0.00256216$ & $0.00572402$ & $1$ & $-0.11487$ & $-0.0643009$ & $0.0795075$ & $0.0614971$ & $0.102314$ & $-0.318794$ & $0.0672666$ & $-0.0142391$ & $-0.0294831$ & $0.107604$ & $0.109935$ & $0.119978$ & $-0.059374$ & $-0.0655768$ & $-0.0650792$ & $-0.00910773$ & $0.126415$ & $0.110439$ & $0.037046$ & $-0.0481804$ & $-0.0253713$ & $0.000813846$ & $-0.143653$ & $-0.065401$ & $0.932539$ & $-0.179579$ & $-0.0805919$ & $-0.0464383$ & $-0.0270136$ & $0.0309819$ & $-0.00184673$ & $0.0121523$ & $-0.00295217$ & $0.00892603$ & $0.00389094$ & $-0.00244465$ & $0.0147859$ & $0.00259074$ & $0.00722167$ & $0.00770139$ & $-0.0284392$ & $-0.0175565$ \\
CHWB & $-0.00079975$ & $-0.0634784$ & $0.00205122$ & $0.00470826$ & $0.00125144$ & $-0.130402$ & $-0.11487$ & $1$ & $0.983716$ & $-0.570025$ & $-0.879376$ & $-0.38433$ & $0.352563$ & $0.0965724$ & $0.296658$ & $0.290346$ & $-0.239807$ & $-0.434689$ & $-0.432513$ & $0.850799$ & $0.896597$ & $0.880888$ & $0.06661$ & $-0.678357$ & $-0.401284$ & $-0.51025$ & $0.427247$ & $0.302996$ & $0.0164967$ & $0.10818$ & $0.0489353$ & $-0.109144$ & $0.123001$ & $0.570531$ & $-0.00171948$ & $-0.00273202$ & $0.00793907$ & $0.00515945$ & $0.00538933$ & $-0.00324178$ & $0.0193732$ & $0.00395252$ & $0.00776691$ & $-0.00297115$ & $0.015419$ & $0.0101764$ & $-0.0128329$ & $0.00118934$ & $0.00586431$ \\
CHWHB_gaga & $0.00203848$ & $-0.0610712$ & $0.00635276$ & $-0.000165044$ & $0.000797672$ & $-0.128848$ & $-0.0643009$ & $0.983716$ & $1$ & $-0.561313$ & $-0.861801$ & $-0.362233$ & $0.347277$ & $0.0888261$ & $0.291383$ & $0.284223$ & $-0.243158$ & $-0.433495$ & $-0.430597$ & $0.834077$ & $0.878872$ & $0.863816$ & $0.0657931$ & $-0.671304$ & $-0.399831$ & $-0.500023$ & $0.420873$ & $0.297255$ & $0.0236331$ & $0.129935$ & $0.0613287$ & $-0.0683391$ & $0.143774$ & $0.561$ & $-0.0195367$ & $-0.0190405$ & $-0.00442629$ & $0.0051654$ & $-0.00412722$ & $-0.00144785$ & $0.0224347$ & $0.0017944$ & $0.0678773$ & $-0.0011655$ & $0.0207905$ & $0.0150219$ & $-0.011694$ & $0.00551573$ & $0.000291443$ \\
CHWHB_gagaorth & $-0.003557$ & $0.0167489$ & $0.000331562$ & $0.00671983$ & $0.00166561$ & $0.014385$ & $0.0795075$ & $-0.570025$ & $-0.561313$ & $1$ & $0.348512$ & $0.687386$ & $-0.262359$ & $0.241949$ & $-0.117784$ & $-0.120439$ & $0.447552$ & $0.498745$ & $0.498665$ & $-0.3351$ & $-0.365334$ & $-0.36212$ & $-0.0570305$ & $0.567066$ & $0.48526$ & $0.212532$ & $-0.244104$ & $-0.123877$ & $-0.017703$ & $-0.128965$ & $-0.0698728$ & $0.0950753$ & $-0.141564$ & $-0.358829$ & $0.0361194$ & $0.0242741$ & $-0.00738335$ & $-0.00378915$ & $0.00803429$ & $0.00525395$ & $-0.0541203$ & $-0.00290551$ & $-0.0153254$ & $-0.000983528$ & $-0.00466609$ & $-0.018608$ & $0.00976104$ & $0.0128764$ & $0.00681747$ \\
CHD & $-0.00897452$ & $0.0503891$ & $0.00404129$ & $-0.00876113$ & $0.00515636$ & $0.183291$ & $0.0614971$ & $-0.879376$ & $-0.861801$ & $0.348512$ & $1$ & $0.340105$ & $-0.174007$ & $-0.511947$ & $-0.422164$ & $-0.409912$ & $-0.216427$ & $0.0660824$ & $0.0656072$ & $-0.99043$ & $-0.991251$ & $-0.970274$ & $-0.00593162$ & $0.314841$ & $0.0222747$ & $0.564057$ & $-0.29209$ & $-0.335057$ & $-0.00300344$ & $-0.0570686$ & $-0.0250129$ & $0.0685802$ & $-0.0657595$ & $-0.372692$ & $0.0146144$ & $0.00458473$ & $-0.0164152$ & $-0.00611042$ & $-0.0153628$ & $0.00235269$ & $-0.0104523$ & $-0.000816679$ & $0.00378751$ & $0.0103263$ & $-0.0140243$ & $-0.00163985$ & $0.0134047$ & $-0.00379346$ & $-0.000745146$ \\
CHbox & $-0.0096928$ & $0.0155899$ & $-0.000580733$ & $0.0134753$ & $0.00415468$ & $0.0500611$ & $0.102314$ & $-0.38433$ & $-0.362233$ & $0.687386$ & $0.340105$ & $1$ & $-0.356103$ & $-0.056111$ & $-0.0643733$ & $-0.0676982$ & $0.0794712$ & $0.131627$ & $0.135084$ & $-0.318251$ & $-0.353162$ & $-0.34588$ & $-0.0408849$ & $0.268864$ & $0.126159$ & $0.201293$ & $-0.209206$ & $-0.121773$ & $0.00336882$ & $0.0831955$ & $-0.00686243$ & $0.163625$ & $0.0903364$ & $-0.261915$ & $0.0738296$ & $0.0484866$ & $-0.0233857$ & $-0.00912401$ & $-0.00170668$ & $0.00365776$ & $-0.0564695$ & $-0.00476523$ & $-0.0183488$ & $0.00324171$ & $-0.00565595$ & $-0.0143323$ & $0.0113594$ & $0.0118814$ & $0.0174535$ \\
CH & $0.00028992$ & $-0.0127331$ & $-0.00149455$ & $-0.0124466$ & $-0.00405271$ & $-0.00215304$ & $-0.318794$ & $0.352563$ & $0.347277$ & $-0.262359$ & $-0.174007$ & $-0.356103$ & $1$ & $-0.236526$ & $0.0724018$ & $0.0790208$ & $-0.36152$ & $-0.385108$ & $-0.387181$ & $0.169531$ & $0.1848$ & $0.18442$ & $0.0350012$ & $-0.396992$ & $-0.377226$ & $-0.105278$ & $0.137743$ & $0.0637881$ & $0.0501374$ & $0.281149$ & $0.117287$ & $-0.266927$ & $0.338091$ & $0.220563$ & $0.0307282$ & $0.0173738$ & $-0.0162197$ & $-0.00134167$ & $0.00212539$ & $5.90978e-05$ & $0.0181284$ & $0.00826477$ & $0.00640897$ & $0.0108127$ & $0.00706539$ & $0.00717418$ & $-0.00627131$ & $0.00718013$ & $0.00547595$ \\
CHL1_11 & $0.00110336$ & $-0.0263313$ & $0.00132983$ & $0.0137408$ & $2.25601e-05$ & $0.0326751$ & $0.0672666$ & $0.0965724$ & $0.0888261$ & $0.241949$ & $-0.511947$ & $-0.056111$ & $-0.236526$ & $1$ & $0.27792$ & $0.260291$ & $0.664374$ & $0.60015$ & $0.600302$ & $0.529866$ & $0.472429$ & $0.455609$ & $-0.0848864$ & $0.469137$ & $0.600073$ & $-0.270444$ & $-0.101766$ & $0.157675$ & $-0.0239111$ & $-0.0672226$ & $-0.0329185$ & $0.0438617$ & $-0.073326$ & $-0.21795$ & $-0.0164271$ & $-0.00241261$ & $0.0239103$ & $0.00115991$ & $0.0206507$ & $0.0036148$ & $-0.00627917$ & $-0.00473211$ & $-0.0126766$ & $-0.0181407$ & $0.00933894$ & $-0.00983104$ & $0.000291353$ & $0.00651969$ & $-0.00683988$ \\
CHL1_22 & $0.00320583$ & $-0.0177029$ & $0.00205256$ & $0.0107908$ & $0.00206847$ & $-0.0761013$ & $-0.0142391$ & $0.296658$ & $0.291383$ & $-0.117784$ & $-0.422164$ & $-0.0643733$ & $0.0724018$ & $0.27792$ & $1$ & $0.448124$ & $0.168556$ & $-0.437878$ & $-0.0303632$ & $0.487183$ & $0.339331$ & $0.327784$ & $-0.181631$ & $0.105736$ & $-0.135284$ & $-0.194803$ & $-0.397959$ & $0.117347$ & $-0.00636747$ & $0.0321139$ & $0.0106658$ & $-0.0134273$ & $0.0343392$ & $-0.585062$ & $-0.00380974$ & $0.00162305$ & $-0.00837577$ & $0.00611135$ & $0.00627787$ & $7.14891e-05$ & $0.00215588$ & $0.000666516$ & $-0.0106908$ & $-0.00118977$ & $0.00702636$ & $-0.00510795$ & $-0.00471931$ & $-0.00166792$ & $-0.00501838$ \\
CHL1_33 & $0.00242197$ & $-0.0121091$ & $-0.00191734$ & $-1.51779e-05$ & $0.00252102$ & $-0.0743959$ & $-0.0294831$ & $0.290346$ & $0.284223$ & $-0.120439$ & $-0.409912$ & $-0.0676982$ & $0.0790208$ & $0.260291$ & $0.448124$ & $1$ & $0.159555$ & $-0.027891$ & $-0.43586$ & $0.475362$ & $0.328842$ & $0.346644$ & $-0.179864$ & $0.0993175$ & $-0.138667$ & $-0.191192$ & $-0.394814$ & $0.116427$ & $0.00218014$ & $0.0371429$ & $0.0174699$ & $-0.0287163$ & $0.0387248$ & $-0.0995933$ & $-0.00240095$ & $0.00906509$ & $0.00142477$ & $0.0105434$ & $0.00590633$ & $-0.00842586$ & $0.00748535$ & $0.00972241$ & $0.000194648$ & $-0.00082326$ & $0.00823146$ & $-0.00209541$ & $-0.00835286$ & $0.0112453$ & $0.00064808$ \\
CHL3_11 & $0.00802062$ & $0.013892$ & $0.005299$ & $0.00909544$ & $0.00111079$ & $-0.249573$ & $0.107604$ & $-0.239807$ & $-0.243158$ & $0.447552$ & $-0.216427$ & $0.0794712$ & $-0.36152$ & $0.664374$ & $0.168556$ & $0.159555$ & $1$ & $0.740721$ & $0.73757$ & $0.238927$ & $0.183977$ & $0.17438$ & $-0.0854501$ & $0.67684$ & $0.775697$ & $-0.102407$ & $-0.167909$ & $0.0638771$ & $-0.0248696$ & $-0.105919$ & $-0.0480475$ & $0.0812393$ & $-0.118177$ & $-0.255486$ & $-0.0316163$ & $-0.00657844$ & $0.01528$ & $0.00290958$ & $0.0180368$ & $-0.000257407$ & $-0.0177027$ & $-0.00706145$ & $-0.0278104$ & $-0.0156232$ & $-0.00646982$ & $-0.0189351$ & $-0.00326793$ & $0.00250878$ & $-0.00846995$ \\
CHL3_22 & $0.00356579$ & $0.0103333$ & $0.00183322$ & $0.00282056$ & $-0.00209354$ & $-0.0401158$ & $0.109935$ & $-0.434689$ & $-0.433495$ & $0.498745$ & $0.0660824$ & $0.131627$ & $-0.385108$ & $0.60015$ & $-0.437878$ & $-0.027891$ & $0.740721$ & $1$ & $0.681626$ & $-0.0680474$ & $-0.0618646$ & $-0.061411$ & $-0.00123016$ & $0.626846$ & $0.798275$ & $0.0356284$ & $-0.0143447$ & $-0.0225387$ & $-0.0208624$ & $-0.117428$ & $-0.0515397$ & $0.0857144$ & $-0.130044$ & $0.0188435$ & $-0.0191009$ & $-0.0029097$ & $0.0206728$ & $-0.00236395$ & $0.0136722$ & $0.000922958$ & $-0.0172887$ & $-0.00567307$ & $-0.0154979$ & $-0.0138811$ & $-0.0045821$ & $-0.01053$ & $0.00358975$ & $0.00594279$ & $-0.00378578$ \\
CHL3_33 & $0.00243411$ & $0.00795518$ & $0.00464033$ & $0.0100985$ & $-0.00245998$ & $-0.0397897$ & $0.119978$ & $-0.432513$ & $-0.430597$ & $0.498665$ & $0.0656072$ & $0.135084$ & $-0.387181$ & $0.600302$ & $-0.0303632$ & $-0.43586$ & $0.73757$ & $0.681626$ & $1$ & $-0.068973$ & $-0.0599419$ & $-0.0610826$ & $0.00245383$ & $0.624186$ & $0.800302$ & $0.0370426$ & $-0.00396867$ & $-0.0232493$ & $-0.0280319$ & $-0.11996$ & $-0.056247$ & $0.0959558$ & $-0.130901$ & $-0.345199$ & $-0.0219808$ & $-0.00739775$ & $0.0117495$ & $-0.0047807$ & $0.0137671$ & $0.00735631$ & $-0.0214195$ & $-0.0102932$ & $-0.0240018$ & $-0.0140862$ & $-0.0057316$ & $-0.0134121$ & $0.00610195$ & $-0.000904244$ & $-0.00840309$ \\
CHe_11 & $0.00189378$ & $-0.0304108$ & $0.00266661$ & $0.00918261$ & $0.000985935$ & $-0.179693$ & $-0.059374$ & $0.850799$ & $0.834077$ & $-0.3351$ & $-0.99043$ & $-0.318251$ & $0.169531$ & $0.529866$ & $0.487183$ & $0.475362$ & $0.238927$ & $-0.0680474$ & $-0.068973$ & $1$ & $0.972891$ & $0.952639$ & $-0.0206851$ & $-0.261557$ & $-0.0168162$ & $-0.553338$ & $0.216372$ & $0.329335$ & $0.00265768$ & $0.0577626$ & $0.0261859$ & $-0.0660069$ & $0.0649804$ & $0.294627$ & $-0.0166311$ & $-0.00247451$ & $0.0121795$ & $0.00635716$ & $0.0150652$ & $-0.00323496$ & $0.00821821$ & $0.000541053$ & $-0.00580831$ & $-0.00939856$ & $0.0103929$ & $-0.00353444$ & $-0.0100298$ & $0.00218425$ & $-0.00173466$ \\
CHe_22 & $0.000657426$ & $-0.0277775$ & $0.00158751$ & $0.00761961$ & $0.00188932$ & $-0.187006$ & $-0.0655768$ & $0.896597$ & $0.878872$ & $-0.365334$ & $-0.991251$ & $-0.353162$ & $0.1848$ & $0.472429$ & $0.339331$ & $0.328842$ & $0.183977$ & $-0.0618646$ & $-0.0599419$ & $0.972891$ & $1$ & $0.975596$ & $0.035118$ & $-0.369916$ & $-0.0267032$ & $-0.566725$ & $0.373058$ & $0.336679$ & $0.00402956$ & $0.0591496$ & $0.0264062$ & $-0.0722535$ & $0.0673661$ & $0.457632$ & $-0.0172128$ & $-0.00437206$ & $0.0153985$ & $0.00576861$ & $0.0134504$ & $-0.00197361$ & $0.010505$ & $0.000378418$ & $-0.00292499$ & $-0.0101388$ & $0.00902363$ & $-0.00343911$ & $-0.0110355$ & $0.00137906$ & $-0.00131924$ \\
CHe_33 & $-0.0022223$ & $-0.027305$ & $0.00269109$ & $0.0066057$ & $0.00188712$ & $-0.18045$ & $-0.0650792$ & $0.880888$ & $0.863816$ & $-0.36212$ & $-0.970274$ & $-0.34588$ & $0.18442$ & $0.455609$ & $0.327784$ & $0.346644$ & $0.17438$ & $-0.061411$ & $-0.0610826$ & $0.952639$ & $0.975596$ & $1$ & $0.0365118$ & $-0.366316$ & $-0.028578$ & $-0.555004$ & $0.369489$ & $0.330123$ & $0.00412378$ & $0.0599575$ & $0.0234546$ & $-0.0722252$ & $0.0682088$ & $0.456978$ & $-0.0187454$ & $-0.00474259$ & $0.0117543$ & $0.00669098$ & $0.0134663$ & $-0.00341134$ & $0.0122405$ & $0.00335902$ & $-0.00367466$ & $-0.00841838$ & $0.0112037$ & $-0.00281211$ & $-0.0130511$ & $0.000616277$ & $-0.000213924$ \\
CHQ1_11 & $-0.000159959$ & $-0.00945838$ & $-0.00443102$ & $0.00634607$ & $-0.000123368$ & $-0.0100863$ & $-0.00910773$ & $0.06661$ & $0.0657931$ & $-0.0570305$ & $-0.00593162$ & $-0.0408849$ & $0.0350012$ & $-0.0848864$ & $-0.181631$ & $-0.179864$ & $-0.0854501$ & $-0.00123016$ & $0.00245383$ & $-0.0206851$ & $0.035118$ & $0.0365118$ & $1$ & $-0.148908$ & $0.0730176$ & $-0.673756$ & $0.348525$ & $0.00632715$ & $-0.00384331$ & $0.00740872$ & $-0.000804364$ & $-0.00781041$ & $0.0105218$ & $0.204881$ & $-0.00426069$ & $0.00676114$ & $0.00616039$ & $-0.0038357$ & $-0.000260904$ & $0.00624417$ & $0.00473237$ & $0.00214675$ & $0.00261275$ & $0.00885001$ & $0.0069356$ & $0.0132805$ & $0.00127821$ & $-0.0176058$ & $0.00468207$ \\
CHQ1_33 & $-0.046816$ & $0.00809084$ & $0.00599559$ & $0.00313639$ & $-0.00132915$ & $0.016948$ & $0.126415$ & $-0.678357$ & $-0.671304$ & $0.567066$ & $0.314841$ & $0.268864$ & $-0.396992$ & $0.469137$ & $0.105736$ & $0.0993175$ & $0.67684$ & $0.626846$ & $0.624186$ & $-0.261557$ & $-0.369916$ & $-0.366316$ & $-0.148908$ & $1$ & $0.640447$ & $0.21367$ & $-0.433584$ & $-0.0274493$ & $-0.0254376$ & $-0.113352$ & $-0.0546191$ & $0.109449$ & $-0.130849$ & $-0.638626$ & $-0.0114884$ & $0.00664406$ & $0.00691672$ & $-0.00222909$ & $0.00824106$ & $0.00414744$ & $-0.0100005$ & $-0.00334943$ & $-0.0242798$ & $-0.0145591$ & $-0.00465226$ & $-0.0160024$ & $0.0129168$ & $-0.000219659$ & $-0.00674188$ \\
CHQ3_11 & $-0.0965288$ & $0.0113124$ & $0.00342881$ & $0.00887553$ & $-0.00326331$ & $-0.0760075$ & $0.110439$ & $-0.401284$ & $-0.399831$ & $0.48526$ & $0.0222747$ & $0.126159$ & $-0.377226$ & $0.600073$ & $-0.135284$ & $-0.138667$ & $0.775697$ & $0.798275$ & $0.800302$ & $-0.0168162$ & $-0.0267032$ & $-0.028578$ & $0.0730176$ & $0.640447$ & $1$ & $0.0227754$ & $0.201116$ & $-0.0101005$ & $-0.0218911$ & $-0.119893$ & $-0.0551982$ & $0.086$ & $-0.130542$ & $-0.203056$ & $-0.0319013$ & $-0.000421325$ & $0.0127268$ & $0.000711526$ & $0.00743896$ & $0.00334985$ & $-0.00630507$ & $-0.0029986$ & $-0.0263023$ & $-0.0267448$ & $-0.00480739$ & $-0.0225839$ & $0.00881521$ & $0.000668062$ & $-0.0110646$ \\
CHu_11 & $-0.0331003$ & $0.0278171$ & $0.00372625$ & $-0.00773358$ & $-0.00279124$ & $0.102892$ & $0.037046$ & $-0.51025$ & $-0.500023$ & $0.212532$ & $0.564057$ & $0.201293$ & $-0.105278$ & $-0.270444$ & $-0.194803$ & $-0.191192$ & $-0.102407$ & $0.0356284$ & $0.0370426$ & $-0.553338$ & $-0.566725$ & $-0.555004$ & $-0.673756$ & $0.21367$ & $0.0227754$ & $1$ & $-0.177116$ & $-0.187114$ & $0.00308139$ & $-0.0369081$ & $-0.0152055$ & $0.040725$ & $-0.0396632$ & $-0.258362$ & $0.00839971$ & $-0.0019844$ & $-0.0168446$ & $-0.00179149$ & $-0.00859501$ & $-0.000221349$ & $-0.00815607$ & $-0.00425082$ & $0.00108362$ & $-0.0105045$ & $-0.0163109$ & $-0.0105998$ & $0.0075652$ & $0.0140287$ & $0.00049625$ \\
CHd_11 & $-0.0262497$ & $-0.00422665$ & $-0.000567064$ & $-0.00337763$ & $-0.00241676$ & $-0.082082$ & $-0.0481804$ & $0.427247$ & $0.420873$ & $-0.244104$ & $-0.29209$ & $-0.209206$ & $0.137743$ & $-0.101766$ & $-0.397959$ & $-0.394814$ & $-0.167909$ & $-0.0143447$ & $-0.00396867$ & $0.216372$ & $0.373058$ & $0.369489$ & $0.348525$ & $-0.433584$ & $0.201116$ & $-0.177116$ & $1$ & $0.111995$ & $0.0135617$ & $0.0275729$ & $0.00878548$ & $-0.0496193$ & $0.0358813$ & $0.686645$ & $-0.0167761$ & $-0.00850021$ & $0.00819817$ & $-0.00011689$ & $-0.003629$ & $0.00275246$ & $0.00846475$ & $0.00429345$ & $0.00491507$ & $-0.00711906$ & $-0.00241198$ & $0.00644584$ & $-0.00812639$ & $-0.00581978$ & $0.0019709$ \\
CHd_33 & $0.010664$ & $7.40363e-05$ & $-0.00599166$ & $-0.000663215$ & $-0.00344463$ & $-0.0659743$ & $-0.0253713$ & $0.302996$ & $0.297255$ & $-0.123877$ & $-0.335057$ & $-0.121773$ & $0.0637881$ & $0.157675$ & $0.117347$ & $0.116427$ & $0.0638771$ & $-0.0225387$ & $-0.0232493$ & $0.329335$ & $0.336679$ & $0.330123$ & $0.00632715$ & $-0.0274493$ & $-0.0101005$ & $-0.187114$ & $0.111995$ & $1$ & $0.00593036$ & $0.0222938$ & $0.0129208$ & $-0.027911$ & $0.0217673$ & $0.154688$ & $-0.0130491$ & $-0.00591071$ & $0.00959307$ & $0.0152422$ & $0.00597659$ & $0.00718638$ & $0.00346007$ & $-0.0178186$ & $-0.00617447$ & $-0.0123649$ & $-0.00104694$ & $-0.00143052$ & $-0.00669802$ & $0.00104054$ & $-0.00481183$ \\
CeH_22r & $0.00528357$ & $0.00247832$ & $0.00389346$ & $0.00715468$ & $-0.000343116$ & $-0.000812625$ & $0.000813846$ & $0.0164967$ & $0.0236331$ & $-0.017703$ & $-0.00300344$ & $0.00336882$ & $0.0501374$ & $-0.0239111$ & $-0.00636747$ & $0.00218014$ & $-0.0248696$ & $-0.0208624$ & $-0.0280319$ & $0.00265768$ & $0.00402956$ & $0.00412378$ & $-0.00384331$ & $-0.0254376$ & $-0.0218911$ & $0.00308139$ & $0.0135617$ & $0.00593036$ & $1$ & $0.0462776$ & $0.0234993$ & $-0.0127322$ & $0.0523411$ & $0.0200793$ & $-0.0299933$ & $-0.0137062$ & $-0.00897936$ & $-0.00277513$ & $-0.00110914$ & $-0.00200901$ & $-0.00777308$ & $0.00193319$ & $-0.00140669$ & $0.0189433$ & $0.00200462$ & $-0.00935024$ & $-0.00798144$ & $0.00160802$ & $0.0105656$ \\
CeH_33r & $0.00437774$ & $-0.0030755$ & $0.0076085$ & $-0.00505176$ & $-0.00418979$ & $0.000170137$ & $-0.143653$ & $0.10818$ & $0.129935$ & $-0.128965$ & $-0.0570686$ & $0.0831955$ & $0.281149$ & $-0.0672226$ & $0.0321139$ & $0.0371429$ & $-0.105919$ & $-0.117428$ & $-0.11996$ & $0.0577626$ & $0.0591496$ & $0.0599575$ & $0.00740872$ & $-0.113352$ & $-0.119893$ & $-0.0369081$ & $0.0275729$ & $0.0222938$ & $0.0462776$ & $1$ & $0.31081$ & $0.0100475$ & $0.663566$ & $0.0595122$ & $-0.0408325$ & $-0.0106827$ & $-0.178096$ & $-0.0272148$ & $-0.0235695$ & $-0.00152127$ & $-0.0165065$ & $0.00223954$ & $0.0187665$ & $0.0111049$ & $0.0731779$ & $-0.011401$ & $-0.0264927$ & $0.00560332$ & $0.00714847$ \\
CuH_22r & $-0.0177956$ & $0.00148577$ & $0.0310678$ & $0.0105085$ & $-0.00418745$ & $-0.00272004$ & $-0.065401$ & $0.0489353$ & $0.0613287$ & $-0.0698728$ & $-0.0250129$ & $-0.00686243$ & $0.117287$ & $-0.0329185$ & $0.0106658$ & $0.0174699$ & $-0.0480475$ & $-0.0515397$ & $-0.056247$ & $0.0261859$ & $0.0264062$ & $0.0234546$ & $-0.000804364$ & $-0.0546191$ & $-0.0551982$ & $-0.0152055$ & $0.00878548$ & $0.0129208$ & $0.0234993$ & $0.31081$ & $1$ & $0.0264393$ & $0.356865$ & $0.0305151$ & $-0.000814803$ & $-0.0167232$ & $-0.0574958$ & $-0.00439402$ & $-0.0233696$ & $-0.00436094$ & $-0.000636818$ & $-0.00261927$ & $0.0390252$ & $-0.00996935$ & $-0.039314$ & $0.0886598$ & $0.288899$ & $0.0179297$ & $-0.0014197$ \\
CuH_33r & $0.0128721$ & $-0.00733937$ & $0.00267402$ & $0.0250879$ & $0.00279546$ & $0.0093592$ & $0.932539$ & $-0.109144$ & $-0.0683391$ & $0.0950753$ & $0.0685802$ & $0.163625$ & $-0.266927$ & $0.0438617$ & $-0.0134273$ & $-0.0287163$ & $0.0812393$ & $0.0857144$ & $0.0959558$ & $-0.0660069$ & $-0.0722535$ & $-0.0722252$ & $-0.00781041$ & $0.109449$ & $0.086$ & $0.040725$ & $-0.0496193$ & $-0.027911$ & $-0.0127322$ & $0.0100475$ & $0.0264393$ & $1$ & $0.0130432$ & $-0.0777186$ & $0.0352873$ & $0.0218687$ & $-0.0134732$ & $-0.00928346$ & $0.0242934$ & $-0.00263239$ & $-0.00137285$ & $0.00453985$ & $0.000454487$ & $0.0150957$ & $0.0109244$ & $0.0023865$ & $0.0085872$ & $-0.0177424$ & $0.00345898$ \\
CdH_33r & $0.0108877$ & $-0.0469305$ & $0.022643$ & $0.0424122$ & $-0.00854695$ & $0.00414242$ & $-0.179579$ & $0.123001$ & $0.143774$ & $-0.141564$ & $-0.0657595$ & $0.0903364$ & $0.338091$ & $-0.073326$ & $0.0343392$ & $0.0387248$ & $-0.118177$ & $-0.130044$ & $-0.130901$ & $0.0649804$ & $0.0673661$ & $0.0682088$ & $0.0105218$ & $-0.130849$ & $-0.130542$ & $-0.0396632$ & $0.0358813$ & $0.0217673$ & $0.0523411$ & $0.663566$ & $0.356865$ & $0.0130432$ & $1$ & $0.0662607$ & $0.0191641$ & $0.0124258$ & $-0.21413$ & $-0.0343307$ & $0.00710693$ & $-0.0034729$ & $-0.0306151$ & $0.00357909$ & $0.0197316$ & $0.0237591$ & $0.0600681$ & $-0.0110086$ & $-0.0160676$ & $0.108013$ & $0.435269$ \\
CLL_1221 & $-0.00163854$ & $0.0214881$ & $-0.00216806$ & $-0.00701878$ & $-0.00106342$ & $-0.129117$ & $-0.0805919$ & $0.570531$ & $0.561$ & $-0.358829$ & $-0.372692$ & $-0.261915$ & $0.220563$ & $-0.21795$ & $-0.585062$ & $-0.0995933$ & $-0.255486$ & $0.0188435$ & $-0.345199$ & $0.294627$ & $0.457632$ & $0.456978$ & $0.204881$ & $-0.638626$ & $-0.203056$ & $-0.258362$ & $0.686645$ & $0.154688$ & $0.0200793$ & $0.0595122$ & $0.0305151$ & $-0.0777186$ & $0.0662607$ & $1$ & $-0.00751397$ & $-0.00525105$ & $0.010662$ & $0.00169478$ & $-0.00205417$ & $-0.00504567$ & $0.0118459$ & $0.00244336$ & $0.0128631$ & $0.00148261$ & $-0.00421313$ & $0.00182057$ & $-0.00695185$ & $-0.00113206$ & $0.0038932$ \\
eHggint & $0.0229984$ & $-0.0929098$ & $-0.0501955$ & $-0.0376061$ & $0.00790757$ & $-0.0017399$ & $-0.0464383$ & $-0.00171948$ & $-0.0195367$ & $0.0361194$ & $0.0146144$ & $0.0738296$ & $0.0307282$ & $-0.0164271$ & $-0.00380974$ & $-0.00240095$ & $-0.0316163$ & $-0.0191009$ & $-0.0219808$ & $-0.0166311$ & $-0.0172128$ & $-0.0187454$ & $-0.00426069$ & $-0.0114884$ & $-0.0319013$ & $0.00839971$ & $-0.0167761$ & $-0.0130491$ & $-0.0299933$ & $-0.0408325$ & $-0.000814803$ & $0.0352873$ & $0.0191641$ & $-0.00751397$ & $1$ & $0.0279751$ & $0.0123215$ & $-0.011717$ & $0.0729377$ & $-0.0179009$ & $0.0419214$ & $-0.00467235$ & $0.0584352$ & $-0.0186603$ & $0.0188788$ & $0.0140931$ & $0.0742607$ & $0.059651$ & $0.122343$ \\
eHggpar & $-0.0790248$ & $-0.0022544$ & $-0.0451465$ & $0.112931$ & $0.00986926$ & $0.00374018$ & $-0.0270136$ & $-0.00273202$ & $-0.0190405$ & $0.0242741$ & $0.00458473$ & $0.0484866$ & $0.0173738$ & $-0.00241261$ & $0.00162305$ & $0.00906509$ & $-0.00657844$ & $-0.0029097$ & $-0.00739775$ & $-0.00247451$ & $-0.00437206$ & $-0.00474259$ & $0.00676114$ & $0.00664406$ & $-0.000421325$ & $-0.0019844$ & $-0.00850021$ & $-0.00591071$ & $-0.0137062$ & $-0.0106827$ & $-0.0167232$ & $0.0218687$ & $0.0124258$ & $-0.00525105$ & $0.0279751$ & $1$ & $-0.0897256$ & $0.0156716$ & $0.0217307$ & $0.0210524$ & $-0.138948$ & $0.0197892$ & $-0.104563$ & $0.0447717$ & $0.0711359$ & $0.0166566$ & $-0.0556736$ & $0.0729574$ & $0.0213202$ \\
eHWWint & $0.0202046$ & $-0.0367399$ & $-0.0944985$ & $-0.0421572$ & $-0.00387063$ & $-0.00107693$ & $0.0309819$ & $0.00793907$ & $-0.00442629$ & $-0.00738335$ & $-0.0164152$ & $-0.0233857$ & $-0.0162197$ & $0.0239103$ & $-0.00837577$ & $0.00142477$ & $0.01528$ & $0.0206728$ & $0.0117495$ & $0.0121795$ & $0.0153985$ & $0.0117543$ & $0.00616039$ & $0.00691672$ & $0.0127268$ & $-0.0168446$ & $0.00819817$ & $0.00959307$ & $-0.00897936$ & $-0.178096$ & $-0.0574958$ & $-0.0134732$ & $-0.21413$ & $0.010662$ & $0.0123215$ & $-0.0897256$ & $1$ & $0.00397982$ & $0.0489555$ & $0.0148145$ & $0.136148$ & $0.0182071$ & $-0.0552394$ & $-0.0126222$ & $-0.0450625$ & $0.0931157$ & $0.0882084$ & $0.00246917$ & $-0.04177$ \\
eHWWpar & $-0.0048656$ & $0.0169855$ & $0.0220263$ & $-0.00297679$ & $-0.00144094$ & $-0.00510306$ & $-0.00184673$ & $0.00515945$ & $0.0051654$ & $-0.00378915$ & $-0.00611042$ & $-0.00912401$ & $-0.00134167$ & $0.00115991$ & $0.00611135$ & $0.0105434$ & $0.00290958$ & $-0.00236395$ & $-0.0047807$ & $0.00635716$ & $0.00576861$ & $0.00669098$ & $-0.0038357$ & $-0.00222909$ & $0.000711526$ & $-0.00179149$ & $-0.00011689$ & $0.0152422$ & $-0.00277513$ & $-0.0272148$ & $-0.00439402$ & $-0.00928346$ & $-0.0343307$ & $0.00169478$ & $-0.011717$ & $0.0156716$ & $0.00397982$ & $1$ & $0.0111543$ & $0.00791292$ & $-0.0169593$ & $-0.00412775$ & $0.0186044$ & $-0.0130831$ & $0.00393264$ & $0.0382776$ & $0.00456638$ & $0.00398951$ & $-0.00342994$ \\
eHZZint & $0.0332246$ & $-0.0191695$ & $-0.039817$ & $0.162159$ & $0.000966521$ & $0.00337042$ & $0.0121523$ & $0.00538933$ & $-0.00412722$ & $0.00803429$ & $-0.0153628$ & $-0.00170668$ & $0.00212539$ & $0.0206507$ & $0.00627787$ & $0.00590633$ & $0.0180368$ & $0.0136722$ & $0.0137671$ & $0.0150652$ & $0.0134504$ & $0.0134663$ & $-0.000260904$ & $0.00824106$ & $0.00743896$ & $-0.00859501$ & $-0.003629$ & $0.00597659$ & $-0.00110914$ & $-0.0235695$ & $-0.0233696$ & $0.0242934$ & $0.00710693$ & $-0.00205417$ & $0.0729377$ & $0.0217307$ & $0.0489555$ & $0.0111543$ & $1$ & $-0.00596527$ & $0.0560845$ & $0.0243775$ & $-0.0999832$ & $-0.00436854$ & $0.132691$ & $-0.139095$ & $0.00502354$ & $-0.00574925$ & $0.0748555$ \\
eHZZpar & $0.00370798$ & $-0.00824435$ & $0.000219602$ & $0.0313725$ & $0.00344908$ & $-0.00198214$ & $-0.00295217$ & $-0.00324178$ & $-0.00144785$ & $0.00525395$ & $0.00235269$ & $0.00365776$ & $5.90978e-05$ & $0.0036148$ & $7.14891e-05$ & $-0.00842586$ & $-0.000257407$ & $0.000922958$ & $0.00735631$ & $-0.00323496$ & $-0.00197361$ & $-0.00341134$ & $0.00624417$ & $0.00414744$ & $0.00334985$ & $-0.000221349$ & $0.00275246$ & $0.00718638$ & $-0.00200901$ & $-0.00152127$ & $-0.00436094$ & $-0.00263239$ & $-0.0034729$ & $-0.00504567$ & $-0.0179009$ & $0.0210524$ & $0.0148145$ & $0.00791292$ & $-0.00596527$ & $1$ & $-0.0165763$ & $-0.00398601$ & $0.0228749$ & $-0.0200301$ & $-0.0269384$ & $-0.0272043$ & $0.0106228$ & $0.0125969$ & $-0.0073475$ \\
eHZgaint & $-0.13484$ & $-0.0293864$ & $-0.102017$ & $-0.0926833$ & $-0.00454528$ & $-0.00700964$ & $0.00892603$ & $0.0193732$ & $0.0224347$ & $-0.0541203$ & $-0.0104523$ & $-0.0564695$ & $0.0181284$ & $-0.00627917$ & $0.00215588$ & $0.00748535$ & $-0.0177027$ & $-0.0172887$ & $-0.0214195$ & $0.00821821$ & $0.010505$ & $0.0122405$ & $0.00473237$ & $-0.0100005$ & $-0.00630507$ & $-0.00815607$ & $0.00846475$ & $0.00346007$ & $-0.00777308$ & $-0.0165065$ & $-0.000636818$ & $-0.00137285$ & $-0.0306151$ & $0.0118459$ & $0.0419214$ & $-0.138948$ & $0.136148$ & $-0.0169593$ & $0.0560845$ & $-0.0165763$ & $1$ & $-0.00213287$ & $0.0455893$ & $-0.0120633$ & $-0.0147009$ & $0.134124$ & $0.0483699$ & $-0.0804607$ & $0.00472701$ \\
eHZgapar & $-0.00467055$ & $-0.00135839$ & $0.013486$ & $-0.0347783$ & $0.00444111$ & $-0.00324474$ & $0.00389094$ & $0.00395252$ & $0.0017944$ & $-0.00290551$ & $-0.000816679$ & $-0.00476523$ & $0.00826477$ & $-0.00473211$ & $0.000666516$ & $0.00972241$ & $-0.00706145$ & $-0.00567307$ & $-0.0102932$ & $0.000541053$ & $0.000378418$ & $0.00335902$ & $0.00214675$ & $-0.00334943$ & $-0.0029986$ & $-0.00425082$ & $0.00429345$ & $-0.0178186$ & $0.00193319$ & $0.00223954$ & $-0.00261927$ & $0.00453985$ & $0.00357909$ & $0.00244336$ & $-0.00467235$ & $0.0197892$ & $0.0182071$ & $-0.00412775$ & $0.0243775$ & $-0.00398601$ & $-0.00213287$ & $1$ & $-0.0118684$ & $-0.00978084$ & $0.0156807$ & $0.00743669$ & $-0.00381019$ & $0.0369198$ & $0.00220872$ \\
eHgagaint & $0.0608844$ & $0.0132555$ & $0.0173692$ & $-0.0822046$ & $-0.00749968$ & $0.000236197$ & $-0.00244465$ & $0.00776691$ & $0.0678773$ & $-0.0153254$ & $0.00378751$ & $-0.0183488$ & $0.00640897$ & $-0.0126766$ & $-0.0106908$ & $0.000194648$ & $-0.0278104$ & $-0.0154979$ & $-0.0240018$ & $-0.00580831$ & $-0.00292499$ & $-0.00367466$ & $0.00261275$ & $-0.0242798$ & $-0.0263023$ & $0.00108362$ & $0.00491507$ & $-0.00617447$ & $-0.00140669$ & $0.0187665$ & $0.0390252$ & $0.000454487$ & $0.0197316$ & $0.0128631$ & $0.0584352$ & $-0.104563$ & $-0.0552394$ & $0.0186044$ & $-0.0999832$ & $0.0228749$ & $0.0455893$ & $-0.0118684$ & $1$ & $0.00047452$ & $0.109794$ & $0.102803$ & $0.0412471$ & $0.12244$ & $-0.0375322$ \\
eHmumuint & $0.112571$ & $0.0367808$ & $0.0339888$ & $-0.00795214$ & $0.0104734$ & $-0.00047004$ & $0.0147859$ & $-0.00297115$ & $-0.0011655$ & $-0.000983528$ & $0.0103263$ & $0.00324171$ & $0.0108127$ & $-0.0181407$ & $-0.00118977$ & $-0.00082326$ & $-0.0156232$ & $-0.0138811$ & $-0.0140862$ & $-0.00939856$ & $-0.0101388$ & $-0.00841838$ & $0.00885001$ & $-0.0145591$ & $-0.0267448$ & $-0.0105045$ & $-0.00711906$ & $-0.0123649$ & $0.0189433$ & $0.0111049$ & $-0.00996935$ & $0.0150957$ & $0.0237591$ & $0.00148261$ & $-0.0186603$ & $0.0447717$ & $-0.0126222$ & $-0.0130831$ & $-0.00436854$ & $-0.0200301$ & $-0.0120633$ & $-0.00978084$ & $0.00047452$ & $1$ & $0.0499604$ & $0.0371936$ & $-0.0545319$ & $0.0825618$ & $0.0176965$ \\
eHtautauint & $-0.0109582$ & $-0.154695$ & $-0.116256$ & $0.00374399$ & $0.00550162$ & $-0.00446974$ & $0.00259074$ & $0.015419$ & $0.0207905$ & $-0.00466609$ & $-0.0140243$ & $-0.00565595$ & $0.00706539$ & $0.00933894$ & $0.00702636$ & $0.00823146$ & $-0.00646982$ & $-0.0045821$ & $-0.0057316$ & $0.0103929$ & $0.00902363$ & $0.0112037$ & $0.0069356$ & $-0.00465226$ & $-0.00480739$ & $-0.0163109$ & $-0.00241198$ & $-0.00104694$ & $0.00200462$ & $0.0731779$ & $-0.039314$ & $0.0109244$ & $0.0600681$ & $-0.00421313$ & $0.0188788$ & $0.0711359$ & $-0.0450625$ & $0.00393264$ & $0.132691$ & $-0.0269384$ & $-0.0147009$ & $0.0156807$ & $0.109794$ & $0.0499604$ & $1$ & $-0.00353842$ & $-0.124952$ & $0.0157013$ & $0.109411$ \\
eHccint & $0.135571$ & $-0.16703$ & $-0.0359091$ & $-0.040214$ & $-0.0180149$ & $-0.00518488$ & $0.00722167$ & $0.0101764$ & $0.0150219$ & $-0.018608$ & $-0.00163985$ & $-0.0143323$ & $0.00717418$ & $-0.00983104$ & $-0.00510795$ & $-0.00209541$ & $-0.0189351$ & $-0.01053$ & $-0.0134121$ & $-0.00353444$ & $-0.00343911$ & $-0.00281211$ & $0.0132805$ & $-0.0160024$ & $-0.0225839$ & $-0.0105998$ & $0.00644584$ & $-0.00143052$ & $-0.00935024$ & $-0.011401$ & $0.0886598$ & $0.0023865$ & $-0.0110086$ & $0.00182057$ & $0.0140931$ & $0.0166566$ & $0.0931157$ & $0.0382776$ & $-0.139095$ & $-0.0272043$ & $0.134124$ & $0.00743669$ & $0.102803$ & $0.0371936$ & $-0.00353842$ & $1$ & $0.0967138$ & $0.0135813$ & $0.00803665$ \\
eHccpar & $-0.118965$ & $0.0453567$ & $0.0860692$ & $0.030026$ & $2.62004e-05$ & $0.00577063$ & $0.00770139$ & $-0.0128329$ & $-0.011694$ & $0.00976104$ & $0.0134047$ & $0.0113594$ & $-0.00627131$ & $0.000291353$ & $-0.00471931$ & $-0.00835286$ & $-0.00326793$ & $0.00358975$ & $0.00610195$ & $-0.0100298$ & $-0.0110355$ & $-0.0130511$ & $0.00127821$ & $0.0129168$ & $0.00881521$ & $0.0075652$ & $-0.00812639$ & $-0.00669802$ & $-0.00798144$ & $-0.0264927$ & $0.288899$ & $0.0085872$ & $-0.0160676$ & $-0.00695185$ & $0.0742607$ & $-0.0556736$ & $0.0882084$ & $0.00456638$ & $0.00502354$ & $0.0106228$ & $0.0483699$ & $-0.00381019$ & $0.0412471$ & $-0.0545319$ & $-0.124952$ & $0.0967138$ & $1$ & $0.0333737$ & $-0.0089755$ \\
eHbbint & $0.00255282$ & $-0.0492538$ & $-0.105165$ & $-0.0724548$ & $-0.00151376$ & $0.00656794$ & $-0.0284392$ & $0.00118934$ & $0.00551573$ & $0.0128764$ & $-0.00379346$ & $0.0118814$ & $0.00718013$ & $0.00651969$ & $-0.00166792$ & $0.0112453$ & $0.00250878$ & $0.00594279$ & $-0.000904244$ & $0.00218425$ & $0.00137906$ & $0.000616277$ & $-0.0176058$ & $-0.000219659$ & $0.000668062$ & $0.0140287$ & $-0.00581978$ & $0.00104054$ & $0.00160802$ & $0.00560332$ & $0.0179297$ & $-0.0177424$ & $0.108013$ & $-0.00113206$ & $0.059651$ & $0.0729574$ & $0.00246917$ & $0.00398951$ & $-0.00574925$ & $0.0125969$ & $-0.0804607$ & $0.0369198$ & $0.12244$ & $0.0825618$ & $0.0157013$ & $0.0135813$ & $0.0333737$ & $1$ & $-0.0762774$ \\
eHbbpar & $0.0299824$ & $-0.0926999$ & $0.0296918$ & $0.118058$ & $-0.00421297$ & $-0.00150522$ & $-0.0175565$ & $0.00586431$ & $0.000291443$ & $0.00681747$ & $-0.000745146$ & $0.0174535$ & $0.00547595$ & $-0.00683988$ & $-0.00501838$ & $0.00064808$ & $-0.00846995$ & $-0.00378578$ & $-0.00840309$ & $-0.00173466$ & $-0.00131924$ & $-0.000213924$ & $0.00468207$ & $-0.00674188$ & $-0.0110646$ & $0.00049625$ & $0.0019709$ & $-0.00481183$ & $0.0105656$ & $0.00714847$ & $-0.0014197$ & $0.00345898$ & $0.435269$ & $0.0038932$ & $0.122343$ & $0.0213202$ & $-0.04177$ & $-0.00342994$ & $0.0748555$ & $-0.0073475$ & $0.00472701$ & $0.00220872$ & $-0.0375322$ & $0.0176965$ & $0.109411$ & $0.00803665$ & $-0.0089755$ & $-0.0762774$ & $1$ \\
