 & AlsMz & dAle5Mz & mtop & mHl & Mz & CW & CHG & CHWB & CHWHB_gaga & CHWHB_gagaorth & CHD & CHbox & CHL1_11 & CHL1_22 & CHL1_33 & CHL3_11 & CHL3_22 & CHL3_33 & CHe_11 & CHe_22 & CHe_33 & CHQ1_11 & CHQ1_33 & CHQ3_11 & CHu_11 & CHd_11 & CHd_33 & CeH_22r & CeH_33r & CuH_22r & CuH_33r & CdH_33r & CLL_1221 & eHggint & eHggpar & eHWWint & eHWWpar & eHZZint & eHZZpar & eHZgaint & eHZgapar & eHgagaint & eHmumuint & eHtautauint & eHccint & eHccpar & eHbbint & eHbbpar \\
AlsMz & $1$ & $-0.35122$ & $-0.0213371$ & $-0.0880722$ & $-0.00448908$ & $-0.00527149$ & $0.0528365$ & $0.0190911$ & $0.0304824$ & $-0.0313814$ & $-0.0133441$ & $-0.0196012$ & $-0.00835122$ & $-0.00164417$ & $0.00232274$ & $-0.0157636$ & $-0.0130948$ & $-0.0140042$ & $0.00526325$ & $0.0064991$ & $0.00700254$ & $0.0023276$ & $-0.0486249$ & $-0.0776503$ & $-0.0231562$ & $-0.00701435$ & $0.013225$ & $0.0229568$ & $0.0574698$ & $0.0516831$ & $0.0440786$ & $0.00887271$ & $0.00704859$ & $-0.269953$ & $-0.345094$ & $-0.325335$ & $-0.0281287$ & $-0.376727$ & $-0.0574819$ & $0.185424$ & $0.040569$ & $0.0379073$ & $0.0672511$ & $-0.173268$ & $-0.066855$ & $0.0302081$ & $-0.227213$ & $-0.232765$ \\
dAle5Mz & $-0.35122$ & $1$ & $-0.207749$ & $0.110126$ & $0.0123076$ & $0.00387682$ & $0.0480975$ & $-0.0125845$ & $-0.0207546$ & $0.0218491$ & $0.00949774$ & $0.0385062$ & $-0.0134858$ & $-0.0154596$ & $-0.016181$ & $0.00839825$ & $0.00597212$ & $0.00658927$ & $-0.00237988$ & $0.00245952$ & $0.00584123$ & $0.00952122$ & $0.00999648$ & $0.0372897$ & $0.0128935$ & $0.0406562$ & $-0.0110225$ & $-0.0161531$ & $-0.046027$ & $0.000526862$ & $0.0567514$ & $-0.0583075$ & $0.0322389$ & $0.288426$ & $0.178092$ & $0.455131$ & $0.0439026$ & $0.122814$ & $0.0509286$ & $-0.0795681$ & $-0.0039661$ & $-0.154041$ & $-0.145453$ & $-0.241006$ & $-0.0863573$ & $0.108696$ & $0.429321$ & $-0.13271$ \\
mtop & $-0.0213371$ & $-0.207749$ & $1$ & $-0.19004$ & $0.0183619$ & $-0.00924743$ & $-0.0449265$ & $0.0178065$ & $0.0148886$ & $-0.0241098$ & $-0.00804083$ & $-0.0314495$ & $0.0022288$ & $-0.00783587$ & $0.0094542$ & $-0.0068444$ & $0.000327682$ & $-0.0133923$ & $0.0096216$ & $0.0120736$ & $0.0116372$ & $0.0204454$ & $-0.00949216$ & $-0.000354363$ & $-0.0218724$ & $0.0140407$ & $-0.00527518$ & $0.00732676$ & $-0.00626094$ & $-0.127928$ & $-0.0708252$ & $0.0533857$ & $0.0166183$ & $-0.46373$ & $-0.0469043$ & $0.187851$ & $-0.0338764$ & $-0.409966$ & $-0.0484951$ & $0.0647974$ & $0.00894438$ & $-0.0927712$ & $-0.0863434$ & $-0.228053$ & $-0.195882$ & $-0.585854$ & $-0.202394$ & $0.258458$ \\
mHl & $-0.0880722$ & $0.110126$ & $-0.19004$ & $1$ & $-0.024996$ & $-0.0128997$ & $-0.00729801$ & $0.00199619$ & $0.00455681$ & $-0.00545493$ & $-0.00618419$ & $-0.0120008$ & $0.00742252$ & $0.00238624$ & $-0.00103918$ & $0.00750127$ & $0.00425711$ & $0.00796674$ & $0.00650736$ & $0.00681663$ & $0.00715436$ & $0.011992$ & $0.00883071$ & $0.0132684$ & $-0.00663906$ & $0.00963269$ & $0.000284297$ & $0.00273881$ & $-0.0303711$ & $-0.0378174$ & $-0.0190908$ & $-0.0214226$ & $0.00208177$ & $0.023466$ & $-0.212029$ & $0.329469$ & $-0.00507095$ & $-0.0662968$ & $-0.0351866$ & $0.00874933$ & $-0.0967518$ & $0.121166$ & $-0.0594999$ & $-0.182453$ & $-0.17204$ & $-0.0856448$ & $0.344034$ & $-0.039781$ \\
Mz & $-0.00448908$ & $0.0123076$ & $0.0183619$ & $-0.024996$ & $1$ & $0.00217706$ & $0.0125112$ & $-0.00314166$ & $-0.00252985$ & $0.00693081$ & $0.0118818$ & $0.00780734$ & $-0.00173704$ & $-0.00216983$ & $-0.00671547$ & $-0.00535488$ & $-0.0036154$ & $-0.00117524$ & $-0.00473257$ & $-0.00332351$ & $-0.00384145$ & $0.00373824$ & $-0.004791$ & $-0.00727356$ & $0.00110096$ & $-0.00323436$ & $-0.00630972$ & $0.00163167$ & $-0.00711541$ & $-0.00970057$ & $0.0100284$ & $-0.0122161$ & $-0.00292396$ & $0.0180477$ & $0.00481556$ & $0.0283573$ & $0.00284104$ & $-0.00335462$ & $0.00663244$ & $0.0248413$ & $0.00797127$ & $0.00874876$ & $0.00422338$ & $-0.012292$ & $-0.0144834$ & $0.0131226$ & $0.00634635$ & $-0.00287964$ \\
CW & $-0.00527149$ & $0.00387682$ & $-0.00924743$ & $-0.0128997$ & $0.00217706$ & $1$ & $-0.0110725$ & $-0.141898$ & $-0.139294$ & $0.0249475$ & $0.188527$ & $0.0503428$ & $0.0329891$ & $-0.0859146$ & $-0.0832701$ & $-0.263641$ & $-0.0351891$ & $-0.0381764$ & $-0.187342$ & $-0.192087$ & $-0.187356$ & $-0.0157294$ & $0.0187972$ & $-0.0763187$ & $0.110563$ & $-0.0751548$ & $-0.0652347$ & $-0.00273057$ & $-0.000445752$ & $0.00154394$ & $-0.0076633$ & $0.00229636$ & $-0.124313$ & $-0.000714753$ & $0.0116446$ & $0.00451943$ & $-0.00461013$ & $-0.000490221$ & $0.0167529$ & $-0.00411397$ & $-0.00822501$ & $-0.0155922$ & $0.00443548$ & $0.0105295$ & $-0.00481395$ & $-0.00333825$ & $0.00670673$ & $-0.011028$ \\
CHG & $0.0528365$ & $0.0480975$ & $-0.0449265$ & $-0.00729801$ & $0.0125112$ & $-0.0110725$ & $1$ & $0.00132712$ & $0.0581386$ & $-0.00579332$ & $0.00738364$ & $0.00199439$ & $-0.027702$ & $-0.000482047$ & $-0.00976528$ & $-0.0118134$ & $-0.0194959$ & $-0.0137529$ & $-0.00729029$ & $-0.00658124$ & $-0.00663866$ & $-0.00302272$ & $-0.0122356$ & $-0.0196978$ & $0.00599965$ & $0.00218027$ & $0.014664$ & $0.00525201$ & $-0.0488234$ & $-0.0273646$ & $0.933168$ & $-0.0795647$ & $0.00523892$ & $0.0281948$ & $-0.00488816$ & $0.0253732$ & $-0.00602416$ & $-0.0303634$ & $0.00181294$ & $0.0285346$ & $-0.0277552$ & $0.0182895$ & $0.0457703$ & $-0.0695319$ & $-0.0791333$ & $0.0318021$ & $0.0767253$ & $-0.0671799$ \\
CHWB & $0.0190911$ & $-0.0125845$ & $0.0178065$ & $0.00199619$ & $-0.00314166$ & $-0.141898$ & $0.00132712$ & $1$ & $0.982914$ & $-0.532215$ & $-0.889424$ & $-0.300206$ & $0.197977$ & $0.291805$ & $0.286552$ & $-0.133347$ & $-0.352447$ & $-0.352292$ & $0.859504$ & $0.906463$ & $0.888482$ & $0.0568179$ & $-0.62595$ & $-0.314052$ & $-0.508053$ & $0.40659$ & $0.287894$ & $0.00377135$ & $0.014644$ & $0.0222217$ & $-0.0106121$ & $0.00168555$ & $0.535787$ & $-0.00346847$ & $-0.0239679$ & $-0.023394$ & $0.0194122$ & $0.0134066$ & $-0.0221064$ & $0.0107625$ & $0.0181736$ & $0.0292112$ & $-0.0186672$ & $-0.00641189$ & $0.0229544$ & $0.0072704$ & $-0.0383851$ & $-0.00666298$ \\
CHWHB_gaga & $0.0304824$ & $-0.0207546$ & $0.0148886$ & $0.00455681$ & $-0.00252985$ & $-0.139294$ & $0.0581386$ & $0.982914$ & $1$ & $-0.520089$ & $-0.871326$ & $-0.270756$ & $0.188183$ & $0.287639$ & $0.279584$ & $-0.137551$ & $-0.352981$ & $-0.350448$ & $0.842161$ & $0.888022$ & $0.870709$ & $0.0561991$ & $-0.619514$ & $-0.314446$ & $-0.497708$ & $0.399448$ & $0.281391$ & $0.0105308$ & $0.0390759$ & $0.0377816$ & $0.0373895$ & $0.0313516$ & $0.525347$ & $-0.00402334$ & $-0.0300485$ & $-0.0297154$ & $0.0192991$ & $0.00175694$ & $-0.0181893$ & $0.0156995$ & $0.0167769$ & $0.0612627$ & $-0.00837236$ & $-0.0163189$ & $0.0194537$ & $0.0180318$ & $-0.0384269$ & $-0.00899732$ \\
CHWHB_gagaorth & $-0.0313814$ & $0.0218491$ & $-0.0241098$ & $-0.00545493$ & $0.00693081$ & $0.0249475$ & $-0.00579332$ & $-0.532215$ & $-0.520089$ & $1$ & $0.333717$ & $0.668419$ & $0.173423$ & $-0.113977$ & $-0.114868$ & $0.370933$ & $0.434527$ & $0.435499$ & $-0.320479$ & $-0.348535$ & $-0.345477$ & $-0.0373237$ & $0.507252$ & $0.424275$ & $0.188922$ & $-0.206979$ & $-0.107502$ & $-0.0113963$ & $-0.0591848$ & $-0.0306948$ & $0.0227945$ & $-0.0611584$ & $-0.311007$ & $0.0379782$ & $0.0326986$ & $0.0180712$ & $-0.00660425$ & $0.00870514$ & $0.0157942$ & $-0.00197806$ & $-0.00963768$ & $-0.00785167$ & $0.0295878$ & $-0.00361433$ & $-0.00403623$ & $0.0292117$ & $0.0277161$ & $0.00899763$ \\
CHD & $-0.0133441$ & $0.00949774$ & $-0.00804083$ & $-0.00618419$ & $0.0118818$ & $0.188527$ & $0.00738364$ & $-0.889424$ & $-0.871326$ & $0.333717$ & $1$ & $0.311836$ & $-0.574089$ & $-0.416612$ & $-0.409725$ & $-0.295719$ & $0.0121907$ & $0.0124858$ & $-0.990232$ & $-0.991082$ & $-0.969029$ & $-0.00502222$ & $0.273326$ & $-0.0416386$ & $0.558162$ & $-0.27992$ & $-0.319669$ & $-0.00162653$ & $-0.0201076$ & $-0.0214655$ & $0.0211127$ & $-0.0137783$ & $-0.346479$ & $0.00701$ & $0.0174479$ & $0.0144724$ & $-0.0223025$ & $-0.0207642$ & $0.0135247$ & $-0.0252094$ & $-0.0166515$ & $-0.0227816$ & $0.0159579$ & $-0.0010546$ & $-0.0226833$ & $-0.00752903$ & $0.0289315$ & $0.00549143$ \\
CHbox & $-0.0196012$ & $0.0385062$ & $-0.0314495$ & $-0.0120008$ & $0.00780734$ & $0.0503428$ & $0.00199439$ & $-0.300206$ & $-0.270756$ & $0.668419$ & $0.311836$ & $1$ & $-0.165888$ & $-0.0496124$ & $-0.0521998$ & $-0.0673544$ & $-0.0089607$ & $-0.00655486$ & $-0.289398$ & $-0.322097$ & $-0.315653$ & $-0.0328704$ & $0.141133$ & $-0.00964904$ & $0.179845$ & $-0.166102$ & $-0.106659$ & $0.0215897$ & $0.196954$ & $0.0507632$ & $0.0791891$ & $0.263674$ & $-0.195924$ & $0.0599191$ & $0.0430989$ & $0.00736846$ & $-0.000287671$ & $0.00798451$ & $0.00657063$ & $-0.0166343$ & $-0.0114845$ & $-0.0108442$ & $0.0270622$ & $-0.0119282$ & $0.00587344$ & $0.0383885$ & $0.0209619$ & $5.75218e-05$ \\
CHL1_11 & $-0.00835122$ & $-0.0134858$ & $0.0022288$ & $0.00742252$ & $-0.00173704$ & $0.0329891$ & $-0.027702$ & $0.197977$ & $0.188183$ & $0.173423$ & $-0.574089$ & $-0.165888$ & $1$ & $0.299293$ & $0.29173$ & $0.628814$ & $0.556926$ & $0.557858$ & $0.591462$ & $0.53596$ & $0.519869$ & $-0.0754637$ & $0.418598$ & $0.563199$ & $-0.302997$ & $-0.0619261$ & $0.179499$ & $-0.00116991$ & $0.0155017$ & $0.00470444$ & $-0.0380611$ & $0.0234426$ & $-0.171581$ & $-0.0149373$ & $0.00487836$ & $0.00851621$ & $0.00994381$ & $0.0171695$ & $0.0122933$ & $0.0364018$ & $0.00503864$ & $0.00265047$ & $-0.00248106$ & $0.0156325$ & $0.00584497$ & $-0.00535622$ & $-0.00323725$ & $0.00678478$ \\
CHL1_22 & $-0.00164417$ & $-0.0154596$ & $-0.00783587$ & $0.00238624$ & $-0.00216983$ & $-0.0859146$ & $-0.000482047$ & $0.291805$ & $0.287639$ & $-0.113977$ & $-0.416612$ & $-0.0496124$ & $0.299293$ & $1$ & $0.449398$ & $0.202961$ & $-0.459955$ & $-0.0113286$ & $0.483697$ & $0.330618$ & $0.319113$ & $-0.181746$ & $0.145528$ & $-0.127305$ & $-0.19291$ & $-0.418789$ & $0.115242$ & $0.00515886$ & $0.0205301$ & $0.0121062$ & $-0.000225004$ & $0.0235955$ & $-0.622254$ & $-0.015959$ & $0.00491804$ & $-0.0100015$ & $0.0162417$ & $0.0324984$ & $0.00298399$ & $-0.00195034$ & $-0.00743394$ & $-0.0113675$ & $0.0111426$ & $0.0120015$ & $0.0348699$ & $-0.013011$ & $-0.0241281$ & $0.00119509$ \\
CHL1_33 & $0.00232274$ & $-0.016181$ & $0.0094542$ & $-0.00103918$ & $-0.00671547$ & $-0.0832701$ & $-0.00976528$ & $0.286552$ & $0.279584$ & $-0.114868$ & $-0.409725$ & $-0.0521998$ & $0.29173$ & $0.449398$ & $1$ & $0.203777$ & $-0.00506242$ & $-0.445067$ & $0.476105$ & $0.326431$ & $0.34406$ & $-0.170922$ & $0.142783$ & $-0.111692$ & $-0.18997$ & $-0.398079$ & $0.112679$ & $-0.00181973$ & $0.0191476$ & $0.00731521$ & $-0.0114$ & $0.0172134$ & $-0.123606$ & $-0.0233849$ & $-0.00978706$ & $0.00736199$ & $0.0230375$ & $0.0260792$ & $-0.00444458$ & $0.0201369$ & $0.00202954$ & $-0.0243525$ & $0.00871672$ & $0.015597$ & $0.0179317$ & $-0.031908$ & $-0.00561$ & $0.00462566$ \\
CHL3_11 & $-0.0157636$ & $0.00839825$ & $-0.0068444$ & $0.00750127$ & $-0.00535488$ & $-0.263641$ & $-0.0118134$ & $-0.133347$ & $-0.137551$ & $0.370933$ & $-0.295719$ & $-0.0673544$ & $0.628814$ & $0.202961$ & $0.203777$ & $1$ & $0.691943$ & $0.688384$ & $0.318398$ & $0.264417$ & $0.25392$ & $-0.0586517$ & $0.624098$ & $0.743925$ & $-0.155255$ & $-0.114401$ & $0.0917953$ & $-0.00747264$ & $0.00857831$ & $-0.00255784$ & $-0.0177218$ & $0.022015$ & $-0.190003$ & $-0.0055577$ & $0.00990647$ & $0.0178972$ & $0.00758914$ & $0.0102152$ & $0.0106331$ & $0.0291856$ & $0.00143287$ & $-0.00737074$ & $0.000660382$ & $0.0099114$ & $-0.0019412$ & $0.0017266$ & $0.0179753$ & $0.00512763$ \\
CHL3_22 & $-0.0130948$ & $0.00597212$ & $0.000327682$ & $0.00425711$ & $-0.0036154$ & $-0.0351891$ & $-0.0194959$ & $-0.352447$ & $-0.352981$ & $0.434527$ & $0.0121907$ & $-0.0089607$ & $0.556926$ & $-0.459955$ & $-0.00506242$ & $0.691943$ & $1$ & $0.620974$ & $-0.0170726$ & $-0.00176064$ & $-0.00031081$ & $0.0261932$ & $0.555078$ & $0.76886$ & $0.00025295$ & $0.0634957$ & $0.00206602$ & $-0.00772316$ & $-0.00205804$ & $-0.0111387$ & $-0.0245341$ & $0.00830834$ & $0.127207$ & $-0.00224514$ & $0.00713441$ & $0.0244107$ & $-0.00427984$ & $-0.00893441$ & $0.0121727$ & $0.0328111$ & $0.00437948$ & $-0.00464733$ & $-0.00323856$ & $0.0090571$ & $-0.0246298$ & $0.0011013$ & $0.0297987$ & $0.00718685$ \\
CHL3_33 & $-0.0140042$ & $0.00658927$ & $-0.0133923$ & $0.00796674$ & $-0.00117524$ & $-0.0381764$ & $-0.0137529$ & $-0.352292$ & $-0.350448$ & $0.435499$ & $0.0124858$ & $-0.00655486$ & $0.557858$ & $-0.0113286$ & $-0.445067$ & $0.688384$ & $0.620974$ & $1$ & $-0.0174699$ & $-0.00203229$ & $-0.00148239$ & $0.0217983$ & $0.556148$ & $0.761248$ & $0.000393256$ & $0.0561088$ & $0.00292844$ & $-0.000785389$ & $-0.00103152$ & $-0.00680347$ & $-0.0174545$ & $0.0135857$ & $-0.286382$ & $0.00283552$ & $0.0196524$ & $0.00872007$ & $-0.0092357$ & $-0.00400017$ & $0.0202644$ & $0.0146869$ & $-0.00191218$ & $0.00729115$ & $-0.00220234$ & $0.00559664$ & $-0.0122051$ & $0.0161565$ & $0.0124614$ & $0.00642318$ \\
CHe_11 & $0.00526325$ & $-0.00237988$ & $0.0096216$ & $0.00650736$ & $-0.00473257$ & $-0.187342$ & $-0.00729029$ & $0.859504$ & $0.842161$ & $-0.320479$ & $-0.990232$ & $-0.289398$ & $0.591462$ & $0.483697$ & $0.476105$ & $0.318398$ & $-0.0170726$ & $-0.0174699$ & $1$ & $0.97162$ & $0.950484$ & $-0.0211392$ & $-0.215538$ & $0.0455261$ & $-0.547735$ & $0.202105$ & $0.314447$ & $0.00238564$ & $0.0219877$ & $0.0210017$ & $-0.0197895$ & $0.0165579$ & $0.264059$ & $-0.0079212$ & $-0.0134392$ & $-0.00688398$ & $0.0239303$ & $0.0244242$ & $-0.0118662$ & $0.0245119$ & $0.0146989$ & $0.016643$ & $-0.0155677$ & $0.00185023$ & $0.0234411$ & $0.00284299$ & $-0.025511$ & $-0.00385089$ \\
CHe_22 & $0.0064991$ & $0.00245952$ & $0.0120736$ & $0.00681663$ & $-0.00332351$ & $-0.192087$ & $-0.00658124$ & $0.906463$ & $0.888022$ & $-0.348535$ & $-0.991082$ & $-0.322097$ & $0.53596$ & $0.330618$ & $0.326431$ & $0.264417$ & $-0.00176064$ & $-0.00203229$ & $0.97162$ & $1$ & $0.974243$ & $0.033981$ & $-0.330582$ & $0.0407586$ & $-0.560318$ & $0.362918$ & $0.319733$ & $0.00127277$ & $0.0168965$ & $0.0200598$ & $-0.0210957$ & $0.0103692$ & $0.434473$ & $-0.00245734$ & $-0.0153988$ & $-0.00872847$ & $0.0215628$ & $0.0179741$ & $-0.0140252$ & $0.0226954$ & $0.0182024$ & $0.0249036$ & $-0.020894$ & $-0.00407502$ & $0.0189785$ & $0.00954804$ & $-0.0250436$ & $-0.00478016$ \\
CHe_33 & $0.00700254$ & $0.00584123$ & $0.0116372$ & $0.00715436$ & $-0.00384145$ & $-0.187356$ & $-0.00663866$ & $0.888482$ & $0.870709$ & $-0.345477$ & $-0.969029$ & $-0.315653$ & $0.519869$ & $0.319113$ & $0.34406$ & $0.25392$ & $-0.00031081$ & $-0.00148239$ & $0.950484$ & $0.974243$ & $1$ & $0.0361325$ & $-0.326611$ & $0.0394297$ & $-0.548959$ & $0.35841$ & $0.31328$ & $4.49127e-05$ & $0.0186035$ & $0.0209072$ & $-0.0211757$ & $0.0108875$ & $0.432484$ & $-0.00361235$ & $-0.014903$ & $-0.00863716$ & $0.0213969$ & $0.0176659$ & $-0.0154781$ & $0.020991$ & $0.0192111$ & $0.022625$ & $-0.0232182$ & $-0.00585651$ & $0.0158899$ & $0.00740995$ & $-0.0260458$ & $-0.00283576$ \\
CHQ1_11 & $0.0023276$ & $0.00952122$ & $0.0204454$ & $0.011992$ & $0.00373824$ & $-0.0157294$ & $-0.00302272$ & $0.0568179$ & $0.0561991$ & $-0.0373237$ & $-0.00502222$ & $-0.0328704$ & $-0.0754637$ & $-0.181746$ & $-0.170922$ & $-0.0586517$ & $0.0261932$ & $0.0217983$ & $-0.0211392$ & $0.033981$ & $0.0361325$ & $1$ & $-0.137509$ & $0.0994507$ & $-0.677739$ & $0.338923$ & $0.00426052$ & $-0.00711103$ & $-0.00158169$ & $0.00468913$ & $-0.00538777$ & $-0.00471014$ & $0.204942$ & $-0.0129068$ & $0.0119965$ & $0.0113344$ & $-0.0115126$ & $-0.0157895$ & $-0.0085541$ & $0.0113652$ & $0.00593502$ & $0.0175977$ & $-0.00794186$ & $-0.00139011$ & $-0.0111479$ & $-0.00187064$ & $0.0104935$ & $0.00203716$ \\
CHQ1_33 & $-0.0486249$ & $0.00999648$ & $-0.00949216$ & $0.00883071$ & $-0.004791$ & $0.0187972$ & $-0.0122356$ & $-0.62595$ & $-0.619514$ & $0.507252$ & $0.273326$ & $0.141133$ & $0.418598$ & $0.145528$ & $0.142783$ & $0.624098$ & $0.555078$ & $0.556148$ & $-0.215538$ & $-0.330582$ & $-0.326611$ & $-0.137509$ & $1$ & $0.575701$ & $0.184669$ & $-0.406429$ & $0.0125901$ & $-0.00236604$ & $0.00359367$ & $-0.0154185$ & $-0.00794147$ & $0.0195732$ & $-0.610887$ & $-0.0023712$ & $0.0285138$ & $0.0326867$ & $0.00448673$ & $0.0159166$ & $0.0173989$ & $0.0089054$ & $-0.0159105$ & $-0.0266938$ & $0.0166253$ & $0.0188549$ & $-0.00634158$ & $-0.01494$ & $0.0320086$ & $0.0135422$ \\
CHQ3_11 & $-0.0776503$ & $0.0372897$ & $-0.000354363$ & $0.0132684$ & $-0.00727356$ & $-0.0763187$ & $-0.0196978$ & $-0.314052$ & $-0.314446$ & $0.424275$ & $-0.0416386$ & $-0.00964904$ & $0.563199$ & $-0.127305$ & $-0.111692$ & $0.743925$ & $0.76886$ & $0.761248$ & $0.0455261$ & $0.0407586$ & $0.0394297$ & $0.0994507$ & $0.575701$ & $1$ & $-0.0187787$ & $0.28689$ & $0.0128435$ & $-0.0053424$ & $-0.00462821$ & $-0.015085$ & $-0.023731$ & $0.00939146$ & $-0.121813$ & $0.0178083$ & $0.0357262$ & $0.0408218$ & $-0.00142247$ & $0.0103938$ & $0.00789715$ & $0.00617745$ & $0.0130674$ & $0.00310512$ & $-0.0156191$ & $0.0136173$ & $-0.0112333$ & $0.0103323$ & $0.0299397$ & $0.0217677$ \\
CHu_11 & $-0.0231562$ & $0.0128935$ & $-0.0218724$ & $-0.00663906$ & $0.00110096$ & $0.110563$ & $0.00599965$ & $-0.508053$ & $-0.497708$ & $0.188922$ & $0.558162$ & $0.179845$ & $-0.302997$ & $-0.19291$ & $-0.18997$ & $-0.155255$ & $0.00025295$ & $0.000393256$ & $-0.547735$ & $-0.560318$ & $-0.548959$ & $-0.677739$ & $0.184669$ & $-0.0187787$ & $1$ & $-0.163062$ & $-0.179869$ & $0.00415567$ & $-0.00893514$ & $-0.0116715$ & $0.0150275$ & $-0.00384045$ & $-0.238868$ & $0.0241102$ & $0.00639101$ & $0.00582662$ & $-0.00598724$ & $0.00293651$ & $0.00618434$ & $-0.0239488$ & $-0.00507971$ & $-0.0181742$ & $0.00886093$ & $-0.00120614$ & $-0.00113855$ & $0.00865128$ & $0.0138171$ & $0.00388175$ \\
CHd_11 & $-0.00701435$ & $0.0406562$ & $0.0140407$ & $0.00963269$ & $-0.00323436$ & $-0.0751548$ & $0.00218027$ & $0.40659$ & $0.399448$ & $-0.206979$ & $-0.27992$ & $-0.166102$ & $-0.0619261$ & $-0.418789$ & $-0.398079$ & $-0.114401$ & $0.0634957$ & $0.0561088$ & $0.202105$ & $0.362918$ & $0.35841$ & $0.338923$ & $-0.406429$ & $0.28689$ & $-0.163062$ & $1$ & $0.0904766$ & $0.00129005$ & $-0.00729134$ & $0.00212419$ & $-0.00629472$ & $-0.0169453$ & $0.686099$ & $0.0251449$ & $-0.00386746$ & $0.00380508$ & $-0.000542743$ & $-0.0205981$ & $-0.0275912$ & $-0.0057956$ & $0.0329066$ & $0.0406007$ & $-0.0354514$ & $-0.0244494$ & $-0.00968855$ & $0.0339093$ & $-0.00460292$ & $-0.00498552$ \\
CHd_33 & $0.013225$ & $-0.0110225$ & $-0.00527518$ & $0.000284297$ & $-0.00630972$ & $-0.0652347$ & $0.014664$ & $0.287894$ & $0.281391$ & $-0.107502$ & $-0.319669$ & $-0.106659$ & $0.179499$ & $0.115242$ & $0.112679$ & $0.0917953$ & $0.00206602$ & $0.00292844$ & $0.314447$ & $0.319733$ & $0.31328$ & $0.00426052$ & $0.0125901$ & $0.0128435$ & $-0.179869$ & $0.0904766$ & $1$ & $0.00328252$ & $0.0012229$ & $-0.000597932$ & $0.0105183$ & $-0.00105132$ & $0.12908$ & $-0.0124699$ & $-0.0171448$ & $-0.0175225$ & $0.0186019$ & $0.00670467$ & $0.00499461$ & $0.0152498$ & $0.00129925$ & $0.00502413$ & $-0.000865198$ & $-0.00230009$ & $0.00754209$ & $0.0058571$ & $-0.0187945$ & $-0.0090686$ \\
CeH_22r & $0.0229568$ & $-0.0161531$ & $0.00732676$ & $0.00273881$ & $0.00163167$ & $-0.00273057$ & $0.00525201$ & $0.00377135$ & $0.0105308$ & $-0.0113963$ & $-0.00162653$ & $0.0215897$ & $-0.00116991$ & $0.00515886$ & $-0.00181973$ & $-0.00747264$ & $-0.00772316$ & $-0.000785389$ & $0.00238564$ & $0.00127277$ & $4.49127e-05$ & $-0.00711103$ & $-0.00236604$ & $-0.0053424$ & $0.00415567$ & $0.00129005$ & $0.00328252$ & $1$ & $0.0307674$ & $0.0212095$ & $-0.0125671$ & $0.0382385$ & $-0.00382797$ & $-0.0293276$ & $-0.0247746$ & $-0.0140238$ & $-0.00131921$ & $-0.00282722$ & $-0.00664565$ & $0.0116377$ & $0.00504171$ & $-0.00501193$ & $0.0156345$ & $-0.000474044$ & $0.00705039$ & $-0.0104113$ & $-0.0064917$ & $-0.0130447$ \\
CeH_33r & $0.0574698$ & $-0.046027$ & $-0.00626094$ & $-0.0303711$ & $-0.00711541$ & $-0.000445752$ & $-0.0488234$ & $0.014644$ & $0.0390759$ & $-0.0591848$ & $-0.0201076$ & $0.196954$ & $0.0155017$ & $0.0205301$ & $0.0191476$ & $0.00857831$ & $-0.00205804$ & $-0.00103152$ & $0.0219877$ & $0.0168965$ & $0.0186035$ & $-0.00158169$ & $0.00359367$ & $-0.00462821$ & $-0.00893514$ & $-0.00729134$ & $0.0012229$ & $0.0307674$ & $1$ & $0.305003$ & $0.0962807$ & $0.682091$ & $-0.0072375$ & $-0.0457239$ & $-0.0154879$ & $-0.0932227$ & $-0.0194064$ & $-0.0115695$ & $-0.00601695$ & $0.00414955$ & $-0.0130553$ & $-0.0114988$ & $0.0188799$ & $0.0353689$ & $0.0085821$ & $-0.00365236$ & $-0.0574607$ & $-0.026634$ \\
CuH_22r & $0.0516831$ & $0.000526862$ & $-0.127928$ & $-0.0378174$ & $-0.00970057$ & $0.00154394$ & $-0.0273646$ & $0.0222217$ & $0.0377816$ & $-0.0306948$ & $-0.0214655$ & $0.0507632$ & $0.00470444$ & $0.0121062$ & $0.00731521$ & $-0.00255784$ & $-0.0111387$ & $-0.00680347$ & $0.0210017$ & $0.0200598$ & $0.0209072$ & $0.00468913$ & $-0.0154185$ & $-0.015085$ & $-0.0116715$ & $0.00212419$ & $-0.000597932$ & $0.0212095$ & $0.305003$ & $1$ & $0.0690109$ & $0.368873$ & $0.00600612$ & $0.121643$ & $0.0034026$ & $-0.0924574$ & $0.00586704$ & $0.0607752$ & $0.00707658$ & $0.0446612$ & $0.00766324$ & $0.0872166$ & $0.0555983$ & $0.0340602$ & $0.100169$ & $0.213463$ & $-0.0222072$ & $-0.0759381$ \\
CuH_33r & $0.0440786$ & $0.0567514$ & $-0.0708252$ & $-0.0190908$ & $0.0100284$ & $-0.0076633$ & $0.933168$ & $-0.0106121$ & $0.0373895$ & $0.0227945$ & $0.0211127$ & $0.0791891$ & $-0.0380611$ & $-0.000225004$ & $-0.0114$ & $-0.0177218$ & $-0.0245341$ & $-0.0174545$ & $-0.0197895$ & $-0.0210957$ & $-0.0211757$ & $-0.00538777$ & $-0.00794147$ & $-0.023731$ & $0.0150275$ & $-0.00629472$ & $0.0105183$ & $-0.0125671$ & $0.0962807$ & $0.0690109$ & $1$ & $0.119004$ & $-0.00430566$ & $0.0756024$ & $0.0298457$ & $0.00371787$ & $-0.00733051$ & $-0.0121491$ & $0.00380742$ & $0.0240253$ & $-0.0263652$ & $0.0264355$ & $0.0436484$ & $-0.0650079$ & $-0.0651169$ & $0.0622414$ & $0.0761832$ & $-0.0712508$ \\
CdH_33r & $0.00887271$ & $-0.0583075$ & $0.0533857$ & $-0.0214226$ & $-0.0122161$ & $0.00229636$ & $-0.0795647$ & $0.00168555$ & $0.0313516$ & $-0.0611584$ & $-0.0137783$ & $0.263674$ & $0.0234426$ & $0.0235955$ & $0.0172134$ & $0.022015$ & $0.00830834$ & $0.0135857$ & $0.0165579$ & $0.0103692$ & $0.0108875$ & $-0.00471014$ & $0.0195732$ & $0.00939146$ & $-0.00384045$ & $-0.0169453$ & $-0.00105132$ & $0.0382385$ & $0.682091$ & $0.368873$ & $0.119004$ & $1$ & $-0.0202733$ & $-0.0673634$ & $0.0523525$ & $-0.023231$ & $-0.0314079$ & $-0.0899142$ & $-0.0136425$ & $-0.0652535$ & $0.0278783$ & $0.00835875$ & $-0.000508701$ & $-0.000613741$ & $-0.0412699$ & $-0.0722806$ & $0.0153796$ & $0.213257$ \\
CLL_1221 & $0.00704859$ & $0.0322389$ & $0.0166183$ & $0.00208177$ & $-0.00292396$ & $-0.124313$ & $0.00523892$ & $0.535787$ & $0.525347$ & $-0.311007$ & $-0.346479$ & $-0.195924$ & $-0.171581$ & $-0.622254$ & $-0.123606$ & $-0.190003$ & $0.127207$ & $-0.286382$ & $0.264059$ & $0.434473$ & $0.432484$ & $0.204942$ & $-0.610887$ & $-0.121813$ & $-0.238868$ & $0.686099$ & $0.12908$ & $-0.00382797$ & $-0.0072375$ & $0.00600612$ & $-0.00430566$ & $-0.0202733$ & $1$ & $0.0185507$ & $-0.0200511$ & $0.0026354$ & $0.00342259$ & $-0.0142382$ & $-0.0213831$ & $0.00820105$ & $0.0218309$ & $0.0262241$ & $-0.0279734$ & $-0.0224481$ & $-0.0139497$ & $0.0191016$ & $0.00416035$ & $-0.00966621$ \\
eHggint & $-0.269953$ & $0.288426$ & $-0.46373$ & $0.023466$ & $0.0180477$ & $-0.000714753$ & $0.0281948$ & $-0.00346847$ & $-0.00402334$ & $0.0379782$ & $0.00701$ & $0.0599191$ & $-0.0149373$ & $-0.015959$ & $-0.0233849$ & $-0.0055577$ & $-0.00224514$ & $0.00283552$ & $-0.0079212$ & $-0.00245734$ & $-0.00361235$ & $-0.0129068$ & $-0.0023712$ & $0.0178083$ & $0.0241102$ & $0.0251449$ & $-0.0124699$ & $-0.0293276$ & $-0.0457239$ & $0.121643$ & $0.0756024$ & $-0.0673634$ & $0.0185507$ & $1$ & $0.203856$ & $-0.00769134$ & $-0.00034365$ & $0.32072$ & $0.0605133$ & $-0.0720515$ & $-0.00870747$ & $0.246585$ & $-0.112428$ & $-0.11502$ & $0.224283$ & $0.623304$ & $0.187619$ & $-0.134967$ \\
eHggpar & $-0.345094$ & $0.178092$ & $-0.0469043$ & $-0.212029$ & $0.00481556$ & $0.0116446$ & $-0.00488816$ & $-0.0239679$ & $-0.0300485$ & $0.0326986$ & $0.0174479$ & $0.0430989$ & $0.00487836$ & $0.00491804$ & $-0.00978706$ & $0.00990647$ & $0.00713441$ & $0.0196524$ & $-0.0134392$ & $-0.0153988$ & $-0.014903$ & $0.0119965$ & $0.0285138$ & $0.0357262$ & $0.00639101$ & $-0.00386746$ & $-0.0171448$ & $-0.0247746$ & $-0.0154879$ & $0.0034026$ & $0.0298457$ & $0.0523525$ & $-0.0200511$ & $0.203856$ & $1$ & $-0.0121828$ & $-0.0168182$ & $0.0260959$ & $-0.025458$ & $-0.0375303$ & $0.0843399$ & $0.0165554$ & $-0.0949976$ & $0.249353$ & $-0.0446706$ & $0.0993264$ & $0.0232182$ & $0.301379$ \\
eHWWint & $-0.325335$ & $0.455131$ & $0.187851$ & $0.329469$ & $0.0283573$ & $0.00451943$ & $0.0253732$ & $-0.023394$ & $-0.0297154$ & $0.0180712$ & $0.0144724$ & $0.00736846$ & $0.00851621$ & $-0.0100015$ & $0.00736199$ & $0.0178972$ & $0.0244107$ & $0.00872007$ & $-0.00688398$ & $-0.00872847$ & $-0.00863716$ & $0.0113344$ & $0.0326867$ & $0.0408218$ & $0.00582662$ & $0.00380508$ & $-0.0175225$ & $-0.0140238$ & $-0.0932227$ & $-0.0924574$ & $0.00371787$ & $-0.023231$ & $0.0026354$ & $-0.00769134$ & $-0.0121828$ & $1$ & $0.0150866$ & $-0.160633$ & $0.042654$ & $0.00291962$ & $0.0372708$ & $-0.0342731$ & $-0.11797$ & $-0.265684$ & $-0.165974$ & $-0.189912$ & $0.577919$ & $0.228029$ \\
eHWWpar & $-0.0281287$ & $0.0439026$ & $-0.0338764$ & $-0.00507095$ & $0.00284104$ & $-0.00461013$ & $-0.00602416$ & $0.0194122$ & $0.0192991$ & $-0.00660425$ & $-0.0223025$ & $-0.000287671$ & $0.00994381$ & $0.0162417$ & $0.0230375$ & $0.00758914$ & $-0.00427984$ & $-0.0092357$ & $0.0239303$ & $0.0215628$ & $0.0213969$ & $-0.0115126$ & $0.00448673$ & $-0.00142247$ & $-0.00598724$ & $-0.000542743$ & $0.0186019$ & $-0.00131921$ & $-0.0194064$ & $0.00586704$ & $-0.00733051$ & $-0.0314079$ & $0.00342259$ & $-0.00034365$ & $-0.0168182$ & $0.0150866$ & $1$ & $0.0140085$ & $0.0139601$ & $0.048185$ & $0.0288519$ & $0.057577$ & $0.0174693$ & $-0.0626302$ & $-0.0169666$ & $-0.0372414$ & $0.0433085$ & $-0.0588787$ \\
eHZZint & $-0.376727$ & $0.122814$ & $-0.409966$ & $-0.0662968$ & $-0.00335462$ & $-0.000490221$ & $-0.0303634$ & $0.0134066$ & $0.00175694$ & $0.00870514$ & $-0.0207642$ & $0.00798451$ & $0.0171695$ & $0.0324984$ & $0.0260792$ & $0.0102152$ & $-0.00893441$ & $-0.00400017$ & $0.0244242$ & $0.0179741$ & $0.0176659$ & $-0.0157895$ & $0.0159166$ & $0.0103938$ & $0.00293651$ & $-0.0205981$ & $0.00670467$ & $-0.00282722$ & $-0.0115695$ & $0.0607752$ & $-0.0121491$ & $-0.0899142$ & $-0.0142382$ & $0.32072$ & $0.0260959$ & $-0.160633$ & $0.0140085$ & $1$ & $0.104836$ & $0.073862$ & $0.00758034$ & $-0.189555$ & $0.200974$ & $0.470114$ & $0.626045$ & $0.217942$ & $-0.0187518$ & $-0.266972$ \\
eHZZpar & $-0.0574819$ & $0.0509286$ & $-0.0484951$ & $-0.0351866$ & $0.00663244$ & $0.0167529$ & $0.00181294$ & $-0.0221064$ & $-0.0181893$ & $0.0157942$ & $0.0135247$ & $0.00657063$ & $0.0122933$ & $0.00298399$ & $-0.00444458$ & $0.0106331$ & $0.0121727$ & $0.0202644$ & $-0.0118662$ & $-0.0140252$ & $-0.0154781$ & $-0.0085541$ & $0.0173989$ & $0.00789715$ & $0.00618434$ & $-0.0275912$ & $0.00499461$ & $-0.00664565$ & $-0.00601695$ & $0.00707658$ & $0.00380742$ & $-0.0136425$ & $-0.0213831$ & $0.0605133$ & $-0.025458$ & $0.042654$ & $0.0139601$ & $0.104836$ & $1$ & $0.0308775$ & $-0.0175612$ & $0.135883$ & $0.0306036$ & $0.0713925$ & $0.132397$ & $0.000991367$ & $0.00830936$ & $-0.0245002$ \\
eHZgaint & $0.185424$ & $-0.0795681$ & $0.0647974$ & $0.00874933$ & $0.0248413$ & $-0.00411397$ & $0.0285346$ & $0.0107625$ & $0.0156995$ & $-0.00197806$ & $-0.0252094$ & $-0.0166343$ & $0.0364018$ & $-0.00195034$ & $0.0201369$ & $0.0291856$ & $0.0328111$ & $0.0146869$ & $0.0245119$ & $0.0226954$ & $0.020991$ & $0.0113652$ & $0.0089054$ & $0.00617745$ & $-0.0239488$ & $-0.0057956$ & $0.0152498$ & $0.0116377$ & $0.00414955$ & $0.0446612$ & $0.0240253$ & $-0.0652535$ & $0.00820105$ & $-0.0720515$ & $-0.0375303$ & $0.00291962$ & $0.048185$ & $0.073862$ & $0.0308775$ & $1$ & $0.0329308$ & $0.121964$ & $0.123557$ & $0.138338$ & $-0.0100475$ & $0.195144$ & $0.0850153$ & $-0.326514$ \\
eHZgapar & $0.040569$ & $-0.0039661$ & $0.00894438$ & $-0.0967518$ & $0.00797127$ & $-0.00822501$ & $-0.0277552$ & $0.0181736$ & $0.0167769$ & $-0.00963768$ & $-0.0166515$ & $-0.0114845$ & $0.00503864$ & $-0.00743394$ & $0.00202954$ & $0.00143287$ & $0.00437948$ & $-0.00191218$ & $0.0146989$ & $0.0182024$ & $0.0192111$ & $0.00593502$ & $-0.0159105$ & $0.0130674$ & $-0.00507971$ & $0.0329066$ & $0.00129925$ & $0.00504171$ & $-0.0130553$ & $0.00766324$ & $-0.0263652$ & $0.0278783$ & $0.0218309$ & $-0.00870747$ & $0.0843399$ & $0.0372708$ & $0.0288519$ & $0.00758034$ & $-0.0175612$ & $0.0329308$ & $1$ & $0.046918$ & $-0.0043889$ & $0.0213662$ & $0.0697986$ & $0.0298911$ & $0.0163344$ & $0.159328$ \\
eHgagaint & $0.0379073$ & $-0.154041$ & $-0.0927712$ & $0.121166$ & $0.00874876$ & $-0.0155922$ & $0.0182895$ & $0.0292112$ & $0.0612627$ & $-0.00785167$ & $-0.0227816$ & $-0.0108442$ & $0.00265047$ & $-0.0113675$ & $-0.0243525$ & $-0.00737074$ & $-0.00464733$ & $0.00729115$ & $0.016643$ & $0.0249036$ & $0.022625$ & $0.0175977$ & $-0.0266938$ & $0.00310512$ & $-0.0181742$ & $0.0406007$ & $0.00502413$ & $-0.00501193$ & $-0.0114988$ & $0.0872166$ & $0.0264355$ & $0.00835875$ & $0.0262241$ & $0.246585$ & $0.0165554$ & $-0.0342731$ & $0.057577$ & $-0.189555$ & $0.135883$ & $0.121964$ & $0.046918$ & $1$ & $0.131261$ & $-0.212591$ & $0.0379007$ & $0.42516$ & $0.0274406$ & $0.0589234$ \\
eHmumuint & $0.0672511$ & $-0.145453$ & $-0.0863434$ & $-0.0594999$ & $0.00422338$ & $0.00443548$ & $0.0457703$ & $-0.0186672$ & $-0.00837236$ & $0.0295878$ & $0.0159579$ & $0.0270622$ & $-0.00248106$ & $0.0111426$ & $0.00871672$ & $0.000660382$ & $-0.00323856$ & $-0.00220234$ & $-0.0155677$ & $-0.020894$ & $-0.0232182$ & $-0.00794186$ & $0.0166253$ & $-0.0156191$ & $0.00886093$ & $-0.0354514$ & $-0.000865198$ & $0.0156345$ & $0.0188799$ & $0.0555983$ & $0.0436484$ & $-0.000508701$ & $-0.0279734$ & $-0.112428$ & $-0.0949976$ & $-0.11797$ & $0.0174693$ & $0.200974$ & $0.0306036$ & $0.123557$ & $-0.0043889$ & $0.131261$ & $1$ & $0.0450511$ & $0.160992$ & $0.207289$ & $0.0255389$ & $-0.0841686$ \\
eHtautauint & $-0.173268$ & $-0.241006$ & $-0.228053$ & $-0.182453$ & $-0.012292$ & $0.0105295$ & $-0.0695319$ & $-0.00641189$ & $-0.0163189$ & $-0.00361433$ & $-0.0010546$ & $-0.0119282$ & $0.0156325$ & $0.0120015$ & $0.015597$ & $0.0099114$ & $0.0090571$ & $0.00559664$ & $0.00185023$ & $-0.00407502$ & $-0.00585651$ & $-0.00139011$ & $0.0188549$ & $0.0136173$ & $-0.00120614$ & $-0.0244494$ & $-0.00230009$ & $-0.000474044$ & $0.0353689$ & $0.0340602$ & $-0.0650079$ & $-0.000613741$ & $-0.0224481$ & $-0.11502$ & $0.249353$ & $-0.265684$ & $-0.0626302$ & $0.470114$ & $0.0713925$ & $0.138338$ & $0.0213662$ & $-0.212591$ & $0.0450511$ & $1$ & $0.324727$ & $0.114089$ & $-0.185947$ & $-0.00713076$ \\
eHccint & $-0.066855$ & $-0.0863573$ & $-0.195882$ & $-0.17204$ & $-0.0144834$ & $-0.00481395$ & $-0.0791333$ & $0.0229544$ & $0.0194537$ & $-0.00403623$ & $-0.0226833$ & $0.00587344$ & $0.00584497$ & $0.0348699$ & $0.0179317$ & $-0.0019412$ & $-0.0246298$ & $-0.0122051$ & $0.0234411$ & $0.0189785$ & $0.0158899$ & $-0.0111479$ & $-0.00634158$ & $-0.0112333$ & $-0.00113855$ & $-0.00968855$ & $0.00754209$ & $0.00705039$ & $0.0085821$ & $0.100169$ & $-0.0651169$ & $-0.0412699$ & $-0.0139497$ & $0.224283$ & $-0.0446706$ & $-0.165974$ & $-0.0169666$ & $0.626045$ & $0.132397$ & $-0.0100475$ & $0.0697986$ & $0.0379007$ & $0.160992$ & $0.324727$ & $1$ & $0.256364$ & $-0.108281$ & $-0.147989$ \\
eHccpar & $0.0302081$ & $0.108696$ & $-0.585854$ & $-0.0856448$ & $0.0131226$ & $-0.00333825$ & $0.0318021$ & $0.0072704$ & $0.0180318$ & $0.0292117$ & $-0.00752903$ & $0.0383885$ & $-0.00535622$ & $-0.013011$ & $-0.031908$ & $0.0017266$ & $0.0011013$ & $0.0161565$ & $0.00284299$ & $0.00954804$ & $0.00740995$ & $-0.00187064$ & $-0.01494$ & $0.0103323$ & $0.00865128$ & $0.0339093$ & $0.0058571$ & $-0.0104113$ & $-0.00365236$ & $0.213463$ & $0.0622414$ & $-0.0722806$ & $0.0191016$ & $0.623304$ & $0.0993264$ & $-0.189912$ & $-0.0372414$ & $0.217942$ & $0.000991367$ & $0.195144$ & $0.0298911$ & $0.42516$ & $0.207289$ & $0.114089$ & $0.256364$ & $1$ & $0.025181$ & $-0.270855$ \\
eHbbint & $-0.227213$ & $0.429321$ & $-0.202394$ & $0.344034$ & $0.00634635$ & $0.00670673$ & $0.0767253$ & $-0.0383851$ & $-0.0384269$ & $0.0277161$ & $0.0289315$ & $0.0209619$ & $-0.00323725$ & $-0.0241281$ & $-0.00561$ & $0.0179753$ & $0.0297987$ & $0.0124614$ & $-0.025511$ & $-0.0250436$ & $-0.0260458$ & $0.0104935$ & $0.0320086$ & $0.0299397$ & $0.0138171$ & $-0.00460292$ & $-0.0187945$ & $-0.0064917$ & $-0.0574607$ & $-0.0222072$ & $0.0761832$ & $0.0153796$ & $0.00416035$ & $0.187619$ & $0.0232182$ & $0.577919$ & $0.0433085$ & $-0.0187518$ & $0.00830936$ & $0.0850153$ & $0.0163344$ & $0.0274406$ & $0.0255389$ & $-0.185947$ & $-0.108281$ & $0.025181$ & $1$ & $0.081653$ \\
eHbbpar & $-0.232765$ & $-0.13271$ & $0.258458$ & $-0.039781$ & $-0.00287964$ & $-0.011028$ & $-0.0671799$ & $-0.00666298$ & $-0.00899732$ & $0.00899763$ & $0.00549143$ & $5.75218e-05$ & $0.00678478$ & $0.00119509$ & $0.00462566$ & $0.00512763$ & $0.00718685$ & $0.00642318$ & $-0.00385089$ & $-0.00478016$ & $-0.00283576$ & $0.00203716$ & $0.0135422$ & $0.0217677$ & $0.00388175$ & $-0.00498552$ & $-0.0090686$ & $-0.0130447$ & $-0.026634$ & $-0.0759381$ & $-0.0712508$ & $0.213257$ & $-0.00966621$ & $-0.134967$ & $0.301379$ & $0.228029$ & $-0.0588787$ & $-0.266972$ & $-0.0245002$ & $-0.326514$ & $0.159328$ & $0.0589234$ & $-0.0841686$ & $-0.00713076$ & $-0.147989$ & $-0.270855$ & $0.081653$ & $1$ \\
