 & AlsMz & dAle5Mz & mtop & mHl & Mz & CW & CHG & CHWB & CHWHB_gaga & CHWHB_gagaorth & CHD & CH & CHL1_11 & CHL1_22 & CHL1_33 & CHL3_11 & CHL3_22 & CHL3_33 & CHe_11 & CHe_22 & CHe_33 & CHQ1_11 & CHQ1_33 & CHQ3_11 & CHu_11 & CHd_11 & CHd_33 & CeH_22r & CeH_33r & CuH_22r & CuH_33r & CdH_33r & CLL_1221 & eHggint & eHggpar & eHWWint & eHWWpar & eHZZint & eHZZpar & eHZgaint & eHZgapar & eHgagaint & eHmumuint & eHtautauint & eHccint & eHccpar & eHbbint & eHbbpar \\
AlsMz & $1$ & $-0.330016$ & $-0.0823428$ & $-0.0573627$ & $0.00981191$ & $-0.01586$ & $-0.0891687$ & $0.0592947$ & $0.0528862$ & $-0.0681376$ & $-0.0523733$ & $0.00990362$ & $0.0211807$ & $0.0333836$ & $0.0443668$ & $-0.0188327$ & $-0.0274049$ & $-0.0293536$ & $0.049911$ & $0.0489077$ & $0.0464714$ & $0.0134936$ & $-0.0488741$ & $-0.045906$ & $-0.0519143$ & $0.0118739$ & $0.0214983$ & $-0.0242604$ & $0.0497309$ & $0.0326809$ & $-0.0921464$ & $0.14523$ & $0.0195441$ & $-0.162341$ & $0.0117626$ & $-0.414807$ & $0.00784759$ & $-0.279924$ & $-0.126018$ & $0.188716$ & $0.012929$ & $-0.221372$ & $0.273749$ & $0.00167041$ & $0.170194$ & $-0.0800824$ & $0.305162$ & $0.353419$ \\
dAle5Mz & $-0.330016$ & $1$ & $0.147348$ & $-0.0532472$ & $-0.0215683$ & $0.0269749$ & $0.192815$ & $-0.0417612$ & $-0.0359595$ & $0.0756515$ & $0.044159$ & $-0.0536325$ & $-0.023382$ & $-0.0327819$ & $0.0075123$ & $-0.0115005$ & $0.00813021$ & $-0.0182532$ & $-0.0405807$ & $-0.0405356$ & $-0.0398174$ & $0.0188336$ & $0.0190379$ & $-0.0136803$ & $-0.00312043$ & $-0.0464592$ & $0.00731264$ & $0.0291568$ & $-0.0289975$ & $0.0474049$ & $0.20044$ & $-0.149525$ & $0.00315333$ & $0.33242$ & $-0.185014$ & $0.196963$ & $0.177557$ & $0.297363$ & $0.0867625$ & $-0.0886646$ & $0.111721$ & $0.165268$ & $0.0369943$ & $-0.242135$ & $-0.104258$ & $0.269037$ & $-0.280461$ & $-0.433806$ \\
mtop & $-0.0823428$ & $0.147348$ & $1$ & $0.650171$ & $0.0168242$ & $-0.0414478$ & $-0.0175147$ & $0.0239806$ & $0.0182914$ & $0.00260401$ & $0.000186524$ & $-0.0256477$ & $-0.0363521$ & $-0.0147302$ & $-0.0236826$ & $-0.0380617$ & $-0.0378408$ & $-0.0332975$ & $-0.000583719$ & $0.00561416$ & $0.00249347$ & $0.0618324$ & $-0.0423378$ & $-0.0362624$ & $-0.0499614$ & $0.0301336$ & $0.0599174$ & $0.0179929$ & $-0.0875319$ & $-0.0296954$ & $0.00337075$ & $-0.0794769$ & $0.0418548$ & $0.653794$ & $0.720411$ & $0.224359$ & $-0.132294$ & $0.253636$ & $0.248565$ & $-0.369691$ & $0.137267$ & $-0.100437$ & $0.322022$ & $0.146709$ & $-0.10687$ & $-0.124734$ & $-0.263102$ & $0.111216$ \\
mHl & $-0.0573627$ & $-0.0532472$ & $0.650171$ & $1$ & $0.0748166$ & $-0.0451832$ & $-0.0614942$ & $-0.00503748$ & $-0.00704769$ & $0.00590961$ & $0.0138121$ & $-0.0247299$ & $-0.0293413$ & $-0.0434991$ & $-0.0474919$ & $-0.001127$ & $0.00730305$ & $0.00898924$ & $-0.0149921$ & $-0.00681099$ & $-0.00804159$ & $0.0542675$ & $-0.0121165$ & $0.00706126$ & $-0.0234665$ & $0.042511$ & $0.00674411$ & $0.000474091$ & $-0.0574419$ & $-0.0443165$ & $-0.0393806$ & $-0.0224241$ & $0.0397242$ & $0.649409$ & $0.820274$ & $0.0637812$ & $-0.171811$ & $0.13214$ & $0.0329504$ & $-0.437749$ & $0.0705101$ & $0.138861$ & $0.18527$ & $0.221714$ & $-0.268433$ & $-0.126942$ & $0.155214$ & $0.174663$ \\
Mz & $0.00981191$ & $-0.0215683$ & $0.0168242$ & $0.0748166$ & $1$ & $0.0417412$ & $0.0157986$ & $-0.0275217$ & $-0.0273151$ & $0.0254275$ & $0.0291623$ & $-0.0215011$ & $-0.000828973$ & $-0.019587$ & $-0.0153593$ & $0.00455115$ & $0.0138027$ & $0.0131447$ & $-0.0248459$ & $-0.0217241$ & $-0.0252905$ & $0.0431699$ & $0.0248782$ & $0.0107328$ & $0.000356892$ & $-1.74158e-05$ & $0.003832$ & $0.0110841$ & $-0.0185704$ & $-0.0322856$ & $0.0146164$ & $-0.0184374$ & $-0.0163775$ & $0.0942578$ & $0.0495731$ & $-0.0308071$ & $-0.0814119$ & $0.00957939$ & $0.00565473$ & $-0.0342726$ & $-0.0603432$ & $-0.00996622$ & $-0.0232122$ & $0.0226744$ & $0.0147629$ & $-0.0509254$ & $0.0407506$ & $0.0556412$ \\
CW & $-0.01586$ & $0.0269749$ & $-0.0414478$ & $-0.0451832$ & $0.0417412$ & $1$ & $0.0739897$ & $-0.0409443$ & $-0.0406329$ & $0.0578392$ & $0.136775$ & $-0.121951$ & $-0.0259467$ & $-0.0954576$ & $-0.0826804$ & $-0.347136$ & $-0.143829$ & $-0.149336$ & $-0.135623$ & $-0.137867$ & $-0.133366$ & $-0.00864691$ & $-0.107114$ & $-0.183882$ & $0.103448$ & $-0.0416611$ & $-0.0556367$ & $-0.00311285$ & $-0.053678$ & $-0.0247392$ & $0.0686365$ & $-0.0754003$ & $-0.0797712$ & $-0.0192934$ & $-0.0900522$ & $-0.0373861$ & $0.052676$ & $0.0305695$ & $0.0188688$ & $-0.0282287$ & $-0.0140951$ & $0.0562036$ & $0.017917$ & $0.0315567$ & $-0.00985586$ & $0.0236643$ & $-0.00643474$ & $-0.0791552$ \\
CHG & $-0.0891687$ & $0.192815$ & $-0.0175147$ & $-0.0614942$ & $0.0157986$ & $0.0739897$ & $1$ & $-0.153262$ & $-0.113068$ & $0.227449$ & $0.190981$ & $-0.268546$ & $-0.147891$ & $-0.0835808$ & $-0.0849321$ & $-0.0886015$ & $-0.0503084$ & $-0.0502515$ & $-0.185914$ & $-0.191774$ & $-0.1888$ & $0.00605481$ & $0.02113$ & $-0.0697814$ & $0.117727$ & $-0.102447$ & $-0.100391$ & $-0.0104784$ & $-0.123726$ & $-0.0937305$ & $0.921296$ & $-0.209857$ & $-0.0799663$ & $0.0287733$ & $-0.0803769$ & $0.031676$ & $0.0462739$ & $0.047104$ & $0.0852542$ & $0.0464927$ & $0.0184402$ & $0.120528$ & $-0.02042$ & $-0.0665388$ & $0.0644809$ & $0.0964724$ & $0.062505$ & $-0.234194$ \\
CHWB & $0.0592947$ & $-0.0417612$ & $0.0239806$ & $-0.00503748$ & $-0.0275217$ & $-0.0409443$ & $-0.153262$ & $1$ & $0.991758$ & $-0.630077$ & $-0.885983$ & $0.416925$ & $0.302682$ & $0.493103$ & $0.458996$ & $-0.194985$ & $-0.401907$ & $-0.376614$ & $0.8712$ & $0.898209$ & $0.890541$ & $0.0155252$ & $-0.636687$ & $-0.358084$ & $-0.613287$ & $0.429105$ & $0.391744$ & $0.0275411$ & $0.154597$ & $0.0564882$ & $-0.145154$ & $0.19351$ & $0.54334$ & $-0.0521802$ & $0.0611098$ & $-0.0212337$ & $0.0159443$ & $-0.0640108$ & $0.0133812$ & $0.0207233$ & $-0.0487139$ & $-0.119497$ & $0.0381654$ & $-0.0121549$ & $0.0164386$ & $-0.0897529$ & $-0.0624732$ & $0.150471$ \\
CHWHB_gaga & $0.0528862$ & $-0.0359595$ & $0.0182914$ & $-0.00704769$ & $-0.0273151$ & $-0.0406329$ & $-0.113068$ & $0.991758$ & $1$ & $-0.62684$ & $-0.878235$ & $0.406807$ & $0.299559$ & $0.487779$ & $0.452527$ & $-0.19429$ & $-0.39886$ & $-0.373572$ & $0.863452$ & $0.890631$ & $0.882524$ & $0.0166477$ & $-0.632277$ & $-0.354032$ & $-0.608521$ & $0.428766$ & $0.388509$ & $0.0310735$ & $0.169221$ & $0.0644371$ & $-0.115078$ & $0.208605$ & $0.539979$ & $-0.0554308$ & $0.0531018$ & $-0.0264331$ & $0.0222763$ & $-0.0692337$ & $0.0174105$ & $0.0199162$ & $-0.0483985$ & $-0.0984392$ & $0.0273519$ & $-0.0120668$ & $0.0146084$ & $-0.0921758$ & $-0.0500695$ & $0.14457$ \\
CHWHB_gagaorth & $-0.0681376$ & $0.0756515$ & $0.00260401$ & $0.00590961$ & $0.0254275$ & $0.0578392$ & $0.227449$ & $-0.630077$ & $-0.62684$ & $1$ & $0.564343$ & $-0.743798$ & $-0.199589$ & $-0.310432$ & $-0.268134$ & $0.104385$ & $0.241666$ & $0.211191$ & $-0.552372$ & $-0.573178$ & $-0.566297$ & $-0.0299702$ & $0.395534$ & $0.207166$ & $0.403237$ & $-0.287267$ & $-0.245722$ & $-0.0447039$ & $-0.315224$ & $-0.157405$ & $0.209478$ & $-0.414499$ & $-0.345378$ & $0.0938838$ & $-0.0817191$ & $0.0127005$ & $0.00177144$ & $0.120565$ & $-0.0112719$ & $-0.0520647$ & $0.0630135$ & $0.139026$ & $0.0078924$ & $0.0116039$ & $-0.0381871$ & $0.11608$ & $0.0590905$ & $-0.186733$ \\
CHD & $-0.0523733$ & $0.044159$ & $0.000186524$ & $0.0138121$ & $0.0291623$ & $0.136775$ & $0.190981$ & $-0.885983$ & $-0.878235$ & $0.564343$ & $1$ & $-0.538448$ & $-0.674234$ & $-0.599473$ & $-0.563287$ & $-0.254587$ & $-0.00193534$ & $-0.0273833$ & $-0.995339$ & $-0.995762$ & $-0.984925$ & $0.0321076$ & $0.246616$ & $-0.0562699$ & $0.691482$ & $-0.306226$ & $-0.43252$ & $-0.0395722$ & $-0.21722$ & $-0.0968154$ & $0.182282$ & $-0.266568$ & $-0.343889$ & $0.0736234$ & $-0.0673383$ & $0.0255353$ & $-0.008976$ & $0.0792988$ & $-0.00524356$ & $-0.0357752$ & $0.0392793$ & $0.153533$ & $-0.0238804$ & $0.0220512$ & $-0.0319745$ & $0.098749$ & $0.0808868$ & $-0.138302$ \\
CH & $0.00990362$ & $-0.0536325$ & $-0.0256477$ & $-0.0247299$ & $-0.0215011$ & $-0.121951$ & $-0.268546$ & $0.416925$ & $0.406807$ & $-0.743798$ & $-0.538448$ & $1$ & $0.454768$ & $0.248687$ & $0.194373$ & $0.28179$ & $0.160786$ & $0.198344$ & $0.522028$ & $0.543586$ & $0.536246$ & $0.0331426$ & $-0.0335279$ & $0.197983$ & $-0.394437$ & $0.23744$ & $0.240043$ & $0.0612587$ & $0.185392$ & $0.134308$ & $-0.279502$ & $0.243285$ & $0.20542$ & $-0.124016$ & $0.0868233$ & $0.024569$ & $0.00324574$ & $-0.101003$ & $0.0148304$ & $0.0504232$ & $-0.0592555$ & $-0.205763$ & $-0.0251602$ & $-0.0387102$ & $0.0404663$ & $-0.136194$ & $-0.121775$ & $0.157231$ \\
CHL1_11 & $0.0211807$ & $-0.023382$ & $-0.0363521$ & $-0.0293413$ & $-0.000828973$ & $-0.0259467$ & $-0.147891$ & $0.302682$ & $0.299559$ & $-0.199589$ & $-0.674234$ & $0.454768$ & $1$ & $0.425467$ & $0.403229$ & $0.643471$ & $0.580345$ & $0.593653$ & $0.683297$ & $0.649153$ & $0.639304$ & $-0.0878123$ & $0.415689$ & $0.595901$ & $-0.462324$ & $-0.0180264$ & $0.285931$ & $0.0349743$ & $0.203523$ & $0.113209$ & $-0.143202$ & $0.240879$ & $-0.151926$ & $-0.0757519$ & $0.0256874$ & $-0.0328746$ & $-0.00185508$ & $-0.0517904$ & $-0.00972772$ & $0.0395203$ & $-0.0170704$ & $-0.132666$ & $0.00728871$ & $-0.0300738$ & $0.0362197$ & $-0.0571275$ & $-0.0763246$ & $0.0456776$ \\
CHL1_22 & $0.0333836$ & $-0.0327819$ & $-0.0147302$ & $-0.0434991$ & $-0.019587$ & $-0.0954576$ & $-0.0835808$ & $0.493103$ & $0.487779$ & $-0.310432$ & $-0.599473$ & $0.248687$ & $0.425467$ & $1$ & $0.521895$ & $0.180744$ & $-0.313297$ & $0.01367$ & $0.638801$ & $0.548966$ & $0.540425$ & $-0.168841$ & $0.00203381$ & $-0.0556665$ & $-0.39224$ & $-0.231961$ & $0.214857$ & $0.0301962$ & $0.13344$ & $0.0388778$ & $-0.0817124$ & $0.146541$ & $-0.4251$ & $-0.0789$ & $0.0152275$ & $-0.0120178$ & $-0.00920124$ & $-0.057035$ & $-0.044587$ & $0.0575329$ & $-0.0378416$ & $-0.0891111$ & $0.0228122$ & $-0.0244398$ & $0.00687668$ & $-0.0559574$ & $-0.0402354$ & $0.0958585$ \\
CHL1_33 & $0.0443668$ & $0.0075123$ & $-0.0236826$ & $-0.0474919$ & $-0.0153593$ & $-0.0826804$ & $-0.0849321$ & $0.458996$ & $0.452527$ & $-0.268134$ & $-0.563287$ & $0.194373$ & $0.403229$ & $0.521895$ & $1$ & $0.172093$ & $0.00860917$ & $-0.303842$ & $0.604602$ & $0.513343$ & $0.521843$ & $-0.173218$ & $0.0156438$ & $-0.0724681$ & $-0.369844$ & $-0.275996$ & $0.198089$ & $0.0257571$ & $0.102818$ & $0.0557652$ & $-0.0769882$ & $0.124967$ & $0.00955779$ & $-0.0458201$ & $0.00486804$ & $-0.0338018$ & $0.0462821$ & $-0.0471159$ & $-0.0235207$ & $0.0661644$ & $-8.09864e-05$ & $-0.0889981$ & $0.0271602$ & $-0.0697977$ & $0.0918494$ & $0.011293$ & $-0.0773394$ & $0.050056$ \\
CHL3_11 & $-0.0188327$ & $-0.0115005$ & $-0.0380617$ & $-0.001127$ & $0.00455115$ & $-0.347136$ & $-0.0886015$ & $-0.194985$ & $-0.19429$ & $0.104385$ & $-0.254587$ & $0.28179$ & $0.643471$ & $0.180744$ & $0.172093$ & $1$ & $0.813474$ & $0.817384$ & $0.264704$ & $0.233479$ & $0.226102$ & $-0.061415$ & $0.736893$ & $0.853364$ & $-0.182661$ & $-0.142568$ & $0.097827$ & $0.0310214$ & $0.132057$ & $0.0801733$ & $-0.0872455$ & $0.161545$ & $-0.254446$ & $-0.0312831$ & $0.0387395$ & $0.00412956$ & $-0.0197626$ & $-0.0397046$ & $-0.00800279$ & $0.0204063$ & $0.0268187$ & $-0.0680674$ & $-0.0441806$ & $-0.00941333$ & $0.0271909$ & $-0.037081$ & $-0.0302837$ & $-0.0053016$ \\
CHL3_22 & $-0.0274049$ & $0.00813021$ & $-0.0378408$ & $0.00730305$ & $0.0138027$ & $-0.143829$ & $-0.0503084$ & $-0.401907$ & $-0.39886$ & $0.241666$ & $-0.00193534$ & $0.160786$ & $0.580345$ & $-0.313297$ & $0.00860917$ & $0.813474$ & $1$ & $0.77551$ & $0.00104614$ & $-0.00203347$ & $-0.00350665$ & $-0.00423637$ & $0.744402$ & $0.858292$ & $-0.0133069$ & $-0.0801242$ & $0.00908702$ & $0.0110791$ & $0.0731001$ & $0.0712141$ & $-0.0488683$ & $0.0916682$ & $-0.0869343$ & $-0.00380686$ & $0.01391$ & $-0.00526178$ & $-0.00672846$ & $-0.0067196$ & $0.0113732$ & $0.00252109$ & $0.0370356$ & $-0.0355183$ & $-0.0395623$ & $-0.00994099$ & $0.0359292$ & $0.00361746$ & $-0.0253092$ & $-0.0638779$ \\
CHL3_33 & $-0.0293536$ & $-0.0182532$ & $-0.0332975$ & $0.00898924$ & $0.0131447$ & $-0.149336$ & $-0.0502515$ & $-0.376614$ & $-0.373572$ & $0.211191$ & $-0.0273833$ & $0.198344$ & $0.593653$ & $0.01367$ & $-0.303842$ & $0.817384$ & $0.77551$ & $1$ & $0.0249979$ & $0.0238779$ & $0.0224614$ & $-0.00179856$ & $0.732878$ & $0.86794$ & $-0.0279544$ & $-0.0468933$ & $0.0215068$ & $0.0181164$ & $0.0932878$ & $0.0592112$ & $-0.0526539$ & $0.105764$ & $-0.38457$ & $-0.0245391$ & $0.0180712$ & $0.00757559$ & $-0.0406208$ & $-0.0154881$ & $-0.00438222$ & $-0.0062373$ & $0.0120493$ & $-0.0367517$ & $-0.0387817$ & $0.0215928$ & $-0.0213424$ & $-0.0396525$ & $-0.000266934$ & $-0.0339998$ \\
CHe_11 & $0.049911$ & $-0.0405807$ & $-0.000583719$ & $-0.0149921$ & $-0.0248459$ & $-0.135623$ & $-0.185914$ & $0.8712$ & $0.863452$ & $-0.552372$ & $-0.995339$ & $0.522028$ & $0.683297$ & $0.638801$ & $0.604602$ & $0.264704$ & $0.00104614$ & $0.0249979$ & $1$ & $0.986419$ & $0.97561$ & $-0.0491905$ & $-0.215634$ & $0.0585486$ & $-0.687139$ & $0.253137$ & $0.425783$ & $0.0385298$ & $0.214471$ & $0.0952553$ & $-0.176717$ & $0.260482$ & $0.290266$ & $-0.0729835$ & $0.0657733$ & $-0.0245641$ & $0.00828861$ & $-0.0778932$ & $0.00326892$ & $0.0399335$ & $-0.0378522$ & $-0.153648$ & $0.0248161$ & $-0.0248262$ & $0.0349022$ & $-0.0934552$ & $-0.0826425$ & $0.132965$ \\
CHe_22 & $0.0489077$ & $-0.0405356$ & $0.00561416$ & $-0.00681099$ & $-0.0217241$ & $-0.137867$ & $-0.191774$ & $0.898209$ & $0.890631$ & $-0.573178$ & $-0.995762$ & $0.543586$ & $0.649153$ & $0.548966$ & $0.513343$ & $0.233479$ & $-0.00203347$ & $0.0238779$ & $0.986419$ & $1$ & $0.987427$ & $-0.0119615$ & $-0.284597$ & $0.0461189$ & $-0.69227$ & $0.361772$ & $0.436725$ & $0.0393784$ & $0.214603$ & $0.0953451$ & $-0.183097$ & $0.264472$ & $0.404541$ & $-0.0658622$ & $0.0718327$ & $-0.0240826$ & $0.00717856$ & $-0.0759903$ & $0.0106053$ & $0.0272719$ & $-0.0400777$ & $-0.150102$ & $0.0226875$ & $-0.018521$ & $0.0269982$ & $-0.102288$ & $-0.0793857$ & $0.139607$ \\
CHe_33 & $0.0464714$ & $-0.0398174$ & $0.00249347$ & $-0.00804159$ & $-0.0252905$ & $-0.133366$ & $-0.1888$ & $0.890541$ & $0.882524$ & $-0.566297$ & $-0.984925$ & $0.536246$ & $0.639304$ & $0.540425$ & $0.521843$ & $0.226102$ & $-0.00350665$ & $0.0224614$ & $0.97561$ & $0.987427$ & $1$ & $-0.0146297$ & $-0.285665$ & $0.040742$ & $-0.682972$ & $0.357018$ & $0.429122$ & $0.0392667$ & $0.211817$ & $0.0961791$ & $-0.17926$ & $0.259345$ & $0.405608$ & $-0.0668557$ & $0.0664131$ & $-0.0199501$ & $0.011549$ & $-0.0790434$ & $0.0126561$ & $0.0256777$ & $-0.0362216$ & $-0.145237$ & $0.021029$ & $-0.0188708$ & $0.0229871$ & $-0.0974484$ & $-0.0818452$ & $0.132178$ \\
CHQ1_11 & $0.0134936$ & $0.0188336$ & $0.0618324$ & $0.0542675$ & $0.0431699$ & $-0.00864691$ & $0.00605481$ & $0.0155252$ & $0.0166477$ & $-0.0299702$ & $0.0321076$ & $0.0331426$ & $-0.0878123$ & $-0.168841$ & $-0.173218$ & $-0.061415$ & $-0.00423637$ & $-0.00179856$ & $-0.0491905$ & $-0.0119615$ & $-0.0146297$ & $1$ & $-0.106727$ & $0.0607972$ & $-0.562237$ & $0.333919$ & $-0.0257591$ & $-0.00724735$ & $-0.00614512$ & $-0.00725382$ & $0.00508658$ & $0.00515385$ & $0.177188$ & $0.0516632$ & $0.0548823$ & $0.00171205$ & $-0.0760322$ & $0.0287742$ & $-0.00128547$ & $-0.0505572$ & $0.0552562$ & $0.00131063$ & $0.033838$ & $0.0169962$ & $-0.0222604$ & $0.00567311$ & $0.0488275$ & $0.0376959$ \\
CHQ1_33 & $-0.0488741$ & $0.0190379$ & $-0.0423378$ & $-0.0121165$ & $0.0248782$ & $-0.107114$ & $0.02113$ & $-0.636687$ & $-0.632277$ & $0.395534$ & $0.246616$ & $-0.0335279$ & $0.415689$ & $0.00203381$ & $0.0156438$ & $0.736893$ & $0.744402$ & $0.732878$ & $-0.215634$ & $-0.284597$ & $-0.285665$ & $-0.106727$ & $1$ & $0.749447$ & $0.176513$ & $-0.413399$ & $-0.0561272$ & $0.011288$ & $0.0183817$ & $0.0239097$ & $0.0193801$ & $0.0107825$ & $-0.625018$ & $0.00069068$ & $-0.0172229$ & $0.00388936$ & $-0.0152123$ & $0.0201548$ & $-0.0271571$ & $0.00355466$ & $0.0291737$ & $0.0132427$ & $-0.0313947$ & $0.00788577$ & $0.018572$ & $0.0432862$ & $-0.0135162$ & $-0.101226$ \\
CHQ3_11 & $-0.045906$ & $-0.0136803$ & $-0.0362624$ & $0.00706126$ & $0.0107328$ & $-0.183882$ & $-0.0697814$ & $-0.358084$ & $-0.354032$ & $0.207166$ & $-0.0562699$ & $0.197983$ & $0.595901$ & $-0.0556665$ & $-0.0724681$ & $0.853364$ & $0.858292$ & $0.86794$ & $0.0585486$ & $0.0461189$ & $0.040742$ & $0.0607972$ & $0.749447$ & $1$ & $-0.0466023$ & $0.115567$ & $0.0267579$ & $0.0233842$ & $0.0909222$ & $0.0686977$ & $-0.072905$ & $0.114029$ & $-0.271603$ & $-0.0164331$ & $0.0218847$ & $0.00979327$ & $-0.0431186$ & $-0.0155791$ & $-0.00615659$ & $-0.0144216$ & $0.00104378$ & $-0.0304472$ & $-0.0430395$ & $0.00796448$ & $-0.0124481$ & $-0.0249497$ & $0.0109539$ & $-0.0177778$ \\
CHu_11 & $-0.0519143$ & $-0.00312043$ & $-0.0499614$ & $-0.0234665$ & $0.000356892$ & $0.103448$ & $0.117727$ & $-0.613287$ & $-0.608521$ & $0.403237$ & $0.691482$ & $-0.394437$ & $-0.462324$ & $-0.39224$ & $-0.369844$ & $-0.182661$ & $-0.0133069$ & $-0.0279544$ & $-0.687139$ & $-0.69227$ & $-0.682972$ & $-0.562237$ & $0.176513$ & $-0.0466023$ & $1$ & $-0.210047$ & $-0.281667$ & $-0.013788$ & $-0.144952$ & $-0.0563588$ & $0.112243$ & $-0.189614$ & $-0.262464$ & $0.00735384$ & $-0.0811988$ & $0.0271683$ & $0.0474386$ & $0.0326221$ & $-0.00742942$ & $0.00194256$ & $-0.0124996$ & $0.119129$ & $-0.0599948$ & $0.0177723$ & $-0.0129668$ & $0.0660719$ & $0.0268924$ & $-0.124172$ \\
CHd_11 & $0.0118739$ & $-0.0464592$ & $0.0301336$ & $0.042511$ & $-1.74158e-05$ & $-0.0416611$ & $-0.102447$ & $0.429105$ & $0.428766$ & $-0.287267$ & $-0.306226$ & $0.23744$ & $-0.0180264$ & $-0.231961$ & $-0.275996$ & $-0.142568$ & $-0.0801242$ & $-0.0468933$ & $0.253137$ & $0.361772$ & $0.357018$ & $0.333919$ & $-0.413399$ & $0.115567$ & $-0.210047$ & $1$ & $0.166833$ & $0.0210476$ & $0.0597134$ & $0.025435$ & $-0.101851$ & $0.0924286$ & $0.661409$ & $0.00921297$ & $0.0624187$ & $0.0103497$ & $-0.0343256$ & $-0.0213343$ & $0.0245474$ & $-0.0636235$ & $-0.0565588$ & $-0.0227662$ & $0.00109977$ & $0.050827$ & $-0.0559957$ & $-0.0695951$ & $0.0358415$ & $0.102269$ \\
CHd_33 & $0.0214983$ & $0.00731264$ & $0.0599174$ & $0.00674411$ & $0.003832$ & $-0.0556367$ & $-0.100391$ & $0.391744$ & $0.388509$ & $-0.245722$ & $-0.43252$ & $0.240043$ & $0.285931$ & $0.214857$ & $0.198089$ & $0.097827$ & $0.00908702$ & $0.0215068$ & $0.425783$ & $0.436725$ & $0.429122$ & $-0.0257591$ & $-0.0561272$ & $0.0267579$ & $-0.281667$ & $0.166833$ & $1$ & $0.0154102$ & $0.0778431$ & $0.0342261$ & $-0.10818$ & $0.106797$ & $0.19607$ & $-0.00712339$ & $0.0449403$ & $-0.0297877$ & $0.0196387$ & $-0.0101302$ & $0.0464214$ & $-0.0271953$ & $-0.0174012$ & $-0.056312$ & $0.0566496$ & $0.0201147$ & $0.000653259$ & $-0.060233$ & $-0.064692$ & $0.0604421$ \\
CeH_22r & $-0.0242604$ & $0.0291568$ & $0.0179929$ & $0.000474091$ & $0.0110841$ & $-0.00311285$ & $-0.0104784$ & $0.0275411$ & $0.0310735$ & $-0.0447039$ & $-0.0395722$ & $0.0612587$ & $0.0349743$ & $0.0301962$ & $0.0257571$ & $0.0310214$ & $0.0110791$ & $0.0181164$ & $0.0385298$ & $0.0393784$ & $0.0392667$ & $-0.00724735$ & $0.011288$ & $0.0233842$ & $-0.013788$ & $0.0210476$ & $0.0154102$ & $1$ & $0.0119416$ & $0.0514781$ & $-0.0328545$ & $0.037951$ & $0.00545696$ & $-0.0221396$ & $0.0159956$ & $0.0110828$ & $0.00822868$ & $-0.0138566$ & $0.0433249$ & $0.0329061$ & $0.0177605$ & $-0.0133$ & $0.00566161$ & $-0.0291078$ & $-0.00998926$ & $-0.0054502$ & $-0.0360784$ & $-0.0112628$ \\
CeH_33r & $0.0497309$ & $-0.0289975$ & $-0.0875319$ & $-0.0574419$ & $-0.0185704$ & $-0.053678$ & $-0.123726$ & $0.154597$ & $0.169221$ & $-0.315224$ & $-0.21722$ & $0.185392$ & $0.203523$ & $0.13344$ & $0.102818$ & $0.132057$ & $0.0731001$ & $0.0932878$ & $0.214471$ & $0.214603$ & $0.211817$ & $-0.00614512$ & $0.0183817$ & $0.0909222$ & $-0.144952$ & $0.0597134$ & $0.0778431$ & $0.0119416$ & $1$ & $0.320321$ & $0.0170932$ & $0.689359$ & $0.0370979$ & $-0.0954749$ & $-0.0548803$ & $-0.0799993$ & $-0.0121606$ & $-0.0876734$ & $-0.0345596$ & $0.0432523$ & $-0.0282657$ & $-0.00587194$ & $-0.0346292$ & $-0.0317537$ & $0.00155912$ & $-0.0435477$ & $0.0490633$ & $0.0342548$ \\
CuH_22r & $0.0326809$ & $0.0474049$ & $-0.0296954$ & $-0.0443165$ & $-0.0322856$ & $-0.0247392$ & $-0.0937305$ & $0.0564882$ & $0.0644371$ & $-0.157405$ & $-0.0968154$ & $0.134308$ & $0.113209$ & $0.0388778$ & $0.0557652$ & $0.0801733$ & $0.0712141$ & $0.0592112$ & $0.0952553$ & $0.0953451$ & $0.0961791$ & $-0.00725382$ & $0.0239097$ & $0.0686977$ & $-0.0563588$ & $0.025435$ & $0.0342261$ & $0.0514781$ & $0.320321$ & $1$ & $0.00689633$ & $0.39561$ & $0.0234187$ & $-0.0254562$ & $-0.0378443$ & $0.0222829$ & $0.0324154$ & $0.00653051$ & $0.000996305$ & $0.052799$ & $-0.014107$ & $-0.0532226$ & $0.0266901$ & $-0.0658222$ & $0.0612311$ & $0.11152$ & $-0.0437705$ & $-0.0702195$ \\
CuH_33r & $-0.0921464$ & $0.20044$ & $0.00337075$ & $-0.0393806$ & $0.0146164$ & $0.0686365$ & $0.921296$ & $-0.145154$ & $-0.115078$ & $0.209478$ & $0.182282$ & $-0.279502$ & $-0.143202$ & $-0.0817124$ & $-0.0769882$ & $-0.0872455$ & $-0.0488683$ & $-0.0526539$ & $-0.176717$ & $-0.183097$ & $-0.17926$ & $0.00508658$ & $0.0193801$ & $-0.072905$ & $0.112243$ & $-0.101851$ & $-0.10818$ & $-0.0328545$ & $0.0170932$ & $0.00689633$ & $1$ & $-0.0128194$ & $-0.0732077$ & $0.0630511$ & $-0.053871$ & $0.0335728$ & $0.0310658$ & $0.0608373$ & $0.100906$ & $0.032319$ & $0.0119312$ & $0.116459$ & $-0.0107698$ & $-0.0665965$ & $0.0691289$ & $0.100324$ & $0.0627032$ & $-0.224232$ \\
CdH_33r & $0.14523$ & $-0.149525$ & $-0.0794769$ & $-0.0224241$ & $-0.0184374$ & $-0.0754003$ & $-0.209857$ & $0.19351$ & $0.208605$ & $-0.414499$ & $-0.266568$ & $0.243285$ & $0.240879$ & $0.146541$ & $0.124967$ & $0.161545$ & $0.0916682$ & $0.105764$ & $0.260482$ & $0.264472$ & $0.259345$ & $0.00515385$ & $0.0107825$ & $0.114029$ & $-0.189614$ & $0.0924286$ & $0.106797$ & $0.037951$ & $0.689359$ & $0.39561$ & $-0.0128194$ & $1$ & $0.0667338$ & $-0.100168$ & $0.00119708$ & $-0.142232$ & $-0.0592328$ & $-0.132275$ & $-0.0274027$ & $0.0109191$ & $-0.0524377$ & $-0.0201093$ & $-0.0180653$ & $-0.0127648$ & $-0.0289725$ & $-0.118724$ & $0.157083$ & $0.251861$ \\
CLL_1221 & $0.0195441$ & $0.00315333$ & $0.0418548$ & $0.0397242$ & $-0.0163775$ & $-0.0797712$ & $-0.0799663$ & $0.54334$ & $0.539979$ & $-0.345378$ & $-0.343889$ & $0.20542$ & $-0.151926$ & $-0.4251$ & $0.00955779$ & $-0.254446$ & $-0.0869343$ & $-0.38457$ & $0.290266$ & $0.404541$ & $0.405608$ & $0.177188$ & $-0.625018$ & $-0.271603$ & $-0.262464$ & $0.661409$ & $0.19607$ & $0.00545696$ & $0.0370979$ & $0.0234187$ & $-0.0732077$ & $0.0667338$ & $1$ & $0.0303627$ & $0.0587368$ & $0.00272681$ & $0.0255276$ & $-0.0155294$ & $0.057215$ & $-0.0325815$ & $-0.00404762$ & $-0.0341915$ & $0.00416377$ & $0.00772344$ & $0.0121725$ & $-0.0420468$ & $-0.0266586$ & $0.0634796$ \\
eHggint & $-0.162341$ & $0.33242$ & $0.653794$ & $0.649409$ & $0.0942578$ & $-0.0192934$ & $0.0287733$ & $-0.0521802$ & $-0.0554308$ & $0.0938838$ & $0.0736234$ & $-0.124016$ & $-0.0757519$ & $-0.0789$ & $-0.0458201$ & $-0.0312831$ & $-0.00380686$ & $-0.0245391$ & $-0.0729835$ & $-0.0658622$ & $-0.0668557$ & $0.0516632$ & $0.00069068$ & $-0.0164331$ & $0.00735384$ & $0.00921297$ & $-0.00712339$ & $-0.0221396$ & $-0.0954749$ & $-0.0254562$ & $0.0630511$ & $-0.100168$ & $0.0303627$ & $1$ & $0.56759$ & $0.128475$ & $-0.121005$ & $0.450884$ & $0.129065$ & $-0.5211$ & $0.128347$ & $0.0729038$ & $0.0517426$ & $0.293721$ & $0.0878225$ & $0.00724119$ & $-0.0414284$ & $0.115158$ \\
eHggpar & $0.0117626$ & $-0.185014$ & $0.720411$ & $0.820274$ & $0.0495731$ & $-0.0900522$ & $-0.0803769$ & $0.0611098$ & $0.0531018$ & $-0.0817191$ & $-0.0673383$ & $0.0868233$ & $0.0256874$ & $0.0152275$ & $0.00486804$ & $0.0387395$ & $0.01391$ & $0.0180712$ & $0.0657733$ & $0.0718327$ & $0.0664131$ & $0.0548823$ & $-0.0172229$ & $0.0218847$ & $-0.0811988$ & $0.0624187$ & $0.0449403$ & $0.0159956$ & $-0.0548803$ & $-0.0378443$ & $-0.053871$ & $0.00119708$ & $0.0587368$ & $0.56759$ & $1$ & $0.185151$ & $-0.18133$ & $0.0584662$ & $0.0657453$ & $-0.22432$ & $0.0805481$ & $-0.0844269$ & $0.14859$ & $0.203905$ & $0.0529276$ & $-0.14594$ & $-0.0231693$ & $0.257557$ \\
eHWWint & $-0.414807$ & $0.196963$ & $0.224359$ & $0.0637812$ & $-0.0308071$ & $-0.0373861$ & $0.031676$ & $-0.0212337$ & $-0.0264331$ & $0.0127005$ & $0.0255353$ & $0.024569$ & $-0.0328746$ & $-0.0120178$ & $-0.0338018$ & $0.00412956$ & $-0.00526178$ & $0.00757559$ & $-0.0245641$ & $-0.0240826$ & $-0.0199501$ & $0.00171205$ & $0.00388936$ & $0.00979327$ & $0.0271683$ & $0.0103497$ & $-0.0297877$ & $0.0110828$ & $-0.0799993$ & $0.0222829$ & $0.0335728$ & $-0.142232$ & $0.00272681$ & $0.128475$ & $0.185151$ & $1$ & $0.035087$ & $-0.0250034$ & $0.187504$ & $0.311154$ & $0.0717372$ & $-0.0114768$ & $-0.202269$ & $-0.073999$ & $-0.0284139$ & $0.202462$ & $-0.202984$ & $-0.369964$ \\
eHWWpar & $0.00784759$ & $0.177557$ & $-0.132294$ & $-0.171811$ & $-0.0814119$ & $0.052676$ & $0.0462739$ & $0.0159443$ & $0.0222763$ & $0.00177144$ & $-0.008976$ & $0.00324574$ & $-0.00185508$ & $-0.00920124$ & $0.0462821$ & $-0.0197626$ & $-0.00672846$ & $-0.0406208$ & $0.00828861$ & $0.00717856$ & $0.011549$ & $-0.0760322$ & $-0.0152123$ & $-0.0431186$ & $0.0474386$ & $-0.0343256$ & $0.0196387$ & $0.00822868$ & $-0.0121606$ & $0.0324154$ & $0.0310658$ & $-0.0592328$ & $0.0255276$ & $-0.121005$ & $-0.18133$ & $0.035087$ & $1$ & $-0.0150236$ & $0.0249616$ & $0.0934292$ & $-0.0303801$ & $0.141266$ & $-0.0835261$ & $-0.0287371$ & $0.124817$ & $0.095295$ & $-0.107978$ & $-0.248986$ \\
eHZZint & $-0.279924$ & $0.297363$ & $0.253636$ & $0.13214$ & $0.00957939$ & $0.0305695$ & $0.047104$ & $-0.0640108$ & $-0.0692337$ & $0.120565$ & $0.0792988$ & $-0.101003$ & $-0.0517904$ & $-0.057035$ & $-0.0471159$ & $-0.0397046$ & $-0.0067196$ & $-0.0154881$ & $-0.0778932$ & $-0.0759903$ & $-0.0790434$ & $0.0287742$ & $0.0201548$ & $-0.0155791$ & $0.0326221$ & $-0.0213343$ & $-0.0101302$ & $-0.0138566$ & $-0.0876734$ & $0.00653051$ & $0.0608373$ & $-0.132275$ & $-0.0155294$ & $0.450884$ & $0.0584662$ & $-0.0250034$ & $-0.0150236$ & $1$ & $0.201782$ & $-0.556985$ & $0.0337175$ & $-0.285049$ & $0.34028$ & $0.0969315$ & $0.0777443$ & $0.394667$ & $-0.318565$ & $-0.159994$ \\
eHZZpar & $-0.126018$ & $0.0867625$ & $0.248565$ & $0.0329504$ & $0.00565473$ & $0.0188688$ & $0.0852542$ & $0.0133812$ & $0.0174105$ & $-0.0112719$ & $-0.00524356$ & $0.0148304$ & $-0.00972772$ & $-0.044587$ & $-0.0235207$ & $-0.00800279$ & $0.0113732$ & $-0.00438222$ & $0.00326892$ & $0.0106053$ & $0.0126561$ & $-0.00128547$ & $-0.0271571$ & $-0.00615659$ & $-0.00742942$ & $0.0245474$ & $0.0464214$ & $0.0433249$ & $-0.0345596$ & $0.000996305$ & $0.100906$ & $-0.0274027$ & $0.057215$ & $0.129065$ & $0.0657453$ & $0.187504$ & $0.0249616$ & $0.201782$ & $1$ & $-0.19113$ & $0.0381936$ & $-0.0253582$ & $0.0645252$ & $0.0146277$ & $0.0125931$ & $0.088934$ & $-0.154003$ & $-0.00949728$ \\
eHZgaint & $0.188716$ & $-0.0886646$ & $-0.369691$ & $-0.437749$ & $-0.0342726$ & $-0.0282287$ & $0.0464927$ & $0.0207233$ & $0.0199162$ & $-0.0520647$ & $-0.0357752$ & $0.0504232$ & $0.0395203$ & $0.0575329$ & $0.0661644$ & $0.0204063$ & $0.00252109$ & $-0.0062373$ & $0.0399335$ & $0.0272719$ & $0.0256777$ & $-0.0505572$ & $0.00355466$ & $-0.0144216$ & $0.00194256$ & $-0.0636235$ & $-0.0271953$ & $0.0329061$ & $0.0432523$ & $0.052799$ & $0.032319$ & $0.0109191$ & $-0.0325815$ & $-0.5211$ & $-0.22432$ & $0.311154$ & $0.0934292$ & $-0.556985$ & $-0.19113$ & $1$ & $-0.0312557$ & $-0.152337$ & $-0.181247$ & $-0.330667$ & $0.312104$ & $0.0571861$ & $0.00367673$ & $-0.257262$ \\
eHZgapar & $0.012929$ & $0.111721$ & $0.137267$ & $0.0705101$ & $-0.0603432$ & $-0.0140951$ & $0.0184402$ & $-0.0487139$ & $-0.0483985$ & $0.0630135$ & $0.0392793$ & $-0.0592555$ & $-0.0170704$ & $-0.0378416$ & $-8.09864e-05$ & $0.0268187$ & $0.0370356$ & $0.0120493$ & $-0.0378522$ & $-0.0400777$ & $-0.0362216$ & $0.0552562$ & $0.0291737$ & $0.00104378$ & $-0.0124996$ & $-0.0565588$ & $-0.0174012$ & $0.0177605$ & $-0.0282657$ & $-0.014107$ & $0.0119312$ & $-0.0524377$ & $-0.00404762$ & $0.128347$ & $0.0805481$ & $0.0717372$ & $-0.0303801$ & $0.0337175$ & $0.0381936$ & $-0.0312557$ & $1$ & $0.0899655$ & $-0.0826713$ & $0.00177438$ & $0.0331191$ & $0.0431393$ & $-0.00888515$ & $0.00376823$ \\
eHgagaint & $-0.221372$ & $0.165268$ & $-0.100437$ & $0.138861$ & $-0.00996622$ & $0.0562036$ & $0.120528$ & $-0.119497$ & $-0.0984392$ & $0.139026$ & $0.153533$ & $-0.205763$ & $-0.132666$ & $-0.0891111$ & $-0.0889981$ & $-0.0680674$ & $-0.0355183$ & $-0.0367517$ & $-0.153648$ & $-0.150102$ & $-0.145237$ & $0.00131063$ & $0.0132427$ & $-0.0304472$ & $0.119129$ & $-0.0227662$ & $-0.056312$ & $-0.0133$ & $-0.00587194$ & $-0.0532226$ & $0.116459$ & $-0.0201093$ & $-0.0341915$ & $0.0729038$ & $-0.0844269$ & $-0.0114768$ & $0.141266$ & $-0.285049$ & $-0.0253582$ & $-0.152337$ & $0.0899655$ & $1$ & $-0.517479$ & $0.232019$ & $-0.276992$ & $-0.221849$ & $0.370446$ & $0.00118652$ \\
eHmumuint & $0.273749$ & $0.0369943$ & $0.322022$ & $0.18527$ & $-0.0232122$ & $0.017917$ & $-0.02042$ & $0.0381654$ & $0.0273519$ & $0.0078924$ & $-0.0238804$ & $-0.0251602$ & $0.00728871$ & $0.0228122$ & $0.0271602$ & $-0.0441806$ & $-0.0395623$ & $-0.0387817$ & $0.0248161$ & $0.0226875$ & $0.021029$ & $0.033838$ & $-0.0313947$ & $-0.0430395$ & $-0.0599948$ & $0.00109977$ & $0.0566496$ & $0.00566161$ & $-0.0346292$ & $0.0266901$ & $-0.0107698$ & $-0.0180653$ & $0.00416377$ & $0.0517426$ & $0.14859$ & $-0.202269$ & $-0.0835261$ & $0.34028$ & $0.0645252$ & $-0.181247$ & $-0.0826713$ & $-0.517479$ & $1$ & $-0.0465766$ & $-0.177927$ & $0.367655$ & $-0.198959$ & $-0.0395004$ \\
eHtautauint & $0.00167041$ & $-0.242135$ & $0.146709$ & $0.221714$ & $0.0226744$ & $0.0315567$ & $-0.0665388$ & $-0.0121549$ & $-0.0120668$ & $0.0116039$ & $0.0220512$ & $-0.0387102$ & $-0.0300738$ & $-0.0244398$ & $-0.0697977$ & $-0.00941333$ & $-0.00994099$ & $0.0215928$ & $-0.0248262$ & $-0.018521$ & $-0.0188708$ & $0.0169962$ & $0.00788577$ & $0.00796448$ & $0.0177723$ & $0.050827$ & $0.0201147$ & $-0.0291078$ & $-0.0317537$ & $-0.0658222$ & $-0.0665965$ & $-0.0127648$ & $0.00772344$ & $0.293721$ & $0.203905$ & $-0.073999$ & $-0.0287371$ & $0.0969315$ & $0.0146277$ & $-0.330667$ & $0.00177438$ & $0.232019$ & $-0.0465766$ & $1$ & $-0.0706285$ & $-0.30197$ & $0.12363$ & $0.138118$ \\
eHccint & $0.170194$ & $-0.104258$ & $-0.10687$ & $-0.268433$ & $0.0147629$ & $-0.00985586$ & $0.0644809$ & $0.0164386$ & $0.0146084$ & $-0.0381871$ & $-0.0319745$ & $0.0404663$ & $0.0362197$ & $0.00687668$ & $0.0918494$ & $0.0271909$ & $0.0359292$ & $-0.0213424$ & $0.0349022$ & $0.0269982$ & $0.0229871$ & $-0.0222604$ & $0.018572$ & $-0.0124481$ & $-0.0129668$ & $-0.0559957$ & $0.000653259$ & $-0.00998926$ & $0.00155912$ & $0.0612311$ & $0.0691289$ & $-0.0289725$ & $0.0121725$ & $0.0878225$ & $0.0529276$ & $-0.0284139$ & $0.124817$ & $0.0777443$ & $0.0125931$ & $0.312104$ & $0.0331191$ & $-0.276992$ & $-0.177927$ & $-0.0706285$ & $1$ & $0.250833$ & $-0.142686$ & $-0.11952$ \\
eHccpar & $-0.0800824$ & $0.269037$ & $-0.124734$ & $-0.126942$ & $-0.0509254$ & $0.0236643$ & $0.0964724$ & $-0.0897529$ & $-0.0921758$ & $0.11608$ & $0.098749$ & $-0.136194$ & $-0.0571275$ & $-0.0559574$ & $0.011293$ & $-0.037081$ & $0.00361746$ & $-0.0396525$ & $-0.0934552$ & $-0.102288$ & $-0.0974484$ & $0.00567311$ & $0.0432862$ & $-0.0249497$ & $0.0660719$ & $-0.0695951$ & $-0.060233$ & $-0.0054502$ & $-0.0435477$ & $0.11152$ & $0.100324$ & $-0.118724$ & $-0.0420468$ & $0.00724119$ & $-0.14594$ & $0.202462$ & $0.095295$ & $0.394667$ & $0.088934$ & $0.0571861$ & $0.0431393$ & $-0.221849$ & $0.367655$ & $-0.30197$ & $0.250833$ & $1$ & $-0.184029$ & $-0.434903$ \\
eHbbint & $0.305162$ & $-0.280461$ & $-0.263102$ & $0.155214$ & $0.0407506$ & $-0.00643474$ & $0.062505$ & $-0.0624732$ & $-0.0500695$ & $0.0590905$ & $0.0808868$ & $-0.121775$ & $-0.0763246$ & $-0.0402354$ & $-0.0773394$ & $-0.0302837$ & $-0.0253092$ & $-0.000266934$ & $-0.0826425$ & $-0.0793857$ & $-0.0818452$ & $0.0488275$ & $-0.0135162$ & $0.0109539$ & $0.0268924$ & $0.0358415$ & $-0.064692$ & $-0.0360784$ & $0.0490633$ & $-0.0437705$ & $0.0627032$ & $0.157083$ & $-0.0266586$ & $-0.0414284$ & $-0.0231693$ & $-0.202984$ & $-0.107978$ & $-0.318565$ & $-0.154003$ & $0.00367673$ & $-0.00888515$ & $0.370446$ & $-0.198959$ & $0.12363$ & $-0.142686$ & $-0.184029$ & $1$ & $0.338678$ \\
eHbbpar & $0.353419$ & $-0.433806$ & $0.111216$ & $0.174663$ & $0.0556412$ & $-0.0791552$ & $-0.234194$ & $0.150471$ & $0.14457$ & $-0.186733$ & $-0.138302$ & $0.157231$ & $0.0456776$ & $0.0958585$ & $0.050056$ & $-0.0053016$ & $-0.0638779$ & $-0.0339998$ & $0.132965$ & $0.139607$ & $0.132178$ & $0.0376959$ & $-0.101226$ & $-0.0177778$ & $-0.124172$ & $0.102269$ & $0.0604421$ & $-0.0112628$ & $0.0342548$ & $-0.0702195$ & $-0.224232$ & $0.251861$ & $0.0634796$ & $0.115158$ & $0.257557$ & $-0.369964$ & $-0.248986$ & $-0.159994$ & $-0.00949728$ & $-0.257262$ & $0.00376823$ & $0.00118652$ & $-0.0395004$ & $0.138118$ & $-0.11952$ & $-0.434903$ & $0.338678$ & $1$ \\
