 & AlsMz & dAle5Mz & mtop & mHl & Mz & CW & CHG & CHWB & CHWHB_gaga & CHWHB_gagaorth & CHD & CHbox & CH & CHL1_11 & CHL1_22 & CHL1_33 & CHL3_11 & CHL3_22 & CHL3_33 & CHe_11 & CHe_22 & CHe_33 & CHQ1_11 & CHQ1_33 & CHQ3_11 & CHu_11 & CHd_11 & CHd_33 & CeH_22r & CeH_33r & CuH_22r & CuH_33r & CdH_33r & CLL_1221 & eHggint & eHggpar & eHWWint & eHWWpar & eHZZint & eHZZpar & eHZgaint & eHZgapar & eHgagaint & eHmumuint & eHtautauint & eHccint & eHccpar & eHbbint & eHbbpar \\
AlsMz & $1$ & $0.00846962$ & $-0.0509011$ & $-0.069285$ & $-0.0172566$ & $0.0134736$ & $0.0084418$ & $-0.0028968$ & $0.0023432$ & $-0.00424203$ & $-0.00232279$ & $-0.0132355$ & $-0.0217807$ & $-0.0100171$ & $0.01073$ & $-0.0198984$ & $-0.0080179$ & $-0.0154653$ & $0.00782247$ & $-0.00560074$ & $-0.00588943$ & $-0.00423585$ & $-0.0313116$ & $-0.0603556$ & $-0.114763$ & $-0.0167686$ & $-0.0317265$ & $-0.0161127$ & $-0.0248231$ & $0.0172182$ & $0.0293287$ & $0.0164892$ & $0.0223094$ & $-0.0146032$ & $0.0311518$ & $-0.0215918$ & $0.00343977$ & $-0.00739167$ & $-0.00777142$ & $0.0114857$ & $0.00258126$ & $0.0112397$ & $0.0553962$ & $0.0563799$ & $0.0147599$ & $0.024181$ & $0.0581628$ & $0.0156471$ & $0.0252896$ \\
dAle5Mz & $0.00846962$ & $1$ & $-0.0463191$ & $-0.0217723$ & $0.0181631$ & $0.00946646$ & $0.0162126$ & $-0.0876033$ & $-0.0832962$ & $0.0482561$ & $0.0666352$ & $0.0225826$ & $-0.000412423$ & $-0.00869561$ & $0.00183587$ & $-0.00180859$ & $0.0183127$ & $0.00965384$ & $0.0152497$ & $-0.0425826$ & $-0.0447966$ & $-0.0405251$ & $-0.0165674$ & $0.0348616$ & $0.00942548$ & $0.028147$ & $-0.0392528$ & $0.0177796$ & $-0.026434$ & $-0.0102902$ & $0.00457019$ & $0.0174613$ & $-0.0212665$ & $-0.0106362$ & $-0.00273126$ & $0.03614$ & $0.0490942$ & $0.0158083$ & $-0.105318$ & $-0.0129091$ & $0.0695186$ & $0.0298464$ & $0.00937007$ & $-0.0697831$ & $0.0502597$ & $0.0853726$ & $0.0646662$ & $0.0593229$ & $-0.0306019$ \\
mtop & $-0.0509011$ & $-0.0463191$ & $1$ & $0.0745738$ & $0.0126285$ & $-0.00867795$ & $0.00261676$ & $0.0165277$ & $0.0143684$ & $-0.0297348$ & $-0.00123332$ & $-0.0255034$ & $-0.0131907$ & $-0.00197059$ & $-0.00624714$ & $0.00035888$ & $-0.0129878$ & $-0.00587498$ & $-0.0135254$ & $0.00632103$ & $0.010601$ & $0.00396063$ & $0.0076263$ & $-0.0140132$ & $-0.0119781$ & $-0.00839132$ & $0.00314641$ & $0.00546997$ & $-0.00315965$ & $-0.0408203$ & $-0.0356444$ & $-0.0051443$ & $-0.0596491$ & $0.0184928$ & $0.00940247$ & $0.0234151$ & $0.104634$ & $0.0135652$ & $-0.0772322$ & $0.0208668$ & $-0.0632789$ & $-0.0116518$ & $-0.0263161$ & $0.00411956$ & $0.0183005$ & $-0.0180841$ & $-0.0378906$ & $-0.0541698$ & $-0.0403403$ \\
mHl & $-0.069285$ & $-0.0217723$ & $0.0745738$ & $1$ & $-0.016262$ & $0.012695$ & $0.0160568$ & $-0.00219119$ & $0.000125302$ & $0.00387702$ & $0.0134811$ & $-0.00426307$ & $-0.0194587$ & $-0.0158242$ & $0.0235455$ & $0.0218391$ & $-0.0236615$ & $-0.0289362$ & $-0.0267041$ & $-0.00837118$ & $-0.0152816$ & $-0.0142025$ & $0.0092467$ & $0.00802967$ & $-0.0089465$ & $0.0011272$ & $-0.00846348$ & $-0.00282211$ & $-0.0194137$ & $-0.0129778$ & $-0.0345459$ & $0.0202759$ & $-0.0469614$ & $-0.0226231$ & $-0.0318743$ & $0.0612112$ & $0.00146221$ & $-0.0172805$ & $0.0278508$ & $0.0123151$ & $0.078235$ & $0.0112609$ & $0.0443455$ & $0.0441049$ & $-0.0441074$ & $-0.0348952$ & $-0.0530317$ & $-0.0350416$ & $-0.0775368$ \\
Mz & $-0.0172566$ & $0.0181631$ & $0.0126285$ & $-0.016262$ & $1$ & $-0.00307538$ & $0.0140035$ & $-0.0137593$ & $-0.00849086$ & $-0.00293695$ & $0.0257077$ & $-0.0201543$ & $-0.0165467$ & $-0.00855995$ & $0.0109111$ & $0.00483924$ & $-0.009569$ & $-0.014737$ & $-0.00868934$ & $-0.0172929$ & $-0.018036$ & $-0.0165505$ & $-0.023524$ & $0.0115916$ & $-0.016358$ & $0.0296804$ & $-0.0210912$ & $0.00254339$ & $0.0135192$ & $-0.00313786$ & $-0.00238726$ & $0.0136165$ & $0.00858208$ & $-0.0207509$ & $-0.00565106$ & $-0.00787771$ & $-0.0155175$ & $-0.0106539$ & $0.0206499$ & $-0.0112547$ & $0.00572251$ & $-0.000593688$ & $0.00228064$ & $-0.00919176$ & $-0.0112375$ & $-0.0274724$ & $-0.00436374$ & $0.00869846$ & $0.00779864$ \\
CW & $0.0134736$ & $0.00946646$ & $-0.00867795$ & $0.012695$ & $-0.00307538$ & $1$ & $0.0247026$ & $-0.125789$ & $-0.123141$ & $0.0312582$ & $0.175603$ & $0.00969994$ & $-0.0170425$ & $0.0302802$ & $-0.0596147$ & $-0.0554262$ & $-0.22534$ & $-0.0409978$ & $-0.0449689$ & $-0.171971$ & $-0.181709$ & $-0.179142$ & $-0.0159205$ & $0.0173497$ & $-0.0761888$ & $0.103797$ & $-0.0968627$ & $-0.0408924$ & $-0.00518614$ & $-0.00749225$ & $-0.00394108$ & $0.0251391$ & $-0.00579292$ & $-0.134816$ & $-0.0117818$ & $0.00988341$ & $-0.0126972$ & $-0.022232$ & $-0.00143088$ & $-0.00795546$ & $-0.0174921$ & $-0.00080852$ & $0.00230839$ & $-0.00262992$ & $-0.00110683$ & $-0.0164962$ & $0.000396617$ & $-0.0119076$ & $0.00409515$ \\
CHG & $0.0084418$ & $0.0162126$ & $0.00261676$ & $0.0160568$ & $0.0140035$ & $0.0247026$ & $1$ & $-0.0735987$ & $-0.0141877$ & $0.0776216$ & $0.067745$ & $-0.326012$ & $-0.437741$ & $-0.0121335$ & $-0.00634891$ & $-0.00919552$ & $0.00662765$ & $0.016202$ & $0.0164031$ & $-0.0620585$ & $-0.0711045$ & $-0.070116$ & $-0.00512483$ & $0.0464729$ & $0.0129837$ & $0.034504$ & $-0.0508495$ & $-0.0290145$ & $-0.0256026$ & $-0.169181$ & $-0.11595$ & $0.946534$ & $-0.230281$ & $-0.0566988$ & $-0.0458808$ & $-0.0153285$ & $-0.00278148$ & $0.018202$ & $-0.00150967$ & $0.0194598$ & $-0.0541893$ & $0.0027278$ & $0.0203665$ & $0.0120871$ & $-0.00271363$ & $-0.0247877$ & $-0.00466816$ & $0.00789968$ & $-0.0526351$ \\
CHWB & $-0.0028968$ & $-0.0876033$ & $0.0165277$ & $-0.00219119$ & $-0.0137593$ & $-0.125789$ & $-0.0735987$ & $1$ & $0.9816$ & $-0.543925$ & $-0.870245$ & $0.0148481$ & $0.176431$ & $0.0640625$ & $0.280566$ & $0.278222$ & $-0.265627$ & $-0.436101$ & $-0.439713$ & $0.84304$ & $0.886942$ & $0.870403$ & $0.0730554$ & $-0.682832$ & $-0.410559$ & $-0.503876$ & $0.44904$ & $0.291112$ & $0.00993114$ & $0.0766883$ & $0.0293516$ & $-0.0615434$ & $0.0751313$ & $0.583979$ & $-0.00125834$ & $-0.00666419$ & $0.00696893$ & $-0.00227708$ & $-0.000993795$ & $-0.014432$ & $0.0110103$ & $0.0190122$ & $0.0183534$ & $0.00583618$ & $-0.00412096$ & $-0.0214452$ & $-0.0164071$ & $0.00900689$ & $-0.00709845$ \\
CHWHB_gaga & $0.0023432$ & $-0.0832962$ & $0.0143684$ & $0.000125302$ & $-0.00849086$ & $-0.123141$ & $-0.0141877$ & $0.9816$ & $1$ & $-0.53493$ & $-0.854019$ & $0.0269691$ & $0.163048$ & $0.0641291$ & $0.278839$ & $0.271865$ & $-0.263875$ & $-0.430973$ & $-0.431215$ & $0.827998$ & $0.870095$ & $0.853911$ & $0.07105$ & $-0.671374$ & $-0.404148$ & $-0.493806$ & $0.43975$ & $0.286808$ & $0.0141566$ & $0.0980842$ & $0.0411877$ & $-0.00890343$ & $0.0954527$ & $0.568922$ & $-0.016936$ & $-0.0145418$ & $-0.00794878$ & $-0.00363198$ & $-3.82321e-05$ & $-0.0199417$ & $0.0151605$ & $0.0208919$ & $0.0896732$ & $0.00786017$ & $-0.01269$ & $-0.0167739$ & $-0.014132$ & $0.00854056$ & $-0.00754322$ \\
CHWHB_gagaorth & $-0.00424203$ & $0.0482561$ & $-0.0297348$ & $0.00387702$ & $-0.00293695$ & $0.0312582$ & $0.0776216$ & $-0.543925$ & $-0.53493$ & $1$ & $0.367326$ & $0.125371$ & $-0.221444$ & $0.160091$ & $-0.131954$ & $-0.12059$ & $0.356157$ & $0.412504$ & $0.40369$ & $-0.355916$ & $-0.38003$ & $-0.380343$ & $-0.0578133$ & $0.492409$ & $0.396294$ & $0.228371$ & $-0.238265$ & $-0.110738$ & $-0.00676562$ & $-0.172317$ & $-0.0886477$ & $0.0749427$ & $-0.181378$ & $-0.324179$ & $0.0222955$ & $0.00247852$ & $0.00466063$ & $-0.00642429$ & $0.010092$ & $-0.0173547$ & $-0.0476658$ & $-0.0216806$ & $-0.00729475$ & $-0.00710315$ & $-0.0179632$ & $0.0306114$ & $0.00880369$ & $-0.00536249$ & $-0.00517534$ \\
CHD & $-0.00232279$ & $0.0666352$ & $-0.00123332$ & $0.0134811$ & $0.0257077$ & $0.175603$ & $0.067745$ & $-0.870245$ & $-0.854019$ & $0.367326$ & $1$ & $0.0251783$ & $-0.13781$ & $-0.502429$ & $-0.397806$ & $-0.396774$ & $-0.210721$ & $0.0439087$ & $0.0495281$ & $-0.990555$ & $-0.991482$ & $-0.970223$ & $-0.010666$ & $0.301095$ & $0.00650618$ & $0.562591$ & $-0.319377$ & $-0.337662$ & $0.000887478$ & $-0.0882415$ & $-0.0345841$ & $0.0579801$ & $-0.0901524$ & $-0.389623$ & $-0.0022047$ & $0.0159221$ & $-0.0113555$ & $-0.000314398$ & $0.00262564$ & $0.0173075$ & $-0.00846571$ & $-0.0124482$ & $-0.0213374$ & $-0.0105994$ & $0.00316433$ & $0.0219631$ & $0.00986309$ & $-0.0137876$ & $0.00542916$ \\
CHbox & $-0.0132355$ & $0.0225826$ & $-0.0255034$ & $-0.00426307$ & $-0.0201543$ & $0.00969994$ & $-0.326012$ & $0.0148481$ & $0.0269691$ & $0.125371$ & $0.0251783$ & $1$ & $0.75206$ & $-0.0828838$ & $0.0204256$ & $0.0226266$ & $-0.0829928$ & $-0.0846916$ & $-0.0864519$ & $-0.017127$ & $-0.0263133$ & $-0.0247658$ & $-0.00544205$ & $-0.0433094$ & $-0.0767046$ & $0.0261665$ & $-0.0102083$ & $-0.00669354$ & $0.0909749$ & $0.436342$ & $0.175666$ & $-0.235475$ & $0.479766$ & $-0.00580833$ & $0.0801278$ & $0.0438468$ & $-0.0207237$ & $0.00399984$ & $-0.00385229$ & $-0.0200962$ & $0.0306085$ & $-0.00206123$ & $-0.00448496$ & $0.00381227$ & $0.00542541$ & $0.0204661$ & $0.000232356$ & $0.0122742$ & $-0.000114153$ \\
CH & $-0.0217807$ & $-0.000412423$ & $-0.0131907$ & $-0.0194587$ & $-0.0165467$ & $-0.0170425$ & $-0.437741$ & $0.176431$ & $0.163048$ & $-0.221444$ & $-0.13781$ & $0.75206$ & $1$ & $-0.0180462$ & $0.0378723$ & $0.0371162$ & $-0.0775658$ & $-0.0983933$ & $-0.0948568$ & $0.133953$ & $0.143267$ & $0.144952$ & $0.0110845$ & $-0.134963$ & $-0.0872511$ & $-0.0681297$ & $0.0961586$ & $0.0475799$ & $0.0828748$ & $0.360705$ & $0.200271$ & $-0.391053$ & $0.410033$ & $0.111427$ & $0.0370227$ & $0.0303912$ & $-0.0118357$ & $-0.00243934$ & $-0.00683743$ & $-0.0127153$ & $0.0389654$ & $0.00170794$ & $0.0201326$ & $-0.0119001$ & $0.00843171$ & $0.0141347$ & $0.0126209$ & $0.013078$ & $0.0117718$ \\
CHL1_11 & $-0.0100171$ & $-0.00869561$ & $-0.00197059$ & $-0.0158242$ & $-0.00855995$ & $0.0302802$ & $-0.0121335$ & $0.0640625$ & $0.0641291$ & $0.160091$ & $-0.502429$ & $-0.0828838$ & $-0.0180462$ & $1$ & $0.241522$ & $0.244951$ & $0.689584$ & $0.63708$ & $0.629815$ & $0.518733$ & $0.465046$ & $0.449278$ & $-0.0897411$ & $0.496892$ & $0.634809$ & $-0.26116$ & $-0.0888792$ & $0.183711$ & $-0.0245337$ & $0.0514003$ & $0.0145167$ & $-0.0131023$ & $0.0568265$ & $-0.203235$ & $0.00592139$ & $-0.0225709$ & $-0.0018348$ & $0.00225697$ & $-0.0020059$ & $-0.00995082$ & $-0.00349084$ & $-0.0167526$ & $0.022132$ & $0.00396979$ & $-0.00324887$ & $-0.0152503$ & $-0.000127894$ & $0.00731247$ & $0.00197812$ \\
CHL1_22 & $0.01073$ & $0.00183587$ & $-0.00624714$ & $0.0235455$ & $0.0109111$ & $-0.0596147$ & $-0.00634891$ & $0.280566$ & $0.278839$ & $-0.131954$ & $-0.397806$ & $0.0204256$ & $0.0378723$ & $0.241522$ & $1$ & $0.436237$ & $0.145479$ & $-0.43439$ & $-0.0338779$ & $0.464147$ & $0.316766$ & $0.30884$ & $-0.173665$ & $0.102582$ & $-0.131018$ & $-0.18823$ & $-0.383639$ & $0.0986032$ & $0.0153112$ & $0.0434709$ & $0.0196294$ & $-0.00327181$ & $0.0311287$ & $-0.58508$ & $-0.0220034$ & $-0.000766374$ & $0.0165207$ & $-0.00320218$ & $-0.00526408$ & $-0.015474$ & $-0.00512808$ & $0.0154723$ & $0.00290091$ & $0.018419$ & $-0.00210005$ & $-0.00110264$ & $-0.00634646$ & $0.0221813$ & $-0.021224$ \\
CHL1_33 & $-0.0198984$ & $-0.00180859$ & $0.00035888$ & $0.0218391$ & $0.00483924$ & $-0.0554262$ & $-0.00919552$ & $0.278222$ & $0.271865$ & $-0.12059$ & $-0.396774$ & $0.0226266$ & $0.0371162$ & $0.244951$ & $0.436237$ & $1$ & $0.147701$ & $-0.0240628$ & $-0.419832$ & $0.46228$ & $0.317702$ & $0.334799$ & $-0.173009$ & $0.105441$ & $-0.119097$ & $-0.183433$ & $-0.37584$ & $0.107843$ & $-0.00658234$ & $0.0482867$ & $0.0228265$ & $-0.00325169$ & $0.0446772$ & $-0.0948472$ & $-0.0103496$ & $-0.0205634$ & $-0.00790932$ & $-0.0184269$ & $0.00836917$ & $0.000554979$ & $0.00945085$ & $0.00277059$ & $-0.0186128$ & $0.00170108$ & $-0.0228263$ & $-0.0247161$ & $0.0149671$ & $0.0142356$ & $0.00175517$ \\
CHL3_11 & $-0.0080179$ & $0.0183127$ & $-0.0129878$ & $-0.0236615$ & $-0.009569$ & $-0.22534$ & $0.00662765$ & $-0.265627$ & $-0.263875$ & $0.356157$ & $-0.210721$ & $-0.0829928$ & $-0.0775658$ & $0.689584$ & $0.145479$ & $0.147701$ & $1$ & $0.763043$ & $0.761868$ & $0.230165$ & $0.180226$ & $0.171464$ & $-0.0811069$ & $0.699513$ & $0.800535$ & $-0.103081$ & $-0.161135$ & $0.0758592$ & $-0.0162578$ & $0.00850798$ & $0.00815373$ & $0.000845097$ & $0.0174021$ & $-0.25558$ & $0.0113519$ & $-0.0135752$ & $0.0196816$ & $0.0113819$ & $-0.0075903$ & $-0.00326701$ & $-0.00631354$ & $-0.00699442$ & $-0.00321551$ & $0.00883895$ & $0.00834037$ & $0.00467076$ & $0.0097727$ & $0.00398298$ & $0.00207217$ \\
CHL3_22 & $-0.0154653$ & $0.00965384$ & $-0.00587498$ & $-0.0289362$ & $-0.014737$ & $-0.0409978$ & $0.016202$ & $-0.436101$ & $-0.430973$ & $0.412504$ & $0.0439087$ & $-0.0846916$ & $-0.0983933$ & $0.63708$ & $-0.43439$ & $-0.0240628$ & $0.763043$ & $1$ & $0.702819$ & $-0.0484648$ & $-0.0401759$ & $-0.0413571$ & $-0.00787599$ & $0.644223$ & $0.812859$ & $0.0268336$ & $-0.0198815$ & $0.0125923$ & $-0.0289423$ & $-0.00904145$ & $-0.0044936$ & $0.00976841$ & $0.00580267$ & $0.0129193$ & $0.0206652$ & $-0.0174445$ & $-0.00377416$ & $0.0053143$ & $0.000966313$ & $0.00430908$ & $-0.00364396$ & $-0.0232952$ & $-9.40375e-05$ & $-0.00267463$ & $-0.00149382$ & $-0.00498693$ & $0.014189$ & $-0.00764485$ & $0.0171655$ \\
CHL3_33 & $0.00782247$ & $0.0152497$ & $-0.0135254$ & $-0.0267041$ & $-0.00868934$ & $-0.0449689$ & $0.0164031$ & $-0.439713$ & $-0.431215$ & $0.40369$ & $0.0495281$ & $-0.0864519$ & $-0.0948568$ & $0.629815$ & $-0.0338779$ & $-0.419832$ & $0.761868$ & $0.702819$ & $1$ & $-0.0542327$ & $-0.0449451$ & $-0.0435569$ & $-0.0064383$ & $0.642426$ & $0.809966$ & $0.0288328$ & $-0.0169517$ & $0.00460481$ & $-0.0130654$ & $-0.0122656$ & $-0.00703496$ & $0.00757663$ & $-0.0028645$ & $-0.342464$ & $0.0162909$ & $-0.00247322$ & $0.0121317$ & $0.0202461$ & $-0.0052178$ & $-0.00451401$ & $-0.0129491$ & $-0.019566$ & $0.015387$ & $0.00969511$ & $0.0184437$ & $0.0142735$ & $-0.00251493$ & $-0.00320399$ & $0.00376353$ \\
CHe_11 & $-0.00560074$ & $-0.0425826$ & $0.00632103$ & $-0.00837118$ & $-0.0172929$ & $-0.171971$ & $-0.0620585$ & $0.84304$ & $0.827998$ & $-0.355916$ & $-0.990555$ & $-0.017127$ & $0.133953$ & $0.518733$ & $0.464147$ & $0.46228$ & $0.230165$ & $-0.0484648$ & $-0.0542327$ & $1$ & $0.973591$ & $0.953281$ & $-0.0124885$ & $-0.250495$ & $-0.00207547$ & $-0.554702$ & $0.245196$ & $0.331623$ & $0.00108909$ & $0.0895282$ & $0.0349297$ & $-0.0518825$ & $0.0906854$ & $0.312462$ & $0.000723744$ & $-0.0158608$ & $0.011849$ & $-0.00225191$ & $-0.00372889$ & $-0.0201923$ & $0.00851495$ & $0.0124409$ & $0.0195115$ & $0.010766$ & $-0.00477989$ & $-0.0228032$ & $-0.00857764$ & $0.0184469$ & $-0.00816711$ \\
CHe_22 & $-0.00588943$ & $-0.0447966$ & $0.010601$ & $-0.0152816$ & $-0.018036$ & $-0.181709$ & $-0.0711045$ & $0.886942$ & $0.870095$ & $-0.38003$ & $-0.991482$ & $-0.0263133$ & $0.143267$ & $0.465046$ & $0.316766$ & $0.317702$ & $0.180226$ & $-0.0401759$ & $-0.0449451$ & $0.973591$ & $1$ & $0.975244$ & $0.0388636$ & $-0.353886$ & $-0.0124862$ & $-0.565151$ & $0.396587$ & $0.339029$ & $-0.00115176$ & $0.0847672$ & $0.0328769$ & $-0.0612202$ & $0.0872913$ & $0.472006$ & $0.00422465$ & $-0.0125468$ & $0.0145925$ & $0.00110971$ & $-0.0058125$ & $-0.0189268$ & $0.0105538$ & $0.0132243$ & $0.0223086$ & $0.00715955$ & $-0.000169048$ & $-0.0193587$ & $-0.0119$ & $0.0133556$ & $-0.00745858$ \\
CHe_33 & $-0.00423585$ & $-0.0405251$ & $0.00396063$ & $-0.0142025$ & $-0.0165505$ & $-0.179142$ & $-0.070116$ & $0.870403$ & $0.853911$ & $-0.380343$ & $-0.970223$ & $-0.0247658$ & $0.144952$ & $0.449278$ & $0.30884$ & $0.334799$ & $0.171464$ & $-0.0413571$ & $-0.0435569$ & $0.953281$ & $0.975244$ & $1$ & $0.0412762$ & $-0.349522$ & $-0.0154533$ & $-0.554505$ & $0.390078$ & $0.330886$ & $0.000299458$ & $0.0864597$ & $0.0356286$ & $-0.0601825$ & $0.0878305$ & $0.467288$ & $0.0110262$ & $-0.013718$ & $0.00751986$ & $0.0049005$ & $-0.00657859$ & $-0.0140784$ & $0.0108256$ & $0.0118747$ & $0.0214577$ & $0.00947242$ & $-0.00302043$ & $-0.0140554$ & $-0.0102397$ & $0.0122369$ & $-0.00655126$ \\
CHQ1_11 & $-0.0313116$ & $-0.0165674$ & $0.0076263$ & $0.0092467$ & $-0.023524$ & $-0.0159205$ & $-0.00512483$ & $0.0730554$ & $0.07105$ & $-0.0578133$ & $-0.010666$ & $-0.00544205$ & $0.0110845$ & $-0.0897411$ & $-0.173665$ & $-0.173009$ & $-0.0811069$ & $-0.00787599$ & $-0.0064383$ & $-0.0124885$ & $0.0388636$ & $0.0412762$ & $1$ & $-0.145729$ & $0.0697048$ & $-0.67304$ & $0.353522$ & $0.020125$ & $-0.00489834$ & $-0.00252125$ & $-0.0059318$ & $0.000715618$ & $-0.000565326$ & $0.205502$ & $-0.00671561$ & $0.00714618$ & $0.0112537$ & $0.0183195$ & $0.0102752$ & $-0.000488323$ & $-0.00483527$ & $0.00984633$ & $0.00106988$ & $0.010334$ & $0.0276987$ & $0.0223331$ & $-0.0114599$ & $-0.00402287$ & $-0.00157968$ \\
CHQ1_33 & $-0.0603556$ & $0.0348616$ & $-0.0140132$ & $0.00802967$ & $0.0115916$ & $0.0173497$ & $0.0464729$ & $-0.682832$ & $-0.671374$ & $0.492409$ & $0.301095$ & $-0.0433094$ & $-0.134963$ & $0.496892$ & $0.102582$ & $0.105441$ & $0.699513$ & $0.644223$ & $0.642426$ & $-0.250495$ & $-0.353886$ & $-0.349522$ & $-0.145729$ & $1$ & $0.667814$ & $0.204503$ & $-0.429517$ & $-0.0144134$ & $-0.0177353$ & $-0.0241191$ & $-0.00808389$ & $0.0381322$ & $-0.0175659$ & $-0.633498$ & $-0.00685059$ & $-0.0107125$ & $0.00430835$ & $0.00624476$ & $0.000933093$ & $0.00868905$ & $-0.0154462$ & $-0.0184641$ & $-0.0146553$ & $-0.00474994$ & $-0.00438557$ & $-0.00275181$ & $0.0269469$ & $-0.00205377$ & $0.00730679$ \\
CHQ3_11 & $-0.114763$ & $0.00942548$ & $-0.0119781$ & $-0.0089465$ & $-0.016358$ & $-0.0761888$ & $0.0129837$ & $-0.410559$ & $-0.404148$ & $0.396294$ & $0.00650618$ & $-0.0767046$ & $-0.0872511$ & $0.634809$ & $-0.131018$ & $-0.119097$ & $0.800535$ & $0.812859$ & $0.809966$ & $-0.00207547$ & $-0.0124862$ & $-0.0154533$ & $0.0697048$ & $0.667814$ & $1$ & $0.00851587$ & $0.177665$ & $0.0186935$ & $-0.0173374$ & $-0.0157791$ & $-0.00381604$ & $0.00435894$ & $-0.00371551$ & $-0.210041$ & $0.0019533$ & $0.00363917$ & $0.00789319$ & $0.0219619$ & $-0.00634594$ & $0.00820979$ & $-0.0126717$ & $-0.0185944$ & $-0.0104644$ & $0.00910204$ & $0.00497211$ & $-0.00401988$ & $0.0131069$ & $0.00175959$ & $-0.000815297$ \\
CHu_11 & $-0.0167686$ & $0.028147$ & $-0.00839132$ & $0.0011272$ & $0.0296804$ & $0.103797$ & $0.034504$ & $-0.503876$ & $-0.493806$ & $0.228371$ & $0.562591$ & $0.0261665$ & $-0.0681297$ & $-0.26116$ & $-0.18823$ & $-0.183433$ & $-0.103081$ & $0.0268336$ & $0.0288328$ & $-0.554702$ & $-0.565151$ & $-0.554505$ & $-0.67304$ & $0.204503$ & $0.00851587$ & $1$ & $-0.193938$ & $-0.196398$ & $0.00308501$ & $-0.0482175$ & $-0.00676359$ & $0.0259898$ & $-0.0458352$ & $-0.264192$ & $-0.00642003$ & $0.016842$ & $-0.0277279$ & $-0.0131653$ & $0.00252794$ & $0.0114894$ & $-0.0076833$ & $-0.0190251$ & $-0.010094$ & $-0.00708835$ & $-0.0188626$ & $0.000355249$ & $0.0211649$ & $-0.0046669$ & $0.00539212$ \\
CHd_11 & $-0.0317265$ & $-0.0392528$ & $0.00314641$ & $-0.00846348$ & $-0.0210912$ & $-0.0968627$ & $-0.0508495$ & $0.44904$ & $0.43975$ & $-0.238265$ & $-0.319377$ & $-0.0102083$ & $0.0961586$ & $-0.0888792$ & $-0.383639$ & $-0.37584$ & $-0.161135$ & $-0.0198815$ & $-0.0169517$ & $0.245196$ & $0.396587$ & $0.390078$ & $0.353522$ & $-0.429517$ & $0.177665$ & $-0.193938$ & $1$ & $0.121316$ & $-0.000337626$ & $0.00782706$ & $0.0110768$ & $-0.0469641$ & $0.0196466$ & $0.688046$ & $-0.002476$ & $0.0223047$ & $0.00624236$ & $0.0253168$ & $-0.00836612$ & $0.010707$ & $0.000523997$ & $0.00474766$ & $0.00570399$ & $0.00691014$ & $0.0110472$ & $-0.0069607$ & $0.0109409$ & $0.00149737$ & $-0.00269279$ \\
CHd_33 & $-0.0161127$ & $0.0177796$ & $0.00546997$ & $-0.00282211$ & $0.00254339$ & $-0.0408924$ & $-0.0290145$ & $0.291112$ & $0.286808$ & $-0.110738$ & $-0.337662$ & $-0.00669354$ & $0.0475799$ & $0.183711$ & $0.0986032$ & $0.107843$ & $0.0758592$ & $0.0125923$ & $0.00460481$ & $0.331623$ & $0.339029$ & $0.330886$ & $0.020125$ & $-0.0144134$ & $0.0186935$ & $-0.196398$ & $0.121316$ & $1$ & $-0.0205128$ & $0.0392864$ & $0.00921191$ & $-0.0258211$ & $0.0334792$ & $0.159035$ & $0.00904214$ & $-0.0202355$ & $0.020418$ & $0.0160883$ & $-0.0200542$ & $-0.00875545$ & $-0.0174651$ & $-0.00456422$ & $0.00914785$ & $-0.00934052$ & $-0.00366929$ & $-0.0339893$ & $0.015313$ & $-0.0127163$ & $0.0112188$ \\
CeH_22r & $-0.0248231$ & $-0.026434$ & $-0.00315965$ & $-0.0194137$ & $0.0135192$ & $-0.00518614$ & $-0.0256026$ & $0.00993114$ & $0.0141566$ & $-0.00676562$ & $0.000887478$ & $0.0909749$ & $0.0828748$ & $-0.0245337$ & $0.0153112$ & $-0.00658234$ & $-0.0162578$ & $-0.0289423$ & $-0.0130654$ & $0.00108909$ & $-0.00115176$ & $0.000299458$ & $-0.00489834$ & $-0.0177353$ & $-0.0173374$ & $0.00308501$ & $-0.000337626$ & $-0.0205128$ & $1$ & $0.056965$ & $0.0194039$ & $-0.033059$ & $0.0521437$ & $-0.00494722$ & $-0.043726$ & $0.0105055$ & $-0.0179979$ & $-0.00875574$ & $-0.000481593$ & $0.00483087$ & $-0.00464886$ & $0.00828509$ & $-0.00364778$ & $0.014719$ & $-0.0103797$ & $0.0269231$ & $-0.0124282$ & $0.0395322$ & $-0.0229623$ \\
CeH_33r & $0.0172182$ & $-0.0102902$ & $-0.0408203$ & $-0.0129778$ & $-0.00313786$ & $-0.00749225$ & $-0.169181$ & $0.0766883$ & $0.0980842$ & $-0.172317$ & $-0.0882415$ & $0.436342$ & $0.360705$ & $0.0514003$ & $0.0434709$ & $0.0482867$ & $0.00850798$ & $-0.00904145$ & $-0.0122656$ & $0.0895282$ & $0.0847672$ & $0.0864597$ & $-0.00252125$ & $-0.0241191$ & $-0.0157791$ & $-0.0482175$ & $0.00782706$ & $0.0392864$ & $0.056965$ & $1$ & $0.353936$ & $-0.0261886$ & $0.666545$ & $0.0221955$ & $-0.0195314$ & $-0.020993$ & $-0.193223$ & $0.00195544$ & $-0.00751527$ & $0.00137697$ & $0.0330436$ & $0.00726278$ & $-0.00953952$ & $0.0345921$ & $0.0666457$ & $-0.0173604$ & $0.0083855$ & $0.00253097$ & $0.0311069$ \\
CuH_22r & $0.0293287$ & $0.00457019$ & $-0.0356444$ & $-0.0345459$ & $-0.00238726$ & $-0.00394108$ & $-0.11595$ & $0.0293516$ & $0.0411877$ & $-0.0886477$ & $-0.0345841$ & $0.175666$ & $0.200271$ & $0.0145167$ & $0.0196294$ & $0.0228265$ & $0.00815373$ & $-0.0044936$ & $-0.00703496$ & $0.0349297$ & $0.0328769$ & $0.0356286$ & $-0.0059318$ & $-0.00808389$ & $-0.00381604$ & $-0.00676359$ & $0.0110768$ & $0.00921191$ & $0.0194039$ & $0.353936$ & $1$ & $-0.0316852$ & $0.402486$ & $0.0102368$ & $0.0210532$ & $-0.0535352$ & $-0.134271$ & $-0.0161999$ & $-0.00440802$ & $-0.000787466$ & $-0.00198732$ & $0.0262409$ & $0.00430528$ & $0.0126837$ & $0.0132515$ & $0.0828271$ & $0.394858$ & $-0.0296929$ & $0.0893239$ \\
CuH_33r & $0.0164892$ & $0.0174613$ & $-0.0051443$ & $0.0202759$ & $0.0136165$ & $0.0251391$ & $0.946534$ & $-0.0615434$ & $-0.00890343$ & $0.0749427$ & $0.0579801$ & $-0.235475$ & $-0.391053$ & $-0.0131023$ & $-0.00327181$ & $-0.00325169$ & $0.000845097$ & $0.00976841$ & $0.00757663$ & $-0.0518825$ & $-0.0612202$ & $-0.0601825$ & $0.000715618$ & $0.0381322$ & $0.00435894$ & $0.0259898$ & $-0.0469641$ & $-0.0258211$ & $-0.033059$ & $-0.0261886$ & $-0.0316852$ & $1$ & $-0.0643272$ & $-0.0497389$ & $0.0311251$ & $0.0139579$ & $-0.0419591$ & $0.0200681$ & $0.0218613$ & $0.0223869$ & $-0.0418169$ & $0.00940881$ & $0.0208791$ & $0.0171389$ & $0.0128421$ & $-0.0246311$ & $-0.0027037$ & $0.00542778$ & $-0.0337512$ \\
CdH_33r & $0.0223094$ & $-0.0212665$ & $-0.0596491$ & $-0.0469614$ & $0.00858208$ & $-0.00579292$ & $-0.230281$ & $0.0751313$ & $0.0954527$ & $-0.181378$ & $-0.0901524$ & $0.479766$ & $0.410033$ & $0.0568265$ & $0.0311287$ & $0.0446772$ & $0.0174021$ & $0.00580267$ & $-0.0028645$ & $0.0906854$ & $0.0872913$ & $0.0878305$ & $-0.000565326$ & $-0.0175659$ & $-0.00371551$ & $-0.0458352$ & $0.0196466$ & $0.0334792$ & $0.0521437$ & $0.666545$ & $0.402486$ & $-0.0643272$ & $1$ & $0.0314483$ & $-0.000142038$ & $-0.0397444$ & $-0.268109$ & $0.00582795$ & $0.0141803$ & $-0.0112258$ & $0.0218571$ & $-0.0167886$ & $0.00306557$ & $-0.0221497$ & $0.0309843$ & $-0.0636462$ & $0.0893404$ & $0.104924$ & $0.502872$ \\
CLL_1221 & $-0.0146032$ & $-0.0106362$ & $0.0184928$ & $-0.0226231$ & $-0.0207509$ & $-0.134816$ & $-0.0566988$ & $0.583979$ & $0.568922$ & $-0.324179$ & $-0.389623$ & $-0.00580833$ & $0.111427$ & $-0.203235$ & $-0.58508$ & $-0.0948472$ & $-0.25558$ & $0.0129193$ & $-0.342464$ & $0.312462$ & $0.472006$ & $0.467288$ & $0.205502$ & $-0.633498$ & $-0.210041$ & $-0.264192$ & $0.688046$ & $0.159035$ & $-0.00494722$ & $0.0221955$ & $0.0102368$ & $-0.0497389$ & $0.0314483$ & $1$ & $0.0191406$ & $-0.00146723$ & $0.0022676$ & $0.00472923$ & $-0.00796114$ & $0.000682187$ & $0.017979$ & $0.00985744$ & $0.00661473$ & $-0.0139007$ & $0.00270186$ & $-0.00876075$ & $-0.000861375$ & $-0.00789651$ & $0.00977231$ \\
eHggint & $0.0311518$ & $-0.00273126$ & $0.00940247$ & $-0.0318743$ & $-0.00565106$ & $-0.0117818$ & $-0.0458808$ & $-0.00125834$ & $-0.016936$ & $0.0222955$ & $-0.0022047$ & $0.0801278$ & $0.0370227$ & $0.00592139$ & $-0.0220034$ & $-0.0103496$ & $0.0113519$ & $0.0206652$ & $0.0162909$ & $0.000723744$ & $0.00422465$ & $0.0110262$ & $-0.00671561$ & $-0.00685059$ & $0.0019533$ & $-0.00642003$ & $-0.002476$ & $0.00904214$ & $-0.043726$ & $-0.0195314$ & $0.0210532$ & $0.0311251$ & $-0.000142038$ & $0.0191406$ & $1$ & $-0.186241$ & $0.0191758$ & $-0.000880967$ & $0.0366777$ & $0.021722$ & $0.0459858$ & $-0.00448604$ & $0.0327228$ & $0.0379509$ & $0.0534429$ & $-0.00460712$ & $0.0649228$ & $-0.0468121$ & $0.0745022$ \\
eHggpar & $-0.0215918$ & $0.03614$ & $0.0234151$ & $0.0612112$ & $-0.00787771$ & $0.00988341$ & $-0.0153285$ & $-0.00666419$ & $-0.0145418$ & $0.00247852$ & $0.0159221$ & $0.0438468$ & $0.0303912$ & $-0.0225709$ & $-0.000766374$ & $-0.0205634$ & $-0.0135752$ & $-0.0174445$ & $-0.00247322$ & $-0.0158608$ & $-0.0125468$ & $-0.013718$ & $0.00714618$ & $-0.0107125$ & $0.00363917$ & $0.016842$ & $0.0223047$ & $-0.0202355$ & $0.0105055$ & $-0.020993$ & $-0.0535352$ & $0.0139579$ & $-0.0397444$ & $-0.00146723$ & $-0.186241$ & $1$ & $0.0568248$ & $0.017749$ & $0.10357$ & $-0.0399791$ & $0.010327$ & $0.0226619$ & $-0.0206318$ & $-0.0565299$ & $0.027784$ & $0.0369529$ & $-0.158334$ & $0.0131982$ & $-0.0565553$ \\
eHWWint & $0.00343977$ & $0.0490942$ & $0.104634$ & $0.00146221$ & $-0.0155175$ & $-0.0126972$ & $-0.00278148$ & $0.00696893$ & $-0.00794878$ & $0.00466063$ & $-0.0113555$ & $-0.0207237$ & $-0.0118357$ & $-0.0018348$ & $0.0165207$ & $-0.00790932$ & $0.0196816$ & $-0.00377416$ & $0.0121317$ & $0.011849$ & $0.0145925$ & $0.00751986$ & $0.0112537$ & $0.00430835$ & $0.00789319$ & $-0.0277279$ & $0.00624236$ & $0.020418$ & $-0.0179979$ & $-0.193223$ & $-0.134271$ & $-0.0419591$ & $-0.268109$ & $0.0022676$ & $0.0191758$ & $0.0568248$ & $1$ & $0.00946268$ & $-0.17076$ & $-0.013234$ & $-0.0195938$ & $0.00326715$ & $-0.0217899$ & $-0.11859$ & $0.0111365$ & $0.00783169$ & $-0.0780737$ & $0.0603038$ & $-0.147362$ \\
eHWWpar & $-0.00739167$ & $0.0158083$ & $0.0135652$ & $-0.0172805$ & $-0.0106539$ & $-0.022232$ & $0.018202$ & $-0.00227708$ & $-0.00363198$ & $-0.00642429$ & $-0.000314398$ & $0.00399984$ & $-0.00243934$ & $0.00225697$ & $-0.00320218$ & $-0.0184269$ & $0.0113819$ & $0.0053143$ & $0.0202461$ & $-0.00225191$ & $0.00110971$ & $0.0049005$ & $0.0183195$ & $0.00624476$ & $0.0219619$ & $-0.0131653$ & $0.0253168$ & $0.0160883$ & $-0.00875574$ & $0.00195544$ & $-0.0161999$ & $0.0200681$ & $0.00582795$ & $0.00472923$ & $-0.000880967$ & $0.017749$ & $0.00946268$ & $1$ & $-0.0156802$ & $0.0271111$ & $0.0218309$ & $0.0057756$ & $-0.0153795$ & $-0.0202729$ & $0.0266891$ & $-0.00245786$ & $-0.0109734$ & $-0.0314274$ & $0.0343246$ \\
eHZZint & $-0.00777142$ & $-0.105318$ & $-0.0772322$ & $0.0278508$ & $0.0206499$ & $-0.00143088$ & $-0.00150967$ & $-0.000993795$ & $-3.82321e-05$ & $0.010092$ & $0.00262564$ & $-0.00385229$ & $-0.00683743$ & $-0.0020059$ & $-0.00526408$ & $0.00836917$ & $-0.0075903$ & $0.000966313$ & $-0.0052178$ & $-0.00372889$ & $-0.0058125$ & $-0.00657859$ & $0.0102752$ & $0.000933093$ & $-0.00634594$ & $0.00252794$ & $-0.00836612$ & $-0.0200542$ & $-0.000481593$ & $-0.00751527$ & $-0.00440802$ & $0.0218613$ & $0.0141803$ & $-0.00796114$ & $0.0366777$ & $0.10357$ & $-0.17076$ & $-0.0156802$ & $1$ & $0.0220459$ & $0.0567563$ & $-0.014272$ & $0.0459198$ & $0.026806$ & $0.00648925$ & $0.0506707$ & $-0.0704524$ & $-0.0814351$ & $0.0479014$ \\
eHZZpar & $0.0114857$ & $-0.0129091$ & $0.0208668$ & $0.0123151$ & $-0.0112547$ & $-0.00795546$ & $0.0194598$ & $-0.014432$ & $-0.0199417$ & $-0.0173547$ & $0.0173075$ & $-0.0200962$ & $-0.0127153$ & $-0.00995082$ & $-0.015474$ & $0.000554979$ & $-0.00326701$ & $0.00430908$ & $-0.00451401$ & $-0.0201923$ & $-0.0189268$ & $-0.0140784$ & $-0.000488323$ & $0.00868905$ & $0.00820979$ & $0.0114894$ & $0.010707$ & $-0.00875545$ & $0.00483087$ & $0.00137697$ & $-0.000787466$ & $0.0223869$ & $-0.0112258$ & $0.000682187$ & $0.021722$ & $-0.0399791$ & $-0.013234$ & $0.0271111$ & $0.0220459$ & $1$ & $-0.0174726$ & $-0.00913458$ & $-0.0201773$ & $0.0339794$ & $0.0245004$ & $-0.0355146$ & $-0.0141081$ & $-0.0354032$ & $-0.010883$ \\
eHZgaint & $0.00258126$ & $0.0695186$ & $-0.0632789$ & $0.078235$ & $0.00572251$ & $-0.0174921$ & $-0.0541893$ & $0.0110103$ & $0.0151605$ & $-0.0476658$ & $-0.00846571$ & $0.0306085$ & $0.0389654$ & $-0.00349084$ & $-0.00512808$ & $0.00945085$ & $-0.00631354$ & $-0.00364396$ & $-0.0129491$ & $0.00851495$ & $0.0105538$ & $0.0108256$ & $-0.00483527$ & $-0.0154462$ & $-0.0126717$ & $-0.0076833$ & $0.000523997$ & $-0.0174651$ & $-0.00464886$ & $0.0330436$ & $-0.00198732$ & $-0.0418169$ & $0.0218571$ & $0.017979$ & $0.0459858$ & $0.010327$ & $-0.0195938$ & $0.0218309$ & $0.0567563$ & $-0.0174726$ & $1$ & $0.0220814$ & $0.0926141$ & $0.0412794$ & $0.0275495$ & $0.118595$ & $-0.0477353$ & $0.0423109$ & $-0.0425584$ \\
eHZgapar & $0.0112397$ & $0.0298464$ & $-0.0116518$ & $0.0112609$ & $-0.000593688$ & $-0.00080852$ & $0.0027278$ & $0.0190122$ & $0.0208919$ & $-0.0216806$ & $-0.0124482$ & $-0.00206123$ & $0.00170794$ & $-0.0167526$ & $0.0154723$ & $0.00277059$ & $-0.00699442$ & $-0.0232952$ & $-0.019566$ & $0.0124409$ & $0.0132243$ & $0.0118747$ & $0.00984633$ & $-0.0184641$ & $-0.0185944$ & $-0.0190251$ & $0.00474766$ & $-0.00456422$ & $0.00828509$ & $0.00726278$ & $0.0262409$ & $0.00940881$ & $-0.0167886$ & $0.00985744$ & $-0.00448604$ & $0.0226619$ & $0.00326715$ & $0.0057756$ & $-0.014272$ & $-0.00913458$ & $0.0220814$ & $1$ & $-0.00408681$ & $0.0131043$ & $0.000713091$ & $0.00550163$ & $-0.000512659$ & $0.00267985$ & $-0.0511979$ \\
eHgagaint & $0.0553962$ & $0.00937007$ & $-0.0263161$ & $0.0443455$ & $0.00228064$ & $0.00230839$ & $0.0203665$ & $0.0183534$ & $0.0896732$ & $-0.00729475$ & $-0.0213374$ & $-0.00448496$ & $0.0201326$ & $0.022132$ & $0.00290091$ & $-0.0186128$ & $-0.00321551$ & $-9.40375e-05$ & $0.015387$ & $0.0195115$ & $0.0223086$ & $0.0214577$ & $0.00106988$ & $-0.0146553$ & $-0.0104644$ & $-0.010094$ & $0.00570399$ & $0.00914785$ & $-0.00364778$ & $-0.00953952$ & $0.00430528$ & $0.0208791$ & $0.00306557$ & $0.00661473$ & $0.0327228$ & $-0.0206318$ & $-0.0217899$ & $-0.0153795$ & $0.0459198$ & $-0.0201773$ & $0.0926141$ & $-0.00408681$ & $1$ & $0.00773835$ & $-0.0210443$ & $0.0607595$ & $0.0142769$ & $-0.0141396$ & $-0.00464722$ \\
eHmumuint & $0.0563799$ & $-0.0697831$ & $0.00411956$ & $0.0441049$ & $-0.00919176$ & $-0.00262992$ & $0.0120871$ & $0.00583618$ & $0.00786017$ & $-0.00710315$ & $-0.0105994$ & $0.00381227$ & $-0.0119001$ & $0.00396979$ & $0.018419$ & $0.00170108$ & $0.00883895$ & $-0.00267463$ & $0.00969511$ & $0.010766$ & $0.00715955$ & $0.00947242$ & $0.010334$ & $-0.00474994$ & $0.00910204$ & $-0.00708835$ & $0.00691014$ & $-0.00934052$ & $0.014719$ & $0.0345921$ & $0.0126837$ & $0.0171389$ & $-0.0221497$ & $-0.0139007$ & $0.0379509$ & $-0.0565299$ & $-0.11859$ & $-0.0202729$ & $0.026806$ & $0.0339794$ & $0.0412794$ & $0.0131043$ & $0.00773835$ & $1$ & $-0.0459173$ & $0.0120504$ & $-0.0293576$ & $0.015183$ & $-0.103405$ \\
eHtautauint & $0.0147599$ & $0.0502597$ & $0.0183005$ & $-0.0441074$ & $-0.0112375$ & $-0.00110683$ & $-0.00271363$ & $-0.00412096$ & $-0.01269$ & $-0.0179632$ & $0.00316433$ & $0.00542541$ & $0.00843171$ & $-0.00324887$ & $-0.00210005$ & $-0.0228263$ & $0.00834037$ & $-0.00149382$ & $0.0184437$ & $-0.00477989$ & $-0.000169048$ & $-0.00302043$ & $0.0276987$ & $-0.00438557$ & $0.00497211$ & $-0.0188626$ & $0.0110472$ & $-0.00366929$ & $-0.0103797$ & $0.0666457$ & $0.0132515$ & $0.0128421$ & $0.0309843$ & $0.00270186$ & $0.0534429$ & $0.027784$ & $0.0111365$ & $0.0266891$ & $0.00648925$ & $0.0245004$ & $0.0275495$ & $0.000713091$ & $-0.0210443$ & $-0.0459173$ & $1$ & $0.00287853$ & $0.0735363$ & $-0.0184605$ & $0.0634062$ \\
eHccint & $0.024181$ & $0.0853726$ & $-0.0180841$ & $-0.0348952$ & $-0.0274724$ & $-0.0164962$ & $-0.0247877$ & $-0.0214452$ & $-0.0167739$ & $0.0306114$ & $0.0219631$ & $0.0204661$ & $0.0141347$ & $-0.0152503$ & $-0.00110264$ & $-0.0247161$ & $0.00467076$ & $-0.00498693$ & $0.0142735$ & $-0.0228032$ & $-0.0193587$ & $-0.0140554$ & $0.0223331$ & $-0.00275181$ & $-0.00401988$ & $0.000355249$ & $-0.0069607$ & $-0.0339893$ & $0.0269231$ & $-0.0173604$ & $0.0828271$ & $-0.0246311$ & $-0.0636462$ & $-0.00876075$ & $-0.00460712$ & $0.0369529$ & $0.00783169$ & $-0.00245786$ & $0.0506707$ & $-0.0355146$ & $0.118595$ & $0.00550163$ & $0.0607595$ & $0.0120504$ & $0.00287853$ & $1$ & $0.0284072$ & $0.0781418$ & $-0.141491$ \\
eHccpar & $0.0581628$ & $0.0646662$ & $-0.0378906$ & $-0.0530317$ & $-0.00436374$ & $0.000396617$ & $-0.00466816$ & $-0.0164071$ & $-0.014132$ & $0.00880369$ & $0.00986309$ & $0.000232356$ & $0.0126209$ & $-0.000127894$ & $-0.00634646$ & $0.0149671$ & $0.0097727$ & $0.014189$ & $-0.00251493$ & $-0.00857764$ & $-0.0119$ & $-0.0102397$ & $-0.0114599$ & $0.0269469$ & $0.0131069$ & $0.0211649$ & $0.0109409$ & $0.015313$ & $-0.0124282$ & $0.0083855$ & $0.394858$ & $-0.0027037$ & $0.0893404$ & $-0.000861375$ & $0.0649228$ & $-0.158334$ & $-0.0780737$ & $-0.0109734$ & $-0.0704524$ & $-0.0141081$ & $-0.0477353$ & $-0.000512659$ & $0.0142769$ & $-0.0293576$ & $0.0735363$ & $0.0284072$ & $1$ & $-0.029798$ & $0.179853$ \\
eHbbint & $0.0156471$ & $0.0593229$ & $-0.0541698$ & $-0.0350416$ & $0.00869846$ & $-0.0119076$ & $0.00789968$ & $0.00900689$ & $0.00854056$ & $-0.00536249$ & $-0.0137876$ & $0.0122742$ & $0.013078$ & $0.00731247$ & $0.0221813$ & $0.0142356$ & $0.00398298$ & $-0.00764485$ & $-0.00320399$ & $0.0184469$ & $0.0133556$ & $0.0122369$ & $-0.00402287$ & $-0.00205377$ & $0.00175959$ & $-0.0046669$ & $0.00149737$ & $-0.0127163$ & $0.0395322$ & $0.00253097$ & $-0.0296929$ & $0.00542778$ & $0.104924$ & $-0.00789651$ & $-0.0468121$ & $0.0131982$ & $0.0603038$ & $-0.0314274$ & $-0.0814351$ & $-0.0354032$ & $0.0423109$ & $0.00267985$ & $-0.0141396$ & $0.015183$ & $-0.0184605$ & $0.0781418$ & $-0.029798$ & $1$ & $-0.0749977$ \\
eHbbpar & $0.0252896$ & $-0.0306019$ & $-0.0403403$ & $-0.0775368$ & $0.00779864$ & $0.00409515$ & $-0.0526351$ & $-0.00709845$ & $-0.00754322$ & $-0.00517534$ & $0.00542916$ & $-0.000114153$ & $0.0117718$ & $0.00197812$ & $-0.021224$ & $0.00175517$ & $0.00207217$ & $0.0171655$ & $0.00376353$ & $-0.00816711$ & $-0.00745858$ & $-0.00655126$ & $-0.00157968$ & $0.00730679$ & $-0.000815297$ & $0.00539212$ & $-0.00269279$ & $0.0112188$ & $-0.0229623$ & $0.0311069$ & $0.0893239$ & $-0.0337512$ & $0.502872$ & $0.00977231$ & $0.0745022$ & $-0.0565553$ & $-0.147362$ & $0.0343246$ & $0.0479014$ & $-0.010883$ & $-0.0425584$ & $-0.0511979$ & $-0.00464722$ & $-0.103405$ & $0.0634062$ & $-0.141491$ & $0.179853$ & $-0.0749977$ & $1$ \\
