 & AlsMz & dAle5Mz & mtop & mHl & Mz & CW & CHG & CHWB & CHWHB_gaga & CHWHB_gagaorth & CHD & CHbox & CH & CHL1_11 & CHL1_22 & CHL1_33 & CHL3_11 & CHL3_22 & CHL3_33 & CHe_11 & CHe_22 & CHe_33 & CHQ1_11 & CHQ1_33 & CHQ3_11 & CHu_11 & CHd_11 & CHd_33 & CeH_22r & CeH_33r & CuH_22r & CuH_33r & CdH_33r & CLL_1221 & eHggint & eHggpar & eHWWint & eHWWpar & eHZZint & eHZZpar & eHZgaint & eHZgapar & eHgagaint & eHmumuint & eHtautauint & eHccint & eHccpar & eHbbint & eHbbpar \\
AlsMz & $1$ & $0.1415$ & $-0.0952172$ & $0.00249688$ & $-0.0230668$ & $0.0334137$ & $0.0807917$ & $0.0257366$ & $0.0246816$ & $-0.0308929$ & $-0.0301383$ & $0.00725005$ & $-0.0254531$ & $0.00506086$ & $0.018443$ & $0.0246561$ & $-0.0169089$ & $-0.0230717$ & $-0.0149501$ & $0.0242373$ & $0.0238108$ & $0.0364086$ & $0.0258074$ & $-0.0648671$ & $-0.108026$ & $-0.0658711$ & $-0.00856233$ & $0.00793478$ & $0.0452997$ & $-0.00685954$ & $-0.0390785$ & $0.0779003$ & $-0.0945421$ & $0.00890279$ & $0.00444486$ & $0.0478767$ & $0.0631577$ & $0.00891552$ & $0.0439915$ & $0.0343124$ & $-0.0677606$ & $0.0376796$ & $0.0216459$ & $-0.0558485$ & $-0.00202157$ & $0.0420052$ & $-0.0742653$ & $0.0275299$ & $-0.151053$ \\
dAle5Mz & $0.1415$ & $1$ & $0.000267644$ & $0.134865$ & $-0.0377179$ & $0.034726$ & $-0.0330565$ & $-0.0701946$ & $-0.0686161$ & $0.0354143$ & $0.0642375$ & $0.0225793$ & $0.0145414$ & $-0.0313805$ & $-0.0345094$ & $-0.0176751$ & $-0.0067836$ & $0.0112247$ & $0.000196714$ & $-0.0448021$ & $-0.0442856$ & $-0.0428304$ & $-0.0130888$ & $0.0214361$ & $-0.0126917$ & $0.0493775$ & $-0.000132681$ & $0.0313349$ & $0.0164588$ & $0.00821741$ & $-0.0721271$ & $-0.00561798$ & $0.128736$ & $0.0245439$ & $-0.0335667$ & $0.189095$ & $0.0486077$ & $0.0359208$ & $-0.0947916$ & $-0.0201982$ & $0.100853$ & $0.0585749$ & $0.0464058$ & $0.143567$ & $0.174407$ & $0.151927$ & $-0.109269$ & $0.0333532$ & $0.278904$ \\
mtop & $-0.0952172$ & $0.000267644$ & $1$ & $0.11373$ & $-0.0553131$ & $0.0486324$ & $-0.0421213$ & $-0.00973344$ & $-0.00140895$ & $-0.018061$ & $0.0150831$ & $-0.0287184$ & $0.0166372$ & $0.00300368$ & $-0.00630487$ & $0.0451325$ & $-0.00314413$ & $0.0122116$ & $-0.0325943$ & $-0.00389733$ & $-0.0128634$ & $-0.0172541$ & $0.015982$ & $0.0306411$ & $-0.0143685$ & $0.0058463$ & $-0.0366105$ & $0.0223499$ & $0.0123021$ & $-0.039737$ & $0.0544178$ & $-0.0430424$ & $0.0813604$ & $-0.00153451$ & $0.0603467$ & $0.00746166$ & $0.218998$ & $-0.0711314$ & $-0.198304$ & $-0.0622114$ & $0.0863366$ & $-0.0758136$ & $0.150772$ & $-0.0140033$ & $-0.0726351$ & $0.0839121$ & $0.0702291$ & $0.0661663$ & $0.265827$ \\
mHl & $0.00249688$ & $0.134865$ & $0.11373$ & $1$ & $-0.0367841$ & $0.0455128$ & $-0.0131168$ & $-0.0298279$ & $-0.0354423$ & $0.0119379$ & $0.0510439$ & $0.0503823$ & $-0.0202663$ & $-0.037072$ & $0.00692585$ & $-0.00416517$ & $-0.0563964$ & $-0.0399975$ & $-0.0391373$ & $-0.0431231$ & $-0.0518145$ & $-0.0632077$ & $0.0360434$ & $-0.000339618$ & $-0.0474149$ & $0.0265478$ & $-0.029756$ & $0.0412298$ & $-0.0312676$ & $-0.0228128$ & $0.0143921$ & $-0.000922584$ & $0.119809$ & $-0.0283169$ & $0.0259136$ & $0.199073$ & $0.117276$ & $0.0106395$ & $0.00208736$ & $-0.0132808$ & $0.0668975$ & $0.017575$ & $-0.0692959$ & $0.180389$ & $0.0707256$ & $0.0270415$ & $-0.0688321$ & $0.175682$ & $0.287413$ \\
Mz & $-0.0230668$ & $-0.0377179$ & $-0.0553131$ & $-0.0367841$ & $1$ & $0.025496$ & $0.00830333$ & $-0.00768921$ & $-0.0125859$ & $-0.00408204$ & $0.0254856$ & $-0.000119947$ & $0.00655111$ & $-0.018922$ & $0.006945$ & $-0.0288503$ & $-0.0193323$ & $-0.0240524$ & $0.00374962$ & $-0.0176593$ & $-0.0144265$ & $-0.0154811$ & $-0.0066806$ & $-0.0097484$ & $-0.0245031$ & $0.00782171$ & $-0.0187262$ & $-0.0104558$ & $-0.018638$ & $0.0107951$ & $-0.0059885$ & $0.0207473$ & $-0.00223561$ & $-0.0195934$ & $0.000622314$ & $-0.0232003$ & $-0.0127504$ & $0.0158904$ & $0.0492819$ & $0.00769605$ & $0.00724837$ & $0.00373073$ & $0.0120821$ & $-0.00584542$ & $0.00658576$ & $-0.0364691$ & $0.0319547$ & $-0.0169189$ & $-0.0356136$ \\
CW & $0.0334137$ & $0.034726$ & $0.0486324$ & $0.0455128$ & $0.025496$ & $1$ & $0.0113496$ & $-0.0961979$ & $-0.0895311$ & $-0.0080318$ & $0.173186$ & $0.028838$ & $0.0107506$ & $0.00402888$ & $-0.115883$ & $-0.0808191$ & $-0.281736$ & $-0.0524188$ & $-0.0843508$ & $-0.174677$ & $-0.170286$ & $-0.175501$ & $-0.0265639$ & $-0.0344174$ & $-0.11223$ & $0.118607$ & $-0.0485161$ & $-0.0663159$ & $0.0125512$ & $-0.0209397$ & $-0.00946122$ & $0.0152717$ & $-0.00166118$ & $-0.0658846$ & $0.0160046$ & $-0.0138744$ & $0.0315264$ & $-0.0472782$ & $-0.034537$ & $-0.0138619$ & $-0.00495279$ & $-0.0177932$ & $0.0579843$ & $0.0175731$ & $-0.0499465$ & $0.0212213$ & $-0.0278406$ & $0.0408046$ & $0.020148$ \\
CHG & $0.0807917$ & $-0.0330565$ & $-0.0421213$ & $-0.0131168$ & $0.00830333$ & $0.0113496$ & $1$ & $-0.110271$ & $-0.0583936$ & $0.0660832$ & $0.0665268$ & $0.146769$ & $-0.329425$ & $0.0646425$ & $-0.0556894$ & $-0.0424205$ & $0.0839489$ & $0.120427$ & $0.107132$ & $-0.0699882$ & $-0.0692348$ & $-0.0658479$ & $-0.032556$ & $0.100545$ & $0.0991391$ & $0.0566449$ & $-0.0277164$ & $-0.0497575$ & $-0.000483049$ & $-0.143179$ & $-0.07159$ & $0.926243$ & $-0.173788$ & $-0.0469486$ & $-0.0551985$ & $0.0155552$ & $0.00102248$ & $3.39279e-05$ & $-0.011676$ & $0.00101517$ & $0.00852894$ & $-0.0143191$ & $0.0464799$ & $-0.0372155$ & $-0.00196025$ & $-0.0505017$ & $-0.0196353$ & $-0.0290851$ & $-0.0360204$ \\
CHWB & $0.0257366$ & $-0.0701946$ & $-0.00973344$ & $-0.0298279$ & $-0.00768921$ & $-0.0961979$ & $-0.110271$ & $1$ & $0.983397$ & $-0.577579$ & $-0.873799$ & $-0.417575$ & $0.333485$ & $0.0712201$ & $0.292601$ & $0.24645$ & $-0.266959$ & $-0.464161$ & $-0.423699$ & $0.843381$ & $0.892404$ & $0.875672$ & $0.0668941$ & $-0.690123$ & $-0.416998$ & $-0.497841$ & $0.43877$ & $0.32631$ & $0.030985$ & $0.0569412$ & $0.0591821$ & $-0.112241$ & $0.0632725$ & $0.563025$ & $0.0169034$ & $-0.0448978$ & $0.033967$ & $-0.000540805$ & $0.000482528$ & $-0.00321872$ & $0.0359786$ & $0.0200244$ & $0.000419487$ & $-0.031635$ & $-0.0442406$ & $-0.0278498$ & $-0.0180296$ & $-0.0147122$ & $-0.039695$ \\
CHWHB_gaga & $0.0246816$ & $-0.0686161$ & $-0.00140895$ & $-0.0354423$ & $-0.0125859$ & $-0.0895311$ & $-0.0583936$ & $0.983397$ & $1$ & $-0.569174$ & $-0.855957$ & $-0.397693$ & $0.32335$ & $0.0653571$ & $0.284034$ & $0.240788$ & $-0.269524$ & $-0.460112$ & $-0.421936$ & $0.825606$ & $0.874588$ & $0.858659$ & $0.0629792$ & $-0.681366$ & $-0.414618$ & $-0.488157$ & $0.432351$ & $0.320691$ & $0.039666$ & $0.0771957$ & $0.0723611$ & $-0.0740782$ & $0.0766651$ & $0.556$ & $-0.019657$ & $-0.0522634$ & $0.0296286$ & $-0.00061359$ & $-0.00745667$ & $-0.00115613$ & $0.0193367$ & $0.0169777$ & $0.0684766$ & $-0.0362595$ & $-0.0404668$ & $-0.0357393$ & $-0.0205068$ & $-0.0368251$ & $-0.0466124$ \\
CHWHB_gagaorth & $-0.0308929$ & $0.0354143$ & $-0.018061$ & $0.0119379$ & $-0.00408204$ & $-0.0080318$ & $0.0660832$ & $-0.577579$ & $-0.569174$ & $1$ & $0.357158$ & $0.674412$ & $-0.255995$ & $0.240505$ & $-0.133567$ & $-0.0829186$ & $0.441686$ & $0.51464$ & $0.47338$ & $-0.340609$ & $-0.374856$ & $-0.369438$ & $-0.0329588$ & $0.572838$ & $0.493922$ & $0.192572$ & $-0.233933$ & $-0.158691$ & $-0.0145885$ & $-0.096624$ & $-0.0715468$ & $0.0918903$ & $-0.109084$ & $-0.344635$ & $0.0322661$ & $0.0457954$ & $-0.0609924$ & $0.0384483$ & $0.0407717$ & $-0.005686$ & $-0.0640467$ & $-0.0313433$ & $-0.0235351$ & $0.0573992$ & $0.0577538$ & $0.041042$ & $0.0468112$ & $-0.013776$ & $0.015823$ \\
CHD & $-0.0301383$ & $0.0642375$ & $0.0150831$ & $0.0510439$ & $0.0254856$ & $0.173186$ & $0.0665268$ & $-0.873799$ & $-0.855957$ & $0.357158$ & $1$ & $0.341041$ & $-0.148628$ & $-0.497367$ & $-0.428657$ & $-0.370016$ & $-0.198193$ & $0.0910734$ & $0.0417575$ & $-0.989919$ & $-0.990961$ & $-0.969156$ & $-0.0135207$ & $0.319216$ & $0.0245058$ & $0.566494$ & $-0.305112$ & $-0.353496$ & $-0.0235306$ & $-0.0124992$ & $-0.0381407$ & $0.0794832$ & $-0.0190021$ & $-0.353112$ & $-0.00811327$ & $0.044951$ & $-0.0221752$ & $-0.0145851$ & $-0.00321613$ & $0.0104182$ & $-0.0518453$ & $-0.0256964$ & $0.00428737$ & $0.00212008$ & $0.0301579$ & $0.0148804$ & $0.00437591$ & $0.027096$ & $0.0295343$ \\
CHbox & $0.00725005$ & $0.0225793$ & $-0.0287184$ & $0.0503823$ & $-0.000119947$ & $0.028838$ & $0.146769$ & $-0.417575$ & $-0.397693$ & $0.674412$ & $0.341041$ & $1$ & $-0.53211$ & $0.00521888$ & $-0.0869538$ & $-0.0464263$ & $0.148539$ & $0.215527$ & $0.181815$ & $-0.319951$ & $-0.356662$ & $-0.352674$ & $-0.0370751$ & $0.330239$ & $0.189493$ & $0.182797$ & $-0.218425$ & $-0.152519$ & $0.0122669$ & $0.0559856$ & $-0.0222619$ & $0.201768$ & $0.0543537$ & $-0.263998$ & $0.0492993$ & $0.0536442$ & $-0.071121$ & $0.0106647$ & $0.0305276$ & $-0.0156758$ & $-0.0512616$ & $-0.0226961$ & $-0.0463454$ & $0.0452659$ & $0.0715875$ & $-0.00376461$ & $0.0436933$ & $-0.0455931$ & $0.0351449$ \\
CH & $-0.0254531$ & $0.0145414$ & $0.0166372$ & $-0.0202663$ & $0.00655111$ & $0.0107506$ & $-0.329425$ & $0.333485$ & $0.32335$ & $-0.255995$ & $-0.148628$ & $-0.53211$ & $1$ & $-0.257244$ & $0.0533397$ & $0.0688884$ & $-0.368678$ & $-0.383031$ & $-0.390337$ & $0.14569$ & $0.161163$ & $0.162891$ & $0.0585945$ & $-0.389336$ & $-0.362204$ & $-0.0898147$ & $0.151978$ & $0.0704689$ & $0.0334242$ & $0.252942$ & $0.107087$ & $-0.267693$ & $0.307943$ & $0.219069$ & $0.0498863$ & $0.00380995$ & $0.0563136$ & $-0.00815903$ & $-0.0134566$ & $0.0208867$ & $0.0132289$ & $-0.0149852$ & $0.00104188$ & $-0.00581683$ & $-0.0228696$ & $0.0297902$ & $-0.0252596$ & $0.0472308$ & $-0.00774704$ \\
CHL1_11 & $0.00506086$ & $-0.0313805$ & $0.00300368$ & $-0.037072$ & $-0.018922$ & $0.00402888$ & $0.0646425$ & $0.0712201$ & $0.0653571$ & $0.240505$ & $-0.497367$ & $0.00521888$ & $-0.257244$ & $1$ & $0.283149$ & $0.23952$ & $0.65168$ & $0.592857$ & $0.62227$ & $0.516965$ & $0.45606$ & $0.437267$ & $-0.083774$ & $0.475705$ & $0.609224$ & $-0.273041$ & $-0.0992044$ & $0.131616$ & $-0.00614882$ & $-0.0731171$ & $-0.0206385$ & $0.0403137$ & $-0.0699144$ & $-0.247845$ & $-0.0154698$ & $-0.0217381$ & $-0.0131099$ & $0.0150487$ & $-0.00090981$ & $-0.0138798$ & $0.030761$ & $0.0243932$ & $0.0116786$ & $0.0365704$ & $-0.00676204$ & $0.0107241$ & $0.0227441$ & $-0.0292847$ & $-0.00331497$ \\
CHL1_22 & $0.018443$ & $-0.0345094$ & $-0.00630487$ & $0.00692585$ & $0.006945$ & $-0.115883$ & $-0.0556894$ & $0.292601$ & $0.284034$ & $-0.133567$ & $-0.428657$ & $-0.0869538$ & $0.0533397$ & $0.283149$ & $1$ & $0.428868$ & $0.178291$ & $-0.433691$ & $-0.00110886$ & $0.494671$ & $0.344899$ & $0.332919$ & $-0.165931$ & $0.106521$ & $-0.111092$ & $-0.194748$ & $-0.380903$ & $0.131813$ & $0.0235127$ & $0.00669925$ & $0.0160797$ & $-0.0566259$ & $0.0207705$ & $-0.594033$ & $0.0578096$ & $-0.0389433$ & $0.0440844$ & $0.00942297$ & $-0.0145313$ & $-0.0160549$ & $0.036375$ & $0.0223862$ & $-0.0129602$ & $0.028292$ & $0.0310223$ & $0.0541334$ & $0.00183533$ & $-0.0218124$ & $0.0448438$ \\
CHL1_33 & $0.0246561$ & $-0.0176751$ & $0.0451325$ & $-0.00416517$ & $-0.0288503$ & $-0.0808191$ & $-0.0424205$ & $0.24645$ & $0.240788$ & $-0.0829186$ & $-0.370016$ & $-0.0464263$ & $0.0688884$ & $0.23952$ & $0.428868$ & $1$ & $0.159304$ & $-0.0203574$ & $-0.414862$ & $0.438354$ & $0.286382$ & $0.307518$ & $-0.114489$ & $0.114911$ & $-0.11097$ & $-0.206288$ & $-0.389877$ & $0.114028$ & $0.00685315$ & $0.0265122$ & $0.0270615$ & $-0.0217814$ & $0.0300265$ & $-0.122122$ & $0.0648753$ & $0.0143581$ & $0.0187203$ & $0.00573458$ & $-0.0322071$ & $0.00324913$ & $0.0589021$ & $0.0241846$ & $-0.0189449$ & $0.046577$ & $0.0416766$ & $0.0156066$ & $0.00279736$ & $-0.0306443$ & $0.0151207$ \\
CHL3_11 & $-0.0169089$ & $-0.0067836$ & $-0.00314413$ & $-0.0563964$ & $-0.0193323$ & $-0.281736$ & $0.0839489$ & $-0.266959$ & $-0.269524$ & $0.441686$ & $-0.198193$ & $0.148539$ & $-0.368678$ & $0.65168$ & $0.178291$ & $0.159304$ & $1$ & $0.735709$ & $0.749871$ & $0.222179$ & $0.163486$ & $0.15625$ & $-0.074121$ & $0.689213$ & $0.784174$ & $-0.111663$ & $-0.173512$ & $0.0539135$ & $-0.0160418$ & $-0.0890005$ & $-0.0451677$ & $0.0576064$ & $-0.0938512$ & $-0.279024$ & $-0.0241557$ & $-0.002262$ & $-0.0249594$ & $0.0385239$ & $0.0132983$ & $-0.0159984$ & $0.0347115$ & $-0.00104716$ & $-0.0211367$ & $0.0500367$ & $0.0222687$ & $0.0116634$ & $0.0346631$ & $-0.023689$ & $0.0184968$ \\
CHL3_22 & $-0.0230717$ & $0.0112247$ & $0.0122116$ & $-0.0399975$ & $-0.0240524$ & $-0.0524188$ & $0.120427$ & $-0.464161$ & $-0.460112$ & $0.51464$ & $0.0910734$ & $0.215527$ & $-0.383031$ & $0.592857$ & $-0.433691$ & $-0.0203574$ & $0.735709$ & $1$ & $0.683099$ & $-0.0913793$ & $-0.0883984$ & $-0.0866929$ & $0.0095943$ & $0.640153$ & $0.800722$ & $0.021282$ & $-0.0269523$ & $-0.0516104$ & $-0.0320464$ & $-0.0877504$ & $-0.0479531$ & $0.102328$ & $-0.0981027$ & $-0.00200972$ & $-0.0498419$ & $0.0280758$ & $-0.0521664$ & $0.0190751$ & $0.0112441$ & $-0.00198105$ & $0.00559648$ & $-0.0052114$ & $-0.000755491$ & $0.0349416$ & $0.00524806$ & $-0.0166359$ & $0.0292264$ & $-0.0119277$ & $-0.0113697$ \\
CHL3_33 & $-0.0149501$ & $0.000196714$ & $-0.0325943$ & $-0.0391373$ & $0.00374962$ & $-0.0843508$ & $0.107132$ & $-0.423699$ & $-0.421936$ & $0.47338$ & $0.0417575$ & $0.181815$ & $-0.390337$ & $0.62227$ & $-0.00110886$ & $-0.414862$ & $0.749871$ & $0.683099$ & $1$ & $-0.0433354$ & $-0.0384293$ & $-0.0406969$ & $-0.0270925$ & $0.628341$ & $0.799064$ & $0.0269177$ & $-0.017489$ & $-0.0332891$ & $-0.020885$ & $-0.100862$ & $-0.0621164$ & $0.0735687$ & $-0.104596$ & $-0.356596$ & $-0.0539417$ & $-0.0195517$ & $-0.0322896$ & $0.0219129$ & $0.0267416$ & $-0.0213463$ & $-0.00809779$ & $-0.00506866$ & $0.00410791$ & $0.0213871$ & $-0.00169947$ & $0.010594$ & $0.0271128$ & $-0.00293495$ & $0.0108239$ \\
CHe_11 & $0.0242373$ & $-0.0448021$ & $-0.00389733$ & $-0.0431231$ & $-0.0176593$ & $-0.174677$ & $-0.0699882$ & $0.843381$ & $0.825606$ & $-0.340609$ & $-0.989919$ & $-0.319951$ & $0.14569$ & $0.516965$ & $0.494671$ & $0.438354$ & $0.222179$ & $-0.0913793$ & $-0.0433354$ & $1$ & $0.971651$ & $0.95041$ & $-0.00499718$ & $-0.264227$ & $-0.0160708$ & $-0.56064$ & $0.228715$ & $0.34842$ & $0.0239528$ & $0.0137627$ & $0.0388208$ & $-0.078575$ & $0.0263821$ & $0.272238$ & $0.0151574$ & $-0.0396946$ & $0.0240978$ & $0.0131844$ & $-0.00337159$ & $-0.0100659$ & $0.0554364$ & $0.0288382$ & $-0.00364514$ & $0.00932384$ & $-0.0174423$ & $-0.00660921$ & $-0.00684509$ & $-0.0286054$ & $-0.0135318$ \\
CHe_22 & $0.0238108$ & $-0.0442856$ & $-0.0128634$ & $-0.0518145$ & $-0.0144265$ & $-0.170286$ & $-0.0692348$ & $0.892404$ & $0.874588$ & $-0.374856$ & $-0.990961$ & $-0.356662$ & $0.161163$ & $0.45606$ & $0.344899$ & $0.286382$ & $0.163486$ & $-0.0883984$ & $-0.0384293$ & $0.971651$ & $1$ & $0.974249$ & $0.0370177$ & $-0.374031$ & $-0.0341976$ & $-0.565527$ & $0.384618$ & $0.356426$ & $0.024585$ & $0.0133833$ & $0.0370519$ & $-0.0828826$ & $0.0236664$ & $0.439772$ & $-0.000332924$ & $-0.0447296$ & $0.0209721$ & $0.0141163$ & $0.00478914$ & $-0.00991395$ & $0.0513179$ & $0.0244766$ & $0.000606466$ & $-0.00533014$ & $-0.0350705$ & $-0.018469$ & $-0.0079857$ & $-0.0216377$ & $-0.0268668$ \\
CHe_33 & $0.0364086$ & $-0.0428304$ & $-0.0172541$ & $-0.0632077$ & $-0.0154811$ & $-0.175501$ & $-0.0658479$ & $0.875672$ & $0.858659$ & $-0.369438$ & $-0.969156$ & $-0.352674$ & $0.162891$ & $0.437267$ & $0.332919$ & $0.307518$ & $0.15625$ & $-0.0866929$ & $-0.0406969$ & $0.95041$ & $0.974249$ & $1$ & $0.0460735$ & $-0.373053$ & $-0.0380212$ & $-0.559648$ & $0.377651$ & $0.35162$ & $0.0181512$ & $0.0196055$ & $0.0288512$ & $-0.0782357$ & $0.0190128$ & $0.440099$ & $-0.00518156$ & $-0.0449919$ & $0.0133004$ & $0.0147017$ & $0.00674114$ & $-0.0141724$ & $0.0459076$ & $0.0281603$ & $-0.00453508$ & $-0.0108431$ & $-0.0293208$ & $-0.013255$ & $-0.00932514$ & $-0.0225751$ & $-0.0339459$ \\
CHQ1_11 & $0.0258074$ & $-0.0130888$ & $0.015982$ & $0.0360434$ & $-0.0066806$ & $-0.0265639$ & $-0.032556$ & $0.0668941$ & $0.0629792$ & $-0.0329588$ & $-0.0135207$ & $-0.0370751$ & $0.0585945$ & $-0.083774$ & $-0.165931$ & $-0.114489$ & $-0.074121$ & $0.0095943$ & $-0.0270925$ & $-0.00499718$ & $0.0370177$ & $0.0460735$ & $1$ & $-0.122196$ & $0.0584163$ & $-0.667916$ & $0.315825$ & $0.0148558$ & $-0.00806589$ & $-0.00930634$ & $0.0426906$ & $-0.0201417$ & $0.0129035$ & $0.197477$ & $0.0394009$ & $0.00201645$ & $0.0265367$ & $0.00149044$ & $0.00654405$ & $0.0411336$ & $-0.0057736$ & $-0.0509859$ & $0.0363445$ & $-0.0483723$ & $-0.0370266$ & $-0.0334395$ & $0.00188242$ & $0.0222775$ & $-0.0275672$ \\
CHQ1_33 & $-0.0648671$ & $0.0214361$ & $0.0306411$ & $-0.000339618$ & $-0.0097484$ & $-0.0344174$ & $0.100545$ & $-0.690123$ & $-0.681366$ & $0.572838$ & $0.319216$ & $0.330239$ & $-0.389336$ & $0.475705$ & $0.106521$ & $0.114911$ & $0.689213$ & $0.640153$ & $0.628341$ & $-0.264227$ & $-0.374031$ & $-0.373053$ & $-0.122196$ & $1$ & $0.660888$ & $0.193114$ & $-0.423606$ & $-0.0665384$ & $-0.0358408$ & $-0.0781564$ & $-0.0451428$ & $0.09428$ & $-0.0749364$ & $-0.639684$ & $-0.00915511$ & $0.0169014$ & $-0.0242121$ & $0.0217926$ & $-0.00348353$ & $-0.00528507$ & $-0.013301$ & $-0.00789797$ & $0.0146196$ & $0.056977$ & $0.0553414$ & $0.0264167$ & $0.033617$ & $-0.0191322$ & $0.0404016$ \\
CHQ3_11 & $-0.108026$ & $-0.0126917$ & $-0.0143685$ & $-0.0474149$ & $-0.0245031$ & $-0.11223$ & $0.0991391$ & $-0.416998$ & $-0.414618$ & $0.493922$ & $0.0245058$ & $0.189493$ & $-0.362204$ & $0.609224$ & $-0.111092$ & $-0.11097$ & $0.784174$ & $0.800722$ & $0.799064$ & $-0.0160708$ & $-0.0341976$ & $-0.0380212$ & $0.0584163$ & $0.660888$ & $1$ & $0.0148904$ & $0.182344$ & $-0.0280058$ & $-0.029521$ & $-0.0911512$ & $-0.0397413$ & $0.07689$ & $-0.0902088$ & $-0.229838$ & $-0.0532217$ & $0.00351164$ & $-0.0617178$ & $0.0187597$ & $0.0369874$ & $-0.00853216$ & $-0.0081431$ & $-0.0224491$ & $-0.0124034$ & $0.0569405$ & $0.0133885$ & $-0.0388413$ & $0.0399827$ & $-0.0120027$ & $-0.00528032$ \\
CHu_11 & $-0.0658711$ & $0.0493775$ & $0.0058463$ & $0.0265478$ & $0.00782171$ & $0.118607$ & $0.0566449$ & $-0.497841$ & $-0.488157$ & $0.192572$ & $0.566494$ & $0.182797$ & $-0.0898147$ & $-0.273041$ & $-0.194748$ & $-0.206288$ & $-0.111663$ & $0.021282$ & $0.0269177$ & $-0.56064$ & $-0.565527$ & $-0.559648$ & $-0.667916$ & $0.193114$ & $0.0148904$ & $1$ & $-0.160921$ & $-0.201963$ & $0.00355552$ & $-0.00460419$ & $-0.0453936$ & $0.0590142$ & $-0.0159339$ & $-0.244472$ & $-0.0195256$ & $0.0125866$ & $-0.031256$ & $-0.0216154$ & $7.10095e-05$ & $-0.0317788$ & $-0.0389087$ & $0.00750387$ & $-0.0247123$ & $0.0359654$ & $0.0468425$ & $-0.00667534$ & $0.012445$ & $0.0143259$ & $0.0302086$ \\
CHd_11 & $-0.00856233$ & $-0.000132681$ & $-0.0366105$ & $-0.029756$ & $-0.0187262$ & $-0.0485161$ & $-0.0277164$ & $0.43877$ & $0.432351$ & $-0.233933$ & $-0.305112$ & $-0.218425$ & $0.151978$ & $-0.0992044$ & $-0.380903$ & $-0.389877$ & $-0.173512$ & $-0.0269523$ & $-0.017489$ & $0.228715$ & $0.384618$ & $0.377651$ & $0.315825$ & $-0.423606$ & $0.182344$ & $-0.160921$ & $1$ & $0.122814$ & $0.00377768$ & $0.0110609$ & $0.0258025$ & $-0.0343466$ & $0.0137983$ & $0.68099$ & $-0.0498497$ & $-0.0162439$ & $-0.0237273$ & $-0.00380806$ & $0.0527956$ & $0.00473999$ & $-0.035731$ & $-0.0294551$ & $0.0095635$ & $-0.0234548$ & $-0.0400421$ & $-0.098723$ & $-2.20926e-05$ & $0.0106737$ & $-0.0726838$ \\
CHd_33 & $0.00793478$ & $0.0313349$ & $0.0223499$ & $0.0412298$ & $-0.0104558$ & $-0.0663159$ & $-0.0497575$ & $0.32631$ & $0.320691$ & $-0.158691$ & $-0.353496$ & $-0.152519$ & $0.0704689$ & $0.131616$ & $0.131813$ & $0.114028$ & $0.0539135$ & $-0.0516104$ & $-0.0332891$ & $0.34842$ & $0.356426$ & $0.35162$ & $0.0148558$ & $-0.0665384$ & $-0.0280058$ & $-0.201963$ & $0.122814$ & $1$ & $-0.013386$ & $0.00476925$ & $0.0265043$ & $-0.0579602$ & $0.0146882$ & $0.167827$ & $0.0181354$ & $0.026159$ & $0.0480539$ & $0.0197886$ & $-0.0257582$ & $-0.0238702$ & $0.0241294$ & $0.0140281$ & $-0.000484398$ & $0.0400118$ & $0.0090821$ & $-0.0420744$ & $-0.0350292$ & $0.0340067$ & $0.0143618$ \\
CeH_22r & $0.0452997$ & $0.0164588$ & $0.0123021$ & $-0.0312676$ & $-0.018638$ & $0.0125512$ & $-0.000483049$ & $0.030985$ & $0.039666$ & $-0.0145885$ & $-0.0235306$ & $0.0122669$ & $0.0334242$ & $-0.00614882$ & $0.0235127$ & $0.00685315$ & $-0.0160418$ & $-0.0320464$ & $-0.020885$ & $0.0239528$ & $0.024585$ & $0.0181512$ & $-0.00806589$ & $-0.0358408$ & $-0.029521$ & $0.00355552$ & $0.00377768$ & $-0.013386$ & $1$ & $0.0483084$ & $-0.00078673$ & $-0.024512$ & $0.0534865$ & $0.00622851$ & $-0.0644423$ & $-0.0557727$ & $0.024927$ & $0.0359904$ & $0.0100675$ & $0.0333631$ & $-0.00520546$ & $-0.00499619$ & $-0.00348016$ & $-0.0183361$ & $0.01883$ & $-0.00807617$ & $0.00267559$ & $0.0058287$ & $0.0442511$ \\
CeH_33r & $-0.00685954$ & $0.00821741$ & $-0.039737$ & $-0.0228128$ & $0.0107951$ & $-0.0209397$ & $-0.143179$ & $0.0569412$ & $0.0771957$ & $-0.096624$ & $-0.0124992$ & $0.0559856$ & $0.252942$ & $-0.0731171$ & $0.00669925$ & $0.0265122$ & $-0.0890005$ & $-0.0877504$ & $-0.100862$ & $0.0137627$ & $0.0133833$ & $0.0196055$ & $-0.00930634$ & $-0.0781564$ & $-0.0911512$ & $-0.00460419$ & $0.0110609$ & $0.00476925$ & $0.0483084$ & $1$ & $0.321577$ & $0.0130205$ & $0.657295$ & $0.039214$ & $-0.0940411$ & $0.0223964$ & $-0.136978$ & $-0.0390721$ & $0.0129273$ & $0.036909$ & $-0.0162253$ & $-0.0418332$ & $-0.0176086$ & $0.041563$ & $0.107342$ & $-0.0317039$ & $0.0286518$ & $-0.0124425$ & $-0.0132135$ \\
CuH_22r & $-0.0390785$ & $-0.0721271$ & $0.0544178$ & $0.0143921$ & $-0.0059885$ & $-0.00946122$ & $-0.07159$ & $0.0591821$ & $0.0723611$ & $-0.0715468$ & $-0.0381407$ & $-0.0222619$ & $0.107087$ & $-0.0206385$ & $0.0160797$ & $0.0270615$ & $-0.0451677$ & $-0.0479531$ & $-0.0621164$ & $0.0388208$ & $0.0370519$ & $0.0288512$ & $0.0426906$ & $-0.0451428$ & $-0.0397413$ & $-0.0453936$ & $0.0258025$ & $0.0265043$ & $-0.00078673$ & $0.321577$ & $1$ & $0.0244664$ & $0.354849$ & $0.0281633$ & $-0.0373417$ & $0.0363512$ & $-0.0367992$ & $-0.047751$ & $0.0194498$ & $0.0257688$ & $-0.0312988$ & $-0.0515659$ & $0.012387$ & $0.0312475$ & $0.0574214$ & $0.0797055$ & $0.278495$ & $-0.038452$ & $-0.00727093$ \\
CuH_33r & $0.0779003$ & $-0.00561798$ & $-0.0430424$ & $-0.000922584$ & $0.0207473$ & $0.0152717$ & $0.926243$ & $-0.112241$ & $-0.0740782$ & $0.0918903$ & $0.0794832$ & $0.201768$ & $-0.267693$ & $0.0403137$ & $-0.0566259$ & $-0.0217814$ & $0.0576064$ & $0.102328$ & $0.0735687$ & $-0.078575$ & $-0.0828826$ & $-0.0782357$ & $-0.0201417$ & $0.09428$ & $0.07689$ & $0.0590142$ & $-0.0343466$ & $-0.0579602$ & $-0.024512$ & $0.0130205$ & $0.0244664$ & $1$ & $0.0228978$ & $-0.0475517$ & $0.0406736$ & $0.0496268$ & $-0.0202242$ & $-0.00635065$ & $0.00368311$ & $-0.0052602$ & $0.00882437$ & $-0.0215278$ & $0.0267178$ & $-0.015999$ & $-0.000584764$ & $-0.0292766$ & $-0.00590385$ & $-0.022142$ & $-0.0213771$ \\
CdH_33r & $-0.0945421$ & $0.128736$ & $0.0813604$ & $0.119809$ & $-0.00223561$ & $-0.00166118$ & $-0.173788$ & $0.0632725$ & $0.0766651$ & $-0.109084$ & $-0.0190021$ & $0.0543537$ & $0.307943$ & $-0.0699144$ & $0.0207705$ & $0.0300265$ & $-0.0938512$ & $-0.0981027$ & $-0.104596$ & $0.0263821$ & $0.0236664$ & $0.0190128$ & $0.0129035$ & $-0.0749364$ & $-0.0902088$ & $-0.0159339$ & $0.0137983$ & $0.0146882$ & $0.0534865$ & $0.657295$ & $0.354849$ & $0.0228978$ & $1$ & $0.036364$ & $-0.0424513$ & $0.0133538$ & $-0.0237161$ & $-0.0437511$ & $-0.0800701$ & $-0.0201107$ & $0.108407$ & $-0.0651608$ & $-0.0677662$ & $0.10709$ & $0.0191006$ & $0.00359232$ & $-0.00455207$ & $0.173307$ & $0.431477$ \\
CLL_1221 & $0.00890279$ & $0.0245439$ & $-0.00153451$ & $-0.0283169$ & $-0.0195934$ & $-0.0658846$ & $-0.0469486$ & $0.563025$ & $0.556$ & $-0.344635$ & $-0.353112$ & $-0.263998$ & $0.219069$ & $-0.247845$ & $-0.594033$ & $-0.122122$ & $-0.279024$ & $-0.00200972$ & $-0.356596$ & $0.272238$ & $0.439772$ & $0.440099$ & $0.197477$ & $-0.639684$ & $-0.229838$ & $-0.244472$ & $0.68099$ & $0.167827$ & $0.00622851$ & $0.039214$ & $0.0281633$ & $-0.0475517$ & $0.036364$ & $1$ & $-0.0343893$ & $0.0117082$ & $-0.00617439$ & $0.00114034$ & $0.00920647$ & $0.00788833$ & $0.0130623$ & $-0.00202068$ & $0.00192451$ & $-0.0396756$ & $-0.0471661$ & $-0.0632138$ & $-0.0180324$ & $0.00509102$ & $-0.0526537$ \\
eHggint & $0.00444486$ & $-0.0335667$ & $0.0603467$ & $0.0259136$ & $0.000622314$ & $0.0160046$ & $-0.0551985$ & $0.0169034$ & $-0.019657$ & $0.0322661$ & $-0.00811327$ & $0.0492993$ & $0.0498863$ & $-0.0154698$ & $0.0578096$ & $0.0648753$ & $-0.0241557$ & $-0.0498419$ & $-0.0539417$ & $0.0151574$ & $-0.000332924$ & $-0.00518156$ & $0.0394009$ & $-0.00915511$ & $-0.0532217$ & $-0.0195256$ & $-0.0498497$ & $0.0181354$ & $-0.0644423$ & $-0.0940411$ & $-0.0373417$ & $0.0406736$ & $-0.0424513$ & $-0.0343893$ & $1$ & $-0.119713$ & $0.149879$ & $-0.0102905$ & $-0.00398325$ & $-0.0502352$ & $0.0529528$ & $0.01162$ & $-0.096246$ & $-0.0118463$ & $-0.0972842$ & $0.0735329$ & $-0.00966898$ & $0.0888792$ & $0.0750426$ \\
eHggpar & $0.0478767$ & $0.189095$ & $0.00746166$ & $0.199073$ & $-0.0232003$ & $-0.0138744$ & $0.0155552$ & $-0.0448978$ & $-0.0522634$ & $0.0457954$ & $0.044951$ & $0.0536442$ & $0.00380995$ & $-0.0217381$ & $-0.0389433$ & $0.0143581$ & $-0.002262$ & $0.0280758$ & $-0.0195517$ & $-0.0396946$ & $-0.0447296$ & $-0.0449919$ & $0.00201645$ & $0.0169014$ & $0.00351164$ & $0.0125866$ & $-0.0162439$ & $0.026159$ & $-0.0557727$ & $0.0223964$ & $0.0363512$ & $0.0496268$ & $0.0133538$ & $0.0117082$ & $-0.119713$ & $1$ & $-0.0511284$ & $0.0594886$ & $0.0100853$ & $0.0115725$ & $0.0668717$ & $0.0428145$ & $-0.0935341$ & $0.0343004$ & $0.083715$ & $0.172877$ & $0.0519939$ & $-0.0552487$ & $-0.0133781$ \\
eHWWint & $0.0631577$ & $0.0486077$ & $0.218998$ & $0.117276$ & $-0.0127504$ & $0.0315264$ & $0.00102248$ & $0.033967$ & $0.0296286$ & $-0.0609924$ & $-0.0221752$ & $-0.071121$ & $0.0563136$ & $-0.0131099$ & $0.0440844$ & $0.0187203$ & $-0.0249594$ & $-0.0521664$ & $-0.0322896$ & $0.0240978$ & $0.0209721$ & $0.0133004$ & $0.0265367$ & $-0.0242121$ & $-0.0617178$ & $-0.031256$ & $-0.0237273$ & $0.0480539$ & $0.024927$ & $-0.136978$ & $-0.0367992$ & $-0.0202242$ & $-0.0237161$ & $-0.00617439$ & $0.149879$ & $-0.0511284$ & $1$ & $-0.0376583$ & $-0.210926$ & $-0.0350044$ & $0.138699$ & $-0.038513$ & $0.0334683$ & $-0.0795433$ & $-0.0850479$ & $0.0248991$ & $0.0936398$ & $0.0994132$ & $0.251221$ \\
eHWWpar & $0.00891552$ & $0.0359208$ & $-0.0711314$ & $0.0106395$ & $0.0158904$ & $-0.0472782$ & $3.39279e-05$ & $-0.000540805$ & $-0.00061359$ & $0.0384483$ & $-0.0145851$ & $0.0106647$ & $-0.00815903$ & $0.0150487$ & $0.00942297$ & $0.00573458$ & $0.0385239$ & $0.0190751$ & $0.0219129$ & $0.0131844$ & $0.0141163$ & $0.0147017$ & $0.00149044$ & $0.0217926$ & $0.0187597$ & $-0.0216154$ & $-0.00380806$ & $0.0197886$ & $0.0359904$ & $-0.0390721$ & $-0.047751$ & $-0.00635065$ & $-0.0437511$ & $0.00114034$ & $-0.0102905$ & $0.0594886$ & $-0.0376583$ & $1$ & $0.00842667$ & $-0.00903923$ & $-0.0366836$ & $0.062148$ & $0.00732045$ & $-0.0417436$ & $0.0321504$ & $0.0237672$ & $-0.00555128$ & $-0.0551555$ & $-0.0158255$ \\
eHZZint & $0.0439915$ & $-0.0947916$ & $-0.198304$ & $0.00208736$ & $0.0492819$ & $-0.034537$ & $-0.011676$ & $0.000482528$ & $-0.00745667$ & $0.0407717$ & $-0.00321613$ & $0.0305276$ & $-0.0134566$ & $-0.00090981$ & $-0.0145313$ & $-0.0322071$ & $0.0132983$ & $0.0112441$ & $0.0267416$ & $-0.00337159$ & $0.00478914$ & $0.00674114$ & $0.00654405$ & $-0.00348353$ & $0.0369874$ & $7.10095e-05$ & $0.0527956$ & $-0.0257582$ & $0.0100675$ & $0.0129273$ & $0.0194498$ & $0.00368311$ & $-0.0800701$ & $0.00920647$ & $-0.00398325$ & $0.0100853$ & $-0.210926$ & $0.00842667$ & $1$ & $0.0133984$ & $-0.163347$ & $0.0631425$ & $-0.0558734$ & $0.107966$ & $0.0265631$ & $0.0115169$ & $0.0080494$ & $-0.0714781$ & $-0.201486$ \\
eHZZpar & $0.0343124$ & $-0.0201982$ & $-0.0622114$ & $-0.0132808$ & $0.00769605$ & $-0.0138619$ & $0.00101517$ & $-0.00321872$ & $-0.00115613$ & $-0.005686$ & $0.0104182$ & $-0.0156758$ & $0.0208867$ & $-0.0138798$ & $-0.0160549$ & $0.00324913$ & $-0.0159984$ & $-0.00198105$ & $-0.0213463$ & $-0.0100659$ & $-0.00991395$ & $-0.0141724$ & $0.0411336$ & $-0.00528507$ & $-0.00853216$ & $-0.0317788$ & $0.00473999$ & $-0.0238702$ & $0.0333631$ & $0.036909$ & $0.0257688$ & $-0.0052602$ & $-0.0201107$ & $0.00788833$ & $-0.0502352$ & $0.0115725$ & $-0.0350044$ & $-0.00903923$ & $0.0133984$ & $1$ & $-0.00016761$ & $0.00693869$ & $-0.0126656$ & $-0.0337865$ & $0.0529126$ & $-0.0211838$ & $-0.00870569$ & $-0.0340146$ & $-0.0684122$ \\
eHZgaint & $-0.0677606$ & $0.100853$ & $0.0863366$ & $0.0668975$ & $0.00724837$ & $-0.00495279$ & $0.00852894$ & $0.0359786$ & $0.0193367$ & $-0.0640467$ & $-0.0518453$ & $-0.0512616$ & $0.0132289$ & $0.030761$ & $0.036375$ & $0.0589021$ & $0.0347115$ & $0.00559648$ & $-0.00809779$ & $0.0554364$ & $0.0513179$ & $0.0459076$ & $-0.0057736$ & $-0.013301$ & $-0.0081431$ & $-0.0389087$ & $-0.035731$ & $0.0241294$ & $-0.00520546$ & $-0.0162253$ & $-0.0312988$ & $0.00882437$ & $0.108407$ & $0.0130623$ & $0.0529528$ & $0.0668717$ & $0.138699$ & $-0.0366836$ & $-0.163347$ & $-0.00016761$ & $1$ & $-0.0167536$ & $-0.247107$ & $0.126448$ & $0.0246746$ & $-0.116009$ & $0.045885$ & $0.200303$ & $0.205273$ \\
eHZgapar & $0.0376796$ & $0.0585749$ & $-0.0758136$ & $0.017575$ & $0.00373073$ & $-0.0177932$ & $-0.0143191$ & $0.0200244$ & $0.0169777$ & $-0.0313433$ & $-0.0256964$ & $-0.0226961$ & $-0.0149852$ & $0.0243932$ & $0.0223862$ & $0.0241846$ & $-0.00104716$ & $-0.0052114$ & $-0.00506866$ & $0.0288382$ & $0.0244766$ & $0.0281603$ & $-0.0509859$ & $-0.00789797$ & $-0.0224491$ & $0.00750387$ & $-0.0294551$ & $0.0140281$ & $-0.00499619$ & $-0.0418332$ & $-0.0515659$ & $-0.0215278$ & $-0.0651608$ & $-0.00202068$ & $0.01162$ & $0.0428145$ & $-0.038513$ & $0.062148$ & $0.0631425$ & $0.00693869$ & $-0.0167536$ & $1$ & $-0.0049458$ & $0.0414896$ & $0.00951417$ & $0.0227984$ & $-0.00173808$ & $-0.0380749$ & $-0.047342$ \\
eHgagaint & $0.0216459$ & $0.0464058$ & $0.150772$ & $-0.0692959$ & $0.0120821$ & $0.0579843$ & $0.0464799$ & $0.000419487$ & $0.0684766$ & $-0.0235351$ & $0.00428737$ & $-0.0463454$ & $0.00104188$ & $0.0116786$ & $-0.0129602$ & $-0.0189449$ & $-0.0211367$ & $-0.000755491$ & $0.00410791$ & $-0.00364514$ & $0.000606466$ & $-0.00453508$ & $0.0363445$ & $0.0146196$ & $-0.0124034$ & $-0.0247123$ & $0.0095635$ & $-0.000484398$ & $-0.00348016$ & $-0.0176086$ & $0.012387$ & $0.0267178$ & $-0.0677662$ & $0.00192451$ & $-0.096246$ & $-0.0935341$ & $0.0334683$ & $0.00732045$ & $-0.0558734$ & $-0.0126656$ & $-0.247107$ & $-0.0049458$ & $1$ & $-0.108715$ & $0.00973947$ & $-0.00491286$ & $-0.0483135$ & $-0.212099$ & $-0.0646618$ \\
eHmumuint & $-0.0558485$ & $0.143567$ & $-0.0140033$ & $0.180389$ & $-0.00584542$ & $0.0175731$ & $-0.0372155$ & $-0.031635$ & $-0.0362595$ & $0.0573992$ & $0.00212008$ & $0.0452659$ & $-0.00581683$ & $0.0365704$ & $0.028292$ & $0.046577$ & $0.0500367$ & $0.0349416$ & $0.0213871$ & $0.00932384$ & $-0.00533014$ & $-0.0108431$ & $-0.0483723$ & $0.056977$ & $0.0569405$ & $0.0359654$ & $-0.0234548$ & $0.0400118$ & $-0.0183361$ & $0.041563$ & $0.0312475$ & $-0.015999$ & $0.10709$ & $-0.0396756$ & $-0.0118463$ & $0.0343004$ & $-0.0795433$ & $-0.0417436$ & $0.107966$ & $-0.0337865$ & $0.126448$ & $0.0414896$ & $-0.108715$ & $1$ & $0.0875867$ & $0.0782332$ & $0.0668657$ & $-0.0603305$ & $0.183499$ \\
eHtautauint & $-0.00202157$ & $0.174407$ & $-0.0726351$ & $0.0707256$ & $0.00658576$ & $-0.0499465$ & $-0.00196025$ & $-0.0442406$ & $-0.0404668$ & $0.0577538$ & $0.0301579$ & $0.0715875$ & $-0.0228696$ & $-0.00676204$ & $0.0310223$ & $0.0416766$ & $0.0222687$ & $0.00524806$ & $-0.00169947$ & $-0.0174423$ & $-0.0350705$ & $-0.0293208$ & $-0.0370266$ & $0.0553414$ & $0.0133885$ & $0.0468425$ & $-0.0400421$ & $0.0090821$ & $0.01883$ & $0.107342$ & $0.0574214$ & $-0.000584764$ & $0.0191006$ & $-0.0471661$ & $-0.0972842$ & $0.083715$ & $-0.0850479$ & $0.0321504$ & $0.0265631$ & $0.0529126$ & $0.0246746$ & $0.00951417$ & $0.00973947$ & $0.0875867$ & $1$ & $-0.00064601$ & $0.136399$ & $-0.0358163$ & $0.0181825$ \\
eHccint & $0.0420052$ & $0.151927$ & $0.0839121$ & $0.0270415$ & $-0.0364691$ & $0.0212213$ & $-0.0505017$ & $-0.0278498$ & $-0.0357393$ & $0.041042$ & $0.0148804$ & $-0.00376461$ & $0.0297902$ & $0.0107241$ & $0.0541334$ & $0.0156066$ & $0.0116634$ & $-0.0166359$ & $0.010594$ & $-0.00660921$ & $-0.018469$ & $-0.013255$ & $-0.0334395$ & $0.0264167$ & $-0.0388413$ & $-0.00667534$ & $-0.098723$ & $-0.0420744$ & $-0.00807617$ & $-0.0317039$ & $0.0797055$ & $-0.0292766$ & $0.00359232$ & $-0.0632138$ & $0.0735329$ & $0.172877$ & $0.0248991$ & $0.0237672$ & $0.0115169$ & $-0.0211838$ & $-0.116009$ & $0.0227984$ & $-0.00491286$ & $0.0782332$ & $-0.00064601$ & $1$ & $0.0676936$ & $0.00617781$ & $0.0585903$ \\
eHccpar & $-0.0742653$ & $-0.109269$ & $0.0702291$ & $-0.0688321$ & $0.0319547$ & $-0.0278406$ & $-0.0196353$ & $-0.0180296$ & $-0.0205068$ & $0.0468112$ & $0.00437591$ & $0.0436933$ & $-0.0252596$ & $0.0227441$ & $0.00183533$ & $0.00279736$ & $0.0346631$ & $0.0292264$ & $0.0271128$ & $-0.00684509$ & $-0.0079857$ & $-0.00932514$ & $0.00188242$ & $0.033617$ & $0.0399827$ & $0.012445$ & $-2.20926e-05$ & $-0.0350292$ & $0.00267559$ & $0.0286518$ & $0.278495$ & $-0.00590385$ & $-0.00455207$ & $-0.0180324$ & $-0.00966898$ & $0.0519939$ & $0.0936398$ & $-0.00555128$ & $0.0080494$ & $-0.00870569$ & $0.045885$ & $-0.00173808$ & $-0.0483135$ & $0.0668657$ & $0.136399$ & $0.0676936$ & $1$ & $-0.212906$ & $0.0451757$ \\
eHbbint & $0.0275299$ & $0.0333532$ & $0.0661663$ & $0.175682$ & $-0.0169189$ & $0.0408046$ & $-0.0290851$ & $-0.0147122$ & $-0.0368251$ & $-0.013776$ & $0.027096$ & $-0.0455931$ & $0.0472308$ & $-0.0292847$ & $-0.0218124$ & $-0.0306443$ & $-0.023689$ & $-0.0119277$ & $-0.00293495$ & $-0.0286054$ & $-0.0216377$ & $-0.0225751$ & $0.0222775$ & $-0.0191322$ & $-0.0120027$ & $0.0143259$ & $0.0106737$ & $0.0340067$ & $0.0058287$ & $-0.0124425$ & $-0.038452$ & $-0.022142$ & $0.173307$ & $0.00509102$ & $0.0888792$ & $-0.0552487$ & $0.0994132$ & $-0.0551555$ & $-0.0714781$ & $-0.0340146$ & $0.200303$ & $-0.0380749$ & $-0.212099$ & $-0.0603305$ & $-0.0358163$ & $0.00617781$ & $-0.212906$ & $1$ & $0.124344$ \\
eHbbpar & $-0.151053$ & $0.278904$ & $0.265827$ & $0.287413$ & $-0.0356136$ & $0.020148$ & $-0.0360204$ & $-0.039695$ & $-0.0466124$ & $0.015823$ & $0.0295343$ & $0.0351449$ & $-0.00774704$ & $-0.00331497$ & $0.0448438$ & $0.0151207$ & $0.0184968$ & $-0.0113697$ & $0.0108239$ & $-0.0135318$ & $-0.0268668$ & $-0.0339459$ & $-0.0275672$ & $0.0404016$ & $-0.00528032$ & $0.0302086$ & $-0.0726838$ & $0.0143618$ & $0.0442511$ & $-0.0132135$ & $-0.00727093$ & $-0.0213771$ & $0.431477$ & $-0.0526537$ & $0.0750426$ & $-0.0133781$ & $0.251221$ & $-0.0158255$ & $-0.201486$ & $-0.0684122$ & $0.205273$ & $-0.047342$ & $-0.0646618$ & $0.183499$ & $0.0181825$ & $0.0585903$ & $0.0451757$ & $0.124344$ & $1$ \\
