 & AlsMz & dAle5Mz & mtop & mHl & Mz & CW & CHG & CHWB & CHWHB_gaga & CHWHB_gagaorth & CHD & CHbox & CH & CHL1_11 & CHL1_22 & CHL1_33 & CHL3_11 & CHL3_22 & CHL3_33 & CHe_11 & CHe_22 & CHe_33 & CHQ1_11 & CHQ1_33 & CHQ3_11 & CHu_11 & CHd_11 & CHd_33 & CeH_22r & CeH_33r & CuH_22r & CuH_33r & CdH_33r & CLL_1221 & eHggint & eHggpar & eHWWint & eHWWpar & eHZZint & eHZZpar & eHZgaint & eHZgapar & eHgagaint & eHmumuint & eHtautauint & eHccint & eHccpar & eHbbint & eHbbpar \\
AlsMz & $1$ & $0.0373469$ & $-0.0305087$ & $-0.0560117$ & $0.0191806$ & $-0.00438953$ & $-0.00500243$ & $-0.00655017$ & $-0.00186756$ & $0.0112541$ & $0.00943579$ & $-0.0122461$ & $-0.0320592$ & $-0.0322032$ & $-0.0100864$ & $-0.0107574$ & $-0.0202781$ & $-0.0175224$ & $-0.0146668$ & $-0.0196257$ & $-0.0181869$ & $-0.016069$ & $0.0316914$ & $-0.0909598$ & $-0.136465$ & $-0.0544259$ & $-0.024935$ & $0.0134752$ & $0.0144629$ & $-0.00584404$ & $0.0188141$ & $-0.00157211$ & $0.0195671$ & $0.00620141$ & $-0.00483343$ & $0.0518962$ & $-0.00902281$ & $0.0141496$ & $0.0819088$ & $-0.000380075$ & $-0.034221$ & $-0.0129509$ & $0.0768628$ & $0.0536068$ & $0.0534403$ & $0.0605556$ & $0.0388351$ & $5.37599e-05$ & $0.0567218$ \\
dAle5Mz & $0.0373469$ & $1$ & $0.0214256$ & $-0.00762884$ & $-0.0149515$ & $0.0348598$ & $-0.0180497$ & $-0.0992282$ & $-0.0921644$ & $0.0274108$ & $0.089541$ & $0.0439085$ & $0.0166125$ & $-0.0480414$ & $-0.025505$ & $-0.0339024$ & $0.00376825$ & $0.00244719$ & $0.00828955$ & $-0.0624176$ & $-0.0598425$ & $-0.0585715$ & $-0.0213957$ & $0.0111764$ & $0.00137488$ & $0.040429$ & $-0.0171737$ & $-0.0209547$ & $0.0266568$ & $0.0115105$ & $-0.00338292$ & $-0.0077748$ & $0.0115635$ & $0.0132329$ & $-0.0272672$ & $0.0157829$ & $0.0174512$ & $-0.00484335$ & $0.0499472$ & $-0.0301776$ & $-0.0528342$ & $-0.0244417$ & $0.0469516$ & $-0.0362663$ & $0.0122986$ & $0.0338086$ & $-0.0179843$ & $0.0238567$ & $-0.0142172$ \\
mtop & $-0.0305087$ & $0.0214256$ & $1$ & $-0.00199648$ & $0.0034373$ & $0.0101849$ & $0.00442567$ & $0.000121327$ & $0.0105409$ & $-0.0155301$ & $0.00423607$ & $-0.010638$ & $-0.0069288$ & $0.00924173$ & $0.0363036$ & $0.0370215$ & $0.00243711$ & $-0.0120106$ & $-0.0126196$ & $0.0107332$ & $0.000575542$ & $0.0044251$ & $-0.00754142$ & $0.0222173$ & $0.00215979$ & $-0.000654982$ & $-0.0214185$ & $0.00726306$ & $-0.00273278$ & $0.0200682$ & $0.019616$ & $-0.000181016$ & $0.0165731$ & $-0.025374$ & $-0.0700334$ & $-0.0200764$ & $-0.00279306$ & $-0.0287123$ & $0.0696908$ & $0.0283337$ & $0.0076376$ & $-0.00734822$ & $0.0304239$ & $0.0204035$ & $-0.00609712$ & $0.0129256$ & $0.022453$ & $0.0409282$ & $-0.0108324$ \\
mHl & $-0.0560117$ & $-0.00762884$ & $-0.00199648$ & $1$ & $-0.0207789$ & $0.0124976$ & $0.0138582$ & $0.0177941$ & $0.0139416$ & $-0.0109455$ & $-0.00502165$ & $-0.012448$ & $-0.0150208$ & $-0.0039851$ & $-0.0010345$ & $-0.00119894$ & $-0.0279914$ & $-0.021308$ & $-0.0182172$ & $0.00440221$ & $0.00658119$ & $0.0134259$ & $0.0130725$ & $-0.0164898$ & $-0.0155487$ & $-0.00865409$ & $0.00949446$ & $0.00919905$ & $0.00837373$ & $0.000766177$ & $0.00183066$ & $0.00860204$ & $-0.0216314$ & $0.0102205$ & $-0.0308845$ & $-0.0344552$ & $0.0194597$ & $-0.0271436$ & $-0.0380153$ & $0.00777471$ & $0.0452521$ & $-0.0280147$ & $-0.0523921$ & $0.0334025$ & $0.0217978$ & $-0.0129035$ & $-0.0117887$ & $-0.0222495$ & $-0.0338642$ \\
Mz & $0.0191806$ & $-0.0149515$ & $0.0034373$ & $-0.0207789$ & $1$ & $0.018632$ & $-0.00552185$ & $0.0120428$ & $0.0143144$ & $-0.0256336$ & $0.00698483$ & $0.0110665$ & $0.00871473$ & $-0.019521$ & $0.00078616$ & $0.0205317$ & $-0.0192364$ & $-0.0190444$ & $-0.0338301$ & $0.00181609$ & $0.000906298$ & $0.0018274$ & $0.0224136$ & $-0.0105036$ & $-0.0301617$ & $-0.0270115$ & $-0.00583254$ & $0.00116616$ & $0.0292285$ & $0.00122702$ & $-0.00254006$ & $-0.00589745$ & $0.0121643$ & $0.00821427$ & $0.00960504$ & $-0.00417174$ & $-0.0106308$ & $-0.00943291$ & $0.00166436$ & $-0.0114948$ & $-0.00346936$ & $0.00927442$ & $0.0111572$ & $-0.0110926$ & $-0.00930695$ & $-0.0262583$ & $-0.00572904$ & $-0.0035397$ & $0.00930325$ \\
CW & $-0.00438953$ & $0.0348598$ & $0.0101849$ & $0.0124976$ & $0.018632$ & $1$ & $0.00578974$ & $-0.105303$ & $-0.104172$ & $0.0114447$ & $0.184845$ & $0.0059608$ & $-0.0100177$ & $-0.0183868$ & $-0.0846466$ & $-0.093576$ & $-0.274813$ & $-0.0824763$ & $-0.0784096$ & $-0.18492$ & $-0.184771$ & $-0.185351$ & $-0.00127887$ & $-0.025411$ & $-0.117219$ & $0.10299$ & $-0.0587212$ & $-0.0676796$ & $0.0037618$ & $-0.0297461$ & $0.000466311$ & $0.00602873$ & $-0.00574953$ & $-0.094782$ & $-0.00244751$ & $-0.00720831$ & $-0.0106746$ & $0.00019339$ & $-0.0123918$ & $-0.0151376$ & $0.0112126$ & $0.0139775$ & $-0.0167033$ & $-0.0258142$ & $-0.0147348$ & $0.000145412$ & $0.00288966$ & $0.00286413$ & $0.0281002$ \\
CHG & $-0.00500243$ & $-0.0180497$ & $0.00442567$ & $0.0138582$ & $-0.00552185$ & $0.00578974$ & $1$ & $-0.0839994$ & $-0.0287906$ & $0.0986236$ & $0.071734$ & $-0.304423$ & $-0.417332$ & $-0.0113303$ & $-0.0217067$ & $-0.0268991$ & $0.0314608$ & $0.035735$ & $0.0418485$ & $-0.0708553$ & $-0.0718698$ & $-0.0733214$ & $0.0149126$ & $0.0554823$ & $0.0366895$ & $0.0348158$ & $-0.0342561$ & $-0.0236414$ & $-0.0292022$ & $-0.19195$ & $-0.104958$ & $0.940188$ & $-0.209213$ & $-0.0485324$ & $-0.0218509$ & $-0.0180499$ & $-0.00110986$ & $0.0105122$ & $-0.0274129$ & $0.00699466$ & $-0.00930526$ & $-0.00995124$ & $-0.0210808$ & $0.00224374$ & $-0.00088891$ & $0.000309365$ & $0.0135757$ & $-0.0166788$ & $-0.00544983$ \\
CHWB & $-0.00655017$ & $-0.0992282$ & $0.000121327$ & $0.0177941$ & $0.0120428$ & $-0.105303$ & $-0.0839994$ & $1$ & $0.980881$ & $-0.548246$ & $-0.866621$ & $-0.00711613$ & $0.156806$ & $0.0698529$ & $0.263769$ & $0.294072$ & $-0.262628$ & $-0.42436$ & $-0.443242$ & $0.837715$ & $0.884551$ & $0.867461$ & $0.0615617$ & $-0.673387$ & $-0.397526$ & $-0.485374$ & $0.444908$ & $0.275229$ & $0.00236485$ & $0.088833$ & $0.0392285$ & $-0.0783815$ & $0.0832922$ & $0.579403$ & $0.0216772$ & $-0.0112512$ & $-0.00274475$ & $-0.0211256$ & $-0.00108466$ & $0.00726807$ & $-0.0148221$ & $0.00241484$ & $0.0125208$ & $0.00508778$ & $-0.00722895$ & $0.023972$ & $-0.027811$ & $-0.00835074$ & $0.0193093$ \\
CHWHB_gaga & $-0.00186756$ & $-0.0921644$ & $0.0105409$ & $0.0139416$ & $0.0143144$ & $-0.104172$ & $-0.0287906$ & $0.980881$ & $1$ & $-0.539968$ & $-0.847685$ & $0.00708579$ & $0.143139$ & $0.061216$ & $0.260777$ & $0.288137$ & $-0.260657$ & $-0.422023$ & $-0.438629$ & $0.82019$ & $0.86565$ & $0.849412$ & $0.0594008$ & $-0.663352$ & $-0.392507$ & $-0.474397$ & $0.43786$ & $0.271051$ & $0.0079152$ & $0.109563$ & $0.0482108$ & $-0.0303011$ & $0.10568$ & $0.567662$ & $0.00401402$ & $-0.0195951$ & $-0.0211978$ & $-0.0210335$ & $-0.0060744$ & $0.00761205$ & $-0.0227081$ & $-0.00196714$ & $0.0900703$ & $0.00611367$ & $-0.014007$ & $0.0203145$ & $-0.0224523$ & $-0.0104639$ & $0.0205753$ \\
CHWHB_gagaorth & $0.0112541$ & $0.0274108$ & $-0.0155301$ & $-0.0109455$ & $-0.0256336$ & $0.0114447$ & $0.0986236$ & $-0.548246$ & $-0.539968$ & $1$ & $0.3675$ & $0.15111$ & $-0.204913$ & $0.159075$ & $-0.106836$ & $-0.127979$ & $0.352717$ & $0.400322$ & $0.412952$ & $-0.354622$ & $-0.384012$ & $-0.375308$ & $-0.0497954$ & $0.490059$ & $0.39171$ & $0.210488$ & $-0.242206$ & $-0.115327$ & $-0.0161802$ & $-0.16835$ & $-0.0759267$ & $0.10939$ & $-0.180247$ & $-0.341656$ & $0.0287965$ & $0.0327095$ & $-0.00526051$ & $0.0104705$ & $-0.00360467$ & $-0.00228576$ & $-0.0607064$ & $-0.0123753$ & $-0.0133879$ & $-0.00651548$ & $-0.0184515$ & $-0.0257988$ & $0.0113675$ & $-0.010668$ & $-0.0272718$ \\
CHD & $0.00943579$ & $0.089541$ & $0.00423607$ & $-0.00502165$ & $0.00698483$ & $0.184845$ & $0.071734$ & $-0.866621$ & $-0.847685$ & $0.3675$ & $1$ & $0.0454549$ & $-0.125838$ & $-0.512814$ & $-0.393969$ & $-0.413861$ & $-0.221148$ & $0.0276478$ & $0.0450406$ & $-0.990194$ & $-0.991011$ & $-0.970229$ & $-0.00286792$ & $0.28728$ & $-0.0121039$ & $0.548281$ & $-0.309466$ & $-0.310974$ & $-0.00982357$ & $-0.0924883$ & $-0.0433515$ & $0.069795$ & $-0.0955035$ & $-0.374312$ & $-0.0166155$ & $0.00690372$ & $-0.00486006$ & $0.0228717$ & $-0.00664227$ & $-0.00272641$ & $0.0335073$ & $0.0131627$ & $-0.006348$ & $-0.00169318$ & $0.0167518$ & $-0.00970423$ & $0.0259472$ & $0.00901621$ & $-0.0248199$ \\
CHbox & $-0.0122461$ & $0.0439085$ & $-0.010638$ & $-0.012448$ & $0.0110665$ & $0.0059608$ & $-0.304423$ & $-0.00711613$ & $0.00708579$ & $0.15111$ & $0.0454549$ & $1$ & $0.72177$ & $-0.0952645$ & $0.0160686$ & $0.00628528$ & $-0.0703596$ & $-0.0795724$ & $-0.0732594$ & $-0.0354283$ & $-0.0455968$ & $-0.0436798$ & $-0.0120896$ & $-0.0343514$ & $-0.0769627$ & $0.0213559$ & $-0.0328333$ & $-0.0254333$ & $0.0849624$ & $0.437561$ & $0.168214$ & $-0.198955$ & $0.47637$ & $-0.0144719$ & $0.121499$ & $0.0161193$ & $-0.0561882$ & $0.013036$ & $0.0101441$ & $-0.00374968$ & $-0.00334719$ & $0.00633623$ & $0.0125922$ & $-0.00405207$ & $-0.0160366$ & $-0.0143445$ & $-0.010617$ & $0.0356808$ & $-0.00534397$ \\
CH & $-0.0320592$ & $0.0166125$ & $-0.0069288$ & $-0.0150208$ & $0.00871473$ & $-0.0100177$ & $-0.417332$ & $0.156806$ & $0.143139$ & $-0.204913$ & $-0.125838$ & $0.72177$ & $1$ & $-0.0101833$ & $0.0498146$ & $0.0447013$ & $-0.0609062$ & $-0.0901982$ & $-0.0888747$ & $0.125203$ & $0.129318$ & $0.124728$ & $-0.00719694$ & $-0.113442$ & $-0.0771565$ & $-0.0636217$ & $0.0635668$ & $0.0406326$ & $0.0790902$ & $0.347563$ & $0.174129$ & $-0.373927$ & $0.384624$ & $0.0853345$ & $0.0316801$ & $-0.00625199$ & $-0.012208$ & $-0.000673396$ & $0.0325659$ & $-0.0119053$ & $0.0210544$ & $0.012148$ & $0.0170545$ & $0.0202961$ & $-0.00811193$ & $-0.0134943$ & $-0.00751827$ & $0.0432623$ & $0.00166832$ \\
CHL1_11 & $-0.0322032$ & $-0.0480414$ & $0.00924173$ & $-0.0039851$ & $-0.019521$ & $-0.0183868$ & $-0.0113303$ & $0.0698529$ & $0.061216$ & $0.159075$ & $-0.512814$ & $-0.0952645$ & $-0.0101833$ & $1$ & $0.264401$ & $0.254174$ & $0.691436$ & $0.633349$ & $0.628713$ & $0.529757$ & $0.473169$ & $0.45704$ & $-0.0836524$ & $0.49393$ & $0.638701$ & $-0.262917$ & $-0.0913249$ & $0.151086$ & $0.0108621$ & $0.0340428$ & $0.0212122$ & $-0.0166599$ & $0.0547886$ & $-0.218528$ & $-0.00689233$ & $-0.00892817$ & $0.0101597$ & $-0.0147169$ & $0.00820553$ & $-0.0144206$ & $-0.0353874$ & $-0.0241224$ & $-0.0150886$ & $-0.00652563$ & $-0.0198453$ & $-0.0284656$ & $-0.00279306$ & $-0.00769849$ & $0.0334777$ \\
CHL1_22 & $-0.0100864$ & $-0.025505$ & $0.0363036$ & $-0.0010345$ & $0.00078616$ & $-0.0846466$ & $-0.0217067$ & $0.263769$ & $0.260777$ & $-0.106836$ & $-0.393969$ & $0.0160686$ & $0.0498146$ & $0.264401$ & $1$ & $0.439173$ & $0.167352$ & $-0.416412$ & $-0.012408$ & $0.461001$ & $0.30974$ & $0.302602$ & $-0.166815$ & $0.133396$ & $-0.104645$ & $-0.183846$ & $-0.397596$ & $0.119772$ & $0.00728856$ & $0.0244697$ & $0.0201956$ & $-0.0194415$ & $0.0260746$ & $-0.602868$ & $0.00512388$ & $-0.0266331$ & $0.0127605$ & $-0.0217154$ & $0.0171424$ & $-0.00656868$ & $-0.0115687$ & $-0.0170706$ & $-0.01189$ & $-0.0282684$ & $-0.011554$ & $0.0280362$ & $0.000350397$ & $-0.0172654$ & $-0.010765$ \\
CHL1_33 & $-0.0107574$ & $-0.0339024$ & $0.0370215$ & $-0.00119894$ & $0.0205317$ & $-0.093576$ & $-0.0268991$ & $0.294072$ & $0.288137$ & $-0.127979$ & $-0.413861$ & $0.00628528$ & $0.0447013$ & $0.254174$ & $0.439173$ & $1$ & $0.152899$ & $-0.023587$ & $-0.414172$ & $0.476695$ & $0.334206$ & $0.355355$ & $-0.172804$ & $0.0948935$ & $-0.124195$ & $-0.188408$ & $-0.376852$ & $0.102141$ & $0.0146855$ & $0.0212507$ & $0.02502$ & $-0.0278448$ & $0.0296819$ & $-0.0885688$ & $0.00431075$ & $-0.0241625$ & $0.0277599$ & $-0.0243295$ & $0.0155608$ & $-0.0132773$ & $-0.00916326$ & $0.0013579$ & $-0.0309739$ & $0.0109429$ & $-0.0216952$ & $0.00593322$ & $-0.0149292$ & $-0.0224675$ & $0.00729522$ \\
CHL3_11 & $-0.0202781$ & $0.00376825$ & $0.00243711$ & $-0.0279914$ & $-0.0192364$ & $-0.274813$ & $0.0314608$ & $-0.262628$ & $-0.260657$ & $0.352717$ & $-0.221148$ & $-0.0703596$ & $-0.0609062$ & $0.691436$ & $0.167352$ & $0.152899$ & $1$ & $0.762771$ & $0.763977$ & $0.243196$ & $0.187643$ & $0.183077$ & $-0.078734$ & $0.69798$ & $0.797556$ & $-0.110272$ & $-0.169223$ & $0.0645018$ & $0.0147868$ & $0.00965642$ & $0.00568831$ & $0.0236114$ & $0.0177152$ & $-0.267048$ & $-0.0114245$ & $0.0171283$ & $0.0132824$ & $-0.00058456$ & $0.0173057$ & $0.00302729$ & $-0.0331134$ & $-0.0273653$ & $-0.00541647$ & $0.00215143$ & $-0.0186731$ & $-0.0286241$ & $0.000266511$ & $0.00543591$ & $-0.00519823$ \\
CHL3_22 & $-0.0175224$ & $0.00244719$ & $-0.0120106$ & $-0.021308$ & $-0.0190444$ & $-0.0824763$ & $0.035735$ & $-0.42436$ & $-0.422023$ & $0.400322$ & $0.0276478$ & $-0.0795724$ & $-0.0901982$ & $0.633349$ & $-0.416412$ & $-0.023587$ & $0.762771$ & $1$ & $0.702568$ & $-0.0310292$ & $-0.0243631$ & $-0.0239366$ & $-0.00529154$ & $0.628432$ & $0.806478$ & $0.0141871$ & $-0.0135694$ & $-0.0179942$ & $0.00917834$ & $-0.00936525$ & $-0.00475189$ & $0.0271426$ & $0.00557786$ & $0.0154705$ & $-0.0154014$ & $0.0212854$ & $0.00561863$ & $0.00818668$ & $0.0020781$ & $-0.00328984$ & $-0.0220702$ & $-0.0155895$ & $-0.00889877$ & $0.0149967$ & $-0.0130932$ & $-0.0473354$ & $0.00135053$ & $0.00901176$ & $0.0186473$ \\
CHL3_33 & $-0.0146668$ & $0.00828955$ & $-0.0126196$ & $-0.0182172$ & $-0.0338301$ & $-0.0784096$ & $0.0418485$ & $-0.443242$ & $-0.438629$ & $0.412952$ & $0.0450406$ & $-0.0732594$ & $-0.0888747$ & $0.628713$ & $-0.012408$ & $-0.414172$ & $0.763977$ & $0.702568$ & $1$ & $-0.0463242$ & $-0.0431045$ & $-0.0430926$ & $0.00295096$ & $0.647682$ & $0.814542$ & $0.0175785$ & $-0.0203046$ & $-0.00131594$ & $0.00392799$ & $-0.00991273$ & $-0.0108174$ & $0.0345914$ & $-0.000835582$ & $-0.35543$ & $-0.0150401$ & $0.0193353$ & $-0.00256247$ & $0.0134496$ & $0.00479621$ & $0.00299491$ & $-0.0225793$ & $-0.0290476$ & $0.0105847$ & $-0.0119159$ & $-0.00599318$ & $-0.0317585$ & $0.0134523$ & $0.0137279$ & $0.00197598$ \\
CHe_11 & $-0.0196257$ & $-0.0624176$ & $0.0107332$ & $0.00440221$ & $0.00181609$ & $-0.18492$ & $-0.0708553$ & $0.837715$ & $0.82019$ & $-0.354622$ & $-0.990194$ & $-0.0354283$ & $0.125203$ & $0.529757$ & $0.461001$ & $0.476695$ & $0.243196$ & $-0.0310292$ & $-0.0463242$ & $1$ & $0.973002$ & $0.953404$ & $-0.0192156$ & $-0.234545$ & $0.0189896$ & $-0.540875$ & $0.23576$ & $0.305413$ & $0.0120851$ & $0.0912778$ & $0.0424317$ & $-0.068851$ & $0.0946363$ & $0.296646$ & $0.0149847$ & $-0.00917408$ & $0.006792$ & $-0.0250345$ & $0.00802411$ & $0.000295556$ & $-0.0327498$ & $-0.0170345$ & $0.00523548$ & $-0.00164996$ & $-0.017926$ & $0.0106437$ & $-0.026681$ & $-0.00947668$ & $0.0228841$ \\
CHe_22 & $-0.0181869$ & $-0.0598425$ & $0.000575542$ & $0.00658119$ & $0.000906298$ & $-0.184771$ & $-0.0718698$ & $0.884551$ & $0.86565$ & $-0.384012$ & $-0.991011$ & $-0.0455968$ & $0.129318$ & $0.473169$ & $0.30974$ & $0.334206$ & $0.187643$ & $-0.0243631$ & $-0.0431045$ & $0.973002$ & $1$ & $0.975463$ & $0.0289875$ & $-0.342143$ & $0.00482005$ & $-0.549557$ & $0.389152$ & $0.311035$ & $0.0103061$ & $0.0951106$ & $0.0411785$ & $-0.0696468$ & $0.0962923$ & $0.459996$ & $0.0159165$ & $-0.00479678$ & $0.00426006$ & $-0.0215254$ & $0.00540428$ & $0.00392927$ & $-0.0334748$ & $-0.0144839$ & $0.0134045$ & $0.00177246$ & $-0.0145853$ & $0.00818873$ & $-0.027764$ & $-0.00485545$ & $0.0236328$ \\
CHe_33 & $-0.016069$ & $-0.0585715$ & $0.0044251$ & $0.0134259$ & $0.0018274$ & $-0.185351$ & $-0.0733214$ & $0.867461$ & $0.849412$ & $-0.375308$ & $-0.970229$ & $-0.0436798$ & $0.124728$ & $0.45704$ & $0.302602$ & $0.355355$ & $0.183077$ & $-0.0239366$ & $-0.0430926$ & $0.953404$ & $0.975463$ & $1$ & $0.0305473$ & $-0.334731$ & $0.00292523$ & $-0.539572$ & $0.38073$ & $0.313136$ & $0.0125906$ & $0.091145$ & $0.0401195$ & $-0.0728654$ & $0.0960374$ & $0.455671$ & $0.00854338$ & $-0.00560208$ & $0.00387456$ & $-0.0196853$ & $0.00665618$ & $0.00402849$ & $-0.032015$ & $-0.0145749$ & $0.0146853$ & $0.00461023$ & $-0.0168025$ & $0.00539443$ & $-0.0320614$ & $-0.00415122$ & $0.0267182$ \\
CHQ1_11 & $0.0316914$ & $-0.0213957$ & $-0.00754142$ & $0.0130725$ & $0.0224136$ & $-0.00127887$ & $0.0149126$ & $0.0615617$ & $0.0594008$ & $-0.0497954$ & $-0.00286792$ & $-0.0120896$ & $-0.00719694$ & $-0.0836524$ & $-0.166815$ & $-0.172804$ & $-0.078734$ & $-0.00529154$ & $0.00295096$ & $-0.0192156$ & $0.0289875$ & $0.0305473$ & $1$ & $-0.132077$ & $0.0625764$ & $-0.680605$ & $0.332957$ & $0.00357153$ & $0.00487174$ & $-0.0137949$ & $0.000681017$ & $0.00874849$ & $-0.0109185$ & $0.184372$ & $0.0357276$ & $0.00646368$ & $0.0110409$ & $-0.0133855$ & $0.00263083$ & $0.0237037$ & $0.00975677$ & $0.00507062$ & $-0.00844896$ & $-0.0046745$ & $-0.00648073$ & $0.0362974$ & $0.00138177$ & $-0.00300685$ & $0.0207999$ \\
CHQ1_33 & $-0.0909598$ & $0.0111764$ & $0.0222173$ & $-0.0164898$ & $-0.0105036$ & $-0.025411$ & $0.0554823$ & $-0.673387$ & $-0.663352$ & $0.490059$ & $0.28728$ & $-0.0343514$ & $-0.113442$ & $0.49393$ & $0.133396$ & $0.0948935$ & $0.69798$ & $0.628432$ & $0.647682$ & $-0.234545$ & $-0.342143$ & $-0.334731$ & $-0.132077$ & $1$ & $0.659498$ & $0.181688$ & $-0.427344$ & $0.000267936$ & $0.000367144$ & $-0.0444971$ & $-0.0185921$ & $0.0494275$ & $-0.0334746$ & $-0.638449$ & $-0.0161229$ & $0.0102853$ & $0.0130262$ & $0.00286453$ & $0.000535663$ & $-0.00966959$ & $-0.00487468$ & $-0.0200952$ & $-0.0230041$ & $-0.0145509$ & $-0.0143916$ & $-0.0314925$ & $0.0133475$ & $0.0126071$ & $-0.0140081$ \\
CHQ3_11 & $-0.136465$ & $0.00137488$ & $0.00215979$ & $-0.0155487$ & $-0.0301617$ & $-0.117219$ & $0.0366895$ & $-0.397526$ & $-0.392507$ & $0.39171$ & $-0.0121039$ & $-0.0769627$ & $-0.0771565$ & $0.638701$ & $-0.104645$ & $-0.124195$ & $0.797556$ & $0.806478$ & $0.814542$ & $0.0189896$ & $0.00482005$ & $0.00292523$ & $0.0625764$ & $0.659498$ & $1$ & $-0.000457756$ & $0.182603$ & $0.00385403$ & $0.000685808$ & $-0.0217537$ & $-0.0141517$ & $0.0222729$ & $-0.0111165$ & $-0.216181$ & $-0.0122953$ & $0.00745242$ & $0.00183294$ & $-0.00482867$ & $0.00176417$ & $0.00200047$ & $-0.0170107$ & $-0.0255938$ & $-0.00924865$ & $0.00190028$ & $-0.0260603$ & $-0.0331131$ & $-0.0095874$ & $0.0020918$ & $-0.00613329$ \\
CHu_11 & $-0.0544259$ & $0.040429$ & $-0.000654982$ & $-0.00865409$ & $-0.0270115$ & $0.10299$ & $0.0348158$ & $-0.485374$ & $-0.474397$ & $0.210488$ & $0.548281$ & $0.0213559$ & $-0.0636217$ & $-0.262917$ & $-0.183846$ & $-0.188408$ & $-0.110272$ & $0.0141871$ & $0.0175785$ & $-0.540875$ & $-0.549557$ & $-0.539572$ & $-0.680605$ & $0.181688$ & $-0.000457756$ & $1$ & $-0.179861$ & $-0.176567$ & $-0.0202051$ & $-0.0489832$ & $-0.0298879$ & $0.0380218$ & $-0.0476436$ & $-0.2416$ & $-0.0324527$ & $-0.00243547$ & $-0.00848334$ & $0.0228765$ & $-0.00269031$ & $-0.00621809$ & $0.016121$ & $0.00392449$ & $0.00913346$ & $0.00706129$ & $0.0256005$ & $-0.0298112$ & $0.0145343$ & $0.0172716$ & $-0.0302063$ \\
CHd_11 & $-0.024935$ & $-0.0171737$ & $-0.0214185$ & $0.00949446$ & $-0.00583254$ & $-0.0587212$ & $-0.0342561$ & $0.444908$ & $0.43786$ & $-0.242206$ & $-0.309466$ & $-0.0328333$ & $0.0635668$ & $-0.0913249$ & $-0.397596$ & $-0.376852$ & $-0.169223$ & $-0.0135694$ & $-0.0203046$ & $0.23576$ & $0.389152$ & $0.38073$ & $0.332957$ & $-0.427344$ & $0.182603$ & $-0.179861$ & $1$ & $0.10559$ & $-0.0154974$ & $0.0246793$ & $-0.000412719$ & $-0.0386213$ & $0.0204259$ & $0.685561$ & $0.0138141$ & $0.0150205$ & $-0.0184631$ & $-0.00708458$ & $-0.00437205$ & $0.0225229$ & $-0.00258447$ & $-0.00106424$ & $0.0325606$ & $0.0177967$ & $-0.0046341$ & $0.0131397$ & $-0.0276214$ & $0.0127172$ & $0.00219555$ \\
CHd_33 & $0.0134752$ & $-0.0209547$ & $0.00726306$ & $0.00919905$ & $0.00116616$ & $-0.0676796$ & $-0.0236414$ & $0.275229$ & $0.271051$ & $-0.115327$ & $-0.310974$ & $-0.0254333$ & $0.0406326$ & $0.151086$ & $0.119772$ & $0.102141$ & $0.0645018$ & $-0.0179942$ & $-0.00131594$ & $0.305413$ & $0.311035$ & $0.313136$ & $0.00357153$ & $0.000267936$ & $0.00385403$ & $-0.176567$ & $0.10559$ & $1$ & $0.0010942$ & $0.00991061$ & $-0.00923502$ & $-0.0310563$ & $0.0143291$ & $0.12548$ & $-0.0260579$ & $-0.0109293$ & $0.015793$ & $-0.0211418$ & $0.00448549$ & $0.00466596$ & $-0.0135761$ & $-0.0269244$ & $0.0082933$ & $0.00949551$ & $-0.000255853$ & $0.0171279$ & $-0.0368958$ & $0.00682796$ & $0.00717345$ \\
CeH_22r & $0.0144629$ & $0.0266568$ & $-0.00273278$ & $0.00837373$ & $0.0292285$ & $0.0037618$ & $-0.0292022$ & $0.00236485$ & $0.0079152$ & $-0.0161802$ & $-0.00982357$ & $0.0849624$ & $0.0790902$ & $0.0108621$ & $0.00728856$ & $0.0146855$ & $0.0147868$ & $0.00917834$ & $0.00392799$ & $0.0120851$ & $0.0103061$ & $0.0125906$ & $0.00487174$ & $0.000367144$ & $0.000685808$ & $-0.0202051$ & $-0.0154974$ & $0.0010942$ & $1$ & $0.067278$ & $0.0320267$ & $-0.0390187$ & $0.0785928$ & $-0.000216796$ & $-0.0122787$ & $-0.0238271$ & $-0.0495451$ & $0.00678622$ & $-0.0104452$ & $-0.0190668$ & $-0.0230694$ & $-0.0102591$ & $-0.00519594$ & $-0.0133022$ & $0.0157192$ & $-0.0296476$ & $0.00591266$ & $-0.000904671$ & $0.011898$ \\
CeH_33r & $-0.00584404$ & $0.0115105$ & $0.0200682$ & $0.000766177$ & $0.00122702$ & $-0.0297461$ & $-0.19195$ & $0.088833$ & $0.109563$ & $-0.16835$ & $-0.0924883$ & $0.437561$ & $0.347563$ & $0.0340428$ & $0.0244697$ & $0.0212507$ & $0.00965642$ & $-0.00936525$ & $-0.00991273$ & $0.0912778$ & $0.0951106$ & $0.091145$ & $-0.0137949$ & $-0.0444971$ & $-0.0217537$ & $-0.0489832$ & $0.0246793$ & $0.00991061$ & $0.067278$ & $1$ & $0.34196$ & $-0.0412625$ & $0.670306$ & $0.0549822$ & $-0.0318268$ & $-0.0339924$ & $-0.207963$ & $-0.0239041$ & $-0.0238503$ & $-0.00766177$ & $-0.00454966$ & $0.000878107$ & $0.0077353$ & $-0.0204386$ & $0.078736$ & $0.0162115$ & $-0.00817824$ & $0.0253469$ & $0.0234155$ \\
CuH_22r & $0.0188141$ & $-0.00338292$ & $0.019616$ & $0.00183066$ & $-0.00254006$ & $0.000466311$ & $-0.104958$ & $0.0392285$ & $0.0482108$ & $-0.0759267$ & $-0.0433515$ & $0.168214$ & $0.174129$ & $0.0212122$ & $0.0201956$ & $0.02502$ & $0.00568831$ & $-0.00475189$ & $-0.0108174$ & $0.0424317$ & $0.0411785$ & $0.0401195$ & $0.000681017$ & $-0.0185921$ & $-0.0141517$ & $-0.0298879$ & $-0.000412719$ & $-0.00923502$ & $0.0320267$ & $0.34196$ & $1$ & $-0.0156588$ & $0.354626$ & $0.0163431$ & $0.00531964$ & $-0.0212217$ & $-0.10343$ & $0.00122101$ & $-0.0135336$ & $0.0204788$ & $-0.0364178$ & $0.0104064$ & $0.0212236$ & $-0.00551528$ & $0.0308232$ & $0.0756793$ & $0.389988$ & $-0.00237774$ & $-0.00512433$ \\
CuH_33r & $-0.00157211$ & $-0.0077748$ & $-0.000181016$ & $0.00860204$ & $-0.00589745$ & $0.00602873$ & $0.940188$ & $-0.0783815$ & $-0.0303011$ & $0.10939$ & $0.069795$ & $-0.198955$ & $-0.373927$ & $-0.0166599$ & $-0.0194415$ & $-0.0278448$ & $0.0236114$ & $0.0271426$ & $0.0345914$ & $-0.068851$ & $-0.0696468$ & $-0.0728654$ & $0.00874849$ & $0.0494275$ & $0.0222729$ & $0.0380218$ & $-0.0386213$ & $-0.0310563$ & $-0.0390187$ & $-0.0412625$ & $-0.0156588$ & $1$ & $-0.0374663$ & $-0.045545$ & $0.0732614$ & $0.0226012$ & $-0.0513082$ & $0.0115505$ & $-0.0136274$ & $0.0114707$ & $-0.0218527$ & $-0.00847349$ & $-0.0112962$ & $-0.00711705$ & $0.00842273$ & $0.00803616$ & $0.0120513$ & $-0.00179841$ & $0.00379077$ \\
CdH_33r & $0.0195671$ & $0.0115635$ & $0.0165731$ & $-0.0216314$ & $0.0121643$ & $-0.00574953$ & $-0.209213$ & $0.0832922$ & $0.10568$ & $-0.180247$ & $-0.0955035$ & $0.47637$ & $0.384624$ & $0.0547886$ & $0.0260746$ & $0.0296819$ & $0.0177152$ & $0.00557786$ & $-0.000835582$ & $0.0946363$ & $0.0962923$ & $0.0960374$ & $-0.0109185$ & $-0.0334746$ & $-0.0111165$ & $-0.0476436$ & $0.0204259$ & $0.0143291$ & $0.0785928$ & $0.670306$ & $0.354626$ & $-0.0374663$ & $1$ & $0.0460207$ & $-0.0279936$ & $-0.0297247$ & $-0.233324$ & $-0.0138279$ & $-0.0100126$ & $-0.00874103$ & $-0.0245957$ & $-0.000864171$ & $0.0315384$ & $-0.0297831$ & $-0.000500711$ & $-0.015061$ & $-0.0324491$ & $0.185394$ & $0.483418$ \\
CLL_1221 & $0.00620141$ & $0.0132329$ & $-0.025374$ & $0.0102205$ & $0.00821427$ & $-0.094782$ & $-0.0485324$ & $0.579403$ & $0.567662$ & $-0.341656$ & $-0.374312$ & $-0.0144719$ & $0.0853345$ & $-0.218528$ & $-0.602868$ & $-0.0885688$ & $-0.267048$ & $0.0154705$ & $-0.35543$ & $0.296646$ & $0.459996$ & $0.455671$ & $0.184372$ & $-0.638449$ & $-0.216181$ & $-0.2416$ & $0.685561$ & $0.12548$ & $-0.000216796$ & $0.0549822$ & $0.0163431$ & $-0.045545$ & $0.0460207$ & $1$ & $0.00950776$ & $0.0177903$ & $-0.0101247$ & $0.000336312$ & $-0.00667365$ & $0.0149434$ & $-0.00695708$ & $0.0144209$ & $0.0234055$ & $0.0303717$ & $0.00129729$ & $-0.000257407$ & $-0.0275114$ & $0.0115778$ & $0.0167118$ \\
eHggint & $-0.00483343$ & $-0.0272672$ & $-0.0700334$ & $-0.0308845$ & $0.00960504$ & $-0.00244751$ & $-0.0218509$ & $0.0216772$ & $0.00401402$ & $0.0287965$ & $-0.0166155$ & $0.121499$ & $0.0316801$ & $-0.00689233$ & $0.00512388$ & $0.00431075$ & $-0.0114245$ & $-0.0154014$ & $-0.0150401$ & $0.0149847$ & $0.0159165$ & $0.00854338$ & $0.0357276$ & $-0.0161229$ & $-0.0122953$ & $-0.0324527$ & $0.0138141$ & $-0.0260579$ & $-0.0122787$ & $-0.0318268$ & $0.00531964$ & $0.0732614$ & $-0.0279936$ & $0.00950776$ & $1$ & $-0.0532834$ & $-0.00126682$ & $0.0229667$ & $0.0484981$ & $0.0379964$ & $-0.0213391$ & $0.00705316$ & $0.0264744$ & $0.0106244$ & $-0.0173355$ & $-0.0128979$ & $0.00389118$ & $0.0215788$ & $0.00271193$ \\
eHggpar & $0.0518962$ & $0.0157829$ & $-0.0200764$ & $-0.0344552$ & $-0.00417174$ & $-0.00720831$ & $-0.0180499$ & $-0.0112512$ & $-0.0195951$ & $0.0327095$ & $0.00690372$ & $0.0161193$ & $-0.00625199$ & $-0.00892817$ & $-0.0266331$ & $-0.0241625$ & $0.0171283$ & $0.0212854$ & $0.0193353$ & $-0.00917408$ & $-0.00479678$ & $-0.00560208$ & $0.00646368$ & $0.0102853$ & $0.00745242$ & $-0.00243547$ & $0.0150205$ & $-0.0109293$ & $-0.0238271$ & $-0.0339924$ & $-0.0212217$ & $0.0226012$ & $-0.0297247$ & $0.0177903$ & $-0.0532834$ & $1$ & $0.0127782$ & $0.00616519$ & $0.0704204$ & $0.0511538$ & $-0.0850758$ & $-0.0010546$ & $0.0697579$ & $0.00946108$ & $0.0170949$ & $0.0230039$ & $-0.034395$ & $-0.00563106$ & $0.0204151$ \\
eHWWint & $-0.00902281$ & $0.0174512$ & $-0.00279306$ & $0.0194597$ & $-0.0106308$ & $-0.0106746$ & $-0.00110986$ & $-0.00274475$ & $-0.0211978$ & $-0.00526051$ & $-0.00486006$ & $-0.0561882$ & $-0.012208$ & $0.0101597$ & $0.0127605$ & $0.0277599$ & $0.0132824$ & $0.00561863$ & $-0.00256247$ & $0.006792$ & $0.00426006$ & $0.00387456$ & $0.0110409$ & $0.0130262$ & $0.00183294$ & $-0.00848334$ & $-0.0184631$ & $0.015793$ & $-0.0495451$ & $-0.207963$ & $-0.10343$ & $-0.0513082$ & $-0.233324$ & $-0.0101247$ & $-0.00126682$ & $0.0127782$ & $1$ & $0.0030419$ & $0.0459894$ & $0.03051$ & $0.0594902$ & $0.000789458$ & $-0.0143286$ & $0.00763889$ & $-0.00826399$ & $0.000472261$ & $0.00563123$ & $-0.0021919$ & $-0.00266473$ \\
eHWWpar & $0.0141496$ & $-0.00484335$ & $-0.0287123$ & $-0.0271436$ & $-0.00943291$ & $0.00019339$ & $0.0105122$ & $-0.0211256$ & $-0.0210335$ & $0.0104705$ & $0.0228717$ & $0.013036$ & $-0.000673396$ & $-0.0147169$ & $-0.0217154$ & $-0.0243295$ & $-0.00058456$ & $0.00818668$ & $0.0134496$ & $-0.0250345$ & $-0.0215254$ & $-0.0196853$ & $-0.0133855$ & $0.00286453$ & $-0.00482867$ & $0.0228765$ & $-0.00708458$ & $-0.0211418$ & $0.00678622$ & $-0.0239041$ & $0.00122101$ & $0.0115505$ & $-0.0138279$ & $0.000336312$ & $0.0229667$ & $0.00616519$ & $0.0030419$ & $1$ & $-0.0123704$ & $-0.00527682$ & $0.0109861$ & $0.00110495$ & $0.0200364$ & $-0.00303072$ & $-0.0133406$ & $-0.0202386$ & $-0.0022034$ & $0.00577546$ & $0.0191808$ \\
eHZZint & $0.0819088$ & $0.0499472$ & $0.0696908$ & $-0.0380153$ & $0.00166436$ & $-0.0123918$ & $-0.0274129$ & $-0.00108466$ & $-0.0060744$ & $-0.00360467$ & $-0.00664227$ & $0.0101441$ & $0.0325659$ & $0.00820553$ & $0.0171424$ & $0.0155608$ & $0.0173057$ & $0.0020781$ & $0.00479621$ & $0.00802411$ & $0.00540428$ & $0.00665618$ & $0.00263083$ & $0.000535663$ & $0.00176417$ & $-0.00269031$ & $-0.00437205$ & $0.00448549$ & $-0.0104452$ & $-0.0238503$ & $-0.0135336$ & $-0.0136274$ & $-0.0100126$ & $-0.00667365$ & $0.0484981$ & $0.0704204$ & $0.0459894$ & $-0.0123704$ & $1$ & $0.024349$ & $-0.0541572$ & $0.000978843$ & $0.0641797$ & $0.018692$ & $0.00697044$ & $0.0487663$ & $-0.0139159$ & $0.0416899$ & $0.0181989$ \\
eHZZpar & $-0.000380075$ & $-0.0301776$ & $0.0283337$ & $0.00777471$ & $-0.0114948$ & $-0.0151376$ & $0.00699466$ & $0.00726807$ & $0.00761205$ & $-0.00228576$ & $-0.00272641$ & $-0.00374968$ & $-0.0119053$ & $-0.0144206$ & $-0.00656868$ & $-0.0132773$ & $0.00302729$ & $-0.00328984$ & $0.00299491$ & $0.000295556$ & $0.00392927$ & $0.00402849$ & $0.0237037$ & $-0.00966959$ & $0.00200047$ & $-0.00621809$ & $0.0225229$ & $0.00466596$ & $-0.0190668$ & $-0.00766177$ & $0.0204788$ & $0.0114707$ & $-0.00874103$ & $0.0149434$ & $0.0379964$ & $0.0511538$ & $0.03051$ & $-0.00527682$ & $0.024349$ & $1$ & $-0.0338946$ & $0.00933254$ & $-0.000444959$ & $-0.0108341$ & $-0.00317427$ & $0.00209021$ & $0.0156454$ & $0.0184473$ & $-0.0178139$ \\
eHZgaint & $-0.034221$ & $-0.0528342$ & $0.0076376$ & $0.0452521$ & $-0.00346936$ & $0.0112126$ & $-0.00930526$ & $-0.0148221$ & $-0.0227081$ & $-0.0607064$ & $0.0335073$ & $-0.00334719$ & $0.0210544$ & $-0.0353874$ & $-0.0115687$ & $-0.00916326$ & $-0.0331134$ & $-0.0220702$ & $-0.0225793$ & $-0.0327498$ & $-0.0334748$ & $-0.032015$ & $0.00975677$ & $-0.00487468$ & $-0.0170107$ & $0.016121$ & $-0.00258447$ & $-0.0135761$ & $-0.0230694$ & $-0.00454966$ & $-0.0364178$ & $-0.0218527$ & $-0.0245957$ & $-0.00695708$ & $-0.0213391$ & $-0.0850758$ & $0.0594902$ & $0.0109861$ & $-0.0541572$ & $-0.0338946$ & $1$ & $-0.0225529$ & $-0.109993$ & $-0.0351452$ & $-0.00322771$ & $-0.00784814$ & $-0.0331855$ & $0.0107981$ & $-0.0440065$ \\
eHZgapar & $-0.0129509$ & $-0.0244417$ & $-0.00734822$ & $-0.0280147$ & $0.00927442$ & $0.0139775$ & $-0.00995124$ & $0.00241484$ & $-0.00196714$ & $-0.0123753$ & $0.0131627$ & $0.00633623$ & $0.012148$ & $-0.0241224$ & $-0.0170706$ & $0.0013579$ & $-0.0273653$ & $-0.0155895$ & $-0.0290476$ & $-0.0170345$ & $-0.0144839$ & $-0.0145749$ & $0.00507062$ & $-0.0200952$ & $-0.0255938$ & $0.00392449$ & $-0.00106424$ & $-0.0269244$ & $-0.0102591$ & $0.000878107$ & $0.0104064$ & $-0.00847349$ & $-0.000864171$ & $0.0144209$ & $0.00705316$ & $-0.0010546$ & $0.000789458$ & $0.00110495$ & $0.000978843$ & $0.00933254$ & $-0.0225529$ & $1$ & $-0.0265218$ & $-0.00487316$ & $-0.00579234$ & $-0.00622836$ & $0.0277875$ & $-0.012485$ & $-0.0274068$ \\
eHgagaint & $0.0768628$ & $0.0469516$ & $0.0304239$ & $-0.0523921$ & $0.0111572$ & $-0.0167033$ & $-0.0210808$ & $0.0125208$ & $0.0900703$ & $-0.0133879$ & $-0.006348$ & $0.0125922$ & $0.0170545$ & $-0.0150886$ & $-0.01189$ & $-0.0309739$ & $-0.00541647$ & $-0.00889877$ & $0.0105847$ & $0.00523548$ & $0.0134045$ & $0.0146853$ & $-0.00844896$ & $-0.0230041$ & $-0.00924865$ & $0.00913346$ & $0.0325606$ & $0.0082933$ & $-0.00519594$ & $0.0077353$ & $0.0212236$ & $-0.0112962$ & $0.0315384$ & $0.0234055$ & $0.0264744$ & $0.0697579$ & $-0.0143286$ & $0.0200364$ & $0.0641797$ & $-0.000444959$ & $-0.109993$ & $-0.0265218$ & $1$ & $0.00556815$ & $-0.054441$ & $-0.0160967$ & $0.0247949$ & $0.00383944$ & $0.0387202$ \\
eHmumuint & $0.0536068$ & $-0.0362663$ & $0.0204035$ & $0.0334025$ & $-0.0110926$ & $-0.0258142$ & $0.00224374$ & $0.00508778$ & $0.00611367$ & $-0.00651548$ & $-0.00169318$ & $-0.00405207$ & $0.0202961$ & $-0.00652563$ & $-0.0282684$ & $0.0109429$ & $0.00215143$ & $0.0149967$ & $-0.0119159$ & $-0.00164996$ & $0.00177246$ & $0.00461023$ & $-0.0046745$ & $-0.0145509$ & $0.00190028$ & $0.00706129$ & $0.0177967$ & $0.00949551$ & $-0.0133022$ & $-0.0204386$ & $-0.00551528$ & $-0.00711705$ & $-0.0297831$ & $0.0303717$ & $0.0106244$ & $0.00946108$ & $0.00763889$ & $-0.00303072$ & $0.018692$ & $-0.0108341$ & $-0.0351452$ & $-0.00487316$ & $0.00556815$ & $1$ & $0.0351371$ & $0.00417578$ & $-0.00408116$ & $-0.00891258$ & $-0.0216492$ \\
eHtautauint & $0.0534403$ & $0.0122986$ & $-0.00609712$ & $0.0217978$ & $-0.00930695$ & $-0.0147348$ & $-0.00088891$ & $-0.00722895$ & $-0.014007$ & $-0.0184515$ & $0.0167518$ & $-0.0160366$ & $-0.00811193$ & $-0.0198453$ & $-0.011554$ & $-0.0216952$ & $-0.0186731$ & $-0.0130932$ & $-0.00599318$ & $-0.017926$ & $-0.0145853$ & $-0.0168025$ & $-0.00648073$ & $-0.0143916$ & $-0.0260603$ & $0.0256005$ & $-0.0046341$ & $-0.000255853$ & $0.0157192$ & $0.078736$ & $0.0308232$ & $0.00842273$ & $-0.000500711$ & $0.00129729$ & $-0.0173355$ & $0.0170949$ & $-0.00826399$ & $-0.0133406$ & $0.00697044$ & $-0.00317427$ & $-0.00322771$ & $-0.00579234$ & $-0.054441$ & $0.0351371$ & $1$ & $0.0266921$ & $0.0533919$ & $0.0137208$ & $-0.0200727$ \\
eHccint & $0.0605556$ & $0.0338086$ & $0.0129256$ & $-0.0129035$ & $-0.0262583$ & $0.000145412$ & $0.000309365$ & $0.023972$ & $0.0203145$ & $-0.0257988$ & $-0.00970423$ & $-0.0143445$ & $-0.0134943$ & $-0.0284656$ & $0.0280362$ & $0.00593322$ & $-0.0286241$ & $-0.0473354$ & $-0.0317585$ & $0.0106437$ & $0.00818873$ & $0.00539443$ & $0.0362974$ & $-0.0314925$ & $-0.0331131$ & $-0.0298112$ & $0.0131397$ & $0.0171279$ & $-0.0296476$ & $0.0162115$ & $0.0756793$ & $0.00803616$ & $-0.015061$ & $-0.000257407$ & $-0.0128979$ & $0.0230039$ & $0.000472261$ & $-0.0202386$ & $0.0487663$ & $0.00209021$ & $-0.00784814$ & $-0.00622836$ & $-0.0160967$ & $0.00417578$ & $0.0266921$ & $1$ & $-0.0288062$ & $-0.0187172$ & $-0.0357441$ \\
eHccpar & $0.0388351$ & $-0.0179843$ & $0.022453$ & $-0.0117887$ & $-0.00572904$ & $0.00288966$ & $0.0135757$ & $-0.027811$ & $-0.0224523$ & $0.0113675$ & $0.0259472$ & $-0.010617$ & $-0.00751827$ & $-0.00279306$ & $0.000350397$ & $-0.0149292$ & $0.000266511$ & $0.00135053$ & $0.0134523$ & $-0.026681$ & $-0.027764$ & $-0.0320614$ & $0.00138177$ & $0.0133475$ & $-0.0095874$ & $0.0145343$ & $-0.0276214$ & $-0.0368958$ & $0.00591266$ & $-0.00817824$ & $0.389988$ & $0.0120513$ & $-0.0324491$ & $-0.0275114$ & $0.00389118$ & $-0.034395$ & $0.00563123$ & $-0.0022034$ & $-0.0139159$ & $0.0156454$ & $-0.0331855$ & $0.0277875$ & $0.0247949$ & $-0.00408116$ & $0.0533919$ & $-0.0288062$ & $1$ & $-0.0351729$ & $-0.0340465$ \\
eHbbint & $5.37599e-05$ & $0.0238567$ & $0.0409282$ & $-0.0222495$ & $-0.0035397$ & $0.00286413$ & $-0.0166788$ & $-0.00835074$ & $-0.0104639$ & $-0.010668$ & $0.00901621$ & $0.0356808$ & $0.0432623$ & $-0.00769849$ & $-0.0172654$ & $-0.0224675$ & $0.00543591$ & $0.00901176$ & $0.0137279$ & $-0.00947668$ & $-0.00485545$ & $-0.00415122$ & $-0.00300685$ & $0.0126071$ & $0.0020918$ & $0.0172716$ & $0.0127172$ & $0.00682796$ & $-0.000904671$ & $0.0253469$ & $-0.00237774$ & $-0.00179841$ & $0.185394$ & $0.0115778$ & $0.0215788$ & $-0.00563106$ & $-0.0021919$ & $0.00577546$ & $0.0416899$ & $0.0184473$ & $0.0107981$ & $-0.012485$ & $0.00383944$ & $-0.00891258$ & $0.0137208$ & $-0.0187172$ & $-0.0351729$ & $1$ & $-0.0141581$ \\
eHbbpar & $0.0567218$ & $-0.0142172$ & $-0.0108324$ & $-0.0338642$ & $0.00930325$ & $0.0281002$ & $-0.00544983$ & $0.0193093$ & $0.0205753$ & $-0.0272718$ & $-0.0248199$ & $-0.00534397$ & $0.00166832$ & $0.0334777$ & $-0.010765$ & $0.00729522$ & $-0.00519823$ & $0.0186473$ & $0.00197598$ & $0.0228841$ & $0.0236328$ & $0.0267182$ & $0.0207999$ & $-0.0140081$ & $-0.00613329$ & $-0.0302063$ & $0.00219555$ & $0.00717345$ & $0.011898$ & $0.0234155$ & $-0.00512433$ & $0.00379077$ & $0.483418$ & $0.0167118$ & $0.00271193$ & $0.0204151$ & $-0.00266473$ & $0.0191808$ & $0.0181989$ & $-0.0178139$ & $-0.0440065$ & $-0.0274068$ & $0.0387202$ & $-0.0216492$ & $-0.0200727$ & $-0.0357441$ & $-0.0340465$ & $-0.0141581$ & $1$ \\
