 & AlsMz & dAle5Mz & mtop & mHl & Mz & CW & CHG & CHWB & CHWHB_gaga & CHWHB_gagaorth & CHD & CHbox & CH & CHL1_11 & CHL1_22 & CHL1_33 & CHL3_11 & CHL3_22 & CHL3_33 & CHe_11 & CHe_22 & CHe_33 & CHQ1_11 & CHQ1_33 & CHQ3_11 & CHu_11 & CHd_11 & CHd_33 & CeH_22r & CeH_33r & CuH_22r & CuH_33r & CdH_33r & CLL_1221 & eHggint & eHggpar & eHWWint & eHWWpar & eHZZint & eHZZpar & eHZgaint & eHZgapar & eHgagaint & eHmumuint & eHtautauint & eHccint & eHccpar & eHbbint & eHbbpar \\
AlsMz & $1$ & $-0.0178087$ & $-0.0090317$ & $-0.0358546$ & $-0.0145463$ & $0.0336562$ & $-0.0306816$ & $0.0388238$ & $0.0355889$ & $-0.0336053$ & $-0.0399483$ & $-0.037272$ & $0.0376812$ & $-0.026681$ & $0.0558755$ & $0.0379796$ & $-0.00874868$ & $-0.0532902$ & $-0.0398029$ & $0.0337868$ & $0.028807$ & $0.0296653$ & $0.0265508$ & $-0.0736103$ & $-0.177037$ & $-0.0925053$ & $-0.0510875$ & $0.0261898$ & $0.0180413$ & $0.0439482$ & $0.000795951$ & $-0.0170935$ & $0.023108$ & $-0.00835546$ & $-0.0458073$ & $-0.00120964$ & $-0.083493$ & $0.0820957$ & $0.00538603$ & $-0.00202007$ & $0.0118992$ & $0.00674899$ & $0.0175533$ & $0.0471181$ & $-0.0527061$ & $0.0203452$ & $0.00430609$ & $-0.0839931$ & $0.0098472$ \\
dAle5Mz & $-0.0178087$ & $1$ & $0.100991$ & $-0.0639224$ & $-0.0439535$ & $0.0397951$ & $-0.00340699$ & $-0.0463449$ & $-0.0481503$ & $0.0135008$ & $0.0155707$ & $0.0220737$ & $-0.020129$ & $0.0233903$ & $0.0410444$ & $0.0359058$ & $0.029431$ & $0.00192816$ & $-0.00303277$ & $0.0139557$ & $0.00486657$ & $-0.00931138$ & $0.00556788$ & $0.0202228$ & $0.0187057$ & $-0.0204019$ & $-0.0348567$ & $0.02261$ & $0.0576712$ & $-0.0340733$ & $0.00303039$ & $-0.0120753$ & $-0.0356355$ & $-0.00893267$ & $0.0954699$ & $0.0183933$ & $0.041776$ & $-0.0694376$ & $-0.0180776$ & $-0.0329574$ & $-0.0452702$ & $0.0113386$ & $0.0178551$ & $-0.00913873$ & $0.00251628$ & $0.00196556$ & $-0.000328169$ & $-0.0339871$ & $0.0220536$ \\
mtop & $-0.0090317$ & $0.100991$ & $1$ & $-0.0353734$ & $-0.0390654$ & $0.0242158$ & $-0.061715$ & $-0.0076275$ & $-0.00740364$ & $-0.0297537$ & $0.0184849$ & $-0.0393327$ & $0.027705$ & $-0.00615709$ & $0.0125113$ & $-0.0215216$ & $-0.0139435$ & $-0.0203692$ & $0.0102176$ & $-0.00903914$ & $-0.0094125$ & $-0.0146344$ & $-0.0261368$ & $-0.0348083$ & $-0.0155778$ & $0.0417227$ & $-0.0199762$ & $-0.00655024$ & $-0.00519029$ & $-0.00797176$ & $0.0179497$ & $-0.0576314$ & $0.00219008$ & $-0.0128612$ & $-0.0165383$ & $0.0418021$ & $0.00991626$ & $-0.00786818$ & $0.0158039$ & $0.00207327$ & $0.00856979$ & $0.00307249$ & $0.0508037$ & $-0.0164084$ & $-0.0378599$ & $-0.0337713$ & $0.0157169$ & $-0.0567274$ & $-0.0192446$ \\
mHl & $-0.0358546$ & $-0.0639224$ & $-0.0353734$ & $1$ & $-0.000520705$ & $-0.0235584$ & $-0.052009$ & $-0.0258771$ & $-0.0341502$ & $0.0100004$ & $0.0257645$ & $0.0317992$ & $-0.0316335$ & $-0.028052$ & $6.50309e-05$ & $-0.0237912$ & $0.0195914$ & $0.00271352$ & $0.0129359$ & $-0.0235742$ & $-0.0245176$ & $-0.032901$ & $0.0212372$ & $0.0346757$ & $0.0471478$ & $-0.0148844$ & $0.0314964$ & $-0.0239997$ & $0.00981299$ & $0.0312521$ & $0.0242505$ & $-0.0505836$ & $0.0239719$ & $-0.0178722$ & $-0.0239664$ & $-0.0559747$ & $0.00363197$ & $0.0413797$ & $0.0139829$ & $0.021144$ & $0.0142703$ & $0.0347524$ & $-0.0243876$ & $0.0232749$ & $0.0221058$ & $-0.0171031$ & $-0.00802242$ & $0.00685865$ & $0.0388388$ \\
Mz & $-0.0145463$ & $-0.0439535$ & $-0.0390654$ & $-0.000520705$ & $1$ & $0.0100456$ & $-0.0162406$ & $0.00184961$ & $0.00960715$ & $-0.000852824$ & $-0.00418902$ & $-0.0198418$ & $0.020442$ & $0.0222593$ & $0.0182995$ & $0.0419147$ & $0.0203222$ & $0.0120379$ & $-0.000573959$ & $0.0138149$ & $0.00958419$ & $0.012738$ & $0.0180547$ & $-0.012245$ & $-0.000469407$ & $-0.020062$ & $-0.0341632$ & $-0.0492795$ & $-0.00924579$ & $0.0147626$ & $0.0519257$ & $-0.0148841$ & $0.0192901$ & $-0.0147172$ & $-0.0508625$ & $0.0159441$ & $-0.000811649$ & $0.0107755$ & $0.0790256$ & $-0.0126557$ & $0.00385589$ & $0.0253338$ & $0.0324614$ & $-0.0523433$ & $0.0245749$ & $-0.00381113$ & $0.0457341$ & $0.0103844$ & $-0.0257762$ \\
CW & $0.0336562$ & $0.0397951$ & $0.0242158$ & $-0.0235584$ & $0.0100456$ & $1$ & $0.00700549$ & $-0.163415$ & $-0.167137$ & $0.0697424$ & $0.202152$ & $0.0567542$ & $-0.00122352$ & $0.0144577$ & $-0.0776728$ & $-0.0202176$ & $-0.214965$ & $-0.0107694$ & $-0.0490986$ & $-0.191086$ & $-0.207846$ & $-0.206412$ & $0.0151712$ & $0.046775$ & $-0.0488484$ & $0.0751714$ & $-0.110844$ & $-0.074321$ & $-0.000820203$ & $-0.0140352$ & $0.0200302$ & $0.0293663$ & $0.00744675$ & $-0.143095$ & $0.0343623$ & $0.0240974$ & $-0.0161976$ & $-0.00722167$ & $-0.00118504$ & $0.0114945$ & $-0.0133189$ & $-0.0030611$ & $-0.0185433$ & $-0.0538426$ & $0.00424174$ & $0.00688988$ & $0.0609647$ & $0.00722498$ & $0.0054297$ \\
CHG & $-0.0306816$ & $-0.00340699$ & $-0.061715$ & $-0.052009$ & $-0.0162406$ & $0.00700549$ & $1$ & $-0.130766$ & $-0.0783664$ & $0.0985903$ & $0.0689272$ & $0.266817$ & $-0.317972$ & $0.0916562$ & $-0.0529424$ & $0.00364657$ & $0.108752$ & $0.158218$ & $0.120115$ & $-0.0674105$ & $-0.0756088$ & $-0.0598031$ & $-0.023709$ & $0.141615$ & $0.128493$ & $0.0417594$ & $-0.0686934$ & $-0.0283064$ & $0.00334168$ & $-0.112911$ & $-0.0978013$ & $0.930605$ & $-0.136682$ & $-0.0734885$ & $-0.0531443$ & $0.00848976$ & $-0.00462191$ & $-0.0268495$ & $-0.00237905$ & $0.00298312$ & $0.0122637$ & $0.00358771$ & $-0.00746847$ & $-0.0537839$ & $0.000792354$ & $0.00253706$ & $-0.0227497$ & $-0.0167547$ & $0.00302193$ \\
CHWB & $0.0388238$ & $-0.0463449$ & $-0.0076275$ & $-0.0258771$ & $0.00184961$ & $-0.163415$ & $-0.130766$ & $1$ & $0.982356$ & $-0.601412$ & $-0.884968$ & $-0.475531$ & $0.368567$ & $0.12131$ & $0.304934$ & $0.293047$ & $-0.242914$ & $-0.439506$ & $-0.426955$ & $0.855345$ & $0.901641$ & $0.886045$ & $0.0877662$ & $-0.686323$ & $-0.409158$ & $-0.535588$ & $0.433996$ & $0.341982$ & $0.0443308$ & $0.100924$ & $0.0157831$ & $-0.128507$ & $0.108644$ & $0.581613$ & $0.02656$ & $0.01055$ & $0.0136055$ & $-0.0294502$ & $0.0263993$ & $0.00683943$ & $0.0211031$ & $0.0242941$ & $-0.0768263$ & $0.0563063$ & $-0.057639$ & $-0.0116105$ & $0.00735096$ & $0.050669$ & $-0.00918156$ \\
CHWHB_gaga & $0.0355889$ & $-0.0481503$ & $-0.00740364$ & $-0.0341502$ & $0.00960715$ & $-0.167137$ & $-0.0783664$ & $0.982356$ & $1$ & $-0.592126$ & $-0.866695$ & $-0.452024$ & $0.358954$ & $0.111618$ & $0.302294$ & $0.289998$ & $-0.243725$ & $-0.438933$ & $-0.424621$ & $0.83794$ & $0.882946$ & $0.869104$ & $0.0778802$ & $-0.676768$ & $-0.409521$ & $-0.518215$ & $0.421778$ & $0.337801$ & $0.035022$ & $0.130168$ & $0.0272355$ & $-0.0843951$ & $0.138484$ & $0.568938$ & $0.0150229$ & $0.00615679$ & $-0.00716413$ & $-0.0309025$ & $0.0196735$ & $0.00421915$ & $0.0142819$ & $0.0278406$ & $-0.00218703$ & $0.0531979$ & $-0.0565282$ & $-0.0151465$ & $0.00230146$ & $0.0449843$ & $-0.00423729$ \\
CHWHB_gagaorth & $-0.0336053$ & $0.0135008$ & $-0.0297537$ & $0.0100004$ & $-0.000852824$ & $0.0697424$ & $0.0985903$ & $-0.601412$ & $-0.592126$ & $1$ & $0.38752$ & $0.583847$ & $-0.267296$ & $0.213337$ & $-0.0936945$ & $-0.117658$ & $0.44591$ & $0.486357$ & $0.497465$ & $-0.370058$ & $-0.408921$ & $-0.401536$ & $-0.0836896$ & $0.573973$ & $0.485701$ & $0.249832$ & $-0.29036$ & $-0.214696$ & $-0.046317$ & $-0.0915839$ & $0.00126169$ & $0.124529$ & $-0.105713$ & $-0.417059$ & $0.0482224$ & $0.0256964$ & $-0.0197189$ & $0.0272191$ & $-0.00484618$ & $-0.0172274$ & $-0.0512733$ & $-0.0547059$ & $0.0262574$ & $-0.0260754$ & $0.0263649$ & $0.00168747$ & $-0.0321522$ & $-0.0780324$ & $0.00619657$ \\
CHD & $-0.0399483$ & $0.0155707$ & $0.0184849$ & $0.0257645$ & $-0.00418902$ & $0.202152$ & $0.0689272$ & $-0.884968$ & $-0.866695$ & $0.38752$ & $1$ & $0.340924$ & $-0.192953$ & $-0.526401$ & $-0.438382$ & $-0.422022$ & $-0.202891$ & $0.0804652$ & $0.0702911$ & $-0.990606$ & $-0.99188$ & $-0.971405$ & $-0.0206801$ & $0.337939$ & $0.0415852$ & $0.585423$ & $-0.288964$ & $-0.364493$ & $-0.039015$ & $-0.0552102$ & $-0.00101103$ & $0.0801328$ & $-0.0523148$ & $-0.375784$ & $-0.0133889$ & $-0.0173376$ & $-0.0136623$ & $0.0165984$ & $-0.0260868$ & $-0.00109906$ & $-0.033936$ & $0.0021267$ & $0.0713578$ & $-0.0530974$ & $0.0559374$ & $0.00463352$ & $0.0325094$ & $-0.0236506$ & $0.0130338$ \\
CHbox & $-0.037272$ & $0.0220737$ & $-0.0393327$ & $0.0317992$ & $-0.0198418$ & $0.0567542$ & $0.266817$ & $-0.475531$ & $-0.452024$ & $0.583847$ & $0.340924$ & $1$ & $-0.823711$ & $0.0927462$ & $-0.0732487$ & $-0.0653942$ & $0.274682$ & $0.317306$ & $0.30536$ & $-0.322661$ & $-0.359563$ & $-0.351917$ & $-0.0612189$ & $0.423373$ & $0.310011$ & $0.222964$ & $-0.247536$ & $-0.202504$ & $-0.0491472$ & $-0.113825$ & $-0.061922$ & $0.263479$ & $-0.154553$ & $-0.332016$ & $0.0386062$ & $0.0253116$ & $-0.0104054$ & $0.0323291$ & $-0.0445667$ & $-0.038226$ & $0.0133527$ & $-0.0493381$ & $0.0490404$ & $-0.0327821$ & $0.028178$ & $-0.024987$ & $-0.0327956$ & $-0.0323021$ & $0.00871594$ \\
CH & $0.0376812$ & $-0.020129$ & $0.027705$ & $-0.0316335$ & $0.020442$ & $-0.00122352$ & $-0.317972$ & $0.368567$ & $0.358954$ & $-0.267296$ & $-0.192953$ & $-0.823711$ & $1$ & $-0.221749$ & $0.0775292$ & $0.0498437$ & $-0.365631$ & $-0.395823$ & $-0.3711$ & $0.18695$ & $0.205177$ & $0.200477$ & $0.0312356$ & $-0.410977$ & $-0.379297$ & $-0.120938$ & $0.160659$ & $0.123674$ & $0.0458727$ & $0.286016$ & $0.128793$ & $-0.247497$ & $0.34795$ & $0.237878$ & $0.0281088$ & $0.0184273$ & $-0.0125295$ & $-0.0326162$ & $0.0465942$ & $0.031285$ & $-0.0403236$ & $0.0346092$ & $-0.044916$ & $0.0257581$ & $-0.02181$ & $0.0290507$ & $0.0412423$ & $0.00983298$ & $0.00156857$ \\
CHL1_11 & $-0.026681$ & $0.0233903$ & $-0.00615709$ & $-0.028052$ & $0.0222593$ & $0.0144577$ & $0.0916562$ & $0.12131$ & $0.111618$ & $0.213337$ & $-0.526401$ & $0.0927462$ & $-0.221749$ & $1$ & $0.301354$ & $0.303142$ & $0.66499$ & $0.594566$ & $0.588766$ & $0.546824$ & $0.488488$ & $0.476317$ & $-0.0952554$ & $0.434321$ & $0.583721$ & $-0.289239$ & $-0.126825$ & $0.149413$ & $0.000649301$ & $-0.0433586$ & $-0.0268078$ & $0.0666736$ & $-0.0624942$ & $-0.218736$ & $-0.0311704$ & $0.0282477$ & $0.00601932$ & $0.00313268$ & $0.0111422$ & $-0.00626714$ & $0.023343$ & $-0.0404212$ & $-0.0256938$ & $-0.00444807$ & $-0.0191951$ & $-0.00685683$ & $-0.0721964$ & $-0.0387007$ & $-1.05471e-05$ \\
CHL1_22 & $0.0558755$ & $0.0410444$ & $0.0125113$ & $6.50309e-05$ & $0.0182995$ & $-0.0776728$ & $-0.0529424$ & $0.304934$ & $0.302294$ & $-0.0936945$ & $-0.438382$ & $-0.0732487$ & $0.0775292$ & $0.301354$ & $1$ & $0.459957$ & $0.195668$ & $-0.418916$ & $-0.0165401$ & $0.50452$ & $0.358451$ & $0.348498$ & $-0.175863$ & $0.10223$ & $-0.128247$ & $-0.223474$ & $-0.398921$ & $0.140853$ & $-0.0173419$ & $0.0262916$ & $0.0137167$ & $-0.0456386$ & $0.0471558$ & $-0.567656$ & $0.0483651$ & $-0.00262322$ & $-0.0113786$ & $0.0276055$ & $0.0212395$ & $-0.0246432$ & $0.0112089$ & $-0.0275661$ & $-0.0079224$ & $0.0195352$ & $-0.0252451$ & $-0.00596778$ & $-0.0143568$ & $0.0160768$ & $0.0105689$ \\
CHL1_33 & $0.0379796$ & $0.0359058$ & $-0.0215216$ & $-0.0237912$ & $0.0419147$ & $-0.0202176$ & $0.00364657$ & $0.293047$ & $0.289998$ & $-0.117658$ & $-0.422022$ & $-0.0653942$ & $0.0498437$ & $0.303142$ & $0.459957$ & $1$ & $0.175765$ & $-0.00967716$ & $-0.414837$ & $0.4875$ & $0.345039$ & $0.35937$ & $-0.16695$ & $0.100367$ & $-0.119311$ & $-0.224997$ & $-0.392785$ & $0.118284$ & $-0.0456775$ & $0.0193197$ & $0.0327639$ & $0.0104068$ & $0.0221238$ & $-0.105001$ & $0.0109115$ & $0.00977633$ & $0.0147923$ & $-0.0215279$ & $0.046$ & $0.00671084$ & $0.0704178$ & $-0.0477442$ & $-0.0265547$ & $0.00976211$ & $-0.0400796$ & $0.00547463$ & $0.0015908$ & $0.000600272$ & $0.000887572$ \\
CHL3_11 & $-0.00874868$ & $0.029431$ & $-0.0139435$ & $0.0195914$ & $0.0203222$ & $-0.214965$ & $0.108752$ & $-0.242914$ & $-0.243725$ & $0.44591$ & $-0.202891$ & $0.274682$ & $-0.365631$ & $0.66499$ & $0.195668$ & $0.175765$ & $1$ & $0.736073$ & $0.739421$ & $0.229497$ & $0.169317$ & $0.159411$ & $-0.103377$ & $0.671045$ & $0.771596$ & $-0.0782212$ & $-0.198187$ & $0.0499691$ & $-0.00967649$ & $-0.100987$ & $-0.0249146$ & $0.0795337$ & $-0.121704$ & $-0.295421$ & $-0.0218999$ & $0.0149191$ & $-0.00703474$ & $0.0348928$ & $-0.00957182$ & $-0.0180374$ & $0.030477$ & $-0.0490048$ & $0.0240366$ & $0.00723765$ & $0.0108195$ & $0.0219825$ & $-0.0702615$ & $-0.0445238$ & $-0.0125276$ \\
CHL3_22 & $-0.0532902$ & $0.00192816$ & $-0.0203692$ & $0.00271352$ & $0.0120379$ & $-0.0107694$ & $0.158218$ & $-0.439506$ & $-0.438933$ & $0.486357$ & $0.0804652$ & $0.317306$ & $-0.395823$ & $0.594566$ & $-0.418916$ & $-0.00967716$ & $0.736073$ & $1$ & $0.68014$ & $-0.0801326$ & $-0.0776399$ & $-0.0773822$ & $-0.0242143$ & $0.62583$ & $0.802704$ & $0.0629716$ & $-0.0404517$ & $-0.0551313$ & $-0.00277746$ & $-0.10165$ & $-0.0335443$ & $0.129468$ & $-0.133862$ & $-0.0199816$ & $-0.0617977$ & $0.0178735$ & $0.00811718$ & $0.002484$ & $-0.011609$ & $0.00754132$ & $0.0216487$ & $-0.035736$ & $0.0158571$ & $-0.0263201$ & $0.0258296$ & $0.015683$ & $-0.0610973$ & $-0.0618018$ & $-0.00815006$ \\
CHL3_33 & $-0.0398029$ & $-0.00303277$ & $0.0102176$ & $0.0129359$ & $-0.000573959$ & $-0.0490986$ & $0.120115$ & $-0.426955$ & $-0.424621$ & $0.497465$ & $0.0702911$ & $0.30536$ & $-0.3711$ & $0.588766$ & $-0.0165401$ & $-0.414837$ & $0.739421$ & $0.68014$ & $1$ & $-0.0711716$ & $-0.0667387$ & $-0.0647523$ & $-0.0176846$ & $0.610912$ & $0.791272$ & $0.0580706$ & $-0.0355253$ & $-0.0461141$ & $0.0165729$ & $-0.0954729$ & $-0.0458226$ & $0.0903719$ & $-0.117689$ & $-0.367877$ & $-0.0399565$ & $0.0172193$ & $-0.0177375$ & $0.0425511$ & $-0.0309815$ & $-0.0152843$ & $-0.0244307$ & $-0.020343$ & $0.0301822$ & $-0.0212005$ & $0.0307227$ & $0.0096845$ & $-0.0724278$ & $-0.0546534$ & $-0.00824511$ \\
CHe_11 & $0.0337868$ & $0.0139557$ & $-0.00903914$ & $-0.0235742$ & $0.0138149$ & $-0.191086$ & $-0.0674105$ & $0.855345$ & $0.83794$ & $-0.370058$ & $-0.990606$ & $-0.322661$ & $0.18695$ & $0.546824$ & $0.50452$ & $0.4875$ & $0.229497$ & $-0.0801326$ & $-0.0711716$ & $1$ & $0.974123$ & $0.953196$ & $-0.00716535$ & $-0.282162$ & $-0.0312011$ & $-0.573946$ & $0.214562$ & $0.360064$ & $0.037984$ & $0.057088$ & $0.00413159$ & $-0.076553$ & $0.0556697$ & $0.296348$ & $0.0166484$ & $0.0151924$ & $0.0174426$ & $-0.0189809$ & $0.0315428$ & $5.21692e-05$ & $0.0334525$ & $-0.00899348$ & $-0.0680064$ & $0.0452624$ & $-0.05237$ & $-0.003415$ & $-0.0342621$ & $0.0194297$ & $-0.00637968$ \\
CHe_22 & $0.028807$ & $0.00486657$ & $-0.0094125$ & $-0.0245176$ & $0.00958419$ & $-0.207846$ & $-0.0756088$ & $0.901641$ & $0.882946$ & $-0.408921$ & $-0.99188$ & $-0.359563$ & $0.205177$ & $0.488488$ & $0.358451$ & $0.345039$ & $0.169317$ & $-0.0776399$ & $-0.0667387$ & $0.974123$ & $1$ & $0.975762$ & $0.050677$ & $-0.391352$ & $-0.0473847$ & $-0.586948$ & $0.366951$ & $0.367402$ & $0.0460626$ & $0.0559285$ & $-6.04178e-05$ & $-0.0879541$ & $0.0522586$ & $0.45796$ & $0.0141454$ & $0.0197482$ & $0.0148283$ & $-0.0188008$ & $0.0239625$ & $0.00160893$ & $0.0326378$ & $0.0043512$ & $-0.0698895$ & $0.0533533$ & $-0.0544196$ & $-0.00506285$ & $-0.030441$ & $0.0239409$ & $-0.0133803$ \\
CHe_33 & $0.0296653$ & $-0.00931138$ & $-0.0146344$ & $-0.032901$ & $0.012738$ & $-0.206412$ & $-0.0598031$ & $0.886045$ & $0.869104$ & $-0.401536$ & $-0.971405$ & $-0.351917$ & $0.200477$ & $0.476317$ & $0.348498$ & $0.35937$ & $0.159411$ & $-0.0773822$ & $-0.0647523$ & $0.953196$ & $0.975762$ & $1$ & $0.0595129$ & $-0.391838$ & $-0.0523544$ & $-0.580518$ & $0.357417$ & $0.356415$ & $0.045802$ & $0.0529166$ & $0.00747008$ & $-0.0767516$ & $0.0438496$ & $0.453975$ & $0.00649173$ & $0.0223782$ & $0.0104343$ & $-0.01893$ & $0.0149405$ & $-0.000222697$ & $0.0295081$ & $0.000321598$ & $-0.0688332$ & $0.049278$ & $-0.0532761$ & $-0.0107496$ & $-0.0212052$ & $0.0211905$ & $-0.0195821$ \\
CHQ1_11 & $0.0265508$ & $0.00556788$ & $-0.0261368$ & $0.0212372$ & $0.0180547$ & $0.0151712$ & $-0.023709$ & $0.0877662$ & $0.0778802$ & $-0.0836896$ & $-0.0206801$ & $-0.0612189$ & $0.0312356$ & $-0.0952554$ & $-0.175863$ & $-0.16695$ & $-0.103377$ & $-0.0242143$ & $-0.0176846$ & $-0.00716535$ & $0.050677$ & $0.0595129$ & $1$ & $-0.184249$ & $0.0378873$ & $-0.667881$ & $0.340743$ & $0.0152299$ & $0.0197356$ & $-0.0178694$ & $0.00912904$ & $-0.0342487$ & $-0.0254885$ & $0.220365$ & $-0.00304588$ & $-0.0243614$ & $0.0112853$ & $-0.0120184$ & $-0.0385831$ & $-0.034416$ & $-0.00976194$ & $-0.016828$ & $-0.051717$ & $0.00777391$ & $-0.020257$ & $0.0123723$ & $0.000736655$ & $-0.00360635$ & $-0.00139928$ \\
CHQ1_33 & $-0.0736103$ & $0.0202228$ & $-0.0348083$ & $0.0346757$ & $-0.012245$ & $0.046775$ & $0.141615$ & $-0.686323$ & $-0.676768$ & $0.573973$ & $0.337939$ & $0.423373$ & $-0.410977$ & $0.434321$ & $0.10223$ & $0.100367$ & $0.671045$ & $0.62583$ & $0.610912$ & $-0.282162$ & $-0.391352$ & $-0.391838$ & $-0.184249$ & $1$ & $0.643083$ & $0.254348$ & $-0.446532$ & $-0.0413457$ & $-0.0440198$ & $-0.103933$ & $0.00573093$ & $0.12781$ & $-0.115371$ & $-0.658216$ & $-0.0267443$ & $0.00239193$ & $-0.0115346$ & $0.0185199$ & $-0.00147617$ & $-0.00824166$ & $0.0233815$ & $-0.0667776$ & $0.0467079$ & $-0.0219028$ & $0.0133127$ & $0.0200542$ & $-0.0285435$ & $-0.0365993$ & $0.0101736$ \\
CHQ3_11 & $-0.177037$ & $0.0187057$ & $-0.0155778$ & $0.0471478$ & $-0.000469407$ & $-0.0488484$ & $0.128493$ & $-0.409158$ & $-0.409521$ & $0.485701$ & $0.0415852$ & $0.310011$ & $-0.379297$ & $0.583721$ & $-0.128247$ & $-0.119311$ & $0.771596$ & $0.802704$ & $0.791272$ & $-0.0312011$ & $-0.0473847$ & $-0.0523544$ & $0.0378873$ & $0.643083$ & $1$ & $0.0632216$ & $0.167449$ & $-0.0457572$ & $0.0122764$ & $-0.116262$ & $-0.0398359$ & $0.0964464$ & $-0.133752$ & $-0.230451$ & $-0.0448465$ & $0.0321138$ & $0.00767673$ & $-0.0016168$ & $-0.0234559$ & $-0.0252046$ & $0.0121245$ & $-0.0424082$ & $0.00539144$ & $-0.0199537$ & $0.0414638$ & $0.022878$ & $-0.0640803$ & $-0.0714883$ & $0.0137804$ \\
CHu_11 & $-0.0925053$ & $-0.0204019$ & $0.0417227$ & $-0.0148844$ & $-0.020062$ & $0.0751714$ & $0.0417594$ & $-0.535588$ & $-0.518215$ & $0.249832$ & $0.585423$ & $0.222964$ & $-0.120938$ & $-0.289239$ & $-0.223474$ & $-0.224997$ & $-0.0782212$ & $0.0629716$ & $0.0580706$ & $-0.573946$ & $-0.586948$ & $-0.580518$ & $-0.667881$ & $0.254348$ & $0.0632216$ & $1$ & $-0.159984$ & $-0.212971$ & $-0.0231451$ & $-0.0157185$ & $-0.0194335$ & $0.0543506$ & $0.00698773$ & $-0.259429$ & $-0.0294545$ & $0.0151236$ & $-0.0191797$ & $0.000676713$ & $0.0109966$ & $0.0284614$ & $-0.0316442$ & $0.0121313$ & $0.105011$ & $-0.0140468$ & $0.0429167$ & $0.000711977$ & $0.030471$ & $-0.0130087$ & $0.0148063$ \\
CHd_11 & $-0.0510875$ & $-0.0348567$ & $-0.0199762$ & $0.0314964$ & $-0.0341632$ & $-0.110844$ & $-0.0686934$ & $0.433996$ & $0.421778$ & $-0.29036$ & $-0.288964$ & $-0.247536$ & $0.160659$ & $-0.126825$ & $-0.398921$ & $-0.392785$ & $-0.198187$ & $-0.0404517$ & $-0.0355253$ & $0.214562$ & $0.366951$ & $0.357417$ & $0.340743$ & $-0.446532$ & $0.167449$ & $-0.159984$ & $1$ & $0.13082$ & $0.0752043$ & $0.0204405$ & $-0.0091873$ & $-0.0814284$ & $0.021367$ & $0.700694$ & $-0.0218958$ & $0.0320148$ & $0.00670606$ & $-0.0479974$ & $-0.0168793$ & $-0.00928184$ & $-0.00729724$ & $0.0281967$ & $-0.0463588$ & $0.0414116$ & $-0.00728191$ & $0.0140682$ & $0.0191038$ & $-0.00306591$ & $0.0116231$ \\
CHd_33 & $0.0261898$ & $0.02261$ & $-0.00655024$ & $-0.0239997$ & $-0.0492795$ & $-0.074321$ & $-0.0283064$ & $0.341982$ & $0.337801$ & $-0.214696$ & $-0.364493$ & $-0.202504$ & $0.123674$ & $0.149413$ & $0.140853$ & $0.118284$ & $0.0499691$ & $-0.0551313$ & $-0.0461141$ & $0.360064$ & $0.367402$ & $0.356415$ & $0.0152299$ & $-0.0413457$ & $-0.0457572$ & $-0.212971$ & $0.13082$ & $1$ & $0.0755151$ & $0.0429054$ & $0.0182193$ & $-0.0303994$ & $0.0834303$ & $0.178215$ & $-0.0525095$ & $-7.8119e-05$ & $0.0107272$ & $-0.0133961$ & $0.00824039$ & $-0.00223899$ & $0.0206941$ & $-0.0156763$ & $-0.0788863$ & $0.0707381$ & $-0.0702051$ & $0.0138859$ & $-0.049007$ & $0.0475003$ & $0.0452486$ \\
CeH_22r & $0.0180413$ & $0.0576712$ & $-0.00519029$ & $0.00981299$ & $-0.00924579$ & $-0.000820203$ & $0.00334168$ & $0.0443308$ & $0.035022$ & $-0.046317$ & $-0.039015$ & $-0.0491472$ & $0.0458727$ & $0.000649301$ & $-0.0173419$ & $-0.0456775$ & $-0.00967649$ & $-0.00277746$ & $0.0165729$ & $0.037984$ & $0.0460626$ & $0.045802$ & $0.0197356$ & $-0.0440198$ & $0.0122764$ & $-0.0231451$ & $0.0752043$ & $0.0755151$ & $1$ & $0.0618846$ & $0.018193$ & $-0.0156493$ & $0.0399766$ & $0.054539$ & $-0.0308931$ & $-0.0194664$ & $-0.0119433$ & $-0.0154886$ & $0.00356249$ & $0.085944$ & $-0.0174695$ & $0.0301231$ & $-0.0189466$ & $0.0424131$ & $0.0078185$ & $0.0227933$ & $-0.0348868$ & $0.0353532$ & $0.00372369$ \\
CeH_33r & $0.0439482$ & $-0.0340733$ & $-0.00797176$ & $0.0312521$ & $0.0147626$ & $-0.0140352$ & $-0.112911$ & $0.100924$ & $0.130168$ & $-0.0915839$ & $-0.0552102$ & $-0.113825$ & $0.286016$ & $-0.0433586$ & $0.0262916$ & $0.0193197$ & $-0.100987$ & $-0.10165$ & $-0.0954729$ & $0.057088$ & $0.0559285$ & $0.0529166$ & $-0.0178694$ & $-0.103933$ & $-0.116262$ & $-0.0157185$ & $0.0204405$ & $0.0429054$ & $0.0618846$ & $1$ & $0.305033$ & $0.0376503$ & $0.627504$ & $0.0556492$ & $-0.0825189$ & $0.0492968$ & $-0.215821$ & $-0.00935919$ & $-0.0494194$ & $0.0339259$ & $0.0136415$ & $0.00878347$ & $-0.00584422$ & $0.0153283$ & $0.071957$ & $0.0570152$ & $0.00850705$ & $0.0135424$ & $0.00307492$ \\
CuH_22r & $0.000795951$ & $0.00303039$ & $0.0179497$ & $0.0242505$ & $0.0519257$ & $0.0200302$ & $-0.0978013$ & $0.0157831$ & $0.0272355$ & $0.00126169$ & $-0.00101103$ & $-0.061922$ & $0.128793$ & $-0.0268078$ & $0.0137167$ & $0.0327639$ & $-0.0249146$ & $-0.0335443$ & $-0.0458226$ & $0.00413159$ & $-6.04178e-05$ & $0.00747008$ & $0.00912904$ & $0.00573093$ & $-0.0398359$ & $-0.0194335$ & $-0.0091873$ & $0.0182193$ & $0.018193$ & $0.305033$ & $1$ & $-0.00684941$ & $0.329677$ & $0.00600407$ & $-0.0376391$ & $-0.0121698$ & $-0.132501$ & $0.00837308$ & $0.0244348$ & $-0.0104386$ & $0.0104118$ & $0.0154498$ & $0.0267104$ & $0.0494152$ & $-0.000747192$ & $0.0513343$ & $0.425081$ & $0.00632737$ & $-0.0209626$ \\
CuH_33r & $-0.0170935$ & $-0.0120753$ & $-0.0576314$ & $-0.0505836$ & $-0.0148841$ & $0.0293663$ & $0.930605$ & $-0.128507$ & $-0.0843951$ & $0.124529$ & $0.0801328$ & $0.263479$ & $-0.247497$ & $0.0666736$ & $-0.0456386$ & $0.0104068$ & $0.0795337$ & $0.129468$ & $0.0903719$ & $-0.076553$ & $-0.0879541$ & $-0.0767516$ & $-0.0342487$ & $0.12781$ & $0.0964464$ & $0.0543506$ & $-0.0814284$ & $-0.0303994$ & $-0.0156493$ & $0.0376503$ & $-0.00684941$ & $1$ & $0.0357938$ & $-0.0782828$ & $0.0272532$ & $0.0434277$ & $-0.0460988$ & $-0.0249382$ & $0.00982972$ & $0.0154022$ & $0.0136758$ & $-0.0087138$ & $-0.00727476$ & $-0.0414054$ & $0.0118679$ & $0.00516358$ & $-0.0194423$ & $-0.0273291$ & $-0.0155492$ \\
CdH_33r & $0.023108$ & $-0.0356355$ & $0.00219008$ & $0.0239719$ & $0.0192901$ & $0.00744675$ & $-0.136682$ & $0.108644$ & $0.138484$ & $-0.105713$ & $-0.0523148$ & $-0.154553$ & $0.34795$ & $-0.0624942$ & $0.0471558$ & $0.0221238$ & $-0.121704$ & $-0.133862$ & $-0.117689$ & $0.0556697$ & $0.0522586$ & $0.0438496$ & $-0.0254885$ & $-0.115371$ & $-0.133752$ & $0.00698773$ & $0.021367$ & $0.0834303$ & $0.0399766$ & $0.627504$ & $0.329677$ & $0.0357938$ & $1$ & $0.0470749$ & $-0.0954594$ & $0.0525207$ & $-0.227533$ & $-0.0243956$ & $-0.0153484$ & $0.0107642$ & $-0.00136888$ & $0.026922$ & $0.00990556$ & $0.0360384$ & $-0.0274224$ & $0.0316804$ & $0.045307$ & $0.159639$ & $0.478864$ \\
CLL_1221 & $-0.00835546$ & $-0.00893267$ & $-0.0128612$ & $-0.0178722$ & $-0.0147172$ & $-0.143095$ & $-0.0734885$ & $0.581613$ & $0.568938$ & $-0.417059$ & $-0.375784$ & $-0.332016$ & $0.237878$ & $-0.218736$ & $-0.567656$ & $-0.105001$ & $-0.295421$ & $-0.0199816$ & $-0.367877$ & $0.296348$ & $0.45796$ & $0.453975$ & $0.220365$ & $-0.658216$ & $-0.230451$ & $-0.259429$ & $0.700694$ & $0.178215$ & $0.054539$ & $0.0556492$ & $0.00600407$ & $-0.0782828$ & $0.0470749$ & $1$ & $-0.00601924$ & $0.0128872$ & $0.0199131$ & $-0.0496328$ & $-0.000366171$ & $0.0221737$ & $0.0115143$ & $0.0430386$ & $-0.0518536$ & $0.0381729$ & $-0.0217395$ & $0.00016905$ & $0.0257856$ & $0.0334388$ & $-0.0141802$ \\
eHggint & $-0.0458073$ & $0.0954699$ & $-0.0165383$ & $-0.0239664$ & $-0.0508625$ & $0.0343623$ & $-0.0531443$ & $0.02656$ & $0.0150229$ & $0.0482224$ & $-0.0133889$ & $0.0386062$ & $0.0281088$ & $-0.0311704$ & $0.0483651$ & $0.0109115$ & $-0.0218999$ & $-0.0617977$ & $-0.0399565$ & $0.0166484$ & $0.0141454$ & $0.00649173$ & $-0.00304588$ & $-0.0267443$ & $-0.0448465$ & $-0.0294545$ & $-0.0218958$ & $-0.0525095$ & $-0.0308931$ & $-0.0825189$ & $-0.0376391$ & $0.0272532$ & $-0.0954594$ & $-0.00601924$ & $1$ & $-0.124578$ & $0.0523891$ & $0.0205443$ & $0.0105142$ & $-0.013245$ & $-0.0307073$ & $-0.0252633$ & $0.0415529$ & $0.000243997$ & $0.0227178$ & $-0.00217439$ & $-0.00359112$ & $-0.0187831$ & $-0.0241784$ \\
eHggpar & $-0.00120964$ & $0.0183933$ & $0.0418021$ & $-0.0559747$ & $0.0159441$ & $0.0240974$ & $0.00848976$ & $0.01055$ & $0.00615679$ & $0.0256964$ & $-0.0173376$ & $0.0253116$ & $0.0184273$ & $0.0282477$ & $-0.00262322$ & $0.00977633$ & $0.0149191$ & $0.0178735$ & $0.0172193$ & $0.0151924$ & $0.0197482$ & $0.0223782$ & $-0.0243614$ & $0.00239193$ & $0.0321138$ & $0.0151236$ & $0.0320148$ & $-7.8119e-05$ & $-0.0194664$ & $0.0492968$ & $-0.0121698$ & $0.0434277$ & $0.0525207$ & $0.0128872$ & $-0.124578$ & $1$ & $-0.00123637$ & $-0.0814219$ & $-0.0416621$ & $-0.0594536$ & $0.0686618$ & $0.00883545$ & $0.00420994$ & $-0.00271575$ & $-0.00388616$ & $0.0037018$ & $0.0183279$ & $0.013195$ & $0.0442986$ \\
eHWWint & $-0.083493$ & $0.041776$ & $0.00991626$ & $0.00363197$ & $-0.000811649$ & $-0.0161976$ & $-0.00462191$ & $0.0136055$ & $-0.00716413$ & $-0.0197189$ & $-0.0136623$ & $-0.0104054$ & $-0.0125295$ & $0.00601932$ & $-0.0113786$ & $0.0147923$ & $-0.00703474$ & $0.00811718$ & $-0.0177375$ & $0.0174426$ & $0.0148283$ & $0.0104343$ & $0.0112853$ & $-0.0115346$ & $0.00767673$ & $-0.0191797$ & $0.00670606$ & $0.0107272$ & $-0.0119433$ & $-0.215821$ & $-0.132501$ & $-0.0460988$ & $-0.227533$ & $0.0199131$ & $0.0523891$ & $-0.00123637$ & $1$ & $-0.0133428$ & $0.0262737$ & $0.00920474$ & $-0.0143568$ & $-0.00394204$ & $-0.0207069$ & $-0.0419659$ & $0.065555$ & $0.015899$ & $-0.0256712$ & $-0.0310086$ & $0.0412311$ \\
eHWWpar & $0.0820957$ & $-0.0694376$ & $-0.00786818$ & $0.0413797$ & $0.0107755$ & $-0.00722167$ & $-0.0268495$ & $-0.0294502$ & $-0.0309025$ & $0.0272191$ & $0.0165984$ & $0.0323291$ & $-0.0326162$ & $0.00313268$ & $0.0276055$ & $-0.0215279$ & $0.0348928$ & $0.002484$ & $0.0425511$ & $-0.0189809$ & $-0.0188008$ & $-0.01893$ & $-0.0120184$ & $0.0185199$ & $-0.0016168$ & $0.000676713$ & $-0.0479974$ & $-0.0133961$ & $-0.0154886$ & $-0.00935919$ & $0.00837308$ & $-0.0249382$ & $-0.0243956$ & $-0.0496328$ & $0.0205443$ & $-0.0814219$ & $-0.0133428$ & $1$ & $0.0347297$ & $0.0182553$ & $-0.0258894$ & $-0.0321459$ & $0.0671143$ & $0.0460868$ & $-0.0673033$ & $-0.00889956$ & $-0.000955577$ & $-0.0538104$ & $-0.00585101$ \\
eHZZint & $0.00538603$ & $-0.0180776$ & $0.0158039$ & $0.0139829$ & $0.0790256$ & $-0.00118504$ & $-0.00237905$ & $0.0263993$ & $0.0196735$ & $-0.00484618$ & $-0.0260868$ & $-0.0445667$ & $0.0465942$ & $0.0111422$ & $0.0212395$ & $0.046$ & $-0.00957182$ & $-0.011609$ & $-0.0309815$ & $0.0315428$ & $0.0239625$ & $0.0149405$ & $-0.0385831$ & $-0.00147617$ & $-0.0234559$ & $0.0109966$ & $-0.0168793$ & $0.00824039$ & $0.00356249$ & $-0.0494194$ & $0.0244348$ & $0.00982972$ & $-0.0153484$ & $-0.000366171$ & $0.0105142$ & $-0.0416621$ & $0.0262737$ & $0.0347297$ & $1$ & $0.0198341$ & $-0.015858$ & $0.00172793$ & $-0.0175696$ & $0.0257161$ & $0.0610267$ & $-0.0074296$ & $0.0535712$ & $-0.00789538$ & $-0.0146046$ \\
eHZZpar & $-0.00202007$ & $-0.0329574$ & $0.00207327$ & $0.021144$ & $-0.0126557$ & $0.0114945$ & $0.00298312$ & $0.00683943$ & $0.00421915$ & $-0.0172274$ & $-0.00109906$ & $-0.038226$ & $0.031285$ & $-0.00626714$ & $-0.0246432$ & $0.00671084$ & $-0.0180374$ & $0.00754132$ & $-0.0152843$ & $5.21692e-05$ & $0.00160893$ & $-0.000222697$ & $-0.034416$ & $-0.00824166$ & $-0.0252046$ & $0.0284614$ & $-0.00928184$ & $-0.00223899$ & $0.085944$ & $0.0339259$ & $-0.0104386$ & $0.0154022$ & $0.0107642$ & $0.0221737$ & $-0.013245$ & $-0.0594536$ & $0.00920474$ & $0.0182553$ & $0.0198341$ & $1$ & $-0.00296167$ & $0.0325905$ & $0.00990718$ & $0.0355046$ & $-0.0581318$ & $-0.018048$ & $-0.00606798$ & $0.00434818$ & $-0.00986493$ \\
eHZgaint & $0.0118992$ & $-0.0452702$ & $0.00856979$ & $0.0142703$ & $0.00385589$ & $-0.0133189$ & $0.0122637$ & $0.0211031$ & $0.0142819$ & $-0.0512733$ & $-0.033936$ & $0.0133527$ & $-0.0403236$ & $0.023343$ & $0.0112089$ & $0.0704178$ & $0.030477$ & $0.0216487$ & $-0.0244307$ & $0.0334525$ & $0.0326378$ & $0.0295081$ & $-0.00976194$ & $0.0233815$ & $0.0121245$ & $-0.0316442$ & $-0.00729724$ & $0.0206941$ & $-0.0174695$ & $0.0136415$ & $0.0104118$ & $0.0136758$ & $-0.00136888$ & $0.0115143$ & $-0.0307073$ & $0.0686618$ & $-0.0143568$ & $-0.0258894$ & $-0.015858$ & $-0.00296167$ & $1$ & $0.0129602$ & $-0.00631334$ & $-0.00264531$ & $-0.0131979$ & $0.00825903$ & $0.0173761$ & $-0.00211014$ & $-0.0121528$ \\
eHZgapar & $0.00674899$ & $0.0113386$ & $0.00307249$ & $0.0347524$ & $0.0253338$ & $-0.0030611$ & $0.00358771$ & $0.0242941$ & $0.0278406$ & $-0.0547059$ & $0.0021267$ & $-0.0493381$ & $0.0346092$ & $-0.0404212$ & $-0.0275661$ & $-0.0477442$ & $-0.0490048$ & $-0.035736$ & $-0.020343$ & $-0.00899348$ & $0.0043512$ & $0.000321598$ & $-0.016828$ & $-0.0667776$ & $-0.0424082$ & $0.0121313$ & $0.0281967$ & $-0.0156763$ & $0.0301231$ & $0.00878347$ & $0.0154498$ & $-0.0087138$ & $0.026922$ & $0.0430386$ & $-0.0252633$ & $0.00883545$ & $-0.00394204$ & $-0.0321459$ & $0.00172793$ & $0.0325905$ & $0.0129602$ & $1$ & $0.00448975$ & $-0.0269099$ & $-0.0146939$ & $0.00560387$ & $0.01602$ & $-0.0183312$ & $0.0228859$ \\
eHgagaint & $0.0175533$ & $0.0178551$ & $0.0508037$ & $-0.0243876$ & $0.0324614$ & $-0.0185433$ & $-0.00746847$ & $-0.0768263$ & $-0.00218703$ & $0.0262574$ & $0.0713578$ & $0.0490404$ & $-0.044916$ & $-0.0256938$ & $-0.0079224$ & $-0.0265547$ & $0.0240366$ & $0.0158571$ & $0.0301822$ & $-0.0680064$ & $-0.0698895$ & $-0.0688332$ & $-0.051717$ & $0.0467079$ & $0.00539144$ & $0.105011$ & $-0.0463588$ & $-0.0788863$ & $-0.0189466$ & $-0.00584422$ & $0.0267104$ & $-0.00727476$ & $0.00990556$ & $-0.0518536$ & $0.0415529$ & $0.00420994$ & $-0.0207069$ & $0.0671143$ & $-0.0175696$ & $0.00990718$ & $-0.00631334$ & $0.00448975$ & $1$ & $0.0418898$ & $-0.0290767$ & $-0.0118923$ & $0.010906$ & $-0.0207279$ & $-0.00690977$ \\
eHmumuint & $0.0471181$ & $-0.00913873$ & $-0.0164084$ & $0.0232749$ & $-0.0523433$ & $-0.0538426$ & $-0.0537839$ & $0.0563063$ & $0.0531979$ & $-0.0260754$ & $-0.0530974$ & $-0.0327821$ & $0.0257581$ & $-0.00444807$ & $0.0195352$ & $0.00976211$ & $0.00723765$ & $-0.0263201$ & $-0.0212005$ & $0.0452624$ & $0.0533533$ & $0.049278$ & $0.00777391$ & $-0.0219028$ & $-0.0199537$ & $-0.0140468$ & $0.0414116$ & $0.0707381$ & $0.0424131$ & $0.0153283$ & $0.0494152$ & $-0.0414054$ & $0.0360384$ & $0.0381729$ & $0.000243997$ & $-0.00271575$ & $-0.0419659$ & $0.0460868$ & $0.0257161$ & $0.0355046$ & $-0.00264531$ & $-0.0269099$ & $0.0418898$ & $1$ & $-0.0577858$ & $0.0315662$ & $-0.00643668$ & $-0.0350177$ & $0.00776991$ \\
eHtautauint & $-0.0527061$ & $0.00251628$ & $-0.0378599$ & $0.0221058$ & $0.0245749$ & $0.00424174$ & $0.000792354$ & $-0.057639$ & $-0.0565282$ & $0.0263649$ & $0.0559374$ & $0.028178$ & $-0.02181$ & $-0.0191951$ & $-0.0252451$ & $-0.0400796$ & $0.0108195$ & $0.0258296$ & $0.0307227$ & $-0.05237$ & $-0.0544196$ & $-0.0532761$ & $-0.020257$ & $0.0133127$ & $0.0414638$ & $0.0429167$ & $-0.00728191$ & $-0.0702051$ & $0.0078185$ & $0.071957$ & $-0.000747192$ & $0.0118679$ & $-0.0274224$ & $-0.0217395$ & $0.0227178$ & $-0.00388616$ & $0.065555$ & $-0.0673033$ & $0.0610267$ & $-0.0581318$ & $-0.0131979$ & $-0.0146939$ & $-0.0290767$ & $-0.0577858$ & $1$ & $0.074742$ & $0.0345456$ & $0.00010442$ & $-0.024509$ \\
eHccint & $0.0203452$ & $0.00196556$ & $-0.0337713$ & $-0.0171031$ & $-0.00381113$ & $0.00688988$ & $0.00253706$ & $-0.0116105$ & $-0.0151465$ & $0.00168747$ & $0.00463352$ & $-0.024987$ & $0.0290507$ & $-0.00685683$ & $-0.00596778$ & $0.00547463$ & $0.0219825$ & $0.015683$ & $0.0096845$ & $-0.003415$ & $-0.00506285$ & $-0.0107496$ & $0.0123723$ & $0.0200542$ & $0.022878$ & $0.000711977$ & $0.0140682$ & $0.0138859$ & $0.0227933$ & $0.0570152$ & $0.0513343$ & $0.00516358$ & $0.0316804$ & $0.00016905$ & $-0.00217439$ & $0.0037018$ & $0.015899$ & $-0.00889956$ & $-0.0074296$ & $-0.018048$ & $0.00825903$ & $0.00560387$ & $-0.0118923$ & $0.0315662$ & $0.074742$ & $1$ & $-0.0138507$ & $0.013914$ & $0.0246448$ \\
eHccpar & $0.00430609$ & $-0.000328169$ & $0.0157169$ & $-0.00802242$ & $0.0457341$ & $0.0609647$ & $-0.0227497$ & $0.00735096$ & $0.00230146$ & $-0.0321522$ & $0.0325094$ & $-0.0327956$ & $0.0412423$ & $-0.0721964$ & $-0.0143568$ & $0.0015908$ & $-0.0702615$ & $-0.0610973$ & $-0.0724278$ & $-0.0342621$ & $-0.030441$ & $-0.0212052$ & $0.000736655$ & $-0.0285435$ & $-0.0640803$ & $0.030471$ & $0.0191038$ & $-0.049007$ & $-0.0348868$ & $0.00850705$ & $0.425081$ & $-0.0194423$ & $0.045307$ & $0.0257856$ & $-0.00359112$ & $0.0183279$ & $-0.0256712$ & $-0.000955577$ & $0.0535712$ & $-0.00606798$ & $0.0173761$ & $0.01602$ & $0.010906$ & $-0.00643668$ & $0.0345456$ & $-0.0138507$ & $1$ & $0.0206495$ & $0.00640419$ \\
eHbbint & $-0.0839931$ & $-0.0339871$ & $-0.0567274$ & $0.00685865$ & $0.0103844$ & $0.00722498$ & $-0.0167547$ & $0.050669$ & $0.0449843$ & $-0.0780324$ & $-0.0236506$ & $-0.0323021$ & $0.00983298$ & $-0.0387007$ & $0.0160768$ & $0.000600272$ & $-0.0445238$ & $-0.0618018$ & $-0.0546534$ & $0.0194297$ & $0.0239409$ & $0.0211905$ & $-0.00360635$ & $-0.0365993$ & $-0.0714883$ & $-0.0130087$ & $-0.00306591$ & $0.0475003$ & $0.0353532$ & $0.0135424$ & $0.00632737$ & $-0.0273291$ & $0.159639$ & $0.0334388$ & $-0.0187831$ & $0.013195$ & $-0.0310086$ & $-0.0538104$ & $-0.00789538$ & $0.00434818$ & $-0.00211014$ & $-0.0183312$ & $-0.0207279$ & $-0.0350177$ & $0.00010442$ & $0.013914$ & $0.0206495$ & $1$ & $-0.0430834$ \\
eHbbpar & $0.0098472$ & $0.0220536$ & $-0.0192446$ & $0.0388388$ & $-0.0257762$ & $0.0054297$ & $0.00302193$ & $-0.00918156$ & $-0.00423729$ & $0.00619657$ & $0.0130338$ & $0.00871594$ & $0.00156857$ & $-1.05471e-05$ & $0.0105689$ & $0.000887572$ & $-0.0125276$ & $-0.00815006$ & $-0.00824511$ & $-0.00637968$ & $-0.0133803$ & $-0.0195821$ & $-0.00139928$ & $0.0101736$ & $0.0137804$ & $0.0148063$ & $0.0116231$ & $0.0452486$ & $0.00372369$ & $0.00307492$ & $-0.0209626$ & $-0.0155492$ & $0.478864$ & $-0.0141802$ & $-0.0241784$ & $0.0442986$ & $0.0412311$ & $-0.00585101$ & $-0.0146046$ & $-0.00986493$ & $-0.0121528$ & $0.0228859$ & $-0.00690977$ & $0.00776991$ & $-0.024509$ & $0.0246448$ & $0.00640419$ & $-0.0430834$ & $1$ \\
