 & AlsMz & dAle5Mz & mtop & mHl & Mz & CW & CHG & CHWB & CHWHB_gaga & CHWHB_gagaorth & CHD & CHbox & CH & CHL1_11 & CHL1_22 & CHL1_33 & CHL3_11 & CHL3_22 & CHL3_33 & CHe_11 & CHe_22 & CHe_33 & CHQ1_11 & CHQ1_33 & CHQ3_11 & CHu_11 & CHd_11 & CHd_33 & CeH_22r & CeH_33r & CuH_22r & CuH_33r & CdH_33r & CLL_1221 & eHggint & eHggpar & eHWWint & eHWWpar & eHZZint & eHZZpar & eHZgaint & eHZgapar & eHgagaint & eHmumuint & eHtautauint & eHccint & eHccpar & eHbbint & eHbbpar \\
AlsMz & $1$ & $0.062266$ & $-0.0441683$ & $-0.00649839$ & $0.0161348$ & $0.0333198$ & $-0.0430531$ & $-0.0627708$ & $-0.0635679$ & $0.0189185$ & $0.0383709$ & $0.0715651$ & $0.0212244$ & $0.0118028$ & $0.00526655$ & $0.00401538$ & $0.0155492$ & $0.0259617$ & $0.0320182$ & $-0.0360214$ & $-0.0469996$ & $-0.0445336$ & $-0.0262322$ & $0.00979824$ & $-0.039402$ & $0.0142228$ & $-0.0674242$ & $0.0241376$ & $-0.0168031$ & $0.0161137$ & $0.0259967$ & $-0.0405781$ & $-0.00511847$ & $-0.0713396$ & $0.119338$ & $-0.0222812$ & $-0.0365473$ & $-0.00227401$ & $0.0426893$ & $0.0124378$ & $-0.0212314$ & $0.0171223$ & $0.0107612$ & $0.0487679$ & $0.0523924$ & $0.0634416$ & $0.0339863$ & $-0.00975625$ & $-0.0514383$ \\
dAle5Mz & $0.062266$ & $1$ & $0.100294$ & $-0.197715$ & $0.0039601$ & $0.0137852$ & $0.0393769$ & $-0.070019$ & $-0.0755279$ & $0.058227$ & $0.0568835$ & $0.0300375$ & $-0.0314878$ & $-0.0243927$ & $-0.0346692$ & $-0.0836825$ & $0.00842174$ & $0.0104526$ & $0.0481694$ & $-0.0413416$ & $-0.0338951$ & $-0.0300149$ & $0.0451254$ & $0.00335491$ & $0.0254225$ & $-0.00542388$ & $0.0354545$ & $-0.000254093$ & $-0.0138898$ & $-0.0336267$ & $0.00440111$ & $0.050405$ & $0.0240496$ & $0.0241445$ & $-0.0504435$ & $0.222472$ & $-0.0204627$ & $-0.0444729$ & $0.0154996$ & $0.00175189$ & $-0.0653122$ & $0.0814563$ & $-0.153867$ & $-0.0999723$ & $0.0773193$ & $-0.103769$ & $0.0398472$ & $0.0463238$ & $0.162977$ \\
mtop & $-0.0441683$ & $0.100294$ & $1$ & $-0.120928$ & $-0.0115863$ & $0.0314178$ & $0.0334138$ & $0.00619946$ & $0.00950363$ & $0.014536$ & $0.00712283$ & $0.00134034$ & $-0.0259219$ & $-0.00858741$ & $-0.0128494$ & $0.0098209$ & $-0.0166365$ & $-0.00830547$ & $-0.0265987$ & $-0.000438418$ & $0.00333258$ & $-1.56994e-05$ & $0.0177793$ & $-0.0114139$ & $-0.0280706$ & $-0.0347689$ & $-0.0240474$ & $0.00241912$ & $-0.015487$ & $-0.0118801$ & $-0.0469997$ & $0.0381449$ & $-0.00870386$ & $0.0235946$ & $0.0381899$ & $-0.0706757$ & $-0.0629489$ & $-0.0190292$ & $0.0217671$ & $-0.0218793$ & $0.0791342$ & $-0.00210615$ & $0.0745115$ & $0.0112211$ & $-0.0347145$ & $0.0970631$ & $-0.112712$ & $0.0548977$ & $0.0351866$ \\
mHl & $-0.00649839$ & $-0.197715$ & $-0.120928$ & $1$ & $0.0249945$ & $0.0235172$ & $-0.0571926$ & $0.00604664$ & $0.00720188$ & $-0.0154698$ & $0.00933493$ & $0.0245639$ & $0.0618504$ & $-0.0209307$ & $0.0239743$ & $0.0399848$ & $-0.0346944$ & $-0.0389456$ & $-0.050099$ & $-0.0113705$ & $-0.0206561$ & $-0.0156841$ & $0.0205374$ & $-0.00277759$ & $-0.0493757$ & $-0.00834152$ & $-0.0475896$ & $0.0190079$ & $-0.0141097$ & $0.0781812$ & $-0.00079519$ & $-0.0371405$ & $0.0900067$ & $-0.0313464$ & $-0.0241573$ & $-0.0503102$ & $-0.0568613$ & $0.0775553$ & $0.0538507$ & $0.0597613$ & $0.0342174$ & $-0.0403298$ & $0.0388806$ & $0.110381$ & $0.0121935$ & $0.0553687$ & $-0.0994312$ & $0.162696$ & $0.0197074$ \\
Mz & $0.0161348$ & $0.0039601$ & $-0.0115863$ & $0.0249945$ & $1$ & $-0.00845395$ & $-0.0139556$ & $0.00448627$ & $0.00558104$ & $-0.00949062$ & $0.00811136$ & $0.0147554$ & $0.0120308$ & $-0.0104187$ & $0.0154706$ & $-0.00619609$ & $-0.00678792$ & $-0.0225044$ & $-0.00542014$ & $-0.00270499$ & $0.000331746$ & $-0.000925626$ & $0.00849488$ & $-0.0172053$ & $-0.0113236$ & $-0.000264651$ & $0.00414327$ & $-0.00120504$ & $0.0226502$ & $0.00372907$ & $0.00463079$ & $-0.0126934$ & $0.00627495$ & $-0.00746478$ & $0.0280521$ & $0.000161089$ & $0.0273111$ & $-0.00961088$ & $-0.0127996$ & $0.0177952$ & $-0.00394431$ & $0.0389044$ & $0.0137624$ & $0.0049857$ & $-0.0200988$ & $0.0357758$ & $-0.0496434$ & $-0.0116157$ & $0.0523306$ \\
CW & $0.0333198$ & $0.0137852$ & $0.0314178$ & $0.0235172$ & $-0.00845395$ & $1$ & $0.105597$ & $-0.0445796$ & $-0.0370134$ & $0.0128381$ & $0.18491$ & $-0.0278032$ & $-0.0921304$ & $-0.0863402$ & $-0.0947645$ & $-0.115477$ & $-0.413269$ & $-0.22463$ & $-0.203994$ & $-0.184903$ & $-0.18537$ & $-0.18663$ & $0.0236231$ & $-0.17138$ & $-0.258347$ & $0.108703$ & $-0.0578615$ & $-0.0510424$ & $-0.0482256$ & $-0.057501$ & $-0.0439394$ & $0.102927$ & $-0.058946$ & $-0.0930462$ & $-0.00265704$ & $0.0181249$ & $-0.0028089$ & $-0.0245402$ & $-0.0155281$ & $-0.00854397$ & $-0.00451189$ & $0.0386563$ & $0.0199872$ & $-0.0121274$ & $0.04723$ & $0.021698$ & $-0.00830855$ & $-0.0238891$ & $0.0471593$ \\
CHG & $-0.0430531$ & $0.0393769$ & $0.0334138$ & $-0.0571926$ & $-0.0139556$ & $0.105597$ & $1$ & $-0.0356809$ & $-0.0155544$ & $0.214611$ & $0.0908949$ & $-0.553107$ & $-0.776868$ & $-0.105255$ & $-0.0682131$ & $-0.09016$ & $-0.113408$ & $-0.0797222$ & $-0.0634062$ & $-0.0930862$ & $-0.0844907$ & $-0.0898115$ & $0.0116348$ & $-0.0718565$ & $-0.076044$ & $0.0616629$ & $0.0187167$ & $-0.0135285$ & $-0.157892$ & $-0.6046$ & $-0.359516$ & $0.956687$ & $-0.625155$ & $0.0131937$ & $-0.0348999$ & $-0.0389363$ & $-0.00710019$ & $-0.0209573$ & $0.0197607$ & $-0.053853$ & $0.0318363$ & $0.0251921$ & $-0.0299865$ & $0.000582895$ & $-0.0189405$ & $0.0123954$ & $-0.00205577$ & $-0.02155$ & $-0.0377919$ \\
CHWB & $-0.0627708$ & $-0.070019$ & $0.00619946$ & $0.00604664$ & $0.00448627$ & $-0.0445796$ & $-0.0356809$ & $1$ & $0.989083$ & $-0.543336$ & $-0.866028$ & $-0.135522$ & $0.0260912$ & $0.273682$ & $0.450796$ & $0.47701$ & $-0.204193$ & $-0.378718$ & $-0.409121$ & $0.850253$ & $0.879741$ & $0.870829$ & $0.0425174$ & $-0.598388$ & $-0.353$ & $-0.597499$ & $0.376526$ & $0.380245$ & $-0.00489738$ & $0.0379603$ & $0.000391063$ & $-0.0475139$ & $0.0234774$ & $0.521635$ & $-0.00792053$ & $-0.017509$ & $-0.0120047$ & $-0.00319312$ & $0.0436671$ & $-0.0630696$ & $0.0257053$ & $-0.00206542$ & $-0.0175266$ & $-0.0223319$ & $0.00936711$ & $0.011714$ & $0.0138015$ & $0.0065271$ & $0.00762547$ \\
CHWHB_gaga & $-0.0635679$ & $-0.0755279$ & $0.00950363$ & $0.00720188$ & $0.00558104$ & $-0.0370134$ & $-0.0155544$ & $0.989083$ & $1$ & $-0.539201$ & $-0.852719$ & $-0.12759$ & $0.0336602$ & $0.264088$ & $0.44021$ & $0.468082$ & $-0.208254$ & $-0.378337$ & $-0.409631$ & $0.836838$ & $0.866763$ & $0.857678$ & $0.0395273$ & $-0.596908$ & $-0.354132$ & $-0.586147$ & $0.375446$ & $0.374207$ & $0.000567601$ & $0.05605$ & $0.0151625$ & $-0.0291371$ & $0.0440235$ & $0.520945$ & $-0.0140352$ & $-0.0215954$ & $-0.0137726$ & $-0.00347045$ & $0.0366247$ & $-0.0636057$ & $0.0124366$ & $-0.0035634$ & $0.0301274$ & $-0.0219819$ & $0.00848336$ & $0.0214094$ & $0.0180314$ & $0.00795302$ & $0.011666$ \\
CHWHB_gagaorth & $0.0189185$ & $0.058227$ & $0.014536$ & $-0.0154698$ & $-0.00949062$ & $0.0128381$ & $0.214611$ & $-0.543336$ & $-0.539201$ & $1$ & $0.469435$ & $0.112583$ & $-0.256377$ & $-0.156274$ & $-0.248746$ & $-0.281153$ & $0.121434$ & $0.209382$ & $0.234571$ & $-0.46093$ & $-0.474616$ & $-0.469138$ & $-0.0123268$ & $0.322605$ & $0.207328$ & $0.321532$ & $-0.179816$ & $-0.187916$ & $-0.036817$ & $-0.241265$ & $-0.133861$ & $0.228189$ & $-0.24032$ & $-0.272003$ & $0.0276174$ & $0.0195569$ & $-0.0105445$ & $-0.0187338$ & $-0.0369788$ & $0.00356428$ & $-0.0275401$ & $0.00398619$ & $-0.0300431$ & $-0.00326472$ & $-0.0135344$ & $-0.008202$ & $0.0332179$ & $-0.00383287$ & $-0.000696885$ \\
CHD & $0.0383709$ & $0.0568835$ & $0.00712283$ & $0.00933493$ & $0.00811136$ & $0.18491$ & $0.0908949$ & $-0.866028$ & $-0.852719$ & $0.469435$ & $1$ & $0.140257$ & $-0.0906148$ & $-0.676764$ & $-0.56943$ & $-0.585312$ & $-0.284535$ & $-0.0637938$ & $-0.027017$ & $-0.994721$ & $-0.994578$ & $-0.982861$ & $0.0107403$ & $0.165017$ & $-0.0974359$ & $0.683198$ & $-0.251027$ & $-0.435168$ & $-0.0162993$ & $-0.0891625$ & $-0.0440197$ & $0.102741$ & $-0.0856215$ & $-0.314092$ & $0.0139623$ & $-0.00772179$ & $-0.0028848$ & $0.0061444$ & $-0.0241922$ & $0.0552515$ & $-0.0187509$ & $0.00842698$ & $0.0208767$ & $0.0194963$ & $-0.00577551$ & $0.00808256$ & $-0.0288639$ & $-0.0216619$ & $-0.00217878$ \\
CHbox & $0.0715651$ & $0.0300375$ & $0.00134034$ & $0.0245639$ & $0.0147554$ & $-0.0278032$ & $-0.553107$ & $-0.135522$ & $-0.12759$ & $0.112583$ & $0.140257$ & $1$ & $0.706727$ & $-0.0984587$ & $-0.030358$ & $-0.0400913$ & $-0.00488013$ & $-0.00763218$ & $-0.00269942$ & $-0.13239$ & $-0.145276$ & $-0.140259$ & $-0.0472499$ & $0.0556333$ & $0.0012796$ & $0.131419$ & $-0.0646846$ & $-0.0689785$ & $0.165928$ & $0.546664$ & $0.345329$ & $-0.458031$ & $0.57919$ & $-0.083274$ & $0.0992005$ & $0.0774283$ & $0.022502$ & $0.0161843$ & $-0.0115586$ & $0.0381457$ & $-0.00641438$ & $0.014118$ & $0.008268$ & $0.0262777$ & $-0.00723297$ & $-0.0215576$ & $0.00842802$ & $0.0370704$ & $0.00991356$ \\
CH & $0.0212244$ & $-0.0314878$ & $-0.0259219$ & $0.0618504$ & $0.0120308$ & $-0.0921304$ & $-0.776868$ & $0.0260912$ & $0.0336602$ & $-0.256377$ & $-0.0906148$ & $0.706727$ & $1$ & $0.111134$ & $0.0725677$ & $0.0867343$ & $0.139515$ & $0.0950793$ & $0.0800398$ & $0.0920057$ & $0.0842451$ & $0.0849526$ & $-0.0375549$ & $0.0872513$ & $0.0940647$ & $-0.0408223$ & $-0.0244597$ & $0.0160121$ & $0.201578$ & $0.728287$ & $0.423232$ & $-0.694519$ & $0.756994$ & $-0.0164887$ & $0.0725482$ & $0.0400386$ & $0.0149175$ & $0.0277483$ & $-0.0428731$ & $0.0510214$ & $-0.0331703$ & $-0.01528$ & $0.063959$ & $0.00138868$ & $0.0224489$ & $0.00883654$ & $-0.0305473$ & $0.0411757$ & $0.0226519$ \\
CHL1_11 & $0.0118028$ & $-0.0243927$ & $-0.00858741$ & $-0.0209307$ & $-0.0104187$ & $-0.0863402$ & $-0.105255$ & $0.273682$ & $0.264088$ & $-0.156274$ & $-0.676764$ & $-0.0984587$ & $0.111134$ & $1$ & $0.410528$ & $0.402645$ & $0.650876$ & $0.609706$ & $0.584544$ & $0.68408$ & $0.649143$ & $0.636841$ & $-0.070852$ & $0.464915$ & $0.609144$ & $-0.458652$ & $-0.0445782$ & $0.304379$ & $0.0140659$ & $0.0976729$ & $0.0650996$ & $-0.113043$ & $0.111263$ & $-0.164417$ & $-0.00316032$ & $0.0385633$ & $0.0041334$ & $-0.00575883$ & $-0.00816228$ & $-0.0240113$ & $0.0159547$ & $-0.00821483$ & $-0.0142228$ & $-0.0143381$ & $0.0113952$ & $-0.0180318$ & $0.0339733$ & $0.0407585$ & $-0.00952561$ \\
CHL1_22 & $0.00526655$ & $-0.0346692$ & $-0.0128494$ & $0.0239743$ & $0.0154706$ & $-0.0947645$ & $-0.0682131$ & $0.450796$ & $0.44021$ & $-0.248746$ & $-0.56943$ & $-0.030358$ & $0.0725677$ & $0.410528$ & $1$ & $0.563592$ & $0.18493$ & $-0.286155$ & $-0.0162674$ & $0.613512$ & $0.510387$ & $0.506689$ & $-0.153843$ & $0.0735372$ & $-0.0516904$ & $-0.366698$ & $-0.317252$ & $0.249535$ & $0.0344709$ & $0.0532299$ & $0.0388532$ & $-0.0667554$ & $0.0642685$ & $-0.484687$ & $0.00438927$ & $0.0250779$ & $-0.0111265$ & $-0.0351244$ & $0.0181764$ & $-0.0110705$ & $-0.0140832$ & $0.0134222$ & $0.0238549$ & $0.0147658$ & $0.0161977$ & $-0.0152183$ & $0.0191129$ & $-0.00224036$ & $0.0238296$ \\
CHL1_33 & $0.00401538$ & $-0.0836825$ & $0.0098209$ & $0.0399848$ & $-0.00619609$ & $-0.115477$ & $-0.09016$ & $0.47701$ & $0.468082$ & $-0.281153$ & $-0.585312$ & $-0.0400913$ & $0.0867343$ & $0.402645$ & $0.563592$ & $1$ & $0.171793$ & $-0.00604418$ & $-0.319582$ & $0.628671$ & $0.528493$ & $0.537627$ & $-0.158982$ & $0.0491162$ & $-0.0702147$ & $-0.377767$ & $-0.306443$ & $0.242851$ & $0.0107172$ & $0.0798265$ & $0.0395864$ & $-0.0906458$ & $0.0833048$ & $-0.0350977$ & $0.0193445$ & $0.00221352$ & $-0.00698503$ & $-0.00113484$ & $0.027559$ & $-0.030521$ & $0.0271733$ & $0.00276679$ & $0.0468792$ & $0.0174037$ & $0.00303176$ & $-0.0233992$ & $0.0157939$ & $0.0134097$ & $0.0247548$ \\
CHL3_11 & $0.0155492$ & $0.00842174$ & $-0.0166365$ & $-0.0346944$ & $-0.00678792$ & $-0.413269$ & $-0.113408$ & $-0.204193$ & $-0.208254$ & $0.121434$ & $-0.284535$ & $-0.00488013$ & $0.139515$ & $0.650876$ & $0.18493$ & $0.171793$ & $1$ & $0.828785$ & $0.815161$ & $0.293699$ & $0.262281$ & $0.258267$ & $-0.0744495$ & $0.758415$ & $0.857875$ & $-0.185192$ & $-0.126547$ & $0.106753$ & $0.054325$ & $0.108896$ & $0.0933228$ & $-0.113269$ & $0.126229$ & $-0.230801$ & $-0.0176322$ & $0.0378737$ & $0.0393931$ & $0.000719865$ & $-0.0465511$ & $0.016688$ & $-0.0202603$ & $-0.0198155$ & $-0.00663846$ & $0.0120858$ & $-0.0250539$ & $-0.0354729$ & $0.0280155$ & $0.025662$ & $-0.0171068$ \\
CHL3_22 & $0.0259617$ & $0.0104526$ & $-0.00830547$ & $-0.0389456$ & $-0.0225044$ & $-0.22463$ & $-0.0797222$ & $-0.378718$ & $-0.378337$ & $0.209382$ & $-0.0637938$ & $-0.00763218$ & $0.0950793$ & $0.609706$ & $-0.286155$ & $-0.00604418$ & $0.828785$ & $1$ & $0.794293$ & $0.0594684$ & $0.0609472$ & $0.0574032$ & $-0.0164538$ & $0.734978$ & $0.868886$ & $-0.0449477$ & $-0.0237287$ & $0.0202841$ & $0.0216841$ & $0.0802209$ & $0.0652569$ & $-0.0821861$ & $0.0934099$ & $-0.0447878$ & $-0.0101451$ & $0.0284609$ & $0.0349592$ & $0.0169999$ & $-0.0454087$ & $0.0118911$ & $0.00355958$ & $-0.0226482$ & $-0.0135019$ & $-0.00268111$ & $-0.020845$ & $-0.0265074$ & $0.0207781$ & $0.0342342$ & $-0.0239282$ \\
CHL3_33 & $0.0320182$ & $0.0481694$ & $-0.0265987$ & $-0.050099$ & $-0.00542014$ & $-0.203994$ & $-0.0634062$ & $-0.409121$ & $-0.409631$ & $0.234571$ & $-0.027017$ & $-0.00269942$ & $0.0800398$ & $0.584544$ & $-0.0162674$ & $-0.319582$ & $0.815161$ & $0.794293$ & $1$ & $0.0217097$ & $0.0259211$ & $0.0250526$ & $-0.00495681$ & $0.734922$ & $0.869691$ & $-0.0190115$ & $-0.0126535$ & $0.0107946$ & $0.0366304$ & $0.0566974$ & $0.0607184$ & $-0.0651849$ & $0.0731032$ & $-0.340706$ & $-0.0198132$ & $0.0477136$ & $0.033052$ & $-0.00447053$ & $-0.0480292$ & $0.0292526$ & $-0.0277766$ & $-0.0159446$ & $-0.0310793$ & $-0.00449002$ & $-0.0181023$ & $-0.0141719$ & $0.0249032$ & $0.018964$ & $-0.0274894$ \\
CHe_11 & $-0.0360214$ & $-0.0413416$ & $-0.000438418$ & $-0.0113705$ & $-0.00270499$ & $-0.184903$ & $-0.0930862$ & $0.850253$ & $0.836838$ & $-0.46093$ & $-0.994721$ & $-0.13239$ & $0.0920057$ & $0.68408$ & $0.613512$ & $0.628671$ & $0.293699$ & $0.0594684$ & $0.0217097$ & $1$ & $0.984163$ & $0.973078$ & $-0.0275674$ & $-0.133788$ & $0.0989042$ & $-0.677998$ & $0.197549$ & $0.432309$ & $0.0180533$ & $0.0901215$ & $0.0444833$ & $-0.104244$ & $0.0887568$ & $0.257673$ & $-0.0141688$ & $0.0142218$ & $0.00326961$ & $-0.0102713$ & $0.0223879$ & $-0.0535942$ & $0.0180389$ & $-0.00518097$ & $-0.0165803$ & $-0.0184608$ & $0.00613424$ & $-0.0137162$ & $0.0297949$ & $0.0209622$ & $0.0102523$ \\
CHe_22 & $-0.0469996$ & $-0.0338951$ & $0.00333258$ & $-0.0206561$ & $0.000331746$ & $-0.18537$ & $-0.0844907$ & $0.879741$ & $0.866763$ & $-0.474616$ & $-0.994578$ & $-0.145276$ & $0.0842451$ & $0.649143$ & $0.510387$ & $0.528493$ & $0.262281$ & $0.0609472$ & $0.0259211$ & $0.984163$ & $1$ & $0.986203$ & $0.0115027$ & $-0.208235$ & $0.0883717$ & $-0.684215$ & $0.315569$ & $0.433044$ & $0.0139038$ & $0.0854089$ & $0.0413769$ & $-0.096799$ & $0.0808234$ & $0.384188$ & $-0.01745$ & $0.0095082$ & $0.00205044$ & $-0.00449527$ & $0.0225965$ & $-0.0568017$ & $0.0181205$ & $-0.0061261$ & $-0.0272049$ & $-0.0241037$ & $0.0034408$ & $-0.00641586$ & $0.0298551$ & $0.0216041$ & $0.00253959$ \\
CHe_33 & $-0.0445336$ & $-0.0300149$ & $-1.56994e-05$ & $-0.0156841$ & $-0.000925626$ & $-0.18663$ & $-0.0898115$ & $0.870829$ & $0.857678$ & $-0.469138$ & $-0.982861$ & $-0.140259$ & $0.0849526$ & $0.636841$ & $0.506689$ & $0.537627$ & $0.258267$ & $0.0574032$ & $0.0250526$ & $0.973078$ & $0.986203$ & $1$ & $0.00891127$ & $-0.206866$ & $0.0858366$ & $-0.672845$ & $0.313492$ & $0.428027$ & $0.0176885$ & $0.0860618$ & $0.0415118$ & $-0.102312$ & $0.0801491$ & $0.382394$ & $-0.0115604$ & $0.014579$ & $-0.00258738$ & $-0.00243604$ & $0.0225163$ & $-0.0571684$ & $0.0136057$ & $-0.00578915$ & $-0.032662$ & $-0.0190856$ & $0.00134797$ & $-0.00422259$ & $0.0335023$ & $0.0246972$ & $-0.000228475$ \\
CHQ1_11 & $-0.0262322$ & $0.0451254$ & $0.0177793$ & $0.0205374$ & $0.00849488$ & $0.0236231$ & $0.0116348$ & $0.0425174$ & $0.0395273$ & $-0.0123268$ & $0.0107403$ & $-0.0472499$ & $-0.0375549$ & $-0.070852$ & $-0.153843$ & $-0.158982$ & $-0.0744495$ & $-0.0164538$ & $-0.00495681$ & $-0.0275674$ & $0.0115027$ & $0.00891127$ & $1$ & $-0.124238$ & $0.0462418$ & $-0.583059$ & $0.335947$ & $-0.0182535$ & $-0.0272485$ & $-0.0284996$ & $-0.0278073$ & $0.00756706$ & $-0.042445$ & $0.181205$ & $0.000651783$ & $0.00579122$ & $-0.0101464$ & $0.0181231$ & $0.0418809$ & $-0.0369097$ & $-0.0176142$ & $-0.0407194$ & $-0.0240533$ & $0.00465933$ & $-0.00433748$ & $0.0216516$ & $0.00354596$ & $0.0497978$ & $-0.018457$ \\
CHQ1_33 & $0.00979824$ & $0.00335491$ & $-0.0114139$ & $-0.00277759$ & $-0.0172053$ & $-0.17138$ & $-0.0718565$ & $-0.598388$ & $-0.596908$ & $0.322605$ & $0.165017$ & $0.0556333$ & $0.0872513$ & $0.464915$ & $0.0735372$ & $0.0491162$ & $0.758415$ & $0.734978$ & $0.734922$ & $-0.133788$ & $-0.208235$ & $-0.206866$ & $-0.124238$ & $1$ & $0.749881$ & $0.131449$ & $-0.372868$ & $-0.00267177$ & $0.0325939$ & $0.062542$ & $0.0555521$ & $-0.0655026$ & $0.0909385$ & $-0.595537$ & $-0.00322831$ & $0.0425853$ & $0.0256145$ & $0.000512296$ & $-0.0441927$ & $0.0428442$ & $-0.0209213$ & $0.00373287$ & $0.0261629$ & $0.0229609$ & $-0.0143612$ & $-0.031046$ & $0.0122725$ & $0.0233422$ & $0.00547207$ \\
CHQ3_11 & $-0.039402$ & $0.0254225$ & $-0.0280706$ & $-0.0493757$ & $-0.0113236$ & $-0.258347$ & $-0.076044$ & $-0.353$ & $-0.354132$ & $0.207328$ & $-0.0974359$ & $0.0012796$ & $0.0940647$ & $0.609144$ & $-0.0516904$ & $-0.0702147$ & $0.857875$ & $0.868886$ & $0.869691$ & $0.0989042$ & $0.0883717$ & $0.0858366$ & $0.0462418$ & $0.749881$ & $1$ & $-0.0578883$ & $0.152682$ & $0.0307706$ & $0.0301941$ & $0.0707553$ & $0.0745008$ & $-0.0763309$ & $0.0932026$ & $-0.225982$ & $-0.0142539$ & $0.0555179$ & $0.044883$ & $-0.00328492$ & $-0.0524536$ & $0.00366754$ & $-0.0180537$ & $-0.0158091$ & $-0.0274806$ & $0.000700078$ & $-0.0356426$ & $-0.0162831$ & $0.0423328$ & $0.0274694$ & $-0.0124091$ \\
CHu_11 & $0.0142228$ & $-0.00542388$ & $-0.0347689$ & $-0.00834152$ & $-0.000264651$ & $0.108703$ & $0.0616629$ & $-0.597499$ & $-0.586147$ & $0.321532$ & $0.683198$ & $0.131419$ & $-0.0408223$ & $-0.458652$ & $-0.366698$ & $-0.377767$ & $-0.185192$ & $-0.0449477$ & $-0.0190115$ & $-0.677998$ & $-0.684215$ & $-0.672845$ & $-0.583059$ & $0.131449$ & $-0.0578883$ & $1$ & $-0.164769$ & $-0.284778$ & $0.00271763$ & $-0.0417379$ & $-0.0214938$ & $0.0730709$ & $-0.0361949$ & $-0.241478$ & $0.0027248$ & $0.000934761$ & $0.0116328$ & $-0.0104907$ & $-0.039059$ & $0.0606329$ & $-0.0023913$ & $0.0371931$ & $0.0194536$ & $1.62972e-05$ & $-0.00096645$ & $-0.00900871$ & $-0.0221899$ & $-0.0503543$ & $0.00885027$ \\
CHd_11 & $-0.0674242$ & $0.0354545$ & $-0.0240474$ & $-0.0475896$ & $0.00414327$ & $-0.0578615$ & $0.0187167$ & $0.376526$ & $0.375446$ & $-0.179816$ & $-0.251027$ & $-0.0646846$ & $-0.0244597$ & $-0.0445782$ & $-0.317252$ & $-0.306443$ & $-0.126547$ & $-0.0237287$ & $-0.0126535$ & $0.197549$ & $0.315569$ & $0.313492$ & $0.335947$ & $-0.372868$ & $0.152682$ & $-0.164769$ & $1$ & $0.0961695$ & $-0.020136$ & $-0.0127669$ & $-0.0110794$ & $0.0104144$ & $-0.0189122$ & $0.665721$ & $-0.0135103$ & $0.0183017$ & $0.025808$ & $0.00539689$ & $0.00667616$ & $-0.049429$ & $-0.00624282$ & $-0.00456126$ & $-0.0676692$ & $-0.029882$ & $-0.0296644$ & $0.037963$ & $0.034634$ & $0.00777661$ & $-0.000616487$ \\
CHd_33 & $0.0241376$ & $-0.000254093$ & $0.00241912$ & $0.0190079$ & $-0.00120504$ & $-0.0510424$ & $-0.0135285$ & $0.380245$ & $0.374207$ & $-0.187916$ & $-0.435168$ & $-0.0689785$ & $0.0160121$ & $0.304379$ & $0.249535$ & $0.242851$ & $0.106753$ & $0.0202841$ & $0.0107946$ & $0.432309$ & $0.433044$ & $0.428027$ & $-0.0182535$ & $-0.00267177$ & $0.0307706$ & $-0.284778$ & $0.0961695$ & $1$ & $-0.00969108$ & $0.017683$ & $0.00139247$ & $-0.0176722$ & $0.0320355$ & $0.130976$ & $0.0179292$ & $0.00926983$ & $-0.00917612$ & $-0.0130407$ & $0.0156943$ & $-0.0282328$ & $0.0115649$ & $0.0232881$ & $-0.0191358$ & $-0.0155321$ & $0.0173042$ & $0.0198111$ & $0.0187248$ & $0.0331509$ & $0.029051$ \\
CeH_22r & $-0.0168031$ & $-0.0138898$ & $-0.015487$ & $-0.0141097$ & $0.0226502$ & $-0.0482256$ & $-0.157892$ & $-0.00489738$ & $0.000567601$ & $-0.036817$ & $-0.0162993$ & $0.165928$ & $0.201578$ & $0.0140659$ & $0.0344709$ & $0.0107172$ & $0.054325$ & $0.0216841$ & $0.0366304$ & $0.0180533$ & $0.0139038$ & $0.0176885$ & $-0.0272485$ & $0.0325939$ & $0.0301941$ & $0.00271763$ & $-0.020136$ & $-0.00969108$ & $1$ & $0.156938$ & $0.0997878$ & $-0.156379$ & $0.161923$ & $-0.0203603$ & $-0.0182352$ & $-0.00132475$ & $0.0223668$ & $-0.00785372$ & $0.000177169$ & $0.00530603$ & $0.0159262$ & $0.0121047$ & $0.0149647$ & $-0.0202685$ & $-0.0193781$ & $0.0173274$ & $0.0514202$ & $-0.00341109$ & $-0.00795398$ \\
CeH_33r & $0.0161137$ & $-0.0336267$ & $-0.0118801$ & $0.0781812$ & $0.00372907$ & $-0.057501$ & $-0.6046$ & $0.0379603$ & $0.05605$ & $-0.241265$ & $-0.0891625$ & $0.546664$ & $0.728287$ & $0.0976729$ & $0.0532299$ & $0.0798265$ & $0.108896$ & $0.0802209$ & $0.0566974$ & $0.0901215$ & $0.0854089$ & $0.0860618$ & $-0.0284996$ & $0.062542$ & $0.0707553$ & $-0.0417379$ & $-0.0127669$ & $0.017683$ & $0.156938$ & $1$ & $0.477771$ & $-0.470374$ & $0.837676$ & $0.00335022$ & $0.0167535$ & $0.0102492$ & $-0.114826$ & $0.020092$ & $-0.0465162$ & $0.0365147$ & $-0.00547688$ & $-0.00902236$ & $0.0327473$ & $-0.00315227$ & $0.0553235$ & $0.0132452$ & $-0.0506948$ & $0.0616692$ & $-0.0192289$ \\
CuH_22r & $0.0259967$ & $0.00440111$ & $-0.0469997$ & $-0.00079519$ & $0.00463079$ & $-0.0439394$ & $-0.359516$ & $0.000391063$ & $0.0151625$ & $-0.133861$ & $-0.0440197$ & $0.345329$ & $0.423232$ & $0.0650996$ & $0.0388532$ & $0.0395864$ & $0.0933228$ & $0.0652569$ & $0.0607184$ & $0.0444833$ & $0.0413769$ & $0.0415118$ & $-0.0278073$ & $0.0555521$ & $0.0745008$ & $-0.0214938$ & $-0.0110794$ & $0.00139247$ & $0.0997878$ & $0.477771$ & $1$ & $-0.264351$ & $0.516861$ & $-0.0173973$ & $0.00881334$ & $0.0212214$ & $-0.0496548$ & $-0.017112$ & $0.00552992$ & $0.0220838$ & $-0.0659175$ & $-0.00483556$ & $0.0525894$ & $0.0140188$ & $0.0368552$ & $0.0544743$ & $0.247641$ & $0.0323305$ & $0.0148127$ \\
CuH_33r & $-0.0405781$ & $0.050405$ & $0.0381449$ & $-0.0371405$ & $-0.0126934$ & $0.102927$ & $0.956687$ & $-0.0475139$ & $-0.0291371$ & $0.228189$ & $0.102741$ & $-0.458031$ & $-0.694519$ & $-0.113043$ & $-0.0667554$ & $-0.0906458$ & $-0.113269$ & $-0.0821861$ & $-0.0651849$ & $-0.104244$ & $-0.096799$ & $-0.102312$ & $0.00756706$ & $-0.0655026$ & $-0.0763309$ & $0.0730709$ & $0.0104144$ & $-0.0176722$ & $-0.156379$ & $-0.470374$ & $-0.264351$ & $1$ & $-0.470506$ & $0.00281613$ & $0.0123406$ & $-0.0103877$ & $-0.0233327$ & $-0.0194179$ & $0.0292087$ & $-0.0464017$ & $0.0249459$ & $0.0239692$ & $-0.0125705$ & $-0.00436947$ & $-0.0173199$ & $0.0229209$ & $-0.00258905$ & $0.00479909$ & $-0.0401566$ \\
CdH_33r & $-0.00511847$ & $0.0240496$ & $-0.00870386$ & $0.0900067$ & $0.00627495$ & $-0.058946$ & $-0.625155$ & $0.0234774$ & $0.0440235$ & $-0.24032$ & $-0.0856215$ & $0.57919$ & $0.756994$ & $0.111263$ & $0.0642685$ & $0.0833048$ & $0.126229$ & $0.0934099$ & $0.0731032$ & $0.0887568$ & $0.0808234$ & $0.0801491$ & $-0.042445$ & $0.0909385$ & $0.0932026$ & $-0.0361949$ & $-0.0189122$ & $0.0320355$ & $0.161923$ & $0.837676$ & $0.516861$ & $-0.470506$ & $1$ & $-0.0154582$ & $-0.0232735$ & $0.0195434$ & $-0.0650547$ & $0.00860283$ & $-0.0247016$ & $0.034905$ & $-0.0547305$ & $0.0100624$ & $0.0734143$ & $0.0175742$ & $0.0153666$ & $-0.00400591$ & $-0.0341141$ & $0.1289$ & $0.252445$ \\
CLL_1221 & $-0.0713396$ & $0.0241445$ & $0.0235946$ & $-0.0313464$ & $-0.00746478$ & $-0.0930462$ & $0.0131937$ & $0.521635$ & $0.520945$ & $-0.272003$ & $-0.314092$ & $-0.083274$ & $-0.0164887$ & $-0.164417$ & $-0.484687$ & $-0.0350977$ & $-0.230801$ & $-0.0447878$ & $-0.340706$ & $0.257673$ & $0.384188$ & $0.382394$ & $0.181205$ & $-0.595537$ & $-0.225982$ & $-0.241478$ & $0.665721$ & $0.130976$ & $-0.0203603$ & $0.00335022$ & $-0.0173973$ & $0.00281613$ & $-0.0154582$ & $1$ & $-0.0156715$ & $-0.0267855$ & $0.00983971$ & $0.0307988$ & $0.0153758$ & $-0.0449614$ & $0.0257013$ & $-0.016578$ & $-0.0443028$ & $-0.0326412$ & $-0.0148828$ & $0.0123885$ & $0.00302986$ & $0.01134$ & $-0.00617502$ \\
eHggint & $0.119338$ & $-0.0504435$ & $0.0381899$ & $-0.0241573$ & $0.0280521$ & $-0.00265704$ & $-0.0348999$ & $-0.00792053$ & $-0.0140352$ & $0.0276174$ & $0.0139623$ & $0.0992005$ & $0.0725482$ & $-0.00316032$ & $0.00438927$ & $0.0193445$ & $-0.0176322$ & $-0.0101451$ & $-0.0198132$ & $-0.0141688$ & $-0.01745$ & $-0.0115604$ & $0.000651783$ & $-0.00322831$ & $-0.0142539$ & $0.0027248$ & $-0.0135103$ & $0.0179292$ & $-0.0182352$ & $0.0167535$ & $0.00881334$ & $0.0123406$ & $-0.0232735$ & $-0.0156715$ & $1$ & $0.00825281$ & $0.0345066$ & $0.0167442$ & $0.0487344$ & $-0.00677105$ & $0.0711819$ & $-0.0256128$ & $0.0981387$ & $0.0617868$ & $0.033353$ & $0.144487$ & $-0.0335536$ & $0.099839$ & $-0.141475$ \\
eHggpar & $-0.0222812$ & $0.222472$ & $-0.0706757$ & $-0.0503102$ & $0.000161089$ & $0.0181249$ & $-0.0389363$ & $-0.017509$ & $-0.0215954$ & $0.0195569$ & $-0.00772179$ & $0.0774283$ & $0.0400386$ & $0.0385633$ & $0.0250779$ & $0.00221352$ & $0.0378737$ & $0.0284609$ & $0.0477136$ & $0.0142218$ & $0.0095082$ & $0.014579$ & $0.00579122$ & $0.0425853$ & $0.0555179$ & $0.000934761$ & $0.0183017$ & $0.00926983$ & $-0.00132475$ & $0.0102492$ & $0.0212214$ & $-0.0103877$ & $0.0195434$ & $-0.0267855$ & $0.00825281$ & $1$ & $-0.0341012$ & $-0.0472167$ & $0.0919236$ & $0.0134479$ & $-0.0464358$ & $-0.00241125$ & $0.0728389$ & $-0.0969441$ & $0.0319427$ & $-0.11108$ & $0.0148025$ & $0.100903$ & $-0.0200559$ \\
eHWWint & $-0.0365473$ & $-0.0204627$ & $-0.0629489$ & $-0.0568613$ & $0.0273111$ & $-0.0028089$ & $-0.00710019$ & $-0.0120047$ & $-0.0137726$ & $-0.0105445$ & $-0.0028848$ & $0.022502$ & $0.0149175$ & $0.0041334$ & $-0.0111265$ & $-0.00698503$ & $0.0393931$ & $0.0349592$ & $0.033052$ & $0.00326961$ & $0.00205044$ & $-0.00258738$ & $-0.0101464$ & $0.0256145$ & $0.044883$ & $0.0116328$ & $0.025808$ & $-0.00917612$ & $0.0223668$ & $-0.114826$ & $-0.0496548$ & $-0.0233327$ & $-0.0650547$ & $0.00983971$ & $0.0345066$ & $-0.0341012$ & $1$ & $-0.0222177$ & $0.0843472$ & $0.0263022$ & $-0.0706244$ & $-0.0432401$ & $0.137987$ & $-0.108708$ & $-0.142206$ & $0.0443639$ & $0.0724132$ & $-0.0661912$ & $0.163197$ \\
eHWWpar & $-0.00227401$ & $-0.0444729$ & $-0.0190292$ & $0.0775553$ & $-0.00961088$ & $-0.0245402$ & $-0.0209573$ & $-0.00319312$ & $-0.00347045$ & $-0.0187338$ & $0.0061444$ & $0.0161843$ & $0.0277483$ & $-0.00575883$ & $-0.0351244$ & $-0.00113484$ & $0.000719865$ & $0.0169999$ & $-0.00447053$ & $-0.0102713$ & $-0.00449527$ & $-0.00243604$ & $0.0181231$ & $0.000512296$ & $-0.00328492$ & $-0.0104907$ & $0.00539689$ & $-0.0130407$ & $-0.00785372$ & $0.020092$ & $-0.017112$ & $-0.0194179$ & $0.00860283$ & $0.0307988$ & $0.0167442$ & $-0.0472167$ & $-0.0222177$ & $1$ & $0.0187101$ & $-0.0367806$ & $0.00197711$ & $0.0170322$ & $0.00552608$ & $0.0146336$ & $0.00288955$ & $0.0485147$ & $-0.0236034$ & $0.0627057$ & $-0.0328583$ \\
eHZZint & $0.0426893$ & $0.0154996$ & $0.0217671$ & $0.0538507$ & $-0.0127996$ & $-0.0155281$ & $0.0197607$ & $0.0436671$ & $0.0366247$ & $-0.0369788$ & $-0.0241922$ & $-0.0115586$ & $-0.0428731$ & $-0.00816228$ & $0.0181764$ & $0.027559$ & $-0.0465511$ & $-0.0454087$ & $-0.0480292$ & $0.0223879$ & $0.0225965$ & $0.0225163$ & $0.0418809$ & $-0.0441927$ & $-0.0524536$ & $-0.039059$ & $0.00667616$ & $0.0156943$ & $0.000177169$ & $-0.0465162$ & $0.00552992$ & $0.0292087$ & $-0.0247016$ & $0.0153758$ & $0.0487344$ & $0.0919236$ & $0.0843472$ & $0.0187101$ & $1$ & $-0.016243$ & $0.159387$ & $-0.0110635$ & $0.0276264$ & $-0.0698492$ & $0.155195$ & $0.0830281$ & $0.000417642$ & $0.123576$ & $0.05555$ \\
eHZZpar & $0.0124378$ & $0.00175189$ & $-0.0218793$ & $0.0597613$ & $0.0177952$ & $-0.00854397$ & $-0.053853$ & $-0.0630696$ & $-0.0636057$ & $0.00356428$ & $0.0552515$ & $0.0381457$ & $0.0510214$ & $-0.0240113$ & $-0.0110705$ & $-0.030521$ & $0.016688$ & $0.0118911$ & $0.0292526$ & $-0.0535942$ & $-0.0568017$ & $-0.0571684$ & $-0.0369097$ & $0.0428442$ & $0.00366754$ & $0.0606329$ & $-0.049429$ & $-0.0282328$ & $0.00530603$ & $0.0365147$ & $0.0220838$ & $-0.0464017$ & $0.034905$ & $-0.0449614$ & $-0.00677105$ & $0.0134479$ & $0.0263022$ & $-0.0367806$ & $-0.016243$ & $1$ & $-0.0367717$ & $0.0229076$ & $0.0073618$ & $0.0258264$ & $-0.074266$ & $-0.00264969$ & $0.0147606$ & $-0.012146$ & $-0.00290683$ \\
eHZgaint & $-0.0212314$ & $-0.0653122$ & $0.0791342$ & $0.0342174$ & $-0.00394431$ & $-0.00451189$ & $0.0318363$ & $0.0257053$ & $0.0124366$ & $-0.0275401$ & $-0.0187509$ & $-0.00641438$ & $-0.0331703$ & $0.0159547$ & $-0.0140832$ & $0.0271733$ & $-0.0202603$ & $0.00355958$ & $-0.0277766$ & $0.0180389$ & $0.0181205$ & $0.0136057$ & $-0.0176142$ & $-0.0209213$ & $-0.0180537$ & $-0.0023913$ & $-0.00624282$ & $0.0115649$ & $0.0159262$ & $-0.00547688$ & $-0.0659175$ & $0.0249459$ & $-0.0547305$ & $0.0257013$ & $0.0711819$ & $-0.0464358$ & $-0.0706244$ & $0.00197711$ & $0.159387$ & $-0.0367717$ & $1$ & $0.01231$ & $-0.127657$ & $-0.0635719$ & $-0.0265382$ & $-0.0191299$ & $-0.10658$ & $0.148234$ & $-0.157805$ \\
eHZgapar & $0.0171223$ & $0.0814563$ & $-0.00210615$ & $-0.0403298$ & $0.0389044$ & $0.0386563$ & $0.0251921$ & $-0.00206542$ & $-0.0035634$ & $0.00398619$ & $0.00842698$ & $0.014118$ & $-0.01528$ & $-0.00821483$ & $0.0134222$ & $0.00276679$ & $-0.0198155$ & $-0.0226482$ & $-0.0159446$ & $-0.00518097$ & $-0.0061261$ & $-0.00578915$ & $-0.0407194$ & $0.00373287$ & $-0.0158091$ & $0.0371931$ & $-0.00456126$ & $0.0232881$ & $0.0121047$ & $-0.00902236$ & $-0.00483556$ & $0.0239692$ & $0.0100624$ & $-0.016578$ & $-0.0256128$ & $-0.00241125$ & $-0.0432401$ & $0.0170322$ & $-0.0110635$ & $0.0229076$ & $0.01231$ & $1$ & $-0.0264854$ & $0.0134759$ & $-0.0256769$ & $-0.00967932$ & $0.0322758$ & $0.0125694$ & $0.0786039$ \\
eHgagaint & $0.0107612$ & $-0.153867$ & $0.0745115$ & $0.0388806$ & $0.0137624$ & $0.0199872$ & $-0.0299865$ & $-0.0175266$ & $0.0301274$ & $-0.0300431$ & $0.0208767$ & $0.008268$ & $0.063959$ & $-0.0142228$ & $0.0238549$ & $0.0468792$ & $-0.00663846$ & $-0.0135019$ & $-0.0310793$ & $-0.0165803$ & $-0.0272049$ & $-0.032662$ & $-0.0240533$ & $0.0261629$ & $-0.0274806$ & $0.0194536$ & $-0.0676692$ & $-0.0191358$ & $0.0149647$ & $0.0327473$ & $0.0525894$ & $-0.0125705$ & $0.0734143$ & $-0.0443028$ & $0.0981387$ & $0.0728389$ & $0.137987$ & $0.00552608$ & $0.0276264$ & $0.0073618$ & $-0.127657$ & $-0.0264854$ & $1$ & $0.0648204$ & $-0.0657003$ & $0.15094$ & $0.0567159$ & $0.00988932$ & $0.122363$ \\
eHmumuint & $0.0487679$ & $-0.0999723$ & $0.0112211$ & $0.110381$ & $0.0049857$ & $-0.0121274$ & $0.000582895$ & $-0.0223319$ & $-0.0219819$ & $-0.00326472$ & $0.0194963$ & $0.0262777$ & $0.00138868$ & $-0.0143381$ & $0.0147658$ & $0.0174037$ & $0.0120858$ & $-0.00268111$ & $-0.00449002$ & $-0.0184608$ & $-0.0241037$ & $-0.0190856$ & $0.00465933$ & $0.0229609$ & $0.000700078$ & $1.62972e-05$ & $-0.029882$ & $-0.0155321$ & $-0.0202685$ & $-0.00315227$ & $0.0140188$ & $-0.00436947$ & $0.0175742$ & $-0.0326412$ & $0.0617868$ & $-0.0969441$ & $-0.108708$ & $0.0146336$ & $-0.0698492$ & $0.0258264$ & $-0.0635719$ & $0.0134759$ & $0.0648204$ & $1$ & $-0.0401692$ & $-0.0740233$ & $0.0451289$ & $0.0720234$ & $0.0204732$ \\
eHtautauint & $0.0523924$ & $0.0773193$ & $-0.0347145$ & $0.0121935$ & $-0.0200988$ & $0.04723$ & $-0.0189405$ & $0.00936711$ & $0.00848336$ & $-0.0135344$ & $-0.00577551$ & $-0.00723297$ & $0.0224489$ & $0.0113952$ & $0.0161977$ & $0.00303176$ & $-0.0250539$ & $-0.020845$ & $-0.0181023$ & $0.00613424$ & $0.0034408$ & $0.00134797$ & $-0.00433748$ & $-0.0143612$ & $-0.0356426$ & $-0.00096645$ & $-0.0296644$ & $0.0173042$ & $-0.0193781$ & $0.0553235$ & $0.0368552$ & $-0.0173199$ & $0.0153666$ & $-0.0148828$ & $0.033353$ & $0.0319427$ & $-0.142206$ & $0.00288955$ & $0.155195$ & $-0.074266$ & $-0.0265382$ & $-0.0256769$ & $-0.0657003$ & $-0.0401692$ & $1$ & $-0.00687894$ & $-0.0259445$ & $0.122578$ & $-0.0311761$ \\
eHccint & $0.0634416$ & $-0.103769$ & $0.0970631$ & $0.0553687$ & $0.0357758$ & $0.021698$ & $0.0123954$ & $0.011714$ & $0.0214094$ & $-0.008202$ & $0.00808256$ & $-0.0215576$ & $0.00883654$ & $-0.0180318$ & $-0.0152183$ & $-0.0233992$ & $-0.0354729$ & $-0.0265074$ & $-0.0141719$ & $-0.0137162$ & $-0.00641586$ & $-0.00422259$ & $0.0216516$ & $-0.031046$ & $-0.0162831$ & $-0.00900871$ & $0.037963$ & $0.0198111$ & $0.0173274$ & $0.0132452$ & $0.0544743$ & $0.0229209$ & $-0.00400591$ & $0.0123885$ & $0.144487$ & $-0.11108$ & $0.0443639$ & $0.0485147$ & $0.0830281$ & $-0.00264969$ & $-0.0191299$ & $-0.00967932$ & $0.15094$ & $-0.0740233$ & $-0.00687894$ & $1$ & $-0.0972222$ & $0.121706$ & $-0.0448699$ \\
eHccpar & $0.0339863$ & $0.0398472$ & $-0.112712$ & $-0.0994312$ & $-0.0496434$ & $-0.00830855$ & $-0.00205577$ & $0.0138015$ & $0.0180314$ & $0.0332179$ & $-0.0288639$ & $0.00842802$ & $-0.0305473$ & $0.0339733$ & $0.0191129$ & $0.0157939$ & $0.0280155$ & $0.0207781$ & $0.0249032$ & $0.0297949$ & $0.0298551$ & $0.0335023$ & $0.00354596$ & $0.0122725$ & $0.0423328$ & $-0.0221899$ & $0.034634$ & $0.0187248$ & $0.0514202$ & $-0.0506948$ & $0.247641$ & $-0.00258905$ & $-0.0341141$ & $0.00302986$ & $-0.0335536$ & $0.0148025$ & $0.0724132$ & $-0.0236034$ & $0.000417642$ & $0.0147606$ & $-0.10658$ & $0.0322758$ & $0.0567159$ & $0.0451289$ & $-0.0259445$ & $-0.0972222$ & $1$ & $-0.00126329$ & $0.0539081$ \\
eHbbint & $-0.00975625$ & $0.0463238$ & $0.0548977$ & $0.162696$ & $-0.0116157$ & $-0.0238891$ & $-0.02155$ & $0.0065271$ & $0.00795302$ & $-0.00383287$ & $-0.0216619$ & $0.0370704$ & $0.0411757$ & $0.0407585$ & $-0.00224036$ & $0.0134097$ & $0.025662$ & $0.0342342$ & $0.018964$ & $0.0209622$ & $0.0216041$ & $0.0246972$ & $0.0497978$ & $0.0233422$ & $0.0274694$ & $-0.0503543$ & $0.00777661$ & $0.0331509$ & $-0.00341109$ & $0.0616692$ & $0.0323305$ & $0.00479909$ & $0.1289$ & $0.01134$ & $0.099839$ & $0.100903$ & $-0.0661912$ & $0.0627057$ & $0.123576$ & $-0.012146$ & $0.148234$ & $0.0125694$ & $0.00988932$ & $0.0720234$ & $0.122578$ & $0.121706$ & $-0.00126329$ & $1$ & $-0.0996837$ \\
eHbbpar & $-0.0514383$ & $0.162977$ & $0.0351866$ & $0.0197074$ & $0.0523306$ & $0.0471593$ & $-0.0377919$ & $0.00762547$ & $0.011666$ & $-0.000696885$ & $-0.00217878$ & $0.00991356$ & $0.0226519$ & $-0.00952561$ & $0.0238296$ & $0.0247548$ & $-0.0171068$ & $-0.0239282$ & $-0.0274894$ & $0.0102523$ & $0.00253959$ & $-0.000228475$ & $-0.018457$ & $0.00547207$ & $-0.0124091$ & $0.00885027$ & $-0.000616487$ & $0.029051$ & $-0.00795398$ & $-0.0192289$ & $0.0148127$ & $-0.0401566$ & $0.252445$ & $-0.00617502$ & $-0.141475$ & $-0.0200559$ & $0.163197$ & $-0.0328583$ & $0.05555$ & $-0.00290683$ & $-0.157805$ & $0.0786039$ & $0.122363$ & $0.0204732$ & $-0.0311761$ & $-0.0448699$ & $0.0539081$ & $-0.0996837$ & $1$ \\
