 & AlsMz & dAle5Mz & mtop & mHl & Mz & CW & CHG & CHWB & CHWHB_gaga & CHWHB_gagaorth & CHD & CHbox & CH & CHL1_11 & CHL1_22 & CHL1_33 & CHL3_11 & CHL3_22 & CHL3_33 & CHe_11 & CHe_22 & CHe_33 & CHQ1_11 & CHQ1_33 & CHQ3_11 & CHu_11 & CHd_11 & CHd_33 & CeH_22r & CeH_33r & CuH_22r & CuH_33r & CdH_33r & CLL_1221 & eHggint & eHggpar & eHWWint & eHWWpar & eHZZint & eHZZpar & eHZgaint & eHZgapar & eHgagaint & eHmumuint & eHtautauint & eHccint & eHccpar & eHbbint & eHbbpar \\
AlsMz & $1$ & $-0.299381$ & $0.198959$ & $-0.660506$ & $0.0150183$ & $-0.011426$ & $0.312146$ & $-0.231228$ & $-0.248642$ & $0.236935$ & $0.14397$ & $-0.43669$ & $-0.330388$ & $0.309439$ & $0.337377$ & $0.299801$ & $0.286599$ & $0.0962684$ & $0.0977513$ & $-0.21092$ & $-0.277798$ & $-0.254561$ & $0.0352544$ & $0.213603$ & $-0.0446234$ & $-0.269952$ & $-0.413332$ & $0.00977258$ & $-0.0756136$ & $-0.300603$ & $-0.124581$ & $0.270016$ & $-0.371013$ & $-0.307317$ & $-0.110793$ & $0.0142139$ & $-0.75315$ & $0.247934$ & $0.0774321$ & $0.170274$ & $-0.415521$ & $-0.364841$ & $-0.59097$ & $-0.364743$ & $-0.419401$ & $0.647447$ & $-0.0777051$ & $0.0356089$ & $-0.368391$ \\
dAle5Mz & $-0.299381$ & $1$ & $-0.207529$ & $-0.0388543$ & $-0.360245$ & $-0.147369$ & $0.0236658$ & $-0.246323$ & $-0.21234$ & $0.114068$ & $0.228483$ & $0.111103$ & $0.0448432$ & $-0.000356625$ & $0.132952$ & $0.262091$ & $0.174209$ & $-0.000375429$ & $-0.0753322$ & $-0.181452$ & $-0.240598$ & $-0.118686$ & $0.00932627$ & $0.128625$ & $0.0174213$ & $-0.160423$ & $-0.231013$ & $-0.299417$ & $0.0280128$ & $0.144586$ & $0.22611$ & $0.0717307$ & $0.145037$ & $-0.131882$ & $0.110421$ & $-0.0973983$ & $0.0950863$ & $-0.299148$ & $0.279824$ & $0.422564$ & $0.347449$ & $0.12535$ & $0.517996$ & $-0.109717$ & $0.101159$ & $-0.28425$ & $0.218705$ & $0.330368$ & $-0.00807486$ \\
mtop & $0.198959$ & $-0.207529$ & $1$ & $-0.393392$ & $-0.035697$ & $0.0535655$ & $0.182934$ & $-0.379207$ & $-0.402237$ & $0.307187$ & $0.352214$ & $-0.318076$ & $-0.386018$ & $0.270388$ & $0.187177$ & $0.21304$ & $0.326276$ & $0.185292$ & $0.199393$ & $-0.353486$ & $-0.27239$ & $-0.372893$ & $-0.24133$ & $0.30849$ & $0.107928$ & $0.0885265$ & $-0.360382$ & $0.117695$ & $-0.158548$ & $-0.320321$ & $-0.251445$ & $0.159778$ & $-0.306822$ & $-0.367113$ & $0.692772$ & $0.0156791$ & $0.189531$ & $-0.364266$ & $0.405891$ & $-0.461655$ & $-0.528136$ & $0.138492$ & $-0.46931$ & $0.558857$ & $0.047168$ & $-0.19313$ & $-0.0871835$ & $-0.0126214$ & $0.234227$ \\
mHl & $-0.660506$ & $-0.0388543$ & $-0.393392$ & $1$ & $0.208483$ & $0.040967$ & $-0.453672$ & $0.611762$ & $0.62396$ & $-0.560805$ & $-0.471069$ & $0.372869$ & $0.393071$ & $-0.534198$ & $-0.599127$ & $-0.565609$ & $-0.623782$ & $-0.208811$ & $-0.252134$ & $0.505929$ & $0.570342$ & $0.522932$ & $0.155737$ & $-0.540796$ & $-0.119347$ & $0.323262$ & $0.777311$ & $0.146262$ & $0.130319$ & $0.340355$ & $-0.00394338$ & $-0.453959$ & $0.327177$ & $0.658866$ & $-0.38487$ & $-0.213692$ & $0.389844$ & $-0.00791764$ & $-0.573495$ & $-0.235891$ & $0.318243$ & $0.304904$ & $0.561438$ & $0.0953322$ & $0.220697$ & $-0.553879$ & $-0.268118$ & $-0.432076$ & $0.0662491$ \\
Mz & $0.0150183$ & $-0.360245$ & $-0.035697$ & $0.208483$ & $1$ & $0.112405$ & $-0.16032$ & $0.312983$ & $0.297024$ & $-0.186361$ & $-0.23755$ & $0.0905958$ & $0.151432$ & $-0.133162$ & $-0.182074$ & $-0.279063$ & $-0.280135$ & $-0.0565147$ & $-0.0364106$ & $0.272565$ & $0.272805$ & $0.227667$ & $0.0332035$ & $-0.196132$ & $-0.0671024$ & $0.145715$ & $0.32166$ & $0.202163$ & $0.0756175$ & $0.0405425$ & $-0.0686258$ & $-0.165273$ & $0.0160716$ & $0.277823$ & $-0.289997$ & $-0.0508616$ & $0.00154635$ & $0.257943$ & $-0.216117$ & $-0.24158$ & $-0.156515$ & $-0.171893$ & $-0.163877$ & $0.0609016$ & $-0.0828391$ & $0.0703112$ & $-0.116529$ & $-0.414722$ & $-0.170149$ \\
CW & $-0.011426$ & $-0.147369$ & $0.0535655$ & $0.040967$ & $0.112405$ & $1$ & $-0.00593104$ & $0.00266117$ & $-0.00341701$ & $0.030976$ & $0.0141355$ & $0.0877946$ & $0.0812552$ & $0.17931$ & $0.0441979$ & $0.00134336$ & $-0.140253$ & $0.00356961$ & $0.00096291$ & $0.00147562$ & $0.00220176$ & $-0.060375$ & $0.0125625$ & $0.0470588$ & $-0.00324256$ & $0.0539502$ & $0.0121436$ & $0.0571279$ & $0.0955488$ & $0.0124686$ & $0.0452075$ & $0.00274905$ & $0.0375575$ & $-0.0594474$ & $-0.00348364$ & $0.0664305$ & $0.0656421$ & $0.116972$ & $0.0265955$ & $-0.119806$ & $-0.0198259$ & $-0.0605119$ & $-0.109396$ & $0.0198506$ & $-0.0265666$ & $0.0255621$ & $0.0259013$ & $-0.123479$ & $0.0128815$ \\
CHG & $0.312146$ & $0.0236658$ & $0.182934$ & $-0.453672$ & $-0.16032$ & $-0.00593104$ & $1$ & $-0.332601$ & $-0.327064$ & $0.314611$ & $0.249725$ & $-0.722881$ & $-0.769423$ & $0.293824$ & $0.205091$ & $0.199891$ & $0.358664$ & $0.24176$ & $0.238023$ & $-0.251019$ & $-0.260034$ & $-0.136612$ & $0.0171103$ & $0.209087$ & $0.242543$ & $-0.0472831$ & $-0.258424$ & $-0.0342713$ & $-0.173663$ & $-0.587587$ & $-0.255888$ & $0.966762$ & $-0.481273$ & $-0.291073$ & $0.358897$ & $0.40087$ & $0.0668006$ & $0.191143$ & $0.353434$ & $0.485366$ & $0.220538$ & $0.226914$ & $-0.341592$ & $-0.00147376$ & $-0.49073$ & $0.359626$ & $-0.24064$ & $0.273976$ & $0.335451$ \\
CHWB & $-0.231228$ & $-0.246323$ & $-0.379207$ & $0.611762$ & $0.312983$ & $0.00266117$ & $-0.332601$ & $1$ & $0.995585$ & $-0.750817$ & $-0.91646$ & $0.15327$ & $0.27113$ & $-0.569384$ & $-0.492384$ & $-0.485861$ & $-0.826137$ & $-0.502097$ & $-0.506465$ & $0.902192$ & $0.786288$ & $0.742954$ & $0.190522$ & $-0.798709$ & $-0.508719$ & $0.0827215$ & $0.765915$ & $0.22787$ & $0.101201$ & $0.238577$ & $-0.0084304$ & $-0.354697$ & $0.183715$ & $0.843923$ & $-0.56936$ & $-0.281042$ & $0.0272842$ & $0.170375$ & $-0.684143$ & $-0.124793$ & $0.0910516$ & $0.137223$ & $0.285004$ & $-0.0339589$ & $-0.0170068$ & $-0.186996$ & $-0.381405$ & $-0.460542$ & $-0.177533$ \\
CHWHB_gaga & $-0.248642$ & $-0.21234$ & $-0.402237$ & $0.62396$ & $0.297024$ & $-0.00341701$ & $-0.327064$ & $0.995585$ & $1$ & $-0.754352$ & $-0.911148$ & $0.164433$ & $0.279393$ & $-0.578803$ & $-0.494668$ & $-0.47973$ & $-0.827262$ & $-0.502957$ & $-0.512943$ & $0.901008$ & $0.783392$ & $0.744747$ & $0.196816$ & $-0.800352$ & $-0.508953$ & $0.0775613$ & $0.766009$ & $0.215875$ & $0.107074$ & $0.262085$ & $0.00783383$ & $-0.349362$ & $0.204062$ & $0.844564$ & $-0.574341$ & $-0.296791$ & $0.0240939$ & $0.155028$ & $-0.68855$ & $-0.10467$ & $0.108191$ & $0.147863$ & $0.328546$ & $-0.0475098$ & $-0.00323051$ & $-0.203043$ & $-0.376367$ & $-0.445113$ & $-0.185816$ \\
CHWHB_gagaorth & $0.236935$ & $0.114068$ & $0.307187$ & $-0.560805$ & $-0.186361$ & $0.030976$ & $0.314611$ & $-0.750817$ & $-0.754352$ & $1$ & $0.502363$ & $-0.0872185$ & $-0.198159$ & $0.821415$ & $0.53357$ & $0.476746$ & $0.861615$ & $0.523165$ & $0.58599$ & $-0.552604$ & $-0.519148$ & $-0.522172$ & $-0.240511$ & $0.772881$ & $0.579529$ & $-0.123617$ & $-0.694564$ & $-0.156915$ & $-0.0926834$ & $-0.236948$ & $0.0281436$ & $0.340659$ & $-0.208321$ & $-0.724866$ & $0.435653$ & $0.338117$ & $-0.0272653$ & $0.00731805$ & $0.656771$ & $0.0733401$ & $-0.112714$ & $-0.276055$ & $-0.364783$ & $0.00389183$ & $-0.0261315$ & $0.293082$ & $0.414748$ & $0.351382$ & $0.0976124$ \\
CHD & $0.14397$ & $0.228483$ & $0.352214$ & $-0.471069$ & $-0.23755$ & $0.0141355$ & $0.249725$ & $-0.91646$ & $-0.911148$ & $0.502363$ & $1$ & $-0.115998$ & $-0.226846$ & $0.275962$ & $0.321874$ & $0.327547$ & $0.588986$ & $0.388433$ & $0.364388$ & $-0.916554$ & $-0.754357$ & $-0.7103$ & $-0.128723$ & $0.633312$ & $0.362825$ & $-0.00266902$ & $-0.600209$ & $-0.205616$ & $-0.0730431$ & $-0.185262$ & $-0.0118056$ & $0.271564$ & $-0.13266$ & $-0.688576$ & $0.513054$ & $0.218209$ & $0.0250896$ & $-0.187342$ & $0.556519$ & $0.0895301$ & $-0.0568713$ & $-0.0471015$ & $-0.201967$ & $0.080106$ & $0.0308745$ & $0.0854504$ & $0.284154$ & $0.368535$ & $0.194708$ \\
CHbox & $-0.43669$ & $0.111103$ & $-0.318076$ & $0.372869$ & $0.0905958$ & $0.0877946$ & $-0.722881$ & $0.15327$ & $0.164433$ & $-0.0872185$ & $-0.115998$ & $1$ & $0.967646$ & $-0.140482$ & $0.00528427$ & $-0.0481417$ & $-0.203886$ & $-0.201707$ & $-0.143798$ & $0.144251$ & $0.128607$ & $-0.0051977$ & $-0.0935559$ & $0.00344501$ & $-0.161718$ & $-0.0598919$ & $0.0511156$ & $-0.152241$ & $0.262169$ & $0.656435$ & $0.445512$ & $-0.655587$ & $0.61453$ & $0.0857369$ & $-0.315426$ & $-0.0919188$ & $0.0341834$ & $-0.00674021$ & $-0.0464349$ & $-0.311152$ & $-0.0185903$ & $-0.467825$ & $0.30846$ & $-0.126152$ & $0.529351$ & $-0.17568$ & $0.633029$ & $-0.0671447$ & $-0.267263$ \\
CH & $-0.330388$ & $0.0448432$ & $-0.386018$ & $0.393071$ & $0.151432$ & $0.0812552$ & $-0.769423$ & $0.27113$ & $0.279393$ & $-0.198159$ & $-0.226846$ & $0.967646$ & $1$ & $-0.181674$ & $-0.0370268$ & $-0.0935613$ & $-0.2879$ & $-0.254715$ & $-0.196415$ & $0.222816$ & $0.209516$ & $0.0607309$ & $-0.0432358$ & $-0.0867789$ & $-0.230426$ & $-0.090002$ & $0.124602$ & $-0.114295$ & $0.263944$ & $0.659956$ & $0.427976$ & $-0.720192$ & $0.580735$ & $0.185758$ & $-0.475917$ & $-0.175667$ & $-0.107781$ & $0.0557593$ & $-0.171424$ & $-0.311314$ & $-0.0723503$ & $-0.524774$ & $0.299507$ & $-0.211649$ & $0.46854$ & $-0.119802$ & $0.561328$ & $-0.159638$ & $-0.407789$ \\
CHL1_11 & $0.309439$ & $-0.000356625$ & $0.270388$ & $-0.534198$ & $-0.133162$ & $0.17931$ & $0.293824$ & $-0.569384$ & $-0.578803$ & $0.821415$ & $0.275962$ & $-0.140482$ & $-0.181674$ & $1$ & $0.540845$ & $0.48613$ & $0.736105$ & $0.448631$ & $0.529955$ & $-0.418062$ & $-0.391296$ & $-0.428248$ & $-0.231842$ & $0.689187$ & $0.505237$ & $-0.145946$ & $-0.638339$ & $-0.084118$ & $-0.100499$ & $-0.222583$ & $0.0181541$ & $0.302951$ & $-0.188326$ & $-0.642694$ & $0.349727$ & $0.274205$ & $-0.115191$ & $0.0321448$ & $0.55376$ & $0.0461817$ & $-0.16383$ & $-0.278183$ & $-0.385592$ & $-0.0541079$ & $-0.0463982$ & $0.316769$ & $0.337426$ & $0.275555$ & $0.0307756$ \\
CHL1_22 & $0.337377$ & $0.132952$ & $0.187177$ & $-0.599127$ & $-0.182074$ & $0.0441979$ & $0.205091$ & $-0.492384$ & $-0.494668$ & $0.53357$ & $0.321874$ & $0.00528427$ & $-0.0370268$ & $0.540845$ & $1$ & $0.643585$ & $0.529709$ & $-0.198155$ & $0.124855$ & $-0.361572$ & $-0.53354$ & $-0.469786$ & $-0.202705$ & $0.619942$ & $0.0236408$ & $-0.254514$ & $-0.768387$ & $-0.233177$ & $-0.0257385$ & $-0.104884$ & $0.165547$ & $0.219963$ & $-0.0809697$ & $-0.779017$ & $0.294169$ & $0.192593$ & $-0.256581$ & $-0.0684175$ & $0.541239$ & $0.10221$ & $-0.170998$ & $-0.367176$ & $-0.311362$ & $-0.162631$ & $0.0812668$ & $0.347298$ & $0.4865$ & $0.454565$ & $-0.0541707$ \\
CHL1_33 & $0.299801$ & $0.262091$ & $0.21304$ & $-0.565609$ & $-0.279063$ & $0.00134336$ & $0.199891$ & $-0.485861$ & $-0.47973$ & $0.476746$ & $0.327547$ & $-0.0481417$ & $-0.0935613$ & $0.48613$ & $0.643585$ & $1$ & $0.506571$ & $0.0265841$ & $-0.162318$ & $-0.361187$ & $-0.483362$ & $-0.507005$ & $-0.172927$ & $0.548129$ & $-0.0193181$ & $-0.251784$ & $-0.743888$ & $-0.253822$ & $-0.0265416$ & $-0.0640218$ & $0.156074$ & $0.218283$ & $-0.0596619$ & $-0.613485$ & $0.348817$ & $0.0713086$ & $-0.261074$ & $-0.221885$ & $0.488759$ & $0.126309$ & $-0.160011$ & $-0.20901$ & $-0.150881$ & $-0.146527$ & $0.0912893$ & $0.195871$ & $0.410952$ & $0.465167$ & $-0.0568366$ \\
CHL3_11 & $0.286599$ & $0.174209$ & $0.326276$ & $-0.623782$ & $-0.280135$ & $-0.140253$ & $0.358664$ & $-0.826137$ & $-0.827262$ & $0.861615$ & $0.588986$ & $-0.203886$ & $-0.2879$ & $0.736105$ & $0.529709$ & $0.506571$ & $1$ & $0.554855$ & $0.600308$ & $-0.689117$ & $-0.59831$ & $-0.569424$ & $-0.206262$ & $0.790793$ & $0.603796$ & $-0.152298$ & $-0.734502$ & $-0.170813$ & $-0.118297$ & $-0.286692$ & $0.00277574$ & $0.361462$ & $-0.222127$ & $-0.725668$ & $0.48228$ & $0.289875$ & $-0.0721236$ & $-0.0910765$ & $0.640813$ & $0.125511$ & $-0.123901$ & $-0.194381$ & $-0.347159$ & $0.00276769$ & $-0.0224393$ & $0.277319$ & $0.366726$ & $0.440153$ & $0.136943$ \\
CHL3_22 & $0.0962684$ & $-0.000375429$ & $0.185292$ & $-0.208811$ & $-0.0565147$ & $0.00356961$ & $0.24176$ & $-0.502097$ & $-0.502957$ & $0.523165$ & $0.388433$ & $-0.201707$ & $-0.254715$ & $0.448631$ & $-0.198155$ & $0.0265841$ & $0.554855$ & $1$ & $0.611363$ & $-0.419636$ & $-0.251774$ & $-0.269963$ & $-0.046956$ & $0.393205$ & $0.723848$ & $0.0434921$ & $-0.160746$ & $0.020521$ & $-0.113615$ & $-0.223079$ & $-0.121229$ & $0.241652$ & $-0.191305$ & $-0.0845688$ & $0.221918$ & $0.169593$ & $0.0829897$ & $0.0597375$ & $0.260328$ & $0.0435849$ & $-0.0280512$ & $-0.000114906$ & $-0.186163$ & $0.0948365$ & $-0.135172$ & $0.095004$ & $0.018449$ & $0.0291079$ & $0.108222$ \\
CHL3_33 & $0.0977513$ & $-0.0753322$ & $0.199393$ & $-0.252134$ & $-0.0364106$ & $0.00096291$ & $0.238023$ & $-0.506465$ & $-0.512943$ & $0.58599$ & $0.364388$ & $-0.143798$ & $-0.196415$ & $0.529955$ & $0.124855$ & $-0.162318$ & $0.600308$ & $0.611363$ & $1$ & $-0.42458$ & $-0.301244$ & $-0.313483$ & $-0.0971017$ & $0.471195$ & $0.73026$ & $0.0422909$ & $-0.225771$ & $0.0447528$ & $-0.0910299$ & $-0.24764$ & $-0.103725$ & $0.227867$ & $-0.202273$ & $-0.336734$ & $0.227545$ & $0.259434$ & $0.110488$ & $0.133887$ & $0.335506$ & $-0.00217967$ & $-0.0545141$ & $-0.132717$ & $-0.300708$ & $0.105482$ & $-0.0927186$ & $0.192217$ & $0.118281$ & $0.0540728$ & $0.139629$ \\
CHe_11 & $-0.21092$ & $-0.181452$ & $-0.353486$ & $0.505929$ & $0.272565$ & $0.00147562$ & $-0.251019$ & $0.902192$ & $0.901008$ & $-0.552604$ & $-0.916554$ & $0.144251$ & $0.222816$ & $-0.418062$ & $-0.361572$ & $-0.361187$ & $-0.689117$ & $-0.419636$ & $-0.42458$ & $1$ & $0.752383$ & $0.733662$ & $0.147849$ & $-0.680874$ & $-0.400019$ & $0.0360538$ & $0.647803$ & $0.19651$ & $0.0823373$ & $0.208052$ & $0.009839$ & $-0.257508$ & $0.145254$ & $0.684742$ & $-0.502065$ & $-0.220183$ & $0.0332377$ & $0.18169$ & $-0.567879$ & $-0.0636144$ & $0.1053$ & $0.0909767$ & $0.25568$ & $-0.0468751$ & $-0.0326074$ & $-0.130629$ & $-0.305188$ & $-0.366818$ & $-0.169432$ \\
CHe_22 & $-0.277798$ & $-0.240598$ & $-0.27239$ & $0.570342$ & $0.272805$ & $0.00220176$ & $-0.260034$ & $0.786288$ & $0.783392$ & $-0.519148$ & $-0.754357$ & $0.128607$ & $0.209516$ & $-0.391296$ & $-0.53354$ & $-0.483362$ & $-0.59831$ & $-0.251774$ & $-0.301244$ & $0.752383$ & $1$ & $0.66852$ & $0.119145$ & $-0.654052$ & $-0.268658$ & $0.105247$ & $0.705577$ & $0.202508$ & $0.0909214$ & $0.163943$ & $-0.0379419$ & $-0.280633$ & $0.138972$ & $0.703798$ & $-0.443177$ & $-0.207779$ & $0.146363$ & $0.150031$ & $-0.572782$ & $-0.164087$ & $0.0774145$ & $0.156908$ & $0.244195$ & $0.0642022$ & $-0.00859761$ & $-0.211514$ & $-0.348856$ & $-0.409846$ & $-0.0783658$ \\
CHe_33 & $-0.254561$ & $-0.118686$ & $-0.372893$ & $0.522932$ & $0.227667$ & $-0.060375$ & $-0.136612$ & $0.742954$ & $0.744747$ & $-0.522172$ & $-0.7103$ & $-0.0051977$ & $0.0607309$ & $-0.428248$ & $-0.469786$ & $-0.507005$ & $-0.569424$ & $-0.269963$ & $-0.313483$ & $0.733662$ & $0.66852$ & $1$ & $0.201075$ & $-0.668191$ & $-0.241234$ & $0.118679$ & $0.69863$ & $0.231417$ & $0.0173047$ & $0.120103$ & $-0.03661$ & $-0.140763$ & $0.131026$ & $0.667779$ & $-0.411155$ & $-0.172697$ & $0.13097$ & $0.138516$ & $-0.573699$ & $0.0549298$ & $0.219322$ & $0.269416$ & $0.290656$ & $0.00883981$ & $-0.068678$ & $-0.162134$ & $-0.42577$ & $-0.27242$ & $-0.000714604$ \\
CHQ1_11 & $0.0352544$ & $0.00932627$ & $-0.24133$ & $0.155737$ & $0.0332035$ & $0.0125625$ & $0.0171103$ & $0.190522$ & $0.196816$ & $-0.240511$ & $-0.128723$ & $-0.0935559$ & $-0.0432358$ & $-0.231842$ & $-0.202705$ & $-0.172927$ & $-0.206262$ & $-0.046956$ & $-0.0971017$ & $0.147849$ & $0.119145$ & $0.201075$ & $1$ & $-0.242496$ & $-0.0311569$ & $-0.409199$ & $0.313486$ & $-0.012192$ & $0.0291802$ & $-0.00519519$ & $-0.0418377$ & $0.00548361$ & $-0.004421$ & $0.241653$ & $-0.26951$ & $-0.0857234$ & $-0.119512$ & $0.1593$ & $-0.28168$ & $0.231094$ & $0.161088$ & $0.108237$ & $0.139417$ & $-0.15427$ & $-0.165845$ & $0.0572372$ & $-0.270601$ & $-0.144387$ & $-0.103168$ \\
CHQ1_33 & $0.213603$ & $0.128625$ & $0.30849$ & $-0.540796$ & $-0.196132$ & $0.0470588$ & $0.209087$ & $-0.798709$ & $-0.800352$ & $0.772881$ & $0.633312$ & $0.00344501$ & $-0.0867789$ & $0.689187$ & $0.619942$ & $0.548129$ & $0.790793$ & $0.393205$ & $0.471195$ & $-0.680874$ & $-0.654052$ & $-0.668191$ & $-0.242496$ & $1$ & $0.463115$ & $-0.139216$ & $-0.73239$ & $-0.154635$ & $-0.0405411$ & $-0.159346$ & $0.0656624$ & $0.226721$ & $-0.136294$ & $-0.774337$ & $0.440939$ & $0.29663$ & $-0.0611341$ & $-0.0629672$ & $0.64978$ & $0.00700989$ & $-0.142591$ & $-0.29876$ & $-0.319626$ & $0.0115316$ & $0.0803358$ & $0.239004$ & $0.492704$ & $0.346309$ & $0.0618193$ \\
CHQ3_11 & $-0.0446234$ & $0.0174213$ & $0.107928$ & $-0.119347$ & $-0.0671024$ & $-0.00324256$ & $0.242543$ & $-0.508719$ & $-0.508953$ & $0.579529$ & $0.362825$ & $-0.161718$ & $-0.230426$ & $0.505237$ & $0.0236408$ & $-0.0193181$ & $0.603796$ & $0.723848$ & $0.73026$ & $-0.400019$ & $-0.268658$ & $-0.241234$ & $-0.0311569$ & $0.463115$ & $1$ & $0.0971058$ & $-0.0909726$ & $0.0203925$ & $-0.0998844$ & $-0.228544$ & $-0.119121$ & $0.241477$ & $-0.162173$ & $-0.267884$ & $0.221655$ & $0.27796$ & $0.221366$ & $0.12178$ & $0.275098$ & $0.0876368$ & $0.11602$ & $0.0160013$ & $-0.156873$ & $0.11314$ & $-0.127102$ & $0.08128$ & $0.0310972$ & $0.0538034$ & $0.21494$ \\
CHu_11 & $-0.269952$ & $-0.160423$ & $0.0885265$ & $0.323262$ & $0.145715$ & $0.0539502$ & $-0.0472831$ & $0.0827215$ & $0.0775613$ & $-0.123617$ & $-0.00266902$ & $-0.0598919$ & $-0.090002$ & $-0.145946$ & $-0.254514$ & $-0.251784$ & $-0.152298$ & $0.0434921$ & $0.0422909$ & $0.0360538$ & $0.105247$ & $0.118679$ & $-0.409199$ & $-0.139216$ & $0.0971058$ & $1$ & $0.339448$ & $0.241742$ & $-0.0223314$ & $-0.0514262$ & $-0.195093$ & $-0.0481434$ & $0.00859009$ & $0.149596$ & $0.0876401$ & $0.0276933$ & $0.36807$ & $-0.0496216$ & $-0.148542$ & $-0.191744$ & $0.0947303$ & $0.317184$ & $0.0689294$ & $0.236373$ & $-0.00739694$ & $-0.297859$ & $-0.246311$ & $-0.184395$ & $0.277192$ \\
CHd_11 & $-0.413332$ & $-0.231013$ & $-0.360382$ & $0.777311$ & $0.32166$ & $0.0121436$ & $-0.258424$ & $0.765915$ & $0.766009$ & $-0.694564$ & $-0.600209$ & $0.0511156$ & $0.124602$ & $-0.638339$ & $-0.768387$ & $-0.743888$ & $-0.734502$ & $-0.160746$ & $-0.225771$ & $0.647803$ & $0.705577$ & $0.69863$ & $0.313486$ & $-0.73239$ & $-0.0909726$ & $0.339448$ & $1$ & $0.280794$ & $0.0701864$ & $0.144261$ & $-0.157042$ & $-0.278905$ & $0.129131$ & $0.849294$ & $-0.491572$ & $-0.181135$ & $0.289251$ & $0.213065$ & $-0.712152$ & $-0.0870064$ & $0.274333$ & $0.360857$ & $0.348624$ & $0.116162$ & $-0.112199$ & $-0.322977$ & $-0.568987$ & $-0.569483$ & $0.0267772$ \\
CHd_33 & $0.00977258$ & $-0.299417$ & $0.117695$ & $0.146262$ & $0.202163$ & $0.0571279$ & $-0.0342713$ & $0.22787$ & $0.215875$ & $-0.156915$ & $-0.205616$ & $-0.152241$ & $-0.114295$ & $-0.084118$ & $-0.233177$ & $-0.253822$ & $-0.170813$ & $0.020521$ & $0.0447528$ & $0.19651$ & $0.202508$ & $0.231417$ & $-0.012192$ & $-0.154635$ & $0.0203925$ & $0.241742$ & $0.280794$ & $1$ & $-0.037527$ & $-0.0771362$ & $-0.227276$ & $-0.0636252$ & $-0.0984146$ & $0.229434$ & $-0.0309025$ & $-0.132047$ & $0.0760629$ & $0.00928999$ & $-0.259659$ & $-0.215976$ & $-0.154758$ & $0.18459$ & $-0.078154$ & $0.195151$ & $-0.0562083$ & $-0.0962949$ & $-0.323716$ & $-0.273982$ & $0.0521713$ \\
CeH_22r & $-0.0756136$ & $0.0280128$ & $-0.158548$ & $0.130319$ & $0.0756175$ & $0.0955488$ & $-0.173663$ & $0.101201$ & $0.107074$ & $-0.0926834$ & $-0.0730431$ & $0.262169$ & $0.263944$ & $-0.100499$ & $-0.0257385$ & $-0.0265416$ & $-0.118297$ & $-0.113615$ & $-0.0910299$ & $0.0823373$ & $0.0909214$ & $0.0173047$ & $0.0291802$ & $-0.0405411$ & $-0.0998844$ & $-0.0223314$ & $0.0701864$ & $-0.037527$ & $1$ & $0.186396$ & $0.170259$ & $-0.164454$ & $0.201583$ & $0.0709347$ & $-0.197437$ & $-0.00176724$ & $-0.0500493$ & $0.127854$ & $-0.0594653$ & $-0.00734254$ & $0.0512353$ & $-0.150046$ & $0.0827337$ & $-0.158357$ & $0.0500055$ & $0.0128637$ & $0.140641$ & $-0.0637667$ & $-0.100707$ \\
CeH_33r & $-0.300603$ & $0.144586$ & $-0.320321$ & $0.340355$ & $0.0405425$ & $0.0124686$ & $-0.587587$ & $0.238577$ & $0.262085$ & $-0.236948$ & $-0.185262$ & $0.656435$ & $0.659956$ & $-0.222583$ & $-0.104884$ & $-0.0640218$ & $-0.286692$ & $-0.223079$ & $-0.24764$ & $0.208052$ & $0.163943$ & $0.120103$ & $-0.00519519$ & $-0.159346$ & $-0.228544$ & $-0.0514262$ & $0.144261$ & $-0.0771362$ & $0.186396$ & $1$ & $0.476807$ & $-0.480085$ & $0.767677$ & $0.192409$ & $-0.318265$ & $-0.271129$ & $-0.088687$ & $-0.110182$ & $-0.223924$ & $-0.165924$ & $-0.0139169$ & $-0.206087$ & $0.394458$ & $-0.131293$ & $0.383211$ & $-0.193418$ & $0.290143$ & $-0.067985$ & $-0.264429$ \\
CuH_22r & $-0.124581$ & $0.22611$ & $-0.251445$ & $-0.00394338$ & $-0.0686258$ & $0.0452075$ & $-0.255888$ & $-0.0084304$ & $0.00783383$ & $0.0281436$ & $-0.0118056$ & $0.445512$ & $0.427976$ & $0.0181541$ & $0.165547$ & $0.156074$ & $0.00277574$ & $-0.121229$ & $-0.103725$ & $0.009839$ & $-0.0379419$ & $-0.03661$ & $-0.0418377$ & $0.0656624$ & $-0.119121$ & $-0.195093$ & $-0.157042$ & $-0.227276$ & $0.170259$ & $0.476807$ & $1$ & $-0.162349$ & $0.490454$ & $-0.064274$ & $-0.145243$ & $0.0121702$ & $-0.103122$ & $0.00983631$ & $0.0895417$ & $0.0718442$ & $0.0712503$ & $-0.314097$ & $0.170128$ & $-0.190295$ & $0.227999$ & $0.0871134$ & $0.459406$ & $0.178311$ & $-0.183493$ \\
CuH_33r & $0.270016$ & $0.0717307$ & $0.159778$ & $-0.453959$ & $-0.165273$ & $0.00274905$ & $0.966762$ & $-0.354697$ & $-0.349362$ & $0.340659$ & $0.271564$ & $-0.655587$ & $-0.720192$ & $0.302951$ & $0.219963$ & $0.218283$ & $0.361462$ & $0.241652$ & $0.227867$ & $-0.257508$ & $-0.280633$ & $-0.140763$ & $0.00548361$ & $0.226721$ & $0.241477$ & $-0.0481434$ & $-0.278905$ & $-0.0636252$ & $-0.164454$ & $-0.480085$ & $-0.162349$ & $1$ & $-0.333279$ & $-0.314221$ & $0.369281$ & $0.443574$ & $0.0922949$ & $0.205321$ & $0.399029$ & $0.518358$ & $0.267295$ & $0.20178$ & $-0.32088$ & $-0.013928$ & $-0.48372$ & $0.366645$ & $-0.181301$ & $0.295412$ & $0.347621$ \\
CdH_33r & $-0.371013$ & $0.145037$ & $-0.306822$ & $0.327177$ & $0.0160716$ & $0.0375575$ & $-0.481273$ & $0.183715$ & $0.204062$ & $-0.208321$ & $-0.13266$ & $0.61453$ & $0.580735$ & $-0.188326$ & $-0.0809697$ & $-0.0596619$ & $-0.222127$ & $-0.191305$ & $-0.202273$ & $0.145254$ & $0.138972$ & $0.131026$ & $-0.004421$ & $-0.136294$ & $-0.162173$ & $0.00859009$ & $0.129131$ & $-0.0984146$ & $0.201583$ & $0.767677$ & $0.490454$ & $-0.333279$ & $1$ & $0.153597$ & $-0.186698$ & $-0.0830954$ & $0.0956224$ & $-0.0950836$ & $-0.158541$ & $-0.105883$ & $0.11547$ & $-0.0918749$ & $0.296759$ & $-0.0874608$ & $0.346751$ & $-0.178556$ & $0.270217$ & $0.0601881$ & $0.0573421$ \\
CLL_1221 & $-0.307317$ & $-0.131882$ & $-0.367113$ & $0.658866$ & $0.277823$ & $-0.0594474$ & $-0.291073$ & $0.843923$ & $0.844564$ & $-0.724866$ & $-0.688576$ & $0.0857369$ & $0.185758$ & $-0.642694$ & $-0.779017$ & $-0.613485$ & $-0.725668$ & $-0.0845688$ & $-0.336734$ & $0.684742$ & $0.703798$ & $0.667779$ & $0.241653$ & $-0.774337$ & $-0.267884$ & $0.149596$ & $0.849294$ & $0.229434$ & $0.0709347$ & $0.192409$ & $-0.064274$ & $-0.314221$ & $0.153597$ & $1$ & $-0.527854$ & $-0.283561$ & $0.12525$ & $0.148518$ & $-0.675707$ & $-0.073614$ & $0.163121$ & $0.255066$ & $0.354724$ & $0.0359265$ & $-0.066348$ & $-0.277044$ & $-0.462073$ & $-0.499865$ & $-0.112142$ \\
eHggint & $-0.110793$ & $0.110421$ & $0.692772$ & $-0.38487$ & $-0.289997$ & $-0.00348364$ & $0.358897$ & $-0.56936$ & $-0.574341$ & $0.435653$ & $0.513054$ & $-0.315426$ & $-0.475917$ & $0.349727$ & $0.294169$ & $0.348817$ & $0.48228$ & $0.221918$ & $0.227545$ & $-0.502065$ & $-0.443177$ & $-0.411155$ & $-0.26951$ & $0.440939$ & $0.221655$ & $0.0876401$ & $-0.491572$ & $-0.0309025$ & $-0.197437$ & $-0.318265$ & $-0.145243$ & $0.369281$ & $-0.186698$ & $-0.527854$ & $1$ & $0.1779$ & $0.423474$ & $-0.541718$ & $0.567603$ & $-0.167847$ & $-0.134036$ & $0.415181$ & $-0.179118$ & $0.547653$ & $0.226928$ & $-0.260048$ & $0.0588567$ & $0.373663$ & $0.615148$ \\
eHggpar & $0.0142139$ & $-0.0973983$ & $0.0156791$ & $-0.213692$ & $-0.0508616$ & $0.0664305$ & $0.40087$ & $-0.281042$ & $-0.296791$ & $0.338117$ & $0.218209$ & $-0.0919188$ & $-0.175667$ & $0.274205$ & $0.192593$ & $0.0713086$ & $0.289875$ & $0.169593$ & $0.259434$ & $-0.220183$ & $-0.207779$ & $-0.172697$ & $-0.0857234$ & $0.29663$ & $0.27796$ & $0.0276933$ & $-0.181135$ & $-0.132047$ & $-0.00176724$ & $-0.271129$ & $0.0121702$ & $0.443574$ & $-0.0830954$ & $-0.283561$ & $0.1779$ & $1$ & $0.315273$ & $0.550232$ & $0.496261$ & $0.359688$ & $0.539177$ & $-0.182282$ & $-0.416646$ & $-0.181601$ & $-0.464005$ & $0.409234$ & $0.230667$ & $0.154317$ & $0.359285$ \\
eHWWint & $-0.75315$ & $0.0950863$ & $0.189531$ & $0.389844$ & $0.00154635$ & $0.0656421$ & $0.0668006$ & $0.0272842$ & $0.0240939$ & $-0.0272653$ & $0.0250896$ & $0.0341834$ & $-0.107781$ & $-0.115191$ & $-0.256581$ & $-0.261074$ & $-0.0721236$ & $0.0829897$ & $0.110488$ & $0.0332377$ & $0.146363$ & $0.13097$ & $-0.119512$ & $-0.0611341$ & $0.221366$ & $0.36807$ & $0.289251$ & $0.0760629$ & $-0.0500493$ & $-0.088687$ & $-0.103122$ & $0.0922949$ & $0.0956224$ & $0.12525$ & $0.423474$ & $0.315273$ & $1$ & $-0.140342$ & $0.185194$ & $-0.176584$ & $0.373191$ & $0.46023$ & $0.125873$ & $0.595325$ & $0.108564$ & $-0.504451$ & $-0.094407$ & $-0.0479335$ & $0.686215$ \\
eHWWpar & $0.247934$ & $-0.299148$ & $-0.364266$ & $-0.00791764$ & $0.257943$ & $0.116972$ & $0.191143$ & $0.170375$ & $0.155028$ & $0.00731805$ & $-0.187342$ & $-0.00674021$ & $0.0557593$ & $0.0321448$ & $-0.0684175$ & $-0.221885$ & $-0.0910765$ & $0.0597375$ & $0.133887$ & $0.18169$ & $0.150031$ & $0.138516$ & $0.1593$ & $-0.0629672$ & $0.12178$ & $-0.0496216$ & $0.213065$ & $0.00928999$ & $0.127854$ & $-0.110182$ & $0.00983631$ & $0.205321$ & $-0.0950836$ & $0.148518$ & $-0.541718$ & $0.550232$ & $-0.140342$ & $1$ & $-0.00596691$ & $0.384486$ & $0.361419$ & $-0.481855$ & $-0.368161$ & $-0.435698$ & $-0.653601$ & $0.676203$ & $0.014713$ & $-0.292093$ & $-0.228061$ \\
eHZZint & $0.0774321$ & $0.279824$ & $0.405891$ & $-0.573495$ & $-0.216117$ & $0.0265955$ & $0.353434$ & $-0.684143$ & $-0.68855$ & $0.656771$ & $0.556519$ & $-0.0464349$ & $-0.171424$ & $0.55376$ & $0.541239$ & $0.488759$ & $0.640813$ & $0.260328$ & $0.335506$ & $-0.567879$ & $-0.572782$ & $-0.573699$ & $-0.28168$ & $0.64978$ & $0.275098$ & $-0.148542$ & $-0.712152$ & $-0.259659$ & $-0.0594653$ & $-0.223924$ & $0.0895417$ & $0.399029$ & $-0.158541$ & $-0.675707$ & $0.567603$ & $0.496261$ & $0.185194$ & $-0.00596691$ & $1$ & $0.139877$ & $0.0391662$ & $-0.286639$ & $-0.351688$ & $0.05878$ & $-0.101694$ & $0.191088$ & $0.507679$ & $0.348821$ & $0.146677$ \\
eHZZpar & $0.170274$ & $0.422564$ & $-0.461655$ & $-0.235891$ & $-0.24158$ & $-0.119806$ & $0.485366$ & $-0.124793$ & $-0.10467$ & $0.0733401$ & $0.0895301$ & $-0.311152$ & $-0.311314$ & $0.0461817$ & $0.10221$ & $0.126309$ & $0.125511$ & $0.0435849$ & $-0.00217967$ & $-0.0636144$ & $-0.164087$ & $0.0549298$ & $0.231094$ & $0.00700989$ & $0.0876368$ & $-0.191744$ & $-0.0870064$ & $-0.215976$ & $-0.00734254$ & $-0.165924$ & $0.0718442$ & $0.518358$ & $-0.105883$ & $-0.073614$ & $-0.167847$ & $0.359688$ & $-0.176584$ & $0.384486$ & $0.139877$ & $1$ & $0.64929$ & $0.0164652$ & $0.151232$ & $-0.52198$ & $-0.523948$ & $0.449508$ & $-0.0330692$ & $0.364729$ & $-0.0199258$ \\
eHZgaint & $-0.415521$ & $0.347449$ & $-0.528136$ & $0.318243$ & $-0.156515$ & $-0.0198259$ & $0.220538$ & $0.0910516$ & $0.108191$ & $-0.112714$ & $-0.0568713$ & $-0.0185903$ & $-0.0723503$ & $-0.16383$ & $-0.170998$ & $-0.160011$ & $-0.123901$ & $-0.0280512$ & $-0.0545141$ & $0.1053$ & $0.0774145$ & $0.219322$ & $0.161088$ & $-0.142591$ & $0.11602$ & $0.0947303$ & $0.274333$ & $-0.154758$ & $0.0512353$ & $-0.0139169$ & $0.0712503$ & $0.267295$ & $0.11547$ & $0.163121$ & $-0.134036$ & $0.539177$ & $0.373191$ & $0.361419$ & $0.0391662$ & $0.64929$ & $1$ & $0.239373$ & $0.334985$ & $-0.266646$ & $-0.358932$ & $0.0425377$ & $-0.0571087$ & $0.103743$ & $0.29177$ \\
eHZgapar & $-0.364841$ & $0.12535$ & $0.138492$ & $0.304904$ & $-0.171893$ & $-0.0605119$ & $0.226914$ & $0.137223$ & $0.147863$ & $-0.276055$ & $-0.0471015$ & $-0.467825$ & $-0.524774$ & $-0.278183$ & $-0.367176$ & $-0.20901$ & $-0.194381$ & $-0.000114906$ & $-0.132717$ & $0.0909767$ & $0.156908$ & $0.269416$ & $0.108237$ & $-0.29876$ & $0.0160013$ & $0.317184$ & $0.360857$ & $0.18459$ & $-0.150046$ & $-0.206087$ & $-0.314097$ & $0.20178$ & $-0.0918749$ & $0.255066$ & $0.415181$ & $-0.182282$ & $0.46023$ & $-0.481855$ & $-0.286639$ & $0.0164652$ & $0.239373$ & $1$ & $0.363053$ & $0.425606$ & $0.0666257$ & $-0.576765$ & $-0.664971$ & $0.00899645$ & $0.601808$ \\
eHgagaint & $-0.59097$ & $0.517996$ & $-0.46931$ & $0.561438$ & $-0.163877$ & $-0.109396$ & $-0.341592$ & $0.285004$ & $0.328546$ & $-0.364783$ & $-0.201967$ & $0.30846$ & $0.299507$ & $-0.385592$ & $-0.311362$ & $-0.150881$ & $-0.347159$ & $-0.186163$ & $-0.300708$ & $0.25568$ & $0.244195$ & $0.290656$ & $0.139417$ & $-0.319626$ & $-0.156873$ & $0.0689294$ & $0.348624$ & $-0.078154$ & $0.0827337$ & $0.394458$ & $0.170128$ & $-0.32088$ & $0.296759$ & $0.354724$ & $-0.179118$ & $-0.416646$ & $0.125873$ & $-0.368161$ & $-0.351688$ & $0.151232$ & $0.334985$ & $0.363053$ & $1$ & $-0.0832918$ & $0.378023$ & $-0.578527$ & $-0.064081$ & $0.0556076$ & $-0.113624$ \\
eHmumuint & $-0.364743$ & $-0.109717$ & $0.558857$ & $0.0953322$ & $0.0609016$ & $0.0198506$ & $-0.00147376$ & $-0.0339589$ & $-0.0475098$ & $0.00389183$ & $0.080106$ & $-0.126152$ & $-0.211649$ & $-0.0541079$ & $-0.162631$ & $-0.146527$ & $0.00276769$ & $0.0948365$ & $0.105482$ & $-0.0468751$ & $0.0642022$ & $0.00883981$ & $-0.15427$ & $0.0115316$ & $0.11314$ & $0.236373$ & $0.116162$ & $0.195151$ & $-0.158357$ & $-0.131293$ & $-0.190295$ & $-0.013928$ & $-0.0874608$ & $0.0359265$ & $0.547653$ & $-0.181601$ & $0.595325$ & $-0.435698$ & $0.05878$ & $-0.52198$ & $-0.266646$ & $0.425606$ & $-0.0832918$ & $1$ & $0.337154$ & $-0.463058$ & $-0.205895$ & $-0.167995$ & $0.447196$ \\
eHtautauint & $-0.419401$ & $0.101159$ & $0.047168$ & $0.220697$ & $-0.0828391$ & $-0.0265666$ & $-0.49073$ & $-0.0170068$ & $-0.00323051$ & $-0.0261315$ & $0.0308745$ & $0.529351$ & $0.46854$ & $-0.0463982$ & $0.0812668$ & $0.0912893$ & $-0.0224393$ & $-0.135172$ & $-0.0927186$ & $-0.0326074$ & $-0.00859761$ & $-0.068678$ & $-0.165845$ & $0.0803358$ & $-0.127102$ & $-0.00739694$ & $-0.112199$ & $-0.0562083$ & $0.0500055$ & $0.383211$ & $0.227999$ & $-0.48372$ & $0.346751$ & $-0.066348$ & $0.226928$ & $-0.464005$ & $0.108564$ & $-0.653601$ & $-0.101694$ & $-0.523948$ & $-0.358932$ & $0.0666257$ & $0.378023$ & $0.337154$ & $1$ & $-0.499746$ & $0.374964$ & $0.222099$ & $0.0506717$ \\
eHccint & $0.647447$ & $-0.28425$ & $-0.19313$ & $-0.553879$ & $0.0703112$ & $0.0255621$ & $0.359626$ & $-0.186996$ & $-0.203043$ & $0.293082$ & $0.0854504$ & $-0.17568$ & $-0.119802$ & $0.316769$ & $0.347298$ & $0.195871$ & $0.277319$ & $0.095004$ & $0.192217$ & $-0.130629$ & $-0.211514$ & $-0.162134$ & $0.0572372$ & $0.239004$ & $0.08128$ & $-0.297859$ & $-0.322977$ & $-0.0962949$ & $0.0128637$ & $-0.193418$ & $0.0871134$ & $0.366645$ & $-0.178556$ & $-0.277044$ & $-0.260048$ & $0.409234$ & $-0.504451$ & $0.676203$ & $0.191088$ & $0.449508$ & $0.0425377$ & $-0.576765$ & $-0.578527$ & $-0.463058$ & $-0.499746$ & $1$ & $0.206368$ & $0.185163$ & $-0.247819$ \\
eHccpar & $-0.0777051$ & $0.218705$ & $-0.0871835$ & $-0.268118$ & $-0.116529$ & $0.0259013$ & $-0.24064$ & $-0.381405$ & $-0.376367$ & $0.414748$ & $0.284154$ & $0.633029$ & $0.561328$ & $0.337426$ & $0.4865$ & $0.410952$ & $0.366726$ & $0.018449$ & $0.118281$ & $-0.305188$ & $-0.348856$ & $-0.42577$ & $-0.270601$ & $0.492704$ & $0.0310972$ & $-0.246311$ & $-0.568987$ & $-0.323716$ & $0.140641$ & $0.290143$ & $0.459406$ & $-0.181301$ & $0.270217$ & $-0.462073$ & $0.0588567$ & $0.230667$ & $-0.094407$ & $0.014713$ & $0.507679$ & $-0.0330692$ & $-0.0571087$ & $-0.664971$ & $-0.064081$ & $-0.205895$ & $0.374964$ & $0.206368$ & $1$ & $0.359968$ & $-0.212166$ \\
eHbbint & $0.0356089$ & $0.330368$ & $-0.0126214$ & $-0.432076$ & $-0.414722$ & $-0.123479$ & $0.273976$ & $-0.460542$ & $-0.445113$ & $0.351382$ & $0.368535$ & $-0.0671447$ & $-0.159638$ & $0.275555$ & $0.454565$ & $0.465167$ & $0.440153$ & $0.0291079$ & $0.0540728$ & $-0.366818$ & $-0.409846$ & $-0.27242$ & $-0.144387$ & $0.346309$ & $0.0538034$ & $-0.184395$ & $-0.569483$ & $-0.273982$ & $-0.0637667$ & $-0.067985$ & $0.178311$ & $0.295412$ & $0.0601881$ & $-0.499865$ & $0.373663$ & $0.154317$ & $-0.0479335$ & $-0.292093$ & $0.348821$ & $0.364729$ & $0.103743$ & $0.00899645$ & $0.0556076$ & $-0.167995$ & $0.222099$ & $0.185163$ & $0.359968$ & $1$ & $0.258564$ \\
eHbbpar & $-0.368391$ & $-0.00807486$ & $0.234227$ & $0.0662491$ & $-0.170149$ & $0.0128815$ & $0.335451$ & $-0.177533$ & $-0.185816$ & $0.0976124$ & $0.194708$ & $-0.267263$ & $-0.407789$ & $0.0307756$ & $-0.0541707$ & $-0.0568366$ & $0.136943$ & $0.108222$ & $0.139629$ & $-0.169432$ & $-0.0783658$ & $-0.000714604$ & $-0.103168$ & $0.0618193$ & $0.21494$ & $0.277192$ & $0.0267772$ & $0.0521713$ & $-0.100707$ & $-0.264429$ & $-0.183493$ & $0.347621$ & $0.0573421$ & $-0.112142$ & $0.615148$ & $0.359285$ & $0.686215$ & $-0.228061$ & $0.146677$ & $-0.0199258$ & $0.29177$ & $0.601808$ & $-0.113624$ & $0.447196$ & $0.0506717$ & $-0.247819$ & $-0.212166$ & $0.258564$ & $1$ \\
