 & AlsMz & dAle5Mz & mtop & mHl & Mz & CW & CHG & CHWB & CHWHB_gaga & CHWHB_gagaorth & CHD & CH & CHL1_11 & CHL1_22 & CHL1_33 & CHL3_11 & CHL3_22 & CHL3_33 & CHe_11 & CHe_22 & CHe_33 & CHQ1_11 & CHQ1_33 & CHQ3_11 & CHu_11 & CHd_11 & CHd_33 & CeH_22r & CeH_33r & CuH_22r & CuH_33r & CdH_33r & CLL_1221 & eHggint & eHggpar & eHWWint & eHWWpar & eHZZint & eHZZpar & eHZgaint & eHZgapar & eHgagaint & eHmumuint & eHtautauint & eHccint & eHccpar & eHbbint & eHbbpar \\
AlsMz & $1$ & $0.213355$ & $-0.127189$ & $0.0688574$ & $0.015299$ & $0.00811147$ & $0.0166106$ & $-0.0180973$ & $-0.0114522$ & $-0.00345206$ & $0.00834645$ & $0.00208218$ & $-0.00567693$ & $-0.00567505$ & $-0.018533$ & $0.00531508$ & $0.00404316$ & $0.012227$ & $-0.0119573$ & $-0.0107708$ & $-0.00980263$ & $-0.00474974$ & $-0.0403038$ & $-0.0755166$ & $-0.022792$ & $-0.0285781$ & $0.014787$ & $-0.0155471$ & $-0.0173064$ & $-0.038541$ & $0.0216573$ & $0.0255306$ & $0.00100522$ & $0.188278$ & $0.00824478$ & $0.0990847$ & $-0.00298011$ & $0.0398415$ & $-0.017206$ & $0.107114$ & $0.00361504$ & $0.184805$ & $0.0543943$ & $0.080932$ & $0.0216092$ & $-0.0939135$ & $0.091251$ & $0.110585$ \\
dAle5Mz & $0.213355$ & $1$ & $-0.122359$ & $0.0340371$ & $0.000398549$ & $0.00746875$ & $-0.0103372$ & $-0.0750377$ & $-0.067225$ & $0.0221217$ & $0.0546611$ & $-0.0135139$ & $-0.0178724$ & $-0.0181137$ & $-0.0226386$ & $0.0257896$ & $0.0211461$ & $0.0259388$ & $-0.0377264$ & $-0.0374952$ & $-0.0348568$ & $0.0101955$ & $0.0219684$ & $0.00595147$ & $0.00409791$ & $-0.0180512$ & $-0.0140646$ & $-0.00494432$ & $-0.013208$ & $-0.0137479$ & $-0.0099313$ & $0.0533863$ & $0.00823108$ & $0.00734829$ & $0.0559133$ & $-0.0256665$ & $0.0164262$ & $0.131994$ & $-0.0212017$ & $0.023079$ & $0.00729191$ & $0.134368$ & $0.0571164$ & $-0.104151$ & $0.0736581$ & $-0.0730406$ & $-0.0333763$ & $0.19654$ \\
mtop & $-0.127189$ & $-0.122359$ & $1$ & $-0.020927$ & $-0.0114219$ & $-0.00761459$ & $0.0130837$ & $0.00697725$ & $0.00840292$ & $-0.00588694$ & $0.00689657$ & $-0.0333555$ & $-0.00614517$ & $-0.00207843$ & $-0.0030603$ & $-0.0117413$ & $-0.00900335$ & $-0.00717796$ & $-0.00306005$ & $-0.0016845$ & $-0.00107622$ & $-0.0029898$ & $-0.00122397$ & $0.000465006$ & $0.0104561$ & $0.00583076$ & $-0.00667165$ & $0.00595428$ & $0.00117972$ & $0.0485306$ & $0.00515368$ & $-0.0369281$ & $0.00224543$ & $-0.10761$ & $-0.16956$ & $-0.0577341$ & $-0.0073932$ & $0.181205$ & $-0.00544025$ & $0.0810086$ & $0.00345843$ & $-0.0131363$ & $-0.0139156$ & $-0.00582833$ & $0.0311184$ & $0.169923$ & $-0.045333$ & $-0.0940885$ \\
mHl & $0.0688574$ & $0.0340371$ & $-0.020927$ & $1$ & $-0.00834583$ & $0.00386245$ & $-0.0151679$ & $0.0041454$ & $-0.00101072$ & $-0.011121$ & $-0.000845942$ & $0.00886927$ & $-0.00336705$ & $0.00263172$ & $-0.00493599$ & $-0.0101016$ & $-0.0096282$ & $-0.00479154$ & $0.000257238$ & $0.00118024$ & $3.24578e-05$ & $-0.00851155$ & $-0.0155981$ & $-0.0153432$ & $0.0105687$ & $-0.00125539$ & $-0.00314495$ & $-0.0178181$ & $0.0136186$ & $0.00173857$ & $-0.00532971$ & $0.0495158$ & $0.00163989$ & $0.037947$ & $0.0852749$ & $-0.110617$ & $-0.00155149$ & $0.0437148$ & $0.0283377$ & $-0.0536171$ & $0.00709178$ & $-0.08115$ & $-0.0811981$ & $-0.00344946$ & $-0.0399439$ & $-0.00950532$ & $0.0582812$ & $0.0634827$ \\
Mz & $0.015299$ & $0.000398549$ & $-0.0114219$ & $-0.00834583$ & $1$ & $0.00274672$ & $0.0104186$ & $-0.00308575$ & $-0.00255026$ & $0.00590314$ & $0.00939522$ & $-0.000810824$ & $0.00136748$ & $-0.00698767$ & $0.00622277$ & $-0.00154784$ & $0.00326906$ & $-0.00608426$ & $-0.00422469$ & $-0.00256268$ & $-0.00236705$ & $0.00915957$ & $-0.00199037$ & $-0.00400858$ & $-0.00690282$ & $-0.00527143$ & $-0.00030934$ & $0.00940665$ & $-0.00280576$ & $0.000455281$ & $0.00786117$ & $-0.00158584$ & $0.00180603$ & $-0.00595792$ & $0.00873662$ & $-0.000589169$ & $-0.00176209$ & $0.00617211$ & $-0.00345227$ & $0.0108046$ & $-0.0016323$ & $-0.00255917$ & $-0.00138095$ & $-0.00326148$ & $-0.00104685$ & $0.00224366$ & $0.00178487$ & $0.00613811$ \\
CW & $0.00811147$ & $0.00746875$ & $-0.00761459$ & $0.00386245$ & $0.00274672$ & $1$ & $-0.00089383$ & $-0.00895743$ & $-0.00870605$ & $-0.0815977$ & $0.11766$ & $0.00607491$ & $0.00746137$ & $-0.0600221$ & $-0.0620612$ & $-0.356455$ & $-0.156192$ & $-0.156457$ & $-0.114791$ & $-0.120647$ & $-0.121067$ & $-0.00613727$ & $-0.115469$ & $-0.198498$ & $0.0817696$ & $-0.0507062$ & $-0.0406552$ & $0.00323363$ & $-0.0217241$ & $-0.0117154$ & $-0.00468723$ & $-0.0256267$ & $-0.0859912$ & $-0.00402154$ & $-0.000216529$ & $-0.00314563$ & $-0.00868704$ & $-0.0052933$ & $-0.0065065$ & $0.0115578$ & $0.00679245$ & $0.0134788$ & $0.00228295$ & $-0.015169$ & $-0.00435112$ & $0.000606392$ & $0.00368548$ & $0.000648224$ \\
CHG & $0.0166106$ & $-0.0103372$ & $0.0130837$ & $-0.0151679$ & $0.0104186$ & $-0.00089383$ & $1$ & $0.0149765$ & $0.0486338$ & $-0.0205308$ & $-0.0078381$ & $-0.468343$ & $-0.00726452$ & $0.00415861$ & $0.00733837$ & $-0.0133349$ & $-0.0148242$ & $-0.0171736$ & $0.00768366$ & $0.00764008$ & $0.00769216$ & $-0.00387784$ & $-0.0195572$ & $-0.0169734$ & $-0.00498416$ & $0.00135995$ & $0.00334585$ & $-0.0320656$ & $-0.258109$ & $-0.141566$ & $0.929956$ & $-0.293355$ & $0.00967752$ & $-0.0740536$ & $-0.0371588$ & $0.0444675$ & $0.00126724$ & $0.0183836$ & $0.00425892$ & $0.00916848$ & $-0.008482$ & $0.0102877$ & $-0.00177116$ & $0.0253797$ & $0.000804894$ & $-0.00525394$ & $-0.0236032$ & $-0.0104124$ \\
CHWB & $-0.0180973$ & $-0.0750377$ & $0.00697725$ & $0.0041454$ & $-0.00308575$ & $-0.00895743$ & $0.0149765$ & $1$ & $0.988565$ & $-0.501007$ & $-0.864753$ & $-0.0548953$ & $0.173244$ & $0.437135$ & $0.429662$ & $-0.333014$ & $-0.49768$ & $-0.494521$ & $0.844641$ & $0.88055$ & $0.869073$ & $0.0240193$ & $-0.669901$ & $-0.461902$ & $-0.5631$ & $0.371348$ & $0.351296$ & $0.00658714$ & $0.0423853$ & $0.00489266$ & $0.0220697$ & $0.0377221$ & $0.500773$ & $0.00998195$ & $-0.00856343$ & $0.000409913$ & $0.000520914$ & $-0.0233779$ & $0.0112028$ & $-0.00392709$ & $-0.000255977$ & $-0.0178037$ & $-0.00834113$ & $-0.00358687$ & $0.000578862$ & $0.00692047$ & $0.0149909$ & $-0.0183471$ \\
CHWHB_gaga & $-0.0114522$ & $-0.067225$ & $0.00840292$ & $-0.00101072$ & $-0.00255026$ & $-0.00870605$ & $0.0486338$ & $0.988565$ & $1$ & $-0.506887$ & $-0.855296$ & $-0.0475206$ & $0.171554$ & $0.434313$ & $0.426525$ & $-0.328625$ & $-0.492744$ & $-0.48922$ & $0.835702$ & $0.870808$ & $0.85942$ & $0.0237252$ & $-0.661735$ & $-0.45698$ & $-0.557635$ & $0.365954$ & $0.34793$ & $0.0142747$ & $0.0623971$ & $0.0140176$ & $0.0482073$ & $0.060178$ & $0.493539$ & $-0.00402734$ & $-0.0116678$ & $-0.0100121$ & $-0.000918924$ & $-0.00825889$ & $0.00904446$ & $-0.00567972$ & $-0.00324993$ & $0.0363893$ & $-0.00125338$ & $-0.00110554$ & $0.00524479$ & $7.7506e-05$ & $0.00853452$ & $-0.0136444$ \\
CHWHB_gagaorth & $-0.00345206$ & $0.0221217$ & $-0.00588694$ & $-0.011121$ & $0.00590314$ & $-0.0815977$ & $-0.0205308$ & $-0.501007$ & $-0.506887$ & $1$ & $0.26536$ & $0.0665857$ & $0.220085$ & $-0.173966$ & $-0.173696$ & $0.482852$ & $0.530286$ & $0.531175$ & $-0.263519$ & $-0.275655$ & $-0.272972$ & $-0.0237325$ & $0.535845$ & $0.521283$ & $0.175761$ & $-0.160722$ & $-0.109877$ & $-0.0186318$ & $-0.20912$ & $-0.0729711$ & $-0.0470121$ & $-0.241222$ & $-0.273668$ & $-0.0207948$ & $-0.0013389$ & $0.0115704$ & $-0.00116168$ & $0.0219092$ & $0.00280325$ & $-0.0487414$ & $0.00143851$ & $0.00913598$ & $0.00581314$ & $0.0140276$ & $-0.0082248$ & $-0.0126331$ & $-0.0136335$ & $0.0073333$ \\
CHD & $0.00834645$ & $0.0546611$ & $0.00689657$ & $-0.000845942$ & $0.00939522$ & $0.11766$ & $-0.0078381$ & $-0.864753$ & $-0.855296$ & $0.26536$ & $1$ & $0.054259$ & $-0.595926$ & $-0.562808$ & $-0.553592$ & $-0.152419$ & $0.0769632$ & $0.0723086$ & $-0.993925$ & $-0.993843$ & $-0.979482$ & $0.0408709$ & $0.256133$ & $0.0278232$ & $0.639682$ & $-0.228468$ & $-0.393348$ & $-0.00375141$ & $-0.0730057$ & $-0.0226395$ & $-0.0153345$ & $-0.0837712$ & $-0.28005$ & $-0.00375819$ & $0.00426224$ & $-0.0035359$ & $-0.00158921$ & $0.0136913$ & $-0.00700903$ & $0.0196153$ & $0.0023335$ & $0.0198066$ & $0.00345045$ & $-0.00473015$ & $-3.70478e-06$ & $0.00116316$ & $-0.0168718$ & $0.0144863$ \\
CH & $0.00208218$ & $-0.0135139$ & $-0.0333555$ & $0.00886927$ & $-0.000810824$ & $0.00607491$ & $-0.468343$ & $-0.0548953$ & $-0.0475206$ & $0.0665857$ & $0.054259$ & $1$ & $-0.0204162$ & $-0.0192518$ & $-0.0275458$ & $0.00273719$ & $0.0115912$ & $0.0162244$ & $-0.0527174$ & $-0.0560524$ & $-0.0571277$ & $0.00908686$ & $0.0299383$ & $0.0120377$ & $0.0296845$ & $-0.0242078$ & $-0.0208762$ & $0.0873701$ & $0.449721$ & $0.206159$ & $-0.365865$ & $0.471114$ & $-0.0358669$ & $0.0777273$ & $0.0114503$ & $-0.0357736$ & $-0.00544765$ & $-0.0307556$ & $0.00318707$ & $-0.0133364$ & $-0.00483439$ & $-0.0100874$ & $-0.0162527$ & $-0.0132837$ & $-0.012159$ & $0.0227631$ & $0.0150009$ & $-0.0206882$ \\
CHL1_11 & $-0.00567693$ & $-0.0178724$ & $-0.00614517$ & $-0.00336705$ & $0.00136748$ & $0.00746137$ & $-0.00726452$ & $0.173244$ & $0.171554$ & $0.220085$ & $-0.595926$ & $-0.0204162$ & $1$ & $0.372218$ & $0.364537$ & $0.598949$ & $0.566971$ & $0.571438$ & $0.610269$ & $0.562147$ & $0.550974$ & $-0.108208$ & $0.464922$ & $0.574411$ & $-0.368419$ & $-0.117749$ & $0.218934$ & $-8.40975e-05$ & $0.0727185$ & $0.0332938$ & $-0.00467013$ & $0.0977751$ & $-0.255433$ & $-0.0135281$ & $0.00234226$ & $0.0047207$ & $0.00164079$ & $0.00507161$ & $-0.00546836$ & $-0.0297175$ & $0.00342784$ & $-0.0178319$ & $0.000880812$ & $0.00793031$ & $-0.00200458$ & $-0.0108736$ & $0.0138543$ & $-0.00556338$ \\
CHL1_22 & $-0.00567505$ & $-0.0181137$ & $-0.00207843$ & $0.00263172$ & $-0.00698767$ & $-0.0600221$ & $0.00415861$ & $0.437135$ & $0.434313$ & $-0.173966$ & $-0.562808$ & $-0.0192518$ & $0.372218$ & $1$ & $0.527729$ & $0.124054$ & $-0.367743$ & $-0.0462728$ & $0.609591$ & $0.499561$ & $0.490053$ & $-0.191677$ & $0.0304788$ & $-0.119382$ & $-0.326103$ & $-0.345855$ & $0.201995$ & $0.00679768$ & $0.0384918$ & $0.0209467$ & $0.00816568$ & $0.0440202$ & $-0.519047$ & $-0.00929121$ & $-0.00192156$ & $-0.00197456$ & $0.0105061$ & $0.00487837$ & $-0.00855874$ & $-0.00916717$ & $-0.000725694$ & $-0.00642857$ & $0.00242408$ & $-0.000695172$ & $-0.00384692$ & $0.00652775$ & $0.00858023$ & $-0.00585486$ \\
CHL1_33 & $-0.018533$ & $-0.0226386$ & $-0.0030603$ & $-0.00493599$ & $0.00622277$ & $-0.0620612$ & $0.00733837$ & $0.429662$ & $0.426525$ & $-0.173696$ & $-0.553592$ & $-0.0275458$ & $0.364537$ & $0.527729$ & $1$ & $0.124701$ & $-0.0449336$ & $-0.353223$ & $0.600202$ & $0.492355$ & $0.503432$ & $-0.185946$ & $0.0299975$ & $-0.110691$ & $-0.318685$ & $-0.333974$ & $0.193367$ & $0.00152881$ & $0.036377$ & $0.0172421$ & $0.0099748$ & $0.0392838$ & $-0.0623748$ & $-0.0204603$ & $0.00281465$ & $0.000261434$ & $0.00204749$ & $0.0088936$ & $0.0015468$ & $-0.0122465$ & $-0.00454263$ & $-0.007542$ & $-0.00171248$ & $0.000678398$ & $0.00202356$ & $0.00752083$ & $-0.0036847$ & $-0.00085582$ \\
CHL3_11 & $0.00531508$ & $0.0257896$ & $-0.0117413$ & $-0.0101016$ & $-0.00154784$ & $-0.356455$ & $-0.0133349$ & $-0.333014$ & $-0.328625$ & $0.482852$ & $-0.152419$ & $0.00273719$ & $0.598949$ & $0.124054$ & $0.124701$ & $1$ & $0.811156$ & $0.812093$ & $0.167807$ & $0.126189$ & $0.122553$ & $-0.0844804$ & $0.770736$ & $0.848033$ & $-0.0859977$ & $-0.191522$ & $0.0450498$ & $-0.00743195$ & $0.053106$ & $0.0332144$ & $-0.0130139$ & $0.0780009$ & $-0.299774$ & $-0.00863034$ & $0.00263756$ & $0.00452414$ & $0.00274758$ & $0.0170319$ & $-0.00439627$ & $-0.0286408$ & $-0.00766411$ & $-0.00539981$ & $0.00896789$ & $0.0219472$ & $-0.00140389$ & $-0.0107839$ & $-0.000619114$ & $0.0011151$ \\
CHL3_22 & $0.00404316$ & $0.0211461$ & $-0.00900335$ & $-0.0096282$ & $0.00326906$ & $-0.156192$ & $-0.0148242$ & $-0.49768$ & $-0.492744$ & $0.530286$ & $0.0769632$ & $0.0115912$ & $0.566971$ & $-0.367743$ & $-0.0449336$ & $0.811156$ & $1$ & $0.778813$ & $-0.0760642$ & $-0.0807682$ & $-0.0790777$ & $-0.010337$ & $0.741622$ & $0.862643$ & $0.0481145$ & $-0.0672254$ & $-0.0395577$ & $-0.00909598$ & $0.0339966$ & $0.0215885$ & $-0.0167228$ & $0.0564572$ & $-0.0832389$ & $-0.0102391$ & $0.00589654$ & $0.00654208$ & $-0.00436396$ & $0.0137062$ & $-0.00162997$ & $-0.023776$ & $-0.00329655$ & $-0.00585474$ & $0.00536892$ & $0.0164163$ & $-9.85686e-05$ & $-0.0137926$ & $-0.00266351$ & $0.00375231$ \\
CHL3_33 & $0.012227$ & $0.0259388$ & $-0.00717796$ & $-0.00479154$ & $-0.00608426$ & $-0.156457$ & $-0.0171736$ & $-0.494521$ & $-0.48922$ & $0.531175$ & $0.0723086$ & $0.0162244$ & $0.571438$ & $-0.0462728$ & $-0.353223$ & $0.812093$ & $0.778813$ & $1$ & $-0.0713126$ & $-0.0764987$ & $-0.074776$ & $-0.0135146$ & $0.74284$ & $0.860945$ & $0.0446392$ & $-0.0709689$ & $-0.0349949$ & $-0.00552615$ & $0.0346059$ & $0.0247752$ & $-0.018357$ & $0.0591385$ & $-0.39799$ & $-0.0051505$ & $0.00217741$ & $0.00395219$ & $0.000784349$ & $0.0124758$ & $-0.00906584$ & $-0.021739$ & $-6.27323e-05$ & $-0.00460221$ & $0.00726545$ & $0.0163844$ & $-0.00417876$ & $-0.0136451$ & $0.00629298$ & $0.000505954$ \\
CHe_11 & $-0.0119573$ & $-0.0377264$ & $-0.00306005$ & $0.000257238$ & $-0.00422469$ & $-0.114791$ & $0.00768366$ & $0.844641$ & $0.835702$ & $-0.263519$ & $-0.993925$ & $-0.0527174$ & $0.610269$ & $0.609591$ & $0.600202$ & $0.167807$ & $-0.0760642$ & $-0.0713126$ & $1$ & $0.981738$ & $0.967862$ & $-0.0614901$ & $-0.217574$ & $-0.0214613$ & $-0.632536$ & $0.168089$ & $0.38797$ & $0.00411171$ & $0.0718995$ & $0.0240008$ & $0.0150082$ & $0.0837552$ & $0.216814$ & $-0.000567449$ & $-0.00287185$ & $0.00216052$ & $0.00175793$ & $-0.0079649$ & $0.0056505$ & $-0.0183891$ & $-0.00309594$ & $-0.0180073$ & $-0.00227109$ & $0.00151346$ & $0.00130298$ & $0.000317058$ & $0.0144606$ & $-0.0110483$ \\
CHe_22 & $-0.0107708$ & $-0.0374952$ & $-0.0016845$ & $0.00118024$ & $-0.00256268$ & $-0.120647$ & $0.00764008$ & $0.88055$ & $0.870808$ & $-0.275655$ & $-0.993843$ & $-0.0560524$ & $0.562147$ & $0.499561$ & $0.492355$ & $0.126189$ & $-0.0807682$ & $-0.0764987$ & $0.981738$ & $1$ & $0.983241$ & $-0.0154223$ & $-0.302585$ & $-0.0387289$ & $-0.641994$ & $0.298641$ & $0.394943$ & $0.00379727$ & $0.0718964$ & $0.0213077$ & $0.0151628$ & $0.0827436$ & $0.355828$ & $0.00430472$ & $-0.00436983$ & $0.00196062$ & $0.00106166$ & $-0.011753$ & $0.00820746$ & $-0.0183203$ & $-0.00217104$ & $-0.018442$ & $-0.00378395$ & $0.00199773$ & $0.00209623$ & $-0.00113105$ & $0.0159431$ & $-0.0125111$ \\
CHe_33 & $-0.00980263$ & $-0.0348568$ & $-0.00107622$ & $3.24578e-05$ & $-0.00236705$ & $-0.121067$ & $0.00769216$ & $0.869073$ & $0.85942$ & $-0.272972$ & $-0.979482$ & $-0.0571277$ & $0.550974$ & $0.490053$ & $0.503432$ & $0.122553$ & $-0.0790777$ & $-0.074776$ & $0.967862$ & $0.983241$ & $1$ & $-0.0159934$ & $-0.300187$ & $-0.0388659$ & $-0.631588$ & $0.296192$ & $0.389532$ & $0.00346732$ & $0.0683183$ & $0.0207923$ & $0.0147715$ & $0.0792075$ & $0.356346$ & $0.00233922$ & $-0.00450437$ & $0.00139422$ & $0.00141408$ & $-0.0111018$ & $0.00833753$ & $-0.0167764$ & $-0.000699747$ & $-0.0190667$ & $-0.00156616$ & $0.00232287$ & $0.00299409$ & $-0.00066921$ & $0.0178693$ & $-0.0128435$ \\
CHQ1_11 & $-0.00474974$ & $0.0101955$ & $-0.0029898$ & $-0.00851155$ & $0.00915957$ & $-0.00613727$ & $-0.00387784$ & $0.0240193$ & $0.0237252$ & $-0.0237325$ & $0.0408709$ & $0.00908686$ & $-0.108208$ & $-0.191677$ & $-0.185946$ & $-0.0844804$ & $-0.010337$ & $-0.0135146$ & $-0.0614901$ & $-0.0154223$ & $-0.0159934$ & $1$ & $-0.123932$ & $0.0481993$ & $-0.594679$ & $0.351927$ & $0.00124721$ & $-0.00262993$ & $-0.00103285$ & $-0.00881267$ & $-0.00165107$ & $-0.00331794$ & $0.20225$ & $0.00129786$ & $-0.00343067$ & $0.0107341$ & $-0.00648215$ & $-0.00375421$ & $0.0167004$ & $-0.0129721$ & $0.0142306$ & $0.00790381$ & $-0.0089722$ & $-0.00542128$ & $-0.0143563$ & $-0.010132$ & $0.00134335$ & $-0.00896263$ \\
CHQ1_33 & $-0.0403038$ & $0.0219684$ & $-0.00122397$ & $-0.0155981$ & $-0.00199037$ & $-0.115469$ & $-0.0195572$ & $-0.669901$ & $-0.661735$ & $0.535845$ & $0.256133$ & $0.0299383$ & $0.464922$ & $0.0304788$ & $0.0299975$ & $0.770736$ & $0.741622$ & $0.74284$ & $-0.217574$ & $-0.302585$ & $-0.300187$ & $-0.123932$ & $1$ & $0.756334$ & $0.188033$ & $-0.406226$ & $-0.0449232$ & $-0.00342019$ & $0.0179438$ & $0.0270884$ & $-0.0233804$ & $0.0366724$ & $-0.618394$ & $-0.0251038$ & $0.00983664$ & $-0.00479669$ & $-0.00128698$ & $0.0225142$ & $-0.00895322$ & $-0.0210266$ & $-0.00476927$ & $-0.00425955$ & $0.00594571$ & $0.00717153$ & $-0.0035433$ & $-0.00175775$ & $-0.00667889$ & $0.00174305$ \\
CHQ3_11 & $-0.0755166$ & $0.00595147$ & $0.000465006$ & $-0.0153432$ & $-0.00400858$ & $-0.198498$ & $-0.0169734$ & $-0.461902$ & $-0.45698$ & $0.521283$ & $0.0278232$ & $0.0120377$ & $0.574411$ & $-0.119382$ & $-0.110691$ & $0.848033$ & $0.862643$ & $0.860945$ & $-0.0214613$ & $-0.0387289$ & $-0.0388659$ & $0.0481993$ & $0.756334$ & $1$ & $0.0234808$ & $0.10693$ & $-0.0204901$ & $-0.00715823$ & $0.036195$ & $0.0276093$ & $-0.0197521$ & $0.0560435$ & $-0.270923$ & $-0.0212691$ & $0.00613976$ & $-0.00621435$ & $-0.00444588$ & $0.00563212$ & $-0.00672327$ & $-0.0338134$ & $-0.000185823$ & $-0.0226591$ & $0.00164477$ & $0.0105284$ & $-0.00459382$ & $-0.00901851$ & $-0.00395265$ & $-0.00897832$ \\
CHu_11 & $-0.022792$ & $0.00409791$ & $0.0104561$ & $0.0105687$ & $-0.00690282$ & $0.0817696$ & $-0.00498416$ & $-0.5631$ & $-0.557635$ & $0.175761$ & $0.639682$ & $0.0296845$ & $-0.368419$ & $-0.326103$ & $-0.318685$ & $-0.0859977$ & $0.0481145$ & $0.0446392$ & $-0.632536$ & $-0.641994$ & $-0.631588$ & $-0.594679$ & $0.188033$ & $0.0234808$ & $1$ & $-0.159772$ & $-0.257626$ & $0.00102648$ & $-0.0479854$ & $-0.0107547$ & $-0.0107088$ & $-0.0568458$ & $-0.222403$ & $-0.00197452$ & $0.00519654$ & $-0.0126319$ & $0.00115649$ & $-0.00541768$ & $-0.018285$ & $0.0176485$ & $-0.00543399$ & $-0.000653525$ & $0.0047238$ & $-0.00211659$ & $0.0135842$ & $0.0117395$ & $-0.0105376$ & $0.0049318$ \\
CHd_11 & $-0.0285781$ & $-0.0180512$ & $0.00583076$ & $-0.00125539$ & $-0.00527143$ & $-0.0507062$ & $0.00135995$ & $0.371348$ & $0.365954$ & $-0.160722$ & $-0.228468$ & $-0.0242078$ & $-0.117749$ & $-0.345855$ & $-0.333974$ & $-0.191522$ & $-0.0672254$ & $-0.0709689$ & $0.168089$ & $0.298641$ & $0.296192$ & $0.351927$ & $-0.406226$ & $0.10693$ & $-0.159772$ & $1$ & $0.108941$ & $-0.000793629$ & $0.00611956$ & $-0.00672902$ & $0.00270541$ & $0.00360181$ & $0.674402$ & $0.0214144$ & $-0.00158463$ & $-0.00730245$ & $-0.0119833$ & $-0.0306646$ & $0.00784707$ & $-0.0044111$ & $0.0057054$ & $-0.0134937$ & $-0.00806158$ & $-0.00455781$ & $0.00178261$ & $-0.00588548$ & $0.0118469$ & $-0.0154435$ \\
CHd_33 & $0.014787$ & $-0.0140646$ & $-0.00667165$ & $-0.00314495$ & $-0.00030934$ & $-0.0406552$ & $0.00334585$ & $0.351296$ & $0.34793$ & $-0.109877$ & $-0.393348$ & $-0.0208762$ & $0.218934$ & $0.201995$ & $0.193367$ & $0.0450498$ & $-0.0395577$ & $-0.0349949$ & $0.38797$ & $0.394943$ & $0.389532$ & $0.00124721$ & $-0.0449232$ & $-0.0204901$ & $-0.257626$ & $0.108941$ & $1$ & $0.0027766$ & $0.029916$ & $-0.00137015$ & $0.0074611$ & $0.0373419$ & $0.140537$ & $-0.00342333$ & $0.00151265$ & $-0.0029335$ & $-0.000209985$ & $-0.00334067$ & $0.0155199$ & $0.0010159$ & $-0.00270214$ & $0.00120931$ & $0.0155697$ & $0.00377726$ & $0.00420239$ & $-0.00240916$ & $0.0187866$ & $-0.00306897$ \\
CeH_22r & $-0.0155471$ & $-0.00494432$ & $0.00595428$ & $-0.0178181$ & $0.00940665$ & $0.00323363$ & $-0.0320656$ & $0.00658714$ & $0.0142747$ & $-0.0186318$ & $-0.00375141$ & $0.0873701$ & $-8.40975e-05$ & $0.00679768$ & $0.00152881$ & $-0.00743195$ & $-0.00909598$ & $-0.00552615$ & $0.00411171$ & $0.00379727$ & $0.00346732$ & $-0.00262993$ & $-0.00342019$ & $-0.00715823$ & $0.00102648$ & $-0.000793629$ & $0.0027766$ & $1$ & $0.0654149$ & $0.0375711$ & $-0.0419689$ & $0.0701981$ & $-0.00258658$ & $-0.0180073$ & $-0.0109565$ & $-0.0129992$ & $-0.0110611$ & $-0.00289718$ & $4.40572e-05$ & $-0.00825223$ & $0.000696424$ & $0.00676353$ & $0.022813$ & $0.00753204$ & $0.00352732$ & $0.00197027$ & $-0.0090306$ & $0.00306301$ \\
CeH_33r & $-0.0173064$ & $-0.013208$ & $0.00117972$ & $0.0136186$ & $-0.00280576$ & $-0.0217241$ & $-0.258109$ & $0.0423853$ & $0.0623971$ & $-0.20912$ & $-0.0730057$ & $0.449721$ & $0.0727185$ & $0.0384918$ & $0.036377$ & $0.053106$ & $0.0339966$ & $0.0346059$ & $0.0718995$ & $0.0718964$ & $0.0683183$ & $-0.00103285$ & $0.0179438$ & $0.036195$ & $-0.0479854$ & $0.00611956$ & $0.029916$ & $0.0654149$ & $1$ & $0.360301$ & $-0.0917087$ & $0.719026$ & $0.00637706$ & $-0.00178341$ & $-0.0232255$ & $-0.141725$ & $-0.0152478$ & $-0.0377636$ & $-0.00511491$ & $-0.00069913$ & $-0.00706222$ & $-0.00479345$ & $-0.0040906$ & $0.0397489$ & $-0.0214924$ & $0.0249061$ & $0.0109638$ & $-0.0216947$ \\
CuH_22r & $-0.038541$ & $-0.0137479$ & $0.0485306$ & $0.00173857$ & $0.000455281$ & $-0.0117154$ & $-0.141566$ & $0.00489266$ & $0.0140176$ & $-0.0729711$ & $-0.0226395$ & $0.206159$ & $0.0332938$ & $0.0209467$ & $0.0172421$ & $0.0332144$ & $0.0215885$ & $0.0247752$ & $0.0240008$ & $0.0213077$ & $0.0207923$ & $-0.00881267$ & $0.0270884$ & $0.0276093$ & $-0.0107547$ & $-0.00672902$ & $-0.00137015$ & $0.0375711$ & $0.360301$ & $1$ & $-0.0347604$ & $0.392922$ & $-0.0132287$ & $0.00684591$ & $-0.00876965$ & $-0.0820602$ & $-0.00616264$ & $-0.0390294$ & $0.00169521$ & $0.00359935$ & $-0.00146187$ & $-0.0494166$ & $0.00326285$ & $-0.0114756$ & $0.0432732$ & $0.28295$ & $-0.0193258$ & $-0.0515494$ \\
CuH_33r & $0.0216573$ & $-0.0099313$ & $0.00515368$ & $-0.00532971$ & $0.00786117$ & $-0.00468723$ & $0.929956$ & $0.0220697$ & $0.0482073$ & $-0.0470121$ & $-0.0153345$ & $-0.365865$ & $-0.00467013$ & $0.00816568$ & $0.0099748$ & $-0.0130139$ & $-0.0167228$ & $-0.018357$ & $0.0150082$ & $0.0151628$ & $0.0147715$ & $-0.00165107$ & $-0.0233804$ & $-0.0197521$ & $-0.0107088$ & $0.00270541$ & $0.0074611$ & $-0.0419689$ & $-0.0917087$ & $-0.0347604$ & $1$ & $-0.0889194$ & $0.0128771$ & $-0.0211307$ & $-0.0147349$ & $0.00891454$ & $-0.000898716$ & $0.0226438$ & $0.00622057$ & $0.0166779$ & $-0.00722535$ & $0.0116552$ & $-0.0115256$ & $0.0257181$ & $-0.0016201$ & $-0.000237281$ & $-0.0173022$ & $-0.0112379$ \\
CdH_33r & $0.0255306$ & $0.0533863$ & $-0.0369281$ & $0.0495158$ & $-0.00158584$ & $-0.0256267$ & $-0.293355$ & $0.0377221$ & $0.060178$ & $-0.241222$ & $-0.0837712$ & $0.471114$ & $0.0977751$ & $0.0440202$ & $0.0392838$ & $0.0780009$ & $0.0564572$ & $0.0591385$ & $0.0837552$ & $0.0827436$ & $0.0792075$ & $-0.00331794$ & $0.0366724$ & $0.0560435$ & $-0.0568458$ & $0.00360181$ & $0.0373419$ & $0.0701981$ & $0.719026$ & $0.392922$ & $-0.0889194$ & $1$ & $0.000610809$ & $-0.00269755$ & $0.0136347$ & $-0.150271$ & $-0.0194675$ & $0.0041559$ & $-0.0109567$ & $0.0512766$ & $0.0024114$ & $0.023446$ & $0.0394479$ & $-0.0020924$ & $-0.0232893$ & $-0.038764$ & $0.0675926$ & $0.305034$ \\
CLL_1221 & $0.00100522$ & $0.00823108$ & $0.00224543$ & $0.00163989$ & $0.00180603$ & $-0.0859912$ & $0.00967752$ & $0.500773$ & $0.493539$ & $-0.273668$ & $-0.28005$ & $-0.0358669$ & $-0.255433$ & $-0.519047$ & $-0.0623748$ & $-0.299774$ & $-0.0832389$ & $-0.39799$ & $0.216814$ & $0.355828$ & $0.356346$ & $0.20225$ & $-0.618394$ & $-0.270923$ & $-0.222403$ & $0.674402$ & $0.140537$ & $-0.00258658$ & $0.00637706$ & $-0.0132287$ & $0.0128771$ & $0.000610809$ & $1$ & $0.0207572$ & $-0.00526712$ & $0.00118584$ & $-0.00641314$ & $-0.0175805$ & $0.019317$ & $0.00436194$ & $-0.00223427$ & $-0.00263744$ & $-0.00475765$ & $-0.00371977$ & $0.00864719$ & $-0.00282151$ & $0.00167505$ & $-0.00182524$ \\
eHggint & $0.188278$ & $0.00734829$ & $-0.10761$ & $0.037947$ & $-0.00595792$ & $-0.00402154$ & $-0.0740536$ & $0.00998195$ & $-0.00402734$ & $-0.0207948$ & $-0.00375819$ & $0.0777273$ & $-0.0135281$ & $-0.00929121$ & $-0.0204603$ & $-0.00863034$ & $-0.0102391$ & $-0.0051505$ & $-0.000567449$ & $0.00430472$ & $0.00233922$ & $0.00129786$ & $-0.0251038$ & $-0.0212691$ & $-0.00197452$ & $0.0214144$ & $-0.00342333$ & $-0.0180073$ & $-0.00178341$ & $0.00684591$ & $-0.0211307$ & $-0.00269755$ & $0.0207572$ & $1$ & $-0.0557462$ & $-0.129117$ & $0.00789917$ & $-0.102952$ & $0.0177845$ & $0.0348768$ & $0.00451945$ & $-0.0393914$ & $-0.0484971$ & $-0.0412701$ & $0.0189165$ & $-0.0137455$ & $0.125527$ & $-0.0472826$ \\
eHggpar & $0.00824478$ & $0.0559133$ & $-0.16956$ & $0.0852749$ & $0.00873662$ & $-0.000216529$ & $-0.0371588$ & $-0.00856343$ & $-0.0116678$ & $-0.0013389$ & $0.00426224$ & $0.0114503$ & $0.00234226$ & $-0.00192156$ & $0.00281465$ & $0.00263756$ & $0.00589654$ & $0.00217741$ & $-0.00287185$ & $-0.00436983$ & $-0.00450437$ & $-0.00343067$ & $0.00983664$ & $0.00613976$ & $0.00519654$ & $-0.00158463$ & $0.00151265$ & $-0.0109565$ & $-0.0232255$ & $-0.00876965$ & $-0.0147349$ & $0.0136347$ & $-0.00526712$ & $-0.0557462$ & $1$ & $-0.109554$ & $-0.00738171$ & $0.0738484$ & $-0.00543169$ & $0.106877$ & $0.0184702$ & $0.0946227$ & $-0.132124$ & $-0.0103916$ & $0.140605$ & $-0.0415312$ & $-0.0747339$ & $0.116653$ \\
eHWWint & $0.0990847$ & $-0.0256665$ & $-0.0577341$ & $-0.110617$ & $-0.000589169$ & $-0.00314563$ & $0.0444675$ & $0.000409913$ & $-0.0100121$ & $0.0115704$ & $-0.0035359$ & $-0.0357736$ & $0.0047207$ & $-0.00197456$ & $0.000261434$ & $0.00452414$ & $0.00654208$ & $0.00395219$ & $0.00216052$ & $0.00196062$ & $0.00139422$ & $0.0107341$ & $-0.00479669$ & $-0.00621435$ & $-0.0126319$ & $-0.00730245$ & $-0.0029335$ & $-0.0129992$ & $-0.141725$ & $-0.0820602$ & $0.00891454$ & $-0.150271$ & $0.00118584$ & $-0.129117$ & $-0.109554$ & $1$ & $-0.00671016$ & $0.0817608$ & $-0.0145323$ & $-0.0445334$ & $0.0142483$ & $-0.0906262$ & $-0.0218638$ & $-0.00160056$ & $0.0786907$ & $-0.0439278$ & $-0.0695194$ & $0.0330872$ \\
eHWWpar & $-0.00298011$ & $0.0164262$ & $-0.0073932$ & $-0.00155149$ & $-0.00176209$ & $-0.00868704$ & $0.00126724$ & $0.000520914$ & $-0.000918924$ & $-0.00116168$ & $-0.00158921$ & $-0.00544765$ & $0.00164079$ & $0.0105061$ & $0.00204749$ & $0.00274758$ & $-0.00436396$ & $0.000784349$ & $0.00175793$ & $0.00106166$ & $0.00141408$ & $-0.00648215$ & $-0.00128698$ & $-0.00444588$ & $0.00115649$ & $-0.0119833$ & $-0.000209985$ & $-0.0110611$ & $-0.0152478$ & $-0.00616264$ & $-0.000898716$ & $-0.0194675$ & $-0.00641314$ & $0.00789917$ & $-0.00738171$ & $-0.00671016$ & $1$ & $-0.00117292$ & $-0.00478004$ & $0.0250688$ & $0.00157488$ & $-0.000963214$ & $-0.0197766$ & $0.0107786$ & $-0.00143215$ & $0.00454386$ & $0.022438$ & $-0.0125984$ \\
eHZZint & $0.0398415$ & $0.131994$ & $0.181205$ & $0.0437148$ & $0.00617211$ & $-0.0052933$ & $0.0183836$ & $-0.0233779$ & $-0.00825889$ & $0.0219092$ & $0.0136913$ & $-0.0307556$ & $0.00507161$ & $0.00487837$ & $0.0088936$ & $0.0170319$ & $0.0137062$ & $0.0124758$ & $-0.0079649$ & $-0.011753$ & $-0.0111018$ & $-0.00375421$ & $0.0225142$ & $0.00563212$ & $-0.00541768$ & $-0.0306646$ & $-0.00334067$ & $-0.00289718$ & $-0.0377636$ & $-0.0390294$ & $0.0226438$ & $0.0041559$ & $-0.0175805$ & $-0.102952$ & $0.0738484$ & $0.0817608$ & $-0.00117292$ & $1$ & $-0.0341833$ & $0.0126027$ & $-0.00999228$ & $0.307603$ & $-0.0693829$ & $0.133159$ & $-0.0809416$ & $-0.0619314$ & $-0.120311$ & $0.178921$ \\
eHZZpar & $-0.017206$ & $-0.0212017$ & $-0.00544025$ & $0.0283377$ & $-0.00345227$ & $-0.0065065$ & $0.00425892$ & $0.0112028$ & $0.00904446$ & $0.00280325$ & $-0.00700903$ & $0.00318707$ & $-0.00546836$ & $-0.00855874$ & $0.0015468$ & $-0.00439627$ & $-0.00162997$ & $-0.00906584$ & $0.0056505$ & $0.00820746$ & $0.00833753$ & $0.0167004$ & $-0.00895322$ & $-0.00672327$ & $-0.018285$ & $0.00784707$ & $0.0155199$ & $4.40572e-05$ & $-0.00511491$ & $0.00169521$ & $0.00622057$ & $-0.0109567$ & $0.019317$ & $0.0177845$ & $-0.00543169$ & $-0.0145323$ & $-0.00478004$ & $-0.0341833$ & $1$ & $-0.0136695$ & $-0.010638$ & $-0.0142547$ & $0.000589742$ & $-0.0024174$ & $0.0157956$ & $-5.09643e-05$ & $0.0210798$ & $-0.0228635$ \\
eHZgaint & $0.107114$ & $0.023079$ & $0.0810086$ & $-0.0536171$ & $0.0108046$ & $0.0115578$ & $0.00916848$ & $-0.00392709$ & $-0.00567972$ & $-0.0487414$ & $0.0196153$ & $-0.0133364$ & $-0.0297175$ & $-0.00916717$ & $-0.0122465$ & $-0.0286408$ & $-0.023776$ & $-0.021739$ & $-0.0183891$ & $-0.0183203$ & $-0.0167764$ & $-0.0129721$ & $-0.0210266$ & $-0.0338134$ & $0.0176485$ & $-0.0044111$ & $0.0010159$ & $-0.00825223$ & $-0.00069913$ & $0.00359935$ & $0.0166779$ & $0.0512766$ & $0.00436194$ & $0.0348768$ & $0.106877$ & $-0.0445334$ & $0.0250688$ & $0.0126027$ & $-0.0136695$ & $1$ & $0.0222621$ & $-0.00618258$ & $-0.0319641$ & $-0.0355763$ & $0.0827112$ & $-0.0128063$ & $0.0481713$ & $0.110996$ \\
eHZgapar & $0.00361504$ & $0.00729191$ & $0.00345843$ & $0.00709178$ & $-0.0016323$ & $0.00679245$ & $-0.008482$ & $-0.000255977$ & $-0.00324993$ & $0.00143851$ & $0.0023335$ & $-0.00483439$ & $0.00342784$ & $-0.000725694$ & $-0.00454263$ & $-0.00766411$ & $-0.00329655$ & $-6.27323e-05$ & $-0.00309594$ & $-0.00217104$ & $-0.000699747$ & $0.0142306$ & $-0.00476927$ & $-0.000185823$ & $-0.00543399$ & $0.0057054$ & $-0.00270214$ & $0.000696424$ & $-0.00706222$ & $-0.00146187$ & $-0.00722535$ & $0.0024114$ & $-0.00223427$ & $0.00451945$ & $0.0184702$ & $0.0142483$ & $0.00157488$ & $-0.00999228$ & $-0.010638$ & $0.0222621$ & $1$ & $-0.0309043$ & $-0.0378766$ & $-0.00340593$ & $-0.0294463$ & $0.0112097$ & $0.00680974$ & $0.0283661$ \\
eHgagaint & $0.184805$ & $0.134368$ & $-0.0131363$ & $-0.08115$ & $-0.00255917$ & $0.0134788$ & $0.0102877$ & $-0.0178037$ & $0.0363893$ & $0.00913598$ & $0.0198066$ & $-0.0100874$ & $-0.0178319$ & $-0.00642857$ & $-0.007542$ & $-0.00539981$ & $-0.00585474$ & $-0.00460221$ & $-0.0180073$ & $-0.018442$ & $-0.0190667$ & $0.00790381$ & $-0.00425955$ & $-0.0226591$ & $-0.000653525$ & $-0.0134937$ & $0.00120931$ & $0.00676353$ & $-0.00479345$ & $-0.0494166$ & $0.0116552$ & $0.023446$ & $-0.00263744$ & $-0.0393914$ & $0.0946227$ & $-0.0906262$ & $-0.000963214$ & $0.307603$ & $-0.0142547$ & $-0.00618258$ & $-0.0309043$ & $1$ & $0.0847855$ & $0.0155012$ & $0.140125$ & $-0.165576$ & $-0.06989$ & $0.106021$ \\
eHmumuint & $0.0543943$ & $0.0571164$ & $-0.0139156$ & $-0.0811981$ & $-0.00138095$ & $0.00228295$ & $-0.00177116$ & $-0.00834113$ & $-0.00125338$ & $0.00581314$ & $0.00345045$ & $-0.0162527$ & $0.000880812$ & $0.00242408$ & $-0.00171248$ & $0.00896789$ & $0.00536892$ & $0.00726545$ & $-0.00227109$ & $-0.00378395$ & $-0.00156616$ & $-0.0089722$ & $0.00594571$ & $0.00164477$ & $0.0047238$ & $-0.00806158$ & $0.0155697$ & $0.022813$ & $-0.0040906$ & $0.00326285$ & $-0.0115256$ & $0.0394479$ & $-0.00475765$ & $-0.0484971$ & $-0.132124$ & $-0.0218638$ & $-0.0197766$ & $-0.0693829$ & $0.000589742$ & $-0.0319641$ & $-0.0378766$ & $0.0847855$ & $1$ & $-0.0649217$ & $0.181767$ & $-0.0319837$ & $0.0995802$ & $0.0745348$ \\
eHtautauint & $0.080932$ & $-0.104151$ & $-0.00582833$ & $-0.00344946$ & $-0.00326148$ & $-0.015169$ & $0.0253797$ & $-0.00358687$ & $-0.00110554$ & $0.0140276$ & $-0.00473015$ & $-0.0132837$ & $0.00793031$ & $-0.000695172$ & $0.000678398$ & $0.0219472$ & $0.0164163$ & $0.0163844$ & $0.00151346$ & $0.00199773$ & $0.00232287$ & $-0.00542128$ & $0.00717153$ & $0.0105284$ & $-0.00211659$ & $-0.00455781$ & $0.00377726$ & $0.00753204$ & $0.0397489$ & $-0.0114756$ & $0.0257181$ & $-0.0020924$ & $-0.00371977$ & $-0.0412701$ & $-0.0103916$ & $-0.00160056$ & $0.0107786$ & $0.133159$ & $-0.0024174$ & $-0.0355763$ & $-0.00340593$ & $0.0155012$ & $-0.0649217$ & $1$ & $-0.113925$ & $0.0179827$ & $-0.145381$ & $0.055557$ \\
eHccint & $0.0216092$ & $0.0736581$ & $0.0311184$ & $-0.0399439$ & $-0.00104685$ & $-0.00435112$ & $0.000804894$ & $0.000578862$ & $0.00524479$ & $-0.0082248$ & $-3.70478e-06$ & $-0.012159$ & $-0.00200458$ & $-0.00384692$ & $0.00202356$ & $-0.00140389$ & $-9.85686e-05$ & $-0.00417876$ & $0.00130298$ & $0.00209623$ & $0.00299409$ & $-0.0143563$ & $-0.0035433$ & $-0.00459382$ & $0.0135842$ & $0.00178261$ & $0.00420239$ & $0.00352732$ & $-0.0214924$ & $0.0432732$ & $-0.0016201$ & $-0.0232893$ & $0.00864719$ & $0.0189165$ & $0.140605$ & $0.0786907$ & $-0.00143215$ & $-0.0809416$ & $0.0157956$ & $0.0827112$ & $-0.0294463$ & $0.140125$ & $0.181767$ & $-0.113925$ & $1$ & $-0.0270932$ & $0.116189$ & $-0.0475183$ \\
eHccpar & $-0.0939135$ & $-0.0730406$ & $0.169923$ & $-0.00950532$ & $0.00224366$ & $0.000606392$ & $-0.00525394$ & $0.00692047$ & $7.7506e-05$ & $-0.0126331$ & $0.00116316$ & $0.0227631$ & $-0.0108736$ & $0.00652775$ & $0.00752083$ & $-0.0107839$ & $-0.0137926$ & $-0.0136451$ & $0.000317058$ & $-0.00113105$ & $-0.00066921$ & $-0.010132$ & $-0.00175775$ & $-0.00901851$ & $0.0117395$ & $-0.00588548$ & $-0.00240916$ & $0.00197027$ & $0.0249061$ & $0.28295$ & $-0.000237281$ & $-0.038764$ & $-0.00282151$ & $-0.0137455$ & $-0.0415312$ & $-0.0439278$ & $0.00454386$ & $-0.0619314$ & $-5.09643e-05$ & $-0.0128063$ & $0.0112097$ & $-0.165576$ & $-0.0319837$ & $0.0179827$ & $-0.0270932$ & $1$ & $-0.120165$ & $-0.142597$ \\
eHbbint & $0.091251$ & $-0.0333763$ & $-0.045333$ & $0.0582812$ & $0.00178487$ & $0.00368548$ & $-0.0236032$ & $0.0149909$ & $0.00853452$ & $-0.0136335$ & $-0.0168718$ & $0.0150009$ & $0.0138543$ & $0.00858023$ & $-0.0036847$ & $-0.000619114$ & $-0.00266351$ & $0.00629298$ & $0.0144606$ & $0.0159431$ & $0.0178693$ & $0.00134335$ & $-0.00667889$ & $-0.00395265$ & $-0.0105376$ & $0.0118469$ & $0.0187866$ & $-0.0090306$ & $0.0109638$ & $-0.0193258$ & $-0.0173022$ & $0.0675926$ & $0.00167505$ & $0.125527$ & $-0.0747339$ & $-0.0695194$ & $0.022438$ & $-0.120311$ & $0.0210798$ & $0.0481713$ & $0.00680974$ & $-0.06989$ & $0.0995802$ & $-0.145381$ & $0.116189$ & $-0.120165$ & $1$ & $-0.190048$ \\
eHbbpar & $0.110585$ & $0.19654$ & $-0.0940885$ & $0.0634827$ & $0.00613811$ & $0.000648224$ & $-0.0104124$ & $-0.0183471$ & $-0.0136444$ & $0.0073333$ & $0.0144863$ & $-0.0206882$ & $-0.00556338$ & $-0.00585486$ & $-0.00085582$ & $0.0011151$ & $0.00375231$ & $0.000505954$ & $-0.0110483$ & $-0.0125111$ & $-0.0128435$ & $-0.00896263$ & $0.00174305$ & $-0.00897832$ & $0.0049318$ & $-0.0154435$ & $-0.00306897$ & $0.00306301$ & $-0.0216947$ & $-0.0515494$ & $-0.0112379$ & $0.305034$ & $-0.00182524$ & $-0.0472826$ & $0.116653$ & $0.0330872$ & $-0.0125984$ & $0.178921$ & $-0.0228635$ & $0.110996$ & $0.0283661$ & $0.106021$ & $0.0745348$ & $0.055557$ & $-0.0475183$ & $-0.142597$ & $-0.190048$ & $1$ \\
