 & AlsMz & dAle5Mz & mtop & mHl & Mz & CW & CHG & CHWB & CHWHB_gaga & CHWHB_gagaorth & CHD & CHbox & CH & CHL1_11 & CHL1_22 & CHL1_33 & CHL3_11 & CHL3_22 & CHL3_33 & CHe_11 & CHe_22 & CHe_33 & CHQ1_11 & CHQ1_33 & CHQ3_11 & CHu_11 & CHd_11 & CHd_33 & CeH_22r & CeH_33r & CuH_22r & CuH_33r & CdH_33r & CLL_1221 & eHggint & eHggpar & eHWWint & eHWWpar & eHZZint & eHZZpar & eHZgaint & eHZgapar & eHgagaint & eHmumuint & eHtautauint & eHccint & eHccpar & eHbbint & eHbbpar \\
AlsMz & $1$ & $0.00363527$ & $-0.0064214$ & $0.0709238$ & $0.00872821$ & $-0.0114311$ & $-0.0260007$ & $-0.00904717$ & $-0.0124099$ & $0.0113775$ & $-0.00575577$ & $0.0105901$ & $0.0237512$ & $0.0110121$ & $0.0128623$ & $0.0106666$ & $0.0127835$ & $0.0147323$ & $0.00939939$ & $-0.00860302$ & $0.000433969$ & $-0.0138083$ & $-0.00425294$ & $-0.00922358$ & $-0.0501866$ & $-0.00975383$ & $-0.0202173$ & $-0.017319$ & $0.0122457$ & $-0.00121379$ & $0.0245621$ & $-0.0120158$ & $-0.00340823$ & $-0.00527211$ & $0.0605399$ & $-0.00517297$ & $0.00189576$ & $-0.000722521$ & $0.0289358$ & $0.0185896$ & $-0.0129719$ & $0.00218231$ & $-0.0618079$ & $-0.029091$ & $-0.0303604$ & $0.0853548$ & $0.0179371$ & $0.012778$ & $-0.0626162$ \\
dAle5Mz & $0.00363527$ & $1$ & $0.0136057$ & $0.00781238$ & $-0.00184338$ & $0.0190026$ & $0.00331186$ & $-0.239237$ & $-0.232893$ & $0.104384$ & $0.25882$ & $0.0866241$ & $-0.0108718$ & $-0.0620211$ & $-0.0323272$ & $-0.039813$ & $0.0770665$ & $0.0437495$ & $0.0483144$ & $-0.195424$ & $-0.104389$ & $-0.10908$ & $0.0263949$ & $0.0607796$ & $0.0563992$ & $0.0196689$ & $-0.0213815$ & $-0.0142914$ & $0.0186941$ & $0.00393344$ & $-0.0262475$ & $0.0131291$ & $-0.00788415$ & $0.00601059$ & $0.0410856$ & $0.0522447$ & $-0.029388$ & $-0.0115362$ & $0.0265507$ & $-0.00504218$ & $0.0230973$ & $-0.0351743$ & $0.114606$ & $0.0614604$ & $-0.0161673$ & $0.00731604$ & $-0.0263094$ & $-0.00977932$ & $-0.0190122$ \\
mtop & $-0.0064214$ & $0.0136057$ & $1$ & $0.00772968$ & $-0.0139347$ & $-0.023313$ & $0.00859551$ & $0.0402628$ & $0.0376519$ & $-0.0039794$ & $0.0714046$ & $0.00630452$ & $-0.0033789$ & $0.00818297$ & $0.00281406$ & $-0.0230169$ & $-0.0132635$ & $-0.0192826$ & $0.00898467$ & $0.0502617$ & $0.0349995$ & $0.0475486$ & $0.00354407$ & $0.0220301$ & $-0.0196329$ & $-0.0325338$ & $0.00924282$ & $0.0127298$ & $-0.0100268$ & $-0.0134575$ & $-0.0157055$ & $0.00852318$ & $-0.0234465$ & $0.0338605$ & $-0.0107166$ & $-0.00619204$ & $0.0102866$ & $0.00314437$ & $-0.043214$ & $0.00995732$ & $0.00213565$ & $-0.0234956$ & $-0.00660461$ & $0.00412031$ & $-0.016841$ & $-0.011541$ & $-0.0555831$ & $0.0443105$ & $-0.0287399$ \\
mHl & $0.0709238$ & $0.00781238$ & $0.00772968$ & $1$ & $0.0108905$ & $-0.00754556$ & $-0.0083813$ & $-0.00483421$ & $-0.00572387$ & $0.00111284$ & $0.00151773$ & $-0.00366999$ & $0.0122835$ & $0.00464643$ & $9.5239e-05$ & $0.00481611$ & $0.0108292$ & $0.0113156$ & $0.00170912$ & $-0.00157239$ & $0.00893065$ & $-0.00309219$ & $0.00294804$ & $0.00453995$ & $0.00323782$ & $-0.00215494$ & $-0.0097171$ & $-0.0106506$ & $0.0132122$ & $-0.000204626$ & $0.0193801$ & $-0.00343548$ & $0.019487$ & $0.00267468$ & $-0.00521936$ & $-0.0165671$ & $0.0174873$ & $-0.0200521$ & $0.00382443$ & $-0.0293853$ & $0.0082441$ & $-0.0110732$ & $0.0222244$ & $-0.116505$ & $0.00871644$ & $-0.0237295$ & $0.0108819$ & $-0.0769253$ & $0.0412112$ \\
Mz & $0.00872821$ & $-0.00184338$ & $-0.0139347$ & $0.0108905$ & $1$ & $-0.00318952$ & $-0.0173485$ & $0.00414629$ & $0.00528263$ & $-0.0132504$ & $0.040725$ & $0.0143918$ & $0.0141198$ & $-0.00820308$ & $-0.0228889$ & $-0.00795975$ & $-0.00926525$ & $-0.00198042$ & $-0.0165366$ & $0.00462272$ & $0.0123687$ & $0.0157706$ & $0.00409019$ & $-0.0131487$ & $-0.00964505$ & $9.07129e-05$ & $0.00861817$ & $0.00742089$ & $0.011381$ & $0.0137723$ & $0.00581386$ & $-0.00918103$ & $0.0174982$ & $0.00617244$ & $0.04577$ & $0.0138699$ & $-0.000224405$ & $0.0116484$ & $-0.0389016$ & $-0.0139325$ & $-0.00368455$ & $-0.00958828$ & $0.0218581$ & $-0.0373861$ & $-0.0287683$ & $0.0326146$ & $-0.0133159$ & $0.000537861$ & $0.0266719$ \\
CW & $-0.0114311$ & $0.0190026$ & $-0.023313$ & $-0.00754556$ & $-0.00318952$ & $1$ & $-0.00913302$ & $-0.0856414$ & $-0.0830129$ & $0.03753$ & $0.0837948$ & $0.0132845$ & $0.00896474$ & $0.221912$ & $0.0589479$ & $0.0595433$ & $-0.120679$ & $-0.00122764$ & $-0.00258872$ & $-0.0826846$ & $-0.0892524$ & $-0.08464$ & $-0.0374368$ & $0.0773085$ & $-0.00758982$ & $0.0352953$ & $-0.107028$ & $-0.0194566$ & $-0.0099872$ & $-0.0118904$ & $0.00260011$ & $-0.00862488$ & $0.0114577$ & $-0.167875$ & $0.00971005$ & $-0.0122769$ & $-0.0143716$ & $0.00144497$ & $0.0163721$ & $0.0135308$ & $-0.0326637$ & $-0.0080919$ & $0.0309944$ & $0.0177975$ & $0.0232769$ & $0.00426576$ & $-0.0038422$ & $-0.00674468$ & $0.00604856$ \\
CHG & $-0.0260007$ & $0.00331186$ & $0.00859551$ & $-0.0083813$ & $-0.0173485$ & $-0.00913302$ & $1$ & $0.00583119$ & $0.0362101$ & $-0.0226081$ & $0.00454654$ & $-0.0666062$ & $-0.172591$ & $-0.0367405$ & $0.00456175$ & $0.0190196$ & $-0.0277705$ & $-0.0228413$ & $-0.0309221$ & $0.00437232$ & $0.000697994$ & $-0.00625301$ & $0.00102491$ & $-0.0122862$ & $-0.0256026$ & $-0.00144095$ & $0.0073085$ & $-0.00436921$ & $0.0110034$ & $-0.0843631$ & $-0.0595557$ & $0.897925$ & $-0.0940278$ & $-0.00229408$ & $0.000438389$ & $-0.0138625$ & $0.0125233$ & $-0.00714303$ & $-0.0246514$ & $-0.00162886$ & $0.00590321$ & $0.0104816$ & $0.013625$ & $0.00648484$ & $0.000540778$ & $-0.013293$ & $0.00590248$ & $0.0262198$ & $-0.0204797$ \\
CHWB & $-0.00904717$ & $-0.239237$ & $0.0402628$ & $-0.00483421$ & $0.00414629$ & $-0.0856414$ & $0.00583119$ & $1$ & $0.994131$ & $-0.581024$ & $-0.887959$ & $-0.178687$ & $-0.0125988$ & $-0.320477$ & $-0.0391395$ & $-0.027541$ & $-0.663036$ & $-0.562499$ & $-0.566484$ & $0.881894$ & $0.678551$ & $0.659514$ & $0.0740481$ & $-0.68888$ & $-0.620356$ & $-0.20835$ & $0.438082$ & $0.135942$ & $-0.0100377$ & $-0.00155922$ & $-0.00525448$ & $0.000507569$ & $-0.0278262$ & $0.666155$ & $-0.000519662$ & $-0.0184162$ & $-0.00440178$ & $-0.0271652$ & $-0.03073$ & $-0.00313002$ & $-0.0121004$ & $-0.00192151$ & $-0.0396628$ & $-0.0376642$ & $-0.0135591$ & $0.0100102$ & $0.00291792$ & $0.00613147$ & $0.034378$ \\
CHWHB_gaga & $-0.0124099$ & $-0.232893$ & $0.0376519$ & $-0.00572387$ & $0.00528263$ & $-0.0830129$ & $0.0362101$ & $0.994131$ & $1$ & $-0.582627$ & $-0.881608$ & $-0.164044$ & $-0.0123857$ & $-0.32392$ & $-0.0383439$ & $-0.0257934$ & $-0.664394$ & $-0.562922$ & $-0.5673$ & $0.878622$ & $0.673179$ & $0.655141$ & $0.0709295$ & $-0.685798$ & $-0.620422$ & $-0.207386$ & $0.434719$ & $0.136074$ & $-0.00343949$ & $0.0172489$ & $0.00330911$ & $0.0260785$ & $-0.00738678$ & $0.660445$ & $-0.00342717$ & $-0.0265239$ & $-0.0112206$ & $-0.0280536$ & $-0.0324075$ & $-0.00371808$ & $-0.0120692$ & $0.00100918$ & $0.00281319$ & $-0.0365858$ & $-0.0110756$ & $0.0113272$ & $0.000319592$ & $0.0101951$ & $0.0295877$ \\
CHWHB_gagaorth & $0.0113775$ & $0.104384$ & $-0.0039794$ & $0.00111284$ & $-0.0132504$ & $0.03753$ & $-0.0226081$ & $-0.581024$ & $-0.582627$ & $1$ & $0.268602$ & $0.332153$ & $-0.00373515$ & $0.673922$ & $0.152172$ & $0.148078$ & $0.769649$ & $0.572712$ & $0.576168$ & $-0.348531$ & $-0.261864$ & $-0.255095$ & $-0.0922536$ & $0.611506$ & $0.640448$ & $0.089$ & $-0.354061$ & $-0.0606564$ & $-0.00827674$ & $-0.0352576$ & $-0.00483445$ & $0.00928356$ & $-0.0156614$ & $-0.456245$ & $0.0274933$ & $0.0308269$ & $0.0177126$ & $0.0178542$ & $0.00995719$ & $-0.00323582$ & $-0.0196767$ & $0.00688767$ & $0.00830444$ & $0.0183695$ & $-0.0104081$ & $-0.000353544$ & $0.00548119$ & $-0.0196852$ & $-0.0152845$ \\
CHD & $-0.00575577$ & $0.25882$ & $0.0714046$ & $0.00151773$ & $0.040725$ & $0.0837948$ & $0.00454654$ & $-0.887959$ & $-0.881608$ & $0.268602$ & $1$ & $0.148338$ & $0.0124777$ & $-0.0429474$ & $-0.0558039$ & $-0.0702009$ & $0.333556$ & $0.333177$ & $0.33951$ & $-0.89292$ & $-0.694934$ & $-0.674459$ & $-0.0390113$ & $0.467069$ & $0.365762$ & $0.216366$ & $-0.311591$ & $-0.142931$ & $0.0169126$ & $0.00881131$ & $-0.00239817$ & $0.00927661$ & $0.0244306$ & $-0.515422$ & $-0.00192504$ & $0.0197983$ & $-0.00337825$ & $0.0157639$ & $0.022309$ & $0.0087082$ & $0.0283011$ & $-0.00783573$ & $0.0359164$ & $0.0407949$ & $0.00998251$ & $-0.00826566$ & $-0.0130179$ & $0.00479668$ & $-0.0342025$ \\
CHbox & $0.0105901$ & $0.0866241$ & $0.00630452$ & $-0.00366999$ & $0.0143918$ & $0.0132845$ & $-0.0666062$ & $-0.178687$ & $-0.164044$ & $0.332153$ & $0.148338$ & $1$ & $0.422111$ & $-0.0540771$ & $0.0605878$ & $0.0489239$ & $0.0165869$ & $0.0207051$ & $0.0450217$ & $0.0385061$ & $-0.0831111$ & $-0.0722403$ & $-0.00640492$ & $0.0730996$ & $0.0489882$ & $0.00909851$ & $-0.0804833$ & $-0.0246114$ & $0.0405594$ & $0.297733$ & $0.071843$ & $0.0951935$ & $0.273812$ & $-0.249123$ & $0.0961805$ & $0.033616$ & $-0.025547$ & $-0.0148339$ & $0.00757739$ & $0.0150401$ & $-0.00805145$ & $-0.0162526$ & $0.00280823$ & $0.00704408$ & $-0.0214754$ & $-0.0102257$ & $0.00592937$ & $-0.0113231$ & $-0.0203077$ \\
CH & $0.0237512$ & $-0.0108718$ & $-0.0033789$ & $0.0122835$ & $0.0141198$ & $0.00896474$ & $-0.172591$ & $-0.0125988$ & $-0.0123857$ & $-0.00373515$ & $0.0124777$ & $0.422111$ & $1$ & $0.00763957$ & $0.00561472$ & $-0.013402$ & $0.00690429$ & $-0.00402403$ & $0.023092$ & $-0.0186364$ & $-0.0188024$ & $-0.00130667$ & $-0.00520448$ & $0.00256767$ & $0.00193136$ & $-0.00721702$ & $-0.0138006$ & $-0.00117439$ & $0.0189987$ & $0.124333$ & $0.0529974$ & $-0.133068$ & $0.117937$ & $-0.0202642$ & $0.0108105$ & $-0.0134249$ & $-0.0334375$ & $-0.016243$ & $0.0227007$ & $0.021319$ & $0.0131317$ & $-0.0101641$ & $0.0155566$ & $-0.00193449$ & $-0.0202011$ & $0.0163576$ & $0.0192669$ & $0.0152031$ & $-0.0289639$ \\
CHL1_11 & $0.0110121$ & $-0.0620211$ & $0.00818297$ & $0.00464643$ & $-0.00820308$ & $0.221912$ & $-0.0367405$ & $-0.320477$ & $-0.32392$ & $0.673922$ & $-0.0429474$ & $-0.0540771$ & $0.00763957$ & $1$ & $0.206927$ & $0.200031$ & $0.62754$ & $0.508168$ & $0.509016$ & $-0.165556$ & $-0.0830768$ & $-0.0752453$ & $-0.094807$ & $0.549383$ & $0.550594$ & $0.0144197$ & $-0.351676$ & $-0.010094$ & $-0.0138875$ & $-0.0136386$ & $0.0218732$ & $-0.0464237$ & $0.0166223$ & $-0.367004$ & $-0.00940397$ & $-0.00417533$ & $0.00718441$ & $0.0203798$ & $0.00358453$ & $-0.00895354$ & $-0.0370977$ & $0.0140368$ & $0.0112646$ & $-0.0044012$ & $0.000192973$ & $-0.000867604$ & $0.00953224$ & $-0.00931834$ & $-0.00271134$ \\
CHL1_22 & $0.0128623$ & $-0.0323272$ & $0.00281406$ & $9.5239e-05$ & $-0.0228889$ & $0.0589479$ & $0.00456175$ & $-0.0391395$ & $-0.0383439$ & $0.152172$ & $-0.0558039$ & $0.0605878$ & $0.00561472$ & $0.206927$ & $1$ & $0.353741$ & $0.1007$ & $-0.423235$ & $-0.0738705$ & $0.0548261$ & $-0.15793$ & $-0.121052$ & $-0.112063$ & $0.245678$ & $-0.125179$ & $-0.0066317$ & $-0.505934$ & $-0.0240252$ & $-0.00608129$ & $0.01137$ & $0.037063$ & $0.010856$ & $0.0150481$ & $-0.560289$ & $-0.0155695$ & $0.012782$ & $0.0260485$ & $-0.00219351$ & $-0.0380851$ & $-0.013083$ & $-0.00404955$ & $-0.0104244$ & $-0.0091405$ & $-0.00759717$ & $-0.0100054$ & $0.00229222$ & $0.0154585$ & $-0.00551391$ & $-0.00324493$ \\
CHL1_33 & $0.0106666$ & $-0.039813$ & $-0.0230169$ & $0.00481611$ & $-0.00795975$ & $0.0595433$ & $0.0190196$ & $-0.027541$ & $-0.0257934$ & $0.148078$ & $-0.0702009$ & $0.0489239$ & $-0.013402$ & $0.200031$ & $0.353741$ & $1$ & $0.100533$ & $-0.0831455$ & $-0.425718$ & $0.059145$ & $-0.0921583$ & $-0.186574$ & $-0.125019$ & $0.242226$ & $-0.136166$ & $0.0262548$ & $-0.490119$ & $-0.0189559$ & $0.00688645$ & $0.021186$ & $0.00957795$ & $0.029553$ & $0.0292112$ & $-0.244134$ & $0.020483$ & $0.0167179$ & $0.0349163$ & $0.0133379$ & $-0.0262385$ & $-0.0149765$ & $-0.00796308$ & $0.00343225$ & $0.00592135$ & $0.0301289$ & $0.00734297$ & $0.00788416$ & $0.0261269$ & $0.00122672$ & $0.029158$ \\
CHL3_11 & $0.0127835$ & $0.0770665$ & $-0.0132635$ & $0.0108292$ & $-0.00926525$ & $-0.120679$ & $-0.0277705$ & $-0.663036$ & $-0.664394$ & $0.769649$ & $0.333556$ & $0.0165869$ & $0.00690429$ & $0.62754$ & $0.1007$ & $0.100533$ & $1$ & $0.689953$ & $0.686523$ & $-0.500899$ & $-0.316082$ & $-0.30894$ & $-0.0817011$ & $0.691402$ & $0.766998$ & $0.101441$ & $-0.346398$ & $-0.0600884$ & $-0.0068567$ & $-0.0194055$ & $0.0137165$ & $-0.0396896$ & $0.00334272$ & $-0.388888$ & $-0.0134374$ & $0.0130591$ & $0.0159043$ & $0.0329232$ & $0.0247981$ & $-0.0124428$ & $-0.00507613$ & $0.0155866$ & $0.0165584$ & $0.0231679$ & $0.00399327$ & $0.00196943$ & $-0.00877865$ & $-0.0174446$ & $-0.0295526$ \\
CHL3_22 & $0.0147323$ & $0.0437495$ & $-0.0192826$ & $0.0113156$ & $-0.00198042$ & $-0.00122764$ & $-0.0228413$ & $-0.562499$ & $-0.562922$ & $0.572712$ & $0.333177$ & $0.0207051$ & $-0.00402403$ & $0.508168$ & $-0.423235$ & $-0.0831455$ & $0.689953$ & $1$ & $0.643595$ & $-0.442896$ & $-0.257154$ & $-0.233886$ & $-0.0107809$ & $0.495065$ & $0.771506$ & $0.0947245$ & $-0.0402938$ & $-0.0528294$ & $-0.0160613$ & $-0.0309712$ & $-0.00884446$ & $-0.0309728$ & $-0.00206824$ & $0.049829$ & $0.0059703$ & $-0.00185479$ & $-0.00593943$ & $0.0215489$ & $0.0457717$ & $0.0105063$ & $-0.007086$ & $0.0105895$ & $0.0218094$ & $0.0166838$ & $-0.00778889$ & $-0.0083186$ & $-0.0050636$ & $-0.00740114$ & $-0.0122316$ \\
CHL3_33 & $0.00939939$ & $0.0483144$ & $0.00898467$ & $0.00170912$ & $-0.0165366$ & $-0.00258872$ & $-0.0309221$ & $-0.566484$ & $-0.5673$ & $0.576168$ & $0.33951$ & $0.0450217$ & $0.023092$ & $0.509016$ & $-0.0738705$ & $-0.425718$ & $0.686523$ & $0.643595$ & $1$ & $-0.442041$ & $-0.253565$ & $-0.230656$ & $-0.0078959$ & $0.488628$ & $0.772287$ & $0.0817603$ & $-0.0376322$ & $-0.0535224$ & $-0.00589583$ & $-0.0266152$ & $0.00380957$ & $-0.0419952$ & $-0.00538651$ & $-0.272276$ & $-0.0199436$ & $-0.00173873$ & $0.00676469$ & $0.0114903$ & $0.0345852$ & $-0.000686239$ & $-0.00102922$ & $0.0103315$ & $0.0104937$ & $-0.00199688$ & $-0.00577265$ & $-0.00191416$ & $-0.00791101$ & $-0.0192608$ & $-0.0282294$ \\
CHe_11 & $-0.00860302$ & $-0.195424$ & $0.0502617$ & $-0.00157239$ & $0.00462272$ & $-0.0826846$ & $0.00437232$ & $0.881894$ & $0.878622$ & $-0.348531$ & $-0.89292$ & $0.0385061$ & $-0.0186364$ & $-0.165556$ & $0.0548261$ & $0.059145$ & $-0.500899$ & $-0.442896$ & $-0.442041$ & $1$ & $0.687058$ & $0.668849$ & $0.0503876$ & $-0.550766$ & $-0.477508$ & $-0.218076$ & $0.341797$ & $0.13667$ & $-0.0138189$ & $-0.00951386$ & $-0.0157892$ & $0.0207255$ & $-0.0338292$ & $0.469507$ & $0.0145684$ & $-0.0126006$ & $0.00353406$ & $-0.017458$ & $-0.0277525$ & $-0.00804863$ & $-0.0215649$ & $-0.00143856$ & $-0.0244052$ & $-0.0452158$ & $-0.019024$ & $0.00644388$ & $0.00671789$ & $-0.00553084$ & $0.0333533$ \\
CHe_22 & $0.000433969$ & $-0.104389$ & $0.0349995$ & $0.00893065$ & $0.0123687$ & $-0.0892524$ & $0.000697994$ & $0.678551$ & $0.673179$ & $-0.261864$ & $-0.694934$ & $-0.0831111$ & $-0.0188024$ & $-0.0830768$ & $-0.15793$ & $-0.0921583$ & $-0.316082$ & $-0.257154$ & $-0.253565$ & $0.687058$ & $1$ & $0.575749$ & $0.0707941$ & $-0.484532$ & $-0.301402$ & $-0.182721$ & $0.420685$ & $0.125675$ & $-0.00508102$ & $-0.0231684$ & $-0.0167654$ & $-0.00264035$ & $-0.0440362$ & $0.465266$ & $-0.00289219$ & $-0.00482828$ & $0.0138391$ & $-0.00622723$ & $-0.00989524$ & $-0.0301226$ & $-0.0315564$ & $0.00727494$ & $-0.0225942$ & $-0.0279231$ & $-0.0100662$ & $-0.00674901$ & $0.00145373$ & $-0.00407561$ & $0.0105228$ \\
CHe_33 & $-0.0138083$ & $-0.10908$ & $0.0475486$ & $-0.00309219$ & $0.0157706$ & $-0.08464$ & $-0.00625301$ & $0.659514$ & $0.655141$ & $-0.255095$ & $-0.674459$ & $-0.0722403$ & $-0.00130667$ & $-0.0752453$ & $-0.121052$ & $-0.186574$ & $-0.30894$ & $-0.233886$ & $-0.230656$ & $0.668849$ & $0.575749$ & $1$ & $0.07101$ & $-0.47778$ & $-0.276576$ & $-0.17468$ & $0.421455$ & $0.109943$ & $-0.00606922$ & $-0.00454912$ & $-0.0139497$ & $-0.00710777$ & $-0.0354502$ & $0.462725$ & $-0.00844026$ & $-0.00344137$ & $-0.0113296$ & $-0.0227371$ & $-0.0290236$ & $-0.00344353$ & $-0.0144562$ & $-0.0026242$ & $-0.0235274$ & $-0.0340337$ & $0.00139202$ & $-0.0112157$ & $0.00191408$ & $-0.0153925$ & $-8.75172e-05$ \\
CHQ1_11 & $-0.00425294$ & $0.0263949$ & $0.00354407$ & $0.00294804$ & $0.00409019$ & $-0.0374368$ & $0.00102491$ & $0.0740481$ & $0.0709295$ & $-0.0922536$ & $-0.0390113$ & $-0.00640492$ & $-0.00520448$ & $-0.094807$ & $-0.112063$ & $-0.125019$ & $-0.0817011$ & $-0.0107809$ & $-0.0078959$ & $0.0503876$ & $0.0707941$ & $0.07101$ & $1$ & $-0.122339$ & $0.0179578$ & $-0.589968$ & $0.263823$ & $0.00100089$ & $-0.0176793$ & $-0.00539056$ & $-0.00630273$ & $0.00570935$ & $-0.00771412$ & $0.120759$ & $0.0208694$ & $0.0215181$ & $-0.0040157$ & $-7.14315e-05$ & $-0.00725304$ & $-0.023025$ & $0.0308764$ & $0.0141774$ & $0.000858759$ & $-0.0191757$ & $0.010125$ & $0.00693071$ & $0.00967793$ & $-0.0199295$ & $0.0168992$ \\
CHQ1_33 & $-0.00922358$ & $0.0607796$ & $0.0220301$ & $0.00453995$ & $-0.0131487$ & $0.0773085$ & $-0.0122862$ & $-0.68888$ & $-0.685798$ & $0.611506$ & $0.467069$ & $0.0730996$ & $0.00256767$ & $0.549383$ & $0.245678$ & $0.242226$ & $0.691402$ & $0.495065$ & $0.488628$ & $-0.550766$ & $-0.484532$ & $-0.47778$ & $-0.122339$ & $1$ & $0.56341$ & $0.149013$ & $-0.453182$ & $0.0178929$ & $-0.00308043$ & $0.00231555$ & $0.0246475$ & $-0.0134387$ & $0.0300815$ & $-0.551969$ & $-0.0130581$ & $0.00851252$ & $0.00866925$ & $0.0272291$ & $0.00869016$ & $-0.000820651$ & $-0.00413652$ & $0.0205438$ & $0.0198899$ & $0.0159914$ & $0.00595652$ & $-0.0088353$ & $0.00644695$ & $-0.00707923$ & $-0.0130945$ \\
CHQ3_11 & $-0.0501866$ & $0.0563992$ & $-0.0196329$ & $0.00323782$ & $-0.00964505$ & $-0.00758982$ & $-0.0256026$ & $-0.620356$ & $-0.620422$ & $0.640448$ & $0.365762$ & $0.0489882$ & $0.00193136$ & $0.550594$ & $-0.125179$ & $-0.136166$ & $0.766998$ & $0.771506$ & $0.772287$ & $-0.477508$ & $-0.301402$ & $-0.276576$ & $0.0179578$ & $0.56341$ & $1$ & $0.113245$ & $0.0524145$ & $-0.0590333$ & $-0.0140373$ & $-0.0306827$ & $-0.00283398$ & $-0.0356667$ & $-0.00679442$ & $-0.237976$ & $-0.0114897$ & $0.0184495$ & $0.00719985$ & $0.0277512$ & $0.0308483$ & $-0.00356493$ & $-0.0134693$ & $0.00946748$ & $0.0191634$ & $0.00724113$ & $0.000419334$ & $-0.0128518$ & $-0.00161948$ & $-0.0219683$ & $-0.0256473$ \\
CHu_11 & $-0.00975383$ & $0.0196689$ & $-0.0325338$ & $-0.00215494$ & $9.07129e-05$ & $0.0352953$ & $-0.00144095$ & $-0.20835$ & $-0.207386$ & $0.089$ & $0.216366$ & $0.00909851$ & $-0.00721702$ & $0.0144197$ & $-0.0066317$ & $0.0262548$ & $0.101441$ & $0.0947245$ & $0.0817603$ & $-0.218076$ & $-0.182721$ & $-0.17468$ & $-0.589968$ & $0.149013$ & $0.113245$ & $1$ & $0.0731263$ & $-0.0301838$ & $0.0196634$ & $-0.0080744$ & $-0.0124992$ & $-0.00438697$ & $-0.000270221$ & $-0.119679$ & $0.000705507$ & $-0.00966186$ & $-0.00789667$ & $0.0168439$ & $0.00742051$ & $-0.000374599$ & $-0.00964459$ & $-0.0158458$ & $-0.00852073$ & $0.0356381$ & $0.00776252$ & $0.00109219$ & $-0.0294818$ & $0.00730027$ & $-0.0152478$ \\
CHd_11 & $-0.0202173$ & $-0.0213815$ & $0.00924282$ & $-0.0097171$ & $0.00861817$ & $-0.107028$ & $0.0073085$ & $0.438082$ & $0.434719$ & $-0.354061$ & $-0.311591$ & $-0.0804833$ & $-0.0138006$ & $-0.351676$ & $-0.505934$ & $-0.490119$ & $-0.346398$ & $-0.0402938$ & $-0.0376322$ & $0.341797$ & $0.420685$ & $0.421455$ & $0.263823$ & $-0.453182$ & $0.0524145$ & $0.0731263$ & $1$ & $0.0616539$ & $-0.00516799$ & $-0.0224284$ & $-0.0317058$ & $0.00606216$ & $-0.0382872$ & $0.606019$ & $0.00357523$ & $-0.00250092$ & $-0.0258815$ & $-0.00383947$ & $0.00242795$ & $-0.00886108$ & $-0.00302859$ & $-0.00560594$ & $-0.0168166$ & $-0.0268644$ & $-0.000935314$ & $-0.00630066$ & $-0.0261838$ & $-0.0174472$ & $-0.00397459$ \\
CHd_33 & $-0.017319$ & $-0.0142914$ & $0.0127298$ & $-0.0106506$ & $0.00742089$ & $-0.0194566$ & $-0.00436921$ & $0.135942$ & $0.136074$ & $-0.0606564$ & $-0.142931$ & $-0.0246114$ & $-0.00117439$ & $-0.010094$ & $-0.0240252$ & $-0.0189559$ & $-0.0600884$ & $-0.0528294$ & $-0.0535224$ & $0.13667$ & $0.125675$ & $0.109943$ & $0.00100089$ & $0.0178929$ & $-0.0590333$ & $-0.0301838$ & $0.0616539$ & $1$ & $0.00102879$ & $0.0204176$ & $-0.00126255$ & $-0.0037305$ & $0.0115773$ & $0.0885307$ & $-0.00328455$ & $0.00207411$ & $-0.0177219$ & $0.0144024$ & $0.000140925$ & $0.00633841$ & $0.00616751$ & $0.0116711$ & $0.0232284$ & $-0.0116723$ & $-0.0022398$ & $0.0239331$ & $-0.0363778$ & $0.0110441$ & $0.00185503$ \\
CeH_22r & $0.0122457$ & $0.0186941$ & $-0.0100268$ & $0.0132122$ & $0.011381$ & $-0.0099872$ & $0.0110034$ & $-0.0100377$ & $-0.00343949$ & $-0.00827674$ & $0.0169126$ & $0.0405594$ & $0.0189987$ & $-0.0138875$ & $-0.00608129$ & $0.00688645$ & $-0.0068567$ & $-0.0160613$ & $-0.00589583$ & $-0.0138189$ & $-0.00508102$ & $-0.00606922$ & $-0.0176793$ & $-0.00308043$ & $-0.0140373$ & $0.0196634$ & $-0.00516799$ & $0.00102879$ & $1$ & $0.0488858$ & $0.0329197$ & $-0.00693747$ & $0.0466593$ & $-0.0137089$ & $-0.0340081$ & $-0.0113526$ & $0.0127654$ & $-0.00159109$ & $-0.0129853$ & $0.0149146$ & $-0.012461$ & $0.00414994$ & $0.00970323$ & $0.0521238$ & $-0.00703063$ & $0.000514437$ & $0.00815432$ & $-0.0160039$ & $-0.0111738$ \\
CeH_33r & $-0.00121379$ & $0.00393344$ & $-0.0134575$ & $-0.000204626$ & $0.0137723$ & $-0.0118904$ & $-0.0843631$ & $-0.00155922$ & $0.0172489$ & $-0.0352576$ & $0.00881131$ & $0.297733$ & $0.124333$ & $-0.0136386$ & $0.01137$ & $0.021186$ & $-0.0194055$ & $-0.0309712$ & $-0.0266152$ & $-0.00951386$ & $-0.0231684$ & $-0.00454912$ & $-0.00539056$ & $0.00231555$ & $-0.0306827$ & $-0.0080744$ & $-0.0224284$ & $0.0204176$ & $0.0488858$ & $1$ & $0.311362$ & $0.124377$ & $0.647435$ & $-0.0210001$ & $-0.0563885$ & $-0.0388217$ & $-0.143515$ & $-0.0740854$ & $-0.0135773$ & $0.00962157$ & $0.00111869$ & $0.0152747$ & $-0.0111943$ & $0.000721425$ & $0.0644017$ & $0.0035946$ & $-0.00297335$ & $0.0174702$ & $-0.0340841$ \\
CuH_22r & $0.0245621$ & $-0.0262475$ & $-0.0157055$ & $0.0193801$ & $0.00581386$ & $0.00260011$ & $-0.0595557$ & $-0.00525448$ & $0.00330911$ & $-0.00483445$ & $-0.00239817$ & $0.071843$ & $0.0529974$ & $0.0218732$ & $0.037063$ & $0.00957795$ & $0.0137165$ & $-0.00884446$ & $0.00380957$ & $-0.0157892$ & $-0.0167654$ & $-0.0139497$ & $-0.00630273$ & $0.0246475$ & $-0.00283398$ & $-0.0124992$ & $-0.0317058$ & $-0.00126255$ & $0.0329197$ & $0.311362$ & $1$ & $0.0649958$ & $0.358964$ & $-0.0221337$ & $-0.0221279$ & $-0.0312152$ & $-0.0715834$ & $-0.0486716$ & $0.00536298$ & $0.0149418$ & $-0.0307645$ & $-0.0017953$ & $-0.0167228$ & $-0.0147281$ & $-0.00962731$ & $0.0544319$ & $0.266659$ & $0.0133643$ & $0.0168234$ \\
CuH_33r & $-0.0120158$ & $0.0131291$ & $0.00852318$ & $-0.00343548$ & $-0.00918103$ & $-0.00862488$ & $0.897925$ & $0.000507569$ & $0.0260785$ & $0.00928356$ & $0.00927661$ & $0.0951935$ & $-0.133068$ & $-0.0464237$ & $0.010856$ & $0.029553$ & $-0.0396896$ & $-0.0309728$ & $-0.0419952$ & $0.0207255$ & $-0.00264035$ & $-0.00710777$ & $0.00570935$ & $-0.0134387$ & $-0.0356667$ & $-0.00438697$ & $0.00606216$ & $-0.0037305$ & $-0.00693747$ & $0.124377$ & $0.0649958$ & $1$ & $0.161836$ & $-0.0209087$ & $0.0573011$ & $0.000793458$ & $-0.023749$ & $-0.0283571$ & $-0.0117983$ & $0.00864871$ & $0.00831039$ & $0.0160261$ & $0.0143721$ & $-0.00270701$ & $-0.00437533$ & $-0.0235376$ & $0.00361284$ & $0.0269452$ & $-0.0285679$ \\
CdH_33r & $-0.00340823$ & $-0.00788415$ & $-0.0234465$ & $0.019487$ & $0.0174982$ & $0.0114577$ & $-0.0940278$ & $-0.0278262$ & $-0.00738678$ & $-0.0156614$ & $0.0244306$ & $0.273812$ & $0.117937$ & $0.0166223$ & $0.0150481$ & $0.0292112$ & $0.00334272$ & $-0.00206824$ & $-0.00538651$ & $-0.0338292$ & $-0.0440362$ & $-0.0354502$ & $-0.00771412$ & $0.0300815$ & $-0.00679442$ & $-0.000270221$ & $-0.0382872$ & $0.0115773$ & $0.0466593$ & $0.647435$ & $0.358964$ & $0.161836$ & $1$ & $-0.037609$ & $-0.0402334$ & $-0.0384866$ & $-0.168016$ & $-0.0709291$ & $-0.0333586$ & $0.0117467$ & $0.00785173$ & $0.0197989$ & $-0.0238969$ & $-0.0114426$ & $0.0230104$ & $0.0031525$ & $0.0316979$ & $0.161697$ & $0.352213$ \\
CLL_1221 & $-0.00527211$ & $0.00601059$ & $0.0338605$ & $0.00267468$ & $0.00617244$ & $-0.167875$ & $-0.00229408$ & $0.666155$ & $0.660445$ & $-0.456245$ & $-0.515422$ & $-0.249123$ & $-0.0202642$ & $-0.367004$ & $-0.560289$ & $-0.244134$ & $-0.388888$ & $0.049829$ & $-0.272276$ & $0.469507$ & $0.465266$ & $0.462725$ & $0.120759$ & $-0.551969$ & $-0.237976$ & $-0.119679$ & $0.606019$ & $0.0885307$ & $-0.0137089$ & $-0.0210001$ & $-0.0221337$ & $-0.0209087$ & $-0.037609$ & $1$ & $0.00804282$ & $-0.00988606$ & $-0.0253406$ & $-0.0257197$ & $0.0125328$ & $0.011893$ & $0.00770469$ & $-0.00481889$ & $-0.0107072$ & $-0.00477348$ & $-0.0256404$ & $0.00958243$ & $-0.0116115$ & $0.00546883$ & $0.021541$ \\
eHggint & $0.0605399$ & $0.0410856$ & $-0.0107166$ & $-0.00521936$ & $0.04577$ & $0.00971005$ & $0.000438389$ & $-0.000519662$ & $-0.00342717$ & $0.0274933$ & $-0.00192504$ & $0.0961805$ & $0.0108105$ & $-0.00940397$ & $-0.0155695$ & $0.020483$ & $-0.0134374$ & $0.0059703$ & $-0.0199436$ & $0.0145684$ & $-0.00289219$ & $-0.00844026$ & $0.0208694$ & $-0.0130581$ & $-0.0114897$ & $0.000705507$ & $0.00357523$ & $-0.00328455$ & $-0.0340081$ & $-0.0563885$ & $-0.0221279$ & $0.0573011$ & $-0.0402334$ & $0.00804282$ & $1$ & $-0.0147806$ & $-0.0598636$ & $0.0127817$ & $0.00632069$ & $-0.03451$ & $-0.0169832$ & $0.000315193$ & $0.0904924$ & $0.0216885$ & $-0.0100665$ & $-0.0425917$ & $-0.0762917$ & $-0.0421414$ & $-0.0085618$ \\
eHggpar & $-0.00517297$ & $0.0522447$ & $-0.00619204$ & $-0.0165671$ & $0.0138699$ & $-0.0122769$ & $-0.0138625$ & $-0.0184162$ & $-0.0265239$ & $0.0308269$ & $0.0197983$ & $0.033616$ & $-0.0134249$ & $-0.00417533$ & $0.012782$ & $0.0167179$ & $0.0130591$ & $-0.00185479$ & $-0.00173873$ & $-0.0126006$ & $-0.00482828$ & $-0.00344137$ & $0.0215181$ & $0.00851252$ & $0.0184495$ & $-0.00966186$ & $-0.00250092$ & $0.00207411$ & $-0.0113526$ & $-0.0388217$ & $-0.0312152$ & $0.000793458$ & $-0.0384866$ & $-0.00988606$ & $-0.0147806$ & $1$ & $0.0256964$ & $0.0134315$ & $-0.00980413$ & $-0.0169917$ & $0.00593371$ & $0.0177713$ & $-0.0766374$ & $-0.0186912$ & $0.0266553$ & $-0.0588605$ & $-0.00231426$ & $-0.0456593$ & $0.00884733$ \\
eHWWint & $0.00189576$ & $-0.029388$ & $0.0102866$ & $0.0174873$ & $-0.000224405$ & $-0.0143716$ & $0.0125233$ & $-0.00440178$ & $-0.0112206$ & $0.0177126$ & $-0.00337825$ & $-0.025547$ & $-0.0334375$ & $0.00718441$ & $0.0260485$ & $0.0349163$ & $0.0159043$ & $-0.00593943$ & $0.00676469$ & $0.00353406$ & $0.0138391$ & $-0.0113296$ & $-0.0040157$ & $0.00866925$ & $0.00719985$ & $-0.00789667$ & $-0.0258815$ & $-0.0177219$ & $0.0127654$ & $-0.143515$ & $-0.0715834$ & $-0.023749$ & $-0.168016$ & $-0.0253406$ & $-0.0598636$ & $0.0256964$ & $1$ & $0.0145161$ & $0.022356$ & $-0.0321555$ & $-0.0308658$ & $0.00842555$ & $-0.0262132$ & $0.0318559$ & $-0.0601645$ & $-0.0173471$ & $0.0409341$ & $-0.033981$ & $0.000796006$ \\
eHWWpar & $-0.000722521$ & $-0.0115362$ & $0.00314437$ & $-0.0200521$ & $0.0116484$ & $0.00144497$ & $-0.00714303$ & $-0.0271652$ & $-0.0280536$ & $0.0178542$ & $0.0157639$ & $-0.0148339$ & $-0.016243$ & $0.0203798$ & $-0.00219351$ & $0.0133379$ & $0.0329232$ & $0.0215489$ & $0.0114903$ & $-0.017458$ & $-0.00622723$ & $-0.0227371$ & $-7.14315e-05$ & $0.0272291$ & $0.0277512$ & $0.0168439$ & $-0.00383947$ & $0.0144024$ & $-0.00159109$ & $-0.0740854$ & $-0.0486716$ & $-0.0283571$ & $-0.0709291$ & $-0.0257197$ & $0.0127817$ & $0.0134315$ & $0.0145161$ & $1$ & $0.0242762$ & $-0.0312523$ & $-0.0320411$ & $-0.0188675$ & $0.0511376$ & $0.0219862$ & $0.0146754$ & $-0.0231558$ & $-0.0301767$ & $0.0349243$ & $0.0129987$ \\
eHZZint & $0.0289358$ & $0.0265507$ & $-0.043214$ & $0.00382443$ & $-0.0389016$ & $0.0163721$ & $-0.0246514$ & $-0.03073$ & $-0.0324075$ & $0.00995719$ & $0.022309$ & $0.00757739$ & $0.0227007$ & $0.00358453$ & $-0.0380851$ & $-0.0262385$ & $0.0247981$ & $0.0457717$ & $0.0345852$ & $-0.0277525$ & $-0.00989524$ & $-0.0290236$ & $-0.00725304$ & $0.00869016$ & $0.0308483$ & $0.00742051$ & $0.00242795$ & $0.000140925$ & $-0.0129853$ & $-0.0135773$ & $0.00536298$ & $-0.0117983$ & $-0.0333586$ & $0.0125328$ & $0.00632069$ & $-0.00980413$ & $0.022356$ & $0.0242762$ & $1$ & $0.0136919$ & $0.0277901$ & $0.00349835$ & $0.0682158$ & $0.0680044$ & $0.0241195$ & $-0.0250086$ & $-0.00116543$ & $-0.00492064$ & $-0.00895713$ \\
eHZZpar & $0.0185896$ & $-0.00504218$ & $0.00995732$ & $-0.0293853$ & $-0.0139325$ & $0.0135308$ & $-0.00162886$ & $-0.00313002$ & $-0.00371808$ & $-0.00323582$ & $0.0087082$ & $0.0150401$ & $0.021319$ & $-0.00895354$ & $-0.013083$ & $-0.0149765$ & $-0.0124428$ & $0.0105063$ & $-0.000686239$ & $-0.00804863$ & $-0.0301226$ & $-0.00344353$ & $-0.023025$ & $-0.000820651$ & $-0.00356493$ & $-0.000374599$ & $-0.00886108$ & $0.00633841$ & $0.0149146$ & $0.00962157$ & $0.0149418$ & $0.00864871$ & $0.0117467$ & $0.011893$ & $-0.03451$ & $-0.0169917$ & $-0.0321555$ & $-0.0312523$ & $0.0136919$ & $1$ & $0.0160487$ & $0.0140391$ & $-0.00428028$ & $0.00521755$ & $-0.0285939$ & $0.000794842$ & $-0.0432222$ & $-0.034993$ & $0.0117823$ \\
eHZgaint & $-0.0129719$ & $0.0230973$ & $0.00213565$ & $0.0082441$ & $-0.00368455$ & $-0.0326637$ & $0.00590321$ & $-0.0121004$ & $-0.0120692$ & $-0.0196767$ & $0.0283011$ & $-0.00805145$ & $0.0131317$ & $-0.0370977$ & $-0.00404955$ & $-0.00796308$ & $-0.00507613$ & $-0.007086$ & $-0.00102922$ & $-0.0215649$ & $-0.0315564$ & $-0.0144562$ & $0.0308764$ & $-0.00413652$ & $-0.0134693$ & $-0.00964459$ & $-0.00302859$ & $0.00616751$ & $-0.012461$ & $0.00111869$ & $-0.0307645$ & $0.00831039$ & $0.00785173$ & $0.00770469$ & $-0.0169832$ & $0.00593371$ & $-0.0308658$ & $-0.0320411$ & $0.0277901$ & $0.0160487$ & $1$ & $0.0467211$ & $0.0144767$ & $-0.00621558$ & $-0.0349315$ & $0.0541889$ & $-0.00786542$ & $-0.00185586$ & $0.0184736$ \\
eHZgapar & $0.00218231$ & $-0.0351743$ & $-0.0234956$ & $-0.0110732$ & $-0.00958828$ & $-0.0080919$ & $0.0104816$ & $-0.00192151$ & $0.00100918$ & $0.00688767$ & $-0.00783573$ & $-0.0162526$ & $-0.0101641$ & $0.0140368$ & $-0.0104244$ & $0.00343225$ & $0.0155866$ & $0.0105895$ & $0.0103315$ & $-0.00143856$ & $0.00727494$ & $-0.0026242$ & $0.0141774$ & $0.0205438$ & $0.00946748$ & $-0.0158458$ & $-0.00560594$ & $0.0116711$ & $0.00414994$ & $0.0152747$ & $-0.0017953$ & $0.0160261$ & $0.0197989$ & $-0.00481889$ & $0.000315193$ & $0.0177713$ & $0.00842555$ & $-0.0188675$ & $0.00349835$ & $0.0140391$ & $0.0467211$ & $1$ & $0.00230746$ & $0.053108$ & $-0.00538386$ & $-0.0338431$ & $0.03168$ & $0.00836951$ & $0.0232935$ \\
eHgagaint & $-0.0618079$ & $0.114606$ & $-0.00660461$ & $0.0222244$ & $0.0218581$ & $0.0309944$ & $0.013625$ & $-0.0396628$ & $0.00281319$ & $0.00830444$ & $0.0359164$ & $0.00280823$ & $0.0155566$ & $0.0112646$ & $-0.0091405$ & $0.00592135$ & $0.0165584$ & $0.0218094$ & $0.0104937$ & $-0.0244052$ & $-0.0225942$ & $-0.0235274$ & $0.000858759$ & $0.0198899$ & $0.0191634$ & $-0.00852073$ & $-0.0168166$ & $0.0232284$ & $0.00970323$ & $-0.0111943$ & $-0.0167228$ & $0.0143721$ & $-0.0238969$ & $-0.0107072$ & $0.0904924$ & $-0.0766374$ & $-0.0262132$ & $0.0511376$ & $0.0682158$ & $-0.00428028$ & $0.0144767$ & $0.00230746$ & $1$ & $-0.00182882$ & $0.0049801$ & $-4.97726e-05$ & $-0.0659168$ & $0.0712454$ & $-0.104027$ \\
eHmumuint & $-0.029091$ & $0.0614604$ & $0.00412031$ & $-0.116505$ & $-0.0373861$ & $0.0177975$ & $0.00648484$ & $-0.0376642$ & $-0.0365858$ & $0.0183695$ & $0.0407949$ & $0.00704408$ & $-0.00193449$ & $-0.0044012$ & $-0.00759717$ & $0.0301289$ & $0.0231679$ & $0.0166838$ & $-0.00199688$ & $-0.0452158$ & $-0.0279231$ & $-0.0340337$ & $-0.0191757$ & $0.0159914$ & $0.00724113$ & $0.0356381$ & $-0.0268644$ & $-0.0116723$ & $0.0521238$ & $0.000721425$ & $-0.0147281$ & $-0.00270701$ & $-0.0114426$ & $-0.00477348$ & $0.0216885$ & $-0.0186912$ & $0.0318559$ & $0.0219862$ & $0.0680044$ & $0.00521755$ & $-0.00621558$ & $0.053108$ & $-0.00182882$ & $1$ & $0.0422414$ & $-0.0165394$ & $-0.0050234$ & $-0.0340161$ & $0.00657644$ \\
eHtautauint & $-0.0303604$ & $-0.0161673$ & $-0.016841$ & $0.00871644$ & $-0.0287683$ & $0.0232769$ & $0.000540778$ & $-0.0135591$ & $-0.0110756$ & $-0.0104081$ & $0.00998251$ & $-0.0214754$ & $-0.0202011$ & $0.000192973$ & $-0.0100054$ & $0.00734297$ & $0.00399327$ & $-0.00778889$ & $-0.00577265$ & $-0.019024$ & $-0.0100662$ & $0.00139202$ & $0.010125$ & $0.00595652$ & $0.000419334$ & $0.00776252$ & $-0.000935314$ & $-0.0022398$ & $-0.00703063$ & $0.0644017$ & $-0.00962731$ & $-0.00437533$ & $0.0230104$ & $-0.0256404$ & $-0.0100665$ & $0.0266553$ & $-0.0601645$ & $0.0146754$ & $0.0241195$ & $-0.0285939$ & $-0.0349315$ & $-0.00538386$ & $0.0049801$ & $0.0422414$ & $1$ & $0.0101986$ & $-0.0268075$ & $0.000960458$ & $0.0424923$ \\
eHccint & $0.0853548$ & $0.00731604$ & $-0.011541$ & $-0.0237295$ & $0.0326146$ & $0.00426576$ & $-0.013293$ & $0.0100102$ & $0.0113272$ & $-0.000353544$ & $-0.00826566$ & $-0.0102257$ & $0.0163576$ & $-0.000867604$ & $0.00229222$ & $0.00788416$ & $0.00196943$ & $-0.0083186$ & $-0.00191416$ & $0.00644388$ & $-0.00674901$ & $-0.0112157$ & $0.00693071$ & $-0.0088353$ & $-0.0128518$ & $0.00109219$ & $-0.00630066$ & $0.0239331$ & $0.000514437$ & $0.0035946$ & $0.0544319$ & $-0.0235376$ & $0.0031525$ & $0.00958243$ & $-0.0425917$ & $-0.0588605$ & $-0.0173471$ & $-0.0231558$ & $-0.0250086$ & $0.000794842$ & $0.0541889$ & $-0.0338431$ & $-4.97726e-05$ & $-0.0165394$ & $0.0101986$ & $1$ & $-0.00349006$ & $0.0530652$ & $-0.0537207$ \\
eHccpar & $0.0179371$ & $-0.0263094$ & $-0.0555831$ & $0.0108819$ & $-0.0133159$ & $-0.0038422$ & $0.00590248$ & $0.00291792$ & $0.000319592$ & $0.00548119$ & $-0.0130179$ & $0.00592937$ & $0.0192669$ & $0.00953224$ & $0.0154585$ & $0.0261269$ & $-0.00877865$ & $-0.0050636$ & $-0.00791101$ & $0.00671789$ & $0.00145373$ & $0.00191408$ & $0.00967793$ & $0.00644695$ & $-0.00161948$ & $-0.0294818$ & $-0.0261838$ & $-0.0363778$ & $0.00815432$ & $-0.00297335$ & $0.266659$ & $0.00361284$ & $0.0316979$ & $-0.0116115$ & $-0.0762917$ & $-0.00231426$ & $0.0409341$ & $-0.0301767$ & $-0.00116543$ & $-0.0432222$ & $-0.00786542$ & $0.03168$ & $-0.0659168$ & $-0.0050234$ & $-0.0268075$ & $-0.00349006$ & $1$ & $-0.00710961$ & $0.0774169$ \\
eHbbint & $0.012778$ & $-0.00977932$ & $0.0443105$ & $-0.0769253$ & $0.000537861$ & $-0.00674468$ & $0.0262198$ & $0.00613147$ & $0.0101951$ & $-0.0196852$ & $0.00479668$ & $-0.0113231$ & $0.0152031$ & $-0.00931834$ & $-0.00551391$ & $0.00122672$ & $-0.0174446$ & $-0.00740114$ & $-0.0192608$ & $-0.00553084$ & $-0.00407561$ & $-0.0153925$ & $-0.0199295$ & $-0.00707923$ & $-0.0219683$ & $0.00730027$ & $-0.0174472$ & $0.0110441$ & $-0.0160039$ & $0.0174702$ & $0.0133643$ & $0.0269452$ & $0.161697$ & $0.00546883$ & $-0.0421414$ & $-0.0456593$ & $-0.033981$ & $0.0349243$ & $-0.00492064$ & $-0.034993$ & $-0.00185586$ & $0.00836951$ & $0.0712454$ & $-0.0340161$ & $0.000960458$ & $0.0530652$ & $-0.00710961$ & $1$ & $0.0338227$ \\
eHbbpar & $-0.0626162$ & $-0.0190122$ & $-0.0287399$ & $0.0412112$ & $0.0266719$ & $0.00604856$ & $-0.0204797$ & $0.034378$ & $0.0295877$ & $-0.0152845$ & $-0.0342025$ & $-0.0203077$ & $-0.0289639$ & $-0.00271134$ & $-0.00324493$ & $0.029158$ & $-0.0295526$ & $-0.0122316$ & $-0.0282294$ & $0.0333533$ & $0.0105228$ & $-8.75172e-05$ & $0.0168992$ & $-0.0130945$ & $-0.0256473$ & $-0.0152478$ & $-0.00397459$ & $0.00185503$ & $-0.0111738$ & $-0.0340841$ & $0.0168234$ & $-0.0285679$ & $0.352213$ & $0.021541$ & $-0.0085618$ & $0.00884733$ & $0.000796006$ & $0.0129987$ & $-0.00895713$ & $0.0117823$ & $0.0184736$ & $0.0232935$ & $-0.104027$ & $0.00657644$ & $0.0424923$ & $-0.0537207$ & $0.0774169$ & $0.0338227$ & $1$ \\
