 & AlsMz & dAle5Mz & mtop & mHl & Mz & CW & CHG & CHWB & CHWHB_gaga & CHWHB_gagaorth & CHD & CHbox & CH & CHL1_11 & CHL1_22 & CHL1_33 & CHL3_11 & CHL3_22 & CHL3_33 & CHe_11 & CHe_22 & CHe_33 & CHQ1_11 & CHQ1_33 & CHQ3_11 & CHu_11 & CHd_11 & CHd_33 & CeH_22r & CeH_33r & CuH_22r & CuH_33r & CdH_33r & CLL_1221 & eHggint & eHggpar & eHWWint & eHWWpar & eHZZint & eHZZpar & eHZgaint & eHZgapar & eHgagaint & eHmumuint & eHtautauint & eHccint & eHccpar & eHbbint & eHbbpar \\
AlsMz & $1$ & $0.347303$ & $0.076404$ & $-0.0989605$ & $0.00622806$ & $0.0208856$ & $0.0063998$ & $-0.0665219$ & $-0.0658325$ & $0.0525186$ & $0.0620167$ & $-0.0197477$ & $-0.0113217$ & $-0.0352944$ & $-0.0250128$ & $-0.0260376$ & $-0.00619972$ & $0.00313157$ & $0.00639474$ & $-0.0602089$ & $-0.0638531$ & $-0.0608531$ & $-0.0192955$ & $-0.00559462$ & $-0.0490708$ & $0.0379148$ & $-0.0439244$ & $-0.0393714$ & $-0.0136122$ & $-0.0139061$ & $-0.0671918$ & $0.00088771$ & $-0.0719566$ & $-0.0321035$ & $-0.104866$ & $0.0831168$ & $-0.00631836$ & $0.00308341$ & $0.0830079$ & $-0.00582257$ & $0.335705$ & $-0.016398$ & $0.0302313$ & $0.169509$ & $0.398936$ & $-0.399655$ & $-0.266416$ & $-0.123338$ & $-0.2759$ \\
dAle5Mz & $0.347303$ & $1$ & $0.232773$ & $0.575136$ & $-0.00264573$ & $0.060313$ & $-0.180764$ & $-0.0441148$ & $-0.0532851$ & $-0.0516687$ & $0.0625787$ & $0.0101777$ & $0.187191$ & $-0.0572743$ & $-0.0158545$ & $-0.0412849$ & $-0.055007$ & $-0.0482011$ & $-0.0322083$ & $-0.0534952$ & $-0.05303$ & $-0.0539102$ & $-0.00866586$ & $-0.0332153$ & $-0.0573861$ & $0.0403083$ & $-0.00747222$ & $-0.0344484$ & $0.0466516$ & $0.123876$ & $0.0644929$ & $-0.177453$ & $0.0853465$ & $-0.0039128$ & $0.00994867$ & $-0.228194$ & $-0.00460097$ & $0.0339477$ & $-0.00824177$ & $0.0896022$ & $0.0716971$ & $0.023806$ & $-0.332153$ & $0.479572$ & $0.189586$ & $0.0574677$ & $-0.157873$ & $0.183828$ & $-0.330463$ \\
mtop & $0.076404$ & $0.232773$ & $1$ & $0.0570285$ & $-0.00427398$ & $0.0192248$ & $-0.0280979$ & $0.02161$ & $0.0271173$ & $-0.0452039$ & $-0.0383502$ & $0.0119899$ & $0.0355517$ & $0.0452338$ & $0.104431$ & $0.105796$ & $0.0209159$ & $-0.0194168$ & $-0.0205833$ & $0.0519487$ & $0.033598$ & $0.0345683$ & $-0.0818945$ & $0.0194695$ & $-0.0498855$ & $-0.0137301$ & $-0.15988$ & $0.0507999$ & $0.0212898$ & $0.0312315$ & $0.027834$ & $-0.0431724$ & $0.00714133$ & $-0.071077$ & $-0.448624$ & $0.0957323$ & $0.363717$ & $0.00686267$ & $-0.107854$ & $0.0196739$ & $0.0659063$ & $0.0230917$ & $0.169025$ & $0.375455$ & $0.444055$ & $-0.0383619$ & $0.0447313$ & $-0.037849$ & $-0.0297124$ \\
mHl & $-0.0989605$ & $0.575136$ & $0.0570285$ & $1$ & $-0.0116041$ & $0.0260448$ & $-0.0956078$ & $0.0840443$ & $0.0761219$ & $-0.127707$ & $0.00705185$ & $-0.0366043$ & $0.10283$ & $-0.128006$ & $-0.121887$ & $-0.108389$ & $-0.151986$ & $-0.107707$ & $-0.118288$ & $-0.0158864$ & $0.017575$ & $0.0156235$ & $0.0829868$ & $-0.187287$ & $-0.0744497$ & $-0.00285791$ & $0.264159$ & $0.00691069$ & $0.0254092$ & $0.0787056$ & $0.0689449$ & $-0.0797353$ & $0.0449013$ & $0.215495$ & $0.140126$ & $0.0138299$ & $0.0649616$ & $0.0275008$ & $-0.0267583$ & $0.0173415$ & $0.263694$ & $0.0357093$ & $-0.220802$ & $0.524443$ & $-0.110087$ & $0.267252$ & $0.0193965$ & $0.208858$ & $-0.320625$ \\
Mz & $0.00622806$ & $-0.00264573$ & $-0.00427398$ & $-0.0116041$ & $1$ & $-0.00707963$ & $-0.00871751$ & $0.000575565$ & $0.00145533$ & $0.00704473$ & $0.00754529$ & $0.0222228$ & $0.00558992$ & $0.000511661$ & $-0.0139034$ & $-0.00861348$ & $-0.00155532$ & $0.00401345$ & $1.36211e-05$ & $-0.00281634$ & $0.00124624$ & $0.00105633$ & $0.0146659$ & $-0.00282159$ & $0.00858863$ & $-0.00446022$ & $0.0288362$ & $-0.00394317$ & $0.0161681$ & $6.51422e-05$ & $0.00769718$ & $-0.0100005$ & $0.00550067$ & $0.0119822$ & $-0.00441428$ & $0.023436$ & $0.0134008$ & $-0.0158226$ & $0.00503567$ & $-0.00603593$ & $0.00499647$ & $0.00760221$ & $0.0270662$ & $0.0238213$ & $0.00668971$ & $-0.0194116$ & $-0.00509741$ & $0.00793593$ & $-0.00772844$ \\
CW & $0.0208856$ & $0.060313$ & $0.0192248$ & $0.0260448$ & $-0.00707963$ & $1$ & $0.0105955$ & $-0.0384575$ & $-0.0365514$ & $0.00839511$ & $0.156853$ & $0.026536$ & $-0.0289578$ & $-0.0416383$ & $-0.0832738$ & $-0.077376$ & $-0.387167$ & $-0.184952$ & $-0.187547$ & $-0.153442$ & $-0.159772$ & $-0.156811$ & $-0.0244689$ & $-0.135913$ & $-0.228029$ & $0.119332$ & $-0.073812$ & $-0.069781$ & $-0.0118402$ & $-0.0132983$ & $-0.00326848$ & $0.0132873$ & $-0.0241679$ & $-0.0992103$ & $-0.0183743$ & $-0.0510959$ & $-0.0168324$ & $0.00196736$ & $-0.0218727$ & $-0.0225976$ & $-0.00991528$ & $-0.00206029$ & $0.00141429$ & $0.0118469$ & $0.00640789$ & $0.0185121$ & $-0.00694674$ & $-0.047651$ & $0.0151626$ \\
CHG & $0.0063998$ & $-0.180764$ & $-0.0280979$ & $-0.0956078$ & $-0.00871751$ & $0.0105955$ & $1$ & $-0.0231622$ & $0.00457622$ & $0.200189$ & $0.0867203$ & $-0.473632$ & $-0.78992$ & $-0.134297$ & $-0.0202045$ & $-0.00658817$ & $-0.122316$ & $-0.115384$ & $-0.122242$ & $-0.084663$ & $-0.0895377$ & $-0.0876398$ & $-0.0204016$ & $-0.0731897$ & $-0.117918$ & $0.0713759$ & $-0.0405465$ & $-0.0457484$ & $-0.139175$ & $-0.602934$ & $-0.373962$ & $0.961107$ & $-0.638757$ & $-0.0133517$ & $-0.153336$ & $0.00247222$ & $-0.0191988$ & $0.0186528$ & $-0.0499014$ & $-0.0379406$ & $-0.0798414$ & $0.00214566$ & $0.185707$ & $-0.178414$ & $-0.0233202$ & $-0.135404$ & $0.128041$ & $-0.210858$ & $0.0870122$ \\
CHWB & $-0.0665219$ & $-0.0441148$ & $0.02161$ & $0.0840443$ & $0.000575565$ & $-0.0384575$ & $-0.0231622$ & $1$ & $0.989882$ & $-0.547513$ & $-0.872066$ & $-0.156343$ & $0.00550838$ & $0.280749$ & $0.483683$ & $0.483878$ & $-0.208875$ & $-0.399305$ & $-0.400331$ & $0.857726$ & $0.884535$ & $0.875459$ & $-0.00461909$ & $-0.616776$ & $-0.381426$ & $-0.598313$ & $0.362467$ & $0.402108$ & $0.00643399$ & $0.024222$ & $0.0339093$ & $-0.0296194$ & $0.0252562$ & $0.509777$ & $-0.0205516$ & $0.0505117$ & $0.0638042$ & $-0.0092007$ & $-0.0305135$ & $-0.00345598$ & $0.0261016$ & $0.00484575$ & $0.0262024$ & $0.0827241$ & $-0.0437173$ & $0.0160428$ & $0.0726862$ & $0.0379563$ & $0.0281937$ \\
CHWHB_gaga & $-0.0658325$ & $-0.0532851$ & $0.0271173$ & $0.0761219$ & $0.00145533$ & $-0.0365514$ & $0.00457622$ & $0.989882$ & $1$ & $-0.540328$ & $-0.860212$ & $-0.144749$ & $0.00484851$ & $0.272132$ & $0.477859$ & $0.479796$ & $-0.212624$ & $-0.400509$ & $-0.402602$ & $0.846203$ & $0.872434$ & $0.863633$ & $-0.00357093$ & $-0.614472$ & $-0.382985$ & $-0.590999$ & $0.35772$ & $0.397024$ & $0.0129821$ & $0.0384957$ & $0.0444361$ & $-0.00419389$ & $0.0408412$ & $0.504933$ & $-0.0420488$ & $0.0528097$ & $0.066061$ & $-0.0119141$ & $-0.037358$ & $-0.00570913$ & $0.0152786$ & $0.00280446$ & $0.0564602$ & $0.0784895$ & $-0.0408106$ & $0.0138574$ & $0.0863766$ & $0.0318515$ & $0.0385404$ \\
CHWHB_gagaorth & $0.0525186$ & $-0.0516687$ & $-0.0452039$ & $-0.127707$ & $0.00704473$ & $0.00839511$ & $0.200189$ & $-0.547513$ & $-0.540328$ & $1$ & $0.470666$ & $0.186852$ & $-0.247667$ & $-0.142306$ & $-0.254333$ & $-0.246918$ & $0.125612$ & $0.226967$ & $0.221895$ & $-0.462348$ & $-0.479837$ & $-0.476341$ & $-0.00742473$ & $0.350624$ & $0.219056$ & $0.326332$ & $-0.207467$ & $-0.217771$ & $-0.0476054$ & $-0.230385$ & $-0.155883$ & $0.204071$ & $-0.259907$ & $-0.291713$ & $-0.0121993$ & $-0.0217838$ & $-0.0359668$ & $0.0244627$ & $-0.00888511$ & $-0.000211092$ & $-0.0405987$ & $0.00601792$ & $0.043648$ & $-0.103465$ & $0.0314736$ & $-0.05569$ & $-0.0194557$ & $-0.0678023$ & $-0.0246607$ \\
CHD & $0.0620167$ & $0.0625787$ & $-0.0383502$ & $0.00705185$ & $0.00754529$ & $0.156853$ & $0.0867203$ & $-0.872066$ & $-0.860212$ & $0.470666$ & $1$ & $0.14822$ & $-0.0861183$ & $-0.673471$ & $-0.590781$ & $-0.582485$ & $-0.267871$ & $-0.0307889$ & $-0.0318941$ & $-0.995159$ & $-0.995419$ & $-0.983537$ & $0.047891$ & $0.198202$ & $-0.0640358$ & $0.680312$ & $-0.244805$ & $-0.441965$ & $-0.0149819$ & $-0.0883542$ & $-0.0688874$ & $0.0961522$ & $-0.0966832$ & $-0.304907$ & $0.00894667$ & $-0.0260903$ & $-0.071788$ & $0.0156855$ & $0.0273968$ & $-0.0252803$ & $-0.0188538$ & $-0.0180699$ & $-0.00331918$ & $-0.0453334$ & $0.00799952$ & $-0.0110664$ & $-0.0568887$ & $-0.0578831$ & $0.000944506$ \\
CHbox & $-0.0197477$ & $0.0101777$ & $0.0119899$ & $-0.0366043$ & $0.0222228$ & $0.026536$ & $-0.473632$ & $-0.156343$ & $-0.144749$ & $0.186852$ & $0.14822$ & $1$ & $0.619823$ & $-0.0651245$ & $-0.0717338$ & $-0.0609411$ & $0.00416413$ & $0.037891$ & $0.0309437$ & $-0.142278$ & $-0.151448$ & $-0.148846$ & $-4.8629e-06$ & $0.0876027$ & $0.0308378$ & $0.101177$ & $-0.0755246$ & $-0.0709913$ & $0.144477$ & $0.509849$ & $0.277279$ & $-0.395441$ & $0.54829$ & $-0.0875992$ & $0.0936188$ & $0.0643738$ & $0.0254484$ & $-0.0491174$ & $0.0285052$ & $0.0488108$ & $0.0852929$ & $-0.00347178$ & $-0.07066$ & $0.0804899$ & $-0.0459952$ & $0.0646986$ & $-0.103594$ & $0.0507478$ & $0.0403243$ \\
CH & $-0.0113217$ & $0.187191$ & $0.0355517$ & $0.10283$ & $0.00558992$ & $-0.0289578$ & $-0.78992$ & $0.00550838$ & $0.00484851$ & $-0.247667$ & $-0.0861183$ & $0.619823$ & $1$ & $0.153857$ & $0.0296612$ & $0.01914$ & $0.155682$ & $0.141966$ & $0.146733$ & $0.0851483$ & $0.0870357$ & $0.0861758$ & $0.0208297$ & $0.106188$ & $0.141721$ & $-0.0785873$ & $0.0126794$ & $0.0394017$ & $0.208099$ & $0.737675$ & $0.444045$ & $-0.714737$ & $0.778904$ & $-0.00840951$ & $0.157428$ & $-0.0120883$ & $0.0275182$ & $-0.0448082$ & $0.0398851$ & $0.0520501$ & $0.0821819$ & $-0.00268804$ & $-0.200745$ & $0.175592$ & $0.00326221$ & $0.154173$ & $-0.112033$ & $0.18663$ & $-0.0617796$ \\
CHL1_11 & $-0.0352944$ & $-0.0572743$ & $0.0452338$ & $-0.128006$ & $0.000511661$ & $-0.0416383$ & $-0.134297$ & $0.280749$ & $0.272132$ & $-0.142306$ & $-0.673471$ & $-0.0651245$ & $0.153857$ & $1$ & $0.402945$ & $0.394036$ & $0.637571$ & $0.595701$ & $0.594047$ & $0.681075$ & $0.648831$ & $0.638305$ & $-0.0893351$ & $0.438789$ & $0.600297$ & $-0.448025$ & $-0.0425149$ & $0.275488$ & $0.0201966$ & $0.134731$ & $0.0865585$ & $-0.143165$ & $0.145689$ & $-0.167229$ & $0.00961762$ & $-0.0292256$ & $0.0465694$ & $-0.0197652$ & $-0.0123327$ & $0.0453268$ & $-0.00895026$ & $0.0333757$ & $-0.0202813$ & $-0.0256312$ & $0.042636$ & $0.00192029$ & $0.0114989$ & $0.0498435$ & $-0.0381825$ \\
CHL1_22 & $-0.0250128$ & $-0.0158545$ & $0.104431$ & $-0.121887$ & $-0.0139034$ & $-0.0832738$ & $-0.0202045$ & $0.483683$ & $0.477859$ & $-0.254333$ & $-0.590781$ & $-0.0717338$ & $0.0296612$ & $0.402945$ & $1$ & $0.526848$ & $0.174129$ & $-0.314037$ & $0.00252433$ & $0.630903$ & $0.539071$ & $0.531729$ & $-0.175585$ & $0.0213466$ & $-0.0613701$ & $-0.361298$ & $-0.289901$ & $0.230884$ & $0.00436606$ & $0.0409344$ & $0.0272405$ & $-0.0247602$ & $0.0468171$ & $-0.465312$ & $-0.0276939$ & $-0.0349655$ & $0.00755414$ & $0.0172414$ & $-0.105576$ & $0.0133815$ & $-0.0634482$ & $0.00815572$ & $-0.0242592$ & $-0.046947$ & $0.0578292$ & $-0.0162175$ & $0.0497464$ & $0.00140702$ & $0.0438719$ \\
CHL1_33 & $-0.0260376$ & $-0.0412849$ & $0.105796$ & $-0.108389$ & $-0.00861348$ & $-0.077376$ & $-0.00658817$ & $0.483878$ & $0.479796$ & $-0.246918$ & $-0.582485$ & $-0.0609411$ & $0.01914$ & $0.394036$ & $0.526848$ & $1$ & $0.155952$ & $-0.00937613$ & $-0.311337$ & $0.621347$ & $0.532251$ & $0.543219$ & $-0.167675$ & $0.0108423$ & $-0.0650499$ & $-0.356414$ & $-0.269399$ & $0.234198$ & $0.0116374$ & $0.0294382$ & $0.0387544$ & $-0.00973953$ & $0.0393416$ & $0.00635379$ & $-0.0489121$ & $-0.0175508$ & $-0.00302314$ & $0.0193727$ & $-0.0752516$ & $0.00104565$ & $-0.0585391$ & $0.0179831$ & $-0.0106026$ & $-0.0346318$ & $0.0700743$ & $-0.0414086$ & $0.0515447$ & $0.012091$ & $0.0225123$ \\
CHL3_11 & $-0.00619972$ & $-0.055007$ & $0.0209159$ & $-0.151986$ & $-0.00155532$ & $-0.387167$ & $-0.122316$ & $-0.208875$ & $-0.212624$ & $0.125612$ & $-0.267871$ & $0.00416413$ & $0.155682$ & $0.637571$ & $0.174129$ & $0.155952$ & $1$ & $0.816923$ & $0.822377$ & $0.275957$ & $0.247446$ & $0.24154$ & $-0.0475199$ & $0.753837$ & $0.8609$ & $-0.185573$ & $-0.123031$ & $0.0956402$ & $0.0151604$ & $0.122022$ & $0.0666812$ & $-0.128395$ & $0.139049$ & $-0.243317$ & $0.0246593$ & $-0.0240689$ & $0.0287865$ & $-0.0151619$ & $0.0177263$ & $0.0594263$ & $0.00290825$ & $0.019105$ & $-0.0376951$ & $-0.0613667$ & $0.0498223$ & $0.000288091$ & $-0.0267371$ & $0.0469203$ & $-0.0514834$ \\
CHL3_22 & $0.00313157$ & $-0.0482011$ & $-0.0194168$ & $-0.107707$ & $0.00401345$ & $-0.184952$ & $-0.115384$ & $-0.399305$ & $-0.400509$ & $0.226967$ & $-0.0307889$ & $0.037891$ & $0.141966$ & $0.595701$ & $-0.314037$ & $-0.00937613$ & $0.816923$ & $1$ & $0.787149$ & $0.0271269$ & $0.0280501$ & $0.0268643$ & $0.0113294$ & $0.742533$ & $0.870802$ & $-0.034866$ & $-0.027675$ & $0.000719$ & $0.0156782$ & $0.105752$ & $0.0594015$ & $-0.119465$ & $0.118099$ & $-0.0551235$ & $0.0324696$ & $-0.0196331$ & $0.0208658$ & $-0.0243897$ & $0.0618943$ & $0.0472743$ & $0.0208472$ & $0.0228729$ & $-0.0224832$ & $-0.0422656$ & $0.0315435$ & $0.00136409$ & $-0.0451978$ & $0.0427866$ & $-0.0744472$ \\
CHL3_33 & $0.00639474$ & $-0.0322083$ & $-0.0205833$ & $-0.118288$ & $1.36211e-05$ & $-0.187547$ & $-0.122242$ & $-0.400331$ & $-0.402602$ & $0.221895$ & $-0.0318941$ & $0.0309437$ & $0.146733$ & $0.594047$ & $0.00252433$ & $-0.311337$ & $0.822377$ & $0.787149$ & $1$ & $0.0292392$ & $0.0288025$ & $0.0278472$ & $0.00639563$ & $0.745696$ & $0.868598$ & $-0.0342446$ & $-0.0390444$ & $-0.00303406$ & $0.0109347$ & $0.111828$ & $0.0503359$ & $-0.127608$ & $0.120676$ & $-0.374251$ & $0.0453323$ & $-0.0285486$ & $0.0279179$ & $-0.0281342$ & $0.0431926$ & $0.0570195$ & $0.0180965$ & $0.0173898$ & $-0.0297338$ & $-0.0496659$ & $0.0241241$ & $0.0162658$ & $-0.0478626$ & $0.0351765$ & $-0.060008$ \\
CHe_11 & $-0.0602089$ & $-0.0534952$ & $0.0519487$ & $-0.0158864$ & $-0.00281634$ & $-0.153442$ & $-0.084663$ & $0.857726$ & $0.846203$ & $-0.462348$ & $-0.995159$ & $-0.142278$ & $0.0851483$ & $0.681075$ & $0.630903$ & $0.621347$ & $0.275957$ & $0.0271269$ & $0.0292392$ & $1$ & $0.985966$ & $0.974603$ & $-0.0647724$ & $-0.168983$ & $0.0671584$ & $-0.672859$ & $0.194159$ & $0.436247$ & $0.0157128$ & $0.0877768$ & $0.0685438$ & $-0.0938532$ & $0.0962191$ & $0.250591$ & $-0.0134376$ & $0.0183647$ & $0.0686543$ & $-0.0134983$ & $-0.035238$ & $0.0255797$ & $0.0104979$ & $0.0191382$ & $-0.00139799$ & $0.0414969$ & $0.00265944$ & $0.00867983$ & $0.0578134$ & $0.0572835$ & $-0.000996055$ \\
CHe_22 & $-0.0638531$ & $-0.05303$ & $0.033598$ & $0.017575$ & $0.00124624$ & $-0.159772$ & $-0.0895377$ & $0.884535$ & $0.872434$ & $-0.479837$ & $-0.995419$ & $-0.151448$ & $0.0870357$ & $0.648831$ & $0.539071$ & $0.532251$ & $0.247446$ & $0.0280501$ & $0.0288025$ & $0.985966$ & $1$ & $0.986008$ & $-0.0289501$ & $-0.236279$ & $0.052833$ & $-0.683047$ & $0.301778$ & $0.444546$ & $0.0148364$ & $0.0884634$ & $0.0690658$ & $-0.0990542$ & $0.0958722$ & $0.367865$ & $-0.00715605$ & $0.0307728$ & $0.0779079$ & $-0.018304$ & $-0.0200148$ & $0.026482$ & $0.0277013$ & $0.0176067$ & $0.00390498$ & $0.0613154$ & $-0.0160647$ & $0.0175193$ & $0.0555068$ & $0.0627339$ & $-0.00543235$ \\
CHe_33 & $-0.0608531$ & $-0.0539102$ & $0.0345683$ & $0.0156235$ & $0.00105633$ & $-0.156811$ & $-0.0876398$ & $0.875459$ & $0.863633$ & $-0.476341$ & $-0.983537$ & $-0.148846$ & $0.0861758$ & $0.638305$ & $0.531729$ & $0.543219$ & $0.24154$ & $0.0268643$ & $0.0278472$ & $0.974603$ & $0.986008$ & $1$ & $-0.0297383$ & $-0.235204$ & $0.0501295$ & $-0.673173$ & $0.299068$ & $0.438538$ & $0.0151188$ & $0.0870594$ & $0.0683259$ & $-0.0971794$ & $0.0942221$ & $0.367392$ & $-0.00800432$ & $0.0325734$ & $0.0775287$ & $-0.0205464$ & $-0.0187869$ & $0.0265517$ & $0.0274313$ & $0.0174111$ & $0.00469452$ & $0.060611$ & $-0.0145034$ & $0.0154561$ & $0.0541392$ & $0.0607333$ & $-0.00528553$ \\
CHQ1_11 & $-0.0192955$ & $-0.00866586$ & $-0.0818945$ & $0.0829868$ & $0.0146659$ & $-0.0244689$ & $-0.0204016$ & $-0.00461909$ & $-0.00357093$ & $-0.00742473$ & $0.047891$ & $-4.8629e-06$ & $0.0208297$ & $-0.0893351$ & $-0.175585$ & $-0.167675$ & $-0.0475199$ & $0.0113294$ & $0.00639563$ & $-0.0647724$ & $-0.0289501$ & $-0.0297383$ & $1$ & $-0.0874849$ & $0.0610653$ & $-0.565186$ & $0.326204$ & $-0.0115435$ & $0.00552551$ & $0.0163557$ & $0.00954287$ & $-0.018374$ & $0.00853529$ & $0.170571$ & $-0.00799669$ & $0.0295073$ & $0.0786813$ & $-0.0422953$ & $0.0515072$ & $0.00657865$ & $0.0545688$ & $-0.00368612$ & $0.0236319$ & $0.0306678$ & $-0.0781695$ & $0.0390782$ & $-0.0120225$ & $0.0272194$ & $-0.0121006$ \\
CHQ1_33 & $-0.00559462$ & $-0.0332153$ & $0.0194695$ & $-0.187287$ & $-0.00282159$ & $-0.135913$ & $-0.0731897$ & $-0.616776$ & $-0.614472$ & $0.350624$ & $0.198202$ & $0.0876027$ & $0.106188$ & $0.438789$ & $0.0213466$ & $0.0108423$ & $0.753837$ & $0.742533$ & $0.745696$ & $-0.168983$ & $-0.236279$ & $-0.235204$ & $-0.0874849$ & $1$ & $0.771189$ & $0.150642$ & $-0.354752$ & $-0.041287$ & $0.00617071$ & $0.0782093$ & $0.0368577$ & $-0.0728191$ & $0.0904967$ & $-0.591537$ & $0.0196038$ & $-0.0608238$ & $-0.0198279$ & $-0.00783546$ & $0.00585794$ & $0.0362429$ & $-0.0470931$ & $0.016908$ & $-0.0378504$ & $-0.110284$ & $0.0606254$ & $0.00509768$ & $-0.0366804$ & $0.00168295$ & $-0.0256609$ \\
CHQ3_11 & $-0.0490708$ & $-0.0573861$ & $-0.0498855$ & $-0.0744497$ & $0.00858863$ & $-0.228029$ & $-0.117918$ & $-0.381426$ & $-0.382985$ & $0.219056$ & $-0.0640358$ & $0.0308378$ & $0.141721$ & $0.600297$ & $-0.0613701$ & $-0.0650499$ & $0.8609$ & $0.870802$ & $0.868598$ & $0.0671584$ & $0.052833$ & $0.0501295$ & $0.0610653$ & $0.771189$ & $1$ & $-0.0528668$ & $0.125259$ & $0.0135951$ & $0.0139717$ & $0.108555$ & $0.0574855$ & $-0.122173$ & $0.12295$ & $-0.265904$ & $0.0501434$ & $-0.00693789$ & $0.0355384$ & $-0.0375498$ & $0.0618935$ & $0.0590066$ & $0.0209411$ & $0.0195889$ & $-0.0244392$ & $-0.035432$ & $-0.0128205$ & $0.0617303$ & $-0.0378498$ & $0.0542857$ & $-0.0589963$ \\
CHu_11 & $0.0379148$ & $0.0403083$ & $-0.0137301$ & $-0.00285791$ & $-0.00446022$ & $0.119332$ & $0.0713759$ & $-0.598313$ & $-0.590999$ & $0.326332$ & $0.680312$ & $0.101177$ & $-0.0785873$ & $-0.448025$ & $-0.361298$ & $-0.356414$ & $-0.185573$ & $-0.034866$ & $-0.0342446$ & $-0.672859$ & $-0.683047$ & $-0.673173$ & $-0.565186$ & $0.150642$ & $-0.0528668$ & $1$ & $-0.18926$ & $-0.295326$ & $-0.0165766$ & $-0.0764958$ & $-0.0580509$ & $0.0761732$ & $-0.0796005$ & $-0.256319$ & $0.0312387$ & $-0.018395$ & $-0.100446$ & $0.0263279$ & $0.0177732$ & $-0.0237876$ & $-0.0383383$ & $-0.0148644$ & $-0.00897739$ & $-0.0313049$ & $0.0278722$ & $-0.00539253$ & $-0.0292528$ & $-0.0503293$ & $0.00271813$ \\
CHd_11 & $-0.0439244$ & $-0.00747222$ & $-0.15988$ & $0.264159$ & $0.0288362$ & $-0.073812$ & $-0.0405465$ & $0.362467$ & $0.35772$ & $-0.207467$ & $-0.244805$ & $-0.0755246$ & $0.0126794$ & $-0.0425149$ & $-0.289901$ & $-0.269399$ & $-0.123031$ & $-0.027675$ & $-0.0390444$ & $0.194159$ & $0.301778$ & $0.299068$ & $0.326204$ & $-0.354752$ & $0.125259$ & $-0.18926$ & $1$ & $0.141698$ & $0.000793773$ & $0.0125726$ & $0.00979092$ & $-0.0429647$ & $0.00711416$ & $0.646567$ & $0.0475527$ & $0.111964$ & $0.085716$ & $-0.0634676$ & $0.120806$ & $0.0147675$ & $0.134166$ & $-0.00750206$ & $0.0409161$ & $0.161851$ & $-0.153437$ & $0.118925$ & $-0.00681205$ & $0.0594463$ & $-0.0394829$ \\
CHd_33 & $-0.0393714$ & $-0.0344484$ & $0.0507999$ & $0.00691069$ & $-0.00394317$ & $-0.069781$ & $-0.0457484$ & $0.402108$ & $0.397024$ & $-0.217771$ & $-0.441965$ & $-0.0709913$ & $0.0394017$ & $0.275488$ & $0.230884$ & $0.234198$ & $0.0956402$ & $0.000719$ & $-0.00303406$ & $0.436247$ & $0.444546$ & $0.438538$ & $-0.0115435$ & $-0.041287$ & $0.0135951$ & $-0.295326$ & $0.141698$ & $1$ & $0.00159888$ & $0.0398062$ & $0.0300317$ & $-0.0508976$ & $0.0408615$ & $0.181752$ & $-0.00856815$ & $0.0172285$ & $0.04917$ & $0.00571703$ & $-0.00110289$ & $-7.20156e-05$ & $-0.00987742$ & $-0.00171702$ & $0.0266052$ & $0.0247823$ & $0.0174973$ & $-0.00133525$ & $0.0386806$ & $0.0239228$ & $-0.00306414$ \\
CeH_22r & $-0.0136122$ & $0.0466516$ & $0.0212898$ & $0.0254092$ & $0.0161681$ & $-0.0118402$ & $-0.139175$ & $0.00643399$ & $0.0129821$ & $-0.0476054$ & $-0.0149819$ & $0.144477$ & $0.208099$ & $0.0201966$ & $0.00436606$ & $0.0116374$ & $0.0151604$ & $0.0156782$ & $0.0109347$ & $0.0157128$ & $0.0148364$ & $0.0151188$ & $0.00552551$ & $0.00617071$ & $0.0139717$ & $-0.0165766$ & $0.000793773$ & $0.00159888$ & $1$ & $0.181709$ & $0.111943$ & $-0.133552$ & $0.187658$ & $0.00390813$ & $0.0101492$ & $0.0106661$ & $0.0343638$ & $-0.0056026$ & $0.00968488$ & $-0.00270219$ & $-0.0152268$ & $0.00406475$ & $-0.0308257$ & $0.0420679$ & $0.0093326$ & $0.0341928$ & $-0.014748$ & $0.0359003$ & $0.0117435$ \\
CeH_33r & $-0.0139061$ & $0.123876$ & $0.0312315$ & $0.0787056$ & $6.51422e-05$ & $-0.0132983$ & $-0.602934$ & $0.024222$ & $0.0384957$ & $-0.230385$ & $-0.0883542$ & $0.509849$ & $0.737675$ & $0.134731$ & $0.0409344$ & $0.0294382$ & $0.122022$ & $0.105752$ & $0.111828$ & $0.0877768$ & $0.0884634$ & $0.0870594$ & $0.0163557$ & $0.0782093$ & $0.108555$ & $-0.0764958$ & $0.0125726$ & $0.0398062$ & $0.181709$ & $1$ & $0.516875$ & $-0.477528$ & $0.866207$ & $-0.00647665$ & $0.0813283$ & $-0.0322018$ & $-0.0381607$ & $-0.0563531$ & $0.0354575$ & $0.0303069$ & $0.0448008$ & $-0.00805698$ & $-0.133385$ & $0.139878$ & $0.017518$ & $0.104167$ & $-0.062445$ & $0.148496$ & $-0.0445465$ \\
CuH_22r & $-0.0671918$ & $0.0644929$ & $0.027834$ & $0.0689449$ & $0.00769718$ & $-0.00326848$ & $-0.373962$ & $0.0339093$ & $0.0444361$ & $-0.155883$ & $-0.0688874$ & $0.277279$ & $0.444045$ & $0.0865585$ & $0.0272405$ & $0.0387544$ & $0.0666812$ & $0.0594015$ & $0.0503359$ & $0.0685438$ & $0.0690658$ & $0.0683259$ & $0.00954287$ & $0.0368577$ & $0.0574855$ & $-0.0580509$ & $0.00979092$ & $0.0300317$ & $0.111943$ & $0.516875$ & $1$ & $-0.283504$ & $0.566894$ & $0.0118621$ & $0.00584505$ & $-0.0720346$ & $-0.0217796$ & $-0.0236661$ & $-0.0493128$ & $0.0140788$ & $-0.0414659$ & $0.00345649$ & $-0.0333938$ & $0.024227$ & $-0.0443634$ & $0.158498$ & $0.136693$ & $0.108583$ & $-0.0170899$ \\
CuH_33r & $0.00088771$ & $-0.177453$ & $-0.0431724$ & $-0.0797353$ & $-0.0100005$ & $0.0132873$ & $0.961107$ & $-0.0296194$ & $-0.00419389$ & $0.204071$ & $0.0961522$ & $-0.395441$ & $-0.714737$ & $-0.143165$ & $-0.0247602$ & $-0.00973953$ & $-0.128395$ & $-0.119465$ & $-0.127608$ & $-0.0938532$ & $-0.0990542$ & $-0.0971794$ & $-0.018374$ & $-0.0728191$ & $-0.122173$ & $0.0761732$ & $-0.0429647$ & $-0.0508976$ & $-0.133552$ & $-0.477528$ & $-0.283504$ & $1$ & $-0.492514$ & $-0.0153653$ & $-0.116416$ & $0.00713738$ & $-0.0348794$ & $0.00876739$ & $-0.0377394$ & $-0.0349839$ & $-0.0681162$ & $-0.000623951$ & $0.165723$ & $-0.173824$ & $-0.042189$ & $-0.126266$ & $0.116259$ & $-0.207064$ & $0.0810622$ \\
CdH_33r & $-0.0719566$ & $0.0853465$ & $0.00714133$ & $0.0449013$ & $0.00550067$ & $-0.0241679$ & $-0.638757$ & $0.0252562$ & $0.0408412$ & $-0.259907$ & $-0.0966832$ & $0.54829$ & $0.778904$ & $0.145689$ & $0.0468171$ & $0.0393416$ & $0.139049$ & $0.118099$ & $0.120676$ & $0.0962191$ & $0.0958722$ & $0.0942221$ & $0.00853529$ & $0.0904967$ & $0.12295$ & $-0.0796005$ & $0.00711416$ & $0.0408615$ & $0.187658$ & $0.866207$ & $0.566894$ & $-0.492514$ & $1$ & $-0.00886499$ & $0.0693374$ & $-0.0156734$ & $-0.0531235$ & $-0.0586619$ & $0.0248377$ & $0.0333388$ & $0.00277133$ & $-0.0297755$ & $-0.127938$ & $0.0980533$ & $-0.0687065$ & $0.138948$ & $-0.0490796$ & $0.141393$ & $0.0950997$ \\
CLL_1221 & $-0.0321035$ & $-0.0039128$ & $-0.071077$ & $0.215495$ & $0.0119822$ & $-0.0992103$ & $-0.0133517$ & $0.509777$ & $0.504933$ & $-0.291713$ & $-0.304907$ & $-0.0875992$ & $-0.00840951$ & $-0.167229$ & $-0.465312$ & $0.00635379$ & $-0.243317$ & $-0.0551235$ & $-0.374251$ & $0.250591$ & $0.367865$ & $0.367392$ & $0.170571$ & $-0.591537$ & $-0.265904$ & $-0.256319$ & $0.646567$ & $0.181752$ & $0.00390813$ & $-0.00647665$ & $0.0118621$ & $-0.0153653$ & $-0.00886499$ & $1$ & $0.00789242$ & $0.0835921$ & $0.0588221$ & $-0.0231003$ & $0.0741472$ & $-0.00675153$ & $0.0942336$ & $-0.00602771$ & $0.0340158$ & $0.138757$ & $-0.0927488$ & $0.0341098$ & $0.0181849$ & $0.0489956$ & $-0.025879$ \\
eHggint & $-0.104866$ & $0.00994867$ & $-0.448624$ & $0.140126$ & $-0.00441428$ & $-0.0183743$ & $-0.153336$ & $-0.0205516$ & $-0.0420488$ & $-0.0121993$ & $0.00894667$ & $0.0936188$ & $0.157428$ & $0.00961762$ & $-0.0276939$ & $-0.0489121$ & $0.0246593$ & $0.0324696$ & $0.0453323$ & $-0.0134376$ & $-0.00715605$ & $-0.00800432$ & $-0.00799669$ & $0.0196038$ & $0.0501434$ & $0.0312387$ & $0.0475527$ & $-0.00856815$ & $0.0101492$ & $0.0813283$ & $0.00584505$ & $-0.116416$ & $0.0693374$ & $0.00789242$ & $1$ & $-0.00556102$ & $-0.190464$ & $-0.0353253$ & $0.226289$ & $0.0208865$ & $0.120094$ & $0.0737027$ & $-0.473938$ & $-0.143479$ & $-0.364872$ & $0.0968935$ & $-0.203143$ & $0.0845931$ & $-0.231099$ \\
eHggpar & $0.0831168$ & $-0.228194$ & $0.0957323$ & $0.0138299$ & $0.023436$ & $-0.0510959$ & $0.00247222$ & $0.0505117$ & $0.0528097$ & $-0.0217838$ & $-0.0260903$ & $0.0643738$ & $-0.0120883$ & $-0.0292256$ & $-0.0349655$ & $-0.0175508$ & $-0.0240689$ & $-0.0196331$ & $-0.0285486$ & $0.0183647$ & $0.0307728$ & $0.0325734$ & $0.0295073$ & $-0.0608238$ & $-0.00693789$ & $-0.018395$ & $0.111964$ & $0.0172285$ & $0.0106661$ & $-0.0322018$ & $-0.0720346$ & $0.00713738$ & $-0.0156734$ & $0.0835921$ & $-0.00556102$ & $1$ & $0.381569$ & $0.0251948$ & $0.0363967$ & $-0.0646704$ & $0.338557$ & $-0.0334859$ & $0.286207$ & $0.268751$ & $-0.0391407$ & $-0.10882$ & $-0.349332$ & $-0.164122$ & $0.174014$ \\
eHWWint & $-0.00631836$ & $-0.00460097$ & $0.363717$ & $0.0649616$ & $0.0134008$ & $-0.0168324$ & $-0.0191988$ & $0.0638042$ & $0.066061$ & $-0.0359668$ & $-0.071788$ & $0.0254484$ & $0.0275182$ & $0.0465694$ & $0.00755414$ & $-0.00302314$ & $0.0287865$ & $0.0208658$ & $0.0279179$ & $0.0686543$ & $0.0779079$ & $0.0775287$ & $0.0786813$ & $-0.0198279$ & $0.0355384$ & $-0.100446$ & $0.085716$ & $0.04917$ & $0.0343638$ & $-0.0381607$ & $-0.0217796$ & $-0.0348794$ & $-0.0531235$ & $0.0588221$ & $-0.190464$ & $0.381569$ & $1$ & $0.0456471$ & $-0.209484$ & $-0.0372905$ & $0.242283$ & $-0.0508889$ & $0.311037$ & $0.233337$ & $0.125863$ & $-0.0030617$ & $-0.0151604$ & $0.0131423$ & $0.0308109$ \\
eHWWpar & $0.00308341$ & $0.0339477$ & $0.00686267$ & $0.0275008$ & $-0.0158226$ & $0.00196736$ & $0.0186528$ & $-0.0092007$ & $-0.0119141$ & $0.0244627$ & $0.0156855$ & $-0.0491174$ & $-0.0448082$ & $-0.0197652$ & $0.0172414$ & $0.0193727$ & $-0.0151619$ & $-0.0243897$ & $-0.0281342$ & $-0.0134983$ & $-0.018304$ & $-0.0205464$ & $-0.0422953$ & $-0.00783546$ & $-0.0375498$ & $0.0263279$ & $-0.0634676$ & $0.00571703$ & $-0.0056026$ & $-0.0563531$ & $-0.0236661$ & $0.00876739$ & $-0.0586619$ & $-0.0231003$ & $-0.0353253$ & $0.0251948$ & $0.0456471$ & $1$ & $-0.107647$ & $-0.015138$ & $-0.070462$ & $0.0398913$ & $-0.0118751$ & $0.0447939$ & $0.0120799$ & $-0.0599131$ & $0.0064812$ & $0.0149164$ & $-0.0371291$ \\
eHZZint & $0.0830079$ & $-0.00824177$ & $-0.107854$ & $-0.0267583$ & $0.00503567$ & $-0.0218727$ & $-0.0499014$ & $-0.0305135$ & $-0.037358$ & $-0.00888511$ & $0.0273968$ & $0.0285052$ & $0.0398851$ & $-0.0123327$ & $-0.105576$ & $-0.0752516$ & $0.0177263$ & $0.0618943$ & $0.0431926$ & $-0.035238$ & $-0.0200148$ & $-0.0187869$ & $0.0515072$ & $0.00585794$ & $0.0618935$ & $0.0177732$ & $0.120806$ & $-0.00110289$ & $0.00968488$ & $0.0354575$ & $-0.0493128$ & $-0.0377394$ & $0.0248377$ & $0.0741472$ & $0.226289$ & $0.0363967$ & $-0.209484$ & $-0.107647$ & $1$ & $0.010165$ & $0.206155$ & $-0.0546466$ & $-0.161777$ & $-0.143206$ & $-0.00168483$ & $-0.314472$ & $-0.363481$ & $0.151964$ & $-0.151853$ \\
eHZZpar & $-0.00582257$ & $0.0896022$ & $0.0196739$ & $0.0173415$ & $-0.00603593$ & $-0.0225976$ & $-0.0379406$ & $-0.00345598$ & $-0.00570913$ & $-0.000211092$ & $-0.0252803$ & $0.0488108$ & $0.0520501$ & $0.0453268$ & $0.0133815$ & $0.00104565$ & $0.0594263$ & $0.0472743$ & $0.0570195$ & $0.0255797$ & $0.026482$ & $0.0265517$ & $0.00657865$ & $0.0362429$ & $0.0590066$ & $-0.0237876$ & $0.0147675$ & $-7.20156e-05$ & $-0.00270219$ & $0.0303069$ & $0.0140788$ & $-0.0349839$ & $0.0333388$ & $-0.00675153$ & $0.0208865$ & $-0.0646704$ & $-0.0372905$ & $-0.015138$ & $0.010165$ & $1$ & $-0.0269462$ & $-0.0328985$ & $-0.065647$ & $0.0531086$ & $0.00359397$ & $-0.0245946$ & $-0.0237435$ & $0.0537397$ & $-0.0427149$ \\
eHZgaint & $0.335705$ & $0.0716971$ & $0.0659063$ & $0.263694$ & $0.00499647$ & $-0.00991528$ & $-0.0798414$ & $0.0261016$ & $0.0152786$ & $-0.0405987$ & $-0.0188538$ & $0.0852929$ & $0.0821819$ & $-0.00895026$ & $-0.0634482$ & $-0.0585391$ & $0.00290825$ & $0.0208472$ & $0.0180965$ & $0.0104979$ & $0.0277013$ & $0.0274313$ & $0.0545688$ & $-0.0470931$ & $0.0209411$ & $-0.0383383$ & $0.134166$ & $-0.00987742$ & $-0.0152268$ & $0.0448008$ & $-0.0414659$ & $-0.0681162$ & $0.00277133$ & $0.0942336$ & $0.120094$ & $0.338557$ & $0.242283$ & $-0.070462$ & $0.206155$ & $-0.0269462$ & $1$ & $0.0182751$ & $-0.184374$ & $0.374462$ & $0.0397726$ & $-0.0977143$ & $-0.448778$ & $-0.189014$ & $-0.232346$ \\
eHZgapar & $-0.016398$ & $0.023806$ & $0.0230917$ & $0.0357093$ & $0.00760221$ & $-0.00206029$ & $0.00214566$ & $0.00484575$ & $0.00280446$ & $0.00601792$ & $-0.0180699$ & $-0.00347178$ & $-0.00268804$ & $0.0333757$ & $0.00815572$ & $0.0179831$ & $0.019105$ & $0.0228729$ & $0.0173898$ & $0.0191382$ & $0.0176067$ & $0.0174111$ & $-0.00368612$ & $0.016908$ & $0.0195889$ & $-0.0148644$ & $-0.00750206$ & $-0.00171702$ & $0.00406475$ & $-0.00805698$ & $0.00345649$ & $-0.000623951$ & $-0.0297755$ & $-0.00602771$ & $0.0737027$ & $-0.0334859$ & $-0.0508889$ & $0.0398913$ & $-0.0546466$ & $-0.0328985$ & $0.0182751$ & $1$ & $-0.0677615$ & $0.00458991$ & $0.0422354$ & $-0.0167687$ & $0.00267631$ & $-0.0375138$ & $-0.131352$ \\
eHgagaint & $0.0302313$ & $-0.332153$ & $0.169025$ & $-0.220802$ & $0.0270662$ & $0.00141429$ & $0.185707$ & $0.0262024$ & $0.0564602$ & $0.043648$ & $-0.00331918$ & $-0.07066$ & $-0.200745$ & $-0.0202813$ & $-0.0242592$ & $-0.0106026$ & $-0.0376951$ & $-0.0224832$ & $-0.0297338$ & $-0.00139799$ & $0.00390498$ & $0.00469452$ & $0.0236319$ & $-0.0378504$ & $-0.0244392$ & $-0.00897739$ & $0.0409161$ & $0.0266052$ & $-0.0308257$ & $-0.133385$ & $-0.0333938$ & $0.165723$ & $-0.127938$ & $0.0340158$ & $-0.473938$ & $0.286207$ & $0.311037$ & $-0.0118751$ & $-0.161777$ & $-0.065647$ & $-0.184374$ & $-0.0677615$ & $1$ & $-0.0756963$ & $0.0854902$ & $-0.0650041$ & $0.301297$ & $-0.137694$ & $0.204315$ \\
eHmumuint & $0.169509$ & $0.479572$ & $0.375455$ & $0.524443$ & $0.0238213$ & $0.0118469$ & $-0.178414$ & $0.0827241$ & $0.0784895$ & $-0.103465$ & $-0.0453334$ & $0.0804899$ & $0.175592$ & $-0.0256312$ & $-0.046947$ & $-0.0346318$ & $-0.0613667$ & $-0.0422656$ & $-0.0496659$ & $0.0414969$ & $0.0613154$ & $0.060611$ & $0.0306678$ & $-0.110284$ & $-0.035432$ & $-0.0313049$ & $0.161851$ & $0.0247823$ & $0.0420679$ & $0.139878$ & $0.024227$ & $-0.173824$ & $0.0980533$ & $0.138757$ & $-0.143479$ & $0.268751$ & $0.233337$ & $0.0447939$ & $-0.143206$ & $0.0531086$ & $0.374462$ & $0.00458991$ & $-0.0756963$ & $1$ & $0.278859$ & $-0.0995103$ & $-0.39502$ & $0.163714$ & $-0.252896$ \\
eHtautauint & $0.398936$ & $0.189586$ & $0.444055$ & $-0.110087$ & $0.00668971$ & $0.00640789$ & $-0.0233202$ & $-0.0437173$ & $-0.0408106$ & $0.0314736$ & $0.00799952$ & $-0.0459952$ & $0.00326221$ & $0.042636$ & $0.0578292$ & $0.0700743$ & $0.0498223$ & $0.0315435$ & $0.0241241$ & $0.00265944$ & $-0.0160647$ & $-0.0145034$ & $-0.0781695$ & $0.0606254$ & $-0.0128205$ & $0.0278722$ & $-0.153437$ & $0.0174973$ & $0.0093326$ & $0.017518$ & $-0.0443634$ & $-0.042189$ & $-0.0687065$ & $-0.0927488$ & $-0.364872$ & $-0.0391407$ & $0.125863$ & $0.0120799$ & $-0.00168483$ & $0.00359397$ & $0.0397726$ & $0.0422354$ & $0.0854902$ & $0.278859$ & $1$ & $-0.266049$ & $-0.119455$ & $0.0648784$ & $-0.414903$ \\
eHccint & $-0.399655$ & $0.0574677$ & $-0.0383619$ & $0.267252$ & $-0.0194116$ & $0.0185121$ & $-0.135404$ & $0.0160428$ & $0.0138574$ & $-0.05569$ & $-0.0110664$ & $0.0646986$ & $0.154173$ & $0.00192029$ & $-0.0162175$ & $-0.0414086$ & $0.000288091$ & $0.00136409$ & $0.0162658$ & $0.00867983$ & $0.0175193$ & $0.0154561$ & $0.0390782$ & $0.00509768$ & $0.0617303$ & $-0.00539253$ & $0.118925$ & $-0.00133525$ & $0.0341928$ & $0.104167$ & $0.158498$ & $-0.126266$ & $0.138948$ & $0.0341098$ & $0.0968935$ & $-0.10882$ & $-0.0030617$ & $-0.0599131$ & $-0.314472$ & $-0.0245946$ & $-0.0977143$ & $-0.0167687$ & $-0.0650041$ & $-0.0995103$ & $-0.266049$ & $1$ & $0.377712$ & $-0.275931$ & $0.206671$ \\
eHccpar & $-0.266416$ & $-0.157873$ & $0.0447313$ & $0.0193965$ & $-0.00509741$ & $-0.00694674$ & $0.128041$ & $0.0726862$ & $0.0863766$ & $-0.0194557$ & $-0.0568887$ & $-0.103594$ & $-0.112033$ & $0.0114989$ & $0.0497464$ & $0.0515447$ & $-0.0267371$ & $-0.0451978$ & $-0.0478626$ & $0.0578134$ & $0.0555068$ & $0.0541392$ & $-0.0120225$ & $-0.0366804$ & $-0.0378498$ & $-0.0292528$ & $-0.00681205$ & $0.0386806$ & $-0.014748$ & $-0.062445$ & $0.136693$ & $0.116259$ & $-0.0490796$ & $0.0181849$ & $-0.203143$ & $-0.349332$ & $-0.0151604$ & $0.0064812$ & $-0.363481$ & $-0.0237435$ & $-0.448778$ & $0.00267631$ & $0.301297$ & $-0.39502$ & $-0.119455$ & $0.377712$ & $1$ & $0.110163$ & $0.0787138$ \\
eHbbint & $-0.123338$ & $0.183828$ & $-0.037849$ & $0.208858$ & $0.00793593$ & $-0.047651$ & $-0.210858$ & $0.0379563$ & $0.0318515$ & $-0.0678023$ & $-0.0578831$ & $0.0507478$ & $0.18663$ & $0.0498435$ & $0.00140702$ & $0.012091$ & $0.0469203$ & $0.0427866$ & $0.0351765$ & $0.0572835$ & $0.0627339$ & $0.0607333$ & $0.0272194$ & $0.00168295$ & $0.0542857$ & $-0.0503293$ & $0.0594463$ & $0.0239228$ & $0.0359003$ & $0.148496$ & $0.108583$ & $-0.207064$ & $0.141393$ & $0.0489956$ & $0.0845931$ & $-0.164122$ & $0.0131423$ & $0.0149164$ & $0.151964$ & $0.0537397$ & $-0.189014$ & $-0.0375138$ & $-0.137694$ & $0.163714$ & $0.0648784$ & $-0.275931$ & $0.110163$ & $1$ & $-0.349156$ \\
eHbbpar & $-0.2759$ & $-0.330463$ & $-0.0297124$ & $-0.320625$ & $-0.00772844$ & $0.0151626$ & $0.0870122$ & $0.0281937$ & $0.0385404$ & $-0.0246607$ & $0.000944506$ & $0.0403243$ & $-0.0617796$ & $-0.0381825$ & $0.0438719$ & $0.0225123$ & $-0.0514834$ & $-0.0744472$ & $-0.060008$ & $-0.000996055$ & $-0.00543235$ & $-0.00528553$ & $-0.0121006$ & $-0.0256609$ & $-0.0589963$ & $0.00271813$ & $-0.0394829$ & $-0.00306414$ & $0.0117435$ & $-0.0445465$ & $-0.0170899$ & $0.0810622$ & $0.0950997$ & $-0.025879$ & $-0.231099$ & $0.174014$ & $0.0308109$ & $-0.0371291$ & $-0.151853$ & $-0.0427149$ & $-0.232346$ & $-0.131352$ & $0.204315$ & $-0.252896$ & $-0.414903$ & $0.206671$ & $0.0787138$ & $-0.349156$ & $1$ \\
