 & AlsMz & dAle5Mz & mtop & mHl & Mz & CW & CHG & CHWB & CHWHB_gaga & CHWHB_gagaorth & CHD & CHbox & CH & CHL1_11 & CHL1_22 & CHL1_33 & CHL3_11 & CHL3_22 & CHL3_33 & CHe_11 & CHe_22 & CHe_33 & CHQ1_11 & CHQ1_33 & CHQ3_11 & CHu_11 & CHd_11 & CHd_33 & CeH_22r & CeH_33r & CuH_22r & CuH_33r & CdH_33r & CLL_1221 & eHggint & eHggpar & eHWWint & eHWWpar & eHZZint & eHZZpar & eHZgaint & eHZgapar & eHgagaint & eHmumuint & eHtautauint & eHccint & eHccpar & eHbbint & eHbbpar \\
AlsMz & $1$ & $-0.0184824$ & $0.0103612$ & $0.028766$ & $-0.033487$ & $-0.0215159$ & $0.0245837$ & $0.0323598$ & $0.0398218$ & $-0.00360596$ & $-0.0468506$ & $0.0485014$ & $-0.0442452$ & $0.0305599$ & $0.0257979$ & $0.0415261$ & $0.000358939$ & $-0.00195143$ & $-0.0166539$ & $0.0410015$ & $0.0325119$ & $0.0396213$ & $-0.029112$ & $-0.0553566$ & $-0.120348$ & $-0.0604605$ & $-0.0363922$ & $0.0275095$ & $0.00434171$ & $0.0215848$ & $-0.0118984$ & $0.0238316$ & $-0.0359195$ & $0.000582452$ & $-0.0159185$ & $-0.0360713$ & $-0.0625401$ & $0.0129979$ & $0.0240434$ & $0.000992654$ & $-0.120114$ & $0.0326529$ & $0.041582$ & $0.0352394$ & $-0.00887718$ & $-0.0250039$ & $-0.0107437$ & $-0.0980356$ & $-0.0735106$ \\
dAle5Mz & $-0.0184824$ & $1$ & $0.0314592$ & $-0.0803697$ & $0.0703617$ & $0.0708756$ & $0.0107974$ & $-0.0911758$ & $-0.0868188$ & $0.033013$ & $0.0588647$ & $0.0384321$ & $-0.0328814$ & $0.00387851$ & $-0.0262933$ & $-0.0593023$ & $0.0429456$ & $0.0472566$ & $0.0661356$ & $-0.0316008$ & $-0.030231$ & $-0.0295831$ & $-0.0296706$ & $0.0310244$ & $0.0520473$ & $0.0626123$ & $0.00289829$ & $0.00590285$ & $-0.0180999$ & $-0.0247422$ & $0.0132799$ & $0.0150438$ & $-0.094582$ & $0.00983228$ & $0.046912$ & $-0.0481522$ & $0.0149511$ & $0.0383394$ & $-0.0201743$ & $-0.0546702$ & $-0.0380995$ & $-0.0241624$ & $0.0628093$ & $0.0430923$ & $-0.0658907$ & $-0.0773717$ & $0.0232212$ & $0.000420473$ & $-0.17163$ \\
mtop & $0.0103612$ & $0.0314592$ & $1$ & $0.0473517$ & $0.0089142$ & $-0.000750819$ & $0.00351067$ & $-0.00249936$ & $-0.000765212$ & $0.0133657$ & $0.0030203$ & $-0.036685$ & $0.0346997$ & $0.0187591$ & $-0.0234425$ & $-0.0240875$ & $0.0298281$ & $0.035161$ & $0.029644$ & $0.00650749$ & $0.011862$ & $0.0117511$ & $-0.0215106$ & $0.00674932$ & $0.0192822$ & $0.0139504$ & $0.0054346$ & $0.043625$ & $-0.0127187$ & $0.0167401$ & $0.0283706$ & $0.0106819$ & $-0.00736261$ & $0.0286502$ & $0.0284864$ & $0.00379376$ & $-0.018974$ & $0.0470086$ & $0.0219008$ & $0.0156675$ & $-0.0672522$ & $-0.0260523$ & $-0.0230517$ & $0.0564765$ & $-0.0451194$ & $0.0546743$ & $0.0515336$ & $-0.0341339$ & $-0.0242071$ \\
mHl & $0.028766$ & $-0.0803697$ & $0.0473517$ & $1$ & $-0.0212584$ & $-0.0102066$ & $-0.00468871$ & $0.0236412$ & $0.0224226$ & $0.00292585$ & $-0.0344016$ & $-0.0617324$ & $0.0606792$ & $0.0405404$ & $0.0108887$ & $0.0129325$ & $0.014085$ & $0.0167128$ & $0.0144292$ & $0.0348528$ & $0.0313704$ & $0.0326853$ & $-0.0221493$ & $0.00174507$ & $0.01489$ & $-0.012666$ & $0.00436606$ & $-0.0195983$ & $0.013565$ & $0.0252553$ & $0.00598639$ & $0.00540742$ & $0.0205012$ & $0.000212013$ & $0.0539556$ & $0.0422062$ & $0.0514989$ & $-0.0217549$ & $0.00979061$ & $9.01864e-05$ & $0.0416283$ & $-0.0145495$ & $-0.0197291$ & $-0.0543296$ & $-0.0116441$ & $0.00626599$ & $-0.0217505$ & $-0.0108166$ & $0.0324777$ \\
Mz & $-0.033487$ & $0.0703617$ & $0.0089142$ & $-0.0212584$ & $1$ & $0.0170524$ & $-0.000756791$ & $-0.00134501$ & $-0.00258998$ & $-0.024661$ & $0.00562432$ & $-0.0132841$ & $0.00404095$ & $0.00721606$ & $0.0277187$ & $-0.00763241$ & $0.00283951$ & $-0.0138753$ & $0.0119061$ & $0.0087719$ & $0.00607048$ & $0.00448754$ & $0.0076985$ & $0.000929675$ & $0.0153542$ & $0.0105914$ & $0.00742774$ & $0.00229373$ & $-0.0312973$ & $0.00536621$ & $0.0164422$ & $-0.00249662$ & $-0.02632$ & $-0.0255866$ & $0.00915761$ & $-0.0174054$ & $0.0642007$ & $-0.00752369$ & $-0.021379$ & $0.00728477$ & $0.0322873$ & $0.031014$ & $-0.00716206$ & $0.00877756$ & $0.0224984$ & $0.00792378$ & $-0.0150683$ & $-0.0109906$ & $-0.0222296$ \\
CW & $-0.0215159$ & $0.0708756$ & $-0.000750819$ & $-0.0102066$ & $0.0170524$ & $1$ & $0.00598783$ & $-0.115811$ & $-0.118843$ & $0.0235179$ & $0.174921$ & $0.0262308$ & $-0.0033212$ & $0.0232043$ & $-0.104422$ & $-0.0500974$ & $-0.259159$ & $-0.0269817$ & $-0.0648108$ & $-0.169058$ & $-0.173112$ & $-0.171526$ & $-0.0127797$ & $0.010114$ & $-0.0957066$ & $0.0991662$ & $-0.0803418$ & $-0.0409074$ & $0.00246391$ & $-0.00492986$ & $-0.0332432$ & $0.0173916$ & $0.0284005$ & $-0.0858071$ & $0.00815179$ & $0.0100346$ & $0.0105377$ & $0.0221446$ & $-0.0207428$ & $0.0196781$ & $-0.0387426$ & $-0.00735795$ & $-0.00327538$ & $0.0128628$ & $-0.0394637$ & $0.00306311$ & $-0.0582584$ & $-0.0074043$ & $0.0466394$ \\
CHG & $0.0245837$ & $0.0107974$ & $0.00351067$ & $-0.00468871$ & $-0.000756791$ & $0.00598783$ & $1$ & $-0.110736$ & $-0.0568867$ & $0.0588523$ & $0.0580226$ & $0.305389$ & $-0.32906$ & $0.068277$ & $-0.0384375$ & $-0.0179077$ & $0.104683$ & $0.125423$ & $0.108196$ & $-0.0541992$ & $-0.0593486$ & $-0.0600719$ & $-0.0111771$ & $0.118121$ & $0.101805$ & $0.0340068$ & $-0.0504546$ & $-0.0118315$ & $-0.004605$ & $-0.119706$ & $-0.0794225$ & $0.930735$ & $-0.169244$ & $-0.0556846$ & $-0.0265669$ & $-0.024753$ & $0.0061701$ & $-0.0147022$ & $0.0117376$ & $0.020426$ & $-0.0143035$ & $0.00904237$ & $-0.00267545$ & $0.00270187$ & $-0.0324676$ & $-0.00652488$ & $0.0111469$ & $-0.0156153$ & $-0.0297105$ \\
CHWB & $0.0323598$ & $-0.0911758$ & $-0.00249936$ & $0.0236412$ & $-0.00134501$ & $-0.115811$ & $-0.110736$ & $1$ & $0.982017$ & $-0.565157$ & $-0.878597$ & $-0.386978$ & $0.319877$ & $0.103524$ & $0.313$ & $0.303208$ & $-0.249958$ & $-0.441021$ & $-0.429906$ & $0.849675$ & $0.893441$ & $0.878097$ & $0.0456595$ & $-0.668373$ & $-0.417418$ & $-0.512826$ & $0.387147$ & $0.283048$ & $-0.00796898$ & $0.111053$ & $0.0371707$ & $-0.106427$ & $0.104985$ & $0.546961$ & $0.0058527$ & $-0.0166659$ & $0.0201986$ & $2.72268e-05$ & $0.0318322$ & $-0.0239158$ & $0.028025$ & $-0.0104014$ & $0.00495282$ & $-0.0202273$ & $0.00230863$ & $-0.0844739$ & $0.0438561$ & $-0.0252273$ & $0.0243939$ \\
CHWHB_gaga & $0.0398218$ & $-0.0868188$ & $-0.000765212$ & $0.0224226$ & $-0.00258998$ & $-0.118843$ & $-0.0568867$ & $0.982017$ & $1$ & $-0.554824$ & $-0.863349$ & $-0.36992$ & $0.308801$ & $0.102799$ & $0.310801$ & $0.304893$ & $-0.246119$ & $-0.434316$ & $-0.424883$ & $0.83616$ & $0.877803$ & $0.863125$ & $0.042366$ & $-0.653552$ & $-0.412403$ & $-0.502434$ & $0.375927$ & $0.284192$ & $0.00296275$ & $0.128701$ & $0.0497166$ & $-0.0631977$ & $0.123571$ & $0.533507$ & $-0.0126961$ & $-0.026483$ & $0.00732518$ & $-0.00166385$ & $0.0385836$ & $-0.0238841$ & $0.0222817$ & $-0.0053098$ & $0.0750277$ & $-0.0130745$ & $0.00912372$ & $-0.0934536$ & $0.0511953$ & $-0.0211749$ & $0.0230165$ \\
CHWHB_gagaorth & $-0.00360596$ & $0.033013$ & $0.0133657$ & $0.00292585$ & $-0.024661$ & $0.0235179$ & $0.0588523$ & $-0.565157$ & $-0.554824$ & $1$ & $0.33478$ & $0.431374$ & $-0.240987$ & $0.250525$ & $-0.108999$ & $-0.119178$ & $0.464231$ & $0.500703$ & $0.497747$ & $-0.321383$ & $-0.352976$ & $-0.355661$ & $-0.0321705$ & $0.584767$ & $0.484054$ & $0.196094$ & $-0.23487$ & $-0.0845972$ & $0.0123698$ & $-0.138143$ & $-0.0506584$ & $0.0807944$ & $-0.126998$ & $-0.357709$ & $0.0157759$ & $0.0655611$ & $-0.0198129$ & $0.000494891$ & $-0.0128933$ & $-0.00877643$ & $-0.0696481$ & $-0.00459626$ & $-0.00117718$ & $0.0121044$ & $0.0147029$ & $0.0230516$ & $-0.0124753$ & $0.00733979$ & $-0.00783401$ \\
CHD & $-0.0468506$ & $0.0588647$ & $0.0030203$ & $-0.0344016$ & $0.00562432$ & $0.174921$ & $0.0580226$ & $-0.878597$ & $-0.863349$ & $0.33478$ & $1$ & $0.227329$ & $-0.150185$ & $-0.517862$ & $-0.432396$ & $-0.404718$ & $-0.207544$ & $0.0746159$ & $0.0577466$ & $-0.990301$ & $-0.990856$ & $-0.969948$ & $0.00779118$ & $0.305144$ & $0.0415064$ & $0.575454$ & $-0.258796$ & $-0.310625$ & $0.0190192$ & $-0.068082$ & $-0.0241894$ & $0.0661429$ & $-0.0430681$ & $-0.350586$ & $0.00527214$ & $0.0294252$ & $-0.0326742$ & $-0.00752494$ & $-0.027164$ & $0.0372329$ & $-0.00173184$ & $0.00715886$ & $-0.016033$ & $0.0277082$ & $-0.00603463$ & $0.0736931$ & $-0.0509118$ & $0.0366757$ & $0.00752655$ \\
CHbox & $0.0485014$ & $0.0384321$ & $-0.036685$ & $-0.0617324$ & $-0.0132841$ & $0.0262308$ & $0.305389$ & $-0.386978$ & $-0.36992$ & $0.431374$ & $0.227329$ & $1$ & $-0.947371$ & $0.177964$ & $-0.0580887$ & $-0.0503042$ & $0.307193$ & $0.335629$ & $0.321897$ & $-0.214038$ & $-0.243716$ & $-0.243958$ & $-0.0349839$ & $0.399539$ & $0.294958$ & $0.126114$ & $-0.21075$ & $-0.0682736$ & $-0.0238886$ & $-0.203529$ & $-0.0772858$ & $0.269571$ & $-0.24861$ & $-0.261951$ & $-0.0713392$ & $-0.0149203$ & $0.00501804$ & $0.00521028$ & $-0.0299879$ & $-0.0126003$ & $-0.0382819$ & $0.0032895$ & $0.0073379$ & $0.0549572$ & $-0.01042$ & $0.00973626$ & $0.0125334$ & $-0.00671347$ & $-0.0186285$ \\
CH & $-0.0442452$ & $-0.0328814$ & $0.0346997$ & $0.0606792$ & $0.00404095$ & $-0.0033212$ & $-0.32906$ & $0.319877$ & $0.308801$ & $-0.240987$ & $-0.150185$ & $-0.947371$ & $1$ & $-0.22812$ & $0.0593662$ & $0.0523933$ & $-0.332555$ & $-0.353805$ & $-0.340858$ & $0.14404$ & $0.162107$ & $0.163788$ & $0.0251844$ & $-0.366849$ & $-0.314154$ & $-0.0778041$ & $0.15777$ & $0.0561845$ & $0.0372294$ & $0.270318$ & $0.0908829$ & $-0.259217$ & $0.336606$ & $0.205126$ & $0.0961011$ & $0.0485617$ & $-0.0147782$ & $-0.00353043$ & $0.0195709$ & $0.00984324$ & $0.0245669$ & $-0.00615053$ & $-0.0104965$ & $-0.0428355$ & $0.00971829$ & $-0.0120838$ & $-0.016259$ & $0.0104891$ & $0.0291458$ \\
CHL1_11 & $0.0305599$ & $0.00387851$ & $0.0187591$ & $0.0405404$ & $0.00721606$ & $0.0232043$ & $0.068277$ & $0.103524$ & $0.102799$ & $0.250525$ & $-0.517862$ & $0.177964$ & $-0.22812$ & $1$ & $0.260023$ & $0.242557$ & $0.655732$ & $0.598339$ & $0.595465$ & $0.535765$ & $0.482901$ & $0.466054$ & $-0.0710474$ & $0.469054$ & $0.581305$ & $-0.300889$ & $-0.0959328$ & $0.139936$ & $-0.0168402$ & $-0.0507106$ & $-0.00657992$ & $0.0442591$ & $-0.0677411$ & $-0.204469$ & $-0.0413981$ & $-0.035749$ & $0.045135$ & $0.013019$ & $-0.00425743$ & $-0.0365924$ & $-0.047274$ & $0.0162389$ & $0.00611642$ & $0.00199616$ & $0.0143652$ & $-0.0192922$ & $0.0266098$ & $-0.0330966$ & $-0.0169218$ \\
CHL1_22 & $0.0257979$ & $-0.0262933$ & $-0.0234425$ & $0.0108887$ & $0.0277187$ & $-0.104422$ & $-0.0384375$ & $0.313$ & $0.310801$ & $-0.108999$ & $-0.432396$ & $-0.0580887$ & $0.0593662$ & $0.260023$ & $1$ & $0.472907$ & $0.157643$ & $-0.458974$ & $-0.0560941$ & $0.497249$ & $0.346442$ & $0.343834$ & $-0.189043$ & $0.101498$ & $-0.156608$ & $-0.196683$ & $-0.409247$ & $0.129585$ & $-0.0130036$ & $0.0187166$ & $0.0359244$ & $-0.0364636$ & $0.0124354$ & $-0.594507$ & $0.0285264$ & $-0.012444$ & $0.0377589$ & $-0.00619389$ & $-0.0259079$ & $-0.0359312$ & $0.0402642$ & $-0.00499363$ & $-0.0122902$ & $0.00218276$ & $-0.0172671$ & $0.0038369$ & $0.0546487$ & $-0.0411239$ & $-0.0256893$ \\
CHL1_33 & $0.0415261$ & $-0.0593023$ & $-0.0240875$ & $0.0129325$ & $-0.00763241$ & $-0.0500974$ & $-0.0179077$ & $0.303208$ & $0.304893$ & $-0.119178$ & $-0.404718$ & $-0.0503042$ & $0.0523933$ & $0.242557$ & $0.472907$ & $1$ & $0.113576$ & $-0.0846767$ & $-0.458014$ & $0.467354$ & $0.321754$ & $0.344333$ & $-0.19425$ & $0.0896663$ & $-0.177761$ & $-0.188471$ & $-0.411356$ & $0.116764$ & $-0.0345601$ & $0.0340529$ & $0.0459991$ & $-0.019874$ & $0.020405$ & $-0.130387$ & $0.0303053$ & $-0.0099554$ & $0.0103762$ & $0.00445245$ & $0.00456221$ & $-0.00504028$ & $0.00066526$ & $-0.000157226$ & $0.0293251$ & $0.00335891$ & $-0.0342386$ & $0.0406754$ & $0.0370821$ & $-0.0577131$ & $-0.0256809$ \\
CHL3_11 & $0.000358939$ & $0.0429456$ & $0.0298281$ & $0.014085$ & $0.00283951$ & $-0.259159$ & $0.104683$ & $-0.249958$ & $-0.246119$ & $0.464231$ & $-0.207544$ & $0.307193$ & $-0.332555$ & $0.655732$ & $0.157643$ & $0.113576$ & $1$ & $0.732676$ & $0.752566$ & $0.230636$ & $0.178394$ & $0.166589$ & $-0.0715259$ & $0.672094$ & $0.771442$ & $-0.109904$ & $-0.157209$ & $0.048338$ & $-0.0257269$ & $-0.0884858$ & $-0.031977$ & $0.0780118$ & $-0.136179$ & $-0.259312$ & $-0.0222106$ & $-0.0233372$ & $0.014796$ & $0.014122$ & $0.00601175$ & $-0.016694$ & $-0.0523935$ & $0.00041527$ & $0.0265053$ & $-0.0341219$ & $0.0113529$ & $0.0351565$ & $0.0160176$ & $-0.0146262$ & $-0.0765324$ \\
CHL3_22 & $-0.00195143$ & $0.0472566$ & $0.035161$ & $0.0167128$ & $-0.0138753$ & $-0.0269817$ & $0.125423$ & $-0.441021$ & $-0.434316$ & $0.500703$ & $0.0746159$ & $0.335629$ & $-0.353805$ & $0.598339$ & $-0.458974$ & $-0.0846767$ & $0.732676$ & $1$ & $0.696528$ & $-0.077487$ & $-0.0630042$ & $-0.0695251$ & $0.023422$ & $0.614779$ & $0.794797$ & $0.0192799$ & $0.0150672$ & $-0.0443299$ & $-0.0132541$ & $-0.0924077$ & $-0.0435983$ & $0.100873$ & $-0.116082$ & $0.0398934$ & $-0.0425623$ & $-0.0126407$ & $0.000817245$ & $0.0181424$ & $0.00706019$ & $0.00540896$ & $-0.0757898$ & $0.0107622$ & $0.0252925$ & $-0.0125351$ & $0.0184668$ & $0.0226135$ & $-0.0219886$ & $0.00690707$ & $-0.0315839$ \\
CHL3_33 & $-0.0166539$ & $0.0661356$ & $0.029644$ & $0.0144292$ & $0.0119061$ & $-0.0648108$ & $0.108196$ & $-0.429906$ & $-0.424883$ & $0.497747$ & $0.0577466$ & $0.321897$ & $-0.340858$ & $0.595465$ & $-0.0560941$ & $-0.458014$ & $0.752566$ & $0.696528$ & $1$ & $-0.0598575$ & $-0.0475312$ & $-0.0517119$ & $0.023838$ & $0.615275$ & $0.802363$ & $0.0205101$ & $0.0233736$ & $-0.0296911$ & $0.00782021$ & $-0.100245$ & $-0.0463459$ & $0.0875407$ & $-0.116927$ & $-0.314354$ & $-0.0501057$ & $-0.0133493$ & $0.0184187$ & $0.00319671$ & $-0.00703327$ & $-0.0185964$ & $-0.0454794$ & $0.0106933$ & $-0.00529403$ & $-0.0131112$ & $0.0239729$ & $-0.00456291$ & $-0.00204183$ & $0.00374963$ & $-0.0289799$ \\
CHe_11 & $0.0410015$ & $-0.0316008$ & $0.00650749$ & $0.0348528$ & $0.0087719$ & $-0.169058$ & $-0.0541992$ & $0.849675$ & $0.83616$ & $-0.321383$ & $-0.990301$ & $-0.214038$ & $0.14404$ & $0.535765$ & $0.497249$ & $0.467354$ & $0.230636$ & $-0.077487$ & $-0.0598575$ & $1$ & $0.972834$ & $0.952589$ & $-0.0331802$ & $-0.25195$ & $-0.0346978$ & $-0.563037$ & $0.185086$ & $0.305284$ & $-0.0182443$ & $0.0665959$ & $0.0299174$ & $-0.0607725$ & $0.0427187$ & $0.271228$ & $7.49525e-05$ & $-0.0281931$ & $0.0350861$ & $0.0103704$ & $0.0188417$ & $-0.0369272$ & $0.00249434$ & $-0.0113844$ & $0.0197047$ & $-0.0249387$ & $0.00089035$ & $-0.0706255$ & $0.0537629$ & $-0.0382219$ & $-0.0125699$ \\
CHe_22 & $0.0325119$ & $-0.030231$ & $0.011862$ & $0.0313704$ & $0.00607048$ & $-0.173112$ & $-0.0593486$ & $0.893441$ & $0.877803$ & $-0.352976$ & $-0.990856$ & $-0.243716$ & $0.162107$ & $0.482901$ & $0.346442$ & $0.321754$ & $0.178394$ & $-0.0630042$ & $-0.0475312$ & $0.972834$ & $1$ & $0.974567$ & $0.020493$ & $-0.357922$ & $-0.0400059$ & $-0.575415$ & $0.342262$ & $0.311087$ & $-0.0151709$ & $0.069106$ & $0.0228333$ & $-0.0672851$ & $0.0434775$ & $0.438651$ & $-0.00936435$ & $-0.0299915$ & $0.0327719$ & $0.00843805$ & $0.0292972$ & $-0.0365175$ & $0.00111998$ & $-0.00880067$ & $0.0177135$ & $-0.0285889$ & $0.00922709$ & $-0.0814904$ & $0.0508103$ & $-0.0313596$ & $-0.00883243$ \\
CHe_33 & $0.0396213$ & $-0.0295831$ & $0.0117511$ & $0.0326853$ & $0.00448754$ & $-0.171526$ & $-0.0600719$ & $0.878097$ & $0.863125$ & $-0.355661$ & $-0.969948$ & $-0.243958$ & $0.163788$ & $0.466054$ & $0.343834$ & $0.344333$ & $0.166589$ & $-0.0695251$ & $-0.0517119$ & $0.952589$ & $0.974567$ & $1$ & $0.0200527$ & $-0.355261$ & $-0.0454122$ & $-0.560889$ & $0.335613$ & $0.296987$ & $-0.0101728$ & $0.0741453$ & $0.0332003$ & $-0.0679488$ & $0.0516749$ & $0.430515$ & $-0.0130805$ & $-0.0286583$ & $0.0260603$ & $0.00609037$ & $0.0341638$ & $-0.0270175$ & $-0.00305857$ & $0.00319779$ & $0.0171467$ & $-0.025614$ & $-0.00437484$ & $-0.0678745$ & $0.0586744$ & $-0.0512648$ & $-0.00130399$ \\
CHQ1_11 & $-0.029112$ & $-0.0296706$ & $-0.0215106$ & $-0.0221493$ & $0.0076985$ & $-0.0127797$ & $-0.0111771$ & $0.0456595$ & $0.042366$ & $-0.0321705$ & $0.00779118$ & $-0.0349839$ & $0.0251844$ & $-0.0710474$ & $-0.189043$ & $-0.19425$ & $-0.0715259$ & $0.023422$ & $0.023838$ & $-0.0331802$ & $0.020493$ & $0.0200527$ & $1$ & $-0.144446$ & $0.101196$ & $-0.655609$ & $0.348456$ & $-0.0375838$ & $0.0364528$ & $0.00194948$ & $0.0121465$ & $-0.0114808$ & $-0.00421302$ & $0.196998$ & $-0.0163386$ & $0.001546$ & $-0.0417479$ & $-0.00278322$ & $0.019182$ & $0.0283574$ & $0.0206821$ & $0.0184376$ & $-0.00577509$ & $-0.0333089$ & $0.0222008$ & $0.0219774$ & $-0.0257493$ & $-0.000691108$ & $-0.00896969$ \\
CHQ1_33 & $-0.0553566$ & $0.0310244$ & $0.00674932$ & $0.00174507$ & $0.000929675$ & $0.010114$ & $0.118121$ & $-0.668373$ & $-0.653552$ & $0.584767$ & $0.305144$ & $0.399539$ & $-0.366849$ & $0.469054$ & $0.101498$ & $0.0896663$ & $0.672094$ & $0.614779$ & $0.615275$ & $-0.25195$ & $-0.357922$ & $-0.355261$ & $-0.144446$ & $1$ & $0.62856$ & $0.206173$ & $-0.41677$ & $-0.0108246$ & $-0.0218571$ & $-0.119963$ & $-0.0309325$ & $0.101292$ & $-0.127935$ & $-0.632633$ & $-0.0130055$ & $0.010991$ & $0.0174639$ & $0.0255611$ & $-0.012747$ & $-0.0115911$ & $-0.0270263$ & $0.0169305$ & $0.0156731$ & $-0.00188659$ & $-0.0045275$ & $0.0703054$ & $-0.00573203$ & $0.0175263$ & $-0.0501843$ \\
CHQ3_11 & $-0.120348$ & $0.0520473$ & $0.0192822$ & $0.01489$ & $0.0153542$ & $-0.0957066$ & $0.101805$ & $-0.417418$ & $-0.412403$ & $0.484054$ & $0.0415064$ & $0.294958$ & $-0.314154$ & $0.581305$ & $-0.156608$ & $-0.177761$ & $0.771442$ & $0.794797$ & $0.802363$ & $-0.0346978$ & $-0.0400059$ & $-0.0454122$ & $0.101196$ & $0.62856$ & $1$ & $0.0196633$ & $0.229537$ & $-0.0536544$ & $-0.0121073$ & $-0.108258$ & $-0.0501618$ & $0.0781384$ & $-0.110533$ & $-0.193408$ & $-0.0423742$ & $0.0010253$ & $0.0185855$ & $0.0103101$ & $0.0180529$ & $-0.00914178$ & $-0.0332684$ & $0.0213546$ & $0.000169174$ & $-0.0280886$ & $0.012248$ & $0.0369744$ & $-0.024201$ & $0.0135001$ & $-0.0246542$ \\
CHu_11 & $-0.0604605$ & $0.0626123$ & $0.0139504$ & $-0.012666$ & $0.0105914$ & $0.0991662$ & $0.0340068$ & $-0.512826$ & $-0.502434$ & $0.196094$ & $0.575454$ & $0.126114$ & $-0.0778041$ & $-0.300889$ & $-0.196683$ & $-0.188471$ & $-0.109904$ & $0.0192799$ & $0.0205101$ & $-0.563037$ & $-0.575415$ & $-0.560889$ & $-0.655609$ & $0.206173$ & $0.0196633$ & $1$ & $-0.15794$ & $-0.150184$ & $-0.0106922$ & $-0.0407551$ & $-0.0346532$ & $0.0367766$ & $-0.0165736$ & $-0.249176$ & $0.0221865$ & $-0.00604785$ & $0.0343517$ & $-0.00267862$ & $0.00654554$ & $0.02821$ & $-0.0229248$ & $-0.000636072$ & $-0.00629478$ & $0.0354001$ & $-0.000746556$ & $-0.000348476$ & $-0.0218674$ & $0.0484038$ & $0.033316$ \\
CHd_11 & $-0.0363922$ & $0.00289829$ & $0.0054346$ & $0.00436606$ & $0.00742774$ & $-0.0803418$ & $-0.0504546$ & $0.387147$ & $0.375927$ & $-0.23487$ & $-0.258796$ & $-0.21075$ & $0.15777$ & $-0.0959328$ & $-0.409247$ & $-0.411356$ & $-0.157209$ & $0.0150672$ & $0.0233736$ & $0.185086$ & $0.342262$ & $0.335613$ & $0.348456$ & $-0.41677$ & $0.229537$ & $-0.15794$ & $1$ & $0.054279$ & $0.00529208$ & $0.0246053$ & $-0.0270949$ & $-0.0537029$ & $0.0406217$ & $0.67378$ & $-0.0331219$ & $0.00873641$ & $0.00535411$ & $0.00515545$ & $0.0731938$ & $0.00256162$ & $0.00862521$ & $0.0241326$ & $-0.00905159$ & $-0.035131$ & $0.0131029$ & $-0.0611451$ & $-0.0269682$ & $0.0341227$ & $0.0340451$ \\
CHd_33 & $0.0275095$ & $0.00590285$ & $0.043625$ & $-0.0195983$ & $0.00229373$ & $-0.0409074$ & $-0.0118315$ & $0.283048$ & $0.284192$ & $-0.0845972$ & $-0.310625$ & $-0.0682736$ & $0.0561845$ & $0.139936$ & $0.129585$ & $0.116764$ & $0.048338$ & $-0.0443299$ & $-0.0296911$ & $0.305284$ & $0.311087$ & $0.296987$ & $-0.0375838$ & $-0.0108246$ & $-0.0536544$ & $-0.150184$ & $0.054279$ & $1$ & $-0.0170997$ & $-0.0062365$ & $-0.0296837$ & $-0.00281123$ & $0.00523346$ & $0.121358$ & $0.0837052$ & $-0.0297228$ & $0.0184655$ & $0.0394444$ & $0.0720907$ & $-0.0321855$ & $0.0246783$ & $-0.0373716$ & $0.0903211$ & $-0.0153082$ & $0.0278953$ & $-0.0523758$ & $0.040988$ & $-0.00657109$ & $-0.0162751$ \\
CeH_22r & $0.00434171$ & $-0.0180999$ & $-0.0127187$ & $0.013565$ & $-0.0312973$ & $0.00246391$ & $-0.004605$ & $-0.00796898$ & $0.00296275$ & $0.0123698$ & $0.0190192$ & $-0.0238886$ & $0.0372294$ & $-0.0168402$ & $-0.0130036$ & $-0.0345601$ & $-0.0257269$ & $-0.0132541$ & $0.00782021$ & $-0.0182443$ & $-0.0151709$ & $-0.0101728$ & $0.0364528$ & $-0.0218571$ & $-0.0121073$ & $-0.0106922$ & $0.00529208$ & $-0.0170997$ & $1$ & $0.0337339$ & $0.0287868$ & $-0.0224211$ & $0.0237013$ & $-0.00371379$ & $-0.0575342$ & $-0.023347$ & $0.0156097$ & $-0.00139146$ & $0.011359$ & $0.034685$ & $-0.0274936$ & $0.0693283$ & $0.0427421$ & $0.00886321$ & $-0.0030305$ & $-0.0375681$ & $0.0135019$ & $0.0229114$ & $-0.0096621$ \\
CeH_33r & $0.0215848$ & $-0.0247422$ & $0.0167401$ & $0.0252553$ & $0.00536621$ & $-0.00492986$ & $-0.119706$ & $0.111053$ & $0.128701$ & $-0.138143$ & $-0.068082$ & $-0.203529$ & $0.270318$ & $-0.0507106$ & $0.0187166$ & $0.0340529$ & $-0.0884858$ & $-0.0924077$ & $-0.100245$ & $0.0665959$ & $0.069106$ & $0.0741453$ & $0.00194948$ & $-0.119963$ & $-0.108258$ & $-0.0407551$ & $0.0246053$ & $-0.0062365$ & $0.0337339$ & $1$ & $0.290809$ & $0.032908$ & $0.613315$ & $0.0707759$ & $-0.11124$ & $-0.057965$ & $-0.150906$ & $-0.0067117$ & $0.0140173$ & $-0.000644265$ & $-0.0254184$ & $0.0214812$ & $0.0064311$ & $0.00994601$ & $0.0694714$ & $-0.0247132$ & $-0.00954567$ & $0.0135897$ & $-0.00313815$ \\
CuH_22r & $-0.0118984$ & $0.0132799$ & $0.0283706$ & $0.00598639$ & $0.0164422$ & $-0.0332432$ & $-0.0794225$ & $0.0371707$ & $0.0497166$ & $-0.0506584$ & $-0.0241894$ & $-0.0772858$ & $0.0908829$ & $-0.00657992$ & $0.0359244$ & $0.0459991$ & $-0.031977$ & $-0.0435983$ & $-0.0463459$ & $0.0299174$ & $0.0228333$ & $0.0332003$ & $0.0121465$ & $-0.0309325$ & $-0.0501618$ & $-0.0346532$ & $-0.0270949$ & $-0.0296837$ & $0.0287868$ & $0.290809$ & $1$ & $0.00686542$ & $0.327462$ & $-0.000925191$ & $-0.10585$ & $0.00988856$ & $-0.114597$ & $0.0220992$ & $-0.036817$ & $-0.00569118$ & $-0.0167982$ & $0.00883949$ & $-0.0126776$ & $0.0609237$ & $0.00664368$ & $0.0313096$ & $0.380132$ & $-0.0102249$ & $0.0295861$ \\
CuH_33r & $0.0238316$ & $0.0150438$ & $0.0106819$ & $0.00540742$ & $-0.00249662$ & $0.0173916$ & $0.930735$ & $-0.106427$ & $-0.0631977$ & $0.0807944$ & $0.0661429$ & $0.269571$ & $-0.259217$ & $0.0442591$ & $-0.0364636$ & $-0.019874$ & $0.0780118$ & $0.100873$ & $0.0875407$ & $-0.0607725$ & $-0.0672851$ & $-0.0679488$ & $-0.0114808$ & $0.101292$ & $0.0781384$ & $0.0367766$ & $-0.0537029$ & $-0.00281123$ & $-0.0224211$ & $0.032908$ & $0.00686542$ & $1$ & $0.0179451$ & $-0.0552296$ & $0.0270492$ & $0.0384543$ & $-0.030348$ & $-0.0127552$ & $0.0031005$ & $0.0155657$ & $0.00318175$ & $-0.00374243$ & $0.0126232$ & $0.00887267$ & $-0.031378$ & $-7.12869e-05$ & $0.00769174$ & $-0.00677223$ & $-0.0187179$ \\
CdH_33r & $-0.0359195$ & $-0.094582$ & $-0.00736261$ & $0.0205012$ & $-0.02632$ & $0.0284005$ & $-0.169244$ & $0.104985$ & $0.123571$ & $-0.126998$ & $-0.0430681$ & $-0.24861$ & $0.336606$ & $-0.0677411$ & $0.0124354$ & $0.020405$ & $-0.136179$ & $-0.116082$ & $-0.116927$ & $0.0427187$ & $0.0434775$ & $0.0516749$ & $-0.00421302$ & $-0.127935$ & $-0.110533$ & $-0.0165736$ & $0.0406217$ & $0.00523346$ & $0.0237013$ & $0.613315$ & $0.327462$ & $0.0179451$ & $1$ & $0.0606959$ & $-0.0608351$ & $0.0681278$ & $-0.216126$ & $-0.00788231$ & $-0.0910384$ & $-0.0234418$ & $-0.0985764$ & $0.0147078$ & $-0.00108646$ & $0.0752014$ & $0.039551$ & $0.00613179$ & $-0.00103543$ & $0.183206$ & $0.507805$ \\
CLL_1221 & $0.000582452$ & $0.00983228$ & $0.0286502$ & $0.000212013$ & $-0.0255866$ & $-0.0858071$ & $-0.0556846$ & $0.546961$ & $0.533507$ & $-0.357709$ & $-0.350586$ & $-0.261951$ & $0.205126$ & $-0.204469$ & $-0.594507$ & $-0.130387$ & $-0.259312$ & $0.0398934$ & $-0.314354$ & $0.271228$ & $0.438651$ & $0.430515$ & $0.196998$ & $-0.632633$ & $-0.193408$ & $-0.249176$ & $0.67378$ & $0.121358$ & $-0.00371379$ & $0.0707759$ & $-0.000925191$ & $-0.0552296$ & $0.0606959$ & $1$ & $-0.0134122$ & $-0.00545347$ & $-0.0182942$ & $0.00745487$ & $0.0530309$ & $0.0123493$ & $-0.0152235$ & $-0.00752$ & $0.0217221$ & $-0.0255287$ & $0.011173$ & $-0.0693178$ & $-0.00505304$ & $0.0170259$ & $0.0204253$ \\
eHggint & $-0.0159185$ & $0.046912$ & $0.0284864$ & $0.0539556$ & $0.00915761$ & $0.00815179$ & $-0.0265669$ & $0.0058527$ & $-0.0126961$ & $0.0157759$ & $0.00527214$ & $-0.0713392$ & $0.0961011$ & $-0.0413981$ & $0.0285264$ & $0.0303053$ & $-0.0222106$ & $-0.0425623$ & $-0.0501057$ & $7.49525e-05$ & $-0.00936435$ & $-0.0130805$ & $-0.0163386$ & $-0.0130055$ & $-0.0423742$ & $0.0221865$ & $-0.0331219$ & $0.0837052$ & $-0.0575342$ & $-0.11124$ & $-0.10585$ & $0.0270492$ & $-0.0608351$ & $-0.0134122$ & $1$ & $-0.0641086$ & $0.121189$ & $0.0110226$ & $-0.0233854$ & $0.0553973$ & $0.0396846$ & $0.00495741$ & $0.0431674$ & $-0.0302969$ & $0.0517597$ & $0.0367183$ & $-0.086384$ & $0.0140904$ & $0.0699133$ \\
eHggpar & $-0.0360713$ & $-0.0481522$ & $0.00379376$ & $0.0422062$ & $-0.0174054$ & $0.0100346$ & $-0.024753$ & $-0.0166659$ & $-0.026483$ & $0.0655611$ & $0.0294252$ & $-0.0149203$ & $0.0485617$ & $-0.035749$ & $-0.012444$ & $-0.0099554$ & $-0.0233372$ & $-0.0126407$ & $-0.0133493$ & $-0.0281931$ & $-0.0299915$ & $-0.0286583$ & $0.001546$ & $0.010991$ & $0.0010253$ & $-0.00604785$ & $0.00873641$ & $-0.0297228$ & $-0.023347$ & $-0.057965$ & $0.00988856$ & $0.0384543$ & $0.0681278$ & $-0.00545347$ & $-0.0641086$ & $1$ & $-0.0424136$ & $0.0462974$ & $-0.103169$ & $-0.0203951$ & $-0.00380726$ & $-0.00930736$ & $-0.0251841$ & $0.036154$ & $-0.0723275$ & $0.00847067$ & $-0.0359886$ & $0.0305093$ & $0.129492$ \\
eHWWint & $-0.0625401$ & $0.0149511$ & $-0.018974$ & $0.0514989$ & $0.0642007$ & $0.0105377$ & $0.0061701$ & $0.0201986$ & $0.00732518$ & $-0.0198129$ & $-0.0326742$ & $0.00501804$ & $-0.0147782$ & $0.045135$ & $0.0377589$ & $0.0103762$ & $0.014796$ & $0.000817245$ & $0.0184187$ & $0.0350861$ & $0.0327719$ & $0.0260603$ & $-0.0417479$ & $0.0174639$ & $0.0185855$ & $0.0343517$ & $0.00535411$ & $0.0184655$ & $0.0156097$ & $-0.150906$ & $-0.114597$ & $-0.030348$ & $-0.216126$ & $-0.0182942$ & $0.121189$ & $-0.0424136$ & $1$ & $-0.0320408$ & $-0.105388$ & $-0.0170772$ & $0.0157505$ & $0.000314174$ & $0.0323647$ & $-0.00801708$ & $-0.032547$ & $0.0331955$ & $0.0409852$ & $-0.00898429$ & $-0.0155461$ \\
eHWWpar & $0.0129979$ & $0.0383394$ & $0.0470086$ & $-0.0217549$ & $-0.00752369$ & $0.0221446$ & $-0.0147022$ & $2.72268e-05$ & $-0.00166385$ & $0.000494891$ & $-0.00752494$ & $0.00521028$ & $-0.00353043$ & $0.013019$ & $-0.00619389$ & $0.00445245$ & $0.014122$ & $0.0181424$ & $0.00319671$ & $0.0103704$ & $0.00843805$ & $0.00609037$ & $-0.00278322$ & $0.0255611$ & $0.0103101$ & $-0.00267862$ & $0.00515545$ & $0.0394444$ & $-0.00139146$ & $-0.0067117$ & $0.0220992$ & $-0.0127552$ & $-0.00788231$ & $0.00745487$ & $0.0110226$ & $0.0462974$ & $-0.0320408$ & $1$ & $0.014225$ & $8.52966e-05$ & $-0.00936898$ & $-0.00101261$ & $-0.00708352$ & $-0.00959466$ & $0.0429758$ & $-0.0242615$ & $0.0450139$ & $-0.0173998$ & $-0.0013352$ \\
eHZZint & $0.0240434$ & $-0.0201743$ & $0.0219008$ & $0.00979061$ & $-0.021379$ & $-0.0207428$ & $0.0117376$ & $0.0318322$ & $0.0385836$ & $-0.0128933$ & $-0.027164$ & $-0.0299879$ & $0.0195709$ & $-0.00425743$ & $-0.0259079$ & $0.00456221$ & $0.00601175$ & $0.00706019$ & $-0.00703327$ & $0.0188417$ & $0.0292972$ & $0.0341638$ & $0.019182$ & $-0.012747$ & $0.0180529$ & $0.00654554$ & $0.0731938$ & $0.0720907$ & $0.011359$ & $0.0140173$ & $-0.036817$ & $0.0031005$ & $-0.0910384$ & $0.0530309$ & $-0.0233854$ & $-0.103169$ & $-0.105388$ & $0.014225$ & $1$ & $0.00240249$ & $0.0954292$ & $-0.0650022$ & $0.0212509$ & $-0.023983$ & $-0.0239205$ & $0.0159654$ & $-0.0622926$ & $-0.0500856$ & $-0.137973$ \\
eHZZpar & $0.000992654$ & $-0.0546702$ & $0.0156675$ & $9.01864e-05$ & $0.00728477$ & $0.0196781$ & $0.020426$ & $-0.0239158$ & $-0.0238841$ & $-0.00877643$ & $0.0372329$ & $-0.0126003$ & $0.00984324$ & $-0.0365924$ & $-0.0359312$ & $-0.00504028$ & $-0.016694$ & $0.00540896$ & $-0.0185964$ & $-0.0369272$ & $-0.0365175$ & $-0.0270175$ & $0.0283574$ & $-0.0115911$ & $-0.00914178$ & $0.02821$ & $0.00256162$ & $-0.0321855$ & $0.034685$ & $-0.000644265$ & $-0.00569118$ & $0.0155657$ & $-0.0234418$ & $0.0123493$ & $0.0553973$ & $-0.0203951$ & $-0.0170772$ & $8.52966e-05$ & $0.00240249$ & $1$ & $0.0647951$ & $0.0331145$ & $-0.00787247$ & $-0.00242509$ & $0.00431456$ & $-0.00759139$ & $-0.0297568$ & $-0.00600136$ & $0.00390827$ \\
eHZgaint & $-0.120114$ & $-0.0380995$ & $-0.0672522$ & $0.0416283$ & $0.0322873$ & $-0.0387426$ & $-0.0143035$ & $0.028025$ & $0.0222817$ & $-0.0696481$ & $-0.00173184$ & $-0.0382819$ & $0.0245669$ & $-0.047274$ & $0.0402642$ & $0.00066526$ & $-0.0523935$ & $-0.0757898$ & $-0.0454794$ & $0.00249434$ & $0.00111998$ & $-0.00305857$ & $0.0206821$ & $-0.0270263$ & $-0.0332684$ & $-0.0229248$ & $0.00862521$ & $0.0246783$ & $-0.0274936$ & $-0.0254184$ & $-0.0167982$ & $0.00318175$ & $-0.0985764$ & $-0.0152235$ & $0.0396846$ & $-0.00380726$ & $0.0157505$ & $-0.00936898$ & $0.0954292$ & $0.0647951$ & $1$ & $-0.0209749$ & $-0.0338863$ & $-0.0690074$ & $-0.00600246$ & $-0.0722659$ & $0.026427$ & $0.013515$ & $-0.149485$ \\
eHZgapar & $0.0326529$ & $-0.0241624$ & $-0.0260523$ & $-0.0145495$ & $0.031014$ & $-0.00735795$ & $0.00904237$ & $-0.0104014$ & $-0.0053098$ & $-0.00459626$ & $0.00715886$ & $0.0032895$ & $-0.00615053$ & $0.0162389$ & $-0.00499363$ & $-0.000157226$ & $0.00041527$ & $0.0107622$ & $0.0106933$ & $-0.0113844$ & $-0.00880067$ & $0.00319779$ & $0.0184376$ & $0.0169305$ & $0.0213546$ & $-0.000636072$ & $0.0241326$ & $-0.0373716$ & $0.0693283$ & $0.0214812$ & $0.00883949$ & $-0.00374243$ & $0.0147078$ & $-0.00752$ & $0.00495741$ & $-0.00930736$ & $0.000314174$ & $-0.00101261$ & $-0.0650022$ & $0.0331145$ & $-0.0209749$ & $1$ & $0.00624744$ & $-0.00930937$ & $0.0187834$ & $0.0126051$ & $-0.00608513$ & $-0.0033475$ & $0.0204915$ \\
eHgagaint & $0.041582$ & $0.0628093$ & $-0.0230517$ & $-0.0197291$ & $-0.00716206$ & $-0.00327538$ & $-0.00267545$ & $0.00495282$ & $0.0750277$ & $-0.00117718$ & $-0.016033$ & $0.0073379$ & $-0.0104965$ & $0.00611642$ & $-0.0122902$ & $0.0293251$ & $0.0265053$ & $0.0252925$ & $-0.00529403$ & $0.0197047$ & $0.0177135$ & $0.0171467$ & $-0.00577509$ & $0.0156731$ & $0.000169174$ & $-0.00629478$ & $-0.00905159$ & $0.0903211$ & $0.0427421$ & $0.0064311$ & $-0.0126776$ & $0.0126232$ & $-0.00108646$ & $0.0217221$ & $0.0431674$ & $-0.0251841$ & $0.0323647$ & $-0.00708352$ & $0.0212509$ & $-0.00787247$ & $-0.0338863$ & $0.00624744$ & $1$ & $0.0144934$ & $0.0796618$ & $-0.0170074$ & $0.0252741$ & $0.0902879$ & $-0.0247581$ \\
eHmumuint & $0.0352394$ & $0.0430923$ & $0.0564765$ & $-0.0543296$ & $0.00877756$ & $0.0128628$ & $0.00270187$ & $-0.0202273$ & $-0.0130745$ & $0.0121044$ & $0.0277082$ & $0.0549572$ & $-0.0428355$ & $0.00199616$ & $0.00218276$ & $0.00335891$ & $-0.0341219$ & $-0.0125351$ & $-0.0131112$ & $-0.0249387$ & $-0.0285889$ & $-0.025614$ & $-0.0333089$ & $-0.00188659$ & $-0.0280886$ & $0.0354001$ & $-0.035131$ & $-0.0153082$ & $0.00886321$ & $0.00994601$ & $0.0609237$ & $0.00887267$ & $0.0752014$ & $-0.0255287$ & $-0.0302969$ & $0.036154$ & $-0.00801708$ & $-0.00959466$ & $-0.023983$ & $-0.00242509$ & $-0.0690074$ & $-0.00930937$ & $0.0144934$ & $1$ & $-0.0633714$ & $-0.0356624$ & $0.029619$ & $0.00136557$ & $0.0814483$ \\
eHtautauint & $-0.00887718$ & $-0.0658907$ & $-0.0451194$ & $-0.0116441$ & $0.0224984$ & $-0.0394637$ & $-0.0324676$ & $0.00230863$ & $0.00912372$ & $0.0147029$ & $-0.00603463$ & $-0.01042$ & $0.00971829$ & $0.0143652$ & $-0.0172671$ & $-0.0342386$ & $0.0113529$ & $0.0184668$ & $0.0239729$ & $0.00089035$ & $0.00922709$ & $-0.00437484$ & $0.0222008$ & $-0.0045275$ & $0.012248$ & $-0.000746556$ & $0.0131029$ & $0.0278953$ & $-0.0030305$ & $0.0694714$ & $0.00664368$ & $-0.031378$ & $0.039551$ & $0.011173$ & $0.0517597$ & $-0.0723275$ & $-0.032547$ & $0.0429758$ & $-0.0239205$ & $0.00431456$ & $-0.00600246$ & $0.0187834$ & $0.0796618$ & $-0.0633714$ & $1$ & $-0.0629059$ & $0.0609737$ & $0.0629703$ & $0.0546127$ \\
eHccint & $-0.0250039$ & $-0.0773717$ & $0.0546743$ & $0.00626599$ & $0.00792378$ & $0.00306311$ & $-0.00652488$ & $-0.0844739$ & $-0.0934536$ & $0.0230516$ & $0.0736931$ & $0.00973626$ & $-0.0120838$ & $-0.0192922$ & $0.0038369$ & $0.0406754$ & $0.0351565$ & $0.0226135$ & $-0.00456291$ & $-0.0706255$ & $-0.0814904$ & $-0.0678745$ & $0.0219774$ & $0.0703054$ & $0.0369744$ & $-0.000348476$ & $-0.0611451$ & $-0.0523758$ & $-0.0375681$ & $-0.0247132$ & $0.0313096$ & $-7.12869e-05$ & $0.00613179$ & $-0.0693178$ & $0.0367183$ & $0.00847067$ & $0.0331955$ & $-0.0242615$ & $0.0159654$ & $-0.00759139$ & $-0.0722659$ & $0.0126051$ & $-0.0170074$ & $-0.0356624$ & $-0.0629059$ & $1$ & $-0.087214$ & $-0.0707871$ & $0.0640038$ \\
eHccpar & $-0.0107437$ & $0.0232212$ & $0.0515336$ & $-0.0217505$ & $-0.0150683$ & $-0.0582584$ & $0.0111469$ & $0.0438561$ & $0.0511953$ & $-0.0124753$ & $-0.0509118$ & $0.0125334$ & $-0.016259$ & $0.0266098$ & $0.0546487$ & $0.0370821$ & $0.0160176$ & $-0.0219886$ & $-0.00204183$ & $0.0537629$ & $0.0508103$ & $0.0586744$ & $-0.0257493$ & $-0.00573203$ & $-0.024201$ & $-0.0218674$ & $-0.0269682$ & $0.040988$ & $0.0135019$ & $-0.00954567$ & $0.380132$ & $0.00769174$ & $-0.00103543$ & $-0.00505304$ & $-0.086384$ & $-0.0359886$ & $0.0409852$ & $0.0450139$ & $-0.0622926$ & $-0.0297568$ & $0.026427$ & $-0.00608513$ & $0.0252741$ & $0.029619$ & $0.0609737$ & $-0.087214$ & $1$ & $0.0707877$ & $-0.0246963$ \\
eHbbint & $-0.0980356$ & $0.000420473$ & $-0.0341339$ & $-0.0108166$ & $-0.0109906$ & $-0.0074043$ & $-0.0156153$ & $-0.0252273$ & $-0.0211749$ & $0.00733979$ & $0.0366757$ & $-0.00671347$ & $0.0104891$ & $-0.0330966$ & $-0.0411239$ & $-0.0577131$ & $-0.0146262$ & $0.00690707$ & $0.00374963$ & $-0.0382219$ & $-0.0313596$ & $-0.0512648$ & $-0.000691108$ & $0.0175263$ & $0.0135001$ & $0.0484038$ & $0.0341227$ & $-0.00657109$ & $0.0229114$ & $0.0135897$ & $-0.0102249$ & $-0.00677223$ & $0.183206$ & $0.0170259$ & $0.0140904$ & $0.0305093$ & $-0.00898429$ & $-0.0173998$ & $-0.0500856$ & $-0.00600136$ & $0.013515$ & $-0.0033475$ & $0.0902879$ & $0.00136557$ & $0.0629703$ & $-0.0707871$ & $0.0707877$ & $1$ & $0.067349$ \\
eHbbpar & $-0.0735106$ & $-0.17163$ & $-0.0242071$ & $0.0324777$ & $-0.0222296$ & $0.0466394$ & $-0.0297105$ & $0.0243939$ & $0.0230165$ & $-0.00783401$ & $0.00752655$ & $-0.0186285$ & $0.0291458$ & $-0.0169218$ & $-0.0256893$ & $-0.0256809$ & $-0.0765324$ & $-0.0315839$ & $-0.0289799$ & $-0.0125699$ & $-0.00883243$ & $-0.00130399$ & $-0.00896969$ & $-0.0501843$ & $-0.0246542$ & $0.033316$ & $0.0340451$ & $-0.0162751$ & $-0.0096621$ & $-0.00313815$ & $0.0295861$ & $-0.0187179$ & $0.507805$ & $0.0204253$ & $0.0699133$ & $0.129492$ & $-0.0155461$ & $-0.0013352$ & $-0.137973$ & $0.00390827$ & $-0.149485$ & $0.0204915$ & $-0.0247581$ & $0.0814483$ & $0.0546127$ & $0.0640038$ & $-0.0246963$ & $0.067349$ & $1$ \\
