 & AlsMz & dAle5Mz & mtop & mHl & Mz & CW & CHG & CHWB & CHWHB_gaga & CHWHB_gagaorth & CHD & CHbox & CH & CHL1_11 & CHL1_22 & CHL1_33 & CHL3_11 & CHL3_22 & CHL3_33 & CHe_11 & CHe_22 & CHe_33 & CHQ1_11 & CHQ1_33 & CHQ3_11 & CHu_11 & CHd_11 & CHd_33 & CeH_22r & CeH_33r & CuH_22r & CuH_33r & CdH_33r & CLL_1221 & eHggint & eHggpar & eHWWint & eHWWpar & eHZZint & eHZZpar & eHZgaint & eHZgapar & eHgagaint & eHmumuint & eHtautauint & eHccint & eHccpar & eHbbint & eHbbpar \\
AlsMz & $1$ & $0.0593699$ & $0.0488245$ & $0.193066$ & $0.0317936$ & $-0.0911656$ & $0.00754581$ & $0.0541648$ & $0.0498145$ & $-0.0224952$ & $-0.0830155$ & $-0.123682$ & $-0.0756721$ & $0.0489703$ & $-0.0175019$ & $-0.0256845$ & $0.0812257$ & $0.056812$ & $0.0573372$ & $0.0691624$ & $0.0866331$ & $0.0808136$ & $0.0315667$ & $-0.0398146$ & $-0.0070074$ & $-0.0650962$ & $0.0751825$ & $-0.0256198$ & $0.0419406$ & $-0.0224672$ & $-0.0453016$ & $0.0148951$ & $-0.0530511$ & $0.0800748$ & $-0.00771071$ & $-0.0352649$ & $-0.32289$ & $-0.0475101$ & $0.0127486$ & $0.0988002$ & $-0.379352$ & $-0.135169$ & $-0.166195$ & $-0.2382$ & $0.185885$ & $-0.115952$ & $-0.152886$ & $-0.265437$ & $-0.138671$ \\
dAle5Mz & $0.0593699$ & $1$ & $0.167669$ & $0.177475$ & $0.0424874$ & $-0.0489696$ & $0.0599301$ & $0.0255735$ & $0.0280528$ & $-0.00426784$ & $-0.0447562$ & $0.0240113$ & $0.0148481$ & $0.0379118$ & $0.032899$ & $0.108831$ & $0.00206246$ & $0.00204948$ & $-0.0489728$ & $0.0670057$ & $0.0566917$ & $0.0615678$ & $-0.047332$ & $-0.0134356$ & $-0.0289138$ & $-0.0255982$ & $-0.0380456$ & $-0.0207552$ & $-0.0325644$ & $-0.025372$ & $-0.00610101$ & $0.0597491$ & $0.0685874$ & $0.0309001$ & $0.0458608$ & $0.291868$ & $-0.146443$ & $0.0142042$ & $0.198684$ & $0.0382284$ & $-0.146127$ & $0.00300152$ & $0.000369792$ & $-0.0871805$ & $-0.0981332$ & $-0.0350748$ & $-0.0683683$ & $0.141776$ & $0.15591$ \\
mtop & $0.0488245$ & $0.167669$ & $1$ & $0.144325$ & $-0.0711265$ & $0.0228192$ & $0.100094$ & $0.00572048$ & $0.00398679$ & $0.0228315$ & $-0.00897611$ & $-0.02403$ & $-0.0446193$ & $0.0127221$ & $-0.0120691$ & $-0.0396298$ & $0.0153375$ & $0.0151659$ & $0.043587$ & $0.0154992$ & $0.024386$ & $0.0195726$ & $0.0303877$ & $-0.00711435$ & $0.0281411$ & $-0.0125949$ & $0.0435648$ & $0.037704$ & $0.00734126$ & $0.00738426$ & $0.0227295$ & $0.10816$ & $-0.00442555$ & $0.0171031$ & $0.12147$ & $0.1632$ & $-0.0971133$ & $0.0340344$ & $-0.412967$ & $0.0448907$ & $-0.166416$ & $0.0114992$ & $-0.0975873$ & $-0.235284$ & $0.068054$ & $0.267871$ & $-0.0871017$ & $-0.132608$ & $0.0638993$ \\
mHl & $0.193066$ & $0.177475$ & $0.144325$ & $1$ & $0.0422169$ & $-0.025074$ & $0.142323$ & $0.105457$ & $0.119994$ & $-0.0557632$ & $-0.069975$ & $0.0322261$ & $0.0126556$ & $-0.0350527$ & $-0.00776224$ & $0.0323371$ & $-0.073663$ & $-0.0615652$ & $-0.0910644$ & $0.0723124$ & $0.0795854$ & $0.0685142$ & $-0.0272079$ & $-0.0928127$ & $-0.0774086$ & $-0.0147488$ & $0.0780095$ & $0.0150835$ & $0.04767$ & $0.0648802$ & $-0.0388302$ & $0.169079$ & $0.0604523$ & $0.095511$ & $-0.0721498$ & $0.190837$ & $-0.231575$ & $-0.0858564$ & $-0.115823$ & $0.139622$ & $-0.143878$ & $0.034789$ & $0.0597667$ & $-0.0491562$ & $0.224567$ & $-0.101755$ & $-0.146572$ & $-0.0986938$ & $0.0504191$ \\
Mz & $0.0317936$ & $0.0424874$ & $-0.0711265$ & $0.0422169$ & $1$ & $-0.00793318$ & $-0.015348$ & $0.0108495$ & $0.00958086$ & $0.0145824$ & $-0.0012235$ & $0.0304864$ & $0.0125626$ & $-0.0137007$ & $0.0648378$ & $0.0669634$ & $-0.000816274$ & $-0.0442507$ & $-0.040845$ & $0.0145085$ & $0.00307409$ & $0.0134636$ & $0.00191261$ & $-0.00992871$ & $-0.0497331$ & $-0.0152637$ & $-0.0654446$ & $-0.0276292$ & $0.0269184$ & $-0.00450435$ & $0.00349626$ & $-0.0193313$ & $0.0267407$ & $-0.0358232$ & $-0.0833603$ & $0.0160612$ & $-0.109998$ & $0.0577934$ & $0.0554779$ & $-0.025638$ & $-0.0717951$ & $0.0605003$ & $0.0586502$ & $-0.0429093$ & $0.0555401$ & $0.0389977$ & $-0.0277453$ & $0.0279751$ & $0.0608897$ \\
CW & $-0.0911656$ & $-0.0489696$ & $0.0228192$ & $-0.025074$ & $-0.00793318$ & $1$ & $0.0435787$ & $-0.177215$ & $-0.168351$ & $0.0145887$ & $0.235395$ & $0.0213874$ & $-0.0116034$ & $0.000104955$ & $-0.0606024$ & $-0.095721$ & $-0.260594$ & $-0.0625351$ & $-0.033104$ & $-0.228272$ & $-0.242277$ & $-0.241575$ & $-0.0507087$ & $0.0309117$ & $-0.0766756$ & $0.185333$ & $-0.117119$ & $-0.0969906$ & $0.0186476$ & $-0.0252797$ & $-0.00884176$ & $0.0383292$ & $-0.0614876$ & $-0.188604$ & $0.0351059$ & $0.0447499$ & $0.029944$ & $-0.0267454$ & $-0.0630337$ & $-0.00521815$ & $0.0333741$ & $0.0395687$ & $0.0205891$ & $-0.01625$ & $-0.0113693$ & $0.0630239$ & $-0.00740342$ & $-0.0209563$ & $-0.0730179$ \\
CHG & $0.00754581$ & $0.0599301$ & $0.100094$ & $0.142323$ & $-0.015348$ & $0.0435787$ & $1$ & $-0.110862$ & $-0.0588119$ & $0.087612$ & $0.0657914$ & $-0.225887$ & $-0.284189$ & $0.0686067$ & $-0.0736775$ & $-0.0227008$ & $0.082702$ & $0.135494$ & $0.0931269$ & $-0.0643625$ & $-0.0646641$ & $-0.0706839$ & $-0.00438501$ & $0.103935$ & $0.0999513$ & $0.0300241$ & $-0.0381486$ & $-0.0627204$ & $-0.0160069$ & $-0.150218$ & $-0.101174$ & $0.940464$ & $-0.141996$ & $-0.0277594$ & $-0.106705$ & $0.0851378$ & $-0.1029$ & $0.0223997$ & $-0.0866228$ & $-0.0302295$ & $-0.0632605$ & $-0.0777209$ & $0.0373138$ & $0.00780687$ & $-0.0117426$ & $0.0187985$ & $-0.0660185$ & $-0.00355699$ & $0.100633$ \\
CHWB & $0.0541648$ & $0.0255735$ & $0.00572048$ & $0.105457$ & $0.0108495$ & $-0.177215$ & $-0.110862$ & $1$ & $0.984612$ & $-0.570748$ & $-0.874653$ & $0.127555$ & $0.392866$ & $0.0635527$ & $0.304048$ & $0.3331$ & $-0.207381$ & $-0.428151$ & $-0.449665$ & $0.84659$ & $0.892226$ & $0.87719$ & $0.0795465$ & $-0.688866$ & $-0.417904$ & $-0.534668$ & $0.42133$ & $0.286552$ & $0.000278198$ & $0.147715$ & $0.0779772$ & $-0.0901906$ & $0.204266$ & $0.588735$ & $0.00551052$ & $0.00343353$ & $-0.0661857$ & $-0.0131027$ & $-0.012868$ & $-0.00666834$ & $-0.0703429$ & $0.0352989$ & $-0.0370472$ & $-0.0096989$ & $-5.30376e-05$ & $0.00618405$ & $-0.0675185$ & $-0.038786$ & $0.0656916$ \\
CHWHB_gaga & $0.0498145$ & $0.0280528$ & $0.00398679$ & $0.119994$ & $0.00958086$ & $-0.168351$ & $-0.0588119$ & $0.984612$ & $1$ & $-0.564864$ & $-0.853641$ & $0.130468$ & $0.381692$ & $0.050169$ & $0.289382$ & $0.331322$ & $-0.220302$ & $-0.428237$ & $-0.458725$ & $0.825298$ & $0.871241$ & $0.858032$ & $0.0764294$ & $-0.687366$ & $-0.42142$ & $-0.519377$ & $0.418647$ & $0.276199$ & $0.00142301$ & $0.163297$ & $0.0897741$ & $-0.0498568$ & $0.223879$ & $0.587451$ & $-0.031923$ & $-0.0106681$ & $-0.0945955$ & $-0.0183086$ & $-0.0191918$ & $-0.00614354$ & $-0.0816978$ & $0.032045$ & $0.0107402$ & $-0.0126485$ & $0.00532747$ & $0.0103896$ & $-0.0585743$ & $-0.0302695$ & $0.0853156$ \\
CHWHB_gagaorth & $-0.0224952$ & $-0.00426784$ & $0.0228315$ & $-0.0557632$ & $0.0145824$ & $0.0145887$ & $0.087612$ & $-0.570748$ & $-0.564864$ & $1$ & $0.356594$ & $0.217807$ & $-0.27905$ & $0.238085$ & $-0.104172$ & $-0.141271$ & $0.407582$ & $0.465226$ & $0.485276$ & $-0.341703$ & $-0.371974$ & $-0.364298$ & $-0.0590109$ & $0.557812$ & $0.480214$ & $0.227161$ & $-0.242358$ & $-0.155389$ & $-0.00397242$ & $-0.15359$ & $-0.104441$ & $0.0907213$ & $-0.194523$ & $-0.377843$ & $0.00826873$ & $0.011265$ & $0.0461672$ & $0.0270155$ & $0.0545752$ & $0.0259803$ & $0.0450942$ & $-0.0508861$ & $0.0101502$ & $-0.0499898$ & $0.0675418$ & $0.0201322$ & $0.0507579$ & $0.0213894$ & $-0.0135519$ \\
CHD & $-0.0830155$ & $-0.0447562$ & $-0.00897611$ & $-0.069975$ & $-0.0012235$ & $0.235395$ & $0.0657914$ & $-0.874653$ & $-0.853641$ & $0.356594$ & $1$ & $0.0476444$ & $-0.189301$ & $-0.492891$ & $-0.429749$ & $-0.44372$ & $-0.259198$ & $0.0453569$ & $0.0721504$ & $-0.990996$ & $-0.992086$ & $-0.970665$ & $-0.0118986$ & $0.315056$ & $0.0166428$ & $0.590963$ & $-0.286233$ & $-0.306148$ & $-0.000932639$ & $-0.0899226$ & $-0.0397772$ & $0.0583108$ & $-0.147503$ & $-0.390631$ & $0.0281417$ & $0.00364418$ & $0.0747104$ & $-0.00619816$ & $-0.0198277$ & $-0.0266176$ & $0.0821706$ & $-0.00645599$ & $0.0414174$ & $0.0294348$ & $-0.0144757$ & $0.0229731$ & $0.0658138$ & $0.0329364$ & $-0.079494$ \\
CHbox & $-0.123682$ & $0.0240113$ & $-0.02403$ & $0.0322261$ & $0.0304864$ & $0.0213874$ & $-0.225887$ & $0.127555$ & $0.130468$ & $0.217807$ & $0.0476444$ & $1$ & $0.755505$ & $-0.31769$ & $0.0442289$ & $0.0166006$ & $-0.344543$ & $-0.353837$ & $-0.321063$ & $-0.0405753$ & $-0.0411264$ & $-0.0270606$ & $0.0134803$ & $-0.258713$ & $-0.327074$ & $0.0184405$ & $0.0259776$ & $-0.0357935$ & $0.0418133$ & $0.32934$ & $0.0691$ & $-0.145435$ & $0.381972$ & $0.0617789$ & $0.0762631$ & $0.0826724$ & $0.0791469$ & $-0.00645491$ & $0.0473218$ & $-0.0540391$ & $0.0389415$ & $0.0177146$ & $-0.0579124$ & $-0.0340208$ & $0.0323169$ & $0.0770704$ & $-0.0172479$ & $0.0129126$ & $0.00818415$ \\
CH & $-0.0756721$ & $0.0148481$ & $-0.0446193$ & $0.0126556$ & $0.0125626$ & $-0.0116034$ & $-0.284189$ & $0.392866$ & $0.381692$ & $-0.27905$ & $-0.189301$ & $0.755505$ & $1$ & $-0.287845$ & $0.0752421$ & $0.054562$ & $-0.378188$ & $-0.429262$ & $-0.402368$ & $0.179836$ & $0.204634$ & $0.211833$ & $0.0821192$ & $-0.446294$ & $-0.405194$ & $-0.151347$ & $0.191416$ & $0.0616841$ & $0.0402995$ & $0.293347$ & $0.0888128$ & $-0.238346$ & $0.345364$ & $0.261105$ & $0.0242813$ & $0.0622034$ & $0.0797671$ & $-0.00759457$ & $0.0388611$ & $-0.0616369$ & $-0.0266995$ & $0.0624654$ & $-0.0674487$ & $-0.0128924$ & $0.0167475$ & $0.032717$ & $-0.0444744$ & $0.00145339$ & $0.00889814$ \\
CHL1_11 & $0.0489703$ & $0.0379118$ & $0.0127221$ & $-0.0350527$ & $-0.0137007$ & $0.000104955$ & $0.0686067$ & $0.0635527$ & $0.050169$ & $0.238085$ & $-0.492891$ & $-0.31769$ & $-0.287845$ & $1$ & $0.273587$ & $0.23825$ & $0.691174$ & $0.625818$ & $0.617583$ & $0.512317$ & $0.454598$ & $0.430079$ & $-0.112382$ & $0.487167$ & $0.633692$ & $-0.252583$ & $-0.116219$ & $0.133981$ & $-0.0051722$ & $-0.0795983$ & $-0.0719275$ & $0.0458574$ & $-0.0643165$ & $-0.226995$ & $-0.0318742$ & $-0.0150028$ & $-0.0302644$ & $0.0269958$ & $0.0427674$ & $0.0603979$ & $-0.028517$ & $-0.0375005$ & $-0.0222843$ & $-0.0239497$ & $0.0116888$ & $-0.0410183$ & $-0.019821$ & $0.0130509$ & $0.0440397$ \\
CHL1_22 & $-0.0175019$ & $0.032899$ & $-0.0120691$ & $-0.00776224$ & $0.0648378$ & $-0.0606024$ & $-0.0736775$ & $0.304048$ & $0.289382$ & $-0.104172$ & $-0.429749$ & $0.0442289$ & $0.0752421$ & $0.273587$ & $1$ & $0.406414$ & $0.186752$ & $-0.423441$ & $-0.00557495$ & $0.488704$ & $0.354312$ & $0.336323$ & $-0.160633$ & $0.082585$ & $-0.104017$ & $-0.219141$ & $-0.380483$ & $0.0835891$ & $0.0120577$ & $0.0645743$ & $0.0127033$ & $-0.0670881$ & $0.0838663$ & $-0.561119$ & $-0.0359755$ & $0.0549271$ & $-0.0322214$ & $0.0260925$ & $0.0343279$ & $-0.0387791$ & $-0.00140416$ & $0.0397084$ & $-0.045365$ & $-0.0236026$ & $-0.00698092$ & $0.0109511$ & $-0.0759153$ & $-0.0581931$ & $0.0590626$ \\
CHL1_33 & $-0.0256845$ & $0.108831$ & $-0.0396298$ & $0.0323371$ & $0.0669634$ & $-0.095721$ & $-0.0227008$ & $0.3331$ & $0.331322$ & $-0.141271$ & $-0.44372$ & $0.0166006$ & $0.054562$ & $0.23825$ & $0.406414$ & $1$ & $0.166296$ & $-0.0110883$ & $-0.449499$ & $0.502113$ & $0.372484$ & $0.389076$ & $-0.160871$ & $0.0506082$ & $-0.1141$ & $-0.232503$ & $-0.334915$ & $0.0497641$ & $-0.0151102$ & $0.0406592$ & $0.0198311$ & $-0.0188256$ & $0.075592$ & $-0.00940174$ & $-0.101732$ & $0.0786256$ & $-0.0123077$ & $0.00777136$ & $0.0804091$ & $-0.0119713$ & $-0.0481782$ & $-0.0694056$ & $-0.01921$ & $-0.0328995$ & $-0.00655051$ & $-0.0486291$ & $-0.036448$ & $-0.0167406$ & $0.0795541$ \\
CHL3_11 & $0.0812257$ & $0.00206246$ & $0.0153375$ & $-0.073663$ & $-0.000816274$ & $-0.260594$ & $0.082702$ & $-0.207381$ & $-0.220302$ & $0.407582$ & $-0.259198$ & $-0.344543$ & $-0.378188$ & $0.691174$ & $0.186752$ & $0.166296$ & $1$ & $0.742216$ & $0.728516$ & $0.281819$ & $0.226464$ & $0.216972$ & $-0.0803484$ & $0.671504$ & $0.784546$ & $-0.13993$ & $-0.158635$ & $0.0521369$ & $0.00554443$ & $-0.110848$ & $-0.0561953$ & $0.056913$ & $-0.107951$ & $-0.238072$ & $-0.076873$ & $-0.0297171$ & $-0.0137759$ & $0.0331126$ & $0.0534492$ & $0.0604013$ & $-0.0299057$ & $-0.0471701$ & $0.000211273$ & $-0.0437075$ & $0.0514784$ & $-0.0601898$ & $0.0162463$ & $-0.00414192$ & $0.0131713$ \\
CHL3_22 & $0.056812$ & $0.00204948$ & $0.0151659$ & $-0.0615652$ & $-0.0442507$ & $-0.0625351$ & $0.135494$ & $-0.428151$ & $-0.428237$ & $0.465226$ & $0.0453569$ & $-0.353837$ & $-0.429262$ & $0.625818$ & $-0.423441$ & $-0.0110883$ & $0.742216$ & $1$ & $0.674345$ & $-0.0431684$ & $-0.0450777$ & $-0.0436105$ & $-0.0282019$ & $0.646322$ & $0.806718$ & $0.0374852$ & $-0.0211364$ & $-0.0186461$ & $-0.005512$ & $-0.152236$ & $-0.0772603$ & $0.106787$ & $-0.161685$ & $0.00910961$ & $-0.0427725$ & $-0.0494279$ & $0.00830264$ & $0.0160708$ & $0.0338739$ & $0.0852711$ & $-0.01685$ & $-0.0822468$ & $0.0234087$ & $-0.0194622$ & $0.0317662$ & $-0.0637662$ & $0.0562146$ & $0.046771$ & $-0.0113037$ \\
CHL3_33 & $0.0573372$ & $-0.0489728$ & $0.043587$ & $-0.0910644$ & $-0.040845$ & $-0.033104$ & $0.0931269$ & $-0.449665$ & $-0.458725$ & $0.485276$ & $0.0721504$ & $-0.321063$ & $-0.402368$ & $0.617583$ & $-0.00557495$ & $-0.449499$ & $0.728516$ & $0.674345$ & $1$ & $-0.0707275$ & $-0.0704659$ & $-0.0735239$ & $-0.0115689$ & $0.644074$ & $0.801523$ & $0.0533498$ & $-0.0303018$ & $-0.0027584$ & $0.0108664$ & $-0.133685$ & $-0.07932$ & $0.065191$ & $-0.157554$ & $-0.38553$ & $0.00399486$ & $-0.0593821$ & $0.00459448$ & $0.0346685$ & $0.00569416$ & $0.0646857$ & $0.0148762$ & $-0.0032378$ & $-0.0030608$ & $-0.0225146$ & $0.0467067$ & $-0.0120014$ & $0.0243977$ & $0.0228797$ & $-0.0266567$ \\
CHe_11 & $0.0691624$ & $0.0670057$ & $0.0154992$ & $0.0723124$ & $0.0145085$ & $-0.228272$ & $-0.0643625$ & $0.84659$ & $0.825298$ & $-0.341703$ & $-0.990996$ & $-0.0405753$ & $0.179836$ & $0.512317$ & $0.488704$ & $0.502113$ & $0.281819$ & $-0.0431684$ & $-0.0707275$ & $1$ & $0.975403$ & $0.95535$ & $-0.0146532$ & $-0.264327$ & $-0.00436622$ & $-0.580002$ & $0.216479$ & $0.294209$ & $0.0012765$ & $0.088079$ & $0.0401641$ & $-0.056036$ & $0.148834$ & $0.318143$ & $-0.0308044$ & $0.0104749$ & $-0.0747257$ & $0.0141436$ & $0.0261587$ & $0.0276034$ & $-0.0810923$ & $0.00344607$ & $-0.0468335$ & $-0.0342816$ & $0.0114791$ & $-0.0234663$ & $-0.0729421$ & $-0.0288728$ & $0.0889073$ \\
CHe_22 & $0.0866331$ & $0.0566917$ & $0.024386$ & $0.0795854$ & $0.00307409$ & $-0.242277$ & $-0.0646641$ & $0.892226$ & $0.871241$ & $-0.371974$ & $-0.992086$ & $-0.0411264$ & $0.204634$ & $0.454598$ & $0.354312$ & $0.372484$ & $0.226464$ & $-0.0450777$ & $-0.0704659$ & $0.975403$ & $1$ & $0.975953$ & $0.0397372$ & $-0.368366$ & $-0.0278607$ & $-0.593559$ & $0.360258$ & $0.313286$ & $0.00299699$ & $0.0900323$ & $0.0444082$ & $-0.0573198$ & $0.147852$ & $0.46777$ & $-0.0175057$ & $-0.00346503$ & $-0.0771924$ & $0.00470377$ & $0.0111304$ & $0.0298427$ & $-0.0862133$ & $0.0114795$ & $-0.0417459$ & $-0.0312509$ & $0.0186908$ & $-0.017237$ & $-0.0652503$ & $-0.03004$ & $0.0742781$ \\
CHe_33 & $0.0808136$ & $0.0615678$ & $0.0195726$ & $0.0685142$ & $0.0134636$ & $-0.241575$ & $-0.0706839$ & $0.87719$ & $0.858032$ & $-0.364298$ & $-0.970665$ & $-0.0270606$ & $0.211833$ & $0.430079$ & $0.336323$ & $0.389076$ & $0.216972$ & $-0.0436105$ & $-0.0735239$ & $0.95535$ & $0.975953$ & $1$ & $0.0409754$ & $-0.369959$ & $-0.0304106$ & $-0.582195$ & $0.359459$ & $0.30396$ & $-0.00349125$ & $0.0940694$ & $0.0468122$ & $-0.0641019$ & $0.147822$ & $0.473573$ & $-0.0270229$ & $-0.00889513$ & $-0.0624747$ & $-0.00676046$ & $0.0315255$ & $0.0245741$ & $-0.0844112$ & $0.00584316$ & $-0.0419734$ & $-0.0310192$ & $0.0294703$ & $-0.0246714$ & $-0.0471967$ & $-0.020095$ & $0.0857298$ \\
CHQ1_11 & $0.0315667$ & $-0.047332$ & $0.0303877$ & $-0.0272079$ & $0.00191261$ & $-0.0507087$ & $-0.00438501$ & $0.0795465$ & $0.0764294$ & $-0.0590109$ & $-0.0118986$ & $0.0134803$ & $0.0821192$ & $-0.112382$ & $-0.160633$ & $-0.160871$ & $-0.0803484$ & $-0.0282019$ & $-0.0115689$ & $-0.0146532$ & $0.0397372$ & $0.0409754$ & $1$ & $-0.162024$ & $0.0156266$ & $-0.65787$ & $0.312456$ & $0.0837687$ & $-0.0232659$ & $0.0263692$ & $0.00793458$ & $0.00105578$ & $0.015349$ & $0.205111$ & $0.0343173$ & $-0.118664$ & $-0.0780878$ & $-0.0108099$ & $-0.0164665$ & $-0.0148428$ & $0.00761134$ & $0.063331$ & $0.0356209$ & $-0.0241231$ & $0.0290756$ & $0.0653059$ & $-0.00722135$ & $0.0244769$ & $0.0350944$ \\
CHQ1_33 & $-0.0398146$ & $-0.0134356$ & $-0.00711435$ & $-0.0928127$ & $-0.00992871$ & $0.0309117$ & $0.103935$ & $-0.688866$ & $-0.687366$ & $0.557812$ & $0.315056$ & $-0.258713$ & $-0.446294$ & $0.487167$ & $0.082585$ & $0.0506082$ & $0.671504$ & $0.646322$ & $0.644074$ & $-0.264327$ & $-0.368366$ & $-0.369959$ & $-0.162024$ & $1$ & $0.677729$ & $0.225805$ & $-0.420494$ & $-0.0609311$ & $-0.00523717$ & $-0.141143$ & $-0.083174$ & $0.0767969$ & $-0.169974$ & $-0.630377$ & $-0.0632298$ & $0.0043916$ & $0.0400472$ & $0.0378284$ & $0.0461042$ & $0.034066$ & $0.0327525$ & $-0.0599669$ & $0.0154948$ & $-0.0209485$ & $-0.00165511$ & $-0.0259168$ & $0.0158032$ & $0.014003$ & $-0.00724645$ \\
CHQ3_11 & $-0.0070074$ & $-0.0289138$ & $0.0281411$ & $-0.0774086$ & $-0.0497331$ & $-0.0766756$ & $0.0999513$ & $-0.417904$ & $-0.42142$ & $0.480214$ & $0.0166428$ & $-0.327074$ & $-0.405194$ & $0.633692$ & $-0.104017$ & $-0.1141$ & $0.784546$ & $0.806718$ & $0.801523$ & $-0.00436622$ & $-0.0278607$ & $-0.0304106$ & $0.0156266$ & $0.677729$ & $1$ & $0.0510816$ & $0.162378$ & $0.000468544$ & $0.000101611$ & $-0.112231$ & $-0.0737777$ & $0.07548$ & $-0.127286$ & $-0.247608$ & $-0.0564447$ & $-0.0749073$ & $-0.00471143$ & $0.0195163$ & $0.036263$ & $0.0800459$ & $0.025787$ & $-0.0353894$ & $0.0458593$ & $-0.0371084$ & $0.0265904$ & $-0.0181179$ & $0.0425936$ & $0.0483986$ & $0.041953$ \\
CHu_11 & $-0.0650962$ & $-0.0255982$ & $-0.0125949$ & $-0.0147488$ & $-0.0152637$ & $0.185333$ & $0.0300241$ & $-0.534668$ & $-0.519377$ & $0.227161$ & $0.590963$ & $0.0184405$ & $-0.151347$ & $-0.252583$ & $-0.219141$ & $-0.232503$ & $-0.13993$ & $0.0374852$ & $0.0533498$ & $-0.580002$ & $-0.593559$ & $-0.582195$ & $-0.65787$ & $0.225805$ & $0.0510816$ & $1$ & $-0.146365$ & $-0.225153$ & $-0.00244633$ & $-0.0754897$ & $-0.0512816$ & $0.0209015$ & $-0.105094$ & $-0.282747$ & $0.00933089$ & $0.089139$ & $0.0731494$ & $0.00421125$ & $-0.0337144$ & $0.00246277$ & $0.0368336$ & $-0.0482772$ & $0.0139839$ & $0.0132816$ & $-0.0163551$ & $-0.00109103$ & $0.0340282$ & $-0.00116249$ & $-0.0713489$ \\
CHd_11 & $0.0751825$ & $-0.0380456$ & $0.0435648$ & $0.0780095$ & $-0.0654446$ & $-0.117119$ & $-0.0381486$ & $0.42133$ & $0.418647$ & $-0.242358$ & $-0.286233$ & $0.0259776$ & $0.191416$ & $-0.116219$ & $-0.380483$ & $-0.334915$ & $-0.158635$ & $-0.0211364$ & $-0.0303018$ & $0.216479$ & $0.360258$ & $0.359459$ & $0.312456$ & $-0.420494$ & $0.162378$ & $-0.146365$ & $1$ & $0.139584$ & $-0.00666554$ & $0.0749339$ & $0.0289312$ & $-0.0270114$ & $0.0905425$ & $0.667488$ & $0.0154257$ & $-0.0891221$ & $-0.0803761$ & $-0.0327922$ & $-0.0353362$ & $0.0464365$ & $-0.0353088$ & $0.0299007$ & $0.0389577$ & $-0.0374395$ & $0.0199186$ & $0.0422075$ & $-0.0138848$ & $0.0134022$ & $0.0535849$ \\
CHd_33 & $-0.0256198$ & $-0.0207552$ & $0.037704$ & $0.0150835$ & $-0.0276292$ & $-0.0969906$ & $-0.0627204$ & $0.286552$ & $0.276199$ & $-0.155389$ & $-0.306148$ & $-0.0357935$ & $0.0616841$ & $0.133981$ & $0.0835891$ & $0.0497641$ & $0.0521369$ & $-0.0186461$ & $-0.0027584$ & $0.294209$ & $0.313286$ & $0.30396$ & $0.0837687$ & $-0.0609311$ & $0.000468544$ & $-0.225153$ & $0.139584$ & $1$ & $-0.00713769$ & $0.0220311$ & $0.0223841$ & $-0.0676289$ & $0.0217055$ & $0.170512$ & $0.0437031$ & $-0.0148889$ & $0.0414719$ & $0.0398718$ & $-0.0586685$ & $-0.0116351$ & $-0.0343$ & $0.0221787$ & $0.0312429$ & $-0.0402595$ & $-0.059148$ & $0.0574779$ & $0.0337209$ & $-0.0415751$ & $-7.24827e-05$ \\
CeH_22r & $0.0419406$ & $-0.0325644$ & $0.00734126$ & $0.04767$ & $0.0269184$ & $0.0186476$ & $-0.0160069$ & $0.000278198$ & $0.00142301$ & $-0.00397242$ & $-0.000932639$ & $0.0418133$ & $0.0402995$ & $-0.0051722$ & $0.0120577$ & $-0.0151102$ & $0.00554443$ & $-0.005512$ & $0.0108664$ & $0.0012765$ & $0.00299699$ & $-0.00349125$ & $-0.0232659$ & $-0.00523717$ & $0.000101611$ & $-0.00244633$ & $-0.00666554$ & $-0.00713769$ & $1$ & $0.024525$ & $0.0670932$ & $-0.0274039$ & $0.0410661$ & $-0.00797806$ & $-0.0784703$ & $0.0258044$ & $-0.0110622$ & $-0.0528399$ & $-0.0306692$ & $-0.0178186$ & $-0.0331069$ & $-0.0468705$ & $0.0078463$ & $-0.0321079$ & $0.0180133$ & $-0.053946$ & $0.017387$ & $-0.0620784$ & $-0.0112447$ \\
CeH_33r & $-0.0224672$ & $-0.025372$ & $0.00738426$ & $0.0648802$ & $-0.00450435$ & $-0.0252797$ & $-0.150218$ & $0.147715$ & $0.163297$ & $-0.15359$ & $-0.0899226$ & $0.32934$ & $0.293347$ & $-0.0795983$ & $0.0645743$ & $0.0406592$ & $-0.110848$ & $-0.152236$ & $-0.133685$ & $0.088079$ & $0.0900323$ & $0.0940694$ & $0.0263692$ & $-0.141143$ & $-0.112231$ & $-0.0754897$ & $0.0749339$ & $0.0220311$ & $0.024525$ & $1$ & $0.293179$ & $-0.00166538$ & $0.701163$ & $0.0662251$ & $-0.0584667$ & $-0.054369$ & $-0.109846$ & $-0.0540629$ & $0.0157921$ & $-0.0186815$ & $-0.0148734$ & $0.00335885$ & $0.022791$ & $-0.0588431$ & $0.0102922$ & $0.0350521$ & $-0.0366401$ & $0.00133618$ & $0.0496744$ \\
CuH_22r & $-0.0453016$ & $-0.00610101$ & $0.0227295$ & $-0.0388302$ & $0.00349626$ & $-0.00884176$ & $-0.101174$ & $0.0779772$ & $0.0897741$ & $-0.104441$ & $-0.0397772$ & $0.0691$ & $0.0888128$ & $-0.0719275$ & $0.0127033$ & $0.0198311$ & $-0.0561953$ & $-0.0772603$ & $-0.07932$ & $0.0401641$ & $0.0444082$ & $0.0468122$ & $0.00793458$ & $-0.083174$ & $-0.0737777$ & $-0.0512816$ & $0.0289312$ & $0.0223841$ & $0.0670932$ & $0.293179$ & $1$ & $-0.0330047$ & $0.361448$ & $0.061989$ & $-0.105738$ & $-0.0513882$ & $-0.0538441$ & $-0.0331659$ & $0.033404$ & $0.00632651$ & $-0.037437$ & $-0.0325589$ & $0.111437$ & $0.0206311$ & $0.00212725$ & $0.0117981$ & $0.246524$ & $0.0420256$ & $0.0540275$ \\
CuH_33r & $0.0148951$ & $0.0597491$ & $0.10816$ & $0.169079$ & $-0.0193313$ & $0.0383292$ & $0.940464$ & $-0.0901906$ & $-0.0498568$ & $0.0907213$ & $0.0583108$ & $-0.145435$ & $-0.238346$ & $0.0458574$ & $-0.0670881$ & $-0.0188256$ & $0.056913$ & $0.106787$ & $0.065191$ & $-0.056036$ & $-0.0573198$ & $-0.0641019$ & $0.00105578$ & $0.0767969$ & $0.07548$ & $0.0209015$ & $-0.0270114$ & $-0.0676289$ & $-0.0274039$ & $-0.00166538$ & $-0.0330047$ & $1$ & $0.0425165$ & $-0.0161906$ & $-0.0535728$ & $0.0883574$ & $-0.130498$ & $0.00998672$ & $-0.0853323$ & $-0.0230977$ & $-0.0461516$ & $-0.0873532$ & $0.0139525$ & $0.00989846$ & $-0.0192886$ & $0.0129731$ & $-0.0803278$ & $0.00106421$ & $0.100135$ \\
CdH_33r & $-0.0530511$ & $0.0685874$ & $-0.00442555$ & $0.0604523$ & $0.0267407$ & $-0.0614876$ & $-0.141996$ & $0.204266$ & $0.223879$ & $-0.194523$ & $-0.147503$ & $0.381972$ & $0.345364$ & $-0.0643165$ & $0.0838663$ & $0.075592$ & $-0.107951$ & $-0.161685$ & $-0.157554$ & $0.148834$ & $0.147852$ & $0.147822$ & $0.015349$ & $-0.169974$ & $-0.127286$ & $-0.105094$ & $0.0905425$ & $0.0217055$ & $0.0410661$ & $0.701163$ & $0.361448$ & $0.0425165$ & $1$ & $0.103563$ & $-0.0663677$ & $-0.133391$ & $-0.258735$ & $-0.063383$ & $0.0735319$ & $0.0303864$ & $0.0552161$ & $0.01397$ & $0.0378715$ & $-0.0305089$ & $-0.0160146$ & $0.00896776$ & $-0.0603288$ & $0.221999$ & $0.377736$ \\
CLL_1221 & $0.0800748$ & $0.0309001$ & $0.0171031$ & $0.095511$ & $-0.0358232$ & $-0.188604$ & $-0.0277594$ & $0.588735$ & $0.587451$ & $-0.377843$ & $-0.390631$ & $0.0617789$ & $0.261105$ & $-0.226995$ & $-0.561119$ & $-0.00940174$ & $-0.238072$ & $0.00910961$ & $-0.38553$ & $0.318143$ & $0.46777$ & $0.473573$ & $0.205111$ & $-0.630377$ & $-0.247608$ & $-0.282747$ & $0.667488$ & $0.170512$ & $-0.00797806$ & $0.0662251$ & $0.061989$ & $-0.0161906$ & $0.103563$ & $1$ & $0.0193279$ & $-0.0345099$ & $-0.0354879$ & $-0.0370581$ & $-0.0239377$ & $0.0240761$ & $-0.0682248$ & $-0.00528264$ & $0.0133068$ & $0.00333976$ & $0.0116569$ & $-0.0185925$ & $0.0127582$ & $0.012165$ & $0.0100869$ \\
eHggint & $-0.00771071$ & $0.0458608$ & $0.12147$ & $-0.0721498$ & $-0.0833603$ & $0.0351059$ & $-0.106705$ & $0.00551052$ & $-0.031923$ & $0.00826873$ & $0.0281417$ & $0.0762631$ & $0.0242813$ & $-0.0318742$ & $-0.0359755$ & $-0.101732$ & $-0.076873$ & $-0.0427725$ & $0.00399486$ & $-0.0308044$ & $-0.0175057$ & $-0.0270229$ & $0.0343173$ & $-0.0632298$ & $-0.0564447$ & $0.00933089$ & $0.0154257$ & $0.0437031$ & $-0.0784703$ & $-0.0584667$ & $-0.105738$ & $-0.0535728$ & $-0.0663677$ & $0.0193279$ & $1$ & $0.0663847$ & $0.0690803$ & $-0.0228258$ & $-0.0466573$ & $0.0236803$ & $0.335797$ & $-0.013939$ & $-0.340731$ & $0.19687$ & $-0.0498373$ & $0.0985397$ & $-0.07818$ & $0.10088$ & $-0.202313$ \\
eHggpar & $-0.0352649$ & $0.291868$ & $0.1632$ & $0.190837$ & $0.0160612$ & $0.0447499$ & $0.0851378$ & $0.00343353$ & $-0.0106681$ & $0.011265$ & $0.00364418$ & $0.0826724$ & $0.0622034$ & $-0.0150028$ & $0.0549271$ & $0.0786256$ & $-0.0297171$ & $-0.0494279$ & $-0.0593821$ & $0.0104749$ & $-0.00346503$ & $-0.00889513$ & $-0.118664$ & $0.0043916$ & $-0.0749073$ & $0.089139$ & $-0.0891221$ & $-0.0148889$ & $0.0258044$ & $-0.054369$ & $-0.0513882$ & $0.0883574$ & $-0.133391$ & $-0.0345099$ & $0.0663847$ & $1$ & $0.222862$ & $0.0500899$ & $-0.149034$ & $-0.0411794$ & $-0.190375$ & $-0.0552855$ & $-0.153477$ & $0.0124127$ & $0.00427039$ & $0.0685939$ & $-0.200843$ & $-0.129258$ & $-0.231914$ \\
eHWWint & $-0.32289$ & $-0.146443$ & $-0.0971133$ & $-0.231575$ & $-0.109998$ & $0.029944$ & $-0.1029$ & $-0.0661857$ & $-0.0945955$ & $0.0461672$ & $0.0747104$ & $0.0791469$ & $0.0797671$ & $-0.0302644$ & $-0.0322214$ & $-0.0123077$ & $-0.0137759$ & $0.00830264$ & $0.00459448$ & $-0.0747257$ & $-0.0771924$ & $-0.0624747$ & $-0.0780878$ & $0.0400472$ & $-0.00471143$ & $0.0731494$ & $-0.0803761$ & $0.0414719$ & $-0.0110622$ & $-0.109846$ & $-0.0538441$ & $-0.130498$ & $-0.258735$ & $-0.0354879$ & $0.0690803$ & $0.222862$ & $1$ & $0.0253905$ & $0.113832$ & $-0.0653292$ & $0.126779$ & $0.0728855$ & $-0.279612$ & $0.251107$ & $-0.0492957$ & $-0.138097$ & $0.166733$ & $-0.182016$ & $-0.338152$ \\
eHWWpar & $-0.0475101$ & $0.0142042$ & $0.0340344$ & $-0.0858564$ & $0.0577934$ & $-0.0267454$ & $0.0223997$ & $-0.0131027$ & $-0.0183086$ & $0.0270155$ & $-0.00619816$ & $-0.00645491$ & $-0.00759457$ & $0.0269958$ & $0.0260925$ & $0.00777136$ & $0.0331126$ & $0.0160708$ & $0.0346685$ & $0.0141436$ & $0.00470377$ & $-0.00676046$ & $-0.0108099$ & $0.0378284$ & $0.0195163$ & $0.00421125$ & $-0.0327922$ & $0.0398718$ & $-0.0528399$ & $-0.0540629$ & $-0.0331659$ & $0.00998672$ & $-0.063383$ & $-0.0370581$ & $-0.0228258$ & $0.0500899$ & $0.0253905$ & $1$ & $-0.0240209$ & $0.0795469$ & $-0.0878213$ & $-0.052615$ & $0.0700311$ & $-0.0644743$ & $-0.0453727$ & $0.0671355$ & $0.0773704$ & $0.0181657$ & $-0.0355109$ \\
eHZZint & $0.0127486$ & $0.198684$ & $-0.412967$ & $-0.115823$ & $0.0554779$ & $-0.0630337$ & $-0.0866228$ & $-0.012868$ & $-0.0191918$ & $0.0545752$ & $-0.0198277$ & $0.0473218$ & $0.0388611$ & $0.0427674$ & $0.0343279$ & $0.0804091$ & $0.0534492$ & $0.0338739$ & $0.00569416$ & $0.0261587$ & $0.0111304$ & $0.0315255$ & $-0.0164665$ & $0.0461042$ & $0.036263$ & $-0.0337144$ & $-0.0353362$ & $-0.0586685$ & $-0.0306692$ & $0.0157921$ & $0.033404$ & $-0.0853323$ & $0.0735319$ & $-0.0239377$ & $-0.0466573$ & $-0.149034$ & $0.113832$ & $-0.0240209$ & $1$ & $-0.0463871$ & $0.187229$ & $-0.0633475$ & $0.00343309$ & $0.0574301$ & $0.238669$ & $-0.31993$ & $0.15248$ & $0.160472$ & $0.25909$ \\
eHZZpar & $0.0988002$ & $0.0382284$ & $0.0448907$ & $0.139622$ & $-0.025638$ & $-0.00521815$ & $-0.0302295$ & $-0.00666834$ & $-0.00614354$ & $0.0259803$ & $-0.0266176$ & $-0.0540391$ & $-0.0616369$ & $0.0603979$ & $-0.0387791$ & $-0.0119713$ & $0.0604013$ & $0.0852711$ & $0.0646857$ & $0.0276034$ & $0.0298427$ & $0.0245741$ & $-0.0148428$ & $0.034066$ & $0.0800459$ & $0.00246277$ & $0.0464365$ & $-0.0116351$ & $-0.0178186$ & $-0.0186815$ & $0.00632651$ & $-0.0230977$ & $0.0303864$ & $0.0240761$ & $0.0236803$ & $-0.0411794$ & $-0.0653292$ & $0.0795469$ & $-0.0463871$ & $1$ & $-0.0438083$ & $-0.0583221$ & $0.013157$ & $-0.0138942$ & $-0.0274705$ & $-0.0636357$ & $0.034927$ & $-0.00417651$ & $0.046599$ \\
eHZgaint & $-0.379352$ & $-0.146127$ & $-0.166416$ & $-0.143878$ & $-0.0717951$ & $0.0333741$ & $-0.0632605$ & $-0.0703429$ & $-0.0816978$ & $0.0450942$ & $0.0821706$ & $0.0389415$ & $-0.0266995$ & $-0.028517$ & $-0.00140416$ & $-0.0481782$ & $-0.0299057$ & $-0.01685$ & $0.0148762$ & $-0.0810923$ & $-0.0862133$ & $-0.0844112$ & $0.00761134$ & $0.0327525$ & $0.025787$ & $0.0368336$ & $-0.0353088$ & $-0.0343$ & $-0.0331069$ & $-0.0148734$ & $-0.037437$ & $-0.0461516$ & $0.0552161$ & $-0.0682248$ & $0.335797$ & $-0.190375$ & $0.126779$ & $-0.0878213$ & $0.187229$ & $-0.0438083$ & $1$ & $0.0778203$ & $-0.21904$ & $0.360404$ & $-0.0175136$ & $-0.222479$ & $0.0686122$ & $0.272769$ & $0.17295$ \\
eHZgapar & $-0.135169$ & $0.00300152$ & $0.0114992$ & $0.034789$ & $0.0605003$ & $0.0395687$ & $-0.0777209$ & $0.0352989$ & $0.032045$ & $-0.0508861$ & $-0.00645599$ & $0.0177146$ & $0.0624654$ & $-0.0375005$ & $0.0397084$ & $-0.0694056$ & $-0.0471701$ & $-0.0822468$ & $-0.0032378$ & $0.00344607$ & $0.0114795$ & $0.00584316$ & $0.063331$ & $-0.0599669$ & $-0.0353894$ & $-0.0482772$ & $0.0299007$ & $0.0221787$ & $-0.0468705$ & $0.00335885$ & $-0.0325589$ & $-0.0873532$ & $0.01397$ & $-0.00528264$ & $-0.013939$ & $-0.0552855$ & $0.0728855$ & $-0.052615$ & $-0.0633475$ & $-0.0583221$ & $0.0778203$ & $1$ & $0.00834676$ & $0.129219$ & $-0.0336567$ & $-0.00110299$ & $0.00224355$ & $0.0867635$ & $0.00450636$ \\
eHgagaint & $-0.166195$ & $0.000369792$ & $-0.0975873$ & $0.0597667$ & $0.0586502$ & $0.0205891$ & $0.0373138$ & $-0.0370472$ & $0.0107402$ & $0.0101502$ & $0.0414174$ & $-0.0579124$ & $-0.0674487$ & $-0.0222843$ & $-0.045365$ & $-0.01921$ & $0.000211273$ & $0.0234087$ & $-0.0030608$ & $-0.0468335$ & $-0.0417459$ & $-0.0419734$ & $0.0356209$ & $0.0154948$ & $0.0458593$ & $0.0139839$ & $0.0389577$ & $0.0312429$ & $0.0078463$ & $0.022791$ & $0.111437$ & $0.0139525$ & $0.0378715$ & $0.0133068$ & $-0.340731$ & $-0.153477$ & $-0.279612$ & $0.0700311$ & $0.00343309$ & $0.013157$ & $-0.21904$ & $0.00834676$ & $1$ & $-0.187269$ & $-0.0775187$ & $0.0812683$ & $0.361152$ & $0.127288$ & $0.0747181$ \\
eHmumuint & $-0.2382$ & $-0.0871805$ & $-0.235284$ & $-0.0491562$ & $-0.0429093$ & $-0.01625$ & $0.00780687$ & $-0.0096989$ & $-0.0126485$ & $-0.0499898$ & $0.0294348$ & $-0.0340208$ & $-0.0128924$ & $-0.0239497$ & $-0.0236026$ & $-0.0328995$ & $-0.0437075$ & $-0.0194622$ & $-0.0225146$ & $-0.0342816$ & $-0.0312509$ & $-0.0310192$ & $-0.0241231$ & $-0.0209485$ & $-0.0371084$ & $0.0132816$ & $-0.0374395$ & $-0.0402595$ & $-0.0321079$ & $-0.0588431$ & $0.0206311$ & $0.00989846$ & $-0.0305089$ & $0.00333976$ & $0.19687$ & $0.0124127$ & $0.251107$ & $-0.0644743$ & $0.0574301$ & $-0.0138942$ & $0.360404$ & $0.129219$ & $-0.187269$ & $1$ & $-0.0202351$ & $-0.301195$ & $0.17062$ & $0.201983$ & $0.0297383$ \\
eHtautauint & $0.185885$ & $-0.0981332$ & $0.068054$ & $0.224567$ & $0.0555401$ & $-0.0113693$ & $-0.0117426$ & $-5.30376e-05$ & $0.00532747$ & $0.0675418$ & $-0.0144757$ & $0.0323169$ & $0.0167475$ & $0.0116888$ & $-0.00698092$ & $-0.00655051$ & $0.0514784$ & $0.0317662$ & $0.0467067$ & $0.0114791$ & $0.0186908$ & $0.0294703$ & $0.0290756$ & $-0.00165511$ & $0.0265904$ & $-0.0163551$ & $0.0199186$ & $-0.059148$ & $0.0180133$ & $0.0102922$ & $0.00212725$ & $-0.0192886$ & $-0.0160146$ & $0.0116569$ & $-0.0498373$ & $0.00427039$ & $-0.0492957$ & $-0.0453727$ & $0.238669$ & $-0.0274705$ & $-0.0175136$ & $-0.0336567$ & $-0.0775187$ & $-0.0202351$ & $1$ & $-0.251259$ & $-0.0497509$ & $0.0234057$ & $0.0298647$ \\
eHccint & $-0.115952$ & $-0.0350748$ & $0.267871$ & $-0.101755$ & $0.0389977$ & $0.0630239$ & $0.0187985$ & $0.00618405$ & $0.0103896$ & $0.0201322$ & $0.0229731$ & $0.0770704$ & $0.032717$ & $-0.0410183$ & $0.0109511$ & $-0.0486291$ & $-0.0601898$ & $-0.0637662$ & $-0.0120014$ & $-0.0234663$ & $-0.017237$ & $-0.0246714$ & $0.0653059$ & $-0.0259168$ & $-0.0181179$ & $-0.00109103$ & $0.0422075$ & $0.0574779$ & $-0.053946$ & $0.0350521$ & $0.0117981$ & $0.0129731$ & $0.00896776$ & $-0.0185925$ & $0.0985397$ & $0.0685939$ & $-0.138097$ & $0.0671355$ & $-0.31993$ & $-0.0636357$ & $-0.222479$ & $-0.00110299$ & $0.0812683$ & $-0.301195$ & $-0.251259$ & $1$ & $-0.137273$ & $-0.20996$ & $-0.0355835$ \\
eHccpar & $-0.152886$ & $-0.0683683$ & $-0.0871017$ & $-0.146572$ & $-0.0277453$ & $-0.00740342$ & $-0.0660185$ & $-0.0675185$ & $-0.0585743$ & $0.0507579$ & $0.0658138$ & $-0.0172479$ & $-0.0444744$ & $-0.019821$ & $-0.0759153$ & $-0.036448$ & $0.0162463$ & $0.0562146$ & $0.0243977$ & $-0.0729421$ & $-0.0652503$ & $-0.0471967$ & $-0.00722135$ & $0.0158032$ & $0.0425936$ & $0.0340282$ & $-0.0138848$ & $0.0337209$ & $0.017387$ & $-0.0366401$ & $0.246524$ & $-0.0803278$ & $-0.0603288$ & $0.0127582$ & $-0.07818$ & $-0.200843$ & $0.166733$ & $0.0773704$ & $0.15248$ & $0.034927$ & $0.0686122$ & $0.00224355$ & $0.361152$ & $0.17062$ & $-0.0497509$ & $-0.137273$ & $1$ & $0.104889$ & $-0.0314476$ \\
eHbbint & $-0.265437$ & $0.141776$ & $-0.132608$ & $-0.0986938$ & $0.0279751$ & $-0.0209563$ & $-0.00355699$ & $-0.038786$ & $-0.0302695$ & $0.0213894$ & $0.0329364$ & $0.0129126$ & $0.00145339$ & $0.0130509$ & $-0.0581931$ & $-0.0167406$ & $-0.00414192$ & $0.046771$ & $0.0228797$ & $-0.0288728$ & $-0.03004$ & $-0.020095$ & $0.0244769$ & $0.014003$ & $0.0483986$ & $-0.00116249$ & $0.0134022$ & $-0.0415751$ & $-0.0620784$ & $0.00133618$ & $0.0420256$ & $0.00106421$ & $0.221999$ & $0.012165$ & $0.10088$ & $-0.129258$ & $-0.182016$ & $0.0181657$ & $0.160472$ & $-0.00417651$ & $0.272769$ & $0.0867635$ & $0.127288$ & $0.201983$ & $0.0234057$ & $-0.20996$ & $0.104889$ & $1$ & $0.407786$ \\
eHbbpar & $-0.138671$ & $0.15591$ & $0.0638993$ & $0.0504191$ & $0.0608897$ & $-0.0730179$ & $0.100633$ & $0.0656916$ & $0.0853156$ & $-0.0135519$ & $-0.079494$ & $0.00818415$ & $0.00889814$ & $0.0440397$ & $0.0590626$ & $0.0795541$ & $0.0131713$ & $-0.0113037$ & $-0.0266567$ & $0.0889073$ & $0.0742781$ & $0.0857298$ & $0.0350944$ & $-0.00724645$ & $0.041953$ & $-0.0713489$ & $0.0535849$ & $-7.24827e-05$ & $-0.0112447$ & $0.0496744$ & $0.0540275$ & $0.100135$ & $0.377736$ & $0.0100869$ & $-0.202313$ & $-0.231914$ & $-0.338152$ & $-0.0355109$ & $0.25909$ & $0.046599$ & $0.17295$ & $0.00450636$ & $0.0747181$ & $0.0297383$ & $0.0298647$ & $-0.0355835$ & $-0.0314476$ & $0.407786$ & $1$ \\
