 & AlsMz & dAle5Mz & mtop & mHl & Mz & CW & CHG & CHWB & CHWHB_gaga & CHWHB_gagaorth & CHD & CH & CHL1_11 & CHL1_22 & CHL1_33 & CHL3_11 & CHL3_22 & CHL3_33 & CHe_11 & CHe_22 & CHe_33 & CHQ1_11 & CHQ1_33 & CHQ3_11 & CHu_11 & CHd_11 & CHd_33 & CeH_22r & CeH_33r & CuH_22r & CuH_33r & CdH_33r & CLL_1221 & eHggint & eHggpar & eHWWint & eHWWpar & eHZZint & eHZZpar & eHZgaint & eHZgapar & eHgagaint & eHmumuint & eHtautauint & eHccint & eHccpar & eHbbint & eHbbpar \\
AlsMz & $1$ & $-0.19114$ & $-0.12241$ & $-0.167468$ & $-0.0254783$ & $0.0122907$ & $0.00818603$ & $-0.011271$ & $-0.00893439$ & $0.0508278$ & $0.0164146$ & $-0.0676505$ & $-0.0269073$ & $-0.0133541$ & $-0.00572729$ & $-0.0108465$ & $-0.00901932$ & $-0.0139865$ & $-0.0210017$ & $-0.0224341$ & $-0.0218641$ & $0.00128005$ & $-0.0273183$ & $-0.0612846$ & $-0.00407909$ & $-0.0292$ & $0.0134804$ & $-0.0213673$ & $-0.0350357$ & $-0.0110043$ & $0.0177512$ & $-0.0382272$ & $-0.00255506$ & $0.163045$ & $0.194349$ & $0.0333682$ & $0.0699679$ & $0.236052$ & $-0.0142296$ & $-0.472777$ & $0.0709622$ & $0.22297$ & $0.0971346$ & $0.18855$ & $-0.126904$ & $0.0933392$ & $0.180986$ & $-0.0565913$ \\
dAle5Mz & $-0.19114$ & $1$ & $0.137453$ & $-0.332405$ & $0.000992726$ & $-0.0110446$ & $-0.0221494$ & $-0.0307939$ & $-0.0263257$ & $-0.00414645$ & $0.016628$ & $0.0178295$ & $-0.000233757$ & $-0.0104154$ & $-0.0100696$ & $0.0198901$ & $0.0186446$ & $0.017033$ & $-0.00574689$ & $-0.00535778$ & $-0.0072562$ & $0.000206872$ & $0.0147331$ & $0.0251614$ & $0.00658148$ & $-0.00164801$ & $0.00694605$ & $0.0145635$ & $0.0294489$ & $0.0457611$ & $-0.044811$ & $0.00445632$ & $0.0144387$ & $-0.407209$ & $-0.396887$ & $-0.113545$ & $0.0852707$ & $-0.274749$ & $-0.0128208$ & $-0.0207565$ & $-0.049288$ & $-0.054047$ & $-0.265685$ & $-0.0534267$ & $-0.270858$ & $0.229375$ & $0.258034$ & $-0.224666$ \\
mtop & $-0.12241$ & $0.137453$ & $1$ & $0.24743$ & $-0.0140953$ & $-0.00051262$ & $0.0345789$ & $0.0304134$ & $0.0352462$ & $-0.00583746$ & $-0.0163625$ & $-0.00205373$ & $-0.00860333$ & $0.00345224$ & $-0.00318783$ & $-0.0166658$ & $-0.02369$ & $-0.0195703$ & $0.0178602$ & $0.0230615$ & $0.0199565$ & $0.0230586$ & $-0.0278014$ & $-0.00547785$ & $-0.0117412$ & $0.0475321$ & $0.0089363$ & $-0.000661928$ & $-0.011847$ & $-0.0115987$ & $0.0379156$ & $-0.111361$ & $0.0322207$ & $0.0424029$ & $0.13604$ & $0.114375$ & $-0.0328939$ & $-0.225908$ & $0.0160577$ & $-0.135715$ & $0.0851255$ & $0.255822$ & $0.19214$ & $-0.174727$ & $-0.379725$ & $-0.0277271$ & $-0.0546384$ & $-0.406104$ \\
mHl & $-0.167468$ & $-0.332405$ & $0.24743$ & $1$ & $0.0116168$ & $0.00494684$ & $-0.022594$ & $0.0145035$ & $0.010781$ & $-0.0188872$ & $-0.0142864$ & $0.030934$ & $0.0196137$ & $-0.0112669$ & $-0.0092994$ & $0.00429238$ & $0.0150054$ & $0.0139277$ & $0.00967931$ & $0.0139224$ & $0.0122589$ & $0.0118561$ & $0.00238613$ & $0.0300505$ & $-0.00146748$ & $0.0408296$ & $-0.00156081$ & $-0.00404571$ & $-0.0193532$ & $0.0314825$ & $-0.0118756$ & $-0.0965772$ & $0.0116108$ & $0.200668$ & $0.335146$ & $0.292883$ & $-0.0478408$ & $-0.0295649$ & $-0.0157152$ & $0.0392786$ & $0.00662543$ & $0.0988006$ & $0.192697$ & $-0.0965947$ & $0.114155$ & $0.256192$ & $-0.349546$ & $-0.167523$ \\
Mz & $-0.0254783$ & $0.000992726$ & $-0.0140953$ & $0.0116168$ & $1$ & $-0.00706048$ & $-0.0183544$ & $0.0156144$ & $0.0155693$ & $-0.0214278$ & $-0.0185967$ & $0.0309939$ & $0.0283199$ & $0.0154185$ & $0.0118026$ & $0.0168118$ & $0.0105826$ & $0.0141778$ & $0.0243348$ & $0.0253062$ & $0.0246466$ & $-0.00455556$ & $0.00749232$ & $0.00969158$ & $-0.0196898$ & $-0.00113519$ & $0.012493$ & $0.00816574$ & $0.0026402$ & $0.0149767$ & $-0.0215389$ & $0.0101398$ & $-0.00132749$ & $0.00845395$ & $-0.0332694$ & $-0.0111379$ & $-0.000692461$ & $0.00876073$ & $0.0018234$ & $0.0211427$ & $-0.0274368$ & $0.00259423$ & $-0.00327051$ & $-0.0205544$ & $0.0141597$ & $-0.0150018$ & $0.00514279$ & $0.0227521$ \\
CW & $0.0122907$ & $-0.0110446$ & $-0.00051262$ & $0.00494684$ & $-0.00706048$ & $1$ & $0.0512738$ & $-0.0492086$ & $-0.0469263$ & $0.0255283$ & $0.159252$ & $-0.112331$ & $-0.0410193$ & $-0.0879745$ & $-0.0812655$ & $-0.370649$ & $-0.169739$ & $-0.172354$ & $-0.156365$ & $-0.162236$ & $-0.160002$ & $-0.0106953$ & $-0.118363$ & $-0.209617$ & $0.120499$ & $-0.0624624$ & $-0.0705679$ & $-0.00175903$ & $-0.0403744$ & $-0.0296272$ & $0.0545436$ & $-0.0498041$ & $-0.101376$ & $-0.00258387$ & $0.0103216$ & $0.0101642$ & $-0.00202303$ & $0.0148826$ & $0.0165066$ & $-0.0268842$ & $0.00820318$ & $0.0268653$ & $-0.0078743$ & $0.0112655$ & $-0.00395095$ & $-0.00587757$ & $-0.00304032$ & $-0.00596972$ \\
CHG & $0.00818603$ & $-0.0221494$ & $0.0345789$ & $-0.022594$ & $-0.0183544$ & $0.0512738$ & $1$ & $-0.126547$ & $-0.0806087$ & $0.274044$ & $0.188343$ & $-0.376469$ & $-0.17898$ & $-0.086894$ & $-0.0820391$ & $-0.13176$ & $-0.0916057$ & $-0.0942986$ & $-0.18378$ & $-0.188948$ & $-0.185873$ & $0.0163774$ & $-0.0235322$ & $-0.0948218$ & $0.123902$ & $-0.0493753$ & $-0.0897653$ & $-0.00277572$ & $-0.118759$ & $-0.0990791$ & $0.937472$ & $-0.164907$ & $-0.0518998$ & $0.0262376$ & $0.0920464$ & $0.0694784$ & $0.00508651$ & $-0.06347$ & $-0.00647968$ & $-0.101039$ & $0.0680479$ & $0.076791$ & $0.0207999$ & $-0.0172672$ & $-0.0337638$ & $0.0254788$ & $0.01203$ & $-0.0502448$ \\
CHWB & $-0.011271$ & $-0.0307939$ & $0.0304134$ & $0.0145035$ & $0.0156144$ & $-0.0492086$ & $-0.126547$ & $1$ & $0.990453$ & $-0.572566$ & $-0.87368$ & $0.339816$ & $0.286831$ & $0.471083$ & $0.469685$ & $-0.197018$ & $-0.384669$ & $-0.383611$ & $0.858332$ & $0.886703$ & $0.878729$ & $0.0369523$ & $-0.617081$ & $-0.351063$ & $-0.612913$ & $0.400358$ & $0.397531$ & $0.0250566$ & $0.131457$ & $0.0648729$ & $-0.112032$ & $0.163839$ & $0.523975$ & $0.0585099$ & $-0.0213759$ & $-0.00373633$ & $-0.00166389$ & $0.0116195$ & $0.00239163$ & $0.0329395$ & $-0.0275438$ & $-0.0349034$ & $0.00577318$ & $-0.0356281$ & $0.00586399$ & $0.0172877$ & $-0.0146621$ & $0.0317504$ \\
CHWHB_gaga & $-0.00893439$ & $-0.0263257$ & $0.0352462$ & $0.010781$ & $0.0155693$ & $-0.0469263$ & $-0.0806087$ & $0.990453$ & $1$ & $-0.565797$ & $-0.863755$ & $0.323227$ & $0.281317$ & $0.466553$ & $0.464479$ & $-0.198723$ & $-0.384214$ & $-0.382837$ & $0.848758$ & $0.876693$ & $0.86867$ & $0.036473$ & $-0.613327$ & $-0.350153$ & $-0.605247$ & $0.397398$ & $0.393652$ & $0.0290923$ & $0.146344$ & $0.0706076$ & $-0.0750838$ & $0.177349$ & $0.518662$ & $0.0449789$ & $-0.0248035$ & $-0.0115184$ & $-0.00313539$ & $0.0159231$ & $0.00226584$ & $0.0287503$ & $-0.0251163$ & $-0.0064268$ & $0.00227003$ & $-0.0313636$ & $0.00101206$ & $0.00824574$ & $-0.0076503$ & $0.0185485$ \\
CHWHB_gagaorth & $0.0508278$ & $-0.00414645$ & $-0.00583746$ & $-0.0188872$ & $-0.0214278$ & $0.0255283$ & $0.274044$ & $-0.572566$ & $-0.565797$ & $1$ & $0.502026$ & $-0.735829$ & $-0.169952$ & $-0.261882$ & $-0.262258$ & $0.108134$ & $0.211757$ & $0.212258$ & $-0.492413$ & $-0.510712$ & $-0.506729$ & $-0.0278785$ & $0.34949$ & $0.192131$ & $0.351804$ & $-0.240152$ & $-0.225858$ & $-0.0416831$ & $-0.313372$ & $-0.169638$ & $0.255294$ & $-0.385775$ & $-0.308279$ & $-0.00670864$ & $0.0637322$ & $0.02165$ & $-0.00869973$ & $-0.00791236$ & $-0.0079478$ & $-0.099106$ & $0.0329176$ & $0.0596243$ & $0.019351$ & $0.0259712$ & $-0.049789$ & $-0.0335293$ & $0.00535139$ & $-0.0361047$ \\
CHD & $0.0164146$ & $0.016628$ & $-0.0163625$ & $-0.0142864$ & $-0.0185967$ & $0.159252$ & $0.188343$ & $-0.87368$ & $-0.863755$ & $0.502026$ & $1$ & $-0.47244$ & $-0.678191$ & $-0.580244$ & $-0.573055$ & $-0.277141$ & $-0.0437283$ & $-0.0451786$ & $-0.995229$ & $-0.995323$ & $-0.98403$ & $0.0207266$ & $0.199863$ & $-0.0883871$ & $0.693132$ & $-0.276735$ & $-0.445739$ & $-0.0339713$ & $-0.180242$ & $-0.0948124$ & $0.179893$ & $-0.229292$ & $-0.320237$ & $-0.0411277$ & $0.0288904$ & $0.0107994$ & $0.00452693$ & $-0.00332235$ & $-0.000169465$ & $-0.0444111$ & $0.0333908$ & $0.0338977$ & $-0.00665127$ & $0.0285071$ & $-0.00966731$ & $-0.0134745$ & $0.00648049$ & $-0.0307323$ \\
CH & $-0.0676505$ & $0.0178295$ & $-0.00205373$ & $0.030934$ & $0.0309939$ & $-0.112331$ & $-0.376469$ & $0.339816$ & $0.323227$ & $-0.735829$ & $-0.47244$ & $1$ & $0.424056$ & $0.200708$ & $0.196$ & $0.29032$ & $0.199461$ & $0.200247$ & $0.459126$ & $0.476152$ & $0.470256$ & $0.0087022$ & $0.0261499$ & $0.214853$ & $-0.330794$ & $0.172665$ & $0.202556$ & $0.0414425$ & $0.178782$ & $0.141206$ & $-0.38825$ & $0.218414$ & $0.164932$ & $-0.0265325$ & $-0.0851112$ & $-0.0433818$ & $-0.0029914$ & $0.00784106$ & $0.00506552$ & $0.123934$ & $-0.0393076$ & $-0.0601116$ & $-0.0311104$ & $-0.00876752$ & $0.0618022$ & $0.0183863$ & $-0.00991091$ & $0.0378724$ \\
CHL1_11 & $-0.0269073$ & $-0.000233757$ & $-0.00860333$ & $0.0196137$ & $0.0283199$ & $-0.0410193$ & $-0.17898$ & $0.286831$ & $0.281317$ & $-0.169952$ & $-0.678191$ & $0.424056$ & $1$ & $0.409773$ & $0.397705$ & $0.650781$ & $0.601742$ & $0.602764$ & $0.68753$ & $0.652411$ & $0.641094$ & $-0.0905641$ & $0.442451$ & $0.609926$ & $-0.461279$ & $-0.0330295$ & $0.29301$ & $0.0345539$ & $0.160425$ & $0.0869528$ & $-0.183075$ & $0.206929$ & $-0.158367$ & $-0.00321384$ & $-0.0208057$ & $-0.0106981$ & $-0.0127869$ & $-0.00764927$ & $-0.00159728$ & $0.0368006$ & $-0.0273121$ & $-0.012944$ & $0.00564838$ & $-0.000849725$ & $0.0163877$ & $-0.00232178$ & $0.000503376$ & $0.0107348$ \\
CHL1_22 & $-0.0133541$ & $-0.0104154$ & $0.00345224$ & $-0.0112669$ & $0.0154185$ & $-0.0879745$ & $-0.086894$ & $0.471083$ & $0.466553$ & $-0.261882$ & $-0.580244$ & $0.200708$ & $0.409773$ & $1$ & $0.536946$ & $0.179732$ & $-0.303844$ & $0.00520267$ & $0.621016$ & $0.526106$ & $0.517884$ & $-0.178556$ & $0.0357178$ & $-0.0604415$ & $-0.367585$ & $-0.289999$ & $0.233864$ & $0.0196907$ & $0.0808566$ & $0.0436225$ & $-0.0826998$ & $0.114247$ & $-0.46535$ & $0.0280476$ & $-0.0186661$ & $-0.00498126$ & $-0.00413853$ & $-0.00783379$ & $0.00254454$ & $0.0230558$ & $-0.0225804$ & $-0.017401$ & $0.0048724$ & $-0.0263855$ & $0.00684751$ & $-0.00144312$ & $0.0164524$ & $0.0303605$ \\
CHL1_33 & $-0.00572729$ & $-0.0100696$ & $-0.00318783$ & $-0.0092994$ & $0.0118026$ & $-0.0812655$ & $-0.0820391$ & $0.469685$ & $0.464479$ & $-0.262258$ & $-0.573055$ & $0.196$ & $0.397705$ & $0.536946$ & $1$ & $0.169412$ & $-0.00159602$ & $-0.301844$ & $0.61332$ & $0.520815$ & $0.529458$ & $-0.172754$ & $0.0261845$ & $-0.0627871$ & $-0.364077$ & $-0.277192$ & $0.23751$ & $0.0107111$ & $0.0825994$ & $0.046044$ & $-0.0750288$ & $0.115311$ & $-0.0103758$ & $0.0170248$ & $-0.00602973$ & $0.00275564$ & $-0.00977259$ & $-0.00513124$ & $0.00791635$ & $0.0201895$ & $-0.0125804$ & $-0.0141517$ & $0.0136855$ & $-0.0249426$ & $0.00156533$ & $0.000228879$ & $0.0114787$ & $0.0281725$ \\
CHL3_11 & $-0.0108465$ & $0.0198901$ & $-0.0166658$ & $0.00429238$ & $0.0168118$ & $-0.370649$ & $-0.13176$ & $-0.197018$ & $-0.198723$ & $0.108134$ & $-0.277141$ & $0.29032$ & $0.650781$ & $0.179732$ & $0.169412$ & $1$ & $0.82096$ & $0.822241$ & $0.287039$ & $0.255555$ & $0.249381$ & $-0.0750618$ & $0.749675$ & $0.859035$ & $-0.185579$ & $-0.127817$ & $0.110949$ & $0.0153414$ & $0.10343$ & $0.0649906$ & $-0.142004$ & $0.137393$ & $-0.238563$ & $-0.0231658$ & $-0.0150672$ & $-0.0155092$ & $-0.00270937$ & $-0.0131404$ & $-0.0051414$ & $0.0331129$ & $-0.0115868$ & $-0.000659305$ & $0.00543298$ & $0.00491006$ & $0.00778373$ & $-0.00682443$ & $0.0111784$ & $0.00197778$ \\
CHL3_22 & $-0.00901932$ & $0.0186446$ & $-0.02369$ & $0.0150054$ & $0.0105826$ & $-0.169739$ & $-0.0916057$ & $-0.384669$ & $-0.384214$ & $0.211757$ & $-0.0437283$ & $0.199461$ & $0.601742$ & $-0.303844$ & $-0.00159602$ & $0.82096$ & $1$ & $0.789222$ & $0.0418552$ & $0.0406988$ & $0.0388792$ & $-0.0121349$ & $0.737693$ & $0.870288$ & $-0.0366517$ & $-0.0350955$ & $0.0188526$ & $0.0100475$ & $0.0703633$ & $0.0439588$ & $-0.103804$ & $0.089357$ & $-0.0539282$ & $-0.0388264$ & $-0.00264604$ & $-0.00965919$ & $-0.00556239$ & $-0.00896744$ & $-0.00490136$ & $0.0163384$ & $-0.00248385$ & $0.00758414$ & $0.00399624$ & $0.0225824$ & $0.00709935$ & $-0.00844324$ & $-0.000121619$ & $-0.0134285$ \\
CHL3_33 & $-0.0139865$ & $0.017033$ & $-0.0195703$ & $0.0139277$ & $0.0141778$ & $-0.172354$ & $-0.0942986$ & $-0.383611$ & $-0.382837$ & $0.212258$ & $-0.0451786$ & $0.200247$ & $0.602764$ & $0.00520267$ & $-0.301844$ & $0.822241$ & $0.789222$ & $1$ & $0.0433689$ & $0.0419259$ & $0.0403599$ & $-0.0136114$ & $0.738875$ & $0.868993$ & $-0.0368151$ & $-0.0375189$ & $0.0152873$ & $0.0146071$ & $0.0667456$ & $0.0409627$ & $-0.10835$ & $0.0863691$ & $-0.359765$ & $-0.030673$ & $-0.010991$ & $-0.0149391$ & $-0.00248918$ & $-0.00941543$ & $-0.00759631$ & $0.0182847$ & $-0.0110529$ & $0.00668687$ & $-0.00252161$ & $0.021323$ & $0.0102085$ & $-0.0115251$ & $0.00120708$ & $-0.0134231$ \\
CHe_11 & $-0.0210017$ & $-0.00574689$ & $0.0178602$ & $0.00967931$ & $0.0243348$ & $-0.156365$ & $-0.18378$ & $0.858332$ & $0.848758$ & $-0.492413$ & $-0.995229$ & $0.459126$ & $0.68753$ & $0.621016$ & $0.61332$ & $0.287039$ & $0.0418552$ & $0.0433689$ & $1$ & $0.985758$ & $0.974636$ & $-0.0398792$ & $-0.168596$ & $0.0916547$ & $-0.686371$ & $0.224543$ & $0.442376$ & $0.03339$ & $0.176416$ & $0.0931746$ & $-0.175894$ & $0.225092$ & $0.265363$ & $0.0357314$ & $-0.0321261$ & $-0.0111855$ & $-0.00400265$ & $-0.0020961$ & $0.000559972$ & $0.0432537$ & $-0.0335252$ & $-0.0342347$ & $0.00456997$ & $-0.0299854$ & $0.00617474$ & $0.0143035$ & $-0.00235885$ & $0.0285307$ \\
CHe_22 & $-0.0224341$ & $-0.00535778$ & $0.0230615$ & $0.0139224$ & $0.0253062$ & $-0.162236$ & $-0.188948$ & $0.886703$ & $0.876693$ & $-0.510712$ & $-0.995323$ & $0.476152$ & $0.652411$ & $0.526106$ & $0.520815$ & $0.255555$ & $0.0406988$ & $0.0419259$ & $0.985758$ & $1$ & $0.986855$ & $0.00161031$ & $-0.239872$ & $0.0788744$ & $-0.694799$ & $0.336501$ & $0.447297$ & $0.0344116$ & $0.18103$ & $0.0956658$ & $-0.180496$ & $0.228532$ & $0.384951$ & $0.037759$ & $-0.0344531$ & $-0.0124645$ & $-0.00355058$ & $0.000270486$ & $-0.000415316$ & $0.0464089$ & $-0.0342407$ & $-0.0349486$ & $0.00342767$ & $-0.0308474$ & $0.00650905$ & $0.0166914$ & $-0.00625699$ & $0.0260336$ \\
CHe_33 & $-0.0218641$ & $-0.0072562$ & $0.0199565$ & $0.0122589$ & $0.0246466$ & $-0.160002$ & $-0.185873$ & $0.878729$ & $0.86867$ & $-0.506729$ & $-0.98403$ & $0.470256$ & $0.641094$ & $0.517884$ & $0.529458$ & $0.249381$ & $0.0388792$ & $0.0403599$ & $0.974636$ & $0.986855$ & $1$ & $0.00206526$ & $-0.240605$ & $0.0762414$ & $-0.686546$ & $0.336357$ & $0.441634$ & $0.0324459$ & $0.17817$ & $0.0927728$ & $-0.177032$ & $0.225798$ & $0.386682$ & $0.0393441$ & $-0.0334268$ & $-0.0115003$ & $-0.00245892$ & $0.00200561$ & $0.000291786$ & $0.0445969$ & $-0.0349932$ & $-0.036323$ & $0.00219779$ & $-0.0286712$ & $0.00734075$ & $0.0143085$ & $-0.00928863$ & $0.0286201$ \\
CHQ1_11 & $0.00128005$ & $0.000206872$ & $0.0230586$ & $0.0118561$ & $-0.00455556$ & $-0.0106953$ & $0.0163774$ & $0.0369523$ & $0.036473$ & $-0.0278785$ & $0.0207266$ & $0.0087022$ & $-0.0905641$ & $-0.178556$ & $-0.172754$ & $-0.0750618$ & $-0.0121349$ & $-0.0136114$ & $-0.0398792$ & $0.00161031$ & $0.00206526$ & $1$ & $-0.129149$ & $0.0463649$ & $-0.567484$ & $0.357934$ & $0.000204762$ & $0.000541735$ & $-0.00488852$ & $0.00094438$ & $0.0157056$ & $-0.0137949$ & $0.206229$ & $0.0187979$ & $-0.006352$ & $-0.00630157$ & $0.00683449$ & $0.0111975$ & $-0.00451055$ & $-0.00927719$ & $-0.0061475$ & $0.00218469$ & $0.00169695$ & $-0.0100261$ & $-0.0286911$ & $-0.00065096$ & $-0.023522$ & $-0.0166794$ \\
CHQ1_33 & $-0.0273183$ & $0.0147331$ & $-0.0278014$ & $0.00238613$ & $0.00749232$ & $-0.118363$ & $-0.0235322$ & $-0.617081$ & $-0.613327$ & $0.34949$ & $0.199863$ & $0.0261499$ & $0.442451$ & $0.0357178$ & $0.0261845$ & $0.749675$ & $0.737693$ & $0.738875$ & $-0.168596$ & $-0.239872$ & $-0.240605$ & $-0.129149$ & $1$ & $0.749898$ & $0.157835$ & $-0.390789$ & $-0.0307038$ & $0.000719277$ & $0.00548588$ & $0.0114512$ & $-0.0381172$ & $0.0188498$ & $-0.603637$ & $-0.0418009$ & $0.00226626$ & $-0.00390517$ & $-0.00870744$ & $-0.0216372$ & $-0.00156887$ & $0.0117561$ & $0.00477313$ & $0.013388$ & $0.00580793$ & $0.0162119$ & $0.00755472$ & $-0.026636$ & $0.00695667$ & $-0.00648514$ \\
CHQ3_11 & $-0.0612846$ & $0.0251614$ & $-0.00547785$ & $0.0300505$ & $0.00969158$ & $-0.209617$ & $-0.0948218$ & $-0.351063$ & $-0.350153$ & $0.192131$ & $-0.0883871$ & $0.214853$ & $0.609926$ & $-0.0604415$ & $-0.0627871$ & $0.859035$ & $0.870288$ & $0.868993$ & $0.0916547$ & $0.0788744$ & $0.0762414$ & $0.0463649$ & $0.749898$ & $1$ & $-0.0617116$ & $0.134972$ & $0.0353247$ & $0.0151521$ & $0.0716844$ & $0.0457199$ & $-0.109201$ & $0.0918891$ & $-0.236937$ & $-0.0324639$ & $-0.0189945$ & $-0.0103338$ & $-0.00384564$ & $-0.016543$ & $-0.00840086$ & $0.0396245$ & $-0.0135608$ & $-0.00382418$ & $0.000760515$ & $0.0087416$ & $0.00624673$ & $-0.0124966$ & $-0.018961$ & $-0.0128139$ \\
CHu_11 & $-0.00407909$ & $0.00658148$ & $-0.0117412$ & $-0.00146748$ & $-0.0196898$ & $0.120499$ & $0.123902$ & $-0.612913$ & $-0.605247$ & $0.351804$ & $0.693132$ & $-0.330794$ & $-0.461279$ & $-0.367585$ & $-0.364077$ & $-0.185579$ & $-0.0366517$ & $-0.0368151$ & $-0.686371$ & $-0.694799$ & $-0.686546$ & $-0.567484$ & $0.157835$ & $-0.0617116$ & $1$ & $-0.206987$ & $-0.306316$ & $-0.0222819$ & $-0.120267$ & $-0.0657715$ & $0.119295$ & $-0.150945$ & $-0.262907$ & $-0.0369169$ & $0.0210201$ & $0.0151668$ & $-0.0028312$ & $-0.00769633$ & $0.0022982$ & $-0.0201467$ & $0.0286272$ & $0.0254931$ & $-0.00730786$ & $0.0260902$ & $0.00992268$ & $-0.00772044$ & $0.00663223$ & $-0.0150582$ \\
CHd_11 & $-0.0292$ & $-0.00164801$ & $0.0475321$ & $0.0408296$ & $-0.00113519$ & $-0.0624624$ & $-0.0493753$ & $0.400358$ & $0.397398$ & $-0.240152$ & $-0.276735$ & $0.172665$ & $-0.0330295$ & $-0.289999$ & $-0.277192$ & $-0.127817$ & $-0.0350955$ & $-0.0375189$ & $0.224543$ & $0.336501$ & $0.336357$ & $0.357934$ & $-0.390789$ & $0.134972$ & $-0.206987$ & $1$ & $0.1415$ & $0.0122807$ & $0.0527928$ & $0.0271622$ & $-0.0462705$ & $0.054021$ & $0.674628$ & $0.0333533$ & $-0.0230334$ & $-9.99767e-07$ & $0.00917216$ & $0.0143741$ & $-0.00781559$ & $0.0184057$ & $-0.0165302$ & $-0.0179966$ & $-0.00179368$ & $-0.0131702$ & $-0.01587$ & $0.0158677$ & $-0.0506625$ & $-0.0112765$ \\
CHd_33 & $0.0134804$ & $0.00694605$ & $0.0089363$ & $-0.00156081$ & $0.012493$ & $-0.0705679$ & $-0.0897653$ & $0.397531$ & $0.393652$ & $-0.225858$ & $-0.445739$ & $0.202556$ & $0.29301$ & $0.233864$ & $0.23751$ & $0.110949$ & $0.0188526$ & $0.0152873$ & $0.442376$ & $0.447297$ & $0.441634$ & $0.000204762$ & $-0.0307038$ & $0.0353247$ & $-0.306316$ & $0.1415$ & $1$ & $0.0113876$ & $0.0860261$ & $0.0458976$ & $-0.0863653$ & $0.107951$ & $0.173106$ & $0.0118064$ & $-0.0221714$ & $-0.0237794$ & $0.0125833$ & $-0.00320492$ & $-0.0097271$ & $0.0038208$ & $-0.00583276$ & $-0.0125242$ & $-0.00519792$ & $-0.0114562$ & $-0.00201863$ & $0.018716$ & $0.00450955$ & $0.011549$ \\
CeH_22r & $-0.0213673$ & $0.0145635$ & $-0.000661928$ & $-0.00404571$ & $0.00816574$ & $-0.00175903$ & $-0.00277572$ & $0.0250566$ & $0.0290923$ & $-0.0416831$ & $-0.0339713$ & $0.0414425$ & $0.0345539$ & $0.0196907$ & $0.0107111$ & $0.0153414$ & $0.0100475$ & $0.0146071$ & $0.03339$ & $0.0344116$ & $0.0324459$ & $0.000541735$ & $0.000719277$ & $0.0151521$ & $-0.0222819$ & $0.0122807$ & $0.0113876$ & $1$ & $0.0260278$ & $0.0133035$ & $-0.0245309$ & $0.0356234$ & $0.0044008$ & $-0.0224435$ & $-0.0197716$ & $-0.0166226$ & $-0.0109095$ & $0.0014688$ & $4.92294e-05$ & $0.0268263$ & $-0.00760661$ & $0.0105696$ & $-0.00124622$ & $0.00788049$ & $0.00813752$ & $-0.0178249$ & $-0.000505827$ & $0.00115416$ \\
CeH_33r & $-0.0350357$ & $0.0294489$ & $-0.011847$ & $-0.0193532$ & $0.0026402$ & $-0.0403744$ & $-0.118759$ & $0.131457$ & $0.146344$ & $-0.313372$ & $-0.180242$ & $0.178782$ & $0.160425$ & $0.0808566$ & $0.0825994$ & $0.10343$ & $0.0703633$ & $0.0667456$ & $0.176416$ & $0.18103$ & $0.17817$ & $-0.00488852$ & $0.00548588$ & $0.0716844$ & $-0.120267$ & $0.0527928$ & $0.0860261$ & $0.0260278$ & $1$ & $0.322508$ & $0.0105956$ & $0.684387$ & $0.0594146$ & $-0.0845813$ & $-0.0630701$ & $-0.0809175$ & $-0.0194229$ & $0.00993612$ & $-0.00625422$ & $0.0374406$ & $-0.0140084$ & $0.0130428$ & $-0.0507208$ & $0.0535916$ & $0.0218229$ & $-0.00693721$ & $0.0103774$ & $0.00468778$ \\
CuH_22r & $-0.0110043$ & $0.0457611$ & $-0.0115987$ & $0.0314825$ & $0.0149767$ & $-0.0296272$ & $-0.0990791$ & $0.0648729$ & $0.0706076$ & $-0.169638$ & $-0.0948124$ & $0.141206$ & $0.0869528$ & $0.0436225$ & $0.046044$ & $0.0649906$ & $0.0439588$ & $0.0409627$ & $0.0931746$ & $0.0956658$ & $0.0927728$ & $0.00094438$ & $0.0114512$ & $0.0457199$ & $-0.0657715$ & $0.0271622$ & $0.0458976$ & $0.0133035$ & $0.322508$ & $1$ & $-0.0127633$ & $0.421156$ & $0.0295765$ & $-0.0150256$ & $-0.0332047$ & $-0.000592234$ & $0.00363236$ & $-0.0426113$ & $-0.00426007$ & $0.0475125$ & $-0.0117698$ & $-0.0610763$ & $-0.0233151$ & $0.00051715$ & $0.0594629$ & $0.161314$ & $0.0701985$ & $0.046441$ \\
CuH_33r & $0.0177512$ & $-0.044811$ & $0.0379156$ & $-0.0118756$ & $-0.0215389$ & $0.0545436$ & $0.937472$ & $-0.112032$ & $-0.0750838$ & $0.255294$ & $0.179893$ & $-0.38825$ & $-0.183075$ & $-0.0826998$ & $-0.0750288$ & $-0.142004$ & $-0.103804$ & $-0.10835$ & $-0.175894$ & $-0.180496$ & $-0.177032$ & $0.0157056$ & $-0.0381172$ & $-0.109201$ & $0.119295$ & $-0.0462705$ & $-0.0863653$ & $-0.0245309$ & $0.0105956$ & $-0.0127633$ & $1$ & $0.00866388$ & $-0.0422144$ & $0.0546202$ & $0.119081$ & $0.0802218$ & $0.00134118$ & $-0.061831$ & $-0.00692899$ & $-0.111958$ & $0.0763541$ & $0.078715$ & $0.0409444$ & $-0.0242075$ & $-0.038584$ & $0.0333584$ & $0.00189071$ & $-0.0482326$ \\
CdH_33r & $-0.0382272$ & $0.00445632$ & $-0.111361$ & $-0.0965772$ & $0.0101398$ & $-0.0498041$ & $-0.164907$ & $0.163839$ & $0.177349$ & $-0.385775$ & $-0.229292$ & $0.218414$ & $0.206929$ & $0.114247$ & $0.115311$ & $0.137393$ & $0.089357$ & $0.0863691$ & $0.225092$ & $0.228532$ & $0.225798$ & $-0.0137949$ & $0.0188498$ & $0.0918891$ & $-0.150945$ & $0.054021$ & $0.107951$ & $0.0356234$ & $0.684387$ & $0.421156$ & $0.00866388$ & $1$ & $0.0614744$ & $-0.0527037$ & $-0.121883$ & $-0.138714$ & $-0.0263291$ & $-0.0449564$ & $0.00964055$ & $0.10662$ & $-0.0144205$ & $-0.0947911$ & $-0.0695958$ & $0.00975938$ & $0.112316$ & $0.0665135$ & $0.143414$ & $0.252051$ \\
CLL_1221 & $-0.00255506$ & $0.0144387$ & $0.0322207$ & $0.0116108$ & $-0.00132749$ & $-0.101376$ & $-0.0518998$ & $0.523975$ & $0.518662$ & $-0.308279$ & $-0.320237$ & $0.164932$ & $-0.158367$ & $-0.46535$ & $-0.0103758$ & $-0.238563$ & $-0.0539282$ & $-0.359765$ & $0.265363$ & $0.384951$ & $0.386682$ & $0.206229$ & $-0.603637$ & $-0.236937$ & $-0.262907$ & $0.674628$ & $0.173106$ & $0.0044008$ & $0.0594146$ & $0.0295765$ & $-0.0422144$ & $0.0614744$ & $1$ & $0.0197415$ & $-0.018406$ & $-0.00499247$ & $0.00797077$ & $0.0096797$ & $-0.00120284$ & $0.0155502$ & $-0.00715698$ & $-0.0213705$ & $-0.00584069$ & $-0.0169431$ & $-0.0108265$ & $0.0267986$ & $-0.0196677$ & $-0.00161897$ \\
eHggint & $0.163045$ & $-0.407209$ & $0.0424029$ & $0.200668$ & $0.00845395$ & $-0.00258387$ & $0.0262376$ & $0.0585099$ & $0.0449789$ & $-0.00670864$ & $-0.0411277$ & $-0.0265325$ & $-0.00321384$ & $0.0280476$ & $0.0170248$ & $-0.0231658$ & $-0.0388264$ & $-0.030673$ & $0.0357314$ & $0.037759$ & $0.0393441$ & $0.0187979$ & $-0.0418009$ & $-0.0324639$ & $-0.0369169$ & $0.0333533$ & $0.0118064$ & $-0.0224435$ & $-0.0845813$ & $-0.0150256$ & $0.0546202$ & $-0.0527037$ & $0.0197415$ & $1$ & $0.176074$ & $0.320825$ & $-0.00341756$ & $0.0818475$ & $-0.0505045$ & $-0.104065$ & $0.0522409$ & $-0.254624$ & $0.312447$ & $-0.503015$ & $-0.0706905$ & $0.0744622$ & $-0.228704$ & $0.135734$ \\
eHggpar & $0.194349$ & $-0.396887$ & $0.13604$ & $0.335146$ & $-0.0332694$ & $0.0103216$ & $0.0920464$ & $-0.0213759$ & $-0.0248035$ & $0.0637322$ & $0.0288904$ & $-0.0851112$ & $-0.0208057$ & $-0.0186661$ & $-0.00602973$ & $-0.0150672$ & $-0.00264604$ & $-0.010991$ & $-0.0321261$ & $-0.0344531$ & $-0.0334268$ & $-0.006352$ & $0.00226626$ & $-0.0189945$ & $0.0210201$ & $-0.0230334$ & $-0.0221714$ & $-0.0197716$ & $-0.0630701$ & $-0.0332047$ & $0.119081$ & $-0.121883$ & $-0.018406$ & $0.176074$ & $1$ & $0.549374$ & $-0.0565875$ & $-0.0463761$ & $0.0282942$ & $-0.176514$ & $0.167768$ & $0.144073$ & $0.637608$ & $0.234019$ & $-0.0420737$ & $0.111546$ & $-0.235391$ & $-0.0499084$ \\
eHWWint & $0.0333682$ & $-0.113545$ & $0.114375$ & $0.292883$ & $-0.0111379$ & $0.0101642$ & $0.0694784$ & $-0.00373633$ & $-0.0115184$ & $0.02165$ & $0.0107994$ & $-0.0433818$ & $-0.0106981$ & $-0.00498126$ & $0.00275564$ & $-0.0155092$ & $-0.00965919$ & $-0.0149391$ & $-0.0111855$ & $-0.0124645$ & $-0.0115003$ & $-0.00630157$ & $-0.00390517$ & $-0.0103338$ & $0.0151668$ & $-9.99767e-07$ & $-0.0237794$ & $-0.0166226$ & $-0.0809175$ & $-0.000592234$ & $0.0802218$ & $-0.138714$ & $-0.00499247$ & $0.320825$ & $0.549374$ & $1$ & $-0.0267113$ & $-0.138338$ & $-0.0163546$ & $-0.0813161$ & $0.0588849$ & $-0.047655$ & $0.320786$ & $-0.0600123$ & $0.00864497$ & $0.248428$ & $-0.225691$ & $-0.0608925$ \\
eHWWpar & $0.0699679$ & $0.0852707$ & $-0.0328939$ & $-0.0478408$ & $-0.000692461$ & $-0.00202303$ & $0.00508651$ & $-0.00166389$ & $-0.00313539$ & $-0.00869973$ & $0.00452693$ & $-0.0029914$ & $-0.0127869$ & $-0.00413853$ & $-0.00977259$ & $-0.00270937$ & $-0.00556239$ & $-0.00248918$ & $-0.00400265$ & $-0.00355058$ & $-0.00245892$ & $0.00683449$ & $-0.00870744$ & $-0.00384564$ & $-0.0028312$ & $0.00917216$ & $0.0125833$ & $-0.0109095$ & $-0.0194229$ & $0.00363236$ & $0.00134118$ & $-0.0263291$ & $0.00797077$ & $-0.00341756$ & $-0.0565875$ & $-0.0267113$ & $1$ & $-0.0173326$ & $-0.0329283$ & $-0.0469505$ & $-0.0449684$ & $-0.0466167$ & $-0.0648388$ & $0.0460605$ & $-0.0238282$ & $0.083046$ & $-0.041381$ & $-0.0293827$ \\
eHZZint & $0.236052$ & $-0.274749$ & $-0.225908$ & $-0.0295649$ & $0.00876073$ & $0.0148826$ & $-0.06347$ & $0.0116195$ & $0.0159231$ & $-0.00791236$ & $-0.00332235$ & $0.00784106$ & $-0.00764927$ & $-0.00783379$ & $-0.00513124$ & $-0.0131404$ & $-0.00896744$ & $-0.00941543$ & $-0.0020961$ & $0.000270486$ & $0.00200561$ & $0.0111975$ & $-0.0216372$ & $-0.016543$ & $-0.00769633$ & $0.0143741$ & $-0.00320492$ & $0.0014688$ & $0.00993612$ & $-0.0426113$ & $-0.061831$ & $-0.0449564$ & $0.0096797$ & $0.0818475$ & $-0.0463761$ & $-0.138338$ & $-0.0173326$ & $1$ & $0.000448245$ & $-0.0293518$ & $-0.0496391$ & $0.305447$ & $-0.225464$ & $0.150151$ & $0.0338455$ & $-0.326224$ & $-0.254798$ & $-0.104233$ \\
eHZZpar & $-0.0142296$ & $-0.0128208$ & $0.0160577$ & $-0.0157152$ & $0.0018234$ & $0.0165066$ & $-0.00647968$ & $0.00239163$ & $0.00226584$ & $-0.0079478$ & $-0.000169465$ & $0.00506552$ & $-0.00159728$ & $0.00254454$ & $0.00791635$ & $-0.0051414$ & $-0.00490136$ & $-0.00759631$ & $0.000559972$ & $-0.000415316$ & $0.000291786$ & $-0.00451055$ & $-0.00156887$ & $-0.00840086$ & $0.0022982$ & $-0.00781559$ & $-0.0097271$ & $4.92294e-05$ & $-0.00625422$ & $-0.00426007$ & $-0.00692899$ & $0.00964055$ & $-0.00120284$ & $-0.0505045$ & $0.0282942$ & $-0.0163546$ & $-0.0329283$ & $0.000448245$ & $1$ & $0.0787207$ & $0.0212617$ & $0.0441965$ & $0.00580108$ & $0.0662891$ & $0.0136459$ & $-0.0265344$ & $0.0843913$ & $0.0344168$ \\
eHZgaint & $-0.472777$ & $-0.0207565$ & $-0.135715$ & $0.0392786$ & $0.0211427$ & $-0.0268842$ & $-0.101039$ & $0.0329395$ & $0.0287503$ & $-0.099106$ & $-0.0444111$ & $0.123934$ & $0.0368006$ & $0.0230558$ & $0.0201895$ & $0.0331129$ & $0.0163384$ & $0.0182847$ & $0.0432537$ & $0.0464089$ & $0.0445969$ & $-0.00927719$ & $0.0117561$ & $0.0396245$ & $-0.0201467$ & $0.0184057$ & $0.0038208$ & $0.0268263$ & $0.0374406$ & $0.0475125$ & $-0.111958$ & $0.10662$ & $0.0155502$ & $-0.104065$ & $-0.176514$ & $-0.0813161$ & $-0.0469505$ & $-0.0293518$ & $0.0787207$ & $1$ & $-0.0560412$ & $-0.176755$ & $-0.0860739$ & $-0.0450592$ & $0.54193$ & $-0.0219329$ & $0.0638983$ & $0.251811$ \\
eHZgapar & $0.0709622$ & $-0.049288$ & $0.0851255$ & $0.00662543$ & $-0.0274368$ & $0.00820318$ & $0.0680479$ & $-0.0275438$ & $-0.0251163$ & $0.0329176$ & $0.0333908$ & $-0.0393076$ & $-0.0273121$ & $-0.0225804$ & $-0.0125804$ & $-0.0115868$ & $-0.00248385$ & $-0.0110529$ & $-0.0335252$ & $-0.0342407$ & $-0.0349932$ & $-0.0061475$ & $0.00477313$ & $-0.0135608$ & $0.0286272$ & $-0.0165302$ & $-0.00583276$ & $-0.00760661$ & $-0.0140084$ & $-0.0117698$ & $0.0763541$ & $-0.0144205$ & $-0.00715698$ & $0.0522409$ & $0.167768$ & $0.0588849$ & $-0.0449684$ & $-0.0496391$ & $0.0212617$ & $-0.0560412$ & $1$ & $0.0678842$ & $0.0426598$ & $0.0587242$ & $-0.0467037$ & $0.0122648$ & $-0.0290128$ & $0.00688838$ \\
eHgagaint & $0.22297$ & $-0.054047$ & $0.255822$ & $0.0988006$ & $0.00259423$ & $0.0268653$ & $0.076791$ & $-0.0349034$ & $-0.0064268$ & $0.0596243$ & $0.0338977$ & $-0.0601116$ & $-0.012944$ & $-0.017401$ & $-0.0141517$ & $-0.000659305$ & $0.00758414$ & $0.00668687$ & $-0.0342347$ & $-0.0349486$ & $-0.036323$ & $0.00218469$ & $0.013388$ & $-0.00382418$ & $0.0254931$ & $-0.0179966$ & $-0.0125242$ & $0.0105696$ & $0.0130428$ & $-0.0610763$ & $0.078715$ & $-0.0947911$ & $-0.0213705$ & $-0.254624$ & $0.144073$ & $-0.047655$ & $-0.0466167$ & $0.305447$ & $0.0441965$ & $-0.176755$ & $0.0678842$ & $1$ & $0.0985183$ & $0.115253$ & $-0.174504$ & $-0.341946$ & $0.0734252$ & $-0.489695$ \\
eHmumuint & $0.0971346$ & $-0.265685$ & $0.19214$ & $0.192697$ & $-0.00327051$ & $-0.0078743$ & $0.0207999$ & $0.00577318$ & $0.00227003$ & $0.019351$ & $-0.00665127$ & $-0.0311104$ & $0.00564838$ & $0.0048724$ & $0.0136855$ & $0.00543298$ & $0.00399624$ & $-0.00252161$ & $0.00456997$ & $0.00342767$ & $0.00219779$ & $0.00169695$ & $0.00580793$ & $0.000760515$ & $-0.00730786$ & $-0.00179368$ & $-0.00519792$ & $-0.00124622$ & $-0.0507208$ & $-0.0233151$ & $0.0409444$ & $-0.0695958$ & $-0.00584069$ & $0.312447$ & $0.637608$ & $0.320786$ & $-0.0648388$ & $-0.225464$ & $0.00580108$ & $-0.0860739$ & $0.0426598$ & $0.0985183$ & $1$ & $-0.0111072$ & $-0.175447$ & $0.0712206$ & $-0.114728$ & $-0.0247088$ \\
eHtautauint & $0.18855$ & $-0.0534267$ & $-0.174727$ & $-0.0965947$ & $-0.0205544$ & $0.0112655$ & $-0.0172672$ & $-0.0356281$ & $-0.0313636$ & $0.0259712$ & $0.0285071$ & $-0.00876752$ & $-0.000849725$ & $-0.0263855$ & $-0.0249426$ & $0.00491006$ & $0.0225824$ & $0.021323$ & $-0.0299854$ & $-0.0308474$ & $-0.0286712$ & $-0.0100261$ & $0.0162119$ & $0.0087416$ & $0.0260902$ & $-0.0131702$ & $-0.0114562$ & $0.00788049$ & $0.0535916$ & $0.00051715$ & $-0.0242075$ & $0.00975938$ & $-0.0169431$ & $-0.503015$ & $0.234019$ & $-0.0600123$ & $0.0460605$ & $0.150151$ & $0.0662891$ & $-0.0450592$ & $0.0587242$ & $0.115253$ & $-0.0111072$ & $1$ & $0.122788$ & $0.00584856$ & $-0.097134$ & $0.0695344$ \\
eHccint & $-0.126904$ & $-0.270858$ & $-0.379725$ & $0.114155$ & $0.0141597$ & $-0.00395095$ & $-0.0337638$ & $0.00586399$ & $0.00101206$ & $-0.049789$ & $-0.00966731$ & $0.0618022$ & $0.0163877$ & $0.00684751$ & $0.00156533$ & $0.00778373$ & $0.00709935$ & $0.0102085$ & $0.00617474$ & $0.00650905$ & $0.00734075$ & $-0.0286911$ & $0.00755472$ & $0.00624673$ & $0.00992268$ & $-0.01587$ & $-0.00201863$ & $0.00813752$ & $0.0218229$ & $0.0594629$ & $-0.038584$ & $0.112316$ & $-0.0108265$ & $-0.0706905$ & $-0.0420737$ & $0.00864497$ & $-0.0238282$ & $0.0338455$ & $0.0136459$ & $0.54193$ & $-0.0467037$ & $-0.174504$ & $-0.175447$ & $0.122788$ & $1$ & $0.102034$ & $0.243668$ & $0.343663$ \\
eHccpar & $0.0933392$ & $0.229375$ & $-0.0277271$ & $0.256192$ & $-0.0150018$ & $-0.00587757$ & $0.0254788$ & $0.0172877$ & $0.00824574$ & $-0.0335293$ & $-0.0134745$ & $0.0183863$ & $-0.00232178$ & $-0.00144312$ & $0.000228879$ & $-0.00682443$ & $-0.00844324$ & $-0.0115251$ & $0.0143035$ & $0.0166914$ & $0.0143085$ & $-0.00065096$ & $-0.026636$ & $-0.0124966$ & $-0.00772044$ & $0.0158677$ & $0.018716$ & $-0.0178249$ & $-0.00693721$ & $0.161314$ & $0.0333584$ & $0.0665135$ & $0.0267986$ & $0.0744622$ & $0.111546$ & $0.248428$ & $0.083046$ & $-0.326224$ & $-0.0265344$ & $-0.0219329$ & $0.0122648$ & $-0.341946$ & $0.0712206$ & $0.00584856$ & $0.102034$ & $1$ & $0.346876$ & $0.205532$ \\
eHbbint & $0.180986$ & $0.258034$ & $-0.0546384$ & $-0.349546$ & $0.00514279$ & $-0.00304032$ & $0.01203$ & $-0.0146621$ & $-0.0076503$ & $0.00535139$ & $0.00648049$ & $-0.00991091$ & $0.000503376$ & $0.0164524$ & $0.0114787$ & $0.0111784$ & $-0.000121619$ & $0.00120708$ & $-0.00235885$ & $-0.00625699$ & $-0.00928863$ & $-0.023522$ & $0.00695667$ & $-0.018961$ & $0.00663223$ & $-0.0506625$ & $0.00450955$ & $-0.000505827$ & $0.0103774$ & $0.0701985$ & $0.00189071$ & $0.143414$ & $-0.0196677$ & $-0.228704$ & $-0.235391$ & $-0.225691$ & $-0.041381$ & $-0.254798$ & $0.0843913$ & $0.0638983$ & $-0.0290128$ & $0.0734252$ & $-0.114728$ & $-0.097134$ & $0.243668$ & $0.346876$ & $1$ & $0.131636$ \\
eHbbpar & $-0.0565913$ & $-0.224666$ & $-0.406104$ & $-0.167523$ & $0.0227521$ & $-0.00596972$ & $-0.0502448$ & $0.0317504$ & $0.0185485$ & $-0.0361047$ & $-0.0307323$ & $0.0378724$ & $0.0107348$ & $0.0303605$ & $0.0281725$ & $0.00197778$ & $-0.0134285$ & $-0.0134231$ & $0.0285307$ & $0.0260336$ & $0.0286201$ & $-0.0166794$ & $-0.00648514$ & $-0.0128139$ & $-0.0150582$ & $-0.0112765$ & $0.011549$ & $0.00115416$ & $0.00468778$ & $0.046441$ & $-0.0482326$ & $0.252051$ & $-0.00161897$ & $0.135734$ & $-0.0499084$ & $-0.0608925$ & $-0.0293827$ & $-0.104233$ & $0.0344168$ & $0.251811$ & $0.00688838$ & $-0.489695$ & $-0.0247088$ & $0.0695344$ & $0.343663$ & $0.205532$ & $0.131636$ & $1$ \\
