 & AlsMz & dAle5Mz & mtop & mHl & Mz & CW & CHG & CHWB & CHWHB_gaga & CHWHB_gagaorth & CHD & CHbox & CH & CHL1_11 & CHL1_22 & CHL1_33 & CHL3_11 & CHL3_22 & CHL3_33 & CHe_11 & CHe_22 & CHe_33 & CHQ1_11 & CHQ1_33 & CHQ3_11 & CHu_11 & CHd_11 & CHd_33 & CeH_22r & CeH_33r & CuH_22r & CuH_33r & CdH_33r & CLL_1221 & eHggint & eHggpar & eHWWint & eHWWpar & eHZZint & eHZZpar & eHZgaint & eHZgapar & eHgagaint & eHmumuint & eHtautauint & eHccint & eHccpar & eHbbint & eHbbpar \\
AlsMz & $1$ & $0.00214975$ & $-0.015212$ & $-0.013111$ & $-0.0150138$ & $0.0227761$ & $0.0183518$ & $-0.0137307$ & $-0.0252818$ & $0.037103$ & $0.00299184$ & $0.0227256$ & $-0.0272731$ & $0.0139879$ & $-0.0889293$ & $-0.0374984$ & $0.0116474$ & $0.0668116$ & $0.0335197$ & $-0.0169563$ & $-0.00112955$ & $0.00418941$ & $0.0372381$ & $-0.0496734$ & $-0.0332554$ & $-0.0462904$ & $0.0420354$ & $0.0191036$ & $-0.0464376$ & $-0.00626105$ & $0.00635583$ & $0.0166871$ & $-0.0686772$ & $0.0593812$ & $0.0976434$ & $-0.104499$ & $-0.00153908$ & $0.00983417$ & $0.142521$ & $-0.0184555$ & $0.0102723$ & $-0.0196839$ & $-0.133283$ & $-0.0995134$ & $0.153628$ & $0.0962953$ & $-0.0572679$ & $0.132176$ & $-0.117704$ \\
dAle5Mz & $0.00214975$ & $1$ & $0.0577463$ & $0.0982911$ & $-0.0108082$ & $-0.023014$ & $0.0230696$ & $-0.0656961$ & $-0.0768271$ & $0.0129946$ & $0.0417495$ & $0.00296154$ & $-0.0227448$ & $-0.014805$ & $-0.0130095$ & $-0.00896261$ & $0.0381554$ & $0.024924$ & $0.0242789$ & $-0.0207817$ & $-0.0184946$ & $-0.0161551$ & $-0.005288$ & $0.00317974$ & $0.0133126$ & $0.016957$ & $-0.0282473$ & $0.00173156$ & $0.0363543$ & $-0.00616837$ & $-0.0263454$ & $0.00578847$ & $0.0103593$ & $0.0188637$ & $-0.100963$ & $0.12567$ & $-0.0850084$ & $0.00566312$ & $0.0806253$ & $0.0351873$ & $-0.1397$ & $0.0507458$ & $-0.203277$ & $0.0309255$ & $0.105036$ & $0.0873561$ & $-0.0969216$ & $-0.24214$ & $0.183007$ \\
mtop & $-0.015212$ & $0.0577463$ & $1$ & $0.0903025$ & $-0.00166384$ & $-3.35644e-06$ & $0.0152804$ & $0.0275688$ & $0.0340155$ & $-0.00351909$ & $-0.0191453$ & $0.00590811$ & $0.00856526$ & $0.00417242$ & $0.043158$ & $-0.000276$ & $-0.011548$ & $-0.0358512$ & $-0.005452$ & $0.0284337$ & $0.0237495$ & $0.0208219$ & $-0.0272586$ & $-0.00296523$ & $-0.0161205$ & $0.00271283$ & $0.00301277$ & $-0.00991389$ & $0.0333885$ & $0.0145071$ & $0.0487678$ & $0.00393334$ & $-0.036694$ & $-0.0129433$ & $-0.0573106$ & $-0.0948904$ & $-0.0109528$ & $0.0454707$ & $0.00635842$ & $0.00569711$ & $-0.0472488$ & $0.0226454$ & $0.0387263$ & $0.027859$ & $0.0101031$ & $0.193167$ & $0.147805$ & $-0.0124829$ & $-0.105188$ \\
mHl & $-0.013111$ & $0.0982911$ & $0.0903025$ & $1$ & $0.0151889$ & $7.74092e-05$ & $0.0466808$ & $-0.0679115$ & $-0.0592622$ & $0.00545413$ & $0.071682$ & $0.011114$ & $0.00378167$ & $-0.0389958$ & $-0.0042793$ & $-0.00433976$ & $-0.0107664$ & $-0.00456987$ & $0.000660981$ & $-0.0617065$ & $-0.0719684$ & $-0.0638608$ & $-0.0223333$ & $0.0205165$ & $-0.0103867$ & $0.0426809$ & $-0.0595298$ & $-0.0290645$ & $0.0308255$ & $0.0466852$ & $0.0285224$ & $0.0336694$ & $0.0525794$ & $-0.0470805$ & $-0.16214$ & $-0.0767475$ & $-0.0106485$ & $-0.0243208$ & $0.070355$ & $-0.00183266$ & $-0.047621$ & $0.0104$ & $0.0211$ & $-0.161161$ & $-0.0115955$ & $0.265692$ & $0.0719102$ & $0.0221094$ & $0.0434208$ \\
Mz & $-0.0150138$ & $-0.0108082$ & $-0.00166384$ & $0.0151889$ & $1$ & $-0.0299251$ & $0.00702893$ & $0.00576054$ & $0.00580236$ & $-0.00827247$ & $0.00272938$ & $-0.00862122$ & $0.0046295$ & $-0.00636262$ & $0.00233454$ & $0.0118474$ & $0.00548016$ & $-0.00162108$ & $-0.0102929$ & $0.00709709$ & $0.00598045$ & $0.00418846$ & $-0.0276601$ & $-0.00492433$ & $-0.0110582$ & $0.00465327$ & $-0.0147568$ & $-0.00576119$ & $-0.0141854$ & $0.00866028$ & $0.00343583$ & $0.009604$ & $0.000692921$ & $0.00467466$ & $0.0031554$ & $-0.00426048$ & $0.00189246$ & $-0.0146911$ & $0.0157543$ & $0.000209999$ & $-0.046988$ & $-0.0111733$ & $-0.0272107$ & $0.0195962$ & $-0.0432817$ & $-0.0146802$ & $0.00800462$ & $-0.00544493$ & $-0.0101643$ \\
CW & $0.0227761$ & $-0.023014$ & $-3.35644e-06$ & $7.74092e-05$ & $-0.0299251$ & $1$ & $-0.0186853$ & $-0.12984$ & $-0.125471$ & $0.0177784$ & $0.178689$ & $0.0507394$ & $0.00502339$ & $0.0375379$ & $-0.0557364$ & $-0.0864112$ & $-0.241499$ & $-0.0505003$ & $-0.0286844$ & $-0.176414$ & $-0.183032$ & $-0.185847$ & $-0.0213681$ & $0.0214542$ & $-0.0853066$ & $0.106242$ & $-0.0965508$ & $-0.0480461$ & $-0.00828854$ & $0.0145507$ & $-0.0127363$ & $-0.0154113$ & $0.0209836$ & $-0.147579$ & $0.0160085$ & $-0.00627976$ & $-0.0261684$ & $0.015149$ & $-0.0150719$ & $-0.00822243$ & $-0.00862257$ & $0.00548969$ & $-0.00674807$ & $-0.0227167$ & $0.0207081$ & $0.0168331$ & $-0.00920763$ & $-0.000978877$ & $0.0082458$ \\
CHG & $0.0183518$ & $0.0230696$ & $0.0152804$ & $0.0466808$ & $0.00702893$ & $-0.0186853$ & $1$ & $-0.106976$ & $-0.0631146$ & $0.0694315$ & $0.0545301$ & $0.115279$ & $-0.325475$ & $0.0636229$ & $-0.0229221$ & $-0.0283852$ & $0.108771$ & $0.110699$ & $0.119388$ & $-0.0530617$ & $-0.0547405$ & $-0.0521149$ & $0.00535259$ & $0.117054$ & $0.110918$ & $0.0205747$ & $-0.037535$ & $-0.0100677$ & $-0.00428255$ & $-0.117207$ & $-0.0762956$ & $0.932228$ & $-0.159495$ & $-0.0643438$ & $-0.0612482$ & $-0.00484882$ & $0.0191667$ & $-0.00791753$ & $0.034542$ & $-0.0338799$ & $-0.0296492$ & $0.0169109$ & $-0.0535008$ & $-0.0453439$ & $0.0366252$ & $-0.00170558$ & $-0.0287654$ & $-0.00372669$ & $0.0039546$ \\
CHWB & $-0.0137307$ & $-0.0656961$ & $0.0275688$ & $-0.0679115$ & $0.00576054$ & $-0.12984$ & $-0.106976$ & $1$ & $0.985009$ & $-0.557658$ & $-0.877907$ & $-0.378679$ & $0.345171$ & $0.0989395$ & $0.299638$ & $0.292489$ & $-0.221436$ & $-0.423165$ & $-0.42268$ & $0.849708$ & $0.895557$ & $0.87811$ & $0.0885848$ & $-0.666486$ & $-0.390502$ & $-0.521436$ & $0.424183$ & $0.326255$ & $0.010956$ & $0.120089$ & $0.0565354$ & $-0.0888947$ & $0.113661$ & $0.566802$ & $0.0290907$ & $-0.0218399$ & $-0.0407838$ & $0.0604833$ & $-0.0147155$ & $0.0113097$ & $0.0133365$ & $-0.0118175$ & $-0.0352388$ & $-0.02823$ & $-0.0320981$ & $0.0229716$ & $-0.0411183$ & $0.0486161$ & $-0.060585$ \\
CHWHB_gaga & $-0.0252818$ & $-0.0768271$ & $0.0340155$ & $-0.0592622$ & $0.00580236$ & $-0.125471$ & $-0.0631146$ & $0.985009$ & $1$ & $-0.549388$ & $-0.862539$ & $-0.356$ & $0.34129$ & $0.0929185$ & $0.295287$ & $0.289546$ & $-0.222418$ & $-0.420626$ & $-0.421425$ & $0.835149$ & $0.879801$ & $0.862234$ & $0.0855519$ & $-0.65764$ & $-0.388391$ & $-0.511908$ & $0.415473$ & $0.318802$ & $0.0204486$ & $0.141264$ & $0.0696245$ & $-0.0544164$ & $0.139523$ & $0.557241$ & $0.0100255$ & $-0.0293756$ & $-0.0398524$ & $0.0570809$ & $-0.0114945$ & $0.0101338$ & $0.0276902$ & $-0.0115219$ & $0.0165348$ & $-0.033217$ & $-0.037544$ & $0.0299772$ & $-0.0276937$ & $0.045196$ & $-0.0534212$ \\
CHWHB_gagaorth & $0.037103$ & $0.0129946$ & $-0.00351909$ & $0.00545413$ & $-0.00827247$ & $0.0177784$ & $0.0694315$ & $-0.557658$ & $-0.549388$ & $1$ & $0.338279$ & $0.675603$ & $-0.256463$ & $0.241958$ & $-0.13616$ & $-0.120492$ & $0.431798$ & $0.497983$ & $0.488434$ & $-0.326487$ & $-0.353913$ & $-0.349245$ & $-0.0505887$ & $0.550599$ & $0.47889$ & $0.203215$ & $-0.225073$ & $-0.126722$ & $0.00243858$ & $-0.131625$ & $-0.0736616$ & $0.0756587$ & $-0.151074$ & $-0.334472$ & $0.034592$ & $0.0320295$ & $0.0363276$ & $-0.0369756$ & $0.0199406$ & $-0.0193352$ & $-0.041249$ & $0.0115267$ & $0.0150628$ & $0.020072$ & $0.0303994$ & $-0.0244776$ & $0.0445179$ & $-0.046615$ & $0.0388878$ \\
CHD & $0.00299184$ & $0.0417495$ & $-0.0191453$ & $0.071682$ & $0.00272938$ & $0.178689$ & $0.0545301$ & $-0.877907$ & $-0.862539$ & $0.338279$ & $1$ & $0.335678$ & $-0.171386$ & $-0.519115$ & $-0.421891$ & $-0.418756$ & $-0.239175$ & $0.0488356$ & $0.051987$ & $-0.9905$ & $-0.991463$ & $-0.971045$ & $-0.0375294$ & $0.297657$ & $0.00726336$ & $0.582428$ & $-0.286339$ & $-0.361191$ & $-0.00846806$ & $-0.0703428$ & $-0.0313946$ & $0.0534247$ & $-0.0668993$ & $-0.37075$ & $-0.00578936$ & $0.0126472$ & $0.0157978$ & $-0.0564964$ & $-0.00048621$ & $-0.0188572$ & $0.0133875$ & $-0.00192848$ & $0.0257536$ & $0.0329434$ & $0.0186888$ & $-0.0250072$ & $0.0353505$ & $-0.0195945$ & $0.0249173$ \\
CHbox & $0.0227256$ & $0.00296154$ & $0.00590811$ & $0.011114$ & $-0.00862122$ & $0.0507394$ & $0.115279$ & $-0.378679$ & $-0.356$ & $0.675603$ & $0.335678$ & $1$ & $-0.388867$ & $-0.0517005$ & $-0.0703759$ & $-0.0748984$ & $0.0629455$ & $0.126591$ & $0.130191$ & $-0.315604$ & $-0.349469$ & $-0.34355$ & $-0.0419726$ & $0.263192$ & $0.125074$ & $0.204139$ & $-0.189917$ & $-0.113545$ & $0.0191992$ & $0.0876379$ & $-0.0231049$ & $0.168538$ & $0.077614$ & $-0.256187$ & $0.0642241$ & $0.0524676$ & $-0.00503102$ & $-0.0304387$ & $-0.00479345$ & $-0.0216859$ & $-0.0289452$ & $0.00396534$ & $0.00927151$ & $0.0212029$ & $0.0397045$ & $-0.00226509$ & $0.0404643$ & $-0.0373003$ & $0.0234363$ \\
CH & $-0.0272731$ & $-0.0227448$ & $0.00856526$ & $0.00378167$ & $0.0046295$ & $0.00502339$ & $-0.325475$ & $0.345171$ & $0.34129$ & $-0.256463$ & $-0.171386$ & $-0.388867$ & $1$ & $-0.229851$ & $0.0799822$ & $0.0819425$ & $-0.343098$ & $-0.37361$ & $-0.378693$ & $0.169342$ & $0.181795$ & $0.179726$ & $0.0329262$ & $-0.385057$ & $-0.36895$ & $-0.103034$ & $0.123255$ & $0.06325$ & $0.0392719$ & $0.272474$ & $0.112566$ & $-0.272366$ & $0.337123$ & $0.209762$ & $0.0517814$ & $-0.00924591$ & $-0.0234909$ & $0.0169114$ & $0.00998842$ & $0.0153501$ & $0.0266257$ & $-0.000517213$ & $-0.00425729$ & $-0.0135824$ & $-0.0118607$ & $0.00143364$ & $0.0021316$ & $0.02649$ & $-0.00332887$ \\
CHL1_11 & $0.0139879$ & $-0.014805$ & $0.00417242$ & $-0.0389958$ & $-0.00636262$ & $0.0375379$ & $0.0636229$ & $0.0989395$ & $0.0929185$ & $0.241958$ & $-0.519115$ & $-0.0517005$ & $-0.229851$ & $1$ & $0.282181$ & $0.271523$ & $0.685828$ & $0.606032$ & $0.613351$ & $0.536224$ & $0.479507$ & $0.465423$ & $-0.0624351$ & $0.479561$ & $0.603223$ & $-0.285148$ & $-0.110704$ & $0.177787$ & $-0.00045566$ & $-0.054654$ & $-0.0317973$ & $0.0362563$ & $-0.0508669$ & $-0.216106$ & $-0.03355$ & $0.0172446$ & $0.0295953$ & $0.0175461$ & $0.0227244$ & $0.0172416$ & $-0.0387979$ & $0.0193625$ & $0.0132053$ & $-0.0310536$ & $0.0176396$ & $0.0097511$ & $0.00587083$ & $-0.0235784$ & $0.0396749$ \\
CHL1_22 & $-0.0889293$ & $-0.0130095$ & $0.043158$ & $-0.0042793$ & $0.00233454$ & $-0.0557364$ & $-0.0229221$ & $0.299638$ & $0.295287$ & $-0.13616$ & $-0.421891$ & $-0.0703759$ & $0.0799822$ & $0.282181$ & $1$ & $0.451379$ & $0.16458$ & $-0.436074$ & $-0.0309747$ & $0.488453$ & $0.339752$ & $0.333481$ & $-0.177764$ & $0.109724$ & $-0.128078$ & $-0.18678$ & $-0.392343$ & $0.112352$ & $0.0179011$ & $0.0499456$ & $9.52603e-05$ & $-0.0209102$ & $0.0640514$ & $-0.58677$ & $-0.0290858$ & $0.0311978$ & $-0.0049772$ & $0.0264784$ & $0.0172991$ & $-0.00198354$ & $-0.0409878$ & $-0.00184323$ & $0.0235684$ & $0.00699902$ & $0.0179561$ & $0.0282945$ & $0.0152117$ & $-0.0465477$ & $0.0473432$ \\
CHL1_33 & $-0.0374984$ & $-0.00896261$ & $-0.000276$ & $-0.00433976$ & $0.0118474$ & $-0.0864112$ & $-0.0283852$ & $0.292489$ & $0.289546$ & $-0.120492$ & $-0.418756$ & $-0.0748984$ & $0.0819425$ & $0.271523$ & $0.451379$ & $1$ & $0.184532$ & $-0.0135026$ & $-0.420672$ & $0.482637$ & $0.338936$ & $0.358221$ & $-0.168953$ & $0.105629$ & $-0.11651$ & $-0.199969$ & $-0.387048$ & $0.128329$ & $0.0365625$ & $0.0240561$ & $-0.00306439$ & $-0.0255416$ & $0.0532182$ & $-0.0990385$ & $-0.00525877$ & $0.0201662$ & $0.041273$ & $-0.00342657$ & $0.0218996$ & $0.0241324$ & $-0.0189029$ & $-0.00389116$ & $0.00435854$ & $0.0171385$ & $0.0129063$ & $0.0174497$ & $0.00531248$ & $-0.0390716$ & $0.0682942$ \\
CHL3_11 & $0.0116474$ & $0.0381554$ & $-0.011548$ & $-0.0107664$ & $0.00548016$ & $-0.241499$ & $0.108771$ & $-0.221436$ & $-0.222418$ & $0.431798$ & $-0.239175$ & $0.0629455$ & $-0.343098$ & $0.685828$ & $0.16458$ & $0.184532$ & $1$ & $0.748756$ & $0.733058$ & $0.260494$ & $0.205835$ & $0.198917$ & $-0.055191$ & $0.6761$ & $0.78235$ & $-0.138223$ & $-0.159569$ & $0.0671913$ & $-0.0128645$ & $-0.105708$ & $-0.0493061$ & $0.0741838$ & $-0.107858$ & $-0.238936$ & $-0.0432455$ & $0.000764721$ & $0.0557479$ & $-0.0142039$ & $0.024114$ & $0.013517$ & $-0.055243$ & $0.0280839$ & $0.0194377$ & $-0.00588225$ & $0.0158399$ & $0.000609964$ & $0.00859551$ & $-0.0543166$ & $0.0515386$ \\
CHL3_22 & $0.0668116$ & $0.024924$ & $-0.0358512$ & $-0.00456987$ & $-0.00162108$ & $-0.0505003$ & $0.110699$ & $-0.423165$ & $-0.420626$ & $0.497983$ & $0.0488356$ & $0.126591$ & $-0.37361$ & $0.606032$ & $-0.436074$ & $-0.0135026$ & $0.748756$ & $1$ & $0.682217$ & $-0.0531465$ & $-0.0454983$ & $-0.0450683$ & $0.014898$ & $0.623499$ & $0.79409$ & $0.00874123$ & $-0.0165876$ & $-0.0104653$ & $-0.0149963$ & $-0.126261$ & $-0.0466764$ & $0.0784543$ & $-0.128043$ & $0.0305214$ & $-0.0248554$ & $-0.00634248$ & $0.0554981$ & $-0.0278071$ & $0.0132028$ & $0.0168651$ & $-0.0201586$ & $0.0271197$ & $0.0111095$ & $-0.0120901$ & $0.00918675$ & $-0.0160389$ & $0.00709665$ & $-0.0209156$ & $0.0325112$ \\
CHL3_33 & $0.0335197$ & $0.0242789$ & $-0.005452$ & $0.000660981$ & $-0.0102929$ & $-0.0286844$ & $0.119388$ & $-0.42268$ & $-0.421425$ & $0.488434$ & $0.051987$ & $0.130191$ & $-0.378693$ & $0.613351$ & $-0.0309747$ & $-0.420672$ & $0.733058$ & $0.682217$ & $1$ & $-0.0557151$ & $-0.0480591$ & $-0.0463407$ & $0.0150814$ & $0.625351$ & $0.794318$ & $0.0188074$ & $-0.00845922$ & $-0.0220648$ & $-0.0322692$ & $-0.109597$ & $-0.0427869$ & $0.0860121$ & $-0.122799$ & $-0.337911$ & $-0.0409169$ & $0.00407625$ & $0.0212166$ & $-0.00645836$ & $0.00797007$ & $-0.00226106$ & $-0.0417693$ & $0.0267943$ & $0.0255984$ & $-0.0198701$ & $0.0146295$ & $-0.00403006$ & $0.0182838$ & $-0.0261016$ & $0.0190034$ \\
CHe_11 & $-0.0169563$ & $-0.0207817$ & $0.0284337$ & $-0.0617065$ & $0.00709709$ & $-0.176414$ & $-0.0530617$ & $0.849708$ & $0.835149$ & $-0.326487$ & $-0.9905$ & $-0.315604$ & $0.169342$ & $0.536224$ & $0.488453$ & $0.482637$ & $0.260494$ & $-0.0531465$ & $-0.0557151$ & $1$ & $0.97311$ & $0.953969$ & $0.00704892$ & $-0.245795$ & $-0.00442513$ & $-0.569144$ & $0.208507$ & $0.354508$ & $0.0123205$ & $0.0696455$ & $0.0296781$ & $-0.0521827$ & $0.0716988$ & $0.291495$ & $-0.00154645$ & $-0.00612603$ & $-0.0157223$ & $0.0563344$ & $0.00171085$ & $0.0222494$ & $-0.0187284$ & $0.00397841$ & $-0.0221684$ & $-0.0271485$ & $-0.0158814$ & $0.0297764$ & $-0.0304494$ & $0.00460252$ & $-0.0091185$ \\
CHe_22 & $-0.00112955$ & $-0.0184946$ & $0.0237495$ & $-0.0719684$ & $0.00598045$ & $-0.183032$ & $-0.0547405$ & $0.895557$ & $0.879801$ & $-0.353913$ & $-0.991463$ & $-0.349469$ & $0.181795$ & $0.479507$ & $0.339752$ & $0.338936$ & $0.205835$ & $-0.0454983$ & $-0.0480591$ & $0.97311$ & $1$ & $0.975506$ & $0.0674898$ & $-0.353562$ & $-0.0141571$ & $-0.586665$ & $0.365483$ & $0.361608$ & $0.00578603$ & $0.0714961$ & $0.0343673$ & $-0.0534411$ & $0.0657007$ & $0.455447$ & $0.0064787$ & $-0.0142398$ & $-0.0228414$ & $0.058627$ & $-0.000327163$ & $0.0192112$ & $-0.0130528$ & $0.00202091$ & $-0.0332181$ & $-0.0346258$ & $-0.0210479$ & $0.0254805$ & $-0.0402988$ & $0.0206081$ & $-0.0311533$ \\
CHe_33 & $0.00418941$ & $-0.0161551$ & $0.0208219$ & $-0.0638608$ & $0.00418846$ & $-0.185847$ & $-0.0521149$ & $0.87811$ & $0.862234$ & $-0.349245$ & $-0.971045$ & $-0.34355$ & $0.179726$ & $0.465423$ & $0.333481$ & $0.358221$ & $0.198917$ & $-0.0450683$ & $-0.0463407$ & $0.953969$ & $0.975506$ & $1$ & $0.0683535$ & $-0.346639$ & $-0.0138091$ & $-0.57443$ & $0.359657$ & $0.357968$ & $0.00651115$ & $0.0649904$ & $0.0366878$ & $-0.0516787$ & $0.0627424$ & $0.44872$ & $0.0033915$ & $-0.0119355$ & $-0.0212691$ & $0.0578431$ & $-0.00794319$ & $0.0221171$ & $-0.0156623$ & $0.00214164$ & $-0.0323935$ & $-0.0359744$ & $-0.0216032$ & $0.0303144$ & $-0.0356619$ & $0.0171176$ & $-0.0276698$ \\
CHQ1_11 & $0.0372381$ & $-0.005288$ & $-0.0272586$ & $-0.0223333$ & $-0.0276601$ & $-0.0213681$ & $0.00535259$ & $0.0885848$ & $0.0855519$ & $-0.0505887$ & $-0.0375294$ & $-0.0419726$ & $0.0329262$ & $-0.0624351$ & $-0.177764$ & $-0.168953$ & $-0.055191$ & $0.014898$ & $0.0150814$ & $0.00704892$ & $0.0674898$ & $0.0683535$ & $1$ & $-0.149316$ & $0.102756$ & $-0.680242$ & $0.381798$ & $-0.000102284$ & $-0.00182509$ & $-0.0017122$ & $-0.000495847$ & $0.00690114$ & $-0.0126598$ & $0.226525$ & $0.0404765$ & $-0.0352879$ & $-0.0227289$ & $0.02396$ & $-0.0278879$ & $-0.0126267$ & $0.0158647$ & $0.0112168$ & $-0.0103597$ & $-0.0306804$ & $-0.000722137$ & $-0.0158412$ & $0.0141847$ & $0.0255268$ & $-0.074097$ \\
CHQ1_33 & $-0.0496734$ & $0.00317974$ & $-0.00296523$ & $0.0205165$ & $-0.00492433$ & $0.0214542$ & $0.117054$ & $-0.666486$ & $-0.65764$ & $0.550599$ & $0.297657$ & $0.263192$ & $-0.385057$ & $0.479561$ & $0.109724$ & $0.105629$ & $0.6761$ & $0.623499$ & $0.625351$ & $-0.245795$ & $-0.353562$ & $-0.346639$ & $-0.149316$ & $1$ & $0.641181$ & $0.21171$ & $-0.423014$ & $-0.0416876$ & $-0.00701668$ & $-0.119881$ & $-0.0532202$ & $0.0860308$ & $-0.105147$ & $-0.631632$ & $-0.0433201$ & $0.0269731$ & $0.060525$ & $-0.0419787$ & $0.0099215$ & $0.000720324$ & $-0.0234513$ & $0.0249984$ & $0.0669847$ & $0.0233245$ & $-0.00184738$ & $-0.0123093$ & $0.0348302$ & $-0.0548768$ & $0.0707608$ \\
CHQ3_11 & $-0.0332554$ & $0.0133126$ & $-0.0161205$ & $-0.0103867$ & $-0.0110582$ & $-0.0853066$ & $0.110918$ & $-0.390502$ & $-0.388391$ & $0.47889$ & $0.00726336$ & $0.125074$ & $-0.36895$ & $0.603223$ & $-0.128078$ & $-0.11651$ & $0.78235$ & $0.79409$ & $0.794318$ & $-0.00442513$ & $-0.0141571$ & $-0.0138091$ & $0.102756$ & $0.641181$ & $1$ & $-0.00477175$ & $0.204175$ & $-0.0162144$ & $-0.0109063$ & $-0.108797$ & $-0.0441236$ & $0.080248$ & $-0.122587$ & $-0.196412$ & $-0.0457586$ & $-0.016067$ & $0.0373842$ & $-0.0174599$ & $-0.00440855$ & $0.00990317$ & $-0.0362809$ & $0.0438365$ & $0.0236184$ & $-0.0169048$ & $-0.0175324$ & $-0.0230222$ & $0.0274845$ & $-0.0224066$ & $-0.000217833$ \\
CHu_11 & $-0.0462904$ & $0.016957$ & $0.00271283$ & $0.0426809$ & $0.00465327$ & $0.106242$ & $0.0205747$ & $-0.521436$ & $-0.511908$ & $0.203215$ & $0.582428$ & $0.204139$ & $-0.103034$ & $-0.285148$ & $-0.18678$ & $-0.199969$ & $-0.138223$ & $0.00874123$ & $0.0188074$ & $-0.569144$ & $-0.586665$ & $-0.57443$ & $-0.680242$ & $0.21171$ & $-0.00477175$ & $1$ & $-0.195549$ & $-0.193879$ & $-0.00826879$ & $-0.0250413$ & $-0.0122271$ & $0.0217912$ & $-0.0222516$ & $-0.280155$ & $-0.021899$ & $0.0224383$ & $0.023708$ & $-0.0378391$ & $0.01058$ & $-0.0053737$ & $0.00434737$ & $-0.0108738$ & $0.0237983$ & $0.0487281$ & $-0.0129176$ & $-0.0196908$ & $0.0201946$ & $-0.00470399$ & $0.0425826$ \\
CHd_11 & $0.0420354$ & $-0.0282473$ & $0.00301277$ & $-0.0595298$ & $-0.0147568$ & $-0.0965508$ & $-0.037535$ & $0.424183$ & $0.415473$ & $-0.225073$ & $-0.286339$ & $-0.189917$ & $0.123255$ & $-0.110704$ & $-0.392343$ & $-0.387048$ & $-0.159569$ & $-0.0165876$ & $-0.00845922$ & $0.208507$ & $0.365483$ & $0.359657$ & $0.381798$ & $-0.423014$ & $0.204175$ & $-0.195549$ & $1$ & $0.110047$ & $-0.0131639$ & $0.0457561$ & $0.0414016$ & $-0.0296676$ & $0.00651528$ & $0.681854$ & $0.0319175$ & $-0.0648281$ & $-0.0418661$ & $0.0303147$ & $-0.0398343$ & $0.000234108$ & $0.0303797$ & $0.0185905$ & $-0.0381458$ & $-0.0359894$ & $-0.0654576$ & $-0.0148276$ & $-0.0252254$ & $0.0851502$ & $-0.140019$ \\
CHd_33 & $0.0191036$ & $0.00173156$ & $-0.00991389$ & $-0.0290645$ & $-0.00576119$ & $-0.0480461$ & $-0.0100677$ & $0.326255$ & $0.318802$ & $-0.126722$ & $-0.361191$ & $-0.113545$ & $0.06325$ & $0.177787$ & $0.112352$ & $0.128329$ & $0.0671913$ & $-0.0104653$ & $-0.0220648$ & $0.354508$ & $0.361608$ & $0.357968$ & $-0.000102284$ & $-0.0416876$ & $-0.0162144$ & $-0.193879$ & $0.110047$ & $1$ & $-0.0108186$ & $0.0282062$ & $0.0125771$ & $-0.0108428$ & $0.0288556$ & $0.172299$ & $-0.0289637$ & $-0.00212818$ & $-0.0128477$ & $0.0122257$ & $0.0329658$ & $-0.00108837$ & $-0.00997886$ & $-0.00358695$ & $-0.0222545$ & $-0.0372578$ & $-0.0486518$ & $0.0318301$ & $-0.0114905$ & $0.025683$ & $-0.0207666$ \\
CeH_22r & $-0.0464376$ & $0.0363543$ & $0.0333885$ & $0.0308255$ & $-0.0141854$ & $-0.00828854$ & $-0.00428255$ & $0.010956$ & $0.0204486$ & $0.00243858$ & $-0.00846806$ & $0.0191992$ & $0.0392719$ & $-0.00045566$ & $0.0179011$ & $0.0365625$ & $-0.0128645$ & $-0.0149963$ & $-0.0322692$ & $0.0123205$ & $0.00578603$ & $0.00651115$ & $-0.00182509$ & $-0.00701668$ & $-0.0109063$ & $-0.00826879$ & $-0.0131639$ & $-0.0108186$ & $1$ & $0.044071$ & $0.0567298$ & $-0.0252989$ & $0.0530248$ & $-0.00529573$ & $-0.0303721$ & $-0.00946951$ & $0.0195055$ & $0.0141368$ & $0.0724108$ & $0.0148155$ & $-0.0162255$ & $0.0199288$ & $0.051469$ & $0.0163821$ & $0.00627479$ & $-0.0201282$ & $0.0131872$ & $-0.0178276$ & $0.0320818$ \\
CeH_33r & $-0.00626105$ & $-0.00616837$ & $0.0145071$ & $0.0466852$ & $0.00866028$ & $0.0145507$ & $-0.117207$ & $0.120089$ & $0.141264$ & $-0.131625$ & $-0.0703428$ & $0.0876379$ & $0.272474$ & $-0.054654$ & $0.0499456$ & $0.0240561$ & $-0.105708$ & $-0.126261$ & $-0.109597$ & $0.0696455$ & $0.0714961$ & $0.0649904$ & $-0.0017122$ & $-0.119881$ & $-0.108797$ & $-0.0250413$ & $0.0457561$ & $0.0282062$ & $0.044071$ & $1$ & $0.295467$ & $0.0320101$ & $0.673175$ & $0.051555$ & $-0.0352753$ & $-0.0648059$ & $-0.167197$ & $-0.0329679$ & $-0.0266285$ & $0.0082894$ & $-0.0207657$ & $0.0179671$ & $-0.0190603$ & $-0.0756107$ & $0.0960737$ & $0.0202416$ & $0.0427773$ & $0.00436697$ & $0.00727554$ \\
CuH_22r & $0.00635583$ & $-0.0263454$ & $0.0487678$ & $0.0285224$ & $0.00343583$ & $-0.0127363$ & $-0.0762956$ & $0.0565354$ & $0.0696245$ & $-0.0736616$ & $-0.0313946$ & $-0.0231049$ & $0.112566$ & $-0.0317973$ & $9.52603e-05$ & $-0.00306439$ & $-0.0493061$ & $-0.0466764$ & $-0.0427869$ & $0.0296781$ & $0.0343673$ & $0.0366878$ & $-0.000495847$ & $-0.0532202$ & $-0.0441236$ & $-0.0122271$ & $0.0414016$ & $0.0125771$ & $0.0567298$ & $0.295467$ & $1$ & $0.00786196$ & $0.360314$ & $0.0431549$ & $-0.0125348$ & $-0.0888856$ & $-0.117393$ & $-0.018817$ & $-0.043894$ & $-0.000192621$ & $0.0366424$ & $0.0178392$ & $0.0366416$ & $-0.00463852$ & $0.0270019$ & $0.0442166$ & $0.344884$ & $-0.0333128$ & $0.0229059$ \\
CuH_33r & $0.0166871$ & $0.00578847$ & $0.00393334$ & $0.0336694$ & $0.009604$ & $-0.0154113$ & $0.932228$ & $-0.0888947$ & $-0.0544164$ & $0.0756587$ & $0.0534247$ & $0.168538$ & $-0.272366$ & $0.0362563$ & $-0.0209102$ & $-0.0255416$ & $0.0741838$ & $0.0784543$ & $0.0860121$ & $-0.0521827$ & $-0.0534411$ & $-0.0516787$ & $0.00690114$ & $0.0860308$ & $0.080248$ & $0.0217912$ & $-0.0296676$ & $-0.0108428$ & $-0.0252989$ & $0.0320101$ & $0.00786196$ & $1$ & $0.0182251$ & $-0.0526452$ & $0.0262435$ & $0.017675$ & $-0.0109142$ & $-0.00739422$ & $0.0288023$ & $-0.0323447$ & $-0.0236406$ & $0.0147778$ & $-0.0459239$ & $-0.0443816$ & $0.0389257$ & $-0.0103563$ & $-0.0176784$ & $0.000142935$ & $-0.00237046$ \\
CdH_33r & $-0.0686772$ & $0.0103593$ & $-0.036694$ & $0.0525794$ & $0.000692921$ & $0.0209836$ & $-0.159495$ & $0.113661$ & $0.139523$ & $-0.151074$ & $-0.0668993$ & $0.077614$ & $0.337123$ & $-0.0508669$ & $0.0640514$ & $0.0532182$ & $-0.107858$ & $-0.128043$ & $-0.122799$ & $0.0716988$ & $0.0657007$ & $0.0627424$ & $-0.0126598$ & $-0.105147$ & $-0.122587$ & $-0.0222516$ & $0.00651528$ & $0.0288556$ & $0.0530248$ & $0.673175$ & $0.360314$ & $0.0182251$ & $1$ & $0.0336272$ & $-0.050927$ & $-0.0118419$ & $-0.170904$ & $-0.0275958$ & $-0.0334587$ & $0.0410864$ & $-0.0244498$ & $0.0276873$ & $0.00199847$ & $-0.0857123$ & $0.0123533$ & $0.0576188$ & $0.0542726$ & $0.12884$ & $0.398867$ \\
CLL_1221 & $0.0593812$ & $0.0188637$ & $-0.0129433$ & $-0.0470805$ & $0.00467466$ & $-0.147579$ & $-0.0643438$ & $0.566802$ & $0.557241$ & $-0.334472$ & $-0.37075$ & $-0.256187$ & $0.209762$ & $-0.216106$ & $-0.58677$ & $-0.0990385$ & $-0.238936$ & $0.0305214$ & $-0.337911$ & $0.291495$ & $0.455447$ & $0.44872$ & $0.226525$ & $-0.631632$ & $-0.196412$ & $-0.280155$ & $0.681854$ & $0.172299$ & $-0.00529573$ & $0.051555$ & $0.0431549$ & $-0.0526452$ & $0.0336272$ & $1$ & $0.0411277$ & $-0.0426899$ & $-0.0262845$ & $0.0204485$ & $-0.0220881$ & $0.0137557$ & $0.0325302$ & $-0.00315464$ & $-0.0603003$ & $-0.0230885$ & $-0.0367408$ & $-0.0006298$ & $-0.0538921$ & $0.0588974$ & $-0.0808933$ \\
eHggint & $0.0976434$ & $-0.100963$ & $-0.0573106$ & $-0.16214$ & $0.0031554$ & $0.0160085$ & $-0.0612482$ & $0.0290907$ & $0.0100255$ & $0.034592$ & $-0.00578936$ & $0.0642241$ & $0.0517814$ & $-0.03355$ & $-0.0290858$ & $-0.00525877$ & $-0.0432455$ & $-0.0248554$ & $-0.0409169$ & $-0.00154645$ & $0.0064787$ & $0.0033915$ & $0.0404765$ & $-0.0433201$ & $-0.0457586$ & $-0.021899$ & $0.0319175$ & $-0.0289637$ & $-0.0303721$ & $-0.0352753$ & $-0.0125348$ & $0.0262435$ & $-0.050927$ & $0.0411277$ & $1$ & $-0.0055324$ & $-0.125954$ & $0.00840249$ & $-0.0372546$ & $-0.00744794$ & $0.117239$ & $0.00682953$ & $-0.0162291$ & $0.0746901$ & $0.0303711$ & $-0.0598973$ & $-0.028071$ & $0.0342348$ & $-0.0671493$ \\
eHggpar & $-0.104499$ & $0.12567$ & $-0.0948904$ & $-0.0767475$ & $-0.00426048$ & $-0.00627976$ & $-0.00484882$ & $-0.0218399$ & $-0.0293756$ & $0.0320295$ & $0.0126472$ & $0.0524676$ & $-0.00924591$ & $0.0172446$ & $0.0311978$ & $0.0201662$ & $0.000764721$ & $-0.00634248$ & $0.00407625$ & $-0.00612603$ & $-0.0142398$ & $-0.0119355$ & $-0.0352879$ & $0.0269731$ & $-0.016067$ & $0.0224383$ & $-0.0648281$ & $-0.00212818$ & $-0.00946951$ & $-0.0648059$ & $-0.0888856$ & $0.017675$ & $-0.0118419$ & $-0.0426899$ & $-0.0055324$ & $1$ & $0.0996899$ & $-0.0172767$ & $0.0155797$ & $-0.00131453$ & $-0.179351$ & $-0.043955$ & $0.0874574$ & $0.274895$ & $-0.0653367$ & $-0.0472063$ & $-0.140597$ & $0.00804825$ & $0.113033$ \\
eHWWint & $-0.00153908$ & $-0.0850084$ & $-0.0109528$ & $-0.0106485$ & $0.00189246$ & $-0.0261684$ & $0.0191667$ & $-0.0407838$ & $-0.0398524$ & $0.0363276$ & $0.0157978$ & $-0.00503102$ & $-0.0234909$ & $0.0295953$ & $-0.0049772$ & $0.041273$ & $0.0557479$ & $0.0554981$ & $0.0212166$ & $-0.0157223$ & $-0.0228414$ & $-0.0212691$ & $-0.0227289$ & $0.060525$ & $0.0373842$ & $0.023708$ & $-0.0418661$ & $-0.0128477$ & $0.0195055$ & $-0.167197$ & $-0.117393$ & $-0.0109142$ & $-0.170904$ & $-0.0262845$ & $-0.125954$ & $0.0996899$ & $1$ & $-0.0519775$ & $0.221932$ & $0.0166455$ & $-0.0378203$ & $-0.0423313$ & $0.215001$ & $0.170619$ & $-0.0891261$ & $-0.00512991$ & $-0.0224437$ & $-0.126094$ & $0.0809522$ \\
eHWWpar & $0.00983417$ & $0.00566312$ & $0.0454707$ & $-0.0243208$ & $-0.0146911$ & $0.015149$ & $-0.00791753$ & $0.0604833$ & $0.0570809$ & $-0.0369756$ & $-0.0564964$ & $-0.0304387$ & $0.0169114$ & $0.0175461$ & $0.0264784$ & $-0.00342657$ & $-0.0142039$ & $-0.0278071$ & $-0.00645836$ & $0.0563344$ & $0.058627$ & $0.0578431$ & $0.02396$ & $-0.0419787$ & $-0.0174599$ & $-0.0378391$ & $0.0303147$ & $0.0122257$ & $0.0141368$ & $-0.0329679$ & $-0.018817$ & $-0.00739422$ & $-0.0275958$ & $0.0204485$ & $0.00840249$ & $-0.0172767$ & $-0.0519775$ & $1$ & $0.00665939$ & $0.00912036$ & $0.0386966$ & $-0.0322954$ & $-0.0364494$ & $-0.0153761$ & $0.0123142$ & $0.0353575$ & $-0.0237617$ & $0.0263542$ & $-0.0300599$ \\
eHZZint & $0.142521$ & $0.0806253$ & $0.00635842$ & $0.070355$ & $0.0157543$ & $-0.0150719$ & $0.034542$ & $-0.0147155$ & $-0.0114945$ & $0.0199406$ & $-0.00048621$ & $-0.00479345$ & $0.00998842$ & $0.0227244$ & $0.0172991$ & $0.0218996$ & $0.024114$ & $0.0132028$ & $0.00797007$ & $0.00171085$ & $-0.000327163$ & $-0.00794319$ & $-0.0278879$ & $0.0099215$ & $-0.00440855$ & $0.01058$ & $-0.0398343$ & $0.0329658$ & $0.0724108$ & $-0.0266285$ & $-0.043894$ & $0.0288023$ & $-0.0334587$ & $-0.0220881$ & $-0.0372546$ & $0.0155797$ & $0.221932$ & $0.00665939$ & $1$ & $0.0156463$ & $-0.0362317$ & $-0.0323939$ & $0.0734858$ & $-0.0711118$ & $0.0689198$ & $-0.0920927$ & $0.028972$ & $0.0999903$ & $0.00446657$ \\
eHZZpar & $-0.0184555$ & $0.0351873$ & $0.00569711$ & $-0.00183266$ & $0.000209999$ & $-0.00822243$ & $-0.0338799$ & $0.0113097$ & $0.0101338$ & $-0.0193352$ & $-0.0188572$ & $-0.0216859$ & $0.0153501$ & $0.0172416$ & $-0.00198354$ & $0.0241324$ & $0.013517$ & $0.0168651$ & $-0.00226106$ & $0.0222494$ & $0.0192112$ & $0.0221171$ & $-0.0126267$ & $0.000720324$ & $0.00990317$ & $-0.0053737$ & $0.000234108$ & $-0.00108837$ & $0.0148155$ & $0.0082894$ & $-0.000192621$ & $-0.0323447$ & $0.0410864$ & $0.0137557$ & $-0.00744794$ & $-0.00131453$ & $0.0166455$ & $0.00912036$ & $0.0156463$ & $1$ & $-0.00807786$ & $-0.0237293$ & $-0.0386658$ & $-0.0189285$ & $-0.0157527$ & $-0.00928452$ & $-0.0361938$ & $0.00384275$ & $0.0210815$ \\
eHZgaint & $0.0102723$ & $-0.1397$ & $-0.0472488$ & $-0.047621$ & $-0.046988$ & $-0.00862257$ & $-0.0296492$ & $0.0133365$ & $0.0276902$ & $-0.041249$ & $0.0133875$ & $-0.0289452$ & $0.0266257$ & $-0.0387979$ & $-0.0409878$ & $-0.0189029$ & $-0.055243$ & $-0.0201586$ & $-0.0417693$ & $-0.0187284$ & $-0.0130528$ & $-0.0156623$ & $0.0158647$ & $-0.0234513$ & $-0.0362809$ & $0.00434737$ & $0.0303797$ & $-0.00997886$ & $-0.0162255$ & $-0.0207657$ & $0.0366424$ & $-0.0236406$ & $-0.0244498$ & $0.0325302$ & $0.117239$ & $-0.179351$ & $-0.0378203$ & $0.0386966$ & $-0.0362317$ & $-0.00807786$ & $1$ & $0.0275564$ & $0.25603$ & $-0.122153$ & $-0.137026$ & $-0.135179$ & $0.0587788$ & $0.0782559$ & $-0.114055$ \\
eHZgapar & $-0.0196839$ & $0.0507458$ & $0.0226454$ & $0.0104$ & $-0.0111733$ & $0.00548969$ & $0.0169109$ & $-0.0118175$ & $-0.0115219$ & $0.0115267$ & $-0.00192848$ & $0.00396534$ & $-0.000517213$ & $0.0193625$ & $-0.00184323$ & $-0.00389116$ & $0.0280839$ & $0.0271197$ & $0.0267943$ & $0.00397841$ & $0.00202091$ & $0.00214164$ & $0.0112168$ & $0.0249984$ & $0.0438365$ & $-0.0108738$ & $0.0185905$ & $-0.00358695$ & $0.0199288$ & $0.0179671$ & $0.0178392$ & $0.0147778$ & $0.0276873$ & $-0.00315464$ & $0.00682953$ & $-0.043955$ & $-0.0423313$ & $-0.0322954$ & $-0.0323939$ & $-0.0237293$ & $0.0275564$ & $1$ & $-0.0164601$ & $-0.0296411$ & $-0.0135007$ & $0.0361439$ & $0.036981$ & $-0.0212847$ & $0.0278167$ \\
eHgagaint & $-0.133283$ & $-0.203277$ & $0.0387263$ & $0.0211$ & $-0.0272107$ & $-0.00674807$ & $-0.0535008$ & $-0.0352388$ & $0.0165348$ & $0.0150628$ & $0.0257536$ & $0.00927151$ & $-0.00425729$ & $0.0132053$ & $0.0235684$ & $0.00435854$ & $0.0194377$ & $0.0111095$ & $0.0255984$ & $-0.0221684$ & $-0.0332181$ & $-0.0323935$ & $-0.0103597$ & $0.0669847$ & $0.0236184$ & $0.0237983$ & $-0.0381458$ & $-0.0222545$ & $0.051469$ & $-0.0190603$ & $0.0366416$ & $-0.0459239$ & $0.00199847$ & $-0.0603003$ & $-0.0162291$ & $0.0874574$ & $0.215001$ & $-0.0364494$ & $0.0734858$ & $-0.0386658$ & $0.25603$ & $-0.0164601$ & $1$ & $0.0724021$ & $-0.17212$ & $0.0708482$ & $0.201721$ & $-0.089656$ & $0.045379$ \\
eHmumuint & $-0.0995134$ & $0.0309255$ & $0.027859$ & $-0.161161$ & $0.0195962$ & $-0.0227167$ & $-0.0453439$ & $-0.02823$ & $-0.033217$ & $0.020072$ & $0.0329434$ & $0.0212029$ & $-0.0135824$ & $-0.0310536$ & $0.00699902$ & $0.0171385$ & $-0.00588225$ & $-0.0120901$ & $-0.0198701$ & $-0.0271485$ & $-0.0346258$ & $-0.0359744$ & $-0.0306804$ & $0.0233245$ & $-0.0169048$ & $0.0487281$ & $-0.0359894$ & $-0.0372578$ & $0.0163821$ & $-0.0756107$ & $-0.00463852$ & $-0.0443816$ & $-0.0857123$ & $-0.0230885$ & $0.0746901$ & $0.274895$ & $0.170619$ & $-0.0153761$ & $-0.0711118$ & $-0.0189285$ & $-0.122153$ & $-0.0296411$ & $0.0724021$ & $1$ & $0.0220714$ & $-0.109695$ & $0.0582478$ & $-0.0194012$ & $-0.0323751$ \\
eHtautauint & $0.153628$ & $0.105036$ & $0.0101031$ & $-0.0115955$ & $-0.0432817$ & $0.0207081$ & $0.0366252$ & $-0.0320981$ & $-0.037544$ & $0.0303994$ & $0.0186888$ & $0.0397045$ & $-0.0118607$ & $0.0176396$ & $0.0179561$ & $0.0129063$ & $0.0158399$ & $0.00918675$ & $0.0146295$ & $-0.0158814$ & $-0.0210479$ & $-0.0216032$ & $-0.000722137$ & $-0.00184738$ & $-0.0175324$ & $-0.0129176$ & $-0.0654576$ & $-0.0486518$ & $0.00627479$ & $0.0960737$ & $0.0270019$ & $0.0389257$ & $0.0123533$ & $-0.0367408$ & $0.0303711$ & $-0.0653367$ & $-0.0891261$ & $0.0123142$ & $0.0689198$ & $-0.0157527$ & $-0.137026$ & $-0.0135007$ & $-0.17212$ & $0.0220714$ & $1$ & $-0.0644956$ & $0.0117282$ & $-0.138825$ & $0.00109734$ \\
eHccint & $0.0962953$ & $0.0873561$ & $0.193167$ & $0.265692$ & $-0.0146802$ & $0.0168331$ & $-0.00170558$ & $0.0229716$ & $0.0299772$ & $-0.0244776$ & $-0.0250072$ & $-0.00226509$ & $0.00143364$ & $0.0097511$ & $0.0282945$ & $0.0174497$ & $0.000609964$ & $-0.0160389$ & $-0.00403006$ & $0.0297764$ & $0.0254805$ & $0.0303144$ & $-0.0158412$ & $-0.0123093$ & $-0.0230222$ & $-0.0196908$ & $-0.0148276$ & $0.0318301$ & $-0.0201282$ & $0.0202416$ & $0.0442166$ & $-0.0103563$ & $0.0576188$ & $-0.0006298$ & $-0.0598973$ & $-0.0472063$ & $-0.00512991$ & $0.0353575$ & $-0.0920927$ & $-0.00928452$ & $-0.135179$ & $0.0361439$ & $0.0708482$ & $-0.109695$ & $-0.0644956$ & $1$ & $-0.0584577$ & $0.00678806$ & $0.0881631$ \\
eHccpar & $-0.0572679$ & $-0.0969216$ & $0.147805$ & $0.0719102$ & $0.00800462$ & $-0.00920763$ & $-0.0287654$ & $-0.0411183$ & $-0.0276937$ & $0.0445179$ & $0.0353505$ & $0.0404643$ & $0.0021316$ & $0.00587083$ & $0.0152117$ & $0.00531248$ & $0.00859551$ & $0.00709665$ & $0.0182838$ & $-0.0304494$ & $-0.0402988$ & $-0.0356619$ & $0.0141847$ & $0.0348302$ & $0.0274845$ & $0.0201946$ & $-0.0252254$ & $-0.0114905$ & $0.0131872$ & $0.0427773$ & $0.344884$ & $-0.0176784$ & $0.0542726$ & $-0.0538921$ & $-0.028071$ & $-0.140597$ & $-0.0224437$ & $-0.0237617$ & $0.028972$ & $-0.0361938$ & $0.0587788$ & $0.036981$ & $0.201721$ & $0.0582478$ & $0.0117282$ & $-0.0584577$ & $1$ & $-0.159148$ & $0.081453$ \\
eHbbint & $0.132176$ & $-0.24214$ & $-0.0124829$ & $0.0221094$ & $-0.00544493$ & $-0.000978877$ & $-0.00372669$ & $0.0486161$ & $0.045196$ & $-0.046615$ & $-0.0195945$ & $-0.0373003$ & $0.02649$ & $-0.0235784$ & $-0.0465477$ & $-0.0390716$ & $-0.0543166$ & $-0.0209156$ & $-0.0261016$ & $0.00460252$ & $0.0206081$ & $0.0171176$ & $0.0255268$ & $-0.0548768$ & $-0.0224066$ & $-0.00470399$ & $0.0851502$ & $0.025683$ & $-0.0178276$ & $0.00436697$ & $-0.0333128$ & $0.000142935$ & $0.12884$ & $0.0588974$ & $0.0342348$ & $0.00804825$ & $-0.126094$ & $0.0263542$ & $0.0999903$ & $0.00384275$ & $0.0782559$ & $-0.0212847$ & $-0.089656$ & $-0.0194012$ & $-0.138825$ & $0.00678806$ & $-0.159148$ & $1$ & $-0.0652684$ \\
eHbbpar & $-0.117704$ & $0.183007$ & $-0.105188$ & $0.0434208$ & $-0.0101643$ & $0.0082458$ & $0.0039546$ & $-0.060585$ & $-0.0534212$ & $0.0388878$ & $0.0249173$ & $0.0234363$ & $-0.00332887$ & $0.0396749$ & $0.0473432$ & $0.0682942$ & $0.0515386$ & $0.0325112$ & $0.0190034$ & $-0.0091185$ & $-0.0311533$ & $-0.0276698$ & $-0.074097$ & $0.0707608$ & $-0.000217833$ & $0.0425826$ & $-0.140019$ & $-0.0207666$ & $0.0320818$ & $0.00727554$ & $0.0229059$ & $-0.00237046$ & $0.398867$ & $-0.0808933$ & $-0.0671493$ & $0.113033$ & $0.0809522$ & $-0.0300599$ & $0.00446657$ & $0.0210815$ & $-0.114055$ & $0.0278167$ & $0.045379$ & $-0.0323751$ & $0.00109734$ & $0.0881631$ & $0.081453$ & $-0.0652684$ & $1$ \\
