 & AlsMz & dAle5Mz & mtop & mHl & Mz & CW & CHG & CHWB & CHWHB_gaga & CHWHB_gagaorth & CHD & CHbox & CH & CHL1_11 & CHL1_22 & CHL1_33 & CHL3_11 & CHL3_22 & CHL3_33 & CHe_11 & CHe_22 & CHe_33 & CHQ1_11 & CHQ1_33 & CHQ3_11 & CHu_11 & CHd_11 & CHd_33 & CeH_22r & CeH_33r & CuH_22r & CuH_33r & CdH_33r & CLL_1221 & eHggint & eHggpar & eHWWint & eHWWpar & eHZZint & eHZZpar & eHZgaint & eHZgapar & eHgagaint & eHmumuint & eHtautauint & eHccint & eHccpar & eHbbint & eHbbpar \\
AlsMz & $1$ & $-0.106454$ & $0.0257863$ & $0.000309382$ & $-0.00108786$ & $-0.0178656$ & $-0.0293203$ & $-0.0202913$ & $-0.0107638$ & $0.00532076$ & $0.0193348$ & $-0.048815$ & $0.0375107$ & $-0.0120176$ & $-0.0570465$ & $-0.0280779$ & $-0.00931915$ & $0.0261855$ & $0.012972$ & $-0.025997$ & $-0.022254$ & $-0.0188812$ & $0.0303604$ & $-0.0353357$ & $-0.0613319$ & $-0.0333365$ & $-0.00424588$ & $-0.00653467$ & $0.0209216$ & $0.0628418$ & $0.0497959$ & $-0.0239884$ & $0.0566085$ & $0.0206323$ & $0.0242499$ & $0.0622717$ & $-0.0480454$ & $0.00737997$ & $-0.0630325$ & $0.0148572$ & $-0.0268013$ & $0.0283479$ & $0.167579$ & $-0.166655$ & $0.133269$ & $0.0755202$ & $0.072916$ & $-0.0946224$ & $0.0911225$ \\
dAle5Mz & $-0.106454$ & $1$ & $0.152413$ & $0.0161066$ & $-0.020459$ & $0.0213308$ & $-0.0807552$ & $-0.0413544$ & $-0.0450257$ & $-0.00422279$ & $0.0210943$ & $-0.0763859$ & $0.0667675$ & $0.0124218$ & $0.0147379$ & $-0.0179215$ & $0.0205825$ & $0.0103559$ & $0.0279412$ & $-0.00711884$ & $-0.00688747$ & $-0.00755081$ & $-0.0323745$ & $0.0146042$ & $0.0270276$ & $0.025612$ & $-0.0139572$ & $-0.0631371$ & $0.0109323$ & $0.0233189$ & $0.0247367$ & $-0.0751496$ & $0.102934$ & $-0.00814313$ & $-0.088139$ & $-0.0163371$ & $-0.0218804$ & $0.0258125$ & $0.0855906$ & $-0.0638123$ & $-0.0612541$ & $-0.0130924$ & $-0.0826545$ & $0.0956286$ & $-0.0404874$ & $-0.0752651$ & $-0.106378$ & $0.110324$ & $0.135299$ \\
mtop & $0.0257863$ & $0.152413$ & $1$ & $-0.104359$ & $-0.0269314$ & $-0.00223896$ & $-0.0387238$ & $-0.0145565$ & $-0.0179173$ & $0.0122207$ & $0.0319871$ & $-0.00025239$ & $0.0147602$ & $-0.0350491$ & $0.00717898$ & $0.0353301$ & $-0.0311786$ & $-0.0330813$ & $-0.0561482$ & $-0.0225038$ & $-0.0292618$ & $-0.038991$ & $-0.0406655$ & $-0.0103305$ & $-0.0488337$ & $0.0453725$ & $-0.0463632$ & $-0.0592634$ & $-0.0119407$ & $0.00461752$ & $0.106702$ & $-0.0315686$ & $0.0214621$ & $-0.0114415$ & $0.177008$ & $0.0765994$ & $0.119824$ & $-0.0595932$ & $-0.0137338$ & $-0.054088$ & $-0.159882$ & $-0.013057$ & $-0.0652407$ & $-0.0783868$ & $-0.0118066$ & $0.0595443$ & $0.217841$ & $0.0129329$ & $-0.0053042$ \\
mHl & $0.000309382$ & $0.0161066$ & $-0.104359$ & $1$ & $0.018663$ & $0.0164291$ & $0.105764$ & $0.00880491$ & $-0.00167426$ & $0.0166535$ & $-0.0127908$ & $0.121209$ & $-0.130256$ & $0.0101086$ & $0.000197522$ & $0.00148504$ & $0.00893394$ & $0.00903575$ & $0.0127962$ & $0.0133526$ & $0.0151701$ & $0.0193307$ & $-0.00364249$ & $0.00162181$ & $0.00118788$ & $-0.0131587$ & $-0.00324687$ & $0.0183855$ & $-0.010208$ & $-0.1012$ & $0.00674194$ & $0.100277$ & $-0.106272$ & $0.00985436$ & $-0.169731$ & $-0.0614128$ & $0.0490483$ & $-0.0105392$ & $-0.146234$ & $0.0699559$ & $0.242431$ & $-0.0842202$ & $-0.0874687$ & $-0.23374$ & $-0.163682$ & $0.229698$ & $0.119258$ & $0.069199$ & $-0.0812656$ \\
Mz & $-0.00108786$ & $-0.020459$ & $-0.0269314$ & $0.018663$ & $1$ & $0.0122863$ & $0.0234609$ & $-0.0168605$ & $-0.0157521$ & $0.0110514$ & $0.0237988$ & $0.00652225$ & $-0.0176061$ & $-0.018872$ & $-0.00909334$ & $-0.00607497$ & $0.00966691$ & $0.00154457$ & $0.000832464$ & $-0.01863$ & $-0.0158666$ & $-0.0165487$ & $-0.00681195$ & $0.0139882$ & $-0.00835887$ & $0.0244369$ & $-0.0131331$ & $0.0147689$ & $0.0193031$ & $-0.0174657$ & $-0.0293404$ & $0.0257255$ & $-0.00418394$ & $-0.000557958$ & $0.0306709$ & $0.00916298$ & $0.054687$ & $0.0100912$ & $-0.0148672$ & $0.0113853$ & $-0.0073386$ & $-0.0170941$ & $0.0667699$ & $-0.00263807$ & $0.0539982$ & $0.0393921$ & $-0.0224442$ & $-0.0141573$ & $0.038622$ \\
CW & $-0.0178656$ & $0.0213308$ & $-0.00223896$ & $0.0164291$ & $0.0122863$ & $1$ & $0.0656875$ & $-0.068704$ & $-0.0724365$ & $0.0504578$ & $0.163641$ & $0.101774$ & $-0.0724019$ & $-0.0170835$ & $-0.068368$ & $-0.0597992$ & $-0.348062$ & $-0.150641$ & $-0.160154$ & $-0.157356$ & $-0.169288$ & $-0.171611$ & $-0.00781436$ & $-0.0820315$ & $-0.187682$ & $0.101955$ & $-0.0942351$ & $-0.0816936$ & $-0.0305879$ & $-0.0559334$ & $-0.00246305$ & $0.0738557$ & $-0.0393026$ & $-0.132294$ & $-0.0345483$ & $0.0225635$ & $-0.00325183$ & $0.0355829$ & $0.0220002$ & $0.0419595$ & $-0.0361147$ & $-0.000751626$ & $-0.0898585$ & $-0.0433551$ & $-0.0345968$ & $-0.00204758$ & $0.0227343$ & $-0.0168259$ & $0.0324571$ \\
CHG & $-0.0293203$ & $-0.0807552$ & $-0.0387238$ & $0.105764$ & $0.0234609$ & $0.0656875$ & $1$ & $-0.0426968$ & $-0.0251528$ & $0.203374$ & $0.117607$ & $0.669051$ & $-0.800092$ & $-0.155962$ & $-0.0258437$ & $-0.0151887$ & $-0.155087$ & $-0.138808$ & $-0.142442$ & $-0.112733$ & $-0.119416$ & $-0.114139$ & $0.0287436$ & $-0.0652737$ & $-0.133167$ & $0.0666523$ & $-0.0383508$ & $-0.0250458$ & $-0.132614$ & $-0.603948$ & $-0.369032$ & $0.958195$ & $-0.639933$ & $-0.031593$ & $-0.171007$ & $-0.0634527$ & $0.105021$ & $-0.00977503$ & $-0.0541695$ & $0.00585956$ & $-0.0284315$ & $-0.0342187$ & $-0.0580608$ & $-0.0233056$ & $-0.020243$ & $-0.0107155$ & $0.00370939$ & $0.0249198$ & $-0.0494781$ \\
CHWB & $-0.0202913$ & $-0.0413544$ & $-0.0145565$ & $0.00880491$ & $-0.0168605$ & $-0.068704$ & $-0.0426968$ & $1$ & $0.989129$ & $-0.562136$ & $-0.873928$ & $-0.185779$ & $0.0715585$ & $0.271144$ & $0.446722$ & $0.414525$ & $-0.203258$ & $-0.394695$ & $-0.373257$ & $0.856374$ & $0.889258$ & $0.880544$ & $0.0243346$ & $-0.626529$ & $-0.354421$ & $-0.593603$ & $0.421187$ & $0.397266$ & $-0.0029501$ & $0.0589427$ & $0.0544729$ & $-0.0419614$ & $0.0564232$ & $0.530974$ & $0.0447788$ & $0.058574$ & $-0.0289488$ & $-0.0046216$ & $0.0385434$ & $0.0143042$ & $0.0313966$ & $-0.034979$ & $0.0164589$ & $0.10165$ & $-0.0241823$ & $0.00306669$ & $0.006704$ & $-0.0198153$ & $-0.00828263$ \\
CHWHB_gaga & $-0.0107638$ & $-0.0450257$ & $-0.0179173$ & $-0.00167426$ & $-0.0157521$ & $-0.0724365$ & $-0.0251528$ & $0.989129$ & $1$ & $-0.560859$ & $-0.860958$ & $-0.186214$ & $0.0807248$ & $0.26136$ & $0.440501$ & $0.408506$ & $-0.207618$ & $-0.396647$ & $-0.375154$ & $0.843438$ & $0.876172$ & $0.868319$ & $0.0263254$ & $-0.62402$ & $-0.358191$ & $-0.584621$ & $0.416001$ & $0.396044$ & $0.0102184$ & $0.0812781$ & $0.0671737$ & $-0.0259049$ & $0.0807495$ & $0.526085$ & $0.037403$ & $0.0501201$ & $-0.0360934$ & $-0.00416191$ & $0.039377$ & $0.00881517$ & $0.0263796$ & $-0.0349286$ & $0.0589549$ & $0.110689$ & $-0.0255596$ & $-0.000967857$ & $0.00577329$ & $-0.0270943$ & $-0.00373942$ \\
CHWHB_gagaorth & $0.00532076$ & $-0.00422279$ & $0.0122207$ & $0.0166535$ & $0.0110514$ & $0.0504578$ & $0.203374$ & $-0.562136$ & $-0.560859$ & $1$ & $0.494017$ & $0.477958$ & $-0.271014$ & $-0.160422$ & $-0.240865$ & $-0.225859$ & $0.109545$ & $0.210669$ & $0.200507$ & $-0.483435$ & $-0.504546$ & $-0.501563$ & $0.00553376$ & $0.352552$ & $0.191597$ & $0.320768$ & $-0.243987$ & $-0.22262$ & $-0.0541302$ & $-0.249609$ & $-0.197187$ & $0.205125$ & $-0.275399$ & $-0.307727$ & $-0.0230494$ & $-0.0170021$ & $0.0395948$ & $0.0195719$ & $-0.0125643$ & $-0.016679$ & $-0.0678723$ & $-0.000570153$ & $-0.0609723$ & $-0.0897461$ & $-0.00193809$ & $-0.00974922$ & $-0.0116957$ & $-0.000410801$ & $-0.0154476$ \\
CHD & $0.0193348$ & $0.0210943$ & $0.0319871$ & $-0.0127908$ & $0.0237988$ & $0.163641$ & $0.117607$ & $-0.873928$ & $-0.860958$ & $0.494017$ & $1$ & $0.281247$ & $-0.139036$ & $-0.664488$ & $-0.568003$ & $-0.535809$ & $-0.267682$ & $-0.0288438$ & $-0.0492105$ & $-0.994551$ & $-0.994904$ & $-0.982304$ & $0.0236023$ & $0.213145$ & $-0.0807653$ & $0.677252$ & $-0.286913$ & $-0.448398$ & $-0.00520882$ & $-0.112417$ & $-0.0811734$ & $0.123847$ & $-0.120426$ & $-0.321211$ & $-0.0352206$ & $-0.0492997$ & $0.0204079$ & $0.0056966$ & $-0.040196$ & $-0.0247912$ & $-0.0313492$ & $0.0172994$ & $-0.00916494$ & $-0.0833659$ & $0.0134727$ & $0.00461454$ & $-0.00424681$ & $0.0266258$ & $0.00954308$ \\
CHbox & $-0.048815$ & $-0.0763859$ & $-0.00025239$ & $0.121209$ & $0.00652225$ & $0.101774$ & $0.669051$ & $-0.185779$ & $-0.186214$ & $0.477958$ & $0.281247$ & $1$ & $-0.820667$ & $-0.270485$ & $-0.104964$ & $-0.0898649$ & $-0.203785$ & $-0.152821$ & $-0.164191$ & $-0.271595$ & $-0.28391$ & $-0.280677$ & $0.00515088$ & $-0.0261822$ & $-0.15736$ & $0.190264$ & $-0.106595$ & $-0.13273$ & $-0.171258$ & $-0.564071$ & $-0.355424$ & $0.62606$ & $-0.597312$ & $-0.0997258$ & $-0.118352$ & $-0.0324919$ & $0.0985704$ & $-0.00371863$ & $-0.0571567$ & $-0.0385803$ & $-0.0493849$ & $-0.0371547$ & $-0.113764$ & $-0.102564$ & $-0.00535764$ & $-5.06633e-05$ & $-0.00921076$ & $0.0254305$ & $-0.0236266$ \\
CH & $0.0375107$ & $0.0667675$ & $0.0147602$ & $-0.130256$ & $-0.0176061$ & $-0.0724019$ & $-0.800092$ & $0.0715585$ & $0.0807248$ & $-0.271014$ & $-0.139036$ & $-0.820667$ & $1$ & $0.162346$ & $0.0372501$ & $0.038396$ & $0.137776$ & $0.122921$ & $0.121616$ & $0.134022$ & $0.14017$ & $0.138986$ & $-0.016068$ & $0.0404789$ & $0.112752$ & $-0.0853516$ & $0.0404522$ & $0.0788686$ & $0.216408$ & $0.733708$ & $0.441274$ & $-0.721587$ & $0.754813$ & $0.0458553$ & $0.160284$ & $0.0573107$ & $-0.10591$ & $0.00817043$ & $0.0573266$ & $0.0236213$ & $0.0334653$ & $0.0181411$ & $0.0918551$ & $0.0557416$ & $-0.0143915$ & $0.00387345$ & $0.0143561$ & $-0.033751$ & $-0.00180539$ \\
CHL1_11 & $-0.0120176$ & $0.0124218$ & $-0.0350491$ & $0.0101086$ & $-0.018872$ & $-0.0170835$ & $-0.155962$ & $0.271144$ & $0.26136$ & $-0.160422$ & $-0.664488$ & $-0.270485$ & $0.162346$ & $1$ & $0.425171$ & $0.399738$ & $0.63801$ & $0.587974$ & $0.600903$ & $0.676631$ & $0.633219$ & $0.6182$ & $-0.0782879$ & $0.4424$ & $0.602771$ & $-0.451828$ & $-0.058526$ & $0.290628$ & $0.0099988$ & $0.133085$ & $0.0835623$ & $-0.166166$ & $0.155034$ & $-0.188938$ & $0.0020937$ & $0.00751442$ & $0.00395849$ & $0.0207388$ & $0.0316794$ & $0.0396511$ & $0.0125642$ & $0.0198395$ & $-0.0247746$ & $0.00499078$ & $-0.0020705$ & $-0.0175146$ & $-0.000995913$ & $-0.0291694$ & $-0.00110558$ \\
CHL1_22 & $-0.0570465$ & $0.0147379$ & $0.00717898$ & $0.000197522$ & $-0.00909334$ & $-0.068368$ & $-0.0258437$ & $0.446722$ & $0.440501$ & $-0.240865$ & $-0.568003$ & $-0.104964$ & $0.0372501$ & $0.425171$ & $1$ & $0.524807$ & $0.182352$ & $-0.299043$ & $0.0213193$ & $0.613021$ & $0.510697$ & $0.498707$ & $-0.16844$ & $0.051186$ & $-0.0486081$ & $-0.359356$ & $-0.301939$ & $0.19519$ & $-0.0144425$ & $0.0443788$ & $0.0444625$ & $-0.0331695$ & $0.0344288$ & $-0.481085$ & $0.00518632$ & $0.0653586$ & $-0.0343348$ & $-0.0159864$ & $0.0439402$ & $-0.00253596$ & $0.0135442$ & $-0.0221047$ & $-0.0107424$ & $0.0945183$ & $-0.00125553$ & $0.00299972$ & $-0.0071194$ & $-0.0255178$ & $-0.0391215$ \\
CHL1_33 & $-0.0280779$ & $-0.0179215$ & $0.0353301$ & $0.00148504$ & $-0.00607497$ & $-0.0597992$ & $-0.0151887$ & $0.414525$ & $0.408506$ & $-0.225859$ & $-0.535809$ & $-0.0898649$ & $0.038396$ & $0.399738$ & $0.524807$ & $1$ & $0.188719$ & $0.0262321$ & $-0.289347$ & $0.582092$ & $0.479669$ & $0.489811$ & $-0.169779$ & $0.0726297$ & $-0.0372469$ & $-0.330195$ & $-0.306346$ & $0.218788$ & $-0.013032$ & $0.0349734$ & $0.0402772$ & $-0.0158332$ & $0.0465068$ & $-0.0529861$ & $0.0108307$ & $0.0229708$ & $-0.00131633$ & $-0.0434754$ & $0.0320484$ & $0.0360413$ & $0.0128428$ & $0.0106963$ & $-0.0250253$ & $0.0331597$ & $0.00102694$ & $0.0182322$ & $0.0119227$ & $0.00259859$ & $-0.0335368$ \\
CHL3_11 & $-0.00931915$ & $0.0205825$ & $-0.0311786$ & $0.00893394$ & $0.00966691$ & $-0.348062$ & $-0.155087$ & $-0.203258$ & $-0.207618$ & $0.109545$ & $-0.267682$ & $-0.203785$ & $0.137776$ & $0.63801$ & $0.182352$ & $0.188719$ & $1$ & $0.818068$ & $0.814646$ & $0.278665$ & $0.242813$ & $0.238601$ & $-0.0616299$ & $0.743593$ & $0.855118$ & $-0.179784$ & $-0.138054$ & $0.118996$ & $0.0223877$ & $0.104038$ & $0.0458494$ & $-0.170434$ & $0.12046$ & $-0.236909$ & $-0.010606$ & $-0.0115459$ & $0.0161407$ & $-0.020471$ & $-0.00639596$ & $0.0117181$ & $0.00314468$ & $0.0299308$ & $0.0120594$ & $-0.0214093$ & $0.0254705$ & $-0.0111827$ & $-0.00650865$ & $-0.00458606$ & $-0.0050698$ \\
CHL3_22 & $0.0261855$ & $0.0103559$ & $-0.0330813$ & $0.00903575$ & $0.00154457$ & $-0.150641$ & $-0.138808$ & $-0.394695$ & $-0.396647$ & $0.210669$ & $-0.0288438$ & $-0.152821$ & $0.122921$ & $0.587974$ & $-0.299043$ & $0.0262321$ & $0.818068$ & $1$ & $0.775967$ & $0.0277861$ & $0.0223264$ & $0.0220807$ & $-0.00115186$ & $0.735971$ & $0.86392$ & $-0.0301178$ & $-0.056168$ & $0.0402675$ & $0.0239071$ & $0.0886271$ & $0.0348732$ & $-0.148246$ & $0.115444$ & $-0.0644619$ & $-0.0132553$ & $-0.0517379$ & $0.0382091$ & $0.00380252$ & $-0.0206233$ & $0.02727$ & $-0.00393887$ & $0.045748$ & $-0.00824169$ & $-0.0832899$ & $0.0193079$ & $-0.0143273$ & $0.00284754$ & $0.000822897$ & $0.0148918$ \\
CHL3_33 & $0.012972$ & $0.0279412$ & $-0.0561482$ & $0.0127962$ & $0.000832464$ & $-0.160154$ & $-0.142442$ & $-0.373257$ & $-0.375154$ & $0.200507$ & $-0.0492105$ & $-0.164191$ & $0.121616$ & $0.600903$ & $0.0213193$ & $-0.289347$ & $0.814646$ & $0.775967$ & $1$ & $0.0464253$ & $0.0431724$ & $0.040428$ & $0.00300676$ & $0.719167$ & $0.857664$ & $-0.0498743$ & $-0.0455409$ & $0.0212511$ & $0.0256349$ & $0.0926897$ & $0.0384012$ & $-0.155575$ & $0.105221$ & $-0.354606$ & $-0.0142444$ & $-0.0227716$ & $0.0134071$ & $0.0200294$ & $-0.0128017$ & $0.00586811$ & $0.000629665$ & $0.0259452$ & $0.00256815$ & $-0.0412481$ & $0.0265039$ & $-0.0228044$ & $-0.00882431$ & $-0.0151996$ & $0.00886628$ \\
CHe_11 & $-0.025997$ & $-0.00711884$ & $-0.0225038$ & $0.0133526$ & $-0.01863$ & $-0.157356$ & $-0.112733$ & $0.856374$ & $0.843438$ & $-0.483435$ & $-0.994551$ & $-0.271595$ & $0.134022$ & $0.676631$ & $0.613021$ & $0.582092$ & $0.278665$ & $0.0277861$ & $0.0464253$ & $1$ & $0.984107$ & $0.971336$ & $-0.0445097$ & $-0.178666$ & $0.0838355$ & $-0.66994$ & $0.227638$ & $0.441987$ & $0.00197259$ & $0.108709$ & $0.0818779$ & $-0.119095$ & $0.117538$ & $0.261744$ & $0.0341191$ & $0.0505497$ & $-0.0162526$ & $-0.00914712$ & $0.0412739$ & $0.0251836$ & $0.0288015$ & $-0.0174049$ & $0.00427282$ & $0.0823592$ & $-0.0124223$ & $-0.00528981$ & $0.00680108$ & $-0.0265392$ & $-0.0130553$ \\
CHe_22 & $-0.022254$ & $-0.00688747$ & $-0.0292618$ & $0.0151701$ & $-0.0158666$ & $-0.169288$ & $-0.119416$ & $0.889258$ & $0.876172$ & $-0.504546$ & $-0.994904$ & $-0.28391$ & $0.14017$ & $0.633219$ & $0.510697$ & $0.479669$ & $0.242813$ & $0.0223264$ & $0.0431724$ & $0.984107$ & $1$ & $0.9859$ & $-0.0039056$ & $-0.257527$ & $0.0669306$ & $-0.677067$ & $0.349084$ & $0.450847$ & $0.0056571$ & $0.110989$ & $0.0804128$ & $-0.125416$ & $0.120531$ & $0.390244$ & $0.0368122$ & $0.0475724$ & $-0.018525$ & $-0.00157073$ & $0.0389435$ & $0.0222089$ & $0.0299356$ & $-0.0172727$ & $0.0132781$ & $0.0834294$ & $-0.0140193$ & $-0.0065463$ & $0.00331173$ & $-0.0228208$ & $-0.00510897$ \\
CHe_33 & $-0.0188812$ & $-0.00755081$ & $-0.038991$ & $0.0193307$ & $-0.0165487$ & $-0.171611$ & $-0.114139$ & $0.880544$ & $0.868319$ & $-0.501563$ & $-0.982304$ & $-0.280677$ & $0.138986$ & $0.6182$ & $0.498707$ & $0.489811$ & $0.238601$ & $0.0220807$ & $0.040428$ & $0.971336$ & $0.9859$ & $1$ & $-0.00316$ & $-0.258049$ & $0.0639869$ & $-0.668321$ & $0.350281$ & $0.444266$ & $0.00874805$ & $0.10847$ & $0.0802504$ & $-0.118697$ & $0.118976$ & $0.397189$ & $0.0366721$ & $0.0423269$ & $-0.0277902$ & $-0.0118492$ & $0.0364601$ & $0.0247301$ & $0.0352538$ & $-0.0198292$ & $0.0120995$ & $0.0903143$ & $-0.00912335$ & $-0.00666985$ & $0.00290533$ & $-0.023291$ & $-0.00209887$ \\
CHQ1_11 & $0.0303604$ & $-0.0323745$ & $-0.0406655$ & $-0.00364249$ & $-0.00681195$ & $-0.00781436$ & $0.0287436$ & $0.0243346$ & $0.0263254$ & $0.00553376$ & $0.0236023$ & $0.00515088$ & $-0.016068$ & $-0.0782879$ & $-0.16844$ & $-0.169779$ & $-0.0616299$ & $-0.00115186$ & $0.00300676$ & $-0.0445097$ & $-0.0039056$ & $-0.00316$ & $1$ & $-0.112883$ & $0.072542$ & $-0.577272$ & $0.353563$ & $-0.0101447$ & $0.00332295$ & $-0.0216061$ & $-0.0185852$ & $0.0244003$ & $-0.00713273$ & $0.175485$ & $-0.0134179$ & $-0.026723$ & $0.0212108$ & $0.00591253$ & $-0.00639436$ & $-0.0297988$ & $-0.060377$ & $0.0440631$ & $0.0222079$ & $0.0321676$ & $0.0148768$ & $0.031603$ & $-0.0446479$ & $-0.0222416$ & $0.0342987$ \\
CHQ1_33 & $-0.0353357$ & $0.0146042$ & $-0.0103305$ & $0.00162181$ & $0.0139882$ & $-0.0820315$ & $-0.0652737$ & $-0.626529$ & $-0.62402$ & $0.352552$ & $0.213145$ & $-0.0261822$ & $0.0404789$ & $0.4424$ & $0.051186$ & $0.0726297$ & $0.743593$ & $0.735971$ & $0.719167$ & $-0.178666$ & $-0.257527$ & $-0.258049$ & $-0.112883$ & $1$ & $0.744363$ & $0.160767$ & $-0.414714$ & $-0.0366366$ & $-0.000937269$ & $0.0285782$ & $-0.00117936$ & $-0.0787202$ & $0.0385609$ & $-0.610546$ & $-0.0151491$ & $-0.0274655$ & $0.0354456$ & $-0.0219566$ & $-0.0174885$ & $0.0264984$ & $-0.00806131$ & $0.0455219$ & $-0.0115946$ & $-0.0648683$ & $0.0294858$ & $-0.00537816$ & $-0.00347172$ & $0.0078762$ & $-0.011765$ \\
CHQ3_11 & $-0.0613319$ & $0.0270276$ & $-0.0488337$ & $0.00118788$ & $-0.00835887$ & $-0.187682$ & $-0.133167$ & $-0.354421$ & $-0.358191$ & $0.191597$ & $-0.0807653$ & $-0.15736$ & $0.112752$ & $0.602771$ & $-0.0486081$ & $-0.0372469$ & $0.855118$ & $0.86392$ & $0.857664$ & $0.0838355$ & $0.0669306$ & $0.0639869$ & $0.072542$ & $0.744363$ & $1$ & $-0.0683738$ & $0.115783$ & $0.0410445$ & $0.0183357$ & $0.0750069$ & $0.0421835$ & $-0.146326$ & $0.09863$ & $-0.242917$ & $-0.00721823$ & $-0.044881$ & $0.0443305$ & $-0.0010495$ & $-0.00429454$ & $0.00522346$ & $-0.00867373$ & $0.0408147$ & $-0.00390651$ & $-0.0356407$ & $0.0264945$ & $-0.022523$ & $-0.00715946$ & $-0.00835297$ & $-0.00520529$ \\
CHu_11 & $-0.0333365$ & $0.025612$ & $0.0453725$ & $-0.0131587$ & $0.0244369$ & $0.101955$ & $0.0666523$ & $-0.593603$ & $-0.584621$ & $0.320768$ & $0.677252$ & $0.190264$ & $-0.0853516$ & $-0.451828$ & $-0.359356$ & $-0.330195$ & $-0.179784$ & $-0.0301178$ & $-0.0498743$ & $-0.66994$ & $-0.677067$ & $-0.668321$ & $-0.577272$ & $0.160767$ & $-0.0683738$ & $1$ & $-0.21007$ & $-0.2956$ & $-0.000323625$ & $-0.0649974$ & $-0.0516707$ & $0.0739425$ & $-0.073972$ & $-0.239628$ & $-0.000244015$ & $-0.0364914$ & $0.0127733$ & $0.00408296$ & $-0.0325583$ & $0.00452624$ & $0.0254166$ & $-0.0274866$ & $0.00848397$ & $-0.0635701$ & $-0.00694395$ & $-0.0220782$ & $0.0227561$ & $0.0233297$ & $-0.00898815$ \\
CHd_11 & $-0.00424588$ & $-0.0139572$ & $-0.0463632$ & $-0.00324687$ & $-0.0131331$ & $-0.0942351$ & $-0.0383508$ & $0.421187$ & $0.416001$ & $-0.243987$ & $-0.286913$ & $-0.106595$ & $0.0404522$ & $-0.058526$ & $-0.301939$ & $-0.306346$ & $-0.138054$ & $-0.056168$ & $-0.0455409$ & $0.227638$ & $0.349084$ & $0.350281$ & $0.353563$ & $-0.414714$ & $0.115783$ & $-0.21007$ & $1$ & $0.15102$ & $0.0117352$ & $0.00945743$ & $0.0173952$ & $-0.0396231$ & $0.0191259$ & $0.691291$ & $0.0555168$ & $-0.00827545$ & $0.0243615$ & $0.000660114$ & $0.00121908$ & $-0.0107085$ & $0.00563011$ & $-0.00840791$ & $0.0581688$ & $0.045583$ & $0.00820666$ & $-0.0045681$ & $-0.00291079$ & $-0.00887452$ & $0.020928$ \\
CHd_33 & $-0.00653467$ & $-0.0631371$ & $-0.0592634$ & $0.0183855$ & $0.0147689$ & $-0.0816936$ & $-0.0250458$ & $0.397266$ & $0.396044$ & $-0.22262$ & $-0.448398$ & $-0.13273$ & $0.0788686$ & $0.290628$ & $0.19519$ & $0.218788$ & $0.118996$ & $0.0402675$ & $0.0212511$ & $0.441987$ & $0.450847$ & $0.444266$ & $-0.0101447$ & $-0.0366366$ & $0.0410445$ & $-0.2956$ & $0.15102$ & $1$ & $-0.00383598$ & $0.0719849$ & $0.0653402$ & $-0.0196379$ & $0.0585501$ & $0.203167$ & $-0.00935259$ & $0.0268919$ & $-0.00886028$ & $-0.00281089$ & $-0.0260808$ & $0.0402892$ & $0.026313$ & $0.0210158$ & $0.0272247$ & $0.0556425$ & $-0.0105911$ & $-0.0349218$ & $0.0137787$ & $-0.0372176$ & $-0.0162335$ \\
CeH_22r & $0.0209216$ & $0.0109323$ & $-0.0119407$ & $-0.010208$ & $0.0193031$ & $-0.0305879$ & $-0.132614$ & $-0.0029501$ & $0.0102184$ & $-0.0541302$ & $-0.00520882$ & $-0.171258$ & $0.216408$ & $0.0099988$ & $-0.0144425$ & $-0.013032$ & $0.0223877$ & $0.0239071$ & $0.0256349$ & $0.00197259$ & $0.0056571$ & $0.00874805$ & $0.00332295$ & $-0.000937269$ & $0.0183357$ & $-0.000323625$ & $0.0117352$ & $-0.00383598$ & $1$ & $0.162442$ & $0.0969456$ & $-0.121444$ & $0.183875$ & $0.0159746$ & $0.00233417$ & $-0.0440713$ & $-0.0466776$ & $-0.0302981$ & $0.0136924$ & $0.00329648$ & $0.0110125$ & $0.0211635$ & $0.0606934$ & $0.038756$ & $-0.0431953$ & $-0.0181812$ & $-0.00745104$ & $-0.012516$ & $-0.0227488$ \\
CeH_33r & $0.0628418$ & $0.0233189$ & $0.00461752$ & $-0.1012$ & $-0.0174657$ & $-0.0559334$ & $-0.603948$ & $0.0589427$ & $0.0812781$ & $-0.249609$ & $-0.112417$ & $-0.564071$ & $0.733708$ & $0.133085$ & $0.0443788$ & $0.0349734$ & $0.104038$ & $0.0886271$ & $0.0926897$ & $0.108709$ & $0.110989$ & $0.10847$ & $-0.0216061$ & $0.0285782$ & $0.0750069$ & $-0.0649974$ & $0.00945743$ & $0.0719849$ & $0.162442$ & $1$ & $0.502856$ & $-0.472573$ & $0.831243$ & $0.0203808$ & $0.096643$ & $0.0241208$ & $-0.147155$ & $-0.0138677$ & $0.0289535$ & $0.00363581$ & $-0.000680398$ & $0.00516611$ & $0.0712309$ & $0.0395766$ & $0.0527587$ & $-0.00874412$ & $0.00789134$ & $-0.0255974$ & $0.00661933$ \\
CuH_22r & $0.0497959$ & $0.0247367$ & $0.106702$ & $0.00674194$ & $-0.0293404$ & $-0.00246305$ & $-0.369032$ & $0.0544729$ & $0.0671737$ & $-0.197187$ & $-0.0811734$ & $-0.355424$ & $0.441274$ & $0.0835623$ & $0.0444625$ & $0.0402772$ & $0.0458494$ & $0.0348732$ & $0.0384012$ & $0.0818779$ & $0.0804128$ & $0.0802504$ & $-0.0185852$ & $-0.00117936$ & $0.0421835$ & $-0.0516707$ & $0.0173952$ & $0.0653402$ & $0.0969456$ & $0.502856$ & $1$ & $-0.281655$ & $0.529924$ & $0.00975134$ & $0.0766837$ & $0.0331937$ & $-0.0718928$ & $-0.0164361$ & $-0.0669529$ & $-0.00741938$ & $0.0147988$ & $-0.03223$ & $-0.0154308$ & $-0.0559623$ & $0.00536009$ & $0.0395614$ & $0.268393$ & $-0.0041608$ & $-0.0192889$ \\
CuH_33r & $-0.0239884$ & $-0.0751496$ & $-0.0315686$ & $0.100277$ & $0.0257255$ & $0.0738557$ & $0.958195$ & $-0.0419614$ & $-0.0259049$ & $0.205125$ & $0.123847$ & $0.62606$ & $-0.721587$ & $-0.166166$ & $-0.0331695$ & $-0.0158332$ & $-0.170434$ & $-0.148246$ & $-0.155575$ & $-0.119095$ & $-0.125416$ & $-0.118697$ & $0.0244003$ & $-0.0787202$ & $-0.146326$ & $0.0739425$ & $-0.0396231$ & $-0.0196379$ & $-0.121444$ & $-0.472573$ & $-0.281655$ & $1$ & $-0.493811$ & $-0.0259444$ & $-0.136949$ & $-0.0454974$ & $0.0736036$ & $-0.0144126$ & $-0.0436281$ & $0.00671067$ & $-0.0354241$ & $-0.0349989$ & $-0.050554$ & $-0.0182797$ & $-0.0154695$ & $-0.00455866$ & $0.00237012$ & $0.0234571$ & $-0.0428681$ \\
CdH_33r & $0.0566085$ & $0.102934$ & $0.0214621$ & $-0.106272$ & $-0.00418394$ & $-0.0393026$ & $-0.639933$ & $0.0564232$ & $0.0807495$ & $-0.275399$ & $-0.120426$ & $-0.597312$ & $0.754813$ & $0.155034$ & $0.0344288$ & $0.0465068$ & $0.12046$ & $0.115444$ & $0.105221$ & $0.117538$ & $0.120531$ & $0.118976$ & $-0.00713273$ & $0.0385609$ & $0.09863$ & $-0.073972$ & $0.0191259$ & $0.0585501$ & $0.183875$ & $0.831243$ & $0.529924$ & $-0.493811$ & $1$ & $0.028927$ & $0.117215$ & $0.0243286$ & $-0.213491$ & $0.00213089$ & $0.0261524$ & $-0.0435776$ & $-0.0179805$ & $0.0323709$ & $0.0887835$ & $0.0357983$ & $0.0487453$ & $0.0756294$ & $-0.03197$ & $0.0339239$ & $0.302248$ \\
CLL_1221 & $0.0206323$ & $-0.00814313$ & $-0.0114415$ & $0.00985436$ & $-0.000557958$ & $-0.132294$ & $-0.031593$ & $0.530974$ & $0.526085$ & $-0.307727$ & $-0.321211$ & $-0.0997258$ & $0.0458553$ & $-0.188938$ & $-0.481085$ & $-0.0529861$ & $-0.236909$ & $-0.0644619$ & $-0.354606$ & $0.261744$ & $0.390244$ & $0.397189$ & $0.175485$ & $-0.610546$ & $-0.242917$ & $-0.239628$ & $0.691291$ & $0.203167$ & $0.0159746$ & $0.0203808$ & $0.00975134$ & $-0.0259444$ & $0.028927$ & $1$ & $0.0356816$ & $-0.00183895$ & $0.001232$ & $-0.00671246$ & $-0.00726338$ & $0.00610073$ & $0.0168084$ & $-0.0141373$ & $0.0361665$ & $0.0246278$ & $-0.0178102$ & $0.000349201$ & $0.00387609$ & $0.018964$ & $0.0297787$ \\
eHggint & $0.0242499$ & $-0.088139$ & $0.177008$ & $-0.169731$ & $0.0306709$ & $-0.0345483$ & $-0.171007$ & $0.0447788$ & $0.037403$ & $-0.0230494$ & $-0.0352206$ & $-0.118352$ & $0.160284$ & $0.0020937$ & $0.00518632$ & $0.0108307$ & $-0.010606$ & $-0.0132553$ & $-0.0142444$ & $0.0341191$ & $0.0368122$ & $0.0366721$ & $-0.0134179$ & $-0.0151491$ & $-0.00721823$ & $-0.000244015$ & $0.0555168$ & $-0.00935259$ & $0.00233417$ & $0.096643$ & $0.0766837$ & $-0.136949$ & $0.117215$ & $0.0356816$ & $1$ & $0.0566465$ & $-0.150075$ & $-0.00836826$ & $-0.0443929$ & $0.037221$ & $-0.0547172$ & $0.0516068$ & $0.123445$ & $0.026328$ & $0.180662$ & $0.0220484$ & $0.14332$ & $0.0865671$ & $0.0529801$ \\
eHggpar & $0.0622717$ & $-0.0163371$ & $0.0765994$ & $-0.0614128$ & $0.00916298$ & $0.0225635$ & $-0.0634527$ & $0.058574$ & $0.0501201$ & $-0.0170021$ & $-0.0492997$ & $-0.0324919$ & $0.0573107$ & $0.00751442$ & $0.0653586$ & $0.0229708$ & $-0.0115459$ & $-0.0517379$ & $-0.0227716$ & $0.0505497$ & $0.0475724$ & $0.0423269$ & $-0.026723$ & $-0.0274655$ & $-0.044881$ & $-0.0364914$ & $-0.00827545$ & $0.0268919$ & $-0.0440713$ & $0.0241208$ & $0.0331937$ & $-0.0454974$ & $0.0243286$ & $-0.00183895$ & $0.0566465$ & $1$ & $0.052096$ & $-0.0592186$ & $0.0726042$ & $0.0037917$ & $0.0115824$ & $-0.0043468$ & $0.00129506$ & $0.0907525$ & $0.0891524$ & $0.021247$ & $0.0470621$ & $-0.118759$ & $0.0749752$ \\
eHWWint & $-0.0480454$ & $-0.0218804$ & $0.119824$ & $0.0490483$ & $0.054687$ & $-0.00325183$ & $0.105021$ & $-0.0289488$ & $-0.0360934$ & $0.0395948$ & $0.0204079$ & $0.0985704$ & $-0.10591$ & $0.00395849$ & $-0.0343348$ & $-0.00131633$ & $0.0161407$ & $0.0382091$ & $0.0134071$ & $-0.0162526$ & $-0.018525$ & $-0.0277902$ & $0.0212108$ & $0.0354456$ & $0.0443305$ & $0.0127733$ & $0.0243615$ & $-0.00886028$ & $-0.0466776$ & $-0.147155$ & $-0.0718928$ & $0.0736036$ & $-0.213491$ & $0.001232$ & $-0.150075$ & $0.052096$ & $1$ & $-0.0621222$ & $-0.0297495$ & $0.0136664$ & $0.0366383$ & $-0.028958$ & $-0.0666206$ & $-0.131009$ & $-0.00513109$ & $0.148032$ & $0.090227$ & $0.07837$ & $-0.19855$ \\
eHWWpar & $0.00737997$ & $0.0258125$ & $-0.0595932$ & $-0.0105392$ & $0.0100912$ & $0.0355829$ & $-0.00977503$ & $-0.0046216$ & $-0.00416191$ & $0.0195719$ & $0.0056966$ & $-0.00371863$ & $0.00817043$ & $0.0207388$ & $-0.0159864$ & $-0.0434754$ & $-0.020471$ & $0.00380252$ & $0.0200294$ & $-0.00914712$ & $-0.00157073$ & $-0.0118492$ & $0.00591253$ & $-0.0219566$ & $-0.0010495$ & $0.00408296$ & $0.000660114$ & $-0.00281089$ & $-0.0302981$ & $-0.0138677$ & $-0.0164361$ & $-0.0144126$ & $0.00213089$ & $-0.00671246$ & $-0.00836826$ & $-0.0592186$ & $-0.0621222$ & $1$ & $-0.0162592$ & $-0.00389867$ & $-0.0300453$ & $0.0363423$ & $-0.0022852$ & $-0.0316289$ & $3.54122e-05$ & $-0.0399778$ & $0.0357925$ & $-0.0274189$ & $0.0146508$ \\
eHZZint & $-0.0630325$ & $0.0855906$ & $-0.0137338$ & $-0.146234$ & $-0.0148672$ & $0.0220002$ & $-0.0541695$ & $0.0385434$ & $0.039377$ & $-0.0125643$ & $-0.040196$ & $-0.0571567$ & $0.0573266$ & $0.0316794$ & $0.0439402$ & $0.0320484$ & $-0.00639596$ & $-0.0206233$ & $-0.0128017$ & $0.0412739$ & $0.0389435$ & $0.0364601$ & $-0.00639436$ & $-0.0174885$ & $-0.00429454$ & $-0.0325583$ & $0.00121908$ & $-0.0260808$ & $0.0136924$ & $0.0289535$ & $-0.0669529$ & $-0.0436281$ & $0.0261524$ & $-0.00726338$ & $-0.0443929$ & $0.0726042$ & $-0.0297495$ & $-0.0162592$ & $1$ & $-0.0423906$ & $-0.135929$ & $-0.0129256$ & $0.0778302$ & $0.0298395$ & $-0.0219767$ & $0.188839$ & $-0.181304$ & $-0.0739749$ & $0.0203343$ \\
eHZZpar & $0.0148572$ & $-0.0638123$ & $-0.054088$ & $0.0699559$ & $0.0113853$ & $0.0419595$ & $0.00585956$ & $0.0143042$ & $0.00881517$ & $-0.016679$ & $-0.0247912$ & $-0.0385803$ & $0.0236213$ & $0.0396511$ & $-0.00253596$ & $0.0360413$ & $0.0117181$ & $0.02727$ & $0.00586811$ & $0.0251836$ & $0.0222089$ & $0.0247301$ & $-0.0297988$ & $0.0264984$ & $0.00522346$ & $0.00452624$ & $-0.0107085$ & $0.0402892$ & $0.00329648$ & $0.00363581$ & $-0.00741938$ & $0.00671067$ & $-0.0435776$ & $0.00610073$ & $0.037221$ & $0.0037917$ & $0.0136664$ & $-0.00389867$ & $-0.0423906$ & $1$ & $0.115886$ & $-0.00761686$ & $-0.0445889$ & $-0.0600915$ & $-0.100533$ & $-0.0599491$ & $0.0797481$ & $0.0214297$ & $-0.146978$ \\
eHZgaint & $-0.0268013$ & $-0.0612541$ & $-0.159882$ & $0.242431$ & $-0.0073386$ & $-0.0361147$ & $-0.0284315$ & $0.0313966$ & $0.0263796$ & $-0.0678723$ & $-0.0313492$ & $-0.0493849$ & $0.0334653$ & $0.0125642$ & $0.0135442$ & $0.0128428$ & $0.00314468$ & $-0.00393887$ & $0.000629665$ & $0.0288015$ & $0.0299356$ & $0.0352538$ & $-0.060377$ & $-0.00806131$ & $-0.00867373$ & $0.0254166$ & $0.00563011$ & $0.026313$ & $0.0110125$ & $-0.000680398$ & $0.0147988$ & $-0.0354241$ & $-0.0179805$ & $0.0168084$ & $-0.0547172$ & $0.0115824$ & $0.0366383$ & $-0.0300453$ & $-0.135929$ & $0.115886$ & $1$ & $-0.054423$ & $0.0229937$ & $-0.0415957$ & $-0.0406347$ & $0.0993739$ & $0.120199$ & $0.0270026$ & $-0.0764726$ \\
eHZgapar & $0.0283479$ & $-0.0130924$ & $-0.013057$ & $-0.0842202$ & $-0.0170941$ & $-0.000751626$ & $-0.0342187$ & $-0.034979$ & $-0.0349286$ & $-0.000570153$ & $0.0172994$ & $-0.0371547$ & $0.0181411$ & $0.0198395$ & $-0.0221047$ & $0.0106963$ & $0.0299308$ & $0.045748$ & $0.0259452$ & $-0.0174049$ & $-0.0172727$ & $-0.0198292$ & $0.0440631$ & $0.0455219$ & $0.0408147$ & $-0.0274866$ & $-0.00840791$ & $0.0210158$ & $0.0211635$ & $0.00516611$ & $-0.03223$ & $-0.0349989$ & $0.0323709$ & $-0.0141373$ & $0.0516068$ & $-0.0043468$ & $-0.028958$ & $0.0363423$ & $-0.0129256$ & $-0.00761686$ & $-0.054423$ & $1$ & $-0.0226428$ & $0.0236342$ & $0.0854917$ & $-0.0358258$ & $-0.0903176$ & $0.048663$ & $0.0543122$ \\
eHgagaint & $0.167579$ & $-0.0826545$ & $-0.0652407$ & $-0.0874687$ & $0.0667699$ & $-0.0898585$ & $-0.0580608$ & $0.0164589$ & $0.0589549$ & $-0.0609723$ & $-0.00916494$ & $-0.113764$ & $0.0918551$ & $-0.0247746$ & $-0.0107424$ & $-0.0250253$ & $0.0120594$ & $-0.00824169$ & $0.00256815$ & $0.00427282$ & $0.0132781$ & $0.0120995$ & $0.0222079$ & $-0.0115946$ & $-0.00390651$ & $0.00848397$ & $0.0581688$ & $0.0272247$ & $0.0606934$ & $0.0712309$ & $-0.0154308$ & $-0.050554$ & $0.0887835$ & $0.0361665$ & $0.123445$ & $0.00129506$ & $-0.0666206$ & $-0.0022852$ & $0.0778302$ & $-0.0445889$ & $0.0229937$ & $-0.0226428$ & $1$ & $0.23268$ & $0.0439789$ & $0.00989544$ & $-0.0530617$ & $-0.115816$ & $0.114645$ \\
eHmumuint & $-0.166655$ & $0.0956286$ & $-0.0783868$ & $-0.23374$ & $-0.00263807$ & $-0.0433551$ & $-0.0233056$ & $0.10165$ & $0.110689$ & $-0.0897461$ & $-0.0833659$ & $-0.102564$ & $0.0557416$ & $0.00499078$ & $0.0945183$ & $0.0331597$ & $-0.0214093$ & $-0.0832899$ & $-0.0412481$ & $0.0823592$ & $0.0834294$ & $0.0903143$ & $0.0321676$ & $-0.0648683$ & $-0.0356407$ & $-0.0635701$ & $0.045583$ & $0.0556425$ & $0.038756$ & $0.0395766$ & $-0.0559623$ & $-0.0182797$ & $0.0357983$ & $0.0246278$ & $0.026328$ & $0.0907525$ & $-0.131009$ & $-0.0316289$ & $0.0298395$ & $-0.0600915$ & $-0.0415957$ & $0.0236342$ & $0.23268$ & $1$ & $-0.0798727$ & $-0.0853253$ & $-0.309151$ & $-0.00133376$ & $-0.0238841$ \\
eHtautauint & $0.133269$ & $-0.0404874$ & $-0.0118066$ & $-0.163682$ & $0.0539982$ & $-0.0345968$ & $-0.020243$ & $-0.0241823$ & $-0.0255596$ & $-0.00193809$ & $0.0134727$ & $-0.00535764$ & $-0.0143915$ & $-0.0020705$ & $-0.00125553$ & $0.00102694$ & $0.0254705$ & $0.0193079$ & $0.0265039$ & $-0.0124223$ & $-0.0140193$ & $-0.00912335$ & $0.0148768$ & $0.0294858$ & $0.0264945$ & $-0.00694395$ & $0.00820666$ & $-0.0105911$ & $-0.0431953$ & $0.0527587$ & $0.00536009$ & $-0.0154695$ & $0.0487453$ & $-0.0178102$ & $0.180662$ & $0.0891524$ & $-0.00513109$ & $3.54122e-05$ & $-0.0219767$ & $-0.100533$ & $-0.0406347$ & $0.0854917$ & $0.0439789$ & $-0.0798727$ & $1$ & $0.0897049$ & $0.0140506$ & $0.07977$ & $0.170327$ \\
eHccint & $0.0755202$ & $-0.0752651$ & $0.0595443$ & $0.229698$ & $0.0393921$ & $-0.00204758$ & $-0.0107155$ & $0.00306669$ & $-0.000967857$ & $-0.00974922$ & $0.00461454$ & $-5.06633e-05$ & $0.00387345$ & $-0.0175146$ & $0.00299972$ & $0.0182322$ & $-0.0111827$ & $-0.0143273$ & $-0.0228044$ & $-0.00528981$ & $-0.0065463$ & $-0.00666985$ & $0.031603$ & $-0.00537816$ & $-0.022523$ & $-0.0220782$ & $-0.0045681$ & $-0.0349218$ & $-0.0181812$ & $-0.00874412$ & $0.0395614$ & $-0.00455866$ & $0.0756294$ & $0.000349201$ & $0.0220484$ & $0.021247$ & $0.148032$ & $-0.0399778$ & $0.188839$ & $-0.0599491$ & $0.0993739$ & $-0.0358258$ & $0.00989544$ & $-0.0853253$ & $0.0897049$ & $1$ & $0.0019594$ & $0.182642$ & $0.229953$ \\
eHccpar & $0.072916$ & $-0.106378$ & $0.217841$ & $0.119258$ & $-0.0224442$ & $0.0227343$ & $0.00370939$ & $0.006704$ & $0.00577329$ & $-0.0116957$ & $-0.00424681$ & $-0.00921076$ & $0.0143561$ & $-0.000995913$ & $-0.0071194$ & $0.0119227$ & $-0.00650865$ & $0.00284754$ & $-0.00882431$ & $0.00680108$ & $0.00331173$ & $0.00290533$ & $-0.0446479$ & $-0.00347172$ & $-0.00715946$ & $0.0227561$ & $-0.00291079$ & $0.0137787$ & $-0.00745104$ & $0.00789134$ & $0.268393$ & $0.00237012$ & $-0.03197$ & $0.00387609$ & $0.14332$ & $0.0470621$ & $0.090227$ & $0.0357925$ & $-0.181304$ & $0.0797481$ & $0.120199$ & $-0.0903176$ & $-0.0530617$ & $-0.309151$ & $0.0140506$ & $0.0019594$ & $1$ & $-0.0657124$ & $-0.115388$ \\
eHbbint & $-0.0946224$ & $0.110324$ & $0.0129329$ & $0.069199$ & $-0.0141573$ & $-0.0168259$ & $0.0249198$ & $-0.0198153$ & $-0.0270943$ & $-0.000410801$ & $0.0266258$ & $0.0254305$ & $-0.033751$ & $-0.0291694$ & $-0.0255178$ & $0.00259859$ & $-0.00458606$ & $0.000822897$ & $-0.0151996$ & $-0.0265392$ & $-0.0228208$ & $-0.023291$ & $-0.0222416$ & $0.0078762$ & $-0.00835297$ & $0.0233297$ & $-0.00887452$ & $-0.0372176$ & $-0.012516$ & $-0.0255974$ & $-0.0041608$ & $0.0234571$ & $0.0339239$ & $0.018964$ & $0.0865671$ & $-0.118759$ & $0.07837$ & $-0.0274189$ & $-0.0739749$ & $0.0214297$ & $0.0270026$ & $0.048663$ & $-0.115816$ & $-0.00133376$ & $0.07977$ & $0.182642$ & $-0.0657124$ & $1$ & $-0.0660221$ \\
eHbbpar & $0.0911225$ & $0.135299$ & $-0.0053042$ & $-0.0812656$ & $0.038622$ & $0.0324571$ & $-0.0494781$ & $-0.00828263$ & $-0.00373942$ & $-0.0154476$ & $0.00954308$ & $-0.0236266$ & $-0.00180539$ & $-0.00110558$ & $-0.0391215$ & $-0.0335368$ & $-0.0050698$ & $0.0148918$ & $0.00886628$ & $-0.0130553$ & $-0.00510897$ & $-0.00209887$ & $0.0342987$ & $-0.011765$ & $-0.00520529$ & $-0.00898815$ & $0.020928$ & $-0.0162335$ & $-0.0227488$ & $0.00661933$ & $-0.0192889$ & $-0.0428681$ & $0.302248$ & $0.0297787$ & $0.0529801$ & $0.0749752$ & $-0.19855$ & $0.0146508$ & $0.0203343$ & $-0.146978$ & $-0.0764726$ & $0.0543122$ & $0.114645$ & $-0.0238841$ & $0.170327$ & $0.229953$ & $-0.115388$ & $-0.0660221$ & $1$ \\
