 & AlsMz & dAle5Mz & mtop & mHl & Mz & CW & CHG & CHWB & CHWHB_gaga & CHWHB_gagaorth & CHD & CHbox & CH & CHL1_11 & CHL1_22 & CHL1_33 & CHL3_11 & CHL3_22 & CHL3_33 & CHe_11 & CHe_22 & CHe_33 & CHQ1_11 & CHQ1_33 & CHQ3_11 & CHu_11 & CHd_11 & CHd_33 & CeH_22r & CeH_33r & CuH_22r & CuH_33r & CdH_33r & CLL_1221 & eHggint & eHggpar & eHWWint & eHWWpar & eHZZint & eHZZpar & eHZgaint & eHZgapar & eHgagaint & eHmumuint & eHtautauint & eHccint & eHccpar & eHbbint & eHbbpar \\
AlsMz & $1$ & $0.127136$ & $0.196051$ & $-0.116003$ & $-0.0102787$ & $0.00420806$ & $0.0247294$ & $-0.0558522$ & $-0.061363$ & $0.0280921$ & $0.0403374$ & $-0.0238823$ & $-0.0254936$ & $-0.00544833$ & $-0.0172333$ & $-0.0117142$ & $0.0143344$ & $0.0244219$ & $0.0214154$ & $-0.0420101$ & $-0.0460128$ & $-0.0460621$ & $-0.0257607$ & $-0.00750874$ & $-0.0636114$ & $0.0108406$ & $-0.0691404$ & $-0.023655$ & $-0.00844422$ & $-0.0438459$ & $-0.0604547$ & $0.0159785$ & $-0.0484494$ & $-0.0363665$ & $0.0302115$ & $0.0031162$ & $0.328741$ & $-0.026073$ & $-0.110218$ & $-0.052058$ & $0.308201$ & $0.0263089$ & $-0.0885427$ & $0.146758$ & $-0.165525$ & $-0.158726$ & $-0.0917423$ & $0.169926$ & $-0.0534317$ \\
dAle5Mz & $0.127136$ & $1$ & $-0.127702$ & $0.00111464$ & $-0.0158602$ & $0.0109924$ & $0.0239466$ & $0.00316974$ & $0.00267839$ & $0.0152317$ & $-0.00397432$ & $-0.0184156$ & $-0.0239456$ & $-0.00771997$ & $-0.0219049$ & $0.00326445$ & $-0.00678994$ & $0.000178937$ & $-0.0163923$ & $0.00892951$ & $0.0143934$ & $0.0141572$ & $0.0165123$ & $-0.0275113$ & $-0.00895925$ & $-0.0163124$ & $0.0397659$ & $0.0224193$ & $-0.0103902$ & $-0.0225613$ & $-0.00438708$ & $0.0372195$ & $-0.0210706$ & $0.057484$ & $0.217438$ & $0.217822$ & $0.0312115$ & $0.00941207$ & $-0.186401$ & $-0.0174919$ & $0.132386$ & $-0.0297822$ & $0.0509635$ & $0.0220709$ & $0.112916$ & $0.0135359$ & $0.0352649$ & $-0.127076$ & $0.049213$ \\
mtop & $0.196051$ & $-0.127702$ & $1$ & $0.0383915$ & $-8.82194e-05$ & $0.00884422$ & $0.0594192$ & $0.00932223$ & $0.00799474$ & $0.0120634$ & $0.00175852$ & $-0.0644214$ & $-0.0726186$ & $-0.0062262$ & $-0.0319285$ & $-0.0310951$ & $-0.00660299$ & $0.00680618$ & $0.006185$ & $-0.00245561$ & $0.00508186$ & $0.00440373$ & $0.00886866$ & $-0.0180897$ & $-0.00518526$ & $-0.00577163$ & $0.0477325$ & $-0.0120228$ & $-0.0266995$ & $-0.068736$ & $-0.0880922$ & $0.049952$ & $-0.049618$ & $0.036112$ & $0.125281$ & $-0.136053$ & $0.16489$ & $-0.0153148$ & $-0.134493$ & $-0.0143465$ & $-0.154865$ & $-0.0154736$ & $0.00396416$ & $-0.157175$ & $-0.192426$ & $0.132858$ & $-0.217706$ & $0.0389151$ & $0.0513256$ \\
mHl & $-0.116003$ & $0.00111464$ & $0.0383915$ & $1$ & $-0.0231237$ & $-0.000262915$ & $0.0435678$ & $0.00370511$ & $0.00562941$ & $0.00385457$ & $-0.00482717$ & $-0.0210813$ & $-0.0367667$ & $0.00648338$ & $-0.0131544$ & $-0.0210925$ & $0.00616464$ & $0.0109765$ & $0.0178089$ & $0.00334361$ & $0.00777974$ & $0.0103836$ & $0.0301155$ & $0.00413155$ & $0.0296133$ & $-0.00663858$ & $0.0437145$ & $-0.000865617$ & $-0.0244241$ & $-0.0256931$ & $-0.0346799$ & $0.0481249$ & $0.0565481$ & $0.0158406$ & $-0.0189038$ & $0.169062$ & $0.0258658$ & $0.0263152$ & $0.0466748$ & $0.00368845$ & $0.042226$ & $0.00194821$ & $0.0440362$ & $-0.30996$ & $0.0476862$ & $0.214093$ & $-0.157715$ & $-0.0362751$ & $0.302385$ \\
Mz & $-0.0102787$ & $-0.0158602$ & $-8.82194e-05$ & $-0.0231237$ & $1$ & $0.000835337$ & $0.000628053$ & $-0.00812741$ & $-0.00742571$ & $0.0022416$ & $0.0133404$ & $-0.00252229$ & $-0.0053483$ & $0.00140957$ & $0.00431223$ & $0.00269182$ & $-0.00108954$ & $-0.00169996$ & $-0.00131753$ & $-0.00712097$ & $-0.00786837$ & $-0.00651853$ & $-0.00746081$ & $0.00289014$ & $-0.00359458$ & $0.00916549$ & $-0.0162272$ & $-0.00689868$ & $-0.000302958$ & $-0.00699091$ & $-0.00614224$ & $-0.00230267$ & $-0.0095428$ & $-0.014457$ & $-0.00963748$ & $0.00553745$ & $0.0125153$ & $-0.0071769$ & $0.00379735$ & $0.00245581$ & $-0.00140687$ & $-0.00376268$ & $0.0179361$ & $0.00449672$ & $0.000106838$ & $0.00901916$ & $-0.016815$ & $0.00661961$ & $-0.0132753$ \\
CW & $0.00420806$ & $0.0109924$ & $0.00884422$ & $-0.000262915$ & $0.000835337$ & $1$ & $0.0471347$ & $-0.0381804$ & $-0.0366537$ & $0.0158584$ & $0.152646$ & $-0.0234784$ & $-0.0568617$ & $-0.04204$ & $-0.0963781$ & $-0.0914066$ & $-0.374584$ & $-0.1704$ & $-0.171421$ & $-0.151074$ & $-0.153659$ & $-0.151232$ & $-0.00583557$ & $-0.13026$ & $-0.208608$ & $0.112844$ & $-0.0396209$ & $-0.0724486$ & $-0.00893885$ & $-0.0344157$ & $-0.0271286$ & $0.0505919$ & $-0.0488874$ & $-0.0809557$ & $0.000670214$ & $0.0101993$ & $-0.00535149$ & $-0.000985$ & $-0.0160897$ & $-0.0149457$ & $-0.0238805$ & $-0.00283966$ & $-0.00544067$ & $0.0156537$ & $0.00805583$ & $0.00257275$ & $0.00968963$ & $-0.0071965$ & $-0.0136113$ \\
CHG & $0.0247294$ & $0.0239466$ & $0.0594192$ & $0.0435678$ & $0.000628053$ & $0.0471347$ & $1$ & $-0.042362$ & $-0.0229143$ & $0.186738$ & $0.0982344$ & $-0.689192$ & $-0.779837$ & $-0.123378$ & $-0.0507311$ & $-0.0386154$ & $-0.113173$ & $-0.0873653$ & $-0.0950013$ & $-0.0957543$ & $-0.0964101$ & $-0.0954469$ & $-0.0169871$ & $-0.057192$ & $-0.096559$ & $0.0816314$ & $-0.0181722$ & $-0.0458984$ & $-0.123377$ & $-0.600076$ & $-0.399128$ & $0.954453$ & $-0.619344$ & $-0.000749075$ & $-0.0606375$ & $-0.0851354$ & $0.0173572$ & $-0.00385896$ & $0.0370317$ & $0.0042634$ & $0.0148047$ & $0.00862066$ & $0.0228004$ & $0.0764057$ & $-0.0260433$ & $0.0706879$ & $-0.0650892$ & $0.0190961$ & $0.0323528$ \\
CHWB & $-0.0558522$ & $0.00316974$ & $0.00932223$ & $0.00370511$ & $-0.00812741$ & $-0.0381804$ & $-0.042362$ & $1$ & $0.990331$ & $-0.572064$ & $-0.873422$ & $-0.0582865$ & $0.0464074$ & $0.276587$ & $0.474014$ & $0.468915$ & $-0.219457$ & $-0.404915$ & $-0.40388$ & $0.857847$ & $0.886934$ & $0.87758$ & $0.0193877$ & $-0.622083$ & $-0.373848$ & $-0.603782$ & $0.392451$ & $0.38299$ & $0.004801$ & $0.0598477$ & $0.0543162$ & $-0.0479816$ & $0.0581461$ & $0.519244$ & $-0.0313403$ & $-0.000892046$ & $-0.028482$ & $0.0171456$ & $-0.029868$ & $-0.0100516$ & $-0.0228525$ & $-0.0128297$ & $0.0324854$ & $-0.0510922$ & $-0.0126291$ & $0.0464024$ & $0.0460623$ & $-0.00887076$ & $-0.0128928$ \\
CHWHB_gaga & $-0.061363$ & $0.00267839$ & $0.00799474$ & $0.00562941$ & $-0.00742571$ & $-0.0366537$ & $-0.0229143$ & $0.990331$ & $1$ & $-0.568162$ & $-0.863423$ & $-0.0475263$ & $0.0532242$ & $0.271025$ & $0.468852$ & $0.464073$ & $-0.220455$ & $-0.403738$ & $-0.40261$ & $0.848136$ & $0.87685$ & $0.867854$ & $0.0189419$ & $-0.617805$ & $-0.372149$ & $-0.596392$ & $0.389331$ & $0.378118$ & $0.0122039$ & $0.0789057$ & $0.066869$ & $-0.0304815$ & $0.0756882$ & $0.514473$ & $-0.0453996$ & $-0.00672807$ & $-0.0424296$ & $0.0172847$ & $-0.0281569$ & $-0.0105014$ & $-0.0243621$ & $-0.0133714$ & $0.0761451$ & $-0.0457795$ & $-0.0148949$ & $0.0475$ & $0.0431547$ & $-0.00922829$ & $-0.0241873$ \\
CHWHB_gagaorth & $0.0280921$ & $0.0152317$ & $0.0120634$ & $0.00385457$ & $0.0022416$ & $0.0158584$ & $0.186738$ & $-0.572064$ & $-0.568162$ & $1$ & $0.493901$ & $-0.00685868$ & $-0.23693$ & $-0.149722$ & $-0.261134$ & $-0.262204$ & $0.137139$ & $0.23705$ & $0.238473$ & $-0.484329$ & $-0.502174$ & $-0.497373$ & $-0.0164104$ & $0.363852$ & $0.224751$ & $0.343998$ & $-0.226021$ & $-0.217247$ & $-0.0423502$ & $-0.231151$ & $-0.165404$ & $0.19529$ & $-0.249379$ & $-0.304409$ & $0.0551783$ & $-0.0108892$ & $0.0231926$ & $-0.00594507$ & $0.0166338$ & $0.0131973$ & $-0.0303285$ & $0.0239775$ & $-0.0275462$ & $0.0443821$ & $0.0183143$ & $-0.00860018$ & $-0.0224562$ & $-0.00296161$ & $0.0128491$ \\
CHD & $0.0403374$ & $-0.00397432$ & $0.00175852$ & $-0.00482717$ & $0.0133404$ & $0.152646$ & $0.0982344$ & $-0.873422$ & $-0.863423$ & $0.493901$ & $1$ & $0.0349016$ & $-0.109051$ & $-0.67001$ & $-0.587056$ & $-0.577909$ & $-0.255023$ & $-0.0211508$ & $-0.0217707$ & $-0.995155$ & $-0.995238$ & $-0.983562$ & $0.0394284$ & $0.207312$ & $-0.0628938$ & $0.680074$ & $-0.260608$ & $-0.427566$ & $-0.00991623$ & $-0.106956$ & $-0.0881397$ & $0.111112$ & $-0.113938$ & $-0.310038$ & $0.016945$ & $0.018176$ & $0.0415141$ & $-0.0112196$ & $0.0234253$ & $0.000386273$ & $0.0129753$ & $0.00742138$ & $-0.0338913$ & $0.0109986$ & $0.00737289$ & $-0.0402947$ & $-0.0362002$ & $0.0237726$ & $0.0161742$ \\
CHbox & $-0.0238823$ & $-0.0184156$ & $-0.0644214$ & $-0.0210813$ & $-0.00252229$ & $-0.0234784$ & $-0.689192$ & $-0.0582865$ & $-0.0475263$ & $-0.00685868$ & $0.0349016$ & $1$ & $0.887745$ & $0.00776691$ & $-0.00592181$ & $-0.00726922$ & $0.0463112$ & $0.0431496$ & $0.0447533$ & $-0.0330923$ & $-0.0381122$ & $-0.037603$ & $0.0126471$ & $0.058955$ & $0.0460534$ & $0.0107904$ & $-0.0379242$ & $-0.0252769$ & $0.170924$ & $0.685379$ & $0.434917$ & $-0.59485$ & $0.698458$ & $-0.0459999$ & $0.0998645$ & $0.107952$ & $-0.0204406$ & $0.00315268$ & $-0.0039167$ & $0.0167831$ & $-0.0413164$ & $-0.00818115$ & $-0.0215565$ & $-0.0644244$ & $0.062807$ & $-0.0776218$ & $0.0869209$ & $-0.0231026$ & $-0.0535648$ \\
CH & $-0.0254936$ & $-0.0239456$ & $-0.0726186$ & $-0.0367667$ & $-0.0053483$ & $-0.0568617$ & $-0.779837$ & $0.0464074$ & $0.0532242$ & $-0.23693$ & $-0.109051$ & $0.887745$ & $1$ & $0.135854$ & $0.0516827$ & $0.045598$ & $0.129248$ & $0.100871$ & $0.10495$ & $0.105698$ & $0.10747$ & $0.10594$ & $0.0130653$ & $0.0617205$ & $0.106572$ & $-0.0885119$ & $0.0172208$ & $0.0393812$ & $0.18412$ & $0.73689$ & $0.476243$ & $-0.697894$ & $0.755758$ & $0.00676045$ & $0.0619762$ & $0.110026$ & $-0.0213214$ & $0.00760617$ & $-0.0370801$ & $0.000330165$ & $-0.0269538$ & $-0.0137264$ & $-0.0113251$ & $-0.0818094$ & $0.04167$ & $-0.0884822$ & $0.0813206$ & $-0.0291167$ & $-0.0429593$ \\
CHL1_11 & $-0.00544833$ & $-0.00771997$ & $-0.0062262$ & $0.00648338$ & $0.00140957$ & $-0.04204$ & $-0.123378$ & $0.276587$ & $0.271025$ & $-0.149722$ & $-0.67001$ & $0.00776691$ & $0.135854$ & $1$ & $0.410284$ & $0.40001$ & $0.639924$ & $0.593312$ & $0.593055$ & $0.679306$ & $0.643646$ & $0.633764$ & $-0.104503$ & $0.440855$ & $0.598589$ & $-0.440628$ & $-0.0522125$ & $0.273074$ & $0.00824885$ & $0.115141$ & $0.0873771$ & $-0.139883$ & $0.130284$ & $-0.174219$ & $0.0100841$ & $-0.0357253$ & $-0.0407247$ & $0.00241429$ & $-0.00598642$ & $0.00884667$ & $-0.00755222$ & $-0.00127805$ & $0.020813$ & $0.0461121$ & $0.00459505$ & $0.0177598$ & $0.00477211$ & $-0.0327966$ & $-0.0169522$ \\
CHL1_22 & $-0.0172333$ & $-0.0219049$ & $-0.0319285$ & $-0.0131544$ & $0.00431223$ & $-0.0963781$ & $-0.0507311$ & $0.474014$ & $0.468852$ & $-0.261134$ & $-0.587056$ & $-0.00592181$ & $0.0516827$ & $0.410284$ & $1$ & $0.528963$ & $0.177223$ & $-0.309657$ & $0.00346753$ & $0.627341$ & $0.533056$ & $0.525113$ & $-0.165101$ & $0.0315723$ & $-0.0575191$ & $-0.372687$ & $-0.282432$ & $0.229555$ & $-0.00590099$ & $0.0606457$ & $0.0446416$ & $-0.0546567$ & $0.060084$ & $-0.467011$ & $0.025769$ & $-0.0396337$ & $-0.0284661$ & $-0.0123351$ & $0.0156307$ & $0.0162875$ & $-0.0121928$ & $-0.010365$ & $-0.00153722$ & $0.0453446$ & $-0.0091484$ & $0.027293$ & $0.00990927$ & $-0.0275549$ & $-0.0151908$ \\
CHL1_33 & $-0.0117142$ & $0.00326445$ & $-0.0310951$ & $-0.0210925$ & $0.00269182$ & $-0.0914066$ & $-0.0386154$ & $0.468915$ & $0.464073$ & $-0.262204$ & $-0.577909$ & $-0.00726922$ & $0.045598$ & $0.40001$ & $0.528963$ & $1$ & $0.169852$ & $0.00289678$ & $-0.306968$ & $0.617847$ & $0.525804$ & $0.536554$ & $-0.165071$ & $0.0261512$ & $-0.061168$ & $-0.363617$ & $-0.277372$ & $0.227991$ & $0.00155299$ & $0.0576442$ & $0.0395718$ & $-0.0396392$ & $0.0595899$ & $-0.0046907$ & $0.0326647$ & $-0.0328107$ & $-0.0187143$ & $-0.0115425$ & $0.00537491$ & $0.00887434$ & $-0.00734787$ & $-0.00224184$ & $0.00229066$ & $0.0394993$ & $5.17404e-05$ & $0.0332478$ & $0.000495177$ & $-0.0133952$ & $-0.0149126$ \\
CHL3_11 & $0.0143344$ & $-0.00678994$ & $-0.00660299$ & $0.00616464$ & $-0.00108954$ & $-0.374584$ & $-0.113173$ & $-0.219457$ & $-0.220455$ & $0.137139$ & $-0.255023$ & $0.0463112$ & $0.129248$ & $0.639924$ & $0.177223$ & $0.169852$ & $1$ & $0.817967$ & $0.81773$ & $0.265622$ & $0.232313$ & $0.227798$ & $-0.0800231$ & $0.755041$ & $0.854582$ & $-0.162504$ & $-0.154733$ & $0.0954776$ & $0.0144682$ & $0.0951965$ & $0.0695837$ & $-0.128474$ & $0.112644$ & $-0.259707$ & $0.0185552$ & $-0.0311015$ & $-0.02629$ & $-0.0124857$ & $0.0109649$ & $0.018886$ & $0.0192966$ & $0.0126709$ & $0.00709909$ & $0.0613487$ & $0.00635015$ & $-0.0119186$ & $-0.0178167$ & $-0.0266425$ & $-0.00124243$ \\
CHL3_22 & $0.0244219$ & $0.000178937$ & $0.00680618$ & $0.0109765$ & $-0.00169996$ & $-0.1704$ & $-0.0873653$ & $-0.404915$ & $-0.403738$ & $0.23705$ & $-0.0211508$ & $0.0431496$ & $0.100871$ & $0.593312$ & $-0.309657$ & $0.00289678$ & $0.817967$ & $1$ & $0.783186$ & $0.0199815$ & $0.0172019$ & $0.0174109$ & $-0.0237638$ & $0.740904$ & $0.862421$ & $-0.0109107$ & $-0.0615351$ & $0.0030975$ & $0.014165$ & $0.0667828$ & $0.0482109$ & $-0.100296$ & $0.0846182$ & $-0.068939$ & $0.00938765$ & $-0.0163908$ & $-0.0149868$ & $-0.00351854$ & $0.00160917$ & $0.0087931$ & $0.0177886$ & $0.0151743$ & $0.00790296$ & $0.0453074$ & $0.0130882$ & $-0.0191011$ & $-0.0221733$ & $-0.0145857$ & $0.00086505$ \\
CHL3_33 & $0.0214154$ & $-0.0163923$ & $0.006185$ & $0.0178089$ & $-0.00131753$ & $-0.171421$ & $-0.0950013$ & $-0.40388$ & $-0.40261$ & $0.238473$ & $-0.0217707$ & $0.0447533$ & $0.10495$ & $0.593055$ & $0.00346753$ & $-0.306968$ & $0.81773$ & $0.783186$ & $1$ & $0.0203521$ & $0.0178414$ & $0.0176803$ & $-0.0207406$ & $0.740934$ & $0.864245$ & $-0.0129298$ & $-0.0566347$ & $0.0024788$ & $0.00856457$ & $0.0680301$ & $0.0510582$ & $-0.109785$ & $0.085316$ & $-0.381344$ & $0.00381986$ & $-0.0211595$ & $-0.0221989$ & $-0.00329038$ & $0.00900402$ & $0.0141306$ & $0.0136948$ & $0.00862973$ & $0.00665923$ & $0.0488487$ & $0.00776868$ & $-0.0218049$ & $-0.0164922$ & $-0.0225372$ & $0.00199307$ \\
CHe_11 & $-0.0420101$ & $0.00892951$ & $-0.00245561$ & $0.00334361$ & $-0.00712097$ & $-0.151074$ & $-0.0957543$ & $0.857847$ & $0.848136$ & $-0.484329$ & $-0.995155$ & $-0.0330923$ & $0.105698$ & $0.679306$ & $0.627341$ & $0.617847$ & $0.265622$ & $0.0199815$ & $0.0203521$ & $1$ & $0.985519$ & $0.974182$ & $-0.0554918$ & $-0.175491$ & $0.0675783$ & $-0.674398$ & $0.209291$ & $0.423578$ & $0.00875546$ & $0.105395$ & $0.0866272$ & $-0.107843$ & $0.112529$ & $0.255157$ & $-0.0102987$ & $-0.0201355$ & $-0.0426097$ & $0.00886565$ & $-0.022242$ & $0.00150939$ & $-0.0138065$ & $-0.00772144$ & $0.0325317$ & $-0.00511587$ & $-0.00599798$ & $0.0424773$ & $0.0338871$ & $-0.0265536$ & $-0.0156205$ \\
CHe_22 & $-0.0460128$ & $0.0143934$ & $0.00508186$ & $0.00777974$ & $-0.00786837$ & $-0.153659$ & $-0.0964101$ & $0.886934$ & $0.87685$ & $-0.502174$ & $-0.995238$ & $-0.0381122$ & $0.10747$ & $0.643646$ & $0.533056$ & $0.525804$ & $0.232313$ & $0.0172019$ & $0.0178414$ & $0.985519$ & $1$ & $0.986293$ & $-0.019083$ & $-0.247655$ & $0.0519934$ & $-0.68125$ & $0.32072$ & $0.429009$ & $0.0107356$ & $0.104547$ & $0.0875062$ & $-0.109495$ & $0.111666$ & $0.375248$ & $-0.0200492$ & $-0.0124917$ & $-0.0412775$ & $0.0136391$ & $-0.0288873$ & $-0.00231769$ & $-0.0145058$ & $-0.00808434$ & $0.0371792$ & $-0.0202653$ & $-0.00674739$ & $0.041278$ & $0.0384926$ & $-0.0241316$ & $-0.0145791$ \\
CHe_33 & $-0.0460621$ & $0.0141572$ & $0.00440373$ & $0.0103836$ & $-0.00651853$ & $-0.151232$ & $-0.0954469$ & $0.87758$ & $0.867854$ & $-0.497373$ & $-0.983562$ & $-0.037603$ & $0.10594$ & $0.633764$ & $0.525113$ & $0.536554$ & $0.227798$ & $0.0174109$ & $0.0176803$ & $0.974182$ & $0.986293$ & $1$ & $-0.0178423$ & $-0.245926$ & $0.0514698$ & $-0.672658$ & $0.319733$ & $0.42392$ & $0.00978157$ & $0.103712$ & $0.0864956$ & $-0.107893$ & $0.111629$ & $0.375423$ & $-0.0207038$ & $-0.0134045$ & $-0.042668$ & $0.0146579$ & $-0.0275747$ & $-0.00319029$ & $-0.0153158$ & $-0.00668709$ & $0.0398119$ & $-0.0203646$ & $-0.00623807$ & $0.0422207$ & $0.0368534$ & $-0.025055$ & $-0.0126418$ \\
CHQ1_11 & $-0.0257607$ & $0.0165123$ & $0.00886866$ & $0.0301155$ & $-0.00746081$ & $-0.00583557$ & $-0.0169871$ & $0.0193877$ & $0.0189419$ & $-0.0164104$ & $0.0394284$ & $0.0126471$ & $0.0130653$ & $-0.104503$ & $-0.165101$ & $-0.165071$ & $-0.0800231$ & $-0.0237638$ & $-0.0207406$ & $-0.0554918$ & $-0.019083$ & $-0.0178423$ & $1$ & $-0.120029$ & $0.0376463$ & $-0.566149$ & $0.33111$ & $-0.0218953$ & $0.0186768$ & $0.00603935$ & $0.0149768$ & $-0.0164834$ & $0.00143418$ & $0.178279$ & $-0.0234314$ & $0.0306044$ & $-0.00669483$ & $0.0004751$ & $-0.0222859$ & $0.00677861$ & $-0.0150672$ & $0.00232379$ & $0.0201809$ & $-0.0582402$ & $0.00444127$ & $0.0193571$ & $0.0225987$ & $0.0105338$ & $-0.000835196$ \\
CHQ1_33 & $-0.00750874$ & $-0.0275113$ & $-0.0180897$ & $0.00413155$ & $0.00289014$ & $-0.13026$ & $-0.057192$ & $-0.622083$ & $-0.617805$ & $0.363852$ & $0.207312$ & $0.058955$ & $0.0617205$ & $0.440855$ & $0.0315723$ & $0.0261512$ & $0.755041$ & $0.740904$ & $0.740934$ & $-0.175491$ & $-0.247655$ & $-0.245926$ & $-0.120029$ & $1$ & $0.756801$ & $0.165045$ & $-0.393615$ & $-0.0306579$ & $0.00191098$ & $0.0406563$ & $0.0263692$ & $-0.0637577$ & $0.0524901$ & $-0.60657$ & $0.0330083$ & $-0.0325772$ & $-0.0295244$ & $-0.0178601$ & $0.0350506$ & $0.0215825$ & $0.00348374$ & $0.0111528$ & $-0.00760006$ & $0.0799763$ & $0.0193544$ & $-0.0216377$ & $-0.0349136$ & $-0.0314459$ & $0.00403418$ \\
CHQ3_11 & $-0.0636114$ & $-0.00895925$ & $-0.00518526$ & $0.0296133$ & $-0.00359458$ & $-0.208608$ & $-0.096559$ & $-0.373848$ & $-0.372149$ & $0.224751$ & $-0.0628938$ & $0.0460534$ & $0.106572$ & $0.598589$ & $-0.0575191$ & $-0.061168$ & $0.854582$ & $0.862421$ & $0.864245$ & $0.0675783$ & $0.0519934$ & $0.0514698$ & $0.0376463$ & $0.756801$ & $1$ & $-0.0343319$ & $0.114149$ & $0.0172083$ & $0.0154681$ & $0.0728022$ & $0.0573082$ & $-0.110552$ & $0.0953369$ & $-0.264451$ & $-0.00848289$ & $-0.0024497$ & $-0.0454893$ & $0.00340239$ & $0.00793123$ & $0.0120762$ & $-0.00792955$ & $0.01096$ & $0.0162043$ & $0.0155$ & $0.0240524$ & $-0.00806153$ & $-7.66004e-05$ & $-0.0286577$ & $0.0155211$ \\
CHu_11 & $0.0108406$ & $-0.0163124$ & $-0.00577163$ & $-0.00663858$ & $0.00916549$ & $0.112844$ & $0.0816314$ & $-0.603782$ & $-0.596392$ & $0.343998$ & $0.680074$ & $0.0107904$ & $-0.0885119$ & $-0.440628$ & $-0.372687$ & $-0.363617$ & $-0.162504$ & $-0.0109107$ & $-0.0129298$ & $-0.674398$ & $-0.68125$ & $-0.672658$ & $-0.566149$ & $0.165045$ & $-0.0343319$ & $1$ & $-0.184736$ & $-0.283575$ & $-0.0123153$ & $-0.0848201$ & $-0.0709271$ & $0.0889631$ & $-0.0815618$ & $-0.247556$ & $0.000291373$ & $0.00851816$ & $0.0247119$ & $0.000845857$ & $0.0229695$ & $-0.00843286$ & $0.00688815$ & $0.00426393$ & $-0.0325212$ & $0.0159646$ & $0.00868114$ & $-0.039202$ & $-0.0264746$ & $0.0130273$ & $0.0269165$ \\
CHd_11 & $-0.0691404$ & $0.0397659$ & $0.0477325$ & $0.0437145$ & $-0.0162272$ & $-0.0396209$ & $-0.0181722$ & $0.392451$ & $0.389331$ & $-0.226021$ & $-0.260608$ & $-0.0379242$ & $0.0172208$ & $-0.0522125$ & $-0.282432$ & $-0.277372$ & $-0.154733$ & $-0.0615351$ & $-0.0566347$ & $0.209291$ & $0.32072$ & $0.319733$ & $0.33111$ & $-0.393615$ & $0.114149$ & $-0.184736$ & $1$ & $0.123498$ & $0.0166525$ & $0.0109735$ & $0.0252498$ & $-0.0249779$ & $0.0217836$ & $0.65976$ & $-0.0862002$ & $0.0669028$ & $-0.0186103$ & $0.0380317$ & $-0.0507096$ & $-0.0256984$ & $-0.0132638$ & $-0.00259473$ & $0.0423639$ & $-0.125156$ & $0.00252599$ & $0.0104952$ & $0.0561096$ & $0.00973571$ & $0.0268608$ \\
CHd_33 & $-0.023655$ & $0.0224193$ & $-0.0120228$ & $-0.000865617$ & $-0.00689868$ & $-0.0724486$ & $-0.0458984$ & $0.38299$ & $0.378118$ & $-0.217247$ & $-0.427566$ & $-0.0252769$ & $0.0393812$ & $0.273074$ & $0.229555$ & $0.227991$ & $0.0954776$ & $0.0030975$ & $0.0024788$ & $0.423578$ & $0.429009$ & $0.42392$ & $-0.0218953$ & $-0.0306579$ & $0.0172083$ & $-0.283575$ & $0.123498$ & $1$ & $-0.00105437$ & $0.0405344$ & $0.0353887$ & $-0.0539354$ & $0.0389634$ & $0.163192$ & $0.000206335$ & $-0.00146844$ & $-0.0267844$ & $0.0105195$ & $-0.0132309$ & $-0.00500576$ & $-0.00303229$ & $-0.00210147$ & $0.0117712$ & $0.0066053$ & $0.0150682$ & $0.00871856$ & $0.0274783$ & $-0.0366876$ & $-0.000209215$ \\
CeH_22r & $-0.00844422$ & $-0.0103902$ & $-0.0266995$ & $-0.0244241$ & $-0.000302958$ & $-0.00893885$ & $-0.123377$ & $0.004801$ & $0.0122039$ & $-0.0423502$ & $-0.00991623$ & $0.170924$ & $0.18412$ & $0.00824885$ & $-0.00590099$ & $0.00155299$ & $0.0144682$ & $0.014165$ & $0.00856457$ & $0.00875546$ & $0.0107356$ & $0.00978157$ & $0.0186768$ & $0.00191098$ & $0.0154681$ & $-0.0123153$ & $0.0166525$ & $-0.00105437$ & $1$ & $0.157548$ & $0.104477$ & $-0.115156$ & $0.165461$ & $0.0134095$ & $0.0255358$ & $0.00639615$ & $-0.0140261$ & $0.0018596$ & $-0.00108461$ & $0.00990475$ & $-0.00927326$ & $0.000200116$ & $-0.00300215$ & $-0.021298$ & $0.0138652$ & $-0.024424$ & $0.0164515$ & $-0.0127183$ & $-0.0110602$ \\
CeH_33r & $-0.0438459$ & $-0.0225613$ & $-0.068736$ & $-0.0256931$ & $-0.00699091$ & $-0.0344157$ & $-0.600076$ & $0.0598477$ & $0.0789057$ & $-0.231151$ & $-0.106956$ & $0.685379$ & $0.73689$ & $0.115141$ & $0.0606457$ & $0.0576442$ & $0.0951965$ & $0.0667828$ & $0.0680301$ & $0.105395$ & $0.104547$ & $0.103712$ & $0.00603935$ & $0.0406563$ & $0.0728022$ & $-0.0848201$ & $0.0109735$ & $0.0405344$ & $0.157548$ & $1$ & $0.542311$ & $-0.461979$ & $0.848071$ & $0.00784383$ & $0.0392401$ & $0.0847104$ & $-0.102561$ & $-0.0125916$ & $-0.035016$ & $-0.00955304$ & $-0.00491846$ & $-0.0145625$ & $0.0065512$ & $-0.0398453$ & $0.0894451$ & $-0.0885982$ & $0.0728406$ & $-0.0348542$ & $-0.0257349$ \\
CuH_22r & $-0.0604547$ & $-0.00438708$ & $-0.0880922$ & $-0.0346799$ & $-0.00614224$ & $-0.0271286$ & $-0.399128$ & $0.0543162$ & $0.066869$ & $-0.165404$ & $-0.0881397$ & $0.434917$ & $0.476243$ & $0.0873771$ & $0.0446416$ & $0.0395718$ & $0.0695837$ & $0.0482109$ & $0.0510582$ & $0.0866272$ & $0.0875062$ & $0.0864956$ & $0.0149768$ & $0.0263692$ & $0.0573082$ & $-0.0709271$ & $0.0252498$ & $0.0353887$ & $0.104477$ & $0.542311$ & $1$ & $-0.298237$ & $0.570043$ & $0.0162574$ & $0.0775718$ & $0.0244167$ & $-0.137194$ & $-0.00209514$ & $0.0278492$ & $-0.00331135$ & $-0.0270851$ & $-0.00816567$ & $-0.00283127$ & $-0.0150697$ & $0.0964729$ & $-0.0545296$ & $0.269337$ & $-0.0513433$ & $-0.0363479$ \\
CuH_33r & $0.0159785$ & $0.0372195$ & $0.049952$ & $0.0481249$ & $-0.00230267$ & $0.0505919$ & $0.954453$ & $-0.0479816$ & $-0.0304815$ & $0.19529$ & $0.111112$ & $-0.59485$ & $-0.697894$ & $-0.139883$ & $-0.0546567$ & $-0.0396392$ & $-0.128474$ & $-0.100296$ & $-0.109785$ & $-0.107843$ & $-0.109495$ & $-0.107893$ & $-0.0164834$ & $-0.0637577$ & $-0.110552$ & $0.0889631$ & $-0.0249779$ & $-0.0539354$ & $-0.115156$ & $-0.461979$ & $-0.298237$ & $1$ & $-0.462224$ & $-0.00299859$ & $-0.0207158$ & $-0.0509757$ & $-0.00628288$ & $-0.00620017$ & $0.0286746$ & $0.00496484$ & $0.0163165$ & $0.00878964$ & $0.0172939$ & $0.0687493$ & $-0.000162661$ & $0.0565111$ & $-0.049117$ & $0.00747817$ & $0.0354153$ \\
CdH_33r & $-0.0484494$ & $-0.0210706$ & $-0.049618$ & $0.0565481$ & $-0.0095428$ & $-0.0488874$ & $-0.619344$ & $0.0581461$ & $0.0756882$ & $-0.249379$ & $-0.113938$ & $0.698458$ & $0.755758$ & $0.130284$ & $0.060084$ & $0.0595899$ & $0.112644$ & $0.0846182$ & $0.085316$ & $0.112529$ & $0.111666$ & $0.111629$ & $0.00143418$ & $0.0524901$ & $0.0953369$ & $-0.0815618$ & $0.0217836$ & $0.0389634$ & $0.165461$ & $0.848071$ & $0.570043$ & $-0.462224$ & $1$ & $0.00780318$ & $0.00630147$ & $0.103247$ & $-0.114309$ & $-0.0146892$ & $-0.0757058$ & $-0.00168842$ & $0.0547049$ & $-0.0132316$ & $-0.0569769$ & $-0.108891$ & $0.096127$ & $-0.0707864$ & $0.0314957$ & $-0.0552176$ & $0.224991$ \\
CLL_1221 & $-0.0363665$ & $0.057484$ & $0.036112$ & $0.0158406$ & $-0.014457$ & $-0.0809557$ & $-0.000749075$ & $0.519244$ & $0.514473$ & $-0.304409$ & $-0.310038$ & $-0.0459999$ & $0.00676045$ & $-0.174219$ & $-0.467011$ & $-0.0046907$ & $-0.259707$ & $-0.068939$ & $-0.381344$ & $0.255157$ & $0.375248$ & $0.375423$ & $0.178279$ & $-0.60657$ & $-0.264451$ & $-0.247556$ & $0.65976$ & $0.163192$ & $0.0134095$ & $0.00784383$ & $0.0162574$ & $-0.00299859$ & $0.00780318$ & $1$ & $-0.0476848$ & $0.042847$ & $-0.000191366$ & $0.0245985$ & $-0.0488365$ & $-0.0237367$ & $-0.000451501$ & $-0.00114386$ & $0.0351107$ & $-0.0924438$ & $-0.00172916$ & $0.01716$ & $0.0353391$ & $0.0127207$ & $0.00656059$ \\
eHggint & $0.0302115$ & $0.217438$ & $0.125281$ & $-0.0189038$ & $-0.00963748$ & $0.000670214$ & $-0.0606375$ & $-0.0313403$ & $-0.0453996$ & $0.0551783$ & $0.016945$ & $0.0998645$ & $0.0619762$ & $0.0100841$ & $0.025769$ & $0.0326647$ & $0.0185552$ & $0.00938765$ & $0.00381986$ & $-0.0102987$ & $-0.0200492$ & $-0.0207038$ & $-0.0234314$ & $0.0330083$ & $-0.00848289$ & $0.000291373$ & $-0.0862002$ & $0.000206335$ & $0.0255358$ & $0.0392401$ & $0.0775718$ & $-0.0207158$ & $0.00630147$ & $-0.0476848$ & $1$ & $-0.105803$ & $-0.144579$ & $-0.00326049$ & $-0.0203858$ & $0.00178857$ & $-0.0996159$ & $0.062018$ & $-0.189163$ & $-0.0446327$ & $0.0770556$ & $0.0410695$ & $0.193143$ & $-0.176445$ & $-0.0660124$ \\
eHggpar & $0.0031162$ & $0.217822$ & $-0.136053$ & $0.169062$ & $0.00553745$ & $0.0101993$ & $-0.0851354$ & $-0.000892046$ & $-0.00672807$ & $-0.0108892$ & $0.018176$ & $0.107952$ & $0.110026$ & $-0.0357253$ & $-0.0396337$ & $-0.0328107$ & $-0.0311015$ & $-0.0163908$ & $-0.0211595$ & $-0.0201355$ & $-0.0124917$ & $-0.0134045$ & $0.0306044$ & $-0.0325772$ & $-0.0024497$ & $0.00851816$ & $0.0669028$ & $-0.00146844$ & $0.00639615$ & $0.0847104$ & $0.0244167$ & $-0.0509757$ & $0.103247$ & $0.042847$ & $-0.105803$ & $1$ & $0.157908$ & $0.00436457$ & $-0.202844$ & $-0.0326557$ & $0.109007$ & $-0.0476805$ & $-0.0660084$ & $-0.144797$ & $0.22794$ & $-0.124085$ & $-0.0728942$ & $0.143273$ & $0.0502977$ \\
eHWWint & $0.328741$ & $0.0312115$ & $0.16489$ & $0.0258658$ & $0.0125153$ & $-0.00535149$ & $0.0173572$ & $-0.028482$ & $-0.0424296$ & $0.0231926$ & $0.0415141$ & $-0.0204406$ & $-0.0213214$ & $-0.0407247$ & $-0.0284661$ & $-0.0187143$ & $-0.02629$ & $-0.0149868$ & $-0.0221989$ & $-0.0426097$ & $-0.0412775$ & $-0.042668$ & $-0.00669483$ & $-0.0295244$ & $-0.0454893$ & $0.0247119$ & $-0.0186103$ & $-0.0267844$ & $-0.0140261$ & $-0.102561$ & $-0.137194$ & $-0.00628288$ & $-0.114309$ & $-0.000191366$ & $-0.144579$ & $0.157908$ & $1$ & $0.0338407$ & $0.0103758$ & $-0.0461083$ & $-0.0131776$ & $-0.00917694$ & $-0.197001$ & $-0.0902512$ & $-0.233143$ & $0.209065$ & $-0.29006$ & $0.378697$ & $-0.0885809$ \\
eHWWpar & $-0.026073$ & $0.00941207$ & $-0.0153148$ & $0.0263152$ & $-0.0071769$ & $-0.000985$ & $-0.00385896$ & $0.0171456$ & $0.0172847$ & $-0.00594507$ & $-0.0112196$ & $0.00315268$ & $0.00760617$ & $0.00241429$ & $-0.0123351$ & $-0.0115425$ & $-0.0124857$ & $-0.00351854$ & $-0.00329038$ & $0.00886565$ & $0.0136391$ & $0.0146579$ & $0.0004751$ & $-0.0178601$ & $0.00340239$ & $0.000845857$ & $0.0380317$ & $0.0105195$ & $0.0018596$ & $-0.0125916$ & $-0.00209514$ & $-0.00620017$ & $-0.0146892$ & $0.0245985$ & $-0.00326049$ & $0.00436457$ & $0.0338407$ & $1$ & $-0.0202108$ & $-0.010067$ & $-0.0239992$ & $-0.00971444$ & $0.00387874$ & $-0.0200232$ & $0.023435$ & $-0.00394194$ & $0.0276173$ & $0.0146982$ & $-0.0100348$ \\
eHZZint & $-0.110218$ & $-0.186401$ & $-0.134493$ & $0.0466748$ & $0.00379735$ & $-0.0160897$ & $0.0370317$ & $-0.029868$ & $-0.0281569$ & $0.0166338$ & $0.0234253$ & $-0.0039167$ & $-0.0370801$ & $-0.00598642$ & $0.0156307$ & $0.00537491$ & $0.0109649$ & $0.00160917$ & $0.00900402$ & $-0.022242$ & $-0.0288873$ & $-0.0275747$ & $-0.0222859$ & $0.0350506$ & $0.00793123$ & $0.0229695$ & $-0.0507096$ & $-0.0132309$ & $-0.00108461$ & $-0.035016$ & $0.0278492$ & $0.0286746$ & $-0.0757058$ & $-0.0488365$ & $-0.0203858$ & $-0.202844$ & $0.0103758$ & $-0.0202108$ & $1$ & $0.0229876$ & $-0.0955271$ & $0.0120894$ & $0.0813629$ & $-0.04347$ & $0.126465$ & $0.208776$ & $0.156288$ & $-0.0142696$ & $-0.112702$ \\
eHZZpar & $-0.052058$ & $-0.0174919$ & $-0.0143465$ & $0.00368845$ & $0.00245581$ & $-0.0149457$ & $0.0042634$ & $-0.0100516$ & $-0.0105014$ & $0.0131973$ & $0.000386273$ & $0.0167831$ & $0.000330165$ & $0.00884667$ & $0.0162875$ & $0.00887434$ & $0.018886$ & $0.0087931$ & $0.0141306$ & $0.00150939$ & $-0.00231769$ & $-0.00319029$ & $0.00677861$ & $0.0215825$ & $0.0120762$ & $-0.00843286$ & $-0.0256984$ & $-0.00500576$ & $0.00990475$ & $-0.00955304$ & $-0.00331135$ & $0.00496484$ & $-0.00168842$ & $-0.0237367$ & $0.00178857$ & $-0.0326557$ & $-0.0461083$ & $-0.010067$ & $0.0229876$ & $1$ & $-0.0300627$ & $-0.00511517$ & $-0.0232105$ & $0.0392176$ & $-0.0042927$ & $0.022333$ & $-0.010534$ & $-0.00611915$ & $0.0101304$ \\
eHZgaint & $0.308201$ & $0.132386$ & $-0.154865$ & $0.042226$ & $-0.00140687$ & $-0.0238805$ & $0.0148047$ & $-0.0228525$ & $-0.0243621$ & $-0.0303285$ & $0.0129753$ & $-0.0413164$ & $-0.0269538$ & $-0.00755222$ & $-0.0121928$ & $-0.00734787$ & $0.0192966$ & $0.0177886$ & $0.0136948$ & $-0.0138065$ & $-0.0145058$ & $-0.0153158$ & $-0.0150672$ & $0.00348374$ & $-0.00792955$ & $0.00688815$ & $-0.0132638$ & $-0.00303229$ & $-0.00927326$ & $-0.00491846$ & $-0.0270851$ & $0.0163165$ & $0.0547049$ & $-0.000451501$ & $-0.0996159$ & $0.109007$ & $-0.0131776$ & $-0.0239992$ & $-0.0955271$ & $-0.0300627$ & $1$ & $0.0105708$ & $-0.0402376$ & $-0.00507977$ & $-0.161149$ & $-0.257405$ & $-0.0756322$ & $0.0546222$ & $0.184905$ \\
eHZgapar & $0.0263089$ & $-0.0297822$ & $-0.0154736$ & $0.00194821$ & $-0.00376268$ & $-0.00283966$ & $0.00862066$ & $-0.0128297$ & $-0.0133714$ & $0.0239775$ & $0.00742138$ & $-0.00818115$ & $-0.0137264$ & $-0.00127805$ & $-0.010365$ & $-0.00224184$ & $0.0126709$ & $0.0151743$ & $0.00862973$ & $-0.00772144$ & $-0.00808434$ & $-0.00668709$ & $0.00232379$ & $0.0111528$ & $0.01096$ & $0.00426393$ & $-0.00259473$ & $-0.00210147$ & $0.000200116$ & $-0.0145625$ & $-0.00816567$ & $0.00878964$ & $-0.0132316$ & $-0.00114386$ & $0.062018$ & $-0.0476805$ & $-0.00917694$ & $-0.00971444$ & $0.0120894$ & $-0.00511517$ & $0.0105708$ & $1$ & $-0.0221826$ & $0.0191745$ & $0.0149249$ & $0.0226657$ & $-0.0177496$ & $-0.0166723$ & $-0.00110795$ \\
eHgagaint & $-0.0885427$ & $0.0509635$ & $0.00396416$ & $0.0440362$ & $0.0179361$ & $-0.00544067$ & $0.0228004$ & $0.0324854$ & $0.0761451$ & $-0.0275462$ & $-0.0338913$ & $-0.0215565$ & $-0.0113251$ & $0.020813$ & $-0.00153722$ & $0.00229066$ & $0.00709909$ & $0.00790296$ & $0.00665923$ & $0.0325317$ & $0.0371792$ & $0.0398119$ & $0.0201809$ & $-0.00760006$ & $0.0162043$ & $-0.0325212$ & $0.0423639$ & $0.0117712$ & $-0.00300215$ & $0.0065512$ & $-0.00283127$ & $0.0172939$ & $-0.0569769$ & $0.0351107$ & $-0.189163$ & $-0.0660084$ & $-0.197001$ & $0.00387874$ & $0.0813629$ & $-0.0232105$ & $-0.0402376$ & $-0.0221826$ & $1$ & $0.0634707$ & $-0.0671189$ & $0.0879163$ & $-0.0789166$ & $0.0186372$ & $-0.27696$ \\
eHmumuint & $0.146758$ & $0.0220709$ & $-0.157175$ & $-0.30996$ & $0.00449672$ & $0.0156537$ & $0.0764057$ & $-0.0510922$ & $-0.0457795$ & $0.0443821$ & $0.0109986$ & $-0.0644244$ & $-0.0818094$ & $0.0461121$ & $0.0453446$ & $0.0394993$ & $0.0613487$ & $0.0453074$ & $0.0488487$ & $-0.00511587$ & $-0.0202653$ & $-0.0203646$ & $-0.0582402$ & $0.0799763$ & $0.0155$ & $0.0159646$ & $-0.125156$ & $0.0066053$ & $-0.021298$ & $-0.0398453$ & $-0.0150697$ & $0.0687493$ & $-0.108891$ & $-0.0924438$ & $-0.0446327$ & $-0.144797$ & $-0.0902512$ & $-0.0200232$ & $-0.04347$ & $0.0392176$ & $-0.00507977$ & $0.0191745$ & $0.0634707$ & $1$ & $0.244024$ & $0.0181133$ & $0.0579918$ & $0.0126488$ & $-0.231839$ \\
eHtautauint & $-0.165525$ & $0.112916$ & $-0.192426$ & $0.0476862$ & $0.000106838$ & $0.00805583$ & $-0.0260433$ & $-0.0126291$ & $-0.0148949$ & $0.0183143$ & $0.00737289$ & $0.062807$ & $0.04167$ & $0.00459505$ & $-0.0091484$ & $5.17404e-05$ & $0.00635015$ & $0.0130882$ & $0.00776868$ & $-0.00599798$ & $-0.00674739$ & $-0.00623807$ & $0.00444127$ & $0.0193544$ & $0.0240524$ & $0.00868114$ & $0.00252599$ & $0.0150682$ & $0.0138652$ & $0.0894451$ & $0.0964729$ & $-0.000162661$ & $0.096127$ & $-0.00172916$ & $0.0770556$ & $0.22794$ & $-0.233143$ & $0.023435$ & $0.126465$ & $-0.0042927$ & $-0.161149$ & $0.0149249$ & $-0.0671189$ & $0.244024$ & $1$ & $0.109633$ & $0.169255$ & $-0.103005$ & $0.147628$ \\
eHccint & $-0.158726$ & $0.0135359$ & $0.132858$ & $0.214093$ & $0.00901916$ & $0.00257275$ & $0.0706879$ & $0.0464024$ & $0.0475$ & $-0.00860018$ & $-0.0402947$ & $-0.0776218$ & $-0.0884822$ & $0.0177598$ & $0.027293$ & $0.0332478$ & $-0.0119186$ & $-0.0191011$ & $-0.0218049$ & $0.0424773$ & $0.041278$ & $0.0422207$ & $0.0193571$ & $-0.0216377$ & $-0.00806153$ & $-0.039202$ & $0.0104952$ & $0.00871856$ & $-0.024424$ & $-0.0885982$ & $-0.0545296$ & $0.0565111$ & $-0.0707864$ & $0.01716$ & $0.0410695$ & $-0.124085$ & $0.209065$ & $-0.00394194$ & $0.208776$ & $0.022333$ & $-0.257405$ & $0.0226657$ & $0.0879163$ & $0.0181133$ & $0.109633$ & $1$ & $-0.226438$ & $0.306553$ & $0.00638078$ \\
eHccpar & $-0.0917423$ & $0.0352649$ & $-0.217706$ & $-0.157715$ & $-0.016815$ & $0.00968963$ & $-0.0650892$ & $0.0460623$ & $0.0431547$ & $-0.0224562$ & $-0.0362002$ & $0.0869209$ & $0.0813206$ & $0.00477211$ & $0.00990927$ & $0.000495177$ & $-0.0178167$ & $-0.0221733$ & $-0.0164922$ & $0.0338871$ & $0.0384926$ & $0.0368534$ & $0.0225987$ & $-0.0349136$ & $-7.66004e-05$ & $-0.0264746$ & $0.0561096$ & $0.0274783$ & $0.0164515$ & $0.0728406$ & $0.269337$ & $-0.049117$ & $0.0314957$ & $0.0353391$ & $0.193143$ & $-0.0728942$ & $-0.29006$ & $0.0276173$ & $0.156288$ & $-0.010534$ & $-0.0756322$ & $-0.0177496$ & $-0.0789166$ & $0.0579918$ & $0.169255$ & $-0.226438$ & $1$ & $-0.183144$ & $-0.102318$ \\
eHbbint & $0.169926$ & $-0.127076$ & $0.0389151$ & $-0.0362751$ & $0.00661961$ & $-0.0071965$ & $0.0190961$ & $-0.00887076$ & $-0.00922829$ & $-0.00296161$ & $0.0237726$ & $-0.0231026$ & $-0.0291167$ & $-0.0327966$ & $-0.0275549$ & $-0.0133952$ & $-0.0266425$ & $-0.0145857$ & $-0.0225372$ & $-0.0265536$ & $-0.0241316$ & $-0.025055$ & $0.0105338$ & $-0.0314459$ & $-0.0286577$ & $0.0130273$ & $0.00973571$ & $-0.0366876$ & $-0.0127183$ & $-0.0348542$ & $-0.0513433$ & $0.00747817$ & $-0.0552176$ & $0.0127207$ & $-0.176445$ & $0.143273$ & $0.378697$ & $0.0146982$ & $-0.0142696$ & $-0.00611915$ & $0.0546222$ & $-0.0166723$ & $0.0186372$ & $0.0126488$ & $-0.103005$ & $0.306553$ & $-0.183144$ & $1$ & $-0.310234$ \\
eHbbpar & $-0.0534317$ & $0.049213$ & $0.0513256$ & $0.302385$ & $-0.0132753$ & $-0.0136113$ & $0.0323528$ & $-0.0128928$ & $-0.0241873$ & $0.0128491$ & $0.0161742$ & $-0.0535648$ & $-0.0429593$ & $-0.0169522$ & $-0.0151908$ & $-0.0149126$ & $-0.00124243$ & $0.00086505$ & $0.00199307$ & $-0.0156205$ & $-0.0145791$ & $-0.0126418$ & $-0.000835196$ & $0.00403418$ & $0.0155211$ & $0.0269165$ & $0.0268608$ & $-0.000209215$ & $-0.0110602$ & $-0.0257349$ & $-0.0363479$ & $0.0354153$ & $0.224991$ & $0.00656059$ & $-0.0660124$ & $0.0502977$ & $-0.0885809$ & $-0.0100348$ & $-0.112702$ & $0.0101304$ & $0.184905$ & $-0.00110795$ & $-0.27696$ & $-0.231839$ & $0.147628$ & $0.00638078$ & $-0.102318$ & $-0.310234$ & $1$ \\
