 & AlsMz & dAle5Mz & mtop & mHl & Mz & CW & CHG & CHWB & CHWHB_gaga & CHWHB_gagaorth & CHD & CHbox & CH & CHL1_11 & CHL1_22 & CHL1_33 & CHL3_11 & CHL3_22 & CHL3_33 & CHe_11 & CHe_22 & CHe_33 & CHQ1_11 & CHQ1_33 & CHQ3_11 & CHu_11 & CHd_11 & CHd_33 & CeH_22r & CeH_33r & CuH_22r & CuH_33r & CdH_33r & CLL_1221 & eHggint & eHggpar & eHWWint & eHWWpar & eHZZint & eHZZpar & eHZgaint & eHZgapar & eHgagaint & eHmumuint & eHtautauint & eHccint & eHccpar & eHbbint & eHbbpar \\
AlsMz & $1$ & $0.187387$ & $0.200296$ & $-0.145283$ & $0.0523575$ & $-0.0443627$ & $0.00566184$ & $-0.00592876$ & $0.00944396$ & $-0.00134792$ & $-0.00619223$ & $0.0948849$ & $0.070162$ & $-0.00394311$ & $-0.00686407$ & $-0.00580195$ & $0.022249$ & $0.0141477$ & $0.0165374$ & $0.00479125$ & $0.00331992$ & $0.00658568$ & $-0.0483847$ & $-0.0103134$ & $-0.0511395$ & $-0.00491627$ & $-0.000101937$ & $0.035348$ & $0.0323021$ & $0.0892046$ & $0.0890651$ & $0.00790575$ & $-0.00567937$ & $0.0068604$ & $-0.389286$ & $0.310966$ & $-0.226596$ & $0.0321154$ & $-0.256924$ & $0.112443$ & $0.142482$ & $0.0292513$ & $0.151004$ & $0.230991$ & $0.140835$ & $0.207556$ & $-0.00885301$ & $-0.299553$ & $-0.32015$ \\
dAle5Mz & $0.187387$ & $1$ & $-0.0858234$ & $0.0217176$ & $-0.00172216$ & $-0.0255728$ & $0.14764$ & $-0.0688871$ & $-0.0611899$ & $0.0947405$ & $0.0256996$ & $0.0676603$ & $-0.0239146$ & $0.0279769$ & $0.0146912$ & $0.0498245$ & $0.0808898$ & $0.0587911$ & $0.0434207$ & $-0.0115185$ & $-0.0216188$ & $-0.0132453$ & $-0.0183331$ & $0.0604302$ & $0.0564619$ & $0.00414895$ & $-0.0402176$ & $-0.0418553$ & $-0.00082588$ & $0.000570937$ & $-0.0155673$ & $0.165769$ & $0.0162462$ & $-0.0347545$ & $0.111961$ & $0.0529339$ & $-0.0816638$ & $0.0290696$ & $-0.101944$ & $0.0893768$ & $-0.367071$ & $-0.0287211$ & $-0.176769$ & $-0.0733867$ & $0.124757$ & $0.109694$ & $-0.0763725$ & $-0.00406877$ & $0.0717134$ \\
mtop & $0.200296$ & $-0.0858234$ & $1$ & $-0.502675$ & $0.0616895$ & $-0.00791171$ & $-0.247061$ & $0.0936554$ & $0.10903$ & $-0.000844192$ & $-0.0814116$ & $0.13449$ & $0.206682$ & $-0.0053875$ & $0.00214173$ & $-0.0384281$ & $0.00741038$ & $-0.022946$ & $0.0131532$ & $0.0783244$ & $0.0894817$ & $0.097121$ & $-0.00117723$ & $-0.0861122$ & $0.0127175$ & $-0.0668672$ & $0.100621$ & $0.0358369$ & $-0.00212279$ & $0.073105$ & $0.0591471$ & $-0.254647$ & $0.126633$ & $0.0756462$ & $-0.568893$ & $0.222058$ & $-0.343619$ & $-0.0842921$ & $-0.155707$ & $-0.106891$ & $0.0639519$ & $0.195343$ & $0.483451$ & $0.19064$ & $-0.0167768$ & $-0.082219$ & $0.150471$ & $-0.0643608$ & $0.112944$ \\
mHl & $-0.145283$ & $0.0217176$ & $-0.502675$ & $1$ & $-0.0164625$ & $0.0309654$ & $-0.00431429$ & $-0.0227238$ & $-0.0263867$ & $-0.0627833$ & $0.0404641$ & $-0.069459$ & $-0.05491$ & $-0.0550523$ & $0.0224442$ & $0.0575725$ & $-0.051618$ & $-0.0465252$ & $-0.0807714$ & $-0.0323585$ & $-0.0463054$ & $-0.0427371$ & $-0.0146228$ & $0.0341363$ & $-0.0267783$ & $0.0561854$ & $-0.0143195$ & $-0.0618559$ & $0.0235445$ & $-0.0750337$ & $0.00766942$ & $-0.00528374$ & $-0.105185$ & $-0.0354174$ & $0.577972$ & $-0.33357$ & $0.0552817$ & $0.144316$ & $0.0651273$ & $0.0451874$ & $-0.313238$ & $-0.0169181$ & $-0.164261$ & $-0.462128$ & $-0.0553033$ & $-0.0405784$ & $0.0718452$ & $0.246224$ & $-0.148397$ \\
Mz & $0.0523575$ & $-0.00172216$ & $0.0616895$ & $-0.0164625$ & $1$ & $0.000111122$ & $0.00348551$ & $0.00315077$ & $0.0051271$ & $0.00769655$ & $-0.00365879$ & $-0.00981364$ & $0.0146163$ & $0.0248189$ & $-0.0548325$ & $-0.00610258$ & $0.024365$ & $0.0535618$ & $0.014646$ & $0.00582741$ & $0.0168432$ & $0.0272501$ & $0.0178944$ & $0.0139804$ & $0.0455658$ & $-0.0084932$ & $0.0588505$ & $0.00971418$ & $-0.0336646$ & $0.0251939$ & $0.052398$ & $0.00552044$ & $0.00432575$ & $0.0475192$ & $-0.042336$ & $0.0179787$ & $-0.0110293$ & $0.0391261$ & $-0.0926719$ & $0.00244561$ & $0.0120387$ & $-0.0332907$ & $0.100418$ & $0.0757297$ & $0.00601699$ & $-0.0402322$ & $-0.0265147$ & $-0.0548053$ & $0.0331234$ \\
CW & $-0.0443627$ & $-0.0255728$ & $-0.00791171$ & $0.0309654$ & $0.000111122$ & $1$ & $0.0141124$ & $-0.159248$ & $-0.148395$ & $0.0226568$ & $0.215939$ & $0.0368168$ & $-0.0149228$ & $0.00261436$ & $-0.0866457$ & $-0.103947$ & $-0.260702$ & $-0.0422861$ & $-0.0308025$ & $-0.212755$ & $-0.217667$ & $-0.215164$ & $-0.0347517$ & $0.0244199$ & $-0.0942608$ & $0.116544$ & $-0.112213$ & $-0.0550582$ & $-0.032189$ & $-0.0262486$ & $-0.00706405$ & $0.00741752$ & $-0.00799451$ & $-0.134423$ & $0.0091744$ & $-0.0177117$ & $-0.000683931$ & $-0.041085$ & $0.00256088$ & $-0.00953033$ & $0.00561384$ & $-0.0508349$ & $0.0232802$ & $-0.0423355$ & $-0.0387954$ & $-0.00984226$ & $0.0306866$ & $0.0191775$ & $-0.0113417$ \\
CHG & $0.00566184$ & $0.14764$ & $-0.247061$ & $-0.00431429$ & $0.00348551$ & $0.0141124$ & $1$ & $-0.173463$ & $-0.127445$ & $0.0717396$ & $0.129042$ & $-0.163575$ & $-0.285274$ & $0.0127826$ & $0.0325066$ & $0.0178604$ & $0.0811195$ & $0.058311$ & $0.0755961$ & $-0.116921$ & $-0.141093$ & $-0.134408$ & $-0.0211355$ & $0.1579$ & $0.0233474$ & $0.059489$ & $-0.177104$ & $-0.0643716$ & $0.0551844$ & $-0.11365$ & $-0.115815$ & $0.930718$ & $-0.213733$ & $-0.155111$ & $0.0331185$ & $0.142678$ & $0.190887$ & $-0.00930332$ & $-0.144151$ & $0.0693025$ & $0.0127285$ & $-0.114173$ & $-0.202566$ & $0.133108$ & $-0.0872648$ & $0.130745$ & $-0.115223$ & $-0.210956$ & $-0.105224$ \\
CHWB & $-0.00592876$ & $-0.0688871$ & $0.0936554$ & $-0.0227238$ & $0.00315077$ & $-0.159248$ & $-0.173463$ & $1$ & $0.983943$ & $-0.558422$ & $-0.887808$ & $-0.033591$ & $0.315395$ & $0.13351$ & $0.271411$ & $0.301862$ & $-0.194948$ & $-0.383398$ & $-0.428166$ & $0.85844$ & $0.904057$ & $0.881429$ & $0.0357165$ & $-0.685245$ & $-0.364542$ & $-0.500541$ & $0.413212$ & $0.316731$ & $-0.0183563$ & $0.0979419$ & $0.049913$ & $-0.175182$ & $0.12664$ & $0.571142$ & $-0.0497642$ & $-0.0386656$ & $-0.0160009$ & $0.0555739$ & $0.00591979$ & $-0.0442943$ & $-0.0513607$ & $0.0623518$ & $0.131412$ & $0.0596781$ & $0.106527$ & $-0.101479$ & $0.0447167$ & $0.0659515$ & $0.100971$ \\
CHWHB_gaga & $0.00944396$ & $-0.0611899$ & $0.10903$ & $-0.0263867$ & $0.0051271$ & $-0.148395$ & $-0.127445$ & $0.983943$ & $1$ & $-0.54841$ & $-0.867978$ & $-0.0104772$ & $0.31274$ & $0.11901$ & $0.270391$ & $0.299048$ & $-0.204417$ & $-0.390206$ & $-0.433597$ & $0.83989$ & $0.8831$ & $0.862078$ & $0.0377086$ & $-0.684$ & $-0.371816$ & $-0.492259$ & $0.402289$ & $0.304047$ & $-0.0048601$ & $0.110925$ & $0.0613351$ & $-0.139157$ & $0.147637$ & $0.559239$ & $-0.0754773$ & $-0.0376848$ & $-0.00925746$ & $0.0575806$ & $-0.0145509$ & $-0.0442691$ & $-0.0557832$ & $0.0661553$ & $0.168557$ & $0.0746225$ & $0.0978471$ & $-0.10149$ & $0.0504524$ & $0.0519119$ & $0.105242$ \\
CHWHB_gagaorth & $-0.00134792$ & $0.0947405$ & $-0.000844192$ & $-0.0627833$ & $0.00769655$ & $0.0226568$ & $0.0717396$ & $-0.558422$ & $-0.54841$ & $1$ & $0.348866$ & $0.320152$ & $-0.260836$ & $0.201038$ & $-0.121312$ & $-0.132687$ & $0.43219$ & $0.470474$ & $0.495018$ & $-0.333028$ & $-0.361704$ & $-0.3503$ & $-0.0356759$ & $0.552295$ & $0.452666$ & $0.168162$ & $-0.24209$ & $-0.152962$ & $0.0090866$ & $-0.173331$ & $-0.0946368$ & $0.0756098$ & $-0.203425$ & $-0.329135$ & $0.0172073$ & $0.0314314$ & $0.0324517$ & $-0.0141727$ & $0.0448391$ & $0.00357688$ & $0.0441283$ & $-0.0160706$ & $-0.0763006$ & $-0.0291291$ & $-0.0749191$ & $0.115483$ & $-0.0419641$ & $-0.0201158$ & $-0.0744707$ \\
CHD & $-0.00619223$ & $0.0256996$ & $-0.0814116$ & $0.0404641$ & $-0.00365879$ & $0.215939$ & $0.129042$ & $-0.887808$ & $-0.867978$ & $0.348866$ & $1$ & $0.148316$ & $-0.153191$ & $-0.528257$ & $-0.382746$ & $-0.42841$ & $-0.241423$ & $0.033309$ & $0.0848745$ & $-0.990136$ & $-0.990931$ & $-0.969586$ & $0.0384185$ & $0.343192$ & $0.00999927$ & $0.545672$ & $-0.274995$ & $-0.330607$ & $0.0175115$ & $-0.0623867$ & $-0.0328108$ & $0.139446$ & $-0.0666411$ & $-0.393751$ & $0.0548822$ & $0.0193906$ & $0.0130826$ & $-0.0369485$ & $-0.00884713$ & $0.0253447$ & $0.037524$ & $-0.0433364$ & $-0.097756$ & $-0.0678318$ & $-0.0749686$ & $0.0892922$ & $-0.0482935$ & $-0.0317275$ & $-0.0753628$ \\
CHbox & $0.0948849$ & $0.0676603$ & $0.13449$ & $-0.069459$ & $-0.00981364$ & $0.0368168$ & $-0.163575$ & $-0.033591$ & $-0.0104772$ & $0.320152$ & $0.148316$ & $1$ & $0.631842$ & $-0.281665$ & $0.0341471$ & $-0.027501$ & $-0.236281$ & $-0.245453$ & $-0.198958$ & $-0.132353$ & $-0.150458$ & $-0.141929$ & $0.000122638$ & $-0.106375$ & $-0.224811$ & $0.064574$ & $-0.0512574$ & $-0.0611911$ & $-0.0136429$ & $0.286148$ & $0.0954328$ & $-0.0818044$ & $0.397223$ & $-0.0521733$ & $-0.0375455$ & $0.00289026$ & $0.0187464$ & $0.0329681$ & $-0.00351274$ & $-0.0317481$ & $0.0260394$ & $0.0241512$ & $0.0469284$ & $-0.00240794$ & $-0.0290034$ & $0.0546867$ & $-0.041572$ & $0.00333273$ & $0.0106275$ \\
CH & $0.070162$ & $-0.0239146$ & $0.206682$ & $-0.05491$ & $0.0146163$ & $-0.0149228$ & $-0.285274$ & $0.315395$ & $0.31274$ & $-0.260836$ & $-0.153191$ & $0.631842$ & $1$ & $-0.221544$ & $0.0563509$ & $0.00935615$ & $-0.310185$ & $-0.345525$ & $-0.313164$ & $0.141167$ & $0.166015$ & $0.170364$ & $0.0332878$ & $-0.359523$ & $-0.309448$ & $-0.0853052$ & $0.178824$ & $0.0761038$ & $-0.0380108$ & $0.240659$ & $0.16117$ & $-0.238123$ & $0.371138$ & $0.203962$ & $-0.0912846$ & $-0.0880066$ & $-0.0606086$ & $0.0420702$ & $0.0229742$ & $-0.0652609$ & $-0.0298368$ & $0.0704662$ & $0.116046$ & $-0.00225628$ & $0.038296$ & $-0.0826339$ & $0.0044026$ & $0.0384251$ & $0.0780192$ \\
CHL1_11 & $-0.00394311$ & $0.0279769$ & $-0.0053875$ & $-0.0550523$ & $0.0248189$ & $0.00261436$ & $0.0127826$ & $0.13351$ & $0.11901$ & $0.201038$ & $-0.528257$ & $-0.281665$ & $-0.221544$ & $1$ & $0.250868$ & $0.291685$ & $0.653773$ & $0.594985$ & $0.563279$ & $0.547068$ & $0.489612$ & $0.480232$ & $-0.139046$ & $0.418722$ & $0.570639$ & $-0.255896$ & $-0.114671$ & $0.128927$ & $-0.011202$ & $-0.0458505$ & $-0.0112603$ & $-0.00320673$ & $-0.0741636$ & $-0.165788$ & $-0.0335359$ & $0.0107$ & $0.000909273$ & $-0.015915$ & $0.0155407$ & $-0.000230325$ & $0.02535$ & $-0.0272755$ & $-0.0207767$ & $0.0460423$ & $-0.0296054$ & $-0.0411709$ & $0.0420815$ & $-0.0486442$ & $-0.0243604$ \\
CHL1_22 & $-0.00686407$ & $0.0146912$ & $0.00214173$ & $0.0224442$ & $-0.0548325$ & $-0.0866457$ & $0.0325066$ & $0.271411$ & $0.270391$ & $-0.121312$ & $-0.382746$ & $0.0341471$ & $0.0563509$ & $0.250868$ & $1$ & $0.482596$ & $0.140742$ & $-0.472149$ & $-0.0809571$ & $0.457347$ & $0.292956$ & $0.283271$ & $-0.208922$ & $0.106642$ & $-0.174975$ & $-0.168648$ & $-0.440869$ & $0.0825046$ & $-0.0141177$ & $0.0368937$ & $0.0151242$ & $0.0433704$ & $0.0561691$ & $-0.608523$ & $0.008123$ & $0.00535027$ & $0.0199958$ & $-0.000708952$ & $0.0374534$ & $-0.0350832$ & $-0.0371893$ & $-0.00482398$ & $-0.0146054$ & $-0.0122377$ & $0.0230928$ & $0.00518468$ & $-0.0494671$ & $-0.0032979$ & $-0.0128216$ \\
CHL1_33 & $-0.00580195$ & $0.0498245$ & $-0.0384281$ & $0.0575725$ & $-0.00610258$ & $-0.103947$ & $0.0178604$ & $0.301862$ & $0.299048$ & $-0.132687$ & $-0.42841$ & $-0.027501$ & $0.00935615$ & $0.291685$ & $0.482596$ & $1$ & $0.1753$ & $-0.0372342$ & $-0.442671$ & $0.499043$ & $0.342294$ & $0.360228$ & $-0.199531$ & $0.0999089$ & $-0.156989$ & $-0.209372$ & $-0.42023$ & $0.0307735$ & $-0.0108599$ & $0.00369666$ & $0.0333003$ & $0.00832298$ & $0.00863953$ & $-0.129331$ & $0.0112534$ & $-0.0606677$ & $0.0864396$ & $-0.00526624$ & $0.0247729$ & $-0.0373837$ & $-0.0625102$ & $-0.0505912$ & $0.0312008$ & $0.000747584$ & $-0.0104545$ & $0.0107767$ & $0.022662$ & $-0.0016422$ & $0.0185768$ \\
CHL3_11 & $0.022249$ & $0.0808898$ & $0.00741038$ & $-0.051618$ & $0.024365$ & $-0.260702$ & $0.0811195$ & $-0.194948$ & $-0.204417$ & $0.43219$ & $-0.241423$ & $-0.236281$ & $-0.310185$ & $0.653773$ & $0.140742$ & $0.1753$ & $1$ & $0.728951$ & $0.717059$ & $0.262397$ & $0.212361$ & $0.216865$ & $-0.0930519$ & $0.634422$ & $0.758641$ & $-0.116295$ & $-0.144116$ & $0.0608175$ & $0.00441832$ & $-0.0683419$ & $-0.0428104$ & $0.0607874$ & $-0.121658$ & $-0.192294$ & $-0.0204447$ & $0.0565511$ & $-0.0113498$ & $-0.0358496$ & $-0.00167379$ & $0.0618173$ & $0.0280657$ & $-0.0207978$ & $-0.0463157$ & $0.0222829$ & $-0.0521123$ & $0.0316296$ & $0.000166437$ & $-0.0571892$ & $-0.0286099$ \\
CHL3_22 & $0.0141477$ & $0.0587911$ & $-0.022946$ & $-0.0465252$ & $0.0535618$ & $-0.0422861$ & $0.058311$ & $-0.383398$ & $-0.390206$ & $0.470474$ & $0.033309$ & $-0.245453$ & $-0.345525$ & $0.594985$ & $-0.472149$ & $-0.0372342$ & $0.728951$ & $1$ & $0.673631$ & $-0.042169$ & $-0.0216512$ & $-0.0111017$ & $-0.00627834$ & $0.576505$ & $0.782884$ & $0.0206213$ & $0.0232925$ & $-0.0342146$ & $0.00590413$ & $-0.0963305$ & $-0.0416347$ & $0.0322483$ & $-0.155$ & $0.0946888$ & $-0.0174939$ & $0.0238623$ & $0.00147305$ & $-0.0398949$ & $-0.0173663$ & $0.0573807$ & $0.0534876$ & $-0.0366428$ & $-0.0458226$ & $0.0276637$ & $-0.0803297$ & $0.01306$ & $0.0487804$ & $-0.0618105$ & $-0.0376116$ \\
CHL3_33 & $0.0165374$ & $0.0434207$ & $0.0131532$ & $-0.0807714$ & $0.014646$ & $-0.0308025$ & $0.0755961$ & $-0.428166$ & $-0.433597$ & $0.495018$ & $0.0848745$ & $-0.198958$ & $-0.313164$ & $0.563279$ & $-0.0809571$ & $-0.442671$ & $0.717059$ & $0.673631$ & $1$ & $-0.092295$ & $-0.0727335$ & $-0.0611238$ & $-0.00334308$ & $0.595619$ & $0.793276$ & $0.0590089$ & $0.0173896$ & $0.0146956$ & $0.00863521$ & $-0.0710852$ & $-0.0612559$ & $0.0681103$ & $-0.117235$ & $-0.287416$ & $-0.019717$ & $0.0794339$ & $-0.0621464$ & $-0.0253632$ & $-0.00471918$ & $0.0652297$ & $0.0676304$ & $-0.00356773$ & $-0.0908173$ & $0.0150139$ & $-0.0523011$ & $0.00841038$ & $-0.00969039$ & $-0.0614454$ & $-0.066482$ \\
CHe_11 & $0.00479125$ & $-0.0115185$ & $0.0783244$ & $-0.0323585$ & $0.00582741$ & $-0.212755$ & $-0.116921$ & $0.85844$ & $0.83989$ & $-0.333028$ & $-0.990136$ & $-0.132353$ & $0.141167$ & $0.547068$ & $0.457347$ & $0.499043$ & $0.262397$ & $-0.042169$ & $-0.092295$ & $1$ & $0.970425$ & $0.949597$ & $-0.0688722$ & $-0.287184$ & $-0.0117127$ & $-0.535645$ & $0.190341$ & $0.314378$ & $-0.0189897$ & $0.0611913$ & $0.0313304$ & $-0.126804$ & $0.0640149$ & $0.307089$ & $-0.0485317$ & $-0.020639$ & $-0.00505717$ & $0.0309844$ & $0.0105044$ & $-0.0302281$ & $-0.0393999$ & $0.0370349$ & $0.0873674$ & $0.0640201$ & $0.0652718$ & $-0.0833305$ & $0.0461076$ & $0.0266501$ & $0.0696115$ \\
CHe_22 & $0.00331992$ & $-0.0216188$ & $0.0894817$ & $-0.0463054$ & $0.0168432$ & $-0.217667$ & $-0.141093$ & $0.904057$ & $0.8831$ & $-0.361704$ & $-0.990931$ & $-0.150458$ & $0.166015$ & $0.489612$ & $0.292956$ & $0.342294$ & $0.212361$ & $-0.0216512$ & $-0.0727335$ & $0.970425$ & $1$ & $0.975041$ & $-0.00601034$ & $-0.397331$ & $-0.00710982$ & $-0.547256$ & $0.361794$ & $0.34162$ & $-0.0164413$ & $0.0628281$ & $0.0333101$ & $-0.151607$ & $0.067532$ & $0.482174$ & $-0.0541607$ & $-0.0167604$ & $-0.0212171$ & $0.0433537$ & $0.0049783$ & $-0.0234633$ & $-0.0392018$ & $0.0490292$ & $0.0994185$ & $0.0705239$ & $0.0836746$ & $-0.091445$ & $0.0495605$ & $0.0379475$ & $0.0814112$ \\
CHe_33 & $0.00658568$ & $-0.0132453$ & $0.097121$ & $-0.0427371$ & $0.0272501$ & $-0.215164$ & $-0.134408$ & $0.881429$ & $0.862078$ & $-0.3503$ & $-0.969586$ & $-0.141929$ & $0.170364$ & $0.480232$ & $0.283271$ & $0.360228$ & $0.216865$ & $-0.0111017$ & $-0.0611238$ & $0.949597$ & $0.975041$ & $1$ & $-0.000270555$ & $-0.382165$ & $0.00169784$ & $-0.541029$ & $0.354911$ & $0.341621$ & $-0.0213557$ & $0.0661124$ & $0.0240382$ & $-0.145406$ & $0.0682206$ & $0.47615$ & $-0.0673199$ & $-0.0180524$ & $-0.0342852$ & $0.0409253$ & $0.0029895$ & $-0.00925332$ & $-0.0471209$ & $0.0473414$ & $0.106589$ & $0.0702427$ & $0.0759188$ & $-0.0964664$ & $0.0521508$ & $0.0332267$ & $0.0745443$ \\
CHQ1_11 & $-0.0483847$ & $-0.0183331$ & $-0.00117723$ & $-0.0146228$ & $0.0178944$ & $-0.0347517$ & $-0.0211355$ & $0.0357165$ & $0.0377086$ & $-0.0356759$ & $0.0384185$ & $0.000122638$ & $0.0332878$ & $-0.139046$ & $-0.208922$ & $-0.199531$ & $-0.0930519$ & $-0.00627834$ & $-0.00334308$ & $-0.0688722$ & $-0.00601034$ & $-0.000270555$ & $1$ & $-0.143609$ & $0.0616851$ & $-0.65168$ & $0.333452$ & $0.0183971$ & $-0.0120018$ & $0.00180539$ & $-0.0201351$ & $-0.0209213$ & $-0.0241388$ & $0.210383$ & $-0.0603051$ & $0.0298475$ & $0.00549355$ & $0.00449865$ & $-0.0131802$ & $-0.00867625$ & $-0.0618317$ & $0.0423697$ & $0.0179342$ & $0.0651317$ & $0.0494237$ & $0.0159874$ & $-0.0299726$ & $0.0305976$ & $-0.0403256$ \\
CHQ1_33 & $-0.0103134$ & $0.0604302$ & $-0.0861122$ & $0.0341363$ & $0.0139804$ & $0.0244199$ & $0.1579$ & $-0.685245$ & $-0.684$ & $0.552295$ & $0.343192$ & $-0.106375$ & $-0.359523$ & $0.418722$ & $0.106642$ & $0.0999089$ & $0.634422$ & $0.576505$ & $0.595619$ & $-0.287184$ & $-0.397331$ & $-0.382165$ & $-0.143609$ & $1$ & $0.589612$ & $0.22357$ & $-0.437628$ & $-0.07681$ & $0.000389685$ & $-0.103729$ & $-0.0612071$ & $0.153058$ & $-0.146248$ & $-0.62799$ & $0.0543792$ & $0.0448938$ & $0.00477072$ & $-0.0327038$ & $0.0220886$ & $0.0400754$ & $0.0329317$ & $-0.0490692$ & $-0.150335$ & $-0.0634657$ & $-0.0960679$ & $0.0934798$ & $-0.0604868$ & $-0.0720641$ & $-0.0937282$ \\
CHQ3_11 & $-0.0511395$ & $0.0564619$ & $0.0127175$ & $-0.0267783$ & $0.0455658$ & $-0.0942608$ & $0.0233474$ & $-0.364542$ & $-0.371816$ & $0.452666$ & $0.00999927$ & $-0.224811$ & $-0.309448$ & $0.570639$ & $-0.174975$ & $-0.156989$ & $0.758641$ & $0.782884$ & $0.793276$ & $-0.0117127$ & $-0.00710982$ & $0.00169784$ & $0.0616851$ & $0.589612$ & $1$ & $0.0299115$ & $0.245199$ & $-0.0145481$ & $-0.00442722$ & $-0.103807$ & $-0.0562371$ & $0.0119039$ & $-0.114208$ & $-0.13103$ & $0.00961259$ & $0.0198061$ & $-0.0405554$ & $-0.0543281$ & $-0.010635$ & $0.0545106$ & $-0.0241624$ & $-0.0129356$ & $-0.033027$ & $-0.0385031$ & $-0.0728489$ & $-0.0301691$ & $0.0111329$ & $-0.0061322$ & $0.0325212$ \\
CHu_11 & $-0.00491627$ & $0.00414895$ & $-0.0668672$ & $0.0561854$ & $-0.0084932$ & $0.116544$ & $0.059489$ & $-0.500541$ & $-0.492259$ & $0.168162$ & $0.545672$ & $0.064574$ & $-0.0853052$ & $-0.255896$ & $-0.168648$ & $-0.209372$ & $-0.116295$ & $0.0206213$ & $0.0590089$ & $-0.535645$ & $-0.547256$ & $-0.541029$ & $-0.65168$ & $0.22357$ & $0.0299115$ & $1$ & $-0.14692$ & $-0.192875$ & $0.0221414$ & $-0.0361705$ & $0.00976592$ & $0.0699945$ & $0.0093843$ & $-0.267865$ & $0.0917017$ & $-0.0497359$ & $0.00471667$ & $-0.0116034$ & $0.0122768$ & $-0.00321328$ & $0.0314053$ & $-0.0379915$ & $-0.0552845$ & $-0.105488$ & $-0.094733$ & $0.0156407$ & $-0.00110555$ & $-0.0151136$ & $0.0433271$ \\
CHd_11 & $-0.000101937$ & $-0.0402176$ & $0.100621$ & $-0.0143195$ & $0.0588505$ & $-0.112213$ & $-0.177104$ & $0.413212$ & $0.402289$ & $-0.24209$ & $-0.274995$ & $-0.0512574$ & $0.178824$ & $-0.114671$ & $-0.440869$ & $-0.42023$ & $-0.144116$ & $0.0232925$ & $0.0173896$ & $0.190341$ & $0.361794$ & $0.354911$ & $0.333452$ & $-0.437628$ & $0.245199$ & $-0.14692$ & $1$ & $0.151338$ & $-0.00875806$ & $0.0199202$ & $0.00490358$ & $-0.172641$ & $0.0660834$ & $0.70388$ & $-0.0328337$ & $-0.00712504$ & $-0.0992536$ & $0.0381081$ & $-0.0429534$ & $0.0122667$ & $-0.0885724$ & $0.0833664$ & $0.11075$ & $-0.0128754$ & $0.0638661$ & $-0.0999254$ & $0.0220446$ & $0.0849575$ & $0.134885$ \\
CHd_33 & $0.035348$ & $-0.0418553$ & $0.0358369$ & $-0.0618559$ & $0.00971418$ & $-0.0550582$ & $-0.0643716$ & $0.316731$ & $0.304047$ & $-0.152962$ & $-0.330607$ & $-0.0611911$ & $0.0761038$ & $0.128927$ & $0.0825046$ & $0.0307735$ & $0.0608175$ & $-0.0342146$ & $0.0146956$ & $0.314378$ & $0.34162$ & $0.341621$ & $0.0183971$ & $-0.07681$ & $-0.0145481$ & $-0.192875$ & $0.151338$ & $1$ & $-0.0249173$ & $0.0389708$ & $-0.0289524$ & $-0.0563267$ & $0.0211533$ & $0.186686$ & $-0.0327421$ & $-0.0147527$ & $-0.027921$ & $-0.0351798$ & $0.0547649$ & $0.0352771$ & $0.0157907$ & $0.0431871$ & $-0.0139879$ & $0.0237948$ & $0.0849035$ & $0.00696098$ & $-0.0383726$ & $-0.00934588$ & $-0.000501258$ \\
CeH_22r & $0.0323021$ & $-0.00082588$ & $-0.00212279$ & $0.0235445$ & $-0.0336646$ & $-0.032189$ & $0.0551844$ & $-0.0183563$ & $-0.0048601$ & $0.0090866$ & $0.0175115$ & $-0.0136429$ & $-0.0380108$ & $-0.011202$ & $-0.0141177$ & $-0.0108599$ & $0.00441832$ & $0.00590413$ & $0.00863521$ & $-0.0189897$ & $-0.0164413$ & $-0.0213557$ & $-0.0120018$ & $0.000389685$ & $-0.00442722$ & $0.0221414$ & $-0.00875806$ & $-0.0249173$ & $1$ & $-0.0174872$ & $-0.00903458$ & $0.0302463$ & $-0.0161431$ & $-0.00293377$ & $-0.0182805$ & $-0.0408661$ & $0.048045$ & $0.00181841$ & $0.0164567$ & $-0.0147427$ & $-0.0284809$ & $0.0364482$ & $0.0150176$ & $0.0123232$ & $0.0140477$ & $0.0118385$ & $-0.00268082$ & $-0.0201007$ & $-0.0122823$ \\
CeH_33r & $0.0892046$ & $0.000570937$ & $0.073105$ & $-0.0750337$ & $0.0251939$ & $-0.0262486$ & $-0.11365$ & $0.0979419$ & $0.110925$ & $-0.173331$ & $-0.0623867$ & $0.286148$ & $0.240659$ & $-0.0458505$ & $0.0368937$ & $0.00369666$ & $-0.0683419$ & $-0.0963305$ & $-0.0710852$ & $0.0611913$ & $0.0628281$ & $0.0661124$ & $0.00180539$ & $-0.103729$ & $-0.103807$ & $-0.0361705$ & $0.0199202$ & $0.0389708$ & $-0.0174872$ & $1$ & $0.308646$ & $0.0391226$ & $0.696877$ & $0.0450399$ & $-0.0606915$ & $0.0228352$ & $-0.0562733$ & $-0.0178951$ & $-0.0314728$ & $0.0515345$ & $0.0213865$ & $0.0628508$ & $0.0355761$ & $0.0152366$ & $0.0117243$ & $0.0017223$ & $-0.038253$ & $0.00371816$ & $0.0592303$ \\
CuH_22r & $0.0890651$ & $-0.0155673$ & $0.0591471$ & $0.00766942$ & $0.052398$ & $-0.00706405$ & $-0.115815$ & $0.049913$ & $0.0613351$ & $-0.0946368$ & $-0.0328108$ & $0.0954328$ & $0.16117$ & $-0.0112603$ & $0.0151242$ & $0.0333003$ & $-0.0428104$ & $-0.0416347$ & $-0.0612559$ & $0.0313304$ & $0.0333101$ & $0.0240382$ & $-0.0201351$ & $-0.0612071$ & $-0.0562371$ & $0.00976592$ & $0.00490358$ & $-0.0289524$ & $-0.00903458$ & $0.308646$ & $1$ & $-0.0239864$ & $0.386944$ & $0.0232509$ & $-0.0516594$ & $-0.0928208$ & $0.0508469$ & $0.0111222$ & $0.00228559$ & $0.028956$ & $0.0160422$ & $0.0157664$ & $0.10313$ & $0.0250015$ & $-0.0436715$ & $-0.0827167$ & $0.186001$ & $0.00151557$ & $-0.0221658$ \\
CuH_33r & $0.00790575$ & $0.165769$ & $-0.254647$ & $-0.00528374$ & $0.00552044$ & $0.00741752$ & $0.930718$ & $-0.175182$ & $-0.139157$ & $0.0756098$ & $0.139446$ & $-0.0818044$ & $-0.238123$ & $-0.00320673$ & $0.0433704$ & $0.00832298$ & $0.0607874$ & $0.0322483$ & $0.0681103$ & $-0.126804$ & $-0.151607$ & $-0.145406$ & $-0.0209213$ & $0.153058$ & $0.0119039$ & $0.0699945$ & $-0.172641$ & $-0.0563267$ & $0.0302463$ & $0.0391226$ & $-0.0239864$ & $1$ & $-0.0183166$ & $-0.167575$ & $0.0925479$ & $0.168822$ & $0.180191$ & $-0.00141493$ & $-0.141243$ & $0.0704467$ & $0.0354212$ & $-0.115999$ & $-0.237823$ & $0.0969878$ & $-0.0980812$ & $0.14227$ & $-0.134109$ & $-0.19781$ & $-0.0910293$ \\
CdH_33r & $-0.00567937$ & $0.0162462$ & $0.126633$ & $-0.105185$ & $0.00432575$ & $-0.00799451$ & $-0.213733$ & $0.12664$ & $0.147637$ & $-0.203425$ & $-0.0666411$ & $0.397223$ & $0.371138$ & $-0.0741636$ & $0.0561691$ & $0.00863953$ & $-0.121658$ & $-0.155$ & $-0.117235$ & $0.0640149$ & $0.067532$ & $0.0682206$ & $-0.0241388$ & $-0.146248$ & $-0.114208$ & $0.0093843$ & $0.0660834$ & $0.0211533$ & $-0.0161431$ & $0.696877$ & $0.386944$ & $-0.0183166$ & $1$ & $0.0499476$ & $-0.0499949$ & $-0.0126432$ & $-0.158198$ & $-0.0234055$ & $-0.0401058$ & $-0.00474294$ & $-0.0759191$ & $0.0754951$ & $0.121967$ & $-0.0610075$ & $-0.0515891$ & $-0.150764$ & $-0.0343817$ & $0.175881$ & $0.354593$ \\
CLL_1221 & $0.0068604$ & $-0.0347545$ & $0.0756462$ & $-0.0354174$ & $0.0475192$ & $-0.134423$ & $-0.155111$ & $0.571142$ & $0.559239$ & $-0.329135$ & $-0.393751$ & $-0.0521733$ & $0.203962$ & $-0.165788$ & $-0.608523$ & $-0.129331$ & $-0.192294$ & $0.0946888$ & $-0.287416$ & $0.307089$ & $0.482174$ & $0.47615$ & $0.210383$ & $-0.62799$ & $-0.13103$ & $-0.267865$ & $0.70388$ & $0.186686$ & $-0.00293377$ & $0.0450399$ & $0.0232509$ & $-0.167575$ & $0.0499476$ & $1$ & $-0.0455142$ & $-0.0285848$ & $-0.0292431$ & $0.0418345$ & $-0.0311548$ & $0.0110519$ & $-0.0256469$ & $0.055569$ & $0.119547$ & $0.0555516$ & $0.0719799$ & $-0.0728028$ & $0.0698752$ & $0.0580919$ & $0.0998128$ \\
eHggint & $-0.389286$ & $0.111961$ & $-0.568893$ & $0.577972$ & $-0.042336$ & $0.0091744$ & $0.0331185$ & $-0.0497642$ & $-0.0754773$ & $0.0172073$ & $0.0548822$ & $-0.0375455$ & $-0.0912846$ & $-0.0335359$ & $0.008123$ & $0.0112534$ & $-0.0204447$ & $-0.0174939$ & $-0.019717$ & $-0.0485317$ & $-0.0541607$ & $-0.0673199$ & $-0.0603051$ & $0.0543792$ & $0.00961259$ & $0.0917017$ & $-0.0328337$ & $-0.0327421$ & $-0.0182805$ & $-0.0606915$ & $-0.0516594$ & $0.0925479$ & $-0.0499949$ & $-0.0455142$ & $1$ & $-0.119747$ & $0.165206$ & $0.0600541$ & $0.157361$ & $-0.0566246$ & $0.0736099$ & $-0.157894$ & $-0.501028$ & $-0.526028$ & $-0.114417$ & $0.0821979$ & $-0.110978$ & $0.292838$ & $0.0222839$ \\
eHggpar & $0.310966$ & $0.0529339$ & $0.222058$ & $-0.33357$ & $0.0179787$ & $-0.0177117$ & $0.142678$ & $-0.0386656$ & $-0.0376848$ & $0.0314314$ & $0.0193906$ & $0.00289026$ & $-0.0880066$ & $0.0107$ & $0.00535027$ & $-0.0606677$ & $0.0565511$ & $0.0238623$ & $0.0794339$ & $-0.020639$ & $-0.0167604$ & $-0.0180524$ & $0.0298475$ & $0.0448938$ & $0.0198061$ & $-0.0497359$ & $-0.00712504$ & $-0.0147527$ & $-0.0408661$ & $0.0228352$ & $-0.0928208$ & $0.168822$ & $-0.0126432$ & $-0.0285848$ & $-0.119747$ & $1$ & $-0.372808$ & $0.041882$ & $-0.504516$ & $0.0604382$ & $0.285047$ & $0.0138861$ & $-0.0406202$ & $0.140373$ & $0.0433768$ & $0.390092$ & $-0.4097$ & $-0.182807$ & $-0.0498962$ \\
eHWWint & $-0.226596$ & $-0.0816638$ & $-0.343619$ & $0.0552817$ & $-0.0110293$ & $-0.000683931$ & $0.190887$ & $-0.0160009$ & $-0.00925746$ & $0.0324517$ & $0.0130826$ & $0.0187464$ & $-0.0606086$ & $0.000909273$ & $0.0199958$ & $0.0864396$ & $-0.0113498$ & $0.00147305$ & $-0.0621464$ & $-0.00505717$ & $-0.0212171$ & $-0.0342852$ & $0.00549355$ & $0.00477072$ & $-0.0405554$ & $0.00471667$ & $-0.0992536$ & $-0.027921$ & $0.048045$ & $-0.0562733$ & $0.0508469$ & $0.180191$ & $-0.158198$ & $-0.0292431$ & $0.165206$ & $-0.372808$ & $1$ & $0.00776666$ & $0.198508$ & $0.067412$ & $0.0545648$ & $-0.121206$ & $-0.0246154$ & $0.212587$ & $-0.0869888$ & $0.0493926$ & $0.282085$ & $-0.170405$ & $-0.284839$ \\
eHWWpar & $0.0321154$ & $0.0290696$ & $-0.0842921$ & $0.144316$ & $0.0391261$ & $-0.041085$ & $-0.00930332$ & $0.0555739$ & $0.0575806$ & $-0.0141727$ & $-0.0369485$ & $0.0329681$ & $0.0420702$ & $-0.015915$ & $-0.000708952$ & $-0.00526624$ & $-0.0358496$ & $-0.0398949$ & $-0.0253632$ & $0.0309844$ & $0.0433537$ & $0.0409253$ & $0.00449865$ & $-0.0327038$ & $-0.0543281$ & $-0.0116034$ & $0.0381081$ & $-0.0351798$ & $0.00181841$ & $-0.0178951$ & $0.0111222$ & $-0.00141493$ & $-0.0234055$ & $0.0418345$ & $0.0600541$ & $0.041882$ & $0.00776666$ & $1$ & $-0.0251082$ & $-0.0500112$ & $-0.0985622$ & $0.040262$ & $-0.0238359$ & $-0.0246639$ & $0.0124821$ & $0.0647898$ & $-0.108541$ & $-0.111458$ & $-0.0697096$ \\
eHZZint & $-0.256924$ & $-0.101944$ & $-0.155707$ & $0.0651273$ & $-0.0926719$ & $0.00256088$ & $-0.144151$ & $0.00591979$ & $-0.0145509$ & $0.0448391$ & $-0.00884713$ & $-0.00351274$ & $0.0229742$ & $0.0155407$ & $0.0374534$ & $0.0247729$ & $-0.00167379$ & $-0.0173663$ & $-0.00471918$ & $0.0105044$ & $0.0049783$ & $0.0029895$ & $-0.0131802$ & $0.0220886$ & $-0.010635$ & $0.0122768$ & $-0.0429534$ & $0.0547649$ & $0.0164567$ & $-0.0314728$ & $0.00228559$ & $-0.141243$ & $-0.0401058$ & $-0.0311548$ & $0.157361$ & $-0.504516$ & $0.198508$ & $-0.0251082$ & $1$ & $-0.148952$ & $-0.0604909$ & $0.0438489$ & $-0.303034$ & $-0.352632$ & $0.0599164$ & $0.107338$ & $0.15568$ & $0.291309$ & $-0.175102$ \\
eHZZpar & $0.112443$ & $0.0893768$ & $-0.106891$ & $0.0451874$ & $0.00244561$ & $-0.00953033$ & $0.0693025$ & $-0.0442943$ & $-0.0442691$ & $0.00357688$ & $0.0253447$ & $-0.0317481$ & $-0.0652609$ & $-0.000230325$ & $-0.0350832$ & $-0.0373837$ & $0.0618173$ & $0.0573807$ & $0.0652297$ & $-0.0302281$ & $-0.0234633$ & $-0.00925332$ & $-0.00867625$ & $0.0400754$ & $0.0545106$ & $-0.00321328$ & $0.0122667$ & $0.0352771$ & $-0.0147427$ & $0.0515345$ & $0.028956$ & $0.0704467$ & $-0.00474294$ & $0.0110519$ & $-0.0566246$ & $0.0604382$ & $0.067412$ & $-0.0500112$ & $-0.148952$ & $1$ & $-0.00785084$ & $-0.053779$ & $0.0543589$ & $0.101119$ & $-0.00679349$ & $0.0974578$ & $-0.0323264$ & $-0.00434918$ & $-0.1268$ \\
eHZgaint & $0.142482$ & $-0.367071$ & $0.0639519$ & $-0.313238$ & $0.0120387$ & $0.00561384$ & $0.0127285$ & $-0.0513607$ & $-0.0557832$ & $0.0441283$ & $0.037524$ & $0.0260394$ & $-0.0298368$ & $0.02535$ & $-0.0371893$ & $-0.0625102$ & $0.0280657$ & $0.0534876$ & $0.0676304$ & $-0.0393999$ & $-0.0392018$ & $-0.0471209$ & $-0.0618317$ & $0.0329317$ & $-0.0241624$ & $0.0314053$ & $-0.0885724$ & $0.0157907$ & $-0.0284809$ & $0.0213865$ & $0.0160422$ & $0.0354212$ & $-0.0759191$ & $-0.0256469$ & $0.0736099$ & $0.285047$ & $0.0545648$ & $-0.0985622$ & $-0.0604909$ & $-0.00785084$ & $1$ & $-0.186465$ & $-0.0496659$ & $0.315881$ & $-0.268225$ & $0.2964$ & $-0.0616723$ & $-0.370608$ & $-0.305664$ \\
eHZgapar & $0.0292513$ & $-0.0287211$ & $0.195343$ & $-0.0169181$ & $-0.0332907$ & $-0.0508349$ & $-0.114173$ & $0.0623518$ & $0.0661553$ & $-0.0160706$ & $-0.0433364$ & $0.0241512$ & $0.0704662$ & $-0.0272755$ & $-0.00482398$ & $-0.0505912$ & $-0.0207978$ & $-0.0366428$ & $-0.00356773$ & $0.0370349$ & $0.0490292$ & $0.0473414$ & $0.0423697$ & $-0.0490692$ & $-0.0129356$ & $-0.0379915$ & $0.0833664$ & $0.0431871$ & $0.0364482$ & $0.0628508$ & $0.0157664$ & $-0.115999$ & $0.0754951$ & $0.055569$ & $-0.157894$ & $0.0138861$ & $-0.121206$ & $0.040262$ & $0.0438489$ & $-0.053779$ & $-0.186465$ & $1$ & $0.158274$ & $-0.0421722$ & $0.186071$ & $-0.0635139$ & $-0.0495642$ & $0.0309249$ & $0.0916002$ \\
eHgagaint & $0.151004$ & $-0.176769$ & $0.483451$ & $-0.164261$ & $0.100418$ & $0.0232802$ & $-0.202566$ & $0.131412$ & $0.168557$ & $-0.0763006$ & $-0.097756$ & $0.0469284$ & $0.116046$ & $-0.0207767$ & $-0.0146054$ & $0.0312008$ & $-0.0463157$ & $-0.0458226$ & $-0.0908173$ & $0.0873674$ & $0.0994185$ & $0.106589$ & $0.0179342$ & $-0.150335$ & $-0.033027$ & $-0.0552845$ & $0.11075$ & $-0.0139879$ & $0.0150176$ & $0.0355761$ & $0.10313$ & $-0.237823$ & $0.121967$ & $0.119547$ & $-0.501028$ & $-0.0406202$ & $-0.0246154$ & $-0.0238359$ & $-0.303034$ & $0.0543589$ & $-0.0496659$ & $0.158274$ & $1$ & $0.259001$ & $-0.0937202$ & $-0.208362$ & $0.203035$ & $-0.0261839$ & $0.210796$ \\
eHmumuint & $0.230991$ & $-0.0733867$ & $0.19064$ & $-0.462128$ & $0.0757297$ & $-0.0423355$ & $0.133108$ & $0.0596781$ & $0.0746225$ & $-0.0291291$ & $-0.0678318$ & $-0.00240794$ & $-0.00225628$ & $0.0460423$ & $-0.0122377$ & $0.000747584$ & $0.0222829$ & $0.0276637$ & $0.0150139$ & $0.0640201$ & $0.0705239$ & $0.0702427$ & $0.0651317$ & $-0.0634657$ & $-0.0385031$ & $-0.105488$ & $-0.0128754$ & $0.0237948$ & $0.0123232$ & $0.0152366$ & $0.0250015$ & $0.0969878$ & $-0.0610075$ & $0.0555516$ & $-0.526028$ & $0.140373$ & $0.212587$ & $-0.0246639$ & $-0.352632$ & $0.101119$ & $0.315881$ & $-0.0421722$ & $0.259001$ & $1$ & $0.155289$ & $0.0299272$ & $0.034915$ & $-0.383663$ & $-0.153867$ \\
eHtautauint & $0.140835$ & $0.124757$ & $-0.0167768$ & $-0.0553033$ & $0.00601699$ & $-0.0387954$ & $-0.0872648$ & $0.106527$ & $0.0978471$ & $-0.0749191$ & $-0.0749686$ & $-0.0290034$ & $0.038296$ & $-0.0296054$ & $0.0230928$ & $-0.0104545$ & $-0.0521123$ & $-0.0803297$ & $-0.0523011$ & $0.0652718$ & $0.0836746$ & $0.0759188$ & $0.0494237$ & $-0.0960679$ & $-0.0728489$ & $-0.094733$ & $0.0638661$ & $0.0849035$ & $0.0140477$ & $0.0117243$ & $-0.0436715$ & $-0.0980812$ & $-0.0515891$ & $0.0719799$ & $-0.114417$ & $0.0433768$ & $-0.0869888$ & $0.0124821$ & $0.0599164$ & $-0.00679349$ & $-0.268225$ & $0.186071$ & $-0.0937202$ & $0.155289$ & $1$ & $0.167094$ & $-0.286351$ & $0.0802404$ & $-0.181809$ \\
eHccint & $0.207556$ & $0.109694$ & $-0.082219$ & $-0.0405784$ & $-0.0402322$ & $-0.00984226$ & $0.130745$ & $-0.101479$ & $-0.10149$ & $0.115483$ & $0.0892922$ & $0.0546867$ & $-0.0826339$ & $-0.0411709$ & $0.00518468$ & $0.0107767$ & $0.0316296$ & $0.01306$ & $0.00841038$ & $-0.0833305$ & $-0.091445$ & $-0.0964664$ & $0.0159874$ & $0.0934798$ & $-0.0301691$ & $0.0156407$ & $-0.0999254$ & $0.00696098$ & $0.0118385$ & $0.0017223$ & $-0.0827167$ & $0.14227$ & $-0.150764$ & $-0.0728028$ & $0.0821979$ & $0.390092$ & $0.0493926$ & $0.0647898$ & $0.107338$ & $0.0974578$ & $0.2964$ & $-0.0635139$ & $-0.208362$ & $0.0299272$ & $0.167094$ & $1$ & $-0.476223$ & $-0.156059$ & $-0.438446$ \\
eHccpar & $-0.00885301$ & $-0.0763725$ & $0.150471$ & $0.0718452$ & $-0.0265147$ & $0.0306866$ & $-0.115223$ & $0.0447167$ & $0.0504524$ & $-0.0419641$ & $-0.0482935$ & $-0.041572$ & $0.0044026$ & $0.0420815$ & $-0.0494671$ & $0.022662$ & $0.000166437$ & $0.0487804$ & $-0.00969039$ & $0.0461076$ & $0.0495605$ & $0.0521508$ & $-0.0299726$ & $-0.0604868$ & $0.0111329$ & $-0.00110555$ & $0.0220446$ & $-0.0383726$ & $-0.00268082$ & $-0.038253$ & $0.186001$ & $-0.134109$ & $-0.0343817$ & $0.0698752$ & $-0.110978$ & $-0.4097$ & $0.282085$ & $-0.108541$ & $0.15568$ & $-0.0323264$ & $-0.0616723$ & $-0.0495642$ & $0.203035$ & $0.034915$ & $-0.286351$ & $-0.476223$ & $1$ & $-0.00421246$ & $-0.0800216$ \\
eHbbint & $-0.299553$ & $-0.00406877$ & $-0.0643608$ & $0.246224$ & $-0.0548053$ & $0.0191775$ & $-0.210956$ & $0.0659515$ & $0.0519119$ & $-0.0201158$ & $-0.0317275$ & $0.00333273$ & $0.0384251$ & $-0.0486442$ & $-0.0032979$ & $-0.0016422$ & $-0.0571892$ & $-0.0618105$ & $-0.0614454$ & $0.0266501$ & $0.0379475$ & $0.0332267$ & $0.0305976$ & $-0.0720641$ & $-0.0061322$ & $-0.0151136$ & $0.0849575$ & $-0.00934588$ & $-0.0201007$ & $0.00371816$ & $0.00151557$ & $-0.19781$ & $0.175881$ & $0.0580919$ & $0.292838$ & $-0.182807$ & $-0.170405$ & $-0.111458$ & $0.291309$ & $-0.00434918$ & $-0.370608$ & $0.0309249$ & $-0.0261839$ & $-0.383663$ & $0.0802404$ & $-0.156059$ & $-0.00421246$ & $1$ & $0.363924$ \\
eHbbpar & $-0.32015$ & $0.0717134$ & $0.112944$ & $-0.148397$ & $0.0331234$ & $-0.0113417$ & $-0.105224$ & $0.100971$ & $0.105242$ & $-0.0744707$ & $-0.0753628$ & $0.0106275$ & $0.0780192$ & $-0.0243604$ & $-0.0128216$ & $0.0185768$ & $-0.0286099$ & $-0.0376116$ & $-0.066482$ & $0.0696115$ & $0.0814112$ & $0.0745443$ & $-0.0403256$ & $-0.0937282$ & $0.0325212$ & $0.0433271$ & $0.134885$ & $-0.000501258$ & $-0.0122823$ & $0.0592303$ & $-0.0221658$ & $-0.0910293$ & $0.354593$ & $0.0998128$ & $0.0222839$ & $-0.0498962$ & $-0.284839$ & $-0.0697096$ & $-0.175102$ & $-0.1268$ & $-0.305664$ & $0.0916002$ & $0.210796$ & $-0.153867$ & $-0.181809$ & $-0.438446$ & $-0.0800216$ & $0.363924$ & $1$ \\
