 & AlsMz & dAle5Mz & mtop & mHl & Mz & CW & CHG & CHWB & CHWHB_gaga & CHWHB_gagaorth & CHD & CHbox & CH & CHL1_11 & CHL1_22 & CHL1_33 & CHL3_11 & CHL3_22 & CHL3_33 & CHe_11 & CHe_22 & CHe_33 & CHQ1_11 & CHQ1_33 & CHQ3_11 & CHu_11 & CHd_11 & CHd_33 & CeH_22r & CeH_33r & CuH_22r & CuH_33r & CdH_33r & CLL_1221 & eHggint & eHggpar & eHWWint & eHWWpar & eHZZint & eHZZpar & eHZgaint & eHZgapar & eHgagaint & eHmumuint & eHtautauint & eHccint & eHccpar & eHbbint & eHbbpar \\
AlsMz & $1$ & $-0.0250874$ & $-0.0344698$ & $-0.00708642$ & $0.0267305$ & $-0.0307263$ & $-0.0174075$ & $-0.0316651$ & $-0.0392314$ & $0.00689833$ & $0.0162285$ & $0.00480676$ & $0.0071896$ & $-0.00273151$ & $0.000895762$ & $-0.0253082$ & $0.0227775$ & $0.0134314$ & $0.0307131$ & $-0.0241286$ & $-0.0253876$ & $-0.0271211$ & $0.00310322$ & $-0.0300653$ & $-0.0945724$ & $-0.0286146$ & $-0.0366552$ & $-0.00418959$ & $0.0291825$ & $0.0221629$ & $0.0400043$ & $-0.00255026$ & $-0.019713$ & $-0.0251359$ & $-0.0459017$ & $0.0688917$ & $-0.00714625$ & $-0.00719275$ & $0.101567$ & $0.01784$ & $0.00450821$ & $0.00620298$ & $-0.0988316$ & $0.0356227$ & $0.0454385$ & $-0.0450589$ & $0.0401828$ & $-0.0798495$ & $-0.0854646$ \\
dAle5Mz & $-0.0250874$ & $1$ & $-0.0201587$ & $-0.0997692$ & $-0.0135884$ & $0.00773939$ & $-0.0159593$ & $-0.0882464$ & $-0.0865746$ & $0.0470357$ & $0.0697607$ & $0.0332194$ & $0.000897862$ & $-0.0280415$ & $-0.0219546$ & $-0.00851134$ & $0.0233889$ & $0.020169$ & $0.00668674$ & $-0.0446475$ & $-0.0442685$ & $-0.0428829$ & $-0.00423035$ & $0.0355685$ & $0.0243788$ & $0.0225931$ & $-0.00908592$ & $-0.022855$ & $-0.00519817$ & $-0.00937444$ & $0.0123066$ & $-0.0177069$ & $0.0210628$ & $0.0184424$ & $0.0561929$ & $-0.126301$ & $0.07899$ & $0.00468876$ & $-0.032838$ & $-0.0211159$ & $0.0270936$ & $0.0180543$ & $-0.0364764$ & $-0.0591337$ & $-0.12051$ & $-0.0553611$ & $0.0447443$ & $0.109477$ & $0.0105152$ \\
mtop & $-0.0344698$ & $-0.0201587$ & $1$ & $0.0829815$ & $0.00849123$ & $-0.00527942$ & $-0.0227077$ & $0.0206421$ & $0.0174138$ & $-0.00256044$ & $0.0065243$ & $0.0280933$ & $0.0301581$ & $-0.0276104$ & $-0.00833174$ & $-0.0134927$ & $-0.0353015$ & $-0.0301959$ & $-0.0262702$ & $-0.000803642$ & $0.00381642$ & $0.00138935$ & $-0.00297892$ & $-0.0324182$ & $-0.0169708$ & $0.00932692$ & $0.0268667$ & $0.016392$ & $0.0170517$ & $-0.00598594$ & $7.62457e-05$ & $-0.02555$ & $-0.0580451$ & $0.0218758$ & $0.0345518$ & $-0.00825896$ & $0.0862634$ & $0.0155367$ & $0.0585142$ & $0.0146926$ & $-0.0745972$ & $-0.0139273$ & $-0.0476706$ & $-0.04736$ & $-0.0447633$ & $-0.045414$ & $0.0566273$ & $0.115157$ & $-0.134915$ \\
mHl & $-0.00708642$ & $-0.0997692$ & $0.0829815$ & $1$ & $0.0254289$ & $0.00994454$ & $0.00086025$ & $-0.0181655$ & $-0.0219357$ & $0.0249664$ & $0.00867862$ & $-0.0194529$ & $-0.0298251$ & $0.0190463$ & $-0.00132966$ & $-0.0127184$ & $0.0256785$ & $0.0230663$ & $0.0295604$ & $-0.0115104$ & $-0.0105512$ & $-0.0102623$ & $0.00829196$ & $0.0233024$ & $0.0232126$ & $-0.00876858$ & $-0.0140636$ & $0.00105421$ & $0.0072354$ & $-0.0102711$ & $0.00827457$ & $-0.00280047$ & $-0.052543$ & $-0.0180554$ & $-0.0401741$ & $-0.0193223$ & $0.0120606$ & $0.0275526$ & $-0.0864862$ & $0.0133575$ & $-0.00749255$ & $0.000911745$ & $-0.0833414$ & $-0.0360429$ & $-0.0614014$ & $0.0465292$ & $-0.012852$ & $-0.134395$ & $-0.0624571$ \\
Mz & $0.0267305$ & $-0.0135884$ & $0.00849123$ & $0.0254289$ & $1$ & $-0.0155153$ & $-0.00274833$ & $0.00801406$ & $0.00696059$ & $0.0256032$ & $-0.00695325$ & $0.0288624$ & $0.0164976$ & $0.015258$ & $0.00702448$ & $0.0116369$ & $0.0162031$ & $0.00737014$ & $0.0018782$ & $0.0158599$ & $0.0162285$ & $0.0150769$ & $0.00106911$ & $0.000518292$ & $-0.0063451$ & $-0.0175156$ & $-0.0152223$ & $-0.0070628$ & $-0.0104159$ & $0.021507$ & $-0.00340314$ & $-0.000344309$ & $0.011535$ & $-0.00138271$ & $-0.0118543$ & $-0.03783$ & $0.0139586$ & $0.00694618$ & $-0.00730134$ & $-0.019463$ & $-0.0275893$ & $0.0198597$ & $-0.0101839$ & $-0.0305311$ & $0.0316855$ & $0.00203303$ & $-0.00283535$ & $-0.0090115$ & $0.00180226$ \\
CW & $-0.0307263$ & $0.00773939$ & $-0.00527942$ & $0.00994454$ & $-0.0155153$ & $1$ & $0.006769$ & $-0.120329$ & $-0.117586$ & $0.0102405$ & $0.184821$ & $0.0452001$ & $0.0141851$ & $0.00685804$ & $-0.097355$ & $-0.0824814$ & $-0.259152$ & $-0.0440443$ & $-0.056576$ & $-0.183752$ & $-0.186014$ & $-0.185372$ & $-0.00258744$ & $-0.00897914$ & $-0.0906732$ & $0.113083$ & $-0.0670901$ & $-0.082034$ & $0.0171044$ & $-0.00460811$ & $0.00258809$ & $0.013325$ & $0.0167979$ & $-0.0980929$ & $0.00100421$ & $0.00477537$ & $0.0025663$ & $-0.00248003$ & $-0.0217887$ & $0.00252873$ & $-0.00749608$ & $-0.0170693$ & $-0.0232407$ & $-0.00117256$ & $-0.0224633$ & $-0.0143511$ & $-0.0168734$ & $-0.00725475$ & $0.0163736$ \\
CHG & $-0.0174075$ & $-0.0159593$ & $-0.0227077$ & $0.00086025$ & $-0.00274833$ & $0.006769$ & $1$ & $-0.127755$ & $-0.0726805$ & $0.0835009$ & $0.079852$ & $-0.223735$ & $-0.298861$ & $0.0540646$ & $-0.0228819$ & $-0.0452539$ & $0.0953834$ & $0.104387$ & $0.119996$ & $-0.0772881$ & $-0.083159$ & $-0.0800217$ & $-0.0324153$ & $0.125409$ & $0.116366$ & $0.068227$ & $-0.0432124$ & $-0.0364147$ & $0.00580077$ & $-0.13875$ & $-0.0670225$ & $0.937892$ & $-0.162355$ & $-0.085005$ & $-0.0193988$ & $0.00472242$ & $0.0354372$ & $0.0116804$ & $-0.0189546$ & $0.00166024$ & $-0.000672817$ & $-0.00943653$ & $0.00279862$ & $0.0316194$ & $0.0112831$ & $-0.0206379$ & $-0.0189329$ & $-0.0170994$ & $0.00492593$ \\
CHWB & $-0.0316651$ & $-0.0882464$ & $0.0206421$ & $-0.0181655$ & $0.00801406$ & $-0.120329$ & $-0.127755$ & $1$ & $0.98191$ & $-0.577955$ & $-0.876572$ & $0.0864642$ & $0.355833$ & $0.0877725$ & $0.293626$ & $0.292121$ & $-0.253467$ & $-0.438446$ & $-0.440708$ & $0.84744$ & $0.893921$ & $0.876001$ & $0.0560832$ & $-0.670877$ & $-0.405791$ & $-0.500928$ & $0.430397$ & $0.321174$ & $0.0242973$ & $0.114035$ & $0.0323824$ & $-0.123993$ & $0.105733$ & $0.558255$ & $-0.00592253$ & $0.0167361$ & $-0.0236143$ & $0.000557826$ & $0.00738644$ & $-0.0055823$ & $0.0108915$ & $0.00652992$ & $0.0147484$ & $-0.0130683$ & $0.0151238$ & $0.026157$ & $0.00433133$ & $0.00922723$ & $-0.0154138$ \\
CHWHB_gaga & $-0.0392314$ & $-0.0865746$ & $0.0174138$ & $-0.0219357$ & $0.00696059$ & $-0.117586$ & $-0.0726805$ & $0.98191$ & $1$ & $-0.56966$ & $-0.856073$ & $0.0966594$ & $0.34953$ & $0.0767854$ & $0.288606$ & $0.284846$ & $-0.258626$ & $-0.439138$ & $-0.440012$ & $0.828167$ & $0.873381$ & $0.856273$ & $0.0497231$ & $-0.662343$ & $-0.407627$ & $-0.48582$ & $0.419535$ & $0.316363$ & $0.0301937$ & $0.136998$ & $0.0444339$ & $-0.0778983$ & $0.132083$ & $0.547289$ & $-0.0273832$ & $0.00556769$ & $-0.0411237$ & $-0.00351369$ & $-0.00290019$ & $-0.00287385$ & $0.0164704$ & $0.00577464$ & $0.0796526$ & $-0.0104088$ & $0.0110927$ & $0.0256116$ & $0.00566079$ & $0.0132321$ & $-0.00686563$ \\
CHWHB_gagaorth & $0.00689833$ & $0.0470357$ & $-0.00256044$ & $0.0249664$ & $0.0256032$ & $0.0102405$ & $0.0835009$ & $-0.577955$ & $-0.56966$ & $1$ & $0.362042$ & $0.219336$ & $-0.247713$ & $0.23079$ & $-0.129589$ & $-0.122193$ & $0.437036$ & $0.490352$ & $0.488778$ & $-0.346787$ & $-0.377021$ & $-0.370784$ & $-0.0385077$ & $0.553275$ & $0.476726$ & $0.205535$ & $-0.249833$ & $-0.14472$ & $-0.0273114$ & $-0.134915$ & $-0.0629689$ & $0.0967765$ & $-0.160622$ & $-0.347421$ & $0.0461325$ & $0.0171043$ & $0.0375975$ & $0.00459113$ & $0.0052252$ & $0.015221$ & $-0.0382005$ & $-0.00131374$ & $-0.0282431$ & $0.0170102$ & $0.0102413$ & $-0.0382931$ & $0.00168154$ & $-0.0159673$ & $-0.0132189$ \\
CHD & $0.0162285$ & $0.0697607$ & $0.0065243$ & $0.00867862$ & $-0.00695325$ & $0.184821$ & $0.079852$ & $-0.876572$ & $-0.856073$ & $0.362042$ & $1$ & $0.0792849$ & $-0.161786$ & $-0.509599$ & $-0.415259$ & $-0.416162$ & $-0.209173$ & $0.068655$ & $0.0704357$ & $-0.990333$ & $-0.990836$ & $-0.969749$ & $-0.00509239$ & $0.29919$ & $0.0201995$ & $0.564253$ & $-0.294009$ & $-0.352105$ & $-0.00900974$ & $-0.0656713$ & $-0.0114148$ & $0.0854334$ & $-0.0444493$ & $-0.362636$ & $0.0147588$ & $-0.0193588$ & $0.0305348$ & $8.28009e-05$ & $-0.014614$ & $0.0153153$ & $-0.0208738$ & $-0.00538562$ & $0.0014228$ & $-0.00325393$ & $-0.0231154$ & $-0.0232486$ & $0.00138181$ & $0.0089843$ & $0.0244539$ \\
CHbox & $0.00480676$ & $0.0332194$ & $0.0280933$ & $-0.0194529$ & $0.0288624$ & $0.0452001$ & $-0.223735$ & $0.0864642$ & $0.0966594$ & $0.219336$ & $0.0792849$ & $1$ & $0.77265$ & $-0.312542$ & $0.0252693$ & $0.0387735$ & $-0.335815$ & $-0.317648$ & $-0.331135$ & $-0.0673126$ & $-0.0765208$ & $-0.0733632$ & $0.00922225$ & $-0.230554$ & $-0.318468$ & $0.0406961$ & $-0.00729268$ & $-0.0284511$ & $0.0594007$ & $0.332021$ & $0.10132$ & $-0.14206$ & $0.36052$ & $0.043688$ & $0.0856801$ & $0.0307143$ & $0.00606391$ & $-0.00207858$ & $-0.0203869$ & $0.013847$ & $-0.0527412$ & $-0.0168719$ & $0.000142225$ & $0.000548867$ & $-0.00437791$ & $-0.0210323$ & $0.0117751$ & $0.023398$ & $-0.00771$ \\
CH & $0.0071896$ & $0.000897862$ & $0.0301581$ & $-0.0298251$ & $0.0164976$ & $0.0141851$ & $-0.298861$ & $0.355833$ & $0.34953$ & $-0.247713$ & $-0.161786$ & $0.77265$ & $1$ & $-0.265874$ & $0.0808693$ & $0.0803166$ & $-0.388767$ & $-0.412175$ & $-0.415957$ & $0.157794$ & $0.173004$ & $0.171017$ & $0.0301263$ & $-0.407797$ & $-0.402916$ & $-0.0981665$ & $0.13952$ & $0.0683638$ & $0.0714423$ & $0.281041$ & $0.108568$ & $-0.253146$ & $0.315622$ & $0.213634$ & $0.028296$ & $0.0105507$ & $-0.00298733$ & $0.00275494$ & $-0.0164138$ & $0.001167$ & $-0.0239709$ & $-0.0190628$ & $0.0115322$ & $0.0083494$ & $-0.00087605$ & $0.00595073$ & $0.0136048$ & $0.0319551$ & $-0.0114435$ \\
CHL1_11 & $-0.00273151$ & $-0.0280415$ & $-0.0276104$ & $0.0190463$ & $0.015258$ & $0.00685804$ & $0.0540646$ & $0.0877725$ & $0.0767854$ & $0.23079$ & $-0.509599$ & $-0.312542$ & $-0.265874$ & $1$ & $0.256525$ & $0.266967$ & $0.670056$ & $0.604342$ & $0.599453$ & $0.527496$ & $0.469683$ & $0.458436$ & $-0.0714927$ & $0.484281$ & $0.607073$ & $-0.279329$ & $-0.102107$ & $0.160008$ & $-0.0181939$ & $-0.0556661$ & $-0.0300381$ & $0.0358004$ & $-0.08345$ & $-0.207717$ & $-0.0295084$ & $0.0108083$ & $-0.0173074$ & $0.000845058$ & $0.0180203$ & $-0.0126997$ & $0.0262474$ & $0.000939537$ & $-0.0297694$ & $0.0302859$ & $0.0234799$ & $-0.00393164$ & $-0.00916124$ & $-0.0288007$ & $-0.0184752$ \\
CHL1_22 & $0.000895762$ & $-0.0219546$ & $-0.00833174$ & $-0.00132966$ & $0.00702448$ & $-0.097355$ & $-0.0228819$ & $0.293626$ & $0.288606$ & $-0.129589$ & $-0.415259$ & $0.0252693$ & $0.0808693$ & $0.256525$ & $1$ & $0.439972$ & $0.162039$ & $-0.45644$ & $-0.0366957$ & $0.480774$ & $0.331287$ & $0.316773$ & $-0.18011$ & $0.109001$ & $-0.136629$ & $-0.191486$ & $-0.39737$ & $0.122644$ & $-0.00813774$ & $0.0381061$ & $0.0104139$ & $-0.0186635$ & $0.0281745$ & $-0.599445$ & $-0.0156948$ & $0.030542$ & $-0.00899142$ & $-0.0182132$ & $-0.00112542$ & $-0.0149294$ & $0.00170387$ & $0.0084722$ & $0.00212699$ & $0.00480853$ & $-0.00014636$ & $0.0363208$ & $4.86163e-05$ & $-0.0229863$ & $-0.00725078$ \\
CHL1_33 & $-0.0253082$ & $-0.00851134$ & $-0.0134927$ & $-0.0127184$ & $0.0116369$ & $-0.0824814$ & $-0.0452539$ & $0.292121$ & $0.284846$ & $-0.122193$ & $-0.416162$ & $0.0387735$ & $0.0803166$ & $0.266967$ & $0.439972$ & $1$ & $0.158996$ & $-0.026903$ & $-0.43224$ & $0.48056$ & $0.333655$ & $0.353107$ & $-0.168701$ & $0.105078$ & $-0.117831$ & $-0.19469$ & $-0.378618$ & $0.119525$ & $-0.00958625$ & $0.0467995$ & $0.0204432$ & $-0.036471$ & $0.0469646$ & $-0.101873$ & $-0.00467983$ & $0.000831757$ & $-0.0202948$ & $-0.0081435$ & $-0.0239886$ & $-0.00574228$ & $-0.00674532$ & $-0.00156114$ & $0.00122333$ & $0.00109628$ & $-0.0118934$ & $0.0314632$ & $-0.000139876$ & $-0.0309955$ & $-0.00388324$ \\
CHL3_11 & $0.0227775$ & $0.0233889$ & $-0.0353015$ & $0.0256785$ & $0.0162031$ & $-0.259152$ & $0.0953834$ & $-0.253467$ & $-0.258626$ & $0.437036$ & $-0.209173$ & $-0.335815$ & $-0.388767$ & $0.670056$ & $0.162039$ & $0.158996$ & $1$ & $0.735409$ & $0.742923$ & $0.232815$ & $0.176148$ & $0.169696$ & $-0.0651$ & $0.688886$ & $0.78348$ & $-0.114425$ & $-0.173716$ & $0.0562618$ & $-0.031159$ & $-0.105811$ & $-0.0499446$ & $0.0751985$ & $-0.133638$ & $-0.260626$ & $-0.010091$ & $0.00796874$ & $-0.00992229$ & $-0.00175178$ & $0.0176149$ & $-0.0246638$ & $0.0158832$ & $-0.00254641$ & $-0.0289047$ & $0.0332472$ & $0.0177025$ & $-0.00118434$ & $-0.0125805$ & $-0.0313359$ & $-0.0252276$ \\
CHL3_22 & $0.0134314$ & $0.020169$ & $-0.0301959$ & $0.0230663$ & $0.00737014$ & $-0.0440443$ & $0.104387$ & $-0.438446$ & $-0.439138$ & $0.490352$ & $0.068655$ & $-0.317648$ & $-0.412175$ & $0.604342$ & $-0.45644$ & $-0.026903$ & $0.735409$ & $1$ & $0.679112$ & $-0.0714932$ & $-0.063306$ & $-0.0562307$ & $0.0195975$ & $0.623579$ & $0.797649$ & $0.0232673$ & $-0.00909066$ & $-0.0325879$ & $-0.0244406$ & $-0.114519$ & $-0.047306$ & $0.0846133$ & $-0.132154$ & $0.0406407$ & $-0.00706256$ & $-0.0122643$ & $-0.00773501$ & $0.00942275$ & $0.0127227$ & $-0.00676127$ & $0.0141294$ & $-0.00706605$ & $-0.0296409$ & $0.0287602$ & $0.017592$ & $-0.0283191$ & $-0.0122177$ & $-0.0195137$ & $-0.0111249$ \\
CHL3_33 & $0.0307131$ & $0.00668674$ & $-0.0262702$ & $0.0295604$ & $0.0018782$ & $-0.056576$ & $0.119996$ & $-0.440708$ & $-0.440012$ & $0.488778$ & $0.0704357$ & $-0.331135$ & $-0.415957$ & $0.599453$ & $-0.0366957$ & $-0.43224$ & $0.742923$ & $0.679112$ & $1$ & $-0.0725401$ & $-0.0645438$ & $-0.0628157$ & $0.0141115$ & $0.630418$ & $0.795377$ & $0.0264107$ & $-0.0151543$ & $-0.0281196$ & $-0.0201116$ & $-0.122743$ & $-0.0539859$ & $0.0969387$ & $-0.148215$ & $-0.338711$ & $-0.0163251$ & $0.0120029$ & $0.00522036$ & $0.00486714$ & $0.030175$ & $-0.0135036$ & $0.018828$ & $0.00148945$ & $-0.032444$ & $0.0317144$ & $0.0253082$ & $-0.0261628$ & $-0.0134558$ & $-0.0138608$ & $-0.0172527$ \\
CHe_11 & $-0.0241286$ & $-0.0446475$ & $-0.000803642$ & $-0.0115104$ & $0.0158599$ & $-0.183752$ & $-0.0772881$ & $0.84744$ & $0.828167$ & $-0.346787$ & $-0.990333$ & $-0.0673126$ & $0.157794$ & $0.527496$ & $0.480774$ & $0.48056$ & $0.232815$ & $-0.0714932$ & $-0.0725401$ & $1$ & $0.972383$ & $0.951984$ & $-0.0205747$ & $-0.245186$ & $-0.012409$ & $-0.553801$ & $0.219405$ & $0.344823$ & $0.00607797$ & $0.067373$ & $0.0110799$ & $-0.0820337$ & $0.0456583$ & $0.283908$ & $-0.0137007$ & $0.0169493$ & $-0.0296981$ & $-0.00144017$ & $0.0133862$ & $-0.0172987$ & $0.0160356$ & $0.00705135$ & $-0.000586834$ & $0.00208582$ & $0.019964$ & $0.0210738$ & $-0.00115682$ & $-0.00798147$ & $-0.0235134$ \\
CHe_22 & $-0.0253876$ & $-0.0442685$ & $0.00381642$ & $-0.0105512$ & $0.0162285$ & $-0.186014$ & $-0.083159$ & $0.893921$ & $0.873381$ & $-0.377021$ & $-0.990836$ & $-0.0765208$ & $0.173004$ & $0.469683$ & $0.331287$ & $0.333655$ & $0.176148$ & $-0.063306$ & $-0.0645438$ & $0.972383$ & $1$ & $0.975398$ & $0.0338594$ & $-0.355294$ & $-0.0251429$ & $-0.566447$ & $0.376871$ & $0.354053$ & $0.0102734$ & $0.0657393$ & $0.0108406$ & $-0.0899733$ & $0.0448224$ & $0.449886$ & $-0.0123215$ & $0.0136367$ & $-0.026055$ & $0.00230886$ & $0.0157925$ & $-0.0147458$ & $0.0196686$ & $0.00676145$ & $-0.000525599$ & $2.87818e-05$ & $0.02138$ & $0.0198148$ & $0.000742459$ & $-0.000926938$ & $-0.0251581$ \\
CHe_33 & $-0.0271211$ & $-0.0428829$ & $0.00138935$ & $-0.0102623$ & $0.0150769$ & $-0.185372$ & $-0.0800217$ & $0.876001$ & $0.856273$ & $-0.370784$ & $-0.969749$ & $-0.0733632$ & $0.171017$ & $0.458436$ & $0.316773$ & $0.353107$ & $0.169696$ & $-0.0562307$ & $-0.0628157$ & $0.951984$ & $0.975398$ & $1$ & $0.0338971$ & $-0.349499$ & $-0.0215068$ & $-0.554961$ & $0.373141$ & $0.347969$ & $0.0145936$ & $0.0660766$ & $0.0120321$ & $-0.0866135$ & $0.0449734$ & $0.449764$ & $-0.0147328$ & $0.0201295$ & $-0.0233184$ & $0.0033063$ & $0.01346$ & $-0.0140183$ & $0.0181839$ & $0.00702562$ & $-0.00501068$ & $0.00120181$ & $0.019704$ & $0.0194571$ & $-0.000353899$ & $7.33381e-05$ & $-0.027527$ \\
CHQ1_11 & $0.00310322$ & $-0.00423035$ & $-0.00297892$ & $0.00829196$ & $0.00106911$ & $-0.00258744$ & $-0.0324153$ & $0.0560832$ & $0.0497231$ & $-0.0385077$ & $-0.00509239$ & $0.00922225$ & $0.0301263$ & $-0.0714927$ & $-0.18011$ & $-0.168701$ & $-0.0651$ & $0.0195975$ & $0.0141115$ & $-0.0205747$ & $0.0338594$ & $0.0338971$ & $1$ & $-0.133821$ & $0.085843$ & $-0.674625$ & $0.34043$ & $-0.00243871$ & $0.016088$ & $0.00654573$ & $0.000293457$ & $-0.0343455$ & $-0.00273169$ & $0.198516$ & $0.0036949$ & $0.0318081$ & $0.0243294$ & $0.0156624$ & $0.0133472$ & $-0.0133012$ & $-0.0224457$ & $-0.0185364$ & $-0.0292873$ & $-0.011505$ & $0.00054624$ & $-0.0246671$ & $0.00760989$ & $0.0171485$ & $-0.00318962$ \\
CHQ1_33 & $-0.0300653$ & $0.0355685$ & $-0.0324182$ & $0.0233024$ & $0.000518292$ & $-0.00897914$ & $0.125409$ & $-0.670877$ & $-0.662343$ & $0.553275$ & $0.29919$ & $-0.230554$ & $-0.407797$ & $0.484281$ & $0.109001$ & $0.105078$ & $0.688886$ & $0.623579$ & $0.630418$ & $-0.245186$ & $-0.355294$ & $-0.349499$ & $-0.133821$ & $1$ & $0.650843$ & $0.196423$ & $-0.431365$ & $-0.0331059$ & $-0.0249888$ & $-0.111812$ & $-0.040756$ & $0.113644$ & $-0.120452$ & $-0.629063$ & $-0.0102886$ & $-0.0113011$ & $0.00398666$ & $-0.00853008$ & $-0.00380612$ & $-0.0146566$ & $0.0092699$ & $0.0026164$ & $-0.00790944$ & $0.0180901$ & $0.00386937$ & $-0.00495121$ & $-0.00515406$ & $-0.0282105$ & $0.00442627$ \\
CHQ3_11 & $-0.0945724$ & $0.0243788$ & $-0.0169708$ & $0.0232126$ & $-0.0063451$ & $-0.0906732$ & $0.116366$ & $-0.405791$ & $-0.407627$ & $0.476726$ & $0.0201995$ & $-0.318468$ & $-0.402916$ & $0.607073$ & $-0.136629$ & $-0.117831$ & $0.78348$ & $0.797649$ & $0.795377$ & $-0.012409$ & $-0.0251429$ & $-0.0215068$ & $0.085843$ & $0.650843$ & $1$ & $0.0093141$ & $0.189366$ & $-0.0225164$ & $-0.0269872$ & $-0.123135$ & $-0.0517651$ & $0.0906438$ & $-0.143991$ & $-0.19624$ & $-0.00471754$ & $-0.000977441$ & $0.0164867$ & $0.00332778$ & $0.0102562$ & $-0.013529$ & $0.00138987$ & $-0.00376974$ & $-0.0363993$ & $0.0327993$ & $0.0215545$ & $-0.0228474$ & $-0.011388$ & $-0.0111174$ & $-0.0154559$ \\
CHu_11 & $-0.0286146$ & $0.0225931$ & $0.00932692$ & $-0.00876858$ & $-0.0175156$ & $0.113083$ & $0.068227$ & $-0.500928$ & $-0.48582$ & $0.205535$ & $0.564253$ & $0.0406961$ & $-0.0981665$ & $-0.279329$ & $-0.191486$ & $-0.19469$ & $-0.114425$ & $0.0232673$ & $0.0264107$ & $-0.553801$ & $-0.566447$ & $-0.554961$ & $-0.674625$ & $0.196423$ & $0.0093141$ & $1$ & $-0.174976$ & $-0.193649$ & $-0.00878959$ & $-0.0468524$ & $-0.0142484$ & $0.066438$ & $-0.034407$ & $-0.248155$ & $0.0058064$ & $-0.0299773$ & $0.0139698$ & $-0.00839608$ & $-0.0172724$ & $0.0139936$ & $0.00162525$ & $0.0154429$ & $0.0120453$ & $0.00641402$ & $-0.00317977$ & $-5.37676e-05$ & $-0.00827552$ & $-0.0101276$ & $0.0142112$ \\
CHd_11 & $-0.0366552$ & $-0.00908592$ & $0.0268667$ & $-0.0140636$ & $-0.0152223$ & $-0.0670901$ & $-0.0432124$ & $0.430397$ & $0.419535$ & $-0.249833$ & $-0.294009$ & $-0.00729268$ & $0.13952$ & $-0.102107$ & $-0.39737$ & $-0.378618$ & $-0.173716$ & $-0.00909066$ & $-0.0151543$ & $0.219405$ & $0.376871$ & $0.373141$ & $0.34043$ & $-0.431365$ & $0.189366$ & $-0.174976$ & $1$ & $0.112562$ & $0.0288234$ & $0.0211814$ & $0.0051502$ & $-0.0544318$ & $0.011731$ & $0.690266$ & $0.00730009$ & $0.000104998$ & $0.0257419$ & $0.00784133$ & $0.0178243$ & $-0.00282075$ & $0.000623823$ & $0.00549817$ & $-0.0166235$ & $-0.00668967$ & $0.0255744$ & $-0.0183509$ & $0.00999394$ & $0.0283094$ & $-0.0197307$ \\
CHd_33 & $-0.00418959$ & $-0.022855$ & $0.016392$ & $0.00105421$ & $-0.0070628$ & $-0.082034$ & $-0.0364147$ & $0.321174$ & $0.316363$ & $-0.14472$ & $-0.352105$ & $-0.0284511$ & $0.0683638$ & $0.160008$ & $0.122644$ & $0.119525$ & $0.0562618$ & $-0.0325879$ & $-0.0281196$ & $0.344823$ & $0.354053$ & $0.347969$ & $-0.00243871$ & $-0.0331059$ & $-0.0225164$ & $-0.193649$ & $0.112562$ & $1$ & $0.00370252$ & $0.017008$ & $-0.00585501$ & $-0.0377425$ & $0.00768176$ & $0.158568$ & $0.0102851$ & $0.0197075$ & $-0.00759107$ & $0.0135548$ & $-0.0115413$ & $-0.00169914$ & $0.00123732$ & $0.0203872$ & $0.0275042$ & $0.00570239$ & $0.00696746$ & $0.00237772$ & $-0.00271901$ & $0.00961939$ & $-0.0274786$ \\
CeH_22r & $0.0291825$ & $-0.00519817$ & $0.0170517$ & $0.0072354$ & $-0.0104159$ & $0.0171044$ & $0.00580077$ & $0.0242973$ & $0.0301937$ & $-0.0273114$ & $-0.00900974$ & $0.0594007$ & $0.0714423$ & $-0.0181939$ & $-0.00813774$ & $-0.00958625$ & $-0.031159$ & $-0.0244406$ & $-0.0201116$ & $0.00607797$ & $0.0102734$ & $0.0145936$ & $0.016088$ & $-0.0249888$ & $-0.0269872$ & $-0.00878959$ & $0.0288234$ & $0.00370252$ & $1$ & $0.0495855$ & $0.0280861$ & $-0.00535846$ & $0.0473294$ & $0.0237541$ & $-0.0433557$ & $-0.0188801$ & $0.00674217$ & $-0.0209588$ & $-0.0151139$ & $-0.00419899$ & $0.0254495$ & $-0.000964097$ & $0.0113066$ & $0.0495606$ & $0.0336542$ & $0.0140718$ & $0.0147884$ & $-0.0104254$ & $-0.0222585$ \\
CeH_33r & $0.0221629$ & $-0.00937444$ & $-0.00598594$ & $-0.0102711$ & $0.021507$ & $-0.00460811$ & $-0.13875$ & $0.114035$ & $0.136998$ & $-0.134915$ & $-0.0656713$ & $0.332021$ & $0.281041$ & $-0.0556661$ & $0.0381061$ & $0.0467995$ & $-0.105811$ & $-0.114519$ & $-0.122743$ & $0.067373$ & $0.0657393$ & $0.0660766$ & $0.00654573$ & $-0.111812$ & $-0.123135$ & $-0.0468524$ & $0.0211814$ & $0.017008$ & $0.0495855$ & $1$ & $0.299777$ & $-0.00226998$ & $0.645707$ & $0.054272$ & $-0.0775502$ & $-0.0195504$ & $-0.195118$ & $-0.0447139$ & $-0.0206647$ & $0.00537443$ & $0.0218786$ & $0.00847247$ & $0.0291918$ & $-0.00503052$ & $0.0760904$ & $-0.0229178$ & $0.000219476$ & $0.00811386$ & $0.00615179$ \\
CuH_22r & $0.0400043$ & $0.0123066$ & $7.62457e-05$ & $0.00827457$ & $-0.00340314$ & $0.00258809$ & $-0.0670225$ & $0.0323824$ & $0.0444339$ & $-0.0629689$ & $-0.0114148$ & $0.10132$ & $0.108568$ & $-0.0300381$ & $0.0104139$ & $0.0204432$ & $-0.0499446$ & $-0.047306$ & $-0.0539859$ & $0.0110799$ & $0.0108406$ & $0.0120321$ & $0.000293457$ & $-0.040756$ & $-0.0517651$ & $-0.0142484$ & $0.0051502$ & $-0.00585501$ & $0.0280861$ & $0.299777$ & $1$ & $0.0209763$ & $0.347287$ & $0.0144718$ & $-0.0117455$ & $-0.00878161$ & $-0.106368$ & $-0.0219287$ & $0.0246002$ & $0.019372$ & $0.0170973$ & $0.0258072$ & $0.0371956$ & $-0.0251196$ & $0.012228$ & $0.0543549$ & $0.368288$ & $-0.021229$ & $0.0439349$ \\
CuH_33r & $-0.00255026$ & $-0.0177069$ & $-0.02555$ & $-0.00280047$ & $-0.000344309$ & $0.013325$ & $0.937892$ & $-0.123993$ & $-0.0778983$ & $0.0967765$ & $0.0854334$ & $-0.14206$ & $-0.253146$ & $0.0358004$ & $-0.0186635$ & $-0.036471$ & $0.0751985$ & $0.0846133$ & $0.0969387$ & $-0.0820337$ & $-0.0899733$ & $-0.0866135$ & $-0.0343455$ & $0.113644$ & $0.0906438$ & $0.066438$ & $-0.0544318$ & $-0.0377425$ & $-0.00535846$ & $-0.00226998$ & $0.0209763$ & $1$ & $0.00255408$ & $-0.0860264$ & $0.0580476$ & $0.0473175$ & $0.00378602$ & $0.00922969$ & $-0.0158776$ & $0.00250862$ & $-0.0105305$ & $-0.00664294$ & $0.0126702$ & $0.0247616$ & $0.00158398$ & $-0.0278251$ & $-0.00607834$ & $-0.0265352$ & $0.00561603$ \\
CdH_33r & $-0.019713$ & $0.0210628$ & $-0.0580451$ & $-0.052543$ & $0.011535$ & $0.0167979$ & $-0.162355$ & $0.105733$ & $0.132083$ & $-0.160622$ & $-0.0444493$ & $0.36052$ & $0.315622$ & $-0.08345$ & $0.0281745$ & $0.0469646$ & $-0.133638$ & $-0.132154$ & $-0.148215$ & $0.0456583$ & $0.0448224$ & $0.0449734$ & $-0.00273169$ & $-0.120452$ & $-0.143991$ & $-0.034407$ & $0.011731$ & $0.00768176$ & $0.0473294$ & $0.645707$ & $0.347287$ & $0.00255408$ & $1$ & $0.0574697$ & $-0.0901727$ & $-0.0297462$ & $-0.254916$ & $-0.0320837$ & $-0.0224889$ & $-0.0179533$ & $0.0177497$ & $-0.00430634$ & $0.0450095$ & $-0.0543144$ & $0.0137869$ & $0.0114616$ & $0.0551599$ & $0.167269$ & $0.478148$ \\
CLL_1221 & $-0.0251359$ & $0.0184424$ & $0.0218758$ & $-0.0180554$ & $-0.00138271$ & $-0.0980929$ & $-0.085005$ & $0.558255$ & $0.547289$ & $-0.347421$ & $-0.362636$ & $0.043688$ & $0.213634$ & $-0.207717$ & $-0.599445$ & $-0.101873$ & $-0.260626$ & $0.0406407$ & $-0.338711$ & $0.283908$ & $0.449886$ & $0.449764$ & $0.198516$ & $-0.629063$ & $-0.19624$ & $-0.248155$ & $0.690266$ & $0.158568$ & $0.0237541$ & $0.054272$ & $0.0144718$ & $-0.0860264$ & $0.0574697$ & $1$ & $0.0161565$ & $-0.0180771$ & $-0.00663774$ & $0.0135298$ & $0.00338525$ & $0.00264265$ & $0.0103801$ & $-2.79419e-05$ & $0.00764017$ & $-0.016767$ & $0.00458062$ & $-0.00730893$ & $0.00551857$ & $0.0330426$ & $-0.00886443$ \\
eHggint & $-0.0459017$ & $0.0561929$ & $0.0345518$ & $-0.0401741$ & $-0.0118543$ & $0.00100421$ & $-0.0193988$ & $-0.00592253$ & $-0.0273832$ & $0.0461325$ & $0.0147588$ & $0.0856801$ & $0.028296$ & $-0.0295084$ & $-0.0156948$ & $-0.00467983$ & $-0.010091$ & $-0.00706256$ & $-0.0163251$ & $-0.0137007$ & $-0.0123215$ & $-0.0147328$ & $0.0036949$ & $-0.0102886$ & $-0.00471754$ & $0.0058064$ & $0.00730009$ & $0.0102851$ & $-0.0433557$ & $-0.0775502$ & $-0.0117455$ & $0.0580476$ & $-0.0901727$ & $0.0161565$ & $1$ & $-0.122945$ & $0.057702$ & $0.0261889$ & $-0.0749235$ & $-0.0176059$ & $-0.0433002$ & $-0.00490556$ & $0.0345468$ & $-0.0385018$ & $-0.111129$ & $-0.0544531$ & $0.0382981$ & $-0.0215285$ & $-0.0471656$ \\
eHggpar & $0.0688917$ & $-0.126301$ & $-0.00825896$ & $-0.0193223$ & $-0.03783$ & $0.00477537$ & $0.00472242$ & $0.0167361$ & $0.00556769$ & $0.0171043$ & $-0.0193588$ & $0.0307143$ & $0.0105507$ & $0.0108083$ & $0.030542$ & $0.000831757$ & $0.00796874$ & $-0.0122643$ & $0.0120029$ & $0.0169493$ & $0.0136367$ & $0.0201295$ & $0.0318081$ & $-0.0113011$ & $-0.000977441$ & $-0.0299773$ & $0.000104998$ & $0.0197075$ & $-0.0188801$ & $-0.0195504$ & $-0.00878161$ & $0.0473175$ & $-0.0297462$ & $-0.0180771$ & $-0.122945$ & $1$ & $0.00674941$ & $0.00404187$ & $0.0627939$ & $0.00536341$ & $-0.184038$ & $-0.00361519$ & $-0.0383979$ & $0.165158$ & $0.00472774$ & $0.0129583$ & $-0.00511863$ & $-0.0390393$ & $-0.0215619$ \\
eHWWint & $-0.00714625$ & $0.07899$ & $0.0862634$ & $0.0120606$ & $0.0139586$ & $0.0025663$ & $0.0354372$ & $-0.0236143$ & $-0.0411237$ & $0.0375975$ & $0.0305348$ & $0.00606391$ & $-0.00298733$ & $-0.0173074$ & $-0.00899142$ & $-0.0202948$ & $-0.00992229$ & $-0.00773501$ & $0.00522036$ & $-0.0296981$ & $-0.026055$ & $-0.0233184$ & $0.0243294$ & $0.00398666$ & $0.0164867$ & $0.0139698$ & $0.0257419$ & $-0.00759107$ & $0.00674217$ & $-0.195118$ & $-0.106368$ & $0.00378602$ & $-0.254916$ & $-0.00663774$ & $0.057702$ & $0.00674941$ & $1$ & $0.0191438$ & $0.0813983$ & $-0.00818004$ & $-0.11623$ & $-0.0119849$ & $-0.104479$ & $0.0731109$ & $0.0226388$ & $0.054108$ & $-0.0501921$ & $-0.0165949$ & $-0.0993689$ \\
eHWWpar & $-0.00719275$ & $0.00468876$ & $0.0155367$ & $0.0275526$ & $0.00694618$ & $-0.00248003$ & $0.0116804$ & $0.000557826$ & $-0.00351369$ & $0.00459113$ & $8.28009e-05$ & $-0.00207858$ & $0.00275494$ & $0.000845058$ & $-0.0182132$ & $-0.0081435$ & $-0.00175178$ & $0.00942275$ & $0.00486714$ & $-0.00144017$ & $0.00230886$ & $0.0033063$ & $0.0156624$ & $-0.00853008$ & $0.00332778$ & $-0.00839608$ & $0.00784133$ & $0.0135548$ & $-0.0209588$ & $-0.0447139$ & $-0.0219287$ & $0.00922969$ & $-0.0320837$ & $0.0135298$ & $0.0261889$ & $0.00404187$ & $0.0191438$ & $1$ & $-0.0219899$ & $-0.0221837$ & $0.0330154$ & $0.00855673$ & $0.00341173$ & $0.00251033$ & $-0.0253013$ & $-0.0261099$ & $-0.00733837$ & $0.00260051$ & $-0.00647792$ \\
eHZZint & $0.101567$ & $-0.032838$ & $0.0585142$ & $-0.0864862$ & $-0.00730134$ & $-0.0217887$ & $-0.0189546$ & $0.00738644$ & $-0.00290019$ & $0.0052252$ & $-0.014614$ & $-0.0203869$ & $-0.0164138$ & $0.0180203$ & $-0.00112542$ & $-0.0239886$ & $0.0176149$ & $0.0127227$ & $0.030175$ & $0.0133862$ & $0.0157925$ & $0.01346$ & $0.0133472$ & $-0.00380612$ & $0.0102562$ & $-0.0172724$ & $0.0178243$ & $-0.0115413$ & $-0.0151139$ & $-0.0206647$ & $0.0246002$ & $-0.0158776$ & $-0.0224889$ & $0.00338525$ & $-0.0749235$ & $0.0627939$ & $0.0813983$ & $-0.0219899$ & $1$ & $-0.0211231$ & $-0.0966507$ & $0.0105416$ & $-0.0801119$ & $-0.0465006$ & $0.0842324$ & $0.00483775$ & $0.0526526$ & $0.000869341$ & $0.0211893$ \\
eHZZpar & $0.01784$ & $-0.0211159$ & $0.0146926$ & $0.0133575$ & $-0.019463$ & $0.00252873$ & $0.00166024$ & $-0.0055823$ & $-0.00287385$ & $0.015221$ & $0.0153153$ & $0.013847$ & $0.001167$ & $-0.0126997$ & $-0.0149294$ & $-0.00574228$ & $-0.0246638$ & $-0.00676127$ & $-0.0135036$ & $-0.0172987$ & $-0.0147458$ & $-0.0140183$ & $-0.0133012$ & $-0.0146566$ & $-0.013529$ & $0.0139936$ & $-0.00282075$ & $-0.00169914$ & $-0.00419899$ & $0.00537443$ & $0.019372$ & $0.00250862$ & $-0.0179533$ & $0.00264265$ & $-0.0176059$ & $0.00536341$ & $-0.00818004$ & $-0.0221837$ & $-0.0211231$ & $1$ & $0.00851098$ & $-0.00989796$ & $0.00408614$ & $-0.00150213$ & $0.0265195$ & $-0.0228056$ & $0.00836544$ & $-0.0129566$ & $-0.0341451$ \\
eHZgaint & $0.00450821$ & $0.0270936$ & $-0.0745972$ & $-0.00749255$ & $-0.0275893$ & $-0.00749608$ & $-0.000672817$ & $0.0108915$ & $0.0164704$ & $-0.0382005$ & $-0.0208738$ & $-0.0527412$ & $-0.0239709$ & $0.0262474$ & $0.00170387$ & $-0.00674532$ & $0.0158832$ & $0.0141294$ & $0.018828$ & $0.0160356$ & $0.0196686$ & $0.0181839$ & $-0.0224457$ & $0.0092699$ & $0.00138987$ & $0.00162525$ & $0.000623823$ & $0.00123732$ & $0.0254495$ & $0.0218786$ & $0.0170973$ & $-0.0105305$ & $0.0177497$ & $0.0103801$ & $-0.0433002$ & $-0.184038$ & $-0.11623$ & $0.0330154$ & $-0.0966507$ & $0.00851098$ & $1$ & $0.0156946$ & $-0.0051693$ & $-0.0151909$ & $0.015701$ & $-0.00486062$ & $0.00115167$ & $0.0975203$ & $-0.0748515$ \\
eHZgapar & $0.00620298$ & $0.0180543$ & $-0.0139273$ & $0.000911745$ & $0.0198597$ & $-0.0170693$ & $-0.00943653$ & $0.00652992$ & $0.00577464$ & $-0.00131374$ & $-0.00538562$ & $-0.0168719$ & $-0.0190628$ & $0.000939537$ & $0.0084722$ & $-0.00156114$ & $-0.00254641$ & $-0.00706605$ & $0.00148945$ & $0.00705135$ & $0.00676145$ & $0.00702562$ & $-0.0185364$ & $0.0026164$ & $-0.00376974$ & $0.0154429$ & $0.00549817$ & $0.0203872$ & $-0.000964097$ & $0.00847247$ & $0.0258072$ & $-0.00664294$ & $-0.00430634$ & $-2.79419e-05$ & $-0.00490556$ & $-0.00361519$ & $-0.0119849$ & $0.00855673$ & $0.0105416$ & $-0.00989796$ & $0.0156946$ & $1$ & $-0.0296981$ & $0.0146257$ & $0.017118$ & $0.00705343$ & $0.00851176$ & $0.00319845$ & $-0.0237118$ \\
eHgagaint & $-0.0988316$ & $-0.0364764$ & $-0.0476706$ & $-0.0833414$ & $-0.0101839$ & $-0.0232407$ & $0.00279862$ & $0.0147484$ & $0.0796526$ & $-0.0282431$ & $0.0014228$ & $0.000142225$ & $0.0115322$ & $-0.0297694$ & $0.00212699$ & $0.00122333$ & $-0.0289047$ & $-0.0296409$ & $-0.032444$ & $-0.000586834$ & $-0.000525599$ & $-0.00501068$ & $-0.0292873$ & $-0.00790944$ & $-0.0363993$ & $0.0120453$ & $-0.0166235$ & $0.0275042$ & $0.0113066$ & $0.0291918$ & $0.0371956$ & $0.0126702$ & $0.0450095$ & $0.00764017$ & $0.0345468$ & $-0.0383979$ & $-0.104479$ & $0.00341173$ & $-0.0801119$ & $0.00408614$ & $-0.0051693$ & $-0.0296981$ & $1$ & $-0.00433062$ & $-0.0384606$ & $-0.0121252$ & $0.100009$ & $0.0627756$ & $0.0174682$ \\
eHmumuint & $0.0356227$ & $-0.0591337$ & $-0.04736$ & $-0.0360429$ & $-0.0305311$ & $-0.00117256$ & $0.0316194$ & $-0.0130683$ & $-0.0104088$ & $0.0170102$ & $-0.00325393$ & $0.000548867$ & $0.0083494$ & $0.0302859$ & $0.00480853$ & $0.00109628$ & $0.0332472$ & $0.0287602$ & $0.0317144$ & $0.00208582$ & $2.87818e-05$ & $0.00120181$ & $-0.011505$ & $0.0180901$ & $0.0327993$ & $0.00641402$ & $-0.00668967$ & $0.00570239$ & $0.0495606$ & $-0.00503052$ & $-0.0251196$ & $0.0247616$ & $-0.0543144$ & $-0.016767$ & $-0.0385018$ & $0.165158$ & $0.0731109$ & $0.00251033$ & $-0.0465006$ & $-0.00150213$ & $-0.0151909$ & $0.0146257$ & $-0.00433062$ & $1$ & $0.0987028$ & $-0.00138043$ & $-0.0594046$ & $-0.140564$ & $-0.0273488$ \\
eHtautauint & $0.0454385$ & $-0.12051$ & $-0.0447633$ & $-0.0614014$ & $0.0316855$ & $-0.0224633$ & $0.0112831$ & $0.0151238$ & $0.0110927$ & $0.0102413$ & $-0.0231154$ & $-0.00437791$ & $-0.00087605$ & $0.0234799$ & $-0.00014636$ & $-0.0118934$ & $0.0177025$ & $0.017592$ & $0.0253082$ & $0.019964$ & $0.02138$ & $0.019704$ & $0.00054624$ & $0.00386937$ & $0.0215545$ & $-0.00317977$ & $0.0255744$ & $0.00696746$ & $0.0336542$ & $0.0760904$ & $0.012228$ & $0.00158398$ & $0.0137869$ & $0.00458062$ & $-0.111129$ & $0.00472774$ & $0.0226388$ & $-0.0253013$ & $0.0842324$ & $0.0265195$ & $0.015701$ & $0.017118$ & $-0.0384606$ & $0.0987028$ & $1$ & $0.00940041$ & $0.00965856$ & $-0.029356$ & $0.035486$ \\
eHccint & $-0.0450589$ & $-0.0553611$ & $-0.045414$ & $0.0465292$ & $0.00203303$ & $-0.0143511$ & $-0.0206379$ & $0.026157$ & $0.0256116$ & $-0.0382931$ & $-0.0232486$ & $-0.0210323$ & $0.00595073$ & $-0.00393164$ & $0.0363208$ & $0.0314632$ & $-0.00118434$ & $-0.0283191$ & $-0.0261628$ & $0.0210738$ & $0.0198148$ & $0.0194571$ & $-0.0246671$ & $-0.00495121$ & $-0.0228474$ & $-5.37676e-05$ & $-0.0183509$ & $0.00237772$ & $0.0140718$ & $-0.0229178$ & $0.0543549$ & $-0.0278251$ & $0.0114616$ & $-0.00730893$ & $-0.0544531$ & $0.0129583$ & $0.054108$ & $-0.0261099$ & $0.00483775$ & $-0.0228056$ & $-0.00486062$ & $0.00705343$ & $-0.0121252$ & $-0.00138043$ & $0.00940041$ & $1$ & $-0.021529$ & $-0.078036$ & $0.0838076$ \\
eHccpar & $0.0401828$ & $0.0447443$ & $0.0566273$ & $-0.012852$ & $-0.00283535$ & $-0.0168734$ & $-0.0189329$ & $0.00433133$ & $0.00566079$ & $0.00168154$ & $0.00138181$ & $0.0117751$ & $0.0136048$ & $-0.00916124$ & $4.86163e-05$ & $-0.000139876$ & $-0.0125805$ & $-0.0122177$ & $-0.0134558$ & $-0.00115682$ & $0.000742459$ & $-0.000353899$ & $0.00760989$ & $-0.00515406$ & $-0.011388$ & $-0.00827552$ & $0.00999394$ & $-0.00271901$ & $0.0147884$ & $0.000219476$ & $0.368288$ & $-0.00607834$ & $0.0551599$ & $0.00551857$ & $0.0382981$ & $-0.00511863$ & $-0.0501921$ & $-0.00733837$ & $0.0526526$ & $0.00836544$ & $0.00115167$ & $0.00851176$ & $0.100009$ & $-0.0594046$ & $0.00965856$ & $-0.021529$ & $1$ & $0.012222$ & $0.110013$ \\
eHbbint & $-0.0798495$ & $0.109477$ & $0.115157$ & $-0.134395$ & $-0.0090115$ & $-0.00725475$ & $-0.0170994$ & $0.00922723$ & $0.0132321$ & $-0.0159673$ & $0.0089843$ & $0.023398$ & $0.0319551$ & $-0.0288007$ & $-0.0229863$ & $-0.0309955$ & $-0.0313359$ & $-0.0195137$ & $-0.0138608$ & $-0.00798147$ & $-0.000926938$ & $7.33381e-05$ & $0.0171485$ & $-0.0282105$ & $-0.0111174$ & $-0.0101276$ & $0.0283094$ & $0.00961939$ & $-0.0104254$ & $0.00811386$ & $-0.021229$ & $-0.0265352$ & $0.167269$ & $0.0330426$ & $-0.0215285$ & $-0.0390393$ & $-0.0165949$ & $0.00260051$ & $0.000869341$ & $-0.0129566$ & $0.0975203$ & $0.00319845$ & $0.0627756$ & $-0.140564$ & $-0.029356$ & $-0.078036$ & $0.012222$ & $1$ & $0.00357639$ \\
eHbbpar & $-0.0854646$ & $0.0105152$ & $-0.134915$ & $-0.0624571$ & $0.00180226$ & $0.0163736$ & $0.00492593$ & $-0.0154138$ & $-0.00686563$ & $-0.0132189$ & $0.0244539$ & $-0.00771$ & $-0.0114435$ & $-0.0184752$ & $-0.00725078$ & $-0.00388324$ & $-0.0252276$ & $-0.0111249$ & $-0.0172527$ & $-0.0235134$ & $-0.0251581$ & $-0.027527$ & $-0.00318962$ & $0.00442627$ & $-0.0154559$ & $0.0142112$ & $-0.0197307$ & $-0.0274786$ & $-0.0222585$ & $0.00615179$ & $0.0439349$ & $0.00561603$ & $0.478148$ & $-0.00886443$ & $-0.0471656$ & $-0.0215619$ & $-0.0993689$ & $-0.00647792$ & $0.0211893$ & $-0.0341451$ & $-0.0748515$ & $-0.0237118$ & $0.0174682$ & $-0.0273488$ & $0.035486$ & $0.0838076$ & $0.110013$ & $0.00357639$ & $1$ \\
