 & AlsMz & dAle5Mz & mtop & mHl & Mz & CW & CHG & CHWB & CHWHB_gaga & CHWHB_gagaorth & CHD & CHbox & CH & CHL1_11 & CHL1_22 & CHL1_33 & CHL3_11 & CHL3_22 & CHL3_33 & CHe_11 & CHe_22 & CHe_33 & CHQ1_11 & CHQ1_33 & CHQ3_11 & CHu_11 & CHd_11 & CHd_33 & CeH_22r & CeH_33r & CuH_22r & CuH_33r & CdH_33r & CLL_1221 & eHggint & eHggpar & eHWWint & eHWWpar & eHZZint & eHZZpar & eHZgaint & eHZgapar & eHgagaint & eHmumuint & eHtautauint & eHccint & eHccpar & eHbbint & eHbbpar \\
AlsMz & $1$ & $-0.451321$ & $0.322582$ & $0.168049$ & $-0.0256539$ & $-0.0415121$ & $0.0238029$ & $0.0270549$ & $0.030636$ & $-0.00945293$ & $-0.0246086$ & $-0.0114455$ & $-0.0228344$ & $-0.0151067$ & $0.00531183$ & $-0.029569$ & $0.0144308$ & $-0.0100823$ & $0.0161238$ & $0.00846772$ & $0.0152712$ & $0.012526$ & $0.00624554$ & $-0.0411614$ & $-0.0712322$ & $-0.0333788$ & $0.0102908$ & $0.0291832$ & $0.0183945$ & $-0.00820508$ & $0.0570113$ & $0.0337388$ & $-0.0365266$ & $0.00665526$ & $-0.0775014$ & $0.241194$ & $-0.135362$ & $-0.0420452$ & $-0.0108303$ & $-0.0388051$ & $-0.0687874$ & $-0.0650991$ & $0.0767774$ & $-0.0121078$ & $-0.245647$ & $0.218515$ & $0.216934$ & $-0.0903437$ & $-0.121223$ \\
dAle5Mz & $-0.451321$ & $1$ & $-0.193241$ & $-0.116349$ & $0.0248763$ & $0.0340423$ & $0.00112898$ & $-0.0763135$ & $-0.0722723$ & $0.0303681$ & $0.0566506$ & $-0.000734128$ & $-0.0245584$ & $-0.00351859$ & $0.0142968$ & $0.0231945$ & $0.0240406$ & $0.0130646$ & $0.00238163$ & $-0.0314703$ & $-0.043059$ & $-0.0431203$ & $-0.0416047$ & $0.0435945$ & $0.0566605$ & $0.0617285$ & $-0.0352462$ & $-0.040581$ & $0.0183835$ & $0.0013179$ & $-0.0643456$ & $-0.0158212$ & $-0.00340248$ & $-0.0283256$ & $-0.0890228$ & $-0.18142$ & $0.282255$ & $-0.0370573$ & $0.0791935$ & $0.0734322$ & $-0.0241101$ & $-0.0181959$ & $-0.139301$ & $0.202646$ & $0.0908803$ & $0.16092$ & $-0.203122$ & $0.0564292$ & $-0.000528649$ \\
mtop & $0.322582$ & $-0.193241$ & $1$ & $0.0868205$ & $-0.0452442$ & $-0.0245545$ & $-0.0932257$ & $0.0764506$ & $0.0788743$ & $-0.0163201$ & $-0.0366205$ & $0.0757829$ & $0.0724325$ & $-0.0549574$ & $-0.0223382$ & $0.00252895$ & $-0.056697$ & $-0.0502609$ & $-0.0686633$ & $0.029253$ & $0.0397776$ & $0.0404206$ & $0.0333693$ & $-0.0850028$ & $-0.0748281$ & $-0.0295916$ & $0.0682548$ & $0.0289672$ & $-0.00255101$ & $0.0371828$ & $0.0755539$ & $-0.0599139$ & $0.080252$ & $0.0820006$ & $0.108142$ & $0.411415$ & $-0.158618$ & $0.0515875$ & $-0.108677$ & $0.0798012$ & $-0.104151$ & $-0.0313178$ & $0.0645063$ & $-0.261262$ & $-0.102791$ & $0.087565$ & $0.271438$ & $0.150024$ & $0.0817718$ \\
mHl & $0.168049$ & $-0.116349$ & $0.0868205$ & $1$ & $-0.0356556$ & $0.0153128$ & $0.000453225$ & $0.00311859$ & $0.00497461$ & $-0.00861735$ & $-0.0023731$ & $0.0415205$ & $0.0279195$ & $-0.0125838$ & $0.0173029$ & $0.0104116$ & $0.00634991$ & $-0.0113881$ & $-0.00333445$ & $0.00263703$ & $-0.000349545$ & $0.00139913$ & $0.0205691$ & $-0.00168242$ & $-0.0201605$ & $-0.0286133$ & $-0.0157697$ & $-0.000659919$ & $0.025658$ & $0.0376089$ & $0.0440561$ & $0.0301416$ & $0.0791139$ & $-0.011473$ & $0.189533$ & $-0.0403545$ & $-0.0704448$ & $0.00012086$ & $-0.117106$ & $-0.0194032$ & $0.0126843$ & $-0.0298755$ & $0.00781343$ & $0.225014$ & $-0.0143208$ & $0.0923567$ & $-0.00889391$ & $0.112387$ & $-0.000871641$ \\
Mz & $-0.0256539$ & $0.0248763$ & $-0.0452442$ & $-0.0356556$ & $1$ & $0.00304557$ & $-0.00634093$ & $-0.00630009$ & $-0.00580703$ & $0.00902079$ & $0.0100425$ & $0.000415015$ & $0.00612217$ & $0.0146956$ & $0.0029719$ & $-0.0049017$ & $0.0114353$ & $0.0049922$ & $0.0107655$ & $-0.00544351$ & $0.000581688$ & $0.000134135$ & $-0.000295923$ & $0.00369007$ & $0.0167117$ & $0.0189725$ & $0.010649$ & $0.00486704$ & $-0.0240496$ & $-0.00854174$ & $0.0215117$ & $-0.0135745$ & $-0.0267232$ & $-0.00693296$ & $0.0037759$ & $0.0026557$ & $-0.0141125$ & $0.015023$ & $0.00207438$ & $-0.0173186$ & $-0.00443304$ & $0.00210204$ & $0.0108707$ & $0.00226394$ & $-0.0311945$ & $-0.0230574$ & $-0.0224889$ & $-0.00763501$ & $-0.0259555$ \\
CW & $-0.0415121$ & $0.0340423$ & $-0.0245545$ & $0.0153128$ & $0.00304557$ & $1$ & $0.00934385$ & $-0.151457$ & $-0.15254$ & $0.0509103$ & $0.199267$ & $0.0278885$ & $-0.0187611$ & $0.0291705$ & $-0.131783$ & $-0.0687091$ & $-0.231068$ & $0.0100637$ & $-0.0416347$ & $-0.196305$ & $-0.198875$ & $-0.195226$ & $-0.0091171$ & $0.0182764$ & $-0.0383$ & $0.114136$ & $-0.0607262$ & $-0.0802278$ & $0.0149183$ & $-0.0181827$ & $-0.013875$ & $0.00805075$ & $-0.0239424$ & $-0.0927754$ & $0.010834$ & $-0.0268317$ & $-0.00880089$ & $-0.0130055$ & $0.00548579$ & $-0.00800766$ & $0.00702916$ & $0.00221356$ & $-0.00966991$ & $0.0322927$ & $-0.00291606$ & $-0.00447761$ & $-0.0304563$ & $0.00349517$ & $-0.0118133$ \\
CHG & $0.0238029$ & $0.00112898$ & $-0.0932257$ & $0.000453225$ & $-0.00634093$ & $0.00934385$ & $1$ & $-0.110984$ & $-0.0570305$ & $0.0437512$ & $0.0729656$ & $-0.2769$ & $-0.332712$ & $0.050117$ & $-0.0600906$ & $-0.0487829$ & $0.0740908$ & $0.110879$ & $0.104317$ & $-0.0732983$ & $-0.0707698$ & $-0.0769884$ & $-0.00572098$ & $0.0917299$ & $0.113456$ & $0.0391556$ & $-0.0073208$ & $-0.0190382$ & $0.007299$ & $-0.14022$ & $-0.0815388$ & $0.938615$ & $-0.202021$ & $-0.0419006$ & $0.00160837$ & $-0.0949826$ & $0.0785808$ & $0.0367063$ & $-0.00766444$ & $-0.00792447$ & $-0.0128767$ & $0.0118873$ & $0.0656479$ & $-0.0172109$ & $0.0330594$ & $-0.0694178$ & $0.0304373$ & $-0.00444227$ & $-0.0114829$ \\
CHWB & $0.0270549$ & $-0.0763135$ & $0.0764506$ & $0.00311859$ & $-0.00630009$ & $-0.151457$ & $-0.110984$ & $1$ & $0.983873$ & $-0.580604$ & $-0.875916$ & $0.0737275$ & $0.329334$ & $0.0900849$ & $0.309194$ & $0.286785$ & $-0.236018$ & $-0.442116$ & $-0.42243$ & $0.847677$ & $0.894838$ & $0.878097$ & $0.063714$ & $-0.672198$ & $-0.413454$ & $-0.520773$ & $0.402274$ & $0.300431$ & $0.00715788$ & $0.10716$ & $0.0419614$ & $-0.101848$ & $0.107782$ & $0.554111$ & $0.0386817$ & $0.0273984$ & $-0.0239355$ & $-0.0265601$ & $-0.016675$ & $-0.0213161$ & $0.0419219$ & $0.0189204$ & $0.0173669$ & $-0.061004$ & $-0.010974$ & $0.014055$ & $-0.00459123$ & $0.0303454$ & $-0.0201858$ \\
CHWHB_gaga & $0.030636$ & $-0.0722723$ & $0.0788743$ & $0.00497461$ & $-0.00580703$ & $-0.15254$ & $-0.0570305$ & $0.983873$ & $1$ & $-0.573053$ & $-0.857482$ & $0.0842801$ & $0.325432$ & $0.0783874$ & $0.299725$ & $0.276933$ & $-0.239699$ & $-0.440591$ & $-0.420393$ & $0.829657$ & $0.877004$ & $0.8602$ & $0.0611557$ & $-0.667098$ & $-0.412342$ & $-0.507825$ & $0.399693$ & $0.2942$ & $0.0150289$ & $0.128443$ & $0.0499098$ & $-0.0546202$ & $0.129662$ & $0.549005$ & $0.0392213$ & $0.0249568$ & $-0.0273759$ & $-0.0233321$ & $-0.018856$ & $-0.0164047$ & $0.0360301$ & $0.0139043$ & $0.0598899$ & $-0.0569329$ & $-0.0138499$ & $0.0112537$ & $0.00182164$ & $0.0375561$ & $-0.0215689$ \\
CHWHB_gagaorth & $-0.00945293$ & $0.0303681$ & $-0.0163201$ & $-0.00861735$ & $0.00902079$ & $0.0509103$ & $0.0437512$ & $-0.580604$ & $-0.573053$ & $1$ & $0.369374$ & $0.208599$ & $-0.235654$ & $0.22083$ & $-0.1489$ & $-0.126829$ & $0.406554$ & $0.48913$ & $0.476598$ & $-0.356988$ & $-0.387143$ & $-0.380281$ & $-0.0310304$ & $0.553831$ & $0.486224$ & $0.221011$ & $-0.205673$ & $-0.134085$ & $0.000678508$ & $-0.124291$ & $-0.07546$ & $0.0538969$ & $-0.129437$ & $-0.347369$ & $-0.00983689$ & $0.00981663$ & $0.00698013$ & $0.0191986$ & $0.0043588$ & $0.0246862$ & $-0.0595647$ & $-0.0380778$ & $-0.0022533$ & $0.0386767$ & $-0.000574771$ & $-0.00944734$ & $-0.00387839$ & $0.00207263$ & $0.030444$ \\
CHD & $-0.0246086$ & $0.0566506$ & $-0.0366205$ & $-0.0023731$ & $0.0100425$ & $0.199267$ & $0.0729656$ & $-0.875916$ & $-0.857482$ & $0.369374$ & $1$ & $0.0930248$ & $-0.145916$ & $-0.514331$ & $-0.435683$ & $-0.41269$ & $-0.228201$ & $0.0701541$ & $0.0462306$ & $-0.990609$ & $-0.99151$ & $-0.970084$ & $-0.00380971$ & $0.296734$ & $0.0259949$ & $0.580759$ & $-0.266598$ & $-0.33849$ & $-0.00267331$ & $-0.0609405$ & $-0.0132037$ & $0.0802479$ & $-0.0494937$ & $-0.348613$ & $-0.0189279$ & $-0.0121526$ & $0.0171769$ & $0.0160333$ & $0.0275572$ & $0.0171255$ & $-0.0152927$ & $-0.0184927$ & $0.00191917$ & $0.0528664$ & $0.00676236$ & $-0.0141301$ & $-0.00788836$ & $-0.0219913$ & $0.00945917$ \\
CHbox & $-0.0114455$ & $-0.000734128$ & $0.0757829$ & $0.0415205$ & $0.000415015$ & $0.0278885$ & $-0.2769$ & $0.0737275$ & $0.0842801$ & $0.208599$ & $0.0930248$ & $1$ & $0.789931$ & $-0.318951$ & $0.0249575$ & $0.020724$ & $-0.337526$ & $-0.321968$ & $-0.317493$ & $-0.0817651$ & $-0.0902906$ & $-0.0818073$ & $0.0211338$ & $-0.223743$ & $-0.308096$ & $0.0474255$ & $-0.00072569$ & $-0.061687$ & $0.0551512$ & $0.336011$ & $0.105697$ & $-0.188543$ & $0.412201$ & $0.0326733$ & $0.0675294$ & $0.0360535$ & $-0.037324$ & $-0.0228694$ & $0.00322104$ & $0.0336905$ & $0.0557806$ & $-0.0444986$ & $0.0222469$ & $0.0276926$ & $-0.0129651$ & $0.0369721$ & $-0.0553354$ & $0.0497081$ & $-0.0586181$ \\
CH & $-0.0228344$ & $-0.0245584$ & $0.0724325$ & $0.0279195$ & $0.00612217$ & $-0.0187611$ & $-0.332712$ & $0.329334$ & $0.325432$ & $-0.235654$ & $-0.145916$ & $0.789931$ & $1$ & $-0.263522$ & $0.0902666$ & $0.0839724$ & $-0.355797$ & $-0.39665$ & $-0.392519$ & $0.144715$ & $0.155565$ & $0.156053$ & $0.0268141$ & $-0.38252$ & $-0.383556$ & $-0.0887037$ & $0.107805$ & $0.0299188$ & $0.0398553$ & $0.290536$ & $0.111329$ & $-0.278949$ & $0.343531$ & $0.192679$ & $0.0500272$ & $0.0221283$ & $-0.0618393$ & $-0.0356191$ & $0.0115864$ & $0.0177716$ & $0.0933426$ & $-0.0203439$ & $0.0106396$ & $0.0157025$ & $0.0048703$ & $0.0462075$ & $-0.0554426$ & $0.0456609$ & $-0.0745033$ \\
CHL1_11 & $-0.0151067$ & $-0.00351859$ & $-0.0549574$ & $-0.0125838$ & $0.0146956$ & $0.0291705$ & $0.050117$ & $0.0900849$ & $0.0783874$ & $0.22083$ & $-0.514331$ & $-0.318951$ & $-0.263522$ & $1$ & $0.267479$ & $0.280157$ & $0.678975$ & $0.610005$ & $0.607224$ & $0.532176$ & $0.474164$ & $0.458772$ & $-0.0945159$ & $0.485489$ & $0.613296$ & $-0.273897$ & $-0.101853$ & $0.170105$ & $-0.0114957$ & $-0.0617087$ & $-0.0417455$ & $0.0197831$ & $-0.0845161$ & $-0.218749$ & $-0.0164748$ & $-0.0184789$ & $-0.000207333$ & $0.00606612$ & $-0.0308168$ & $-0.00538255$ & $-0.039296$ & $0.00974451$ & $-0.0308962$ & $-0.00258323$ & $0.00739888$ & $-0.0242563$ & $0.0284843$ & $-0.00909387$ & $0.0219949$ \\
CHL1_22 & $0.00531183$ & $0.0142968$ & $-0.0223382$ & $0.0173029$ & $0.0029719$ & $-0.131783$ & $-0.0600906$ & $0.309194$ & $0.299725$ & $-0.1489$ & $-0.435683$ & $0.0249575$ & $0.0902666$ & $0.267479$ & $1$ & $0.455238$ & $0.181701$ & $-0.445493$ & $-0.0279483$ & $0.500388$ & $0.354502$ & $0.338054$ & $-0.18896$ & $0.100236$ & $-0.152267$ & $-0.210801$ & $-0.418955$ & $0.136441$ & $-0.00375409$ & $0.0535183$ & $0.00690317$ & $-0.0560673$ & $0.058169$ & $-0.592099$ & $-0.00417497$ & $0.0118296$ & $0.00161022$ & $0.02163$ & $-0.00389145$ & $0.0180555$ & $-0.0171928$ & $0.00639921$ & $-0.0332962$ & $-0.0176682$ & $0.00404741$ & $0.0106495$ & $-0.00911109$ & $-0.00533501$ & $0.0140961$ \\
CHL1_33 & $-0.029569$ & $0.0231945$ & $0.00252895$ & $0.0104116$ & $-0.0049017$ & $-0.0687091$ & $-0.0487829$ & $0.286785$ & $0.276933$ & $-0.126829$ & $-0.41269$ & $0.020724$ & $0.0839724$ & $0.280157$ & $0.455238$ & $1$ & $0.171438$ & $-0.0279785$ & $-0.417377$ & $0.473888$ & $0.333005$ & $0.345563$ & $-0.177763$ & $0.0977436$ & $-0.115336$ & $-0.198028$ & $-0.392583$ & $0.0999167$ & $0.0100505$ & $0.0448269$ & $-0.00593279$ & $-0.0489952$ & $0.028663$ & $-0.11875$ & $-0.00434713$ & $0.00662233$ & $-0.0087879$ & $0.0157237$ & $0.013723$ & $-0.0147093$ & $0.00603902$ & $0.0241871$ & $-0.0249956$ & $-0.0235457$ & $0.0116403$ & $0.0170623$ & $-0.0116688$ & $-0.00705797$ & $-0.0208656$ \\
CHL3_11 & $0.0144308$ & $0.0240406$ & $-0.056697$ & $0.00634991$ & $0.0114353$ & $-0.231068$ & $0.0740908$ & $-0.236018$ & $-0.239699$ & $0.406554$ & $-0.228201$ & $-0.337526$ & $-0.355797$ & $0.678975$ & $0.181701$ & $0.171438$ & $1$ & $0.729472$ & $0.745472$ & $0.250329$ & $0.191911$ & $0.183792$ & $-0.0785511$ & $0.691447$ & $0.772136$ & $-0.120742$ & $-0.170277$ & $0.0753797$ & $-0.0095274$ & $-0.0913198$ & $-0.0555182$ & $0.0416838$ & $-0.111713$ & $-0.271441$ & $-0.0420892$ & $-0.0227396$ & $0.00744267$ & $0.0236136$ & $-0.0191713$ & $0.0054697$ & $-0.0481074$ & $-0.00929024$ & $-0.027286$ & $0.00397556$ & $0.00356338$ & $0.0147505$ & $0.0238103$ & $-0.00628829$ & $0.0237059$ \\
CHL3_22 & $-0.0100823$ & $0.0130646$ & $-0.0502609$ & $-0.0113881$ & $0.0049922$ & $0.0100637$ & $0.110879$ & $-0.442116$ & $-0.440591$ & $0.48913$ & $0.0701541$ & $-0.321968$ & $-0.39665$ & $0.610005$ & $-0.445493$ & $-0.0279785$ & $0.729472$ & $1$ & $0.6845$ & $-0.0737058$ & $-0.0679047$ & $-0.0629782$ & $0.00863006$ & $0.634101$ & $0.813162$ & $0.0366544$ & $0.0114722$ & $-0.024502$ & $-0.0057136$ & $-0.120988$ & $-0.0586701$ & $0.077979$ & $-0.145462$ & $0.0237604$ & $-0.0319604$ & $-0.0307965$ & $0.00287242$ & $0.00931375$ & $-0.0158675$ & $-0.00751238$ & $-0.0376865$ & $-0.00354169$ & $-0.00974401$ & $0.0222216$ & $0.00537836$ & $-0.0117973$ & $0.0303496$ & $-0.00875977$ & $0.0150334$ \\
CHL3_33 & $0.0161238$ & $0.00238163$ & $-0.0686633$ & $-0.00333445$ & $0.0107655$ & $-0.0416347$ & $0.104317$ & $-0.42243$ & $-0.420393$ & $0.476598$ & $0.0462306$ & $-0.317493$ & $-0.392519$ & $0.607224$ & $-0.0279483$ & $-0.417377$ & $0.745472$ & $0.6845$ & $1$ & $-0.0473293$ & $-0.0442476$ & $-0.0422848$ & $0.0030981$ & $0.639506$ & $0.794986$ & $0.0209032$ & $-0.00267565$ & $0.00391382$ & $-0.0160754$ & $-0.113904$ & $-0.0506517$ & $0.0748155$ & $-0.125065$ & $-0.339388$ & $-0.0327548$ & $-0.0280379$ & $0.0141943$ & $0.0125429$ & $-0.0319794$ & $0.015743$ & $-0.0543157$ & $-0.0136081$ & $-0.0194394$ & $0.0223368$ & $0.000657374$ & $-0.0136204$ & $0.0318153$ & $-0.010256$ & $0.03547$ \\
CHe_11 & $0.00846772$ & $-0.0314703$ & $0.029253$ & $0.00263703$ & $-0.00544351$ & $-0.196305$ & $-0.0732983$ & $0.847677$ & $0.829657$ & $-0.356988$ & $-0.990609$ & $-0.0817651$ & $0.144715$ & $0.532176$ & $0.500388$ & $0.473888$ & $0.250329$ & $-0.0737058$ & $-0.0473293$ & $1$ & $0.973498$ & $0.952382$ & $-0.0214927$ & $-0.245621$ & $-0.0196975$ & $-0.570999$ & $0.192297$ & $0.333966$ & $0.00610067$ & $0.0628673$ & $0.010855$ & $-0.0807221$ & $0.0496984$ & $0.269362$ & $0.0176313$ & $0.00750562$ & $-0.0124658$ & $-0.0119443$ & $-0.0252585$ & $-0.0130191$ & $0.012823$ & $0.0193687$ & $-0.00919015$ & $-0.04777$ & $-0.00126908$ & $0.0152344$ & $0.00129887$ & $0.0200894$ & $-0.00865302$ \\
CHe_22 & $0.0152712$ & $-0.043059$ & $0.0397776$ & $-0.000349545$ & $0.000581688$ & $-0.198875$ & $-0.0707698$ & $0.894838$ & $0.877004$ & $-0.387143$ & $-0.99151$ & $-0.0902906$ & $0.155565$ & $0.474164$ & $0.354502$ & $0.333005$ & $0.191911$ & $-0.0679047$ & $-0.0442476$ & $0.973498$ & $1$ & $0.975826$ & $0.0315639$ & $-0.352384$ & $-0.0339841$ & $-0.581828$ & $0.346748$ & $0.339144$ & $0.00431177$ & $0.0634238$ & $0.0134382$ & $-0.0774041$ & $0.0519047$ & $0.434317$ & $0.0222101$ & $0.00858598$ & $-0.0135445$ & $-0.0182862$ & $-0.0281785$ & $-0.0191813$ & $0.0189106$ & $0.0179406$ & $1.87186e-05$ & $-0.0503205$ & $-0.00574469$ & $0.0147283$ & $0.00202027$ & $0.0246274$ & $-0.00990478$ \\
CHe_33 & $0.012526$ & $-0.0431203$ & $0.0404206$ & $0.00139913$ & $0.000134135$ & $-0.195226$ & $-0.0769884$ & $0.878097$ & $0.8602$ & $-0.380281$ & $-0.970084$ & $-0.0818073$ & $0.156053$ & $0.458772$ & $0.338054$ & $0.345563$ & $0.183792$ & $-0.0629782$ & $-0.0422848$ & $0.952382$ & $0.975826$ & $1$ & $0.0339825$ & $-0.347925$ & $-0.0328078$ & $-0.571321$ & $0.346506$ & $0.329475$ & $0.00316495$ & $0.0653272$ & $0.0168978$ & $-0.0823849$ & $0.0536307$ & $0.437273$ & $0.0264304$ & $0.0126159$ & $-0.0175675$ & $-0.0199688$ & $-0.0300132$ & $-0.0239467$ & $0.0162256$ & $0.0155222$ & $0.00327177$ & $-0.0549$ & $-0.0005475$ & $0.0221051$ & $0.00117905$ & $0.022027$ & $-0.00858052$ \\
CHQ1_11 & $0.00624554$ & $-0.0416047$ & $0.0333693$ & $0.0205691$ & $-0.000295923$ & $-0.0091171$ & $-0.00572098$ & $0.063714$ & $0.0611557$ & $-0.0310304$ & $-0.00380971$ & $0.0211338$ & $0.0268141$ & $-0.0945159$ & $-0.18896$ & $-0.177763$ & $-0.0785511$ & $0.00863006$ & $0.0030981$ & $-0.0214927$ & $0.0315639$ & $0.0339825$ & $1$ & $-0.12812$ & $0.0844391$ & $-0.652437$ & $0.372253$ & $0.0206771$ & $-0.00186117$ & $0.00263589$ & $0.0208217$ & $0.00856098$ & $0.00617787$ & $0.214837$ & $0.00394026$ & $-0.0452598$ & $0.0179339$ & $-0.0412436$ & $0.0291204$ & $0.0220636$ & $0.0281355$ & $-0.00566274$ & $0.0253736$ & $-0.0132645$ & $0.021833$ & $0.0300749$ & $0.0265272$ & $0.0697571$ & $-0.0226542$ \\
CHQ1_33 & $-0.0411614$ & $0.0435945$ & $-0.0850028$ & $-0.00168242$ & $0.00369007$ & $0.0182764$ & $0.0917299$ & $-0.672198$ & $-0.667098$ & $0.553831$ & $0.296734$ & $-0.223743$ & $-0.38252$ & $0.485489$ & $0.100236$ & $0.0977436$ & $0.691447$ & $0.634101$ & $0.639506$ & $-0.245621$ & $-0.352384$ & $-0.347925$ & $-0.12812$ & $1$ & $0.659296$ & $0.192238$ & $-0.404511$ & $-0.0252744$ & $-0.01368$ & $-0.111463$ & $-0.0488507$ & $0.0660467$ & $-0.119099$ & $-0.630912$ & $-0.0421991$ & $-0.0170438$ & $0.00686086$ & $0.0344568$ & $-0.0126767$ & $0.0191467$ & $-0.0492294$ & $0.00651926$ & $-0.0419415$ & $0.0206337$ & $0.0194124$ & $-0.0165143$ & $0.013862$ & $-0.030008$ & $0.0404161$ \\
CHQ3_11 & $-0.0712322$ & $0.0566605$ & $-0.0748281$ & $-0.0201605$ & $0.0167117$ & $-0.0383$ & $0.113456$ & $-0.413454$ & $-0.412342$ & $0.486224$ & $0.0259949$ & $-0.308096$ & $-0.383556$ & $0.613296$ & $-0.152267$ & $-0.115336$ & $0.772136$ & $0.813162$ & $0.794986$ & $-0.0196975$ & $-0.0339841$ & $-0.0328078$ & $0.0844391$ & $0.659296$ & $1$ & $0.0175642$ & $0.205616$ & $-0.004621$ & $-0.0112784$ & $-0.121699$ & $-0.075402$ & $0.0831042$ & $-0.133268$ & $-0.198027$ & $-0.0306901$ & $-0.0579565$ & $0.0276864$ & $0.0111932$ & $-0.0164512$ & $0.0143532$ & $-0.0298148$ & $-0.0118519$ & $-0.0212029$ & $0.0139617$ & $0.0365462$ & $-0.00343306$ & $0.0120496$ & $0.00797595$ & $0.0274019$ \\
CHu_11 & $-0.0333788$ & $0.0617285$ & $-0.0295916$ & $-0.0286133$ & $0.0189725$ & $0.114136$ & $0.0391556$ & $-0.520773$ & $-0.507825$ & $0.221011$ & $0.580759$ & $0.0474255$ & $-0.0887037$ & $-0.273897$ & $-0.210801$ & $-0.198028$ & $-0.120742$ & $0.0366544$ & $0.0209032$ & $-0.570999$ & $-0.581828$ & $-0.571321$ & $-0.652437$ & $0.192238$ & $0.0175642$ & $1$ & $-0.173986$ & $-0.213651$ & $0.00178996$ & $-0.0364553$ & $-0.0197974$ & $0.0371845$ & $-0.028087$ & $-0.248854$ & $-0.00618132$ & $0.0264222$ & $0.000877624$ & $0.0331578$ & $-0.00682324$ & $-0.0158004$ & $-0.0176023$ & $-0.0220042$ & $-0.0122483$ & $0.0215636$ & $-0.00215128$ & $-0.0295925$ & $-0.0211494$ & $-0.0583757$ & $0.0315273$ \\
CHd_11 & $0.0102908$ & $-0.0352462$ & $0.0682548$ & $-0.0157697$ & $0.010649$ & $-0.0607262$ & $-0.0073208$ & $0.402274$ & $0.399693$ & $-0.205673$ & $-0.266598$ & $-0.00072569$ & $0.107805$ & $-0.101853$ & $-0.418955$ & $-0.392583$ & $-0.170277$ & $0.0114722$ & $-0.00267565$ & $0.192297$ & $0.346748$ & $0.346506$ & $0.372253$ & $-0.404511$ & $0.205616$ & $-0.173986$ & $1$ & $0.0949548$ & $-9.37295e-05$ & $0.00553015$ & $0.00387393$ & $-0.00501011$ & $0.0163135$ & $0.691036$ & $0.019909$ & $-0.00836951$ & $0.00600263$ & $-0.0399706$ & $-0.0132332$ & $-0.0099738$ & $0.0459674$ & $-0.0091191$ & $0.0314833$ & $-0.0387935$ & $0.00877799$ & $0.0306539$ & $0.00542564$ & $0.0455264$ & $-0.0103462$ \\
CHd_33 & $0.0291832$ & $-0.040581$ & $0.0289672$ & $-0.000659919$ & $0.00486704$ & $-0.0802278$ & $-0.0190382$ & $0.300431$ & $0.2942$ & $-0.134085$ & $-0.33849$ & $-0.061687$ & $0.0299188$ & $0.170105$ & $0.136441$ & $0.0999167$ & $0.0753797$ & $-0.024502$ & $0.00391382$ & $0.333966$ & $0.339144$ & $0.329475$ & $0.0206771$ & $-0.0252744$ & $-0.004621$ & $-0.213651$ & $0.0949548$ & $1$ & $-0.0135928$ & $0.00336478$ & $-0.00656862$ & $-0.0272765$ & $0.00837268$ & $0.128197$ & $0.00123311$ & $0.0309393$ & $-0.0317852$ & $-0.0222002$ & $-0.0357475$ & $0.0144883$ & $0.0097479$ & $0.0187443$ & $0.00310063$ & $-0.046703$ & $0.00890294$ & $0.031073$ & $-0.0183937$ & $-0.00398189$ & $0.0238229$ \\
CeH_22r & $0.0183945$ & $0.0183835$ & $-0.00255101$ & $0.025658$ & $-0.0240496$ & $0.0149183$ & $0.007299$ & $0.00715788$ & $0.0150289$ & $0.000678508$ & $-0.00267331$ & $0.0551512$ & $0.0398553$ & $-0.0114957$ & $-0.00375409$ & $0.0100505$ & $-0.0095274$ & $-0.0057136$ & $-0.0160754$ & $0.00610067$ & $0.00431177$ & $0.00316495$ & $-0.00186117$ & $-0.01368$ & $-0.0112784$ & $0.00178996$ & $-9.37295e-05$ & $-0.0135928$ & $1$ & $0.0449161$ & $0.0174978$ & $-0.00355244$ & $0.0435712$ & $0.00940793$ & $-0.0394014$ & $-0.0203417$ & $-0.00350656$ & $0.00826075$ & $-0.013073$ & $0.00387816$ & $0.00215515$ & $0.00552133$ & $-0.0393313$ & $0.0303167$ & $-0.0100278$ & $0.0318119$ & $0.0100807$ & $-0.0340335$ & $-0.0172216$ \\
CeH_33r & $-0.00820508$ & $0.0013179$ & $0.0371828$ & $0.0376089$ & $-0.00854174$ & $-0.0181827$ & $-0.14022$ & $0.10716$ & $0.128443$ & $-0.124291$ & $-0.0609405$ & $0.336011$ & $0.290536$ & $-0.0617087$ & $0.0535183$ & $0.0448269$ & $-0.0913198$ & $-0.120988$ & $-0.113904$ & $0.0628673$ & $0.0634238$ & $0.0653272$ & $0.00263589$ & $-0.111463$ & $-0.121699$ & $-0.0364553$ & $0.00553015$ & $0.00336478$ & $0.0449161$ & $1$ & $0.285418$ & $0.00333922$ & $0.647442$ & $0.042635$ & $-0.0182489$ & $0.0126202$ & $-0.0997981$ & $-0.0508864$ & $-0.0440591$ & $0.00957424$ & $0.0170679$ & $-0.0152307$ & $0.0087572$ & $-0.00611167$ & $0.0675772$ & $0.0222966$ & $-0.0541698$ & $-0.00359332$ & $-0.0389093$ \\
CuH_22r & $0.0570113$ & $-0.0643456$ & $0.0755539$ & $0.0440561$ & $0.0215117$ & $-0.013875$ & $-0.0815388$ & $0.0419614$ & $0.0499098$ & $-0.07546$ & $-0.0132037$ & $0.105697$ & $0.111329$ & $-0.0417455$ & $0.00690317$ & $-0.00593279$ & $-0.0555182$ & $-0.0586701$ & $-0.0506517$ & $0.010855$ & $0.0134382$ & $0.0168978$ & $0.0208217$ & $-0.0488507$ & $-0.075402$ & $-0.0197974$ & $0.00387393$ & $-0.00656862$ & $0.0174978$ & $0.285418$ & $1$ & $0.00626795$ & $0.343852$ & $0.023484$ & $-0.0107295$ & $0.0287671$ & $0.00287079$ & $-0.0383362$ & $-0.00150205$ & $-0.013575$ & $-0.0533485$ & $-0.0308364$ & $0.0591639$ & $-0.031256$ & $-0.00837398$ & $0.0320696$ & $0.222016$ & $0.0443414$ & $-0.0523415$ \\
CuH_33r & $0.0337388$ & $-0.0158212$ & $-0.0599139$ & $0.0301416$ & $-0.0135745$ & $0.00805075$ & $0.938615$ & $-0.101848$ & $-0.0546202$ & $0.0538969$ & $0.0802479$ & $-0.188543$ & $-0.278949$ & $0.0197831$ & $-0.0560673$ & $-0.0489952$ & $0.0416838$ & $0.077979$ & $0.0748155$ & $-0.0807221$ & $-0.0774041$ & $-0.0823849$ & $0.00856098$ & $0.0660467$ & $0.0831042$ & $0.0371845$ & $-0.00501011$ & $-0.0272765$ & $-0.00355244$ & $0.00333922$ & $0.00626795$ & $1$ & $-0.0230579$ & $-0.0390486$ & $0.0620504$ & $-0.0489366$ & $0.0514177$ & $0.0248119$ & $-0.011266$ & $0.00379836$ & $-0.0180157$ & $0.0108831$ & $0.0856297$ & $-0.0290508$ & $0.0188133$ & $-0.0796304$ & $0.0325779$ & $0.00640543$ & $-0.0235935$ \\
CdH_33r & $-0.0365266$ & $-0.00340248$ & $0.080252$ & $0.0791139$ & $-0.0267232$ & $-0.0239424$ & $-0.202021$ & $0.107782$ & $0.129662$ & $-0.129437$ & $-0.0494937$ & $0.412201$ & $0.343531$ & $-0.0845161$ & $0.058169$ & $0.028663$ & $-0.111713$ & $-0.145462$ & $-0.125065$ & $0.0496984$ & $0.0519047$ & $0.0536307$ & $0.00617787$ & $-0.119099$ & $-0.133268$ & $-0.028087$ & $0.0163135$ & $0.00837268$ & $0.0435712$ & $0.647442$ & $0.343852$ & $-0.0230579$ & $1$ & $0.0412547$ & $0.0013385$ & $0.0135884$ & $-0.163703$ & $-0.0168884$ & $0.00957552$ & $0.0270398$ & $-0.120958$ & $-0.00390378$ & $0.0367573$ & $0.0752417$ & $-0.0202916$ & $0.0471368$ & $-0.061693$ & $0.180373$ & $0.363192$ \\
CLL_1221 & $0.00665526$ & $-0.0283256$ & $0.0820006$ & $-0.011473$ & $-0.00693296$ & $-0.0927754$ & $-0.0419006$ & $0.554111$ & $0.549005$ & $-0.347369$ & $-0.348613$ & $0.0326733$ & $0.192679$ & $-0.218749$ & $-0.592099$ & $-0.11875$ & $-0.271441$ & $0.0237604$ & $-0.339388$ & $0.269362$ & $0.434317$ & $0.437273$ & $0.214837$ & $-0.630912$ & $-0.198027$ & $-0.248854$ & $0.691036$ & $0.128197$ & $0.00940793$ & $0.042635$ & $0.023484$ & $-0.0390486$ & $0.0412547$ & $1$ & $0.0253687$ & $0.00820322$ & $-0.0110231$ & $-0.0378961$ & $-0.00317795$ & $-0.0307881$ & $0.0484983$ & $0.00579196$ & $0.0404127$ & $-0.0303644$ & $-0.0110628$ & $0.0221701$ & $-0.00643583$ & $0.0395967$ & $-0.025634$ \\
eHggint & $-0.0775014$ & $-0.0890228$ & $0.108142$ & $0.189533$ & $0.0037759$ & $0.010834$ & $0.00160837$ & $0.0386817$ & $0.0392213$ & $-0.00983689$ & $-0.0189279$ & $0.0675294$ & $0.0500272$ & $-0.0164748$ & $-0.00417497$ & $-0.00434713$ & $-0.0420892$ & $-0.0319604$ & $-0.0327548$ & $0.0176313$ & $0.0222101$ & $0.0264304$ & $0.00394026$ & $-0.0421991$ & $-0.0306901$ & $-0.00618132$ & $0.019909$ & $0.00123311$ & $-0.0394014$ & $-0.0182489$ & $-0.0107295$ & $0.0620504$ & $0.0013385$ & $0.0253687$ & $1$ & $0.124876$ & $-0.0081786$ & $0.0363148$ & $-0.120683$ & $0.0322597$ & $0.0527441$ & $0.0433315$ & $0.213623$ & $-0.0962236$ & $-0.0207758$ & $-0.233619$ & $0.0547402$ & $0.0935733$ & $0.00533905$ \\
eHggpar & $0.241194$ & $-0.18142$ & $0.411415$ & $-0.0403545$ & $0.0026557$ & $-0.0268317$ & $-0.0949826$ & $0.0273984$ & $0.0249568$ & $0.00981663$ & $-0.0121526$ & $0.0360535$ & $0.0221283$ & $-0.0184789$ & $0.0118296$ & $0.00662233$ & $-0.0227396$ & $-0.0307965$ & $-0.0280379$ & $0.00750562$ & $0.00858598$ & $0.0126159$ & $-0.0452598$ & $-0.0170438$ & $-0.0579565$ & $0.0264222$ & $-0.00836951$ & $0.0309393$ & $-0.0203417$ & $0.0126202$ & $0.0287671$ & $-0.0489366$ & $0.0135884$ & $0.00820322$ & $0.124876$ & $1$ & $-0.323228$ & $-0.000382197$ & $-0.143168$ & $0.00310374$ & $-0.07234$ & $-0.0212714$ & $0.118576$ & $-0.123734$ & $-0.204395$ & $-0.116122$ & $0.0980401$ & $-0.0913743$ & $0.0180468$ \\
eHWWint & $-0.135362$ & $0.282255$ & $-0.158618$ & $-0.0704448$ & $-0.0141125$ & $-0.00880089$ & $0.0785808$ & $-0.0239355$ & $-0.0273759$ & $0.00698013$ & $0.0171769$ & $-0.037324$ & $-0.0618393$ & $-0.000207333$ & $0.00161022$ & $-0.0087879$ & $0.00744267$ & $0.00287242$ & $0.0141943$ & $-0.0124658$ & $-0.0135445$ & $-0.0175675$ & $0.0179339$ & $0.00686086$ & $0.0276864$ & $0.000877624$ & $0.00600263$ & $-0.0317852$ & $-0.00350656$ & $-0.0997981$ & $0.00287079$ & $0.0514177$ & $-0.163703$ & $-0.0110231$ & $-0.0081786$ & $-0.323228$ & $1$ & $0.0261444$ & $0.0850547$ & $0.0235873$ & $0.0423174$ & $-0.0205175$ & $-0.154101$ & $-0.00734242$ & $-0.0542101$ & $-0.0936142$ & $0.231201$ & $0.148025$ & $-0.168812$ \\
eHWWpar & $-0.0420452$ & $-0.0370573$ & $0.0515875$ & $0.00012086$ & $0.015023$ & $-0.0130055$ & $0.0367063$ & $-0.0265601$ & $-0.0233321$ & $0.0191986$ & $0.0160333$ & $-0.0228694$ & $-0.0356191$ & $0.00606612$ & $0.02163$ & $0.0157237$ & $0.0236136$ & $0.00931375$ & $0.0125429$ & $-0.0119443$ & $-0.0182862$ & $-0.0199688$ & $-0.0412436$ & $0.0344568$ & $0.0111932$ & $0.0331578$ & $-0.0399706$ & $-0.0222002$ & $0.00826075$ & $-0.0508864$ & $-0.0383362$ & $0.0248119$ & $-0.0168884$ & $-0.0378961$ & $0.0363148$ & $-0.000382197$ & $0.0261444$ & $1$ & $0.00423776$ & $0.0318996$ & $-0.0263857$ & $0.00767841$ & $-0.0472584$ & $-0.00781145$ & $-0.0080007$ & $-0.0848025$ & $-0.0243981$ & $-0.00970938$ & $0.042425$ \\
eHZZint & $-0.0108303$ & $0.0791935$ & $-0.108677$ & $-0.117106$ & $0.00207438$ & $0.00548579$ & $-0.00766444$ & $-0.016675$ & $-0.018856$ & $0.0043588$ & $0.0275572$ & $0.00322104$ & $0.0115864$ & $-0.0308168$ & $-0.00389145$ & $0.013723$ & $-0.0191713$ & $-0.0158675$ & $-0.0319794$ & $-0.0252585$ & $-0.0281785$ & $-0.0300132$ & $0.0291204$ & $-0.0126767$ & $-0.0164512$ & $-0.00682324$ & $-0.0132332$ & $-0.0357475$ & $-0.013073$ & $-0.0440591$ & $-0.00150205$ & $-0.011266$ & $0.00957552$ & $-0.00317795$ & $-0.120683$ & $-0.143168$ & $0.0850547$ & $0.00423776$ & $1$ & $0.0341954$ & $-0.0263194$ & $0.0460007$ & $-0.0199968$ & $0.147617$ & $-0.0499971$ & $0.0696784$ & $0.0860407$ & $0.0642697$ & $0.0911643$ \\
eHZZpar & $-0.0388051$ & $0.0734322$ & $0.0798012$ & $-0.0194032$ & $-0.0173186$ & $-0.00800766$ & $-0.00792447$ & $-0.0213161$ & $-0.0164047$ & $0.0246862$ & $0.0171255$ & $0.0336905$ & $0.0177716$ & $-0.00538255$ & $0.0180555$ & $-0.0147093$ & $0.0054697$ & $-0.00751238$ & $0.015743$ & $-0.0130191$ & $-0.0191813$ & $-0.0239467$ & $0.0220636$ & $0.0191467$ & $0.0143532$ & $-0.0158004$ & $-0.0099738$ & $0.0144883$ & $0.00387816$ & $0.00957424$ & $-0.013575$ & $0.00379836$ & $0.0270398$ & $-0.0307881$ & $0.0322597$ & $0.00310374$ & $0.0235873$ & $0.0318996$ & $0.0341954$ & $1$ & $0.0476477$ & $0.0403811$ & $-0.0630449$ & $0.00920019$ & $0.0252168$ & $0.0127747$ & $-0.0551149$ & $-0.0060701$ & $0.0158056$ \\
eHZgaint & $-0.0687874$ & $-0.0241101$ & $-0.104151$ & $0.0126843$ & $-0.00443304$ & $0.00702916$ & $-0.0128767$ & $0.0419219$ & $0.0360301$ & $-0.0595647$ & $-0.0152927$ & $0.0557806$ & $0.0933426$ & $-0.039296$ & $-0.0171928$ & $0.00603902$ & $-0.0481074$ & $-0.0376865$ & $-0.0543157$ & $0.012823$ & $0.0189106$ & $0.0162256$ & $0.0281355$ & $-0.0492294$ & $-0.0298148$ & $-0.0176023$ & $0.0459674$ & $0.0097479$ & $0.00215515$ & $0.0170679$ & $-0.0533485$ & $-0.0180157$ & $-0.120958$ & $0.0484983$ & $0.0527441$ & $-0.07234$ & $0.0423174$ & $-0.0263857$ & $-0.0263194$ & $0.0476477$ & $1$ & $0.00407205$ & $-0.069905$ & $-0.314379$ & $0.0619853$ & $0.0913845$ & $-0.238141$ & $-0.0429206$ & $-0.316684$ \\
eHZgapar & $-0.0650991$ & $-0.0181959$ & $-0.0313178$ & $-0.0298755$ & $0.00210204$ & $0.00221356$ & $0.0118873$ & $0.0189204$ & $0.0139043$ & $-0.0380778$ & $-0.0184927$ & $-0.0444986$ & $-0.0203439$ & $0.00974451$ & $0.00639921$ & $0.0241871$ & $-0.00929024$ & $-0.00354169$ & $-0.0136081$ & $0.0193687$ & $0.0179406$ & $0.0155222$ & $-0.00566274$ & $0.00651926$ & $-0.0118519$ & $-0.0220042$ & $-0.0091191$ & $0.0187443$ & $0.00552133$ & $-0.0152307$ & $-0.0308364$ & $0.0108831$ & $-0.00390378$ & $0.00579196$ & $0.0433315$ & $-0.0212714$ & $-0.0205175$ & $0.00767841$ & $0.0460007$ & $0.0403811$ & $0.00407205$ & $1$ & $-0.0195142$ & $-0.0232059$ & $0.0382277$ & $-0.0603962$ & $-0.0579383$ & $0.000650989$ & $0.0328256$ \\
eHgagaint & $0.0767774$ & $-0.139301$ & $0.0645063$ & $0.00781343$ & $0.0108707$ & $-0.00966991$ & $0.0656479$ & $0.0173669$ & $0.0598899$ & $-0.0022533$ & $0.00191917$ & $0.0222469$ & $0.0106396$ & $-0.0308962$ & $-0.0332962$ & $-0.0249956$ & $-0.027286$ & $-0.00974401$ & $-0.0194394$ & $-0.00919015$ & $1.87186e-05$ & $0.00327177$ & $0.0253736$ & $-0.0419415$ & $-0.0212029$ & $-0.0122483$ & $0.0314833$ & $0.00310063$ & $-0.0393313$ & $0.0087572$ & $0.0591639$ & $0.0856297$ & $0.0367573$ & $0.0404127$ & $0.213623$ & $0.118576$ & $-0.154101$ & $-0.0472584$ & $-0.0199968$ & $-0.0630449$ & $-0.069905$ & $-0.0195142$ & $1$ & $-0.0320781$ & $-0.049833$ & $-0.153358$ & $0.209635$ & $0.22636$ & $-0.014128$ \\
eHmumuint & $-0.0121078$ & $0.202646$ & $-0.261262$ & $0.225014$ & $0.00226394$ & $0.0322927$ & $-0.0172109$ & $-0.061004$ & $-0.0569329$ & $0.0386767$ & $0.0528664$ & $0.0276926$ & $0.0157025$ & $-0.00258323$ & $-0.0176682$ & $-0.0235457$ & $0.00397556$ & $0.0222216$ & $0.0223368$ & $-0.04777$ & $-0.0503205$ & $-0.0549$ & $-0.0132645$ & $0.0206337$ & $0.0139617$ & $0.0215636$ & $-0.0387935$ & $-0.046703$ & $0.0303167$ & $-0.00611167$ & $-0.031256$ & $-0.0290508$ & $0.0752417$ & $-0.0303644$ & $-0.0962236$ & $-0.123734$ & $-0.00734242$ & $-0.00781145$ & $0.147617$ & $0.00920019$ & $-0.314379$ & $-0.0232059$ & $-0.0320781$ & $1$ & $-0.192349$ & $-0.111422$ & $-0.211481$ & $-0.0777032$ & $0.165139$ \\
eHtautauint & $-0.245647$ & $0.0908803$ & $-0.102791$ & $-0.0143208$ & $-0.0311945$ & $-0.00291606$ & $0.0330594$ & $-0.010974$ & $-0.0138499$ & $-0.000574771$ & $0.00676236$ & $-0.0129651$ & $0.0048703$ & $0.00739888$ & $0.00404741$ & $0.0116403$ & $0.00356338$ & $0.00537836$ & $0.000657374$ & $-0.00126908$ & $-0.00574469$ & $-0.0005475$ & $0.021833$ & $0.0194124$ & $0.0365462$ & $-0.00215128$ & $0.00877799$ & $0.00890294$ & $-0.0100278$ & $0.0675772$ & $-0.00837398$ & $0.0188133$ & $-0.0202916$ & $-0.0110628$ & $-0.0207758$ & $-0.204395$ & $-0.0542101$ & $-0.0080007$ & $-0.0499971$ & $0.0252168$ & $0.0619853$ & $0.0382277$ & $-0.049833$ & $-0.192349$ & $1$ & $0.050006$ & $-0.0553707$ & $0.158128$ & $-0.064465$ \\
eHccint & $0.218515$ & $0.16092$ & $0.087565$ & $0.0923567$ & $-0.0230574$ & $-0.00447761$ & $-0.0694178$ & $0.014055$ & $0.0112537$ & $-0.00944734$ & $-0.0141301$ & $0.0369721$ & $0.0462075$ & $-0.0242563$ & $0.0106495$ & $0.0170623$ & $0.0147505$ & $-0.0117973$ & $-0.0136204$ & $0.0152344$ & $0.0147283$ & $0.0221051$ & $0.0300749$ & $-0.0165143$ & $-0.00343306$ & $-0.0295925$ & $0.0306539$ & $0.031073$ & $0.0318119$ & $0.0222966$ & $0.0320696$ & $-0.0796304$ & $0.0471368$ & $0.0221701$ & $-0.233619$ & $-0.116122$ & $-0.0936142$ & $-0.0848025$ & $0.0696784$ & $0.0127747$ & $0.0913845$ & $-0.0603962$ & $-0.153358$ & $-0.111422$ & $0.050006$ & $1$ & $-0.0624875$ & $-0.0244866$ & $0.0247093$ \\
eHccpar & $0.216934$ & $-0.203122$ & $0.271438$ & $-0.00889391$ & $-0.0224889$ & $-0.0304563$ & $0.0304373$ & $-0.00459123$ & $0.00182164$ & $-0.00387839$ & $-0.00788836$ & $-0.0553354$ & $-0.0554426$ & $0.0284843$ & $-0.00911109$ & $-0.0116688$ & $0.0238103$ & $0.0303496$ & $0.0318153$ & $0.00129887$ & $0.00202027$ & $0.00117905$ & $0.0265272$ & $0.013862$ & $0.0120496$ & $-0.0211494$ & $0.00542564$ & $-0.0183937$ & $0.0100807$ & $-0.0541698$ & $0.222016$ & $0.0325779$ & $-0.061693$ & $-0.00643583$ & $0.0547402$ & $0.0980401$ & $0.231201$ & $-0.0243981$ & $0.0860407$ & $-0.0551149$ & $-0.238141$ & $-0.0579383$ & $0.209635$ & $-0.211481$ & $-0.0553707$ & $-0.0624875$ & $1$ & $0.270435$ & $-0.0953952$ \\
eHbbint & $-0.0903437$ & $0.0564292$ & $0.150024$ & $0.112387$ & $-0.00763501$ & $0.00349517$ & $-0.00444227$ & $0.0303454$ & $0.0375561$ & $0.00207263$ & $-0.0219913$ & $0.0497081$ & $0.0456609$ & $-0.00909387$ & $-0.00533501$ & $-0.00705797$ & $-0.00628829$ & $-0.00875977$ & $-0.010256$ & $0.0200894$ & $0.0246274$ & $0.022027$ & $0.0697571$ & $-0.030008$ & $0.00797595$ & $-0.0583757$ & $0.0455264$ & $-0.00398189$ & $-0.0340335$ & $-0.00359332$ & $0.0443414$ & $0.00640543$ & $0.180373$ & $0.0395967$ & $0.0935733$ & $-0.0913743$ & $0.148025$ & $-0.00970938$ & $0.0642697$ & $-0.0060701$ & $-0.0429206$ & $0.000650989$ & $0.22636$ & $-0.0777032$ & $0.158128$ & $-0.0244866$ & $0.270435$ & $1$ & $0.200427$ \\
eHbbpar & $-0.121223$ & $-0.000528649$ & $0.0817718$ & $-0.000871641$ & $-0.0259555$ & $-0.0118133$ & $-0.0114829$ & $-0.0201858$ & $-0.0215689$ & $0.030444$ & $0.00945917$ & $-0.0586181$ & $-0.0745033$ & $0.0219949$ & $0.0140961$ & $-0.0208656$ & $0.0237059$ & $0.0150334$ & $0.03547$ & $-0.00865302$ & $-0.00990478$ & $-0.00858052$ & $-0.0226542$ & $0.0404161$ & $0.0274019$ & $0.0315273$ & $-0.0103462$ & $0.0238229$ & $-0.0172216$ & $-0.0389093$ & $-0.0523415$ & $-0.0235935$ & $0.363192$ & $-0.025634$ & $0.00533905$ & $0.0180468$ & $-0.168812$ & $0.042425$ & $0.0911643$ & $0.0158056$ & $-0.316684$ & $0.0328256$ & $-0.014128$ & $0.165139$ & $-0.064465$ & $0.0247093$ & $-0.0953952$ & $0.200427$ & $1$ \\
