 & AlsMz & dAle5Mz & mtop & mHl & Mz & CW & CHG & CHWB & CHWHB_gaga & CHWHB_gagaorth & CHD & CHbox & CH & CHL1_11 & CHL1_22 & CHL1_33 & CHL3_11 & CHL3_22 & CHL3_33 & CHe_11 & CHe_22 & CHe_33 & CHQ1_11 & CHQ1_33 & CHQ3_11 & CHu_11 & CHd_11 & CHd_33 & CeH_22r & CeH_33r & CuH_22r & CuH_33r & CdH_33r & CLL_1221 & eHggint & eHggpar & eHWWint & eHWWpar & eHZZint & eHZZpar & eHZgaint & eHZgapar & eHgagaint & eHmumuint & eHtautauint & eHccint & eHccpar & eHbbint & eHbbpar \\
AlsMz & $1$ & $0.0266974$ & $-0.0494904$ & $0.0786977$ & $0.845319$ & $-0.0377668$ & $0.0763108$ & $-0.17506$ & $-0.165584$ & $0.349825$ & $0.169589$ & $0.0550377$ & $-0.241465$ & $-0.0281416$ & $-0.0485403$ & $-0.15589$ & $0.00310007$ & $0.0136821$ & $0.0740825$ & $-0.17096$ & $-0.162563$ & $-0.176201$ & $0.104961$ & $-0.0442312$ & $-0.140529$ & $-0.170551$ & $-0.571188$ & $-0.0786088$ & $-0.010653$ & $-0.138163$ & $-0.088681$ & $-0.0882481$ & $-0.169472$ & $-0.0724159$ & $0.40334$ & $-0.0688887$ & $-0.212114$ & $0.0320943$ & $0.187664$ & $-0.0942224$ & $-0.139835$ & $-0.0461073$ & $0.37899$ & $0.300427$ & $-0.313485$ & $-0.610978$ & $0.740369$ & $0.542951$ & $0.566274$ \\
dAle5Mz & $0.0266974$ & $1$ & $0.0686892$ & $0.0371242$ & $0.0392772$ & $-0.130938$ & $0.0430148$ & $-0.0922168$ & $-0.0793668$ & $0.0870725$ & $-0.0367195$ & $-0.259231$ & $-0.611858$ & $0.0649736$ & $0.345264$ & $0.248589$ & $0.140101$ & $-0.0354323$ & $0.0315829$ & $0.0900376$ & $-0.0125848$ & $-0.00328557$ & $0.184978$ & $0.184404$ & $0.075957$ & $-0.233641$ & $-0.39445$ & $-0.016227$ & $-0.00680123$ & $-0.0508937$ & $-0.0764236$ & $-0.026499$ & $-0.077843$ & $-0.363736$ & $-0.168232$ & $-0.176292$ & $-0.594724$ & $0.428731$ & $0.064086$ & $0.163749$ & $-0.134489$ & $0.0662129$ & $0.212343$ & $-0.256664$ & $-0.142253$ & $0.0290274$ & $0.14666$ & $-0.318389$ & $-0.14464$ \\
mtop & $-0.0494904$ & $0.0686892$ & $1$ & $-0.157339$ & $-0.452268$ & $-0.0763922$ & $0.0424157$ & $-0.280864$ & $-0.244717$ & $0.128853$ & $0.252278$ & $-0.0601705$ & $-0.294013$ & $-0.0864716$ & $-0.391502$ & $-0.0470346$ & $0.0486128$ & $0.2383$ & $0.0172373$ & $-0.243079$ & $-0.231906$ & $-0.222938$ & $-0.163386$ & $0.0554574$ & $0.0731934$ & $0.225919$ & $0.00377707$ & $-0.0250401$ & $0.00103562$ & $-0.0120166$ & $-0.0533578$ & $-0.0242642$ & $-0.0313941$ & $0.204217$ & $-0.219268$ & $-0.370203$ & $-0.133861$ & $-0.226859$ & $0.232664$ & $0.0274561$ & $-0.0922811$ & $-0.517937$ & $-0.370681$ & $0.047982$ & $-0.103824$ & $-0.227646$ & $-0.083171$ & $-0.13173$ & $-0.388683$ \\
mHl & $0.0786977$ & $0.0371242$ & $-0.157339$ & $1$ & $0.252693$ & $0.0742157$ & $-0.0427027$ & $0.0533403$ & $0.0567673$ & $-0.104031$ & $-0.0537676$ & $-0.163383$ & $-0.0889055$ & $0.0550384$ & $-0.0352086$ & $0.0216157$ & $-0.01614$ & $0.0344511$ & $-0.00485328$ & $0.0506889$ & $0.060966$ & $0.0464833$ & $0.236461$ & $-0.0378575$ & $-0.0116396$ & $-0.229825$ & $-0.0251042$ & $0.0629035$ & $0.00411273$ & $0.05984$ & $0.053926$ & $-0.0732323$ & $0.0652855$ & $0.046581$ & $0.00787382$ & $-0.0244943$ & $-0.15826$ & $0.0432996$ & $0.175639$ & $0.0250973$ & $-0.28286$ & $0.151115$ & $0.121886$ & $-0.0490092$ & $-0.0850408$ & $0.0643474$ & $0.104596$ & $-0.0898163$ & $0.0358878$ \\
Mz & $0.845319$ & $0.0392772$ & $-0.452268$ & $0.252693$ & $1$ & $0.298776$ & $-0.0105077$ & $0.00733947$ & $0.051434$ & $-0.1339$ & $0.218179$ & $-0.204625$ & $-0.0238792$ & $-0.122183$ & $-0.608805$ & $-0.121676$ & $-0.28816$ & $0.093807$ & $-0.195574$ & $-0.243091$ & $-0.145381$ & $-0.120678$ & $0.854342$ & $-0.265651$ & $-0.266239$ & $-0.708231$ & $-0.0122336$ & $0.450134$ & $-0.00851892$ & $-0.0376986$ & $0.108561$ & $-0.567941$ & $-0.0317652$ & $0.520425$ & $0.0540925$ & $-0.170898$ & $-0.273953$ & $-0.419706$ & $1.18735$ & $-0.0174754$ & $-1.21337$ & $0.228508$ & $0.219409$ & $0.137219$ & $-0.395752$ & $-0.303643$ & $0.734233$ & $0.545213$ & $0.529376$ \\
CW & $-0.0377668$ & $-0.130938$ & $-0.0763922$ & $0.0742157$ & $0.298776$ & $1$ & $-0.0151739$ & $0.275018$ & $0.260287$ & $-0.31349$ & $-0.297133$ & $-0.193052$ & $0.162569$ & $0.34388$ & $-0.0493835$ & $0.101532$ & $-0.133115$ & $0.111867$ & $-0.0110099$ & $0.281932$ & $0.302054$ & $0.260672$ & $0.00980072$ & $-0.033422$ & $-0.0319836$ & $-0.123902$ & $-0.036326$ & $0.226295$ & $0.000614967$ & $0.0865795$ & $0.0584585$ & $0.178284$ & $0.107654$ & $0.0735526$ & $0.114005$ & $0.0463898$ & $0.226609$ & $0.0749817$ & $0.0239664$ & $-0.29392$ & $-0.374081$ & $0.0195455$ & $0.0624817$ & $-0.153888$ & $0.133527$ & $-0.0929621$ & $0.0468874$ & $0.090254$ & $0.161077$ \\
CHG & $0.0763108$ & $0.0430148$ & $0.0424157$ & $-0.0427027$ & $-0.0105077$ & $-0.0151739$ & $1$ & $-0.084257$ & $-0.00103172$ & $0.103731$ & $0.0304727$ & $0.0202135$ & $-0.0442118$ & $0.0201779$ & $-0.0166693$ & $-0.0134941$ & $0.0719721$ & $0.07401$ & $0.0624792$ & $-0.0226083$ & $-0.035149$ & $-0.0358985$ & $-0.0855455$ & $0.0507$ & $0.0437718$ & $0.0589074$ & $-0.103193$ & $-0.0899798$ & $0.0502896$ & $-0.385024$ & $-0.304073$ & $0.0427828$ & $-0.542321$ & $-0.0242141$ & $-0.0209991$ & $-0.0186642$ & $-0.0223274$ & $0.00586351$ & $-0.0716136$ & $0.00966262$ & $0.0414018$ & $-0.0852256$ & $-0.00656031$ & $-0.00499592$ & $-0.0458872$ & $-0.122904$ & $0.0846436$ & $0.0329836$ & $0.0171273$ \\
CHWB & $-0.17506$ & $-0.0922168$ & $-0.280864$ & $0.0533403$ & $0.00733947$ & $0.275018$ & $-0.084257$ & $1$ & $0.936505$ & $-0.688309$ & $-0.685678$ & $-0.0394109$ & $0.271123$ & $-0.0333761$ & $0.273426$ & $0.168521$ & $-0.29848$ & $-0.452352$ & $-0.381043$ & $0.620097$ & $0.720133$ & $0.695779$ & $-0.180786$ & $-0.499751$ & $-0.499627$ & $-0.0733664$ & $0.167176$ & $0.310992$ & $-0.0100736$ & $0.13743$ & $0.0854291$ & $0.11122$ & $0.172442$ & $0.398875$ & $0.464131$ & $-0.152286$ & $0.491378$ & $0.0637327$ & $0.00472366$ & $-0.662654$ & $-0.302933$ & $0.171617$ & $0.365372$ & $-0.108817$ & $0.452272$ & $0.195691$ & $-0.297216$ & $-0.0466158$ & $0.21028$ \\
CHWHB_gaga & $-0.165584$ & $-0.0793668$ & $-0.244717$ & $0.0567673$ & $0.051434$ & $0.260287$ & $-0.00103172$ & $0.936505$ & $1$ & $-0.668823$ & $-0.631738$ & $-0.0100566$ & $0.252606$ & $-0.0437678$ & $0.229931$ & $0.152431$ & $-0.290238$ & $-0.421135$ & $-0.366399$ & $0.570708$ & $0.667547$ & $0.650634$ & $-0.181061$ & $-0.475114$ & $-0.483479$ & $-0.053248$ & $0.155867$ & $0.299121$ & $0.000131382$ & $0.149225$ & $0.0873232$ & $0.109398$ & $0.190102$ & $0.398363$ & $0.431224$ & $-0.171315$ & $0.463478$ & $0.0566156$ & $0.0341252$ & $-0.63014$ & $-0.295172$ & $0.150446$ & $0.34921$ & $-0.0952287$ & $0.441277$ & $0.174151$ & $-0.288405$ & $-0.0510935$ & $0.18891$ \\
CHWHB_gagaorth & $0.349825$ & $0.0870725$ & $0.128853$ & $-0.104031$ & $-0.1339$ & $-0.31349$ & $0.103731$ & $-0.688309$ & $-0.668823$ & $1$ & $0.46603$ & $0.0668788$ & $-0.22275$ & $0.0267063$ & $-0.0599852$ & $-0.187029$ & $0.233729$ & $0.237088$ & $0.30176$ & $-0.435092$ & $-0.494909$ & $-0.527823$ & $0.0147127$ & $0.307792$ & $0.265038$ & $0.10614$ & $-0.373869$ & $-0.338274$ & $-0.00136088$ & $-0.281596$ & $-0.167286$ & $-0.143595$ & $-0.364839$ & $-0.378333$ & $-0.257519$ & $0.185119$ & $-0.332264$ & $-0.0309945$ & $-0.226657$ & $0.476103$ & $0.34776$ & $-0.118441$ & $-0.129757$ & $0.210815$ & $-0.642348$ & $-0.360562$ & $0.470396$ & $0.136615$ & $-0.00810669$ \\
CHD & $0.169589$ & $-0.0367195$ & $0.252278$ & $-0.0537676$ & $0.218179$ & $-0.297133$ & $0.0304727$ & $-0.685678$ & $-0.631738$ & $0.46603$ & $1$ & $0.341099$ & $-0.0349446$ & $-0.58233$ & $-0.499522$ & $-0.358525$ & $-0.406784$ & $-0.212816$ & $-0.254044$ & $-0.978168$ & $-0.982794$ & $-0.899718$ & $0.077393$ & $-0.131074$ & $-0.22809$ & $0.291182$ & $0.0520342$ & $-0.337291$ & $0.00455214$ & $-0.176003$ & $-0.0694534$ & $-0.49277$ & $-0.260294$ & $0.0219963$ & $-0.149313$ & $-0.182823$ & $-0.253454$ & $-0.408029$ & $0.272629$ & $0.417171$ & $0.363009$ & $-0.196015$ & $-0.281564$ & $0.53857$ & $-0.322886$ & $-0.117975$ & $0.0967938$ & $0.123056$ & $-0.352949$ \\
CHbox & $0.0550377$ & $-0.259231$ & $-0.0601705$ & $-0.163383$ & $-0.204625$ & $-0.193052$ & $0.0202135$ & $-0.0394109$ & $-0.0100566$ & $0.0668788$ & $0.341099$ & $1$ & $0.375682$ & $-0.43407$ & $-0.130675$ & $-0.114627$ & $-0.31108$ & $-0.333118$ & $-0.311252$ & $-0.339119$ & $-0.328117$ & $-0.272688$ & $-0.209091$ & $-0.203224$ & $-0.271211$ & $0.288876$ & $0.203076$ & $-0.013339$ & $0.0270823$ & $-0.0405609$ & $-0.0626093$ & $-0.171036$ & $-0.040156$ & $0.140471$ & $0.0122507$ & $-0.0335055$ & $0.286378$ & $-0.281375$ & $0.113573$ & $0.017314$ & $0.335634$ & $-0.0115111$ & $-0.125262$ & $0.370174$ & $0.271189$ & $0.0383959$ & $-0.130901$ & $0.169743$ & $0.0292673$ \\
CH & $-0.241465$ & $-0.611858$ & $-0.294013$ & $-0.0889055$ & $-0.0238792$ & $0.162569$ & $-0.0442118$ & $0.271123$ & $0.252606$ & $-0.22275$ & $-0.0349446$ & $0.375682$ & $1$ & $-0.102467$ & $-0.179132$ & $-0.253028$ & $-0.27961$ & $-0.183756$ & $-0.107038$ & $-0.0228016$ & $0.0845777$ & $0.108942$ & $-0.0210002$ & $-0.240957$ & $-0.154627$ & $0.102768$ & $0.627808$ & $0.127484$ & $0.00996883$ & $-0.00415746$ & $0.0670488$ & $-0.141729$ & $0.0150417$ & $0.302211$ & $0.0900734$ & $0.32102$ & $0.697421$ & $-0.405608$ & $-0.103092$ & $-0.20538$ & $-0.0531489$ & $0.168737$ & $-0.149356$ & $0.0736887$ & $0.184319$ & $0.272985$ & $-0.349943$ & $0.247834$ & $0.00964647$ \\
CHL1_11 & $-0.0281416$ & $0.0649736$ & $-0.0864716$ & $0.0550384$ & $-0.122183$ & $0.34388$ & $0.0201779$ & $-0.0333761$ & $-0.0437678$ & $0.0267063$ & $-0.58233$ & $-0.43407$ & $-0.102467$ & $1$ & $0.229228$ & $0.182184$ & $0.499827$ & $0.699749$ & $0.66359$ & $0.593716$ & $0.542276$ & $0.453026$ & $0.107543$ & $0.565458$ & $0.666261$ & $-0.32728$ & $-0.221632$ & $0.149835$ & $0.00555923$ & $0.123667$ & $0.0375612$ & $0.498911$ & $0.197803$ & $-0.426626$ & $-0.146323$ & $0.39934$ & $-0.0838877$ & $0.445735$ & $-0.330442$ & $0.0482347$ & $-0.227095$ & $0.10485$ & $0.079384$ & $-0.530442$ & $-0.0591198$ & $-0.0822245$ & $0.2123$ & $-0.055451$ & $0.278991$ \\
CHL1_22 & $-0.0485403$ & $0.345264$ & $-0.391502$ & $-0.0352086$ & $-0.608805$ & $-0.0493835$ & $-0.0166693$ & $0.273426$ & $0.229931$ & $-0.0599852$ & $-0.499522$ & $-0.130675$ & $-0.179132$ & $0.229228$ & $1$ & $0.290688$ & $0.325199$ & $-0.254507$ & $0.18109$ & $0.544852$ & $0.419973$ & $0.383309$ & $-0.0455249$ & $0.222795$ & $0.179203$ & $-0.130951$ & $-0.279524$ & $0.100349$ & $-0.0121704$ & $0.0263612$ & $0.016228$ & $0.319881$ & $0.0547577$ & $-0.683911$ & $0.0680872$ & $0.136752$ & $-0.14624$ & $0.535875$ & $-0.382416$ & $-0.0417966$ & $0.0136103$ & $0.279459$ & $0.328561$ & $-0.344775$ & $0.168699$ & $0.20807$ & $0.102875$ & $-0.143094$ & $0.200223$ \\
CHL1_33 & $-0.15589$ & $0.248589$ & $-0.0470346$ & $0.0216157$ & $-0.121676$ & $0.101532$ & $-0.0134941$ & $0.168521$ & $0.152431$ & $-0.187029$ & $-0.358525$ & $-0.114627$ & $-0.253028$ & $0.182184$ & $0.290688$ & $1$ & $0.23404$ & $0.159668$ & $-0.327416$ & $0.426604$ & $0.268498$ & $0.298157$ & $-0.00241163$ & $0.228872$ & $0.219852$ & $-0.0666591$ & $-0.132639$ & $-0.0223032$ & $-0.0318947$ & $0.0290413$ & $-0.0282939$ & $0.229211$ & $0.0620712$ & $-0.0786484$ & $-0.158256$ & $0.0079547$ & $-0.210867$ & $0.197872$ & $0.0746489$ & $0.000544337$ & $-0.101741$ & $0.0494556$ & $0.0730595$ & $-0.306611$ & $0.282896$ & $0.118385$ & $-0.0475444$ & $-0.117484$ & $0.165586$ \\
CHL3_11 & $0.00310007$ & $0.140101$ & $0.0486128$ & $-0.01614$ & $-0.28816$ & $-0.133115$ & $0.0719721$ & $-0.29848$ & $-0.290238$ & $0.233729$ & $-0.406784$ & $-0.31108$ & $-0.27961$ & $0.499827$ & $0.325199$ & $0.23404$ & $1$ & $0.708275$ & $0.712381$ & $0.444644$ & $0.365607$ & $0.301076$ & $0.0844719$ & $0.680981$ & $0.819355$ & $-0.233036$ & $-0.202922$ & $0.0512698$ & $0.00598709$ & $0.0420491$ & $-0.0373172$ & $0.416337$ & $0.0941196$ & $-0.330442$ & $-0.377477$ & $0.349795$ & $-0.229605$ & $0.351157$ & $-0.313595$ & $0.23927$ & $-0.0692438$ & $0.0245837$ & $-0.130565$ & $-0.494344$ & $-0.116519$ & $-0.058491$ & $0.162522$ & $-0.103855$ & $0.154294$ \\
CHL3_22 & $0.0136821$ & $-0.0354323$ & $0.2383$ & $0.0344511$ & $0.093807$ & $0.111867$ & $0.07401$ & $-0.452352$ & $-0.421135$ & $0.237088$ & $-0.212816$ & $-0.333118$ & $-0.183756$ & $0.699749$ & $-0.254507$ & $0.159668$ & $0.708275$ & $1$ & $0.665969$ & $0.247502$ & $0.194229$ & $0.139529$ & $0.149769$ & $0.660681$ & $0.811451$ & $-0.229049$ & $-0.112589$ & $0.0114092$ & $0.010283$ & $0.0524562$ & $-0.0238528$ & $0.336616$ & $0.105302$ & $-0.0958423$ & $-0.411725$ & $0.34408$ & $-0.181656$ & $0.150398$ & $-0.123725$ & $0.270435$ & $-0.141129$ & $-0.111208$ & $-0.256763$ & $-0.392577$ & $-0.20836$ & $-0.204486$ & $0.173907$ & $-0.0191466$ & $0.110127$ \\
CHL3_33 & $0.0740825$ & $0.0315829$ & $0.0172373$ & $-0.00485328$ & $-0.195574$ & $-0.0110099$ & $0.0624792$ & $-0.381043$ & $-0.366399$ & $0.30176$ & $-0.254044$ & $-0.311252$ & $-0.107038$ & $0.66359$ & $0.18109$ & $-0.327416$ & $0.712381$ & $0.665969$ & $1$ & $0.270811$ & $0.254003$ & $0.213535$ & $0.124641$ & $0.602059$ & $0.726928$ & $-0.242739$ & $-0.172484$ & $0.0883509$ & $0.0254897$ & $0.0545446$ & $0.00835659$ & $0.359119$ & $0.0967233$ & $-0.470037$ & $-0.250106$ & $0.415451$ & $-0.116493$ & $0.334475$ & $-0.408892$ & $0.234273$ & $-0.0661458$ & $0.0567693$ & $-0.10013$ & $-0.392109$ & $-0.261063$ & $-0.122789$ & $0.236351$ & $-0.0276193$ & $0.109307$ \\
CHe_11 & $-0.17096$ & $0.0900376$ & $-0.243079$ & $0.0506889$ & $-0.243091$ & $0.281932$ & $-0.0226083$ & $0.620097$ & $0.570708$ & $-0.435092$ & $-0.978168$ & $-0.339119$ & $-0.0228016$ & $0.593716$ & $0.544852$ & $0.426604$ & $0.444644$ & $0.247502$ & $0.270811$ & $1$ & $0.952564$ & $0.872279$ & $-0.0654189$ & $0.208331$ & $0.292824$ & $-0.293579$ & $-0.0914717$ & $0.315974$ & $-0.00684748$ & $0.157755$ & $0.0619046$ & $0.512752$ & $0.240644$ & $-0.108303$ & $0.0999017$ & $0.18768$ & $0.183295$ & $0.440359$ & $-0.273529$ & $-0.360546$ & $-0.348222$ & $0.19062$ & $0.272171$ & $-0.566169$ & $0.320052$ & $0.120041$ & $-0.0737283$ & $-0.13609$ & $0.347468$ \\
CHe_22 & $-0.162563$ & $-0.0125848$ & $-0.231906$ & $0.060966$ & $-0.145381$ & $0.302054$ & $-0.035149$ & $0.720133$ & $0.667547$ & $-0.494909$ & $-0.982794$ & $-0.328117$ & $0.0845777$ & $0.542276$ & $0.419973$ & $0.268498$ & $0.365607$ & $0.194229$ & $0.254003$ & $0.952564$ & $1$ & $0.904571$ & $-0.0850278$ & $0.0654152$ & $0.170442$ & $-0.283995$ & $-0.00783505$ & $0.358611$ & $-0.00186963$ & $0.184143$ & $0.0778753$ & $0.45829$ & $0.265356$ & $0.0738927$ & $0.18467$ & $0.160528$ & $0.315928$ & $0.352243$ & $-0.249525$ & $-0.463032$ & $-0.384046$ & $0.181661$ & $0.27089$ & $-0.500239$ & $0.312405$ & $0.104039$ & $-0.122613$ & $-0.107414$ & $0.339428$ \\
CHe_33 & $-0.176201$ & $-0.00328557$ & $-0.222938$ & $0.0464833$ & $-0.120678$ & $0.260672$ & $-0.0358985$ & $0.695779$ & $0.650634$ & $-0.527823$ & $-0.899718$ & $-0.272688$ & $0.108942$ & $0.453026$ & $0.383309$ & $0.298157$ & $0.301076$ & $0.139529$ & $0.213535$ & $0.872279$ & $0.904571$ & $1$ & $-0.0720875$ & $0.0241502$ & $0.116173$ & $-0.236527$ & $0.0363241$ & $0.332962$ & $-0.00277773$ & $0.187472$ & $0.0836042$ & $0.402535$ & $0.266224$ & $0.106565$ & $0.190029$ & $0.13461$ & $0.339242$ & $0.297904$ & $-0.201214$ & $-0.461958$ & $-0.386944$ & $0.203151$ & $0.260521$ & $-0.482094$ & $0.3826$ & $0.133917$ & $-0.189679$ & $-0.0782047$ & $0.318354$ \\
CHQ1_11 & $0.104961$ & $0.184978$ & $-0.163386$ & $0.236461$ & $0.854342$ & $0.00980072$ & $-0.0855455$ & $-0.180786$ & $-0.181061$ & $0.0147127$ & $0.077393$ & $-0.209091$ & $-0.0210002$ & $0.107543$ & $-0.0455249$ & $-0.00241163$ & $0.0844719$ & $0.149769$ & $0.124641$ & $-0.0654189$ & $-0.0850278$ & $-0.0720875$ & $1$ & $0.154783$ & $0.221515$ & $-0.793968$ & $0.192625$ & $0.124157$ & $-0.00424533$ & $0.0551791$ & $0.11985$ & $-0.295776$ & $0.068993$ & $-0.0995276$ & $-0.284413$ & $0.414431$ & $-0.350037$ & $0.128169$ & $0.296944$ & $0.470324$ & $-0.291615$ & $0.535001$ & $0.0969907$ & $-0.198826$ & $-0.190948$ & $0.288169$ & $0.183592$ & $0.178496$ & $0.236689$ \\
CHQ1_33 & $-0.0442312$ & $0.184404$ & $0.0554574$ & $-0.0378575$ & $-0.265651$ & $-0.033422$ & $0.0507$ & $-0.499751$ & $-0.475114$ & $0.307792$ & $-0.131074$ & $-0.203224$ & $-0.240957$ & $0.565458$ & $0.222795$ & $0.228872$ & $0.680981$ & $0.660681$ & $0.602059$ & $0.208331$ & $0.0654152$ & $0.0241502$ & $0.154783$ & $1$ & $0.732686$ & $-0.23$ & $-0.150322$ & $0.0749868$ & $0.0127469$ & $0.0327516$ & $-0.019654$ & $0.326769$ & $0.0729448$ & $-0.539282$ & $-0.465305$ & $0.392591$ & $-0.328773$ & $0.351202$ & $-0.231807$ & $0.435776$ & $0.0409639$ & $0.0394787$ & $-0.1556$ & $-0.400234$ & $-0.114869$ & $0.00204177$ & $0.177069$ & $-0.0418305$ & $0.0873266$ \\
CHQ3_11 & $-0.140529$ & $0.075957$ & $0.0731934$ & $-0.0116396$ & $-0.266239$ & $-0.0319836$ & $0.0437718$ & $-0.499627$ & $-0.483479$ & $0.265038$ & $-0.22809$ & $-0.271211$ & $-0.154627$ & $0.666261$ & $0.179203$ & $0.219852$ & $0.819355$ & $0.811451$ & $0.726928$ & $0.292824$ & $0.170442$ & $0.116173$ & $0.221515$ & $0.732686$ & $1$ & $-0.282204$ & $0.0071851$ & $0.0319768$ & $0.0083397$ & $0.0584994$ & $0.00458687$ & $0.335042$ & $0.119079$ & $-0.485431$ & $-0.5363$ & $0.469144$ & $-0.266939$ & $0.273$ & $-0.27498$ & $0.431114$ & $-0.0505072$ & $0.0452675$ & $-0.283252$ & $-0.513539$ & $-0.140899$ & $0.0656231$ & $0.0932847$ & $-0.090514$ & $0.0471469$ \\
CHu_11 & $-0.170551$ & $-0.233641$ & $0.225919$ & $-0.229825$ & $-0.708231$ & $-0.123902$ & $0.0589074$ & $-0.0733664$ & $-0.053248$ & $0.10614$ & $0.291182$ & $0.288876$ & $0.102768$ & $-0.32728$ & $-0.130951$ & $-0.0666591$ & $-0.233036$ & $-0.229049$ & $-0.242739$ & $-0.293579$ & $-0.283995$ & $-0.236527$ & $-0.793968$ & $-0.23$ & $-0.282204$ & $1$ & $0.0181206$ & $-0.233968$ & $0.00541951$ & $-0.127708$ & $-0.108052$ & $0.0237146$ & $-0.151379$ & $0.104651$ & $0.124205$ & $-0.373637$ & $0.276259$ & $-0.316785$ & $-0.161064$ & $-0.200463$ & $0.401092$ & $-0.482275$ & $-0.268512$ & $0.318913$ & $0.0865193$ & $-0.143444$ & $-0.25175$ & $-0.1414$ & $-0.391905$ \\
CHd_11 & $-0.571188$ & $-0.39445$ & $0.00377707$ & $-0.0251042$ & $-0.0122336$ & $-0.036326$ & $-0.103193$ & $0.167176$ & $0.155867$ & $-0.373869$ & $0.0520342$ & $0.203076$ & $0.627808$ & $-0.221632$ & $-0.279524$ & $-0.132639$ & $-0.202922$ & $-0.112589$ & $-0.172484$ & $-0.0914717$ & $-0.00783505$ & $0.0363241$ & $0.192625$ & $-0.150322$ & $0.0071851$ & $0.0181206$ & $1$ & $0.153029$ & $0.0166198$ & $0.110053$ & $0.118714$ & $-0.322163$ & $0.13948$ & $0.392223$ & $-0.229349$ & $0.190321$ & $0.454832$ & $-0.418432$ & $0.127969$ & $0.049684$ & $-0.0749261$ & $0.136207$ & $-0.398032$ & $-0.0476235$ & $0.259077$ & $0.588869$ & $-0.674868$ & $0.00357144$ & $-0.28429$ \\
CHd_33 & $-0.0786088$ & $-0.016227$ & $-0.0250401$ & $0.0629035$ & $0.450134$ & $0.226295$ & $-0.0899798$ & $0.310992$ & $0.299121$ & $-0.338274$ & $-0.337291$ & $-0.013339$ & $0.127484$ & $0.149835$ & $0.100349$ & $-0.0223032$ & $0.0512698$ & $0.0114092$ & $0.0883509$ & $0.315974$ & $0.358611$ & $0.332962$ & $0.124157$ & $0.0749868$ & $0.0319768$ & $-0.233968$ & $0.153029$ & $1$ & $0.0147766$ & $0.17058$ & $0.161369$ & $0.164219$ & $0.26439$ & $0.0921861$ & $-0.0357825$ & $0.098402$ & $0.161291$ & $0.131616$ & $0.152654$ & $-0.0872627$ & $-0.288924$ & $0.197075$ & $0.0679229$ & $-0.221986$ & $0.243149$ & $0.143598$ & $-0.043556$ & $0.0458465$ & $0.236086$ \\
CeH_22r & $-0.010653$ & $-0.00680123$ & $0.00103562$ & $0.00411273$ & $-0.00851892$ & $0.000614967$ & $0.0502896$ & $-0.0100736$ & $0.000131382$ & $-0.00136088$ & $0.00455214$ & $0.0270823$ & $0.00996883$ & $0.00555923$ & $-0.0121704$ & $-0.0318947$ & $0.00598709$ & $0.010283$ & $0.0254897$ & $-0.00684748$ & $-0.00186963$ & $-0.00277773$ & $-0.00424533$ & $0.0127469$ & $0.0083397$ & $0.00541951$ & $0.0166198$ & $0.0147766$ & $1$ & $0.0270866$ & $0.00848871$ & $0.00859209$ & $0.0420306$ & $0.00124159$ & $-0.0166508$ & $0.00336762$ & $0.00429698$ & $0.00443881$ & $-0.0014356$ & $0.0146391$ & $0.0107977$ & $0.0185008$ & $-0.0227208$ & $-0.00812416$ & $-0.00400167$ & $0.00809268$ & $-0.00490542$ & $-0.0162538$ & $-0.005947$ \\
CeH_33r & $-0.138163$ & $-0.0508937$ & $-0.0120166$ & $0.05984$ & $-0.0376986$ & $0.0865795$ & $-0.385024$ & $0.13743$ & $0.149225$ & $-0.281596$ & $-0.176003$ & $-0.0405609$ & $-0.00415746$ & $0.123667$ & $0.0263612$ & $0.0290413$ & $0.0420491$ & $0.0524562$ & $0.0545446$ & $0.157755$ & $0.184143$ & $0.187472$ & $0.0551791$ & $0.0327516$ & $0.0584994$ & $-0.127708$ & $0.110053$ & $0.17058$ & $0.0270866$ & $1$ & $0.330934$ & $0.157067$ & $0.672254$ & $0.048256$ & $0.0148418$ & $0.0304702$ & $0.0346755$ & $0.109373$ & $0.0615213$ & $-0.0612929$ & $-0.0906417$ & $0.0882519$ & $-0.00445836$ & $-0.129948$ & $0.187435$ & $0.140392$ & $-0.120397$ & $-0.102025$ & $0.0193279$ \\
CuH_22r & $-0.088681$ & $-0.0764236$ & $-0.0533578$ & $0.053926$ & $0.108561$ & $0.0584585$ & $-0.304073$ & $0.0854291$ & $0.0873232$ & $-0.167286$ & $-0.0694534$ & $-0.0626093$ & $0.0670488$ & $0.0375612$ & $0.016228$ & $-0.0282939$ & $-0.0373172$ & $-0.0238528$ & $0.00835659$ & $0.0619046$ & $0.0778753$ & $0.0836042$ & $0.11985$ & $-0.019654$ & $0.00458687$ & $-0.108052$ & $0.118714$ & $0.161369$ & $0.00848871$ & $0.330934$ & $1$ & $0.0565185$ & $0.461131$ & $0.0133518$ & $-0.00528679$ & $0.0330992$ & $-0.00115052$ & $0.0326574$ & $0.10889$ & $-0.0114403$ & $-0.0934279$ & $0.108187$ & $0.012775$ & $-0.0795458$ & $0.0801148$ & $0.165718$ & $-0.0808935$ & $-0.0509513$ & $0.0086926$ \\
CuH_33r & $-0.0882481$ & $-0.026499$ & $-0.0242642$ & $-0.0732323$ & $-0.567941$ & $0.178284$ & $0.0427828$ & $0.11122$ & $0.109398$ & $-0.143595$ & $-0.49277$ & $-0.171036$ & $-0.141729$ & $0.498911$ & $0.319881$ & $0.229211$ & $0.416337$ & $0.336616$ & $0.359119$ & $0.512752$ & $0.45829$ & $0.402535$ & $-0.295776$ & $0.326769$ & $0.335042$ & $0.0237146$ & $-0.322163$ & $0.164219$ & $0.00859209$ & $0.157067$ & $0.0565185$ & $1$ & $0.237914$ & $-0.252349$ & $-0.0597115$ & $0.244988$ & $-0.0684728$ & $0.51097$ & $-0.383232$ & $-0.144333$ & $0.0167685$ & $-0.0867407$ & $-0.107837$ & $-0.538708$ & $0.324209$ & $-0.133143$ & $0.122991$ & $-0.141556$ & $0.203047$ \\
CdH_33r & $-0.169472$ & $-0.077843$ & $-0.0313941$ & $0.0652855$ & $-0.0317652$ & $0.107654$ & $-0.542321$ & $0.172442$ & $0.190102$ & $-0.364839$ & $-0.260294$ & $-0.040156$ & $0.0150417$ & $0.197803$ & $0.0547577$ & $0.0620712$ & $0.0941196$ & $0.105302$ & $0.0967233$ & $0.240644$ & $0.265356$ & $0.266224$ & $0.068993$ & $0.0729448$ & $0.119079$ & $-0.151379$ & $0.13948$ & $0.26439$ & $0.0420306$ & $0.672254$ & $0.461131$ & $0.237914$ & $1$ & $0.0376531$ & $-0.00203117$ & $0.0571685$ & $0.0516956$ & $0.153744$ & $0.0829759$ & $-0.090662$ & $-0.135066$ & $0.111374$ & $-0.0152536$ & $-0.204798$ & $0.269961$ & $0.167768$ & $-0.15993$ & $-0.10085$ & $0.0634242$ \\
CLL_1221 & $-0.0724159$ & $-0.363736$ & $0.204217$ & $0.046581$ & $0.520425$ & $0.0735526$ & $-0.0242141$ & $0.398875$ & $0.398363$ & $-0.378333$ & $0.0219963$ & $0.140471$ & $0.302211$ & $-0.426626$ & $-0.683911$ & $-0.0786484$ & $-0.330442$ & $-0.0958423$ & $-0.470037$ & $-0.108303$ & $0.0738927$ & $0.106565$ & $-0.0995276$ & $-0.539282$ & $-0.485431$ & $0.104651$ & $0.392223$ & $0.0921861$ & $0.00124159$ & $0.048256$ & $0.0133518$ & $-0.252349$ & $0.0376531$ & $1$ & $0.190741$ & $-0.261723$ & $0.444049$ & $-0.493848$ & $0.377468$ & $-0.384801$ & $-0.180855$ & $-0.160112$ & $-0.111243$ & $0.255324$ & $0.16161$ & $-0.0383579$ & $-0.33626$ & $0.0856979$ & $-0.0679993$ \\
eHggint & $0.40334$ & $-0.168232$ & $-0.219268$ & $0.00787382$ & $0.0540925$ & $0.114005$ & $-0.0209991$ & $0.464131$ & $0.431224$ & $-0.257519$ & $-0.149313$ & $0.0122507$ & $0.0900734$ & $-0.146323$ & $0.0680872$ & $-0.158256$ & $-0.377477$ & $-0.411725$ & $-0.250106$ & $0.0999017$ & $0.18467$ & $0.190029$ & $-0.284413$ & $-0.465305$ & $-0.5363$ & $0.124205$ & $-0.229349$ & $-0.0357825$ & $-0.0166508$ & $0.0148418$ & $-0.00528679$ & $-0.0597115$ & $-0.00203117$ & $0.190741$ & $1$ & $-0.349154$ & $0.355929$ & $-0.0357642$ & $-0.0457753$ & $-0.698419$ & $-0.10015$ & $-0.0940627$ & $0.558515$ & $0.38123$ & $0.172233$ & $-0.280927$ & $0.0772764$ & $0.257008$ & $0.159438$ \\
eHggpar & $-0.0688887$ & $-0.176292$ & $-0.370203$ & $-0.0244943$ & $-0.170898$ & $0.0463898$ & $-0.0186642$ & $-0.152286$ & $-0.171315$ & $0.185119$ & $-0.182823$ & $-0.0335055$ & $0.32102$ & $0.39934$ & $0.136752$ & $0.0079547$ & $0.349795$ & $0.34408$ & $0.415451$ & $0.18768$ & $0.160528$ & $0.13461$ & $0.414431$ & $0.392591$ & $0.469144$ & $-0.373637$ & $0.190321$ & $0.098402$ & $0.00336762$ & $0.0304702$ & $0.0330992$ & $0.244988$ & $0.0571685$ & $-0.261723$ & $-0.349154$ & $1$ & $0.0223589$ & $0.244249$ & $-0.390304$ & $0.435843$ & $0.016555$ & $0.537937$ & $-0.115038$ & $-0.413347$ & $-0.0382745$ & $0.217161$ & $0.11711$ & $0.255575$ & $0.371978$ \\
eHWWint & $-0.212114$ & $-0.594724$ & $-0.133861$ & $-0.15826$ & $-0.273953$ & $0.226609$ & $-0.0223274$ & $0.491378$ & $0.463478$ & $-0.332264$ & $-0.253454$ & $0.286378$ & $0.697421$ & $-0.0838877$ & $-0.14624$ & $-0.210867$ & $-0.229605$ & $-0.181656$ & $-0.116493$ & $0.183295$ & $0.315928$ & $0.339242$ & $-0.350037$ & $-0.328773$ & $-0.266939$ & $0.276259$ & $0.454832$ & $0.161291$ & $0.00429698$ & $0.0346755$ & $-0.00115052$ & $-0.0684728$ & $0.0516956$ & $0.444049$ & $0.355929$ & $0.0223589$ & $1$ & $-0.36068$ & $-0.193347$ & $-0.567936$ & $-0.0564803$ & $-0.0192458$ & $0.0250855$ & $0.145937$ & $0.345738$ & $-0.00316345$ & $-0.454$ & $0.270217$ & $0.0415915$ \\
eHWWpar & $0.0320943$ & $0.428731$ & $-0.226859$ & $0.0432996$ & $-0.419706$ & $0.0749817$ & $0.00586351$ & $0.0637327$ & $0.0566156$ & $-0.0309945$ & $-0.408029$ & $-0.281375$ & $-0.405608$ & $0.445735$ & $0.535875$ & $0.197872$ & $0.351157$ & $0.150398$ & $0.334475$ & $0.440359$ & $0.352243$ & $0.297904$ & $0.128169$ & $0.351202$ & $0.273$ & $-0.316785$ & $-0.418432$ & $0.131616$ & $0.00443881$ & $0.109373$ & $0.0326574$ & $0.51097$ & $0.153744$ & $-0.493848$ & $-0.0357642$ & $0.244249$ & $-0.36068$ & $1$ & $-0.252299$ & $0.107121$ & $0.0773533$ & $0.356784$ & $0.376051$ & $-0.389936$ & $0.150657$ & $0.0872374$ & $0.278558$ & $-0.250281$ & $0.301801$ \\
eHZZint & $0.187664$ & $0.064086$ & $0.232664$ & $0.175639$ & $1.18735$ & $0.0239664$ & $-0.0716136$ & $0.00472366$ & $0.0341252$ & $-0.226657$ & $0.272629$ & $0.113573$ & $-0.103092$ & $-0.330442$ & $-0.382416$ & $0.0746489$ & $-0.313595$ & $-0.123725$ & $-0.408892$ & $-0.273529$ & $-0.249525$ & $-0.201214$ & $0.296944$ & $-0.231807$ & $-0.27498$ & $-0.161064$ & $0.127969$ & $0.152654$ & $-0.0014356$ & $0.0615213$ & $0.10889$ & $-0.383232$ & $0.0829759$ & $0.377468$ & $-0.0457753$ & $-0.390304$ & $-0.193347$ & $-0.252299$ & $1$ & $0.0533187$ & $-0.281821$ & $-0.0768273$ & $0.0220094$ & $0.293104$ & $0.0983864$ & $0.0395231$ & $0.0335124$ & $0.015679$ & $0.0715492$ \\
eHZZpar & $-0.0942224$ & $0.163749$ & $0.0274561$ & $0.0250973$ & $-0.0174754$ & $-0.29392$ & $0.00966262$ & $-0.662654$ & $-0.63014$ & $0.476103$ & $0.417171$ & $0.017314$ & $-0.20538$ & $0.0482347$ & $-0.0417966$ & $0.000544337$ & $0.23927$ & $0.270435$ & $0.234273$ & $-0.360546$ & $-0.463032$ & $-0.461958$ & $0.470324$ & $0.435776$ & $0.431114$ & $-0.200463$ & $0.049684$ & $-0.0872627$ & $0.0146391$ & $-0.0612929$ & $-0.0114403$ & $-0.144333$ & $-0.090662$ & $-0.384801$ & $-0.698419$ & $0.435843$ & $-0.567936$ & $0.107121$ & $0.0533187$ & $1$ & $0.344983$ & $0.298614$ & $-0.263009$ & $-0.0658236$ & $-0.305455$ & $0.314614$ & $0.157138$ & $-0.161156$ & $-0.0697591$ \\
eHZgaint & $-0.139835$ & $-0.134489$ & $-0.0922811$ & $-0.28286$ & $-1.21337$ & $-0.374081$ & $0.0414018$ & $-0.302933$ & $-0.295172$ & $0.34776$ & $0.363009$ & $0.335634$ & $-0.0531489$ & $-0.227095$ & $0.0136103$ & $-0.101741$ & $-0.0692438$ & $-0.141129$ & $-0.0661458$ & $-0.348222$ & $-0.384046$ & $-0.386944$ & $-0.291615$ & $0.0409639$ & $-0.0505072$ & $0.401092$ & $-0.0749261$ & $-0.288924$ & $0.0107977$ & $-0.0906417$ & $-0.0934279$ & $0.0167685$ & $-0.135066$ & $-0.180855$ & $-0.10015$ & $0.016555$ & $-0.0564803$ & $0.0773533$ & $-0.281821$ & $0.344983$ & $1$ & $0.00272744$ & $-0.131859$ & $0.32947$ & $-0.0314395$ & $0.0762216$ & $-0.0648533$ & $-0.173385$ & $-0.169352$ \\
eHZgapar & $-0.0461073$ & $0.0662129$ & $-0.517937$ & $0.151115$ & $0.228508$ & $0.0195455$ & $-0.0852256$ & $0.171617$ & $0.150446$ & $-0.118441$ & $-0.196015$ & $-0.0115111$ & $0.168737$ & $0.10485$ & $0.279459$ & $0.0494556$ & $0.0245837$ & $-0.111208$ & $0.0567693$ & $0.19062$ & $0.181661$ & $0.203151$ & $0.535001$ & $0.0394787$ & $0.0452675$ & $-0.482275$ & $0.136207$ & $0.197075$ & $0.0185008$ & $0.0882519$ & $0.108187$ & $-0.0867407$ & $0.111374$ & $-0.160112$ & $-0.0940627$ & $0.537937$ & $-0.0192458$ & $0.356784$ & $-0.0768273$ & $0.298614$ & $0.00272744$ & $1$ & $0.409435$ & $-0.126241$ & $0.0783172$ & $0.456139$ & $0.108744$ & $0.00845839$ & $0.425892$ \\
eHgagaint & $0.37899$ & $0.212343$ & $-0.370681$ & $0.121886$ & $0.219409$ & $0.0624817$ & $-0.00656031$ & $0.365372$ & $0.34921$ & $-0.129757$ & $-0.281564$ & $-0.125262$ & $-0.149356$ & $0.079384$ & $0.328561$ & $0.0730595$ & $-0.130565$ & $-0.256763$ & $-0.10013$ & $0.272171$ & $0.27089$ & $0.260521$ & $0.0969907$ & $-0.1556$ & $-0.283252$ & $-0.268512$ & $-0.398032$ & $0.0679229$ & $-0.0227208$ & $-0.00445836$ & $0.012775$ & $-0.107837$ & $-0.0152536$ & $-0.111243$ & $0.558515$ & $-0.115038$ & $0.0250855$ & $0.376051$ & $0.0220094$ & $-0.263009$ & $-0.131859$ & $0.409435$ & $1$ & $0.231887$ & $0.0625078$ & $-0.0083292$ & $0.291273$ & $0.0706822$ & $0.388539$ \\
eHmumuint & $0.300427$ & $-0.256664$ & $0.047982$ & $-0.0490092$ & $0.137219$ & $-0.153888$ & $-0.00499592$ & $-0.108817$ & $-0.0952287$ & $0.210815$ & $0.53857$ & $0.370174$ & $0.0736887$ & $-0.530442$ & $-0.344775$ & $-0.306611$ & $-0.494344$ & $-0.392577$ & $-0.392109$ & $-0.566169$ & $-0.500239$ & $-0.482094$ & $-0.198826$ & $-0.400234$ & $-0.513539$ & $0.318913$ & $-0.0476235$ & $-0.221986$ & $-0.00812416$ & $-0.129948$ & $-0.0795458$ & $-0.538708$ & $-0.204798$ & $0.255324$ & $0.38123$ & $-0.413347$ & $0.145937$ & $-0.389936$ & $0.293104$ & $-0.0658236$ & $0.32947$ & $-0.126241$ & $0.231887$ & $1$ & $-0.148656$ & $-0.166554$ & $0.121465$ & $0.14964$ & $-0.083366$ \\
eHtautauint & $-0.313485$ & $-0.142253$ & $-0.103824$ & $-0.0850408$ & $-0.395752$ & $0.133527$ & $-0.0458872$ & $0.452272$ & $0.441277$ & $-0.642348$ & $-0.322886$ & $0.271189$ & $0.184319$ & $-0.0591198$ & $0.168699$ & $0.282896$ & $-0.116519$ & $-0.20836$ & $-0.261063$ & $0.320052$ & $0.312405$ & $0.3826$ & $-0.190948$ & $-0.114869$ & $-0.140899$ & $0.0865193$ & $0.259077$ & $0.243149$ & $-0.00400167$ & $0.187435$ & $0.0801148$ & $0.324209$ & $0.269961$ & $0.16161$ & $0.172233$ & $-0.0382745$ & $0.345738$ & $0.150657$ & $0.0983864$ & $-0.305455$ & $-0.0314395$ & $0.0783172$ & $0.0625078$ & $-0.148656$ & $1$ & $0.278153$ & $-0.476557$ & $-0.0594681$ & $0.0713388$ \\
eHccint & $-0.610978$ & $0.0290274$ & $-0.227646$ & $0.0643474$ & $-0.303643$ & $-0.0929621$ & $-0.122904$ & $0.195691$ & $0.174151$ & $-0.360562$ & $-0.117975$ & $0.0383959$ & $0.272985$ & $-0.0822245$ & $0.20807$ & $0.118385$ & $-0.058491$ & $-0.204486$ & $-0.122789$ & $0.120041$ & $0.104039$ & $0.133917$ & $0.288169$ & $0.00204177$ & $0.0656231$ & $-0.143444$ & $0.588869$ & $0.143598$ & $0.00809268$ & $0.140392$ & $0.165718$ & $-0.133143$ & $0.167768$ & $-0.0383579$ & $-0.280927$ & $0.217161$ & $-0.00316345$ & $0.0872374$ & $0.0395231$ & $0.314614$ & $0.0762216$ & $0.456139$ & $-0.0083292$ & $-0.166554$ & $0.278153$ & $1$ & $-0.53518$ & $-0.477705$ & $-0.24998$ \\
eHccpar & $0.740369$ & $0.14666$ & $-0.083171$ & $0.104596$ & $0.734233$ & $0.0468874$ & $0.0846436$ & $-0.297216$ & $-0.288405$ & $0.470396$ & $0.0967938$ & $-0.130901$ & $-0.349943$ & $0.2123$ & $0.102875$ & $-0.0475444$ & $0.162522$ & $0.173907$ & $0.236351$ & $-0.0737283$ & $-0.122613$ & $-0.189679$ & $0.183592$ & $0.177069$ & $0.0932847$ & $-0.25175$ & $-0.674868$ & $-0.043556$ & $-0.00490542$ & $-0.120397$ & $-0.0808935$ & $0.122991$ & $-0.15993$ & $-0.33626$ & $0.0772764$ & $0.11711$ & $-0.454$ & $0.278558$ & $0.0335124$ & $0.157138$ & $-0.0648533$ & $0.108744$ & $0.291273$ & $0.121465$ & $-0.476557$ & $-0.53518$ & $1$ & $0.319577$ & $0.548737$ \\
eHbbint & $0.542951$ & $-0.318389$ & $-0.13173$ & $-0.0898163$ & $0.545213$ & $0.090254$ & $0.0329836$ & $-0.0466158$ & $-0.0510935$ & $0.136615$ & $0.123056$ & $0.169743$ & $0.247834$ & $-0.055451$ & $-0.143094$ & $-0.117484$ & $-0.103855$ & $-0.0191466$ & $-0.0276193$ & $-0.13609$ & $-0.107414$ & $-0.0782047$ & $0.178496$ & $-0.0418305$ & $-0.090514$ & $-0.1414$ & $0.00357144$ & $0.0458465$ & $-0.0162538$ & $-0.102025$ & $-0.0509513$ & $-0.141556$ & $-0.10085$ & $0.0856979$ & $0.257008$ & $0.255575$ & $0.270217$ & $-0.250281$ & $0.015679$ & $-0.161156$ & $-0.173385$ & $0.00845839$ & $0.0706822$ & $0.14964$ & $-0.0594681$ & $-0.477705$ & $0.319577$ & $1$ & $0.51937$ \\
eHbbpar & $0.566274$ & $-0.14464$ & $-0.388683$ & $0.0358878$ & $0.529376$ & $0.161077$ & $0.0171273$ & $0.21028$ & $0.18891$ & $-0.00810669$ & $-0.352949$ & $0.0292673$ & $0.00964647$ & $0.278991$ & $0.200223$ & $0.165586$ & $0.154294$ & $0.110127$ & $0.109307$ & $0.347468$ & $0.339428$ & $0.318354$ & $0.236689$ & $0.0873266$ & $0.0471469$ & $-0.391905$ & $-0.28429$ & $0.236086$ & $-0.005947$ & $0.0193279$ & $0.0086926$ & $0.203047$ & $0.0634242$ & $-0.0679993$ & $0.159438$ & $0.371978$ & $0.0415915$ & $0.301801$ & $0.0715492$ & $-0.0697591$ & $-0.169352$ & $0.425892$ & $0.388539$ & $-0.083366$ & $0.0713388$ & $-0.24998$ & $0.548737$ & $0.51937$ & $1$ \\
