 & AlsMz & dAle5Mz & mtop & mHl & Mz & CW & CHG & CHWB & CHWHB_gaga & CHWHB_gagaorth & CHD & CHbox & CH & CHL1_11 & CHL1_22 & CHL1_33 & CHL3_11 & CHL3_22 & CHL3_33 & CHe_11 & CHe_22 & CHe_33 & CHQ1_11 & CHQ1_33 & CHQ3_11 & CHu_11 & CHd_11 & CHd_33 & CeH_22r & CeH_33r & CuH_22r & CuH_33r & CdH_33r & CLL_1221 & eHggint & eHggpar & eHWWint & eHWWpar & eHZZint & eHZZpar & eHZgaint & eHZgapar & eHgagaint & eHmumuint & eHtautauint & eHccint & eHccpar & eHbbint & eHbbpar \\
AlsMz & $1$ & $0.0396652$ & $0.0350701$ & $0.0216226$ & $-0.00808197$ & $-0.00334285$ & $0.00282712$ & $0.00456499$ & $0.00534283$ & $-0.0230065$ & $-0.0182228$ & $-0.0251641$ & $0.020899$ & $0.0100955$ & $0.0171477$ & $0.00769056$ & $0.0131092$ & $-0.00176939$ & $0.0065788$ & $0.0110536$ & $0.00888196$ & $0.0172435$ & $0.00562636$ & $-0.0545687$ & $-0.109337$ & $-0.051652$ & $-0.0330961$ & $-0.00126951$ & $-0.0104056$ & $0.0133977$ & $-0.00459713$ & $0.00102485$ & $0.00914811$ & $-0.00678504$ & $-0.0504528$ & $-0.00131805$ & $-0.0360297$ & $-0.0148479$ & $0.05301$ & $0.00185065$ & $0.0242653$ & $-0.0112876$ & $0.0210434$ & $-0.0763985$ & $0.00203402$ & $-0.020696$ & $-0.0015288$ & $0.0197434$ & $-0.0200538$ \\
dAle5Mz & $0.0396652$ & $1$ & $0.039182$ & $-0.13865$ & $-0.0254908$ & $0.0125507$ & $0.0149921$ & $-0.0811725$ & $-0.075642$ & $0.0258245$ & $0.0577525$ & $0.0577702$ & $-0.0272718$ & $-0.00679719$ & $-0.00555021$ & $-0.00901002$ & $0.0156516$ & $0.0149101$ & $0.0127265$ & $-0.0328794$ & $-0.0351215$ & $-0.0357375$ & $-0.0162579$ & $0.0218741$ & $0.00592372$ & $0.0238216$ & $-0.0293059$ & $-0.0239633$ & $0.0067424$ & $-0.00860567$ & $0.00668176$ & $0.016021$ & $-0.00948337$ & $0.00294204$ & $-0.0253006$ & $0.0907235$ & $-0.0540119$ & $-0.0324641$ & $0.0644063$ & $-0.00773025$ & $-0.01021$ & $-0.0224619$ & $-0.0304637$ & $-0.0985227$ & $-0.0952369$ & $0.125217$ & $-0.0321806$ & $0.0232023$ & $-0.0528051$ \\
mtop & $0.0350701$ & $0.039182$ & $1$ & $-0.0331513$ & $0.000639949$ & $-0.0148763$ & $-0.00226964$ & $0.00308763$ & $0.00314829$ & $-0.00477231$ & $0.00847612$ & $0.0132051$ & $-0.0130309$ & $-0.0169494$ & $0.000383268$ & $-0.021132$ & $-0.00171985$ & $-0.0101039$ & $0.00475863$ & $0.000758928$ & $0.00104332$ & $0.00140094$ & $0.00545674$ & $-0.00978075$ & $0.00163307$ & $-0.000534456$ & $0.0206797$ & $-0.00790928$ & $-0.00250099$ & $-0.0360579$ & $-0.0303014$ & $-0.0025161$ & $-0.0297991$ & $0.00869414$ & $-0.0355026$ & $0.145845$ & $0.107361$ & $-0.0200105$ & $-0.0182385$ & $-0.00410511$ & $0.0278991$ & $0.009146$ & $0.00799234$ & $0.002392$ & $-0.0599361$ & $0.00207908$ & $-0.0731089$ & $0.00249827$ & $-0.0122125$ \\
mHl & $0.0216226$ & $-0.13865$ & $-0.0331513$ & $1$ & $0.0129544$ & $-0.000687831$ & $-0.00855364$ & $0.0198044$ & $0.0169112$ & $0.0160571$ & $-0.0243994$ & $0.0252629$ & $-0.0170239$ & $0.0182625$ & $0.000584147$ & $0.00658711$ & $0.0115305$ & $0.0114509$ & $0.00983994$ & $0.0201641$ & $0.0208275$ & $0.0210241$ & $-0.000304474$ & $-0.00776329$ & $0.0154923$ & $-0.0116029$ & $0.0149065$ & $-0.00393099$ & $0.00538131$ & $0.0207365$ & $0.0101438$ & $0.00153274$ & $0.032848$ & $0.00583929$ & $0.0669113$ & $-0.043865$ & $-0.0490979$ & $-0.00125376$ & $-0.0247492$ & $0.017536$ & $0.0360855$ & $0.0181726$ & $-0.0344964$ & $-0.00674659$ & $0.0460423$ & $0.0163512$ & $-0.0197264$ & $0.0177021$ & $0.0291967$ \\
Mz & $-0.00808197$ & $-0.0254908$ & $0.000639949$ & $0.0129544$ & $1$ & $0.00372841$ & $-0.00659966$ & $0.0197047$ & $0.0195891$ & $-0.00219293$ & $-0.0217345$ & $-0.0151805$ & $-0.00169099$ & $0.0319732$ & $0.0177766$ & $0.0046644$ & $0.0161517$ & $0.00760281$ & $0.0170877$ & $0.0299696$ & $0.0302737$ & $0.0310368$ & $0.00280802$ & $0.00265565$ & $0.0104664$ & $-0.0223049$ & $0.00135655$ & $0.0282301$ & $-0.00194953$ & $-0.0181028$ & $-0.00582586$ & $-0.0176041$ & $-0.0165215$ & $-0.0041662$ & $-0.038064$ & $0.0133926$ & $0.00456268$ & $-0.00399964$ & $-0.00362448$ & $0.0230521$ & $-0.00812273$ & $0.0181356$ & $-0.00254144$ & $-0.0181189$ & $-0.0169882$ & $-0.0256191$ & $0.00881273$ & $0.00643728$ & $0.00188203$ \\
CW & $-0.00334285$ & $0.0125507$ & $-0.0148763$ & $-0.000687831$ & $0.00372841$ & $1$ & $0.00848282$ & $-0.118097$ & $-0.116152$ & $-0.00647479$ & $0.175471$ & $0.0424515$ & $-0.00496609$ & $0.0256946$ & $-0.0816083$ & $-0.0648408$ & $-0.264162$ & $-0.0477267$ & $-0.0610902$ & $-0.1731$ & $-0.179448$ & $-0.176572$ & $-0.00972366$ & $-0.00646607$ & $-0.0790627$ & $0.102826$ & $-0.0692214$ & $-0.0605693$ & $-0.00939225$ & $-0.00339552$ & $-0.014063$ & $0.0138424$ & $0.00849832$ & $-0.115193$ & $-0.00508089$ & $0.00214134$ & $-0.0130775$ & $0.0114297$ & $0.000623373$ & $-0.00621004$ & $0.0156715$ & $0.00316919$ & $-0.00746614$ & $-0.00922366$ & $-0.0149172$ & $0.0112385$ & $-0.0124998$ & $-0.00952817$ & $0.00618336$ \\
CHG & $0.00282712$ & $0.0149921$ & $-0.00226964$ & $-0.00855364$ & $-0.00659966$ & $0.00848282$ & $1$ & $-0.101097$ & $-0.0427798$ & $0.0604358$ & $0.0606796$ & $0.0298928$ & $-0.275428$ & $0.0503478$ & $-0.0398388$ & $-0.0108187$ & $0.076963$ & $0.103945$ & $0.0818782$ & $-0.0573403$ & $-0.0631962$ & $-0.0628709$ & $0.00223818$ & $0.105417$ & $0.089676$ & $0.0216406$ & $-0.0385456$ & $-0.0292311$ & $0.00883046$ & $-0.135325$ & $-0.0659052$ & $0.936383$ & $-0.149559$ & $-0.0491679$ & $-0.0698515$ & $-0.0141187$ & $0.00343373$ & $0.0241694$ & $-0.00457844$ & $-0.013178$ & $0.0202238$ & $-6.89389e-05$ & $0.00508439$ & $-0.00126317$ & $0.0054139$ & $0.0143336$ & $0.0281855$ & $0.000867861$ & $-0.00978398$ \\
CHWB & $0.00456499$ & $-0.0811725$ & $0.00308763$ & $0.0198044$ & $0.0197047$ & $-0.118097$ & $-0.101097$ & $1$ & $0.982167$ & $-0.569912$ & $-0.882632$ & $-0.323849$ & $0.347156$ & $0.111883$ & $0.293967$ & $0.310531$ & $-0.225638$ & $-0.419311$ & $-0.430425$ & $0.853592$ & $0.898121$ & $0.879918$ & $0.0761041$ & $-0.671814$ & $-0.389985$ & $-0.516499$ & $0.425341$ & $0.312798$ & $0.031006$ & $0.116766$ & $0.0342713$ & $-0.0940135$ & $0.116473$ & $0.565822$ & $0.0130366$ & $0.0205976$ & $0.0090147$ & $0.00314183$ & $-0.00281759$ & $0.00816143$ & $0.000754049$ & $-0.0132631$ & $0.014628$ & $0.0156709$ & $0.0354434$ & $-0.0534029$ & $-0.0326817$ & $0.00910939$ & $-0.0115433$ \\
CHWHB_gaga & $0.00534283$ & $-0.075642$ & $0.00314829$ & $0.0169112$ & $0.0195891$ & $-0.116152$ & $-0.0427798$ & $0.982167$ & $1$ & $-0.558946$ & $-0.863881$ & $-0.299916$ & $0.343319$ & $0.101341$ & $0.29098$ & $0.309786$ & $-0.228084$ & $-0.419149$ & $-0.431622$ & $0.836251$ & $0.878766$ & $0.861253$ & $0.0749147$ & $-0.66278$ & $-0.390997$ & $-0.507122$ & $0.413617$ & $0.304204$ & $0.0342237$ & $0.136129$ & $0.0465773$ & $-0.0446855$ & $0.135343$ & $0.554398$ & $-0.0110717$ & $0.0147266$ & $-0.00082127$ & $0.00591389$ & $-0.000889942$ & $0.00704728$ & $-0.0016931$ & $-0.00932826$ & $0.0821665$ & $0.00765065$ & $0.0364655$ & $-0.0526164$ & $-0.0259624$ & $0.00953902$ & $-0.0136765$ \\
CHWHB_gagaorth & $-0.0230065$ & $0.0258245$ & $-0.00477231$ & $0.0160571$ & $-0.00219293$ & $-0.00647479$ & $0.0604358$ & $-0.569912$ & $-0.558946$ & $1$ & $0.365005$ & $0.672268$ & $-0.252107$ & $0.210307$ & $-0.133292$ & $-0.12137$ & $0.414493$ & $0.480059$ & $0.471101$ & $-0.350943$ & $-0.379366$ & $-0.372438$ & $-0.0618658$ & $0.552416$ & $0.46429$ & $0.225248$ & $-0.235671$ & $-0.130456$ & $-0.0113604$ & $-0.117515$ & $-0.0495805$ & $0.0805877$ & $-0.130236$ & $-0.341454$ & $0.044466$ & $0.0114701$ & $-0.0178887$ & $0.0156534$ & $0.0192882$ & $0.0112445$ & $-0.0594256$ & $0.00388283$ & $0.00381661$ & $-0.0111926$ & $-0.00594842$ & $0.0294711$ & $0.0320946$ & $-0.0191706$ & $0.0176099$ \\
CHD & $-0.0182228$ & $0.0577525$ & $0.00847612$ & $-0.0243994$ & $-0.0217345$ & $0.175471$ & $0.0606796$ & $-0.882632$ & $-0.863881$ & $0.365005$ & $1$ & $0.329904$ & $-0.167148$ & $-0.519677$ & $-0.417922$ & $-0.428919$ & $-0.224308$ & $0.0582492$ & $0.0675818$ & $-0.990557$ & $-0.991403$ & $-0.971703$ & $-0.0282587$ & $0.312377$ & $0.01528$ & $0.576808$ & $-0.298322$ & $-0.340475$ & $-0.0163535$ & $-0.0704094$ & $-0.0113226$ & $0.0630558$ & $-0.0702887$ & $-0.373425$ & $-0.000982754$ & $-0.018531$ & $-0.00166232$ & $0.00292964$ & $-0.00692914$ & $-0.00638639$ & $0.0223352$ & $0.011824$ & $0.00173449$ & $-0.0145478$ & $-0.0354459$ & $0.0450593$ & $0.0166526$ & $-0.00964821$ & $0.000116172$ \\
CHbox & $-0.0251641$ & $0.0577702$ & $0.0132051$ & $0.0252629$ & $-0.0151805$ & $0.0424515$ & $0.0298928$ & $-0.323849$ & $-0.299916$ & $0.672268$ & $0.329904$ & $1$ & $-0.155203$ & $-0.133263$ & $-0.0568424$ & $-0.0471908$ & $-0.0330611$ & $0.0297134$ & $0.0241823$ & $-0.306128$ & $-0.33976$ & $-0.333781$ & $-0.050631$ & $0.181251$ & $0.0296774$ & $0.200908$ & $-0.186061$ & $-0.110118$ & $0.0232208$ & $0.144336$ & $0.0401343$ & $0.101872$ & $0.147538$ & $-0.218571$ & $0.0842102$ & $0.0348179$ & $-0.0274051$ & $0.0306491$ & $0.0124075$ & $0.0116953$ & $-0.0227738$ & $0.000192292$ & $-0.00134767$ & $-0.0106754$ & $-0.00511366$ & $0.0399624$ & $0.0141574$ & $-0.0153465$ & $-0.0058584$ \\
CH & $0.020899$ & $-0.0272718$ & $-0.0130309$ & $-0.0170239$ & $-0.00169099$ & $-0.00496609$ & $-0.275428$ & $0.347156$ & $0.343319$ & $-0.252107$ & $-0.167148$ & $-0.155203$ & $1$ & $-0.245121$ & $0.0645361$ & $0.0841724$ & $-0.364183$ & $-0.383455$ & $-0.396583$ & $0.160466$ & $0.175351$ & $0.174609$ & $0.018254$ & $-0.401158$ & $-0.385787$ & $-0.085007$ & $0.130262$ & $0.0695973$ & $0.0390925$ & $0.293328$ & $0.117757$ & $-0.22123$ & $0.317508$ & $0.222165$ & $0.0258099$ & $0.0305094$ & $-0.000391154$ & $-0.0122739$ & $0.0101107$ & $-0.00334453$ & $0.0120244$ & $0.00327468$ & $0.0160385$ & $-0.0197779$ & $0.0146408$ & $-0.0308763$ & $-0.0223162$ & $-0.013454$ & $-0.0207205$ \\
CHL1_11 & $0.0100955$ & $-0.00679719$ & $-0.0169494$ & $0.0182625$ & $0.0319732$ & $0.0256946$ & $0.0503478$ & $0.111883$ & $0.101341$ & $0.210307$ & $-0.519677$ & $-0.133263$ & $-0.245121$ & $1$ & $0.279076$ & $0.272933$ & $0.665506$ & $0.595283$ & $0.595992$ & $0.538882$ & $0.483268$ & $0.473302$ & $-0.058763$ & $0.459127$ & $0.599407$ & $-0.291379$ & $-0.086466$ & $0.159576$ & $-0.0193329$ & $-0.0513165$ & $-0.0414285$ & $0.0350097$ & $-0.052202$ & $-0.204205$ & $-0.0180019$ & $0.00374001$ & $-0.00362221$ & $-0.006253$ & $0.0140358$ & $0.00675379$ & $-0.0517027$ & $-0.00708344$ & $-0.0401458$ & $0.00557629$ & $0.0131531$ & $-0.00809917$ & $0.019753$ & $0.0150035$ & $0.0113558$ \\
CHL1_22 & $0.0171477$ & $-0.00555021$ & $0.000383268$ & $0.000584147$ & $0.0177766$ & $-0.0816083$ & $-0.0398388$ & $0.293967$ & $0.29098$ & $-0.133292$ & $-0.417922$ & $-0.0568424$ & $0.0645361$ & $0.279076$ & $1$ & $0.458527$ & $0.170886$ & $-0.444535$ & $-0.03038$ & $0.483072$ & $0.334135$ & $0.328562$ & $-0.174708$ & $0.104061$ & $-0.121334$ & $-0.185406$ & $-0.389207$ & $0.118916$ & $0.00590517$ & $0.0510335$ & $0.0211744$ & $-0.0333347$ & $0.0370579$ & $-0.591959$ & $-0.0116944$ & $0.022362$ & $-0.0223011$ & $-0.00697981$ & $0.00196339$ & $0.0121823$ & $0.00243453$ & $0.00647371$ & $-0.00905787$ & $0.016218$ & $0.00807105$ & $-0.0229465$ & $0.00168094$ & $-0.0141271$ & $-0.0213829$ \\
CHL1_33 & $0.00769056$ & $-0.00901002$ & $-0.021132$ & $0.00658711$ & $0.0046644$ & $-0.0648408$ & $-0.0108187$ & $0.310531$ & $0.309786$ & $-0.12137$ & $-0.428919$ & $-0.0471908$ & $0.0841724$ & $0.272933$ & $0.458527$ & $1$ & $0.164568$ & $-0.0375011$ & $-0.431575$ & $0.491138$ & $0.349649$ & $0.366764$ & $-0.15363$ & $0.0939848$ & $-0.13292$ & $-0.210022$ & $-0.374923$ & $0.128748$ & $-0.0103741$ & $0.0464018$ & $0.0153363$ & $-0.00743866$ & $0.043476$ & $-0.0960349$ & $-0.0242084$ & $0.0184101$ & $-0.0101919$ & $0.000631316$ & $-0.00800682$ & $-0.00223866$ & $0.00388732$ & $0.00434759$ & $0.00374119$ & $-0.0164886$ & $0.000727159$ & $-0.0169866$ & $0.00341518$ & $0.00067393$ & $1.55914e-05$ \\
CHL3_11 & $0.0131092$ & $0.0156516$ & $-0.00171985$ & $0.0115305$ & $0.0161517$ & $-0.264162$ & $0.076963$ & $-0.225638$ & $-0.228084$ & $0.414493$ & $-0.224308$ & $-0.0330611$ & $-0.364183$ & $0.665506$ & $0.170886$ & $0.164568$ & $1$ & $0.736036$ & $0.736674$ & $0.247975$ & $0.194357$ & $0.190774$ & $-0.0652476$ & $0.676477$ & $0.774936$ & $-0.121012$ & $-0.1515$ & $0.061288$ & $-0.0251607$ & $-0.103495$ & $-0.0452065$ & $0.0553595$ & $-0.100609$ & $-0.244353$ & $-0.0176264$ & $-0.00467332$ & $-0.00789542$ & $-0.0156701$ & $0.0180457$ & $-0.00758517$ & $-0.0412419$ & $0.00464105$ & $-0.0262257$ & $0.00461776$ & $0.00333745$ & $0.0174537$ & $0.0316147$ & $-0.00249345$ & $0.032526$ \\
CHL3_22 & $-0.00176939$ & $0.0149101$ & $-0.0101039$ & $0.0114509$ & $0.00760281$ & $-0.0477267$ & $0.103945$ & $-0.419311$ & $-0.419149$ & $0.480059$ & $0.0582492$ & $0.0297134$ & $-0.383455$ & $0.595283$ & $-0.444535$ & $-0.0375011$ & $0.736036$ & $1$ & $0.681045$ & $-0.0601743$ & $-0.0492238$ & $-0.0462938$ & $0.0218886$ & $0.620424$ & $0.789414$ & $0.0104962$ & $0.00354344$ & $-0.0262798$ & $-0.0326535$ & $-0.121437$ & $-0.0587547$ & $0.0817692$ & $-0.111654$ & $0.0424122$ & $-0.0145398$ & $-0.0194632$ & $0.00522039$ & $-0.00490866$ & $0.0122587$ & $-0.0107316$ & $-0.0435014$ & $-0.00220102$ & $-0.0259698$ & $-0.0100031$ & $-0.0054366$ & $0.0285214$ & $0.0292797$ & $0.0109223$ & $0.0388979$ \\
CHL3_33 & $0.0065788$ & $0.0127265$ & $0.00475863$ & $0.00983994$ & $0.0170877$ & $-0.0610902$ & $0.0818782$ & $-0.430425$ & $-0.431622$ & $0.471101$ & $0.0675818$ & $0.0241823$ & $-0.396583$ & $0.595992$ & $-0.03038$ & $-0.431575$ & $0.736674$ & $0.681045$ & $1$ & $-0.0679528$ & $-0.0607334$ & $-0.0547077$ & $0.0105527$ & $0.623354$ & $0.799951$ & $0.0288189$ & $0.000838747$ & $-0.0312916$ & $-0.020624$ & $-0.118833$ & $-0.0554125$ & $0.0628022$ & $-0.116287$ & $-0.339102$ & $-0.00133096$ & $-0.0123771$ & $-0.00304604$ & $-0.00929651$ & $0.0156465$ & $-0.00140671$ & $-0.0444999$ & $0.000851306$ & $-0.0344514$ & $0.0179448$ & $0.00110349$ & $0.0238934$ & $0.0276542$ & $-0.00191249$ & $0.0231617$ \\
CHe_11 & $0.0110536$ & $-0.0328794$ & $0.000758928$ & $0.0201641$ & $0.0299696$ & $-0.1731$ & $-0.0573403$ & $0.853592$ & $0.836251$ & $-0.350943$ & $-0.990557$ & $-0.306128$ & $0.160466$ & $0.538882$ & $0.483072$ & $0.491138$ & $0.247975$ & $-0.0601743$ & $-0.0679528$ & $1$ & $0.973526$ & $0.954929$ & $0.00445001$ & $-0.259004$ & $-0.00761039$ & $-0.56719$ & $0.22407$ & $0.33328$ & $0.0137266$ & $0.0711127$ & $0.0119507$ & $-0.0587235$ & $0.0704727$ & $0.295118$ & $-0.000944121$ & $0.0235204$ & $-0.000550651$ & $-0.00281206$ & $0.00825568$ & $0.00488731$ & $-0.0223906$ & $-0.00999175$ & $-0.00378312$ & $0.0126834$ & $0.0304068$ & $-0.0418526$ & $-0.0159468$ & $0.00873514$ & $0.000260396$ \\
CHe_22 & $0.00888196$ & $-0.0351215$ & $0.00104332$ & $0.0208275$ & $0.0302737$ & $-0.179448$ & $-0.0631962$ & $0.898121$ & $0.878766$ & $-0.379366$ & $-0.991403$ & $-0.33976$ & $0.175351$ & $0.483268$ & $0.334135$ & $0.349649$ & $0.194357$ & $-0.0492238$ & $-0.0607334$ & $0.973526$ & $1$ & $0.97659$ & $0.0551737$ & $-0.364761$ & $-0.0188416$ & $-0.579974$ & $0.375742$ & $0.342744$ & $0.0181628$ & $0.0697766$ & $0.010692$ & $-0.0658025$ & $0.0698892$ & $0.458203$ & $0.0043479$ & $0.0214848$ & $0.00541557$ & $-0.00258637$ & $0.00978523$ & $0.0062987$ & $-0.0241245$ & $-0.0135979$ & $-0.00179536$ & $0.0137568$ & $0.0335169$ & $-0.0425776$ & $-0.0201245$ & $0.0112799$ & $-0.00101631$ \\
CHe_33 & $0.0172435$ & $-0.0357375$ & $0.00140094$ & $0.0210241$ & $0.0310368$ & $-0.176572$ & $-0.0628709$ & $0.879918$ & $0.861253$ & $-0.372438$ & $-0.971703$ & $-0.333781$ & $0.174609$ & $0.473302$ & $0.328562$ & $0.366764$ & $0.190774$ & $-0.0462938$ & $-0.0547077$ & $0.954929$ & $0.97659$ & $1$ & $0.0537286$ & $-0.356481$ & $-0.0157207$ & $-0.56752$ & $0.369236$ & $0.335633$ & $0.0192047$ & $0.0657554$ & $0.0100702$ & $-0.0649556$ & $0.0677747$ & $0.449933$ & $0.00600955$ & $0.0215349$ & $0.00214718$ & $-0.00303089$ & $0.00221036$ & $-0.000161077$ & $-0.0179346$ & $-0.0139126$ & $-0.000103217$ & $0.0148054$ & $0.0335857$ & $-0.0404559$ & $-0.0225449$ & $0.0110288$ & $-0.00271232$ \\
CHQ1_11 & $0.00562636$ & $-0.0162579$ & $0.00545674$ & $-0.000304474$ & $0.00280802$ & $-0.00972366$ & $0.00223818$ & $0.0761041$ & $0.0749147$ & $-0.0618658$ & $-0.0282587$ & $-0.050631$ & $0.018254$ & $-0.058763$ & $-0.174708$ & $-0.15363$ & $-0.0652476$ & $0.0218886$ & $0.0105527$ & $0.00445001$ & $0.0551737$ & $0.0537286$ & $1$ & $-0.133652$ & $0.1043$ & $-0.678845$ & $0.367995$ & $0.0234304$ & $-0.00892373$ & $-0.011702$ & $-0.0148879$ & $-0.00272341$ & $0.00013284$ & $0.206459$ & $0.01058$ & $-0.0205485$ & $0.00196591$ & $0.00529147$ & $0.0192242$ & $0.0149795$ & $0.0218342$ & $0.000638232$ & $0.0020175$ & $-4.96213e-05$ & $0.0221134$ & $-0.00288597$ & $-0.0530252$ & $-0.0218268$ & $0.00289991$ \\
CHQ1_33 & $-0.0545687$ & $0.0218741$ & $-0.00978075$ & $-0.00776329$ & $0.00265565$ & $-0.00646607$ & $0.105417$ & $-0.671814$ & $-0.66278$ & $0.552416$ & $0.312377$ & $0.181251$ & $-0.401158$ & $0.459127$ & $0.104061$ & $0.0939848$ & $0.676477$ & $0.620424$ & $0.623354$ & $-0.259004$ & $-0.364761$ & $-0.356481$ & $-0.133652$ & $1$ & $0.643276$ & $0.206427$ & $-0.416741$ & $-0.0339955$ & $-0.0343414$ & $-0.114574$ & $-0.0498944$ & $0.0885965$ & $-0.121673$ & $-0.625528$ & $-0.0162554$ & $-0.0133032$ & $-0.00557755$ & $-0.00658565$ & $0.00528556$ & $-0.0043067$ & $-0.0236938$ & $0.0220704$ & $-0.0327083$ & $0.0100649$ & $-0.0183983$ & $0.0350899$ & $0.0410272$ & $-0.000251505$ & $0.0207229$ \\
CHQ3_11 & $-0.109337$ & $0.00592372$ & $0.00163307$ & $0.0154923$ & $0.0104664$ & $-0.0790627$ & $0.089676$ & $-0.389985$ & $-0.390997$ & $0.46429$ & $0.01528$ & $0.0296774$ & $-0.385787$ & $0.599407$ & $-0.121334$ & $-0.13292$ & $0.774936$ & $0.789414$ & $0.799951$ & $-0.00761039$ & $-0.0188416$ & $-0.0157207$ & $0.1043$ & $0.643276$ & $1$ & $-0.0050192$ & $0.213628$ & $-0.0197721$ & $-0.0276027$ & $-0.122102$ & $-0.0574427$ & $0.070204$ & $-0.113554$ & $-0.201709$ & $-0.00506468$ & $-0.00157944$ & $0.00105036$ & $-0.00742563$ & $0.0063563$ & $-0.000431194$ & $-0.0487512$ & $-0.0021843$ & $-0.0283967$ & $0.0137646$ & $0.00368804$ & $0.0279818$ & $0.0266379$ & $-0.00108358$ & $0.026006$ \\
CHu_11 & $-0.051652$ & $0.0238216$ & $-0.000534456$ & $-0.0116029$ & $-0.0223049$ & $0.102826$ & $0.0216406$ & $-0.516499$ & $-0.507122$ & $0.225248$ & $0.576808$ & $0.200908$ & $-0.085007$ & $-0.291379$ & $-0.185406$ & $-0.210022$ & $-0.121012$ & $0.0104962$ & $0.0288189$ & $-0.56719$ & $-0.579974$ & $-0.56752$ & $-0.678845$ & $0.206427$ & $-0.0050192$ & $1$ & $-0.198232$ & $-0.207108$ & $0.00609892$ & $-0.0372619$ & $0.00541064$ & $0.024871$ & $-0.0461576$ & $-0.267813$ & $-0.00274181$ & $0.00452578$ & $0.00193068$ & $-0.000459381$ & $-0.0198751$ & $-0.0128557$ & $-0.00180351$ & $0.00172586$ & $-0.00450486$ & $0.00465777$ & $-0.0184781$ & $0.0222845$ & $0.0468662$ & $-0.00635052$ & $0.000330665$ \\
CHd_11 & $-0.0330961$ & $-0.0293059$ & $0.0206797$ & $0.0149065$ & $0.00135655$ & $-0.0692214$ & $-0.0385456$ & $0.425341$ & $0.413617$ & $-0.235671$ & $-0.298322$ & $-0.186061$ & $0.130262$ & $-0.086466$ & $-0.389207$ & $-0.374923$ & $-0.1515$ & $0.00354344$ & $0.000838747$ & $0.22407$ & $0.375742$ & $0.369236$ & $0.367995$ & $-0.416741$ & $0.213628$ & $-0.198232$ & $1$ & $0.106704$ & $0.0210228$ & $0.0148609$ & $-0.00420375$ & $-0.0423086$ & $0.0255477$ & $0.677646$ & $0.0269693$ & $0.0120579$ & $0.0176849$ & $0.0030373$ & $-0.000632769$ & $0.00693443$ & $-0.00843638$ & $-0.0164709$ & $0.0103103$ & $0.0208952$ & $0.0280044$ & $-0.0111711$ & $-0.0259408$ & $0.00453684$ & $-0.000190848$ \\
CHd_33 & $-0.00126951$ & $-0.0239633$ & $-0.00790928$ & $-0.00393099$ & $0.0282301$ & $-0.0605693$ & $-0.0292311$ & $0.312798$ & $0.304204$ & $-0.130456$ & $-0.340475$ & $-0.110118$ & $0.0695973$ & $0.159576$ & $0.118916$ & $0.128748$ & $0.061288$ & $-0.0262798$ & $-0.0312916$ & $0.33328$ & $0.342744$ & $0.335633$ & $0.0234304$ & $-0.0339955$ & $-0.0197721$ & $-0.207108$ & $0.106704$ & $1$ & $0.00316513$ & $0.0270065$ & $-0.0126451$ & $-0.0277458$ & $0.00986787$ & $0.158572$ & $-0.00850568$ & $0.024912$ & $0.0272731$ & $0.00203116$ & $-0.0035073$ & $0.0180673$ & $-0.000154025$ & $0.0122916$ & $-0.00624412$ & $0.0155594$ & $0.0230141$ & $-0.0154105$ & $-0.00623549$ & $0.0311276$ & $-0.0169049$ \\
CeH_22r & $-0.0104056$ & $0.0067424$ & $-0.00250099$ & $0.00538131$ & $-0.00194953$ & $-0.00939225$ & $0.00883046$ & $0.031006$ & $0.0342237$ & $-0.0113604$ & $-0.0163535$ & $0.0232208$ & $0.0390925$ & $-0.0193329$ & $0.00590517$ & $-0.0103741$ & $-0.0251607$ & $-0.0326535$ & $-0.020624$ & $0.0137266$ & $0.0181628$ & $0.0192047$ & $-0.00892373$ & $-0.0343414$ & $-0.0276027$ & $0.00609892$ & $0.0210228$ & $0.00316513$ & $1$ & $0.0506301$ & $0.00524621$ & $-0.00136738$ & $0.0504077$ & $0.0219351$ & $-0.0311$ & $-0.0253898$ & $-0.0182412$ & $-0.010211$ & $-0.00773204$ & $-0.00661906$ & $0.00626944$ & $-0.00314767$ & $-0.0137008$ & $-0.00728995$ & $-0.00242309$ & $0.00949767$ & $-0.0134465$ & $0.00710339$ & $-0.00350672$ \\
CeH_33r & $0.0133977$ & $-0.00860567$ & $-0.0360579$ & $0.0207365$ & $-0.0181028$ & $-0.00339552$ & $-0.135325$ & $0.116766$ & $0.136129$ & $-0.117515$ & $-0.0704094$ & $0.144336$ & $0.293328$ & $-0.0513165$ & $0.0510335$ & $0.0464018$ & $-0.103495$ & $-0.121437$ & $-0.118833$ & $0.0711127$ & $0.0697766$ & $0.0657554$ & $-0.011702$ & $-0.114574$ & $-0.122102$ & $-0.0372619$ & $0.0148609$ & $0.0270065$ & $0.0506301$ & $1$ & $0.335264$ & $0.0195345$ & $0.627087$ & $0.0472853$ & $-0.00945095$ & $-0.0312203$ & $-0.192345$ & $-0.0340977$ & $-0.00992413$ & $0.0149801$ & $-0.0115938$ & $0.0127698$ & $-0.01864$ & $-0.0031248$ & $0.0879855$ & $-0.00114496$ & $0.0318308$ & $-0.00876394$ & $-0.029563$ \\
CuH_22r & $-0.00459713$ & $0.00668176$ & $-0.0303014$ & $0.0101438$ & $-0.00582586$ & $-0.014063$ & $-0.0659052$ & $0.0342713$ & $0.0465773$ & $-0.0495805$ & $-0.0113226$ & $0.0401343$ & $0.117757$ & $-0.0414285$ & $0.0211744$ & $0.0153363$ & $-0.0452065$ & $-0.0587547$ & $-0.0554125$ & $0.0119507$ & $0.010692$ & $0.0100702$ & $-0.0148879$ & $-0.0498944$ & $-0.0574427$ & $0.00541064$ & $-0.00420375$ & $-0.0126451$ & $0.00524621$ & $0.335264$ & $1$ & $0.028359$ & $0.363924$ & $0.0120411$ & $-0.0193955$ & $-0.0113912$ & $-0.114087$ & $-0.0434518$ & $-0.00418881$ & $-0.0107442$ & $-0.0548578$ & $0.0348536$ & $0.00756857$ & $-0.00077827$ & $-0.000772673$ & $0.0676268$ & $0.383441$ & $-0.00342058$ & $0.00367977$ \\
CuH_33r & $0.00102485$ & $0.016021$ & $-0.0025161$ & $0.00153274$ & $-0.0176041$ & $0.0138424$ & $0.936383$ & $-0.0940135$ & $-0.0446855$ & $0.0805877$ & $0.0630558$ & $0.101872$ & $-0.22123$ & $0.0350097$ & $-0.0333347$ & $-0.00743866$ & $0.0553595$ & $0.0817692$ & $0.0628022$ & $-0.0587235$ & $-0.0658025$ & $-0.0649556$ & $-0.00272341$ & $0.0885965$ & $0.070204$ & $0.024871$ & $-0.0423086$ & $-0.0277458$ & $-0.00136738$ & $0.0195345$ & $0.028359$ & $1$ & $0.0239082$ & $-0.0501759$ & $0.0206533$ & $0.027678$ & $-0.0435866$ & $0.0210195$ & $0.00661036$ & $-0.00936315$ & $0.0196944$ & $-0.000714791$ & $0.00167072$ & $-0.00144841$ & $0.010849$ & $0.0156334$ & $0.0321655$ & $-0.000690733$ & $-0.0164757$ \\
CdH_33r & $0.00914811$ & $-0.00948337$ & $-0.0297991$ & $0.032848$ & $-0.0165215$ & $0.00849832$ & $-0.149559$ & $0.116473$ & $0.135343$ & $-0.130236$ & $-0.0702887$ & $0.147538$ & $0.317508$ & $-0.052202$ & $0.0370579$ & $0.043476$ & $-0.100609$ & $-0.111654$ & $-0.116287$ & $0.0704727$ & $0.0698892$ & $0.0677747$ & $0.00013284$ & $-0.121673$ & $-0.113554$ & $-0.0461576$ & $0.0255477$ & $0.00986787$ & $0.0504077$ & $0.627087$ & $0.363924$ & $0.0239082$ & $1$ & $0.0598412$ & $-0.0283519$ & $-0.0212389$ & $-0.159557$ & $-0.0266888$ & $0.00109344$ & $-0.000635446$ & $0.0220156$ & $0.0126143$ & $-0.0182273$ & $0.00175024$ & $0.0151367$ & $-0.00281331$ & $0.0556578$ & $0.142589$ & $0.466987$ \\
CLL_1221 & $-0.00678504$ & $0.00294204$ & $0.00869414$ & $0.00583929$ & $-0.0041662$ & $-0.115193$ & $-0.0491679$ & $0.565822$ & $0.554398$ & $-0.341454$ & $-0.373425$ & $-0.218571$ & $0.222165$ & $-0.204205$ & $-0.591959$ & $-0.0960349$ & $-0.244353$ & $0.0424122$ & $-0.339102$ & $0.295118$ & $0.458203$ & $0.449933$ & $0.206459$ & $-0.625528$ & $-0.201709$ & $-0.267813$ & $0.677646$ & $0.158572$ & $0.0219351$ & $0.0472853$ & $0.0120411$ & $-0.0501759$ & $0.0598412$ & $1$ & $0.0196316$ & $0.00343753$ & $0.0214731$ & $0.00389114$ & $-0.000742665$ & $-0.00626424$ & $0.00251693$ & $-0.017769$ & $0.0206168$ & $-0.00595135$ & $0.0152599$ & $-0.0128221$ & $-0.0295537$ & $0.01816$ & $0.00952597$ \\
eHggint & $-0.0504528$ & $-0.0253006$ & $-0.0355026$ & $0.0669113$ & $-0.038064$ & $-0.00508089$ & $-0.0698515$ & $0.0130366$ & $-0.0110717$ & $0.044466$ & $-0.000982754$ & $0.0842102$ & $0.0258099$ & $-0.0180019$ & $-0.0116944$ & $-0.0242084$ & $-0.0176264$ & $-0.0145398$ & $-0.00133096$ & $-0.000944121$ & $0.0043479$ & $0.00600955$ & $0.01058$ & $-0.0162554$ & $-0.00506468$ & $-0.00274181$ & $0.0269693$ & $-0.00850568$ & $-0.0311$ & $-0.00945095$ & $-0.0193955$ & $0.0206533$ & $-0.0283519$ & $0.0196316$ & $1$ & $-0.0763186$ & $-0.0875661$ & $0.0206861$ & $0.00219583$ & $-0.00104238$ & $-0.0436143$ & $-0.0212069$ & $-0.0362461$ & $0.0640314$ & $0.0651593$ & $0.0204566$ & $-0.0564614$ & $-0.0353252$ & $-0.0154246$ \\
eHggpar & $-0.00131805$ & $0.0907235$ & $0.145845$ & $-0.043865$ & $0.0133926$ & $0.00214134$ & $-0.0141187$ & $0.0205976$ & $0.0147266$ & $0.0114701$ & $-0.018531$ & $0.0348179$ & $0.0305094$ & $0.00374001$ & $0.022362$ & $0.0184101$ & $-0.00467332$ & $-0.0194632$ & $-0.0123771$ & $0.0235204$ & $0.0214848$ & $0.0215349$ & $-0.0205485$ & $-0.0133032$ & $-0.00157944$ & $0.00452578$ & $0.0120579$ & $0.024912$ & $-0.0253898$ & $-0.0312203$ & $-0.0113912$ & $0.027678$ & $-0.0212389$ & $0.00343753$ & $-0.0763186$ & $1$ & $0.0536573$ & $0.0107167$ & $0.0183737$ & $-0.00699406$ & $-0.0272027$ & $-0.02142$ & $0.0621885$ & $-0.0403326$ & $-0.0488142$ & $-0.0715549$ & $0.0280448$ & $-0.00414859$ & $0.0190631$ \\
eHWWint & $-0.0360297$ & $-0.0540119$ & $0.107361$ & $-0.0490979$ & $0.00456268$ & $-0.0130775$ & $0.00343373$ & $0.0090147$ & $-0.00082127$ & $-0.0178887$ & $-0.00166232$ & $-0.0274051$ & $-0.000391154$ & $-0.00362221$ & $-0.0223011$ & $-0.0101919$ & $-0.00789542$ & $0.00522039$ & $-0.00304604$ & $-0.000550651$ & $0.00541557$ & $0.00214718$ & $0.00196591$ & $-0.00557755$ & $0.00105036$ & $0.00193068$ & $0.0176849$ & $0.0272731$ & $-0.0182412$ & $-0.192345$ & $-0.114087$ & $-0.0435866$ & $-0.159557$ & $0.0214731$ & $-0.0875661$ & $0.0536573$ & $1$ & $0.030006$ & $-0.0105575$ & $-0.0164633$ & $0.0161315$ & $0.009556$ & $-0.0157165$ & $-0.0127267$ & $-0.0387674$ & $-0.0209584$ & $-0.064894$ & $0.0719118$ & $0.0598536$ \\
eHWWpar & $-0.0148479$ & $-0.0324641$ & $-0.0200105$ & $-0.00125376$ & $-0.00399964$ & $0.0114297$ & $0.0241694$ & $0.00314183$ & $0.00591389$ & $0.0156534$ & $0.00292964$ & $0.0306491$ & $-0.0122739$ & $-0.006253$ & $-0.00697981$ & $0.000631316$ & $-0.0156701$ & $-0.00490866$ & $-0.00929651$ & $-0.00281206$ & $-0.00258637$ & $-0.00303089$ & $0.00529147$ & $-0.00658565$ & $-0.00742563$ & $-0.000459381$ & $0.0030373$ & $0.00203116$ & $-0.010211$ & $-0.0340977$ & $-0.0434518$ & $0.0210195$ & $-0.0266888$ & $0.00389114$ & $0.0206861$ & $0.0107167$ & $0.030006$ & $1$ & $-0.0307539$ & $-0.0058677$ & $0.00757578$ & $0.000767987$ & $0.0213983$ & $0.00463461$ & $0.0244495$ & $-0.00355213$ & $-0.0184692$ & $0.0242143$ & $0.0194028$ \\
eHZZint & $0.05301$ & $0.0644063$ & $-0.0182385$ & $-0.0247492$ & $-0.00362448$ & $0.000623373$ & $-0.00457844$ & $-0.00281759$ & $-0.000889942$ & $0.0192882$ & $-0.00692914$ & $0.0124075$ & $0.0101107$ & $0.0140358$ & $0.00196339$ & $-0.00800682$ & $0.0180457$ & $0.0122587$ & $0.0156465$ & $0.00825568$ & $0.00978523$ & $0.00221036$ & $0.0192242$ & $0.00528556$ & $0.0063563$ & $-0.0198751$ & $-0.000632769$ & $-0.0035073$ & $-0.00773204$ & $-0.00992413$ & $-0.00418881$ & $0.00661036$ & $0.00109344$ & $-0.000742665$ & $0.00219583$ & $0.0183737$ & $-0.0105575$ & $-0.0307539$ & $1$ & $0.0105819$ & $-0.0118792$ & $0.00442372$ & $0.00888439$ & $-0.0848455$ & $-0.00415753$ & $0.0659047$ & $-0.000374175$ & $-0.0312937$ & $0.0247653$ \\
eHZZpar & $0.00185065$ & $-0.00773025$ & $-0.00410511$ & $0.017536$ & $0.0230521$ & $-0.00621004$ & $-0.013178$ & $0.00816143$ & $0.00704728$ & $0.0112445$ & $-0.00638639$ & $0.0116953$ & $-0.00334453$ & $0.00675379$ & $0.0121823$ & $-0.00223866$ & $-0.00758517$ & $-0.0107316$ & $-0.00140671$ & $0.00488731$ & $0.0062987$ & $-0.000161077$ & $0.0149795$ & $-0.0043067$ & $-0.000431194$ & $-0.0128557$ & $0.00693443$ & $0.0180673$ & $-0.00661906$ & $0.0149801$ & $-0.0107442$ & $-0.00936315$ & $-0.000635446$ & $-0.00626424$ & $-0.00104238$ & $-0.00699406$ & $-0.0164633$ & $-0.0058677$ & $0.0105819$ & $1$ & $-0.0123692$ & $-0.0092556$ & $-0.00182624$ & $-0.0101455$ & $0.0112222$ & $0.00584005$ & $-0.0252858$ & $-0.00770816$ & $-0.0248989$ \\
eHZgaint & $0.0242653$ & $-0.01021$ & $0.0278991$ & $0.0360855$ & $-0.00812273$ & $0.0156715$ & $0.0202238$ & $0.000754049$ & $-0.0016931$ & $-0.0594256$ & $0.0223352$ & $-0.0227738$ & $0.0120244$ & $-0.0517027$ & $0.00243453$ & $0.00388732$ & $-0.0412419$ & $-0.0435014$ & $-0.0444999$ & $-0.0223906$ & $-0.0241245$ & $-0.0179346$ & $0.0218342$ & $-0.0236938$ & $-0.0487512$ & $-0.00180351$ & $-0.00843638$ & $-0.000154025$ & $0.00626944$ & $-0.0115938$ & $-0.0548578$ & $0.0196944$ & $0.0220156$ & $0.00251693$ & $-0.0436143$ & $-0.0272027$ & $0.0161315$ & $0.00757578$ & $-0.0118792$ & $-0.0123692$ & $1$ & $0.0033576$ & $-0.0750455$ & $0.0700296$ & $-0.0802792$ & $-0.038331$ & $-0.149415$ & $0.03466$ & $0.0464552$ \\
eHZgapar & $-0.0112876$ & $-0.0224619$ & $0.009146$ & $0.0181726$ & $0.0181356$ & $0.00316919$ & $-6.89389e-05$ & $-0.0132631$ & $-0.00932826$ & $0.00388283$ & $0.011824$ & $0.000192292$ & $0.00327468$ & $-0.00708344$ & $0.00647371$ & $0.00434759$ & $0.00464105$ & $-0.00220102$ & $0.000851306$ & $-0.00999175$ & $-0.0135979$ & $-0.0139126$ & $0.000638232$ & $0.0220704$ & $-0.0021843$ & $0.00172586$ & $-0.0164709$ & $0.0122916$ & $-0.00314767$ & $0.0127698$ & $0.0348536$ & $-0.000714791$ & $0.0126143$ & $-0.017769$ & $-0.0212069$ & $-0.02142$ & $0.009556$ & $0.000767987$ & $0.00442372$ & $-0.0092556$ & $0.0033576$ & $1$ & $0.00175935$ & $-0.0107977$ & $0.0233646$ & $-0.0219297$ & $0.0593298$ & $0.0168462$ & $-0.00249322$ \\
eHgagaint & $0.0210434$ & $-0.0304637$ & $0.00799234$ & $-0.0344964$ & $-0.00254144$ & $-0.00746614$ & $0.00508439$ & $0.014628$ & $0.0821665$ & $0.00381661$ & $0.00173449$ & $-0.00134767$ & $0.0160385$ & $-0.0401458$ & $-0.00905787$ & $0.00374119$ & $-0.0262257$ & $-0.0259698$ & $-0.0344514$ & $-0.00378312$ & $-0.00179536$ & $-0.000103217$ & $0.0020175$ & $-0.0327083$ & $-0.0283967$ & $-0.00450486$ & $0.0103103$ & $-0.00624412$ & $-0.0137008$ & $-0.01864$ & $0.00756857$ & $0.00167072$ & $-0.0182273$ & $0.0206168$ & $-0.0362461$ & $0.0621885$ & $-0.0157165$ & $0.0213983$ & $0.00888439$ & $-0.00182624$ & $-0.0750455$ & $0.00175935$ & $1$ & $-0.0267443$ & $0.00678668$ & $-0.038892$ & $0.0417264$ & $0.0243822$ & $-0.0336532$ \\
eHmumuint & $-0.0763985$ & $-0.0985227$ & $0.002392$ & $-0.00674659$ & $-0.0181189$ & $-0.00922366$ & $-0.00126317$ & $0.0156709$ & $0.00765065$ & $-0.0111926$ & $-0.0145478$ & $-0.0106754$ & $-0.0197779$ & $0.00557629$ & $0.016218$ & $-0.0164886$ & $0.00461776$ & $-0.0100031$ & $0.0179448$ & $0.0126834$ & $0.0137568$ & $0.0148054$ & $-4.96213e-05$ & $0.0100649$ & $0.0137646$ & $0.00465777$ & $0.0208952$ & $0.0155594$ & $-0.00728995$ & $-0.0031248$ & $-0.00077827$ & $-0.00144841$ & $0.00175024$ & $-0.00595135$ & $0.0640314$ & $-0.0403326$ & $-0.0127267$ & $0.00463461$ & $-0.0848455$ & $-0.0101455$ & $0.0700296$ & $-0.0107977$ & $-0.0267443$ & $1$ & $0.059598$ & $-0.0180787$ & $-0.0136782$ & $0.0319952$ & $0.00777964$ \\
eHtautauint & $0.00203402$ & $-0.0952369$ & $-0.0599361$ & $0.0460423$ & $-0.0169882$ & $-0.0149172$ & $0.0054139$ & $0.0354434$ & $0.0364655$ & $-0.00594842$ & $-0.0354459$ & $-0.00511366$ & $0.0146408$ & $0.0131531$ & $0.00807105$ & $0.000727159$ & $0.00333745$ & $-0.0054366$ & $0.00110349$ & $0.0304068$ & $0.0335169$ & $0.0335857$ & $0.0221134$ & $-0.0183983$ & $0.00368804$ & $-0.0184781$ & $0.0280044$ & $0.0230141$ & $-0.00242309$ & $0.0879855$ & $-0.000772673$ & $0.010849$ & $0.0151367$ & $0.0152599$ & $0.0651593$ & $-0.0488142$ & $-0.0387674$ & $0.0244495$ & $-0.00415753$ & $0.0112222$ & $-0.0802792$ & $0.0233646$ & $0.00678668$ & $0.059598$ & $1$ & $-0.0941063$ & $-0.00880757$ & $-0.0919991$ & $0.0221263$ \\
eHccint & $-0.020696$ & $0.125217$ & $0.00207908$ & $0.0163512$ & $-0.0256191$ & $0.0112385$ & $0.0143336$ & $-0.0534029$ & $-0.0526164$ & $0.0294711$ & $0.0450593$ & $0.0399624$ & $-0.0308763$ & $-0.00809917$ & $-0.0229465$ & $-0.0169866$ & $0.0174537$ & $0.0285214$ & $0.0238934$ & $-0.0418526$ & $-0.0425776$ & $-0.0404559$ & $-0.00288597$ & $0.0350899$ & $0.0279818$ & $0.0222845$ & $-0.0111711$ & $-0.0154105$ & $0.00949767$ & $-0.00114496$ & $0.0676268$ & $0.0156334$ & $-0.00281331$ & $-0.0128221$ & $0.0204566$ & $-0.0715549$ & $-0.0209584$ & $-0.00355213$ & $0.0659047$ & $0.00584005$ & $-0.038331$ & $-0.0219297$ & $-0.038892$ & $-0.0180787$ & $-0.0941063$ & $1$ & $-0.0447436$ & $-0.0167168$ & $-0.0266447$ \\
eHccpar & $-0.0015288$ & $-0.0321806$ & $-0.0731089$ & $-0.0197264$ & $0.00881273$ & $-0.0124998$ & $0.0281855$ & $-0.0326817$ & $-0.0259624$ & $0.0320946$ & $0.0166526$ & $0.0141574$ & $-0.0223162$ & $0.019753$ & $0.00168094$ & $0.00341518$ & $0.0316147$ & $0.0292797$ & $0.0276542$ & $-0.0159468$ & $-0.0201245$ & $-0.0225449$ & $-0.0530252$ & $0.0410272$ & $0.0266379$ & $0.0468662$ & $-0.0259408$ & $-0.00623549$ & $-0.0134465$ & $0.0318308$ & $0.383441$ & $0.0321655$ & $0.0556578$ & $-0.0295537$ & $-0.0564614$ & $0.0280448$ & $-0.064894$ & $-0.0184692$ & $-0.000374175$ & $-0.0252858$ & $-0.149415$ & $0.0593298$ & $0.0417264$ & $-0.0136782$ & $-0.00880757$ & $-0.0447436$ & $1$ & $-0.0365356$ & $0.0646068$ \\
eHbbint & $0.0197434$ & $0.0232023$ & $0.00249827$ & $0.0177021$ & $0.00643728$ & $-0.00952817$ & $0.000867861$ & $0.00910939$ & $0.00953902$ & $-0.0191706$ & $-0.00964821$ & $-0.0153465$ & $-0.013454$ & $0.0150035$ & $-0.0141271$ & $0.00067393$ & $-0.00249345$ & $0.0109223$ & $-0.00191249$ & $0.00873514$ & $0.0112799$ & $0.0110288$ & $-0.0218268$ & $-0.000251505$ & $-0.00108358$ & $-0.00635052$ & $0.00453684$ & $0.0311276$ & $0.00710339$ & $-0.00876394$ & $-0.00342058$ & $-0.000690733$ & $0.142589$ & $0.01816$ & $-0.0353252$ & $-0.00414859$ & $0.0719118$ & $0.0242143$ & $-0.0312937$ & $-0.00770816$ & $0.03466$ & $0.0168462$ & $0.0243822$ & $0.0319952$ & $-0.0919991$ & $-0.0167168$ & $-0.0365356$ & $1$ & $-0.0254705$ \\
eHbbpar & $-0.0200538$ & $-0.0528051$ & $-0.0122125$ & $0.0291967$ & $0.00188203$ & $0.00618336$ & $-0.00978398$ & $-0.0115433$ & $-0.0136765$ & $0.0176099$ & $0.000116172$ & $-0.0058584$ & $-0.0207205$ & $0.0113558$ & $-0.0213829$ & $1.55914e-05$ & $0.032526$ & $0.0388979$ & $0.0231617$ & $0.000260396$ & $-0.00101631$ & $-0.00271232$ & $0.00289991$ & $0.0207229$ & $0.026006$ & $0.000330665$ & $-0.000190848$ & $-0.0169049$ & $-0.00350672$ & $-0.029563$ & $0.00367977$ & $-0.0164757$ & $0.466987$ & $0.00952597$ & $-0.0154246$ & $0.0190631$ & $0.0598536$ & $0.0194028$ & $0.0247653$ & $-0.0248989$ & $0.0464552$ & $-0.00249322$ & $-0.0336532$ & $0.00777964$ & $0.0221263$ & $-0.0266447$ & $0.0646068$ & $-0.0254705$ & $1$ \\
