 & AlsMz & dAle5Mz & mtop & mHl & Mz & CW & CHG & CHWB & CHWHB_gaga & CHWHB_gagaorth & CHD & CHbox & CH & CHL1_11 & CHL1_22 & CHL1_33 & CHL3_11 & CHL3_22 & CHL3_33 & CHe_11 & CHe_22 & CHe_33 & CHQ1_11 & CHQ1_33 & CHQ3_11 & CHu_11 & CHd_11 & CHd_33 & CeH_22r & CeH_33r & CuH_22r & CuH_33r & CdH_33r & CLL_1221 & eHggint & eHggpar & eHWWint & eHWWpar & eHZZint & eHZZpar & eHZgaint & eHZgapar & eHgagaint & eHmumuint & eHtautauint & eHccint & eHccpar & eHbbint & eHbbpar \\
AlsMz & $1$ & $-0.190128$ & $-0.0292614$ & $0.170799$ & $-0.0168282$ & $-0.0231235$ & $0.0159064$ & $0.0190372$ & $0.0308274$ & $-0.0209935$ & $-0.02499$ & $0.0482851$ & $0.0455069$ & $-0.00931401$ & $-0.0335494$ & $-0.0460767$ & $0.00216054$ & $0.0123493$ & $0.0245704$ & $0.00769593$ & $0.0285125$ & $0.00375648$ & $-0.00966885$ & $-0.0308766$ & $0.00633139$ & $0.0446116$ & $0.126387$ & $0.0246806$ & $-0.0252818$ & $0.0329684$ & $0.0178097$ & $0.0222451$ & $0.0916794$ & $0.0119048$ & $-0.0645898$ & $-0.0640036$ & $-0.169524$ & $0.0225704$ & $0.122298$ & $-0.119049$ & $0.283666$ & $-0.0312868$ & $0.308799$ & $0.0895471$ & $-0.450559$ & $-0.228438$ & $-0.0238274$ & $0.1592$ & $0.123948$ \\
dAle5Mz & $-0.190128$ & $1$ & $0.207933$ & $0.0797139$ & $-0.0876038$ & $-0.0109576$ & $-0.0632236$ & $-0.084369$ & $-0.0920554$ & $0.0353738$ & $0.0998017$ & $0.0430824$ & $0.0471376$ & $-0.0516554$ & $-0.0674392$ & $-0.0657818$ & $0.0153035$ & $0.0460727$ & $0.0454342$ & $-0.0735625$ & $-0.0426491$ & $-0.00241649$ & $0.061388$ & $0.00820208$ & $0.0575067$ & $-0.0281606$ & $0.122243$ & $-0.0222759$ & $0.0566521$ & $0.00875793$ & $-0.0193701$ & $-0.0477115$ & $0.0467144$ & $0.109658$ & $0.176617$ & $-0.109997$ & $-0.0323619$ & $0.0053819$ & $0.282084$ & $0.262966$ & $-0.276362$ & $0.0458594$ & $-0.284228$ & $0.0992854$ & $0.223973$ & $0.290926$ & $-0.210438$ & $-0.328201$ & $0.193043$ \\
mtop & $-0.0292614$ & $0.207933$ & $1$ & $0.05566$ & $-0.0879085$ & $-0.0390985$ & $-0.132782$ & $0.113744$ & $0.104074$ & $-0.0605885$ & $-0.0949617$ & $0.182412$ & $0.187754$ & $-0.069073$ & $-0.0933514$ & $-0.0915465$ & $-0.0732799$ & $0.00192025$ & $-0.00601792$ & $0.105811$ & $0.104048$ & $0.109091$ & $0.0869861$ & $-0.0869133$ & $-0.010727$ & $-0.0374772$ & $0.226905$ & $0.0439801$ & $0.0152635$ & $0.0790391$ & $0.054132$ & $-0.113502$ & $0.109843$ & $0.167966$ & $0.215982$ & $0.542508$ & $-0.184475$ & $0.104917$ & $-0.0799343$ & $0.10156$ & $-0.0321918$ & $0.0109646$ & $-0.192812$ & $0.265311$ & $0.329057$ & $0.122159$ & $0.114435$ & $-0.0411384$ & $0.187798$ \\
mHl & $0.170799$ & $0.0797139$ & $0.05566$ & $1$ & $-0.00421961$ & $-0.00501659$ & $0.05067$ & $-0.00209897$ & $0.00513078$ & $-0.0137939$ & $0.00931815$ & $-0.0708683$ & $-0.0796016$ & $-0.0348865$ & $-0.0301187$ & $-0.0646817$ & $-0.0135806$ & $0.0189416$ & $0.0328228$ & $-0.00354489$ & $-0.014768$ & $0.00405961$ & $0.00232554$ & $-0.00110851$ & $0.0363062$ & $-0.0221321$ & $0.085446$ & $0.0641222$ & $-0.0354352$ & $-0.021193$ & $-0.0151064$ & $0.0610961$ & $-0.0174392$ & $0.0370087$ & $0.326489$ & $-0.135238$ & $0.0559014$ & $0.0608132$ & $-0.153854$ & $0.136655$ & $-0.0716917$ & $-0.0849685$ & $0.137944$ & $0.189882$ & $-0.427577$ & $0.0688881$ & $-0.0979057$ & $0.169557$ & $-0.0687802$ \\
Mz & $-0.0168282$ & $-0.0876038$ & $-0.0879085$ & $-0.00421961$ & $1$ & $-0.0210081$ & $-0.00202691$ & $-0.00134607$ & $0.00134239$ & $0.00266919$ & $0.0534989$ & $0.0277373$ & $0.0243716$ & $-0.00584279$ & $0.0272334$ & $-0.0187063$ & $-0.00660952$ & $-0.0276992$ & $0.0126656$ & $0.00415792$ & $0.00437058$ & $-0.0317799$ & $0.00833858$ & $0.00310157$ & $-0.000557399$ & $0.000721762$ & $-0.00277289$ & $0.0148416$ & $0.00316531$ & $-0.00563195$ & $0.00232503$ & $-0.00243588$ & $-0.0211569$ & $-0.0371713$ & $-0.0566635$ & $-0.0607285$ & $0.0854654$ & $-0.014786$ & $-0.000852834$ & $-0.00356913$ & $-0.0206773$ & $-0.0279619$ & $0.0907762$ & $-0.00315231$ & $-0.0740651$ & $-0.106572$ & $0.0568402$ & $0.0272504$ & $-0.078704$ \\
CW & $-0.0231235$ & $-0.0109576$ & $-0.0390985$ & $-0.00501659$ & $-0.0210081$ & $1$ & $0.0193668$ & $-0.0881908$ & $-0.0886814$ & $0.00112424$ & $0.101257$ & $-0.0381872$ & $-0.0365488$ & $0.18297$ & $0.0303905$ & $0.0378853$ & $-0.15525$ & $-0.0267531$ & $-0.0217373$ & $-0.101176$ & $-0.0873787$ & $-0.0877643$ & $0.00409636$ & $0.0558882$ & $-0.027443$ & $0.0305822$ & $-0.0911094$ & $0.021802$ & $-0.0176751$ & $-0.0149859$ & $-0.0323374$ & $0.017345$ & $-0.0294783$ & $-0.171049$ & $-0.0105449$ & $-0.043218$ & $0.0120574$ & $0.027256$ & $-0.0232483$ & $-0.00196193$ & $0.0407574$ & $0.00836301$ & $-0.0235283$ & $0.000634458$ & $0.00511001$ & $-0.00539798$ & $-0.0143788$ & $0.0695386$ & $-0.0389093$ \\
CHG & $0.0159064$ & $-0.0632236$ & $-0.132782$ & $0.05067$ & $-0.00202691$ & $0.0193668$ & $1$ & $-0.117603$ & $-0.0849105$ & $0.136884$ & $0.0499755$ & $-0.588413$ & $-0.603571$ & $0.136921$ & $0.0346894$ & $0.0500529$ & $0.162026$ & $0.102764$ & $0.0920609$ & $-0.0701982$ & $-0.0675143$ & $-0.0742796$ & $-0.000264971$ & $0.133123$ & $0.105558$ & $-0.00348216$ & $-0.120907$ & $-0.0173$ & $-0.0411451$ & $-0.314894$ & $-0.136415$ & $0.929447$ & $-0.350174$ & $-0.104753$ & $-0.0696087$ & $-0.0962424$ & $0.039873$ & $-0.00395714$ & $-0.0639333$ & $-0.0789762$ & $0.042934$ & $0.0860701$ & $0.0552879$ & $-0.0757805$ & $-0.0576574$ & $-0.0134342$ & $0.03211$ & $-0.018444$ & $-0.0483653$ \\
CHWB & $0.0190372$ & $-0.084369$ & $0.113744$ & $-0.00209897$ & $-0.00134607$ & $-0.0881908$ & $-0.117603$ & $1$ & $0.992712$ & $-0.499154$ & $-0.890503$ & $0.145361$ & $0.179181$ & $-0.23181$ & $0.0809957$ & $0.0706161$ & $-0.605119$ & $-0.538453$ & $-0.531646$ & $0.856673$ & $0.607234$ & $0.603608$ & $0.00109097$ & $-0.60429$ & $-0.622673$ & $-0.224702$ & $0.297005$ & $0.126403$ & $0.0113615$ & $0.101793$ & $0.044031$ & $-0.10199$ & $0.0895726$ & $0.608011$ & $-0.0581219$ & $0.0344686$ & $0.0242199$ & $0.0365989$ & $-0.0569475$ & $0.0106425$ & $0.0182664$ & $-0.0215344$ & $-0.0720662$ & $-0.00828049$ & $-0.00660774$ & $-0.00931737$ & $0.0412658$ & $0.0243768$ & $-0.0403463$ \\
CHWHB_gaga & $0.0308274$ & $-0.0920554$ & $0.104074$ & $0.00513078$ & $0.00134239$ & $-0.0886814$ & $-0.0849105$ & $0.992712$ & $1$ & $-0.495122$ & $-0.885099$ & $0.143116$ & $0.172058$ & $-0.232645$ & $0.0804998$ & $0.0690066$ & $-0.601432$ & $-0.534891$ & $-0.526366$ & $0.855192$ & $0.60504$ & $0.59985$ & $0.000598567$ & $-0.601288$ & $-0.616674$ & $-0.224427$ & $0.296177$ & $0.128049$ & $0.015142$ & $0.118518$ & $0.0546117$ & $-0.0716755$ & $0.109824$ & $0.600206$ & $-0.0546609$ & $0.0300361$ & $0.0248446$ & $0.0366031$ & $-0.0539455$ & $0.00372131$ & $0.0180697$ & $-0.027599$ & $-0.0431721$ & $-0.00487728$ & $-0.0199359$ & $-0.0151436$ & $0.0421335$ & $0.0269001$ & $-0.0402266$ \\
CHWHB_gagaorth & $-0.0209935$ & $0.0353738$ & $-0.0605885$ & $-0.0137939$ & $0.00266919$ & $0.00112424$ & $0.136884$ & $-0.499154$ & $-0.495122$ & $1$ & $0.164622$ & $-0.119187$ & $-0.194579$ & $0.688879$ & $0.0631846$ & $0.0668205$ & $0.769065$ & $0.555156$ & $0.54929$ & $-0.234791$ & $-0.141987$ & $-0.163877$ & $-0.0113985$ & $0.545128$ & $0.651189$ & $0.0805895$ & $-0.203905$ & $-0.0182508$ & $0.00870739$ & $-0.140835$ & $-0.0633289$ & $0.136735$ & $-0.149194$ & $-0.354936$ & $0.0763272$ & $0.0183429$ & $-0.0228989$ & $-0.00452769$ & $0.0258211$ & $-0.0654403$ & $-0.00391506$ & $-0.00671242$ & $0.0804582$ & $0.037561$ & $0.0356052$ & $0.0516805$ & $0.0278085$ & $-0.0255768$ & $-0.00492151$ \\
CHD & $-0.02499$ & $0.0998017$ & $-0.0949617$ & $0.00931815$ & $0.0534989$ & $0.101257$ & $0.0499755$ & $-0.890503$ & $-0.885099$ & $0.164622$ & $1$ & $-0.0612287$ & $-0.0800107$ & $-0.12872$ & $-0.133375$ & $-0.131015$ & $0.268948$ & $0.306619$ & $0.302516$ & $-0.889143$ & $-0.64485$ & $-0.628154$ & $0.0149331$ & $0.394413$ & $0.355461$ & $0.213243$ & $-0.226493$ & $-0.136987$ & $-0.00764008$ & $-0.0438099$ & $-0.0182249$ & $0.0441669$ & $-0.0273431$ & $-0.476813$ & $0.038043$ & $-0.0471554$ & $-0.0143461$ & $-0.0414363$ & $0.0623737$ & $0.036685$ & $-0.0309221$ & $0.025797$ & $0.0335334$ & $-0.0036922$ & $-0.00488217$ & $-0.0211365$ & $-0.0693644$ & $-0.0201852$ & $0.0462402$ \\
CHbox & $0.0482851$ & $0.0430824$ & $0.182412$ & $-0.0708683$ & $0.0277373$ & $-0.0381872$ & $-0.588413$ & $0.145361$ & $0.143116$ & $-0.119187$ & $-0.0612287$ & $1$ & $0.976822$ & $-0.213773$ & $-0.0287834$ & $-0.0505468$ & $-0.230829$ & $-0.150963$ & $-0.126005$ & $0.143165$ & $0.092099$ & $0.0924315$ & $-0.0130381$ & $-0.158692$ & $-0.154391$ & $0.00661429$ & $0.147156$ & $0.0367414$ & $0.111017$ & $0.467236$ & $0.190377$ & $-0.488046$ & $0.507513$ & $0.0862928$ & $0.109591$ & $0.144222$ & $-0.0407935$ & $0.0143249$ & $0.0827573$ & $0.0979611$ & $-0.0238429$ & $-0.051549$ & $-0.00649305$ & $0.126431$ & $0.0376048$ & $-0.00918914$ & $-0.0363749$ & $-0.0119506$ & $0.0546625$ \\
CH & $0.0455069$ & $0.0471376$ & $0.187754$ & $-0.0796016$ & $0.0243716$ & $-0.0365488$ & $-0.603571$ & $0.179181$ & $0.172058$ & $-0.194579$ & $-0.0800107$ & $0.976822$ & $1$ & $-0.209914$ & $-0.0453589$ & $-0.0575729$ & $-0.240256$ & $-0.160081$ & $-0.140745$ & $0.119253$ & $0.101216$ & $0.0996743$ & $-0.0149831$ & $-0.179766$ & $-0.173833$ & $0.00181338$ & $0.154302$ & $0.0291212$ & $0.104471$ & $0.428204$ & $0.177831$ & $-0.525738$ & $0.472303$ & $0.141776$ & $0.113919$ & $0.148277$ & $-0.032035$ & $0.0122025$ & $0.0886419$ & $0.0993457$ & $-0.019169$ & $-0.0501178$ & $-0.00901353$ & $0.128745$ & $0.0510175$ & $-0.0165888$ & $-0.0362968$ & $-0.0109041$ & $0.0648842$ \\
CHL1_11 & $-0.00931401$ & $-0.0516554$ & $-0.069073$ & $-0.0348865$ & $-0.00584279$ & $0.18297$ & $0.136921$ & $-0.23181$ & $-0.232645$ & $0.688879$ & $-0.12872$ & $-0.213773$ & $-0.209914$ & $1$ & $0.0969392$ & $0.119719$ & $0.5985$ & $0.479084$ & $0.475461$ & $-0.0682164$ & $0.0323813$ & $-0.00286282$ & $-0.0397455$ & $0.460796$ & $0.540768$ & $0.0487735$ & $-0.193889$ & $0.00234243$ & $-0.0182253$ & $-0.134448$ & $-0.0578707$ & $0.102426$ & $-0.134701$ & $-0.24318$ & $0.0278658$ & $0.0125725$ & $0.00637237$ & $0.0247516$ & $-0.00709405$ & $-0.102691$ & $0.0184189$ & $-0.0049632$ & $0.0762875$ & $0.00819952$ & $0.0205065$ & $0.0500322$ & $0.0504582$ & $0.0132385$ & $-0.0105111$ \\
CHL1_22 & $-0.0335494$ & $-0.0674392$ & $-0.0933514$ & $-0.0301187$ & $0.0272334$ & $0.0303905$ & $0.0346894$ & $0.0809957$ & $0.0804998$ & $0.0631846$ & $-0.133375$ & $-0.0287834$ & $-0.0453589$ & $0.0969392$ & $1$ & $0.286291$ & $-0.00311985$ & $-0.51492$ & $-0.150489$ & $0.157392$ & $-0.0808151$ & $-0.0210915$ & $-0.0322761$ & $0.156378$ & $-0.16614$ & $0.0571528$ & $-0.371423$ & $-0.00379489$ & $-0.0222089$ & $-0.0425129$ & $-0.0320799$ & $0.0338269$ & $-0.0406698$ & $-0.50187$ & $0.00542915$ & $-0.0205216$ & $-0.0026746$ & $-0.0216737$ & $-0.0792858$ & $-0.0232849$ & $0.0351278$ & $0.00997846$ & $-0.0366113$ & $-0.0239414$ & $0.025874$ & $0.0124207$ & $-0.00375472$ & $0.0812003$ & $0.00675934$ \\
CHL1_33 & $-0.0460767$ & $-0.0657818$ & $-0.0915465$ & $-0.0646817$ & $-0.0187063$ & $0.0378853$ & $0.0500529$ & $0.0706161$ & $0.0690066$ & $0.0668205$ & $-0.131015$ & $-0.0505468$ & $-0.0575729$ & $0.119719$ & $0.286291$ & $1$ & $0.00659307$ & $-0.126167$ & $-0.495945$ & $0.144397$ & $-0.0251393$ & $-0.128976$ & $-0.0500265$ & $0.16447$ & $-0.15519$ & $0.0527328$ & $-0.398582$ & $-0.00459622$ & $-0.0099931$ & $-0.0236595$ & $-0.0326358$ & $0.0447801$ & $-0.0323839$ & $-0.153129$ & $-0.0364455$ & $-0.00333251$ & $-0.0440657$ & $-0.03308$ & $-0.0512104$ & $-0.040197$ & $0.0666164$ & $0.0365681$ & $-0.0550842$ & $-0.0601437$ & $0.0565808$ & $-0.0141718$ & $-0.0141392$ & $0.0653951$ & $0.0634642$ \\
CHL3_11 & $0.00216054$ & $0.0153035$ & $-0.0732799$ & $-0.0135806$ & $-0.00660952$ & $-0.15525$ & $0.162026$ & $-0.605119$ & $-0.601432$ & $0.769065$ & $0.268948$ & $-0.230829$ & $-0.240256$ & $0.5985$ & $-0.00311985$ & $0.00659307$ & $1$ & $0.667356$ & $0.657172$ & $-0.418181$ & $-0.212233$ & $-0.240014$ & $-0.016796$ & $0.603862$ & $0.772045$ & $0.117985$ & $-0.185944$ & $-0.0543105$ & $-0.0160419$ & $-0.149237$ & $-0.0490187$ & $0.129186$ & $-0.136343$ & $-0.278549$ & $0.055476$ & $0.0170385$ & $-0.0315014$ & $-0.00922151$ & $0.0442434$ & $-0.0800983$ & $0.00913655$ & $0.00651867$ & $0.117477$ & $0.0263821$ & $0.0187549$ & $0.0376794$ & $0.0513702$ & $-0.0396054$ & $0.0124683$ \\
CHL3_22 & $0.0123493$ & $0.0460727$ & $0.00192025$ & $0.0189416$ & $-0.0276992$ & $-0.0267531$ & $0.102764$ & $-0.538453$ & $-0.534891$ & $0.555156$ & $0.306619$ & $-0.150963$ & $-0.160081$ & $0.479084$ & $-0.51492$ & $-0.126167$ & $0.667356$ & $1$ & $0.617401$ & $-0.399384$ & $-0.191886$ & $-0.216502$ & $0.00505543$ & $0.428684$ & $0.748258$ & $0.0729514$ & $0.0467899$ & $-0.0603586$ & $-0.00146075$ & $-0.0886752$ & $-0.0399447$ & $0.0814423$ & $-0.0823021$ & $0.170076$ & $0.0467393$ & $0.0248237$ & $-0.0124423$ & $0.0106096$ & $0.0841051$ & $-0.0570908$ & $-0.0131632$ & $0.012611$ & $0.114348$ & $0.0227947$ & $-0.012219$ & $0.0393298$ & $0.0256658$ & $-0.0706009$ & $0.00640387$ \\
CHL3_33 & $0.0245704$ & $0.0454342$ & $-0.00601792$ & $0.0328228$ & $0.0126656$ & $-0.0217373$ & $0.0920609$ & $-0.531646$ & $-0.526366$ & $0.54929$ & $0.302516$ & $-0.126005$ & $-0.140745$ & $0.475461$ & $-0.150489$ & $-0.495945$ & $0.657172$ & $0.617401$ & $1$ & $-0.389305$ & $-0.194385$ & $-0.207513$ & $0.0168647$ & $0.421517$ & $0.750171$ & $0.0670457$ & $0.0748305$ & $-0.0443979$ & $0.00174129$ & $-0.100166$ & $-0.0230276$ & $0.0715761$ & $-0.0924534$ & $-0.184801$ & $0.0661631$ & $0.00464913$ & $0.0163473$ & $0.0135463$ & $0.0638654$ & $-0.0564747$ & $-0.0403512$ & $-0.0114981$ & $0.127698$ & $0.0481646$ & $-0.0263151$ & $0.0492464$ & $0.0401567$ & $-0.055016$ & $-0.0332958$ \\
CHe_11 & $0.00769593$ & $-0.0735625$ & $0.105811$ & $-0.00354489$ & $0.00415792$ & $-0.101176$ & $-0.0701982$ & $0.856673$ & $0.855192$ & $-0.234791$ & $-0.889143$ & $0.143165$ & $0.119253$ & $-0.0682164$ & $0.157392$ & $0.144397$ & $-0.418181$ & $-0.399384$ & $-0.389305$ & $1$ & $0.622192$ & $0.611396$ & $0.000675103$ & $-0.444734$ & $-0.45033$ & $-0.221713$ & $0.220171$ & $0.134789$ & $0.0207113$ & $0.0666247$ & $0.0274323$ & $-0.0439347$ & $0.0418509$ & $0.383747$ & $-0.0400123$ & $0.0395921$ & $0.0165306$ & $0.030216$ & $-0.0642476$ & $-0.00618626$ & $0.0201352$ & $-0.0327602$ & $-0.0587096$ & $0.0034074$ & $0.00064166$ & $0.0200842$ & $0.057414$ & $0.0136726$ & $-0.0511751$ \\
CHe_22 & $0.0285125$ & $-0.0426491$ & $0.104048$ & $-0.014768$ & $0.00437058$ & $-0.0873787$ & $-0.0675143$ & $0.607234$ & $0.60504$ & $-0.141987$ & $-0.64485$ & $0.092099$ & $0.101216$ & $0.0323813$ & $-0.0808151$ & $-0.0251393$ & $-0.212233$ & $-0.191886$ & $-0.194385$ & $0.622192$ & $1$ & $0.509252$ & $-0.0033993$ & $-0.387518$ & $-0.253029$ & $-0.172447$ & $0.332699$ & $0.106835$ & $0.0152262$ & $0.0568619$ & $0.0422862$ & $-0.0599602$ & $0.0355108$ & $0.368082$ & $-0.0296602$ & $0.0254425$ & $0.0205745$ & $0.0357168$ & $-0.0348589$ & $-0.0323099$ & $-0.0180684$ & $-0.0365121$ & $0.0118895$ & $0.0316712$ & $0.0070629$ & $0.00589833$ & $0.0374977$ & $-0.028177$ & $-0.0542223$ \\
CHe_33 & $0.00375648$ & $-0.00241649$ & $0.109091$ & $0.00405961$ & $-0.0317799$ & $-0.0877643$ & $-0.0742796$ & $0.603608$ & $0.59985$ & $-0.163877$ & $-0.628154$ & $0.0924315$ & $0.0996743$ & $-0.00286282$ & $-0.0210915$ & $-0.128976$ & $-0.240014$ & $-0.216502$ & $-0.207513$ & $0.611396$ & $0.509252$ & $1$ & $0.0222748$ & $-0.405282$ & $-0.282624$ & $-0.189765$ & $0.314925$ & $0.101152$ & $0.014005$ & $0.0489563$ & $0.0178488$ & $-0.0634225$ & $0.0440421$ & $0.36327$ & $-0.0308591$ & $0.0106549$ & $0.0263353$ & $0.000799716$ & $-0.022862$ & $0.0136582$ & $-0.0234624$ & $-0.00966509$ & $-0.0546139$ & $0.0202542$ & $0.0086571$ & $0.0415684$ & $0.0381512$ & $-0.0276233$ & $-0.0456687$ \\
CHQ1_11 & $-0.00966885$ & $0.061388$ & $0.0869861$ & $0.00232554$ & $0.00833858$ & $0.00409636$ & $-0.000264971$ & $0.00109097$ & $0.000598567$ & $-0.0113985$ & $0.0149331$ & $-0.0130381$ & $-0.0149831$ & $-0.0397455$ & $-0.0322761$ & $-0.0500265$ & $-0.016796$ & $0.00505543$ & $0.0168647$ & $0.000675103$ & $-0.0033993$ & $0.0222748$ & $1$ & $-0.0602059$ & $0.0382645$ & $-0.604191$ & $0.1904$ & $0.00682858$ & $0.0178474$ & $-0.0053823$ & $-0.0226083$ & $-0.00164153$ & $-0.0227374$ & $0.0320222$ & $-0.0236017$ & $-0.010825$ & $-0.0458968$ & $0.0187628$ & $0.0251148$ & $0.0558017$ & $0.0513873$ & $-0.0240874$ & $-0.013954$ & $0.030552$ & $-0.0091788$ & $-0.0657681$ & $-0.0139491$ & $-0.0408973$ & $-0.0332919$ \\
CHQ1_33 & $-0.0308766$ & $0.00820208$ & $-0.0869133$ & $-0.00110851$ & $0.00310157$ & $0.0558882$ & $0.133123$ & $-0.60429$ & $-0.601288$ & $0.545128$ & $0.394413$ & $-0.158692$ & $-0.179766$ & $0.460796$ & $0.156378$ & $0.16447$ & $0.603862$ & $0.428684$ & $0.421517$ & $-0.444734$ & $-0.387518$ & $-0.405282$ & $-0.0602059$ & $1$ & $0.533721$ & $0.167456$ & $-0.294706$ & $0.0407636$ & $-0.00932071$ & $-0.115954$ & $-0.0549246$ & $0.11363$ & $-0.108334$ & $-0.441808$ & $0.0736025$ & $0.0246409$ & $-0.0362275$ & $-0.00796318$ & $0.0231714$ & $-0.0499799$ & $0.0333985$ & $0.0285106$ & $0.0681166$ & $0.0164305$ & $0.027368$ & $0.0389717$ & $0.0185394$ & $-0.0121855$ & $0.0448145$ \\
CHQ3_11 & $0.00633139$ & $0.0575067$ & $-0.010727$ & $0.0363062$ & $-0.000557399$ & $-0.027443$ & $0.105558$ & $-0.622673$ & $-0.616674$ & $0.651189$ & $0.355461$ & $-0.154391$ & $-0.173833$ & $0.540768$ & $-0.16614$ & $-0.15519$ & $0.772045$ & $0.748258$ & $0.750171$ & $-0.45033$ & $-0.253029$ & $-0.282624$ & $0.0382645$ & $0.533721$ & $1$ & $0.0730121$ & $0.131867$ & $-0.0510723$ & $-0.00102153$ & $-0.110836$ & $-0.0476389$ & $0.0777318$ & $-0.115015$ & $-0.189429$ & $0.0541964$ & $0.00257757$ & $0.0213723$ & $0.0110336$ & $0.0706347$ & $-0.0560871$ & $-0.065415$ & $-0.00882989$ & $0.123941$ & $0.0326671$ & $-0.0149996$ & $0.0461406$ & $0.0395278$ & $-0.089198$ & $-0.034975$ \\
CHu_11 & $0.0446116$ & $-0.0281606$ & $-0.0374772$ & $-0.0221321$ & $0.000721762$ & $0.0305822$ & $-0.00348216$ & $-0.224702$ & $-0.224427$ & $0.0805895$ & $0.213243$ & $0.00661429$ & $0.00181338$ & $0.0487735$ & $0.0571528$ & $0.0527328$ & $0.117985$ & $0.0729514$ & $0.0670457$ & $-0.221713$ & $-0.172447$ & $-0.189765$ & $-0.604191$ & $0.167456$ & $0.0730121$ & $1$ & $0.0191487$ & $-0.0468746$ & $-0.0377165$ & $-0.0216635$ & $0.0218005$ & $-0.00873524$ & $0.0131849$ & $-0.169535$ & $0.00872764$ & $0.0189881$ & $0.0774177$ & $-0.0217247$ & $0.0188106$ & $-0.0359259$ & $-0.0815245$ & $0.0364281$ & $-0.000374992$ & $-0.053452$ & $0.00216169$ & $0.0177284$ & $0.0222564$ & $0.0302504$ & $0.0681969$ \\
CHd_11 & $0.126387$ & $0.122243$ & $0.226905$ & $0.085446$ & $-0.00277289$ & $-0.0911094$ & $-0.120907$ & $0.297005$ & $0.296177$ & $-0.203905$ & $-0.226493$ & $0.147156$ & $0.154302$ & $-0.193889$ & $-0.371423$ & $-0.398582$ & $-0.185944$ & $0.0467899$ & $0.0748305$ & $0.220171$ & $0.332699$ & $0.314925$ & $0.1904$ & $-0.294706$ & $0.131867$ & $0.0191487$ & $1$ & $0.0527982$ & $0.028351$ & $0.079974$ & $0.0471766$ & $-0.105595$ & $0.0699026$ & $0.464037$ & $-0.0255826$ & $-0.0104624$ & $0.0881939$ & $0.0476313$ & $0.107275$ & $0.0563483$ & $-0.155868$ & $-0.0589439$ & $0.0116328$ & $0.0429194$ & $-0.0743603$ & $-0.0159614$ & $0.0257833$ & $-0.144328$ & $-0.0713086$ \\
CHd_33 & $0.0246806$ & $-0.0222759$ & $0.0439801$ & $0.0641222$ & $0.0148416$ & $0.021802$ & $-0.0173$ & $0.126403$ & $0.128049$ & $-0.0182508$ & $-0.136987$ & $0.0367414$ & $0.0291212$ & $0.00234243$ & $-0.00379489$ & $-0.00459622$ & $-0.0543105$ & $-0.0603586$ & $-0.0443979$ & $0.134789$ & $0.106835$ & $0.101152$ & $0.00682858$ & $0.0407636$ & $-0.0510723$ & $-0.0468746$ & $0.0527982$ & $1$ & $-0.00114005$ & $0.0408709$ & $0.0155806$ & $-0.00860299$ & $0.018065$ & $0.0499159$ & $0.0190324$ & $-0.00931032$ & $-0.00298753$ & $0.0135742$ & $-0.0256187$ & $0.00730354$ & $0.0416547$ & $-0.00643543$ & $0.0403699$ & $0.0111983$ & $-0.0534926$ & $0.057381$ & $0.0397401$ & $5.53187e-05$ & $-0.0490524$ \\
CeH_22r & $-0.0252818$ & $0.0566521$ & $0.0152635$ & $-0.0354352$ & $0.00316531$ & $-0.0176751$ & $-0.0411451$ & $0.0113615$ & $0.015142$ & $0.00870739$ & $-0.00764008$ & $0.111017$ & $0.104471$ & $-0.0182253$ & $-0.0222089$ & $-0.0099931$ & $-0.0160419$ & $-0.00146075$ & $0.00174129$ & $0.0207113$ & $0.0152262$ & $0.014005$ & $0.0178474$ & $-0.00932071$ & $-0.00102153$ & $-0.0377165$ & $0.028351$ & $-0.00114005$ & $1$ & $0.0505068$ & $-0.00092482$ & $-0.0552231$ & $0.0561014$ & $0.0181326$ & $0.0427081$ & $0.00696388$ & $-0.0147505$ & $-0.00986683$ & $0.0102496$ & $-0.0132545$ & $-0.0405583$ & $-0.0515111$ & $-0.0339472$ & $-0.00624605$ & $0.0519652$ & $0.00334337$ & $-0.0496117$ & $-0.0146343$ & $0.0129239$ \\
CeH_33r & $0.0329684$ & $0.00875793$ & $0.0790391$ & $-0.021193$ & $-0.00563195$ & $-0.0149859$ & $-0.314894$ & $0.101793$ & $0.118518$ & $-0.140835$ & $-0.0438099$ & $0.467236$ & $0.428204$ & $-0.134448$ & $-0.0425129$ & $-0.0236595$ & $-0.149237$ & $-0.0886752$ & $-0.100166$ & $0.0666247$ & $0.0568619$ & $0.0489563$ & $-0.0053823$ & $-0.115954$ & $-0.110836$ & $-0.0216635$ & $0.079974$ & $0.0408709$ & $0.0505068$ & $1$ & $0.344504$ & $-0.132301$ & $0.729346$ & $0.0857031$ & $0.0013281$ & $0.0483354$ & $-0.0605345$ & $-0.0396823$ & $0.0544172$ & $0.0117344$ & $-0.00468663$ & $0.00625526$ & $-0.0142035$ & $0.0661175$ & $0.00529109$ & $-0.0105157$ & $-0.00132269$ & $-0.0549968$ & $0.00127544$ \\
CuH_22r & $0.0178097$ & $-0.0193701$ & $0.054132$ & $-0.0151064$ & $0.00232503$ & $-0.0323374$ & $-0.136415$ & $0.044031$ & $0.0546117$ & $-0.0633289$ & $-0.0182249$ & $0.190377$ & $0.177831$ & $-0.0578707$ & $-0.0320799$ & $-0.0326358$ & $-0.0490187$ & $-0.0399447$ & $-0.0230276$ & $0.0274323$ & $0.0422862$ & $0.0178488$ & $-0.0226083$ & $-0.0549246$ & $-0.0476389$ & $0.0218005$ & $0.0471766$ & $0.0155806$ & $-0.00092482$ & $0.344504$ & $1$ & $-0.0185616$ & $0.406355$ & $0.0360305$ & $-0.0207523$ & $0.0323077$ & $-0.0180214$ & $-0.0224751$ & $0.0551638$ & $-0.0142039$ & $0.0152843$ & $0.0286077$ & $0.0188708$ & $0.0454598$ & $0.00320005$ & $0.0350924$ & $0.133031$ & $-0.0634744$ & $0.0117678$ \\
CuH_33r & $0.0222451$ & $-0.0477115$ & $-0.113502$ & $0.0610961$ & $-0.00243588$ & $0.017345$ & $0.929447$ & $-0.10199$ & $-0.0716755$ & $0.136735$ & $0.0441669$ & $-0.488046$ & $-0.525738$ & $0.102426$ & $0.0338269$ & $0.0447801$ & $0.129186$ & $0.0814423$ & $0.0715761$ & $-0.0439347$ & $-0.0599602$ & $-0.0634225$ & $-0.00164153$ & $0.11363$ & $0.0777318$ & $-0.00873524$ & $-0.105595$ & $-0.00860299$ & $-0.0552231$ & $-0.132301$ & $-0.0185616$ & $1$ & $-0.124202$ & $-0.100276$ & $-0.041651$ & $-0.0836395$ & $0.0309138$ & $-0.00776855$ & $-0.0426137$ & $-0.065604$ & $0.0309671$ & $0.0903122$ & $0.0659991$ & $-0.0585532$ & $-0.0707859$ & $-0.0137113$ & $0.0271336$ & $-0.0331403$ & $-0.0611504$ \\
CdH_33r & $0.0916794$ & $0.0467144$ & $0.109843$ & $-0.0174392$ & $-0.0211569$ & $-0.0294783$ & $-0.350174$ & $0.0895726$ & $0.109824$ & $-0.149194$ & $-0.0273431$ & $0.507513$ & $0.472303$ & $-0.134701$ & $-0.0406698$ & $-0.0323839$ & $-0.136343$ & $-0.0823021$ & $-0.0924534$ & $0.0418509$ & $0.0355108$ & $0.0440421$ & $-0.0227374$ & $-0.108334$ & $-0.115015$ & $0.0131849$ & $0.0699026$ & $0.018065$ & $0.0561014$ & $0.729346$ & $0.406355$ & $-0.124202$ & $1$ & $0.0933159$ & $-0.0334462$ & $0.0530202$ & $-0.0658697$ & $-0.0899573$ & $0.129615$ & $0.0785085$ & $0.0127569$ & $0.0575727$ & $0.0235125$ & $0.0481573$ & $-0.049058$ & $-0.0508221$ & $-0.00528059$ & $-0.00194426$ & $0.24354$ \\
CLL_1221 & $0.0119048$ & $0.109658$ & $0.167966$ & $0.0370087$ & $-0.0371713$ & $-0.171049$ & $-0.104753$ & $0.608011$ & $0.600206$ & $-0.354936$ & $-0.476813$ & $0.0862928$ & $0.141776$ & $-0.24318$ & $-0.50187$ & $-0.153129$ & $-0.278549$ & $0.170076$ & $-0.184801$ & $0.383747$ & $0.368082$ & $0.36327$ & $0.0320222$ & $-0.441808$ & $-0.189429$ & $-0.169535$ & $0.464037$ & $0.0499159$ & $0.0181326$ & $0.0857031$ & $0.0360305$ & $-0.100276$ & $0.0933159$ & $1$ & $-0.0113784$ & $0.0352859$ & $0.00798337$ & $0.0414195$ & $0.0749609$ & $0.0429633$ & $-0.0420333$ & $0.00409808$ & $-0.0377387$ & $0.0158665$ & $-0.00111562$ & $0.0299085$ & $0.00941663$ & $-0.088827$ & $0.00371487$ \\
eHggint & $-0.0645898$ & $0.176617$ & $0.215982$ & $0.326489$ & $-0.0566635$ & $-0.0105449$ & $-0.0696087$ & $-0.0581219$ & $-0.0546609$ & $0.0763272$ & $0.038043$ & $0.109591$ & $0.113919$ & $0.0278658$ & $0.00542915$ & $-0.0364455$ & $0.055476$ & $0.0467393$ & $0.0661631$ & $-0.0400123$ & $-0.0296602$ & $-0.0308591$ & $-0.0236017$ & $0.0736025$ & $0.0541964$ & $0.00872764$ & $-0.0255826$ & $0.0190324$ & $0.0427081$ & $0.0013281$ & $-0.0207523$ & $-0.041651$ & $-0.0334462$ & $-0.0113784$ & $1$ & $0.358364$ & $0.101945$ & $0.24055$ & $-0.112349$ & $-0.00518762$ & $-0.312707$ & $-0.390734$ & $0.360038$ & $0.0885386$ & $0.00290651$ & $0.00519408$ & $-0.255092$ & $0.189743$ & $-0.178143$ \\
eHggpar & $-0.0640036$ & $-0.109997$ & $0.542508$ & $-0.135238$ & $-0.0607285$ & $-0.043218$ & $-0.0962424$ & $0.0344686$ & $0.0300361$ & $0.0183429$ & $-0.0471554$ & $0.144222$ & $0.148277$ & $0.0125725$ & $-0.0205216$ & $-0.00333251$ & $0.0170385$ & $0.0248237$ & $0.00464913$ & $0.0395921$ & $0.0254425$ & $0.0106549$ & $-0.010825$ & $0.0246409$ & $0.00257757$ & $0.0189881$ & $-0.0104624$ & $-0.00931032$ & $0.00696388$ & $0.0483354$ & $0.0323077$ & $-0.0836395$ & $0.0530202$ & $0.0352859$ & $0.358364$ & $1$ & $-0.118573$ & $0.151945$ & $0.0385471$ & $-0.026147$ & $0.0990257$ & $0.000627748$ & $0.085108$ & $0.171919$ & $0.292924$ & $-0.0207394$ & $0.129898$ & $-0.0982719$ & $0.151472$ \\
eHWWint & $-0.169524$ & $-0.0323619$ & $-0.184475$ & $0.0559014$ & $0.0854654$ & $0.0120574$ & $0.039873$ & $0.0242199$ & $0.0248446$ & $-0.0228989$ & $-0.0143461$ & $-0.0407935$ & $-0.032035$ & $0.00637237$ & $-0.0026746$ & $-0.0440657$ & $-0.0315014$ & $-0.0124423$ & $0.0163473$ & $0.0165306$ & $0.0205745$ & $0.0263353$ & $-0.0458968$ & $-0.0362275$ & $0.0213723$ & $0.0774177$ & $0.0881939$ & $-0.00298753$ & $-0.0147505$ & $-0.0605345$ & $-0.0180214$ & $0.0309138$ & $-0.0658697$ & $0.00798337$ & $0.101945$ & $-0.118573$ & $1$ & $-0.0264386$ & $-0.331732$ & $0.149217$ & $-0.115562$ & $0.022995$ & $0.0850918$ & $-0.370339$ & $-0.100854$ & $0.0701103$ & $0.0164195$ & $0.193376$ & $-0.0663201$ \\
eHWWpar & $0.0225704$ & $0.0053819$ & $0.104917$ & $0.0608132$ & $-0.014786$ & $0.027256$ & $-0.00395714$ & $0.0365989$ & $0.0366031$ & $-0.00452769$ & $-0.0414363$ & $0.0143249$ & $0.0122025$ & $0.0247516$ & $-0.0216737$ & $-0.03308$ & $-0.00922151$ & $0.0106096$ & $0.0135463$ & $0.030216$ & $0.0357168$ & $0.000799716$ & $0.0187628$ & $-0.00796318$ & $0.0110336$ & $-0.0217247$ & $0.0476313$ & $0.0135742$ & $-0.00986683$ & $-0.0396823$ & $-0.0224751$ & $-0.00776855$ & $-0.0899573$ & $0.0414195$ & $0.24055$ & $0.151945$ & $-0.0264386$ & $1$ & $-0.0833798$ & $-0.0570612$ & $0.0159323$ & $-0.0995231$ & $0.115392$ & $0.163017$ & $0.036098$ & $0.163585$ & $0.0164529$ & $0.0822889$ & $-0.221352$ \\
eHZZint & $0.122298$ & $0.282084$ & $-0.0799343$ & $-0.153854$ & $-0.000852834$ & $-0.0232483$ & $-0.0639333$ & $-0.0569475$ & $-0.0539455$ & $0.0258211$ & $0.0623737$ & $0.0827573$ & $0.0886419$ & $-0.00709405$ & $-0.0792858$ & $-0.0512104$ & $0.0442434$ & $0.0841051$ & $0.0638654$ & $-0.0642476$ & $-0.0348589$ & $-0.022862$ & $0.0251148$ & $0.0231714$ & $0.0706347$ & $0.0188106$ & $0.107275$ & $-0.0256187$ & $0.0102496$ & $0.0544172$ & $0.0551638$ & $-0.0426137$ & $0.129615$ & $0.0749609$ & $-0.112349$ & $0.0385471$ & $-0.331732$ & $-0.0833798$ & $1$ & $0.0275318$ & $-0.22901$ & $0.158965$ & $0.0521265$ & $0.238051$ & $-0.0663029$ & $-0.224581$ & $0.0126119$ & $-0.390721$ & $0.322173$ \\
eHZZpar & $-0.119049$ & $0.262966$ & $0.10156$ & $0.136655$ & $-0.00356913$ & $-0.00196193$ & $-0.0789762$ & $0.0106425$ & $0.00372131$ & $-0.0654403$ & $0.036685$ & $0.0979611$ & $0.0993457$ & $-0.102691$ & $-0.0232849$ & $-0.040197$ & $-0.0800983$ & $-0.0570908$ & $-0.0564747$ & $-0.00618626$ & $-0.0323099$ & $0.0136582$ & $0.0558017$ & $-0.0499799$ & $-0.0560871$ & $-0.0359259$ & $0.0563483$ & $0.00730354$ & $-0.0132545$ & $0.0117344$ & $-0.0142039$ & $-0.065604$ & $0.0785085$ & $0.0429633$ & $-0.00518762$ & $-0.026147$ & $0.149217$ & $-0.0570612$ & $0.0275318$ & $1$ & $-0.106176$ & $-0.038003$ & $-0.177328$ & $-0.0628358$ & $-0.189072$ & $-0.187623$ & $-0.0900416$ & $-0.0157836$ & $0.175312$ \\
eHZgaint & $0.283666$ & $-0.276362$ & $-0.0321918$ & $-0.0716917$ & $-0.0206773$ & $0.0407574$ & $0.042934$ & $0.0182664$ & $0.0180697$ & $-0.00391506$ & $-0.0309221$ & $-0.0238429$ & $-0.019169$ & $0.0184189$ & $0.0351278$ & $0.0666164$ & $0.00913655$ & $-0.0131632$ & $-0.0403512$ & $0.0201352$ & $-0.0180684$ & $-0.0234624$ & $0.0513873$ & $0.0333985$ & $-0.065415$ & $-0.0815245$ & $-0.155868$ & $0.0416547$ & $-0.0405583$ & $-0.00468663$ & $0.0152843$ & $0.0309671$ & $0.0127569$ & $-0.0420333$ & $-0.312707$ & $0.0990257$ & $-0.115562$ & $0.0159323$ & $-0.22901$ & $-0.106176$ & $1$ & $0.334908$ & $-0.0864588$ & $-0.0457255$ & $-0.168242$ & $0.0967703$ & $0.23315$ & $0.136294$ & $0.00592966$ \\
eHZgapar & $-0.0312868$ & $0.0458594$ & $0.0109646$ & $-0.0849685$ & $-0.0279619$ & $0.00836301$ & $0.0860701$ & $-0.0215344$ & $-0.027599$ & $-0.00671242$ & $0.025797$ & $-0.051549$ & $-0.0501178$ & $-0.0049632$ & $0.00997846$ & $0.0365681$ & $0.00651867$ & $0.012611$ & $-0.0114981$ & $-0.0327602$ & $-0.0365121$ & $-0.00966509$ & $-0.0240874$ & $0.0285106$ & $-0.00882989$ & $0.0364281$ & $-0.0589439$ & $-0.00643543$ & $-0.0515111$ & $0.00625526$ & $0.0286077$ & $0.0903122$ & $0.0575727$ & $0.00409808$ & $-0.390734$ & $0.000627748$ & $0.022995$ & $-0.0995231$ & $0.158965$ & $-0.038003$ & $0.334908$ & $1$ & $-0.343576$ & $-0.119385$ & $-0.0225238$ & $0.139346$ & $0.153513$ & $-0.129553$ & $0.232633$ \\
eHgagaint & $0.308799$ & $-0.284228$ & $-0.192812$ & $0.137944$ & $0.0907762$ & $-0.0235283$ & $0.0552879$ & $-0.0720662$ & $-0.0431721$ & $0.0804582$ & $0.0335334$ & $-0.00649305$ & $-0.00901353$ & $0.0762875$ & $-0.0366113$ & $-0.0550842$ & $0.117477$ & $0.114348$ & $0.127698$ & $-0.0587096$ & $0.0118895$ & $-0.0546139$ & $-0.013954$ & $0.0681166$ & $0.123941$ & $-0.000374992$ & $0.0116328$ & $0.0403699$ & $-0.0339472$ & $-0.0142035$ & $0.0188708$ & $0.0659991$ & $0.0235125$ & $-0.0377387$ & $0.360038$ & $0.085108$ & $0.0850918$ & $0.115392$ & $0.0521265$ & $-0.177328$ & $-0.0864588$ & $-0.343576$ & $1$ & $0.0954051$ & $-0.326513$ & $-0.239627$ & $-0.0447529$ & $0.184428$ & $-0.0150625$ \\
eHmumuint & $0.0895471$ & $0.0992854$ & $0.265311$ & $0.189882$ & $-0.00315231$ & $0.000634458$ & $-0.0757805$ & $-0.00828049$ & $-0.00487728$ & $0.037561$ & $-0.0036922$ & $0.126431$ & $0.128745$ & $0.00819952$ & $-0.0239414$ & $-0.0601437$ & $0.0263821$ & $0.0227947$ & $0.0481646$ & $0.0034074$ & $0.0316712$ & $0.0202542$ & $0.030552$ & $0.0164305$ & $0.0326671$ & $-0.053452$ & $0.0429194$ & $0.0111983$ & $-0.00624605$ & $0.0661175$ & $0.0454598$ & $-0.0585532$ & $0.0481573$ & $0.0158665$ & $0.0885386$ & $0.171919$ & $-0.370339$ & $0.163017$ & $0.238051$ & $-0.0628358$ & $-0.0457255$ & $-0.119385$ & $0.0954051$ & $1$ & $0.207023$ & $-0.0254795$ & $0.191343$ & $-0.27617$ & $0.0222237$ \\
eHtautauint & $-0.450559$ & $0.223973$ & $0.329057$ & $-0.427577$ & $-0.0740651$ & $0.00511001$ & $-0.0576574$ & $-0.00660774$ & $-0.0199359$ & $0.0356052$ & $-0.00488217$ & $0.0376048$ & $0.0510175$ & $0.0205065$ & $0.025874$ & $0.0565808$ & $0.0187549$ & $-0.012219$ & $-0.0263151$ & $0.00064166$ & $0.0070629$ & $0.0086571$ & $-0.0091788$ & $0.027368$ & $-0.0149996$ & $0.00216169$ & $-0.0743603$ & $-0.0534926$ & $0.0519652$ & $0.00529109$ & $0.00320005$ & $-0.0707859$ & $-0.049058$ & $-0.00111562$ & $0.00290651$ & $0.292924$ & $-0.100854$ & $0.036098$ & $-0.0663029$ & $-0.189072$ & $-0.168242$ & $-0.0225238$ & $-0.326513$ & $0.207023$ & $1$ & $0.359972$ & $0.184851$ & $-0.208723$ & $0.00204338$ \\
eHccint & $-0.228438$ & $0.290926$ & $0.122159$ & $0.0688881$ & $-0.106572$ & $-0.00539798$ & $-0.0134342$ & $-0.00931737$ & $-0.0151436$ & $0.0516805$ & $-0.0211365$ & $-0.00918914$ & $-0.0165888$ & $0.0500322$ & $0.0124207$ & $-0.0141718$ & $0.0376794$ & $0.0393298$ & $0.0492464$ & $0.0200842$ & $0.00589833$ & $0.0415684$ & $-0.0657681$ & $0.0389717$ & $0.0461406$ & $0.0177284$ & $-0.0159614$ & $0.057381$ & $0.00334337$ & $-0.0105157$ & $0.0350924$ & $-0.0137113$ & $-0.0508221$ & $0.0299085$ & $0.00519408$ & $-0.0207394$ & $0.0701103$ & $0.163585$ & $-0.224581$ & $-0.187623$ & $0.0967703$ & $0.139346$ & $-0.239627$ & $-0.0254795$ & $0.359972$ & $1$ & $0.0872071$ & $-0.119888$ & $-0.122005$ \\
eHccpar & $-0.0238274$ & $-0.210438$ & $0.114435$ & $-0.0979057$ & $0.0568402$ & $-0.0143788$ & $0.03211$ & $0.0412658$ & $0.0421335$ & $0.0278085$ & $-0.0693644$ & $-0.0363749$ & $-0.0362968$ & $0.0504582$ & $-0.00375472$ & $-0.0141392$ & $0.0513702$ & $0.0256658$ & $0.0401567$ & $0.057414$ & $0.0374977$ & $0.0381512$ & $-0.0139491$ & $0.0185394$ & $0.0395278$ & $0.0222564$ & $0.0257833$ & $0.0397401$ & $-0.0496117$ & $-0.00132269$ & $0.133031$ & $0.0271336$ & $-0.00528059$ & $0.00941663$ & $-0.255092$ & $0.129898$ & $0.0164195$ & $0.0164529$ & $0.0126119$ & $-0.0900416$ & $0.23315$ & $0.153513$ & $-0.0447529$ & $0.191343$ & $0.184851$ & $0.0872071$ & $1$ & $-0.034033$ & $0.0191516$ \\
eHbbint & $0.1592$ & $-0.328201$ & $-0.0411384$ & $0.169557$ & $0.0272504$ & $0.0695386$ & $-0.018444$ & $0.0243768$ & $0.0269001$ & $-0.0255768$ & $-0.0201852$ & $-0.0119506$ & $-0.0109041$ & $0.0132385$ & $0.0812003$ & $0.0653951$ & $-0.0396054$ & $-0.0706009$ & $-0.055016$ & $0.0136726$ & $-0.028177$ & $-0.0276233$ & $-0.0408973$ & $-0.0121855$ & $-0.089198$ & $0.0302504$ & $-0.144328$ & $5.53187e-05$ & $-0.0146343$ & $-0.0549968$ & $-0.0634744$ & $-0.0331403$ & $-0.00194426$ & $-0.088827$ & $0.189743$ & $-0.0982719$ & $0.193376$ & $0.0822889$ & $-0.390721$ & $-0.0157836$ & $0.136294$ & $-0.129553$ & $0.184428$ & $-0.27617$ & $-0.208723$ & $-0.119888$ & $-0.034033$ & $1$ & $-0.0795395$ \\
eHbbpar & $0.123948$ & $0.193043$ & $0.187798$ & $-0.0687802$ & $-0.078704$ & $-0.0389093$ & $-0.0483653$ & $-0.0403463$ & $-0.0402266$ & $-0.00492151$ & $0.0462402$ & $0.0546625$ & $0.0648842$ & $-0.0105111$ & $0.00675934$ & $0.0634642$ & $0.0124683$ & $0.00640387$ & $-0.0332958$ & $-0.0511751$ & $-0.0542223$ & $-0.0456687$ & $-0.0332919$ & $0.0448145$ & $-0.034975$ & $0.0681969$ & $-0.0713086$ & $-0.0490524$ & $0.0129239$ & $0.00127544$ & $0.0117678$ & $-0.0611504$ & $0.24354$ & $0.00371487$ & $-0.178143$ & $0.151472$ & $-0.0663201$ & $-0.221352$ & $0.322173$ & $0.175312$ & $0.00592966$ & $0.232633$ & $-0.0150625$ & $0.0222237$ & $0.00204338$ & $-0.122005$ & $0.0191516$ & $-0.0795395$ & $1$ \\
