 & AlsMz & dAle5Mz & mtop & mHl & Mz & CW & CHG & CHWB & CHWHB_gaga & CHWHB_gagaorth & CHD & CHbox & CH & CHL1_11 & CHL1_22 & CHL1_33 & CHL3_11 & CHL3_22 & CHL3_33 & CHe_11 & CHe_22 & CHe_33 & CHQ1_11 & CHQ1_33 & CHQ3_11 & CHu_11 & CHd_11 & CHd_33 & CeH_22r & CeH_33r & CuH_22r & CuH_33r & CdH_33r & CLL_1221 & eHggint & eHggpar & eHWWint & eHWWpar & eHZZint & eHZZpar & eHZgaint & eHZgapar & eHgagaint & eHmumuint & eHtautauint & eHccint & eHccpar & eHbbint & eHbbpar \\
AlsMz & $1$ & $-0.0981649$ & $-0.0815665$ & $-0.027624$ & $-0.00176971$ & $-0.00689992$ & $0.0245907$ & $0.00184731$ & $0.00539835$ & $0.00284177$ & $-0.0106149$ & $0.00141438$ & $0.007787$ & $0.00330605$ & $-0.00662204$ & $-0.0148064$ & $0.00583328$ & $0.0110879$ & $0.0119276$ & $0.00309337$ & $0.00189058$ & $0.00391956$ & $-0.0302816$ & $-0.0522449$ & $-0.0990079$ & $-0.0123997$ & $-0.0246788$ & $-0.0177055$ & $-0.00538611$ & $-0.0187514$ & $-0.0448811$ & $0.00911388$ & $-0.0344735$ & $0.00273398$ & $-0.0248457$ & $-0.143749$ & $0.113951$ & $0.020977$ & $-0.044314$ & $0.00327082$ & $-0.0594041$ & $-0.0218939$ & $0.00802121$ & $-0.0789905$ & $0.0434304$ & $0.131822$ & $-0.117918$ & $0.0198885$ & $-0.0330253$ \\
dAle5Mz & $-0.0981649$ & $1$ & $-0.0695058$ & $-0.0152438$ & $-0.0238642$ & $-0.00415775$ & $0.0168287$ & $-0.0622057$ & $-0.0593471$ & $0.0166402$ & $0.0501761$ & $0.00963926$ & $-0.010163$ & $-0.0329584$ & $-0.00378481$ & $-0.00804271$ & $0.00817285$ & $-0.000815046$ & $0.00103916$ & $-0.0305908$ & $-0.0326587$ & $-0.0315007$ & $0.0115549$ & $0.0160403$ & $0.021937$ & $0.022275$ & $0.0010184$ & $0.00802524$ & $-0.000266807$ & $-0.00345561$ & $0.0131859$ & $0.0257612$ & $0.00431007$ & $0.00654939$ & $0.0246465$ & $0.0627923$ & $0.00478439$ & $0.0385444$ & $0.122218$ & $0.00811792$ & $0.184019$ & $0.0321616$ & $-0.0125771$ & $-0.19449$ & $0.0222629$ & $0.0500789$ & $0.0690817$ & $-0.0885658$ & $0.0484674$ \\
mtop & $-0.0815665$ & $-0.0695058$ & $1$ & $0.0526157$ & $-0.0233808$ & $-0.0193583$ & $-0.00724647$ & $0.0199523$ & $0.0143764$ & $0.0105038$ & $-0.0236402$ & $0.00951818$ & $-0.00365532$ & $0.0291131$ & $0.00704519$ & $0.0221361$ & $0.0216883$ & $0.0186454$ & $0.00969177$ & $0.0302046$ & $0.0290605$ & $0.0308933$ & $0.0159448$ & $0.0113828$ & $0.0257675$ & $-0.0282742$ & $0.00524894$ & $0.0118236$ & $-0.0161338$ & $0.0205695$ & $-0.0103458$ & $0.0124971$ & $0.027716$ & $0.00674302$ & $0.110597$ & $-0.0476135$ & $-0.0972359$ & $0.0236276$ & $0.0357196$ & $0.0234035$ & $-0.0620662$ & $0.0353026$ & $-0.0633045$ & $0.0362658$ & $-0.048777$ & $-0.14579$ & $-0.102805$ & $0.00528548$ & $-0.00970125$ \\
mHl & $-0.027624$ & $-0.0152438$ & $0.0526157$ & $1$ & $-0.00643532$ & $0.00739581$ & $-0.0365212$ & $-0.00158377$ & $-0.00372164$ & $0.0211833$ & $-0.001679$ & $0.0236159$ & $0.00595941$ & $0.0082944$ & $-0.00639429$ & $-0.0156206$ & $0.00449334$ & $0.00984062$ & $0.0164673$ & $-0.000512606$ & $0.00210584$ & $0.00118506$ & $0.0129059$ & $0.00453104$ & $0.0154461$ & $-0.00344073$ & $0.0123806$ & $0.000940101$ & $0.02286$ & $-0.000482878$ & $0.0158186$ & $-0.0414517$ & $0.03997$ & $0.00146007$ & $-0.0593599$ & $0.0406428$ & $0.00910777$ & $-0.0374607$ & $0.00906132$ & $0.0124595$ & $0.0524593$ & $0.0259185$ & $-0.0490961$ & $0.166968$ & $-0.167232$ & $-0.0544995$ & $0.0453488$ & $0.220363$ & $0.00185821$ \\
Mz & $-0.00176971$ & $-0.0238642$ & $-0.0233808$ & $-0.00643532$ & $1$ & $0.0062856$ & $0.0182473$ & $0.00253238$ & $0.00287052$ & $-0.0118175$ & $-0.00025344$ & $-0.0230209$ & $-0.0172927$ & $0.0183418$ & $-0.000632068$ & $-0.00315706$ & $0.00822276$ & $0.0108986$ & $0.0115395$ & $0.00560184$ & $0.00886689$ & $0.00883151$ & $0.000124789$ & $0.00375318$ & $0.00408818$ & $-0.00732189$ & $-0.00440294$ & $0.0222176$ & $0.00847889$ & $-0.0037214$ & $-0.00430127$ & $0.0216876$ & $-0.00416088$ & $-0.0022563$ & $0.00291798$ & $0.00290413$ & $0.0349428$ & $0.0131622$ & $0.00624158$ & $0.00496853$ & $0.0104832$ & $0.00855136$ & $0.0104691$ & $0.0181534$ & $-0.0397869$ & $0.0183946$ & $-0.00785349$ & $-0.0305577$ & $-0.0158795$ \\
CW & $-0.00689992$ & $-0.00415775$ & $-0.0193583$ & $0.00739581$ & $0.0062856$ & $1$ & $0.013897$ & $-0.142888$ & $-0.138933$ & $0.021298$ & $0.185446$ & $0.0317398$ & $-0.0298135$ & $0.0332252$ & $-0.0743429$ & $-0.0710417$ & $-0.246586$ & $-0.0319964$ & $-0.035246$ & $-0.180078$ & $-0.190659$ & $-0.184584$ & $-0.0146173$ & $0.0293194$ & $-0.0699161$ & $0.10179$ & $-0.085042$ & $-0.0524348$ & $0.00218435$ & $-0.0080657$ & $0.0100186$ & $0.0110747$ & $0.00572525$ & $-0.131744$ & $-0.00670918$ & $-0.0124599$ & $-0.00263813$ & $-0.0198814$ & $-0.00651909$ & $-0.0299876$ & $0.036229$ & $0.00831407$ & $-0.000215128$ & $-0.00453045$ & $-0.00758949$ & $0.0208278$ & $0.008316$ & $0.0150849$ & $0.00277173$ \\
CHG & $0.0245907$ & $0.0168287$ & $-0.00724647$ & $-0.0365212$ & $0.0182473$ & $0.013897$ & $1$ & $-0.0419881$ & $0.0176778$ & $0.031454$ & $0.0305839$ & $-0.0710946$ & $-0.155741$ & $0.0181477$ & $-0.0103372$ & $-0.0181153$ & $0.0104014$ & $0.0242751$ & $0.0331096$ & $-0.0302997$ & $-0.0305937$ & $-0.0270684$ & $0.00927766$ & $0.0184389$ & $0.0204905$ & $0.0156981$ & $-0.0202023$ & $-0.0118655$ & $0.0133545$ & $-0.0320799$ & $-0.0491986$ & $0.939131$ & $-0.0508727$ & $-0.0301794$ & $0.00100648$ & $-0.00915278$ & $0.00659182$ & $0.00461083$ & $-0.0541737$ & $0.0306565$ & $-0.0132521$ & $-0.0185203$ & $3.0292e-05$ & $-0.0182783$ & $0.0245024$ & $-0.0125087$ & $-0.0223749$ & $0.00787536$ & $0.0485614$ \\
CHWB & $0.00184731$ & $-0.0622057$ & $0.0199523$ & $-0.00158377$ & $0.00253238$ & $-0.142888$ & $-0.0419881$ & $1$ & $0.980235$ & $-0.542991$ & $-0.883027$ & $-0.150977$ & $0.196423$ & $0.164872$ & $0.282777$ & $0.284589$ & $-0.149757$ & $-0.360759$ & $-0.358704$ & $0.853189$ & $0.900779$ & $0.883853$ & $0.071635$ & $-0.629828$ & $-0.323347$ & $-0.511652$ & $0.413036$ & $0.296531$ & $0.00305442$ & $0.0436084$ & $0.00341607$ & $-0.0453216$ & $0.0312238$ & $0.537673$ & $-0.0188988$ & $0.00662819$ & $-0.00173998$ & $-0.0215636$ & $-0.00177142$ & $0.0100265$ & $0.00583704$ & $0.00152535$ & $0.00450054$ & $0.000600102$ & $-0.0089832$ & $-0.00502922$ & $-0.0227037$ & $-0.00751282$ & $-0.00559842$ \\
CHWHB_gaga & $0.00539835$ & $-0.0593471$ & $0.0143764$ & $-0.00372164$ & $0.00287052$ & $-0.138933$ & $0.0176778$ & $0.980235$ & $1$ & $-0.530412$ & $-0.861684$ & $-0.130323$ & $0.193753$ & $0.152763$ & $0.275157$ & $0.280976$ & $-0.155352$ & $-0.359844$ & $-0.36116$ & $0.832965$ & $0.878928$ & $0.862967$ & $0.0696645$ & $-0.623592$ & $-0.323694$ & $-0.498117$ & $0.405033$ & $0.28677$ & $0.0114606$ & $0.0710223$ & $0.0171398$ & $0.00407795$ & $0.0612355$ & $0.528645$ & $-0.0461743$ & $0.00388778$ & $-0.0238661$ & $-0.0279842$ & $-0.00647323$ & $0.00960353$ & $0.00724647$ & $0.00071664$ & $0.0684392$ & $0.00235152$ & $-0.0102017$ & $-0.00829265$ & $-0.0125971$ & $0.00713846$ & $-0.0042198$ \\
CHWHB_gagaorth & $0.00284177$ & $0.0166402$ & $0.0105038$ & $0.0211833$ & $-0.0118175$ & $0.021298$ & $0.031454$ & $-0.542991$ & $-0.530412$ & $1$ & $0.339239$ & $0.496864$ & $-0.127558$ & $0.187043$ & $-0.109631$ & $-0.111801$ & $0.374224$ & $0.437179$ & $0.433392$ & $-0.327307$ & $-0.356258$ & $-0.352893$ & $-0.0551789$ & $0.515723$ & $0.420093$ & $0.207632$ & $-0.224665$ & $-0.120098$ & $-0.00838074$ & $-0.100601$ & $-0.0246796$ & $0.0524013$ & $-0.0963626$ & $-0.322178$ & $0.067412$ & $-0.00484556$ & $0.020864$ & $0.0337287$ & $-0.0048822$ & $-0.0110931$ & $-0.0217417$ & $-0.00811095$ & $-0.0145539$ & $-0.000119097$ & $-0.0178084$ & $0.0202924$ & $0.021302$ & $0.00185036$ & $0.000478207$ \\
CHD & $-0.0106149$ & $0.0501761$ & $-0.0236402$ & $-0.001679$ & $-0.00025344$ & $0.185446$ & $0.0305839$ & $-0.883027$ & $-0.861684$ & $0.339239$ & $1$ & $0.230697$ & $-0.0844452$ & $-0.561145$ & $-0.414416$ & $-0.4078$ & $-0.294044$ & $0.00626774$ & $0.00260973$ & $-0.990286$ & $-0.990894$ & $-0.9689$ & $-0.016376$ & $0.26606$ & $-0.0450427$ & $0.564749$ & $-0.274802$ & $-0.328827$ & $0.00688179$ & $-0.0256475$ & $-0.00362056$ & $0.0389671$ & $-0.0254442$ & $-0.337776$ & $0.0232688$ & $0.00373246$ & $-0.000844597$ & $0.016506$ & $-0.00572916$ & $-0.0138768$ & $-0.00916904$ & $0.00166122$ & $-0.00200016$ & $-0.00468359$ & $0.0064283$ & $-0.0121383$ & $0.0140953$ & $1.72261e-06$ & $-0.00770106$ \\
CHbox & $0.00141438$ & $0.00963926$ & $0.00951818$ & $0.0236159$ & $-0.0230209$ & $0.0317398$ & $-0.0710946$ & $-0.150977$ & $-0.130323$ & $0.496864$ & $0.230697$ & $1$ & $0.518464$ & $-0.230773$ & $-0.0313876$ & $-0.0307735$ & $-0.189033$ & $-0.142527$ & $-0.144441$ & $-0.215331$ & $-0.235853$ & $-0.229489$ & $-0.00964832$ & $-0.0189115$ & $-0.148924$ & $0.127308$ & $-0.104521$ & $-0.0925277$ & $0.0388882$ & $0.223742$ & $0.0765317$ & $0.00838743$ & $0.238802$ & $-0.0956852$ & $0.101568$ & $0.0268914$ & $0.0132385$ & $0.010515$ & $-0.0285501$ & $-0.0166014$ & $-0.0244564$ & $-0.0113044$ & $-0.0331021$ & $-0.0214964$ & $-0.0365055$ & $0.0193712$ & $-0.000276423$ & $-0.0224846$ & $-0.0544489$ \\
CH & $0.007787$ & $-0.010163$ & $-0.00365532$ & $0.00595941$ & $-0.0172927$ & $-0.0298135$ & $-0.155741$ & $0.196423$ & $0.193753$ & $-0.127558$ & $-0.0844452$ & $0.518464$ & $1$ & $-0.151517$ & $0.0233934$ & $0.0245587$ & $-0.207489$ & $-0.221101$ & $-0.221518$ & $0.0793003$ & $0.0924909$ & $0.093719$ & $0.0240189$ & $-0.241354$ & $-0.218193$ & $-0.0597024$ & $0.0817051$ & $0.0307837$ & $0.036999$ & $0.132091$ & $0.0683075$ & $-0.127686$ & $0.137361$ & $0.133268$ & $0.0105661$ & $-0.00323571$ & $0.0125073$ & $-0.0197922$ & $-0.0115761$ & $-0.0176495$ & $-0.0176665$ & $-0.00130712$ & $-0.00461117$ & $-0.0144892$ & $-0.0133357$ & $0.0324475$ & $-0.0119455$ & $-0.0337846$ & $-0.05178$ \\
CHL1_11 & $0.00330605$ & $-0.0329584$ & $0.0291131$ & $0.0082944$ & $0.0183418$ & $0.0332252$ & $0.0181477$ & $0.164872$ & $0.152763$ & $0.187043$ & $-0.561145$ & $-0.230773$ & $-0.151517$ & $1$ & $0.306945$ & $0.288693$ & $0.654009$ & $0.576929$ & $0.581583$ & $0.579703$ & $0.520541$ & $0.504045$ & $-0.0753599$ & $0.446372$ & $0.581273$ & $-0.301697$ & $-0.0964135$ & $0.178716$ & $-0.0225706$ & $-0.0148657$ & $0.0108085$ & $0.00732321$ & $-0.00564045$ & $-0.202918$ & $-0.0170488$ & $-0.0144007$ & $0.00124711$ & $0.00195422$ & $0.00844522$ & $0.0079591$ & $0.00748123$ & $0.00180919$ & $-0.0093401$ & $0.0136516$ & $0.00235313$ & $0.0295339$ & $0.0236705$ & $0.0152388$ & $0.0101032$ \\
CHL1_22 & $-0.00662204$ & $-0.00378481$ & $0.00704519$ & $-0.00639429$ & $-0.000632068$ & $-0.0743429$ & $-0.0103372$ & $0.282777$ & $0.275157$ & $-0.109631$ & $-0.414416$ & $-0.0313876$ & $0.0233934$ & $0.306945$ & $1$ & $0.454402$ & $0.207964$ & $-0.442377$ & $-0.00029739$ & $0.482763$ & $0.328403$ & $0.319374$ & $-0.169424$ & $0.166359$ & $-0.114439$ & $-0.202137$ & $-0.421818$ & $0.111803$ & $0.00978751$ & $0.0125327$ & $0.0176545$ & $-0.00651308$ & $0.0224603$ & $-0.627635$ & $-0.0129799$ & $-0.000497327$ & $-0.0176293$ & $-0.0130757$ & $0.01335$ & $0.00372184$ & $-0.00769917$ & $-0.00499774$ & $-0.0129028$ & $-0.00127946$ & $0.000496858$ & $0.0213006$ & $-0.00638301$ & $0.00798445$ & $0.00158173$ \\
CHL1_33 & $-0.0148064$ & $-0.00804271$ & $0.0221361$ & $-0.0156206$ & $-0.00315706$ & $-0.0710417$ & $-0.0181153$ & $0.284589$ & $0.280976$ & $-0.111801$ & $-0.4078$ & $-0.0307735$ & $0.0245587$ & $0.288693$ & $0.454402$ & $1$ & $0.195434$ & $-0.0122453$ & $-0.434641$ & $0.47228$ & $0.324605$ & $0.343855$ & $-0.175326$ & $0.140201$ & $-0.116235$ & $-0.190346$ & $-0.408065$ & $0.111809$ & $0.00545603$ & $-0.00299002$ & $0.00553351$ & $-0.0152393$ & $0.00194801$ & $-0.130601$ & $0.012977$ & $0.0241618$ & $-0.00453986$ & $-0.00453732$ & $0.0087171$ & $0.00810502$ & $-0.00902769$ & $-0.000532388$ & $0.023629$ & $-0.0360034$ & $-0.0211588$ & $0.0190384$ & $-0.0202638$ & $-0.0117445$ & $-0.0132745$ \\
CHL3_11 & $0.00583328$ & $0.00817285$ & $0.0216883$ & $0.00449334$ & $0.00822276$ & $-0.246586$ & $0.0104014$ & $-0.149757$ & $-0.155352$ & $0.374224$ & $-0.294044$ & $-0.189033$ & $-0.207489$ & $0.654009$ & $0.207964$ & $0.195434$ & $1$ & $0.704693$ & $0.707053$ & $0.316049$ & $0.261827$ & $0.248874$ & $-0.0681627$ & $0.637983$ & $0.753115$ & $-0.147499$ & $-0.134894$ & $0.0930344$ & $-0.0203594$ & $-0.0400697$ & $-0.0111596$ & $-0.00200479$ & $-0.0121737$ & $-0.211896$ & $-0.00640066$ & $-0.0238087$ & $0.00867135$ & $0.0089362$ & $0.0222349$ & $0.0106901$ & $0.00346615$ & $-0.0125816$ & $-0.00141514$ & $0.0228838$ & $0.00577236$ & $0.0216607$ & $0.00468086$ & $0.00991928$ & $0.0348062$ \\
CHL3_22 & $0.0110879$ & $-0.000815046$ & $0.0186454$ & $0.00984062$ & $0.0108986$ & $-0.0319964$ & $0.0242751$ & $-0.360759$ & $-0.359844$ & $0.437179$ & $0.00626774$ & $-0.142527$ & $-0.221101$ & $0.576929$ & $-0.442377$ & $-0.0122453$ & $0.704693$ & $1$ & $0.638156$ & $-0.0122183$ & $0.00212941$ & $0.000223087$ & $0.00947188$ & $0.55734$ & $0.773293$ & $0.00576351$ & $0.0383006$ & $0.00356381$ & $-0.0251667$ & $-0.0415205$ & $-0.0108449$ & $0.0121836$ & $-0.0271887$ & $0.103297$ & $0.00167974$ & $-0.0191801$ & $0.0143921$ & $0.0159957$ & $0.00278251$ & $0.0049523$ & $0.00972627$ & $-0.00325328$ & $0.00621044$ & $0.0119947$ & $0.000846241$ & $0.0139671$ & $0.0185778$ & $0.00852808$ & $0.0190602$ \\
CHL3_33 & $0.0119276$ & $0.00103916$ & $0.00969177$ & $0.0164673$ & $0.0115395$ & $-0.035246$ & $0.0331096$ & $-0.358704$ & $-0.36116$ & $0.433392$ & $0.00260973$ & $-0.144441$ & $-0.221518$ & $0.581583$ & $-0.00029739$ & $-0.434641$ & $0.707053$ & $0.638156$ & $1$ & $-0.00593143$ & $0.00556596$ & $0.00312298$ & $0.0145773$ & $0.571252$ & $0.770129$ & $-0.00224687$ & $0.0340611$ & $0.00527577$ & $-0.0248237$ & $-0.0309351$ & $-0.00576419$ & $0.0208631$ & $-0.0144894$ & $-0.299383$ & $-0.0186185$ & $-0.0395891$ & $0.0122457$ & $0.0100118$ & $0.00861866$ & $-0.000862748$ & $0.00506129$ & $-0.00406189$ & $-0.0276405$ & $0.0397613$ & $0.0158977$ & $0.0182587$ & $0.0268466$ & $0.0234342$ & $0.0305618$ \\
CHe_11 & $0.00309337$ & $-0.0305908$ & $0.0302046$ & $-0.000512606$ & $0.00560184$ & $-0.180078$ & $-0.0302997$ & $0.853189$ & $0.832965$ & $-0.327307$ & $-0.990286$ & $-0.215331$ & $0.0793003$ & $0.579703$ & $0.482763$ & $0.47228$ & $0.316049$ & $-0.0122183$ & $-0.00593143$ & $1$ & $0.97187$ & $0.950933$ & $-0.00860928$ & $-0.209298$ & $0.0488376$ & $-0.556013$ & $0.197059$ & $0.320968$ & $-0.00523053$ & $0.0277388$ & $0.00720123$ & $-0.0370258$ & $0.0275546$ & $0.255319$ & $-0.0219979$ & $-0.00206774$ & $-0.00269328$ & $-0.0160206$ & $0.00644689$ & $0.0144456$ & $0.0116832$ & $-0.000401564$ & $0.000906105$ & $-0.00118578$ & $-0.00765623$ & $0.013404$ & $-0.0136426$ & $-0.000219311$ & $0.00654742$ \\
CHe_22 & $0.00189058$ & $-0.0326587$ & $0.0290605$ & $0.00210584$ & $0.00886689$ & $-0.190659$ & $-0.0305937$ & $0.900779$ & $0.878928$ & $-0.356258$ & $-0.990894$ & $-0.235853$ & $0.0924909$ & $0.520541$ & $0.328403$ & $0.324605$ & $0.261827$ & $0.00212941$ & $0.00556596$ & $0.97187$ & $1$ & $0.973947$ & $0.0450609$ & $-0.324854$ & $0.0430557$ & $-0.565907$ & $0.358906$ & $0.330605$ & $-0.009341$ & $0.0278482$ & $0.00264232$ & $-0.0390963$ & $0.0248986$ & $0.426795$ & $-0.0223881$ & $-0.00347991$ & $0.00286338$ & $-0.015896$ & $0.00895377$ & $0.013957$ & $0.0136631$ & $0.000100807$ & $0.00031515$ & $0.00444463$ & $-0.00547539$ & $0.00640908$ & $-0.0124181$ & $-0.00322833$ & $0.00839462$ \\
CHe_33 & $0.00391956$ & $-0.0315007$ & $0.0308933$ & $0.00118506$ & $0.00883151$ & $-0.184584$ & $-0.0270684$ & $0.883853$ & $0.862967$ & $-0.352893$ & $-0.9689$ & $-0.229489$ & $0.093719$ & $0.504045$ & $0.319374$ & $0.343855$ & $0.248874$ & $0.000223087$ & $0.00312298$ & $0.950933$ & $0.973947$ & $1$ & $0.0406829$ & $-0.320897$ & $0.0365483$ & $-0.551182$ & $0.350482$ & $0.327149$ & $-0.00992132$ & $0.0234853$ & $-0.00356219$ & $-0.0356687$ & $0.0224209$ & $0.423341$ & $-0.0186055$ & $-0.00388517$ & $0.0019031$ & $-0.0151914$ & $0.00813444$ & $0.00841932$ & $0.0107256$ & $0.00140514$ & $0.000241982$ & $0.00128414$ & $-0.00449139$ & $0.0101044$ & $-0.0157785$ & $-0.0046828$ & $0.00729409$ \\
CHQ1_11 & $-0.0302816$ & $0.0115549$ & $0.0159448$ & $0.0129059$ & $0.000124789$ & $-0.0146173$ & $0.00927766$ & $0.071635$ & $0.0696645$ & $-0.0551789$ & $-0.016376$ & $-0.00964832$ & $0.0240189$ & $-0.0753599$ & $-0.169424$ & $-0.175326$ & $-0.0681627$ & $0.00947188$ & $0.0145773$ & $-0.00860928$ & $0.0450609$ & $0.0406829$ & $1$ & $-0.145727$ & $0.0945856$ & $-0.674129$ & $0.349824$ & $0.0152561$ & $-0.0159051$ & $0.00379889$ & $0.00223752$ & $0.0133962$ & $0.00428485$ & $0.202086$ & $0.00317247$ & $0.0220619$ & $0.01071$ & $0.0041133$ & $-0.0214576$ & $-0.000159136$ & $-0.00258151$ & $0.0136642$ & $-0.000701546$ & $-0.00193161$ & $0.00258219$ & $-0.0118469$ & $-0.00685404$ & $-0.000929321$ & $-0.0034867$ \\
CHQ1_33 & $-0.0522449$ & $0.0160403$ & $0.0113828$ & $0.00453104$ & $0.00375318$ & $0.0293194$ & $0.0184389$ & $-0.629828$ & $-0.623592$ & $0.515723$ & $0.26606$ & $-0.0189115$ & $-0.241354$ & $0.446372$ & $0.166359$ & $0.140201$ & $0.637983$ & $0.55734$ & $0.571252$ & $-0.209298$ & $-0.324854$ & $-0.320897$ & $-0.145727$ & $1$ & $0.585746$ & $0.178398$ & $-0.427684$ & $0.000351208$ & $-0.00616055$ & $-0.0474116$ & $-0.00240839$ & $0.0166674$ & $-0.0260545$ & $-0.62842$ & $0.00184031$ & $-0.00417601$ & $-0.00367181$ & $0.0147479$ & $0.0134496$ & $0.00411461$ & $-0.00481872$ & $0.00148032$ & $-0.0102096$ & $0.012781$ & $0.00522806$ & $0.0190904$ & $0.0192005$ & $0.0103745$ & $0.0113002$ \\
CHQ3_11 & $-0.0990079$ & $0.021937$ & $0.0257675$ & $0.0154461$ & $0.00408818$ & $-0.0699161$ & $0.0204905$ & $-0.323347$ & $-0.323694$ & $0.420093$ & $-0.0450427$ & $-0.148924$ & $-0.218193$ & $0.581273$ & $-0.114439$ & $-0.116235$ & $0.753115$ & $0.773293$ & $0.770129$ & $0.0488376$ & $0.0430557$ & $0.0365483$ & $0.0945856$ & $0.585746$ & $1$ & $-0.0192934$ & $0.25731$ & $0.0209791$ & $-0.0194266$ & $-0.0433041$ & $-0.00959179$ & $0.0100849$ & $-0.0243078$ & $-0.141068$ & $-0.00801467$ & $-0.0203112$ & $0.00761385$ & $0.00371468$ & $0.0211788$ & $0.0165631$ & $0.0215931$ & $-0.00901148$ & $0.00100102$ & $0.0363703$ & $0.020615$ & $-0.00519343$ & $0.0259144$ & $0.0105358$ & $0.0290541$ \\
CHu_11 & $-0.0123997$ & $0.022275$ & $-0.0282742$ & $-0.00344073$ & $-0.00732189$ & $0.10179$ & $0.0156981$ & $-0.511652$ & $-0.498117$ & $0.207632$ & $0.564749$ & $0.127308$ & $-0.0597024$ & $-0.301697$ & $-0.202137$ & $-0.190346$ & $-0.147499$ & $0.00576351$ & $-0.00224687$ & $-0.556013$ & $-0.565907$ & $-0.551182$ & $-0.674129$ & $0.178398$ & $-0.0192934$ & $1$ & $-0.163545$ & $-0.194252$ & $0.0115376$ & $-0.0238366$ & $-0.00808944$ & $0.0154037$ & $-0.0257368$ & $-0.227222$ & $0.0156506$ & $-0.0229161$ & $-0.00394933$ & $0.00563429$ & $0.0179129$ & $-0.0128297$ & $0.00453079$ & $-0.00554957$ & $0.0105682$ & $-0.00329227$ & $-0.00558586$ & $-0.00370581$ & $0.0137428$ & $-0.0198917$ & $-0.000318456$ \\
CHd_11 & $-0.0246788$ & $0.0010184$ & $0.00524894$ & $0.0123806$ & $-0.00440294$ & $-0.085042$ & $-0.0202023$ & $0.413036$ & $0.405033$ & $-0.224665$ & $-0.274802$ & $-0.104521$ & $0.0817051$ & $-0.0964135$ & $-0.421818$ & $-0.408065$ & $-0.134894$ & $0.0383006$ & $0.0340611$ & $0.197059$ & $0.358906$ & $0.350482$ & $0.349824$ & $-0.427684$ & $0.25731$ & $-0.163545$ & $1$ & $0.102717$ & $-0.00449035$ & $0.00514715$ & $-0.0211706$ & $-0.0271822$ & $-0.00664394$ & $0.690536$ & $-0.014316$ & $-0.0163186$ & $0.0229878$ & $-0.0115068$ & $0.00812464$ & $0.0159454$ & $0.0263775$ & $-9.67477e-05$ & $0.010848$ & $0.0187435$ & $0.0176017$ & $-0.0275455$ & $-0.00618544$ & $-0.0150663$ & $0.00685982$ \\
CHd_33 & $-0.0177055$ & $0.00802524$ & $0.0118236$ & $0.000940101$ & $0.0222176$ & $-0.0524348$ & $-0.0118655$ & $0.296531$ & $0.28677$ & $-0.120098$ & $-0.328827$ & $-0.0925277$ & $0.0307837$ & $0.178716$ & $0.111803$ & $0.111809$ & $0.0930344$ & $0.00356381$ & $0.00527577$ & $0.320968$ & $0.330605$ & $0.327149$ & $0.0152561$ & $0.000351208$ & $0.0209791$ & $-0.194252$ & $0.102717$ & $1$ & $0.0126273$ & $0.000661773$ & $-0.000515899$ & $-0.0172339$ & $-0.000268565$ & $0.139778$ & $-0.0064661$ & $0.00783565$ & $0.0021826$ & $-0.00699467$ & $-0.00886357$ & $0.0146562$ & $0.0125295$ & $-0.00319697$ & $-0.0274305$ & $0.00363504$ & $0.0239077$ & $-0.00707759$ & $-0.0531844$ & $-0.00690806$ & $-0.00885991$ \\
CeH_22r & $-0.00538611$ & $-0.000266807$ & $-0.0161338$ & $0.02286$ & $0.00847889$ & $0.00218435$ & $0.0133545$ & $0.00305442$ & $0.0114606$ & $-0.00838074$ & $0.00688179$ & $0.0388882$ & $0.036999$ & $-0.0225706$ & $0.00978751$ & $0.00545603$ & $-0.0203594$ & $-0.0251667$ & $-0.0248237$ & $-0.00523053$ & $-0.009341$ & $-0.00992132$ & $-0.0159051$ & $-0.00616055$ & $-0.0194266$ & $0.0115376$ & $-0.00449035$ & $0.0126273$ & $1$ & $0.0283017$ & $0.0219784$ & $-0.00189108$ & $0.0447313$ & $-0.00442516$ & $-0.0368835$ & $-0.03717$ & $-0.0504697$ & $-0.0278585$ & $0.0298045$ & $-0.0103253$ & $-0.00373439$ & $0.000249889$ & $0.024163$ & $0.0193474$ & $-0.0030837$ & $-0.00876724$ & $0.00470492$ & $0.00104694$ & $0.0189813$ \\
CeH_33r & $-0.0187514$ & $-0.00345561$ & $0.0205695$ & $-0.000482878$ & $-0.0037214$ & $-0.0080657$ & $-0.0320799$ & $0.0436084$ & $0.0710223$ & $-0.100601$ & $-0.0256475$ & $0.223742$ & $0.132091$ & $-0.0148657$ & $0.0125327$ & $-0.00299002$ & $-0.0400697$ & $-0.0415205$ & $-0.0309351$ & $0.0277388$ & $0.0278482$ & $0.0234853$ & $0.00379889$ & $-0.0474116$ & $-0.0433041$ & $-0.0238366$ & $0.00514715$ & $0.000661773$ & $0.0283017$ & $1$ & $0.318193$ & $0.106567$ & $0.655506$ & $0.0177874$ & $-0.101227$ & $1.81039e-05$ & $-0.187621$ & $-0.0186325$ & $-0.00603162$ & $0.0160575$ & $-0.00841774$ & $-0.00494724$ & $0.0225581$ & $0.00769613$ & $0.0880003$ & $-0.0207141$ & $0.012611$ & $0.0394218$ & $0.0043364$ \\
CuH_22r & $-0.0448811$ & $0.0131859$ & $-0.0103458$ & $0.0158186$ & $-0.00430127$ & $0.0100186$ & $-0.0491986$ & $0.00341607$ & $0.0171398$ & $-0.0246796$ & $-0.00362056$ & $0.0765317$ & $0.0683075$ & $0.0108085$ & $0.0176545$ & $0.00553351$ & $-0.0111596$ & $-0.0108449$ & $-0.00576419$ & $0.00720123$ & $0.00264232$ & $-0.00356219$ & $0.00223752$ & $-0.00240839$ & $-0.00959179$ & $-0.00808944$ & $-0.0211706$ & $-0.000515899$ & $0.0219784$ & $0.318193$ & $1$ & $0.0354165$ & $0.349799$ & $-0.017562$ & $-0.096309$ & $0.0645067$ & $-0.118293$ & $-0.0393134$ & $0.0276617$ & $-0.00757839$ & $-0.00491382$ & $0.0105442$ & $0.0697941$ & $0.0257032$ & $0.0130786$ & $0.059742$ & $0.357311$ & $0.0281304$ & $-0.00333631$ \\
CuH_33r & $0.00911388$ & $0.0257612$ & $0.0124971$ & $-0.0414517$ & $0.0216876$ & $0.0110747$ & $0.939131$ & $-0.0453216$ & $0.00407795$ & $0.0524013$ & $0.0389671$ & $0.00838743$ & $-0.127686$ & $0.00732321$ & $-0.00651308$ & $-0.0152393$ & $-0.00200479$ & $0.0121836$ & $0.0208631$ & $-0.0370258$ & $-0.0390963$ & $-0.0356687$ & $0.0133962$ & $0.0166674$ & $0.0100849$ & $0.0154037$ & $-0.0271822$ & $-0.0172339$ & $-0.00189108$ & $0.106567$ & $0.0354165$ & $1$ & $0.115645$ & $-0.0362678$ & $0.0682238$ & $0.0244793$ & $-0.0195029$ & $0.00627957$ & $-0.061408$ & $0.0346022$ & $-0.026185$ & $-0.0145167$ & $0.00292182$ & $-0.0411223$ & $0.0176636$ & $-0.00643216$ & $-0.01679$ & $-0.00464324$ & $0.0442764$ \\
CdH_33r & $-0.0344735$ & $0.00431007$ & $0.027716$ & $0.03997$ & $-0.00416088$ & $0.00572525$ & $-0.0508727$ & $0.0312238$ & $0.0612355$ & $-0.0963626$ & $-0.0254442$ & $0.238802$ & $0.137361$ & $-0.00564045$ & $0.0224603$ & $0.00194801$ & $-0.0121737$ & $-0.0271887$ & $-0.0144894$ & $0.0275546$ & $0.0248986$ & $0.0224209$ & $0.00428485$ & $-0.0260545$ & $-0.0243078$ & $-0.0257368$ & $-0.00664394$ & $-0.000268565$ & $0.0447313$ & $0.655506$ & $0.349799$ & $0.115645$ & $1$ & $0.00336249$ & $-0.159679$ & $0.00289742$ & $-0.262907$ & $-0.0424125$ & $0.0291653$ & $-0.0140387$ & $0.00439999$ & $-0.0207261$ & $0.0484163$ & $0.0281778$ & $0.0063233$ & $-0.00194682$ & $0.00542125$ & $0.176543$ & $0.432009$ \\
CLL_1221 & $0.00273398$ & $0.00654939$ & $0.00674302$ & $0.00146007$ & $-0.0022563$ & $-0.131744$ & $-0.0301794$ & $0.537673$ & $0.528645$ & $-0.322178$ & $-0.337776$ & $-0.0956852$ & $0.133268$ & $-0.202918$ & $-0.627635$ & $-0.130601$ & $-0.211896$ & $0.103297$ & $-0.299383$ & $0.255319$ & $0.426795$ & $0.423341$ & $0.202086$ & $-0.62842$ & $-0.141068$ & $-0.227222$ & $0.690536$ & $0.139778$ & $-0.00442516$ & $0.0177874$ & $-0.017562$ & $-0.0362678$ & $0.00336249$ & $1$ & $-0.000143015$ & $0.00714901$ & $0.0147301$ & $-0.00483458$ & $-0.00224921$ & $0.00639212$ & $0.0201134$ & $0.00212932$ & $0.0183148$ & $-0.0060344$ & $-0.00643618$ & $-0.0220764$ & $-0.0155935$ & $-0.0204548$ & $0.000413636$ \\
eHggint & $-0.0248457$ & $0.0246465$ & $0.110597$ & $-0.0593599$ & $0.00291798$ & $-0.00670918$ & $0.00100648$ & $-0.0188988$ & $-0.0461743$ & $0.067412$ & $0.0232688$ & $0.101568$ & $0.0105661$ & $-0.0170488$ & $-0.0129799$ & $0.012977$ & $-0.00640066$ & $0.00167974$ & $-0.0186185$ & $-0.0219979$ & $-0.0223881$ & $-0.0186055$ & $0.00317247$ & $0.00184031$ & $-0.00801467$ & $0.0156506$ & $-0.014316$ & $-0.0064661$ & $-0.0368835$ & $-0.101227$ & $-0.096309$ & $0.0682238$ & $-0.159679$ & $-0.000143015$ & $1$ & $-0.124924$ & $0.205153$ & $0.0433199$ & $-0.122941$ & $0.0287348$ & $0.088687$ & $-0.00534085$ & $-0.135057$ & $-0.211331$ & $-0.184025$ & $0.0562052$ & $-0.123222$ & $-0.204713$ & $-0.0964501$ \\
eHggpar & $-0.143749$ & $0.0627923$ & $-0.0476135$ & $0.0406428$ & $0.00290413$ & $-0.0124599$ & $-0.00915278$ & $0.00662819$ & $0.00388778$ & $-0.00484556$ & $0.00373246$ & $0.0268914$ & $-0.00323571$ & $-0.0144007$ & $-0.000497327$ & $0.0241618$ & $-0.0238087$ & $-0.0191801$ & $-0.0395891$ & $-0.00206774$ & $-0.00347991$ & $-0.00388517$ & $0.0220619$ & $-0.00417601$ & $-0.0203112$ & $-0.0229161$ & $-0.0163186$ & $0.00783565$ & $-0.03717$ & $1.81039e-05$ & $0.0645067$ & $0.0244793$ & $0.00289742$ & $0.00714901$ & $-0.124924$ & $1$ & $-0.0627666$ & $0.00635839$ & $-0.0905458$ & $-0.00183612$ & $-0.135523$ & $-0.00372919$ & $0.123644$ & $0.0279864$ & $0.0393862$ & $-0.125062$ & $0.134146$ & $0.0202127$ & $0.0163777$ \\
eHWWint & $0.113951$ & $0.00478439$ & $-0.0972359$ & $0.00910777$ & $0.0349428$ & $-0.00263813$ & $0.00659182$ & $-0.00173998$ & $-0.0238661$ & $0.020864$ & $-0.000844597$ & $0.0132385$ & $0.0125073$ & $0.00124711$ & $-0.0176293$ & $-0.00453986$ & $0.00867135$ & $0.0143921$ & $0.0122457$ & $-0.00269328$ & $0.00286338$ & $0.0019031$ & $0.01071$ & $-0.00367181$ & $0.00761385$ & $-0.00394933$ & $0.0229878$ & $0.0021826$ & $-0.0504697$ & $-0.187621$ & $-0.118293$ & $-0.0195029$ & $-0.262907$ & $0.0147301$ & $0.205153$ & $-0.0627666$ & $1$ & $0.0158528$ & $-0.0499382$ & $0.0169566$ & $0.0300699$ & $0.00976397$ & $-0.17885$ & $-0.0121028$ & $-0.0510612$ & $0.0228865$ & $-0.0483326$ & $-0.0710922$ & $-0.0920706$ \\
eHWWpar & $0.020977$ & $0.0385444$ & $0.0236276$ & $-0.0374607$ & $0.0131622$ & $-0.0198814$ & $0.00461083$ & $-0.0215636$ & $-0.0279842$ & $0.0337287$ & $0.016506$ & $0.010515$ & $-0.0197922$ & $0.00195422$ & $-0.0130757$ & $-0.00453732$ & $0.0089362$ & $0.0159957$ & $0.0100118$ & $-0.0160206$ & $-0.015896$ & $-0.0151914$ & $0.0041133$ & $0.0147479$ & $0.00371468$ & $0.00563429$ & $-0.0115068$ & $-0.00699467$ & $-0.0278585$ & $-0.0186325$ & $-0.0393134$ & $0.00627957$ & $-0.0424125$ & $-0.00483458$ & $0.0433199$ & $0.00635839$ & $0.0158528$ & $1$ & $0.0267051$ & $0.0173077$ & $-0.0246595$ & $-0.0065358$ & $-0.014909$ & $0.0195904$ & $-0.00235022$ & $0.0246863$ & $-0.0386644$ & $-0.041896$ & $-0.00309437$ \\
eHZZint & $-0.044314$ & $0.122218$ & $0.0357196$ & $0.00906132$ & $0.00624158$ & $-0.00651909$ & $-0.0541737$ & $-0.00177142$ & $-0.00647323$ & $-0.0048822$ & $-0.00572916$ & $-0.0285501$ & $-0.0115761$ & $0.00844522$ & $0.01335$ & $0.0087171$ & $0.0222349$ & $0.00278251$ & $0.00861866$ & $0.00644689$ & $0.00895377$ & $0.00813444$ & $-0.0214576$ & $0.0134496$ & $0.0211788$ & $0.0179129$ & $0.00812464$ & $-0.00886357$ & $0.0298045$ & $-0.00603162$ & $0.0276617$ & $-0.061408$ & $0.0291653$ & $-0.00224921$ & $-0.122941$ & $-0.0905458$ & $-0.0499382$ & $0.0267051$ & $1$ & $0.01879$ & $-0.0166856$ & $0.00964456$ & $-0.0620604$ & $0.132655$ & $-0.00320366$ & $-0.00960393$ & $0.0470444$ & $-0.0868951$ & $0.0973285$ \\
eHZZpar & $0.00327082$ & $0.00811792$ & $0.0234035$ & $0.0124595$ & $0.00496853$ & $-0.0299876$ & $0.0306565$ & $0.0100265$ & $0.00960353$ & $-0.0110931$ & $-0.0138768$ & $-0.0166014$ & $-0.0176495$ & $0.0079591$ & $0.00372184$ & $0.00810502$ & $0.0106901$ & $0.0049523$ & $-0.000862748$ & $0.0144456$ & $0.013957$ & $0.00841932$ & $-0.000159136$ & $0.00411461$ & $0.0165631$ & $-0.0128297$ & $0.0159454$ & $0.0146562$ & $-0.0103253$ & $0.0160575$ & $-0.00757839$ & $0.0346022$ & $-0.0140387$ & $0.00639212$ & $0.0287348$ & $-0.00183612$ & $0.0169566$ & $0.0173077$ & $0.01879$ & $1$ & $0.0298361$ & $0.0190165$ & $0.00215988$ & $0.0101135$ & $0.0112787$ & $0.00811655$ & $-0.0231484$ & $-0.0278806$ & $-0.0271119$ \\
eHZgaint & $-0.0594041$ & $0.184019$ & $-0.0620662$ & $0.0524593$ & $0.0104832$ & $0.036229$ & $-0.0132521$ & $0.00583704$ & $0.00724647$ & $-0.0217417$ & $-0.00916904$ & $-0.0244564$ & $-0.0176665$ & $0.00748123$ & $-0.00769917$ & $-0.00902769$ & $0.00346615$ & $0.00972627$ & $0.00506129$ & $0.0116832$ & $0.0136631$ & $0.0107256$ & $-0.00258151$ & $-0.00481872$ & $0.0215931$ & $0.00453079$ & $0.0263775$ & $0.0125295$ & $-0.00373439$ & $-0.00841774$ & $-0.00491382$ & $-0.026185$ & $0.00439999$ & $0.0201134$ & $0.088687$ & $-0.135523$ & $0.0300699$ & $-0.0246595$ & $-0.0166856$ & $0.0298361$ & $1$ & $0.0138404$ & $-0.0404319$ & $-0.0606444$ & $0.0310584$ & $-0.106702$ & $0.0134431$ & $0.0500547$ & $0.0408022$ \\
eHZgapar & $-0.0218939$ & $0.0321616$ & $0.0353026$ & $0.0259185$ & $0.00855136$ & $0.00831407$ & $-0.0185203$ & $0.00152535$ & $0.00071664$ & $-0.00811095$ & $0.00166122$ & $-0.0113044$ & $-0.00130712$ & $0.00180919$ & $-0.00499774$ & $-0.000532388$ & $-0.0125816$ & $-0.00325328$ & $-0.00406189$ & $-0.000401564$ & $0.000100807$ & $0.00140514$ & $0.0136642$ & $0.00148032$ & $-0.00901148$ & $-0.00554957$ & $-9.67477e-05$ & $-0.00319697$ & $0.000249889$ & $-0.00494724$ & $0.0105442$ & $-0.0145167$ & $-0.0207261$ & $0.00212932$ & $-0.00534085$ & $-0.00372919$ & $0.00976397$ & $-0.0065358$ & $0.00964456$ & $0.0190165$ & $0.0138404$ & $1$ & $0.00380654$ & $-0.0147878$ & $-0.012272$ & $0.0450331$ & $0.0246412$ & $-0.029192$ & $-0.0217618$ \\
eHgagaint & $0.00802121$ & $-0.0125771$ & $-0.0633045$ & $-0.0490961$ & $0.0104691$ & $-0.000215128$ & $3.0292e-05$ & $0.00450054$ & $0.0684392$ & $-0.0145539$ & $-0.00200016$ & $-0.0331021$ & $-0.00461117$ & $-0.0093401$ & $-0.0129028$ & $0.023629$ & $-0.00141514$ & $0.00621044$ & $-0.0276405$ & $0.000906105$ & $0.00031515$ & $0.000241982$ & $-0.000701546$ & $-0.0102096$ & $0.00100102$ & $0.0105682$ & $0.010848$ & $-0.0274305$ & $0.024163$ & $0.0225581$ & $0.0697941$ & $0.00292182$ & $0.0484163$ & $0.0183148$ & $-0.135057$ & $0.123644$ & $-0.17885$ & $-0.014909$ & $-0.0620604$ & $0.00215988$ & $-0.0404319$ & $0.00380654$ & $1$ & $-0.0378717$ & $-0.0727523$ & $-0.0213417$ & $0.141448$ & $0.139938$ & $-0.0201901$ \\
eHmumuint & $-0.0789905$ & $-0.19449$ & $0.0362658$ & $0.166968$ & $0.0181534$ & $-0.00453045$ & $-0.0182783$ & $0.000600102$ & $0.00235152$ & $-0.000119097$ & $-0.00468359$ & $-0.0214964$ & $-0.0144892$ & $0.0136516$ & $-0.00127946$ & $-0.0360034$ & $0.0228838$ & $0.0119947$ & $0.0397613$ & $-0.00118578$ & $0.00444463$ & $0.00128414$ & $-0.00193161$ & $0.012781$ & $0.0363703$ & $-0.00329227$ & $0.0187435$ & $0.00363504$ & $0.0193474$ & $0.00769613$ & $0.0257032$ & $-0.0411223$ & $0.0281778$ & $-0.0060344$ & $-0.211331$ & $0.0279864$ & $-0.0121028$ & $0.0195904$ & $0.132655$ & $0.0101135$ & $-0.0606444$ & $-0.0147878$ & $-0.0378717$ & $1$ & $-0.0326686$ & $-0.0352808$ & $0.0705641$ & $0.112544$ & $0.0454811$ \\
eHtautauint & $0.0434304$ & $0.0222629$ & $-0.048777$ & $-0.167232$ & $-0.0397869$ & $-0.00758949$ & $0.0245024$ & $-0.0089832$ & $-0.0102017$ & $-0.0178084$ & $0.0064283$ & $-0.0365055$ & $-0.0133357$ & $0.00235313$ & $0.000496858$ & $-0.0211588$ & $0.00577236$ & $0.000846241$ & $0.0158977$ & $-0.00765623$ & $-0.00547539$ & $-0.00449139$ & $0.00258219$ & $0.00522806$ & $0.020615$ & $-0.00558586$ & $0.0176017$ & $0.0239077$ & $-0.0030837$ & $0.0880003$ & $0.0130786$ & $0.0176636$ & $0.0063233$ & $-0.00643618$ & $-0.184025$ & $0.0393862$ & $-0.0510612$ & $-0.00235022$ & $-0.00320366$ & $0.0112787$ & $0.0310584$ & $-0.012272$ & $-0.0727523$ & $-0.0326686$ & $1$ & $-0.241375$ & $0.0380646$ & $-0.0220545$ & $-0.0389529$ \\
eHccint & $0.131822$ & $0.0500789$ & $-0.14579$ & $-0.0544995$ & $0.0183946$ & $0.0208278$ & $-0.0125087$ & $-0.00502922$ & $-0.00829265$ & $0.0202924$ & $-0.0121383$ & $0.0193712$ & $0.0324475$ & $0.0295339$ & $0.0213006$ & $0.0190384$ & $0.0216607$ & $0.0139671$ & $0.0182587$ & $0.013404$ & $0.00640908$ & $0.0101044$ & $-0.0118469$ & $0.0190904$ & $-0.00519343$ & $-0.00370581$ & $-0.0275455$ & $-0.00707759$ & $-0.00876724$ & $-0.0207141$ & $0.059742$ & $-0.00643216$ & $-0.00194682$ & $-0.0220764$ & $0.0562052$ & $-0.125062$ & $0.0228865$ & $0.0246863$ & $-0.00960393$ & $0.00811655$ & $-0.106702$ & $0.0450331$ & $-0.0213417$ & $-0.0352808$ & $-0.241375$ & $1$ & $0.0525274$ & $-0.181267$ & $0.059911$ \\
eHccpar & $-0.117918$ & $0.0690817$ & $-0.102805$ & $0.0453488$ & $-0.00785349$ & $0.008316$ & $-0.0223749$ & $-0.0227037$ & $-0.0125971$ & $0.021302$ & $0.0140953$ & $-0.000276423$ & $-0.0119455$ & $0.0236705$ & $-0.00638301$ & $-0.0202638$ & $0.00468086$ & $0.0185778$ & $0.0268466$ & $-0.0136426$ & $-0.0124181$ & $-0.0157785$ & $-0.00685404$ & $0.0192005$ & $0.0259144$ & $0.0137428$ & $-0.00618544$ & $-0.0531844$ & $0.00470492$ & $0.012611$ & $0.357311$ & $-0.01679$ & $0.00542125$ & $-0.0155935$ & $-0.123222$ & $0.134146$ & $-0.0483326$ & $-0.0386644$ & $0.0470444$ & $-0.0231484$ & $0.0134431$ & $0.0246412$ & $0.141448$ & $0.0705641$ & $0.0380646$ & $0.0525274$ & $1$ & $0.0699763$ & $-0.0386763$ \\
eHbbint & $0.0198885$ & $-0.0885658$ & $0.00528548$ & $0.220363$ & $-0.0305577$ & $0.0150849$ & $0.00787536$ & $-0.00751282$ & $0.00713846$ & $0.00185036$ & $1.72261e-06$ & $-0.0224846$ & $-0.0337846$ & $0.0152388$ & $0.00798445$ & $-0.0117445$ & $0.00991928$ & $0.00852808$ & $0.0234342$ & $-0.000219311$ & $-0.00322833$ & $-0.0046828$ & $-0.000929321$ & $0.0103745$ & $0.0105358$ & $-0.0198917$ & $-0.0150663$ & $-0.00690806$ & $0.00104694$ & $0.0394218$ & $0.0281304$ & $-0.00464324$ & $0.176543$ & $-0.0204548$ & $-0.204713$ & $0.0202127$ & $-0.0710922$ & $-0.041896$ & $-0.0868951$ & $-0.0278806$ & $0.0500547$ & $-0.029192$ & $0.139938$ & $0.112544$ & $-0.0220545$ & $-0.181267$ & $0.0699763$ & $1$ & $-0.000511903$ \\
eHbbpar & $-0.0330253$ & $0.0484674$ & $-0.00970125$ & $0.00185821$ & $-0.0158795$ & $0.00277173$ & $0.0485614$ & $-0.00559842$ & $-0.0042198$ & $0.000478207$ & $-0.00770106$ & $-0.0544489$ & $-0.05178$ & $0.0101032$ & $0.00158173$ & $-0.0132745$ & $0.0348062$ & $0.0190602$ & $0.0305618$ & $0.00654742$ & $0.00839462$ & $0.00729409$ & $-0.0034867$ & $0.0113002$ & $0.0290541$ & $-0.000318456$ & $0.00685982$ & $-0.00885991$ & $0.0189813$ & $0.0043364$ & $-0.00333631$ & $0.0442764$ & $0.432009$ & $0.000413636$ & $-0.0964501$ & $0.0163777$ & $-0.0920706$ & $-0.00309437$ & $0.0973285$ & $-0.0271119$ & $0.0408022$ & $-0.0217618$ & $-0.0201901$ & $0.0454811$ & $-0.0389529$ & $0.059911$ & $-0.0386763$ & $-0.000511903$ & $1$ \\
