 & AlsMz & dAle5Mz & mtop & mHl & Mz & CW & CHG & CHWB & CHWHB_gaga & CHWHB_gagaorth & CHD & CHbox & CH & CHL1_11 & CHL1_22 & CHL1_33 & CHL3_11 & CHL3_22 & CHL3_33 & CHe_11 & CHe_22 & CHe_33 & CHQ1_11 & CHQ1_33 & CHQ3_11 & CHu_11 & CHd_11 & CHd_33 & CeH_22r & CeH_33r & CuH_22r & CuH_33r & CdH_33r & CLL_1221 & eHggint & eHggpar & eHWWint & eHWWpar & eHZZint & eHZZpar & eHZgaint & eHZgapar & eHgagaint & eHmumuint & eHtautauint & eHccint & eHccpar & eHbbint & eHbbpar \\
AlsMz & $1$ & $0.0464669$ & $0.0914346$ & $0.117677$ & $0.00910614$ & $-0.00502299$ & $0.0202551$ & $-0.0261207$ & $-0.0312297$ & $0.0189164$ & $0.00888804$ & $0.00661845$ & $-0.0101343$ & $0.010372$ & $0.00993483$ & $0.00968143$ & $0.0218409$ & $0.0148722$ & $0.0150253$ & $-0.0113445$ & $-0.0168424$ & $-0.0163757$ & $-0.00877452$ & $-0.0193252$ & $-0.0757849$ & $-0.0222959$ & $-0.0531551$ & $0.000942876$ & $-0.000230045$ & $-0.0198156$ & $-0.00891854$ & $0.0155638$ & $-0.0716415$ & $-0.0257546$ & $0.141765$ & $-0.137066$ & $0.104696$ & $0.0345645$ & $0.0342768$ & $-0.0263498$ & $0.0573624$ & $-0.0354047$ & $-0.0721914$ & $-0.0170831$ & $-0.0533051$ & $-0.0390933$ & $-0.016178$ & $0.0182771$ & $-0.122884$ \\
dAle5Mz & $0.0464669$ & $1$ & $-0.34458$ & $0.207431$ & $-0.0058276$ & $0.0215649$ & $0.0137663$ & $-0.0855706$ & $-0.0886283$ & $0.0264744$ & $0.0634005$ & $0.019935$ & $-0.00502292$ & $-0.0173504$ & $-0.0172121$ & $-0.0124501$ & $0.0208205$ & $0.0227258$ & $0.0178952$ & $-0.0416007$ & $-0.0435157$ & $-0.0430612$ & $-0.00252295$ & $0.0276792$ & $0.0140201$ & $0.017936$ & $-0.02294$ & $-0.0153165$ & $-0.00688702$ & $-0.0145361$ & $-0.0743906$ & $0.00989585$ & $-0.0374957$ & $0.00557424$ & $-0.122203$ & $0.126008$ & $0.125848$ & $0.0170363$ & $-0.0313636$ & $0.00320082$ & $-0.0329378$ & $-0.0110218$ & $-0.0921868$ & $-0.0306032$ & $-0.0135488$ & $-0.0611959$ & $-0.185469$ & $0.267809$ & $-0.154874$ \\
mtop & $0.0914346$ & $-0.34458$ & $1$ & $0.0463321$ & $0.00958125$ & $-0.00462891$ & $-0.0307969$ & $0.0430349$ & $0.0386632$ & $-0.012624$ & $-0.0374972$ & $-0.0147918$ & $0.00319739$ & $0.0249508$ & $0.00767869$ & $0.00505562$ & $0.00746762$ & $0.00392959$ & $0.00693122$ & $0.0348381$ & $0.0362792$ & $0.0341714$ & $0.0104063$ & $-0.0105157$ & $0.000461672$ & $-0.0256449$ & $0.0194738$ & $0.0214957$ & $-0.000202805$ & $0.0201505$ & $0.108343$ & $-0.0248565$ & $0.0754466$ & $0.00865775$ & $0.0923183$ & $-0.0754989$ & $-0.242146$ & $-0.00622435$ & $0.199053$ & $0.00636789$ & $0.109658$ & $0.0154479$ & $-0.0302322$ & $0.129614$ & $-0.0802467$ & $-0.0190549$ & $0.274212$ & $-0.0996371$ & $0.174631$ \\
mHl & $0.117677$ & $0.207431$ & $0.0463321$ & $1$ & $0.00293737$ & $0.00748322$ & $-0.00688731$ & $-0.0278786$ & $-0.0316766$ & $0.0183302$ & $0.0203827$ & $0.0204374$ & $0.00904571$ & $-0.00131412$ & $-0.00557046$ & $-0.00307492$ & $0.00931237$ & $0.0119435$ & $0.0103169$ & $-0.0148658$ & $-0.0169187$ & $-0.0154871$ & $-0.00559019$ & $0.0146601$ & $0.00266061$ & $0.00818912$ & $-0.0081434$ & $-0.00392599$ & $0.00162584$ & $-0.0212949$ & $-0.0572823$ & $0.00312228$ & $-0.0583527$ & $-0.00549292$ & $0.131109$ & $0.0830149$ & $-0.0221166$ & $-0.026495$ & $0.11212$ & $-0.0198336$ & $-0.105938$ & $-0.0228544$ & $-0.0372998$ & $-0.0441477$ & $-0.212277$ & $0.00755337$ & $-0.16059$ & $0.196914$ & $-0.205565$ \\
Mz & $0.00910614$ & $-0.0058276$ & $0.00958125$ & $0.00293737$ & $1$ & $-2.19303e-06$ & $0.00286545$ & $0.00281292$ & $0.00133579$ & $0.00253992$ & $0.00567768$ & $0.000179408$ & $-0.00185542$ & $-0.000993325$ & $-0.00348717$ & $0.00377832$ & $-0.000595858$ & $-0.000598427$ & $-0.00602815$ & $0.000306206$ & $0.00269221$ & $0.00391369$ & $0.000490803$ & $-0.00302521$ & $-0.00212162$ & $0.00182613$ & $0.00551025$ & $0.00548162$ & $0.00229304$ & $-0.0116286$ & $-0.00126335$ & $0.000736496$ & $-0.00586043$ & $0.00461377$ & $0.00515344$ & $-0.0161564$ & $0.0137316$ & $0.00758329$ & $-0.00805553$ & $-0.00619347$ & $0.00925804$ & $-0.00152132$ & $0.0033483$ & $0.017661$ & $0.00280925$ & $-0.00247151$ & $0.00392677$ & $-0.0112286$ & $0.00804637$ \\
CW & $-0.00502299$ & $0.0215649$ & $-0.00462891$ & $0.00748322$ & $-2.19303e-06$ & $1$ & $0.00297013$ & $-0.13436$ & $-0.130146$ & $0.0223251$ & $0.194044$ & $0.0572531$ & $0.00260876$ & $0.017684$ & $-0.0841296$ & $-0.0839015$ & $-0.259574$ & $-0.0460568$ & $-0.0462191$ & $-0.190901$ & $-0.196186$ & $-0.193307$ & $-0.015718$ & $0.00731085$ & $-0.0885199$ & $0.115971$ & $-0.084538$ & $-0.0720213$ & $-0.00571757$ & $0.000431407$ & $-0.00154953$ & $0.00706338$ & $0.000417831$ & $-0.123842$ & $-0.00192314$ & $0.0132634$ & $-0.00103921$ & $0.00278079$ & $0.0083446$ & $-0.00241095$ & $-0.0102834$ & $-0.000611304$ & $-0.00332621$ & $0.00697138$ & $0.00229269$ & $-0.0120443$ & $-0.00251389$ & $0.0112676$ & $-0.00743832$ \\
CHG & $0.0202551$ & $0.0137663$ & $-0.0307969$ & $-0.00688731$ & $0.00286545$ & $0.00297013$ & $1$ & $-0.11262$ & $-0.0614397$ & $0.0751802$ & $0.0595537$ & $-0.153423$ & $-0.317297$ & $0.0654051$ & $-0.0226437$ & $-0.0222526$ & $0.10844$ & $0.114769$ & $0.114274$ & $-0.0574312$ & $-0.0630039$ & $-0.0631078$ & $-0.00460608$ & $0.120104$ & $0.112294$ & $0.033501$ & $-0.043761$ & $-0.0263551$ & $0.00185803$ & $-0.143959$ & $-0.0878626$ & $0.934824$ & $-0.183018$ & $-0.069223$ & $-0.0136997$ & $-0.0307367$ & $0.0797682$ & $0.0122423$ & $-0.00752091$ & $0.00461489$ & $0.0192307$ & $0.00290269$ & $0.0269979$ & $0.00375003$ & $-0.0134685$ & $-0.00493361$ & $-0.0300981$ & $0.020806$ & $-0.00658916$ \\
CHWB & $-0.0261207$ & $-0.0855706$ & $0.0430349$ & $-0.0278786$ & $0.00281292$ & $-0.13436$ & $-0.11262$ & $1$ & $0.985221$ & $-0.572987$ & $-0.879389$ & $-0.0938181$ & $0.344807$ & $0.0867237$ & $0.288815$ & $0.29577$ & $-0.244322$ & $-0.434669$ & $-0.441686$ & $0.849959$ & $0.896581$ & $0.880371$ & $0.0790262$ & $-0.677948$ & $-0.400623$ & $-0.506884$ & $0.434848$ & $0.30175$ & $0.0177031$ & $0.101629$ & $0.0619414$ & $-0.107033$ & $0.126451$ & $0.571047$ & $-0.00200845$ & $-0.00352373$ & $-0.0223158$ & $0.0114814$ & $-0.000533307$ & $-0.00994781$ & $0.0192684$ & $0.00214949$ & $-0.00607369$ & $0.00397337$ & $0.00592779$ & $0.0133129$ & $0.0261228$ & $-0.0375567$ & $0.0249912$ \\
CHWHB_gaga & $-0.0312297$ & $-0.0886283$ & $0.0386632$ & $-0.0316766$ & $0.00133579$ & $-0.130146$ & $-0.0614397$ & $0.985221$ & $1$ & $-0.563804$ & $-0.863502$ & $-0.0749338$ & $0.34025$ & $0.0792621$ & $0.28482$ & $0.29289$ & $-0.247092$ & $-0.433598$ & $-0.44127$ & $0.83493$ & $0.88017$ & $0.864593$ & $0.0763773$ & $-0.670845$ & $-0.399122$ & $-0.496141$ & $0.427793$ & $0.294772$ & $0.0252626$ & $0.123596$ & $0.0730224$ & $-0.0650415$ & $0.150724$ & $0.561807$ & $-0.0205728$ & $-0.019835$ & $-0.025746$ & $0.0127458$ & $-0.00751243$ & $-0.0110805$ & $0.0201413$ & $0.00435052$ & $0.0429044$ & $0.0139678$ & $0.00821717$ & $0.0172324$ & $0.026738$ & $-0.0417585$ & $0.029932$ \\
CHWHB_gagaorth & $0.0189164$ & $0.0264744$ & $-0.012624$ & $0.0183302$ & $0.00253992$ & $0.0223251$ & $0.0751802$ & $-0.572987$ & $-0.563804$ & $1$ & $0.363154$ & $0.454198$ & $-0.25475$ & $0.226047$ & $-0.124591$ & $-0.12711$ & $0.426848$ & $0.483574$ & $0.484619$ & $-0.349064$ & $-0.379532$ & $-0.374145$ & $-0.0539644$ & $0.554115$ & $0.473995$ & $0.210977$ & $-0.238932$ & $-0.126179$ & $-0.0111414$ & $-0.133237$ & $-0.0766624$ & $0.0889655$ & $-0.158076$ & $-0.352712$ & $0.0258055$ & $0.0229173$ & $0.013003$ & $-0.00751247$ & $0.00543424$ & $0.00621697$ & $-0.0560209$ & $0.00112428$ & $-0.00580811$ & $-0.00990601$ & $-0.023298$ & $-0.0164587$ & $-0.0201878$ & $0.0117971$ & $-0.0177928$ \\
CHD & $0.00888804$ & $0.0634005$ & $-0.0374972$ & $0.0203827$ & $0.00567768$ & $0.194044$ & $0.0595537$ & $-0.879389$ & $-0.863502$ & $0.363154$ & $1$ & $0.200929$ & $-0.164466$ & $-0.503645$ & $-0.41438$ & $-0.416375$ & $-0.211513$ & $0.0688058$ & $0.0764474$ & $-0.990338$ & $-0.991176$ & $-0.970148$ & $-0.0237539$ & $0.31558$ & $0.0217642$ & $0.564941$ & $-0.300978$ & $-0.33372$ & $-0.00590388$ & $-0.0473915$ & $-0.0316493$ & $0.0664387$ & $-0.0649841$ & $-0.374671$ & $0.00556297$ & $0.00178468$ & $0.0134712$ & $-0.0110037$ & $-0.00341911$ & $0.00603401$ & $-0.0106597$ & $-0.00189248$ & $0.00166456$ & $-0.00462692$ & $-0.000125307$ & $-0.00873647$ & $-0.0187175$ & $0.0351082$ & $-0.0223266$ \\
CHbox & $0.00661845$ & $0.019935$ & $-0.0147918$ & $0.0204374$ & $0.000179408$ & $0.0572531$ & $-0.153423$ & $-0.0938181$ & $-0.0749338$ & $0.454198$ & $0.200929$ & $1$ & $0.441143$ & $-0.25848$ & $-0.00880718$ & $-0.00560787$ & $-0.225131$ & $-0.189006$ & $-0.189472$ & $-0.183535$ & $-0.205237$ & $-0.197508$ & $-0.0175496$ & $-0.0620049$ & $-0.184676$ & $0.115851$ & $-0.0863298$ & $-0.0681986$ & $0.0536546$ & $0.301014$ & $0.087636$ & $-0.0577985$ & $0.356883$ & $-0.0744636$ & $0.0563442$ & $0.0442343$ & $0.00921035$ & $-0.00872609$ & $0.0116782$ & $0.00410447$ & $-0.048987$ & $0.00260617$ & $-0.0275168$ & $-0.0193475$ & $-0.0291364$ & $-0.0202806$ & $-0.0135149$ & $0.0136008$ & $-0.0188615$ \\
CH & $-0.0101343$ & $-0.00502292$ & $0.00319739$ & $0.00904571$ & $-0.00185542$ & $0.00260876$ & $-0.317297$ & $0.344807$ & $0.34025$ & $-0.25475$ & $-0.164466$ & $0.441143$ & $1$ & $-0.252392$ & $0.0705451$ & $0.0783581$ & $-0.363067$ & $-0.38772$ & $-0.391693$ & $0.160058$ & $0.174864$ & $0.174955$ & $0.028523$ & $-0.392752$ & $-0.379103$ & $-0.0972887$ & $0.135453$ & $0.0570959$ & $0.0549835$ & $0.279038$ & $0.120749$ & $-0.2662$ & $0.34753$ & $0.216867$ & $0.00735044$ & $0.0169764$ & $-0.00409061$ & $-0.00100608$ & $0.0065318$ & $-0.00468698$ & $-0.0159304$ & $0.00485058$ & $-0.00799662$ & $-0.00229934$ & $-0.0141427$ & $-0.0011778$ & $0.00421736$ & $-0.00240359$ & $0.00134745$ \\
CHL1_11 & $0.010372$ & $-0.0173504$ & $0.0249508$ & $-0.00131412$ & $-0.000993325$ & $0.017684$ & $0.0654051$ & $0.0867237$ & $0.0792621$ & $0.226047$ & $-0.503645$ & $-0.25848$ & $-0.252392$ & $1$ & $0.269372$ & $0.266341$ & $0.66565$ & $0.602848$ & $0.596542$ & $0.523173$ & $0.463732$ & $0.448438$ & $-0.0789667$ & $0.473599$ & $0.600801$ & $-0.267475$ & $-0.105514$ & $0.15311$ & $-0.0194892$ & $-0.0791554$ & $-0.0408829$ & $0.0418221$ & $-0.0835939$ & $-0.217106$ & $-0.00617446$ & $0.00369697$ & $-0.00112484$ & $-0.00122836$ & $0.0132813$ & $0.00277463$ & $-0.00827504$ & $0.00276108$ & $0.00535298$ & $0.00587025$ & $-0.00700546$ & $-0.00489755$ & $0.00261767$ & $-0.0128271$ & $0.00768639$ \\
CHL1_22 & $0.00993483$ & $-0.0172121$ & $0.00767869$ & $-0.00557046$ & $-0.00348717$ & $-0.0841296$ & $-0.0226437$ & $0.288815$ & $0.28482$ & $-0.124591$ & $-0.41438$ & $-0.00880718$ & $0.0705451$ & $0.269372$ & $1$ & $0.447629$ & $0.167111$ & $-0.445089$ & $-0.0322994$ & $0.480469$ & $0.330101$ & $0.319805$ & $-0.173192$ & $0.108263$ & $-0.135366$ & $-0.190477$ & $-0.398267$ & $0.11381$ & $0.00217723$ & $0.0304555$ & $0.0101211$ & $-0.0198799$ & $0.0341155$ & $-0.591363$ & $0.00939382$ & $-0.00810028$ & $0.00355277$ & $0.00655752$ & $0.0042408$ & $0.00356999$ & $0.00576139$ & $-0.000817958$ & $0.00816581$ & $0.0050457$ & $-0.0125004$ & $-0.00170029$ & $-0.00677333$ & $-0.0182966$ & $0.00573142$ \\
CHL1_33 & $0.00968143$ & $-0.0124501$ & $0.00505562$ & $-0.00307492$ & $0.00377832$ & $-0.0839015$ & $-0.0222526$ & $0.29577$ & $0.29289$ & $-0.12711$ & $-0.416375$ & $-0.00560787$ & $0.0783581$ & $0.266341$ & $0.447629$ & $1$ & $0.156228$ & $-0.0310863$ & $-0.437888$ & $0.481449$ & $0.335533$ & $0.353485$ & $-0.166139$ & $0.100217$ & $-0.134517$ & $-0.194871$ & $-0.379483$ & $0.116742$ & $0.00272089$ & $0.0310507$ & $0.0126027$ & $-0.0180268$ & $0.043038$ & $-0.0982932$ & $0.00396077$ & $0.00203862$ & $0.00399512$ & $-0.00118848$ & $0.0176496$ & $0.00235324$ & $0.012908$ & $0.0077467$ & $0.00550425$ & $0.00171293$ & $-0.00808585$ & $0.000427397$ & $-0.00522428$ & $-0.00259879$ & $0.0139706$ \\
CHL3_11 & $0.0218409$ & $0.0208205$ & $0.00746762$ & $0.00931237$ & $-0.000595858$ & $-0.259574$ & $0.10844$ & $-0.244322$ & $-0.247092$ & $0.426848$ & $-0.211513$ & $-0.225131$ & $-0.363067$ & $0.66565$ & $0.167111$ & $0.156228$ & $1$ & $0.736578$ & $0.737667$ & $0.234843$ & $0.179077$ & $0.169706$ & $-0.0707801$ & $0.676639$ & $0.779171$ & $-0.110632$ & $-0.164222$ & $0.0629859$ & $-0.0226407$ & $-0.109257$ & $-0.0555588$ & $0.082576$ & $-0.123199$ & $-0.256253$ & $-0.00430938$ & $-0.000401809$ & $0.0112177$ & $0.000414425$ & $0.00703261$ & $0.00855262$ & $-0.0171821$ & $-0.00130438$ & $0.00964171$ & $0.00321814$ & $-0.0113271$ & $-0.00532952$ & $-0.00587033$ & $-0.00349381$ & $0.00292975$ \\
CHL3_22 & $0.0148722$ & $0.0227258$ & $0.00392959$ & $0.0119435$ & $-0.000598427$ & $-0.0460568$ & $0.114769$ & $-0.434669$ & $-0.433598$ & $0.483574$ & $0.0688058$ & $-0.189006$ & $-0.38772$ & $0.602848$ & $-0.445089$ & $-0.0310863$ & $0.736578$ & $1$ & $0.678769$ & $-0.0705748$ & $-0.0632112$ & $-0.0625974$ & $0.00437942$ & $0.622289$ & $0.797356$ & $0.0301178$ & $-0.00946635$ & $-0.0222554$ & $-0.0233506$ & $-0.12221$ & $-0.0609038$ & $0.0899971$ & $-0.136313$ & $0.0271569$ & $-0.00952114$ & $0.0064765$ & $0.00710293$ & $-0.00724139$ & $0.00795982$ & $0.00569594$ & $-0.017908$ & $0.00160305$ & $0.00566684$ & $0.000608942$ & $-0.00277669$ & $-0.00587522$ & $-0.00132366$ & $0.00953197$ & $-0.0013153$ \\
CHL3_33 & $0.0150253$ & $0.0178952$ & $0.00693122$ & $0.0103169$ & $-0.00602815$ & $-0.0462191$ & $0.114274$ & $-0.441686$ & $-0.44127$ & $0.484619$ & $0.0764474$ & $-0.189472$ & $-0.391693$ & $0.596542$ & $-0.0322994$ & $-0.437888$ & $0.737667$ & $0.678769$ & $1$ & $-0.0785004$ & $-0.0712119$ & $-0.0712918$ & $0.00354365$ & $0.622913$ & $0.796793$ & $0.0361219$ & $-0.0139797$ & $-0.0258698$ & $-0.0233114$ & $-0.122274$ & $-0.0632843$ & $0.0888861$ & $-0.142396$ & $-0.346505$ & $-0.00604375$ & $-0.00154521$ & $0.00674011$ & $-0.000886821$ & $-0.000713591$ & $0.0056324$ & $-0.0221464$ & $-0.00625335$ & $0.00870847$ & $0.00409812$ & $-0.00680901$ & $-0.00729173$ & $-0.0031139$ & $-0.00119248$ & $-0.00729091$ \\
CHe_11 & $-0.0113445$ & $-0.0416007$ & $0.0348381$ & $-0.0148658$ & $0.000306206$ & $-0.190901$ & $-0.0574312$ & $0.849959$ & $0.83493$ & $-0.349064$ & $-0.990338$ & $-0.183535$ & $0.160058$ & $0.523173$ & $0.480469$ & $0.481449$ & $0.234843$ & $-0.0705748$ & $-0.0785004$ & $1$ & $0.972526$ & $0.952113$ & $-0.00249737$ & $-0.261061$ & $-0.015165$ & $-0.554115$ & $0.225452$ & $0.327494$ & $0.00553094$ & $0.0468466$ & $0.0300496$ & $-0.0634378$ & $0.0647082$ & $0.295237$ & $-0.00720059$ & $0.000798944$ & $-0.0113324$ & $0.0108455$ & $0.00479487$ & $-0.0048294$ & $0.0104432$ & $0.00212381$ & $-0.0016574$ & $0.00509404$ & $-0.0020466$ & $0.00612366$ & $0.0146309$ & $-0.029581$ & $0.0202342$ \\
CHe_22 & $-0.0168424$ & $-0.0435157$ & $0.0362792$ & $-0.0169187$ & $0.00269221$ & $-0.196186$ & $-0.0630039$ & $0.896581$ & $0.88017$ & $-0.379532$ & $-0.991176$ & $-0.205237$ & $0.174864$ & $0.463732$ & $0.330101$ & $0.335533$ & $0.179077$ & $-0.0632112$ & $-0.0712119$ & $0.972526$ & $1$ & $0.975285$ & $0.0522313$ & $-0.37077$ & $-0.0263383$ & $-0.567297$ & $0.382041$ & $0.335373$ & $0.00654999$ & $0.0489569$ & $0.0330841$ & $-0.0698286$ & $0.0673336$ & $0.460647$ & $-0.00982605$ & $0.0022585$ & $-0.0141311$ & $0.0114386$ & $0.00168407$ & $-0.00671057$ & $0.0100752$ & $0.000871265$ & $-0.00508126$ & $0.00495645$ & $0.00153899$ & $0.008318$ & $0.0185577$ & $-0.0294737$ & $0.0205991$ \\
CHe_33 & $-0.0163757$ & $-0.0430612$ & $0.0341714$ & $-0.0154871$ & $0.00391369$ & $-0.193307$ & $-0.0631078$ & $0.880371$ & $0.864593$ & $-0.374145$ & $-0.970148$ & $-0.197508$ & $0.174955$ & $0.448438$ & $0.319805$ & $0.353485$ & $0.169706$ & $-0.0625974$ & $-0.0712918$ & $0.952113$ & $0.975285$ & $1$ & $0.0533896$ & $-0.366211$ & $-0.0282245$ & $-0.555594$ & $0.377234$ & $0.329986$ & $0.00819769$ & $0.0491315$ & $0.0319587$ & $-0.0699795$ & $0.0668867$ & $0.458267$ & $-0.00939305$ & $-0.000606606$ & $-0.0145895$ & $0.0104777$ & $0.00135418$ & $-0.00921918$ & $0.0112629$ & $-6.38124e-05$ & $-0.00370072$ & $0.00518062$ & $0.000184543$ & $0.0104863$ & $0.0169214$ & $-0.0282319$ & $0.0187272$ \\
CHQ1_11 & $-0.00877452$ & $-0.00252295$ & $0.0104063$ & $-0.00559019$ & $0.000490803$ & $-0.015718$ & $-0.00460608$ & $0.0790262$ & $0.0763773$ & $-0.0539644$ & $-0.0237539$ & $-0.0175496$ & $0.028523$ & $-0.0789667$ & $-0.173192$ & $-0.166139$ & $-0.0707801$ & $0.00437942$ & $0.00354365$ & $-0.00249737$ & $0.0522313$ & $0.0533896$ & $1$ & $-0.146401$ & $0.080439$ & $-0.682411$ & $0.354201$ & $0.010365$ & $0.00682089$ & $0.00831313$ & $0.0124594$ & $-0.00641116$ & $0.00352876$ & $0.211637$ & $-0.00364792$ & $-0.00106108$ & $-0.0123393$ & $-0.00145702$ & $-0.0152672$ & $-0.00475792$ & $-0.00650103$ & $-0.0106929$ & $-0.0104105$ & $-0.00749417$ & $0.0028701$ & $0.0074298$ & $0.0152477$ & $-0.00210669$ & $-0.00208518$ \\
CHQ1_33 & $-0.0193252$ & $0.0276792$ & $-0.0105157$ & $0.0146601$ & $-0.00302521$ & $0.00731085$ & $0.120104$ & $-0.677948$ & $-0.670845$ & $0.554115$ & $0.31558$ & $-0.0620049$ & $-0.392752$ & $0.473599$ & $0.108263$ & $0.100217$ & $0.676639$ & $0.622289$ & $0.622913$ & $-0.261061$ & $-0.37077$ & $-0.366211$ & $-0.146401$ & $1$ & $0.638526$ & $0.20881$ & $-0.431973$ & $-0.0315121$ & $-0.0247475$ & $-0.111339$ & $-0.0606673$ & $0.104386$ & $-0.129582$ & $-0.635523$ & $-0.0028952$ & $0.00581137$ & $0.0098471$ & $-0.0119691$ & $0.00917814$ & $0.0120293$ & $-0.0226637$ & $0.000169929$ & $0.0134984$ & $0.00307194$ & $-0.0100411$ & $-0.0110906$ & $-0.0146417$ & $0.00774016$ & $-8.95932e-05$ \\
CHQ3_11 & $-0.0757849$ & $0.0140201$ & $0.000461672$ & $0.00266061$ & $-0.00212162$ & $-0.0885199$ & $0.112294$ & $-0.400623$ & $-0.399122$ & $0.473995$ & $0.0217642$ & $-0.184676$ & $-0.379103$ & $0.600801$ & $-0.135366$ & $-0.134517$ & $0.779171$ & $0.797356$ & $0.796793$ & $-0.015165$ & $-0.0263383$ & $-0.0282245$ & $0.080439$ & $0.638526$ & $1$ & $0.0116846$ & $0.201438$ & $-0.0101721$ & $-0.0202068$ & $-0.121264$ & $-0.0606369$ & $0.0866009$ & $-0.131373$ & $-0.197888$ & $-0.0124775$ & $0.0111467$ & $-0.00236637$ & $-0.00524735$ & $0.000771992$ & $0.00752849$ & $-0.0283694$ & $0.0035854$ & $0.0143864$ & $0.00331474$ & $0.000771539$ & $-0.0007846$ & $-0.00102358$ & $-0.00556783$ & $0.0124104$ \\
CHu_11 & $-0.0222959$ & $0.017936$ & $-0.0256449$ & $0.00818912$ & $0.00182613$ & $0.115971$ & $0.033501$ & $-0.506884$ & $-0.496141$ & $0.210977$ & $0.564941$ & $0.115851$ & $-0.0972887$ & $-0.267475$ & $-0.190477$ & $-0.194871$ & $-0.110632$ & $0.0301178$ & $0.0361219$ & $-0.554115$ & $-0.567297$ & $-0.555594$ & $-0.682411$ & $0.20881$ & $0.0116846$ & $1$ & $-0.185432$ & $-0.186366$ & $-0.00707987$ & $-0.032213$ & $-0.0244847$ & $0.0376443$ & $-0.0369574$ & $-0.259457$ & $0.00293407$ & $0.00137284$ & $0.00880324$ & $-0.00564408$ & $0.00349742$ & $0.00480855$ & $-0.00380589$ & $0.00667526$ & $0.00940684$ & $0.00294256$ & $8.06086e-06$ & $-0.00405622$ & $-0.0143496$ & $0.00950532$ & $-0.00383953$ \\
CHd_11 & $-0.0531551$ & $-0.02294$ & $0.0194738$ & $-0.0081434$ & $0.00551025$ & $-0.084538$ & $-0.043761$ & $0.434848$ & $0.427793$ & $-0.238932$ & $-0.300978$ & $-0.0863298$ & $0.135453$ & $-0.105514$ & $-0.398267$ & $-0.379483$ & $-0.164222$ & $-0.00946635$ & $-0.0139797$ & $0.225452$ & $0.382041$ & $0.377234$ & $0.354201$ & $-0.431973$ & $0.201438$ & $-0.185432$ & $1$ & $0.110966$ & $0.0106469$ & $0.026762$ & $0.0252488$ & $-0.0482363$ & $0.0374822$ & $0.692202$ & $-0.00808955$ & $0.00181144$ & $-0.0193411$ & $0.00659156$ & $-0.0131547$ & $-0.0100969$ & $-0.00558012$ & $-0.000417829$ & $-0.00985346$ & $-0.000692641$ & $0.0132686$ & $0.0118655$ & $0.0202187$ & $-0.0219043$ & $0.0146811$ \\
CHd_33 & $0.000942876$ & $-0.0153165$ & $0.0214957$ & $-0.00392599$ & $0.00548162$ & $-0.0720213$ & $-0.0263551$ & $0.30175$ & $0.294772$ & $-0.126179$ & $-0.33372$ & $-0.0681986$ & $0.0570959$ & $0.15311$ & $0.11381$ & $0.116742$ & $0.0629859$ & $-0.0222554$ & $-0.0258698$ & $0.327494$ & $0.335373$ & $0.329986$ & $0.010365$ & $-0.0315121$ & $-0.0101721$ & $-0.186366$ & $0.110966$ & $1$ & $0.00242115$ & $0.0135334$ & $0.00901193$ & $-0.0298869$ & $0.0209879$ & $0.154802$ & $0.00785129$ & $0.00647361$ & $-0.000227415$ & $-0.00199002$ & $0.0151228$ & $-0.00391443$ & $0.00895422$ & $0.00831338$ & $-0.0151676$ & $0.00295496$ & $0.00706685$ & $0.0056959$ & $0.0126064$ & $-0.00904794$ & $0.0153218$ \\
CeH_22r & $-0.000230045$ & $-0.00688702$ & $-0.000202805$ & $0.00162584$ & $0.00229304$ & $-0.00571757$ & $0.00185803$ & $0.0177031$ & $0.0252626$ & $-0.0111414$ & $-0.00590388$ & $0.0536546$ & $0.0549835$ & $-0.0194892$ & $0.00217723$ & $0.00272089$ & $-0.0226407$ & $-0.0233506$ & $-0.0233114$ & $0.00553094$ & $0.00654999$ & $0.00819769$ & $0.00682089$ & $-0.0247475$ & $-0.0202068$ & $-0.00707987$ & $0.0106469$ & $0.00242115$ & $1$ & $0.050822$ & $0.0269938$ & $-0.0119643$ & $0.0548397$ & $0.0125374$ & $-0.023524$ & $-0.00546729$ & $-0.0139702$ & $0.00374636$ & $-0.00115892$ & $0.0109357$ & $-0.0181611$ & $0.00466819$ & $0.0147691$ & $0.00371252$ & $0.00457477$ & $0.00328122$ & $0.00356023$ & $-0.0013371$ & $-0.00260167$ \\
CeH_33r & $-0.0198156$ & $-0.0145361$ & $0.0201505$ & $-0.0212949$ & $-0.0116286$ & $0.000431407$ & $-0.143959$ & $0.101629$ & $0.123596$ & $-0.133237$ & $-0.0473915$ & $0.301014$ & $0.279038$ & $-0.0791554$ & $0.0304555$ & $0.0310507$ & $-0.109257$ & $-0.12221$ & $-0.122274$ & $0.0468466$ & $0.0489569$ & $0.0491315$ & $0.00831313$ & $-0.111339$ & $-0.121264$ & $-0.032213$ & $0.026762$ & $0.0135334$ & $0.050822$ & $1$ & $0.318884$ & $0.00766987$ & $0.691687$ & $0.0556251$ & $-0.0652106$ & $-0.00372186$ & $-0.129465$ & $-0.0202781$ & $-0.00773299$ & $-0.0119499$ & $-0.0435088$ & $0.00570337$ & $0.0060784$ & $0.0285539$ & $0.0326298$ & $0.0130684$ & $0.0160056$ & $0.0210666$ & $0.0130615$ \\
CuH_22r & $-0.00891854$ & $-0.0743906$ & $0.108343$ & $-0.0572823$ & $-0.00126335$ & $-0.00154953$ & $-0.0878626$ & $0.0619414$ & $0.0730224$ & $-0.0766624$ & $-0.0316493$ & $0.087636$ & $0.120749$ & $-0.0408829$ & $0.0101211$ & $0.0126027$ & $-0.0555588$ & $-0.0609038$ & $-0.0632843$ & $0.0300496$ & $0.0330841$ & $0.0319587$ & $0.0124594$ & $-0.0606673$ & $-0.0606369$ & $-0.0244847$ & $0.0252488$ & $0.00901193$ & $0.0269938$ & $0.318884$ & $1$ & $0.00585122$ & $0.397119$ & $0.0379418$ & $-0.0188933$ & $-0.00491563$ & $-0.131512$ & $-0.0135344$ & $-0.0431843$ & $-3.64096e-05$ & $0.0343454$ & $-0.00393258$ & $0.0103748$ & $0.0498805$ & $-0.0312552$ & $0.117385$ & $0.348375$ & $-0.00817197$ & $0.0571684$ \\
CuH_33r & $0.0155638$ & $0.00989585$ & $-0.0248565$ & $0.00312228$ & $0.000736496$ & $0.00706338$ & $0.934824$ & $-0.107033$ & $-0.0650415$ & $0.0889655$ & $0.0664387$ & $-0.0577985$ & $-0.2662$ & $0.0418221$ & $-0.0198799$ & $-0.0180268$ & $0.082576$ & $0.0899971$ & $0.0888861$ & $-0.0634378$ & $-0.0698286$ & $-0.0699795$ & $-0.00641116$ & $0.104386$ & $0.0866009$ & $0.0376443$ & $-0.0482363$ & $-0.0298869$ & $-0.0119643$ & $0.00766987$ & $0.00585122$ & $1$ & $0.00476976$ & $-0.0680004$ & $0.0365468$ & $-0.00110979$ & $0.0668633$ & $0.00310455$ & $0.00834057$ & $0.00532607$ & $0.0135195$ & $0.00293608$ & $0.0119151$ & $-0.0038548$ & $-0.0221191$ & $-0.0157122$ & $-0.0241528$ & $0.0288552$ & $-0.0103705$ \\
CdH_33r & $-0.0716415$ & $-0.0374957$ & $0.0754466$ & $-0.0583527$ & $-0.00586043$ & $0.000417831$ & $-0.183018$ & $0.126451$ & $0.150724$ & $-0.158076$ & $-0.0649841$ & $0.356883$ & $0.34753$ & $-0.0835939$ & $0.0341155$ & $0.043038$ & $-0.123199$ & $-0.136313$ & $-0.142396$ & $0.0647082$ & $0.0673336$ & $0.0668867$ & $0.00352876$ & $-0.129582$ & $-0.131373$ & $-0.0369574$ & $0.0374822$ & $0.0209879$ & $0.0548397$ & $0.691687$ & $0.397119$ & $0.00476976$ & $1$ & $0.0709325$ & $-0.0955147$ & $-0.0144418$ & $-0.166163$ & $-0.0231107$ & $0.0510136$ & $0.00682533$ & $-0.0268707$ & $0.0094396$ & $0.0308415$ & $0.0819513$ & $0.0296314$ & $0.0333703$ & $0.0816707$ & $0.0597168$ & $0.349857$ \\
CLL_1221 & $-0.0257546$ & $0.00557424$ & $0.00865775$ & $-0.00549292$ & $0.00461377$ & $-0.123842$ & $-0.069223$ & $0.571047$ & $0.561807$ & $-0.352712$ & $-0.374671$ & $-0.0744636$ & $0.216867$ & $-0.217106$ & $-0.591363$ & $-0.0982932$ & $-0.256253$ & $0.0271569$ & $-0.346505$ & $0.295237$ & $0.460647$ & $0.458267$ & $0.211637$ & $-0.635523$ & $-0.197888$ & $-0.259457$ & $0.692202$ & $0.154802$ & $0.0125374$ & $0.0556251$ & $0.0379418$ & $-0.0680004$ & $0.0709325$ & $1$ & $-0.0158112$ & $0.0102775$ & $-0.0129781$ & $0.00543725$ & $-0.00664345$ & $-0.0099047$ & $0.0085381$ & $0.00172688$ & $-0.0172142$ & $-0.00311889$ & $0.0131328$ & $0.00989093$ & $0.0160113$ & $-0.000169048$ & $0.00790471$ \\
eHggint & $0.141765$ & $-0.122203$ & $0.0923183$ & $0.131109$ & $0.00515344$ & $-0.00192314$ & $-0.0136997$ & $-0.00200845$ & $-0.0205728$ & $0.0258055$ & $0.00556297$ & $0.0563442$ & $0.00735044$ & $-0.00617446$ & $0.00939382$ & $0.00396077$ & $-0.00430938$ & $-0.00952114$ & $-0.00604375$ & $-0.00720059$ & $-0.00982605$ & $-0.00939305$ & $-0.00364792$ & $-0.0028952$ & $-0.0124775$ & $0.00293407$ & $-0.00808955$ & $0.00785129$ & $-0.023524$ & $-0.0652106$ & $-0.0188933$ & $0.0365468$ & $-0.0955147$ & $-0.0158112$ & $1$ & $-0.187397$ & $0.163147$ & $-0.0238191$ & $0.153468$ & $0.000936621$ & $0.0971038$ & $-0.00353262$ & $-0.126342$ & $-0.199297$ & $-0.0715437$ & $-0.187715$ & $0.0404984$ & $-0.0326496$ & $-0.0720481$ \\
eHggpar & $-0.137066$ & $0.126008$ & $-0.0754989$ & $0.0830149$ & $-0.0161564$ & $0.0132634$ & $-0.0307367$ & $-0.00352373$ & $-0.019835$ & $0.0229173$ & $0.00178468$ & $0.0442343$ & $0.0169764$ & $0.00369697$ & $-0.00810028$ & $0.00203862$ & $-0.000401809$ & $0.0064765$ & $-0.00154521$ & $0.000798944$ & $0.0022585$ & $-0.000606606$ & $-0.00106108$ & $0.00581137$ & $0.0111467$ & $0.00137284$ & $0.00181144$ & $0.00647361$ & $-0.00546729$ & $-0.00372186$ & $-0.00491563$ & $-0.00110979$ & $-0.0144418$ & $0.0102775$ & $-0.187397$ & $1$ & $-0.000539323$ & $-0.0486578$ & $0.0617755$ & $0.0313605$ & $-0.0961231$ & $-0.0298706$ & $-0.236088$ & $-0.0637641$ & $0.0266292$ & $-0.0737568$ & $0.0114233$ & $0.0777655$ & $-0.0500712$ \\
eHWWint & $0.104696$ & $0.125848$ & $-0.242146$ & $-0.0221166$ & $0.0137316$ & $-0.00103921$ & $0.0797682$ & $-0.0223158$ & $-0.025746$ & $0.013003$ & $0.0134712$ & $0.00921035$ & $-0.00409061$ & $-0.00112484$ & $0.00355277$ & $0.00399512$ & $0.0112177$ & $0.00710293$ & $0.00674011$ & $-0.0113324$ & $-0.0141311$ & $-0.0145895$ & $-0.0123393$ & $0.0098471$ & $-0.00236637$ & $0.00880324$ & $-0.0193411$ & $-0.000227415$ & $-0.0139702$ & $-0.129465$ & $-0.131512$ & $0.0668633$ & $-0.166163$ & $-0.0129781$ & $0.163147$ & $-0.000539323$ & $1$ & $0.0198816$ & $0.0184499$ & $0.0410412$ & $0.23612$ & $-0.00111216$ & $0.0678557$ & $-0.147821$ & $0.0964601$ & $-0.0721837$ & $-0.168002$ & $-0.089778$ & $0.00914348$ \\
eHWWpar & $0.0345645$ & $0.0170363$ & $-0.00622435$ & $-0.026495$ & $0.00758329$ & $0.00278079$ & $0.0122423$ & $0.0114814$ & $0.0127458$ & $-0.00751247$ & $-0.0110037$ & $-0.00872609$ & $-0.00100608$ & $-0.00122836$ & $0.00655752$ & $-0.00118848$ & $0.000414425$ & $-0.00724139$ & $-0.000886821$ & $0.0108455$ & $0.0114386$ & $0.0104777$ & $-0.00145702$ & $-0.0119691$ & $-0.00524735$ & $-0.00564408$ & $0.00659156$ & $-0.00199002$ & $0.00374636$ & $-0.0202781$ & $-0.0135344$ & $0.00310455$ & $-0.0231107$ & $0.00543725$ & $-0.0238191$ & $-0.0486578$ & $0.0198816$ & $1$ & $0.00821251$ & $-0.0135543$ & $0.0191599$ & $0.0228884$ & $0.020403$ & $-0.0394218$ & $0.0154662$ & $-0.0102774$ & $-0.000737951$ & $-0.00194474$ & $0.0133688$ \\
eHZZint & $0.0342768$ & $-0.0313636$ & $0.199053$ & $0.11212$ & $-0.00805553$ & $0.0083446$ & $-0.00752091$ & $-0.000533307$ & $-0.00751243$ & $0.00543424$ & $-0.00341911$ & $0.0116782$ & $0.0065318$ & $0.0132813$ & $0.0042408$ & $0.0176496$ & $0.00703261$ & $0.00795982$ & $-0.000713591$ & $0.00479487$ & $0.00168407$ & $0.00135418$ & $-0.0152672$ & $0.00917814$ & $0.000771992$ & $0.00349742$ & $-0.0131547$ & $0.0151228$ & $-0.00115892$ & $-0.00773299$ & $-0.0431843$ & $0.00834057$ & $0.0510136$ & $-0.00664345$ & $0.153468$ & $0.0617755$ & $0.0184499$ & $0.00821251$ & $1$ & $0.0191646$ & $0.0424511$ & $0.0416436$ & $-0.0620702$ & $-0.0333541$ & $0.17842$ & $-0.18376$ & $-0.0868322$ & $0.306665$ & $0.0836087$ \\
eHZZpar & $-0.0263498$ & $0.00320082$ & $0.00636789$ & $-0.0198336$ & $-0.00619347$ & $-0.00241095$ & $0.00461489$ & $-0.00994781$ & $-0.0110805$ & $0.00621697$ & $0.00603401$ & $0.00410447$ & $-0.00468698$ & $0.00277463$ & $0.00356999$ & $0.00235324$ & $0.00855262$ & $0.00569594$ & $0.0056324$ & $-0.0048294$ & $-0.00671057$ & $-0.00921918$ & $-0.00475792$ & $0.0120293$ & $0.00752849$ & $0.00480855$ & $-0.0100969$ & $-0.00391443$ & $0.0109357$ & $-0.0119499$ & $-3.64096e-05$ & $0.00532607$ & $0.00682533$ & $-0.0099047$ & $0.000936621$ & $0.0313605$ & $0.0410412$ & $-0.0135543$ & $0.0191646$ & $1$ & $-0.00676809$ & $0.012364$ & $-0.00376049$ & $0.000820495$ & $0.0369115$ & $-0.0073303$ & $0.0287947$ & $-0.00793363$ & $0.0434591$ \\
eHZgaint & $0.0573624$ & $-0.0329378$ & $0.109658$ & $-0.105938$ & $0.00925804$ & $-0.0102834$ & $0.0192307$ & $0.0192684$ & $0.0201413$ & $-0.0560209$ & $-0.0106597$ & $-0.048987$ & $-0.0159304$ & $-0.00827504$ & $0.00576139$ & $0.012908$ & $-0.0171821$ & $-0.017908$ & $-0.0221464$ & $0.0104432$ & $0.0100752$ & $0.0112629$ & $-0.00650103$ & $-0.0226637$ & $-0.0283694$ & $-0.00380589$ & $-0.00558012$ & $0.00895422$ & $-0.0181611$ & $-0.0435088$ & $0.0343454$ & $0.0135195$ & $-0.0268707$ & $0.0085381$ & $0.0971038$ & $-0.0961231$ & $0.23612$ & $0.0191599$ & $0.0424511$ & $-0.00676809$ & $1$ & $-0.0265063$ & $0.0845119$ & $-0.0274601$ & $0.0227833$ & $0.21108$ & $0.143536$ & $-0.0789379$ & $0.0781178$ \\
eHZgapar & $-0.0354047$ & $-0.0110218$ & $0.0154479$ & $-0.0228544$ & $-0.00152132$ & $-0.000611304$ & $0.00290269$ & $0.00214949$ & $0.00435052$ & $0.00112428$ & $-0.00189248$ & $0.00260617$ & $0.00485058$ & $0.00276108$ & $-0.000817958$ & $0.0077467$ & $-0.00130438$ & $0.00160305$ & $-0.00625335$ & $0.00212381$ & $0.000871265$ & $-6.38124e-05$ & $-0.0106929$ & $0.000169929$ & $0.0035854$ & $0.00667526$ & $-0.000417829$ & $0.00831338$ & $0.00466819$ & $0.00570337$ & $-0.00393258$ & $0.00293608$ & $0.0094396$ & $0.00172688$ & $-0.00353262$ & $-0.0298706$ & $-0.00111216$ & $0.0228884$ & $0.0416436$ & $0.012364$ & $-0.0265063$ & $1$ & $0.0285453$ & $-0.000878005$ & $0.00875153$ & $-0.0317651$ & $-0.00449773$ & $0.00412025$ & $0.0190484$ \\
eHgagaint & $-0.0721914$ & $-0.0921868$ & $-0.0302322$ & $-0.0372998$ & $0.0033483$ & $-0.00332621$ & $0.0269979$ & $-0.00607369$ & $0.0429044$ & $-0.00580811$ & $0.00166456$ & $-0.0275168$ & $-0.00799662$ & $0.00535298$ & $0.00816581$ & $0.00550425$ & $0.00964171$ & $0.00566684$ & $0.00870847$ & $-0.0016574$ & $-0.00508126$ & $-0.00370072$ & $-0.0104105$ & $0.0134984$ & $0.0143864$ & $0.00940684$ & $-0.00985346$ & $-0.0151676$ & $0.0147691$ & $0.0060784$ & $0.0103748$ & $0.0119151$ & $0.0308415$ & $-0.0172142$ & $-0.126342$ & $-0.236088$ & $0.0678557$ & $0.020403$ & $-0.0620702$ & $-0.00376049$ & $0.0845119$ & $0.0285453$ & $1$ & $0.128111$ & $0.0956844$ & $-0.00517189$ & $0.0357818$ & $-0.148537$ & $0.117952$ \\
eHmumuint & $-0.0170831$ & $-0.0306032$ & $0.129614$ & $-0.0441477$ & $0.017661$ & $0.00697138$ & $0.00375003$ & $0.00397337$ & $0.0139678$ & $-0.00990601$ & $-0.00462692$ & $-0.0193475$ & $-0.00229934$ & $0.00587025$ & $0.0050457$ & $0.00171293$ & $0.00321814$ & $0.000608942$ & $0.00409812$ & $0.00509404$ & $0.00495645$ & $0.00518062$ & $-0.00749417$ & $0.00307194$ & $0.00331474$ & $0.00294256$ & $-0.000692641$ & $0.00295496$ & $0.00371252$ & $0.0285539$ & $0.0498805$ & $-0.0038548$ & $0.0819513$ & $-0.00311889$ & $-0.199297$ & $-0.0637641$ & $-0.147821$ & $-0.0394218$ & $-0.0333541$ & $0.000820495$ & $-0.0274601$ & $-0.000878005$ & $0.128111$ & $1$ & $-0.0487649$ & $0.00848804$ & $0.105275$ & $-0.276872$ & $0.226505$ \\
eHtautauint & $-0.0533051$ & $-0.0135488$ & $-0.0802467$ & $-0.212277$ & $0.00280925$ & $0.00229269$ & $-0.0134685$ & $0.00592779$ & $0.00821717$ & $-0.023298$ & $-0.000125307$ & $-0.0291364$ & $-0.0141427$ & $-0.00700546$ & $-0.0125004$ & $-0.00808585$ & $-0.0113271$ & $-0.00277669$ & $-0.00680901$ & $-0.0020466$ & $0.00153899$ & $0.000184543$ & $0.0028701$ & $-0.0100411$ & $0.000771539$ & $8.06086e-06$ & $0.0132686$ & $0.00706685$ & $0.00457477$ & $0.0326298$ & $-0.0312552$ & $-0.0221191$ & $0.0296314$ & $0.0131328$ & $-0.0715437$ & $0.0266292$ & $0.0964601$ & $0.0154662$ & $0.17842$ & $0.0369115$ & $0.0227833$ & $0.00875153$ & $0.0956844$ & $-0.0487649$ & $1$ & $-0.239393$ & $-0.0229418$ & $0.0640996$ & $0.117694$ \\
eHccint & $-0.0390933$ & $-0.0611959$ & $-0.0190549$ & $0.00755337$ & $-0.00247151$ & $-0.0120443$ & $-0.00493361$ & $0.0133129$ & $0.0172324$ & $-0.0164587$ & $-0.00873647$ & $-0.0202806$ & $-0.0011778$ & $-0.00489755$ & $-0.00170029$ & $0.000427397$ & $-0.00532952$ & $-0.00587522$ & $-0.00729173$ & $0.00612366$ & $0.008318$ & $0.0104863$ & $0.0074298$ & $-0.0110906$ & $-0.0007846$ & $-0.00405622$ & $0.0118655$ & $0.0056959$ & $0.00328122$ & $0.0130684$ & $0.117385$ & $-0.0157122$ & $0.0333703$ & $0.00989093$ & $-0.187715$ & $-0.0737568$ & $-0.0721837$ & $-0.0102774$ & $-0.18376$ & $-0.0073303$ & $0.21108$ & $-0.0317651$ & $-0.00517189$ & $0.00848804$ & $-0.239393$ & $1$ & $0.159825$ & $-0.0189283$ & $0.024951$ \\
eHccpar & $-0.016178$ & $-0.185469$ & $0.274212$ & $-0.16059$ & $0.00392677$ & $-0.00251389$ & $-0.0300981$ & $0.0261228$ & $0.026738$ & $-0.0201878$ & $-0.0187175$ & $-0.0135149$ & $0.00421736$ & $0.00261767$ & $-0.00677333$ & $-0.00522428$ & $-0.00587033$ & $-0.00132366$ & $-0.0031139$ & $0.0146309$ & $0.0185577$ & $0.0169214$ & $0.0152477$ & $-0.0146417$ & $-0.00102358$ & $-0.0143496$ & $0.0202187$ & $0.0126064$ & $0.00356023$ & $0.0160056$ & $0.348375$ & $-0.0241528$ & $0.0816707$ & $0.0160113$ & $0.0404984$ & $0.0114233$ & $-0.168002$ & $-0.000737951$ & $-0.0868322$ & $0.0287947$ & $0.143536$ & $-0.00449773$ & $0.0357818$ & $0.105275$ & $-0.0229418$ & $0.159825$ & $1$ & $-0.0585599$ & $0.170385$ \\
eHbbint & $0.0182771$ & $0.267809$ & $-0.0996371$ & $0.196914$ & $-0.0112286$ & $0.0112676$ & $0.020806$ & $-0.0375567$ & $-0.0417585$ & $0.0117971$ & $0.0351082$ & $0.0136008$ & $-0.00240359$ & $-0.0128271$ & $-0.0182966$ & $-0.00259879$ & $-0.00349381$ & $0.00953197$ & $-0.00119248$ & $-0.029581$ & $-0.0294737$ & $-0.0282319$ & $-0.00210669$ & $0.00774016$ & $-0.00556783$ & $0.00950532$ & $-0.0219043$ & $-0.00904794$ & $-0.0013371$ & $0.0210666$ & $-0.00817197$ & $0.0288552$ & $0.0597168$ & $-0.000169048$ & $-0.0326496$ & $0.0777655$ & $-0.089778$ & $-0.00194474$ & $0.306665$ & $-0.00793363$ & $-0.0789379$ & $0.00412025$ & $-0.148537$ & $-0.276872$ & $0.0640996$ & $-0.0189283$ & $-0.0585599$ & $1$ & $-0.217349$ \\
eHbbpar & $-0.122884$ & $-0.154874$ & $0.174631$ & $-0.205565$ & $0.00804637$ & $-0.00743832$ & $-0.00658916$ & $0.0249912$ & $0.029932$ & $-0.0177928$ & $-0.0223266$ & $-0.0188615$ & $0.00134745$ & $0.00768639$ & $0.00573142$ & $0.0139706$ & $0.00292975$ & $-0.0013153$ & $-0.00729091$ & $0.0202342$ & $0.0205991$ & $0.0187272$ & $-0.00208518$ & $-8.95932e-05$ & $0.0124104$ & $-0.00383953$ & $0.0146811$ & $0.0153218$ & $-0.00260167$ & $0.0130615$ & $0.0571684$ & $-0.0103705$ & $0.349857$ & $0.00790471$ & $-0.0720481$ & $-0.0500712$ & $0.00914348$ & $0.0133688$ & $0.0836087$ & $0.0434591$ & $0.0781178$ & $0.0190484$ & $0.117952$ & $0.226505$ & $0.117694$ & $0.024951$ & $0.170385$ & $-0.217349$ & $1$ \\
