 & AlsMz & dAle5Mz & mtop & mHl & Mz & CW & CHG & CHWB & CHWHB_gaga & CHWHB_gagaorth & CHD & CHbox & CH & CHL1_11 & CHL1_22 & CHL1_33 & CHL3_11 & CHL3_22 & CHL3_33 & CHe_11 & CHe_22 & CHe_33 & CHQ1_11 & CHQ1_33 & CHQ3_11 & CHu_11 & CHd_11 & CHd_33 & CeH_22r & CeH_33r & CuH_22r & CuH_33r & CdH_33r & CLL_1221 & eHggint & eHggpar & eHWWint & eHWWpar & eHZZint & eHZZpar & eHZgaint & eHZgapar & eHgagaint & eHmumuint & eHtautauint & eHccint & eHccpar & eHbbint & eHbbpar \\
AlsMz & $1$ & $-0.192766$ & $-0.367173$ & $0.12361$ & $-0.0635056$ & $-0.0128886$ & $-0.0366635$ & $0.0455117$ & $0.0527314$ & $-0.0266643$ & $-0.0514684$ & $-0.0509787$ & $0.00963201$ & $0.0144632$ & $-0.0244705$ & $-0.00135719$ & $-0.0318157$ & $-0.0108005$ & $-0.000513862$ & $0.0287425$ & $0.0190187$ & $0.000617355$ & $-0.011704$ & $-0.0239481$ & $-0.0824196$ & $0.00010906$ & $-0.00889761$ & $-0.00350087$ & $-0.00321506$ & $-0.00838872$ & $0.0459549$ & $-0.0529106$ & $-0.0226653$ & $-0.00593687$ & $-0.262707$ & $0.120921$ & $0.0586415$ & $0.180029$ & $0.0690204$ & $0.05118$ & $-0.0732656$ & $0.204827$ & $0.271038$ & $0.248584$ & $0.119939$ & $0.177084$ & $0.0743695$ & $0.0559946$ & $-0.00314339$ \\
dAle5Mz & $-0.192766$ & $1$ & $0.0390851$ & $0.0437468$ & $0.0782151$ & $0.0233195$ & $-0.000105631$ & $-0.11011$ & $-0.114007$ & $0.0327007$ & $0.104126$ & $-0.00147026$ & $-0.00313436$ & $-0.0297499$ & $-0.0366635$ & $-0.019238$ & $0.047465$ & $-0.0176159$ & $0.0112608$ & $-0.105006$ & $0.0128923$ & $0.0142698$ & $0.00532414$ & $-0.0116021$ & $0.00935733$ & $0.00634927$ & $0.0384969$ & $0.0383775$ & $0.0334693$ & $0.0323997$ & $-0.016196$ & $0.0229728$ & $-0.0463937$ & $0.0750725$ & $0.301791$ & $-0.122667$ & $-0.32122$ & $0.0964203$ & $0.244494$ & $-0.0818435$ & $0.158097$ & $-0.301662$ & $-0.132697$ & $0.189675$ & $-0.0427422$ & $-0.0526927$ & $-0.162907$ & $-0.149408$ & $-0.241549$ \\
mtop & $-0.367173$ & $0.0390851$ & $1$ & $0.0251867$ & $0.0315413$ & $0.0123663$ & $-0.0174678$ & $-0.0302215$ & $-0.0448047$ & $0.023751$ & $0.0371488$ & $0.0510294$ & $-0.00428169$ & $0.00726734$ & $0.0136712$ & $-0.0112566$ & $-0.00301554$ & $0.0150852$ & $0.0106943$ & $-0.0187917$ & $-0.0437387$ & $-0.0201823$ & $0.0208652$ & $0.0310383$ & $0.0342373$ & $-0.0150312$ & $-0.0128456$ & $0.021253$ & $0.00376423$ & $-0.021737$ & $-0.0208142$ & $-0.00257433$ & $-0.0288337$ & $-0.00685688$ & $0.267463$ & $-0.178303$ & $-0.0167886$ & $-0.0246328$ & $-0.0163553$ & $0.0966669$ & $0.0733357$ & $0.054318$ & $-0.265678$ & $0.0547559$ & $-0.0738802$ & $-0.166476$ & $-0.0159516$ & $0.0605972$ & $-0.0617417$ \\
mHl & $0.12361$ & $0.0437468$ & $0.0251867$ & $1$ & $-0.0127059$ & $-0.0339698$ & $-0.00428389$ & $0.0584461$ & $0.0601268$ & $-0.0567124$ & $-0.0414884$ & $-0.0405922$ & $0.0221729$ & $-0.0392411$ & $-0.0419986$ & $0.0338429$ & $-0.0637766$ & $-0.015847$ & $-0.0417964$ & $0.0418359$ & $0.00254545$ & $0.0271049$ & $0.000604959$ & $-0.0470278$ & $-0.0485771$ & $-0.0145432$ & $0.0218753$ & $-0.0038707$ & $-0.0140955$ & $0.0397656$ & $-0.0582297$ & $0.00282679$ & $0.073602$ & $0.0500414$ & $-0.0397044$ & $0.119747$ & $-0.12779$ & $0.00814788$ & $0.0169922$ & $0.107123$ & $0.130508$ & $0.0336212$ & $-0.0131445$ & $0.0573942$ & $0.222131$ & $0.156645$ & $-0.255247$ & $0.189809$ & $0.0786716$ \\
Mz & $-0.0635056$ & $0.0782151$ & $0.0315413$ & $-0.0127059$ & $1$ & $-0.0228352$ & $0.0158929$ & $-0.0613929$ & $-0.0615443$ & $0.00125562$ & $0.151867$ & $0.0403493$ & $-0.00303989$ & $-0.0257635$ & $-0.0088856$ & $-0.0134872$ & $-0.00625676$ & $-0.00131332$ & $0.00422867$ & $-0.0538677$ & $-0.00464161$ & $-0.00841933$ & $-0.0112836$ & $-0.0332501$ & $-0.0158882$ & $0.00767677$ & $-0.00302756$ & $0.00115493$ & $0.0133479$ & $-0.00158105$ & $-0.0195598$ & $0.0127746$ & $-0.000536908$ & $-0.0266224$ & $0.0450223$ & $-0.0516442$ & $-0.0391842$ & $0.014951$ & $0.0223391$ & $0.00296121$ & $0.0089359$ & $-0.0284621$ & $-0.0592531$ & $-0.0144237$ & $-0.00889397$ & $0.0125157$ & $-0.0164137$ & $-0.0105279$ & $0.00429749$ \\
CW & $-0.0128886$ & $0.0233195$ & $0.0123663$ & $-0.0339698$ & $-0.0228352$ & $1$ & $-0.00176385$ & $-0.125737$ & $-0.124313$ & $0.0227814$ & $0.112844$ & $0.0428239$ & $-0.00911691$ & $0.0931726$ & $0.0415538$ & $0.0454488$ & $-0.0422809$ & $-0.0107723$ & $0.000378588$ & $-0.127208$ & $-0.040631$ & $-0.0577601$ & $-0.0269889$ & $0.0654137$ & $0.0146785$ & $0.0273516$ & $-0.0450316$ & $-0.00374042$ & $-0.00683064$ & $0.0077923$ & $0.00103658$ & $0.00616012$ & $0.0129779$ & $-0.112533$ & $0.0373371$ & $0.0362521$ & $0.00962792$ & $-0.0125154$ & $0.0121513$ & $0.0026007$ & $0.00241034$ & $-0.00581572$ & $0.0216893$ & $0.000565465$ & $-0.0153865$ & $0.00193505$ & $0.00281541$ & $-0.0307636$ & $0.00659742$ \\
CHG & $-0.0366635$ & $-0.000105631$ & $-0.0174678$ & $-0.00428389$ & $0.0158929$ & $-0.00176385$ & $1$ & $-0.0344154$ & $0.0215232$ & $-0.0121349$ & $0.0341156$ & $-0.00734738$ & $-0.0939063$ & $-0.0129974$ & $0.0305441$ & $0.0274347$ & $-0.00114288$ & $-0.0164374$ & $-0.0183149$ & $-0.0119491$ & $-0.0094948$ & $-0.0118694$ & $-0.0109799$ & $0.0182865$ & $-0.0148482$ & $-0.0126161$ & $-0.0356494$ & $-0.00049674$ & $-0.00928758$ & $-0.0742259$ & $-0.0301543$ & $0.93714$ & $-0.0974898$ & $-0.0380445$ & $0.0356876$ & $-0.0345828$ & $0.0486811$ & $-0.0226812$ & $0.00369262$ & $0.0110749$ & $-0.0241661$ & $0.00650687$ & $-0.0212517$ & $-0.0287426$ & $-0.0248635$ & $0.0221532$ & $0.0299488$ & $-0.0123335$ & $0.038576$ \\
CHWB & $0.0455117$ & $-0.11011$ & $-0.0302215$ & $0.0584461$ & $-0.0613929$ & $-0.125737$ & $-0.0344154$ & $1$ & $0.979888$ & $-0.304358$ & $-0.875491$ & $-0.436932$ & $0.079143$ & $-0.0809031$ & $-0.12439$ & $-0.0983426$ & $-0.359509$ & $-0.158633$ & $-0.190989$ & $0.760835$ & $0.375982$ & $0.356757$ & $0.0544379$ & $-0.386868$ & $-0.225855$ & $-0.0875084$ & $0.312622$ & $0.0393872$ & $0.00867844$ & $0.0200242$ & $-0.000652228$ & $-0.0511328$ & $0.0181201$ & $0.652785$ & $-0.108991$ & $0.0233336$ & $-0.026765$ & $0.0214485$ & $-0.0379476$ & $0.00263858$ & $-0.019707$ & $0.0487117$ & $-0.00793233$ & $-0.00187483$ & $-0.0306683$ & $0.0441719$ & $-0.0282854$ & $0.0254975$ & $0.0319356$ \\
CHWHB_gaga & $0.0527314$ & $-0.114007$ & $-0.0448047$ & $0.0601268$ & $-0.0615443$ & $-0.124313$ & $0.0215232$ & $0.979888$ & $1$ & $-0.308248$ & $-0.855987$ & $-0.40423$ & $0.0765756$ & $-0.0900215$ & $-0.123915$ & $-0.100687$ & $-0.360307$ & $-0.156705$ & $-0.187756$ & $0.750277$ & $0.37118$ & $0.349874$ & $0.056143$ & $-0.380303$ & $-0.220462$ & $-0.0867688$ & $0.310095$ & $0.0336345$ & $0.0128371$ & $0.0461426$ & $0.0121957$ & $-0.00530526$ & $0.0469923$ & $0.639308$ & $-0.124666$ & $0.0246601$ & $-0.0192405$ & $0.0108549$ & $-0.0359859$ & $-0.00271721$ & $-0.0250368$ & $0.0506073$ & $0.0372273$ & $-0.00235945$ & $-0.0146151$ & $0.035258$ & $-0.0385991$ & $0.0273367$ & $0.03827$ \\
CHWHB_gagaorth & $-0.0266643$ & $0.0327007$ & $0.023751$ & $-0.0567124$ & $0.00125562$ & $0.0227814$ & $-0.0121349$ & $-0.304358$ & $-0.308248$ & $1$ & $0.019689$ & $0.386096$ & $-0.127105$ & $0.767849$ & $0.0917614$ & $0.0762204$ & $0.813797$ & $0.2471$ & $0.280028$ & $-0.022702$ & $-0.0342268$ & $-0.0168841$ & $-0.0390872$ & $0.267024$ & $0.335379$ & $0.0323245$ & $-0.127594$ & $-0.00773134$ & $-0.0177312$ & $-0.0756964$ & $-0.0507039$ & $-0.00225161$ & $-0.0836101$ & $-0.211978$ & $0.0830282$ & $-0.00950101$ & $0.0420999$ & $-0.0380959$ & $-0.00816007$ & $-0.00997665$ & $-0.00519262$ & $0.0201097$ & $0.0201386$ & $-0.0344473$ & $0.0182408$ & $0.00851481$ & $0.0375385$ & $-0.001776$ & $-0.0472014$ \\
CHD & $-0.0514684$ & $0.104126$ & $0.0371488$ & $-0.0414884$ & $0.151867$ & $0.112844$ & $0.0341156$ & $-0.875491$ & $-0.855987$ & $0.019689$ & $1$ & $0.315906$ & $-0.0379217$ & $-0.191548$ & $0.0673445$ & $0.0480515$ & $0.0612856$ & $0.0604927$ & $0.0874026$ & $-0.780978$ & $-0.360292$ & $-0.351904$ & $-0.0338084$ & $0.26787$ & $0.102217$ & $0.0744862$ & $-0.245765$ & $-0.0465627$ & $-0.00602898$ & $-0.00868341$ & $0.00114604$ & $0.0445327$ & $-0.0053878$ & $-0.501708$ & $0.0850083$ & $-0.0175406$ & $0.0163001$ & $-0.00627634$ & $0.0373257$ & $-0.00448579$ & $0.0141304$ & $-0.0547857$ & $0.0119344$ & $0.0168971$ & $0.0255313$ & $-0.0521645$ & $0.0070342$ & $-0.0178578$ & $-0.0200541$ \\
CHbox & $-0.0509787$ & $-0.00147026$ & $0.0510294$ & $-0.0405922$ & $0.0403493$ & $0.0428239$ & $-0.00734738$ & $-0.436932$ & $-0.40423$ & $0.386096$ & $0.315906$ & $1$ & $-0.0721987$ & $0.104301$ & $0.0858883$ & $0.0777516$ & $0.255716$ & $0.094208$ & $0.113907$ & $-0.11437$ & $-0.123848$ & $-0.111224$ & $-0.0245307$ & $0.183397$ & $0.148214$ & $0.0228745$ & $-0.152051$ & $-0.0164891$ & $0.0204182$ & $0.201099$ & $0.0465768$ & $0.0599989$ & $0.307913$ & $-0.333753$ & $0.113273$ & $-0.00551605$ & $0.0361741$ & $-0.0307873$ & $-0.0400921$ & $-0.0278344$ & $-0.00253521$ & $0.0178558$ & $0.0156462$ & $-0.0466839$ & $0.0465708$ & $-0.0178469$ & $0.0538023$ & $-0.0136096$ & $-0.0192166$ \\
CH & $0.00963201$ & $-0.00313436$ & $-0.00428169$ & $0.0221729$ & $-0.00303989$ & $-0.00911691$ & $-0.0939063$ & $0.079143$ & $0.0765756$ & $-0.127105$ & $-0.0379217$ & $-0.0721987$ & $1$ & $-0.138701$ & $-0.0184857$ & $-0.0171955$ & $-0.1411$ & $-0.0375698$ & $-0.0492808$ & $0.0806431$ & $0.0160388$ & $0.0205819$ & $0.007146$ & $-0.0537347$ & $-0.0549134$ & $-0.00276755$ & $0.0355824$ & $0.00212004$ & $0.0241083$ & $0.0708631$ & $0.0488785$ & $-0.0883249$ & $0.125165$ & $0.0510524$ & $-0.0193441$ & $-0.0013791$ & $-0.0131065$ & $0.00629842$ & $0.00809533$ & $0.00768381$ & $0.00754322$ & $0.00301084$ & $-0.0159161$ & $0.00760042$ & $0.00284868$ & $0.00379197$ & $-0.0110898$ & $-0.000655274$ & $0.00329159$ \\
CHL1_11 & $0.0144632$ & $-0.0297499$ & $0.00726734$ & $-0.0392411$ & $-0.0257635$ & $0.0931726$ & $-0.0129974$ & $-0.0809031$ & $-0.0900215$ & $0.767849$ & $-0.191548$ & $0.104301$ & $-0.138701$ & $1$ & $0.0781634$ & $0.0814887$ & $0.632078$ & $0.213878$ & $0.226334$ & $0.0961532$ & $0.0562335$ & $0.0497923$ & $-0.0489324$ & $0.198847$ & $0.260586$ & $0.0154389$ & $-0.104969$ & $-0.0014107$ & $-0.0251816$ & $-0.036277$ & $-0.0457139$ & $-0.0113905$ & $-0.0776593$ & $-0.106148$ & $0.0496668$ & $-0.00621203$ & $0.0320975$ & $-0.0363131$ & $-0.0161948$ & $-0.00320669$ & $0.000951596$ & $0.014008$ & $0.013168$ & $-0.030518$ & $0.0155849$ & $0.0162969$ & $0.0308076$ & $0.00710372$ & $-0.0315562$ \\
CHL1_22 & $-0.0244705$ & $-0.0366635$ & $0.0136712$ & $-0.0419986$ & $-0.0088856$ & $0.0415538$ & $0.0305441$ & $-0.12439$ & $-0.123915$ & $0.0917614$ & $0.0673445$ & $0.0858883$ & $-0.0184857$ & $0.0781634$ & $1$ & $0.342214$ & $0.0821187$ & $-0.64038$ & $-0.203062$ & $-0.0490116$ & $-0.271324$ & $-0.204744$ & $-0.140246$ & $0.294114$ & $-0.312546$ & $0.0710337$ & $-0.516706$ & $-0.0101224$ & $-0.0187707$ & $-0.0219784$ & $0.00326372$ & $0.0374159$ & $-0.0015379$ & $-0.612895$ & $-0.00274703$ & $-0.0220907$ & $0.0555018$ & $-0.0141197$ & $0.0360412$ & $-0.0102418$ & $-0.0117522$ & $-0.000554555$ & $-0.0135588$ & $-0.0141911$ & $0.00939612$ & $0.0104521$ & $0.0472428$ & $-0.00656214$ & $0.0133363$ \\
CHL1_33 & $-0.00135719$ & $-0.019238$ & $-0.0112566$ & $0.0338429$ & $-0.0134872$ & $0.0454488$ & $0.0274347$ & $-0.0983426$ & $-0.100687$ & $0.0762204$ & $0.0480515$ & $0.0777516$ & $-0.0171955$ & $0.0814887$ & $0.342214$ & $1$ & $0.0678311$ & $-0.228778$ & $-0.617839$ & $-0.0159706$ & $-0.202168$ & $-0.287614$ & $-0.128886$ & $0.259206$ & $-0.326115$ & $0.0451815$ & $-0.513551$ & $-0.00531032$ & $-0.0220049$ & $0.000531931$ & $-0.00946236$ & $0.0335091$ & $0.00609212$ & $-0.285469$ & $0.00534762$ & $0.0197991$ & $0.0291089$ & $-0.0085012$ & $0.0321443$ & $-0.0238516$ & $0.00939368$ & $0.000968815$ & $-0.0169527$ & $-0.00277529$ & $0.0103982$ & $0.0118645$ & $0.0160363$ & $0.0079297$ & $-0.0129161$ \\
CHL3_11 & $-0.0318157$ & $0.047465$ & $-0.00301554$ & $-0.0637766$ & $-0.00625676$ & $-0.0422809$ & $-0.00114288$ & $-0.359509$ & $-0.360307$ & $0.813797$ & $0.0612856$ & $0.255716$ & $-0.1411$ & $0.632078$ & $0.0821187$ & $0.0678311$ & $1$ & $0.283518$ & $0.297979$ & $-0.103801$ & $-0.063543$ & $-0.0328926$ & $-0.0409709$ & $0.279311$ & $0.36054$ & $0.038627$ & $-0.136541$ & $-0.00607665$ & $-0.0155172$ & $-0.0428016$ & $-0.0320539$ & $0.00283466$ & $-0.0746028$ & $-0.199046$ & $0.0670525$ & $-0.0240046$ & $0.0304935$ & $-0.0381504$ & $0.00474053$ & $-0.00916645$ & $0.0101494$ & $-0.0153633$ & $0.0142551$ & $-0.0346263$ & $0.0178984$ & $-0.0101281$ & $0.0255977$ & $0.000504383$ & $-0.0416461$ \\
CHL3_22 & $-0.0108005$ & $-0.0176159$ & $0.0150852$ & $-0.015847$ & $-0.00131332$ & $-0.0107723$ & $-0.0164374$ & $-0.158633$ & $-0.156705$ & $0.2471$ & $0.0604927$ & $0.094208$ & $-0.0375698$ & $0.213878$ & $-0.64038$ & $-0.228778$ & $0.283518$ & $1$ & $0.400541$ & $-0.0689247$ & $0.0373722$ & $0.053478$ & $0.10455$ & $0.00335165$ & $0.589305$ & $-0.0213685$ & $0.33729$ & $-0.0010029$ & $0.0177974$ & $-0.0109166$ & $0.00053185$ & $-0.0220405$ & $-0.0308118$ & $0.562878$ & $0.0479918$ & $0.0232763$ & $0.0140395$ & $0.00585446$ & $-0.0932928$ & $0.0295103$ & $0.0105062$ & $0.0134296$ & $0.00431944$ & $-0.027053$ & $0.0364097$ & $-0.0309573$ & $0.034396$ & $0.0358317$ & $-0.01429$ \\
CHL3_33 & $-0.000513862$ & $0.0112608$ & $0.0106943$ & $-0.0417964$ & $0.00422867$ & $0.000378588$ & $-0.0183149$ & $-0.190989$ & $-0.187756$ & $0.280028$ & $0.0874026$ & $0.113907$ & $-0.0492808$ & $0.226334$ & $-0.203062$ & $-0.617839$ & $0.297979$ & $0.400541$ & $1$ & $-0.102719$ & $0.0217293$ & $0.0419213$ & $0.0731011$ & $0.0283147$ & $0.590284$ & $0.00726989$ & $0.326444$ & $-0.0123456$ & $0.00735182$ & $-0.0318067$ & $-0.0049494$ & $-0.0176115$ & $-0.0427352$ & $0.0983617$ & $0.0590887$ & $-0.0162739$ & $0.0192307$ & $-0.0250496$ & $-0.0259113$ & $0.0193755$ & $0.0122753$ & $-0.00963628$ & $0.00508064$ & $-0.032006$ & $0.00834415$ & $0.00215173$ & $0.0444947$ & $-0.00177274$ & $-0.00335321$ \\
CHe_11 & $0.0287425$ & $-0.105006$ & $-0.0187917$ & $0.0418359$ & $-0.0538677$ & $-0.127208$ & $-0.0119491$ & $0.760835$ & $0.750277$ & $-0.022702$ & $-0.780978$ & $-0.11437$ & $0.0806431$ & $0.0961532$ & $-0.0490116$ & $-0.0159706$ & $-0.103801$ & $-0.0689247$ & $-0.102719$ & $1$ & $0.339154$ & $0.338734$ & $0.0187036$ & $-0.240565$ & $-0.114675$ & $-0.0583831$ & $0.207451$ & $0.0384513$ & $0.00633237$ & $-0.0263635$ & $-0.0126731$ & $-0.0206201$ & $0.000695928$ & $0.427557$ & $-0.0714698$ & $0.011267$ & $-0.00121256$ & $-0.00226758$ & $-0.047197$ & $0.0220703$ & $-0.0211732$ & $0.0408372$ & $-0.00577339$ & $-0.00911643$ & $-0.00012399$ & $0.0417735$ & $-0.0187162$ & $0.0283568$ & $0.0245933$ \\
CHe_22 & $0.0190187$ & $0.0128923$ & $-0.0437387$ & $0.00254545$ & $-0.00464161$ & $-0.040631$ & $-0.0094948$ & $0.375982$ & $0.37118$ & $-0.0342268$ & $-0.360292$ & $-0.123848$ & $0.0160388$ & $0.0562335$ & $-0.271324$ & $-0.202168$ & $-0.063543$ & $0.0373722$ & $0.0217293$ & $0.339154$ & $1$ & $0.292844$ & $0.0537265$ & $-0.295429$ & $0.00182849$ & $-0.0530797$ & $0.331098$ & $0.0432727$ & $0.0150727$ & $0.00462606$ & $-0.00574012$ & $-0.0110521$ & $0.0088527$ & $0.295145$ & $0.0120582$ & $0.0104759$ & $-0.0498686$ & $-0.00381672$ & $-0.0294431$ & $-0.00165683$ & $-0.0493264$ & $0.000459958$ & $-0.00596821$ & $-0.0182248$ & $-0.0468887$ & $0.0625543$ & $-0.0482041$ & $0.00210434$ & $-0.003924$ \\
CHe_33 & $0.000617355$ & $0.0142698$ & $-0.0201823$ & $0.0271049$ & $-0.00841933$ & $-0.0577601$ & $-0.0118694$ & $0.356757$ & $0.349874$ & $-0.0168841$ & $-0.351904$ & $-0.111224$ & $0.0205819$ & $0.0497923$ & $-0.204744$ & $-0.287614$ & $-0.0328926$ & $0.053478$ & $0.0419213$ & $0.338734$ & $0.292844$ & $1$ & $0.0822474$ & $-0.275949$ & $0.0220237$ & $-0.0682368$ & $0.324145$ & $0.0316663$ & $0.0210397$ & $0.00267388$ & $-0.0212966$ & $-0.0227715$ & $-0.00643135$ & $0.28788$ & $-0.00781568$ & $0.00836073$ & $-0.02601$ & $-0.0402674$ & $-0.00871368$ & $0.0213864$ & $-0.00220003$ & $0.00305142$ & $0.0068327$ & $-0.01966$ & $-0.0418206$ & $0.0282206$ & $-0.0529377$ & $-0.0120595$ & $-0.00889188$ \\
CHQ1_11 & $-0.011704$ & $0.00532414$ & $0.0208652$ & $0.000604959$ & $-0.0112836$ & $-0.0269889$ & $-0.0109799$ & $0.0544379$ & $0.056143$ & $-0.0390872$ & $-0.0338084$ & $-0.0245307$ & $0.007146$ & $-0.0489324$ & $-0.140246$ & $-0.128886$ & $-0.0409709$ & $0.10455$ & $0.0731011$ & $0.0187036$ & $0.0537265$ & $0.0822474$ & $1$ & $-0.0784363$ & $0.126796$ & $-0.601204$ & $0.272251$ & $0.025367$ & $0.00406587$ & $0.00502729$ & $-0.0156533$ & $-0.0084761$ & $0.0168997$ & $0.134147$ & $-0.0145823$ & $0.0231197$ & $0.0297159$ & $-0.0202496$ & $0.0130096$ & $-0.0219448$ & $-0.0610017$ & $-0.0219007$ & $0.000136163$ & $0.0142472$ & $-0.0496817$ & $-0.0339543$ & $-0.0414058$ & $-0.0348056$ & $0.038025$ \\
CHQ1_33 & $-0.0239481$ & $-0.0116021$ & $0.0310383$ & $-0.0470278$ & $-0.0332501$ & $0.0654137$ & $0.0182865$ & $-0.386868$ & $-0.380303$ & $0.267024$ & $0.26787$ & $0.183397$ & $-0.0537347$ & $0.198847$ & $0.294114$ & $0.259206$ & $0.279311$ & $0.00335165$ & $0.0283147$ & $-0.240565$ & $-0.295429$ & $-0.275949$ & $-0.0784363$ & $1$ & $0.0588458$ & $0.0636091$ & $-0.255911$ & $0.120366$ & $-0.0316867$ & $-0.00985553$ & $-0.00373159$ & $0.0218974$ & $-0.0326148$ & $-0.353977$ & $0.0317677$ & $0.000636915$ & $0.0580983$ & $-0.0218759$ & $0.0112396$ & $-0.0112888$ & $-0.0087098$ & $0.0156094$ & $0.00654645$ & $-0.0317788$ & $0.0124194$ & $-0.0353093$ & $0.0475172$ & $-0.00251424$ & $-0.00404968$ \\
CHQ3_11 & $-0.0824196$ & $0.00935733$ & $0.0342373$ & $-0.0485771$ & $-0.0158882$ & $0.0146785$ & $-0.0148482$ & $-0.225855$ & $-0.220462$ & $0.335379$ & $0.102217$ & $0.148214$ & $-0.0549134$ & $0.260586$ & $-0.312546$ & $-0.326115$ & $0.36054$ & $0.589305$ & $0.590284$ & $-0.114675$ & $0.00182849$ & $0.0220237$ & $0.126796$ & $0.0588458$ & $1$ & $0.0185576$ & $0.537521$ & $-0.0183487$ & $-0.00620677$ & $-0.0230951$ & $0.00126571$ & $-0.020192$ & $-0.0191889$ & $0.202226$ & $0.0406072$ & $-0.0089066$ & $0.0187307$ & $-0.0373239$ & $-0.0810084$ & $0.0262139$ & $-0.0133022$ & $0.00400494$ & $-0.0135577$ & $-0.0516442$ & $0.0204701$ & $-0.0271877$ & $0.0413252$ & $0.0107517$ & $0.00853645$ \\
CHu_11 & $0.00010906$ & $0.00634927$ & $-0.0150312$ & $-0.0145432$ & $0.00767677$ & $0.0273516$ & $-0.0126161$ & $-0.0875084$ & $-0.0867688$ & $0.0323245$ & $0.0744862$ & $0.0228745$ & $-0.00276755$ & $0.0154389$ & $0.0710337$ & $0.0451815$ & $0.038627$ & $-0.0213685$ & $0.00726989$ & $-0.0583831$ & $-0.0530797$ & $-0.0682368$ & $-0.601204$ & $0.0636091$ & $0.0185576$ & $1$ & $0.127557$ & $-0.0440084$ & $-0.00156532$ & $-0.0169016$ & $-0.00446845$ & $-0.0183389$ & $-0.00721796$ & $-0.084041$ & $0.0187788$ & $-0.00206157$ & $0.0120012$ & $-0.0205285$ & $-0.0164519$ & $0.0136271$ & $0.0112369$ & $0.00805204$ & $0.0317718$ & $-0.0126171$ & $0.0435764$ & $0.0211381$ & $0.0215701$ & $0.0470762$ & $-0.0107452$ \\
CHd_11 & $-0.00889761$ & $0.0384969$ & $-0.0128456$ & $0.0218753$ & $-0.00302756$ & $-0.0450316$ & $-0.0356494$ & $0.312622$ & $0.310095$ & $-0.127594$ & $-0.245765$ & $-0.152051$ & $0.0355824$ & $-0.104969$ & $-0.516706$ & $-0.513551$ & $-0.136541$ & $0.33729$ & $0.326444$ & $0.207451$ & $0.331098$ & $0.324145$ & $0.272251$ & $-0.255911$ & $0.537521$ & $0.127557$ & $1$ & $-0.00718167$ & $0.0149534$ & $-0.00710148$ & $-0.0076489$ & $-0.049669$ & $0.00611029$ & $0.529459$ & $-0.0298663$ & $0.0133114$ & $-0.0302614$ & $-0.0121302$ & $-0.0506039$ & $0.00814425$ & $-0.047474$ & $0.0173403$ & $0.00260842$ & $-0.00117176$ & $-0.0228674$ & $0.0235123$ & $-0.0459291$ & $0.0232601$ & $0.0214332$ \\
CHd_33 & $-0.00350087$ & $0.0383775$ & $0.021253$ & $-0.0038707$ & $0.00115493$ & $-0.00374042$ & $-0.00049674$ & $0.0393872$ & $0.0336345$ & $-0.00773134$ & $-0.0465627$ & $-0.0164891$ & $0.00212004$ & $-0.0014107$ & $-0.0101224$ & $-0.00531032$ & $-0.00607665$ & $-0.0010029$ & $-0.0123456$ & $0.0384513$ & $0.0432727$ & $0.0316663$ & $0.025367$ & $0.120366$ & $-0.0183487$ & $-0.0440084$ & $-0.00718167$ & $1$ & $-0.00855715$ & $-0.000217354$ & $-0.0339332$ & $-0.00848299$ & $-0.00899683$ & $0.0266439$ & $0.00888933$ & $-0.0199606$ & $-0.00439096$ & $0.0232764$ & $0.0185802$ & $-0.0124362$ & $0.018624$ & $-0.0102744$ & $0.00255202$ & $-0.023312$ & $-0.00733725$ & $-0.0382676$ & $0.00792071$ & $-0.021858$ & $0.00235643$ \\
CeH_22r & $-0.00321506$ & $0.0334693$ & $0.00376423$ & $-0.0140955$ & $0.0133479$ & $-0.00683064$ & $-0.00928758$ & $0.00867844$ & $0.0128371$ & $-0.0177312$ & $-0.00602898$ & $0.0204182$ & $0.0241083$ & $-0.0251816$ & $-0.0187707$ & $-0.0220049$ & $-0.0155172$ & $0.0177974$ & $0.00735182$ & $0.00633237$ & $0.0150727$ & $0.0210397$ & $0.00406587$ & $-0.0316867$ & $-0.00620677$ & $-0.00156532$ & $0.0149534$ & $-0.00855715$ & $1$ & $0.0331458$ & $0.00567004$ & $-0.023623$ & $0.0490784$ & $0.0285389$ & $-0.0364524$ & $-0.0368471$ & $-0.0170356$ & $0.0426897$ & $0.0105237$ & $-0.0041504$ & $0.00194549$ & $0.00539834$ & $-0.0333101$ & $0.0368931$ & $-0.040551$ & $0.0295121$ & $-0.0365894$ & $0.020169$ & $-0.0214583$ \\
CeH_33r & $-0.00838872$ & $0.0323997$ & $-0.021737$ & $0.0397656$ & $-0.00158105$ & $0.0077923$ & $-0.0742259$ & $0.0200242$ & $0.0461426$ & $-0.0756964$ & $-0.00868341$ & $0.201099$ & $0.0708631$ & $-0.036277$ & $-0.0219784$ & $0.000531931$ & $-0.0428016$ & $-0.0109166$ & $-0.0318067$ & $-0.0263635$ & $0.00462606$ & $0.00267388$ & $0.00502729$ & $-0.00985553$ & $-0.0230951$ & $-0.0169016$ & $-0.00710148$ & $-0.000217354$ & $0.0331458$ & $1$ & $0.25275$ & $0.0485585$ & $0.584422$ & $0.0210184$ & $-0.0141517$ & $-0.0191323$ & $-0.146088$ & $-0.0723195$ & $0.00597429$ & $-0.0309496$ & $0.00541279$ & $-0.0175977$ & $-0.024494$ & $-0.0116547$ & $0.0544996$ & $0.0261569$ & $0.00192614$ & $-0.0351016$ & $-0.00295111$ \\
CuH_22r & $0.0459549$ & $-0.016196$ & $-0.0208142$ & $-0.0582297$ & $-0.0195598$ & $0.00103658$ & $-0.0301543$ & $-0.000652228$ & $0.0121957$ & $-0.0507039$ & $0.00114604$ & $0.0465768$ & $0.0488785$ & $-0.0457139$ & $0.00326372$ & $-0.00946236$ & $-0.0320539$ & $0.00053185$ & $-0.0049494$ & $-0.0126731$ & $-0.00574012$ & $-0.0212966$ & $-0.0156533$ & $-0.00373159$ & $0.00126571$ & $-0.00446845$ & $-0.0076489$ & $-0.0339332$ & $0.00567004$ & $0.25275$ & $1$ & $0.0617606$ & $0.312669$ & $-0.00115488$ & $0.044647$ & $0.00638092$ & $-0.0335961$ & $-0.00431054$ & $-0.0272354$ & $-0.0354982$ & $0.0212448$ & $0.0546501$ & $-0.0773691$ & $-0.056159$ & $0.0384039$ & $0.0765326$ & $0.304792$ & $-0.0367535$ & $-0.0458563$ \\
CuH_33r & $-0.0529106$ & $0.0229728$ & $-0.00257433$ & $0.00282679$ & $0.0127746$ & $0.00616012$ & $0.93714$ & $-0.0511328$ & $-0.00530526$ & $-0.00225161$ & $0.0445327$ & $0.0599989$ & $-0.0883249$ & $-0.0113905$ & $0.0374159$ & $0.0335091$ & $0.00283466$ & $-0.0220405$ & $-0.0176115$ & $-0.0206201$ & $-0.0110521$ & $-0.0227715$ & $-0.0084761$ & $0.0218974$ & $-0.020192$ & $-0.0183389$ & $-0.049669$ & $-0.00848299$ & $-0.023623$ & $0.0485585$ & $0.0617606$ & $1$ & $0.0841028$ & $-0.055513$ & $0.091204$ & $-0.0268673$ & $0.0187986$ & $-0.0372439$ & $-0.00728671$ & $0.00408988$ & $-0.0142676$ & $0.0110976$ & $-0.0287962$ & $-0.0392391$ & $-0.0201608$ & $0.0374519$ & $0.0534285$ & $-0.0261927$ & $0.0347707$ \\
CdH_33r & $-0.0226653$ & $-0.0463937$ & $-0.0288337$ & $0.073602$ & $-0.000536908$ & $0.0129779$ & $-0.0974898$ & $0.0181201$ & $0.0469923$ & $-0.0836101$ & $-0.0053878$ & $0.307913$ & $0.125165$ & $-0.0776593$ & $-0.0015379$ & $0.00609212$ & $-0.0746028$ & $-0.0308118$ & $-0.0427352$ & $0.000695928$ & $0.0088527$ & $-0.00643135$ & $0.0168997$ & $-0.0326148$ & $-0.0191889$ & $-0.00721796$ & $0.00611029$ & $-0.00899683$ & $0.0490784$ & $0.584422$ & $0.312669$ & $0.0841028$ & $1$ & $-0.00833739$ & $-0.113146$ & $-0.0445744$ & $-0.15387$ & $-0.120462$ & $-0.0582951$ & $-0.0123283$ & $-0.104615$ & $0.0255893$ & $-0.0194929$ & $-0.0822125$ & $-0.0504246$ & $0.038523$ & $-0.0679183$ & $0.0599242$ & $0.346551$ \\
CLL_1221 & $-0.00593687$ & $0.0750725$ & $-0.00685688$ & $0.0500414$ & $-0.0266224$ & $-0.112533$ & $-0.0380445$ & $0.652785$ & $0.639308$ & $-0.211978$ & $-0.501708$ & $-0.333753$ & $0.0510524$ & $-0.106148$ & $-0.612895$ & $-0.285469$ & $-0.199046$ & $0.562878$ & $0.0983617$ & $0.427557$ & $0.295145$ & $0.28788$ & $0.134147$ & $-0.353977$ & $0.202226$ & $-0.084041$ & $0.529459$ & $0.0266439$ & $0.0285389$ & $0.0210184$ & $-0.00115488$ & $-0.055513$ & $-0.00833739$ & $1$ & $-0.0154383$ & $0.0211708$ & $-0.0696323$ & $0.0458169$ & $-0.0529948$ & $0.00672887$ & $0.0192633$ & $-0.00823308$ & $-0.0167486$ & $0.0225398$ & $-0.00541776$ & $-0.00557468$ & $-0.037492$ & $0.0253193$ & $-0.0220818$ \\
eHggint & $-0.262707$ & $0.301791$ & $0.267463$ & $-0.0397044$ & $0.0450223$ & $0.0373371$ & $0.0356876$ & $-0.108991$ & $-0.124666$ & $0.0830282$ & $0.0850083$ & $0.113273$ & $-0.0193441$ & $0.0496668$ & $-0.00274703$ & $0.00534762$ & $0.0670525$ & $0.0479918$ & $0.0590887$ & $-0.0714698$ & $0.0120582$ & $-0.00781568$ & $-0.0145823$ & $0.0317677$ & $0.0406072$ & $0.0187788$ & $-0.0298663$ & $0.00888933$ & $-0.0364524$ & $-0.0141517$ & $0.044647$ & $0.091204$ & $-0.113146$ & $-0.0154383$ & $1$ & $-0.178961$ & $0.045675$ & $-0.0573715$ & $-0.20202$ & $-0.135947$ & $0.105594$ & $-0.119735$ & $-0.122005$ & $-0.175266$ & $0.121267$ & $-0.025964$ & $0.213357$ & $-0.0255878$ & $-0.257798$ \\
eHggpar & $0.120921$ & $-0.122667$ & $-0.178303$ & $0.119747$ & $-0.0516442$ & $0.0362521$ & $-0.0345828$ & $0.0233336$ & $0.0246601$ & $-0.00950101$ & $-0.0175406$ & $-0.00551605$ & $-0.0013791$ & $-0.00621203$ & $-0.0220907$ & $0.0197991$ & $-0.0240046$ & $0.0232763$ & $-0.0162739$ & $0.011267$ & $0.0104759$ & $0.00836073$ & $0.0231197$ & $0.000636915$ & $-0.0089066$ & $-0.00206157$ & $0.0133114$ & $-0.0199606$ & $-0.0368471$ & $-0.0191323$ & $0.00638092$ & $-0.0268673$ & $-0.0445744$ & $0.0211708$ & $-0.178961$ & $1$ & $0.068329$ & $-0.132832$ & $0.045761$ & $0.15495$ & $-0.00432959$ & $0.107985$ & $0.284321$ & $0.151273$ & $0.189396$ & $0.0471792$ & $0.0468915$ & $-0.00762057$ & $-0.00591063$ \\
eHWWint & $0.0586415$ & $-0.32122$ & $-0.0167886$ & $-0.12779$ & $-0.0391842$ & $0.00962792$ & $0.0486811$ & $-0.026765$ & $-0.0192405$ & $0.0420999$ & $0.0163001$ & $0.0361741$ & $-0.0131065$ & $0.0320975$ & $0.0555018$ & $0.0291089$ & $0.0304935$ & $0.0140395$ & $0.0192307$ & $-0.00121256$ & $-0.0498686$ & $-0.02601$ & $0.0297159$ & $0.0580983$ & $0.0187307$ & $0.0120012$ & $-0.0302614$ & $-0.00439096$ & $-0.0170356$ & $-0.146088$ & $-0.0335961$ & $0.0187986$ & $-0.15387$ & $-0.0696323$ & $0.045675$ & $0.068329$ & $1$ & $-0.116264$ & $-0.117361$ & $-0.0131163$ & $-0.30103$ & $0.129393$ & $0.250849$ & $-0.0760389$ & $0.0997734$ & $-0.151998$ & $0.163217$ & $0.235087$ & $-0.0386034$ \\
eHWWpar & $0.180029$ & $0.0964203$ & $-0.0246328$ & $0.00814788$ & $0.014951$ & $-0.0125154$ & $-0.0226812$ & $0.0214485$ & $0.0108549$ & $-0.0380959$ & $-0.00627634$ & $-0.0307873$ & $0.00629842$ & $-0.0363131$ & $-0.0141197$ & $-0.0085012$ & $-0.0381504$ & $0.00585446$ & $-0.0250496$ & $-0.00226758$ & $-0.00381672$ & $-0.0402674$ & $-0.0202496$ & $-0.0218759$ & $-0.0373239$ & $-0.0205285$ & $-0.0121302$ & $0.0232764$ & $0.0426897$ & $-0.0723195$ & $-0.00431054$ & $-0.0372439$ & $-0.120462$ & $0.0458169$ & $-0.0573715$ & $-0.132832$ & $-0.116264$ & $1$ & $-0.0375243$ & $0.0042007$ & $0.188454$ & $-0.0278303$ & $-0.102643$ & $0.109413$ & $-0.0603593$ & $-0.0628428$ & $0.0543443$ & $0.0395307$ & $-0.122579$ \\
eHZZint & $0.0690204$ & $0.244494$ & $-0.0163553$ & $0.0169922$ & $0.0223391$ & $0.0121513$ & $0.00369262$ & $-0.0379476$ & $-0.0359859$ & $-0.00816007$ & $0.0373257$ & $-0.0400921$ & $0.00809533$ & $-0.0161948$ & $0.0360412$ & $0.0321443$ & $0.00474053$ & $-0.0932928$ & $-0.0259113$ & $-0.047197$ & $-0.0294431$ & $-0.00871368$ & $0.0130096$ & $0.0112396$ & $-0.0810084$ & $-0.0164519$ & $-0.0506039$ & $0.0185802$ & $0.0105237$ & $0.00597429$ & $-0.0272354$ & $-0.00728671$ & $-0.0582951$ & $-0.0529948$ & $-0.20202$ & $0.045761$ & $-0.117361$ & $-0.0375243$ & $1$ & $-0.174718$ & $0.187932$ & $-0.128348$ & $-0.0537748$ & $0.253453$ & $-0.233859$ & $-0.128124$ & $-0.110387$ & $-0.31685$ & $-0.0823042$ \\
eHZZpar & $0.05118$ & $-0.0818435$ & $0.0966669$ & $0.107123$ & $0.00296121$ & $0.0026007$ & $0.0110749$ & $0.00263858$ & $-0.00271721$ & $-0.00997665$ & $-0.00448579$ & $-0.0278344$ & $0.00768381$ & $-0.00320669$ & $-0.0102418$ & $-0.0238516$ & $-0.00916645$ & $0.0295103$ & $0.0193755$ & $0.0220703$ & $-0.00165683$ & $0.0213864$ & $-0.0219448$ & $-0.0112888$ & $0.0262139$ & $0.0136271$ & $0.00814425$ & $-0.0124362$ & $-0.0041504$ & $-0.0309496$ & $-0.0354982$ & $0.00408988$ & $-0.0123283$ & $0.00672887$ & $-0.135947$ & $0.15495$ & $-0.0131163$ & $0.0042007$ & $-0.174718$ & $1$ & $-0.0456123$ & $0.0707931$ & $-0.0591432$ & $0.0991107$ & $0.198877$ & $0.109195$ & $-0.129733$ & $0.0343041$ & $0.0684681$ \\
eHZgaint & $-0.0732656$ & $0.158097$ & $0.0733357$ & $0.130508$ & $0.0089359$ & $0.00241034$ & $-0.0241661$ & $-0.019707$ & $-0.0250368$ & $-0.00519262$ & $0.0141304$ & $-0.00253521$ & $0.00754322$ & $0.000951596$ & $-0.0117522$ & $0.00939368$ & $0.0101494$ & $0.0105062$ & $0.0122753$ & $-0.0211732$ & $-0.0493264$ & $-0.00220003$ & $-0.0610017$ & $-0.0087098$ & $-0.0133022$ & $0.0112369$ & $-0.047474$ & $0.018624$ & $0.00194549$ & $0.00541279$ & $0.0212448$ & $-0.0142676$ & $-0.104615$ & $0.0192633$ & $0.105594$ & $-0.00432959$ & $-0.30103$ & $0.188454$ & $0.187932$ & $-0.0456123$ & $1$ & $-0.140797$ & $-0.149057$ & $-0.0339166$ & $0.0745582$ & $-0.255148$ & $0.1098$ & $-0.178184$ & $-0.239668$ \\
eHZgapar & $0.204827$ & $-0.301662$ & $0.054318$ & $0.0336212$ & $-0.0284621$ & $-0.00581572$ & $0.00650687$ & $0.0487117$ & $0.0506073$ & $0.0201097$ & $-0.0547857$ & $0.0178558$ & $0.00301084$ & $0.014008$ & $-0.000554555$ & $0.000968815$ & $-0.0153633$ & $0.0134296$ & $-0.00963628$ & $0.0408372$ & $0.000459958$ & $0.00305142$ & $-0.0219007$ & $0.0156094$ & $0.00400494$ & $0.00805204$ & $0.0173403$ & $-0.0102744$ & $0.00539834$ & $-0.0175977$ & $0.0546501$ & $0.0110976$ & $0.0255893$ & $-0.00823308$ & $-0.119735$ & $0.107985$ & $0.129393$ & $-0.0278303$ & $-0.128348$ & $0.0707931$ & $-0.140797$ & $1$ & $0.0227231$ & $0.021708$ & $0.0999522$ & $0.347306$ & $0.0988921$ & $0.00329342$ & $0.119079$ \\
eHgagaint & $0.271038$ & $-0.132697$ & $-0.265678$ & $-0.0131445$ & $-0.0592531$ & $0.0216893$ & $-0.0212517$ & $-0.00793233$ & $0.0372273$ & $0.0201386$ & $0.0119344$ & $0.0156462$ & $-0.0159161$ & $0.013168$ & $-0.0135588$ & $-0.0169527$ & $0.0142551$ & $0.00431944$ & $0.00508064$ & $-0.00577339$ & $-0.00596821$ & $0.0068327$ & $0.000136163$ & $0.00654645$ & $-0.0135577$ & $0.0317718$ & $0.00260842$ & $0.00255202$ & $-0.0333101$ & $-0.024494$ & $-0.0773691$ & $-0.0287962$ & $-0.0194929$ & $-0.0167486$ & $-0.122005$ & $0.284321$ & $0.250849$ & $-0.102643$ & $-0.0537748$ & $-0.0591432$ & $-0.149057$ & $0.0227231$ & $1$ & $0.0601149$ & $0.249959$ & $-0.113413$ & $-0.200346$ & $0.0761532$ & $0.0295308$ \\
eHmumuint & $0.248584$ & $0.189675$ & $0.0547559$ & $0.0573942$ & $-0.0144237$ & $0.000565465$ & $-0.0287426$ & $-0.00187483$ & $-0.00235945$ & $-0.0344473$ & $0.0168971$ & $-0.0466839$ & $0.00760042$ & $-0.030518$ & $-0.0141911$ & $-0.00277529$ & $-0.0346263$ & $-0.027053$ & $-0.032006$ & $-0.00911643$ & $-0.0182248$ & $-0.01966$ & $0.0142472$ & $-0.0317788$ & $-0.0516442$ & $-0.0126171$ & $-0.00117176$ & $-0.023312$ & $0.0368931$ & $-0.0116547$ & $-0.056159$ & $-0.0392391$ & $-0.0822125$ & $0.0225398$ & $-0.175266$ & $0.151273$ & $-0.0760389$ & $0.109413$ & $0.253453$ & $0.0991107$ & $-0.0339166$ & $0.021708$ & $0.0601149$ & $1$ & $0.0594727$ & $-0.0270488$ & $-0.231083$ & $-0.134805$ & $-0.172851$ \\
eHtautauint & $0.119939$ & $-0.0427422$ & $-0.0738802$ & $0.222131$ & $-0.00889397$ & $-0.0153865$ & $-0.0248635$ & $-0.0306683$ & $-0.0146151$ & $0.0182408$ & $0.0255313$ & $0.0465708$ & $0.00284868$ & $0.0155849$ & $0.00939612$ & $0.0103982$ & $0.0178984$ & $0.0364097$ & $0.00834415$ & $-0.00012399$ & $-0.0468887$ & $-0.0418206$ & $-0.0496817$ & $0.0124194$ & $0.0204701$ & $0.0435764$ & $-0.0228674$ & $-0.00733725$ & $-0.040551$ & $0.0544996$ & $0.0384039$ & $-0.0201608$ & $-0.0504246$ & $-0.00541776$ & $0.121267$ & $0.189396$ & $0.0997734$ & $-0.0603593$ & $-0.233859$ & $0.198877$ & $0.0745582$ & $0.0999522$ & $0.249959$ & $0.0594727$ & $1$ & $-0.0830026$ & $0.134078$ & $0.166811$ & $-0.177919$ \\
eHccint & $0.177084$ & $-0.0526927$ & $-0.166476$ & $0.156645$ & $0.0125157$ & $0.00193505$ & $0.0221532$ & $0.0441719$ & $0.035258$ & $0.00851481$ & $-0.0521645$ & $-0.0178469$ & $0.00379197$ & $0.0162969$ & $0.0104521$ & $0.0118645$ & $-0.0101281$ & $-0.0309573$ & $0.00215173$ & $0.0417735$ & $0.0625543$ & $0.0282206$ & $-0.0339543$ & $-0.0353093$ & $-0.0271877$ & $0.0211381$ & $0.0235123$ & $-0.0382676$ & $0.0295121$ & $0.0261569$ & $0.0765326$ & $0.0374519$ & $0.038523$ & $-0.00557468$ & $-0.025964$ & $0.0471792$ & $-0.151998$ & $-0.0628428$ & $-0.128124$ & $0.109195$ & $-0.255148$ & $0.347306$ & $-0.113413$ & $-0.0270488$ & $-0.0830026$ & $1$ & $0.0585476$ & $0.0359434$ & $0.00736571$ \\
eHccpar & $0.0743695$ & $-0.162907$ & $-0.0159516$ & $-0.255247$ & $-0.0164137$ & $0.00281541$ & $0.0299488$ & $-0.0282854$ & $-0.0385991$ & $0.0375385$ & $0.0070342$ & $0.0538023$ & $-0.0110898$ & $0.0308076$ & $0.0472428$ & $0.0160363$ & $0.0255977$ & $0.034396$ & $0.0444947$ & $-0.0187162$ & $-0.0482041$ & $-0.0529377$ & $-0.0414058$ & $0.0475172$ & $0.0413252$ & $0.0215701$ & $-0.0459291$ & $0.00792071$ & $-0.0365894$ & $0.00192614$ & $0.304792$ & $0.0534285$ & $-0.0679183$ & $-0.037492$ & $0.213357$ & $0.0468915$ & $0.163217$ & $0.0543443$ & $-0.110387$ & $-0.129733$ & $0.1098$ & $0.0988921$ & $-0.200346$ & $-0.231083$ & $0.134078$ & $0.0585476$ & $1$ & $-0.0107674$ & $-0.122697$ \\
eHbbint & $0.0559946$ & $-0.149408$ & $0.0605972$ & $0.189809$ & $-0.0105279$ & $-0.0307636$ & $-0.0123335$ & $0.0254975$ & $0.0273367$ & $-0.001776$ & $-0.0178578$ & $-0.0136096$ & $-0.000655274$ & $0.00710372$ & $-0.00656214$ & $0.0079297$ & $0.000504383$ & $0.0358317$ & $-0.00177274$ & $0.0283568$ & $0.00210434$ & $-0.0120595$ & $-0.0348056$ & $-0.00251424$ & $0.0107517$ & $0.0470762$ & $0.0232601$ & $-0.021858$ & $0.020169$ & $-0.0351016$ & $-0.0367535$ & $-0.0261927$ & $0.0599242$ & $0.0253193$ & $-0.0255878$ & $-0.00762057$ & $0.235087$ & $0.0395307$ & $-0.31685$ & $0.0343041$ & $-0.178184$ & $0.00329342$ & $0.0761532$ & $-0.134805$ & $0.166811$ & $0.0359434$ & $-0.0107674$ & $1$ & $-0.0668448$ \\
eHbbpar & $-0.00314339$ & $-0.241549$ & $-0.0617417$ & $0.0786716$ & $0.00429749$ & $0.00659742$ & $0.038576$ & $0.0319356$ & $0.03827$ & $-0.0472014$ & $-0.0200541$ & $-0.0192166$ & $0.00329159$ & $-0.0315562$ & $0.0133363$ & $-0.0129161$ & $-0.0416461$ & $-0.01429$ & $-0.00335321$ & $0.0245933$ & $-0.003924$ & $-0.00889188$ & $0.038025$ & $-0.00404968$ & $0.00853645$ & $-0.0107452$ & $0.0214332$ & $0.00235643$ & $-0.0214583$ & $-0.00295111$ & $-0.0458563$ & $0.0347707$ & $0.346551$ & $-0.0220818$ & $-0.257798$ & $-0.00591063$ & $-0.0386034$ & $-0.122579$ & $-0.0823042$ & $0.0684681$ & $-0.239668$ & $0.119079$ & $0.0295308$ & $-0.172851$ & $-0.177919$ & $0.00736571$ & $-0.122697$ & $-0.0668448$ & $1$ \\
