 & AlsMz & dAle5Mz & mtop & mHl & Mz & CW & CHG & CHWB & CHWHB_gaga & CHWHB_gagaorth & CHD & CHbox & CH & CHL1_11 & CHL1_22 & CHL1_33 & CHL3_11 & CHL3_22 & CHL3_33 & CHe_11 & CHe_22 & CHe_33 & CHQ1_11 & CHQ1_33 & CHQ3_11 & CHu_11 & CHd_11 & CHd_33 & CeH_22r & CeH_33r & CuH_22r & CuH_33r & CdH_33r & CLL_1221 & eHggint & eHggpar & eHWWint & eHWWpar & eHZZint & eHZZpar & eHZgaint & eHZgapar & eHgagaint & eHmumuint & eHtautauint & eHccint & eHccpar & eHbbint & eHbbpar \\
AlsMz & $1$ & $0.104011$ & $-0.141396$ & $0.133786$ & $0.00939715$ & $0.0231119$ & $-0.0718162$ & $0.00757551$ & $0.0217842$ & $0.000834774$ & $-0.0286223$ & $0.074053$ & $0.0709186$ & $0.0423137$ & $0.0372018$ & $0.00472323$ & $0.0210575$ & $0.0105322$ & $0.0297199$ & $0.0275172$ & $0.0236788$ & $0.0227077$ & $-0.0332286$ & $-0.00948932$ & $-0.0382549$ & $-0.0269871$ & $-0.0337262$ & $0.0252991$ & $0.0224681$ & $0.0317774$ & $-0.0232706$ & $-0.0729276$ & $0.0430448$ & $-0.0306088$ & $0.145828$ & $0.00562558$ & $0.18426$ & $-0.0153589$ & $0.0324027$ & $0.016696$ & $0.00898057$ & $-0.0582523$ & $0.398423$ & $-0.115431$ & $0.0178432$ & $-0.0827668$ & $-0.0402115$ & $-0.0496077$ & $0.0445154$ \\
dAle5Mz & $0.104011$ & $1$ & $0.0271663$ & $-0.132289$ & $-0.00776176$ & $-0.00509014$ & $-0.0236096$ & $-0.0537238$ & $-0.0565521$ & $0.038329$ & $0.0148264$ & $0.0223389$ & $0.0194618$ & $0.0364252$ & $-0.00977508$ & $-0.0233972$ & $0.0579266$ & $0.0616534$ & $0.0685325$ & $-0.00350339$ & $-0.0055735$ & $-0.000827275$ & $-0.0126084$ & $0.0447707$ & $0.0656279$ & $0.00413541$ & $0.00529191$ & $-0.0211797$ & $0.0278611$ & $-0.0161977$ & $0.00395386$ & $-0.0301336$ & $0.0478994$ & $-0.00367571$ & $0.108288$ & $-0.160744$ & $0.202994$ & $-0.0047686$ & $-0.00937369$ & $0.0119276$ & $0.10987$ & $0.00880566$ & $-0.0971673$ & $0.1365$ & $0.0645785$ & $-0.120132$ & $0.082247$ & $-0.038277$ & $0.279795$ \\
mtop & $-0.141396$ & $0.0271663$ & $1$ & $-0.0439316$ & $0.0415982$ & $0.00219141$ & $0.00539803$ & $0.0319808$ & $0.0408104$ & $0.0240466$ & $-0.0223039$ & $0.00662472$ & $-0.000722943$ & $0.00809333$ & $0.0400312$ & $0.0110777$ & $-0.0148711$ & $-0.0305805$ & $-0.00896485$ & $0.0304586$ & $0.0265589$ & $0.0293129$ & $0.0256565$ & $-0.00784432$ & $-0.00216513$ & $-0.0337965$ & $0.019971$ & $-0.024352$ & $0.012605$ & $0.00803175$ & $-0.0119925$ & $0.0136263$ & $0.0149465$ & $-0.0100396$ & $0.213875$ & $0.00524127$ & $-0.0166806$ & $0.0024376$ & $0.0956513$ & $-0.0451874$ & $0.0774936$ & $0.0774526$ & $0.135874$ & $-0.0130617$ & $0.0228968$ & $0.122238$ & $-0.0149612$ & $0.0473357$ & $0.0597894$ \\
mHl & $0.133786$ & $-0.132289$ & $-0.0439316$ & $1$ & $-0.0016953$ & $0.0121648$ & $0.0544608$ & $-0.0481755$ & $-0.0423698$ & $0.0292511$ & $0.0316942$ & $-0.0198586$ & $-0.0219216$ & $0.00322441$ & $-0.0248682$ & $-0.0336845$ & $0.0346241$ & $0.0414145$ & $0.0504063$ & $-0.0335737$ & $-0.0331891$ & $-0.0326938$ & $-0.0106968$ & $0.0503477$ & $0.0332129$ & $0.033009$ & $-0.00917285$ & $0.0238378$ & $0.0365234$ & $-0.0219497$ & $0.0167245$ & $0.0577187$ & $-0.014989$ & $-0.0262115$ & $0.0687036$ & $-0.143569$ & $0.0264992$ & $0.000234144$ & $0.19768$ & $-0.0316514$ & $-0.0621155$ & $-0.00839228$ & $0.18941$ & $0.05813$ & $0.0838195$ & $0.136203$ & $0.117696$ & $0.010791$ & $0.0299726$ \\
Mz & $0.00939715$ & $-0.00776176$ & $0.0415982$ & $-0.0016953$ & $1$ & $-0.0182041$ & $-0.00654323$ & $-0.015364$ & $-0.0186662$ & $0.0246502$ & $0.00569943$ & $0.00671717$ & $0.00519834$ & $0.0191964$ & $-0.000633135$ & $-0.00957112$ & $0.0364991$ & $0.0285757$ & $0.0401357$ & $-0.00119249$ & $0.00251988$ & $0.00565571$ & $0.00455165$ & $0.0228209$ & $0.0369323$ & $-0.00188046$ & $0.00906941$ & $-0.0343548$ & $-0.0275577$ & $0.00557515$ & $0.0171996$ & $-0.012197$ & $-0.0047287$ & $-0.012334$ & $0.0454094$ & $0.0226427$ & $0.0646562$ & $0.0137044$ & $0.0240316$ & $0.01037$ & $-0.0081636$ & $0.0305484$ & $0.00404987$ & $-0.000461046$ & $-0.00502856$ & $0.0207629$ & $0.0510588$ & $-0.00388554$ & $0.00332637$ \\
CW & $0.0231119$ & $-0.00509014$ & $0.00219141$ & $0.0121648$ & $-0.0182041$ & $1$ & $0.035532$ & $-0.00534416$ & $-0.00185326$ & $-0.0159331$ & $0.119453$ & $-0.0237961$ & $-0.0408324$ & $-0.0259618$ & $-0.0649495$ & $-0.0740076$ & $-0.378803$ & $-0.187025$ & $-0.182462$ & $-0.116725$ & $-0.120212$ & $-0.1217$ & $-0.000100729$ & $-0.142836$ & $-0.225779$ & $0.0809463$ & $-0.0481429$ & $-0.0409068$ & $-0.000897003$ & $-0.0350895$ & $-0.0195258$ & $0.0423169$ & $-0.0157891$ & $-0.0825837$ & $0.0145021$ & $-0.0307284$ & $0.012378$ & $-0.00230443$ & $-0.00979954$ & $-0.0156305$ & $0.0404399$ & $0.0202621$ & $0.0118995$ & $0.0304693$ & $-0.0131486$ & $0.0121035$ & $-0.020175$ & $-0.00105226$ & $0.037788$ \\
CHG & $-0.0718162$ & $-0.0236096$ & $0.00539803$ & $0.0544608$ & $-0.00654323$ & $0.035532$ & $1$ & $-0.0412162$ & $-0.0164142$ & $0.203417$ & $0.111495$ & $-0.758644$ & $-0.779597$ & $-0.145338$ & $-0.057012$ & $-0.0616992$ & $-0.144158$ & $-0.113552$ & $-0.108611$ & $-0.110337$ & $-0.108515$ & $-0.10541$ & $-0.00840541$ & $-0.0782094$ & $-0.110384$ & $0.0968437$ & $-0.0047781$ & $-0.0279443$ & $-0.134702$ & $-0.589686$ & $-0.349951$ & $0.956806$ & $-0.616778$ & $-0.000461229$ & $-0.0959433$ & $-0.0542159$ & $-0.00699196$ & $0.0132837$ & $0.00976931$ & $0.00235369$ & $-0.00310956$ & $0.00211021$ & $0.00944634$ & $0.0189813$ & $-0.0664619$ & $0.010346$ & $-0.0227009$ & $0.0211004$ & $-0.113449$ \\
CHWB & $0.00757551$ & $-0.0537238$ & $0.0319808$ & $-0.0481755$ & $-0.015364$ & $-0.00534416$ & $-0.0412162$ & $1$ & $0.98984$ & $-0.548205$ & $-0.87449$ & $-0.0164284$ & $0.0570083$ & $0.280065$ & $0.469197$ & $0.472468$ & $-0.216046$ & $-0.400012$ & $-0.405402$ & $0.858632$ & $0.888125$ & $0.878833$ & $0.0513635$ & $-0.628983$ & $-0.375726$ & $-0.61927$ & $0.385427$ & $0.411607$ & $0.0175483$ & $0.059727$ & $0.000927965$ & $-0.043723$ & $0.0592101$ & $0.525238$ & $-0.0533223$ & $-0.0367077$ & $-0.0558984$ & $0.0165732$ & $0.0522253$ & $0.0278459$ & $-0.0589308$ & $0.0124299$ & $0.0237174$ & $-0.054206$ & $-0.023669$ & $0.00236726$ & $-0.0500746$ & $0.0193733$ & $-0.00587678$ \\
CHWHB_gaga & $0.0217842$ & $-0.0565521$ & $0.0408104$ & $-0.0423698$ & $-0.0186662$ & $-0.00185326$ & $-0.0164142$ & $0.98984$ & $1$ & $-0.542837$ & $-0.86253$ & $-0.010696$ & $0.0583517$ & $0.27243$ & $0.465256$ & $0.465787$ & $-0.220953$ & $-0.402601$ & $-0.405983$ & $0.847053$ & $0.876003$ & $0.866745$ & $0.0503527$ & $-0.626773$ & $-0.379663$ & $-0.610439$ & $0.378712$ & $0.407889$ & $0.0294375$ & $0.0753633$ & $0.0127053$ & $-0.0209767$ & $0.0756301$ & $0.517946$ & $-0.0579109$ & $-0.0426777$ & $-0.0629291$ & $0.0163766$ & $0.0547783$ & $0.029661$ & $-0.0593532$ & $0.0127595$ & $0.0657541$ & $-0.0552693$ & $-0.0328734$ & $0.00497032$ & $-0.0497006$ & $0.0213872$ & $-0.00373031$ \\
CHWHB_gagaorth & $0.000834774$ & $0.038329$ & $0.0240466$ & $0.0292511$ & $0.0246502$ & $-0.0159331$ & $0.203417$ & $-0.548205$ & $-0.542837$ & $1$ & $0.474798$ & $-0.100338$ & $-0.26122$ & $-0.144389$ & $-0.25205$ & $-0.248098$ & $0.1278$ & $0.22653$ & $0.226212$ & $-0.466214$ & $-0.482873$ & $-0.47516$ & $-0.0543056$ & $0.352523$ & $0.20511$ & $0.341686$ & $-0.230093$ & $-0.227618$ & $-0.0584131$ & $-0.2381$ & $-0.124467$ & $0.213508$ & $-0.257167$ & $-0.290695$ & $0.0472591$ & $0.0653612$ & $0.048388$ & $0.0219824$ & $-0.0568557$ & $-0.0120491$ & $0.00862879$ & $-0.0190772$ & $0.0103452$ & $0.0144091$ & $-0.034023$ & $-0.00730282$ & $0.0555143$ & $-0.0378974$ & $-0.00268643$ \\
CHD & $-0.0286223$ & $0.0148264$ & $-0.0223039$ & $0.0316942$ & $0.00569943$ & $0.119453$ & $0.111495$ & $-0.87449$ & $-0.86253$ & $0.474798$ & $1$ & $-0.0250391$ & $-0.126025$ & $-0.672334$ & $-0.583081$ & $-0.586814$ & $-0.256805$ & $-0.025536$ & $-0.0200633$ & $-0.995139$ & $-0.995248$ & $-0.983985$ & $0.00680428$ & $0.216877$ & $-0.0591907$ & $0.702049$ & $-0.255753$ & $-0.454427$ & $-0.016909$ & $-0.109199$ & $-0.0311815$ & $0.122452$ & $-0.11944$ & $-0.318832$ & $0.0430603$ & $0.025055$ & $0.0394405$ & $-0.015483$ & $-0.0658169$ & $-0.0384424$ & $0.073748$ & $0.00273425$ & $-0.0216237$ & $0.0449287$ & $0.0244899$ & $0.00651358$ & $0.0493652$ & $-0.0196724$ & $-0.00892549$ \\
CHbox & $0.074053$ & $0.0223389$ & $0.00662472$ & $-0.0198586$ & $0.00671717$ & $-0.0237961$ & $-0.758644$ & $-0.0164284$ & $-0.010696$ & $-0.100338$ & $-0.0250391$ & $1$ & $0.974192$ & $0.0621694$ & $0.0243626$ & $0.0129606$ & $0.0811954$ & $0.065471$ & $0.072079$ & $0.0266294$ & $0.0217629$ & $0.0215253$ & $0.000243367$ & $0.0661999$ & $0.0618876$ & $-0.0267402$ & $-0.02389$ & $-0.00259149$ & $0.188556$ & $0.728548$ & $0.421561$ & $-0.661149$ & $0.754109$ & $-0.032658$ & $0.137594$ & $0.0821798$ & $0.0511762$ & $-0.0201158$ & $-0.0263416$ & $-0.00479929$ & $0.000953007$ & $-0.0238998$ & $-0.00859959$ & $-0.03906$ & $0.0529844$ & $-0.0495986$ & $0.0581819$ & $-0.0572797$ & $0.118187$ \\
CH & $0.0709186$ & $0.0194618$ & $-0.000722943$ & $-0.0219216$ & $0.00519834$ & $-0.0408324$ & $-0.779597$ & $0.0570083$ & $0.0583517$ & $-0.26122$ & $-0.126025$ & $0.974192$ & $1$ & $0.151655$ & $0.0669975$ & $0.0575$ & $0.139616$ & $0.105491$ & $0.110902$ & $0.124682$ & $0.1235$ & $0.121349$ & $0.00641514$ & $0.0678309$ & $0.104985$ & $-0.0992053$ & $0.0130284$ & $0.0438406$ & $0.185149$ & $0.717817$ & $0.421314$ & $-0.697393$ & $0.745868$ & $0.00290228$ & $0.117073$ & $0.0626865$ & $0.039779$ & $-0.0226287$ & $-0.0138137$ & $-5.5505e-05$ & $-0.00377551$ & $-0.0221129$ & $-0.0133378$ & $-0.0365949$ & $0.0578609$ & $-0.0453718$ & $0.0448748$ & $-0.0483886$ & $0.116802$ \\
CHL1_11 & $0.0423137$ & $0.0364252$ & $0.00809333$ & $0.00322441$ & $0.0191964$ & $-0.0259618$ & $-0.145338$ & $0.280065$ & $0.27243$ & $-0.144389$ & $-0.672334$ & $0.0621694$ & $0.151655$ & $1$ & $0.414543$ & $0.416163$ & $0.644888$ & $0.596115$ & $0.592992$ & $0.682555$ & $0.645822$ & $0.635773$ & $-0.0758779$ & $0.436613$ & $0.594133$ & $-0.473076$ & $-0.0564789$ & $0.294816$ & $0.00178533$ & $0.117927$ & $0.0535664$ & $-0.163658$ & $0.1401$ & $-0.167016$ & $9.24785e-06$ & $-0.009145$ & $-0.000455913$ & $0.0129453$ & $0.0489471$ & $0.0348852$ & $-0.0513019$ & $-0.00946819$ & $0.00985116$ & $-0.0180802$ & $-0.0126238$ & $-0.0213596$ & $-0.0288939$ & $0.00935686$ & $0.0325811$ \\
CHL1_22 & $0.0372018$ & $-0.00977508$ & $0.0400312$ & $-0.0248682$ & $-0.000633135$ & $-0.0649495$ & $-0.057012$ & $0.469197$ & $0.465256$ & $-0.25205$ & $-0.583081$ & $0.0243626$ & $0.0669975$ & $0.414543$ & $1$ & $0.55956$ & $0.178723$ & $-0.302527$ & $-0.00759033$ & $0.625774$ & $0.527647$ & $0.519688$ & $-0.161225$ & $0.031765$ & $-0.0726744$ & $-0.386613$ & $-0.315004$ & $0.220813$ & $0.0262508$ & $0.0579179$ & $0.00906445$ & $-0.0643149$ & $0.0602805$ & $-0.465979$ & $-0.0380976$ & $-0.000580304$ & $-0.000409211$ & $-0.00345649$ & $0.0266963$ & $0.0263782$ & $-0.047699$ & $0.0205169$ & $0.0227851$ & $-0.0203897$ & $-0.0325508$ & $-0.0137733$ & $0.00563828$ & $-0.0102778$ & $-0.00376897$ \\
CHL1_33 & $0.00472323$ & $-0.0233972$ & $0.0110777$ & $-0.0336845$ & $-0.00957112$ & $-0.0740076$ & $-0.0616992$ & $0.472468$ & $0.465787$ & $-0.248098$ & $-0.586814$ & $0.0129606$ & $0.0575$ & $0.416163$ & $0.55956$ & $1$ & $0.183047$ & $-0.000986981$ & $-0.289854$ & $0.626673$ & $0.533517$ & $0.541904$ & $-0.154464$ & $0.0324786$ & $-0.0592462$ & $-0.386218$ & $-0.290447$ & $0.233775$ & $0.0163582$ & $0.0480881$ & $0.00793168$ & $-0.0754511$ & $0.0409798$ & $-0.0271842$ & $-0.0334477$ & $0.0198325$ & $-0.0141884$ & $0.0215962$ & $0.0255784$ & $0.0261348$ & $-0.0449265$ & $0.00660335$ & $0.00492295$ & $-0.0446691$ & $-0.0226031$ & $-0.0116812$ & $-0.0357508$ & $-0.0019361$ & $-0.024314$ \\
CHL3_11 & $0.0210575$ & $0.0579266$ & $-0.0148711$ & $0.0346241$ & $0.0364991$ & $-0.378803$ & $-0.144158$ & $-0.216046$ & $-0.220953$ & $0.1278$ & $-0.256805$ & $0.0811954$ & $0.139616$ & $0.644888$ & $0.178723$ & $0.183047$ & $1$ & $0.822185$ & $0.821452$ & $0.267637$ & $0.233384$ & $0.231113$ & $-0.0884134$ & $0.751481$ & $0.858129$ & $-0.168513$ & $-0.147356$ & $0.0885478$ & $0.00358914$ & $0.100934$ & $0.0624739$ & $-0.160085$ & $0.119588$ & $-0.254665$ & $0.0131565$ & $0.0352159$ & $0.0179867$ & $-0.00838058$ & $0.0305549$ & $0.0182843$ & $-0.0374367$ & $-0.0368187$ & $-0.00306555$ & $0.0225003$ & $-0.000637744$ & $-0.00469669$ & $0.002015$ & $0.00635137$ & $0.0181801$ \\
CHL3_22 & $0.0105322$ & $0.0616534$ & $-0.0305805$ & $0.0414145$ & $0.0285757$ & $-0.187025$ & $-0.113552$ & $-0.400012$ & $-0.402601$ & $0.22653$ & $-0.025536$ & $0.065471$ & $0.105491$ & $0.596115$ & $-0.302527$ & $-0.000986981$ & $0.822185$ & $1$ & $0.796118$ & $0.0235588$ & $0.0217876$ & $0.0226503$ & $-0.0194017$ & $0.741404$ & $0.873355$ & $-0.0224242$ & $-0.0416121$ & $0.0109426$ & $-0.014653$ & $0.0724475$ & $0.0551973$ & $-0.12747$ & $0.0910192$ & $-0.0686614$ & $0.0358321$ & $0.0245288$ & $0.0203633$ & $0.00352046$ & $0.0168419$ & $0.0101545$ & $-0.00923088$ & $-0.0407646$ & $-0.013459$ & $0.0202001$ & $0.0131689$ & $-0.00754267$ & $-0.0113931$ & $0.0113664$ & $0.0255629$ \\
CHL3_33 & $0.0297199$ & $0.0685325$ & $-0.00896485$ & $0.0504063$ & $0.0401357$ & $-0.182462$ & $-0.108611$ & $-0.405402$ & $-0.405983$ & $0.226212$ & $-0.0200633$ & $0.072079$ & $0.110902$ & $0.592992$ & $-0.00759033$ & $-0.289854$ & $0.821452$ & $0.796118$ & $1$ & $0.0196276$ & $0.0159295$ & $0.0173142$ & $-0.0209335$ & $0.742261$ & $0.870757$ & $-0.0215454$ & $-0.0501385$ & $0.00216069$ & $-0.00463825$ & $0.0760071$ & $0.055554$ & $-0.118277$ & $0.103277$ & $-0.36717$ & $0.0354299$ & $0.00934418$ & $0.0309475$ & $-0.0143569$ & $0.0205423$ & $0.00999587$ & $-0.0173654$ & $-0.0300278$ & $-0.000577207$ & $0.0345872$ & $0.0083969$ & $-0.00911711$ & $0.0184383$ & $0.00410871$ & $0.0420857$ \\
CHe_11 & $0.0275172$ & $-0.00350339$ & $0.0304586$ & $-0.0335737$ & $-0.00119249$ & $-0.116725$ & $-0.110337$ & $0.858632$ & $0.847053$ & $-0.466214$ & $-0.995139$ & $0.0266294$ & $0.124682$ & $0.682555$ & $0.625774$ & $0.626673$ & $0.267637$ & $0.0235588$ & $0.0196276$ & $1$ & $0.985398$ & $0.974358$ & $-0.0225068$ & $-0.184252$ & $0.0632272$ & $-0.698245$ & $0.20294$ & $0.448622$ & $0.0181339$ & $0.107265$ & $0.029104$ & $-0.121519$ & $0.117691$ & $0.261699$ & $-0.0403045$ & $-0.0233736$ & $-0.0340082$ & $0.0154645$ & $0.0639253$ & $0.0386796$ & $-0.0713862$ & $-0.00240687$ & $0.0199791$ & $-0.0446049$ & $-0.0255929$ & $-0.00862847$ & $-0.0465461$ & $0.0176998$ & $0.0106852$ \\
CHe_22 & $0.0236788$ & $-0.0055735$ & $0.0265589$ & $-0.0331891$ & $0.00251988$ & $-0.120212$ & $-0.108515$ & $0.888125$ & $0.876003$ & $-0.482873$ & $-0.995248$ & $0.0217629$ & $0.1235$ & $0.645822$ & $0.527647$ & $0.533517$ & $0.233384$ & $0.0217876$ & $0.0159295$ & $0.985398$ & $1$ & $0.987042$ & $0.0140635$ & $-0.257727$ & $0.049341$ & $-0.70228$ & $0.318261$ & $0.456868$ & $0.0173864$ & $0.106976$ & $0.0297083$ & $-0.11916$ & $0.117786$ & $0.385103$ & $-0.041067$ & $-0.0298925$ & $-0.0415187$ & $0.0152289$ & $0.0671622$ & $0.0373499$ & $-0.072238$ & $-0.00264328$ & $0.0205787$ & $-0.0424146$ & $-0.0225066$ & $-0.00405628$ & $-0.0498909$ & $0.0215541$ & $0.0116434$ \\
CHe_33 & $0.0227077$ & $-0.000827275$ & $0.0293129$ & $-0.0326938$ & $0.00565571$ & $-0.1217$ & $-0.10541$ & $0.878833$ & $0.866745$ & $-0.47516$ & $-0.983985$ & $0.0215253$ & $0.121349$ & $0.635773$ & $0.519688$ & $0.541904$ & $0.231113$ & $0.0226503$ & $0.0173142$ & $0.974358$ & $0.987042$ & $1$ & $0.0147851$ & $-0.25619$ & $0.0510266$ & $-0.692584$ & $0.319929$ & $0.454298$ & $0.0198203$ & $0.105173$ & $0.0326721$ & $-0.114906$ & $0.119026$ & $0.386604$ & $-0.0378128$ & $-0.0261607$ & $-0.0416809$ & $0.0124177$ & $0.0678869$ & $0.0355216$ & $-0.078119$ & $-0.00480022$ & $0.0207705$ & $-0.0451663$ & $-0.0173154$ & $-0.00699278$ & $-0.0490105$ & $0.0257849$ & $0.0169061$ \\
CHQ1_11 & $-0.0332286$ & $-0.0126084$ & $0.0256565$ & $-0.0106968$ & $0.00455165$ & $-0.000100729$ & $-0.00840541$ & $0.0513635$ & $0.0503527$ & $-0.0543056$ & $0.00680428$ & $0.000243367$ & $0.00641514$ & $-0.0758779$ & $-0.161225$ & $-0.154464$ & $-0.0884134$ & $-0.0194017$ & $-0.0209335$ & $-0.0225068$ & $0.0140635$ & $0.0147851$ & $1$ & $-0.141695$ & $0.0310379$ & $-0.570302$ & $0.32969$ & $0.000573456$ & $-0.00468387$ & $-0.011715$ & $-0.0200097$ & $-0.00485468$ & $0.0101046$ & $0.195608$ & $0.00610872$ & $0.0154132$ & $-0.00688625$ & $0.00266535$ & $-0.00316559$ & $0.0297141$ & $0.0132593$ & $0.0121929$ & $-0.00156229$ & $0.0142911$ & $0.0321493$ & $0.0144662$ & $-0.0530095$ & $0.034589$ & $0.0361698$ \\
CHQ1_33 & $-0.00948932$ & $0.0447707$ & $-0.00784432$ & $0.0503477$ & $0.0228209$ & $-0.142836$ & $-0.0782094$ & $-0.628983$ & $-0.626773$ & $0.352523$ & $0.216877$ & $0.0661999$ & $0.0678309$ & $0.436613$ & $0.031765$ & $0.0324786$ & $0.751481$ & $0.741404$ & $0.742261$ & $-0.184252$ & $-0.257727$ & $-0.25619$ & $-0.141695$ & $1$ & $0.754262$ & $0.171691$ & $-0.39637$ & $-0.0594226$ & $-0.00674201$ & $0.0424162$ & $0.0424437$ & $-0.08933$ & $0.0554707$ & $-0.610923$ & $0.0365732$ & $0.0520958$ & $0.032867$ & $-0.00526168$ & $-0.00207512$ & $0.0067946$ & $0.00114031$ & $-0.0142385$ & $-0.0142575$ & $0.0422928$ & $0.00766436$ & $0.00463899$ & $0.0157777$ & $-0.0141991$ & $0.0185306$ \\
CHQ3_11 & $-0.0382549$ & $0.0656279$ & $-0.00216513$ & $0.0332129$ & $0.0369323$ & $-0.225779$ & $-0.110384$ & $-0.375726$ & $-0.379663$ & $0.20511$ & $-0.0591907$ & $0.0618876$ & $0.104985$ & $0.594133$ & $-0.0726744$ & $-0.0592462$ & $0.858129$ & $0.873355$ & $0.870757$ & $0.0632272$ & $0.049341$ & $0.0510266$ & $0.0310379$ & $0.754262$ & $1$ & $-0.0334286$ & $0.121555$ & $0.0148941$ & $-0.0162348$ & $0.0655652$ & $0.0516699$ & $-0.123285$ & $0.0893743$ & $-0.247017$ & $0.0273046$ & $0.0320796$ & $0.00150435$ & $-0.00558151$ & $0.0271237$ & $0.022465$ & $-0.0120879$ & $-0.0356899$ & $-0.031197$ & $0.0269923$ & $4.87002e-05$ & $-0.00535587$ & $0.00950088$ & $0.00978967$ & $0.0211402$ \\
CHu_11 & $-0.0269871$ & $0.00413541$ & $-0.0337965$ & $0.033009$ & $-0.00188046$ & $0.0809463$ & $0.0968437$ & $-0.61927$ & $-0.610439$ & $0.341686$ & $0.702049$ & $-0.0267402$ & $-0.0992053$ & $-0.473076$ & $-0.386613$ & $-0.386218$ & $-0.168513$ & $-0.0224242$ & $-0.0215454$ & $-0.698245$ & $-0.70228$ & $-0.692584$ & $-0.570302$ & $0.171691$ & $-0.0334286$ & $1$ & $-0.16631$ & $-0.299582$ & $-0.0156826$ & $-0.0672366$ & $-0.00171876$ & $0.105569$ & $-0.0857594$ & $-0.245736$ & $0.00535874$ & $0.0150439$ & $0.00339517$ & $-0.0133775$ & $-0.0162307$ & $-0.0362205$ & $0.0462347$ & $-0.0209489$ & $-0.0112862$ & $0.0352721$ & $-0.0113685$ & $0.00856568$ & $0.0777119$ & $-0.0130883$ & $-0.0257312$ \\
CHd_11 & $-0.0337262$ & $0.00529191$ & $0.019971$ & $-0.00917285$ & $0.00906941$ & $-0.0481429$ & $-0.0047781$ & $0.385427$ & $0.378712$ & $-0.230093$ & $-0.255753$ & $-0.02389$ & $0.0130284$ & $-0.0564789$ & $-0.315004$ & $-0.290447$ & $-0.147356$ & $-0.0416121$ & $-0.0501385$ & $0.20294$ & $0.318261$ & $0.319929$ & $0.32969$ & $-0.39637$ & $0.121555$ & $-0.16631$ & $1$ & $0.151179$ & $-0.015413$ & $0.00510622$ & $0.000249057$ & $0.000761649$ & $0.0201227$ & $0.68313$ & $-0.00459645$ & $-0.0121833$ & $-0.0684414$ & $0.00455218$ & $0.0535163$ & $0.02751$ & $-0.00411673$ & $-0.0178282$ & $0.00481777$ & $-0.00719891$ & $-0.00325168$ & $0.019699$ & $-0.0251943$ & $0.0293835$ & $0.0136029$ \\
CHd_33 & $0.0252991$ & $-0.0211797$ & $-0.024352$ & $0.0238378$ & $-0.0343548$ & $-0.0409068$ & $-0.0279443$ & $0.411607$ & $0.407889$ & $-0.227618$ & $-0.454427$ & $-0.00259149$ & $0.0438406$ & $0.294816$ & $0.220813$ & $0.233775$ & $0.0885478$ & $0.0109426$ & $0.00216069$ & $0.448622$ & $0.456868$ & $0.454298$ & $0.000573456$ & $-0.0594226$ & $0.0148941$ & $-0.299582$ & $0.151179$ & $1$ & $0.00762535$ & $0.055893$ & $0.0235717$ & $-0.0357939$ & $0.056367$ & $0.194193$ & $-0.0569786$ & $-0.0185734$ & $-0.00953582$ & $-0.00352895$ & $0.0204495$ & $0.001328$ & $-0.0676505$ & $0.000488296$ & $0.00977568$ & $-0.0274378$ & $0.000689453$ & $0.000192118$ & $-0.0214882$ & $0.012443$ & $0.0148616$ \\
CeH_22r & $0.0224681$ & $0.0278611$ & $0.012605$ & $0.0365234$ & $-0.0275577$ & $-0.000897003$ & $-0.134702$ & $0.0175483$ & $0.0294375$ & $-0.0584131$ & $-0.016909$ & $0.188556$ & $0.185149$ & $0.00178533$ & $0.0262508$ & $0.0163582$ & $0.00358914$ & $-0.014653$ & $-0.00463825$ & $0.0181339$ & $0.0173864$ & $0.0198203$ & $-0.00468387$ & $-0.00674201$ & $-0.0162348$ & $-0.0156826$ & $-0.015413$ & $0.00762535$ & $1$ & $0.155763$ & $0.0715651$ & $-0.12881$ & $0.165453$ & $-0.00187596$ & $-0.00195354$ & $-0.0306002$ & $-0.0156483$ & $0.000543951$ & $0.0295932$ & $-0.030496$ & $0.00232481$ & $0.0102455$ & $0.0403572$ & $0.0194533$ & $0.0221138$ & $0.0174474$ & $-0.0131347$ & $-0.00710267$ & $0.0291281$ \\
CeH_33r & $0.0317774$ & $-0.0161977$ & $0.00803175$ & $-0.0219497$ & $0.00557515$ & $-0.0350895$ & $-0.589686$ & $0.059727$ & $0.0753633$ & $-0.2381$ & $-0.109199$ & $0.728548$ & $0.717817$ & $0.117927$ & $0.0579179$ & $0.0480881$ & $0.100934$ & $0.0724475$ & $0.0760071$ & $0.107265$ & $0.106976$ & $0.105173$ & $-0.011715$ & $0.0424162$ & $0.0655652$ & $-0.0672366$ & $0.00510622$ & $0.055893$ & $0.155763$ & $1$ & $0.515479$ & $-0.454093$ & $0.848198$ & $0.00954899$ & $0.0218919$ & $0.0214283$ & $-0.0563469$ & $-0.0193184$ & $-0.0411765$ & $0.0161736$ & $-0.00935458$ & $-0.02185$ & $-0.0237664$ & $-0.0139488$ & $0.101018$ & $-0.00510796$ & $0.0262317$ & $-0.0272899$ & $0.110526$ \\
CuH_22r & $-0.0232706$ & $0.00395386$ & $-0.0119925$ & $0.0167245$ & $0.0171996$ & $-0.0195258$ & $-0.349951$ & $0.000927965$ & $0.0127053$ & $-0.124467$ & $-0.0311815$ & $0.421561$ & $0.421314$ & $0.0535664$ & $0.00906445$ & $0.00793168$ & $0.0624739$ & $0.0551973$ & $0.055554$ & $0.029104$ & $0.0297083$ & $0.0326721$ & $-0.0200097$ & $0.0424437$ & $0.0516699$ & $-0.00171876$ & $0.000249057$ & $0.0235717$ & $0.0715651$ & $0.515479$ & $1$ & $-0.248098$ & $0.540182$ & $-0.00243277$ & $0.0341234$ & $0.0163089$ & $-0.0110873$ & $-0.0232472$ & $-0.0306992$ & $-0.00545288$ & $-0.00315597$ & $0.0131718$ & $-0.00798005$ & $-0.00217495$ & $0.00498598$ & $-0.00951745$ & $0.262823$ & $-0.0183888$ & $0.0626122$ \\
CuH_33r & $-0.0729276$ & $-0.0301336$ & $0.0136263$ & $0.0577187$ & $-0.012197$ & $0.0423169$ & $0.956806$ & $-0.043723$ & $-0.0209767$ & $0.213508$ & $0.122452$ & $-0.661149$ & $-0.697393$ & $-0.163658$ & $-0.0643149$ & $-0.0754511$ & $-0.160085$ & $-0.12747$ & $-0.118277$ & $-0.121519$ & $-0.11916$ & $-0.114906$ & $-0.00485468$ & $-0.08933$ & $-0.123285$ & $0.105569$ & $0.000761649$ & $-0.0357939$ & $-0.12881$ & $-0.454093$ & $-0.248098$ & $1$ & $-0.462862$ & $0.00260195$ & $-0.057974$ & $-0.0246144$ & $-0.000410269$ & $0.00361135$ & $0.0038362$ & $0.00676381$ & $-0.00167999$ & $-0.00422218$ & $0.0114696$ & $0.0128194$ & $-0.0688237$ & $-0.00650757$ & $-0.0103067$ & $0.0182521$ & $-0.101268$ \\
CdH_33r & $0.0430448$ & $0.0478994$ & $0.0149465$ & $-0.014989$ & $-0.0047287$ & $-0.0157891$ & $-0.616778$ & $0.0592101$ & $0.0756301$ & $-0.257167$ & $-0.11944$ & $0.754109$ & $0.745868$ & $0.1401$ & $0.0602805$ & $0.0409798$ & $0.119588$ & $0.0910192$ & $0.103277$ & $0.117691$ & $0.117786$ & $0.119026$ & $0.0101046$ & $0.0554707$ & $0.0893743$ & $-0.0857594$ & $0.0201227$ & $0.056367$ & $0.165453$ & $0.848198$ & $0.540182$ & $-0.462862$ & $1$ & $0.00841525$ & $0.0321931$ & $-0.00909887$ & $-0.0573724$ & $-0.0558037$ & $-0.0213201$ & $0.0193511$ & $-0.0126847$ & $0.00113843$ & $-0.0244654$ & $0.0288038$ & $0.112025$ & $-0.0204321$ & $0.00894376$ & $0.0645766$ & $0.347179$ \\
CLL_1221 & $-0.0306088$ & $-0.00367571$ & $-0.0100396$ & $-0.0262115$ & $-0.012334$ & $-0.0825837$ & $-0.000461229$ & $0.525238$ & $0.517946$ & $-0.290695$ & $-0.318832$ & $-0.032658$ & $0.00290228$ & $-0.167016$ & $-0.465979$ & $-0.0271842$ & $-0.254665$ & $-0.0686614$ & $-0.36717$ & $0.261699$ & $0.385103$ & $0.386604$ & $0.195608$ & $-0.610923$ & $-0.247017$ & $-0.245736$ & $0.68313$ & $0.194193$ & $-0.00187596$ & $0.00954899$ & $-0.00243277$ & $0.00260195$ & $0.00841525$ & $1$ & $-0.018038$ & $-0.0277841$ & $-0.0526384$ & $0.0142948$ & $0.0258536$ & $0.00344902$ & $-0.0132211$ & $-0.0156456$ & $-0.000330981$ & $-0.0227399$ & $0.0103256$ & $0.0151332$ & $-0.0499297$ & $0.0296905$ & $0.00159389$ \\
eHggint & $0.145828$ & $0.108288$ & $0.213875$ & $0.0687036$ & $0.0454094$ & $0.0145021$ & $-0.0959433$ & $-0.0533223$ & $-0.0579109$ & $0.0472591$ & $0.0430603$ & $0.137594$ & $0.117073$ & $9.24785e-06$ & $-0.0380976$ & $-0.0334477$ & $0.0131565$ & $0.0358321$ & $0.0354299$ & $-0.0403045$ & $-0.041067$ & $-0.0378128$ & $0.00610872$ & $0.0365732$ & $0.0273046$ & $0.00535874$ & $-0.00459645$ & $-0.0569786$ & $-0.00195354$ & $0.0218919$ & $0.0341234$ & $-0.057974$ & $0.0321931$ & $-0.018038$ & $1$ & $0.035443$ & $0.378444$ & $8.57574e-05$ & $0.081996$ & $-0.0309544$ & $0.117725$ & $0.0276266$ & $0.134435$ & $-0.0758146$ & $-0.0821587$ & $-0.0841479$ & $0.129082$ & $0.128853$ & $0.00590068$ \\
eHggpar & $0.00562558$ & $-0.160744$ & $0.00524127$ & $-0.143569$ & $0.0226427$ & $-0.0307284$ & $-0.0542159$ & $-0.0367077$ & $-0.0426777$ & $0.0653612$ & $0.025055$ & $0.0821798$ & $0.0626865$ & $-0.009145$ & $-0.000580304$ & $0.0198325$ & $0.0352159$ & $0.0245288$ & $0.00934418$ & $-0.0233736$ & $-0.0298925$ & $-0.0261607$ & $0.0154132$ & $0.0520958$ & $0.0320796$ & $0.0150439$ & $-0.0121833$ & $-0.0185734$ & $-0.0306002$ & $0.0214283$ & $0.0163089$ & $-0.0246144$ & $-0.00909887$ & $-0.0277841$ & $0.035443$ & $1$ & $-0.05763$ & $-0.013431$ & $0.0118158$ & $-0.0302511$ & $0.116103$ & $-0.06154$ & $0.0553944$ & $-0.0846887$ & $-0.121351$ & $-0.188832$ & $0.017091$ & $-0.133463$ & $-0.148013$ \\
eHWWint & $0.18426$ & $0.202994$ & $-0.0166806$ & $0.0264992$ & $0.0646562$ & $0.012378$ & $-0.00699196$ & $-0.0558984$ & $-0.0629291$ & $0.048388$ & $0.0394405$ & $0.0511762$ & $0.039779$ & $-0.000455913$ & $-0.000409211$ & $-0.0141884$ & $0.0179867$ & $0.0203633$ & $0.0309475$ & $-0.0340082$ & $-0.0415187$ & $-0.0416809$ & $-0.00688625$ & $0.032867$ & $0.00150435$ & $0.00339517$ & $-0.0684414$ & $-0.00953582$ & $-0.0156483$ & $-0.0563469$ & $-0.0110873$ & $-0.000410269$ & $-0.0573724$ & $-0.0526384$ & $0.378444$ & $-0.05763$ & $1$ & $0.0663666$ & $0.0879745$ & $-0.0145426$ & $-0.104936$ & $-0.00357862$ & $0.0169856$ & $-0.0461861$ & $-0.0424916$ & $0.112814$ & $0.115077$ & $-0.0448486$ & $0.0538629$ \\
eHWWpar & $-0.0153589$ & $-0.0047686$ & $0.0024376$ & $0.000234144$ & $0.0137044$ & $-0.00230443$ & $0.0132837$ & $0.0165732$ & $0.0163766$ & $0.0219824$ & $-0.015483$ & $-0.0201158$ & $-0.0226287$ & $0.0129453$ & $-0.00345649$ & $0.0215962$ & $-0.00838058$ & $0.00352046$ & $-0.0143569$ & $0.0154645$ & $0.0152289$ & $0.0124177$ & $0.00266535$ & $-0.00526168$ & $-0.00558151$ & $-0.0133775$ & $0.00455218$ & $-0.00352895$ & $0.000543951$ & $-0.0193184$ & $-0.0232472$ & $0.00361135$ & $-0.0558037$ & $0.0142948$ & $8.57574e-05$ & $-0.013431$ & $0.0663666$ & $1$ & $0.0229833$ & $-0.0553296$ & $0.00376786$ & $-0.000745635$ & $0.00616574$ & $-0.00246549$ & $-0.009023$ & $0.00908117$ & $0.00536239$ & $-0.0376978$ & $-0.0525108$ \\
eHZZint & $0.0324027$ & $-0.00937369$ & $0.0956513$ & $0.19768$ & $0.0240316$ & $-0.00979954$ & $0.00976931$ & $0.0522253$ & $0.0547783$ & $-0.0568557$ & $-0.0658169$ & $-0.0263416$ & $-0.0138137$ & $0.0489471$ & $0.0266963$ & $0.0255784$ & $0.0305549$ & $0.0168419$ & $0.0205423$ & $0.0639253$ & $0.0671622$ & $0.0678869$ & $-0.00316559$ & $-0.00207512$ & $0.0271237$ & $-0.0162307$ & $0.0535163$ & $0.0204495$ & $0.0295932$ & $-0.0411765$ & $-0.0306992$ & $0.0038362$ & $-0.0213201$ & $0.0258536$ & $0.081996$ & $0.0118158$ & $0.0879745$ & $0.0229833$ & $1$ & $0.00781024$ & $-0.0927856$ & $0.0460274$ & $0.186835$ & $-0.0578562$ & $-0.160092$ & $0.200489$ & $-0.107864$ & $0.0460543$ & $0.00812781$ \\
eHZZpar & $0.016696$ & $0.0119276$ & $-0.0451874$ & $-0.0316514$ & $0.01037$ & $-0.0156305$ & $0.00235369$ & $0.0278459$ & $0.029661$ & $-0.0120491$ & $-0.0384424$ & $-0.00479929$ & $-5.5505e-05$ & $0.0348852$ & $0.0263782$ & $0.0261348$ & $0.0182843$ & $0.0101545$ & $0.00999587$ & $0.0386796$ & $0.0373499$ & $0.0355216$ & $0.0297141$ & $0.0067946$ & $0.022465$ & $-0.0362205$ & $0.02751$ & $0.001328$ & $-0.030496$ & $0.0161736$ & $-0.00545288$ & $0.00676381$ & $0.0193511$ & $0.00344902$ & $-0.0309544$ & $-0.0302511$ & $-0.0145426$ & $-0.0553296$ & $0.00781024$ & $1$ & $-0.027772$ & $-0.0101935$ & $-0.00893507$ & $-0.00534861$ & $0.0202855$ & $-0.0316575$ & $-0.0108592$ & $-0.0221928$ & $0.0339712$ \\
eHZgaint & $0.00898057$ & $0.10987$ & $0.0774936$ & $-0.0621155$ & $-0.0081636$ & $0.0404399$ & $-0.00310956$ & $-0.0589308$ & $-0.0593532$ & $0.00862879$ & $0.073748$ & $0.000953007$ & $-0.00377551$ & $-0.0513019$ & $-0.047699$ & $-0.0449265$ & $-0.0374367$ & $-0.00923088$ & $-0.0173654$ & $-0.0713862$ & $-0.072238$ & $-0.078119$ & $0.0132593$ & $0.00114031$ & $-0.0120879$ & $0.0462347$ & $-0.00411673$ & $-0.0676505$ & $0.00232481$ & $-0.00935458$ & $-0.00315597$ & $-0.00167999$ & $-0.0126847$ & $-0.0132211$ & $0.117725$ & $0.116103$ & $-0.104936$ & $0.00376786$ & $-0.0927856$ & $-0.027772$ & $1$ & $0.020958$ & $-0.0549816$ & $0.277741$ & $-0.0296361$ & $-0.0492393$ & $0.0364641$ & $-0.00149861$ & $-0.0516484$ \\
eHZgapar & $-0.0582523$ & $0.00880566$ & $0.0774526$ & $-0.00839228$ & $0.0305484$ & $0.0202621$ & $0.00211021$ & $0.0124299$ & $0.0127595$ & $-0.0190772$ & $0.00273425$ & $-0.0238998$ & $-0.0221129$ & $-0.00946819$ & $0.0205169$ & $0.00660335$ & $-0.0368187$ & $-0.0407646$ & $-0.0300278$ & $-0.00240687$ & $-0.00264328$ & $-0.00480022$ & $0.0121929$ & $-0.0142385$ & $-0.0356899$ & $-0.0209489$ & $-0.0178282$ & $0.000488296$ & $0.0102455$ & $-0.02185$ & $0.0131718$ & $-0.00422218$ & $0.00113843$ & $-0.0156456$ & $0.0276266$ & $-0.06154$ & $-0.00357862$ & $-0.000745635$ & $0.0460274$ & $-0.0101935$ & $0.020958$ & $1$ & $-0.0330852$ & $0.0437897$ & $0.0151092$ & $0.0551474$ & $-0.0200917$ & $-0.0569733$ & $0.0673827$ \\
eHgagaint & $0.398423$ & $-0.0971673$ & $0.135874$ & $0.18941$ & $0.00404987$ & $0.0118995$ & $0.00944634$ & $0.0237174$ & $0.0657541$ & $0.0103452$ & $-0.0216237$ & $-0.00859959$ & $-0.0133378$ & $0.00985116$ & $0.0227851$ & $0.00492295$ & $-0.00306555$ & $-0.013459$ & $-0.000577207$ & $0.0199791$ & $0.0205787$ & $0.0207705$ & $-0.00156229$ & $-0.0142575$ & $-0.031197$ & $-0.0112862$ & $0.00481777$ & $0.00977568$ & $0.0403572$ & $-0.0237664$ & $-0.00798005$ & $0.0114696$ & $-0.0244654$ & $-0.000330981$ & $0.134435$ & $0.0553944$ & $0.0169856$ & $0.00616574$ & $0.186835$ & $-0.00893507$ & $-0.0549816$ & $-0.0330852$ & $1$ & $-0.153088$ & $-0.301953$ & $-0.0644631$ & $0.0348935$ & $0.0077254$ & $-0.0585366$ \\
eHmumuint & $-0.115431$ & $0.1365$ & $-0.0130617$ & $0.05813$ & $-0.000461046$ & $0.0304693$ & $0.0189813$ & $-0.054206$ & $-0.0552693$ & $0.0144091$ & $0.0449287$ & $-0.03906$ & $-0.0365949$ & $-0.0180802$ & $-0.0203897$ & $-0.0446691$ & $0.0225003$ & $0.0202001$ & $0.0345872$ & $-0.0446049$ & $-0.0424146$ & $-0.0451663$ & $0.0142911$ & $0.0422928$ & $0.0269923$ & $0.0352721$ & $-0.00719891$ & $-0.0274378$ & $0.0194533$ & $-0.0139488$ & $-0.00217495$ & $0.0128194$ & $0.0288038$ & $-0.0227399$ & $-0.0758146$ & $-0.0846887$ & $-0.0461861$ & $-0.00246549$ & $-0.0578562$ & $-0.00534861$ & $0.277741$ & $0.0437897$ & $-0.153088$ & $1$ & $0.106093$ & $0.2231$ & $0.00392098$ & $0.203942$ & $0.0875642$ \\
eHtautauint & $0.0178432$ & $0.0645785$ & $0.0228968$ & $0.0838195$ & $-0.00502856$ & $-0.0131486$ & $-0.0664619$ & $-0.023669$ & $-0.0328734$ & $-0.034023$ & $0.0244899$ & $0.0529844$ & $0.0578609$ & $-0.0126238$ & $-0.0325508$ & $-0.0226031$ & $-0.000637744$ & $0.0131689$ & $0.0083969$ & $-0.0255929$ & $-0.0225066$ & $-0.0173154$ & $0.0321493$ & $0.00766436$ & $4.87002e-05$ & $-0.0113685$ & $-0.00325168$ & $0.000689453$ & $0.0221138$ & $0.101018$ & $0.00498598$ & $-0.0688237$ & $0.112025$ & $0.0103256$ & $-0.0821587$ & $-0.121351$ & $-0.0424916$ & $-0.009023$ & $-0.160092$ & $0.0202855$ & $-0.0296361$ & $0.0151092$ & $-0.301953$ & $0.106093$ & $1$ & $0.0982163$ & $-0.0506247$ & $0.0545983$ & $0.215663$ \\
eHccint & $-0.0827668$ & $-0.120132$ & $0.122238$ & $0.136203$ & $0.0207629$ & $0.0121035$ & $0.010346$ & $0.00236726$ & $0.00497032$ & $-0.00730282$ & $0.00651358$ & $-0.0495986$ & $-0.0453718$ & $-0.0213596$ & $-0.0137733$ & $-0.0116812$ & $-0.00469669$ & $-0.00754267$ & $-0.00911711$ & $-0.00862847$ & $-0.00405628$ & $-0.00699278$ & $0.0144662$ & $0.00463899$ & $-0.00535587$ & $0.00856568$ & $0.019699$ & $0.000192118$ & $0.0174474$ & $-0.00510796$ & $-0.00951745$ & $-0.00650757$ & $-0.0204321$ & $0.0151332$ & $-0.0841479$ & $-0.188832$ & $0.112814$ & $0.00908117$ & $0.200489$ & $-0.0316575$ & $-0.0492393$ & $0.0551474$ & $-0.0644631$ & $0.2231$ & $0.0982163$ & $1$ & $-0.232042$ & $0.0953067$ & $-0.00695301$ \\
eHccpar & $-0.0402115$ & $0.082247$ & $-0.0149612$ & $0.117696$ & $0.0510588$ & $-0.020175$ & $-0.0227009$ & $-0.0500746$ & $-0.0497006$ & $0.0555143$ & $0.0493652$ & $0.0581819$ & $0.0448748$ & $-0.0288939$ & $0.00563828$ & $-0.0357508$ & $0.002015$ & $-0.0113931$ & $0.0184383$ & $-0.0465461$ & $-0.0498909$ & $-0.0490105$ & $-0.0530095$ & $0.0157777$ & $0.00950088$ & $0.0777119$ & $-0.0251943$ & $-0.0214882$ & $-0.0131347$ & $0.0262317$ & $0.262823$ & $-0.0103067$ & $0.00894376$ & $-0.0499297$ & $0.129082$ & $0.017091$ & $0.115077$ & $0.00536239$ & $-0.107864$ & $-0.0108592$ & $0.0364641$ & $-0.0200917$ & $0.0348935$ & $0.00392098$ & $-0.0506247$ & $-0.232042$ & $1$ & $-0.0466617$ & $-0.00923466$ \\
eHbbint & $-0.0496077$ & $-0.038277$ & $0.0473357$ & $0.010791$ & $-0.00388554$ & $-0.00105226$ & $0.0211004$ & $0.0193733$ & $0.0213872$ & $-0.0378974$ & $-0.0196724$ & $-0.0572797$ & $-0.0483886$ & $0.00935686$ & $-0.0102778$ & $-0.0019361$ & $0.00635137$ & $0.0113664$ & $0.00410871$ & $0.0176998$ & $0.0215541$ & $0.0257849$ & $0.034589$ & $-0.0141991$ & $0.00978967$ & $-0.0130883$ & $0.0293835$ & $0.012443$ & $-0.00710267$ & $-0.0272899$ & $-0.0183888$ & $0.0182521$ & $0.0645766$ & $0.0296905$ & $0.128853$ & $-0.133463$ & $-0.0448486$ & $-0.0376978$ & $0.0460543$ & $-0.0221928$ & $-0.00149861$ & $-0.0569733$ & $0.0077254$ & $0.203942$ & $0.0545983$ & $0.0953067$ & $-0.0466617$ & $1$ & $0.0578075$ \\
eHbbpar & $0.0445154$ & $0.279795$ & $0.0597894$ & $0.0299726$ & $0.00332637$ & $0.037788$ & $-0.113449$ & $-0.00587678$ & $-0.00373031$ & $-0.00268643$ & $-0.00892549$ & $0.118187$ & $0.116802$ & $0.0325811$ & $-0.00376897$ & $-0.024314$ & $0.0181801$ & $0.0255629$ & $0.0420857$ & $0.0106852$ & $0.0116434$ & $0.0169061$ & $0.0361698$ & $0.0185306$ & $0.0211402$ & $-0.0257312$ & $0.0136029$ & $0.0148616$ & $0.0291281$ & $0.110526$ & $0.0626122$ & $-0.101268$ & $0.347179$ & $0.00159389$ & $0.00590068$ & $-0.148013$ & $0.0538629$ & $-0.0525108$ & $0.00812781$ & $0.0339712$ & $-0.0516484$ & $0.0673827$ & $-0.0585366$ & $0.0875642$ & $0.215663$ & $-0.00695301$ & $-0.00923466$ & $0.0578075$ & $1$ \\
