 & AlsMz & dAle5Mz & mtop & mHl & Mz & CW & CHG & CHWB & CHWHB_gaga & CHWHB_gagaorth & CHD & CHbox & CH & CHL1_11 & CHL1_22 & CHL1_33 & CHL3_11 & CHL3_22 & CHL3_33 & CHe_11 & CHe_22 & CHe_33 & CHQ1_11 & CHQ1_33 & CHQ3_11 & CHu_11 & CHd_11 & CHd_33 & CeH_22r & CeH_33r & CuH_22r & CuH_33r & CdH_33r & CLL_1221 & eHggint & eHggpar & eHWWint & eHWWpar & eHZZint & eHZZpar & eHZgaint & eHZgapar & eHgagaint & eHmumuint & eHtautauint & eHccint & eHccpar & eHbbint & eHbbpar \\
AlsMz & $1$ & $0.0613257$ & $0.0777771$ & $-0.0207072$ & $0.274574$ & $-0.134436$ & $0.255206$ & $0.15914$ & $0.158493$ & $-0.0247369$ & $-0.181418$ & $-0.11076$ & $0.0826159$ & $0.0258051$ & $0.101268$ & $0.0235111$ & $0.0209227$ & $-0.0952543$ & $-0.056801$ & $0.155225$ & $0.0273465$ & $0.112131$ & $0.298389$ & $0.00532143$ & $0.0248633$ & $-0.245571$ & $0.16185$ & $0.160553$ & $-0.0130664$ & $-0.0481131$ & $-0.00777353$ & $0.358306$ & $-0.062694$ & $0.0256473$ & $0.0732571$ & $-0.178096$ & $-0.0660163$ & $0.278356$ & $0.0689257$ & $0.106751$ & $-0.268247$ & $-0.702836$ & $0.300315$ & $-0.177321$ & $0.603426$ & $0.0731886$ & $-0.150107$ & $-0.369695$ & $-0.541742$ \\
dAle5Mz & $0.0613257$ & $1$ & $-0.194602$ & $0.111143$ & $-0.292102$ & $0.0307048$ & $-0.118428$ & $-0.223441$ & $-0.229062$ & $-0.16137$ & $0.28903$ & $-0.362142$ & $-0.409352$ & $-0.130461$ & $-0.0841332$ & $0.163881$ & $-0.0162055$ & $0.0777439$ & $-0.148902$ & $-0.285538$ & $-0.202642$ & $-0.255519$ & $-0.194551$ & $0.146222$ & $0.19424$ & $0.366298$ & $0.299335$ & $-0.025472$ & $-0.00758101$ & $-0.104883$ & $-0.0103421$ & $-0.315967$ & $-0.104081$ & $0.00312795$ & $-0.65419$ & $0.0394519$ & $-0.440689$ & $0.201875$ & $-0.0531$ & $0.334878$ & $0.309649$ & $0.0264149$ & $0.00210887$ & $0.203048$ & $-0.410363$ & $0.111676$ & $0.185649$ & $-0.214457$ & $-0.117739$ \\
mtop & $0.0777771$ & $-0.194602$ & $1$ & $0.357273$ & $-0.426706$ & $-0.075607$ & $-0.17275$ & $0.184279$ & $0.179899$ & $-0.00653433$ & $-0.1642$ & $0.0826492$ & $-0.0543699$ & $-0.0324005$ & $0.176395$ & $-0.103161$ & $-0.0625717$ & $-0.231914$ & $-0.00783734$ & $0.154198$ & $0.0942106$ & $0.132639$ & $0.0172146$ & $-0.100041$ & $-0.0762548$ & $-0.0644389$ & $0.100863$ & $-0.0637019$ & $0.00935491$ & $0.0325622$ & $0.00740136$ & $-0.225297$ & $0.022869$ & $-0.0229882$ & $0.27061$ & $-0.193255$ & $0.235964$ & $-0.0885177$ & $0.202823$ & $-0.272958$ & $0.0755453$ & $-0.273099$ & $-0.231312$ & $-0.22677$ & $0.248625$ & $0.00754198$ & $-0.330779$ & $-0.0777865$ & $-0.261128$ \\
mHl & $-0.0207072$ & $0.111143$ & $0.357273$ & $1$ & $-0.604286$ & $0.0148592$ & $-0.141096$ & $-0.0145928$ & $-0.0220699$ & $-0.170141$ & $0.0202301$ & $-0.301816$ & $-0.396906$ & $-0.0324117$ & $0.0510115$ & $-0.342702$ & $0.0114047$ & $-0.0908786$ & $0.251464$ & $-0.0506406$ & $0.0470633$ & $0.0559782$ & $-0.258326$ & $-0.0210491$ & $0.129603$ & $0.18821$ & $0.225319$ & $-0.137358$ & $-0.00943533$ & $-0.0558654$ & $-0.0176364$ & $-0.317432$ & $-0.050841$ & $-0.0580516$ & $-0.0846484$ & $-0.354609$ & $-0.37264$ & $0.175741$ & $-0.120157$ & $-0.106453$ & $0.457216$ & $-0.0902994$ & $-0.65611$ & $-0.29371$ & $-0.312605$ & $0.0107661$ & $-0.295487$ & $-0.125449$ & $-0.123338$ \\
Mz & $0.274574$ & $-0.292102$ & $-0.426706$ & $-0.604286$ & $1$ & $-0.109143$ & $0.407288$ & $-0.143434$ & $-0.132289$ & $0.118067$ & $0.0801895$ & $0.0509867$ & $0.611596$ & $0.104228$ & $0.0367965$ & $0.181109$ & $0.144287$ & $0.10511$ & $-0.0102303$ & $-0.0844322$ & $-0.187719$ & $-0.189372$ & $0.387647$ & $0.146027$ & $-0.074026$ & $-0.328641$ & $-0.454686$ & $0.041618$ & $-0.00873622$ & $0.0599396$ & $0.0363811$ & $0.710536$ & $0.0815019$ & $-0.120066$ & $0.459585$ & $0.222975$ & $0.03539$ & $-0.149567$ & $0.223251$ & $0.226153$ & $-0.600326$ & $0.0897131$ & $0.744885$ & $-0.181699$ & $0.49745$ & $-0.102509$ & $0.274516$ & $0.185623$ & $0.0610311$ \\
CW & $-0.134436$ & $0.0307048$ & $-0.075607$ & $0.0148592$ & $-0.109143$ & $1$ & $-0.0425137$ & $-0.0606523$ & $-0.0601166$ & $0.0739329$ & $0.0379708$ & $0.00802032$ & $-0.0245501$ & $0.299613$ & $0.0126462$ & $0.0445192$ & $-0.19032$ & $0.0298102$ & $0.0246296$ & $-0.0496607$ & $-0.0295041$ & $-0.00344799$ & $-0.0611191$ & $0.0559545$ & $0.0366394$ & $0.0795807$ & $-0.0157773$ & $0.00667206$ & $0.00273777$ & $0.0119348$ & $0.0192041$ & $-0.063771$ & $0.0177308$ & $-0.147547$ & $-0.151604$ & $-0.00658136$ & $-0.00322043$ & $0.0412102$ & $-0.123478$ & $-0.0334817$ & $0.0881496$ & $0.103885$ & $-0.122093$ & $-0.0103717$ & $-0.125589$ & $0.00693316$ & $-0.0762815$ & $-0.0346936$ & $0.0985104$ \\
CHG & $0.255206$ & $-0.118428$ & $-0.17275$ & $-0.141096$ & $0.407288$ & $-0.0425137$ & $1$ & $-0.161222$ & $-0.130223$ & $-0.024195$ & $0.153102$ & $-0.156284$ & $0.196022$ & $-0.0233438$ & $0.0401265$ & $-0.033622$ & $0.0371168$ & $-0.00405208$ & $0.0582891$ & $-0.139337$ & $-0.144349$ & $-0.11351$ & $0.156278$ & $0.0919322$ & $-0.0194109$ & $-0.0999554$ & $-0.199545$ & $-0.0362736$ & $0.0374863$ & $-0.295864$ & $-0.204727$ & $0.578885$ & $-0.418892$ & $-0.149386$ & $0.177095$ & $0.0848224$ & $-0.176879$ & $0.0678715$ & $-0.0246822$ & $0.192802$ & $-0.270495$ & $-0.00443555$ & $0.257913$ & $-0.190903$ & $0.249547$ & $-0.119273$ & $0.106154$ & $0.0319608$ & $-0.00257802$ \\
CHWB & $0.15914$ & $-0.223441$ & $0.184279$ & $-0.0145928$ & $-0.143434$ & $-0.0606523$ & $-0.161222$ & $1$ & $0.989447$ & $-0.0551517$ & $-0.900253$ & $0.301544$ & $0.0874603$ & $0.0120377$ & $0.157061$ & $0.0311047$ & $-0.40451$ & $-0.400147$ & $-0.341455$ & $0.860336$ & $0.611904$ & $0.477757$ & $-0.0202952$ & $-0.455711$ & $-0.437076$ & $-0.230303$ & $0.330058$ & $0.213978$ & $0.0186424$ & $0.0487948$ & $-0.00246161$ & $-0.156675$ & $0.00789545$ & $0.546206$ & $-0.0505904$ & $-0.133585$ & $0.384849$ & $0.0903794$ & $-0.112952$ & $-0.25372$ & $0.0861251$ & $-0.439727$ & $-0.209371$ & $0.108767$ & $0.207519$ & $0.0857341$ & $-0.148767$ & $-0.222263$ & $-0.171254$ \\
CHWHB_gaga & $0.158493$ & $-0.229062$ & $0.179899$ & $-0.0220699$ & $-0.132289$ & $-0.0601166$ & $-0.130223$ & $0.989447$ & $1$ & $-0.0647298$ & $-0.888717$ & $0.316741$ & $0.0970707$ & $0.00538093$ & $0.154381$ & $0.0266247$ & $-0.406891$ & $-0.398243$ & $-0.33968$ & $0.852122$ & $0.603924$ & $0.472073$ & $-0.0137382$ & $-0.453827$ & $-0.434903$ & $-0.2308$ & $0.330849$ & $0.214193$ & $0.0248299$ & $0.0694924$ & $0.00984386$ & $-0.142318$ & $0.0335349$ & $0.540139$ & $-0.0466013$ & $-0.127782$ & $0.380739$ & $0.0912275$ & $-0.116486$ & $-0.251544$ & $0.0843126$ & $-0.438452$ & $-0.197106$ & $0.115879$ & $0.213315$ & $0.0759451$ & $-0.14325$ & $-0.214345$ & $-0.172387$ \\
CHWHB_gagaorth & $-0.0247369$ & $-0.16137$ & $-0.00653433$ & $-0.170141$ & $0.118067$ & $0.0739329$ & $-0.024195$ & $-0.0551517$ & $-0.0647298$ & $1$ & $-0.217848$ & $0.101833$ & $-0.140926$ & $0.624078$ & $0.213603$ & $0.195353$ & $0.551571$ & $0.201243$ & $0.250829$ & $0.089326$ & $0.00847714$ & $0.135689$ & $-0.023443$ & $0.261088$ & $0.249456$ & $-0.0965248$ & $-0.41521$ & $-0.00253894$ & $-0.015924$ & $-0.142642$ & $-0.0666775$ & $-0.0864455$ & $-0.152817$ & $-0.20986$ & $0.191165$ & $-0.00626924$ & $0.288548$ & $0.0117898$ & $0.147146$ & $0.124886$ & $-0.363059$ & $0.0951494$ & $0.0314503$ & $-0.25649$ & $0.0999727$ & $0.270195$ & $-0.206166$ & $-0.0596799$ & $0.135311$ \\
CHD & $-0.181418$ & $0.28903$ & $-0.1642$ & $0.0202301$ & $0.0801895$ & $0.0379708$ & $0.153102$ & $-0.900253$ & $-0.888717$ & $-0.217848$ & $1$ & $-0.25927$ & $-0.0704674$ & $-0.309405$ & $-0.21108$ & $-0.145032$ & $0.0951215$ & $0.214413$ & $0.160418$ & $-0.881899$ & $-0.60351$ & $-0.50016$ & $-0.00507185$ & $0.287806$ & $0.226638$ & $0.286383$ & $-0.161536$ & $-0.198232$ & $-0.0129908$ & $-0.0164811$ & $0.0174978$ & $0.17289$ & $0.0136678$ & $-0.393648$ & $-0.0695602$ & $0.159422$ & $-0.458539$ & $-0.0641466$ & $0.0346856$ & $0.232045$ & $0.0407671$ & $0.395176$ & $0.205558$ & $0.0390041$ & $-0.241608$ & $-0.171667$ & $0.227818$ & $0.21458$ & $0.12206$ \\
CHbox & $-0.11076$ & $-0.362142$ & $0.0826492$ & $-0.301816$ & $0.0509867$ & $0.00802032$ & $-0.156284$ & $0.301544$ & $0.316741$ & $0.101833$ & $-0.25927$ & $1$ & $0.15643$ & $-0.173336$ & $0.154256$ & $-0.0498291$ & $-0.289782$ & $-0.27248$ & $-0.158785$ & $0.436369$ & $0.175435$ & $0.249041$ & $0.147964$ & $-0.227938$ & $-0.234869$ & $-0.206536$ & $0.144269$ & $0.0823638$ & $0.0261192$ & $0.237727$ & $0.0405253$ & $0.075008$ & $0.217835$ & $-0.0137583$ & $0.0290245$ & $0.0491159$ & $0.365975$ & $0.104602$ & $-0.171759$ & $-0.117789$ & $-0.0708684$ & $-0.159806$ & $0.149772$ & $0.358154$ & $0.248496$ & $-0.143608$ & $-0.185326$ & $0.0496814$ & $-0.0965869$ \\
CH & $0.0826159$ & $-0.409352$ & $-0.0543699$ & $-0.396906$ & $0.611596$ & $-0.0245501$ & $0.196022$ & $0.0874603$ & $0.0970707$ & $-0.140926$ & $-0.0704674$ & $0.15643$ & $1$ & $-0.029686$ & $-0.0681614$ & $0.127007$ & $-0.0811598$ & $0.0273568$ & $-0.096229$ & $0.0888005$ & $0.0651655$ & $-0.00737372$ & $0.362405$ & $-0.0586106$ & $-0.119122$ & $-0.236281$ & $-0.0663461$ & $0.125276$ & $0.0115023$ & $0.128117$ & $0.0699864$ & $0.431108$ & $0.153583$ & $0.0921135$ & $0.499901$ & $0.00636348$ & $0.141642$ & $-0.348046$ & $0.207891$ & $-0.307739$ & $-0.269151$ & $-0.0287933$ & $0.5454$ & $-0.0613953$ & $0.279684$ & $-0.0966712$ & $0.163494$ & $0.30814$ & $0.175604$ \\
CHL1_11 & $0.0258051$ & $-0.130461$ & $-0.0324005$ & $-0.0324117$ & $0.104228$ & $0.299613$ & $-0.0233438$ & $0.0120377$ & $0.00538093$ & $0.624078$ & $-0.309405$ & $-0.173336$ & $-0.029686$ & $1$ & $0.14542$ & $0.241694$ & $0.39257$ & $0.312319$ & $0.298209$ & $0.0947432$ & $0.0822606$ & $0.0970392$ & $0.00110225$ & $0.301121$ & $0.326677$ & $-0.114374$ & $-0.356924$ & $0.038365$ & $-0.00845919$ & $-0.0390658$ & $-0.00632516$ & $-0.093148$ & $-0.0211746$ & $-0.169929$ & $0.195921$ & $-0.0241466$ & $0.19999$ & $-0.0500248$ & $0.117277$ & $0.0170596$ & $-0.221645$ & $0.094749$ & $-0.0705629$ & $-0.313172$ & $0.0517782$ & $0.214146$ & $-0.146785$ & $-0.0238438$ & $0.113687$ \\
CHL1_22 & $0.101268$ & $-0.0841332$ & $0.176395$ & $0.0510115$ & $0.0367965$ & $0.0126462$ & $0.0401265$ & $0.157061$ & $0.154381$ & $0.213603$ & $-0.21108$ & $0.154256$ & $-0.0681614$ & $0.14542$ & $1$ & $0.146017$ & $-0.000920886$ & $-0.565944$ & $-0.135236$ & $0.205445$ & $-0.0407767$ & $0.0233921$ & $-0.0121326$ & $0.149013$ & $-0.149238$ & $0.0667618$ & $-0.190108$ & $-0.134132$ & $-0.00448505$ & $-0.0355428$ & $-0.0369376$ & $0.0863005$ & $-0.0616505$ & $-0.474329$ & $-0.0465664$ & $0.0717288$ & $0.158936$ & $0.121154$ & $-0.146399$ & $0.128224$ & $-0.17052$ & $-0.140535$ & $-0.00964402$ & $-0.146997$ & $0.320328$ & $0.0165039$ & $-0.198475$ & $-0.186683$ & $-0.177408$ \\
CHL1_33 & $0.0235111$ & $0.163881$ & $-0.103161$ & $-0.342702$ & $0.181109$ & $0.0445192$ & $-0.033622$ & $0.0311047$ & $0.0266247$ & $0.195353$ & $-0.145032$ & $-0.0498291$ & $0.127007$ & $0.241694$ & $0.146017$ & $1$ & $0.1644$ & $0.0476336$ & $-0.442062$ & $0.0962944$ & $0.0996455$ & $-0.136742$ & $0.185043$ & $0.192313$ & $-0.0205868$ & $-0.0925565$ & $-0.273095$ & $-0.0106554$ & $0.00101259$ & $-0.0384397$ & $-0.000836243$ & $-0.0855887$ & $-0.0417066$ & $-0.0903002$ & $-0.135645$ & $-0.0395493$ & $0.249081$ & $-0.0705646$ & $0.213797$ & $0.00122368$ & $-0.266415$ & $0.111946$ & $0.173217$ & $-0.10114$ & $0.0462893$ & $0.0913327$ & $-0.0151588$ & $-0.164743$ & $0.189419$ \\
CHL3_11 & $0.0209227$ & $-0.0162055$ & $-0.0625717$ & $0.0114047$ & $0.144287$ & $-0.19032$ & $0.0371168$ & $-0.40451$ & $-0.406891$ & $0.551571$ & $0.0951215$ & $-0.289782$ & $-0.0811598$ & $0.39257$ & $-0.000920886$ & $0.1644$ & $1$ & $0.4866$ & $0.435918$ & $-0.265366$ & $-0.137932$ & $-0.0961694$ & $0.000413817$ & $0.426629$ & $0.529507$ & $-0.0104394$ & $-0.39536$ & $-0.0445453$ & $-0.0138411$ & $-0.0485432$ & $-0.0126169$ & $-0.0200231$ & $-0.00939286$ & $-0.149177$ & $0.263533$ & $-0.0185827$ & $0.00478908$ & $-0.0891513$ & $0.218713$ & $0.0967251$ & $-0.27945$ & $0.185955$ & $0.0731749$ & $-0.310755$ & $-0.0186793$ & $0.178327$ & $-0.0200199$ & $0.0720054$ & $0.139639$ \\
CHL3_22 & $-0.0952543$ & $0.0777439$ & $-0.231914$ & $-0.0908786$ & $0.10511$ & $0.0298102$ & $-0.00405208$ & $-0.400147$ & $-0.398243$ & $0.201243$ & $0.214413$ & $-0.27248$ & $0.0273568$ & $0.312319$ & $-0.565944$ & $0.0476336$ & $0.4866$ & $1$ & $0.442215$ & $-0.27923$ & $-0.132728$ & $-0.14919$ & $0.0525047$ & $0.252449$ & $0.598851$ & $-0.0712627$ & $-0.135473$ & $0.0970072$ & $-0.0102885$ & $-0.0277377$ & $0.0323514$ & $-0.082296$ & $0.0186225$ & $0.351107$ & $0.191691$ & $0.0108643$ & $-0.0785551$ & $-0.129476$ & $0.193168$ & $-0.0455266$ & $-0.0604736$ & $0.257053$ & $0.0991525$ & $-0.031975$ & $-0.23166$ & $0.0938089$ & $0.191738$ & $0.224318$ & $0.214007$ \\
CHL3_33 & $-0.056801$ & $-0.148902$ & $-0.00783734$ & $0.251464$ & $-0.0102303$ & $0.0246296$ & $0.0582891$ & $-0.341455$ & $-0.33968$ & $0.250829$ & $0.160418$ & $-0.158785$ & $-0.096229$ & $0.298209$ & $-0.135236$ & $-0.442062$ & $0.435918$ & $0.442215$ & $1$ & $-0.213722$ & $-0.197495$ & $-0.0891973$ & $-0.130446$ & $0.236497$ & $0.543972$ & $0.0845585$ & $-0.133346$ & $-0.0293902$ & $-0.0136591$ & $-0.0302539$ & $-0.00700474$ & $0.0391498$ & $0.00366036$ & $-0.0977295$ & $0.300227$ & $0.0366526$ & $-0.206687$ & $-0.01238$ & $-0.0427287$ & $0.0391154$ & $0.0143779$ & $0.121401$ & $-0.0847959$ & $-0.16738$ & $-0.10057$ & $2.61394e-05$ & $0.0323783$ & $0.249933$ & $-0.00959295$ \\
CHe_11 & $0.155225$ & $-0.285538$ & $0.154198$ & $-0.0506406$ & $-0.0844322$ & $-0.0496607$ & $-0.139337$ & $0.860336$ & $0.852122$ & $0.089326$ & $-0.881899$ & $0.436369$ & $0.0888005$ & $0.0947432$ & $0.205445$ & $0.0962944$ & $-0.265366$ & $-0.27923$ & $-0.213722$ & $1$ & $0.601763$ & $0.511917$ & $0.0410888$ & $-0.35588$ & $-0.284097$ & $-0.283951$ & $0.258024$ & $0.192182$ & $0.0151432$ & $-0.00399995$ & $-0.0240489$ & $-0.125438$ & $-0.0450379$ & $0.3332$ & $0.00772604$ & $-0.155978$ & $0.4301$ & $0.10055$ & $-0.0863607$ & $-0.224448$ & $-0.00060756$ & $-0.410143$ & $-0.164983$ & $0.0640462$ & $0.244566$ & $0.0959844$ & $-0.231503$ & $-0.201604$ & $-0.13803$ \\
CHe_22 & $0.0273465$ & $-0.202642$ & $0.0942106$ & $0.0470633$ & $-0.187719$ & $-0.0295041$ & $-0.144349$ & $0.611904$ & $0.603924$ & $0.00847714$ & $-0.60351$ & $0.175435$ & $0.0651655$ & $0.0822606$ & $-0.0407767$ & $0.0996455$ & $-0.137932$ & $-0.132728$ & $-0.197495$ & $0.601763$ & $1$ & $0.385467$ & $0.0245436$ & $-0.325438$ & $-0.205357$ & $-0.215948$ & $0.280437$ & $0.244411$ & $0.0101419$ & $0.0172769$ & $0.00130834$ & $-0.198286$ & $-0.0122705$ & $0.354481$ & $-0.0428646$ & $-0.300967$ & $0.278098$ & $0.00808723$ & $0.0160914$ & $-0.239901$ & $0.0823173$ & $-0.247976$ & $-0.305886$ & $-0.0601924$ & $-0.0277051$ & $0.133421$ & $-0.22583$ & $-0.23712$ & $0.0970748$ \\
CHe_33 & $0.112131$ & $-0.255519$ & $0.132639$ & $0.0559782$ & $-0.189372$ & $-0.00344799$ & $-0.11351$ & $0.477757$ & $0.472073$ & $0.135689$ & $-0.50016$ & $0.249041$ & $-0.00737372$ & $0.0970392$ & $0.0233921$ & $-0.136742$ & $-0.0961694$ & $-0.14919$ & $-0.0891973$ & $0.511917$ & $0.385467$ & $1$ & $-0.0502169$ & $-0.352874$ & $-0.161196$ & $-0.110633$ & $0.24163$ & $0.0667318$ & $-0.000653372$ & $0.0056257$ & $-0.0169334$ & $-0.122302$ & $-0.0144094$ & $0.191332$ & $0.0738919$ & $-0.175121$ & $0.261074$ & $0.0293401$ & $-0.0339001$ & $-0.195793$ & $-0.0439002$ & $-0.289345$ & $-0.224908$ & $-0.00856718$ & $0.116052$ & $0.23463$ & $-0.231252$ & $-0.098506$ & $-0.0899627$ \\
CHQ1_11 & $0.298389$ & $-0.194551$ & $0.0172146$ & $-0.258326$ & $0.387647$ & $-0.0611191$ & $0.156278$ & $-0.0202952$ & $-0.0137382$ & $-0.023443$ & $-0.00507185$ & $0.147964$ & $0.362405$ & $0.00110225$ & $-0.0121326$ & $0.185043$ & $0.000413817$ & $0.0525047$ & $-0.130446$ & $0.0410888$ & $0.0245436$ & $-0.0502169$ & $1$ & $-0.0348749$ & $-0.0737745$ & $-0.590416$ & $-0.079668$ & $0.0285408$ & $-0.00283137$ & $0.0746562$ & $0.0360853$ & $0.336325$ & $0.0785142$ & $-0.0240894$ & $0.279401$ & $-0.0190149$ & $0.205437$ & $0.0401983$ & $0.027629$ & $0.0457208$ & $-0.296501$ & $-0.120116$ & $0.270004$ & $-0.0975749$ & $0.409007$ & $-0.0910091$ & $-0.0920715$ & $-0.028638$ & $-0.122575$ \\
CHQ1_33 & $0.00532143$ & $0.146222$ & $-0.100041$ & $-0.0210491$ & $0.146027$ & $0.0559545$ & $0.0919322$ & $-0.455711$ & $-0.453827$ & $0.261088$ & $0.287806$ & $-0.227938$ & $-0.0586106$ & $0.301121$ & $0.149013$ & $0.192313$ & $0.426629$ & $0.252449$ & $0.236497$ & $-0.35588$ & $-0.325438$ & $-0.352874$ & $-0.0348749$ & $1$ & $0.349895$ & $0.119034$ & $-0.28569$ & $0.0293458$ & $-0.0137829$ & $-0.0466633$ & $0.00535837$ & $0.0656624$ & $-0.0204902$ & $-0.341302$ & $0.030927$ & $0.058707$ & $-0.0961617$ & $-0.0309584$ & $0.0945417$ & $0.170421$ & $-0.11227$ & $0.19284$ & $0.157053$ & $-0.155387$ & $-0.0354244$ & $-0.00331677$ & $0.0231838$ & $0.0358419$ & $0.0776606$ \\
CHQ3_11 & $0.0248633$ & $0.19424$ & $-0.0762548$ & $0.129603$ & $-0.074026$ & $0.0366394$ & $-0.0194109$ & $-0.437076$ & $-0.434903$ & $0.249456$ & $0.226638$ & $-0.234869$ & $-0.119122$ & $0.326677$ & $-0.149238$ & $-0.0205868$ & $0.529507$ & $0.598851$ & $0.543972$ & $-0.284097$ & $-0.205357$ & $-0.161196$ & $-0.0737745$ & $0.349895$ & $1$ & $0.059086$ & $0.0811068$ & $0.0246023$ & $-0.0094095$ & $-0.0570633$ & $0.00389275$ & $-0.127454$ & $-0.0180607$ & $-0.062827$ & $0.0155334$ & $-0.125893$ & $-0.14761$ & $0.0152772$ & $0.129405$ & $0.00240475$ & $0.0622124$ & $0.0172$ & $0.0234482$ & $-0.0845347$ & $-0.193499$ & $0.0965659$ & $0.0132603$ & $0.056354$ & $0.0973657$ \\
CHu_11 & $-0.245571$ & $0.366298$ & $-0.0644389$ & $0.18821$ & $-0.328641$ & $0.0795807$ & $-0.0999554$ & $-0.230303$ & $-0.2308$ & $-0.0965248$ & $0.286383$ & $-0.206536$ & $-0.236281$ & $-0.114374$ & $0.0667618$ & $-0.0925565$ & $-0.0104394$ & $-0.0712627$ & $0.0845585$ & $-0.283951$ & $-0.215948$ & $-0.110633$ & $-0.590416$ & $0.119034$ & $0.059086$ & $1$ & $0.214935$ & $-0.109595$ & $-0.00160361$ & $-0.0484025$ & $0.00757332$ & $-0.229517$ & $-0.0388464$ & $-0.152356$ & $-0.396207$ & $0.0229313$ & $-0.325686$ & $0.0189412$ & $-0.0255612$ & $0.0883367$ & $0.27501$ & $0.126404$ & $-0.11803$ & $0.139617$ & $-0.442247$ & $0.0927295$ & $0.185236$ & $-0.0428403$ & $0.140228$ \\
CHd_11 & $0.16185$ & $0.299335$ & $0.100863$ & $0.225319$ & $-0.454686$ & $-0.0157773$ & $-0.199545$ & $0.330058$ & $0.330849$ & $-0.41521$ & $-0.161536$ & $0.144269$ & $-0.0663461$ & $-0.356924$ & $-0.190108$ & $-0.273095$ & $-0.39536$ & $-0.135473$ & $-0.133346$ & $0.258024$ & $0.280437$ & $0.24163$ & $-0.079668$ & $-0.28569$ & $0.0811068$ & $0.214935$ & $1$ & $0.183104$ & $0.0151694$ & $0.0576222$ & $0.0434807$ & $-0.2683$ & $0.0431413$ & $0.354972$ & $-0.443643$ & $-0.368577$ & $-0.0957971$ & $0.216804$ & $-0.060728$ & $-0.18948$ & $0.532229$ & $-0.556428$ & $-0.164496$ & $0.330755$ & $-0.220898$ & $0.0469053$ & $-0.0629728$ & $-0.284783$ & $-0.0975461$ \\
CHd_33 & $0.160553$ & $-0.025472$ & $-0.0637019$ & $-0.137358$ & $0.041618$ & $0.00667206$ & $-0.0362736$ & $0.213978$ & $0.214193$ & $-0.00253894$ & $-0.198232$ & $0.0823638$ & $0.125276$ & $0.038365$ & $-0.134132$ & $-0.0106554$ & $-0.0445453$ & $0.0970072$ & $-0.0293902$ & $0.192182$ & $0.244411$ & $0.0667318$ & $0.0285408$ & $0.0293458$ & $0.0246023$ & $-0.109595$ & $0.183104$ & $1$ & $0.0024436$ & $0.0595412$ & $0.0187178$ & $-0.0095092$ & $0.0564226$ & $0.269285$ & $-0.0084895$ & $-0.0351797$ & $0.138776$ & $0.00630853$ & $0.0443545$ & $-0.00464881$ & $-0.0122504$ & $-0.187383$ & $0.0670288$ & $0.0870636$ & $0.065406$ & $0.0734124$ & $0.0144626$ & $-0.0767644$ & $-0.0722384$ \\
CeH_22r & $-0.0130664$ & $-0.00758101$ & $0.00935491$ & $-0.00943533$ & $-0.00873622$ & $0.00273777$ & $0.0374863$ & $0.0186424$ & $0.0248299$ & $-0.015924$ & $-0.0129908$ & $0.0261192$ & $0.0115023$ & $-0.00845919$ & $-0.00448505$ & $0.00101259$ & $-0.0138411$ & $-0.0102885$ & $-0.0136591$ & $0.0151432$ & $0.0101419$ & $-0.000653372$ & $-0.00283137$ & $-0.0137829$ & $-0.0094095$ & $-0.00160361$ & $0.0151694$ & $0.0024436$ & $1$ & $0.0306857$ & $0.0277554$ & $-0.0129574$ & $0.0334792$ & $0.0123166$ & $-0.00229769$ & $-0.00122682$ & $0.0133973$ & $0.00204961$ & $-0.000595139$ & $-0.0164488$ & $0.00853521$ & $-0.00447596$ & $0.00265128$ & $0.0194015$ & $-0.00287761$ & $-0.00459656$ & $0.00305035$ & $0.0033525$ & $0.00613934$ \\
CeH_33r & $-0.0481131$ & $-0.104883$ & $0.0325622$ & $-0.0558654$ & $0.0599396$ & $0.0119348$ & $-0.295864$ & $0.0487948$ & $0.0694924$ & $-0.142642$ & $-0.0164811$ & $0.237727$ & $0.128117$ & $-0.0390658$ & $-0.0355428$ & $-0.0384397$ & $-0.0485432$ & $-0.0277377$ & $-0.0302539$ & $-0.00399995$ & $0.0172769$ & $0.0056257$ & $0.0746562$ & $-0.0466633$ & $-0.0570633$ & $-0.0484025$ & $0.0576222$ & $0.0595412$ & $0.0306857$ & $1$ & $0.303415$ & $0.0793122$ & $0.682067$ & $0.0642532$ & $0.0437144$ & $0.0480364$ & $0.0408389$ & $-0.00654273$ & $-0.0491048$ & $-0.059755$ & $0.0124817$ & $-0.0158645$ & $0.0821705$ & $0.135662$ & $0.0649225$ & $-0.0952348$ & $0.0252586$ & $0.0975123$ & $-0.0393862$ \\
CuH_22r & $-0.00777353$ & $-0.0103421$ & $0.00740136$ & $-0.0176364$ & $0.0363811$ & $0.0192041$ & $-0.204727$ & $-0.00246161$ & $0.00984386$ & $-0.0666775$ & $0.0174978$ & $0.0405253$ & $0.0699864$ & $-0.00632516$ & $-0.0369376$ & $-0.000836243$ & $-0.0126169$ & $0.0323514$ & $-0.00700474$ & $-0.0240489$ & $0.00130834$ & $-0.0169334$ & $0.0360853$ & $0.00535837$ & $0.00389275$ & $0.00757332$ & $0.0434807$ & $0.0187178$ & $0.0277554$ & $0.303415$ & $1$ & $0.0331911$ & $0.383062$ & $0.0466013$ & $0.000202378$ & $0.016646$ & $-0.0114949$ & $-0.0188681$ & $0.00145598$ & $-0.0225149$ & $0.0250873$ & $-0.0059404$ & $0.0504905$ & $0.0610162$ & $-0.00226176$ & $-0.0182587$ & $0.0378519$ & $0.0498918$ & $0.00466068$ \\
CuH_33r & $0.358306$ & $-0.315967$ & $-0.225297$ & $-0.317432$ & $0.710536$ & $-0.063771$ & $0.578885$ & $-0.156675$ & $-0.142318$ & $-0.0864455$ & $0.17289$ & $0.075008$ & $0.431108$ & $-0.093148$ & $0.0863005$ & $-0.0855887$ & $-0.0200231$ & $-0.082296$ & $0.0391498$ & $-0.125438$ & $-0.198286$ & $-0.122302$ & $0.336325$ & $0.0656624$ & $-0.127454$ & $-0.229517$ & $-0.2683$ & $-0.0095092$ & $-0.0129574$ & $0.0793122$ & $0.0331911$ & $1$ & $0.0980566$ & $-0.195276$ & $0.318993$ & $0.196927$ & $-0.186103$ & $0.124523$ & $-0.102742$ & $0.268803$ & $-0.450097$ & $-0.0431122$ & $0.506431$ & $-0.149653$ & $0.496309$ & $-0.263041$ & $0.150094$ & $0.134335$ & $-0.0522584$ \\
CdH_33r & $-0.062694$ & $-0.104081$ & $0.022869$ & $-0.050841$ & $0.0815019$ & $0.0177308$ & $-0.418892$ & $0.00789545$ & $0.0335349$ & $-0.152817$ & $0.0136678$ & $0.217835$ & $0.153583$ & $-0.0211746$ & $-0.0616505$ & $-0.0417066$ & $-0.00939286$ & $0.0186225$ & $0.00366036$ & $-0.0450379$ & $-0.0122705$ & $-0.0144094$ & $0.0785142$ & $-0.0204902$ & $-0.0180607$ & $-0.0388464$ & $0.0431413$ & $0.0564226$ & $0.0334792$ & $0.682067$ & $0.383062$ & $0.0980566$ & $1$ & $0.0642864$ & $0.0623517$ & $0.0701889$ & $0.0166064$ & $-0.0223585$ & $-0.0491436$ & $-0.0544181$ & $0.0160181$ & $0.0185311$ & $0.102575$ & $0.13503$ & $0.0494715$ & $-0.0995338$ & $0.0489984$ & $0.139544$ & $-0.0236916$ \\
CLL_1221 & $0.0256473$ & $0.00312795$ & $-0.0229882$ & $-0.0580516$ & $-0.120066$ & $-0.147547$ & $-0.149386$ & $0.546206$ & $0.540139$ & $-0.20986$ & $-0.393648$ & $-0.0137583$ & $0.0921135$ & $-0.169929$ & $-0.474329$ & $-0.0903002$ & $-0.149177$ & $0.351107$ & $-0.0977295$ & $0.3332$ & $0.354481$ & $0.191332$ & $-0.0240894$ & $-0.341302$ & $-0.062827$ & $-0.152356$ & $0.354972$ & $0.269285$ & $0.0123166$ & $0.0642532$ & $0.0466013$ & $-0.195276$ & $0.0642864$ & $1$ & $-0.0112103$ & $-0.0699184$ & $0.121681$ & $-0.0193263$ & $0.00600561$ & $-0.269334$ & $0.177434$ & $-0.183091$ & $-0.0848688$ & $0.235384$ & $-0.100236$ & $0.0586186$ & $0.174428$ & $0.0119403$ & $-0.014894$ \\
eHggint & $0.0732571$ & $-0.65419$ & $0.27061$ & $-0.0846484$ & $0.459585$ & $-0.151604$ & $0.177095$ & $-0.0505904$ & $-0.0466013$ & $0.191165$ & $-0.0695602$ & $0.0290245$ & $0.499901$ & $0.195921$ & $-0.0465664$ & $-0.135645$ & $0.263533$ & $0.191691$ & $0.300227$ & $0.00772604$ & $-0.0428646$ & $0.0738919$ & $0.279401$ & $0.030927$ & $0.0155334$ & $-0.396207$ & $-0.443643$ & $-0.0084895$ & $-0.00229769$ & $0.0437144$ & $0.000202378$ & $0.318993$ & $0.0623517$ & $-0.0112103$ & $1$ & $-0.00980779$ & $0.164806$ & $-0.446547$ & $0.349718$ & $-0.229986$ & $-0.381837$ & $0.0406477$ & $0.28256$ & $-0.381016$ & $0.365182$ & $-0.0521069$ & $-0.0245922$ & $0.376857$ & $0.0387157$ \\
eHggpar & $-0.178096$ & $0.0394519$ & $-0.193255$ & $-0.354609$ & $0.222975$ & $-0.00658136$ & $0.0848224$ & $-0.133585$ & $-0.127782$ & $-0.00626924$ & $0.159422$ & $0.0491159$ & $0.00636348$ & $-0.0241466$ & $0.0717288$ & $-0.0395493$ & $-0.0185827$ & $0.0108643$ & $0.0366526$ & $-0.155978$ & $-0.300967$ & $-0.175121$ & $-0.0190149$ & $0.058707$ & $-0.125893$ & $0.0229313$ & $-0.368577$ & $-0.0351797$ & $-0.00122682$ & $0.0480364$ & $0.016646$ & $0.196927$ & $0.0701889$ & $-0.0699184$ & $-0.00980779$ & $1$ & $-0.0835017$ & $-0.0794613$ & $-0.458631$ & $0.425522$ & $-0.180571$ & $0.45666$ & $0.312779$ & $0.491365$ & $0.14897$ & $-0.139829$ & $0.53968$ & $0.580711$ & $-0.337713$ \\
eHWWint & $-0.0660163$ & $-0.440689$ & $0.235964$ & $-0.37264$ & $0.03539$ & $-0.00322043$ & $-0.176879$ & $0.384849$ & $0.380739$ & $0.288548$ & $-0.458539$ & $0.365975$ & $0.141642$ & $0.19999$ & $0.158936$ & $0.249081$ & $0.00478908$ & $-0.0785551$ & $-0.206687$ & $0.4301$ & $0.278098$ & $0.261074$ & $0.205437$ & $-0.0961617$ & $-0.14761$ & $-0.325686$ & $-0.0957971$ & $0.138776$ & $0.0133973$ & $0.0408389$ & $-0.0114949$ & $-0.186103$ & $0.0166064$ & $0.121681$ & $0.164806$ & $-0.0835017$ & $1$ & $-0.0469765$ & $0.120128$ & $-0.322049$ & $-0.247808$ & $-0.161$ & $-0.0138954$ & $0.0213794$ & $0.393326$ & $0.228932$ & $-0.266405$ & $-0.204207$ & $0.0320055$ \\
eHWWpar & $0.278356$ & $0.201875$ & $-0.0885177$ & $0.175741$ & $-0.149567$ & $0.0412102$ & $0.0678715$ & $0.0903794$ & $0.0912275$ & $0.0117898$ & $-0.0641466$ & $0.104602$ & $-0.348046$ & $-0.0500248$ & $0.121154$ & $-0.0705646$ & $-0.0891513$ & $-0.129476$ & $-0.01238$ & $0.10055$ & $0.00808723$ & $0.0293401$ & $0.0401983$ & $-0.0309584$ & $0.0152772$ & $0.0189412$ & $0.216804$ & $0.00630853$ & $0.00204961$ & $-0.00654273$ & $-0.0188681$ & $0.124523$ & $-0.0223585$ & $-0.0193263$ & $-0.446547$ & $-0.0794613$ & $-0.0469765$ & $1$ & $-0.414816$ & $0.305435$ & $-0.0406181$ & $-0.27923$ & $-0.142688$ & $0.0764745$ & $0.132479$ & $-0.055664$ & $-0.112997$ & $-0.491683$ & $-0.255038$ \\
eHZZint & $0.0689257$ & $-0.0531$ & $0.202823$ & $-0.120157$ & $0.223251$ & $-0.123478$ & $-0.0246822$ & $-0.112952$ & $-0.116486$ & $0.147146$ & $0.0346856$ & $-0.171759$ & $0.207891$ & $0.117277$ & $-0.146399$ & $0.213797$ & $0.218713$ & $0.193168$ & $-0.0427287$ & $-0.0863607$ & $0.0160914$ & $-0.0339001$ & $0.027629$ & $0.0945417$ & $0.129405$ & $-0.0255612$ & $-0.060728$ & $0.0443545$ & $-0.000595139$ & $-0.0491048$ & $0.00145598$ & $-0.102742$ & $-0.0491436$ & $0.00600561$ & $0.349718$ & $-0.458631$ & $0.120128$ & $-0.414816$ & $1$ & $-0.202536$ & $-0.105687$ & $-0.117302$ & $0.144201$ & $-0.43789$ & $-0.0388026$ & $0.20488$ & $-0.225815$ & $-0.119818$ & $0.429234$ \\
eHZZpar & $0.106751$ & $0.334878$ & $-0.272958$ & $-0.106453$ & $0.226153$ & $-0.0334817$ & $0.192802$ & $-0.25372$ & $-0.251544$ & $0.124886$ & $0.232045$ & $-0.117789$ & $-0.307739$ & $0.0170596$ & $0.128224$ & $0.00122368$ & $0.0967251$ & $-0.0455266$ & $0.0391154$ & $-0.224448$ & $-0.239901$ & $-0.195793$ & $0.0457208$ & $0.170421$ & $0.00240475$ & $0.0883367$ & $-0.18948$ & $-0.00464881$ & $-0.0164488$ & $-0.059755$ & $-0.0225149$ & $0.268803$ & $-0.0544181$ & $-0.269334$ & $-0.229986$ & $0.425522$ & $-0.322049$ & $0.305435$ & $-0.202536$ & $1$ & $-0.240228$ & $0.226917$ & $0.160005$ & $0.0275672$ & $0.0839095$ & $0.130173$ & $0.24274$ & $-0.0521024$ & $-0.180799$ \\
eHZgaint & $-0.268247$ & $0.309649$ & $0.0755453$ & $0.457216$ & $-0.600326$ & $0.0881496$ & $-0.270495$ & $0.0861251$ & $0.0843126$ & $-0.363059$ & $0.0407671$ & $-0.0708684$ & $-0.269151$ & $-0.221645$ & $-0.17052$ & $-0.266415$ & $-0.27945$ & $-0.0604736$ & $0.0143779$ & $-0.00060756$ & $0.0823173$ & $-0.0439002$ & $-0.296501$ & $-0.11227$ & $0.0622124$ & $0.27501$ & $0.532229$ & $-0.0122504$ & $0.00853521$ & $0.0124817$ & $0.0250873$ & $-0.450097$ & $0.0160181$ & $0.177434$ & $-0.381837$ & $-0.180571$ & $-0.247808$ & $-0.0406181$ & $-0.105687$ & $-0.240228$ & $1$ & $-0.0844967$ & $-0.445947$ & $0.253316$ & $-0.557114$ & $-0.222428$ & $-0.113013$ & $0.00123948$ & $0.0619438$ \\
eHZgapar & $-0.702836$ & $0.0264149$ & $-0.273099$ & $-0.0902994$ & $0.0897131$ & $0.103885$ & $-0.00443555$ & $-0.439727$ & $-0.438452$ & $0.0951494$ & $0.395176$ & $-0.159806$ & $-0.0287933$ & $0.094749$ & $-0.140535$ & $0.111946$ & $0.185955$ & $0.257053$ & $0.121401$ & $-0.410143$ & $-0.247976$ & $-0.289345$ & $-0.120116$ & $0.19284$ & $0.0172$ & $0.126404$ & $-0.556428$ & $-0.187383$ & $-0.00447596$ & $-0.0158645$ & $-0.0059404$ & $-0.0431122$ & $0.0185311$ & $-0.183091$ & $0.0406477$ & $0.45666$ & $-0.161$ & $-0.27923$ & $-0.117302$ & $0.226917$ & $-0.0844967$ & $1$ & $-0.0854705$ & $0.0117658$ & $-0.435159$ & $-0.0403218$ & $0.253864$ & $0.525827$ & $0.379788$ \\
eHgagaint & $0.300315$ & $0.00210887$ & $-0.231312$ & $-0.65611$ & $0.744885$ & $-0.122093$ & $0.257913$ & $-0.209371$ & $-0.197106$ & $0.0314503$ & $0.205558$ & $0.149772$ & $0.5454$ & $-0.0705629$ & $-0.00964402$ & $0.173217$ & $0.0731749$ & $0.0991525$ & $-0.0847959$ & $-0.164983$ & $-0.305886$ & $-0.224908$ & $0.270004$ & $0.157053$ & $0.0234482$ & $-0.11803$ & $-0.164496$ & $0.0670288$ & $0.00265128$ & $0.0821705$ & $0.0504905$ & $0.506431$ & $0.102575$ & $-0.0848688$ & $0.28256$ & $0.312779$ & $-0.0138954$ & $-0.142688$ & $0.144201$ & $0.160005$ & $-0.445947$ & $-0.0854705$ & $1$ & $0.206663$ & $0.424646$ & $-0.0740449$ & $0.437523$ & $0.234614$ & $-0.115596$ \\
eHmumuint & $-0.177321$ & $0.203048$ & $-0.22677$ & $-0.29371$ & $-0.181699$ & $-0.0103717$ & $-0.190903$ & $0.108767$ & $0.115879$ & $-0.25649$ & $0.0390041$ & $0.358154$ & $-0.0613953$ & $-0.313172$ & $-0.146997$ & $-0.10114$ & $-0.310755$ & $-0.031975$ & $-0.16738$ & $0.0640462$ & $-0.0601924$ & $-0.00856718$ & $-0.0975749$ & $-0.155387$ & $-0.0845347$ & $0.139617$ & $0.330755$ & $0.0870636$ & $0.0194015$ & $0.135662$ & $0.0610162$ & $-0.149653$ & $0.13503$ & $0.235384$ & $-0.381016$ & $0.491365$ & $0.0213794$ & $0.0764745$ & $-0.43789$ & $0.0275672$ & $0.253316$ & $0.0117658$ & $0.206663$ & $1$ & $-0.0935843$ & $-0.262374$ & $0.455499$ & $0.296175$ & $-0.319921$ \\
eHtautauint & $0.603426$ & $-0.410363$ & $0.248625$ & $-0.312605$ & $0.49745$ & $-0.125589$ & $0.249547$ & $0.207519$ & $0.213315$ & $0.0999727$ & $-0.241608$ & $0.248496$ & $0.279684$ & $0.0517782$ & $0.320328$ & $0.0462893$ & $-0.0186793$ & $-0.23166$ & $-0.10057$ & $0.244566$ & $-0.0277051$ & $0.116052$ & $0.409007$ & $-0.0354244$ & $-0.193499$ & $-0.442247$ & $-0.220898$ & $0.065406$ & $-0.00287761$ & $0.0649225$ & $-0.00226176$ & $0.496309$ & $0.0494715$ & $-0.100236$ & $0.365182$ & $0.14897$ & $0.393326$ & $0.132479$ & $-0.0388026$ & $0.0839095$ & $-0.557114$ & $-0.435159$ & $0.424646$ & $-0.0935843$ & $1$ & $-0.0820634$ & $-0.0510804$ & $-0.113525$ & $-0.508451$ \\
eHccint & $0.0731886$ & $0.111676$ & $0.00754198$ & $0.0107661$ & $-0.102509$ & $0.00693316$ & $-0.119273$ & $0.0857341$ & $0.0759451$ & $0.270195$ & $-0.171667$ & $-0.143608$ & $-0.0966712$ & $0.214146$ & $0.0165039$ & $0.0913327$ & $0.178327$ & $0.0938089$ & $2.61394e-05$ & $0.0959844$ & $0.133421$ & $0.23463$ & $-0.0910091$ & $-0.00331677$ & $0.0965659$ & $0.0927295$ & $0.0469053$ & $0.0734124$ & $-0.00459656$ & $-0.0952348$ & $-0.0182587$ & $-0.263041$ & $-0.0995338$ & $0.0586186$ & $-0.0521069$ & $-0.139829$ & $0.228932$ & $-0.055664$ & $0.20488$ & $0.130173$ & $-0.222428$ & $-0.0403218$ & $-0.0740449$ & $-0.262374$ & $-0.0820634$ & $1$ & $-0.105895$ & $-0.251052$ & $0.131163$ \\
eHccpar & $-0.150107$ & $0.185649$ & $-0.330779$ & $-0.295487$ & $0.274516$ & $-0.0762815$ & $0.106154$ & $-0.148767$ & $-0.14325$ & $-0.206166$ & $0.227818$ & $-0.185326$ & $0.163494$ & $-0.146785$ & $-0.198475$ & $-0.0151588$ & $-0.0200199$ & $0.191738$ & $0.0323783$ & $-0.231503$ & $-0.22583$ & $-0.231252$ & $-0.0920715$ & $0.0231838$ & $0.0132603$ & $0.185236$ & $-0.0629728$ & $0.0144626$ & $0.00305035$ & $0.0252586$ & $0.0378519$ & $0.150094$ & $0.0489984$ & $0.174428$ & $-0.0245922$ & $0.53968$ & $-0.266405$ & $-0.112997$ & $-0.225815$ & $0.24274$ & $-0.113013$ & $0.253864$ & $0.437523$ & $0.455499$ & $-0.0510804$ & $-0.105895$ & $1$ & $0.38947$ & $-0.0937494$ \\
eHbbint & $-0.369695$ & $-0.214457$ & $-0.0777865$ & $-0.125449$ & $0.185623$ & $-0.0346936$ & $0.0319608$ & $-0.222263$ & $-0.214345$ & $-0.0596799$ & $0.21458$ & $0.0496814$ & $0.30814$ & $-0.0238438$ & $-0.186683$ & $-0.164743$ & $0.0720054$ & $0.224318$ & $0.249933$ & $-0.201604$ & $-0.23712$ & $-0.098506$ & $-0.028638$ & $0.0358419$ & $0.056354$ & $-0.0428403$ & $-0.284783$ & $-0.0767644$ & $0.0033525$ & $0.0975123$ & $0.0498918$ & $0.134335$ & $0.139544$ & $0.0119403$ & $0.376857$ & $0.580711$ & $-0.204207$ & $-0.491683$ & $-0.119818$ & $-0.0521024$ & $0.00123948$ & $0.525827$ & $0.234614$ & $0.296175$ & $-0.113525$ & $-0.251052$ & $0.38947$ & $1$ & $-0.0400281$ \\
eHbbpar & $-0.541742$ & $-0.117739$ & $-0.261128$ & $-0.123338$ & $0.0610311$ & $0.0985104$ & $-0.00257802$ & $-0.171254$ & $-0.172387$ & $0.135311$ & $0.12206$ & $-0.0965869$ & $0.175604$ & $0.113687$ & $-0.177408$ & $0.189419$ & $0.139639$ & $0.214007$ & $-0.00959295$ & $-0.13803$ & $0.0970748$ & $-0.0899627$ & $-0.122575$ & $0.0776606$ & $0.0973657$ & $0.140228$ & $-0.0975461$ & $-0.0722384$ & $0.00613934$ & $-0.0393862$ & $0.00466068$ & $-0.0522584$ & $-0.0236916$ & $-0.014894$ & $0.0387157$ & $-0.337713$ & $0.0320055$ & $-0.255038$ & $0.429234$ & $-0.180799$ & $0.0619438$ & $0.379788$ & $-0.115596$ & $-0.319921$ & $-0.508451$ & $0.131163$ & $-0.0937494$ & $-0.0400281$ & $1$ \\
