 & AlsMz & dAle5Mz & mtop & mHl & Mz & CW & CHG & CHWB & CHWHB_gaga & CHWHB_gagaorth & CHD & CHbox & CH & CHL1_11 & CHL1_22 & CHL1_33 & CHL3_11 & CHL3_22 & CHL3_33 & CHe_11 & CHe_22 & CHe_33 & CHQ1_11 & CHQ1_33 & CHQ3_11 & CHu_11 & CHd_11 & CHd_33 & CeH_22r & CeH_33r & CuH_22r & CuH_33r & CdH_33r & CLL_1221 & eHggpar & eHWWpar & eHZZpar & eHZgapar & eHccpar & eHbbpar \\
AlsMz & $1$ & $0.00404182$ & $0.0105402$ & $-0.0091394$ & $-0.0347319$ & $0.00230918$ & $-0.00860996$ & $0.00839925$ & $0.00813663$ & $-0.00414826$ & $-0.0167396$ & $-0.00185169$ & $0.0118748$ & $0.00936694$ & $0.0152232$ & $0.0108103$ & $0.000380436$ & $-0.0100832$ & $0.00563534$ & $-0.000868844$ & $0.00593476$ & $0.00183852$ & $0.0114658$ & $-0.0356897$ & $-0.0636541$ & $-0.0413562$ & $-0.0190339$ & $-0.00289026$ & $-0.0188644$ & $0.00373858$ & $0.0106535$ & $-0.00734871$ & $-0.000160963$ & $0.000112269$ & $0.030886$ & $0.0196623$ & $-0.0292234$ & $-0.0101559$ & $0.00730361$ & $-0.0120179$ \\
dAle5Mz & $0.00404182$ & $1$ & $0.0359233$ & $-0.0110711$ & $0.0129529$ & $0.0523474$ & $0.0311685$ & $-0.248815$ & $-0.245796$ & $0.116308$ & $0.267111$ & $0.018878$ & $-0.0245469$ & $-0.042864$ & $-0.030007$ & $-0.0434981$ & $0.0703022$ & $0.055143$ & $0.0614464$ & $-0.19509$ & $-0.137595$ & $-0.116499$ & $-0.0215739$ & $0.0682379$ & $0.0697584$ & $0.0374444$ & $-0.0379464$ & $-0.0376951$ & $-0.0355407$ & $-0.00969226$ & $-0.00337793$ & $0.0415343$ & $-0.0039845$ & $-0.00169275$ & $-0.00843303$ & $-0.00821187$ & $-0.00204548$ & $0.013787$ & $-0.0129504$ & $0.0300898$ \\
mtop & $0.0105402$ & $0.0359233$ & $1$ & $-0.00480231$ & $-0.0383025$ & $-0.026377$ & $0.00114712$ & $0.0126393$ & $0.0120828$ & $-0.0186388$ & $0.113361$ & $0.0181289$ & $0.0015332$ & $-0.0124929$ & $0.00490388$ & $-0.0133574$ & $-0.0111313$ & $-0.00981321$ & $-0.00617785$ & $0.0105765$ & $0.0182301$ & $0.00754896$ & $-0.0259894$ & $0.0346093$ & $-0.0107908$ & $0.0101051$ & $0.00948403$ & $-0.0184164$ & $0.00774486$ & $0.00905772$ & $0.00611818$ & $0.00356857$ & $0.00313791$ & $0.0334735$ & $-0.0080361$ & $-0.00346052$ & $0.000811251$ & $0.00523366$ & $-0.0404462$ & $0.0256521$ \\
mHl & $-0.0091394$ & $-0.0110711$ & $-0.00480231$ & $1$ & $0.0118286$ & $-0.0164261$ & $0.000477038$ & $0.0174442$ & $0.0172185$ & $-0.0248688$ & $-0.00361997$ & $-0.0136968$ & $-0.00902659$ & $-0.0212176$ & $0.00681311$ & $0.0213341$ & $-0.0250966$ & $-0.0290731$ & $-0.0492741$ & $0.00632791$ & $0.00158169$ & $-0.00437237$ & $0.0266903$ & $-0.042787$ & $-0.0363622$ & $-0.0135266$ & $-0.000814227$ & $-0.0208536$ & $-0.0324024$ & $0.00793309$ & $0.00901673$ & $0.00403278$ & $-0.0146299$ & $0.00719445$ & $0.0298183$ & $-0.0165473$ & $0.0066567$ & $0.0289709$ & $0.00423548$ & $-0.0587863$ \\
Mz & $-0.0347319$ & $0.0129529$ & $-0.0383025$ & $0.0118286$ & $1$ & $-0.0117386$ & $0.0180486$ & $0.0309099$ & $0.0311362$ & $-0.00902589$ & $0.000529051$ & $-0.0106935$ & $-0.0113552$ & $-0.00682655$ & $0.0113585$ & $0.0197282$ & $-0.00677999$ & $-0.0108219$ & $-0.0140121$ & $0.0412643$ & $0.0241804$ & $0.0184186$ & $0.00952249$ & $-0.0169705$ & $-0.00562073$ & $-0.0041946$ & $0.0177926$ & $0.00366068$ & $0.0214023$ & $-0.00792232$ & $0.00349599$ & $0.0186965$ & $0.0066931$ & $0.019769$ & $-0.00442294$ & $0.0133953$ & $-0.00634211$ & $-0.0384352$ & $-0.0154891$ & $0.0265869$ \\
CW & $0.00230918$ & $0.0523474$ & $-0.026377$ & $-0.0164261$ & $-0.0117386$ & $1$ & $-0.00495804$ & $-0.0737624$ & $-0.0705862$ & $0.00779356$ & $0.0819416$ & $0.00202331$ & $0.00404583$ & $0.21067$ & $0.0413953$ & $0.0359567$ & $-0.149098$ & $-0.0327072$ & $-0.0181454$ & $-0.0865146$ & $-0.0768045$ & $-0.0843635$ & $-0.0467785$ & $0.0456258$ & $-0.041124$ & $0.0338326$ & $-0.108529$ & $-0.00765198$ & $-0.0114734$ & $0.0104618$ & $0.000302452$ & $-0.00667175$ & $0.0180446$ & $-0.161126$ & $-0.023916$ & $-0.0155318$ & $0.0113568$ & $0.00910284$ & $0.00568952$ & $0.0132608$ \\
CHG & $-0.00860996$ & $0.0311685$ & $0.00114712$ & $0.000477038$ & $0.0180486$ & $-0.00495804$ & $1$ & $0.0414094$ & $0.064263$ & $0.0415164$ & $-0.0294178$ & $-0.715415$ & $-0.853636$ & $-0.077429$ & $0.00204759$ & $0.00808622$ & $-0.0739621$ & $-0.0364037$ & $-0.05461$ & $0.0928939$ & $0.0277359$ & $0.044521$ & $0.0207953$ & $-0.040355$ & $-0.0428196$ & $-0.0325118$ & $0.0243547$ & $0.00534223$ & $-0.166289$ & $-0.643384$ & $-0.375617$ & $0.96358$ & $-0.649737$ & $0.0135118$ & $-0.0426883$ & $0.0205856$ & $0.0309271$ & $0.0326553$ & $-0.0594287$ & $-0.00302018$ \\
CHWB & $0.00839925$ & $-0.248815$ & $0.0126393$ & $0.0174442$ & $0.0309099$ & $-0.0737624$ & $0.0414094$ & $1$ & $0.994979$ & $-0.564872$ & $-0.889394$ & $-0.120515$ & $-0.0586049$ & $-0.295524$ & $-0.0291114$ & $-0.0447972$ & $-0.647722$ & $-0.537981$ & $-0.533132$ & $0.879568$ & $0.675557$ & $0.667365$ & $0.0690822$ & $-0.678657$ & $-0.597676$ & $-0.212904$ & $0.43533$ & $0.158808$ & $-0.00783828$ & $-0.044762$ & $-0.0433227$ & $0.03155$ & $-0.0743951$ & $0.653799$ & $0.0111281$ & $0.00592477$ & $0.00806371$ & $-0.00194622$ & $-0.0311703$ & $-0.0155543$ \\
CHWHB_gaga & $0.00813663$ & $-0.245796$ & $0.0120828$ & $0.0172185$ & $0.0311362$ & $-0.0705862$ & $0.064263$ & $0.994979$ & $1$ & $-0.56351$ & $-0.885244$ & $-0.125284$ & $-0.0689606$ & $-0.298778$ & $-0.0269046$ & $-0.0442613$ & $-0.647542$ & $-0.53764$ & $-0.531565$ & $0.880293$ & $0.672141$ & $0.665884$ & $0.0673982$ & $-0.677031$ & $-0.595728$ & $-0.211933$ & $0.434151$ & $0.157651$ & $-0.00621506$ & $-0.0388236$ & $-0.0393754$ & $0.0529189$ & $-0.0678609$ & $0.647409$ & $0.00320065$ & $0.00489989$ & $0.0063104$ & $0.00096553$ & $-0.0301911$ & $-0.0162901$ \\
CHWHB_gagaorth & $-0.00414826$ & $0.116308$ & $-0.0186388$ & $-0.0248688$ & $-0.00902589$ & $0.00779356$ & $0.0415164$ & $-0.564872$ & $-0.56351$ & $1$ & $0.25006$ & $0.0569738$ & $-0.0533733$ & $0.66216$ & $0.123344$ & $0.141705$ & $0.762239$ & $0.564556$ & $0.5627$ & $-0.323602$ & $-0.231735$ & $-0.241106$ & $-0.0760986$ & $0.60384$ & $0.634695$ & $0.077677$ & $-0.334158$ & $-0.0621778$ & $-0.0312065$ & $-0.0549978$ & $-0.040157$ & $0.0547373$ & $-0.0441759$ & $-0.42976$ & $-0.0122587$ & $0.0196309$ & $0.00197355$ & $-0.00967598$ & $0.0170531$ & $0.0143976$ \\
CHD & $-0.0167396$ & $0.267111$ & $0.113361$ & $-0.00361997$ & $0.000529051$ & $0.0819416$ & $-0.0294178$ & $-0.889394$ & $-0.885244$ & $0.25006$ & $1$ & $0.101348$ & $0.0452191$ & $-0.0601079$ & $-0.0516881$ & $-0.0427983$ & $0.316575$ & $0.307479$ & $0.3008$ & $-0.892132$ & $-0.695856$ & $-0.68728$ & $-0.0485042$ & $0.461502$ & $0.342856$ & $0.221587$ & $-0.322042$ & $-0.162587$ & $0.0135866$ & $0.0394004$ & $0.0454164$ & $-0.0192471$ & $0.0618911$ & $-0.513365$ & $-0.00488527$ & $-0.018805$ & $-0.00803317$ & $0.00487201$ & $0.0216847$ & $0.0122758$ \\
CHbox & $-0.00185169$ & $0.018878$ & $0.0181289$ & $-0.0136968$ & $-0.0106935$ & $0.00202331$ & $-0.715415$ & $-0.120515$ & $-0.125284$ & $0.0569738$ & $0.101348$ & $1$ & $0.840311$ & $0.0528681$ & $0.0131486$ & $0.0152303$ & $0.0887476$ & $0.0591341$ & $0.066372$ & $-0.0999973$ & $-0.0691379$ & $-0.0881437$ & $-0.0134269$ & $0.0815176$ & $0.0679663$ & $0.0387274$ & $-0.0583682$ & $-0.014064$ & $0.20312$ & $0.668978$ & $0.376536$ & $-0.64603$ & $0.661194$ & $-0.0947019$ & $0.0523372$ & $-0.00821385$ & $-0.0372293$ & $-0.0187782$ & $0.0316038$ & $0.0118976$ \\
CH & $0.0118748$ & $-0.0245469$ & $0.0015332$ & $-0.00902659$ & $-0.0113552$ & $0.00404583$ & $-0.853636$ & $-0.0586049$ & $-0.0689606$ & $-0.0533733$ & $0.0452191$ & $0.840311$ & $1$ & $0.0826794$ & $-0.0144254$ & $-0.0241931$ & $0.0902435$ & $0.0595866$ & $0.0768783$ & $-0.11393$ & $-0.0371943$ & $-0.0516266$ & $-0.00213501$ & $0.0561283$ & $0.0608096$ & $0.0290354$ & $-0.0185932$ & $-0.0095674$ & $0.218094$ & $0.730903$ & $0.427851$ & $-0.798773$ & $0.730337$ & $-0.00919525$ & $0.0517984$ & $-0.0200127$ & $-0.0452089$ & $-0.0360132$ & $0.0487637$ & $-0.00272523$ \\
CHL1_11 & $0.00936694$ & $-0.042864$ & $-0.0124929$ & $-0.0212176$ & $-0.00682655$ & $0.21067$ & $-0.077429$ & $-0.295524$ & $-0.298778$ & $0.66216$ & $-0.0601079$ & $0.0528681$ & $0.0826794$ & $1$ & $0.169114$ & $0.187792$ & $0.623227$ & $0.506322$ & $0.51522$ & $-0.15293$ & $-0.0502698$ & $-0.0653352$ & $-0.0595793$ & $0.527382$ & $0.546538$ & $0.0191893$ & $-0.310343$ & $-0.020486$ & $-0.00571314$ & $0.0414949$ & $0.0159341$ & $-0.0842192$ & $0.0661295$ & $-0.316689$ & $-0.0196126$ & $0.0212168$ & $0.0114081$ & $-0.016448$ & $0.0156068$ & $0.00519221$ \\
CHL1_22 & $0.0152232$ & $-0.030007$ & $0.00490388$ & $0.00681311$ & $0.0113585$ & $0.0413953$ & $0.00204759$ & $-0.0291114$ & $-0.0269046$ & $0.123344$ & $-0.0516881$ & $0.0131486$ & $-0.0144254$ & $0.169114$ & $1$ & $0.374681$ & $0.0806855$ & $-0.456114$ & $-0.110263$ & $0.0657069$ & $-0.150911$ & $-0.100743$ & $-0.102856$ & $0.240686$ & $-0.156648$ & $0.00974145$ & $-0.491511$ & $-0.0279097$ & $-0.0160497$ & $-0.00296779$ & $-0.000665376$ & $0.00732545$ & $-0.00324924$ & $-0.567$ & $-0.00565264$ & $0.019567$ & $0.0279059$ & $0.00695036$ & $0.0152933$ & $-0.00395037$ \\
CHL1_33 & $0.0108103$ & $-0.0434981$ & $-0.0133574$ & $0.0213341$ & $0.0197282$ & $0.0359567$ & $0.00808622$ & $-0.0447972$ & $-0.0442613$ & $0.141705$ & $-0.0427983$ & $0.0152303$ & $-0.0241931$ & $0.187792$ & $0.374681$ & $1$ & $0.0971528$ & $-0.104363$ & $-0.420277$ & $0.0449208$ & $-0.119974$ & $-0.194664$ & $-0.114927$ & $0.234492$ & $-0.142466$ & $0.0385173$ & $-0.492836$ & $-0.0193068$ & $-0.00631057$ & $-0.0147934$ & $-0.00657152$ & $0.0136805$ & $-0.00442572$ & $-0.276821$ & $-0.031758$ & $0.0167752$ & $0.0115363$ & $0.00380737$ & $0.0131831$ & $0.00878408$ \\
CHL3_11 & $0.000380436$ & $0.0703022$ & $-0.0111313$ & $-0.0250966$ & $-0.00677999$ & $-0.149098$ & $-0.0739621$ & $-0.647722$ & $-0.647542$ & $0.762239$ & $0.316575$ & $0.0887476$ & $0.0902435$ & $0.623227$ & $0.0806855$ & $0.0971528$ & $1$ & $0.684707$ & $0.684669$ & $-0.486614$ & $-0.298623$ & $-0.301652$ & $-0.0591514$ & $0.677222$ & $0.756533$ & $0.10046$ & $-0.329927$ & $-0.0856292$ & $0.00615505$ & $0.0565376$ & $0.0364528$ & $-0.0729421$ & $0.0876125$ & $-0.359309$ & $-0.00772171$ & $0.022772$ & $-0.00526655$ & $-0.0113012$ & $0.0158552$ & $0.0149444$ \\
CHL3_22 & $-0.0100832$ & $0.055143$ & $-0.00981321$ & $-0.0290731$ & $-0.0108219$ & $-0.0327072$ & $-0.0364037$ & $-0.537981$ & $-0.53764$ & $0.564556$ & $0.307479$ & $0.0591341$ & $0.0595866$ & $0.506322$ & $-0.456114$ & $-0.104363$ & $0.684707$ & $1$ & $0.650064$ & $-0.424815$ & $-0.219188$ & $-0.227076$ & $0.0244379$ & $0.47005$ & $0.767433$ & $0.0770522$ & $-0.00640707$ & $-0.0507748$ & $0.0129828$ & $0.0348507$ & $0.0195025$ & $-0.0391812$ & $0.0563732$ & $0.100318$ & $-0.0147261$ & $0.00243363$ & $-0.0134066$ & $-0.0158631$ & $0.0086654$ & $0.0155348$ \\
CHL3_33 & $0.00563534$ & $0.0614464$ & $-0.00617785$ & $-0.0492741$ & $-0.0140121$ & $-0.0181454$ & $-0.05461$ & $-0.533132$ & $-0.531565$ & $0.5627$ & $0.3008$ & $0.066372$ & $0.0768783$ & $0.51522$ & $-0.110263$ & $-0.420277$ & $0.684669$ & $0.650064$ & $1$ & $-0.417374$ & $-0.208795$ & $-0.22209$ & $0.0177586$ & $0.476715$ & $0.775379$ & $0.0648543$ & $-0.00376911$ & $-0.0564668$ & $0.00515392$ & $0.0487498$ & $0.0349015$ & $-0.0575787$ & $0.0656343$ & $-0.210739$ & $0.00961846$ & $0.0133176$ & $-0.0109504$ & $-0.0140359$ & $0.01249$ & $-0.00168253$ \\
CHe_11 & $-0.000868844$ & $-0.19509$ & $0.0105765$ & $0.00632791$ & $0.0412643$ & $-0.0865146$ & $0.0928939$ & $0.879568$ & $0.880293$ & $-0.323602$ & $-0.892132$ & $-0.0999973$ & $-0.11393$ & $-0.15293$ & $0.0657069$ & $0.0449208$ & $-0.486614$ & $-0.424815$ & $-0.417374$ & $1$ & $0.684317$ & $0.677229$ & $0.048519$ & $-0.535109$ & $-0.454793$ & $-0.222355$ & $0.342602$ & $0.1667$ & $-0.0220944$ & $-0.0829783$ & $-0.0689704$ & $0.0937154$ & $-0.112663$ & $0.454585$ & $0.0047958$ & $0.0157543$ & $0.0120816$ & $-0.0122283$ & $-0.0313098$ & $-0.00729771$ \\
CHe_22 & $0.00593476$ & $-0.137595$ & $0.0182301$ & $0.00158169$ & $0.0241804$ & $-0.0768045$ & $0.0277359$ & $0.675557$ & $0.672141$ & $-0.231735$ & $-0.695856$ & $-0.0691379$ & $-0.0371943$ & $-0.0502698$ & $-0.150911$ & $-0.119974$ & $-0.298623$ & $-0.219188$ & $-0.208795$ & $0.684317$ & $1$ & $0.587409$ & $0.0747717$ & $-0.469228$ & $-0.266788$ & $-0.185322$ & $0.423761$ & $0.124486$ & $-0.00964091$ & $-0.0223018$ & $-0.0245302$ & $0.022639$ & $-0.0513958$ & $0.460647$ & $-0.00306517$ & $0.00458342$ & $0.0133845$ & $0.00826816$ & $-0.0132007$ & $-0.00574692$ \\
CHe_33 & $0.00183852$ & $-0.116499$ & $0.00754896$ & $-0.00437237$ & $0.0184186$ & $-0.0843635$ & $0.044521$ & $0.667365$ & $0.665884$ & $-0.241106$ & $-0.68728$ & $-0.0881437$ & $-0.0516266$ & $-0.0653352$ & $-0.100743$ & $-0.194664$ & $-0.301652$ & $-0.227076$ & $-0.22209$ & $0.677229$ & $0.587409$ & $1$ & $0.0791893$ & $-0.469097$ & $-0.271092$ & $-0.179103$ & $0.421255$ & $0.142469$ & $-0.00741753$ & $-0.0484608$ & $-0.0389401$ & $0.0399279$ & $-0.0593632$ & $0.454162$ & $-0.00482629$ & $0.00689942$ & $0.00900799$ & $-0.00031566$ & $-0.0327659$ & $-0.00840766$ \\
CHQ1_11 & $0.0114658$ & $-0.0215739$ & $-0.0259894$ & $0.0266903$ & $0.00952249$ & $-0.0467785$ & $0.0207953$ & $0.0690822$ & $0.0673982$ & $-0.0760986$ & $-0.0485042$ & $-0.0134269$ & $-0.00213501$ & $-0.0595793$ & $-0.102856$ & $-0.114927$ & $-0.0591514$ & $0.0244379$ & $0.0177586$ & $0.048519$ & $0.0747717$ & $0.0791893$ & $1$ & $-0.0967015$ & $0.047231$ & $-0.591392$ & $0.262614$ & $0.0258233$ & $-0.0147506$ & $-0.00533716$ & $-0.004056$ & $0.0173627$ & $-0.00990887$ & $0.121937$ & $-2.88386e-06$ & $0.00731235$ & $-0.00713648$ & $0.021897$ & $-0.00136843$ & $0.0115088$ \\
CHQ1_33 & $-0.0356897$ & $0.0682379$ & $0.0346093$ & $-0.042787$ & $-0.0169705$ & $0.0456258$ & $-0.040355$ & $-0.678657$ & $-0.677031$ & $0.60384$ & $0.461502$ & $0.0815176$ & $0.0561283$ & $0.527382$ & $0.240686$ & $0.234492$ & $0.677222$ & $0.47005$ & $0.476715$ & $-0.535109$ & $-0.469228$ & $-0.469097$ & $-0.0967015$ & $1$ & $0.545892$ & $0.136605$ & $-0.434184$ & $-0.00499078$ & $0.00541806$ & $0.0382539$ & $0.0238189$ & $-0.0363192$ & $0.0663434$ & $-0.538037$ & $-0.0102658$ & $0.0121897$ & $0.000353944$ & $-0.00016805$ & $0.0262484$ & $0.02866$ \\
CHQ3_11 & $-0.0636541$ & $0.0697584$ & $-0.0107908$ & $-0.0363622$ & $-0.00562073$ & $-0.041124$ & $-0.0428196$ & $-0.597676$ & $-0.595728$ & $0.634695$ & $0.342856$ & $0.0679663$ & $0.0608096$ & $0.546538$ & $-0.156648$ & $-0.142466$ & $0.756533$ & $0.767433$ & $0.775379$ & $-0.454793$ & $-0.266788$ & $-0.271092$ & $0.047231$ & $0.545892$ & $1$ & $0.0924858$ & $0.0900529$ & $-0.0660226$ & $0.00441348$ & $0.0280769$ & $0.0321088$ & $-0.0473664$ & $0.0572799$ & $-0.195364$ & $-0.012682$ & $0.0134154$ & $-0.0189606$ & $-0.0241136$ & $0.0106364$ & $0.0185966$ \\
CHu_11 & $-0.0413562$ & $0.0374444$ & $0.0101051$ & $-0.0135266$ & $-0.0041946$ & $0.0338326$ & $-0.0325118$ & $-0.212904$ & $-0.211933$ & $0.077677$ & $0.221587$ & $0.0387274$ & $0.0290354$ & $0.0191893$ & $0.00974145$ & $0.0385173$ & $0.10046$ & $0.0770522$ & $0.0648543$ & $-0.222355$ & $-0.185322$ & $-0.179103$ & $-0.591392$ & $0.136605$ & $0.0924858$ & $1$ & $0.0509678$ & $-0.0355783$ & $0.0121429$ & $0.0313062$ & $0.021607$ & $-0.0269224$ & $0.0434895$ & $-0.136768$ & $0.00809456$ & $0.00801921$ & $0.00262125$ & $-0.000969681$ & $0.00477535$ & $-0.000107094$ \\
CHd_11 & $-0.0190339$ & $-0.0379464$ & $0.00948403$ & $-0.000814227$ & $0.0177926$ & $-0.108529$ & $0.0243547$ & $0.43533$ & $0.434151$ & $-0.334158$ & $-0.322042$ & $-0.0583682$ & $-0.0185932$ & $-0.310343$ & $-0.491511$ & $-0.492836$ & $-0.329927$ & $-0.00640707$ & $-0.00376911$ & $0.342602$ & $0.423761$ & $0.421255$ & $0.262614$ & $-0.434184$ & $0.0900529$ & $0.0509678$ & $1$ & $0.0737565$ & $-0.00361196$ & $-0.0254077$ & $-0.00539845$ & $0.0166021$ & $-0.0304558$ & $0.600738$ & $0.0135462$ & $0.00266395$ & $-0.0183581$ & $-0.00300407$ & $-0.0264694$ & $0.00158518$ \\
CHd_33 & $-0.00289026$ & $-0.0376951$ & $-0.0184164$ & $-0.0208536$ & $0.00366068$ & $-0.00765198$ & $0.00534223$ & $0.158808$ & $0.157651$ & $-0.0621778$ & $-0.162587$ & $-0.014064$ & $-0.0095674$ & $-0.020486$ & $-0.0279097$ & $-0.0193068$ & $-0.0856292$ & $-0.0507748$ & $-0.0564668$ & $0.1667$ & $0.124486$ & $0.142469$ & $0.0258233$ & $-0.00499078$ & $-0.0660226$ & $-0.0355783$ & $0.0737565$ & $1$ & $-0.0191046$ & $0.00839384$ & $-0.00493919$ & $0.00664935$ & $0.00452901$ & $0.107152$ & $-0.0315497$ & $0.00891925$ & $-0.00414014$ & $0.0179907$ & $-0.018473$ & $0.0184121$ \\
CeH_22r & $-0.0188644$ & $-0.0355407$ & $0.00774486$ & $-0.0324024$ & $0.0214023$ & $-0.0114734$ & $-0.166289$ & $-0.00783828$ & $-0.00621506$ & $-0.0312065$ & $0.0135866$ & $0.20312$ & $0.218094$ & $-0.00571314$ & $-0.0160497$ & $-0.00631057$ & $0.00615505$ & $0.0129828$ & $0.00515392$ & $-0.0220944$ & $-0.00964091$ & $-0.00741753$ & $-0.0147506$ & $0.00541806$ & $0.00441348$ & $0.0121429$ & $-0.00361196$ & $-0.0191046$ & $1$ & $0.175781$ & $0.0922502$ & $-0.163316$ & $0.180336$ & $0.00449494$ & $0.00248161$ & $-0.00682688$ & $-0.0175803$ & $-0.000715652$ & $-0.0142486$ & $-0.0028736$ \\
CeH_33r & $0.00373858$ & $-0.00969226$ & $0.00905772$ & $0.00793309$ & $-0.00792232$ & $0.0104618$ & $-0.643384$ & $-0.044762$ & $-0.0388236$ & $-0.0549978$ & $0.0394004$ & $0.668978$ & $0.730903$ & $0.0414949$ & $-0.00296779$ & $-0.0147934$ & $0.0565376$ & $0.0348507$ & $0.0487498$ & $-0.0829783$ & $-0.0223018$ & $-0.0484608$ & $-0.00533716$ & $0.0382539$ & $0.0280769$ & $0.0313062$ & $-0.0254077$ & $0.00839384$ & $0.175781$ & $1$ & $0.489423$ & $-0.523339$ & $0.83809$ & $-0.0114244$ & $0.0100911$ & $-0.0457237$ & $-0.0558332$ & $-0.0231914$ & $0.0405566$ & $0.0137585$ \\
CuH_22r & $0.0106535$ & $-0.00337793$ & $0.00611818$ & $0.00901673$ & $0.00349599$ & $0.000302452$ & $-0.375617$ & $-0.0433227$ & $-0.0393754$ & $-0.040157$ & $0.0454164$ & $0.376536$ & $0.427851$ & $0.0159341$ & $-0.000665376$ & $-0.00657152$ & $0.0364528$ & $0.0195025$ & $0.0349015$ & $-0.0689704$ & $-0.0245302$ & $-0.0389401$ & $-0.004056$ & $0.0238189$ & $0.0321088$ & $0.021607$ & $-0.00539845$ & $-0.00493919$ & $0.0922502$ & $0.489423$ & $1$ & $-0.28519$ & $0.521227$ & $-0.019824$ & $0.0176746$ & $-0.0257163$ & $-0.0456$ & $-0.0242837$ & $0.245665$ & $-0.0177497$ \\
CuH_33r & $-0.00734871$ & $0.0415343$ & $0.00356857$ & $0.00403278$ & $0.0186965$ & $-0.00667175$ & $0.96358$ & $0.03155$ & $0.0529189$ & $0.0547373$ & $-0.0192471$ & $-0.64603$ & $-0.798773$ & $-0.0842192$ & $0.00732545$ & $0.0136805$ & $-0.0729421$ & $-0.0391812$ & $-0.0575787$ & $0.0937154$ & $0.022639$ & $0.0399279$ & $0.0173627$ & $-0.0363192$ & $-0.0473664$ & $-0.0269224$ & $0.0166021$ & $0.00664935$ & $-0.163316$ & $-0.523339$ & $-0.28519$ & $1$ & $-0.50705$ & $0.000277246$ & $-0.0260698$ & $0.0148876$ & $0.0273515$ & $0.0360562$ & $-0.0571364$ & $0.00124867$ \\
CdH_33r & $-0.000160963$ & $-0.0039845$ & $0.00313791$ & $-0.0146299$ & $0.0066931$ & $0.0180446$ & $-0.649737$ & $-0.0743951$ & $-0.0678609$ & $-0.0441759$ & $0.0618911$ & $0.661194$ & $0.730337$ & $0.0661295$ & $-0.00324924$ & $-0.00442572$ & $0.0876125$ & $0.0563732$ & $0.0656343$ & $-0.112663$ & $-0.0513958$ & $-0.0593632$ & $-0.00990887$ & $0.0663434$ & $0.0572799$ & $0.0434895$ & $-0.0304558$ & $0.00452901$ & $0.180336$ & $0.83809$ & $0.521227$ & $-0.50705$ & $1$ & $-0.0292787$ & $0.0185555$ & $-0.065462$ & $-0.0381834$ & $-0.0199412$ & $0.0437622$ & $0.265054$ \\
CLL_1221 & $0.000112269$ & $-0.00169275$ & $0.0334735$ & $0.00719445$ & $0.019769$ & $-0.161126$ & $0.0135118$ & $0.653799$ & $0.647409$ & $-0.42976$ & $-0.513365$ & $-0.0947019$ & $-0.00919525$ & $-0.316689$ & $-0.567$ & $-0.276821$ & $-0.359309$ & $0.100318$ & $-0.210739$ & $0.454585$ & $0.460647$ & $0.454162$ & $0.121937$ & $-0.538037$ & $-0.195364$ & $-0.136768$ & $0.600738$ & $0.107152$ & $0.00449494$ & $-0.0114244$ & $-0.019824$ & $0.000277246$ & $-0.0292787$ & $1$ & $0.00752798$ & $-0.0082944$ & $-0.007834$ & $-0.00814151$ & $-0.034894$ & $-0.00379746$ \\
eHggpar & $0.030886$ & $-0.00843303$ & $-0.0080361$ & $0.0298183$ & $-0.00442294$ & $-0.023916$ & $-0.0426883$ & $0.0111281$ & $0.00320065$ & $-0.0122587$ & $-0.00488527$ & $0.0523372$ & $0.0517984$ & $-0.0196126$ & $-0.00565264$ & $-0.031758$ & $-0.00772171$ & $-0.0147261$ & $0.00961846$ & $0.0047958$ & $-0.00306517$ & $-0.00482629$ & $-2.88386e-06$ & $-0.0102658$ & $-0.012682$ & $0.00809456$ & $0.0135462$ & $-0.0315497$ & $0.00248161$ & $0.0100911$ & $0.0176746$ & $-0.0260698$ & $0.0185555$ & $0.00752798$ & $1$ & $-0.00189137$ & $0.00195682$ & $0.00690942$ & $-0.0494107$ & $-0.00429935$ \\
eHWWpar & $0.0196623$ & $-0.00821187$ & $-0.00346052$ & $-0.0165473$ & $0.0133953$ & $-0.0155318$ & $0.0205856$ & $0.00592477$ & $0.00489989$ & $0.0196309$ & $-0.018805$ & $-0.00821385$ & $-0.0200127$ & $0.0212168$ & $0.019567$ & $0.0167752$ & $0.022772$ & $0.00243363$ & $0.0133176$ & $0.0157543$ & $0.00458342$ & $0.00689942$ & $0.00731235$ & $0.0121897$ & $0.0134154$ & $0.00801921$ & $0.00266395$ & $0.00891925$ & $-0.00682688$ & $-0.0457237$ & $-0.0257163$ & $0.0148876$ & $-0.065462$ & $-0.0082944$ & $-0.00189137$ & $1$ & $0.00339015$ & $0.0175085$ & $-0.00557844$ & $-0.0250127$ \\
eHZZpar & $-0.0292234$ & $-0.00204548$ & $0.000811251$ & $0.0066567$ & $-0.00634211$ & $0.0113568$ & $0.0309271$ & $0.00806371$ & $0.0063104$ & $0.00197355$ & $-0.00803317$ & $-0.0372293$ & $-0.0452089$ & $0.0114081$ & $0.0279059$ & $0.0115363$ & $-0.00526655$ & $-0.0134066$ & $-0.0109504$ & $0.0120816$ & $0.0133845$ & $0.00900799$ & $-0.00713648$ & $0.000353944$ & $-0.0189606$ & $0.00262125$ & $-0.0183581$ & $-0.00414014$ & $-0.0175803$ & $-0.0558332$ & $-0.0456$ & $0.0273515$ & $-0.0381834$ & $-0.007834$ & $0.00195682$ & $0.00339015$ & $1$ & $0.00786336$ & $0.0137667$ & $0.0198578$ \\
eHZgapar & $-0.0101559$ & $0.013787$ & $0.00523366$ & $0.0289709$ & $-0.0384352$ & $0.00910284$ & $0.0326553$ & $-0.00194622$ & $0.00096553$ & $-0.00967598$ & $0.00487201$ & $-0.0187782$ & $-0.0360132$ & $-0.016448$ & $0.00695036$ & $0.00380737$ & $-0.0113012$ & $-0.0158631$ & $-0.0140359$ & $-0.0122283$ & $0.00826816$ & $-0.00031566$ & $0.021897$ & $-0.00016805$ & $-0.0241136$ & $-0.000969681$ & $-0.00300407$ & $0.0179907$ & $-0.000715652$ & $-0.0231914$ & $-0.0242837$ & $0.0360562$ & $-0.0199412$ & $-0.00814151$ & $0.00690942$ & $0.0175085$ & $0.00786336$ & $1$ & $-0.0113559$ & $0.0054045$ \\
eHccpar & $0.00730361$ & $-0.0129504$ & $-0.0404462$ & $0.00423548$ & $-0.0154891$ & $0.00568952$ & $-0.0594287$ & $-0.0311703$ & $-0.0301911$ & $0.0170531$ & $0.0216847$ & $0.0316038$ & $0.0487637$ & $0.0156068$ & $0.0152933$ & $0.0131831$ & $0.0158552$ & $0.0086654$ & $0.01249$ & $-0.0313098$ & $-0.0132007$ & $-0.0327659$ & $-0.00136843$ & $0.0262484$ & $0.0106364$ & $0.00477535$ & $-0.0264694$ & $-0.018473$ & $-0.0142486$ & $0.0405566$ & $0.245665$ & $-0.0571364$ & $0.0437622$ & $-0.034894$ & $-0.0494107$ & $-0.00557844$ & $0.0137667$ & $-0.0113559$ & $1$ & $-0.0248508$ \\
eHbbpar & $-0.0120179$ & $0.0300898$ & $0.0256521$ & $-0.0587863$ & $0.0265869$ & $0.0132608$ & $-0.00302018$ & $-0.0155543$ & $-0.0162901$ & $0.0143976$ & $0.0122758$ & $0.0118976$ & $-0.00272523$ & $0.00519221$ & $-0.00395037$ & $0.00878408$ & $0.0149444$ & $0.0155348$ & $-0.00168253$ & $-0.00729771$ & $-0.00574692$ & $-0.00840766$ & $0.0115088$ & $0.02866$ & $0.0185966$ & $-0.000107094$ & $0.00158518$ & $0.0184121$ & $-0.0028736$ & $0.0137585$ & $-0.0177497$ & $0.00124867$ & $0.265054$ & $-0.00379746$ & $-0.00429935$ & $-0.0250127$ & $0.0198578$ & $0.0054045$ & $-0.0248508$ & $1$ \\
