 & AlsMz & dAle5Mz & mtop & mHl & Mz & CW & CHG & CHWB & CHWHB_gaga & CHWHB_gagaorth & CHD & CHbox & CH & CHL1_11 & CHL1_22 & CHL1_33 & CHL3_11 & CHL3_22 & CHL3_33 & CHe_11 & CHe_22 & CHe_33 & CHQ1_11 & CHQ1_33 & CHQ3_11 & CHu_11 & CHd_11 & CHd_33 & CeH_22r & CeH_33r & CuH_22r & CuH_33r & CdH_33r & CLL_1221 & eHggint & eHggpar & eHWWint & eHWWpar & eHZZint & eHZZpar & eHZgaint & eHZgapar & eHgagaint & eHmumuint & eHtautauint & eHccint & eHccpar & eHbbint & eHbbpar \\
AlsMz & $1$ & $0.0655726$ & $-0.467075$ & $-0.4828$ & $-0.117872$ & $-0.224784$ & $0.404796$ & $0.546743$ & $0.523737$ & $-0.339102$ & $-0.50095$ & $-0.0585069$ & $-0.213295$ & $0.187368$ & $-0.06524$ & $0.625085$ & $0.141285$ & $0.283901$ & $-0.292224$ & $0.495055$ & $0.487474$ & $0.50848$ & $-0.444768$ & $-0.00591268$ & $-0.129418$ & $0.102199$ & $0.243561$ & $0.58461$ & $-0.114436$ & $-0.608861$ & $-0.0698283$ & $0.374172$ & $-0.418985$ & $0.574357$ & $-0.0763546$ & $-0.434196$ & $0.486568$ & $-0.404913$ & $0.3845$ & $-0.300094$ & $0.659924$ & $0.328005$ & $0.550738$ & $-0.836189$ & $0.227628$ & $0.18401$ & $0.200713$ & $-0.460053$ & $0.153392$ \\
dAle5Mz & $0.0655726$ & $1$ & $0.0920505$ & $-0.379262$ & $0.0439573$ & $0.39001$ & $0.136296$ & $0.49303$ & $0.536043$ & $-0.136168$ & $-0.260947$ & $-0.20715$ & $0.187982$ & $-0.0381619$ & $-0.0283168$ & $0.279247$ & $-0.264794$ & $-0.31313$ & $-0.445086$ & $0.268689$ & $0.289988$ & $0.255062$ & $-0.231848$ & $-0.367895$ & $-0.635507$ & $-0.0302605$ & $-0.681398$ & $-0.0209492$ & $-0.125465$ & $0.0386098$ & $0.0566983$ & $0.147454$ & $0.233117$ & $0.428434$ & $-0.24294$ & $-0.0933125$ & $0.298871$ & $0.514067$ & $0.321208$ & $0.311018$ & $0.609008$ & $-0.018347$ & $0.594314$ & $-0.43844$ & $-0.497807$ & $0.553223$ & $0.3499$ & $-0.0302126$ & $0.505901$ \\
mtop & $-0.467075$ & $0.0920505$ & $1$ & $0.539677$ & $0.0624257$ & $0.00640755$ & $0.214653$ & $-0.16314$ & $-0.150274$ & $-0.0933391$ & $0.094787$ & $0.149196$ & $-0.274042$ & $0.190502$ & $-0.118968$ & $-0.465994$ & $0.00435491$ & $0.158993$ & $0.345162$ & $-0.114087$ & $-0.0600707$ & $-0.0982791$ & $0.0440486$ & $0.113641$ & $0.134601$ & $-0.118087$ & $-0.179823$ & $0.25186$ & $-0.0598935$ & $-0.186431$ & $-0.536055$ & $0.0936141$ & $-0.2149$ & $-0.125583$ & $-0.233664$ & $-0.0101377$ & $0.0862429$ & $0.252581$ & $0.150749$ & $0.232018$ & $-0.0539076$ & $-0.423059$ & $-0.150784$ & $0.326284$ & $-0.703067$ & $-0.102701$ & $0.434138$ & $-0.0213737$ & $0.49613$ \\
mHl & $-0.4828$ & $-0.379262$ & $0.539677$ & $1$ & $0.0104695$ & $-0.201036$ & $-0.256$ & $-0.671885$ & $-0.675309$ & $0.451282$ & $0.448876$ & $0.282028$ & $-0.10189$ & $-0.0651525$ & $-0.0943107$ & $-0.595961$ & $0.209405$ & $0.237303$ & $0.539524$ & $-0.468152$ & $-0.441039$ & $-0.450962$ & $0.61149$ & $0.278604$ & $0.54116$ & $-0.256187$ & $0.329208$ & $-0.0363369$ & $0.200969$ & $0.107938$ & $-0.340172$ & $-0.332093$ & $-0.190808$ & $-0.449513$ & $0.0758767$ & $0.076317$ & $-0.00517188$ & $-0.0686763$ & $-0.119321$ & $-0.0888599$ & $-0.332468$ & $-0.295189$ & $-0.41801$ & $0.595122$ & $-0.343159$ & $-0.482557$ & $0.0277628$ & $0.284002$ & $-0.198664$ \\
Mz & $-0.117872$ & $0.0439573$ & $0.0624257$ & $0.0104695$ & $1$ & $0.0889474$ & $-0.00847515$ & $-0.0202456$ & $-0.0227673$ & $0.0316902$ & $0.0331265$ & $-0.0136843$ & $0.0340603$ & $-0.00291336$ & $-0.00699141$ & $-0.0518904$ & $-0.0222551$ & $-0.0263034$ & $0.0203493$ & $-0.0249994$ & $-0.0183935$ & $-0.0255999$ & $0.050009$ & $-0.0215947$ & $-0.0228781$ & $-0.0700274$ & $-0.101221$ & $-0.0773948$ & $-0.0571366$ & $0.0840754$ & $0.0404336$ & $0.00712578$ & $0.0521968$ & $-0.0240699$ & $0.00322273$ & $0.0140424$ & $-0.0467221$ & $0.0606958$ & $-0.0449574$ & $0.0939834$ & $-0.0357215$ & $-0.0582393$ & $-0.0502514$ & $0.0814647$ & $-0.0483996$ & $-0.019901$ & $-0.00843505$ & $0.094334$ & $-0.000129906$ \\
CW & $-0.224784$ & $0.39001$ & $0.00640755$ & $-0.201036$ & $0.0889474$ & $1$ & $-0.150088$ & $0.136578$ & $0.131694$ & $-0.443536$ & $0.244742$ & $-0.415569$ & $0.359201$ & $-0.184634$ & $-0.506991$ & $-0.0399082$ & $-0.842386$ & $-0.559629$ & $-0.618375$ & $-0.246377$ & $-0.219671$ & $-0.21111$ & $-0.188118$ & $-0.634942$ & $-0.75658$ & $0.306549$ & $-0.324279$ & $-0.506259$ & $-0.213431$ & $0.520405$ & $0.582674$ & $-0.0331282$ & $0.527852$ & $0.239989$ & $0.654299$ & $0.299535$ & $-0.271914$ & $0.528848$ & $-0.639263$ & $0.220157$ & $-0.0313096$ & $0.0136043$ & $-0.357074$ & $0.05173$ & $-0.153344$ & $0.0527136$ & $-0.552469$ & $0.653645$ & $-0.287737$ \\
CHG & $0.404796$ & $0.136296$ & $0.214653$ & $-0.256$ & $-0.00847515$ & $-0.150088$ & $1$ & $0.726718$ & $0.708349$ & $-0.482973$ & $-0.811709$ & $0.186224$ & $-0.633204$ & $0.757608$ & $0.128804$ & $0.247935$ & $0.336067$ & $0.593105$ & $0.263893$ & $0.785802$ & $0.828969$ & $0.819251$ & $-0.487193$ & $0.131364$ & $0.05109$ & $-0.37918$ & $-0.329555$ & $0.689211$ & $-0.632714$ & $-0.742004$ & $-0.294487$ & $0.957804$ & $-0.676013$ & $0.45556$ & $-0.347096$ & $-0.73724$ & $0.248966$ & $-0.201859$ & $0.460231$ & $0.0938355$ & $0.493506$ & $0.16745$ & $0.35722$ & $-0.349579$ & $-0.0723513$ & $-0.168668$ & $0.425719$ & $-0.34022$ & $0.537806$ \\
CHWB & $0.546743$ & $0.49303$ & $-0.16314$ & $-0.671885$ & $-0.0202456$ & $0.136578$ & $0.726718$ & $1$ & $0.981712$ & $-0.577505$ & $-0.872723$ & $-0.118142$ & $-0.269032$ & $0.538148$ & $0.0992905$ & $0.567453$ & $0.0517527$ & $0.21405$ & $-0.235977$ & $0.861476$ & $0.886907$ & $0.871176$ & $-0.69766$ & $-0.160911$ & $-0.421504$ & $-0.154202$ & $-0.505916$ & $0.462768$ & $-0.552547$ & $-0.482168$ & $0.11292$ & $0.750401$ & $-0.25071$ & $0.703092$ & $-0.262866$ & $-0.558565$ & $0.243659$ & $-0.0148505$ & $0.396439$ & $0.24136$ & $0.636817$ & $0.261738$ & $0.536947$ & $-0.648732$ & $0.0610691$ & $0.218872$ & $0.283769$ & $-0.327666$ & $0.49894$ \\
CHWHB_gaga & $0.523737$ & $0.536043$ & $-0.150274$ & $-0.675309$ & $-0.0227673$ & $0.131694$ & $0.708349$ & $0.981712$ & $1$ & $-0.537817$ & $-0.855217$ & $-0.114824$ & $-0.242588$ & $0.513584$ & $0.118565$ & $0.572931$ & $0.051546$ & $0.189188$ & $-0.244815$ & $0.846763$ & $0.868789$ & $0.853505$ & $-0.677462$ & $-0.159677$ & $-0.425324$ & $-0.152915$ & $-0.534768$ & $0.444353$ & $-0.520001$ & $-0.460401$ & $0.0962437$ & $0.722464$ & $-0.21765$ & $0.681696$ & $-0.296436$ & $-0.5341$ & $0.248122$ & $0.0136578$ & $0.422368$ & $0.240483$ & $0.648628$ & $0.249237$ & $0.574136$ & $-0.642066$ & $0.0228927$ & $0.262882$ & $0.318049$ & $-0.334453$ & $0.529996$ \\
CHWHB_gagaorth & $-0.339102$ & $-0.136168$ & $-0.0933391$ & $0.451282$ & $0.0316902$ & $-0.443536$ & $-0.482973$ & $-0.577505$ & $-0.537817$ & $1$ & $0.309594$ & $0.321142$ & $0.191542$ & $-0.253935$ & $0.401293$ & $-0.213279$ & $0.473703$ & $0.0490695$ & $0.424843$ & $-0.296094$ & $-0.330487$ & $-0.335704$ & $0.796669$ & $0.349856$ & $0.539658$ & $-0.385211$ & $0.129762$ & $-0.291688$ & $0.335156$ & $0.306669$ & $-0.167747$ & $-0.503655$ & $0.0375652$ & $-0.551508$ & $-0.242969$ & $0.0728154$ & $0.0116308$ & $-0.128808$ & $0.1701$ & $-0.227372$ & $-0.205617$ & $-0.0843647$ & $0.0908702$ & $0.400341$ & $-0.0367228$ & $-0.127008$ & $0.122422$ & $0.0831213$ & $-0.205962$ \\
CHD & $-0.50095$ & $-0.260947$ & $0.094787$ & $0.448876$ & $0.0331265$ & $0.244742$ & $-0.811709$ & $-0.872723$ & $-0.855217$ & $0.309594$ & $1$ & $-0.141805$ & $0.486733$ & $-0.789272$ & $-0.420406$ & $-0.562576$ & $-0.501756$ & $-0.586814$ & $-0.193113$ & $-0.993566$ & $-0.994655$ & $-0.981759$ & $0.480355$ & $-0.262459$ & $-0.0578187$ & $0.441869$ & $0.481451$ & $-0.611814$ & $0.579616$ & $0.654027$ & $0.151002$ & $-0.792453$ & $0.531115$ & $-0.430792$ & $0.455383$ & $0.776184$ & $-0.175061$ & $0.298737$ & $-0.594211$ & $-0.101401$ & $-0.619484$ & $-0.268875$ & $-0.60197$ & $0.482218$ & $-0.0544259$ & $0.0392752$ & $-0.480292$ & $0.430841$ & $-0.533149$ \\
CHbox & $-0.0585069$ & $-0.20715$ & $0.149196$ & $0.282028$ & $-0.0136843$ & $-0.415569$ & $0.186224$ & $-0.118142$ & $-0.114824$ & $0.321142$ & $-0.141805$ & $1$ & $-0.796016$ & $0.249012$ & $0.320554$ & $-0.114578$ & $0.501647$ & $0.388505$ & $0.517678$ & $0.136076$ & $0.132561$ & $0.13367$ & $0.253984$ & $0.368522$ & $0.502892$ & $-0.373852$ & $0.0484418$ & $0.186534$ & $-0.126802$ & $-0.231767$ & $-0.346699$ & $0.147343$ & $-0.407168$ & $-0.235247$ & $-0.255591$ & $-0.289058$ & $0.0695001$ & $-0.244876$ & $0.260662$ & $-0.111257$ & $-0.0136909$ & $-0.0831357$ & $0.0730609$ & $0.181446$ & $-0.0368775$ & $-0.26232$ & $0.243414$ & $-0.112128$ & $0.0845622$ \\
CH & $-0.213295$ & $0.187982$ & $-0.274042$ & $-0.10189$ & $0.0340603$ & $0.359201$ & $-0.633204$ & $-0.269032$ & $-0.242588$ & $0.191542$ & $0.486733$ & $-0.796016$ & $1$ & $-0.590309$ & $-0.209735$ & $-0.0177554$ & $-0.47511$ & $-0.605873$ & $-0.491281$ & $-0.462958$ & $-0.489355$ & $-0.485243$ & $0.162613$ & $-0.340103$ & $-0.390611$ & $0.35088$ & $0.0286619$ & $-0.560366$ & $0.408276$ & $0.62127$ & $0.422438$ & $-0.568699$ & $0.692967$ & $-0.0782337$ & $0.269358$ & $0.561569$ & $-0.153617$ & $0.32775$ & $-0.351189$ & $0.0318578$ & $-0.207329$ & $-0.00346527$ & $-0.129444$ & $0.0682691$ & $0.0447732$ & $0.316959$ & $-0.34775$ & $0.27524$ & $-0.312662$ \\
CHL1_11 & $0.187368$ & $-0.0381619$ & $0.190502$ & $-0.0651525$ & $-0.00291336$ & $-0.184634$ & $0.757608$ & $0.538148$ & $0.513584$ & $-0.253935$ & $-0.789272$ & $0.249012$ & $-0.590309$ & $1$ & $0.410987$ & $0.314317$ & $0.481944$ & $0.737908$ & $0.476896$ & $0.780743$ & $0.77568$ & $0.779632$ & $-0.241945$ & $0.499231$ & $0.338202$ & $-0.508519$ & $-0.442929$ & $0.497776$ & $-0.655882$ & $-0.557934$ & $-0.258929$ & $0.726294$ & $-0.60299$ & $0.0385078$ & $-0.198564$ & $-0.756207$ & $-0.144587$ & $-0.363144$ & $0.347849$ & $-0.0208467$ & $0.367746$ & $0.16653$ & $0.244259$ & $-0.0593841$ & $-0.108185$ & $-0.456123$ & $0.352592$ & $-0.126374$ & $0.330882$ \\
CHL1_22 & $-0.06524$ & $-0.0283168$ & $-0.118968$ & $-0.0943107$ & $-0.00699141$ & $-0.506991$ & $0.128804$ & $0.0992905$ & $0.118565$ & $0.401293$ & $-0.420406$ & $0.320554$ & $-0.209735$ & $0.410987$ & $1$ & $0.324362$ & $0.658815$ & $0.210351$ & $0.448737$ & $0.459426$ & $0.368164$ & $0.372896$ & $0.181819$ & $0.693591$ & $0.504777$ & $-0.419463$ & $-0.342488$ & $0.0719634$ & $-0.0645537$ & $-0.223154$ & $-0.270665$ & $0.0941155$ & $-0.234895$ & $-0.54523$ & $-0.443318$ & $-0.298851$ & $-0.256753$ & $-0.312709$ & $0.427801$ & $-0.150434$ & $0.0820686$ & $0.179142$ & $0.411027$ & $0.0651385$ & $0.0119008$ & $-0.126947$ & $0.374985$ & $-0.248762$ & $0.215007$ \\
CHL1_33 & $0.625085$ & $0.279247$ & $-0.465994$ & $-0.595961$ & $-0.0518904$ & $-0.0399082$ & $0.247935$ & $0.567453$ & $0.572931$ & $-0.213279$ & $-0.562576$ & $-0.114578$ & $-0.0177554$ & $0.314317$ & $0.324362$ & $1$ & $0.121968$ & $0.154953$ & $-0.426607$ & $0.607442$ & $0.512756$ & $0.5525$ & $-0.44763$ & $0.245598$ & $-0.153752$ & $0.146164$ & $-0.283935$ & $0.221565$ & $-0.0938603$ & $-0.284789$ & $0.0584519$ & $0.260709$ & $-0.0413597$ & $0.249489$ & $-0.0714004$ & $-0.233215$ & $-0.0650109$ & $-0.281572$ & $0.305262$ & $-0.221988$ & $0.603949$ & $0.334698$ & $0.617833$ & $-0.574348$ & $0.0391507$ & $0.252451$ & $0.200511$ & $-0.26552$ & $0.210726$ \\
CHL3_11 & $0.141285$ & $-0.264794$ & $0.00435491$ & $0.209405$ & $-0.0222551$ & $-0.842386$ & $0.336067$ & $0.0517527$ & $0.051546$ & $0.473703$ & $-0.501756$ & $0.501647$ & $-0.47511$ & $0.481944$ & $0.658815$ & $0.121968$ & $1$ & $0.756299$ & $0.768637$ & $0.499787$ & $0.47853$ & $0.466149$ & $0.250857$ & $0.700219$ & $0.810647$ & $-0.640368$ & $-0.0122817$ & $0.47205$ & $-0.111$ & $-0.505871$ & $-0.502812$ & $0.247599$ & $-0.633049$ & $-0.210059$ & $-0.619068$ & $-0.580141$ & $0.133929$ & $-0.555386$ & $0.628003$ & $-0.164749$ & $0.183451$ & $0.0896321$ & $0.39104$ & $0.0424758$ & $0.0903131$ & $-0.303519$ & $0.542574$ & $-0.446827$ & $0.269188$ \\
CHL3_22 & $0.283901$ & $-0.31313$ & $0.158993$ & $0.237303$ & $-0.0263034$ & $-0.559629$ & $0.593105$ & $0.21405$ & $0.189188$ & $0.0490695$ & $-0.586814$ & $0.388505$ & $-0.605873$ & $0.737908$ & $0.210351$ & $0.154953$ & $0.756299$ & $1$ & $0.65917$ & $0.571788$ & $0.578289$ & $0.579024$ & $-0.00184549$ & $0.563462$ & $0.665203$ & $-0.53963$ & $-0.0046544$ & $0.634556$ & $-0.37306$ & $-0.605183$ & $-0.43894$ & $0.518484$ & $-0.739476$ & $0.0955617$ & $-0.326802$ & $-0.714945$ & $0.11292$ & $-0.571127$ & $0.450504$ & $-0.14877$ & $0.303333$ & $0.063364$ & $0.208715$ & $-0.00470127$ & $0.00517339$ & $-0.480756$ & $0.421014$ & $-0.290972$ & $0.234156$ \\
CHL3_33 & $-0.292224$ & $-0.445086$ & $0.345162$ & $0.539524$ & $0.0203493$ & $-0.618375$ & $0.263893$ & $-0.235977$ & $-0.244815$ & $0.424843$ & $-0.193113$ & $0.517678$ & $-0.491281$ & $0.476896$ & $0.448737$ & $-0.426607$ & $0.768637$ & $0.65917$ & $1$ & $0.17314$ & $0.194159$ & $0.184813$ & $0.447058$ & $0.581969$ & $0.8354$ & $-0.689637$ & $0.0353746$ & $0.282579$ & $-0.213243$ & $-0.298799$ & $-0.463648$ & $0.191237$ & $-0.580759$ & $-0.436398$ & $-0.377592$ & $-0.465512$ & $-0.0304372$ & $-0.367$ & $0.28985$ & $-0.0427937$ & $-0.200237$ & $-0.0941174$ & $-0.0932725$ & $0.453115$ & $-0.00142814$ & $-0.59123$ & $0.315046$ & $-0.107671$ & $0.0799506$ \\
CHe_11 & $0.495055$ & $0.268689$ & $-0.114087$ & $-0.468152$ & $-0.0249994$ & $-0.246377$ & $0.785802$ & $0.861476$ & $0.846763$ & $-0.296094$ & $-0.993566$ & $0.136076$ & $-0.462958$ & $0.780743$ & $0.459426$ & $0.607442$ & $0.499787$ & $0.571788$ & $0.17314$ & $1$ & $0.984139$ & $0.97455$ & $-0.476699$ & $0.296835$ & $0.0637083$ & $-0.420005$ & $-0.500441$ & $0.588379$ & $-0.554419$ & $-0.635821$ & $-0.14914$ & $0.769058$ & $-0.500656$ & $0.391355$ & $-0.452629$ & $-0.751246$ & $0.134819$ & $-0.304673$ & $0.593025$ & $0.082367$ & $0.620466$ & $0.272417$ & $0.620596$ & $-0.4817$ & $0.044526$ & $-0.0213366$ & $0.482523$ & $-0.429395$ & $0.530508$ \\
CHe_22 & $0.487474$ & $0.289988$ & $-0.0600707$ & $-0.441039$ & $-0.0183935$ & $-0.219671$ & $0.828969$ & $0.886907$ & $0.868789$ & $-0.330487$ & $-0.994655$ & $0.132561$ & $-0.489355$ & $0.77568$ & $0.368164$ & $0.512756$ & $0.47853$ & $0.578289$ & $0.194159$ & $0.984139$ & $1$ & $0.979696$ & $-0.489924$ & $0.207747$ & $0.0236721$ & $-0.452461$ & $-0.487684$ & $0.621227$ & $-0.59851$ & $-0.653631$ & $-0.148123$ & $0.808943$ & $-0.533169$ & $0.479373$ & $-0.465471$ & $-0.781208$ & $0.215668$ & $-0.259345$ & $0.595039$ & $0.142828$ & $0.621599$ & $0.248165$ & $0.590053$ & $-0.485781$ & $0.0396468$ & $-0.0266439$ & $0.485886$ & $-0.428575$ & $0.554279$ \\
CHe_33 & $0.50848$ & $0.255062$ & $-0.0982791$ & $-0.450962$ & $-0.0255999$ & $-0.21111$ & $0.819251$ & $0.871176$ & $0.853505$ & $-0.335704$ & $-0.981759$ & $0.13367$ & $-0.485243$ & $0.779632$ & $0.372896$ & $0.5525$ & $0.466149$ & $0.579024$ & $0.184813$ & $0.97455$ & $0.979696$ & $1$ & $-0.483392$ & $0.229713$ & $0.0295893$ & $-0.42837$ & $-0.471293$ & $0.599705$ & $-0.592809$ & $-0.639199$ & $-0.125278$ & $0.806415$ & $-0.520747$ & $0.455845$ & $-0.411421$ & $-0.772848$ & $0.170779$ & $-0.290254$ & $0.553856$ & $0.094024$ & $0.6153$ & $0.259032$ & $0.574293$ & $-0.481582$ & $0.0575772$ & $-0.0576355$ & $0.449531$ & $-0.395732$ & $0.505155$ \\
CHQ1_11 & $-0.444768$ & $-0.231848$ & $0.0440486$ & $0.61149$ & $0.050009$ & $-0.188118$ & $-0.487193$ & $-0.69766$ & $-0.677462$ & $0.796669$ & $0.480355$ & $0.253984$ & $0.162613$ & $-0.241945$ & $0.181819$ & $-0.44763$ & $0.250857$ & $-0.00184549$ & $0.447058$ & $-0.476699$ & $-0.489924$ & $-0.483392$ & $1$ & $0.248946$ & $0.455601$ & $-0.454807$ & $0.173491$ & $-0.365353$ & $0.254643$ & $0.390015$ & $-0.114726$ & $-0.493047$ & $0.00900572$ & $-0.602218$ & $0.103786$ & $0.0843159$ & $-0.124658$ & $-0.0469874$ & $-0.122635$ & $-0.261928$ & $-0.279667$ & $-0.11948$ & $-0.185234$ & $0.542783$ & $-0.157933$ & $-0.434699$ & $-0.104971$ & $0.420704$ & $-0.438315$ \\
CHQ1_33 & $-0.00591268$ & $-0.367895$ & $0.113641$ & $0.278604$ & $-0.0215947$ & $-0.634942$ & $0.131364$ & $-0.160911$ & $-0.159677$ & $0.349856$ & $-0.262459$ & $0.368522$ & $-0.340103$ & $0.499231$ & $0.693591$ & $0.245598$ & $0.700219$ & $0.563462$ & $0.581969$ & $0.296835$ & $0.207747$ & $0.229713$ & $0.248946$ & $1$ & $0.735176$ & $-0.355609$ & $-0.0422897$ & $0.2628$ & $0.0401317$ & $-0.352209$ & $-0.527337$ & $0.0463407$ & $-0.420271$ & $-0.572148$ & $-0.285422$ & $-0.285988$ & $-0.320829$ & $-0.570152$ & $0.358919$ & $-0.381993$ & $0.0548117$ & $0.0428907$ & $0.234901$ & $0.211533$ & $-0.156198$ & $-0.370696$ & $0.409711$ & $-0.217729$ & $0.130921$ \\
CHQ3_11 & $-0.129418$ & $-0.635507$ & $0.134601$ & $0.54116$ & $-0.0228781$ & $-0.75658$ & $0.05109$ & $-0.421504$ & $-0.425324$ & $0.539658$ & $-0.0578187$ & $0.502892$ & $-0.390611$ & $0.338202$ & $0.504777$ & $-0.153752$ & $0.810647$ & $0.665203$ & $0.8354$ & $0.0637083$ & $0.0236721$ & $0.0295893$ & $0.455601$ & $0.735176$ & $1$ & $-0.458113$ & $0.291369$ & $0.250034$ & $0.0413566$ & $-0.27736$ & $-0.490677$ & $-0.0367077$ & $-0.520351$ & $-0.579474$ & $-0.294048$ & $-0.291698$ & $-0.102458$ & $-0.565149$ & $0.26732$ & $-0.289792$ & $-0.220557$ & $-0.040715$ & $-0.062313$ & $0.405718$ & $0.10393$ & $-0.527251$ & $0.252527$ & $-0.188315$ & $-0.0607995$ \\
CHu_11 & $0.102199$ & $-0.0302605$ & $-0.118087$ & $-0.256187$ & $-0.0700274$ & $0.306549$ & $-0.37918$ & $-0.154202$ & $-0.152915$ & $-0.385211$ & $0.441869$ & $-0.373852$ & $0.35088$ & $-0.508519$ & $-0.419463$ & $0.146164$ & $-0.640368$ & $-0.53963$ & $-0.689637$ & $-0.420005$ & $-0.452461$ & $-0.42837$ & $-0.454807$ & $-0.355609$ & $-0.458113$ & $1$ & $0.311533$ & $-0.208489$ & $0.411836$ & $0.226718$ & $0.237839$ & $-0.359566$ & $0.511011$ & $0.0900366$ & $0.340926$ & $0.659087$ & $-0.0811637$ & $0.22036$ & $-0.385314$ & $-0.00630817$ & $-0.196422$ & $-0.05189$ & $-0.239797$ & $-0.185989$ & $0.101628$ & $0.494324$ & $-0.306158$ & $-0.0375794$ & $-0.111778$ \\
CHd_11 & $0.243561$ & $-0.681398$ & $-0.179823$ & $0.329208$ & $-0.101221$ & $-0.324279$ & $-0.329555$ & $-0.505916$ & $-0.534768$ & $0.129762$ & $0.481451$ & $0.0484418$ & $0.0286619$ & $-0.442929$ & $-0.342488$ & $-0.283935$ & $-0.0122817$ & $-0.0046544$ & $0.0353746$ & $-0.500441$ & $-0.487684$ & $-0.471293$ & $0.173491$ & $-0.0422897$ & $0.291369$ & $0.311533$ & $1$ & $0.0950069$ & $0.401752$ & $-0.0482564$ & $-0.0685775$ & $-0.372016$ & $-0.130276$ & $-0.0794626$ & $0.204961$ & $0.265298$ & $0.266516$ & $-0.332591$ & $-0.181471$ & $-0.325809$ & $-0.36586$ & $-0.0907568$ & $-0.361448$ & $0.00822795$ & $0.398527$ & $-0.105955$ & $-0.274177$ & $-0.133983$ & $-0.420643$ \\
CHd_33 & $0.58461$ & $-0.0209492$ & $0.25186$ & $-0.0363369$ & $-0.0773948$ & $-0.506259$ & $0.689211$ & $0.462768$ & $0.444353$ & $-0.291688$ & $-0.611814$ & $0.186534$ & $-0.560366$ & $0.497776$ & $0.0719634$ & $0.221565$ & $0.47205$ & $0.634556$ & $0.282579$ & $0.588379$ & $0.621227$ & $0.599705$ & $-0.365353$ & $0.2628$ & $0.250034$ & $-0.208489$ & $0.0950069$ & $1$ & $-0.2396$ & $-0.854961$ & $-0.568334$ & $0.55607$ & $-0.739165$ & $0.401861$ & $-0.512668$ & $-0.618725$ & $0.553678$ & $-0.365301$ & $0.677266$ & $-0.0154672$ & $0.54486$ & $0.0320533$ & $0.468178$ & $-0.505825$ & $-0.106316$ & $-0.00103865$ & $0.653114$ & $-0.617828$ & $0.608549$ \\
CeH_22r & $-0.114436$ & $-0.125465$ & $-0.0598935$ & $0.200969$ & $-0.0571366$ & $-0.213431$ & $-0.632714$ & $-0.552547$ & $-0.520001$ & $0.335156$ & $0.579616$ & $-0.126802$ & $0.408276$ & $-0.655882$ & $-0.0645537$ & $-0.0938603$ & $-0.111$ & $-0.37306$ & $-0.213243$ & $-0.554419$ & $-0.59851$ & $-0.592809$ & $0.254643$ & $0.0401317$ & $0.0413566$ & $0.411836$ & $0.401752$ & $-0.2396$ & $1$ & $0.302005$ & $-0.100806$ & $-0.664528$ & $0.398024$ & $-0.27922$ & $-0.031191$ & $0.65673$ & $-0.0434059$ & $0.0291332$ & $-0.0450819$ & $-0.246192$ & $-0.254477$ & $-0.203948$ & $-0.0222212$ & $0.0665914$ & $-0.0878572$ & $0.36193$ & $0.014983$ & $-0.180387$ & $-0.0988123$ \\
CeH_33r & $-0.608861$ & $0.0386098$ & $-0.186431$ & $0.107938$ & $0.0840754$ & $0.520405$ & $-0.742004$ & $-0.482168$ & $-0.460401$ & $0.306669$ & $0.654027$ & $-0.231767$ & $0.62127$ & $-0.557934$ & $-0.223154$ & $-0.284789$ & $-0.505871$ & $-0.605183$ & $-0.298799$ & $-0.635821$ & $-0.653631$ & $-0.639199$ & $0.390015$ & $-0.352209$ & $-0.27736$ & $0.226718$ & $-0.0482564$ & $-0.854961$ & $0.302005$ & $1$ & $0.566087$ & $-0.61456$ & $0.799496$ & $-0.298936$ & $0.481813$ & $0.643389$ & $-0.445548$ & $0.447588$ & $-0.657905$ & $0.125545$ & $-0.515271$ & $-0.133602$ & $-0.496204$ & $0.47823$ & $0.0726216$ & $0.0325575$ & $-0.605$ & $0.645614$ & $-0.57983$ \\
CuH_22r & $-0.0698283$ & $0.0566983$ & $-0.536055$ & $-0.340172$ & $0.0404336$ & $0.582674$ & $-0.294487$ & $0.11292$ & $0.0962437$ & $-0.167747$ & $0.151002$ & $-0.346699$ & $0.422438$ & $-0.258929$ & $-0.270665$ & $0.0584519$ & $-0.502812$ & $-0.43894$ & $-0.463648$ & $-0.14914$ & $-0.148123$ & $-0.125278$ & $-0.114726$ & $-0.527337$ & $-0.490677$ & $0.237839$ & $-0.0685775$ & $-0.568334$ & $-0.100806$ & $0.566087$ & $1$ & $-0.110645$ & $0.564865$ & $0.186158$ & $0.540915$ & $0.245655$ & $-0.271604$ & $0.223944$ & $-0.589636$ & $0.129892$ & $-0.224066$ & $0.190851$ & $-0.358191$ & $0.0512189$ & $0.460931$ & $0.0148192$ & $-0.708082$ & $0.464478$ & $-0.557546$ \\
CuH_33r & $0.374172$ & $0.147454$ & $0.0936141$ & $-0.332093$ & $0.00712578$ & $-0.0331282$ & $0.957804$ & $0.750401$ & $0.722464$ & $-0.503655$ & $-0.792453$ & $0.147343$ & $-0.568699$ & $0.726294$ & $0.0941155$ & $0.260709$ & $0.247599$ & $0.518484$ & $0.191237$ & $0.769058$ & $0.808943$ & $0.806415$ & $-0.493047$ & $0.0463407$ & $-0.0367077$ & $-0.359566$ & $-0.372016$ & $0.55607$ & $-0.664528$ & $-0.61456$ & $-0.110645$ & $1$ & $-0.549$ & $0.474877$ & $-0.24335$ & $-0.696699$ & $0.162686$ & $-0.150249$ & $0.337021$ & $0.115346$ & $0.436647$ & $0.217316$ & $0.285281$ & $-0.31968$ & $0.0287137$ & $-0.185623$ & $0.278669$ & $-0.232202$ & $0.415611$ \\
CdH_33r & $-0.418985$ & $0.233117$ & $-0.2149$ & $-0.190808$ & $0.0521968$ & $0.527852$ & $-0.676013$ & $-0.25071$ & $-0.21765$ & $0.0375652$ & $0.531115$ & $-0.407168$ & $0.692967$ & $-0.60299$ & $-0.234895$ & $-0.0413597$ & $-0.633049$ & $-0.739476$ & $-0.580759$ & $-0.500656$ & $-0.533169$ & $-0.520747$ & $0.00900572$ & $-0.420271$ & $-0.520351$ & $0.511011$ & $-0.130276$ & $-0.739165$ & $0.398024$ & $0.799496$ & $0.564865$ & $-0.549$ & $1$ & $-0.108117$ & $0.309299$ & $0.782226$ & $-0.389313$ & $0.49577$ & $-0.496347$ & $0.208973$ & $-0.368844$ & $-0.119473$ & $-0.270877$ & $0.202622$ & $0.0522416$ & $0.436129$ & $-0.430508$ & $0.317682$ & $-0.278036$ \\
CLL_1221 & $0.574357$ & $0.428434$ & $-0.125583$ & $-0.449513$ & $-0.0240699$ & $0.239989$ & $0.45556$ & $0.703092$ & $0.681696$ & $-0.551508$ & $-0.430792$ & $-0.235247$ & $-0.0782337$ & $0.0385078$ & $-0.54523$ & $0.249489$ & $-0.210059$ & $0.0955617$ & $-0.436398$ & $0.391355$ & $0.479373$ & $0.455845$ & $-0.602218$ & $-0.572148$ & $-0.579474$ & $0.0900366$ & $-0.0794626$ & $0.401861$ & $-0.27922$ & $-0.298936$ & $0.186158$ & $0.474877$ & $-0.108117$ & $1$ & $-0.0963084$ & $-0.280189$ & $0.551027$ & $0.131025$ & $0.200647$ & $0.267815$ & $0.527996$ & $0.0897895$ & $0.301425$ & $-0.640849$ & $0.0886194$ & $0.352839$ & $0.10069$ & $-0.257239$ & $0.31386$ \\
eHggint & $-0.0763546$ & $-0.24294$ & $-0.233664$ & $0.0758767$ & $0.00322273$ & $0.654299$ & $-0.347096$ & $-0.262866$ & $-0.296436$ & $-0.242969$ & $0.455383$ & $-0.255591$ & $0.269358$ & $-0.198564$ & $-0.443318$ & $-0.0714004$ & $-0.619068$ & $-0.326802$ & $-0.377592$ & $-0.452629$ & $-0.465471$ & $-0.411421$ & $0.103786$ & $-0.285422$ & $-0.294048$ & $0.340926$ & $0.204961$ & $-0.512668$ & $-0.031191$ & $0.481813$ & $0.540915$ & $-0.24335$ & $0.309299$ & $-0.0963084$ & $1$ & $0.27573$ & $-0.444302$ & $0.0904486$ & $-0.872603$ & $-0.245851$ & $-0.235005$ & $0.136911$ & $-0.624378$ & $0.197635$ & $0.107898$ & $-0.411506$ & $-0.833899$ & $0.775728$ & $-0.797006$ \\
eHggpar & $-0.434196$ & $-0.0933125$ & $-0.0101377$ & $0.076317$ & $0.0140424$ & $0.299535$ & $-0.73724$ & $-0.558565$ & $-0.5341$ & $0.0728154$ & $0.776184$ & $-0.289058$ & $0.561569$ & $-0.756207$ & $-0.298851$ & $-0.233215$ & $-0.580141$ & $-0.714945$ & $-0.465512$ & $-0.751246$ & $-0.781208$ & $-0.772848$ & $0.0843159$ & $-0.285988$ & $-0.291698$ & $0.659087$ & $0.265298$ & $-0.618725$ & $0.65673$ & $0.643389$ & $0.245655$ & $-0.696699$ & $0.782226$ & $-0.280189$ & $0.27573$ & $1$ & $-0.322881$ & $0.367554$ & $-0.488372$ & $0.0408832$ & $-0.570855$ & $-0.237258$ & $-0.422081$ & $0.328673$ & $0.00260279$ & $0.417098$ & $-0.390102$ & $0.16089$ & $-0.265448$ \\
eHWWint & $0.486568$ & $0.298871$ & $0.0862429$ & $-0.00517188$ & $-0.0467221$ & $-0.271914$ & $0.248966$ & $0.243659$ & $0.248122$ & $0.0116308$ & $-0.175061$ & $0.0695001$ & $-0.153617$ & $-0.144587$ & $-0.256753$ & $-0.0650109$ & $0.133929$ & $0.11292$ & $-0.0304372$ & $0.134819$ & $0.215668$ & $0.170779$ & $-0.124658$ & $-0.320829$ & $-0.102458$ & $-0.0811637$ & $0.266516$ & $0.553678$ & $-0.0434059$ & $-0.445548$ & $-0.271604$ & $0.162686$ & $-0.389313$ & $0.551027$ & $-0.444302$ & $-0.322881$ & $1$ & $0.0806035$ & $0.54219$ & $0.170152$ & $0.430403$ & $-0.0779079$ & $0.428226$ & $-0.57497$ & $-0.0538965$ & $0.359005$ & $0.428317$ & $-0.448296$ & $0.401197$ \\
eHWWpar & $-0.404913$ & $0.514067$ & $0.252581$ & $-0.0686763$ & $0.0606958$ & $0.528848$ & $-0.201859$ & $-0.0148505$ & $0.0136578$ & $-0.128808$ & $0.298737$ & $-0.244876$ & $0.32775$ & $-0.363144$ & $-0.312709$ & $-0.281572$ & $-0.555386$ & $-0.571127$ & $-0.367$ & $-0.304673$ & $-0.259345$ & $-0.290254$ & $-0.0469874$ & $-0.570152$ & $-0.565149$ & $0.22036$ & $-0.332591$ & $-0.365301$ & $0.0291332$ & $0.447588$ & $0.223944$ & $-0.150249$ & $0.49577$ & $0.131025$ & $0.0904486$ & $0.367554$ & $0.0806035$ & $1$ & $-0.229295$ & $0.445985$ & $-0.104098$ & $-0.138403$ & $-0.159297$ & $0.0791834$ & $-0.29141$ & $0.355964$ & $-0.140763$ & $0.296288$ & $0.0854508$ \\
eHZZint & $0.3845$ & $0.321208$ & $0.150749$ & $-0.119321$ & $-0.0449574$ & $-0.639263$ & $0.460231$ & $0.396439$ & $0.422368$ & $0.1701$ & $-0.594211$ & $0.260662$ & $-0.351189$ & $0.347849$ & $0.427801$ & $0.305262$ & $0.628003$ & $0.450504$ & $0.28985$ & $0.593025$ & $0.595039$ & $0.553856$ & $-0.122635$ & $0.358919$ & $0.26732$ & $-0.385314$ & $-0.181471$ & $0.677266$ & $-0.0450819$ & $-0.657905$ & $-0.589636$ & $0.337021$ & $-0.496347$ & $0.200647$ & $-0.872603$ & $-0.488372$ & $0.54219$ & $-0.229295$ & $1$ & $0.0200806$ & $0.556423$ & $-0.0399959$ & $0.829665$ & $-0.423701$ & $-0.240107$ & $0.325946$ & $0.90632$ & $-0.751762$ & $0.785593$ \\
eHZZpar & $-0.300094$ & $0.311018$ & $0.232018$ & $-0.0888599$ & $0.0939834$ & $0.220157$ & $0.0938355$ & $0.24136$ & $0.240483$ & $-0.227372$ & $-0.101401$ & $-0.111257$ & $0.0318578$ & $-0.0208467$ & $-0.150434$ & $-0.221988$ & $-0.164749$ & $-0.14877$ & $-0.0427937$ & $0.082367$ & $0.142828$ & $0.094024$ & $-0.261928$ & $-0.381993$ & $-0.289792$ & $-0.00630817$ & $-0.325809$ & $-0.0154672$ & $-0.246192$ & $0.125545$ & $0.129892$ & $0.115346$ & $0.208973$ & $0.267815$ & $-0.245851$ & $0.0408832$ & $0.170152$ & $0.445985$ & $0.0200806$ & $1$ & $-0.120175$ & $-0.163212$ & $-0.105282$ & $0.0233314$ & $0.0308578$ & $0.292046$ & $0.0485424$ & $-0.0326494$ & $0.276932$ \\
eHZgaint & $0.659924$ & $0.609008$ & $-0.0539076$ & $-0.332468$ & $-0.0357215$ & $-0.0313096$ & $0.493506$ & $0.636817$ & $0.648628$ & $-0.205617$ & $-0.619484$ & $-0.0136909$ & $-0.207329$ & $0.367746$ & $0.0820686$ & $0.603949$ & $0.183451$ & $0.303333$ & $-0.200237$ & $0.620466$ & $0.621599$ & $0.6153$ & $-0.279667$ & $0.0548117$ & $-0.220557$ & $-0.196422$ & $-0.36586$ & $0.54486$ & $-0.254477$ & $-0.515271$ & $-0.224066$ & $0.436647$ & $-0.368844$ & $0.527996$ & $-0.235005$ & $-0.570855$ & $0.430403$ & $-0.104098$ & $0.556423$ & $-0.120175$ & $1$ & $0.21739$ & $0.788171$ & $-0.718073$ & $-0.381653$ & $0.174644$ & $0.517001$ & $-0.264233$ & $0.480298$ \\
eHZgapar & $0.328005$ & $-0.018347$ & $-0.423059$ & $-0.295189$ & $-0.0582393$ & $0.0136043$ & $0.16745$ & $0.261738$ & $0.249237$ & $-0.0843647$ & $-0.268875$ & $-0.0831357$ & $-0.00346527$ & $0.16653$ & $0.179142$ & $0.334698$ & $0.0896321$ & $0.063364$ & $-0.0941174$ & $0.272417$ & $0.248165$ & $0.259032$ & $-0.11948$ & $0.0428907$ & $-0.040715$ & $-0.05189$ & $-0.0907568$ & $0.0320533$ & $-0.203948$ & $-0.133602$ & $0.190851$ & $0.217316$ & $-0.119473$ & $0.0897895$ & $0.136911$ & $-0.237258$ & $-0.0779079$ & $-0.138403$ & $-0.0399959$ & $-0.163212$ & $0.21739$ & $1$ & $0.13055$ & $-0.201765$ & $0.275176$ & $-0.131596$ & $-0.191565$ & $0.0630946$ & $-0.16691$ \\
eHgagaint & $0.550738$ & $0.594314$ & $-0.150784$ & $-0.41801$ & $-0.0502514$ & $-0.357074$ & $0.35722$ & $0.536947$ & $0.574136$ & $0.0908702$ & $-0.60197$ & $0.0730609$ & $-0.129444$ & $0.244259$ & $0.411027$ & $0.617833$ & $0.39104$ & $0.208715$ & $-0.0932725$ & $0.620596$ & $0.590053$ & $0.574293$ & $-0.185234$ & $0.234901$ & $-0.062313$ & $-0.239797$ & $-0.361448$ & $0.468178$ & $-0.0222212$ & $-0.496204$ & $-0.358191$ & $0.285281$ & $-0.270877$ & $0.301425$ & $-0.624378$ & $-0.422081$ & $0.428226$ & $-0.159297$ & $0.829665$ & $-0.105282$ & $0.788171$ & $0.13055$ & $1$ & $-0.657774$ & $-0.271338$ & $0.455236$ & $0.73437$ & $-0.569093$ & $0.647994$ \\
eHmumuint & $-0.836189$ & $-0.43844$ & $0.326284$ & $0.595122$ & $0.0814647$ & $0.05173$ & $-0.349579$ & $-0.648732$ & $-0.642066$ & $0.400341$ & $0.482218$ & $0.181446$ & $0.0682691$ & $-0.0593841$ & $0.0651385$ & $-0.574348$ & $0.0424758$ & $-0.00470127$ & $0.453115$ & $-0.4817$ & $-0.485781$ & $-0.481582$ & $0.542783$ & $0.211533$ & $0.405718$ & $-0.185989$ & $0.00822795$ & $-0.505825$ & $0.0665914$ & $0.47823$ & $0.0512189$ & $-0.31968$ & $0.202622$ & $-0.640849$ & $0.197635$ & $0.328673$ & $-0.57497$ & $0.0791834$ & $-0.423701$ & $0.0233314$ & $-0.718073$ & $-0.201765$ & $-0.657774$ & $1$ & $-0.0297127$ & $-0.458435$ & $-0.321941$ & $0.470434$ & $-0.369562$ \\
eHtautauint & $0.227628$ & $-0.497807$ & $-0.703067$ & $-0.343159$ & $-0.0483996$ & $-0.153344$ & $-0.0723513$ & $0.0610691$ & $0.0228927$ & $-0.0367228$ & $-0.0544259$ & $-0.0368775$ & $0.0447732$ & $-0.108185$ & $0.0119008$ & $0.0391507$ & $0.0903131$ & $0.00517339$ & $-0.00142814$ & $0.044526$ & $0.0396468$ & $0.0575772$ & $-0.157933$ & $-0.156198$ & $0.10393$ & $0.101628$ & $0.398527$ & $-0.106316$ & $-0.0878572$ & $0.0726216$ & $0.460931$ & $0.0287137$ & $0.0522416$ & $0.0886194$ & $0.107898$ & $0.00260279$ & $-0.0538965$ & $-0.29141$ & $-0.240107$ & $0.0308578$ & $-0.381653$ & $0.275176$ & $-0.271338$ & $-0.0297127$ & $1$ & $-0.0592044$ & $-0.506166$ & $-0.116829$ & $-0.459082$ \\
eHccint & $0.18401$ & $0.553223$ & $-0.102701$ & $-0.482557$ & $-0.019901$ & $0.0527136$ & $-0.168668$ & $0.218872$ & $0.262882$ & $-0.127008$ & $0.0392752$ & $-0.26232$ & $0.316959$ & $-0.456123$ & $-0.126947$ & $0.252451$ & $-0.303519$ & $-0.480756$ & $-0.59123$ & $-0.0213366$ & $-0.0266439$ & $-0.0576355$ & $-0.434699$ & $-0.370696$ & $-0.527251$ & $0.494324$ & $-0.105955$ & $-0.00103865$ & $0.36193$ & $0.0325575$ & $0.0148192$ & $-0.185623$ & $0.436129$ & $0.352839$ & $-0.411506$ & $0.417098$ & $0.359005$ & $0.355964$ & $0.325946$ & $0.292046$ & $0.174644$ & $-0.131596$ & $0.455236$ & $-0.458435$ & $-0.0592044$ & $1$ & $0.304341$ & $-0.506907$ & $0.494484$ \\
eHccpar & $0.200713$ & $0.3499$ & $0.434138$ & $0.0277628$ & $-0.00843505$ & $-0.552469$ & $0.425719$ & $0.283769$ & $0.318049$ & $0.122422$ & $-0.480292$ & $0.243414$ & $-0.34775$ & $0.352592$ & $0.374985$ & $0.200511$ & $0.542574$ & $0.421014$ & $0.315046$ & $0.482523$ & $0.485886$ & $0.449531$ & $-0.104971$ & $0.409711$ & $0.252527$ & $-0.306158$ & $-0.274177$ & $0.653114$ & $0.014983$ & $-0.605$ & $-0.708082$ & $0.278669$ & $-0.430508$ & $0.10069$ & $-0.833899$ & $-0.390102$ & $0.428317$ & $-0.140763$ & $0.90632$ & $0.0485424$ & $0.517001$ & $-0.191565$ & $0.73437$ & $-0.321941$ & $-0.506166$ & $0.304341$ & $1$ & $-0.673657$ & $0.870788$ \\
eHbbint & $-0.460053$ & $-0.0302126$ & $-0.0213737$ & $0.284002$ & $0.094334$ & $0.653645$ & $-0.34022$ & $-0.327666$ & $-0.334453$ & $0.0831213$ & $0.430841$ & $-0.112128$ & $0.27524$ & $-0.126374$ & $-0.248762$ & $-0.26552$ & $-0.446827$ & $-0.290972$ & $-0.107671$ & $-0.429395$ & $-0.428575$ & $-0.395732$ & $0.420704$ & $-0.217729$ & $-0.188315$ & $-0.0375794$ & $-0.133983$ & $-0.617828$ & $-0.180387$ & $0.645614$ & $0.464478$ & $-0.232202$ & $0.317682$ & $-0.257239$ & $0.775728$ & $0.16089$ & $-0.448296$ & $0.296288$ & $-0.751762$ & $-0.0326494$ & $-0.264233$ & $0.0630946$ & $-0.569093$ & $0.470434$ & $-0.116829$ & $-0.506907$ & $-0.673657$ & $1$ & $-0.693165$ \\
eHbbpar & $0.153392$ & $0.505901$ & $0.49613$ & $-0.198664$ & $-0.000129906$ & $-0.287737$ & $0.537806$ & $0.49894$ & $0.529996$ & $-0.205962$ & $-0.533149$ & $0.0845622$ & $-0.312662$ & $0.330882$ & $0.215007$ & $0.210726$ & $0.269188$ & $0.234156$ & $0.0799506$ & $0.530508$ & $0.554279$ & $0.505155$ & $-0.438315$ & $0.130921$ & $-0.0607995$ & $-0.111778$ & $-0.420643$ & $0.608549$ & $-0.0988123$ & $-0.57983$ & $-0.557546$ & $0.415611$ & $-0.278036$ & $0.31386$ & $-0.797006$ & $-0.265448$ & $0.401197$ & $0.0854508$ & $0.785593$ & $0.276932$ & $0.480298$ & $-0.16691$ & $0.647994$ & $-0.369562$ & $-0.459082$ & $0.494484$ & $0.870788$ & $-0.693165$ & $1$ \\
