 & AlsMz & dAle5Mz & mtop & mHl & Mz & CW & CHG & CHWB & CHWHB_gaga & CHWHB_gagaorth & CHD & CHbox & CH & CHL1_11 & CHL1_22 & CHL1_33 & CHL3_11 & CHL3_22 & CHL3_33 & CHe_11 & CHe_22 & CHe_33 & CHQ1_11 & CHQ1_33 & CHQ3_11 & CHu_11 & CHd_11 & CHd_33 & CeH_22r & CeH_33r & CuH_22r & CuH_33r & CdH_33r & CLL_1221 & eHggint & eHggpar & eHWWint & eHWWpar & eHZZint & eHZZpar & eHZgaint & eHZgapar & eHgagaint & eHmumuint & eHtautauint & eHccint & eHccpar & eHbbint & eHbbpar \\
AlsMz & $1$ & $-0.156885$ & $-0.19783$ & $-0.0309748$ & $0.00094851$ & $-0.00681993$ & $0.0604215$ & $-0.0060411$ & $-0.0130981$ & $0.00709762$ & $-0.00513681$ & $-0.03474$ & $-0.0449816$ & $0.00910267$ & $0.00380842$ & $-0.000426664$ & $0.0173331$ & $0.0121838$ & $0.0156459$ & $-0.00119749$ & $-0.00280732$ & $-0.00249644$ & $-0.00653217$ & $-0.00908915$ & $-0.0358232$ & $-0.0113518$ & $-0.0159646$ & $0.0152136$ & $-0.00388517$ & $-0.0210061$ & $-0.0329715$ & $0.0506615$ & $-0.114032$ & $-0.0128507$ & $-0.077098$ & $-0.204599$ & $0.230497$ & $0.0124267$ & $0.262588$ & $0.0403252$ & $-0.180121$ & $-0.0206497$ & $-0.304183$ & $-0.207828$ & $-0.0288961$ & $-0.167035$ & $-0.109789$ & $0.0522466$ & $-0.354855$ \\
dAle5Mz & $-0.156885$ & $1$ & $-0.237276$ & $0.259951$ & $-0.00234023$ & $0.00923062$ & $-0.00960501$ & $-0.0599703$ & $-0.0683721$ & $0.0371792$ & $0.0540068$ & $0.056056$ & $0.0251904$ & $-0.0247829$ & $-0.00766671$ & $-0.00861575$ & $-0.00159289$ & $-0.000121655$ & $0.00169057$ & $-0.0384463$ & $-0.0409209$ & $-0.0407864$ & $0.00384093$ & $0.0222439$ & $0.00850345$ & $0.0214855$ & $-0.0173173$ & $-0.00451336$ & $0.00192755$ & $-0.0225472$ & $-0.0530998$ & $-7.36907e-05$ & $0.000626973$ & $-0.00702904$ & $0.18642$ & $0.142955$ & $0.129836$ & $-0.0153614$ & $-0.196268$ & $-0.00740298$ & $0.369967$ & $0.0699265$ & $-0.201994$ & $0.0339634$ & $-0.335529$ & $-0.103197$ & $-0.223518$ & $-0.107827$ & $0.105236$ \\
mtop & $-0.19783$ & $-0.237276$ & $1$ & $-0.0427431$ & $-0.0167385$ & $-0.00444242$ & $-0.0370329$ & $0.0160078$ & $0.0145985$ & $-0.0126756$ & $-0.0104024$ & $0.00160864$ & $0.015861$ & $0.00946832$ & $0.000790795$ & $0.00437374$ & $-0.00556578$ & $0.000326454$ & $-0.00197181$ & $0.0116574$ & $0.0110857$ & $0.00992119$ & $-0.00714085$ & $0.000877176$ & $0.00408695$ & $-0.000738015$ & $-3.57218e-05$ & $-0.00199501$ & $-0.00856045$ & $-0.00403517$ & $0.00744747$ & $-0.0368307$ & $0.0238458$ & $0.00166532$ & $-0.00693788$ & $0.156208$ & $0.0226133$ & $-0.0202297$ & $-0.0455558$ & $-0.014202$ & $0.123635$ & $0.0107791$ & $0.00178314$ & $0.0108079$ & $-0.012876$ & $0.256223$ & $0.00782315$ & $0.379104$ & $-0.00494751$ \\
mHl & $-0.0309748$ & $0.259951$ & $-0.0427431$ & $1$ & $-0.000536765$ & $0.0140791$ & $0.0188646$ & $-0.0190716$ & $-0.0191674$ & $0.00711442$ & $0.016755$ & $0.00344915$ & $-0.00438257$ & $-0.00239669$ & $-0.0119369$ & $-0.00833526$ & $0.000452719$ & $0.00827147$ & $0.00566317$ & $-0.014101$ & $-0.0128039$ & $-0.0115657$ & $0.00540961$ & $0.00594613$ & $0.00455395$ & $0.00282922$ & $-0.00398341$ & $-0.00109634$ & $-0.00155003$ & $0.024972$ & $0.06258$ & $0.0303161$ & $0.0305065$ & $0.00307563$ & $0.2008$ & $-0.212296$ & $-0.242948$ & $-0.0650245$ & $-0.237678$ & $-0.0624023$ & $-0.118252$ & $-0.110856$ & $-0.0475532$ & $0.211229$ & $-0.0979952$ & $-0.0334701$ & $0.264852$ & $0.275104$ & $-0.112017$ \\
Mz & $0.00094851$ & $-0.00234023$ & $-0.0167385$ & $-0.000536765$ & $1$ & $0.00567661$ & $-0.00080647$ & $-0.0016306$ & $-0.00347884$ & $-0.00324162$ & $0.00657252$ & $-0.00833788$ & $-0.00720039$ & $0.00715824$ & $0.00590065$ & $-9.38653e-05$ & $0.00451858$ & $-0.00054548$ & $0.0041071$ & $0.00051047$ & $0.00125022$ & $0.000806133$ & $0.00149264$ & $0.00363835$ & $0.00220688$ & $-0.00319281$ & $-0.00265277$ & $0.00557326$ & $-0.00846396$ & $-0.00453177$ & $-0.00471293$ & $0.000110259$ & $-0.00140048$ & $-0.00857032$ & $-0.00223813$ & $-0.00209866$ & $-0.00936222$ & $-0.0072019$ & $0.0158965$ & $0.00732619$ & $-0.00874378$ & $-0.00808818$ & $-0.0180617$ & $-0.0300353$ & $0.0062113$ & $-0.00206807$ & $-0.000716284$ & $-0.00648698$ & $-0.00177585$ \\
CW & $-0.00681993$ & $0.00923062$ & $-0.00444242$ & $0.0140791$ & $0.00567661$ & $1$ & $0.00667135$ & $-0.115458$ & $-0.11188$ & $0.00396028$ & $0.176639$ & $0.0352132$ & $0.00454468$ & $0.0214282$ & $-0.0822245$ & $-0.0812631$ & $-0.262767$ & $-0.0502915$ & $-0.051838$ & $-0.174996$ & $-0.178479$ & $-0.176291$ & $-0.00959297$ & $-0.00296242$ & $-0.0889437$ & $0.102804$ & $-0.0682449$ & $-0.0596003$ & $0.00299761$ & $0.000536826$ & $0.00171073$ & $0.0114623$ & $0.0051085$ & $-0.111601$ & $0.00553269$ & $-0.00301745$ & $0.000710641$ & $-0.00411737$ & $-0.0055796$ & $0.0137482$ & $0.0009613$ & $0.0113014$ & $0.00766927$ & $0.00919999$ & $-0.00795784$ & $0.00327993$ & $0.00457228$ & $-0.00501091$ & $0.00661163$ \\
CHG & $0.0604215$ & $-0.00960501$ & $-0.0370329$ & $0.0188646$ & $-0.00080647$ & $0.00667135$ & $1$ & $-0.109938$ & $-0.060773$ & $0.0744261$ & $0.0678034$ & $-0.208354$ & $-0.289191$ & $0.049229$ & $-0.0285954$ & $-0.0356983$ & $0.0860756$ & $0.0981071$ & $0.10574$ & $-0.0676716$ & $-0.070551$ & $-0.0675751$ & $-0.0125758$ & $0.10764$ & $0.0963144$ & $0.0472537$ & $-0.0356444$ & $-0.0161473$ & $0.00253058$ & $-0.139426$ & $-0.0933175$ & $0.936017$ & $-0.173351$ & $-0.0650811$ & $0.0296807$ & $-0.0252244$ & $0.0453642$ & $0.0118478$ & $0.0392845$ & $-0.016944$ & $0.00071959$ & $-0.0265557$ & $-0.0067517$ & $-0.0518497$ & $-0.051702$ & $-0.00104999$ & $-0.0424199$ & $0.0264432$ & $0.037971$ \\
CHWB & $-0.0060411$ & $-0.0599703$ & $0.0160078$ & $-0.0190716$ & $-0.0016306$ & $-0.115458$ & $-0.109938$ & $1$ & $0.98625$ & $-0.583851$ & $-0.88011$ & $0.0424619$ & $0.344449$ & $0.0940796$ & $0.298005$ & $0.288148$ & $-0.247146$ & $-0.440863$ & $-0.43778$ & $0.851356$ & $0.897923$ & $0.881129$ & $0.0727782$ & $-0.67909$ & $-0.409789$ & $-0.512607$ & $0.422624$ & $0.301307$ & $0.0116073$ & $0.114411$ & $0.0598977$ & $-0.104256$ & $0.128656$ & $0.564168$ & $-0.0159075$ & $-0.00581767$ & $-0.0325839$ & $0.0135592$ & $-0.00874519$ & $-0.0128726$ & $-0.0256283$ & $-0.0019355$ & $0.0247726$ & $0.0280529$ & $0.0396842$ & $0.00131335$ & $0.0131763$ & $0.00661819$ & $-0.00759387$ \\
CHWHB_gaga & $-0.0130981$ & $-0.0683721$ & $0.0145985$ & $-0.0191674$ & $-0.00347884$ & $-0.11188$ & $-0.060773$ & $0.98625$ & $1$ & $-0.573858$ & $-0.864778$ & $0.058712$ & $0.342011$ & $0.0865436$ & $0.294386$ & $0.28386$ & $-0.250748$ & $-0.440895$ & $-0.437308$ & $0.836633$ & $0.882094$ & $0.865802$ & $0.070972$ & $-0.672988$ & $-0.409272$ & $-0.502846$ & $0.416034$ & $0.296601$ & $0.0181719$ & $0.13446$ & $0.0705178$ & $-0.0632158$ & $0.153767$ & $0.555286$ & $-0.0232266$ & $-0.0129234$ & $-0.0375779$ & $0.0107573$ & $-0.014239$ & $-0.0137036$ & $-0.031386$ & $-0.00559228$ & $0.0541139$ & $0.0299841$ & $0.0399803$ & $-0.000803541$ & $0.0152247$ & $0.0147923$ & $-0.00114572$ \\
CHWHB_gagaorth & $0.00709762$ & $0.0371792$ & $-0.0126756$ & $0.00711442$ & $-0.00324162$ & $0.00396028$ & $0.0744261$ & $-0.583851$ & $-0.573858$ & $1$ & $0.373073$ & $0.268433$ & $-0.246832$ & $0.219034$ & $-0.133193$ & $-0.122942$ & $0.431516$ & $0.490312$ & $0.485895$ & $-0.359024$ & $-0.389358$ & $-0.383289$ & $-0.0534276$ & $0.560668$ & $0.478383$ & $0.225771$ & $-0.240493$ & $-0.135041$ & $-0.00710172$ & $-0.13119$ & $-0.0731353$ & $0.0846678$ & $-0.153833$ & $-0.353302$ & $0.0177673$ & $-0.0131699$ & $0.0278764$ & $-0.00847207$ & $0.00270461$ & $0.0129261$ & $-0.00571314$ & $-0.00907414$ & $-0.00883231$ & $-0.0171763$ & $-0.0243547$ & $0.00835237$ & $0.00536752$ & $-0.0155092$ & $0.0193563$ \\
CHD & $-0.00513681$ & $0.0540068$ & $-0.0104024$ & $0.016755$ & $0.00657252$ & $0.176639$ & $0.0678034$ & $-0.88011$ & $-0.864778$ & $0.373073$ & $1$ & $0.102173$ & $-0.16945$ & $-0.50844$ & $-0.422005$ & $-0.412937$ & $-0.207454$ & $0.0768489$ & $0.0751552$ & $-0.990508$ & $-0.991291$ & $-0.970104$ & $-0.0171557$ & $0.316937$ & $0.0314673$ & $0.567324$ & $-0.289292$ & $-0.329523$ & $0.000217992$ & $-0.066219$ & $-0.0355161$ & $0.0741987$ & $-0.0714173$ & $-0.368028$ & $0.021114$ & $0.0104739$ & $0.0204285$ & $-0.0124451$ & $-0.00364138$ & $0.00909568$ & $0.0386901$ & $0.00606767$ & $-0.0138058$ & $-0.018139$ & $-0.0253121$ & $0.00131705$ & $-0.00668739$ & $-0.0104875$ & $0.00594599$ \\
CHbox & $-0.03474$ & $0.056056$ & $0.00160864$ & $0.00344915$ & $-0.00833788$ & $0.0352132$ & $-0.208354$ & $0.0424619$ & $0.058712$ & $0.268433$ & $0.102173$ & $1$ & $0.712744$ & $-0.287956$ & $0.0131411$ & $0.0174079$ & $-0.299716$ & $-0.276676$ & $-0.280148$ & $-0.089086$ & $-0.10041$ & $-0.095843$ & $7.75137e-05$ & $-0.187181$ & $-0.271696$ & $0.0602315$ & $-0.0223695$ & $-0.0340816$ & $0.0613421$ & $0.342571$ & $0.116331$ & $-0.116445$ & $0.441478$ & $0.0173323$ & $0.0186389$ & $0.00577839$ & $-0.0238083$ & $-0.00302948$ & $-0.0317234$ & $-0.00435288$ & $0.0490157$ & $0.0117194$ & $0.0150083$ & $0.0140687$ & $0.0276762$ & $0.00397911$ & $-0.00215086$ & $-0.0274097$ & $0.0329938$ \\
CH & $-0.0449816$ & $0.0251904$ & $0.015861$ & $-0.00438257$ & $-0.00720039$ & $0.00454468$ & $-0.289191$ & $0.344449$ & $0.342011$ & $-0.246832$ & $-0.16945$ & $0.712744$ & $1$ & $-0.238115$ & $0.072406$ & $0.0728132$ & $-0.355553$ & $-0.379181$ & $-0.380962$ & $0.166199$ & $0.180935$ & $0.179187$ & $0.031302$ & $-0.392107$ & $-0.369719$ & $-0.101436$ & $0.133046$ & $0.0603576$ & $0.0515647$ & $0.287733$ & $0.125692$ & $-0.234537$ & $0.377026$ & $0.214101$ & $-0.0148282$ & $0.00915008$ & $-0.0471502$ & $0.00290539$ & $-0.0333433$ & $-0.0146583$ & $0.0528738$ & $0.014042$ & $0.023713$ & $0.0307704$ & $0.0513076$ & $-0.004371$ & $-0.011346$ & $-0.0128667$ & $0.0200746$ \\
CHL1_11 & $0.00910267$ & $-0.0247829$ & $0.00946832$ & $-0.00239669$ & $0.00715824$ & $0.0214282$ & $0.049229$ & $0.0940796$ & $0.0865436$ & $0.219034$ & $-0.50844$ & $-0.287956$ & $-0.238115$ & $1$ & $0.273083$ & $0.269327$ & $0.660724$ & $0.593624$ & $0.593411$ & $0.527245$ & $0.468419$ & $0.452694$ & $-0.0804007$ & $0.468116$ & $0.596038$ & $-0.266647$ & $-0.102648$ & $0.149599$ & $-0.0234093$ & $-0.0589351$ & $-0.0259903$ & $0.0264179$ & $-0.0706892$ & $-0.216428$ & $-0.0166739$ & $-0.0113428$ & $0.00843054$ & $-0.00148454$ & $0.0190901$ & $0.00750503$ & $-0.0360235$ & $-0.00966137$ & $-0.00557704$ & $-0.00535719$ & $-0.00898102$ & $0.00269039$ & $-0.00255565$ & $0.0139019$ & $0.00373069$ \\
CHL1_22 & $0.00380842$ & $-0.00766671$ & $0.000790795$ & $-0.0119369$ & $0.00590065$ & $-0.0822245$ & $-0.0285954$ & $0.298005$ & $0.294386$ & $-0.133193$ & $-0.422005$ & $0.0131411$ & $0.072406$ & $0.273083$ & $1$ & $0.449225$ & $0.162448$ & $-0.450085$ & $-0.0368915$ & $0.487471$ & $0.338127$ & $0.327819$ & $-0.170963$ & $0.103535$ & $-0.144362$ & $-0.204409$ & $-0.40375$ & $0.113667$ & $0.000113015$ & $0.0356724$ & $0.0191311$ & $-0.0281509$ & $0.0422519$ & $-0.591668$ & $-0.0214188$ & $-0.00197045$ & $-0.0012213$ & $0.00446404$ & $0.00831596$ & $0.000484874$ & $-0.00938522$ & $0.00417177$ & $-0.00676109$ & $-0.010344$ & $0.0136542$ & $-0.00481545$ & $-0.00500271$ & $0.00216591$ & $0.00704275$ \\
CHL1_33 & $-0.000426664$ & $-0.00861575$ & $0.00437374$ & $-0.00833526$ & $-9.38653e-05$ & $-0.0812631$ & $-0.0356983$ & $0.288148$ & $0.28386$ & $-0.122942$ & $-0.412937$ & $0.0174079$ & $0.0728132$ & $0.269327$ & $0.449225$ & $1$ & $0.16735$ & $-0.0257434$ & $-0.434118$ & $0.478183$ & $0.331313$ & $0.347541$ & $-0.167989$ & $0.10858$ & $-0.126105$ & $-0.194161$ & $-0.387697$ & $0.109194$ & $-0.000923703$ & $0.0334815$ & $0.0124334$ & $-0.0317213$ & $0.0397192$ & $-0.106383$ & $-0.00813631$ & $-0.0098028$ & $0.00911965$ & $-0.00531531$ & $0.00999238$ & $0.00731068$ & $-0.0134794$ & $0.0115246$ & $-0.00221701$ & $-0.00831668$ & $0.00451705$ & $0.0021527$ & $-0.00767714$ & $0.00579452$ & $0.00907265$ \\
CHL3_11 & $0.0173331$ & $-0.00159289$ & $-0.00556578$ & $0.000452719$ & $0.00451858$ & $-0.262767$ & $0.0860756$ & $-0.247146$ & $-0.250748$ & $0.431516$ & $-0.207454$ & $-0.299716$ & $-0.355553$ & $0.660724$ & $0.162448$ & $0.16735$ & $1$ & $0.736642$ & $0.733254$ & $0.230359$ & $0.173965$ & $0.166246$ & $-0.072476$ & $0.679437$ & $0.778807$ & $-0.102625$ & $-0.166198$ & $0.0529457$ & $-0.0224031$ & $-0.10115$ & $-0.0509107$ & $0.0606678$ & $-0.121178$ & $-0.255873$ & $-0.011019$ & $-0.00812664$ & $0.0175234$ & $0.00148698$ & $0.0253349$ & $0.00251403$ & $-0.0304482$ & $-0.0120798$ & $-0.0193885$ & $-0.0201233$ & $-0.0250462$ & $-0.00308043$ & $-0.00699452$ & $0.0100161$ & $0.000251416$ \\
CHL3_22 & $0.0121838$ & $-0.000121655$ & $0.000326454$ & $0.00827147$ & $-0.00054548$ & $-0.0502915$ & $0.0981071$ & $-0.440863$ & $-0.440895$ & $0.490312$ & $0.0768489$ & $-0.276676$ & $-0.379181$ & $0.593624$ & $-0.450085$ & $-0.0257434$ & $0.736642$ & $1$ & $0.676298$ & $-0.0789902$ & $-0.0719687$ & $-0.0706521$ & $0.00249301$ & $0.623812$ & $0.80176$ & $0.0459105$ & $-0.00376712$ & $-0.0303414$ & $-0.0225767$ & $-0.115086$ & $-0.0576774$ & $0.0755375$ & $-0.135432$ & $0.0297294$ & $0.00268952$ & $-0.00851286$ & $0.0207942$ & $-0.00623288$ & $0.0195446$ & $0.00740832$ & $-0.021869$ & $-0.0109085$ & $-0.0108951$ & $-0.0121411$ & $-0.0304215$ & $0.00338452$ & $-0.00414299$ & $0.0101876$ & $-0.000211812$ \\
CHL3_33 & $0.0156459$ & $0.00169057$ & $-0.00197181$ & $0.00566317$ & $0.0041071$ & $-0.051838$ & $0.10574$ & $-0.43778$ & $-0.437308$ & $0.485895$ & $0.0751552$ & $-0.280148$ & $-0.380962$ & $0.593411$ & $-0.0368915$ & $-0.434118$ & $0.733254$ & $0.676298$ & $1$ & $-0.0779247$ & $-0.0697149$ & $-0.0678571$ & $0.00455035$ & $0.619924$ & $0.795264$ & $0.0399654$ & $-0.00619422$ & $-0.0282424$ & $-0.0222201$ & $-0.114379$ & $-0.0539879$ & $0.0807603$ & $-0.134922$ & $-0.341257$ & $-0.00705179$ & $-0.00144624$ & $0.0121185$ & $0.000352793$ & $0.0183012$ & $0.0039008$ & $-0.017815$ & $-0.0155318$ & $-0.0156828$ & $-0.0152062$ & $-0.0241452$ & $-0.00130397$ & $-0.00264988$ & $0.00766175$ & $-0.00147221$ \\
CHe_11 & $-0.00119749$ & $-0.0384463$ & $0.0116574$ & $-0.014101$ & $0.00051047$ & $-0.174996$ & $-0.0676716$ & $0.851356$ & $0.836633$ & $-0.359024$ & $-0.990508$ & $-0.089086$ & $0.166199$ & $0.527245$ & $0.487471$ & $0.478183$ & $0.230359$ & $-0.0789902$ & $-0.0779247$ & $1$ & $0.972547$ & $0.952082$ & $-0.00851479$ & $-0.262936$ & $-0.0254181$ & $-0.557473$ & $0.21342$ & $0.322976$ & $4.04071e-05$ & $0.0656282$ & $0.034716$ & $-0.0729095$ & $0.0730004$ & $0.288424$ & $-0.0192003$ & $-0.00779346$ & $-0.0169804$ & $0.0109538$ & $0.00160303$ & $-0.00842179$ & $-0.0312954$ & $-0.00362216$ & $0.0107942$ & $0.0165075$ & $0.0203761$ & $-0.00130575$ & $0.00238963$ & $0.0110415$ & $-0.00165222$ \\
CHe_22 & $-0.00280732$ & $-0.0409209$ & $0.0110857$ & $-0.0128039$ & $0.00125022$ & $-0.178479$ & $-0.070551$ & $0.897923$ & $0.882094$ & $-0.389358$ & $-0.991291$ & $-0.10041$ & $0.180935$ & $0.468419$ & $0.338127$ & $0.331313$ & $0.173965$ & $-0.0719687$ & $-0.0697149$ & $0.972547$ & $1$ & $0.975324$ & $0.0458707$ & $-0.372669$ & $-0.0370322$ & $-0.569879$ & $0.370587$ & $0.33175$ & $0.000312357$ & $0.0674977$ & $0.0359307$ & $-0.0766918$ & $0.0735593$ & $0.453971$ & $-0.0168715$ & $-0.00628037$ & $-0.0218006$ & $0.012809$ & $-0.00214027$ & $-0.0106159$ & $-0.0315077$ & $-0.00666407$ & $0.0130578$ & $0.0217382$ & $0.0212886$ & $-0.00156726$ & $0.00517166$ & $0.00983487$ & $-0.00469613$ \\
CHe_33 & $-0.00249644$ & $-0.0407864$ & $0.00992119$ & $-0.0115657$ & $0.000806133$ & $-0.176291$ & $-0.0675751$ & $0.881129$ & $0.865802$ & $-0.383289$ & $-0.970104$ & $-0.095843$ & $0.179187$ & $0.452694$ & $0.327819$ & $0.347541$ & $0.166246$ & $-0.0706521$ & $-0.0678571$ & $0.952082$ & $0.975324$ & $1$ & $0.0466305$ & $-0.368012$ & $-0.0368634$ & $-0.557464$ & $0.367164$ & $0.324208$ & $0.00128548$ & $0.0674753$ & $0.0351228$ & $-0.0728835$ & $0.0729658$ & $0.451478$ & $-0.0173388$ & $-0.00631031$ & $-0.0225475$ & $0.0124983$ & $-0.00211092$ & $-0.0089111$ & $-0.0307016$ & $-0.00537519$ & $0.0127201$ & $0.0209155$ & $0.0220078$ & $-0.00125792$ & $0.00444015$ & $0.0106111$ & $-0.00461909$ \\
CHQ1_11 & $-0.00653217$ & $0.00384093$ & $-0.00714085$ & $0.00540961$ & $0.00149264$ & $-0.00959297$ & $-0.0125758$ & $0.0727782$ & $0.070972$ & $-0.0534276$ & $-0.0171557$ & $7.75137e-05$ & $0.031302$ & $-0.0804007$ & $-0.170963$ & $-0.167989$ & $-0.072476$ & $0.00249301$ & $0.00455035$ & $-0.00851479$ & $0.0458707$ & $0.0466305$ & $1$ & $-0.143058$ & $0.078392$ & $-0.676969$ & $0.347931$ & $0.0161406$ & $-0.00738112$ & $0.00445494$ & $0.00267553$ & $-0.0137757$ & $0.00301975$ & $0.205922$ & $0.0106133$ & $0.00154051$ & $-0.00654153$ & $-0.0028324$ & $-0.0162053$ & $-0.00660567$ & $0.00921089$ & $-0.00767497$ & $0.0046511$ & $0.0110182$ & $0.00349957$ & $-0.0016922$ & $-0.000912928$ & $-0.00601279$ & $0.0035386$ \\
CHQ1_33 & $-0.00908915$ & $0.0222439$ & $0.000877176$ & $0.00594613$ & $0.00363835$ & $-0.00296242$ & $0.10764$ & $-0.67909$ & $-0.672988$ & $0.560668$ & $0.316937$ & $-0.187181$ & $-0.392107$ & $0.468116$ & $0.103535$ & $0.10858$ & $0.679437$ & $0.623812$ & $0.619924$ & $-0.262936$ & $-0.372669$ & $-0.368012$ & $-0.143058$ & $1$ & $0.641173$ & $0.211941$ & $-0.427566$ & $-0.0316084$ & $-0.0173746$ & $-0.116873$ & $-0.0573893$ & $0.0894519$ & $-0.133907$ & $-0.6336$ & $-0.00119492$ & $-0.0053977$ & $0.0245818$ & $-0.0103068$ & $0.0120255$ & $0.00991938$ & $-0.00583175$ & $-0.00220281$ & $-0.0173086$ & $-0.0229237$ & $-0.0231135$ & $0.0027685$ & $-0.00471617$ & $0.0037552$ & $0.01671$ \\
CHQ3_11 & $-0.0358232$ & $0.00850345$ & $0.00408695$ & $0.00455395$ & $0.00220688$ & $-0.0889437$ & $0.0963144$ & $-0.409789$ & $-0.409272$ & $0.478383$ & $0.0314673$ & $-0.271696$ & $-0.369719$ & $0.596038$ & $-0.144362$ & $-0.126105$ & $0.778807$ & $0.80176$ & $0.795264$ & $-0.0254181$ & $-0.0370322$ & $-0.0368634$ & $0.078392$ & $0.641173$ & $1$ & $0.0235168$ & $0.203294$ & $-0.014371$ & $-0.0221972$ & $-0.111537$ & $-0.0546927$ & $0.0731365$ & $-0.125932$ & $-0.197038$ & $0.00585536$ & $0.000910649$ & $0.00282476$ & $-0.00384548$ & $-0.0015214$ & $0.00353805$ & $-0.0219619$ & $-0.0135558$ & $0.00840125$ & $-0.000942004$ & $-0.0217719$ & $0.00622736$ & $0.00470175$ & $0.00546432$ & $0.019661$ \\
CHu_11 & $-0.0113518$ & $0.0214855$ & $-0.000738015$ & $0.00282922$ & $-0.00319281$ & $0.102804$ & $0.0472537$ & $-0.512607$ & $-0.502846$ & $0.225771$ & $0.567324$ & $0.0602315$ & $-0.101436$ & $-0.266647$ & $-0.204409$ & $-0.194161$ & $-0.102625$ & $0.0459105$ & $0.0399654$ & $-0.557473$ & $-0.569879$ & $-0.557464$ & $-0.676969$ & $0.211941$ & $0.0235168$ & $1$ & $-0.175152$ & $-0.187311$ & $0.00744124$ & $-0.0377719$ & $-0.0218694$ & $0.051729$ & $-0.0388079$ & $-0.251345$ & $0.0115548$ & $0.00476425$ & $0.0082489$ & $-0.00815457$ & $0.00218165$ & $0.00659427$ & $0.00857595$ & $0.00562501$ & $-0.00327943$ & $-0.00511415$ & $-0.0156188$ & $0.00418169$ & $0.00549943$ & $-0.00828904$ & $0.00302278$ \\
CHd_11 & $-0.0159646$ & $-0.0173173$ & $-3.57218e-05$ & $-0.00398341$ & $-0.00265277$ & $-0.0682449$ & $-0.0356444$ & $0.422624$ & $0.416034$ & $-0.240493$ & $-0.289292$ & $-0.0223695$ & $0.133046$ & $-0.102648$ & $-0.40375$ & $-0.387697$ & $-0.166198$ & $-0.00376712$ & $-0.00619422$ & $0.21342$ & $0.370587$ & $0.367164$ & $0.347931$ & $-0.427566$ & $0.203294$ & $-0.175152$ & $1$ & $0.1167$ & $0.00627522$ & $0.0335903$ & $0.0178167$ & $-0.0377462$ & $0.0362781$ & $0.690153$ & $0.0130586$ & $-0.00234995$ & $-0.0288254$ & $0.00830737$ & $-0.0290169$ & $-0.0137465$ & $-0.0175635$ & $-0.0112455$ & $0.0259498$ & $0.034306$ & $0.0173047$ & $-0.000827346$ & $0.0178774$ & $-0.00302413$ & $-0.00420624$ \\
CHd_33 & $0.0152136$ & $-0.00451336$ & $-0.00199501$ & $-0.00109634$ & $0.00557326$ & $-0.0596003$ & $-0.0161473$ & $0.301307$ & $0.296601$ & $-0.135041$ & $-0.329523$ & $-0.0340816$ & $0.0603576$ & $0.149599$ & $0.113667$ & $0.109194$ & $0.0529457$ & $-0.0303414$ & $-0.0282424$ & $0.322976$ & $0.33175$ & $0.324208$ & $0.0161406$ & $-0.0316084$ & $-0.014371$ & $-0.187311$ & $0.1167$ & $1$ & $0.000319798$ & $0.020859$ & $0.0106318$ & $-0.0194853$ & $0.0228923$ & $0.153225$ & $-0.00232697$ & $-0.00751777$ & $0.00121051$ & $-0.00295297$ & $-0.00659793$ & $-0.00589471$ & $-0.0119958$ & $0.00141283$ & $-0.00325741$ & $0.00971596$ & $0.00584534$ & $-0.017157$ & $-0.00273795$ & $0.00505144$ & $-0.00401353$ \\
CeH_22r & $-0.00388517$ & $0.00192755$ & $-0.00856045$ & $-0.00155003$ & $-0.00846396$ & $0.00299761$ & $0.00253058$ & $0.0116073$ & $0.0181719$ & $-0.00710172$ & $0.000217992$ & $0.0613421$ & $0.0515647$ & $-0.0234093$ & $0.000113015$ & $-0.000923703$ & $-0.0224031$ & $-0.0225767$ & $-0.0222201$ & $4.04071e-05$ & $0.000312357$ & $0.00128548$ & $-0.00738112$ & $-0.0173746$ & $-0.0221972$ & $0.00744124$ & $0.00627522$ & $0.000319798$ & $1$ & $0.0443356$ & $0.0272667$ & $-0.00892416$ & $0.0516512$ & $0.00982915$ & $-0.00797717$ & $-0.00231991$ & $-0.00212821$ & $-0.00544101$ & $-0.00201769$ & $-0.000542599$ & $0.0102721$ & $-0.00797941$ & $0.00300324$ & $-0.000116045$ & $0.0114803$ & $-0.00535725$ & $0.00252418$ & $-0.0122494$ & $0.00910236$ \\
CeH_33r & $-0.0210061$ & $-0.0225472$ & $-0.00403517$ & $0.024972$ & $-0.00453177$ & $0.000536826$ & $-0.139426$ & $0.114411$ & $0.13446$ & $-0.13119$ & $-0.066219$ & $0.342571$ & $0.287733$ & $-0.0589351$ & $0.0356724$ & $0.0334815$ & $-0.10115$ & $-0.115086$ & $-0.114379$ & $0.0656282$ & $0.0674977$ & $0.0674753$ & $0.00445494$ & $-0.116873$ & $-0.111537$ & $-0.0377719$ & $0.0335903$ & $0.020859$ & $0.0443356$ & $1$ & $0.32476$ & $0.0138754$ & $0.717312$ & $0.0594627$ & $-0.0361677$ & $-0.013164$ & $-0.103719$ & $-0.0203389$ & $-0.030276$ & $-0.0111428$ & $-0.0128737$ & $0.00943102$ & $0.0166669$ & $0.00420351$ & $0.05799$ & $-0.0110137$ & $-0.00560955$ & $0.0174738$ & $0.0140698$ \\
CuH_22r & $-0.0329715$ & $-0.0530998$ & $0.00744747$ & $0.06258$ & $-0.00471293$ & $0.00171073$ & $-0.0933175$ & $0.0598977$ & $0.0705178$ & $-0.0731353$ & $-0.0355161$ & $0.116331$ & $0.125692$ & $-0.0259903$ & $0.0191311$ & $0.0124334$ & $-0.0509107$ & $-0.0576774$ & $-0.0539879$ & $0.034716$ & $0.0359307$ & $0.0351228$ & $0.00267553$ & $-0.0573893$ & $-0.0546927$ & $-0.0218694$ & $0.0178167$ & $0.0106318$ & $0.0272667$ & $0.32476$ & $1$ & $-0.00122811$ & $0.393233$ & $0.0289806$ & $0.0147451$ & $-0.0377303$ & $-0.054102$ & $-0.0288223$ & $-0.021612$ & $-0.00642196$ & $-0.0685205$ & $-0.00702668$ & $0.0340831$ & $0.0365987$ & $0.00912123$ & $0.0784094$ & $0.162866$ & $-0.0239743$ & $-0.00403133$ \\
CuH_33r & $0.0506615$ & $-7.36907e-05$ & $-0.0368307$ & $0.0303161$ & $0.000110259$ & $0.0114623$ & $0.936017$ & $-0.104256$ & $-0.0632158$ & $0.0846678$ & $0.0741987$ & $-0.116445$ & $-0.234537$ & $0.0264179$ & $-0.0281509$ & $-0.0317213$ & $0.0606678$ & $0.0755375$ & $0.0807603$ & $-0.0729095$ & $-0.0766918$ & $-0.0728835$ & $-0.0137757$ & $0.0894519$ & $0.0731365$ & $0.051729$ & $-0.0377462$ & $-0.0194853$ & $-0.00892416$ & $0.0138754$ & $-0.00122811$ & $1$ & $0.0288123$ & $-0.0613485$ & $0.0663717$ & $-0.00638452$ & $0.0234791$ & $0.00907001$ & $0.0467455$ & $-0.022281$ & $0.00868004$ & $-0.0228509$ & $-0.00682649$ & $-0.0530404$ & $-0.0540047$ & $0.0124636$ & $-0.0431191$ & $0.0305563$ & $0.0478989$ \\
CdH_33r & $-0.114032$ & $0.000626973$ & $0.0238458$ & $0.0305065$ & $-0.00140048$ & $0.0051085$ & $-0.173351$ & $0.128656$ & $0.153767$ & $-0.153833$ & $-0.0714173$ & $0.441478$ & $0.377026$ & $-0.0706892$ & $0.0422519$ & $0.0397192$ & $-0.121178$ & $-0.135432$ & $-0.134922$ & $0.0730004$ & $0.0735593$ & $0.0729658$ & $0.00301975$ & $-0.133907$ & $-0.125932$ & $-0.0388079$ & $0.0362781$ & $0.0228923$ & $0.0516512$ & $0.717312$ & $0.393233$ & $0.0288123$ & $1$ & $0.0651595$ & $-0.0157164$ & $-0.0104141$ & $-0.138351$ & $-0.0444819$ & $-0.0222254$ & $-0.0248325$ & $-0.0104243$ & $-0.00127651$ & $0.0824425$ & $-0.0482186$ & $0.0950603$ & $0.00186711$ & $-0.0238334$ & $0.0399527$ & $0.233218$ \\
CLL_1221 & $-0.0128507$ & $-0.00702904$ & $0.00166532$ & $0.00307563$ & $-0.00857032$ & $-0.111601$ & $-0.0650811$ & $0.564168$ & $0.555286$ & $-0.353302$ & $-0.368028$ & $0.0173323$ & $0.214101$ & $-0.216428$ & $-0.591668$ & $-0.106383$ & $-0.255873$ & $0.0297294$ & $-0.341257$ & $0.288424$ & $0.453971$ & $0.451478$ & $0.205922$ & $-0.6336$ & $-0.197038$ & $-0.251345$ & $0.690153$ & $0.153225$ & $0.00982915$ & $0.0594627$ & $0.0289806$ & $-0.0613485$ & $0.0651595$ & $1$ & $0.0116561$ & $0.00123388$ & $-0.0212407$ & $0.00878702$ & $-0.0196812$ & $-0.0133372$ & $-0.00177341$ & $-0.00339024$ & $0.0172435$ & $0.0307952$ & $0.00841927$ & $0.000637959$ & $0.00750777$ & $1.09086e-05$ & $-0.00936063$ \\
eHggint & $-0.077098$ & $0.18642$ & $-0.00693788$ & $0.2008$ & $-0.00223813$ & $0.00553269$ & $0.0296807$ & $-0.0159075$ & $-0.0232266$ & $0.0177673$ & $0.021114$ & $0.0186389$ & $-0.0148282$ & $-0.0166739$ & $-0.0214188$ & $-0.00813631$ & $-0.011019$ & $0.00268952$ & $-0.00705179$ & $-0.0192003$ & $-0.0168715$ & $-0.0173388$ & $0.0106133$ & $-0.00119492$ & $0.00585536$ & $0.0115548$ & $0.0130586$ & $-0.00232697$ & $-0.00797717$ & $-0.0361677$ & $0.0147451$ & $0.0663717$ & $-0.0157164$ & $0.0116561$ & $1$ & $-0.0597553$ & $0.0783638$ & $-0.0104227$ & $0.0652366$ & $0.0259368$ & $-0.0296153$ & $0.00258948$ & $-0.0231568$ & $0.0630147$ & $0.055493$ & $0.245898$ & $0.205323$ & $-0.00665473$ & $0.0942731$ \\
eHggpar & $-0.204599$ & $0.142955$ & $0.156208$ & $-0.212296$ & $-0.00209866$ & $-0.00301745$ & $-0.0252244$ & $-0.00581767$ & $-0.0129234$ & $-0.0131699$ & $0.0104739$ & $0.00577839$ & $0.00915008$ & $-0.0113428$ & $-0.00197045$ & $-0.0098028$ & $-0.00812664$ & $-0.00851286$ & $-0.00144624$ & $-0.00779346$ & $-0.00628037$ & $-0.00631031$ & $0.00154051$ & $-0.0053977$ & $0.000910649$ & $0.00476425$ & $-0.00234995$ & $-0.00751777$ & $-0.00231991$ & $-0.013164$ & $-0.0377303$ & $-0.00638452$ & $-0.0104141$ & $0.00123388$ & $-0.0597553$ & $1$ & $-0.221992$ & $0.182072$ & $0.105009$ & $-0.0813081$ & $0.479417$ & $0.0244638$ & $-0.118878$ & $-0.00438481$ & $-0.284113$ & $0.0858976$ & $-0.275075$ & $0.0267123$ & $-0.0534697$ \\
eHWWint & $0.230497$ & $0.129836$ & $0.0226133$ & $-0.242948$ & $-0.00936222$ & $0.000710641$ & $0.0453642$ & $-0.0325839$ & $-0.0375779$ & $0.0278764$ & $0.0204285$ & $-0.0238083$ & $-0.0471502$ & $0.00843054$ & $-0.0012213$ & $0.00911965$ & $0.0175234$ & $0.0207942$ & $0.0121185$ & $-0.0169804$ & $-0.0218006$ & $-0.0225475$ & $-0.00654153$ & $0.0245818$ & $0.00282476$ & $0.0082489$ & $-0.0288254$ & $0.00121051$ & $-0.00212821$ & $-0.103719$ & $-0.054102$ & $0.0234791$ & $-0.138351$ & $-0.0212407$ & $0.0783638$ & $-0.221992$ & $1$ & $-0.0355707$ & $0.190395$ & $0.0979773$ & $0.130168$ & $-0.0437475$ & $-0.0555664$ & $-0.1121$ & $-0.0839408$ & $-0.0260958$ & $0.0279267$ & $-0.16687$ & $0.0357453$ \\
eHWWpar & $0.0124267$ & $-0.0153614$ & $-0.0202297$ & $-0.0650245$ & $-0.0072019$ & $-0.00411737$ & $0.0118478$ & $0.0135592$ & $0.0107573$ & $-0.00847207$ & $-0.0124451$ & $-0.00302948$ & $0.00290539$ & $-0.00148454$ & $0.00446404$ & $-0.00531531$ & $0.00148698$ & $-0.00623288$ & $0.000352793$ & $0.0109538$ & $0.012809$ & $0.0124983$ & $-0.0028324$ & $-0.0103068$ & $-0.00384548$ & $-0.00815457$ & $0.00830737$ & $-0.00295297$ & $-0.00544101$ & $-0.0203389$ & $-0.0288223$ & $0.00907001$ & $-0.0444819$ & $0.00878702$ & $-0.0104227$ & $0.182072$ & $-0.0355707$ & $1$ & $-0.0375467$ & $-0.0146114$ & $0.0957391$ & $0.0697166$ & $-0.0475442$ & $0.0371865$ & $-0.0594249$ & $-0.0799606$ & $-0.119781$ & $0.0641429$ & $-0.0872853$ \\
eHZZint & $0.262588$ & $-0.196268$ & $-0.0455558$ & $-0.237678$ & $0.0158965$ & $-0.0055796$ & $0.0392845$ & $-0.00874519$ & $-0.014239$ & $0.00270461$ & $-0.00364138$ & $-0.0317234$ & $-0.0333433$ & $0.0190901$ & $0.00831596$ & $0.00999238$ & $0.0253349$ & $0.0195446$ & $0.0183012$ & $0.00160303$ & $-0.00214027$ & $-0.00211092$ & $-0.0162053$ & $0.0120255$ & $-0.0015214$ & $0.00218165$ & $-0.0290169$ & $-0.00659793$ & $-0.00201769$ & $-0.030276$ & $-0.021612$ & $0.0467455$ & $-0.0222254$ & $-0.0196812$ & $0.0652366$ & $0.105009$ & $0.190395$ & $-0.0375467$ & $1$ & $0.0472145$ & $0.0300002$ & $0.0330594$ & $-0.143569$ & $-0.448859$ & $-0.0604935$ & $0.172695$ & $-0.0933028$ & $-0.0361735$ & $0.0535691$ \\
eHZZpar & $0.0403252$ & $-0.00740298$ & $-0.014202$ & $-0.0624023$ & $0.00732619$ & $0.0137482$ & $-0.016944$ & $-0.0128726$ & $-0.0137036$ & $0.0129261$ & $0.00909568$ & $-0.00435288$ & $-0.0146583$ & $0.00750503$ & $0.000484874$ & $0.00731068$ & $0.00251403$ & $0.00740832$ & $0.0039008$ & $-0.00842179$ & $-0.0106159$ & $-0.0089111$ & $-0.00660567$ & $0.00991938$ & $0.00353805$ & $0.00659427$ & $-0.0137465$ & $-0.00589471$ & $-0.000542599$ & $-0.0111428$ & $-0.00642196$ & $-0.022281$ & $-0.0248325$ & $-0.0133372$ & $0.0259368$ & $-0.0813081$ & $0.0979773$ & $-0.0146114$ & $0.0472145$ & $1$ & $-0.0970745$ & $-0.00582194$ & $-0.018681$ & $-0.137714$ & $0.0254737$ & $0.0926703$ & $0.00588237$ & $-0.0036608$ & $-0.0210883$ \\
eHZgaint & $-0.180121$ & $0.369967$ & $0.123635$ & $-0.118252$ & $-0.00874378$ & $0.0009613$ & $0.00071959$ & $-0.0256283$ & $-0.031386$ & $-0.00571314$ & $0.0386901$ & $0.0490157$ & $0.0528738$ & $-0.0360235$ & $-0.00938522$ & $-0.0134794$ & $-0.0304482$ & $-0.021869$ & $-0.017815$ & $-0.0312954$ & $-0.0315077$ & $-0.0307016$ & $0.00921089$ & $-0.00583175$ & $-0.0219619$ & $0.00857595$ & $-0.0175635$ & $-0.0119958$ & $0.0102721$ & $-0.0128737$ & $-0.0685205$ & $0.00868004$ & $-0.0104243$ & $-0.00177341$ & $-0.0296153$ & $0.479417$ & $0.130168$ & $0.0957391$ & $0.0300002$ & $-0.0970745$ & $1$ & $0.00550716$ & $-0.133148$ & $0.0189237$ & $-0.03365$ & $0.0364647$ & $-0.440836$ & $-0.0678256$ & $0.0355287$ \\
eHZgapar & $-0.0206497$ & $0.0699265$ & $0.0107791$ & $-0.110856$ & $-0.00808818$ & $0.0113014$ & $-0.0265557$ & $-0.0019355$ & $-0.00559228$ & $-0.00907414$ & $0.00606767$ & $0.0117194$ & $0.014042$ & $-0.00966137$ & $0.00417177$ & $0.0115246$ & $-0.0120798$ & $-0.0109085$ & $-0.0155318$ & $-0.00362216$ & $-0.00666407$ & $-0.00537519$ & $-0.00767497$ & $-0.00220281$ & $-0.0135558$ & $0.00562501$ & $-0.0112455$ & $0.00141283$ & $-0.00797941$ & $0.00943102$ & $-0.00702668$ & $-0.0228509$ & $-0.00127651$ & $-0.00339024$ & $0.00258948$ & $0.0244638$ & $-0.0437475$ & $0.0697166$ & $0.0330594$ & $-0.00582194$ & $0.00550716$ & $1$ & $-0.0512913$ & $-0.035521$ & $-0.0581842$ & $-0.0416284$ & $-0.00189892$ & $0.0012634$ & $-0.0376552$ \\
eHgagaint & $-0.304183$ & $-0.201994$ & $0.00178314$ & $-0.0475532$ & $-0.0180617$ & $0.00766927$ & $-0.0067517$ & $0.0247726$ & $0.0541139$ & $-0.00883231$ & $-0.0138058$ & $0.0150083$ & $0.023713$ & $-0.00557704$ & $-0.00676109$ & $-0.00221701$ & $-0.0193885$ & $-0.0108951$ & $-0.0156828$ & $0.0107942$ & $0.0130578$ & $0.0127201$ & $0.0046511$ & $-0.0173086$ & $0.00840125$ & $-0.00327943$ & $0.0259498$ & $-0.00325741$ & $0.00300324$ & $0.0166669$ & $0.0340831$ & $-0.00682649$ & $0.0824425$ & $0.0172435$ & $-0.0231568$ & $-0.118878$ & $-0.0555664$ & $-0.0475442$ & $-0.143569$ & $-0.018681$ & $-0.133148$ & $-0.0512913$ & $1$ & $0.146902$ & $0.0403905$ & $0.0200995$ & $0.168061$ & $0.196757$ & $0.183438$ \\
eHmumuint & $-0.207828$ & $0.0339634$ & $0.0108079$ & $0.211229$ & $-0.0300353$ & $0.00919999$ & $-0.0518497$ & $0.0280529$ & $0.0299841$ & $-0.0171763$ & $-0.018139$ & $0.0140687$ & $0.0307704$ & $-0.00535719$ & $-0.010344$ & $-0.00831668$ & $-0.0201233$ & $-0.0121411$ & $-0.0152062$ & $0.0165075$ & $0.0217382$ & $0.0209155$ & $0.0110182$ & $-0.0229237$ & $-0.000942004$ & $-0.00511415$ & $0.034306$ & $0.00971596$ & $-0.000116045$ & $0.00420351$ & $0.0365987$ & $-0.0530404$ & $-0.0482186$ & $0.0307952$ & $0.0630147$ & $-0.00438481$ & $-0.1121$ & $0.0371865$ & $-0.448859$ & $-0.137714$ & $0.0189237$ & $-0.035521$ & $0.146902$ & $1$ & $-0.139492$ & $0.106233$ & $0.151541$ & $-0.127061$ & $-0.199539$ \\
eHtautauint & $-0.0288961$ & $-0.335529$ & $-0.012876$ & $-0.0979952$ & $0.0062113$ & $-0.00795784$ & $-0.051702$ & $0.0396842$ & $0.0399803$ & $-0.0243547$ & $-0.0253121$ & $0.0276762$ & $0.0513076$ & $-0.00898102$ & $0.0136542$ & $0.00451705$ & $-0.0250462$ & $-0.0304215$ & $-0.0241452$ & $0.0203761$ & $0.0212886$ & $0.0220078$ & $0.00349957$ & $-0.0231135$ & $-0.0217719$ & $-0.0156188$ & $0.0173047$ & $0.00584534$ & $0.0114803$ & $0.05799$ & $0.00912123$ & $-0.0540047$ & $0.0950603$ & $0.00841927$ & $0.055493$ & $-0.284113$ & $-0.0839408$ & $-0.0594249$ & $-0.0604935$ & $0.0254737$ & $-0.03365$ & $-0.0581842$ & $0.0403905$ & $-0.139492$ & $1$ & $0.0594977$ & $-0.0510151$ & $0.0301398$ & $0.248838$ \\
eHccint & $-0.167035$ & $-0.103197$ & $0.256223$ & $-0.0334701$ & $-0.00206807$ & $0.00327993$ & $-0.00104999$ & $0.00131335$ & $-0.000803541$ & $0.00835237$ & $0.00131705$ & $0.00397911$ & $-0.004371$ & $0.00269039$ & $-0.00481545$ & $0.0021527$ & $-0.00308043$ & $0.00338452$ & $-0.00130397$ & $-0.00130575$ & $-0.00156726$ & $-0.00125792$ & $-0.0016922$ & $0.0027685$ & $0.00622736$ & $0.00418169$ & $-0.000827346$ & $-0.017157$ & $-0.00535725$ & $-0.0110137$ & $0.0784094$ & $0.0124636$ & $0.00186711$ & $0.000637959$ & $0.245898$ & $0.0858976$ & $-0.0260958$ & $-0.0799606$ & $0.172695$ & $0.0926703$ & $0.0364647$ & $-0.0416284$ & $0.0200995$ & $0.106233$ & $0.0594977$ & $1$ & $0.280057$ & $-0.17613$ & $0.110659$ \\
eHccpar & $-0.109789$ & $-0.223518$ & $0.00782315$ & $0.264852$ & $-0.000716284$ & $0.00457228$ & $-0.0424199$ & $0.0131763$ & $0.0152247$ & $0.00536752$ & $-0.00668739$ & $-0.00215086$ & $-0.011346$ & $-0.00255565$ & $-0.00500271$ & $-0.00767714$ & $-0.00699452$ & $-0.00414299$ & $-0.00264988$ & $0.00238963$ & $0.00517166$ & $0.00444015$ & $-0.000912928$ & $-0.00471617$ & $0.00470175$ & $0.00549943$ & $0.0178774$ & $-0.00273795$ & $0.00252418$ & $-0.00560955$ & $0.162866$ & $-0.0431191$ & $-0.0238334$ & $0.00750777$ & $0.205323$ & $-0.275075$ & $0.0279267$ & $-0.119781$ & $-0.0933028$ & $0.00588237$ & $-0.440836$ & $-0.00189892$ & $0.168061$ & $0.151541$ & $-0.0510151$ & $0.280057$ & $1$ & $-0.152597$ & $-0.0184852$ \\
eHbbint & $0.0522466$ & $-0.107827$ & $0.379104$ & $0.275104$ & $-0.00648698$ & $-0.00501091$ & $0.0264432$ & $0.00661819$ & $0.0147923$ & $-0.0155092$ & $-0.0104875$ & $-0.0274097$ & $-0.0128667$ & $0.0139019$ & $0.00216591$ & $0.00579452$ & $0.0100161$ & $0.0101876$ & $0.00766175$ & $0.0110415$ & $0.00983487$ & $0.0106111$ & $-0.00601279$ & $0.0037552$ & $0.00546432$ & $-0.00828904$ & $-0.00302413$ & $0.00505144$ & $-0.0122494$ & $0.0174738$ & $-0.0239743$ & $0.0305563$ & $0.0399527$ & $1.09086e-05$ & $-0.00665473$ & $0.0267123$ & $-0.16687$ & $0.0641429$ & $-0.0361735$ & $-0.0036608$ & $-0.0678256$ & $0.0012634$ & $0.196757$ & $-0.127061$ & $0.0301398$ & $-0.17613$ & $-0.152597$ & $1$ & $-0.244278$ \\
eHbbpar & $-0.354855$ & $0.105236$ & $-0.00494751$ & $-0.112017$ & $-0.00177585$ & $0.00661163$ & $0.037971$ & $-0.00759387$ & $-0.00114572$ & $0.0193563$ & $0.00594599$ & $0.0329938$ & $0.0200746$ & $0.00373069$ & $0.00704275$ & $0.00907265$ & $0.000251416$ & $-0.000211812$ & $-0.00147221$ & $-0.00165222$ & $-0.00469613$ & $-0.00461909$ & $0.0035386$ & $0.01671$ & $0.019661$ & $0.00302278$ & $-0.00420624$ & $-0.00401353$ & $0.00910236$ & $0.0140698$ & $-0.00403133$ & $0.0478989$ & $0.233218$ & $-0.00936063$ & $0.0942731$ & $-0.0534697$ & $0.0357453$ & $-0.0872853$ & $0.0535691$ & $-0.0210883$ & $0.0355287$ & $-0.0376552$ & $0.183438$ & $-0.199539$ & $0.248838$ & $0.110659$ & $-0.0184852$ & $-0.244278$ & $1$ \\
