 & AlsMz & dAle5Mz & mtop & mHl & Mz & CW & CHG & CHWB & CHWHB_gaga & CHWHB_gagaorth & CHD & CHbox & CH & CHL1_11 & CHL1_22 & CHL1_33 & CHL3_11 & CHL3_22 & CHL3_33 & CHe_11 & CHe_22 & CHe_33 & CHQ1_11 & CHQ1_33 & CHQ3_11 & CHu_11 & CHd_11 & CHd_33 & CeH_22r & CeH_33r & CuH_22r & CuH_33r & CdH_33r & CLL_1221 & eHggint & eHggpar & eHWWint & eHWWpar & eHZZint & eHZZpar & eHZgaint & eHZgapar & eHgagaint & eHmumuint & eHtautauint & eHccint & eHccpar & eHbbint & eHbbpar \\
AlsMz & $1$ & $-0.00551116$ & $0.0398388$ & $0.0404411$ & $-0.0320641$ & $-0.0208978$ & $-0.0554362$ & $-0.00446247$ & $-0.00118209$ & $-0.00313542$ & $0.00681302$ & $-0.104631$ & $0.115848$ & $-0.0293592$ & $0.00559398$ & $-0.058686$ & $-0.00320632$ & $-0.0238241$ & $0.0212168$ & $-0.0125792$ & $-0.00899507$ & $-0.0172376$ & $-0.0309448$ & $-0.0701154$ & $-0.0910076$ & $0.00730555$ & $-0.00263622$ & $0.0478117$ & $-0.026227$ & $0.0795702$ & $-0.00243019$ & $-0.045405$ & $0.109922$ & $-0.00554828$ & $0.00790053$ & $0.0373863$ & $-0.0209699$ & $-0.00877886$ & $-0.035888$ & $-0.041705$ & $-0.00736437$ & $0.0120037$ & $0.0557996$ & $-0.0343945$ & $-0.00642597$ & $-0.0229065$ & $-0.0634452$ & $0.0306782$ & $0.066138$ \\
dAle5Mz & $-0.00551116$ & $1$ & $0.015982$ & $-0.0408541$ & $-0.0264012$ & $-0.0535268$ & $-0.0164743$ & $-0.0765833$ & $-0.0757313$ & $0.0513271$ & $0.0652234$ & $-0.00163621$ & $0.0194562$ & $-0.0525932$ & $-0.00957909$ & $-0.0482098$ & $0.0152998$ & $-0.0109904$ & $0.017056$ & $-0.0455345$ & $-0.0440248$ & $-0.045539$ & $0.00119505$ & $0.00464706$ & $0.0119615$ & $0.0283542$ & $-0.00193005$ & $-0.0262655$ & $0.0390094$ & $0.0315354$ & $0.0350514$ & $0.0139507$ & $0.0590907$ & $0.00844132$ & $0.0302199$ & $0.00836491$ & $0.0316551$ & $-0.0130264$ & $-0.00313152$ & $0.00385078$ & $0.0210307$ & $-0.016237$ & $0.0215987$ & $0.0220001$ & $-0.06788$ & $-0.0465213$ & $0.00207444$ & $-0.0176295$ & $0.0175045$ \\
mtop & $0.0398388$ & $0.015982$ & $1$ & $0.00358039$ & $-0.0156954$ & $0.00392619$ & $-0.0322089$ & $0.0190583$ & $0.0204108$ & $-0.00390897$ & $-0.00183056$ & $-0.00765185$ & $0.00984934$ & $-0.00777929$ & $0.0127577$ & $0.0189543$ & $-0.0170722$ & $-0.0228577$ & $-0.0238911$ & $0.0102118$ & $0.00811425$ & $0.0120432$ & $0.0188036$ & $-0.0239126$ & $-0.0382337$ & $-0.0483044$ & $-0.0278981$ & $-0.0250824$ & $-0.0249829$ & $0.00462307$ & $-0.0325562$ & $-0.0380243$ & $0.0239852$ & $0.011772$ & $0.0330994$ & $0.000525401$ & $-0.0688182$ & $-0.0286734$ & $0.0269918$ & $-0.0159008$ & $-0.0312027$ & $0.0079271$ & $-0.0177455$ & $0.0153777$ & $0.00501931$ & $0.073957$ & $-0.0675413$ & $0.0476114$ & $0.0179628$ \\
mHl & $0.0404411$ & $-0.0408541$ & $0.00358039$ & $1$ & $0.00581975$ & $-0.0283681$ & $-0.095365$ & $-0.0406534$ & $-0.0493282$ & $-0.0386969$ & $0.0251526$ & $-0.107913$ & $0.0912785$ & $0.00172603$ & $0.00562076$ & $-0.00811681$ & $0.0327442$ & $0.0231269$ & $0.032466$ & $-0.0233012$ & $-0.0281309$ & $-0.0242148$ & $0.0160595$ & $0.010591$ & $0.0220891$ & $0.0197692$ & $-0.0433756$ & $-0.0164891$ & $0.0127894$ & $0.0724268$ & $0.0730958$ & $-0.0901734$ & $0.0625737$ & $-0.0412942$ & $0.0192086$ & $-0.00444023$ & $-0.0219523$ & $0.0221048$ & $-0.0179037$ & $-0.0140547$ & $-0.00926767$ & $-0.0476294$ & $0.029147$ & $0.00788937$ & $0.0276484$ & $-0.00607005$ & $0.0146323$ & $-0.00549492$ & $-0.0108235$ \\
Mz & $-0.0320641$ & $-0.0264012$ & $-0.0156954$ & $0.00581975$ & $1$ & $0.0314076$ & $0.00226314$ & $0.0238377$ & $0.0296401$ & $-0.0269332$ & $-0.0255212$ & $-0.00550426$ & $0.00128196$ & $0.0560465$ & $0.0381342$ & $0.0496161$ & $-0.00487429$ & $0.00258196$ & $-0.00417587$ & $0.0383117$ & $0.0309273$ & $0.0337166$ & $-0.00277462$ & $0.0126938$ & $-0.00669678$ & $-0.0182069$ & $-0.032144$ & $0.00544822$ & $-0.0314335$ & $0.0223262$ & $0.0134695$ & $-0.00595674$ & $0.00818612$ & $-0.0288518$ & $-0.0224961$ & $-0.0261568$ & $-0.0105576$ & $0.0298591$ & $-0.0484705$ & $0.0585034$ & $0.0202538$ & $-0.0455904$ & $0.0662723$ & $-0.028454$ & $0.07882$ & $0.0244773$ & $-0.0281611$ & $0.0687275$ & $-0.03384$ \\
CW & $-0.0208978$ & $-0.0535268$ & $0.00392619$ & $-0.0283681$ & $0.0314076$ & $1$ & $0.0287044$ & $-0.013785$ & $-0.0191804$ & $0.00352561$ & $0.135775$ & $0.0590116$ & $-0.0418862$ & $-0.0449405$ & $-0.0962366$ & $-0.0859474$ & $-0.369047$ & $-0.174069$ & $-0.174288$ & $-0.132731$ & $-0.136311$ & $-0.135328$ & $-0.0515529$ & $-0.163381$ & $-0.210487$ & $0.133757$ & $-0.0348363$ & $-0.0266311$ & $-0.0460685$ & $-0.0448494$ & $-0.0273404$ & $0.0164474$ & $-0.0359184$ & $-0.0570396$ & $-0.0480629$ & $-0.00591074$ & $0.023774$ & $-0.0295099$ & $-0.0246277$ & $-0.0562407$ & $-0.0021327$ & $0.016579$ & $-0.0899531$ & $0.010987$ & $0.0530553$ & $0.0355485$ & $-0.013623$ & $0.00942001$ & $0.0221603$ \\
CHG & $-0.0554362$ & $-0.0164743$ & $-0.0322089$ & $-0.095365$ & $0.00226314$ & $0.0287044$ & $1$ & $-0.00629065$ & $0.0159116$ & $0.149909$ & $0.057784$ & $0.720932$ & $-0.7519$ & $-0.0965561$ & $0.00286938$ & $-0.00423196$ & $-0.0995787$ & $-0.104021$ & $-0.0949387$ & $-0.0541795$ & $-0.0590832$ & $-0.0496016$ & $-0.0109619$ & $-0.0423492$ & $-0.0622009$ & $0.0523107$ & $0.0265379$ & $-0.0160175$ & $-0.120277$ & $-0.53071$ & $-0.309599$ & $0.949768$ & $-0.551018$ & $-0.0164534$ & $-0.113019$ & $-0.0722431$ & $0.0163304$ & $-0.0319205$ & $-0.000270749$ & $0.00219958$ & $-0.0444521$ & $0.0169836$ & $-0.0493551$ & $-0.0114604$ & $0.047557$ & $-0.0204045$ & $-0.0211047$ & $-0.081569$ & $-0.0182846$ \\
CHWB & $-0.00446247$ & $-0.0765833$ & $0.0190583$ & $-0.0406534$ & $0.0238377$ & $-0.013785$ & $-0.00629065$ & $1$ & $0.988759$ & $-0.539508$ & $-0.865584$ & $-0.0641956$ & $0.00261149$ & $0.268746$ & $0.434279$ & $0.456359$ & $-0.236035$ & $-0.399161$ & $-0.414772$ & $0.849062$ & $0.879795$ & $0.871059$ & $0.0301931$ & $-0.613486$ & $-0.379481$ & $-0.588695$ & $0.393463$ & $0.39221$ & $-0.0182011$ & $0.0284194$ & $0.046696$ & $-0.00837069$ & $0.00169202$ & $0.521702$ & $-0.0334381$ & $-0.0580258$ & $-0.0144473$ & $0.0180947$ & $0.0437259$ & $-0.00363969$ & $0.0259548$ & $-0.0130108$ & $0.0524777$ & $0.0457836$ & $0.0235321$ & $0.0288617$ & $-0.0282738$ & $-0.0183901$ & $-0.0629139$ \\
CHWHB_gaga & $-0.00118209$ & $-0.0757313$ & $0.0204108$ & $-0.0493282$ & $0.0296401$ & $-0.0191804$ & $0.0159116$ & $0.988759$ & $1$ & $-0.531249$ & $-0.852658$ & $-0.0621647$ & $0.00623666$ & $0.257658$ & $0.434625$ & $0.452365$ & $-0.238547$ & $-0.404687$ & $-0.416699$ & $0.837001$ & $0.866461$ & $0.857863$ & $0.0322953$ & $-0.610015$ & $-0.383394$ & $-0.583426$ & $0.384554$ & $0.382746$ & $-0.0104246$ & $0.0506119$ & $0.0609206$ & $0.0126992$ & $0.0247292$ & $0.511283$ & $-0.0462654$ & $-0.0656919$ & $-0.0229396$ & $0.0261321$ & $0.0393444$ & $-0.00609095$ & $0.0213731$ & $-0.0106475$ & $0.117165$ & $0.0529107$ & $0.0276364$ & $0.0317067$ & $-0.0289047$ & $-0.0214385$ & $-0.0588471$ \\
CHWHB_gagaorth & $-0.00313542$ & $0.0513271$ & $-0.00390897$ & $-0.0386969$ & $-0.0269332$ & $0.00352561$ & $0.149909$ & $-0.539508$ & $-0.531249$ & $1$ & $0.45087$ & $0.325992$ & $-0.186089$ & $-0.115741$ & $-0.217739$ & $-0.279328$ & $0.1548$ & $0.232434$ & $0.27228$ & $-0.443593$ & $-0.459844$ & $-0.459439$ & $-0.0395158$ & $0.355257$ & $0.245162$ & $0.329293$ & $-0.182911$ & $-0.178072$ & $-0.0175762$ & $-0.168679$ & $-0.17215$ & $0.160733$ & $-0.194421$ & $-0.29894$ & $0.0217888$ & $0.0106423$ & $-0.029143$ & $0.000907671$ & $-0.0234656$ & $-0.0269399$ & $-0.0434336$ & $0.058538$ & $-0.0761974$ & $-0.0351734$ & $0.00422686$ & $-0.0669597$ & $-0.0095524$ & $0.0239386$ & $0.00579912$ \\
CHD & $0.00681302$ & $0.0652234$ & $-0.00183056$ & $0.0251526$ & $-0.0255212$ & $0.135775$ & $0.057784$ & $-0.865584$ & $-0.852658$ & $0.45087$ & $1$ & $0.144807$ & $-0.0536147$ & $-0.674989$ & $-0.567102$ & $-0.575393$ & $-0.254248$ & $-0.0393028$ & $-0.026301$ & $-0.994822$ & $-0.99487$ & $-0.982551$ & $0.0221595$ & $0.18077$ & $-0.0686581$ & $0.683959$ & $-0.251251$ & $-0.432617$ & $0.0481248$ & $-0.0529941$ & $-0.0661933$ & $0.073353$ & $-0.0352206$ & $-0.302313$ & $0.018126$ & $0.0608986$ & $-0.0104445$ & $-0.00346775$ & $-0.0365588$ & $0.00226596$ & $-0.0290342$ & $0.0366611$ & $-0.0441263$ & $-0.054139$ & $-0.0186977$ & $-0.0120941$ & $0.0192924$ & $0.0123842$ & $0.0761865$ \\
CHbox & $-0.104631$ & $-0.00163621$ & $-0.00765185$ & $-0.107913$ & $-0.00550426$ & $0.0590116$ & $0.720932$ & $-0.0641956$ & $-0.0621647$ & $0.325992$ & $0.144807$ & $1$ & $-0.957001$ & $-0.170941$ & $-0.0707352$ & $-0.069335$ & $-0.156459$ & $-0.124656$ & $-0.118727$ & $-0.143279$ & $-0.142698$ & $-0.134192$ & $0.00416224$ & $-0.0635868$ & $-0.0843423$ & $0.118672$ & $0.036899$ & $-0.0333471$ & $-0.162296$ & $-0.582162$ & $-0.359566$ & $0.653537$ & $-0.61603$ & $-0.00869448$ & $-0.146318$ & $-0.0872806$ & $0.0188388$ & $-0.024579$ & $0.0481259$ & $0.00110586$ & $-0.0166222$ & $0.0397457$ & $-0.0634467$ & $-0.01705$ & $0.0355279$ & $-0.0204871$ & $-0.00919371$ & $-0.083045$ & $-0.02198$ \\
CH & $0.115848$ & $0.0194562$ & $0.00984934$ & $0.0912785$ & $0.00128196$ & $-0.0418862$ & $-0.7519$ & $0.00261149$ & $0.00623666$ & $-0.186089$ & $-0.0536147$ & $-0.957001$ & $1$ & $0.084528$ & $0.0325897$ & $0.0162329$ & $0.0984686$ & $0.0788363$ & $0.0834728$ & $0.0533923$ & $0.0513369$ & $0.0424011$ & $-0.00872351$ & $0.0517471$ & $0.0423984$ & $-0.049855$ & $-0.0545302$ & $0.00638347$ & $0.184732$ & $0.644353$ & $0.366785$ & $-0.663406$ & $0.671335$ & $-0.017506$ & $0.165616$ & $0.104106$ & $-0.0281334$ & $0.0313431$ & $-0.0475434$ & $-0.00382535$ & $0.00770063$ & $-0.0223846$ & $0.0556399$ & $0.0171106$ & $-0.0438828$ & $0.0116146$ & $0.00450634$ & $0.0828496$ & $0.0283474$ \\
CHL1_11 & $-0.0293592$ & $-0.0525932$ & $-0.00777929$ & $0.00172603$ & $0.0560465$ & $-0.0449405$ & $-0.0965561$ & $0.268746$ & $0.257658$ & $-0.115741$ & $-0.674989$ & $-0.170941$ & $0.084528$ & $1$ & $0.433484$ & $0.42428$ & $0.642693$ & $0.594286$ & $0.588427$ & $0.686244$ & $0.645369$ & $0.63531$ & $-0.102865$ & $0.45898$ & $0.595054$ & $-0.454253$ & $-0.0792343$ & $0.264973$ & $-0.0600714$ & $0.0480536$ & $0.0449087$ & $-0.12264$ & $0.063605$ & $-0.192293$ & $-0.00987476$ & $-0.0271389$ & $0.0498051$ & $-0.0310117$ & $0.0329063$ & $-0.00872297$ & $0.00487155$ & $-0.0283119$ & $0.00311008$ & $0.0462956$ & $0.00798107$ & $-0.0213582$ & $-0.00359954$ & $0.00854367$ & $-0.0468881$ \\
CHL1_22 & $0.00559398$ & $-0.00957909$ & $0.0127577$ & $0.00562076$ & $0.0381342$ & $-0.0962366$ & $0.00286938$ & $0.434279$ & $0.434625$ & $-0.217739$ & $-0.567102$ & $-0.0707352$ & $0.0325897$ & $0.433484$ & $1$ & $0.558327$ & $0.188825$ & $-0.280754$ & $0.0151519$ & $0.613147$ & $0.509538$ & $0.504009$ & $-0.143799$ & $0.0809392$ & $-0.0459455$ & $-0.387503$ & $-0.331439$ & $0.198052$ & $-0.0122346$ & $0.0406661$ & $0.0641013$ & $0.00531838$ & $0.0470388$ & $-0.501309$ & $0.0269646$ & $-0.0130757$ & $0.0312012$ & $0.0586287$ & $0.0541805$ & $-0.0394234$ & $-0.00924438$ & $-0.0556364$ & $0.0263847$ & $0.0636485$ & $-0.0311234$ & $-0.00100218$ & $-0.0350508$ & $-0.0172955$ & $-0.0188636$ \\
CHL1_33 & $-0.058686$ & $-0.0482098$ & $0.0189543$ & $-0.00811681$ & $0.0496161$ & $-0.0859474$ & $-0.00423196$ & $0.456359$ & $0.452365$ & $-0.279328$ & $-0.575393$ & $-0.069335$ & $0.0162329$ & $0.42428$ & $0.558327$ & $1$ & $0.167904$ & $-0.00139938$ & $-0.287296$ & $0.61667$ & $0.521458$ & $0.528848$ & $-0.12746$ & $0.0488503$ & $-0.0627715$ & $-0.40187$ & $-0.312147$ & $0.155919$ & $-0.0457351$ & $0.0319288$ & $0.0485435$ & $-0.0169132$ & $0.0021988$ & $-0.0567953$ & $-0.0117381$ & $-0.0482502$ & $0.0490195$ & $0.0454741$ & $0.0365937$ & $-0.0226733$ & $0.0522548$ & $-0.0757696$ & $0.0191343$ & $0.0861064$ & $0.00370104$ & $-0.00131107$ & $-0.00975321$ & $-0.00279274$ & $-0.073044$ \\
CHL3_11 & $-0.00320632$ & $0.0152998$ & $-0.0170722$ & $0.0327442$ & $-0.00487429$ & $-0.369047$ & $-0.0995787$ & $-0.236035$ & $-0.238547$ & $0.1548$ & $-0.254248$ & $-0.156459$ & $0.0984686$ & $0.642693$ & $0.188825$ & $0.167904$ & $1$ & $0.828981$ & $0.831463$ & $0.264112$ & $0.231889$ & $0.225517$ & $-0.0524354$ & $0.773423$ & $0.858582$ & $-0.192999$ & $-0.159555$ & $0.0882455$ & $-0.0543574$ & $0.053648$ & $0.0433316$ & $-0.125521$ & $0.0569104$ & $-0.264531$ & $0.0462915$ & $-0.00439301$ & $0.0249023$ & $-0.0248502$ & $-0.03654$ & $0.00768077$ & $0.0183087$ & $-0.0553681$ & $0.000679146$ & $0.0122915$ & $-0.0116266$ & $-0.0188837$ & $0.0229389$ & $0.00343615$ & $-0.0346054$ \\
CHL3_22 & $-0.0238241$ & $-0.0109904$ & $-0.0228577$ & $0.0231269$ & $0.00258196$ & $-0.174069$ & $-0.104021$ & $-0.399161$ & $-0.404687$ & $0.232434$ & $-0.0393028$ & $-0.124656$ & $0.0788363$ & $0.594286$ & $-0.280754$ & $-0.00139938$ & $0.828981$ & $1$ & $0.798065$ & $0.0352314$ & $0.0354986$ & $0.0323126$ & $-0.0204796$ & $0.741341$ & $0.868275$ & $-0.0331632$ & $-0.0535294$ & $0.00700337$ & $-0.0587748$ & $0.0259612$ & $0.00237017$ & $-0.13446$ & $0.0339566$ & $-0.0682554$ & $0.00821312$ & $-0.00541241$ & $0.0288375$ & $-0.0634442$ & $-0.0407237$ & $0.0241269$ & $0.0156474$ & $-0.0170926$ & $-0.0287454$ & $-0.00993923$ & $0.0153738$ & $-0.024299$ & $0.0348346$ & $0.0213195$ & $-0.0261711$ \\
CHL3_33 & $0.0212168$ & $0.017056$ & $-0.0238911$ & $0.032466$ & $-0.00417587$ & $-0.174288$ & $-0.0949387$ & $-0.414772$ & $-0.416699$ & $0.27228$ & $-0.026301$ & $-0.118727$ & $0.0834728$ & $0.588427$ & $0.0151519$ & $-0.287296$ & $0.831463$ & $0.798065$ & $1$ & $0.0250985$ & $0.0211355$ & $0.0218443$ & $-0.0277598$ & $0.755273$ & $0.871193$ & $-0.0187945$ & $-0.0615047$ & $0.0308376$ & $-0.0375809$ & $0.026234$ & $0.0088635$ & $-0.117464$ & $0.0585529$ & $-0.368747$ & $0.0293296$ & $0.0150397$ & $0.0165755$ & $-0.0463433$ & $-0.0225636$ & $0.0086725$ & $-0.0197224$ & $-0.00317183$ & $-0.0217838$ & $-0.0294433$ & $-0.0101388$ & $-0.0246801$ & $0.0194203$ & $0.011833$ & $0.00274388$ \\
CHe_11 & $-0.0125792$ & $-0.0455345$ & $0.0102118$ & $-0.0233012$ & $0.0383117$ & $-0.132731$ & $-0.0541795$ & $0.849062$ & $0.837001$ & $-0.443593$ & $-0.994822$ & $-0.143279$ & $0.0533923$ & $0.686244$ & $0.613147$ & $0.61667$ & $0.264112$ & $0.0352314$ & $0.0250985$ & $1$ & $0.984881$ & $0.972717$ & $-0.0381145$ & $-0.149918$ & $0.0712983$ & $-0.679567$ & $0.195545$ & $0.424544$ & $-0.0486759$ & $0.0517531$ & $0.0671686$ & $-0.0694791$ & $0.0362553$ & $0.243198$ & $-0.0171543$ & $-0.0636355$ & $0.0130507$ & $0.00528067$ & $0.039065$ & $-0.00162885$ & $0.029558$ & $-0.0411568$ & $0.0412341$ & $0.0599256$ & $0.0153916$ & $0.0114169$ & $-0.0219936$ & $-0.00970756$ & $-0.0767437$ \\
CHe_22 & $-0.00899507$ & $-0.0440248$ & $0.00811425$ & $-0.0281309$ & $0.0309273$ & $-0.136311$ & $-0.0590832$ & $0.879795$ & $0.866461$ & $-0.459844$ & $-0.99487$ & $-0.142698$ & $0.0513369$ & $0.645369$ & $0.509538$ & $0.521458$ & $0.231889$ & $0.0354986$ & $0.0211355$ & $0.984881$ & $1$ & $0.98605$ & $-0.00303712$ & $-0.223393$ & $0.0581667$ & $-0.682432$ & $0.313742$ & $0.43946$ & $-0.0454631$ & $0.0514478$ & $0.0640346$ & $-0.074076$ & $0.0335126$ & $0.37152$ & $-0.0186595$ & $-0.0618142$ & $0.00508899$ & $-0.00119651$ & $0.0324104$ & $0.00231828$ & $0.0315925$ & $-0.0314443$ & $0.049082$ & $0.052938$ & $0.0194395$ & $0.0140502$ & $-0.0176357$ & $-0.0146844$ & $-0.0778426$ \\
CHe_33 & $-0.0172376$ & $-0.045539$ & $0.0120432$ & $-0.0242148$ & $0.0337166$ & $-0.135328$ & $-0.0496016$ & $0.871059$ & $0.857863$ & $-0.459439$ & $-0.982551$ & $-0.134192$ & $0.0424011$ & $0.63531$ & $0.504009$ & $0.528848$ & $0.225517$ & $0.0323126$ & $0.0218443$ & $0.972717$ & $0.98605$ & $1$ & $0.00014323$ & $-0.220327$ & $0.0578411$ & $-0.672396$ & $0.317394$ & $0.425374$ & $-0.0469507$ & $0.0448464$ & $0.056904$ & $-0.0669022$ & $0.0235457$ & $0.36988$ & $-0.0267067$ & $-0.0569452$ & $0.00496383$ & $0.00433813$ & $0.0416902$ & $-0.000446103$ & $0.0295067$ & $-0.0297665$ & $0.0459508$ & $0.0458391$ & $0.0177361$ & $0.012538$ & $-0.0195244$ & $-0.0172379$ & $-0.0801934$ \\
CHQ1_11 & $-0.0309448$ & $0.00119505$ & $0.0188036$ & $0.0160595$ & $-0.00277462$ & $-0.0515529$ & $-0.0109619$ & $0.0301931$ & $0.0322953$ & $-0.0395158$ & $0.0221595$ & $0.00416224$ & $-0.00872351$ & $-0.102865$ & $-0.143799$ & $-0.12746$ & $-0.0524354$ & $-0.0204796$ & $-0.0277598$ & $-0.0381145$ & $-0.00303712$ & $0.00014323$ & $1$ & $-0.114791$ & $0.0572997$ & $-0.571548$ & $0.326587$ & $0.000844425$ & $0.0103123$ & $0.0169403$ & $-0.00802286$ & $-0.00946732$ & $0.00215078$ & $0.176157$ & $-0.0127316$ & $-0.00947997$ & $-0.0311748$ & $0.0408618$ & $0.0674196$ & $-0.0141528$ & $-0.0124466$ & $0.0701299$ & $0.0368436$ & $-0.0155512$ & $-0.0146999$ & $0.0182185$ & $0.0209617$ & $0.0260072$ & $-0.0102097$ \\
CHQ1_33 & $-0.0701154$ & $0.00464706$ & $-0.0239126$ & $0.010591$ & $0.0126938$ & $-0.163381$ & $-0.0423492$ & $-0.613486$ & $-0.610015$ & $0.355257$ & $0.18077$ & $-0.0635868$ & $0.0517471$ & $0.45898$ & $0.0809392$ & $0.0488503$ & $0.773423$ & $0.741341$ & $0.755273$ & $-0.149918$ & $-0.223393$ & $-0.220327$ & $-0.114791$ & $1$ & $0.761058$ & $0.121814$ & $-0.400903$ & $-0.045242$ & $-0.0121426$ & $0.00620254$ & $-0.0165298$ & $-0.066815$ & $0.038059$ & $-0.606274$ & $0.0198638$ & $0.0391165$ & $0.0355747$ & $-0.0248055$ & $-0.00900257$ & $0.0054752$ & $-0.0119429$ & $-0.0269823$ & $-0.0415411$ & $0.00712741$ & $-0.0139694$ & $-0.0528902$ & $0.0253976$ & $0.00706524$ & $0.0239963$ \\
CHQ3_11 & $-0.0910076$ & $0.0119615$ & $-0.0382337$ & $0.0220891$ & $-0.00669678$ & $-0.210487$ & $-0.0622009$ & $-0.379481$ & $-0.383394$ & $0.245162$ & $-0.0686581$ & $-0.0843423$ & $0.0423984$ & $0.595054$ & $-0.0459455$ & $-0.0627715$ & $0.858582$ & $0.868275$ & $0.871193$ & $0.0712983$ & $0.0581667$ & $0.0578411$ & $0.0572997$ & $0.761058$ & $1$ & $-0.0576957$ & $0.108762$ & $0.0300913$ & $-0.034108$ & $0.00571544$ & $0.00701335$ & $-0.0900751$ & $0.0167505$ & $-0.253784$ & $0.0269759$ & $-0.0116629$ & $0.020479$ & $-0.0524941$ & $-0.0209953$ & $-0.00884286$ & $-0.0158691$ & $0.00370736$ & $-0.0149753$ & $-0.00553618$ & $0.00975952$ & $-0.0292525$ & $0.0272145$ & $0.00125197$ & $-0.012421$ \\
CHu_11 & $0.00730555$ & $0.0283542$ & $-0.0483044$ & $0.0197692$ & $-0.0182069$ & $0.133757$ & $0.0523107$ & $-0.588695$ & $-0.583426$ & $0.329293$ & $0.683959$ & $0.118672$ & $-0.049855$ & $-0.454253$ & $-0.387503$ & $-0.40187$ & $-0.192999$ & $-0.0331632$ & $-0.0187945$ & $-0.679567$ & $-0.682432$ & $-0.672396$ & $-0.571548$ & $0.121814$ & $-0.0576957$ & $1$ & $-0.153675$ & $-0.284959$ & $0.048164$ & $-0.0655174$ & $-0.04695$ & $0.0596763$ & $-0.0430627$ & $-0.215486$ & $0.0155102$ & $0.0306394$ & $0.0128392$ & $-0.0634123$ & $-0.0778296$ & $0.00512538$ & $-0.0177898$ & $-0.000629466$ & $-0.0437884$ & $-0.0368723$ & $0.00698079$ & $-0.00671981$ & $-0.00460769$ & $-0.0128544$ & $0.0579395$ \\
CHd_11 & $-0.00263622$ & $-0.00193005$ & $-0.0278981$ & $-0.0433756$ & $-0.032144$ & $-0.0348363$ & $0.0265379$ & $0.393463$ & $0.384554$ & $-0.182911$ & $-0.251251$ & $0.036899$ & $-0.0545302$ & $-0.0792343$ & $-0.331439$ & $-0.312147$ & $-0.159555$ & $-0.0535294$ & $-0.0615047$ & $0.195545$ & $0.313742$ & $0.317394$ & $0.326587$ & $-0.400903$ & $0.108762$ & $-0.153675$ & $1$ & $0.188056$ & $0.0299874$ & $-0.0307697$ & $-0.0231664$ & $0.0195465$ & $-0.0488522$ & $0.687859$ & $-0.0299088$ & $-0.0364232$ & $-0.0615694$ & $-0.0517421$ & $0.00516713$ & $-0.0100943$ & $-0.0175831$ & $0.0809091$ & $0.0414538$ & $-0.0299418$ & $0.0464246$ & $0.00675447$ & $0.000803794$ & $-0.0294325$ & $-0.00592737$ \\
CHd_33 & $0.0478117$ & $-0.0262655$ & $-0.0250824$ & $-0.0164891$ & $0.00544822$ & $-0.0266311$ & $-0.0160175$ & $0.39221$ & $0.382746$ & $-0.178072$ & $-0.432617$ & $-0.0333471$ & $0.00638347$ & $0.264973$ & $0.198052$ & $0.155919$ & $0.0882455$ & $0.00700337$ & $0.0308376$ & $0.424544$ & $0.43946$ & $0.425374$ & $0.000844425$ & $-0.045242$ & $0.0300913$ & $-0.284959$ & $0.188056$ & $1$ & $0.0273742$ & $-0.0301304$ & $-0.032752$ & $-0.0426325$ & $0.00624881$ & $0.189934$ & $-0.0549851$ & $-0.0325725$ & $0.0562114$ & $-0.00103478$ & $0.0213583$ & $-0.0234667$ & $-0.0230944$ & $-0.00733804$ & $0.0272456$ & $0.0111858$ & $0.0236406$ & $0.0274922$ & $-0.040125$ & $0.00515147$ & $0.0031464$ \\
CeH_22r & $-0.026227$ & $0.0390094$ & $-0.0249829$ & $0.0127894$ & $-0.0314335$ & $-0.0460685$ & $-0.120277$ & $-0.0182011$ & $-0.0104246$ & $-0.0175762$ & $0.0481248$ & $-0.162296$ & $0.184732$ & $-0.0600714$ & $-0.0122346$ & $-0.0457351$ & $-0.0543574$ & $-0.0587748$ & $-0.0375809$ & $-0.0486759$ & $-0.0454631$ & $-0.0469507$ & $0.0103123$ & $-0.0121426$ & $-0.034108$ & $0.048164$ & $0.0299874$ & $0.0273742$ & $1$ & $0.135279$ & $0.0963484$ & $-0.103765$ & $0.151712$ & $-0.00766828$ & $0.0156738$ & $0.0308421$ & $-0.0406444$ & $0.0350397$ & $-0.0663085$ & $-0.00603894$ & $-0.0391955$ & $0.0084088$ & $0.0291867$ & $0.0405708$ & $-0.0313796$ & $-0.0366014$ & $0.00596374$ & $0.0221053$ & $0.0299809$ \\
CeH_33r & $0.0795702$ & $0.0315354$ & $0.00462307$ & $0.0724268$ & $0.0223262$ & $-0.0448494$ & $-0.53071$ & $0.0284194$ & $0.0506119$ & $-0.168679$ & $-0.0529941$ & $-0.582162$ & $0.644353$ & $0.0480536$ & $0.0406661$ & $0.0319288$ & $0.053648$ & $0.0259612$ & $0.026234$ & $0.0517531$ & $0.0514478$ & $0.0448464$ & $0.0169403$ & $0.00620254$ & $0.00571544$ & $-0.0655174$ & $-0.0307697$ & $-0.0301304$ & $0.135279$ & $1$ & $0.417468$ & $-0.389267$ & $0.775374$ & $0.00271727$ & $0.0462442$ & $0.0647522$ & $-0.143176$ & $0.0161429$ & $0.00409884$ & $-0.0275303$ & $0.0248566$ & $-0.0127063$ & $0.0435934$ & $0.00343386$ & $0.0267597$ & $0.0276782$ & $-0.0166478$ & $0.0395335$ & $-0.000820661$ \\
CuH_22r & $-0.00243019$ & $0.0350514$ & $-0.0325562$ & $0.0730958$ & $0.0134695$ & $-0.0273404$ & $-0.309599$ & $0.046696$ & $0.0609206$ & $-0.17215$ & $-0.0661933$ & $-0.359566$ & $0.366785$ & $0.0449087$ & $0.0641013$ & $0.0485435$ & $0.0433316$ & $0.00237017$ & $0.0088635$ & $0.0671686$ & $0.0640346$ & $0.056904$ & $-0.00802286$ & $-0.0165298$ & $0.00701335$ & $-0.04695$ & $-0.0231664$ & $-0.032752$ & $0.0963484$ & $0.417468$ & $1$ & $-0.209677$ & $0.476743$ & $-0.00305352$ & $0.0281984$ & $0.0357448$ & $-0.0486781$ & $0.0329068$ & $0.023719$ & $0.0116061$ & $-0.00406078$ & $-0.0114044$ & $0.0870442$ & $-0.0222832$ & $0.0029857$ & $0.14656$ & $0.302054$ & $0.0205088$ & $0.00409447$ \\
CuH_33r & $-0.045405$ & $0.0139507$ & $-0.0380243$ & $-0.0901734$ & $-0.00595674$ & $0.0164474$ & $0.949768$ & $-0.00837069$ & $0.0126992$ & $0.160733$ & $0.073353$ & $0.653537$ & $-0.663406$ & $-0.12264$ & $0.00531838$ & $-0.0169132$ & $-0.125521$ & $-0.13446$ & $-0.117464$ & $-0.0694791$ & $-0.074076$ & $-0.0669022$ & $-0.00946732$ & $-0.066815$ & $-0.0900751$ & $0.0596763$ & $0.0195465$ & $-0.0426325$ & $-0.103765$ & $-0.389267$ & $-0.209677$ & $1$ & $-0.390509$ & $-0.0201732$ & $-0.0530708$ & $-0.0220663$ & $-0.00408963$ & $-0.0353559$ & $0.0270524$ & $-0.011484$ & $-0.0355092$ & $0.0207571$ & $-0.0234628$ & $-0.0186227$ & $0.0331799$ & $-0.026475$ & $-0.0322059$ & $-0.0664119$ & $-0.0203332$ \\
CdH_33r & $0.109922$ & $0.0590907$ & $0.0239852$ & $0.0625737$ & $0.00818612$ & $-0.0359184$ & $-0.551018$ & $0.00169202$ & $0.0247292$ & $-0.194421$ & $-0.0352206$ & $-0.61603$ & $0.671335$ & $0.063605$ & $0.0470388$ & $0.0021988$ & $0.0569104$ & $0.0339566$ & $0.0585529$ & $0.0362553$ & $0.0335126$ & $0.0235457$ & $0.00215078$ & $0.038059$ & $0.0167505$ & $-0.0430627$ & $-0.0488522$ & $0.00624881$ & $0.151712$ & $0.775374$ & $0.476743$ & $-0.390509$ & $1$ & $-0.037912$ & $0.042881$ & $0.0743118$ & $-0.119035$ & $0.0314087$ & $0.0114334$ & $-0.010523$ & $-0.00874164$ & $-0.00841072$ & $0.0992744$ & $0.0491859$ & $-0.0396275$ & $0.0229373$ & $-0.03203$ & $0.162804$ & $0.380389$ \\
CLL_1221 & $-0.00554828$ & $0.00844132$ & $0.011772$ & $-0.0412942$ & $-0.0288518$ & $-0.0570396$ & $-0.0164534$ & $0.521702$ & $0.511283$ & $-0.29894$ & $-0.302313$ & $-0.00869448$ & $-0.017506$ & $-0.192293$ & $-0.501309$ & $-0.0567953$ & $-0.264531$ & $-0.0682554$ & $-0.368747$ & $0.243198$ & $0.37152$ & $0.36988$ & $0.176157$ & $-0.606274$ & $-0.253784$ & $-0.215486$ & $0.687859$ & $0.189934$ & $-0.00766828$ & $0.00271727$ & $-0.00305352$ & $-0.0201732$ & $-0.037912$ & $1$ & $-0.0367052$ & $-0.0398384$ & $-0.0481596$ & $-0.0328502$ & $-0.0247454$ & $0.0320642$ & $0.0437127$ & $0.0204848$ & $0.0342965$ & $-0.0125685$ & $0.0432666$ & $0.0330694$ & $0.0113262$ & $-0.0110225$ & $-0.0480828$ \\
eHggint & $0.00790053$ & $0.0302199$ & $0.0330994$ & $0.0192086$ & $-0.0224961$ & $-0.0480629$ & $-0.113019$ & $-0.0334381$ & $-0.0462654$ & $0.0217888$ & $0.018126$ & $-0.146318$ & $0.165616$ & $-0.00987476$ & $0.0269646$ & $-0.0117381$ & $0.0462915$ & $0.00821312$ & $0.0293296$ & $-0.0171543$ & $-0.0186595$ & $-0.0267067$ & $-0.0127316$ & $0.0198638$ & $0.0269759$ & $0.0155102$ & $-0.0299088$ & $-0.0549851$ & $0.0156738$ & $0.0462442$ & $0.0281984$ & $-0.0530708$ & $0.042881$ & $-0.0367052$ & $1$ & $-0.022902$ & $-0.00263107$ & $0.010609$ & $-0.0179582$ & $-0.00724692$ & $0.0112333$ & $0.0132438$ & $-0.00844971$ & $0.0256261$ & $-0.0270218$ & $-0.0308048$ & $0.0354302$ & $0.0551527$ & $-0.012254$ \\
eHggpar & $0.0373863$ & $0.00836491$ & $0.000525401$ & $-0.00444023$ & $-0.0261568$ & $-0.00591074$ & $-0.0722431$ & $-0.0580258$ & $-0.0656919$ & $0.0106423$ & $0.0608986$ & $-0.0872806$ & $0.104106$ & $-0.0271389$ & $-0.0130757$ & $-0.0482502$ & $-0.00439301$ & $-0.00541241$ & $0.0150397$ & $-0.0636355$ & $-0.0618142$ & $-0.0569452$ & $-0.00947997$ & $0.0391165$ & $-0.0116629$ & $0.0306394$ & $-0.0364232$ & $-0.0325725$ & $0.0308421$ & $0.0647522$ & $0.0357448$ & $-0.0220663$ & $0.0743118$ & $-0.0398384$ & $-0.022902$ & $1$ & $-0.00988738$ & $0.0451425$ & $-0.0262195$ & $-0.0290894$ & $-0.00374463$ & $0.00580588$ & $-0.0240291$ & $-0.0207537$ & $-0.0265735$ & $-0.0178828$ & $0.0168826$ & $-0.00126857$ & $0.0418614$ \\
eHWWint & $-0.0209699$ & $0.0316551$ & $-0.0688182$ & $-0.0219523$ & $-0.0105576$ & $0.023774$ & $0.0163304$ & $-0.0144473$ & $-0.0229396$ & $-0.029143$ & $-0.0104445$ & $0.0188388$ & $-0.0281334$ & $0.0498051$ & $0.0312012$ & $0.0490195$ & $0.0249023$ & $0.0288375$ & $0.0165755$ & $0.0130507$ & $0.00508899$ & $0.00496383$ & $-0.0311748$ & $0.0355747$ & $0.020479$ & $0.0128392$ & $-0.0615694$ & $0.0562114$ & $-0.0406444$ & $-0.143176$ & $-0.0486781$ & $-0.00408963$ & $-0.119035$ & $-0.0481596$ & $-0.00263107$ & $-0.00988738$ & $1$ & $-0.0086121$ & $-0.0301135$ & $-0.000534153$ & $-0.00376285$ & $0.00199106$ & $-0.0244892$ & $0.0272325$ & $0.0211419$ & $-0.00531476$ & $-0.015572$ & $-0.0346458$ & $0.0432342$ \\
eHWWpar & $-0.00877886$ & $-0.0130264$ & $-0.0286734$ & $0.0221048$ & $0.0298591$ & $-0.0295099$ & $-0.0319205$ & $0.0180947$ & $0.0261321$ & $0.000907671$ & $-0.00346775$ & $-0.024579$ & $0.0313431$ & $-0.0310117$ & $0.0586287$ & $0.0454741$ & $-0.0248502$ & $-0.0634442$ & $-0.0463433$ & $0.00528067$ & $-0.00119651$ & $0.00433813$ & $0.0408618$ & $-0.0248055$ & $-0.0524941$ & $-0.0634123$ & $-0.0517421$ & $-0.00103478$ & $0.0350397$ & $0.0161429$ & $0.0329068$ & $-0.0353559$ & $0.0314087$ & $-0.0328502$ & $0.010609$ & $0.0451425$ & $-0.0086121$ & $1$ & $0.00410194$ & $0.0201901$ & $-0.0213425$ & $0.0103697$ & $0.0592645$ & $-0.00215329$ & $-0.0811735$ & $0.00982799$ & $-0.0465726$ & $-0.0190332$ & $0.0213111$ \\
eHZZint & $-0.035888$ & $-0.00313152$ & $0.0269918$ & $-0.0179037$ & $-0.0484705$ & $-0.0246277$ & $-0.000270749$ & $0.0437259$ & $0.0393444$ & $-0.0234656$ & $-0.0365588$ & $0.0481259$ & $-0.0475434$ & $0.0329063$ & $0.0541805$ & $0.0365937$ & $-0.03654$ & $-0.0407237$ & $-0.0225636$ & $0.039065$ & $0.0324104$ & $0.0416902$ & $0.0674196$ & $-0.00900257$ & $-0.0209953$ & $-0.0778296$ & $0.00516713$ & $0.0213583$ & $-0.0663085$ & $0.00409884$ & $0.023719$ & $0.0270524$ & $0.0114334$ & $-0.0247454$ & $-0.0179582$ & $-0.0262195$ & $-0.0301135$ & $0.00410194$ & $1$ & $-0.0827101$ & $0.00736717$ & $0.013486$ & $0.00796068$ & $-0.0216874$ & $0.0143905$ & $-0.0168375$ & $0.0251361$ & $-0.0225135$ & $0.0407039$ \\
eHZZpar & $-0.041705$ & $0.00385078$ & $-0.0159008$ & $-0.0140547$ & $0.0585034$ & $-0.0562407$ & $0.00219958$ & $-0.00363969$ & $-0.00609095$ & $-0.0269399$ & $0.00226596$ & $0.00110586$ & $-0.00382535$ & $-0.00872297$ & $-0.0394234$ & $-0.0226733$ & $0.00768077$ & $0.0241269$ & $0.0086725$ & $-0.00162885$ & $0.00231828$ & $-0.000446103$ & $-0.0141528$ & $0.0054752$ & $-0.00884286$ & $0.00512538$ & $-0.0100943$ & $-0.0234667$ & $-0.00603894$ & $-0.0275303$ & $0.0116061$ & $-0.011484$ & $-0.010523$ & $0.0320642$ & $-0.00724692$ & $-0.0290894$ & $-0.000534153$ & $0.0201901$ & $-0.0827101$ & $1$ & $0.0163853$ & $-0.00139472$ & $-0.0614499$ & $-0.00579338$ & $-0.0475334$ & $-0.0311035$ & $0.0201227$ & $-0.0210724$ & $0.0276978$ \\
eHZgaint & $-0.00736437$ & $0.0210307$ & $-0.0312027$ & $-0.00926767$ & $0.0202538$ & $-0.0021327$ & $-0.0444521$ & $0.0259548$ & $0.0213731$ & $-0.0434336$ & $-0.0290342$ & $-0.0166222$ & $0.00770063$ & $0.00487155$ & $-0.00924438$ & $0.0522548$ & $0.0183087$ & $0.0156474$ & $-0.0197224$ & $0.029558$ & $0.0315925$ & $0.0295067$ & $-0.0124466$ & $-0.0119429$ & $-0.0158691$ & $-0.0177898$ & $-0.0175831$ & $-0.0230944$ & $-0.0391955$ & $0.0248566$ & $-0.00406078$ & $-0.0355092$ & $-0.00874164$ & $0.0437127$ & $0.0112333$ & $-0.00374463$ & $-0.00376285$ & $-0.0213425$ & $0.00736717$ & $0.0163853$ & $1$ & $-0.0149539$ & $0.000948042$ & $0.054968$ & $0.0547205$ & $-0.0260803$ & $-0.00182619$ & $-0.0338824$ & $-0.0360595$ \\
eHZgapar & $0.0120037$ & $-0.016237$ & $0.0079271$ & $-0.0476294$ & $-0.0455904$ & $0.016579$ & $0.0169836$ & $-0.0130108$ & $-0.0106475$ & $0.058538$ & $0.0366611$ & $0.0397457$ & $-0.0223846$ & $-0.0283119$ & $-0.0556364$ & $-0.0757696$ & $-0.0553681$ & $-0.0170926$ & $-0.00317183$ & $-0.0411568$ & $-0.0314443$ & $-0.0297665$ & $0.0701299$ & $-0.0269823$ & $0.00370736$ & $-0.000629466$ & $0.0809091$ & $-0.00733804$ & $0.0084088$ & $-0.0127063$ & $-0.0114044$ & $0.0207571$ & $-0.00841072$ & $0.0204848$ & $0.0132438$ & $0.00580588$ & $0.00199106$ & $0.0103697$ & $0.013486$ & $-0.00139472$ & $-0.0149539$ & $1$ & $0.0154787$ & $-0.0421188$ & $-0.0173324$ & $-0.0548318$ & $0.0321169$ & $-0.011508$ & $0.00101246$ \\
eHgagaint & $0.0557996$ & $0.0215987$ & $-0.0177455$ & $0.029147$ & $0.0662723$ & $-0.0899531$ & $-0.0493551$ & $0.0524777$ & $0.117165$ & $-0.0761974$ & $-0.0441263$ & $-0.0634467$ & $0.0556399$ & $0.00311008$ & $0.0263847$ & $0.0191343$ & $0.000679146$ & $-0.0287454$ & $-0.0217838$ & $0.0412341$ & $0.049082$ & $0.0459508$ & $0.0368436$ & $-0.0415411$ & $-0.0149753$ & $-0.0437884$ & $0.0414538$ & $0.0272456$ & $0.0291867$ & $0.0435934$ & $0.0870442$ & $-0.0234628$ & $0.0992744$ & $0.0342965$ & $-0.00844971$ & $-0.0240291$ & $-0.0244892$ & $0.0592645$ & $0.00796068$ & $-0.0614499$ & $0.000948042$ & $0.0154787$ & $1$ & $0.0253462$ & $-0.0042751$ & $-0.0159679$ & $0.0211445$ & $-0.000853102$ & $0.0216002$ \\
eHmumuint & $-0.0343945$ & $0.0220001$ & $0.0153777$ & $0.00788937$ & $-0.028454$ & $0.010987$ & $-0.0114604$ & $0.0457836$ & $0.0529107$ & $-0.0351734$ & $-0.054139$ & $-0.01705$ & $0.0171106$ & $0.0462956$ & $0.0636485$ & $0.0861064$ & $0.0122915$ & $-0.00993923$ & $-0.0294433$ & $0.0599256$ & $0.052938$ & $0.0458391$ & $-0.0155512$ & $0.00712741$ & $-0.00553618$ & $-0.0368723$ & $-0.0299418$ & $0.0111858$ & $0.0405708$ & $0.00343386$ & $-0.0222832$ & $-0.0186227$ & $0.0491859$ & $-0.0125685$ & $0.0256261$ & $-0.0207537$ & $0.0272325$ & $-0.00215329$ & $-0.0216874$ & $-0.00579338$ & $0.054968$ & $-0.0421188$ & $0.0253462$ & $1$ & $-0.0403896$ & $0.0187017$ & $-0.0308811$ & $-0.01305$ & $0.0524731$ \\
eHtautauint & $-0.00642597$ & $-0.06788$ & $0.00501931$ & $0.0276484$ & $0.07882$ & $0.0530553$ & $0.047557$ & $0.0235321$ & $0.0276364$ & $0.00422686$ & $-0.0186977$ & $0.0355279$ & $-0.0438828$ & $0.00798107$ & $-0.0311234$ & $0.00370104$ & $-0.0116266$ & $0.0153738$ & $-0.0101388$ & $0.0153916$ & $0.0194395$ & $0.0177361$ & $-0.0146999$ & $-0.0139694$ & $0.00975952$ & $0.00698079$ & $0.0464246$ & $0.0236406$ & $-0.0313796$ & $0.0267597$ & $0.0029857$ & $0.0331799$ & $-0.0396275$ & $0.0432666$ & $-0.0270218$ & $-0.0265735$ & $0.0211419$ & $-0.0811735$ & $0.0143905$ & $-0.0475334$ & $0.0547205$ & $-0.0173324$ & $-0.0042751$ & $-0.0403896$ & $1$ & $0.0114116$ & $0.015657$ & $0.0644842$ & $0.0102473$ \\
eHccint & $-0.0229065$ & $-0.0465213$ & $0.073957$ & $-0.00607005$ & $0.0244773$ & $0.0355485$ & $-0.0204045$ & $0.0288617$ & $0.0317067$ & $-0.0669597$ & $-0.0120941$ & $-0.0204871$ & $0.0116146$ & $-0.0213582$ & $-0.00100218$ & $-0.00131107$ & $-0.0188837$ & $-0.024299$ & $-0.0246801$ & $0.0114169$ & $0.0140502$ & $0.012538$ & $0.0182185$ & $-0.0528902$ & $-0.0292525$ & $-0.00671981$ & $0.00675447$ & $0.0274922$ & $-0.0366014$ & $0.0276782$ & $0.14656$ & $-0.026475$ & $0.0229373$ & $0.0330694$ & $-0.0308048$ & $-0.0178828$ & $-0.00531476$ & $0.00982799$ & $-0.0168375$ & $-0.0311035$ & $-0.0260803$ & $-0.0548318$ & $-0.0159679$ & $0.0187017$ & $0.0114116$ & $1$ & $-0.0309086$ & $-0.0313462$ & $-0.0144562$ \\
eHccpar & $-0.0634452$ & $0.00207444$ & $-0.0675413$ & $0.0146323$ & $-0.0281611$ & $-0.013623$ & $-0.0211047$ & $-0.0282738$ & $-0.0289047$ & $-0.0095524$ & $0.0192924$ & $-0.00919371$ & $0.00450634$ & $-0.00359954$ & $-0.0350508$ & $-0.00975321$ & $0.0229389$ & $0.0348346$ & $0.0194203$ & $-0.0219936$ & $-0.0176357$ & $-0.0195244$ & $0.0209617$ & $0.0253976$ & $0.0272145$ & $-0.00460769$ & $0.000803794$ & $-0.040125$ & $0.00596374$ & $-0.0166478$ & $0.302054$ & $-0.0322059$ & $-0.03203$ & $0.0113262$ & $0.0354302$ & $0.0168826$ & $-0.015572$ & $-0.0465726$ & $0.0251361$ & $0.0201227$ & $-0.00182619$ & $0.0321169$ & $0.0211445$ & $-0.0308811$ & $0.015657$ & $-0.0309086$ & $1$ & $-0.06465$ & $-0.0208556$ \\
eHbbint & $0.0306782$ & $-0.0176295$ & $0.0476114$ & $-0.00549492$ & $0.0687275$ & $0.00942001$ & $-0.081569$ & $-0.0183901$ & $-0.0214385$ & $0.0239386$ & $0.0123842$ & $-0.083045$ & $0.0828496$ & $0.00854367$ & $-0.0172955$ & $-0.00279274$ & $0.00343615$ & $0.0213195$ & $0.011833$ & $-0.00970756$ & $-0.0146844$ & $-0.0172379$ & $0.0260072$ & $0.00706524$ & $0.00125197$ & $-0.0128544$ & $-0.0294325$ & $0.00515147$ & $0.0221053$ & $0.0395335$ & $0.0205088$ & $-0.0664119$ & $0.162804$ & $-0.0110225$ & $0.0551527$ & $-0.00126857$ & $-0.0346458$ & $-0.0190332$ & $-0.0225135$ & $-0.0210724$ & $-0.0338824$ & $-0.011508$ & $-0.000853102$ & $-0.01305$ & $0.0644842$ & $-0.0313462$ & $-0.06465$ & $1$ & $0.0175111$ \\
eHbbpar & $0.066138$ & $0.0175045$ & $0.0179628$ & $-0.0108235$ & $-0.03384$ & $0.0221603$ & $-0.0182846$ & $-0.0629139$ & $-0.0588471$ & $0.00579912$ & $0.0761865$ & $-0.02198$ & $0.0283474$ & $-0.0468881$ & $-0.0188636$ & $-0.073044$ & $-0.0346054$ & $-0.0261711$ & $0.00274388$ & $-0.0767437$ & $-0.0778426$ & $-0.0801934$ & $-0.0102097$ & $0.0239963$ & $-0.012421$ & $0.0579395$ & $-0.00592737$ & $0.0031464$ & $0.0299809$ & $-0.000820661$ & $0.00409447$ & $-0.0203332$ & $0.380389$ & $-0.0480828$ & $-0.012254$ & $0.0418614$ & $0.0432342$ & $0.0213111$ & $0.0407039$ & $0.0276978$ & $-0.0360595$ & $0.00101246$ & $0.0216002$ & $0.0524731$ & $0.0102473$ & $-0.0144562$ & $-0.0208556$ & $0.0175111$ & $1$ \\
