 & AlsMz & dAle5Mz & mtop & mHl & Mz & CW & CHG & CHWB & CHWHB_gaga & CHWHB_gagaorth & CHD & CHbox & CH & CHL1_11 & CHL1_22 & CHL1_33 & CHL3_11 & CHL3_22 & CHL3_33 & CHe_11 & CHe_22 & CHe_33 & CHQ1_11 & CHQ1_33 & CHQ3_11 & CHu_11 & CHd_11 & CHd_33 & CeH_22r & CeH_33r & CuH_22r & CuH_33r & CdH_33r & CLL_1221 & eHggint & eHggpar & eHWWint & eHWWpar & eHZZint & eHZZpar & eHZgaint & eHZgapar & eHgagaint & eHmumuint & eHtautauint & eHccint & eHccpar & eHbbint & eHbbpar \\
AlsMz & $1$ & $-0.157592$ & $0.0399492$ & $-0.0796338$ & $0.0103767$ & $0.00998346$ & $-0.0166108$ & $0.00263138$ & $0.00148447$ & $0.0207268$ & $-0.00755689$ & $0.0190427$ & $0.00318073$ & $-0.00793071$ & $-0.00446254$ & $0.000819532$ & $0.00765858$ & $0.00467404$ & $0.00505479$ & $-0.00344502$ & $-0.00133586$ & $-0.00019982$ & $-0.0253338$ & $-0.0562916$ & $-0.0855651$ & $0.00554782$ & $-0.0128061$ & $0.0425889$ & $0.0277747$ & $0.00210216$ & $0.00652518$ & $0.00464638$ & $0.1074$ & $0.00329296$ & $0.186774$ & $0.0130793$ & $-0.0156206$ & $0.0090906$ & $0.0267591$ & $-0.00327625$ & $-0.0174423$ & $0.0220817$ & $0.0792848$ & $0.0876045$ & $0.0651107$ & $-0.106501$ & $0.01486$ & $0.0994123$ & $0.200362$ \\
dAle5Mz & $-0.157592$ & $1$ & $-0.0596402$ & $-0.0740655$ & $0.00638602$ & $-0.00776421$ & $0.0201352$ & $-0.0433367$ & $-0.0647021$ & $0.0215955$ & $0.028623$ & $-0.0020975$ & $-0.0146807$ & $0.00390669$ & $-0.00947876$ & $-0.045477$ & $0.0187615$ & $0.010094$ & $0.0334221$ & $-0.0142248$ & $-0.00459588$ & $-0.00859506$ & $-0.0268497$ & $0.0050918$ & $0.0449884$ & $0.0338783$ & $0.0265551$ & $-0.00251264$ & $-0.00132418$ & $-0.0464523$ & $-0.0442237$ & $0.0132846$ & $-0.0897652$ & $0.0227535$ & $0.121261$ & $-0.0381482$ & $0.0919871$ & $-0.00548363$ & $-0.0818815$ & $-0.033677$ & $-0.131659$ & $-0.0240798$ & $-0.286077$ & $-0.102718$ & $0.0387883$ & $0.0661602$ & $0.0273997$ & $-0.169928$ & $-0.0651472$ \\
mtop & $0.0399492$ & $-0.0596402$ & $1$ & $0.0961565$ & $0.0201184$ & $0.0281433$ & $-0.0100299$ & $-0.050089$ & $-0.049483$ & $0.0645402$ & $0.0526799$ & $0.0307848$ & $-1.55382e-05$ & $-0.0237293$ & $-0.00425857$ & $-0.00999066$ & $0.0203238$ & $0.0106534$ & $0.0191345$ & $-0.0482252$ & $-0.0481549$ & $-0.0488493$ & $-0.0197402$ & $0.0397301$ & $-0.00530257$ & $0.0353004$ & $-0.0452504$ & $-0.0191052$ & $0.0693585$ & $-0.0077276$ & $0.0329558$ & $-0.00890282$ & $0.0296984$ & $-0.0322347$ & $-0.0838213$ & $0.0925426$ & $-0.0631546$ & $0.0122387$ & $0.00920547$ & $0.0209432$ & $-0.115015$ & $-0.00810798$ & $-0.0128944$ & $0.172869$ & $-0.011457$ & $0.0169338$ & $-0.0774527$ & $0.00815191$ & $0.0618144$ \\
mHl & $-0.0796338$ & $-0.0740655$ & $0.0961565$ & $1$ & $0.0630124$ & $-0.000915944$ & $0.00461685$ & $-0.020614$ & $-0.0195475$ & $-0.00574127$ & $0.0158869$ & $-0.0211059$ & $-0.0160622$ & $0.010408$ & $0.0148167$ & $-0.0210287$ & $0.00939383$ & $0.000462039$ & $0.0314373$ & $-0.0148587$ & $-0.0160281$ & $-0.0134201$ & $0.0366219$ & $0.0182873$ & $0.0202544$ & $-0.0145761$ & $-0.0120029$ & $-0.0131455$ & $0.0243227$ & $0.0141804$ & $0.01745$ & $-0.00494083$ & $-0.0204275$ & $-0.0372197$ & $-0.00228399$ & $0.0222293$ & $-0.107661$ & $0.0323967$ & $-0.0766085$ & $-0.00929792$ & $-0.0820742$ & $0.0296211$ & $-0.0274962$ & $0.108233$ & $0.0239873$ & $-0.169317$ & $0.112309$ & $-0.0504752$ & $-0.0389305$ \\
Mz & $0.0103767$ & $0.00638602$ & $0.0201184$ & $0.0630124$ & $1$ & $0.00402125$ & $-0.0408229$ & $-0.00947904$ & $-0.0121673$ & $0.0249507$ & $0.0219852$ & $0.011449$ & $-0.00172337$ & $-0.00283814$ & $-0.00496624$ & $-0.0283916$ & $-0.0089846$ & $-0.00561651$ & $0.0117621$ & $-0.0149052$ & $-0.0106276$ & $-0.0100055$ & $0.0303002$ & $-0.000251436$ & $0.00419209$ & $-0.00371556$ & $0.0197652$ & $-0.0161962$ & $0.0184247$ & $-0.00964604$ & $-0.000462752$ & $-0.0405158$ & $-0.00724811$ & $-0.0063672$ & $0.0167578$ & $0.0115103$ & $0.0241243$ & $0.00479297$ & $-0.00889685$ & $0.0164924$ & $-0.00495316$ & $-0.0165382$ & $-0.01112$ & $0.0101665$ & $-0.00564583$ & $-0.0204531$ & $0.00344667$ & $-0.0195699$ & $0.0188841$ \\
CW & $0.00998346$ & $-0.00776421$ & $0.0281433$ & $-0.000915944$ & $0.00402125$ & $1$ & $-0.0242919$ & $-0.101033$ & $-0.0970059$ & $-0.0217201$ & $0.170028$ & $0.0274165$ & $0.0133198$ & $0.0141981$ & $-0.098927$ & $-0.0862825$ & $-0.275575$ & $-0.0576747$ & $-0.0622772$ & $-0.169334$ & $-0.169821$ & $-0.161325$ & $0.000810106$ & $-0.0157778$ & $-0.102901$ & $0.0896482$ & $-0.0538471$ & $-0.0712213$ & $0.0232435$ & $0.00376391$ & $0.0314109$ & $-0.0229444$ & $-0.00872282$ & $-0.0945108$ & $0.00359906$ & $0.0229866$ & $0.0228488$ & $0.00683518$ & $0.00538153$ & $-0.00827855$ & $0.0217091$ & $0.0137109$ & $0.0200484$ & $0.0178659$ & $0.0174057$ & $-0.00144327$ & $0.0243232$ & $-0.0525703$ & $0.0049311$ \\
CHG & $-0.0166108$ & $0.0201352$ & $-0.0100299$ & $0.00461685$ & $-0.0408229$ & $-0.0242919$ & $1$ & $-0.115152$ & $-0.0644164$ & $0.0909393$ & $0.0590947$ & $-0.262953$ & $-0.320451$ & $0.0653503$ & $-0.0108294$ & $-0.0438522$ & $0.116762$ & $0.109007$ & $0.129125$ & $-0.0581419$ & $-0.0625527$ & $-0.068852$ & $-0.00821636$ & $0.12409$ & $0.122731$ & $0.030891$ & $-0.0412925$ & $-0.000442289$ & $-0.0110673$ & $-0.13085$ & $-0.0603362$ & $0.932719$ & $-0.182806$ & $-0.0793718$ & $-0.00605634$ & $-0.0539306$ & $0.0338463$ & $-0.00192349$ & $-0.0517749$ & $-0.00459717$ & $-0.0113817$ & $-0.00477447$ & $0.00500872$ & $0.0104745$ & $0.00944032$ & $0.00486061$ & $0.0133106$ & $0.0570143$ & $-0.0713035$ \\
CHWB & $0.00263138$ & $-0.0433367$ & $-0.050089$ & $-0.020614$ & $-0.00947904$ & $-0.101033$ & $-0.115152$ & $1$ & $0.983389$ & $-0.58899$ & $-0.875102$ & $0.113884$ & $0.339486$ & $0.0959317$ & $0.275256$ & $0.268531$ & $-0.258864$ & $-0.420829$ & $-0.434653$ & $0.846201$ & $0.89357$ & $0.876541$ & $0.10749$ & $-0.680788$ & $-0.394481$ & $-0.524228$ & $0.460588$ & $0.30966$ & $0.00611405$ & $0.125569$ & $0.0636226$ & $-0.113429$ & $0.129609$ & $0.592226$ & $-0.0386204$ & $0.00223121$ & $-0.0408766$ & $-0.0317929$ & $-0.0380863$ & $0.00135528$ & $0.0254573$ & $0.0170918$ & $0.0331633$ & $-0.0380574$ & $0.000754777$ & $-0.0106328$ & $0.0195651$ & $0.0218633$ & $0.00150004$ \\
CHWHB_gaga & $0.00148447$ & $-0.0647021$ & $-0.049483$ & $-0.0195475$ & $-0.0121673$ & $-0.0970059$ & $-0.0644164$ & $0.983389$ & $1$ & $-0.579474$ & $-0.858134$ & $0.12112$ & $0.332796$ & $0.0899068$ & $0.270952$ & $0.261951$ & $-0.258797$ & $-0.41806$ & $-0.429978$ & $0.829365$ & $0.876081$ & $0.858804$ & $0.107988$ & $-0.670425$ & $-0.390925$ & $-0.513703$ & $0.453689$ & $0.30875$ & $0.0130554$ & $0.150494$ & $0.0770367$ & $-0.0725859$ & $0.150972$ & $0.580883$ & $-0.0583758$ & $-0.0120851$ & $-0.0408523$ & $-0.0272398$ & $-0.0479242$ & $0.00303134$ & $0.0250021$ & $0.020025$ & $0.0970001$ & $-0.041526$ & $-0.0045702$ & $-0.00829647$ & $0.0255001$ & $0.0233843$ & $-0.000222218$ \\
CHWHB_gagaorth & $0.0207268$ & $0.0215955$ & $0.0645402$ & $-0.00574127$ & $0.0249507$ & $-0.0217201$ & $0.0909393$ & $-0.58899$ & $-0.579474$ & $1$ & $0.359834$ & $0.146817$ & $-0.252243$ & $0.233153$ & $-0.109856$ & $-0.0974222$ & $0.468095$ & $0.500347$ & $0.503838$ & $-0.345731$ & $-0.379739$ & $-0.37214$ & $-0.0826702$ & $0.575847$ & $0.497543$ & $0.228378$ & $-0.262475$ & $-0.118941$ & $-0.00924905$ & $-0.142748$ & $-0.081252$ & $0.112183$ & $-0.153629$ & $-0.376864$ & $0.067909$ & $0.000848685$ & $0.0297988$ & $0.0187367$ & $0.0200563$ & $-0.000711268$ & $-0.0396644$ & $0.00231635$ & $-0.0329618$ & $0.0156812$ & $0.0021948$ & $-0.000493061$ & $-0.0200066$ & $-0.00562836$ & $-0.00674409$ \\
CHD & $-0.00755689$ & $0.028623$ & $0.0526799$ & $0.0158869$ & $0.0219852$ & $0.170028$ & $0.0590947$ & $-0.875102$ & $-0.858134$ & $0.359834$ & $1$ & $0.0456688$ & $-0.160493$ & $-0.519877$ & $-0.397395$ & $-0.40447$ & $-0.206927$ & $0.0363636$ & $0.0596419$ & $-0.99066$ & $-0.991219$ & $-0.971284$ & $-0.0482883$ & $0.308595$ & $-0.00154037$ & $0.576828$ & $-0.329806$ & $-0.347521$ & $0.0138303$ & $-0.0705207$ & $-0.0387808$ & $0.0687965$ & $-0.0641153$ & $-0.396846$ & $0.0313688$ & $0.0250339$ & $0.0263058$ & $0.0379384$ & $0.0555322$ & $-0.0071188$ & $-0.00930294$ & $-0.0242447$ & $-0.0284489$ & $0.0375485$ & $-0.0155989$ & $0.0172696$ & $-0.00973666$ & $-0.0219519$ & $0.0213326$ \\
CHbox & $0.0190427$ & $-0.0020975$ & $0.0307848$ & $-0.0211059$ & $0.011449$ & $0.0274165$ & $-0.262953$ & $0.113884$ & $0.12112$ & $0.146817$ & $0.0456688$ & $1$ & $0.831184$ & $-0.297183$ & $0.0347934$ & $0.024995$ & $-0.315207$ & $-0.317684$ & $-0.316219$ & $-0.0375778$ & $-0.0432546$ & $-0.0406532$ & $0.00245082$ & $-0.238282$ & $-0.308043$ & $0.0206976$ & $0.0110639$ & $-0.00857572$ & $0.0537809$ & $0.321369$ & $0.112009$ & $-0.166798$ & $0.385078$ & $0.0605802$ & $0.0982739$ & $0.0392543$ & $0.00917672$ & $0.00116817$ & $-0.00463121$ & $-0.0233003$ & $0.00827754$ & $-0.00875073$ & $-0.0187562$ & $-0.0040283$ & $-0.0193884$ & $0.00342963$ & $-0.0127265$ & $0.0288259$ & $0.0115759$ \\
CH & $0.00318073$ & $-0.0146807$ & $-1.55382e-05$ & $-0.0160622$ & $-0.00172337$ & $0.0133198$ & $-0.320451$ & $0.339486$ & $0.332796$ & $-0.252243$ & $-0.160493$ & $0.831184$ & $1$ & $-0.247184$ & $0.0696792$ & $0.062517$ & $-0.35326$ & $-0.379576$ & $-0.382495$ & $0.156165$ & $0.171024$ & $0.169249$ & $0.0416818$ & $-0.383982$ & $-0.371034$ & $-0.105002$ & $0.138146$ & $0.0606856$ & $0.0443667$ & $0.272217$ & $0.120977$ & $-0.265331$ & $0.32278$ & $0.215957$ & $0.0371421$ & $0.0133467$ & $0.000806458$ & $-0.00786824$ & $-0.0159981$ & $-0.0182082$ & $0.0171141$ & $-0.00545206$ & $0.00380238$ & $-0.013454$ & $-0.00459129$ & $0.00605626$ & $0.00257911$ & $0.0283126$ & $0.00329808$ \\
CHL1_11 & $-0.00793071$ & $0.00390669$ & $-0.0237293$ & $0.010408$ & $-0.00283814$ & $0.0141981$ & $0.0653503$ & $0.0959317$ & $0.0899068$ & $0.233153$ & $-0.519877$ & $-0.297183$ & $-0.247184$ & $1$ & $0.252157$ & $0.280518$ & $0.66996$ & $0.628294$ & $0.603125$ & $0.538599$ & $0.481031$ & $0.469105$ & $-0.0583858$ & $0.471728$ & $0.62865$ & $-0.27657$ & $-0.0657766$ & $0.168015$ & $-0.0319165$ & $-0.0695933$ & $-0.0199299$ & $0.0407223$ & $-0.0877309$ & $-0.188925$ & $-0.0136612$ & $-0.0480614$ & $0.0215546$ & $-0.030814$ & $-0.0631668$ & $0.00455253$ & $-0.00668393$ & $0.0214361$ & $0.0110501$ & $-0.00295887$ & $0.0382577$ & $-0.014176$ & $-0.00106023$ & $0.00930264$ & $-0.041454$ \\
CHL1_22 & $-0.00446254$ & $-0.00947876$ & $-0.00425857$ & $0.0148167$ & $-0.00496624$ & $-0.098927$ & $-0.0108294$ & $0.275256$ & $0.270952$ & $-0.109856$ & $-0.397395$ & $0.0347934$ & $0.0696792$ & $0.252157$ & $1$ & $0.415285$ & $0.166777$ & $-0.422359$ & $-0.0131952$ & $0.461363$ & $0.315429$ & $0.310483$ & $-0.164663$ & $0.109255$ & $-0.113592$ & $-0.18661$ & $-0.375825$ & $0.0957729$ & $-0.0206083$ & $0.0106909$ & $0.00293555$ & $-0.01512$ & $0.0123919$ & $-0.580805$ & $0.0121601$ & $-0.0419384$ & $0.0265094$ & $-0.013078$ & $-0.000476372$ & $-0.0392104$ & $-0.0222225$ & $0.0280379$ & $0.0318165$ & $0.000806518$ & $-0.0104072$ & $-0.0181861$ & $-0.0302298$ & $0.0122572$ & $-0.015624$ \\
CHL1_33 & $0.000819532$ & $-0.045477$ & $-0.00999066$ & $-0.0210287$ & $-0.0283916$ & $-0.0862825$ & $-0.0438522$ & $0.268531$ & $0.261951$ & $-0.0974222$ & $-0.40447$ & $0.024995$ & $0.062517$ & $0.280518$ & $0.415285$ & $1$ & $0.187604$ & $0.0318018$ & $-0.405255$ & $0.469183$ & $0.323539$ & $0.3443$ & $-0.165785$ & $0.132089$ & $-0.0718808$ & $-0.178026$ & $-0.355326$ & $0.112671$ & $-0.0433401$ & $0.0276939$ & $0.0233756$ & $-0.0433504$ & $0.0212716$ & $-0.0840204$ & $0.00414487$ & $-0.0179668$ & $-0.0540868$ & $0.0028795$ & $-0.0215542$ & $0.0148397$ & $0.0115359$ & $0.0196548$ & $0.0135214$ & $0.0322024$ & $-0.0186963$ & $0.00288974$ & $0.00264778$ & $0.0301598$ & $-0.0344$ \\
CHL3_11 & $0.00765858$ & $0.0187615$ & $0.0203238$ & $0.00939383$ & $-0.0089846$ & $-0.275575$ & $0.116762$ & $-0.258864$ & $-0.258797$ & $0.468095$ & $-0.206927$ & $-0.315207$ & $-0.35326$ & $0.66996$ & $0.166777$ & $0.187604$ & $1$ & $0.754512$ & $0.744148$ & $0.230687$ & $0.171351$ & $0.163392$ & $-0.0855721$ & $0.690074$ & $0.789413$ & $-0.0917972$ & $-0.178143$ & $0.0682871$ & $-0.0383616$ & $-0.106907$ & $-0.0522531$ & $0.0944412$ & $-0.125773$ & $-0.265294$ & $0.00855832$ & $-0.0422396$ & $0.0193825$ & $-0.00409536$ & $-0.018655$ & $0.0213597$ & $-0.035815$ & $0.00828916$ & $-0.0124945$ & $-0.00264476$ & $0.0237568$ & $-0.0140425$ & $-0.0257197$ & $0.00284278$ & $-0.0386056$ \\
CHL3_22 & $0.00467404$ & $0.010094$ & $0.0106534$ & $0.000462039$ & $-0.00561651$ & $-0.0576747$ & $0.109007$ & $-0.420829$ & $-0.41806$ & $0.500347$ & $0.0363636$ & $-0.317684$ & $-0.379576$ & $0.628294$ & $-0.422359$ & $0.0318018$ & $0.754512$ & $1$ & $0.677021$ & $-0.0353181$ & $-0.0364258$ & $-0.0360673$ & $-0.00996478$ & $0.636074$ & $0.805851$ & $0.0296585$ & $-0.0255661$ & $0.00186091$ & $-0.0278166$ & $-0.108047$ & $-0.0451097$ & $0.0905005$ & $-0.128166$ & $0.00958132$ & $-0.000191586$ & $-0.0193624$ & $0.00228487$ & $-0.004153$ & $-0.0320448$ & $0.0369948$ & $-0.0125816$ & $-0.00511333$ & $-0.0253253$ & $0.00709441$ & $0.0299497$ & $-0.00167366$ & $-5.52518e-05$ & $-0.00280247$ & $-0.0336499$ \\
CHL3_33 & $0.00505479$ & $0.0334221$ & $0.0191345$ & $0.0314373$ & $0.0117621$ & $-0.0622772$ & $0.129125$ & $-0.434653$ & $-0.429978$ & $0.503838$ & $0.0596419$ & $-0.316219$ & $-0.382495$ & $0.603125$ & $-0.0131952$ & $-0.405255$ & $0.744148$ & $0.677021$ & $1$ & $-0.0611439$ & $-0.0570275$ & $-0.0551247$ & $-0.00569774$ & $0.626944$ & $0.792325$ & $0.0351845$ & $-0.02684$ & $-0.0167932$ & $-0.0102022$ & $-0.128243$ & $-0.0664562$ & $0.106339$ & $-0.14198$ & $-0.357562$ & $0.00472907$ & $-0.0340752$ & $0.0701064$ & $-0.00844893$ & $-0.0150307$ & $2.17856e-05$ & $-0.0379974$ & $0.00481509$ & $-0.00567856$ & $-0.0121897$ & $0.0359249$ & $-0.0169305$ & $-0.0312243$ & $-0.0203802$ & $-0.0170771$ \\
CHe_11 & $-0.00344502$ & $-0.0142248$ & $-0.0482252$ & $-0.0148587$ & $-0.0149052$ & $-0.169334$ & $-0.0581419$ & $0.846201$ & $0.829365$ & $-0.345731$ & $-0.99066$ & $-0.0375778$ & $0.156165$ & $0.538599$ & $0.461363$ & $0.469183$ & $0.230687$ & $-0.0353181$ & $-0.0611439$ & $1$ & $0.972919$ & $0.95451$ & $0.0203681$ & $-0.25405$ & $0.0110685$ & $-0.564442$ & $0.257021$ & $0.341451$ & $-0.0176891$ & $0.0670913$ & $0.0357393$ & $-0.0674882$ & $0.0591457$ & $0.320002$ & $-0.0255308$ & $-0.0290939$ & $-0.0243355$ & $-0.0383222$ & $-0.0579438$ & $0.00269172$ & $0.00580448$ & $0.0242385$ & $0.0243821$ & $-0.036504$ & $0.0123511$ & $-0.0178363$ & $0.0053821$ & $0.018217$ & $-0.0277524$ \\
CHe_22 & $-0.00133586$ & $-0.00459588$ & $-0.0481549$ & $-0.0160281$ & $-0.0106276$ & $-0.169821$ & $-0.0625527$ & $0.89357$ & $0.876081$ & $-0.379739$ & $-0.991219$ & $-0.0432546$ & $0.171024$ & $0.481031$ & $0.315429$ & $0.323539$ & $0.171351$ & $-0.0364258$ & $-0.0570275$ & $0.972919$ & $1$ & $0.975348$ & $0.0766343$ & $-0.365562$ & $-0.00859682$ & $-0.579906$ & $0.406858$ & $0.350381$ & $-0.00802646$ & $0.0732191$ & $0.0381361$ & $-0.0722077$ & $0.0672018$ & $0.480214$ & $-0.0319858$ & $-0.0205193$ & $-0.0244416$ & $-0.0380534$ & $-0.056578$ & $0.0101386$ & $0.0082586$ & $0.0208251$ & $0.0195575$ & $-0.0457489$ & $0.0164467$ & $-0.0150272$ & $0.0118896$ & $0.0164046$ & $-0.0187837$ \\
CHe_33 & $-0.00019982$ & $-0.00859506$ & $-0.0488493$ & $-0.0134201$ & $-0.0100055$ & $-0.161325$ & $-0.068852$ & $0.876541$ & $0.858804$ & $-0.37214$ & $-0.971284$ & $-0.0406532$ & $0.169249$ & $0.469105$ & $0.310483$ & $0.3443$ & $0.163392$ & $-0.0360673$ & $-0.0551247$ & $0.95451$ & $0.975348$ & $1$ & $0.0722303$ & $-0.357451$ & $-0.0082187$ & $-0.564132$ & $0.399864$ & $0.340373$ & $-0.00653908$ & $0.0741654$ & $0.0373414$ & $-0.0780443$ & $0.0622387$ & $0.471284$ & $-0.0382399$ & $-0.0180069$ & $-0.0203878$ & $-0.0310559$ & $-0.0586842$ & $0.00746797$ & $0.00859778$ & $0.027276$ & $0.0215737$ & $-0.041979$ & $0.0170269$ & $-0.0201542$ & $0.00433684$ & $0.0122069$ & $-0.0196069$ \\
CHQ1_11 & $-0.0253338$ & $-0.0268497$ & $-0.0197402$ & $0.0366219$ & $0.0303002$ & $0.000810106$ & $-0.00821636$ & $0.10749$ & $0.107988$ & $-0.0826702$ & $-0.0482883$ & $0.00245082$ & $0.0416818$ & $-0.0583858$ & $-0.164663$ & $-0.165785$ & $-0.0855721$ & $-0.00996478$ & $-0.00569774$ & $0.0203681$ & $0.0766343$ & $0.0722303$ & $1$ & $-0.157614$ & $0.0634782$ & $-0.693057$ & $0.361893$ & $0.0200616$ & $0.0109298$ & $0.0417438$ & $-0.0184269$ & $-0.00779388$ & $-0.00386497$ & $0.220144$ & $-0.0218683$ & $0.0223535$ & $-0.00964583$ & $-0.0214232$ & $-0.0371392$ & $0.0411201$ & $-0.000294332$ & $-0.0534723$ & $0.0302429$ & $0.0426109$ & $0.0220319$ & $-0.0031231$ & $-0.0020922$ & $-0.00302702$ & $-0.0449256$ \\
CHQ1_33 & $-0.0562916$ & $0.0050918$ & $0.0397301$ & $0.0182873$ & $-0.000251436$ & $-0.0157778$ & $0.12409$ & $-0.680788$ & $-0.670425$ & $0.575847$ & $0.308595$ & $-0.238282$ & $-0.383982$ & $0.471728$ & $0.109255$ & $0.132089$ & $0.690074$ & $0.636074$ & $0.626944$ & $-0.25405$ & $-0.365562$ & $-0.357451$ & $-0.157614$ & $1$ & $0.654524$ & $0.213731$ & $-0.440358$ & $-0.0273061$ & $-0.032755$ & $-0.128092$ & $-0.044533$ & $0.109887$ & $-0.136663$ & $-0.640296$ & $0.00898045$ & $-0.0389892$ & $0.0275652$ & $0.0207214$ & $0.000963314$ & $0.0100539$ & $-0.00849953$ & $-0.00315559$ & $-0.0128768$ & $0.0367071$ & $0.000598943$ & $0.00254635$ & $-0.0239997$ & $-0.00225463$ & $-0.0303452$ \\
CHQ3_11 & $-0.0855651$ & $0.0449884$ & $-0.00530257$ & $0.0202544$ & $0.00419209$ & $-0.102901$ & $0.122731$ & $-0.394481$ & $-0.390925$ & $0.497543$ & $-0.00154037$ & $-0.308043$ & $-0.371034$ & $0.62865$ & $-0.113592$ & $-0.0718808$ & $0.789413$ & $0.805851$ & $0.792325$ & $0.0110685$ & $-0.00859682$ & $-0.0082187$ & $0.0634782$ & $0.654524$ & $1$ & $0.015487$ & $0.180182$ & $0.0127658$ & $-0.0351529$ & $-0.129166$ & $-0.0594539$ & $0.096404$ & $-0.163128$ & $-0.214928$ & $-0.014258$ & $-0.0193628$ & $0.0381462$ & $-0.00028572$ & $-0.0267917$ & $0.0209014$ & $-0.0195864$ & $0.00965031$ & $-0.0161265$ & $-0.000840644$ & $0.0165854$ & $-0.0020215$ & $-0.0145434$ & $-0.0407847$ & $-0.0597048$ \\
CHu_11 & $0.00554782$ & $0.0338783$ & $0.0353004$ & $-0.0145761$ & $-0.00371556$ & $0.0896482$ & $0.030891$ & $-0.524228$ & $-0.513703$ & $0.228378$ & $0.576828$ & $0.0206976$ & $-0.105002$ & $-0.27657$ & $-0.18661$ & $-0.178026$ & $-0.0917972$ & $0.0296585$ & $0.0351845$ & $-0.564442$ & $-0.579906$ & $-0.564132$ & $-0.693057$ & $0.213731$ & $0.015487$ & $1$ & $-0.209087$ & $-0.190593$ & $0.00143216$ & $-0.0659684$ & $-0.00971162$ & $0.033068$ & $-0.0309944$ & $-0.278739$ & $0.00606768$ & $0.00467438$ & $0.0123026$ & $0.0254018$ & $0.0556369$ & $-0.0272583$ & $-0.0109632$ & $0.0298093$ & $-0.042391$ & $-0.0198229$ & $-0.0289019$ & $0.00440814$ & $-0.0174255$ & $-0.00742537$ & $0.0353093$ \\
CHd_11 & $-0.0128061$ & $0.0265551$ & $-0.0452504$ & $-0.0120029$ & $0.0197652$ & $-0.0538471$ & $-0.0412925$ & $0.460588$ & $0.453689$ & $-0.262475$ & $-0.329806$ & $0.0110639$ & $0.138146$ & $-0.0657766$ & $-0.375825$ & $-0.355326$ & $-0.178143$ & $-0.0255661$ & $-0.02684$ & $0.257021$ & $0.406858$ & $0.399864$ & $0.361893$ & $-0.440358$ & $0.180182$ & $-0.209087$ & $1$ & $0.147963$ & $0.0118116$ & $0.0406838$ & $0.0223432$ & $-0.0477869$ & $0.0333897$ & $0.68705$ & $-0.047049$ & $0.0362963$ & $-0.0124372$ & $-0.00954152$ & $-0.0267766$ & $0.0238659$ & $0.0227982$ & $0.00325733$ & $0.00270423$ & $-0.0293248$ & $0.00550227$ & $-0.00346903$ & $0.0181383$ & $-0.0309204$ & $-0.00307633$ \\
CHd_33 & $0.0425889$ & $-0.00251264$ & $-0.0191052$ & $-0.0131455$ & $-0.0161962$ & $-0.0712213$ & $-0.000442289$ & $0.30966$ & $0.30875$ & $-0.118941$ & $-0.347521$ & $-0.00857572$ & $0.0606856$ & $0.168015$ & $0.0957729$ & $0.112671$ & $0.0682871$ & $0.00186091$ & $-0.0167932$ & $0.341451$ & $0.350381$ & $0.340373$ & $0.0200616$ & $-0.0273061$ & $0.0127658$ & $-0.190593$ & $0.147963$ & $1$ & $-0.0113525$ & $0.0233098$ & $0.0395179$ & $-0.00505377$ & $0.0282608$ & $0.177325$ & $0.00354023$ & $-0.031017$ & $-0.0153948$ & $-0.00842512$ & $0.0015477$ & $0.00372364$ & $-0.00397631$ & $0.00749472$ & $0.00738339$ & $-0.0292723$ & $-0.0336446$ & $-0.000497876$ & $0.0241268$ & $-0.00512713$ & $0.0108784$ \\
CeH_22r & $0.0277747$ & $-0.00132418$ & $0.0693585$ & $0.0243227$ & $0.0184247$ & $0.0232435$ & $-0.0110673$ & $0.00611405$ & $0.0130554$ & $-0.00924905$ & $0.0138303$ & $0.0537809$ & $0.0443667$ & $-0.0319165$ & $-0.0206083$ & $-0.0433401$ & $-0.0383616$ & $-0.0278166$ & $-0.0102022$ & $-0.0176891$ & $-0.00802646$ & $-0.00653908$ & $0.0109298$ & $-0.032755$ & $-0.0351529$ & $0.00143216$ & $0.0118116$ & $-0.0113525$ & $1$ & $0.0396476$ & $0.0186668$ & $-0.0250994$ & $0.0457823$ & $0.0151263$ & $-0.0137795$ & $-0.0187182$ & $0.00719958$ & $0.00902466$ & $0.0056609$ & $-0.0355273$ & $-0.0141176$ & $0.00538159$ & $0.0175932$ & $0.0210984$ & $0.0147304$ & $0.0231819$ & $-0.0131143$ & $-0.00676552$ & $0.00693222$ \\
CeH_33r & $0.00210216$ & $-0.0464523$ & $-0.0077276$ & $0.0141804$ & $-0.00964604$ & $0.00376391$ & $-0.13085$ & $0.125569$ & $0.150494$ & $-0.142748$ & $-0.0705207$ & $0.321369$ & $0.272217$ & $-0.0695933$ & $0.0106909$ & $0.0276939$ & $-0.106907$ & $-0.108047$ & $-0.128243$ & $0.0670913$ & $0.0732191$ & $0.0741654$ & $0.0417438$ & $-0.128092$ & $-0.129166$ & $-0.0659684$ & $0.0406838$ & $0.0233098$ & $0.0396476$ & $1$ & $0.310175$ & $0.022691$ & $0.665142$ & $0.092218$ & $-0.05996$ & $-0.00150532$ & $-0.144506$ & $-0.00326802$ & $-0.0282134$ & $-0.006378$ & $0.0370569$ & $0.00889349$ & $0.00899484$ & $0.0253813$ & $0.104514$ & $0.0275894$ & $0.0183574$ & $0.00978406$ & $0.0647166$ \\
CuH_22r & $0.00652518$ & $-0.0442237$ & $0.0329558$ & $0.01745$ & $-0.000462752$ & $0.0314109$ & $-0.0603362$ & $0.0636226$ & $0.0770367$ & $-0.081252$ & $-0.0387808$ & $0.112009$ & $0.120977$ & $-0.0199299$ & $0.00293555$ & $0.0233756$ & $-0.0522531$ & $-0.0451097$ & $-0.0664562$ & $0.0357393$ & $0.0381361$ & $0.0373414$ & $-0.0184269$ & $-0.044533$ & $-0.0594539$ & $-0.00971162$ & $0.0223432$ & $0.0395179$ & $0.0186668$ & $0.310175$ & $1$ & $0.0282946$ & $0.359529$ & $0.0468013$ & $-0.0427123$ & $0.00864442$ & $-0.14975$ & $-0.0203441$ & $0.0531443$ & $0.0134039$ & $0.0208848$ & $0.0427581$ & $-8.52965e-05$ & $0.0311888$ & $0.026844$ & $0.105513$ & $0.307303$ & $-0.0224748$ & $0.0454675$ \\
CuH_33r & $0.00464638$ & $0.0132846$ & $-0.00890282$ & $-0.00494083$ & $-0.0405158$ & $-0.0229444$ & $0.932719$ & $-0.113429$ & $-0.0725859$ & $0.112183$ & $0.0687965$ & $-0.166798$ & $-0.265331$ & $0.0407223$ & $-0.01512$ & $-0.0433504$ & $0.0944412$ & $0.0905005$ & $0.106339$ & $-0.0674882$ & $-0.0722077$ & $-0.0780443$ & $-0.00779388$ & $0.109887$ & $0.096404$ & $0.033068$ & $-0.0477869$ & $-0.00505377$ & $-0.0250994$ & $0.022691$ & $0.0282946$ & $1$ & $0.00657972$ & $-0.0751328$ & $0.0670037$ & $-0.0342727$ & $-0.00039763$ & $-0.0114775$ & $-0.0235123$ & $-0.0078825$ & $0.00568095$ & $-0.0108696$ & $-0.00727039$ & $0.000664536$ & $0.00017085$ & $0.0215422$ & $0.0108269$ & $0.0565115$ & $-0.0512109$ \\
CdH_33r & $0.1074$ & $-0.0897652$ & $0.0296984$ & $-0.0204275$ & $-0.00724811$ & $-0.00872282$ & $-0.182806$ & $0.129609$ & $0.150972$ & $-0.153629$ & $-0.0641153$ & $0.385078$ & $0.32278$ & $-0.0877309$ & $0.0123919$ & $0.0212716$ & $-0.125773$ & $-0.128166$ & $-0.14198$ & $0.0591457$ & $0.0672018$ & $0.0622387$ & $-0.00386497$ & $-0.136663$ & $-0.163128$ & $-0.0309944$ & $0.0333897$ & $0.0282608$ & $0.0457823$ & $0.665142$ & $0.359529$ & $0.00657972$ & $1$ & $0.0920205$ & $-0.0502398$ & $0.0286556$ & $-0.167237$ & $-0.0138517$ & $0.0326833$ & $0.00333161$ & $0.0929046$ & $0.0119521$ & $-0.00628735$ & $-0.0185577$ & $0.037109$ & $0.051698$ & $0.0278996$ & $0.154913$ & $0.477601$ \\
CLL_1221 & $0.00329296$ & $0.0227535$ & $-0.0322347$ & $-0.0372197$ & $-0.0063672$ & $-0.0945108$ & $-0.0793718$ & $0.592226$ & $0.580883$ & $-0.376864$ & $-0.396846$ & $0.0605802$ & $0.215957$ & $-0.188925$ & $-0.580805$ & $-0.0840204$ & $-0.265294$ & $0.00958132$ & $-0.357562$ & $0.320002$ & $0.480214$ & $0.471284$ & $0.220144$ & $-0.640296$ & $-0.214928$ & $-0.278739$ & $0.68705$ & $0.177325$ & $0.0151263$ & $0.092218$ & $0.0468013$ & $-0.0751328$ & $0.0920205$ & $1$ & $-0.035355$ & $0.0371017$ & $-0.0599332$ & $-0.0123938$ & $-0.027825$ & $0.0360636$ & $0.0263138$ & $-0.0113391$ & $-0.0184703$ & $-0.0379787$ & $0.00700272$ & $0.00860447$ & $0.0379512$ & $0.00313844$ & $0.0111574$ \\
eHggint & $0.186774$ & $0.121261$ & $-0.0838213$ & $-0.00228399$ & $0.0167578$ & $0.00359906$ & $-0.00605634$ & $-0.0386204$ & $-0.0583758$ & $0.067909$ & $0.0313688$ & $0.0982739$ & $0.0371421$ & $-0.0136612$ & $0.0121601$ & $0.00414487$ & $0.00855832$ & $-0.000191586$ & $0.00472907$ & $-0.0255308$ & $-0.0319858$ & $-0.0382399$ & $-0.0218683$ & $0.00898045$ & $-0.014258$ & $0.00606768$ & $-0.047049$ & $0.00354023$ & $-0.0137795$ & $-0.05996$ & $-0.0427123$ & $0.0670037$ & $-0.0502398$ & $-0.035355$ & $1$ & $-0.260391$ & $0.0682466$ & $-0.0326438$ & $0.0132476$ & $0.00218675$ & $0.0535717$ & $-0.00214903$ & $-0.104442$ & $-0.0611039$ & $-0.00881411$ & $-0.0726038$ & $-0.0463792$ & $-0.0946782$ & $-0.0104986$ \\
eHggpar & $0.0130793$ & $-0.0381482$ & $0.0925426$ & $0.0222293$ & $0.0115103$ & $0.0229866$ & $-0.0539306$ & $0.00223121$ & $-0.0120851$ & $0.000848685$ & $0.0250339$ & $0.0392543$ & $0.0133467$ & $-0.0480614$ & $-0.0419384$ & $-0.0179668$ & $-0.0422396$ & $-0.0193624$ & $-0.0340752$ & $-0.0290939$ & $-0.0205193$ & $-0.0180069$ & $0.0223535$ & $-0.0389892$ & $-0.0193628$ & $0.00467438$ & $0.0362963$ & $-0.031017$ & $-0.0187182$ & $-0.00150532$ & $0.00864442$ & $-0.0342727$ & $0.0286556$ & $0.0371017$ & $-0.260391$ & $1$ & $-0.0537833$ & $0.000806002$ & $0.0329575$ & $0.0154373$ & $0.0824814$ & $-0.0268202$ & $-0.0889094$ & $0.122773$ & $-0.118855$ & $-0.0265158$ & $0.0929388$ & $-0.0336865$ & $0.0402641$ \\
eHWWint & $-0.0156206$ & $0.0919871$ & $-0.0631546$ & $-0.107661$ & $0.0241243$ & $0.0228488$ & $0.0338463$ & $-0.0408766$ & $-0.0408523$ & $0.0297988$ & $0.0263058$ & $0.00917672$ & $0.000806458$ & $0.0215546$ & $0.0265094$ & $-0.0540868$ & $0.0193825$ & $0.00228487$ & $0.0701064$ & $-0.0243355$ & $-0.0244416$ & $-0.0203878$ & $-0.00964583$ & $0.0275652$ & $0.0381462$ & $0.0123026$ & $-0.0124372$ & $-0.0153948$ & $0.00719958$ & $-0.144506$ & $-0.14975$ & $-0.00039763$ & $-0.167237$ & $-0.0599332$ & $0.0682466$ & $-0.0537833$ & $1$ & $0.0201477$ & $-0.109797$ & $0.01191$ & $0.0237803$ & $0.0201858$ & $0.168417$ & $-0.0225922$ & $-0.086186$ & $0.00138155$ & $-0.102606$ & $0.0878793$ & $-0.0290457$ \\
eHWWpar & $0.0090906$ & $-0.00548363$ & $0.0122387$ & $0.0323967$ & $0.00479297$ & $0.00683518$ & $-0.00192349$ & $-0.0317929$ & $-0.0272398$ & $0.0187367$ & $0.0379384$ & $0.00116817$ & $-0.00786824$ & $-0.030814$ & $-0.013078$ & $0.0028795$ & $-0.00409536$ & $-0.004153$ & $-0.00844893$ & $-0.0383222$ & $-0.0380534$ & $-0.0310559$ & $-0.0214232$ & $0.0207214$ & $-0.00028572$ & $0.0254018$ & $-0.00954152$ & $-0.00842512$ & $0.00902466$ & $-0.00326802$ & $-0.0203441$ & $-0.0114775$ & $-0.0138517$ & $-0.0123938$ & $-0.0326438$ & $0.000806002$ & $0.0201477$ & $1$ & $-0.0217364$ & $0.0334829$ & $-0.0428199$ & $0.0208954$ & $0.0488323$ & $-0.0194705$ & $-0.0751579$ & $-0.032813$ & $-0.00718024$ & $-0.0363373$ & $0.00204636$ \\
eHZZint & $0.0267591$ & $-0.0818815$ & $0.00920547$ & $-0.0766085$ & $-0.00889685$ & $0.00538153$ & $-0.0517749$ & $-0.0380863$ & $-0.0479242$ & $0.0200563$ & $0.0555322$ & $-0.00463121$ & $-0.0159981$ & $-0.0631668$ & $-0.000476372$ & $-0.0215542$ & $-0.018655$ & $-0.0320448$ & $-0.0150307$ & $-0.0579438$ & $-0.056578$ & $-0.0586842$ & $-0.0371392$ & $0.000963314$ & $-0.0267917$ & $0.0556369$ & $-0.0267766$ & $0.0015477$ & $0.0056609$ & $-0.0282134$ & $0.0531443$ & $-0.0235123$ & $0.0326833$ & $-0.027825$ & $0.0132476$ & $0.0329575$ & $-0.109797$ & $-0.0217364$ & $1$ & $-0.0255939$ & $0.108387$ & $-0.0285805$ & $-0.0654796$ & $-0.0776438$ & $-0.208275$ & $-0.0307025$ & $0.034432$ & $-0.0672999$ & $0.0826785$ \\
eHZZpar & $-0.00327625$ & $-0.033677$ & $0.0209432$ & $-0.00929792$ & $0.0164924$ & $-0.00827855$ & $-0.00459717$ & $0.00135528$ & $0.00303134$ & $-0.000711268$ & $-0.0071188$ & $-0.0233003$ & $-0.0182082$ & $0.00455253$ & $-0.0392104$ & $0.0148397$ & $0.0213597$ & $0.0369948$ & $2.17856e-05$ & $0.00269172$ & $0.0101386$ & $0.00746797$ & $0.0411201$ & $0.0100539$ & $0.0209014$ & $-0.0272583$ & $0.0238659$ & $0.00372364$ & $-0.0355273$ & $-0.006378$ & $0.0134039$ & $-0.0078825$ & $0.00333161$ & $0.0360636$ & $0.00218675$ & $0.0154373$ & $0.01191$ & $0.0334829$ & $-0.0255939$ & $1$ & $-0.00225367$ & $-0.000367355$ & $0.00650304$ & $0.0308936$ & $-0.023358$ & $-0.00724486$ & $0.0299637$ & $0.00984865$ & $-0.0018689$ \\
eHZgaint & $-0.0174423$ & $-0.131659$ & $-0.115015$ & $-0.0820742$ & $-0.00495316$ & $0.0217091$ & $-0.0113817$ & $0.0254573$ & $0.0250021$ & $-0.0396644$ & $-0.00930294$ & $0.00827754$ & $0.0171141$ & $-0.00668393$ & $-0.0222225$ & $0.0115359$ & $-0.035815$ & $-0.0125816$ & $-0.0379974$ & $0.00580448$ & $0.0082586$ & $0.00859778$ & $-0.000294332$ & $-0.00849953$ & $-0.0195864$ & $-0.0109632$ & $0.0227982$ & $-0.00397631$ & $-0.0141176$ & $0.0370569$ & $0.0208848$ & $0.00568095$ & $0.0929046$ & $0.0263138$ & $0.0535717$ & $0.0824814$ & $0.0237803$ & $-0.0428199$ & $0.108387$ & $-0.00225367$ & $1$ & $0.0203768$ & $0.082911$ & $0.0176273$ & $-0.0100249$ & $-0.0586609$ & $0.0837964$ & $0.142256$ & $0.162377$ \\
eHZgapar & $0.0220817$ & $-0.0240798$ & $-0.00810798$ & $0.0296211$ & $-0.0165382$ & $0.0137109$ & $-0.00477447$ & $0.0170918$ & $0.020025$ & $0.00231635$ & $-0.0242447$ & $-0.00875073$ & $-0.00545206$ & $0.0214361$ & $0.0280379$ & $0.0196548$ & $0.00828916$ & $-0.00511333$ & $0.00481509$ & $0.0242385$ & $0.0208251$ & $0.027276$ & $-0.0534723$ & $-0.00315559$ & $0.00965031$ & $0.0298093$ & $0.00325733$ & $0.00749472$ & $0.00538159$ & $0.00889349$ & $0.0427581$ & $-0.0108696$ & $0.0119521$ & $-0.0113391$ & $-0.00214903$ & $-0.0268202$ & $0.0201858$ & $0.0208954$ & $-0.0285805$ & $-0.000367355$ & $0.0203768$ & $1$ & $0.0674768$ & $-0.00631157$ & $-0.0086671$ & $-0.0473524$ & $0.000246994$ & $-0.0269076$ & $0.0391114$ \\
eHgagaint & $0.0792848$ & $-0.286077$ & $-0.0128944$ & $-0.0274962$ & $-0.01112$ & $0.0200484$ & $0.00500872$ & $0.0331633$ & $0.0970001$ & $-0.0329618$ & $-0.0284489$ & $-0.0187562$ & $0.00380238$ & $0.0110501$ & $0.0318165$ & $0.0135214$ & $-0.0124945$ & $-0.0253253$ & $-0.00567856$ & $0.0243821$ & $0.0195575$ & $0.0215737$ & $0.0302429$ & $-0.0128768$ & $-0.0161265$ & $-0.042391$ & $0.00270423$ & $0.00738339$ & $0.0175932$ & $0.00899484$ & $-8.52965e-05$ & $-0.00727039$ & $-0.00628735$ & $-0.0184703$ & $-0.104442$ & $-0.0889094$ & $0.168417$ & $0.0488323$ & $-0.0654796$ & $0.00650304$ & $0.082911$ & $0.0674768$ & $1$ & $-0.0712138$ & $-0.162962$ & $0.033667$ & $0.0598002$ & $0.0514484$ & $0.0104777$ \\
eHmumuint & $0.0876045$ & $-0.102718$ & $0.172869$ & $0.108233$ & $0.0101665$ & $0.0178659$ & $0.0104745$ & $-0.0380574$ & $-0.041526$ & $0.0156812$ & $0.0375485$ & $-0.0040283$ & $-0.013454$ & $-0.00295887$ & $0.000806518$ & $0.0322024$ & $-0.00264476$ & $0.00709441$ & $-0.0121897$ & $-0.036504$ & $-0.0457489$ & $-0.041979$ & $0.0426109$ & $0.0367071$ & $-0.000840644$ & $-0.0198229$ & $-0.0293248$ & $-0.0292723$ & $0.0210984$ & $0.0253813$ & $0.0311888$ & $0.000664536$ & $-0.0185577$ & $-0.0379787$ & $-0.0611039$ & $0.122773$ & $-0.0225922$ & $-0.0194705$ & $-0.0776438$ & $0.0308936$ & $0.0176273$ & $-0.00631157$ & $-0.0712138$ & $1$ & $0.253963$ & $-0.0617591$ & $0.13475$ & $0.00213084$ & $-0.064292$ \\
eHtautauint & $0.0651107$ & $0.0387883$ & $-0.011457$ & $0.0239873$ & $-0.00564583$ & $0.0174057$ & $0.00944032$ & $0.000754777$ & $-0.0045702$ & $0.0021948$ & $-0.0155989$ & $-0.0193884$ & $-0.00459129$ & $0.0382577$ & $-0.0104072$ & $-0.0186963$ & $0.0237568$ & $0.0299497$ & $0.0359249$ & $0.0123511$ & $0.0164467$ & $0.0170269$ & $0.0220319$ & $0.000598943$ & $0.0165854$ & $-0.0289019$ & $0.00550227$ & $-0.0336446$ & $0.0147304$ & $0.104514$ & $0.026844$ & $0.00017085$ & $0.037109$ & $0.00700272$ & $-0.00881411$ & $-0.118855$ & $-0.086186$ & $-0.0751579$ & $-0.208275$ & $-0.023358$ & $-0.0100249$ & $-0.0086671$ & $-0.162962$ & $0.253963$ & $1$ & $0.101346$ & $0.10126$ & $-0.11128$ & $0.0636$ \\
eHccint & $-0.106501$ & $0.0661602$ & $0.0169338$ & $-0.169317$ & $-0.0204531$ & $-0.00144327$ & $0.00486061$ & $-0.0106328$ & $-0.00829647$ & $-0.000493061$ & $0.0172696$ & $0.00342963$ & $0.00605626$ & $-0.014176$ & $-0.0181861$ & $0.00288974$ & $-0.0140425$ & $-0.00167366$ & $-0.0169305$ & $-0.0178363$ & $-0.0150272$ & $-0.0201542$ & $-0.0031231$ & $0.00254635$ & $-0.0020215$ & $0.00440814$ & $-0.00346903$ & $-0.000497876$ & $0.0231819$ & $0.0275894$ & $0.105513$ & $0.0215422$ & $0.051698$ & $0.00860447$ & $-0.0726038$ & $-0.0265158$ & $0.00138155$ & $-0.032813$ & $-0.0307025$ & $-0.00724486$ & $-0.0586609$ & $-0.0473524$ & $0.033667$ & $-0.0617591$ & $0.101346$ & $1$ & $0.0818262$ & $0.000555108$ & $0.0580432$ \\
eHccpar & $0.01486$ & $0.0273997$ & $-0.0774527$ & $0.112309$ & $0.00344667$ & $0.0243232$ & $0.0133106$ & $0.0195651$ & $0.0255001$ & $-0.0200066$ & $-0.00973666$ & $-0.0127265$ & $0.00257911$ & $-0.00106023$ & $-0.0302298$ & $0.00264778$ & $-0.0257197$ & $-5.52518e-05$ & $-0.0312243$ & $0.0053821$ & $0.0118896$ & $0.00433684$ & $-0.0020922$ & $-0.0239997$ & $-0.0145434$ & $-0.0174255$ & $0.0181383$ & $0.0241268$ & $-0.0131143$ & $0.0183574$ & $0.307303$ & $0.0108269$ & $0.0278996$ & $0.0379512$ & $-0.0463792$ & $0.0929388$ & $-0.102606$ & $-0.00718024$ & $0.034432$ & $0.0299637$ & $0.0837964$ & $0.000246994$ & $0.0598002$ & $0.13475$ & $0.10126$ & $0.0818262$ & $1$ & $-0.0864721$ & $0.0717778$ \\
eHbbint & $0.0994123$ & $-0.169928$ & $0.00815191$ & $-0.0504752$ & $-0.0195699$ & $-0.0525703$ & $0.0570143$ & $0.0218633$ & $0.0233843$ & $-0.00562836$ & $-0.0219519$ & $0.0288259$ & $0.0283126$ & $0.00930264$ & $0.0122572$ & $0.0301598$ & $0.00284278$ & $-0.00280247$ & $-0.0203802$ & $0.018217$ & $0.0164046$ & $0.0122069$ & $-0.00302702$ & $-0.00225463$ & $-0.0407847$ & $-0.00742537$ & $-0.0309204$ & $-0.00512713$ & $-0.00676552$ & $0.00978406$ & $-0.0224748$ & $0.0565115$ & $0.154913$ & $0.00313844$ & $-0.0946782$ & $-0.0336865$ & $0.0878793$ & $-0.0363373$ & $-0.0672999$ & $0.00984865$ & $0.142256$ & $-0.0269076$ & $0.0514484$ & $0.00213084$ & $-0.11128$ & $0.000555108$ & $-0.0864721$ & $1$ & $0.0213411$ \\
eHbbpar & $0.200362$ & $-0.0651472$ & $0.0618144$ & $-0.0389305$ & $0.0188841$ & $0.0049311$ & $-0.0713035$ & $0.00150004$ & $-0.000222218$ & $-0.00674409$ & $0.0213326$ & $0.0115759$ & $0.00329808$ & $-0.041454$ & $-0.015624$ & $-0.0344$ & $-0.0386056$ & $-0.0336499$ & $-0.0170771$ & $-0.0277524$ & $-0.0187837$ & $-0.0196069$ & $-0.0449256$ & $-0.0303452$ & $-0.0597048$ & $0.0353093$ & $-0.00307633$ & $0.0108784$ & $0.00693222$ & $0.0647166$ & $0.0454675$ & $-0.0512109$ & $0.477601$ & $0.0111574$ & $-0.0104986$ & $0.0402641$ & $-0.0290457$ & $0.00204636$ & $0.0826785$ & $-0.0018689$ & $0.162377$ & $0.0391114$ & $0.0104777$ & $-0.064292$ & $0.0636$ & $0.0580432$ & $0.0717778$ & $0.0213411$ & $1$ \\
