 & AlsMz & dAle5Mz & mtop & mHl & Mz & CW & CHG & CHWB & CHWHB_gaga & CHWHB_gagaorth & CHD & CHbox & CH & CHL1_11 & CHL1_22 & CHL1_33 & CHL3_11 & CHL3_22 & CHL3_33 & CHe_11 & CHe_22 & CHe_33 & CHQ1_11 & CHQ1_33 & CHQ3_11 & CHu_11 & CHd_11 & CHd_33 & CeH_22r & CeH_33r & CuH_22r & CuH_33r & CdH_33r & CLL_1221 & eHggint & eHggpar & eHWWint & eHWWpar & eHZZint & eHZZpar & eHZgaint & eHZgapar & eHgagaint & eHmumuint & eHtautauint & eHccint & eHccpar & eHbbint & eHbbpar \\
AlsMz & $1$ & $-0.098982$ & $-0.114149$ & $-0.0048838$ & $-0.0173311$ & $-0.0446452$ & $-0.0737028$ & $0.0409234$ & $0.0302339$ & $-0.0124369$ & $-0.0441577$ & $-0.0230985$ & $0.0477658$ & $-0.00774768$ & $-0.00880141$ & $0.0392869$ & $-0.00182512$ & $-0.00219951$ & $-0.0409515$ & $0.0288184$ & $0.0310471$ & $0.0277655$ & $-0.0169085$ & $-0.0759425$ & $-0.154538$ & $-0.057434$ & $-0.045807$ & $0.039383$ & $0.0251058$ & $0.00209196$ & $0.0404429$ & $-0.0625673$ & $-0.0157184$ & $0.0422874$ & $0.083157$ & $-0.024608$ & $0.0782406$ & $-0.0361331$ & $-0.0647893$ & $-0.0097604$ & $0.021616$ & $-0.0195832$ & $-0.0154011$ & $-0.0976247$ & $-0.125064$ & $-0.0417767$ & $0.0902287$ & $-0.144063$ & $0.0319342$ \\
dAle5Mz & $-0.098982$ & $1$ & $0.192605$ & $-0.106893$ & $0.00807898$ & $0.0369606$ & $0.0256438$ & $-0.0685436$ & $-0.0640313$ & $0.0596158$ & $0.0401812$ & $0.049338$ & $0.0097868$ & $0.0136502$ & $-0.0181266$ & $-0.0302119$ & $0.0466443$ & $0.0420289$ & $0.0552806$ & $-0.0179382$ & $-0.0142701$ & $-0.0145581$ & $0.013214$ & $0.0338088$ & $0.047124$ & $-0.0114038$ & $-0.0115223$ & $-0.00698037$ & $-0.0708336$ & $-0.0213327$ & $0.0134358$ & $0.0269487$ & $0.032794$ & $0.0128865$ & $0.019908$ & $0.0824364$ & $0.0629507$ & $0.00959959$ & $0.0751465$ & $-0.0749557$ & $-0.0866089$ & $-0.00747929$ & $0.146357$ & $-0.24892$ & $0.101122$ & $0.0599045$ & $0.0363967$ & $0.184615$ & $0.040548$ \\
mtop & $-0.114149$ & $0.192605$ & $1$ & $0.0857297$ & $0.00803207$ & $0.0199479$ & $0.0125436$ & $-0.025037$ & $-0.0162196$ & $-0.000120684$ & $0.0220857$ & $-0.00343943$ & $-0.0018318$ & $0.00745406$ & $-0.0128951$ & $-0.0221594$ & $0.0100213$ & $0.0194199$ & $0.0284878$ & $-0.0104608$ & $-0.0101609$ & $-0.0102495$ & $0.0118925$ & $0.0169964$ & $0.0290158$ & $0.00277202$ & $-0.00113726$ & $-0.00977831$ & $-0.00542992$ & $-0.0405669$ & $-0.0535121$ & $0.00217188$ & $0.00398928$ & $-0.00398354$ & $-0.0564231$ & $-0.128227$ & $0.270332$ & $-0.0442381$ & $-0.104686$ & $0.00643268$ & $0.130141$ & $0.000810411$ & $0.154651$ & $0.0688675$ & $-0.129166$ & $-0.100095$ & $-0.0161558$ & $0.0484224$ & $0.0573429$ \\
mHl & $-0.0048838$ & $-0.106893$ & $0.0857297$ & $1$ & $0.0336783$ & $-0.0201128$ & $-0.0286477$ & $0.0349213$ & $0.0316189$ & $-0.0279345$ & $-0.0245453$ & $-0.0181154$ & $0.0249639$ & $-0.0123181$ & $-0.0406962$ & $0.0100073$ & $-0.0159861$ & $0.0104638$ & $-0.0221737$ & $0.0186933$ & $0.0243435$ & $0.0312592$ & $0.00128178$ & $-0.0275107$ & $-0.0142431$ & $-0.0115596$ & $0.0335945$ & $-0.0107257$ & $-0.0121218$ & $0.00826594$ & $-0.00935997$ & $-0.0332565$ & $-0.0141889$ & $0.0582144$ & $-0.00442491$ & $0.0437717$ & $0.0342721$ & $-0.0408799$ & $-0.0703634$ & $-0.0241799$ & $-0.0690914$ & $0.0127842$ & $-0.0244891$ & $-0.0657791$ & $-0.00335454$ & $-0.173946$ & $-0.00723004$ & $-0.052906$ & $-0.0235041$ \\
Mz & $-0.0173311$ & $0.00807898$ & $0.00803207$ & $0.0336783$ & $1$ & $0.00567819$ & $-0.00692113$ & $-0.0148755$ & $-0.014924$ & $0.00895567$ & $0.0221661$ & $0.00558394$ & $0.00323957$ & $-4.22571e-05$ & $0.0169629$ & $0.0192693$ & $0.000370183$ & $-0.00862362$ & $-0.00742351$ & $-0.0130067$ & $-0.0150386$ & $-0.0128161$ & $-0.0178741$ & $0.0178889$ & $0.00786839$ & $0.0298298$ & $-0.00524543$ & $0.00745412$ & $0.0046095$ & $-0.0152977$ & $-0.0275741$ & $-0.0108212$ & $-0.00477842$ & $-0.025035$ & $-0.000648636$ & $-0.00823102$ & $0.0227893$ & $0.0130213$ & $-0.00931382$ & $0.000996471$ & $0.00214062$ & $0.00162008$ & $0.0129383$ & $0.024736$ & $0.00742827$ & $-0.0141679$ & $0.000620975$ & $0.0213981$ & $0.00589296$ \\
CW & $-0.0446452$ & $0.0369606$ & $0.0199479$ & $-0.0201128$ & $0.00567819$ & $1$ & $0.00905654$ & $-0.132858$ & $-0.126335$ & $0.0264708$ & $0.183893$ & $0.0531771$ & $-0.00295678$ & $0.0322657$ & $-0.0818577$ & $-0.0684126$ & $-0.237842$ & $-0.0285095$ & $-0.0358638$ & $-0.180559$ & $-0.185202$ & $-0.181143$ & $-0.0316502$ & $0.0157575$ & $-0.0603839$ & $0.122364$ & $-0.0805006$ & $-0.0537741$ & $0.0102048$ & $0.0074434$ & $0.0179937$ & $0.0116824$ & $-0.00963366$ & $-0.121213$ & $0.0314737$ & $0.0105218$ & $0.0213459$ & $0.0388607$ & $0.0302884$ & $-0.00641406$ & $0.0184807$ & $-0.00949697$ & $0.0059566$ & $-0.0622257$ & $0.0307772$ & $-0.00113994$ & $0.0185638$ & $-0.0334996$ & $-0.0121642$ \\
CHG & $-0.0737028$ & $0.0256438$ & $0.0125436$ & $-0.0286477$ & $-0.00692113$ & $0.00905654$ & $1$ & $-0.0935211$ & $-0.0337265$ & $0.0640091$ & $0.0533577$ & $0.0802605$ & $-0.280722$ & $0.0544177$ & $-0.0521477$ & $-0.0336958$ & $0.0873572$ & $0.111265$ & $0.0997661$ & $-0.0548364$ & $-0.0515046$ & $-0.0499523$ & $0.00526265$ & $0.109272$ & $0.115257$ & $0.0399225$ & $0.00161542$ & $-0.0177327$ & $0.0234172$ & $-0.145023$ & $-0.0682642$ & $0.935298$ & $-0.169187$ & $-0.0321912$ & $-0.0434898$ & $-0.0299772$ & $0.0366141$ & $-0.028287$ & $0.0161127$ & $-0.00514167$ & $-0.0329835$ & $0.0134158$ & $0.0613694$ & $-0.0161428$ & $-0.0184759$ & $0.031255$ & $0.0277411$ & $0.025124$ & $-0.00461484$ \\
CHWB & $0.0409234$ & $-0.0685436$ & $-0.025037$ & $0.0349213$ & $-0.0148755$ & $-0.132858$ & $-0.0935211$ & $1$ & $0.981509$ & $-0.580838$ & $-0.883775$ & $-0.383142$ & $0.372854$ & $0.0850741$ & $0.290518$ & $0.288397$ & $-0.25433$ & $-0.441395$ & $-0.448161$ & $0.854249$ & $0.89978$ & $0.879865$ & $0.101371$ & $-0.694733$ & $-0.397906$ & $-0.520777$ & $0.456677$ & $0.317396$ & $0.0236772$ & $0.127102$ & $0.0684642$ & $-0.0745583$ & $0.117817$ & $0.583743$ & $0.0343519$ & $0.0219694$ & $-0.0536949$ & $-0.015735$ & $-0.0164404$ & $-0.0188021$ & $0.0207287$ & $0.0310816$ & $-0.0545091$ & $0.0262886$ & $-0.00906657$ & $-0.00669689$ & $-0.0215408$ & $-0.0233886$ & $-0.047275$ \\
CHWHB_gaga & $0.0302339$ & $-0.0640313$ & $-0.0162196$ & $0.0316189$ & $-0.014924$ & $-0.126335$ & $-0.0337265$ & $0.981509$ & $1$ & $-0.56736$ & $-0.865282$ & $-0.357671$ & $0.364469$ & $0.0797633$ & $0.283261$ & $0.284213$ & $-0.255505$ & $-0.435868$ & $-0.444604$ & $0.836713$ & $0.881039$ & $0.861508$ & $0.105945$ & $-0.682866$ & $-0.392546$ & $-0.512836$ & $0.449983$ & $0.313331$ & $0.0344543$ & $0.145967$ & $0.0800857$ & $-0.0259811$ & $0.138097$ & $0.573842$ & $0.00464297$ & $0.00504538$ & $-0.0564799$ & $-0.0184782$ & $-0.0215215$ & $-0.017996$ & $0.0201891$ & $0.0348993$ & $0.00837641$ & $0.0225921$ & $-0.0241214$ & $0.00412175$ & $-0.00913715$ & $-0.00770907$ & $-0.0485867$ \\
CHWHB_gagaorth & $-0.0124369$ & $0.0596158$ & $-0.000120684$ & $-0.0279345$ & $0.00895567$ & $0.0264708$ & $0.0640091$ & $-0.580838$ & $-0.56736$ & $1$ & $0.374879$ & $0.686996$ & $-0.231408$ & $0.221759$ & $-0.120272$ & $-0.127715$ & $0.432508$ & $0.481332$ & $0.487653$ & $-0.358365$ & $-0.391049$ & $-0.382001$ & $-0.0699584$ & $0.561524$ & $0.458544$ & $0.230459$ & $-0.267066$ & $-0.141788$ & $-0.00753642$ & $-0.143834$ & $-0.0777528$ & $0.0744569$ & $-0.152039$ & $-0.368711$ & $0.0320519$ & $-0.0161978$ & $0.0372803$ & $0.0196611$ & $0.0312724$ & $0.0206465$ & $-0.0481722$ & $-0.0140441$ & $0.0420005$ & $-0.0321485$ & $0.0336138$ & $0.0170876$ & $0.00196792$ & $-0.0167549$ & $0.0181783$ \\
CHD & $-0.0441577$ & $0.0401812$ & $0.0220857$ & $-0.0245453$ & $0.0221661$ & $0.183893$ & $0.0533577$ & $-0.883775$ & $-0.865282$ & $0.374879$ & $1$ & $0.352441$ & $-0.178721$ & $-0.495373$ & $-0.407813$ & $-0.403223$ & $-0.193055$ & $0.0818041$ & $0.0902053$ & $-0.990184$ & $-0.99127$ & $-0.971063$ & $-0.0559598$ & $0.345553$ & $0.0259701$ & $0.5785$ & $-0.333975$ & $-0.342259$ & $-0.00690905$ & $-0.0604236$ & $-0.0455153$ & $0.0449501$ & $-0.0600051$ & $-0.396384$ & $-0.0327235$ & $0.00299774$ & $0.0385028$ & $0.00817428$ & $0.0130788$ & $0.0166993$ & $0.0039344$ & $-0.0327471$ & $0.0392512$ & $-0.0213507$ & $0.0113135$ & $0.00068399$ & $0.0133334$ & $0.0298468$ & $0.0323283$ \\
CHbox & $-0.0230985$ & $0.049338$ & $-0.00343943$ & $-0.0181154$ & $0.00558394$ & $0.0531771$ & $0.0802605$ & $-0.383142$ & $-0.357671$ & $0.686996$ & $0.352441$ & $1$ & $-0.305696$ & $-0.0741851$ & $-0.0627041$ & $-0.0700378$ & $0.0601777$ & $0.112047$ & $0.119848$ & $-0.330155$ & $-0.364135$ & $-0.357251$ & $-0.0530554$ & $0.257938$ & $0.100394$ & $0.213258$ & $-0.223894$ & $-0.118779$ & $0.0280344$ & $0.0983987$ & $-0.00410785$ & $0.136544$ & $0.0853802$ & $-0.2637$ & $0.0612806$ & $0.0381801$ & $-0.0131298$ & $0.00117051$ & $0.0434426$ & $0.0105211$ & $-0.021581$ & $-0.00186345$ & $0.0348995$ & $-0.0157272$ & $0.0388856$ & $-0.00188147$ & $-5.91745e-05$ & $-0.00655994$ & $-0.00198311$ \\
CH & $0.0477658$ & $0.0097868$ & $-0.0018318$ & $0.0249639$ & $0.00323957$ & $-0.00295678$ & $-0.280722$ & $0.372854$ & $0.364469$ & $-0.231408$ & $-0.178721$ & $-0.305696$ & $1$ & $-0.280532$ & $0.0852772$ & $0.0913637$ & $-0.403845$ & $-0.429379$ & $-0.434562$ & $0.17591$ & $0.190132$ & $0.18721$ & $0.03687$ & $-0.441425$ & $-0.433728$ & $-0.12303$ & $0.120785$ & $0.0531013$ & $0.0445923$ & $0.300416$ & $0.113912$ & $-0.230831$ & $0.32186$ & $0.23254$ & $0.0107579$ & $0.0371154$ & $-0.0181262$ & $0.00517463$ & $0.00402806$ & $-0.0182931$ & $0.0273098$ & $-0.0211199$ & $-0.0253042$ & $-0.0140504$ & $-0.0153862$ & $-0.0110167$ & $-0.0224475$ & $0.00186178$ & $-0.0239964$ \\
CHL1_11 & $-0.00774768$ & $0.0136502$ & $0.00745406$ & $-0.0123181$ & $-4.22571e-05$ & $0.0322657$ & $0.0544177$ & $0.0850741$ & $0.0797633$ & $0.221759$ & $-0.495373$ & $-0.0741851$ & $-0.280532$ & $1$ & $0.254656$ & $0.252689$ & $0.662373$ & $0.604085$ & $0.595553$ & $0.51604$ & $0.456494$ & $0.447381$ & $-0.0475752$ & $0.458286$ & $0.611648$ & $-0.269242$ & $-0.0744569$ & $0.15199$ & $-0.0237457$ & $-0.091537$ & $-0.0265269$ & $0.0349293$ & $-0.0843896$ & $-0.203715$ & $0.0100397$ & $-0.0591256$ & $0.0233657$ & $0.0140843$ & $-0.00510641$ & $-0.0053705$ & $-0.0409432$ & $0.0142782$ & $0.0076256$ & $0.00235053$ & $0.00490192$ & $0.0204103$ & $0.015564$ & $-0.0226497$ & $0.00411543$ \\
CHL1_22 & $-0.00880141$ & $-0.0181266$ & $-0.0128951$ & $-0.0406962$ & $0.0169629$ & $-0.0818577$ & $-0.0521477$ & $0.290518$ & $0.283261$ & $-0.120272$ & $-0.407813$ & $-0.0627041$ & $0.0852772$ & $0.254656$ & $1$ & $0.447024$ & $0.154981$ & $-0.454943$ & $-0.0467995$ & $0.474558$ & $0.324737$ & $0.319411$ & $-0.164493$ & $0.0859823$ & $-0.129596$ & $-0.191293$ & $-0.377051$ & $0.117604$ & $0.00542901$ & $0.0105132$ & $0.014287$ & $-0.0449745$ & $0.0484332$ & $-0.578199$ & $0.0165042$ & $-0.00539405$ & $-0.0460629$ & $0.0018283$ & $0.0113098$ & $0.0389352$ & $0.00581425$ & $0.0144753$ & $0.0109249$ & $0.0309295$ & $-0.023256$ & $-0.032929$ & $0.0138286$ & $0.000524551$ & $0.0258093$ \\
CHL1_33 & $0.0392869$ & $-0.0302119$ & $-0.0221594$ & $0.0100073$ & $0.0192693$ & $-0.0684126$ & $-0.0336958$ & $0.288397$ & $0.284213$ & $-0.127715$ & $-0.403223$ & $-0.0700378$ & $0.0913637$ & $0.252689$ & $0.447024$ & $1$ & $0.145665$ & $-0.0404168$ & $-0.445706$ & $0.468597$ & $0.322982$ & $0.339016$ & $-0.158976$ & $0.0898309$ & $-0.130148$ & $-0.192517$ & $-0.364066$ & $0.121833$ & $0.0120914$ & $0.0433212$ & $0.0101726$ & $-0.0265531$ & $0.0530053$ & $-0.0984214$ & $0.0123644$ & $0.00678238$ & $-0.0642989$ & $-0.00165565$ & $-0.00913525$ & $-0.0109385$ & $-0.00522415$ & $-0.0250495$ & $-0.000147097$ & $0.00870048$ & $-0.0184795$ & $-0.0191509$ & $0.000327146$ & $-0.0307465$ & $0.0213308$ \\
CHL3_11 & $-0.00182512$ & $0.0466443$ & $0.0100213$ & $-0.0159861$ & $0.000370183$ & $-0.237842$ & $0.0873572$ & $-0.25433$ & $-0.255505$ & $0.432508$ & $-0.193055$ & $0.0601777$ & $-0.403845$ & $0.662373$ & $0.154981$ & $0.145665$ & $1$ & $0.737353$ & $0.739444$ & $0.217738$ & $0.161999$ & $0.163069$ & $-0.0610036$ & $0.674521$ & $0.775455$ & $-0.102935$ & $-0.160672$ & $0.0369125$ & $-0.0370606$ & $-0.144368$ & $-0.05577$ & $0.0677943$ & $-0.122726$ & $-0.257318$ & $-0.00493693$ & $-0.0444983$ & $0.03173$ & $0.0121903$ & $0.0101103$ & $0.00487961$ & $-0.0442795$ & $0.00339345$ & $0.0293625$ & $-0.00705364$ & $-0.012096$ & $0.0108093$ & $0.00458129$ & $-0.0104991$ & $0.0287931$ \\
CHL3_22 & $-0.00219951$ & $0.0420289$ & $0.0194199$ & $0.0104638$ & $-0.00862362$ & $-0.0285095$ & $0.111265$ & $-0.441395$ & $-0.435868$ & $0.481332$ & $0.0818041$ & $0.112047$ & $-0.429379$ & $0.604085$ & $-0.454943$ & $-0.0404168$ & $0.737353$ & $1$ & $0.683621$ & $-0.0827193$ & $-0.0755921$ & $-0.0698357$ & $0.0133764$ & $0.627225$ & $0.790507$ & $0.036879$ & $-0.0123512$ & $-0.0394871$ & $-0.0340813$ & $-0.134009$ & $-0.0594054$ & $0.0856736$ & $-0.143225$ & $0.0194255$ & $-0.016297$ & $-0.0495654$ & $0.0579734$ & $0.0129838$ & $-0.00612108$ & $-0.0209508$ & $-0.0489141$ & $-0.00985124$ & $0.019632$ & $-0.0224138$ & $0.00806134$ & $0.0331783$ & $0.00440816$ & $-0.0168521$ & $0.0119031$ \\
CHL3_33 & $-0.0409515$ & $0.0552806$ & $0.0284878$ & $-0.0221737$ & $-0.00742351$ & $-0.0358638$ & $0.0997661$ & $-0.448161$ & $-0.444604$ & $0.487653$ & $0.0902053$ & $0.119848$ & $-0.434562$ & $0.595553$ & $-0.0467995$ & $-0.445706$ & $0.739444$ & $0.683621$ & $1$ & $-0.0907418$ & $-0.0838086$ & $-0.0734025$ & $0.0124183$ & $0.624905$ & $0.792237$ & $0.0448929$ & $-0.0165417$ & $-0.0448657$ & $-0.0373527$ & $-0.155082$ & $-0.0541447$ & $0.0726274$ & $-0.14155$ & $-0.3448$ & $-0.015459$ & $-0.055798$ & $0.0744285$ & $0.0207833$ & $0.0117937$ & $0.0182711$ & $-0.0435161$ & $0.0231907$ & $0.0302939$ & $-0.00746102$ & $0.0120109$ & $0.0247554$ & $0.0162849$ & $0.010281$ & $0.023062$ \\
CHe_11 & $0.0288184$ & $-0.0179382$ & $-0.0104608$ & $0.0186933$ & $-0.0130067$ & $-0.180559$ & $-0.0548364$ & $0.854249$ & $0.836713$ & $-0.358365$ & $-0.990184$ & $-0.330155$ & $0.17591$ & $0.51604$ & $0.474558$ & $0.468597$ & $0.217738$ & $-0.0827193$ & $-0.0907418$ & $1$ & $0.972899$ & $0.954001$ & $0.0301598$ & $-0.290502$ & $-0.0157295$ & $-0.568508$ & $0.259288$ & $0.337951$ & $0.00621115$ & $0.0592451$ & $0.0414955$ & $-0.0465936$ & $0.0619751$ & $0.316276$ & $0.0315671$ & $-0.0049538$ & $-0.0402227$ & $-0.00640918$ & $-0.0114628$ & $-0.014962$ & $-0.00455707$ & $0.0317474$ & $-0.0310665$ & $0.0222287$ & $-0.0101988$ & $9.54562e-05$ & $-0.0131541$ & $-0.0272167$ & $-0.0240757$ \\
CHe_22 & $0.0310471$ & $-0.0142701$ & $-0.0101609$ & $0.0243435$ & $-0.0150386$ & $-0.185202$ & $-0.0515046$ & $0.89978$ & $0.881039$ & $-0.391049$ & $-0.99127$ & $-0.364135$ & $0.190132$ & $0.456494$ & $0.324737$ & $0.322982$ & $0.161999$ & $-0.0755921$ & $-0.0838086$ & $0.972899$ & $1$ & $0.976125$ & $0.0847576$ & $-0.397857$ & $-0.0305317$ & $-0.581747$ & $0.411369$ & $0.343932$ & $0.00713088$ & $0.0648032$ & $0.0446203$ & $-0.0428626$ & $0.0610529$ & $0.480195$ & $0.0339808$ & $-0.000877429$ & $-0.03216$ & $-0.00821849$ & $-0.010389$ & $-0.0198381$ & $-0.00165274$ & $0.0346317$ & $-0.0387608$ & $0.0167056$ & $-0.00686642$ & $0.00591757$ & $-0.0176956$ & $-0.0244314$ & $-0.037208$ \\
CHe_33 & $0.0277655$ & $-0.0145581$ & $-0.0102495$ & $0.0312592$ & $-0.0128161$ & $-0.181143$ & $-0.0499523$ & $0.879865$ & $0.861508$ & $-0.382001$ & $-0.971063$ & $-0.357251$ & $0.18721$ & $0.447381$ & $0.319411$ & $0.339016$ & $0.163069$ & $-0.0698357$ & $-0.0734025$ & $0.954001$ & $0.976125$ & $1$ & $0.0828246$ & $-0.383797$ & $-0.025784$ & $-0.568569$ & $0.402572$ & $0.334861$ & $0.00444569$ & $0.0620583$ & $0.0418142$ & $-0.0432823$ & $0.0601919$ & $0.470878$ & $0.033218$ & $0.000357888$ & $-0.0329012$ & $0.000472833$ & $-0.0146936$ & $-0.0249351$ & $-0.00976176$ & $0.0347313$ & $-0.0390579$ & $0.0171925$ & $0.00268235$ & $0.00240466$ & $-0.0157861$ & $-0.0241102$ & $-0.0366517$ \\
CHQ1_11 & $-0.0169085$ & $0.013214$ & $0.0118925$ & $0.00128178$ & $-0.0178741$ & $-0.0316502$ & $0.00526265$ & $0.101371$ & $0.105945$ & $-0.0699584$ & $-0.0559598$ & $-0.0530554$ & $0.03687$ & $-0.0475752$ & $-0.164493$ & $-0.158976$ & $-0.0610036$ & $0.0133764$ & $0.0124183$ & $0.0301598$ & $0.0847576$ & $0.0828246$ & $1$ & $-0.131652$ & $0.0926526$ & $-0.696968$ & $0.373101$ & $0.0369744$ & $-0.0108699$ & $0.0269051$ & $0.0152595$ & $0.00936973$ & $0.0252567$ & $0.220233$ & $0.000529866$ & $0.00452409$ & $-0.00711294$ & $-0.0264571$ & $-0.0136095$ & $0.0139763$ & $0.00785755$ & $0.0250305$ & $0.0315878$ & $-0.0153017$ & $0.0095836$ & $0.0315946$ & $-0.00958098$ & $-0.0221937$ & $-0.012427$ \\
CHQ1_33 & $-0.0759425$ & $0.0338088$ & $0.0169964$ & $-0.0275107$ & $0.0178889$ & $0.0157575$ & $0.109272$ & $-0.694733$ & $-0.682866$ & $0.561524$ & $0.345553$ & $0.257938$ & $-0.441425$ & $0.458286$ & $0.0859823$ & $0.0898309$ & $0.674521$ & $0.627225$ & $0.624905$ & $-0.290502$ & $-0.397857$ & $-0.383797$ & $-0.131652$ & $1$ & $0.641771$ & $0.218242$ & $-0.432429$ & $-0.0471492$ & $-0.0341304$ & $-0.147499$ & $-0.0679569$ & $0.0904477$ & $-0.133014$ & $-0.637717$ & $-0.0172062$ & $-0.0502868$ & $0.030888$ & $0.0126718$ & $0.0106684$ & $0.0172268$ & $-0.044749$ & $-0.0312079$ & $0.0536759$ & $-0.00204909$ & $-0.000497897$ & $0.0130898$ & $0.0261337$ & $-8.18121e-05$ & $0.0403428$ \\
CHQ3_11 & $-0.154538$ & $0.047124$ & $0.0290158$ & $-0.0142431$ & $0.00786839$ & $-0.0603839$ & $0.115257$ & $-0.397906$ & $-0.392546$ & $0.458544$ & $0.0259701$ & $0.100394$ & $-0.433728$ & $0.611648$ & $-0.129596$ & $-0.130148$ & $0.775455$ & $0.790507$ & $0.792237$ & $-0.0157295$ & $-0.0305317$ & $-0.025784$ & $0.0926526$ & $0.641771$ & $1$ & $0.0107399$ & $0.200638$ & $-0.0373461$ & $-0.0373882$ & $-0.140625$ & $-0.0592521$ & $0.0862057$ & $-0.132177$ & $-0.20849$ & $-0.0504492$ & $-0.0467802$ & $0.0537478$ & $0.0150375$ & $0.0147465$ & $0.00819632$ & $-0.0501527$ & $0.035406$ & $0.0467125$ & $-0.00545233$ & $0.0259948$ & $0.0440491$ & $0.00505039$ & $0.0277$ & $0.0242513$ \\
CHu_11 & $-0.057434$ & $-0.0114038$ & $0.00277202$ & $-0.0115596$ & $0.0298298$ & $0.122364$ & $0.0399225$ & $-0.520777$ & $-0.512836$ & $0.230459$ & $0.5785$ & $0.213258$ & $-0.12303$ & $-0.269242$ & $-0.191293$ & $-0.192517$ & $-0.102935$ & $0.036879$ & $0.0448929$ & $-0.568508$ & $-0.581747$ & $-0.568569$ & $-0.696968$ & $0.218242$ & $0.0107399$ & $1$ & $-0.220651$ & $-0.211333$ & $-0.000693541$ & $-0.0467915$ & $-0.0332442$ & $0.0280655$ & $-0.0492136$ & $-0.278939$ & $-0.0282894$ & $-0.00373225$ & $0.0446847$ & $0.0218596$ & $0.0147548$ & $-0.00124379$ & $-0.0193846$ & $-0.0372187$ & $0.007801$ & $-0.000971013$ & $0.0200822$ & $-0.0103139$ & $0.0161724$ & $0.0527497$ & $0.0321565$ \\
CHd_11 & $-0.045807$ & $-0.0115223$ & $-0.00113726$ & $0.0335945$ & $-0.00524543$ & $-0.0805006$ & $0.00161542$ & $0.456677$ & $0.449983$ & $-0.267066$ & $-0.333975$ & $-0.223894$ & $0.120785$ & $-0.0744569$ & $-0.377051$ & $-0.364066$ & $-0.160672$ & $-0.0123512$ & $-0.0165417$ & $0.259288$ & $0.411369$ & $0.402572$ & $0.373101$ & $-0.432429$ & $0.200638$ & $-0.220651$ & $1$ & $0.115778$ & $-0.000302262$ & $0.051113$ & $0.0332882$ & $0.00202991$ & $0.0286624$ & $0.692518$ & $-0.0194767$ & $0.0138463$ & $0.0246366$ & $-0.017784$ & $-0.00589721$ & $-0.0179241$ & $-0.00865667$ & $0.0551927$ & $-0.0087635$ & $-0.0102445$ & $0.0306555$ & $0.0415202$ & $-0.0101082$ & $0.0233663$ & $-0.0387456$ \\
CHd_33 & $0.039383$ & $-0.00698037$ & $-0.00977831$ & $-0.0107257$ & $0.00745412$ & $-0.0537741$ & $-0.0177327$ & $0.317396$ & $0.313331$ & $-0.141788$ & $-0.342259$ & $-0.118779$ & $0.0531013$ & $0.15199$ & $0.117604$ & $0.121833$ & $0.0369125$ & $-0.0394871$ & $-0.0448657$ & $0.337951$ & $0.343932$ & $0.334861$ & $0.0369744$ & $-0.0471492$ & $-0.0373461$ & $-0.211333$ & $0.115778$ & $1$ & $0.00821453$ & $0.0215223$ & $0.0356119$ & $-0.00632263$ & $0.028804$ & $0.165406$ & $0.0113429$ & $-0.0177978$ & $-0.0548958$ & $0.00620596$ & $-0.0146514$ & $-0.00492572$ & $-0.00176887$ & $-0.012784$ & $0.00495895$ & $0.0123676$ & $-0.0216692$ & $0.0484592$ & $-0.00306037$ & $0.00546143$ & $-0.00589204$ \\
CeH_22r & $0.0251058$ & $-0.0708336$ & $-0.00542992$ & $-0.0121218$ & $0.0046095$ & $0.0102048$ & $0.0234172$ & $0.0236772$ & $0.0344543$ & $-0.00753642$ & $-0.00690905$ & $0.0280344$ & $0.0445923$ & $-0.0237457$ & $0.00542901$ & $0.0120914$ & $-0.0370606$ & $-0.0340813$ & $-0.0373527$ & $0.00621115$ & $0.00713088$ & $0.00444569$ & $-0.0108699$ & $-0.0341304$ & $-0.0373882$ & $-0.000693541$ & $-0.000302262$ & $0.00821453$ & $1$ & $0.029451$ & $0.0224625$ & $0.00667592$ & $0.0219172$ & $0.00864827$ & $-0.0252523$ & $-0.0164186$ & $-0.0108335$ & $-0.00385887$ & $-0.0164719$ & $0.0135725$ & $0.0139348$ & $-0.000963265$ & $0.00582382$ & $0.0201573$ & $-0.009359$ & $-0.000652987$ & $0.000816418$ & $-0.0473157$ & $-0.0173197$ \\
CeH_33r & $0.00209196$ & $-0.0213327$ & $-0.0405669$ & $0.00826594$ & $-0.0152977$ & $0.0074434$ & $-0.145023$ & $0.127102$ & $0.145967$ & $-0.143834$ & $-0.0604236$ & $0.0983987$ & $0.300416$ & $-0.091537$ & $0.0105132$ & $0.0433212$ & $-0.144368$ & $-0.134009$ & $-0.155082$ & $0.0592451$ & $0.0648032$ & $0.0620583$ & $0.0269051$ & $-0.147499$ & $-0.140625$ & $-0.0467915$ & $0.051113$ & $0.0215223$ & $0.029451$ & $1$ & $0.314032$ & $0.0150026$ & $0.670707$ & $0.0891819$ & $-0.00894213$ & $0.0165977$ & $-0.149659$ & $-0.000561906$ & $-0.0431342$ & $0.00769316$ & $0.00826878$ & $0.0205081$ & $-0.00800989$ & $0.0364964$ & $0.0437925$ & $0.0161629$ & $-0.0129116$ & $0.025836$ & $0.0224958$ \\
CuH_22r & $0.0404429$ & $0.0134358$ & $-0.0535121$ & $-0.00935997$ & $-0.0275741$ & $0.0179937$ & $-0.0682642$ & $0.0684642$ & $0.0800857$ & $-0.0777528$ & $-0.0455153$ & $-0.00410785$ & $0.113912$ & $-0.0265269$ & $0.014287$ & $0.0101726$ & $-0.05577$ & $-0.0594054$ & $-0.0541447$ & $0.0414955$ & $0.0446203$ & $0.0418142$ & $0.0152595$ & $-0.0679569$ & $-0.0592521$ & $-0.0332442$ & $0.0332882$ & $0.0356119$ & $0.0224625$ & $0.314032$ & $1$ & $0.0206505$ & $0.375678$ & $0.0410107$ & $-0.036784$ & $-0.048975$ & $-0.0442996$ & $0.00948071$ & $0.062724$ & $0.00744146$ & $-0.0753158$ & $0.0382381$ & $0.0325034$ & $-0.0894644$ & $-0.0354243$ & $0.0690714$ & $0.384033$ & $-0.0558669$ & $0.0654283$ \\
CuH_33r & $-0.0625673$ & $0.0269487$ & $0.00217188$ & $-0.0332565$ & $-0.0108212$ & $0.0116824$ & $0.935298$ & $-0.0745583$ & $-0.0259811$ & $0.0744569$ & $0.0449501$ & $0.136544$ & $-0.230831$ & $0.0349293$ & $-0.0449745$ & $-0.0265531$ & $0.0677943$ & $0.0856736$ & $0.0726274$ & $-0.0465936$ & $-0.0428626$ & $-0.0432823$ & $0.00936973$ & $0.0904477$ & $0.0862057$ & $0.0280655$ & $0.00202991$ & $-0.00632263$ & $0.00667592$ & $0.0150026$ & $0.0206505$ & $1$ & $-0.00221454$ & $-0.0211752$ & $0.0379593$ & $0.0155806$ & $-0.00249805$ & $-0.0213586$ & $0.0410968$ & $-0.00815148$ & $-0.0255923$ & $0.0103475$ & $0.0486449$ & $-0.0167082$ & $-0.0080301$ & $0.0313358$ & $0.0205342$ & $0.00724783$ & $-0.021953$ \\
CdH_33r & $-0.0157184$ & $0.032794$ & $0.00398928$ & $-0.0141889$ & $-0.00477842$ & $-0.00963366$ & $-0.169187$ & $0.117817$ & $0.138097$ & $-0.152039$ & $-0.0600051$ & $0.0853802$ & $0.32186$ & $-0.0843896$ & $0.0484332$ & $0.0530053$ & $-0.122726$ & $-0.143225$ & $-0.14155$ & $0.0619751$ & $0.0610529$ & $0.0601919$ & $0.0252567$ & $-0.133014$ & $-0.132177$ & $-0.0492136$ & $0.0286624$ & $0.028804$ & $0.0219172$ & $0.670707$ & $0.375678$ & $-0.00221454$ & $1$ & $0.0581157$ & $-0.148923$ & $-0.0874506$ & $-0.162448$ & $0.0032034$ & $-0.0138788$ & $-0.0134271$ & $0.0294076$ & $-0.0008405$ & $-0.0273484$ & $-0.00648561$ & $0.00223703$ & $0.0462367$ & $0.0620889$ & $0.19006$ & $0.452041$ \\
CLL_1221 & $0.0422874$ & $0.0128865$ & $-0.00398354$ & $0.0582144$ & $-0.025035$ & $-0.121213$ & $-0.0321912$ & $0.583743$ & $0.573842$ & $-0.368711$ & $-0.396384$ & $-0.2637$ & $0.23254$ & $-0.203715$ & $-0.578199$ & $-0.0984214$ & $-0.257318$ & $0.0194255$ & $-0.3448$ & $0.316276$ & $0.480195$ & $0.470878$ & $0.220233$ & $-0.637717$ & $-0.20849$ & $-0.278939$ & $0.692518$ & $0.165406$ & $0.00864827$ & $0.0891819$ & $0.0410107$ & $-0.0211752$ & $0.0581157$ & $1$ & $0.0169306$ & $0.0313184$ & $-0.00772136$ & $-0.0161628$ & $-0.0176947$ & $-0.0521991$ & $0.00584693$ & $0.0103084$ & $-0.0469294$ & $-0.0192274$ & $0.00993572$ & $0.0221001$ & $-0.0304285$ & $-0.00999755$ & $-0.0564256$ \\
eHggint & $0.083157$ & $0.019908$ & $-0.0564231$ & $-0.00442491$ & $-0.000648636$ & $0.0314737$ & $-0.0434898$ & $0.0343519$ & $0.00464297$ & $0.0320519$ & $-0.0327235$ & $0.0612806$ & $0.0107579$ & $0.0100397$ & $0.0165042$ & $0.0123644$ & $-0.00493693$ & $-0.016297$ & $-0.015459$ & $0.0315671$ & $0.0339808$ & $0.033218$ & $0.000529866$ & $-0.0172062$ & $-0.0504492$ & $-0.0282894$ & $-0.0194767$ & $0.0113429$ & $-0.0252523$ & $-0.00894213$ & $-0.036784$ & $0.0379593$ & $-0.148923$ & $0.0169306$ & $1$ & $0.0595575$ & $-0.0990312$ & $0.0189476$ & $0.132658$ & $-0.0372002$ & $0.112581$ & $-0.0683965$ & $-0.145873$ & $-0.147018$ & $0.166021$ & $-0.071403$ & $-0.032239$ & $-0.184054$ & $-0.20627$ \\
eHggpar & $-0.024608$ & $0.0824364$ & $-0.128227$ & $0.0437717$ & $-0.00823102$ & $0.0105218$ & $-0.0299772$ & $0.0219694$ & $0.00504538$ & $-0.0161978$ & $0.00299774$ & $0.0381801$ & $0.0371154$ & $-0.0591256$ & $-0.00539405$ & $0.00678238$ & $-0.0444983$ & $-0.0495654$ & $-0.055798$ & $-0.0049538$ & $-0.000877429$ & $0.000357888$ & $0.00452409$ & $-0.0502868$ & $-0.0467802$ & $-0.00373225$ & $0.0138463$ & $-0.0177978$ & $-0.0164186$ & $0.0165977$ & $-0.048975$ & $0.0155806$ & $-0.0874506$ & $0.0313184$ & $0.0595575$ & $1$ & $-0.0593895$ & $-0.0105061$ & $0.108218$ & $0.00875761$ & $0.100718$ & $0.018154$ & $-0.0624025$ & $0.0727891$ & $0.0844279$ & $-0.0831267$ & $-0.165269$ & $-0.0805523$ & $-0.148727$ \\
eHWWint & $0.0782406$ & $0.0629507$ & $0.270332$ & $0.0342721$ & $0.0227893$ & $0.0213459$ & $0.0366141$ & $-0.0536949$ & $-0.0564799$ & $0.0372803$ & $0.0385028$ & $-0.0131298$ & $-0.0181262$ & $0.0233657$ & $-0.0460629$ & $-0.0642989$ & $0.03173$ & $0.0579734$ & $0.0744285$ & $-0.0402227$ & $-0.03216$ & $-0.0329012$ & $-0.00711294$ & $0.030888$ & $0.0537478$ & $0.0446847$ & $0.0246366$ & $-0.0548958$ & $-0.0108335$ & $-0.149659$ & $-0.0442996$ & $-0.00249805$ & $-0.162448$ & $-0.00772136$ & $-0.0990312$ & $-0.0593895$ & $1$ & $-0.053834$ & $0.0477411$ & $-0.021514$ & $-0.1389$ & $-0.00941337$ & $0.122151$ & $-0.179779$ & $0.144927$ & $-0.0831112$ & $0.0719671$ & $-0.0664152$ & $0.0659474$ \\
eHWWpar & $-0.0361331$ & $0.00959959$ & $-0.0442381$ & $-0.0408799$ & $0.0130213$ & $0.0388607$ & $-0.028287$ & $-0.015735$ & $-0.0184782$ & $0.0196611$ & $0.00817428$ & $0.00117051$ & $0.00517463$ & $0.0140843$ & $0.0018283$ & $-0.00165565$ & $0.0121903$ & $0.0129838$ & $0.0207833$ & $-0.00640918$ & $-0.00821849$ & $0.000472833$ & $-0.0264571$ & $0.0126718$ & $0.0150375$ & $0.0218596$ & $-0.017784$ & $0.00620596$ & $-0.00385887$ & $-0.000561906$ & $0.00948071$ & $-0.0213586$ & $0.0032034$ & $-0.0161628$ & $0.0189476$ & $-0.0105061$ & $-0.053834$ & $1$ & $0.0314292$ & $0.0121861$ & $-0.0471521$ & $-0.00685956$ & $0.00908042$ & $-0.0359456$ & $0.0235426$ & $0.00279325$ & $0.000398718$ & $-0.0387778$ & $0.0198796$ \\
eHZZint & $-0.0647893$ & $0.0751465$ & $-0.104686$ & $-0.0703634$ & $-0.00931382$ & $0.0302884$ & $0.0161127$ & $-0.0164404$ & $-0.0215215$ & $0.0312724$ & $0.0130788$ & $0.0434426$ & $0.00402806$ & $-0.00510641$ & $0.0113098$ & $-0.00913525$ & $0.0101103$ & $-0.00612108$ & $0.0117937$ & $-0.0114628$ & $-0.010389$ & $-0.0146936$ & $-0.0136095$ & $0.0106684$ & $0.0147465$ & $0.0147548$ & $-0.00589721$ & $-0.0146514$ & $-0.0164719$ & $-0.0431342$ & $0.062724$ & $0.0410968$ & $-0.0138788$ & $-0.0176947$ & $0.132658$ & $0.108218$ & $0.0477411$ & $0.0314292$ & $1$ & $0.0214299$ & $-0.123144$ & $0.0132507$ & $-0.0549617$ & $-0.136527$ & $-0.0708299$ & $0.118733$ & $0.149546$ & $-0.00245137$ & $-0.00071921$ \\
eHZZpar & $-0.0097604$ & $-0.0749557$ & $0.00643268$ & $-0.0241799$ & $0.000996471$ & $-0.00641406$ & $-0.00514167$ & $-0.0188021$ & $-0.017996$ & $0.0206465$ & $0.0166993$ & $0.0105211$ & $-0.0182931$ & $-0.0053705$ & $0.0389352$ & $-0.0109385$ & $0.00487961$ & $-0.0209508$ & $0.0182711$ & $-0.014962$ & $-0.0198381$ & $-0.0249351$ & $0.0139763$ & $0.0172268$ & $0.00819632$ & $-0.00124379$ & $-0.0179241$ & $-0.00492572$ & $0.0135725$ & $0.00769316$ & $0.00744146$ & $-0.00815148$ & $-0.0134271$ & $-0.0521991$ & $-0.0372002$ & $0.00875761$ & $-0.021514$ & $0.0121861$ & $0.0214299$ & $1$ & $0.0279078$ & $0.02043$ & $0.00469142$ & $0.0130883$ & $-0.0701266$ & $0.0271024$ & $-0.0226324$ & $-0.0252029$ & $0.0146917$ \\
eHZgaint & $0.021616$ & $-0.0866089$ & $0.130141$ & $-0.0690914$ & $0.00214062$ & $0.0184807$ & $-0.0329835$ & $0.0207287$ & $0.0201891$ & $-0.0481722$ & $0.0039344$ & $-0.021581$ & $0.0273098$ & $-0.0409432$ & $0.00581425$ & $-0.00522415$ & $-0.0442795$ & $-0.0489141$ & $-0.0435161$ & $-0.00455707$ & $-0.00165274$ & $-0.00976176$ & $0.00785755$ & $-0.044749$ & $-0.0501527$ & $-0.0193846$ & $-0.00865667$ & $-0.00176887$ & $0.0139348$ & $0.00826878$ & $-0.0753158$ & $-0.0255923$ & $0.0294076$ & $0.00584693$ & $0.112581$ & $0.100718$ & $-0.1389$ & $-0.0471521$ & $-0.123144$ & $0.0279078$ & $1$ & $-0.00550111$ & $-4.7763e-05$ & $0.0309888$ & $-0.140711$ & $-0.0468499$ & $-0.145098$ & $0.0904056$ & $0.00791987$ \\
eHZgapar & $-0.0195832$ & $-0.00747929$ & $0.000810411$ & $0.0127842$ & $0.00162008$ & $-0.00949697$ & $0.0134158$ & $0.0310816$ & $0.0348993$ & $-0.0140441$ & $-0.0327471$ & $-0.00186345$ & $-0.0211199$ & $0.0142782$ & $0.0144753$ & $-0.0250495$ & $0.00339345$ & $-0.00985124$ & $0.0231907$ & $0.0317474$ & $0.0346317$ & $0.0347313$ & $0.0250305$ & $-0.0312079$ & $0.035406$ & $-0.0372187$ & $0.0551927$ & $-0.012784$ & $-0.000963265$ & $0.0205081$ & $0.0382381$ & $0.0103475$ & $-0.0008405$ & $0.0103084$ & $-0.0683965$ & $0.018154$ & $-0.00941337$ & $-0.00685956$ & $0.0132507$ & $0.02043$ & $-0.00550111$ & $1$ & $0.0155988$ & $0.0239794$ & $-0.0112128$ & $-0.033555$ & $0.0438446$ & $0.0397284$ & $-0.0422229$ \\
eHgagaint & $-0.0154011$ & $0.146357$ & $0.154651$ & $-0.0244891$ & $0.0129383$ & $0.0059566$ & $0.0613694$ & $-0.0545091$ & $0.00837641$ & $0.0420005$ & $0.0392512$ & $0.0348995$ & $-0.0253042$ & $0.0076256$ & $0.0109249$ & $-0.000147097$ & $0.0293625$ & $0.019632$ & $0.0302939$ & $-0.0310665$ & $-0.0387608$ & $-0.0390579$ & $0.0315878$ & $0.0536759$ & $0.0467125$ & $0.007801$ & $-0.0087635$ & $0.00495895$ & $0.00582382$ & $-0.00800989$ & $0.0325034$ & $0.0486449$ & $-0.0273484$ & $-0.0469294$ & $-0.145873$ & $-0.0624025$ & $0.122151$ & $0.00908042$ & $-0.0549617$ & $0.00469142$ & $-4.7763e-05$ & $0.0155988$ & $1$ & $-0.092653$ & $-0.141577$ & $0.0688533$ & $0.0646705$ & $0.117646$ & $-0.0935525$ \\
eHmumuint & $-0.0976247$ & $-0.24892$ & $0.0688675$ & $-0.0657791$ & $0.024736$ & $-0.0622257$ & $-0.0161428$ & $0.0262886$ & $0.0225921$ & $-0.0321485$ & $-0.0213507$ & $-0.0157272$ & $-0.0140504$ & $0.00235053$ & $0.0309295$ & $0.00870048$ & $-0.00705364$ & $-0.0224138$ & $-0.00746102$ & $0.0222287$ & $0.0167056$ & $0.0171925$ & $-0.0153017$ & $-0.00204909$ & $-0.00545233$ & $-0.000971013$ & $-0.0102445$ & $0.0123676$ & $0.0201573$ & $0.0364964$ & $-0.0894644$ & $-0.0167082$ & $-0.00648561$ & $-0.0192274$ & $-0.147018$ & $0.0727891$ & $-0.179779$ & $-0.0359456$ & $-0.136527$ & $0.0130883$ & $0.0309888$ & $0.0239794$ & $-0.092653$ & $1$ & $-0.095411$ & $0.128939$ & $-0.22804$ & $0.0971063$ & $-0.143787$ \\
eHtautauint & $-0.125064$ & $0.101122$ & $-0.129166$ & $-0.00335454$ & $0.00742827$ & $0.0307772$ & $-0.0184759$ & $-0.00906657$ & $-0.0241214$ & $0.0336138$ & $0.0113135$ & $0.0388856$ & $-0.0153862$ & $0.00490192$ & $-0.023256$ & $-0.0184795$ & $-0.012096$ & $0.00806134$ & $0.0120109$ & $-0.0101988$ & $-0.00686642$ & $0.00268235$ & $0.0095836$ & $-0.000497897$ & $0.0259948$ & $0.0200822$ & $0.0306555$ & $-0.0216692$ & $-0.009359$ & $0.0437925$ & $-0.0354243$ & $-0.0080301$ & $0.00223703$ & $0.00993572$ & $0.166021$ & $0.0844279$ & $0.144927$ & $0.0235426$ & $-0.0708299$ & $-0.0701266$ & $-0.140711$ & $-0.0112128$ & $-0.141577$ & $-0.095411$ & $1$ & $-0.0394607$ & $-0.0721219$ & $-0.0724992$ & $0.120245$ \\
eHccint & $-0.0417767$ & $0.0599045$ & $-0.100095$ & $-0.173946$ & $-0.0141679$ & $-0.00113994$ & $0.031255$ & $-0.00669689$ & $0.00412175$ & $0.0170876$ & $0.00068399$ & $-0.00188147$ & $-0.0110167$ & $0.0204103$ & $-0.032929$ & $-0.0191509$ & $0.0108093$ & $0.0331783$ & $0.0247554$ & $9.54562e-05$ & $0.00591757$ & $0.00240466$ & $0.0315946$ & $0.0130898$ & $0.0440491$ & $-0.0103139$ & $0.0415202$ & $0.0484592$ & $-0.000652987$ & $0.0161629$ & $0.0690714$ & $0.0313358$ & $0.0462367$ & $0.0221001$ & $-0.071403$ & $-0.0831267$ & $-0.0831112$ & $0.00279325$ & $0.118733$ & $0.0271024$ & $-0.0468499$ & $-0.033555$ & $0.0688533$ & $0.128939$ & $-0.0394607$ & $1$ & $0.0577416$ & $0.0223917$ & $0.0728903$ \\
eHccpar & $0.0902287$ & $0.0363967$ & $-0.0161558$ & $-0.00723004$ & $0.000620975$ & $0.0185638$ & $0.0277411$ & $-0.0215408$ & $-0.00913715$ & $0.00196792$ & $0.0133334$ & $-5.91745e-05$ & $-0.0224475$ & $0.015564$ & $0.0138286$ & $0.000327146$ & $0.00458129$ & $0.00440816$ & $0.0162849$ & $-0.0131541$ & $-0.0176956$ & $-0.0157861$ & $-0.00958098$ & $0.0261337$ & $0.00505039$ & $0.0161724$ & $-0.0101082$ & $-0.00306037$ & $0.000816418$ & $-0.0129116$ & $0.384033$ & $0.0205342$ & $0.0620889$ & $-0.0304285$ & $-0.032239$ & $-0.165269$ & $0.0719671$ & $0.000398718$ & $0.149546$ & $-0.0226324$ & $-0.145098$ & $0.0438446$ & $0.0646705$ & $-0.22804$ & $-0.0721219$ & $0.0577416$ & $1$ & $-0.112388$ & $0.171151$ \\
eHbbint & $-0.144063$ & $0.184615$ & $0.0484224$ & $-0.052906$ & $0.0213981$ & $-0.0334996$ & $0.025124$ & $-0.0233886$ & $-0.00770907$ & $-0.0167549$ & $0.0298468$ & $-0.00655994$ & $0.00186178$ & $-0.0226497$ & $0.000524551$ & $-0.0307465$ & $-0.0104991$ & $-0.0168521$ & $0.010281$ & $-0.0272167$ & $-0.0244314$ & $-0.0241102$ & $-0.0221937$ & $-8.18121e-05$ & $0.0277$ & $0.0527497$ & $0.0233663$ & $0.00546143$ & $-0.0473157$ & $0.025836$ & $-0.0558669$ & $0.00724783$ & $0.19006$ & $-0.00999755$ & $-0.184054$ & $-0.0805523$ & $-0.0664152$ & $-0.0387778$ & $-0.00245137$ & $-0.0252029$ & $0.0904056$ & $0.0397284$ & $0.117646$ & $0.0971063$ & $-0.0724992$ & $0.0223917$ & $-0.112388$ & $1$ & $0.0604017$ \\
eHbbpar & $0.0319342$ & $0.040548$ & $0.0573429$ & $-0.0235041$ & $0.00589296$ & $-0.0121642$ & $-0.00461484$ & $-0.047275$ & $-0.0485867$ & $0.0181783$ & $0.0323283$ & $-0.00198311$ & $-0.0239964$ & $0.00411543$ & $0.0258093$ & $0.0213308$ & $0.0287931$ & $0.0119031$ & $0.023062$ & $-0.0240757$ & $-0.037208$ & $-0.0366517$ & $-0.012427$ & $0.0403428$ & $0.0242513$ & $0.0321565$ & $-0.0387456$ & $-0.00589204$ & $-0.0173197$ & $0.0224958$ & $0.0654283$ & $-0.021953$ & $0.452041$ & $-0.0564256$ & $-0.20627$ & $-0.148727$ & $0.0659474$ & $0.0198796$ & $-0.00071921$ & $0.0146917$ & $0.00791987$ & $-0.0422229$ & $-0.0935525$ & $-0.143787$ & $0.120245$ & $0.0728903$ & $0.171151$ & $0.0604017$ & $1$ \\
