 & AlsMz & dAle5Mz & mtop & mHl & Mz & CW & CHG & CHWB & CHWHB_gaga & CHWHB_gagaorth & CHD & CH & CHL1_11 & CHL1_22 & CHL1_33 & CHL3_11 & CHL3_22 & CHL3_33 & CHe_11 & CHe_22 & CHe_33 & CHQ1_11 & CHQ1_33 & CHQ3_11 & CHu_11 & CHd_11 & CHd_33 & CeH_22r & CeH_33r & CuH_22r & CuH_33r & CdH_33r & CLL_1221 & eHggint & eHggpar & eHWWint & eHWWpar & eHZZint & eHZZpar & eHZgaint & eHZgapar & eHgagaint & eHmumuint & eHtautauint & eHccint & eHccpar & eHbbint & eHbbpar \\
AlsMz & $1$ & $0.102381$ & $-0.0688395$ & $-0.0619205$ & $0.00274013$ & $-0.010887$ & $0.0149732$ & $-0.02405$ & $-0.0238163$ & $0.00878445$ & $0.0132696$ & $-0.0121044$ & $-0.00812527$ & $-0.00183126$ & $-0.0133132$ & $0.00187214$ & $0.00108604$ & $0.00936787$ & $-0.0187655$ & $-0.0199296$ & $-0.0204747$ & $-0.0106511$ & $-0.0445665$ & $-0.108242$ & $-0.0187105$ & $-0.0371526$ & $0.00676404$ & $-0.00812082$ & $0.00214808$ & $-0.0412954$ & $-0.00381849$ & $0.0713614$ & $-0.0125989$ & $-0.108899$ & $-0.0651075$ & $0.00438723$ & $0.000714109$ & $-0.0397947$ & $0.0250093$ & $-0.0675523$ & $-0.017722$ & $-0.0448888$ & $0.0656042$ & $0.0137309$ & $-0.0101294$ & $-0.132925$ & $-0.104959$ & $0.218351$ \\
dAle5Mz & $0.102381$ & $1$ & $0.0327725$ & $-0.0518927$ & $-0.00177019$ & $0.010826$ & $0.0219967$ & $-0.0746227$ & $-0.0737033$ & $0.00867973$ & $0.0561469$ & $-0.0146179$ & $-0.0183571$ & $-0.0209285$ & $-0.00937014$ & $0.0160122$ & $0.0186298$ & $0.0106107$ & $-0.0332783$ & $-0.0327054$ & $-0.0325126$ & $-0.00944818$ & $0.0168438$ & $0.00577666$ & $0.0212742$ & $-0.00682307$ & $-0.0112765$ & $0.00732864$ & $-0.025627$ & $0.000232335$ & $0.0109348$ & $0.00517883$ & $0.0200955$ & $0.0126979$ & $-0.179865$ & $0.0779701$ & $0.011503$ & $-0.0794973$ & $-0.00745136$ & $0.0682602$ & $0.00945738$ & $-0.0384341$ & $0.030155$ & $-0.0424363$ & $-0.0165278$ & $0.0471911$ & $-0.036872$ & $0.0864926$ \\
mtop & $-0.0688395$ & $0.0327725$ & $1$ & $-0.0685779$ & $0.00755829$ & $-0.00807708$ & $-0.0115172$ & $0.000195033$ & $-0.00317623$ & $-0.00243198$ & $0.00207985$ & $0.00359674$ & $0.00312532$ & $0.00869132$ & $0.00589908$ & $0.0114843$ & $0.00250014$ & $0.00571775$ & $0.00748777$ & $0.00567644$ & $0.00833909$ & $0.00864331$ & $0.0103965$ & $0.0104719$ & $-0.00891555$ & $-0.00472115$ & $-0.0125608$ & $0.000424286$ & $0.00573568$ & $0.000972946$ & $-0.0125042$ & $-0.0163713$ & $-0.00228622$ & $0.0536257$ & $-0.139544$ & $0.0641668$ & $0.00162797$ & $-0.00210891$ & $-0.0102528$ & $0.0492327$ & $0.00401902$ & $-0.0487251$ & $0.110084$ & $0.160551$ & $0.0596113$ & $-0.0341578$ & $-0.0981863$ & $0.00155553$ \\
mHl & $-0.0619205$ & $-0.0518927$ & $-0.0685779$ & $1$ & $0.0096221$ & $-0.00347388$ & $0.00288157$ & $-0.00767246$ & $-0.00403182$ & $-0.000910518$ & $0.0078004$ & $-0.000692744$ & $-0.00424534$ & $0.00359129$ & $-0.000502504$ & $-0.000224002$ & $-0.00135588$ & $0.0013991$ & $-0.00728445$ & $-0.0100511$ & $-0.00946404$ & $-0.00412275$ & $0.00980116$ & $0.0101959$ & $0.00725278$ & $-0.00397805$ & $0.00128657$ & $-0.00423864$ & $0.0173329$ & $-0.0151508$ & $0.0165697$ & $-0.00702066$ & $-0.0120858$ & $0.0908158$ & $0.00616955$ & $-0.104032$ & $-0.00599958$ & $0.204368$ & $-0.00396266$ & $-0.014531$ & $-0.0078276$ & $0.0556471$ & $0.034612$ & $0.079461$ & $-0.0211742$ & $-0.0611839$ & $0.0847914$ & $-0.0585739$ \\
Mz & $0.00274013$ & $-0.00177019$ & $0.00755829$ & $0.0096221$ & $1$ & $0.00121331$ & $-0.00296118$ & $-0.00508581$ & $-0.00849345$ & $0.00371502$ & $0.00760829$ & $-0.00719917$ & $0.00668594$ & $0.000937214$ & $-0.00141624$ & $0.0105967$ & $0.00688015$ & $0.00833924$ & $-0.00111569$ & $0.000448616$ & $0.00038974$ & $0.00315051$ & $0.00743666$ & $0.00959094$ & $-0.000970113$ & $0.00247959$ & $0.00737896$ & $0.000242974$ & $-0.00437153$ & $8.06084e-05$ & $-0.0029997$ & $-0.0018787$ & $-0.00462222$ & $0.000506138$ & $0.00298391$ & $-0.00754717$ & $-0.000457511$ & $0.0102585$ & $0.00568067$ & $-0.00623052$ & $0.000419233$ & $-0.0118092$ & $0.0102939$ & $0.00460206$ & $-0.0129624$ & $0.00785402$ & $0.00878945$ & $-0.00193827$ \\
CW & $-0.010887$ & $0.010826$ & $-0.00807708$ & $-0.00347388$ & $0.00121331$ & $1$ & $0.00142315$ & $-0.114887$ & $-0.110613$ & $-0.0256737$ & $0.173092$ & $0.0195115$ & $0.0352775$ & $-0.0645117$ & $-0.0692971$ & $-0.258518$ & $-0.0539588$ & $-0.0522817$ & $-0.169577$ & $-0.177486$ & $-0.174128$ & $-0.0119293$ & $-0.00250202$ & $-0.0875593$ & $0.0932961$ & $-0.0776572$ & $-0.0542918$ & $0.00349243$ & $0.00266336$ & $-0.00325591$ & $0.00371534$ & $0.0069014$ & $-0.122191$ & $-0.00450768$ & $0.00653559$ & $-0.00524837$ & $-0.000411049$ & $0.000238438$ & $0.000601151$ & $-0.00223078$ & $-0.00357236$ & $0.0158186$ & $-0.00537759$ & $0.0107602$ & $0.00452986$ & $-0.0224539$ & $0.0110266$ & $0.0131762$ \\
CHG & $0.0149732$ & $0.0219967$ & $-0.0115172$ & $0.00288157$ & $-0.00296118$ & $0.00142315$ & $1$ & $-0.0781513$ & $-0.0266062$ & $0.0253009$ & $0.0381438$ & $-0.286779$ & $0.0531889$ & $-0.0247369$ & $-0.0292503$ & $0.0754386$ & $0.0856231$ & $0.0866179$ & $-0.0389507$ & $-0.0384086$ & $-0.0391561$ & $-0.00367621$ & $0.0793482$ & $0.0791363$ & $0.0196706$ & $-0.0232456$ & $-0.00814218$ & $0.00824219$ & $-0.144708$ & $-0.0802086$ & $0.933891$ & $-0.164077$ & $-0.037519$ & $-0.0597104$ & $-0.0262055$ & $0.0273207$ & $0.00751888$ & $-0.0214831$ & $0.000493023$ & $0.013243$ & $-0.00681858$ & $-0.0154591$ & $0.00132812$ & $-0.00688881$ & $0.010228$ & $-0.00439669$ & $-0.0048281$ & $0.0071762$ \\
CHWB & $-0.02405$ & $-0.0746227$ & $0.000195033$ & $-0.00767246$ & $-0.00508581$ & $-0.114887$ & $-0.0781513$ & $1$ & $0.981227$ & $-0.478105$ & $-0.866351$ & $0.256119$ & $0.0826171$ & $0.28667$ & $0.288529$ & $-0.236968$ & $-0.420853$ & $-0.42225$ & $0.835837$ & $0.884596$ & $0.865601$ & $0.0579642$ & $-0.649975$ & $-0.387056$ & $-0.480874$ & $0.391627$ & $0.283232$ & $0.0189599$ & $0.152012$ & $0.0531046$ & $-0.0473066$ & $0.159457$ & $0.528901$ & $0.0272561$ & $0.0275439$ & $-0.0103701$ & $-0.00586103$ & $0.000273776$ & $0.00191762$ & $-0.0195996$ & $-0.00441487$ & $0.00411183$ & $-0.00435279$ & $0.00789531$ & $0.00644767$ & $-0.00924976$ & $-0.0092112$ & $-0.00635433$ \\
CHWHB_gaga & $-0.0238163$ & $-0.0737033$ & $-0.00317623$ & $-0.00403182$ & $-0.00849345$ & $-0.110613$ & $-0.0266062$ & $0.981227$ & $1$ & $-0.480818$ & $-0.847276$ & $0.255314$ & $0.0758196$ & $0.279464$ & $0.280461$ & $-0.238507$ & $-0.416917$ & $-0.417827$ & $0.817395$ & $0.86537$ & $0.846541$ & $0.0578697$ & $-0.640897$ & $-0.383927$ & $-0.470596$ & $0.38526$ & $0.278719$ & $0.0241387$ & $0.169815$ & $0.0630831$ & $-0.00780653$ & $0.179299$ & $0.519878$ & $0.00173663$ & $0.0201438$ & $-0.0176454$ & $-0.00610559$ & $-0.00803033$ & $0.00186486$ & $-0.019415$ & $-0.00257611$ & $0.0706464$ & $0.0123476$ & $0.00216266$ & $0.0183092$ & $-0.0145968$ & $-0.00808278$ & $-0.00411818$ \\
CHWHB_gagaorth & $0.00878445$ & $0.00867973$ & $-0.00243198$ & $-0.000910518$ & $0.00371502$ & $-0.0256737$ & $0.0253009$ & $-0.478105$ & $-0.480818$ & $1$ & $0.188191$ & $-0.0777917$ & $0.389475$ & $-0.114134$ & $-0.112967$ & $0.560877$ & $0.585292$ & $0.581501$ & $-0.189154$ & $-0.20102$ & $-0.201185$ & $-0.0277881$ & $0.562523$ & $0.570486$ & $0.107332$ & $-0.142505$ & $-0.0629345$ & $-0.0282499$ & $-0.27456$ & $-0.0929056$ & $-0.0155022$ & $-0.304075$ & $-0.257182$ & $-0.0264378$ & $-0.00499769$ & $0.0095535$ & $-0.000842219$ & $0.00543596$ & $-0.00350017$ & $-0.03558$ & $0.00788233$ & $-0.0023551$ & $0.00311776$ & $0.00589765$ & $0.00154976$ & $-0.000312415$ & $0.00383954$ & $-0.00133385$ \\
CHD & $0.0132696$ & $0.0561469$ & $0.00207985$ & $0.0078004$ & $0.00760829$ & $0.173092$ & $0.0381438$ & $-0.866351$ & $-0.847276$ & $0.188191$ & $1$ & $-0.0804841$ & $-0.518712$ & $-0.414655$ & $-0.411041$ & $-0.242231$ & $0.0350934$ & $0.0348654$ & $-0.989485$ & $-0.990097$ & $-0.9664$ & $-0.00377682$ & $0.259028$ & $-0.011962$ & $0.542003$ & $-0.255065$ & $-0.316695$ & $-0.00891183$ & $-0.106497$ & $-0.0306705$ & $0.0212286$ & $-0.110092$ & $-0.321374$ & $-0.0119743$ & $-0.018584$ & $0.00678578$ & $0.00593037$ & $-0.00610801$ & $-0.000633761$ & $0.0220716$ & $0.00246022$ & $0.0049072$ & $0.00526918$ & $-0.0110329$ & $-0.00431055$ & $0.00517931$ & $0.0101029$ & $0.000825713$ \\
CH & $-0.0121044$ & $-0.0146179$ & $0.00359674$ & $-0.000692744$ & $-0.00719917$ & $0.0195115$ & $-0.286779$ & $0.256119$ & $0.255314$ & $-0.0777917$ & $-0.0804841$ & $1$ & $-0.252052$ & $0.0561879$ & $0.0636865$ & $-0.335567$ & $-0.344744$ & $-0.349281$ & $0.0820478$ & $0.0871393$ & $0.0884776$ & $0.0179591$ & $-0.323574$ & $-0.334217$ & $-0.0437378$ & $0.0789088$ & $0.0258257$ & $0.0493934$ & $0.297409$ & $0.115406$ & $-0.21829$ & $0.347622$ & $0.143733$ & $0.0552785$ & $0.0336575$ & $-0.0159843$ & $-0.00302357$ & $0.00108774$ & $0.00108635$ & $-0.00556296$ & $5.76156e-05$ & $0.00754313$ & $0.00852688$ & $-0.00241904$ & $0.000693187$ & $-0.0151635$ & $0.00357407$ & $-0.0100623$ \\
CHL1_11 & $-0.00812527$ & $-0.0183571$ & $0.00312532$ & $-0.00424534$ & $0.00668594$ & $0.0352775$ & $0.0531889$ & $0.0826171$ & $0.0758196$ & $0.389475$ & $-0.518712$ & $-0.252052$ & $1$ & $0.26715$ & $0.256006$ & $0.662136$ & $0.603796$ & $0.605953$ & $0.535822$ & $0.477833$ & $0.461524$ & $-0.0788051$ & $0.493327$ & $0.604328$ & $-0.263525$ & $-0.109$ & $0.153083$ & $-0.0118039$ & $-0.0315056$ & $-0.0276334$ & $0.0389093$ & $-0.0381934$ & $-0.232219$ & $-0.0176719$ & $-0.00140035$ & $-0.0026307$ & $-0.0045664$ & $0.00995604$ & $-0.00442729$ & $-0.0119277$ & $-0.00108323$ & $-0.0111729$ & $-0.00174433$ & $0.0163012$ & $0.0039002$ & $-0.000618633$ & $0.000115554$ & $0.00234978$ \\
CHL1_22 & $-0.00183126$ & $-0.0209285$ & $0.00869132$ & $0.00359129$ & $0.000937214$ & $-0.0645117$ & $-0.0247369$ & $0.28667$ & $0.279464$ & $-0.114134$ & $-0.414655$ & $0.0561879$ & $0.26715$ & $1$ & $0.441011$ & $0.164227$ & $-0.450771$ & $-0.0248424$ & $0.482668$ & $0.325879$ & $0.316517$ & $-0.178197$ & $0.129289$ & $-0.132543$ & $-0.181847$ & $-0.418828$ & $0.101675$ & $0.00215596$ & $0.0455258$ & $0.0066921$ & $-0.0186568$ & $0.0418295$ & $-0.631183$ & $0.0148$ & $0.00468979$ & $0.00482515$ & $0.00400116$ & $0.0130219$ & $0.0106988$ & $-0.00100034$ & $-0.000689922$ & $0.0046078$ & $0.00617321$ & $0.00591017$ & $-0.00793231$ & $-0.00902637$ & $0.00396254$ & $-0.000671437$ \\
CHL1_33 & $-0.0133132$ & $-0.00937014$ & $0.00589908$ & $-0.000502504$ & $-0.00141624$ & $-0.0692971$ & $-0.0292503$ & $0.288529$ & $0.280461$ & $-0.112967$ & $-0.411041$ & $0.0636865$ & $0.256006$ & $0.441011$ & $1$ & $0.157379$ & $-0.0275764$ & $-0.438005$ & $0.47815$ & $0.325909$ & $0.345289$ & $-0.170802$ & $0.119611$ & $-0.130165$ & $-0.18587$ & $-0.403554$ & $0.101405$ & $0.000104508$ & $0.0438023$ & $0.0230332$ & $-0.0221797$ & $0.0478689$ & $-0.118091$ & $0.0108812$ & $-0.000215878$ & $-0.0069967$ & $0.00638458$ & $0.0144957$ & $0.001075$ & $0.0104062$ & $-0.000967868$ & $-0.00604071$ & $-0.00138346$ & $0.00469502$ & $-0.0105979$ & $0.00240662$ & $-0.0020393$ & $0.00124193$ \\
CHL3_11 & $0.00187214$ & $0.0160122$ & $0.0114843$ & $-0.000224002$ & $0.0105967$ & $-0.258518$ & $0.0754386$ & $-0.236968$ & $-0.238507$ & $0.560877$ & $-0.242231$ & $-0.335567$ & $0.662136$ & $0.164227$ & $0.157379$ & $1$ & $0.733483$ & $0.735863$ & $0.263234$ & $0.210087$ & $0.200636$ & $-0.0610943$ & $0.684103$ & $0.773852$ & $-0.122273$ & $-0.147257$ & $0.0670183$ & $-0.0196522$ & $-0.0890259$ & $-0.0412626$ & $0.0489675$ & $-0.0973553$ & $-0.241046$ & $-0.0275771$ & $-0.0146767$ & $0.00928007$ & $0.00190892$ & $0.0118259$ & $-0.00103717$ & $-0.0081233$ & $0.00720585$ & $-0.020918$ & $-0.00398461$ & $0.00306281$ & $-0.00603404$ & $0.013917$ & $-0.0049031$ & $0.00473816$ \\
CHL3_22 & $0.00108604$ & $0.0186298$ & $0.00250014$ & $-0.00135588$ & $0.00688015$ & $-0.0539588$ & $0.0856231$ & $-0.420853$ & $-0.416917$ & $0.585292$ & $0.0350934$ & $-0.344744$ & $0.603796$ & $-0.450771$ & $-0.0275764$ & $0.733483$ & $1$ & $0.669545$ & $-0.0403321$ & $-0.0270135$ & $-0.0267295$ & $0.0180635$ & $0.609587$ & $0.790082$ & $0.0101761$ & $0.0243569$ & $-0.00709896$ & $-0.0191855$ & $-0.109421$ & $-0.0425105$ & $0.0576765$ & $-0.115497$ & $0.0710045$ & $-0.0343784$ & $-0.0147862$ & $0.00177348$ & $-0.00226103$ & $0.00408982$ & $-0.00980108$ & $-0.00300261$ & $0.00402273$ & $-0.0184312$ & $-0.00567089$ & $0.00415781$ & $0.00190696$ & $0.0146612$ & $-0.00309761$ & $0.00458936$ \\
CHL3_33 & $0.00936787$ & $0.0106107$ & $0.00571775$ & $0.0013991$ & $0.00833924$ & $-0.0522817$ & $0.0866179$ & $-0.42225$ & $-0.417827$ & $0.581501$ & $0.0348654$ & $-0.349281$ & $0.605953$ & $-0.0248424$ & $-0.438005$ & $0.735863$ & $0.669545$ & $1$ & $-0.0397191$ & $-0.0275597$ & $-0.026966$ & $0.0152038$ & $0.613625$ & $0.788836$ & $0.0143466$ & $0.0195188$ & $-0.00571698$ & $-0.0175957$ & $-0.106065$ & $-0.0553919$ & $0.0583946$ & $-0.117122$ & $-0.32277$ & $-0.0306725$ & $-0.013507$ & $0.00667357$ & $-0.00338869$ & $0.0050711$ & $-0.00333089$ & $-0.0108567$ & $0.00457751$ & $-0.0104406$ & $-0.000849264$ & $0.00516103$ & $0.00387767$ & $0.0066974$ & $0.00143156$ & $0.00589385$ \\
CHe_11 & $-0.0187655$ & $-0.0332783$ & $0.00748777$ & $-0.00728445$ & $-0.00111569$ & $-0.169577$ & $-0.0389507$ & $0.835837$ & $0.817395$ & $-0.189154$ & $-0.989485$ & $0.0820478$ & $0.535822$ & $0.482668$ & $0.47815$ & $0.263234$ & $-0.0403321$ & $-0.0397191$ & $1$ & $0.969981$ & $0.947629$ & $-0.0218378$ & $-0.203912$ & $0.0161328$ & $-0.531602$ & $0.176996$ & $0.309368$ & $0.00854352$ & $0.103594$ & $0.0313375$ & $-0.0230512$ & $0.106297$ & $0.238707$ & $0.0136268$ & $0.0119986$ & $-0.00391097$ & $-0.00537025$ & $0.00671084$ & $0.000404751$ & $-0.0173713$ & $-0.00191999$ & $-0.00452449$ & $-0.00387968$ & $0.0115845$ & $0.00335335$ & $-0.00218572$ & $-0.0103057$ & $0.000301851$ \\
CHe_22 & $-0.0199296$ & $-0.0327054$ & $0.00567644$ & $-0.0100511$ & $0.000448616$ & $-0.177486$ & $-0.0384086$ & $0.884596$ & $0.86537$ & $-0.20102$ & $-0.990097$ & $0.0871393$ & $0.477833$ & $0.325879$ & $0.325909$ & $0.210087$ & $-0.0270135$ & $-0.0275597$ & $0.969981$ & $1$ & $0.971965$ & $0.0332856$ & $-0.317354$ & $0.00836522$ & $-0.544326$ & $0.34073$ & $0.318927$ & $0.00983943$ & $0.108298$ & $0.0321797$ & $-0.0207726$ & $0.112845$ & $0.413952$ & $0.0136811$ & $0.0147713$ & $-0.00510442$ & $-0.00688043$ & $0.00281441$ & $-0.000127061$ & $-0.021415$ & $-0.00169542$ & $-0.00585382$ & $-0.00498966$ & $0.00990464$ & $0.00569627$ & $-0.00238892$ & $-0.0118529$ & $-0.00034868$ \\
CHe_33 & $-0.0204747$ & $-0.0325126$ & $0.00833909$ & $-0.00946404$ & $0.00038974$ & $-0.174128$ & $-0.0391561$ & $0.865601$ & $0.846541$ & $-0.201185$ & $-0.9664$ & $0.0884776$ & $0.461524$ & $0.316517$ & $0.345289$ & $0.200636$ & $-0.0267295$ & $-0.026966$ & $0.947629$ & $0.971965$ & $1$ & $0.0334615$ & $-0.311487$ & $0.00672504$ & $-0.531083$ & $0.334366$ & $0.311715$ & $0.0106475$ & $0.107563$ & $0.0333245$ & $-0.0218173$ & $0.112505$ & $0.409468$ & $0.0168489$ & $0.011698$ & $-0.00816547$ & $-0.00361324$ & $0.00215319$ & $0.000954942$ & $-0.0188809$ & $-0.00186588$ & $-0.00590708$ & $-0.00671911$ & $0.0118426$ & $0.00413392$ & $0.00141933$ & $-0.0109272$ & $0.000891886$ \\
CHQ1_11 & $-0.0106511$ & $-0.00944818$ & $0.00864331$ & $-0.00412275$ & $0.00315051$ & $-0.0119293$ & $-0.00367621$ & $0.0579642$ & $0.0578697$ & $-0.0277881$ & $-0.00377682$ & $0.0179591$ & $-0.0788051$ & $-0.178197$ & $-0.170802$ & $-0.0610943$ & $0.0180635$ & $0.0152038$ & $-0.0218378$ & $0.0332856$ & $0.0334615$ & $1$ & $-0.12907$ & $0.0933828$ & $-0.682128$ & $0.348266$ & $0.010279$ & $-0.00265799$ & $0.00175478$ & $-7.6079e-05$ & $-0.00186779$ & $-0.000387854$ & $0.200979$ & $0.00265609$ & $0.00498948$ & $0.00226232$ & $-0.00255726$ & $-0.0123355$ & $-0.00259463$ & $-0.00315773$ & $0.00872338$ & $0.000600124$ & $-0.00249478$ & $0.00186303$ & $0.00383423$ & $-0.0019478$ & $-0.00824172$ & $0.000311198$ \\
CHQ1_33 & $-0.0445665$ & $0.0168438$ & $0.0103965$ & $0.00980116$ & $0.00743666$ & $-0.00250202$ & $0.0793482$ & $-0.649975$ & $-0.640897$ & $0.562523$ & $0.259028$ & $-0.323574$ & $0.493327$ & $0.129289$ & $0.119611$ & $0.684103$ & $0.609587$ & $0.613625$ & $-0.203912$ & $-0.317354$ & $-0.311487$ & $-0.12907$ & $1$ & $0.633914$ & $0.167728$ & $-0.396467$ & $-0.0036044$ & $-0.0243798$ & $-0.126879$ & $-0.0440957$ & $0.0486468$ & $-0.142315$ & $-0.608789$ & $-0.0267752$ & $-0.00927316$ & $0.00952515$ & $0.00367192$ & $0.0132351$ & $0.00215724$ & $0.0087868$ & $0.00607908$ & $-0.00685614$ & $-0.00252404$ & $0.00220239$ & $-0.00224632$ & $0.0199093$ & $0.01152$ & $-0.0105256$ \\
CHQ3_11 & $-0.108242$ & $0.00577666$ & $0.0104719$ & $0.0101959$ & $0.00959094$ & $-0.0875593$ & $0.0791363$ & $-0.387056$ & $-0.383927$ & $0.570486$ & $-0.011962$ & $-0.334217$ & $0.604328$ & $-0.132543$ & $-0.130165$ & $0.773852$ & $0.790082$ & $0.788836$ & $0.0161328$ & $0.00836522$ & $0.00672504$ & $0.0933828$ & $0.633914$ & $1$ & $-0.0023271$ & $0.240022$ & $0.00386905$ & $-0.0229609$ & $-0.105824$ & $-0.0442481$ & $0.0535323$ & $-0.122008$ & $-0.172197$ & $-0.0181703$ & $-0.00831491$ & $0.0118569$ & $-0.00144147$ & $0.0120121$ & $-0.0083245$ & $-0.00160765$ & $0.00655659$ & $-0.0118419$ & $-0.00846098$ & $-0.000109679$ & $-0.00515087$ & $0.0238595$ & $0.007935$ & $-0.0209285$ \\
CHu_11 & $-0.0187105$ & $0.0212742$ & $-0.00891555$ & $0.00725278$ & $-0.000970113$ & $0.0932961$ & $0.0196706$ & $-0.480874$ & $-0.470596$ & $0.107332$ & $0.542003$ & $-0.0437378$ & $-0.263525$ & $-0.181847$ & $-0.18587$ & $-0.122273$ & $0.0101761$ & $0.0143466$ & $-0.531602$ & $-0.544326$ & $-0.531083$ & $-0.682128$ & $0.167728$ & $-0.0023271$ & $1$ & $-0.148587$ & $-0.174289$ & $-0.00590146$ & $-0.0546569$ & $-0.0123722$ & $0.0120333$ & $-0.0559147$ & $-0.223258$ & $0.000907687$ & $-0.013876$ & $-0.000475199$ & $0.00667047$ & $0.00409975$ & $0.00501686$ & $0.0125822$ & $-0.00588247$ & $0.0096739$ & $0.00451358$ & $-0.0149529$ & $-0.000500872$ & $0.0073429$ & $0.0107516$ & $-0.00790209$ \\
CHd_11 & $-0.0371526$ & $-0.00682307$ & $-0.00472115$ & $-0.00397805$ & $0.00247959$ & $-0.0776572$ & $-0.0232456$ & $0.391627$ & $0.38526$ & $-0.142505$ & $-0.255065$ & $0.0789088$ & $-0.109$ & $-0.418828$ & $-0.403554$ & $-0.147257$ & $0.0243569$ & $0.0195188$ & $0.176996$ & $0.34073$ & $0.334366$ & $0.348266$ & $-0.396467$ & $0.240022$ & $-0.148587$ & $1$ & $0.099078$ & $0.00169631$ & $0.0473746$ & $0.0171597$ & $-0.0116555$ & $0.0505374$ & $0.671418$ & $0.00851304$ & $0.0105108$ & $0.00461088$ & $-0.005592$ & $-0.00966411$ & $-0.0024703$ & $-0.0190999$ & $-0.000265335$ & $1.88849e-05$ & $-0.00471141$ & $-0.0066454$ & $0.00473149$ & $0.00337117$ & $-0.0101461$ & $-0.00954852$ \\
CHd_33 & $0.00676404$ & $-0.0112765$ & $-0.0125608$ & $0.00128657$ & $0.00737896$ & $-0.0542918$ & $-0.00814218$ & $0.283232$ & $0.278719$ & $-0.0629345$ & $-0.316695$ & $0.0258257$ & $0.153083$ & $0.101675$ & $0.101405$ & $0.0670183$ & $-0.00709896$ & $-0.00571698$ & $0.309368$ & $0.318927$ & $0.311715$ & $0.010279$ & $-0.0036044$ & $0.00386905$ & $-0.174289$ & $0.099078$ & $1$ & $-0.0061558$ & $0.0325199$ & $0.0161181$ & $-0.00368837$ & $0.0333662$ & $0.13531$ & $-0.00446354$ & $-0.00636163$ & $0.00454733$ & $-0.00527237$ & $-0.00706052$ & $0.00346419$ & $-0.0022512$ & $0.00406959$ & $0.000127713$ & $0.00288534$ & $0.00313378$ & $0.00571662$ & $0.00129487$ & $-0.0144367$ & $-0.00152829$ \\
CeH_22r & $-0.00812082$ & $0.00732864$ & $0.000424286$ & $-0.00423864$ & $0.000242974$ & $0.00349243$ & $0.00824219$ & $0.0189599$ & $0.0241387$ & $-0.0282499$ & $-0.00891183$ & $0.0493934$ & $-0.0118039$ & $0.00215596$ & $0.000104508$ & $-0.0196522$ & $-0.0191855$ & $-0.0175957$ & $0.00854352$ & $0.00983943$ & $0.0106475$ & $-0.00265799$ & $-0.0243798$ & $-0.0229609$ & $-0.00590146$ & $0.00169631$ & $-0.0061558$ & $1$ & $0.0323662$ & $0.0215745$ & $-0.00887363$ & $0.0449073$ & $0.0125323$ & $-0.0250283$ & $-0.0293878$ & $-0.0102187$ & $0.00162268$ & $-0.000707957$ & $-0.00805028$ & $0.00694901$ & $0.00216493$ & $-0.00957073$ & $-0.000154892$ & $-0.00516901$ & $0.00282916$ & $0.00174596$ & $-0.00397457$ & $0.00545921$ \\
CeH_33r & $0.00214808$ & $-0.025627$ & $0.00573568$ & $0.0173329$ & $-0.00437153$ & $0.00266336$ & $-0.144708$ & $0.152012$ & $0.169815$ & $-0.27456$ & $-0.106497$ & $0.297409$ & $-0.0315056$ & $0.0455258$ & $0.0438023$ & $-0.0890259$ & $-0.109421$ & $-0.106065$ & $0.103594$ & $0.108298$ & $0.107563$ & $0.00175478$ & $-0.126879$ & $-0.105824$ & $-0.0546569$ & $0.0473746$ & $0.0325199$ & $0.0323662$ & $1$ & $0.308544$ & $-0.00122932$ & $0.654439$ & $0.0740062$ & $-0.0683331$ & $-0.00315869$ & $-0.161237$ & $-0.0205509$ & $-0.00419553$ & $0.00177762$ & $0.00218611$ & $0.00127931$ & $-0.00698518$ & $0.0170948$ & $0.0356355$ & $0.00599339$ & $-0.0350432$ & $0.0298723$ & $0.0155993$ \\
CuH_22r & $-0.0412954$ & $0.000232335$ & $0.000972946$ & $-0.0151508$ & $8.06084e-05$ & $-0.00325591$ & $-0.0802086$ & $0.0531046$ & $0.0630831$ & $-0.0929056$ & $-0.0306705$ & $0.115406$ & $-0.0276334$ & $0.0066921$ & $0.0230332$ & $-0.0412626$ & $-0.0425105$ & $-0.0553919$ & $0.0313375$ & $0.0321797$ & $0.0333245$ & $-7.6079e-05$ & $-0.0440957$ & $-0.0442481$ & $-0.0123722$ & $0.0171597$ & $0.0161181$ & $0.0215745$ & $0.308544$ & $1$ & $0.0129701$ & $0.349885$ & $0.0355481$ & $0.0260361$ & $0.00268281$ & $-0.0520803$ & $-0.00183597$ & $-0.0427885$ & $0.00696259$ & $0.0375274$ & $-0.00756137$ & $0.000226648$ & $0.00518405$ & $-0.033001$ & $0.0528478$ & $0.273013$ & $-0.0236485$ & $0.0172391$ \\
CuH_33r & $-0.00381849$ & $0.0109348$ & $-0.0125042$ & $0.0165697$ & $-0.0029997$ & $0.00371534$ & $0.933891$ & $-0.0473066$ & $-0.00780653$ & $-0.0155022$ & $0.0212286$ & $-0.21829$ & $0.0389093$ & $-0.0186568$ & $-0.0221797$ & $0.0489675$ & $0.0576765$ & $0.0583946$ & $-0.0230512$ & $-0.0207726$ & $-0.0218173$ & $-0.00186779$ & $0.0486468$ & $0.0535323$ & $0.0120333$ & $-0.0116555$ & $-0.00368837$ & $-0.00887363$ & $-0.00122932$ & $0.0129701$ & $1$ & $0.00821466$ & $-0.0202069$ & $0.0185759$ & $0.0192116$ & $-0.0150741$ & $0.00395793$ & $-0.0014836$ & $0.00103295$ & $0.0203921$ & $-0.0060055$ & $-0.0146572$ & $0.00247006$ & $-0.0054655$ & $0.00901106$ & $0.000740733$ & $-0.00126105$ & $0.00244325$ \\
CdH_33r & $0.0713614$ & $0.00517883$ & $-0.0163713$ & $-0.00702066$ & $-0.0018787$ & $0.0069014$ & $-0.164077$ & $0.159457$ & $0.179299$ & $-0.304075$ & $-0.110092$ & $0.347622$ & $-0.0381934$ & $0.0418295$ & $0.0478689$ & $-0.0973553$ & $-0.115497$ & $-0.117122$ & $0.106297$ & $0.112845$ & $0.112505$ & $-0.000387854$ & $-0.142315$ & $-0.122008$ & $-0.0559147$ & $0.0505374$ & $0.0333662$ & $0.0449073$ & $0.654439$ & $0.349885$ & $0.00821466$ & $1$ & $0.0850862$ & $-0.111712$ & $-0.0202029$ & $-0.211479$ & $-0.0189409$ & $-0.0499771$ & $0.00458588$ & $0.0295353$ & $-0.0100085$ & $-0.0205305$ & $-0.00328432$ & $-0.0441736$ & $-0.0434644$ & $-0.0498952$ & $0.177015$ & $0.436082$ \\
CLL_1221 & $-0.0125989$ & $0.0200955$ & $-0.00228622$ & $-0.0120858$ & $-0.00462222$ & $-0.122191$ & $-0.037519$ & $0.528901$ & $0.519878$ & $-0.257182$ & $-0.321374$ & $0.143733$ & $-0.232219$ & $-0.631183$ & $-0.118091$ & $-0.241046$ & $0.0710045$ & $-0.32277$ & $0.238707$ & $0.413952$ & $0.409468$ & $0.200979$ & $-0.608789$ & $-0.172197$ & $-0.223258$ & $0.671418$ & $0.13531$ & $0.0125323$ & $0.0740062$ & $0.0355481$ & $-0.0202069$ & $0.0850862$ & $1$ & $0.00951693$ & $0.0061198$ & $-0.00474444$ & $-0.00465497$ & $-0.0152941$ & $-0.00666711$ & $-0.0106909$ & $-0.000370071$ & $-0.00616139$ & $-0.00771647$ & $-0.00452719$ & $0.00759588$ & $0.0068264$ & $-0.0150925$ & $-0.000152145$ \\
eHggint & $-0.108899$ & $0.0126979$ & $0.0536257$ & $0.0908158$ & $0.000506138$ & $-0.00450768$ & $-0.0597104$ & $0.0272561$ & $0.00173663$ & $-0.0264378$ & $-0.0119743$ & $0.0552785$ & $-0.0176719$ & $0.0148$ & $0.0108812$ & $-0.0275771$ & $-0.0343784$ & $-0.0306725$ & $0.0136268$ & $0.0136811$ & $0.0168489$ & $0.00265609$ & $-0.0267752$ & $-0.0181703$ & $0.000907687$ & $0.00851304$ & $-0.00446354$ & $-0.0250283$ & $-0.0683331$ & $0.0260361$ & $0.0185759$ & $-0.111712$ & $0.00951693$ & $1$ & $0.0120789$ & $-0.0259106$ & $-0.00271027$ & $0.094516$ & $-0.0239126$ & $0.1261$ & $-0.0103993$ & $-0.00311358$ & $-0.0146159$ & $-0.0383439$ & $-0.00494506$ & $0.138282$ & $-0.11524$ & $-0.0953157$ \\
eHggpar & $-0.0651075$ & $-0.179865$ & $-0.139544$ & $0.00616955$ & $0.00298391$ & $0.00653559$ & $-0.0262055$ & $0.0275439$ & $0.0201438$ & $-0.00499769$ & $-0.018584$ & $0.0336575$ & $-0.00140035$ & $0.00468979$ & $-0.000215878$ & $-0.0146767$ & $-0.0147862$ & $-0.013507$ & $0.0119986$ & $0.0147713$ & $0.011698$ & $0.00498948$ & $-0.00927316$ & $-0.00831491$ & $-0.013876$ & $0.0105108$ & $-0.00636163$ & $-0.0293878$ & $-0.00315869$ & $0.00268281$ & $0.0192116$ & $-0.0202029$ & $0.0061198$ & $0.0120789$ & $1$ & $-0.175438$ & $0.00433691$ & $0.103776$ & $0.029583$ & $-0.141774$ & $0.0139504$ & $0.04591$ & $0.00842474$ & $0.0579868$ & $-0.0238203$ & $-0.0231413$ & $0.110101$ & $-0.0789163$ \\
eHWWint & $0.00438723$ & $0.0779701$ & $0.0641668$ & $-0.104032$ & $-0.00754717$ & $-0.00524837$ & $0.0273207$ & $-0.0103701$ & $-0.0176454$ & $0.0095535$ & $0.00678578$ & $-0.0159843$ & $-0.0026307$ & $0.00482515$ & $-0.0069967$ & $0.00928007$ & $0.00177348$ & $0.00667357$ & $-0.00391097$ & $-0.00510442$ & $-0.00816547$ & $0.00226232$ & $0.00952515$ & $0.0118569$ & $-0.000475199$ & $0.00461088$ & $0.00454733$ & $-0.0102187$ & $-0.161237$ & $-0.0520803$ & $-0.0150741$ & $-0.211479$ & $-0.00474444$ & $-0.0259106$ & $-0.175438$ & $1$ & $-0.022026$ & $-0.0440972$ & $0.00146583$ & $0.0728405$ & $-0.0126428$ & $-0.0156626$ & $-0.0691027$ & $0.0273084$ & $-0.0171809$ & $0.11544$ & $-0.0971656$ & $-0.0562628$ \\
eHWWpar & $0.000714109$ & $0.011503$ & $0.00162797$ & $-0.00599958$ & $-0.000457511$ & $-0.000411049$ & $0.00751888$ & $-0.00586103$ & $-0.00610559$ & $-0.000842219$ & $0.00593037$ & $-0.00302357$ & $-0.0045664$ & $0.00400116$ & $0.00638458$ & $0.00190892$ & $-0.00226103$ & $-0.00338869$ & $-0.00537025$ & $-0.00688043$ & $-0.00361324$ & $-0.00255726$ & $0.00367192$ & $-0.00144147$ & $0.00667047$ & $-0.005592$ & $-0.00527237$ & $0.00162268$ & $-0.0205509$ & $-0.00183597$ & $0.00395793$ & $-0.0189409$ & $-0.00465497$ & $-0.00271027$ & $0.00433691$ & $-0.022026$ & $1$ & $0.00196764$ & $-0.0136594$ & $-0.00412307$ & $-0.00218281$ & $0.00477379$ & $-0.00705447$ & $0.0169592$ & $0.0170528$ & $0.0293447$ & $-0.00166092$ & $0.00706413$ \\
eHZZint & $-0.0397947$ & $-0.0794973$ & $-0.00210891$ & $0.204368$ & $0.0102585$ & $0.000238438$ & $-0.0214831$ & $0.000273776$ & $-0.00803033$ & $0.00543596$ & $-0.00610801$ & $0.00108774$ & $0.00995604$ & $0.0130219$ & $0.0144957$ & $0.0118259$ & $0.00408982$ & $0.0050711$ & $0.00671084$ & $0.00281441$ & $0.00215319$ & $-0.0123355$ & $0.0132351$ & $0.0120121$ & $0.00409975$ & $-0.00966411$ & $-0.00706052$ & $-0.000707957$ & $-0.00419553$ & $-0.0427885$ & $-0.0014836$ & $-0.0499771$ & $-0.0152941$ & $0.094516$ & $0.103776$ & $-0.0440972$ & $0.00196764$ & $1$ & $0.00234171$ & $-0.0634323$ & $0.0296751$ & $-0.00256314$ & $0.0279272$ & $0.225682$ & $-0.0671446$ & $-0.0942248$ & $0.0529032$ & $-0.0903143$ \\
eHZZpar & $0.0250093$ & $-0.00745136$ & $-0.0102528$ & $-0.00396266$ & $0.00568067$ & $0.000601151$ & $0.000493023$ & $0.00191762$ & $0.00186486$ & $-0.00350017$ & $-0.000633761$ & $0.00108635$ & $-0.00442729$ & $0.0106988$ & $0.001075$ & $-0.00103717$ & $-0.00980108$ & $-0.00333089$ & $0.000404751$ & $-0.000127061$ & $0.000954942$ & $-0.00259463$ & $0.00215724$ & $-0.0083245$ & $0.00501686$ & $-0.0024703$ & $0.00346419$ & $-0.00805028$ & $0.00177762$ & $0.00696259$ & $0.00103295$ & $0.00458588$ & $-0.00666711$ & $-0.0239126$ & $0.029583$ & $0.00146583$ & $-0.0136594$ & $0.00234171$ & $1$ & $-0.0200721$ & $-0.00772696$ & $0.00760471$ & $0.0125417$ & $0.0178904$ & $0.0103097$ & $0.0180393$ & $0.00732228$ & $0.00758932$ \\
eHZgaint & $-0.0675523$ & $0.0682602$ & $0.0492327$ & $-0.014531$ & $-0.00623052$ & $-0.00223078$ & $0.013243$ & $-0.0195996$ & $-0.019415$ & $-0.03558$ & $0.0220716$ & $-0.00556296$ & $-0.0119277$ & $-0.00100034$ & $0.0104062$ & $-0.0081233$ & $-0.00300261$ & $-0.0108567$ & $-0.0173713$ & $-0.021415$ & $-0.0188809$ & $-0.00315773$ & $0.0087868$ & $-0.00160765$ & $0.0125822$ & $-0.0190999$ & $-0.0022512$ & $0.00694901$ & $0.00218611$ & $0.0375274$ & $0.0203921$ & $0.0295353$ & $-0.0106909$ & $0.1261$ & $-0.141774$ & $0.0728405$ & $-0.00412307$ & $-0.0634323$ & $-0.0200721$ & $1$ & $0.00243099$ & $0.00177456$ & $-0.00439171$ & $-0.131868$ & $0.0275882$ & $0.0767656$ & $-0.0533107$ & $0.0686596$ \\
eHZgapar & $-0.017722$ & $0.00945738$ & $0.00401902$ & $-0.0078276$ & $0.000419233$ & $-0.00357236$ & $-0.00681858$ & $-0.00441487$ & $-0.00257611$ & $0.00788233$ & $0.00246022$ & $5.76156e-05$ & $-0.00108323$ & $-0.000689922$ & $-0.000967868$ & $0.00720585$ & $0.00402273$ & $0.00457751$ & $-0.00191999$ & $-0.00169542$ & $-0.00186588$ & $0.00872338$ & $0.00607908$ & $0.00655659$ & $-0.00588247$ & $-0.000265335$ & $0.00406959$ & $0.00216493$ & $0.00127931$ & $-0.00756137$ & $-0.0060055$ & $-0.0100085$ & $-0.000370071$ & $-0.0103993$ & $0.0139504$ & $-0.0126428$ & $-0.00218281$ & $0.0296751$ & $-0.00772696$ & $0.00243099$ & $1$ & $0.0300899$ & $0.0130692$ & $-0.00252944$ & $0.0102427$ & $-0.00510321$ & $0.00846252$ & $-0.025711$ \\
eHgagaint & $-0.0448888$ & $-0.0384341$ & $-0.0487251$ & $0.0556471$ & $-0.0118092$ & $0.0158186$ & $-0.0154591$ & $0.00411183$ & $0.0706464$ & $-0.0023551$ & $0.0049072$ & $0.00754313$ & $-0.0111729$ & $0.0046078$ & $-0.00604071$ & $-0.020918$ & $-0.0184312$ & $-0.0104406$ & $-0.00452449$ & $-0.00585382$ & $-0.00590708$ & $0.000600124$ & $-0.00685614$ & $-0.0118419$ & $0.0096739$ & $1.88849e-05$ & $0.000127713$ & $-0.00957073$ & $-0.00698518$ & $0.000226648$ & $-0.0146572$ & $-0.0205305$ & $-0.00616139$ & $-0.00311358$ & $0.04591$ & $-0.0156626$ & $0.00477379$ & $-0.00256314$ & $0.00760471$ & $0.00177456$ & $0.0300899$ & $1$ & $0.218863$ & $-0.0535995$ & $0.163524$ & $-0.0163564$ & $-0.0452898$ & $-0.0369272$ \\
eHmumuint & $0.0656042$ & $0.030155$ & $0.110084$ & $0.034612$ & $0.0102939$ & $-0.00537759$ & $0.00132812$ & $-0.00435279$ & $0.0123476$ & $0.00311776$ & $0.00526918$ & $0.00852688$ & $-0.00174433$ & $0.00617321$ & $-0.00138346$ & $-0.00398461$ & $-0.00567089$ & $-0.000849264$ & $-0.00387968$ & $-0.00498966$ & $-0.00671911$ & $-0.00249478$ & $-0.00252404$ & $-0.00846098$ & $0.00451358$ & $-0.00471141$ & $0.00288534$ & $-0.000154892$ & $0.0170948$ & $0.00518405$ & $0.00247006$ & $-0.00328432$ & $-0.00771647$ & $-0.0146159$ & $0.00842474$ & $-0.0691027$ & $-0.00705447$ & $0.0279272$ & $0.0125417$ & $-0.00439171$ & $0.0130692$ & $0.218863$ & $1$ & $0.0131801$ & $0.0943742$ & $-0.0213865$ & $0.00704695$ & $-0.0478975$ \\
eHtautauint & $0.0137309$ & $-0.0424363$ & $0.160551$ & $0.079461$ & $0.00460206$ & $0.0107602$ & $-0.00688881$ & $0.00789531$ & $0.00216266$ & $0.00589765$ & $-0.0110329$ & $-0.00241904$ & $0.0163012$ & $0.00591017$ & $0.00469502$ & $0.00306281$ & $0.00415781$ & $0.00516103$ & $0.0115845$ & $0.00990464$ & $0.0118426$ & $0.00186303$ & $0.00220239$ & $-0.000109679$ & $-0.0149529$ & $-0.0066454$ & $0.00313378$ & $-0.00516901$ & $0.0356355$ & $-0.033001$ & $-0.0054655$ & $-0.0441736$ & $-0.00452719$ & $-0.0383439$ & $0.0579868$ & $0.0273084$ & $0.0169592$ & $0.225682$ & $0.0178904$ & $-0.131868$ & $-0.00252944$ & $-0.0535995$ & $0.0131801$ & $1$ & $0.00273361$ & $-0.085316$ & $0.0714869$ & $-0.102957$ \\
eHccint & $-0.0101294$ & $-0.0165278$ & $0.0596113$ & $-0.0211742$ & $-0.0129624$ & $0.00452986$ & $0.010228$ & $0.00644767$ & $0.0183092$ & $0.00154976$ & $-0.00431055$ & $0.000693187$ & $0.0039002$ & $-0.00793231$ & $-0.0105979$ & $-0.00603404$ & $0.00190696$ & $0.00387767$ & $0.00335335$ & $0.00569627$ & $0.00413392$ & $0.00383423$ & $-0.00224632$ & $-0.00515087$ & $-0.000500872$ & $0.00473149$ & $0.00571662$ & $0.00282916$ & $0.00599339$ & $0.0528478$ & $0.00901106$ & $-0.0434644$ & $0.00759588$ & $-0.00494506$ & $-0.0238203$ & $-0.0171809$ & $0.0170528$ & $-0.0671446$ & $0.0103097$ & $0.0275882$ & $0.0102427$ & $0.163524$ & $0.0943742$ & $0.00273361$ & $1$ & $-0.0480929$ & $-0.0636757$ & $-0.0902546$ \\
eHccpar & $-0.132925$ & $0.0471911$ & $-0.0341578$ & $-0.0611839$ & $0.00785402$ & $-0.0224539$ & $-0.00439669$ & $-0.00924976$ & $-0.0145968$ & $-0.000312415$ & $0.00517931$ & $-0.0151635$ & $-0.000618633$ & $-0.00902637$ & $0.00240662$ & $0.013917$ & $0.0146612$ & $0.0066974$ & $-0.00218572$ & $-0.00238892$ & $0.00141933$ & $-0.0019478$ & $0.0199093$ & $0.0238595$ & $0.0073429$ & $0.00337117$ & $0.00129487$ & $0.00174596$ & $-0.0350432$ & $0.273013$ & $0.000740733$ & $-0.0498952$ & $0.0068264$ & $0.138282$ & $-0.0231413$ & $0.11544$ & $0.0293447$ & $-0.0942248$ & $0.0180393$ & $0.0767656$ & $-0.00510321$ & $-0.0163564$ & $-0.0213865$ & $-0.085316$ & $-0.0480929$ & $1$ & $-0.104142$ & $0.0116802$ \\
eHbbint & $-0.104959$ & $-0.036872$ & $-0.0981863$ & $0.0847914$ & $0.00878945$ & $0.0110266$ & $-0.0048281$ & $-0.0092112$ & $-0.00808278$ & $0.00383954$ & $0.0101029$ & $0.00357407$ & $0.000115554$ & $0.00396254$ & $-0.0020393$ & $-0.0049031$ & $-0.00309761$ & $0.00143156$ & $-0.0103057$ & $-0.0118529$ & $-0.0109272$ & $-0.00824172$ & $0.01152$ & $0.007935$ & $0.0107516$ & $-0.0101461$ & $-0.0144367$ & $-0.00397457$ & $0.0298723$ & $-0.0236485$ & $-0.00126105$ & $0.177015$ & $-0.0150925$ & $-0.11524$ & $0.110101$ & $-0.0971656$ & $-0.00166092$ & $0.0529032$ & $0.00732228$ & $-0.0533107$ & $0.00846252$ & $-0.0452898$ & $0.00704695$ & $0.0714869$ & $-0.0636757$ & $-0.104142$ & $1$ & $0.00173525$ \\
eHbbpar & $0.218351$ & $0.0864926$ & $0.00155553$ & $-0.0585739$ & $-0.00193827$ & $0.0131762$ & $0.0071762$ & $-0.00635433$ & $-0.00411818$ & $-0.00133385$ & $0.000825713$ & $-0.0100623$ & $0.00234978$ & $-0.000671437$ & $0.00124193$ & $0.00473816$ & $0.00458936$ & $0.00589385$ & $0.000301851$ & $-0.00034868$ & $0.000891886$ & $0.000311198$ & $-0.0105256$ & $-0.0209285$ & $-0.00790209$ & $-0.00954852$ & $-0.00152829$ & $0.00545921$ & $0.0155993$ & $0.0172391$ & $0.00244325$ & $0.436082$ & $-0.000152145$ & $-0.0953157$ & $-0.0789163$ & $-0.0562628$ & $0.00706413$ & $-0.0903143$ & $0.00758932$ & $0.0686596$ & $-0.025711$ & $-0.0369272$ & $-0.0478975$ & $-0.102957$ & $-0.0902546$ & $0.0116802$ & $0.00173525$ & $1$ \\
