 & AlsMz & dAle5Mz & mtop & mHl & Mz & CW & CHG & CHWB & CHWHB_gaga & CHWHB_gagaorth & CHD & CHbox & CH & CHL1_11 & CHL1_22 & CHL1_33 & CHL3_11 & CHL3_22 & CHL3_33 & CHe_11 & CHe_22 & CHe_33 & CHQ1_11 & CHQ1_33 & CHQ3_11 & CHu_11 & CHd_11 & CHd_33 & CeH_22r & CeH_33r & CuH_22r & CuH_33r & CdH_33r & CLL_1221 & eHggint & eHggpar & eHWWint & eHWWpar & eHZZint & eHZZpar & eHZgaint & eHZgapar & eHgagaint & eHmumuint & eHtautauint & eHccint & eHccpar & eHbbint & eHbbpar \\
AlsMz & $1$ & $-0.0111705$ & $-0.0104235$ & $-0.0349097$ & $-0.00329145$ & $0.0363511$ & $0.0613968$ & $-0.00741096$ & $-0.00575149$ & $0.0647062$ & $-0.0233966$ & $0.0459028$ & $-0.0234701$ & $0.0417171$ & $-0.0159975$ & $-0.00976206$ & $0.0432346$ & $0.0501608$ & $0.0393115$ & $0.0145553$ & $0.0131986$ & $0.00893302$ & $-0.0403618$ & $-0.0439783$ & $-0.0754728$ & $-0.0367777$ & $-0.0248344$ & $0.0147297$ & $0.0373275$ & $-0.00492587$ & $-0.0137508$ & $0.0540394$ & $0.00960775$ & $0.00451873$ & $-0.0261882$ & $-0.0640353$ & $-0.0148971$ & $-0.00803541$ & $0.0232025$ & $-0.0213179$ & $0.0137355$ & $0.00425682$ & $0.00979328$ & $-0.0181332$ & $0.00595391$ & $-0.0648434$ & $0.0220229$ & $0.0278046$ & $0.0243722$ \\
dAle5Mz & $-0.0111705$ & $1$ & $0.0259465$ & $-0.00542706$ & $0.0006475$ & $0.0160305$ & $0.0273179$ & $-0.089761$ & $-0.0841571$ & $0.0319441$ & $0.0626062$ & $0.0217574$ & $-0.0407937$ & $-0.00568629$ & $0.0387383$ & $0.0160922$ & $0.0387908$ & $-3.24914e-05$ & $0.0146165$ & $-0.0349676$ & $-0.0404375$ & $-0.0416908$ & $-0.00487582$ & $0.0395407$ & $0.013513$ & $0.0160953$ & $-0.0577786$ & $-0.0365361$ & $0.0338639$ & $-0.0519512$ & $0.00390255$ & $0.0208371$ & $-0.0340512$ & $-0.032465$ & $-0.01928$ & $-0.00168983$ & $-0.0057135$ & $0.0385074$ & $-0.000475163$ & $-0.0248946$ & $-0.00467644$ & $-0.00916455$ & $0.00309622$ & $-0.0594737$ & $-0.00797842$ & $-0.0183348$ & $0.00616449$ & $-6.68534e-05$ & $-0.00117655$ \\
mtop & $-0.0104235$ & $0.0259465$ & $1$ & $0.0302804$ & $0.0329354$ & $-0.035696$ & $-0.0493475$ & $0.0360506$ & $0.0295685$ & $-0.0382047$ & $-0.00806315$ & $-0.0234331$ & $0.00112304$ & $-0.038478$ & $-0.0248351$ & $-0.018863$ & $-0.0213022$ & $-0.0220971$ & $-0.023223$ & $0.0132626$ & $0.0250174$ & $0.031439$ & $0.0195375$ & $-0.0632395$ & $-0.027858$ & $-0.0152797$ & $0.032344$ & $0.0284267$ & $0.0176311$ & $6.37806e-05$ & $0.048657$ & $-0.045905$ & $0.0158096$ & $0.0596037$ & $-0.019992$ & $-0.023132$ & $-0.0659333$ & $0.00739564$ & $-0.0357784$ & $0.0103044$ & $0.0331662$ & $-0.00547992$ & $0.0131228$ & $-0.0473539$ & $-0.0114509$ & $0.0394384$ & $0.0425552$ & $-0.0412312$ & $0.0238491$ \\
mHl & $-0.0349097$ & $-0.00542706$ & $0.0302804$ & $1$ & $0.0327825$ & $0.00299874$ & $-0.0194466$ & $0.010219$ & $0.0123936$ & $-0.00304168$ & $0.00332568$ & $0.00120658$ & $0.0292645$ & $-0.0190091$ & $-0.0125633$ & $0.00449536$ & $-0.0270247$ & $-0.0128023$ & $-0.0266743$ & $-0.000834294$ & $-6.24797e-05$ & $0.00669204$ & $-0.0120208$ & $-0.0143631$ & $-0.0241543$ & $0.0169571$ & $0.000296674$ & $-0.0137524$ & $0.00161376$ & $0.00235626$ & $0.0317753$ & $-0.0203537$ & $-0.019321$ & $0.0169855$ & $-0.00064935$ & $-0.00660457$ & $-0.00166222$ & $-0.0195812$ & $0.0116231$ & $0.0298083$ & $0.00110066$ & $-0.00381658$ & $0.039393$ & $0.00690847$ & $-0.0318935$ & $0.0348307$ & $-0.00796332$ & $-0.00643757$ & $-0.0657992$ \\
Mz & $-0.00329145$ & $0.0006475$ & $0.0329354$ & $0.0327825$ & $1$ & $-0.0545309$ & $-0.00151829$ & $-0.0487242$ & $-0.0517147$ & $0.00822435$ & $0.046072$ & $0.00829614$ & $-0.0402539$ & $0.00279036$ & $-0.0175227$ & $-0.0122084$ & $0.0252927$ & $0.0327219$ & $0.0291657$ & $-0.0349686$ & $-0.0380401$ & $-0.039885$ & $-0.00841479$ & $0.0431508$ & $0.044733$ & $0.0300525$ & $0.00165493$ & $-0.0324538$ & $-0.00501615$ & $-0.00113811$ & $0.0170618$ & $-0.020109$ & $-0.0287953$ & $-0.0269642$ & $0.00306844$ & $-0.00920146$ & $0.0240881$ & $0.0204023$ & $0.0123221$ & $-0.0195771$ & $0.00830934$ & $-0.000444535$ & $-0.0572307$ & $-0.0136674$ & $-0.00575357$ & $0.0374463$ & $-0.0417443$ & $0.0389831$ & $-0.0338745$ \\
CW & $0.0363511$ & $0.0160305$ & $-0.035696$ & $0.00299874$ & $-0.0545309$ & $1$ & $0.0159845$ & $-0.133412$ & $-0.129391$ & $0.0142111$ & $0.17731$ & $0.0353566$ & $-0.00434068$ & $0.0444652$ & $-0.0441069$ & $-0.0603901$ & $-0.228141$ & $-0.0418471$ & $-0.0389757$ & $-0.174159$ & $-0.185225$ & $-0.188409$ & $-0.0173138$ & $0.0402026$ & $-0.0686383$ & $0.106532$ & $-0.100177$ & $-0.014431$ & $-0.0181335$ & $-0.0127186$ & $-0.000665905$ & $0.0100952$ & $-0.0267546$ & $-0.156647$ & $-0.0296119$ & $3.38051e-05$ & $0.0066591$ & $0.00773926$ & $-0.00244999$ & $-0.00531901$ & $-0.0151873$ & $-0.0137964$ & $0.00102236$ & $0.0367483$ & $-0.0115075$ & $-0.0202214$ & $0.0661008$ & $-0.0251805$ & $-0.0423765$ \\
CHG & $0.0613968$ & $0.0273179$ & $-0.0493475$ & $-0.0194466$ & $-0.00151829$ & $0.0159845$ & $1$ & $-0.098957$ & $-0.0469275$ & $0.0546996$ & $0.0591999$ & $0.0697101$ & $-0.316043$ & $0.0424052$ & $-0.0233891$ & $-0.0401761$ & $0.0871884$ & $0.0859842$ & $0.0955235$ & $-0.0602799$ & $-0.0601072$ & $-0.0584016$ & $-0.0132267$ & $0.0887249$ & $0.08994$ & $0.0461806$ & $-0.0287217$ & $-0.000419579$ & $0.0320056$ & $-0.132525$ & $-0.0863278$ & $0.930659$ & $-0.145032$ & $-0.0585751$ & $-0.0490796$ & $-0.0388666$ & $-0.00823927$ & $-0.022281$ & $-0.00123571$ & $-0.0101527$ & $-0.0163416$ & $0.0304695$ & $0.0238171$ & $0.0597182$ & $0.0444093$ & $-0.00736636$ & $0.000588456$ & $0.0240901$ & $0.0049227$ \\
CHWB & $-0.00741096$ & $-0.089761$ & $0.0360506$ & $0.010219$ & $-0.0487242$ & $-0.133412$ & $-0.098957$ & $1$ & $0.98393$ & $-0.585993$ & $-0.88147$ & $-0.375936$ & $0.366315$ & $0.0662491$ & $0.284523$ & $0.263773$ & $-0.271366$ & $-0.451879$ & $-0.433762$ & $0.854056$ & $0.897384$ & $0.884892$ & $0.0612984$ & $-0.695523$ & $-0.419336$ & $-0.502544$ & $0.456547$ & $0.322895$ & $-0.00664838$ & $0.10743$ & $0.0476427$ & $-0.0826541$ & $0.190616$ & $0.581609$ & $-0.0252204$ & $0.00284114$ & $-0.017645$ & $-0.0209344$ & $-0.024877$ & $-0.00460308$ & $-0.0185286$ & $0.0408308$ & $0.00189527$ & $-0.000521457$ & $0.0245565$ & $-0.00962579$ & $-0.0145622$ & $0.0282049$ & $0.0774033$ \\
CHWHB_gaga & $-0.00575149$ & $-0.0841571$ & $0.0295685$ & $0.0123936$ & $-0.0517147$ & $-0.129391$ & $-0.0469275$ & $0.98393$ & $1$ & $-0.580677$ & $-0.863827$ & $-0.35711$ & $0.35741$ & $0.0564224$ & $0.282006$ & $0.259119$ & $-0.273459$ & $-0.45219$ & $-0.432868$ & $0.837415$ & $0.879547$ & $0.868647$ & $0.0630925$ & $-0.68617$ & $-0.41793$ & $-0.494406$ & $0.450441$ & $0.317341$ & $0.000776198$ & $0.129943$ & $0.0544804$ & $-0.0410175$ & $0.211206$ & $0.57155$ & $-0.0491093$ & $-0.011695$ & $-0.0350566$ & $-0.0230903$ & $-0.0359654$ & $-0.00438234$ & $-0.0187848$ & $0.0423295$ & $0.0754573$ & $0.00144799$ & $0.0250663$ & $-0.00633605$ & $-0.015831$ & $0.0255598$ & $0.0781673$ \\
CHWHB_gagaorth & $0.0647062$ & $0.0319441$ & $-0.0382047$ & $-0.00304168$ & $0.00822435$ & $0.0142111$ & $0.0546996$ & $-0.585993$ & $-0.580677$ & $1$ & $0.354844$ & $0.679148$ & $-0.259338$ & $0.279763$ & $-0.131873$ & $-0.0881539$ & $0.479938$ & $0.537071$ & $0.500269$ & $-0.340278$ & $-0.373211$ & $-0.376011$ & $-0.0369993$ & $0.599411$ & $0.518829$ & $0.184938$ & $-0.253133$ & $-0.153672$ & $0.0264713$ & $-0.133413$ & $-0.0602658$ & $0.0677438$ & $-0.180574$ & $-0.362106$ & $0.0840984$ & $0.0326113$ & $0.0333249$ & $0.0304236$ & $0.0380266$ & $0.00516759$ & $-0.0205109$ & $-0.00882516$ & $0.0121463$ & $0.00628974$ & $-0.0303431$ & $0.0119968$ & $-0.00900137$ & $-0.00248727$ & $-0.0457536$ \\
CHD & $-0.0233966$ & $0.0626062$ & $-0.00806315$ & $0.00332568$ & $0.046072$ & $0.17731$ & $0.0591999$ & $-0.88147$ & $-0.863827$ & $0.354844$ & $1$ & $0.333085$ & $-0.195938$ & $-0.48385$ & $-0.399597$ & $-0.366226$ & $-0.179737$ & $0.0910307$ & $0.0656986$ & $-0.990518$ & $-0.991405$ & $-0.97144$ & $-0.0155764$ & $0.341091$ & $0.0438096$ & $0.568495$ & $-0.335304$ & $-0.364595$ & $0.0107907$ & $-0.0578407$ & $-0.035819$ & $0.0542683$ & $-0.130985$ & $-0.395103$ & $0.0319869$ & $0.00940712$ & $-0.00361223$ & $0.0173894$ & $0.0116233$ & $0.00842503$ & $0.0329566$ & $-0.0506656$ & $0.00668604$ & $-0.0079977$ & $-0.00656631$ & $0.0234402$ & $0.0112835$ & $-0.0175063$ & $-0.0588907$ \\
CHbox & $0.0459028$ & $0.0217574$ & $-0.0234331$ & $0.00120658$ & $0.00829614$ & $0.0353566$ & $0.0697101$ & $-0.375936$ & $-0.35711$ & $0.679148$ & $0.333085$ & $1$ & $-0.297491$ & $-0.0433383$ & $-0.0662334$ & $-0.0160438$ & $0.0794939$ & $0.141797$ & $0.104414$ & $-0.309799$ & $-0.348853$ & $-0.346703$ & $-0.0181066$ & $0.270384$ & $0.133741$ & $0.169528$ & $-0.208598$ & $-0.153886$ & $0.0526482$ & $0.0988771$ & $-0.0330725$ & $0.134564$ & $0.0684082$ & $-0.256699$ & $0.113958$ & $0.064665$ & $0.0163046$ & $0.0218995$ & $0.0267567$ & $0.0070466$ & $0.00151189$ & $-0.00402276$ & $0.00408099$ & $0.0321431$ & $-0.0192857$ & $0.0228821$ & $-0.0261402$ & $-0.0111144$ & $-0.0309749$ \\
CH & $-0.0234701$ & $-0.0407937$ & $0.00112304$ & $0.0292645$ & $-0.0402539$ & $-0.00434068$ & $-0.316043$ & $0.366315$ & $0.35741$ & $-0.259338$ & $-0.195938$ & $-0.297491$ & $1$ & $-0.232681$ & $0.0909846$ & $0.106234$ & $-0.356606$ & $-0.384127$ & $-0.390726$ & $0.191627$ & $0.203802$ & $0.20425$ & $0.00841083$ & $-0.392218$ & $-0.376963$ & $-0.102157$ & $0.135666$ & $0.080265$ & $0.0185262$ & $0.260539$ & $0.103588$ & $-0.261374$ & $0.317727$ & $0.219978$ & $0.025769$ & $0.00813002$ & $-0.0288772$ & $-0.00975236$ & $-0.0120256$ & $0.00748265$ & $-0.015162$ & $0.00551442$ & $-0.000159079$ & $-0.0388985$ & $0.00332969$ & $-0.00144356$ & $-0.0197712$ & $-0.00137591$ & $0.0229391$ \\
CHL1_11 & $0.0417171$ & $-0.00568629$ & $-0.038478$ & $-0.0190091$ & $0.00279036$ & $0.0444652$ & $0.0424052$ & $0.0662491$ & $0.0564224$ & $0.279763$ & $-0.48385$ & $-0.0433383$ & $-0.232681$ & $1$ & $0.244668$ & $0.21428$ & $0.665315$ & $0.604783$ & $0.62231$ & $0.501741$ & $0.445905$ & $0.426894$ & $-0.0761501$ & $0.476019$ & $0.6058$ & $-0.267928$ & $-0.0906901$ & $0.185407$ & $-0.0121727$ & $-0.0709237$ & $-0.00261852$ & $0.0190873$ & $-0.0792022$ & $-0.21178$ & $-0.0304873$ & $-0.0237821$ & $0.0335349$ & $-0.00286759$ & $0.0139981$ & $-0.00461866$ & $-0.0227985$ & $0.0355$ & $-0.0322204$ & $0.0236444$ & $-0.0314552$ & $-0.0253733$ & $0.0199639$ & $-0.00894413$ & $-0.0359736$ \\
CHL1_22 & $-0.0159975$ & $0.0387383$ & $-0.0248351$ & $-0.0125633$ & $-0.0175227$ & $-0.0441069$ & $-0.0233891$ & $0.284523$ & $0.282006$ & $-0.131873$ & $-0.399597$ & $-0.0662334$ & $0.0909846$ & $0.244668$ & $1$ & $0.410788$ & $0.1332$ & $-0.46689$ & $-0.0285085$ & $0.465666$ & $0.318056$ & $0.313416$ & $-0.166679$ & $0.0805893$ & $-0.147659$ & $-0.196705$ & $-0.377841$ & $0.127617$ & $0.0168082$ & $0.0361441$ & $0.0218739$ & $-0.0174398$ & $0.0434582$ & $-0.583728$ & $-0.018558$ & $-0.0301197$ & $-0.0155653$ & $0.0472049$ & $0.000127366$ & $-0.0167484$ & $0.00437664$ & $0.0097586$ & $-0.0180005$ & $0.0366999$ & $-0.0229507$ & $-0.0347795$ & $0.0219965$ & $-0.0176062$ & $-0.0245819$ \\
CHL1_33 & $-0.00976206$ & $0.0160922$ & $-0.018863$ & $0.00449536$ & $-0.0122084$ & $-0.0603901$ & $-0.0401761$ & $0.263773$ & $0.259119$ & $-0.0881539$ & $-0.366226$ & $-0.0160438$ & $0.106234$ & $0.21428$ & $0.410788$ & $1$ & $0.115743$ & $-0.0468784$ & $-0.451486$ & $0.43278$ & $0.290371$ & $0.300894$ & $-0.16641$ & $0.0763066$ & $-0.148581$ & $-0.191725$ & $-0.375793$ & $0.131251$ & $0.0130702$ & $0.0470104$ & $-0.00124517$ & $-0.0211222$ & $0.0732069$ & $-0.086902$ & $-0.0123741$ & $0.0069977$ & $-0.0123706$ & $-0.0109724$ & $0.0253952$ & $0.0272799$ & $-0.0361541$ & $0.0102089$ & $-0.00530026$ & $0.0488578$ & $-0.035806$ & $-0.0461646$ & $-0.04086$ & $0.000759718$ & $-0.00209754$ \\
CHL3_11 & $0.0432346$ & $0.0387908$ & $-0.0213022$ & $-0.0270247$ & $0.0252927$ & $-0.228141$ & $0.0871884$ & $-0.271366$ & $-0.273459$ & $0.479938$ & $-0.179737$ & $0.0794939$ & $-0.356606$ & $0.665315$ & $0.1332$ & $0.115743$ & $1$ & $0.743795$ & $0.753718$ & $0.200338$ & $0.149837$ & $0.137474$ & $-0.0437929$ & $0.686754$ & $0.787038$ & $-0.111677$ & $-0.149406$ & $0.0584913$ & $-0.0164646$ & $-0.0975416$ & $-0.023901$ & $0.0654025$ & $-0.11588$ & $-0.251727$ & $-0.00739561$ & $-0.0230489$ & $0.0425519$ & $0.00959493$ & $0.0243809$ & $-0.00984789$ & $-0.0378902$ & $0.015229$ & $-0.00286791$ & $0.000321409$ & $-0.0258447$ & $-0.0146835$ & $-0.00746637$ & $-0.0197555$ & $-0.0186124$ \\
CHL3_22 & $0.0501608$ & $-3.24914e-05$ & $-0.0220971$ & $-0.0128023$ & $0.0327219$ & $-0.0418471$ & $0.0859842$ & $-0.451879$ & $-0.45219$ & $0.537071$ & $0.0910307$ & $0.141797$ & $-0.384127$ & $0.604783$ & $-0.46689$ & $-0.0468784$ & $0.743795$ & $1$ & $0.68233$ & $-0.0954734$ & $-0.0846297$ & $-0.0918751$ & $0.0178485$ & $0.635507$ & $0.799967$ & $0.0344214$ & $-0.0112686$ & $-0.023181$ & $-0.020774$ & $-0.115608$ & $-0.0362062$ & $0.0613462$ & $-0.144377$ & $0.0223672$ & $4.78567e-05$ & $0.000292462$ & $0.0492641$ & $-0.0247533$ & $0.0278724$ & $0.00757296$ & $-0.0282277$ & $0.00856892$ & $-0.00680277$ & $-0.00835052$ & $-0.0208072$ & $-0.00309682$ & $-0.0104399$ & $-0.0101903$ & $-0.0233883$ \\
CHL3_33 & $0.0393115$ & $0.0146165$ & $-0.023223$ & $-0.0266743$ & $0.0291657$ & $-0.0389757$ & $0.0955235$ & $-0.433762$ & $-0.432868$ & $0.500269$ & $0.0656986$ & $0.104414$ & $-0.390726$ & $0.62231$ & $-0.0285085$ & $-0.451486$ & $0.753718$ & $0.68233$ & $1$ & $-0.0694755$ & $-0.0626415$ & $-0.0627764$ & $0.0230781$ & $0.635455$ & $0.799263$ & $0.0261126$ & $-0.011593$ & $-0.0267681$ & $-0.0155987$ & $-0.121562$ & $-0.0202055$ & $0.0634416$ & $-0.164406$ & $-0.346804$ & $-0.0036978$ & $-0.0232112$ & $0.0488819$ & $0.02366$ & $0.00738541$ & $-0.0236206$ & $-0.00119824$ & $0.00786048$ & $-0.0184919$ & $-0.0147126$ & $-0.0145532$ & $0.00625675$ & $0.0354276$ & $-0.0258609$ & $-0.0416185$ \\
CHe_11 & $0.0145553$ & $-0.0349676$ & $0.0132626$ & $-0.000834294$ & $-0.0349686$ & $-0.174159$ & $-0.0602799$ & $0.854056$ & $0.837415$ & $-0.340278$ & $-0.990518$ & $-0.309799$ & $0.191627$ & $0.501741$ & $0.465666$ & $0.43278$ & $0.200338$ & $-0.0954734$ & $-0.0694755$ & $1$ & $0.97356$ & $0.954858$ & $-0.00895145$ & $-0.290919$ & $-0.0370715$ & $-0.560049$ & $0.262974$ & $0.359177$ & $-0.00725913$ & $0.0570072$ & $0.0356661$ & $-0.0547138$ & $0.12775$ & $0.318106$ & $-0.0343063$ & $-0.0128085$ & $0.00422761$ & $-0.0147602$ & $-0.00665986$ & $-0.00654426$ & $-0.0307732$ & $0.0500265$ & $-0.0107709$ & $0.00799092$ & $0.000989431$ & $-0.0306986$ & $-0.0115637$ & $0.0111648$ & $0.053513$ \\
CHe_22 & $0.0131986$ & $-0.0404375$ & $0.0250174$ & $-6.24797e-05$ & $-0.0380401$ & $-0.185225$ & $-0.0601072$ & $0.897384$ & $0.879547$ & $-0.373211$ & $-0.991405$ & $-0.348853$ & $0.203802$ & $0.445905$ & $0.318056$ & $0.290371$ & $0.149837$ & $-0.0846297$ & $-0.0626415$ & $0.97356$ & $1$ & $0.977117$ & $0.044798$ & $-0.39137$ & $-0.0472368$ & $-0.570413$ & $0.413064$ & $0.362801$ & $-0.014736$ & $0.0582226$ & $0.0380685$ & $-0.0560699$ & $0.133733$ & $0.477904$ & $-0.0320173$ & $-0.0071143$ & $0.00400414$ & $-0.0181717$ & $-0.0157234$ & $-0.00939271$ & $-0.0345833$ & $0.0519597$ & $-0.00518283$ & $-0.00190251$ & $0.011422$ & $-0.0172147$ & $-0.0125669$ & $0.0203312$ & $0.0660714$ \\
CHe_33 & $0.00893302$ & $-0.0416908$ & $0.031439$ & $0.00669204$ & $-0.039885$ & $-0.188409$ & $-0.0584016$ & $0.884892$ & $0.868647$ & $-0.376011$ & $-0.97144$ & $-0.346703$ & $0.20425$ & $0.426894$ & $0.313416$ & $0.300894$ & $0.137474$ & $-0.0918751$ & $-0.0627764$ & $0.954858$ & $0.977117$ & $1$ & $0.0481857$ & $-0.389195$ & $-0.0527931$ & $-0.561971$ & $0.409955$ & $0.356202$ & $-0.0120843$ & $0.0613248$ & $0.0396241$ & $-0.0522373$ & $0.134734$ & $0.473947$ & $-0.0363809$ & $-0.00488825$ & $-0.000766327$ & $-0.0165871$ & $-0.0199564$ & $-0.00640211$ & $-0.0322066$ & $0.0452871$ & $0.00171926$ & $-0.00449342$ & $0.0118277$ & $-0.0157453$ & $-0.00880232$ & $0.0141364$ & $0.0640148$ \\
CHQ1_11 & $-0.0403618$ & $-0.00487582$ & $0.0195375$ & $-0.0120208$ & $-0.00841479$ & $-0.0173138$ & $-0.0132267$ & $0.0612984$ & $0.0630925$ & $-0.0369993$ & $-0.0155764$ & $-0.0181066$ & $0.00841083$ & $-0.0761501$ & $-0.166679$ & $-0.16641$ & $-0.0437929$ & $0.0178485$ & $0.0230781$ & $-0.00895145$ & $0.044798$ & $0.0481857$ & $1$ & $-0.100582$ & $0.0819847$ & $-0.666486$ & $0.333776$ & $0.0271271$ & $0.0108254$ & $0.00858859$ & $-0.00589782$ & $-0.00948485$ & $0.0223232$ & $0.197986$ & $0.00211864$ & $0.0445493$ & $-0.00829114$ & $0.0242832$ & $-0.040696$ & $-0.0238288$ & $-0.034792$ & $0.0334938$ & $0.0114724$ & $-0.024198$ & $0.0284825$ & $-0.0119156$ & $-0.0128156$ & $-0.0526738$ & $0.0249123$ \\
CHQ1_33 & $-0.0439783$ & $0.0395407$ & $-0.0632395$ & $-0.0143631$ & $0.0431508$ & $0.0402026$ & $0.0887249$ & $-0.695523$ & $-0.68617$ & $0.599411$ & $0.341091$ & $0.270384$ & $-0.392218$ & $0.476019$ & $0.0805893$ & $0.0763066$ & $0.686754$ & $0.635507$ & $0.635455$ & $-0.290919$ & $-0.39137$ & $-0.389195$ & $-0.100582$ & $1$ & $0.666621$ & $0.195581$ & $-0.416706$ & $-0.0415722$ & $0.00409193$ & $-0.106282$ & $-0.0518054$ & $0.0700486$ & $-0.168537$ & $-0.629809$ & $0.00687397$ & $-0.0177357$ & $0.0486022$ & $0.0239305$ & $0.0209183$ & $-0.00944608$ & $-0.0125438$ & $-0.0144917$ & $-0.0182437$ & $0.0175225$ & $-0.0477919$ & $-0.0134$ & $0.011033$ & $-0.0354418$ & $-0.0601043$ \\
CHQ3_11 & $-0.0754728$ & $0.013513$ & $-0.027858$ & $-0.0241543$ & $0.044733$ & $-0.0686383$ & $0.08994$ & $-0.419336$ & $-0.41793$ & $0.518829$ & $0.0438096$ & $0.133741$ & $-0.376963$ & $0.6058$ & $-0.147659$ & $-0.148581$ & $0.787038$ & $0.799967$ & $0.799263$ & $-0.0370715$ & $-0.0472368$ & $-0.0527931$ & $0.0819847$ & $0.666621$ & $1$ & $0.0302869$ & $0.189585$ & $-0.0160161$ & $-0.0180535$ & $-0.120254$ & $-0.0305213$ & $0.0628718$ & $-0.147748$ & $-0.206467$ & $0.0167458$ & $-0.0185287$ & $0.0719038$ & $-0.00298719$ & $0.0338711$ & $-0.0101213$ & $-0.027257$ & $0.0152623$ & $-0.0161305$ & $-0.00043506$ & $-0.0185401$ & $0.00219575$ & $-0.00290431$ & $-0.021209$ & $-0.0340643$ \\
CHu_11 & $-0.0367777$ & $0.0160953$ & $-0.0152797$ & $0.0169571$ & $0.0300525$ & $0.106532$ & $0.0461806$ & $-0.502544$ & $-0.494406$ & $0.184938$ & $0.568495$ & $0.169528$ & $-0.102157$ & $-0.267928$ & $-0.196705$ & $-0.191725$ & $-0.111677$ & $0.0344214$ & $0.0261126$ & $-0.560049$ & $-0.570413$ & $-0.561971$ & $-0.666486$ & $0.195581$ & $0.0302869$ & $1$ & $-0.178816$ & $-0.201061$ & $0.00107005$ & $-0.0406381$ & $-0.0217246$ & $0.043234$ & $-0.092828$ & $-0.257777$ & $0.0440869$ & $-0.023991$ & $0.0169105$ & $-0.0119934$ & $0.0472428$ & $0.0203249$ & $0.0450175$ & $-0.0662689$ & $0.00735342$ & $0.00480805$ & $-0.00596123$ & $0.0316256$ & $0.00788828$ & $0.0359463$ & $-0.0518255$ \\
CHd_11 & $-0.0248344$ & $-0.0577786$ & $0.032344$ & $0.000296674$ & $0.00165493$ & $-0.100177$ & $-0.0287217$ & $0.456547$ & $0.450441$ & $-0.253133$ & $-0.335304$ & $-0.208598$ & $0.135666$ & $-0.0906901$ & $-0.377841$ & $-0.375793$ & $-0.149406$ & $-0.0112686$ & $-0.011593$ & $0.262974$ & $0.413064$ & $0.409955$ & $0.333776$ & $-0.416706$ & $0.189585$ & $-0.178816$ & $1$ & $0.11874$ & $-0.00984132$ & $0.0216301$ & $0.0117331$ & $-0.0289651$ & $0.0755078$ & $0.694476$ & $0.0209943$ & $0.00269733$ & $0.0401575$ & $-0.0295094$ & $-0.00739595$ & $-0.0219818$ & $-0.0178505$ & $0.027545$ & $0.00868011$ & $-0.0377592$ & $0.0422799$ & $0.0230376$ & $-0.0200454$ & $0.0222301$ & $0.0699127$ \\
CHd_33 & $0.0147297$ & $-0.0365361$ & $0.0284267$ & $-0.0137524$ & $-0.0324538$ & $-0.014431$ & $-0.000419579$ & $0.322895$ & $0.317341$ & $-0.153672$ & $-0.364595$ & $-0.153886$ & $0.080265$ & $0.185407$ & $0.127617$ & $0.131251$ & $0.0584913$ & $-0.023181$ & $-0.0267681$ & $0.359177$ & $0.362801$ & $0.356202$ & $0.0271271$ & $-0.0415722$ & $-0.0160161$ & $-0.201061$ & $0.11874$ & $1$ & $-0.0269655$ & $0.0370676$ & $-0.0088931$ & $0.00314989$ & $0.0594673$ & $0.15548$ & $0.00108076$ & $-0.0203277$ & $0.0175113$ & $0.00316937$ & $-0.039195$ & $0.000396761$ & $-0.0269764$ & $-0.015529$ & $-0.0232813$ & $0.0319031$ & $0.0334771$ & $0.0154148$ & $0.0100677$ & $0.0332357$ & $0.0455382$ \\
CeH_22r & $0.0373275$ & $0.0338639$ & $0.0176311$ & $0.00161376$ & $-0.00501615$ & $-0.0181335$ & $0.0320056$ & $-0.00664838$ & $0.000776198$ & $0.0264713$ & $0.0107907$ & $0.0526482$ & $0.0185262$ & $-0.0121727$ & $0.0168082$ & $0.0130702$ & $-0.0164646$ & $-0.020774$ & $-0.0155987$ & $-0.00725913$ & $-0.014736$ & $-0.0120843$ & $0.0108254$ & $0.00409193$ & $-0.0180535$ & $0.00107005$ & $-0.00984132$ & $-0.0269655$ & $1$ & $0.00829073$ & $0.0124166$ & $0.0201416$ & $0.00517261$ & $-0.0207254$ & $-0.0487754$ & $0.00830546$ & $-0.0675415$ & $0.00785537$ & $0.0074542$ & $-0.0358865$ & $-0.0100807$ & $-0.0319976$ & $0.0146943$ & $0.0363243$ & $-0.038155$ & $0.00806645$ & $0.0127819$ & $-0.0386565$ & $-0.0196756$ \\
CeH_33r & $-0.00492587$ & $-0.0519512$ & $6.37806e-05$ & $0.00235626$ & $-0.00113811$ & $-0.0127186$ & $-0.132525$ & $0.10743$ & $0.129943$ & $-0.133413$ & $-0.0578407$ & $0.0988771$ & $0.260539$ & $-0.0709237$ & $0.0361441$ & $0.0470104$ & $-0.0975416$ & $-0.115608$ & $-0.121562$ & $0.0570072$ & $0.0582226$ & $0.0613248$ & $0.00858859$ & $-0.106282$ & $-0.120254$ & $-0.0406381$ & $0.0216301$ & $0.0370676$ & $0.00829073$ & $1$ & $0.27636$ & $0.0156421$ & $0.629307$ & $0.0582095$ & $-0.0544919$ & $-0.0426752$ & $-0.263369$ & $-0.0227739$ & $-0.0250283$ & $0.0135471$ & $0.0181481$ & $-0.00678637$ & $-0.00872729$ & $-0.0313801$ & $0.116397$ & $0.0322457$ & $-0.0454432$ & $-0.0230244$ & $0.0406118$ \\
CuH_22r & $-0.0137508$ & $0.00390255$ & $0.048657$ & $0.0317753$ & $0.0170618$ & $-0.000665905$ & $-0.0863278$ & $0.0476427$ & $0.0544804$ & $-0.0602658$ & $-0.035819$ & $-0.0330725$ & $0.103588$ & $-0.00261852$ & $0.0218739$ & $-0.00124517$ & $-0.023901$ & $-0.0362062$ & $-0.0202055$ & $0.0356661$ & $0.0380685$ & $0.0396241$ & $-0.00589782$ & $-0.0518054$ & $-0.0305213$ & $-0.0217246$ & $0.0117331$ & $-0.0088931$ & $0.0124166$ & $0.27636$ & $1$ & $-0.00890725$ & $0.285239$ & $0.021786$ & $-0.0382864$ & $-0.0247112$ & $-0.123647$ & $-0.0329581$ & $0.00848697$ & $-0.033625$ & $0.0102764$ & $0.00835902$ & $-0.0140716$ & $0.00512948$ & $0.0172164$ & $0.066957$ & $0.390498$ & $0.00915923$ & $-0.0166635$ \\
CuH_33r & $0.0540394$ & $0.0208371$ & $-0.045905$ & $-0.0203537$ & $-0.020109$ & $0.0100952$ & $0.930659$ & $-0.0826541$ & $-0.0410175$ & $0.0677438$ & $0.0542683$ & $0.134564$ & $-0.261374$ & $0.0190873$ & $-0.0174398$ & $-0.0211222$ & $0.0654025$ & $0.0613462$ & $0.0634416$ & $-0.0547138$ & $-0.0560699$ & $-0.0522373$ & $-0.00948485$ & $0.0700486$ & $0.0628718$ & $0.043234$ & $-0.0289651$ & $0.00314989$ & $0.0201416$ & $0.0156421$ & $-0.00890725$ & $1$ & $0.021052$ & $-0.04847$ & $0.0441243$ & $-0.0047579$ & $-0.0497728$ & $-0.0430219$ & $0.0122165$ & $-0.0114287$ & $-0.017027$ & $0.0222427$ & $0.0170115$ & $0.0556778$ & $0.0314161$ & $-0.0097612$ & $-0.0248748$ & $0.0232881$ & $0.00164924$ \\
CdH_33r & $0.00960775$ & $-0.0340512$ & $0.0158096$ & $-0.019321$ & $-0.0287953$ & $-0.0267546$ & $-0.145032$ & $0.190616$ & $0.211206$ & $-0.180574$ & $-0.130985$ & $0.0684082$ & $0.317727$ & $-0.0792022$ & $0.0434582$ & $0.0732069$ & $-0.11588$ & $-0.144377$ & $-0.164406$ & $0.12775$ & $0.133733$ & $0.134734$ & $0.0223232$ & $-0.168537$ & $-0.147748$ & $-0.092828$ & $0.0755078$ & $0.0594673$ & $0.00517261$ & $0.629307$ & $0.285239$ & $0.021052$ & $1$ & $0.125488$ & $-0.0909129$ & $-0.0412287$ & $-0.248016$ & $-0.0459208$ & $-0.0554715$ & $-0.00876368$ & $-0.0389438$ & $0.00956547$ & $-0.00699006$ & $-0.0465404$ & $-0.0018493$ & $-0.00764532$ & $-0.0285624$ & $0.140249$ & $0.535643$ \\
CLL_1221 & $0.00451873$ & $-0.032465$ & $0.0596037$ & $0.0169855$ & $-0.0269642$ & $-0.156647$ & $-0.0585751$ & $0.581609$ & $0.57155$ & $-0.362106$ & $-0.395103$ & $-0.256699$ & $0.219978$ & $-0.21178$ & $-0.583728$ & $-0.086902$ & $-0.251727$ & $0.0223672$ & $-0.346804$ & $0.318106$ & $0.477904$ & $0.473947$ & $0.197986$ & $-0.629809$ & $-0.206467$ & $-0.257777$ & $0.694476$ & $0.15548$ & $-0.0207254$ & $0.0582095$ & $0.021786$ & $-0.04847$ & $0.125488$ & $1$ & $-0.00439493$ & $0.0291042$ & $-0.00231071$ & $-0.0515597$ & $-0.0191263$ & $0.00672712$ & $-0.0260096$ & $0.0221134$ & $0.023542$ & $-0.0402012$ & $0.0418833$ & $0.0203058$ & $-0.0395459$ & $0.0381732$ & $0.0926757$ \\
eHggint & $-0.0261882$ & $-0.01928$ & $-0.019992$ & $-0.00064935$ & $0.00306844$ & $-0.0296119$ & $-0.0490796$ & $-0.0252204$ & $-0.0491093$ & $0.0840984$ & $0.0319869$ & $0.113958$ & $0.025769$ & $-0.0304873$ & $-0.018558$ & $-0.0123741$ & $-0.00739561$ & $4.78567e-05$ & $-0.0036978$ & $-0.0343063$ & $-0.0320173$ & $-0.0363809$ & $0.00211864$ & $0.00687397$ & $0.0167458$ & $0.0440869$ & $0.0209943$ & $0.00108076$ & $-0.0487754$ & $-0.0544919$ & $-0.0382864$ & $0.0441243$ & $-0.0909129$ & $-0.00439493$ & $1$ & $-0.0899347$ & $0.0312784$ & $0.0178856$ & $0.0466742$ & $0.0128813$ & $0.0330821$ & $0.0018101$ & $0.0193104$ & $-0.00683535$ & $-0.0254752$ & $-0.0136919$ & $-0.00686978$ & $0.0475083$ & $-0.0686219$ \\
eHggpar & $-0.0640353$ & $-0.00168983$ & $-0.023132$ & $-0.00660457$ & $-0.00920146$ & $3.38051e-05$ & $-0.0388666$ & $0.00284114$ & $-0.011695$ & $0.0326113$ & $0.00940712$ & $0.064665$ & $0.00813002$ & $-0.0237821$ & $-0.0301197$ & $0.0069977$ & $-0.0230489$ & $0.000292462$ & $-0.0232112$ & $-0.0128085$ & $-0.0071143$ & $-0.00488825$ & $0.0445493$ & $-0.0177357$ & $-0.0185287$ & $-0.023991$ & $0.00269733$ & $-0.0203277$ & $0.00830546$ & $-0.0426752$ & $-0.0247112$ & $-0.0047579$ & $-0.0412287$ & $0.0291042$ & $-0.0899347$ & $1$ & $0.0804403$ & $-0.0393526$ & $0.0234808$ & $-0.00509591$ & $0.0110041$ & $-0.0237938$ & $-0.0523611$ & $0.0309165$ & $-0.0259724$ & $0.0207108$ & $-0.0529798$ & $-0.0653495$ & $0.018835$ \\
eHWWint & $-0.0148971$ & $-0.0057135$ & $-0.0659333$ & $-0.00166222$ & $0.0240881$ & $0.0066591$ & $-0.00823927$ & $-0.017645$ & $-0.0350566$ & $0.0333249$ & $-0.00361223$ & $0.0163046$ & $-0.0288772$ & $0.0335349$ & $-0.0155653$ & $-0.0123706$ & $0.0425519$ & $0.0492641$ & $0.0488819$ & $0.00422761$ & $0.00400414$ & $-0.000766327$ & $-0.00829114$ & $0.0486022$ & $0.0719038$ & $0.0169105$ & $0.0401575$ & $0.0175113$ & $-0.0675415$ & $-0.263369$ & $-0.123647$ & $-0.0497728$ & $-0.248016$ & $-0.00231071$ & $0.0312784$ & $0.0804403$ & $1$ & $0.0174086$ & $0.0235037$ & $0.0229011$ & $-0.00572292$ & $0.0412875$ & $-0.018768$ & $0.0527269$ & $-0.0112511$ & $-0.0128129$ & $-0.0129783$ & $-0.021711$ & $-0.0271055$ \\
eHWWpar & $-0.00803541$ & $0.0385074$ & $0.00739564$ & $-0.0195812$ & $0.0204023$ & $0.00773926$ & $-0.022281$ & $-0.0209344$ & $-0.0230903$ & $0.0304236$ & $0.0173894$ & $0.0218995$ & $-0.00975236$ & $-0.00286759$ & $0.0472049$ & $-0.0109724$ & $0.00959493$ & $-0.0247533$ & $0.02366$ & $-0.0147602$ & $-0.0181717$ & $-0.0165871$ & $0.0242832$ & $0.0239305$ & $-0.00298719$ & $-0.0119934$ & $-0.0295094$ & $0.00316937$ & $0.00785537$ & $-0.0227739$ & $-0.0329581$ & $-0.0430219$ & $-0.0459208$ & $-0.0515597$ & $0.0178856$ & $-0.0393526$ & $0.0174086$ & $1$ & $-0.0273783$ & $-0.016379$ & $-0.00654603$ & $0.0259661$ & $0.00840933$ & $-0.0163868$ & $0.00914396$ & $-0.000877246$ & $0.00661621$ & $0.0280384$ & $-0.00931225$ \\
eHZZint & $0.0232025$ & $-0.000475163$ & $-0.0357784$ & $0.0116231$ & $0.0123221$ & $-0.00244999$ & $-0.00123571$ & $-0.024877$ & $-0.0359654$ & $0.0380266$ & $0.0116233$ & $0.0267567$ & $-0.0120256$ & $0.0139981$ & $0.000127366$ & $0.0253952$ & $0.0243809$ & $0.0278724$ & $0.00738541$ & $-0.00665986$ & $-0.0157234$ & $-0.0199564$ & $-0.040696$ & $0.0209183$ & $0.0338711$ & $0.0472428$ & $-0.00739595$ & $-0.039195$ & $0.0074542$ & $-0.0250283$ & $0.00848697$ & $0.0122165$ & $-0.0554715$ & $-0.0191263$ & $0.0466742$ & $0.0234808$ & $0.0235037$ & $-0.0273783$ & $1$ & $0.0330282$ & $0.0479282$ & $0.0242718$ & $-0.0181048$ & $0.00984961$ & $0.00688013$ & $-0.0247718$ & $-0.0229264$ & $-0.0101153$ & $-0.0477202$ \\
eHZZpar & $-0.0213179$ & $-0.0248946$ & $0.0103044$ & $0.0298083$ & $-0.0195771$ & $-0.00531901$ & $-0.0101527$ & $-0.00460308$ & $-0.00438234$ & $0.00516759$ & $0.00842503$ & $0.0070466$ & $0.00748265$ & $-0.00461866$ & $-0.0167484$ & $0.0272799$ & $-0.00984789$ & $0.00757296$ & $-0.0236206$ & $-0.00654426$ & $-0.00939271$ & $-0.00640211$ & $-0.0238288$ & $-0.00944608$ & $-0.0101213$ & $0.0203249$ & $-0.0219818$ & $0.000396761$ & $-0.0358865$ & $0.0135471$ & $-0.033625$ & $-0.0114287$ & $-0.00876368$ & $0.00672712$ & $0.0128813$ & $-0.00509591$ & $0.0229011$ & $-0.016379$ & $0.0330282$ & $1$ & $0.0383492$ & $0.0189999$ & $0.0290435$ & $0.00291344$ & $0.00610803$ & $0.00573035$ & $-0.0178235$ & $0.00965398$ & $0.00331805$ \\
eHZgaint & $0.0137355$ & $-0.00467644$ & $0.0331662$ & $0.00110066$ & $0.00830934$ & $-0.0151873$ & $-0.0163416$ & $-0.0185286$ & $-0.0187848$ & $-0.0205109$ & $0.0329566$ & $0.00151189$ & $-0.015162$ & $-0.0227985$ & $0.00437664$ & $-0.0361541$ & $-0.0378902$ & $-0.0282277$ & $-0.00119824$ & $-0.0307732$ & $-0.0345833$ & $-0.0322066$ & $-0.034792$ & $-0.0125438$ & $-0.027257$ & $0.0450175$ & $-0.0178505$ & $-0.0269764$ & $-0.0100807$ & $0.0181481$ & $0.0102764$ & $-0.017027$ & $-0.0389438$ & $-0.0260096$ & $0.0330821$ & $0.0110041$ & $-0.00572292$ & $-0.00654603$ & $0.0479282$ & $0.0383492$ & $1$ & $0.033477$ & $0.044904$ & $0.00483052$ & $-0.0112671$ & $0.00738424$ & $-0.0388935$ & $-0.0365597$ & $-0.0338844$ \\
eHZgapar & $0.00425682$ & $-0.00916455$ & $-0.00547992$ & $-0.00381658$ & $-0.000444535$ & $-0.0137964$ & $0.0304695$ & $0.0408308$ & $0.0423295$ & $-0.00882516$ & $-0.0506656$ & $-0.00402276$ & $0.00551442$ & $0.0355$ & $0.0097586$ & $0.0102089$ & $0.015229$ & $0.00856892$ & $0.00786048$ & $0.0500265$ & $0.0519597$ & $0.0452871$ & $0.0334938$ & $-0.0144917$ & $0.0152623$ & $-0.0662689$ & $0.027545$ & $-0.015529$ & $-0.0319976$ & $-0.00678637$ & $0.00835902$ & $0.0222427$ & $0.00956547$ & $0.0221134$ & $0.0018101$ & $-0.0237938$ & $0.0412875$ & $0.0259661$ & $0.0242718$ & $0.0189999$ & $0.033477$ & $1$ & $0.0267441$ & $0.0410487$ & $-0.0346655$ & $-0.0150203$ & $-0.00216054$ & $-0.00866735$ & $0.00749068$ \\
eHgagaint & $0.00979328$ & $0.00309622$ & $0.0131228$ & $0.039393$ & $-0.0572307$ & $0.00102236$ & $0.0238171$ & $0.00189527$ & $0.0754573$ & $0.0121463$ & $0.00668604$ & $0.00408099$ & $-0.000159079$ & $-0.0322204$ & $-0.0180005$ & $-0.00530026$ & $-0.00286791$ & $-0.00680277$ & $-0.0184919$ & $-0.0107709$ & $-0.00518283$ & $0.00171926$ & $0.0114724$ & $-0.0182437$ & $-0.0161305$ & $0.00735342$ & $0.00868011$ & $-0.0232813$ & $0.0146943$ & $-0.00872729$ & $-0.0140716$ & $0.0170115$ & $-0.00699006$ & $0.023542$ & $0.0193104$ & $-0.0523611$ & $-0.018768$ & $0.00840933$ & $-0.0181048$ & $0.0290435$ & $0.044904$ & $0.0267441$ & $1$ & $-0.0335902$ & $-0.0259558$ & $0.0220335$ & $0.00514526$ & $0.0263697$ & $-0.00794804$ \\
eHmumuint & $-0.0181332$ & $-0.0594737$ & $-0.0473539$ & $0.00690847$ & $-0.0136674$ & $0.0367483$ & $0.0597182$ & $-0.000521457$ & $0.00144799$ & $0.00628974$ & $-0.0079977$ & $0.0321431$ & $-0.0388985$ & $0.0236444$ & $0.0366999$ & $0.0488578$ & $0.000321409$ & $-0.00835052$ & $-0.0147126$ & $0.00799092$ & $-0.00190251$ & $-0.00449342$ & $-0.024198$ & $0.0175225$ & $-0.00043506$ & $0.00480805$ & $-0.0377592$ & $0.0319031$ & $0.0363243$ & $-0.0313801$ & $0.00512948$ & $0.0556778$ & $-0.0465404$ & $-0.0402012$ & $-0.00683535$ & $0.0309165$ & $0.0527269$ & $-0.0163868$ & $0.00984961$ & $0.00291344$ & $0.00483052$ & $0.0410487$ & $-0.0335902$ & $1$ & $0.0164433$ & $-0.00170109$ & $0.0536717$ & $0.0315797$ & $-0.0580878$ \\
eHtautauint & $0.00595391$ & $-0.00797842$ & $-0.0114509$ & $-0.0318935$ & $-0.00575357$ & $-0.0115075$ & $0.0444093$ & $0.0245565$ & $0.0250663$ & $-0.0303431$ & $-0.00656631$ & $-0.0192857$ & $0.00332969$ & $-0.0314552$ & $-0.0229507$ & $-0.035806$ & $-0.0258447$ & $-0.0208072$ & $-0.0145532$ & $0.000989431$ & $0.011422$ & $0.0118277$ & $0.0284825$ & $-0.0477919$ & $-0.0185401$ & $-0.00596123$ & $0.0422799$ & $0.0334771$ & $-0.038155$ & $0.116397$ & $0.0172164$ & $0.0314161$ & $-0.0018493$ & $0.0418833$ & $-0.0254752$ & $-0.0259724$ & $-0.0112511$ & $0.00914396$ & $0.00688013$ & $0.00610803$ & $-0.0112671$ & $-0.0346655$ & $-0.0259558$ & $0.0164433$ & $1$ & $-0.011422$ & $0.0450936$ & $0.0184772$ & $-0.00330696$ \\
eHccint & $-0.0648434$ & $-0.0183348$ & $0.0394384$ & $0.0348307$ & $0.0374463$ & $-0.0202214$ & $-0.00736636$ & $-0.00962579$ & $-0.00633605$ & $0.0119968$ & $0.0234402$ & $0.0228821$ & $-0.00144356$ & $-0.0253733$ & $-0.0347795$ & $-0.0461646$ & $-0.0146835$ & $-0.00309682$ & $0.00625675$ & $-0.0306986$ & $-0.0172147$ & $-0.0157453$ & $-0.0119156$ & $-0.0134$ & $0.00219575$ & $0.0316256$ & $0.0230376$ & $0.0154148$ & $0.00806645$ & $0.0322457$ & $0.066957$ & $-0.0097612$ & $-0.00764532$ & $0.0203058$ & $-0.0136919$ & $0.0207108$ & $-0.0128129$ & $-0.000877246$ & $-0.0247718$ & $0.00573035$ & $0.00738424$ & $-0.0150203$ & $0.0220335$ & $-0.00170109$ & $-0.011422$ & $1$ & $0.0125976$ & $0.0194309$ & $-0.0411812$ \\
eHccpar & $0.0220229$ & $0.00616449$ & $0.0425552$ & $-0.00796332$ & $-0.0417443$ & $0.0661008$ & $0.000588456$ & $-0.0145622$ & $-0.015831$ & $-0.00900137$ & $0.0112835$ & $-0.0261402$ & $-0.0197712$ & $0.0199639$ & $0.0219965$ & $-0.04086$ & $-0.00746637$ & $-0.0104399$ & $0.0354276$ & $-0.0115637$ & $-0.0125669$ & $-0.00880232$ & $-0.0128156$ & $0.011033$ & $-0.00290431$ & $0.00788828$ & $-0.0200454$ & $0.0100677$ & $0.0127819$ & $-0.0454432$ & $0.390498$ & $-0.0248748$ & $-0.0285624$ & $-0.0395459$ & $-0.00686978$ & $-0.0529798$ & $-0.0129783$ & $0.00661621$ & $-0.0229264$ & $-0.0178235$ & $-0.0388935$ & $-0.00216054$ & $0.00514526$ & $0.0536717$ & $0.0450936$ & $0.0125976$ & $1$ & $0.0380102$ & $0.00647648$ \\
eHbbint & $0.0278046$ & $-6.68534e-05$ & $-0.0412312$ & $-0.00643757$ & $0.0389831$ & $-0.0251805$ & $0.0240901$ & $0.0282049$ & $0.0255598$ & $-0.00248727$ & $-0.0175063$ & $-0.0111144$ & $-0.00137591$ & $-0.00894413$ & $-0.0176062$ & $0.000759718$ & $-0.0197555$ & $-0.0101903$ & $-0.0258609$ & $0.0111648$ & $0.0203312$ & $0.0141364$ & $-0.0526738$ & $-0.0354418$ & $-0.021209$ & $0.0359463$ & $0.0222301$ & $0.0332357$ & $-0.0386565$ & $-0.0230244$ & $0.00915923$ & $0.0232881$ & $0.140249$ & $0.0381732$ & $0.0475083$ & $-0.0653495$ & $-0.021711$ & $0.0280384$ & $-0.0101153$ & $0.00965398$ & $-0.0365597$ & $-0.00866735$ & $0.0263697$ & $0.0315797$ & $0.0184772$ & $0.0194309$ & $0.0380102$ & $1$ & $0.0189022$ \\
eHbbpar & $0.0243722$ & $-0.00117655$ & $0.0238491$ & $-0.0657992$ & $-0.0338745$ & $-0.0423765$ & $0.0049227$ & $0.0774033$ & $0.0781673$ & $-0.0457536$ & $-0.0588907$ & $-0.0309749$ & $0.0229391$ & $-0.0359736$ & $-0.0245819$ & $-0.00209754$ & $-0.0186124$ & $-0.0233883$ & $-0.0416185$ & $0.053513$ & $0.0660714$ & $0.0640148$ & $0.0249123$ & $-0.0601043$ & $-0.0340643$ & $-0.0518255$ & $0.0699127$ & $0.0455382$ & $-0.0196756$ & $0.0406118$ & $-0.0166635$ & $0.00164924$ & $0.535643$ & $0.0926757$ & $-0.0686219$ & $0.018835$ & $-0.0271055$ & $-0.00931225$ & $-0.0477202$ & $0.00331805$ & $-0.0338844$ & $0.00749068$ & $-0.00794804$ & $-0.0580878$ & $-0.00330696$ & $-0.0411812$ & $0.00647648$ & $0.0189022$ & $1$ \\
