 & AlsMz & dAle5Mz & mtop & mHl & Mz & CW & CHG & CHWB & CHWHB_gaga & CHWHB_gagaorth & CHD & CHbox & CH & CHL1_11 & CHL1_22 & CHL1_33 & CHL3_11 & CHL3_22 & CHL3_33 & CHe_11 & CHe_22 & CHe_33 & CHQ1_11 & CHQ1_33 & CHQ3_11 & CHu_11 & CHd_11 & CHd_33 & CeH_22r & CeH_33r & CuH_22r & CuH_33r & CdH_33r & CLL_1221 & eHggint & eHggpar & eHWWint & eHWWpar & eHZZint & eHZZpar & eHZgaint & eHZgapar & eHgagaint & eHmumuint & eHtautauint & eHccint & eHccpar & eHbbint & eHbbpar \\
AlsMz & $1$ & $-0.0605076$ & $0.125542$ & $-0.447786$ & $-0.00175964$ & $-0.0193451$ & $-0.26921$ & $0.105817$ & $0.0986229$ & $-0.0770685$ & $-0.0746221$ & $-0.189275$ & $0.158783$ & $-0.0517852$ & $-0.117042$ & $-0.0741363$ & $-0.0663464$ & $0.00769481$ & $-0.0236822$ & $0.0534362$ & $0.0751005$ & $0.0561528$ & $0.0498972$ & $-0.104193$ & $0.00146982$ & $-0.00882071$ & $0.176296$ & $-0.0141832$ & $0.0148628$ & $-0.0420216$ & $0.0146636$ & $-0.303359$ & $-0.0444635$ & $0.14963$ & $-0.589014$ & $0.0745402$ & $0.257939$ & $-0.23482$ & $-0.135844$ & $-0.288931$ & $-0.147718$ & $-0.243429$ & $0.0545378$ & $-0.437421$ & $-0.439173$ & $0.0858699$ & $0.340241$ & $-0.485808$ & $0.270424$ \\
dAle5Mz & $-0.0605076$ & $1$ & $0.230291$ & $-0.0462511$ & $0.0508041$ & $-0.00815828$ & $-0.0232284$ & $-0.0225229$ & $-0.0156804$ & $0.00163766$ & $0.035964$ & $-0.219593$ & $0.329038$ & $-0.0372966$ & $-0.035023$ & $-0.00284951$ & $0.000516554$ & $0.00938779$ & $-0.00170252$ & $-0.0282877$ & $-0.0212236$ & $-0.0171322$ & $0.00684051$ & $-0.00816203$ & $0.0138173$ & $0.0280484$ & $0.0375965$ & $-0.060539$ & $0.0139553$ & $0.0708173$ & $0.00844275$ & $-0.000581748$ & $0.0816896$ & $0.0458321$ & $-0.147947$ & $-0.220387$ & $-0.136067$ & $-0.118136$ & $0.68244$ & $0.285537$ & $0.195186$ & $0.182972$ & $0.54946$ & $-0.263908$ & $-0.150824$ & $-0.09263$ & $-0.126587$ & $-0.182672$ & $0.142807$ \\
mtop & $0.125542$ & $0.230291$ & $1$ & $-0.369895$ & $0.251174$ & $-0.0268799$ & $0.00249062$ & $0.172994$ & $0.174444$ & $-0.0884631$ & $-0.14203$ & $0.0662508$ & $-0.201899$ & $-0.0533783$ & $-0.132686$ & $-0.0904581$ & $-0.0785916$ & $0.0219099$ & $-0.0206558$ & $0.140434$ & $0.143099$ & $0.155827$ & $0.0601558$ & $-0.129862$ & $0.021292$ & $0.0411074$ & $0.26943$ & $0.0279175$ & $-0.00300959$ & $-0.0483051$ & $-0.00211417$ & $-0.0201925$ & $-0.0895089$ & $0.224442$ & $-0.343042$ & $0.13454$ & $-0.0921578$ & $0.0598723$ & $0.080877$ & $0.349934$ & $-0.180863$ & $0.289945$ & $0.504127$ & $-0.435273$ & $-0.342806$ & $0.32499$ & $0.0290689$ & $0.0669796$ & $-0.384642$ \\
mHl & $-0.447786$ & $-0.0462511$ & $-0.369895$ & $1$ & $-0.421623$ & $0.0314257$ & $0.107644$ & $0.0186286$ & $0.0202282$ & $-0.0260807$ & $-0.0392567$ & $-0.0305103$ & $0.0642169$ & $-0.0137266$ & $0.090643$ & $0.0686732$ & $-0.0318454$ & $-0.0870065$ & $-0.0754576$ & $0.0235813$ & $0.0133471$ & $0.00223736$ & $-0.00693859$ & $-0.0141331$ & $-0.108407$ & $-0.0302717$ & $-0.123149$ & $0.0186811$ & $0.00755547$ & $0.0339671$ & $-0.00755688$ & $0.126409$ & $0.0397481$ & $-0.061915$ & $0.640573$ & $-0.263357$ & $-0.452857$ & $0.431308$ & $0.0455813$ & $-0.0733763$ & $0.0436804$ & $0.368466$ & $-0.388278$ & $0.358089$ & $0.487679$ & $-0.340778$ & $-0.60347$ & $-0.218842$ & $0.0698879$ \\
Mz & $-0.00175964$ & $0.0508041$ & $0.251174$ & $-0.421623$ & $1$ & $-0.0244499$ & $0.176516$ & $0.0134278$ & $0.0184336$ & $0.0468227$ & $0.0172616$ & $0.172222$ & $-0.248067$ & $0.0265151$ & $-0.0472428$ & $-0.103551$ & $0.0403058$ & $0.0612456$ & $0.090913$ & $0.023024$ & $0.0313826$ & $0.0484613$ & $0.0458087$ & $-0.00941881$ & $0.109049$ & $-0.00032074$ & $0.131661$ & $0.0244632$ & $-0.00414501$ & $-0.0392815$ & $-0.000196181$ & $0.169926$ & $-0.0322841$ & $0.052716$ & $-0.279415$ & $0.0774131$ & $0.0771407$ & $-0.172121$ & $0.197499$ & $0.37925$ & $-0.159394$ & $-0.164671$ & $0.28612$ & $-0.130708$ & $-0.349979$ & $0.301201$ & $0.406933$ & $0.187927$ & $0.0896782$ \\
CW & $-0.0193451$ & $-0.00815828$ & $-0.0268799$ & $0.0314257$ & $-0.0244499$ & $1$ & $-0.0175313$ & $-0.0857452$ & $-0.0863139$ & $0.00498545$ & $0.0970088$ & $0.00509361$ & $-0.0142929$ & $0.189545$ & $0.0452847$ & $0.058077$ & $-0.137213$ & $-0.00470378$ & $-0.031019$ & $-0.0976894$ & $-0.0895303$ & $-0.0758805$ & $-0.0195895$ & $0.0590508$ & $-0.0357048$ & $0.0103912$ & $-0.122356$ & $-0.027945$ & $0.008831$ & $0.00393549$ & $-0.00325816$ & $-0.0209054$ & $-0.00130653$ & $-0.138704$ & $0.0353049$ & $-0.00409091$ & $-0.0040921$ & $0.0377598$ & $-0.017452$ & $-0.000605028$ & $-0.031597$ & $0.0195604$ & $-0.0357665$ & $0.0411271$ & $0.0603967$ & $0.0187081$ & $-0.0275061$ & $0.0136069$ & $-0.0192293$ \\
CHG & $-0.26921$ & $-0.0232284$ & $0.00249062$ & $0.107644$ & $0.176516$ & $-0.0175313$ & $1$ & $-0.0800273$ & $-0.0462943$ & $0.0681101$ & $0.0684011$ & $0.206408$ & $-0.234195$ & $0.0307684$ & $0.0348703$ & $-0.0396322$ & $0.0462202$ & $0.0218966$ & $0.0817678$ & $-0.028135$ & $-0.0108149$ & $-0.0158041$ & $-0.00117996$ & $0.0651482$ & $0.0377171$ & $-0.0236854$ & $-0.0516859$ & $0.0110379$ & $0.0123023$ & $-0.0651097$ & $-0.0414094$ & $0.921794$ & $-0.092811$ & $-0.0924373$ & $0.0846345$ & $0.0161596$ & $-0.224275$ & $0.0601335$ & $0.0103795$ & $0.288324$ & $-0.209756$ & $0.0664059$ & $-0.0642954$ & $0.0428866$ & $0.123192$ & $-0.062068$ & $0.140568$ & $0.223689$ & $-0.181884$ \\
CHWB & $0.105817$ & $-0.0225229$ & $0.172994$ & $0.0186286$ & $0.0134278$ & $-0.0857452$ & $-0.0800273$ & $1$ & $0.993361$ & $-0.514929$ & $-0.894021$ & $-0.223407$ & $0.066271$ & $-0.251041$ & $-0.0537152$ & $-0.024266$ & $-0.590758$ & $-0.472245$ & $-0.47729$ & $0.854509$ & $0.656119$ & $0.629275$ & $0.0171042$ & $-0.647364$ & $-0.541247$ & $-0.129333$ & $0.409904$ & $0.119886$ & $0.00510188$ & $-0.0108406$ & $-0.00606528$ & $-0.0925019$ & $-0.0293775$ & $0.678793$ & $-0.146393$ & $-0.0142572$ & $-0.0650076$ & $0.0166468$ & $-0.0281888$ & $-0.000918305$ & $0.133607$ & $0.071635$ & $0.0900968$ & $-0.1937$ & $-0.193079$ & $-0.139619$ & $-0.0531476$ & $-0.161453$ & $-0.0833169$ \\
CHWHB_gaga & $0.0986229$ & $-0.0156804$ & $0.174444$ & $0.0202282$ & $0.0184336$ & $-0.0863139$ & $-0.0462943$ & $0.993361$ & $1$ & $-0.512347$ & $-0.887855$ & $-0.208043$ & $0.0673425$ & $-0.253583$ & $-0.054913$ & $-0.0272856$ & $-0.590342$ & $-0.469216$ & $-0.473044$ & $0.854314$ & $0.655272$ & $0.627609$ & $0.016452$ & $-0.643722$ & $-0.538984$ & $-0.129362$ & $0.408357$ & $0.119609$ & $0.00970855$ & $0.0123924$ & $0.00395838$ & $-0.0628765$ & $-0.00313812$ & $0.673113$ & $-0.150681$ & $-0.0155319$ & $-0.0681836$ & $0.00989428$ & $-0.0215813$ & $0.00937432$ & $0.124479$ & $0.0762463$ & $0.0982614$ & $-0.200614$ & $-0.195005$ & $-0.143393$ & $-0.0482404$ & $-0.160347$ & $-0.0870586$ \\
CHWHB_gagaorth & $-0.0770685$ & $0.00163766$ & $-0.0884631$ & $-0.0260807$ & $0.0468227$ & $0.00498545$ & $0.0681101$ & $-0.514929$ & $-0.512347$ & $1$ & $0.186485$ & $0.403776$ & $-0.154212$ & $0.69548$ & $0.123961$ & $0.0797021$ & $0.787202$ & $0.539762$ & $0.551329$ & $-0.252507$ & $-0.181343$ & $-0.178201$ & $-0.0310144$ & $0.551611$ & $0.617862$ & $0.0170975$ & $-0.271883$ & $-0.0176511$ & $-0.0134324$ & $-0.0310469$ & $-0.0215038$ & $0.0973876$ & $-0.0343874$ & $-0.383976$ & $0.0776425$ & $-0.0249097$ & $0.0398374$ & $-0.068297$ & $0.0550284$ & $0.0217655$ & $-0.15078$ & $-0.0416051$ & $-0.0497058$ & $0.0873871$ & $0.074721$ & $0.0942905$ & $0.0473224$ & $0.115128$ & $0.0439325$ \\
CHD & $-0.0746221$ & $0.035964$ & $-0.14203$ & $-0.0392567$ & $0.0172616$ & $0.0970088$ & $0.0684011$ & $-0.894021$ & $-0.887855$ & $0.186485$ & $1$ & $0.122188$ & $-0.0022688$ & $-0.102837$ & $-0.020548$ & $-0.0393236$ & $0.256489$ & $0.253773$ & $0.25845$ & $-0.88937$ & $-0.683034$ & $-0.647232$ & $0.00592576$ & $0.447953$ & $0.298704$ & $0.148535$ & $-0.307362$ & $-0.132147$ & $-0.00238838$ & $0.0279933$ & $0.0152206$ & $0.0790238$ & $0.0461655$ & $-0.548793$ & $0.100534$ & $0.0410353$ & $0.0748946$ & $-0.0179343$ & $0.0284468$ & $0.00790867$ & $-0.0988298$ & $-0.0731482$ & $-0.0494207$ & $0.161125$ & $0.156579$ & $0.1344$ & $0.0638228$ & $0.130864$ & $0.0845774$ \\
CHbox & $-0.189275$ & $-0.219593$ & $0.0662508$ & $-0.0305103$ & $0.172222$ & $0.00509361$ & $0.206408$ & $-0.223407$ & $-0.208043$ & $0.403776$ & $0.122188$ & $1$ & $-0.717677$ & $0.120473$ & $0.0878655$ & $0.0326365$ & $0.183049$ & $0.134979$ & $0.154057$ & $0.023102$ & $-0.0776952$ & $-0.0598768$ & $-0.00253583$ & $0.176462$ & $0.178049$ & $-0.00978587$ & $-0.10683$ & $0.0101555$ & $-0.017551$ & $0.0429156$ & $-0.0333871$ & $0.257499$ & $0.035132$ & $-0.26417$ & $0.18109$ & $-0.00564119$ & $-0.148704$ & $0.0228892$ & $-0.0237203$ & $0.276132$ & $-0.276852$ & $0.101407$ & $-0.0979297$ & $0.184154$ & $0.0750581$ & $0.208709$ & $0.0945476$ & $0.345114$ & $-0.0203742$ \\
CH & $0.158783$ & $0.329038$ & $-0.201899$ & $0.0642169$ & $-0.248067$ & $-0.0142929$ & $-0.234195$ & $0.066271$ & $0.0673425$ & $-0.154212$ & $-0.0022688$ & $-0.717677$ & $1$ & $-0.165313$ & $-0.0419562$ & $-0.00541443$ & $-0.155656$ & $-0.118631$ & $-0.113836$ & $0.00271702$ & $0.0180799$ & $-0.00241478$ & $0.0122934$ & $-0.102717$ & $-0.141325$ & $-0.0208872$ & $0.0200876$ & $-0.0313606$ & $0.04386$ & $0.212971$ & $0.105857$ & $-0.177802$ & $0.242708$ & $0.0610443$ & $-0.215023$ & $0.0422371$ & $0.226752$ & $-0.140242$ & $0.0950399$ & $-0.38044$ & $0.284491$ & $-0.182808$ & $0.134072$ & $-0.216981$ & $-0.0369349$ & $-0.267022$ & $-0.120536$ & $-0.422411$ & $0.0949771$ \\
CHL1_11 & $-0.0517852$ & $-0.0372966$ & $-0.0533783$ & $-0.0137266$ & $0.0265151$ & $0.189545$ & $0.0307684$ & $-0.251041$ & $-0.253583$ & $0.69548$ & $-0.102837$ & $0.120473$ & $-0.165313$ & $1$ & $0.147285$ & $0.123564$ & $0.616959$ & $0.474386$ & $0.468404$ & $-0.0862577$ & $-0.00790507$ & $-0.0170408$ & $-0.0423763$ & $0.460015$ & $0.50903$ & $-0.0202626$ & $-0.254421$ & $0.015166$ & $-0.00675851$ & $-0.0497014$ & $-0.0189621$ & $0.0200757$ & $-0.0387713$ & $-0.254628$ & $0.0817488$ & $-0.0411623$ & $0.00358556$ & $-0.00825946$ & $-0.000933454$ & $0.0195191$ & $-0.0814152$ & $-0.0143904$ & $-0.0755862$ & $0.086496$ & $0.0616891$ & $0.0762102$ & $0.00443522$ & $0.0989338$ & $0.00203131$ \\
CHL1_22 & $-0.117042$ & $-0.035023$ & $-0.132686$ & $0.090643$ & $-0.0472428$ & $0.0452847$ & $0.0348703$ & $-0.0537152$ & $-0.054913$ & $0.123961$ & $-0.020548$ & $0.0878655$ & $-0.0419562$ & $0.147285$ & $1$ & $0.354643$ & $0.0851365$ & $-0.493686$ & $-0.13266$ & $0.0399912$ & $-0.195161$ & $-0.133302$ & $-0.0882711$ & $0.244035$ & $-0.198311$ & $-0.0343164$ & $-0.533234$ & $-0.0150681$ & $0.00286304$ & $-0.0156427$ & $-0.0226237$ & $0.0412703$ & $-0.0124717$ & $-0.572559$ & $0.135988$ & $0.0636377$ & $0.0371258$ & $0.0855432$ & $-0.0910548$ & $-0.0045918$ & $-0.0050081$ & $0.0313364$ & $-0.0860868$ & $0.136804$ & $0.17889$ & $0.0106236$ & $-0.0244387$ & $0.0921002$ & $-0.0405696$ \\
CHL1_33 & $-0.0741363$ & $-0.00284951$ & $-0.0904581$ & $0.0686732$ & $-0.103551$ & $0.058077$ & $-0.0396322$ & $-0.024266$ & $-0.0272856$ & $0.0797021$ & $-0.0393236$ & $0.0326365$ & $-0.00541443$ & $0.123564$ & $0.354643$ & $1$ & $0.0501235$ & $-0.161309$ & $-0.495216$ & $0.0481377$ & $-0.132507$ & $-0.212938$ & $-0.109834$ & $0.21981$ & $-0.221759$ & $0.00162695$ & $-0.514061$ & $-0.0175478$ & $-0.0124084$ & $-0.0274037$ & $-0.0348865$ & $-0.0397811$ & $-0.023319$ & $-0.245551$ & $0.146292$ & $0.011167$ & $0.0198421$ & $0.0751486$ & $-0.0875495$ & $-0.0142595$ & $0.0112081$ & $0.0495798$ & $-0.0454558$ & $0.115854$ & $0.160298$ & $0.00837412$ & $-0.0390595$ & $0.0990347$ & $-0.0348372$ \\
CHL3_11 & $-0.0663464$ & $0.000516554$ & $-0.0785916$ & $-0.0318454$ & $0.0403058$ & $-0.137213$ & $0.0462202$ & $-0.590758$ & $-0.590342$ & $0.787202$ & $0.256489$ & $0.183049$ & $-0.155656$ & $0.616959$ & $0.0851365$ & $0.0501235$ & $1$ & $0.630025$ & $0.637328$ & $-0.403034$ & $-0.239365$ & $-0.239002$ & $-0.038474$ & $0.611102$ & $0.722236$ & $0.0533183$ & $-0.26079$ & $-0.0195112$ & $-0.0124151$ & $-0.0340966$ & $-0.00915761$ & $0.0425088$ & $-0.0236612$ & $-0.316677$ & $0.101592$ & $-0.0359986$ & $0.0257449$ & $-0.04261$ & $0.0395207$ & $0.00941499$ & $-0.113751$ & $-0.048132$ & $-0.0630511$ & $0.111118$ & $0.0793548$ & $0.0967412$ & $0.0463124$ & $0.115302$ & $0.0472633$ \\
CHL3_22 & $0.00769481$ & $0.00938779$ & $0.0219099$ & $-0.0870065$ & $0.0612456$ & $-0.00470378$ & $0.0218966$ & $-0.472245$ & $-0.469216$ & $0.539762$ & $0.253773$ & $0.134979$ & $-0.118631$ & $0.474386$ & $-0.493686$ & $-0.161309$ & $0.630025$ & $1$ & $0.607302$ & $-0.339567$ & $-0.153436$ & $-0.15329$ & $0.0409611$ & $0.380374$ & $0.752134$ & $0.061457$ & $0.100162$ & $-0.0228171$ & $-0.00598277$ & $-0.0264522$ & $0.00348261$ & $0.0156676$ & $-0.019353$ & $0.180286$ & $-0.000212559$ & $-0.0621248$ & $0.00529789$ & $-0.0934755$ & $0.0841139$ & $0.0180717$ & $-0.100008$ & $-0.0517121$ & $0.00281538$ & $0.00576499$ & $-0.0519231$ & $0.0862202$ & $0.0574712$ & $0.0423129$ & $0.0595898$ \\
CHL3_33 & $-0.0236822$ & $-0.00170252$ & $-0.0206558$ & $-0.0754576$ & $0.090913$ & $-0.031019$ & $0.0817678$ & $-0.47729$ & $-0.473044$ & $0.551329$ & $0.25845$ & $0.154057$ & $-0.113836$ & $0.468404$ & $-0.13266$ & $-0.495216$ & $0.637328$ & $0.607302$ & $1$ & $-0.337606$ & $-0.155292$ & $-0.15882$ & $0.0516089$ & $0.382908$ & $0.751224$ & $0.0379176$ & $0.0894874$ & $-0.0284591$ & $0.00211336$ & $-0.0164182$ & $0.0048091$ & $0.0827939$ & $-0.00450818$ & $-0.158403$ & $-0.00776359$ & $-0.0216743$ & $0.0155657$ & $-0.0830157$ & $0.0818918$ & $0.014329$ & $-0.0936081$ & $-0.0920289$ & $-0.030323$ & $0.0338295$ & $-0.0208472$ & $0.0798773$ & $0.0660052$ & $0.051334$ & $0.0549398$ \\
CHe_11 & $0.0534362$ & $-0.0282877$ & $0.140434$ & $0.0235813$ & $0.023024$ & $-0.0976894$ & $-0.028135$ & $0.854509$ & $0.854314$ & $-0.252507$ & $-0.88937$ & $0.023102$ & $0.00271702$ & $-0.0862577$ & $0.0399912$ & $0.0481377$ & $-0.403034$ & $-0.339567$ & $-0.337606$ & $1$ & $0.659122$ & $0.63306$ & $0.00698654$ & $-0.492864$ & $-0.381236$ & $-0.162841$ & $0.303217$ & $0.117679$ & $0.00658265$ & $-0.0137628$ & $-0.0143714$ & $-0.0183288$ & $-0.0353286$ & $0.455831$ & $-0.110946$ & $-0.028093$ & $-0.0669844$ & $-0.00095121$ & $-0.0115647$ & $0.0223822$ & $0.0726948$ & $0.0610037$ & $0.0665243$ & $-0.159966$ & $-0.156064$ & $-0.117196$ & $-0.0306345$ & $-0.101722$ & $-0.0800142$ \\
CHe_22 & $0.0751005$ & $-0.0212236$ & $0.143099$ & $0.0133471$ & $0.0313826$ & $-0.0895303$ & $-0.0108149$ & $0.656119$ & $0.655272$ & $-0.181343$ & $-0.683034$ & $-0.0776952$ & $0.0180799$ & $-0.00790507$ & $-0.195161$ & $-0.132507$ & $-0.239365$ & $-0.153436$ & $-0.155292$ & $0.659122$ & $1$ & $0.546187$ & $0.0368945$ & $-0.454639$ & $-0.203844$ & $-0.120721$ & $0.421423$ & $0.124646$ & $0.0101646$ & $-0.00543186$ & $0.00939952$ & $-0.0127722$ & $-0.0147224$ & $0.468226$ & $-0.105299$ & $-0.0398853$ & $-0.0815833$ & $-0.00180555$ & $0.0185318$ & $0.0210899$ & $0.0524217$ & $0.026296$ & $0.0558987$ & $-0.135158$ & $-0.14619$ & $-0.0798306$ & $-0.0313134$ & $-0.103432$ & $-0.0475017$ \\
CHe_33 & $0.0561528$ & $-0.0171322$ & $0.155827$ & $0.00223736$ & $0.0484613$ & $-0.0758805$ & $-0.0158041$ & $0.629275$ & $0.627609$ & $-0.178201$ & $-0.647232$ & $-0.0598768$ & $-0.00241478$ & $-0.0170408$ & $-0.133302$ & $-0.212938$ & $-0.239002$ & $-0.15329$ & $-0.15882$ & $0.63306$ & $0.546187$ & $1$ & $0.0402915$ & $-0.442252$ & $-0.211835$ & $-0.118283$ & $0.38599$ & $0.106395$ & $0.00895736$ & $-0.00294128$ & $-0.00467685$ & $-0.0178369$ & $-0.0215015$ & $0.449363$ & $-0.120345$ & $-0.0241576$ & $-0.0773062$ & $0.0156661$ & $0.0129946$ & $0.0164392$ & $0.0540134$ & $0.0399916$ & $0.057314$ & $-0.166289$ & $-0.155736$ & $-0.102452$ & $-0.0336694$ & $-0.100795$ & $-0.0676499$ \\
CHQ1_11 & $0.0498972$ & $0.00684051$ & $0.0601558$ & $-0.00693859$ & $0.0458087$ & $-0.0195895$ & $-0.00117996$ & $0.0171042$ & $0.016452$ & $-0.0310144$ & $0.00592576$ & $-0.00253583$ & $0.0122934$ & $-0.0423763$ & $-0.0882711$ & $-0.109834$ & $-0.038474$ & $0.0409611$ & $0.0516089$ & $0.00698654$ & $0.0368945$ & $0.0402915$ & $1$ & $-0.0769662$ & $0.0764102$ & $-0.572692$ & $0.229096$ & $-0.0147881$ & $0.00875148$ & $0.00997483$ & $0.0257035$ & $-0.00464399$ & $-0.00992891$ & $0.0731028$ & $-0.076015$ & $0.00227238$ & $-0.0156235$ & $0.0066128$ & $0.0451186$ & $0.0240076$ & $-0.022876$ & $-0.0105998$ & $0.0429403$ & $-0.0452123$ & $-0.0518914$ & $-0.000611379$ & $0.0216514$ & $-0.0808929$ & $0.0206143$ \\
CHQ1_33 & $-0.104193$ & $-0.00816203$ & $-0.129862$ & $-0.0141331$ & $-0.00941881$ & $0.0590508$ & $0.0651482$ & $-0.647364$ & $-0.643722$ & $0.551611$ & $0.447953$ & $0.176462$ & $-0.102717$ & $0.460015$ & $0.244035$ & $0.21981$ & $0.611102$ & $0.380374$ & $0.382908$ & $-0.492864$ & $-0.454639$ & $-0.442252$ & $-0.0769662$ & $1$ & $0.461381$ & $0.0878167$ & $-0.395472$ & $0.0531508$ & $-0.0108049$ & $-0.0163711$ & $-0.00961608$ & $0.0684245$ & $-0.00367075$ & $-0.513679$ & $0.142067$ & $0.00995772$ & $0.0470005$ & $-0.00668064$ & $-0.00841274$ & $0.00492275$ & $-0.0951595$ & $-0.0544257$ & $-0.0795772$ & $0.163565$ & $0.159595$ & $0.0930601$ & $0.0526487$ & $0.166029$ & $0.0164768$ \\
CHQ3_11 & $0.00146982$ & $0.0138173$ & $0.021292$ & $-0.108407$ & $0.109049$ & $-0.0357048$ & $0.0377171$ & $-0.541247$ & $-0.538984$ & $0.617862$ & $0.298704$ & $0.178049$ & $-0.141325$ & $0.50903$ & $-0.198311$ & $-0.221759$ & $0.722236$ & $0.752134$ & $0.751224$ & $-0.381236$ & $-0.203844$ & $-0.211835$ & $0.0764102$ & $0.461381$ & $1$ & $0.0679606$ & $0.189691$ & $-0.0383034$ & $-0.00535534$ & $-0.0286476$ & $-0.000817913$ & $0.0339786$ & $-0.0134286$ & $-0.117127$ & $-0.0191469$ & $-0.0426705$ & $0.00559541$ & $-0.0770557$ & $0.112009$ & $0.0410873$ & $-0.0974377$ & $-0.0820373$ & $0.000659553$ & $0.0238513$ & $-0.0508533$ & $0.101941$ & $0.0744363$ & $0.0635293$ & $0.0671874$ \\
CHu_11 & $-0.00882071$ & $0.0280484$ & $0.0411074$ & $-0.0302717$ & $-0.00032074$ & $0.0103912$ & $-0.0236854$ & $-0.129333$ & $-0.129362$ & $0.0170975$ & $0.148535$ & $-0.00978587$ & $-0.0208872$ & $-0.0202626$ & $-0.0343164$ & $0.00162695$ & $0.0533183$ & $0.061457$ & $0.0379176$ & $-0.162841$ & $-0.120721$ & $-0.118283$ & $-0.572692$ & $0.0878167$ & $0.0679606$ & $1$ & $0.134872$ & $-0.0141542$ & $0.00567183$ & $-0.0145973$ & $-0.0272945$ & $-0.0272344$ & $-0.000534051$ & $-0.038412$ & $-0.00684262$ & $-0.0511689$ & $-0.0177452$ & $-0.000278435$ & $0.0274402$ & $0.0258998$ & $-0.00811742$ & $0.0150773$ & $0.00936132$ & $-0.0328548$ & $-0.0392394$ & $0.0271042$ & $-0.0159119$ & $0.0330653$ & $-0.0246969$ \\
CHd_11 & $0.176296$ & $0.0375965$ & $0.26943$ & $-0.123149$ & $0.131661$ & $-0.122356$ & $-0.0516859$ & $0.409904$ & $0.408357$ & $-0.271883$ & $-0.307362$ & $-0.10683$ & $0.0200876$ & $-0.254421$ & $-0.533234$ & $-0.514061$ & $-0.26079$ & $0.100162$ & $0.0894874$ & $0.303217$ & $0.421423$ & $0.38599$ & $0.229096$ & $-0.395472$ & $0.189691$ & $0.134872$ & $1$ & $0.0425051$ & $0.0104139$ & $-0.000284633$ & $0.0176726$ & $-0.0593968$ & $-0.00656544$ & $0.61191$ & $-0.274486$ & $-0.0665776$ & $-0.0721251$ & $-0.0621505$ & $0.139779$ & $0.0574557$ & $0.0458659$ & $-0.014434$ & $0.15604$ & $-0.260412$ & $-0.322112$ & $-0.0478322$ & $0.0300197$ & $-0.173918$ & $-0.00403095$ \\
CHd_33 & $-0.0141832$ & $-0.060539$ & $0.0279175$ & $0.0186811$ & $0.0244632$ & $-0.027945$ & $0.0110379$ & $0.119886$ & $0.119609$ & $-0.0176511$ & $-0.132147$ & $0.0101555$ & $-0.0313606$ & $0.015166$ & $-0.0150681$ & $-0.0175478$ & $-0.0195112$ & $-0.0228171$ & $-0.0284591$ & $0.117679$ & $0.124646$ & $0.106395$ & $-0.0147881$ & $0.0531508$ & $-0.0383034$ & $-0.0141542$ & $0.0425051$ & $1$ & $0.00188234$ & $-0.00366441$ & $0.0071728$ & $0.00357545$ & $-0.0133767$ & $0.0827889$ & $0.00992856$ & $0.00137255$ & $-0.020282$ & $0.0314813$ & $-0.0493253$ & $-0.00903928$ & $0.00950559$ & $0.0368349$ & $-0.000277883$ & $-0.0010891$ & $0.0033582$ & $-0.0192798$ & $0.0217833$ & $0.00655009$ & $-0.0476524$ \\
CeH_22r & $0.0148628$ & $0.0139553$ & $-0.00300959$ & $0.00755547$ & $-0.00414501$ & $0.008831$ & $0.0123023$ & $0.00510188$ & $0.00970855$ & $-0.0134324$ & $-0.00238838$ & $-0.017551$ & $0.04386$ & $-0.00675851$ & $0.00286304$ & $-0.0124084$ & $-0.0124151$ & $-0.00598277$ & $0.00211336$ & $0.00658265$ & $0.0101646$ & $0.00895736$ & $0.00875148$ & $-0.0108049$ & $-0.00535534$ & $0.00567183$ & $0.0104139$ & $0.00188234$ & $1$ & $0.038055$ & $0.00555569$ & $-0.00560952$ & $0.0398889$ & $0.00205431$ & $-0.0248515$ & $-0.00688531$ & $0.00549613$ & $-0.0132806$ & $0.0101362$ & $-0.0017477$ & $0.01033$ & $0.00862634$ & $0.00802032$ & $-0.0279064$ & $-0.0178697$ & $-0.0147139$ & $-0.00969777$ & $-0.0287625$ & $0.00588088$ \\
CeH_33r & $-0.0420216$ & $0.0708173$ & $-0.0483051$ & $0.0339671$ & $-0.0392815$ & $0.00393549$ & $-0.0651097$ & $-0.0108406$ & $0.0123924$ & $-0.0310469$ & $0.0279933$ & $0.0429156$ & $0.212971$ & $-0.0497014$ & $-0.0156427$ & $-0.0274037$ & $-0.0340966$ & $-0.0264522$ & $-0.0164182$ & $-0.0137628$ & $-0.00543186$ & $-0.00294128$ & $0.00997483$ & $-0.0163711$ & $-0.0286476$ & $-0.0145973$ & $-0.000284633$ & $-0.00366441$ & $0.038055$ & $1$ & $0.305965$ & $0.11715$ & $0.714189$ & $-0.0105503$ & $-0.0460287$ & $-0.000904722$ & $0.0221287$ & $-0.0766009$ & $0.0354958$ & $-0.0429244$ & $0.00983144$ & $-0.0241438$ & $0.0373262$ & $-0.0647754$ & $0.00108371$ & $-0.0827031$ & $-0.0150534$ & $-0.0637089$ & $-0.0104715$ \\
CuH_22r & $0.0146636$ & $0.00844275$ & $-0.00211417$ & $-0.00755688$ & $-0.000196181$ & $-0.00325816$ & $-0.0414094$ & $-0.00606528$ & $0.00395838$ & $-0.0215038$ & $0.0152206$ & $-0.0333871$ & $0.105857$ & $-0.0189621$ & $-0.0226237$ & $-0.0348865$ & $-0.00915761$ & $0.00348261$ & $0.0048091$ & $-0.0143714$ & $0.00939952$ & $-0.00467685$ & $0.0257035$ & $-0.00961608$ & $-0.000817913$ & $-0.0272945$ & $0.0176726$ & $0.0071728$ & $0.00555569$ & $0.305965$ & $1$ & $0.0717981$ & $0.374198$ & $0.00936307$ & $-0.0533499$ & $0.017288$ & $0.0259094$ & $-0.0480586$ & $-0.0191044$ & $-0.0318085$ & $-0.01485$ & $-0.0208696$ & $0.0210051$ & $-0.0604787$ & $-0.0312302$ & $-0.0505134$ & $0.0551492$ & $-0.0557909$ & $-0.0310911$ \\
CuH_33r & $-0.303359$ & $-0.000581748$ & $-0.0201925$ & $0.126409$ & $0.169926$ & $-0.0209054$ & $0.921794$ & $-0.0925019$ & $-0.0628765$ & $0.0973876$ & $0.0790238$ & $0.257499$ & $-0.177802$ & $0.0200757$ & $0.0412703$ & $-0.0397811$ & $0.0425088$ & $0.0156676$ & $0.0827939$ & $-0.0183288$ & $-0.0127722$ & $-0.0178369$ & $-0.00464399$ & $0.0684245$ & $0.0339786$ & $-0.0272344$ & $-0.0593968$ & $0.00357545$ & $-0.00560952$ & $0.11715$ & $0.0717981$ & $1$ & $0.154869$ & $-0.115098$ & $0.0826033$ & $0.0221003$ & $-0.225646$ & $0.0367532$ & $0.0288214$ & $0.281523$ & $-0.209273$ & $0.05949$ & $-0.0545667$ & $0.0332909$ & $0.135233$ & $-0.0924398$ & $0.137346$ & $0.220742$ & $-0.187039$ \\
CdH_33r & $-0.0444635$ & $0.0816896$ & $-0.0895089$ & $0.0397481$ & $-0.0322841$ & $-0.00130653$ & $-0.092811$ & $-0.0293775$ & $-0.00313812$ & $-0.0343874$ & $0.0461655$ & $0.035132$ & $0.242708$ & $-0.0387713$ & $-0.0124717$ & $-0.023319$ & $-0.0236612$ & $-0.019353$ & $-0.00450818$ & $-0.0353286$ & $-0.0147224$ & $-0.0215015$ & $-0.00992891$ & $-0.00367075$ & $-0.0134286$ & $-0.000534051$ & $-0.00656544$ & $-0.0133767$ & $0.0398889$ & $0.714189$ & $0.374198$ & $0.154869$ & $1$ & $-0.0231162$ & $-0.0482969$ & $0.015158$ & $0.0274555$ & $-0.0929493$ & $0.060569$ & $-0.0574931$ & $0.0382171$ & $-0.0473394$ & $0.0394234$ & $-0.0513728$ & $0.00339893$ & $-0.0959504$ & $-0.0220534$ & $-0.0632464$ & $0.029035$ \\
CLL_1221 & $0.14963$ & $0.0458321$ & $0.224442$ & $-0.061915$ & $0.052716$ & $-0.138704$ & $-0.0924373$ & $0.678793$ & $0.673113$ & $-0.383976$ & $-0.548793$ & $-0.26417$ & $0.0610443$ & $-0.254628$ & $-0.572559$ & $-0.245551$ & $-0.316677$ & $0.180286$ & $-0.158403$ & $0.455831$ & $0.468226$ & $0.449363$ & $0.0731028$ & $-0.513679$ & $-0.117127$ & $-0.038412$ & $0.61191$ & $0.0827889$ & $0.00205431$ & $-0.0105503$ & $0.00936307$ & $-0.115098$ & $-0.0231162$ & $1$ & $-0.189459$ & $-0.0539076$ & $-0.0584831$ & $-0.0636888$ & $0.068392$ & $0.00931805$ & $0.104368$ & $0.0396347$ & $0.148811$ & $-0.231349$ & $-0.270745$ & $-0.0923056$ & $-0.0166861$ & $-0.182765$ & $-0.0224652$ \\
eHggint & $-0.589014$ & $-0.147947$ & $-0.343042$ & $0.640573$ & $-0.279415$ & $0.0353049$ & $0.0846345$ & $-0.146393$ & $-0.150681$ & $0.0776425$ & $0.100534$ & $0.18109$ & $-0.215023$ & $0.0817488$ & $0.135988$ & $0.146292$ & $0.101592$ & $-0.000212559$ & $-0.00776359$ & $-0.110946$ & $-0.105299$ & $-0.120345$ & $-0.076015$ & $0.142067$ & $-0.0191469$ & $-0.00684262$ & $-0.274486$ & $0.00992856$ & $-0.0248515$ & $-0.0460287$ & $-0.0533499$ & $0.0826033$ & $-0.0482969$ & $-0.189459$ & $1$ & $-0.100726$ & $-0.460031$ & $0.374366$ & $-0.00154828$ & $-0.0727084$ & $0.016279$ & $0.0757894$ & $-0.453416$ & $0.81298$ & $0.716608$ & $0.024121$ & $-0.504477$ & $0.36794$ & $0.0309791$ \\
eHggpar & $0.0745402$ & $-0.220387$ & $0.13454$ & $-0.263357$ & $0.0774131$ & $-0.00409091$ & $0.0161596$ & $-0.0142572$ & $-0.0155319$ & $-0.0249097$ & $0.0410353$ & $-0.00564119$ & $0.0422371$ & $-0.0411623$ & $0.0636377$ & $0.011167$ & $-0.0359986$ & $-0.0621248$ & $-0.0216743$ & $-0.028093$ & $-0.0398853$ & $-0.0241576$ & $0.00227238$ & $0.00995772$ & $-0.0426705$ & $-0.0511689$ & $-0.0665776$ & $0.00137255$ & $-0.00688531$ & $-0.000904722$ & $0.017288$ & $0.0221003$ & $0.015158$ & $-0.0539076$ & $-0.100726$ & $1$ & $0.263307$ & $0.15582$ & $-0.337941$ & $-0.0940933$ & $0.140126$ & $-0.20951$ & $0.0111745$ & $0.192293$ & $0.169942$ & $0.33456$ & $0.0386042$ & $0.147815$ & $-0.0550265$ \\
eHWWint & $0.257939$ & $-0.136067$ & $-0.0921578$ & $-0.452857$ & $0.0771407$ & $-0.0040921$ & $-0.224275$ & $-0.0650076$ & $-0.0681836$ & $0.0398374$ & $0.0748946$ & $-0.148704$ & $0.226752$ & $0.00358556$ & $0.0371258$ & $0.0198421$ & $0.0257449$ & $0.00529789$ & $0.0155657$ & $-0.0669844$ & $-0.0815833$ & $-0.0773062$ & $-0.0156235$ & $0.0470005$ & $0.00559541$ & $-0.0177452$ & $-0.0721251$ & $-0.020282$ & $0.00549613$ & $0.0221287$ & $0.0259094$ & $-0.225646$ & $0.0274555$ & $-0.0584831$ & $-0.460031$ & $0.263307$ & $1$ & $-0.457018$ & $-0.183$ & $-0.121071$ & $0.0490884$ & $-0.231238$ & $0.310701$ & $-0.192313$ & $-0.289643$ & $0.211476$ & $0.40524$ & $-0.112606$ & $0.00348836$ \\
eHWWpar & $-0.23482$ & $-0.118136$ & $0.0598723$ & $0.431308$ & $-0.172121$ & $0.0377598$ & $0.0601335$ & $0.0166468$ & $0.00989428$ & $-0.068297$ & $-0.0179343$ & $0.0228892$ & $-0.140242$ & $-0.00825946$ & $0.0855432$ & $0.0751486$ & $-0.04261$ & $-0.0934755$ & $-0.0830157$ & $-0.00095121$ & $-0.00180555$ & $0.0156661$ & $0.0066128$ & $-0.00668064$ & $-0.0770557$ & $-0.000278435$ & $-0.0621505$ & $0.0314813$ & $-0.0132806$ & $-0.0766009$ & $-0.0480586$ & $0.0367532$ & $-0.0929493$ & $-0.0636888$ & $0.374366$ & $0.15582$ & $-0.457018$ & $1$ & $-0.333585$ & $0.041302$ & $0.127298$ & $0.192299$ & $-0.468938$ & $0.366902$ & $0.596092$ & $-0.0768216$ & $-0.343329$ & $0.207286$ & $-0.265221$ \\
eHZZint & $-0.135844$ & $0.68244$ & $0.080877$ & $0.0455813$ & $0.197499$ & $-0.017452$ & $0.0103795$ & $-0.0281888$ & $-0.0215813$ & $0.0550284$ & $0.0284468$ & $-0.0237203$ & $0.0950399$ & $-0.000933454$ & $-0.0910548$ & $-0.0875495$ & $0.0395207$ & $0.0841139$ & $0.0818918$ & $-0.0115647$ & $0.0185318$ & $0.0129946$ & $0.0451186$ & $-0.00841274$ & $0.112009$ & $0.0274402$ & $0.139779$ & $-0.0493253$ & $0.0101362$ & $0.0354958$ & $-0.0191044$ & $0.0288214$ & $0.060569$ & $0.068392$ & $-0.00154828$ & $-0.337941$ & $-0.183$ & $-0.333585$ & $1$ & $0.267394$ & $0.0414708$ & $0.169231$ & $0.499523$ & $-0.0689097$ & $-0.221004$ & $0.0978984$ & $-0.249167$ & $-0.123457$ & $0.489023$ \\
eHZZpar & $-0.288931$ & $0.285537$ & $0.349934$ & $-0.0733763$ & $0.37925$ & $-0.000605028$ & $0.288324$ & $-0.000918305$ & $0.00937432$ & $0.0217655$ & $0.00790867$ & $0.276132$ & $-0.38044$ & $0.0195191$ & $-0.0045918$ & $-0.0142595$ & $0.00941499$ & $0.0180717$ & $0.014329$ & $0.0223822$ & $0.0210899$ & $0.0164392$ & $0.0240076$ & $0.00492275$ & $0.0410873$ & $0.0258998$ & $0.0574557$ & $-0.00903928$ & $-0.0017477$ & $-0.0429244$ & $-0.0318085$ & $0.281523$ & $-0.0574931$ & $0.00931805$ & $-0.0727084$ & $-0.0940933$ & $-0.121071$ & $0.041302$ & $0.267394$ & $1$ & $-0.0980703$ & $0.434899$ & $0.393066$ & $-0.178652$ & $-0.194832$ & $0.147036$ & $0.0689619$ & $0.270434$ & $-0.192936$ \\
eHZgaint & $-0.147718$ & $0.195186$ & $-0.180863$ & $0.0436804$ & $-0.159394$ & $-0.031597$ & $-0.209756$ & $0.133607$ & $0.124479$ & $-0.15078$ & $-0.0988298$ & $-0.276852$ & $0.284491$ & $-0.0814152$ & $-0.0050081$ & $0.0112081$ & $-0.113751$ & $-0.100008$ & $-0.0936081$ & $0.0726948$ & $0.0524217$ & $0.0540134$ & $-0.022876$ & $-0.0951595$ & $-0.0974377$ & $-0.00811742$ & $0.0458659$ & $0.00950559$ & $0.01033$ & $0.00983144$ & $-0.01485$ & $-0.209273$ & $0.0382171$ & $0.104368$ & $0.016279$ & $0.140126$ & $0.0490884$ & $0.127298$ & $0.0414708$ & $-0.0980703$ & $1$ & $-0.16054$ & $-0.0348258$ & $0.131277$ & $0.0824812$ & $-0.343584$ & $-0.239636$ & $0.133909$ & $-0.0982376$ \\
eHZgapar & $-0.243429$ & $0.182972$ & $0.289945$ & $0.368466$ & $-0.164671$ & $0.0195604$ & $0.0664059$ & $0.071635$ & $0.0762463$ & $-0.0416051$ & $-0.0731482$ & $0.101407$ & $-0.182808$ & $-0.0143904$ & $0.0313364$ & $0.0495798$ & $-0.048132$ & $-0.0517121$ & $-0.0920289$ & $0.0610037$ & $0.026296$ & $0.0399916$ & $-0.0105998$ & $-0.0544257$ & $-0.0820373$ & $0.0150773$ & $-0.014434$ & $0.0368349$ & $0.00862634$ & $-0.0241438$ & $-0.0208696$ & $0.05949$ & $-0.0473394$ & $0.0396347$ & $0.0757894$ & $-0.20951$ & $-0.231238$ & $0.192299$ & $0.169231$ & $0.434899$ & $-0.16054$ & $1$ & $0.271108$ & $-0.185354$ & $0.00909888$ & $-0.00325032$ & $-0.324057$ & $-0.141264$ & $-0.0913097$ \\
eHgagaint & $0.0545378$ & $0.54946$ & $0.504127$ & $-0.388278$ & $0.28612$ & $-0.0357665$ & $-0.0642954$ & $0.0900968$ & $0.0982614$ & $-0.0497058$ & $-0.0494207$ & $-0.0979297$ & $0.134072$ & $-0.0755862$ & $-0.0860868$ & $-0.0454558$ & $-0.0630511$ & $0.00281538$ & $-0.030323$ & $0.0665243$ & $0.0558987$ & $0.057314$ & $0.0429403$ & $-0.0795772$ & $0.000659553$ & $0.00936132$ & $0.15604$ & $-0.000277883$ & $0.00802032$ & $0.0373262$ & $0.0210051$ & $-0.0545667$ & $0.0394234$ & $0.148811$ & $-0.453416$ & $0.0111745$ & $0.310701$ & $-0.468938$ & $0.499523$ & $0.393066$ & $-0.0348258$ & $0.271108$ & $1$ & $-0.506714$ & $-0.489622$ & $0.143378$ & $0.162571$ & $-0.146292$ & $0.0778891$ \\
eHmumuint & $-0.437421$ & $-0.263908$ & $-0.435273$ & $0.358089$ & $-0.130708$ & $0.0411271$ & $0.0428866$ & $-0.1937$ & $-0.200614$ & $0.0873871$ & $0.161125$ & $0.184154$ & $-0.216981$ & $0.086496$ & $0.136804$ & $0.115854$ & $0.111118$ & $0.00576499$ & $0.0338295$ & $-0.159966$ & $-0.135158$ & $-0.166289$ & $-0.0452123$ & $0.163565$ & $0.0238513$ & $-0.0328548$ & $-0.260412$ & $-0.0010891$ & $-0.0279064$ & $-0.0647754$ & $-0.0604787$ & $0.0332909$ & $-0.0513728$ & $-0.231349$ & $0.81298$ & $0.192293$ & $-0.192313$ & $0.366902$ & $-0.0689097$ & $-0.178652$ & $0.131277$ & $-0.185354$ & $-0.506714$ & $1$ & $0.739912$ & $0.277938$ & $-0.354168$ & $0.463789$ & $0.174218$ \\
eHtautauint & $-0.439173$ & $-0.150824$ & $-0.342806$ & $0.487679$ & $-0.349979$ & $0.0603967$ & $0.123192$ & $-0.193079$ & $-0.195005$ & $0.074721$ & $0.156579$ & $0.0750581$ & $-0.0369349$ & $0.0616891$ & $0.17889$ & $0.160298$ & $0.0793548$ & $-0.0519231$ & $-0.0208472$ & $-0.156064$ & $-0.14619$ & $-0.155736$ & $-0.0518914$ & $0.159595$ & $-0.0508533$ & $-0.0392394$ & $-0.322112$ & $0.0033582$ & $-0.0178697$ & $0.00108371$ & $-0.0312302$ & $0.135233$ & $0.00339893$ & $-0.270745$ & $0.716608$ & $0.169942$ & $-0.289643$ & $0.596092$ & $-0.221004$ & $-0.194832$ & $0.0824812$ & $0.00909888$ & $-0.489622$ & $0.739912$ & $1$ & $0.0351391$ & $-0.418526$ & $0.392509$ & $-0.0770623$ \\
eHccint & $0.0858699$ & $-0.09263$ & $0.32499$ & $-0.340778$ & $0.301201$ & $0.0187081$ & $-0.062068$ & $-0.139619$ & $-0.143393$ & $0.0942905$ & $0.1344$ & $0.208709$ & $-0.267022$ & $0.0762102$ & $0.0106236$ & $0.00837412$ & $0.0967412$ & $0.0862202$ & $0.0798773$ & $-0.117196$ & $-0.0798306$ & $-0.102452$ & $-0.000611379$ & $0.0930601$ & $0.101941$ & $0.0271042$ & $-0.0478322$ & $-0.0192798$ & $-0.0147139$ & $-0.0827031$ & $-0.0505134$ & $-0.0924398$ & $-0.0959504$ & $-0.0923056$ & $0.024121$ & $0.33456$ & $0.211476$ & $-0.0768216$ & $0.0978984$ & $0.147036$ & $-0.343584$ & $-0.00325032$ & $0.143378$ & $0.277938$ & $0.0351391$ & $1$ & $-0.11503$ & $0.215047$ & $0.177274$ \\
eHccpar & $0.340241$ & $-0.126587$ & $0.0290689$ & $-0.60347$ & $0.406933$ & $-0.0275061$ & $0.140568$ & $-0.0531476$ & $-0.0482404$ & $0.0473224$ & $0.0638228$ & $0.0945476$ & $-0.120536$ & $0.00443522$ & $-0.0244387$ & $-0.0390595$ & $0.0463124$ & $0.0574712$ & $0.0660052$ & $-0.0306345$ & $-0.0313134$ & $-0.0336694$ & $0.0216514$ & $0.0526487$ & $0.0744363$ & $-0.0159119$ & $0.0300197$ & $0.0217833$ & $-0.00969777$ & $-0.0150534$ & $0.0551492$ & $0.137346$ & $-0.0220534$ & $-0.0166861$ & $-0.504477$ & $0.0386042$ & $0.40524$ & $-0.343329$ & $-0.249167$ & $0.0689619$ & $-0.239636$ & $-0.324057$ & $0.162571$ & $-0.354168$ & $-0.418526$ & $-0.11503$ & $1$ & $0.0298757$ & $-0.123102$ \\
eHbbint & $-0.485808$ & $-0.182672$ & $0.0669796$ & $-0.218842$ & $0.187927$ & $0.0136069$ & $0.223689$ & $-0.161453$ & $-0.160347$ & $0.115128$ & $0.130864$ & $0.345114$ & $-0.422411$ & $0.0989338$ & $0.0921002$ & $0.0990347$ & $0.115302$ & $0.0423129$ & $0.051334$ & $-0.101722$ & $-0.103432$ & $-0.100795$ & $-0.0808929$ & $0.166029$ & $0.0635293$ & $0.0330653$ & $-0.173918$ & $0.00655009$ & $-0.0287625$ & $-0.0637089$ & $-0.0557909$ & $0.220742$ & $-0.0632464$ & $-0.182765$ & $0.36794$ & $0.147815$ & $-0.112606$ & $0.207286$ & $-0.123457$ & $0.270434$ & $0.133909$ & $-0.141264$ & $-0.146292$ & $0.463789$ & $0.392509$ & $0.215047$ & $0.0298757$ & $1$ & $-0.36267$ \\
eHbbpar & $0.270424$ & $0.142807$ & $-0.384642$ & $0.0698879$ & $0.0896782$ & $-0.0192293$ & $-0.181884$ & $-0.0833169$ & $-0.0870586$ & $0.0439325$ & $0.0845774$ & $-0.0203742$ & $0.0949771$ & $0.00203131$ & $-0.0405696$ & $-0.0348372$ & $0.0472633$ & $0.0595898$ & $0.0549398$ & $-0.0800142$ & $-0.0475017$ & $-0.0676499$ & $0.0206143$ & $0.0164768$ & $0.0671874$ & $-0.0246969$ & $-0.00403095$ & $-0.0476524$ & $0.00588088$ & $-0.0104715$ & $-0.0310911$ & $-0.187039$ & $0.029035$ & $-0.0224652$ & $0.0309791$ & $-0.0550265$ & $0.00348836$ & $-0.265221$ & $0.489023$ & $-0.192936$ & $-0.0982376$ & $-0.0913097$ & $0.0778891$ & $0.174218$ & $-0.0770623$ & $0.177274$ & $-0.123102$ & $-0.36267$ & $1$ \\
