 & AlsMz & dAle5Mz & mtop & mHl & Mz & CW & CHG & CHWB & CHWHB_gaga & CHWHB_gagaorth & CHD & CHbox & CH & CHL1_11 & CHL1_22 & CHL1_33 & CHL3_11 & CHL3_22 & CHL3_33 & CHe_11 & CHe_22 & CHe_33 & CHQ1_11 & CHQ1_33 & CHQ3_11 & CHu_11 & CHd_11 & CHd_33 & CeH_22r & CeH_33r & CuH_22r & CuH_33r & CdH_33r & CLL_1221 & eHggint & eHggpar & eHWWint & eHWWpar & eHZZint & eHZZpar & eHZgaint & eHZgapar & eHgagaint & eHmumuint & eHtautauint & eHccint & eHccpar & eHbbint & eHbbpar \\
AlsMz & $1$ & $0.00467836$ & $0.00307299$ & $-0.00670693$ & $-0.000112794$ & $-0.00592754$ & $0.00308102$ & $-0.00967598$ & $-0.00795541$ & $0.00759046$ & $-0.00452337$ & $0.00797085$ & $-0.00658144$ & $-0.00378115$ & $-0.0013848$ & $-0.00250869$ & $0.00818682$ & $0.0133121$ & $0.0119978$ & $-0.00948958$ & $-0.00110084$ & $-0.00219051$ & $-0.00475551$ & $-0.0354512$ & $-0.104202$ & $-0.00945632$ & $-0.010752$ & $0.00908049$ & $-0.00341874$ & $0.00414549$ & $-0.00233969$ & $0.000900093$ & $0.000663824$ & $0.00448223$ & $-0.00921503$ & $-0.00627096$ & $0.000289675$ & $0.00419221$ & $-0.00686709$ & $0.00498102$ & $0.00929063$ & $0.00174245$ & $0.00928029$ & $-0.0133043$ & $0.00184878$ & $0.000208782$ & $0.00101311$ & $-0.0135579$ & $0.00590903$ \\
dAle5Mz & $0.00467836$ & $1$ & $-0.00502472$ & $-0.00297212$ & $0.00474058$ & $0.0289452$ & $0.000927339$ & $-0.200327$ & $-0.195617$ & $0.0537198$ & $0.180841$ & $0.00382422$ & $-0.0202978$ & $-0.0389218$ & $-0.0180464$ & $-0.0157746$ & $0.0687792$ & $0.00327296$ & $0.00190293$ & $-0.18938$ & $-0.0108885$ & $0.000678606$ & $0.00407985$ & $-0.00474503$ & $0.0138247$ & $0.00265194$ & $0.0187756$ & $0.00067871$ & $0.00207144$ & $0.000539909$ & $-0.00244524$ & $0.00122354$ & $0.0144319$ & $0.117048$ & $-0.00155736$ & $-0.0202614$ & $0.00591269$ & $0.00134186$ & $-0.00700354$ & $-0.00559496$ & $-0.00814995$ & $0.000428662$ & $-0.00196073$ & $0.00374583$ & $0.0116441$ & $-0.00712401$ & $-0.010585$ & $-0.0114127$ & $0.0119045$ \\
mtop & $0.00307299$ & $-0.00502472$ & $1$ & $-0.00705209$ & $-0.00680688$ & $0.0060915$ & $0.00204959$ & $0.00879233$ & $0.00933435$ & $0.000539589$ & $0.00606486$ & $-0.000707257$ & $0.00191275$ & $0.00282845$ & $-0.00154016$ & $0.0060845$ & $-0.00193848$ & $-0.00154493$ & $-0.0055468$ & $0.0143998$ & $0.00273348$ & $0.00018052$ & $-0.00165308$ & $0.00257818$ & $-0.00413792$ & $-0.00166587$ & $0.000728261$ & $0.00343534$ & $-0.000550005$ & $0.00445366$ & $-0.00650058$ & $0.00327642$ & $-0.0132977$ & $0.00582829$ & $0.0132156$ & $-0.00236509$ & $0.00188747$ & $0.00048992$ & $-0.00697111$ & $0.00645996$ & $0.00248768$ & $-0.00429909$ & $-0.00854954$ & $0.00464715$ & $0.0035729$ & $-0.00874546$ & $2.68862e-05$ & $0.00291522$ & $-0.00940405$ \\
mHl & $-0.00670693$ & $-0.00297212$ & $-0.00705209$ & $1$ & $0.00199074$ & $-0.0028679$ & $-0.00514041$ & $-0.00100477$ & $-3.94045e-05$ & $-0.00191685$ & $0.000680264$ & $-0.00104849$ & $0.00436778$ & $-0.00107969$ & $0.00493918$ & $-0.000402986$ & $0.00170191$ & $-0.0112897$ & $-0.000176871$ & $0.0017172$ & $0.00759558$ & $-0.000457393$ & $-0.0105633$ & $-0.00341574$ & $-0.00202565$ & $0.00806037$ & $-0.00119791$ & $0.00611237$ & $-8.61121e-05$ & $-0.00326537$ & $-0.000551185$ & $-0.00576316$ & $0.00504584$ & $-0.00991662$ & $0.0119836$ & $0.00592313$ & $0.00432271$ & $-0.0052765$ & $0.0124881$ & $0.00435827$ & $-0.0185388$ & $0.0100826$ & $0.0127162$ & $-0.00873146$ & $0.000633553$ & $0.0255609$ & $-0.00651161$ & $0.0180981$ & $0.00853787$ \\
Mz & $-0.000112794$ & $0.00474058$ & $-0.00680688$ & $0.00199074$ & $1$ & $0.00781421$ & $0.00361107$ & $0.00676386$ & $0.00666152$ & $-0.00665625$ & $0.0844719$ & $0.00681009$ & $-0.000287517$ & $-0.00352669$ & $-0.00699265$ & $-0.00263174$ & $-0.0118949$ & $-0.000807091$ & $-0.00944768$ & $0.0160463$ & $0.0106651$ & $0.00355843$ & $-0.00111927$ & $-0.0126411$ & $-0.00724661$ & $0.00184127$ & $0.0107563$ & $-0.000511768$ & $0.000389263$ & $-0.000237523$ & $-0.000446174$ & $0.000231655$ & $0.0011759$ & $0.00665883$ & $-0.00641147$ & $-0.00636747$ & $-0.0110353$ & $-0.00515104$ & $0.00739488$ & $0.00415024$ & $0.00607081$ & $-0.000257611$ & $-0.000680753$ & $-0.00432406$ & $0.0120365$ & $0.00302822$ & $0.000446676$ & $-0.00437319$ & $0.00822499$ \\
CW & $-0.00592754$ & $0.0289452$ & $0.0060915$ & $-0.0028679$ & $0.00781421$ & $1$ & $0.00845841$ & $-0.1283$ & $-0.124565$ & $0.0299804$ & $0.116623$ & $0.0418023$ & $-0.00362914$ & $0.105401$ & $0.0159629$ & $0.0178115$ & $-0.0557272$ & $0.0156393$ & $0.0105632$ & $-0.108613$ & $-0.0541844$ & $-0.0454991$ & $-0.00625344$ & $0.0461986$ & $0.0196996$ & $0.0135731$ & $-0.0428919$ & $-0.00843859$ & $-0.00562692$ & $0.00448452$ & $0.00501103$ & $0.00998033$ & $0.00750845$ & $-0.0989227$ & $0.00128586$ & $0.0030625$ & $-0.002341$ & $0.00274396$ & $-0.00145856$ & $0.000347807$ & $-0.00460638$ & $3.53352e-05$ & $-0.00241322$ & $-0.00395496$ & $-0.000532437$ & $-0.000319855$ & $0.00788053$ & $-0.000591034$ & $0.00438377$ \\
CHG & $0.00308102$ & $0.000927339$ & $0.00204959$ & $-0.00514041$ & $0.00361107$ & $0.00845841$ & $1$ & $-0.00877028$ & $0.0548887$ & $0.00470666$ & $0.00474241$ & $0.0196332$ & $-0.0956284$ & $0.0111383$ & $-0.000530772$ & $-0.000776377$ & $0.00422986$ & $0.000572007$ & $0.00563013$ & $0.00370522$ & $0.00602589$ & $0.0039967$ & $-0.00342532$ & $0.00550992$ & $0.00301699$ & $0.00925633$ & $0.00504734$ & $0.00401752$ & $0.0202804$ & $-0.0546231$ & $-0.0389462$ & $0.939253$ & $-0.0794928$ & $-0.00959086$ & $-0.0273575$ & $-0.0162407$ & $0.027994$ & $0.00846872$ & $-0.0168568$ & $-0.00904044$ & $0.000599513$ & $-0.00220759$ & $0.00114181$ & $-0.00496682$ & $0.00499242$ & $-0.00198753$ & $0.00485187$ & $-0.000315668$ & $-0.010136$ \\
CHWB & $-0.00967598$ & $-0.200327$ & $0.00879233$ & $-0.00100477$ & $0.00676386$ & $-0.1283$ & $-0.00877028$ & $1$ & $0.975788$ & $-0.307447$ & $-0.876347$ & $-0.424299$ & $0.07274$ & $-0.0801967$ & $-0.0895284$ & $-0.0859499$ & $-0.359004$ & $-0.198958$ & $-0.202507$ & $0.754511$ & $0.373022$ & $0.347774$ & $0.033779$ & $-0.367039$ & $-0.245982$ & $-0.0799574$ & $0.271048$ & $0.0591034$ & $0.00187843$ & $0.00253927$ & $-0.00149265$ & $-0.0267715$ & $-0.017201$ & $0.612918$ & $-0.0263823$ & $-0.0181956$ & $-0.000999239$ & $0.00266645$ & $0.000322745$ & $0.00573044$ & $-0.00541834$ & $0.0020362$ & $-0.0026734$ & $0.00059373$ & $-0.00305933$ & $0.00220555$ & $-0.000435698$ & $0.00515912$ & $-0.00585701$ \\
CHWHB_gaga & $-0.00795541$ & $-0.195617$ & $0.00933435$ & $-3.94045e-05$ & $0.00666152$ & $-0.124565$ & $0.0548887$ & $0.975788$ & $1$ & $-0.307094$ & $-0.855011$ & $-0.391528$ & $0.0685825$ & $-0.0863322$ & $-0.0884488$ & $-0.0849523$ & $-0.357226$ & $-0.19555$ & $-0.198037$ & $0.744343$ & $0.364294$ & $0.339902$ & $0.0322432$ & $-0.359505$ & $-0.239775$ & $-0.0767408$ & $0.267299$ & $0.0595409$ & $0.00820595$ & $0.0305765$ & $0.0122477$ & $0.0264257$ & $0.0103057$ & $0.596505$ & $-0.0487953$ & $-0.0298122$ & $-0.0126756$ & $-0.00321708$ & $-0.00547076$ & $0.00407432$ & $-0.00690376$ & $0.00412048$ & $0.0852013$ & $-0.000170433$ & $-0.00196178$ & $0.0011447$ & $0.000418564$ & $0.00552004$ & $-0.00843469$ \\
CHWHB_gagaorth & $0.00759046$ & $0.0537198$ & $0.000539589$ & $-0.00191685$ & $-0.00665625$ & $0.0299804$ & $0.00470666$ & $-0.307447$ & $-0.307094$ & $1$ & $0.0227241$ & $0.415429$ & $-0.120627$ & $0.762955$ & $0.0865496$ & $0.0901195$ & $0.810951$ & $0.266335$ & $0.261345$ & $-0.02556$ & $-0.0402377$ & $-0.0369514$ & $-0.0340108$ & $0.265604$ & $0.325617$ & $0.00933781$ & $-0.142725$ & $-0.00523906$ & $-0.00341421$ & $-0.0700291$ & $-0.0310089$ & $0.0224771$ & $-0.0337643$ & $-0.200275$ & $0.0399432$ & $0.0270182$ & $0.00191337$ & $-0.0067309$ & $0.00295436$ & $-0.000359822$ & $-0.0199314$ & $-0.00412758$ & $-0.00888757$ & $-0.00387773$ & $-0.000152787$ & $0.00189081$ & $-0.00120682$ & $-0.00552537$ & $0.00334694$ \\
CHD & $-0.00452337$ & $0.180841$ & $0.00606486$ & $0.000680264$ & $0.0844719$ & $0.116623$ & $0.00474241$ & $-0.876347$ & $-0.855011$ & $0.0227241$ & $1$ & $0.292894$ & $-0.0324472$ & $-0.194581$ & $0.042073$ & $0.0354318$ & $0.0676379$ & $0.0991058$ & $0.105754$ & $-0.776356$ & $-0.367577$ & $-0.344821$ & $-0.0192435$ & $0.259305$ & $0.12663$ & $0.080354$ & $-0.203377$ & $-0.0611115$ & $-0.00248377$ & $0.0048923$ & $0.00739428$ & $0.0175096$ & $0.0178378$ & $-0.463239$ & $0.0180317$ & $0.011845$ & $0.000183336$ & $-0.00223116$ & $-0.00116206$ & $-0.00617614$ & $0.00971554$ & $-0.000791306$ & $0.00502434$ & $0.000225313$ & $0.00667323$ & $-0.00157139$ & $0.000929786$ & $-0.00691684$ & $0.00614344$ \\
CHbox & $0.00797085$ & $0.00382422$ & $-0.000707257$ & $-0.00104849$ & $0.00681009$ & $0.0418023$ & $0.0196332$ & $-0.424299$ & $-0.391528$ & $0.415429$ & $0.292894$ & $1$ & $-0.306781$ & $0.139631$ & $0.0639626$ & $0.0689428$ & $0.276282$ & $0.124189$ & $0.124392$ & $-0.0952554$ & $-0.126086$ & $-0.123938$ & $-0.00926258$ & $0.192426$ & $0.153498$ & $0.0192734$ & $-0.133288$ & $-0.0215189$ & $0.0189428$ & $0.171316$ & $0.0391005$ & $0.0911786$ & $0.239933$ & $-0.319146$ & $0.0987398$ & $0.0508726$ & $-0.0128244$ & $-0.0106898$ & $-0.00966939$ & $-0.00279342$ & $0.00773306$ & $0.0032165$ & $-0.00506422$ & $0.000461437$ & $0.00403168$ & $0.00243039$ & $0.00389547$ & $-0.000379056$ & $-0.00479439$ \\
CH & $-0.00658144$ & $-0.0202978$ & $0.00191275$ & $0.00436778$ & $-0.000287517$ & $-0.00362914$ & $-0.0956284$ & $0.07274$ & $0.0685825$ & $-0.120627$ & $-0.0324472$ & $-0.306781$ & $1$ & $-0.127623$ & $-0.00933659$ & $-0.0133691$ & $-0.136877$ & $-0.0479999$ & $-0.0487796$ & $0.0720715$ & $0.017275$ & $0.023892$ & $-0.00113957$ & $-0.0508687$ & $-0.0605972$ & $0.000583431$ & $0.0221904$ & $0.00727872$ & $0.00867161$ & $0.0720419$ & $0.0386391$ & $-0.088295$ & $0.107878$ & $0.0356948$ & $-0.00629637$ & $0.00457356$ & $-0.00325761$ & $0.00305395$ & $0.00221904$ & $-0.00713513$ & $-0.000627399$ & $-0.00177483$ & $0.000288583$ & $0.00280558$ & $-0.00469067$ & $0.000237862$ & $0.004345$ & $-0.00432371$ & $-9.01458e-05$ \\
CHL1_11 & $-0.00378115$ & $-0.0389218$ & $0.00282845$ & $-0.00107969$ & $-0.00352669$ & $0.105401$ & $0.0111383$ & $-0.0801967$ & $-0.0863322$ & $0.762955$ & $-0.194581$ & $0.139631$ & $-0.127623$ & $1$ & $0.0910988$ & $0.0915572$ & $0.623417$ & $0.216038$ & $0.21326$ & $0.0959924$ & $0.0375642$ & $0.0358923$ & $-0.0306303$ & $0.209315$ & $0.258743$ & $-0.0101129$ & $-0.118374$ & $0.0107765$ & $-0.00356392$ & $-0.0370607$ & $-0.0291389$ & $0.0115623$ & $-0.047052$ & $-0.116409$ & $0.0152907$ & $0.0153528$ & $0.00439935$ & $-0.00643187$ & $0.0112294$ & $0.00773381$ & $-0.0150374$ & $-0.00704227$ & $-0.00709179$ & $-0.00171116$ & $-0.00470388$ & $0.00218286$ & $-0.00463797$ & $-0.00316159$ & $0.00131248$ \\
CHL1_22 & $-0.0013848$ & $-0.0180464$ & $-0.00154016$ & $0.00493918$ & $-0.00699265$ & $0.0159629$ & $-0.000530772$ & $-0.0895284$ & $-0.0884488$ & $0.0865496$ & $0.042073$ & $0.0639626$ & $-0.00933659$ & $0.0910988$ & $1$ & $0.343799$ & $0.0697527$ & $-0.638411$ & $-0.228009$ & $-0.0243104$ & $-0.265948$ & $-0.196931$ & $-0.0959502$ & $0.271748$ & $-0.31562$ & $0.0278832$ & $-0.524202$ & $-0.0368011$ & $-0.000149586$ & $-0.00158707$ & $0.00011275$ & $0.00493573$ & $0.00309394$ & $-0.591743$ & $0.0113038$ & $0.0115575$ & $0.00914087$ & $0.00367315$ & $-0.00929781$ & $0.00485376$ & $9.20231e-06$ & $-0.00541266$ & $-0.00658098$ & $-0.00172144$ & $-0.00197959$ & $0.00123023$ & $-0.0013533$ & $0.00424522$ & $0.00382086$ \\
CHL1_33 & $-0.00250869$ & $-0.0157746$ & $0.0060845$ & $-0.000402986$ & $-0.00263174$ & $0.0178115$ & $-0.000776377$ & $-0.0859499$ & $-0.0849523$ & $0.0901195$ & $0.0354318$ & $0.0689428$ & $-0.0133691$ & $0.0915572$ & $0.343799$ & $1$ & $0.0751748$ & $-0.225366$ & $-0.618793$ & $-0.0170563$ & $-0.197241$ & $-0.303596$ & $-0.0913097$ & $0.264488$ & $-0.305074$ & $0.0259368$ & $-0.507908$ & $-0.0255806$ & $-0.000860067$ & $0.00465095$ & $0.00566471$ & $0.00595663$ & $0.0041846$ & $-0.279053$ & $0.00978512$ & $0.00721207$ & $0.0102044$ & $-0.00183195$ & $-0.0113808$ & $-0.00444687$ & $-0.000472934$ & $-0.001933$ & $-0.00774964$ & $0.00503039$ & $-0.00329899$ & $0.00349387$ & $0.00605644$ & $0.00197531$ & $-0.00260191$ \\
CHL3_11 & $0.00818682$ & $0.0687792$ & $-0.00193848$ & $0.00170191$ & $-0.0118949$ & $-0.0557272$ & $0.00422986$ & $-0.359004$ & $-0.357226$ & $0.810951$ & $0.0676379$ & $0.276282$ & $-0.136877$ & $0.623417$ & $0.0697527$ & $0.0751748$ & $1$ & $0.301386$ & $0.295568$ & $-0.106391$ & $-0.0536993$ & $-0.0503003$ & $-0.0315985$ & $0.280062$ & $0.368941$ & $0.0144262$ & $-0.127961$ & $-0.00462605$ & $-0.00467483$ & $-0.0337141$ & $-0.0227053$ & $0.011941$ & $-0.0380449$ & $-0.180605$ & $0.0217327$ & $0.0173622$ & $-0.000490212$ & $-0.00249651$ & $0.00553668$ & $-0.00420505$ & $-0.0118984$ & $-0.00995797$ & $-0.00534229$ & $-0.00241272$ & $-0.00366186$ & $0.000611326$ & $0.000438886$ & $-0.00536334$ & $0.00120629$ \\
CHL3_22 & $0.0133121$ & $0.00327296$ & $-0.00154493$ & $-0.0112897$ & $-0.000807091$ & $0.0156393$ & $0.000572007$ & $-0.198958$ & $-0.19555$ & $0.266335$ & $0.0991058$ & $0.124189$ & $-0.0479999$ & $0.216038$ & $-0.638411$ & $-0.225366$ & $0.301386$ & $1$ & $0.411731$ & $-0.100777$ & $0.0336013$ & $0.0390344$ & $0.0760007$ & $0.0203214$ & $0.590516$ & $-0.00123584$ & $0.340311$ & $0.0104405$ & $-0.00412032$ & $-0.0124686$ & $-0.00480085$ & $0.00314221$ & $-0.0107795$ & $0.541106$ & $0.00590192$ & $0.000322419$ & $-0.00794894$ & $-0.00616755$ & $0.00899625$ & $-0.00772832$ & $0.000144348$ & $0.00410738$ & $0.00493545$ & $-0.000545473$ & $0.00546644$ & $0.000585159$ & $0.00372624$ & $-0.00686666$ & $0.00257046$ \\
CHL3_33 & $0.0119978$ & $0.00190293$ & $-0.0055468$ & $-0.000176871$ & $-0.00944768$ & $0.0105632$ & $0.00563013$ & $-0.202507$ & $-0.198037$ & $0.261345$ & $0.105754$ & $0.124392$ & $-0.0487796$ & $0.21326$ & $-0.228009$ & $-0.618793$ & $0.295568$ & $0.411731$ & $1$ & $-0.103937$ & $0.0329003$ & $0.0361165$ & $0.0726806$ & $0.0220618$ & $0.586583$ & $0.0035921$ & $0.336705$ & $0.00548262$ & $-0.000366673$ & $-0.020538$ & $-0.00932197$ & $0.00652743$ & $-0.0132806$ & $0.0973383$ & $0.00338884$ & $0.00420532$ & $-0.00542952$ & $-0.00215831$ & $0.0137507$ & $0.00497717$ & $-0.00432493$ & $-0.0035628$ & $0.00867142$ & $-0.00502183$ & $-0.000224969$ & $-0.00448253$ & $-0.00233272$ & $-0.00394579$ & $0.00577218$ \\
CHe_11 & $-0.00948958$ & $-0.18938$ & $0.0143998$ & $0.0017172$ & $0.0160463$ & $-0.108613$ & $0.00370522$ & $0.754511$ & $0.744343$ & $-0.02556$ & $-0.776356$ & $-0.0952554$ & $0.0720715$ & $0.0959924$ & $-0.0243104$ & $-0.0170563$ & $-0.106391$ & $-0.100777$ & $-0.103937$ & $1$ & $0.339984$ & $0.313039$ & $0.0154105$ & $-0.233423$ & $-0.121101$ & $-0.074509$ & $0.176873$ & $0.0544082$ & $0.00386313$ & $-0.0200754$ & $-0.00149802$ & $0.00198656$ & $0.00196068$ & $0.381896$ & $-0.0106112$ & $-0.00655987$ & $-0.00475918$ & $0.000119475$ & $0.00022635$ & $0.00483812$ & $-0.00793613$ & $-0.00130859$ & $0.003582$ & $-0.000433847$ & $-0.000439234$ & $0.00334166$ & $0.00398811$ & $0.00845988$ & $-0.00231446$ \\
CHe_22 & $-0.00110084$ & $-0.0108885$ & $0.00273348$ & $0.00759558$ & $0.0106651$ & $-0.0541844$ & $0.00602589$ & $0.373022$ & $0.364294$ & $-0.0402377$ & $-0.367577$ & $-0.126086$ & $0.017275$ & $0.0375642$ & $-0.265948$ & $-0.197241$ & $-0.0536993$ & $0.0336013$ & $0.0329003$ & $0.339984$ & $1$ & $0.275309$ & $0.0449519$ & $-0.284865$ & $0.00174238$ & $-0.0540032$ & $0.330168$ & $0.0434537$ & $-0.00282121$ & $-0.00627384$ & $-0.0107716$ & $-0.00106221$ & $-0.0114689$ & $0.292728$ & $-0.0124509$ & $-0.0125296$ & $0.000723591$ & $-0.000997921$ & $0.000643508$ & $0.00650996$ & $-0.00491837$ & $-0.000735696$ & $-0.00153045$ & $-0.000548408$ & $-0.00940123$ & $-0.00284485$ & $-0.00749891$ & $0.00563489$ & $-0.00696556$ \\
CHe_33 & $-0.00219051$ & $0.000678606$ & $0.00018052$ & $-0.000457393$ & $0.00355843$ & $-0.0454991$ & $0.0039967$ & $0.347774$ & $0.339902$ & $-0.0369514$ & $-0.344821$ & $-0.123938$ & $0.023892$ & $0.0358923$ & $-0.196931$ & $-0.303596$ & $-0.0503003$ & $0.0390344$ & $0.0361165$ & $0.313039$ & $0.275309$ & $1$ & $0.0484101$ & $-0.271395$ & $0.00746686$ & $-0.056552$ & $0.310885$ & $0.0398253$ & $0.000733102$ & $-0.00169189$ & $-0.00267753$ & $-0.00114503$ & $-0.00206503$ & $0.280551$ & $-0.0096737$ & $-0.00922428$ & $-0.0125652$ & $0.00659518$ & $0.00439321$ & $0.00041179$ & $-0.00171179$ & $-0.00184052$ & $0.0043211$ & $-0.00725594$ & $-0.000351733$ & $0.000998978$ & $-0.0049582$ & $-0.00391717$ & $0.00804042$ \\
CHQ1_11 & $-0.00475551$ & $0.00407985$ & $-0.00165308$ & $-0.0105633$ & $-0.00111927$ & $-0.00625344$ & $-0.00342532$ & $0.033779$ & $0.0322432$ & $-0.0340108$ & $-0.0192435$ & $-0.00926258$ & $-0.00113957$ & $-0.0306303$ & $-0.0959502$ & $-0.0913097$ & $-0.0315985$ & $0.0760007$ & $0.0726806$ & $0.0154105$ & $0.0449519$ & $0.0484101$ & $1$ & $-0.0661424$ & $0.128797$ & $-0.59116$ & $0.251698$ & $-4.81554e-05$ & $-5.04818e-05$ & $0.00724305$ & $-0.00345823$ & $-0.00199293$ & $-0.00526978$ & $0.0938938$ & $-0.0011247$ & $-0.000309672$ & $-0.00545688$ & $0.00766446$ & $0.00660417$ & $-0.00533532$ & $0.000358063$ & $0.00200665$ & $0.00247092$ & $-0.0121083$ & $0.00389356$ & $0.00531294$ & $-0.00819352$ & $-0.00505759$ & $-0.00568359$ \\
CHQ1_33 & $-0.0354512$ & $-0.00474503$ & $0.00257818$ & $-0.00341574$ & $-0.0126411$ & $0.0461986$ & $0.00550992$ & $-0.367039$ & $-0.359505$ & $0.265604$ & $0.259305$ & $0.192426$ & $-0.0508687$ & $0.209315$ & $0.271748$ & $0.264488$ & $0.280062$ & $0.0203214$ & $0.0220618$ & $-0.233423$ & $-0.284865$ & $-0.271395$ & $-0.0661424$ & $1$ & $0.0760532$ & $0.0534036$ & $-0.237901$ & $0.116304$ & $-0.00151468$ & $-0.0043917$ & $-0.00577552$ & $0.0138013$ & $0.000612321$ & $-0.332947$ & $0.0163026$ & $0.00825644$ & $-0.00263602$ & $-0.000748522$ & $0.00182167$ & $0.000388248$ & $0.00742897$ & $0.00139105$ & $-0.00235538$ & $0.00283045$ & $0.00253777$ & $0.00547717$ & $0.000973192$ & $-0.00682707$ & $0.00396208$ \\
CHQ3_11 & $-0.104202$ & $0.0138247$ & $-0.00413792$ & $-0.00202565$ & $-0.00724661$ & $0.0196996$ & $0.00301699$ & $-0.245982$ & $-0.239775$ & $0.325617$ & $0.12663$ & $0.153498$ & $-0.0605972$ & $0.258743$ & $-0.31562$ & $-0.305074$ & $0.368941$ & $0.590516$ & $0.586583$ & $-0.121101$ & $0.00174238$ & $0.00746686$ & $0.128797$ & $0.0760532$ & $1$ & $0.00841853$ & $0.52948$ & $0.00156606$ & $0.00108482$ & $-0.0210313$ & $-0.0103772$ & $0.00510478$ & $-0.0186152$ & $0.188507$ & $0.0122876$ & $0.00078427$ & $-0.00828927$ & $-0.00128213$ & $0.0121274$ & $-0.00156444$ & $-0.00704357$ & $0.0012884$ & $0.00711342$ & $-0.000439526$ & $-0.00193411$ & $-0.00397758$ & $0.00346842$ & $-0.00623017$ & $-0.00226566$ \\
CHu_11 & $-0.00945632$ & $0.00265194$ & $-0.00166587$ & $0.00806037$ & $0.00184127$ & $0.0135731$ & $0.00925633$ & $-0.0799574$ & $-0.0767408$ & $0.00933781$ & $0.080354$ & $0.0192734$ & $0.000583431$ & $-0.0101129$ & $0.0278832$ & $0.0259368$ & $0.0144262$ & $-0.00123584$ & $0.0035921$ & $-0.074509$ & $-0.0540032$ & $-0.056552$ & $-0.59116$ & $0.0534036$ & $0.00841853$ & $1$ & $0.146935$ & $-0.00165886$ & $-0.00120003$ & $-0.000969299$ & $0.000331574$ & $0.0077519$ & $0.00301683$ & $-0.05609$ & $0.00112033$ & $-0.000668242$ & $0.00489058$ & $-0.00492675$ & $-0.0020388$ & $0.00516191$ & $-0.00508039$ & $-0.00428436$ & $0.00303752$ & $0.00586241$ & $-0.00218098$ & $-0.00200064$ & $0.00910719$ & $-0.00353817$ & $0.000519336$ \\
CHd_11 & $-0.010752$ & $0.0187756$ & $0.000728261$ & $-0.00119791$ & $0.0107563$ & $-0.0428919$ & $0.00504734$ & $0.271048$ & $0.267299$ & $-0.142725$ & $-0.203377$ & $-0.133288$ & $0.0221904$ & $-0.118374$ & $-0.524202$ & $-0.507908$ & $-0.127961$ & $0.340311$ & $0.336705$ & $0.176873$ & $0.330168$ & $0.310885$ & $0.251698$ & $-0.237901$ & $0.52948$ & $0.146935$ & $1$ & $0.0271022$ & $-7.17983e-05$ & $0.00171701$ & $-0.00463004$ & $-0.00376443$ & $-0.0105198$ & $0.513293$ & $-0.0149924$ & $-0.0167293$ & $-0.0118279$ & $0.00458447$ & $0.00962492$ & $-0.00325931$ & $-0.00665377$ & $0.00417813$ & $0.0108428$ & $0.00158504$ & $0.00241924$ & $-0.00138226$ & $0.000259741$ & $-0.00811574$ & $-0.00841615$ \\
CHd_33 & $0.00908049$ & $0.00067871$ & $0.00343534$ & $0.00611237$ & $-0.000511768$ & $-0.00843859$ & $0.00401752$ & $0.0591034$ & $0.0595409$ & $-0.00523906$ & $-0.0611115$ & $-0.0215189$ & $0.00727872$ & $0.0107765$ & $-0.0368011$ & $-0.0255806$ & $-0.00462605$ & $0.0104405$ & $0.00548262$ & $0.0544082$ & $0.0434537$ & $0.0398253$ & $-4.81554e-05$ & $0.116304$ & $0.00156606$ & $-0.00165886$ & $0.0271022$ & $1$ & $0.00662969$ & $-0.00240363$ & $-0.007507$ & $0.00389422$ & $0.00254956$ & $0.0490741$ & $-0.0110338$ & $0.000841838$ & $0.0022076$ & $0.0040709$ & $-0.00396802$ & $-0.00317015$ & $-0.000700374$ & $0.000105145$ & $0.00599196$ & $0.000621789$ & $0.00526046$ & $-0.000571735$ & $-0.00684917$ & $-0.00208513$ & $0.00348349$ \\
CeH_22r & $-0.00341874$ & $0.00207144$ & $-0.000550005$ & $-8.61121e-05$ & $0.000389263$ & $-0.00562692$ & $0.0202804$ & $0.00187843$ & $0.00820595$ & $-0.00341421$ & $-0.00248377$ & $0.0189428$ & $0.00867161$ & $-0.00356392$ & $-0.000149586$ & $-0.000860067$ & $-0.00467483$ & $-0.00412032$ & $-0.000366673$ & $0.00386313$ & $-0.00282121$ & $0.000733102$ & $-5.04818e-05$ & $-0.00151468$ & $0.00108482$ & $-0.00120003$ & $-7.17983e-05$ & $0.00662969$ & $1$ & $0.0219545$ & $0.0170944$ & $0.00398422$ & $0.0287673$ & $-0.00161146$ & $-0.0361871$ & $-0.00721984$ & $-0.013471$ & $-0.0119438$ & $-0.00473105$ & $-0.00652864$ & $-0.00449364$ & $0.00392161$ & $0.00253482$ & $0.0151518$ & $0.00487014$ & $-0.00205624$ & $0.00242581$ & $-0.0012243$ & $0.00578059$ \\
CeH_33r & $0.00414549$ & $0.000539909$ & $0.00445366$ & $-0.00326537$ & $-0.000237523$ & $0.00448452$ & $-0.0546231$ & $0.00253927$ & $0.0305765$ & $-0.0700291$ & $0.0048923$ & $0.171316$ & $0.0720419$ & $-0.0370607$ & $-0.00158707$ & $0.00465095$ & $-0.0337141$ & $-0.0124686$ & $-0.020538$ & $-0.0200754$ & $-0.00627384$ & $-0.00169189$ & $0.00724305$ & $-0.0043917$ & $-0.0210313$ & $-0.000969299$ & $0.00171701$ & $-0.00240363$ & $0.0219545$ & $1$ & $0.251906$ & $0.0604254$ & $0.53469$ & $0.00041851$ & $-0.0611822$ & $-0.0334915$ & $-0.200957$ & $-0.0985674$ & $-0.0224464$ & $-0.00567278$ & $-0.0036393$ & $-0.00144775$ & $0.00274941$ & $0.00243774$ & $0.0859964$ & $-2.42746e-05$ & $-0.00263835$ & $0.000775575$ & $0.00250851$ \\
CuH_22r & $-0.00233969$ & $-0.00244524$ & $-0.00650058$ & $-0.000551185$ & $-0.000446174$ & $0.00501103$ & $-0.0389462$ & $-0.00149265$ & $0.0122477$ & $-0.0310089$ & $0.00739428$ & $0.0391005$ & $0.0386391$ & $-0.0291389$ & $0.00011275$ & $0.00566471$ & $-0.0227053$ & $-0.00480085$ & $-0.00932197$ & $-0.00149802$ & $-0.0107716$ & $-0.00267753$ & $-0.00345823$ & $-0.00577552$ & $-0.0103772$ & $0.000331574$ & $-0.00463004$ & $-0.007507$ & $0.0170944$ & $0.251906$ & $1$ & $0.0343483$ & $0.288282$ & $-0.00148087$ & $-0.0211317$ & $-0.0144864$ & $-0.106988$ & $-0.047831$ & $-0.0234122$ & $-0.000255707$ & $-0.00365677$ & $-0.00625358$ & $-0.00313719$ & $-5.89437e-05$ & $0.00968005$ & $0.0755758$ & $0.408226$ & $0.00304047$ & $0.00640191$ \\
CuH_33r & $0.000900093$ & $0.00122354$ & $0.00327642$ & $-0.00576316$ & $0.000231655$ & $0.00998033$ & $0.939253$ & $-0.0267715$ & $0.0264257$ & $0.0224771$ & $0.0175096$ & $0.0911786$ & $-0.088295$ & $0.0115623$ & $0.00493573$ & $0.00595663$ & $0.011941$ & $0.00314221$ & $0.00652743$ & $0.00198656$ & $-0.00106221$ & $-0.00114503$ & $-0.00199293$ & $0.0138013$ & $0.00510478$ & $0.0077519$ & $-0.00376443$ & $0.00389422$ & $0.00398422$ & $0.0604254$ & $0.0343483$ & $1$ & $0.0733717$ & $-0.0247716$ & $0.0659391$ & $0.0285532$ & $-0.0153716$ & $-0.010637$ & $-0.00276828$ & $-0.00250408$ & $0.00331518$ & $-0.00488107$ & $0.00116447$ & $-0.00607215$ & $0.00588147$ & $-0.00395023$ & $0.00826101$ & $0.00191117$ & $-0.00358973$ \\
CdH_33r & $0.000663824$ & $0.0144319$ & $-0.0132977$ & $0.00504584$ & $0.0011759$ & $0.00750845$ & $-0.0794928$ & $-0.017201$ & $0.0103057$ & $-0.0337643$ & $0.0178378$ & $0.239933$ & $0.107878$ & $-0.047052$ & $0.00309394$ & $0.0041846$ & $-0.0380449$ & $-0.0107795$ & $-0.0132806$ & $0.00196068$ & $-0.0114689$ & $-0.00206503$ & $-0.00526978$ & $0.000612321$ & $-0.0186152$ & $0.00301683$ & $-0.0105198$ & $0.00254956$ & $0.0287673$ & $0.53469$ & $0.288282$ & $0.0733717$ & $1$ & $-0.0167773$ & $-0.0537368$ & $-0.0274598$ & $-0.228755$ & $-0.110033$ & $-0.0305381$ & $-0.0140325$ & $-0.00510038$ & $0.000571317$ & $-0.00958691$ & $-0.000305387$ & $-0.00632033$ & $0.00222733$ & $0.00879808$ & $0.182985$ & $0.543347$ \\
CLL_1221 & $0.00448223$ & $0.117048$ & $0.00582829$ & $-0.00991662$ & $0.00665883$ & $-0.0989227$ & $-0.00959086$ & $0.612918$ & $0.596505$ & $-0.200275$ & $-0.463239$ & $-0.319146$ & $0.0356948$ & $-0.116409$ & $-0.591743$ & $-0.279053$ & $-0.180605$ & $0.541106$ & $0.0973383$ & $0.381896$ & $0.292728$ & $0.280551$ & $0.0938938$ & $-0.332947$ & $0.188507$ & $-0.05609$ & $0.513293$ & $0.0490741$ & $-0.00161146$ & $0.00041851$ & $-0.00148087$ & $-0.0247716$ & $-0.0167773$ & $1$ & $-0.0210982$ & $-0.0227993$ & $-0.00535542$ & $-0.000769441$ & $0.00374353$ & $-0.00390688$ & $-0.00294786$ & $0.00651814$ & $0.00222377$ & $0.000321009$ & $0.00637085$ & $-0.00103873$ & $0.000511199$ & $-0.00560961$ & $-0.000569738$ \\
eHggint & $-0.00921503$ & $-0.00155736$ & $0.0132156$ & $0.0119836$ & $-0.00641147$ & $0.00128586$ & $-0.0273575$ & $-0.0263823$ & $-0.0487953$ & $0.0399432$ & $0.0180317$ & $0.0987398$ & $-0.00629637$ & $0.0152907$ & $0.0113038$ & $0.00978512$ & $0.0217327$ & $0.00590192$ & $0.00338884$ & $-0.0106112$ & $-0.0124509$ & $-0.0096737$ & $-0.0011247$ & $0.0163026$ & $0.0122876$ & $0.00112033$ & $-0.0149924$ & $-0.0110338$ & $-0.0361871$ & $-0.0611822$ & $-0.0211317$ & $0.0659391$ & $-0.0537368$ & $-0.0210982$ & $1$ & $-0.0869536$ & $0.0228465$ & $0.0208205$ & $0.0276227$ & $0.0148568$ & $-0.00458106$ & $-0.0111567$ & $0.0041208$ & $-0.00988352$ & $0.00777907$ & $-0.0210348$ & $0.00147648$ & $0.00897344$ & $-0.0111227$ \\
eHggpar & $-0.00627096$ & $-0.0202614$ & $-0.00236509$ & $0.00592313$ & $-0.00636747$ & $0.0030625$ & $-0.0162407$ & $-0.0181956$ & $-0.0298122$ & $0.0270182$ & $0.011845$ & $0.0508726$ & $0.00457356$ & $0.0153528$ & $0.0115575$ & $0.00721207$ & $0.0173622$ & $0.000322419$ & $0.00420532$ & $-0.00655987$ & $-0.0125296$ & $-0.00922428$ & $-0.000309672$ & $0.00825644$ & $0.00078427$ & $-0.000668242$ & $-0.0167293$ & $0.000841838$ & $-0.00721984$ & $-0.0334915$ & $-0.0144864$ & $0.0285532$ & $-0.0274598$ & $-0.0227993$ & $-0.0869536$ & $1$ & $0.0222622$ & $0.00448726$ & $0.0324658$ & $0.021073$ & $0.0148445$ & $0.000355802$ & $-0.00552701$ & $0.00796506$ & $-0.0048956$ & $0.003905$ & $-0.00903206$ & $0.0197635$ & $-0.0190713$ \\
eHWWint & $0.000289675$ & $0.00591269$ & $0.00188747$ & $0.00432271$ & $-0.0110353$ & $-0.002341$ & $0.027994$ & $-0.000999239$ & $-0.0126756$ & $0.00191337$ & $0.000183336$ & $-0.0128244$ & $-0.00325761$ & $0.00439935$ & $0.00914087$ & $0.0102044$ & $-0.000490212$ & $-0.00794894$ & $-0.00542952$ & $-0.00475918$ & $0.000723591$ & $-0.0125652$ & $-0.00545688$ & $-0.00263602$ & $-0.00828927$ & $0.00489058$ & $-0.0118279$ & $0.0022076$ & $-0.013471$ & $-0.200957$ & $-0.106988$ & $-0.0153716$ & $-0.228755$ & $-0.00535542$ & $0.0228465$ & $0.0222622$ & $1$ & $-0.00725655$ & $-0.0015886$ & $0.00673045$ & $0.00328714$ & $0.0102987$ & $0.010218$ & $0.0147177$ & $-0.00238807$ & $-0.00526054$ & $-0.00279899$ & $-0.00566556$ & $-0.00680756$ \\
eHWWpar & $0.00419221$ & $0.00134186$ & $0.00048992$ & $-0.0052765$ & $-0.00515104$ & $0.00274396$ & $0.00846872$ & $0.00266645$ & $-0.00321708$ & $-0.0067309$ & $-0.00223116$ & $-0.0106898$ & $0.00305395$ & $-0.00643187$ & $0.00367315$ & $-0.00183195$ & $-0.00249651$ & $-0.00616755$ & $-0.00215831$ & $0.000119475$ & $-0.000997921$ & $0.00659518$ & $0.00766446$ & $-0.000748522$ & $-0.00128213$ & $-0.00492675$ & $0.00458447$ & $0.0040709$ & $-0.0119438$ & $-0.0985674$ & $-0.047831$ & $-0.010637$ & $-0.110033$ & $-0.000769441$ & $0.0208205$ & $0.00448726$ & $-0.00725655$ & $1$ & $0.00871773$ & $0.00646991$ & $-0.000487257$ & $-0.00336899$ & $0.00964$ & $0.00419283$ & $-0.00420943$ & $0.00135546$ & $-0.00279796$ & $-0.00048273$ & $-0.00310568$ \\
eHZZint & $-0.00686709$ & $-0.00700354$ & $-0.00697111$ & $0.0124881$ & $0.00739488$ & $-0.00145856$ & $-0.0168568$ & $0.000322745$ & $-0.00547076$ & $0.00295436$ & $-0.00116206$ & $-0.00966939$ & $0.00221904$ & $0.0112294$ & $-0.00929781$ & $-0.0113808$ & $0.00553668$ & $0.00899625$ & $0.0137507$ & $0.00022635$ & $0.000643508$ & $0.00439321$ & $0.00660417$ & $0.00182167$ & $0.0121274$ & $-0.0020388$ & $0.00962492$ & $-0.00396802$ & $-0.00473105$ & $-0.0224464$ & $-0.0234122$ & $-0.00276828$ & $-0.0305381$ & $0.00374353$ & $0.0276227$ & $0.0324658$ & $-0.0015886$ & $0.00871773$ & $1$ & $-0.0101763$ & $-0.00310143$ & $0.00192939$ & $0.00361503$ & $0.00235128$ & $-0.00695982$ & $0.00422064$ & $-0.0297555$ & $-0.00670249$ & $-0.00988799$ \\
eHZZpar & $0.00498102$ & $-0.00559496$ & $0.00645996$ & $0.00435827$ & $0.00415024$ & $0.000347807$ & $-0.00904044$ & $0.00573044$ & $0.00407432$ & $-0.000359822$ & $-0.00617614$ & $-0.00279342$ & $-0.00713513$ & $0.00773381$ & $0.00485376$ & $-0.00444687$ & $-0.00420505$ & $-0.00772832$ & $0.00497717$ & $0.00483812$ & $0.00650996$ & $0.00041179$ & $-0.00533532$ & $0.000388248$ & $-0.00156444$ & $0.00516191$ & $-0.00325931$ & $-0.00317015$ & $-0.00652864$ & $-0.00567278$ & $-0.000255707$ & $-0.00250408$ & $-0.0140325$ & $-0.00390688$ & $0.0148568$ & $0.021073$ & $0.00673045$ & $0.00646991$ & $-0.0101763$ & $1$ & $-0.000906045$ & $0.00182138$ & $-0.00192899$ & $0.00952402$ & $0.00817174$ & $-0.0107138$ & $0.00616352$ & $0.00301892$ & $-0.0042911$ \\
eHZgaint & $0.00929063$ & $-0.00814995$ & $0.00248768$ & $-0.0185388$ & $0.00607081$ & $-0.00460638$ & $0.000599513$ & $-0.00541834$ & $-0.00690376$ & $-0.0199314$ & $0.00971554$ & $0.00773306$ & $-0.000627399$ & $-0.0150374$ & $9.20231e-06$ & $-0.000472934$ & $-0.0118984$ & $0.000144348$ & $-0.00432493$ & $-0.00793613$ & $-0.00491837$ & $-0.00171179$ & $0.000358063$ & $0.00742897$ & $-0.00704357$ & $-0.00508039$ & $-0.00665377$ & $-0.000700374$ & $-0.00449364$ & $-0.0036393$ & $-0.00365677$ & $0.00331518$ & $-0.00510038$ & $-0.00294786$ & $-0.00458106$ & $0.0148445$ & $0.00328714$ & $-0.000487257$ & $-0.00310143$ & $-0.000906045$ & $1$ & $-0.00205128$ & $-0.00797147$ & $0.00368248$ & $-0.0120671$ & $0.00347273$ & $-0.00488211$ & $-0.0143957$ & $-0.00444702$ \\
eHZgapar & $0.00174245$ & $0.000428662$ & $-0.00429909$ & $0.0100826$ & $-0.000257611$ & $3.53352e-05$ & $-0.00220759$ & $0.0020362$ & $0.00412048$ & $-0.00412758$ & $-0.000791306$ & $0.0032165$ & $-0.00177483$ & $-0.00704227$ & $-0.00541266$ & $-0.001933$ & $-0.00995797$ & $0.00410738$ & $-0.0035628$ & $-0.00130859$ & $-0.000735696$ & $-0.00184052$ & $0.00200665$ & $0.00139105$ & $0.0012884$ & $-0.00428436$ & $0.00417813$ & $0.000105145$ & $0.00392161$ & $-0.00144775$ & $-0.00625358$ & $-0.00488107$ & $0.000571317$ & $0.00651814$ & $-0.0111567$ & $0.000355802$ & $0.0102987$ & $-0.00336899$ & $0.00192939$ & $0.00182138$ & $-0.00205128$ & $1$ & $0.00788254$ & $-0.000312792$ & $-0.00103179$ & $-0.00888145$ & $-0.0100562$ & $-0.00359195$ & $0.0027717$ \\
eHgagaint & $0.00928029$ & $-0.00196073$ & $-0.00854954$ & $0.0127162$ & $-0.000680753$ & $-0.00241322$ & $0.00114181$ & $-0.0026734$ & $0.0852013$ & $-0.00888757$ & $0.00502434$ & $-0.00506422$ & $0.000288583$ & $-0.00709179$ & $-0.00658098$ & $-0.00774964$ & $-0.00534229$ & $0.00493545$ & $0.00867142$ & $0.003582$ & $-0.00153045$ & $0.0043211$ & $0.00247092$ & $-0.00235538$ & $0.00711342$ & $0.00303752$ & $0.0108428$ & $0.00599196$ & $0.00253482$ & $0.00274941$ & $-0.00313719$ & $0.00116447$ & $-0.00958691$ & $0.00222377$ & $0.0041208$ & $-0.00552701$ & $0.010218$ & $0.00964$ & $0.00361503$ & $-0.00192899$ & $-0.00797147$ & $0.00788254$ & $1$ & $-0.000591664$ & $-0.00466455$ & $-0.0198149$ & $-0.00539791$ & $0.00395464$ & $-0.023554$ \\
eHmumuint & $-0.0133043$ & $0.00374583$ & $0.00464715$ & $-0.00873146$ & $-0.00432406$ & $-0.00395496$ & $-0.00496682$ & $0.00059373$ & $-0.000170433$ & $-0.00387773$ & $0.000225313$ & $0.000461437$ & $0.00280558$ & $-0.00171116$ & $-0.00172144$ & $0.00503039$ & $-0.00241272$ & $-0.000545473$ & $-0.00502183$ & $-0.000433847$ & $-0.000548408$ & $-0.00725594$ & $-0.0121083$ & $0.00283045$ & $-0.000439526$ & $0.00586241$ & $0.00158504$ & $0.000621789$ & $0.0151518$ & $0.00243774$ & $-5.89437e-05$ & $-0.00607215$ & $-0.000305387$ & $0.000321009$ & $-0.00988352$ & $0.00796506$ & $0.0147177$ & $0.00419283$ & $0.00235128$ & $0.00952402$ & $0.00368248$ & $-0.000312792$ & $-0.000591664$ & $1$ & $0.00990496$ & $0.0101484$ & $-0.00542002$ & $-0.00347786$ & $0.00109602$ \\
eHtautauint & $0.00184878$ & $0.0116441$ & $0.0035729$ & $0.000633553$ & $0.0120365$ & $-0.000532437$ & $0.00499242$ & $-0.00305933$ & $-0.00196178$ & $-0.000152787$ & $0.00667323$ & $0.00403168$ & $-0.00469067$ & $-0.00470388$ & $-0.00197959$ & $-0.00329899$ & $-0.00366186$ & $0.00546644$ & $-0.000224969$ & $-0.000439234$ & $-0.00940123$ & $-0.000351733$ & $0.00389356$ & $0.00253777$ & $-0.00193411$ & $-0.00218098$ & $0.00241924$ & $0.00526046$ & $0.00487014$ & $0.0859964$ & $0.00968005$ & $0.00588147$ & $-0.00632033$ & $0.00637085$ & $0.00777907$ & $-0.0048956$ & $-0.00238807$ & $-0.00420943$ & $-0.00695982$ & $0.00817174$ & $-0.0120671$ & $-0.00103179$ & $-0.00466455$ & $0.00990496$ & $1$ & $0.00605321$ & $0.00232908$ & $-0.00407518$ & $-0.0159678$ \\
eHccint & $0.000208782$ & $-0.00712401$ & $-0.00874546$ & $0.0255609$ & $0.00302822$ & $-0.000319855$ & $-0.00198753$ & $0.00220555$ & $0.0011447$ & $0.00189081$ & $-0.00157139$ & $0.00243039$ & $0.000237862$ & $0.00218286$ & $0.00123023$ & $0.00349387$ & $0.000611326$ & $0.000585159$ & $-0.00448253$ & $0.00334166$ & $-0.00284485$ & $0.000998978$ & $0.00531294$ & $0.00547717$ & $-0.00397758$ & $-0.00200064$ & $-0.00138226$ & $-0.000571735$ & $-0.00205624$ & $-2.42746e-05$ & $0.0755758$ & $-0.00395023$ & $0.00222733$ & $-0.00103873$ & $-0.0210348$ & $0.003905$ & $-0.00526054$ & $0.00135546$ & $0.00422064$ & $-0.0107138$ & $0.00347273$ & $-0.00888145$ & $-0.0198149$ & $0.0101484$ & $0.00605321$ & $1$ & $-0.0282481$ & $0.00179576$ & $0.00205284$ \\
eHccpar & $0.00101311$ & $-0.010585$ & $2.68862e-05$ & $-0.00651161$ & $0.000446676$ & $0.00788053$ & $0.00485187$ & $-0.000435698$ & $0.000418564$ & $-0.00120682$ & $0.000929786$ & $0.00389547$ & $0.004345$ & $-0.00463797$ & $-0.0013533$ & $0.00605644$ & $0.000438886$ & $0.00372624$ & $-0.00233272$ & $0.00398811$ & $-0.00749891$ & $-0.0049582$ & $-0.00819352$ & $0.000973192$ & $0.00346842$ & $0.00910719$ & $0.000259741$ & $-0.00684917$ & $0.00242581$ & $-0.00263835$ & $0.408226$ & $0.00826101$ & $0.00879808$ & $0.000511199$ & $0.00147648$ & $-0.00903206$ & $-0.00279899$ & $-0.00279796$ & $-0.0297555$ & $0.00616352$ & $-0.00488211$ & $-0.0100562$ & $-0.00539791$ & $-0.00542002$ & $0.00232908$ & $-0.0282481$ & $1$ & $-0.0013153$ & $0.0145405$ \\
eHbbint & $-0.0135579$ & $-0.0114127$ & $0.00291522$ & $0.0180981$ & $-0.00437319$ & $-0.000591034$ & $-0.000315668$ & $0.00515912$ & $0.00552004$ & $-0.00552537$ & $-0.00691684$ & $-0.000379056$ & $-0.00432371$ & $-0.00316159$ & $0.00424522$ & $0.00197531$ & $-0.00536334$ & $-0.00686666$ & $-0.00394579$ & $0.00845988$ & $0.00563489$ & $-0.00391717$ & $-0.00505759$ & $-0.00682707$ & $-0.00623017$ & $-0.00353817$ & $-0.00811574$ & $-0.00208513$ & $-0.0012243$ & $0.000775575$ & $0.00304047$ & $0.00191117$ & $0.182985$ & $-0.00560961$ & $0.00897344$ & $0.0197635$ & $-0.00566556$ & $-0.00048273$ & $-0.00670249$ & $0.00301892$ & $-0.0143957$ & $-0.00359195$ & $0.00395464$ & $-0.00347786$ & $-0.00407518$ & $0.00179576$ & $-0.0013153$ & $1$ & $0.00599086$ \\
eHbbpar & $0.00590903$ & $0.0119045$ & $-0.00940405$ & $0.00853787$ & $0.00822499$ & $0.00438377$ & $-0.010136$ & $-0.00585701$ & $-0.00843469$ & $0.00334694$ & $0.00614344$ & $-0.00479439$ & $-9.01458e-05$ & $0.00131248$ & $0.00382086$ & $-0.00260191$ & $0.00120629$ & $0.00257046$ & $0.00577218$ & $-0.00231446$ & $-0.00696556$ & $0.00804042$ & $-0.00568359$ & $0.00396208$ & $-0.00226566$ & $0.000519336$ & $-0.00841615$ & $0.00348349$ & $0.00578059$ & $0.00250851$ & $0.00640191$ & $-0.00358973$ & $0.543347$ & $-0.000569738$ & $-0.0111227$ & $-0.0190713$ & $-0.00680756$ & $-0.00310568$ & $-0.00988799$ & $-0.0042911$ & $-0.00444702$ & $0.0027717$ & $-0.023554$ & $0.00109602$ & $-0.0159678$ & $0.00205284$ & $0.0145405$ & $0.00599086$ & $1$ \\
