 & AlsMz & dAle5Mz & mtop & mHl & Mz & CW & CHG & CHWB & CHWHB_gaga & CHWHB_gagaorth & CHD & CHbox & CH & CHL1_11 & CHL1_22 & CHL1_33 & CHL3_11 & CHL3_22 & CHL3_33 & CHe_11 & CHe_22 & CHe_33 & CHQ1_11 & CHQ1_33 & CHQ3_11 & CHu_11 & CHd_11 & CHd_33 & CeH_22r & CeH_33r & CuH_22r & CuH_33r & CdH_33r & CLL_1221 & eHggint & eHggpar & eHWWint & eHWWpar & eHZZint & eHZZpar & eHZgaint & eHZgapar & eHgagaint & eHmumuint & eHtautauint & eHccint & eHccpar & eHbbint & eHbbpar \\
AlsMz & $1$ & $0.00866543$ & $-0.106992$ & $-0.558$ & $0.0308631$ & $0.342937$ & $0.0839062$ & $0.349247$ & $0.374789$ & $0.247519$ & $-0.174492$ & $-0.592705$ & $0.634395$ & $-0.0776546$ & $-0.358539$ & $-0.17674$ & $-0.426594$ & $0.0351127$ & $-0.261365$ & $0.103819$ & $0.250816$ & $0.305655$ & $-0.508219$ & $-0.507567$ & $-0.589181$ & $0.324297$ & $-0.223265$ & $0.306974$ & $-0.534579$ & $0.0609559$ & $-0.0313339$ & $0.172352$ & $0.179608$ & $0.654495$ & $0.202614$ & $0.352993$ & $0.250276$ & $0.0768437$ & $-0.532476$ & $0.197762$ & $0.0898441$ & $-0.271385$ & $0.323146$ & $-0.0944794$ & $-0.0550933$ & $0.375078$ & $-0.56289$ & $0.17147$ & $-0.0465418$ \\
dAle5Mz & $0.00866543$ & $1$ & $-0.729837$ & $-0.133141$ & $-0.0121564$ & $0.536472$ & $0.137542$ & $-0.478132$ & $-0.453251$ & $0.247091$ & $0.335211$ & $-0.236705$ & $0.141719$ & $0.544639$ & $-0.682322$ & $-0.361539$ & $0.198599$ & $0.830664$ & $0.453295$ & $-0.361099$ & $-0.254115$ & $-0.242113$ & $0.371071$ & $0.184648$ & $0.367478$ & $-0.384914$ & $-0.0560901$ & $-0.410886$ & $-0.0553281$ & $-0.334545$ & $-0.448242$ & $0.116595$ & $-0.243059$ & $0.489406$ & $-0.129108$ & $0.225498$ & $0.300263$ & $0.116334$ & $-0.527089$ & $-0.34471$ & $-0.283606$ & $-0.0306444$ & $0.587707$ & $0.145955$ & $-0.513665$ & $-0.255012$ & $0.0260743$ & $0.188564$ & $-0.265158$ \\
mtop & $-0.106992$ & $-0.729837$ & $1$ & $-0.16073$ & $0.0731758$ & $-0.473576$ & $-0.55692$ & $0.442064$ & $0.402718$ & $-0.177986$ & $-0.472101$ & $0.119648$ & $-0.0444692$ & $-0.231405$ & $0.769063$ & $0.540085$ & $0.106398$ & $-0.678641$ & $-0.245674$ & $0.517915$ & $0.37986$ & $0.383168$ & $-0.271312$ & $-0.093302$ & $-0.0981147$ & $0.260455$ & $-0.114554$ & $0.317238$ & $0.192967$ & $0.476078$ & $0.736814$ & $-0.521958$ & $0.471971$ & $-0.595047$ & $-0.397275$ & $-0.00786472$ & $-0.0139705$ & $-0.00840403$ & $0.510748$ & $0.255693$ & $-0.0391427$ & $-0.174062$ & $-0.297344$ & $0.129827$ & $0.121005$ & $0.259496$ & $-0.130031$ & $0.178683$ & $0.338165$ \\
mHl & $-0.558$ & $-0.133141$ & $-0.16073$ & $1$ & $-0.0368147$ & $-0.487862$ & $0.340249$ & $-0.366675$ & $-0.372724$ & $0.0332914$ & $0.323346$ & $0.610659$ & $-0.543953$ & $-0.144995$ & $0.111939$ & $-0.0213672$ & $0.208663$ & $0.00661851$ & $0.139958$ & $-0.290428$ & $-0.371011$ & $-0.408677$ & $0.295476$ & $0.476453$ & $0.316544$ & $-0.154391$ & $0.0143861$ & $0.158254$ & $0.272508$ & $0.00356829$ & $-0.430953$ & $0.295365$ & $-0.338081$ & $-0.371027$ & $0.224188$ & $-0.502241$ & $-0.373632$ & $-0.348873$ & $0.608755$ & $-0.223059$ & $0.309945$ & $0.47223$ & $-0.62631$ & $-0.354734$ & $0.525888$ & $-0.516956$ & $0.771589$ & $-0.460541$ & $-0.4313$ \\
Mz & $0.0308631$ & $-0.0121564$ & $0.0731758$ & $-0.0368147$ & $1$ & $-0.0286979$ & $-0.0498804$ & $0.0189073$ & $0.00811998$ & $0.0371844$ & $-0.0463394$ & $0.0277496$ & $-0.0199515$ & $0.0640187$ & $0.0398219$ & $0.0605837$ & $0.0602092$ & $0.00922579$ & $0.0220252$ & $0.0583379$ & $0.0501234$ & $0.0465001$ & $0.00722597$ & $0.0307785$ & $0.0367087$ & $-0.0188914$ & $-0.0180001$ & $0.0283889$ & $0.0423613$ & $0.0257716$ & $0.0621871$ & $-0.0484583$ & $0.0246446$ & $-0.0326823$ & $-0.0764164$ & $0.0309072$ & $0.0122589$ & $-0.0284707$ & $0.0333737$ & $-0.0200302$ & $0.00355059$ & $-0.0458623$ & $0.00399158$ & $-0.0180137$ & $0.0111551$ & $-0.0197897$ & $-0.0107795$ & $0.047642$ & $-0.0146439$ \\
CW & $0.342937$ & $0.536472$ & $-0.473576$ & $-0.487862$ & $-0.0286979$ & $1$ & $0.295618$ & $0.136506$ & $0.164586$ & $0.0921999$ & $-0.0275291$ & $-0.364852$ & $0.309895$ & $0.271635$ & $-0.494551$ & $-0.321726$ & $-0.403445$ & $0.26677$ & $-0.0640146$ & $-0.0333802$ & $0.120764$ & $0.128488$ & $-0.0887802$ & $-0.471922$ & $-0.302767$ & $-0.121884$ & $-0.0627582$ & $-0.409634$ & $-0.415464$ & $-0.343272$ & $-0.156464$ & $0.321674$ & $-0.158096$ & $0.618799$ & $0.0980593$ & $0.531089$ & $0.521853$ & $0.230802$ & $-0.799072$ & $0.0995363$ & $-0.492913$ & $-0.196961$ & $0.436386$ & $0.378055$ & $-0.643934$ & $0.331258$ & $-0.533981$ & $0.356519$ & $-0.065465$ \\
CHG & $0.0839062$ & $0.137542$ & $-0.55692$ & $0.340249$ & $-0.0498804$ & $0.295618$ & $1$ & $0.119084$ & $0.14864$ & $-0.154518$ & $-0.0209254$ & $0.185731$ & $-0.267009$ & $0.0532759$ & $-0.255412$ & $-0.389442$ & $-0.259607$ & $0.069031$ & $0.00047685$ & $-0.029173$ & $0.0856218$ & $0.0536469$ & $0.0223071$ & $-0.232167$ & $-0.249011$ & $-0.195043$ & $0.153908$ & $-0.264771$ & $-0.250901$ & $-0.546872$ & $-0.44887$ & $0.965524$ & $-0.634635$ & $0.350132$ & $0.590331$ & $0.165576$ & $0.0538127$ & $-0.116801$ & $-0.357803$ & $0.128061$ & $0.0202912$ & $0.34889$ & $-0.300459$ & $-0.116351$ & $0.0859285$ & $-0.0390479$ & $-0.0740801$ & $-0.208702$ & $-0.342578$ \\
CHWB & $0.349247$ & $-0.478132$ & $0.442064$ & $-0.366675$ & $0.0189073$ & $0.136506$ & $0.119084$ & $1$ & $0.984876$ & $-0.285477$ & $-0.884297$ & $-0.259204$ & $0.258211$ & $-0.0284884$ & $0.510471$ & $0.21309$ & $-0.399596$ & $-0.727365$ & $-0.429032$ & $0.850267$ & $0.888055$ & $0.866483$ & $-0.510646$ & $-0.739486$ & $-0.723351$ & $0.0690284$ & $-0.23242$ & $0.0760126$ & $-0.409644$ & $0.131273$ & $0.500694$ & $0.202137$ & $0.198705$ & $0.0320844$ & $-0.0857222$ & $0.616137$ & $0.504553$ & $-0.0178414$ & $-0.202278$ & $0.468101$ & $-0.38089$ & $-0.120231$ & $-0.293507$ & $0.449408$ & $-0.141857$ & $0.414995$ & $-0.711164$ & $0.493155$ & $0.0729013$ \\
CHWHB_gaga & $0.374789$ & $-0.453251$ & $0.402718$ & $-0.372724$ & $0.00811998$ & $0.164586$ & $0.14864$ & $0.984876$ & $1$ & $-0.285532$ & $-0.854955$ & $-0.29736$ & $0.2957$ & $-0.0353689$ & $0.456282$ & $0.16138$ & $-0.428544$ & $-0.697379$ & $-0.425397$ & $0.816098$ & $0.86667$ & $0.846572$ & $-0.51769$ & $-0.758284$ & $-0.74096$ & $0.0797637$ & $-0.206579$ & $0.0629068$ & $-0.44848$ & $0.128533$ & $0.468871$ & $0.230775$ & $0.217781$ & $0.0840685$ & $-0.0747161$ & $0.618207$ & $0.494271$ & $0.0120751$ & $-0.236477$ & $0.468319$ & $-0.36638$ & $-0.117315$ & $-0.249534$ & $0.462524$ & $-0.143879$ & $0.413197$ & $-0.73147$ & $0.482261$ & $0.0958212$ \\
CHWHB_gagaorth & $0.247519$ & $0.247091$ & $-0.177986$ & $0.0332914$ & $0.0371844$ & $0.0921999$ & $-0.154518$ & $-0.285477$ & $-0.285532$ & $1$ & $0.320611$ & $-0.0129336$ & $0.261837$ & $-0.00387802$ & $-0.318309$ & $0.0405435$ & $-0.057241$ & $0.272752$ & $-0.0568926$ & $-0.335747$ & $-0.313461$ & $-0.271414$ & $-0.196109$ & $0.12366$ & $0.0383634$ & $0.211753$ & $-0.530307$ & $0.330595$ & $-0.125414$ & $0.0910227$ & $-0.299434$ & $-0.105424$ & $0.00768899$ & $0.186538$ & $-0.124511$ & $-0.0783546$ & $0.279612$ & $-0.115513$ & $0.0487912$ & $-0.203293$ & $-0.127259$ & $-0.108525$ & $0.0460395$ & $-0.107159$ & $-0.0855838$ & $-0.00857726$ & $0.252093$ & $0.136994$ & $-0.505967$ \\
CHD & $-0.174492$ & $0.335211$ & $-0.472101$ & $0.323346$ & $-0.0463394$ & $-0.0275291$ & $-0.0209254$ & $-0.884297$ & $-0.854955$ & $0.320611$ & $1$ & $0.144156$ & $-0.0854905$ & $-0.32598$ & $-0.639455$ & $-0.249822$ & $-0.0465813$ & $0.534779$ & $0.0416073$ & $-0.989171$ & $-0.986618$ & $-0.957611$ & $0.229023$ & $0.429124$ & $0.338425$ & $0.235808$ & $0.238042$ & $-0.0534259$ & $0.21536$ & $-0.186335$ & $-0.570898$ & $-0.0888578$ & $-0.177497$ & $0.177707$ & $0.304454$ & $-0.697907$ & $-0.516019$ & $0.0821747$ & $0.0946452$ & $-0.365534$ & $0.389458$ & $0.0699637$ & $0.30352$ & $-0.435848$ & $0.144667$ & $-0.115151$ & $0.582834$ & $-0.610218$ & $-0.00128549$ \\
CHbox & $-0.592705$ & $-0.236705$ & $0.119648$ & $0.610659$ & $0.0277496$ & $-0.364852$ & $0.185731$ & $-0.259204$ & $-0.29736$ & $-0.0129336$ & $0.144156$ & $1$ & $-0.935123$ & $-0.0898626$ & $0.376124$ & $0.316845$ & $0.33647$ & $-0.134306$ & $0.0723568$ & $-0.0770838$ & $-0.227766$ & $-0.258723$ & $0.357236$ & $0.490448$ & $0.417797$ & $-0.174069$ & $0.139877$ & $-0.0183944$ & $0.601916$ & $-0.263445$ & $0.0214111$ & $0.0759699$ & $-0.534576$ & $-0.601899$ & $0.273809$ & $-0.392569$ & $-0.335375$ & $-0.355794$ & $0.473488$ & $-0.00574465$ & $0.165742$ & $0.305267$ & $-0.608726$ & $-0.4459$ & $0.257699$ & $-0.149455$ & $0.614423$ & $-0.390802$ & $-0.292357$ \\
CH & $0.634395$ & $0.141719$ & $-0.0444692$ & $-0.543953$ & $-0.0199515$ & $0.309895$ & $-0.267009$ & $0.258211$ & $0.2957$ & $0.261837$ & $-0.0854905$ & $-0.935123$ & $1$ & $-0.0408094$ & $-0.359265$ & $-0.239641$ & $-0.437407$ & $0.0494297$ & $-0.206507$ & $0.0218231$ & $0.156776$ & $0.195973$ & $-0.49262$ & $-0.508078$ & $-0.496726$ & $0.31753$ & $-0.306538$ & $0.186718$ & $-0.656199$ & $0.38506$ & $-0.0452759$ & $-0.129616$ & $0.624656$ & $0.574418$ & $-0.309768$ & $0.324024$ & $0.386114$ & $0.304449$ & $-0.353679$ & $-0.00254941$ & $-0.18494$ & $-0.337448$ & $0.515155$ & $0.438837$ & $-0.216033$ & $0.194196$ & $-0.538447$ & $0.414432$ & $0.179957$ \\
CHL1_11 & $-0.0776546$ & $0.544639$ & $-0.231405$ & $-0.144995$ & $0.0640187$ & $0.271635$ & $0.0532759$ & $-0.0284884$ & $-0.0353689$ & $-0.00387802$ & $-0.32598$ & $-0.0898626$ & $-0.0408094$ & $1$ & $-0.0568245$ & $-0.179629$ & $0.477735$ & $0.494179$ & $0.689175$ & $0.315102$ & $0.359043$ & $0.347396$ & $0.383932$ & $0.199945$ & $0.455499$ & $-0.626659$ & $-0.115805$ & $-0.256175$ & $-0.0110618$ & $-0.0250543$ & $-0.0312161$ & $0.0711378$ & $-0.0522955$ & $0.00766093$ & $-0.420364$ & $0.516412$ & $0.392147$ & $0.0320434$ & $-0.256923$ & $-0.160372$ & $-0.300748$ & $-0.00375502$ & $0.182813$ & $0.298413$ & $-0.314686$ & $-0.464433$ & $-0.128841$ & $0.494362$ & $-0.222556$ \\
CHL1_22 & $-0.358539$ & $-0.682322$ & $0.769063$ & $0.111939$ & $0.0398219$ & $-0.494551$ & $-0.255412$ & $0.510471$ & $0.456282$ & $-0.318309$ & $-0.639455$ & $0.376124$ & $-0.359265$ & $-0.0568245$ & $1$ & $0.557391$ & $0.264041$ & $-0.765238$ & $-0.0984326$ & $0.702531$ & $0.529114$ & $0.4918$ & $-0.0225119$ & $0.0589044$ & $0.02178$ & $-0.110727$ & $-0.0862501$ & $0.202204$ & $0.285079$ & $0.281152$ & $0.631346$ & $-0.26191$ & $0.127235$ & $-0.830202$ & $-0.240011$ & $0.0686734$ & $0.0229981$ & $-0.226351$ & $0.544722$ & $0.283143$ & $-0.108328$ & $0.0543642$ & $-0.630391$ & $0.114976$ & $0.205787$ & $0.0165804$ & $0.00777391$ & $0.178203$ & $0.075872$ \\
CHL1_33 & $-0.17674$ & $-0.361539$ & $0.540085$ & $-0.0213672$ & $0.0605837$ & $-0.321726$ & $-0.389442$ & $0.21309$ & $0.16138$ & $0.0405435$ & $-0.249822$ & $0.316845$ & $-0.239641$ & $-0.179629$ & $0.557391$ & $1$ & $0.0806023$ & $-0.431571$ & $-0.49056$ & $0.321236$ & $0.133641$ & $0.150603$ & $-0.209233$ & $0.0643414$ & $0.0391626$ & $0.295152$ & $-0.27313$ & $0.164597$ & $0.382338$ & $-0.0280498$ & $0.457132$ & $-0.44163$ & $-0.0447949$ & $-0.483576$ & $-0.139185$ & $-0.160409$ & $0.0740768$ & $-0.137372$ & $0.29385$ & $0.139321$ & $-0.182795$ & $-0.160959$ & $-0.273472$ & $-0.0572294$ & $-0.140867$ & $0.364654$ & $0.145913$ & $0.0511488$ & $-0.0541179$ \\
CHL3_11 & $-0.426594$ & $0.198599$ & $0.106398$ & $0.208663$ & $0.0602092$ & $-0.403445$ & $-0.259607$ & $-0.399596$ & $-0.428544$ & $-0.057241$ & $-0.0465813$ & $0.33647$ & $-0.437407$ & $0.477735$ & $0.264041$ & $0.0806023$ & $1$ & $0.384925$ & $0.77528$ & $0.10357$ & $0.00145581$ & $-0.00877028$ & $0.618016$ & $0.783329$ & $0.857564$ & $-0.534341$ & $0.0802092$ & $0.0458249$ & $0.522715$ & $0.143482$ & $0.124165$ & $-0.310465$ & $-0.045723$ & $-0.490705$ & $-0.36186$ & $-0.0635303$ & $-0.203012$ & $-0.16769$ & $0.394381$ & $-0.252702$ & $0.169372$ & $0.159901$ & $-0.0512248$ & $-0.223412$ & $0.156431$ & $-0.629688$ & $0.448027$ & $0.0263285$ & $-0.0873906$ \\
CHL3_22 & $0.0351127$ & $0.830664$ & $-0.678641$ & $0.00661851$ & $0.00922579$ & $0.26677$ & $0.069031$ & $-0.727365$ & $-0.697379$ & $0.272752$ & $0.534779$ & $-0.134306$ & $0.0494297$ & $0.494179$ & $-0.765238$ & $-0.431571$ & $0.384925$ & $1$ & $0.611375$ & $-0.550619$ & $-0.463799$ & $-0.436055$ & $0.439467$ & $0.444025$ & $0.569915$ & $-0.283436$ & $0.0964604$ & $-0.215728$ & $0.0678856$ & $-0.200858$ & $-0.517477$ & $0.0414702$ & $-0.168449$ & $0.442297$ & $-0.0560296$ & $-0.0534977$ & $-0.0779123$ & $0.120241$ & $-0.304611$ & $-0.437217$ & $0.131698$ & $0.0244744$ & $0.574347$ & $-0.182179$ & $-0.17144$ & $-0.432804$ & $0.260653$ & $-0.0799442$ & $-0.163133$ \\
CHL3_33 & $-0.261365$ & $0.453295$ & $-0.245674$ & $0.139958$ & $0.0220252$ & $-0.0640146$ & $0.00047685$ & $-0.429032$ & $-0.425397$ & $-0.0568926$ & $0.0416073$ & $0.0723568$ & $-0.206507$ & $0.689175$ & $-0.0984326$ & $-0.49056$ & $0.77528$ & $0.611375$ & $1$ & $-0.0312669$ & $-0.0102938$ & $-0.010721$ & $0.653145$ & $0.595126$ & $0.729381$ & $-0.67851$ & $0.174486$ & $-0.112685$ & $0.188918$ & $0.130133$ & $-0.168021$ & $-0.00533454$ & $-0.00822491$ & $-0.149807$ & $-0.310235$ & $0.13825$ & $-0.101471$ & $-0.043341$ & $0.0959354$ & $-0.301745$ & $0.15223$ & $0.185548$ & $0.140857$ & $-0.0481678$ & $0.121677$ & $-0.769122$ & $0.235721$ & $0.106567$ & $-0.0854717$ \\
CHe_11 & $0.103819$ & $-0.361099$ & $0.517915$ & $-0.290428$ & $0.0583379$ & $-0.0333802$ & $-0.029173$ & $0.850267$ & $0.816098$ & $-0.335747$ & $-0.989171$ & $-0.0770838$ & $0.0218231$ & $0.315102$ & $0.702531$ & $0.321236$ & $0.10357$ & $-0.550619$ & $-0.0312669$ & $1$ & $0.963255$ & $0.931962$ & $-0.187193$ & $-0.357228$ & $-0.268142$ & $-0.244968$ & $-0.227925$ & $0.0605836$ & $-0.138913$ & $0.191715$ & $0.603917$ & $0.0277585$ & $0.16774$ & $-0.272482$ & $-0.320578$ & $0.646931$ & $0.475148$ & $-0.102106$ & $-0.0281809$ & $0.355919$ & $-0.374456$ & $-0.066638$ & $-0.335195$ & $0.407794$ & $-0.123742$ & $0.0972492$ & $-0.519307$ & $0.586296$ & $0.00833701$ \\
CHe_22 & $0.250816$ & $-0.254115$ & $0.37986$ & $-0.371011$ & $0.0501234$ & $0.120764$ & $0.0856218$ & $0.888055$ & $0.86667$ & $-0.313461$ & $-0.986618$ & $-0.227766$ & $0.156776$ & $0.359043$ & $0.529114$ & $0.133641$ & $0.00145581$ & $-0.463799$ & $-0.0102938$ & $0.963255$ & $1$ & $0.969084$ & $-0.237908$ & $-0.489125$ & $-0.385845$ & $-0.257347$ & $-0.227751$ & $0.0154217$ & $-0.299617$ & $0.160106$ & $0.513776$ & $0.163321$ & $0.176712$ & $-0.0480427$ & $-0.284261$ & $0.763642$ & $0.55683$ & $-0.0466402$ & $-0.19908$ & $0.355477$ & $-0.404131$ & $-0.0735657$ & $-0.228884$ & $0.464955$ & $-0.179874$ & $0.112961$ & $-0.652308$ & $0.637194$ & $-0.000990091$ \\
CHe_33 & $0.305655$ & $-0.242113$ & $0.383168$ & $-0.408677$ & $0.0465001$ & $0.128488$ & $0.0536469$ & $0.866483$ & $0.846572$ & $-0.271414$ & $-0.957611$ & $-0.258723$ & $0.195973$ & $0.347396$ & $0.4918$ & $0.150603$ & $-0.00877028$ & $-0.436055$ & $-0.010721$ & $0.931962$ & $0.969084$ & $1$ & $-0.274235$ & $-0.494363$ & $-0.389673$ & $-0.205155$ & $-0.242188$ & $0.0413503$ & $-0.299149$ & $0.17734$ & $0.505101$ & $0.134727$ & $0.198429$ & $-0.0138998$ & $-0.301718$ & $0.761309$ & $0.556404$ & $-0.0419329$ & $-0.21554$ & $0.358947$ & $-0.382192$ & $-0.101367$ & $-0.184273$ & $0.446189$ & $-0.188239$ & $0.137$ & $-0.663149$ & $0.630861$ & $0.00280546$ \\
CHQ1_11 & $-0.508219$ & $0.371071$ & $-0.271312$ & $0.295476$ & $0.00722597$ & $-0.0887802$ & $0.0223071$ & $-0.510646$ & $-0.51769$ & $-0.196109$ & $0.229023$ & $0.357236$ & $-0.49262$ & $0.383932$ & $-0.0225119$ & $-0.209233$ & $0.618016$ & $0.439467$ & $0.653145$ & $-0.187193$ & $-0.237908$ & $-0.274235$ & $1$ & $0.618775$ & $0.699306$ & $-0.771309$ & $0.454147$ & $-0.343357$ & $0.408819$ & $-0.108853$ & $-0.0479593$ & $-0.0472175$ & $-0.236146$ & $-0.290408$ & $0.0106977$ & $-0.102858$ & $-0.284337$ & $-0.0947375$ & $0.0957882$ & $-0.18608$ & $0.193514$ & $0.308413$ & $0.0639896$ & $-0.168856$ & $0.0823498$ & $-0.600272$ & $0.368096$ & $-0.180539$ & $-0.0365661$ \\
CHQ1_33 & $-0.507567$ & $0.184648$ & $-0.093302$ & $0.476453$ & $0.0307785$ & $-0.471922$ & $-0.232167$ & $-0.739486$ & $-0.758284$ & $0.12366$ & $0.429124$ & $0.490448$ & $-0.508078$ & $0.199945$ & $0.0589044$ & $0.0643414$ & $0.783329$ & $0.444025$ & $0.595126$ & $-0.357228$ & $-0.489125$ & $-0.494363$ & $0.618775$ & $1$ & $0.862203$ & $-0.327457$ & $0.121579$ & $0.153944$ & $0.577902$ & $0.0785683$ & $-0.179903$ & $-0.309231$ & $-0.155401$ & $-0.506382$ & $-0.0959483$ & $-0.481493$ & $-0.474732$ & $-0.203633$ & $0.525678$ & $-0.373225$ & $0.379423$ & $0.21128$ & $-0.0921512$ & $-0.467189$ & $0.333984$ & $-0.644439$ & $0.774952$ & $-0.315424$ & $-0.178338$ \\
CHQ3_11 & $-0.589181$ & $0.367478$ & $-0.0981147$ & $0.316544$ & $0.0367087$ & $-0.302767$ & $-0.249011$ & $-0.723351$ & $-0.74096$ & $0.0383634$ & $0.338425$ & $0.417797$ & $-0.496726$ & $0.455499$ & $0.02178$ & $0.0391626$ & $0.857564$ & $0.569915$ & $0.729381$ & $-0.268142$ & $-0.385845$ & $-0.389673$ & $0.699306$ & $0.862203$ & $1$ & $-0.45158$ & $0.2013$ & $-0.118691$ & $0.608262$ & $-0.00843011$ & $-0.0974425$ & $-0.335111$ & $-0.148253$ & $-0.465149$ & $-0.266019$ & $-0.31304$ & $-0.337915$ & $-0.0713226$ & $0.364741$ & $-0.373843$ & $0.204618$ & $0.158813$ & $0.0814645$ & $-0.25541$ & $0.0891976$ & $-0.614045$ & $0.628547$ & $-0.168153$ & $-0.060584$ \\
CHu_11 & $0.324297$ & $-0.384914$ & $0.260455$ & $-0.154391$ & $-0.0188914$ & $-0.121884$ & $-0.195043$ & $0.0690284$ & $0.0797637$ & $0.211753$ & $0.235808$ & $-0.174069$ & $0.31753$ & $-0.626659$ & $-0.110727$ & $0.295152$ & $-0.534341$ & $-0.283436$ & $-0.67851$ & $-0.244968$ & $-0.257347$ & $-0.205155$ & $-0.771309$ & $-0.327457$ & $-0.45158$ & $1$ & $-0.138267$ & $0.30637$ & $-0.0632958$ & $0.0145888$ & $-0.0346226$ & $-0.194176$ & $0.183027$ & $0.174832$ & $0.136394$ & $-0.386299$ & $-0.170982$ & $0.139636$ & $0.0747381$ & $0.067058$ & $0.160957$ & $-0.307042$ & $0.0842399$ & $-0.166661$ & $0.0634274$ & $0.615836$ & $-0.0222004$ & $-0.268136$ & $0.234641$ \\
CHd_11 & $-0.223265$ & $-0.0560901$ & $-0.114554$ & $0.0143861$ & $-0.0180001$ & $-0.0627582$ & $0.153908$ & $-0.23242$ & $-0.206579$ & $-0.530307$ & $0.238042$ & $0.139877$ & $-0.306538$ & $-0.115805$ & $-0.0862501$ & $-0.27313$ & $0.0802092$ & $0.0964604$ & $0.174486$ & $-0.227925$ & $-0.227751$ & $-0.242188$ & $0.454147$ & $0.121579$ & $0.2013$ & $-0.138267$ & $1$ & $-0.463928$ & $0.289844$ & $-0.249939$ & $0.0914487$ & $0.0753251$ & $-0.0884836$ & $-0.0454785$ & $0.336301$ & $-0.255502$ & $-0.634679$ & $0.218088$ & $-0.0982119$ & $0.125014$ & $0.537548$ & $0.213787$ & $0.247328$ & $-0.202772$ & $0.205372$ & $-0.0618767$ & $-0.0257551$ & $-0.517329$ & $0.619375$ \\
CHd_33 & $0.306974$ & $-0.410886$ & $0.317238$ & $0.158254$ & $0.0283889$ & $-0.409634$ & $-0.264771$ & $0.0760126$ & $0.0629068$ & $0.330595$ & $-0.0534259$ & $-0.0183944$ & $0.186718$ & $-0.256175$ & $0.202204$ & $0.164597$ & $0.0458249$ & $-0.215728$ & $-0.112685$ & $0.0605836$ & $0.0154217$ & $0.0413503$ & $-0.343357$ & $0.153944$ & $-0.118691$ & $0.30637$ & $-0.463928$ & $1$ & $-0.0774094$ & $0.473778$ & $-0.0191444$ & $-0.19955$ & $0.283589$ & $-0.157992$ & $-0.101656$ & $-0.150466$ & $-0.100304$ & $-0.298419$ & $0.477286$ & $-0.0690547$ & $0.281245$ & $-0.0702804$ & $-0.29427$ & $-0.299211$ & $0.437874$ & $-0.0864661$ & $0.236524$ & $-0.0303483$ & $-0.270764$ \\
CeH_22r & $-0.534579$ & $-0.0553281$ & $0.192967$ & $0.272508$ & $0.0423613$ & $-0.415464$ & $-0.250901$ & $-0.409644$ & $-0.44848$ & $-0.125414$ & $0.21536$ & $0.601916$ & $-0.656199$ & $-0.0110618$ & $0.285079$ & $0.382338$ & $0.522715$ & $0.0678856$ & $0.188918$ & $-0.138913$ & $-0.299617$ & $-0.299149$ & $0.408819$ & $0.577902$ & $0.608262$ & $-0.0632958$ & $0.289844$ & $-0.0774094$ & $1$ & $-0.221297$ & $0.123317$ & $-0.394285$ & $-0.335093$ & $-0.560735$ & $0.0269609$ & $-0.468461$ & $-0.440767$ & $-0.163716$ & $0.40799$ & $-0.160022$ & $0.259065$ & $0.0844603$ & $-0.12362$ & $-0.47692$ & $0.10709$ & $-0.106827$ & $0.568031$ & $-0.414856$ & $0.034619$ \\
CeH_33r & $0.0609559$ & $-0.334545$ & $0.476078$ & $0.00356829$ & $0.0257716$ & $-0.343272$ & $-0.546872$ & $0.131273$ & $0.128533$ & $0.0910227$ & $-0.186335$ & $-0.263445$ & $0.38506$ & $-0.0250543$ & $0.281152$ & $-0.0280498$ & $0.143482$ & $-0.200858$ & $0.130133$ & $0.191715$ & $0.160106$ & $0.17734$ & $-0.108853$ & $0.0785683$ & $-0.00843011$ & $0.0145888$ & $-0.249939$ & $0.473778$ & $-0.221297$ & $1$ & $0.236184$ & $-0.40308$ & $0.794231$ & $-0.239628$ & $-0.525901$ & $0.0621259$ & $0.0397363$ & $0.00120326$ & $0.438058$ & $-0.0319573$ & $0.0765273$ & $-0.0991104$ & $-0.0890406$ & $0.249276$ & $0.253356$ & $-0.313857$ & $-0.0498023$ & $0.320914$ & $0.0984057$ \\
CuH_22r & $-0.0313339$ & $-0.448242$ & $0.736814$ & $-0.430953$ & $0.0621871$ & $-0.156464$ & $-0.44887$ & $0.500694$ & $0.468871$ & $-0.299434$ & $-0.570898$ & $0.0214111$ & $-0.0452759$ & $-0.0312161$ & $0.631346$ & $0.457132$ & $0.124165$ & $-0.517477$ & $-0.168021$ & $0.603917$ & $0.513776$ & $0.505101$ & $-0.0479593$ & $-0.179903$ & $-0.0974425$ & $-0.0346226$ & $0.0914487$ & $-0.0191444$ & $0.123317$ & $0.236184$ & $1$ & $-0.420116$ & $0.363364$ & $-0.388012$ & $-0.305027$ & $0.327074$ & $0.162496$ & $0.0841266$ & $0.0613375$ & $0.365082$ & $-0.210725$ & $-0.180182$ & $-0.0519056$ & $0.285999$ & $-0.184635$ & $0.316233$ & $-0.419672$ & $0.374198$ & $0.385918$ \\
CuH_33r & $0.172352$ & $0.116595$ & $-0.521958$ & $0.295365$ & $-0.0484583$ & $0.321674$ & $0.965524$ & $0.202137$ & $0.230775$ & $-0.105424$ & $-0.0888578$ & $0.0759699$ & $-0.129616$ & $0.0711378$ & $-0.26191$ & $-0.44163$ & $-0.310465$ & $0.0414702$ & $-0.00533454$ & $0.0277585$ & $0.163321$ & $0.134727$ & $-0.0472175$ & $-0.309231$ & $-0.335111$ & $-0.194176$ & $0.0753251$ & $-0.19955$ & $-0.394285$ & $-0.40308$ & $-0.420116$ & $1$ & $-0.474164$ & $0.407148$ & $0.500131$ & $0.265331$ & $0.147899$ & $-0.0823395$ & $-0.370831$ & $0.141192$ & $-0.027105$ & $0.327396$ & $-0.287369$ & $4.73258e-05$ & $0.0796795$ & $-0.0632925$ & $-0.173111$ & $-0.0844293$ & $-0.346334$ \\
CdH_33r & $0.179608$ & $-0.243059$ & $0.471971$ & $-0.338081$ & $0.0246446$ & $-0.158096$ & $-0.634635$ & $0.198705$ & $0.217781$ & $0.00768899$ & $-0.177497$ & $-0.534576$ & $0.624656$ & $-0.0522955$ & $0.127235$ & $-0.0447949$ & $-0.045723$ & $-0.168449$ & $-0.00822491$ & $0.16774$ & $0.176712$ & $0.198429$ & $-0.236146$ & $-0.155401$ & $-0.148253$ & $0.183027$ & $-0.0884836$ & $0.283589$ & $-0.335093$ & $0.794231$ & $0.363364$ & $-0.474164$ & $1$ & $-0.0209574$ & $-0.61212$ & $0.13738$ & $0.072639$ & $0.287409$ & $0.190478$ & $0.00644989$ & $-0.00216463$ & $-0.248678$ & $0.299977$ & $0.469711$ & $0.0224601$ & $-0.0634651$ & $-0.32903$ & $0.385572$ & $0.464706$ \\
CLL_1221 & $0.654495$ & $0.489406$ & $-0.595047$ & $-0.371027$ & $-0.0326823$ & $0.618799$ & $0.350132$ & $0.0320844$ & $0.0840685$ & $0.186538$ & $0.177707$ & $-0.601899$ & $0.574418$ & $0.00766093$ & $-0.830202$ & $-0.483576$ & $-0.490705$ & $0.442297$ & $-0.149807$ & $-0.272482$ & $-0.0480427$ & $-0.0138998$ & $-0.290408$ & $-0.506382$ & $-0.465149$ & $0.174832$ & $-0.0454785$ & $-0.157992$ & $-0.560735$ & $-0.239628$ & $-0.388012$ & $0.407148$ & $-0.0209574$ & $1$ & $0.220839$ & $0.302339$ & $0.271206$ & $0.237255$ & $-0.745275$ & $-0.035707$ & $-0.0875462$ & $-0.133563$ & $0.560714$ & $0.105693$ & $-0.318252$ & $0.244836$ & $-0.442982$ & $0.0900675$ & $-0.0350001$ \\
eHggint & $0.202614$ & $-0.129108$ & $-0.397275$ & $0.224188$ & $-0.0764164$ & $0.0980593$ & $0.590331$ & $-0.0857222$ & $-0.0747161$ & $-0.124511$ & $0.304454$ & $0.273809$ & $-0.309768$ & $-0.420364$ & $-0.240011$ & $-0.139185$ & $-0.36186$ & $-0.0560296$ & $-0.310235$ & $-0.320578$ & $-0.284261$ & $-0.301718$ & $0.0106977$ & $-0.0959483$ & $-0.266019$ & $0.136394$ & $0.336301$ & $-0.101656$ & $0.0269609$ & $-0.525901$ & $-0.305027$ & $0.500131$ & $-0.61212$ & $0.220839$ & $1$ & $-0.308749$ & $-0.381171$ & $-0.116304$ & $-0.243319$ & $0.172227$ & $0.391005$ & $0.188873$ & $-0.214886$ & $-0.591501$ & $0.293279$ & $0.271124$ & $0.112757$ & $-0.627357$ & $-0.11761$ \\
eHggpar & $0.352993$ & $0.225498$ & $-0.00786472$ & $-0.502241$ & $0.0309072$ & $0.531089$ & $0.165576$ & $0.616137$ & $0.618207$ & $-0.0783546$ & $-0.697907$ & $-0.392569$ & $0.324024$ & $0.516412$ & $0.0686734$ & $-0.160409$ & $-0.0635303$ & $-0.0534977$ & $0.13825$ & $0.646931$ & $0.763642$ & $0.761309$ & $-0.102858$ & $-0.481493$ & $-0.31304$ & $-0.386299$ & $-0.255502$ & $-0.150466$ & $-0.468461$ & $0.0621259$ & $0.327074$ & $0.265331$ & $0.13738$ & $0.302339$ & $-0.308749$ & $1$ & $0.776322$ & $0.0228447$ & $-0.557668$ & $0.263236$ & $-0.592639$ & $-0.100725$ & $0.109594$ & $0.591997$ & $-0.498471$ & $0.0731139$ & $-0.734214$ & $0.803979$ & $-0.155301$ \\
eHWWint & $0.250276$ & $0.300263$ & $-0.0139705$ & $-0.373632$ & $0.0122589$ & $0.521853$ & $0.0538127$ & $0.504553$ & $0.494271$ & $0.279612$ & $-0.516019$ & $-0.335375$ & $0.386114$ & $0.392147$ & $0.0229981$ & $0.0740768$ & $-0.203012$ & $-0.0779123$ & $-0.101471$ & $0.475148$ & $0.55683$ & $0.556404$ & $-0.284337$ & $-0.474732$ & $-0.337915$ & $-0.170982$ & $-0.634679$ & $-0.100304$ & $-0.440767$ & $0.0397363$ & $0.162496$ & $0.147899$ & $0.072639$ & $0.271206$ & $-0.381171$ & $0.776322$ & $1$ & $0.00215207$ & $-0.441539$ & $0.110614$ & $-0.833134$ & $-0.230473$ & $0.00691082$ & $0.65782$ & $-0.663565$ & $0.209999$ & $-0.513715$ & $0.845826$ & $-0.420725$ \\
eHWWpar & $0.0768437$ & $0.116334$ & $-0.00840403$ & $-0.348873$ & $-0.0284707$ & $0.230802$ & $-0.116801$ & $-0.0178414$ & $0.0120751$ & $-0.115513$ & $0.0821747$ & $-0.355794$ & $0.304449$ & $0.0320434$ & $-0.226351$ & $-0.137372$ & $-0.16769$ & $0.120241$ & $-0.043341$ & $-0.102106$ & $-0.0466402$ & $-0.0419329$ & $-0.0947375$ & $-0.203633$ & $-0.0713226$ & $0.139636$ & $0.218088$ & $-0.298419$ & $-0.163716$ & $0.00120326$ & $0.0841266$ & $-0.0823395$ & $0.287409$ & $0.237255$ & $-0.116304$ & $0.0228447$ & $0.00215207$ & $1$ & $-0.252188$ & $0.0485036$ & $-0.0863073$ & $-0.202124$ & $0.456496$ & $0.265499$ & $-0.262532$ & $0.223829$ & $-0.287187$ & $0.0632041$ & $0.46498$ \\
eHZZint & $-0.532476$ & $-0.527089$ & $0.510748$ & $0.608755$ & $0.0333737$ & $-0.799072$ & $-0.357803$ & $-0.202278$ & $-0.236477$ & $0.0487912$ & $0.0946452$ & $0.473488$ & $-0.353679$ & $-0.256923$ & $0.544722$ & $0.29385$ & $0.394381$ & $-0.304611$ & $0.0959354$ & $-0.0281809$ & $-0.19908$ & $-0.21554$ & $0.0957882$ & $0.525678$ & $0.364741$ & $0.0747381$ & $-0.0982119$ & $0.477286$ & $0.40799$ & $0.438058$ & $0.0613375$ & $-0.370831$ & $0.190478$ & $-0.745275$ & $-0.243319$ & $-0.557668$ & $-0.441539$ & $-0.252188$ & $1$ & $-0.185868$ & $0.320918$ & $0.232816$ & $-0.547881$ & $-0.261852$ & $0.603042$ & $-0.387132$ & $0.670321$ & $-0.282164$ & $-0.0300657$ \\
eHZZpar & $0.197762$ & $-0.34471$ & $0.255693$ & $-0.223059$ & $-0.0200302$ & $0.0995363$ & $0.128061$ & $0.468101$ & $0.468319$ & $-0.203293$ & $-0.365534$ & $-0.00574465$ & $-0.00254941$ & $-0.160372$ & $0.283143$ & $0.139321$ & $-0.252702$ & $-0.437217$ & $-0.301745$ & $0.355919$ & $0.355477$ & $0.358947$ & $-0.18608$ & $-0.373225$ & $-0.373843$ & $0.067058$ & $0.125014$ & $-0.0690547$ & $-0.160022$ & $-0.0319573$ & $0.365082$ & $0.141192$ & $0.00644989$ & $-0.035707$ & $0.172227$ & $0.263236$ & $0.110614$ & $0.0485036$ & $-0.185868$ & $1$ & $-0.108748$ & $-0.0855707$ & $-0.110818$ & $0.123092$ & $-0.0859505$ & $0.401995$ & $-0.422734$ & $0.0819471$ & $0.175503$ \\
eHZgaint & $0.0898441$ & $-0.283606$ & $-0.0391427$ & $0.309945$ & $0.00355059$ & $-0.492913$ & $0.0202912$ & $-0.38089$ & $-0.36638$ & $-0.127259$ & $0.389458$ & $0.165742$ & $-0.18494$ & $-0.300748$ & $-0.108328$ & $-0.182795$ & $0.169372$ & $0.131698$ & $0.15223$ & $-0.374456$ & $-0.404131$ & $-0.382192$ & $0.193514$ & $0.379423$ & $0.204618$ & $0.160957$ & $0.537548$ & $0.281245$ & $0.259065$ & $0.0765273$ & $-0.210725$ & $-0.027105$ & $-0.00216463$ & $-0.0875462$ & $0.391005$ & $-0.592639$ & $-0.833134$ & $-0.0863073$ & $0.320918$ & $-0.108748$ & $1$ & $0.206229$ & $-0.0174146$ & $-0.729404$ & $0.753193$ & $-0.27196$ & $0.379164$ & $-0.731501$ & $0.22967$ \\
eHZgapar & $-0.271385$ & $-0.0306444$ & $-0.174062$ & $0.47223$ & $-0.0458623$ & $-0.196961$ & $0.34889$ & $-0.120231$ & $-0.117315$ & $-0.108525$ & $0.0699637$ & $0.305267$ & $-0.337448$ & $-0.00375502$ & $0.0543642$ & $-0.160959$ & $0.159901$ & $0.0244744$ & $0.185548$ & $-0.066638$ & $-0.0735657$ & $-0.101367$ & $0.308413$ & $0.21128$ & $0.158813$ & $-0.307042$ & $0.213787$ & $-0.0702804$ & $0.0844603$ & $-0.0991104$ & $-0.180182$ & $0.327396$ & $-0.248678$ & $-0.133563$ & $0.188873$ & $-0.100725$ & $-0.230473$ & $-0.202124$ & $0.232816$ & $-0.0855707$ & $0.206229$ & $1$ & $-0.307167$ & $-0.152184$ & $0.28357$ & $-0.385092$ & $0.27489$ & $-0.256341$ & $-0.152567$ \\
eHgagaint & $0.323146$ & $0.587707$ & $-0.297344$ & $-0.62631$ & $0.00399158$ & $0.436386$ & $-0.300459$ & $-0.293507$ & $-0.249534$ & $0.0460395$ & $0.30352$ & $-0.608726$ & $0.515155$ & $0.182813$ & $-0.630391$ & $-0.273472$ & $-0.0512248$ & $0.574347$ & $0.140857$ & $-0.335195$ & $-0.228884$ & $-0.184273$ & $0.0639896$ & $-0.0921512$ & $0.0814645$ & $0.0842399$ & $0.247328$ & $-0.29427$ & $-0.12362$ & $-0.0890406$ & $-0.0519056$ & $-0.287369$ & $0.299977$ & $0.560714$ & $-0.214886$ & $0.109594$ & $0.00691082$ & $0.456496$ & $-0.547881$ & $-0.110818$ & $-0.0174146$ & $-0.307167$ & $1$ & $0.183776$ & $-0.443673$ & $0.148412$ & $-0.339203$ & $0.090305$ & $0.458108$ \\
eHmumuint & $-0.0944794$ & $0.145955$ & $0.129827$ & $-0.354734$ & $-0.0180137$ & $0.378055$ & $-0.116351$ & $0.449408$ & $0.462524$ & $-0.107159$ & $-0.435848$ & $-0.4459$ & $0.438837$ & $0.298413$ & $0.114976$ & $-0.0572294$ & $-0.223412$ & $-0.182179$ & $-0.0481678$ & $0.407794$ & $0.464955$ & $0.446189$ & $-0.168856$ & $-0.467189$ & $-0.25541$ & $-0.166661$ & $-0.202772$ & $-0.299211$ & $-0.47692$ & $0.249276$ & $0.285999$ & $4.73258e-05$ & $0.469711$ & $0.105693$ & $-0.591501$ & $0.591997$ & $0.65782$ & $0.265499$ & $-0.261852$ & $0.123092$ & $-0.729404$ & $-0.152184$ & $0.183776$ & $1$ & $-0.569928$ & $0.0803487$ & $-0.578158$ & $0.744362$ & $0.190789$ \\
eHtautauint & $-0.0550933$ & $-0.513665$ & $0.121005$ & $0.525888$ & $0.0111551$ & $-0.643934$ & $0.0859285$ & $-0.141857$ & $-0.143879$ & $-0.0855838$ & $0.144667$ & $0.257699$ & $-0.216033$ & $-0.314686$ & $0.205787$ & $-0.140867$ & $0.156431$ & $-0.17144$ & $0.121677$ & $-0.123742$ & $-0.179874$ & $-0.188239$ & $0.0823498$ & $0.333984$ & $0.0891976$ & $0.0634274$ & $0.205372$ & $0.437874$ & $0.10709$ & $0.253356$ & $-0.184635$ & $0.0796795$ & $0.0224601$ & $-0.318252$ & $0.293279$ & $-0.498471$ & $-0.663565$ & $-0.262532$ & $0.603042$ & $-0.0859505$ & $0.753193$ & $0.28357$ & $-0.443673$ & $-0.569928$ & $1$ & $-0.415128$ & $0.444131$ & $-0.524951$ & $0.0248887$ \\
eHccint & $0.375078$ & $-0.255012$ & $0.259496$ & $-0.516956$ & $-0.0197897$ & $0.331258$ & $-0.0390479$ & $0.414995$ & $0.413197$ & $-0.00857726$ & $-0.115151$ & $-0.149455$ & $0.194196$ & $-0.464433$ & $0.0165804$ & $0.364654$ & $-0.629688$ & $-0.432804$ & $-0.769122$ & $0.0972492$ & $0.112961$ & $0.137$ & $-0.600272$ & $-0.644439$ & $-0.614045$ & $0.615836$ & $-0.0618767$ & $-0.0864661$ & $-0.106827$ & $-0.313857$ & $0.316233$ & $-0.0632925$ & $-0.0634651$ & $0.244836$ & $0.271124$ & $0.0731139$ & $0.209999$ & $0.223829$ & $-0.387132$ & $0.401995$ & $-0.27196$ & $-0.385092$ & $0.148412$ & $0.0803487$ & $-0.415128$ & $1$ & $-0.462103$ & $-0.00620436$ & $0.25989$ \\
eHccpar & $-0.56289$ & $0.0260743$ & $-0.130031$ & $0.771589$ & $-0.0107795$ & $-0.533981$ & $-0.0740801$ & $-0.711164$ & $-0.73147$ & $0.252093$ & $0.582834$ & $0.614423$ & $-0.538447$ & $-0.128841$ & $0.00777391$ & $0.145913$ & $0.448027$ & $0.260653$ & $0.235721$ & $-0.519307$ & $-0.652308$ & $-0.663149$ & $0.368096$ & $0.774952$ & $0.628547$ & $-0.0222004$ & $-0.0257551$ & $0.236524$ & $0.568031$ & $-0.0498023$ & $-0.419672$ & $-0.173111$ & $-0.32903$ & $-0.442982$ & $0.112757$ & $-0.734214$ & $-0.513715$ & $-0.287187$ & $0.670321$ & $-0.422734$ & $0.379164$ & $0.27489$ & $-0.339203$ & $-0.578158$ & $0.444131$ & $-0.462103$ & $1$ & $-0.539647$ & $-0.338168$ \\
eHbbint & $0.17147$ & $0.188564$ & $0.178683$ & $-0.460541$ & $0.047642$ & $0.356519$ & $-0.208702$ & $0.493155$ & $0.482261$ & $0.136994$ & $-0.610218$ & $-0.390802$ & $0.414432$ & $0.494362$ & $0.178203$ & $0.0511488$ & $0.0263285$ & $-0.0799442$ & $0.106567$ & $0.586296$ & $0.637194$ & $0.630861$ & $-0.180539$ & $-0.315424$ & $-0.168153$ & $-0.268136$ & $-0.517329$ & $-0.0303483$ & $-0.414856$ & $0.320914$ & $0.374198$ & $-0.0844293$ & $0.385572$ & $0.0900675$ & $-0.627357$ & $0.803979$ & $0.845826$ & $0.0632041$ & $-0.282164$ & $0.0819471$ & $-0.731501$ & $-0.256341$ & $0.090305$ & $0.744362$ & $-0.524951$ & $-0.00620436$ & $-0.539647$ & $1$ & $-0.174794$ \\
eHbbpar & $-0.0465418$ & $-0.265158$ & $0.338165$ & $-0.4313$ & $-0.0146439$ & $-0.065465$ & $-0.342578$ & $0.0729013$ & $0.0958212$ & $-0.505967$ & $-0.00128549$ & $-0.292357$ & $0.179957$ & $-0.222556$ & $0.075872$ & $-0.0541179$ & $-0.0873906$ & $-0.163133$ & $-0.0854717$ & $0.00833701$ & $-0.000990091$ & $0.00280546$ & $-0.0365661$ & $-0.178338$ & $-0.060584$ & $0.234641$ & $0.619375$ & $-0.270764$ & $0.034619$ & $0.0984057$ & $0.385918$ & $-0.346334$ & $0.464706$ & $-0.0350001$ & $-0.11761$ & $-0.155301$ & $-0.420725$ & $0.46498$ & $-0.0300657$ & $0.175503$ & $0.22967$ & $-0.152567$ & $0.458108$ & $0.190789$ & $0.0248887$ & $0.25989$ & $-0.338168$ & $-0.174794$ & $1$ \\
