 & AlsMz & dAle5Mz & mtop & mHl & Mz & CW & CHG & CHWB & CHWHB_gaga & CHWHB_gagaorth & CHD & CHbox & CH & CHL1_11 & CHL1_22 & CHL1_33 & CHL3_11 & CHL3_22 & CHL3_33 & CHe_11 & CHe_22 & CHe_33 & CHQ1_11 & CHQ1_33 & CHQ3_11 & CHu_11 & CHd_11 & CHd_33 & CeH_22r & CeH_33r & CuH_22r & CuH_33r & CdH_33r & CLL_1221 & eHggint & eHggpar & eHWWint & eHWWpar & eHZZint & eHZZpar & eHZgaint & eHZgapar & eHgagaint & eHmumuint & eHtautauint & eHccint & eHccpar & eHbbint & eHbbpar \\
AlsMz & $1$ & $0.0584895$ & $-0.220261$ & $-0.0874756$ & $-0.00872103$ & $-0.0245334$ & $-0.0844335$ & $-0.0201544$ & $-0.0144402$ & $-0.00466114$ & $-0.00432502$ & $0.0818294$ & $0.100622$ & $-0.0132285$ & $-0.00442881$ & $-0.00640233$ & $0.0178259$ & $-0.00154338$ & $0.00834094$ & $-0.0242583$ & $-0.0131182$ & $-0.0351203$ & $-0.0149657$ & $-0.037393$ & $-0.0537391$ & $-0.0135088$ & $-0.0324394$ & $0.00188681$ & $0.0208297$ & $0.0879007$ & $0.096361$ & $-0.0781414$ & $0.060738$ & $-0.00700628$ & $-0.184397$ & $0.189498$ & $0.0528244$ & $-0.0314666$ & $-0.0915097$ & $0.00291937$ & $-0.0194043$ & $-0.0263123$ & $0.216315$ & $0.151407$ & $0.183275$ & $0.194615$ & $0.254484$ & $-0.053988$ & $-0.0305511$ \\
dAle5Mz & $0.0584895$ & $1$ & $0.122197$ & $0.138794$ & $-0.0113913$ & $0.0573309$ & $0.00312569$ & $-0.197058$ & $-0.19198$ & $0.0869147$ & $0.221907$ & $0.0180464$ & $0.00643733$ & $-0.0150225$ & $-0.00767916$ & $-0.0118462$ & $0.0563292$ & $0.042992$ & $0.0447259$ & $-0.159258$ & $-0.0964419$ & $-0.108342$ & $0.0074348$ & $0.0661052$ & $0.0376632$ & $0.0188933$ & $-0.0537247$ & $-0.0182327$ & $0.00300217$ & $0.0201713$ & $0.0290334$ & $0.0138766$ & $-0.0239905$ & $-0.0152935$ & $0.157188$ & $-0.120741$ & $0.134502$ & $-0.0518588$ & $0.0160901$ & $0.013777$ & $-0.132926$ & $0.0959908$ & $0.136726$ & $0.0371594$ & $0.0739354$ & $0.0141574$ & $0.0417972$ & $0.0078263$ & $-0.119604$ \\
mtop & $-0.220261$ & $0.122197$ & $1$ & $-0.0605716$ & $-0.00882975$ & $0.00646362$ & $-0.00651348$ & $0.00292761$ & $0.000296557$ & $-0.00365192$ & $0.105448$ & $0.0349726$ & $0.0145676$ & $-0.000685586$ & $0.0279758$ & $0.0188967$ & $-0.0167722$ & $-0.013755$ & $-0.0264939$ & $0.00772742$ & $-0.00747769$ & $-0.0192106$ & $0.0116426$ & $0.042166$ & $-0.0157235$ & $-0.0108765$ & $-0.0195405$ & $-0.0209284$ & $-0.0111145$ & $0.000399905$ & $-0.00226036$ & $-0.00888046$ & $0.0139242$ & $0.0223662$ & $-0.0265324$ & $0.0369464$ & $0.0530696$ & $-0.0351687$ & $0.00201323$ & $0.014932$ & $0.0208228$ & $0.00989032$ & $-0.0986066$ & $-0.00529424$ & $-0.155234$ & $-0.119755$ & $0.0578333$ & $0.0293545$ & $0.0727639$ \\
mHl & $-0.0874756$ & $0.138794$ & $-0.0605716$ & $1$ & $0.0322987$ & $0.00912575$ & $0.114802$ & $-0.0145572$ & $-0.0142442$ & $0.0188923$ & $0.0193618$ & $-0.0989015$ & $-0.119223$ & $-0.0269781$ & $-0.00403881$ & $0.00976584$ & $-0.0151553$ & $-0.0169431$ & $-0.0206599$ & $-0.00540487$ & $0.00655633$ & $-0.00629159$ & $0.0029742$ & $0.00745856$ & $0.00273933$ & $0.000688677$ & $0.0108463$ & $-0.0151391$ & $-0.0170766$ & $-0.0973892$ & $-0.0524644$ & $0.11468$ & $-0.112972$ & $-0.00342967$ & $0.306493$ & $-0.332721$ & $0.177831$ & $0.00986489$ & $0.238966$ & $-0.0669843$ & $-0.0181104$ & $-0.0183118$ & $0.013196$ & $0.025318$ & $0.0960544$ & $0.0767945$ & $-0.124329$ & $0.0958899$ & $-0.100951$ \\
Mz & $-0.00872103$ & $-0.0113913$ & $-0.00882975$ & $0.0322987$ & $1$ & $-0.0252733$ & $0.00849437$ & $0.025008$ & $0.025103$ & $-0.0121454$ & $0.0191394$ & $0.00198954$ & $-0.00138082$ & $-0.0266064$ & $-0.0242437$ & $-0.0279661$ & $-0.0157649$ & $-0.0111654$ & $-0.0083856$ & $0.0266875$ & $0.0328554$ & $0.014588$ & $-0.0102595$ & $-0.0324761$ & $-0.0153136$ & $0.0108933$ & $0.0341499$ & $0.0201472$ & $0.017447$ & $-0.0134136$ & $-3.5623e-05$ & $0.0102934$ & $-0.021927$ & $0.0210845$ & $-0.0134843$ & $-0.00521942$ & $0.0195642$ & $-0.0303382$ & $0.0444193$ & $-0.0457018$ & $0.0010209$ & $-0.0320374$ & $-6.43375e-05$ & $0.0205941$ & $0.01562$ & $-0.00278233$ & $-0.00368239$ & $0.0334497$ & $-0.0597026$ \\
CW & $-0.0245334$ & $0.0573309$ & $0.00646362$ & $0.00912575$ & $-0.0252733$ & $1$ & $0.0129941$ & $-0.0905302$ & $-0.0902385$ & $0.0379831$ & $0.0961365$ & $0.0114873$ & $-0.0041412$ & $0.220679$ & $0.055821$ & $0.0438608$ & $-0.131466$ & $-0.00251358$ & $-0.00422757$ & $-0.0956816$ & $-0.0964534$ & $-0.0783031$ & $-0.0448378$ & $0.0680302$ & $-0.0192314$ & $0.0299991$ & $-0.11683$ & $-0.00815383$ & $-0.00660531$ & $-0.00354229$ & $-0.00655816$ & $0.0137289$ & $0.0053122$ & $-0.165342$ & $0.0187068$ & $-0.0143805$ & $0.00658786$ & $-0.0139846$ & $-0.0125516$ & $0.0395023$ & $-0.0174694$ & $0.00137816$ & $0.00933125$ & $-0.027935$ & $-0.00349908$ & $-0.0165322$ & $-0.0396212$ & $0.00509088$ & $0.00672604$ \\
CHG & $-0.0844335$ & $0.00312569$ & $-0.00651348$ & $0.114802$ & $0.00849437$ & $0.0129941$ & $1$ & $0.0734949$ & $0.100478$ & $0.024241$ & $-0.0580125$ & $-0.778101$ & $-0.853228$ & $-0.0779568$ & $-0.0321321$ & $0.00338232$ & $-0.0997365$ & $-0.0521578$ & $-0.0801947$ & $0.127815$ & $0.0641992$ & $0.0801755$ & $-0.0026271$ & $-0.0723255$ & $-0.0619172$ & $-0.00945353$ & $0.052702$ & $0.0208511$ & $-0.184914$ & $-0.648662$ & $-0.359907$ & $0.961907$ & $-0.657325$ & $0.0315946$ & $0.0463153$ & $-0.0562635$ & $0.0288455$ & $-0.0103808$ & $0.183864$ & $0.0025932$ & $-0.12096$ & $-0.0150326$ & $0.0540621$ & $-0.0681488$ & $-0.0823932$ & $-0.0533236$ & $0.121156$ & $0.0352837$ & $-0.0177782$ \\
CHWB & $-0.0201544$ & $-0.197058$ & $0.00292761$ & $-0.0145572$ & $0.025008$ & $-0.0905302$ & $0.0734949$ & $1$ & $0.994496$ & $-0.570202$ & $-0.888716$ & $-0.120713$ & $-0.0871821$ & $-0.326238$ & $-0.047347$ & $-0.0417044$ & $-0.670085$ & $-0.565762$ & $-0.563377$ & $0.880044$ & $0.682354$ & $0.654768$ & $0.0697974$ & $-0.702874$ & $-0.615621$ & $-0.182375$ & $0.461363$ & $0.119436$ & $-0.0175249$ & $-0.0786683$ & $-0.0351326$ & $0.0698217$ & $-0.0799034$ & $0.679095$ & $0.00537881$ & $0.00116305$ & $-0.0181389$ & $0.00679879$ & $0.00284102$ & $0.000766467$ & $0.0102326$ & $-0.015585$ & $-0.0472756$ & $0.0226514$ & $-0.0707476$ & $-0.0235335$ & $0.0176404$ & $-0.00408832$ & $0.031695$ \\
CHWHB_gaga & $-0.0144402$ & $-0.19198$ & $0.000296557$ & $-0.0142442$ & $0.025103$ & $-0.0902385$ & $0.100478$ & $0.994496$ & $1$ & $-0.567778$ & $-0.88375$ & $-0.128281$ & $-0.0994422$ & $-0.328915$ & $-0.0482241$ & $-0.042292$ & $-0.669328$ & $-0.563022$ & $-0.561228$ & $0.879577$ & $0.679283$ & $0.652794$ & $0.069846$ & $-0.701578$ & $-0.611746$ & $-0.18085$ & $0.461545$ & $0.117846$ & $-0.0174482$ & $-0.0752501$ & $-0.0307337$ & $0.0955001$ & $-0.074994$ & $0.674867$ & $0.00297618$ & $-0.00259322$ & $-0.023862$ & $0.00381598$ & $0.0067368$ & $0.000194307$ & $0.00618142$ & $-0.0177949$ & $-0.0149438$ & $0.0222319$ & $-0.0721834$ & $-0.0247445$ & $0.0227613$ & $-0.00763259$ & $0.0311315$ \\
CHWHB_gagaorth & $-0.00466114$ & $0.0869147$ & $-0.00365192$ & $0.0188923$ & $-0.0121454$ & $0.0379831$ & $0.024241$ & $-0.570202$ & $-0.567778$ & $1$ & $0.254718$ & $0.0520493$ & $-0.0285242$ & $0.684646$ & $0.134092$ & $0.137733$ & $0.764911$ & $0.586219$ & $0.579538$ & $-0.32824$ & $-0.237805$ & $-0.224177$ & $-0.0978375$ & $0.607858$ & $0.641897$ & $0.0804392$ & $-0.344591$ & $-0.0381406$ & $-0.0179994$ & $-0.0434672$ & $-0.038199$ & $0.0337789$ & $-0.0330836$ & $-0.441081$ & $-0.00495183$ & $0.0393928$ & $0.0155766$ & $-0.0010816$ & $0.01527$ & $0.0211189$ & $-0.0517857$ & $-0.019587$ & $0.0365035$ & $-0.0273373$ & $0.0109094$ & $0.0105162$ & $-0.0225125$ & $0.0199961$ & $-0.0164002$ \\
CHD & $-0.00432502$ & $0.221907$ & $0.105448$ & $0.0193618$ & $0.0191394$ & $0.0961365$ & $-0.0580125$ & $-0.888716$ & $-0.88375$ & $0.254718$ & $1$ & $0.101367$ & $0.0717413$ & $-0.0381022$ & $-0.0308334$ & $-0.0443294$ & $0.340923$ & $0.329016$ & $0.329626$ & $-0.894568$ & $-0.710984$ & $-0.680885$ & $-0.0232628$ & $0.48761$ & $0.35765$ & $0.184418$ & $-0.347716$ & $-0.122216$ & $0.0191578$ & $0.0721197$ & $0.0351769$ & $-0.0535309$ & $0.0669932$ & $-0.53828$ & $0.00578537$ & $-0.0125346$ & $0.020565$ & $-0.0139549$ & $0.00495847$ & $-0.00678994$ & $-0.0086367$ & $0.0194032$ & $0.0303353$ & $-0.0176603$ & $0.0503077$ & $0.000327518$ & $-0.00904565$ & $0.00632502$ & $-0.0197701$ \\
CHbox & $0.0818294$ & $0.0180464$ & $0.0349726$ & $-0.0989015$ & $0.00198954$ & $0.0114873$ & $-0.778101$ & $-0.120713$ & $-0.128281$ & $0.0520493$ & $0.101367$ & $1$ & $0.9127$ & $0.0687085$ & $0.046063$ & $-0.0054138$ & $0.113666$ & $0.0603698$ & $0.114296$ & $-0.12437$ & $-0.0792395$ & $-0.0924922$ & $0.0105433$ & $0.0946972$ & $0.0891533$ & $0.00699771$ & $-0.0589081$ & $-0.0335919$ & $0.215906$ & $0.700148$ & $0.347305$ & $-0.706134$ & $0.696897$ & $-0.0936036$ & $-0.00268823$ & $0.104712$ & $0.0359796$ & $-0.00982615$ & $-0.210088$ & $0.0175657$ & $0.125869$ & $-0.00121945$ & $-0.00169409$ & $0.0493755$ & $0.0828644$ & $0.0712004$ & $-0.145694$ & $-0.0166003$ & $0.00682982$ \\
CH & $0.100622$ & $0.00643733$ & $0.0145676$ & $-0.119223$ & $-0.00138082$ & $-0.0041412$ & $-0.853228$ & $-0.0871821$ & $-0.0994422$ & $-0.0285242$ & $0.0717413$ & $0.9127$ & $1$ & $0.0851461$ & $0.0391384$ & $-0.00971968$ & $0.115154$ & $0.056593$ & $0.0982007$ & $-0.147405$ & $-0.0772928$ & $-0.080504$ & $0.00661441$ & $0.080007$ & $0.0757203$ & $0.0146729$ & $-0.05297$ & $-0.0262391$ & $0.232686$ & $0.734273$ & $0.390196$ & $-0.79322$ & $0.733995$ & $-0.0401803$ & $-0.0270659$ & $0.0817969$ & $-0.0120786$ & $0.0174662$ & $-0.20747$ & $-0.00157901$ & $0.127772$ & $0.00773744$ & $-0.0177041$ & $0.0652292$ & $0.0941415$ & $0.0592274$ & $-0.116337$ & $-0.0378404$ & $0.018248$ \\
CHL1_11 & $-0.0132285$ & $-0.0150225$ & $-0.000685586$ & $-0.0269781$ & $-0.0266064$ & $0.220679$ & $-0.0779568$ & $-0.326238$ & $-0.328915$ & $0.684646$ & $-0.0381022$ & $0.0687085$ & $0.0851461$ & $1$ & $0.177429$ & $0.189905$ & $0.63169$ & $0.52444$ & $0.519618$ & $-0.17052$ & $-0.0602244$ & $-0.0614676$ & $-0.113059$ & $0.534871$ & $0.550974$ & $0.0299784$ & $-0.337054$ & $-0.0161437$ & $0.00669941$ & $0.0478412$ & $0.010399$ & $-0.0863112$ & $0.0664176$ & $-0.33978$ & $-0.0291516$ & $0.0124001$ & $-0.0115665$ & $0.0046989$ & $-0.0115482$ & $0.0188407$ & $0.0102809$ & $0.0014124$ & $0.0137041$ & $-0.0124906$ & $0.0242111$ & $0.0024729$ & $-0.0302675$ & $0.00346593$ & $-0.0019212$ \\
CHL1_22 & $-0.00442881$ & $-0.00767916$ & $0.0279758$ & $-0.00403881$ & $-0.0242437$ & $0.055821$ & $-0.0321321$ & $-0.047347$ & $-0.0482241$ & $0.134092$ & $-0.0308334$ & $0.046063$ & $0.0391384$ & $0.177429$ & $1$ & $0.347902$ & $0.093122$ & $-0.428347$ & $-0.0955524$ & $0.0375419$ & $-0.152182$ & $-0.121628$ & $-0.11416$ & $0.249839$ & $-0.14422$ & $0.0116885$ & $-0.492704$ & $-0.0220618$ & $0.015955$ & $0.0113842$ & $0.00742784$ & $-0.0292022$ & $0.0192546$ & $-0.557981$ & $-0.0175685$ & $0.021937$ & $0.00691811$ & $0.0129165$ & $0.000213054$ & $0.000866236$ & $0.00420778$ & $-0.0192106$ & $-0.00897336$ & $-0.00882841$ & $0.00141391$ & $-0.0502311$ & $-0.018571$ & $0.0242965$ & $-0.000716817$ \\
CHL1_33 & $-0.00640233$ & $-0.0118462$ & $0.0188967$ & $0.00976584$ & $-0.0279661$ & $0.0438608$ & $0.00338232$ & $-0.0417044$ & $-0.042292$ & $0.137733$ & $-0.0443294$ & $-0.0054138$ & $-0.00971968$ & $0.189905$ & $0.347902$ & $1$ & $0.0982418$ & $-0.0884208$ & $-0.413711$ & $0.0381099$ & $-0.108231$ & $-0.194878$ & $-0.108032$ & $0.240121$ & $-0.138839$ & $0.00485975$ & $-0.487842$ & $-0.0146823$ & $-0.0215404$ & $-0.0064231$ & $0.00690701$ & $0.00165296$ & $-0.00902495$ & $-0.251112$ & $-0.0204991$ & $-0.00512267$ & $-0.000165058$ & $0.00773952$ & $0.0155272$ & $-0.0167697$ & $0.00774819$ & $-0.0026777$ & $0.000799393$ & $-0.00853559$ & $0.00101121$ & $-0.0103809$ & $0.00874633$ & $0.0037447$ & $-0.0038183$ \\
CHL3_11 & $0.0178259$ & $0.0563292$ & $-0.0167722$ & $-0.0151553$ & $-0.0157649$ & $-0.131466$ & $-0.0997365$ & $-0.670085$ & $-0.669328$ & $0.764911$ & $0.340923$ & $0.113666$ & $0.115154$ & $0.63169$ & $0.093122$ & $0.0982418$ & $1$ & $0.696263$ & $0.689974$ & $-0.506516$ & $-0.318196$ & $-0.302624$ & $-0.0885749$ & $0.688191$ & $0.766503$ & $0.101916$ & $-0.355692$ & $-0.0581624$ & $0.0159658$ & $0.0778079$ & $0.0384996$ & $-0.1047$ & $0.0949885$ & $-0.388847$ & $-0.0399666$ & $0.0194141$ & $0.0160971$ & $0.000937752$ & $-0.00207857$ & $0.0107296$ & $-0.00736751$ & $0.0042233$ & $0.0279195$ & $-0.00510678$ & $0.0436875$ & $0.0349381$ & $-0.0223947$ & $0.00577263$ & $-0.0114115$ \\
CHL3_22 & $-0.00154338$ & $0.042992$ & $-0.013755$ & $-0.0169431$ & $-0.0111654$ & $-0.00251358$ & $-0.0521578$ & $-0.565762$ & $-0.563022$ & $0.586219$ & $0.329016$ & $0.0603698$ & $0.056593$ & $0.52444$ & $-0.428347$ & $-0.0884208$ & $0.696263$ & $1$ & $0.666524$ & $-0.436412$ & $-0.249521$ & $-0.232236$ & $-0.0142436$ & $0.486961$ & $0.781956$ & $0.0889478$ & $-0.0432093$ & $-0.0470099$ & $0.00106953$ & $0.0427583$ & $0.0129897$ & $-0.0579037$ & $0.0555276$ & $0.0473462$ & $-0.0205933$ & $0.013874$ & $-0.00771347$ & $-0.0106542$ & $-0.0161136$ & $0.0100305$ & $-0.00771229$ & $0.011878$ & $0.0301943$ & $-0.00631011$ & $0.0324035$ & $0.0415236$ & $-0.00567257$ & $-0.0233407$ & $-0.00595354$ \\
CHL3_33 & $0.00834094$ & $0.0447259$ & $-0.0264939$ & $-0.0206599$ & $-0.0083856$ & $-0.00422757$ & $-0.0801947$ & $-0.563377$ & $-0.561228$ & $0.579538$ & $0.329626$ & $0.114296$ & $0.0982007$ & $0.519618$ & $-0.0955524$ & $-0.413711$ & $0.689974$ & $0.666524$ & $1$ & $-0.432253$ & $-0.239386$ & $-0.231616$ & $-0.0202305$ & $0.484289$ & $0.778914$ & $0.0973993$ & $-0.0389529$ & $-0.0474388$ & $0.021536$ & $0.0652102$ & $0.0145133$ & $-0.080575$ & $0.0850907$ & $-0.247772$ & $-0.0194911$ & $0.0276151$ & $0.00551903$ & $-0.00695205$ & $-0.00697096$ & $0.0143569$ & $0.00703043$ & $0.0214184$ & $0.0207508$ & $-0.00521209$ & $0.0263136$ & $0.0391844$ & $-0.0338688$ & $0.0132021$ & $-0.00639405$ \\
CHe_11 & $-0.0242583$ & $-0.159258$ & $0.00772742$ & $-0.00540487$ & $0.0266875$ & $-0.0956816$ & $0.127815$ & $0.880044$ & $0.879577$ & $-0.32824$ & $-0.894568$ & $-0.12437$ & $-0.147405$ & $-0.17052$ & $0.0375419$ & $0.0381099$ & $-0.506516$ & $-0.436412$ & $-0.432253$ & $1$ & $0.701068$ & $0.665746$ & $0.0430059$ & $-0.557574$ & $-0.467434$ & $-0.193159$ & $0.371725$ & $0.113021$ & $-0.0280431$ & $-0.128483$ & $-0.0627011$ & $0.132074$ & $-0.126695$ & $0.483527$ & $0.00855233$ & $0.0199498$ & $-0.00929276$ & $0.00623653$ & $0.00623302$ & $0.00885804$ & $-0.0036154$ & $-0.0196895$ & $-0.026268$ & $0.0132915$ & $-0.0749984$ & $-0.0227506$ & $0.0299773$ & $-0.00376463$ & $0.0166381$ \\
CHe_22 & $-0.0131182$ & $-0.0964419$ & $-0.00747769$ & $0.00655633$ & $0.0328554$ & $-0.0964534$ & $0.0641992$ & $0.682354$ & $0.679283$ & $-0.237805$ & $-0.710984$ & $-0.0792395$ & $-0.0772928$ & $-0.0602244$ & $-0.152182$ & $-0.108231$ & $-0.318196$ & $-0.249521$ & $-0.239386$ & $0.701068$ & $1$ & $0.588382$ & $0.0731377$ & $-0.487868$ & $-0.277935$ & $-0.157045$ & $0.446717$ & $0.091455$ & $-0.00494427$ & $-0.0697285$ & $-0.0342116$ & $0.0631364$ & $-0.0698007$ & $0.464657$ & $0.0166021$ & $-0.00144637$ & $-6.21258e-05$ & $0.0023482$ & $0.00208518$ & $0.015405$ & $-0.000691652$ & $-0.0116701$ & $-0.03299$ & $0.0122504$ & $-0.0318719$ & $-0.00135894$ & $0.0132654$ & $0.00452928$ & $0.0271913$ \\
CHe_33 & $-0.0351203$ & $-0.108342$ & $-0.0192106$ & $-0.00629159$ & $0.014588$ & $-0.0783031$ & $0.0801755$ & $0.654768$ & $0.652794$ & $-0.224177$ & $-0.680885$ & $-0.0924922$ & $-0.080504$ & $-0.0614676$ & $-0.121628$ & $-0.194878$ & $-0.302624$ & $-0.232236$ & $-0.231616$ & $0.665746$ & $0.588382$ & $1$ & $0.0587043$ & $-0.475667$ & $-0.268294$ & $-0.150164$ & $0.424568$ & $0.106396$ & $-0.0234207$ & $-0.0629634$ & $-0.0300141$ & $0.0841769$ & $-0.0613361$ & $0.456078$ & $0.0326554$ & $0.00229959$ & $-0.010605$ & $0.0114256$ & $0.00333194$ & $0.000748695$ & $-0.0113346$ & $-0.00211729$ & $-0.0143291$ & $-0.00243262$ & $-0.0585734$ & $-0.028904$ & $-6.81088e-05$ & $0.00501782$ & $0.0295771$ \\
CHQ1_11 & $-0.0149657$ & $0.0074348$ & $0.0116426$ & $0.0029742$ & $-0.0102595$ & $-0.0448378$ & $-0.0026271$ & $0.0697974$ & $0.069846$ & $-0.0978375$ & $-0.0232628$ & $0.0105433$ & $0.00661441$ & $-0.113059$ & $-0.11416$ & $-0.108032$ & $-0.0885749$ & $-0.0142436$ & $-0.0202305$ & $0.0430059$ & $0.0731377$ & $0.0587043$ & $1$ & $-0.121939$ & $0.0140875$ & $-0.590525$ & $0.266113$ & $-0.000912422$ & $0.00495858$ & $0.0159658$ & $0.0088491$ & $0.00353337$ & $0.00956326$ & $0.122128$ & $0.0132827$ & $0.000939953$ & $-0.0230661$ & $-0.0195603$ & $0.00110355$ & $0.005816$ & $-0.0344519$ & $-0.00606169$ & $0.0119723$ & $-0.000272429$ & $-0.00889959$ & $0.000748013$ & $-0.00796832$ & $0.0308963$ & $0.00551707$ \\
CHQ1_33 & $-0.037393$ & $0.0661052$ & $0.042166$ & $0.00745856$ & $-0.0324761$ & $0.0680302$ & $-0.0723255$ & $-0.702874$ & $-0.701578$ & $0.607858$ & $0.48761$ & $0.0946972$ & $0.080007$ & $0.534871$ & $0.249839$ & $0.240121$ & $0.688191$ & $0.486961$ & $0.484289$ & $-0.557574$ & $-0.487868$ & $-0.475667$ & $-0.121939$ & $1$ & $0.555512$ & $0.128922$ & $-0.466847$ & $0.022344$ & $0.0146288$ & $0.0560577$ & $0.0208447$ & $-0.0737217$ & $0.0678545$ & $-0.565864$ & $-0.0178345$ & $-0.00865685$ & $0.022503$ & $0.000146962$ & $0.0207278$ & $-0.01668$ & $0.0126382$ & $-0.00236203$ & $0.00652456$ & $-0.0288331$ & $0.0403995$ & $-0.00339468$ & $-0.0346345$ & $0.0230371$ & $-0.0209298$ \\
CHQ3_11 & $-0.0537391$ & $0.0376632$ & $-0.0157235$ & $0.00273933$ & $-0.0153136$ & $-0.0192314$ & $-0.0619172$ & $-0.615621$ & $-0.611746$ & $0.641897$ & $0.35765$ & $0.0891533$ & $0.0757203$ & $0.550974$ & $-0.14422$ & $-0.138839$ & $0.766503$ & $0.781956$ & $0.778914$ & $-0.467434$ & $-0.277935$ & $-0.268294$ & $0.0140875$ & $0.555512$ & $1$ & $0.106657$ & $0.055183$ & $-0.0500069$ & $0.01717$ & $0.0501583$ & $0.01731$ & $-0.0660418$ & $0.069424$ & $-0.222475$ & $-0.0216782$ & $0.00393595$ & $-0.00304558$ & $-0.0076438$ & $-0.00845585$ & $0.0149699$ & $0.00455929$ & $0.00937096$ & $0.00396027$ & $-0.0196056$ & $0.0247449$ & $0.0241204$ & $-0.0366589$ & $0.0058857$ & $-0.012882$ \\
CHu_11 & $-0.0135088$ & $0.0188933$ & $-0.0108765$ & $0.000688677$ & $0.0108933$ & $0.0299991$ & $-0.00945353$ & $-0.182375$ & $-0.18085$ & $0.0804392$ & $0.184418$ & $0.00699771$ & $0.0146729$ & $0.0299784$ & $0.0116885$ & $0.00485975$ & $0.101916$ & $0.0889478$ & $0.0973993$ & $-0.193159$ & $-0.157045$ & $-0.150164$ & $-0.590525$ & $0.128922$ & $0.106657$ & $1$ & $0.0756955$ & $-0.0278423$ & $0.0079863$ & $0.00245035$ & $0.00475758$ & $-0.0142998$ & $0.00175382$ & $-0.106921$ & $-0.00920413$ & $0.0017461$ & $-0.0102241$ & $0.0102791$ & $0.0109651$ & $0.00318589$ & $0.0140439$ & $0.0181969$ & $0.00169258$ & $-0.028795$ & $-0.00560521$ & $-0.00661045$ & $0.000122985$ & $-0.0339047$ & $-0.0191342$ \\
CHd_11 & $-0.0324394$ & $-0.0537247$ & $-0.0195405$ & $0.0108463$ & $0.0341499$ & $-0.11683$ & $0.052702$ & $0.461363$ & $0.461545$ & $-0.344591$ & $-0.347716$ & $-0.0589081$ & $-0.05297$ & $-0.337054$ & $-0.492704$ & $-0.487842$ & $-0.355692$ & $-0.0432093$ & $-0.0389529$ & $0.371725$ & $0.446717$ & $0.424568$ & $0.266113$ & $-0.466847$ & $0.055183$ & $0.0756955$ & $1$ & $0.0601517$ & $0.0032831$ & $-0.0413687$ & $-0.0181435$ & $0.0551222$ & $-0.0456644$ & $0.61155$ & $0.0202924$ & $-0.00171986$ & $-0.0258135$ & $-0.00329023$ & $-0.0104757$ & $0.00770002$ & $-0.00434831$ & $0.00803313$ & $-0.0181437$ & $0.00401041$ & $-0.0483085$ & $0.00621342$ & $0.00213133$ & $-0.000718727$ & $0.00370421$ \\
CHd_33 & $0.00188681$ & $-0.0182327$ & $-0.0209284$ & $-0.0151391$ & $0.0201472$ & $-0.00815383$ & $0.0208511$ & $0.119436$ & $0.117846$ & $-0.0381406$ & $-0.122216$ & $-0.0335919$ & $-0.0262391$ & $-0.0161437$ & $-0.0220618$ & $-0.0146823$ & $-0.0581624$ & $-0.0470099$ & $-0.0474388$ & $0.113021$ & $0.091455$ & $0.106396$ & $-0.000912422$ & $0.022344$ & $-0.0500069$ & $-0.0278423$ & $0.0601517$ & $1$ & $-0.0316161$ & $-0.0347824$ & $-0.0254002$ & $0.0170053$ & $-0.0245931$ & $0.0837777$ & $-0.0162779$ & $0.0247937$ & $-0.00168497$ & $0.00591524$ & $0.0142353$ & $-0.00579435$ & $0.0158257$ & $0.0126747$ & $-0.00952594$ & $0.00775468$ & $-0.0175515$ & $-0.0190484$ & $0.00792825$ & $-0.0116832$ & $0.0206236$ \\
CeH_22r & $0.0208297$ & $0.00300217$ & $-0.0111145$ & $-0.0170766$ & $0.017447$ & $-0.00660531$ & $-0.184914$ & $-0.0175249$ & $-0.0174482$ & $-0.0179994$ & $0.0191578$ & $0.215906$ & $0.232686$ & $0.00669941$ & $0.015955$ & $-0.0215404$ & $0.0159658$ & $0.00106953$ & $0.021536$ & $-0.0280431$ & $-0.00494427$ & $-0.0234207$ & $0.00495858$ & $0.0146288$ & $0.01717$ & $0.0079863$ & $0.0032831$ & $-0.0316161$ & $1$ & $0.189487$ & $0.0979729$ & $-0.186015$ & $0.186318$ & $-0.012934$ & $-0.0254707$ & $0.00332447$ & $-0.0125974$ & $-0.00280429$ & $-0.0369958$ & $0.00156658$ & $0.0339339$ & $0.000811625$ & $-0.0254109$ & $0.0119817$ & $0.024746$ & $-0.000267393$ & $-0.0402954$ & $0.00438428$ & $0.000424847$ \\
CeH_33r & $0.0879007$ & $0.0201713$ & $0.000399905$ & $-0.0973892$ & $-0.0134136$ & $-0.00354229$ & $-0.648662$ & $-0.0786683$ & $-0.0752501$ & $-0.0434672$ & $0.0721197$ & $0.700148$ & $0.734273$ & $0.0478412$ & $0.0113842$ & $-0.0064231$ & $0.0778079$ & $0.0427583$ & $0.0652102$ & $-0.128483$ & $-0.0697285$ & $-0.0629634$ & $0.0159658$ & $0.0560577$ & $0.0501583$ & $0.00245035$ & $-0.0413687$ & $-0.0347824$ & $0.189487$ & $1$ & $0.475414$ & $-0.522628$ & $0.839514$ & $-0.0339155$ & $-0.0300673$ & $0.0586022$ & $-0.0900843$ & $-0.0286865$ & $-0.144582$ & $-0.00543929$ & $0.119874$ & $0.00848298$ & $-0.00140409$ & $0.0570438$ & $0.104527$ & $0.0480144$ & $-0.0722893$ & $-0.0323136$ & $0.011936$ \\
CuH_22r & $0.096361$ & $0.0290334$ & $-0.00226036$ & $-0.0524644$ & $-3.5623e-05$ & $-0.00655816$ & $-0.359907$ & $-0.0351326$ & $-0.0307337$ & $-0.038199$ & $0.0351769$ & $0.347305$ & $0.390196$ & $0.010399$ & $0.00742784$ & $0.00690701$ & $0.0384996$ & $0.0129897$ & $0.0145133$ & $-0.0627011$ & $-0.0342116$ & $-0.0300141$ & $0.0088491$ & $0.0208447$ & $0.01731$ & $0.00475758$ & $-0.0181435$ & $-0.0254002$ & $0.0979729$ & $0.475414$ & $1$ & $-0.269429$ & $0.503353$ & $-0.00967247$ & $0.00968231$ & $0.00478581$ & $-0.0651744$ & $-0.0212314$ & $-0.113588$ & $-0.0186508$ & $0.0520223$ & $-0.00835993$ & $0.00954066$ & $0.0384284$ & $0.0460467$ & $0.084632$ & $0.158299$ & $-0.0695022$ & $0.013372$ \\
CuH_33r & $-0.0781414$ & $0.0138766$ & $-0.00888046$ & $0.11468$ & $0.0102934$ & $0.0137289$ & $0.961907$ & $0.0698217$ & $0.0955001$ & $0.0337789$ & $-0.0535309$ & $-0.706134$ & $-0.79322$ & $-0.0863112$ & $-0.0292022$ & $0.00165296$ & $-0.1047$ & $-0.0579037$ & $-0.080575$ & $0.132074$ & $0.0631364$ & $0.0841769$ & $0.00353337$ & $-0.0737217$ & $-0.0660418$ & $-0.0142998$ & $0.0551222$ & $0.0170053$ & $-0.186015$ & $-0.522628$ & $-0.269429$ & $1$ & $-0.510256$ & $0.0226521$ & $0.0818986$ & $-0.0374214$ & $0.0103159$ & $-0.0227442$ & $0.176855$ & $0.0105658$ & $-0.114045$ & $-0.0225179$ & $0.0671117$ & $-0.0648124$ & $-0.0756716$ & $-0.0567691$ & $0.120227$ & $0.0366307$ & $-0.00934529$ \\
CdH_33r & $0.060738$ & $-0.0239905$ & $0.0139242$ & $-0.112972$ & $-0.021927$ & $0.0053122$ & $-0.657325$ & $-0.0799034$ & $-0.074994$ & $-0.0330836$ & $0.0669932$ & $0.696897$ & $0.733995$ & $0.0664176$ & $0.0192546$ & $-0.00902495$ & $0.0949885$ & $0.0555276$ & $0.0850907$ & $-0.126695$ & $-0.0698007$ & $-0.0613361$ & $0.00956326$ & $0.0678545$ & $0.069424$ & $0.00175382$ & $-0.0456644$ & $-0.0245931$ & $0.186318$ & $0.839514$ & $0.503353$ & $-0.510256$ & $1$ & $-0.0396661$ & $0.00559582$ & $0.0530126$ & $-0.103131$ & $-0.030774$ & $-0.176142$ & $0.0138566$ & $0.117567$ & $-0.0133196$ & $-0.0166471$ & $0.0369486$ & $0.0455677$ & $0.0507585$ & $-0.0865454$ & $0.0269028$ & $0.263741$ \\
CLL_1221 & $-0.00700628$ & $-0.0152935$ & $0.0223662$ & $-0.00342967$ & $0.0210845$ & $-0.165342$ & $0.0315946$ & $0.679095$ & $0.674867$ & $-0.441081$ & $-0.53828$ & $-0.0936036$ & $-0.0401803$ & $-0.33978$ & $-0.557981$ & $-0.251112$ & $-0.388847$ & $0.0473462$ & $-0.247772$ & $0.483527$ & $0.464657$ & $0.456078$ & $0.122128$ & $-0.565864$ & $-0.222475$ & $-0.106921$ & $0.61155$ & $0.0837777$ & $-0.012934$ & $-0.0339155$ & $-0.00967247$ & $0.0226521$ & $-0.0396661$ & $1$ & $0.0192319$ & $-0.0195171$ & $-0.00460549$ & $-0.0134498$ & $-0.00533652$ & $0.00425278$ & $-0.017833$ & $0.0126817$ & $-0.0143788$ & $0.0340104$ & $-0.0423525$ & $0.00924971$ & $0.0257253$ & $-0.026104$ & $0.0190718$ \\
eHggint & $-0.184397$ & $0.157188$ & $-0.0265324$ & $0.306493$ & $-0.0134843$ & $0.0187068$ & $0.0463153$ & $0.00537881$ & $0.00297618$ & $-0.00495183$ & $0.00578537$ & $-0.00268823$ & $-0.0270659$ & $-0.0291516$ & $-0.0175685$ & $-0.0204991$ & $-0.0399666$ & $-0.0205933$ & $-0.0194911$ & $0.00855233$ & $0.0166021$ & $0.0326554$ & $0.0132827$ & $-0.0178345$ & $-0.0216782$ & $-0.00920413$ & $0.0202924$ & $-0.0162779$ & $-0.0254707$ & $-0.0300673$ & $0.00968231$ & $0.0818986$ & $0.00559582$ & $0.0192319$ & $1$ & $-0.108864$ & $0.0340212$ & $-0.00390842$ & $0.0450333$ & $-0.0544491$ & $-0.0906334$ & $-0.0253032$ & $0.0676941$ & $0.0895333$ & $-0.0645078$ & $-0.0448413$ & $-0.00591826$ & $0.0745957$ & $0.0731085$ \\
eHggpar & $0.189498$ & $-0.120741$ & $0.0369464$ & $-0.332721$ & $-0.00521942$ & $-0.0143805$ & $-0.0562635$ & $0.00116305$ & $-0.00259322$ & $0.0393928$ & $-0.0125346$ & $0.104712$ & $0.0817969$ & $0.0124001$ & $0.021937$ & $-0.00512267$ & $0.0194141$ & $0.013874$ & $0.0276151$ & $0.0199498$ & $-0.00144637$ & $0.00229959$ & $0.000939953$ & $-0.00865685$ & $0.00393595$ & $0.0017461$ & $-0.00171986$ & $0.0247937$ & $0.00332447$ & $0.0586022$ & $0.00478581$ & $-0.0374214$ & $0.0530126$ & $-0.0195171$ & $-0.108864$ & $1$ & $-0.00043164$ & $-0.00128408$ & $-0.228594$ & $0.024868$ & $-0.0515568$ & $-0.0538735$ & $-0.0551543$ & $0.03056$ & $-0.0384143$ & $-0.0363197$ & $-0.0411249$ & $-0.0468712$ & $0.0283332$ \\
eHWWint & $0.0528244$ & $0.134502$ & $0.0530696$ & $0.177831$ & $0.0195642$ & $0.00658786$ & $0.0288455$ & $-0.0181389$ & $-0.023862$ & $0.0155766$ & $0.020565$ & $0.0359796$ & $-0.0120786$ & $-0.0115665$ & $0.00691811$ & $-0.000165058$ & $0.0160971$ & $-0.00771347$ & $0.00551903$ & $-0.00929276$ & $-6.21258e-05$ & $-0.010605$ & $-0.0230661$ & $0.022503$ & $-0.00304558$ & $-0.0102241$ & $-0.0258135$ & $-0.00168497$ & $-0.0125974$ & $-0.0900843$ & $-0.0651744$ & $0.0103159$ & $-0.103131$ & $-0.00460549$ & $0.0340212$ & $-0.00043164$ & $1$ & $-0.0137248$ & $-0.13773$ & $0.0301518$ & $-0.198188$ & $0.00930167$ & $-0.0236943$ & $0.130603$ & $0.0950688$ & $0.0728392$ & $-0.0495454$ & $0.0717557$ & $0.00193769$ \\
eHWWpar & $-0.0314666$ & $-0.0518588$ & $-0.0351687$ & $0.00986489$ & $-0.0303382$ & $-0.0139846$ & $-0.0103808$ & $0.00679879$ & $0.00381598$ & $-0.0010816$ & $-0.0139549$ & $-0.00982615$ & $0.0174662$ & $0.0046989$ & $0.0129165$ & $0.00773952$ & $0.000937752$ & $-0.0106542$ & $-0.00695205$ & $0.00623653$ & $0.0023482$ & $0.0114256$ & $-0.0195603$ & $0.000146962$ & $-0.0076438$ & $0.0102791$ & $-0.00329023$ & $0.00591524$ & $-0.00280429$ & $-0.0286865$ & $-0.0212314$ & $-0.0227442$ & $-0.030774$ & $-0.0134498$ & $-0.00390842$ & $-0.00128408$ & $-0.0137248$ & $1$ & $-0.0080358$ & $0.0487843$ & $0.0417331$ & $-0.0198518$ & $-0.0360007$ & $-0.0360924$ & $-0.0275753$ & $-0.00513644$ & $0.00340115$ & $0.122057$ & $-0.0427231$ \\
eHZZint & $-0.0915097$ & $0.0160901$ & $0.00201323$ & $0.238966$ & $0.0444193$ & $-0.0125516$ & $0.183864$ & $0.00284102$ & $0.0067368$ & $0.01527$ & $0.00495847$ & $-0.210088$ & $-0.20747$ & $-0.0115482$ & $0.000213054$ & $0.0155272$ & $-0.00207857$ & $-0.0161136$ & $-0.00697096$ & $0.00623302$ & $0.00208518$ & $0.00333194$ & $0.00110355$ & $0.0207278$ & $-0.00845585$ & $0.0109651$ & $-0.0104757$ & $0.0142353$ & $-0.0369958$ & $-0.144582$ & $-0.113588$ & $0.176855$ & $-0.176142$ & $-0.00533652$ & $0.0450333$ & $-0.228594$ & $-0.13773$ & $-0.0080358$ & $1$ & $-0.0471248$ & $0.117552$ & $0.000642632$ & $0.0720685$ & $-0.0116864$ & $0.0318039$ & $-0.0691582$ & $-0.119456$ & $0.0483449$ & $-0.162803$ \\
eHZZpar & $0.00291937$ & $0.013777$ & $0.014932$ & $-0.0669843$ & $-0.0457018$ & $0.0395023$ & $0.0025932$ & $0.000766467$ & $0.000194307$ & $0.0211189$ & $-0.00678994$ & $0.0175657$ & $-0.00157901$ & $0.0188407$ & $0.000866236$ & $-0.0167697$ & $0.0107296$ & $0.0100305$ & $0.0143569$ & $0.00885804$ & $0.015405$ & $0.000748695$ & $0.005816$ & $-0.01668$ & $0.0149699$ & $0.00318589$ & $0.00770002$ & $-0.00579435$ & $0.00156658$ & $-0.00543929$ & $-0.0186508$ & $0.0105658$ & $0.0138566$ & $0.00425278$ & $-0.0544491$ & $0.024868$ & $0.0301518$ & $0.0487843$ & $-0.0471248$ & $1$ & $-0.0467614$ & $0.0215223$ & $0.00549408$ & $-0.0562997$ & $-0.11201$ & $0.000693408$ & $-0.0390115$ & $0.0175359$ & $0.0792547$ \\
eHZgaint & $-0.0194043$ & $-0.132926$ & $0.0208228$ & $-0.0181104$ & $0.0010209$ & $-0.0174694$ & $-0.12096$ & $0.0102326$ & $0.00618142$ & $-0.0517857$ & $-0.0086367$ & $0.125869$ & $0.127772$ & $0.0102809$ & $0.00420778$ & $0.00774819$ & $-0.00736751$ & $-0.00771229$ & $0.00703043$ & $-0.0036154$ & $-0.000691652$ & $-0.0113346$ & $-0.0344519$ & $0.0126382$ & $0.00455929$ & $0.0140439$ & $-0.00434831$ & $0.0158257$ & $0.0339339$ & $0.119874$ & $0.0520223$ & $-0.114045$ & $0.117567$ & $-0.017833$ & $-0.0906334$ & $-0.0515568$ & $-0.198188$ & $0.0417331$ & $0.117552$ & $-0.0467614$ & $1$ & $0.0697909$ & $-0.1297$ & $0.0287056$ & $0.0960302$ & $-0.0413528$ & $-0.0117429$ & $-0.1074$ & $-0.00478906$ \\
eHZgapar & $-0.0263123$ & $0.0959908$ & $0.00989032$ & $-0.0183118$ & $-0.0320374$ & $0.00137816$ & $-0.0150326$ & $-0.015585$ & $-0.0177949$ & $-0.019587$ & $0.0194032$ & $-0.00121945$ & $0.00773744$ & $0.0014124$ & $-0.0192106$ & $-0.0026777$ & $0.0042233$ & $0.011878$ & $0.0214184$ & $-0.0196895$ & $-0.0116701$ & $-0.00211729$ & $-0.00606169$ & $-0.00236203$ & $0.00937096$ & $0.0181969$ & $0.00803313$ & $0.0126747$ & $0.000811625$ & $0.00848298$ & $-0.00835993$ & $-0.0225179$ & $-0.0133196$ & $0.0126817$ & $-0.0253032$ & $-0.0538735$ & $0.00930167$ & $-0.0198518$ & $0.000642632$ & $0.0215223$ & $0.0697909$ & $1$ & $-0.0514285$ & $-0.00977442$ & $0.0375494$ & $0.066389$ & $0.0325429$ & $0.0194917$ & $-0.0552992$ \\
eHgagaint & $0.216315$ & $0.136726$ & $-0.0986066$ & $0.013196$ & $-6.43375e-05$ & $0.00933125$ & $0.0540621$ & $-0.0472756$ & $-0.0149438$ & $0.0365035$ & $0.0303353$ & $-0.00169409$ & $-0.0177041$ & $0.0137041$ & $-0.00897336$ & $0.000799393$ & $0.0279195$ & $0.0301943$ & $0.0207508$ & $-0.026268$ & $-0.03299$ & $-0.0143291$ & $0.0119723$ & $0.00652456$ & $0.00396027$ & $0.00169258$ & $-0.0181437$ & $-0.00952594$ & $-0.0254109$ & $-0.00140409$ & $0.00954066$ & $0.0671117$ & $-0.0166471$ & $-0.0143788$ & $0.0676941$ & $-0.0551543$ & $-0.0236943$ & $-0.0360007$ & $0.0720685$ & $0.00549408$ & $-0.1297$ & $-0.0514285$ & $1$ & $0.00883249$ & $0.00348878$ & $-0.0506718$ & $0.0929666$ & $-0.128103$ & $-0.0551689$ \\
eHmumuint & $0.151407$ & $0.0371594$ & $-0.00529424$ & $0.025318$ & $0.0205941$ & $-0.027935$ & $-0.0681488$ & $0.0226514$ & $0.0222319$ & $-0.0273373$ & $-0.0176603$ & $0.0493755$ & $0.0652292$ & $-0.0124906$ & $-0.00882841$ & $-0.00853559$ & $-0.00510678$ & $-0.00631011$ & $-0.00521209$ & $0.0132915$ & $0.0122504$ & $-0.00243262$ & $-0.000272429$ & $-0.0288331$ & $-0.0196056$ & $-0.028795$ & $0.00401041$ & $0.00775468$ & $0.0119817$ & $0.0570438$ & $0.0384284$ & $-0.0648124$ & $0.0369486$ & $0.0340104$ & $0.0895333$ & $0.03056$ & $0.130603$ & $-0.0360924$ & $-0.0116864$ & $-0.0562997$ & $0.0287056$ & $-0.00977442$ & $0.00883249$ & $1$ & $0.0641775$ & $0.0625566$ & $0.0487638$ & $-0.153194$ & $0.0379757$ \\
eHtautauint & $0.183275$ & $0.0739354$ & $-0.155234$ & $0.0960544$ & $0.01562$ & $-0.00349908$ & $-0.0823932$ & $-0.0707476$ & $-0.0721834$ & $0.0109094$ & $0.0503077$ & $0.0828644$ & $0.0941415$ & $0.0242111$ & $0.00141391$ & $0.00101121$ & $0.0436875$ & $0.0324035$ & $0.0263136$ & $-0.0749984$ & $-0.0318719$ & $-0.0585734$ & $-0.00889959$ & $0.0403995$ & $0.0247449$ & $-0.00560521$ & $-0.0483085$ & $-0.0175515$ & $0.024746$ & $0.104527$ & $0.0460467$ & $-0.0756716$ & $0.0455677$ & $-0.0423525$ & $-0.0645078$ & $-0.0384143$ & $0.0950688$ & $-0.0275753$ & $0.0318039$ & $-0.11201$ & $0.0960302$ & $0.0375494$ & $0.00348878$ & $0.0641775$ & $1$ & $0.0874976$ & $-0.0617505$ & $0.0256925$ & $-0.114305$ \\
eHccint & $0.194615$ & $0.0141574$ & $-0.119755$ & $0.0767945$ & $-0.00278233$ & $-0.0165322$ & $-0.0533236$ & $-0.0235335$ & $-0.0247445$ & $0.0105162$ & $0.000327518$ & $0.0712004$ & $0.0592274$ & $0.0024729$ & $-0.0502311$ & $-0.0103809$ & $0.0349381$ & $0.0415236$ & $0.0391844$ & $-0.0227506$ & $-0.00135894$ & $-0.028904$ & $0.000748013$ & $-0.00339468$ & $0.0241204$ & $-0.00661045$ & $0.00621342$ & $-0.0190484$ & $-0.000267393$ & $0.0480144$ & $0.084632$ & $-0.0567691$ & $0.0507585$ & $0.00924971$ & $-0.0448413$ & $-0.0363197$ & $0.0728392$ & $-0.00513644$ & $-0.0691582$ & $0.000693408$ & $-0.0413528$ & $0.066389$ & $-0.0506718$ & $0.0625566$ & $0.0874976$ & $1$ & $0.15613$ & $0.0193161$ & $0.0226392$ \\
eHccpar & $0.254484$ & $0.0417972$ & $0.0578333$ & $-0.124329$ & $-0.00368239$ & $-0.0396212$ & $0.121156$ & $0.0176404$ & $0.0227613$ & $-0.0225125$ & $-0.00904565$ & $-0.145694$ & $-0.116337$ & $-0.0302675$ & $-0.018571$ & $0.00874633$ & $-0.0223947$ & $-0.00567257$ & $-0.0338688$ & $0.0299773$ & $0.0132654$ & $-6.81088e-05$ & $-0.00796832$ & $-0.0346345$ & $-0.0366589$ & $0.000122985$ & $0.00213133$ & $0.00792825$ & $-0.0402954$ & $-0.0722893$ & $0.158299$ & $0.120227$ & $-0.0865454$ & $0.0257253$ & $-0.00591826$ & $-0.0411249$ & $-0.0495454$ & $0.00340115$ & $-0.119456$ & $-0.0390115$ & $-0.0117429$ & $0.0325429$ & $0.0929666$ & $0.0487638$ & $-0.0617505$ & $0.15613$ & $1$ & $-0.185294$ & $0.0213372$ \\
eHbbint & $-0.053988$ & $0.0078263$ & $0.0293545$ & $0.0958899$ & $0.0334497$ & $0.00509088$ & $0.0352837$ & $-0.00408832$ & $-0.00763259$ & $0.0199961$ & $0.00632502$ & $-0.0166003$ & $-0.0378404$ & $0.00346593$ & $0.0242965$ & $0.0037447$ & $0.00577263$ & $-0.0233407$ & $0.0132021$ & $-0.00376463$ & $0.00452928$ & $0.00501782$ & $0.0308963$ & $0.0230371$ & $0.0058857$ & $-0.0339047$ & $-0.000718727$ & $-0.0116832$ & $0.00438428$ & $-0.0323136$ & $-0.0695022$ & $0.0366307$ & $0.0269028$ & $-0.026104$ & $0.0745957$ & $-0.0468712$ & $0.0717557$ & $0.122057$ & $0.0483449$ & $0.0175359$ & $-0.1074$ & $0.0194917$ & $-0.128103$ & $-0.153194$ & $0.0256925$ & $0.0193161$ & $-0.185294$ & $1$ & $-0.0076565$ \\
eHbbpar & $-0.0305511$ & $-0.119604$ & $0.0727639$ & $-0.100951$ & $-0.0597026$ & $0.00672604$ & $-0.0177782$ & $0.031695$ & $0.0311315$ & $-0.0164002$ & $-0.0197701$ & $0.00682982$ & $0.018248$ & $-0.0019212$ & $-0.000716817$ & $-0.0038183$ & $-0.0114115$ & $-0.00595354$ & $-0.00639405$ & $0.0166381$ & $0.0271913$ & $0.0295771$ & $0.00551707$ & $-0.0209298$ & $-0.012882$ & $-0.0191342$ & $0.00370421$ & $0.0206236$ & $0.000424847$ & $0.011936$ & $0.013372$ & $-0.00934529$ & $0.263741$ & $0.0190718$ & $0.0731085$ & $0.0283332$ & $0.00193769$ & $-0.0427231$ & $-0.162803$ & $0.0792547$ & $-0.00478906$ & $-0.0552992$ & $-0.0551689$ & $0.0379757$ & $-0.114305$ & $0.0226392$ & $0.0213372$ & $-0.0076565$ & $1$ \\
