 & AlsMz & dAle5Mz & mtop & mHl & Mz & CW & CHG & CHWB & CHWHB_gaga & CHWHB_gagaorth & CHD & CHbox & CH & CHL1_11 & CHL1_22 & CHL1_33 & CHL3_11 & CHL3_22 & CHL3_33 & CHe_11 & CHe_22 & CHe_33 & CHQ1_11 & CHQ1_33 & CHQ3_11 & CHu_11 & CHd_11 & CHd_33 & CeH_22r & CeH_33r & CuH_22r & CuH_33r & CdH_33r & CLL_1221 & eHggint & eHggpar & eHWWint & eHWWpar & eHZZint & eHZZpar & eHZgaint & eHZgapar & eHgagaint & eHmumuint & eHtautauint & eHccint & eHccpar & eHbbint & eHbbpar \\
AlsMz & $1$ & $0.0322968$ & $0.0121142$ & $0.0535932$ & $-0.0148043$ & $-0.0101405$ & $-0.00439479$ & $-0.00249698$ & $-0.0073407$ & $0.0169454$ & $-0.017594$ & $0.0231843$ & $-0.0231242$ & $0.0367915$ & $-0.0232529$ & $0.0151474$ & $0.0278188$ & $0.0439698$ & $0.00924745$ & $0.00861251$ & $0.00929091$ & $0.011658$ & $-0.0565564$ & $-0.0480862$ & $-0.100447$ & $0.0136937$ & $-0.0331594$ & $0.0255082$ & $-0.0503136$ & $0.00777929$ & $-0.0430717$ & $-0.000565241$ & $0.0133533$ & $0.0231529$ & $0.0371528$ & $-0.0566576$ & $-0.051074$ & $0.00831383$ & $-0.0663812$ & $-0.0198051$ & $0.0118792$ & $0.044213$ & $-0.0273733$ & $-0.0153293$ & $-0.0253853$ & $0.0376703$ & $-0.00999034$ & $0.0414473$ & $0.0066524$ \\
dAle5Mz & $0.0322968$ & $1$ & $-0.00609534$ & $0.0122047$ & $0.0202099$ & $-0.00189531$ & $-0.0530838$ & $-0.110518$ & $-0.106516$ & $0.0658593$ & $0.0864484$ & $0.00874662$ & $0.0260239$ & $-0.0128149$ & $-0.0546648$ & $0.0604242$ & $0.0198475$ & $0.063453$ & $-0.0292529$ & $-0.0507634$ & $-0.0635672$ & $-0.068762$ & $-0.00518784$ & $0.0510408$ & $0.0370464$ & $0.0257137$ & $-0.0300897$ & $-0.0344566$ & $0.0137217$ & $0.053207$ & $0.00546175$ & $-0.0221508$ & $0.0594593$ & $0.0199962$ & $0.046251$ & $0.0022104$ & $-0.0500633$ & $0.0033749$ & $-0.0486841$ & $-0.0438956$ & $0.0017752$ & $-0.0133556$ & $-0.00673832$ & $-0.00915393$ & $-0.00725094$ & $0.0226488$ & $-0.0176456$ & $0.00890462$ & $0.0087362$ \\
mtop & $0.0121142$ & $-0.00609534$ & $1$ & $-0.0326914$ & $-0.0303661$ & $-0.0317346$ & $-0.00536319$ & $0.00472055$ & $0.00743084$ & $0.0214928$ & $8.65531e-05$ & $0.0472176$ & $-0.0321161$ & $-0.0121453$ & $-0.0279341$ & $0.0324859$ & $0.017607$ & $0.0301567$ & $-0.0162561$ & $0.0107904$ & $0.00984335$ & $0.0101012$ & $-0.0022559$ & $0.0102943$ & $-0.0093804$ & $0.0198752$ & $-0.00612098$ & $0.0367238$ & $-0.0114621$ & $0.00388306$ & $-0.0208086$ & $0.00489515$ & $-0.00554203$ & $0.0385703$ & $0.0456414$ & $0.00806352$ & $0.0570454$ & $-0.0517225$ & $0.00522294$ & $0.085629$ & $0.0143008$ & $0.0596661$ & $0.00485917$ & $-0.00779245$ & $-0.0512256$ & $0.0417483$ & $-0.0160271$ & $0.0553224$ & $-0.0384903$ \\
mHl & $0.0535932$ & $0.0122047$ & $-0.0326914$ & $1$ & $0.0414734$ & $0.00207216$ & $-0.0105453$ & $-0.0357808$ & $-0.0421169$ & $0.0277497$ & $0.0278953$ & $0.0242766$ & $-0.0221548$ & $0.0039337$ & $0.0168888$ & $-0.0442907$ & $0.0184083$ & $0.0017003$ & $0.040249$ & $-0.0271278$ & $-0.0273897$ & $-0.0400156$ & $0.032998$ & $0.0127606$ & $0.0205173$ & $-0.0481613$ & $-0.0211333$ & $-0.0235372$ & $-0.0249992$ & $-0.0431727$ & $-0.0470767$ & $0.00530948$ & $0.0252799$ & $-0.0428131$ & $0.0244148$ & $0.00197234$ & $-0.0139964$ & $0.0527177$ & $-0.0781279$ & $-0.0187524$ & $-0.0202241$ & $0.0350499$ & $-0.0201836$ & $-0.0065083$ & $-0.0507622$ & $0.0275264$ & $0.0103534$ & $0.0739339$ & $0.0438691$ \\
Mz & $-0.0148043$ & $0.0202099$ & $-0.0303661$ & $0.0414734$ & $1$ & $-0.00939938$ & $0.0451571$ & $0.00225898$ & $0.00866274$ & $0.0411967$ & $-0.00765784$ & $0.0131377$ & $0.00175166$ & $0.0260039$ & $0.0754151$ & $0.00752206$ & $0.0311665$ & $-0.0265256$ & $0.0286667$ & $0.017207$ & $0.0105459$ & $0.0210672$ & $-0.00619481$ & $0.0150997$ & $-0.00169272$ & $-0.0313781$ & $-0.0479887$ & $0.0826011$ & $-0.0283604$ & $0.0148993$ & $0.0184259$ & $0.0545087$ & $0.0467835$ & $-0.0536639$ & $0.00256156$ & $0.00340553$ & $0.000954797$ & $0.0800102$ & $0.0169253$ & $0.0482099$ & $-0.0143841$ & $-0.00632915$ & $0.00507415$ & $0.0604815$ & $-0.0086561$ & $0.0475709$ & $0.0522511$ & $0.0360659$ & $0.0519718$ \\
CW & $-0.0101405$ & $-0.00189531$ & $-0.0317346$ & $0.00207216$ & $-0.00939938$ & $1$ & $-0.010782$ & $-0.177603$ & $-0.175186$ & $0.0638706$ & $0.242898$ & $0.0610975$ & $-0.0265182$ & $0.00127258$ & $-0.0956053$ & $-0.132101$ & $-0.265702$ & $-0.0501678$ & $-0.0253312$ & $-0.243512$ & $-0.24578$ & $-0.249767$ & $0.0326138$ & $0.036594$ & $-0.095505$ & $0.0965036$ & $-0.121346$ & $-0.0691219$ & $0.0153735$ & $-0.00123391$ & $0.0302268$ & $-0.0065211$ & $0.0207313$ & $-0.162201$ & $0.0158805$ & $-0.0387962$ & $-0.0207374$ & $0.0466518$ & $0.00600089$ & $0.0281065$ & $0.0336424$ & $-0.0246328$ & $-0.0386156$ & $0.0667254$ & $-0.0291231$ & $-0.00575464$ & $0.0507044$ & $-0.0505596$ & $0.0780903$ \\
CHG & $-0.00439479$ & $-0.0530838$ & $-0.00536319$ & $-0.0105453$ & $0.0451571$ & $-0.010782$ & $1$ & $-0.124437$ & $-0.0694338$ & $0.0733625$ & $0.0678664$ & $0.284551$ & $-0.32355$ & $0.0715923$ & $-0.0339972$ & $-0.0185186$ & $0.12963$ & $0.137868$ & $0.126586$ & $-0.0678421$ & $-0.0709353$ & $-0.0651658$ & $-0.00748707$ & $0.140083$ & $0.123502$ & $0.035823$ & $-0.0539662$ & $0.00411786$ & $0.0354852$ & $-0.167593$ & $-0.0340917$ & $0.9254$ & $-0.164983$ & $-0.0695282$ & $-0.0650978$ & $-0.0540097$ & $0.0213991$ & $-0.0124349$ & $0.047095$ & $0.0609951$ & $0.0445873$ & $-0.0386014$ & $-0.00747592$ & $0.0124923$ & $-0.0266884$ & $0.0159758$ & $0.0722365$ & $-0.0268461$ & $0.0110509$ \\
CHWB & $-0.00249698$ & $-0.110518$ & $0.00472055$ & $-0.0357808$ & $0.00225898$ & $-0.177603$ & $-0.124437$ & $1$ & $0.983438$ & $-0.591908$ & $-0.881142$ & $-0.432709$ & $0.347944$ & $0.0522135$ & $0.274685$ & $0.296702$ & $-0.258229$ & $-0.453779$ & $-0.454532$ & $0.851954$ & $0.896795$ & $0.883505$ & $0.0613723$ & $-0.700651$ & $-0.430929$ & $-0.510256$ & $0.431586$ & $0.317973$ & $0.0341159$ & $0.0682673$ & $-0.00498538$ & $-0.140235$ & $0.0431671$ & $0.602241$ & $-0.00749276$ & $0.0602406$ & $0.0337711$ & $-0.0482876$ & $-0.034853$ & $0.0272657$ & $0.00791193$ & $0.0409552$ & $0.0061391$ & $-0.022652$ & $0.00608279$ & $0.0270287$ & $-0.0176723$ & $0.0144517$ & $-0.022041$ \\
CHWHB_gaga & $-0.0073407$ & $-0.106516$ & $0.00743084$ & $-0.0421169$ & $0.00866274$ & $-0.175186$ & $-0.0694338$ & $0.983438$ & $1$ & $-0.583584$ & $-0.864132$ & $-0.418272$ & $0.339596$ & $0.0424826$ & $0.27027$ & $0.288643$ & $-0.256337$ & $-0.451524$ & $-0.449499$ & $0.835442$ & $0.87958$ & $0.867055$ & $0.0552434$ & $-0.691312$ & $-0.427477$ & $-0.497898$ & $0.424113$ & $0.322208$ & $0.040706$ & $0.0819459$ & $0.00991644$ & $-0.0958133$ & $0.0615203$ & $0.593242$ & $-0.0334348$ & $0.0453798$ & $0.0250339$ & $-0.0505351$ & $-0.0374231$ & $0.0301311$ & $0.00771896$ & $0.0351837$ & $0.0843742$ & $-0.0308762$ & $0.00511318$ & $0.0213096$ & $-0.012388$ & $0.00488545$ & $-0.0150575$ \\
CHWHB_gagaorth & $0.0169454$ & $0.0658593$ & $0.0214928$ & $0.0277497$ & $0.0411967$ & $0.0638706$ & $0.0733625$ & $-0.591908$ & $-0.583584$ & $1$ & $0.379634$ & $0.486578$ & $-0.264021$ & $0.254469$ & $-0.130018$ & $-0.126961$ & $0.434953$ & $0.512195$ & $0.496745$ & $-0.361841$ & $-0.393055$ & $-0.389345$ & $-0.0261327$ & $0.579822$ & $0.491462$ & $0.196657$ & $-0.242849$ & $-0.148092$ & $-0.0277852$ & $-0.100597$ & $-0.0431314$ & $0.0973059$ & $-0.117277$ & $-0.375823$ & $0.0866988$ & $-0.0468611$ & $-0.0128032$ & $0.000312889$ & $0.0362483$ & $-0.0100634$ & $-0.0276105$ & $-0.00700934$ & $0.00875672$ & $0.00772369$ & $0.0215366$ & $-0.0615699$ & $0.0114737$ & $-0.0242837$ & $0.00323663$ \\
CHD & $-0.017594$ & $0.0864484$ & $8.65531e-05$ & $0.0278953$ & $-0.00765784$ & $0.242898$ & $0.0678664$ & $-0.881142$ & $-0.864132$ & $0.379634$ & $1$ & $0.285752$ & $-0.175794$ & $-0.471687$ & $-0.403002$ & $-0.416849$ & $-0.196252$ & $0.0879249$ & $0.0927666$ & $-0.990244$ & $-0.991799$ & $-0.970048$ & $0.00639268$ & $0.348028$ & $0.0515423$ & $0.544132$ & $-0.321103$ & $-0.357078$ & $-0.0169239$ & $-0.0325448$ & $0.0347246$ & $0.0943938$ & $-0.0136961$ & $-0.412256$ & $0.0114519$ & $-0.0400518$ & $-0.0406735$ & $0.0556977$ & $0.0232124$ & $-0.00673809$ & $-0.00885837$ & $-0.0286467$ & $-0.0133853$ & $0.037369$ & $-0.015375$ & $-0.0177437$ & $0.0309153$ & $-0.0115424$ & $-0.00610542$ \\
CHbox & $0.0231843$ & $0.00874662$ & $0.0472176$ & $0.0242766$ & $0.0131377$ & $0.0610975$ & $0.284551$ & $-0.432709$ & $-0.418272$ & $0.486578$ & $0.285752$ & $1$ & $-0.920081$ & $0.189775$ & $-0.101379$ & $-0.108954$ & $0.293877$ & $0.366497$ & $0.366261$ & $-0.27607$ & $-0.296573$ & $-0.291259$ & $-0.00727122$ & $0.412421$ & $0.353158$ & $0.159354$ & $-0.162232$ & $-0.145337$ & $-0.0384163$ & $-0.15012$ & $-0.0493548$ & $0.270786$ & $-0.167194$ & $-0.277142$ & $0.0204369$ & $-0.0606884$ & $-0.0377612$ & $0.0129505$ & $0.0410762$ & $0.0347486$ & $0.0168759$ & $-0.0459939$ & $0.0120117$ & $0.0236706$ & $-0.00749226$ & $-0.0248398$ & $0.0230349$ & $-0.00664048$ & $0.0453561$ \\
CH & $-0.0231242$ & $0.0260239$ & $-0.0321161$ & $-0.0221548$ & $0.00175166$ & $-0.0265182$ & $-0.32355$ & $0.347944$ & $0.339596$ & $-0.264021$ & $-0.175794$ & $-0.920081$ & $1$ & $-0.270564$ & $0.080348$ & $0.0896625$ & $-0.348302$ & $-0.394815$ & $-0.398221$ & $0.174898$ & $0.185535$ & $0.1817$ & $0.0034954$ & $-0.38734$ & $-0.385085$ & $-0.105399$ & $0.107018$ & $0.102248$ & $0.0474968$ & $0.25957$ & $0.0702563$ & $-0.263012$ & $0.274723$ & $0.222123$ & $0.0346298$ & $0.0688213$ & $0.0226037$ & $-0.0109374$ & $-0.0396489$ & $-0.037537$ & $-0.0245968$ & $0.0456145$ & $-0.00971679$ & $-0.0104127$ & $0.00942572$ & $0.00177735$ & $-0.0151516$ & $0.00047661$ & $-0.0580769$ \\
CHL1_11 & $0.0367915$ & $-0.0128149$ & $-0.0121453$ & $0.0039337$ & $0.0260039$ & $0.00127258$ & $0.0715923$ & $0.0522135$ & $0.0424826$ & $0.254469$ & $-0.471687$ & $0.189775$ & $-0.270564$ & $1$ & $0.271482$ & $0.253262$ & $0.677321$ & $0.610576$ & $0.607162$ & $0.490127$ & $0.432724$ & $0.412375$ & $-0.0871897$ & $0.468143$ & $0.601822$ & $-0.232961$ & $-0.0991166$ & $0.172068$ & $-0.0133123$ & $-0.0776248$ & $-0.0573562$ & $0.0440321$ & $-0.0575991$ & $-0.228854$ & $0.00065671$ & $0.000369257$ & $0.0168919$ & $-0.0140022$ & $-0.00226961$ & $-0.030795$ & $0.0135191$ & $-0.00267766$ & $0.00677454$ & $-0.0282004$ & $0.00969948$ & $-0.0271093$ & $-0.0108984$ & $-0.00920704$ & $0.0685968$ \\
CHL1_22 & $-0.0232529$ & $-0.0546648$ & $-0.0279341$ & $0.0168888$ & $0.0754151$ & $-0.0956053$ & $-0.0339972$ & $0.274685$ & $0.27027$ & $-0.130018$ & $-0.403002$ & $-0.101379$ & $0.080348$ & $0.271482$ & $1$ & $0.400584$ & $0.173147$ & $-0.42945$ & $0.00290703$ & $0.466795$ & $0.323439$ & $0.30494$ & $-0.186542$ & $0.118442$ & $-0.120946$ & $-0.152155$ & $-0.383993$ & $0.127811$ & $0.00737532$ & $0.0329642$ & $-0.00285697$ & $-0.0305213$ & $0.0291551$ & $-0.57134$ & $-0.0293889$ & $-0.00825141$ & $-0.00221801$ & $-0.00467213$ & $0.0065835$ & $-0.0406232$ & $-0.00877843$ & $-0.0244977$ & $0.0106496$ & $-0.0238579$ & $0.0055612$ & $0.0372837$ & $0.0492616$ & $-0.0183658$ & $-0.000867303$ \\
CHL1_33 & $0.0151474$ & $0.0604242$ & $0.0324859$ & $-0.0442907$ & $0.00752206$ & $-0.132101$ & $-0.0185186$ & $0.296702$ & $0.288643$ & $-0.126961$ & $-0.416849$ & $-0.108954$ & $0.0896625$ & $0.253262$ & $0.400584$ & $1$ & $0.162686$ & $-0.00438683$ & $-0.439274$ & $0.480486$ & $0.343771$ & $0.350839$ & $-0.241887$ & $0.0759143$ & $-0.138554$ & $-0.124875$ & $-0.370229$ & $0.183441$ & $-0.0248056$ & $0.0185525$ & $-0.0252931$ & $-0.0221416$ & $-0.00669797$ & $-0.0294452$ & $-0.0286485$ & $0.0190641$ & $0.0267571$ & $-0.0487774$ & $0.0254775$ & $-0.0207772$ & $-0.0241165$ & $-0.0336291$ & $-0.0358879$ & $-0.00667342$ & $0.0369876$ & $0.0189372$ & $-0.064108$ & $-0.0200648$ & $-0.0319967$ \\
CHL3_11 & $0.0278188$ & $0.0198475$ & $0.017607$ & $0.0184083$ & $0.0311665$ & $-0.265702$ & $0.12963$ & $-0.258229$ & $-0.256337$ & $0.434953$ & $-0.196252$ & $0.293877$ & $-0.348302$ & $0.677321$ & $0.173147$ & $0.162686$ & $1$ & $0.747846$ & $0.738549$ & $0.222666$ & $0.16617$ & $0.151378$ & $-0.102924$ & $0.687397$ & $0.792391$ & $-0.0523309$ & $-0.123737$ & $0.0613547$ & $-0.0440617$ & $-0.0719133$ & $-0.0588895$ & $0.101384$ & $-0.0678683$ & $-0.264944$ & $-0.00896852$ & $-0.054359$ & $0.0268074$ & $-0.0165504$ & $0.0394432$ & $-0.0274925$ & $-0.00784883$ & $-0.0213406$ & $0.0206068$ & $-0.0302267$ & $0.0232453$ & $-0.00574134$ & $-0.026839$ & $0.00930583$ & $0.0429458$ \\
CHL3_22 & $0.0439698$ & $0.063453$ & $0.0301567$ & $0.0017003$ & $-0.0265256$ & $-0.0501678$ & $0.137868$ & $-0.453779$ & $-0.451524$ & $0.512195$ & $0.0879249$ & $0.366497$ & $-0.394815$ & $0.610576$ & $-0.42945$ & $-0.00438683$ & $0.747846$ & $1$ & $0.668304$ & $-0.0866137$ & $-0.0835269$ & $-0.0854595$ & $-0.0165937$ & $0.627468$ & $0.801634$ & $0.0632766$ & $-0.00406963$ & $-0.0243006$ & $-0.0378925$ & $-0.0962288$ & $-0.0540745$ & $0.115576$ & $-0.0839061$ & $-0.00773886$ & $0.0128678$ & $-0.0330769$ & $0.0196773$ & $-0.00491686$ & $0.0285777$ & $-0.0144923$ & $0.00705703$ & $-0.00955607$ & $0.0059023$ & $-0.0108941$ & $0.0179195$ & $-0.0442839$ & $-0.0554641$ & $0.00657566$ & $0.0454979$ \\
CHL3_33 & $0.00924745$ & $-0.0292529$ & $-0.0162561$ & $0.040249$ & $0.0286667$ & $-0.0253312$ & $0.126586$ & $-0.454532$ & $-0.449499$ & $0.496745$ & $0.0927666$ & $0.366261$ & $-0.398221$ & $0.607162$ & $0.00290703$ & $-0.439274$ & $0.738549$ & $0.668304$ & $1$ & $-0.0940136$ & $-0.089538$ & $-0.0892986$ & $0.0309702$ & $0.633877$ & $0.804637$ & $0.0415783$ & $0.00928875$ & $-0.0674059$ & $-0.0187454$ & $-0.0884366$ & $-0.0353452$ & $0.109783$ & $-0.063289$ & $-0.391574$ & $0.0100176$ & $-0.0453121$ & $-0.0100546$ & $0.0230392$ & $0.0118571$ & $-0.0261164$ & $0.0166291$ & $-0.00314126$ & $0.0350086$ & $-0.0196488$ & $-6.5833e-05$ & $-0.0273081$ & $0.034343$ & $-0.00155011$ & $0.0742553$ \\
CHe_11 & $0.00861251$ & $-0.0507634$ & $0.0107904$ & $-0.0271278$ & $0.017207$ & $-0.243512$ & $-0.0678421$ & $0.851954$ & $0.835442$ & $-0.361841$ & $-0.990244$ & $-0.27607$ & $0.174898$ & $0.490127$ & $0.466795$ & $0.480486$ & $0.222666$ & $-0.0866137$ & $-0.0940136$ & $1$ & $0.974564$ & $0.951771$ & $-0.0376721$ & $-0.292693$ & $-0.0438888$ & $-0.529066$ & $0.246334$ & $0.35289$ & $0.0179212$ & $0.0339429$ & $-0.0347122$ & $-0.0906156$ & $0.0149762$ & $0.339205$ & $-0.0142965$ & $0.0375929$ & $0.0396448$ & $-0.0534705$ & $-0.0167655$ & $0.0012706$ & $0.00348556$ & $0.0223522$ & $0.015507$ & $-0.0393006$ & $0.0209516$ & $0.0197254$ & $-0.0327616$ & $0.0101$ & $0.00103277$ \\
CHe_22 & $0.00929091$ & $-0.0635672$ & $0.00984335$ & $-0.0273897$ & $0.0105459$ & $-0.24578$ & $-0.0709353$ & $0.896795$ & $0.87958$ & $-0.393055$ & $-0.991799$ & $-0.296573$ & $0.185535$ & $0.432724$ & $0.323439$ & $0.343771$ & $0.16617$ & $-0.0835269$ & $-0.089538$ & $0.974564$ & $1$ & $0.975863$ & $0.0278022$ & $-0.397037$ & $-0.0549553$ & $-0.556194$ & $0.397889$ & $0.350838$ & $0.0230915$ & $0.0335579$ & $-0.034215$ & $-0.0972652$ & $0.0137989$ & $0.490772$ & $-0.00739245$ & $0.0430359$ & $0.0373591$ & $-0.0520934$ & $-0.0248028$ & $0.0148007$ & $0.00647582$ & $0.0358774$ & $0.0150412$ & $-0.0368377$ & $0.014823$ & $0.017334$ & $-0.0295692$ & $0.012939$ & $0.00410449$ \\
CHe_33 & $0.011658$ & $-0.068762$ & $0.0101012$ & $-0.0400156$ & $0.0210672$ & $-0.249767$ & $-0.0651658$ & $0.883505$ & $0.867055$ & $-0.389345$ & $-0.970048$ & $-0.291259$ & $0.1817$ & $0.412375$ & $0.30494$ & $0.350839$ & $0.151378$ & $-0.0854595$ & $-0.0892986$ & $0.951771$ & $0.975863$ & $1$ & $0.0402061$ & $-0.4043$ & $-0.0581647$ & $-0.544028$ & $0.403619$ & $0.345999$ & $0.019387$ & $0.0297542$ & $-0.0346496$ & $-0.090207$ & $0.00987057$ & $0.495493$ & $-0.0075634$ & $0.0476589$ & $0.0325671$ & $-0.0536985$ & $-0.031356$ & $0.010512$ & $0.00741784$ & $0.037828$ & $0.0128905$ & $-0.0361265$ & $0.0134062$ & $0.018119$ & $-0.0274141$ & $0.00759029$ & $0.0142602$ \\
CHQ1_11 & $-0.0565564$ & $-0.00518784$ & $-0.0022559$ & $0.032998$ & $-0.00619481$ & $0.0326138$ & $-0.00748707$ & $0.0613723$ & $0.0552434$ & $-0.0261327$ & $0.00639268$ & $-0.00727122$ & $0.0034954$ & $-0.0871897$ & $-0.186542$ & $-0.241887$ & $-0.102924$ & $-0.0165937$ & $0.0309702$ & $-0.0376721$ & $0.0278022$ & $0.0402061$ & $1$ & $-0.154445$ & $0.0876201$ & $-0.685061$ & $0.383836$ & $0.0198986$ & $0.0288132$ & $-0.0655949$ & $-0.0285618$ & $-0.0125321$ & $-0.0242019$ & $0.194472$ & $0.0261451$ & $-0.00737435$ & $-0.0568733$ & $0.0156914$ & $-0.032049$ & $-0.0154933$ & $-0.0326641$ & $-0.0258402$ & $0.0525106$ & $0.00528548$ & $-0.0236476$ & $-0.00702635$ & $0.0268481$ & $0.0216607$ & $-0.00220965$ \\
CHQ1_33 & $-0.0480862$ & $0.0510408$ & $0.0102943$ & $0.0127606$ & $0.0150997$ & $0.036594$ & $0.140083$ & $-0.700651$ & $-0.691312$ & $0.579822$ & $0.348028$ & $0.412421$ & $-0.38734$ & $0.468143$ & $0.118442$ & $0.0759143$ & $0.687397$ & $0.627468$ & $0.633877$ & $-0.292693$ & $-0.397037$ & $-0.4043$ & $-0.154445$ & $1$ & $0.652127$ & $0.253447$ & $-0.424333$ & $-0.0348035$ & $-0.0120009$ & $-0.0801956$ & $-0.0309371$ & $0.137308$ & $-0.0611355$ & $-0.655019$ & $-0.0266401$ & $-0.0566982$ & $0.00647466$ & $-0.00187158$ & $0.0683342$ & $-0.0449935$ & $-0.0233265$ & $-0.0330123$ & $0.0143541$ & $-0.0151355$ & $0.031047$ & $-0.0259531$ & $-0.00668694$ & $-0.0298518$ & $0.0351155$ \\
CHQ3_11 & $-0.100447$ & $0.0370464$ & $-0.0093804$ & $0.0205173$ & $-0.00169272$ & $-0.095505$ & $0.123502$ & $-0.430929$ & $-0.427477$ & $0.491462$ & $0.0515423$ & $0.353158$ & $-0.385085$ & $0.601822$ & $-0.120946$ & $-0.138554$ & $0.792391$ & $0.801634$ & $0.804637$ & $-0.0438888$ & $-0.0549553$ & $-0.0581647$ & $0.0876201$ & $0.652127$ & $1$ & $0.0212046$ & $0.205863$ & $-0.0549539$ & $-0.00849881$ & $-0.0750117$ & $-0.0486242$ & $0.10146$ & $-0.0696701$ & $-0.235617$ & $0.0200637$ & $-0.0294074$ & $-0.0152032$ & $0.00949203$ & $0.0201865$ & $-0.0279409$ & $0.00526999$ & $-0.0212682$ & $0.0311369$ & $-0.0185659$ & $-0.0244294$ & $-0.0266944$ & $-0.0154469$ & $0.00112736$ & $0.0646208$ \\
CHu_11 & $0.0136937$ & $0.0257137$ & $0.0198752$ & $-0.0481613$ & $-0.0313781$ & $0.0965036$ & $0.035823$ & $-0.510256$ & $-0.497898$ & $0.196657$ & $0.544132$ & $0.159354$ & $-0.105399$ & $-0.232961$ & $-0.152155$ & $-0.124875$ & $-0.0523309$ & $0.0632766$ & $0.0415783$ & $-0.529066$ & $-0.556194$ & $-0.544028$ & $-0.685061$ & $0.253447$ & $0.0212046$ & $1$ & $-0.256063$ & $-0.209436$ & $-0.0430273$ & $0.0221712$ & $0.0444286$ & $0.0447235$ & $0.0116173$ & $-0.299461$ & $0.00771417$ & $-0.0109796$ & $0.0159104$ & $0.00873489$ & $0.0352755$ & $0.0196954$ & $0.047772$ & $0.00783591$ & $-0.0648833$ & $0.0105671$ & $0.00442824$ & $0.000167842$ & $-0.0221773$ & $-0.0076593$ & $0.0160771$ \\
CHd_11 & $-0.0331594$ & $-0.0300897$ & $-0.00612098$ & $-0.0211333$ & $-0.0479887$ & $-0.121346$ & $-0.0539662$ & $0.431586$ & $0.424113$ & $-0.242849$ & $-0.321103$ & $-0.162232$ & $0.107018$ & $-0.0991166$ & $-0.383993$ & $-0.370229$ & $-0.123737$ & $-0.00406963$ & $0.00928875$ & $0.246334$ & $0.397889$ & $0.403619$ & $0.383836$ & $-0.424333$ & $0.205863$ & $-0.256063$ & $1$ & $0.0661345$ & $0.0489816$ & $0.0273966$ & $-0.0105971$ & $-0.0726693$ & $0.0106092$ & $0.673107$ & $0.0365781$ & $0.0375163$ & $-0.0172499$ & $-0.0208152$ & $-0.0352953$ & $0.0306254$ & $0.0195974$ & $0.0482172$ & $0.0273735$ & $-0.0174461$ & $-0.0493795$ & $0.00409139$ & $-0.0163469$ & $0.0244801$ & $0.0203924$ \\
CHd_33 & $0.0255082$ & $-0.0344566$ & $0.0367238$ & $-0.0235372$ & $0.0826011$ & $-0.0691219$ & $0.00411786$ & $0.317973$ & $0.322208$ & $-0.148092$ & $-0.357078$ & $-0.145337$ & $0.102248$ & $0.172068$ & $0.127811$ & $0.183441$ & $0.0613547$ & $-0.0243006$ & $-0.0674059$ & $0.35289$ & $0.350838$ & $0.345999$ & $0.0198986$ & $-0.0348035$ & $-0.0549539$ & $-0.209436$ & $0.0661345$ & $1$ & $0.0273117$ & $0.0279374$ & $0.0104988$ & $-0.0154412$ & $0.026897$ & $0.161521$ & $-0.005566$ & $0.0321835$ & $0.0722896$ & $-0.0285736$ & $-0.0266723$ & $-0.00346355$ & $0.0162477$ & $0.000378438$ & $0.0322522$ & $-0.0330292$ & $0.0558245$ & $0.0544404$ & $-0.048634$ & $0.0547876$ & $0.0265338$ \\
CeH_22r & $-0.0503136$ & $0.0137217$ & $-0.0114621$ & $-0.0249992$ & $-0.0283604$ & $0.0153735$ & $0.0354852$ & $0.0341159$ & $0.040706$ & $-0.0277852$ & $-0.0169239$ & $-0.0384163$ & $0.0474968$ & $-0.0133123$ & $0.00737532$ & $-0.0248056$ & $-0.0440617$ & $-0.0378925$ & $-0.0187454$ & $0.0179212$ & $0.0230915$ & $0.019387$ & $0.0288132$ & $-0.0120009$ & $-0.00849881$ & $-0.0430273$ & $0.0489816$ & $0.0273117$ & $1$ & $0.0100613$ & $0.0613688$ & $0.0121412$ & $0.0102316$ & $0.0154104$ & $0.0219449$ & $0.0188091$ & $-0.0256082$ & $0.0325842$ & $0.018884$ & $-0.00199036$ & $-0.00335055$ & $0.0617329$ & $0.00103851$ & $0.0488737$ & $-0.0368764$ & $-0.0453757$ & $0.0130748$ & $-0.0436161$ & $0.0028881$ \\
CeH_33r & $0.00777929$ & $0.053207$ & $0.00388306$ & $-0.0431727$ & $0.0148993$ & $-0.00123391$ & $-0.167593$ & $0.0682673$ & $0.0819459$ & $-0.100597$ & $-0.0325448$ & $-0.15012$ & $0.25957$ & $-0.0776248$ & $0.0329642$ & $0.0185525$ & $-0.0719133$ & $-0.0962288$ & $-0.0884366$ & $0.0339429$ & $0.0335579$ & $0.0297542$ & $-0.0655949$ & $-0.0801956$ & $-0.0750117$ & $0.0221712$ & $0.0273966$ & $0.0279374$ & $0.0100613$ & $1$ & $0.264875$ & $0.01208$ & $0.65454$ & $0.0363166$ & $-0.0152665$ & $-0.000565687$ & $-0.194767$ & $-0.0141876$ & $-0.0472483$ & $-0.0575839$ & $-0.0204575$ & $0.0189938$ & $-0.0213989$ & $0.0156409$ & $0.0474799$ & $-0.00288071$ & $0.0120753$ & $-0.00148874$ & $0.0620457$ \\
CuH_22r & $-0.0430717$ & $0.00546175$ & $-0.0208086$ & $-0.0470767$ & $0.0184259$ & $0.0302268$ & $-0.0340917$ & $-0.00498538$ & $0.00991644$ & $-0.0431314$ & $0.0347246$ & $-0.0493548$ & $0.0702563$ & $-0.0573562$ & $-0.00285697$ & $-0.0252931$ & $-0.0588895$ & $-0.0540745$ & $-0.0353452$ & $-0.0347122$ & $-0.034215$ & $-0.0346496$ & $-0.0285618$ & $-0.0309371$ & $-0.0486242$ & $0.0444286$ & $-0.0105971$ & $0.0104988$ & $0.0613688$ & $0.264875$ & $1$ & $0.0348783$ & $0.273677$ & $-0.00419431$ & $-0.00247026$ & $0.0227965$ & $-0.0863931$ & $-0.00246232$ & $0.023876$ & $-0.0235889$ & $0.0547024$ & $0.00589834$ & $-0.0389479$ & $0.0130773$ & $-0.0261356$ & $0.00682714$ & $0.391794$ & $0.0123276$ & $0.0294256$ \\
CuH_33r & $-0.000565241$ & $-0.0221508$ & $0.00489515$ & $0.00530948$ & $0.0545087$ & $-0.0065211$ & $0.9254$ & $-0.140235$ & $-0.0958133$ & $0.0973059$ & $0.0943938$ & $0.270786$ & $-0.263012$ & $0.0440321$ & $-0.0305213$ & $-0.0221416$ & $0.101384$ & $0.115576$ & $0.109783$ & $-0.0906156$ & $-0.0972652$ & $-0.090207$ & $-0.0125321$ & $0.137308$ & $0.10146$ & $0.0447235$ & $-0.0726693$ & $-0.0154412$ & $0.0121412$ & $0.01208$ & $0.0348783$ & $1$ & $0.0365638$ & $-0.0870325$ & $0.0123832$ & $0.00217605$ & $-0.0269098$ & $-0.00806018$ & $0.0380429$ & $0.0583236$ & $0.0324427$ & $-0.0244056$ & $-0.0128535$ & $0.0137224$ & $-0.0291924$ & $-0.0213491$ & $0.0822367$ & $-0.00990515$ & $0.0150722$ \\
CdH_33r & $0.0133533$ & $0.0594593$ & $-0.00554203$ & $0.0252799$ & $0.0467835$ & $0.0207313$ & $-0.164983$ & $0.0431671$ & $0.0615203$ & $-0.117277$ & $-0.0136961$ & $-0.167194$ & $0.274723$ & $-0.0575991$ & $0.0291551$ & $-0.00669797$ & $-0.0678683$ & $-0.0839061$ & $-0.063289$ & $0.0149762$ & $0.0137989$ & $0.00987057$ & $-0.0242019$ & $-0.0611355$ & $-0.0696701$ & $0.0116173$ & $0.0106092$ & $0.026897$ & $0.0102316$ & $0.65454$ & $0.273677$ & $0.0365638$ & $1$ & $0.0110757$ & $-0.0340784$ & $-0.0132904$ & $-0.210931$ & $0.00182247$ & $-0.0809722$ & $-0.0280624$ & $-0.0114462$ & $0.000883843$ & $-0.0289204$ & $0.0655627$ & $-0.0492232$ & $-0.0201526$ & $0.0216802$ & $0.229062$ & $0.49987$ \\
CLL_1221 & $0.0231529$ & $0.0199962$ & $0.0385703$ & $-0.0428131$ & $-0.0536639$ & $-0.162201$ & $-0.0695282$ & $0.602241$ & $0.593242$ & $-0.375823$ & $-0.412256$ & $-0.277142$ & $0.222123$ & $-0.228854$ & $-0.57134$ & $-0.0294452$ & $-0.264944$ & $-0.00773886$ & $-0.391574$ & $0.339205$ & $0.490772$ & $0.495493$ & $0.194472$ & $-0.655019$ & $-0.235617$ & $-0.299461$ & $0.673107$ & $0.161521$ & $0.0154104$ & $0.0363166$ & $-0.00419431$ & $-0.0870325$ & $0.0110757$ & $1$ & $0.018209$ & $0.0461354$ & $0.037818$ & $-0.0395341$ & $-0.0247387$ & $0.0516003$ & $0.0104488$ & $0.0497512$ & $-0.00199187$ & $-0.00447905$ & $0.00605837$ & $0.00121487$ & $-0.0589897$ & $0.0336717$ & $-0.028219$ \\
eHggint & $0.0371528$ & $0.046251$ & $0.0456414$ & $0.0244148$ & $0.00256156$ & $0.0158805$ & $-0.0650978$ & $-0.00749276$ & $-0.0334348$ & $0.0866988$ & $0.0114519$ & $0.0204369$ & $0.0346298$ & $0.00065671$ & $-0.0293889$ & $-0.0286485$ & $-0.00896852$ & $0.0128678$ & $0.0100176$ & $-0.0142965$ & $-0.00739245$ & $-0.0075634$ & $0.0261451$ & $-0.0266401$ & $0.0200637$ & $0.00771417$ & $0.0365781$ & $-0.005566$ & $0.0219449$ & $-0.0152665$ & $-0.00247026$ & $0.0123832$ & $-0.0340784$ & $0.018209$ & $1$ & $-0.0906701$ & $-0.0195956$ & $0.0409158$ & $0.0650187$ & $-0.0124972$ & $0.0257215$ & $0.026632$ & $-0.0251227$ & $-0.0287455$ & $-0.0508187$ & $-0.0405644$ & $0.005688$ & $-0.00333521$ & $0.00699544$ \\
eHggpar & $-0.0566576$ & $0.0022104$ & $0.00806352$ & $0.00197234$ & $0.00340553$ & $-0.0387962$ & $-0.0540097$ & $0.0602406$ & $0.0453798$ & $-0.0468611$ & $-0.0400518$ & $-0.0606884$ & $0.0688213$ & $0.000369257$ & $-0.00825141$ & $0.0190641$ & $-0.054359$ & $-0.0330769$ & $-0.0453121$ & $0.0375929$ & $0.0430359$ & $0.0476589$ & $-0.00737435$ & $-0.0566982$ & $-0.0294074$ & $-0.0109796$ & $0.0375163$ & $0.0321835$ & $0.0188091$ & $-0.000565687$ & $0.0227965$ & $0.00217605$ & $-0.0132904$ & $0.0461354$ & $-0.0906701$ & $1$ & $0.0609021$ & $-0.0119475$ & $-0.0507894$ & $-0.0213679$ & $0.015894$ & $0.0042532$ & $0.0725739$ & $-0.00694611$ & $0.038808$ & $0.00961305$ & $0.0305657$ & $-0.0138028$ & $-0.0566212$ \\
eHWWint & $-0.051074$ & $-0.0500633$ & $0.0570454$ & $-0.0139964$ & $0.000954797$ & $-0.0207374$ & $0.0213991$ & $0.0337711$ & $0.0250339$ & $-0.0128032$ & $-0.0406735$ & $-0.0377612$ & $0.0226037$ & $0.0168919$ & $-0.00221801$ & $0.0267571$ & $0.0268074$ & $0.0196773$ & $-0.0100546$ & $0.0396448$ & $0.0373591$ & $0.0325671$ & $-0.0568733$ & $0.00647466$ & $-0.0152032$ & $0.0159104$ & $-0.0172499$ & $0.0722896$ & $-0.0256082$ & $-0.194767$ & $-0.0863931$ & $-0.0269098$ & $-0.210931$ & $0.037818$ & $-0.0195956$ & $0.0609021$ & $1$ & $-0.0255728$ & $0.0200661$ & $0.0112208$ & $0.0222816$ & $-0.00272997$ & $0.0265255$ & $0.0318448$ & $0.083117$ & $-0.035199$ & $-0.0370104$ & $-0.0325916$ & $-0.0203376$ \\
eHWWpar & $0.00831383$ & $0.0033749$ & $-0.0517225$ & $0.0527177$ & $0.0800102$ & $0.0466518$ & $-0.0124349$ & $-0.0482876$ & $-0.0505351$ & $0.000312889$ & $0.0556977$ & $0.0129505$ & $-0.0109374$ & $-0.0140022$ & $-0.00467213$ & $-0.0487774$ & $-0.0165504$ & $-0.00491686$ & $0.0230392$ & $-0.0534705$ & $-0.0520934$ & $-0.0536985$ & $0.0156914$ & $-0.00187158$ & $0.00949203$ & $0.00873489$ & $-0.0208152$ & $-0.0285736$ & $0.0325842$ & $-0.0141876$ & $-0.00246232$ & $-0.00806018$ & $0.00182247$ & $-0.0395341$ & $0.0409158$ & $-0.0119475$ & $-0.0255728$ & $1$ & $-0.0237387$ & $-0.000557269$ & $-0.00618161$ & $0.0423018$ & $-0.074154$ & $-0.0405747$ & $-0.0527517$ & $-0.0214796$ & $0.0327219$ & $-0.00393795$ & $0.00673271$ \\
eHZZint & $-0.0663812$ & $-0.0486841$ & $0.00522294$ & $-0.0781279$ & $0.0169253$ & $0.00600089$ & $0.047095$ & $-0.034853$ & $-0.0374231$ & $0.0362483$ & $0.0232124$ & $0.0410762$ & $-0.0396489$ & $-0.00226961$ & $0.0065835$ & $0.0254775$ & $0.0394432$ & $0.0285777$ & $0.0118571$ & $-0.0167655$ & $-0.0248028$ & $-0.031356$ & $-0.032049$ & $0.0683342$ & $0.0201865$ & $0.0352755$ & $-0.0352953$ & $-0.0266723$ & $0.018884$ & $-0.0472483$ & $0.023876$ & $0.0380429$ & $-0.0809722$ & $-0.0247387$ & $0.0650187$ & $-0.0507894$ & $0.0200661$ & $-0.0237387$ & $1$ & $0.0265525$ & $0.00948215$ & $-0.0323499$ & $0.0129953$ & $-0.0294478$ & $0.0150736$ & $-0.0224423$ & $0.0133603$ & $-0.0702017$ & $-0.0248712$ \\
eHZZpar & $-0.0198051$ & $-0.0438956$ & $0.085629$ & $-0.0187524$ & $0.0482099$ & $0.0281065$ & $0.0609951$ & $0.0272657$ & $0.0301311$ & $-0.0100634$ & $-0.00673809$ & $0.0347486$ & $-0.037537$ & $-0.030795$ & $-0.0406232$ & $-0.0207772$ & $-0.0274925$ & $-0.0144923$ & $-0.0261164$ & $0.0012706$ & $0.0148007$ & $0.010512$ & $-0.0154933$ & $-0.0449935$ & $-0.0279409$ & $0.0196954$ & $0.0306254$ & $-0.00346355$ & $-0.00199036$ & $-0.0575839$ & $-0.0235889$ & $0.0583236$ & $-0.0280624$ & $0.0516003$ & $-0.0124972$ & $-0.0213679$ & $0.0112208$ & $-0.000557269$ & $0.0265525$ & $1$ & $0.018317$ & $-0.00860322$ & $-0.0401852$ & $-0.00596403$ & $-0.0235369$ & $0.0387418$ & $-0.0636679$ & $-0.0111981$ & $0.0250905$ \\
eHZgaint & $0.0118792$ & $0.0017752$ & $0.0143008$ & $-0.0202241$ & $-0.0143841$ & $0.0336424$ & $0.0445873$ & $0.00791193$ & $0.00771896$ & $-0.0276105$ & $-0.00885837$ & $0.0168759$ & $-0.0245968$ & $0.0135191$ & $-0.00877843$ & $-0.0241165$ & $-0.00784883$ & $0.00705703$ & $0.0166291$ & $0.00348556$ & $0.00647582$ & $0.00741784$ & $-0.0326641$ & $-0.0233265$ & $0.00526999$ & $0.047772$ & $0.0195974$ & $0.0162477$ & $-0.00335055$ & $-0.0204575$ & $0.0547024$ & $0.0324427$ & $-0.0114462$ & $0.0104488$ & $0.0257215$ & $0.015894$ & $0.0222816$ & $-0.00618161$ & $0.00948215$ & $0.018317$ & $1$ & $-0.0207784$ & $-0.0816199$ & $0.0242126$ & $-0.0115222$ & $-0.00733718$ & $-0.0308922$ & $0.0299632$ & $-0.00615928$ \\
eHZgapar & $0.044213$ & $-0.0133556$ & $0.0596661$ & $0.0350499$ & $-0.00632915$ & $-0.0246328$ & $-0.0386014$ & $0.0409552$ & $0.0351837$ & $-0.00700934$ & $-0.0286467$ & $-0.0459939$ & $0.0456145$ & $-0.00267766$ & $-0.0244977$ & $-0.0336291$ & $-0.0213406$ & $-0.00955607$ & $-0.00314126$ & $0.0223522$ & $0.0358774$ & $0.037828$ & $-0.0258402$ & $-0.0330123$ & $-0.0212682$ & $0.00783591$ & $0.0482172$ & $0.000378438$ & $0.0617329$ & $0.0189938$ & $0.00589834$ & $-0.0244056$ & $0.000883843$ & $0.0497512$ & $0.026632$ & $0.0042532$ & $-0.00272997$ & $0.0423018$ & $-0.0323499$ & $-0.00860322$ & $-0.0207784$ & $1$ & $0.0345812$ & $-0.0189942$ & $-0.0261471$ & $-0.00757063$ & $0.0466768$ & $-0.000550503$ & $-0.0222169$ \\
eHgagaint & $-0.0273733$ & $-0.00673832$ & $0.00485917$ & $-0.0201836$ & $0.00507415$ & $-0.0386156$ & $-0.00747592$ & $0.0061391$ & $0.0843742$ & $0.00875672$ & $-0.0133853$ & $0.0120117$ & $-0.00971679$ & $0.00677454$ & $0.0106496$ & $-0.0358879$ & $0.0206068$ & $0.0059023$ & $0.0350086$ & $0.015507$ & $0.0150412$ & $0.0128905$ & $0.0525106$ & $0.0143541$ & $0.0311369$ & $-0.0648833$ & $0.0273735$ & $0.0322522$ & $0.00103851$ & $-0.0213989$ & $-0.0389479$ & $-0.0128535$ & $-0.0289204$ & $-0.00199187$ & $-0.0251227$ & $0.0725739$ & $0.0265255$ & $-0.074154$ & $0.0129953$ & $-0.0401852$ & $-0.0816199$ & $0.0345812$ & $1$ & $-0.132205$ & $0.0382987$ & $-0.0367021$ & $-0.00683486$ & $-0.0243658$ & $-0.0480156$ \\
eHmumuint & $-0.0153293$ & $-0.00915393$ & $-0.00779245$ & $-0.0065083$ & $0.0604815$ & $0.0667254$ & $0.0124923$ & $-0.022652$ & $-0.0308762$ & $0.00772369$ & $0.037369$ & $0.0236706$ & $-0.0104127$ & $-0.0282004$ & $-0.0238579$ & $-0.00667342$ & $-0.0302267$ & $-0.0108941$ & $-0.0196488$ & $-0.0393006$ & $-0.0368377$ & $-0.0361265$ & $0.00528548$ & $-0.0151355$ & $-0.0185659$ & $0.0105671$ & $-0.0174461$ & $-0.0330292$ & $0.0488737$ & $0.0156409$ & $0.0130773$ & $0.0137224$ & $0.0655627$ & $-0.00447905$ & $-0.0287455$ & $-0.00694611$ & $0.0318448$ & $-0.0405747$ & $-0.0294478$ & $-0.00596403$ & $0.0242126$ & $-0.0189942$ & $-0.132205$ & $1$ & $-0.0358934$ & $0.037324$ & $-0.00995173$ & $0.0299603$ & $0.0490587$ \\
eHtautauint & $-0.0253853$ & $-0.00725094$ & $-0.0512256$ & $-0.0507622$ & $-0.0086561$ & $-0.0291231$ & $-0.0266884$ & $0.00608279$ & $0.00511318$ & $0.0215366$ & $-0.015375$ & $-0.00749226$ & $0.00942572$ & $0.00969948$ & $0.0055612$ & $0.0369876$ & $0.0232453$ & $0.0179195$ & $-6.5833e-05$ & $0.0209516$ & $0.014823$ & $0.0134062$ & $-0.0236476$ & $0.031047$ & $-0.0244294$ & $0.00442824$ & $-0.0493795$ & $0.0558245$ & $-0.0368764$ & $0.0474799$ & $-0.0261356$ & $-0.0291924$ & $-0.0492232$ & $0.00605837$ & $-0.0508187$ & $0.038808$ & $0.083117$ & $-0.0527517$ & $0.0150736$ & $-0.0235369$ & $-0.0115222$ & $-0.0261471$ & $0.0382987$ & $-0.0358934$ & $1$ & $-0.00717026$ & $0.00310496$ & $-0.0207739$ & $-0.0268007$ \\
eHccint & $0.0376703$ & $0.0226488$ & $0.0417483$ & $0.0275264$ & $0.0475709$ & $-0.00575464$ & $0.0159758$ & $0.0270287$ & $0.0213096$ & $-0.0615699$ & $-0.0177437$ & $-0.0248398$ & $0.00177735$ & $-0.0271093$ & $0.0372837$ & $0.0189372$ & $-0.00574134$ & $-0.0442839$ & $-0.0273081$ & $0.0197254$ & $0.017334$ & $0.018119$ & $-0.00702635$ & $-0.0259531$ & $-0.0266944$ & $0.000167842$ & $0.00409139$ & $0.0544404$ & $-0.0453757$ & $-0.00288071$ & $0.00682714$ & $-0.0213491$ & $-0.0201526$ & $0.00121487$ & $-0.0405644$ & $0.00961305$ & $-0.035199$ & $-0.0214796$ & $-0.0224423$ & $0.0387418$ & $-0.00733718$ & $-0.00757063$ & $-0.0367021$ & $0.037324$ & $-0.00717026$ & $1$ & $-0.05159$ & $0.0611314$ & $0.0271375$ \\
eHccpar & $-0.00999034$ & $-0.0176456$ & $-0.0160271$ & $0.0103534$ & $0.0522511$ & $0.0507044$ & $0.0722365$ & $-0.0176723$ & $-0.012388$ & $0.0114737$ & $0.0309153$ & $0.0230349$ & $-0.0151516$ & $-0.0108984$ & $0.0492616$ & $-0.064108$ & $-0.026839$ & $-0.0554641$ & $0.034343$ & $-0.0327616$ & $-0.0295692$ & $-0.0274141$ & $0.0268481$ & $-0.00668694$ & $-0.0154469$ & $-0.0221773$ & $-0.0163469$ & $-0.048634$ & $0.0130748$ & $0.0120753$ & $0.391794$ & $0.0822367$ & $0.0216802$ & $-0.0589897$ & $0.005688$ & $0.0305657$ & $-0.0370104$ & $0.0327219$ & $0.0133603$ & $-0.0636679$ & $-0.0308922$ & $0.0466768$ & $-0.00683486$ & $-0.00995173$ & $0.00310496$ & $-0.05159$ & $1$ & $-0.0418851$ & $0.0263673$ \\
eHbbint & $0.0414473$ & $0.00890462$ & $0.0553224$ & $0.0739339$ & $0.0360659$ & $-0.0505596$ & $-0.0268461$ & $0.0144517$ & $0.00488545$ & $-0.0242837$ & $-0.0115424$ & $-0.00664048$ & $0.00047661$ & $-0.00920704$ & $-0.0183658$ & $-0.0200648$ & $0.00930583$ & $0.00657566$ & $-0.00155011$ & $0.0101$ & $0.012939$ & $0.00759029$ & $0.0216607$ & $-0.0298518$ & $0.00112736$ & $-0.0076593$ & $0.0244801$ & $0.0547876$ & $-0.0436161$ & $-0.00148874$ & $0.0123276$ & $-0.00990515$ & $0.229062$ & $0.0336717$ & $-0.00333521$ & $-0.0138028$ & $-0.0325916$ & $-0.00393795$ & $-0.0702017$ & $-0.0111981$ & $0.0299632$ & $-0.000550503$ & $-0.0243658$ & $0.0299603$ & $-0.0207739$ & $0.0611314$ & $-0.0418851$ & $1$ & $0.0682182$ \\
eHbbpar & $0.0066524$ & $0.0087362$ & $-0.0384903$ & $0.0438691$ & $0.0519718$ & $0.0780903$ & $0.0110509$ & $-0.022041$ & $-0.0150575$ & $0.00323663$ & $-0.00610542$ & $0.0453561$ & $-0.0580769$ & $0.0685968$ & $-0.000867303$ & $-0.0319967$ & $0.0429458$ & $0.0454979$ & $0.0742553$ & $0.00103277$ & $0.00410449$ & $0.0142602$ & $-0.00220965$ & $0.0351155$ & $0.0646208$ & $0.0160771$ & $0.0203924$ & $0.0265338$ & $0.0028881$ & $0.0620457$ & $0.0294256$ & $0.0150722$ & $0.49987$ & $-0.028219$ & $0.00699544$ & $-0.0566212$ & $-0.0203376$ & $0.00673271$ & $-0.0248712$ & $0.0250905$ & $-0.00615928$ & $-0.0222169$ & $-0.0480156$ & $0.0490587$ & $-0.0268007$ & $0.0271375$ & $0.0263673$ & $0.0682182$ & $1$ \\
