 & AlsMz & dAle5Mz & mtop & mHl & Mz & CW & CHG & CHWB & CHWHB_gaga & CHWHB_gagaorth & CHD & CHbox & CH & CHL1_11 & CHL1_22 & CHL1_33 & CHL3_11 & CHL3_22 & CHL3_33 & CHe_11 & CHe_22 & CHe_33 & CHQ1_11 & CHQ1_33 & CHQ3_11 & CHu_11 & CHd_11 & CHd_33 & CeH_22r & CeH_33r & CuH_22r & CuH_33r & CdH_33r & CLL_1221 & eHggint & eHggpar & eHWWint & eHWWpar & eHZZint & eHZZpar & eHZgaint & eHZgapar & eHgagaint & eHmumuint & eHtautauint & eHccint & eHccpar & eHbbint & eHbbpar \\
AlsMz & $1$ & $0.0576247$ & $0.0793241$ & $0.0130684$ & $0.0111369$ & $0.00107111$ & $-0.00664929$ & $-0.0116755$ & $-0.0135626$ & $-0.0114393$ & $0.0096623$ & $0.0160529$ & $0.022177$ & $-0.0166796$ & $0.0205864$ & $0.00414446$ & $-0.0154188$ & $-0.0256712$ & $-0.0112567$ & $-0.0134445$ & $-0.0193154$ & $-0.0169211$ & $-0.0333279$ & $-0.0561926$ & $-0.146613$ & $-0.0225489$ & $-0.0795247$ & $0.0167714$ & $-0.0187282$ & $-0.00573221$ & $0.00763941$ & $-0.00412308$ & $0.0192353$ & $-0.0265016$ & $-0.00345414$ & $0.00612238$ & $0.0425892$ & $0.00609434$ & $0.0349693$ & $-0.00671346$ & $-0.0569188$ & $0.0259092$ & $-0.017844$ & $0.0688391$ & $-0.0615845$ & $-0.0404852$ & $0.0626996$ & $0.0795176$ & $0.0452735$ \\
dAle5Mz & $0.0576247$ & $1$ & $0.0115138$ & $0.0227583$ & $0.0375733$ & $0.0143276$ & $0.0393753$ & $-0.0951489$ & $-0.0803441$ & $0.0425435$ & $0.088822$ & $0.0162146$ & $-0.0243085$ & $-0.0496693$ & $-0.0147306$ & $-0.0121844$ & $-0.00132569$ & $-0.00583036$ & $-0.00565238$ & $-0.0617766$ & $-0.0632685$ & $-0.0678254$ & $-0.0119256$ & $0.0178809$ & $-0.0140719$ & $0.0430901$ & $-0.0307391$ & $-0.00109571$ & $0.00537596$ & $0.0302016$ & $-0.00771719$ & $0.0456238$ & $0.0405$ & $0.00208103$ & $-0.0252272$ & $-0.0425069$ & $-0.0208091$ & $0.0260259$ & $-0.0181929$ & $0.00683036$ & $-0.113187$ & $-0.0288995$ & $0.101291$ & $-0.0273624$ & $0.0518723$ & $-0.106372$ & $0.0521029$ & $0.0640202$ & $0.030384$ \\
mtop & $0.0793241$ & $0.0115138$ & $1$ & $0.00037707$ & $-0.0181117$ & $-0.00111984$ & $0.0269327$ & $0.016009$ & $0.0163524$ & $0.00136311$ & $0.00217361$ & $-0.00767348$ & $-0.0149674$ & $-0.0256855$ & $0.0135178$ & $0.0122854$ & $-0.0101131$ & $-0.0253055$ & $-0.0233579$ & $0.00702571$ & $0.00556077$ & $0.00990183$ & $0.00692046$ & $-0.0255521$ & $-0.0287505$ & $-0.00894763$ & $9.27451e-05$ & $-0.0150897$ & $-0.00918095$ & $-0.0226919$ & $-0.0606945$ & $0.0197423$ & $-0.0376236$ & $0.011898$ & $-0.0467698$ & $0.0720213$ & $0.0104442$ & $0.0226007$ & $0.0320901$ & $0.00823739$ & $-0.0834998$ & $0.0292941$ & $-0.00823926$ & $0.020412$ & $0.0137231$ & $-0.0844661$ & $-0.0474139$ & $-0.00547208$ & $-0.0231806$ \\
mHl & $0.0130684$ & $0.0227583$ & $0.00037707$ & $1$ & $0.00952433$ & $0.0139299$ & $0.0122367$ & $-0.00212294$ & $-0.00680745$ & $-0.0187078$ & $0.000199958$ & $-0.00465682$ & $0.00114109$ & $-0.00492833$ & $0.00975612$ & $0.00229355$ & $0.00670457$ & $-0.00469827$ & $0.00142825$ & $0.00146747$ & $-0.000681174$ & $0.00246924$ & $-0.00230327$ & $0.00912343$ & $-0.00960603$ & $-0.00292492$ & $-0.0120476$ & $0.00998265$ & $-0.00998677$ & $0.00494959$ & $0.0304424$ & $0.0155946$ & $0.0162505$ & $-0.00563026$ & $0.0361328$ & $-0.00987348$ & $0.0549288$ & $-0.0150304$ & $0.0352848$ & $-0.0246011$ & $-0.053633$ & $0.0129808$ & $-0.0764576$ & $0.00996625$ & $-0.0194015$ & $0.0192642$ & $0.0542524$ & $0.0302998$ & $0.0368098$ \\
Mz & $0.0111369$ & $0.0375733$ & $-0.0181117$ & $0.00952433$ & $1$ & $-0.0120654$ & $0.0200132$ & $0.00363274$ & $0.00504237$ & $-0.00953581$ & $0.0230591$ & $0.014107$ & $0.010353$ & $-0.0264338$ & $0.00110272$ & $-0.0176693$ & $-0.0341914$ & $-0.035946$ & $-0.0242544$ & $-0.0185718$ & $-0.0106151$ & $-0.0120468$ & $0.0317161$ & $-0.0241836$ & $-0.0324111$ & $-0.00700008$ & $0.00838647$ & $-0.00326834$ & $0.00999894$ & $0.00880722$ & $0.00301606$ & $0.0169294$ & $-0.0131556$ & $0.00135507$ & $0.00842313$ & $-0.00708459$ & $-0.0105578$ & $-0.037025$ & $-9.55547e-05$ & $0.0107078$ & $-0.0176112$ & $0.00142519$ & $-0.00129648$ & $-0.00531658$ & $0.00912625$ & $-0.0347953$ & $0.00746434$ & $-0.0263563$ & $-0.0156225$ \\
CW & $0.00107111$ & $0.0143276$ & $-0.00111984$ & $0.0139299$ & $-0.0120654$ & $1$ & $0.000560166$ & $-0.120819$ & $-0.119215$ & $0.0316303$ & $0.178266$ & $-0.000381021$ & $-0.0320274$ & $0.0266554$ & $-0.0599739$ & $-0.0676847$ & $-0.244702$ & $-0.0552462$ & $-0.0521063$ & $-0.17507$ & $-0.184338$ & $-0.180137$ & $-0.0310764$ & $-3.01825e-05$ & $-0.0912046$ & $0.109855$ & $-0.0974922$ & $-0.0587424$ & $0.0015458$ & $-0.0215183$ & $-0.00938217$ & $0.000806299$ & $-0.0254979$ & $-0.133226$ & $0.0202422$ & $0.0333127$ & $0.0052855$ & $0.02011$ & $-0.00347647$ & $-0.00839852$ & $0.0226883$ & $-0.00556351$ & $-0.00125579$ & $-0.00201863$ & $0.013002$ & $0.0127803$ & $-0.0230204$ & $-0.0146163$ & $0.00992862$ \\
CHG & $-0.00664929$ & $0.0393753$ & $0.0269327$ & $0.0122367$ & $0.0200132$ & $0.000560166$ & $1$ & $-0.0518714$ & $0.00734378$ & $0.0809704$ & $0.0401077$ & $-0.355041$ & $-0.443682$ & $-0.00314905$ & $-0.0215362$ & $-0.0112077$ & $0.0296573$ & $0.0343701$ & $0.0294449$ & $-0.0372546$ & $-0.0389344$ & $-0.0331804$ & $0.0105933$ & $0.0321115$ & $0.0293681$ & $0.0127399$ & $-0.0199992$ & $-0.01409$ & $0.00948802$ & $-0.19616$ & $-0.105616$ & $0.945682$ & $-0.230126$ & $-0.0177438$ & $-0.0366436$ & $-0.0345637$ & $0.00453531$ & $0.0189827$ & $0.027067$ & $-0.0120866$ & $-0.00157205$ & $0.00643049$ & $0.00576871$ & $-0.0372751$ & $-0.0185154$ & $-0.00648217$ & $-0.0081459$ & $0.0246326$ & $-0.00995804$ \\
CHWB & $-0.0116755$ & $-0.0951489$ & $0.016009$ & $-0.00212294$ & $0.00363274$ & $-0.120819$ & $-0.0518714$ & $1$ & $0.980977$ & $-0.555215$ & $-0.862308$ & $0.0304782$ & $0.183495$ & $0.0534963$ & $0.286389$ & $0.278294$ & $-0.271941$ & $-0.446032$ & $-0.443005$ & $0.832357$ & $0.882079$ & $0.865798$ & $0.0805261$ & $-0.673794$ & $-0.405423$ & $-0.501023$ & $0.427376$ & $0.268899$ & $0.0281214$ & $0.0823033$ & $0.0259295$ & $-0.0489269$ & $0.0487007$ & $0.555187$ & $0.021495$ & $-0.00482378$ & $0.00859223$ & $0.0123984$ & $-0.00325141$ & $-0.0250369$ & $0.00467608$ & $0.0074487$ & $-0.035842$ & $0.00612272$ & $0.0239853$ & $-0.00646338$ & $0.00623984$ & $-0.0140481$ & $-0.0486363$ \\
CHWHB_gaga & $-0.0135626$ & $-0.0803441$ & $0.0163524$ & $-0.00680745$ & $0.00504237$ & $-0.119215$ & $0.00734378$ & $0.980977$ & $1$ & $-0.547588$ & $-0.845511$ & $0.0358714$ & $0.16276$ & $0.0492052$ & $0.282741$ & $0.276202$ & $-0.267298$ & $-0.439706$ & $-0.438028$ & $0.816957$ & $0.864828$ & $0.849263$ & $0.0783913$ & $-0.661767$ & $-0.398515$ & $-0.489756$ & $0.418988$ & $0.267158$ & $0.0340812$ & $0.103524$ & $0.0341292$ & $0.00187313$ & $0.0696287$ & $0.544536$ & $-0.00114829$ & $-0.0235847$ & $-0.000439761$ & $0.0169685$ & $-0.00668683$ & $-0.0271184$ & $0.0106904$ & $0.00575655$ & $0.0343105$ & $-0.00125422$ & $0.0226406$ & $-0.00770437$ & $0.0135105$ & $-0.0180938$ & $-0.0421714$ \\
CHWHB_gagaorth & $-0.0114393$ & $0.0425435$ & $0.00136311$ & $-0.0187078$ & $-0.00953581$ & $0.0316303$ & $0.0809704$ & $-0.555215$ & $-0.547588$ & $1$ & $0.376995$ & $0.0812728$ & $-0.258717$ & $0.150593$ & $-0.130855$ & $-0.107068$ & $0.346761$ & $0.40733$ & $0.394003$ & $-0.36192$ & $-0.39369$ & $-0.386671$ & $-0.0513725$ & $0.492166$ & $0.389313$ & $0.22463$ & $-0.232074$ & $-0.119666$ & $-0.0316181$ & $-0.193083$ & $-0.0804034$ & $0.0845063$ & $-0.171979$ & $-0.32358$ & $0.013561$ & $0.0310324$ & $0.00132048$ & $-0.00393676$ & $0.0214071$ & $0.0346181$ & $-0.0653465$ & $-0.0035541$ & $0.00209321$ & $0.00462763$ & $-0.0165541$ & $0.0213992$ & $-0.00605787$ & $0.0280677$ & $0.0340524$ \\
CHD & $0.0096623$ & $0.088822$ & $0.00217361$ & $0.000199958$ & $0.0230591$ & $0.178266$ & $0.0401077$ & $-0.862308$ & $-0.845511$ & $0.376995$ & $1$ & $0.0205717$ & $-0.139389$ & $-0.50457$ & $-0.415698$ & $-0.410506$ & $-0.217392$ & $0.0450298$ & $0.0415123$ & $-0.989752$ & $-0.990657$ & $-0.968045$ & $-0.010639$ & $0.274374$ & $-0.00655003$ & $0.562436$ & $-0.285053$ & $-0.310206$ & $-0.019134$ & $-0.0896846$ & $-0.0273053$ & $0.0420801$ & $-0.0658326$ & $-0.341735$ & $-0.0180114$ & $0.00934061$ & $-0.0111094$ & $-0.0164953$ & $-0.00142954$ & $0.00652988$ & $0.00695985$ & $-0.0078638$ & $0.0364518$ & $-0.00302588$ & $-0.0208111$ & $0.00523565$ & $-0.0144749$ & $0.00764976$ & $0.0379124$ \\
CHbox & $0.0160529$ & $0.0162146$ & $-0.00767348$ & $-0.00465682$ & $0.014107$ & $-0.000381021$ & $-0.355041$ & $0.0304782$ & $0.0358714$ & $0.0812728$ & $0.0205717$ & $1$ & $0.75594$ & $-0.100298$ & $0.0443995$ & $0.0482713$ & $-0.103474$ & $-0.117396$ & $-0.120283$ & $-0.0116977$ & $-0.0252104$ & $-0.0203406$ & $0.00921708$ & $-0.067158$ & $-0.109367$ & $-0.0014759$ & $-0.0294826$ & $-0.00336309$ & $0.0486558$ & $0.432765$ & $0.180754$ & $-0.265002$ & $0.489163$ & $-0.0130585$ & $0.0995117$ & $0.050338$ & $0.00330443$ & $-0.00357494$ & $-0.0308123$ & $0.00187334$ & $-0.0232835$ & $0.00308385$ & $-0.00775728$ & $0.00397027$ & $-0.00718521$ & $0.0121698$ & $0.000450561$ & $-0.00493692$ & $0.0210596$ \\
CH & $0.022177$ & $-0.0243085$ & $-0.0149674$ & $0.00114109$ & $0.010353$ & $-0.0320274$ & $-0.443682$ & $0.183495$ & $0.16276$ & $-0.258717$ & $-0.139389$ & $0.75594$ & $1$ & $-0.026647$ & $0.0621019$ & $0.0602155$ & $-0.0892827$ & $-0.119918$ & $-0.118398$ & $0.135993$ & $0.141447$ & $0.140926$ & $0.0250103$ & $-0.144245$ & $-0.111833$ & $-0.0904342$ & $0.0657434$ & $0.0457755$ & $0.0531369$ & $0.355753$ & $0.184479$ & $-0.403738$ & $0.399764$ & $0.0919597$ & $0.0318124$ & $0.0272067$ & $-0.00396314$ & $-0.00300821$ & $-0.0325128$ & $0.00313735$ & $0.00846839$ & $0.0108807$ & $-0.00504566$ & $0.0168977$ & $0.00494156$ & $0.00858888$ & $0.0087076$ & $-0.0245495$ & $0.0016558$ \\
CHL1_11 & $-0.0166796$ & $-0.0496693$ & $-0.0256855$ & $-0.00492833$ & $-0.0264338$ & $0.0266554$ & $-0.00314905$ & $0.0534963$ & $0.0492052$ & $0.150593$ & $-0.50457$ & $-0.100298$ & $-0.026647$ & $1$ & $0.26057$ & $0.265785$ & $0.683025$ & $0.629126$ & $0.628382$ & $0.521221$ & $0.461709$ & $0.443794$ & $-0.0992909$ & $0.512854$ & $0.627752$ & $-0.258092$ & $-0.116844$ & $0.156684$ & $-0.00314622$ & $0.0379941$ & $0.00915386$ & $-0.0123761$ & $0.040484$ & $-0.242328$ & $0.000693118$ & $-0.0065021$ & $0.0105072$ & $0.0203024$ & $0.0174724$ & $0.0253643$ & $-0.0202513$ & $0.00472332$ & $-0.0223375$ & $0.00700013$ & $-0.00739633$ & $0.00849189$ & $0.0141884$ & $0.0114267$ & $-0.00374047$ \\
CHL1_22 & $0.0205864$ & $-0.0147306$ & $0.0135178$ & $0.00975612$ & $0.00110272$ & $-0.0599739$ & $-0.0215362$ & $0.286389$ & $0.282741$ & $-0.130855$ & $-0.415698$ & $0.0443995$ & $0.0621019$ & $0.26057$ & $1$ & $0.440527$ & $0.153972$ & $-0.427779$ & $-0.0242443$ & $0.484669$ & $0.330437$ & $0.314605$ & $-0.188299$ & $0.114061$ & $-0.130421$ & $-0.191514$ & $-0.404706$ & $0.114906$ & $-0.00410326$ & $0.0402978$ & $0.0189887$ & $-0.0175861$ & $0.0357243$ & $-0.607159$ & $0.0154736$ & $-0.0068862$ & $0.00890491$ & $-0.0180321$ & $0.00594667$ & $0.000131905$ & $0.0156063$ & $-0.00162922$ & $-0.00518216$ & $-0.00546199$ & $-0.00332511$ & $-0.0087271$ & $0.00565715$ & $-0.0113612$ & $-0.0137303$ \\
CHL1_33 & $0.00414446$ & $-0.0121844$ & $0.0122854$ & $0.00229355$ & $-0.0176693$ & $-0.0676847$ & $-0.0112077$ & $0.278294$ & $0.276202$ & $-0.107068$ & $-0.410506$ & $0.0482713$ & $0.0602155$ & $0.265785$ & $0.440527$ & $1$ & $0.162871$ & $-0.0109196$ & $-0.404048$ & $0.477081$ & $0.328822$ & $0.343136$ & $-0.176792$ & $0.123733$ & $-0.116281$ & $-0.199686$ & $-0.39657$ & $0.104057$ & $-0.00291239$ & $0.051455$ & $0.00795019$ & $-0.00801589$ & $0.0316627$ & $-0.114258$ & $0.0183228$ & $0.00603664$ & $0.00644253$ & $0.00476607$ & $-0.0188134$ & $0.0149764$ & $0.00103492$ & $0.0125058$ & $-0.00606855$ & $-0.0101508$ & $0.00241251$ & $-0.00768373$ & $0.0125723$ & $-0.0191874$ & $-0.0110691$ \\
CHL3_11 & $-0.0154188$ & $-0.00132569$ & $-0.0101131$ & $0.00670457$ & $-0.0341914$ & $-0.244702$ & $0.0296573$ & $-0.271941$ & $-0.267298$ & $0.346761$ & $-0.217392$ & $-0.103474$ & $-0.0892827$ & $0.683025$ & $0.153972$ & $0.162871$ & $1$ & $0.760639$ & $0.760728$ & $0.238965$ & $0.182877$ & $0.172616$ & $-0.0903586$ & $0.709847$ & $0.796776$ & $-0.101063$ & $-0.165344$ & $0.0673132$ & $-0.0180967$ & $0.00976122$ & $-0.00144258$ & $0.019339$ & $0.0301621$ & $-0.267716$ & $-0.0119025$ & $-0.00656121$ & $0.00157986$ & $0.00215218$ & $-0.003287$ & $0.0315636$ & $-0.0232055$ & $0.00311315$ & $-0.0018803$ & $-0.0132126$ & $0.00293028$ & $0.000692587$ & $0.00539779$ & $0.00198111$ & $0.0275915$ \\
CHL3_22 & $-0.0256712$ & $-0.00583036$ & $-0.0253055$ & $-0.00469827$ & $-0.035946$ & $-0.0552462$ & $0.0343701$ & $-0.446032$ & $-0.439706$ & $0.40733$ & $0.0450298$ & $-0.117396$ & $-0.119918$ & $0.629126$ & $-0.427779$ & $-0.0109196$ & $0.760639$ & $1$ & $0.700697$ & $-0.0494264$ & $-0.0434758$ & $-0.0415254$ & $-0.00870064$ & $0.649093$ & $0.810587$ & $0.0270716$ & $-0.0153786$ & $-0.00761105$ & $-0.0143286$ & $-0.0140975$ & $-0.0126158$ & $0.0228809$ & $0.00388067$ & $0.012304$ & $-0.0155021$ & $-0.000192744$ & $-0.00163762$ & $0.0193853$ & $0.00398336$ & $0.0339124$ & $-0.0281882$ & $0.00337042$ & $-0.00139039$ & $-0.00159326$ & $-0.00556068$ & $0.00864476$ & $0.00645896$ & $0.0140795$ & $0.0273025$ \\
CHL3_33 & $-0.0112567$ & $-0.00565238$ & $-0.0233579$ & $0.00142825$ & $-0.0242544$ & $-0.0521063$ & $0.0294449$ & $-0.443005$ & $-0.438028$ & $0.394003$ & $0.0415123$ & $-0.120283$ & $-0.118398$ & $0.628382$ & $-0.0242443$ & $-0.404048$ & $0.760728$ & $0.700697$ & $1$ & $-0.0444825$ & $-0.0406175$ & $-0.0407825$ & $-0.0141091$ & $0.644976$ & $0.811202$ & $0.0327223$ & $-0.0127108$ & $0.00167562$ & $-0.016494$ & $-0.0233999$ & $-0.00314003$ & $0.0176967$ & $0.00419076$ & $-0.348061$ & $-0.0191488$ & $-0.0123769$ & $0.00380643$ & $0.00169715$ & $0.0203384$ & $0.025169$ & $-0.0162439$ & $-0.00641784$ & $-0.000812854$ & $0.00191955$ & $-0.00994035$ & $0.00961683$ & $0.00491898$ & $0.019415$ & $0.0199163$ \\
CHe_11 & $-0.0134445$ & $-0.0617766$ & $0.00702571$ & $0.00146747$ & $-0.0185718$ & $-0.17507$ & $-0.0372546$ & $0.832357$ & $0.816957$ & $-0.36192$ & $-0.989752$ & $-0.0116977$ & $0.135993$ & $0.521221$ & $0.484669$ & $0.477081$ & $0.238965$ & $-0.0494264$ & $-0.0444825$ & $1$ & $0.971169$ & $0.948745$ & $-0.0163504$ & $-0.220705$ & $0.0107935$ & $-0.552481$ & $0.206984$ & $0.306908$ & $0.0149827$ & $0.0880517$ & $0.0260091$ & $-0.0388999$ & $0.0644457$ & $0.259795$ & $0.0186975$ & $-0.0105667$ & $0.00982615$ & $0.0157738$ & $0.00342505$ & $-0.00290366$ & $-0.00718721$ & $0.00457979$ & $-0.0319857$ & $0.000876689$ & $0.0187994$ & $-0.0113871$ & $0.0165807$ & $-0.00676486$ & $-0.0373591$ \\
CHe_22 & $-0.0193154$ & $-0.0632685$ & $0.00556077$ & $-0.000681174$ & $-0.0106151$ & $-0.184338$ & $-0.0389344$ & $0.882079$ & $0.864828$ & $-0.39369$ & $-0.990657$ & $-0.0252104$ & $0.141447$ & $0.461709$ & $0.330437$ & $0.328822$ & $0.182877$ & $-0.0434758$ & $-0.0406175$ & $0.971169$ & $1$ & $0.974118$ & $0.0416978$ & $-0.333475$ & $-0.000296377$ & $-0.563514$ & $0.369872$ & $0.311175$ & $0.0211496$ & $0.0886768$ & $0.0258776$ & $-0.0414403$ & $0.0646876$ & $0.432134$ & $0.0140485$ & $-0.0097389$ & $0.0094791$ & $0.0184581$ & $0.000356838$ & $-0.00811426$ & $-0.0118023$ & $0.00736844$ & $-0.0345978$ & $0.00374767$ & $0.0246902$ & $-0.0085033$ & $0.013331$ & $-0.00605939$ & $-0.0370528$ \\
CHe_33 & $-0.0169211$ & $-0.0678254$ & $0.00990183$ & $0.00246924$ & $-0.0120468$ & $-0.180137$ & $-0.0331804$ & $0.865798$ & $0.849263$ & $-0.386671$ & $-0.968045$ & $-0.0203406$ & $0.140926$ & $0.443794$ & $0.314605$ & $0.343136$ & $0.172616$ & $-0.0415254$ & $-0.0407825$ & $0.948745$ & $0.974118$ & $1$ & $0.0428133$ & $-0.331886$ & $-0.00352931$ & $-0.551762$ & $0.367106$ & $0.304015$ & $0.0177834$ & $0.0904232$ & $0.0276705$ & $-0.0351584$ & $0.0647689$ & $0.43471$ & $0.0123676$ & $-0.00945288$ & $0.0129535$ & $0.0144317$ & $-0.000590026$ & $-0.00556084$ & $-0.00641005$ & $0.0104919$ & $-0.0363402$ & $0.00193119$ & $0.030647$ & $-0.00692131$ & $0.0148954$ & $-0.00411523$ & $-0.0408707$ \\
CHQ1_11 & $-0.0333279$ & $-0.0119256$ & $0.00692046$ & $-0.00230327$ & $0.0317161$ & $-0.0310764$ & $0.0105933$ & $0.0805261$ & $0.0783913$ & $-0.0513725$ & $-0.010639$ & $0.00921708$ & $0.0250103$ & $-0.0992909$ & $-0.188299$ & $-0.176792$ & $-0.0903586$ & $-0.00870064$ & $-0.0141091$ & $-0.0163504$ & $0.0416978$ & $0.0428133$ & $1$ & $-0.156082$ & $0.0619646$ & $-0.671642$ & $0.360117$ & $0.00489804$ & $0.018935$ & $-0.000580095$ & $0.00349959$ & $0.0148651$ & $0.00428001$ & $0.225294$ & $-0.00718244$ & $0.00809511$ & $0.0139194$ & $0.0140738$ & $0.00966632$ & $-0.00459647$ & $0.00359879$ & $-0.0189804$ & $0.00591892$ & $-0.00940703$ & $-0.00554874$ & $-0.0107739$ & $-0.0189038$ & $-0.0151294$ & $0.00488182$ \\
CHQ1_33 & $-0.0561926$ & $0.0178809$ & $-0.0255521$ & $0.00912343$ & $-0.0241836$ & $-3.01825e-05$ & $0.0321115$ & $-0.673794$ & $-0.661767$ & $0.492166$ & $0.274374$ & $-0.067158$ & $-0.144245$ & $0.512854$ & $0.114061$ & $0.123733$ & $0.709847$ & $0.649093$ & $0.644976$ & $-0.220705$ & $-0.333475$ & $-0.331886$ & $-0.156082$ & $1$ & $0.662923$ & $0.187003$ & $-0.426103$ & $0.00517226$ & $-0.0329762$ & $-0.0339252$ & $-0.00965102$ & $0.026566$ & $-0.0138127$ & $-0.627057$ & $-0.0134002$ & $0.000655287$ & $0.00564542$ & $-0.000643096$ & $0.00775778$ & $0.0383224$ & $-0.00661739$ & $-0.0044764$ & $0.0176512$ & $-0.0066635$ & $-0.0142278$ & $0.0140985$ & $0.00488138$ & $0.00232689$ & $0.0276612$ \\
CHQ3_11 & $-0.146613$ & $-0.0140719$ & $-0.0287505$ & $-0.00960603$ & $-0.0324111$ & $-0.0912046$ & $0.0293681$ & $-0.405423$ & $-0.398515$ & $0.389313$ & $-0.00655003$ & $-0.109367$ & $-0.111833$ & $0.627752$ & $-0.130421$ & $-0.116281$ & $0.796776$ & $0.810587$ & $0.811202$ & $0.0107935$ & $-0.000296377$ & $-0.00352931$ & $0.0619646$ & $0.662923$ & $1$ & $0.011683$ & $0.194658$ & $0.011748$ & $-0.0148319$ & $-0.0141092$ & $-0.0141508$ & $0.0174533$ & $0.00737039$ & $-0.199733$ & $-0.0185556$ & $-0.0101955$ & $0.00485353$ & $0.00837155$ & $0.000760342$ & $0.0251887$ & $-0.0149927$ & $-0.00806197$ & $0.0064436$ & $-0.0185132$ & $0.0193015$ & $0.00518848$ & $-0.00333249$ & $0.00311674$ & $0.0155861$ \\
CHu_11 & $-0.0225489$ & $0.0430901$ & $-0.00894763$ & $-0.00292492$ & $-0.00700008$ & $0.109855$ & $0.0127399$ & $-0.501023$ & $-0.489756$ & $0.22463$ & $0.562436$ & $-0.0014759$ & $-0.0904342$ & $-0.258092$ & $-0.191514$ & $-0.199686$ & $-0.101063$ & $0.0270716$ & $0.0327223$ & $-0.552481$ & $-0.563514$ & $-0.551762$ & $-0.671642$ & $0.187003$ & $0.011683$ & $1$ & $-0.17067$ & $-0.179546$ & $-0.0212809$ & $-0.0536615$ & $-0.0178837$ & $0.00810832$ & $-0.0475831$ & $-0.242446$ & $-0.00266486$ & $-0.0108965$ & $-0.0100981$ & $-0.0176672$ & $-0.00661181$ & $0.00128486$ & $-0.000281088$ & $0.00889857$ & $0.023961$ & $-0.00160126$ & $0.00662609$ & $0.0150309$ & $0.0060715$ & $0.0182559$ & $0.00905729$ \\
CHd_11 & $-0.0795247$ & $-0.0307391$ & $9.27451e-05$ & $-0.0120476$ & $0.00838647$ & $-0.0974922$ & $-0.0199992$ & $0.427376$ & $0.418988$ & $-0.232074$ & $-0.285053$ & $-0.0294826$ & $0.0657434$ & $-0.116844$ & $-0.404706$ & $-0.39657$ & $-0.165344$ & $-0.0153786$ & $-0.0127108$ & $0.206984$ & $0.369872$ & $0.367106$ & $0.360117$ & $-0.426103$ & $0.194658$ & $-0.17067$ & $1$ & $0.0979436$ & $0.0186116$ & $0.0179924$ & $-0.00083849$ & $-0.0229576$ & $0.00680704$ & $0.691215$ & $-0.00666992$ & $-0.0124666$ & $0.0144867$ & $0.017265$ & $-0.00333535$ & $-0.0239378$ & $-0.0104203$ & $-0.00660602$ & $-0.00914382$ & $-0.0045985$ & $0.0489686$ & $-0.00614708$ & $-0.00314273$ & $-0.000482084$ & $-0.0294904$ \\
CHd_33 & $0.0167714$ & $-0.00109571$ & $-0.0150897$ & $0.00998265$ & $-0.00326834$ & $-0.0587424$ & $-0.01409$ & $0.268899$ & $0.267158$ & $-0.119666$ & $-0.310206$ & $-0.00336309$ & $0.0457755$ & $0.156684$ & $0.114906$ & $0.104057$ & $0.0673132$ & $-0.00761105$ & $0.00167562$ & $0.306908$ & $0.311175$ & $0.304015$ & $0.00489804$ & $0.00517226$ & $0.011748$ & $-0.179546$ & $0.0979436$ & $1$ & $-0.00325164$ & $0.0299106$ & $0.0136211$ & $-0.0175035$ & $0.0189533$ & $0.120746$ & $0.0134264$ & $0.00731433$ & $0.00028872$ & $0.0153202$ & $-0.0129365$ & $-0.00772763$ & $0.0060577$ & $0.00944543$ & $0.0209796$ & $-0.0125145$ & $-0.00445341$ & $0.0159811$ & $0.0107585$ & $0.00105409$ & $-0.0143187$ \\
CeH_22r & $-0.0187282$ & $0.00537596$ & $-0.00918095$ & $-0.00998677$ & $0.00999894$ & $0.0015458$ & $0.00948802$ & $0.0281214$ & $0.0340812$ & $-0.0316181$ & $-0.019134$ & $0.0486558$ & $0.0531369$ & $-0.00314622$ & $-0.00410326$ & $-0.00291239$ & $-0.0180967$ & $-0.0143286$ & $-0.016494$ & $0.0149827$ & $0.0211496$ & $0.0177834$ & $0.018935$ & $-0.0329762$ & $-0.0148319$ & $-0.0212809$ & $0.0186116$ & $-0.00325164$ & $1$ & $0.0535483$ & $0.0213704$ & $-0.00640411$ & $0.0523354$ & $0.0253709$ & $-0.0314353$ & $-0.00945907$ & $-0.0211148$ & $-0.0108558$ & $-0.00106198$ & $0.000284157$ & $-0.0021886$ & $-0.0142916$ & $0.00163828$ & $0.00780816$ & $-0.00322796$ & $-0.00513464$ & $0.00766592$ & $0.0135439$ & $0.0179252$ \\
CeH_33r & $-0.00573221$ & $0.0302016$ & $-0.0226919$ & $0.00494959$ & $0.00880722$ & $-0.0215183$ & $-0.19616$ & $0.0823033$ & $0.103524$ & $-0.193083$ & $-0.0896846$ & $0.432765$ & $0.355753$ & $0.0379941$ & $0.0402978$ & $0.051455$ & $0.00976122$ & $-0.0140975$ & $-0.0233999$ & $0.0880517$ & $0.0886768$ & $0.0904232$ & $-0.000580095$ & $-0.0339252$ & $-0.0141092$ & $-0.0536615$ & $0.0179924$ & $0.0299106$ & $0.0535483$ & $1$ & $0.325343$ & $-0.0639304$ & $0.660301$ & $0.0370722$ & $-0.0379054$ & $-0.0340935$ & $-0.188211$ & $-0.0272778$ & $-0.0607082$ & $-0.0194605$ & $-0.00342373$ & $0.0195646$ & $-0.00749504$ & $-0.000579824$ & $0.0630779$ & $0.0189336$ & $-0.00316664$ & $-0.0161498$ & $0.0257651$ \\
CuH_22r & $0.00763941$ & $-0.00771719$ & $-0.0606945$ & $0.0304424$ & $0.00301606$ & $-0.00938217$ & $-0.105616$ & $0.0259295$ & $0.0341292$ & $-0.0804034$ & $-0.0273053$ & $0.180754$ & $0.184479$ & $0.00915386$ & $0.0189887$ & $0.00795019$ & $-0.00144258$ & $-0.0126158$ & $-0.00314003$ & $0.0260091$ & $0.0258776$ & $0.0276705$ & $0.00349959$ & $-0.00965102$ & $-0.0141508$ & $-0.0178837$ & $-0.00083849$ & $0.0136211$ & $0.0213704$ & $0.325343$ & $1$ & $-0.0244313$ & $0.33914$ & $0.0025034$ & $-0.0294064$ & $-0.0222405$ & $-0.0639106$ & $0.0152374$ & $0.0510671$ & $-0.00658256$ & $0.0321403$ & $-0.00498444$ & $0.0328906$ & $0.0508726$ & $-0.00987353$ & $0.0777685$ & $0.399442$ & $-0.019042$ & $0.0033531$ \\
CuH_33r & $-0.00412308$ & $0.0456238$ & $0.0197423$ & $0.0155946$ & $0.0169294$ & $0.000806299$ & $0.945682$ & $-0.0489269$ & $0.00187313$ & $0.0845063$ & $0.0420801$ & $-0.265002$ & $-0.403738$ & $-0.0123761$ & $-0.0175861$ & $-0.00801589$ & $0.019339$ & $0.0228809$ & $0.0176967$ & $-0.0388999$ & $-0.0414403$ & $-0.0351584$ & $0.0148651$ & $0.026566$ & $0.0174533$ & $0.00810832$ & $-0.0229576$ & $-0.0175035$ & $-0.00640411$ & $-0.0639304$ & $-0.0244313$ & $1$ & $-0.0764542$ & $-0.0183785$ & $0.0454833$ & $-0.00807108$ & $-0.0223691$ & $0.00802227$ & $0.029505$ & $-0.0096977$ & $-0.01066$ & $0.0019691$ & $0.00446553$ & $-0.0404377$ & $-0.0152222$ & $0.0045193$ & $-0.0101226$ & $0.0211263$ & $-0.00306205$ \\
CdH_33r & $0.0192353$ & $0.0405$ & $-0.0376236$ & $0.0162505$ & $-0.0131556$ & $-0.0254979$ & $-0.230126$ & $0.0487007$ & $0.0696287$ & $-0.171979$ & $-0.0658326$ & $0.489163$ & $0.399764$ & $0.040484$ & $0.0357243$ & $0.0316627$ & $0.0301621$ & $0.00388067$ & $0.00419076$ & $0.0644457$ & $0.0646876$ & $0.0647689$ & $0.00428001$ & $-0.0138127$ & $0.00737039$ & $-0.0475831$ & $0.00680704$ & $0.0189533$ & $0.0523354$ & $0.660301$ & $0.33914$ & $-0.0764542$ & $1$ & $0.015129$ & $-0.0168414$ & $-0.0653178$ & $-0.22599$ & $-0.017519$ & $-0.0805597$ & $0.00384904$ & $0.00208257$ & $0.00437737$ & $-0.00392887$ & $-0.0564947$ & $-0.0253334$ & $0.00962579$ & $-0.0317843$ & $0.132541$ & $0.509419$ \\
CLL_1221 & $-0.0265016$ & $0.00208103$ & $0.011898$ & $-0.00563026$ & $0.00135507$ & $-0.133226$ & $-0.0177438$ & $0.555187$ & $0.544536$ & $-0.32358$ & $-0.341735$ & $-0.0130585$ & $0.0919597$ & $-0.242328$ & $-0.607159$ & $-0.114258$ & $-0.267716$ & $0.012304$ & $-0.348061$ & $0.259795$ & $0.432134$ & $0.43471$ & $0.225294$ & $-0.627057$ & $-0.199733$ & $-0.242446$ & $0.691215$ & $0.120746$ & $0.0253709$ & $0.0370722$ & $0.0025034$ & $-0.0183785$ & $0.015129$ & $1$ & $0.00127696$ & $0.000524807$ & $-0.00363826$ & $0.0242166$ & $-0.0172596$ & $-0.019605$ & $-0.0184911$ & $0.00769804$ & $-0.0178765$ & $0.00254474$ & $0.0314899$ & $-0.0067261$ & $-0.00118142$ & $-0.00376543$ & $-0.0198726$ \\
eHggint & $-0.00345414$ & $-0.0252272$ & $-0.0467698$ & $0.0361328$ & $0.00842313$ & $0.0202422$ & $-0.0366436$ & $0.021495$ & $-0.00114829$ & $0.013561$ & $-0.0180114$ & $0.0995117$ & $0.0318124$ & $0.000693118$ & $0.0154736$ & $0.0183228$ & $-0.0119025$ & $-0.0155021$ & $-0.0191488$ & $0.0186975$ & $0.0140485$ & $0.0123676$ & $-0.00718244$ & $-0.0134002$ & $-0.0185556$ & $-0.00266486$ & $-0.00666992$ & $0.0134264$ & $-0.0314353$ & $-0.0379054$ & $-0.0294064$ & $0.0454833$ & $-0.0168414$ & $0.00127696$ & $1$ & $-0.1012$ & $0.0514332$ & $0.0158509$ & $-0.010303$ & $-0.00639874$ & $0.0516273$ & $-0.00834769$ & $-0.0338784$ & $-0.0104674$ & $0.02571$ & $0.0810291$ & $-0.0634021$ & $-0.0357055$ & $0.0274391$ \\
eHggpar & $0.00612238$ & $-0.0425069$ & $0.0720213$ & $-0.00987348$ & $-0.00708459$ & $0.0333127$ & $-0.0345637$ & $-0.00482378$ & $-0.0235847$ & $0.0310324$ & $0.00934061$ & $0.050338$ & $0.0272067$ & $-0.0065021$ & $-0.0068862$ & $0.00603664$ & $-0.00656121$ & $-0.000192744$ & $-0.0123769$ & $-0.0105667$ & $-0.0097389$ & $-0.00945288$ & $0.00809511$ & $0.000655287$ & $-0.0101955$ & $-0.0108965$ & $-0.0124666$ & $0.00731433$ & $-0.00945907$ & $-0.0340935$ & $-0.0222405$ & $-0.00807108$ & $-0.0653178$ & $0.000524807$ & $-0.1012$ & $1$ & $0.0320521$ & $-0.00524682$ & $-0.0227145$ & $0.0440173$ & $-0.0640236$ & $-0.00866799$ & $-0.045558$ & $0.0159507$ & $-0.0171503$ & $-0.0101509$ & $-0.0400881$ & $0.00615748$ & $-0.0532504$ \\
eHWWint & $0.0425892$ & $-0.0208091$ & $0.0104442$ & $0.0549288$ & $-0.0105578$ & $0.0052855$ & $0.00453531$ & $0.00859223$ & $-0.000439761$ & $0.00132048$ & $-0.0111094$ & $0.00330443$ & $-0.00396314$ & $0.0105072$ & $0.00890491$ & $0.00644253$ & $0.00157986$ & $-0.00163762$ & $0.00380643$ & $0.00982615$ & $0.0094791$ & $0.0129535$ & $0.0139194$ & $0.00564542$ & $0.00485353$ & $-0.0100981$ & $0.0144867$ & $0.00028872$ & $-0.0211148$ & $-0.188211$ & $-0.0639106$ & $-0.0223691$ & $-0.22599$ & $-0.00363826$ & $0.0514332$ & $0.0320521$ & $1$ & $0.0280178$ & $0.122932$ & $0.01564$ & $-0.00905421$ & $-0.00303225$ & $0.0473821$ & $0.00552112$ & $0.0492236$ & $-0.031539$ & $0.0882614$ & $0.00138366$ & $-0.0865352$ \\
eHWWpar & $0.00609434$ & $0.0260259$ & $0.0226007$ & $-0.0150304$ & $-0.037025$ & $0.02011$ & $0.0189827$ & $0.0123984$ & $0.0169685$ & $-0.00393676$ & $-0.0164953$ & $-0.00357494$ & $-0.00300821$ & $0.0203024$ & $-0.0180321$ & $0.00476607$ & $0.00215218$ & $0.0193853$ & $0.00169715$ & $0.0157738$ & $0.0184581$ & $0.0144317$ & $0.0140738$ & $-0.000643096$ & $0.00837155$ & $-0.0176672$ & $0.017265$ & $0.0153202$ & $-0.0108558$ & $-0.0272778$ & $0.0152374$ & $0.00802227$ & $-0.017519$ & $0.0242166$ & $0.0158509$ & $-0.00524682$ & $0.0280178$ & $1$ & $0.0445575$ & $-0.0174533$ & $-0.00176248$ & $0.0090595$ & $0.0279506$ & $0.0211412$ & $0.0186044$ & $0.0305257$ & $0.0456761$ & $0.0188939$ & $0.0128214$ \\
eHZZint & $0.0349693$ & $-0.0181929$ & $0.0320901$ & $0.0352848$ & $-9.55547e-05$ & $-0.00347647$ & $0.027067$ & $-0.00325141$ & $-0.00668683$ & $0.0214071$ & $-0.00142954$ & $-0.0308123$ & $-0.0325128$ & $0.0174724$ & $0.00594667$ & $-0.0188134$ & $-0.003287$ & $0.00398336$ & $0.0203384$ & $0.00342505$ & $0.000356838$ & $-0.000590026$ & $0.00966632$ & $0.00775778$ & $0.000760342$ & $-0.00661181$ & $-0.00333535$ & $-0.0129365$ & $-0.00106198$ & $-0.0607082$ & $0.0510671$ & $0.029505$ & $-0.0805597$ & $-0.0172596$ & $-0.010303$ & $-0.0227145$ & $0.122932$ & $0.0445575$ & $1$ & $-0.00273183$ & $-0.0355098$ & $0.016516$ & $-0.0122024$ & $0.0990026$ & $0.0332064$ & $-0.022736$ & $0.218014$ & $0.0381187$ & $-0.0745325$ \\
eHZZpar & $-0.00671346$ & $0.00683036$ & $0.00823739$ & $-0.0246011$ & $0.0107078$ & $-0.00839852$ & $-0.0120866$ & $-0.0250369$ & $-0.0271184$ & $0.0346181$ & $0.00652988$ & $0.00187334$ & $0.00313735$ & $0.0253643$ & $0.000131905$ & $0.0149764$ & $0.0315636$ & $0.0339124$ & $0.025169$ & $-0.00290366$ & $-0.00811426$ & $-0.00556084$ & $-0.00459647$ & $0.0383224$ & $0.0251887$ & $0.00128486$ & $-0.0239378$ & $-0.00772763$ & $0.000284157$ & $-0.0194605$ & $-0.00658256$ & $-0.0096977$ & $0.00384904$ & $-0.019605$ & $-0.00639874$ & $0.0440173$ & $0.01564$ & $-0.0174533$ & $-0.00273183$ & $1$ & $0.00522817$ & $-0.0190329$ & $-0.00302255$ & $-0.00302142$ & $0.00309346$ & $-0.0182457$ & $-0.0187511$ & $0.0230688$ & $0.00898427$ \\
eHZgaint & $-0.0569188$ & $-0.113187$ & $-0.0834998$ & $-0.053633$ & $-0.0176112$ & $0.0226883$ & $-0.00157205$ & $0.00467608$ & $0.0106904$ & $-0.0653465$ & $0.00695985$ & $-0.0232835$ & $0.00846839$ & $-0.0202513$ & $0.0156063$ & $0.00103492$ & $-0.0232055$ & $-0.0281882$ & $-0.0162439$ & $-0.00718721$ & $-0.0118023$ & $-0.00641005$ & $0.00359879$ & $-0.00661739$ & $-0.0149927$ & $-0.000281088$ & $-0.0104203$ & $0.0060577$ & $-0.0021886$ & $-0.00342373$ & $0.0321403$ & $-0.01066$ & $0.00208257$ & $-0.0184911$ & $0.0516273$ & $-0.0640236$ & $-0.00905421$ & $-0.00176248$ & $-0.0355098$ & $0.00522817$ & $1$ & $0.0223122$ & $0.08739$ & $-0.0733803$ & $0.0150126$ & $-0.059026$ & $0.0321747$ & $-0.039966$ & $0.00964639$ \\
eHZgapar & $0.0259092$ & $-0.0288995$ & $0.0292941$ & $0.0129808$ & $0.00142519$ & $-0.00556351$ & $0.00643049$ & $0.0074487$ & $0.00575655$ & $-0.0035541$ & $-0.0078638$ & $0.00308385$ & $0.0108807$ & $0.00472332$ & $-0.00162922$ & $0.0125058$ & $0.00311315$ & $0.00337042$ & $-0.00641784$ & $0.00457979$ & $0.00736844$ & $0.0104919$ & $-0.0189804$ & $-0.0044764$ & $-0.00806197$ & $0.00889857$ & $-0.00660602$ & $0.00944543$ & $-0.0142916$ & $0.0195646$ & $-0.00498444$ & $0.0019691$ & $0.00437737$ & $0.00769804$ & $-0.00834769$ & $-0.00866799$ & $-0.00303225$ & $0.0090595$ & $0.016516$ & $-0.0190329$ & $0.0223122$ & $1$ & $-0.0206982$ & $0.0351283$ & $0.0185742$ & $0.0339395$ & $-0.00301432$ & $-0.0127325$ & $0.0164533$ \\
eHgagaint & $-0.017844$ & $0.101291$ & $-0.00823926$ & $-0.0764576$ & $-0.00129648$ & $-0.00125579$ & $0.00576871$ & $-0.035842$ & $0.0343105$ & $0.00209321$ & $0.0364518$ & $-0.00775728$ & $-0.00504566$ & $-0.0223375$ & $-0.00518216$ & $-0.00606855$ & $-0.0018803$ & $-0.00139039$ & $-0.000812854$ & $-0.0319857$ & $-0.0345978$ & $-0.0363402$ & $0.00591892$ & $0.0176512$ & $0.0064436$ & $0.023961$ & $-0.00914382$ & $0.0209796$ & $0.00163828$ & $-0.00749504$ & $0.0328906$ & $0.00446553$ & $-0.00392887$ & $-0.0178765$ & $-0.0338784$ & $-0.045558$ & $0.0473821$ & $0.0279506$ & $-0.0122024$ & $-0.00302255$ & $0.08739$ & $-0.0206982$ & $1$ & $-0.0174682$ & $-0.00603809$ & $0.0242368$ & $0.103347$ & $-0.0940392$ & $0.0221555$ \\
eHmumuint & $0.0688391$ & $-0.0273624$ & $0.020412$ & $0.00996625$ & $-0.00531658$ & $-0.00201863$ & $-0.0372751$ & $0.00612272$ & $-0.00125422$ & $0.00462763$ & $-0.00302588$ & $0.00397027$ & $0.0168977$ & $0.00700013$ & $-0.00546199$ & $-0.0101508$ & $-0.0132126$ & $-0.00159326$ & $0.00191955$ & $0.000876689$ & $0.00374767$ & $0.00193119$ & $-0.00940703$ & $-0.0066635$ & $-0.0185132$ & $-0.00160126$ & $-0.0045985$ & $-0.0125145$ & $0.00780816$ & $-0.000579824$ & $0.0508726$ & $-0.0404377$ & $-0.0564947$ & $0.00254474$ & $-0.0104674$ & $0.0159507$ & $0.00552112$ & $0.0211412$ & $0.0990026$ & $-0.00302142$ & $-0.0733803$ & $0.0351283$ & $-0.0174682$ & $1$ & $-0.0769313$ & $0.0610854$ & $0.087653$ & $-0.0202595$ & $-0.111405$ \\
eHtautauint & $-0.0615845$ & $0.0518723$ & $0.0137231$ & $-0.0194015$ & $0.00912625$ & $0.013002$ & $-0.0185154$ & $0.0239853$ & $0.0226406$ & $-0.0165541$ & $-0.0208111$ & $-0.00718521$ & $0.00494156$ & $-0.00739633$ & $-0.00332511$ & $0.00241251$ & $0.00293028$ & $-0.00556068$ & $-0.00994035$ & $0.0187994$ & $0.0246902$ & $0.030647$ & $-0.00554874$ & $-0.0142278$ & $0.0193015$ & $0.00662609$ & $0.0489686$ & $-0.00445341$ & $-0.00322796$ & $0.0630779$ & $-0.00987353$ & $-0.0152222$ & $-0.0253334$ & $0.0314899$ & $0.02571$ & $-0.0171503$ & $0.0492236$ & $0.0186044$ & $0.0332064$ & $0.00309346$ & $0.0150126$ & $0.0185742$ & $-0.00603809$ & $-0.0769313$ & $1$ & $0.041479$ & $0.012405$ & $-0.068009$ & $-0.0178512$ \\
eHccint & $-0.0404852$ & $-0.106372$ & $-0.0844661$ & $0.0192642$ & $-0.0347953$ & $0.0127803$ & $-0.00648217$ & $-0.00646338$ & $-0.00770437$ & $0.0213992$ & $0.00523565$ & $0.0121698$ & $0.00858888$ & $0.00849189$ & $-0.0087271$ & $-0.00768373$ & $0.000692587$ & $0.00864476$ & $0.00961683$ & $-0.0113871$ & $-0.0085033$ & $-0.00692131$ & $-0.0107739$ & $0.0140985$ & $0.00518848$ & $0.0150309$ & $-0.00614708$ & $0.0159811$ & $-0.00513464$ & $0.0189336$ & $0.0777685$ & $0.0045193$ & $0.00962579$ & $-0.0067261$ & $0.0810291$ & $-0.0101509$ & $-0.031539$ & $0.0305257$ & $-0.022736$ & $-0.0182457$ & $-0.059026$ & $0.0339395$ & $0.0242368$ & $0.0610854$ & $0.041479$ & $1$ & $0.0179676$ & $-0.101878$ & $0.0333827$ \\
eHccpar & $0.0626996$ & $0.0521029$ & $-0.0474139$ & $0.0542524$ & $0.00746434$ & $-0.0230204$ & $-0.0081459$ & $0.00623984$ & $0.0135105$ & $-0.00605787$ & $-0.0144749$ & $0.000450561$ & $0.0087076$ & $0.0141884$ & $0.00565715$ & $0.0125723$ & $0.00539779$ & $0.00645896$ & $0.00491898$ & $0.0165807$ & $0.013331$ & $0.0148954$ & $-0.0189038$ & $0.00488138$ & $-0.00333249$ & $0.0060715$ & $-0.00314273$ & $0.0107585$ & $0.00766592$ & $-0.00316664$ & $0.399442$ & $-0.0101226$ & $-0.0317843$ & $-0.00118142$ & $-0.0634021$ & $-0.0400881$ & $0.0882614$ & $0.0456761$ & $0.218014$ & $-0.0187511$ & $0.0321747$ & $-0.00301432$ & $0.103347$ & $0.087653$ & $0.012405$ & $0.0179676$ & $1$ & $0.00856126$ & $-0.052384$ \\
eHbbint & $0.0795176$ & $0.0640202$ & $-0.00547208$ & $0.0302998$ & $-0.0263563$ & $-0.0146163$ & $0.0246326$ & $-0.0140481$ & $-0.0180938$ & $0.0280677$ & $0.00764976$ & $-0.00493692$ & $-0.0245495$ & $0.0114267$ & $-0.0113612$ & $-0.0191874$ & $0.00198111$ & $0.0140795$ & $0.019415$ & $-0.00676486$ & $-0.00605939$ & $-0.00411523$ & $-0.0151294$ & $0.00232689$ & $0.00311674$ & $0.0182559$ & $-0.000482084$ & $0.00105409$ & $0.0135439$ & $-0.0161498$ & $-0.019042$ & $0.0211263$ & $0.132541$ & $-0.00376543$ & $-0.0357055$ & $0.00615748$ & $0.00138366$ & $0.0188939$ & $0.0381187$ & $0.0230688$ & $-0.039966$ & $-0.0127325$ & $-0.0940392$ & $-0.0202595$ & $-0.068009$ & $-0.101878$ & $0.00856126$ & $1$ & $0.00238552$ \\
eHbbpar & $0.0452735$ & $0.030384$ & $-0.0231806$ & $0.0368098$ & $-0.0156225$ & $0.00992862$ & $-0.00995804$ & $-0.0486363$ & $-0.0421714$ & $0.0340524$ & $0.0379124$ & $0.0210596$ & $0.0016558$ & $-0.00374047$ & $-0.0137303$ & $-0.0110691$ & $0.0275915$ & $0.0273025$ & $0.0199163$ & $-0.0373591$ & $-0.0370528$ & $-0.0408707$ & $0.00488182$ & $0.0276612$ & $0.0155861$ & $0.00905729$ & $-0.0294904$ & $-0.0143187$ & $0.0179252$ & $0.0257651$ & $0.0033531$ & $-0.00306205$ & $0.509419$ & $-0.0198726$ & $0.0274391$ & $-0.0532504$ & $-0.0865352$ & $0.0128214$ & $-0.0745325$ & $0.00898427$ & $0.00964639$ & $0.0164533$ & $0.0221555$ & $-0.111405$ & $-0.0178512$ & $0.0333827$ & $-0.052384$ & $0.00238552$ & $1$ \\
