 & AlsMz & dAle5Mz & mtop & mHl & Mz & CW & CHG & CHWB & CHWHB_gaga & CHWHB_gagaorth & CHD & CHbox & CH & CHL1_11 & CHL1_22 & CHL1_33 & CHL3_11 & CHL3_22 & CHL3_33 & CHe_11 & CHe_22 & CHe_33 & CHQ1_11 & CHQ1_33 & CHQ3_11 & CHu_11 & CHd_11 & CHd_33 & CeH_22r & CeH_33r & CuH_22r & CuH_33r & CdH_33r & CLL_1221 & eHggint & eHggpar & eHWWint & eHWWpar & eHZZint & eHZZpar & eHZgaint & eHZgapar & eHgagaint & eHmumuint & eHtautauint & eHccint & eHccpar & eHbbint & eHbbpar \\
AlsMz & $1$ & $0.066005$ & $0.114125$ & $-0.0371684$ & $0.0562556$ & $0.019263$ & $-0.137441$ & $-0.0237594$ & $-0.0182866$ & $0.0792221$ & $0.0539393$ & $0.349996$ & $0.0399747$ & $-0.0135013$ & $-0.161768$ & $-0.239522$ & $-0.0665598$ & $0.0367799$ & $0.132046$ & $-0.064149$ & $-0.022599$ & $-0.0263298$ & $-0.267465$ & $-0.0421015$ & $-0.0756022$ & $0.225908$ & $-0.0346557$ & $-0.202888$ & $0.0334865$ & $0.0939922$ & $-0.0110806$ & $-0.408311$ & $0.121247$ & $0.0734812$ & $0.0451193$ & $0.114544$ & $0.15828$ & $0.259695$ & $-0.0454271$ & $0.342891$ & $-0.154345$ & $0.276102$ & $0.476615$ & $-0.105655$ & $-0.411418$ & $0.233557$ & $-0.0523216$ & $-0.242514$ & $-0.270841$ \\
dAle5Mz & $0.066005$ & $1$ & $0.47429$ & $0.380582$ & $-0.346242$ & $0.317271$ & $-0.133931$ & $-0.146513$ & $-0.157766$ & $0.468958$ & $-0.0452961$ & $0.30508$ & $0.0133037$ & $0.347066$ & $0.226869$ & $-0.224675$ & $0.149411$ & $0.115378$ & $0.480466$ & $0.0465738$ & $0.0296626$ & $-0.0169317$ & $0.0722107$ & $0.19127$ & $0.307807$ & $-0.0316646$ & $0.210669$ & $-0.0792671$ & $0.00274673$ & $0.0554293$ & $0.0349944$ & $-0.366231$ & $0.072228$ & $-0.361578$ & $-0.0407375$ & $-0.0466192$ & $0.336003$ & $0.0973091$ & $0.118611$ & $0.26979$ & $-0.426068$ & $0.452794$ & $0.0741971$ & $-0.260368$ & $-0.345555$ & $0.125092$ & $-0.665685$ & $0.251009$ & $0.0271035$ \\
mtop & $0.114125$ & $0.47429$ & $1$ & $0.848001$ & $-0.18927$ & $0.237116$ & $-0.00617484$ & $-0.46648$ & $-0.44076$ & $0.383006$ & $0.424555$ & $0.232109$ & $0.370475$ & $0.0807065$ & $-0.105749$ & $-0.442461$ & $-0.0905484$ & $0.0675619$ & $0.362797$ & $-0.429388$ & $-0.416155$ & $-0.437549$ & $-0.141709$ & $0.150353$ & $0.207141$ & $0.269609$ & $0.168342$ & $-0.161696$ & $-0.0333372$ & $-0.0906263$ & $-0.0521777$ & $-0.321061$ & $-0.10555$ & $-0.316831$ & $-0.112525$ & $-0.479515$ & $-0.211406$ & $-0.151298$ & $0.0939633$ & $0.531163$ & $-0.236087$ & $0.649015$ & $0.0624948$ & $-0.092581$ & $-0.190679$ & $0.0578483$ & $-0.434681$ & $-0.27807$ & $0.0384768$ \\
mHl & $-0.0371684$ & $0.380582$ & $0.848001$ & $1$ & $-1.75067$ & $-0.00360966$ & $-0.099458$ & $-0.0468115$ & $-0.07678$ & $0.413207$ & $0.142659$ & $-0.0329151$ & $-0.460574$ & $-0.155315$ & $0.0853895$ & $-0.0974876$ & $-0.12862$ & $-0.227382$ & $-0.105289$ & $-0.164174$ & $-0.147217$ & $-0.17508$ & $0.604637$ & $-0.1268$ & $-0.098368$ & $-0.50314$ & $0.00635696$ & $-0.109$ & $-0.0424925$ & $-0.107242$ & $-0.0525601$ & $-0.576619$ & $-0.139838$ & $-0.0821501$ & $-0.194035$ & $0.115866$ & $0.025307$ & $-0.173397$ & $0.259502$ & $-0.226893$ & $-0.413029$ & $0.565924$ & $-0.470004$ & $-0.0231058$ & $-0.562679$ & $-0.0771008$ & $-0.289395$ & $-0.311633$ & $-0.157223$ \\
Mz & $0.0562556$ & $-0.346242$ & $-0.18927$ & $-1.75067$ & $1$ & $-0.439697$ & $0.229982$ & $0.0611655$ & $0.0847004$ & $-0.157821$ & $-0.127715$ & $-0.0952691$ & $0.394359$ & $0.013308$ & $-0.47115$ & $-0.117556$ & $0.275272$ & $0.41865$ & $0.182155$ & $0.100259$ & $0.19514$ & $0.189756$ & $-0.844206$ & $-0.0481975$ & $-0.0763742$ & $0.640752$ & $-0.378162$ & $0.0421832$ & $0.00195638$ & $-0.0929893$ & $-0.150694$ & $0.569192$ & $-0.132753$ & $0.480509$ & $-0.376713$ & $-0.14338$ & $0.0230051$ & $-0.185963$ & $-0.704237$ & $0.277033$ & $0.480645$ & $-0.434802$ & $0.750552$ & $-0.338706$ & $0.420479$ & $-0.0511302$ & $0.313463$ & $0.397198$ & $0.273468$ \\
CW & $0.019263$ & $0.317271$ & $0.237116$ & $-0.00360966$ & $-0.439697$ & $1$ & $-0.0804731$ & $-0.253255$ & $-0.247837$ & $0.0707018$ & $0.119312$ & $0.103681$ & $0.0914287$ & $0.394601$ & $0.239434$ & $-0.00379611$ & $-0.123821$ & $0.0400738$ & $0.231115$ & $-0.0759419$ & $-0.167867$ & $-0.183043$ & $0.170236$ & $0.301035$ & $0.335761$ & $-0.0808493$ & $0.308105$ & $-0.0685074$ & $0.0159559$ & $0.0420508$ & $-0.00195671$ & $-0.122701$ & $0.0772653$ & $-0.528588$ & $0.253988$ & $-0.0172136$ & $0.150104$ & $0.110086$ & $0.421284$ & $0.293442$ & $-0.0782588$ & $0.302635$ & $0.0626061$ & $0.300749$ & $-0.203439$ & $0.042882$ & $-0.38852$ & $-0.0841416$ & $-0.205164$ \\
CHG & $-0.137441$ & $-0.133931$ & $-0.00617484$ & $-0.099458$ & $0.229982$ & $-0.0804731$ & $1$ & $-0.0736048$ & $0.0132294$ & $0.00371102$ & $0.062091$ & $-0.190523$ & $0.046957$ & $-0.0414055$ & $-0.0531448$ & $0.0520651$ & $0.0465822$ & $0.0552954$ & $-0.0325499$ & $-0.053198$ & $-0.0632775$ & $-0.0450167$ & $-0.0119655$ & $0.0461245$ & $0.023007$ & $0.0321404$ & $-0.0399463$ & $0.00962664$ & $0.0450381$ & $-0.412827$ & $-0.265634$ & $0.189438$ & $-0.563066$ & $0.0211786$ & $-0.0344343$ & $-0.0397769$ & $-0.0716207$ & $-0.113195$ & $-0.00579944$ & $-0.0285745$ & $0.177901$ & $-0.0562404$ & $-0.0381763$ & $0.11741$ & $0.113148$ & $-0.113322$ & $0.14266$ & $-0.0460369$ & $0.137842$ \\
CHWB & $-0.0237594$ & $-0.146513$ & $-0.46648$ & $-0.0468115$ & $0.0611655$ & $-0.253255$ & $-0.0736048$ & $1$ & $0.935559$ & $-0.198826$ & $-0.807216$ & $-0.108681$ & $-0.52464$ & $-0.0274958$ & $0.220548$ & $0.194815$ & $-0.136379$ & $-0.357166$ & $-0.387325$ & $0.74673$ & $0.840916$ & $0.793826$ & $-0.0515793$ & $-0.568838$ & $-0.561391$ & $-0.248777$ & $-0.3211$ & $0.290261$ & $0.0281784$ & $0.124478$ & $0.0692758$ & $0.177088$ & $0.125264$ & $0.511261$ & $-0.109189$ & $0.47342$ & $0.312348$ & $0.202338$ & $-0.118347$ & $-0.486378$ & $-0.190015$ & $-0.392762$ & $0.0324347$ & $-0.0673641$ & $-0.130383$ & $-0.100549$ & $0.0634265$ & $0.565736$ & $0.0225445$ \\
CHWHB_gaga & $-0.0182866$ & $-0.157766$ & $-0.44076$ & $-0.07678$ & $0.0847004$ & $-0.247837$ & $0.0132294$ & $0.935559$ & $1$ & $-0.233659$ & $-0.749008$ & $-0.068065$ & $-0.472384$ & $-0.0411843$ & $0.186102$ & $0.176512$ & $-0.131477$ & $-0.330066$ & $-0.368068$ & $0.694715$ & $0.783554$ & $0.745761$ & $-0.0785838$ & $-0.538382$ & $-0.530114$ & $-0.209524$ & $-0.297384$ & $0.271632$ & $0.0396398$ & $0.156514$ & $0.0757831$ & $0.167777$ & $0.15292$ & $0.496558$ & $-0.0844421$ & $0.450178$ & $0.273117$ & $0.215747$ & $-0.144977$ & $-0.45513$ & $-0.183824$ & $-0.391518$ & $0.0415419$ & $-0.0927738$ & $-0.0953987$ & $-0.0578751$ & $0.0640722$ & $0.544599$ & $0.0253421$ \\
CHWHB_gagaorth & $0.0792221$ & $0.468958$ & $0.383006$ & $0.413207$ & $-0.157821$ & $0.0707018$ & $0.00371102$ & $-0.198826$ & $-0.233659$ & $1$ & $-0.0139912$ & $0.0914246$ & $-0.287896$ & $0.213951$ & $0.076292$ & $-0.181471$ & $0.35045$ & $0.241848$ & $0.451494$ & $-0.00882083$ & $0.0102281$ & $-0.0188752$ & $0.162064$ & $0.204239$ & $0.347904$ & $-0.0921658$ & $0.290817$ & $-0.142506$ & $-0.0148319$ & $-0.231521$ & $-0.105801$ & $-0.325445$ & $-0.28345$ & $-0.167202$ & $-0.104354$ & $-0.0527789$ & $0.164681$ & $0.00275494$ & $0.336066$ & $0.272126$ & $-0.0245844$ & $0.557974$ & $0.194399$ & $0.171741$ & $-0.426882$ & $0.00972692$ & $-0.173153$ & $-0.138385$ & $-0.181056$ \\
CHD & $0.0539393$ & $-0.0452961$ & $0.424555$ & $0.142659$ & $-0.127715$ & $0.119312$ & $0.062091$ & $-0.807216$ & $-0.749008$ & $-0.0139912$ & $1$ & $0.0377859$ & $0.515975$ & $-0.43472$ & $-0.374353$ & $-0.415976$ & $-0.365783$ & $-0.130784$ & $-0.0325525$ & $-0.97549$ & $-0.98123$ & $-0.899518$ & $0.0117495$ & $0.132404$ & $0.00977621$ & $0.288171$ & $0.0994615$ & $-0.238977$ & $-0.0421886$ & $-0.150686$ & $-0.0620917$ & $-0.274227$ & $-0.184085$ & $-0.254769$ & $0.21515$ & $-0.441646$ & $-0.435046$ & $-0.268219$ & $-0.0311592$ & $0.466629$ & $0.0748765$ & $0.41032$ & $-0.148814$ & $-0.0319156$ & $0.0904037$ & $0.158962$ & $-0.0164589$ & $-0.673886$ & $-0.091325$ \\
CHbox & $0.349996$ & $0.30508$ & $0.232109$ & $-0.0329151$ & $-0.0952691$ & $0.103681$ & $-0.190523$ & $-0.108681$ & $-0.068065$ & $0.0914246$ & $0.0377859$ & $1$ & $0.196311$ & $0.113868$ & $-0.00577122$ & $-0.383491$ & $0.00473811$ & $0.0701466$ & $0.411434$ & $-0.0117773$ & $-0.0189488$ & $-0.0481142$ & $-0.282589$ & $0.120255$ & $0.219937$ & $0.308478$ & $0.514376$ & $-0.130365$ & $0.0556124$ & $0.260101$ & $0.0835233$ & $-0.424307$ & $0.362038$ & $-0.156607$ & $0.0460781$ & $-0.150115$ & $-0.157044$ & $0.531305$ & $-0.0433302$ & $0.249452$ & $-0.508988$ & $0.161987$ & $0.251646$ & $-0.366468$ & $-0.0103041$ & $0.64913$ & $-0.205668$ & $-0.0290992$ & $-0.148775$ \\
CH & $0.0399747$ & $0.0133037$ & $0.370475$ & $-0.460574$ & $0.394359$ & $0.0914287$ & $0.046957$ & $-0.52464$ & $-0.472384$ & $-0.287896$ & $0.515975$ & $0.196311$ & $1$ & $-0.0276585$ & $-0.221652$ & $-0.244287$ & $-0.121494$ & $0.11026$ & $0.16951$ & $-0.491409$ & $-0.515288$ & $-0.492608$ & $-0.326236$ & $0.200985$ & $0.193837$ & $0.492357$ & $0.193297$ & $-0.198848$ & $-0.0108935$ & $0.0403148$ & $0.000830076$ & $0.161545$ & $0.0460729$ & $-0.234946$ & $0.041781$ & $-0.517364$ & $-0.448303$ & $-0.122428$ & $-0.244009$ & $0.436511$ & $0.148023$ & $-0.0790961$ & $0.00777801$ & $-0.224424$ & $0.52595$ & $0.17926$ & $-0.0582887$ & $-0.267185$ & $0.25087$ \\
CHL1_11 & $-0.0135013$ & $0.347066$ & $0.0807065$ & $-0.155315$ & $0.013308$ & $0.394601$ & $-0.0414055$ & $-0.0274958$ & $-0.0411843$ & $0.213951$ & $-0.43472$ & $0.113868$ & $-0.0276585$ & $1$ & $0.251611$ & $0.229584$ & $0.330498$ & $0.577691$ & $0.582869$ & $0.454946$ & $0.373393$ & $0.313002$ & $0.0552078$ & $0.463264$ & $0.631559$ & $-0.112092$ & $0.279851$ & $-0.0176729$ & $0.0252391$ & $0.104145$ & $0.0359215$ & $0.162512$ & $0.161555$ & $-0.415291$ & $-0.156899$ & $0.101142$ & $0.294081$ & $0.159109$ & $0.257724$ & $0.0139405$ & $0.0728029$ & $-0.0242359$ & $0.152886$ & $0.186299$ & $-0.0579821$ & $-0.107706$ & $-0.180134$ & $0.246027$ & $0.100156$ \\
CHL1_22 & $-0.161768$ & $0.226869$ & $-0.105749$ & $0.0853895$ & $-0.47115$ & $0.239434$ & $-0.0531448$ & $0.220548$ & $0.186102$ & $0.076292$ & $-0.374353$ & $-0.00577122$ & $-0.221652$ & $0.251611$ & $1$ & $0.246168$ & $0.181398$ & $-0.377161$ & $0.114363$ & $0.420143$ & $0.283607$ & $0.234179$ & $0.197918$ & $0.126981$ & $0.209488$ & $-0.219391$ & $0.0972838$ & $-0.126172$ & $0.0325013$ & $0.0555643$ & $0.0671621$ & $0.0653095$ & $0.075229$ & $-0.637065$ & $0.0725329$ & $0.195067$ & $0.327251$ & $0.0696479$ & $0.392899$ & $-0.0977251$ & $-0.0308219$ & $-0.0831771$ & $-0.0118184$ & $0.293083$ & $-0.114927$ & $-0.0997093$ & $-0.159369$ & $0.29151$ & $-0.0127825$ \\
CHL1_33 & $-0.239522$ & $-0.224675$ & $-0.442461$ & $-0.0974876$ & $-0.117556$ & $-0.00379611$ & $0.0520651$ & $0.194815$ & $0.176512$ & $-0.181471$ & $-0.415976$ & $-0.383491$ & $-0.244287$ & $0.229584$ & $0.246168$ & $1$ & $0.371864$ & $0.267632$ & $-0.37625$ & $0.473391$ & $0.32985$ & $0.33333$ & $0.211928$ & $0.274538$ & $0.224165$ & $-0.273504$ & $-0.112598$ & $0.178133$ & $-0.00906531$ & $0.0262449$ & $0.00881937$ & $0.408921$ & $0.040371$ & $0.0310969$ & $0.0891288$ & $0.199285$ & $0.126929$ & $0.0163188$ & $0.171618$ & $-0.370479$ & $0.304961$ & $-0.401192$ & $-0.133584$ & $0.242981$ & $0.237676$ & $-0.257536$ & $0.190822$ & $0.261203$ & $0.118546$ \\
CHL3_11 & $-0.0665598$ & $0.149411$ & $-0.0905484$ & $-0.12862$ & $0.275272$ & $-0.123821$ & $0.0465822$ & $-0.136379$ & $-0.131477$ & $0.35045$ & $-0.365783$ & $0.00473811$ & $-0.121494$ & $0.330498$ & $0.181398$ & $0.371864$ & $1$ & $0.662648$ & $0.477249$ & $0.389342$ & $0.325425$ & $0.275375$ & $0.021925$ & $0.491558$ & $0.66011$ & $-0.0815282$ & $0.194962$ & $-0.00976249$ & $0.0142314$ & $0.0168066$ & $-0.0294879$ & $0.167011$ & $0.0515426$ & $-0.0334431$ & $-0.218155$ & $-0.021591$ & $0.161799$ & $0.0589166$ & $0.0955253$ & $-0.110632$ & $0.184323$ & $-0.123929$ & $0.202333$ & $0.0635079$ & $0.0824106$ & $-0.122423$ & $0.0652972$ & $0.237452$ & $0.104631$ \\
CHL3_22 & $0.0367799$ & $0.115378$ & $0.0675619$ & $-0.227382$ & $0.41865$ & $0.0400738$ & $0.0552954$ & $-0.357166$ & $-0.330066$ & $0.241848$ & $-0.130784$ & $0.0701466$ & $0.11026$ & $0.577691$ & $-0.377161$ & $0.267632$ & $0.662648$ & $1$ & $0.515442$ & $0.166834$ & $0.109695$ & $0.087396$ & $-0.0600529$ & $0.574146$ & $0.692244$ & $0.0475059$ & $0.243677$ & $0.0393094$ & $0.00121414$ & $0.0133336$ & $-0.0511689$ & $0.155854$ & $0.0536738$ & $0.0643982$ & $-0.214813$ & $-0.127131$ & $0.00726308$ & $0.0654817$ & $-0.0203093$ & $0.0352738$ & $0.216087$ & $-0.0319002$ & $0.181275$ & $-0.0213798$ & $0.147277$ & $-0.0581168$ & $0.0493564$ & $0.0336711$ & $0.125615$ \\
CHL3_33 & $0.132046$ & $0.480466$ & $0.362797$ & $-0.105289$ & $0.182155$ & $0.231115$ & $-0.0325499$ & $-0.387325$ & $-0.368068$ & $0.451494$ & $-0.0325525$ & $0.411434$ & $0.16951$ & $0.582869$ & $0.114363$ & $-0.37625$ & $0.477249$ & $0.515442$ & $1$ & $0.0541284$ & $0.0265922$ & $0.0293582$ & $-0.111013$ & $0.453307$ & $0.669596$ & $0.138688$ & $0.432583$ & $-0.230371$ & $0.0316857$ & $0.0355521$ & $-0.000613315$ & $-0.142247$ & $0.0847064$ & $-0.440889$ & $-0.227482$ & $-0.169656$ & $0.136087$ & $0.117987$ & $0.116617$ & $0.28377$ & $-0.0673136$ & $0.246409$ & $0.291476$ & $0.0058265$ & $-0.131836$ & $0.0921324$ & $-0.219252$ & $0.0222596$ & $0.0294697$ \\
CHe_11 & $-0.064149$ & $0.0465738$ & $-0.429388$ & $-0.164174$ & $0.100259$ & $-0.0759419$ & $-0.053198$ & $0.74673$ & $0.694715$ & $-0.00882083$ & $-0.97549$ & $-0.0117773$ & $-0.491409$ & $0.454946$ & $0.420143$ & $0.473391$ & $0.389342$ & $0.166834$ & $0.0541284$ & $1$ & $0.94931$ & $0.86492$ & $-0.00631925$ & $-0.0457821$ & $0.0703389$ & $-0.277682$ & $-0.0616773$ & $0.218265$ & $0.0472597$ & $0.144731$ & $0.0589582$ & $0.283474$ & $0.181743$ & $0.170269$ & $-0.190423$ & $0.423498$ & $0.43168$ & $0.281768$ & $0.0572849$ & $-0.453877$ & $-0.0512813$ & $-0.42227$ & $0.149381$ & $0.0495517$ & $-0.0581353$ & $-0.147578$ & $0.0134106$ & $0.669607$ & $0.0945507$ \\
CHe_22 & $-0.022599$ & $0.0296626$ & $-0.416155$ & $-0.147217$ & $0.19514$ & $-0.167867$ & $-0.0632775$ & $0.840916$ & $0.783554$ & $0.0102281$ & $-0.98123$ & $-0.0189488$ & $-0.515288$ & $0.373393$ & $0.283607$ & $0.32985$ & $0.325425$ & $0.109695$ & $0.0265922$ & $0.94931$ & $1$ & $0.907962$ & $-0.0513431$ & $-0.209669$ & $-0.086874$ & $-0.264804$ & $-0.123775$ & $0.252495$ & $0.0421994$ & $0.149046$ & $0.0614982$ & $0.249133$ & $0.179844$ & $0.353254$ & $-0.235355$ & $0.442189$ & $0.419325$ & $0.271865$ & $-0.0317083$ & $-0.46604$ & $-0.105569$ & $-0.398169$ & $0.169685$ & $-0.0182271$ & $-0.110316$ & $-0.138698$ & $0.0275963$ & $0.669465$ & $0.0854952$ \\
CHe_33 & $-0.0263298$ & $-0.0169317$ & $-0.437549$ & $-0.17508$ & $0.189756$ & $-0.183043$ & $-0.0450167$ & $0.793826$ & $0.745761$ & $-0.0188752$ & $-0.899518$ & $-0.0481142$ & $-0.492608$ & $0.313002$ & $0.234179$ & $0.33333$ & $0.275375$ & $0.087396$ & $0.0293582$ & $0.86492$ & $0.907962$ & $1$ & $-0.0634412$ & $-0.217996$ & $-0.126369$ & $-0.231611$ & $-0.148925$ & $0.2354$ & $0.0351404$ & $0.131662$ & $0.0652664$ & $0.239817$ & $0.158873$ & $0.368879$ & $-0.206462$ & $0.400511$ & $0.379436$ & $0.246971$ & $-0.0442855$ & $-0.455133$ & $-0.0902512$ & $-0.400404$ & $0.135796$ & $0.0151001$ & $-0.0917692$ & $-0.153937$ & $0.0602724$ & $0.619319$ & $0.0705654$ \\
CHQ1_11 & $-0.267465$ & $0.0722107$ & $-0.141709$ & $0.604637$ & $-0.844206$ & $0.170236$ & $-0.0119655$ & $-0.0515793$ & $-0.0785838$ & $0.162064$ & $0.0117495$ & $-0.282589$ & $-0.326236$ & $0.0552078$ & $0.197918$ & $0.211928$ & $0.021925$ & $-0.0600529$ & $-0.111013$ & $-0.00631925$ & $-0.0513431$ & $-0.0634412$ & $1$ & $0.0729612$ & $0.137232$ & $-0.859871$ & $0.192917$ & $0.138653$ & $-0.0181353$ & $-0.0665879$ & $-0.00859012$ & $-0.0930623$ & $-0.0864827$ & $-0.180724$ & $0.123638$ & $0.297611$ & $0.108376$ & $0.00407223$ & $0.290055$ & $-0.411963$ & $0.0941826$ & $0.116041$ & $-0.530915$ & $0.235465$ & $-0.16676$ & $-0.178365$ & $0.044939$ & $-0.192149$ & $-0.213646$ \\
CHQ1_33 & $-0.0421015$ & $0.19127$ & $0.150353$ & $-0.1268$ & $-0.0481975$ & $0.301035$ & $0.0461245$ & $-0.568838$ & $-0.538382$ & $0.204239$ & $0.132404$ & $0.120255$ & $0.200985$ & $0.463264$ & $0.126981$ & $0.274538$ & $0.491558$ & $0.574146$ & $0.453307$ & $-0.0457821$ & $-0.209669$ & $-0.217996$ & $0.0729612$ & $1$ & $0.688669$ & $0.0156231$ & $0.375364$ & $-0.0299079$ & $-0.00640669$ & $-0.0178787$ & $-0.0226722$ & $0.0929923$ & $0.0274652$ & $-0.498741$ & $0.0119179$ & $-0.16687$ & $-0.0550865$ & $0.0426099$ & $0.209624$ & $0.165651$ & $0.213216$ & $0.0801441$ & $0.0427188$ & $0.132104$ & $0.164483$ & $0.0188202$ & $-0.040277$ & $-0.112851$ & $0.031969$ \\
CHQ3_11 & $-0.0756022$ & $0.307807$ & $0.207141$ & $-0.098368$ & $-0.0763742$ & $0.335761$ & $0.023007$ & $-0.561391$ & $-0.530114$ & $0.347904$ & $0.00977621$ & $0.219937$ & $0.193837$ & $0.631559$ & $0.209488$ & $0.224165$ & $0.66011$ & $0.692244$ & $0.669596$ & $0.0703389$ & $-0.086874$ & $-0.126369$ & $0.137232$ & $0.688669$ & $1$ & $-0.0456974$ & $0.612761$ & $-0.174846$ & $0.023698$ & $0.0150836$ & $-0.0111366$ & $0.0662348$ & $0.072669$ & $-0.565003$ & $0.0194278$ & $-0.159834$ & $0.0286522$ & $0.14365$ & $0.320806$ & $0.153382$ & $0.178389$ & $0.0869676$ & $0.109064$ & $0.197465$ & $0.123478$ & $0.0489788$ & $-0.0584193$ & $-0.0599279$ & $0.035841$ \\
CHu_11 & $0.225908$ & $-0.0316646$ & $0.269609$ & $-0.50314$ & $0.640752$ & $-0.0808493$ & $0.0321404$ & $-0.248777$ & $-0.209524$ & $-0.0921658$ & $0.288171$ & $0.308478$ & $0.492357$ & $-0.112092$ & $-0.219391$ & $-0.273504$ & $-0.0815282$ & $0.0475059$ & $0.138688$ & $-0.277682$ & $-0.264804$ & $-0.231611$ & $-0.859871$ & $0.0156231$ & $-0.0456974$ & $1$ & $-0.0282028$ & $-0.248728$ & $0.0131125$ & $0.00424225$ & $-0.0154354$ & $-0.000245433$ & $0.0110379$ & $-0.0147351$ & $0.0139193$ & $-0.455108$ & $-0.26093$ & $-0.039569$ & $-0.178006$ & $0.561105$ & $-0.0412966$ & $0.00859766$ & $0.427853$ & $-0.168265$ & $0.243422$ & $0.269051$ & $-0.0326528$ & $-0.0530257$ & $0.184387$ \\
CHd_11 & $-0.0346557$ & $0.210669$ & $0.168342$ & $0.00635696$ & $-0.378162$ & $0.308105$ & $-0.0399463$ & $-0.3211$ & $-0.297384$ & $0.290817$ & $0.0994615$ & $0.514376$ & $0.193297$ & $0.279851$ & $0.0972838$ & $-0.112598$ & $0.194962$ & $0.243677$ & $0.432583$ & $-0.0616773$ & $-0.123775$ & $-0.148925$ & $0.192917$ & $0.375364$ & $0.612761$ & $-0.0282028$ & $1$ & $-0.210653$ & $0.0437541$ & $0.0331656$ & $0.0100286$ & $-0.0974156$ & $0.0995851$ & $-0.352356$ & $0.336078$ & $-0.0632419$ & $-0.184579$ & $0.478769$ & $0.31183$ & $0.0934044$ & $-0.0591999$ & $0.0863634$ & $0.000819052$ & $0.108414$ & $0.15541$ & $0.42593$ & $0.0574955$ & $-0.195866$ & $-0.147993$ \\
CHd_33 & $-0.202888$ & $-0.0792671$ & $-0.161696$ & $-0.109$ & $0.0421832$ & $-0.0685074$ & $0.00962664$ & $0.290261$ & $0.271632$ & $-0.142506$ & $-0.238977$ & $-0.130365$ & $-0.198848$ & $-0.0176729$ & $-0.126172$ & $0.178133$ & $-0.00976249$ & $0.0393094$ & $-0.230371$ & $0.218265$ & $0.252495$ & $0.2354$ & $0.138653$ & $-0.0299079$ & $-0.174846$ & $-0.248728$ & $-0.210653$ & $1$ & $0.00920171$ & $0.0725822$ & $0.103538$ & $0.226021$ & $0.0739208$ & $0.319659$ & $-0.126962$ & $0.173621$ & $-0.0580768$ & $0.0309828$ & $-0.149194$ & $-0.336188$ & $-0.0508485$ & $-0.239835$ & $-0.204117$ & $-0.138005$ & $0.100211$ & $-0.0397446$ & $0.0895363$ & $0.217835$ & $0.0493928$ \\
CeH_22r & $0.0334865$ & $0.00274673$ & $-0.0333372$ & $-0.0424925$ & $0.00195638$ & $0.0159559$ & $0.0450381$ & $0.0281784$ & $0.0396398$ & $-0.0148319$ & $-0.0421886$ & $0.0556124$ & $-0.0108935$ & $0.0252391$ & $0.0325013$ & $-0.00906531$ & $0.0142314$ & $0.00121414$ & $0.0316857$ & $0.0472597$ & $0.0421994$ & $0.0351404$ & $-0.0181353$ & $-0.00640669$ & $0.023698$ & $0.0131125$ & $0.0437541$ & $0.00920171$ & $1$ & $0.0468064$ & $0.0273421$ & $0.00521964$ & $0.0449969$ & $-0.0141255$ & $0.0347733$ & $0.0299804$ & $0.0316735$ & $0.0623701$ & $0.00307408$ & $0.0070074$ & $0.00079499$ & $-0.0225017$ & $0.0464765$ & $0.00428002$ & $0.00144031$ & $0.0474821$ & $0.00787065$ & $0.0317742$ & $-0.0176539$ \\
CeH_33r & $0.0939922$ & $0.0554293$ & $-0.0906263$ & $-0.107242$ & $-0.0929893$ & $0.0420508$ & $-0.412827$ & $0.124478$ & $0.156514$ & $-0.231521$ & $-0.150686$ & $0.260101$ & $0.0403148$ & $0.104145$ & $0.0555643$ & $0.0262449$ & $0.0168066$ & $0.0133336$ & $0.0355521$ & $0.144731$ & $0.149046$ & $0.131662$ & $-0.0665879$ & $-0.0178787$ & $0.0150836$ & $0.00424225$ & $0.0331656$ & $0.0725822$ & $0.0468064$ & $1$ & $0.323093$ & $-0.0258565$ & $0.719374$ & $0.0157107$ & $0.049879$ & $0.0969177$ & $0.0192182$ & $0.198091$ & $-0.106395$ & $-0.0620386$ & $-0.167409$ & $-0.137256$ & $0.0352825$ & $-0.188824$ & $0.0512768$ & $0.174833$ & $-0.061511$ & $0.16508$ & $-0.0501289$ \\
CuH_22r & $-0.0110806$ & $0.0349944$ & $-0.0521777$ & $-0.0525601$ & $-0.150694$ & $-0.00195671$ & $-0.265634$ & $0.0692758$ & $0.0757831$ & $-0.105801$ & $-0.0620917$ & $0.0835233$ & $0.000830076$ & $0.0359215$ & $0.0671621$ & $0.00881937$ & $-0.0294879$ & $-0.0511689$ & $-0.000613315$ & $0.0589582$ & $0.0614982$ & $0.0652664$ & $-0.00859012$ & $-0.0226722$ & $-0.0111366$ & $-0.0154354$ & $0.0100286$ & $0.103538$ & $0.0273421$ & $0.323093$ & $1$ & $-0.00265288$ & $0.432857$ & $-0.0243311$ & $0.101978$ & $0.0622166$ & $-0.00474314$ & $0.0919907$ & $0.000285455$ & $-0.0187625$ & $-0.0886918$ & $-0.0815658$ & $-0.022632$ & $-0.0678968$ & $0.0233441$ & $0.0752897$ & $-0.0384089$ & $0.10299$ & $-0.0800567$ \\
CuH_33r & $-0.408311$ & $-0.366231$ & $-0.321061$ & $-0.576619$ & $0.569192$ & $-0.122701$ & $0.189438$ & $0.177088$ & $0.167777$ & $-0.325445$ & $-0.274227$ & $-0.424307$ & $0.161545$ & $0.162512$ & $0.0653095$ & $0.408921$ & $0.167011$ & $0.155854$ & $-0.142247$ & $0.283474$ & $0.249133$ & $0.239817$ & $-0.0930623$ & $0.0929923$ & $0.0662348$ & $-0.000245433$ & $-0.0974156$ & $0.226021$ & $0.00521964$ & $-0.0258565$ & $-0.00265288$ & $1$ & $-0.0322565$ & $0.0960099$ & $0.0735624$ & $0.200846$ & $-0.198447$ & $-0.0482773$ & $-0.111991$ & $-0.36571$ & $0.438816$ & $-0.62118$ & $-0.131722$ & $0.12379$ & $0.594208$ & $-0.129219$ & $0.43761$ & $0.320322$ & $0.407297$ \\
CdH_33r & $0.121247$ & $0.072228$ & $-0.10555$ & $-0.139838$ & $-0.132753$ & $0.0772653$ & $-0.563066$ & $0.125264$ & $0.15292$ & $-0.28345$ & $-0.184085$ & $0.362038$ & $0.0460729$ & $0.161555$ & $0.075229$ & $0.040371$ & $0.0515426$ & $0.0536738$ & $0.0847064$ & $0.181743$ & $0.179844$ & $0.158873$ & $-0.0864827$ & $0.0274652$ & $0.072669$ & $0.0110379$ & $0.0995851$ & $0.0739208$ & $0.0449969$ & $0.719374$ & $0.432857$ & $-0.0322565$ & $1$ & $-0.00585727$ & $0.0699458$ & $0.102974$ & $0.0137963$ & $0.282709$ & $-0.0996076$ & $-0.0842482$ & $-0.217434$ & $-0.170694$ & $0.0488373$ & $-0.226796$ & $0.0845955$ & $0.238192$ & $-0.0806499$ & $0.210358$ & $-0.0757536$ \\
CLL_1221 & $0.0734812$ & $-0.361578$ & $-0.316831$ & $-0.0821501$ & $0.480509$ & $-0.528588$ & $0.0211786$ & $0.511261$ & $0.496558$ & $-0.167202$ & $-0.254769$ & $-0.156607$ & $-0.234946$ & $-0.415291$ & $-0.637065$ & $0.0310969$ & $-0.0334431$ & $0.0643982$ & $-0.440889$ & $0.170269$ & $0.353254$ & $0.368879$ & $-0.180724$ & $-0.498741$ & $-0.565003$ & $-0.0147351$ & $-0.352356$ & $0.319659$ & $-0.0141255$ & $0.0157107$ & $-0.0243311$ & $0.0960099$ & $-0.00585727$ & $1$ & $-0.147445$ & $0.154268$ & $-0.0769005$ & $0.0353371$ & $-0.426668$ & $-0.321996$ & $-0.0520189$ & $-0.252708$ & $0.0264727$ & $-0.293316$ & $0.0471241$ & $-0.0266439$ & $0.25551$ & $0.163896$ & $0.0302392$ \\
eHggint & $0.0451193$ & $-0.0407375$ & $-0.112525$ & $-0.194035$ & $-0.376713$ & $0.253988$ & $-0.0344343$ & $-0.109189$ & $-0.0844421$ & $-0.104354$ & $0.21515$ & $0.0460781$ & $0.041781$ & $-0.156899$ & $0.0725329$ & $0.0891288$ & $-0.218155$ & $-0.214813$ & $-0.227482$ & $-0.190423$ & $-0.235355$ & $-0.206462$ & $0.123638$ & $0.0119179$ & $0.0194278$ & $0.0139193$ & $0.336078$ & $-0.126962$ & $0.0347733$ & $0.049879$ & $0.101978$ & $0.0735624$ & $0.0699458$ & $-0.147445$ & $1$ & $0.213317$ & $-0.135251$ & $0.529597$ & $0.264875$ & $0.0311519$ & $0.00086942$ & $-0.0126558$ & $-0.00301101$ & $0.188809$ & $0.0973134$ & $0.465613$ & $0.205365$ & $-0.137481$ & $-0.155508$ \\
eHggpar & $0.114544$ & $-0.0466192$ & $-0.479515$ & $0.115866$ & $-0.14338$ & $-0.0172136$ & $-0.0397769$ & $0.47342$ & $0.450178$ & $-0.0527789$ & $-0.441646$ & $-0.150115$ & $-0.517364$ & $0.101142$ & $0.195067$ & $0.199285$ & $-0.021591$ & $-0.127131$ & $-0.169656$ & $0.423498$ & $0.442189$ & $0.400511$ & $0.297611$ & $-0.16687$ & $-0.159834$ & $-0.455108$ & $-0.0632419$ & $0.173621$ & $0.0299804$ & $0.0969177$ & $0.0622166$ & $0.200846$ & $0.102974$ & $0.154268$ & $0.213317$ & $1$ & $0.336358$ & $0.346337$ & $0.0882581$ & $-0.506837$ & $0.052837$ & $-0.199453$ & $0.0319462$ & $0.0103235$ & $-0.204899$ & $0.129745$ & $0.284888$ & $0.341477$ & $-0.159928$ \\
eHWWint & $0.15828$ & $0.336003$ & $-0.211406$ & $0.025307$ & $0.0230051$ & $0.150104$ & $-0.0716207$ & $0.312348$ & $0.273117$ & $0.164681$ & $-0.435046$ & $-0.157044$ & $-0.448303$ & $0.294081$ & $0.327251$ & $0.126929$ & $0.161799$ & $0.00726308$ & $0.136087$ & $0.43168$ & $0.419325$ & $0.379436$ & $0.108376$ & $-0.0550865$ & $0.0286522$ & $-0.26093$ & $-0.184579$ & $-0.0580768$ & $0.0316735$ & $0.0192182$ & $-0.00474314$ & $-0.198447$ & $0.0137963$ & $-0.0769005$ & $-0.135251$ & $0.336358$ & $1$ & $-0.153796$ & $0.158656$ & $0.0307681$ & $0.0496841$ & $0.0737139$ & $0.357138$ & $0.268186$ & $-0.561046$ & $-0.442206$ & $-0.326386$ & $0.335968$ & $-0.119279$ \\
eHWWpar & $0.259695$ & $0.0973091$ & $-0.151298$ & $-0.173397$ & $-0.185963$ & $0.110086$ & $-0.113195$ & $0.202338$ & $0.215747$ & $0.00275494$ & $-0.268219$ & $0.531305$ & $-0.122428$ & $0.159109$ & $0.0696479$ & $0.0163188$ & $0.0589166$ & $0.0654817$ & $0.117987$ & $0.281768$ & $0.271865$ & $0.246971$ & $0.00407223$ & $0.0426099$ & $0.14365$ & $-0.039569$ & $0.478769$ & $0.0309828$ & $0.0623701$ & $0.198091$ & $0.0919907$ & $-0.0482773$ & $0.282709$ & $0.0353371$ & $0.529597$ & $0.346337$ & $-0.153796$ & $1$ & $0.132174$ & $-0.199846$ & $-0.328367$ & $-0.0576143$ & $0.177802$ & $-0.157855$ & $0.00674314$ & $0.699452$ & $0.156786$ & $0.153441$ & $-0.187187$ \\
eHZZint & $-0.0454271$ & $0.118611$ & $0.0939633$ & $0.259502$ & $-0.704237$ & $0.421284$ & $-0.00579944$ & $-0.118347$ & $-0.144977$ & $0.336066$ & $-0.0311592$ & $-0.0433302$ & $-0.244009$ & $0.257724$ & $0.392899$ & $0.171618$ & $0.0955253$ & $-0.0203093$ & $0.116617$ & $0.0572849$ & $-0.0317083$ & $-0.0442855$ & $0.290055$ & $0.209624$ & $0.320806$ & $-0.178006$ & $0.31183$ & $-0.149194$ & $0.00307408$ & $-0.106395$ & $0.000285455$ & $-0.111991$ & $-0.0996076$ & $-0.426668$ & $0.264875$ & $0.0882581$ & $0.158656$ & $0.132174$ & $1$ & $0.185455$ & $0.0062089$ & $0.329565$ & $0.0285948$ & $0.606603$ & $-0.291276$ & $-0.0657857$ & $-0.193697$ & $-0.229183$ & $-0.303732$ \\
eHZZpar & $0.342891$ & $0.26979$ & $0.531163$ & $-0.226893$ & $0.277033$ & $0.293442$ & $-0.0285745$ & $-0.486378$ & $-0.45513$ & $0.272126$ & $0.466629$ & $0.249452$ & $0.436511$ & $0.0139405$ & $-0.0977251$ & $-0.370479$ & $-0.110632$ & $0.0352738$ & $0.28377$ & $-0.453877$ & $-0.46604$ & $-0.455133$ & $-0.411963$ & $0.165651$ & $0.153382$ & $0.561105$ & $0.0934044$ & $-0.336188$ & $0.0070074$ & $-0.0620386$ & $-0.0187625$ & $-0.36571$ & $-0.0842482$ & $-0.321996$ & $0.0311519$ & $-0.506837$ & $0.0307681$ & $-0.199846$ & $0.185455$ & $1$ & $0.0172305$ & $0.479214$ & $0.450583$ & $0.109955$ & $-0.198314$ & $0.0593998$ & $-0.422797$ & $-0.370547$ & $-0.216362$ \\
eHZgaint & $-0.154345$ & $-0.426068$ & $-0.236087$ & $-0.413029$ & $0.480645$ & $-0.0782588$ & $0.177901$ & $-0.190015$ & $-0.183824$ & $-0.0245844$ & $0.0748765$ & $-0.508988$ & $0.148023$ & $0.0728029$ & $-0.0308219$ & $0.304961$ & $0.184323$ & $0.216087$ & $-0.0673136$ & $-0.0512813$ & $-0.105569$ & $-0.0902512$ & $0.0941826$ & $0.213216$ & $0.178389$ & $-0.0412966$ & $-0.0591999$ & $-0.0508485$ & $0.00079499$ & $-0.167409$ & $-0.0886918$ & $0.438816$ & $-0.217434$ & $-0.0520189$ & $0.00086942$ & $0.052837$ & $0.0496841$ & $-0.328367$ & $0.0062089$ & $0.0172305$ & $1$ & $-0.270363$ & $0.0240975$ & $0.334666$ & $0.314496$ & $-0.325753$ & $0.439206$ & $-0.180487$ & $0.115414$ \\
eHZgapar & $0.276102$ & $0.452794$ & $0.649015$ & $0.565924$ & $-0.434802$ & $0.302635$ & $-0.0562404$ & $-0.392762$ & $-0.391518$ & $0.557974$ & $0.41032$ & $0.161987$ & $-0.0790961$ & $-0.0242359$ & $-0.0831771$ & $-0.401192$ & $-0.123929$ & $-0.0319002$ & $0.246409$ & $-0.42227$ & $-0.398169$ & $-0.400404$ & $0.116041$ & $0.0801441$ & $0.0869676$ & $0.00859766$ & $0.0863634$ & $-0.239835$ & $-0.0225017$ & $-0.137256$ & $-0.0815658$ & $-0.62118$ & $-0.170694$ & $-0.252708$ & $-0.0126558$ & $-0.199453$ & $0.0737139$ & $-0.0576143$ & $0.329565$ & $0.479214$ & $-0.270363$ & $1$ & $0.159623$ & $0.10556$ & $-0.660487$ & $0.0439632$ & $-0.439928$ & $-0.432813$ & $-0.31138$ \\
eHgagaint & $0.476615$ & $0.0741971$ & $0.0624948$ & $-0.470004$ & $0.750552$ & $0.0626061$ & $-0.0381763$ & $0.0324347$ & $0.0415419$ & $0.194399$ & $-0.148814$ & $0.251646$ & $0.00777801$ & $0.152886$ & $-0.0118184$ & $-0.133584$ & $0.202333$ & $0.181275$ & $0.291476$ & $0.149381$ & $0.169685$ & $0.135796$ & $-0.530915$ & $0.0427188$ & $0.109064$ & $0.427853$ & $0.000819052$ & $-0.204117$ & $0.0464765$ & $0.0352825$ & $-0.022632$ & $-0.131722$ & $0.0488373$ & $0.0264727$ & $-0.00301101$ & $0.0319462$ & $0.357138$ & $0.177802$ & $0.0285948$ & $0.450583$ & $0.0240975$ & $0.159623$ & $1$ & $0.0776141$ & $-0.304381$ & $0.15972$ & $-0.0660544$ & $0.152312$ & $-0.154816$ \\
eHmumuint & $-0.105655$ & $-0.260368$ & $-0.092581$ & $-0.0231058$ & $-0.338706$ & $0.300749$ & $0.11741$ & $-0.0673641$ & $-0.0927738$ & $0.171741$ & $-0.0319156$ & $-0.366468$ & $-0.224424$ & $0.186299$ & $0.293083$ & $0.242981$ & $0.0635079$ & $-0.0213798$ & $0.0058265$ & $0.0495517$ & $-0.0182271$ & $0.0151001$ & $0.235465$ & $0.132104$ & $0.197465$ & $-0.168265$ & $0.108414$ & $-0.138005$ & $0.00428002$ & $-0.188824$ & $-0.0678968$ & $0.12379$ & $-0.226796$ & $-0.293316$ & $0.188809$ & $0.0103235$ & $0.268186$ & $-0.157855$ & $0.606603$ & $0.109955$ & $0.334666$ & $0.10556$ & $0.0776141$ & $1$ & $-0.259104$ & $-0.446537$ & $0.133245$ & $-0.292532$ & $-0.140951$ \\
eHtautauint & $-0.411418$ & $-0.345555$ & $-0.190679$ & $-0.562679$ & $0.420479$ & $-0.203439$ & $0.113148$ & $-0.130383$ & $-0.0953987$ & $-0.426882$ & $0.0904037$ & $-0.0103041$ & $0.52595$ & $-0.0579821$ & $-0.114927$ & $0.237676$ & $0.0824106$ & $0.147277$ & $-0.131836$ & $-0.0581353$ & $-0.110316$ & $-0.0917692$ & $-0.16676$ & $0.164483$ & $0.123478$ & $0.243422$ & $0.15541$ & $0.100211$ & $0.00144031$ & $0.0512768$ & $0.0233441$ & $0.594208$ & $0.0845955$ & $0.0471241$ & $0.0973134$ & $-0.204899$ & $-0.561046$ & $0.00674314$ & $-0.291276$ & $-0.198314$ & $0.314496$ & $-0.660487$ & $-0.304381$ & $-0.259104$ & $1$ & $0.2199$ & $0.384441$ & $0.108908$ & $0.360632$ \\
eHccint & $0.233557$ & $0.125092$ & $0.0578483$ & $-0.0771008$ & $-0.0511302$ & $0.042882$ & $-0.113322$ & $-0.100549$ & $-0.0578751$ & $0.00972692$ & $0.158962$ & $0.64913$ & $0.17926$ & $-0.107706$ & $-0.0997093$ & $-0.257536$ & $-0.122423$ & $-0.0581168$ & $0.0921324$ & $-0.147578$ & $-0.138698$ & $-0.153937$ & $-0.178365$ & $0.0188202$ & $0.0489788$ & $0.269051$ & $0.42593$ & $-0.0397446$ & $0.0474821$ & $0.174833$ & $0.0752897$ & $-0.129219$ & $0.238192$ & $-0.0266439$ & $0.465613$ & $0.129745$ & $-0.442206$ & $0.699452$ & $-0.0657857$ & $0.0593998$ & $-0.325753$ & $0.0439632$ & $0.15972$ & $-0.446537$ & $0.2199$ & $1$ & $0.158841$ & $0.0137499$ & $-0.137535$ \\
eHccpar & $-0.0523216$ & $-0.665685$ & $-0.434681$ & $-0.289395$ & $0.313463$ & $-0.38852$ & $0.14266$ & $0.0634265$ & $0.0640722$ & $-0.173153$ & $-0.0164589$ & $-0.205668$ & $-0.0582887$ & $-0.180134$ & $-0.159369$ & $0.190822$ & $0.0652972$ & $0.0493564$ & $-0.219252$ & $0.0134106$ & $0.0275963$ & $0.0602724$ & $0.044939$ & $-0.040277$ & $-0.0584193$ & $-0.0326528$ & $0.0574955$ & $0.0895363$ & $0.00787065$ & $-0.061511$ & $-0.0384089$ & $0.43761$ & $-0.0806499$ & $0.25551$ & $0.205365$ & $0.284888$ & $-0.326386$ & $0.156786$ & $-0.193697$ & $-0.422797$ & $0.439206$ & $-0.439928$ & $-0.0660544$ & $0.133245$ & $0.384441$ & $0.158841$ & $1$ & $-0.137566$ & $0.110609$ \\
eHbbint & $-0.242514$ & $0.251009$ & $-0.27807$ & $-0.311633$ & $0.397198$ & $-0.0841416$ & $-0.0460369$ & $0.565736$ & $0.544599$ & $-0.138385$ & $-0.673886$ & $-0.0290992$ & $-0.267185$ & $0.246027$ & $0.29151$ & $0.261203$ & $0.237452$ & $0.0336711$ & $0.0222596$ & $0.669607$ & $0.669465$ & $0.619319$ & $-0.192149$ & $-0.112851$ & $-0.0599279$ & $-0.0530257$ & $-0.195866$ & $0.217835$ & $0.0317742$ & $0.16508$ & $0.10299$ & $0.320322$ & $0.210358$ & $0.163896$ & $-0.137481$ & $0.341477$ & $0.335968$ & $0.153441$ & $-0.229183$ & $-0.370547$ & $-0.180487$ & $-0.432813$ & $0.152312$ & $-0.292532$ & $0.108908$ & $0.0137499$ & $-0.137566$ & $1$ & $0.183415$ \\
eHbbpar & $-0.270841$ & $0.0271035$ & $0.0384768$ & $-0.157223$ & $0.273468$ & $-0.205164$ & $0.137842$ & $0.0225445$ & $0.0253421$ & $-0.181056$ & $-0.091325$ & $-0.148775$ & $0.25087$ & $0.100156$ & $-0.0127825$ & $0.118546$ & $0.104631$ & $0.125615$ & $0.0294697$ & $0.0945507$ & $0.0854952$ & $0.0705654$ & $-0.213646$ & $0.031969$ & $0.035841$ & $0.184387$ & $-0.147993$ & $0.0493928$ & $-0.0176539$ & $-0.0501289$ & $-0.0800567$ & $0.407297$ & $-0.0757536$ & $0.0302392$ & $-0.155508$ & $-0.159928$ & $-0.119279$ & $-0.187187$ & $-0.303732$ & $-0.216362$ & $0.115414$ & $-0.31138$ & $-0.154816$ & $-0.140951$ & $0.360632$ & $-0.137535$ & $0.110609$ & $0.183415$ & $1$ \\
