 & AlsMz & dAle5Mz & mtop & mHl & Mz & CW & CHG & CHWB & CHWHB_gaga & CHWHB_gagaorth & CHD & CHbox & CH & CHL1_11 & CHL1_22 & CHL1_33 & CHL3_11 & CHL3_22 & CHL3_33 & CHe_11 & CHe_22 & CHe_33 & CHQ1_11 & CHQ1_33 & CHQ3_11 & CHu_11 & CHd_11 & CHd_33 & CeH_22r & CeH_33r & CuH_22r & CuH_33r & CdH_33r & CLL_1221 & eHggint & eHggpar & eHWWint & eHWWpar & eHZZint & eHZZpar & eHZgaint & eHZgapar & eHgagaint & eHmumuint & eHtautauint & eHccint & eHccpar & eHbbint & eHbbpar \\
AlsMz & $1$ & $0.0906005$ & $0.0340554$ & $-0.0620362$ & $0.0019789$ & $-0.0117995$ & $0.0436815$ & $0.0251601$ & $0.0159013$ & $0.00757909$ & $-0.0171442$ & $0.0191577$ & $0.0416997$ & $-0.0302769$ & $0.00786845$ & $-0.0242652$ & $-0.0283797$ & $-0.0388219$ & $-0.0100717$ & $0.0115793$ & $0.015032$ & $0.0186401$ & $-0.0230358$ & $-0.0879059$ & $-0.110701$ & $-0.0124378$ & $0.0242686$ & $0.000905516$ & $-0.0229065$ & $-0.00388239$ & $-0.0287821$ & $0.0688063$ & $0.0199496$ & $0.0177671$ & $0.215723$ & $0.0550792$ & $0.0664864$ & $0.0200784$ & $0.0459433$ & $-0.0293893$ & $0.243619$ & $0.00678908$ & $-0.126877$ & $0.318076$ & $0.0927866$ & $0.114555$ & $-0.00597039$ & $-0.0116246$ & $0.0470606$ \\
dAle5Mz & $0.0906005$ & $1$ & $-0.0128397$ & $-0.16085$ & $0.0174612$ & $0.00503153$ & $0.0624277$ & $-0.0573535$ & $-0.046207$ & $0.0115085$ & $0.0453034$ & $0.0350192$ & $-0.011693$ & $-0.0484065$ & $-0.0242448$ & $0.0385348$ & $0.0180282$ & $0.0124289$ & $-0.0431199$ & $-0.0176472$ & $-0.0218045$ & $-0.0296973$ & $0.0344456$ & $0.0038618$ & $0.0137825$ & $-0.0128167$ & $0.0157475$ & $0.00394723$ & $0.0373708$ & $0.0075728$ & $-0.0129428$ & $0.0464467$ & $-0.0375282$ & $0.0466633$ & $-0.133437$ & $-0.0502779$ & $0.0442375$ & $-0.0285328$ & $-0.0816834$ & $-0.0101497$ & $0.0348718$ & $0.0162984$ & $0.0731595$ & $0.0860384$ & $0.167173$ & $0.022391$ & $-0.03392$ & $-0.154465$ & $-0.00357072$ \\
mtop & $0.0340554$ & $-0.0128397$ & $1$ & $-0.128313$ & $0.0547218$ & $0.0259999$ & $0.0262834$ & $-0.0347144$ & $-0.0257147$ & $0.00121535$ & $0.0489773$ & $-0.0122361$ & $0.0127696$ & $-0.011629$ & $-0.00994165$ & $0.000734622$ & $-0.0335718$ & $-0.00359202$ & $-0.0143601$ & $-0.0359364$ & $-0.0434671$ & $-0.0524302$ & $0.00349727$ & $0.0184862$ & $0.00610241$ & $0.0199162$ & $-0.00373777$ & $-0.0270401$ & $0.0344539$ & $0.0255464$ & $0.00286552$ & $0.0130389$ & $0.0310251$ & $-0.0311804$ & $-0.0853089$ & $0.0285803$ & $-0.135642$ & $0.037696$ & $-0.023898$ & $-0.0167341$ & $-0.0597021$ & $0.0351179$ & $0.0389767$ & $0.176456$ & $-0.158349$ & $0.00789424$ & $-0.0300641$ & $0.138378$ & $-0.00328865$ \\
mHl & $-0.0620362$ & $-0.16085$ & $-0.128313$ & $1$ & $0.0150079$ & $-0.0158635$ & $-0.00310339$ & $0.0293112$ & $0.0356619$ & $0.012309$ & $-0.0317902$ & $-0.00566334$ & $0.00710733$ & $0.0131256$ & $-0.014785$ & $-0.00554923$ & $0.0139836$ & $0.0150656$ & $0.00843572$ & $0.0239195$ & $0.0276816$ & $0.0325878$ & $0.02107$ & $-0.00854498$ & $0.0157774$ & $-0.0168201$ & $0.0320378$ & $-0.00567035$ & $0.022664$ & $0.00547663$ & $0.0294524$ & $-0.00431984$ & $-0.0238393$ & $0.0284572$ & $-0.0159918$ & $-0.189968$ & $-0.0325568$ & $-0.0425688$ & $-0.028577$ & $-0.00590066$ & $-0.0256757$ & $-0.071832$ & $0.164153$ & $-0.0993098$ & $-0.0359673$ & $0.102989$ & $0.0815334$ & $-0.0177696$ & $-0.0809943$ \\
Mz & $0.0019789$ & $0.0174612$ & $0.0547218$ & $0.0150079$ & $1$ & $-0.0255859$ & $-0.0220077$ & $0.0244425$ & $0.0268555$ & $-0.00666594$ & $0.00335663$ & $-0.0152494$ & $0.033113$ & $-0.0364448$ & $-0.00212196$ & $-0.00107593$ & $-0.0195569$ & $-0.0374472$ & $-0.0369157$ & $-0.000250457$ & $0.0117352$ & $0.00507045$ & $0.0312351$ & $-0.0464742$ & $-0.0136347$ & $-0.0178849$ & $0.0420084$ & $-0.00342217$ & $-0.000747139$ & $0.0130114$ & $0.00661165$ & $-0.0103142$ & $0.0374569$ & $0.0279493$ & $0.040423$ & $-0.00253461$ & $-0.0403228$ & $0.0131544$ & $-0.0125846$ & $0.00341371$ & $-0.00620022$ & $0.0473738$ & $0.0469455$ & $0.0119278$ & $-0.0155722$ & $-0.0365361$ & $-0.0243875$ & $0.0486148$ & $-0.0107756$ \\
CW & $-0.0117995$ & $0.00503153$ & $0.0259999$ & $-0.0158635$ & $-0.0255859$ & $1$ & $0.0224119$ & $-0.0919019$ & $-0.0882748$ & $-0.0105933$ & $0.167874$ & $0.030384$ & $0.0147589$ & $0.0186848$ & $-0.10224$ & $-0.0698825$ & $-0.29039$ & $-0.0595597$ & $-0.0812684$ & $-0.170361$ & $-0.167093$ & $-0.165188$ & $0.00797642$ & $-0.0275086$ & $-0.115553$ & $0.0986416$ & $-0.0535811$ & $-0.0433385$ & $-0.0121844$ & $0.0115764$ & $-0.00604845$ & $0.0332757$ & $0.0189797$ & $-0.0787492$ & $0.0214146$ & $-0.0199006$ & $0.0207691$ & $-0.0463107$ & $-0.0208396$ & $-0.00305802$ & $0.0186209$ & $-0.0246617$ & $0.00828064$ & $-0.0185391$ & $-0.0122835$ & $-0.0343456$ & $0.00049165$ & $-0.00388338$ & $0.00755118$ \\
CHG & $0.0436815$ & $0.0624277$ & $0.0262834$ & $-0.00310339$ & $-0.0220077$ & $0.0224119$ & $1$ & $-0.124478$ & $-0.0775321$ & $0.105415$ & $0.0634262$ & $0.220138$ & $-0.350833$ & $0.0833798$ & $-0.025533$ & $0.0152119$ & $0.115172$ & $0.131639$ & $0.104986$ & $-0.0593453$ & $-0.0685024$ & $-0.0655901$ & $-0.056142$ & $0.138296$ & $0.105962$ & $0.0697603$ & $-0.0761011$ & $-0.0237013$ & $0.0323232$ & $-0.143214$ & $-0.0671398$ & $0.931756$ & $-0.168669$ & $-0.0745774$ & $-0.0145447$ & $-0.0712983$ & $0.0332735$ & $0.0233744$ & $0.0375259$ & $0.0105918$ & $-0.0153491$ & $0.019134$ & $-0.0260767$ & $0.0415338$ & $-0.00591244$ & $0.00766243$ & $-0.0114887$ & $-0.0538624$ & $0.0261845$ \\
CHWB & $0.0251601$ & $-0.0573535$ & $-0.0347144$ & $0.0293112$ & $0.0244425$ & $-0.0919019$ & $-0.124478$ & $1$ & $0.984305$ & $-0.5699$ & $-0.878306$ & $-0.414648$ & $0.343146$ & $0.0826192$ & $0.286955$ & $0.265141$ & $-0.257384$ & $-0.444696$ & $-0.433454$ & $0.850414$ & $0.895958$ & $0.878229$ & $0.0733035$ & $-0.684903$ & $-0.422755$ & $-0.505599$ & $0.430922$ & $0.29142$ & $-0.00858598$ & $0.0936727$ & $0.0237121$ & $-0.111349$ & $0.0885743$ & $0.565021$ & $0.0390639$ & $-0.00718086$ & $0.0525797$ & $-0.0192662$ & $0.0142282$ & $0.0183883$ & $0.00425224$ & $0.026208$ & $0.0163117$ & $0.0328419$ & $-0.0277595$ & $0.00500606$ & $-0.0522107$ & $0.0276432$ & $-0.0274133$ \\
CHWHB_gaga & $0.0159013$ & $-0.046207$ & $-0.0257147$ & $0.0356619$ & $0.0268555$ & $-0.0882748$ & $-0.0775321$ & $0.984305$ & $1$ & $-0.559069$ & $-0.864302$ & $-0.394903$ & $0.338847$ & $0.0817125$ & $0.283943$ & $0.264234$ & $-0.25531$ & $-0.438664$ & $-0.429987$ & $0.837882$ & $0.881657$ & $0.863488$ & $0.0679341$ & $-0.673959$ & $-0.4147$ & $-0.49281$ & $0.425045$ & $0.282054$ & $0.00344826$ & $0.113712$ & $0.036531$ & $-0.0727801$ & $0.105264$ & $0.555088$ & $0.028334$ & $-0.0189693$ & $0.0552921$ & $-0.0218746$ & $0.0110115$ & $0.0202008$ & $-0.00120819$ & $0.0324789$ & $0.0772081$ & $0.0290184$ & $-0.0143481$ & $0.00483342$ & $-0.0555951$ & $0.0257565$ & $-0.0376069$ \\
CHWHB_gagaorth & $0.00757909$ & $0.0115085$ & $0.00121535$ & $0.012309$ & $-0.00666594$ & $-0.0105933$ & $0.105415$ & $-0.5699$ & $-0.559069$ & $1$ & $0.350861$ & $0.651645$ & $-0.250847$ & $0.240364$ & $-0.106165$ & $-0.120531$ & $0.449067$ & $0.487117$ & $0.499402$ & $-0.339281$ & $-0.369338$ & $-0.358781$ & $-0.0286555$ & $0.554375$ & $0.485661$ & $0.199199$ & $-0.244156$ & $-0.120297$ & $0.0134788$ & $-0.130182$ & $-0.0679926$ & $0.10612$ & $-0.149266$ & $-0.357615$ & $0.0521302$ & $0.00704828$ & $-0.0231841$ & $0.00292356$ & $-0.00987412$ & $-0.00984473$ & $0.00471804$ & $-0.0155541$ & $-0.0225404$ & $-0.0327443$ & $-0.0155367$ & $0.00894619$ & $0.0329598$ & $-0.00877563$ & $-0.00962877$ \\
CHD & $-0.0171442$ & $0.0453034$ & $0.0489773$ & $-0.0317902$ & $0.00335663$ & $0.167874$ & $0.0634262$ & $-0.878306$ & $-0.864302$ & $0.350861$ & $1$ & $0.342445$ & $-0.169685$ & $-0.498422$ & $-0.410248$ & $-0.384614$ & $-0.201655$ & $0.07963$ & $0.0686318$ & $-0.990117$ & $-0.990779$ & $-0.97036$ & $-0.025669$ & $0.323664$ & $0.0410891$ & $0.565803$ & $-0.29667$ & $-0.311667$ & $-0.000245172$ & $-0.0367068$ & $0.00437092$ & $0.0722678$ & $-0.02506$ & $-0.373919$ & $-0.0184708$ & $0.0240848$ & $-0.06947$ & $0.0069446$ & $-0.0263336$ & $-0.0163211$ & $0.0177434$ & $-0.0258305$ & $-0.0248579$ & $-0.0212069$ & $0.0119266$ & $-0.00726863$ & $0.0315909$ & $-0.0204524$ & $0.0240815$ \\
CHbox & $0.0191577$ & $0.0350192$ & $-0.0122361$ & $-0.00566334$ & $-0.0152494$ & $0.030384$ & $0.220138$ & $-0.414648$ & $-0.394903$ & $0.651645$ & $0.342445$ & $1$ & $-0.562644$ & $-0.00454685$ & $-0.0676982$ & $-0.0659709$ & $0.143269$ & $0.189373$ & $0.192121$ & $-0.323478$ & $-0.357866$ & $-0.345548$ & $-0.012377$ & $0.315643$ & $0.176411$ & $0.183006$ & $-0.225381$ & $-0.104373$ & $0.00519555$ & $0.00275017$ & $-0.0190277$ & $0.256278$ & $0.000323404$ & $-0.274697$ & $0.0718634$ & $0.0306534$ & $-0.0283788$ & $-0.0112945$ & $0.0090191$ & $-0.00467689$ & $0.0306224$ & $-0.00885625$ & $-0.0496431$ & $-0.0275818$ & $-0.0236387$ & $0.013137$ & $-0.0029723$ & $-0.0191793$ & $-0.0140019$ \\
CH & $0.0416997$ & $-0.011693$ & $0.0127696$ & $0.00710733$ & $0.033113$ & $0.0147589$ & $-0.350833$ & $0.343146$ & $0.338847$ & $-0.250847$ & $-0.169685$ & $-0.562644$ & $1$ & $-0.235273$ & $0.0759731$ & $0.0583321$ & $-0.352181$ & $-0.37598$ & $-0.366304$ & $0.167644$ & $0.180841$ & $0.176521$ & $0.0106444$ & $-0.390316$ & $-0.353966$ & $-0.0789062$ & $0.154812$ & $0.0582445$ & $0.0491348$ & $0.27522$ & $0.0903966$ & $-0.295653$ & $0.32287$ & $0.204676$ & $0.0542298$ & $-0.00100123$ & $-0.00828515$ & $-0.0136637$ & $-0.0502406$ & $-0.00405936$ & $0.0030872$ & $0.00986096$ & $0.0276821$ & $0.0271963$ & $-0.0279381$ & $0.0027409$ & $-3.66996e-05$ & $0.0470534$ & $-0.0360364$ \\
CHL1_11 & $-0.0302769$ & $-0.0484065$ & $-0.011629$ & $0.0131256$ & $-0.0364448$ & $0.0186848$ & $0.0833798$ & $0.0826192$ & $0.0817125$ & $0.240364$ & $-0.498422$ & $-0.00454685$ & $-0.235273$ & $1$ & $0.256076$ & $0.240073$ & $0.656216$ & $0.596833$ & $0.601208$ & $0.512562$ & $0.457955$ & $0.446301$ & $-0.0595936$ & $0.464515$ & $0.592359$ & $-0.265568$ & $-0.106878$ & $0.135158$ & $0.000367756$ & $-0.0776025$ & $-0.0483258$ & $0.0486028$ & $-0.0801691$ & $-0.20746$ & $-0.0236915$ & $-0.0285247$ & $0.0659282$ & $0.000853233$ & $0.0316156$ & $-0.00469407$ & $-0.0327022$ & $0.0108659$ & $0.0223263$ & $-0.0222362$ & $-0.00358089$ & $0.00829668$ & $0.0281144$ & $0.0212081$ & $0.0229535$ \\
CHL1_22 & $0.00786845$ & $-0.0242448$ & $-0.00994165$ & $-0.014785$ & $-0.00212196$ & $-0.10224$ & $-0.025533$ & $0.286955$ & $0.283943$ & $-0.106165$ & $-0.410248$ & $-0.0676982$ & $0.0759731$ & $0.256076$ & $1$ & $0.430959$ & $0.161957$ & $-0.456808$ & $-0.0349975$ & $0.476829$ & $0.323797$ & $0.309845$ & $-0.134046$ & $0.122717$ & $-0.111552$ & $-0.202414$ & $-0.362509$ & $0.111783$ & $0.00434552$ & $0.000755076$ & $-0.00411538$ & $-0.0340863$ & $0.00444904$ & $-0.597965$ & $0.0274556$ & $-0.00606237$ & $0.0174361$ & $0.0217462$ & $0.021095$ & $-0.0182049$ & $-0.0520986$ & $0.0284409$ & $0.00615652$ & $-0.0102722$ & $-0.00783194$ & $-0.00319856$ & $0.0261497$ & $0.0288597$ & $-0.00937302$ \\
CHL1_33 & $-0.0242652$ & $0.0385348$ & $0.000734622$ & $-0.00554923$ & $-0.00107593$ & $-0.0698825$ & $0.0152119$ & $0.265141$ & $0.264234$ & $-0.120531$ & $-0.384614$ & $-0.0659709$ & $0.0583321$ & $0.240073$ & $0.430959$ & $1$ & $0.157307$ & $-0.0302914$ & $-0.447632$ & $0.453764$ & $0.302424$ & $0.320181$ & $-0.158248$ & $0.108122$ & $-0.126884$ & $-0.181423$ & $-0.399128$ & $0.093174$ & $0.0565943$ & $-0.000370243$ & $0.000731344$ & $0.0107441$ & $0.0209758$ & $-0.104601$ & $0.00219591$ & $-0.0366897$ & $-0.0359452$ & $0.0072477$ & $0.0110318$ & $-0.00971566$ & $-0.0778575$ & $0.0126181$ & $0.0227725$ & $-0.0160395$ & $-0.0145442$ & $-0.0186325$ & $0.0102666$ & $0.020292$ & $-0.0187958$ \\
CHL3_11 & $-0.0283797$ & $0.0180282$ & $-0.0335718$ & $0.0139836$ & $-0.0195569$ & $-0.29039$ & $0.115172$ & $-0.257384$ & $-0.25531$ & $0.449067$ & $-0.201655$ & $0.143269$ & $-0.352181$ & $0.656216$ & $0.161957$ & $0.157307$ & $1$ & $0.733505$ & $0.733551$ & $0.22348$ & $0.167376$ & $0.163951$ & $-0.0643569$ & $0.677299$ & $0.781872$ & $-0.108432$ & $-0.174262$ & $0.0282526$ & $0.0162795$ & $-0.114196$ & $-0.054165$ & $0.070158$ & $-0.139071$ & $-0.254586$ & $-0.0464268$ & $-0.0297392$ & $0.0158561$ & $0.0318706$ & $0.0277837$ & $0.00969453$ & $-0.0494152$ & $-0.00386795$ & $0.019345$ & $-0.023417$ & $0.0407862$ & $0.003889$ & $0.029097$ & $-0.0321645$ & $-0.00535869$ \\
CHL3_22 & $-0.0388219$ & $0.0124289$ & $-0.00359202$ & $0.0150656$ & $-0.0374472$ & $-0.0595597$ & $0.131639$ & $-0.444696$ & $-0.438664$ & $0.487117$ & $0.07963$ & $0.189373$ & $-0.37598$ & $0.596833$ & $-0.456808$ & $-0.0302914$ & $0.733505$ & $1$ & $0.674567$ & $-0.0851835$ & $-0.073498$ & $-0.0660074$ & $-0.00613104$ & $0.607567$ & $0.779474$ & $0.0411285$ & $-0.0378822$ & $-0.0477582$ & $0.01618$ & $-0.106972$ & $-0.0475319$ & $0.0970907$ & $-0.116915$ & $0.0393622$ & $-0.0550948$ & $-0.0233269$ & $0.0118388$ & $0.00768595$ & $0.00734955$ & $0.00812981$ & $-0.0122016$ & $-0.0191533$ & $0.0139957$ & $-0.0190769$ & $0.0252574$ & $0.00302173$ & $0.0200429$ & $-0.0236447$ & $0.0149052$ \\
CHL3_33 & $-0.0100717$ & $-0.0431199$ & $-0.0143601$ & $0.00843572$ & $-0.0369157$ & $-0.0812684$ & $0.104986$ & $-0.433454$ & $-0.429987$ & $0.499402$ & $0.0686318$ & $0.192121$ & $-0.366304$ & $0.601208$ & $-0.0349975$ & $-0.447632$ & $0.733551$ & $0.674567$ & $1$ & $-0.0773689$ & $-0.0637574$ & $-0.0613385$ & $0.0162156$ & $0.616304$ & $0.79452$ & $0.0321092$ & $-0.000593417$ & $-0.0333529$ & $-0.0246053$ & $-0.106681$ & $-0.0517924$ & $0.0675926$ & $-0.131086$ & $-0.334005$ & $-0.0358319$ & $0.000450355$ & $0.0500686$ & $0.0223041$ & $0.016863$ & $0.00166048$ & $0.00704041$ & $-0.0107079$ & $-0.00224112$ & $-0.0177714$ & $0.0313419$ & $0.0175729$ & $0.0340284$ & $-0.0286985$ & $0.0249485$ \\
CHe_11 & $0.0115793$ & $-0.0176472$ & $-0.0359364$ & $0.0239195$ & $-0.000250457$ & $-0.170361$ & $-0.0593453$ & $0.850414$ & $0.837882$ & $-0.339281$ & $-0.990117$ & $-0.323478$ & $0.167644$ & $0.512562$ & $0.476829$ & $0.453764$ & $0.22348$ & $-0.0851835$ & $-0.0773689$ & $1$ & $0.971884$ & $0.951342$ & $0.00395739$ & $-0.270084$ & $-0.0348845$ & $-0.557909$ & $0.223458$ & $0.305547$ & $0.00629003$ & $0.0343141$ & $-0.0051384$ & $-0.069574$ & $0.0255411$ & $0.296862$ & $0.0174517$ & $-0.0274194$ & $0.0648026$ & $-0.00351374$ & $0.0214463$ & $0.0127811$ & $-0.0249544$ & $0.0297114$ & $0.0306185$ & $0.0199404$ & $-0.0112478$ & $0.00202431$ & $-0.0293616$ & $0.0225897$ & $-0.0261257$ \\
CHe_22 & $0.015032$ & $-0.0218045$ & $-0.0434671$ & $0.0276816$ & $0.0117352$ & $-0.167093$ & $-0.0685024$ & $0.895958$ & $0.881657$ & $-0.369338$ & $-0.990779$ & $-0.357866$ & $0.180841$ & $0.457955$ & $0.323797$ & $0.302424$ & $0.167376$ & $-0.073498$ & $-0.0637574$ & $0.971884$ & $1$ & $0.9758$ & $0.0524182$ & $-0.381551$ & $-0.0486033$ & $-0.567713$ & $0.378326$ & $0.313159$ & $-0.00157364$ & $0.0438854$ & $-0.00173454$ & $-0.0757827$ & $0.0285314$ & $0.462194$ & $0.0134126$ & $-0.0229595$ & $0.0720089$ & $-0.00937728$ & $0.0229088$ & $0.023053$ & $-0.00943015$ & $0.0267278$ & $0.0296931$ & $0.0245083$ & $-0.00832169$ & $0.00779462$ & $-0.0380175$ & $0.0147425$ & $-0.0233366$ \\
CHe_33 & $0.0186401$ & $-0.0296973$ & $-0.0524302$ & $0.0325878$ & $0.00507045$ & $-0.165188$ & $-0.0655901$ & $0.878229$ & $0.863488$ & $-0.358781$ & $-0.97036$ & $-0.345548$ & $0.176521$ & $0.446301$ & $0.309845$ & $0.320181$ & $0.163951$ & $-0.0660074$ & $-0.0613385$ & $0.951342$ & $0.9758$ & $1$ & $0.0496982$ & $-0.373428$ & $-0.0453132$ & $-0.552784$ & $0.374789$ & $0.309031$ & $-0.00428473$ & $0.0430647$ & $-0.00326403$ & $-0.0735465$ & $0.027004$ & $0.462097$ & $0.0135067$ & $-0.0224949$ & $0.0681327$ & $-0.0084967$ & $0.0195558$ & $0.0220705$ & $-0.00764294$ & $0.0200987$ & $0.0243104$ & $0.0221687$ & $-0.00270822$ & $0.0184885$ & $-0.0357532$ & $0.00555576$ & $-0.0254825$ \\
CHQ1_11 & $-0.0230358$ & $0.0344456$ & $0.00349727$ & $0.02107$ & $0.0312351$ & $0.00797642$ & $-0.056142$ & $0.0733035$ & $0.0679341$ & $-0.0286555$ & $-0.025669$ & $-0.012377$ & $0.0106444$ & $-0.0595936$ & $-0.134046$ & $-0.158248$ & $-0.0643569$ & $-0.00613104$ & $0.0162156$ & $0.00395739$ & $0.0524182$ & $0.0496982$ & $1$ & $-0.125939$ & $0.0684107$ & $-0.685617$ & $0.315228$ & $0.0247235$ & $-0.0482491$ & $-0.025673$ & $-0.0090584$ & $-0.0605536$ & $-0.0281854$ & $0.174014$ & $-0.00335176$ & $-0.00865364$ & $0.0110373$ & $-0.00651096$ & $0.0468598$ & $-0.0179124$ & $-0.0140847$ & $-0.00818644$ & $-0.00884603$ & $0.0245012$ & $-0.0478486$ & $0.0200438$ & $-0.0245642$ & $-0.0366554$ & $-0.0234118$ \\
CHQ1_33 & $-0.0879059$ & $0.0038618$ & $0.0184862$ & $-0.00854498$ & $-0.0464742$ & $-0.0275086$ & $0.138296$ & $-0.684903$ & $-0.673959$ & $0.554375$ & $0.323664$ & $0.315643$ & $-0.390316$ & $0.464515$ & $0.122717$ & $0.108122$ & $0.677299$ & $0.607567$ & $0.616304$ & $-0.270084$ & $-0.381551$ & $-0.373428$ & $-0.125939$ & $1$ & $0.645193$ & $0.20166$ & $-0.443357$ & $-0.0377583$ & $0.016525$ & $-0.123533$ & $-0.0527356$ & $0.101221$ & $-0.124641$ & $-0.645765$ & $-0.0414637$ & $-0.0246421$ & $-0.00582152$ & $0.0239325$ & $-0.00450501$ & $-0.0142812$ & $-0.054481$ & $-0.0143949$ & $0.00535744$ & $-0.0569644$ & $0.0104734$ & $-0.00741241$ & $0.0571992$ & $-0.00339826$ & $0.0262956$ \\
CHQ3_11 & $-0.110701$ & $0.0137825$ & $0.00610241$ & $0.0157774$ & $-0.0136347$ & $-0.115553$ & $0.105962$ & $-0.422755$ & $-0.4147$ & $0.485661$ & $0.0410891$ & $0.176411$ & $-0.353966$ & $0.592359$ & $-0.111552$ & $-0.126884$ & $0.781872$ & $0.779474$ & $0.79452$ & $-0.0348845$ & $-0.0486033$ & $-0.0453132$ & $0.0684107$ & $0.645193$ & $1$ & $0.0306828$ & $0.181468$ & $-0.0341146$ & $-0.0041577$ & $-0.103727$ & $-0.0525211$ & $0.0652788$ & $-0.12087$ & $-0.225402$ & $-0.0535041$ & $-0.0201295$ & $0.00555594$ & $0.0127523$ & $0.00762407$ & $-0.00351328$ & $-0.0162066$ & $-0.00507643$ & $0.0261166$ & $-0.0322808$ & $0.0316764$ & $0.0018533$ & $0.0284563$ & $-0.0374725$ & $0.0151048$ \\
CHu_11 & $-0.0124378$ & $-0.0128167$ & $0.0199162$ & $-0.0168201$ & $-0.0178849$ & $0.0986416$ & $0.0697603$ & $-0.505599$ & $-0.49281$ & $0.199199$ & $0.565803$ & $0.183006$ & $-0.0789062$ & $-0.265568$ & $-0.202414$ & $-0.181423$ & $-0.108432$ & $0.0411285$ & $0.0321092$ & $-0.557909$ & $-0.567713$ & $-0.552784$ & $-0.685617$ & $0.20166$ & $0.0306828$ & $1$ & $-0.162298$ & $-0.174306$ & $0.0283779$ & $0.0130051$ & $0.00658837$ & $0.0815351$ & $0.0239792$ & $-0.249311$ & $-0.0108855$ & $0.0114251$ & $-0.0433076$ & $-0.00877514$ & $-0.0599302$ & $-0.00305769$ & $0.0350737$ & $-0.0171682$ & $0.00310236$ & $-0.0176176$ & $0.0376539$ & $-0.0272371$ & $0.0161726$ & $0.00477717$ & $0.0351867$ \\
CHd_11 & $0.0242686$ & $0.0157475$ & $-0.00373777$ & $0.0320378$ & $0.0420084$ & $-0.0535811$ & $-0.0761011$ & $0.430922$ & $0.425045$ & $-0.244156$ & $-0.29667$ & $-0.225381$ & $0.154812$ & $-0.106878$ & $-0.362509$ & $-0.399128$ & $-0.174262$ & $-0.0378822$ & $-0.000593417$ & $0.223458$ & $0.378326$ & $0.374789$ & $0.315228$ & $-0.443357$ & $0.181468$ & $-0.162298$ & $1$ & $0.10821$ & $-0.040461$ & $0.0547012$ & $-0.00191897$ & $-0.0707161$ & $0.0342158$ & $0.657981$ & $0.0191171$ & $-0.00104575$ & $0.0383616$ & $-0.0280152$ & $-0.0139197$ & $0.0135683$ & $0.0745883$ & $0.00572531$ & $0.0120172$ & $0.0577393$ & $0.00856803$ & $0.0202865$ & $-0.0583695$ & $-0.0352384$ & $-0.00434499$ \\
CHd_33 & $0.000905516$ & $0.00394723$ & $-0.0270401$ & $-0.00567035$ & $-0.00342217$ & $-0.0433385$ & $-0.0237013$ & $0.29142$ & $0.282054$ & $-0.120297$ & $-0.311667$ & $-0.104373$ & $0.0582445$ & $0.135158$ & $0.111783$ & $0.093174$ & $0.0282526$ & $-0.0477582$ & $-0.0333529$ & $0.305547$ & $0.313159$ & $0.309031$ & $0.0247235$ & $-0.0377583$ & $-0.0341146$ & $-0.174306$ & $0.10821$ & $1$ & $-0.0213492$ & $0.0106884$ & $0.0135253$ & $-0.0221838$ & $0.0409803$ & $0.14235$ & $-0.0164735$ & $0.0597472$ & $0.0336881$ & $-0.0376448$ & $0.0219713$ & $-0.0291394$ & $0.0166199$ & $-0.031065$ & $-0.0149561$ & $-0.00843064$ & $-0.00425528$ & $0.0119258$ & $-0.013076$ & $-0.0164669$ & $0.069311$ \\
CeH_22r & $-0.0229065$ & $0.0373708$ & $0.0344539$ & $0.022664$ & $-0.000747139$ & $-0.0121844$ & $0.0323232$ & $-0.00858598$ & $0.00344826$ & $0.0134788$ & $-0.000245172$ & $0.00519555$ & $0.0491348$ & $0.000367756$ & $0.00434552$ & $0.0565943$ & $0.0162795$ & $0.01618$ & $-0.0246053$ & $0.00629003$ & $-0.00157364$ & $-0.00428473$ & $-0.0482491$ & $0.016525$ & $-0.0041577$ & $0.0283779$ & $-0.040461$ & $-0.0213492$ & $1$ & $0.064963$ & $0.00732167$ & $0.0192803$ & $0.0586782$ & $-0.00430918$ & $-0.0256828$ & $-0.0146986$ & $-0.0177124$ & $-0.00321125$ & $-0.0225928$ & $0.0144603$ & $-0.0122464$ & $-0.0289273$ & $0.000869011$ & $-0.00975049$ & $0.00227103$ & $-0.00366391$ & $0.00633614$ & $0.00363031$ & $0.00822353$ \\
CeH_33r & $-0.00388239$ & $0.0075728$ & $0.0255464$ & $0.00547663$ & $0.0130114$ & $0.0115764$ & $-0.143214$ & $0.0936727$ & $0.113712$ & $-0.130182$ & $-0.0367068$ & $0.00275017$ & $0.27522$ & $-0.0776025$ & $0.000755076$ & $-0.000370243$ & $-0.114196$ & $-0.106972$ & $-0.106681$ & $0.0343141$ & $0.0438854$ & $0.0430647$ & $-0.025673$ & $-0.123533$ & $-0.103727$ & $0.0130051$ & $0.0547012$ & $0.0106884$ & $0.064963$ & $1$ & $0.297714$ & $0.00926896$ & $0.65239$ & $0.0712578$ & $-0.0583759$ & $-0.0570345$ & $-0.139382$ & $-0.0623792$ & $-0.000109585$ & $0.0258103$ & $0.0222057$ & $-0.0307408$ & $0.0268025$ & $0.0504772$ & $0.085918$ & $-0.00630007$ & $-0.0298198$ & $0.00268135$ & $-0.0476124$ \\
CuH_22r & $-0.0287821$ & $-0.0129428$ & $0.00286552$ & $0.0294524$ & $0.00661165$ & $-0.00604845$ & $-0.0671398$ & $0.0237121$ & $0.036531$ & $-0.0679926$ & $0.00437092$ & $-0.0190277$ & $0.0903966$ & $-0.0483258$ & $-0.00411538$ & $0.000731344$ & $-0.054165$ & $-0.0475319$ & $-0.0517924$ & $-0.0051384$ & $-0.00173454$ & $-0.00326403$ & $-0.0090584$ & $-0.0527356$ & $-0.0525211$ & $0.00658837$ & $-0.00191897$ & $0.0135253$ & $0.00732167$ & $0.297714$ & $1$ & $0.0179508$ & $0.353637$ & $0.0209173$ & $-0.0293168$ & $-0.0318838$ & $-0.0378118$ & $0.0132764$ & $-0.0403111$ & $-0.0207014$ & $-0.0415871$ & $0.007044$ & $-0.0137372$ & $0.000737673$ & $0.0278344$ & $0.0905036$ & $0.304494$ & $-0.00764742$ & $0.01854$ \\
CuH_33r & $0.0688063$ & $0.0464467$ & $0.0130389$ & $-0.00431984$ & $-0.0103142$ & $0.0332757$ & $0.931756$ & $-0.111349$ & $-0.0727801$ & $0.10612$ & $0.0722678$ & $0.256278$ & $-0.295653$ & $0.0486028$ & $-0.0340863$ & $0.0107441$ & $0.070158$ & $0.0970907$ & $0.0675926$ & $-0.069574$ & $-0.0757827$ & $-0.0735465$ & $-0.0605536$ & $0.101221$ & $0.0652788$ & $0.0815351$ & $-0.0707161$ & $-0.0221838$ & $0.0192803$ & $0.00926896$ & $0.0179508$ & $1$ & $0.0286615$ & $-0.0605682$ & $0.0669581$ & $-0.0318965$ & $-0.0156439$ & $0.00863423$ & $0.044895$ & $0.0130105$ & $0.00106284$ & $0.0160437$ & $-0.0382741$ & $0.0499018$ & $-0.00838799$ & $0.0161716$ & $-0.0359598$ & $-0.0341051$ & $0.024816$ \\
CdH_33r & $0.0199496$ & $-0.0375282$ & $0.0310251$ & $-0.0238393$ & $0.0374569$ & $0.0189797$ & $-0.168669$ & $0.0885743$ & $0.105264$ & $-0.149266$ & $-0.02506$ & $0.000323404$ & $0.32287$ & $-0.0801691$ & $0.00444904$ & $0.0209758$ & $-0.139071$ & $-0.116915$ & $-0.131086$ & $0.0255411$ & $0.0285314$ & $0.027004$ & $-0.0281854$ & $-0.124641$ & $-0.12087$ & $0.0239792$ & $0.0342158$ & $0.0409803$ & $0.0586782$ & $0.65239$ & $0.353637$ & $0.0286615$ & $1$ & $0.0552064$ & $-0.0147872$ & $0.0237689$ & $-0.143906$ & $-0.0581098$ & $-0.0420012$ & $-0.0294881$ & $0.0190189$ & $0.00131366$ & $-0.0339268$ & $0.117177$ & $0.122543$ & $-0.0102526$ & $0.0379794$ & $0.152226$ & $0.384858$ \\
CLL_1221 & $0.0177671$ & $0.0466633$ & $-0.0311804$ & $0.0284572$ & $0.0279493$ & $-0.0787492$ & $-0.0745774$ & $0.565021$ & $0.555088$ & $-0.357615$ & $-0.373919$ & $-0.274697$ & $0.204676$ & $-0.20746$ & $-0.597965$ & $-0.104601$ & $-0.254586$ & $0.0393622$ & $-0.334005$ & $0.296862$ & $0.462194$ & $0.462097$ & $0.174014$ & $-0.645765$ & $-0.225402$ & $-0.249311$ & $0.657981$ & $0.14235$ & $-0.00430918$ & $0.0712578$ & $0.0209173$ & $-0.0605682$ & $0.0552064$ & $1$ & $-0.00244107$ & $-0.0038614$ & $0.0223778$ & $-0.0307041$ & $-0.00957791$ & $0.035725$ & $0.041649$ & $-0.00280116$ & $0.0153882$ & $0.0420615$ & $0.00281562$ & $0.00891321$ & $-0.071461$ & $-0.02289$ & $-0.0220387$ \\
eHggint & $0.215723$ & $-0.133437$ & $-0.0853089$ & $-0.0159918$ & $0.040423$ & $0.0214146$ & $-0.0145447$ & $0.0390639$ & $0.028334$ & $0.0521302$ & $-0.0184708$ & $0.0718634$ & $0.0542298$ & $-0.0236915$ & $0.0274556$ & $0.00219591$ & $-0.0464268$ & $-0.0550948$ & $-0.0358319$ & $0.0174517$ & $0.0134126$ & $0.0135067$ & $-0.00335176$ & $-0.0414637$ & $-0.0535041$ & $-0.0108855$ & $0.0191171$ & $-0.0164735$ & $-0.0256828$ & $-0.0583759$ & $-0.0293168$ & $0.0669581$ & $-0.0147872$ & $-0.00244107$ & $1$ & $-0.0114449$ & $-0.104713$ & $-0.0048455$ & $-0.163995$ & $-0.00959694$ & $0.0741406$ & $0.0407305$ & $-0.0178931$ & $-0.0398169$ & $-0.253773$ & $0.0976517$ & $-0.0498456$ & $0.10226$ & $-0.0136844$ \\
eHggpar & $0.0550792$ & $-0.0502779$ & $0.0285803$ & $-0.189968$ & $-0.00253461$ & $-0.0199006$ & $-0.0712983$ & $-0.00718086$ & $-0.0189693$ & $0.00704828$ & $0.0240848$ & $0.0306534$ & $-0.00100123$ & $-0.0285247$ & $-0.00606237$ & $-0.0366897$ & $-0.0297392$ & $-0.0233269$ & $0.000450355$ & $-0.0274194$ & $-0.0229595$ & $-0.0224949$ & $-0.00865364$ & $-0.0246421$ & $-0.0201295$ & $0.0114251$ & $-0.00104575$ & $0.0597472$ & $-0.0146986$ & $-0.0570345$ & $-0.0318838$ & $-0.0318965$ & $0.0237689$ & $-0.0038614$ & $-0.0114449$ & $1$ & $0.00184618$ & $-0.0378555$ & $0.0460314$ & $-0.0366126$ & $0.092626$ & $0.0271418$ & $-0.0833616$ & $-0.053474$ & $0.0148842$ & $-0.061671$ & $-0.0919326$ & $0.157792$ & $0.0516641$ \\
eHWWint & $0.0664864$ & $0.0442375$ & $-0.135642$ & $-0.0325568$ & $-0.0403228$ & $0.0207691$ & $0.0332735$ & $0.0525797$ & $0.0552921$ & $-0.0231841$ & $-0.06947$ & $-0.0283788$ & $-0.00828515$ & $0.0659282$ & $0.0174361$ & $-0.0359452$ & $0.0158561$ & $0.0118388$ & $0.0500686$ & $0.0648026$ & $0.0720089$ & $0.0681327$ & $0.0110373$ & $-0.00582152$ & $0.00555594$ & $-0.0433076$ & $0.0383616$ & $0.0336881$ & $-0.0177124$ & $-0.139382$ & $-0.0378118$ & $-0.0156439$ & $-0.143906$ & $0.0223778$ & $-0.104713$ & $0.00184618$ & $1$ & $0.0340871$ & $0.00472768$ & $-0.00465036$ & $-0.0731638$ & $-0.0148368$ & $0.149478$ & $0.00982482$ & $-0.00199246$ & $0.0972076$ & $0.134615$ & $0.00217686$ & $0.0566538$ \\
eHWWpar & $0.0200784$ & $-0.0285328$ & $0.037696$ & $-0.0425688$ & $0.0131544$ & $-0.0463107$ & $0.0233744$ & $-0.0192662$ & $-0.0218746$ & $0.00292356$ & $0.0069446$ & $-0.0112945$ & $-0.0136637$ & $0.000853233$ & $0.0217462$ & $0.0072477$ & $0.0318706$ & $0.00768595$ & $0.0223041$ & $-0.00351374$ & $-0.00937728$ & $-0.0084967$ & $-0.00651096$ & $0.0239325$ & $0.0127523$ & $-0.00877514$ & $-0.0280152$ & $-0.0376448$ & $-0.00321125$ & $-0.0623792$ & $0.0132764$ & $0.00863423$ & $-0.0581098$ & $-0.0307041$ & $-0.0048455$ & $-0.0378555$ & $0.0340871$ & $1$ & $-0.0276634$ & $0.0200639$ & $-0.030963$ & $0.000308073$ & $0.0469357$ & $0.0514788$ & $-0.0145442$ & $0.021518$ & $0.0961011$ & $0.0161647$ & $-0.00819096$ \\
eHZZint & $0.0459433$ & $-0.0816834$ & $-0.023898$ & $-0.028577$ & $-0.0125846$ & $-0.0208396$ & $0.0375259$ & $0.0142282$ & $0.0110115$ & $-0.00987412$ & $-0.0263336$ & $0.0090191$ & $-0.0502406$ & $0.0316156$ & $0.021095$ & $0.0110318$ & $0.0277837$ & $0.00734955$ & $0.016863$ & $0.0214463$ & $0.0229088$ & $0.0195558$ & $0.0468598$ & $-0.00450501$ & $0.00762407$ & $-0.0599302$ & $-0.0139197$ & $0.0219713$ & $-0.0225928$ & $-0.000109585$ & $-0.0403111$ & $0.044895$ & $-0.0420012$ & $-0.00957791$ & $-0.163995$ & $0.0460314$ & $0.00472768$ & $-0.0276634$ & $1$ & $0.0348689$ & $-0.0692981$ & $-0.0485789$ & $0.00947058$ & $0.104744$ & $-0.0102818$ & $-0.0245231$ & $-0.160525$ & $-0.0408047$ & $-0.0517102$ \\
eHZZpar & $-0.0293893$ & $-0.0101497$ & $-0.0167341$ & $-0.00590066$ & $0.00341371$ & $-0.00305802$ & $0.0105918$ & $0.0183883$ & $0.0202008$ & $-0.00984473$ & $-0.0163211$ & $-0.00467689$ & $-0.00405936$ & $-0.00469407$ & $-0.0182049$ & $-0.00971566$ & $0.00969453$ & $0.00812981$ & $0.00166048$ & $0.0127811$ & $0.023053$ & $0.0220705$ & $-0.0179124$ & $-0.0142812$ & $-0.00351328$ & $-0.00305769$ & $0.0135683$ & $-0.0291394$ & $0.0144603$ & $0.0258103$ & $-0.0207014$ & $0.0130105$ & $-0.0294881$ & $0.035725$ & $-0.00959694$ & $-0.0366126$ & $-0.00465036$ & $0.0200639$ & $0.0348689$ & $1$ & $-0.000583262$ & $-0.0125324$ & $0.0331731$ & $0.0198524$ & $0.000441957$ & $0.0258496$ & $-0.0499263$ & $-0.0123021$ & $-0.059661$ \\
eHZgaint & $0.243619$ & $0.0348718$ & $-0.0597021$ & $-0.0256757$ & $-0.00620022$ & $0.0186209$ & $-0.0153491$ & $0.00425224$ & $-0.00120819$ & $0.00471804$ & $0.0177434$ & $0.0306224$ & $0.0030872$ & $-0.0327022$ & $-0.0520986$ & $-0.0778575$ & $-0.0494152$ & $-0.0122016$ & $0.00704041$ & $-0.0249544$ & $-0.00943015$ & $-0.00764294$ & $-0.0140847$ & $-0.054481$ & $-0.0162066$ & $0.0350737$ & $0.0745883$ & $0.0166199$ & $-0.0122464$ & $0.0222057$ & $-0.0415871$ & $0.00106284$ & $0.0190189$ & $0.041649$ & $0.0741406$ & $0.092626$ & $-0.0731638$ & $-0.030963$ & $-0.0692981$ & $-0.000583262$ & $1$ & $-0.0326702$ & $-0.0893547$ & $-0.0370815$ & $0.112338$ & $0.0324981$ & $-0.112204$ & $0.0233027$ & $-0.000662477$ \\
eHZgapar & $0.00678908$ & $0.0162984$ & $0.0351179$ & $-0.071832$ & $0.0473738$ & $-0.0246617$ & $0.019134$ & $0.026208$ & $0.0324789$ & $-0.0155541$ & $-0.0258305$ & $-0.00885625$ & $0.00986096$ & $0.0108659$ & $0.0284409$ & $0.0126181$ & $-0.00386795$ & $-0.0191533$ & $-0.0107079$ & $0.0297114$ & $0.0267278$ & $0.0200987$ & $-0.00818644$ & $-0.0143949$ & $-0.00507643$ & $-0.0171682$ & $0.00572531$ & $-0.031065$ & $-0.0289273$ & $-0.0307408$ & $0.007044$ & $0.0160437$ & $0.00131366$ & $-0.00280116$ & $0.0407305$ & $0.0271418$ & $-0.0148368$ & $0.000308073$ & $-0.0485789$ & $-0.0125324$ & $-0.0326702$ & $1$ & $0.0866858$ & $-0.00129707$ & $0.0242813$ & $-0.0266883$ & $0.0437545$ & $0.0162135$ & $0.0239486$ \\
eHgagaint & $-0.126877$ & $0.0731595$ & $0.0389767$ & $0.164153$ & $0.0469455$ & $0.00828064$ & $-0.0260767$ & $0.0163117$ & $0.0772081$ & $-0.0225404$ & $-0.0248579$ & $-0.0496431$ & $0.0276821$ & $0.0223263$ & $0.00615652$ & $0.0227725$ & $0.019345$ & $0.0139957$ & $-0.00224112$ & $0.0306185$ & $0.0296931$ & $0.0243104$ & $-0.00884603$ & $0.00535744$ & $0.0261166$ & $0.00310236$ & $0.0120172$ & $-0.0149561$ & $0.000869011$ & $0.0268025$ & $-0.0137372$ & $-0.0382741$ & $-0.0339268$ & $0.0153882$ & $-0.0178931$ & $-0.0833616$ & $0.149478$ & $0.0469357$ & $0.00947058$ & $0.0331731$ & $-0.0893547$ & $0.0866858$ & $1$ & $-0.0594904$ & $0.103641$ & $-0.00760303$ & $-0.103169$ & $0.0146642$ & $-0.100084$ \\
eHmumuint & $0.318076$ & $0.0860384$ & $0.176456$ & $-0.0993098$ & $0.0119278$ & $-0.0185391$ & $0.0415338$ & $0.0328419$ & $0.0290184$ & $-0.0327443$ & $-0.0212069$ & $-0.0275818$ & $0.0271963$ & $-0.0222362$ & $-0.0102722$ & $-0.0160395$ & $-0.023417$ & $-0.0190769$ & $-0.0177714$ & $0.0199404$ & $0.0245083$ & $0.0221687$ & $0.0245012$ & $-0.0569644$ & $-0.0322808$ & $-0.0176176$ & $0.0577393$ & $-0.00843064$ & $-0.00975049$ & $0.0504772$ & $0.000737673$ & $0.0499018$ & $0.117177$ & $0.0420615$ & $-0.0398169$ & $-0.053474$ & $0.00982482$ & $0.0514788$ & $0.104744$ & $0.0198524$ & $-0.0370815$ & $-0.00129707$ & $-0.0594904$ & $1$ & $0.158851$ & $0.122662$ & $0.00341837$ & $0.097596$ & $0.17495$ \\
eHtautauint & $0.0927866$ & $0.167173$ & $-0.158349$ & $-0.0359673$ & $-0.0155722$ & $-0.0122835$ & $-0.00591244$ & $-0.0277595$ & $-0.0143481$ & $-0.0155367$ & $0.0119266$ & $-0.0236387$ & $-0.0279381$ & $-0.00358089$ & $-0.00783194$ & $-0.0145442$ & $0.0407862$ & $0.0252574$ & $0.0313419$ & $-0.0112478$ & $-0.00832169$ & $-0.00270822$ & $-0.0478486$ & $0.0104734$ & $0.0316764$ & $0.0376539$ & $0.00856803$ & $-0.00425528$ & $0.00227103$ & $0.085918$ & $0.0278344$ & $-0.00838799$ & $0.122543$ & $0.00281562$ & $-0.253773$ & $0.0148842$ & $-0.00199246$ & $-0.0145442$ & $-0.0102818$ & $0.000441957$ & $0.112338$ & $0.0242813$ & $0.103641$ & $0.158851$ & $1$ & $0.0555729$ & $-0.000759849$ & $-0.123152$ & $0.278773$ \\
eHccint & $0.114555$ & $0.022391$ & $0.00789424$ & $0.102989$ & $-0.0365361$ & $-0.0343456$ & $0.00766243$ & $0.00500606$ & $0.00483342$ & $0.00894619$ & $-0.00726863$ & $0.013137$ & $0.0027409$ & $0.00829668$ & $-0.00319856$ & $-0.0186325$ & $0.003889$ & $0.00302173$ & $0.0175729$ & $0.00202431$ & $0.00779462$ & $0.0184885$ & $0.0200438$ & $-0.00741241$ & $0.0018533$ & $-0.0272371$ & $0.0202865$ & $0.0119258$ & $-0.00366391$ & $-0.00630007$ & $0.0905036$ & $0.0161716$ & $-0.0102526$ & $0.00891321$ & $0.0976517$ & $-0.061671$ & $0.0972076$ & $0.021518$ & $-0.0245231$ & $0.0258496$ & $0.0324981$ & $-0.0266883$ & $-0.00760303$ & $0.122662$ & $0.0555729$ & $1$ & $0.116751$ & $0.00913861$ & $-0.0569401$ \\
eHccpar & $-0.00597039$ & $-0.03392$ & $-0.0300641$ & $0.0815334$ & $-0.0243875$ & $0.00049165$ & $-0.0114887$ & $-0.0522107$ & $-0.0555951$ & $0.0329598$ & $0.0315909$ & $-0.0029723$ & $-3.66996e-05$ & $0.0281144$ & $0.0261497$ & $0.0102666$ & $0.029097$ & $0.0200429$ & $0.0340284$ & $-0.0293616$ & $-0.0380175$ & $-0.0357532$ & $-0.0245642$ & $0.0571992$ & $0.0284563$ & $0.0161726$ & $-0.0583695$ & $-0.013076$ & $0.00633614$ & $-0.0298198$ & $0.304494$ & $-0.0359598$ & $0.0379794$ & $-0.071461$ & $-0.0498456$ & $-0.0919326$ & $0.134615$ & $0.0961011$ & $-0.160525$ & $-0.0499263$ & $-0.112204$ & $0.0437545$ & $-0.103169$ & $0.00341837$ & $-0.000759849$ & $0.116751$ & $1$ & $0.00758318$ & $0.135582$ \\
eHbbint & $-0.0116246$ & $-0.154465$ & $0.138378$ & $-0.0177696$ & $0.0486148$ & $-0.00388338$ & $-0.0538624$ & $0.0276432$ & $0.0257565$ & $-0.00877563$ & $-0.0204524$ & $-0.0191793$ & $0.0470534$ & $0.0212081$ & $0.0288597$ & $0.020292$ & $-0.0321645$ & $-0.0236447$ & $-0.0286985$ & $0.0225897$ & $0.0147425$ & $0.00555576$ & $-0.0366554$ & $-0.00339826$ & $-0.0374725$ & $0.00477717$ & $-0.0352384$ & $-0.0164669$ & $0.00363031$ & $0.00268135$ & $-0.00764742$ & $-0.0341051$ & $0.152226$ & $-0.02289$ & $0.10226$ & $0.157792$ & $0.00217686$ & $0.0161647$ & $-0.0408047$ & $-0.0123021$ & $0.0233027$ & $0.0162135$ & $0.0146642$ & $0.097596$ & $-0.123152$ & $0.00913861$ & $0.00758318$ & $1$ & $-0.0877703$ \\
eHbbpar & $0.0470606$ & $-0.00357072$ & $-0.00328865$ & $-0.0809943$ & $-0.0107756$ & $0.00755118$ & $0.0261845$ & $-0.0274133$ & $-0.0376069$ & $-0.00962877$ & $0.0240815$ & $-0.0140019$ & $-0.0360364$ & $0.0229535$ & $-0.00937302$ & $-0.0187958$ & $-0.00535869$ & $0.0149052$ & $0.0249485$ & $-0.0261257$ & $-0.0233366$ & $-0.0254825$ & $-0.0234118$ & $0.0262956$ & $0.0151048$ & $0.0351867$ & $-0.00434499$ & $0.069311$ & $0.00822353$ & $-0.0476124$ & $0.01854$ & $0.024816$ & $0.384858$ & $-0.0220387$ & $-0.0136844$ & $0.0516641$ & $0.0566538$ & $-0.00819096$ & $-0.0517102$ & $-0.059661$ & $-0.000662477$ & $0.0239486$ & $-0.100084$ & $0.17495$ & $0.278773$ & $-0.0569401$ & $0.135582$ & $-0.0877703$ & $1$ \\
