 & AlsMz & dAle5Mz & mtop & mHl & Mz & CW & CHG & CHWB & CHWHB_gaga & CHWHB_gagaorth & CHD & CHbox & CH & CHL1_11 & CHL1_22 & CHL1_33 & CHL3_11 & CHL3_22 & CHL3_33 & CHe_11 & CHe_22 & CHe_33 & CHQ1_11 & CHQ1_33 & CHQ3_11 & CHu_11 & CHd_11 & CHd_33 & CeH_22r & CeH_33r & CuH_22r & CuH_33r & CdH_33r & CLL_1221 & eHggint & eHggpar & eHWWint & eHWWpar & eHZZint & eHZZpar & eHZgaint & eHZgapar & eHgagaint & eHmumuint & eHtautauint & eHccint & eHccpar & eHbbint & eHbbpar \\
AlsMz & $1$ & $-0.0114144$ & $-0.0181899$ & $-0.0812555$ & $0.00386304$ & $0.00418924$ & $0.0158818$ & $-0.0339723$ & $-0.0309322$ & $0.0136163$ & $0.0236778$ & $0.0207339$ & $-0.0180639$ & $-0.0122314$ & $-0.0113675$ & $-0.00675026$ & $0.00314646$ & $0.0101219$ & $0.0061352$ & $-0.0324306$ & $-0.0343856$ & $-0.0327248$ & $-0.0222539$ & $-0.0481625$ & $-0.124715$ & $-0.0119529$ & $-0.0571768$ & $-0.0092972$ & $0.0104691$ & $0.0302486$ & $-0.0156623$ & $0.00643549$ & $0.0369607$ & $-0.0198755$ & $-0.0895162$ & $-0.018189$ & $-0.106329$ & $-0.00477889$ & $0.0722816$ & $-0.013786$ & $-0.0134343$ & $0.0187368$ & $-0.0105636$ & $-0.0148103$ & $0.0765254$ & $-0.0271601$ & $-0.0774467$ & $0.0801213$ & $0.00249807$ \\
dAle5Mz & $-0.0114144$ & $1$ & $0.0887946$ & $0.00825874$ & $-0.00328668$ & $0.00758334$ & $0.0123193$ & $-0.0826323$ & $-0.0833131$ & $0.0346469$ & $0.0631083$ & $0.0216177$ & $0.00307574$ & $-0.0173449$ & $-0.0147025$ & $-0.0158003$ & $0.0235134$ & $0.0196163$ & $0.0220029$ & $-0.0375121$ & $-0.0378296$ & $-0.0360746$ & $-0.01007$ & $0.0284826$ & $0.0252416$ & $0.0291087$ & $-0.00845381$ & $-0.0154666$ & $-0.00447777$ & $-0.00912045$ & $0.00794703$ & $0.0244168$ & $-0.0091801$ & $0.010765$ & $0.0930197$ & $0.0844919$ & $0.0693197$ & $0.0120161$ & $-0.0519358$ & $-0.00245458$ & $0.00326302$ & $-0.00106365$ & $-0.0226917$ & $0.0544544$ & $0.0160925$ & $0.0544243$ & $0.0328364$ & $0.0218256$ & $-0.00582879$ \\
mtop & $-0.0181899$ & $0.0887946$ & $1$ & $-0.0272593$ & $0.0138395$ & $-0.00340231$ & $0.000778328$ & $-0.00665699$ & $-0.00711129$ & $0.0010812$ & $0.0151268$ & $0.0122935$ & $-0.0132969$ & $-0.00380893$ & $0.00131384$ & $-0.0026505$ & $-0.00395396$ & $-0.00446327$ & $-0.00126656$ & $-0.0058264$ & $-0.00491493$ & $-0.00418535$ & $-0.0171785$ & $0.0100594$ & $0.00210236$ & $0.0160738$ & $0.00160162$ & $0.0124454$ & $-0.0177008$ & $-0.0013683$ & $0.0219131$ & $0.0122595$ & $0.028893$ & $-0.000162325$ & $0.0329795$ & $-0.0100288$ & $-0.0488144$ & $-0.0127846$ & $-0.036852$ & $0.0167367$ & $-0.00998872$ & $-0.00498098$ & $0.0263551$ & $0.0362187$ & $-0.0200628$ & $-0.0434914$ & $0.0860412$ & $0.107361$ & $0.03228$ \\
mHl & $-0.0812555$ & $0.00825874$ & $-0.0272593$ & $1$ & $-0.0295742$ & $-0.0131955$ & $0.00703131$ & $0.00341065$ & $0.00631574$ & $0.0012263$ & $-0.00668257$ & $0.00741509$ & $-0.00864858$ & $0.00818566$ & $0.00784498$ & $0.00943564$ & $0.00358326$ & $0.00129341$ & $-0.000905755$ & $0.00928552$ & $0.00582618$ & $0.00229854$ & $0.0135756$ & $0.0127103$ & $0.0164913$ & $-0.00734708$ & $0.00529776$ & $0.0171748$ & $0.00681344$ & $-0.0143596$ & $-0.00173363$ & $0.00243664$ & $-0.0504973$ & $-0.0046197$ & $-0.0242058$ & $0.0128084$ & $0.0749218$ & $-0.0100127$ & $-0.0220196$ & $0.00254461$ & $0.000258728$ & $-0.0388097$ & $0.0420619$ & $0.0332816$ & $0.0369318$ & $0.0206567$ & $0.0454259$ & $-0.0349848$ & $-0.0458706$ \\
Mz & $0.00386304$ & $-0.00328668$ & $0.0138395$ & $-0.0295742$ & $1$ & $0.00227176$ & $-0.00622503$ & $-0.0244736$ & $-0.0225828$ & $0.00439625$ & $0.0333008$ & $0.00838231$ & $-0.00963783$ & $0.0096804$ & $-0.00623278$ & $0.00288123$ & $0.00458847$ & $0.0129183$ & $0.00838907$ & $-0.0194728$ & $-0.0182359$ & $-0.0183177$ & $-0.0231277$ & $0.012463$ & $0.00559059$ & $0.0316037$ & $-0.0174246$ & $-0.0165673$ & $0.0219837$ & $0.00096719$ & $0.0120634$ & $-0.011964$ & $0.00470135$ & $-0.018983$ & $-0.0263627$ & $-0.0202055$ & $-0.0142197$ & $0.00106367$ & $0.0119915$ & $-0.0289699$ & $0.0180064$ & $0.00611886$ & $-6.33266e-05$ & $-0.0028793$ & $-0.00827347$ & $0.000540724$ & $-0.0228702$ & $0.00613667$ & $-0.0235635$ \\
CW & $0.00418924$ & $0.00758334$ & $-0.00340231$ & $-0.0131955$ & $0.00227176$ & $1$ & $0.00980649$ & $-0.11974$ & $-0.115888$ & $0.0149966$ & $0.1797$ & $0.0291185$ & $0.00789218$ & $0.0253883$ & $-0.0790996$ & $-0.0685762$ & $-0.261979$ & $-0.0474485$ & $-0.0565142$ & $-0.176987$ & $-0.18353$ & $-0.179078$ & $-0.0137416$ & $0.000230601$ & $-0.0929094$ & $0.103705$ & $-0.0825674$ & $-0.0685158$ & $-0.00321201$ & $0.0134872$ & $0.0127323$ & $0.0164693$ & $0.019091$ & $-0.117057$ & $0.0159109$ & $-0.00602726$ & $-0.0170088$ & $-0.011919$ & $-0.00226402$ & $-0.00616043$ & $0.000881339$ & $-0.000802592$ & $0.00114576$ & $-0.00581819$ & $0.0231407$ & $0.000319754$ & $-0.0024381$ & $0.00664185$ & $0.00773887$ \\
CHG & $0.0158818$ & $0.0123193$ & $0.000778328$ & $0.00703131$ & $-0.00622503$ & $0.00980649$ & $1$ & $-0.112571$ & $-0.0642618$ & $0.0681889$ & $0.0706966$ & $0.24256$ & $-0.312273$ & $0.0478854$ & $-0.0334418$ & $-0.0294182$ & $0.0832114$ & $0.100851$ & $0.0971031$ & $-0.0693619$ & $-0.0737096$ & $-0.0736353$ & $-0.00233078$ & $0.107209$ & $0.0925792$ & $0.0375787$ & $-0.0405887$ & $-0.0236215$ & $0.00192875$ & $-0.141422$ & $-0.0732548$ & $0.923791$ & $-0.168873$ & $-0.0623692$ & $-0.0346874$ & $0.00580907$ & $0.00989644$ & $-0.00243449$ & $0.00620617$ & $-0.00592897$ & $-0.00563714$ & $0.00364243$ & $-0.00623452$ & $0.00245577$ & $-0.0143682$ & $0.00648677$ & $0.00561699$ & $-0.010966$ & $0.000541567$ \\
CHWB & $-0.0339723$ & $-0.0826323$ & $-0.00665699$ & $0.00341065$ & $-0.0244736$ & $-0.11974$ & $-0.112571$ & $1$ & $0.983226$ & $-0.56453$ & $-0.878663$ & $-0.437374$ & $0.346844$ & $0.0928501$ & $0.299003$ & $0.292025$ & $-0.252668$ & $-0.44141$ & $-0.437729$ & $0.849633$ & $0.895618$ & $0.877498$ & $0.0722383$ & $-0.671272$ & $-0.399684$ & $-0.505833$ & $0.420804$ & $0.296238$ & $0.0184256$ & $0.101222$ & $0.0593188$ & $-0.108059$ & $0.111397$ & $0.558142$ & $0.00220626$ & $-0.0169536$ & $0.00201167$ & $0.00667115$ & $0.0108339$ & $-0.00976114$ & $0.00484353$ & $0.00937024$ & $0.0164967$ & $0.00697379$ & $-0.0048737$ & $0.0122899$ & $0.00236407$ & $-7.17143e-05$ & $0.0032594$ \\
CHWHB_gaga & $-0.0309322$ & $-0.0833131$ & $-0.00711129$ & $0.00631574$ & $-0.0225828$ & $-0.115888$ & $-0.0642618$ & $0.983226$ & $1$ & $-0.555276$ & $-0.859738$ & $-0.419951$ & $0.34324$ & $0.0824572$ & $0.292676$ & $0.286055$ & $-0.256562$ & $-0.440818$ & $-0.437413$ & $0.831225$ & $0.876442$ & $0.858803$ & $0.0722872$ & $-0.665675$ & $-0.399368$ & $-0.495116$ & $0.414509$ & $0.291497$ & $0.0261516$ & $0.124051$ & $0.0701071$ & $-0.0696807$ & $0.131714$ & $0.549773$ & $-0.00929451$ & $-0.0185982$ & $-0.00463307$ & $0.00674398$ & $0.0094649$ & $-0.00951419$ & $0.00666966$ & $0.0113539$ & $0.0875184$ & $0.00904375$ & $-0.00931215$ & $0.0171202$ & $0.00189319$ & $-0.00737616$ & $-0.000204316$ \\
CHWHB_gagaorth & $0.0136163$ & $0.0346469$ & $0.0010812$ & $0.0012263$ & $0.00439625$ & $0.0149966$ & $0.0681889$ & $-0.56453$ & $-0.555276$ & $1$ & $0.345859$ & $0.572319$ & $-0.250226$ & $0.239056$ & $-0.124146$ & $-0.121444$ & $0.444889$ & $0.495506$ & $0.493155$ & $-0.332516$ & $-0.362331$ & $-0.356678$ & $-0.0505813$ & $0.55602$ & $0.480512$ & $0.205132$ & $-0.226821$ & $-0.119298$ & $-0.0210638$ & $-0.126405$ & $-0.0677328$ & $0.0912053$ & $-0.137495$ & $-0.344212$ & $0.0321608$ & $0.0385889$ & $-0.00736692$ & $0.00152701$ & $-0.0111299$ & $0.0140147$ & $-0.0633684$ & $-0.00848507$ & $-0.00881837$ & $0.00775008$ & $0.00278124$ & $-0.0129961$ & $0.00352571$ & $0.00300282$ & $-0.012557$ \\
CHD & $0.0236778$ & $0.0631083$ & $0.0151268$ & $-0.00668257$ & $0.0333008$ & $0.1797$ & $0.0706966$ & $-0.878663$ & $-0.859738$ & $0.345859$ & $1$ & $0.311332$ & $-0.176464$ & $-0.509055$ & $-0.421962$ & $-0.410972$ & $-0.204108$ & $0.0748204$ & $0.0698212$ & $-0.990198$ & $-0.991023$ & $-0.969461$ & $-0.0182522$ & $0.306379$ & $0.0224297$ & $0.564869$ & $-0.291666$ & $-0.326212$ & $-0.00628629$ & $-0.057609$ & $-0.0344926$ & $0.076651$ & $-0.0594738$ & $-0.361445$ & $0.0075323$ & $0.014534$ & $-0.00582969$ & $-0.00880124$ & $-0.0114496$ & $0.00352733$ & $0.00561352$ & $-0.00971117$ & $-0.00824038$ & $-0.012011$ & $0.00284898$ & $-0.00837277$ & $-0.00218637$ & $-0.000817506$ & $0.00327019$ \\
CHbox & $0.0207339$ & $0.0216177$ & $0.0122935$ & $0.00741509$ & $0.00838231$ & $0.0291185$ & $0.24256$ & $-0.437374$ & $-0.419951$ & $0.572319$ & $0.311332$ & $1$ & $-0.808066$ & $0.0949173$ & $-0.0887721$ & $-0.0833036$ & $0.2531$ & $0.300473$ & $0.296365$ & $-0.295521$ & $-0.32579$ & $-0.320197$ & $-0.0499396$ & $0.383475$ & $0.289267$ & $0.191724$ & $-0.196586$ & $-0.0961622$ & $-0.0276883$ & $-0.0921864$ & $-0.0682607$ & $0.256564$ & $-0.125737$ & $-0.276069$ & $0.0265334$ & $0.0287784$ & $-0.0140803$ & $-0.00502901$ & $-0.0174445$ & $0.00234504$ & $-0.0441195$ & $-0.00713799$ & $-0.0241584$ & $-0.000106759$ & $-0.00260774$ & $-0.00751416$ & $0.000666689$ & $-0.000523981$ & $-0.0126016$ \\
CH & $-0.0180639$ & $0.00307574$ & $-0.0132969$ & $-0.00864858$ & $-0.00963783$ & $0.00789218$ & $-0.312273$ & $0.346844$ & $0.34324$ & $-0.250226$ & $-0.176464$ & $-0.808066$ & $1$ & $-0.22177$ & $0.0776683$ & $0.0733335$ & $-0.348161$ & $-0.372349$ & $-0.36891$ & $0.172125$ & $0.187436$ & $0.185673$ & $0.0384138$ & $-0.380662$ & $-0.359439$ & $-0.113441$ & $0.130923$ & $0.0538008$ & $0.0498302$ & $0.26209$ & $0.112634$ & $-0.258585$ & $0.324078$ & $0.209404$ & $0.0379904$ & $0.00905854$ & $0.000103107$ & $0.00503948$ & $0.0056104$ & $0.000805233$ & $0.0104574$ & $-0.00134019$ & $0.0271065$ & $0.00806537$ & $0.00184911$ & $0.00608352$ & $0.00223398$ & $0.00258329$ & $0.0119311$ \\
CHL1_11 & $-0.0122314$ & $-0.0173449$ & $-0.00380893$ & $0.00818566$ & $0.0096804$ & $0.0253883$ & $0.0478854$ & $0.0928501$ & $0.0824572$ & $0.239056$ & $-0.509055$ & $0.0949173$ & $-0.22177$ & $1$ & $0.268415$ & $0.260968$ & $0.655914$ & $0.595675$ & $0.596554$ & $0.527401$ & $0.469629$ & $0.455442$ & $-0.0716635$ & $0.472913$ & $0.593039$ & $-0.278094$ & $-0.0975993$ & $0.151128$ & $-0.0185817$ & $-0.055808$ & $-0.0252261$ & $0.0287446$ & $-0.0616018$ & $-0.218022$ & $-0.0176853$ & $-0.00677373$ & $0.00206069$ & $0.00479745$ & $0.00539649$ & $0.00651046$ & $-0.0145842$ & $0.00677648$ & $-0.00998806$ & $0.0115224$ & $-0.00492338$ & $-0.00682081$ & $0.00107408$ & $0.00558305$ & $-0.00895046$ \\
CHL1_22 & $-0.0113675$ & $-0.0147025$ & $0.00131384$ & $0.00784498$ & $-0.00623278$ & $-0.0790996$ & $-0.0334418$ & $0.299003$ & $0.292676$ & $-0.124146$ & $-0.421962$ & $-0.0887721$ & $0.0776683$ & $0.268415$ & $1$ & $0.443885$ & $0.160024$ & $-0.451612$ & $-0.0334811$ & $0.487921$ & $0.338835$ & $0.329115$ & $-0.171755$ & $0.102912$ & $-0.138432$ & $-0.200389$ & $-0.394841$ & $0.114886$ & $0.00874939$ & $0.0296648$ & $0.00516841$ & $-0.0317631$ & $0.029827$ & $-0.594283$ & $0.00504563$ & $-0.0078091$ & $0.00280077$ & $0.00902551$ & $0.0138547$ & $-0.00328137$ & $-0.00363816$ & $0.00171388$ & $-0.0050452$ & $0.00644629$ & $0.00141833$ & $0.013836$ & $0.00059009$ & $0.0097312$ & $-0.00668233$ \\
CHL1_33 & $-0.00675026$ & $-0.0158003$ & $-0.0026505$ & $0.00943564$ & $0.00288123$ & $-0.0685762$ & $-0.0294182$ & $0.292025$ & $0.286055$ & $-0.121444$ & $-0.410972$ & $-0.0833036$ & $0.0733335$ & $0.260968$ & $0.443885$ & $1$ & $0.152051$ & $-0.033044$ & $-0.437167$ & $0.475977$ & $0.330202$ & $0.348048$ & $-0.167144$ & $0.103331$ & $-0.139909$ & $-0.194284$ & $-0.388126$ & $0.11173$ & $0.00117131$ & $0.0312991$ & $0.00710482$ & $-0.027562$ & $0.0320365$ & $-0.102079$ & $0.00629509$ & $-0.00318811$ & $0.00871162$ & $-0.0041066$ & $0.000107721$ & $0.00885136$ & $-0.0111888$ & $0.000203602$ & $0.00750055$ & $0.0126925$ & $0.00467829$ & $0.00997263$ & $-0.0071414$ & $0.00596793$ & $0.00532502$ \\
CHL3_11 & $0.00314646$ & $0.0235134$ & $-0.00395396$ & $0.00358326$ & $0.00458847$ & $-0.261979$ & $0.0832114$ & $-0.252668$ & $-0.256562$ & $0.444889$ & $-0.204108$ & $0.2531$ & $-0.348161$ & $0.655914$ & $0.160024$ & $0.152051$ & $1$ & $0.736065$ & $0.740295$ & $0.226951$ & $0.172138$ & $0.166393$ & $-0.0736306$ & $0.682991$ & $0.775508$ & $-0.100287$ & $-0.156452$ & $0.0541781$ & $-0.0254576$ & $-0.0915047$ & $-0.0515361$ & $0.0600809$ & $-0.112266$ & $-0.25774$ & $-0.0213233$ & $0.00497767$ & $0.00981329$ & $0.0067246$ & $-0.00352277$ & $0.0133564$ & $-0.0215065$ & $-0.000634733$ & $-0.0138623$ & $0.00691946$ & $0.00427169$ & $-0.00869164$ & $0.00129072$ & $-0.00213442$ & $-0.0146192$ \\
CHL3_22 & $0.0101219$ & $0.0196163$ & $-0.00446327$ & $0.00129341$ & $0.0129183$ & $-0.0474485$ & $0.100851$ & $-0.44141$ & $-0.440818$ & $0.495506$ & $0.0748204$ & $0.300473$ & $-0.372349$ & $0.595675$ & $-0.451612$ & $-0.033044$ & $0.736065$ & $1$ & $0.678872$ & $-0.0776199$ & $-0.0694221$ & $-0.0666994$ & $0.00680973$ & $0.625265$ & $0.791105$ & $0.0355689$ & $-0.00197733$ & $-0.0279663$ & $-0.028783$ & $-0.102786$ & $-0.050128$ & $0.0800848$ & $-0.117123$ & $0.0312633$ & $-0.0216551$ & $0.0070653$ & $0.00315846$ & $-0.00325558$ & $-0.00917575$ & $0.0152718$ & $-0.0171867$ & $-0.00140081$ & $-0.0104398$ & $0.00545684$ & $0.000631093$ & $-0.0180577$ & $0.000415063$ & $-0.00484243$ & $-0.00557644$ \\
CHL3_33 & $0.0061352$ & $0.0220029$ & $-0.00126656$ & $-0.000905755$ & $0.00838907$ & $-0.0565142$ & $0.0971031$ & $-0.437729$ & $-0.437413$ & $0.493155$ & $0.0698212$ & $0.296365$ & $-0.36891$ & $0.596554$ & $-0.0334811$ & $-0.437167$ & $0.740295$ & $0.678872$ & $1$ & $-0.0723055$ & $-0.0643154$ & $-0.0613822$ & $0.00729123$ & $0.623199$ & $0.795685$ & $0.0311778$ & $0.000597537$ & $-0.0260142$ & $-0.0218409$ & $-0.10222$ & $-0.0512873$ & $0.0773394$ & $-0.118085$ & $-0.342914$ & $-0.0241994$ & $0.00672936$ & $-0.0022655$ & $0.00618279$ & $0.00199316$ & $0.00499043$ & $-0.00970238$ & $0.00378934$ & $-0.0189593$ & $-0.0014839$ & $0.00128758$ & $-0.0125898$ & $0.00304559$ & $-0.00314812$ & $-0.014539$ \\
CHe_11 & $-0.0324306$ & $-0.0375121$ & $-0.0058264$ & $0.00928552$ & $-0.0194728$ & $-0.176987$ & $-0.0693619$ & $0.849633$ & $0.831225$ & $-0.332516$ & $-0.990198$ & $-0.295521$ & $0.172125$ & $0.527401$ & $0.487921$ & $0.475977$ & $0.226951$ & $-0.0776199$ & $-0.0723055$ & $1$ & $0.972568$ & $0.951817$ & $-0.00747061$ & $-0.252338$ & $-0.016283$ & $-0.555178$ & $0.216413$ & $0.319698$ & $0.00697962$ & $0.0566362$ & $0.0325351$ & $-0.0741984$ & $0.0584686$ & $0.282194$ & $-0.0046842$ & $-0.0125002$ & $0.00866373$ & $0.00819414$ & $0.0100892$ & $-0.00205108$ & $-0.00640355$ & $0.00858071$ & $0.00701024$ & $0.015211$ & $-0.00315326$ & $0.0103286$ & $0.00410253$ & $0.00220226$ & $-0.0029316$ \\
CHe_22 & $-0.0343856$ & $-0.0378296$ & $-0.00491493$ & $0.00582618$ & $-0.0182359$ & $-0.18353$ & $-0.0737096$ & $0.895618$ & $0.876442$ & $-0.362331$ & $-0.991023$ & $-0.32579$ & $0.187436$ & $0.469629$ & $0.338835$ & $0.330202$ & $0.172138$ & $-0.0694221$ & $-0.0643154$ & $0.972568$ & $1$ & $0.974745$ & $0.0458493$ & $-0.360697$ & $-0.025757$ & $-0.566099$ & $0.372769$ & $0.328414$ & $0.00695881$ & $0.0594188$ & $0.0377509$ & $-0.079305$ & $0.0614933$ & $0.447684$ & $-0.00530532$ & $-0.0127432$ & $0.00770248$ & $0.00909627$ & $0.00887744$ & $-0.00458398$ & $-0.00348143$ & $0.0101902$ & $0.00832828$ & $0.0126738$ & $-0.00291481$ & $0.00888873$ & $0.00451527$ & $0.000443419$ & $-0.00296218$ \\
CHe_33 & $-0.0327248$ & $-0.0360746$ & $-0.00418535$ & $0.00229854$ & $-0.0183177$ & $-0.179078$ & $-0.0736353$ & $0.877498$ & $0.858803$ & $-0.356678$ & $-0.969461$ & $-0.320197$ & $0.185673$ & $0.455442$ & $0.329115$ & $0.348048$ & $0.166393$ & $-0.0666994$ & $-0.0613822$ & $0.951817$ & $0.974745$ & $1$ & $0.0447945$ & $-0.354538$ & $-0.0258594$ & $-0.553808$ & $0.3659$ & $0.318883$ & $0.00725594$ & $0.060609$ & $0.0404665$ & $-0.077814$ & $0.0643677$ & $0.443919$ & $-0.00665064$ & $-0.00821033$ & $0.00505089$ & $0.00720497$ & $0.00848901$ & $-0.00498032$ & $-0.00235496$ & $0.0116166$ & $0.0101528$ & $0.0118027$ & $-0.00370454$ & $0.0109784$ & $0.00509503$ & $-0.00176594$ & $0.00122223$ \\
CHQ1_11 & $-0.0222539$ & $-0.01007$ & $-0.0171785$ & $0.0135756$ & $-0.0231277$ & $-0.0137416$ & $-0.00233078$ & $0.0722383$ & $0.0722872$ & $-0.0505813$ & $-0.0182522$ & $-0.0499396$ & $0.0384138$ & $-0.0716635$ & $-0.171755$ & $-0.167144$ & $-0.0736306$ & $0.00680973$ & $0.00729123$ & $-0.00747061$ & $0.0458493$ & $0.0447945$ & $1$ & $-0.133737$ & $0.0820549$ & $-0.678884$ & $0.348127$ & $0.0159589$ & $-0.000333004$ & $0.00695702$ & $0.0117632$ & $0.00252763$ & $0.0165979$ & $0.203143$ & $0.00998142$ & $-0.00686601$ & $-0.005941$ & $0.0143886$ & $-0.00545547$ & $0.00125477$ & $0.000977345$ & $-0.00872889$ & $0.0144845$ & $0.00528121$ & $-0.00307284$ & $0.0048357$ & $-0.00808539$ & $-0.00671679$ & $0.0121353$ \\
CHQ1_33 & $-0.0481625$ & $0.0284826$ & $0.0100594$ & $0.0127103$ & $0.012463$ & $0.000230601$ & $0.107209$ & $-0.671272$ & $-0.665675$ & $0.55602$ & $0.306379$ & $0.383475$ & $-0.380662$ & $0.472913$ & $0.102912$ & $0.103331$ & $0.682991$ & $0.625265$ & $0.623199$ & $-0.252338$ & $-0.360697$ & $-0.354538$ & $-0.133737$ & $1$ & $0.641566$ & $0.196004$ & $-0.414537$ & $-0.0192091$ & $-0.0247411$ & $-0.101955$ & $-0.0581701$ & $0.0948043$ & $-0.116647$ & $-0.627003$ & $-0.00567187$ & $0.0106003$ & $0.0120489$ & $0.0042749$ & $-0.0106983$ & $0.0174238$ & $-0.0206395$ & $-0.00711148$ & $-0.0198978$ & $-0.00301579$ & $0.00410778$ & $-0.00867012$ & $0.00440969$ & $0.0011649$ & $-0.00264278$ \\
CHQ3_11 & $-0.124715$ & $0.0252416$ & $0.00210236$ & $0.0164913$ & $0.00559059$ & $-0.0929094$ & $0.0925792$ & $-0.399684$ & $-0.399368$ & $0.480512$ & $0.0224297$ & $0.289267$ & $-0.359439$ & $0.593039$ & $-0.138432$ & $-0.139909$ & $0.775508$ & $0.791105$ & $0.795685$ & $-0.016283$ & $-0.025757$ & $-0.0258594$ & $0.0820549$ & $0.641566$ & $1$ & $0.0167584$ & $0.219667$ & $-0.0127871$ & $-0.0236727$ & $-0.101253$ & $-0.0482733$ & $0.0731827$ & $-0.119526$ & $-0.192967$ & $-0.00716409$ & $0.0129486$ & $0.0133325$ & $0.00850503$ & $-0.0164413$ & $0.0147628$ & $-0.02194$ & $-0.00619798$ & $-0.012011$ & $0.0069319$ & $-0.00467611$ & $-0.01191$ & $0.00604452$ & $-0.00913561$ & $-0.00905982$ \\
CHu_11 & $-0.0119529$ & $0.0291087$ & $0.0160738$ & $-0.00734708$ & $0.0316037$ & $0.103705$ & $0.0375787$ & $-0.505833$ & $-0.495116$ & $0.205132$ & $0.564869$ & $0.191724$ & $-0.113441$ & $-0.278094$ & $-0.200389$ & $-0.194284$ & $-0.100287$ & $0.0355689$ & $0.0311778$ & $-0.555178$ & $-0.566099$ & $-0.553808$ & $-0.678884$ & $0.196004$ & $0.0167584$ & $1$ & $-0.173844$ & $-0.188097$ & $-0.00630426$ & $-0.0381243$ & $-0.0243307$ & $0.037765$ & $-0.0463835$ & $-0.242773$ & $0.00204014$ & $0.0258407$ & $0.00255737$ & $-0.0126108$ & $-0.000170108$ & $-0.00323171$ & $-0.00208627$ & $-0.000703288$ & $-0.00745716$ & $-0.0194508$ & $0.00316118$ & $-0.00778921$ & $0.00321929$ & $0.00711338$ & $-0.0088534$ \\
CHd_11 & $-0.0571768$ & $-0.00845381$ & $0.00160162$ & $0.00529776$ & $-0.0174246$ & $-0.0825674$ & $-0.0405887$ & $0.420804$ & $0.414509$ & $-0.226821$ & $-0.291666$ & $-0.196586$ & $0.130923$ & $-0.0975993$ & $-0.394841$ & $-0.388126$ & $-0.156452$ & $-0.00197733$ & $0.000597537$ & $0.216413$ & $0.372769$ & $0.3659$ & $0.348127$ & $-0.414537$ & $0.219667$ & $-0.173844$ & $1$ & $0.108546$ & $0.00640554$ & $0.0340298$ & $0.0313687$ & $-0.040892$ & $0.035272$ & $0.682816$ & $0.00514112$ & $0.0071443$ & $3.20003e-06$ & $0.0134037$ & $-0.0071499$ & $-0.00474236$ & $-0.00507591$ & $0.00117369$ & $0.0119084$ & $-0.00227059$ & $0.00120189$ & $5.40006e-05$ & $-0.000368377$ & $-0.00244368$ & $0.0052365$ \\
CHd_33 & $-0.0092972$ & $-0.0154666$ & $0.0124454$ & $0.0171748$ & $-0.0165673$ & $-0.0685158$ & $-0.0236215$ & $0.296238$ & $0.291497$ & $-0.119298$ & $-0.326212$ & $-0.0961622$ & $0.0538008$ & $0.151128$ & $0.114886$ & $0.11173$ & $0.0541781$ & $-0.0279663$ & $-0.0260142$ & $0.319698$ & $0.328414$ & $0.318883$ & $0.0159589$ & $-0.0192091$ & $-0.0127871$ & $-0.188097$ & $0.108546$ & $1$ & $0.00443742$ & $0.02256$ & $0.014247$ & $-0.0237727$ & $0.0223284$ & $0.145691$ & $0.00238084$ & $-0.0077644$ & $0.00672579$ & $0.00852573$ & $0.00586542$ & $-0.00259937$ & $-0.0181912$ & $-0.00598925$ & $-0.00499791$ & $-0.00493127$ & $0.00470958$ & $0.000218827$ & $0.00810206$ & $0.00386027$ & $-0.000507522$ \\
CeH_22r & $0.0104691$ & $-0.00447777$ & $-0.0177008$ & $0.00681344$ & $0.0219837$ & $-0.00321201$ & $0.00192875$ & $0.0184256$ & $0.0261516$ & $-0.0210638$ & $-0.00628629$ & $-0.0276883$ & $0.0498302$ & $-0.0185817$ & $0.00874939$ & $0.00117131$ & $-0.0254576$ & $-0.028783$ & $-0.0218409$ & $0.00697962$ & $0.00695881$ & $0.00725594$ & $-0.000333004$ & $-0.0247411$ & $-0.0236727$ & $-0.00630426$ & $0.00640554$ & $0.00443742$ & $1$ & $0.0476238$ & $0.0210243$ & $-0.0129998$ & $0.0448859$ & $0.00618319$ & $-0.0294818$ & $-0.00219234$ & $-0.0177014$ & $0.00511479$ & $-0.00779798$ & $-0.00712755$ & $0.00438921$ & $-0.00681476$ & $0.00124582$ & $0.000969951$ & $0.00615183$ & $0.000130702$ & $0.00230403$ & $-0.0151057$ & $0.00259659$ \\
CeH_33r & $0.0302486$ & $-0.00912045$ & $-0.0013683$ & $-0.0143596$ & $0.00096719$ & $0.0134872$ & $-0.141422$ & $0.101222$ & $0.124051$ & $-0.126405$ & $-0.057609$ & $-0.0921864$ & $0.26209$ & $-0.055808$ & $0.0296648$ & $0.0312991$ & $-0.0915047$ & $-0.102786$ & $-0.10222$ & $0.0566362$ & $0.0594188$ & $0.060609$ & $0.00695702$ & $-0.101955$ & $-0.101253$ & $-0.0381243$ & $0.0340298$ & $0.02256$ & $0.0476238$ & $1$ & $0.307947$ & $0.0187927$ & $0.650736$ & $0.0544122$ & $-0.0423405$ & $-0.00447771$ & $-0.178077$ & $-0.00863476$ & $-0.0223657$ & $-0.00899794$ & $-0.0242777$ & $-0.00577313$ & $0.00207038$ & $0.0112266$ & $0.09656$ & $0.0140932$ & $-0.0144612$ & $-0.00279987$ & $-0.00870084$ \\
CuH_22r & $-0.0156623$ & $0.00794703$ & $0.0219131$ & $-0.00173363$ & $0.0120634$ & $0.0127323$ & $-0.0732548$ & $0.0593188$ & $0.0701071$ & $-0.0677328$ & $-0.0344926$ & $-0.0682607$ & $0.112634$ & $-0.0252261$ & $0.00516841$ & $0.00710482$ & $-0.0515361$ & $-0.050128$ & $-0.0512873$ & $0.0325351$ & $0.0377509$ & $0.0404665$ & $0.0117632$ & $-0.0581701$ & $-0.0482733$ & $-0.0243307$ & $0.0313687$ & $0.014247$ & $0.0210243$ & $0.307947$ & $1$ & $0.0246938$ & $0.348387$ & $0.0420054$ & $-0.022418$ & $0.0434505$ & $-0.0571629$ & $-0.0070692$ & $-0.0214003$ & $0.00182178$ & $0.0114713$ & $0.014921$ & $0.0195011$ & $0.017338$ & $0.0377036$ & $0.11573$ & $0.358502$ & $-0.0113503$ & $0.0145463$ \\
CuH_33r & $0.00643549$ & $0.0244168$ & $0.0122595$ & $0.00243664$ & $-0.011964$ & $0.0164693$ & $0.923791$ & $-0.108059$ & $-0.0696807$ & $0.0912053$ & $0.076651$ & $0.256564$ & $-0.258585$ & $0.0287446$ & $-0.0317631$ & $-0.027562$ & $0.0600809$ & $0.0800848$ & $0.0773394$ & $-0.0741984$ & $-0.079305$ & $-0.077814$ & $0.00252763$ & $0.0948043$ & $0.0731827$ & $0.037765$ & $-0.040892$ & $-0.0237727$ & $-0.0129998$ & $0.0187927$ & $0.0246938$ & $1$ & $0.0255711$ & $-0.0609126$ & $0.0505516$ & $0.0373987$ & $-0.0272481$ & $-0.00810122$ & $0.0055621$ & $0.00071087$ & $-0.0195051$ & $-0.00336321$ & $0.0114147$ & $0.00871648$ & $-0.0126293$ & $0.0131319$ & $0.00518123$ & $-0.0156211$ & $0.00279806$ \\
CdH_33r & $0.0369607$ & $-0.0091801$ & $0.028893$ & $-0.0504973$ & $0.00470135$ & $0.019091$ & $-0.168873$ & $0.111397$ & $0.131714$ & $-0.137495$ & $-0.0594738$ & $-0.125737$ & $0.324078$ & $-0.0616018$ & $0.029827$ & $0.0320365$ & $-0.112266$ & $-0.117123$ & $-0.118085$ & $0.0584686$ & $0.0614933$ & $0.0643677$ & $0.0165979$ & $-0.116647$ & $-0.119526$ & $-0.0463835$ & $0.035272$ & $0.0223284$ & $0.0448859$ & $0.650736$ & $0.348387$ & $0.0255711$ & $1$ & $0.0601385$ & $-0.0115631$ & $-0.022279$ & $-0.166294$ & $-0.00888437$ & $-0.0563684$ & $0.0026265$ & $-0.0421006$ & $-0.00830513$ & $-0.0306815$ & $0.0175799$ & $-0.00793302$ & $-0.00954435$ & $-0.00795596$ & $0.127437$ & $0.437408$ \\
CLL_1221 & $-0.0198755$ & $0.010765$ & $-0.000162325$ & $-0.0046197$ & $-0.018983$ & $-0.117057$ & $-0.0623692$ & $0.558142$ & $0.549773$ & $-0.344212$ & $-0.361445$ & $-0.276069$ & $0.209404$ & $-0.218022$ & $-0.594283$ & $-0.102079$ & $-0.25774$ & $0.0312633$ & $-0.342914$ & $0.282194$ & $0.447684$ & $0.443919$ & $0.203143$ & $-0.627003$ & $-0.192967$ & $-0.242773$ & $0.682816$ & $0.145691$ & $0.00618319$ & $0.0544122$ & $0.0420054$ & $-0.0609126$ & $0.0601385$ & $1$ & $0.00361553$ & $-0.00113266$ & $0.00486205$ & $3.02826e-05$ & $-0.0086299$ & $-0.00386291$ & $0.00527825$ & $0.00479353$ & $0.0172202$ & $0.00394889$ & $-0.00236622$ & $0.00260776$ & $0.00394253$ & $-0.0083374$ & $0.00769042$ \\
eHggint & $-0.0895162$ & $0.0930197$ & $0.0329795$ & $-0.0242058$ & $-0.0263627$ & $0.0159109$ & $-0.0346874$ & $0.00220626$ & $-0.00929451$ & $0.0321608$ & $0.0075323$ & $0.0265334$ & $0.0379904$ & $-0.0176853$ & $0.00504563$ & $0.00629509$ & $-0.0213233$ & $-0.0216551$ & $-0.0241994$ & $-0.0046842$ & $-0.00530532$ & $-0.00665064$ & $0.00998142$ & $-0.00567187$ & $-0.00716409$ & $0.00204014$ & $0.00514112$ & $0.00238084$ & $-0.0294818$ & $-0.0423405$ & $-0.022418$ & $0.0505516$ & $-0.0115631$ & $0.00361553$ & $1$ & $-0.170481$ & $-0.00342285$ & $-0.0264336$ & $-0.0390232$ & $0.0230066$ & $-0.00536507$ & $-0.0108907$ & $0.0923314$ & $0.0383958$ & $-0.0425459$ & $-0.00306015$ & $7.84648e-05$ & $0.0064931$ & $0.049404$ \\
eHggpar & $-0.018189$ & $0.0844919$ & $-0.0100288$ & $0.0128084$ & $-0.0202055$ & $-0.00602726$ & $0.00580907$ & $-0.0169536$ & $-0.0185982$ & $0.0385889$ & $0.014534$ & $0.0287784$ & $0.00905854$ & $-0.00677373$ & $-0.0078091$ & $-0.00318811$ & $0.00497767$ & $0.0070653$ & $0.00672936$ & $-0.0125002$ & $-0.0127432$ & $-0.00821033$ & $-0.00686601$ & $0.0106003$ & $0.0129486$ & $0.0258407$ & $0.0071443$ & $-0.0077644$ & $-0.00219234$ & $-0.00447771$ & $0.0434505$ & $0.0373987$ & $-0.022279$ & $-0.00113266$ & $-0.170481$ & $1$ & $-0.00659653$ & $0.00122005$ & $0.0242093$ & $0.0183808$ & $-0.0890929$ & $0.00843219$ & $0.0324589$ & $-0.000700024$ & $-0.00245043$ & $0.0557778$ & $0.0618097$ & $-0.045698$ & $-0.0264968$ \\
eHWWint & $-0.106329$ & $0.0693197$ & $-0.0488144$ & $0.0749218$ & $-0.0142197$ & $-0.0170088$ & $0.00989644$ & $0.00201167$ & $-0.00463307$ & $-0.00736692$ & $-0.00582969$ & $-0.0140803$ & $0.000103107$ & $0.00206069$ & $0.00280077$ & $0.00871162$ & $0.00981329$ & $0.00315846$ & $-0.0022655$ & $0.00866373$ & $0.00770248$ & $0.00505089$ & $-0.005941$ & $0.0120489$ & $0.0133325$ & $0.00255737$ & $3.20003e-06$ & $0.00672579$ & $-0.0177014$ & $-0.178077$ & $-0.0571629$ & $-0.0272481$ & $-0.166294$ & $0.00486205$ & $-0.00342285$ & $-0.00659653$ & $1$ & $-0.00166433$ & $-0.0337101$ & $-0.0181947$ & $0.0858772$ & $-0.00354506$ & $0.0479305$ & $-0.0889279$ & $-0.082758$ & $-0.0241325$ & $0.0967031$ & $0.0547001$ & $0.0428689$ \\
eHWWpar & $-0.00477889$ & $0.0120161$ & $-0.0127846$ & $-0.0100127$ & $0.00106367$ & $-0.011919$ & $-0.00243449$ & $0.00667115$ & $0.00674398$ & $0.00152701$ & $-0.00880124$ & $-0.00502901$ & $0.00503948$ & $0.00479745$ & $0.00902551$ & $-0.0041066$ & $0.0067246$ & $-0.00325558$ & $0.00618279$ & $0.00819414$ & $0.00909627$ & $0.00720497$ & $0.0143886$ & $0.0042749$ & $0.00850503$ & $-0.0126108$ & $0.0134037$ & $0.00852573$ & $0.00511479$ & $-0.00863476$ & $-0.0070692$ & $-0.00810122$ & $-0.00888437$ & $3.02826e-05$ & $-0.0264336$ & $0.00122005$ & $-0.00166433$ & $1$ & $0.00370673$ & $0.00121597$ & $0.00434714$ & $-0.0128356$ & $0.016906$ & $-0.00174387$ & $0.0182797$ & $0.00761522$ & $-0.0123448$ & $-0.00668038$ & $0.00445163$ \\
eHZZint & $0.0722816$ & $-0.0519358$ & $-0.036852$ & $-0.0220196$ & $0.0119915$ & $-0.00226402$ & $0.00620617$ & $0.0108339$ & $0.0094649$ & $-0.0111299$ & $-0.0114496$ & $-0.0174445$ & $0.0056104$ & $0.00539649$ & $0.0138547$ & $0.000107721$ & $-0.00352277$ & $-0.00917575$ & $0.00199316$ & $0.0100892$ & $0.00887744$ & $0.00848901$ & $-0.00545547$ & $-0.0106983$ & $-0.0164413$ & $-0.000170108$ & $-0.0071499$ & $0.00586542$ & $-0.00779798$ & $-0.0223657$ & $-0.0214003$ & $0.0055621$ & $-0.0563684$ & $-0.0086299$ & $-0.0390232$ & $0.0242093$ & $-0.0337101$ & $0.00370673$ & $1$ & $-0.0109605$ & $-0.0227981$ & $0.00376504$ & $0.0134993$ & $-0.0641269$ & $0.00088647$ & $0.0116886$ & $-0.0147209$ & $-0.143263$ & $-0.0258186$ \\
eHZZpar & $-0.013786$ & $-0.00245458$ & $0.0167367$ & $0.00254461$ & $-0.0289699$ & $-0.00616043$ & $-0.00592897$ & $-0.00976114$ & $-0.00951419$ & $0.0140147$ & $0.00352733$ & $0.00234504$ & $0.000805233$ & $0.00651046$ & $-0.00328137$ & $0.00885136$ & $0.0133564$ & $0.0152718$ & $0.00499043$ & $-0.00205108$ & $-0.00458398$ & $-0.00498032$ & $0.00125477$ & $0.0174238$ & $0.0147628$ & $-0.00323171$ & $-0.00474236$ & $-0.00259937$ & $-0.00712755$ & $-0.00899794$ & $0.00182178$ & $0.00071087$ & $0.0026265$ & $-0.00386291$ & $0.0230066$ & $0.0183808$ & $-0.0181947$ & $0.00121597$ & $-0.0109605$ & $1$ & $0.00139114$ & $-0.0171428$ & $0.0062343$ & $0.0210011$ & $-0.0134844$ & $0.00138003$ & $0.00589516$ & $0.0164502$ & $0.00266175$ \\
eHZgaint & $-0.0134343$ & $0.00326302$ & $-0.00998872$ & $0.000258728$ & $0.0180064$ & $0.000881339$ & $-0.00563714$ & $0.00484353$ & $0.00666966$ & $-0.0633684$ & $0.00561352$ & $-0.0441195$ & $0.0104574$ & $-0.0145842$ & $-0.00363816$ & $-0.0111888$ & $-0.0215065$ & $-0.0171867$ & $-0.00970238$ & $-0.00640355$ & $-0.00348143$ & $-0.00235496$ & $0.000977345$ & $-0.0206395$ & $-0.02194$ & $-0.00208627$ & $-0.00507591$ & $-0.0181912$ & $0.00438921$ & $-0.0242777$ & $0.0114713$ & $-0.0195051$ & $-0.0421006$ & $0.00527825$ & $-0.00536507$ & $-0.0890929$ & $0.0858772$ & $0.00434714$ & $-0.0227981$ & $0.00139114$ & $1$ & $-0.0302169$ & $0.038282$ & $0.00329764$ & $-0.0141762$ & $0.0632708$ & $0.0518953$ & $-0.00614357$ & $-0.0610017$ \\
eHZgapar & $0.0187368$ & $-0.00106365$ & $-0.00498098$ & $-0.0388097$ & $0.00611886$ & $-0.000802592$ & $0.00364243$ & $0.00937024$ & $0.0113539$ & $-0.00848507$ & $-0.00971117$ & $-0.00713799$ & $-0.00134019$ & $0.00677648$ & $0.00171388$ & $0.000203602$ & $-0.000634733$ & $-0.00140081$ & $0.00378934$ & $0.00858071$ & $0.0101902$ & $0.0116166$ & $-0.00872889$ & $-0.00711148$ & $-0.00619798$ & $-0.000703288$ & $0.00117369$ & $-0.00598925$ & $-0.00681476$ & $-0.00577313$ & $0.014921$ & $-0.00336321$ & $-0.00830513$ & $0.00479353$ & $-0.0108907$ & $0.00843219$ & $-0.00354506$ & $-0.0128356$ & $0.00376504$ & $-0.0171428$ & $-0.0302169$ & $1$ & $0.0198786$ & $0.0110103$ & $-0.0120946$ & $-0.00024661$ & $0.00776354$ & $0.000138952$ & $0.00237874$ \\
eHgagaint & $-0.0105636$ & $-0.0226917$ & $0.0263551$ & $0.0420619$ & $-6.33266e-05$ & $0.00114576$ & $-0.00623452$ & $0.0164967$ & $0.0875184$ & $-0.00881837$ & $-0.00824038$ & $-0.0241584$ & $0.0271065$ & $-0.00998806$ & $-0.0050452$ & $0.00750055$ & $-0.0138623$ & $-0.0104398$ & $-0.0189593$ & $0.00701024$ & $0.00832828$ & $0.0101528$ & $0.0144845$ & $-0.0198978$ & $-0.012011$ & $-0.00745716$ & $0.0119084$ & $-0.00499791$ & $0.00124582$ & $0.00207038$ & $0.0195011$ & $0.0114147$ & $-0.0306815$ & $0.0172202$ & $0.0923314$ & $0.0324589$ & $0.0479305$ & $0.016906$ & $0.0134993$ & $0.0062343$ & $0.038282$ & $0.0198786$ & $1$ & $0.0147489$ & $-0.0556444$ & $0.0758668$ & $0.0227224$ & $-0.0974934$ & $-0.0446763$ \\
eHmumuint & $-0.0148103$ & $0.0544544$ & $0.0362187$ & $0.0332816$ & $-0.0028793$ & $-0.00581819$ & $0.00245577$ & $0.00697379$ & $0.00904375$ & $0.00775008$ & $-0.012011$ & $-0.000106759$ & $0.00806537$ & $0.0115224$ & $0.00644629$ & $0.0126925$ & $0.00691946$ & $0.00545684$ & $-0.0014839$ & $0.015211$ & $0.0126738$ & $0.0118027$ & $0.00528121$ & $-0.00301579$ & $0.0069319$ & $-0.0194508$ & $-0.00227059$ & $-0.00493127$ & $0.000969951$ & $0.0112266$ & $0.017338$ & $0.00871648$ & $0.0175799$ & $0.00394889$ & $0.0383958$ & $-0.000700024$ & $-0.0889279$ & $-0.00174387$ & $-0.0641269$ & $0.0210011$ & $0.00329764$ & $0.0110103$ & $0.0147489$ & $1$ & $0.0158312$ & $0.0239269$ & $0.00112421$ & $0.0241181$ & $-0.0121543$ \\
eHtautauint & $0.0765254$ & $0.0160925$ & $-0.0200628$ & $0.0369318$ & $-0.00827347$ & $0.0231407$ & $-0.0143682$ & $-0.0048737$ & $-0.00931215$ & $0.00278124$ & $0.00284898$ & $-0.00260774$ & $0.00184911$ & $-0.00492338$ & $0.00141833$ & $0.00467829$ & $0.00427169$ & $0.000631093$ & $0.00128758$ & $-0.00315326$ & $-0.00291481$ & $-0.00370454$ & $-0.00307284$ & $0.00410778$ & $-0.00467611$ & $0.00316118$ & $0.00120189$ & $0.00470958$ & $0.00615183$ & $0.09656$ & $0.0377036$ & $-0.0126293$ & $-0.00793302$ & $-0.00236622$ & $-0.0425459$ & $-0.00245043$ & $-0.082758$ & $0.0182797$ & $0.00088647$ & $-0.0134844$ & $-0.0141762$ & $-0.0120946$ & $-0.0556444$ & $0.0158312$ & $1$ & $0.0400715$ & $0.0488012$ & $-0.0479838$ & $-0.0418271$ \\
eHccint & $-0.0271601$ & $0.0544243$ & $-0.0434914$ & $0.0206567$ & $0.000540724$ & $0.000319754$ & $0.00648677$ & $0.0122899$ & $0.0171202$ & $-0.0129961$ & $-0.00837277$ & $-0.00751416$ & $0.00608352$ & $-0.00682081$ & $0.013836$ & $0.00997263$ & $-0.00869164$ & $-0.0180577$ & $-0.0125898$ & $0.0103286$ & $0.00888873$ & $0.0109784$ & $0.0048357$ & $-0.00867012$ & $-0.01191$ & $-0.00778921$ & $5.40006e-05$ & $0.000218827$ & $0.000130702$ & $0.0140932$ & $0.11573$ & $0.0131319$ & $-0.00954435$ & $0.00260776$ & $-0.00306015$ & $0.0557778$ & $-0.0241325$ & $0.00761522$ & $0.0116886$ & $0.00138003$ & $0.0632708$ & $-0.00024661$ & $0.0758668$ & $0.0239269$ & $0.0400715$ & $1$ & $0.0802006$ & $-0.00387042$ & $-0.0345699$ \\
eHccpar & $-0.0774467$ & $0.0328364$ & $0.0860412$ & $0.0454259$ & $-0.0228702$ & $-0.0024381$ & $0.00561699$ & $0.00236407$ & $0.00189319$ & $0.00352571$ & $-0.00218637$ & $0.000666689$ & $0.00223398$ & $0.00107408$ & $0.00059009$ & $-0.0071414$ & $0.00129072$ & $0.000415063$ & $0.00304559$ & $0.00410253$ & $0.00451527$ & $0.00509503$ & $-0.00808539$ & $0.00440969$ & $0.00604452$ & $0.00321929$ & $-0.000368377$ & $0.00810206$ & $0.00230403$ & $-0.0144612$ & $0.358502$ & $0.00518123$ & $-0.00795596$ & $0.00394253$ & $7.84648e-05$ & $0.0618097$ & $0.0967031$ & $-0.0123448$ & $-0.0147209$ & $0.00589516$ & $0.0518953$ & $0.00776354$ & $0.0227224$ & $0.00112421$ & $0.0488012$ & $0.0802006$ & $1$ & $-0.00812065$ & $0.0326387$ \\
eHbbint & $0.0801213$ & $0.0218256$ & $0.107361$ & $-0.0349848$ & $0.00613667$ & $0.00664185$ & $-0.010966$ & $-7.17143e-05$ & $-0.00737616$ & $0.00300282$ & $-0.000817506$ & $-0.000523981$ & $0.00258329$ & $0.00558305$ & $0.0097312$ & $0.00596793$ & $-0.00213442$ & $-0.00484243$ & $-0.00314812$ & $0.00220226$ & $0.000443419$ & $-0.00176594$ & $-0.00671679$ & $0.0011649$ & $-0.00913561$ & $0.00711338$ & $-0.00244368$ & $0.00386027$ & $-0.0151057$ & $-0.00279987$ & $-0.0113503$ & $-0.0156211$ & $0.127437$ & $-0.0083374$ & $0.0064931$ & $-0.045698$ & $0.0547001$ & $-0.00668038$ & $-0.143263$ & $0.0164502$ & $-0.00614357$ & $0.000138952$ & $-0.0974934$ & $0.0241181$ & $-0.0479838$ & $-0.00387042$ & $-0.00812065$ & $1$ & $-0.0490631$ \\
eHbbpar & $0.00249807$ & $-0.00582879$ & $0.03228$ & $-0.0458706$ & $-0.0235635$ & $0.00773887$ & $0.000541567$ & $0.0032594$ & $-0.000204316$ & $-0.012557$ & $0.00327019$ & $-0.0126016$ & $0.0119311$ & $-0.00895046$ & $-0.00668233$ & $0.00532502$ & $-0.0146192$ & $-0.00557644$ & $-0.014539$ & $-0.0029316$ & $-0.00296218$ & $0.00122223$ & $0.0121353$ & $-0.00264278$ & $-0.00905982$ & $-0.0088534$ & $0.0052365$ & $-0.000507522$ & $0.00259659$ & $-0.00870084$ & $0.0145463$ & $0.00279806$ & $0.437408$ & $0.00769042$ & $0.049404$ & $-0.0264968$ & $0.0428689$ & $0.00445163$ & $-0.0258186$ & $0.00266175$ & $-0.0610017$ & $0.00237874$ & $-0.0446763$ & $-0.0121543$ & $-0.0418271$ & $-0.0345699$ & $0.0326387$ & $-0.0490631$ & $1$ \\
