 & AlsMz & dAle5Mz & mtop & mHl & Mz & CW & CHG & CHWB & CHWHB_gaga & CHWHB_gagaorth & CHD & CHbox & CH & CHL1_11 & CHL1_22 & CHL1_33 & CHL3_11 & CHL3_22 & CHL3_33 & CHe_11 & CHe_22 & CHe_33 & CHQ1_11 & CHQ1_33 & CHQ3_11 & CHu_11 & CHd_11 & CHd_33 & CeH_22r & CeH_33r & CuH_22r & CuH_33r & CdH_33r & CLL_1221 & eHggint & eHggpar & eHWWint & eHWWpar & eHZZint & eHZZpar & eHZgaint & eHZgapar & eHgagaint & eHmumuint & eHtautauint & eHccint & eHccpar & eHbbint & eHbbpar \\
AlsMz & $1$ & $-0.0575908$ & $0.379927$ & $0.0603003$ & $-0.0537935$ & $-0.0308116$ & $-0.0113949$ & $-0.0390574$ & $-0.0462277$ & $0.0525533$ & $0.0243982$ & $0.0303459$ & $0.00488051$ & $0.00408535$ & $0.00592363$ & $-0.0236446$ & $0.0270879$ & $0.0168727$ & $0.0340602$ & $-0.0290311$ & $-0.0299707$ & $-0.0353687$ & $-0.027689$ & $0.000625815$ & $-0.0372208$ & $0.00789601$ & $-0.0232556$ & $0.00318368$ & $-0.0315639$ & $0.00279351$ & $-0.0304161$ & $-0.00476524$ & $0.105969$ & $-0.0348573$ & $0.152889$ & $-0.257486$ & $-0.181574$ & $0.0230734$ & $0.0549217$ & $0.0328349$ & $-0.10255$ & $-0.0102327$ & $-0.150917$ & $-0.101621$ & $-0.13753$ & $0.0946775$ & $-0.165695$ & $0.425728$ & $0.064795$ \\
dAle5Mz & $-0.0575908$ & $1$ & $-0.112651$ & $0.0625419$ & $0.055515$ & $0.0595928$ & $-0.0115827$ & $-0.0765791$ & $-0.0753521$ & $0.0477313$ & $0.0657009$ & $0.0416104$ & $-0.0249299$ & $-0.0112393$ & $-0.0249562$ & $-0.0316394$ & $0.00991171$ & $0.0212332$ & $0.0319881$ & $-0.0535317$ & $-0.0501275$ & $-0.047192$ & $-0.000370641$ & $0.0309693$ & $0.0187165$ & $0.0233382$ & $-0.0179861$ & $-0.0298662$ & $-0.000468081$ & $-0.00900289$ & $0.0131958$ & $-0.0011246$ & $-0.0418661$ & $-0.00494159$ & $0.203547$ & $-0.127976$ & $0.00414107$ & $0.062839$ & $-0.0467764$ & $-0.0673565$ & $0.0731394$ & $0.0341271$ & $0.0531394$ & $0.122536$ & $-0.124727$ & $0.0289412$ & $0.0309742$ & $0.00550612$ & $-0.101174$ \\
mtop & $0.379927$ & $-0.112651$ & $1$ & $-0.152517$ & $-0.0303084$ & $-0.0314538$ & $-0.010556$ & $0.0245121$ & $0.00842318$ & $0.0449933$ & $-0.0298376$ & $0.0506596$ & $0.0475087$ & $0.000308107$ & $0.00708917$ & $-0.0391663$ & $0.0487843$ & $0.00877933$ & $0.0477905$ & $0.025402$ & $0.0350944$ & $0.0399083$ & $0.0190625$ & $-0.020613$ & $0.0344504$ & $-0.0187392$ & $0.0815226$ & $-0.00123024$ & $0.0127191$ & $-0.00127267$ & $0.00653215$ & $0.0236917$ & $0.0393294$ & $0.0282736$ & $0.407558$ & $-0.0150579$ & $-0.120616$ & $0.0241609$ & $-0.00183041$ & $-0.0918051$ & $-0.171541$ & $-0.034047$ & $-0.176836$ & $0.0268238$ & $-0.0360736$ & $0.0314897$ & $-0.0749008$ & $0.302599$ & $-0.0858678$ \\
mHl & $0.0603003$ & $0.0625419$ & $-0.152517$ & $1$ & $0.0199052$ & $0.0272161$ & $-0.0425921$ & $-0.0238235$ & $-0.0157976$ & $0.0142768$ & $0.0183571$ & $0.0145416$ & $0.0209852$ & $-0.000817362$ & $-0.0327678$ & $-0.0293239$ & $0.00707095$ & $0.0288187$ & $0.0271196$ & $-0.0154$ & $-0.0170857$ & $-0.00792856$ & $0.0110496$ & $0.00974439$ & $0.0479046$ & $0.0300848$ & $0.0534074$ & $-0.0313062$ & $-0.0444826$ & $0.0323735$ & $-0.0758449$ & $-0.025865$ & $0.00930793$ & $0.00638162$ & $-0.027865$ & $0.23177$ & $0.00354735$ & $0.0640952$ & $-0.0962087$ & $0.0154581$ & $0.197013$ & $0.0443078$ & $0.109627$ & $0.0180521$ & $0.038276$ & $0.0200812$ & $-0.184477$ & $-0.00522971$ & $-0.00685183$ \\
Mz & $-0.0537935$ & $0.055515$ & $-0.0303084$ & $0.0199052$ & $1$ & $0.0156257$ & $0.00184691$ & $0.000823455$ & $0.00609336$ & $-0.00637455$ & $0.0158354$ & $0.0119725$ & $0.000334997$ & $-0.0133446$ & $0.0177722$ & $0.00685824$ & $-0.0233449$ & $-0.0304272$ & $-0.0213449$ & $-0.00598352$ & $-0.00813445$ & $-0.00735458$ & $-0.028894$ & $-0.0096254$ & $-0.0143424$ & $0.0326143$ & $-0.00468105$ & $0.0249879$ & $-0.00912936$ & $-0.00212275$ & $0.00665096$ & $0.00516273$ & $0.00306378$ & $-0.0163342$ & $-0.00604937$ & $-0.0105365$ & $0.010909$ & $0.0134632$ & $-0.00771715$ & $0.00880742$ & $0.0444787$ & $0.0019603$ & $0.0418486$ & $0.0149611$ & $0.026011$ & $-0.0464403$ & $0.0336614$ & $-0.00149246$ & $-0.0170685$ \\
CW & $-0.0308116$ & $0.0595928$ & $-0.0314538$ & $0.0272161$ & $0.0156257$ & $1$ & $0.0342221$ & $-0.121491$ & $-0.120068$ & $-0.020306$ & $0.201863$ & $0.0508239$ & $-0.0185361$ & $-0.0172456$ & $-0.0956464$ & $-0.113172$ & $-0.289363$ & $-0.077759$ & $-0.0626997$ & $-0.203033$ & $-0.199524$ & $-0.193901$ & $0.00645948$ & $-0.0242433$ & $-0.121841$ & $0.106142$ & $-0.0728531$ & $-0.0253407$ & $0.00540861$ & $0.0177833$ & $0.000515109$ & $0.036629$ & $-0.0135423$ & $-0.102317$ & $0.00927567$ & $0.0357609$ & $0.0589321$ & $-0.0166623$ & $-0.0102933$ & $-0.0255528$ & $0.0158919$ & $-0.0137013$ & $0.000975178$ & $0.0192541$ & $0.0293225$ & $-0.0454907$ & $0.0410061$ & $-0.0548452$ & $-0.0305497$ \\
CHG & $-0.0113949$ & $-0.0115827$ & $-0.010556$ & $-0.0425921$ & $0.00184691$ & $0.0342221$ & $1$ & $-0.127425$ & $-0.0783457$ & $0.0865611$ & $0.0890011$ & $-0.0379936$ & $-0.318669$ & $0.0484133$ & $-0.0354974$ & $-0.0418106$ & $0.0733839$ & $0.0991286$ & $0.0973572$ & $-0.0865578$ & $-0.0919647$ & $-0.0928951$ & $0.0010245$ & $0.11546$ & $0.0922553$ & $0.0385104$ & $-0.0584669$ & $-0.0107504$ & $-0.0150143$ & $-0.14922$ & $-0.0639676$ & $0.933161$ & $-0.197428$ & $-0.0771651$ & $-0.0554057$ & $-0.00880509$ & $-0.0115814$ & $-0.0204595$ & $0.0292152$ & $-0.0169417$ & $-0.0377133$ & $0.0195885$ & $-0.000400687$ & $0.0630052$ & $-0.0224908$ & $-0.0526512$ & $0.0441644$ & $-0.039798$ & $-0.0178734$ \\
CHWB & $-0.0390574$ & $-0.0765791$ & $0.0245121$ & $-0.0238235$ & $0.000823455$ & $-0.121491$ & $-0.127425$ & $1$ & $0.984039$ & $-0.560374$ & $-0.879367$ & $-0.215043$ & $0.366052$ & $0.0921656$ & $0.307959$ & $0.306569$ & $-0.254907$ & $-0.445908$ & $-0.448154$ & $0.851158$ & $0.896536$ & $0.878819$ & $0.0324313$ & $-0.666792$ & $-0.411801$ & $-0.487988$ & $0.430122$ & $0.306795$ & $0.00356304$ & $0.107169$ & $0.0334471$ & $-0.120016$ & $0.14532$ & $0.561985$ & $-0.0200904$ & $0.0111614$ & $-0.0809765$ & $-0.0142658$ & $0.0448703$ & $0.00755082$ & $0.00293219$ & $-0.0234204$ & $-0.034354$ & $0.00396542$ & $-0.00628992$ & $0.0533511$ & $-0.0263483$ & $0.0220257$ & $0.00248514$ \\
CHWHB_gaga & $-0.0462277$ & $-0.0753521$ & $0.00842318$ & $-0.0157976$ & $0.00609336$ & $-0.120068$ & $-0.0783457$ & $0.984039$ & $1$ & $-0.549876$ & $-0.86117$ & $-0.193608$ & $0.365957$ & $0.0803551$ & $0.312094$ & $0.29905$ & $-0.259018$ & $-0.452795$ & $-0.446802$ & $0.834468$ & $0.877494$ & $0.860348$ & $0.0289739$ & $-0.660538$ & $-0.411096$ & $-0.475861$ & $0.421869$ & $0.298663$ & $0.00739642$ & $0.128415$ & $0.0482778$ & $-0.0789256$ & $0.163618$ & $0.545338$ & $-0.0312159$ & $0.00657892$ & $-0.0854554$ & $-0.0112504$ & $0.0397797$ & $0.00456604$ & $-0.00149883$ & $-0.0217606$ & $0.0159152$ & $0.00791512$ & $-0.00279397$ & $0.0545845$ & $-0.0151782$ & $0.0165394$ & $-0.000726988$ \\
CHWHB_gagaorth & $0.0525533$ & $0.0477313$ & $0.0449933$ & $0.0142768$ & $-0.00637455$ & $-0.020306$ & $0.0865611$ & $-0.560374$ & $-0.549876$ & $1$ & $0.335992$ & $0.589876$ & $-0.247306$ & $0.25653$ & $-0.127478$ & $-0.149715$ & $0.457589$ & $0.50667$ & $0.521418$ & $-0.325693$ & $-0.350441$ & $-0.35058$ & $-0.031513$ & $0.564206$ & $0.497436$ & $0.185136$ & $-0.224961$ & $-0.101367$ & $0.0205258$ & $-0.139687$ & $-0.0450486$ & $0.097824$ & $-0.16123$ & $-0.343672$ & $0.0710467$ & $0.00169145$ & $0.0475843$ & $0.00924637$ & $-0.0333011$ & $-0.021194$ & $-0.0467545$ & $0.0291633$ & $0.0643184$ & $-0.0235691$ & $0.0171218$ & $-0.0118086$ & $0.0173321$ & $0.0158345$ & $-0.00783298$ \\
CHD & $0.0243982$ & $0.0657009$ & $-0.0298376$ & $0.0183571$ & $0.0158354$ & $0.201863$ & $0.0890011$ & $-0.879367$ & $-0.86117$ & $0.335992$ & $1$ & $0.262996$ & $-0.185274$ & $-0.505662$ & $-0.429083$ & $-0.432764$ & $-0.200229$ & $0.0776028$ & $0.0866932$ & $-0.990378$ & $-0.991211$ & $-0.968733$ & $0.0232544$ & $0.296663$ & $0.027333$ & $0.543858$ & $-0.300135$ & $-0.343742$ & $0.00036817$ & $-0.0546231$ & $-0.0121633$ & $0.0918229$ & $-0.0779356$ & $-0.369044$ & $0.0199289$ & $-0.0116916$ & $0.0609689$ & $0.0181372$ & $-0.0525757$ & $-0.0246189$ & $0.0176804$ & $0.0206076$ & $0.0381394$ & $0.00333617$ & $0.013717$ & $-0.0445659$ & $0.0410466$ & $-0.0123398$ & $-0.00155893$ \\
CHbox & $0.0303459$ & $0.0416104$ & $0.0506596$ & $0.0145416$ & $0.0119725$ & $0.0508239$ & $-0.0379936$ & $-0.215043$ & $-0.193608$ & $0.589876$ & $0.262996$ & $1$ & $0.158038$ & $-0.179656$ & $-0.0306913$ & $-0.0582416$ & $-0.104459$ & $-0.0647503$ & $-0.048525$ & $-0.243593$ & $-0.270298$ & $-0.2673$ & $-0.00985974$ & $0.0745666$ & $-0.0602891$ & $0.142189$ & $-0.133811$ & $-0.0826267$ & $0.0612339$ & $0.226394$ & $0.070815$ & $0.0454285$ & $0.263655$ & $-0.158415$ & $0.116445$ & $-0.0204357$ & $0.0140096$ & $0.0406776$ & $-0.0578039$ & $-0.0201569$ & $-0.0129664$ & $0.0179372$ & $0.058763$ & $-0.0177763$ & $0.0534482$ & $0.000518456$ & $0.0227034$ & $0.0286618$ & $-0.0129515$ \\
CH & $0.00488051$ & $-0.0249299$ & $0.0475087$ & $0.0209852$ & $0.000334997$ & $-0.0185361$ & $-0.318669$ & $0.366052$ & $0.365957$ & $-0.247306$ & $-0.185274$ & $0.158038$ & $1$ & $-0.241492$ & $0.0754119$ & $0.0407158$ & $-0.361576$ & $-0.391815$ & $-0.368085$ & $0.178264$ & $0.19872$ & $0.194491$ & $0.0195567$ & $-0.410915$ & $-0.362969$ & $-0.0960453$ & $0.181846$ & $0.0661323$ & $0.0401887$ & $0.289078$ & $0.119938$ & $-0.269418$ & $0.363206$ & $0.230337$ & $0.0310769$ & $0.0152771$ & $-0.0456023$ & $-0.0129191$ & $-0.0150815$ & $-0.0169781$ & $0.0373759$ & $0.00961285$ & $0.00112397$ & $0.0102533$ & $-0.00211515$ & $0.016178$ & $-0.0211093$ & $0.0156583$ & $-0.0221862$ \\
CHL1_11 & $0.00408535$ & $-0.0112393$ & $0.000308107$ & $-0.000817362$ & $-0.0133446$ & $-0.0172456$ & $0.0484133$ & $0.0921656$ & $0.0803551$ & $0.25653$ & $-0.505662$ & $-0.179656$ & $-0.241492$ & $1$ & $0.272612$ & $0.274125$ & $0.6481$ & $0.592251$ & $0.585184$ & $0.523011$ & $0.46696$ & $0.44882$ & $-0.088932$ & $0.476844$ & $0.597512$ & $-0.262824$ & $-0.10294$ & $0.183103$ & $-0.00776202$ & $-0.0707642$ & $-0.039649$ & $0.0300563$ & $-0.0921964$ & $-0.216684$ & $-0.0163356$ & $0.0154121$ & $0.0242944$ & $-0.0162025$ & $0.0270192$ & $0.0272009$ & $-0.0251644$ & $0.00175119$ & $-0.0103523$ & $-0.0190998$ & $-0.0131935$ & $-0.00890425$ & $-0.0244885$ & $-0.0253336$ & $0.00339549$ \\
CHL1_22 & $0.00592363$ & $-0.0249562$ & $0.00708917$ & $-0.0327678$ & $0.0177722$ & $-0.0956464$ & $-0.0354974$ & $0.307959$ & $0.312094$ & $-0.127478$ & $-0.429083$ & $-0.0306913$ & $0.0754119$ & $0.272612$ & $1$ & $0.448145$ & $0.14837$ & $-0.447446$ & $-0.041985$ & $0.496176$ & $0.346222$ & $0.335679$ & $-0.191984$ & $0.103524$ & $-0.126431$ & $-0.189146$ & $-0.379831$ & $0.128697$ & $-0.00356095$ & $0.0570095$ & $0.0194122$ & $-0.0295027$ & $0.0343351$ & $-0.584034$ & $0.0167205$ & $-0.0196951$ & $-0.0276401$ & $0.0279506$ & $0.0126457$ & $0.0159913$ & $-0.0148463$ & $-0.0311012$ & $-0.00853129$ & $0.000925296$ & $-0.000768009$ & $0.00636606$ & $-0.0118493$ & $0.00850052$ & $-0.019677$ \\
CHL1_33 & $-0.0236446$ & $-0.0316394$ & $-0.0391663$ & $-0.0293239$ & $0.00685824$ & $-0.113172$ & $-0.0418106$ & $0.306569$ & $0.29905$ & $-0.149715$ & $-0.432764$ & $-0.0582416$ & $0.0407158$ & $0.274125$ & $0.448145$ & $1$ & $0.168905$ & $-0.0207415$ & $-0.437579$ & $0.495349$ & $0.351808$ & $0.367968$ & $-0.175869$ & $0.114882$ & $-0.106745$ & $-0.19184$ & $-0.360655$ & $0.131187$ & $-0.017702$ & $0.0295015$ & $-0.0123784$ & $-0.0411193$ & $0.019601$ & $-0.0869988$ & $-0.00241147$ & $-0.0413193$ & $-0.0339118$ & $0.0452974$ & $0.00797911$ & $0.0590877$ & $-0.026291$ & $-0.0237362$ & $-0.042964$ & $-0.000778328$ & $0.0134445$ & $-0.0389447$ & $-0.000835714$ & $-0.0352278$ & $0.00848455$ \\
CHL3_11 & $0.0270879$ & $0.00991171$ & $0.0487843$ & $0.00707095$ & $-0.0233449$ & $-0.289363$ & $0.0733839$ & $-0.254907$ & $-0.259018$ & $0.457589$ & $-0.200229$ & $-0.104459$ & $-0.361576$ & $0.6481$ & $0.14837$ & $0.168905$ & $1$ & $0.745984$ & $0.727767$ & $0.221561$ & $0.168152$ & $0.161161$ & $-0.0803438$ & $0.698201$ & $0.787708$ & $-0.0953896$ & $-0.157664$ & $0.0571107$ & $-0.00771389$ & $-0.113047$ & $-0.033202$ & $0.0527264$ & $-0.133805$ & $-0.244991$ & $0.00610618$ & $0.0131921$ & $0.0375367$ & $-0.0174059$ & $0.0231857$ & $0.0238256$ & $-0.0577446$ & $-0.00205829$ & $-0.00501659$ & $-0.00763546$ & $-0.0181813$ & $-0.00711579$ & $-0.0272407$ & $-0.00354513$ & $-0.00722314$ \\
CHL3_22 & $0.0168727$ & $0.0212332$ & $0.00877933$ & $0.0288187$ & $-0.0304272$ & $-0.077759$ & $0.0991286$ & $-0.445908$ & $-0.452795$ & $0.50667$ & $0.0776028$ & $-0.0647503$ & $-0.391815$ & $0.592251$ & $-0.447446$ & $-0.0207415$ & $0.745984$ & $1$ & $0.675607$ & $-0.0817075$ & $-0.0728724$ & $-0.072244$ & $0.0177992$ & $0.637104$ & $0.798658$ & $0.0306353$ & $-0.0165948$ & $-0.0217075$ & $-0.00714785$ & $-0.135931$ & $-0.0534231$ & $0.0759149$ & $-0.150601$ & $0.0262658$ & $-0.0138405$ & $0.0166924$ & $0.0564268$ & $-0.0252089$ & $0.00552949$ & $0.0233044$ & $-0.0321042$ & $0.0226514$ & $-0.00321957$ & $-0.0125975$ & $-0.00998353$ & $-0.0285737$ & $-0.015785$ & $-0.0289784$ & $0.0147802$ \\
CHL3_33 & $0.0340602$ & $0.0319881$ & $0.0477905$ & $0.0271196$ & $-0.0213449$ & $-0.0626997$ & $0.0973572$ & $-0.448154$ & $-0.446802$ & $0.521418$ & $0.0866932$ & $-0.048525$ & $-0.368085$ & $0.585184$ & $-0.041985$ & $-0.437579$ & $0.727767$ & $0.675607$ & $1$ & $-0.0894152$ & $-0.079505$ & $-0.077555$ & $0.010101$ & $0.625285$ & $0.788635$ & $0.0369644$ & $-0.0153011$ & $-0.0246641$ & $-0.000178747$ & $-0.120205$ & $-0.0362487$ & $0.0771505$ & $-0.144327$ & $-0.345636$ & $0.0068343$ & $0.0357327$ & $0.062741$ & $-0.0267175$ & $0.0105965$ & $-0.010762$ & $-0.0298231$ & $0.0115363$ & $0.0255823$ & $0.000873352$ & $-0.0232444$ & $0.00589429$ & $-0.0247779$ & $-0.00153992$ & $-0.00811886$ \\
CHe_11 & $-0.0290311$ & $-0.0535317$ & $0.025402$ & $-0.0154$ & $-0.00598352$ & $-0.203033$ & $-0.0865578$ & $0.851158$ & $0.834468$ & $-0.325693$ & $-0.990378$ & $-0.243593$ & $0.178264$ & $0.523011$ & $0.496176$ & $0.495349$ & $0.221561$ & $-0.0817075$ & $-0.0894152$ & $1$ & $0.972395$ & $0.950588$ & $-0.0456047$ & $-0.242546$ & $-0.0191863$ & $-0.534791$ & $0.226778$ & $0.337784$ & $-0.00219369$ & $0.0577759$ & $0.0112557$ & $-0.0887286$ & $0.0744001$ & $0.288033$ & $-0.0136407$ & $0.00542015$ & $-0.0621239$ & $-0.010943$ & $0.0491808$ & $0.0307473$ & $-0.0154306$ & $-0.0196851$ & $-0.0386864$ & $0.00101303$ & $-0.0121649$ & $0.0381525$ & $-0.0428451$ & $0.00672648$ & $1.78894e-05$ \\
CHe_22 & $-0.0299707$ & $-0.0501275$ & $0.0350944$ & $-0.0170857$ & $-0.00813445$ & $-0.199524$ & $-0.0919647$ & $0.896536$ & $0.877494$ & $-0.350441$ & $-0.991211$ & $-0.270298$ & $0.19872$ & $0.46696$ & $0.346222$ & $0.351808$ & $0.168152$ & $-0.0728724$ & $-0.079505$ & $0.972395$ & $1$ & $0.974118$ & $0.00349418$ & $-0.351953$ & $-0.0341621$ & $-0.545391$ & $0.380542$ & $0.343312$ & $0.000536168$ & $0.052596$ & $0.0135789$ & $-0.0950839$ & $0.080245$ & $0.453789$ & $-0.0166949$ & $0.0150399$ & $-0.0621222$ & $-0.0222065$ & $0.0529245$ & $0.0176348$ & $-0.0147568$ & $-0.0184913$ & $-0.0351929$ & $0.000917337$ & $-0.0153525$ & $0.0500913$ & $-0.0404866$ & $0.0154795$ & $-0.0017106$ \\
CHe_33 & $-0.0353687$ & $-0.047192$ & $0.0399083$ & $-0.00792856$ & $-0.00735458$ & $-0.193901$ & $-0.0928951$ & $0.878819$ & $0.860348$ & $-0.35058$ & $-0.968733$ & $-0.2673$ & $0.194491$ & $0.44882$ & $0.335679$ & $0.367968$ & $0.161161$ & $-0.072244$ & $-0.077555$ & $0.950588$ & $0.974118$ & $1$ & $0.00667177$ & $-0.346756$ & $-0.0367459$ & $-0.537382$ & $0.372776$ & $0.339839$ & $-0.000497029$ & $0.0506783$ & $0.00756371$ & $-0.0968211$ & $0.0743188$ & $0.451376$ & $-0.0177725$ & $0.0200508$ & $-0.0577202$ & $-0.0117166$ & $0.0504624$ & $0.017794$ & $-0.0211287$ & $-0.0247023$ & $-0.0327639$ & $0.0145344$ & $-0.0190398$ & $0.043365$ & $-0.0442894$ & $0.00835711$ & $-0.00637272$ \\
CHQ1_11 & $-0.027689$ & $-0.000370641$ & $0.0190625$ & $0.0110496$ & $-0.028894$ & $0.00645948$ & $0.0010245$ & $0.0324313$ & $0.0289739$ & $-0.031513$ & $0.0232544$ & $-0.00985974$ & $0.0195567$ & $-0.088932$ & $-0.191984$ & $-0.175869$ & $-0.0803438$ & $0.0177992$ & $0.010101$ & $-0.0456047$ & $0.00349418$ & $0.00667177$ & $1$ & $-0.112207$ & $0.0684864$ & $-0.672316$ & $0.323386$ & $-0.00270576$ & $0.025056$ & $0.00749105$ & $9.87968e-05$ & $-0.00117503$ & $-0.00899928$ & $0.186563$ & $-0.0343723$ & $0.0592413$ & $-0.0299793$ & $-0.0159654$ & $0.0214$ & $0.0169304$ & $0.0103708$ & $0.00406635$ & $-0.0203572$ & $0.0532187$ & $0.00312787$ & $0.000262138$ & $-0.00306168$ & $0.0153602$ & $-0.0174372$ \\
CHQ1_33 & $0.000625815$ & $0.0309693$ & $-0.020613$ & $0.00974439$ & $-0.0096254$ & $-0.0242433$ & $0.11546$ & $-0.666792$ & $-0.660538$ & $0.564206$ & $0.296663$ & $0.0745666$ & $-0.410915$ & $0.476844$ & $0.103524$ & $0.114882$ & $0.698201$ & $0.637104$ & $0.625285$ & $-0.242546$ & $-0.351953$ & $-0.346756$ & $-0.112207$ & $1$ & $0.656649$ & $0.170349$ & $-0.430134$ & $-0.0195775$ & $-0.0196665$ & $-0.117348$ & $-0.0464239$ & $0.0997334$ & $-0.160345$ & $-0.623184$ & $-0.00908066$ & $0.00711083$ & $0.0571689$ & $-0.00153654$ & $-0.00138053$ & $0.0168664$ & $-0.0109415$ & $-0.00376152$ & $-0.00442878$ & $-0.0154953$ & $-0.0100706$ & $-0.0424545$ & $0.00135913$ & $-0.0354598$ & $-0.00708454$ \\
CHQ3_11 & $-0.0372208$ & $0.0187165$ & $0.0344504$ & $0.0479046$ & $-0.0143424$ & $-0.121841$ & $0.0922553$ & $-0.411801$ & $-0.411096$ & $0.497436$ & $0.027333$ & $-0.0602891$ & $-0.362969$ & $0.597512$ & $-0.126431$ & $-0.106745$ & $0.787708$ & $0.798658$ & $0.788635$ & $-0.0191863$ & $-0.0341621$ & $-0.0367459$ & $0.0684864$ & $0.656649$ & $1$ & $0.0166676$ & $0.188532$ & $-0.0139003$ & $-0.00102143$ & $-0.122542$ & $-0.0413755$ & $0.0710391$ & $-0.153728$ & $-0.212341$ & $-0.00525937$ & $0.053715$ & $0.0714372$ & $-0.0236699$ & $0.0074837$ & $-0.0025521$ & $-0.0293876$ & $0.0190851$ & $0.0116706$ & $-0.00107785$ & $-0.00462223$ & $-0.00499045$ & $-0.030133$ & $-0.0271445$ & $-0.0106632$ \\
CHu_11 & $0.00789601$ & $0.0233382$ & $-0.0187392$ & $0.0300848$ & $0.0326143$ & $0.106142$ & $0.0385104$ & $-0.487988$ & $-0.475861$ & $0.185136$ & $0.543858$ & $0.142189$ & $-0.0960453$ & $-0.262824$ & $-0.189146$ & $-0.19184$ & $-0.0953896$ & $0.0306353$ & $0.0369644$ & $-0.534791$ & $-0.545391$ & $-0.537382$ & $-0.672316$ & $0.170349$ & $0.0166676$ & $1$ & $-0.18086$ & $-0.188906$ & $-0.0135413$ & $-0.0417066$ & $-0.0126164$ & $0.0383545$ & $-0.0363012$ & $-0.246837$ & $0.0363125$ & $-0.0227971$ & $0.0685049$ & $0.0327066$ & $-0.0304378$ & $-0.0215176$ & $-0.00219362$ & $0.0312489$ & $0.0455443$ & $-0.0437246$ & $0.0145397$ & $-0.00661817$ & $0.0363743$ & $-0.0226185$ & $0.00979208$ \\
CHd_11 & $-0.0232556$ & $-0.0179861$ & $0.0815226$ & $0.0534074$ & $-0.00468105$ & $-0.0728531$ & $-0.0584669$ & $0.430122$ & $0.421869$ & $-0.224961$ & $-0.300135$ & $-0.133811$ & $0.181846$ & $-0.10294$ & $-0.379831$ & $-0.360655$ & $-0.157664$ & $-0.0165948$ & $-0.0153011$ & $0.226778$ & $0.380542$ & $0.372776$ & $0.323386$ & $-0.430134$ & $0.188532$ & $-0.18086$ & $1$ & $0.0969822$ & $0.00990278$ & $0.0188608$ & $0.0104875$ & $-0.0602238$ & $0.0567674$ & $0.681352$ & $-0.0124663$ & $0.0625031$ & $-0.0236992$ & $-0.03738$ & $0.0406173$ & $-0.0391603$ & $0.0100665$ & $0.00824594$ & $-0.0144499$ & $0.00924713$ & $-0.0213516$ & $0.0745146$ & $-0.0359189$ & $0.0479267$ & $-0.00726462$ \\
CHd_33 & $0.00318368$ & $-0.0298662$ & $-0.00123024$ & $-0.0313062$ & $0.0249879$ & $-0.0253407$ & $-0.0107504$ & $0.306795$ & $0.298663$ & $-0.101367$ & $-0.343742$ & $-0.0826267$ & $0.0661323$ & $0.183103$ & $0.128697$ & $0.131187$ & $0.0571107$ & $-0.0217075$ & $-0.0246641$ & $0.337784$ & $0.343312$ & $0.339839$ & $-0.00270576$ & $-0.0195775$ & $-0.0139003$ & $-0.188906$ & $0.0969822$ & $1$ & $-0.0244139$ & $0.0246179$ & $-0.0127049$ & $-0.0129546$ & $0.0214954$ & $0.141684$ & $-0.0157794$ & $0.03191$ & $-0.0459538$ & $-0.0291653$ & $0.0322902$ & $0.0316761$ & $0.00579896$ & $-0.0102608$ & $-0.0624729$ & $-0.0220911$ & $0.023087$ & $0.0383578$ & $-0.0499889$ & $-0.0143042$ & $-0.00556762$ \\
CeH_22r & $-0.0315639$ & $-0.000468081$ & $0.0127191$ & $-0.0444826$ & $-0.00912936$ & $0.00540861$ & $-0.0150143$ & $0.00356304$ & $0.00739642$ & $0.0205258$ & $0.00036817$ & $0.0612339$ & $0.0401887$ & $-0.00776202$ & $-0.00356095$ & $-0.017702$ & $-0.00771389$ & $-0.00714785$ & $-0.000178747$ & $-0.00219369$ & $0.000536168$ & $-0.000497029$ & $0.025056$ & $-0.0196665$ & $-0.00102143$ & $-0.0135413$ & $0.00990278$ & $-0.0244139$ & $1$ & $0.0314621$ & $0.0753673$ & $-0.021135$ & $0.0451955$ & $0.00463494$ & $0.00442607$ & $-0.0173371$ & $0.00181808$ & $-0.0198472$ & $-0.0334687$ & $-0.017353$ & $-0.0512456$ & $0.00774892$ & $-0.0262096$ & $0.023071$ & $0.0382805$ & $-0.0586237$ & $0.0263008$ & $-0.0142769$ & $-0.0229935$ \\
CeH_33r & $0.00279351$ & $-0.00900289$ & $-0.00127267$ & $0.0323735$ & $-0.00212275$ & $0.0177833$ & $-0.14922$ & $0.107169$ & $0.128415$ & $-0.139687$ & $-0.0546231$ & $0.226394$ & $0.289078$ & $-0.0707642$ & $0.0570095$ & $0.0295015$ & $-0.113047$ & $-0.135931$ & $-0.120205$ & $0.0577759$ & $0.052596$ & $0.0506783$ & $0.00749105$ & $-0.117348$ & $-0.122542$ & $-0.0417066$ & $0.0188608$ & $0.0246179$ & $0.0314621$ & $1$ & $0.317897$ & $0.0112365$ & $0.692559$ & $0.0361234$ & $-0.0235494$ & $-0.0273642$ & $-0.0925754$ & $0.00146921$ & $-0.0209231$ & $0.0134159$ & $-0.00482938$ & $-0.021061$ & $-0.00921554$ & $0.0298994$ & $0.0763762$ & $-0.0176568$ & $-0.0080022$ & $0.00286803$ & $0.0552922$ \\
CuH_22r & $-0.0304161$ & $0.0131958$ & $0.00653215$ & $-0.0758449$ & $0.00665096$ & $0.000515109$ & $-0.0639676$ & $0.0334471$ & $0.0482778$ & $-0.0450486$ & $-0.0121633$ & $0.070815$ & $0.119938$ & $-0.039649$ & $0.0194122$ & $-0.0123784$ & $-0.033202$ & $-0.0534231$ & $-0.0362487$ & $0.0112557$ & $0.0135789$ & $0.00756371$ & $9.87968e-05$ & $-0.0464239$ & $-0.0413755$ & $-0.0126164$ & $0.0104875$ & $-0.0127049$ & $0.0753673$ & $0.317897$ & $1$ & $0.0260058$ & $0.384652$ & $0.0160462$ & $-0.00646167$ & $-0.0179741$ & $-0.0216003$ & $-0.0871848$ & $-0.0638216$ & $-0.0611423$ & $-0.0494199$ & $0.00925218$ & $0.0347662$ & $-0.00757499$ & $-0.043144$ & $-0.0211772$ & $0.218476$ & $-0.0532048$ & $0.0171188$ \\
CuH_33r & $-0.00476524$ & $-0.0011246$ & $0.0236917$ & $-0.025865$ & $0.00516273$ & $0.036629$ & $0.933161$ & $-0.120016$ & $-0.0789256$ & $0.097824$ & $0.0918229$ & $0.0454285$ & $-0.269418$ & $0.0300563$ & $-0.0295027$ & $-0.0411193$ & $0.0527264$ & $0.0759149$ & $0.0771505$ & $-0.0887286$ & $-0.0950839$ & $-0.0968211$ & $-0.00117503$ & $0.0997334$ & $0.0710391$ & $0.0383545$ & $-0.0602238$ & $-0.0129546$ & $-0.021135$ & $0.0112365$ & $0.0260058$ & $1$ & $-0.00402136$ & $-0.0763126$ & $-0.0104774$ & $0.0251335$ & $-0.0260111$ & $-0.0176528$ & $0.0240012$ & $-0.011008$ & $-0.0319018$ & $0.0283006$ & $0.00146066$ & $0.0769845$ & $-0.0246349$ & $-0.0478393$ & $0.0409947$ & $-0.0381208$ & $-0.023297$ \\
CdH_33r & $0.105969$ & $-0.0418661$ & $0.0393294$ & $0.00930793$ & $0.00306378$ & $-0.0135423$ & $-0.197428$ & $0.14532$ & $0.163618$ & $-0.16123$ & $-0.0779356$ & $0.263655$ & $0.363206$ & $-0.0921964$ & $0.0343351$ & $0.019601$ & $-0.133805$ & $-0.150601$ & $-0.144327$ & $0.0744001$ & $0.080245$ & $0.0743188$ & $-0.00899928$ & $-0.160345$ & $-0.153728$ & $-0.0363012$ & $0.0567674$ & $0.0214954$ & $0.0451955$ & $0.692559$ & $0.384652$ & $-0.00402136$ & $1$ & $0.0880643$ & $-0.0839687$ & $-0.0623694$ & $-0.22296$ & $-0.0222114$ & $0.0764466$ & $0.0435246$ & $0.0217423$ & $-0.0231207$ & $-0.0602022$ & $-0.0266971$ & $0.026955$ & $0.0580995$ & $-0.0096976$ & $0.118351$ & $0.374838$ \\
CLL_1221 & $-0.0348573$ & $-0.00494159$ & $0.0282736$ & $0.00638162$ & $-0.0163342$ & $-0.102317$ & $-0.0771651$ & $0.561985$ & $0.545338$ & $-0.343672$ & $-0.369044$ & $-0.158415$ & $0.230337$ & $-0.216684$ & $-0.584034$ & $-0.0869988$ & $-0.244991$ & $0.0262658$ & $-0.345636$ & $0.288033$ & $0.453789$ & $0.451376$ & $0.186563$ & $-0.623184$ & $-0.212341$ & $-0.246837$ & $0.681352$ & $0.141684$ & $0.00463494$ & $0.0361234$ & $0.0160462$ & $-0.0763126$ & $0.0880643$ & $1$ & $-0.01984$ & $0.022387$ & $-0.046592$ & $-0.0353823$ & $0.0298405$ & $-0.0105914$ & $0.00332656$ & $0.000222857$ & $-0.0223753$ & $0.0115157$ & $-0.0136923$ & $0.0417806$ & $-0.00985049$ & $0.0193368$ & $0.0135972$ \\
eHggint & $0.152889$ & $0.203547$ & $0.407558$ & $-0.027865$ & $-0.00604937$ & $0.00927567$ & $-0.0554057$ & $-0.0200904$ & $-0.0312159$ & $0.0710467$ & $0.0199289$ & $0.116445$ & $0.0310769$ & $-0.0163356$ & $0.0167205$ & $-0.00241147$ & $0.00610618$ & $-0.0138405$ & $0.0068343$ & $-0.0136407$ & $-0.0166949$ & $-0.0177725$ & $-0.0343723$ & $-0.00908066$ & $-0.00525937$ & $0.0363125$ & $-0.0124663$ & $-0.0157794$ & $0.00442607$ & $-0.0235494$ & $-0.00646167$ & $-0.0104774$ & $-0.0839687$ & $-0.01984$ & $1$ & $-0.213773$ & $-0.0211519$ & $0.0581702$ & $-0.290042$ & $-0.0533969$ & $0.161405$ & $0.0332775$ & $0.0722048$ & $0.035511$ & $-0.0441812$ & $0.237493$ & $0.0622921$ & $0.0256858$ & $-0.20893$ \\
eHggpar & $-0.257486$ & $-0.127976$ & $-0.0150579$ & $0.23177$ & $-0.0105365$ & $0.0357609$ & $-0.00880509$ & $0.0111614$ & $0.00657892$ & $0.00169145$ & $-0.0116916$ & $-0.0204357$ & $0.0152771$ & $0.0154121$ & $-0.0196951$ & $-0.0413193$ & $0.0131921$ & $0.0166924$ & $0.0357327$ & $0.00542015$ & $0.0150399$ & $0.0200508$ & $0.0592413$ & $0.00711083$ & $0.053715$ & $-0.0227971$ & $0.0625031$ & $0.03191$ & $-0.0173371$ & $-0.0273642$ & $-0.0179741$ & $0.0251335$ & $-0.0623694$ & $0.022387$ & $-0.213773$ & $1$ & $0.0646366$ & $0.070874$ & $0.0702306$ & $-0.0643436$ & $-0.0239329$ & $0.0448521$ & $0.092902$ & $0.0524091$ & $-0.000561226$ & $-0.0869$ & $0.0101851$ & $-0.0673627$ & $-0.130492$ \\
eHWWint & $-0.181574$ & $0.00414107$ & $-0.120616$ & $0.00354735$ & $0.010909$ & $0.0589321$ & $-0.0115814$ & $-0.0809765$ & $-0.0854554$ & $0.0475843$ & $0.0609689$ & $0.0140096$ & $-0.0456023$ & $0.0242944$ & $-0.0276401$ & $-0.0339118$ & $0.0375367$ & $0.0564268$ & $0.062741$ & $-0.0621239$ & $-0.0621222$ & $-0.0577202$ & $-0.0299793$ & $0.0571689$ & $0.0714372$ & $0.0685049$ & $-0.0236992$ & $-0.0459538$ & $0.00181808$ & $-0.0925754$ & $-0.0216003$ & $-0.0260111$ & $-0.22296$ & $-0.046592$ & $-0.0211519$ & $0.0646366$ & $1$ & $-0.0663076$ & $0.0432116$ & $-0.0676056$ & $-0.0218714$ & $0.0922337$ & $0.151632$ & $-0.166582$ & $-0.0103072$ & $-0.0855641$ & $0.0632982$ & $-0.16739$ & $-0.260726$ \\
eHWWpar & $0.0230734$ & $0.062839$ & $0.0241609$ & $0.0640952$ & $0.0134632$ & $-0.0166623$ & $-0.0204595$ & $-0.0142658$ & $-0.0112504$ & $0.00924637$ & $0.0181372$ & $0.0406776$ & $-0.0129191$ & $-0.0162025$ & $0.0279506$ & $0.0452974$ & $-0.0174059$ & $-0.0252089$ & $-0.0267175$ & $-0.010943$ & $-0.0222065$ & $-0.0117166$ & $-0.0159654$ & $-0.00153654$ & $-0.0236699$ & $0.0327066$ & $-0.03738$ & $-0.0291653$ & $-0.0198472$ & $0.00146921$ & $-0.0871848$ & $-0.0176528$ & $-0.0222114$ & $-0.0353823$ & $0.0581702$ & $0.070874$ & $-0.0663076$ & $1$ & $-0.0604798$ & $0.0278356$ & $0.00555882$ & $-0.0194245$ & $0.0765503$ & $0.0947983$ & $0.0403016$ & $-0.035764$ & $-0.0372034$ & $-0.00469324$ & $-0.0128432$ \\
eHZZint & $0.0549217$ & $-0.0467764$ & $-0.00183041$ & $-0.0962087$ & $-0.00771715$ & $-0.0102933$ & $0.0292152$ & $0.0448703$ & $0.0397797$ & $-0.0333011$ & $-0.0525757$ & $-0.0578039$ & $-0.0150815$ & $0.0270192$ & $0.0126457$ & $0.00797911$ & $0.0231857$ & $0.00552949$ & $0.0105965$ & $0.0491808$ & $0.0529245$ & $0.0504624$ & $0.0214$ & $-0.00138053$ & $0.0074837$ & $-0.0304378$ & $0.0406173$ & $0.0322902$ & $-0.0334687$ & $-0.0209231$ & $-0.0638216$ & $0.0240012$ & $0.0764466$ & $0.0298405$ & $-0.290042$ & $0.0702306$ & $0.0432116$ & $-0.0604798$ & $1$ & $0.00661778$ & $0.104131$ & $-0.0413851$ & $-0.196866$ & $-0.154585$ & $-0.128244$ & $0.0944503$ & $-0.132175$ & $0.22235$ & $0.241265$ \\
eHZZpar & $0.0328349$ & $-0.0673565$ & $-0.0918051$ & $0.0154581$ & $0.00880742$ & $-0.0255528$ & $-0.0169417$ & $0.00755082$ & $0.00456604$ & $-0.021194$ & $-0.0246189$ & $-0.0201569$ & $-0.0169781$ & $0.0272009$ & $0.0159913$ & $0.0590877$ & $0.0238256$ & $0.0233044$ & $-0.010762$ & $0.0307473$ & $0.0176348$ & $0.017794$ & $0.0169304$ & $0.0168664$ & $-0.0025521$ & $-0.0215176$ & $-0.0391603$ & $0.0316761$ & $-0.017353$ & $0.0134159$ & $-0.0611423$ & $-0.011008$ & $0.0435246$ & $-0.0105914$ & $-0.0533969$ & $-0.0643436$ & $-0.0676056$ & $0.0278356$ & $0.00661778$ & $1$ & $0.00979607$ & $0.017401$ & $0.00319081$ & $0.0735987$ & $0.0375374$ & $0.00548794$ & $-0.0288114$ & $-0.0225083$ & $0.150323$ \\
eHZgaint & $-0.10255$ & $0.0731394$ & $-0.171541$ & $0.197013$ & $0.0444787$ & $0.0158919$ & $-0.0377133$ & $0.00293219$ & $-0.00149883$ & $-0.0467545$ & $0.0176804$ & $-0.0129664$ & $0.0373759$ & $-0.0251644$ & $-0.0148463$ & $-0.026291$ & $-0.0577446$ & $-0.0321042$ & $-0.0298231$ & $-0.0154306$ & $-0.0147568$ & $-0.0211287$ & $0.0103708$ & $-0.0109415$ & $-0.0293876$ & $-0.00219362$ & $0.0100665$ & $0.00579896$ & $-0.0512456$ & $-0.00482938$ & $-0.0494199$ & $-0.0319018$ & $0.0217423$ & $0.00332656$ & $0.161405$ & $-0.0239329$ & $-0.0218714$ & $0.00555882$ & $0.104131$ & $0.00979607$ & $1$ & $0.00344234$ & $-0.172317$ & $-0.211788$ & $-0.0568612$ & $0.188156$ & $-0.0804894$ & $0.183863$ & $-0.0023989$ \\
eHZgapar & $-0.0102327$ & $0.0341271$ & $-0.034047$ & $0.0443078$ & $0.0019603$ & $-0.0137013$ & $0.0195885$ & $-0.0234204$ & $-0.0217606$ & $0.0291633$ & $0.0206076$ & $0.0179372$ & $0.00961285$ & $0.00175119$ & $-0.0311012$ & $-0.0237362$ & $-0.00205829$ & $0.0226514$ & $0.0115363$ & $-0.0196851$ & $-0.0184913$ & $-0.0247023$ & $0.00406635$ & $-0.00376152$ & $0.0190851$ & $0.0312489$ & $0.00824594$ & $-0.0102608$ & $0.00774892$ & $-0.021061$ & $0.00925218$ & $0.0283006$ & $-0.0231207$ & $0.000222857$ & $0.0332775$ & $0.0448521$ & $0.0922337$ & $-0.0194245$ & $-0.0413851$ & $0.017401$ & $0.00344234$ & $1$ & $0.0537154$ & $0.00254969$ & $0.053964$ & $-0.0180882$ & $0.0321715$ & $-0.0453369$ & $-0.0503278$ \\
eHgagaint & $-0.150917$ & $0.0531394$ & $-0.176836$ & $0.109627$ & $0.0418486$ & $0.000975178$ & $-0.000400687$ & $-0.034354$ & $0.0159152$ & $0.0643184$ & $0.0381394$ & $0.058763$ & $0.00112397$ & $-0.0103523$ & $-0.00853129$ & $-0.042964$ & $-0.00501659$ & $-0.00321957$ & $0.0255823$ & $-0.0386864$ & $-0.0351929$ & $-0.0327639$ & $-0.0203572$ & $-0.00442878$ & $0.0116706$ & $0.0455443$ & $-0.0144499$ & $-0.0624729$ & $-0.0262096$ & $-0.00921554$ & $0.0347662$ & $0.00146066$ & $-0.0602022$ & $-0.0223753$ & $0.0722048$ & $0.092902$ & $0.151632$ & $0.0765503$ & $-0.196866$ & $0.00319081$ & $-0.172317$ & $0.0537154$ & $1$ & $0.0501025$ & $-0.00623149$ & $0.0976954$ & $0.30649$ & $-0.213306$ & $-0.0837251$ \\
eHmumuint & $-0.101621$ & $0.122536$ & $0.0268238$ & $0.0180521$ & $0.0149611$ & $0.0192541$ & $0.0630052$ & $0.00396542$ & $0.00791512$ & $-0.0235691$ & $0.00333617$ & $-0.0177763$ & $0.0102533$ & $-0.0190998$ & $0.000925296$ & $-0.000778328$ & $-0.00763546$ & $-0.0125975$ & $0.000873352$ & $0.00101303$ & $0.000917337$ & $0.0145344$ & $0.0532187$ & $-0.0154953$ & $-0.00107785$ & $-0.0437246$ & $0.00924713$ & $-0.0220911$ & $0.023071$ & $0.0298994$ & $-0.00757499$ & $0.0769845$ & $-0.0266971$ & $0.0115157$ & $0.035511$ & $0.0524091$ & $-0.166582$ & $0.0947983$ & $-0.154585$ & $0.0735987$ & $-0.211788$ & $0.00254969$ & $0.0501025$ & $1$ & $-0.0998606$ & $-0.188301$ & $0.0117908$ & $-0.105183$ & $-0.145551$ \\
eHtautauint & $-0.13753$ & $-0.124727$ & $-0.0360736$ & $0.038276$ & $0.026011$ & $0.0293225$ & $-0.0224908$ & $-0.00628992$ & $-0.00279397$ & $0.0171218$ & $0.013717$ & $0.0534482$ & $-0.00211515$ & $-0.0131935$ & $-0.000768009$ & $0.0134445$ & $-0.0181813$ & $-0.00998353$ & $-0.0232444$ & $-0.0121649$ & $-0.0153525$ & $-0.0190398$ & $0.00312787$ & $-0.0100706$ & $-0.00462223$ & $0.0145397$ & $-0.0213516$ & $0.023087$ & $0.0382805$ & $0.0763762$ & $-0.043144$ & $-0.0246349$ & $0.026955$ & $-0.0136923$ & $-0.0441812$ & $-0.000561226$ & $-0.0103072$ & $0.0403016$ & $-0.128244$ & $0.0375374$ & $-0.0568612$ & $0.053964$ & $-0.00623149$ & $-0.0998606$ & $1$ & $0.00232492$ & $-0.184463$ & $0.0436226$ & $0.0113846$ \\
eHccint & $0.0946775$ & $0.0289412$ & $0.0314897$ & $0.0200812$ & $-0.0464403$ & $-0.0454907$ & $-0.0526512$ & $0.0533511$ & $0.0545845$ & $-0.0118086$ & $-0.0445659$ & $0.000518456$ & $0.016178$ & $-0.00890425$ & $0.00636606$ & $-0.0389447$ & $-0.00711579$ & $-0.0285737$ & $0.00589429$ & $0.0381525$ & $0.0500913$ & $0.043365$ & $0.000262138$ & $-0.0424545$ & $-0.00499045$ & $-0.00661817$ & $0.0745146$ & $0.0383578$ & $-0.0586237$ & $-0.0176568$ & $-0.0211772$ & $-0.0478393$ & $0.0580995$ & $0.0417806$ & $0.237493$ & $-0.0869$ & $-0.0855641$ & $-0.035764$ & $0.0944503$ & $0.00548794$ & $0.188156$ & $-0.0180882$ & $0.0976954$ & $-0.188301$ & $0.00232492$ & $1$ & $-0.154749$ & $0.201948$ & $0.159758$ \\
eHccpar & $-0.165695$ & $0.0309742$ & $-0.0749008$ & $-0.184477$ & $0.0336614$ & $0.0410061$ & $0.0441644$ & $-0.0263483$ & $-0.0151782$ & $0.0173321$ & $0.0410466$ & $0.0227034$ & $-0.0211093$ & $-0.0244885$ & $-0.0118493$ & $-0.000835714$ & $-0.0272407$ & $-0.015785$ & $-0.0247779$ & $-0.0428451$ & $-0.0404866$ & $-0.0442894$ & $-0.00306168$ & $0.00135913$ & $-0.030133$ & $0.0363743$ & $-0.0359189$ & $-0.0499889$ & $0.0263008$ & $-0.0080022$ & $0.218476$ & $0.0409947$ & $-0.0096976$ & $-0.00985049$ & $0.0622921$ & $0.0101851$ & $0.0632982$ & $-0.0372034$ & $-0.132175$ & $-0.0288114$ & $-0.0804894$ & $0.0321715$ & $0.30649$ & $0.0117908$ & $-0.184463$ & $-0.154749$ & $1$ & $-0.195157$ & $0.0643998$ \\
eHbbint & $0.425728$ & $0.00550612$ & $0.302599$ & $-0.00522971$ & $-0.00149246$ & $-0.0548452$ & $-0.039798$ & $0.0220257$ & $0.0165394$ & $0.0158345$ & $-0.0123398$ & $0.0286618$ & $0.0156583$ & $-0.0253336$ & $0.00850052$ & $-0.0352278$ & $-0.00354513$ & $-0.0289784$ & $-0.00153992$ & $0.00672648$ & $0.0154795$ & $0.00835711$ & $0.0153602$ & $-0.0354598$ & $-0.0271445$ & $-0.0226185$ & $0.0479267$ & $-0.0143042$ & $-0.0142769$ & $0.00286803$ & $-0.0532048$ & $-0.0381208$ & $0.118351$ & $0.0193368$ & $0.0256858$ & $-0.0673627$ & $-0.16739$ & $-0.00469324$ & $0.22235$ & $-0.0225083$ & $0.183863$ & $-0.0453369$ & $-0.213306$ & $-0.105183$ & $0.0436226$ & $0.201948$ & $-0.195157$ & $1$ & $-0.0191254$ \\
eHbbpar & $0.064795$ & $-0.101174$ & $-0.0858678$ & $-0.00685183$ & $-0.0170685$ & $-0.0305497$ & $-0.0178734$ & $0.00248514$ & $-0.000726988$ & $-0.00783298$ & $-0.00155893$ & $-0.0129515$ & $-0.0221862$ & $0.00339549$ & $-0.019677$ & $0.00848455$ & $-0.00722314$ & $0.0147802$ & $-0.00811886$ & $1.78894e-05$ & $-0.0017106$ & $-0.00637272$ & $-0.0174372$ & $-0.00708454$ & $-0.0106632$ & $0.00979208$ & $-0.00726462$ & $-0.00556762$ & $-0.0229935$ & $0.0552922$ & $0.0171188$ & $-0.023297$ & $0.374838$ & $0.0135972$ & $-0.20893$ & $-0.130492$ & $-0.260726$ & $-0.0128432$ & $0.241265$ & $0.150323$ & $-0.0023989$ & $-0.0503278$ & $-0.0837251$ & $-0.145551$ & $0.0113846$ & $0.159758$ & $0.0643998$ & $-0.0191254$ & $1$ \\
