 & AlsMz & dAle5Mz & mtop & mHl & Mz & CW & CHG & CHWB & CHWHB_gaga & CHWHB_gagaorth & CHD & CHbox & CH & CHL1_11 & CHL1_22 & CHL1_33 & CHL3_11 & CHL3_22 & CHL3_33 & CHe_11 & CHe_22 & CHe_33 & CHQ1_11 & CHQ1_33 & CHQ3_11 & CHu_11 & CHd_11 & CHd_33 & CeH_22r & CeH_33r & CuH_22r & CuH_33r & CdH_33r & CLL_1221 & eHggint & eHggpar & eHWWint & eHWWpar & eHZZint & eHZZpar & eHZgaint & eHZgapar & eHgagaint & eHmumuint & eHtautauint & eHccint & eHccpar & eHbbint & eHbbpar \\
AlsMz & $1$ & $-0.0363889$ & $-0.0994932$ & $-0.160787$ & $-0.0043734$ & $0.035869$ & $-0.0270147$ & $-0.0330746$ & $-0.0582937$ & $0.044135$ & $0.0225681$ & $0.0164416$ & $-0.00806179$ & $0.00812497$ & $-0.00395522$ & $-0.027214$ & $-0.0064253$ & $0.00782259$ & $0.0338249$ & $-0.030333$ & $-0.0329742$ & $-0.0278614$ & $0.00531018$ & $-0.052705$ & $-0.0788845$ & $-0.0132354$ & $-0.029715$ & $-0.0328748$ & $-0.0519822$ & $-0.0865261$ & $-0.0588998$ & $-0.0264965$ & $-0.10797$ & $-0.0341647$ & $0.200658$ & $0.0355251$ & $0.352708$ & $-0.0284586$ & $-0.0951326$ & $-0.0102896$ & $-0.128986$ & $-0.000312615$ & $-0.185287$ & $-0.13642$ & $-0.0932979$ & $0.1193$ & $-0.0380507$ & $-0.102174$ & $0.00788427$ \\
dAle5Mz & $-0.0363889$ & $1$ & $0.132074$ & $-0.162511$ & $-0.00880045$ & $0.0238946$ & $0.0171197$ & $-0.120642$ & $-0.11886$ & $0.080971$ & $0.106207$ & $0.0227375$ & $-0.0178641$ & $-0.0350734$ & $-0.0344469$ & $-0.0391574$ & $0.0202123$ & $0.0287905$ & $0.0265181$ & $-0.0849327$ & $-0.0844139$ & $-0.0837246$ & $0.0351256$ & $0.0479902$ & $0.0355539$ & $0.0154101$ & $-0.0213682$ & $-0.0383579$ & $0.00603871$ & $-0.0288492$ & $-0.00944289$ & $0.0103995$ & $0.0622799$ & $-0.0110948$ & $-0.0765606$ & $-0.0351453$ & $0.0992565$ & $0.0388067$ & $-0.0571528$ & $-0.01683$ & $0.0148853$ & $0.0256379$ & $-0.063865$ & $-0.214638$ & $0.0457672$ & $0.0193322$ & $0.00817711$ & $0.175558$ & $0.210995$ \\
mtop & $-0.0994932$ & $0.132074$ & $1$ & $0.0740083$ & $0.0305738$ & $0.0127872$ & $0.023959$ & $0.0330911$ & $0.0450142$ & $-0.039095$ & $-0.018028$ & $-0.0159855$ & $0.00385501$ & $-0.00285095$ & $-0.015735$ & $0.0026811$ & $-0.0242911$ & $-0.0095322$ & $-0.0297239$ & $0.0252181$ & $0.030782$ & $0.0232973$ & $0.0239184$ & $-0.0104257$ & $-0.0230659$ & $-0.0404746$ & $0.0151464$ & $0.0356568$ & $-0.0148651$ & $0.00480716$ & $-0.00790328$ & $0.0188319$ & $0.0346302$ & $0.0437038$ & $-0.107307$ & $0.0660849$ & $-0.0197791$ & $-0.0267374$ & $0.0957477$ & $0.000748296$ & $0.00227647$ & $0.0759427$ & $0.0919816$ & $-0.0995693$ & $0.0985707$ & $-0.104835$ & $-0.0484876$ & $0.0284405$ & $0.0710431$ \\
mHl & $-0.160787$ & $-0.162511$ & $0.0740083$ & $1$ & $0.0422999$ & $-0.0241609$ & $-0.00441424$ & $0.0367526$ & $0.0390786$ & $-0.0121843$ & $-0.0114117$ & $0.0267077$ & $0.0223268$ & $-0.0238596$ & $0.0213602$ & $-0.0284548$ & $-0.0490488$ & $-0.0550468$ & $-0.013258$ & $0.0096757$ & $0.0131241$ & $0.015316$ & $0.00783464$ & $-0.0315097$ & $-0.0412955$ & $-0.0052665$ & $-0.000802571$ & $0.0269822$ & $0.00916639$ & $0.0514811$ & $0.0486201$ & $0.00990582$ & $0.0318346$ & $-0.00119409$ & $-0.0848424$ & $0.0207371$ & $-0.0473584$ & $-0.0158805$ & $0.167687$ & $0.00326202$ & $0.0474333$ & $-0.0285201$ & $-0.0452443$ & $0.104103$ & $-0.0289599$ & $0.121181$ & $0.0101694$ & $-0.103427$ & $-0.0319392$ \\
Mz & $-0.0043734$ & $-0.00880045$ & $0.0305738$ & $0.0422999$ & $1$ & $-0.0220263$ & $0.00458542$ & $0.020847$ & $0.0224144$ & $0.0113359$ & $-0.0250062$ & $-0.00971188$ & $-0.00335436$ & $0.028468$ & $0.0105616$ & $0.0168204$ & $0.025084$ & $0.0158566$ & $0.00915514$ & $0.0331615$ & $0.0334234$ & $0.0320457$ & $0.0280327$ & $0.00293244$ & $0.012409$ & $-0.0458753$ & $0.00258644$ & $0.0257156$ & $-0.000166825$ & $-0.0140762$ & $-0.0517312$ & $-0.000461079$ & $-0.0147035$ & $0.00895044$ & $-0.0103318$ & $-0.00276259$ & $-0.0383738$ & $-0.0213674$ & $0.0161173$ & $0.0156017$ & $-0.00796388$ & $0.0119066$ & $0.0426298$ & $0.0431734$ & $-0.0145683$ & $-0.0214192$ & $-0.0522058$ & $-0.00499758$ & $-0.0238014$ \\
CW & $0.035869$ & $0.0238946$ & $0.0127872$ & $-0.0241609$ & $-0.0220263$ & $1$ & $-0.00874479$ & $-0.139194$ & $-0.141908$ & $0.0223832$ & $0.202138$ & $0.0429692$ & $0.00480122$ & $0.00218081$ & $-0.0538015$ & $-0.059649$ & $-0.26544$ & $-0.0698994$ & $-0.060151$ & $-0.195221$ & $-0.207843$ & $-0.198202$ & $-0.0354963$ & $0.0138485$ & $-0.110239$ & $0.13536$ & $-0.11252$ & $-0.0573493$ & $-0.000199002$ & $-0.0143269$ & $-0.0223859$ & $-0.00147329$ & $-0.00468481$ & $-0.145556$ & $0.00361186$ & $0.0158969$ & $0.00245781$ & $-0.0268938$ & $-0.0133804$ & $0.00544953$ & $0.00374145$ & $0.0625853$ & $-0.0125949$ & $0.00524084$ & $0.0109179$ & $-0.0490562$ & $0.0210438$ & $-0.0160745$ & $0.0179837$ \\
CHG & $-0.0270147$ & $0.0171197$ & $0.023959$ & $-0.00441424$ & $0.00458542$ & $-0.00874479$ & $1$ & $-0.110712$ & $-0.0613515$ & $0.0680747$ & $0.0491906$ & $-0.31169$ & $-0.334537$ & $0.0991431$ & $-0.0302714$ & $-0.0249953$ & $0.118604$ & $0.139234$ & $0.132093$ & $-0.0460527$ & $-0.0505363$ & $-0.056902$ & $0.00733209$ & $0.12497$ & $0.122966$ & $0.0150955$ & $-0.0561455$ & $0.0139621$ & $-0.0149493$ & $-0.182722$ & $-0.119752$ & $0.934247$ & $-0.206252$ & $-0.0652108$ & $0.00264352$ & $0.039589$ & $-0.0262966$ & $0.0200408$ & $-0.0114877$ & $-0.00567206$ & $0.0261131$ & $-0.0289986$ & $0.0243071$ & $-0.0223908$ & $-0.0875138$ & $0.0104635$ & $-0.0140839$ & $0.0137503$ & $0.0473477$ \\
CHWB & $-0.0330746$ & $-0.120642$ & $0.0330911$ & $0.0367526$ & $0.020847$ & $-0.139194$ & $-0.110712$ & $1$ & $0.983837$ & $-0.590654$ & $-0.881678$ & $0.148898$ & $0.369121$ & $0.0865606$ & $0.272188$ & $0.310018$ & $-0.244569$ & $-0.426362$ & $-0.450864$ & $0.853417$ & $0.899057$ & $0.882591$ & $0.0558045$ & $-0.674227$ & $-0.404419$ & $-0.495023$ & $0.428479$ & $0.311699$ & $-0.00629677$ & $0.14596$ & $0.0397419$ & $-0.10467$ & $0.142254$ & $0.573425$ & $-0.035367$ & $0.0368048$ & $-0.0532128$ & $-0.00936361$ & $0.0239412$ & $0.00991829$ & $0.0622365$ & $0.000422356$ & $0.0190356$ & $0.0421837$ & $0.01523$ & $-0.0234548$ & $0.0133321$ & $0.0364088$ & $-0.0325254$ \\
CHWHB_gaga & $-0.0582937$ & $-0.11886$ & $0.0450142$ & $0.0390786$ & $0.0224144$ & $-0.141908$ & $-0.0613515$ & $0.983837$ & $1$ & $-0.585507$ & $-0.8634$ & $0.153052$ & $0.36271$ & $0.0765416$ & $0.266459$ & $0.308536$ & $-0.248088$ & $-0.425421$ & $-0.453434$ & $0.836083$ & $0.880572$ & $0.864971$ & $0.0588733$ & $-0.665153$ & $-0.402421$ & $-0.488224$ & $0.420464$ & $0.307701$ & $-0.000653326$ & $0.16702$ & $0.0496145$ & $-0.0615007$ & $0.166551$ & $0.565423$ & $-0.0341159$ & $0.0320648$ & $-0.0828372$ & $-0.0154287$ & $0.0289365$ & $0.0086262$ & $0.0689664$ & $0.000526407$ & $0.0795283$ & $0.0414284$ & $0.00973067$ & $-0.0197374$ & $0.00316814$ & $0.0395783$ & $-0.0368674$ \\
CHWHB_gagaorth & $0.044135$ & $0.080971$ & $-0.039095$ & $-0.0121843$ & $0.0113359$ & $0.0223832$ & $0.0680747$ & $-0.590654$ & $-0.585507$ & $1$ & $0.380042$ & $0.121991$ & $-0.277893$ & $0.22851$ & $-0.109028$ & $-0.147669$ & $0.434427$ & $0.478394$ & $0.500033$ & $-0.367368$ & $-0.397562$ & $-0.396041$ & $-0.0162271$ & $0.561668$ & $0.475267$ & $0.194129$ & $-0.245305$ & $-0.142765$ & $0.0234082$ & $-0.147234$ & $-0.0648022$ & $0.0849272$ & $-0.180154$ & $-0.369615$ & $0.0873361$ & $0.00391059$ & $0.047562$ & $-0.00529889$ & $0.0403039$ & $0.0038627$ & $-0.0934694$ & $-0.0117663$ & $-0.0213661$ & $-0.0161072$ & $-0.00356693$ & $0.0318464$ & $-0.00912824$ & $-0.0353109$ & $-0.00746313$ \\
CHD & $0.0225681$ & $0.106207$ & $-0.018028$ & $-0.0114117$ & $-0.0250062$ & $0.202138$ & $0.0491906$ & $-0.881678$ & $-0.8634$ & $0.380042$ & $1$ & $0.0249616$ & $-0.181122$ & $-0.49985$ & $-0.398463$ & $-0.426351$ & $-0.206861$ & $0.0680365$ & $0.0884118$ & $-0.990046$ & $-0.990993$ & $-0.970051$ & $-0.0223175$ & $0.314635$ & $0.0305341$ & $0.562612$ & $-0.305011$ & $-0.340758$ & $0.00591772$ & $-0.0910303$ & $-0.0122356$ & $0.0559985$ & $-0.0708654$ & $-0.380955$ & $0.0204541$ & $-0.0064882$ & $0.0416998$ & $-0.00056412$ & $-0.0216106$ & $-0.00772906$ & $-0.0557788$ & $0.00741137$ & $-0.00540183$ & $-0.0312621$ & $-0.0394613$ & $0.0183081$ & $-0.00374771$ & $-0.028467$ & $0.0563634$ \\
CHbox & $0.0164416$ & $0.0227375$ & $-0.0159855$ & $0.0267077$ & $-0.00971188$ & $0.0429692$ & $-0.31169$ & $0.148898$ & $0.153052$ & $0.121991$ & $0.0249616$ & $1$ & $0.837092$ & $-0.318901$ & $0.041859$ & $0.0168962$ & $-0.351242$ & $-0.357424$ & $-0.340396$ & $-0.0182069$ & $-0.0185794$ & $-0.0207524$ & $0.0196866$ & $-0.266212$ & $-0.336984$ & $0.00578501$ & $0.0401525$ & $0.00419422$ & $0.06872$ & $0.331469$ & $0.116231$ & $-0.219079$ & $0.40738$ & $0.0812566$ & $0.0930322$ & $0.0362208$ & $-0.0266539$ & $-0.0167316$ & $0.0344917$ & $-0.0152689$ & $-0.0453289$ & $-0.00122756$ & $0.00350742$ & $-0.000317258$ & $-0.0497806$ & $-0.0154102$ & $0.0108233$ & $-0.00263613$ & $0.00406069$ \\
CH & $-0.00806179$ & $-0.0178641$ & $0.00385501$ & $0.0223268$ & $-0.00335436$ & $0.00480122$ & $-0.334537$ & $0.369121$ & $0.36271$ & $-0.277893$ & $-0.181122$ & $0.837092$ & $1$ & $-0.266809$ & $0.069729$ & $0.0677172$ & $-0.376618$ & $-0.40688$ & $-0.40443$ & $0.175412$ & $0.195301$ & $0.190951$ & $0.0330467$ & $-0.407112$ & $-0.38848$ & $-0.104924$ & $0.161339$ & $0.0778541$ & $0.0421527$ & $0.28401$ & $0.112267$ & $-0.280131$ & $0.357849$ & $0.233593$ & $0.0287275$ & $0.019965$ & $-0.0374239$ & $-0.0181178$ & $0.00901611$ & $-0.00414739$ & $0.00395394$ & $0.0015287$ & $0.00743583$ & $0.00650316$ & $-0.0372523$ & $-0.0237191$ & $0.00621702$ & $0.0144375$ & $-0.00320412$ \\
CHL1_11 & $0.00812497$ & $-0.0350734$ & $-0.00285095$ & $-0.0238596$ & $0.028468$ & $0.00218081$ & $0.0991431$ & $0.0865606$ & $0.0765416$ & $0.22851$ & $-0.49985$ & $-0.318901$ & $-0.266809$ & $1$ & $0.268492$ & $0.261878$ & $0.66584$ & $0.597023$ & $0.597926$ & $0.517067$ & $0.459495$ & $0.444217$ & $-0.0386133$ & $0.472704$ & $0.594224$ & $-0.288801$ & $-0.093978$ & $0.155066$ & $-0.000504641$ & $-0.0708811$ & $-0.0547205$ & $0.0738991$ & $-0.109268$ & $-0.212794$ & $0.0236139$ & $-0.0415988$ & $-0.0107665$ & $0.0113369$ & $0.0125836$ & $0.0148542$ & $0.0167608$ & $0.00055996$ & $-0.0152048$ & $-0.00215283$ & $0.06468$ & $-0.00992062$ & $-0.0206638$ & $-0.0144983$ & $-0.0696158$ \\
CHL1_22 & $-0.00395522$ & $-0.0344469$ & $-0.015735$ & $0.0213602$ & $0.0105616$ & $-0.0538015$ & $-0.0302714$ & $0.272188$ & $0.266459$ & $-0.109028$ & $-0.398463$ & $0.041859$ & $0.069729$ & $0.268492$ & $1$ & $0.461948$ & $0.162591$ & $-0.452853$ & $-0.0382839$ & $0.467742$ & $0.311361$ & $0.29954$ & $-0.166114$ & $0.124917$ & $-0.135417$ & $-0.173212$ & $-0.411593$ & $0.116294$ & $0.000104949$ & $0.0662908$ & $-0.00350727$ & $-0.0178369$ & $0.0563425$ & $-0.604011$ & $0.00484466$ & $-0.0472055$ & $-0.0137676$ & $0.00828159$ & $-0.000102898$ & $-0.00966392$ & $-0.0126623$ & $-0.00184954$ & $0.0159216$ & $0.0170101$ & $0.0132496$ & $-0.0400604$ & $-0.0121796$ & $0.00274653$ & $5.5254e-05$ \\
CHL1_33 & $-0.027214$ & $-0.0391574$ & $0.0026811$ & $-0.0284548$ & $0.0168204$ & $-0.059649$ & $-0.0249953$ & $0.310018$ & $0.308536$ & $-0.147669$ & $-0.426351$ & $0.0168962$ & $0.0677172$ & $0.261878$ & $0.461948$ & $1$ & $0.150802$ & $-0.0536251$ & $-0.441369$ & $0.490992$ & $0.344906$ & $0.362473$ & $-0.167421$ & $0.0902712$ & $-0.135359$ & $-0.190892$ & $-0.365072$ & $0.120472$ & $0.0141026$ & $0.0323515$ & $0.00712641$ & $-0.0258824$ & $0.0143084$ & $-0.098823$ & $-0.00958978$ & $-0.00274228$ & $-0.0192406$ & $-0.00335193$ & $0.0113183$ & $-0.026284$ & $0.0292288$ & $0.0265089$ & $0.00811041$ & $0.0315749$ & $0.0152653$ & $-0.0498969$ & $-0.0222521$ & $0.00761868$ & $-0.0574052$ \\
CHL3_11 & $-0.0064253$ & $0.0202123$ & $-0.0242911$ & $-0.0490488$ & $0.025084$ & $-0.26544$ & $0.118604$ & $-0.244569$ & $-0.248088$ & $0.434427$ & $-0.206861$ & $-0.351242$ & $-0.376618$ & $0.66584$ & $0.162591$ & $0.150802$ & $1$ & $0.735081$ & $0.736876$ & $0.22714$ & $0.173844$ & $0.166053$ & $-0.0335386$ & $0.681648$ & $0.778475$ & $-0.130443$ & $-0.145878$ & $0.0513274$ & $-0.00624859$ & $-0.106771$ & $-0.0477963$ & $0.0936066$ & $-0.13727$ & $-0.248842$ & $0.0223677$ & $-0.0546959$ & $0.0269067$ & $0.0266715$ & $0.00418786$ & $-0.00703226$ & $-0.0145747$ & $-0.0302293$ & $-0.0219798$ & $-0.0121547$ & $0.038581$ & $0.0307676$ & $-0.0173972$ & $-0.00976952$ & $-0.0387933$ \\
CHL3_22 & $0.00782259$ & $0.0287905$ & $-0.0095322$ & $-0.0550468$ & $0.0158566$ & $-0.0698994$ & $0.139234$ & $-0.426362$ & $-0.425421$ & $0.478394$ & $0.0680365$ & $-0.357424$ & $-0.40688$ & $0.597023$ & $-0.452853$ & $-0.0536251$ & $0.735081$ & $1$ & $0.683453$ & $-0.074927$ & $-0.0604003$ & $-0.0577948$ & $0.0402099$ & $0.610315$ & $0.794551$ & $0.00386055$ & $0.0203156$ & $-0.0312833$ & $0.000696155$ & $-0.15035$ & $-0.0525688$ & $0.107036$ & $-0.178081$ & $0.0454961$ & $0.022642$ & $-0.0240961$ & $0.0240808$ & $0.0136057$ & $0.00450402$ & $0.00169797$ & $-0.00301616$ & $-0.0107922$ & $-0.0318998$ & $-0.0232373$ & $0.037874$ & $0.0321175$ & $-0.0162381$ & $-0.0209813$ & $-0.0552344$ \\
CHL3_33 & $0.0338249$ & $0.0265181$ & $-0.0297239$ & $-0.013258$ & $0.00915514$ & $-0.060151$ & $0.132093$ & $-0.450864$ & $-0.453434$ & $0.500033$ & $0.0884118$ & $-0.340396$ & $-0.40443$ & $0.597926$ & $-0.0382839$ & $-0.441369$ & $0.736876$ & $0.683453$ & $1$ & $-0.0922721$ & $-0.0840738$ & $-0.0836147$ & $0.0464436$ & $0.629158$ & $0.792918$ & $0.0150356$ & $-0.00721736$ & $-0.0335422$ & $-0.00463502$ & $-0.1272$ & $-0.0629012$ & $0.106683$ & $-0.152226$ & $-0.343171$ & $0.0331657$ & $-0.0547091$ & $0.0332918$ & $0.0213315$ & $-0.00411808$ & $0.0113026$ & $-0.0313871$ & $-0.029889$ & $-0.0350148$ & $-0.032923$ & $0.0365357$ & $0.0393525$ & $-0.00248045$ & $-0.0283865$ & $-0.00898602$ \\
CHe_11 & $-0.030333$ & $-0.0849327$ & $0.0252181$ & $0.0096757$ & $0.0331615$ & $-0.195221$ & $-0.0460527$ & $0.853417$ & $0.836083$ & $-0.367368$ & $-0.990046$ & $-0.0182069$ & $0.175412$ & $0.517067$ & $0.467742$ & $0.490992$ & $0.22714$ & $-0.074927$ & $-0.0922721$ & $1$ & $0.971821$ & $0.951456$ & $-0.000128396$ & $-0.260477$ & $-0.0256627$ & $-0.552646$ & $0.230293$ & $0.335714$ & $-0.00313716$ & $0.0898707$ & $0.010398$ & $-0.051857$ & $0.0696633$ & $0.300244$ & $-0.0215444$ & $-0.0014259$ & $-0.044209$ & $0.000812216$ & $0.0206343$ & $0.00145316$ & $0.053074$ & $-0.006435$ & $0.00549088$ & $0.0255758$ & $0.0427625$ & $-0.0283351$ & $0.00231797$ & $0.0302524$ & $-0.0569551$ \\
CHe_22 & $-0.0329742$ & $-0.0844139$ & $0.030782$ & $0.0131241$ & $0.0334234$ & $-0.207843$ & $-0.0505363$ & $0.899057$ & $0.880572$ & $-0.397562$ & $-0.990993$ & $-0.0185794$ & $0.195301$ & $0.459495$ & $0.311361$ & $0.344906$ & $0.173844$ & $-0.0604003$ & $-0.0840738$ & $0.971821$ & $1$ & $0.975472$ & $0.0531174$ & $-0.370274$ & $-0.0357764$ & $-0.569102$ & $0.385723$ & $0.342644$ & $-0.00731595$ & $0.0940412$ & $0.0128166$ & $-0.0574936$ & $0.0780726$ & $0.468548$ & $-0.0267367$ & $0.0125816$ & $-0.0437849$ & $0.000549787$ & $0.0225101$ & $0.0105415$ & $0.0606876$ & $-0.00793697$ & $0.0053671$ & $0.0264517$ & $0.0393118$ & $-0.014237$ & $0.00583886$ & $0.0359623$ & $-0.0478814$ \\
CHe_33 & $-0.0278614$ & $-0.0837246$ & $0.0232973$ & $0.015316$ & $0.0320457$ & $-0.198202$ & $-0.056902$ & $0.882591$ & $0.864971$ & $-0.396041$ & $-0.970051$ & $-0.0207524$ & $0.190951$ & $0.444217$ & $0.29954$ & $0.362473$ & $0.166053$ & $-0.0577948$ & $-0.0836147$ & $0.951456$ & $0.975472$ & $1$ & $0.0529112$ & $-0.366201$ & $-0.0341927$ & $-0.555664$ & $0.384814$ & $0.334005$ & $-0.00206249$ & $0.0849635$ & $0.0118907$ & $-0.0669457$ & $0.0737174$ & $0.467984$ & $-0.0300762$ & $0.00784331$ & $-0.035414$ & $0.00118168$ & $0.028616$ & $0.0109512$ & $0.059276$ & $-0.00779072$ & $-0.00277141$ & $0.0266807$ & $0.0333459$ & $-0.0132143$ & $0.00847628$ & $0.0333229$ & $-0.0411308$ \\
CHQ1_11 & $0.00531018$ & $0.0351256$ & $0.0239184$ & $0.00783464$ & $0.0280327$ & $-0.0354963$ & $0.00733209$ & $0.0558045$ & $0.0588733$ & $-0.0162271$ & $-0.0223175$ & $0.0196866$ & $0.0330467$ & $-0.0386133$ & $-0.166114$ & $-0.167421$ & $-0.0335386$ & $0.0402099$ & $0.0464436$ & $-0.000128396$ & $0.0531174$ & $0.0529112$ & $1$ & $-0.109631$ & $0.118815$ & $-0.682004$ & $0.340667$ & $-0.00181923$ & $-0.0463004$ & $0.0205979$ & $0.00517815$ & $0.0107618$ & $0.0330547$ & $0.183042$ & $-0.0187865$ & $0.00480425$ & $0.00340417$ & $-0.0121548$ & $0.0117956$ & $-0.0118632$ & $0.0491981$ & $0.00262529$ & $-0.0180382$ & $-0.00896467$ & $-0.0233521$ & $0.0498647$ & $0.0107625$ & $0.0187927$ & $0.0433512$ \\
CHQ1_33 & $-0.052705$ & $0.0479902$ & $-0.0104257$ & $-0.0315097$ & $0.00293244$ & $0.0138485$ & $0.12497$ & $-0.674227$ & $-0.665153$ & $0.561668$ & $0.314635$ & $-0.266212$ & $-0.407112$ & $0.472704$ & $0.124917$ & $0.0902712$ & $0.681648$ & $0.610315$ & $0.629158$ & $-0.260477$ & $-0.370274$ & $-0.366201$ & $-0.109631$ & $1$ & $0.638183$ & $0.180154$ & $-0.426152$ & $-0.0267177$ & $0.0123212$ & $-0.127157$ & $-0.0460894$ & $0.1101$ & $-0.145581$ & $-0.633713$ & $0.0210957$ & $-0.0645578$ & $0.0089571$ & $0.022661$ & $-0.00136792$ & $-0.00475556$ & $-0.021903$ & $-0.00532097$ & $0.000419497$ & $-0.00941396$ & $0.0353938$ & $0.00103018$ & $-0.0300225$ & $-0.0284379$ & $-0.0314046$ \\
CHQ3_11 & $-0.0788845$ & $0.0355539$ & $-0.0230659$ & $-0.0412955$ & $0.012409$ & $-0.110239$ & $0.122966$ & $-0.404419$ & $-0.402421$ & $0.475267$ & $0.0305341$ & $-0.336984$ & $-0.38848$ & $0.594224$ & $-0.135417$ & $-0.135359$ & $0.778475$ & $0.794551$ & $0.792918$ & $-0.0256627$ & $-0.0357764$ & $-0.0341927$ & $0.118815$ & $0.638183$ & $1$ & $-0.00856745$ & $0.218552$ & $-0.0210808$ & $-0.00600763$ & $-0.134913$ & $-0.0545612$ & $0.0919928$ & $-0.158314$ & $-0.19393$ & $0.0124677$ & $-0.0491978$ & $0.0126586$ & $0.0160238$ & $-0.00242912$ & $0.000707367$ & $0.0138301$ & $-0.00787188$ & $-0.0122687$ & $-0.010973$ & $0.0390092$ & $0.0262655$ & $0.0026506$ & $0.015974$ & $-0.0337046$ \\
CHu_11 & $-0.0132354$ & $0.0154101$ & $-0.0404746$ & $-0.0052665$ & $-0.0458753$ & $0.13536$ & $0.0150955$ & $-0.495023$ & $-0.488224$ & $0.194129$ & $0.562612$ & $0.00578501$ & $-0.104924$ & $-0.288801$ & $-0.173212$ & $-0.190892$ & $-0.130443$ & $0.00386055$ & $0.0150356$ & $-0.552646$ & $-0.569102$ & $-0.555664$ & $-0.682004$ & $0.180154$ & $-0.00856745$ & $1$ & $-0.18925$ & $-0.191243$ & $0.0376712$ & $-0.0812104$ & $-0.0213977$ & $0.0103169$ & $-0.0747349$ & $-0.258444$ & $0.0162251$ & $0.00889545$ & $0.0199323$ & $-0.00103088$ & $-0.0149451$ & $0.00323242$ & $-0.0720652$ & $-0.00351087$ & $-0.0150314$ & $0.00270346$ & $0.0123$ & $-0.0148523$ & $-0.00101738$ & $-0.0375079$ & $0.00827917$ \\
CHd_11 & $-0.029715$ & $-0.0213682$ & $0.0151464$ & $-0.000802571$ & $0.00258644$ & $-0.11252$ & $-0.0561455$ & $0.428479$ & $0.420464$ & $-0.245305$ & $-0.305011$ & $0.0401525$ & $0.161339$ & $-0.093978$ & $-0.411593$ & $-0.365072$ & $-0.145878$ & $0.0203156$ & $-0.00721736$ & $0.230293$ & $0.385723$ & $0.384814$ & $0.340667$ & $-0.426152$ & $0.218552$ & $-0.18925$ & $1$ & $0.110817$ & $-0.0197913$ & $0.0276857$ & $0.0130479$ & $-0.0673537$ & $0.0387784$ & $0.690463$ & $-0.026633$ & $0.0390952$ & $0.00304189$ & $-0.00850083$ & $0.00563852$ & $0.015118$ & $0.0645096$ & $0.00290609$ & $-0.00893517$ & $0.0123879$ & $0.00408238$ & $0.039171$ & $0.034027$ & $0.0546343$ & $0.00160884$ \\
CHd_33 & $-0.0328748$ & $-0.0383579$ & $0.0356568$ & $0.0269822$ & $0.0257156$ & $-0.0573493$ & $0.0139621$ & $0.311699$ & $0.307701$ & $-0.142765$ & $-0.340758$ & $0.00419422$ & $0.0778541$ & $0.155066$ & $0.116294$ & $0.120472$ & $0.0513274$ & $-0.0312833$ & $-0.0335422$ & $0.335714$ & $0.342644$ & $0.334005$ & $-0.00181923$ & $-0.0267177$ & $-0.0210808$ & $-0.191243$ & $0.110817$ & $1$ & $0.0256095$ & $0.0373587$ & $-0.00801704$ & $0.00208257$ & $0.00654595$ & $0.153241$ & $-0.00879707$ & $-0.00456451$ & $-0.0125551$ & $0.00697565$ & $-0.0261367$ & $0.00433142$ & $0.0120579$ & $-0.0139176$ & $0.0126915$ & $-0.0021499$ & $0.0383821$ & $-0.0176416$ & $-0.0211734$ & $0.00161741$ & $-0.027673$ \\
CeH_22r & $-0.0519822$ & $0.00603871$ & $-0.0148651$ & $0.00916639$ & $-0.000166825$ & $-0.000199002$ & $-0.0149493$ & $-0.00629677$ & $-0.000653326$ & $0.0234082$ & $0.00591772$ & $0.06872$ & $0.0421527$ & $-0.000504641$ & $0.000104949$ & $0.0141026$ & $-0.00624859$ & $0.000696155$ & $-0.00463502$ & $-0.00313716$ & $-0.00731595$ & $-0.00206249$ & $-0.0463004$ & $0.0123212$ & $-0.00600763$ & $0.0376712$ & $-0.0197913$ & $0.0256095$ & $1$ & $0.0412676$ & $0.0388706$ & $-0.0345434$ & $0.0420311$ & $-0.00861321$ & $-0.0454613$ & $-0.00801671$ & $0.00523802$ & $0.0310547$ & $-0.031212$ & $0.0137089$ & $-0.00941181$ & $0.0235846$ & $-0.00922799$ & $0.0118821$ & $0.0657304$ & $-0.00882501$ & $-0.0168182$ & $-0.00697237$ & $-0.0162451$ \\
CeH_33r & $-0.0865261$ & $-0.0288492$ & $0.00480716$ & $0.0514811$ & $-0.0140762$ & $-0.0143269$ & $-0.182722$ & $0.14596$ & $0.16702$ & $-0.147234$ & $-0.0910303$ & $0.331469$ & $0.28401$ & $-0.0708811$ & $0.0662908$ & $0.0323515$ & $-0.106771$ & $-0.15035$ & $-0.1272$ & $0.0898707$ & $0.0940412$ & $0.0849635$ & $0.0205979$ & $-0.127157$ & $-0.134913$ & $-0.0812104$ & $0.0276857$ & $0.0373587$ & $0.0412676$ & $1$ & $0.299369$ & $-0.0328012$ & $0.668465$ & $0.0619834$ & $0.000386381$ & $-0.0365984$ & $-0.186943$ & $-0.00858905$ & $-0.0223584$ & $-0.00547089$ & $0.00605856$ & $0.0168483$ & $0.0519786$ & $-0.00697419$ & $0.1029$ & $-0.00978195$ & $-0.00585216$ & $-0.00251522$ & $-0.0450747$ \\
CuH_22r & $-0.0588998$ & $-0.00944289$ & $-0.00790328$ & $0.0486201$ & $-0.0517312$ & $-0.0223859$ & $-0.119752$ & $0.0397419$ & $0.0496145$ & $-0.0648022$ & $-0.0122356$ & $0.116231$ & $0.112267$ & $-0.0547205$ & $-0.00350727$ & $0.00712641$ & $-0.0477963$ & $-0.0525688$ & $-0.0629012$ & $0.010398$ & $0.0128166$ & $0.0118907$ & $0.00517815$ & $-0.0460894$ & $-0.0545612$ & $-0.0213977$ & $0.0130479$ & $-0.00801704$ & $0.0388706$ & $0.299369$ & $1$ & $-0.0288139$ & $0.397788$ & $0.0366176$ & $0.0141558$ & $-0.00995242$ & $-0.0564284$ & $0.0198415$ & $0.0208251$ & $0.000279436$ & $-0.000532576$ & $0.0541299$ & $-0.0360562$ & $-0.000369656$ & $0.035907$ & $0.0501453$ & $0.316036$ & $0.0169298$ & $0.0774712$ \\
CuH_33r & $-0.0264965$ & $0.0103995$ & $0.0188319$ & $0.00990582$ & $-0.000461079$ & $-0.00147329$ & $0.934247$ & $-0.10467$ & $-0.0615007$ & $0.0849272$ & $0.0559985$ & $-0.219079$ & $-0.280131$ & $0.0738991$ & $-0.0178369$ & $-0.0258824$ & $0.0936066$ & $0.107036$ & $0.106683$ & $-0.051857$ & $-0.0574936$ & $-0.0669457$ & $0.0107618$ & $0.1101$ & $0.0919928$ & $0.0103169$ & $-0.0673537$ & $0.00208257$ & $-0.0345434$ & $-0.0328012$ & $-0.0288139$ & $1$ & $-0.0226865$ & $-0.0704585$ & $0.0844831$ & $0.0718585$ & $-0.0660263$ & $0.025215$ & $0.0129984$ & $-0.00431216$ & $0.0126465$ & $-0.0198031$ & $0.0581126$ & $-0.0324813$ & $-0.109823$ & $0.01388$ & $-0.00669788$ & $0.00340207$ & $0.0410887$ \\
CdH_33r & $-0.10797$ & $0.0622799$ & $0.0346302$ & $0.0318346$ & $-0.0147035$ & $-0.00468481$ & $-0.206252$ & $0.142254$ & $0.166551$ & $-0.180154$ & $-0.0708654$ & $0.40738$ & $0.357849$ & $-0.109268$ & $0.0563425$ & $0.0143084$ & $-0.13727$ & $-0.178081$ & $-0.152226$ & $0.0696633$ & $0.0780726$ & $0.0737174$ & $0.0330547$ & $-0.145581$ & $-0.158314$ & $-0.0747349$ & $0.0387784$ & $0.00654595$ & $0.0420311$ & $0.668465$ & $0.397788$ & $-0.0226865$ & $1$ & $0.0721282$ & $-0.0612118$ & $-0.0410776$ & $-0.191781$ & $-0.00586921$ & $0.00582207$ & $0.0211305$ & $0.00428259$ & $0.0209294$ & $0.0155616$ & $-0.017908$ & $-0.0472467$ & $-0.0192573$ & $0.0986661$ & $0.216773$ & $0.35463$ \\
CLL_1221 & $-0.0341647$ & $-0.0110948$ & $0.0437038$ & $-0.00119409$ & $0.00895044$ & $-0.145556$ & $-0.0652108$ & $0.573425$ & $0.565423$ & $-0.369615$ & $-0.380955$ & $0.0812566$ & $0.233593$ & $-0.212794$ & $-0.604011$ & $-0.098823$ & $-0.248842$ & $0.0454961$ & $-0.343171$ & $0.300244$ & $0.468548$ & $0.467984$ & $0.183042$ & $-0.633713$ & $-0.19393$ & $-0.258444$ & $0.690463$ & $0.153241$ & $-0.00861321$ & $0.0619834$ & $0.0366176$ & $-0.0704585$ & $0.0721282$ & $1$ & $-0.0404607$ & $0.0660063$ & $-0.0192774$ & $-0.00572801$ & $0.0216465$ & $0.0108773$ & $0.0587716$ & $-0.00197075$ & $-0.000955711$ & $0.0130472$ & $-0.000970393$ & $0.0254161$ & $0.0169143$ & $0.0399867$ & $-0.0137901$ \\
eHggint & $0.200658$ & $-0.0765606$ & $-0.107307$ & $-0.0848424$ & $-0.0103318$ & $0.00361186$ & $0.00264352$ & $-0.035367$ & $-0.0341159$ & $0.0873361$ & $0.0204541$ & $0.0930322$ & $0.0287275$ & $0.0236139$ & $0.00484466$ & $-0.00958978$ & $0.0223677$ & $0.022642$ & $0.0331657$ & $-0.0215444$ & $-0.0267367$ & $-0.0300762$ & $-0.0187865$ & $0.0210957$ & $0.0124677$ & $0.0162251$ & $-0.026633$ & $-0.00879707$ & $-0.0454613$ & $0.000386381$ & $0.0141558$ & $0.0844831$ & $-0.0612118$ & $-0.0404607$ & $1$ & $-0.0778103$ & $-0.0491669$ & $0.0155432$ & $0.136184$ & $-0.0495626$ & $-0.219343$ & $-0.0259177$ & $0.197059$ & $-0.0787709$ & $-0.122219$ & $-0.11737$ & $0.0631821$ & $-0.211461$ & $-0.108309$ \\
eHggpar & $0.0355251$ & $-0.0351453$ & $0.0660849$ & $0.0207371$ & $-0.00276259$ & $0.0158969$ & $0.039589$ & $0.0368048$ & $0.0320648$ & $0.00391059$ & $-0.0064882$ & $0.0362208$ & $0.019965$ & $-0.0415988$ & $-0.0472055$ & $-0.00274228$ & $-0.0546959$ & $-0.0240961$ & $-0.0547091$ & $-0.0014259$ & $0.0125816$ & $0.00784331$ & $0.00480425$ & $-0.0645578$ & $-0.0491978$ & $0.00889545$ & $0.0390952$ & $-0.00456451$ & $-0.00801671$ & $-0.0365984$ & $-0.00995242$ & $0.0718585$ & $-0.0410776$ & $0.0660063$ & $-0.0778103$ & $1$ & $0.0383497$ & $0.00527997$ & $0.0776421$ & $-0.015301$ & $0.0851521$ & $-0.011972$ & $0.0912526$ & $0.0187768$ & $-0.0682214$ & $0.0935876$ & $-0.00819757$ & $-0.0173279$ & $-0.0423678$ \\
eHWWint & $0.352708$ & $0.0992565$ & $-0.0197791$ & $-0.0473584$ & $-0.0383738$ & $0.00245781$ & $-0.0262966$ & $-0.0532128$ & $-0.0828372$ & $0.047562$ & $0.0416998$ & $-0.0266539$ & $-0.0374239$ & $-0.0107665$ & $-0.0137676$ & $-0.0192406$ & $0.0269067$ & $0.0240808$ & $0.0332918$ & $-0.044209$ & $-0.0437849$ & $-0.035414$ & $0.00340417$ & $0.0089571$ & $0.0126586$ & $0.0199323$ & $0.00304189$ & $-0.0125551$ & $0.00523802$ & $-0.186943$ & $-0.0564284$ & $-0.0660263$ & $-0.191781$ & $-0.0192774$ & $-0.0491669$ & $0.0383497$ & $1$ & $0.0490945$ & $-0.0858352$ & $-0.0779098$ & $-0.0813858$ & $0.054119$ & $-0.304042$ & $0.0165999$ & $0.0278583$ & $0.150106$ & $-0.0137251$ & $-0.0705255$ & $0.0756351$ \\
eHWWpar & $-0.0284586$ & $0.0388067$ & $-0.0267374$ & $-0.0158805$ & $-0.0213674$ & $-0.0268938$ & $0.0200408$ & $-0.00936361$ & $-0.0154287$ & $-0.00529889$ & $-0.00056412$ & $-0.0167316$ & $-0.0181178$ & $0.0113369$ & $0.00828159$ & $-0.00335193$ & $0.0266715$ & $0.0136057$ & $0.0213315$ & $0.000812216$ & $0.000549787$ & $0.00118168$ & $-0.0121548$ & $0.022661$ & $0.0160238$ & $-0.00103088$ & $-0.00850083$ & $0.00697565$ & $0.0310547$ & $-0.00858905$ & $0.0198415$ & $0.025215$ & $-0.00586921$ & $-0.00572801$ & $0.0155432$ & $0.00527997$ & $0.0490945$ & $1$ & $-0.0282262$ & $0.00597606$ & $-0.00713952$ & $-0.0175159$ & $-0.04002$ & $-0.0159117$ & $0.0269779$ & $0.00164077$ & $-0.00844878$ & $0.0333827$ & $0.0145322$ \\
eHZZint & $-0.0951326$ & $-0.0571528$ & $0.0957477$ & $0.167687$ & $0.0161173$ & $-0.0133804$ & $-0.0114877$ & $0.0239412$ & $0.0289365$ & $0.0403039$ & $-0.0216106$ & $0.0344917$ & $0.00901611$ & $0.0125836$ & $-0.000102898$ & $0.0113183$ & $0.00418786$ & $0.00450402$ & $-0.00411808$ & $0.0206343$ & $0.0225101$ & $0.028616$ & $0.0117956$ & $-0.00136792$ & $-0.00242912$ & $-0.0149451$ & $0.00563852$ & $-0.0261367$ & $-0.031212$ & $-0.0223584$ & $0.0208251$ & $0.0129984$ & $0.00582207$ & $0.0216465$ & $0.136184$ & $0.0776421$ & $-0.0858352$ & $-0.0282262$ & $1$ & $0.0354344$ & $-0.0152351$ & $-0.0239485$ & $0.0790706$ & $0.200623$ & $-0.104282$ & $0.0899778$ & $0.120257$ & $0.078973$ & $0.0152773$ \\
eHZZpar & $-0.0102896$ & $-0.01683$ & $0.000748296$ & $0.00326202$ & $0.0156017$ & $0.00544953$ & $-0.00567206$ & $0.00991829$ & $0.0086262$ & $0.0038627$ & $-0.00772906$ & $-0.0152689$ & $-0.00414739$ & $0.0148542$ & $-0.00966392$ & $-0.026284$ & $-0.00703226$ & $0.00169797$ & $0.0113026$ & $0.00145316$ & $0.0105415$ & $0.0109512$ & $-0.0118632$ & $-0.00475556$ & $0.000707367$ & $0.00323242$ & $0.015118$ & $0.00433142$ & $0.0137089$ & $-0.00547089$ & $0.000279436$ & $-0.00431216$ & $0.0211305$ & $0.0108773$ & $-0.0495626$ & $-0.015301$ & $-0.0779098$ & $0.00597606$ & $0.0354344$ & $1$ & $-0.0161656$ & $0.0137496$ & $0.00612956$ & $0.0127503$ & $-0.0138269$ & $0.01194$ & $-0.000102387$ & $0.0134692$ & $0.0530033$ \\
eHZgaint & $-0.128986$ & $0.0148853$ & $0.00227647$ & $0.0474333$ & $-0.00796388$ & $0.00374145$ & $0.0261131$ & $0.0622365$ & $0.0689664$ & $-0.0934694$ & $-0.0557788$ & $-0.0453289$ & $0.00395394$ & $0.0167608$ & $-0.0126623$ & $0.0292288$ & $-0.0145747$ & $-0.00301616$ & $-0.0313871$ & $0.053074$ & $0.0606876$ & $0.059276$ & $0.0491981$ & $-0.021903$ & $0.0138301$ & $-0.0720652$ & $0.0645096$ & $0.0120579$ & $-0.00941181$ & $0.00605856$ & $-0.000532576$ & $0.0126465$ & $0.00428259$ & $0.0587716$ & $-0.219343$ & $0.0851521$ & $-0.0813858$ & $-0.00713952$ & $-0.0152351$ & $-0.0161656$ & $1$ & $0.00254241$ & $0.0733525$ & $-0.103592$ & $-0.0950277$ & $-0.117237$ & $-0.05205$ & $0.145059$ & $-0.114217$ \\
eHZgapar & $-0.000312615$ & $0.0256379$ & $0.0759427$ & $-0.0285201$ & $0.0119066$ & $0.0625853$ & $-0.0289986$ & $0.000422356$ & $0.000526407$ & $-0.0117663$ & $0.00741137$ & $-0.00122756$ & $0.0015287$ & $0.00055996$ & $-0.00184954$ & $0.0265089$ & $-0.0302293$ & $-0.0107922$ & $-0.029889$ & $-0.006435$ & $-0.00793697$ & $-0.00779072$ & $0.00262529$ & $-0.00532097$ & $-0.00787188$ & $-0.00351087$ & $0.00290609$ & $-0.0139176$ & $0.0235846$ & $0.0168483$ & $0.0541299$ & $-0.0198031$ & $0.0209294$ & $-0.00197075$ & $-0.0259177$ & $-0.011972$ & $0.054119$ & $-0.0175159$ & $-0.0239485$ & $0.0137496$ & $0.00254241$ & $1$ & $-0.0301035$ & $0.0292692$ & $0.0171584$ & $-0.0495359$ & $-0.00365279$ & $0.0316401$ & $0.0109234$ \\
eHgagaint & $-0.185287$ & $-0.063865$ & $0.0919816$ & $-0.0452443$ & $0.0426298$ & $-0.0125949$ & $0.0243071$ & $0.0190356$ & $0.0795283$ & $-0.0213661$ & $-0.00540183$ & $0.00350742$ & $0.00743583$ & $-0.0152048$ & $0.0159216$ & $0.00811041$ & $-0.0219798$ & $-0.0318998$ & $-0.0350148$ & $0.00549088$ & $0.0053671$ & $-0.00277141$ & $-0.0180382$ & $0.000419497$ & $-0.0122687$ & $-0.0150314$ & $-0.00893517$ & $0.0126915$ & $-0.00922799$ & $0.0519786$ & $-0.0360562$ & $0.0581126$ & $0.0155616$ & $-0.000955711$ & $0.197059$ & $0.0912526$ & $-0.304042$ & $-0.04002$ & $0.0790706$ & $0.00612956$ & $0.0733525$ & $-0.0301035$ & $1$ & $0.0437426$ & $-0.0613164$ & $0.045477$ & $-0.11386$ & $-0.0537133$ & $-0.134423$ \\
eHmumuint & $-0.13642$ & $-0.214638$ & $-0.0995693$ & $0.104103$ & $0.0431734$ & $0.00524084$ & $-0.0223908$ & $0.0421837$ & $0.0414284$ & $-0.0161072$ & $-0.0312621$ & $-0.000317258$ & $0.00650316$ & $-0.00215283$ & $0.0170101$ & $0.0315749$ & $-0.0121547$ & $-0.0232373$ & $-0.032923$ & $0.0255758$ & $0.0264517$ & $0.0266807$ & $-0.00896467$ & $-0.00941396$ & $-0.010973$ & $0.00270346$ & $0.0123879$ & $-0.0021499$ & $0.0118821$ & $-0.00697419$ & $-0.000369656$ & $-0.0324813$ & $-0.017908$ & $0.0130472$ & $-0.0787709$ & $0.0187768$ & $0.0165999$ & $-0.0159117$ & $0.200623$ & $0.0127503$ & $-0.103592$ & $0.0292692$ & $0.0437426$ & $1$ & $-0.0443527$ & $0.0529489$ & $0.0889233$ & $-0.0598272$ & $0.018257$ \\
eHtautauint & $-0.0932979$ & $0.0457672$ & $0.0985707$ & $-0.0289599$ & $-0.0145683$ & $0.0109179$ & $-0.0875138$ & $0.01523$ & $0.00973067$ & $-0.00356693$ & $-0.0394613$ & $-0.0497806$ & $-0.0372523$ & $0.06468$ & $0.0132496$ & $0.0152653$ & $0.038581$ & $0.037874$ & $0.0365357$ & $0.0427625$ & $0.0393118$ & $0.0333459$ & $-0.0233521$ & $0.0353938$ & $0.0390092$ & $0.0123$ & $0.00408238$ & $0.0383821$ & $0.0657304$ & $0.1029$ & $0.035907$ & $-0.109823$ & $-0.0472467$ & $-0.000970393$ & $-0.122219$ & $-0.0682214$ & $0.0278583$ & $0.0269779$ & $-0.104282$ & $-0.0138269$ & $-0.0950277$ & $0.0171584$ & $-0.0613164$ & $-0.0443527$ & $1$ & $0.137514$ & $0.112092$ & $-0.000778205$ & $-0.179232$ \\
eHccint & $0.1193$ & $0.0193322$ & $-0.104835$ & $0.121181$ & $-0.0214192$ & $-0.0490562$ & $0.0104635$ & $-0.0234548$ & $-0.0197374$ & $0.0318464$ & $0.0183081$ & $-0.0154102$ & $-0.0237191$ & $-0.00992062$ & $-0.0400604$ & $-0.0498969$ & $0.0307676$ & $0.0321175$ & $0.0393525$ & $-0.0283351$ & $-0.014237$ & $-0.0132143$ & $0.0498647$ & $0.00103018$ & $0.0262655$ & $-0.0148523$ & $0.039171$ & $-0.0176416$ & $-0.00882501$ & $-0.00978195$ & $0.0501453$ & $0.01388$ & $-0.0192573$ & $0.0254161$ & $-0.11737$ & $0.0935876$ & $0.150106$ & $0.00164077$ & $0.0899778$ & $0.01194$ & $-0.117237$ & $-0.0495359$ & $0.045477$ & $0.0529489$ & $0.137514$ & $1$ & $-0.0329713$ & $-0.119808$ & $0.0145735$ \\
eHccpar & $-0.0380507$ & $0.00817711$ & $-0.0484876$ & $0.0101694$ & $-0.0522058$ & $0.0210438$ & $-0.0140839$ & $0.0133321$ & $0.00316814$ & $-0.00912824$ & $-0.00374771$ & $0.0108233$ & $0.00621702$ & $-0.0206638$ & $-0.0121796$ & $-0.0222521$ & $-0.0173972$ & $-0.0162381$ & $-0.00248045$ & $0.00231797$ & $0.00583886$ & $0.00847628$ & $0.0107625$ & $-0.0300225$ & $0.0026506$ & $-0.00101738$ & $0.034027$ & $-0.0211734$ & $-0.0168182$ & $-0.00585216$ & $0.316036$ & $-0.00669788$ & $0.0986661$ & $0.0169143$ & $0.0631821$ & $-0.00819757$ & $-0.0137251$ & $-0.00844878$ & $0.120257$ & $-0.000102387$ & $-0.05205$ & $-0.00365279$ & $-0.11386$ & $0.0889233$ & $0.112092$ & $-0.0329713$ & $1$ & $0.103985$ & $0.302119$ \\
eHbbint & $-0.102174$ & $0.175558$ & $0.0284405$ & $-0.103427$ & $-0.00499758$ & $-0.0160745$ & $0.0137503$ & $0.0364088$ & $0.0395783$ & $-0.0353109$ & $-0.028467$ & $-0.00263613$ & $0.0144375$ & $-0.0144983$ & $0.00274653$ & $0.00761868$ & $-0.00976952$ & $-0.0209813$ & $-0.0283865$ & $0.0302524$ & $0.0359623$ & $0.0333229$ & $0.0187927$ & $-0.0284379$ & $0.015974$ & $-0.0375079$ & $0.0546343$ & $0.00161741$ & $-0.00697237$ & $-0.00251522$ & $0.0169298$ & $0.00340207$ & $0.216773$ & $0.0399867$ & $-0.211461$ & $-0.0173279$ & $-0.0705255$ & $0.0333827$ & $0.078973$ & $0.0134692$ & $0.145059$ & $0.0316401$ & $-0.0537133$ & $-0.0598272$ & $-0.000778205$ & $-0.119808$ & $0.103985$ & $1$ & $0.241157$ \\
eHbbpar & $0.00788427$ & $0.210995$ & $0.0710431$ & $-0.0319392$ & $-0.0238014$ & $0.0179837$ & $0.0473477$ & $-0.0325254$ & $-0.0368674$ & $-0.00746313$ & $0.0563634$ & $0.00406069$ & $-0.00320412$ & $-0.0696158$ & $5.5254e-05$ & $-0.0574052$ & $-0.0387933$ & $-0.0552344$ & $-0.00898602$ & $-0.0569551$ & $-0.0478814$ & $-0.0411308$ & $0.0433512$ & $-0.0314046$ & $-0.0337046$ & $0.00827917$ & $0.00160884$ & $-0.027673$ & $-0.0162451$ & $-0.0450747$ & $0.0774712$ & $0.0410887$ & $0.35463$ & $-0.0137901$ & $-0.108309$ & $-0.0423678$ & $0.0756351$ & $0.0145322$ & $0.0152773$ & $0.0530033$ & $-0.114217$ & $0.0109234$ & $-0.134423$ & $0.018257$ & $-0.179232$ & $0.0145735$ & $0.302119$ & $0.241157$ & $1$ \\
