 & AlsMz & dAle5Mz & mtop & mHl & Mz & CW & CHG & CHWB & CHWHB_gaga & CHWHB_gagaorth & CHD & CHbox & CHL1_11 & CHL1_22 & CHL1_33 & CHL3_11 & CHL3_22 & CHL3_33 & CHe_11 & CHe_22 & CHe_33 & CHQ1_11 & CHQ1_33 & CHQ3_11 & CHu_11 & CHd_11 & CHd_33 & CeH_22r & CeH_33r & CuH_22r & CuH_33r & CdH_33r & CLL_1221 & eHggint & eHggpar & eHWWint & eHWWpar & eHZZint & eHZZpar & eHZgaint & eHZgapar & eHgagaint & eHmumuint & eHtautauint & eHccint & eHccpar & eHbbint & eHbbpar \\
AlsMz & $1$ & $-0.131269$ & $-0.115051$ & $-0.137326$ & $0.0088658$ & $-0.0230533$ & $-0.048265$ & $0.0261655$ & $0.0251681$ & $-0.0192994$ & $-0.0424542$ & $-0.0340789$ & $0.0403883$ & $0.0133042$ & $0.0222446$ & $0.0260601$ & $0.0228202$ & $0.0177448$ & $0.0374972$ & $0.0383594$ & $0.0372162$ & $-0.0218675$ & $-0.0171694$ & $-0.0271156$ & $-0.0359821$ & $-0.0103079$ & $0.0298501$ & $0.00504155$ & $-0.0210833$ & $-0.00491289$ & $-0.0611745$ & $-0.0317826$ & $0.0108205$ & $0.0483842$ & $-0.105538$ & $0.299484$ & $-0.0384197$ & $0.174214$ & $-0.0140918$ & $-0.0650729$ & $0.0260589$ & $0.0549232$ & $0.0273586$ & $-0.101112$ & $-0.0382499$ & $0.0592907$ & $-0.16933$ & $0.0407013$ \\
dAle5Mz & $-0.131269$ & $1$ & $-0.0085848$ & $0.103426$ & $0.00156889$ & $-0.00192523$ & $-0.00926405$ & $-0.0246865$ & $-0.0286397$ & $0.0163293$ & $0.0365841$ & $0.0350121$ & $-0.0476964$ & $-0.00287366$ & $-0.000193882$ & $-0.0235776$ & $-0.0320583$ & $-0.0340023$ & $-0.0289411$ & $-0.0301997$ & $-0.0297826$ & $0.00450919$ & $-0.0103349$ & $-0.0237411$ & $0.0152038$ & $-0.0127592$ & $-0.00701777$ & $-0.00612448$ & $-0.00774603$ & $-0.0330353$ & $-0.0124285$ & $0.00436764$ & $0.00473349$ & $0.134531$ & $-0.089682$ & $0.218708$ & $-0.0840402$ & $-0.278324$ & $0.134801$ & $0.161569$ & $-0.0369782$ & $-0.1512$ & $-0.169629$ & $0.180197$ & $0.00256566$ & $-0.0863702$ & $0.023215$ & $0.104584$ \\
mtop & $-0.115051$ & $-0.0085848$ & $1$ & $0.387922$ & $-0.0246234$ & $0.0209582$ & $0.0966281$ & $-0.0155116$ & $-0.0147348$ & $-0.0163489$ & $0.0189379$ & $-0.0125505$ & $-0.00734278$ & $-0.0114121$ & $-0.0174018$ & $-0.00392999$ & $0.00276009$ & $0.00659974$ & $-0.0164945$ & $-0.0165122$ & $-0.0144866$ & $0.0100586$ & $0.00805991$ & $0.010991$ & $0.00914936$ & $0.00536751$ & $-0.0179647$ & $0.00688295$ & $0.0204353$ & $-0.0196856$ & $0.0980002$ & $-0.00652043$ & $-0.00613438$ & $-0.173707$ & $0.00403316$ & $-0.0407873$ & $0.0572623$ & $0.291082$ & $-0.0351783$ & $0.369511$ & $0.115636$ & $-0.162733$ & $0.190269$ & $0.163044$ & $-0.0458112$ & $-0.16563$ & $-0.195883$ & $-0.0410657$ \\
mHl & $-0.137326$ & $0.103426$ & $0.387922$ & $1$ & $0.0473035$ & $0.0182224$ & $-0.0142174$ & $0.00602148$ & $0.00779158$ & $-0.0195629$ & $0.0130833$ & $0.0036881$ & $-0.0290527$ & $-0.00142231$ & $-0.000167912$ & $-0.0371546$ & $-0.0350772$ & $-0.0369698$ & $-0.0110424$ & $-0.0106251$ & $-0.0110275$ & $0.00665249$ & $-0.0264148$ & $-0.0300315$ & $0.00246453$ & $-0.00246222$ & $-0.00637549$ & $-0.00503689$ & $0.0201894$ & $-0.0532765$ & $-0.00454148$ & $-0.0203317$ & $0.00690763$ & $-0.000410313$ & $0.242336$ & $-0.162593$ & $0.0184311$ & $0.097475$ & $-0.0322965$ & $0.0108849$ & $-0.0166821$ & $0.105448$ & $0.234208$ & $-0.00575737$ & $-0.163877$ & $-0.261557$ & $-0.177788$ & $-0.0739349$ \\
Mz & $0.0088658$ & $0.00156889$ & $-0.0246234$ & $0.0473035$ & $1$ & $-0.00215842$ & $0.000234972$ & $0.0118499$ & $0.0111446$ & $-0.00445322$ & $-0.00852811$ & $-0.010534$ & $0.0126313$ & $0.0129752$ & $0.0130917$ & $0.00307418$ & $-0.00210412$ & $-0.00302558$ & $0.0143464$ & $0.0146016$ & $0.0145831$ & $-0.00997559$ & $-0.00306661$ & $-0.0019501$ & $-0.00479788$ & $-0.00240648$ & $0.0117644$ & $0.00341358$ & $0.00280001$ & $0.00148922$ & $-0.00446222$ & $-0.000451205$ & $-0.00256433$ & $0.0124033$ & $-0.00785026$ & $-0.015482$ & $-0.00750256$ & $-0.0203456$ & $0.0122551$ & $-0.026789$ & $0.00645062$ & $0.0163694$ & $-0.00228364$ & $-0.0125923$ & $0.0111592$ & $0.0114491$ & $0.0119002$ & $0.0128425$ \\
CW & $-0.0230533$ & $-0.00192523$ & $0.0209582$ & $0.0182224$ & $-0.00215842$ & $1$ & $0.00766271$ & $-0.0400344$ & $-0.0374423$ & $0.005343$ & $0.147641$ & $0.100233$ & $-0.0286652$ & $-0.0768608$ & $-0.07439$ & $-0.363636$ & $-0.166121$ & $-0.167847$ & $-0.144082$ & $-0.150622$ & $-0.149683$ & $-0.0023759$ & $-0.111793$ & $-0.206029$ & $0.102147$ & $-0.0647002$ & $-0.062542$ & $-0.00498723$ & $0.00226998$ & $0.00229555$ & $0.0193014$ & $-0.00163353$ & $-0.100474$ & $0.00588307$ & $0.00971971$ & $-0.000925389$ & $0.0155645$ & $0.00226603$ & $-0.0202464$ & $0.00758653$ & $0.00955927$ & $-0.00200117$ & $-0.00606617$ & $0.00782607$ & $0.00135745$ & $0.00870042$ & $0.0016785$ & $0.00389275$ \\
CHG & $-0.048265$ & $-0.00926405$ & $0.0966281$ & $-0.0142174$ & $0.000234972$ & $0.00766271$ & $1$ & $-0.00626221$ & $0.0341539$ & $-0.00915609$ & $0.0177075$ & $-0.0110921$ & $-0.0257297$ & $-0.012928$ & $-0.0100746$ & $-0.019855$ & $-0.0148366$ & $-0.0178712$ & $-0.0167975$ & $-0.0168094$ & $-0.0165761$ & $0.0120801$ & $-0.0135235$ & $-0.0116747$ & $0.00628878$ & $0.0050012$ & $-0.00496853$ & $0.0330282$ & $-0.065434$ & $-0.0548775$ & $0.920138$ & $-0.0892646$ & $0.00560136$ & $-0.0377428$ & $-0.0509937$ & $0.032348$ & $0.0050807$ & $0.051791$ & $-0.000330953$ & $0.0634379$ & $0.00530096$ & $-0.0425296$ & $0.0494973$ & $-0.00623309$ & $-0.0252019$ & $-0.0187899$ & $-0.0690887$ & $-0.00893608$ \\
CHWB & $0.0261655$ & $-0.0246865$ & $-0.0155116$ & $0.00602148$ & $0.0118499$ & $-0.0400344$ & $-0.00626221$ & $1$ & $0.990462$ & $-0.567588$ & $-0.875232$ & $-0.328988$ & $0.259329$ & $0.452546$ & $0.453593$ & $-0.236984$ & $-0.415874$ & $-0.421096$ & $0.859026$ & $0.889429$ & $0.880145$ & $0.0369693$ & $-0.643776$ & $-0.390165$ & $-0.607958$ & $0.409424$ & $0.385019$ & $-0.00111882$ & $0.0158114$ & $0.0255084$ & $-0.0245161$ & $0.0172025$ & $0.540798$ & $-0.0292857$ & $0.00142913$ & $-0.0190573$ & $-0.00119133$ & $0.00582339$ & $0.000341972$ & $-0.0399747$ & $-0.000453503$ & $0.0368403$ & $0.0500721$ & $-0.00877955$ & $0.00573904$ & $0.0394486$ & $0.00111427$ & $0.00250167$ \\
CHWHB_gaga & $0.0251681$ & $-0.0286397$ & $-0.0147348$ & $0.00779158$ & $0.0111446$ & $-0.0374423$ & $0.0341539$ & $0.990462$ & $1$ & $-0.561003$ & $-0.864192$ & $-0.30877$ & $0.251623$ & $0.447287$ & $0.448331$ & $-0.240115$ & $-0.416699$ & $-0.422047$ & $0.84835$ & $0.878333$ & $0.868953$ & $0.0370714$ & $-0.641002$ & $-0.390709$ & $-0.600183$ & $0.406178$ & $0.380444$ & $0.00533796$ & $0.0367229$ & $0.0361541$ & $0.00789804$ & $0.0428746$ & $0.536028$ & $-0.031805$ & $-0.00793363$ & $-0.0310054$ & $-0.0007001$ & $0.00128631$ & $0.000814984$ & $-0.0478631$ & $0.000500561$ & $0.0591317$ & $0.058655$ & $-0.0062426$ & $0.00582781$ & $0.0419623$ & $0.00725902$ & $0.00893749$ \\
CHWHB_gagaorth & $-0.0192994$ & $0.0163293$ & $-0.0163489$ & $-0.0195629$ & $-0.00445322$ & $0.005343$ & $-0.00915609$ & $-0.567588$ & $-0.561003$ & $1$ & $0.47127$ & $0.700238$ & $-0.102004$ & $-0.250314$ & $-0.244202$ & $0.185786$ & $0.283248$ & $0.280825$ & $-0.462325$ & $-0.480367$ & $-0.475803$ & $-0.0282354$ & $0.399266$ & $0.270127$ & $0.331457$ & $-0.22748$ & $-0.211493$ & $-0.0101645$ & $-0.0647112$ & $-0.0449864$ & $0.0339818$ & $-0.0941246$ & $-0.308944$ & $0.0550221$ & $0.0202183$ & $0.0108293$ & $-0.0054012$ & $-0.0358793$ & $0.0187071$ & $-0.00853242$ & $0.00428739$ & $-0.010153$ & $-0.0483565$ & $0.000655373$ & $0.00429017$ & $-0.00809651$ & $0.0130296$ & $-0.0135487$ \\
CHD & $-0.0424542$ & $0.0365841$ & $0.0189379$ & $0.0130833$ & $-0.00852811$ & $0.147641$ & $0.0177075$ & $-0.875232$ & $-0.864192$ & $0.47127$ & $1$ & $0.44575$ & $-0.65361$ & $-0.567675$ & $-0.566881$ & $-0.233679$ & $-0.00471433$ & $0.00151377$ & $-0.99497$ & $-0.995082$ & $-0.983281$ & $0.0225861$ & $0.236942$ & $-0.0406709$ & $0.681941$ & $-0.27783$ & $-0.431842$ & $0.00173311$ & $-0.0200717$ & $-0.0328041$ & $0.0506397$ & $-0.0297604$ & $-0.335998$ & $0.0330317$ & $0.00315029$ & $0.0112232$ & $0.00455148$ & $-0.000130112$ & $-0.0128478$ & $0.0460046$ & $-0.00148084$ & $-0.0290297$ & $-0.0519763$ & $0.00836732$ & $-0.00689071$ & $-0.037172$ & $0.00598003$ & $0.0130496$ \\
CHbox & $-0.0340789$ & $0.0350121$ & $-0.0125505$ & $0.0036881$ & $-0.010534$ & $0.100233$ & $-0.0110921$ & $-0.328988$ & $-0.30877$ & $0.700238$ & $0.44575$ & $1$ & $-0.383495$ & $-0.186553$ & $-0.186509$ & $-0.240627$ & $-0.156701$ & $-0.153937$ & $-0.431907$ & $-0.448655$ & $-0.442087$ & $-0.00292254$ & $0.00574164$ & $-0.160759$ & $0.307694$ & $-0.155101$ & $-0.196159$ & $0.0179755$ & $0.201349$ & $0.0375878$ & $0.0946149$ & $0.215139$ & $-0.163893$ & $0.0686166$ & $0.0267063$ & $0.012214$ & $0.000404968$ & $-0.031906$ & $0.00849351$ & $-0.00552975$ & $0.00734241$ & $-0.00137474$ & $-0.0499301$ & $0.0027434$ & $-0.00852045$ & $-0.00622414$ & $0.0158012$ & $0.00650376$ \\
CHL1_11 & $0.0403883$ & $-0.0476964$ & $-0.00734278$ & $-0.0290527$ & $0.0126313$ & $-0.0286652$ & $-0.0257297$ & $0.259329$ & $0.251623$ & $-0.102004$ & $-0.65361$ & $-0.383495$ & $1$ & $0.401859$ & $0.399682$ & $0.633042$ & $0.589689$ & $0.584312$ & $0.66439$ & $0.624665$ & $0.614082$ & $-0.0963573$ & $0.435277$ & $0.589526$ & $-0.431406$ & $-0.0611762$ & $0.273227$ & $-0.000613583$ & $0.0153167$ & $0.0286863$ & $-0.0621394$ & $0.0306889$ & $-0.174076$ & $-0.0227406$ & $-5.10434e-05$ & $0.00326539$ & $-0.00485154$ & $-0.00286539$ & $0.0188254$ & $-0.0287775$ & $0.00280918$ & $0.00427734$ & $0.0307694$ & $-0.00945554$ & $0.00245819$ & $0.0226538$ & $-0.00488305$ & $-0.0279162$ \\
CHL1_22 & $0.0133042$ & $-0.00287366$ & $-0.0114121$ & $-0.00142231$ & $0.0129752$ & $-0.0768608$ & $-0.012928$ & $0.452546$ & $0.447287$ & $-0.250314$ & $-0.567675$ & $-0.186553$ & $0.401859$ & $1$ & $0.540206$ & $0.164425$ & $-0.317358$ & $-0.0139401$ & $0.610762$ & $0.510852$ & $0.504514$ & $-0.165993$ & $0.0313259$ & $-0.0762386$ & $-0.357128$ & $-0.29959$ & $0.218625$ & $0.00895663$ & $0.0252396$ & $0.012796$ & $-0.0248268$ & $0.0286949$ & $-0.46661$ & $-0.0257242$ & $-0.0147978$ & $-0.00879087$ & $0.00745148$ & $0.0113307$ & $0.00407869$ & $-0.025855$ & $0.0116057$ & $0.00652365$ & $0.0383805$ & $-0.0125062$ & $-0.0106043$ & $0.0155395$ & $-0.00970013$ & $-0.0103155$ \\
CHL1_33 & $0.0222446$ & $-0.000193882$ & $-0.0174018$ & $-0.000167912$ & $0.0130917$ & $-0.07439$ & $-0.0100746$ & $0.453593$ & $0.448331$ & $-0.244202$ & $-0.566881$ & $-0.186509$ & $0.399682$ & $0.540206$ & $1$ & $0.161585$ & $-0.00875678$ & $-0.312591$ & $0.609313$ & $0.512166$ & $0.522834$ & $-0.164334$ & $0.0279121$ & $-0.0754304$ & $-0.357389$ & $-0.290175$ & $0.224754$ & $0.000270678$ & $0.0153276$ & $0.0089191$ & $-0.0241793$ & $0.0180723$ & $-0.0235708$ & $-0.0189094$ & $-0.000845874$ & $0.00640379$ & $-0.00383457$ & $0.00572059$ & $0.0132857$ & $-0.0162042$ & $-0.0110993$ & $-0.00742602$ & $0.0214964$ & $-0.00974415$ & $-0.00999371$ & $0.0152211$ & $-0.00116666$ & $-0.00893879$ \\
CHL3_11 & $0.0260601$ & $-0.0235776$ & $-0.00392999$ & $-0.0371546$ & $0.00307418$ & $-0.363636$ & $-0.019855$ & $-0.236984$ & $-0.240115$ & $0.185786$ & $-0.233679$ & $-0.240627$ & $0.633042$ & $0.164425$ & $0.161585$ & $1$ & $0.82019$ & $0.818933$ & $0.244633$ & $0.209906$ & $0.205462$ & $-0.0834534$ & $0.7518$ & $0.855753$ & $-0.143639$ & $-0.155724$ & $0.0926571$ & $-0.00243099$ & $0.00604328$ & $0.0137564$ & $-0.0492311$ & $0.0223764$ & $-0.258041$ & $-0.0100007$ & $-0.0101623$ & $0.011378$ & $-0.00823801$ & $-0.0123269$ & $0.025241$ & $-0.0109828$ & $0.00498926$ & $-0.0137466$ & $0.0054987$ & $0.00554321$ & $0.006316$ & $-0.00950196$ & $-0.01818$ & $-0.0326625$ \\
CHL3_22 & $0.0228202$ & $-0.0320583$ & $0.00276009$ & $-0.0350772$ & $-0.00210412$ & $-0.166121$ & $-0.0148366$ & $-0.415874$ & $-0.416699$ & $0.283248$ & $-0.00471433$ & $-0.156701$ & $0.589689$ & $-0.317358$ & $-0.00875678$ & $0.82019$ & $1$ & $0.788683$ & $0.00336549$ & $0.000229881$ & $-0.000706164$ & $-0.0239384$ & $0.739058$ & $0.867132$ & $0.000742351$ & $-0.0618273$ & $0.0045574$ & $-0.00670185$ & $-0.00479473$ & $0.00987375$ & $-0.0390773$ & $0.00962368$ & $-0.0753793$ & $0.00264894$ & $0.00206868$ & $0.0167274$ & $-0.0102882$ & $-0.0152307$ & $0.0220095$ & $-0.000143924$ & $-0.00308226$ & $-0.0170148$ & $-0.0125364$ & $0.00675628$ & $0.00871758$ & $-0.00930891$ & $-0.00795172$ & $-0.0267093$ \\
CHL3_33 & $0.0177448$ & $-0.0340023$ & $0.00659974$ & $-0.0369698$ & $-0.00302558$ & $-0.167847$ & $-0.0178712$ & $-0.421096$ & $-0.422047$ & $0.280825$ & $0.00151377$ & $-0.153937$ & $0.584312$ & $-0.0139401$ & $-0.312591$ & $0.818933$ & $0.788683$ & $1$ & $-0.00291924$ & $-0.00604828$ & $-0.00625263$ & $-0.022492$ & $0.739114$ & $0.868187$ & $0.00577631$ & $-0.0607797$ & $-0.00285047$ & $-0.00153335$ & $0.00308501$ & $0.0131698$ & $-0.0403496$ & $0.0173384$ & $-0.374855$ & $-0.00250354$ & $-0.00882295$ & $0.00755377$ & $-0.00188587$ & $-0.01131$ & $0.0144468$ & $-0.00672073$ & $0.0130717$ & $-0.00855198$ & $-0.000269324$ & $0.00509045$ & $0.00662936$ & $-0.00806297$ & $-0.0141777$ & $-0.0265138$ \\
CHe_11 & $0.0374972$ & $-0.0289411$ & $-0.0164945$ & $-0.0110424$ & $0.0143464$ & $-0.144082$ & $-0.0167975$ & $0.859026$ & $0.84835$ & $-0.462325$ & $-0.99497$ & $-0.431907$ & $0.66439$ & $0.610762$ & $0.609313$ & $0.244633$ & $0.00336549$ & $-0.00291924$ & $1$ & $0.984832$ & $0.973487$ & $-0.0399725$ & $-0.203826$ & $0.0447926$ & $-0.67576$ & $0.224043$ & $0.427628$ & $-0.00136885$ & $0.0217581$ & $0.0318604$ & $-0.0489943$ & $0.0310899$ & $0.278951$ & $-0.0314909$ & $-0.00459441$ & $-0.0104714$ & $-0.00345734$ & $-0.00174281$ & $0.0148068$ & $-0.0444355$ & $0.00161472$ & $0.0260209$ & $0.049635$ & $-0.00625761$ & $0.00571712$ & $0.0351924$ & $-0.00641607$ & $-0.0129052$ \\
CHe_22 & $0.0383594$ & $-0.0301997$ & $-0.0165122$ & $-0.0106251$ & $0.0146016$ & $-0.150622$ & $-0.0168094$ & $0.889429$ & $0.878333$ & $-0.480367$ & $-0.995082$ & $-0.448655$ & $0.624665$ & $0.510852$ & $0.512166$ & $0.209906$ & $0.000229881$ & $-0.00604828$ & $0.984832$ & $1$ & $0.986061$ & $-0.00131928$ & $-0.279032$ & $0.0296534$ & $-0.683116$ & $0.340076$ & $0.433039$ & $-0.0024239$ & $0.0193196$ & $0.0334363$ & $-0.0498383$ & $0.0286663$ & $0.402846$ & $-0.0321009$ & $-0.00276635$ & $-0.0118999$ & $-0.00539414$ & $-0.00285145$ & $0.0131133$ & $-0.0446195$ & $0.00103734$ & $0.0304756$ & $0.0514506$ & $-0.00519997$ & $0.00842487$ & $0.0368278$ & $-0.00503409$ & $-0.0117132$ \\
CHe_33 & $0.0372162$ & $-0.0297826$ & $-0.0144866$ & $-0.0110275$ & $0.0145831$ & $-0.149683$ & $-0.0165761$ & $0.880145$ & $0.868953$ & $-0.475803$ & $-0.983281$ & $-0.442087$ & $0.614082$ & $0.504514$ & $0.522834$ & $0.205462$ & $-0.000706164$ & $-0.00625263$ & $0.973487$ & $0.986061$ & $1$ & $-0.00234463$ & $-0.277545$ & $0.0280759$ & $-0.673735$ & $0.337033$ & $0.426995$ & $-0.00332712$ & $0.0186447$ & $0.0327885$ & $-0.0487944$ & $0.0284269$ & $0.401694$ & $-0.0339466$ & $-0.0030451$ & $-0.010468$ & $-0.00526846$ & $-0.00268546$ & $0.0114644$ & $-0.0432789$ & $0.00293803$ & $0.0292344$ & $0.0524839$ & $-0.00446718$ & $0.00552168$ & $0.0372429$ & $-0.00645133$ & $-0.0110169$ \\
CHQ1_11 & $-0.0218675$ & $0.00450919$ & $0.0100586$ & $0.00665249$ & $-0.00997559$ & $-0.0023759$ & $0.0120801$ & $0.0369693$ & $0.0370714$ & $-0.0282354$ & $0.0225861$ & $-0.00292254$ & $-0.0963573$ & $-0.165993$ & $-0.164334$ & $-0.0834534$ & $-0.0239384$ & $-0.022492$ & $-0.0399725$ & $-0.00131928$ & $-0.00234463$ & $1$ & $-0.130063$ & $0.0352961$ & $-0.576765$ & $0.333722$ & $-0.0133801$ & $-0.000554159$ & $0.000292546$ & $0.00396881$ & $0.0131716$ & $0.000406586$ & $0.188356$ & $0.0123114$ & $-0.00161175$ & $-0.0140178$ & $-0.0209934$ & $-0.00612399$ & $-0.00172024$ & $-0.00885279$ & $-0.00730604$ & $0.0113053$ & $0.0280178$ & $0.00651611$ & $-0.00916573$ & $0.00296237$ & $-0.00828815$ & $-0.00678939$ \\
CHQ1_33 & $-0.0171694$ & $-0.0103349$ & $0.00805991$ & $-0.0264148$ & $-0.00306661$ & $-0.111793$ & $-0.0135235$ & $-0.643776$ & $-0.641002$ & $0.399266$ & $0.236942$ & $0.00574164$ & $0.435277$ & $0.0313259$ & $0.0279121$ & $0.7518$ & $0.739058$ & $0.739114$ & $-0.203826$ & $-0.279032$ & $-0.277545$ & $-0.130063$ & $1$ & $0.75281$ & $0.189158$ & $-0.411059$ & $-0.0420442$ & $0.00222383$ & $0.000258171$ & $-0.000903851$ & $-0.0240016$ & $0.00952829$ & $-0.619115$ & $0.00400814$ & $-0.00251448$ & $0.00778809$ & $-0.00151886$ & $-0.00902641$ & $0.0164585$ & $0.0136807$ & $-0.000317053$ & $-0.0335996$ & $-0.0163194$ & $0.00178226$ & $0.000246055$ & $-0.0242567$ & $-0.00879738$ & $-0.0256096$ \\
CHQ3_11 & $-0.0271156$ & $-0.0237411$ & $0.010991$ & $-0.0300315$ & $-0.0019501$ & $-0.206029$ & $-0.0116747$ & $-0.390165$ & $-0.390709$ & $0.270127$ & $-0.0406709$ & $-0.160759$ & $0.589526$ & $-0.0762386$ & $-0.0754304$ & $0.855753$ & $0.867132$ & $0.868187$ & $0.0447926$ & $0.0296534$ & $0.0280759$ & $0.0352961$ & $0.75281$ & $1$ & $-0.0172972$ & $0.10926$ & $0.012017$ & $-0.00485629$ & $-0.00163392$ & $0.0104183$ & $-0.0368217$ & $0.0166118$ & $-0.25862$ & $0.000111273$ & $0.00246239$ & $-0.00713754$ & $-0.00498208$ & $-0.025926$ & $0.0236123$ & $-0.00557297$ & $0.00428367$ & $-0.0129759$ & $-0.0052952$ & $0.00786542$ & $0.0105977$ & $-0.0128777$ & $-0.00844822$ & $-0.0219364$ \\
CHu_11 & $-0.0359821$ & $0.0152038$ & $0.00914936$ & $0.00246453$ & $-0.00479788$ & $0.102147$ & $0.00628878$ & $-0.607958$ & $-0.600183$ & $0.331457$ & $0.681941$ & $0.307694$ & $-0.431406$ & $-0.357128$ & $-0.357389$ & $-0.143639$ & $0.000742351$ & $0.00577631$ & $-0.67576$ & $-0.683116$ & $-0.673735$ & $-0.576765$ & $0.189158$ & $-0.0172972$ & $1$ & $-0.196729$ & $-0.287333$ & $0.000956469$ & $-0.0224897$ & $-0.0268549$ & $0.0279395$ & $-0.025286$ & $-0.267212$ & $0.0187364$ & $0.00819597$ & $0.0115684$ & $0.0132459$ & $-0.0037313$ & $-0.00706545$ & $0.0348986$ & $0.00463398$ & $-0.0224436$ & $-0.0607589$ & $0.00491367$ & $0.0027263$ & $-0.0230974$ & $0.010338$ & $0.0187564$ \\
CHd_11 & $-0.0103079$ & $-0.0127592$ & $0.00536751$ & $-0.00246222$ & $-0.00240648$ & $-0.0647002$ & $0.0050012$ & $0.409424$ & $0.406178$ & $-0.22748$ & $-0.27783$ & $-0.155101$ & $-0.0611762$ & $-0.29959$ & $-0.290175$ & $-0.155724$ & $-0.0618273$ & $-0.0607797$ & $0.224043$ & $0.340076$ & $0.337033$ & $0.333722$ & $-0.411059$ & $0.10926$ & $-0.196729$ & $1$ & $0.13111$ & $-0.00752992$ & $-0.0120577$ & $0.0127686$ & $-0.00696489$ & $-0.00435794$ & $0.681439$ & $0.00151848$ & $0.0102576$ & $-0.023594$ & $-0.00898721$ & $-0.0194303$ & $0.00350324$ & $-0.0203381$ & $-0.000712385$ & $0.0310813$ & $0.0149249$ & $0.0041996$ & $0.0203484$ & $0.0163094$ & $-0.00415928$ & $0.0183919$ \\
CHd_33 & $0.0298501$ & $-0.00701777$ & $-0.0179647$ & $-0.00637549$ & $0.0117644$ & $-0.062542$ & $-0.00496853$ & $0.385019$ & $0.380444$ & $-0.211493$ & $-0.431842$ & $-0.196159$ & $0.273227$ & $0.218625$ & $0.224754$ & $0.0926571$ & $0.0045574$ & $-0.00285047$ & $0.427628$ & $0.433039$ & $0.426995$ & $-0.0133801$ & $-0.0420442$ & $0.012017$ & $-0.287333$ & $0.13111$ & $1$ & $-0.00438566$ & $0.0193888$ & $0.017892$ & $-0.0198521$ & $0.0140274$ & $0.177546$ & $-0.030973$ & $-0.00278037$ & $0.00641616$ & $0.00740055$ & $-0.00828062$ & $0.0019912$ & $-0.0305065$ & $0.0118098$ & $0.0118261$ & $0.038152$ & $-0.00367987$ & $0.00138424$ & $0.0211667$ & $0.00539901$ & $-0.00878417$ \\
CeH_22r & $0.00504155$ & $-0.00612448$ & $0.00688295$ & $-0.00503689$ & $0.00341358$ & $-0.00498723$ & $0.0330282$ & $-0.00111882$ & $0.00533796$ & $-0.0101645$ & $0.00173311$ & $0.0179755$ & $-0.000613583$ & $0.00895663$ & $0.000270678$ & $-0.00243099$ & $-0.00670185$ & $-0.00153335$ & $-0.00136885$ & $-0.0024239$ & $-0.00332712$ & $-0.000554159$ & $0.00222383$ & $-0.00485629$ & $0.000956469$ & $-0.00752992$ & $-0.00438566$ & $1$ & $0.0465172$ & $0.0257469$ & $0.0116722$ & $0.0417458$ & $-0.0102119$ & $-0.0389334$ & $-0.0216863$ & $-0.00291301$ & $0.00251883$ & $0.0167952$ & $-0.0213747$ & $0.0115531$ & $0.0136041$ & $-0.00603773$ & $0.0315321$ & $0.00099876$ & $0.00261368$ & $0.000720178$ & $-0.0139758$ & $-0.00508276$ \\
CeH_33r & $-0.0210833$ & $-0.00774603$ & $0.0204353$ & $0.0201894$ & $0.00280001$ & $0.00226998$ & $-0.065434$ & $0.0158114$ & $0.0367229$ & $-0.0647112$ & $-0.0200717$ & $0.201349$ & $0.0153167$ & $0.0252396$ & $0.0153276$ & $0.00604328$ & $-0.00479473$ & $0.00308501$ & $0.0217581$ & $0.0193196$ & $0.0186447$ & $0.000292546$ & $0.000258171$ & $-0.00163392$ & $-0.0224897$ & $-0.0120577$ & $0.0193888$ & $0.0465172$ & $1$ & $0.301755$ & $0.0986106$ & $0.673577$ & $-0.00924526$ & $-0.0586207$ & $-0.0366101$ & $-0.0520272$ & $-0.0184832$ & $0.00903859$ & $0.0025421$ & $-0.00238088$ & $0.00777668$ & $0.0248435$ & $0.0514055$ & $0.0166489$ & $0.0168437$ & $-0.0151367$ & $-0.0102032$ & $0.0152121$ \\
CuH_22r & $-0.00491289$ & $-0.0330353$ & $-0.0196856$ & $-0.0532765$ & $0.00148922$ & $0.00229555$ & $-0.0548775$ & $0.0255084$ & $0.0361541$ & $-0.0449864$ & $-0.0328041$ & $0.0375878$ & $0.0286863$ & $0.012796$ & $0.0089191$ & $0.0137564$ & $0.00987375$ & $0.0131698$ & $0.0318604$ & $0.0334363$ & $0.0327885$ & $0.00396881$ & $-0.000903851$ & $0.0104183$ & $-0.0268549$ & $0.0127686$ & $0.017892$ & $0.0257469$ & $0.301755$ & $1$ & $0.0451303$ & $0.393727$ & $0.0113923$ & $-0.0055203$ & $0.0106773$ & $-0.054219$ & $-0.00473332$ & $-0.0418258$ & $-0.00346557$ & $-0.0485892$ & $0.00682462$ & $0.0541235$ & $0.0351166$ & $-0.0161676$ & $0.0688238$ & $0.211741$ & $0.0911446$ & $0.0529192$ \\
CuH_33r & $-0.0611745$ & $-0.0124285$ & $0.0980002$ & $-0.00454148$ & $-0.00446222$ & $0.0193014$ & $0.920138$ & $-0.0245161$ & $0.00789804$ & $0.0339818$ & $0.0506397$ & $0.0946149$ & $-0.0621394$ & $-0.0248268$ & $-0.0241793$ & $-0.0492311$ & $-0.0390773$ & $-0.0403496$ & $-0.0489943$ & $-0.0498383$ & $-0.0487944$ & $0.0131716$ & $-0.0240016$ & $-0.0368217$ & $0.0279395$ & $-0.00696489$ & $-0.0198521$ & $0.0116722$ & $0.0986106$ & $0.0451303$ & $1$ & $0.128401$ & $-0.00296021$ & $-0.00707571$ & $-0.0288333$ & $0.0185457$ & $0.00107766$ & $0.0487791$ & $0.00154572$ & $0.0555562$ & $0.00934852$ & $-0.0321924$ & $0.0394666$ & $-0.0153338$ & $-0.0295595$ & $-0.0145547$ & $-0.0590351$ & $0.00470511$ \\
CdH_33r & $-0.0317826$ & $0.00436764$ & $-0.00652043$ & $-0.0203317$ & $-0.000451205$ & $-0.00163353$ & $-0.0892646$ & $0.0172025$ & $0.0428746$ & $-0.0941246$ & $-0.0297604$ & $0.215139$ & $0.0306889$ & $0.0286949$ & $0.0180723$ & $0.0223764$ & $0.00962368$ & $0.0173384$ & $0.0310899$ & $0.0286663$ & $0.0284269$ & $0.000406586$ & $0.00952829$ & $0.0166118$ & $-0.025286$ & $-0.00435794$ & $0.0140274$ & $0.0417458$ & $0.673577$ & $0.393727$ & $0.128401$ & $1$ & $-0.00954303$ & $0.00765576$ & $-0.0488205$ & $-0.181486$ & $-0.0315815$ & $-0.061639$ & $0.0242345$ & $-0.0776991$ & $0.0275136$ & $0.147326$ & $-0.00158622$ & $-0.0754961$ & $0.0558401$ & $0.0698263$ & $0.138543$ & $0.331864$ \\
CLL_1221 & $0.0108205$ & $0.00473349$ & $-0.00613438$ & $0.00690763$ & $-0.00256433$ & $-0.100474$ & $0.00560136$ & $0.540798$ & $0.536028$ & $-0.308944$ & $-0.335998$ & $-0.163893$ & $-0.174076$ & $-0.46661$ & $-0.0235708$ & $-0.258041$ & $-0.0753793$ & $-0.374855$ & $0.278951$ & $0.402846$ & $0.401694$ & $0.188356$ & $-0.619115$ & $-0.25862$ & $-0.267212$ & $0.681439$ & $0.177546$ & $-0.0102119$ & $-0.00924526$ & $0.0113923$ & $-0.00296021$ & $-0.00954303$ & $1$ & $-0.00406629$ & $0.0105819$ & $-0.00379902$ & $-0.0122718$ & $-0.0125241$ & $0.00234948$ & $-0.0110722$ & $-0.0113931$ & $0.0235319$ & $0.00983584$ & $0.00996288$ & $0.0171335$ & $0.0178401$ & $0.00568276$ & $0.0105743$ \\
eHggint & $0.0483842$ & $0.134531$ & $-0.173707$ & $-0.000410313$ & $0.0124033$ & $0.00588307$ & $-0.0377428$ & $-0.0292857$ & $-0.031805$ & $0.0550221$ & $0.0330317$ & $0.0686166$ & $-0.0227406$ & $-0.0257242$ & $-0.0189094$ & $-0.0100007$ & $0.00264894$ & $-0.00250354$ & $-0.0314909$ & $-0.0321009$ & $-0.0339466$ & $0.0123114$ & $0.00400814$ & $0.000111273$ & $0.0187364$ & $0.00151848$ & $-0.030973$ & $-0.0389334$ & $-0.0586207$ & $-0.0055203$ & $-0.00707571$ & $0.00765576$ & $-0.00406629$ & $1$ & $0.196973$ & $0.0411132$ & $0.0291832$ & $-0.295459$ & $0.00766697$ & $-0.310961$ & $-0.0271673$ & $0.223979$ & $-0.428706$ & $-0.0642917$ & $-0.0329194$ & $0.0893174$ & $0.255944$ & $0.151534$ \\
eHggpar & $-0.105538$ & $-0.089682$ & $0.00403316$ & $0.242336$ & $-0.00785026$ & $0.00971971$ & $-0.0509937$ & $0.00142913$ & $-0.00793363$ & $0.0202183$ & $0.00315029$ & $0.0267063$ & $-5.10434e-05$ & $-0.0147978$ & $-0.000845874$ & $-0.0101623$ & $0.00206868$ & $-0.00882295$ & $-0.00459441$ & $-0.00276635$ & $-0.0030451$ & $-0.00161175$ & $-0.00251448$ & $0.00246239$ & $0.00819597$ & $0.0102576$ & $-0.00278037$ & $-0.0216863$ & $-0.0366101$ & $0.0106773$ & $-0.0288333$ & $-0.0488205$ & $0.0105819$ & $0.196973$ & $1$ & $0.0846959$ & $-0.0202797$ & $0.029685$ & $0.00511866$ & $0.0447555$ & $-0.0629111$ & $-0.051248$ & $-0.214249$ & $0.0806407$ & $-0.138367$ & $0.14553$ & $0.220279$ & $-0.101369$ \\
eHWWint & $0.299484$ & $0.218708$ & $-0.0407873$ & $-0.162593$ & $-0.015482$ & $-0.000925389$ & $0.032348$ & $-0.0190573$ & $-0.0310054$ & $0.0108293$ & $0.0112232$ & $0.012214$ & $0.00326539$ & $-0.00879087$ & $0.00640379$ & $0.011378$ & $0.0167274$ & $0.00755377$ & $-0.0104714$ & $-0.0118999$ & $-0.010468$ & $-0.0140178$ & $0.00778809$ & $-0.00713754$ & $0.0115684$ & $-0.023594$ & $0.00641616$ & $-0.00291301$ & $-0.0520272$ & $-0.054219$ & $0.0185457$ & $-0.181486$ & $-0.00379902$ & $0.0411132$ & $0.0846959$ & $1$ & $-0.0278042$ & $-0.0187054$ & $-0.0686711$ & $0.229012$ & $-0.0927303$ & $-0.383887$ & $-0.349935$ & $0.242561$ & $-0.195809$ & $0.0513777$ & $-0.169751$ & $-0.266237$ \\
eHWWpar & $-0.0384197$ & $-0.0840402$ & $0.0572623$ & $0.0184311$ & $-0.00750256$ & $0.0155645$ & $0.0050807$ & $-0.00119133$ & $-0.0007001$ & $-0.0054012$ & $0.00455148$ & $0.000404968$ & $-0.00485154$ & $0.00745148$ & $-0.00383457$ & $-0.00823801$ & $-0.0102882$ & $-0.00188587$ & $-0.00345734$ & $-0.00539414$ & $-0.00526846$ & $-0.0209934$ & $-0.00151886$ & $-0.00498208$ & $0.0132459$ & $-0.00898721$ & $0.00740055$ & $0.00251883$ & $-0.0184832$ & $-0.00473332$ & $0.00107766$ & $-0.0315815$ & $-0.0122718$ & $0.0291832$ & $-0.0202797$ & $-0.0278042$ & $1$ & $-0.0369354$ & $-0.0302663$ & $-0.0112335$ & $-0.0228365$ & $0.0654722$ & $0.0189255$ & $-0.0106694$ & $-0.0185462$ & $0.038451$ & $0.0125058$ & $-0.0244935$ \\
eHZZint & $0.174214$ & $-0.278324$ & $0.291082$ & $0.097475$ & $-0.0203456$ & $0.00226603$ & $0.051791$ & $0.00582339$ & $0.00128631$ & $-0.0358793$ & $-0.000130112$ & $-0.031906$ & $-0.00286539$ & $0.0113307$ & $0.00572059$ & $-0.0123269$ & $-0.0152307$ & $-0.01131$ & $-0.00174281$ & $-0.00285145$ & $-0.00268546$ & $-0.00612399$ & $-0.00902641$ & $-0.025926$ & $-0.0037313$ & $-0.0194303$ & $-0.00828062$ & $0.0167952$ & $0.00903859$ & $-0.0418258$ & $0.0487791$ & $-0.061639$ & $-0.0125241$ & $-0.295459$ & $0.029685$ & $-0.0187054$ & $-0.0369354$ & $1$ & $-0.0610986$ & $0.471621$ & $-0.00396074$ & $-0.309963$ & $0.339182$ & $-0.0601347$ & $-0.292902$ & $-0.188219$ & $-0.433481$ & $-0.150993$ \\
eHZZpar & $-0.0140918$ & $0.134801$ & $-0.0351783$ & $-0.0322965$ & $0.0122551$ & $-0.0202464$ & $-0.000330953$ & $0.000341972$ & $0.000814984$ & $0.0187071$ & $-0.0128478$ & $0.00849351$ & $0.0188254$ & $0.00407869$ & $0.0132857$ & $0.025241$ & $0.0220095$ & $0.0144468$ & $0.0148068$ & $0.0131133$ & $0.0114644$ & $-0.00172024$ & $0.0164585$ & $0.0236123$ & $-0.00706545$ & $0.00350324$ & $0.0019912$ & $-0.0213747$ & $0.0025421$ & $-0.00346557$ & $0.00154572$ & $0.0242345$ & $0.00234948$ & $0.00766697$ & $0.00511866$ & $-0.0686711$ & $-0.0302663$ & $-0.0610986$ & $1$ & $0.00250133$ & $0.00777043$ & $0.024139$ & $-0.0424577$ & $0.02439$ & $0.029314$ & $-0.0718327$ & $0.0585089$ & $0.0406947$ \\
eHZgaint & $-0.0650729$ & $0.161569$ & $0.369511$ & $0.0108849$ & $-0.026789$ & $0.00758653$ & $0.0634379$ & $-0.0399747$ & $-0.0478631$ & $-0.00853242$ & $0.0460046$ & $-0.00552975$ & $-0.0287775$ & $-0.025855$ & $-0.0162042$ & $-0.0109828$ & $-0.000143924$ & $-0.00672073$ & $-0.0444355$ & $-0.0446195$ & $-0.0432789$ & $-0.00885279$ & $0.0136807$ & $-0.00557297$ & $0.0348986$ & $-0.0203381$ & $-0.0305065$ & $0.0115531$ & $-0.00238088$ & $-0.0485892$ & $0.0555562$ & $-0.0776991$ & $-0.0110722$ & $-0.310961$ & $0.0447555$ & $0.229012$ & $-0.0112335$ & $0.471621$ & $0.00250133$ & $1$ & $-0.0214904$ & $-0.468701$ & $-0.0580216$ & $0.23769$ & $-0.0798482$ & $-0.157528$ & $-0.223998$ & $-0.172431$ \\
eHZgapar & $0.0260589$ & $-0.0369782$ & $0.115636$ & $-0.0166821$ & $0.00645062$ & $0.00955927$ & $0.00530096$ & $-0.000453503$ & $0.000500561$ & $0.00428739$ & $-0.00148084$ & $0.00734241$ & $0.00280918$ & $0.0116057$ & $-0.0110993$ & $0.00498926$ & $-0.00308226$ & $0.0130717$ & $0.00161472$ & $0.00103734$ & $0.00293803$ & $-0.00730604$ & $-0.000317053$ & $0.00428367$ & $0.00463398$ & $-0.000712385$ & $0.0118098$ & $0.0136041$ & $0.00777668$ & $0.00682462$ & $0.00934852$ & $0.0275136$ & $-0.0113931$ & $-0.0271673$ & $-0.0629111$ & $-0.0927303$ & $-0.0228365$ & $-0.00396074$ & $0.00777043$ & $-0.0214904$ & $1$ & $0.0228523$ & $0.0465107$ & $0.103915$ & $-0.0864164$ & $0.0197852$ & $-0.100465$ & $0.0425689$ \\
eHgagaint & $0.0549232$ & $-0.1512$ & $-0.162733$ & $0.105448$ & $0.0163694$ & $-0.00200117$ & $-0.0425296$ & $0.0368403$ & $0.0591317$ & $-0.010153$ & $-0.0290297$ & $-0.00137474$ & $0.00427734$ & $0.00652365$ & $-0.00742602$ & $-0.0137466$ & $-0.0170148$ & $-0.00855198$ & $0.0260209$ & $0.0304756$ & $0.0292344$ & $0.0113053$ & $-0.0335996$ & $-0.0129759$ & $-0.0224436$ & $0.0310813$ & $0.0118261$ & $-0.00603773$ & $0.0248435$ & $0.0541235$ & $-0.0321924$ & $0.147326$ & $0.0235319$ & $0.223979$ & $-0.051248$ & $-0.383887$ & $0.0654722$ & $-0.309963$ & $0.024139$ & $-0.468701$ & $0.0228523$ & $1$ & $0.132492$ & $0.106487$ & $-0.0382606$ & $0.174535$ & $0.482628$ & $0.273426$ \\
eHmumuint & $0.0273586$ & $-0.169629$ & $0.190269$ & $0.234208$ & $-0.00228364$ & $-0.00606617$ & $0.0494973$ & $0.0500721$ & $0.058655$ & $-0.0483565$ & $-0.0519763$ & $-0.0499301$ & $0.0307694$ & $0.0383805$ & $0.0214964$ & $0.0054987$ & $-0.0125364$ & $-0.000269324$ & $0.049635$ & $0.0514506$ & $0.0524839$ & $0.0280178$ & $-0.0163194$ & $-0.0052952$ & $-0.0607589$ & $0.0149249$ & $0.038152$ & $0.0315321$ & $0.0514055$ & $0.0351166$ & $0.0394666$ & $-0.00158622$ & $0.00983584$ & $-0.428706$ & $-0.214249$ & $-0.349935$ & $0.0189255$ & $0.339182$ & $-0.0424577$ & $-0.0580216$ & $0.0465107$ & $0.132492$ & $1$ & $-0.247177$ & $-0.0832269$ & $0.0214257$ & $-0.24775$ & $-0.174516$ \\
eHtautauint & $-0.101112$ & $0.180197$ & $0.163044$ & $-0.00575737$ & $-0.0125923$ & $0.00782607$ & $-0.00623309$ & $-0.00877955$ & $-0.0062426$ & $0.000655373$ & $0.00836732$ & $0.0027434$ & $-0.00945554$ & $-0.0125062$ & $-0.00974415$ & $0.00554321$ & $0.00675628$ & $0.00509045$ & $-0.00625761$ & $-0.00519997$ & $-0.00446718$ & $0.00651611$ & $0.00178226$ & $0.00786542$ & $0.00491367$ & $0.0041996$ & $-0.00367987$ & $0.00099876$ & $0.0166489$ & $-0.0161676$ & $-0.0153338$ & $-0.0754961$ & $0.00996288$ & $-0.0642917$ & $0.0806407$ & $0.242561$ & $-0.0106694$ & $-0.0601347$ & $0.02439$ & $0.23769$ & $0.103915$ & $0.106487$ & $-0.247177$ & $1$ & $-0.00962404$ & $-0.050719$ & $-0.0342109$ & $-0.18993$ \\
eHccint & $-0.0382499$ & $0.00256566$ & $-0.0458112$ & $-0.163877$ & $0.0111592$ & $0.00135745$ & $-0.0252019$ & $0.00573904$ & $0.00582781$ & $0.00429017$ & $-0.00689071$ & $-0.00852045$ & $0.00245819$ & $-0.0106043$ & $-0.00999371$ & $0.006316$ & $0.00871758$ & $0.00662936$ & $0.00571712$ & $0.00842487$ & $0.00552168$ & $-0.00916573$ & $0.000246055$ & $0.0105977$ & $0.0027263$ & $0.0203484$ & $0.00138424$ & $0.00261368$ & $0.0168437$ & $0.0688238$ & $-0.0295595$ & $0.0558401$ & $0.0171335$ & $-0.0329194$ & $-0.138367$ & $-0.195809$ & $-0.0185462$ & $-0.292902$ & $0.029314$ & $-0.0798482$ & $-0.0864164$ & $-0.0382606$ & $-0.0832269$ & $-0.00962404$ & $1$ & $0.0633477$ & $0.253252$ & $0.0542939$ \\
eHccpar & $0.0592907$ & $-0.0863702$ & $-0.16563$ & $-0.261557$ & $0.0114491$ & $0.00870042$ & $-0.0187899$ & $0.0394486$ & $0.0419623$ & $-0.00809651$ & $-0.037172$ & $-0.00622414$ & $0.0226538$ & $0.0155395$ & $0.0152211$ & $-0.00950196$ & $-0.00930891$ & $-0.00806297$ & $0.0351924$ & $0.0368278$ & $0.0372429$ & $0.00296237$ & $-0.0242567$ & $-0.0128777$ & $-0.0230974$ & $0.0163094$ & $0.0211667$ & $0.000720178$ & $-0.0151367$ & $0.211741$ & $-0.0145547$ & $0.0698263$ & $0.0178401$ & $0.0893174$ & $0.14553$ & $0.0513777$ & $0.038451$ & $-0.188219$ & $-0.0718327$ & $-0.157528$ & $0.0197852$ & $0.174535$ & $0.0214257$ & $-0.050719$ & $0.0633477$ & $1$ & $0.392558$ & $0.171893$ \\
eHbbint & $-0.16933$ & $0.023215$ & $-0.195883$ & $-0.177788$ & $0.0119002$ & $0.0016785$ & $-0.0690887$ & $0.00111427$ & $0.00725902$ & $0.0130296$ & $0.00598003$ & $0.0158012$ & $-0.00488305$ & $-0.00970013$ & $-0.00116666$ & $-0.01818$ & $-0.00795172$ & $-0.0141777$ & $-0.00641607$ & $-0.00503409$ & $-0.00645133$ & $-0.00828815$ & $-0.00879738$ & $-0.00844822$ & $0.010338$ & $-0.00415928$ & $0.00539901$ & $-0.0139758$ & $-0.0102032$ & $0.0911446$ & $-0.0590351$ & $0.138543$ & $0.00568276$ & $0.255944$ & $0.220279$ & $-0.169751$ & $0.0125058$ & $-0.433481$ & $0.0585089$ & $-0.223998$ & $-0.100465$ & $0.482628$ & $-0.24775$ & $-0.0342109$ & $0.253252$ & $0.392558$ & $1$ & $0.250997$ \\
eHbbpar & $0.0407013$ & $0.104584$ & $-0.0410657$ & $-0.0739349$ & $0.0128425$ & $0.00389275$ & $-0.00893608$ & $0.00250167$ & $0.00893749$ & $-0.0135487$ & $0.0130496$ & $0.00650376$ & $-0.0279162$ & $-0.0103155$ & $-0.00893879$ & $-0.0326625$ & $-0.0267093$ & $-0.0265138$ & $-0.0129052$ & $-0.0117132$ & $-0.0110169$ & $-0.00678939$ & $-0.0256096$ & $-0.0219364$ & $0.0187564$ & $0.0183919$ & $-0.00878417$ & $-0.00508276$ & $0.0152121$ & $0.0529192$ & $0.00470511$ & $0.331864$ & $0.0105743$ & $0.151534$ & $-0.101369$ & $-0.266237$ & $-0.0244935$ & $-0.150993$ & $0.0406947$ & $-0.172431$ & $0.0425689$ & $0.273426$ & $-0.174516$ & $-0.18993$ & $0.0542939$ & $0.171893$ & $0.250997$ & $1$ \\
