 & AlsMz & dAle5Mz & mtop & mHl & Mz & CW & CHG & CHWB & CHWHB_gaga & CHWHB_gagaorth & CHD & CHbox & CH & CHL1_11 & CHL1_22 & CHL1_33 & CHL3_11 & CHL3_22 & CHL3_33 & CHe_11 & CHe_22 & CHe_33 & CHQ1_11 & CHQ1_33 & CHQ3_11 & CHu_11 & CHd_11 & CHd_33 & CeH_22r & CeH_33r & CuH_22r & CuH_33r & CdH_33r & CLL_1221 & eHggint & eHggpar & eHWWint & eHWWpar & eHZZint & eHZZpar & eHZgaint & eHZgapar & eHgagaint & eHmumuint & eHtautauint & eHccint & eHccpar & eHbbint & eHbbpar \\
AlsMz & $1$ & $0.10837$ & $0.0915996$ & $-0.272187$ & $-0.00292761$ & $0.0166403$ & $-0.0740975$ & $-0.125273$ & $-0.123319$ & $0.0556451$ & $0.113657$ & $-0.0323806$ & $0.200376$ & $0.0308505$ & $0.0684115$ & $-0.0879805$ & $0.062291$ & $0.0292113$ & $0.109287$ & $-0.111136$ & $-0.120036$ & $-0.0728343$ & $0.0876197$ & $0.0616748$ & $0.0201227$ & $0.0466159$ & $-0.0304337$ & $0.0302822$ & $0.00705832$ & $0.0133843$ & $0.0234226$ & $-0.0561049$ & $0.0558583$ & $-0.104364$ & $0.227132$ & $0.0963051$ & $0.559697$ & $-0.274344$ & $0.216287$ & $0.151596$ & $-0.14741$ & $-0.268561$ & $0.209283$ & $0.457542$ & $-0.297419$ & $0.268485$ & $-0.0359694$ & $0.280954$ & $-0.0400936$ \\
dAle5Mz & $0.10837$ & $1$ & $-0.335743$ & $0.32217$ & $0.00393775$ & $-0.0546105$ & $0.138886$ & $-0.294501$ & $-0.295757$ & $0.146148$ & $0.260396$ & $0.065111$ & $-0.132293$ & $0.0478714$ & $0.0487196$ & $0.0160446$ & $0.198356$ & $0.113285$ & $0.104479$ & $-0.256654$ & $-0.225711$ & $-0.177976$ & $-0.124768$ & $0.157678$ & $0.0650901$ & $0.129501$ & $-0.365168$ & $-0.0545677$ & $-0.0412346$ & $-0.0933735$ & $0.0252165$ & $0.117093$ & $-0.0296825$ & $-0.122687$ & $-0.151524$ & $0.176425$ & $0.280755$ & $0.0462359$ & $-0.511419$ & $0.170295$ & $0.158398$ & $-0.343522$ & $-0.346024$ & $0.0456703$ & $0.0575462$ & $0.034514$ & $0.37331$ & $0.260681$ & $0.298191$ \\
mtop & $0.0915996$ & $-0.335743$ & $1$ & $-0.0277956$ & $0.036651$ & $0.125807$ & $-0.0322601$ & $0.0690662$ & $0.07644$ & $0.00412243$ & $-0.0649701$ & $-0.00644729$ & $-0.100513$ & $0.0427736$ & $-0.101067$ & $-0.118478$ & $-0.0395649$ & $0.041665$ & $0.0504194$ & $0.051945$ & $0.068843$ & $0.0965347$ & $0.226199$ & $-0.0629531$ & $0.0661021$ & $-0.160607$ & $0.244943$ & $0.119015$ & $-0.0151481$ & $-0.0213342$ & $0.000422847$ & $-0.0443712$ & $-0.0277691$ & $0.0733577$ & $-0.0422581$ & $-0.116295$ & $-0.162918$ & $-0.0722121$ & $0.105322$ & $-0.0819403$ & $0.213542$ & $-0.126036$ & $0.507128$ & $-0.131662$ & $-0.115372$ & $0.26221$ & $0.245206$ & $0.254937$ & $-0.0969312$ \\
mHl & $-0.272187$ & $0.32217$ & $-0.0277956$ & $1$ & $-0.0917915$ & $0.0345121$ & $0.114973$ & $-0.121824$ & $-0.119487$ & $0.0983515$ & $0.0912258$ & $0.0907061$ & $-0.176238$ & $0.0644866$ & $0.0321608$ & $0.0486818$ & $0.0880776$ & $0.0365761$ & $0.033905$ & $-0.101009$ & $-0.133238$ & $-0.0717749$ & $-0.0685174$ & $0.078093$ & $0.036809$ & $0.0163588$ & $-0.24669$ & $0.0349165$ & $0.0170632$ & $-0.0701517$ & $0.04565$ & $0.105146$ & $-0.0281385$ & $-0.0922598$ & $-0.204808$ & $-0.345653$ & $-0.0502712$ & $0.171743$ & $-0.375748$ & $-0.214878$ & $0.396474$ & $-0.198796$ & $-0.114438$ & $0.02728$ & $0.241839$ & $0.084093$ & $0.29799$ & $-0.0767398$ & $0.201863$ \\
Mz & $-0.00292761$ & $0.00393775$ & $0.036651$ & $-0.0917915$ & $1$ & $-0.00206628$ & $0.00412244$ & $0.106365$ & $0.102946$ & $-0.0735638$ & $-0.0297863$ & $-0.0226155$ & $-0.0784509$ & $-0.0557813$ & $-0.016298$ & $-0.0247337$ & $-0.087206$ & $-0.0727744$ & $-0.0584873$ & $0.090259$ & $0.0927837$ & $0.0766297$ & $0.0176443$ & $-0.116913$ & $-0.050404$ & $-0.0353439$ & $0.135285$ & $-0.0194901$ & $-0.0142051$ & $-0.0470692$ & $-0.0283927$ & $-0.0122921$ & $-0.0452056$ & $0.0707132$ & $-0.00916098$ & $0.107708$ & $0.0357779$ & $-0.0967852$ & $-0.0432219$ & $0.0789969$ & $-0.138299$ & $0.0139436$ & $-0.0703296$ & $-0.0619598$ & $-0.00372288$ & $0.041029$ & $0.026936$ & $0.0455189$ & $0.0475038$ \\
CW & $0.0166403$ & $-0.0546105$ & $0.125807$ & $0.0345121$ & $-0.00206628$ & $1$ & $-0.0263946$ & $-0.0926117$ & $-0.0913794$ & $0.0121143$ & $0.102171$ & $-0.00100538$ & $0.0110363$ & $0.177573$ & $-0.00971669$ & $-0.0261637$ & $-0.143479$ & $0.0211551$ & $0.0363057$ & $-0.0940046$ & $-0.0599598$ & $-0.0596183$ & $-0.0225374$ & $0.0480632$ & $0.0242472$ & $0.0375819$ & $-0.0320933$ & $0.010583$ & $-0.0105247$ & $-0.00987203$ & $0.0237253$ & $-0.024459$ & $0.0221835$ & $-0.148723$ & $0.011127$ & $-0.0588448$ & $-0.0237544$ & $0.0808345$ & $-0.0130397$ & $0.0189526$ & $0.0619311$ & $-0.0317707$ & $0.0643517$ & $-0.021364$ & $-0.032234$ & $0.00425609$ & $0.084904$ & $0.0737415$ & $0.0548865$ \\
CHG & $-0.0740975$ & $0.138886$ & $-0.0322601$ & $0.114973$ & $0.00412244$ & $-0.0263946$ & $1$ & $-0.0509645$ & $-0.0213927$ & $0.0129974$ & $0.0414633$ & $0.0362134$ & $-0.454711$ & $-0.00682298$ & $0.0307944$ & $0.0364266$ & $0.0198094$ & $-0.0141738$ & $-0.013665$ & $-0.0372578$ & $-0.0247002$ & $-0.0406586$ & $-0.0271325$ & $-0.00139782$ & $-0.0199001$ & $0.0664253$ & $-0.121974$ & $-0.0285512$ & $-0.0272132$ & $-0.235681$ & $-0.110635$ & $0.914584$ & $-0.278592$ & $-0.0641018$ & $-0.109181$ & $-0.0244045$ & $0.0975635$ & $-0.108385$ & $-0.152956$ & $0.000675399$ & $0.0670783$ & $-0.0534737$ & $-0.156628$ & $0.0174032$ & $0.0550388$ & $0.0434386$ & $0.047182$ & $0.0358482$ & $-0.031736$ \\
CHWB & $-0.125273$ & $-0.294501$ & $0.0690662$ & $-0.121824$ & $0.106365$ & $-0.0926117$ & $-0.0509645$ & $1$ & $0.99254$ & $-0.467191$ & $-0.882949$ & $-0.160947$ & $0.113453$ & $-0.236608$ & $0.127425$ & $0.138565$ & $-0.59043$ & $-0.550462$ & $-0.537767$ & $0.851101$ & $0.600499$ & $0.544646$ & $0.0303139$ & $-0.610243$ & $-0.614848$ & $-0.263374$ & $0.292664$ & $0.0912906$ & $0.0596231$ & $0.093966$ & $0.0253271$ & $-0.0352655$ & $0.0467914$ & $0.606453$ & $0.0107585$ & $-0.00535139$ & $-0.120361$ & $-0.0570165$ & $0.0625216$ & $-0.0121886$ & $-0.0718008$ & $0.149175$ & $0.0422952$ & $-0.00255356$ & $-0.0353179$ & $0.00551012$ & $-0.146359$ & $-0.179848$ & $-0.100962$ \\
CHWHB_gaga & $-0.123319$ & $-0.295757$ & $0.07644$ & $-0.119487$ & $0.102946$ & $-0.0913794$ & $-0.0213927$ & $0.99254$ & $1$ & $-0.468184$ & $-0.875122$ & $-0.140683$ & $0.116015$ & $-0.242741$ & $0.127099$ & $0.135834$ & $-0.5928$ & $-0.5505$ & $-0.537011$ & $0.848237$ & $0.595983$ & $0.542827$ & $0.0320653$ & $-0.609777$ & $-0.614275$ & $-0.263426$ & $0.291052$ & $0.0947833$ & $0.0663267$ & $0.114884$ & $0.036637$ & $-0.00934719$ & $0.0704922$ & $0.597804$ & $0.0114194$ & $-0.0108887$ & $-0.121283$ & $-0.0573838$ & $0.0602366$ & $-0.0132178$ & $-0.0709974$ & $0.146632$ & $0.0591196$ & $0.00819089$ & $-0.0331746$ & $0.0109948$ & $-0.149481$ & $-0.172431$ & $-0.105407$ \\
CHWHB_gagaorth & $0.0556451$ & $0.146148$ & $0.00412243$ & $0.0983515$ & $-0.0735638$ & $0.0121143$ & $0.0129974$ & $-0.467191$ & $-0.468184$ & $1$ & $0.121432$ & $0.374314$ & $-0.133157$ & $0.68974$ & $-0.00914959$ & $-0.017123$ & $0.764505$ & $0.580974$ & $0.577993$ & $-0.207893$ & $-0.105558$ & $-0.0757667$ & $-0.0305641$ & $0.509368$ & $0.671143$ & $0.0994218$ & $-0.117457$ & $-0.00151739$ & $-0.0573559$ & $-0.110172$ & $-0.0209476$ & $0.0278277$ & $-0.0748059$ & $-0.298938$ & $-0.0306375$ & $-0.0173365$ & $-0.0134268$ & $0.065101$ & $-0.0128373$ & $-0.0737649$ & $0.038671$ & $-0.110719$ & $-0.0151048$ & $-0.00637111$ & $-0.0189616$ & $-0.0940185$ & $0.143816$ & $0.052751$ & $0.0571654$ \\
CHD & $0.113657$ & $0.260396$ & $-0.0649701$ & $0.0912258$ & $-0.0297863$ & $0.102171$ & $0.0414633$ & $-0.882949$ & $-0.875122$ & $0.121432$ & $1$ & $0.0856729$ & $-0.0570171$ & $-0.131428$ & $-0.157462$ & $-0.163057$ & $0.240582$ & $0.295802$ & $0.284514$ & $-0.881391$ & $-0.642371$ & $-0.596922$ & $-0.00720564$ & $0.401238$ & $0.323018$ & $0.243618$ & $-0.245349$ & $-0.108725$ & $-0.0340504$ & $-0.0523658$ & $-0.0157312$ & $0.0245653$ & $-0.024586$ & $-0.479233$ & $0.00529626$ & $0.0260981$ & $0.137685$ & $0.0165206$ & $-0.0790461$ & $0.0575445$ & $0.0370412$ & $-0.116121$ & $-0.0307001$ & $0.00113988$ & $0.0528814$ & $0.045014$ & $0.106487$ & $0.16927$ & $0.0893624$ \\
CHbox & $-0.0323806$ & $0.065111$ & $-0.00644729$ & $0.0907061$ & $-0.0226155$ & $-0.00100538$ & $0.0362134$ & $-0.160947$ & $-0.140683$ & $0.374314$ & $0.0856729$ & $1$ & $-0.12578$ & $-0.0352655$ & $0.0596205$ & $0.0481397$ & $0.0487244$ & $0.039196$ & $0.0686786$ & $0.119511$ & $-0.0417269$ & $-0.0268448$ & $0.0288894$ & $0.0799211$ & $0.0812359$ & $-0.00694779$ & $-0.0596355$ & $0.00240498$ & $0.0121897$ & $0.197928$ & $0.072894$ & $0.153244$ & $0.199743$ & $-0.270965$ & $-0.0123786$ & $-0.0168392$ & $-0.0277941$ & $-0.0234218$ & $-0.0433509$ & $-0.027336$ & $0.022634$ & $-0.0358455$ & $-0.0257684$ & $-0.00930564$ & $0.0123075$ & $-0.0203317$ & $0.116337$ & $-0.00478143$ & $0.00163221$ \\
CH & $0.200376$ & $-0.132293$ & $-0.100513$ & $-0.176238$ & $-0.0784509$ & $0.0110363$ & $-0.454711$ & $0.113453$ & $0.116015$ & $-0.133157$ & $-0.0570171$ & $-0.12578$ & $1$ & $-0.13188$ & $-0.00981591$ & $-0.0559241$ & $-0.140738$ & $-0.0906557$ & $-0.0622499$ & $0.076707$ & $0.0338502$ & $0.0586814$ & $0.0530482$ & $-0.0678925$ & $-0.111588$ & $-0.0696549$ & $0.134225$ & $0.0243076$ & $0.126108$ & $0.393825$ & $0.152925$ & $-0.353305$ & $0.436079$ & $0.087074$ & $0.210235$ & $-0.05402$ & $0.0661522$ & $0.234376$ & $0.21736$ & $0.0443408$ & $-0.0593861$ & $0.0361743$ & $0.266319$ & $0.233409$ & $-0.039421$ & $-0.0143052$ & $-0.278914$ & $0.0605931$ & $-0.0119731$ \\
CHL1_11 & $0.0308505$ & $0.0478714$ & $0.0427736$ & $0.0644866$ & $-0.0557813$ & $0.177573$ & $-0.00682298$ & $-0.236608$ & $-0.242741$ & $0.68974$ & $-0.131428$ & $-0.0352655$ & $-0.13188$ & $1$ & $0.02616$ & $0.0178582$ & $0.603612$ & $0.529318$ & $0.527685$ & $-0.0799184$ & $0.0581427$ & $0.069683$ & $-0.0468142$ & $0.440627$ & $0.602152$ & $0.0533542$ & $-0.0808306$ & $0.0199692$ & $-0.0606258$ & $-0.119535$ & $-0.0256915$ & $-0.0311882$ & $-0.0661989$ & $-0.195641$ & $-0.0330928$ & $-0.0463602$ & $-0.0345494$ & $0.0690728$ & $0.032897$ & $-0.0935364$ & $0.0639197$ & $-0.0856792$ & $-0.0286013$ & $-0.0308038$ & $-0.0195756$ & $-0.0787927$ & $0.107564$ & $0.0274998$ & $0.0532337$ \\
CHL1_22 & $0.0684115$ & $0.0487196$ & $-0.101067$ & $0.0321608$ & $-0.016298$ & $-0.00971669$ & $0.0307944$ & $0.127425$ & $0.127099$ & $-0.00914959$ & $-0.157462$ & $0.0596205$ & $-0.00981591$ & $0.02616$ & $1$ & $0.232187$ & $-0.0570851$ & $-0.507752$ & $-0.147435$ & $0.175667$ & $-0.0567291$ & $0.0025287$ & $-0.0167017$ & $0.130244$ & $-0.173665$ & $0.0815989$ & $-0.291079$ & $0.0168794$ & $0.0269255$ & $-0.0111969$ & $-0.0126803$ & $0.0416836$ & $0.00440121$ & $-0.42668$ & $0.00502665$ & $-0.000235449$ & $0.157186$ & $-0.0640947$ & $-0.0484089$ & $0.0601391$ & $-0.0569846$ & $0.0586634$ & $-0.0229652$ & $0.0781367$ & $0.0197772$ & $0.00471754$ & $0.0199707$ & $0.0618893$ & $0.0209493$ \\
CHL1_33 & $-0.0879805$ & $0.0160446$ & $-0.118478$ & $0.0486818$ & $-0.0247337$ & $-0.0261637$ & $0.0364266$ & $0.138565$ & $0.135834$ & $-0.017123$ & $-0.163057$ & $0.0481397$ & $-0.0559241$ & $0.0178582$ & $0.232187$ & $1$ & $-0.0547939$ & $-0.150161$ & $-0.520734$ & $0.1722$ & $0.0163474$ & $-0.101016$ & $-0.0397868$ & $0.0876555$ & $-0.166659$ & $0.0863521$ & $-0.2641$ & $-0.0755153$ & $0.00313712$ & $-0.0408927$ & $-0.00620698$ & $0.0400381$ & $-0.0298089$ & $-0.044988$ & $0.0385112$ & $-0.0272475$ & $0.0218162$ & $0.0166611$ & $-0.100165$ & $-0.0151378$ & $-0.0242137$ & $0.0654482$ & $-0.0642108$ & $0.0474622$ & $0.0597748$ & $-0.0705045$ & $-0.00857385$ & $-0.0370598$ & $-0.0159233$ \\
CHL3_11 & $0.062291$ & $0.198356$ & $-0.0395649$ & $0.0880776$ & $-0.087206$ & $-0.143479$ & $0.0198094$ & $-0.59043$ & $-0.5928$ & $0.764505$ & $0.240582$ & $0.0487244$ & $-0.140738$ & $0.603612$ & $-0.0570851$ & $-0.0547939$ & $1$ & $0.682985$ & $0.663264$ & $-0.407274$ & $-0.197414$ & $-0.16058$ & $-0.0579219$ & $0.589509$ & $0.776121$ & $0.136365$ & $-0.154889$ & $-0.00979599$ & $-0.0795297$ & $-0.109249$ & $-0.0211332$ & $0.00336363$ & $-0.0615133$ & $-0.239892$ & $-0.0469575$ & $-0.012841$ & $0.017467$ & $0.0766012$ & $-0.0018587$ & $-0.0726792$ & $0.0626143$ & $-0.108637$ & $-0.055784$ & $-0.0148925$ & $-0.0188017$ & $-0.0917204$ & $0.121283$ & $0.0878403$ & $0.0640226$ \\
CHL3_22 & $0.0292113$ & $0.113285$ & $0.041665$ & $0.0365761$ & $-0.0727744$ & $0.0211551$ & $-0.0141738$ & $-0.550462$ & $-0.5505$ & $0.580974$ & $0.295802$ & $0.039196$ & $-0.0906557$ & $0.529318$ & $-0.507752$ & $-0.150161$ & $0.682985$ & $1$ & $0.624105$ & $-0.400367$ & $-0.198529$ & $-0.162035$ & $-0.039502$ & $0.435056$ & $0.752833$ & $0.0911583$ & $0.0254912$ & $-0.0244644$ & $-0.0488623$ & $-0.0765636$ & $-0.0182585$ & $-0.0291413$ & $-0.048498$ & $0.154809$ & $-0.0338456$ & $-0.0251253$ & $-0.0617049$ & $0.101266$ & $0.0373517$ & $-0.077809$ & $0.0790158$ & $-0.12965$ & $-0.024269$ & $-0.0536185$ & $-0.0173848$ & $-0.0555332$ & $0.0691243$ & $0.0356193$ & $0.0109082$ \\
CHL3_33 & $0.109287$ & $0.104479$ & $0.0504194$ & $0.033905$ & $-0.0584873$ & $0.0363057$ & $-0.013665$ & $-0.537767$ & $-0.537011$ & $0.577993$ & $0.284514$ & $0.0686786$ & $-0.0622499$ & $0.527685$ & $-0.147435$ & $-0.520734$ & $0.663264$ & $0.624105$ & $1$ & $-0.372295$ & $-0.179923$ & $-0.146487$ & $-0.00202051$ & $0.438509$ & $0.743812$ & $0.059837$ & $0.0507071$ & $0.0235231$ & $-0.0469739$ & $-0.0695652$ & $-0.0121645$ & $-0.0267725$ & $-0.0402194$ & $-0.217819$ & $-0.0531057$ & $-0.011933$ & $0.00694144$ & $0.0488616$ & $0.0968671$ & $-0.0561962$ & $0.0611029$ & $-0.125401$ & $-0.0138359$ & $-0.042914$ & $-0.0438251$ & $-0.0176609$ & $0.107024$ & $0.0655822$ & $0.049407$ \\
CHe_11 & $-0.111136$ & $-0.256654$ & $0.051945$ & $-0.101009$ & $0.090259$ & $-0.0940046$ & $-0.0372578$ & $0.851101$ & $0.848237$ & $-0.207893$ & $-0.881391$ & $0.119511$ & $0.076707$ & $-0.0799184$ & $0.175667$ & $0.1722$ & $-0.407274$ & $-0.400367$ & $-0.372295$ & $1$ & $0.61577$ & $0.575143$ & $0.0201535$ & $-0.466687$ & $-0.43272$ & $-0.248718$ & $0.236139$ & $0.095977$ & $0.046888$ & $0.0710589$ & $0.0195691$ & $0.000521777$ & $0.0302077$ & $0.373756$ & $0.00615954$ & $-0.00168408$ & $-0.116079$ & $-0.0293411$ & $0.0553619$ & $-0.0263985$ & $-0.0493266$ & $0.118161$ & $0.0455928$ & $0.0186936$ & $-0.0556482$ & $-0.0310031$ & $-0.114887$ & $-0.15162$ & $-0.0916499$ \\
CHe_22 & $-0.120036$ & $-0.225711$ & $0.068843$ & $-0.133238$ & $0.0927837$ & $-0.0599598$ & $-0.0247002$ & $0.600499$ & $0.595983$ & $-0.105558$ & $-0.642371$ & $-0.0417269$ & $0.0338502$ & $0.0581427$ & $-0.0567291$ & $0.0163474$ & $-0.197414$ & $-0.198529$ & $-0.179923$ & $0.61577$ & $1$ & $0.463524$ & $0.0051221$ & $-0.38942$ & $-0.24499$ & $-0.202334$ & $0.318148$ & $0.0787544$ & $0.0231852$ & $0.0318787$ & $0.0110301$ & $-0.0207842$ & $0.00428995$ & $0.34084$ & $-0.00310189$ & $0.000395302$ & $-0.164014$ & $-0.0171541$ & $0.0913283$ & $-0.0516269$ & $-0.0308925$ & $0.0972484$ & $0.00641378$ & $-0.0571012$ & $-0.0604727$ & $-0.041154$ & $-0.0791175$ & $-0.149527$ & $-0.0782557$ \\
CHe_33 & $-0.0728343$ & $-0.177976$ & $0.0965347$ & $-0.0717749$ & $0.0766297$ & $-0.0596183$ & $-0.0406586$ & $0.544646$ & $0.542827$ & $-0.0757667$ & $-0.596922$ & $-0.0268448$ & $0.0586814$ & $0.069683$ & $0.0025287$ & $-0.101016$ & $-0.16058$ & $-0.162035$ & $-0.146487$ & $0.575143$ & $0.463524$ & $1$ & $0.0132148$ & $-0.343411$ & $-0.217792$ & $-0.192737$ & $0.279309$ & $0.146858$ & $0.0332258$ & $0.0485406$ & $0.0253056$ & $-0.0288647$ & $0.0344672$ & $0.311576$ & $-0.015979$ & $-0.00624397$ & $-0.140801$ & $0.00996707$ & $0.0686817$ & $-0.0129353$ & $-0.0201489$ & $0.101408$ & $0.0475264$ & $-0.0294595$ & $-0.0648112$ & $-0.0394607$ & $-0.0606539$ & $-0.106712$ & $-0.0423086$ \\
CHQ1_11 & $0.0876197$ & $-0.124768$ & $0.226199$ & $-0.0685174$ & $0.0176443$ & $-0.0225374$ & $-0.0271325$ & $0.0303139$ & $0.0320653$ & $-0.0305641$ & $-0.00720564$ & $0.0288894$ & $0.0530482$ & $-0.0468142$ & $-0.0167017$ & $-0.0397868$ & $-0.0579219$ & $-0.039502$ & $-0.00202051$ & $0.0201535$ & $0.0051221$ & $0.0132148$ & $1$ & $-0.0834913$ & $0.02047$ & $-0.579731$ & $0.270156$ & $-0.0105948$ & $0.0364773$ & $0.0457174$ & $0.0433538$ & $-0.018986$ & $0.00767431$ & $0.00418262$ & $0.0329306$ & $-0.0134282$ & $-0.0610283$ & $-0.083285$ & $0.130796$ & $0.0297423$ & $-0.022701$ & $-0.0035955$ & $0.117559$ & $-0.0339499$ & $-0.0119796$ & $0.0424236$ & $0.0689473$ & $-0.0578103$ & $-0.11444$ \\
CHQ1_33 & $0.0616748$ & $0.157678$ & $-0.0629531$ & $0.078093$ & $-0.116913$ & $0.0480632$ & $-0.00139782$ & $-0.610243$ & $-0.609777$ & $0.509368$ & $0.401238$ & $0.0799211$ & $-0.0678925$ & $0.440627$ & $0.130244$ & $0.0876555$ & $0.589509$ & $0.435056$ & $0.438509$ & $-0.466687$ & $-0.38942$ & $-0.343411$ & $-0.0834913$ & $1$ & $0.544526$ & $0.213538$ & $-0.240623$ & $0.0624121$ & $-0.0634758$ & $-0.0815277$ & $-0.00717292$ & $-0.0112386$ & $-0.0263994$ & $-0.431169$ & $-0.035221$ & $-0.00771819$ & $0.0600965$ & $0.107259$ & $-0.00642199$ & $0.0126685$ & $0.0391699$ & $-0.0796431$ & $-0.0519644$ & $-0.00965732$ & $0.0187438$ & $-0.092238$ & $0.11042$ & $0.0914049$ & $0.0855024$ \\
CHQ3_11 & $0.0201227$ & $0.0650901$ & $0.0661021$ & $0.036809$ & $-0.050404$ & $0.0242472$ & $-0.0199001$ & $-0.614848$ & $-0.614275$ & $0.671143$ & $0.323018$ & $0.0812359$ & $-0.111588$ & $0.602152$ & $-0.173665$ & $-0.166659$ & $0.776121$ & $0.752833$ & $0.743812$ & $-0.43272$ & $-0.24499$ & $-0.217792$ & $0.02047$ & $0.544526$ & $1$ & $0.0441445$ & $0.131365$ & $-0.0112816$ & $-0.0590274$ & $-0.0984684$ & $-0.0245534$ & $-0.0369585$ & $-0.0595875$ & $-0.211206$ & $-0.0729856$ & $-0.0169304$ & $-0.0784301$ & $0.108313$ & $0.116213$ & $-0.0951157$ & $0.058337$ & $-0.0965782$ & $-0.0294434$ & $-0.0968084$ & $-0.0367304$ & $-0.0536841$ & $0.0969078$ & $0.0168481$ & $0.00749374$ \\
CHu_11 & $0.0466159$ & $0.129501$ & $-0.160607$ & $0.0163588$ & $-0.0353439$ & $0.0375819$ & $0.0664253$ & $-0.263374$ & $-0.263426$ & $0.0994218$ & $0.243618$ & $-0.00694779$ & $-0.0696549$ & $0.0533542$ & $0.0815989$ & $0.0863521$ & $0.136365$ & $0.0911583$ & $0.059837$ & $-0.248718$ & $-0.202334$ & $-0.192737$ & $-0.579731$ & $0.213538$ & $0.0441445$ & $1$ & $-0.0904803$ & $0.00412338$ & $-0.0669114$ & $-0.069625$ & $-0.0440515$ & $0.0559392$ & $-0.0306332$ & $-0.193059$ & $-0.0929617$ & $0.14656$ & $0.183437$ & $0.0314111$ & $-0.0414691$ & $0.0379467$ & $-0.0268051$ & $-0.0285209$ & $-0.0913675$ & $-0.0202289$ & $-0.0773222$ & $-0.0421028$ & $0.00553825$ & $0.0906309$ & $0.0946477$ \\
CHd_11 & $-0.0304337$ & $-0.365168$ & $0.244943$ & $-0.24669$ & $0.135285$ & $-0.0320933$ & $-0.121974$ & $0.292664$ & $0.291052$ & $-0.117457$ & $-0.245349$ & $-0.0596355$ & $0.134225$ & $-0.0808306$ & $-0.291079$ & $-0.2641$ & $-0.154889$ & $0.0254912$ & $0.0507071$ & $0.236139$ & $0.318148$ & $0.279309$ & $0.270156$ & $-0.240623$ & $0.131365$ & $-0.0904803$ & $1$ & $0.10327$ & $0.0170462$ & $0.0872298$ & $0.0331926$ & $-0.1134$ & $0.0440379$ & $0.35552$ & $-0.156203$ & $0.165121$ & $-0.17898$ & $0.001942$ & $0.37026$ & $-0.0208904$ & $-0.113975$ & $0.0485332$ & $0.0596449$ & $-0.193754$ & $-0.215269$ & $0.031269$ & $-0.0834338$ & $-0.235535$ & $-0.146812$ \\
CHd_33 & $0.0302822$ & $-0.0545677$ & $0.119015$ & $0.0349165$ & $-0.0194901$ & $0.010583$ & $-0.0285512$ & $0.0912906$ & $0.0947833$ & $-0.00151739$ & $-0.108725$ & $0.00240498$ & $0.0243076$ & $0.0199692$ & $0.0168794$ & $-0.0755153$ & $-0.00979599$ & $-0.0244644$ & $0.0235231$ & $0.095977$ & $0.0787544$ & $0.146858$ & $-0.0105948$ & $0.0624121$ & $-0.0112816$ & $0.00412338$ & $0.10327$ & $1$ & $-0.0242471$ & $0.0467843$ & $0.0622162$ & $-0.015296$ & $0.0800755$ & $0.0463479$ & $0.00754726$ & $0.0246953$ & $-0.00979273$ & $-0.0304022$ & $0.0102121$ & $0.00360179$ & $-0.0038292$ & $0.0122443$ & $0.0537418$ & $0.0172085$ & $0.0017536$ & $-0.0299373$ & $0.0176239$ & $0.0632078$ & $0.0846907$ \\
CeH_22r & $0.00705832$ & $-0.0412346$ & $-0.0151481$ & $0.0170632$ & $-0.0142051$ & $-0.0105247$ & $-0.0272132$ & $0.0596231$ & $0.0663267$ & $-0.0573559$ & $-0.0340504$ & $0.0121897$ & $0.126108$ & $-0.0606258$ & $0.0269255$ & $0.00313712$ & $-0.0795297$ & $-0.0488623$ & $-0.0469739$ & $0.046888$ & $0.0231852$ & $0.0332258$ & $0.0364773$ & $-0.0634758$ & $-0.0590274$ & $-0.0669114$ & $0.0170462$ & $-0.0242471$ & $1$ & $0.0837352$ & $0.0304261$ & $-0.0327257$ & $0.068827$ & $0.0366284$ & $0.0111192$ & $-0.0533837$ & $-0.0283208$ & $0.0138411$ & $0.0170274$ & $0.0213305$ & $-0.00560369$ & $0.0240929$ & $0.0366586$ & $0.0463159$ & $0.0197834$ & $0.0320955$ & $-0.0476251$ & $-0.0570331$ & $-0.0712478$ \\
CeH_33r & $0.0133843$ & $-0.0933735$ & $-0.0213342$ & $-0.0701517$ & $-0.0470692$ & $-0.00987203$ & $-0.235681$ & $0.093966$ & $0.114884$ & $-0.110172$ & $-0.0523658$ & $0.197928$ & $0.393825$ & $-0.119535$ & $-0.0111969$ & $-0.0408927$ & $-0.109249$ & $-0.0765636$ & $-0.0695652$ & $0.0710589$ & $0.0318787$ & $0.0485406$ & $0.0457174$ & $-0.0815277$ & $-0.0984684$ & $-0.069625$ & $0.0872298$ & $0.0467843$ & $0.0837352$ & $1$ & $0.342606$ & $-0.0322684$ & $0.730661$ & $0.0685534$ & $0.0684446$ & $-0.0118888$ & $-0.0373574$ & $0.0495743$ & $0.0812604$ & $0.00939395$ & $-0.0387587$ & $0.0513602$ & $0.109569$ & $0.0876473$ & $0.0318192$ & $-0.000479305$ & $-0.11092$ & $0.00401668$ & $-0.0507171$ \\
CuH_22r & $0.0234226$ & $0.0252165$ & $0.000422847$ & $0.04565$ & $-0.0283927$ & $0.0237253$ & $-0.110635$ & $0.0253271$ & $0.036637$ & $-0.0209476$ & $-0.0157312$ & $0.072894$ & $0.152925$ & $-0.0256915$ & $-0.0126803$ & $-0.00620698$ & $-0.0211332$ & $-0.0182585$ & $-0.0121645$ & $0.0195691$ & $0.0110301$ & $0.0253056$ & $0.0433538$ & $-0.00717292$ & $-0.0245534$ & $-0.0440515$ & $0.0331926$ & $0.0622162$ & $0.0304261$ & $0.342606$ & $1$ & $0.0195008$ & $0.409862$ & $0.0252813$ & $0.00430797$ & $0.00881354$ & $-0.00915956$ & $-0.00178076$ & $-0.0126985$ & $0.0408804$ & $-6.00841e-06$ & $0.0271343$ & $0.0222168$ & $0.0421068$ & $0.0115255$ & $-0.0238665$ & $0.0630101$ & $-0.00871127$ & $-0.0110551$ \\
CuH_33r & $-0.0561049$ & $0.117093$ & $-0.0443712$ & $0.105146$ & $-0.0122921$ & $-0.024459$ & $0.914584$ & $-0.0352655$ & $-0.00934719$ & $0.0278277$ & $0.0245653$ & $0.153244$ & $-0.353305$ & $-0.0311882$ & $0.0416836$ & $0.0400381$ & $0.00336363$ & $-0.0291413$ & $-0.0267725$ & $0.000521777$ & $-0.0207842$ & $-0.0288647$ & $-0.018986$ & $-0.0112386$ & $-0.0369585$ & $0.0559392$ & $-0.1134$ & $-0.015296$ & $-0.0327257$ & $-0.0322684$ & $0.0195008$ & $1$ & $-0.0153276$ & $-0.0689297$ & $-0.0833992$ & $-0.0288249$ & $0.105459$ & $-0.0970589$ & $-0.135949$ & $0.00546914$ & $0.0642097$ & $-0.0421658$ & $-0.119089$ & $0.0636318$ & $0.0487725$ & $0.0287125$ & $0.0203417$ & $0.0440438$ & $-0.0486027$ \\
CdH_33r & $0.0558583$ & $-0.0296825$ & $-0.0277691$ & $-0.0281385$ & $-0.0452056$ & $0.0221835$ & $-0.278592$ & $0.0467914$ & $0.0704922$ & $-0.0748059$ & $-0.024586$ & $0.199743$ & $0.436079$ & $-0.0661989$ & $0.00440121$ & $-0.0298089$ & $-0.0615133$ & $-0.048498$ & $-0.0402194$ & $0.0302077$ & $0.00428995$ & $0.0344672$ & $0.00767431$ & $-0.0263994$ & $-0.0595875$ & $-0.0306332$ & $0.0440379$ & $0.0800755$ & $0.068827$ & $0.730661$ & $0.409862$ & $-0.0153276$ & $1$ & $0.0289642$ & $0.067841$ & $0.0113099$ & $0.0112056$ & $0.0708187$ & $0.0107544$ & $0.00764795$ & $-0.0282502$ & $0.0575702$ & $0.131098$ & $0.0933465$ & $-0.00518821$ & $-0.0280755$ & $-0.0438241$ & $0.124615$ & $0.0992081$ \\
CLL_1221 & $-0.104364$ & $-0.122687$ & $0.0733577$ & $-0.0922598$ & $0.0707132$ & $-0.148723$ & $-0.0641018$ & $0.606453$ & $0.597804$ & $-0.298938$ & $-0.479233$ & $-0.270965$ & $0.087074$ & $-0.195641$ & $-0.42668$ & $-0.044988$ & $-0.239892$ & $0.154809$ & $-0.217819$ & $0.373756$ & $0.34084$ & $0.311576$ & $0.00418262$ & $-0.431169$ & $-0.211206$ & $-0.193059$ & $0.35552$ & $0.0463479$ & $0.0366284$ & $0.0685534$ & $0.0252813$ & $-0.0689297$ & $0.0289642$ & $1$ & $-0.0238716$ & $0.00892971$ & $-0.140897$ & $0.00154329$ & $0.0366391$ & $-0.0270701$ & $-0.0174292$ & $0.0337621$ & $-0.00547367$ & $-0.0522292$ & $-0.0297389$ & $0.00781858$ & $-0.101372$ & $-0.145392$ & $-0.0847426$ \\
eHggint & $0.227132$ & $-0.151524$ & $-0.0422581$ & $-0.204808$ & $-0.00916098$ & $0.011127$ & $-0.109181$ & $0.0107585$ & $0.0114194$ & $-0.0306375$ & $0.00529626$ & $-0.0123786$ & $0.210235$ & $-0.0330928$ & $0.00502665$ & $0.0385112$ & $-0.0469575$ & $-0.0338456$ & $-0.0531057$ & $0.00615954$ & $-0.00310189$ & $-0.015979$ & $0.0329306$ & $-0.035221$ & $-0.0729856$ & $-0.0929617$ & $-0.156203$ & $0.00754726$ & $0.0111192$ & $0.0684446$ & $0.00430797$ & $-0.0833992$ & $0.067841$ & $-0.0238716$ & $1$ & $-0.337764$ & $-0.127746$ & $-0.0123078$ & $-0.00468224$ & $-0.240194$ & $0.159587$ & $0.007765$ & $0.190208$ & $0.219629$ & $0.349193$ & $-0.155321$ & $-0.250341$ & $0.0791416$ & $-0.0867598$ \\
eHggpar & $0.0963051$ & $0.176425$ & $-0.116295$ & $-0.345653$ & $0.107708$ & $-0.0588448$ & $-0.0244045$ & $-0.00535139$ & $-0.0108887$ & $-0.0173365$ & $0.0260981$ & $-0.0168392$ & $-0.05402$ & $-0.0463602$ & $-0.000235449$ & $-0.0272475$ & $-0.012841$ & $-0.0251253$ & $-0.011933$ & $-0.00168408$ & $0.000395302$ & $-0.00624397$ & $-0.0134282$ & $-0.00771819$ & $-0.0169304$ & $0.14656$ & $0.165121$ & $0.0246953$ & $-0.0533837$ & $-0.0118888$ & $0.00881354$ & $-0.0288249$ & $0.0113099$ & $0.00892971$ & $-0.337764$ & $1$ & $0.164662$ & $-0.19244$ & $-0.164941$ & $0.259946$ & $-0.302636$ & $0.22381$ & $-0.111865$ & $-0.331796$ & $-0.502326$ & $-0.200096$ & $0.24$ & $0.201924$ & $0.23701$ \\
eHWWint & $0.559697$ & $0.280755$ & $-0.162918$ & $-0.0502712$ & $0.0357779$ & $-0.0237544$ & $0.0975635$ & $-0.120361$ & $-0.121283$ & $-0.0134268$ & $0.137685$ & $-0.0277941$ & $0.0661522$ & $-0.0345494$ & $0.157186$ & $0.0218162$ & $0.017467$ & $-0.0617049$ & $0.00694144$ & $-0.116079$ & $-0.164014$ & $-0.140801$ & $-0.0610283$ & $0.0600965$ & $-0.0784301$ & $0.183437$ & $-0.17898$ & $-0.00979273$ & $-0.0283208$ & $-0.0373574$ & $-0.00915956$ & $0.105459$ & $0.0112056$ & $-0.140897$ & $-0.127746$ & $0.164662$ & $1$ & $-0.169997$ & $0.0632246$ & $0.223566$ & $-0.0568758$ & $-0.298108$ & $-0.108336$ & $0.312765$ & $-0.160536$ & $0.156716$ & $0.075385$ & $0.325234$ & $0.188788$ \\
eHWWpar & $-0.274344$ & $0.0462359$ & $-0.0722121$ & $0.171743$ & $-0.0967852$ & $0.0808345$ & $-0.108385$ & $-0.0570165$ & $-0.0573838$ & $0.065101$ & $0.0165206$ & $-0.0234218$ & $0.234376$ & $0.0690728$ & $-0.0640947$ & $0.0166611$ & $0.0766012$ & $0.101266$ & $0.0488616$ & $-0.0293411$ & $-0.0171541$ & $0.00996707$ & $-0.083285$ & $0.107259$ & $0.108313$ & $0.0314111$ & $0.001942$ & $-0.0304022$ & $0.0138411$ & $0.0495743$ & $-0.00178076$ & $-0.0970589$ & $0.0708187$ & $0.00154329$ & $-0.0123078$ & $-0.19244$ & $-0.169997$ & $1$ & $0.0092262$ & $0.0607374$ & $0.414004$ & $0.0363052$ & $0.103978$ & $-0.176431$ & $-0.163124$ & $-0.419802$ & $0.0909827$ & $0.109848$ & $0.0959293$ \\
eHZZint & $0.216287$ & $-0.511419$ & $0.105322$ & $-0.375748$ & $-0.0432219$ & $-0.0130397$ & $-0.152956$ & $0.0625216$ & $0.0602366$ & $-0.0128373$ & $-0.0790461$ & $-0.0433509$ & $0.21736$ & $0.032897$ & $-0.0484089$ & $-0.100165$ & $-0.0018587$ & $0.0373517$ & $0.0968671$ & $0.0553619$ & $0.0913283$ & $0.0686817$ & $0.130796$ & $-0.00642199$ & $0.116213$ & $-0.0414691$ & $0.37026$ & $0.0102121$ & $0.0170274$ & $0.0812604$ & $-0.0126985$ & $-0.135949$ & $0.0107544$ & $0.0366391$ & $-0.00468224$ & $-0.164941$ & $0.0632246$ & $0.0092262$ & $1$ & $-0.00721192$ & $-0.110194$ & $-0.081178$ & $0.106127$ & $0.15527$ & $-0.232463$ & $0.00591751$ & $-0.377301$ & $-0.317011$ & $-0.397874$ \\
eHZZpar & $0.151596$ & $0.170295$ & $-0.0819403$ & $-0.214878$ & $0.0789969$ & $0.0189526$ & $0.000675399$ & $-0.0121886$ & $-0.0132178$ & $-0.0737649$ & $0.0575445$ & $-0.027336$ & $0.0443408$ & $-0.0935364$ & $0.0601391$ & $-0.0151378$ & $-0.0726792$ & $-0.077809$ & $-0.0561962$ & $-0.0263985$ & $-0.0516269$ & $-0.0129353$ & $0.0297423$ & $0.0126685$ & $-0.0951157$ & $0.0379467$ & $-0.0208904$ & $0.00360179$ & $0.0213305$ & $0.00939395$ & $0.0408804$ & $0.00546914$ & $0.00764795$ & $-0.0270701$ & $-0.240194$ & $0.259946$ & $0.223566$ & $0.0607374$ & $-0.00721192$ & $1$ & $-0.154074$ & $0.128885$ & $-0.0629313$ & $-0.012594$ & $-0.166417$ & $-0.156395$ & $0.254326$ & $0.123407$ & $0.0419151$ \\
eHZgaint & $-0.14741$ & $0.158398$ & $0.213542$ & $0.396474$ & $-0.138299$ & $0.0619311$ & $0.0670783$ & $-0.0718008$ & $-0.0709974$ & $0.038671$ & $0.0370412$ & $0.022634$ & $-0.0593861$ & $0.0639197$ & $-0.0569846$ & $-0.0242137$ & $0.0626143$ & $0.0790158$ & $0.0611029$ & $-0.0493266$ & $-0.0308925$ & $-0.0201489$ & $-0.022701$ & $0.0391699$ & $0.058337$ & $-0.0268051$ & $-0.113975$ & $-0.0038292$ & $-0.00560369$ & $-0.0387587$ & $-6.00841e-06$ & $0.0642097$ & $-0.0282502$ & $-0.0174292$ & $0.159587$ & $-0.302636$ & $-0.0568758$ & $0.414004$ & $-0.110194$ & $-0.154074$ & $1$ & $-0.199803$ & $0.0836528$ & $-0.175956$ & $0.07093$ & $-0.100089$ & $0.206385$ & $0.270581$ & $0.0866745$ \\
eHZgapar & $-0.268561$ & $-0.343522$ & $-0.126036$ & $-0.198796$ & $0.0139436$ & $-0.0317707$ & $-0.0534737$ & $0.149175$ & $0.146632$ & $-0.110719$ & $-0.116121$ & $-0.0358455$ & $0.0361743$ & $-0.0856792$ & $0.0586634$ & $0.0654482$ & $-0.108637$ & $-0.12965$ & $-0.125401$ & $0.118161$ & $0.0972484$ & $0.101408$ & $-0.0035955$ & $-0.0796431$ & $-0.0965782$ & $-0.0285209$ & $0.0485332$ & $0.0122443$ & $0.0240929$ & $0.0513602$ & $0.0271343$ & $-0.0421658$ & $0.0575702$ & $0.0337621$ & $0.007765$ & $0.22381$ & $-0.298108$ & $0.0363052$ & $-0.081178$ & $0.128885$ & $-0.199803$ & $1$ & $-0.0689245$ & $-0.383756$ & $-0.0101885$ & $-0.246948$ & $-0.11169$ & $-0.0641319$ & $0.0593993$ \\
eHgagaint & $0.209283$ & $-0.346024$ & $0.507128$ & $-0.114438$ & $-0.0703296$ & $0.0643517$ & $-0.156628$ & $0.0422952$ & $0.0591196$ & $-0.0151048$ & $-0.0307001$ & $-0.0257684$ & $0.266319$ & $-0.0286013$ & $-0.0229652$ & $-0.0642108$ & $-0.055784$ & $-0.024269$ & $-0.0138359$ & $0.0455928$ & $0.00641378$ & $0.0475264$ & $0.117559$ & $-0.0519644$ & $-0.0294434$ & $-0.0913675$ & $0.0596449$ & $0.0537418$ & $0.0366586$ & $0.109569$ & $0.0222168$ & $-0.119089$ & $0.131098$ & $-0.00547367$ & $0.190208$ & $-0.111865$ & $-0.108336$ & $0.103978$ & $0.106127$ & $-0.0629313$ & $0.0836528$ & $-0.0689245$ & $1$ & $0.324769$ & $-0.161796$ & $0.0813653$ & $-0.0770929$ & $0.260251$ & $-0.114145$ \\
eHmumuint & $0.457542$ & $0.0456703$ & $-0.131662$ & $0.02728$ & $-0.0619598$ & $-0.021364$ & $0.0174032$ & $-0.00255356$ & $0.00819089$ & $-0.00637111$ & $0.00113988$ & $-0.00930564$ & $0.233409$ & $-0.0308038$ & $0.0781367$ & $0.0474622$ & $-0.0148925$ & $-0.0536185$ & $-0.042914$ & $0.0186936$ & $-0.0571012$ & $-0.0294595$ & $-0.0339499$ & $-0.00965732$ & $-0.0968084$ & $-0.0202289$ & $-0.193754$ & $0.0172085$ & $0.0463159$ & $0.0876473$ & $0.0421068$ & $0.0636318$ & $0.0933465$ & $-0.0522292$ & $0.219629$ & $-0.331796$ & $0.312765$ & $-0.176431$ & $0.15527$ & $-0.012594$ & $-0.175956$ & $-0.383756$ & $0.324769$ & $1$ & $0.109999$ & $0.239827$ & $-0.306615$ & $-0.0267519$ & $-0.270342$ \\
eHtautauint & $-0.297419$ & $0.0575462$ & $-0.115372$ & $0.241839$ & $-0.00372288$ & $-0.032234$ & $0.0550388$ & $-0.0353179$ & $-0.0331746$ & $-0.0189616$ & $0.0528814$ & $0.0123075$ & $-0.039421$ & $-0.0195756$ & $0.0197772$ & $0.0597748$ & $-0.0188017$ & $-0.0173848$ & $-0.0438251$ & $-0.0556482$ & $-0.0604727$ & $-0.0648112$ & $-0.0119796$ & $0.0187438$ & $-0.0367304$ & $-0.0773222$ & $-0.215269$ & $0.0017536$ & $0.0197834$ & $0.0318192$ & $0.0115255$ & $0.0487725$ & $-0.00518821$ & $-0.0297389$ & $0.349193$ & $-0.502326$ & $-0.160536$ & $-0.163124$ & $-0.232463$ & $-0.166417$ & $0.07093$ & $-0.0101885$ & $-0.161796$ & $0.109999$ & $1$ & $0.12267$ & $-0.117804$ & $-0.114815$ & $-0.0443227$ \\
eHccint & $0.268485$ & $0.034514$ & $0.26221$ & $0.084093$ & $0.041029$ & $0.00425609$ & $0.0434386$ & $0.00551012$ & $0.0109948$ & $-0.0940185$ & $0.045014$ & $-0.0203317$ & $-0.0143052$ & $-0.0787927$ & $0.00471754$ & $-0.0705045$ & $-0.0917204$ & $-0.0555332$ & $-0.0176609$ & $-0.0310031$ & $-0.041154$ & $-0.0394607$ & $0.0424236$ & $-0.092238$ & $-0.0536841$ & $-0.0421028$ & $0.031269$ & $-0.0299373$ & $0.0320955$ & $-0.000479305$ & $-0.0238665$ & $0.0287125$ & $-0.0280755$ & $0.00781858$ & $-0.155321$ & $-0.200096$ & $0.156716$ & $-0.419802$ & $0.00591751$ & $-0.156395$ & $-0.100089$ & $-0.246948$ & $0.0813653$ & $0.239827$ & $0.12267$ & $1$ & $-0.305263$ & $0.0316327$ & $-0.192907$ \\
eHccpar & $-0.0359694$ & $0.37331$ & $0.245206$ & $0.29799$ & $0.026936$ & $0.084904$ & $0.047182$ & $-0.146359$ & $-0.149481$ & $0.143816$ & $0.106487$ & $0.116337$ & $-0.278914$ & $0.107564$ & $0.0199707$ & $-0.00857385$ & $0.121283$ & $0.0691243$ & $0.107024$ & $-0.114887$ & $-0.0791175$ & $-0.0606539$ & $0.0689473$ & $0.11042$ & $0.0969078$ & $0.00553825$ & $-0.0834338$ & $0.0176239$ & $-0.0476251$ & $-0.11092$ & $0.0630101$ & $0.0203417$ & $-0.0438241$ & $-0.101372$ & $-0.250341$ & $0.24$ & $0.075385$ & $0.0909827$ & $-0.377301$ & $0.254326$ & $0.206385$ & $-0.11169$ & $-0.0770929$ & $-0.306615$ & $-0.117804$ & $-0.305263$ & $1$ & $0.306643$ & $0.509845$ \\
eHbbint & $0.280954$ & $0.260681$ & $0.254937$ & $-0.0767398$ & $0.0455189$ & $0.0737415$ & $0.0358482$ & $-0.179848$ & $-0.172431$ & $0.052751$ & $0.16927$ & $-0.00478143$ & $0.0605931$ & $0.0274998$ & $0.0618893$ & $-0.0370598$ & $0.0878403$ & $0.0356193$ & $0.0655822$ & $-0.15162$ & $-0.149527$ & $-0.106712$ & $-0.0578103$ & $0.0914049$ & $0.0168481$ & $0.0906309$ & $-0.235535$ & $0.0632078$ & $-0.0570331$ & $0.00401668$ & $-0.00871127$ & $0.0440438$ & $0.124615$ & $-0.145392$ & $0.0791416$ & $0.201924$ & $0.325234$ & $0.109848$ & $-0.317011$ & $0.123407$ & $0.270581$ & $-0.0641319$ & $0.260251$ & $-0.0267519$ & $-0.114815$ & $0.0316327$ & $0.306643$ & $1$ & $0.431891$ \\
eHbbpar & $-0.0400936$ & $0.298191$ & $-0.0969312$ & $0.201863$ & $0.0475038$ & $0.0548865$ & $-0.031736$ & $-0.100962$ & $-0.105407$ & $0.0571654$ & $0.0893624$ & $0.00163221$ & $-0.0119731$ & $0.0532337$ & $0.0209493$ & $-0.0159233$ & $0.0640226$ & $0.0109082$ & $0.049407$ & $-0.0916499$ & $-0.0782557$ & $-0.0423086$ & $-0.11444$ & $0.0855024$ & $0.00749374$ & $0.0946477$ & $-0.146812$ & $0.0846907$ & $-0.0712478$ & $-0.0507171$ & $-0.0110551$ & $-0.0486027$ & $0.0992081$ & $-0.0847426$ & $-0.0867598$ & $0.23701$ & $0.188788$ & $0.0959293$ & $-0.397874$ & $0.0419151$ & $0.0866745$ & $0.0593993$ & $-0.114145$ & $-0.270342$ & $-0.0443227$ & $-0.192907$ & $0.509845$ & $0.431891$ & $1$ \\
