 & AlsMz & dAle5Mz & mtop & mHl & Mz & CW & CHG & CHWB & CHWHB_gaga & CHWHB_gagaorth & CHD & CHbox & CH & CHL1_11 & CHL1_22 & CHL1_33 & CHL3_11 & CHL3_22 & CHL3_33 & CHe_11 & CHe_22 & CHe_33 & CHQ1_11 & CHQ1_33 & CHQ3_11 & CHu_11 & CHd_11 & CHd_33 & CeH_22r & CeH_33r & CuH_22r & CuH_33r & CdH_33r & CLL_1221 & eHggint & eHggpar & eHWWint & eHWWpar & eHZZint & eHZZpar & eHZgaint & eHZgapar & eHgagaint & eHmumuint & eHtautauint & eHccint & eHccpar & eHbbint & eHbbpar \\
AlsMz & $1$ & $0.0438998$ & $-0.0227849$ & $-0.00551263$ & $0.00274235$ & $0.00361735$ & $0.000675201$ & $-0.0142075$ & $-0.0112103$ & $0.00521337$ & $-0.00065548$ & $0.00488587$ & $-0.000290652$ & $-0.00269143$ & $-0.0123119$ & $0.000434204$ & $0.00649246$ & $0.010494$ & $0.0094201$ & $-0.0182003$ & $-0.00331219$ & $-0.00794641$ & $-0.00346531$ & $-0.0399049$ & $-0.100003$ & $-0.00652417$ & $-0.00737208$ & $0.00136788$ & $0.00354098$ & $0.012596$ & $0.0104649$ & $0.00495664$ & $0.0294109$ & $0.00907272$ & $0.0444309$ & $-0.0505474$ & $-0.0196542$ & $0.0192273$ & $-0.0512208$ & $-0.0311708$ & $0.00154452$ & $-0.0161633$ & $0.0302317$ & $0.0333588$ & $0.00764839$ & $-0.0159201$ & $0.0192087$ & $0.00291399$ & $0.0321137$ \\
dAle5Mz & $0.0438998$ & $1$ & $0.0736968$ & $0.00607909$ & $0.00025366$ & $0.0228705$ & $0.00176278$ & $-0.208411$ & $-0.204437$ & $0.0586605$ & $0.191474$ & $0.00788416$ & $-0.0168134$ & $-0.0394499$ & $-0.0078628$ & $-0.00541704$ & $0.073719$ & $-0.0029894$ & $-0.00194233$ & $-0.197876$ & $-0.0193314$ & $-0.0197937$ & $-0.0032237$ & $0.00250044$ & $0.00696937$ & $0.00165481$ & $-0.000261088$ & $-0.0046076$ & $0.000835959$ & $-0.00428613$ & $0.00697711$ & $0.00573393$ & $0.0155764$ & $0.109382$ & $0.00387658$ & $0.0454971$ & $0.0143578$ & $-0.00183047$ & $-0.000861845$ & $-0.00272056$ & $-0.0026965$ & $0.00153516$ & $-0.000174747$ & $-0.0852351$ & $-0.0146925$ & $0.00150591$ & $0.0238476$ & $-0.0345686$ & $0.0264379$ \\
mtop & $-0.0227849$ & $0.0736968$ & $1$ & $0.00888906$ & $0.0010786$ & $0.000385358$ & $0.00626692$ & $-0.0179657$ & $-0.0178614$ & $0.00807839$ & $0.0270046$ & $0.0159682$ & $-0.00564076$ & $0.00312472$ & $0.0115501$ & $0.0121464$ & $0.00655717$ & $-0.0109892$ & $-0.0102572$ & $-0.0107322$ & $-0.00991402$ & $0.00197444$ & $-0.00916137$ & $0.011696$ & $-0.00718296$ & $0.00805249$ & $-0.0121009$ & $-0.00449765$ & $4.59077e-05$ & $-0.0143011$ & $-0.0511824$ & $0.00719906$ & $-0.0204228$ & $-0.00396461$ & $0.0746886$ & $-0.0220143$ & $0.0521246$ & $-0.0159714$ & $-0.00878413$ & $0.00304504$ & $-0.00666398$ & $-0.00670441$ & $0.00410611$ & $-0.0266604$ & $-0.0703914$ & $-0.0591257$ & $-0.0903081$ & $-0.0245564$ & $-0.0133995$ \\
mHl & $-0.00551263$ & $0.00607909$ & $0.00888906$ & $1$ & $-0.0014313$ & $-0.000845732$ & $-0.00071915$ & $-0.00635788$ & $-0.00837024$ & $-0.00725867$ & $0.0107648$ & $0.00947622$ & $-0.0116245$ & $-0.00964723$ & $0.00169775$ & $0.00343988$ & $-0.00562245$ & $0.00268306$ & $-0.00368453$ & $-0.00726623$ & $-0.00961416$ & $-0.004145$ & $0.0033453$ & $-0.00076301$ & $-0.00737747$ & $-0.00250681$ & $-0.00404701$ & $0.00312772$ & $0.00427443$ & $0.00549144$ & $-0.0269139$ & $-3.50897e-05$ & $0.0189593$ & $0.00240149$ & $-0.0138763$ & $0.0475536$ & $-0.00376904$ & $-0.00266716$ & $-0.0483997$ & $-0.00240478$ & $-0.0114593$ & $-0.00134037$ & $-0.0320666$ & $0.0178968$ & $0.0487962$ & $-0.0572912$ & $-0.0435301$ & $0.0797677$ & $0.0074608$ \\
Mz & $0.00274235$ & $0.00025366$ & $0.0010786$ & $-0.0014313$ & $1$ & $0.00696606$ & $-0.00186769$ & $-0.00163805$ & $-0.0024567$ & $0.000188702$ & $0.0873623$ & $0.00300449$ & $0.00671534$ & $0.00269125$ & $-0.00699513$ & $0.000184185$ & $0.000197021$ & $0.0028546$ & $-0.00499115$ & $0.0078682$ & $0.00940101$ & $0.00437688$ & $-0.00235995$ & $-0.0100418$ & $0.000335055$ & $0.00225448$ & $0.0059466$ & $0.000432894$ & $0.00317374$ & $-0.00902589$ & $0.00106215$ & $-0.0033023$ & $-0.00731564$ & $-0.000476609$ & $-9.33274e-05$ & $-0.00311283$ & $0.00124146$ & $0.00530803$ & $-0.00767512$ & $0.00981122$ & $0.00216671$ & $0.00508875$ & $-0.00202729$ & $0.00113566$ & $0.00781755$ & $0.00270109$ & $0.00521758$ & $-0.0146088$ & $0.0118929$ \\
CW & $0.00361735$ & $0.0228705$ & $0.000385358$ & $-0.000845732$ & $0.00696606$ & $1$ & $0.00658315$ & $-0.122334$ & $-0.118477$ & $0.0322595$ & $0.11014$ & $0.0454251$ & $-0.00912568$ & $0.108355$ & $0.0184651$ & $0.0203593$ & $-0.0538139$ & $0.0142764$ & $0.0117265$ & $-0.0997138$ & $-0.0502962$ & $-0.0526439$ & $-0.00725419$ & $0.0443542$ & $0.0141029$ & $0.00890461$ & $-0.0468318$ & $-0.00946255$ & $0.00101145$ & $-0.000223457$ & $0.000573861$ & $0.00828488$ & $0.00532354$ & $-0.098708$ & $0.00383031$ & $-0.0057639$ & $0.00369976$ & $-0.00253183$ & $0.0038392$ & $0.0046454$ & $0.00631552$ & $0.00431652$ & $0.000255317$ & $0.00464961$ & $0.000937077$ & $-0.00296394$ & $-0.00105096$ & $-0.000433983$ & $0.00166239$ \\
CHG & $0.000675201$ & $0.00176278$ & $0.00626692$ & $-0.00071915$ & $-0.00186769$ & $0.00658315$ & $1$ & $-0.0146188$ & $0.0507112$ & $0.0049315$ & $0.00896174$ & $0.0473999$ & $-0.0889552$ & $0.00307083$ & $0.00499673$ & $0.00210743$ & $0.00796314$ & $-0.00264726$ & $0.00631617$ & $-0.00338192$ & $-0.00160114$ & $-0.00744739$ & $-0.00298624$ & $0.0071754$ & $0.00195152$ & $-0.000484819$ & $-0.00954512$ & $0.00514877$ & $0.0185486$ & $-0.0506821$ & $-0.0390465$ & $0.937659$ & $-0.065948$ & $-0.0160249$ & $-0.0263477$ & $-0.018831$ & $0.0190724$ & $0.0144258$ & $-0.00788255$ & $0.00498825$ & $-0.0111497$ & $-0.00355259$ & $0.00155883$ & $-0.00921627$ & $-0.0199093$ & $0.009932$ & $0.00131024$ & $0.0103932$ & $-0.00535724$ \\
CHWB & $-0.0142075$ & $-0.208411$ & $-0.0179657$ & $-0.00635788$ & $-0.00163805$ & $-0.122334$ & $-0.0146188$ & $1$ & $0.97548$ & $-0.306126$ & $-0.8792$ & $-0.399712$ & $0.0756936$ & $-0.0745117$ & $-0.0937465$ & $-0.0835649$ & $-0.355743$ & $-0.202117$ & $-0.204724$ & $0.753784$ & $0.37366$ & $0.350149$ & $0.0367241$ & $-0.365885$ & $-0.242513$ & $-0.0761839$ & $0.277221$ & $0.0633518$ & $-0.000410158$ & $0.00175649$ & $-0.000949249$ & $-0.0303879$ & $-0.0237977$ & $0.611542$ & $-0.0222483$ & $-0.020911$ & $0.000268463$ & $-0.00391318$ & $0.00462991$ & $-0.0019598$ & $0.00234564$ & $-0.0024278$ & $0.00560067$ & $0.0228648$ & $0.00116181$ & $0.00392117$ & $-0.000797946$ & $0.00912675$ & $-0.0168499$ \\
CHWHB_gaga & $-0.0112103$ & $-0.204437$ & $-0.0178614$ & $-0.00837024$ & $-0.0024567$ & $-0.118477$ & $0.0507112$ & $0.97548$ & $1$ & $-0.306915$ & $-0.858271$ & $-0.370816$ & $0.0723265$ & $-0.0813324$ & $-0.0906981$ & $-0.0808646$ & $-0.354551$ & $-0.198771$ & $-0.200776$ & $0.743456$ & $0.364344$ & $0.341609$ & $0.0336645$ & $-0.357963$ & $-0.237608$ & $-0.0724062$ & $0.270427$ & $0.0624039$ & $0.00752666$ & $0.0318364$ & $0.0135609$ & $0.0226583$ & $0.00589315$ & $0.594233$ & $-0.0554542$ & $-0.0359359$ & $-0.0211762$ & $-0.00849485$ & $-0.00215635$ & $-0.00105284$ & $-0.00257698$ & $-0.00194152$ & $0.091353$ & $0.024355$ & $0.00136818$ & $0.00629717$ & $-0.000501712$ & $0.00847145$ & $-0.0191443$ \\
CHWHB_gagaorth & $0.00521337$ & $0.0586605$ & $0.00807839$ & $-0.00725867$ & $0.000188702$ & $0.0322595$ & $0.0049315$ & $-0.306126$ & $-0.306915$ & $1$ & $0.0255299$ & $0.397707$ & $-0.119259$ & $0.761788$ & $0.0814302$ & $0.0796114$ & $0.809771$ & $0.267639$ & $0.26887$ & $-0.02828$ & $-0.0280042$ & $-0.0355533$ & $-0.0331713$ & $0.260073$ & $0.325379$ & $0.00885101$ & $-0.135587$ & $-0.0074842$ & $-0.00283468$ & $-0.0677773$ & $-0.0275227$ & $0.0232879$ & $-0.0331706$ & $-0.198133$ & $0.0457034$ & $0.0133626$ & $0.00200904$ & $0.0019949$ & $0.004869$ & $0.00840814$ & $-0.0255902$ & $-0.00607131$ & $-0.0205162$ & $-0.0104626$ & $0.00350483$ & $-0.00940234$ & $0.00518099$ & $0.00483555$ & $0.00471901$ \\
CHD & $-0.00065548$ & $0.191474$ & $0.0270046$ & $0.0107648$ & $0.0873623$ & $0.11014$ & $0.00896174$ & $-0.8792$ & $-0.858271$ & $0.0255299$ & $1$ & $0.271046$ & $-0.0345383$ & $-0.195302$ & $0.046951$ & $0.0383533$ & $0.068613$ & $0.102947$ & $0.106201$ & $-0.776305$ & $-0.373171$ & $-0.346424$ & $-0.0236874$ & $0.26124$ & $0.124192$ & $0.0770384$ & $-0.212633$ & $-0.0620252$ & $-0.000502531$ & $0.00191467$ & $0.00240493$ & $0.0181695$ & $0.0214051$ & $-0.463722$ & $0.00901812$ & $0.0190514$ & $0.000646082$ & $0.00299788$ & $-0.00675129$ & $0.00306344$ & $0.00592879$ & $0.0033146$ & $-0.0041965$ & $-0.0193047$ & $-0.00210347$ & $0.00276628$ & $-0.00282817$ & $-0.0110772$ & $0.0158573$ \\
CHbox & $0.00488587$ & $0.00788416$ & $0.0159682$ & $0.00947622$ & $0.00300449$ & $0.0454251$ & $0.0473999$ & $-0.399712$ & $-0.370816$ & $0.397707$ & $0.271046$ & $1$ & $-0.529761$ & $0.154182$ & $0.0612648$ & $0.0560461$ & $0.27744$ & $0.123159$ & $0.126215$ & $-0.108041$ & $-0.119867$ & $-0.108776$ & $-0.0154035$ & $0.183918$ & $0.147754$ & $0.0213965$ & $-0.127259$ & $-0.0223778$ & $0.0173125$ & $0.132688$ & $0.0175286$ & $0.10944$ & $0.194793$ & $-0.298039$ & $0.0921701$ & $0.0367832$ & $-0.0104328$ & $-0.00521087$ & $0.000521575$ & $-0.000289916$ & $-0.00201096$ & $-0.000983754$ & $-0.021549$ & $-0.00412363$ & $-0.00342779$ & $-0.00587725$ & $0.00144436$ & $0.00864869$ & $0.010812$ \\
CH & $-0.000290652$ & $-0.0168134$ & $-0.00564076$ & $-0.0116245$ & $0.00671534$ & $-0.00912568$ & $-0.0889552$ & $0.0756936$ & $0.0723265$ & $-0.119259$ & $-0.0345383$ & $-0.529761$ & $1$ & $-0.126751$ & $-0.00843689$ & $-0.00757665$ & $-0.138816$ & $-0.0480506$ & $-0.0501918$ & $0.0793864$ & $0.0194779$ & $0.0161682$ & $0.00706031$ & $-0.046963$ & $-0.0597059$ & $-0.00446292$ & $0.0243214$ & $0.00771122$ & $0.0142443$ & $0.0725551$ & $0.0412576$ & $-0.0807902$ & $0.107259$ & $0.0370282$ & $-0.00332764$ & $0.00242715$ & $-0.00392087$ & $-0.00256374$ & $0.00550605$ & $-0.0104337$ & $-0.00382531$ & $0.00106886$ & $0.00652357$ & $-0.00091474$ & $-0.00175177$ & $0.00647276$ & $-0.00622075$ & $-0.00655668$ & $-0.00445557$ \\
CHL1_11 & $-0.00269143$ & $-0.0394499$ & $0.00312472$ & $-0.00964723$ & $0.00269125$ & $0.108355$ & $0.00307083$ & $-0.0745117$ & $-0.0813324$ & $0.761788$ & $-0.195302$ & $0.154182$ & $-0.126751$ & $1$ & $0.0797843$ & $0.0798457$ & $0.623532$ & $0.224252$ & $0.221121$ & $0.0946301$ & $0.0544843$ & $0.0392685$ & $-0.0301002$ & $0.198943$ & $0.260798$ & $-0.00878662$ & $-0.106669$ & $0.00974255$ & $-0.00556732$ & $-0.0349023$ & $-0.0191746$ & $0.00502487$ & $-0.0455573$ & $-0.106071$ & $0.023178$ & $-0.00146094$ & $0.00706901$ & $0.00140124$ & $0.00175521$ & $0.00697974$ & $-0.0238728$ & $-0.00311353$ & $-0.0166224$ & $0.000522534$ & $0.00867479$ & $-0.00924724$ & $0.00553272$ & $0.00915438$ & $0.000582441$ \\
CHL1_22 & $-0.0123119$ & $-0.0078628$ & $0.0115501$ & $0.00169775$ & $-0.00699513$ & $0.0184651$ & $0.00499673$ & $-0.0937465$ & $-0.0906981$ & $0.0814302$ & $0.046951$ & $0.0612648$ & $-0.00843689$ & $0.0797843$ & $1$ & $0.339864$ & $0.0699458$ & $-0.636922$ & $-0.227032$ & $-0.0214337$ & $-0.261193$ & $-0.190005$ & $-0.0958849$ & $0.27073$ & $-0.317876$ & $0.0296498$ & $-0.523887$ & $-0.0339029$ & $0.00139955$ & $-0.000886239$ & $-0.00619466$ & $0.00809005$ & $0.00152801$ & $-0.593465$ & $0.00650288$ & $0.00836264$ & $-0.00287532$ & $0.000414554$ & $-0.00259133$ & $0.00725643$ & $0.000474965$ & $0.00250224$ & $0.00295648$ & $-0.0097054$ & $0.00555526$ & $-0.00501708$ & $-0.00383087$ & $0.00839945$ & $-0.00278048$ \\
CHL1_33 & $0.000434204$ & $-0.00541704$ & $0.0121464$ & $0.00343988$ & $0.000184185$ & $0.0203593$ & $0.00210743$ & $-0.0835649$ & $-0.0808646$ & $0.0796114$ & $0.0383533$ & $0.0560461$ & $-0.00757665$ & $0.0798457$ & $0.339864$ & $1$ & $0.0661442$ & $-0.226523$ & $-0.6197$ & $-0.0196727$ & $-0.184209$ & $-0.296263$ & $-0.0935361$ & $0.257767$ & $-0.316628$ & $0.0224812$ & $-0.511306$ & $-0.033712$ & $-0.000333972$ & $0.00351245$ & $-0.000830233$ & $0.00688762$ & $0.00912345$ & $-0.274682$ & $0.00704141$ & $0.00514128$ & $-0.00267581$ & $-0.000503137$ & $-0.00608874$ & $0.00312244$ & $-0.00279532$ & $0.00153661$ & $0.00187249$ & $-0.00818777$ & $0.00259623$ & $0.00205713$ & $0.00138352$ & $0.0129013$ & $0.00216513$ \\
CHL3_11 & $0.00649246$ & $0.073719$ & $0.00655717$ & $-0.00562245$ & $0.000197021$ & $-0.0538139$ & $0.00796314$ & $-0.355743$ & $-0.354551$ & $0.809771$ & $0.068613$ & $0.27744$ & $-0.138816$ & $0.623532$ & $0.0699458$ & $0.0661442$ & $1$ & $0.29896$ & $0.298972$ & $-0.107125$ & $-0.0431865$ & $-0.0492601$ & $-0.0254517$ & $0.274389$ & $0.368319$ & $0.00828233$ & $-0.125323$ & $-0.0104272$ & $-0.00159647$ & $-0.0334298$ & $-0.0212165$ & $0.0146773$ & $-0.0408993$ & $-0.179344$ & $0.0291594$ & $0.00889046$ & $0.00805592$ & $0.000846961$ & $-0.000923845$ & $0.00853274$ & $-0.0230758$ & $-0.00380896$ & $-0.0153772$ & $-0.00893419$ & $0.00150091$ & $-0.0087101$ & $0.00588927$ & $0.00521785$ & $0.00265079$ \\
CHL3_22 & $0.010494$ & $-0.0029894$ & $-0.0109892$ & $0.00268306$ & $0.0028546$ & $0.0142764$ & $-0.00264726$ & $-0.202117$ & $-0.198771$ & $0.267639$ & $0.102947$ & $0.123159$ & $-0.0480506$ & $0.224252$ & $-0.636922$ & $-0.226523$ & $0.29896$ & $1$ & $0.415324$ & $-0.106705$ & $0.0331199$ & $0.0319193$ & $0.075373$ & $0.022169$ & $0.590899$ & $-0.00493867$ & $0.338417$ & $0.00163136$ & $-0.00276353$ & $-0.0137289$ & $-0.00318096$ & $0.00124045$ & $-0.0122089$ & $0.538145$ & $0.0106182$ & $0.00357854$ & $0.00464641$ & $0.00077876$ & $0.000939034$ & $0.000536419$ & $-0.0100088$ & $-0.00423428$ & $-0.00640135$ & $0.00781695$ & $0.00149179$ & $-0.00193453$ & $0.00215135$ & $-0.00340666$ & $0.00210135$ \\
CHL3_33 & $0.0094201$ & $-0.00194233$ & $-0.0102572$ & $-0.00368453$ & $-0.00499115$ & $0.0117265$ & $0.00631617$ & $-0.204724$ & $-0.200776$ & $0.26887$ & $0.106201$ & $0.126215$ & $-0.0501918$ & $0.221121$ & $-0.227032$ & $-0.6197$ & $0.298972$ & $0.415324$ & $1$ & $-0.104987$ & $0.0266889$ & $0.0331678$ & $0.0714189$ & $0.0245222$ & $0.594275$ & $0.00713081$ & $0.341003$ & $0.00687651$ & $-0.00133992$ & $-0.0164626$ & $-0.00774317$ & $0.00649072$ & $-0.0185617$ & $0.0960258$ & $0.0070755$ & $-0.00279177$ & $6.34655e-06$ & $0.00023465$ & $0.00621974$ & $-4.1724e-05$ & $-0.00591628$ & $-0.00120328$ & $-0.0108946$ & $-0.000584491$ & $-0.00370475$ & $-0.00587039$ & $-0.00338743$ & $-0.0159293$ & $-0.00374001$ \\
CHe_11 & $-0.0182003$ & $-0.197876$ & $-0.0107322$ & $-0.00726623$ & $0.0078682$ & $-0.0997138$ & $-0.00338192$ & $0.753784$ & $0.743456$ & $-0.02828$ & $-0.776305$ & $-0.108041$ & $0.0793864$ & $0.0946301$ & $-0.0214337$ & $-0.0196727$ & $-0.107125$ & $-0.106705$ & $-0.104987$ & $1$ & $0.34068$ & $0.318265$ & $0.0228732$ & $-0.228459$ & $-0.119439$ & $-0.0725375$ & $0.183532$ & $0.0557745$ & $0.00392983$ & $-0.0224291$ & $-0.00605367$ & $-0.00226591$ & $-0.00656147$ & $0.376462$ & $0.00279276$ & $-0.00752379$ & $-0.00716901$ & $-0.0107467$ & $0.00757562$ & $-0.00162672$ & $-0.00594016$ & $0.00201796$ & $0.013118$ & $0.0172165$ & $0.00257551$ & $-0.000801009$ & $-0.00296951$ & $0.0113481$ & $-0.0169049$ \\
CHe_22 & $-0.00331219$ & $-0.0193314$ & $-0.00991402$ & $-0.00961416$ & $0.00940101$ & $-0.0502962$ & $-0.00160114$ & $0.37366$ & $0.364344$ & $-0.0280042$ & $-0.373171$ & $-0.119867$ & $0.0194779$ & $0.0544843$ & $-0.261193$ & $-0.184209$ & $-0.0431865$ & $0.0331199$ & $0.0266889$ & $0.34068$ & $1$ & $0.272553$ & $0.04651$ & $-0.27672$ & $0.00311645$ & $-0.0557998$ & $0.321365$ & $0.0450547$ & $0.00283155$ & $-0.00215615$ & $0.00172195$ & $-0.00629024$ & $-0.00928676$ & $0.287948$ & $-0.00363103$ & $-0.00549759$ & $0.00211012$ & $0.000876263$ & $0.00381276$ & $0.000413818$ & $-0.00911652$ & $0.000999822$ & $0.00440129$ & $0.00474052$ & $-0.00253216$ & $-0.0011441$ & $0.00915555$ & $-0.00625903$ & $-0.00251$ \\
CHe_33 & $-0.00794641$ & $-0.0197937$ & $0.00197444$ & $-0.004145$ & $0.00437688$ & $-0.0526439$ & $-0.00744739$ & $0.350149$ & $0.341609$ & $-0.0355533$ & $-0.346424$ & $-0.108776$ & $0.0161682$ & $0.0392685$ & $-0.190005$ & $-0.296263$ & $-0.0492601$ & $0.0319193$ & $0.0331678$ & $0.318265$ & $0.272553$ & $1$ & $0.0467462$ & $-0.271855$ & $9.34278e-05$ & $-0.0484397$ & $0.30432$ & $0.0406002$ & $0.00161293$ & $0.000280248$ & $0.00423666$ & $-0.00948834$ & $-0.00449964$ & $0.272868$ & $0.000807353$ & $-0.0107678$ & $0.00181439$ & $-0.00620668$ & $0.00787755$ & $-0.00199021$ & $0.00111346$ & $0.0052264$ & $0.000669666$ & $0.00318992$ & $0.00299835$ & $-0.000187616$ & $0.00381466$ & $-0.00128362$ & $0.0024923$ \\
CHQ1_11 & $-0.00346531$ & $-0.0032237$ & $-0.00916137$ & $0.0033453$ & $-0.00235995$ & $-0.00725419$ & $-0.00298624$ & $0.0367241$ & $0.0336645$ & $-0.0331713$ & $-0.0236874$ & $-0.0154035$ & $0.00706031$ & $-0.0301002$ & $-0.0958849$ & $-0.0935361$ & $-0.0254517$ & $0.075373$ & $0.0714189$ & $0.0228732$ & $0.04651$ & $0.0467462$ & $1$ & $-0.0659425$ & $0.117405$ & $-0.592751$ & $0.244336$ & $0.0121263$ & $-0.000745507$ & $0.00395363$ & $0.00527954$ & $-0.00272073$ & $-0.00526588$ & $0.0945094$ & $-0.00260722$ & $-0.00502201$ & $-0.00489333$ & $0.00190013$ & $-0.000541941$ & $0.00677294$ & $0.00544207$ & $0.00233199$ & $-0.00611191$ & $0.00431598$ & $0.00733814$ & $0.00164602$ & $0.0044165$ & $-0.00772012$ & $-0.00275654$ \\
CHQ1_33 & $-0.0399049$ & $0.00250044$ & $0.011696$ & $-0.00076301$ & $-0.0100418$ & $0.0443542$ & $0.0071754$ & $-0.365885$ & $-0.357963$ & $0.260073$ & $0.26124$ & $0.183918$ & $-0.046963$ & $0.198943$ & $0.27073$ & $0.257767$ & $0.274389$ & $0.022169$ & $0.0245222$ & $-0.228459$ & $-0.27672$ & $-0.271855$ & $-0.0659425$ & $1$ & $0.0753074$ & $0.0480004$ & $-0.235283$ & $0.115385$ & $0.00160305$ & $-0.00768566$ & $-0.0122182$ & $0.014272$ & $-0.00267504$ & $-0.32973$ & $0.0103738$ & $0.0118703$ & $0.00503537$ & $0.00365694$ & $0.00266699$ & $0.00411025$ & $-0.00822294$ & $-0.00382247$ & $-0.00347355$ & $-0.000947761$ & $-0.000274194$ & $-0.00316093$ & $-0.00483944$ & $0.0115554$ & $0.00168406$ \\
CHQ3_11 & $-0.100003$ & $0.00696937$ & $-0.00718296$ & $-0.00737747$ & $0.000335055$ & $0.0141029$ & $0.00195152$ & $-0.242513$ & $-0.237608$ & $0.325379$ & $0.124192$ & $0.147754$ & $-0.0597059$ & $0.260798$ & $-0.317876$ & $-0.316628$ & $0.368319$ & $0.590899$ & $0.594275$ & $-0.119439$ & $0.00311645$ & $9.34278e-05$ & $0.117405$ & $0.0753074$ & $1$ & $0.0126627$ & $0.533343$ & $-5.79684e-05$ & $-0.00373785$ & $-0.026683$ & $-0.0128406$ & $0.00217803$ & $-0.0280053$ & $0.189928$ & $0.0092724$ & $0.00493492$ & $0.00939106$ & $-0.000209392$ & $0.00641019$ & $0.00608823$ & $-0.0126748$ & $0.000920129$ & $-0.00900472$ & $-0.00431842$ & $-0.00436257$ & $-0.000542594$ & $-0.00326339$ & $-0.0126593$ & $-0.0087257$ \\
CHu_11 & $-0.00652417$ & $0.00165481$ & $0.00805249$ & $-0.00250681$ & $0.00225448$ & $0.00890461$ & $-0.000484819$ & $-0.0761839$ & $-0.0724062$ & $0.00885101$ & $0.0770384$ & $0.0213965$ & $-0.00446292$ & $-0.00878662$ & $0.0296498$ & $0.0224812$ & $0.00828233$ & $-0.00493867$ & $0.00713081$ & $-0.0725375$ & $-0.0557998$ & $-0.0484397$ & $-0.592751$ & $0.0480004$ & $0.0126627$ & $1$ & $0.150664$ & $-0.0136972$ & $-0.00480701$ & $-0.0067292$ & $-0.00380351$ & $-0.00179202$ & $0.0063681$ & $-0.0574247$ & $-0.00263137$ & $-0.0024845$ & $-0.000865615$ & $0.000940001$ & $-0.00163328$ & $0.000300451$ & $-0.00370798$ & $0.000895218$ & $0.00239655$ & $-0.00495376$ & $-0.00679421$ & $0.00190523$ & $-0.0105586$ & $-0.00803583$ & $0.00670205$ \\
CHd_11 & $-0.00737208$ & $-0.000261088$ & $-0.0121009$ & $-0.00404701$ & $0.0059466$ & $-0.0468318$ & $-0.00954512$ & $0.277221$ & $0.270427$ & $-0.135587$ & $-0.212633$ & $-0.127259$ & $0.0243214$ & $-0.106669$ & $-0.523887$ & $-0.511306$ & $-0.125323$ & $0.338417$ & $0.341003$ & $0.183532$ & $0.321365$ & $0.30432$ & $0.244336$ & $-0.235283$ & $0.533343$ & $0.150664$ & $1$ & $0.0281465$ & $-0.00119901$ & $-0.00636496$ & $0.0019693$ & $-0.0157446$ & $-0.0117634$ & $0.512409$ & $-0.00702175$ & $-0.00933921$ & $0.00432145$ & $-0.00350218$ & $0.00192629$ & $-0.000758201$ & $-0.00192746$ & $-5.19561e-05$ & $0.00221611$ & $0.00595387$ & $-0.00987189$ & $0.00550403$ & $0.00147277$ & $-0.0140495$ & $-0.0036921$ \\
CHd_33 & $0.00136788$ & $-0.0046076$ & $-0.00449765$ & $0.00312772$ & $0.000432894$ & $-0.00946255$ & $0.00514877$ & $0.0633518$ & $0.0624039$ & $-0.0074842$ & $-0.0620252$ & $-0.0223778$ & $0.00771122$ & $0.00974255$ & $-0.0339029$ & $-0.033712$ & $-0.0104272$ & $0.00163136$ & $0.00687651$ & $0.0557745$ & $0.0450547$ & $0.0406002$ & $0.0121263$ & $0.115385$ & $-5.79684e-05$ & $-0.0136972$ & $0.0281465$ & $1$ & $0.00344612$ & $-0.00134837$ & $-0.00194561$ & $0.00328704$ & $-0.00633221$ & $0.0456582$ & $-0.00736964$ & $0.00646721$ & $-0.000433884$ & $0.00123647$ & $0.00407858$ & $0.00740445$ & $-0.00528662$ & $-0.00426053$ & $0.00793446$ & $0.0100255$ & $-4.07706e-05$ & $-0.000322475$ & $-0.00257403$ & $-0.00434616$ & $-0.00025793$ \\
CeH_22r & $0.00354098$ & $0.000835959$ & $4.59077e-05$ & $0.00427443$ & $0.00317374$ & $0.00101145$ & $0.0185486$ & $-0.000410158$ & $0.00752666$ & $-0.00283468$ & $-0.000502531$ & $0.0173125$ & $0.0142443$ & $-0.00556732$ & $0.00139955$ & $-0.000333972$ & $-0.00159647$ & $-0.00276353$ & $-0.00133992$ & $0.00392983$ & $0.00283155$ & $0.00161293$ & $-0.000745507$ & $0.00160305$ & $-0.00373785$ & $-0.00480701$ & $-0.00119901$ & $0.00344612$ & $1$ & $0.0329154$ & $0.0173773$ & $-0.00142709$ & $0.0340046$ & $-0.00231244$ & $-0.0420941$ & $-0.0119721$ & $-0.0219729$ & $-0.0109422$ & $-0.012609$ & $-0.00133217$ & $0.00302001$ & $-0.00405702$ & $0.00255093$ & $0.0100115$ & $0.0019951$ & $-0.0028054$ & $0.0048737$ & $0.00229851$ & $0.00357407$ \\
CeH_33r & $0.012596$ & $-0.00428613$ & $-0.0143011$ & $0.00549144$ & $-0.00902589$ & $-0.000223457$ & $-0.0506821$ & $0.00175649$ & $0.0318364$ & $-0.0677773$ & $0.00191467$ & $0.132688$ & $0.0725551$ & $-0.0349023$ & $-0.000886239$ & $0.00351245$ & $-0.0334298$ & $-0.0137289$ & $-0.0164626$ & $-0.0224291$ & $-0.00215615$ & $0.000280248$ & $0.00395363$ & $-0.00768566$ & $-0.026683$ & $-0.0067292$ & $-0.00636496$ & $-0.00134837$ & $0.0329154$ & $1$ & $0.25911$ & $0.0640978$ & $0.543942$ & $-0.00371358$ & $-0.0827462$ & $-0.0436795$ & $-0.210087$ & $-0.0930621$ & $-0.0339508$ & $-0.0148272$ & $0.00741221$ & $-0.00319712$ & $0.012427$ & $0.0136017$ & $0.0804018$ & $0.0120038$ & $0.0218499$ & $-0.00442667$ & $0.0107845$ \\
CuH_22r & $0.0104649$ & $0.00697711$ & $-0.0511824$ & $-0.0269139$ & $0.00106215$ & $0.000573861$ & $-0.0390465$ & $-0.000949249$ & $0.0135609$ & $-0.0275227$ & $0.00240493$ & $0.0175286$ & $0.0412576$ & $-0.0191746$ & $-0.00619466$ & $-0.000830233$ & $-0.0212165$ & $-0.00318096$ & $-0.00774317$ & $-0.00605367$ & $0.00172195$ & $0.00423666$ & $0.00527954$ & $-0.0122182$ & $-0.0128406$ & $-0.00380351$ & $0.0019693$ & $-0.00194561$ & $0.0173773$ & $0.25911$ & $1$ & $0.0334442$ & $0.298547$ & $0.00117719$ & $-0.0462204$ & $-0.0232266$ & $-0.115499$ & $-0.0467451$ & $-0.0147883$ & $-0.00953792$ & $0.0150046$ & $0.00730563$ & $0.00259512$ & $0.0152827$ & $0.0103143$ & $0.0953369$ & $0.424382$ & $0.00113321$ & $0.0176404$ \\
CuH_33r & $0.00495664$ & $0.00573393$ & $0.00719906$ & $-3.50897e-05$ & $-0.0033023$ & $0.00828488$ & $0.937659$ & $-0.0303879$ & $0.0226583$ & $0.0232879$ & $0.0181695$ & $0.10944$ & $-0.0807902$ & $0.00502487$ & $0.00809005$ & $0.00688762$ & $0.0146773$ & $0.00124045$ & $0.00649072$ & $-0.00226591$ & $-0.00629024$ & $-0.00948834$ & $-0.00272073$ & $0.014272$ & $0.00217803$ & $-0.00179202$ & $-0.0157446$ & $0.00328704$ & $-0.00142709$ & $0.0640978$ & $0.0334442$ & $1$ & $0.0892733$ & $-0.0285279$ & $0.068752$ & $0.0339613$ & $-0.0145122$ & $-0.00604362$ & $0.0116051$ & $0.00641229$ & $-0.0148004$ & $-0.00470501$ & $-0.00508286$ & $-0.00977091$ & $-0.0164893$ & $0.0126064$ & $0.00192259$ & $0.0157911$ & $0.00444435$ \\
CdH_33r & $0.0294109$ & $0.0155764$ & $-0.0204228$ & $0.0189593$ & $-0.00731564$ & $0.00532354$ & $-0.065948$ & $-0.0237977$ & $0.00589315$ & $-0.0331706$ & $0.0214051$ & $0.194793$ & $0.107259$ & $-0.0455573$ & $0.00152801$ & $0.00912345$ & $-0.0408993$ & $-0.0122089$ & $-0.0185617$ & $-0.00656147$ & $-0.00928676$ & $-0.00449964$ & $-0.00526588$ & $-0.00267504$ & $-0.0280053$ & $0.0063681$ & $-0.0117634$ & $-0.00633221$ & $0.0340046$ & $0.543942$ & $0.298547$ & $0.0892733$ & $1$ & $-0.023039$ & $-0.0603768$ & $-0.020938$ & $-0.253485$ & $-0.103436$ & $-0.0374831$ & $-0.020544$ & $0.0259351$ & $-0.00654864$ & $-0.00950741$ & $-0.00155184$ & $0.0277365$ & $0.0258996$ & $0.0293284$ & $0.143296$ & $0.539522$ \\
CLL_1221 & $0.00907272$ & $0.109382$ & $-0.00396461$ & $0.00240149$ & $-0.000476609$ & $-0.098708$ & $-0.0160249$ & $0.611542$ & $0.594233$ & $-0.198133$ & $-0.463722$ & $-0.298039$ & $0.0370282$ & $-0.106071$ & $-0.593465$ & $-0.274682$ & $-0.179344$ & $0.538145$ & $0.0960258$ & $0.376462$ & $0.287948$ & $0.272868$ & $0.0945094$ & $-0.32973$ & $0.189928$ & $-0.0574247$ & $0.512409$ & $0.0456582$ & $-0.00231244$ & $-0.00371358$ & $0.00117719$ & $-0.0285279$ & $-0.023039$ & $1$ & $-0.0178076$ & $-0.00224397$ & $0.00898077$ & $-0.00285278$ & $0.00183439$ & $-0.0018118$ & $-0.00130507$ & $-0.00540287$ & $-0.000590235$ & $0.00196691$ & $-0.00307713$ & $0.00597215$ & $0.00670697$ & $-0.0058053$ & $-0.00464601$ \\
eHggint & $0.0444309$ & $0.00387658$ & $0.0746886$ & $-0.0138763$ & $-9.33274e-05$ & $0.00383031$ & $-0.0263477$ & $-0.0222483$ & $-0.0554542$ & $0.0457034$ & $0.00901812$ & $0.0921701$ & $-0.00332764$ & $0.023178$ & $0.00650288$ & $0.00704141$ & $0.0291594$ & $0.0106182$ & $0.0070755$ & $0.00279276$ & $-0.00363103$ & $0.000807353$ & $-0.00260722$ & $0.0103738$ & $0.0092724$ & $-0.00263137$ & $-0.00702175$ & $-0.00736964$ & $-0.0420941$ & $-0.0827462$ & $-0.0462204$ & $0.068752$ & $-0.0603768$ & $-0.0178076$ & $1$ & $0.00855397$ & $0.0971268$ & $0.00145204$ & $0.0905883$ & $-0.0182727$ & $-0.0177425$ & $-0.0039093$ & $-0.0841612$ & $-0.064633$ & $-0.0515413$ & $0.0139095$ & $-0.0515127$ & $0.0244607$ & $-0.00469808$ \\
eHggpar & $-0.0505474$ & $0.0454971$ & $-0.0220143$ & $0.0475536$ & $-0.00311283$ & $-0.0057639$ & $-0.018831$ & $-0.020911$ & $-0.0359359$ & $0.0133626$ & $0.0190514$ & $0.0367832$ & $0.00242715$ & $-0.00146094$ & $0.00836264$ & $0.00514128$ & $0.00889046$ & $0.00357854$ & $-0.00279177$ & $-0.00752379$ & $-0.00549759$ & $-0.0107678$ & $-0.00502201$ & $0.0118703$ & $0.00493492$ & $-0.0024845$ & $-0.00933921$ & $0.00646721$ & $-0.0119721$ & $-0.0436795$ & $-0.0232266$ & $0.0339613$ & $-0.020938$ & $-0.00224397$ & $0.00855397$ & $1$ & $0.0585237$ & $-0.0094427$ & $0.0498883$ & $-0.00804016$ & $-0.0389063$ & $0.0140562$ & $0.00294142$ & $0.0529935$ & $0.076297$ & $-0.0239$ & $-0.0113528$ & $0.0480549$ & $0.0161646$ \\
eHWWint & $-0.0196542$ & $0.0143578$ & $0.0521246$ & $-0.00376904$ & $0.00124146$ & $0.00369976$ & $0.0190724$ & $0.000268463$ & $-0.0211762$ & $0.00200904$ & $0.000646082$ & $-0.0104328$ & $-0.00392087$ & $0.00706901$ & $-0.00287532$ & $-0.00267581$ & $0.00805592$ & $0.00464641$ & $6.34655e-06$ & $-0.00716901$ & $0.00211012$ & $0.00181439$ & $-0.00489333$ & $0.00503537$ & $0.00939106$ & $-0.000865615$ & $0.00432145$ & $-0.000433884$ & $-0.0219729$ & $-0.210087$ & $-0.115499$ & $-0.0145122$ & $-0.253485$ & $0.00898077$ & $0.0971268$ & $0.0585237$ & $1$ & $-0.0170983$ & $0.019364$ & $0.0106518$ & $-0.0253265$ & $0.00987333$ & $-0.0554834$ & $-0.0429236$ & $0.0149261$ & $-0.0529847$ & $-0.0181808$ & $0.0115849$ & $-0.0413904$ \\
eHWWpar & $0.0192273$ & $-0.00183047$ & $-0.0159714$ & $-0.00266716$ & $0.00530803$ & $-0.00253183$ & $0.0144258$ & $-0.00391318$ & $-0.00849485$ & $0.0019949$ & $0.00299788$ & $-0.00521087$ & $-0.00256374$ & $0.00140124$ & $0.000414554$ & $-0.000503137$ & $0.000846961$ & $0.00077876$ & $0.00023465$ & $-0.0107467$ & $0.000876263$ & $-0.00620668$ & $0.00190013$ & $0.00365694$ & $-0.000209392$ & $0.000940001$ & $-0.00350218$ & $0.00123647$ & $-0.0109422$ & $-0.0930621$ & $-0.0467451$ & $-0.00604362$ & $-0.103436$ & $-0.00285278$ & $0.00145204$ & $-0.0094427$ & $-0.0170983$ & $1$ & $0.00347131$ & $0.00778953$ & $0.00913718$ & $0.0153919$ & $0.00189822$ & $-0.0110611$ & $0.000459522$ & $-0.00696605$ & $-0.00605379$ & $-0.00411189$ & $0.00110134$ \\
eHZZint & $-0.0512208$ & $-0.000861845$ & $-0.00878413$ & $-0.0483997$ & $-0.00767512$ & $0.0038392$ & $-0.00788255$ & $0.00462991$ & $-0.00215635$ & $0.004869$ & $-0.00675129$ & $0.000521575$ & $0.00550605$ & $0.00175521$ & $-0.00259133$ & $-0.00608874$ & $-0.000923845$ & $0.000939034$ & $0.00621974$ & $0.00757562$ & $0.00381276$ & $0.00787755$ & $-0.000541941$ & $0.00266699$ & $0.00641019$ & $-0.00163328$ & $0.00192629$ & $0.00407858$ & $-0.012609$ & $-0.0339508$ & $-0.0147883$ & $0.0116051$ & $-0.0374831$ & $0.00183439$ & $0.0905883$ & $0.0498883$ & $0.019364$ & $0.00347131$ & $1$ & $-0.00692156$ & $-0.000229762$ & $-0.00454581$ & $0.0268135$ & $0.0456888$ & $0.0420457$ & $0.0177389$ & $-0.00668776$ & $-0.0742178$ & $0.0246578$ \\
eHZZpar & $-0.0311708$ & $-0.00272056$ & $0.00304504$ & $-0.00240478$ & $0.00981122$ & $0.0046454$ & $0.00498825$ & $-0.0019598$ & $-0.00105284$ & $0.00840814$ & $0.00306344$ & $-0.000289916$ & $-0.0104337$ & $0.00697974$ & $0.00725643$ & $0.00312244$ & $0.00853274$ & $0.000536419$ & $-4.1724e-05$ & $-0.00162672$ & $0.000413818$ & $-0.00199021$ & $0.00677294$ & $0.00411025$ & $0.00608823$ & $0.000300451$ & $-0.000758201$ & $0.00740445$ & $-0.00133217$ & $-0.0148272$ & $-0.00953792$ & $0.00641229$ & $-0.020544$ & $-0.0018118$ & $-0.0182727$ & $-0.00804016$ & $0.0106518$ & $0.00778953$ & $-0.00692156$ & $1$ & $-0.00549754$ & $0.0113681$ & $0.0152623$ & $-0.0114605$ & $0.0135494$ & $-0.0164457$ & $-0.00342861$ & $-0.00168202$ & $-0.0124191$ \\
eHZgaint & $0.00154452$ & $-0.0026965$ & $-0.00666398$ & $-0.0114593$ & $0.00216671$ & $0.00631552$ & $-0.0111497$ & $0.00234564$ & $-0.00257698$ & $-0.0255902$ & $0.00592879$ & $-0.00201096$ & $-0.00382531$ & $-0.0238728$ & $0.000474965$ & $-0.00279532$ & $-0.0230758$ & $-0.0100088$ & $-0.00591628$ & $-0.00594016$ & $-0.00911652$ & $0.00111346$ & $0.00544207$ & $-0.00822294$ & $-0.0126748$ & $-0.00370798$ & $-0.00192746$ & $-0.00528662$ & $0.00302001$ & $0.00741221$ & $0.0150046$ & $-0.0148004$ & $0.0259351$ & $-0.00130507$ & $-0.0177425$ & $-0.0389063$ & $-0.0253265$ & $0.00913718$ & $-0.000229762$ & $-0.00549754$ & $1$ & $0.00496995$ & $-0.0537232$ & $0.0806691$ & $0.0243201$ & $0.0139943$ & $0.0287504$ & $-0.0150319$ & $0.0509788$ \\
eHZgapar & $-0.0161633$ & $0.00153516$ & $-0.00670441$ & $-0.00134037$ & $0.00508875$ & $0.00431652$ & $-0.00355259$ & $-0.0024278$ & $-0.00194152$ & $-0.00607131$ & $0.0033146$ & $-0.000983754$ & $0.00106886$ & $-0.00311353$ & $0.00250224$ & $0.00153661$ & $-0.00380896$ & $-0.00423428$ & $-0.00120328$ & $0.00201796$ & $0.000999822$ & $0.0052264$ & $0.00233199$ & $-0.00382247$ & $0.000920129$ & $0.000895218$ & $-5.19561e-05$ & $-0.00426053$ & $-0.00405702$ & $-0.00319712$ & $0.00730563$ & $-0.00470501$ & $-0.00654864$ & $-0.00540287$ & $-0.0039093$ & $0.0140562$ & $0.00987333$ & $0.0153919$ & $-0.00454581$ & $0.0113681$ & $0.00496995$ & $1$ & $0.00852504$ & $0.0112651$ & $0.0194279$ & $0.0347669$ & $0.0205592$ & $0.00602785$ & $-0.00530657$ \\
eHgagaint & $0.0302317$ & $-0.000174747$ & $0.00410611$ & $-0.0320666$ & $-0.00202729$ & $0.000255317$ & $0.00155883$ & $0.00560067$ & $0.091353$ & $-0.0205162$ & $-0.0041965$ & $-0.021549$ & $0.00652357$ & $-0.0166224$ & $0.00295648$ & $0.00187249$ & $-0.0153772$ & $-0.00640135$ & $-0.0108946$ & $0.013118$ & $0.00440129$ & $0.000669666$ & $-0.00611191$ & $-0.00347355$ & $-0.00900472$ & $0.00239655$ & $0.00221611$ & $0.00793446$ & $0.00255093$ & $0.012427$ & $0.00259512$ & $-0.00508286$ & $-0.00950741$ & $-0.000590235$ & $-0.0841612$ & $0.00294142$ & $-0.0554834$ & $0.00189822$ & $0.0268135$ & $0.0152623$ & $-0.0537232$ & $0.00852504$ & $1$ & $-0.00699911$ & $0.0193087$ & $0.00635261$ & $-0.0139842$ & $-0.00375186$ & $-0.0404117$ \\
eHmumuint & $0.0333588$ & $-0.0852351$ & $-0.0266604$ & $0.0178968$ & $0.00113566$ & $0.00464961$ & $-0.00921627$ & $0.0228648$ & $0.024355$ & $-0.0104626$ & $-0.0193047$ & $-0.00412363$ & $-0.00091474$ & $0.000522534$ & $-0.0097054$ & $-0.00818777$ & $-0.00893419$ & $0.00781695$ & $-0.000584491$ & $0.0172165$ & $0.00474052$ & $0.00318992$ & $0.00431598$ & $-0.000947761$ & $-0.00431842$ & $-0.00495376$ & $0.00595387$ & $0.0100255$ & $0.0100115$ & $0.0136017$ & $0.0152827$ & $-0.00977091$ & $-0.00155184$ & $0.00196691$ & $-0.064633$ & $0.0529935$ & $-0.0429236$ & $-0.0110611$ & $0.0456888$ & $-0.0114605$ & $0.0806691$ & $0.0112651$ & $-0.00699911$ & $1$ & $0.0115245$ & $0.0602643$ & $0.0250192$ & $0.0344132$ & $-0.031263$ \\
eHtautauint & $0.00764839$ & $-0.0146925$ & $-0.0703914$ & $0.0487962$ & $0.00781755$ & $0.000937077$ & $-0.0199093$ & $0.00116181$ & $0.00136818$ & $0.00350483$ & $-0.00210347$ & $-0.00342779$ & $-0.00175177$ & $0.00867479$ & $0.00555526$ & $0.00259623$ & $0.00150091$ & $0.00149179$ & $-0.00370475$ & $0.00257551$ & $-0.00253216$ & $0.00299835$ & $0.00733814$ & $-0.000274194$ & $-0.00436257$ & $-0.00679421$ & $-0.00987189$ & $-4.07706e-05$ & $0.0019951$ & $0.0804018$ & $0.0103143$ & $-0.0164893$ & $0.0277365$ & $-0.00307713$ & $-0.0515413$ & $0.076297$ & $0.0149261$ & $0.000459522$ & $0.0420457$ & $0.0135494$ & $0.0243201$ & $0.0194279$ & $0.0193087$ & $0.0115245$ & $1$ & $-0.00985683$ & $0.0276968$ & $0.0210628$ & $0.0502811$ \\
eHccint & $-0.0159201$ & $0.00150591$ & $-0.0591257$ & $-0.0572912$ & $0.00270109$ & $-0.00296394$ & $0.009932$ & $0.00392117$ & $0.00629717$ & $-0.00940234$ & $0.00276628$ & $-0.00587725$ & $0.00647276$ & $-0.00924724$ & $-0.00501708$ & $0.00205713$ & $-0.0087101$ & $-0.00193453$ & $-0.00587039$ & $-0.000801009$ & $-0.0011441$ & $-0.000187616$ & $0.00164602$ & $-0.00316093$ & $-0.000542594$ & $0.00190523$ & $0.00550403$ & $-0.000322475$ & $-0.0028054$ & $0.0120038$ & $0.0953369$ & $0.0126064$ & $0.0258996$ & $0.00597215$ & $0.0139095$ & $-0.0239$ & $-0.0529847$ & $-0.00696605$ & $0.0177389$ & $-0.0164457$ & $0.0139943$ & $0.0347669$ & $0.00635261$ & $0.0602643$ & $-0.00985683$ & $1$ & $0.0294736$ & $-0.0266282$ & $0.0312222$ \\
eHccpar & $0.0192087$ & $0.0238476$ & $-0.0903081$ & $-0.0435301$ & $0.00521758$ & $-0.00105096$ & $0.00131024$ & $-0.000797946$ & $-0.000501712$ & $0.00518099$ & $-0.00282817$ & $0.00144436$ & $-0.00622075$ & $0.00553272$ & $-0.00383087$ & $0.00138352$ & $0.00588927$ & $0.00215135$ & $-0.00338743$ & $-0.00296951$ & $0.00915555$ & $0.00381466$ & $0.0044165$ & $-0.00483944$ & $-0.00326339$ & $-0.0105586$ & $0.00147277$ & $-0.00257403$ & $0.0048737$ & $0.0218499$ & $0.424382$ & $0.00192259$ & $0.0293284$ & $0.00670697$ & $-0.0515127$ & $-0.0113528$ & $-0.0181808$ & $-0.00605379$ & $-0.00668776$ & $-0.00342861$ & $0.0287504$ & $0.0205592$ & $-0.0139842$ & $0.0250192$ & $0.0276968$ & $0.0294736$ & $1$ & $0.0195233$ & $0.0191552$ \\
eHbbint & $0.00291399$ & $-0.0345686$ & $-0.0245564$ & $0.0797677$ & $-0.0146088$ & $-0.000433983$ & $0.0103932$ & $0.00912675$ & $0.00847145$ & $0.00483555$ & $-0.0110772$ & $0.00864869$ & $-0.00655668$ & $0.00915438$ & $0.00839945$ & $0.0129013$ & $0.00521785$ & $-0.00340666$ & $-0.0159293$ & $0.0113481$ & $-0.00625903$ & $-0.00128362$ & $-0.00772012$ & $0.0115554$ & $-0.0126593$ & $-0.00803583$ & $-0.0140495$ & $-0.00434616$ & $0.00229851$ & $-0.00442667$ & $0.00113321$ & $0.0157911$ & $0.143296$ & $-0.0058053$ & $0.0244607$ & $0.0480549$ & $0.0115849$ & $-0.00411189$ & $-0.0742178$ & $-0.00168202$ & $-0.0150319$ & $0.00602785$ & $-0.00375186$ & $0.0344132$ & $0.0210628$ & $-0.0266282$ & $0.0195233$ & $1$ & $-0.0565899$ \\
eHbbpar & $0.0321137$ & $0.0264379$ & $-0.0133995$ & $0.0074608$ & $0.0118929$ & $0.00166239$ & $-0.00535724$ & $-0.0168499$ & $-0.0191443$ & $0.00471901$ & $0.0158573$ & $0.010812$ & $-0.00445557$ & $0.000582441$ & $-0.00278048$ & $0.00216513$ & $0.00265079$ & $0.00210135$ & $-0.00374001$ & $-0.0169049$ & $-0.00251$ & $0.0024923$ & $-0.00275654$ & $0.00168406$ & $-0.0087257$ & $0.00670205$ & $-0.0036921$ & $-0.00025793$ & $0.00357407$ & $0.0107845$ & $0.0176404$ & $0.00444435$ & $0.539522$ & $-0.00464601$ & $-0.00469808$ & $0.0161646$ & $-0.0413904$ & $0.00110134$ & $0.0246578$ & $-0.0124191$ & $0.0509788$ & $-0.00530657$ & $-0.0404117$ & $-0.031263$ & $0.0502811$ & $0.0312222$ & $0.0191552$ & $-0.0565899$ & $1$ \\
