 & AlsMz & dAle5Mz & mtop & mHl & Mz & CW & CHG & CHWB & CHWHB_gaga & CHWHB_gagaorth & CHD & CHbox & CH & CHL1_11 & CHL1_22 & CHL1_33 & CHL3_11 & CHL3_22 & CHL3_33 & CHe_11 & CHe_22 & CHe_33 & CHQ1_11 & CHQ1_33 & CHQ3_11 & CHu_11 & CHd_11 & CHd_33 & CeH_22r & CeH_33r & CuH_22r & CuH_33r & CdH_33r & CLL_1221 & eHggint & eHggpar & eHWWint & eHWWpar & eHZZint & eHZZpar & eHZgaint & eHZgapar & eHgagaint & eHmumuint & eHtautauint & eHccint & eHccpar & eHbbint & eHbbpar \\
AlsMz & $1$ & $0.0506648$ & $0.0421239$ & $0.0119538$ & $-0.00374732$ & $0.0124572$ & $-0.026436$ & $-0.0103009$ & $-0.00761109$ & $0.0074474$ & $-0.0103696$ & $-0.0116297$ & $0.00663016$ & $0.0277362$ & $-0.00489371$ & $0.00610324$ & $0.0112799$ & $0.0237784$ & $0.0140092$ & $0.00273225$ & $0.000844508$ & $0.00276535$ & $-0.0107825$ & $-0.0511663$ & $-0.0991523$ & $-0.0406486$ & $-0.0430071$ & $0.0140782$ & $0.000487954$ & $0.0015624$ & $0.0280852$ & $-0.0348806$ & $-0.0692481$ & $-0.00891958$ & $0.0613414$ & $-0.114477$ & $0.0162489$ & $-0.0316323$ & $-0.134677$ & $-0.0100774$ & $-0.0111709$ & $0.00793362$ & $0.0605893$ & $0.00310608$ & $0.0862683$ & $0.0146678$ & $0.0625494$ & $-0.0647468$ & $-0.127462$ \\
dAle5Mz & $0.0506648$ & $1$ & $0.0315141$ & $-0.00850711$ & $-0.0152708$ & $0.0107735$ & $-0.00505859$ & $-0.0647485$ & $-0.0717313$ & $0.0142167$ & $0.0434755$ & $0.00738844$ & $0.00439389$ & $-0.0151633$ & $0.00891118$ & $0.000199509$ & $0.0299162$ & $0.0069415$ & $0.0121697$ & $-0.0177245$ & $-0.0221298$ & $-0.0251888$ & $-0.0063735$ & $0.0209849$ & $0.00236663$ & $0.0158855$ & $-0.0266282$ & $-0.00504139$ & $-0.00524919$ & $-0.0128492$ & $-0.01667$ & $-0.003244$ & $0.0381474$ & $0.00499211$ & $0.0476587$ & $0.0183052$ & $0.0249451$ & $-0.0223312$ & $0.0250423$ & $0.0230343$ & $0.0315725$ & $-0.0235813$ & $-0.140432$ & $-0.0905051$ & $-0.0117861$ & $-0.0334991$ & $-0.048697$ & $0.0645993$ & $0.0942588$ \\
mtop & $0.0421239$ & $0.0315141$ & $1$ & $0.0753566$ & $0.0110648$ & $0.0143205$ & $0.0270496$ & $0.0122626$ & $0.0101909$ & $-0.00863525$ & $-0.00647436$ & $-0.00149034$ & $0.000792459$ & $0.00517601$ & $-0.00390558$ & $0.028783$ & $0.00166828$ & $0.00628326$ & $-0.0131999$ & $0.015839$ & $0.0142937$ & $0.0184288$ & $0.0276225$ & $0.00195913$ & $-0.00185349$ & $-0.022936$ & $0.0105079$ & $0.0288252$ & $0.0488624$ & $0.0157622$ & $0.0491573$ & $0.0319565$ & $0.0481057$ & $0.0179543$ & $0.00572448$ & $-0.0581851$ & $-0.121511$ & $0.00215282$ & $0.0494826$ & $-0.0276054$ & $-0.0395597$ & $0.000978481$ & $-0.0883081$ & $-0.119754$ & $-0.0683432$ & $-0.0405627$ & $0.107089$ & $0.0313913$ & $0.0294127$ \\
mHl & $0.0119538$ & $-0.00850711$ & $0.0753566$ & $1$ & $-0.00586321$ & $0.0136687$ & $0.0188142$ & $0.00230221$ & $0.00850601$ & $0.0227754$ & $0.00638464$ & $0.0502426$ & $-0.0137181$ & $-0.0194255$ & $0.00032274$ & $0.00350559$ & $-0.0114454$ & $-0.0145901$ & $-0.0197579$ & $-0.00544405$ & $-0.00657074$ & $-0.00529337$ & $-0.00672081$ & $-0.0126418$ & $-0.0138678$ & $0.000907641$ & $-0.0029923$ & $-0.00880996$ & $-0.0235022$ & $-0.0140714$ & $0.0116737$ & $0.0249732$ & $-0.0475748$ & $0.00402696$ & $-0.00543723$ & $0.125722$ & $0.0766586$ & $-0.0150814$ & $0.132634$ & $0.0340963$ & $0.028153$ & $-0.0181444$ & $0.0983581$ & $-0.0444631$ & $0.0386194$ & $0.0720918$ & $-0.0180234$ & $-0.0757774$ & $-0.0605483$ \\
Mz & $-0.00374732$ & $-0.0152708$ & $0.0110648$ & $-0.00586321$ & $1$ & $-0.0143582$ & $0.00500714$ & $0.00429899$ & $0.00187794$ & $0.00995967$ & $0.00142786$ & $0.0333228$ & $-0.0319123$ & $0.0125517$ & $0.0143914$ & $0.00728221$ & $0.00153688$ & $-0.00514716$ & $-0.00137618$ & $0.0068653$ & $0.00584516$ & $0.00424989$ & $-0.010373$ & $3.43517e-05$ & $-0.000624382$ & $0.0043958$ & $-0.00542733$ & $-0.0176779$ & $-0.0125761$ & $-0.00982824$ & $-0.0118803$ & $0.00883563$ & $-0.00548052$ & $-0.0121706$ & $0.00766754$ & $0.0194531$ & $0.012095$ & $0.000994435$ & $-0.0069408$ & $-0.0098602$ & $-0.0272106$ & $0.00030145$ & $0.0151263$ & $0.0213031$ & $-0.000810554$ & $0.0114232$ & $-0.0167976$ & $-6.99559e-05$ & $0.00359903$ \\
CW & $0.0124572$ & $0.0107735$ & $0.0143205$ & $0.0136687$ & $-0.0143582$ & $1$ & $-0.0030541$ & $-0.11481$ & $-0.111789$ & $0.00478062$ & $0.177268$ & $0.0306276$ & $0.000627795$ & $0.014245$ & $-0.0773521$ & $-0.067747$ & $-0.259104$ & $-0.0541883$ & $-0.0624392$ & $-0.174552$ & $-0.180672$ & $-0.178616$ & $-0.00580233$ & $-0.00513084$ & $-0.0985542$ & $0.0997889$ & $-0.0806745$ & $-0.045886$ & $0.00599173$ & $-0.0156907$ & $-0.000241083$ & $-0.0042985$ & $-0.0179752$ & $-0.111255$ & $-0.0100812$ & $0.0281967$ & $0.00564945$ & $-0.0113569$ & $0.000544349$ & $-0.0109705$ & $0.00387043$ & $-0.00449114$ & $0.00600879$ & $-0.0209898$ & $0.0107863$ & $0.0110255$ & $0.00571134$ & $0.00686156$ & $-0.00243281$ \\
CHG & $-0.026436$ & $-0.00505859$ & $0.0270496$ & $0.0188142$ & $0.00500714$ & $-0.0030541$ & $1$ & $-0.0842937$ & $-0.0294049$ & $0.0520027$ & $0.0448894$ & $0.207071$ & $-0.292394$ & $0.0573329$ & $-0.0259431$ & $-0.0231043$ & $0.0793325$ & $0.0923278$ & $0.0904025$ & $-0.0453296$ & $-0.0454622$ & $-0.0481045$ & $0.00206402$ & $0.0909466$ & $0.0850218$ & $0.0182579$ & $-0.0335471$ & $-0.0428174$ & $0.00769151$ & $-0.121965$ & $-0.0637137$ & $0.939616$ & $-0.170482$ & $-0.0474479$ & $-0.0702227$ & $-0.0276848$ & $0.0224935$ & $0.00893754$ & $-0.0250456$ & $0.0320788$ & $0.0133924$ & $0.0192028$ & $-0.0277993$ & $-0.0446721$ & $0.000449026$ & $-0.00697591$ & $0.0206853$ & $-0.0358533$ & $-0.0286088$ \\
CHWB & $-0.0103009$ & $-0.0647485$ & $0.0122626$ & $0.00230221$ & $0.00429899$ & $-0.11481$ & $-0.0842937$ & $1$ & $0.982749$ & $-0.556402$ & $-0.877847$ & $-0.436278$ & $0.341366$ & $0.0869801$ & $0.285757$ & $0.290336$ & $-0.249185$ & $-0.437425$ & $-0.436338$ & $0.848479$ & $0.894796$ & $0.877507$ & $0.0566935$ & $-0.680358$ & $-0.414751$ & $-0.504489$ & $0.419828$ & $0.301519$ & $0.00956636$ & $0.110288$ & $0.0610933$ & $-0.0764787$ & $0.111415$ & $0.574914$ & $-0.0138919$ & $-0.008474$ & $0.00132211$ & $0.0112771$ & $-0.0150079$ & $0.00659525$ & $0.002416$ & $0.00674133$ & $0.00399736$ & $-0.00998059$ & $-0.0237531$ & $-0.00115116$ & $0.00505667$ & $-0.00657536$ & $-0.00999898$ \\
CHWHB_gaga & $-0.00761109$ & $-0.0717313$ & $0.0101909$ & $0.00850601$ & $0.00187794$ & $-0.111789$ & $-0.0294049$ & $0.982749$ & $1$ & $-0.544895$ & $-0.857728$ & $-0.413901$ & $0.33478$ & $0.0765735$ & $0.279736$ & $0.284058$ & $-0.255494$ & $-0.437938$ & $-0.436911$ & $0.828795$ & $0.874209$ & $0.85733$ & $0.0546095$ & $-0.673268$ & $-0.416182$ & $-0.492352$ & $0.411927$ & $0.294888$ & $0.0158412$ & $0.133495$ & $0.0710618$ & $-0.0299967$ & $0.13678$ & $0.564893$ & $-0.0284012$ & $-0.0124565$ & $-0.0169261$ & $0.0109636$ & $-0.0255811$ & $0.0070878$ & $0.00133369$ & $0.000374308$ & $0.0589763$ & $-0.0119577$ & $-0.0178528$ & $-0.0106044$ & $-0.000483455$ & $-0.00776865$ & $-0.00331849$ \\
CHWHB_gagaorth & $0.0074474$ & $0.0142167$ & $-0.00863525$ & $0.0227754$ & $0.00995967$ & $0.00478062$ & $0.0520027$ & $-0.556402$ & $-0.544895$ & $1$ & $0.344646$ & $0.607885$ & $-0.234111$ & $0.230921$ & $-0.111234$ & $-0.121755$ & $0.428943$ & $0.477831$ & $0.477097$ & $-0.33026$ & $-0.361905$ & $-0.355333$ & $-0.0504315$ & $0.54668$ & $0.467126$ & $0.206737$ & $-0.23469$ & $-0.124043$ & $-0.0054215$ & $-0.12045$ & $-0.0810172$ & $0.0624318$ & $-0.141379$ & $-0.349367$ & $0.0387376$ & $0.0314046$ & $0.00671128$ & $-0.000555306$ & $0.0149245$ & $-0.00505003$ & $-0.052966$ & $-0.0281154$ & $-0.019943$ & $0.0267541$ & $0.0166806$ & $0.0234692$ & $-0.0103543$ & $0.00461522$ & $-0.00821062$ \\
CHD & $-0.0103696$ & $0.0434755$ & $-0.00647436$ & $0.00638464$ & $0.00142786$ & $0.177268$ & $0.0448894$ & $-0.877847$ & $-0.857728$ & $0.344646$ & $1$ & $0.324518$ & $-0.16348$ & $-0.507219$ & $-0.41128$ & $-0.404127$ & $-0.210924$ & $0.0672005$ & $0.0670282$ & $-0.990053$ & $-0.991219$ & $-0.970266$ & $0.00101154$ & $0.315914$ & $0.0346819$ & $0.561099$ & $-0.287801$ & $-0.33339$ & $-0.0055814$ & $-0.0623172$ & $-0.0411313$ & $0.0475644$ & $-0.0593342$ & $-0.379592$ & $0.0267896$ & $0.0272364$ & $-0.00882206$ & $-0.00309063$ & $0.0066872$ & $0.00503634$ & $0.00254612$ & $-0.0122441$ & $0.0182005$ & $0.0112039$ & $0.012666$ & $0.00460782$ & $-0.00967672$ & $0.0165842$ & $0.0123032$ \\
CHbox & $-0.0116297$ & $0.00738844$ & $-0.00149034$ & $0.0502426$ & $0.0333228$ & $0.0306276$ & $0.207071$ & $-0.436278$ & $-0.413901$ & $0.607885$ & $0.324518$ & $1$ & $-0.739591$ & $0.0711451$ & $-0.0841921$ & $-0.0783644$ & $0.221371$ & $0.273997$ & $0.26565$ & $-0.308036$ & $-0.339575$ & $-0.332535$ & $-0.0346952$ & $0.371455$ & $0.264498$ & $0.187792$ & $-0.209467$ & $-0.119415$ & $-0.0118058$ & $-0.0803677$ & $-0.0683516$ & $0.212155$ & $-0.116434$ & $-0.28148$ & $0.0275014$ & $0.0327853$ & $0.00446644$ & $-0.0139413$ & $-0.0040771$ & $-0.000667618$ & $-0.014361$ & $-0.0120389$ & $-0.0325634$ & $0.0298992$ & $0.0019555$ & $0.00567117$ & $-0.00998623$ & $0.00120582$ & $-0.0127497$ \\
CH & $0.00663016$ & $0.00439389$ & $0.000792459$ & $-0.0137181$ & $-0.0319123$ & $0.000627795$ & $-0.292394$ & $0.341366$ & $0.33478$ & $-0.234111$ & $-0.16348$ & $-0.739591$ & $1$ & $-0.244677$ & $0.0665569$ & $0.0751462$ & $-0.361293$ & $-0.379942$ & $-0.378262$ & $0.161271$ & $0.174044$ & $0.174845$ & $0.0263437$ & $-0.388421$ & $-0.370315$ & $-0.0953274$ & $0.136863$ & $0.0666175$ & $0.0350662$ & $0.281632$ & $0.115282$ & $-0.233341$ & $0.335313$ & $0.214359$ & $0.0461176$ & $0.0239468$ & $-0.0230997$ & $0.0115699$ & $0.00742872$ & $0.0151268$ & $-0.0134007$ & $-0.00898042$ & $0.0162875$ & $-0.00526944$ & $-0.00814841$ & $0.0118264$ & $-5.68739e-05$ & $0.0146725$ & $0.00723977$ \\
CHL1_11 & $0.0277362$ & $-0.0151633$ & $0.00517601$ & $-0.0194255$ & $0.0125517$ & $0.014245$ & $0.0573329$ & $0.0869801$ & $0.0765735$ & $0.230921$ & $-0.507219$ & $0.0711451$ & $-0.244677$ & $1$ & $0.273878$ & $0.24927$ & $0.672258$ & $0.60178$ & $0.601445$ & $0.526268$ & $0.467679$ & $0.452973$ & $-0.0830548$ & $0.470743$ & $0.59427$ & $-0.270836$ & $-0.106456$ & $0.153802$ & $-0.00201084$ & $-0.0670982$ & $-0.0166045$ & $0.0357786$ & $-0.0736821$ & $-0.214958$ & $-0.0368242$ & $-0.0429936$ & $0.0148214$ & $-0.00822184$ & $0.00363095$ & $-0.0184877$ & $-0.0136181$ & $0.0209127$ & $-0.0370926$ & $-0.00604405$ & $0.00582287$ & $-0.00445008$ & $0.023311$ & $-0.0228291$ & $-0.0109889$ \\
CHL1_22 & $-0.00489371$ & $0.00891118$ & $-0.00390558$ & $0.00032274$ & $0.0143914$ & $-0.0773521$ & $-0.0259431$ & $0.285757$ & $0.279736$ & $-0.111234$ & $-0.41128$ & $-0.0841921$ & $0.0665569$ & $0.273878$ & $1$ & $0.436455$ & $0.163673$ & $-0.440811$ & $-0.0265261$ & $0.478244$ & $0.328538$ & $0.319092$ & $-0.197544$ & $0.104924$ & $-0.139357$ & $-0.172383$ & $-0.41201$ & $0.118577$ & $0.0119328$ & $0.0418398$ & $0.0365068$ & $-0.0220632$ & $0.0487565$ & $-0.589793$ & $-0.0158108$ & $-0.0259522$ & $0.00609607$ & $-0.0109046$ & $-0.023762$ & $-0.0102371$ & $0.0185996$ & $-0.00828649$ & $-0.0343154$ & $-0.00573445$ & $-0.0126298$ & $0.0232559$ & $0.0136514$ & $0.00370242$ & $0.0185893$ \\
CHL1_33 & $0.00610324$ & $0.000199509$ & $0.028783$ & $0.00350559$ & $0.00728221$ & $-0.067747$ & $-0.0231043$ & $0.290336$ & $0.284058$ & $-0.121755$ & $-0.404127$ & $-0.0783644$ & $0.0751462$ & $0.24927$ & $0.436455$ & $1$ & $0.144937$ & $-0.0341857$ & $-0.447829$ & $0.47029$ & $0.324524$ & $0.340176$ & $-0.177041$ & $0.089211$ & $-0.141951$ & $-0.172227$ & $-0.382769$ & $0.104471$ & $0.0194618$ & $0.0413808$ & $0.0134293$ & $-0.0200841$ & $0.0440519$ & $-0.0883664$ & $-0.00397685$ & $-0.00999188$ & $0.0064313$ & $-0.0202033$ & $0.0176698$ & $-0.0240621$ & $0.0198264$ & $0.00674382$ & $-0.0351371$ & $-0.00689555$ & $-0.00438086$ & $-0.0107494$ & $0.00380829$ & $-0.00653559$ & $-0.00126628$ \\
CHL3_11 & $0.0112799$ & $0.0299162$ & $0.00166828$ & $-0.0114454$ & $0.00153688$ & $-0.259104$ & $0.0793325$ & $-0.249185$ & $-0.255494$ & $0.428943$ & $-0.210924$ & $0.221371$ & $-0.361293$ & $0.672258$ & $0.163673$ & $0.144937$ & $1$ & $0.744222$ & $0.74218$ & $0.2337$ & $0.179396$ & $0.173234$ & $-0.0756235$ & $0.684021$ & $0.779963$ & $-0.106779$ & $-0.160169$ & $0.0590929$ & $-0.0150031$ & $-0.0998175$ & $-0.0500388$ & $0.059052$ & $-0.107546$ & $-0.254417$ & $-0.0183188$ & $-0.0319497$ & $0.0146283$ & $-0.0134927$ & $0.0251299$ & $-0.0228399$ & $-0.0110894$ & $0.00896563$ & $-0.0364365$ & $0.002126$ & $0.0219635$ & $-0.011205$ & $-0.00382736$ & $-0.0168217$ & $-0.00335271$ \\
CHL3_22 & $0.0237784$ & $0.0069415$ & $0.00628326$ & $-0.0145901$ & $-0.00514716$ & $-0.0541883$ & $0.0923278$ & $-0.437425$ & $-0.437938$ & $0.477831$ & $0.0672005$ & $0.273997$ & $-0.379942$ & $0.60178$ & $-0.440811$ & $-0.0341857$ & $0.744222$ & $1$ & $0.679014$ & $-0.0695544$ & $-0.0624464$ & $-0.0603453$ & $0.0163108$ & $0.629212$ & $0.800618$ & $0.0225069$ & $0.000274878$ & $-0.0291871$ & $-0.0131142$ & $-0.118645$ & $-0.0631023$ & $0.0707851$ & $-0.129757$ & $0.0234737$ & $-0.0131428$ & $-0.0157581$ & $0.00676235$ & $-0.00837944$ & $0.0334949$ & $-0.0163865$ & $-0.0213955$ & $0.0187362$ & $-0.0164844$ & $0.0047933$ & $0.0279222$ & $-0.0240371$ & $-0.00221715$ & $-0.0202078$ & $-0.0171456$ \\
CHL3_33 & $0.0140092$ & $0.0121697$ & $-0.0131999$ & $-0.0197579$ & $-0.00137618$ & $-0.0624392$ & $0.0904025$ & $-0.436338$ & $-0.436911$ & $0.477097$ & $0.0670282$ & $0.26565$ & $-0.378262$ & $0.601445$ & $-0.0265261$ & $-0.447829$ & $0.74218$ & $0.679014$ & $1$ & $-0.0699401$ & $-0.061293$ & $-0.0581421$ & $0.00787791$ & $0.624873$ & $0.794031$ & $0.0241655$ & $-0.00681652$ & $-0.0178122$ & $-0.0169913$ & $-0.116732$ & $-0.0463055$ & $0.0701865$ & $-0.123535$ & $-0.34528$ & $-0.0202449$ & $-0.0239625$ & $0.00365167$ & $-0.00271191$ & $0.00902035$ & $-0.00947672$ & $-0.0223641$ & $0.00646917$ & $-0.0175404$ & $0.00415522$ & $0.0190691$ & $6.36635e-05$ & $0.00742657$ & $-0.014321$ & $-0.00525877$ \\
CHe_11 & $0.00273225$ & $-0.0177245$ & $0.015839$ & $-0.00544405$ & $0.0068653$ & $-0.174552$ & $-0.0453296$ & $0.848479$ & $0.828795$ & $-0.33026$ & $-0.990053$ & $-0.308036$ & $0.161271$ & $0.526268$ & $0.478244$ & $0.47029$ & $0.2337$ & $-0.0695544$ & $-0.0699401$ & $1$ & $0.972496$ & $0.952258$ & $-0.0281944$ & $-0.261186$ & $-0.0281704$ & $-0.548129$ & $0.211576$ & $0.327495$ & $0.00820133$ & $0.0634536$ & $0.0425483$ & $-0.0460989$ & $0.0637167$ & $0.300001$ & $-0.023834$ & $-0.0244219$ & $0.0054679$ & $0.000467821$ & $-0.00511481$ & $-0.0082729$ & $-0.00120589$ & $0.011998$ & $-0.0271389$ & $-0.0125213$ & $-0.0134985$ & $-0.00527214$ & $0.00846126$ & $-0.0135489$ & $-0.00821752$ \\
CHe_22 & $0.000844508$ & $-0.0221298$ & $0.0142937$ & $-0.00657074$ & $0.00584516$ & $-0.180672$ & $-0.0454622$ & $0.894796$ & $0.874209$ & $-0.361905$ & $-0.991219$ & $-0.339575$ & $0.174044$ & $0.467679$ & $0.328538$ & $0.324524$ & $0.179396$ & $-0.0624464$ & $-0.061293$ & $0.972496$ & $1$ & $0.97547$ & $0.0288267$ & $-0.368984$ & $-0.0393067$ & $-0.565431$ & $0.368022$ & $0.335749$ & $0.00418163$ & $0.062554$ & $0.0398635$ & $-0.0476573$ & $0.0619697$ & $0.463882$ & $-0.0229416$ & $-0.0239779$ & $0.00672699$ & $0.00453899$ & $-0.00508141$ & $-0.00280872$ & $-0.00438173$ & $0.012063$ & $-0.0172621$ & $-0.0133937$ & $-0.0138314$ & $-0.00680378$ & $0.00687438$ & $-0.0149745$ & $-0.00919878$ \\
CHe_33 & $0.00276535$ & $-0.0251888$ & $0.0184288$ & $-0.00529337$ & $0.00424989$ & $-0.178616$ & $-0.0481045$ & $0.877507$ & $0.85733$ & $-0.355333$ & $-0.970266$ & $-0.332535$ & $0.174845$ & $0.452973$ & $0.319092$ & $0.340176$ & $0.173234$ & $-0.0603453$ & $-0.0581421$ & $0.952258$ & $0.97547$ & $1$ & $0.0273699$ & $-0.362194$ & $-0.0381513$ & $-0.55112$ & $0.364132$ & $0.331625$ & $0.00744259$ & $0.0642654$ & $0.0401231$ & $-0.0501456$ & $0.0634706$ & $0.460002$ & $-0.0215818$ & $-0.0217117$ & $0.00710407$ & $0.00563519$ & $-0.00167206$ & $-0.00349039$ & $-0.00320645$ & $0.013686$ & $-0.0199367$ & $-0.0119509$ & $-0.0135553$ & $-0.011202$ & $0.00595237$ & $-0.0128183$ & $-0.0101453$ \\
CHQ1_11 & $-0.0107825$ & $-0.0063735$ & $0.0276225$ & $-0.00672081$ & $-0.010373$ & $-0.00580233$ & $0.00206402$ & $0.0566935$ & $0.0546095$ & $-0.0504315$ & $0.00101154$ & $-0.0346952$ & $0.0263437$ & $-0.0830548$ & $-0.197544$ & $-0.177041$ & $-0.0756235$ & $0.0163108$ & $0.00787791$ & $-0.0281944$ & $0.0288267$ & $0.0273699$ & $1$ & $-0.131833$ & $0.0884766$ & $-0.673934$ & $0.360387$ & $0.002808$ & $-0.00281316$ & $0.00733468$ & $0.0194505$ & $0.00224816$ & $0.0137974$ & $0.210562$ & $-0.00985999$ & $-0.0109583$ & $0.00304416$ & $0.0273755$ & $0.0116184$ & $0.024284$ & $-0.0217118$ & $-0.00536469$ & $0.00134504$ & $-0.0245893$ & $0.001535$ & $-0.0335059$ & $0.0202002$ & $0.00789286$ & $0.00214378$ \\
CHQ1_33 & $-0.0511663$ & $0.0209849$ & $0.00195913$ & $-0.0126418$ & $3.43517e-05$ & $-0.00513084$ & $0.0909466$ & $-0.680358$ & $-0.673268$ & $0.54668$ & $0.315914$ & $0.371455$ & $-0.388421$ & $0.470743$ & $0.104924$ & $0.089211$ & $0.684021$ & $0.629212$ & $0.624873$ & $-0.261186$ & $-0.368984$ & $-0.362194$ & $-0.131833$ & $1$ & $0.65441$ & $0.206271$ & $-0.415167$ & $-0.0282162$ & $-0.00753226$ & $-0.109749$ & $-0.0585022$ & $0.0760705$ & $-0.104298$ & $-0.630347$ & $-0.00841491$ & $-0.0117242$ & $0.00982572$ & $-0.0117349$ & $0.0232513$ & $-0.0140211$ & $-0.00503504$ & $0.00110295$ & $-0.0345291$ & $0.00166216$ & $0.0208837$ & $0.001307$ & $0.00155777$ & $0.00405932$ & $0.0155527$ \\
CHQ3_11 & $-0.0991523$ & $0.00236663$ & $-0.00185349$ & $-0.0138678$ & $-0.000624382$ & $-0.0985542$ & $0.0850218$ & $-0.414751$ & $-0.416182$ & $0.467126$ & $0.0346819$ & $0.264498$ & $-0.370315$ & $0.59427$ & $-0.139357$ & $-0.141951$ & $0.779963$ & $0.800618$ & $0.794031$ & $-0.0281704$ & $-0.0393067$ & $-0.0381513$ & $0.0884766$ & $0.65441$ & $1$ & $0.0143902$ & $0.203546$ & $-0.00761196$ & $-0.0133071$ & $-0.116528$ & $-0.0521104$ & $0.0647395$ & $-0.111343$ & $-0.20351$ & $-0.0321$ & $-0.00191317$ & $0.0127662$ & $0.00397179$ & $0.03678$ & $-0.00162376$ & $-0.0318749$ & $0.0113074$ & $-0.0286974$ & $0.0102636$ & $0.018456$ & $-0.0237902$ & $0.00578644$ & $-0.0117402$ & $0.0125706$ \\
CHu_11 & $-0.0406486$ & $0.0158855$ & $-0.022936$ & $0.000907641$ & $0.0043958$ & $0.0997889$ & $0.0182579$ & $-0.504489$ & $-0.492352$ & $0.206737$ & $0.561099$ & $0.187792$ & $-0.0953274$ & $-0.270836$ & $-0.172383$ & $-0.172227$ & $-0.106779$ & $0.0225069$ & $0.0241655$ & $-0.548129$ & $-0.565431$ & $-0.55112$ & $-0.673934$ & $0.206271$ & $0.0143902$ & $1$ & $-0.196138$ & $-0.181518$ & $-0.00512226$ & $-0.046616$ & $-0.033557$ & $0.0169212$ & $-0.0491663$ & $-0.272813$ & $0.0208115$ & $0.0331756$ & $-0.00554309$ & $-0.0230537$ & $0.00240442$ & $-0.009131$ & $0.00781041$ & $-0.0101001$ & $0.00640943$ & $0.0210331$ & $-0.00223045$ & $0.0275267$ & $-0.0202616$ & $0.00445298$ & $0.0120203$ \\
CHd_11 & $-0.0430071$ & $-0.0266282$ & $0.0105079$ & $-0.0029923$ & $-0.00542733$ & $-0.0806745$ & $-0.0335471$ & $0.419828$ & $0.411927$ & $-0.23469$ & $-0.287801$ & $-0.209467$ & $0.136863$ & $-0.106456$ & $-0.41201$ & $-0.382769$ & $-0.160169$ & $0.000274878$ & $-0.00681652$ & $0.211576$ & $0.368022$ & $0.364132$ & $0.360387$ & $-0.415167$ & $0.203546$ & $-0.196138$ & $1$ & $0.120842$ & $-0.00767008$ & $0.0230256$ & $0.0172594$ & $-0.0349321$ & $0.0310957$ & $0.689489$ & $-0.0118328$ & $0.0183005$ & $0.00862919$ & $0.0281586$ & $0.00665433$ & $0.0346577$ & $-0.033519$ & $0.00355991$ & $0.0187425$ & $-0.00053376$ & $-0.00420213$ & $-0.022301$ & $0.00530864$ & $-0.00255016$ & $0.000657236$ \\
CHd_33 & $0.0140782$ & $-0.00504139$ & $0.0288252$ & $-0.00880996$ & $-0.0176779$ & $-0.045886$ & $-0.0428174$ & $0.301519$ & $0.294888$ & $-0.124043$ & $-0.33339$ & $-0.119415$ & $0.0666175$ & $0.153802$ & $0.118577$ & $0.104471$ & $0.0590929$ & $-0.0291871$ & $-0.0178122$ & $0.327495$ & $0.335749$ & $0.331625$ & $0.002808$ & $-0.0282162$ & $-0.00761196$ & $-0.181518$ & $0.120842$ & $1$ & $0.00713861$ & $0.0270068$ & $0.0182222$ & $-0.0388772$ & $0.0318164$ & $0.149381$ & $0.00833181$ & $-0.002108$ & $-0.0053612$ & $0.0159068$ & $-0.0211605$ & $0.00227645$ & $-0.0209848$ & $0.00432847$ & $-0.0167884$ & $-0.0397708$ & $-0.00609916$ & $-0.00780324$ & $-0.0011086$ & $0.000358705$ & $-0.000137156$ \\
CeH_22r & $0.000487954$ & $-0.00524919$ & $0.0488624$ & $-0.0235022$ & $-0.0125761$ & $0.00599173$ & $0.00769151$ & $0.00956636$ & $0.0158412$ & $-0.0054215$ & $-0.0055814$ & $-0.0118058$ & $0.0350662$ & $-0.00201084$ & $0.0119328$ & $0.0194618$ & $-0.0150031$ & $-0.0131142$ & $-0.0169913$ & $0.00820133$ & $0.00418163$ & $0.00744259$ & $-0.00281316$ & $-0.00753226$ & $-0.0133071$ & $-0.00512226$ & $-0.00767008$ & $0.00713861$ & $1$ & $0.0187624$ & $0.0332705$ & $-0.0138216$ & $0.0353961$ & $-0.00466719$ & $-0.0382178$ & $-0.0301172$ & $-0.0293752$ & $0.000312042$ & $-0.0088138$ & $-0.00294278$ & $0.00250687$ & $0.0019258$ & $-0.0300502$ & $-0.025554$ & $-0.0144102$ & $0.0109433$ & $0.0247108$ & $0.00818152$ & $0.00512883$ \\
CeH_33r & $0.0015624$ & $-0.0128492$ & $0.0157622$ & $-0.0140714$ & $-0.00982824$ & $-0.0156907$ & $-0.121965$ & $0.110288$ & $0.133495$ & $-0.12045$ & $-0.0623172$ & $-0.0803677$ & $0.281632$ & $-0.0670982$ & $0.0418398$ & $0.0413808$ & $-0.0998175$ & $-0.118645$ & $-0.116732$ & $0.0634536$ & $0.062554$ & $0.0642654$ & $0.00733468$ & $-0.109749$ & $-0.116528$ & $-0.046616$ & $0.0230256$ & $0.0270068$ & $0.0187624$ & $1$ & $0.334594$ & $0.0185447$ & $0.660359$ & $0.0526453$ & $-0.0647526$ & $-0.000418614$ & $-0.19917$ & $-0.024258$ & $-0.021897$ & $0.0147389$ & $-0.00888851$ & $-0.0182209$ & $-0.00315073$ & $0.00876402$ & $0.0503556$ & $0.0157583$ & $0.049176$ & $0.00795955$ & $0.032761$ \\
CuH_22r & $0.0280852$ & $-0.01667$ & $0.0491573$ & $0.0116737$ & $-0.0118803$ & $-0.000241083$ & $-0.0637137$ & $0.0610933$ & $0.0710618$ & $-0.0810172$ & $-0.0411313$ & $-0.0683516$ & $0.115282$ & $-0.0166045$ & $0.0365068$ & $0.0134293$ & $-0.0500388$ & $-0.0631023$ & $-0.0463055$ & $0.0425483$ & $0.0398635$ & $0.0401231$ & $0.0194505$ & $-0.0585022$ & $-0.0521104$ & $-0.033557$ & $0.0172594$ & $0.0182222$ & $0.0332705$ & $0.334594$ & $1$ & $0.0193978$ & $0.360019$ & $0.0126333$ & $-0.0713601$ & $-0.00588999$ & $-0.126605$ & $0.00129109$ & $-0.0518639$ & $-0.00174435$ & $-0.0126389$ & $-0.0155595$ & $-0.0158103$ & $0.0209518$ & $-0.0155334$ & $0.082943$ & $0.355805$ & $-0.0325071$ & $0.0308567$ \\
CuH_33r & $-0.0348806$ & $-0.003244$ & $0.0319565$ & $0.0249732$ & $0.00883563$ & $-0.0042985$ & $0.939616$ & $-0.0764787$ & $-0.0299967$ & $0.0624318$ & $0.0475644$ & $0.212155$ & $-0.233341$ & $0.0357786$ & $-0.0220632$ & $-0.0200841$ & $0.059052$ & $0.0707851$ & $0.0701865$ & $-0.0460989$ & $-0.0476573$ & $-0.0501456$ & $0.00224816$ & $0.0760705$ & $0.0647395$ & $0.0169212$ & $-0.0349321$ & $-0.0388772$ & $-0.0138216$ & $0.0185447$ & $0.0193978$ & $1$ & $0.000271202$ & $-0.0439586$ & $0.0110109$ & $0.0229107$ & $-0.013213$ & $0.00836688$ & $-0.0267066$ & $0.0387226$ & $0.00253159$ & $0.0126745$ & $-0.01427$ & $-0.041048$ & $-0.00403588$ & $-0.00589153$ & $0.0199002$ & $-0.0317061$ & $-0.0272309$ \\
CdH_33r & $-0.0692481$ & $0.0381474$ & $0.0481057$ & $-0.0475748$ & $-0.00548052$ & $-0.0179752$ & $-0.170482$ & $0.111415$ & $0.13678$ & $-0.141379$ & $-0.0593342$ & $-0.116434$ & $0.335313$ & $-0.0736821$ & $0.0487565$ & $0.0440519$ & $-0.107546$ & $-0.129757$ & $-0.123535$ & $0.0637167$ & $0.0619697$ & $0.0634706$ & $0.0137974$ & $-0.104298$ & $-0.111343$ & $-0.0491663$ & $0.0310957$ & $0.0318164$ & $0.0353961$ & $0.660359$ & $0.360019$ & $0.000271202$ & $1$ & $0.0512028$ & $-0.076845$ & $-0.0269755$ & $-0.248357$ & $-0.0226258$ & $-0.0328369$ & $0.0159373$ & $-0.079155$ & $-0.0149479$ & $0.0350626$ & $-0.0280768$ & $-0.0455826$ & $0.00624763$ & $0.0600502$ & $0.177672$ & $0.47099$ \\
CLL_1221 & $-0.00891958$ & $0.00499211$ & $0.0179543$ & $0.00402696$ & $-0.0121706$ & $-0.111255$ & $-0.0474479$ & $0.574914$ & $0.564893$ & $-0.349367$ & $-0.379592$ & $-0.28148$ & $0.214359$ & $-0.214958$ & $-0.589793$ & $-0.0883664$ & $-0.254417$ & $0.0234737$ & $-0.34528$ & $0.300001$ & $0.463882$ & $0.460002$ & $0.210562$ & $-0.630347$ & $-0.20351$ & $-0.272813$ & $0.689489$ & $0.149381$ & $-0.00466719$ & $0.0526453$ & $0.0126333$ & $-0.0439586$ & $0.0512028$ & $1$ & $0.00847819$ & $0.0155699$ & $-0.000534749$ & $0.0157084$ & $0.0141453$ & $0.0146676$ & $-0.00917575$ & $0.0106485$ & $0.0233561$ & $-0.00691506$ & $-0.00764069$ & $-0.0260024$ & $-0.019233$ & $-0.00294737$ & $-0.0167632$ \\
eHggint & $0.0613414$ & $0.0476587$ & $0.00572448$ & $-0.00543723$ & $0.00766754$ & $-0.0100812$ & $-0.0702227$ & $-0.0138919$ & $-0.0284012$ & $0.0387376$ & $0.0267896$ & $0.0275014$ & $0.0461176$ & $-0.0368242$ & $-0.0158108$ & $-0.00397685$ & $-0.0183188$ & $-0.0131428$ & $-0.0202449$ & $-0.023834$ & $-0.0229416$ & $-0.0215818$ & $-0.00985999$ & $-0.00841491$ & $-0.0321$ & $0.0208115$ & $-0.0118328$ & $0.00833181$ & $-0.0382178$ & $-0.0647526$ & $-0.0713601$ & $0.0110109$ & $-0.076845$ & $0.00847819$ & $1$ & $-0.0202643$ & $0.0553357$ & $0.00528082$ & $-0.0924515$ & $0.0175131$ & $-0.104883$ & $-0.0128835$ & $0.114084$ & $0.018331$ & $-0.136795$ & $-0.161032$ & $-0.11303$ & $0.0609729$ & $-0.108018$ \\
eHggpar & $-0.114477$ & $0.0183052$ & $-0.0581851$ & $0.125722$ & $0.0194531$ & $0.0281967$ & $-0.0276848$ & $-0.008474$ & $-0.0124565$ & $0.0314046$ & $0.0272364$ & $0.0327853$ & $0.0239468$ & $-0.0429936$ & $-0.0259522$ & $-0.00999188$ & $-0.0319497$ & $-0.0157581$ & $-0.0239625$ & $-0.0244219$ & $-0.0239779$ & $-0.0217117$ & $-0.0109583$ & $-0.0117242$ & $-0.00191317$ & $0.0331756$ & $0.0183005$ & $-0.002108$ & $-0.0301172$ & $-0.000418614$ & $-0.00588999$ & $0.0229107$ & $-0.0269755$ & $0.0155699$ & $-0.0202643$ & $1$ & $0.0260567$ & $-0.0321033$ & $0.0602259$ & $0.0358851$ & $-0.000341001$ & $-0.0320854$ & $0.0812464$ & $0.0607827$ & $0.19288$ & $0.126851$ & $-0.0262576$ & $0.00412161$ & $-0.0342677$ \\
eHWWint & $0.0162489$ & $0.0249451$ & $-0.121511$ & $0.0766586$ & $0.012095$ & $0.00564945$ & $0.0224935$ & $0.00132211$ & $-0.0169261$ & $0.00671128$ & $-0.00882206$ & $0.00446644$ & $-0.0230997$ & $0.0148214$ & $0.00609607$ & $0.0064313$ & $0.0146283$ & $0.00676235$ & $0.00365167$ & $0.0054679$ & $0.00672699$ & $0.00710407$ & $0.00304416$ & $0.00982572$ & $0.0127662$ & $-0.00554309$ & $0.00862919$ & $-0.0053612$ & $-0.0293752$ & $-0.19917$ & $-0.126605$ & $-0.013213$ & $-0.248357$ & $-0.000534749$ & $0.0553357$ & $0.0260567$ & $1$ & $-0.0164517$ & $0.14197$ & $0.0193248$ & $-0.0142857$ & $0.0350719$ & $-0.119111$ & $0.0612435$ & $0.13371$ & $0.00113116$ & $-0.0866906$ & $0.0972625$ & $-0.108536$ \\
eHWWpar & $-0.0316323$ & $-0.0223312$ & $0.00215282$ & $-0.0150814$ & $0.000994435$ & $-0.0113569$ & $0.00893754$ & $0.0112771$ & $0.0109636$ & $-0.000555306$ & $-0.00309063$ & $-0.0139413$ & $0.0115699$ & $-0.00822184$ & $-0.0109046$ & $-0.0202033$ & $-0.0134927$ & $-0.00837944$ & $-0.00271191$ & $0.000467821$ & $0.00453899$ & $0.00563519$ & $0.0273755$ & $-0.0117349$ & $0.00397179$ & $-0.0230537$ & $0.0281586$ & $0.0159068$ & $0.000312042$ & $-0.024258$ & $0.00129109$ & $0.00836688$ & $-0.0226258$ & $0.0157084$ & $0.00528082$ & $-0.0321033$ & $-0.0164517$ & $1$ & $0.0317708$ & $0.0183975$ & $-0.0398219$ & $-0.0329375$ & $0.00554004$ & $0.0102146$ & $0.0127955$ & $-0.00532317$ & $0.00048442$ & $-0.0099222$ & $0.000570881$ \\
eHZZint & $-0.134677$ & $0.0250423$ & $0.0494826$ & $0.132634$ & $-0.0069408$ & $0.000544349$ & $-0.0250456$ & $-0.0150079$ & $-0.0255811$ & $0.0149245$ & $0.0066872$ & $-0.0040771$ & $0.00742872$ & $0.00363095$ & $-0.023762$ & $0.0176698$ & $0.0251299$ & $0.0334949$ & $0.00902035$ & $-0.00511481$ & $-0.00508141$ & $-0.00167206$ & $0.0116184$ & $0.0232513$ & $0.03678$ & $0.00240442$ & $0.00665433$ & $-0.0211605$ & $-0.0088138$ & $-0.021897$ & $-0.0518639$ & $-0.0267066$ & $-0.0328369$ & $0.0141453$ & $-0.0924515$ & $0.0602259$ & $0.14197$ & $0.0317708$ & $1$ & $-0.0115336$ & $-0.0479161$ & $-0.000645522$ & $-0.153643$ & $-0.0215416$ & $0.100114$ & $3.8093e-05$ & $-0.155091$ & $-0.0914276$ & $0.0367714$ \\
eHZZpar & $-0.0100774$ & $0.0230343$ & $-0.0276054$ & $0.0340963$ & $-0.0098602$ & $-0.0109705$ & $0.0320788$ & $0.00659525$ & $0.0070878$ & $-0.00505003$ & $0.00503634$ & $-0.000667618$ & $0.0151268$ & $-0.0184877$ & $-0.0102371$ & $-0.0240621$ & $-0.0228399$ & $-0.0163865$ & $-0.00947672$ & $-0.0082729$ & $-0.00280872$ & $-0.00349039$ & $0.024284$ & $-0.0140211$ & $-0.00162376$ & $-0.009131$ & $0.0346577$ & $0.00227645$ & $-0.00294278$ & $0.0147389$ & $-0.00174435$ & $0.0387226$ & $0.0159373$ & $0.0146676$ & $0.0175131$ & $0.0358851$ & $0.0193248$ & $0.0183975$ & $-0.0115336$ & $1$ & $-0.00716053$ & $0.00985141$ & $0.00717243$ & $-0.02477$ & $0.0463997$ & $-0.00619499$ & $-0.0120224$ & $0.00911248$ & $-0.00511353$ \\
eHZgaint & $-0.0111709$ & $0.0315725$ & $-0.0395597$ & $0.028153$ & $-0.0272106$ & $0.00387043$ & $0.0133924$ & $0.002416$ & $0.00133369$ & $-0.052966$ & $0.00254612$ & $-0.014361$ & $-0.0134007$ & $-0.0136181$ & $0.0185996$ & $0.0198264$ & $-0.0110894$ & $-0.0213955$ & $-0.0223641$ & $-0.00120589$ & $-0.00438173$ & $-0.00320645$ & $-0.0217118$ & $-0.00503504$ & $-0.0318749$ & $0.00781041$ & $-0.033519$ & $-0.0209848$ & $0.00250687$ & $-0.00888851$ & $-0.0126389$ & $0.00253159$ & $-0.079155$ & $-0.00917575$ & $-0.104883$ & $-0.000341001$ & $-0.0142857$ & $-0.0398219$ & $-0.0479161$ & $-0.00716053$ & $1$ & $0.0396385$ & $0.0268863$ & $0.0207719$ & $-0.0526571$ & $-0.0294765$ & $-0.00628975$ & $-0.115737$ & $-0.137741$ \\
eHZgapar & $0.00793362$ & $-0.0235813$ & $0.000978481$ & $-0.0181444$ & $0.00030145$ & $-0.00449114$ & $0.0192028$ & $0.00674133$ & $0.000374308$ & $-0.0281154$ & $-0.0122441$ & $-0.0120389$ & $-0.00898042$ & $0.0209127$ & $-0.00828649$ & $0.00674382$ & $0.00896563$ & $0.0187362$ & $0.00646917$ & $0.011998$ & $0.012063$ & $0.013686$ & $-0.00536469$ & $0.00110295$ & $0.0113074$ & $-0.0101001$ & $0.00355991$ & $0.00432847$ & $0.0019258$ & $-0.0182209$ & $-0.0155595$ & $0.0126745$ & $-0.0149479$ & $0.0106485$ & $-0.0128835$ & $-0.0320854$ & $0.0350719$ & $-0.0329375$ & $-0.000645522$ & $0.00985141$ & $0.0396385$ & $1$ & $-0.0444054$ & $0.019283$ & $-0.00246273$ & $0.0352571$ & $-0.0114477$ & $0.00762814$ & $-0.00906359$ \\
eHgagaint & $0.0605893$ & $-0.140432$ & $-0.0883081$ & $0.0983581$ & $0.0151263$ & $0.00600879$ & $-0.0277993$ & $0.00399736$ & $0.0589763$ & $-0.019943$ & $0.0182005$ & $-0.0325634$ & $0.0162875$ & $-0.0370926$ & $-0.0343154$ & $-0.0351371$ & $-0.0364365$ & $-0.0164844$ & $-0.0175404$ & $-0.0271389$ & $-0.0172621$ & $-0.0199367$ & $0.00134504$ & $-0.0345291$ & $-0.0286974$ & $0.00640943$ & $0.0187425$ & $-0.0167884$ & $-0.0300502$ & $-0.00315073$ & $-0.0158103$ & $-0.01427$ & $0.0350626$ & $0.0233561$ & $0.114084$ & $0.0812464$ & $-0.119111$ & $0.00554004$ & $-0.153643$ & $0.00717243$ & $0.0268863$ & $-0.0444054$ & $1$ & $0.0392663$ & $0.0693962$ & $-0.133313$ & $-0.106993$ & $0.0404038$ & $0.0486997$ \\
eHmumuint & $0.00310608$ & $-0.0905051$ & $-0.119754$ & $-0.0444631$ & $0.0213031$ & $-0.0209898$ & $-0.0446721$ & $-0.00998059$ & $-0.0119577$ & $0.0267541$ & $0.0112039$ & $0.0298992$ & $-0.00526944$ & $-0.00604405$ & $-0.00573445$ & $-0.00689555$ & $0.002126$ & $0.0047933$ & $0.00415522$ & $-0.0125213$ & $-0.0133937$ & $-0.0119509$ & $-0.0245893$ & $0.00166216$ & $0.0102636$ & $0.0210331$ & $-0.00053376$ & $-0.0397708$ & $-0.025554$ & $0.00876402$ & $0.0209518$ & $-0.041048$ & $-0.0280768$ & $-0.00691506$ & $0.018331$ & $0.0607827$ & $0.0612435$ & $0.0102146$ & $-0.0215416$ & $-0.02477$ & $0.0207719$ & $0.019283$ & $0.0392663$ & $1$ & $0.0654276$ & $-0.00874215$ & $0.0662492$ & $0.0608025$ & $-0.0817387$ \\
eHtautauint & $0.0862683$ & $-0.0117861$ & $-0.0683432$ & $0.0386194$ & $-0.000810554$ & $0.0107863$ & $0.000449026$ & $-0.0237531$ & $-0.0178528$ & $0.0166806$ & $0.012666$ & $0.0019555$ & $-0.00814841$ & $0.00582287$ & $-0.0126298$ & $-0.00438086$ & $0.0219635$ & $0.0279222$ & $0.0190691$ & $-0.0134985$ & $-0.0138314$ & $-0.0135553$ & $0.001535$ & $0.0208837$ & $0.018456$ & $-0.00223045$ & $-0.00420213$ & $-0.00609916$ & $-0.0144102$ & $0.0503556$ & $-0.0155334$ & $-0.00403588$ & $-0.0455826$ & $-0.00764069$ & $-0.136795$ & $0.19288$ & $0.13371$ & $0.0127955$ & $0.100114$ & $0.0463997$ & $-0.0526571$ & $-0.00246273$ & $0.0693962$ & $0.0654276$ & $1$ & $-0.000191651$ & $-0.0567664$ & $0.112848$ & $-0.08373$ \\
eHccint & $0.0146678$ & $-0.0334991$ & $-0.0405627$ & $0.0720918$ & $0.0114232$ & $0.0110255$ & $-0.00697591$ & $-0.00115116$ & $-0.0106044$ & $0.0234692$ & $0.00460782$ & $0.00567117$ & $0.0118264$ & $-0.00445008$ & $0.0232559$ & $-0.0107494$ & $-0.011205$ & $-0.0240371$ & $6.36635e-05$ & $-0.00527214$ & $-0.00680378$ & $-0.011202$ & $-0.0335059$ & $0.001307$ & $-0.0237902$ & $0.0275267$ & $-0.022301$ & $-0.00780324$ & $0.0109433$ & $0.0157583$ & $0.082943$ & $-0.00589153$ & $0.00624763$ & $-0.0260024$ & $-0.161032$ & $0.126851$ & $0.00113116$ & $-0.00532317$ & $3.8093e-05$ & $-0.00619499$ & $-0.0294765$ & $0.0352571$ & $-0.133313$ & $-0.00874215$ & $-0.000191651$ & $1$ & $0.0263125$ & $-0.0100387$ & $-0.011933$ \\
eHccpar & $0.0625494$ & $-0.048697$ & $0.107089$ & $-0.0180234$ & $-0.0167976$ & $0.00571134$ & $0.0206853$ & $0.00505667$ & $-0.000483455$ & $-0.0103543$ & $-0.00967672$ & $-0.00998623$ & $-5.68739e-05$ & $0.023311$ & $0.0136514$ & $0.00380829$ & $-0.00382736$ & $-0.00221715$ & $0.00742657$ & $0.00846126$ & $0.00687438$ & $0.00595237$ & $0.0202002$ & $0.00155777$ & $0.00578644$ & $-0.0202616$ & $0.00530864$ & $-0.0011086$ & $0.0247108$ & $0.049176$ & $0.355805$ & $0.0199002$ & $0.0600502$ & $-0.019233$ & $-0.11303$ & $-0.0262576$ & $-0.0866906$ & $0.00048442$ & $-0.155091$ & $-0.0120224$ & $-0.00628975$ & $-0.0114477$ & $-0.106993$ & $0.0662492$ & $-0.0567664$ & $0.0263125$ & $1$ & $-0.0521497$ & $0.0534507$ \\
eHbbint & $-0.0647468$ & $0.0645993$ & $0.0313913$ & $-0.0757774$ & $-6.99559e-05$ & $0.00686156$ & $-0.0358533$ & $-0.00657536$ & $-0.00776865$ & $0.00461522$ & $0.0165842$ & $0.00120582$ & $0.0146725$ & $-0.0228291$ & $0.00370242$ & $-0.00653559$ & $-0.0168217$ & $-0.0202078$ & $-0.014321$ & $-0.0135489$ & $-0.0149745$ & $-0.0128183$ & $0.00789286$ & $0.00405932$ & $-0.0117402$ & $0.00445298$ & $-0.00255016$ & $0.000358705$ & $0.00818152$ & $0.00795955$ & $-0.0325071$ & $-0.0317061$ & $0.177672$ & $-0.00294737$ & $0.0609729$ & $0.00412161$ & $0.0972625$ & $-0.0099222$ & $-0.0914276$ & $0.00911248$ & $-0.115737$ & $0.00762814$ & $0.0404038$ & $0.0608025$ & $0.112848$ & $-0.0100387$ & $-0.0521497$ & $1$ & $0.0876315$ \\
eHbbpar & $-0.127462$ & $0.0942588$ & $0.0294127$ & $-0.0605483$ & $0.00359903$ & $-0.00243281$ & $-0.0286088$ & $-0.00999898$ & $-0.00331849$ & $-0.00821062$ & $0.0123032$ & $-0.0127497$ & $0.00723977$ & $-0.0109889$ & $0.0185893$ & $-0.00126628$ & $-0.00335271$ & $-0.0171456$ & $-0.00525877$ & $-0.00821752$ & $-0.00919878$ & $-0.0101453$ & $0.00214378$ & $0.0155527$ & $0.0125706$ & $0.0120203$ & $0.000657236$ & $-0.000137156$ & $0.00512883$ & $0.032761$ & $0.0308567$ & $-0.0272309$ & $0.47099$ & $-0.0167632$ & $-0.108018$ & $-0.0342677$ & $-0.108536$ & $0.000570881$ & $0.0367714$ & $-0.00511353$ & $-0.137741$ & $-0.00906359$ & $0.0486997$ & $-0.0817387$ & $-0.08373$ & $-0.011933$ & $0.0534507$ & $0.0876315$ & $1$ \\
