 & AlsMz & dAle5Mz & mtop & mHl & Mz & CW & CHG & CHWB & CHWHB_gaga & CHWHB_gagaorth & CHD & CH & CHL1_11 & CHL1_22 & CHL1_33 & CHL3_11 & CHL3_22 & CHL3_33 & CHe_11 & CHe_22 & CHe_33 & CHQ1_11 & CHQ1_33 & CHQ3_11 & CHu_11 & CHd_11 & CHd_33 & CeH_22r & CeH_33r & CuH_22r & CuH_33r & CdH_33r & CLL_1221 & eHggint & eHggpar & eHWWint & eHWWpar & eHZZint & eHZZpar & eHZgaint & eHZgapar & eHgagaint & eHmumuint & eHtautauint & eHccint & eHccpar & eHbbint & eHbbpar \\
AlsMz & $1$ & $0.054919$ & $-0.0394758$ & $-0.0510843$ & $0.0129216$ & $0.00527998$ & $0.0160652$ & $-0.0411714$ & $-0.0300504$ & $0.0325401$ & $0.0278668$ & $-0.023407$ & $-0.00269359$ & $0.0260642$ & $-0.000250683$ & $0.0117719$ & $-0.00618172$ & $0.0170584$ & $-0.0304823$ & $-0.0391504$ & $-0.0367478$ & $-0.0116406$ & $-0.0177583$ & $-0.100008$ & $0.00258333$ & $-0.0696131$ & $-0.0789464$ & $0.00444058$ & $0.00522873$ & $0.0614409$ & $-0.00342985$ & $-0.0721563$ & $-0.0534418$ & $-0.279734$ & $0.094162$ & $0.0196201$ & $0.10051$ & $0.170046$ & $-0.0384318$ & $0.169955$ & $0.0162079$ & $0.180867$ & $-0.437065$ & $-0.164619$ & $-0.226552$ & $0.0370283$ & $0.00132769$ & $-0.157397$ \\
dAle5Mz & $0.054919$ & $1$ & $-0.0996824$ & $-0.133497$ & $0.0482261$ & $-0.0399478$ & $0.00400349$ & $-0.00742739$ & $-0.0195075$ & $0.0254541$ & $-0.0117917$ & $-0.0145933$ & $0.0112721$ & $-0.0255244$ & $0.00962458$ & $0.0311042$ & $0.0322263$ & $0.00293404$ & $0.0255384$ & $0.0322167$ & $0.0286665$ & $-0.00973961$ & $-0.0299594$ & $0.00657701$ & $0.0065684$ & $0.016243$ & $-0.04454$ & $0.0251629$ & $-0.109835$ & $0.0275172$ & $-0.0109328$ & $-0.0400821$ & $0.0664457$ & $0.136197$ & $0.103689$ & $0.184786$ & $0.0304445$ & $0.246174$ & $0.0128548$ & $0.0759151$ & $0.0192821$ & $-0.0870046$ & $-0.0969121$ & $-0.126788$ & $-0.0345545$ & $0.121103$ & $0.167466$ & $0.0648526$ \\
mtop & $-0.0394758$ & $-0.0996824$ & $1$ & $0.0657301$ & $0.00505792$ & $-0.0229085$ & $0.0302703$ & $-0.00789245$ & $-0.0132757$ & $-0.0236985$ & $0.0118205$ & $-0.0315406$ & $0.0155619$ & $0.0188574$ & $0.017046$ & $-0.00476617$ & $-0.00594291$ & $0.00197395$ & $-0.00526496$ & $-0.00650877$ & $-0.0024335$ & $-0.0561139$ & $0.00767321$ & $-0.0047116$ & $0.0403632$ & $-0.038245$ & $-0.0265462$ & $-0.0204127$ & $-0.0103214$ & $-0.0704556$ & $0.0268807$ & $-0.0500663$ & $-0.031982$ & $-0.207344$ & $0.390826$ & $-0.048812$ & $0.0055625$ & $-0.139782$ & $0.0473435$ & $0.258728$ & $0.111795$ & $-0.0963611$ & $0.032389$ & $0.0427428$ & $-0.14258$ & $-0.131289$ & $-0.0858106$ & $-0.0413636$ \\
mHl & $-0.0510843$ & $-0.133497$ & $0.0657301$ & $1$ & $0.0200873$ & $-0.0564263$ & $0.0396775$ & $0.0381823$ & $0.0532261$ & $-0.0496997$ & $-0.0276545$ & $-0.00826813$ & $-0.00847107$ & $-0.0230351$ & $-0.0215105$ & $-0.00783926$ & $-0.000760766$ & $-0.00380574$ & $0.0217877$ & $0.0324691$ & $0.0259563$ & $0.0150422$ & $-0.0294328$ & $0.00729517$ & $-0.0259907$ & $0.0501964$ & $0.0268039$ & $-0.0403259$ & $0.0329751$ & $-0.0553759$ & $0.034638$ & $-0.0228667$ & $0.0474521$ & $-0.0215908$ & $0.000131259$ & $0.149684$ & $-0.0349855$ & $-0.0885028$ & $0.0416389$ & $0.135701$ & $0.0392356$ & $0.216736$ & $-0.0177964$ & $0.128452$ & $0.140676$ & $-0.106404$ & $-0.248801$ & $0.0634986$ \\
Mz & $0.0129216$ & $0.0482261$ & $0.00505792$ & $0.0200873$ & $1$ & $-0.0361526$ & $-0.0338006$ & $-0.0288413$ & $-0.0274477$ & $0.0348419$ & $0.0277023$ & $0.0137058$ & $0.016223$ & $-0.0240577$ & $-0.0390949$ & $0.0192594$ & $0.0313729$ & $0.0393453$ & $-0.0195584$ & $-0.0137441$ & $-0.0243916$ & $-0.0145557$ & $0.0119229$ & $0.00805277$ & $0.0167344$ & $-0.0193774$ & $-0.0217346$ & $-0.00288869$ & $-0.00252339$ & $0.0114802$ & $-0.0315373$ & $0.00834921$ & $-0.00521523$ & $0.0170738$ & $0.0269465$ & $-0.0163204$ & $-0.0101595$ & $0.00613646$ & $0.0521258$ & $0.0243801$ & $0.00378977$ & $-0.0126051$ & $0.00524076$ & $0.0152086$ & $0.0314986$ & $-0.0261679$ & $0.0345497$ & $-0.00936234$ \\
CW & $0.00527998$ & $-0.0399478$ & $-0.0229085$ & $-0.0564263$ & $-0.0361526$ & $1$ & $0.0146984$ & $-0.113662$ & $-0.11051$ & $-0.00652545$ & $0.151817$ & $-0.0249439$ & $0.0678914$ & $-0.0590241$ & $-0.0521257$ & $-0.207694$ & $-0.0162468$ & $-0.019235$ & $-0.145833$ & $-0.159194$ & $-0.152749$ & $-0.0171943$ & $0.0348237$ & $-0.0462767$ & $0.0881825$ & $-0.0777317$ & $-0.0179244$ & $-0.0136744$ & $-0.0432751$ & $-0.0262575$ & $0.0037348$ & $-0.0521114$ & $-0.130248$ & $-0.0144309$ & $-0.00990323$ & $0.000176457$ & $-0.0287467$ & $-0.0246552$ & $-0.0145524$ & $-0.0683251$ & $-0.0370176$ & $0.00405$ & $0.0116794$ & $0.00151945$ & $0.0176427$ & $0.00622153$ & $-0.00637831$ & $-0.0328989$ \\
CHG & $0.0160652$ & $0.00400349$ & $0.0302703$ & $0.0396775$ & $-0.0338006$ & $0.0146984$ & $1$ & $-0.0856893$ & $-0.0406831$ & $0.105999$ & $0.0423115$ & $-0.315676$ & $0.0603461$ & $0.00103448$ & $-0.0182178$ & $0.0842105$ & $0.078841$ & $0.0925922$ & $-0.040966$ & $-0.0468461$ & $-0.0378912$ & $-0.0163328$ & $0.0929041$ & $0.0748294$ & $0.0404842$ & $-0.0514697$ & $-0.0191061$ & $-0.028764$ & $-0.153288$ & $-0.0943626$ & $0.939944$ & $-0.178746$ & $-0.0691763$ & $-0.032354$ & $0.0447288$ & $0.0273275$ & $-0.000426038$ & $0.0898518$ & $0.0203688$ & $-0.021856$ & $0.029381$ & $-0.0583464$ & $-0.054922$ & $0.0368294$ & $-0.0327968$ & $-0.0363552$ & $0.00646723$ & $0.0710875$ \\
CHWB & $-0.0411714$ & $-0.00742739$ & $-0.00789245$ & $0.0381823$ & $-0.0288413$ & $-0.113662$ & $-0.0856893$ & $1$ & $0.984822$ & $-0.558601$ & $-0.867901$ & $0.414865$ & $0.0190215$ & $0.283996$ & $0.286415$ & $-0.303418$ & $-0.478248$ & $-0.475765$ & $0.837775$ & $0.887021$ & $0.87289$ & $0.0311755$ & $-0.701006$ & $-0.437071$ & $-0.463185$ & $0.429732$ & $0.268133$ & $0.0454577$ & $0.187783$ & $0.0859209$ & $-0.0552884$ & $0.23185$ & $0.565662$ & $0.0265304$ & $0.0160763$ & $0.0164652$ & $-0.0200981$ & $0.0241112$ & $0.0328623$ & $0.0188191$ & $0.00580947$ & $0.0227589$ & $0.017882$ & $0.0331078$ & $-0.00179746$ & $0.0253559$ & $0.00265266$ & $0.0585125$ \\
CHWHB_gaga & $-0.0300504$ & $-0.0195075$ & $-0.0132757$ & $0.0532261$ & $-0.0274477$ & $-0.11051$ & $-0.0406831$ & $0.984822$ & $1$ & $-0.561711$ & $-0.85002$ & $0.407018$ & $0.0102292$ & $0.278586$ & $0.277558$ & $-0.308002$ & $-0.478903$ & $-0.473313$ & $0.819898$ & $0.868909$ & $0.854872$ & $0.0316886$ & $-0.697135$ & $-0.440934$ & $-0.454995$ & $0.420118$ & $0.262866$ & $0.048017$ & $0.202516$ & $0.0997775$ & $-0.0200107$ & $0.247086$ & $0.556582$ & $0.00864604$ & $0.0106813$ & $0.0108905$ & $-0.0263198$ & $0.0164764$ & $0.0374734$ & $0.0203406$ & $0.00682496$ & $0.0756775$ & $0.00307026$ & $0.0359972$ & $-0.00777422$ & $0.0386481$ & $-0.0133595$ & $0.0604196$ \\
CHWHB_gagaorth & $0.0325401$ & $0.0254541$ & $-0.0236985$ & $-0.0496997$ & $0.0348419$ & $-0.00652545$ & $0.105999$ & $-0.558601$ & $-0.561711$ & $1$ & $0.237858$ & $-0.416862$ & $0.457779$ & $-0.10636$ & $-0.12066$ & $0.649581$ & $0.661777$ & $0.670294$ & $-0.232621$ & $-0.255486$ & $-0.257042$ & $-0.0306013$ & $0.660073$ & $0.651677$ & $0.115163$ & $-0.203416$ & $-0.0922669$ & $-0.0501009$ & $-0.335865$ & $-0.119463$ & $0.06531$ & $-0.40146$ & $-0.340605$ & $-0.0201219$ & $-0.0419163$ & $-0.00872595$ & $0.0356199$ & $0.0216831$ & $-0.0188196$ & $-0.042933$ & $0.00864135$ & $-0.0564346$ & $-0.0208495$ & $-0.0164872$ & $-0.00993411$ & $-0.0420933$ & $0.0337246$ & $-0.0384222$ \\
CHD & $0.0278668$ & $-0.0117917$ & $0.0118205$ & $-0.0276545$ & $0.0277023$ & $0.151817$ & $0.0423115$ & $-0.867901$ & $-0.85002$ & $0.237858$ & $1$ & $-0.221985$ & $-0.465317$ & $-0.416133$ & $-0.411197$ & $-0.174228$ & $0.0951279$ & $0.0879418$ & $-0.990113$ & $-0.990496$ & $-0.969285$ & $0.0268735$ & $0.32056$ & $0.0385352$ & $0.531443$ & $-0.289576$ & $-0.294114$ & $-0.0320673$ & $-0.145721$ & $-0.0706129$ & $0.0170044$ & $-0.182129$ & $-0.355402$ & $-0.0322835$ & $-0.0088854$ & $-0.0310217$ & $0.00391017$ & $-0.0380039$ & $-0.0255299$ & $0.00170441$ & $-0.0146329$ & $0.0115162$ & $-0.00158235$ & $-0.0268575$ & $0.00115987$ & $-0.0104495$ & $-0.0241155$ & $-0.04887$ \\
CH & $-0.023407$ & $-0.0145933$ & $-0.0315406$ & $-0.00826813$ & $0.0137058$ & $-0.0249439$ & $-0.315676$ & $0.414865$ & $0.407018$ & $-0.416862$ & $-0.221985$ & $1$ & $-0.264377$ & $0.0792232$ & $0.0833043$ & $-0.383634$ & $-0.414023$ & $-0.417841$ & $0.213684$ & $0.235304$ & $0.2303$ & $0.0201271$ & $-0.445185$ & $-0.404126$ & $-0.114143$ & $0.168591$ & $0.0712834$ & $0.0645443$ & $0.282664$ & $0.143394$ & $-0.269472$ & $0.378909$ & $0.261628$ & $0.0112425$ & $-0.0222586$ & $0.0179366$ & $-0.0349483$ & $-0.0319112$ & $0.0158888$ & $0.024333$ & $-0.00290826$ & $0.0173386$ & $0.0282631$ & $0.0204144$ & $0.000822281$ & $0.0177492$ & $0.000753003$ & $0.034498$ \\
CHL1_11 & $-0.00269359$ & $0.0112721$ & $0.0155619$ & $-0.00847107$ & $0.016223$ & $0.0678914$ & $0.0603461$ & $0.0190215$ & $0.0102292$ & $0.457779$ & $-0.465317$ & $-0.264377$ & $1$ & $0.268418$ & $0.253217$ & $0.675132$ & $0.612441$ & $0.623852$ & $0.487286$ & $0.421295$ & $0.404748$ & $-0.097815$ & $0.511263$ & $0.620732$ & $-0.249185$ & $-0.142877$ & $0.121293$ & $-0.0163646$ & $-0.0358412$ & $-0.0156683$ & $0.0542963$ & $-0.0400323$ & $-0.271159$ & $0.0111519$ & $-0.0110508$ & $0.0288629$ & $0.0180278$ & $0.0268011$ & $-0.012868$ & $-0.0357512$ & $0.00274343$ & $-0.0501785$ & $-0.00409627$ & $-0.0145798$ & $0.00790899$ & $-0.0144185$ & $0.0352648$ & $-0.0150186$ \\
CHL1_22 & $0.0260642$ & $-0.0255244$ & $0.0188574$ & $-0.0230351$ & $-0.0240577$ & $-0.0590241$ & $0.00103448$ & $0.283996$ & $0.278586$ & $-0.10636$ & $-0.416133$ & $0.0792232$ & $0.268418$ & $1$ & $0.442001$ & $0.147826$ & $-0.442072$ & $-0.0290231$ & $0.481393$ & $0.327218$ & $0.323664$ & $-0.182642$ & $0.104898$ & $-0.134323$ & $-0.171031$ & $-0.393906$ & $0.102758$ & $0.00431337$ & $0.0521137$ & $0.0174196$ & $0.0139742$ & $0.0480122$ & $-0.601334$ & $-0.027855$ & $-0.0266065$ & $-0.0050433$ & $0.0141605$ & $-0.0174288$ & $0.00638771$ & $0.0112286$ & $0.0338714$ & $-0.00729678$ & $-0.0193612$ & $-0.025823$ & $-0.0508637$ & $-0.0263433$ & $-0.0230724$ & $-0.000235507$ \\
CHL1_33 & $-0.000250683$ & $0.00962458$ & $0.017046$ & $-0.0215105$ & $-0.0390949$ & $-0.0521257$ & $-0.0182178$ & $0.286415$ & $0.277558$ & $-0.12066$ & $-0.411197$ & $0.0833043$ & $0.253217$ & $0.442001$ & $1$ & $0.131522$ & $-0.041218$ & $-0.425278$ & $0.478179$ & $0.328159$ & $0.349343$ & $-0.180406$ & $0.0780821$ & $-0.14618$ & $-0.196016$ & $-0.403661$ & $0.102609$ & $0.0108453$ & $0.0177568$ & $0.0356174$ & $-0.000937885$ & $0.0342288$ & $-0.109162$ & $0.0243452$ & $0.0322099$ & $0.0325926$ & $0.00606203$ & $-0.0370336$ & $-0.000472894$ & $-0.01491$ & $0.0108571$ & $-0.0421284$ & $0.0398447$ & $0.00303602$ & $-0.00351111$ & $-0.0265318$ & $0.0181643$ & $-0.00690193$ \\
CHL3_11 & $0.0117719$ & $0.0311042$ & $-0.00476617$ & $-0.00783926$ & $0.0192594$ & $-0.207694$ & $0.0842105$ & $-0.303418$ & $-0.308002$ & $0.649581$ & $-0.174228$ & $-0.383634$ & $0.675132$ & $0.147826$ & $0.131522$ & $1$ & $0.753632$ & $0.76298$ & $0.19797$ & $0.140314$ & $0.125318$ & $-0.0687384$ & $0.707979$ & $0.795067$ & $-0.100643$ & $-0.179295$ & $0.0264663$ & $-0.0270581$ & $-0.0796875$ & $-0.0312739$ & $0.0753559$ & $-0.099488$ & $-0.287158$ & $0.0182388$ & $-0.000944278$ & $0.0171841$ & $0.0338996$ & $0.0292821$ & $-0.0108274$ & $-0.0345179$ & $0.0219538$ & $-0.0714129$ & $-0.0362415$ & $0.00734317$ & $0.00389349$ & $-0.0365622$ & $0.0374707$ & $-0.0104136$ \\
CHL3_22 & $-0.00618172$ & $0.0322263$ & $-0.00594291$ & $-0.000760766$ & $0.0313729$ & $-0.0162468$ & $0.078841$ & $-0.478248$ & $-0.478903$ & $0.661777$ & $0.0951279$ & $-0.414023$ & $0.612441$ & $-0.442072$ & $-0.041218$ & $0.753632$ & $1$ & $0.699443$ & $-0.0948463$ & $-0.0900108$ & $-0.0966149$ & $0.00857717$ & $0.6466$ & $0.806727$ & $0.019622$ & $-0.0354701$ & $-0.037264$ & $-0.028238$ & $-0.119921$ & $-0.0460875$ & $0.0607089$ & $-0.133495$ & $-0.00440954$ & $0.027324$ & $0.00647859$ & $0.0262414$ & $0.0168683$ & $0.0245581$ & $-0.0178974$ & $-0.0487007$ & $-0.00782869$ & $-0.0625632$ & $-0.0050028$ & $0.0130825$ & $0.0395119$ & $-0.0203378$ & $0.052252$ & $-0.0202778$ \\
CHL3_33 & $0.0170584$ & $0.00293404$ & $0.00197395$ & $-0.00380574$ & $0.0393453$ & $-0.019235$ & $0.0925922$ & $-0.475765$ & $-0.473313$ & $0.670294$ & $0.0879418$ & $-0.417841$ & $0.623852$ & $-0.0290231$ & $-0.425278$ & $0.76298$ & $0.699443$ & $1$ & $-0.0887243$ & $-0.0862698$ & $-0.0917207$ & $0.00474734$ & $0.665864$ & $0.816782$ & $0.0388438$ & $-0.0219593$ & $-0.0367133$ & $-0.03556$ & $-0.0989098$ & $-0.0564642$ & $0.0693823$ & $-0.126189$ & $-0.368931$ & $-0.00863124$ & $-0.029584$ & $0.00417656$ & $0.0241924$ & $0.0392606$ & $-0.00973493$ & $-0.0329064$ & $0.0113999$ & $-0.0382521$ & $-0.0467542$ & $-0.0075051$ & $-0.0030119$ & $-0.0207841$ & $0.0174687$ & $-0.00973092$ \\
CHe_11 & $-0.0304823$ & $0.0255384$ & $-0.00526496$ & $0.0217877$ & $-0.0195584$ & $-0.145833$ & $-0.040966$ & $0.837775$ & $0.819898$ & $-0.232621$ & $-0.990113$ & $0.213684$ & $0.487286$ & $0.481393$ & $0.478179$ & $0.19797$ & $-0.0948463$ & $-0.0887243$ & $1$ & $0.971104$ & $0.951124$ & $-0.0521224$ & $-0.267044$ & $-0.0316026$ & $-0.521411$ & $0.211686$ & $0.289792$ & $0.0321912$ & $0.137213$ & $0.0692977$ & $-0.0153461$ & $0.174853$ & $0.275599$ & $0.0322637$ & $0.00957755$ & $0.0345381$ & $-0.00559793$ & $0.0327105$ & $0.0290776$ & $-0.00368538$ & $0.0193886$ & $-0.017671$ & $0.0032772$ & $0.0268108$ & $-0.00226123$ & $0.0071407$ & $0.0282784$ & $0.0488888$ \\
CHe_22 & $-0.0391504$ & $0.0322167$ & $-0.00650877$ & $0.0324691$ & $-0.0137441$ & $-0.159194$ & $-0.0468461$ & $0.887021$ & $0.868909$ & $-0.255486$ & $-0.990496$ & $0.235304$ & $0.421295$ & $0.327218$ & $0.328159$ & $0.140314$ & $-0.0900108$ & $-0.0862698$ & $0.971104$ & $1$ & $0.973895$ & $0.00242373$ & $-0.377422$ & $-0.0442926$ & $-0.532714$ & $0.375036$ & $0.294037$ & $0.033598$ & $0.149652$ & $0.0714556$ & $-0.0220825$ & $0.188799$ & $0.446816$ & $0.0362346$ & $0.0160915$ & $0.0329522$ & $-0.00676057$ & $0.042572$ & $0.0291931$ & $0.00201749$ & $0.0150428$ & $-0.00984312$ & $0.00390811$ & $0.030636$ & $0.000857726$ & $0.0162777$ & $0.0248866$ & $0.0543734$ \\
CHe_33 & $-0.0367478$ & $0.0286665$ & $-0.0024335$ & $0.0259563$ & $-0.0243916$ & $-0.152749$ & $-0.0378912$ & $0.87289$ & $0.854872$ & $-0.257042$ & $-0.969285$ & $0.2303$ & $0.404748$ & $0.323664$ & $0.349343$ & $0.125318$ & $-0.0966149$ & $-0.0917207$ & $0.951124$ & $0.973895$ & $1$ & $-0.00239171$ & $-0.374348$ & $-0.0502941$ & $-0.515756$ & $0.368559$ & $0.290452$ & $0.0330584$ & $0.137373$ & $0.0700257$ & $-0.014834$ & $0.181848$ & $0.439633$ & $0.0362071$ & $0.0185428$ & $0.0350718$ & $-0.000569431$ & $0.045333$ & $0.0355272$ & $-0.00982561$ & $0.0156891$ & $-0.0202747$ & $0.00721068$ & $0.0350922$ & $-0.000177354$ & $0.0103024$ & $0.0197861$ & $0.0679726$ \\
CHQ1_11 & $-0.0116406$ & $-0.00973961$ & $-0.0561139$ & $0.0150422$ & $-0.0145557$ & $-0.0171943$ & $-0.0163328$ & $0.0311755$ & $0.0316886$ & $-0.0306013$ & $0.0268735$ & $0.0201271$ & $-0.097815$ & $-0.182642$ & $-0.180406$ & $-0.0687384$ & $0.00857717$ & $0.00474734$ & $-0.0521224$ & $0.00242373$ & $-0.00239171$ & $1$ & $-0.124178$ & $0.0856774$ & $-0.673522$ & $0.327348$ & $0.00108363$ & $0.0307174$ & $-0.00139069$ & $0.0298258$ & $-0.0188085$ & $-0.00129556$ & $0.180569$ & $0.0509084$ & $0.027774$ & $-0.0237926$ & $-0.0130794$ & $-0.00276655$ & $0.0165023$ & $-0.00527501$ & $-0.00185298$ & $0.0307757$ & $-0.00743576$ & $-0.00381109$ & $0.0377254$ & $0.0695367$ & $-0.0256196$ & $0.012823$ \\
CHQ1_33 & $-0.0177583$ & $-0.0299594$ & $0.00767321$ & $-0.0294328$ & $0.0119229$ & $0.0348237$ & $0.0929041$ & $-0.701006$ & $-0.697135$ & $0.660073$ & $0.32056$ & $-0.445185$ & $0.511263$ & $0.104898$ & $0.0780821$ & $0.707979$ & $0.6466$ & $0.665864$ & $-0.267044$ & $-0.377422$ & $-0.374348$ & $-0.124178$ & $1$ & $0.67089$ & $0.184719$ & $-0.429056$ & $-0.0217786$ & $-0.0444507$ & $-0.146004$ & $-0.0690533$ & $0.067373$ & $-0.187753$ & $-0.646385$ & $-0.00144123$ & $-0.0357446$ & $-0.0072935$ & $0.0293297$ & $-0.0196111$ & $-0.0203679$ & $-0.0598803$ & $0.00848562$ & $-0.0636245$ & $-0.01391$ & $-0.00341329$ & $0.00266437$ & $-0.0647546$ & $0.00793208$ & $-0.0358547$ \\
CHQ3_11 & $-0.100008$ & $0.00657701$ & $-0.0047116$ & $0.00729517$ & $0.00805277$ & $-0.0462767$ & $0.0748294$ & $-0.437071$ & $-0.440934$ & $0.651677$ & $0.0385352$ & $-0.404126$ & $0.620732$ & $-0.134323$ & $-0.14618$ & $0.795067$ & $0.806727$ & $0.816782$ & $-0.0316026$ & $-0.0442926$ & $-0.0502941$ & $0.0856774$ & $0.67089$ & $1$ & $-0.000528838$ & $0.178773$ & $-0.0169467$ & $-0.0348786$ & $-0.116478$ & $-0.0543815$ & $0.0572977$ & $-0.126152$ & $-0.222782$ & $0.0337528$ & $-0.023275$ & $0.00448004$ & $0.0161204$ & $0.0188541$ & $-0.00520206$ & $-0.0692275$ & $-0.00960781$ & $-0.0750128$ & $0.0131403$ & $0.0171957$ & $0.0390632$ & $-0.0295447$ & $0.0279973$ & $-0.00350744$ \\
CHu_11 & $0.00258333$ & $0.0065684$ & $0.0403632$ & $-0.0259907$ & $0.0167344$ & $0.0881825$ & $0.0404842$ & $-0.463185$ & $-0.454995$ & $0.115163$ & $0.531443$ & $-0.114143$ & $-0.249185$ & $-0.171031$ & $-0.196016$ & $-0.100643$ & $0.019622$ & $0.0388438$ & $-0.521411$ & $-0.532714$ & $-0.515756$ & $-0.673522$ & $0.184719$ & $-0.000528838$ & $1$ & $-0.163955$ & $-0.156789$ & $-0.0441444$ & $-0.0853654$ & $-0.0579928$ & $0.0313112$ & $-0.0922238$ & $-0.234605$ & $-0.0507276$ & $-0.0183232$ & $0.00762688$ & $0.0145632$ & $-0.00121291$ & $-0.0112222$ & $0.00592191$ & $-0.0128689$ & $-0.0145214$ & $0.00366765$ & $-0.017045$ & $-0.0366521$ & $-0.0409931$ & $-0.00299014$ & $-0.0103174$ \\
CHd_11 & $-0.0696131$ & $0.016243$ & $-0.038245$ & $0.0501964$ & $-0.0193774$ & $-0.0777317$ & $-0.0514697$ & $0.429732$ & $0.420118$ & $-0.203416$ & $-0.289576$ & $0.168591$ & $-0.142877$ & $-0.393906$ & $-0.403661$ & $-0.179295$ & $-0.0354701$ & $-0.0219593$ & $0.211686$ & $0.375036$ & $0.368559$ & $0.327348$ & $-0.429056$ & $0.178773$ & $-0.163955$ & $1$ & $0.0915328$ & $0.0162155$ & $0.0704179$ & $0.0359994$ & $-0.0474119$ & $0.10092$ & $0.683562$ & $0.0334585$ & $0.00609993$ & $-0.000638343$ & $-0.00912823$ & $0.0638948$ & $0.0336783$ & $-0.0124751$ & $-0.02716$ & $0.0157968$ & $-0.00644989$ & $0.0379038$ & $0.019408$ & $0.0305668$ & $0.000782835$ & $0.056313$ \\
CHd_33 & $-0.0789464$ & $-0.04454$ & $-0.0265462$ & $0.0268039$ & $-0.0217346$ & $-0.0179244$ & $-0.0191061$ & $0.268133$ & $0.262866$ & $-0.0922669$ & $-0.294114$ & $0.0712834$ & $0.121293$ & $0.102758$ & $0.102609$ & $0.0264663$ & $-0.037264$ & $-0.0367133$ & $0.289792$ & $0.294037$ & $0.290452$ & $0.00108363$ & $-0.0217786$ & $-0.0169467$ & $-0.156789$ & $0.0915328$ & $1$ & $0.00601571$ & $0.0403385$ & $0.0114945$ & $-0.00925297$ & $0.0621184$ & $0.126002$ & $0.034927$ & $-0.0143527$ & $-0.0183804$ & $-0.0383422$ & $-0.0254235$ & $0.0226809$ & $-0.0531264$ & $-0.0160355$ & $-0.0326594$ & $0.0385423$ & $0.0323219$ & $0.0515757$ & $-0.0248925$ & $-0.00198657$ & $0.0279634$ \\
CeH_22r & $0.00444058$ & $0.0251629$ & $-0.0204127$ & $-0.0403259$ & $-0.00288869$ & $-0.0136744$ & $-0.028764$ & $0.0454577$ & $0.048017$ & $-0.0501009$ & $-0.0320673$ & $0.0645443$ & $-0.0163646$ & $0.00431337$ & $0.0108453$ & $-0.0270581$ & $-0.028238$ & $-0.03556$ & $0.0321912$ & $0.033598$ & $0.0330584$ & $0.0307174$ & $-0.0444507$ & $-0.0348786$ & $-0.0441444$ & $0.0162155$ & $0.00601571$ & $1$ & $0.0292997$ & $0.0425652$ & $-0.0402007$ & $0.0416155$ & $0.0351284$ & $-0.0214659$ & $-0.0120871$ & $-0.0394466$ & $-0.0124294$ & $0.063996$ & $0.00267465$ & $0.020381$ & $-0.0241304$ & $0.0101484$ & $-0.0123205$ & $0.00548544$ & $-0.0524511$ & $0.0561212$ & $0.0166773$ & $0.00286073$ \\
CeH_33r & $0.00522873$ & $-0.109835$ & $-0.0103214$ & $0.0329751$ & $-0.00252339$ & $-0.0432751$ & $-0.153288$ & $0.187783$ & $0.202516$ & $-0.335865$ & $-0.145721$ & $0.282664$ & $-0.0358412$ & $0.0521137$ & $0.0177568$ & $-0.0796875$ & $-0.119921$ & $-0.0989098$ & $0.137213$ & $0.149652$ & $0.137373$ & $-0.00139069$ & $-0.146004$ & $-0.116478$ & $-0.0853654$ & $0.0704179$ & $0.0403385$ & $0.0292997$ & $1$ & $0.302349$ & $-0.0253584$ & $0.651428$ & $0.103456$ & $-0.0602696$ & $-0.0291074$ & $-0.135947$ & $-0.0559052$ & $-0.0605525$ & $-0.0314287$ & $-0.018557$ & $-0.011173$ & $0.0294808$ & $-0.0219563$ & $0.102368$ & $0.0296232$ & $-0.0126524$ & $0.00844775$ & $-0.0373546$ \\
CuH_22r & $0.0614409$ & $0.0275172$ & $-0.0704556$ & $-0.0553759$ & $0.0114802$ & $-0.0262575$ & $-0.0943626$ & $0.0859209$ & $0.0997775$ & $-0.119463$ & $-0.0706129$ & $0.143394$ & $-0.0156683$ & $0.0174196$ & $0.0356174$ & $-0.0312739$ & $-0.0460875$ & $-0.0564642$ & $0.0692977$ & $0.0714556$ & $0.0700257$ & $0.0298258$ & $-0.0690533$ & $-0.0543815$ & $-0.0579928$ & $0.0359994$ & $0.0114945$ & $0.0425652$ & $0.302349$ & $1$ & $-0.00147421$ & $0.354618$ & $0.0571431$ & $0.0845967$ & $0.080921$ & $-0.0636332$ & $0.00988923$ & $0.0463279$ & $0.0475351$ & $0.0706806$ & $-0.0130895$ & $0.138992$ & $-0.0226323$ & $-0.0232735$ & $0.0786151$ & $0.308233$ & $-0.00524734$ & $-0.0551153$ \\
CuH_33r & $-0.00342985$ & $-0.0109328$ & $0.0268807$ & $0.034638$ & $-0.0315373$ & $0.0037348$ & $0.939944$ & $-0.0552884$ & $-0.0200107$ & $0.06531$ & $0.0170044$ & $-0.269472$ & $0.0542963$ & $0.0139742$ & $-0.000937885$ & $0.0753559$ & $0.0607089$ & $0.0693823$ & $-0.0153461$ & $-0.0220825$ & $-0.014834$ & $-0.0188085$ & $0.067373$ & $0.0572977$ & $0.0313112$ & $-0.0474119$ & $-0.00925297$ & $-0.0402007$ & $-0.0253584$ & $-0.00147421$ & $1$ & $-0.0154981$ & $-0.0538737$ & $0.0310561$ & $0.0667128$ & $0.00309789$ & $-0.00576985$ & $0.0906319$ & $0.0398621$ & $-0.0250371$ & $0.0313096$ & $-0.0531188$ & $-0.0300575$ & $0.0448249$ & $0.00128034$ & $-0.00930498$ & $0.00558253$ & $0.0711665$ \\
CdH_33r & $-0.0721563$ & $-0.0400821$ & $-0.0500663$ & $-0.0228667$ & $0.00834921$ & $-0.0521114$ & $-0.178746$ & $0.23185$ & $0.247086$ & $-0.40146$ & $-0.182129$ & $0.378909$ & $-0.0400323$ & $0.0480122$ & $0.0342288$ & $-0.099488$ & $-0.133495$ & $-0.126189$ & $0.174853$ & $0.188799$ & $0.181848$ & $-0.00129556$ & $-0.187753$ & $-0.126152$ & $-0.0922238$ & $0.10092$ & $0.0621184$ & $0.0416155$ & $0.651428$ & $0.354618$ & $-0.0154981$ & $1$ & $0.144271$ & $-0.00573931$ & $-0.0675699$ & $-0.0689302$ & $-0.0647826$ & $0.0250317$ & $-0.013181$ & $-0.0733923$ & $-0.0204486$ & $0.00631666$ & $0.0193334$ & $0.0937197$ & $0.08783$ & $-0.0624119$ & $0.187946$ & $0.33852$ \\
CLL_1221 & $-0.0534418$ & $0.0664457$ & $-0.031982$ & $0.0474521$ & $-0.00521523$ & $-0.130248$ & $-0.0691763$ & $0.565662$ & $0.556582$ & $-0.340605$ & $-0.355402$ & $0.261628$ & $-0.271159$ & $-0.601334$ & $-0.109162$ & $-0.287158$ & $-0.00440954$ & $-0.368931$ & $0.275599$ & $0.446816$ & $0.439633$ & $0.180569$ & $-0.646385$ & $-0.222782$ & $-0.234605$ & $0.683562$ & $0.126002$ & $0.0351284$ & $0.103456$ & $0.0571431$ & $-0.0538737$ & $0.144271$ & $1$ & $0.0569367$ & $0.0456129$ & $0.0250183$ & $-0.0226664$ & $0.0486288$ & $0.0228311$ & $0.00947885$ & $-0.0193226$ & $0.0115164$ & $0.0221534$ & $0.0531018$ & $0.0397049$ & $0.038506$ & $0.0317722$ & $0.055002$ \\
eHggint & $-0.279734$ & $0.136197$ & $-0.207344$ & $-0.0215908$ & $0.0170738$ & $-0.0144309$ & $-0.032354$ & $0.0265304$ & $0.00864604$ & $-0.0201219$ & $-0.0322835$ & $0.0112425$ & $0.0111519$ & $-0.027855$ & $0.0243452$ & $0.0182388$ & $0.027324$ & $-0.00863124$ & $0.0322637$ & $0.0362346$ & $0.0362071$ & $0.0509084$ & $-0.00144123$ & $0.0337528$ & $-0.0507276$ & $0.0334585$ & $0.034927$ & $-0.0214659$ & $-0.0602696$ & $0.0845967$ & $0.0310561$ & $-0.00573931$ & $0.0569367$ & $1$ & $0.122043$ & $0.125407$ & $0.000462832$ & $-0.0171567$ & $0.103201$ & $-0.0227117$ & $0.05045$ & $0.00536046$ & $0.312426$ & $-0.0217484$ & $0.261302$ & $0.315183$ & $0.0522742$ & $0.128788$ \\
eHggpar & $0.094162$ & $0.103689$ & $0.390826$ & $0.000131259$ & $0.0269465$ & $-0.00990323$ & $0.0447288$ & $0.0160763$ & $0.0106813$ & $-0.0419163$ & $-0.0088854$ & $-0.0222586$ & $-0.0110508$ & $-0.0266065$ & $0.0322099$ & $-0.000944278$ & $0.00647859$ & $-0.029584$ & $0.00957755$ & $0.0160915$ & $0.0185428$ & $0.027774$ & $-0.0357446$ & $-0.023275$ & $-0.0183232$ & $0.00609993$ & $-0.0143527$ & $-0.0120871$ & $-0.0291074$ & $0.080921$ & $0.0667128$ & $-0.0675699$ & $0.0456129$ & $0.122043$ & $1$ & $0.131879$ & $-0.0336472$ & $0.00560434$ & $0.110719$ & $0.108803$ & $0.014459$ & $0.0854672$ & $0.0131525$ & $0.026732$ & $0.0918857$ & $0.325494$ & $-0.183159$ & $0.0811276$ \\
eHWWint & $0.0196201$ & $0.184786$ & $-0.048812$ & $0.149684$ & $-0.0163204$ & $0.000176457$ & $0.0273275$ & $0.0164652$ & $0.0108905$ & $-0.00872595$ & $-0.0310217$ & $0.0179366$ & $0.0288629$ & $-0.0050433$ & $0.0325926$ & $0.0171841$ & $0.0262414$ & $0.00417656$ & $0.0345381$ & $0.0329522$ & $0.0350718$ & $-0.0237926$ & $-0.0072935$ & $0.00448004$ & $0.00762688$ & $-0.000638343$ & $-0.0183804$ & $-0.0394466$ & $-0.135947$ & $-0.0636332$ & $0.00309789$ & $-0.0689302$ & $0.0250183$ & $0.125407$ & $0.131879$ & $1$ & $-0.0646838$ & $0.160925$ & $0.0672267$ & $0.0278529$ & $-0.0357226$ & $-0.0472711$ & $0.00780654$ & $-0.142169$ & $-0.0850048$ & $0.025854$ & $-0.16393$ & $0.306714$ \\
eHWWpar & $0.10051$ & $0.0304445$ & $0.0055625$ & $-0.0349855$ & $-0.0101595$ & $-0.0287467$ & $-0.000426038$ & $-0.0200981$ & $-0.0263198$ & $0.0356199$ & $0.00391017$ & $-0.0349483$ & $0.0180278$ & $0.0141605$ & $0.00606203$ & $0.0338996$ & $0.0168683$ & $0.0241924$ & $-0.00559793$ & $-0.00676057$ & $-0.000569431$ & $-0.0130794$ & $0.0293297$ & $0.0161204$ & $0.0145632$ & $-0.00912823$ & $-0.0383422$ & $-0.0124294$ & $-0.0559052$ & $0.00988923$ & $-0.00576985$ & $-0.0647826$ & $-0.0226664$ & $0.000462832$ & $-0.0336472$ & $-0.0646838$ & $1$ & $0.0361509$ & $-0.030019$ & $0.0312976$ & $0.0330974$ & $0.0184536$ & $-0.0872004$ & $-0.0232155$ & $-0.0263773$ & $0.0638547$ & $0.0732795$ & $-0.0677655$ \\
eHZZint & $0.170046$ & $0.246174$ & $-0.139782$ & $-0.0885028$ & $0.00613646$ & $-0.0246552$ & $0.0898518$ & $0.0241112$ & $0.0164764$ & $0.0216831$ & $-0.0380039$ & $-0.0319112$ & $0.0268011$ & $-0.0174288$ & $-0.0370336$ & $0.0292821$ & $0.0245581$ & $0.0392606$ & $0.0327105$ & $0.042572$ & $0.045333$ & $-0.00276655$ & $-0.0196111$ & $0.0188541$ & $-0.00121291$ & $0.0638948$ & $-0.0254235$ & $0.063996$ & $-0.0605525$ & $0.0463279$ & $0.0906319$ & $0.0250317$ & $0.0486288$ & $-0.0171567$ & $0.00560434$ & $0.160925$ & $0.0361509$ & $1$ & $0.0298795$ & $0.18474$ & $-0.0952566$ & $-0.0939672$ & $-0.186002$ & $-0.210578$ & $-0.0464442$ & $0.153041$ & $0.148226$ & $0.148002$ \\
eHZZpar & $-0.0384318$ & $0.0128548$ & $0.0473435$ & $0.0416389$ & $0.0521258$ & $-0.0145524$ & $0.0203688$ & $0.0328623$ & $0.0374734$ & $-0.0188196$ & $-0.0255299$ & $0.0158888$ & $-0.012868$ & $0.00638771$ & $-0.000472894$ & $-0.0108274$ & $-0.0178974$ & $-0.00973493$ & $0.0290776$ & $0.0291931$ & $0.0355272$ & $0.0165023$ & $-0.0203679$ & $-0.00520206$ & $-0.0112222$ & $0.0336783$ & $0.0226809$ & $0.00267465$ & $-0.0314287$ & $0.0475351$ & $0.0398621$ & $-0.013181$ & $0.0228311$ & $0.103201$ & $0.110719$ & $0.0672267$ & $-0.030019$ & $0.0298795$ & $1$ & $0.0013244$ & $0.00807292$ & $0.10323$ & $-0.0217627$ & $0.0451619$ & $0.0692301$ & $0.185242$ & $-0.131902$ & $0.0939009$ \\
eHZgaint & $0.169955$ & $0.0759151$ & $0.258728$ & $0.135701$ & $0.0243801$ & $-0.0683251$ & $-0.021856$ & $0.0188191$ & $0.0203406$ & $-0.042933$ & $0.00170441$ & $0.024333$ & $-0.0357512$ & $0.0112286$ & $-0.01491$ & $-0.0345179$ & $-0.0487007$ & $-0.0329064$ & $-0.00368538$ & $0.00201749$ & $-0.00982561$ & $-0.00527501$ & $-0.0598803$ & $-0.0692275$ & $0.00592191$ & $-0.0124751$ & $-0.0531264$ & $0.020381$ & $-0.018557$ & $0.0706806$ & $-0.0250371$ & $-0.0733923$ & $0.00947885$ & $-0.0227117$ & $0.108803$ & $0.0278529$ & $0.0312976$ & $0.18474$ & $0.0013244$ & $1$ & $-0.0158591$ & $0.0531946$ & $-0.165595$ & $-0.0976004$ & $-0.0637534$ & $0.243688$ & $-0.0517255$ & $-0.125153$ \\
eHZgapar & $0.0162079$ & $0.0192821$ & $0.111795$ & $0.0392356$ & $0.00378977$ & $-0.0370176$ & $0.029381$ & $0.00580947$ & $0.00682496$ & $0.00864135$ & $-0.0146329$ & $-0.00290826$ & $0.00274343$ & $0.0338714$ & $0.0108571$ & $0.0219538$ & $-0.00782869$ & $0.0113999$ & $0.0193886$ & $0.0150428$ & $0.0156891$ & $-0.00185298$ & $0.00848562$ & $-0.00960781$ & $-0.0128689$ & $-0.02716$ & $-0.0160355$ & $-0.0241304$ & $-0.011173$ & $-0.0130895$ & $0.0313096$ & $-0.0204486$ & $-0.0193226$ & $0.05045$ & $0.014459$ & $-0.0357226$ & $0.0330974$ & $-0.0952566$ & $0.00807292$ & $-0.0158591$ & $1$ & $0.0325574$ & $0.007313$ & $0.044827$ & $-0.0141682$ & $-0.00458037$ & $-0.00941304$ & $0.0141691$ \\
eHgagaint & $0.180867$ & $-0.0870046$ & $-0.0963611$ & $0.216736$ & $-0.0126051$ & $0.00405$ & $-0.0583464$ & $0.0227589$ & $0.0756775$ & $-0.0564346$ & $0.0115162$ & $0.0173386$ & $-0.0501785$ & $-0.00729678$ & $-0.0421284$ & $-0.0714129$ & $-0.0625632$ & $-0.0382521$ & $-0.017671$ & $-0.00984312$ & $-0.0202747$ & $0.0307757$ & $-0.0636245$ & $-0.0750128$ & $-0.0145214$ & $0.0157968$ & $-0.0326594$ & $0.0101484$ & $0.0294808$ & $0.138992$ & $-0.0531188$ & $0.00631666$ & $0.0115164$ & $0.00536046$ & $0.0854672$ & $-0.0472711$ & $0.0184536$ & $-0.0939672$ & $0.10323$ & $0.0531946$ & $0.0325574$ & $1$ & $-0.23298$ & $-0.0763474$ & $-0.0599244$ & $0.380501$ & $-0.326038$ & $0.0269872$ \\
eHmumuint & $-0.437065$ & $-0.0969121$ & $0.032389$ & $-0.0177964$ & $0.00524076$ & $0.0116794$ & $-0.054922$ & $0.017882$ & $0.00307026$ & $-0.0208495$ & $-0.00158235$ & $0.0282631$ & $-0.00409627$ & $-0.0193612$ & $0.0398447$ & $-0.0362415$ & $-0.0050028$ & $-0.0467542$ & $0.0032772$ & $0.00390811$ & $0.00721068$ & $-0.00743576$ & $-0.01391$ & $0.0131403$ & $0.00366765$ & $-0.00644989$ & $0.0385423$ & $-0.0123205$ & $-0.0219563$ & $-0.0226323$ & $-0.0300575$ & $0.0193334$ & $0.0221534$ & $0.312426$ & $0.0131525$ & $0.00780654$ & $-0.0872004$ & $-0.186002$ & $-0.0217627$ & $-0.165595$ & $0.007313$ & $-0.23298$ & $1$ & $0.0336479$ & $0.277562$ & $-0.032407$ & $0.0681262$ & $0.0426794$ \\
eHtautauint & $-0.164619$ & $-0.126788$ & $0.0427428$ & $0.128452$ & $0.0152086$ & $0.00151945$ & $0.0368294$ & $0.0331078$ & $0.0359972$ & $-0.0164872$ & $-0.0268575$ & $0.0204144$ & $-0.0145798$ & $-0.025823$ & $0.00303602$ & $0.00734317$ & $0.0130825$ & $-0.0075051$ & $0.0268108$ & $0.030636$ & $0.0350922$ & $-0.00381109$ & $-0.00341329$ & $0.0171957$ & $-0.017045$ & $0.0379038$ & $0.0323219$ & $0.00548544$ & $0.102368$ & $-0.0232735$ & $0.0448249$ & $0.0937197$ & $0.0531018$ & $-0.0217484$ & $0.026732$ & $-0.142169$ & $-0.0232155$ & $-0.210578$ & $0.0451619$ & $-0.0976004$ & $0.044827$ & $-0.0763474$ & $0.0336479$ & $1$ & $0.0452259$ & $-0.111551$ & $0.0733753$ & $0.0624652$ \\
eHccint & $-0.226552$ & $-0.0345545$ & $-0.14258$ & $0.140676$ & $0.0314986$ & $0.0176427$ & $-0.0327968$ & $-0.00179746$ & $-0.00777422$ & $-0.00993411$ & $0.00115987$ & $0.000822281$ & $0.00790899$ & $-0.0508637$ & $-0.00351111$ & $0.00389349$ & $0.0395119$ & $-0.0030119$ & $-0.00226123$ & $0.000857726$ & $-0.000177354$ & $0.0377254$ & $0.00266437$ & $0.0390632$ & $-0.0366521$ & $0.019408$ & $0.0515757$ & $-0.0524511$ & $0.0296232$ & $0.0786151$ & $0.00128034$ & $0.08783$ & $0.0397049$ & $0.261302$ & $0.0918857$ & $-0.0850048$ & $-0.0263773$ & $-0.0464442$ & $0.0692301$ & $-0.0637534$ & $-0.0141682$ & $-0.0599244$ & $0.277562$ & $0.0452259$ & $1$ & $0.139387$ & $0.288947$ & $0.0379264$ \\
eHccpar & $0.0370283$ & $0.121103$ & $-0.131289$ & $-0.106404$ & $-0.0261679$ & $0.00622153$ & $-0.0363552$ & $0.0253559$ & $0.0386481$ & $-0.0420933$ & $-0.0104495$ & $0.0177492$ & $-0.0144185$ & $-0.0263433$ & $-0.0265318$ & $-0.0365622$ & $-0.0203378$ & $-0.0207841$ & $0.0071407$ & $0.0162777$ & $0.0103024$ & $0.0695367$ & $-0.0647546$ & $-0.0295447$ & $-0.0409931$ & $0.0305668$ & $-0.0248925$ & $0.0561212$ & $-0.0126524$ & $0.308233$ & $-0.00930498$ & $-0.0624119$ & $0.038506$ & $0.315183$ & $0.325494$ & $0.025854$ & $0.0638547$ & $0.153041$ & $0.185242$ & $0.243688$ & $-0.00458037$ & $0.380501$ & $-0.032407$ & $-0.111551$ & $0.139387$ & $1$ & $-0.213905$ & $-0.0462549$ \\
eHbbint & $0.00132769$ & $0.167466$ & $-0.0858106$ & $-0.248801$ & $0.0345497$ & $-0.00637831$ & $0.00646723$ & $0.00265266$ & $-0.0133595$ & $0.0337246$ & $-0.0241155$ & $0.000753003$ & $0.0352648$ & $-0.0230724$ & $0.0181643$ & $0.0374707$ & $0.052252$ & $0.0174687$ & $0.0282784$ & $0.0248866$ & $0.0197861$ & $-0.0256196$ & $0.00793208$ & $0.0279973$ & $-0.00299014$ & $0.000782835$ & $-0.00198657$ & $0.0166773$ & $0.00844775$ & $-0.00524734$ & $0.00558253$ & $0.187946$ & $0.0317722$ & $0.0522742$ & $-0.183159$ & $-0.16393$ & $0.0732795$ & $0.148226$ & $-0.131902$ & $-0.0517255$ & $-0.00941304$ & $-0.326038$ & $0.0681262$ & $0.0733753$ & $0.288947$ & $-0.213905$ & $1$ & $0.0407165$ \\
eHbbpar & $-0.157397$ & $0.0648526$ & $-0.0413636$ & $0.0634986$ & $-0.00936234$ & $-0.0328989$ & $0.0710875$ & $0.0585125$ & $0.0604196$ & $-0.0384222$ & $-0.04887$ & $0.034498$ & $-0.0150186$ & $-0.000235507$ & $-0.00690193$ & $-0.0104136$ & $-0.0202778$ & $-0.00973092$ & $0.0488888$ & $0.0543734$ & $0.0679726$ & $0.012823$ & $-0.0358547$ & $-0.00350744$ & $-0.0103174$ & $0.056313$ & $0.0279634$ & $0.00286073$ & $-0.0373546$ & $-0.0551153$ & $0.0711665$ & $0.33852$ & $0.055002$ & $0.128788$ & $0.0811276$ & $0.306714$ & $-0.0677655$ & $0.148002$ & $0.0939009$ & $-0.125153$ & $0.0141691$ & $0.0269872$ & $0.0426794$ & $0.0624652$ & $0.0379264$ & $-0.0462549$ & $0.0407165$ & $1$ \\
