 & AlsMz & dAle5Mz & mtop & mHl & Mz & CW & CHG & CHWB & CHWHB_gaga & CHWHB_gagaorth & CHD & CHbox & CHL1_11 & CHL1_22 & CHL1_33 & CHL3_11 & CHL3_22 & CHL3_33 & CHe_11 & CHe_22 & CHe_33 & CHQ1_11 & CHQ1_33 & CHQ3_11 & CHu_11 & CHd_11 & CHd_33 & CeH_22r & CeH_33r & CuH_22r & CuH_33r & CdH_33r & CLL_1221 & eHggint & eHggpar & eHWWint & eHWWpar & eHZZint & eHZZpar & eHZgaint & eHZgapar & eHgagaint & eHmumuint & eHtautauint & eHccint & eHccpar & eHbbint & eHbbpar \\
AlsMz & $1$ & $-0.208258$ & $0.644969$ & $-0.36369$ & $-0.0460456$ & $-0.00394847$ & $0.0866505$ & $-0.00378743$ & $-0.00806297$ & $0.0321617$ & $-0.00405195$ & $0.0394815$ & $0.00795428$ & $-0.0129286$ & $-0.00367372$ & $0.0154479$ & $0.0218687$ & $0.0122055$ & $-0.000193189$ & $-0.000765174$ & $-0.00471008$ & $0.00534682$ & $-0.0193958$ & $-0.038938$ & $-0.0151764$ & $-0.00208248$ & $0.0259391$ & $0.0207369$ & $-0.0119036$ & $-0.0248999$ & $0.0986092$ & $0.0445789$ & $0.00362863$ & $0.099407$ & $0.196595$ & $0.131921$ & $0.174019$ & $-0.190205$ & $-0.073907$ & $-0.0832161$ & $-0.0680451$ & $-0.147607$ & $-0.0658143$ & $-0.122601$ & $-0.0532064$ & $-0.0954256$ & $0.163605$ & $0.164293$ \\
dAle5Mz & $-0.208258$ & $1$ & $0.0651228$ & $-0.435981$ & $-0.0106011$ & $0.0323688$ & $-0.010299$ & $-0.0501386$ & $-0.0521028$ & $0.0174164$ & $0.0323981$ & $0.00550479$ & $0.0124886$ & $-0.0132948$ & $-0.00322735$ & $0.0193505$ & $0.0314439$ & $0.0222827$ & $-0.0202098$ & $-0.022537$ & $-0.0217888$ & $0.0133147$ & $0.0402879$ & $0.0358476$ & $0.0026591$ & $-0.0126773$ & $-0.016391$ & $0.00869213$ & $0.00890405$ & $0.0748131$ & $-0.00508865$ & $-0.0718456$ & $-0.00588022$ & $-0.0367328$ & $0.122387$ & $-0.171256$ & $0.0467997$ & $0.0577149$ & $0.0375022$ & $-0.315534$ & $0.0114386$ & $-0.0416712$ & $-0.181852$ & $-0.0509485$ & $0.0551303$ & $0.35734$ & $-0.262529$ & $-0.294238$ \\
mtop & $0.644969$ & $0.0651228$ & $1$ & $-0.38146$ & $-0.0430927$ & $0.00479896$ & $0.0876687$ & $-0.0212111$ & $-0.0254495$ & $0.0480799$ & $0.00853678$ & $0.049005$ & $0.0139166$ & $-0.0209845$ & $-0.00175549$ & $0.02671$ & $0.0386989$ & $0.0215812$ & $-0.00711097$ & $-0.00778061$ & $-0.00998938$ & $0.00239561$ & $0.00712313$ & $-0.0111649$ & $-0.00612446$ & $-0.00865138$ & $0.0145606$ & $0.0109658$ & $-0.0145726$ & $0.0216981$ & $0.109329$ & $0.0409045$ & $0.00410716$ & $0.26265$ & $0.310439$ & $0.0266132$ & $0.0984631$ & $-0.195429$ & $-0.114591$ & $-0.284046$ & $-0.0789486$ & $-0.145343$ & $-0.366058$ & $-0.255628$ & $-0.0197933$ & $0.136268$ & $0.234737$ & $0.10481$ \\
mHl & $-0.36369$ & $-0.435981$ & $-0.38146$ & $1$ & $0.0208093$ & $-0.0239365$ & $-0.0772379$ & $0.0315458$ & $0.0246163$ & $-0.0198651$ & $-0.0249325$ & $-0.0234609$ & $5.29063e-05$ & $0.0211456$ & $0.015888$ & $-0.00419442$ & $-0.0196745$ & $-0.0128411$ & $0.0221423$ & $0.0207551$ & $0.0227568$ & $-0.0306115$ & $-0.00518587$ & $0.0100363$ & $0.0152909$ & $0.00494748$ & $-0.000151722$ & $-0.0108223$ & $-0.0021203$ & $-0.0386586$ & $-0.0931455$ & $-0.0318511$ & $-0.0024486$ & $-0.0927953$ & $-0.212862$ & $0.158959$ & $-0.0576875$ & $0.0824607$ & $0.0194855$ & $-0.0320688$ & $0.0387863$ & $-0.190306$ & $-0.0728489$ & $0.203692$ & $0.346996$ & $-0.262497$ & $0.0354905$ & $-0.0588163$ \\
Mz & $-0.0460456$ & $-0.0106011$ & $-0.0430927$ & $0.0208093$ & $1$ & $0.00891969$ & $-0.00422847$ & $-0.0108326$ & $-0.0114143$ & $0.00485407$ & $0.0325963$ & $0.0103332$ & $-0.0244585$ & $-0.00745438$ & $-0.0137468$ & $-0.0244074$ & $-0.0205751$ & $-0.0138383$ & $-0.0246996$ & $-0.0198675$ & $-0.0205788$ & $0.0115549$ & $-0.0121735$ & $-0.0106443$ & $0.00581937$ & $0.00697222$ & $-0.00482584$ & $-0.00121962$ & $-0.00771363$ & $-0.0106502$ & $-0.00617175$ & $-0.00864744$ & $-0.00410743$ & $-0.0273738$ & $-0.040654$ & $-0.0279651$ & $-0.00754723$ & $0.0112836$ & $0.00641798$ & $0.0246683$ & $0.0109781$ & $-0.0182667$ & $0.0121383$ & $0.02557$ & $-0.0122981$ & $-0.00540481$ & $0.0359517$ & $-0.0305937$ \\
CW & $-0.00394847$ & $0.0323688$ & $0.00479896$ & $-0.0239365$ & $0.00891969$ & $1$ & $0.0064569$ & $-0.13982$ & $-0.135624$ & $0.0174068$ & $0.192018$ & $0.0544431$ & $0.0196987$ & $-0.0737545$ & $-0.0738644$ & $-0.275187$ & $-0.0544287$ & $-0.0518121$ & $-0.188107$ & $-0.196313$ & $-0.189744$ & $-0.0194907$ & $0.00827527$ & $-0.0941134$ & $0.112916$ & $-0.0891698$ & $-0.072007$ & $0.00374695$ & $-0.00775458$ & $0.00878853$ & $0.00599245$ & $-0.014144$ & $-0.13437$ & $0.0092688$ & $0.0073014$ & $-0.00554823$ & $0.00383858$ & $0.0175054$ & $-0.0163146$ & $0.00130662$ & $-0.000199799$ & $0.00117242$ & $-0.00216694$ & $-0.00208589$ & $0.00472896$ & $0.0171581$ & $-0.000941748$ & $-0.00961624$ \\
CHG & $0.0866505$ & $-0.010299$ & $0.0876687$ & $-0.0772379$ & $-0.00422847$ & $0.0064569$ & $1$ & $0.00639404$ & $0.0587573$ & $-0.00790145$ & $-0.0043684$ & $-0.0188068$ & $-0.00183268$ & $-0.00413246$ & $-0.0143115$ & $-0.00142465$ & $-0.00135228$ & $0.00502191$ & $0.003218$ & $0.00528358$ & $0.00432527$ & $0.00714799$ & $-0.0168552$ & $-0.00616282$ & $-0.00928246$ & $0.00603252$ & $0.00431488$ & $0.0227635$ & $-0.0629469$ & $-0.0357267$ & $0.931501$ & $-0.0614401$ & $0.00857868$ & $-0.0613738$ & $0.0735953$ & $-0.0146933$ & $0.00054365$ & $-0.0130647$ & $-0.0270599$ & $0.0215235$ & $-0.00815127$ & $-0.0684892$ & $-0.0207667$ & $-0.0320125$ & $-0.0743556$ & $0.0964507$ & $-0.0391312$ & $0.109324$ \\
CHWB & $-0.00378743$ & $-0.0501386$ & $-0.0212111$ & $0.0315458$ & $-0.0108326$ & $-0.13982$ & $0.00639404$ & $1$ & $0.983722$ & $-0.540572$ & $-0.888847$ & $-0.296287$ & $0.189082$ & $0.301642$ & $0.285524$ & $-0.143336$ & $-0.366503$ & $-0.35289$ & $0.859533$ & $0.905962$ & $0.888201$ & $0.0636877$ & $-0.627986$ & $-0.32$ & $-0.512075$ & $0.408518$ & $0.309137$ & $0.0059326$ & $0.0158614$ & $-0.00221757$ & $-0.00912519$ & $0.00374633$ & $0.530994$ & $-0.00350327$ & $-0.0253726$ & $0.00459971$ & $-0.00325171$ & $0.00448065$ & $0.00841587$ & $0.00211375$ & $0.0204901$ & $0.00835382$ & $0.00388154$ & $0.00638813$ & $0.000692876$ & $-0.0460361$ & $-0.00443089$ & $0.0159617$ \\
CHWHB_gaga & $-0.00806297$ & $-0.0521028$ & $-0.0254495$ & $0.0246163$ & $-0.0114143$ & $-0.135624$ & $0.0587573$ & $0.983722$ & $1$ & $-0.532203$ & $-0.870343$ & $-0.271411$ & $0.177814$ & $0.297048$ & $0.279674$ & $-0.149749$ & $-0.368712$ & $-0.354431$ & $0.841689$ & $0.887198$ & $0.86949$ & $0.0634254$ & $-0.622602$ & $-0.321783$ & $-0.50175$ & $0.401472$ & $0.302706$ & $0.0105497$ & $0.0365296$ & $0.00849085$ & $0.0334049$ & $0.0321926$ & $0.521786$ & $-0.00875867$ & $-0.0218552$ & $0.00434217$ & $-0.000811115$ & $0.00774582$ & $0.00985543$ & $0.0198749$ & $0.0190264$ & $0.0314042$ & $0.0139913$ & $-0.00269586$ & $-0.00969776$ & $-0.0434593$ & $-0.00982545$ & $0.0297794$ \\
CHWHB_gagaorth & $0.0321617$ & $0.0174164$ & $0.0480799$ & $-0.0198651$ & $0.00485407$ & $0.0174068$ & $-0.00790145$ & $-0.540572$ & $-0.532203$ & $1$ & $0.338075$ & $0.65881$ & $0.179642$ & $-0.119366$ & $-0.116538$ & $0.384335$ & $0.446944$ & $0.444412$ & $-0.325357$ & $-0.353394$ & $-0.349141$ & $-0.0465272$ & $0.514778$ & $0.432353$ & $0.199787$ & $-0.210896$ & $-0.116156$ & $-0.00296466$ & $-0.0721558$ & $-0.0359499$ & $0.0221516$ & $-0.0725626$ & $-0.31515$ & $0.0335615$ & $0.0437773$ & $0.0236485$ & $0.00535704$ & $-0.0165658$ & $0.00340606$ & $-0.0220495$ & $-0.0228899$ & $-0.0151912$ & $-0.027853$ & $0.0138426$ & $0.0250638$ & $0.0342005$ & $0.0151752$ & $0.0013629$ \\
CHD & $-0.00405195$ & $0.0323981$ & $0.00853678$ & $-0.0249325$ & $0.0325963$ & $0.192018$ & $-0.0043684$ & $-0.888847$ & $-0.870343$ & $0.338075$ & $1$ & $0.313688$ & $-0.569303$ & $-0.425893$ & $-0.406343$ & $-0.287736$ & $0.0248175$ & $0.0114485$ & $-0.990341$ & $-0.991209$ & $-0.969263$ & $-0.00911642$ & $0.274376$ & $-0.0378689$ & $0.56134$ & $-0.281693$ & $-0.341976$ & $-0.004831$ & $-0.0137558$ & $-0.00388002$ & $0.0118582$ & $-0.00614149$ & $-0.340487$ & $0.00806236$ & $0.0115144$ & $-0.00881122$ & $0.00739589$ & $0.00261621$ & $-0.00605938$ & $0.0159097$ & $-0.0155747$ & $0.00501066$ & $0.0102415$ & $-0.0102041$ & $-0.00648563$ & $0.0347487$ & $0.00194451$ & $-0.0033361$ \\
CHbox & $0.0394815$ & $0.00550479$ & $0.049005$ & $-0.0234609$ & $0.0103332$ & $0.0544431$ & $-0.0188068$ & $-0.296287$ & $-0.271411$ & $0.65881$ & $0.313688$ & $1$ & $-0.173844$ & $-0.0537621$ & $-0.0549296$ & $-0.0751408$ & $-0.0151945$ & $-0.0134004$ & $-0.291712$ & $-0.323174$ & $-0.316587$ & $-0.0256117$ & $0.132025$ & $-0.0219305$ & $0.178503$ & $-0.165455$ & $-0.103501$ & $0.0241414$ & $0.196436$ & $0.0340889$ & $0.0598636$ & $0.263092$ & $-0.19259$ & $0.0480132$ & $0.0308585$ & $0.00422639$ & $0.0178717$ & $-0.0166238$ & $-0.000787916$ & $-0.00724837$ & $-0.00762564$ & $-0.00616439$ & $-0.0328934$ & $0.00648343$ & $0.0272637$ & $0.0274797$ & $-0.00682804$ & $0.0236687$ \\
CHL1_11 & $0.00795428$ & $0.0124886$ & $0.0139166$ & $5.29063e-05$ & $-0.0244585$ & $0.0196987$ & $-0.00183268$ & $0.189082$ & $0.177814$ & $0.179642$ & $-0.569303$ & $-0.173844$ & $1$ & $0.301813$ & $0.289588$ & $0.634918$ & $0.557411$ & $0.561956$ & $0.586759$ & $0.530882$ & $0.514758$ & $-0.0764513$ & $0.424465$ & $0.568812$ & $-0.302709$ & $-0.066478$ & $0.187447$ & $-0.002828$ & $0.0022228$ & $0.0131238$ & $-0.0122227$ & $0.00360576$ & $-0.179601$ & $-0.00658482$ & $0.0150056$ & $0.0116649$ & $-0.00893536$ & $-0.0098524$ & $0.00079025$ & $-0.033736$ & $0.00156822$ & $-0.0198309$ & $-0.0246566$ & $0.0102019$ & $0.00890528$ & $0.00397529$ & $0.00857805$ & $-0.0158303$ \\
CHL1_22 & $-0.0129286$ & $-0.0132948$ & $-0.0209845$ & $0.0211456$ & $-0.00745438$ & $-0.0737545$ & $-0.00413246$ & $0.301642$ & $0.297048$ & $-0.119366$ & $-0.425893$ & $-0.0537621$ & $0.301813$ & $1$ & $0.448416$ & $0.199401$ & $-0.461194$ & $-0.012574$ & $0.492953$ & $0.341545$ & $0.33073$ & $-0.175615$ & $0.141039$ & $-0.121662$ & $-0.195488$ & $-0.402774$ & $0.123062$ & $0.00447157$ & $0.0134781$ & $0.013412$ & $-0.00336009$ & $0.0174952$ & $-0.619267$ & $-0.00751654$ & $-0.00955259$ & $-0.00284597$ & $0.00147913$ & $-0.00756248$ & $0.00230234$ & $0.00809114$ & $-0.00653181$ & $-2.89663e-05$ & $-0.011515$ & $0.00300662$ & $0.00315191$ & $-0.0359195$ & $-0.0213279$ & $0.0099971$ \\
CHL1_33 & $-0.00367372$ & $-0.00322735$ & $-0.00175549$ & $0.015888$ & $-0.0137468$ & $-0.0738644$ & $-0.0143115$ & $0.285524$ & $0.279674$ & $-0.116538$ & $-0.406343$ & $-0.0549296$ & $0.289588$ & $0.448416$ & $1$ & $0.192842$ & $-0.0117217$ & $-0.449194$ & $0.472244$ & $0.3238$ & $0.338361$ & $-0.164515$ & $0.140768$ & $-0.122563$ & $-0.195149$ & $-0.405307$ & $0.112423$ & $0.00238192$ & $0.00814373$ & $0.0113177$ & $-0.0157738$ & $0.0033476$ & $-0.125754$ & $-0.00646468$ & $-0.00259504$ & $0.000846376$ & $0.00954706$ & $-0.00340163$ & $-0.0125121$ & $-0.00344891$ & $-0.000698312$ & $-0.00125443$ & $-0.0139441$ & $0.00102077$ & $0.0112046$ & $-0.0267295$ & $-0.0133308$ & $-0.00900315$ \\
CHL3_11 & $0.0154479$ & $0.0193505$ & $0.02671$ & $-0.00419442$ & $-0.0244074$ & $-0.275187$ & $-0.00142465$ & $-0.143336$ & $-0.149749$ & $0.384335$ & $-0.287736$ & $-0.0751408$ & $0.634918$ & $0.199401$ & $0.192842$ & $1$ & $0.694784$ & $0.695425$ & $0.309364$ & $0.256349$ & $0.246555$ & $-0.0671684$ & $0.630258$ & $0.748405$ & $-0.145344$ & $-0.117031$ & $0.0963484$ & $-0.00106995$ & $-0.00665697$ & $0.00402673$ & $-0.00450334$ & $0.00502104$ & $-0.197577$ & $-0.0128723$ & $0.024542$ & $0.00839147$ & $-0.0148957$ & $-0.0146102$ & $-0.00254728$ & $-0.0348331$ & $-0.00769928$ & $-0.0279071$ & $-0.0242963$ & $0.00723202$ & $0.00880993$ & $0.0187997$ & $0.0141017$ & $-0.0254324$ \\
CHL3_22 & $0.0218687$ & $0.0314439$ & $0.0386989$ & $-0.0196745$ & $-0.0205751$ & $-0.0544287$ & $-0.00135228$ & $-0.366503$ & $-0.368712$ & $0.446944$ & $0.0248175$ & $-0.0151945$ & $0.557411$ & $-0.461194$ & $-0.0117217$ & $0.694784$ & $1$ & $0.624402$ & $-0.0306317$ & $-0.0155062$ & $-0.014946$ & $0.0166521$ & $0.561447$ & $0.766157$ & $0.00728973$ & $0.0483601$ & $-0.00257093$ & $-0.00505949$ & $-0.0137593$ & $0.00191677$ & $-0.00475532$ & $-0.00792983$ & $0.118475$ & $-0.00301079$ & $0.0303677$ & $0.0118712$ & $-0.0104449$ & $-0.00783306$ & $-0.00710443$ & $-0.0387169$ & $-0.00369947$ & $-0.0253097$ & $-0.0187016$ & $0.00513177$ & $0.00929722$ & $0.0421047$ & $0.0244016$ & $-0.0302601$ \\
CHL3_33 & $0.0122055$ & $0.0222827$ & $0.0215812$ & $-0.0128411$ & $-0.0138383$ & $-0.0518121$ & $0.00502191$ & $-0.35289$ & $-0.354431$ & $0.444412$ & $0.0114485$ & $-0.0134004$ & $0.561956$ & $-0.012574$ & $-0.449194$ & $0.695425$ & $0.624402$ & $1$ & $-0.0172162$ & $-0.00134621$ & $0.000899435$ & $0.0128334$ & $0.556945$ & $0.770597$ & $0.00683185$ & $0.0624816$ & $0.0078027$ & $-0.00389164$ & $-0.0100375$ & $0.00211693$ & $0.00354988$ & $0.00278692$ & $-0.286269$ & $-0.00591048$ & $0.0235751$ & $0.00830301$ & $-0.016466$ & $-0.0134552$ & $0.00703951$ & $-0.028701$ & $-0.00876118$ & $-0.0234239$ & $-0.0153522$ & $0.00788369$ & $-0.000101585$ & $0.0319754$ & $0.0167585$ & $-0.0134698$ \\
CHe_11 & $-0.000193189$ & $-0.0202098$ & $-0.00711097$ & $0.0221423$ & $-0.0246996$ & $-0.188107$ & $0.003218$ & $0.859533$ & $0.841689$ & $-0.325357$ & $-0.990341$ & $-0.291712$ & $0.586759$ & $0.492953$ & $0.472244$ & $0.309364$ & $-0.0306317$ & $-0.0172162$ & $1$ & $0.971991$ & $0.950628$ & $-0.0164338$ & $-0.217188$ & $0.0409753$ & $-0.551372$ & $0.204421$ & $0.335075$ & $0.00533939$ & $0.0144521$ & $0.00789735$ & $-0.0116018$ & $0.00668568$ & $0.257893$ & $-0.00831532$ & $-0.00937353$ & $0.00602321$ & $-0.00590651$ & $-0.00291086$ & $0.00480065$ & $-0.0199145$ & $0.0137271$ & $-0.00663035$ & $-0.0161448$ & $0.00953105$ & $0.00921813$ & $-0.0307588$ & $-0.00746891$ & $-0.000534545$ \\
CHe_22 & $-0.000765174$ & $-0.022537$ & $-0.00778061$ & $0.0207551$ & $-0.0198675$ & $-0.196313$ & $0.00528358$ & $0.905962$ & $0.887198$ & $-0.353394$ & $-0.991209$ & $-0.323174$ & $0.530882$ & $0.341545$ & $0.3238$ & $0.256349$ & $-0.0155062$ & $-0.00134621$ & $0.971991$ & $1$ & $0.97452$ & $0.038001$ & $-0.331909$ & $0.03619$ & $-0.56434$ & $0.363615$ & $0.343623$ & $0.00460218$ & $0.0129253$ & $0.00229506$ & $-0.0116279$ & $0.00365415$ & $0.427836$ & $-0.00811933$ & $-0.0110018$ & $0.00633089$ & $-0.00864028$ & $-0.000818125$ & $0.00765045$ & $-0.0195481$ & $0.01744$ & $-0.00414664$ & $-0.0109741$ & $0.00966945$ & $0.00617285$ & $-0.0282624$ & $-0.00213619$ & $0.000490529$ \\
CHe_33 & $-0.00471008$ & $-0.0217888$ & $-0.00998938$ & $0.0227568$ & $-0.0205788$ & $-0.189744$ & $0.00432527$ & $0.888201$ & $0.86949$ & $-0.349141$ & $-0.969263$ & $-0.316587$ & $0.514758$ & $0.33073$ & $0.338361$ & $0.246555$ & $-0.014946$ & $0.000899435$ & $0.950628$ & $0.97452$ & $1$ & $0.0367755$ & $-0.327302$ & $0.0350709$ & $-0.550164$ & $0.35972$ & $0.337677$ & $0.00411925$ & $0.012294$ & $0.00199445$ & $-0.0124407$ & $0.00286462$ & $0.425363$ & $-0.00969287$ & $-0.0113767$ & $0.00559223$ & $-0.00874385$ & $-0.00208991$ & $0.00785095$ & $-0.0202813$ & $0.0153488$ & $-0.00534819$ & $-0.00955903$ & $0.00932459$ & $0.0057588$ & $-0.0309433$ & $-0.00374371$ & $-0.000624313$ \\
CHQ1_11 & $0.00534682$ & $0.0133147$ & $0.00239561$ & $-0.0306115$ & $0.0115549$ & $-0.0194907$ & $0.00714799$ & $0.0636877$ & $0.0634254$ & $-0.0465272$ & $-0.00911642$ & $-0.0256117$ & $-0.0764513$ & $-0.175615$ & $-0.164515$ & $-0.0671684$ & $0.0166521$ & $0.0128334$ & $-0.0164338$ & $0.038001$ & $0.0367755$ & $1$ & $-0.138988$ & $0.091574$ & $-0.677278$ & $0.342173$ & $0.00869334$ & $-0.00303907$ & $0.00556999$ & $0.00504207$ & $0.00465238$ & $0.00517089$ & $0.205424$ & $0.0037134$ & $-0.0024905$ & $-0.0306631$ & $2.13955e-05$ & $0.0034039$ & $0.00219271$ & $0.0127617$ & $0.00287529$ & $0.0147037$ & $0.000569358$ & $-0.00022318$ & $-0.00416534$ & $0.0104864$ & $-0.00548045$ & $0.0102112$ \\
CHQ1_33 & $-0.0193958$ & $0.0402879$ & $0.00712313$ & $-0.00518587$ & $-0.0121735$ & $0.00827527$ & $-0.0168552$ & $-0.627986$ & $-0.622602$ & $0.514778$ & $0.274376$ & $0.132025$ & $0.424465$ & $0.141039$ & $0.140768$ & $0.630258$ & $0.561447$ & $0.556945$ & $-0.217188$ & $-0.331909$ & $-0.327302$ & $-0.138988$ & $1$ & $0.57973$ & $0.184377$ & $-0.409174$ & $-0.00500599$ & $-0.0021224$ & $-0.0028751$ & $0.00953024$ & $-0.00909567$ & $0.0071145$ & $-0.612546$ & $-0.000663929$ & $0.0118609$ & $-0.00345179$ & $-0.00827155$ & $-0.00256507$ & $-0.00648799$ & $-0.00982481$ & $-0.0136942$ & $-0.0156631$ & $-0.015306$ & $0.00140691$ & $0.00887653$ & $0.0256552$ & $0.0032615$ & $-0.0216677$ \\
CHQ3_11 & $-0.038938$ & $0.0358476$ & $-0.0111649$ & $0.0100363$ & $-0.0106443$ & $-0.0941134$ & $-0.00616282$ & $-0.32$ & $-0.321783$ & $0.432353$ & $-0.0378689$ & $-0.0219305$ & $0.568812$ & $-0.121662$ & $-0.122563$ & $0.748405$ & $0.766157$ & $0.770597$ & $0.0409753$ & $0.03619$ & $0.0350709$ & $0.091574$ & $0.57973$ & $1$ & $-0.0133774$ & $0.280474$ & $0.0178643$ & $-0.00568553$ & $-0.00922043$ & $0.000820447$ & $-0.011365$ & $-0.00703179$ & $-0.133184$ & $-0.0166622$ & $0.0114701$ & $-0.00312359$ & $-0.029623$ & $0.00139639$ & $0.00433218$ & $-0.0331103$ & $0.000271925$ & $-0.0217395$ & $-0.0160275$ & $0.0153399$ & $0.00190744$ & $0.031869$ & $0.00186055$ & $-0.0350063$ \\
CHu_11 & $-0.0151764$ & $0.0026591$ & $-0.00612446$ & $0.0152909$ & $0.00581937$ & $0.112916$ & $-0.00928246$ & $-0.512075$ & $-0.50175$ & $0.199787$ & $0.56134$ & $0.178503$ & $-0.302709$ & $-0.195488$ & $-0.195149$ & $-0.145344$ & $0.00728973$ & $0.00683185$ & $-0.551372$ & $-0.56434$ & $-0.550164$ & $-0.677278$ & $0.184377$ & $-0.0133774$ & $1$ & $-0.166593$ & $-0.194429$ & $-0.000533937$ & $-0.00877437$ & $-0.0113592$ & $-0.000257543$ & $-0.00769712$ & $-0.240403$ & $-0.00111046$ & $0.000521156$ & $0.0113056$ & $0.00672607$ & $0.00105396$ & $-0.00191494$ & $0.00092747$ & $-0.00794357$ & $-0.00780185$ & $0.0103042$ & $-0.00131886$ & $-0.00519364$ & $0.00853828$ & $0.00354791$ & $-0.00857682$ \\
CHd_11 & $-0.00208248$ & $-0.0126773$ & $-0.00865138$ & $0.00494748$ & $0.00697222$ & $-0.0891698$ & $0.00603252$ & $0.408518$ & $0.401472$ & $-0.210896$ & $-0.281693$ & $-0.165455$ & $-0.066478$ & $-0.402774$ & $-0.405307$ & $-0.117031$ & $0.0483601$ & $0.0624816$ & $0.204421$ & $0.363615$ & $0.35972$ & $0.342173$ & $-0.409174$ & $0.280474$ & $-0.166593$ & $1$ & $0.108931$ & $0.00159753$ & $0.00338457$ & $-0.017223$ & $-0.00735231$ & $-0.0100626$ & $0.6778$ & $-0.00333959$ & $-0.01872$ & $-0.00762662$ & $-0.0159676$ & $0.0108295$ & $0.013291$ & $-0.00986942$ & $0.0207953$ & $-0.0019724$ & $0.0106728$ & $0.00530474$ & $-0.0133383$ & $-0.00596581$ & $0.00271426$ & $-0.000121617$ \\
CHd_33 & $0.0259391$ & $-0.016391$ & $0.0145606$ & $-0.000151722$ & $-0.00482584$ & $-0.072007$ & $0.00431488$ & $0.309137$ & $0.302706$ & $-0.116156$ & $-0.341976$ & $-0.103501$ & $0.187447$ & $0.123062$ & $0.112423$ & $0.0963484$ & $-0.00257093$ & $0.0078027$ & $0.335075$ & $0.343623$ & $0.337677$ & $0.00869334$ & $-0.00500599$ & $0.0178643$ & $-0.194429$ & $0.108931$ & $1$ & $-0.00175875$ & $0.0070807$ & $-0.00188701$ & $-0.000511907$ & $0.00732597$ & $0.141297$ & $0.00105388$ & $0.00736819$ & $0.0107125$ & $0.0066404$ & $-0.00616103$ & $-0.0036129$ & $-0.0132337$ & $0.00712274$ & $-0.0123377$ & $-0.00840407$ & $0.00115073$ & $0.00498765$ & $-0.0206362$ & $-0.00612213$ & $0.0120151$ \\
CeH_22r & $0.0207369$ & $0.00869213$ & $0.0109658$ & $-0.0108223$ & $-0.00121962$ & $0.00374695$ & $0.0227635$ & $0.0059326$ & $0.0105497$ & $-0.00296466$ & $-0.004831$ & $0.0241414$ & $-0.002828$ & $0.00447157$ & $0.00238192$ & $-0.00106995$ & $-0.00505949$ & $-0.00389164$ & $0.00533939$ & $0.00460218$ & $0.00411925$ & $-0.00303907$ & $-0.0021224$ & $-0.00568553$ & $-0.000533937$ & $0.00159753$ & $-0.00175875$ & $1$ & $0.0233846$ & $0.00929818$ & $0.00583337$ & $0.0294569$ & $0.00208355$ & $-0.0247573$ & $-0.013372$ & $-0.0161282$ & $-0.0021045$ & $-0.0182644$ & $-0.00395503$ & $-0.0026089$ & $-0.0039316$ & $-0.0158669$ & $0.002397$ & $-0.0123368$ & $-0.0121807$ & $-0.00487612$ & $-0.00525372$ & $0.000261473$ \\
CeH_33r & $-0.0119036$ & $0.00890405$ & $-0.0145726$ & $-0.0021203$ & $-0.00771363$ & $-0.00775458$ & $-0.0629469$ & $0.0158614$ & $0.0365296$ & $-0.0721558$ & $-0.0137558$ & $0.196436$ & $0.0022228$ & $0.0134781$ & $0.00814373$ & $-0.00665697$ & $-0.0137593$ & $-0.0100375$ & $0.0144521$ & $0.0129253$ & $0.012294$ & $0.00556999$ & $-0.0028751$ & $-0.00922043$ & $-0.00877437$ & $0.00338457$ & $0.0070807$ & $0.0233846$ & $1$ & $0.285232$ & $0.0827894$ & $0.674079$ & $-0.00077643$ & $-0.0407652$ & $-0.0352791$ & $-0.0856656$ & $-0.0506801$ & $-0.0253743$ & $-0.0220034$ & $0.00145486$ & $0.00980347$ & $-0.0467381$ & $-0.0145508$ & $0.01097$ & $-0.0319919$ & $-0.0147063$ & $-0.0238006$ & $-0.0277059$ \\
CuH_22r & $-0.0248999$ & $0.0748131$ & $0.0216981$ & $-0.0386586$ & $-0.0106502$ & $0.00878853$ & $-0.0357267$ & $-0.00221757$ & $0.00849085$ & $-0.0359499$ & $-0.00388002$ & $0.0340889$ & $0.0131238$ & $0.013412$ & $0.0113177$ & $0.00402673$ & $0.00191677$ & $0.00211693$ & $0.00789735$ & $0.00229506$ & $0.00199445$ & $0.00504207$ & $0.00953024$ & $0.000820447$ & $-0.0113592$ & $-0.017223$ & $-0.00188701$ & $0.00929818$ & $0.285232$ & $1$ & $0.0587646$ & $0.372327$ & $-0.0146055$ & $0.0217726$ & $0.0728429$ & $-0.0270005$ & $-0.0394745$ & $0.000641097$ & $-0.0190622$ & $-0.0315116$ & $-0.00288349$ & $0.00124617$ & $-0.0567434$ & $-0.0232212$ & $0.071379$ & $0.183722$ & $0.0145778$ & $-0.0182097$ \\
CuH_33r & $0.0986092$ & $-0.00508865$ & $0.109329$ & $-0.0931455$ & $-0.00617175$ & $0.00599245$ & $0.931501$ & $-0.00912519$ & $0.0334049$ & $0.0221516$ & $0.0118582$ & $0.0598636$ & $-0.0122227$ & $-0.00336009$ & $-0.0157738$ & $-0.00450334$ & $-0.00475532$ & $0.00354988$ & $-0.0116018$ & $-0.0116279$ & $-0.0124407$ & $0.00465238$ & $-0.00909567$ & $-0.011365$ & $-0.000257543$ & $-0.00735231$ & $-0.000511907$ & $0.00583337$ & $0.0827894$ & $0.0587646$ & $1$ & $0.142463$ & $-0.00425342$ & $-0.0315534$ & $0.0967654$ & $-0.0139395$ & $-0.00566674$ & $-0.0171824$ & $-0.0301222$ & $0.0160198$ & $-0.0108409$ & $-0.0709974$ & $-0.0428465$ & $-0.0300864$ & $-0.0596317$ & $0.126257$ & $-0.0364144$ & $0.1216$ \\
CdH_33r & $0.0445789$ & $-0.0718456$ & $0.0409045$ & $-0.0318511$ & $-0.00864744$ & $-0.014144$ & $-0.0614401$ & $0.00374633$ & $0.0321926$ & $-0.0725626$ & $-0.00614149$ & $0.263092$ & $0.00360576$ & $0.0174952$ & $0.0033476$ & $0.00502104$ & $-0.00792983$ & $0.00278692$ & $0.00668568$ & $0.00365415$ & $0.00286462$ & $0.00517089$ & $0.0071145$ & $-0.00703179$ & $-0.00769712$ & $-0.0100626$ & $0.00732597$ & $0.0294569$ & $0.674079$ & $0.372327$ & $0.142463$ & $1$ & $-0.0141231$ & $0.0397808$ & $-0.0208667$ & $-0.0432568$ & $-0.0403538$ & $-0.0557991$ & $-0.00326766$ & $0.082666$ & $0.0145776$ & $0.0516074$ & $0.0153234$ & $0.0150592$ & $-0.0566108$ & $0.00389435$ & $0.0122586$ & $0.223041$ \\
CLL_1221 & $0.00362863$ & $-0.00588022$ & $0.00410716$ & $-0.0024486$ & $-0.00410743$ & $-0.13437$ & $0.00857868$ & $0.530994$ & $0.521786$ & $-0.31515$ & $-0.340487$ & $-0.19259$ & $-0.179601$ & $-0.619267$ & $-0.125754$ & $-0.197577$ & $0.118475$ & $-0.286269$ & $0.257893$ & $0.427836$ & $0.425363$ & $0.205424$ & $-0.612546$ & $-0.133184$ & $-0.240403$ & $0.6778$ & $0.141297$ & $0.00208355$ & $-0.00077643$ & $-0.0146055$ & $-0.00425342$ & $-0.0141231$ & $1$ & $0.000738899$ & $-0.00934558$ & $0.00172251$ & $-0.00478338$ & $0.0111955$ & $0.00520848$ & $-0.0129722$ & $0.0213666$ & $0.00452151$ & $0.0100208$ & $-0.00016127$ & $-0.00111333$ & $0.00261977$ & $0.010856$ & $-0.00579683$ \\
eHggint & $0.099407$ & $-0.0367328$ & $0.26265$ & $-0.0927953$ & $-0.0273738$ & $0.0092688$ & $-0.0613738$ & $-0.00350327$ & $-0.00875867$ & $0.0335615$ & $0.00806236$ & $0.0480132$ & $-0.00658482$ & $-0.00751654$ & $-0.00646468$ & $-0.0128723$ & $-0.00301079$ & $-0.00591048$ & $-0.00831532$ & $-0.00811933$ & $-0.00969287$ & $0.0037134$ & $-0.000663929$ & $-0.0166622$ & $-0.00111046$ & $-0.00333959$ & $0.00105388$ & $-0.0247573$ & $-0.0407652$ & $0.0217726$ & $-0.0315534$ & $0.0397808$ & $0.000738899$ & $1$ & $-0.0993762$ & $0.147692$ & $0.11609$ & $-0.231611$ & $0.0334881$ & $0.0669079$ & $-0.0493328$ & $0.15232$ & $-0.303153$ & $0.296326$ & $0.456258$ & $0.172205$ & $0.0563926$ & $0.350543$ \\
eHggpar & $0.196595$ & $0.122387$ & $0.310439$ & $-0.212862$ & $-0.040654$ & $0.0073014$ & $0.0735953$ & $-0.0253726$ & $-0.0218552$ & $0.0437773$ & $0.0115144$ & $0.0308585$ & $0.0150056$ & $-0.00955259$ & $-0.00259504$ & $0.024542$ & $0.0303677$ & $0.0235751$ & $-0.00937353$ & $-0.0110018$ & $-0.0113767$ & $-0.0024905$ & $0.0118609$ & $0.0114701$ & $0.000521156$ & $-0.01872$ & $0.00736819$ & $-0.013372$ & $-0.0352791$ & $0.0728429$ & $0.0967654$ & $-0.0208667$ & $-0.00934558$ & $-0.0993762$ & $1$ & $0.279317$ & $0.090893$ & $0.0745471$ & $0.0380457$ & $-0.337904$ & $-0.0400107$ & $0.221452$ & $-0.235029$ & $-0.215254$ & $0.0668005$ & $0.477844$ & $0.00453886$ & $0.0595429$ \\
eHWWint & $0.131921$ & $-0.171256$ & $0.0266132$ & $0.158959$ & $-0.0279651$ & $-0.00554823$ & $-0.0146933$ & $0.00459971$ & $0.00434217$ & $0.0236485$ & $-0.00881122$ & $0.00422639$ & $0.0116649$ & $-0.00284597$ & $0.000846376$ & $0.00839147$ & $0.0118712$ & $0.00830301$ & $0.00602321$ & $0.00633089$ & $0.00559223$ & $-0.0306631$ & $-0.00345179$ & $-0.00312359$ & $0.0113056$ & $-0.00762662$ & $0.0107125$ & $-0.0161282$ & $-0.0856656$ & $-0.0270005$ & $-0.0139395$ & $-0.0432568$ & $0.00172251$ & $0.147692$ & $0.279317$ & $1$ & $0.158917$ & $0.200444$ & $0.203944$ & $-0.056649$ & $-0.110427$ & $0.231902$ & $0.170881$ & $0.0572523$ & $0.243185$ & $0.0257911$ & $0.20004$ & $0.191224$ \\
eHWWpar & $0.174019$ & $0.0467997$ & $0.0984631$ & $-0.0576875$ & $-0.00754723$ & $0.00383858$ & $0.00054365$ & $-0.00325171$ & $-0.000811115$ & $0.00535704$ & $0.00739589$ & $0.0178717$ & $-0.00893536$ & $0.00147913$ & $0.00954706$ & $-0.0148957$ & $-0.0104449$ & $-0.016466$ & $-0.00590651$ & $-0.00864028$ & $-0.00874385$ & $2.13955e-05$ & $-0.00827155$ & $-0.029623$ & $0.00672607$ & $-0.0159676$ & $0.0066404$ & $-0.0021045$ & $-0.0506801$ & $-0.0394745$ & $-0.00566674$ & $-0.0403538$ & $-0.00478338$ & $0.11609$ & $0.090893$ & $0.158917$ & $1$ & $-0.0521073$ & $0.0773302$ & $0.0292146$ & $0.00524495$ & $0.179798$ & $-0.0127021$ & $-0.066321$ & $0.0842276$ & $-0.0276558$ & $0.00256851$ & $0.0702502$ \\
eHZZint & $-0.190205$ & $0.0577149$ & $-0.195429$ & $0.0824607$ & $0.0112836$ & $0.0175054$ & $-0.0130647$ & $0.00448065$ & $0.00774582$ & $-0.0165658$ & $0.00261621$ & $-0.0166238$ & $-0.0098524$ & $-0.00756248$ & $-0.00340163$ & $-0.0146102$ & $-0.00783306$ & $-0.0134552$ & $-0.00291086$ & $-0.000818125$ & $-0.00208991$ & $0.0034039$ & $-0.00256507$ & $0.00139639$ & $0.00105396$ & $0.0108295$ & $-0.00616103$ & $-0.0182644$ & $-0.0253743$ & $0.000641097$ & $-0.0171824$ & $-0.0557991$ & $0.0111955$ & $-0.231611$ & $0.0745471$ & $0.200444$ & $-0.0521073$ & $1$ & $-0.00541151$ & $0.0496514$ & $0.151431$ & $0.225307$ & $0.233582$ & $-0.501077$ & $-0.0573541$ & $0.0719915$ & $0.0597896$ & $-0.163672$ \\
eHZZpar & $-0.073907$ & $0.0375022$ & $-0.114591$ & $0.0194855$ & $0.00641798$ & $-0.0163146$ & $-0.0270599$ & $0.00841587$ & $0.00985543$ & $0.00340606$ & $-0.00605938$ & $-0.000787916$ & $0.00079025$ & $0.00230234$ & $-0.0125121$ & $-0.00254728$ & $-0.00710443$ & $0.00703951$ & $0.00480065$ & $0.00765045$ & $0.00785095$ & $0.00219271$ & $-0.00648799$ & $0.00433218$ & $-0.00191494$ & $0.013291$ & $-0.0036129$ & $-0.00395503$ & $-0.0220034$ & $-0.0190622$ & $-0.0301222$ & $-0.00326766$ & $0.00520848$ & $0.0334881$ & $0.0380457$ & $0.203944$ & $0.0773302$ & $-0.00541151$ & $1$ & $-0.0420398$ & $0.0082392$ & $0.104274$ & $0.00710781$ & $0.0688241$ & $0.000956589$ & $-0.01734$ & $0.00329629$ & $0.0988992$ \\
eHZgaint & $-0.0832161$ & $-0.315534$ & $-0.284046$ & $-0.0320688$ & $0.0246683$ & $0.00130662$ & $0.0215235$ & $0.00211375$ & $0.0198749$ & $-0.0220495$ & $0.0159097$ & $-0.00724837$ & $-0.033736$ & $0.00809114$ & $-0.00344891$ & $-0.0348331$ & $-0.0387169$ & $-0.028701$ & $-0.0199145$ & $-0.0195481$ & $-0.0202813$ & $0.0127617$ & $-0.00982481$ & $-0.0331103$ & $0.00092747$ & $-0.00986942$ & $-0.0132337$ & $-0.0026089$ & $0.00145486$ & $-0.0315116$ & $0.0160198$ & $0.082666$ & $-0.0129722$ & $0.0669079$ & $-0.337904$ & $-0.056649$ & $0.0292146$ & $0.0496514$ & $-0.0420398$ & $1$ & $-0.0821327$ & $0.491195$ & $0.552883$ & $-0.163632$ & $-0.0474385$ & $-0.186732$ & $0.153134$ & $0.246276$ \\
eHZgapar & $-0.0680451$ & $0.0114386$ & $-0.0789486$ & $0.0387863$ & $0.0109781$ & $-0.000199799$ & $-0.00815127$ & $0.0204901$ & $0.0190264$ & $-0.0228899$ & $-0.0155747$ & $-0.00762564$ & $0.00156822$ & $-0.00653181$ & $-0.000698312$ & $-0.00769928$ & $-0.00369947$ & $-0.00876118$ & $0.0137271$ & $0.01744$ & $0.0153488$ & $0.00287529$ & $-0.0136942$ & $0.000271925$ & $-0.00794357$ & $0.0207953$ & $0.00712274$ & $-0.0039316$ & $0.00980347$ & $-0.00288349$ & $-0.0108409$ & $0.0145776$ & $0.0213666$ & $-0.0493328$ & $-0.0400107$ & $-0.110427$ & $0.00524495$ & $0.151431$ & $0.0082392$ & $-0.0821327$ & $1$ & $-0.0510333$ & $-0.0532034$ & $0.0412449$ & $-0.0364798$ & $-0.0121715$ & $-0.0909866$ & $0.0432624$ \\
eHgagaint & $-0.147607$ & $-0.0416712$ & $-0.145343$ & $-0.190306$ & $-0.0182667$ & $0.00117242$ & $-0.0684892$ & $0.00835382$ & $0.0314042$ & $-0.0151912$ & $0.00501066$ & $-0.00616439$ & $-0.0198309$ & $-2.89663e-05$ & $-0.00125443$ & $-0.0279071$ & $-0.0253097$ & $-0.0234239$ & $-0.00663035$ & $-0.00414664$ & $-0.00534819$ & $0.0147037$ & $-0.0156631$ & $-0.0217395$ & $-0.00780185$ & $-0.0019724$ & $-0.0123377$ & $-0.0158669$ & $-0.0467381$ & $0.00124617$ & $-0.0709974$ & $0.0516074$ & $0.00452151$ & $0.15232$ & $0.221452$ & $0.231902$ & $0.179798$ & $0.225307$ & $0.104274$ & $0.491195$ & $-0.0510333$ & $1$ & $0.297891$ & $-0.270794$ & $-0.0876077$ & $0.0872906$ & $-0.0732022$ & $0.387547$ \\
eHmumuint & $-0.0658143$ & $-0.181852$ & $-0.366058$ & $-0.0728489$ & $0.0121383$ & $-0.00216694$ & $-0.0207667$ & $0.00388154$ & $0.0139913$ & $-0.027853$ & $0.0102415$ & $-0.0328934$ & $-0.0246566$ & $-0.011515$ & $-0.0139441$ & $-0.0242963$ & $-0.0187016$ & $-0.0153522$ & $-0.0161448$ & $-0.0109741$ & $-0.00955903$ & $0.000569358$ & $-0.015306$ & $-0.0160275$ & $0.0103042$ & $0.0106728$ & $-0.00840407$ & $0.002397$ & $-0.0145508$ & $-0.0567434$ & $-0.0428465$ & $0.0153234$ & $0.0100208$ & $-0.303153$ & $-0.235029$ & $0.170881$ & $-0.0127021$ & $0.233582$ & $0.00710781$ & $0.552883$ & $-0.0532034$ & $0.297891$ & $1$ & $-0.281993$ & $-0.34074$ & $-0.249835$ & $0.196626$ & $0.0381949$ \\
eHtautauint & $-0.122601$ & $-0.0509485$ & $-0.255628$ & $0.203692$ & $0.02557$ & $-0.00208589$ & $-0.0320125$ & $0.00638813$ & $-0.00269586$ & $0.0138426$ & $-0.0102041$ & $0.00648343$ & $0.0102019$ & $0.00300662$ & $0.00102077$ & $0.00723202$ & $0.00513177$ & $0.00788369$ & $0.00953105$ & $0.00966945$ & $0.00932459$ & $-0.00022318$ & $0.00140691$ & $0.0153399$ & $-0.00131886$ & $0.00530474$ & $0.00115073$ & $-0.0123368$ & $0.01097$ & $-0.0232212$ & $-0.0300864$ & $0.0150592$ & $-0.00016127$ & $0.296326$ & $-0.215254$ & $0.0572523$ & $-0.066321$ & $-0.501077$ & $0.0688241$ & $-0.163632$ & $0.0412449$ & $-0.270794$ & $-0.281993$ & $1$ & $0.171839$ & $-0.115907$ & $-0.0830106$ & $0.160435$ \\
eHccint & $-0.0532064$ & $0.0551303$ & $-0.0197933$ & $0.346996$ & $-0.0122981$ & $0.00472896$ & $-0.0743556$ & $0.000692876$ & $-0.00969776$ & $0.0250638$ & $-0.00648563$ & $0.0272637$ & $0.00890528$ & $0.00315191$ & $0.0112046$ & $0.00880993$ & $0.00929722$ & $-0.000101585$ & $0.00921813$ & $0.00617285$ & $0.0057588$ & $-0.00416534$ & $0.00887653$ & $0.00190744$ & $-0.00519364$ & $-0.0133383$ & $0.00498765$ & $-0.0121807$ & $-0.0319919$ & $0.071379$ & $-0.0596317$ & $-0.0566108$ & $-0.00111333$ & $0.456258$ & $0.0668005$ & $0.243185$ & $0.0842276$ & $-0.0573541$ & $0.000956589$ & $-0.0474385$ & $-0.0364798$ & $-0.0876077$ & $-0.34074$ & $0.171839$ & $1$ & $0.280148$ & $-0.0760381$ & $-0.0349286$ \\
eHccpar & $-0.0954256$ & $0.35734$ & $0.136268$ & $-0.262497$ & $-0.00540481$ & $0.0171581$ & $0.0964507$ & $-0.0460361$ & $-0.0434593$ & $0.0342005$ & $0.0347487$ & $0.0274797$ & $0.00397529$ & $-0.0359195$ & $-0.0267295$ & $0.0187997$ & $0.0421047$ & $0.0319754$ & $-0.0307588$ & $-0.0282624$ & $-0.0309433$ & $0.0104864$ & $0.0256552$ & $0.031869$ & $0.00853828$ & $-0.00596581$ & $-0.0206362$ & $-0.00487612$ & $-0.0147063$ & $0.183722$ & $0.126257$ & $0.00389435$ & $0.00261977$ & $0.172205$ & $0.477844$ & $0.0257911$ & $-0.0276558$ & $0.0719915$ & $-0.01734$ & $-0.186732$ & $-0.0121715$ & $0.0872906$ & $-0.249835$ & $-0.115907$ & $0.280148$ & $1$ & $0.159522$ & $-0.0308797$ \\
eHbbint & $0.163605$ & $-0.262529$ & $0.234737$ & $0.0354905$ & $0.0359517$ & $-0.000941748$ & $-0.0391312$ & $-0.00443089$ & $-0.00982545$ & $0.0151752$ & $0.00194451$ & $-0.00682804$ & $0.00857805$ & $-0.0213279$ & $-0.0133308$ & $0.0141017$ & $0.0244016$ & $0.0167585$ & $-0.00746891$ & $-0.00213619$ & $-0.00374371$ & $-0.00548045$ & $0.0032615$ & $0.00186055$ & $0.00354791$ & $0.00271426$ & $-0.00612213$ & $-0.00525372$ & $-0.0238006$ & $0.0145778$ & $-0.0364144$ & $0.0122586$ & $0.010856$ & $0.0563926$ & $0.00453886$ & $0.20004$ & $0.00256851$ & $0.0597896$ & $0.00329629$ & $0.153134$ & $-0.0909866$ & $-0.0732022$ & $0.196626$ & $-0.0830106$ & $-0.0760381$ & $0.159522$ & $1$ & $-0.140962$ \\
eHbbpar & $0.164293$ & $-0.294238$ & $0.10481$ & $-0.0588163$ & $-0.0305937$ & $-0.00961624$ & $0.109324$ & $0.0159617$ & $0.0297794$ & $0.0013629$ & $-0.0033361$ & $0.0236687$ & $-0.0158303$ & $0.0099971$ & $-0.00900315$ & $-0.0254324$ & $-0.0302601$ & $-0.0134698$ & $-0.000534545$ & $0.000490529$ & $-0.000624313$ & $0.0102112$ & $-0.0216677$ & $-0.0350063$ & $-0.00857682$ & $-0.000121617$ & $0.0120151$ & $0.000261473$ & $-0.0277059$ & $-0.0182097$ & $0.1216$ & $0.223041$ & $-0.00579683$ & $0.350543$ & $0.0595429$ & $0.191224$ & $0.0702502$ & $-0.163672$ & $0.0988992$ & $0.246276$ & $0.0432624$ & $0.387547$ & $0.0381949$ & $0.160435$ & $-0.0349286$ & $-0.0308797$ & $-0.140962$ & $1$ \\
