 & AlsMz & dAle5Mz & mtop & mHl & Mz & CW & CHG & CHWB & CHWHB_gaga & CHWHB_gagaorth & CHD & CHbox & CH & CHL1_11 & CHL1_22 & CHL1_33 & CHL3_11 & CHL3_22 & CHL3_33 & CHe_11 & CHe_22 & CHe_33 & CHQ1_11 & CHQ1_33 & CHQ3_11 & CHu_11 & CHd_11 & CHd_33 & CeH_22r & CeH_33r & CuH_22r & CuH_33r & CdH_33r & CLL_1221 & eHggint & eHggpar & eHWWint & eHWWpar & eHZZint & eHZZpar & eHZgaint & eHZgapar & eHgagaint & eHmumuint & eHtautauint & eHccint & eHccpar & eHbbint & eHbbpar \\
AlsMz & $1$ & $0.251093$ & $-0.299506$ & $0.172235$ & $-0.00793338$ & $0.00773066$ & $0.039732$ & $0.0886535$ & $0.0773613$ & $-0.0416866$ & $-0.0689913$ & $-0.0754546$ & $-0.0647388$ & $-0.000598338$ & $-0.0392547$ & $-0.0326257$ & $-0.034879$ & $-0.0195936$ & $-0.023553$ & $0.0583961$ & $0.0777642$ & $0.0767606$ & $0.0658741$ & $-0.109794$ & $-0.0477818$ & $-0.0720597$ & $0.164885$ & $0.0513464$ & $-0.0232034$ & $-0.0198779$ & $-0.0606623$ & $0.0465627$ & $0.0584723$ & $0.132329$ & $0.0160558$ & $0.214746$ & $-0.351748$ & $-0.0112461$ & $0.400197$ & $0.0336762$ & $0.115905$ & $-0.0395443$ & $-0.186076$ & $-0.111292$ & $0.260326$ & $-0.321588$ & $-0.249786$ & $0.213392$ & $0.368451$ \\
dAle5Mz & $0.251093$ & $1$ & $-0.358387$ & $0.292288$ & $0.00381231$ & $0.0258433$ & $0.0850587$ & $0.126409$ & $0.129721$ & $-0.0595669$ & $-0.0943989$ & $-0.10437$ & $-0.100113$ & $-0.010975$ & $-0.113395$ & $-0.084999$ & $-0.0437236$ & $-0.00518775$ & $-0.0225377$ & $0.0845248$ & $0.125016$ & $0.12479$ & $0.118413$ & $-0.146475$ & $0.0303765$ & $-0.0828574$ & $0.365175$ & $0.0411604$ & $-0.0439304$ & $-0.0619757$ & $-0.150662$ & $0.0795608$ & $-0.0151019$ & $0.271095$ & $0.0317793$ & $-0.178113$ & $-0.0420055$ & $0.0125366$ & $0.168148$ & $0.0707157$ & $-0.11521$ & $-0.00380726$ & $0.127471$ & $-0.0951051$ & $0.231179$ & $-0.25372$ & $-0.470435$ & $-0.0165933$ & $0.270437$ \\
mtop & $-0.299506$ & $-0.358387$ & $1$ & $-0.336637$ & $0.00258627$ & $-0.0174525$ & $-0.0493973$ & $-0.0629885$ & $-0.0602551$ & $0.0119037$ & $0.0612176$ & $0.0857917$ & $0.0719262$ & $-0.0216672$ & $0.00506127$ & $0.00658245$ & $0.00976649$ & $0.0069373$ & $0.00566969$ & $-0.0561136$ & $-0.0665964$ & $-0.0654691$ & $-0.0376149$ & $0.0547192$ & $0.0032049$ & $0.0566801$ & $-0.105715$ & $-0.0290792$ & $0.0347981$ & $0.0483216$ & $0.0652314$ & $-0.0455848$ & $-0.0130755$ & $-0.0773761$ & $-0.146996$ & $0.17838$ & $0.0644291$ & $0.00396841$ & $-0.412303$ & $-0.0570851$ & $-0.022173$ & $-0.0562354$ & $-0.00260999$ & $0.272713$ & $-0.28827$ & $0.255994$ & $0.112211$ & $0.208927$ & $-0.42865$ \\
mHl & $0.172235$ & $0.292288$ & $-0.336637$ & $1$ & $-0.00912896$ & $-0.0300287$ & $0.0678664$ & $0.0674894$ & $0.0674912$ & $-0.0226687$ & $-0.0604933$ & $-0.0995727$ & $-0.0853545$ & $0.0127759$ & $-0.00853182$ & $-0.0184146$ & $-0.00796492$ & $-0.0108022$ & $-0.00280991$ & $0.0558681$ & $0.0687923$ & $0.0684098$ & $0.0269$ & $-0.0551532$ & $0.00739117$ & $-0.0330328$ & $0.132805$ & $0.019658$ & $-0.0289608$ & $-0.0410539$ & $-0.117828$ & $0.0512397$ & $0.0133357$ & $0.0865752$ & $-0.45669$ & $0.0146783$ & $-0.0446658$ & $0.00798492$ & $0.171805$ & $0.0129919$ & $-0.135177$ & $0.00391922$ & $-0.0168643$ & $-0.0810546$ & $0.313398$ & $-0.266359$ & $-0.365724$ & $-0.0852341$ & $0.367633$ \\
Mz & $-0.00793338$ & $0.00381231$ & $0.00258627$ & $-0.00912896$ & $1$ & $0.0108848$ & $0.00144026$ & $-0.00685558$ & $-0.00808232$ & $0.0050848$ & $0.0134149$ & $0.00302251$ & $0.000490255$ & $-8.49818e-05$ & $-0.0072862$ & $-0.00158967$ & $-0.00262564$ & $0.002205$ & $-0.00223088$ & $-0.00759283$ & $-0.00627988$ & $-0.00757635$ & $0.00637457$ & $0.00212966$ & $-0.000386238$ & $-0.00188126$ & $-0.00186592$ & $-0.0104446$ & $-0.00138651$ & $-0.00352193$ & $-0.00271794$ & $0.00266892$ & $-4.47453e-05$ & $-0.0023201$ & $0.00376266$ & $0.0137261$ & $0.0126143$ & $0.000325863$ & $0.00867941$ & $-0.00708686$ & $0.0172313$ & $0.0129928$ & $-0.0259983$ & $0.0115506$ & $0.0168984$ & $-0.00990151$ & $-0.00208574$ & $-0.00303254$ & $0.00275725$ \\
CW & $0.00773066$ & $0.0258433$ & $-0.0174525$ & $-0.0300287$ & $0.0108848$ & $1$ & $0.0402992$ & $-0.0190934$ & $-0.0171635$ & $0.0189365$ & $0.13494$ & $-0.0137211$ & $-0.0523974$ & $-0.0361668$ & $-0.1011$ & $-0.0823365$ & $-0.370886$ & $-0.165905$ & $-0.178771$ & $-0.133612$ & $-0.134725$ & $-0.133441$ & $0.0126017$ & $-0.140093$ & $-0.211609$ & $0.090761$ & $-0.0292914$ & $-0.0570044$ & $-0.00611354$ & $-0.0400342$ & $-0.0187591$ & $0.0419273$ & $-0.048662$ & $-0.0585607$ & $0.0395482$ & $-0.00155697$ & $0.00156226$ & $-0.00208501$ & $-0.00220214$ & $-0.00955734$ & $0.0208762$ & $-0.00241631$ & $0.00339718$ & $0.0308212$ & $0.0242872$ & $-0.0103444$ & $0.013955$ & $-0.000919117$ & $-0.00302746$ \\
CHG & $0.039732$ & $0.0850587$ & $-0.0493973$ & $0.0678664$ & $0.00144026$ & $0.0402992$ & $1$ & $0.0230216$ & $0.0370247$ & $0.164903$ & $0.0566302$ & $-0.695349$ & $-0.796481$ & $-0.13333$ & $-0.0561195$ & $-0.0606446$ & $-0.151855$ & $-0.126$ & $-0.122887$ & $-0.0592328$ & $-0.0490894$ & $-0.0478644$ & $0.0301518$ & $-0.121808$ & $-0.109118$ & $0.0443427$ & $0.0954567$ & $-0.0145519$ & $-0.14073$ & $-0.61374$ & $-0.408277$ & $0.959059$ & $-0.646298$ & $0.0677885$ & $-0.140448$ & $0.106578$ & $0.0248626$ & $0.0267218$ & $0.141174$ & $-0.00743592$ & $-0.132533$ & $0.0137781$ & $-0.0846171$ & $-0.0763105$ & $0.0473429$ & $-0.018284$ & $-0.134681$ & $0.020702$ & $-0.0379952$ \\
CHWB & $0.0886535$ & $0.126409$ & $-0.0629885$ & $0.0674894$ & $-0.00685558$ & $-0.0190934$ & $0.0230216$ & $1$ & $0.990623$ & $-0.570533$ & $-0.871602$ & $-0.150556$ & $-0.0312922$ & $0.265683$ & $0.483575$ & $0.481669$ & $-0.23611$ & $-0.419202$ & $-0.422107$ & $0.857015$ & $0.884951$ & $0.876484$ & $0.0221348$ & $-0.63685$ & $-0.403198$ & $-0.608912$ & $0.394659$ & $0.393531$ & $-0.00859601$ & $-0.00738846$ & $-0.045475$ & $0.00825139$ & $0.00305767$ & $0.525362$ & $-0.0373004$ & $-0.0842647$ & $-0.000789021$ & $-0.00172754$ & $0.048524$ & $0.0249305$ & $-0.0304992$ & $-0.0179991$ & $0.0644877$ & $-0.0893435$ & $0.0394965$ & $-0.103184$ & $-0.113881$ & $-0.00894873$ & $0.0762732$ \\
CHWHB_gaga & $0.0773613$ & $0.129721$ & $-0.0602551$ & $0.0674912$ & $-0.00808232$ & $-0.0171635$ & $0.0370247$ & $0.990623$ & $1$ & $-0.56627$ & $-0.861609$ & $-0.134107$ & $-0.0190344$ & $0.259992$ & $0.477831$ & $0.477349$ & $-0.237715$ & $-0.418138$ & $-0.421908$ & $0.847328$ & $0.874951$ & $0.866622$ & $0.0205914$ & $-0.633038$ & $-0.401551$ & $-0.600772$ & $0.391917$ & $0.389488$ & $0.000506974$ & $0.0138671$ & $-0.0322635$ & $0.0205921$ & $0.0253488$ & $0.521332$ & $-0.0317593$ & $-0.108158$ & $0.00339483$ & $-0.00277493$ & $0.0265872$ & $0.0250502$ & $-0.0445253$ & $-0.0192036$ & $0.109653$ & $-0.103393$ & $0.0255567$ & $-0.0938828$ & $-0.119477$ & $-0.00154577$ & $0.0724889$ \\
CHWHB_gagaorth & $-0.0416866$ & $-0.0595669$ & $0.0119037$ & $-0.0226687$ & $0.0050848$ & $0.0189365$ & $0.164903$ & $-0.570533$ & $-0.56627$ & $1$ & $0.496326$ & $0.0331773$ & $-0.20814$ & $-0.147582$ & $-0.272985$ & $-0.280706$ & $0.134366$ & $0.238792$ & $0.245783$ & $-0.487873$ & $-0.504027$ & $-0.499543$ & $-0.0181743$ & $0.365109$ & $0.238607$ & $0.354881$ & $-0.210973$ & $-0.226986$ & $-0.0330102$ & $-0.195455$ & $-0.118125$ & $0.175714$ & $-0.226642$ & $-0.303816$ & $0.00203608$ & $0.0947535$ & $-0.0161636$ & $0.0121396$ & $0.0174055$ & $-0.0217931$ & $-0.0412404$ & $0.00523656$ & $-0.0508209$ & $0.0450223$ & $-0.00822477$ & $0.0607168$ & $0.0300305$ & $0.00766597$ & $-0.0543013$ \\
CHD & $-0.0689913$ & $-0.0943989$ & $0.0612176$ & $-0.0604933$ & $0.0134149$ & $0.13494$ & $0.0566302$ & $-0.871602$ & $-0.861609$ & $0.496326$ & $1$ & $0.0918853$ & $-0.0715124$ & $-0.665009$ & $-0.591299$ & $-0.589632$ & $-0.243136$ & $-0.0135047$ & $-0.0111853$ & $-0.995386$ & $-0.995288$ & $-0.983529$ & $0.0315467$ & $0.220972$ & $-0.0448769$ & $0.68721$ & $-0.265538$ & $-0.437691$ & $-0.0090212$ & $-0.0698822$ & $-0.0196804$ & $0.0705417$ & $-0.0951328$ & $-0.319226$ & $0.0421564$ & $0.047193$ & $0.024684$ & $-0.00391865$ & $-0.0570666$ & $-0.000770316$ & $0.0167853$ & $0.00539823$ & $-0.0416308$ & $0.0779457$ & $-0.0196154$ & $0.0736145$ & $0.0816086$ & $0.0125148$ & $-0.0786522$ \\
CHbox & $-0.0754546$ & $-0.10437$ & $0.0857917$ & $-0.0995727$ & $0.00302251$ & $-0.0137211$ & $-0.695349$ & $-0.150556$ & $-0.134107$ & $0.0331773$ & $0.0918853$ & $1$ & $0.873478$ & $0.0286455$ & $0.00159366$ & $0.0054544$ & $0.104501$ & $0.102159$ & $0.0994085$ & $-0.0829858$ & $-0.10269$ & $-0.102067$ & $-0.0441883$ & $0.157561$ & $0.0811251$ & $0.0616713$ & $-0.179036$ & $-0.0481692$ & $0.184093$ & $0.681589$ & $0.455805$ & $-0.607134$ & $0.706378$ & $-0.147483$ & $0.202211$ & $-0.0424374$ & $-0.0608163$ & $-0.0425672$ & $-0.169451$ & $0.00369185$ & $0.114867$ & $-0.0174157$ & $0.0861657$ & $0.102837$ & $-0.0617263$ & $0.0449795$ & $0.219138$ & $-0.0556952$ & $0.019602$ \\
CH & $-0.0647388$ & $-0.100113$ & $0.0719262$ & $-0.0853545$ & $0.000490255$ & $-0.0523974$ & $-0.796481$ & $-0.0312922$ & $-0.0190344$ & $-0.20814$ & $-0.0715124$ & $0.873478$ & $1$ & $0.170792$ & $0.0684749$ & $0.075221$ & $0.195667$ & $0.164468$ & $0.159483$ & $0.0751454$ & $0.0622115$ & $0.0605217$ & $-0.0376338$ & $0.159314$ & $0.144214$ & $-0.0573168$ & $-0.118437$ & $0.0246634$ & $0.201546$ & $0.737954$ & $0.491313$ & $-0.720376$ & $0.771421$ & $-0.0855279$ & $0.169164$ & $-0.100677$ & $-0.00921814$ & $-0.0299047$ & $-0.17966$ & $0.00665531$ & $0.134617$ & $-0.0151077$ & $0.105299$ & $0.0865914$ & $-0.0437263$ & $0.0648919$ & $0.178528$ & $-0.0419549$ & $0.03686$ \\
CHL1_11 & $-0.000598338$ & $-0.010975$ & $-0.0216672$ & $0.0127759$ & $-8.49818e-05$ & $-0.0361668$ & $-0.13333$ & $0.265683$ & $0.259992$ & $-0.147582$ & $-0.665009$ & $0.0286455$ & $0.170792$ & $1$ & $0.404295$ & $0.405322$ & $0.642199$ & $0.59789$ & $0.595755$ & $0.673865$ & $0.638249$ & $0.626856$ & $-0.0933947$ & $0.439889$ & $0.602776$ & $-0.441998$ & $-0.0564365$ & $0.275971$ & $0.0287103$ & $0.136501$ & $0.0994802$ & $-0.139419$ & $0.167517$ & $-0.172132$ & $-0.0273893$ & $0.0339369$ & $-0.0426858$ & $0.00828552$ & $0.036403$ & $-0.0389694$ & $0.0138098$ & $0.0194144$ & $-0.0101364$ & $-0.0161724$ & $-0.0169428$ & $0.00423342$ & $0.0102567$ & $-0.00993216$ & $0.0369159$ \\
CHL1_22 & $-0.0392547$ & $-0.113395$ & $0.00506127$ & $-0.00853182$ & $-0.0072862$ & $-0.1011$ & $-0.0561195$ & $0.483575$ & $0.477831$ & $-0.272985$ & $-0.591299$ & $0.00159366$ & $0.0684749$ & $0.404295$ & $1$ & $0.533224$ & $0.162493$ & $-0.311406$ & $-0.00604398$ & $0.629589$ & $0.537985$ & $0.53019$ & $-0.158369$ & $0.0131553$ & $-0.0628534$ & $-0.37444$ & $-0.273266$ & $0.238325$ & $0.00589462$ & $0.0534549$ & $0.0399594$ & $-0.0609896$ & $0.0576517$ & $-0.450809$ & $-0.0314886$ & $0.0055921$ & $0.0154515$ & $0.000769894$ & $-0.0226609$ & $-0.019147$ & $0.0162847$ & $-0.00202049$ & $0.00476731$ & $-0.0220253$ & $-0.0297384$ & $-0.0145937$ & $0.0652367$ & $-0.00100155$ & $-0.0240925$ \\
CHL1_33 & $-0.0326257$ & $-0.084999$ & $0.00658245$ & $-0.0184146$ & $-0.00158967$ & $-0.0823365$ & $-0.0606446$ & $0.481669$ & $0.477349$ & $-0.280706$ & $-0.589632$ & $0.0054544$ & $0.075221$ & $0.405322$ & $0.533224$ & $1$ & $0.163508$ & $-0.00118314$ & $-0.296984$ & $0.627255$ & $0.538533$ & $0.549302$ & $-0.150178$ & $0.0135495$ & $-0.0554329$ & $-0.375937$ & $-0.258058$ & $0.242107$ & $0.00669744$ & $0.0653153$ & $0.0512908$ & $-0.0617654$ & $0.0696975$ & $0.00738141$ & $-0.0118694$ & $0.0118089$ & $0.0108237$ & $-0.00090557$ & $-0.014821$ & $-0.0320089$ & $0.0265762$ & $-0.00519427$ & $0.00890154$ & $0.000664864$ & $-0.0392545$ & $-0.018715$ & $0.0659234$ & $-0.021568$ & $-0.00817389$ \\
CHL3_11 & $-0.034879$ & $-0.0437236$ & $0.00976649$ & $-0.00796492$ & $-0.00262564$ & $-0.370886$ & $-0.151855$ & $-0.23611$ & $-0.237715$ & $0.134366$ & $-0.243136$ & $0.104501$ & $0.195667$ & $0.642199$ & $0.162493$ & $0.163508$ & $1$ & $0.826441$ & $0.827999$ & $0.253083$ & $0.220347$ & $0.214415$ & $-0.0740792$ & $0.759085$ & $0.868226$ & $-0.156648$ & $-0.160061$ & $0.0866173$ & $0.0341479$ & $0.146503$ & $0.118887$ & $-0.151572$ & $0.174921$ & $-0.26321$ & $-0.01201$ & $0.0580581$ & $-0.044089$ & $0.0116989$ & $0.0172422$ & $-0.0370464$ & $0.0180883$ & $0.0204622$ & $-0.0390373$ & $0.0159462$ & $-0.0371043$ & $0.059265$ & $0.0466153$ & $-0.00784424$ & $0.00740505$ \\
CHL3_22 & $-0.0195936$ & $-0.00518775$ & $0.0069373$ & $-0.0108022$ & $0.002205$ & $-0.165905$ & $-0.126$ & $-0.419202$ & $-0.418138$ & $0.238792$ & $-0.0135047$ & $0.102159$ & $0.164468$ & $0.59789$ & $-0.311406$ & $-0.00118314$ & $0.826441$ & $1$ & $0.796019$ & $0.0127124$ & $0.00865672$ & $0.0069749$ & $-0.0189588$ & $0.75082$ & $0.875455$ & $-0.00879003$ & $-0.0728023$ & $-0.0049041$ & $0.0315558$ & $0.123668$ & $0.105491$ & $-0.122915$ & $0.150085$ & $-0.0846079$ & $0.00380944$ & $0.0646938$ & $-0.0524246$ & $0.0101577$ & $0.0280156$ & $-0.0376875$ & $0.0167648$ & $0.0243776$ & $-0.0417621$ & $0.0307326$ & $-0.0261382$ & $0.0629041$ & $0.0256367$ & $-0.00829443$ & $0.0175044$ \\
CHL3_33 & $-0.023553$ & $-0.0225377$ & $0.00566969$ & $-0.00280991$ & $-0.00223088$ & $-0.178771$ & $-0.122887$ & $-0.422107$ & $-0.421908$ & $0.245783$ & $-0.0111853$ & $0.0994085$ & $0.159483$ & $0.595755$ & $-0.00604398$ & $-0.296984$ & $0.827999$ & $0.796019$ & $1$ & $0.0107521$ & $0.00570692$ & $0.00396383$ & $-0.0238946$ & $0.753195$ & $0.875278$ & $-0.00473684$ & $-0.0793083$ & $-0.00921928$ & $0.0306657$ & $0.115768$ & $0.0971819$ & $-0.122523$ & $0.141617$ & $-0.390338$ & $-0.00884927$ & $0.0608323$ & $-0.0501021$ & $0.0119076$ & $0.0235606$ & $-0.0283108$ & $0.00975467$ & $0.0267878$ & $-0.0441712$ & $0.0163435$ & $-0.0182748$ & $0.0653212$ & $0.0250211$ & $0.00512539$ & $0.00749603$ \\
CHe_11 & $0.0583961$ & $0.0845248$ & $-0.0561136$ & $0.0558681$ & $-0.00759283$ & $-0.133612$ & $-0.0592328$ & $0.857015$ & $0.847328$ & $-0.487873$ & $-0.995386$ & $-0.0829858$ & $0.0751454$ & $0.673865$ & $0.629589$ & $0.627255$ & $0.253083$ & $0.0127124$ & $0.0107521$ & $1$ & $0.986073$ & $0.974725$ & $-0.0462653$ & $-0.190776$ & $0.0513227$ & $-0.681119$ & $0.217839$ & $0.43381$ & $0.00903421$ & $0.0721116$ & $0.0233729$ & $-0.0722696$ & $0.0964503$ & $0.266755$ & $-0.0418111$ & $-0.0426837$ & $-0.0220822$ & $0.00413131$ & $0.051655$ & $-0.00256986$ & $-0.0147186$ & $-0.00494297$ & $0.0399554$ & $-0.0736827$ & $0.0137529$ & $-0.0694953$ & $-0.0723133$ & $-0.0124045$ & $0.0716336$ \\
CHe_22 & $0.0777642$ & $0.125016$ & $-0.0665964$ & $0.0687923$ & $-0.00627988$ & $-0.134725$ & $-0.0490894$ & $0.884951$ & $0.874951$ & $-0.504027$ & $-0.995288$ & $-0.10269$ & $0.0622115$ & $0.638249$ & $0.537985$ & $0.538533$ & $0.220347$ & $0.00865672$ & $0.00570692$ & $0.986073$ & $1$ & $0.98633$ & $-0.0117646$ & $-0.261448$ & $0.0320913$ & $-0.688778$ & $0.326042$ & $0.438395$ & $0.00784486$ & $0.0632699$ & $0.0106279$ & $-0.0638776$ & $0.089076$ & $0.384281$ & $-0.0425355$ & $-0.0560953$ & $-0.0256425$ & $0.00408436$ & $0.0626176$ & $0.00592659$ & $-0.0231539$ & $-0.00603665$ & $0.0472945$ & $-0.0828863$ & $0.0266433$ & $-0.0797777$ & $-0.101572$ & $-0.0123223$ & $0.0866013$ \\
CHe_33 & $0.0767606$ & $0.12479$ & $-0.0654691$ & $0.0684098$ & $-0.00757635$ & $-0.133441$ & $-0.0478644$ & $0.876484$ & $0.866622$ & $-0.499543$ & $-0.983529$ & $-0.102067$ & $0.0605217$ & $0.626856$ & $0.53019$ & $0.549302$ & $0.214415$ & $0.0069749$ & $0.00396383$ & $0.974725$ & $0.98633$ & $1$ & $-0.0109688$ & $-0.260989$ & $0.0293973$ & $-0.680479$ & $0.324544$ & $0.432629$ & $0.00674792$ & $0.0623985$ & $0.0105552$ & $-0.0625406$ & $0.0871839$ & $0.385107$ & $-0.0416562$ & $-0.0554045$ & $-0.0254808$ & $0.00464339$ & $0.0619132$ & $0.00596849$ & $-0.02328$ & $-0.00627601$ & $0.0466431$ & $-0.0809328$ & $0.0285742$ & $-0.0777158$ & $-0.100323$ & $-0.0130378$ & $0.085633$ \\
CHQ1_11 & $0.0658741$ & $0.118413$ & $-0.0376149$ & $0.0269$ & $0.00637457$ & $0.0126017$ & $0.0301518$ & $0.0221348$ & $0.0205914$ & $-0.0181743$ & $0.0315467$ & $-0.0441883$ & $-0.0376338$ & $-0.0933947$ & $-0.158369$ & $-0.150178$ & $-0.0740792$ & $-0.0189588$ & $-0.0238946$ & $-0.0462653$ & $-0.0117646$ & $-0.0109688$ & $1$ & $-0.116752$ & $0.024072$ & $-0.572541$ & $0.315415$ & $0.00223948$ & $-0.00213957$ & $-0.0265391$ & $-0.0306386$ & $0.0269598$ & $-0.0251931$ & $0.177703$ & $0.0110213$ & $-0.0290939$ & $-0.00583728$ & $0.00206216$ & $0.031185$ & $0.0131403$ & $-0.0107327$ & $-0.0164583$ & $0.00287607$ & $-0.0302581$ & $0.0608602$ & $-0.0478696$ & $-0.0599281$ & $0.00770179$ & $0.0347968$ \\
CHQ1_33 & $-0.109794$ & $-0.146475$ & $0.0547192$ & $-0.0551532$ & $0.00212966$ & $-0.140093$ & $-0.121808$ & $-0.63685$ & $-0.633038$ & $0.365109$ & $0.220972$ & $0.157561$ & $0.159314$ & $0.439889$ & $0.0131553$ & $0.0135495$ & $0.759085$ & $0.75082$ & $0.753195$ & $-0.190776$ & $-0.261448$ & $-0.260989$ & $-0.116752$ & $1$ & $0.775457$ & $0.176659$ & $-0.404402$ & $-0.0454342$ & $0.0280485$ & $0.108251$ & $0.116468$ & $-0.113121$ & $0.12028$ & $-0.611959$ & $0.00798066$ & $0.0875281$ & $-0.0153808$ & $0.00770053$ & $-0.0352143$ & $-0.0484286$ & $0.0296204$ & $0.0249811$ & $-0.0539075$ & $0.0605994$ & $-0.0645101$ & $0.108821$ & $0.119877$ & $-0.000600843$ & $-0.0568303$ \\
CHQ3_11 & $-0.0477818$ & $0.0303765$ & $0.0032049$ & $0.00739117$ & $-0.000386238$ & $-0.211609$ & $-0.109118$ & $-0.403198$ & $-0.401551$ & $0.238607$ & $-0.0448769$ & $0.0811251$ & $0.144214$ & $0.602776$ & $-0.0628534$ & $-0.0554329$ & $0.868226$ & $0.875455$ & $0.875278$ & $0.0513227$ & $0.0320913$ & $0.0293973$ & $0.024072$ & $0.775457$ & $1$ & $-0.0226908$ & $0.071857$ & $0.00626808$ & $0.0310757$ & $0.104207$ & $0.0848854$ & $-0.110568$ & $0.131863$ & $-0.287555$ & $-0.00988417$ & $0.0287985$ & $-0.0467623$ & $0.0138516$ & $0.0196125$ & $-0.0158975$ & $-0.0114806$ & $0.0222536$ & $-0.0194116$ & $0.00531135$ & $-0.0226706$ & $0.0681522$ & $0.000380204$ & $-0.00411012$ & $0.0192461$ \\
CHu_11 & $-0.0720597$ & $-0.0828574$ & $0.0566801$ & $-0.0330328$ & $-0.00188126$ & $0.090761$ & $0.0443427$ & $-0.608912$ & $-0.600772$ & $0.354881$ & $0.68721$ & $0.0616713$ & $-0.0573168$ & $-0.441998$ & $-0.37444$ & $-0.375937$ & $-0.156648$ & $-0.00879003$ & $-0.00473684$ & $-0.681119$ & $-0.688778$ & $-0.680479$ & $-0.572541$ & $0.176659$ & $-0.0226908$ & $1$ & $-0.192593$ & $-0.307717$ & $-0.00747106$ & $-0.0550565$ & $-0.0213034$ & $0.0524759$ & $-0.071027$ & $-0.262269$ & $0.0132017$ & $0.0247415$ & $0.0147539$ & $0.00166076$ & $-0.0479735$ & $0.0103106$ & $-0.00123046$ & $0.0134582$ & $-0.0160514$ & $0.0563731$ & $-0.0402341$ & $0.0766782$ & $0.0474923$ & $0.0101806$ & $-0.0526545$ \\
CHd_11 & $0.164885$ & $0.365175$ & $-0.105715$ & $0.132805$ & $-0.00186592$ & $-0.0292914$ & $0.0954567$ & $0.394659$ & $0.391917$ & $-0.210973$ & $-0.265538$ & $-0.179036$ & $-0.118437$ & $-0.0564365$ & $-0.273266$ & $-0.258058$ & $-0.160061$ & $-0.0728023$ & $-0.0793083$ & $0.217839$ & $0.326042$ & $0.324544$ & $0.315415$ & $-0.404402$ & $0.071857$ & $-0.192593$ & $1$ & $0.132574$ & $-0.0127653$ & $-0.08166$ & $-0.115932$ & $0.078414$ & $-0.0599054$ & $0.668097$ & $-0.0268613$ & $-0.130816$ & $-0.0466253$ & $0.00753175$ & $0.101369$ & $0.0828686$ & $-0.0936139$ & $-0.0178085$ & $0.0790325$ & $-0.117412$ & $0.102204$ & $-0.0925939$ & $-0.266385$ & $0.0181449$ & $0.147456$ \\
CHd_33 & $0.0513464$ & $0.0411604$ & $-0.0290792$ & $0.019658$ & $-0.0104446$ & $-0.0570044$ & $-0.0145519$ & $0.393531$ & $0.389488$ & $-0.226986$ & $-0.437691$ & $-0.0481692$ & $0.0246634$ & $0.275971$ & $0.238325$ & $0.242107$ & $0.0866173$ & $-0.0049041$ & $-0.00921928$ & $0.43381$ & $0.438395$ & $0.432629$ & $0.00223948$ & $-0.0454342$ & $0.00626808$ & $-0.307717$ & $0.132574$ & $1$ & $0.00369189$ & $0.0265877$ & $0.006139$ & $-0.0176639$ & $0.0402839$ & $0.169933$ & $-0.00628554$ & $-0.0404132$ & $-0.0170131$ & $-0.00470344$ & $0.0210774$ & $0.0116236$ & $0.000827859$ & $0.000605482$ & $0.037529$ & $-0.049933$ & $-0.00559561$ & $-0.0242835$ & $-0.041498$ & $0.000460947$ & $0.0408433$ \\
CeH_22r & $-0.0232034$ & $-0.0439304$ & $0.0347981$ & $-0.0289608$ & $-0.00138651$ & $-0.00611354$ & $-0.14073$ & $-0.00859601$ & $0.000506974$ & $-0.0330102$ & $-0.0090212$ & $0.184093$ & $0.201546$ & $0.0287103$ & $0.00589462$ & $0.00669744$ & $0.0341479$ & $0.0315558$ & $0.0306657$ & $0.00903421$ & $0.00784486$ & $0.00674792$ & $-0.00213957$ & $0.0280485$ & $0.0310757$ & $-0.00747106$ & $-0.0127653$ & $0.00369189$ & $1$ & $0.168032$ & $0.118692$ & $-0.133178$ & $0.180428$ & $-0.0138044$ & $0.0419691$ & $-0.0424915$ & $-0.0084111$ & $-0.00164341$ & $-0.0630993$ & $-0.00237526$ & $0.0207211$ & $-0.000102703$ & $0.0374582$ & $0.00392103$ & $-0.0353587$ & $0.0307168$ & $0.0528895$ & $0.00514419$ & $0.0136302$ \\
CeH_33r & $-0.0198779$ & $-0.0619757$ & $0.0483216$ & $-0.0410539$ & $-0.00352193$ & $-0.0400342$ & $-0.61374$ & $-0.00738846$ & $0.0138671$ & $-0.195455$ & $-0.0698822$ & $0.681589$ & $0.737954$ & $0.136501$ & $0.0534549$ & $0.0653153$ & $0.146503$ & $0.123668$ & $0.115768$ & $0.0721116$ & $0.0632699$ & $0.0623985$ & $-0.0265391$ & $0.108251$ & $0.104207$ & $-0.0550565$ & $-0.08166$ & $0.0265877$ & $0.168032$ & $1$ & $0.54108$ & $-0.483471$ & $0.862759$ & $-0.0506205$ & $0.0943727$ & $-0.0772154$ & $-0.0602175$ & $-0.0475457$ & $-0.114394$ & $0.00705218$ & $0.108446$ & $-0.018139$ & $0.0556193$ & $0.0745063$ & $-0.0131236$ & $0.0461226$ & $0.113665$ & $-0.0276814$ & $0.0743049$ \\
CuH_22r & $-0.0606623$ & $-0.150662$ & $0.0652314$ & $-0.117828$ & $-0.00271794$ & $-0.0187591$ & $-0.408277$ & $-0.045475$ & $-0.0322635$ & $-0.118125$ & $-0.0196804$ & $0.455805$ & $0.491313$ & $0.0994802$ & $0.0399594$ & $0.0512908$ & $0.118887$ & $0.105491$ & $0.0971819$ & $0.0233729$ & $0.0106279$ & $0.0105552$ & $-0.0306386$ & $0.116468$ & $0.0848854$ & $-0.0213034$ & $-0.115932$ & $0.006139$ & $0.118692$ & $0.54108$ & $1$ & $-0.312453$ & $0.573248$ & $-0.0824859$ & $0.129626$ & $-0.023073$ & $-0.0377731$ & $-0.0380026$ & $-0.0917811$ & $-0.00491313$ & $0.10698$ & $-0.000603911$ & $-0.00495711$ & $0.0921648$ & $-0.0192473$ & $0.067383$ & $0.281543$ & $-0.0650051$ & $0.00716765$ \\
CuH_33r & $0.0465627$ & $0.0795608$ & $-0.0455848$ & $0.0512397$ & $0.00266892$ & $0.0419273$ & $0.959059$ & $0.00825139$ & $0.0205921$ & $0.175714$ & $0.0705417$ & $-0.607134$ & $-0.720376$ & $-0.139419$ & $-0.0609896$ & $-0.0617654$ & $-0.151572$ & $-0.122915$ & $-0.122523$ & $-0.0722696$ & $-0.0638776$ & $-0.0625406$ & $0.0269598$ & $-0.113121$ & $-0.110568$ & $0.0524759$ & $0.078414$ & $-0.0176639$ & $-0.133178$ & $-0.483471$ & $-0.312453$ & $1$ & $-0.497789$ & $0.0572826$ & $-0.104742$ & $0.1272$ & $0.0027305$ & $0.0156922$ & $0.140445$ & $-0.00263989$ & $-0.126188$ & $0.0127589$ & $-0.0858485$ & $-0.065862$ & $0.0413779$ & $-0.00740938$ & $-0.116363$ & $0.011048$ & $-0.0286238$ \\
CdH_33r & $0.0584723$ & $-0.0151019$ & $-0.0130755$ & $0.0133357$ & $-4.47453e-05$ & $-0.048662$ & $-0.646298$ & $0.00305767$ & $0.0253488$ & $-0.226642$ & $-0.0951328$ & $0.706378$ & $0.771421$ & $0.167517$ & $0.0576517$ & $0.0696975$ & $0.174921$ & $0.150085$ & $0.141617$ & $0.0964503$ & $0.089076$ & $0.0871839$ & $-0.0251931$ & $0.12028$ & $0.131863$ & $-0.071027$ & $-0.0599054$ & $0.0402839$ & $0.180428$ & $0.862759$ & $0.573248$ & $-0.497789$ & $1$ & $-0.0409716$ & $0.0809486$ & $-0.092922$ & $-0.162902$ & $-0.0628301$ & $-0.070837$ & $0.032595$ & $0.148973$ & $-0.0281207$ & $0.0541946$ & $0.0711453$ & $-0.0222735$ & $0.0548864$ & $0.065814$ & $0.0184888$ & $0.251776$ \\
CLL_1221 & $0.132329$ & $0.271095$ & $-0.0773761$ & $0.0865752$ & $-0.0023201$ & $-0.0585607$ & $0.0677885$ & $0.525362$ & $0.521332$ & $-0.303816$ & $-0.319226$ & $-0.147483$ & $-0.0855279$ & $-0.172132$ & $-0.450809$ & $0.00738141$ & $-0.26321$ & $-0.0846079$ & $-0.390338$ & $0.266755$ & $0.384281$ & $0.385107$ & $0.177703$ & $-0.611959$ & $-0.287555$ & $-0.262269$ & $0.668097$ & $0.169933$ & $-0.0138044$ & $-0.0506205$ & $-0.0824859$ & $0.0572826$ & $-0.0409716$ & $1$ & $-0.00711239$ & $-0.0979056$ & $-0.0173097$ & $-0.000890308$ & $0.0753415$ & $0.0470431$ & $-0.0509632$ & $-0.017915$ & $0.063239$ & $-0.0718604$ & $0.0719824$ & $-0.0925868$ & $-0.191108$ & $-0.0103325$ & $0.10848$ \\
eHggint & $0.0160558$ & $0.0317793$ & $-0.146996$ & $-0.45669$ & $0.00376266$ & $0.0395482$ & $-0.140448$ & $-0.0373004$ & $-0.0317593$ & $0.00203608$ & $0.0421564$ & $0.202211$ & $0.169164$ & $-0.0273893$ & $-0.0314886$ & $-0.0118694$ & $-0.01201$ & $0.00380944$ & $-0.00884927$ & $-0.0418111$ & $-0.0425355$ & $-0.0416562$ & $0.0110213$ & $0.00798066$ & $-0.00988417$ & $0.0132017$ & $-0.0268613$ & $-0.00628554$ & $0.0419691$ & $0.0943727$ & $0.129626$ & $-0.104742$ & $0.0809486$ & $-0.00711239$ & $1$ & $-0.0805966$ & $0.0877192$ & $-0.0436896$ & $-0.149492$ & $0.0138074$ & $0.127403$ & $0.0377394$ & $0.239851$ & $-0.104057$ & $-0.112986$ & $-0.0238405$ & $0.301892$ & $-0.0761991$ & $-0.0842346$ \\
eHggpar & $0.214746$ & $-0.178113$ & $0.17838$ & $0.0146783$ & $0.0137261$ & $-0.00155697$ & $0.106578$ & $-0.0842647$ & $-0.108158$ & $0.0947535$ & $0.047193$ & $-0.0424374$ & $-0.100677$ & $0.0339369$ & $0.0055921$ & $0.0118089$ & $0.0580581$ & $0.0646938$ & $0.0608323$ & $-0.0426837$ & $-0.0560953$ & $-0.0554045$ & $-0.0290939$ & $0.0875281$ & $0.0287985$ & $0.0247415$ & $-0.130816$ & $-0.0404132$ & $-0.0424915$ & $-0.0772154$ & $-0.023073$ & $0.1272$ & $-0.092922$ & $-0.0979056$ & $-0.0805966$ & $1$ & $-0.346472$ & $-0.0200113$ & $0.395625$ & $-0.0748333$ & $-0.111986$ & $0.0754636$ & $-0.487001$ & $0.184901$ & $-0.0913858$ & $-0.0480966$ & $-0.0290262$ & $-0.103215$ & $-0.107126$ \\
eHWWint & $-0.351748$ & $-0.0420055$ & $0.0644291$ & $-0.0446658$ & $0.0126143$ & $0.00156226$ & $0.0248626$ & $-0.000789021$ & $0.00339483$ & $-0.0161636$ & $0.024684$ & $-0.0608163$ & $-0.00921814$ & $-0.0426858$ & $0.0154515$ & $0.0108237$ & $-0.044089$ & $-0.0524246$ & $-0.0501021$ & $-0.0220822$ & $-0.0256425$ & $-0.0254808$ & $-0.00583728$ & $-0.0153808$ & $-0.0467623$ & $0.0147539$ & $-0.0466253$ & $-0.0170131$ & $-0.0084111$ & $-0.0602175$ & $-0.0377731$ & $0.0027305$ & $-0.162902$ & $-0.0173097$ & $0.0877192$ & $-0.346472$ & $1$ & $0.10711$ & $-0.31331$ & $-0.031181$ & $0.0336562$ & $-0.0261556$ & $0.136252$ & $-0.0826616$ & $0.290054$ & $-0.0913026$ & $0.105572$ & $-0.0381089$ & $-0.42391$ \\
eHWWpar & $-0.0112461$ & $0.0125366$ & $0.00396841$ & $0.00798492$ & $0.000325863$ & $-0.00208501$ & $0.0267218$ & $-0.00172754$ & $-0.00277493$ & $0.0121396$ & $-0.00391865$ & $-0.0425672$ & $-0.0299047$ & $0.00828552$ & $0.000769894$ & $-0.00090557$ & $0.0116989$ & $0.0101577$ & $0.0119076$ & $0.00413131$ & $0.00408436$ & $0.00464339$ & $0.00206216$ & $0.00770053$ & $0.0138516$ & $0.00166076$ & $0.00753175$ & $-0.00470344$ & $-0.00164341$ & $-0.0475457$ & $-0.0380026$ & $0.0156922$ & $-0.0628301$ & $-0.000890308$ & $-0.0436896$ & $-0.0200113$ & $0.10711$ & $1$ & $-0.049709$ & $-0.00282589$ & $-0.027673$ & $-0.000218424$ & $0.0321684$ & $-0.022107$ & $0.0343108$ & $-0.00461833$ & $-0.0625871$ & $-0.0129731$ & $-0.0662963$ \\
eHZZint & $0.400197$ & $0.168148$ & $-0.412303$ & $0.171805$ & $0.00867941$ & $-0.00220214$ & $0.141174$ & $0.048524$ & $0.0265872$ & $0.0174055$ & $-0.0570666$ & $-0.169451$ & $-0.17966$ & $0.036403$ & $-0.0226609$ & $-0.014821$ & $0.0172422$ & $0.0280156$ & $0.0235606$ & $0.051655$ & $0.0626176$ & $0.0619132$ & $0.031185$ & $-0.0352143$ & $0.0196125$ & $-0.0479735$ & $0.101369$ & $0.0210774$ & $-0.0630993$ & $-0.114394$ & $-0.0917811$ & $0.140445$ & $-0.070837$ & $0.0753415$ & $-0.149492$ & $0.395625$ & $-0.31331$ & $-0.049709$ & $1$ & $-0.0252931$ & $-0.0535151$ & $0.0797679$ & $-0.39694$ & $-0.0243151$ & $0.151226$ & $-0.205622$ & $-0.143208$ & $-0.208197$ & $0.306442$ \\
eHZZpar & $0.0336762$ & $0.0707157$ & $-0.0570851$ & $0.0129919$ & $-0.00708686$ & $-0.00955734$ & $-0.00743592$ & $0.0249305$ & $0.0250502$ & $-0.0217931$ & $-0.000770316$ & $0.00369185$ & $0.00665531$ & $-0.0389694$ & $-0.019147$ & $-0.0320089$ & $-0.0370464$ & $-0.0376875$ & $-0.0283108$ & $-0.00256986$ & $0.00592659$ & $0.00596849$ & $0.0131403$ & $-0.0484286$ & $-0.0158975$ & $0.0103106$ & $0.0828686$ & $0.0116236$ & $-0.00237526$ & $0.00705218$ & $-0.00491313$ & $-0.00263989$ & $0.032595$ & $0.0470431$ & $0.0138074$ & $-0.0748333$ & $-0.031181$ & $-0.00282589$ & $-0.0252931$ & $1$ & $0.00568064$ & $-0.0324124$ & $0.0198951$ & $0.0669086$ & $0.0555113$ & $-0.0521952$ & $-0.0277434$ & $0.0187693$ & $0.121621$ \\
eHZgaint & $0.115905$ & $-0.11521$ & $-0.022173$ & $-0.135177$ & $0.0172313$ & $0.0208762$ & $-0.132533$ & $-0.0304992$ & $-0.0445253$ & $-0.0412404$ & $0.0167853$ & $0.114867$ & $0.134617$ & $0.0138098$ & $0.0162847$ & $0.0265762$ & $0.0180883$ & $0.0167648$ & $0.00975467$ & $-0.0147186$ & $-0.0231539$ & $-0.02328$ & $-0.0107327$ & $0.0296204$ & $-0.0114806$ & $-0.00123046$ & $-0.0936139$ & $0.000827859$ & $0.0207211$ & $0.108446$ & $0.10698$ & $-0.126188$ & $0.148973$ & $-0.0509632$ & $0.127403$ & $-0.111986$ & $0.0336562$ & $-0.027673$ & $-0.0535151$ & $0.00568064$ & $1$ & $0.0494224$ & $-0.328738$ & $0.171697$ & $0.181691$ & $-0.129924$ & $0.216108$ & $0.101189$ & $0.235903$ \\
eHZgapar & $-0.0395443$ & $-0.00380726$ & $-0.0562354$ & $0.00391922$ & $0.0129928$ & $-0.00241631$ & $0.0137781$ & $-0.0179991$ & $-0.0192036$ & $0.00523656$ & $0.00539823$ & $-0.0174157$ & $-0.0151077$ & $0.0194144$ & $-0.00202049$ & $-0.00519427$ & $0.0204622$ & $0.0243776$ & $0.0267878$ & $-0.00494297$ & $-0.00603665$ & $-0.00627601$ & $-0.0164583$ & $0.0249811$ & $0.0222536$ & $0.0134582$ & $-0.0178085$ & $0.000605482$ & $-0.000102703$ & $-0.018139$ & $-0.000603911$ & $0.0127589$ & $-0.0281207$ & $-0.017915$ & $0.0377394$ & $0.0754636$ & $-0.0261556$ & $-0.000218424$ & $0.0797679$ & $-0.0324124$ & $0.0494224$ & $1$ & $-0.012412$ & $0.0322878$ & $-0.0335365$ & $-0.00580415$ & $0.0483215$ & $-0.150944$ & $-0.0115478$ \\
eHgagaint & $-0.186076$ & $0.127471$ & $-0.00260999$ & $-0.0168643$ & $-0.0259983$ & $0.00339718$ & $-0.0846171$ & $0.0644877$ & $0.109653$ & $-0.0508209$ & $-0.0416308$ & $0.0861657$ & $0.105299$ & $-0.0101364$ & $0.00476731$ & $0.00890154$ & $-0.0390373$ & $-0.0417621$ & $-0.0441712$ & $0.0399554$ & $0.0472945$ & $0.0466431$ & $0.00287607$ & $-0.0539075$ & $-0.0194116$ & $-0.0160514$ & $0.0790325$ & $0.037529$ & $0.0374582$ & $0.0556193$ & $-0.00495711$ & $-0.0858485$ & $0.0541946$ & $0.063239$ & $0.239851$ & $-0.487001$ & $0.136252$ & $0.0321684$ & $-0.39694$ & $0.0198951$ & $-0.328738$ & $-0.012412$ & $1$ & $-0.362338$ & $-0.310819$ & $0.0906593$ & $-0.170096$ & $0.143735$ & $-0.111284$ \\
eHmumuint & $-0.111292$ & $-0.0951051$ & $0.272713$ & $-0.0810546$ & $0.0115506$ & $0.0308212$ & $-0.0763105$ & $-0.0893435$ & $-0.103393$ & $0.0450223$ & $0.0779457$ & $0.102837$ & $0.0865914$ & $-0.0161724$ & $-0.0220253$ & $0.000664864$ & $0.0159462$ & $0.0307326$ & $0.0163435$ & $-0.0736827$ & $-0.0828863$ & $-0.0809328$ & $-0.0302581$ & $0.0605994$ & $0.00531135$ & $0.0563731$ & $-0.117412$ & $-0.049933$ & $0.00392103$ & $0.0745063$ & $0.0921648$ & $-0.065862$ & $0.0711453$ & $-0.0718604$ & $-0.104057$ & $0.184901$ & $-0.0826616$ & $-0.022107$ & $-0.0243151$ & $0.0669086$ & $0.171697$ & $0.0322878$ & $-0.362338$ & $1$ & $0.140611$ & $-0.0378284$ & $0.270434$ & $-0.0515622$ & $0.00218304$ \\
eHtautauint & $0.260326$ & $0.231179$ & $-0.28827$ & $0.313398$ & $0.0168984$ & $0.0242872$ & $0.0473429$ & $0.0394965$ & $0.0255567$ & $-0.00822477$ & $-0.0196154$ & $-0.0617263$ & $-0.0437263$ & $-0.0169428$ & $-0.0297384$ & $-0.0392545$ & $-0.0371043$ & $-0.0261382$ & $-0.0182748$ & $0.0137529$ & $0.0266433$ & $0.0285742$ & $0.0608602$ & $-0.0645101$ & $-0.0226706$ & $-0.0402341$ & $0.102204$ & $-0.00559561$ & $-0.0353587$ & $-0.0131236$ & $-0.0192473$ & $0.0413779$ & $-0.0222735$ & $0.0719824$ & $-0.112986$ & $-0.0913858$ & $0.290054$ & $0.0343108$ & $0.151226$ & $0.0555113$ & $0.181691$ & $-0.0335365$ & $-0.310819$ & $0.140611$ & $1$ & $-0.36876$ & $0.0433396$ & $-0.121323$ & $0.142967$ \\
eHccint & $-0.321588$ & $-0.25372$ & $0.255994$ & $-0.266359$ & $-0.00990151$ & $-0.0103444$ & $-0.018284$ & $-0.103184$ & $-0.0938828$ & $0.0607168$ & $0.0736145$ & $0.0449795$ & $0.0648919$ & $0.00423342$ & $-0.0145937$ & $-0.018715$ & $0.059265$ & $0.0629041$ & $0.0653212$ & $-0.0694953$ & $-0.0797777$ & $-0.0777158$ & $-0.0478696$ & $0.108821$ & $0.0681522$ & $0.0766782$ & $-0.0925939$ & $-0.0242835$ & $0.0307168$ & $0.0461226$ & $0.067383$ & $-0.00740938$ & $0.0548864$ & $-0.0925868$ & $-0.0238405$ & $-0.0480966$ & $-0.0913026$ & $-0.00461833$ & $-0.205622$ & $-0.0521952$ & $-0.129924$ & $-0.00580415$ & $0.0906593$ & $-0.0378284$ & $-0.36876$ & $1$ & $0.0409167$ & $0.0125182$ & $-0.0305335$ \\
eHccpar & $-0.249786$ & $-0.470435$ & $0.112211$ & $-0.365724$ & $-0.00208574$ & $0.013955$ & $-0.134681$ & $-0.113881$ & $-0.119477$ & $0.0300305$ & $0.0816086$ & $0.219138$ & $0.178528$ & $0.0102567$ & $0.0652367$ & $0.0659234$ & $0.0466153$ & $0.0256367$ & $0.0250211$ & $-0.0723133$ & $-0.101572$ & $-0.100323$ & $-0.0599281$ & $0.119877$ & $0.000380204$ & $0.0474923$ & $-0.266385$ & $-0.041498$ & $0.0528895$ & $0.113665$ & $0.281543$ & $-0.116363$ & $0.065814$ & $-0.191108$ & $0.301892$ & $-0.0290262$ & $0.105572$ & $-0.0625871$ & $-0.143208$ & $-0.0277434$ & $0.216108$ & $0.0483215$ & $-0.170096$ & $0.270434$ & $0.0433396$ & $0.0409167$ & $1$ & $-0.29879$ & $-0.161383$ \\
eHbbint & $0.213392$ & $-0.0165933$ & $0.208927$ & $-0.0852341$ & $-0.00303254$ & $-0.000919117$ & $0.020702$ & $-0.00894873$ & $-0.00154577$ & $0.00766597$ & $0.0125148$ & $-0.0556952$ & $-0.0419549$ & $-0.00993216$ & $-0.00100155$ & $-0.021568$ & $-0.00784424$ & $-0.00829443$ & $0.00512539$ & $-0.0124045$ & $-0.0123223$ & $-0.0130378$ & $0.00770179$ & $-0.000600843$ & $-0.00411012$ & $0.0101806$ & $0.0181449$ & $0.000460947$ & $0.00514419$ & $-0.0276814$ & $-0.0650051$ & $0.011048$ & $0.0184888$ & $-0.0103325$ & $-0.0761991$ & $-0.103215$ & $-0.0381089$ & $-0.0129731$ & $-0.208197$ & $0.0187693$ & $0.101189$ & $-0.150944$ & $0.143735$ & $-0.0515622$ & $-0.121323$ & $0.0125182$ & $-0.29879$ & $1$ & $-0.0704383$ \\
eHbbpar & $0.368451$ & $0.270437$ & $-0.42865$ & $0.367633$ & $0.00275725$ & $-0.00302746$ & $-0.0379952$ & $0.0762732$ & $0.0724889$ & $-0.0543013$ & $-0.0786522$ & $0.019602$ & $0.03686$ & $0.0369159$ & $-0.0240925$ & $-0.00817389$ & $0.00740505$ & $0.0175044$ & $0.00749603$ & $0.0716336$ & $0.0866013$ & $0.085633$ & $0.0347968$ & $-0.0568303$ & $0.0192461$ & $-0.0526545$ & $0.147456$ & $0.0408433$ & $0.0136302$ & $0.0743049$ & $0.00716765$ & $-0.0286238$ & $0.251776$ & $0.10848$ & $-0.0842346$ & $-0.107126$ & $-0.42391$ & $-0.0662963$ & $0.306442$ & $0.121621$ & $0.235903$ & $-0.0115478$ & $-0.111284$ & $0.00218304$ & $0.142967$ & $-0.0305335$ & $-0.161383$ & $-0.0704383$ & $1$ \\
