 & AlsMz & dAle5Mz & mtop & mHl & Mz & CW & CHG & CHWB & CHWHB_gaga & CHWHB_gagaorth & CHD & CHbox & CH & CHL1_11 & CHL1_22 & CHL1_33 & CHL3_11 & CHL3_22 & CHL3_33 & CHe_11 & CHe_22 & CHe_33 & CHQ1_11 & CHQ1_33 & CHQ3_11 & CHu_11 & CHd_11 & CHd_33 & CeH_22r & CeH_33r & CuH_22r & CuH_33r & CdH_33r & CLL_1221 & eHggint & eHggpar & eHWWint & eHWWpar & eHZZint & eHZZpar & eHZgaint & eHZgapar & eHgagaint & eHmumuint & eHtautauint & eHccint & eHccpar & eHbbint & eHbbpar \\
AlsMz & $1$ & $0.122122$ & $0.311073$ & $0.324139$ & $0.00646028$ & $-0.0307553$ & $0.0252803$ & $0.0817319$ & $0.0752856$ & $-0.0848613$ & $-0.0763373$ & $-0.0906904$ & $-0.0111466$ & $0.0151205$ & $0.0684738$ & $0.0486632$ & $-0.00218857$ & $-0.0433316$ & $-0.0303175$ & $0.075947$ & $0.0765733$ & $0.0658571$ & $0.00145604$ & $-0.0527566$ & $-0.0719802$ & $-0.0672608$ & $0.000453573$ & $0.0332243$ & $-0.00235611$ & $0.0162741$ & $0.00342175$ & $0.0321891$ & $-0.0160878$ & $0.025245$ & $-0.192043$ & $0.290471$ & $0.191308$ & $0.0487342$ & $-0.170524$ & $-0.18787$ & $0.254195$ & $-0.00594302$ & $-0.161605$ & $-0.427897$ & $0.108803$ & $-0.0310118$ & $0.206059$ & $-0.427563$ & $0.0782434$ \\
dAle5Mz & $0.122122$ & $1$ & $0.0276647$ & $-0.132218$ & $-0.0168054$ & $-0.0157748$ & $-0.0412682$ & $-0.00826086$ & $-0.0141312$ & $-0.0491824$ & $-0.0268923$ & $-0.0867133$ & $0.0234309$ & $0.0343615$ & $-0.0218474$ & $-0.0293903$ & $0.0802672$ & $0.0697139$ & $0.07691$ & $0.0280572$ & $0.0394585$ & $0.0373974$ & $0.0136433$ & $0.0201213$ & $0.0599341$ & $-0.0187032$ & $0.0348471$ & $0.0594499$ & $-0.0122054$ & $0.00551475$ & $0.0414317$ & $-0.0554885$ & $0.0135856$ & $0.052834$ & $-0.325249$ & $-0.119181$ & $0.406196$ & $0.160366$ & $0.161681$ & $0.0824667$ & $0.188443$ & $0.00508751$ & $-0.127449$ & $-0.0755668$ & $0.164449$ & $-0.263913$ & $0.231455$ & $-0.227989$ & $0.13062$ \\
mtop & $0.311073$ & $0.0276647$ & $1$ & $0.0544978$ & $-0.0810144$ & $-0.0190881$ & $0.0310211$ & $0.0671232$ & $0.0614257$ & $-0.0328359$ & $-0.0371145$ & $0.0531829$ & $-0.103239$ & $-0.0312501$ & $0.0141438$ & $0.0443227$ & $-0.0422364$ & $-0.0576321$ & $-0.0736065$ & $0.0364964$ & $0.0397917$ & $0.0374022$ & $0.0642981$ & $-0.0582587$ & $-0.0455763$ & $-0.0562567$ & $0.0732206$ & $0.0458104$ & $-0.0468631$ & $-0.0690484$ & $-0.0391294$ & $0.014313$ & $-0.0927101$ & $0.0589665$ & $-0.129586$ & $0.136099$ & $-0.0312407$ & $0.033655$ & $0.29211$ & $-0.142181$ & $-0.0843016$ & $-0.168709$ & $-0.0684484$ & $-0.248918$ & $0.132731$ & $-0.0373459$ & $-0.0886238$ & $-0.271207$ & $0.0495391$ \\
mHl & $0.324139$ & $-0.132218$ & $0.0544978$ & $1$ & $-0.0220212$ & $-0.00277879$ & $-0.0103088$ & $0.060669$ & $0.0617602$ & $-0.0350126$ & $-0.0801913$ & $-0.0442312$ & $-0.00168171$ & $0.0819201$ & $0.0782692$ & $0.0933021$ & $0.0172006$ & $0.00597251$ & $-0.0038449$ & $0.0834958$ & $0.0740178$ & $0.0702499$ & $-0.0352253$ & $0.0251412$ & $-0.0200329$ & $-0.0638683$ & $-0.0559868$ & $0.0552777$ & $0.00383008$ & $-0.0081641$ & $0.00186541$ & $-0.0188971$ & $-0.095499$ & $-0.0304362$ & $-0.069461$ & $0.196454$ & $-0.186916$ & $0.172216$ & $-0.030918$ & $-0.198393$ & $-0.0486191$ & $-0.0466034$ & $0.194535$ & $-0.369907$ & $0.192874$ & $0.0930634$ & $0.0617139$ & $-0.274327$ & $-0.41806$ \\
Mz & $0.00646028$ & $-0.0168054$ & $-0.0810144$ & $-0.0220212$ & $1$ & $-0.0130239$ & $-0.0123495$ & $0.0415274$ & $0.0395194$ & $-0.08042$ & $-0.0402641$ & $-0.00999953$ & $0.0528002$ & $0.0332241$ & $0.0526391$ & $0.0324144$ & $0.00536702$ & $-0.0141797$ & $-0.00227817$ & $0.0470066$ & $0.0454045$ & $0.0502133$ & $-0.0199939$ & $-0.021959$ & $-0.0253836$ & $-0.0345117$ & $-0.0395432$ & $0.00818703$ & $0.0123961$ & $0.0549714$ & $0.0447879$ & $-0.00314669$ & $0.0669966$ & $-0.0131873$ & $0.044673$ & $0.000153473$ & $0.0238028$ & $0.0368455$ & $-0.1207$ & $0.0413366$ & $-0.0486961$ & $-0.0546173$ & $-0.0545988$ & $0.00863385$ & $-0.0346988$ & $0.0456043$ & $0.0361664$ & $-0.00779828$ & $0.0509025$ \\
CW & $-0.0307553$ & $-0.0157748$ & $-0.0190881$ & $-0.00277879$ & $-0.0130239$ & $1$ & $-0.00720876$ & $-0.033755$ & $-0.0338864$ & $0.039505$ & $0.141614$ & $0.0674136$ & $-0.0169517$ & $-0.0211252$ & $-0.0953985$ & $-0.0791063$ & $-0.374178$ & $-0.160681$ & $-0.168085$ & $-0.139569$ & $-0.143284$ & $-0.138351$ & $0.0341732$ & $-0.131964$ & $-0.198978$ & $0.0745508$ & $-0.0360398$ & $-0.0744527$ & $-0.0154665$ & $-0.019261$ & $2.02996e-06$ & $-9.16401e-05$ & $-0.0138439$ & $-0.0848458$ & $0.0607461$ & $0.030468$ & $-0.0135966$ & $0.0222489$ & $0.014599$ & $-0.00932906$ & $-0.0349569$ & $0.0475337$ & $-0.0182889$ & $0.0245374$ & $-0.0385154$ & $0.00933467$ & $-0.0511112$ & $0.028573$ & $-0.0139768$ \\
CHG & $0.0252803$ & $-0.0412682$ & $0.0310211$ & $-0.0103088$ & $-0.0123495$ & $-0.00720876$ & $1$ & $-0.0301219$ & $-0.00738664$ & $0.164421$ & $0.089186$ & $-0.0933558$ & $-0.777972$ & $-0.141153$ & $-0.040548$ & $-0.00810931$ & $-0.100529$ & $-0.100446$ & $-0.12129$ & $-0.088686$ & $-0.0893937$ & $-0.0897631$ & $0.0526605$ & $-0.054969$ & $-0.0983642$ & $0.0288225$ & $-0.000580761$ & $0.0172998$ & $-0.121816$ & $-0.587088$ & $-0.366147$ & $0.956838$ & $-0.619801$ & $0.0179191$ & $0.113678$ & $-0.161858$ & $-0.00833293$ & $-0.0479246$ & $0.187527$ & $-0.0037824$ & $-0.00180275$ & $0.0796693$ & $0.127877$ & $0.139494$ & $0.0353635$ & $-0.0266914$ & $-0.108963$ & $0.00438446$ & $0.0248078$ \\
CHWB & $0.0817319$ & $-0.00826086$ & $0.0671232$ & $0.060669$ & $0.0415274$ & $-0.033755$ & $-0.0301219$ & $1$ & $0.990358$ & $-0.590736$ & $-0.872665$ & $-0.288063$ & $0.0454581$ & $0.298508$ & $0.461082$ & $0.477269$ & $-0.203945$ & $-0.363371$ & $-0.38234$ & $0.859061$ & $0.885982$ & $0.87649$ & $0.0253072$ & $-0.614728$ & $-0.34692$ & $-0.610866$ & $0.390145$ & $0.386259$ & $-0.0294433$ & $0.0497207$ & $0.0169509$ & $-0.0472966$ & $0.03959$ & $0.519889$ & $-0.0516519$ & $0.0149197$ & $-0.108688$ & $0.0599897$ & $0.00805929$ & $-0.0158064$ & $-0.00136041$ & $0.0265306$ & $-0.0497484$ & $-0.11296$ & $-0.00320168$ & $-0.00865837$ & $0.000733564$ & $-0.101066$ & $-0.0219478$ \\
CHWHB_gaga & $0.0752856$ & $-0.0141312$ & $0.0614257$ & $0.0617602$ & $0.0395194$ & $-0.0338864$ & $-0.00738664$ & $0.990358$ & $1$ & $-0.584349$ & $-0.8615$ & $-0.271919$ & $0.0513614$ & $0.290016$ & $0.456011$ & $0.474139$ & $-0.207159$ & $-0.364936$ & $-0.384836$ & $0.848062$ & $0.874505$ & $0.865532$ & $0.0222884$ & $-0.612636$ & $-0.350642$ & $-0.602463$ & $0.382217$ & $0.381285$ & $-0.0215516$ & $0.0683072$ & $0.031516$ & $-0.0272835$ & $0.0588549$ & $0.515526$ & $-0.0609013$ & $0.000769$ & $-0.119573$ & $0.0497395$ & $0.0077563$ & $-0.00989024$ & $-0.00332973$ & $0.028193$ & $-0.0194478$ & $-0.113353$ & $0.00601227$ & $-0.0188554$ & $0.00296383$ & $-0.104302$ & $-0.0227751$ \\
CHWHB_gagaorth & $-0.0848613$ & $-0.0491824$ & $-0.0328359$ & $-0.0350126$ & $-0.08042$ & $0.039505$ & $0.164421$ & $-0.590736$ & $-0.584349$ & $1$ & $0.511725$ & $0.463133$ & $-0.227163$ & $-0.168467$ & $-0.285506$ & $-0.296982$ & $0.132927$ & $0.229902$ & $0.239399$ & $-0.507589$ & $-0.518634$ & $-0.515817$ & $0.00115399$ & $0.376364$ & $0.218083$ & $0.359543$ & $-0.21225$ & $-0.209138$ & $-0.00499572$ & $-0.18154$ & $-0.124918$ & $0.192122$ & $-0.204892$ & $-0.29373$ & $0.123757$ & $-0.00965158$ & $0.0609503$ & $-0.0760333$ & $0.0324175$ & $0.0142278$ & $-0.0454731$ & $0.00260008$ & $0.0196921$ & $0.115306$ & $-0.0246686$ & $0.0614598$ & $-0.0664524$ & $0.128023$ & $0.00229859$ \\
CHD & $-0.0763373$ & $-0.0268923$ & $-0.0371145$ & $-0.0801913$ & $-0.0402641$ & $0.141614$ & $0.089186$ & $-0.872665$ & $-0.8615$ & $0.511725$ & $1$ & $0.343869$ & $-0.112065$ & $-0.689571$ & $-0.572488$ & $-0.584971$ & $-0.271117$ & $-0.0696195$ & $-0.0496939$ & $-0.995477$ & $-0.995475$ & $-0.984144$ & $0.0309121$ & $0.192338$ & $-0.0914656$ & $0.690799$ & $-0.247075$ & $-0.444629$ & $-0.00172328$ & $-0.101041$ & $-0.0619395$ & $0.113845$ & $-0.103844$ & $-0.311084$ & $0.107861$ & $-0.0267631$ & $0.089796$ & $-0.0795927$ & $0.0128915$ & $0.000254567$ & $-0.0241079$ & $-0.027518$ & $0.0523175$ & $0.144556$ & $0.00810796$ & $0.0154369$ & $-0.0642878$ & $0.125955$ & $0.0206814$ \\
CHbox & $-0.0906904$ & $-0.0867133$ & $0.0531829$ & $-0.0442312$ & $-0.00999953$ & $0.0674136$ & $-0.0933558$ & $-0.288063$ & $-0.271919$ & $0.463133$ & $0.343869$ & $1$ & $0.153601$ & $-0.256837$ & $-0.153238$ & $-0.146791$ & $-0.1263$ & $-0.0688087$ & $-0.067162$ & $-0.335091$ & $-0.348908$ & $-0.341902$ & $-0.00329307$ & $0.0514292$ & $-0.0895803$ & $0.234782$ & $-0.154368$ & $-0.163672$ & $0.0733934$ & $0.193697$ & $0.0552946$ & $-0.0208993$ & $0.216174$ & $-0.141553$ & $0.110758$ & $0.0356791$ & $0.0379398$ & $-0.118611$ & $-0.0159146$ & $-0.039781$ & $-0.149331$ & $-0.106994$ & $-0.0363466$ & $0.0853528$ & $-0.051054$ & $0.0403328$ & $-0.104947$ & $0.0936438$ & $0.0589305$ \\
CH & $-0.0111466$ & $0.0234309$ & $-0.103239$ & $-0.00168171$ & $0.0528002$ & $-0.0169517$ & $-0.777972$ & $0.0454581$ & $0.0513614$ & $-0.227163$ & $-0.112065$ & $0.153601$ & $1$ & $0.165618$ & $0.0377553$ & $0.0147017$ & $0.117939$ & $0.121849$ & $0.13978$ & $0.110576$ & $0.113004$ & $0.116733$ & $-0.0564484$ & $0.0612786$ & $0.116217$ & $-0.0383189$ & $0.0182869$ & $0.000340042$ & $0.194804$ & $0.729272$ & $0.465062$ & $-0.70212$ & $0.763501$ & $0.000301591$ & $-0.142857$ & $0.105518$ & $-0.0192983$ & $0.0280407$ & $-0.265383$ & $0.0518328$ & $0.0441598$ & $-0.0887233$ & $-0.0801841$ & $-0.200927$ & $-0.0223163$ & $0.00110997$ & $0.112569$ & $-0.0260905$ & $0.00181251$ \\
CHL1_11 & $0.0151205$ & $0.0343615$ & $-0.0312501$ & $0.0819201$ & $0.0332241$ & $-0.0211252$ & $-0.141153$ & $0.298508$ & $0.290016$ & $-0.168467$ & $-0.689571$ & $-0.256837$ & $0.165618$ & $1$ & $0.416026$ & $0.426448$ & $0.641648$ & $0.611857$ & $0.595158$ & $0.697276$ & $0.663535$ & $0.655343$ & $-0.0985663$ & $0.440147$ & $0.600809$ & $-0.463027$ & $-0.0727064$ & $0.304647$ & $0.0350778$ & $0.133486$ & $0.10431$ & $-0.16218$ & $0.151788$ & $-0.163881$ & $-0.109175$ & $0.0362597$ & $-0.0592956$ & $0.0755145$ & $-0.0464527$ & $0.0205102$ & $0.0331918$ & $0.0311554$ & $-0.0326396$ & $-0.121388$ & $-0.0262719$ & $0.00245525$ & $0.105625$ & $-0.0894485$ & $-0.0233134$ \\
CHL1_22 & $0.0684738$ & $-0.0218474$ & $0.0141438$ & $0.0782692$ & $0.0526391$ & $-0.0953985$ & $-0.040548$ & $0.461082$ & $0.456011$ & $-0.285506$ & $-0.572488$ & $-0.153238$ & $0.0377553$ & $0.416026$ & $1$ & $0.541864$ & $0.179197$ & $-0.285924$ & $0.0126468$ & $0.613384$ & $0.518736$ & $0.510021$ & $-0.141823$ & $0.0472696$ & $-0.0625495$ & $-0.388033$ & $-0.312567$ & $0.232642$ & $-0.0231643$ & $0.0443269$ & $0.0164332$ & $-0.0543177$ & $0.0506199$ & $-0.478767$ & $-0.0431736$ & $0.0291838$ & $-0.038017$ & $0.0548752$ & $0.0285208$ & $-0.00983526$ & $-0.00379438$ & $0.0265004$ & $-0.0528588$ & $-0.0920318$ & $-0.00792025$ & $0.0149217$ & $0.0371276$ & $-0.0463057$ & $-0.0157182$ \\
CHL1_33 & $0.0486632$ & $-0.0293903$ & $0.0443227$ & $0.0933021$ & $0.0324144$ & $-0.0791063$ & $-0.00810931$ & $0.477269$ & $0.474139$ & $-0.296982$ & $-0.584971$ & $-0.146791$ & $0.0147017$ & $0.426448$ & $0.541864$ & $1$ & $0.16459$ & $0.0182807$ & $-0.286943$ & $0.625186$ & $0.533682$ & $0.543432$ & $-0.142131$ & $0.0230392$ & $-0.0592221$ & $-0.407838$ & $-0.295867$ & $0.22761$ & $-0.0117144$ & $0.0138807$ & $0.0126307$ & $-0.0319008$ & $0.0170759$ & $-0.0239266$ & $-0.0610842$ & $0.00493696$ & $-0.0758525$ & $-0.00264838$ & $0.0602532$ & $-0.0399203$ & $-0.0123141$ & $0.0083094$ & $-0.0216772$ & $-0.104067$ & $0.0155674$ & $-0.0181445$ & $0.0209851$ & $-0.0616942$ & $-0.0282684$ \\
CHL3_11 & $-0.00218857$ & $0.0802672$ & $-0.0422364$ & $0.0172006$ & $0.00536702$ & $-0.374178$ & $-0.100529$ & $-0.203945$ & $-0.207159$ & $0.132927$ & $-0.271117$ & $-0.1263$ & $0.117939$ & $0.641648$ & $0.179197$ & $0.16459$ & $1$ & $0.825452$ & $0.828448$ & $0.278396$ & $0.249456$ & $0.245004$ & $-0.0752025$ & $0.759244$ & $0.855147$ & $-0.176294$ & $-0.161814$ & $0.134511$ & $0.0647297$ & $0.0898759$ & $0.079347$ & $-0.116578$ & $0.116717$ & $-0.246591$ & $-0.117294$ & $0.0242919$ & $0.0587659$ & $0.0330056$ & $-0.0412054$ & $0.0337706$ & $0.0599038$ & $-0.0143249$ & $-0.0112569$ & $-0.0563676$ & $-0.00385902$ & $-0.0265911$ & $0.130067$ & $-0.0578944$ & $0.0211122$ \\
CHL3_22 & $-0.0433316$ & $0.0697139$ & $-0.0576321$ & $0.00597251$ & $-0.0141797$ & $-0.160681$ & $-0.100446$ & $-0.363371$ & $-0.364936$ & $0.229902$ & $-0.0696195$ & $-0.0688087$ & $0.121849$ & $0.611857$ & $-0.285924$ & $0.0182807$ & $0.825452$ & $1$ & $0.790681$ & $0.065132$ & $0.0657731$ & $0.0670764$ & $-0.0307621$ & $0.736149$ & $0.869616$ & $-0.0395777$ & $-0.0606568$ & $0.0455931$ & $0.0722276$ & $0.0862974$ & $0.0862744$ & $-0.110915$ & $0.10755$ & $-0.0544074$ & $-0.0939812$ & $0.0107263$ & $0.0353076$ & $0.0147616$ & $-0.0582058$ & $0.0331486$ & $0.0495255$ & $-0.010568$ & $0.0186416$ & $-0.0289157$ & $-0.00831514$ & $-0.0208874$ & $0.103551$ & $-0.0354098$ & $0.00587651$ \\
CHL3_33 & $-0.0303175$ & $0.07691$ & $-0.0736065$ & $-0.0038449$ & $-0.00227817$ & $-0.168085$ & $-0.12129$ & $-0.38234$ & $-0.384836$ & $0.239399$ & $-0.0496939$ & $-0.067162$ & $0.13978$ & $0.595158$ & $0.0126468$ & $-0.286943$ & $0.828448$ & $0.790681$ & $1$ & $0.0452506$ & $0.0455038$ & $0.0460568$ & $-0.0289723$ & $0.750368$ & $0.867282$ & $-0.0175829$ & $-0.0650734$ & $0.0451751$ & $0.0614209$ & $0.108897$ & $0.0923152$ & $-0.123308$ & $0.13229$ & $-0.362229$ & $-0.0810155$ & $0.0283922$ & $0.064421$ & $0.0531353$ & $-0.0761409$ & $0.0501335$ & $0.0600224$ & $-0.000968694$ & $-0.0064139$ & $-0.0216828$ & $-0.0217738$ & $0.00374567$ & $0.11116$ & $-0.0274175$ & $0.0121219$ \\
CHe_11 & $0.075947$ & $0.0280572$ & $0.0364964$ & $0.0834958$ & $0.0470066$ & $-0.139569$ & $-0.088686$ & $0.859061$ & $0.848062$ & $-0.507589$ & $-0.995477$ & $-0.335091$ & $0.110576$ & $0.697276$ & $0.613384$ & $0.625186$ & $0.278396$ & $0.065132$ & $0.0452506$ & $1$ & $0.986216$ & $0.97534$ & $-0.0445843$ & $-0.164828$ & $0.0907688$ & $-0.688204$ & $0.194802$ & $0.438901$ & $0.000987396$ & $0.100556$ & $0.0613637$ & $-0.113333$ & $0.103165$ & $0.25792$ & $-0.110608$ & $0.025139$ & $-0.0871872$ & $0.0807551$ & $-0.00734599$ & $-0.00132989$ & $0.0217173$ & $0.0276484$ & $-0.0516299$ & $-0.14464$ & $-0.00779531$ & $-0.0150566$ & $0.0634755$ & $-0.122485$ & $-0.0239064$ \\
CHe_22 & $0.0765733$ & $0.0394585$ & $0.0397917$ & $0.0740178$ & $0.0454045$ & $-0.143284$ & $-0.0893937$ & $0.885982$ & $0.874505$ & $-0.518634$ & $-0.995475$ & $-0.348908$ & $0.113004$ & $0.663535$ & $0.518736$ & $0.533682$ & $0.249456$ & $0.0657731$ & $0.0455038$ & $0.986216$ & $1$ & $0.986676$ & $-0.014635$ & $-0.232466$ & $0.0817326$ & $-0.688397$ & $0.306851$ & $0.446162$ & $0.00108645$ & $0.101336$ & $0.0622286$ & $-0.113362$ & $0.103103$ & $0.375578$ & $-0.110539$ & $0.0267751$ & $-0.0862405$ & $0.0828914$ & $-0.0146449$ & $0.00112954$ & $0.027908$ & $0.0269734$ & $-0.0538435$ & $-0.143517$ & $-0.00634724$ & $-0.0178118$ & $0.0669105$ & $-0.130862$ & $-0.016794$ \\
CHe_33 & $0.0658571$ & $0.0373974$ & $0.0374022$ & $0.0702499$ & $0.0502133$ & $-0.138351$ & $-0.0897631$ & $0.87649$ & $0.865532$ & $-0.515817$ & $-0.984144$ & $-0.341902$ & $0.116733$ & $0.655343$ & $0.510021$ & $0.543432$ & $0.245004$ & $0.0670764$ & $0.0460568$ & $0.97534$ & $0.986676$ & $1$ & $-0.00946089$ & $-0.230632$ & $0.0823907$ & $-0.683847$ & $0.30587$ & $0.441386$ & $0.00554047$ & $0.100922$ & $0.0652122$ & $-0.114208$ & $0.104386$ & $0.375744$ & $-0.104489$ & $0.0193899$ & $-0.0842056$ & $0.0807363$ & $-0.0124575$ & $0.00309855$ & $0.0264074$ & $0.0210193$ & $-0.0571323$ & $-0.138078$ & $-0.00490539$ & $-0.0147962$ & $0.0590019$ & $-0.123073$ & $-0.0190149$ \\
CHQ1_11 & $0.00145604$ & $0.0136433$ & $0.0642981$ & $-0.0352253$ & $-0.0199939$ & $0.0341732$ & $0.0526605$ & $0.0253072$ & $0.0222884$ & $0.00115399$ & $0.0309121$ & $-0.00329307$ & $-0.0564484$ & $-0.0985663$ & $-0.141823$ & $-0.142131$ & $-0.0752025$ & $-0.0307621$ & $-0.0289723$ & $-0.0445843$ & $-0.014635$ & $-0.00946089$ & $1$ & $-0.119982$ & $0.0421967$ & $-0.560487$ & $0.317771$ & $0.00654281$ & $-0.0193511$ & $-0.0690939$ & $-0.062553$ & $0.0409341$ & $-0.0774591$ & $0.165364$ & $0.0450016$ & $-0.0442403$ & $0.0607813$ & $-0.0224625$ & $0.00448179$ & $0.012713$ & $0.00731432$ & $-0.0266192$ & $-0.0261707$ & $0.0285171$ & $-0.0120867$ & $0.0335558$ & $-0.0595868$ & $0.0141188$ & $-0.034895$ \\
CHQ1_33 & $-0.0527566$ & $0.0201213$ & $-0.0582587$ & $0.0251412$ & $-0.021959$ & $-0.131964$ & $-0.054969$ & $-0.614728$ & $-0.612636$ & $0.376364$ & $0.192338$ & $0.0514292$ & $0.0612786$ & $0.440147$ & $0.0472696$ & $0.0230392$ & $0.759244$ & $0.736149$ & $0.750368$ & $-0.164828$ & $-0.232466$ & $-0.230632$ & $-0.119982$ & $1$ & $0.74978$ & $0.150028$ & $-0.411451$ & $-0.00657307$ & $0.0478665$ & $0.0370752$ & $0.0464974$ & $-0.0573841$ & $0.0569422$ & $-0.60808$ & $-0.0542944$ & $0.0280977$ & $0.0444301$ & $0.00504521$ & $-0.0147168$ & $0.00918976$ & $0.0211109$ & $-0.000305078$ & $0.0265948$ & $-0.00648229$ & $-0.00261043$ & $0.00140205$ & $0.0841413$ & $0.00962767$ & $-0.012503$ \\
CHQ3_11 & $-0.0719802$ & $0.0599341$ & $-0.0455763$ & $-0.0200329$ & $-0.0253836$ & $-0.198978$ & $-0.0983642$ & $-0.34692$ & $-0.350642$ & $0.218083$ & $-0.0914656$ & $-0.0895803$ & $0.116217$ & $0.600809$ & $-0.0625495$ & $-0.0592221$ & $0.855147$ & $0.869616$ & $0.867282$ & $0.0907688$ & $0.0817326$ & $0.0823907$ & $0.0421967$ & $0.74978$ & $1$ & $-0.0506574$ & $0.116659$ & $0.0571783$ & $0.0505463$ & $0.0781012$ & $0.0812853$ & $-0.107155$ & $0.107456$ & $-0.232431$ & $-0.0828329$ & $0.00840252$ & $0.0546621$ & $0.024629$ & $-0.0459173$ & $0.0506218$ & $0.0461779$ & $0.00184303$ & $0.00845166$ & $-0.0124064$ & $-0.0198787$ & $-0.0206253$ & $0.089384$ & $-0.0153542$ & $0.0144827$ \\
CHu_11 & $-0.0672608$ & $-0.0187032$ & $-0.0562567$ & $-0.0638683$ & $-0.0345117$ & $0.0745508$ & $0.0288225$ & $-0.610866$ & $-0.602463$ & $0.359543$ & $0.690799$ & $0.234782$ & $-0.0383189$ & $-0.463027$ & $-0.388033$ & $-0.407838$ & $-0.176294$ & $-0.0395777$ & $-0.0175829$ & $-0.688204$ & $-0.688397$ & $-0.683847$ & $-0.560487$ & $0.150028$ & $-0.0506574$ & $1$ & $-0.153676$ & $-0.323347$ & $-0.00635121$ & $-0.0302902$ & $-0.0087696$ & $0.0554616$ & $-0.0272053$ & $-0.233754$ & $0.0496575$ & $0.00367741$ & $0.0354994$ & $-0.0436222$ & $0.00175898$ & $0.0109829$ & $-0.00940502$ & $0.00844719$ & $0.0534753$ & $0.113583$ & $0.000941701$ & $-0.016685$ & $-0.0293808$ & $0.0955288$ & $0.0445795$ \\
CHd_11 & $0.000453573$ & $0.0348471$ & $0.0732206$ & $-0.0559868$ & $-0.0395432$ & $-0.0360398$ & $-0.000580761$ & $0.390145$ & $0.382217$ & $-0.21225$ & $-0.247075$ & $-0.154368$ & $0.0182869$ & $-0.0727064$ & $-0.312567$ & $-0.295867$ & $-0.161814$ & $-0.0606568$ & $-0.0650734$ & $0.194802$ & $0.306851$ & $0.30587$ & $0.317771$ & $-0.411451$ & $0.116659$ & $-0.153676$ & $1$ & $0.12886$ & $-0.0274087$ & $0.00243556$ & $0.0041153$ & $-0.000224122$ & $0.000715153$ & $0.681518$ & $-0.0189324$ & $-0.00207789$ & $-0.00424768$ & $0.0248622$ & $-0.0242035$ & $0.023585$ & $0.025039$ & $0.0161281$ & $-0.0113124$ & $-0.00342349$ & $-0.00978618$ & $-0.0279805$ & $-0.0282773$ & $-0.0415384$ & $0.0121492$ \\
CHd_33 & $0.0332243$ & $0.0594499$ & $0.0458104$ & $0.0552777$ & $0.00818703$ & $-0.0744527$ & $0.0172998$ & $0.386259$ & $0.381285$ & $-0.209138$ & $-0.444629$ & $-0.163672$ & $0.000340042$ & $0.304647$ & $0.232642$ & $0.22761$ & $0.134511$ & $0.0455931$ & $0.0451751$ & $0.438901$ & $0.446162$ & $0.441386$ & $0.00654281$ & $-0.00657307$ & $0.0571783$ & $-0.323347$ & $0.12886$ & $1$ & $-0.0148495$ & $0.0192307$ & $-0.000672529$ & $0.00953605$ & $-0.00175254$ & $0.164456$ & $-0.0476322$ & $0.0219628$ & $-0.0465776$ & $0.0477012$ & $0.00977989$ & $-0.00967101$ & $0.0395741$ & $0.0338397$ & $-0.00986312$ & $-0.0511974$ & $0.0313318$ & $-0.0282647$ & $0.0101346$ & $-0.0827938$ & $-0.0513562$ \\
CeH_22r & $-0.00235611$ & $-0.0122054$ & $-0.0468631$ & $0.00383008$ & $0.0123961$ & $-0.0154665$ & $-0.121816$ & $-0.0294433$ & $-0.0215516$ & $-0.00499572$ & $-0.00172328$ & $0.0733934$ & $0.194804$ & $0.0350778$ & $-0.0231643$ & $-0.0117144$ & $0.0647297$ & $0.0722276$ & $0.0614209$ & $0.000987396$ & $0.00108645$ & $0.00554047$ & $-0.0193511$ & $0.0478665$ & $0.0505463$ & $-0.00635121$ & $-0.0274087$ & $-0.0148495$ & $1$ & $0.158661$ & $0.0894061$ & $-0.115658$ & $0.167463$ & $-0.00096607$ & $-0.00648958$ & $-0.0180587$ & $0.0178744$ & $-0.0106832$ & $-0.071921$ & $0.0225183$ & $-0.028337$ & $-0.0232464$ & $0.00537734$ & $-0.0105988$ & $-0.00401239$ & $0.0143394$ & $0.00497115$ & $0.0130802$ & $-0.00130792$ \\
CeH_33r & $0.0162741$ & $0.00551475$ & $-0.0690484$ & $-0.0081641$ & $0.0549714$ & $-0.019261$ & $-0.587088$ & $0.0497207$ & $0.0683072$ & $-0.18154$ & $-0.101041$ & $0.193697$ & $0.729272$ & $0.133486$ & $0.0443269$ & $0.0138807$ & $0.0898759$ & $0.0862974$ & $0.108897$ & $0.100556$ & $0.101336$ & $0.100922$ & $-0.0690939$ & $0.0370752$ & $0.0781012$ & $-0.0302902$ & $0.00243556$ & $0.0192307$ & $0.158661$ & $1$ & $0.528727$ & $-0.452065$ & $0.856097$ & $-0.0018444$ & $-0.12051$ & $0.0802417$ & $-0.0382899$ & $-0.0129119$ & $-0.195959$ & $0.0242869$ & $0.0536261$ & $-0.0793556$ & $-0.0271694$ & $-0.162265$ & $-0.00315278$ & $-0.00783257$ & $0.0814375$ & $-0.0414576$ & $0.020739$ \\
CuH_22r & $0.00342175$ & $0.0414317$ & $-0.0391294$ & $0.00186541$ & $0.0447879$ & $2.02996e-06$ & $-0.366147$ & $0.0169509$ & $0.031516$ & $-0.124918$ & $-0.0619395$ & $0.0552946$ & $0.465062$ & $0.10431$ & $0.0164332$ & $0.0126307$ & $0.079347$ & $0.0862744$ & $0.0923152$ & $0.0613637$ & $0.0622286$ & $0.0652122$ & $-0.062553$ & $0.0464974$ & $0.0812853$ & $-0.0087696$ & $0.0041153$ & $-0.000672529$ & $0.0894061$ & $0.528727$ & $1$ & $-0.275055$ & $0.581834$ & $-0.00266152$ & $-0.105546$ & $0.0656187$ & $-0.0409969$ & $0.0394172$ & $-0.125899$ & $0.0365897$ & $0.0509536$ & $-0.0484897$ & $-0.00725515$ & $-0.164773$ & $0.0488049$ & $0.00023837$ & $0.182274$ & $-0.0652071$ & $0.0295508$ \\
CuH_33r & $0.0321891$ & $-0.0554885$ & $0.014313$ & $-0.0188971$ & $-0.00314669$ & $-9.16401e-05$ & $0.956838$ & $-0.0472966$ & $-0.0272835$ & $0.192122$ & $0.113845$ & $-0.0208993$ & $-0.70212$ & $-0.16218$ & $-0.0543177$ & $-0.0319008$ & $-0.116578$ & $-0.110915$ & $-0.123308$ & $-0.113333$ & $-0.113362$ & $-0.114208$ & $0.0409341$ & $-0.0573841$ & $-0.107155$ & $0.0554616$ & $-0.000224122$ & $0.00953605$ & $-0.115658$ & $-0.452065$ & $-0.275055$ & $1$ & $-0.466063$ & $0.0113914$ & $0.12609$ & $-0.152932$ & $-0.0131567$ & $-0.0620417$ & $0.159656$ & $0.00629373$ & $0.00847964$ & $0.0796506$ & $0.123721$ & $0.123147$ & $0.0325501$ & $-0.0165338$ & $-0.116563$ & $0.0163445$ & $0.0454926$ \\
CdH_33r & $-0.0160878$ & $0.0135856$ & $-0.0927101$ & $-0.095499$ & $0.0669966$ & $-0.0138439$ & $-0.619801$ & $0.03959$ & $0.0588549$ & $-0.204892$ & $-0.103844$ & $0.216174$ & $0.763501$ & $0.151788$ & $0.0506199$ & $0.0170759$ & $0.116717$ & $0.10755$ & $0.13229$ & $0.103165$ & $0.103103$ & $0.104386$ & $-0.0774591$ & $0.0569422$ & $0.107456$ & $-0.0272053$ & $0.000715153$ & $-0.00175254$ & $0.167463$ & $0.856097$ & $0.581834$ & $-0.466063$ & $1$ & $-0.0142128$ & $-0.0835467$ & $0.0795484$ & $-0.0467818$ & $-0.0185077$ & $-0.220493$ & $0.06296$ & $0.0276769$ & $-0.062355$ & $-0.0983347$ & $-0.164264$ & $-0.0663489$ & $-0.0139502$ & $0.126793$ & $0.0120274$ & $0.187815$ \\
CLL_1221 & $0.025245$ & $0.052834$ & $0.0589665$ & $-0.0304362$ & $-0.0131873$ & $-0.0848458$ & $0.0179191$ & $0.519889$ & $0.515526$ & $-0.29373$ & $-0.311084$ & $-0.141553$ & $0.000301591$ & $-0.163881$ & $-0.478767$ & $-0.0239266$ & $-0.246591$ & $-0.0544074$ & $-0.362229$ & $0.25792$ & $0.375578$ & $0.375744$ & $0.165364$ & $-0.60808$ & $-0.232431$ & $-0.233754$ & $0.681518$ & $0.164456$ & $-0.00096607$ & $-0.0018444$ & $-0.00266152$ & $0.0113914$ & $-0.0142128$ & $1$ & $-0.0301437$ & $-0.0159092$ & $-0.0333523$ & $0.00329996$ & $-0.012419$ & $-0.00164607$ & $0.0183477$ & $-0.0130075$ & $-0.00531722$ & $-0.0222051$ & $0.0153759$ & $-0.0415199$ & $-0.0161618$ & $-0.0653318$ & $0.0113014$ \\
eHggint & $-0.192043$ & $-0.325249$ & $-0.129586$ & $-0.069461$ & $0.044673$ & $0.0607461$ & $0.113678$ & $-0.0516519$ & $-0.0609013$ & $0.123757$ & $0.107861$ & $0.110758$ & $-0.142857$ & $-0.109175$ & $-0.0431736$ & $-0.0610842$ & $-0.117294$ & $-0.0939812$ & $-0.0810155$ & $-0.110608$ & $-0.110539$ & $-0.104489$ & $0.0450016$ & $-0.0542944$ & $-0.0828329$ & $0.0496575$ & $-0.0189324$ & $-0.0476322$ & $-0.00648958$ & $-0.12051$ & $-0.105546$ & $0.12609$ & $-0.0835467$ & $-0.0301437$ & $1$ & $-0.183665$ & $-0.0548216$ & $-0.0983677$ & $-0.298384$ & $-0.0693523$ & $-0.344463$ & $0.0144517$ & $-0.277958$ & $0.128948$ & $-0.147462$ & $0.293424$ & $-0.352725$ & $0.353335$ & $0.0576836$ \\
eHggpar & $0.290471$ & $-0.119181$ & $0.136099$ & $0.196454$ & $0.000153473$ & $0.030468$ & $-0.161858$ & $0.0149197$ & $0.000769$ & $-0.00965158$ & $-0.0267631$ & $0.0356791$ & $0.105518$ & $0.0362597$ & $0.0291838$ & $0.00493696$ & $0.0242919$ & $0.0107263$ & $0.0283922$ & $0.025139$ & $0.0267751$ & $0.0193899$ & $-0.0442403$ & $0.0280977$ & $0.00840252$ & $0.00367741$ & $-0.00207789$ & $0.0219628$ & $-0.0180587$ & $0.0802417$ & $0.0656187$ & $-0.152932$ & $0.0795484$ & $-0.0159092$ & $-0.183665$ & $1$ & $0.0107965$ & $0.0576044$ & $-0.00269792$ & $-0.168783$ & $0.156675$ & $-0.0617991$ & $-0.328655$ & $-0.244772$ & $-0.0873477$ & $0.12745$ & $0.306041$ & $-0.110462$ & $0.0692447$ \\
eHWWint & $0.191308$ & $0.406196$ & $-0.0312407$ & $-0.186916$ & $0.0238028$ & $-0.0135966$ & $-0.00833293$ & $-0.108688$ & $-0.119573$ & $0.0609503$ & $0.089796$ & $0.0379398$ & $-0.0192983$ & $-0.0592956$ & $-0.038017$ & $-0.0758525$ & $0.0587659$ & $0.0353076$ & $0.064421$ & $-0.0871872$ & $-0.0862405$ & $-0.0842056$ & $0.0607813$ & $0.0444301$ & $0.0546621$ & $0.0354994$ & $-0.00424768$ & $-0.0465776$ & $0.0178744$ & $-0.0382899$ & $-0.0409969$ & $-0.0131567$ & $-0.0467818$ & $-0.0333523$ & $-0.0548216$ & $0.0107965$ & $1$ & $0.0436167$ & $-0.123694$ & $0.0563001$ & $0.402596$ & $-0.121427$ & $-0.130928$ & $0.132247$ & $-0.088321$ & $0.182958$ & $-0.0176735$ & $0.169172$ & $-0.000214122$ \\
eHWWpar & $0.0487342$ & $0.160366$ & $0.033655$ & $0.172216$ & $0.0368455$ & $0.0222489$ & $-0.0479246$ & $0.0599897$ & $0.0497395$ & $-0.0760333$ & $-0.0795927$ & $-0.118611$ & $0.0280407$ & $0.0755145$ & $0.0548752$ & $-0.00264838$ & $0.0330056$ & $0.0147616$ & $0.0531353$ & $0.0807551$ & $0.0828914$ & $0.0807363$ & $-0.0224625$ & $0.00504521$ & $0.024629$ & $-0.0436222$ & $0.0248622$ & $0.0477012$ & $-0.0106832$ & $-0.0129119$ & $0.0394172$ & $-0.0620417$ & $-0.0185077$ & $0.00329996$ & $-0.0983677$ & $0.0576044$ & $0.0436167$ & $1$ & $0.0228148$ & $0.013021$ & $0.0146541$ & $-0.00687579$ & $-0.132098$ & $-0.280109$ & $-0.00252279$ & $-0.044607$ & $0.0922078$ & $-0.0905007$ & $-0.0886893$ \\
eHZZint & $-0.170524$ & $0.161681$ & $0.29211$ & $-0.030918$ & $-0.1207$ & $0.014599$ & $0.187527$ & $0.00805929$ & $0.0077563$ & $0.0324175$ & $0.0128915$ & $-0.0159146$ & $-0.265383$ & $-0.0464527$ & $0.0285208$ & $0.0602532$ & $-0.0412054$ & $-0.0582058$ & $-0.0761409$ & $-0.00734599$ & $-0.0146449$ & $-0.0124575$ & $0.00448179$ & $-0.0147168$ & $-0.0459173$ & $0.00175898$ & $-0.0242035$ & $0.00977989$ & $-0.071921$ & $-0.195959$ & $-0.125899$ & $0.159656$ & $-0.220493$ & $-0.012419$ & $-0.298384$ & $-0.00269792$ & $-0.123694$ & $0.0228148$ & $1$ & $-0.0780043$ & $-0.218026$ & $0.0452729$ & $-0.0321493$ & $-0.0545079$ & $0.220943$ & $-0.136833$ & $-0.148935$ & $0.051842$ & $-0.104177$ \\
eHZZpar & $-0.18787$ & $0.0824667$ & $-0.142181$ & $-0.198393$ & $0.0413366$ & $-0.00932906$ & $-0.0037824$ & $-0.0158064$ & $-0.00989024$ & $0.0142278$ & $0.000254567$ & $-0.039781$ & $0.0518328$ & $0.0205102$ & $-0.00983526$ & $-0.0399203$ & $0.0337706$ & $0.0331486$ & $0.0501335$ & $-0.00132989$ & $0.00112954$ & $0.00309855$ & $0.012713$ & $0.00918976$ & $0.0506218$ & $0.0109829$ & $0.023585$ & $-0.00967101$ & $0.0225183$ & $0.0242869$ & $0.0365897$ & $0.00629373$ & $0.06296$ & $-0.00164607$ & $-0.0693523$ & $-0.168783$ & $0.0563001$ & $0.013021$ & $-0.0780043$ & $1$ & $-0.0322191$ & $0.110161$ & $0.0658072$ & $0.0970548$ & $-0.0309112$ & $-0.132847$ & $0.119985$ & $-0.0446216$ & $0.120521$ \\
eHZgaint & $0.254195$ & $0.188443$ & $-0.0843016$ & $-0.0486191$ & $-0.0486961$ & $-0.0349569$ & $-0.00180275$ & $-0.00136041$ & $-0.00332973$ & $-0.0454731$ & $-0.0241079$ & $-0.149331$ & $0.0441598$ & $0.0331918$ & $-0.00379438$ & $-0.0123141$ & $0.0599038$ & $0.0495255$ & $0.0600224$ & $0.0217173$ & $0.027908$ & $0.0264074$ & $0.00731432$ & $0.0211109$ & $0.0461779$ & $-0.00940502$ & $0.025039$ & $0.0395741$ & $-0.028337$ & $0.0536261$ & $0.0509536$ & $0.00847964$ & $0.0276769$ & $0.0183477$ & $-0.344463$ & $0.156675$ & $0.402596$ & $0.0146541$ & $-0.218026$ & $-0.0322191$ & $1$ & $0.00958094$ & $-0.0564522$ & $-0.102718$ & $0.0796039$ & $0.24557$ & $0.300018$ & $-0.146357$ & $-0.00888284$ \\
eHZgapar & $-0.00594302$ & $0.00508751$ & $-0.168709$ & $-0.0466034$ & $-0.0546173$ & $0.0475337$ & $0.0796693$ & $0.0265306$ & $0.028193$ & $0.00260008$ & $-0.027518$ & $-0.106994$ & $-0.0887233$ & $0.0311554$ & $0.0265004$ & $0.0083094$ & $-0.0143249$ & $-0.010568$ & $-0.000968694$ & $0.0276484$ & $0.0269734$ & $0.0210193$ & $-0.0266192$ & $-0.000305078$ & $0.00184303$ & $0.00844719$ & $0.0161281$ & $0.0338397$ & $-0.0232464$ & $-0.0793556$ & $-0.0484897$ & $0.0796506$ & $-0.062355$ & $-0.0130075$ & $0.0144517$ & $-0.0617991$ & $-0.121427$ & $-0.00687579$ & $0.0452729$ & $0.110161$ & $0.00958094$ & $1$ & $0.0970963$ & $0.0486859$ & $-0.0175127$ & $-0.0551754$ & $0.080508$ & $-0.00261443$ & $0.0519411$ \\
eHgagaint & $-0.161605$ & $-0.127449$ & $-0.0684484$ & $0.194535$ & $-0.0545988$ & $-0.0182889$ & $0.127877$ & $-0.0497484$ & $-0.0194478$ & $0.0196921$ & $0.0523175$ & $-0.0363466$ & $-0.0801841$ & $-0.0326396$ & $-0.0528588$ & $-0.0216772$ & $-0.0112569$ & $0.0186416$ & $-0.0064139$ & $-0.0516299$ & $-0.0538435$ & $-0.0571323$ & $-0.0261707$ & $0.0265948$ & $0.00845166$ & $0.0534753$ & $-0.0113124$ & $-0.00986312$ & $0.00537734$ & $-0.0271694$ & $-0.00725515$ & $0.123721$ & $-0.0983347$ & $-0.00531722$ & $-0.277958$ & $-0.328655$ & $-0.130928$ & $-0.132098$ & $-0.0321493$ & $0.0658072$ & $-0.0564522$ & $0.0970963$ & $1$ & $0.166163$ & $0.319267$ & $-0.296917$ & $0.0632006$ & $-0.0710301$ & $-0.293257$ \\
eHmumuint & $-0.427897$ & $-0.0755668$ & $-0.248918$ & $-0.369907$ & $0.00863385$ & $0.0245374$ & $0.139494$ & $-0.11296$ & $-0.113353$ & $0.115306$ & $0.144556$ & $0.0853528$ & $-0.200927$ & $-0.121388$ & $-0.0920318$ & $-0.104067$ & $-0.0563676$ & $-0.0289157$ & $-0.0216828$ & $-0.14464$ & $-0.143517$ & $-0.138078$ & $0.0285171$ & $-0.00648229$ & $-0.0124064$ & $0.113583$ & $-0.00342349$ & $-0.0511974$ & $-0.0105988$ & $-0.162265$ & $-0.164773$ & $0.123147$ & $-0.164264$ & $-0.0222051$ & $0.128948$ & $-0.244772$ & $0.132247$ & $-0.280109$ & $-0.0545079$ & $0.0970548$ & $-0.102718$ & $0.0486859$ & $0.166163$ & $1$ & $-0.298565$ & $-0.0122521$ & $-0.270161$ & $0.484079$ & $-0.0839449$ \\
eHtautauint & $0.108803$ & $0.164449$ & $0.132731$ & $0.192874$ & $-0.0346988$ & $-0.0385154$ & $0.0353635$ & $-0.00320168$ & $0.00601227$ & $-0.0246686$ & $0.00810796$ & $-0.051054$ & $-0.0223163$ & $-0.0262719$ & $-0.00792025$ & $0.0155674$ & $-0.00385902$ & $-0.00831514$ & $-0.0217738$ & $-0.00779531$ & $-0.00634724$ & $-0.00490539$ & $-0.0120867$ & $-0.00261043$ & $-0.0198787$ & $0.000941701$ & $-0.00978618$ & $0.0313318$ & $-0.00401239$ & $-0.00315278$ & $0.0488049$ & $0.0325501$ & $-0.0663489$ & $0.0153759$ & $-0.147462$ & $-0.0873477$ & $-0.088321$ & $-0.00252279$ & $0.220943$ & $-0.0309112$ & $0.0796039$ & $-0.0175127$ & $0.319267$ & $-0.298565$ & $1$ & $-0.215609$ & $0.300584$ & $-0.460995$ & $-0.162445$ \\
eHccint & $-0.0310118$ & $-0.263913$ & $-0.0373459$ & $0.0930634$ & $0.0456043$ & $0.00933467$ & $-0.0266914$ & $-0.00865837$ & $-0.0188554$ & $0.0614598$ & $0.0154369$ & $0.0403328$ & $0.00110997$ & $0.00245525$ & $0.0149217$ & $-0.0181445$ & $-0.0265911$ & $-0.0208874$ & $0.00374567$ & $-0.0150566$ & $-0.0178118$ & $-0.0147962$ & $0.0335558$ & $0.00140205$ & $-0.0206253$ & $-0.016685$ & $-0.0279805$ & $-0.0282647$ & $0.0143394$ & $-0.00783257$ & $0.00023837$ & $-0.0165338$ & $-0.0139502$ & $-0.0415199$ & $0.293424$ & $0.12745$ & $0.182958$ & $-0.044607$ & $-0.136833$ & $-0.132847$ & $0.24557$ & $-0.0551754$ & $-0.296917$ & $-0.0122521$ & $-0.215609$ & $1$ & $-0.108702$ & $0.390383$ & $-0.157972$ \\
eHccpar & $0.206059$ & $0.231455$ & $-0.0886238$ & $0.0617139$ & $0.0361664$ & $-0.0511112$ & $-0.108963$ & $0.000733564$ & $0.00296383$ & $-0.0664524$ & $-0.0642878$ & $-0.104947$ & $0.112569$ & $0.105625$ & $0.0371276$ & $0.0209851$ & $0.130067$ & $0.103551$ & $0.11116$ & $0.0634755$ & $0.0669105$ & $0.0590019$ & $-0.0595868$ & $0.0841413$ & $0.089384$ & $-0.0293808$ & $-0.0282773$ & $0.0101346$ & $0.00497115$ & $0.0814375$ & $0.182274$ & $-0.116563$ & $0.126793$ & $-0.0161618$ & $-0.352725$ & $0.306041$ & $-0.0176735$ & $0.0922078$ & $-0.148935$ & $0.119985$ & $0.300018$ & $0.080508$ & $0.0632006$ & $-0.270161$ & $0.300584$ & $-0.108702$ & $1$ & $-0.346449$ & $0.374262$ \\
eHbbint & $-0.427563$ & $-0.227989$ & $-0.271207$ & $-0.274327$ & $-0.00779828$ & $0.028573$ & $0.00438446$ & $-0.101066$ & $-0.104302$ & $0.128023$ & $0.125955$ & $0.0936438$ & $-0.0260905$ & $-0.0894485$ & $-0.0463057$ & $-0.0616942$ & $-0.0578944$ & $-0.0354098$ & $-0.0274175$ & $-0.122485$ & $-0.130862$ & $-0.123073$ & $0.0141188$ & $0.00962767$ & $-0.0153542$ & $0.0955288$ & $-0.0415384$ & $-0.0827938$ & $0.0130802$ & $-0.0414576$ & $-0.0652071$ & $0.0163445$ & $0.0120274$ & $-0.0653318$ & $0.353335$ & $-0.110462$ & $0.169172$ & $-0.0905007$ & $0.051842$ & $-0.0446216$ & $-0.146357$ & $-0.00261443$ & $-0.0710301$ & $0.484079$ & $-0.460995$ & $0.390383$ & $-0.346449$ & $1$ & $-0.114045$ \\
eHbbpar & $0.0782434$ & $0.13062$ & $0.0495391$ & $-0.41806$ & $0.0509025$ & $-0.0139768$ & $0.0248078$ & $-0.0219478$ & $-0.0227751$ & $0.00229859$ & $0.0206814$ & $0.0589305$ & $0.00181251$ & $-0.0233134$ & $-0.0157182$ & $-0.0282684$ & $0.0211122$ & $0.00587651$ & $0.0121219$ & $-0.0239064$ & $-0.016794$ & $-0.0190149$ & $-0.034895$ & $-0.012503$ & $0.0144827$ & $0.0445795$ & $0.0121492$ & $-0.0513562$ & $-0.00130792$ & $0.020739$ & $0.0295508$ & $0.0454926$ & $0.187815$ & $0.0113014$ & $0.0576836$ & $0.0692447$ & $-0.000214122$ & $-0.0886893$ & $-0.104177$ & $0.120521$ & $-0.00888284$ & $0.0519411$ & $-0.293257$ & $-0.0839449$ & $-0.162445$ & $-0.157972$ & $0.374262$ & $-0.114045$ & $1$ \\
