 & AlsMz & dAle5Mz & mtop & mHl & Mz & CW & CHG & CHWB & CHWHB_gaga & CHWHB_gagaorth & CHD & CHbox & CH & CHL1_11 & CHL1_22 & CHL1_33 & CHL3_11 & CHL3_22 & CHL3_33 & CHe_11 & CHe_22 & CHe_33 & CHQ1_11 & CHQ1_33 & CHQ3_11 & CHu_11 & CHd_11 & CHd_33 & CeH_22r & CeH_33r & CuH_22r & CuH_33r & CdH_33r & CLL_1221 & eHggint & eHggpar & eHWWint & eHWWpar & eHZZint & eHZZpar & eHZgaint & eHZgapar & eHgagaint & eHmumuint & eHtautauint & eHccint & eHccpar & eHbbint & eHbbpar \\
AlsMz & $1$ & $-0.168487$ & $0.0263339$ & $0.0691694$ & $-0.0549676$ & $-0.0134615$ & $-0.00134079$ & $-0.0157145$ & $-0.0216043$ & $0.00554332$ & $-0.00266923$ & $-0.0106754$ & $0.010654$ & $0.0136293$ & $0.00494516$ & $0.0429984$ & $0.0247534$ & $0.0251651$ & $-0.00103649$ & $-0.00294199$ & $-0.0101691$ & $-0.00418499$ & $-0.0123296$ & $0.00579938$ & $-0.0509713$ & $-0.0118006$ & $-0.0351824$ & $0.00815765$ & $0.015787$ & $0.0377309$ & $0.00139653$ & $0.00522338$ & $0.0578526$ & $-0.0231171$ & $-0.0569317$ & $-0.0870695$ & $0.0260505$ & $0.0196794$ & $-0.109405$ & $0.0303523$ & $0.10594$ & $-0.029842$ & $-0.0144806$ & $0.100791$ & $-0.0415488$ & $-0.162558$ & $0.0271734$ & $-0.0567981$ & $0.0604305$ \\
dAle5Mz & $-0.168487$ & $1$ & $-0.0131046$ & $-0.0512374$ & $0.00806547$ & $0.000482938$ & $-0.0248821$ & $-0.0609128$ & $-0.0699356$ & $0.0556343$ & $0.0418881$ & $0.0297007$ & $-0.00375271$ & $0.0101844$ & $-0.0379428$ & $-0.0345832$ & $0.0166965$ & $0.041929$ & $0.0378959$ & $-0.0241587$ & $-0.0199059$ & $-0.0216956$ & $-0.00135357$ & $0.0309799$ & $0.0467223$ & $0.0118324$ & $0.0118326$ & $0.00651217$ & $-0.0216568$ & $0.0306271$ & $0.0413772$ & $-0.0205749$ & $-0.0755994$ & $0.0231018$ & $0.109806$ & $-0.11736$ & $-0.277565$ & $0.0261391$ & $-0.159927$ & $0.0349399$ & $-0.0431251$ & $-0.0620476$ & $-0.0615833$ & $0.0342983$ & $0.171539$ & $-0.14822$ & $0.221179$ & $-0.0467867$ & $-0.198197$ \\
mtop & $0.0263339$ & $-0.0131046$ & $1$ & $0.0266364$ & $-0.0012352$ & $0.0311901$ & $0.0488792$ & $0.0305903$ & $0.0395$ & $0.00485432$ & $-0.0432671$ & $-0.0122569$ & $-0.0164971$ & $0.0591272$ & $0.00221308$ & $-0.00907033$ & $0.0222824$ & $0.0342307$ & $0.0385136$ & $0.0496276$ & $0.0495026$ & $0.052678$ & $0.0266476$ & $-0.00207838$ & $0.0411136$ & $-0.0270737$ & $0.0401314$ & $-0.00294677$ & $-0.033888$ & $-0.0724752$ & $-0.0634786$ & $0.0239043$ & $-0.0863184$ & $0.0146846$ & $0.00499684$ & $0.0141428$ & $0.0862618$ & $0.0115214$ & $-0.0952561$ & $0.0161059$ & $-0.197324$ & $0.0245505$ & $0.109906$ & $-0.0306112$ & $-0.0854062$ & $-0.00507098$ & $-0.0809918$ & $0.0785577$ & $-0.0896047$ \\
mHl & $0.0691694$ & $-0.0512374$ & $0.0266364$ & $1$ & $-0.0122096$ & $0.0155452$ & $0.00886157$ & $-0.00952934$ & $-0.00657528$ & $-0.00636827$ & $0.018598$ & $0.0307984$ & $0.016438$ & $-0.0203528$ & $0.0410417$ & $0.0635151$ & $-0.0311447$ & $-0.0412762$ & $-0.052756$ & $-0.0123551$ & $-0.026309$ & $-0.0238515$ & $-0.0110563$ & $0.00164669$ & $-0.0454777$ & $-0.0129651$ & $-0.0635347$ & $-0.0446625$ & $-0.0145794$ & $0.0145189$ & $-0.0412492$ & $0.020289$ & $-0.0567075$ & $-0.046598$ & $0.157872$ & $0.0959198$ & $-0.00369614$ & $0.0371741$ & $-0.230987$ & $0.0522732$ & $0.188662$ & $0.0470178$ & $0.155207$ & $-0.0567625$ & $-0.111842$ & $-0.0184839$ & $-0.116881$ & $-0.0603494$ & $-0.1636$ \\
Mz & $-0.0549676$ & $0.00806547$ & $-0.0012352$ & $-0.0122096$ & $1$ & $-0.010923$ & $-0.0302395$ & $-0.0269393$ & $-0.030723$ & $0.0240575$ & $0.0245684$ & $0.0176352$ & $-0.0138626$ & $0.0201939$ & $-0.0291533$ & $0.00639493$ & $0.0155487$ & $0.0364247$ & $0.0084376$ & $-0.0179446$ & $-0.014975$ & $-0.0185636$ & $0.0430176$ & $0.0187111$ & $0.00900448$ & $-0.025757$ & $-0.0268184$ & $0.00724338$ & $0.000681366$ & $0.0180079$ & $-0.00819864$ & $-0.0248321$ & $-0.022308$ & $-0.0026425$ & $-0.000176216$ & $0.0754131$ & $0.00504705$ & $0.0198525$ & $0.0120486$ & $-0.0492608$ & $-0.0128123$ & $0.0153593$ & $-0.00263171$ & $0.0281404$ & $-0.000554357$ & $0.0058993$ & $-0.0331742$ & $-0.0144386$ & $-0.0564086$ \\
CW & $-0.0134615$ & $0.000482938$ & $0.0311901$ & $0.0155452$ & $-0.010923$ & $1$ & $0.0118762$ & $-0.161193$ & $-0.161702$ & $0.030374$ & $0.20312$ & $0.0598623$ & $-0.0137687$ & $0.0298006$ & $-0.078355$ & $-0.0858631$ & $-0.228208$ & $-0.0232751$ & $-0.01282$ & $-0.199335$ & $-0.206593$ & $-0.205614$ & $0.00755976$ & $0.0362632$ & $-0.0389952$ & $0.118055$ & $-0.0716259$ & $-0.0743027$ & $-0.0137764$ & $-0.0071544$ & $0.00541112$ & $0.0235579$ & $0.00556734$ & $-0.146811$ & $0.0385018$ & $-0.00290272$ & $-0.000560799$ & $-0.00378421$ & $0.00821628$ & $-0.0399565$ & $-0.019653$ & $0.022724$ & $0.00831929$ & $0.0113691$ & $-0.0109563$ & $0.0208141$ & $0.0121494$ & $-0.0147497$ & $0.0155872$ \\
CHG & $-0.00134079$ & $-0.0248821$ & $0.0488792$ & $0.00886157$ & $-0.0302395$ & $0.0118762$ & $1$ & $-0.0898616$ & $-0.0354$ & $0.0519509$ & $0.0598737$ & $-0.0341095$ & $-0.27343$ & $0.0233466$ & $-0.0190987$ & $-0.00682245$ & $0.0637911$ & $0.0705849$ & $0.060692$ & $-0.0557953$ & $-0.0630579$ & $-0.0628064$ & $-0.0143191$ & $0.0724718$ & $0.0643107$ & $0.0401753$ & $-0.0484281$ & $-0.0334898$ & $0.0097778$ & $-0.122518$ & $-0.0612596$ & $0.933391$ & $-0.123854$ & $-0.0525303$ & $-0.0100152$ & $-0.0746084$ & $0.0443909$ & $-0.00271312$ & $0.00846537$ & $0.0167855$ & $-0.0146945$ & $0.0333414$ & $0.0421768$ & $0.00394346$ & $-0.0254279$ & $0.00482727$ & $0.00527936$ & $0.00411951$ & $0.0669587$ \\
CHWB & $-0.0157145$ & $-0.0609128$ & $0.0305903$ & $-0.00952934$ & $-0.0269393$ & $-0.161193$ & $-0.0898616$ & $1$ & $0.983136$ & $-0.564921$ & $-0.88295$ & $-0.244495$ & $0.304869$ & $0.122273$ & $0.289732$ & $0.289991$ & $-0.211241$ & $-0.399664$ & $-0.410442$ & $0.855681$ & $0.898246$ & $0.880498$ & $0.0462383$ & $-0.667425$ & $-0.374235$ & $-0.505157$ & $0.407589$ & $0.28797$ & $0.0401757$ & $0.0826338$ & $0.0572791$ & $-0.0865219$ & $0.0980298$ & $0.560507$ & $-0.0487324$ & $-0.00407077$ & $0.00514607$ & $-0.013563$ & $0.00949014$ & $0.0149052$ & $0.0441934$ & $0.0193035$ & $-0.0108286$ & $-0.00505007$ & $-0.000294062$ & $-0.0202154$ & $0.00873803$ & $0.00846287$ & $-0.00810699$ \\
CHWHB_gaga & $-0.0216043$ & $-0.0699356$ & $0.0395$ & $-0.00657528$ & $-0.030723$ & $-0.161702$ & $-0.0354$ & $0.983136$ & $1$ & $-0.555278$ & $-0.861738$ & $-0.217855$ & $0.298738$ & $0.108001$ & $0.28452$ & $0.281221$ & $-0.219144$ & $-0.403841$ & $-0.411155$ & $0.834867$ & $0.877013$ & $0.859985$ & $0.044321$ & $-0.665385$ & $-0.378238$ & $-0.491031$ & $0.399175$ & $0.277365$ & $0.0412639$ & $0.101522$ & $0.0664131$ & $-0.0406682$ & $0.125126$ & $0.551423$ & $-0.0603734$ & $0.00356387$ & $0.00223503$ & $-0.0181223$ & $0.0140753$ & $0.0120074$ & $0.042587$ & $0.026916$ & $0.039626$ & $-0.00435586$ & $0.00420968$ & $-0.0160633$ & $0.00661551$ & $0.0215047$ & $-0.00149552$ \\
CHWHB_gagaorth & $0.00554332$ & $0.0556343$ & $0.00485432$ & $-0.00636827$ & $0.0240575$ & $0.030374$ & $0.0519509$ & $-0.564921$ & $-0.555278$ & $1$ & $0.366476$ & $0.602687$ & $-0.238361$ & $0.190028$ & $-0.137604$ & $-0.170684$ & $0.400424$ & $0.453627$ & $0.486377$ & $-0.357299$ & $-0.375255$ & $-0.366288$ & $-0.0277014$ & $0.527566$ & $0.460491$ & $0.217454$ & $-0.185458$ & $-0.111104$ & $-0.0327998$ & $-0.132092$ & $-0.0646493$ & $0.06267$ & $-0.150306$ & $-0.329868$ & $0.0362665$ & $0.0247466$ & $-0.035047$ & $0.00268784$ & $-0.0124456$ & $-0.0183332$ & $-0.0846519$ & $-0.000657792$ & $-0.0239552$ & $0.000476171$ & $0.0358501$ & $0.0149471$ & $-0.0228891$ & $0.0162746$ & $-0.00466761$ \\
CHD & $-0.00266923$ & $0.0418881$ & $-0.0432671$ & $0.018598$ & $0.0245684$ & $0.20312$ & $0.0598737$ & $-0.88295$ & $-0.861738$ & $0.366476$ & $1$ & $0.309381$ & $-0.139206$ & $-0.527566$ & $-0.401174$ & $-0.402368$ & $-0.236459$ & $0.0365031$ & $0.0531766$ & $-0.990408$ & $-0.990944$ & $-0.969566$ & $0.00739314$ & $0.307772$ & $-0.00245142$ & $0.554416$ & $-0.298959$ & $-0.312051$ & $-0.0234155$ & $-0.0320769$ & $-0.0376558$ & $0.0701198$ & $-0.0434599$ & $-0.376434$ & $0.0630646$ & $0.0036714$ & $0.00205361$ & $0.0142331$ & $-0.0094895$ & $-0.0170253$ & $-0.0424787$ & $-0.0184098$ & $0.0172542$ & $0.0033607$ & $0.00108422$ & $0.0268188$ & $-0.00387964$ & $0.00111058$ & $0.0176682$ \\
CHbox & $-0.0106754$ & $0.0297007$ & $-0.0122569$ & $0.0307984$ & $0.0176352$ & $0.0598623$ & $-0.0341095$ & $-0.244495$ & $-0.217855$ & $0.602687$ & $0.309381$ & $1$ & $0.115108$ & $-0.229773$ & $-0.0428754$ & $-0.0846196$ & $-0.146013$ & $-0.0962041$ & $-0.0572854$ & $-0.291417$ & $-0.31264$ & $-0.303206$ & $-0.00555502$ & $0.0474848$ & $-0.0838491$ & $0.175297$ & $-0.137727$ & $-0.106298$ & $0.0253728$ & $0.223597$ & $0.0514033$ & $0.0480119$ & $0.267425$ & $-0.164915$ & $0.0887996$ & $0.0382019$ & $-0.0352534$ & $-0.0129867$ & $-0.00594926$ & $-0.0267278$ & $-0.0652407$ & $0.0166955$ & $0.0168388$ & $0.00453453$ & $0.0296962$ & $0.0124047$ & $-0.0219328$ & $0.0354174$ & $0.00708374$ \\
CH & $0.010654$ & $-0.00375271$ & $-0.0164971$ & $0.016438$ & $-0.0138626$ & $-0.0137687$ & $-0.27343$ & $0.304869$ & $0.298738$ & $-0.238361$ & $-0.139206$ & $0.115108$ & $1$ & $-0.231183$ & $0.0797202$ & $0.072508$ & $-0.332458$ & $-0.360412$ & $-0.355267$ & $0.138253$ & $0.146164$ & $0.145445$ & $-0.00358419$ & $-0.358388$ & $-0.345148$ & $-0.0627274$ & $0.0988674$ & $0.0486355$ & $0.0253255$ & $0.249673$ & $0.107421$ & $-0.222742$ & $0.3205$ & $0.173937$ & $0.0198844$ & $-0.0199884$ & $-0.0239919$ & $0.0042612$ & $-0.0186177$ & $0.0181354$ & $0.0477398$ & $0.013069$ & $-0.00658776$ & $-0.0289848$ & $-9.37426e-05$ & $-0.0103683$ & $0.0144761$ & $-0.00692675$ & $0.0252581$ \\
CHL1_11 & $0.0136293$ & $0.0101844$ & $0.0591272$ & $-0.0203528$ & $0.0201939$ & $0.0298006$ & $0.0233466$ & $0.122273$ & $0.108001$ & $0.190028$ & $-0.527566$ & $-0.229773$ & $-0.231183$ & $1$ & $0.254549$ & $0.255888$ & $0.659875$ & $0.6021$ & $0.591648$ & $0.542819$ & $0.491403$ & $0.48008$ & $-0.0765251$ & $0.45164$ & $0.603324$ & $-0.265085$ & $-0.0489135$ & $0.146771$ & $-0.0271608$ & $-0.0739328$ & $-0.0152945$ & $-0.0016686$ & $-0.0800377$ & $-0.182247$ & $-0.0439149$ & $0.00846856$ & $-0.0178862$ & $-0.00226655$ & $0.00718151$ & $0.00511695$ & $0.00800723$ & $-0.000618507$ & $-0.0160287$ & $-0.0147226$ & $-0.00473323$ & $-0.00780926$ & $-0.00313418$ & $-0.015172$ & $-0.0445699$ \\
CHL1_22 & $0.00494516$ & $-0.0379428$ & $0.00221308$ & $0.0410417$ & $-0.0291533$ & $-0.078355$ & $-0.0190987$ & $0.289732$ & $0.28452$ & $-0.137604$ & $-0.401174$ & $-0.0428754$ & $0.0797202$ & $0.254549$ & $1$ & $0.458098$ & $0.146804$ & $-0.460685$ & $-0.0600794$ & $0.468421$ & $0.313381$ & $0.302687$ & $-0.18717$ & $0.09481$ & $-0.144726$ & $-0.184962$ & $-0.412341$ & $0.0954618$ & $0.0268932$ & $0.0346278$ & $0.0508868$ & $-0.0216945$ & $0.066618$ & $-0.601588$ & $0.0180494$ & $-0.0232373$ & $-0.00419453$ & $0.00865529$ & $-0.0183169$ & $-0.00130974$ & $0.0237938$ & $0.000997913$ & $0.0482378$ & $-0.0193961$ & $0.00289294$ & $-0.0236586$ & $-0.000858204$ & $0.014898$ & $0.0433387$ \\
CHL1_33 & $0.0429984$ & $-0.0345832$ & $-0.00907033$ & $0.0635151$ & $0.00639493$ & $-0.0858631$ & $-0.00682245$ & $0.289991$ & $0.281221$ & $-0.170684$ & $-0.402368$ & $-0.0846196$ & $0.072508$ & $0.255888$ & $0.458098$ & $1$ & $0.153441$ & $-0.0407296$ & $-0.456814$ & $0.467451$ & $0.318073$ & $0.338797$ & $-0.163156$ & $0.105869$ & $-0.145953$ & $-0.203396$ & $-0.403979$ & $0.090655$ & $0.0129326$ & $0.0302364$ & $0.045445$ & $-0.000421982$ & $0.053501$ & $-0.115624$ & $-0.013114$ & $-0.0291826$ & $0.0330957$ & $0.0224086$ & $-0.0424475$ & $0.00997321$ & $0.030363$ & $0.00901308$ & $0.0682298$ & $0.0198721$ & $-0.0428882$ & $-0.013242$ & $0.0232581$ & $-0.0405433$ & $0.0320258$ \\
CHL3_11 & $0.0247534$ & $0.0166965$ & $0.0222824$ & $-0.0311447$ & $0.0155487$ & $-0.228208$ & $0.0637911$ & $-0.211241$ & $-0.219144$ & $0.400424$ & $-0.236459$ & $-0.146013$ & $-0.332458$ & $0.659875$ & $0.146804$ & $0.153441$ & $1$ & $0.736625$ & $0.7201$ & $0.255715$ & $0.207476$ & $0.196256$ & $-0.0739973$ & $0.666141$ & $0.772976$ & $-0.111665$ & $-0.109534$ & $0.0521189$ & $-0.028192$ & $-0.104968$ & $-0.0512463$ & $0.0323153$ & $-0.113295$ & $-0.21436$ & $-0.039614$ & $0.00557989$ & $-0.0034821$ & $-0.00726159$ & $0.0129998$ & $0.00645386$ & $-0.0051827$ & $0.00372073$ & $-0.0180911$ & $0.00579329$ & $0.00657736$ & $-0.017571$ & $-0.0178739$ & $-0.0149415$ & $-0.00434671$ \\
CHL3_22 & $0.0251651$ & $0.041929$ & $0.0342307$ & $-0.0412762$ & $0.0364247$ & $-0.0232751$ & $0.0705849$ & $-0.399664$ & $-0.403841$ & $0.453627$ & $0.0365031$ & $-0.0962041$ & $-0.360412$ & $0.6021$ & $-0.460685$ & $-0.0407296$ & $0.736625$ & $1$ & $0.674232$ & $-0.0432566$ & $-0.0252347$ & $-0.0225352$ & $0.0208154$ & $0.611253$ & $0.793385$ & $0.0229774$ & $0.0573082$ & $-0.0181629$ & $-0.050236$ & $-0.116892$ & $-0.0694507$ & $0.0467982$ & $-0.144045$ & $0.0729801$ & $-0.0418013$ & $0.0187369$ & $-0.00291743$ & $-0.00695826$ & $0.0155071$ & $0.00488631$ & $-0.021464$ & $-0.000353541$ & $-0.0351178$ & $0.0130152$ & $-0.00988603$ & $0.00838185$ & $-0.0105922$ & $-0.0277206$ & $-0.0455758$ \\
CHL3_33 & $-0.00103649$ & $0.0378959$ & $0.0385136$ & $-0.052756$ & $0.0084376$ & $-0.01282$ & $0.060692$ & $-0.410442$ & $-0.411155$ & $0.486377$ & $0.0531766$ & $-0.0572854$ & $-0.355267$ & $0.591648$ & $-0.0600794$ & $-0.456814$ & $0.7201$ & $0.674232$ & $1$ & $-0.0601578$ & $-0.0413174$ & $-0.0405686$ & $0.00823525$ & $0.599543$ & $0.798752$ & $0.0453675$ & $0.0646241$ & $-0.0167382$ & $-0.0331887$ & $-0.112824$ & $-0.0657525$ & $0.0294051$ & $-0.136994$ & $-0.301262$ & $-0.0199219$ & $0.0325311$ & $-0.026627$ & $-0.0121943$ & $0.0281809$ & $-0.00748198$ & $-0.0270908$ & $-0.010554$ & $-0.0467039$ & $-0.0156805$ & $0.0278392$ & $0.000158985$ & $-0.0349477$ & $0.017089$ & $-0.0411562$ \\
CHe_11 & $-0.00294199$ & $-0.0241587$ & $0.0496276$ & $-0.0123551$ & $-0.0179446$ & $-0.199335$ & $-0.0557953$ & $0.855681$ & $0.834867$ & $-0.357299$ & $-0.990408$ & $-0.291417$ & $0.138253$ & $0.542819$ & $0.468421$ & $0.467451$ & $0.255715$ & $-0.0432566$ & $-0.0601578$ & $1$ & $0.97222$ & $0.951625$ & $-0.0322602$ & $-0.256553$ & $0.00635268$ & $-0.544527$ & $0.225235$ & $0.304699$ & $0.023063$ & $0.0335807$ & $0.0404735$ & $-0.0656079$ & $0.0444099$ & $0.297411$ & $-0.0575167$ & $-0.00821558$ & $-0.00395321$ & $-0.0130692$ & $0.00251784$ & $0.0170782$ & $0.0397469$ & $0.0182346$ & $-0.00995279$ & $-0.00144182$ & $-0.00130917$ & $-0.0288379$ & $0.00451848$ & $-0.00203842$ & $-0.0177072$ \\
CHe_22 & $-0.0101691$ & $-0.0199059$ & $0.0495026$ & $-0.026309$ & $-0.014975$ & $-0.206593$ & $-0.0630579$ & $0.898246$ & $0.877013$ & $-0.375255$ & $-0.990944$ & $-0.31264$ & $0.146164$ & $0.491403$ & $0.313381$ & $0.318073$ & $0.207476$ & $-0.0252347$ & $-0.0413174$ & $0.97222$ & $1$ & $0.974544$ & $0.021059$ & $-0.361011$ & $0.00206548$ & $-0.555387$ & $0.381197$ & $0.315943$ & $0.0242605$ & $0.0328298$ & $0.0337895$ & $-0.0736603$ & $0.0377794$ & $0.463584$ & $-0.063047$ & $-0.00123853$ & $-0.00897816$ & $-0.0146477$ & $0.00878245$ & $0.018375$ & $0.0392034$ & $0.0175778$ & $-0.0271678$ & $-0.00445522$ & $0.0068583$ & $-0.0288876$ & $0.00484644$ & $0.00204569$ & $-0.0293515$ \\
CHe_33 & $-0.00418499$ & $-0.0216956$ & $0.052678$ & $-0.0238515$ & $-0.0185636$ & $-0.205614$ & $-0.0628064$ & $0.880498$ & $0.859985$ & $-0.366288$ & $-0.969566$ & $-0.303206$ & $0.145445$ & $0.48008$ & $0.302687$ & $0.338797$ & $0.196256$ & $-0.0225352$ & $-0.0405686$ & $0.951625$ & $0.974544$ & $1$ & $0.0202542$ & $-0.353903$ & $0.000972697$ & $-0.545142$ & $0.373835$ & $0.310091$ & $0.0256668$ & $0.0268861$ & $0.0370417$ & $-0.0735916$ & $0.0332523$ & $0.458719$ & $-0.0547723$ & $0.00543781$ & $-0.000311734$ & $-0.0124324$ & $0.00471902$ & $0.0191241$ & $0.0424024$ & $0.0127902$ & $-0.0190292$ & $0.000839241$ & $-0.00545279$ & $-0.0280816$ & $0.00669326$ & $0.00849243$ & $-0.0298029$ \\
CHQ1_11 & $-0.0123296$ & $-0.00135357$ & $0.0266476$ & $-0.0110563$ & $0.0430176$ & $0.00755976$ & $-0.0143191$ & $0.0462383$ & $0.044321$ & $-0.0277014$ & $0.00739314$ & $-0.00555502$ & $-0.00358419$ & $-0.0765251$ & $-0.18717$ & $-0.163156$ & $-0.0739973$ & $0.0208154$ & $0.00823525$ & $-0.0322602$ & $0.021059$ & $0.0202542$ & $1$ & $-0.134193$ & $0.0864649$ & $-0.671177$ & $0.331785$ & $-0.000456471$ & $-0.00287309$ & $-0.00121866$ & $-0.0295928$ & $-0.0148566$ & $-0.0332368$ & $0.194509$ & $-0.0404747$ & $0.00850366$ & $0.00122281$ & $-0.00271396$ & $0.00682983$ & $0.00966925$ & $-0.0174529$ & $0.027632$ & $0.00889706$ & $0.00329984$ & $-0.0368557$ & $-0.019012$ & $-0.0351147$ & $-0.0319431$ & $-0.0475844$ \\
CHQ1_33 & $0.00579938$ & $0.0309799$ & $-0.00207838$ & $0.00164669$ & $0.0187111$ & $0.0362632$ & $0.0724718$ & $-0.667425$ & $-0.665385$ & $0.527566$ & $0.307772$ & $0.0474848$ & $-0.358388$ & $0.45164$ & $0.09481$ & $0.105869$ & $0.666141$ & $0.611253$ & $0.599543$ & $-0.256553$ & $-0.361011$ & $-0.353903$ & $-0.134193$ & $1$ & $0.627455$ & $0.211085$ & $-0.390598$ & $-0.0154662$ & $-0.0415841$ & $-0.107124$ & $-0.0520539$ & $0.0527066$ & $-0.115883$ & $-0.609941$ & $0.00400522$ & $0.000384639$ & $0.00357667$ & $0.0291297$ & $-0.0135452$ & $-0.0064401$ & $-0.0375186$ & $-0.000149331$ & $0.011259$ & $-0.000502147$ & $-0.00782398$ & $0.0140046$ & $-0.0168498$ & $-0.0042589$ & $-0.00924332$ \\
CHQ3_11 & $-0.0509713$ & $0.0467223$ & $0.0411136$ & $-0.0454777$ & $0.00900448$ & $-0.0389952$ & $0.0643107$ & $-0.374235$ & $-0.378238$ & $0.460491$ & $-0.00245142$ & $-0.0838491$ & $-0.345148$ & $0.603324$ & $-0.144726$ & $-0.145953$ & $0.772976$ & $0.793385$ & $0.798752$ & $0.00635268$ & $0.00206548$ & $0.000972697$ & $0.0864649$ & $0.627455$ & $1$ & $0.0133552$ & $0.263343$ & $0.0193386$ & $-0.0325703$ & $-0.120603$ & $-0.0653715$ & $0.0333742$ & $-0.152398$ & $-0.169998$ & $-0.0271997$ & $0.0292036$ & $-0.0241483$ & $-0.0106894$ & $0.019803$ & $0.0113982$ & $-0.0365636$ & $-0.001998$ & $-0.0457061$ & $-0.0187138$ & $-0.00721275$ & $0.0097933$ & $-0.0302726$ & $0.000333586$ & $-0.0604893$ \\
CHu_11 & $-0.0118006$ & $0.0118324$ & $-0.0270737$ & $-0.0129651$ & $-0.025757$ & $0.118055$ & $0.0401753$ & $-0.505157$ & $-0.491031$ & $0.217454$ & $0.554416$ & $0.175297$ & $-0.0627274$ & $-0.265085$ & $-0.184962$ & $-0.203396$ & $-0.111665$ & $0.0229774$ & $0.0453675$ & $-0.544527$ & $-0.555387$ & $-0.545142$ & $-0.671177$ & $0.211085$ & $0.0133552$ & $1$ & $-0.17032$ & $-0.154962$ & $-0.0140521$ & $-0.0166822$ & $0.00388198$ & $0.0452067$ & $-0.00508546$ & $-0.257707$ & $0.0823388$ & $0.00126314$ & $-0.0173496$ & $-0.00706937$ & $-0.0164503$ & $-0.0020212$ & $-0.00167139$ & $-0.0463483$ & $-0.0235379$ & $0.00248806$ & $0.0248075$ & $0.0167579$ & $0.038507$ & $0.0387812$ & $0.0243792$ \\
CHd_11 & $-0.0351824$ & $0.0118326$ & $0.0401314$ & $-0.0635347$ & $-0.0268184$ & $-0.0716259$ & $-0.0484281$ & $0.407589$ & $0.399175$ & $-0.185458$ & $-0.298959$ & $-0.137727$ & $0.0988674$ & $-0.0489135$ & $-0.412341$ & $-0.403979$ & $-0.109534$ & $0.0573082$ & $0.0646241$ & $0.225235$ & $0.381197$ & $0.373835$ & $0.331785$ & $-0.390598$ & $0.263343$ & $-0.17032$ & $1$ & $0.149685$ & $0.0145351$ & $0.00557688$ & $-0.0115292$ & $-0.0572115$ & $-0.0264435$ & $0.677026$ & $-0.0404566$ & $0.0246956$ & $-0.027265$ & $-0.02116$ & $0.0180402$ & $0.0260868$ & $-0.00714599$ & $0.00589449$ & $-0.077882$ & $-0.0140652$ & $0.00257524$ & $-0.00675701$ & $-0.00686687$ & $0.0253607$ & $-0.0815868$ \\
CHd_33 & $0.00815765$ & $0.00651217$ & $-0.00294677$ & $-0.0446625$ & $0.00724338$ & $-0.0743027$ & $-0.0334898$ & $0.28797$ & $0.277365$ & $-0.111104$ & $-0.312051$ & $-0.106298$ & $0.0486355$ & $0.146771$ & $0.0954618$ & $0.090655$ & $0.0521189$ & $-0.0181629$ & $-0.0167382$ & $0.304699$ & $0.315943$ & $0.310091$ & $-0.000456471$ & $-0.0154662$ & $0.0193386$ & $-0.154962$ & $0.149685$ & $1$ & $0.0275542$ & $-0.0143535$ & $-0.0030221$ & $-0.0396649$ & $0.00382738$ & $0.150029$ & $-0.0127361$ & $-0.0106769$ & $-0.0165809$ & $0.0223909$ & $0.00331993$ & $0.0198938$ & $-0.00172781$ & $0.0220548$ & $-0.0374101$ & $-0.00234154$ & $-0.0160786$ & $-0.0357501$ & $0.00405547$ & $0.013461$ & $0.00812253$ \\
CeH_22r & $0.015787$ & $-0.0216568$ & $-0.033888$ & $-0.0145794$ & $0.000681366$ & $-0.0137764$ & $0.0097778$ & $0.0401757$ & $0.0412639$ & $-0.0327998$ & $-0.0234155$ & $0.0253728$ & $0.0253255$ & $-0.0271608$ & $0.0268932$ & $0.0129326$ & $-0.028192$ & $-0.050236$ & $-0.0331887$ & $0.023063$ & $0.0242605$ & $0.0256668$ & $-0.00287309$ & $-0.0415841$ & $-0.0325703$ & $-0.0140521$ & $0.0145351$ & $0.0275542$ & $1$ & $0.0226455$ & $0.00931219$ & $-0.0132543$ & $0.0372076$ & $0.0113602$ & $-0.0226842$ & $-0.0264604$ & $0.0025978$ & $0.0163129$ & $0.00669931$ & $0.0175668$ & $-0.0176726$ & $-0.00755303$ & $1.21368e-05$ & $0.0132394$ & $0.0246611$ & $-0.0367189$ & $-0.0254097$ & $0.0407128$ & $-0.00848433$ \\
CeH_33r & $0.0377309$ & $0.0306271$ & $-0.0724752$ & $0.0145189$ & $0.0180079$ & $-0.0071544$ & $-0.122518$ & $0.0826338$ & $0.101522$ & $-0.132092$ & $-0.0320769$ & $0.223597$ & $0.249673$ & $-0.0739328$ & $0.0346278$ & $0.0302364$ & $-0.104968$ & $-0.116892$ & $-0.112824$ & $0.0335807$ & $0.0328298$ & $0.0268861$ & $-0.00121866$ & $-0.107124$ & $-0.120603$ & $-0.0166822$ & $0.00557688$ & $-0.0143535$ & $0.0226455$ & $1$ & $0.3159$ & $0.0295019$ & $0.676733$ & $0.0376939$ & $-0.0380134$ & $-0.0601991$ & $-0.160195$ & $-0.00969524$ & $-0.0321897$ & $-0.0137158$ & $0.0799892$ & $0.0239085$ & $-0.0249378$ & $-0.050183$ & $0.0932718$ & $-0.000423015$ & $0.0383403$ & $-0.00308209$ & $-0.018076$ \\
CuH_22r & $0.00139653$ & $0.0413772$ & $-0.0634786$ & $-0.0412492$ & $-0.00819864$ & $0.00541112$ & $-0.0612596$ & $0.0572791$ & $0.0664131$ & $-0.0646493$ & $-0.0376558$ & $0.0514033$ & $0.107421$ & $-0.0152945$ & $0.0508868$ & $0.045445$ & $-0.0512463$ & $-0.0694507$ & $-0.0657525$ & $0.0404735$ & $0.0337895$ & $0.0370417$ & $-0.0295928$ & $-0.0520539$ & $-0.0653715$ & $0.00388198$ & $-0.0115292$ & $-0.0030221$ & $0.00931219$ & $0.3159$ & $1$ & $0.0320026$ & $0.391982$ & $0.00324679$ & $0.0253412$ & $-0.100339$ & $-0.174662$ & $0.0231206$ & $-0.10599$ & $-0.0163697$ & $0.052434$ & $-0.0308633$ & $-0.0218986$ & $-0.00337559$ & $0.0364168$ & $0.074265$ & $0.290944$ & $0.0351779$ & $0.0641166$ \\
CuH_33r & $0.00522338$ & $-0.0205749$ & $0.0239043$ & $0.020289$ & $-0.0248321$ & $0.0235579$ & $0.933391$ & $-0.0865219$ & $-0.0406682$ & $0.06267$ & $0.0701198$ & $0.0480119$ & $-0.222742$ & $-0.0016686$ & $-0.0216945$ & $-0.000421982$ & $0.0323153$ & $0.0467982$ & $0.0294051$ & $-0.0656079$ & $-0.0736603$ & $-0.0735916$ & $-0.0148566$ & $0.0527066$ & $0.0333742$ & $0.0452067$ & $-0.0572115$ & $-0.0396649$ & $-0.0132543$ & $0.0295019$ & $0.0320026$ & $1$ & $0.0683119$ & $-0.0493051$ & $0.0527346$ & $-0.055737$ & $0.00121653$ & $-0.0092214$ & $0.0153279$ & $0.0136841$ & $-0.00573515$ & $0.0355791$ & $0.0501477$ & $-0.00950196$ & $-0.0229339$ & $0.0164768$ & $0.0157771$ & $0.00330533$ & $0.0673289$ \\
CdH_33r & $0.0578526$ & $-0.0755994$ & $-0.0863184$ & $-0.0567075$ & $-0.022308$ & $0.00556734$ & $-0.123854$ & $0.0980298$ & $0.125126$ & $-0.150306$ & $-0.0434599$ & $0.267425$ & $0.3205$ & $-0.0800377$ & $0.066618$ & $0.053501$ & $-0.113295$ & $-0.144045$ & $-0.136994$ & $0.0444099$ & $0.0377794$ & $0.0332523$ & $-0.0332368$ & $-0.115883$ & $-0.152398$ & $-0.00508546$ & $-0.0264435$ & $0.00382738$ & $0.0372076$ & $0.676733$ & $0.391982$ & $0.0683119$ & $1$ & $0.020934$ & $0.0177621$ & $-0.103281$ & $-0.101387$ & $-0.0466687$ & $-0.0328036$ & $-0.0195529$ & $0.0617325$ & $0.0117296$ & $0.0812538$ & $-0.00426973$ & $0.0335633$ & $0.0584056$ & $0.132409$ & $0.128435$ & $0.359622$ \\
CLL_1221 & $-0.0231171$ & $0.0231018$ & $0.0146846$ & $-0.046598$ & $-0.0026425$ & $-0.146811$ & $-0.0525303$ & $0.560507$ & $0.551423$ & $-0.329868$ & $-0.376434$ & $-0.164915$ & $0.173937$ & $-0.182247$ & $-0.601588$ & $-0.115624$ & $-0.21436$ & $0.0729801$ & $-0.301262$ & $0.297411$ & $0.463584$ & $0.458719$ & $0.194509$ & $-0.609941$ & $-0.169998$ & $-0.257707$ & $0.677026$ & $0.150029$ & $0.0113602$ & $0.0376939$ & $0.00324679$ & $-0.0493051$ & $0.020934$ & $1$ & $-0.0522252$ & $0.00686669$ & $-0.000440498$ & $-0.0185487$ & $0.019526$ & $0.0175879$ & $0.0141465$ & $0.0141272$ & $-0.0471485$ & $0.0151747$ & $0.00751286$ & $-0.00743413$ & $0.020427$ & $-0.00857542$ & $-0.0398824$ \\
eHggint & $-0.0569317$ & $0.109806$ & $0.00499684$ & $0.157872$ & $-0.000176216$ & $0.0385018$ & $-0.0100152$ & $-0.0487324$ & $-0.0603734$ & $0.0362665$ & $0.0630646$ & $0.0887996$ & $0.0198844$ & $-0.0439149$ & $0.0180494$ & $-0.013114$ & $-0.039614$ & $-0.0418013$ & $-0.0199219$ & $-0.0575167$ & $-0.063047$ & $-0.0547723$ & $-0.0404747$ & $0.00400522$ & $-0.0271997$ & $0.0823388$ & $-0.0404566$ & $-0.0127361$ & $-0.0226842$ & $-0.0380134$ & $0.0253412$ & $0.0527346$ & $0.0177621$ & $-0.0522252$ & $1$ & $-0.108449$ & $-0.154204$ & $0.00855326$ & $0.026528$ & $0.00214657$ & $0.0237229$ & $0.0304169$ & $0.0577901$ & $-0.0783574$ & $-0.00973679$ & $-0.078946$ & $0.0583049$ & $0.0455434$ & $0.0556167$ \\
eHggpar & $-0.0870695$ & $-0.11736$ & $0.0141428$ & $0.0959198$ & $0.0754131$ & $-0.00290272$ & $-0.0746084$ & $-0.00407077$ & $0.00356387$ & $0.0247466$ & $0.0036714$ & $0.0382019$ & $-0.0199884$ & $0.00846856$ & $-0.0232373$ & $-0.0291826$ & $0.00557989$ & $0.0187369$ & $0.0325311$ & $-0.00821558$ & $-0.00123853$ & $0.00543781$ & $0.00850366$ & $0.000384639$ & $0.0292036$ & $0.00126314$ & $0.0246956$ & $-0.0106769$ & $-0.0264604$ & $-0.0601991$ & $-0.100339$ & $-0.055737$ & $-0.103281$ & $0.00686669$ & $-0.108449$ & $1$ & $0.0654422$ & $-0.0111993$ & $0.0989312$ & $-0.0596633$ & $-0.0115363$ & $-0.0227806$ & $0.111197$ & $-0.0418542$ & $-0.0285984$ & $0.0487882$ & $-0.243372$ & $-0.00969551$ & $-0.17469$ \\
eHWWint & $0.0260505$ & $-0.277565$ & $0.0862618$ & $-0.00369614$ & $0.00504705$ & $-0.000560799$ & $0.0443909$ & $0.00514607$ & $0.00223503$ & $-0.035047$ & $0.00205361$ & $-0.0352534$ & $-0.0239919$ & $-0.0178862$ & $-0.00419453$ & $0.0330957$ & $-0.0034821$ & $-0.00291743$ & $-0.026627$ & $-0.00395321$ & $-0.00897816$ & $-0.000311734$ & $0.00122281$ & $0.00357667$ & $-0.0241483$ & $-0.0173496$ & $-0.027265$ & $-0.0165809$ & $0.0025978$ & $-0.160195$ & $-0.174662$ & $0.00121653$ & $-0.101387$ & $-0.000440498$ & $-0.154204$ & $0.0654422$ & $1$ & $-0.0459636$ & $0.0823946$ & $0.0087653$ & $-0.212157$ & $-0.098262$ & $0.144781$ & $0.146609$ & $-0.240069$ & $-0.0197582$ & $-0.168495$ & $-0.112402$ & $0.234658$ \\
eHWWpar & $0.0196794$ & $0.0261391$ & $0.0115214$ & $0.0371741$ & $0.0198525$ & $-0.00378421$ & $-0.00271312$ & $-0.013563$ & $-0.0181223$ & $0.00268784$ & $0.0142331$ & $-0.0129867$ & $0.0042612$ & $-0.00226655$ & $0.00865529$ & $0.0224086$ & $-0.00726159$ & $-0.00695826$ & $-0.0121943$ & $-0.0130692$ & $-0.0146477$ & $-0.0124324$ & $-0.00271396$ & $0.0291297$ & $-0.0106894$ & $-0.00706937$ & $-0.02116$ & $0.0223909$ & $0.0163129$ & $-0.00969524$ & $0.0231206$ & $-0.0092214$ & $-0.0466687$ & $-0.0185487$ & $0.00855326$ & $-0.0111993$ & $-0.0459636$ & $1$ & $-0.0316685$ & $0.00666224$ & $0.0235768$ & $0.0117038$ & $-0.0476418$ & $-0.0559186$ & $0.00789818$ & $0.0459196$ & $-0.00726053$ & $0.00522015$ & $-0.0748376$ \\
eHZZint & $-0.109405$ & $-0.159927$ & $-0.0952561$ & $-0.230987$ & $0.0120486$ & $0.00821628$ & $0.00846537$ & $0.00949014$ & $0.0140753$ & $-0.0124456$ & $-0.0094895$ & $-0.00594926$ & $-0.0186177$ & $0.00718151$ & $-0.0183169$ & $-0.0424475$ & $0.0129998$ & $0.0155071$ & $0.0281809$ & $0.00251784$ & $0.00878245$ & $0.00471902$ & $0.00682983$ & $-0.0135452$ & $0.019803$ & $-0.0164503$ & $0.0180402$ & $0.00331993$ & $0.00669931$ & $-0.0321897$ & $-0.10599$ & $0.0153279$ & $-0.0328036$ & $0.019526$ & $0.026528$ & $0.0989312$ & $0.0823946$ & $-0.0316685$ & $1$ & $-0.0828291$ & $0.0689545$ & $0.0117303$ & $0.0449193$ & $0.064741$ & $-0.115353$ & $-0.0116489$ & $-0.175281$ & $-0.143531$ & $-0.0172563$ \\
eHZZpar & $0.0303523$ & $0.0349399$ & $0.0161059$ & $0.0522732$ & $-0.0492608$ & $-0.0399565$ & $0.0167855$ & $0.0149052$ & $0.0120074$ & $-0.0183332$ & $-0.0170253$ & $-0.0267278$ & $0.0181354$ & $0.00511695$ & $-0.00130974$ & $0.00997321$ & $0.00645386$ & $0.00488631$ & $-0.00748198$ & $0.0170782$ & $0.018375$ & $0.0191241$ & $0.00966925$ & $-0.0064401$ & $0.0113982$ & $-0.0020212$ & $0.0260868$ & $0.0198938$ & $0.0175668$ & $-0.0137158$ & $-0.0163697$ & $0.0136841$ & $-0.0195529$ & $0.0175879$ & $0.00214657$ & $-0.0596633$ & $0.0087653$ & $0.00666224$ & $-0.0828291$ & $1$ & $0.0133984$ & $-0.0533587$ & $-0.0200443$ & $-0.0525846$ & $-0.0329063$ & $-0.0325$ & $-0.0296704$ & $-0.00986183$ & $-0.0192986$ \\
eHZgaint & $0.10594$ & $-0.0431251$ & $-0.197324$ & $0.188662$ & $-0.0128123$ & $-0.019653$ & $-0.0146945$ & $0.0441934$ & $0.042587$ & $-0.0846519$ & $-0.0424787$ & $-0.0652407$ & $0.0477398$ & $0.00800723$ & $0.0237938$ & $0.030363$ & $-0.0051827$ & $-0.021464$ & $-0.0270908$ & $0.0397469$ & $0.0392034$ & $0.0424024$ & $-0.0174529$ & $-0.0375186$ & $-0.0365636$ & $-0.00167139$ & $-0.00714599$ & $-0.00172781$ & $-0.0176726$ & $0.0799892$ & $0.052434$ & $-0.00573515$ & $0.0617325$ & $0.0141465$ & $0.0237229$ & $-0.0115363$ & $-0.212157$ & $0.0235768$ & $0.0689545$ & $0.0133984$ & $1$ & $0.00434599$ & $-0.0227759$ & $0.00965832$ & $-0.166761$ & $-0.216266$ & $0.0534611$ & $0.0738123$ & $-0.100662$ \\
eHZgapar & $-0.029842$ & $-0.0620476$ & $0.0245505$ & $0.0470178$ & $0.0153593$ & $0.022724$ & $0.0333414$ & $0.0193035$ & $0.026916$ & $-0.000657792$ & $-0.0184098$ & $0.0166955$ & $0.013069$ & $-0.000618507$ & $0.000997913$ & $0.00901308$ & $0.00372073$ & $-0.000353541$ & $-0.010554$ & $0.0182346$ & $0.0175778$ & $0.0127902$ & $0.027632$ & $-0.000149331$ & $-0.001998$ & $-0.0463483$ & $0.00589449$ & $0.0220548$ & $-0.00755303$ & $0.0239085$ & $-0.0308633$ & $0.0355791$ & $0.0117296$ & $0.0141272$ & $0.0304169$ & $-0.0227806$ & $-0.098262$ & $0.0117038$ & $0.0117303$ & $-0.0533587$ & $0.00434599$ & $1$ & $0.0153262$ & $0.0176525$ & $0.000249393$ & $0.0481905$ & $-0.0436129$ & $-0.00961759$ & $-0.0492987$ \\
eHgagaint & $-0.0144806$ & $-0.0615833$ & $0.109906$ & $0.155207$ & $-0.00263171$ & $0.00831929$ & $0.0421768$ & $-0.0108286$ & $0.039626$ & $-0.0239552$ & $0.0172542$ & $0.0168388$ & $-0.00658776$ & $-0.0160287$ & $0.0482378$ & $0.0682298$ & $-0.0180911$ & $-0.0351178$ & $-0.0467039$ & $-0.00995279$ & $-0.0271678$ & $-0.0190292$ & $0.00889706$ & $0.011259$ & $-0.0457061$ & $-0.0235379$ & $-0.077882$ & $-0.0374101$ & $1.21368e-05$ & $-0.0249378$ & $-0.0218986$ & $0.0501477$ & $0.0812538$ & $-0.0471485$ & $0.0577901$ & $0.111197$ & $0.144781$ & $-0.0476418$ & $0.0449193$ & $-0.0200443$ & $-0.0227759$ & $0.0153262$ & $1$ & $0.13532$ & $-0.0878558$ & $0.054083$ & $-0.0500181$ & $0.0736075$ & $0.207333$ \\
eHmumuint & $0.100791$ & $0.0342983$ & $-0.0306112$ & $-0.0567625$ & $0.0281404$ & $0.0113691$ & $0.00394346$ & $-0.00505007$ & $-0.00435586$ & $0.000476171$ & $0.0033607$ & $0.00453453$ & $-0.0289848$ & $-0.0147226$ & $-0.0193961$ & $0.0198721$ & $0.00579329$ & $0.0130152$ & $-0.0156805$ & $-0.00144182$ & $-0.00445522$ & $0.000839241$ & $0.00329984$ & $-0.000502147$ & $-0.0187138$ & $0.00248806$ & $-0.0140652$ & $-0.00234154$ & $0.0132394$ & $-0.050183$ & $-0.00337559$ & $-0.00950196$ & $-0.00426973$ & $0.0151747$ & $-0.0783574$ & $-0.0418542$ & $0.146609$ & $-0.0559186$ & $0.064741$ & $-0.0525846$ & $0.00965832$ & $0.0176525$ & $0.13532$ & $1$ & $-0.221054$ & $0.023464$ & $0.00601147$ & $0.0339217$ & $0.0869894$ \\
eHtautauint & $-0.0415488$ & $0.171539$ & $-0.0854062$ & $-0.111842$ & $-0.000554357$ & $-0.0109563$ & $-0.0254279$ & $-0.000294062$ & $0.00420968$ & $0.0358501$ & $0.00108422$ & $0.0296962$ & $-9.37426e-05$ & $-0.00473323$ & $0.00289294$ & $-0.0428882$ & $0.00657736$ & $-0.00988603$ & $0.0278392$ & $-0.00130917$ & $0.0068583$ & $-0.00545279$ & $-0.0368557$ & $-0.00782398$ & $-0.00721275$ & $0.0248075$ & $0.00257524$ & $-0.0160786$ & $0.0246611$ & $0.0932718$ & $0.0364168$ & $-0.0229339$ & $0.0335633$ & $0.00751286$ & $-0.00973679$ & $-0.0285984$ & $-0.240069$ & $0.00789818$ & $-0.115353$ & $-0.0329063$ & $-0.166761$ & $0.000249393$ & $-0.0878558$ & $-0.221054$ & $1$ & $0.0968936$ & $0.00185275$ & $0.0764009$ & $-0.0236813$ \\
eHccint & $-0.162558$ & $-0.14822$ & $-0.00507098$ & $-0.0184839$ & $0.0058993$ & $0.0208141$ & $0.00482727$ & $-0.0202154$ & $-0.0160633$ & $0.0149471$ & $0.0268188$ & $0.0124047$ & $-0.0103683$ & $-0.00780926$ & $-0.0236586$ & $-0.013242$ & $-0.017571$ & $0.00838185$ & $0.000158985$ & $-0.0288379$ & $-0.0288876$ & $-0.0280816$ & $-0.019012$ & $0.0140046$ & $0.0097933$ & $0.0167579$ & $-0.00675701$ & $-0.0357501$ & $-0.0367189$ & $-0.000423015$ & $0.074265$ & $0.0164768$ & $0.0584056$ & $-0.00743413$ & $-0.078946$ & $0.0487882$ & $-0.0197582$ & $0.0459196$ & $-0.0116489$ & $-0.0325$ & $-0.216266$ & $0.0481905$ & $0.054083$ & $0.023464$ & $0.0968936$ & $1$ & $-0.00763631$ & $0.0401711$ & $0.0967954$ \\
eHccpar & $0.0271734$ & $0.221179$ & $-0.0809918$ & $-0.116881$ & $-0.0331742$ & $0.0121494$ & $0.00527936$ & $0.00873803$ & $0.00661551$ & $-0.0228891$ & $-0.00387964$ & $-0.0219328$ & $0.0144761$ & $-0.00313418$ & $-0.000858204$ & $0.0232581$ & $-0.0178739$ & $-0.0105922$ & $-0.0349477$ & $0.00451848$ & $0.00484644$ & $0.00669326$ & $-0.0351147$ & $-0.0168498$ & $-0.0302726$ & $0.038507$ & $-0.00686687$ & $0.00405547$ & $-0.0254097$ & $0.0383403$ & $0.290944$ & $0.0157771$ & $0.132409$ & $0.020427$ & $0.0583049$ & $-0.243372$ & $-0.168495$ & $-0.00726053$ & $-0.175281$ & $-0.0296704$ & $0.0534611$ & $-0.0436129$ & $-0.0500181$ & $0.00601147$ & $0.00185275$ & $-0.00763631$ & $1$ & $-0.00436694$ & $0.217906$ \\
eHbbint & $-0.0567981$ & $-0.0467867$ & $0.0785577$ & $-0.0603494$ & $-0.0144386$ & $-0.0147497$ & $0.00411951$ & $0.00846287$ & $0.0215047$ & $0.0162746$ & $0.00111058$ & $0.0354174$ & $-0.00692675$ & $-0.015172$ & $0.014898$ & $-0.0405433$ & $-0.0149415$ & $-0.0277206$ & $0.017089$ & $-0.00203842$ & $0.00204569$ & $0.00849243$ & $-0.0319431$ & $-0.0042589$ & $0.000333586$ & $0.0387812$ & $0.0253607$ & $0.013461$ & $0.0407128$ & $-0.00308209$ & $0.0351779$ & $0.00330533$ & $0.128435$ & $-0.00857542$ & $0.0455434$ & $-0.00969551$ & $-0.112402$ & $0.00522015$ & $-0.143531$ & $-0.00986183$ & $0.0738123$ & $-0.00961759$ & $0.0736075$ & $0.0339217$ & $0.0764009$ & $0.0401711$ & $-0.00436694$ & $1$ & $0.0259386$ \\
eHbbpar & $0.0604305$ & $-0.198197$ & $-0.0896047$ & $-0.1636$ & $-0.0564086$ & $0.0155872$ & $0.0669587$ & $-0.00810699$ & $-0.00149552$ & $-0.00466761$ & $0.0176682$ & $0.00708374$ & $0.0252581$ & $-0.0445699$ & $0.0433387$ & $0.0320258$ & $-0.00434671$ & $-0.0455758$ & $-0.0411562$ & $-0.0177072$ & $-0.0293515$ & $-0.0298029$ & $-0.0475844$ & $-0.00924332$ & $-0.0604893$ & $0.0243792$ & $-0.0815868$ & $0.00812253$ & $-0.00848433$ & $-0.018076$ & $0.0641166$ & $0.0673289$ & $0.359622$ & $-0.0398824$ & $0.0556167$ & $-0.17469$ & $0.234658$ & $-0.0748376$ & $-0.0172563$ & $-0.0192986$ & $-0.100662$ & $-0.0492987$ & $0.207333$ & $0.0869894$ & $-0.0236813$ & $0.0967954$ & $0.217906$ & $0.0259386$ & $1$ \\
