 & AlsMz & dAle5Mz & mtop & mHl & Mz & CW & CHG & CHWB & CHWHB_gaga & CHWHB_gagaorth & CHD & CHbox & CH & CHL1_11 & CHL1_22 & CHL1_33 & CHL3_11 & CHL3_22 & CHL3_33 & CHe_11 & CHe_22 & CHe_33 & CHQ1_11 & CHQ1_33 & CHQ3_11 & CHu_11 & CHd_11 & CHd_33 & CeH_22r & CeH_33r & CuH_22r & CuH_33r & CdH_33r & CLL_1221 & eHggint & eHggpar & eHWWint & eHWWpar & eHZZint & eHZZpar & eHZgaint & eHZgapar & eHgagaint & eHmumuint & eHtautauint & eHccint & eHccpar & eHbbint & eHbbpar \\
AlsMz & $1$ & $-0.733922$ & $-0.141851$ & $0.0711615$ & $0.372026$ & $0.0696323$ & $0.462059$ & $0.41702$ & $0.409944$ & $0.0783951$ & $-0.49572$ & $-0.558771$ & $-0.583664$ & $0.300021$ & $-0.398054$ & $-0.214835$ & $0.116649$ & $0.339533$ & $0.261929$ & $0.414015$ & $0.38155$ & $0.340063$ & $0.325866$ & $-0.0416706$ & $0.383585$ & $-0.114324$ & $0.674207$ & $0.355415$ & $-0.151861$ & $-0.420483$ & $-0.328413$ & $0.458327$ & $-0.428467$ & $0.275658$ & $-0.171309$ & $0.421391$ & $-0.0885929$ & $-0.299587$ & $0.092787$ & $0.540971$ & $0.577158$ & $-0.277529$ & $-0.28888$ & $-0.424937$ & $0.173631$ & $0.548216$ & $-0.00668805$ & $-0.233692$ & $-0.0254673$ \\
dAle5Mz & $-0.733922$ & $1$ & $0.165318$ & $0.107573$ & $-0.368379$ & $-0.0518746$ & $-0.605174$ & $-0.399885$ & $-0.383473$ & $-0.122809$ & $0.51716$ & $0.738168$ & $0.759585$ & $-0.448834$ & $0.276271$ & $0.0322945$ & $-0.176876$ & $-0.353962$ & $-0.247983$ & $-0.414236$ & $-0.347082$ & $-0.248221$ & $-0.269182$ & $-0.0416062$ & $-0.342984$ & $0.15659$ & $-0.405748$ & $-0.351658$ & $0.13172$ & $0.566511$ & $0.37842$ & $-0.580576$ & $0.611137$ & $-0.0866592$ & $0.0836209$ & $-0.19103$ & $-0.0385147$ & $0.207327$ & $-0.0667515$ & $-0.491632$ & $-0.663228$ & $0.168568$ & $0.531732$ & $0.344023$ & $-0.266664$ & $-0.746369$ & $-0.154144$ & $0.381021$ & $0.0878324$ \\
mtop & $-0.141851$ & $0.165318$ & $1$ & $-0.323475$ & $-0.109208$ & $-0.151468$ & $-0.0996638$ & $0.0769891$ & $0.0701498$ & $-0.208907$ & $0.01847$ & $0.110578$ & $0.10681$ & $-0.213125$ & $-0.0247745$ & $-0.09654$ & $-0.145273$ & $-0.0451972$ & $-0.0450873$ & $0.00102308$ & $0.0516878$ & $-0.00616529$ & $-0.112044$ & $-0.180456$ & $-0.0649437$ & $0.185269$ & $0.11231$ & $-0.10009$ & $0.0130281$ & $0.00801673$ & $0.152116$ & $-0.113894$ & $-0.0484141$ & $0.238079$ & $0.388312$ & $-0.601105$ & $-0.169574$ & $0.670442$ & $-0.282729$ & $-0.477391$ & $-0.0161165$ & $0.458682$ & $-0.119909$ & $0.102242$ & $-0.534292$ & $-0.343541$ & $0.206225$ & $-0.406301$ & $-0.335889$ \\
mHl & $0.0711615$ & $0.107573$ & $-0.323475$ & $1$ & $0.012045$ & $0.0329298$ & $-0.486597$ & $-0.0378157$ & $-0.0587713$ & $0.0578919$ & $0.0414074$ & $0.468607$ & $0.446372$ & $-0.0724292$ & $-0.00302275$ & $-0.198089$ & $0.0433388$ & $0.00505754$ & $0.0973237$ & $-0.0393106$ & $-0.0325724$ & $0.145093$ & $-0.14068$ & $0.0733822$ & $0.104651$ & $0.218922$ & $0.182726$ & $0.269648$ & $-0.0412138$ & $0.334934$ & $0.111316$ & $-0.460482$ & $0.321446$ & $0.0453691$ & $-0.259359$ & $0.577267$ & $0.175145$ & $-0.271289$ & $0.492635$ & $-0.0330061$ & $-0.3486$ & $-0.272342$ & $0.0359184$ & $0.0786819$ & $0.343444$ & $-0.244391$ & $-0.203721$ & $0.000559898$ & $0.172208$ \\
Mz & $0.372026$ & $-0.368379$ & $-0.109208$ & $0.012045$ & $1$ & $0.0481864$ & $0.277293$ & $0.209038$ & $0.210054$ & $0.0287235$ & $-0.205766$ & $-0.27124$ & $-0.29903$ & $0.0859854$ & $-0.133165$ & $-0.0656532$ & $0.0323169$ & $0.110988$ & $0.057028$ & $0.230868$ & $0.190203$ & $0.150231$ & $0.162085$ & $-0.00948931$ & $0.12573$ & $-0.0722988$ & $0.270671$ & $0.15124$ & $-0.0974355$ & $-0.18544$ & $-0.154873$ & $0.294931$ & $-0.166893$ & $0.0948766$ & $-0.0280082$ & $0.151284$ & $-0.166834$ & $-0.134756$ & $0.00537787$ & $0.239147$ & $0.308711$ & $-0.168114$ & $-0.112947$ & $-0.162638$ & $0.0828578$ & $0.26617$ & $-0.00812456$ & $-0.0166994$ & $0.0449288$ \\
CW & $0.0696323$ & $-0.0518746$ & $-0.151468$ & $0.0329298$ & $0.0481864$ & $1$ & $0.0846868$ & $-0.0263326$ & $-0.0196069$ & $0.0647498$ & $0.0118071$ & $-0.076677$ & $-0.0911483$ & $0.217617$ & $0.00706361$ & $0.0452743$ & $-0.114907$ & $-0.0260422$ & $-0.00392624$ & $-0.0198776$ & $0.0188877$ & $-0.0629475$ & $0.0252696$ & $0.15023$ & $-0.011915$ & $-0.0773055$ & $-0.066746$ & $0.0626889$ & $-0.104577$ & $-0.0279791$ & $0.0450306$ & $0.0905447$ & $0.0123381$ & $-0.155162$ & $-0.0317387$ & $0.162371$ & $-0.0692753$ & $-0.122975$ & $0.0764867$ & $0.138602$ & $0.105769$ & $-0.196429$ & $0.0916$ & $0.00665251$ & $0.11246$ & $0.11418$ & $0.0159884$ & $0.226353$ & $0.121127$ \\
CHG & $0.462059$ & $-0.605174$ & $-0.0996638$ & $-0.486597$ & $0.277293$ & $0.0846868$ & $1$ & $0.317178$ & $0.345089$ & $0.0661488$ & $-0.406973$ & $-0.882047$ & $-0.878559$ & $0.332622$ & $-0.259732$ & $0.10002$ & $0.0767853$ & $0.244171$ & $0.0692154$ & $0.357014$ & $0.313203$ & $0.143567$ & $0.295632$ & $-0.0473173$ & $0.150282$ & $-0.291252$ & $0.187329$ & $0.0689811$ & $-0.087114$ & $-0.65804$ & $-0.474329$ & $0.975262$ & $-0.640734$ & $0.106155$ & $-0.142808$ & $0.0687205$ & $0.00643534$ & $-0.212453$ & $-0.11578$ & $0.576254$ & $0.397685$ & $-0.0904447$ & $-0.155633$ & $-0.527622$ & $0.269098$ & $0.707825$ & $-0.054262$ & $-0.115238$ & $0.0297687$ \\
CHWB & $0.41702$ & $-0.399885$ & $0.0769891$ & $-0.0378157$ & $0.209038$ & $-0.0263326$ & $0.317178$ & $1$ & $0.992072$ & $-0.381555$ & $-0.90739$ & $-0.365149$ & $-0.348942$ & $0.0152529$ & $-0.150531$ & $0.0377889$ & $-0.449513$ & $-0.244953$ & $-0.332154$ & $0.874009$ & $0.680171$ & $0.632496$ & $0.115455$ & $-0.524369$ & $-0.29963$ & $-0.113938$ & $0.478332$ & $0.201311$ & $-0.0659803$ & $-0.315755$ & $-0.207486$ & $0.301887$ & $-0.336037$ & $0.637523$ & $-0.0491395$ & $0.0592406$ & $-0.0782266$ & $0.020935$ & $-0.00453667$ & $0.274408$ & $0.162897$ & $0.0941053$ & $-0.185968$ & $-0.4034$ & $0.0228353$ & $0.267928$ & $-0.147093$ & $-0.329395$ & $-0.033025$ \\
CHWHB_gaga & $0.409944$ & $-0.383473$ & $0.0701498$ & $-0.0587713$ & $0.210054$ & $-0.0196069$ & $0.345089$ & $0.992072$ & $1$ & $-0.382082$ & $-0.899299$ & $-0.371565$ & $-0.355521$ & $0.00735944$ & $-0.150306$ & $0.0443484$ & $-0.453759$ & $-0.248645$ & $-0.340013$ & $0.87236$ & $0.676167$ & $0.629675$ & $0.125647$ & $-0.527867$ & $-0.304374$ & $-0.122987$ & $0.472423$ & $0.181877$ & $-0.0616197$ & $-0.302827$ & $-0.203519$ & $0.328911$ & $-0.315965$ & $0.63253$ & $-0.0675236$ & $0.0631907$ & $-0.0941774$ & $0.00137742$ & $-0.024209$ & $0.295012$ & $0.151766$ & $0.0915171$ & $-0.143381$ & $-0.416653$ & $0.0310444$ & $0.27516$ & $-0.168625$ & $-0.299762$ & $-0.00708125$ \\
CHWHB_gagaorth & $0.0783951$ & $-0.122809$ & $-0.208907$ & $0.0578919$ & $0.0287235$ & $0.0647498$ & $0.0661488$ & $-0.381555$ & $-0.382082$ & $1$ & $0.0725246$ & $-0.0484876$ & $-0.10073$ & $0.640873$ & $0.0570392$ & $0.0122348$ & $0.738973$ & $0.519266$ & $0.542329$ & $-0.147408$ & $-0.0705381$ & $-0.0609735$ & $0.00987743$ & $0.479523$ & $0.595601$ & $-0.0304715$ & $-0.10019$ & $0.0535441$ & $-0.00555041$ & $-0.0367139$ & $-0.0554799$ & $0.0845336$ & $-0.0153067$ & $-0.331756$ & $-0.0426004$ & $0.173442$ & $0.00591471$ & $-0.192014$ & $0.0644752$ & $0.0932899$ & $0.143096$ & $-0.18196$ & $-0.0516363$ & $0.078245$ & $0.138294$ & $0.124984$ & $0.0484738$ & $0.149613$ & $0.0855235$ \\
CHD & $-0.49572$ & $0.51716$ & $0.01847$ & $0.0414074$ & $-0.205766$ & $0.0118071$ & $-0.406973$ & $-0.90739$ & $-0.899299$ & $0.0725246$ & $1$ & $0.472352$ & $0.468798$ & $-0.341802$ & $0.152726$ & $-0.0851827$ & $0.118353$ & $0.00472111$ & $0.100193$ & $-0.900791$ & $-0.726231$ & $-0.6538$ & $-0.142389$ & $0.334183$ & $0.0315762$ & $0.162655$ & $-0.46103$ & $-0.244389$ & $0.0780924$ & $0.38553$ & $0.254915$ & $-0.390297$ & $0.391274$ & $-0.492927$ & $0.0954694$ & $-0.140988$ & $0.0713601$ & $0.0845244$ & $-0.00196797$ & $-0.364763$ & $-0.259175$ & $-0.0250028$ & $0.244216$ & $0.412496$ & $-0.112457$ & $-0.388113$ & $0.128611$ & $0.298072$ & $-0.0149829$ \\
CHbox & $-0.558771$ & $0.738168$ & $0.110578$ & $0.468607$ & $-0.27124$ & $-0.076677$ & $-0.882047$ & $-0.365149$ & $-0.371565$ & $-0.0484876$ & $0.472352$ & $1$ & $0.989219$ & $-0.403346$ & $0.299603$ & $-0.103516$ & $-0.124258$ & $-0.292333$ & $-0.105896$ & $-0.381882$ & $-0.338941$ & $-0.167723$ & $-0.336333$ & $0.0400292$ & $-0.209487$ & $0.320543$ & $-0.245562$ & $-0.116715$ & $0.103293$ & $0.7381$ & $0.505753$ & $-0.844967$ & $0.743044$ & $-0.124168$ & $0.148568$ & $-0.119465$ & $-0.111272$ & $0.225194$ & $0.0613472$ & $-0.613438$ & $-0.489799$ & $0.139811$ & $0.252357$ & $0.564755$ & $-0.324181$ & $-0.799646$ & $0.00567801$ & $0.234552$ & $0.0292542$ \\
CH & $-0.583664$ & $0.759585$ & $0.10681$ & $0.446372$ & $-0.29903$ & $-0.0911483$ & $-0.878559$ & $-0.348942$ & $-0.355521$ & $-0.10073$ & $0.468798$ & $0.989219$ & $1$ & $-0.420467$ & $0.288565$ & $-0.0894102$ & $-0.150563$ & $-0.313848$ & $-0.141024$ & $-0.391026$ & $-0.344137$ & $-0.169145$ & $-0.327014$ & $0.000733987$ & $-0.243075$ & $0.31229$ & $-0.2584$ & $-0.13597$ & $0.112528$ & $0.722074$ & $0.489866$ & $-0.849074$ & $0.723815$ & $-0.0983002$ & $0.127375$ & $-0.122409$ & $-0.0719475$ & $0.227397$ & $0.0668488$ & $-0.595039$ & $-0.539614$ & $0.15578$ & $0.276613$ & $0.514792$ & $-0.297452$ & $-0.785775$ & $-0.0395439$ & $0.211715$ & $0.0241252$ \\
CHL1_11 & $0.300021$ & $-0.448834$ & $-0.213125$ & $-0.0724292$ & $0.0859854$ & $0.217617$ & $0.332622$ & $0.0152529$ & $0.00735944$ & $0.640873$ & $-0.341802$ & $-0.403346$ & $-0.420467$ & $1$ & $-0.0402516$ & $0.0961548$ & $0.559678$ & $0.505023$ & $0.479777$ & $0.149754$ & $0.235997$ & $0.113982$ & $0.0778103$ & $0.384327$ & $0.534214$ & $-0.132149$ & $0.0217482$ & $0.171616$ & $-0.0386078$ & $-0.28888$ & $-0.166049$ & $0.317397$ & $-0.25442$ & $-0.189188$ & $-0.0665852$ & $0.179179$ & $-0.0291911$ & $-0.219056$ & $0.0249722$ & $0.287177$ & $0.348215$ & $-0.172885$ & $-0.224266$ & $-0.0918241$ & $0.208834$ & $0.400729$ & $0.0759508$ & $0.00889951$ & $0.100949$ \\
CHL1_22 & $-0.398054$ & $0.276271$ & $-0.0247745$ & $-0.00302275$ & $-0.133165$ & $0.00706361$ & $-0.259732$ & $-0.150531$ & $-0.150306$ & $0.0570392$ & $0.152726$ & $0.299603$ & $0.288565$ & $-0.0402516$ & $1$ & $0.278826$ & $-0.0165164$ & $-0.561163$ & $-0.16403$ & $-0.118243$ & $-0.264165$ & $-0.209616$ & $-0.148057$ & $0.239113$ & $-0.275069$ & $0.0296517$ & $-0.52697$ & $-0.12235$ & $0.0843307$ & $0.226759$ & $0.160721$ & $-0.258076$ & $0.25986$ & $-0.537169$ & $0.11534$ & $-0.159901$ & $-0.0393507$ & $0.0679461$ & $0.0443964$ & $-0.268759$ & $-0.126614$ & $0.0137788$ & $0.069132$ & $0.368256$ & $-0.0562126$ & $-0.213301$ & $0.128144$ & $0.283235$ & $0.0788019$ \\
CHL1_33 & $-0.214835$ & $0.0322945$ & $-0.09654$ & $-0.198089$ & $-0.0656532$ & $0.0452743$ & $0.10002$ & $0.0377889$ & $0.0443484$ & $0.0122348$ & $-0.0851827$ & $-0.103516$ & $-0.0894102$ & $0.0961548$ & $0.278826$ & $1$ & $-0.0161991$ & $-0.192134$ & $-0.522481$ & $0.108485$ & $-0.0422311$ & $-0.164885$ & $0.0522357$ & $0.141012$ & $-0.233261$ & $-0.155297$ & $-0.425302$ & $-0.106212$ & $-0.0237171$ & $-0.051197$ & $-0.0100245$ & $0.0939018$ & $-0.0500996$ & $-0.213946$ & $-0.0214868$ & $-0.0861516$ & $0.127617$ & $-0.0518384$ & $0.0106174$ & $0.0184551$ & $-0.0452387$ & $-0.00378249$ & $-0.0149235$ & $0.0367808$ & $0.135929$ & $0.116688$ & $0.0211632$ & $0.104826$ & $0.0218718$ \\
CHL3_11 & $0.116649$ & $-0.176876$ & $-0.145273$ & $0.0433388$ & $0.0323169$ & $-0.114907$ & $0.0767853$ & $-0.449513$ & $-0.453759$ & $0.738973$ & $0.118353$ & $-0.124258$ & $-0.150563$ & $0.559678$ & $-0.0165164$ & $-0.0161991$ & $1$ & $0.633246$ & $0.6463$ & $-0.278376$ & $-0.102592$ & $-0.132761$ & $0.0132213$ & $0.542738$ & $0.729766$ & $0.0231455$ & $-0.0477134$ & $0.0837596$ & $-0.0221106$ & $-0.0856948$ & $-0.0648551$ & $0.0658933$ & $-0.0518891$ & $-0.260057$ & $-0.03873$ & $0.116743$ & $0.0244052$ & $-0.162077$ & $0.00545266$ & $0.0654909$ & $0.191011$ & $-0.129952$ & $-0.130097$ & $0.0892225$ & $0.100611$ & $0.131647$ & $0.104637$ & $0.0431543$ & $0.0558615$ \\
CHL3_22 & $0.339533$ & $-0.353962$ & $-0.0451972$ & $0.00505754$ & $0.110988$ & $-0.0260422$ & $0.244171$ & $-0.244953$ & $-0.248645$ & $0.519266$ & $0.00472111$ & $-0.292333$ & $-0.313848$ & $0.505023$ & $-0.561163$ & $-0.192134$ & $0.633246$ & $1$ & $0.633226$ & $-0.111197$ & $0.03158$ & $-0.0187568$ & $0.078463$ & $0.27255$ & $0.76725$ & $0.0125599$ & $0.272128$ & $0.125714$ & $-0.0524103$ & $-0.234406$ & $-0.172964$ & $0.234574$ & $-0.226006$ & $0.233798$ & $-0.0519778$ & $0.14543$ & $0.0137725$ & $-0.102158$ & $-0.0156665$ & $0.19771$ & $0.251249$ & $-0.0756653$ & $-0.175692$ & $-0.157561$ & $0.0894569$ & $0.245681$ & $0.0315962$ & $-0.157992$ & $-0.00932816$ \\
CHL3_33 & $0.261929$ & $-0.247983$ & $-0.0450873$ & $0.0973237$ & $0.057028$ & $-0.00392624$ & $0.0692154$ & $-0.332154$ & $-0.340013$ & $0.542329$ & $0.100193$ & $-0.105896$ & $-0.141024$ & $0.479777$ & $-0.16403$ & $-0.522481$ & $0.6463$ & $0.633226$ & $1$ & $-0.211941$ & $-0.0463628$ & $-0.052658$ & $-0.0242777$ & $0.351774$ & $0.758925$ & $0.0837161$ & $0.220022$ & $0.139932$ & $0.015796$ & $-0.0932297$ & $-0.0799249$ & $0.0610218$ & $-0.0741922$ & $-0.115164$ & $0.00762157$ & $0.132201$ & $-0.0978065$ & $-0.0748803$ & $-0.00410123$ & $0.0690251$ & $0.240574$ & $-0.0941242$ & $-0.155461$ & $0.0215005$ & $0.000405403$ & $0.107732$ & $0.0883417$ & $-0.0186499$ & $0.0239275$ \\
CHe_11 & $0.414015$ & $-0.414236$ & $0.00102308$ & $-0.0393106$ & $0.230868$ & $-0.0198776$ & $0.357014$ & $0.874009$ & $0.87236$ & $-0.147408$ & $-0.900791$ & $-0.381882$ & $-0.391026$ & $0.149754$ & $-0.118243$ & $0.108485$ & $-0.278376$ & $-0.111197$ & $-0.211941$ & $1$ & $0.695883$ & $0.659922$ & $0.143338$ & $-0.409872$ & $-0.144544$ & $-0.18188$ & $0.421582$ & $0.198723$ & $-0.0690227$ & $-0.31713$ & $-0.24304$ & $0.356169$ & $-0.324255$ & $0.438652$ & $-0.0974312$ & $0.121663$ & $-0.0756824$ & $-0.0633595$ & $0.00355974$ & $0.330232$ & $0.174657$ & $0.0458139$ & $-0.1695$ & $-0.405926$ & $0.101959$ & $0.328552$ & $-0.165784$ & $-0.249795$ & $0.0221654$ \\
CHe_22 & $0.38155$ & $-0.347082$ & $0.0516878$ & $-0.0325724$ & $0.190203$ & $0.0188877$ & $0.313203$ & $0.680171$ & $0.676167$ & $-0.0705381$ & $-0.726231$ & $-0.338941$ & $-0.344137$ & $0.235997$ & $-0.264165$ & $-0.0422311$ & $-0.102592$ & $0.03158$ & $-0.0463628$ & $0.695883$ & $1$ & $0.572452$ & $0.10515$ & $-0.358193$ & $-0.01843$ & $-0.10184$ & $0.449805$ & $0.208716$ & $-0.0689449$ & $-0.274035$ & $-0.189386$ & $0.307296$ & $-0.273875$ & $0.430031$ & $-0.0404217$ & $0.0845172$ & $-0.119647$ & $-0.0128098$ & $-0.0349075$ & $0.260963$ & $0.180741$ & $0.0437174$ & $-0.161939$ & $-0.326265$ & $0.00897907$ & $0.231956$ & $-0.100133$ & $-0.229556$ & $0.0140546$ \\
CHe_33 & $0.340063$ & $-0.248221$ & $-0.00616529$ & $0.145093$ & $0.150231$ & $-0.0629475$ & $0.143567$ & $0.632496$ & $0.629675$ & $-0.0609735$ & $-0.6538$ & $-0.167723$ & $-0.169145$ & $0.113982$ & $-0.209616$ & $-0.164885$ & $-0.132761$ & $-0.0187568$ & $-0.052658$ & $0.659922$ & $0.572452$ & $1$ & $0.0676491$ & $-0.365624$ & $-0.0338159$ & $-0.057668$ & $0.476676$ & $0.183259$ & $-0.0657404$ & $-0.160552$ & $-0.164451$ & $0.139661$ & $-0.141323$ & $0.422566$ & $-0.186415$ & $0.198742$ & $-0.109376$ & $-0.130693$ & $-0.036643$ & $0.271092$ & $0.0239274$ & $0.0453495$ & $-0.0784952$ & $-0.344834$ & $0.0936546$ & $0.171698$ & $-0.259296$ & $-0.209258$ & $0.104815$ \\
CHQ1_11 & $0.325866$ & $-0.269182$ & $-0.112044$ & $-0.14068$ & $0.162085$ & $0.0252696$ & $0.295632$ & $0.115455$ & $0.125647$ & $0.00987743$ & $-0.142389$ & $-0.336333$ & $-0.327014$ & $0.0778103$ & $-0.148057$ & $0.0522357$ & $0.0132213$ & $0.078463$ & $-0.0242777$ & $0.143338$ & $0.10515$ & $0.0676491$ & $1$ & $-0.0296155$ & $0.0825825$ & $-0.603934$ & $0.228273$ & $0.106071$ & $-0.0626056$ & $-0.203831$ & $-0.174006$ & $0.3037$ & $-0.226207$ & $0.0163159$ & $-0.118328$ & $0.19297$ & $0.0679897$ & $-0.219551$ & $0.0118046$ & $0.371953$ & $0.246046$ & $-0.208912$ & $0.0780784$ & $-0.228171$ & $0.163802$ & $0.379358$ & $-0.0440429$ & $0.00539022$ & $0.0295419$ \\
CHQ1_33 & $-0.0416706$ & $-0.0416062$ & $-0.180456$ & $0.0733822$ & $-0.00948931$ & $0.15023$ & $-0.0473173$ & $-0.524369$ & $-0.527867$ & $0.479523$ & $0.334183$ & $0.0400292$ & $0.000733987$ & $0.384327$ & $0.239113$ & $0.141012$ & $0.542738$ & $0.27255$ & $0.351774$ & $-0.409872$ & $-0.358193$ & $-0.365624$ & $-0.0296155$ & $1$ & $0.373098$ & $0.0247779$ & $-0.273247$ & $0.146533$ & $-0.0185597$ & $0.0503593$ & $0.112126$ & $-0.0389995$ & $0.102455$ & $-0.495965$ & $0.03331$ & $0.0956472$ & $-0.00782237$ & $-0.146523$ & $0.0373247$ & $-0.0212832$ & $0.193363$ & $-0.220115$ & $-0.0505358$ & $0.313842$ & $0.0597899$ & $0.041894$ & $0.246305$ & $0.262764$ & $0.0917493$ \\
CHQ3_11 & $0.383585$ & $-0.342984$ & $-0.0649437$ & $0.104651$ & $0.12573$ & $-0.011915$ & $0.150282$ & $-0.29963$ & $-0.304374$ & $0.595601$ & $0.0315762$ & $-0.209487$ & $-0.243075$ & $0.534214$ & $-0.275069$ & $-0.233261$ & $0.729766$ & $0.76725$ & $0.758925$ & $-0.144544$ & $-0.01843$ & $-0.0338159$ & $0.0825825$ & $0.373098$ & $1$ & $0.05728$ & $0.374888$ & $0.128366$ & $-0.0610661$ & $-0.154815$ & $-0.131119$ & $0.142954$ & $-0.129918$ & $-0.0478363$ & $-0.108963$ & $0.212517$ & $-0.0896027$ & $-0.16726$ & $-0.0390881$ & $0.203446$ & $0.265244$ & $-0.109767$ & $-0.191241$ & $-0.126366$ & $0.0637053$ & $0.215107$ & $-0.0118421$ & $-0.124662$ & $0.0637625$ \\
CHu_11 & $-0.114324$ & $0.15659$ & $0.185269$ & $0.218922$ & $-0.0722988$ & $-0.0773055$ & $-0.291252$ & $-0.113938$ & $-0.122987$ & $-0.0304715$ & $0.162655$ & $0.320543$ & $0.31229$ & $-0.132149$ & $0.0296517$ & $-0.155297$ & $0.0231455$ & $0.0125599$ & $0.0837161$ & $-0.18188$ & $-0.10184$ & $-0.057668$ & $-0.603934$ & $0.0247779$ & $0.05728$ & $1$ & $0.182099$ & $-0.0429325$ & $-0.00100216$ & $0.186613$ & $0.157123$ & $-0.293371$ & $0.226963$ & $0.0682106$ & $0.0789884$ & $-0.12899$ & $-0.206821$ & $0.199106$ & $-0.116906$ & $-0.232662$ & $-0.17616$ & $0.222892$ & $-0.0868414$ & $0.104538$ & $-0.240886$ & $-0.385741$ & $-0.0533253$ & $-0.162068$ & $0.0708618$ \\
CHd_11 & $0.674207$ & $-0.405748$ & $0.11231$ & $0.182726$ & $0.270671$ & $-0.066746$ & $0.187329$ & $0.478332$ & $0.472423$ & $-0.10019$ & $-0.46103$ & $-0.245562$ & $-0.2584$ & $0.0217482$ & $-0.52697$ & $-0.425302$ & $-0.0477134$ & $0.272128$ & $0.220022$ & $0.421582$ & $0.449805$ & $0.476676$ & $0.228273$ & $-0.273247$ & $0.374888$ & $0.182099$ & $1$ & $0.220074$ & $-0.115229$ & $-0.205259$ & $-0.167533$ & $0.1886$ & $-0.201631$ & $0.560488$ & $-0.15767$ & $0.238328$ & $-0.246493$ & $-0.0751852$ & $-0.130886$ & $0.353933$ & $0.214111$ & $0.03506$ & $-0.159788$ & $-0.464556$ & $-0.103601$ & $0.166046$ & $-0.246414$ & $-0.412428$ & $0.0483362$ \\
CHd_33 & $0.355415$ & $-0.351658$ & $-0.10009$ & $0.269648$ & $0.15124$ & $0.0626889$ & $0.0689811$ & $0.201311$ & $0.181877$ & $0.0535441$ & $-0.244389$ & $-0.116715$ & $-0.13597$ & $0.171616$ & $-0.12235$ & $-0.106212$ & $0.0837596$ & $0.125714$ & $0.139932$ & $0.198723$ & $0.208716$ & $0.183259$ & $0.106071$ & $0.146533$ & $0.128366$ & $-0.0429325$ & $0.220074$ & $1$ & $-0.0314474$ & $-0.151722$ & $-0.117613$ & $0.0755543$ & $-0.191187$ & $0.0944169$ & $0.168469$ & $0.250001$ & $0.157018$ & $0.0267737$ & $0.388441$ & $0.0527243$ & $0.28765$ & $-0.284961$ & $-0.165607$ & $0.0153866$ & $0.117202$ & $0.160173$ & $0.214447$ & $-0.0946322$ & $-0.133141$ \\
CeH_22r & $-0.151861$ & $0.13172$ & $0.0130281$ & $-0.0412138$ & $-0.0974355$ & $-0.104577$ & $-0.087114$ & $-0.0659803$ & $-0.0616197$ & $-0.00555041$ & $0.0780924$ & $0.103293$ & $0.112528$ & $-0.0386078$ & $0.0843307$ & $-0.0237171$ & $-0.0221106$ & $-0.0524103$ & $0.015796$ & $-0.0690227$ & $-0.0689449$ & $-0.0657404$ & $-0.0626056$ & $-0.0185597$ & $-0.0610661$ & $-0.00100216$ & $-0.115229$ & $-0.0314474$ & $1$ & $0.047061$ & $0.0439923$ & $-0.102558$ & $0.0605365$ & $-0.0352672$ & $0.0646666$ & $-0.111286$ & $0.0834036$ & $0.0790253$ & $0.0271077$ & $-0.103215$ & $-0.100926$ & $0.0856313$ & $0.0633223$ & $0.0351356$ & $-0.0544726$ & $-0.0969515$ & $0.0356932$ & $0.0171432$ & $-0.0490803$ \\
CeH_33r & $-0.420483$ & $0.566511$ & $0.00801673$ & $0.334934$ & $-0.18544$ & $-0.0279791$ & $-0.65804$ & $-0.315755$ & $-0.302827$ & $-0.0367139$ & $0.38553$ & $0.7381$ & $0.722074$ & $-0.28888$ & $0.226759$ & $-0.051197$ & $-0.0856948$ & $-0.234406$ & $-0.0932297$ & $-0.31713$ & $-0.274035$ & $-0.160552$ & $-0.203831$ & $0.0503593$ & $-0.154815$ & $0.186613$ & $-0.205259$ & $-0.151722$ & $0.047061$ & $1$ & $0.533191$ & $-0.57071$ & $0.82954$ & $-0.157845$ & $-0.038554$ & $-0.0147595$ & $-0.123855$ & $0.0302071$ & $-0.02238$ & $-0.371615$ & $-0.378521$ & $0.0499748$ & $0.218888$ & $0.417093$ & $-0.159014$ & $-0.543582$ & $-0.0692232$ & $0.257732$ & $0.0869314$ \\
CuH_22r & $-0.328413$ & $0.37842$ & $0.152116$ & $0.111316$ & $-0.154873$ & $0.0450306$ & $-0.474329$ & $-0.207486$ & $-0.203519$ & $-0.0554799$ & $0.254915$ & $0.505753$ & $0.489866$ & $-0.166049$ & $0.160721$ & $-0.0100245$ & $-0.0648551$ & $-0.172964$ & $-0.0799249$ & $-0.24304$ & $-0.189386$ & $-0.164451$ & $-0.174006$ & $0.112126$ & $-0.131119$ & $0.157123$ & $-0.167533$ & $-0.117613$ & $0.0439923$ & $0.533191$ & $1$ & $-0.418623$ & $0.552613$ & $-0.11283$ & $0.127793$ & $-0.197062$ & $-0.11719$ & $0.164908$ & $-0.124734$ & $-0.37409$ & $-0.119501$ & $0.0794288$ & $0.0790796$ & $0.455371$ & $-0.299323$ & $-0.427754$ & $0.175554$ & $0.152622$ & $-0.017682$ \\
CuH_33r & $0.458327$ & $-0.580576$ & $-0.113894$ & $-0.460482$ & $0.294931$ & $0.0905447$ & $0.975262$ & $0.301887$ & $0.328911$ & $0.0845336$ & $-0.390297$ & $-0.844967$ & $-0.849074$ & $0.317397$ & $-0.258076$ & $0.0939018$ & $0.0658933$ & $0.234574$ & $0.0610218$ & $0.356169$ & $0.307296$ & $0.139661$ & $0.3037$ & $-0.0389995$ & $0.142954$ & $-0.293371$ & $0.1886$ & $0.0755543$ & $-0.102558$ & $-0.57071$ & $-0.418623$ & $1$ & $-0.541265$ & $0.0912607$ & $-0.137736$ & $0.0878893$ & $-0.0117449$ & $-0.215195$ & $-0.0974856$ & $0.569302$ & $0.384713$ & $-0.107117$ & $-0.133929$ & $-0.518963$ & $0.265523$ & $0.692663$ & $-0.0656301$ & $-0.0800447$ & $0.0398143$ \\
CdH_33r & $-0.428467$ & $0.611137$ & $-0.0484141$ & $0.321446$ & $-0.166893$ & $0.0123381$ & $-0.640734$ & $-0.336037$ & $-0.315965$ & $-0.0153067$ & $0.391274$ & $0.743044$ & $0.723815$ & $-0.25442$ & $0.25986$ & $-0.0500996$ & $-0.0518891$ & $-0.226006$ & $-0.0741922$ & $-0.324255$ & $-0.273875$ & $-0.141323$ & $-0.226207$ & $0.102455$ & $-0.129918$ & $0.226963$ & $-0.201631$ & $-0.191187$ & $0.0605365$ & $0.82954$ & $0.552613$ & $-0.541265$ & $1$ & $-0.170633$ & $-0.0803287$ & $0.02043$ & $-0.322691$ & $-0.0466364$ & $-0.125295$ & $-0.292226$ & $-0.402522$ & $0.0900769$ & $0.310193$ & $0.400974$ & $-0.177817$ & $-0.540323$ & $-0.14764$ & $0.426137$ & $0.346893$ \\
CLL_1221 & $0.275658$ & $-0.0866592$ & $0.238079$ & $0.0453691$ & $0.0948766$ & $-0.155162$ & $0.106155$ & $0.637523$ & $0.63253$ & $-0.331756$ & $-0.492927$ & $-0.124168$ & $-0.0983002$ & $-0.189188$ & $-0.537169$ & $-0.213946$ & $-0.260057$ & $0.233798$ & $-0.115164$ & $0.438652$ & $0.430031$ & $0.422566$ & $0.0163159$ & $-0.495965$ & $-0.0478363$ & $0.0682106$ & $0.560488$ & $0.0944169$ & $-0.0352672$ & $-0.157845$ & $-0.11283$ & $0.0912607$ & $-0.170633$ & $1$ & $0.00499161$ & $-0.00577153$ & $-0.0710054$ & $0.16328$ & $-0.0578366$ & $0.0801$ & $-0.0481988$ & $0.194082$ & $-0.0294186$ & $-0.346004$ & $-0.149829$ & $-0.0425949$ & $-0.198284$ & $-0.351446$ & $-0.0777774$ \\
eHggint & $-0.171309$ & $0.0836209$ & $0.388312$ & $-0.259359$ & $-0.0280082$ & $-0.0317387$ & $-0.142808$ & $-0.0491395$ & $-0.0675236$ & $-0.0426004$ & $0.0954694$ & $0.148568$ & $0.127375$ & $-0.0665852$ & $0.11534$ & $-0.0214868$ & $-0.03873$ & $-0.0519778$ & $0.00762157$ & $-0.0974312$ & $-0.0404217$ & $-0.186415$ & $-0.118328$ & $0.03331$ & $-0.108963$ & $0.0789884$ & $-0.15767$ & $0.168469$ & $0.0646666$ & $-0.038554$ & $0.127793$ & $-0.137736$ & $-0.0803287$ & $0.00499161$ & $1$ & $-0.541091$ & $0.0173341$ & $0.767156$ & $0.287833$ & $-0.623064$ & $0.261204$ & $0.0406567$ & $-0.0276503$ & $0.368919$ & $-0.555162$ & $-0.304681$ & $0.554289$ & $-0.00787746$ & $-0.39752$ \\
eHggpar & $0.421391$ & $-0.19103$ & $-0.601105$ & $0.577267$ & $0.151284$ & $0.162371$ & $0.0687205$ & $0.0592406$ & $0.0631907$ & $0.173442$ & $-0.140988$ & $-0.119465$ & $-0.122409$ & $0.179179$ & $-0.159901$ & $-0.0861516$ & $0.116743$ & $0.14543$ & $0.132201$ & $0.121663$ & $0.0845172$ & $0.198742$ & $0.19297$ & $0.0956472$ & $0.212517$ & $-0.12899$ & $0.238328$ & $0.250001$ & $-0.111286$ & $-0.0147595$ & $-0.197062$ & $0.0878893$ & $0.02043$ & $-0.00577153$ & $-0.541091$ & $1$ & $0.131408$ & $-0.719513$ & $0.359096$ & $0.572199$ & $-0.036324$ & $-0.600527$ & $0.191935$ & $-0.268399$ & $0.664318$ & $0.403212$ & $-0.337181$ & $0.247052$ & $0.368342$ \\
eHWWint & $-0.0885929$ & $-0.0385147$ & $-0.169574$ & $0.175145$ & $-0.166834$ & $-0.0692753$ & $0.00643534$ & $-0.0782266$ & $-0.0941774$ & $0.00591471$ & $0.0713601$ & $-0.111272$ & $-0.0719475$ & $-0.0291911$ & $-0.0393507$ & $0.127617$ & $0.0244052$ & $0.0137725$ & $-0.0978065$ & $-0.0756824$ & $-0.119647$ & $-0.109376$ & $0.0679897$ & $-0.00782237$ & $-0.0896027$ & $-0.206821$ & $-0.246493$ & $0.157018$ & $0.0834036$ & $-0.123855$ & $-0.11719$ & $-0.0117449$ & $-0.322691$ & $-0.0710054$ & $0.0173341$ & $0.131408$ & $1$ & $-0.00198161$ & $0.548298$ & $-0.0792136$ & $-0.0886871$ & $-0.388313$ & $-0.052975$ & $-0.0330295$ & $0.428855$ & $0.167836$ & $0.238112$ & $-0.248825$ & $-0.513413$ \\
eHWWpar & $-0.299587$ & $0.207327$ & $0.670442$ & $-0.271289$ & $-0.134756$ & $-0.122975$ & $-0.212453$ & $0.020935$ & $0.00137742$ & $-0.192014$ & $0.0845244$ & $0.225194$ & $0.227397$ & $-0.219056$ & $0.0679461$ & $-0.0518384$ & $-0.162077$ & $-0.102158$ & $-0.0748803$ & $-0.0633595$ & $-0.0128098$ & $-0.130693$ & $-0.219551$ & $-0.146523$ & $-0.16726$ & $0.199106$ & $-0.0751852$ & $0.0267737$ & $0.0790253$ & $0.0302071$ & $0.164908$ & $-0.215195$ & $-0.0466364$ & $0.16328$ & $0.767156$ & $-0.719513$ & $-0.00198161$ & $1$ & $0.0699667$ & $-0.677292$ & $-0.00199062$ & $0.409607$ & $-0.104947$ & $0.198343$ & $-0.638543$ & $-0.449468$ & $0.349048$ & $-0.30523$ & $-0.484967$ \\
eHZZint & $0.092787$ & $-0.0667515$ & $-0.282729$ & $0.492635$ & $0.00537787$ & $0.0764867$ & $-0.11578$ & $-0.00453667$ & $-0.024209$ & $0.0644752$ & $-0.00196797$ & $0.0613472$ & $0.0668488$ & $0.0249722$ & $0.0443964$ & $0.0106174$ & $0.00545266$ & $-0.0156665$ & $-0.00410123$ & $0.00355974$ & $-0.0349075$ & $-0.036643$ & $0.0118046$ & $0.0373247$ & $-0.0390881$ & $-0.116906$ & $-0.130886$ & $0.388441$ & $0.0271077$ & $-0.02238$ & $-0.124734$ & $-0.0974856$ & $-0.125295$ & $-0.0578366$ & $0.287833$ & $0.359096$ & $0.548298$ & $0.0699667$ & $1$ & $-0.136593$ & $-0.0812099$ & $-0.496816$ & $0.0836072$ & $-0.0512619$ & $0.430469$ & $0.0909269$ & $0.0653529$ & $0.0505954$ & $-0.23244$ \\
eHZZpar & $0.540971$ & $-0.491632$ & $-0.477391$ & $-0.0330061$ & $0.239147$ & $0.138602$ & $0.576254$ & $0.274408$ & $0.295012$ & $0.0932899$ & $-0.364763$ & $-0.613438$ & $-0.595039$ & $0.287177$ & $-0.268759$ & $0.0184551$ & $0.0654909$ & $0.19771$ & $0.0690251$ & $0.330232$ & $0.260963$ & $0.271092$ & $0.371953$ & $-0.0212832$ & $0.203446$ & $-0.232662$ & $0.353933$ & $0.0527243$ & $-0.103215$ & $-0.371615$ & $-0.37409$ & $0.569302$ & $-0.292226$ & $0.0801$ & $-0.623064$ & $0.572199$ & $-0.0792136$ & $-0.677292$ & $-0.136593$ & $1$ & $0.157538$ & $-0.233697$ & $0.0297092$ & $-0.62219$ & $0.526285$ & $0.695138$ & $-0.408782$ & $0.0353432$ & $0.395226$ \\
eHZgaint & $0.577158$ & $-0.663228$ & $-0.0161165$ & $-0.3486$ & $0.308711$ & $0.105769$ & $0.397685$ & $0.162897$ & $0.151766$ & $0.143096$ & $-0.259175$ & $-0.489799$ & $-0.539614$ & $0.348215$ & $-0.126614$ & $-0.0452387$ & $0.191011$ & $0.251249$ & $0.240574$ & $0.174657$ & $0.180741$ & $0.0239274$ & $0.246046$ & $0.193363$ & $0.265244$ & $-0.17616$ & $0.214111$ & $0.28765$ & $-0.100926$ & $-0.378521$ & $-0.119501$ & $0.384713$ & $-0.402522$ & $-0.0481988$ & $0.261204$ & $-0.036324$ & $-0.0886871$ & $-0.00199062$ & $-0.0812099$ & $0.157538$ & $1$ & $-0.303482$ & $-0.358552$ & $0.187537$ & $-0.198071$ & $0.499651$ & $0.565115$ & $-0.0109767$ & $-0.21553$ \\
eHZgapar & $-0.277529$ & $0.168568$ & $0.458682$ & $-0.272342$ & $-0.168114$ & $-0.196429$ & $-0.0904447$ & $0.0941053$ & $0.0915171$ & $-0.18196$ & $-0.0250028$ & $0.139811$ & $0.15578$ & $-0.172885$ & $0.0137788$ & $-0.00378249$ & $-0.129952$ & $-0.0756653$ & $-0.0941242$ & $0.0458139$ & $0.0437174$ & $0.0453495$ & $-0.208912$ & $-0.220115$ & $-0.109767$ & $0.222892$ & $0.03506$ & $-0.284961$ & $0.0856313$ & $0.0499748$ & $0.0794288$ & $-0.107117$ & $0.0900769$ & $0.194082$ & $0.0406567$ & $-0.600527$ & $-0.388313$ & $0.409607$ & $-0.496816$ & $-0.233697$ & $-0.303482$ & $1$ & $-0.199303$ & $-0.125679$ & $-0.473466$ & $-0.362951$ & $-0.21597$ & $-0.362392$ & $-0.00773683$ \\
eHgagaint & $-0.28888$ & $0.531732$ & $-0.119909$ & $0.0359184$ & $-0.112947$ & $0.0916$ & $-0.155633$ & $-0.185968$ & $-0.143381$ & $-0.0516363$ & $0.244216$ & $0.252357$ & $0.276613$ & $-0.224266$ & $0.069132$ & $-0.0149235$ & $-0.130097$ & $-0.175692$ & $-0.155461$ & $-0.1695$ & $-0.161939$ & $-0.0784952$ & $0.0780784$ & $-0.0505358$ & $-0.191241$ & $-0.0868414$ & $-0.159788$ & $-0.165607$ & $0.0633223$ & $0.218888$ & $0.0790796$ & $-0.133929$ & $0.310193$ & $-0.0294186$ & $-0.0276503$ & $0.191935$ & $-0.052975$ & $-0.104947$ & $0.0836072$ & $0.0297092$ & $-0.358552$ & $-0.199303$ & $1$ & $-0.0193215$ & $0.0734771$ & $-0.174735$ & $-0.25687$ & $0.554978$ & $0.356341$ \\
eHmumuint & $-0.424937$ & $0.344023$ & $0.102242$ & $0.0786819$ & $-0.162638$ & $0.00665251$ & $-0.527622$ & $-0.4034$ & $-0.416653$ & $0.078245$ & $0.412496$ & $0.564755$ & $0.514792$ & $-0.0918241$ & $0.368256$ & $0.0367808$ & $0.0892225$ & $-0.157561$ & $0.0215005$ & $-0.405926$ & $-0.326265$ & $-0.344834$ & $-0.228171$ & $0.313842$ & $-0.126366$ & $0.104538$ & $-0.464556$ & $0.0153866$ & $0.0351356$ & $0.417093$ & $0.455371$ & $-0.518963$ & $0.400974$ & $-0.346004$ & $0.368919$ & $-0.268399$ & $-0.0330295$ & $0.198343$ & $-0.0512619$ & $-0.62219$ & $0.187537$ & $-0.125679$ & $-0.0193215$ & $1$ & $-0.381307$ & $-0.454729$ & $0.654771$ & $0.359287$ & $-0.130582$ \\
eHtautauint & $0.173631$ & $-0.266664$ & $-0.534292$ & $0.343444$ & $0.0828578$ & $0.11246$ & $0.269098$ & $0.0228353$ & $0.0310444$ & $0.138294$ & $-0.112457$ & $-0.324181$ & $-0.297452$ & $0.208834$ & $-0.0562126$ & $0.135929$ & $0.100611$ & $0.0894569$ & $0.000405403$ & $0.101959$ & $0.00897907$ & $0.0936546$ & $0.163802$ & $0.0597899$ & $0.0637053$ & $-0.240886$ & $-0.103601$ & $0.117202$ & $-0.0544726$ & $-0.159014$ & $-0.299323$ & $0.265523$ & $-0.177817$ & $-0.149829$ & $-0.555162$ & $0.664318$ & $0.428855$ & $-0.638543$ & $0.430469$ & $0.526285$ & $-0.198071$ & $-0.473466$ & $0.0734771$ & $-0.381307$ & $1$ & $0.506746$ & $-0.355841$ & $0.0951391$ & $0.237807$ \\
eHccint & $0.548216$ & $-0.746369$ & $-0.343541$ & $-0.244391$ & $0.26617$ & $0.11418$ & $0.707825$ & $0.267928$ & $0.27516$ & $0.124984$ & $-0.388113$ & $-0.799646$ & $-0.785775$ & $0.400729$ & $-0.213301$ & $0.116688$ & $0.131647$ & $0.245681$ & $0.107732$ & $0.328552$ & $0.231956$ & $0.171698$ & $0.379358$ & $0.041894$ & $0.215107$ & $-0.385741$ & $0.166046$ & $0.160173$ & $-0.0969515$ & $-0.543582$ & $-0.427754$ & $0.692663$ & $-0.540323$ & $-0.0425949$ & $-0.304681$ & $0.403212$ & $0.167836$ & $-0.449468$ & $0.0909269$ & $0.695138$ & $0.499651$ & $-0.362951$ & $-0.174735$ & $-0.454729$ & $0.506746$ & $1$ & $-0.0207046$ & $-0.00484219$ & $0.0497058$ \\
eHccpar & $-0.00668805$ & $-0.154144$ & $0.206225$ & $-0.203721$ & $-0.00812456$ & $0.0159884$ & $-0.054262$ & $-0.147093$ & $-0.168625$ & $0.0484738$ & $0.128611$ & $0.00567801$ & $-0.0395439$ & $0.0759508$ & $0.128144$ & $0.0211632$ & $0.104637$ & $0.0315962$ & $0.0883417$ & $-0.165784$ & $-0.100133$ & $-0.259296$ & $-0.0440429$ & $0.246305$ & $-0.0118421$ & $-0.0533253$ & $-0.246414$ & $0.214447$ & $0.0356932$ & $-0.0692232$ & $0.175554$ & $-0.0656301$ & $-0.14764$ & $-0.198284$ & $0.554289$ & $-0.337181$ & $0.238112$ & $0.349048$ & $0.0653529$ & $-0.408782$ & $0.565115$ & $-0.21597$ & $-0.25687$ & $0.654771$ & $-0.355841$ & $-0.0207046$ & $1$ & $0.0338622$ & $-0.417619$ \\
eHbbint & $-0.233692$ & $0.381021$ & $-0.406301$ & $0.000559898$ & $-0.0166994$ & $0.226353$ & $-0.115238$ & $-0.329395$ & $-0.299762$ & $0.149613$ & $0.298072$ & $0.234552$ & $0.211715$ & $0.00889951$ & $0.283235$ & $0.104826$ & $0.0431543$ & $-0.157992$ & $-0.0186499$ & $-0.249795$ & $-0.229556$ & $-0.209258$ & $0.00539022$ & $0.262764$ & $-0.124662$ & $-0.162068$ & $-0.412428$ & $-0.0946322$ & $0.0171432$ & $0.257732$ & $0.152622$ & $-0.0800447$ & $0.426137$ & $-0.351446$ & $-0.00787746$ & $0.247052$ & $-0.248825$ & $-0.30523$ & $0.0505954$ & $0.0353432$ & $-0.0109767$ & $-0.362392$ & $0.554978$ & $0.359287$ & $0.0951391$ & $-0.00484219$ & $0.0338622$ & $1$ & $0.426738$ \\
eHbbpar & $-0.0254673$ & $0.0878324$ & $-0.335889$ & $0.172208$ & $0.0449288$ & $0.121127$ & $0.0297687$ & $-0.033025$ & $-0.00708125$ & $0.0855235$ & $-0.0149829$ & $0.0292542$ & $0.0241252$ & $0.100949$ & $0.0788019$ & $0.0218718$ & $0.0558615$ & $-0.00932816$ & $0.0239275$ & $0.0221654$ & $0.0140546$ & $0.104815$ & $0.0295419$ & $0.0917493$ & $0.0637625$ & $0.0708618$ & $0.0483362$ & $-0.133141$ & $-0.0490803$ & $0.0869314$ & $-0.017682$ & $0.0398143$ & $0.346893$ & $-0.0777774$ & $-0.39752$ & $0.368342$ & $-0.513413$ & $-0.484967$ & $-0.23244$ & $0.395226$ & $-0.21553$ & $-0.00773683$ & $0.356341$ & $-0.130582$ & $0.237807$ & $0.0497058$ & $-0.417619$ & $0.426738$ & $1$ \\
