 & AlsMz & dAle5Mz & mtop & mHl & Mz & CW & CHG & CHWB & CHWHB_gaga & CHWHB_gagaorth & CHD & CHbox & CH & CHL1_11 & CHL1_22 & CHL1_33 & CHL3_11 & CHL3_22 & CHL3_33 & CHe_11 & CHe_22 & CHe_33 & CHQ1_11 & CHQ1_33 & CHQ3_11 & CHu_11 & CHd_11 & CHd_33 & CeH_22r & CeH_33r & CuH_22r & CuH_33r & CdH_33r & CLL_1221 & eHggint & eHggpar & eHWWint & eHWWpar & eHZZint & eHZZpar & eHZgaint & eHZgapar & eHgagaint & eHmumuint & eHtautauint & eHccint & eHccpar & eHbbint & eHbbpar \\
AlsMz & $1$ & $-0.0226031$ & $0.0945746$ & $-0.0421343$ & $0.00546008$ & $-0.0272397$ & $0.0111717$ & $0.00352448$ & $-6.29331e-05$ & $0.0163608$ & $-0.0140445$ & $-0.00544394$ & $0.0127817$ & $0.0114084$ & $0.000990323$ & $-0.00310525$ & $0.00927748$ & $0.00805314$ & $0.0104015$ & $0.00557879$ & $0.00674031$ & $0.00722601$ & $-0.0185667$ & $-0.0499132$ & $-0.10162$ & $-0.0216428$ & $-0.0188675$ & $0.00856755$ & $-0.0206264$ & $-0.0157509$ & $-0.00204152$ & $0.0259235$ & $-0.0490887$ & $0.00227748$ & $0.180742$ & $0.0831491$ & $0.0516408$ & $-0.0174277$ & $-0.0364078$ & $0.0316169$ & $-0.044415$ & $0.013057$ & $-0.00764214$ & $0.0298074$ & $0.107439$ & $0.000392774$ & $0.00138378$ & $0.00327799$ & $-0.053372$ \\
dAle5Mz & $-0.0226031$ & $1$ & $-0.0580905$ & $0.0739726$ & $0.00979123$ & $0.0118154$ & $0.00229842$ & $-0.0527067$ & $-0.0521604$ & $0.00749546$ & $0.0392353$ & $0.0230796$ & $-0.0169352$ & $-0.014983$ & $-0.0211599$ & $-0.0213532$ & $0.0111839$ & $0.011527$ & $0.0133933$ & $-0.0187808$ & $-0.0135278$ & $-0.0110499$ & $0.00227077$ & $-0.00121261$ & $0.0193882$ & $0.00666967$ & $0.0139471$ & $-0.0166224$ & $-0.00489439$ & $-0.00201544$ & $-0.00568174$ & $-0.00943732$ & $-0.0460375$ & $0.0339076$ & $-0.0401425$ & $-0.00634849$ & $0.0420533$ & $0.0264015$ & $-0.0616012$ & $-0.0467419$ & $0.0629189$ & $-0.00792531$ & $-0.0536242$ & $-0.0486581$ & $0.0069979$ & $-0.0235521$ & $0.00436485$ & $0.017629$ & $-0.0756091$ \\
mtop & $0.0945746$ & $-0.0580905$ & $1$ & $-0.145637$ & $-0.0186492$ & $0.0111404$ & $0.00204374$ & $-0.000859421$ & $0.000355969$ & $-0.00541858$ & $0.00392132$ & $0.00434227$ & $-0.00331925$ & $0.0133977$ & $-0.0139913$ & $0.00237217$ & $0.00796601$ & $0.0202816$ & $0.00588389$ & $0.00143864$ & $0.00341876$ & $-0.000374532$ & $0.0171003$ & $0.00381576$ & $0.00859799$ & $-0.0106567$ & $0.0108612$ & $-0.000130923$ & $0.0110711$ & $0.0037278$ & $-0.0432084$ & $0.00588745$ & $0.0815642$ & $0.00946723$ & $0.0611904$ & $-0.0626134$ & $-0.00758721$ & $-0.00764438$ & $-0.0296272$ & $0.0302245$ & $-0.131388$ & $0.0288054$ & $-0.00868187$ & $-0.0256036$ & $0.00933605$ & $0.0804388$ & $-0.0762147$ & $-0.0186777$ & $0.160545$ \\
mHl & $-0.0421343$ & $0.0739726$ & $-0.145637$ & $1$ & $-0.00431171$ & $-0.00773536$ & $0.00190964$ & $-0.0375539$ & $-0.037792$ & $0.0203304$ & $0.0227829$ & $0.04387$ & $-0.0467073$ & $0.0128478$ & $-0.0217536$ & $-0.0203056$ & $0.0323085$ & $0.0403053$ & $0.0419687$ & $-0.0220068$ & $-0.0195702$ & $-0.0200218$ & $-0.0332497$ & $0.0287903$ & $0.0414139$ & $0.0353918$ & $-0.00490811$ & $-0.0146866$ & $0.00850226$ & $-0.0156205$ & $-0.01321$ & $-0.00791244$ & $0.0104337$ & $-0.00540078$ & $-0.051873$ & $-0.108588$ & $0.06943$ & $0.0180419$ & $-0.142223$ & $-0.0112931$ & $-0.0208596$ & $0.0223823$ & $-0.0215287$ & $-0.112276$ & $-0.0521402$ & $-0.0250526$ & $-0.0240256$ & $-0.0602065$ & $0.0598464$ \\
Mz & $0.00546008$ & $0.00979123$ & $-0.0186492$ & $-0.00431171$ & $1$ & $-0.0147515$ & $0.0235616$ & $-0.0217367$ & $-0.0185709$ & $0.0138953$ & $0.0273122$ & $-0.00476431$ & $0.00949054$ & $-0.00448428$ & $-0.00946272$ & $0.000402376$ & $0.00762902$ & $0.00935691$ & $0.00272298$ & $-0.0202528$ & $-0.0187271$ & $-0.0195686$ & $0.0100732$ & $0.00192888$ & $0.0037513$ & $-0.00477288$ & $-0.0153185$ & $-0.0139111$ & $-0.00398385$ & $0.00985916$ & $0.0224813$ & $0.0212578$ & $0.0122859$ & $-0.00937104$ & $-0.00868187$ & $-0.0117586$ & $0.0207847$ & $0.0097324$ & $0.0233825$ & $0.0185668$ & $0.00108116$ & $0.019793$ & $0.0170851$ & $-0.00394938$ & $-0.00991797$ & $-0.0356061$ & $-0.00432275$ & $-0.0114495$ & $0.00867921$ \\
CW & $-0.0272397$ & $0.0118154$ & $0.0111404$ & $-0.00773536$ & $-0.0147515$ & $1$ & $0.00483727$ & $-0.122977$ & $-0.122167$ & $0.0235888$ & $0.178435$ & $0.0323215$ & $-0.000228057$ & $0.0276319$ & $-0.0729361$ & $-0.0642287$ & $-0.247851$ & $-0.042774$ & $-0.0477044$ & $-0.173426$ & $-0.181482$ & $-0.178864$ & $-0.00834702$ & $0.0118985$ & $-0.079193$ & $0.0986343$ & $-0.0790265$ & $-0.0680706$ & $0.0079204$ & $-0.00398047$ & $-0.0099655$ & $0.0139089$ & $0.0206052$ & $-0.120599$ & $-0.0153262$ & $-0.00818939$ & $-0.0264471$ & $-0.00826589$ & $-0.00889995$ & $-0.00223271$ & $0.00921674$ & $-0.00527442$ & $-0.00732202$ & $-0.0198995$ & $-0.0146799$ & $0.0256315$ & $-0.0197751$ & $-0.00840412$ & $0.0241475$ \\
CHG & $0.0111717$ & $0.00229842$ & $0.00204374$ & $0.00190964$ & $0.0235616$ & $0.00483727$ & $1$ & $-0.121743$ & $-0.0677601$ & $0.0846046$ & $0.0758901$ & $0.240541$ & $-0.276404$ & $0.0557169$ & $-0.025986$ & $-0.00441136$ & $0.0891695$ & $0.10926$ & $0.0869202$ & $-0.0738591$ & $-0.0811469$ & $-0.0777357$ & $0.00667919$ & $0.119081$ & $0.0945467$ & $0.0311765$ & $-0.0625917$ & $-0.0476257$ & $0.0265977$ & $-0.123471$ & $-0.0554711$ & $0.942182$ & $-0.133943$ & $-0.0734675$ & $-0.0354608$ & $-0.0408536$ & $-0.00140496$ & $0.0352637$ & $-0.0268708$ & $-0.0107995$ & $0.0282426$ & $0.00196339$ & $0.0184888$ & $-0.0335422$ & $0.00560399$ & $0.00055723$ & $0.01156$ & $0.00532972$ & $0.0192681$ \\
CHWB & $0.00352448$ & $-0.0527067$ & $-0.000859421$ & $-0.0375539$ & $-0.0217367$ & $-0.122977$ & $-0.121743$ & $1$ & $0.982866$ & $-0.585913$ & $-0.877432$ & $-0.460252$ & $0.363114$ & $0.0827019$ & $0.285406$ & $0.276192$ & $-0.257341$ & $-0.448441$ & $-0.440872$ & $0.84684$ & $0.897437$ & $0.879281$ & $0.0781099$ & $-0.6746$ & $-0.416232$ & $-0.514119$ & $0.433664$ & $0.303155$ & $0.00803231$ & $0.122843$ & $0.0678201$ & $-0.115369$ & $0.133715$ & $0.563135$ & $0.00180211$ & $0.0010855$ & $-0.00380822$ & $0.00408867$ & $-0.00386755$ & $-0.00614331$ & $0.00452838$ & $0.00540822$ & $-0.00117168$ & $-0.0262598$ & $-0.00464848$ & $0.0166426$ & $0.00630378$ & $0.0247416$ & $-0.000249399$ \\
CHWHB_gaga & $-6.29331e-05$ & $-0.0521604$ & $0.000355969$ & $-0.037792$ & $-0.0185709$ & $-0.122167$ & $-0.0677601$ & $0.982866$ & $1$ & $-0.570498$ & $-0.859311$ & $-0.44632$ & $0.36133$ & $0.0748182$ & $0.27767$ & $0.272038$ & $-0.258943$ & $-0.444102$ & $-0.439606$ & $0.829505$ & $0.879248$ & $0.86171$ & $0.0819403$ & $-0.666956$ & $-0.411077$ & $-0.507041$ & $0.42931$ & $0.29548$ & $0.0164298$ & $0.142802$ & $0.0752882$ & $-0.0696494$ & $0.151955$ & $0.555998$ & $-0.00990764$ & $-0.0111683$ & $-0.00434852$ & $0.00758629$ & $0.00162255$ & $-0.00917752$ & $0.0102508$ & $0.00646415$ & $0.0633775$ & $-0.0331876$ & $-0.0113976$ & $0.0113776$ & $0.00281899$ & $0.0237135$ & $-0.00158075$ \\
CHWHB_gagaorth & $0.0163608$ & $0.00749546$ & $-0.00541858$ & $0.0203304$ & $0.0138953$ & $0.0235888$ & $0.0846046$ & $-0.585913$ & $-0.570498$ & $1$ & $0.374118$ & $0.544873$ & $-0.250109$ & $0.221946$ & $-0.118207$ & $-0.0967556$ & $0.429538$ & $0.491162$ & $0.472245$ & $-0.356842$ & $-0.395312$ & $-0.393201$ & $-0.0658702$ & $0.558589$ & $0.470155$ & $0.221104$ & $-0.271687$ & $-0.124416$ & $0.00255816$ & $-0.137224$ & $-0.0847084$ & $0.0915577$ & $-0.155292$ & $-0.362691$ & $0.0271298$ & $0.0259005$ & $-0.00446096$ & $0.00739862$ & $-0.00414264$ & $0.0307315$ & $-0.0386572$ & $-0.000249977$ & $0.0248056$ & $0.0145564$ & $0.00111408$ & $-0.0181397$ & $0.0190253$ & $-0.0378647$ & $-0.00206189$ \\
CHD & $-0.0140445$ & $0.0392353$ & $0.00392132$ & $0.0227829$ & $0.0273122$ & $0.178435$ & $0.0758901$ & $-0.877432$ & $-0.859311$ & $0.374118$ & $1$ & $0.31188$ & $-0.177769$ & $-0.50387$ & $-0.425168$ & $-0.413144$ & $-0.202144$ & $0.0835684$ & $0.0753178$ & $-0.990168$ & $-0.990569$ & $-0.969227$ & $-0.0127491$ & $0.305005$ & $0.0411785$ & $0.571536$ & $-0.27775$ & $-0.34449$ & $0.00431464$ & $-0.0646974$ & $-0.0297793$ & $0.0854111$ & $-0.0689788$ & $-0.354287$ & $-0.00175956$ & $-0.00592376$ & $-0.00320353$ & $-0.00581222$ & $0.00587773$ & $-0.0124473$ & $-0.00210324$ & $0.00137139$ & $0.00461822$ & $0.0104852$ & $0.00239706$ & $-0.0116995$ & $-0.00891533$ & $-0.0187311$ & $0.0109525$ \\
CHbox & $-0.00544394$ & $0.0230796$ & $0.00434227$ & $0.04387$ & $-0.00476431$ & $0.0323215$ & $0.240541$ & $-0.460252$ & $-0.44632$ & $0.544873$ & $0.31188$ & $1$ & $-0.865911$ & $0.140929$ & $-0.0875266$ & $-0.0658349$ & $0.293681$ & $0.35076$ & $0.329786$ & $-0.293254$ & $-0.328788$ & $-0.324951$ & $-0.0534533$ & $0.427662$ & $0.325118$ & $0.184577$ & $-0.232986$ & $-0.0991728$ & $-0.0239558$ & $-0.174344$ & $-0.108206$ & $0.230356$ & $-0.205208$ & $-0.29166$ & $-0.00135367$ & $-0.00671164$ & $-0.00149773$ & $-0.00062986$ & $0.0212599$ & $0.0400428$ & $-0.00813498$ & $0.00659179$ & $0.00981338$ & $0.0229844$ & $0.0149168$ & $-0.00525958$ & $0.0047513$ & $-0.00222894$ & $-0.00271843$ \\
CH & $0.0127817$ & $-0.0169352$ & $-0.00331925$ & $-0.0467073$ & $0.00949054$ & $-0.000228057$ & $-0.276404$ & $0.363114$ & $0.36133$ & $-0.250109$ & $-0.177769$ & $-0.865911$ & $1$ & $-0.2535$ & $0.0764533$ & $0.0641553$ & $-0.37511$ & $-0.407872$ & $-0.396292$ & $0.171016$ & $0.189158$ & $0.186191$ & $0.0389151$ & $-0.411138$ & $-0.384836$ & $-0.104655$ & $0.160519$ & $0.0594704$ & $0.0547514$ & $0.295015$ & $0.133869$ & $-0.225859$ & $0.328985$ & $0.219546$ & $0.0432441$ & $0.0320056$ & $-0.00458339$ & $-0.000587822$ & $-0.0208693$ & $-0.0395743$ & $0.00933838$ & $0.00299708$ & $-0.00553323$ & $-0.033393$ & $-0.0247397$ & $0.00591154$ & $0.0019514$ & $-0.018692$ & $-0.00513776$ \\
CHL1_11 & $0.0114084$ & $-0.014983$ & $0.0133977$ & $0.0128478$ & $-0.00448428$ & $0.0276319$ & $0.0557169$ & $0.0827019$ & $0.0748182$ & $0.221946$ & $-0.50387$ & $0.140929$ & $-0.2535$ & $1$ & $0.300216$ & $0.293008$ & $0.663889$ & $0.589192$ & $0.592142$ & $0.526079$ & $0.458751$ & $0.445292$ & $-0.0930561$ & $0.486346$ & $0.585489$ & $-0.271747$ & $-0.147764$ & $0.170855$ & $-0.0275124$ & $-0.0806664$ & $-0.0582033$ & $0.0272745$ & $-0.0780872$ & $-0.246126$ & $-0.00848717$ & $0.00455664$ & $0.000702302$ & $0.000632213$ & $-0.00126957$ & $0.0405439$ & $-0.00970355$ & $-0.00840227$ & $-0.00443092$ & $0.028778$ & $0.00657687$ & $-0.00350776$ & $0.000949681$ & $-0.00402183$ & $-0.00619968$ \\
CHL1_22 & $0.000990323$ & $-0.0211599$ & $-0.0139913$ & $-0.0217536$ & $-0.00946272$ & $-0.0729361$ & $-0.025986$ & $0.285406$ & $0.27767$ & $-0.118207$ & $-0.425168$ & $-0.0875266$ & $0.0764533$ & $0.300216$ & $1$ & $0.459393$ & $0.181329$ & $-0.43093$ & $-0.0159762$ & $0.491516$ & $0.337438$ & $0.327342$ & $-0.180517$ & $0.129263$ & $-0.12475$ & $-0.202956$ & $-0.408973$ & $0.130423$ & $-0.00140881$ & $0.0490161$ & $0.00587573$ & $-0.0235307$ & $0.0320789$ & $-0.602549$ & $0.0274955$ & $0.0196126$ & $-0.0120818$ & $0.00442613$ & $-0.00552492$ & $0.00399222$ & $0.0267188$ & $-0.00311555$ & $-0.0247893$ & $-0.00562046$ & $-0.00436091$ & $0.0142737$ & $0.00652657$ & $0.0191751$ & $-0.0286103$ \\
CHL1_33 & $-0.00310525$ & $-0.0213532$ & $0.00237217$ & $-0.0203056$ & $0.000402376$ & $-0.0642287$ & $-0.00441136$ & $0.276192$ & $0.272038$ & $-0.0967556$ & $-0.413144$ & $-0.0658349$ & $0.0641553$ & $0.293008$ & $0.459393$ & $1$ & $0.179742$ & $-0.0141857$ & $-0.416406$ & $0.47938$ & $0.327955$ & $0.345059$ & $-0.176076$ & $0.129739$ & $-0.123315$ & $-0.192988$ & $-0.407607$ & $0.128547$ & $0.00765926$ & $0.0317503$ & $-0.00478906$ & $-0.00178633$ & $0.0252816$ & $-0.130127$ & $0.0290615$ & $0.0261043$ & $0.0116602$ & $-0.0098361$ & $0.0173305$ & $0.00467087$ & $0.0100688$ & $0.0140942$ & $-0.0144987$ & $-0.0209948$ & $-0.0162559$ & $0.0107577$ & $-0.00862953$ & $0.0176553$ & $-0.0266743$ \\
CHL3_11 & $0.00927748$ & $0.0111839$ & $0.00796601$ & $0.0323085$ & $0.00762902$ & $-0.247851$ & $0.0891695$ & $-0.257341$ & $-0.258943$ & $0.429538$ & $-0.202144$ & $0.293681$ & $-0.37511$ & $0.663889$ & $0.181329$ & $0.179742$ & $1$ & $0.736682$ & $0.735851$ & $0.226312$ & $0.16419$ & $0.15741$ & $-0.0930912$ & $0.68866$ & $0.76859$ & $-0.0991518$ & $-0.208904$ & $0.0738213$ & $-0.0186713$ & $-0.119637$ & $-0.0686761$ & $0.0558834$ & $-0.129548$ & $-0.277049$ & $-0.000182201$ & $0.00656298$ & $0.0198899$ & $0.00536857$ & $-0.00579635$ & $0.0381519$ & $-0.0129461$ & $-0.012808$ & $-0.00789552$ & $0.0274047$ & $0.000935413$ & $-0.011857$ & $0.0105635$ & $-0.0100935$ & $-0.0109285$ \\
CHL3_22 & $0.00805314$ & $0.011527$ & $0.0202816$ & $0.0403053$ & $0.00935691$ & $-0.042774$ & $0.10926$ & $-0.448441$ & $-0.444102$ & $0.491162$ & $0.0835684$ & $0.35076$ & $-0.407872$ & $0.589192$ & $-0.43093$ & $-0.0141857$ & $0.736682$ & $1$ & $0.673605$ & $-0.0837016$ & $-0.0815894$ & $-0.0780647$ & $-0.0068178$ & $0.628237$ & $0.790625$ & $0.0443835$ & $-0.0438732$ & $-0.0189608$ & $-0.0230927$ & $-0.14557$ & $-0.0787611$ & $0.0778901$ & $-0.142833$ & $0.0117939$ & $-0.0191636$ & $-0.00632398$ & $0.0189174$ & $-0.00125121$ & $0.00455198$ & $0.0362023$ & $-0.0267554$ & $-0.00833517$ & $0.0127187$ & $0.0336693$ & $0.00403653$ & $-0.0195354$ & $-0.00248517$ & $-0.0250687$ & $0.00597167$ \\
CHL3_33 & $0.0104015$ & $0.0133933$ & $0.00588389$ & $0.0419687$ & $0.00272298$ & $-0.0477044$ & $0.0869202$ & $-0.440872$ & $-0.439606$ & $0.472245$ & $0.0753178$ & $0.329786$ & $-0.396292$ & $0.592142$ & $-0.0159762$ & $-0.416406$ & $0.735851$ & $0.673605$ & $1$ & $-0.0760646$ & $-0.0732355$ & $-0.0701281$ & $-0.00701526$ & $0.624545$ & $0.792639$ & $0.0360645$ & $-0.0366585$ & $-0.0201921$ & $-0.0320244$ & $-0.13289$ & $-0.0645788$ & $0.0555874$ & $-0.136417$ & $-0.353937$ & $-0.0192571$ & $-0.01308$ & $-0.00133595$ & $0.00719291$ & $-0.0120265$ & $0.0326846$ & $-0.0119838$ & $-0.0239815$ & $0.00244645$ & $0.0465633$ & $0.0128696$ & $-0.0145682$ & $0.0107434$ & $-0.0188794$ & $0.00392727$ \\
CHe_11 & $0.00557879$ & $-0.0187808$ & $0.00143864$ & $-0.0220068$ & $-0.0202528$ & $-0.173426$ & $-0.0738591$ & $0.84684$ & $0.829505$ & $-0.356842$ & $-0.990168$ & $-0.293254$ & $0.171016$ & $0.526079$ & $0.491516$ & $0.47938$ & $0.226312$ & $-0.0837016$ & $-0.0760646$ & $1$ & $0.97125$ & $0.951257$ & $-0.0117199$ & $-0.24834$ & $-0.0329838$ & $-0.562174$ & $0.20107$ & $0.338974$ & $-0.00548192$ & $0.0654133$ & $0.025505$ & $-0.0834831$ & $0.0656326$ & $0.273327$ & $0.00180684$ & $0.00501104$ & $0.00262001$ & $0.00471881$ & $-0.00444818$ & $0.0127176$ & $0.00745213$ & $-0.00311289$ & $-0.00449219$ & $-0.0110442$ & $-0.00547639$ & $0.0120176$ & $0.00634834$ & $0.0176869$ & $-0.0157811$ \\
CHe_22 & $0.00674031$ & $-0.0135278$ & $0.00341876$ & $-0.0195702$ & $-0.0187271$ & $-0.181482$ & $-0.0811469$ & $0.897437$ & $0.879248$ & $-0.395312$ & $-0.990569$ & $-0.328788$ & $0.189158$ & $0.458751$ & $0.337438$ & $0.327955$ & $0.16419$ & $-0.0815894$ & $-0.0732355$ & $0.97125$ & $1$ & $0.975105$ & $0.0441121$ & $-0.365913$ & $-0.0487088$ & $-0.574615$ & $0.364325$ & $0.34309$ & $-0.00358344$ & $0.0670895$ & $0.0351662$ & $-0.0909557$ & $0.0742193$ & $0.445675$ & $-0.00466589$ & $0.000397685$ & $0.00320165$ & $0.00705259$ & $-0.0076236$ & $0.0115132$ & $0.000754226$ & $-0.00190439$ & $-0.00383143$ & $-0.0121904$ & $-0.00302909$ & $0.01118$ & $0.0102482$ & $0.0193561$ & $-0.00581569$ \\
CHe_33 & $0.00722601$ & $-0.0110499$ & $-0.000374532$ & $-0.0200218$ & $-0.0195686$ & $-0.178864$ & $-0.0777357$ & $0.879281$ & $0.86171$ & $-0.393201$ & $-0.969227$ & $-0.324951$ & $0.186191$ & $0.445292$ & $0.327342$ & $0.345059$ & $0.15741$ & $-0.0780647$ & $-0.0701281$ & $0.951257$ & $0.975105$ & $1$ & $0.0469001$ & $-0.359097$ & $-0.0476334$ & $-0.566304$ & $0.358062$ & $0.333514$ & $-0.00776793$ & $0.0628254$ & $0.036017$ & $-0.0871126$ & $0.0703769$ & $0.441364$ & $-0.00286144$ & $-0.00168681$ & $0.00582604$ & $0.0051197$ & $-0.00620135$ & $0.00862249$ & $-9.54829e-05$ & $-0.00503659$ & $-0.00227348$ & $-0.0115361$ & $0.000720949$ & $0.0141957$ & $0.00830199$ & $0.0225278$ & $-0.0101104$ \\
CHQ1_11 & $-0.0185667$ & $0.00227077$ & $0.0171003$ & $-0.0332497$ & $0.0100732$ & $-0.00834702$ & $0.00667919$ & $0.0781099$ & $0.0819403$ & $-0.0658702$ & $-0.0127491$ & $-0.0534533$ & $0.0389151$ & $-0.0930561$ & $-0.180517$ & $-0.176076$ & $-0.0930912$ & $-0.0068178$ & $-0.00701526$ & $-0.0117199$ & $0.0441121$ & $0.0469001$ & $1$ & $-0.151324$ & $0.0680378$ & $-0.669601$ & $0.353688$ & $0.00802608$ & $0.00443833$ & $-0.00531345$ & $0.0354975$ & $0.000981105$ & $0.015935$ & $0.214467$ & $-0.0232833$ & $0.00785392$ & $0.00880265$ & $0.00386097$ & $0.0135702$ & $-0.00760214$ & $-0.0132852$ & $0.00493142$ & $0.00883157$ & $0.000108681$ & $0.00290421$ & $-0.0053232$ & $0.0219514$ & $0.000684931$ & $0.029605$ \\
CHQ1_33 & $-0.0499132$ & $-0.00121261$ & $0.00381576$ & $0.0287903$ & $0.00192888$ & $0.0118985$ & $0.119081$ & $-0.6746$ & $-0.666956$ & $0.558589$ & $0.305005$ & $0.427662$ & $-0.411138$ & $0.486346$ & $0.129263$ & $0.129739$ & $0.68866$ & $0.628237$ & $0.624545$ & $-0.24834$ & $-0.365913$ & $-0.359097$ & $-0.151324$ & $1$ & $0.644732$ & $0.203138$ & $-0.455921$ & $-0.0206695$ & $-0.0105735$ & $-0.131057$ & $-0.0851673$ & $0.0991027$ & $-0.136903$ & $-0.64462$ & $-0.00500385$ & $0.000363967$ & $0.0144852$ & $0.00250853$ & $0.00951388$ & $0.0268664$ & $0.0123991$ & $-0.012222$ & $-0.007957$ & $0.0321036$ & $-0.00995953$ & $-0.00989091$ & $-0.0105542$ & $-0.0211052$ & $-0.00919777$ \\
CHQ3_11 & $-0.10162$ & $0.0193882$ & $0.00859799$ & $0.0414139$ & $0.0037513$ & $-0.079193$ & $0.0945467$ & $-0.416232$ & $-0.411077$ & $0.470155$ & $0.0411785$ & $0.325118$ & $-0.384836$ & $0.585489$ & $-0.12475$ & $-0.123315$ & $0.76859$ & $0.790625$ & $0.792639$ & $-0.0329838$ & $-0.0487088$ & $-0.0476334$ & $0.0680378$ & $0.644732$ & $1$ & $0.0308657$ & $0.170877$ & $-0.00853827$ & $-0.0280832$ & $-0.133129$ & $-0.0685349$ & $0.061204$ & $-0.127091$ & $-0.21405$ & $-0.0337931$ & $-0.0176957$ & $0.00282741$ & $-0.00397127$ & $-0.00401238$ & $0.021494$ & $-0.00566327$ & $-0.0158285$ & $0.00823686$ & $0.0306319$ & $0.00523635$ & $-0.00583267$ & $0.00409602$ & $-0.0303191$ & $0.0157487$ \\
CHu_11 & $-0.0216428$ & $0.00666967$ & $-0.0106567$ & $0.0353918$ & $-0.00477288$ & $0.0986343$ & $0.0311765$ & $-0.514119$ & $-0.507041$ & $0.221104$ & $0.571536$ & $0.184577$ & $-0.104655$ & $-0.271747$ & $-0.202956$ & $-0.192988$ & $-0.0991518$ & $0.0443835$ & $0.0360645$ & $-0.562174$ & $-0.574615$ & $-0.566304$ & $-0.669601$ & $0.203138$ & $0.0308657$ & $1$ & $-0.171031$ & $-0.200228$ & $-0.00789694$ & $-0.035676$ & $-0.0472725$ & $0.036297$ & $-0.0440798$ & $-0.247745$ & $0.00642696$ & $-0.0188284$ & $0.00176804$ & $-0.00751543$ & $-0.00356232$ & $-0.0069611$ & $0.00892962$ & $-0.00818688$ & $-0.000547014$ & $-0.00379943$ & $-0.0113478$ & $0.0041291$ & $-0.0260137$ & $0.00656302$ & $-0.0036656$ \\
CHd_11 & $-0.0188675$ & $0.0139471$ & $0.0108612$ & $-0.00490811$ & $-0.0153185$ & $-0.0790265$ & $-0.0625917$ & $0.433664$ & $0.42931$ & $-0.271687$ & $-0.27775$ & $-0.232986$ & $0.160519$ & $-0.147764$ & $-0.408973$ & $-0.407607$ & $-0.208904$ & $-0.0438732$ & $-0.0366585$ & $0.20107$ & $0.364325$ & $0.358062$ & $0.353688$ & $-0.455921$ & $0.170877$ & $-0.171031$ & $1$ & $0.092601$ & $-0.00474947$ & $0.0313476$ & $0.0417242$ & $-0.0670707$ & $0.0583769$ & $0.697275$ & $-0.0283586$ & $-0.0261589$ & $0.00549506$ & $-0.00187674$ & $-0.0107097$ & $-0.0174091$ & $0.000775455$ & $-0.00488879$ & $0.0144382$ & $-0.0108716$ & $0.0103493$ & $0.0116237$ & $0.00491619$ & $-0.00431633$ & $0.0336784$ \\
CHd_33 & $0.00856755$ & $-0.0166224$ & $-0.000130923$ & $-0.0146866$ & $-0.0139111$ & $-0.0680706$ & $-0.0476257$ & $0.303155$ & $0.29548$ & $-0.124416$ & $-0.34449$ & $-0.0991728$ & $0.0594704$ & $0.170855$ & $0.130423$ & $0.128547$ & $0.0738213$ & $-0.0189608$ & $-0.0201921$ & $0.338974$ & $0.34309$ & $0.333514$ & $0.00802608$ & $-0.0206695$ & $-0.00853827$ & $-0.200228$ & $0.092601$ & $1$ & $-0.0032879$ & $0.0318532$ & $0.0128018$ & $-0.0464044$ & $0.0458877$ & $0.139033$ & $0.0253934$ & $0.00810117$ & $-0.0248051$ & $0.00139637$ & $-0.0238286$ & $0.00908126$ & $0.0134275$ & $-0.00362817$ & $0.00148262$ & $0.00114787$ & $-0.0146387$ & $0.0104826$ & $-0.00651945$ & $0.0178911$ & $0.00836158$ \\
CeH_22r & $-0.0206264$ & $-0.00489439$ & $0.0110711$ & $0.00850226$ & $-0.00398385$ & $0.0079204$ & $0.0265977$ & $0.00803231$ & $0.0164298$ & $0.00255816$ & $0.00431464$ & $-0.0239558$ & $0.0547514$ & $-0.0275124$ & $-0.00140881$ & $0.00765926$ & $-0.0186713$ & $-0.0230927$ & $-0.0320244$ & $-0.00548192$ & $-0.00358344$ & $-0.00776793$ & $0.00443833$ & $-0.0105735$ & $-0.0280832$ & $-0.00789694$ & $-0.00474947$ & $-0.0032879$ & $1$ & $0.0370335$ & $0.0138328$ & $0.0112285$ & $0.0411812$ & $0.00957086$ & $-0.0133526$ & $-0.0207196$ & $-0.0191784$ & $-0.00159887$ & $-0.0105191$ & $-0.02669$ & $0.0207798$ & $-0.0143234$ & $-0.00207922$ & $-0.00028448$ & $0.00454039$ & $0.012282$ & $0.0102662$ & $-0.0318019$ & $-0.00122791$ \\
CeH_33r & $-0.0157509$ & $-0.00201544$ & $0.0037278$ & $-0.0156205$ & $0.00985916$ & $-0.00398047$ & $-0.123471$ & $0.122843$ & $0.142802$ & $-0.137224$ & $-0.0646974$ & $-0.174344$ & $0.295015$ & $-0.0806664$ & $0.0490161$ & $0.0317503$ & $-0.119637$ & $-0.14557$ & $-0.13289$ & $0.0654133$ & $0.0670895$ & $0.0628254$ & $-0.00531345$ & $-0.131057$ & $-0.133129$ & $-0.035676$ & $0.0313476$ & $0.0318532$ & $0.0370335$ & $1$ & $0.315559$ & $0.0138654$ & $0.638042$ & $0.0549404$ & $-0.0448136$ & $-0.0558627$ & $-0.180927$ & $-0.019872$ & $-0.00811506$ & $-0.00896906$ & $0.0013929$ & $0.0201997$ & $-0.042315$ & $-0.0257611$ & $0.0643656$ & $0.000745308$ & $0.0322969$ & $-0.0217129$ & $0.0202004$ \\
CuH_22r & $-0.00204152$ & $-0.00568174$ & $-0.0432084$ & $-0.01321$ & $0.0224813$ & $-0.0099655$ & $-0.0554711$ & $0.0678201$ & $0.0752882$ & $-0.0847084$ & $-0.0297793$ & $-0.108206$ & $0.133869$ & $-0.0582033$ & $0.00587573$ & $-0.00478906$ & $-0.0686761$ & $-0.0787611$ & $-0.0645788$ & $0.025505$ & $0.0351662$ & $0.036017$ & $0.0354975$ & $-0.0851673$ & $-0.0685349$ & $-0.0472725$ & $0.0417242$ & $0.0128018$ & $0.0138328$ & $0.315559$ & $1$ & $0.0290952$ & $0.349926$ & $0.0503889$ & $-0.00138583$ & $-0.0226787$ & $-0.121973$ & $0.0229123$ & $0.00483373$ & $-0.0060851$ & $-0.00148351$ & $-0.0024617$ & $-0.0332157$ & $-0.00659108$ & $0.0055009$ & $0.0689008$ & $0.372657$ & $0.0201716$ & $0.0123701$ \\
CuH_33r & $0.0259235$ & $-0.00943732$ & $0.00588745$ & $-0.00791244$ & $0.0212578$ & $0.0139089$ & $0.942182$ & $-0.115369$ & $-0.0696494$ & $0.0915577$ & $0.0854111$ & $0.230356$ & $-0.225859$ & $0.0272745$ & $-0.0235307$ & $-0.00178633$ & $0.0558834$ & $0.0778901$ & $0.0555874$ & $-0.0834831$ & $-0.0909557$ & $-0.0871126$ & $0.000981105$ & $0.0991027$ & $0.061204$ & $0.036297$ & $-0.0670707$ & $-0.0464044$ & $0.0112285$ & $0.0138654$ & $0.0290952$ & $1$ & $0.0257234$ & $-0.0723504$ & $0.0361075$ & $-0.00145109$ & $-0.0356922$ & $0.0329511$ & $-0.00916362$ & $-0.00781306$ & $0.0161487$ & $0.00059076$ & $0.020627$ & $-0.0269696$ & $0.00309712$ & $0.00378398$ & $0.0196496$ & $0.00358889$ & $0.0191178$ \\
CdH_33r & $-0.0490887$ & $-0.0460375$ & $0.0815642$ & $0.0104337$ & $0.0122859$ & $0.0206052$ & $-0.133943$ & $0.133715$ & $0.151955$ & $-0.155292$ & $-0.0689788$ & $-0.205208$ & $0.328985$ & $-0.0780872$ & $0.0320789$ & $0.0252816$ & $-0.129548$ & $-0.142833$ & $-0.136417$ & $0.0656326$ & $0.0742193$ & $0.0703769$ & $0.015935$ & $-0.136903$ & $-0.127091$ & $-0.0440798$ & $0.0583769$ & $0.0458877$ & $0.0411812$ & $0.638042$ & $0.349926$ & $0.0257234$ & $1$ & $0.0749447$ & $-0.0935684$ & $-0.0704943$ & $-0.18946$ & $-0.0188954$ & $-0.019359$ & $-0.0208709$ & $-0.00869034$ & $0.0076464$ & $-0.0786194$ & $0.0259864$ & $0.0395876$ & $0.0446314$ & $0.0202134$ & $0.148911$ & $0.493308$ \\
CLL_1221 & $0.00227748$ & $0.0339076$ & $0.00946723$ & $-0.00540078$ & $-0.00937104$ & $-0.120599$ & $-0.0734675$ & $0.563135$ & $0.555998$ & $-0.362691$ & $-0.354287$ & $-0.29166$ & $0.219546$ & $-0.246126$ & $-0.602549$ & $-0.130127$ & $-0.277049$ & $0.0117939$ & $-0.353937$ & $0.273327$ & $0.445675$ & $0.441364$ & $0.214467$ & $-0.64462$ & $-0.21405$ & $-0.247745$ & $0.697275$ & $0.139033$ & $0.00957086$ & $0.0549404$ & $0.0503889$ & $-0.0723504$ & $0.0749447$ & $1$ & $-0.0203106$ & $-0.0141513$ & $0.0134892$ & $0.00270192$ & $-0.00338361$ & $-0.00877722$ & $-0.0182835$ & $0.0081428$ & $0.0137666$ & $-0.0226165$ & $-0.00158258$ & $-0.00178493$ & $0.00291244$ & $0.00673346$ & $0.0206126$ \\
eHggint & $0.180742$ & $-0.0401425$ & $0.0611904$ & $-0.051873$ & $-0.00868187$ & $-0.0153262$ & $-0.0354608$ & $0.00180211$ & $-0.00990764$ & $0.0271298$ & $-0.00175956$ & $-0.00135367$ & $0.0432441$ & $-0.00848717$ & $0.0274955$ & $0.0290615$ & $-0.000182201$ & $-0.0191636$ & $-0.0192571$ & $0.00180684$ & $-0.00466589$ & $-0.00286144$ & $-0.0232833$ & $-0.00500385$ & $-0.0337931$ & $0.00642696$ & $-0.0283586$ & $0.0253934$ & $-0.0133526$ & $-0.0448136$ & $-0.00138583$ & $0.0361075$ & $-0.0935684$ & $-0.0203106$ & $1$ & $-0.06657$ & $-0.0503288$ & $0.025726$ & $0.0646482$ & $0.0129471$ & $-0.0456381$ & $-0.0111424$ & $0.0893354$ & $0.0690076$ & $-0.0873238$ & $0.0251238$ & $0.0174097$ & $-0.0152194$ & $-0.133042$ \\
eHggpar & $0.0831491$ & $-0.00634849$ & $-0.0626134$ & $-0.108588$ & $-0.0117586$ & $-0.00818939$ & $-0.0408536$ & $0.0010855$ & $-0.0111683$ & $0.0259005$ & $-0.00592376$ & $-0.00671164$ & $0.0320056$ & $0.00455664$ & $0.0196126$ & $0.0261043$ & $0.00656298$ & $-0.00632398$ & $-0.01308$ & $0.00501104$ & $0.000397685$ & $-0.00168681$ & $0.00785392$ & $0.000363967$ & $-0.0176957$ & $-0.0188284$ & $-0.0261589$ & $0.00810117$ & $-0.0207196$ & $-0.0558627$ & $-0.0226787$ & $-0.00145109$ & $-0.0704943$ & $-0.0141513$ & $-0.06657$ & $1$ & $0.0595544$ & $-0.0188756$ & $0.0498423$ & $-0.000984801$ & $-0.0258206$ & $-0.0195293$ & $-0.0198717$ & $-0.10156$ & $0.0467513$ & $0.0652427$ & $0.0198149$ & $-0.0199844$ & $-0.0422227$ \\
eHWWint & $0.0516408$ & $0.0420533$ & $-0.00758721$ & $0.06943$ & $0.0207847$ & $-0.0264471$ & $-0.00140496$ & $-0.00380822$ & $-0.00434852$ & $-0.00446096$ & $-0.00320353$ & $-0.00149773$ & $-0.00458339$ & $0.000702302$ & $-0.0120818$ & $0.0116602$ & $0.0198899$ & $0.0189174$ & $-0.00133595$ & $0.00262001$ & $0.00320165$ & $0.00582604$ & $0.00880265$ & $0.0144852$ & $0.00282741$ & $0.00176804$ & $0.00549506$ & $-0.0248051$ & $-0.0191784$ & $-0.180927$ & $-0.121973$ & $-0.0356922$ & $-0.18946$ & $0.0134892$ & $-0.0503288$ & $0.0595544$ & $1$ & $0.0125178$ & $-0.00511612$ & $-0.0249531$ & $0.136114$ & $-0.00189405$ & $0.100241$ & $0.0353838$ & $-0.0738584$ & $0.00206138$ & $-0.112337$ & $0.057107$ & $-0.0613372$ \\
eHWWpar & $-0.0174277$ & $0.0264015$ & $-0.00764438$ & $0.0180419$ & $0.0097324$ & $-0.00826589$ & $0.0352637$ & $0.00408867$ & $0.00758629$ & $0.00739862$ & $-0.00581222$ & $-0.00062986$ & $-0.000587822$ & $0.000632213$ & $0.00442613$ & $-0.0098361$ & $0.00536857$ & $-0.00125121$ & $0.00719291$ & $0.00471881$ & $0.00705259$ & $0.0051197$ & $0.00386097$ & $0.00250853$ & $-0.00397127$ & $-0.00751543$ & $-0.00187674$ & $0.00139637$ & $-0.00159887$ & $-0.019872$ & $0.0229123$ & $0.0329511$ & $-0.0188954$ & $0.00270192$ & $0.025726$ & $-0.0188756$ & $0.0125178$ & $1$ & $0.0239484$ & $-0.0108738$ & $-0.027191$ & $0.00535444$ & $0.0209539$ & $-0.0269608$ & $-0.0135218$ & $0.0234005$ & $0.0200052$ & $-0.0177349$ & $0.0163178$ \\
eHZZint & $-0.0364078$ & $-0.0616012$ & $-0.0296272$ & $-0.142223$ & $0.0233825$ & $-0.00889995$ & $-0.0268708$ & $-0.00386755$ & $0.00162255$ & $-0.00414264$ & $0.00587773$ & $0.0212599$ & $-0.0208693$ & $-0.00126957$ & $-0.00552492$ & $0.0173305$ & $-0.00579635$ & $0.00455198$ & $-0.0120265$ & $-0.00444818$ & $-0.0076236$ & $-0.00620135$ & $0.0135702$ & $0.00951388$ & $-0.00401238$ & $-0.00356232$ & $-0.0107097$ & $-0.0238286$ & $-0.0105191$ & $-0.00811506$ & $0.00483373$ & $-0.00916362$ & $-0.019359$ & $-0.00338361$ & $0.0646482$ & $0.0498423$ & $-0.00511612$ & $0.0239484$ & $1$ & $-0.0168945$ & $-0.0145682$ & $-0.012831$ & $0.0998852$ & $-0.0597767$ & $-0.139228$ & $-0.0465645$ & $0.00749483$ & $0.127127$ & $-0.0642962$ \\
eHZZpar & $0.0316169$ & $-0.0467419$ & $0.0302245$ & $-0.0112931$ & $0.0185668$ & $-0.00223271$ & $-0.0107995$ & $-0.00614331$ & $-0.00917752$ & $0.0307315$ & $-0.0124473$ & $0.0400428$ & $-0.0395743$ & $0.0405439$ & $0.00399222$ & $0.00467087$ & $0.0381519$ & $0.0362023$ & $0.0326846$ & $0.0127176$ & $0.0115132$ & $0.00862249$ & $-0.00760214$ & $0.0268664$ & $0.021494$ & $-0.0069611$ & $-0.0174091$ & $0.00908126$ & $-0.02669$ & $-0.00896906$ & $-0.0060851$ & $-0.00781306$ & $-0.0208709$ & $-0.00877722$ & $0.0129471$ & $-0.000984801$ & $-0.0249531$ & $-0.0108738$ & $-0.0168945$ & $1$ & $-0.00217079$ & $-0.00290835$ & $0.00512967$ & $-0.00462238$ & $-0.00217622$ & $-0.00267847$ & $-0.0202856$ & $0.0140741$ & $-0.0243885$ \\
eHZgaint & $-0.044415$ & $0.0629189$ & $-0.131388$ & $-0.0208596$ & $0.00108116$ & $0.00921674$ & $0.0282426$ & $0.00452838$ & $0.0102508$ & $-0.0386572$ & $-0.00210324$ & $-0.00813498$ & $0.00933838$ & $-0.00970355$ & $0.0267188$ & $0.0100688$ & $-0.0129461$ & $-0.0267554$ & $-0.0119838$ & $0.00745213$ & $0.000754226$ & $-9.54829e-05$ & $-0.0132852$ & $0.0123991$ & $-0.00566327$ & $0.00892962$ & $0.000775455$ & $0.0134275$ & $0.0207798$ & $0.0013929$ & $-0.00148351$ & $0.0161487$ & $-0.00869034$ & $-0.0182835$ & $-0.0456381$ & $-0.0258206$ & $0.136114$ & $-0.027191$ & $-0.0145682$ & $-0.00217079$ & $1$ & $0.00921397$ & $0.0549721$ & $0.0592463$ & $0.0271274$ & $0.01535$ & $0.00752737$ & $-0.152552$ & $0.0645864$ \\
eHZgapar & $0.013057$ & $-0.00792531$ & $0.0288054$ & $0.0223823$ & $0.019793$ & $-0.00527442$ & $0.00196339$ & $0.00540822$ & $0.00646415$ & $-0.000249977$ & $0.00137139$ & $0.00659179$ & $0.00299708$ & $-0.00840227$ & $-0.00311555$ & $0.0140942$ & $-0.012808$ & $-0.00833517$ & $-0.0239815$ & $-0.00311289$ & $-0.00190439$ & $-0.00503659$ & $0.00493142$ & $-0.012222$ & $-0.0158285$ & $-0.00818688$ & $-0.00488879$ & $-0.00362817$ & $-0.0143234$ & $0.0201997$ & $-0.0024617$ & $0.00059076$ & $0.0076464$ & $0.0081428$ & $-0.0111424$ & $-0.0195293$ & $-0.00189405$ & $0.00535444$ & $-0.012831$ & $-0.00290835$ & $0.00921397$ & $1$ & $-0.00921414$ & $0.000584713$ & $-0.00053734$ & $-0.00982431$ & $-0.0197171$ & $-0.00975362$ & $-0.0170198$ \\
eHgagaint & $-0.00764214$ & $-0.0536242$ & $-0.00868187$ & $-0.0215287$ & $0.0170851$ & $-0.00732202$ & $0.0184888$ & $-0.00117168$ & $0.0633775$ & $0.0248056$ & $0.00461822$ & $0.00981338$ & $-0.00553323$ & $-0.00443092$ & $-0.0247893$ & $-0.0144987$ & $-0.00789552$ & $0.0127187$ & $0.00244645$ & $-0.00449219$ & $-0.00383143$ & $-0.00227348$ & $0.00883157$ & $-0.007957$ & $0.00823686$ & $-0.000547014$ & $0.0144382$ & $0.00148262$ & $-0.00207922$ & $-0.042315$ & $-0.0332157$ & $0.020627$ & $-0.0786194$ & $0.0137666$ & $0.0893354$ & $-0.0198717$ & $0.100241$ & $0.0209539$ & $0.0998852$ & $0.00512967$ & $0.0549721$ & $-0.00921414$ & $1$ & $-0.0197744$ & $-0.103564$ & $-0.0783387$ & $-0.0487951$ & $0.0101479$ & $-0.105319$ \\
eHmumuint & $0.0298074$ & $-0.0486581$ & $-0.0256036$ & $-0.112276$ & $-0.00394938$ & $-0.0198995$ & $-0.0335422$ & $-0.0262598$ & $-0.0331876$ & $0.0145564$ & $0.0104852$ & $0.0229844$ & $-0.033393$ & $0.028778$ & $-0.00562046$ & $-0.0209948$ & $0.0274047$ & $0.0336693$ & $0.0465633$ & $-0.0110442$ & $-0.0121904$ & $-0.0115361$ & $0.000108681$ & $0.0321036$ & $0.0306319$ & $-0.00379943$ & $-0.0108716$ & $0.00114787$ & $-0.00028448$ & $-0.0257611$ & $-0.00659108$ & $-0.0269696$ & $0.0259864$ & $-0.0226165$ & $0.0690076$ & $-0.10156$ & $0.0353838$ & $-0.0269608$ & $-0.0597767$ & $-0.00462238$ & $0.0592463$ & $0.000584713$ & $-0.0197744$ & $1$ & $-0.0150425$ & $-0.0774318$ & $-0.0281395$ & $0.0992163$ & $0.0387931$ \\
eHtautauint & $0.107439$ & $0.0069979$ & $0.00933605$ & $-0.0521402$ & $-0.00991797$ & $-0.0146799$ & $0.00560399$ & $-0.00464848$ & $-0.0113976$ & $0.00111408$ & $0.00239706$ & $0.0149168$ & $-0.0247397$ & $0.00657687$ & $-0.00436091$ & $-0.0162559$ & $0.000935413$ & $0.00403653$ & $0.0128696$ & $-0.00547639$ & $-0.00302909$ & $0.000720949$ & $0.00290421$ & $-0.00995953$ & $0.00523635$ & $-0.0113478$ & $0.0103493$ & $-0.0146387$ & $0.00454039$ & $0.0643656$ & $0.0055009$ & $0.00309712$ & $0.0395876$ & $-0.00158258$ & $-0.0873238$ & $0.0467513$ & $-0.0738584$ & $-0.0135218$ & $-0.139228$ & $-0.00217622$ & $0.0271274$ & $-0.00053734$ & $-0.103564$ & $-0.0150425$ & $1$ & $0.0574995$ & $-0.00372379$ & $-0.0586104$ & $0.0849654$ \\
eHccint & $0.000392774$ & $-0.0235521$ & $0.0804388$ & $-0.0250526$ & $-0.0356061$ & $0.0256315$ & $0.00055723$ & $0.0166426$ & $0.0113776$ & $-0.0181397$ & $-0.0116995$ & $-0.00525958$ & $0.00591154$ & $-0.00350776$ & $0.0142737$ & $0.0107577$ & $-0.011857$ & $-0.0195354$ & $-0.0145682$ & $0.0120176$ & $0.01118$ & $0.0141957$ & $-0.0053232$ & $-0.00989091$ & $-0.00583267$ & $0.0041291$ & $0.0116237$ & $0.0104826$ & $0.012282$ & $0.000745308$ & $0.0689008$ & $0.00378398$ & $0.0446314$ & $-0.00178493$ & $0.0251238$ & $0.0652427$ & $0.00206138$ & $0.0234005$ & $-0.0465645$ & $-0.00267847$ & $0.01535$ & $-0.00982431$ & $-0.0783387$ & $-0.0774318$ & $0.0574995$ & $1$ & $-0.0478334$ & $-0.0326765$ & $0.123423$ \\
eHccpar & $0.00138378$ & $0.00436485$ & $-0.0762147$ & $-0.0240256$ & $-0.00432275$ & $-0.0197751$ & $0.01156$ & $0.00630378$ & $0.00281899$ & $0.0190253$ & $-0.00891533$ & $0.0047513$ & $0.0019514$ & $0.000949681$ & $0.00652657$ & $-0.00862953$ & $0.0105635$ & $-0.00248517$ & $0.0107434$ & $0.00634834$ & $0.0102482$ & $0.00830199$ & $0.0219514$ & $-0.0105542$ & $0.00409602$ & $-0.0260137$ & $0.00491619$ & $-0.00651945$ & $0.0102662$ & $0.0322969$ & $0.372657$ & $0.0196496$ & $0.0202134$ & $0.00291244$ & $0.0174097$ & $0.0198149$ & $-0.112337$ & $0.0200052$ & $0.00749483$ & $-0.0202856$ & $0.00752737$ & $-0.0197171$ & $-0.0487951$ & $-0.0281395$ & $-0.00372379$ & $-0.0478334$ & $1$ & $0.000989093$ & $-0.00890808$ \\
eHbbint & $0.00327799$ & $0.017629$ & $-0.0186777$ & $-0.0602065$ & $-0.0114495$ & $-0.00840412$ & $0.00532972$ & $0.0247416$ & $0.0237135$ & $-0.0378647$ & $-0.0187311$ & $-0.00222894$ & $-0.018692$ & $-0.00402183$ & $0.0191751$ & $0.0176553$ & $-0.0100935$ & $-0.0250687$ & $-0.0188794$ & $0.0176869$ & $0.0193561$ & $0.0225278$ & $0.000684931$ & $-0.0211052$ & $-0.0303191$ & $0.00656302$ & $-0.00431633$ & $0.0178911$ & $-0.0318019$ & $-0.0217129$ & $0.0201716$ & $0.00358889$ & $0.148911$ & $0.00673346$ & $-0.0152194$ & $-0.0199844$ & $0.057107$ & $-0.0177349$ & $0.127127$ & $0.0140741$ & $-0.152552$ & $-0.00975362$ & $0.0101479$ & $0.0992163$ & $-0.0586104$ & $-0.0326765$ & $0.000989093$ & $1$ & $0.0021038$ \\
eHbbpar & $-0.053372$ & $-0.0756091$ & $0.160545$ & $0.0598464$ & $0.00867921$ & $0.0241475$ & $0.0192681$ & $-0.000249399$ & $-0.00158075$ & $-0.00206189$ & $0.0109525$ & $-0.00271843$ & $-0.00513776$ & $-0.00619968$ & $-0.0286103$ & $-0.0266743$ & $-0.0109285$ & $0.00597167$ & $0.00392727$ & $-0.0157811$ & $-0.00581569$ & $-0.0101104$ & $0.029605$ & $-0.00919777$ & $0.0157487$ & $-0.0036656$ & $0.0336784$ & $0.00836158$ & $-0.00122791$ & $0.0202004$ & $0.0123701$ & $0.0191178$ & $0.493308$ & $0.0206126$ & $-0.133042$ & $-0.0422227$ & $-0.0613372$ & $0.0163178$ & $-0.0642962$ & $-0.0243885$ & $0.0645864$ & $-0.0170198$ & $-0.105319$ & $0.0387931$ & $0.0849654$ & $0.123423$ & $-0.00890808$ & $0.0021038$ & $1$ \\
