 & AlsMz & dAle5Mz & mtop & mHl & Mz & CW & CHG & CHWB & CHWHB_gaga & CHWHB_gagaorth & CHD & CHbox & CH & CHL1_11 & CHL1_22 & CHL1_33 & CHL3_11 & CHL3_22 & CHL3_33 & CHe_11 & CHe_22 & CHe_33 & CHQ1_11 & CHQ1_33 & CHQ3_11 & CHu_11 & CHd_11 & CHd_33 & CeH_22r & CeH_33r & CuH_22r & CuH_33r & CdH_33r & CLL_1221 & eHggint & eHggpar & eHWWint & eHWWpar & eHZZint & eHZZpar & eHZgaint & eHZgapar & eHgagaint & eHmumuint & eHtautauint & eHccint & eHccpar & eHbbint & eHbbpar \\
AlsMz & $1$ & $-0.00152665$ & $0.0632251$ & $-0.107041$ & $0.0290019$ & $-0.0527795$ & $-0.0391274$ & $-0.0107485$ & $-0.00486501$ & $0.00622503$ & $-0.0145388$ & $-0.00531169$ & $-0.00682723$ & $0.0315963$ & $-0.0289092$ & $-0.00269045$ & $0.0336894$ & $0.0517536$ & $0.0359518$ & $0.00676818$ & $0.00819761$ & $0.00586623$ & $-0.0269779$ & $-0.034003$ & $-0.0998195$ & $-0.0440647$ & $-0.0521491$ & $0.0139135$ & $-0.00957813$ & $0.0306646$ & $0.0266742$ & $-0.0398193$ & $0.0014206$ & $0.00985773$ & $-0.00514605$ & $-0.029236$ & $0.00118862$ & $0.0329184$ & $-0.05918$ & $0.014015$ & $0.142312$ & $-0.00228651$ & $0.0397925$ & $0.00895741$ & $-0.0511429$ & $-0.0724883$ & $-0.00156183$ & $0.0200334$ & $-0.0540521$ \\
dAle5Mz & $-0.00152665$ & $1$ & $0.0154295$ & $-0.0100106$ & $0.0111983$ & $-0.00134241$ & $0.0213216$ & $-0.0441338$ & $-0.0437279$ & $-0.0156434$ & $0.0328567$ & $-0.0122093$ & $-0.00782811$ & $-0.0164417$ & $-0.0380498$ & $0.00712886$ & $0.0113092$ & $0.0233406$ & $-0.0135434$ & $-0.0127562$ & $-0.00706085$ & $-0.00792542$ & $0.0409597$ & $0.00275955$ & $-0.00115409$ & $-0.0224985$ & $0.00687976$ & $-0.0421234$ & $-0.0212992$ & $-0.0170321$ & $0.0411991$ & $0.0164999$ & $-0.00384661$ & $0.0591568$ & $-0.00220349$ & $-0.00935285$ & $0.090486$ & $-0.0113302$ & $-0.091143$ & $-0.0756638$ & $-0.0387619$ & $-0.0597334$ & $0.021718$ & $-0.0542927$ & $0.0438738$ & $-0.100698$ & $0.138861$ & $0.0322934$ & $0.0082204$ \\
mtop & $0.0632251$ & $0.0154295$ & $1$ & $-0.0806262$ & $0.0174308$ & $-0.011891$ & $-0.0226225$ & $-0.0179254$ & $-0.0228733$ & $0.0090814$ & $0.0117848$ & $-0.0322621$ & $-0.0335039$ & $0.0294375$ & $-0.0337849$ & $0.0166021$ & $0.0170735$ & $0.0527692$ & $0.020924$ & $-0.00183568$ & $-0.00449189$ & $0.000291685$ & $-0.00761917$ & $0.0172955$ & $-0.00422052$ & $-0.00700154$ & $-0.0410238$ & $0.0163304$ & $0.00881403$ & $-0.0132714$ & $0.00861034$ & $-0.0234534$ & $0.0156654$ & $0.012288$ & $-0.000489236$ & $0.011471$ & $-0.0212531$ & $-0.0453813$ & $-0.0895814$ & $-0.00434026$ & $-0.00645425$ & $0.0457868$ & $-0.0735663$ & $-0.0619133$ & $-0.12438$ & $-0.00463171$ & $-0.013207$ & $-0.0467304$ & $0.058568$ \\
mHl & $-0.107041$ & $-0.0100106$ & $-0.0806262$ & $1$ & $0.00635036$ & $-0.00901642$ & $0.0291668$ & $0.0272583$ & $0.0234008$ & $-0.00714196$ & $-0.0287227$ & $0.0142881$ & $0.0128362$ & $-0.0104903$ & $0.0454079$ & $0.08617$ & $0.00584667$ & $-0.0275339$ & $-0.0545933$ & $0.0338584$ & $0.0209751$ & $0.0285021$ & $-0.028341$ & $-0.00592194$ & $-0.0360666$ & $0.0192224$ & $-0.0514527$ & $0.00771024$ & $0.0155708$ & $-0.01492$ & $0.00278926$ & $0.0337078$ & $0.042152$ & $-0.0084897$ & $-0.00177617$ & $0.090746$ & $-0.0939061$ & $-0.017064$ & $-0.107264$ & $-0.023925$ & $-0.0351441$ & $-0.00241513$ & $-0.0726666$ & $0.112247$ & $0.0168556$ & $0.0174488$ & $0.0473644$ & $0.0212692$ & $0.0668112$ \\
Mz & $0.0290019$ & $0.0111983$ & $0.0174308$ & $0.00635036$ & $1$ & $-0.0164946$ & $0.00985763$ & $0.0135127$ & $0.0209796$ & $-0.0315192$ & $-0.0103192$ & $-0.0179546$ & $-0.00904408$ & $0.00651342$ & $0.011257$ & $0.0314981$ & $0.00649565$ & $-0.000531342$ & $-0.0144014$ & $0.0200732$ & $0.0173905$ & $0.023605$ & $0.00242023$ & $-0.0156294$ & $-0.00356857$ & $-0.0186003$ & $-0.00840598$ & $0.0230825$ & $-0.0257562$ & $-0.00129816$ & $0.0159919$ & $0.00198369$ & $0.0122698$ & $0.00167933$ & $-0.034527$ & $0.022834$ & $0.0043747$ & $0.00865589$ & $-0.00703922$ & $0.00515573$ & $0.018491$ & $0.00057988$ & $0.0138117$ & $0.0162751$ & $-0.0303679$ & $0.0289535$ & $0.0122312$ & $-0.0316882$ & $0.0190729$ \\
CW & $-0.0527795$ & $-0.00134241$ & $-0.011891$ & $-0.00901642$ & $-0.0164946$ & $1$ & $0.0125712$ & $-0.130271$ & $-0.129347$ & $0.0375791$ & $0.188181$ & $0.04608$ & $0.0198629$ & $0.0202967$ & $-0.112599$ & $-0.119848$ & $-0.249233$ & $-0.0292512$ & $-0.0230615$ & $-0.193765$ & $-0.187032$ & $-0.188364$ & $0.0103062$ & $0.013227$ & $-0.0452004$ & $0.121464$ & $-0.0218471$ & $-0.0606009$ & $0.0111158$ & $-0.0362415$ & $-0.000956867$ & $0.0170019$ & $-0.00507742$ & $-0.0981562$ & $0.00427872$ & $0.0292062$ & $0.0143051$ & $0.0026794$ & $0.0388228$ & $0.0290972$ & $-0.0582613$ & $0.00454627$ & $-0.0107378$ & $-0.0259527$ & $-0.0150931$ & $-0.0043811$ & $0.0152545$ & $-0.0362694$ & $0.0105828$ \\
CHG & $-0.0391274$ & $0.0213216$ & $-0.0226225$ & $0.0291668$ & $0.00985763$ & $0.0125712$ & $1$ & $-0.135639$ & $-0.0846969$ & $0.105261$ & $0.0811944$ & $-0.278276$ & $-0.317097$ & $0.0771717$ & $-0.0648537$ & $-0.0323569$ & $0.114266$ & $0.152134$ & $0.131416$ & $-0.0818647$ & $-0.0816335$ & $-0.0742479$ & $-0.0131306$ & $0.142129$ & $0.132589$ & $0.0611542$ & $-0.0411567$ & $-0.0530945$ & $-0.0176467$ & $-0.139753$ & $-0.0760023$ & $0.937294$ & $-0.166156$ & $-0.0600186$ & $-0.0466671$ & $-0.0337895$ & $0.0301586$ & $0.0486082$ & $0.0265606$ & $-0.0102997$ & $-0.0454106$ & $-0.0450265$ & $0.00387343$ & $-0.0121302$ & $-0.0237327$ & $-0.0620453$ & $0.00592854$ & $0.0247869$ & $-0.015741$ \\
CHWB & $-0.0107485$ & $-0.0441338$ & $-0.0179254$ & $0.0272583$ & $0.0135127$ & $-0.130271$ & $-0.135639$ & $1$ & $0.983894$ & $-0.575532$ & $-0.888273$ & $0.175514$ & $0.360599$ & $0.125269$ & $0.307755$ & $0.297609$ & $-0.239302$ & $-0.432421$ & $-0.437565$ & $0.860874$ & $0.905524$ & $0.890142$ & $0.0439297$ & $-0.689824$ & $-0.398871$ & $-0.512437$ & $0.438882$ & $0.29702$ & $0.00346396$ & $0.130384$ & $0.0456491$ & $-0.114985$ & $0.133127$ & $0.589945$ & $0.00162652$ & $0.00922673$ & $-0.00496507$ & $-0.0317626$ & $0.00253074$ & $0.0185805$ & $-0.0256583$ & $0.0143573$ & $-0.0159351$ & $0.0421485$ & $0.0099826$ & $-0.0305957$ & $-0.0247569$ & $-0.0204771$ & $0.00695452$ \\
CHWHB_gaga & $-0.00486501$ & $-0.0437279$ & $-0.0228733$ & $0.0234008$ & $0.0209796$ & $-0.129347$ & $-0.0846969$ & $0.983894$ & $1$ & $-0.566892$ & $-0.869455$ & $0.182382$ & $0.357416$ & $0.114937$ & $0.301946$ & $0.285268$ & $-0.245402$ & $-0.433504$ & $-0.433343$ & $0.842801$ & $0.887547$ & $0.872048$ & $0.0458611$ & $-0.68302$ & $-0.398814$ & $-0.504625$ & $0.434851$ & $0.290583$ & $0.00680485$ & $0.152771$ & $0.0553972$ & $-0.0728476$ & $0.156098$ & $0.580375$ & $-0.0227854$ & $-0.0031164$ & $-0.00893268$ & $-0.0285558$ & $0.00172077$ & $0.0175507$ & $-0.0365541$ & $0.0139552$ & $0.0487712$ & $0.0491424$ & $0.0308608$ & $-0.0349657$ & $-0.0257952$ & $-0.0208843$ & $0.0122628$ \\
CHWHB_gagaorth & $0.00622503$ & $-0.0156434$ & $0.0090814$ & $-0.00714196$ & $-0.0315192$ & $0.0375791$ & $0.105261$ & $-0.575532$ & $-0.566892$ & $1$ & $0.37651$ & $0.0775313$ & $-0.269648$ & $0.207854$ & $-0.115147$ & $-0.128921$ & $0.419577$ & $0.471533$ & $0.484942$ & $-0.363385$ & $-0.394351$ & $-0.391833$ & $-0.0717259$ & $0.557278$ & $0.467453$ & $0.236696$ & $-0.255025$ & $-0.135248$ & $-0.00617763$ & $-0.165739$ & $-0.0809102$ & $0.104482$ & $-0.146558$ & $-0.384731$ & $0.0312164$ & $0.0259157$ & $-0.0176897$ & $0.027438$ & $-0.0199204$ & $-0.00825303$ & $-0.0547644$ & $-0.0111923$ & $-0.0330008$ & $-0.035124$ & $-0.0180195$ & $0.036873$ & $0.00207674$ & $0.0328003$ & $0.0233867$ \\
CHD & $-0.0145388$ & $0.0328567$ & $0.0117848$ & $-0.0287227$ & $-0.0103192$ & $0.188181$ & $0.0811944$ & $-0.888273$ & $-0.869455$ & $0.37651$ & $1$ & $0.00895881$ & $-0.166788$ & $-0.521072$ & $-0.428578$ & $-0.42513$ & $-0.201396$ & $0.0764049$ & $0.0913568$ & $-0.990839$ & $-0.9916$ & $-0.972941$ & $0.00713327$ & $0.345857$ & $0.0339444$ & $0.569477$ & $-0.316045$ & $-0.318797$ & $0.0227902$ & $-0.070627$ & $0.00176021$ & $0.0729026$ & $-0.0765466$ & $-0.401723$ & $0.00978253$ & $-0.015955$ & $-0.0066294$ & $0.0185555$ & $0.0203633$ & $-0.0220597$ & $0.0288125$ & $-0.0135939$ & $0.0255561$ & $-0.0403593$ & $0.0125018$ & $0.0280922$ & $0.0324801$ & $-0.00505809$ & $-0.00481232$ \\
CHbox & $-0.00531169$ & $-0.0122093$ & $-0.0322621$ & $0.0142881$ & $-0.0179546$ & $0.04608$ & $-0.278276$ & $0.175514$ & $0.182382$ & $0.0775313$ & $0.00895881$ & $1$ & $0.874213$ & $-0.31528$ & $0.0454553$ & $0.0189546$ & $-0.397996$ & $-0.389179$ & $-0.371978$ & $-0.00410894$ & $-0.00229405$ & $-0.0019973$ & $-0.0033208$ & $-0.309595$ & $-0.366334$ & $0.0281539$ & $0.051495$ & $-0.00525311$ & $0.0641687$ & $0.318454$ & $0.124604$ & $-0.200909$ & $0.378069$ & $0.0981591$ & $0.094626$ & $0.0388497$ & $-0.0334809$ & $0.0369855$ & $-0.0282859$ & $-0.0478511$ & $-0.0199808$ & $0.00264305$ & $0.00229762$ & $-0.0285419$ & $0.0289037$ & $0.00100654$ & $-0.00238909$ & $-0.0409872$ & $0.0252192$ \\
CH & $-0.00682723$ & $-0.00782811$ & $-0.0335039$ & $0.0128362$ & $-0.00904408$ & $0.0198629$ & $-0.317097$ & $0.360599$ & $0.357416$ & $-0.269648$ & $-0.166788$ & $0.874213$ & $1$ & $-0.263942$ & $0.071707$ & $0.0532054$ & $-0.412273$ & $-0.428252$ & $-0.418353$ & $0.160377$ & $0.179681$ & $0.176443$ & $0.026402$ & $-0.429517$ & $-0.409467$ & $-0.0844008$ & $0.158134$ & $0.0571555$ & $0.0484525$ & $0.276872$ & $0.12322$ & $-0.264966$ & $0.328917$ & $0.235054$ & $0.0496834$ & $0.0235445$ & $-0.0162247$ & $0.0202226$ & $-0.0190049$ & $-0.0374364$ & $-0.00044352$ & $0.00701818$ & $0.0165275$ & $-0.00864491$ & $0.0344708$ & $-0.0121376$ & $-0.00692612$ & $-0.0429844$ & $0.0211135$ \\
CHL1_11 & $0.0315963$ & $-0.0164417$ & $0.0294375$ & $-0.0104903$ & $0.00651342$ & $0.0202967$ & $0.0771717$ & $0.125269$ & $0.114937$ & $0.207854$ & $-0.521072$ & $-0.31528$ & $-0.263942$ & $1$ & $0.277336$ & $0.279179$ & $0.66239$ & $0.596911$ & $0.582699$ & $0.536807$ & $0.483214$ & $0.469102$ & $-0.0702137$ & $0.438088$ & $0.598601$ & $-0.287704$ & $-0.0557014$ & $0.152289$ & $-0.05485$ & $-0.0882195$ & $-0.0692675$ & $0.0611358$ & $-0.0601923$ & $-0.183114$ & $-0.0172763$ & $0.0217747$ & $0.00599653$ & $0.0143279$ & $-0.0444276$ & $0.0322209$ & $-0.0288692$ & $0.00673828$ & $-0.042952$ & $0.0125684$ & $-0.0488009$ & $0.00213961$ & $-0.0211762$ & $0.0565871$ & $0.00684644$ \\
CHL1_22 & $-0.0289092$ & $-0.0380498$ & $-0.0337849$ & $0.0454079$ & $0.011257$ & $-0.112599$ & $-0.0648537$ & $0.307755$ & $0.301946$ & $-0.115147$ & $-0.428578$ & $0.0454553$ & $0.071707$ & $0.277336$ & $1$ & $0.472883$ & $0.172494$ & $-0.434016$ & $-0.0543134$ & $0.492922$ & $0.347023$ & $0.341664$ & $-0.183677$ & $0.0954279$ & $-0.113382$ & $-0.182076$ & $-0.361487$ & $0.102774$ & $-0.015164$ & $0.0476684$ & $0.0105578$ & $-0.0565816$ & $0.0183669$ & $-0.557962$ & $0.0108812$ & $-0.00649383$ & $0.0463871$ & $0.0244814$ & $-0.0218343$ & $0.0250798$ & $0.00237376$ & $-0.00989033$ & $0.00318013$ & $0.0204933$ & $-0.0141075$ & $-0.00540588$ & $0.015161$ & $-0.0124116$ & $-0.0387469$ \\
CHL1_33 & $-0.00269045$ & $0.00712886$ & $0.0166021$ & $0.08617$ & $0.0314981$ & $-0.119848$ & $-0.0323569$ & $0.297609$ & $0.285268$ & $-0.128921$ & $-0.42513$ & $0.0189546$ & $0.0532054$ & $0.279179$ & $0.472883$ & $1$ & $0.187526$ & $-0.0214236$ & $-0.431255$ & $0.48992$ & $0.346098$ & $0.364164$ & $-0.170774$ & $0.095441$ & $-0.124786$ & $-0.201622$ & $-0.39317$ & $0.102176$ & $-0.00314538$ & $0.0456781$ & $-0.0277854$ & $-0.0208638$ & $0.0211781$ & $-0.100468$ & $0.00295918$ & $0.017365$ & $0.0128264$ & $0.014859$ & $-0.0491325$ & $-0.00513263$ & $0.0211748$ & $0.00160402$ & $0.0167908$ & $0.0119709$ & $0.00137712$ & $-0.0254995$ & $-0.0235536$ & $0.0112632$ & $-0.0240328$ \\
CHL3_11 & $0.0336894$ & $0.0113092$ & $0.0170735$ & $0.00584667$ & $0.00649565$ & $-0.249233$ & $0.114266$ & $-0.239302$ & $-0.245402$ & $0.419577$ & $-0.201396$ & $-0.397996$ & $-0.412273$ & $0.66239$ & $0.172494$ & $0.187526$ & $1$ & $0.743132$ & $0.726106$ & $0.225313$ & $0.165575$ & $0.158379$ & $-0.0742326$ & $0.67046$ & $0.773083$ & $-0.113838$ & $-0.170739$ & $0.0386972$ & $-0.0456709$ & $-0.118815$ & $-0.102051$ & $0.0842255$ & $-0.133829$ & $-0.266742$ & $-0.0284695$ & $0.00784679$ & $0.0276923$ & $0.0213709$ & $-0.0319253$ & $0.00343641$ & $-0.00797649$ & $-0.00225713$ & $-0.0217036$ & $-0.012656$ & $-0.0431606$ & $0.00876727$ & $-0.0227176$ & $0.0462172$ & $-0.0205319$ \\
CHL3_22 & $0.0517536$ & $0.0233406$ & $0.0527692$ & $-0.0275339$ & $-0.000531342$ & $-0.0292512$ & $0.152134$ & $-0.432421$ & $-0.433504$ & $0.471533$ & $0.0764049$ & $-0.389179$ & $-0.428252$ & $0.596911$ & $-0.434016$ & $-0.0214236$ & $0.743132$ & $1$ & $0.68727$ & $-0.0781955$ & $-0.0742876$ & $-0.0748315$ & $0.0175502$ & $0.623772$ & $0.786404$ & $0.0153245$ & $-0.0245623$ & $-0.0280598$ & $-0.037563$ & $-0.147441$ & $-0.0997702$ & $0.121821$ & $-0.124304$ & $0.00201788$ & $-0.0317938$ & $0.0156667$ & $-0.0113773$ & $0.0118387$ & $-0.030687$ & $-0.0086095$ & $-0.0103223$ & $0.00744416$ & $-0.0199464$ & $-0.0177329$ & $-0.0367326$ & $0.0104942$ & $-0.0300453$ & $0.0585668$ & $0.0194754$ \\
CHL3_33 & $0.0359518$ & $-0.0135434$ & $0.020924$ & $-0.0545933$ & $-0.0144014$ & $-0.0230615$ & $0.131416$ & $-0.437565$ & $-0.433343$ & $0.484942$ & $0.0913568$ & $-0.371978$ & $-0.418353$ & $0.582699$ & $-0.0543134$ & $-0.431255$ & $0.726106$ & $0.68727$ & $1$ & $-0.0956681$ & $-0.0875346$ & $-0.0868852$ & $0.00956212$ & $0.621035$ & $0.804603$ & $0.0422714$ & $0.0181539$ & $-0.0300479$ & $-0.0472237$ & $-0.147819$ & $-0.069476$ & $0.09887$ & $-0.126278$ & $-0.342748$ & $-0.0262527$ & $0.00764656$ & $0.0106502$ & $0.021662$ & $-0.00905315$ & $0.0136146$ & $-0.0311184$ & $0.00185649$ & $-0.0337644$ & $-0.0134655$ & $-0.0487643$ & $0.0321576$ & $-0.000786562$ & $0.0396213$ & $0.00937174$ \\
CHe_11 & $0.00676818$ & $-0.0127562$ & $-0.00183568$ & $0.0338584$ & $0.0200732$ & $-0.193765$ & $-0.0818647$ & $0.860874$ & $0.842801$ & $-0.363385$ & $-0.990839$ & $-0.00410894$ & $0.160377$ & $0.536807$ & $0.492922$ & $0.48992$ & $0.225313$ & $-0.0781955$ & $-0.0956681$ & $1$ & $0.974027$ & $0.956616$ & $-0.0286064$ & $-0.292868$ & $-0.0264861$ & $-0.560796$ & $0.243997$ & $0.310727$ & $-0.0218675$ & $0.0709846$ & $-0.000709823$ & $-0.0745435$ & $0.0757354$ & $0.325642$ & $-0.0117876$ & $0.013419$ & $0.00895882$ & $-0.0129699$ & $-0.0267773$ & $0.0169675$ & $-0.0281546$ & $0.0140341$ & $-0.0203006$ & $0.0406137$ & $-0.0147877$ & $-0.0327129$ & $-0.0264774$ & $0.00461973$ & $0.00469468$ \\
CHe_22 & $0.00819761$ & $-0.00706085$ & $-0.00449189$ & $0.0209751$ & $0.0173905$ & $-0.187032$ & $-0.0816335$ & $0.905524$ & $0.887547$ & $-0.394351$ & $-0.9916$ & $-0.00229405$ & $0.179681$ & $0.483214$ & $0.347023$ & $0.346098$ & $0.165575$ & $-0.0742876$ & $-0.0875346$ & $0.974027$ & $1$ & $0.976973$ & $0.0214384$ & $-0.400673$ & $-0.0423624$ & $-0.574871$ & $0.393307$ & $0.320179$ & $-0.0208308$ & $0.0741807$ & $0.00325749$ & $-0.0740372$ & $0.082006$ & $0.485052$ & $-0.0113246$ & $0.0150678$ & $0.00378893$ & $-0.0233324$ & $-0.0150252$ & $0.0200745$ & $-0.033733$ & $0.0154127$ & $-0.0266624$ & $0.0372531$ & $-0.00954503$ & $-0.0290825$ & $-0.0312927$ & $0.00313639$ & $0.00854732$ \\
CHe_33 & $0.00586623$ & $-0.00792542$ & $0.000291685$ & $0.0285021$ & $0.023605$ & $-0.188364$ & $-0.0742479$ & $0.890142$ & $0.872048$ & $-0.391833$ & $-0.972941$ & $-0.0019973$ & $0.176443$ & $0.469102$ & $0.341664$ & $0.364164$ & $0.158379$ & $-0.0748315$ & $-0.0868852$ & $0.956616$ & $0.976973$ & $1$ & $0.0182255$ & $-0.394375$ & $-0.0436138$ & $-0.557391$ & $0.386623$ & $0.319227$ & $-0.0142571$ & $0.0746982$ & $0.00867707$ & $-0.0669898$ & $0.0779463$ & $0.478615$ & $-0.0103577$ & $0.0209837$ & $0.000480777$ & $-0.0148997$ & $-0.0277264$ & $0.0112894$ & $-0.0460287$ & $0.0183217$ & $-0.0293842$ & $0.0351043$ & $-0.00549426$ & $-0.0221505$ & $-0.0271706$ & $0.000859216$ & $0.00525161$ \\
CHQ1_11 & $-0.0269779$ & $0.0409597$ & $-0.00761917$ & $-0.028341$ & $0.00242023$ & $0.0103062$ & $-0.0131306$ & $0.0439297$ & $0.0458611$ & $-0.0717259$ & $0.00713327$ & $-0.0033208$ & $0.026402$ & $-0.0702137$ & $-0.183677$ & $-0.170774$ & $-0.0742326$ & $0.0175502$ & $0.00956212$ & $-0.0286064$ & $0.0214384$ & $0.0182255$ & $1$ & $-0.122123$ & $0.0696789$ & $-0.657856$ & $0.311479$ & $-0.015006$ & $-0.02261$ & $0.0219064$ & $0.0229324$ & $-0.0180559$ & $0.0393658$ & $0.190414$ & $-0.0173361$ & $-0.0237147$ & $-0.0319528$ & $0.0248667$ & $0.020308$ & $-0.0225559$ & $-0.0101342$ & $-0.0123167$ & $-0.00859488$ & $-0.0098498$ & $0.0185258$ & $0.00574707$ & $0.0339382$ & $0.028982$ & $0.0456526$ \\
CHQ1_33 & $-0.034003$ & $0.00275955$ & $0.0172955$ & $-0.00592194$ & $-0.0156294$ & $0.013227$ & $0.142129$ & $-0.689824$ & $-0.68302$ & $0.557278$ & $0.345857$ & $-0.309595$ & $-0.429517$ & $0.438088$ & $0.0954279$ & $0.095441$ & $0.67046$ & $0.623772$ & $0.621035$ & $-0.292868$ & $-0.400673$ & $-0.394375$ & $-0.122123$ & $1$ & $0.651843$ & $0.222059$ & $-0.423453$ & $-0.0384407$ & $-0.0335811$ & $-0.138959$ & $-0.0782167$ & $0.114746$ & $-0.146402$ & $-0.657052$ & $-0.00653583$ & $-0.00991931$ & $0.0317488$ & $0.0470116$ & $-0.0379569$ & $0.00328388$ & $-0.00793629$ & $-0.00875786$ & $0.0194153$ & $-0.0228949$ & $-0.0109973$ & $0.026972$ & $0.00347698$ & $0.0531694$ & $-0.0190607$ \\
CHQ3_11 & $-0.0998195$ & $-0.00115409$ & $-0.00422052$ & $-0.0360666$ & $-0.00356857$ & $-0.0452004$ & $0.132589$ & $-0.398871$ & $-0.398814$ & $0.467453$ & $0.0339444$ & $-0.366334$ & $-0.409467$ & $0.598601$ & $-0.113382$ & $-0.124786$ & $0.773083$ & $0.786404$ & $0.804603$ & $-0.0264861$ & $-0.0423624$ & $-0.0436138$ & $0.0696789$ & $0.651843$ & $1$ & $0.0289581$ & $0.201422$ & $-0.0115991$ & $-0.0436627$ & $-0.145654$ & $-0.0805423$ & $0.102732$ & $-0.104532$ & $-0.234322$ & $-0.041677$ & $0.0159136$ & $-0.000353692$ & $0.0142896$ & $-0.0169215$ & $-0.00239166$ & $-0.0530684$ & $0.0207005$ & $-0.010524$ & $-0.0128837$ & $-0.0435728$ & $0.0414862$ & $-0.0166916$ & $0.0479963$ & $0.0331757$ \\
CHu_11 & $-0.0440647$ & $-0.0224985$ & $-0.00700154$ & $0.0192224$ & $-0.0186003$ & $0.121464$ & $0.0611542$ & $-0.512437$ & $-0.504625$ & $0.236696$ & $0.569477$ & $0.0281539$ & $-0.0844008$ & $-0.287704$ & $-0.182076$ & $-0.201622$ & $-0.113838$ & $0.0153245$ & $0.0422714$ & $-0.560796$ & $-0.574871$ & $-0.557391$ & $-0.657856$ & $0.222059$ & $0.0289581$ & $1$ & $-0.177102$ & $-0.160017$ & $0.0399808$ & $-0.050525$ & $-0.0201192$ & $0.0636296$ & $-0.0436456$ & $-0.28983$ & $0.0165339$ & $0.0213864$ & $-0.0025917$ & $-0.0174786$ & $0.000305$ & $0.0123348$ & $0.011866$ & $0.00621114$ & $-0.0043503$ & $-0.00510007$ & $-0.00270702$ & $0.0176246$ & $-0.0196954$ & $-0.0177485$ & $-0.0135072$ \\
CHd_11 & $-0.0521491$ & $0.00687976$ & $-0.0410238$ & $-0.0514527$ & $-0.00840598$ & $-0.0218471$ & $-0.0411567$ & $0.438882$ & $0.434851$ & $-0.255025$ & $-0.316045$ & $0.051495$ & $0.158134$ & $-0.0557014$ & $-0.361487$ & $-0.39317$ & $-0.170739$ & $-0.0245623$ & $0.0181539$ & $0.243997$ & $0.393307$ & $0.386623$ & $0.311479$ & $-0.423453$ & $0.201422$ & $-0.177102$ & $1$ & $0.136005$ & $-0.000444218$ & $0.0359695$ & $0.035543$ & $-0.038916$ & $0.0902851$ & $0.667507$ & $-0.0264448$ & $0.00963934$ & $-0.0303873$ & $-0.0331075$ & $0.0205595$ & $0.00330774$ & $-0.0700924$ & $0.0296325$ & $-0.000870472$ & $0.0180677$ & $0.00818616$ & $0.0102161$ & $-0.0208983$ & $0.00211282$ & $0.0575826$ \\
CHd_33 & $0.0139135$ & $-0.0421234$ & $0.0163304$ & $0.00771024$ & $0.0230825$ & $-0.0606009$ & $-0.0530945$ & $0.29702$ & $0.290583$ & $-0.135248$ & $-0.318797$ & $-0.00525311$ & $0.0571555$ & $0.152289$ & $0.102774$ & $0.102176$ & $0.0386972$ & $-0.0280598$ & $-0.0300479$ & $0.310727$ & $0.320179$ & $0.319227$ & $-0.015006$ & $-0.0384407$ & $-0.0115991$ & $-0.160017$ & $0.136005$ & $1$ & $0.000148509$ & $0.0304092$ & $0.0152022$ & $-0.0563652$ & $0.0129934$ & $0.163579$ & $-0.0137511$ & $-0.0144281$ & $0.0272462$ & $-0.00482458$ & $0.00283195$ & $0.00992871$ & $-0.0082134$ & $0.0105918$ & $0.0192212$ & $0.0206447$ & $0.016942$ & $0.0123846$ & $0.00738369$ & $0.0468262$ & $-0.0251238$ \\
CeH_22r & $-0.00957813$ & $-0.0212992$ & $0.00881403$ & $0.0155708$ & $-0.0257562$ & $0.0111158$ & $-0.0176467$ & $0.00346396$ & $0.00680485$ & $-0.00617763$ & $0.0227902$ & $0.0641687$ & $0.0484525$ & $-0.05485$ & $-0.015164$ & $-0.00314538$ & $-0.0456709$ & $-0.037563$ & $-0.0472237$ & $-0.0218675$ & $-0.0208308$ & $-0.0142571$ & $-0.02261$ & $-0.0335811$ & $-0.0436627$ & $0.0399808$ & $-0.000444218$ & $0.000148509$ & $1$ & $0.0382574$ & $0.044466$ & $-0.0287352$ & $0.0307266$ & $0.0170797$ & $-0.00245624$ & $-0.0459697$ & $-0.00497613$ & $-0.00995768$ & $0.00895105$ & $0.00817494$ & $-0.0242316$ & $0.0417658$ & $-0.0132789$ & $-0.0142354$ & $0.0247103$ & $0.0318857$ & $0.0486414$ & $-0.00302049$ & $-0.0271268$ \\
CeH_33r & $0.0306646$ & $-0.0170321$ & $-0.0132714$ & $-0.01492$ & $-0.00129816$ & $-0.0362415$ & $-0.139753$ & $0.130384$ & $0.152771$ & $-0.165739$ & $-0.070627$ & $0.318454$ & $0.276872$ & $-0.0882195$ & $0.0476684$ & $0.0456781$ & $-0.118815$ & $-0.147441$ & $-0.147819$ & $0.0709846$ & $0.0741807$ & $0.0746982$ & $0.0219064$ & $-0.138959$ & $-0.145654$ & $-0.050525$ & $0.0359695$ & $0.0304092$ & $0.0382574$ & $1$ & $0.322664$ & $0.00511459$ & $0.61801$ & $0.0738259$ & $-0.0107849$ & $-0.0472216$ & $-0.17732$ & $0.02235$ & $-0.0234587$ & $-0.0199998$ & $0.012853$ & $-0.000410928$ & $0.00498996$ & $-0.0223411$ & $0.0878798$ & $-0.00929559$ & $0.0246779$ & $-0.00477755$ & $-0.0255288$ \\
CuH_22r & $0.0266742$ & $0.0411991$ & $0.00861034$ & $0.00278926$ & $0.0159919$ & $-0.000956867$ & $-0.0760023$ & $0.0456491$ & $0.0553972$ & $-0.0809102$ & $0.00176021$ & $0.124604$ & $0.12322$ & $-0.0692675$ & $0.0105578$ & $-0.0277854$ & $-0.102051$ & $-0.0997702$ & $-0.069476$ & $-0.000709823$ & $0.00325749$ & $0.00867707$ & $0.0229324$ & $-0.0782167$ & $-0.0805423$ & $-0.0201192$ & $0.035543$ & $0.0152022$ & $0.044466$ & $0.322664$ & $1$ & $0.00685475$ & $0.327264$ & $0.0267765$ & $-0.044129$ & $-0.0177177$ & $-0.146777$ & $0.018834$ & $-0.0739998$ & $-0.00235769$ & $0.01743$ & $0.035804$ & $0.0197887$ & $-0.0284139$ & $0.00153537$ & $0.0545526$ & $0.368618$ & $0.0443605$ & $-0.0397913$ \\
CuH_33r & $-0.0398193$ & $0.0164999$ & $-0.0234534$ & $0.0337078$ & $0.00198369$ & $0.0170019$ & $0.937294$ & $-0.114985$ & $-0.0728476$ & $0.104482$ & $0.0729026$ & $-0.200909$ & $-0.264966$ & $0.0611358$ & $-0.0565816$ & $-0.0208638$ & $0.0842255$ & $0.121821$ & $0.09887$ & $-0.0745435$ & $-0.0740372$ & $-0.0669898$ & $-0.0180559$ & $0.114746$ & $0.102732$ & $0.0636296$ & $-0.038916$ & $-0.0563652$ & $-0.0287352$ & $0.00511459$ & $0.00685475$ & $1$ & $0.00131266$ & $-0.051848$ & $0.0441633$ & $0.0181647$ & $-0.015484$ & $0.047115$ & $0.0301516$ & $-0.0107594$ & $-0.0425301$ & $-0.0422042$ & $-0.0109948$ & $-0.0282066$ & $-0.0349234$ & $-0.0541577$ & $-0.000208826$ & $0.0311771$ & $-0.0132506$ \\
CdH_33r & $0.0014206$ & $-0.00384661$ & $0.0156654$ & $0.042152$ & $0.0122698$ & $-0.00507742$ & $-0.166156$ & $0.133127$ & $0.156098$ & $-0.146558$ & $-0.0765466$ & $0.378069$ & $0.328917$ & $-0.0601923$ & $0.0183669$ & $0.0211781$ & $-0.133829$ & $-0.124304$ & $-0.126278$ & $0.0757354$ & $0.082006$ & $0.0779463$ & $0.0393658$ & $-0.146402$ & $-0.104532$ & $-0.0436456$ & $0.0902851$ & $0.0129934$ & $0.0307266$ & $0.61801$ & $0.327264$ & $0.00131266$ & $1$ & $0.0859255$ & $-0.0628818$ & $0.0393513$ & $-0.261983$ & $-0.0201127$ & $-0.0722878$ & $-0.00613762$ & $0.00390249$ & $0.0204038$ & $0.0294128$ & $0.00466388$ & $0.0125121$ & $0.0334341$ & $0.0123263$ & $0.125379$ & $0.492144$ \\
CLL_1221 & $0.00985773$ & $0.0591568$ & $0.012288$ & $-0.0084897$ & $0.00167933$ & $-0.0981562$ & $-0.0600186$ & $0.589945$ & $0.580375$ & $-0.384731$ & $-0.401723$ & $0.0981591$ & $0.235054$ & $-0.183114$ & $-0.557962$ & $-0.100468$ & $-0.266742$ & $0.00201788$ & $-0.342748$ & $0.325642$ & $0.485052$ & $0.478615$ & $0.190414$ & $-0.657052$ & $-0.234322$ & $-0.28983$ & $0.667507$ & $0.163579$ & $0.0170797$ & $0.0738259$ & $0.0267765$ & $-0.051848$ & $0.0859255$ & $1$ & $-0.011136$ & $0.00775984$ & $-0.0296732$ & $-0.046898$ & $0.0169178$ & $-0.0119513$ & $-0.0249032$ & $0.0136874$ & $-0.0108393$ & $0.0113753$ & $0.025375$ & $-0.0299106$ & $-0.0300398$ & $-0.00643323$ & $0.0265118$ \\
eHggint & $-0.00514605$ & $-0.00220349$ & $-0.000489236$ & $-0.00177617$ & $-0.034527$ & $0.00427872$ & $-0.0466671$ & $0.00162652$ & $-0.0227854$ & $0.0312164$ & $0.00978253$ & $0.094626$ & $0.0496834$ & $-0.0172763$ & $0.0108812$ & $0.00295918$ & $-0.0284695$ & $-0.0317938$ & $-0.0262527$ & $-0.0117876$ & $-0.0113246$ & $-0.0103577$ & $-0.0173361$ & $-0.00653583$ & $-0.041677$ & $0.0165339$ & $-0.0264448$ & $-0.0137511$ & $-0.00245624$ & $-0.0107849$ & $-0.044129$ & $0.0441633$ & $-0.0628818$ & $-0.011136$ & $1$ & $-0.0570923$ & $0.0319737$ & $-0.00166687$ & $0.00269642$ & $0.0152878$ & $0.0125464$ & $-0.00417342$ & $-0.0943172$ & $-0.135525$ & $0.0326363$ & $0.00351348$ & $-0.0426168$ & $0.0512325$ & $-0.099849$ \\
eHggpar & $-0.029236$ & $-0.00935285$ & $0.011471$ & $0.090746$ & $0.022834$ & $0.0292062$ & $-0.0337895$ & $0.00922673$ & $-0.0031164$ & $0.0259157$ & $-0.015955$ & $0.0388497$ & $0.0235445$ & $0.0217747$ & $-0.00649383$ & $0.017365$ & $0.00784679$ & $0.0156667$ & $0.00764656$ & $0.013419$ & $0.0150678$ & $0.0209837$ & $-0.0237147$ & $-0.00991931$ & $0.0159136$ & $0.0213864$ & $0.00963934$ & $-0.0144281$ & $-0.0459697$ & $-0.0472216$ & $-0.0177177$ & $0.0181647$ & $0.0393513$ & $0.00775984$ & $-0.0570923$ & $1$ & $-0.0452809$ & $-0.018212$ & $-0.124677$ & $-0.0424801$ & $-0.0874933$ & $0.0166927$ & $-0.051241$ & $0.0571444$ & $-0.139681$ & $0.169216$ & $-0.0869874$ & $0.0145955$ & $0.119006$ \\
eHWWint & $0.00118862$ & $0.090486$ & $-0.0212531$ & $-0.0939061$ & $0.0043747$ & $0.0143051$ & $0.0301586$ & $-0.00496507$ & $-0.00893268$ & $-0.0176897$ & $-0.0066294$ & $-0.0334809$ & $-0.0162247$ & $0.00599653$ & $0.0463871$ & $0.0128264$ & $0.0276923$ & $-0.0113773$ & $0.0106502$ & $0.00895882$ & $0.00378893$ & $0.000480777$ & $-0.0319528$ & $0.0317488$ & $-0.000353692$ & $-0.0025917$ & $-0.0303873$ & $0.0272462$ & $-0.00497613$ & $-0.17732$ & $-0.146777$ & $-0.015484$ & $-0.261983$ & $-0.0296732$ & $0.0319737$ & $-0.0452809$ & $1$ & $-0.00585785$ & $0.0650023$ & $0.0584171$ & $0.0384114$ & $-0.0244126$ & $0.11896$ & $0.00276284$ & $0.000124428$ & $-0.0603165$ & $-0.111068$ & $-0.166464$ & $-0.0486135$ \\
eHWWpar & $0.0329184$ & $-0.0113302$ & $-0.0453813$ & $-0.017064$ & $0.00865589$ & $0.0026794$ & $0.0486082$ & $-0.0317626$ & $-0.0285558$ & $0.027438$ & $0.0185555$ & $0.0369855$ & $0.0202226$ & $0.0143279$ & $0.0244814$ & $0.014859$ & $0.0213709$ & $0.0118387$ & $0.021662$ & $-0.0129699$ & $-0.0233324$ & $-0.0148997$ & $0.0248667$ & $0.0470116$ & $0.0142896$ & $-0.0174786$ & $-0.0331075$ & $-0.00482458$ & $-0.00995768$ & $0.02235$ & $0.018834$ & $0.047115$ & $-0.0201127$ & $-0.046898$ & $-0.00166687$ & $-0.018212$ & $-0.00585785$ & $1$ & $0.0232382$ & $-0.0409962$ & $-0.0135418$ & $-0.0130184$ & $0.0361506$ & $-0.0333248$ & $0.0118399$ & $-0.000763947$ & $-0.0206253$ & $-0.0457409$ & $-0.0474898$ \\
eHZZint & $-0.05918$ & $-0.091143$ & $-0.0895814$ & $-0.107264$ & $-0.00703922$ & $0.0388228$ & $0.0265606$ & $0.00253074$ & $0.00172077$ & $-0.0199204$ & $0.0203633$ & $-0.0282859$ & $-0.0190049$ & $-0.0444276$ & $-0.0218343$ & $-0.0491325$ & $-0.0319253$ & $-0.030687$ & $-0.00905315$ & $-0.0267773$ & $-0.0150252$ & $-0.0277264$ & $0.020308$ & $-0.0379569$ & $-0.0169215$ & $0.000305$ & $0.0205595$ & $0.00283195$ & $0.00895105$ & $-0.0234587$ & $-0.0739998$ & $0.0301516$ & $-0.0722878$ & $0.0169178$ & $0.00269642$ & $-0.124677$ & $0.0650023$ & $0.0232382$ & $1$ & $0.00124452$ & $0.147647$ & $0.0295941$ & $0.0105669$ & $0.0122171$ & $-0.0775193$ & $-0.0925191$ & $-0.0835506$ & $-0.0619282$ & $-0.0440918$ \\
eHZZpar & $0.014015$ & $-0.0756638$ & $-0.00434026$ & $-0.023925$ & $0.00515573$ & $0.0290972$ & $-0.0102997$ & $0.0185805$ & $0.0175507$ & $-0.00825303$ & $-0.0220597$ & $-0.0478511$ & $-0.0374364$ & $0.0322209$ & $0.0250798$ & $-0.00513263$ & $0.00343641$ & $-0.0086095$ & $0.0136146$ & $0.0169675$ & $0.0200745$ & $0.0112894$ & $-0.0225559$ & $0.00328388$ & $-0.00239166$ & $0.0123348$ & $0.00330774$ & $0.00992871$ & $0.00817494$ & $-0.0199998$ & $-0.00235769$ & $-0.0107594$ & $-0.00613762$ & $-0.0119513$ & $0.0152878$ & $-0.0424801$ & $0.0584171$ & $-0.0409962$ & $0.00124452$ & $1$ & $-0.0237705$ & $-0.032128$ & $0.00701484$ & $0.0441554$ & $-0.00250203$ & $-0.013574$ & $0.0286926$ & $0.0271476$ & $-0.000790799$ \\
eHZgaint & $0.142312$ & $-0.0387619$ & $-0.00645425$ & $-0.0351441$ & $0.018491$ & $-0.0582613$ & $-0.0454106$ & $-0.0256583$ & $-0.0365541$ & $-0.0547644$ & $0.0288125$ & $-0.0199808$ & $-0.00044352$ & $-0.0288692$ & $0.00237376$ & $0.0211748$ & $-0.00797649$ & $-0.0103223$ & $-0.0311184$ & $-0.0281546$ & $-0.033733$ & $-0.0460287$ & $-0.0101342$ & $-0.00793629$ & $-0.0530684$ & $0.011866$ & $-0.0700924$ & $-0.0082134$ & $-0.0242316$ & $0.012853$ & $0.01743$ & $-0.0425301$ & $0.00390249$ & $-0.0249032$ & $0.0125464$ & $-0.0874933$ & $0.0384114$ & $-0.0135418$ & $0.147647$ & $-0.0237705$ & $1$ & $0.058383$ & $-0.0184024$ & $0.0280672$ & $0.017745$ & $0.00170181$ & $0.0192873$ & $0.000207321$ & $-0.00398012$ \\
eHZgapar & $-0.00228651$ & $-0.0597334$ & $0.0457868$ & $-0.00241513$ & $0.00057988$ & $0.00454627$ & $-0.0450265$ & $0.0143573$ & $0.0139552$ & $-0.0111923$ & $-0.0135939$ & $0.00264305$ & $0.00701818$ & $0.00673828$ & $-0.00989033$ & $0.00160402$ & $-0.00225713$ & $0.00744416$ & $0.00185649$ & $0.0140341$ & $0.0154127$ & $0.0183217$ & $-0.0123167$ & $-0.00875786$ & $0.0207005$ & $0.00621114$ & $0.0296325$ & $0.0105918$ & $0.0417658$ & $-0.000410928$ & $0.035804$ & $-0.0422042$ & $0.0204038$ & $0.0136874$ & $-0.00417342$ & $0.0166927$ & $-0.0244126$ & $-0.0130184$ & $0.0295941$ & $-0.032128$ & $0.058383$ & $1$ & $-0.0448842$ & $0.0110066$ & $0.0183753$ & $0.0490271$ & $0.00148827$ & $-0.00485129$ & $0.00568022$ \\
eHgagaint & $0.0397925$ & $0.021718$ & $-0.0735663$ & $-0.0726666$ & $0.0138117$ & $-0.0107378$ & $0.00387343$ & $-0.0159351$ & $0.0487712$ & $-0.0330008$ & $0.0255561$ & $0.00229762$ & $0.0165275$ & $-0.042952$ & $0.00318013$ & $0.0167908$ & $-0.0217036$ & $-0.0199464$ & $-0.0337644$ & $-0.0203006$ & $-0.0266624$ & $-0.0293842$ & $-0.00859488$ & $0.0194153$ & $-0.010524$ & $-0.0043503$ & $-0.000870472$ & $0.0192212$ & $-0.0132789$ & $0.00498996$ & $0.0197887$ & $-0.0109948$ & $0.0294128$ & $-0.0108393$ & $-0.0943172$ & $-0.051241$ & $0.11896$ & $0.0361506$ & $0.0105669$ & $0.00701484$ & $-0.0184024$ & $-0.0448842$ & $1$ & $0.0635248$ & $0.18043$ & $-0.0853143$ & $0.0196688$ & $0.0214529$ & $0.0508454$ \\
eHmumuint & $0.00895741$ & $-0.0542927$ & $-0.0619133$ & $0.112247$ & $0.0162751$ & $-0.0259527$ & $-0.0121302$ & $0.0421485$ & $0.0491424$ & $-0.035124$ & $-0.0403593$ & $-0.0285419$ & $-0.00864491$ & $0.0125684$ & $0.0204933$ & $0.0119709$ & $-0.012656$ & $-0.0177329$ & $-0.0134655$ & $0.0406137$ & $0.0372531$ & $0.0351043$ & $-0.0098498$ & $-0.0228949$ & $-0.0128837$ & $-0.00510007$ & $0.0180677$ & $0.0206447$ & $-0.0142354$ & $-0.0223411$ & $-0.0284139$ & $-0.0282066$ & $0.00466388$ & $0.0113753$ & $-0.135525$ & $0.0571444$ & $0.00276284$ & $-0.0333248$ & $0.0122171$ & $0.0441554$ & $0.0280672$ & $0.0110066$ & $0.0635248$ & $1$ & $0.0919403$ & $-0.000261608$ & $-0.0149705$ & $-0.0238001$ & $0.0824675$ \\
eHtautauint & $-0.0511429$ & $0.0438738$ & $-0.12438$ & $0.0168556$ & $-0.0303679$ & $-0.0150931$ & $-0.0237327$ & $0.0099826$ & $0.0308608$ & $-0.0180195$ & $0.0125018$ & $0.0289037$ & $0.0344708$ & $-0.0488009$ & $-0.0141075$ & $0.00137712$ & $-0.0431606$ & $-0.0367326$ & $-0.0487643$ & $-0.0147877$ & $-0.00954503$ & $-0.00549426$ & $0.0185258$ & $-0.0109973$ & $-0.0435728$ & $-0.00270702$ & $0.00818616$ & $0.016942$ & $0.0247103$ & $0.0878798$ & $0.00153537$ & $-0.0349234$ & $0.0125121$ & $0.025375$ & $0.0326363$ & $-0.139681$ & $0.000124428$ & $0.0118399$ & $-0.0775193$ & $-0.00250203$ & $0.017745$ & $0.0183753$ & $0.18043$ & $0.0919403$ & $1$ & $-0.0775047$ & $0.045261$ & $-0.0198553$ & $0.0296177$ \\
eHccint & $-0.0724883$ & $-0.100698$ & $-0.00463171$ & $0.0174488$ & $0.0289535$ & $-0.0043811$ & $-0.0620453$ & $-0.0305957$ & $-0.0349657$ & $0.036873$ & $0.0280922$ & $0.00100654$ & $-0.0121376$ & $0.00213961$ & $-0.00540588$ & $-0.0254995$ & $0.00876727$ & $0.0104942$ & $0.0321576$ & $-0.0327129$ & $-0.0290825$ & $-0.0221505$ & $0.00574707$ & $0.026972$ & $0.0414862$ & $0.0176246$ & $0.0102161$ & $0.0123846$ & $0.0318857$ & $-0.00929559$ & $0.0545526$ & $-0.0541577$ & $0.0334341$ & $-0.0299106$ & $0.00351348$ & $0.169216$ & $-0.0603165$ & $-0.000763947$ & $-0.0925191$ & $-0.013574$ & $0.00170181$ & $0.0490271$ & $-0.0853143$ & $-0.000261608$ & $-0.0775047$ & $1$ & $-0.00794695$ & $0.0873017$ & $0.0436003$ \\
eHccpar & $-0.00156183$ & $0.138861$ & $-0.013207$ & $0.0473644$ & $0.0122312$ & $0.0152545$ & $0.00592854$ & $-0.0247569$ & $-0.0257952$ & $0.00207674$ & $0.0324801$ & $-0.00238909$ & $-0.00692612$ & $-0.0211762$ & $0.015161$ & $-0.0235536$ & $-0.0227176$ & $-0.0300453$ & $-0.000786562$ & $-0.0264774$ & $-0.0312927$ & $-0.0271706$ & $0.0339382$ & $0.00347698$ & $-0.0166916$ & $-0.0196954$ & $-0.0208983$ & $0.00738369$ & $0.0486414$ & $0.0246779$ & $0.368618$ & $-0.000208826$ & $0.0123263$ & $-0.0300398$ & $-0.0426168$ & $-0.0869874$ & $-0.111068$ & $-0.0206253$ & $-0.0835506$ & $0.0286926$ & $0.0192873$ & $0.00148827$ & $0.0196688$ & $-0.0149705$ & $0.045261$ & $-0.00794695$ & $1$ & $0.0378436$ & $-0.0327176$ \\
eHbbint & $0.0200334$ & $0.0322934$ & $-0.0467304$ & $0.0212692$ & $-0.0316882$ & $-0.0362694$ & $0.0247869$ & $-0.0204771$ & $-0.0208843$ & $0.0328003$ & $-0.00505809$ & $-0.0409872$ & $-0.0429844$ & $0.0565871$ & $-0.0124116$ & $0.0112632$ & $0.0462172$ & $0.0585668$ & $0.0396213$ & $0.00461973$ & $0.00313639$ & $0.000859216$ & $0.028982$ & $0.0531694$ & $0.0479963$ & $-0.0177485$ & $0.00211282$ & $0.0468262$ & $-0.00302049$ & $-0.00477755$ & $0.0443605$ & $0.0311771$ & $0.125379$ & $-0.00643323$ & $0.0512325$ & $0.0145955$ & $-0.166464$ & $-0.0457409$ & $-0.0619282$ & $0.0271476$ & $0.000207321$ & $-0.00485129$ & $0.0214529$ & $-0.0238001$ & $-0.0198553$ & $0.0873017$ & $0.0378436$ & $1$ & $-0.0784758$ \\
eHbbpar & $-0.0540521$ & $0.0082204$ & $0.058568$ & $0.0668112$ & $0.0190729$ & $0.0105828$ & $-0.015741$ & $0.00695452$ & $0.0122628$ & $0.0233867$ & $-0.00481232$ & $0.0252192$ & $0.0211135$ & $0.00684644$ & $-0.0387469$ & $-0.0240328$ & $-0.0205319$ & $0.0194754$ & $0.00937174$ & $0.00469468$ & $0.00854732$ & $0.00525161$ & $0.0456526$ & $-0.0190607$ & $0.0331757$ & $-0.0135072$ & $0.0575826$ & $-0.0251238$ & $-0.0271268$ & $-0.0255288$ & $-0.0397913$ & $-0.0132506$ & $0.492144$ & $0.0265118$ & $-0.099849$ & $0.119006$ & $-0.0486135$ & $-0.0474898$ & $-0.0440918$ & $-0.000790799$ & $-0.00398012$ & $0.00568022$ & $0.0508454$ & $0.0824675$ & $0.0296177$ & $0.0436003$ & $-0.0327176$ & $-0.0784758$ & $1$ \\
