 & AlsMz & dAle5Mz & mtop & mHl & Mz & CW & CHG & CHWB & CHWHB_gaga & CHWHB_gagaorth & CHD & CHbox & CH & CHL1_11 & CHL1_22 & CHL1_33 & CHL3_11 & CHL3_22 & CHL3_33 & CHe_11 & CHe_22 & CHe_33 & CHQ1_11 & CHQ1_33 & CHQ3_11 & CHu_11 & CHd_11 & CHd_33 & CeH_22r & CeH_33r & CuH_22r & CuH_33r & CdH_33r & CLL_1221 & eHggint & eHggpar & eHWWint & eHWWpar & eHZZint & eHZZpar & eHZgaint & eHZgapar & eHgagaint & eHmumuint & eHtautauint & eHccint & eHccpar & eHbbint & eHbbpar \\
AlsMz & $1$ & $-0.00510445$ & $0.0307815$ & $0.0156042$ & $-0.0153772$ & $0.00214993$ & $0.0543085$ & $-0.0113588$ & $0.00388897$ & $0.0119675$ & $-0.00414436$ & $-0.00564794$ & $0.0029271$ & $0.012699$ & $-0.00788406$ & $-0.00865813$ & $0.0119544$ & $0.0174668$ & $0.0165901$ & $-0.00396517$ & $-0.00333034$ & $-0.00712296$ & $0.0174253$ & $-0.0273322$ & $-0.124423$ & $-0.045006$ & $-0.0506844$ & $0.0459066$ & $-0.0269346$ & $0.0242054$ & $0.0682158$ & $0.0410858$ & $0.0233579$ & $-0.00713343$ & $-0.206229$ & $-0.0983619$ & $0.0243449$ & $0.0156287$ & $0.0592141$ & $-0.015085$ & $-0.0300264$ & $-0.0138619$ & $0.0932791$ & $-0.0834943$ & $-0.00856267$ & $0.0606902$ & $0.064196$ & $0.156325$ & $-0.0453222$ \\
dAle5Mz & $-0.00510445$ & $1$ & $0.10127$ & $0.0421883$ & $-0.0316992$ & $0.00519505$ & $0.0611114$ & $-0.0682749$ & $-0.0630538$ & $0.0133727$ & $0.0385986$ & $0.0023735$ & $-0.0171028$ & $0.016005$ & $0.00737892$ & $0.0176875$ & $0.0331655$ & $0.0272019$ & $0.0278634$ & $-0.0101645$ & $-0.0176097$ & $-0.00765826$ & $-0.0272345$ & $0.0598928$ & $0.00685276$ & $0.0300378$ & $-0.0448205$ & $0.023309$ & $-0.0128392$ & $-0.0205413$ & $0.00559257$ & $0.0569988$ & $0.0120695$ & $-0.00500596$ & $-0.0334265$ & $0.182586$ & $-0.0044756$ & $-0.00129627$ & $0.020143$ & $-0.077462$ & $0.0700279$ & $0.0042363$ & $-0.0511174$ & $0.0340987$ & $-0.0652962$ & $-0.0705077$ & $0.0127636$ & $-0.0176777$ & $0.0506443$ \\
mtop & $0.0307815$ & $0.10127$ & $1$ & $0.0724281$ & $0.0196073$ & $0.0156546$ & $-0.02241$ & $-0.00927315$ & $-0.0187262$ & $-0.00835989$ & $0.0187273$ & $-0.0235861$ & $0.00149627$ & $-0.0100199$ & $0.0154016$ & $0.0201624$ & $-0.00949508$ & $-0.0163115$ & $-0.0207345$ & $-0.00711638$ & $-0.0108164$ & $-0.0154715$ & $-0.0115926$ & $0.00253646$ & $-0.024971$ & $0.00103302$ & $-0.0353051$ & $0.00949087$ & $-0.00521408$ & $0.00480042$ & $0.0232921$ & $-0.0260864$ & $-0.0519024$ & $-0.0139914$ & $0.00355981$ & $0.0568322$ & $-0.0752429$ & $-0.0644135$ & $0.015567$ & $-0.0164105$ & $-0.00436294$ & $-0.0362773$ & $-0.146533$ & $0.0489244$ & $0.130527$ & $-0.0387188$ & $0.123156$ & $0.0563273$ & $-0.0757258$ \\
mHl & $0.0156042$ & $0.0421883$ & $0.0724281$ & $1$ & $0.00030605$ & $-0.0160329$ & $0.00848059$ & $0.0310809$ & $0.0393102$ & $-0.0340949$ & $-0.0204453$ & $-0.0123337$ & $0.00634061$ & $-0.0132342$ & $0.0131655$ & $0.0132167$ & $-0.0286385$ & $-0.0301416$ & $-0.0294234$ & $0.0229293$ & $0.0216903$ & $0.0253543$ & $-0.0464386$ & $-0.0302001$ & $-0.0339301$ & $0.00635934$ & $-0.00316873$ & $0.0358216$ & $0.0133622$ & $-0.00243121$ & $-0.0245657$ & $-0.0130993$ & $0.0138791$ & $0.0130164$ & $-0.162316$ & $-0.0237403$ & $0.0120819$ & $0.037013$ & $-0.0994407$ & $0.0182364$ & $0.0299108$ & $-1.23494e-05$ & $0.0101376$ & $0.0436995$ & $0.0398401$ & $0.0449228$ & $-0.0872151$ & $-0.159112$ & $0.072443$ \\
Mz & $-0.0153772$ & $-0.0316992$ & $0.0196073$ & $0.00030605$ & $1$ & $0.0230724$ & $-0.00917467$ & $-0.00617928$ & $-0.00171227$ & $0.0259381$ & $0.0104606$ & $0.0283878$ & $0.0147186$ & $0.00215439$ & $0.0420574$ & $0.0239449$ & $0.00492967$ & $-0.0215097$ & $-0.00700642$ & $0.00323655$ & $-0.00481914$ & $-0.0105975$ & $-0.0133379$ & $0.0219549$ & $0.00292167$ & $0.0113534$ & $-0.0161522$ & $-0.00836148$ & $-0.0316634$ & $-0.00706139$ & $-0.0205154$ & $-0.012803$ & $-0.00081955$ & $-0.0440619$ & $0.000187049$ & $-0.0276079$ & $-0.0114704$ & $-0.0303732$ & $-0.0635888$ & $0.00366612$ & $-0.0310118$ & $0.0338867$ & $0.0215436$ & $0.0293324$ & $-0.0133202$ & $0.00387995$ & $0.00140978$ & $0.0433377$ & $-0.010191$ \\
CW & $0.00214993$ & $0.00519505$ & $0.0156546$ & $-0.0160329$ & $0.0230724$ & $1$ & $-0.0124702$ & $-0.157529$ & $-0.155418$ & $0.0569233$ & $0.205708$ & $0.0615852$ & $-0.007759$ & $0.0340381$ & $-0.0868045$ & $-0.0981506$ & $-0.243561$ & $-0.0245902$ & $-0.0153049$ & $-0.203224$ & $-0.208815$ & $-0.204362$ & $0.0128866$ & $0.0393537$ & $-0.0557195$ & $0.108931$ & $-0.0773542$ & $-0.0640683$ & $-0.0193271$ & $-0.00982446$ & $-0.0312025$ & $-0.0144701$ & $0.0300996$ & $-0.141625$ & $0.00168874$ & $0.048247$ & $-0.00564238$ & $-0.00966712$ & $-0.0130047$ & $-0.0119617$ & $0.000178536$ & $0.00938873$ & $-0.0169587$ & $-0.0410085$ & $0.0214449$ & $-0.0155748$ & $-0.0308283$ & $0.000767534$ & $0.0599904$ \\
CHG & $0.0543085$ & $0.0611114$ & $-0.02241$ & $0.00848059$ & $-0.00917467$ & $-0.0124702$ & $1$ & $-0.0811574$ & $-0.0308282$ & $0.072375$ & $0.0247085$ & $-0.146483$ & $-0.285141$ & $0.0808166$ & $0.0116017$ & $0.00349394$ & $0.106293$ & $0.0963091$ & $0.103973$ & $-0.0176235$ & $-0.0282585$ & $-0.0258622$ & $-0.0109153$ & $0.123003$ & $0.0938587$ & $0.00530548$ & $-0.0484135$ & $0.00384022$ & $0.00187124$ & $-0.141107$ & $-0.0761376$ & $0.933736$ & $-0.161871$ & $-0.0713391$ & $0.0126558$ & $-0.00692201$ & $-0.0192861$ & $0.00905609$ & $0.00314657$ & $-0.045602$ & $0.0166075$ & $-0.022059$ & $-0.00419107$ & $-0.0383038$ & $-0.0287034$ & $5.22989e-05$ & $0.0284701$ & $0.0352955$ & $-0.00884206$ \\
CHWB & $-0.0113588$ & $-0.0682749$ & $-0.00927315$ & $0.0310809$ & $-0.00617928$ & $-0.157529$ & $-0.0811574$ & $1$ & $0.983884$ & $-0.574828$ & $-0.882416$ & $-0.0237107$ & $0.349293$ & $0.103456$ & $0.293872$ & $0.318208$ & $-0.235466$ & $-0.42628$ & $-0.44162$ & $0.855431$ & $0.898834$ & $0.881629$ & $0.00431911$ & $-0.673639$ & $-0.402035$ & $-0.489999$ & $0.411875$ & $0.303779$ & $0.0271336$ & $0.114806$ & $0.0671702$ & $-0.0662656$ & $0.113761$ & $0.557108$ & $0.0282304$ & $0.0169102$ & $-0.000311407$ & $-0.0113828$ & $-0.0538091$ & $0.0618274$ & $-0.008697$ & $-0.0392631$ & $0.0146292$ & $0.00938429$ & $-0.0383698$ & $0.00465727$ & $0.0258647$ & $0.0367104$ & $-0.0225131$ \\
CHWHB_gaga & $0.00388897$ & $-0.0630538$ & $-0.0187262$ & $0.0393102$ & $-0.00171227$ & $-0.155418$ & $-0.0308282$ & $0.983884$ & $1$ & $-0.564521$ & $-0.867662$ & $-0.00418233$ & $0.346951$ & $0.0970955$ & $0.295146$ & $0.314768$ & $-0.232409$ & $-0.424956$ & $-0.436371$ & $0.842102$ & $0.883355$ & $0.86747$ & $0.00925071$ & $-0.661267$ & $-0.398782$ & $-0.487264$ & $0.404207$ & $0.304461$ & $0.0316922$ & $0.134356$ & $0.0781782$ & $-0.0275174$ & $0.137055$ & $0.543998$ & $0.00751036$ & $0.00872739$ & $-0.0119612$ & $-0.00454341$ & $-0.0552279$ & $0.0529566$ & $-0.0124017$ & $-0.0353199$ & $0.0833146$ & $0.0109167$ & $-0.0453274$ & $0.00927805$ & $0.0232715$ & $0.0502795$ & $-0.0254697$ \\
CHWHB_gagaorth & $0.0119675$ & $0.0133727$ & $-0.00835989$ & $-0.0340949$ & $0.0259381$ & $0.0569233$ & $0.072375$ & $-0.574828$ & $-0.564521$ & $1$ & $0.375281$ & $0.379107$ & $-0.242618$ & $0.201314$ & $-0.140744$ & $-0.150329$ & $0.409055$ & $0.472863$ & $0.478725$ & $-0.365119$ & $-0.389681$ & $-0.385825$ & $-0.0178296$ & $0.53737$ & $0.451333$ & $0.195642$ & $-0.239325$ & $-0.150968$ & $-0.0233077$ & $-0.12848$ & $-0.0547626$ & $0.0850363$ & $-0.134039$ & $-0.336396$ & $0.0369909$ & $-0.0189118$ & $-0.00924197$ & $-0.00994205$ & $0.0261496$ & $-0.0174329$ & $-0.0559266$ & $-0.0066373$ & $-0.0342692$ & $-0.0544986$ & $-0.0380199$ & $-0.0131088$ & $-0.027744$ & $-0.0309114$ & $0.0130538$ \\
CHD & $-0.00414436$ & $0.0385986$ & $0.0187273$ & $-0.0204453$ & $0.0104606$ & $0.205708$ & $0.0247085$ & $-0.882416$ & $-0.867662$ & $0.375281$ & $1$ & $0.15809$ & $-0.170019$ & $-0.512368$ & $-0.415259$ & $-0.431012$ & $-0.213306$ & $0.0691198$ & $0.0811143$ & $-0.990378$ & $-0.991071$ & $-0.969238$ & $0.0385485$ & $0.317653$ & $0.0293768$ & $0.561464$ & $-0.284007$ & $-0.323664$ & $8.36132e-05$ & $-0.0688046$ & $-0.0540056$ & $0.0178895$ & $-0.0690987$ & $-0.366347$ & $-0.0131172$ & $-0.00444038$ & $0.00787088$ & $0.000690217$ & $0.0462843$ & $-0.04445$ & $0.0346784$ & $0.0462051$ & $-0.0174671$ & $0.0025786$ & $0.0502944$ & $0.0106471$ & $-0.0322455$ & $-0.0212557$ & $0.0147023$ \\
CHbox & $-0.00564794$ & $0.0023735$ & $-0.0235861$ & $-0.0123337$ & $0.0283878$ & $0.0615852$ & $-0.146483$ & $-0.0237107$ & $-0.00418233$ & $0.379107$ & $0.15809$ & $1$ & $0.581497$ & $-0.2907$ & $0.00493357$ & $0.0137793$ & $-0.280717$ & $-0.252648$ & $-0.253321$ & $-0.144953$ & $-0.160835$ & $-0.15347$ & $-0.0246653$ & $-0.131841$ & $-0.264979$ & $0.096056$ & $-0.0834823$ & $-0.0549667$ & $0.0556308$ & $0.309472$ & $0.1026$ & $-0.0543761$ & $0.35167$ & $-0.0291832$ & $0.100607$ & $0.0541599$ & $-0.0121748$ & $0.00332009$ & $0.0299143$ & $0.0140072$ & $-0.0125233$ & $-0.00196178$ & $-0.0198405$ & $-0.0171036$ & $-0.036636$ & $-0.00693658$ & $-0.0187848$ & $0.0157805$ & $-0.00257396$ \\
CH & $0.0029271$ & $-0.0171028$ & $0.00149627$ & $0.00634061$ & $0.0147186$ & $-0.007759$ & $-0.285141$ & $0.349293$ & $0.346951$ & $-0.242618$ & $-0.170019$ & $0.581497$ & $1$ & $-0.242364$ & $0.0949648$ & $0.103503$ & $-0.364397$ & $-0.401161$ & $-0.400412$ & $0.165794$ & $0.176881$ & $0.180177$ & $0.000727497$ & $-0.387243$ & $-0.400717$ & $-0.0926623$ & $0.100868$ & $0.065929$ & $0.0573145$ & $0.280249$ & $0.114432$ & $-0.236452$ & $0.306278$ & $0.1961$ & $0.0276334$ & $0.0561376$ & $0.00221562$ & $0.0139764$ & $0.00825133$ & $0.00640034$ & $-0.00277224$ & $-0.0101481$ & $0.0176047$ & $0.0175976$ & $0.00042838$ & $0.000334961$ & $0.00960462$ & $0.0212905$ & $-0.0308708$ \\
CHL1_11 & $0.012699$ & $0.016005$ & $-0.0100199$ & $-0.0132342$ & $0.00215439$ & $0.0340381$ & $0.0808166$ & $0.103456$ & $0.0970955$ & $0.201314$ & $-0.512368$ & $-0.2907$ & $-0.242364$ & $1$ & $0.280502$ & $0.263246$ & $0.6561$ & $0.581614$ & $0.589196$ & $0.528219$ & $0.472188$ & $0.455796$ & $-0.0704441$ & $0.458486$ & $0.594573$ & $-0.301569$ & $-0.0939852$ & $0.132066$ & $-0.0459268$ & $-0.057802$ & $-0.0185039$ & $0.0677256$ & $-0.0480028$ & $-0.21587$ & $-0.0168522$ & $-0.0203076$ & $-0.018514$ & $0.00239304$ & $-0.02356$ & $-0.0184924$ & $-0.0528116$ & $-0.0260763$ & $-0.0231503$ & $-0.0181748$ & $-0.0348549$ & $-0.0285138$ & $0.0227053$ & $-0.0259621$ & $0.0282659$ \\
CHL1_22 & $-0.00788406$ & $0.00737892$ & $0.0154016$ & $0.0131655$ & $0.0420574$ & $-0.0868045$ & $0.0116017$ & $0.293872$ & $0.295146$ & $-0.140744$ & $-0.415259$ & $0.00493357$ & $0.0949648$ & $0.280502$ & $1$ & $0.471859$ & $0.15351$ & $-0.461547$ & $-0.0498661$ & $0.482075$ & $0.330709$ & $0.322347$ & $-0.181039$ & $0.111457$ & $-0.141071$ & $-0.222279$ & $-0.421056$ & $0.0991546$ & $-0.00142445$ & $0.0420299$ & $0.0233896$ & $0.0255378$ & $0.0351892$ & $-0.601138$ & $0.0256323$ & $0.0218226$ & $-0.0217196$ & $-0.0124023$ & $-0.0176757$ & $0.0385732$ & $-0.00980275$ & $-0.0160679$ & $-0.00456054$ & $0.0184944$ & $-0.0117622$ & $-0.00361649$ & $0.0433743$ & $-0.000904965$ & $-0.0139569$ \\
CHL1_33 & $-0.00865813$ & $0.0176875$ & $0.0201624$ & $0.0132167$ & $0.0239449$ & $-0.0981506$ & $0.00349394$ & $0.318208$ & $0.314768$ & $-0.150329$ & $-0.431012$ & $0.0137793$ & $0.103503$ & $0.263246$ & $0.471859$ & $1$ & $0.144356$ & $-0.065351$ & $-0.450337$ & $0.496245$ & $0.350018$ & $0.365348$ & $-0.167029$ & $0.0872724$ & $-0.142544$ & $-0.227957$ & $-0.378428$ & $0.0979594$ & $-0.00507324$ & $0.0482416$ & $0.0593711$ & $0.018958$ & $0.0363502$ & $-0.10642$ & $0.0221062$ & $0.0542328$ & $-0.0331834$ & $0.0105057$ & $-0.0140349$ & $0.0456447$ & $-0.00579329$ & $-0.0544348$ & $0.019657$ & $0.0154617$ & $-0.0272057$ & $-0.00883481$ & $0.0562216$ & $0.0135736$ & $-0.0413363$ \\
CHL3_11 & $0.0119544$ & $0.0331655$ & $-0.00949508$ & $-0.0286385$ & $0.00492967$ & $-0.243561$ & $0.106293$ & $-0.235466$ & $-0.232409$ & $0.409055$ & $-0.213306$ & $-0.280717$ & $-0.364397$ & $0.6561$ & $0.15351$ & $0.144356$ & $1$ & $0.733593$ & $0.734513$ & $0.232461$ & $0.182903$ & $0.174854$ & $-0.0574144$ & $0.665761$ & $0.771999$ & $-0.130635$ & $-0.151641$ & $0.0441081$ & $-0.0467457$ & $-0.096431$ & $-0.0255703$ & $0.08652$ & $-0.098274$ & $-0.235999$ & $-0.0295536$ & $-0.0323819$ & $-0.0144952$ & $0.0304351$ & $0.0260691$ & $-0.033744$ & $-0.0558758$ & $-0.0102434$ & $0.0181334$ & $-0.0236424$ & $-0.0171709$ & $-0.0380975$ & $0.00801008$ & $-0.0176647$ & $0.00265574$ \\
CHL3_22 & $0.0174668$ & $0.0272019$ & $-0.0163115$ & $-0.0301416$ & $-0.0215097$ & $-0.0245902$ & $0.0963091$ & $-0.42628$ & $-0.424956$ & $0.472863$ & $0.0691198$ & $-0.252648$ & $-0.401161$ & $0.581614$ & $-0.461547$ & $-0.065351$ & $0.733593$ & $1$ & $0.682191$ & $-0.0767817$ & $-0.0607437$ & $-0.0615976$ & $0.0382631$ & $0.602601$ & $0.794308$ & $0.0196814$ & $0.0285972$ & $-0.035554$ & $-0.0506625$ & $-0.114838$ & $-0.0403594$ & $0.0719335$ & $-0.110304$ & $0.0573624$ & $-0.0414835$ & $-0.037004$ & $-0.00158316$ & $0.0299678$ & $0.0248504$ & $-0.056354$ & $-0.0428536$ & $-0.00412133$ & $0.00686618$ & $-0.0307685$ & $-0.0114195$ & $-0.0272629$ & $-0.0142842$ & $-0.0284272$ & $0.0221972$ \\
CHL3_33 & $0.0165901$ & $0.0278634$ & $-0.0207345$ & $-0.0294234$ & $-0.00700642$ & $-0.0153049$ & $0.103973$ & $-0.44162$ & $-0.436371$ & $0.478725$ & $0.0811143$ & $-0.253321$ & $-0.400412$ & $0.589196$ & $-0.0498661$ & $-0.450337$ & $0.734513$ & $0.682191$ & $1$ & $-0.0875424$ & $-0.0741365$ & $-0.0716831$ & $0.0357355$ & $0.614811$ & $0.793202$ & $0.0193931$ & $0.00196361$ & $-0.0390414$ & $-0.0390842$ & $-0.117416$ & $-0.0654339$ & $0.0793888$ & $-0.110414$ & $-0.327473$ & $-0.0327762$ & $-0.0631368$ & $0.0104368$ & $0.00755495$ & $0.0235939$ & $-0.0614311$ & $-0.0483987$ & $0.0233486$ & $-0.0111765$ & $-0.0308406$ & $5.10063e-05$ & $-0.0198601$ & $-0.0224365$ & $-0.0435455$ & $0.0408988$ \\
CHe_11 & $-0.00396517$ & $-0.0101645$ & $-0.00711638$ & $0.0229293$ & $0.00323655$ & $-0.203224$ & $-0.0176235$ & $0.855431$ & $0.842102$ & $-0.365119$ & $-0.990378$ & $-0.144953$ & $0.165794$ & $0.528219$ & $0.482075$ & $0.496245$ & $0.232461$ & $-0.0767817$ & $-0.0875424$ & $1$ & $0.973003$ & $0.951533$ & $-0.0596618$ & $-0.264464$ & $-0.0251327$ & $-0.55587$ & $0.210306$ & $0.315793$ & $-0.00279387$ & $0.0685647$ & $0.0544803$ & $-0.00878023$ & $0.0666148$ & $0.288429$ & $0.0151333$ & $0.013685$ & $-0.00909278$ & $-0.00161706$ & $-0.0436026$ & $0.0425007$ & $-0.0323969$ & $-0.0461937$ & $0.0180023$ & $0.000734728$ & $-0.0499112$ & $-0.0134916$ & $0.0345199$ & $0.0169719$ & $-0.0160033$ \\
CHe_22 & $-0.00333034$ & $-0.0176097$ & $-0.0108164$ & $0.0216903$ & $-0.00481914$ & $-0.208815$ & $-0.0282585$ & $0.898834$ & $0.883355$ & $-0.389681$ & $-0.991071$ & $-0.160835$ & $0.176881$ & $0.472188$ & $0.330709$ & $0.350018$ & $0.182903$ & $-0.0607437$ & $-0.0741365$ & $0.973003$ & $1$ & $0.974838$ & $-0.0149427$ & $-0.371565$ & $-0.0324792$ & $-0.557489$ & $0.367088$ & $0.329437$ & $0.0021011$ & $0.0679021$ & $0.0507591$ & $-0.0229135$ & $0.0685645$ & $0.453059$ & $0.0117924$ & $0.00592922$ & $-0.00470454$ & $-0.00388379$ & $-0.0480052$ & $0.0410676$ & $-0.031773$ & $-0.0432811$ & $0.0142607$ & $-0.00348978$ & $-0.0498261$ & $-0.0125072$ & $0.0265286$ & $0.0225004$ & $-0.0140577$ \\
CHe_33 & $-0.00712296$ & $-0.00765826$ & $-0.0154715$ & $0.0253543$ & $-0.0105975$ & $-0.204362$ & $-0.0258622$ & $0.881629$ & $0.86747$ & $-0.385825$ & $-0.969238$ & $-0.15347$ & $0.180177$ & $0.455796$ & $0.322347$ & $0.365348$ & $0.174854$ & $-0.0615976$ & $-0.0716831$ & $0.951533$ & $0.974838$ & $1$ & $-0.0086667$ & $-0.368327$ & $-0.0360718$ & $-0.549761$ & $0.35968$ & $0.315965$ & $0.00593099$ & $0.0715959$ & $0.0518945$ & $-0.0204871$ & $0.0721301$ & $0.449944$ & $0.0114435$ & $0.0145824$ & $-0.00880127$ & $-0.000534179$ & $-0.0494429$ & $0.0399432$ & $-0.0370124$ & $-0.0428731$ & $0.0170199$ & $0.00274686$ & $-0.0503142$ & $-0.00238918$ & $0.0289426$ & $0.0207141$ & $-0.0118755$ \\
CHQ1_11 & $0.0174253$ & $-0.0272345$ & $-0.0115926$ & $-0.0464386$ & $-0.0133379$ & $0.0128866$ & $-0.0109153$ & $0.00431911$ & $0.00925071$ & $-0.0178296$ & $0.0385485$ & $-0.0246653$ & $0.000727497$ & $-0.0704441$ & $-0.181039$ & $-0.167029$ & $-0.0574144$ & $0.0382631$ & $0.0357355$ & $-0.0596618$ & $-0.0149427$ & $-0.0086667$ & $1$ & $-0.0897287$ & $0.0967913$ & $-0.645611$ & $0.303882$ & $-0.035127$ & $0.0257267$ & $-0.0211193$ & $-0.0011424$ & $-0.0240034$ & $-0.015598$ & $0.15245$ & $0.00370826$ & $-0.0213885$ & $0.0038062$ & $-0.007076$ & $0.0398239$ & $0.0125418$ & $0.0418544$ & $-0.0154904$ & $0.0317095$ & $-0.0364169$ & $0.0164571$ & $0.00488146$ & $-0.0250749$ & $0.0648211$ & $-0.0168483$ \\
CHQ1_33 & $-0.0273322$ & $0.0598928$ & $0.00253646$ & $-0.0302001$ & $0.0219549$ & $0.0393537$ & $0.123003$ & $-0.673639$ & $-0.661267$ & $0.53737$ & $0.317653$ & $-0.131841$ & $-0.387243$ & $0.458486$ & $0.111457$ & $0.0872724$ & $0.665761$ & $0.602601$ & $0.614811$ & $-0.264464$ & $-0.371565$ & $-0.368327$ & $-0.0897287$ & $1$ & $0.636696$ & $0.177819$ & $-0.414241$ & $-0.0398638$ & $-0.0403144$ & $-0.10712$ & $-0.0578853$ & $0.103538$ & $-0.0998277$ & $-0.629399$ & $-0.0333357$ & $-0.0155628$ & $-0.0274425$ & $0.0057488$ & $0.0049625$ & $-0.0478308$ & $-0.011557$ & $0.0177258$ & $-0.0106021$ & $-0.0216628$ & $0.0121364$ & $-0.0237418$ & $-0.02218$ & $-0.0213247$ & $0.02931$ \\
CHQ3_11 & $-0.124423$ & $0.00685276$ & $-0.024971$ & $-0.0339301$ & $0.00292167$ & $-0.0557195$ & $0.0938587$ & $-0.402035$ & $-0.398782$ & $0.451333$ & $0.0293768$ & $-0.264979$ & $-0.400717$ & $0.594573$ & $-0.141071$ & $-0.142544$ & $0.771999$ & $0.794308$ & $0.793202$ & $-0.0251327$ & $-0.0324792$ & $-0.0360718$ & $0.0967913$ & $0.636696$ & $1$ & $0.00602164$ & $0.212814$ & $-0.0383575$ & $-0.0339149$ & $-0.125977$ & $-0.0657158$ & $0.068747$ & $-0.118414$ & $-0.192287$ & $-0.00268362$ & $-0.0483802$ & $-0.00322616$ & $0.024615$ & $0.00657241$ & $-0.0477296$ & $-0.0484738$ & $0.00234843$ & $-0.0144187$ & $-0.016062$ & $-0.00359088$ & $-0.0367515$ & $-0.0287102$ & $-0.0516167$ & $0.0245199$ \\
CHu_11 & $-0.045006$ & $0.0300378$ & $0.00103302$ & $0.00635934$ & $0.0113534$ & $0.108931$ & $0.00530548$ & $-0.489999$ & $-0.487264$ & $0.195642$ & $0.561464$ & $0.096056$ & $-0.0926623$ & $-0.301569$ & $-0.222279$ & $-0.227957$ & $-0.130635$ & $0.0196814$ & $0.0193931$ & $-0.55587$ & $-0.557489$ & $-0.549761$ & $-0.645611$ & $0.177819$ & $0.00602164$ & $1$ & $-0.137941$ & $-0.155626$ & $-0.00428746$ & $-0.0129645$ & $-0.0501764$ & $0.0108049$ & $-0.0201069$ & $-0.209453$ & $-0.0154556$ & $0.0139097$ & $-0.0107191$ & $0.000196385$ & $-0.0106895$ & $-0.0315502$ & $-0.00423579$ & $0.0346434$ & $-0.0302295$ & $0.0403441$ & $0.0174518$ & $0.00869986$ & $-0.027602$ & $-0.0683177$ & $0.0200473$ \\
CHd_11 & $-0.0506844$ & $-0.0448205$ & $-0.0353051$ & $-0.00316873$ & $-0.0161522$ & $-0.0773542$ & $-0.0484135$ & $0.411875$ & $0.404207$ & $-0.239325$ & $-0.284007$ & $-0.0834823$ & $0.100868$ & $-0.0939852$ & $-0.421056$ & $-0.378428$ & $-0.151641$ & $0.0285972$ & $0.00196361$ & $0.210306$ & $0.367088$ & $0.35968$ & $0.303882$ & $-0.414241$ & $0.212814$ & $-0.137941$ & $1$ & $0.115767$ & $0.0369384$ & $0.0158213$ & $-0.00834303$ & $-0.0603504$ & $0.0286133$ & $0.68997$ & $0.00316322$ & $-0.0345673$ & $0.0153731$ & $-0.00222439$ & $-0.0431934$ & $0.00468888$ & $-0.00744691$ & $-0.00707762$ & $0.00419474$ & $-0.00761676$ & $-0.00939547$ & $-0.00112179$ & $-0.0462075$ & $0.021125$ & $0.00165273$ \\
CHd_33 & $0.0459066$ & $0.023309$ & $0.00949087$ & $0.0358216$ & $-0.00836148$ & $-0.0640683$ & $0.00384022$ & $0.303779$ & $0.304461$ & $-0.150968$ & $-0.323664$ & $-0.0549667$ & $0.065929$ & $0.132066$ & $0.0991546$ & $0.0979594$ & $0.0441081$ & $-0.035554$ & $-0.0390414$ & $0.315793$ & $0.329437$ & $0.315965$ & $-0.035127$ & $-0.0398638$ & $-0.0383575$ & $-0.155626$ & $0.115767$ & $1$ & $-6.77547e-05$ & $0.0571745$ & $0.00683514$ & $0.0129574$ & $0.0747359$ & $0.167561$ & $-0.038278$ & $-0.00275453$ & $-0.0149686$ & $0.00280365$ & $-0.00375929$ & $0.0222978$ & $0.0447464$ & $0.0320024$ & $0.0169803$ & $-0.000336471$ & $-0.0422643$ & $0.00225231$ & $-0.0110045$ & $0.0682533$ & $0.0309544$ \\
CeH_22r & $-0.0269346$ & $-0.0128392$ & $-0.00521408$ & $0.0133622$ & $-0.0316634$ & $-0.0193271$ & $0.00187124$ & $0.0271336$ & $0.0316922$ & $-0.0233077$ & $8.36132e-05$ & $0.0556308$ & $0.0573145$ & $-0.0459268$ & $-0.00142445$ & $-0.00507324$ & $-0.0467457$ & $-0.0506625$ & $-0.0390842$ & $-0.00279387$ & $0.0021011$ & $0.00593099$ & $0.0257267$ & $-0.0403144$ & $-0.0339149$ & $-0.00428746$ & $0.0369384$ & $-6.77547e-05$ & $1$ & $0.0513579$ & $-0.00705993$ & $-0.0167022$ & $0.0364702$ & $0.0245956$ & $-0.021667$ & $-0.041857$ & $-0.0393684$ & $0.00166521$ & $0.00858118$ & $-0.0146478$ & $-0.038374$ & $-0.0319079$ & $-0.0270519$ & $0.0165576$ & $0.00744219$ & $-0.0222016$ & $-0.0458599$ & $-0.00690517$ & $-0.0136594$ \\
CeH_33r & $0.0242054$ & $-0.0205413$ & $0.00480042$ & $-0.00243121$ & $-0.00706139$ & $-0.00982446$ & $-0.141107$ & $0.114806$ & $0.134356$ & $-0.12848$ & $-0.0688046$ & $0.309472$ & $0.280249$ & $-0.057802$ & $0.0420299$ & $0.0482416$ & $-0.096431$ & $-0.114838$ & $-0.117416$ & $0.0685647$ & $0.0679021$ & $0.0715959$ & $-0.0211193$ & $-0.10712$ & $-0.125977$ & $-0.0129645$ & $0.0158213$ & $0.0571745$ & $0.0513579$ & $1$ & $0.309524$ & $0.00988676$ & $0.639158$ & $0.0546091$ & $-0.0455699$ & $0.0290769$ & $-0.167136$ & $-0.013387$ & $0.0121809$ & $0.0117483$ & $-0.00724784$ & $0.0109011$ & $-0.0254725$ & $-0.0245508$ & $0.0794241$ & $-0.0237691$ & $-0.0110124$ & $-0.00687409$ & $-0.0174675$ \\
CuH_22r & $0.0682158$ & $0.00559257$ & $0.0232921$ & $-0.0245657$ & $-0.0205154$ & $-0.0312025$ & $-0.0761376$ & $0.0671702$ & $0.0781782$ & $-0.0547626$ & $-0.0540056$ & $0.1026$ & $0.114432$ & $-0.0185039$ & $0.0233896$ & $0.0593711$ & $-0.0255703$ & $-0.0403594$ & $-0.0654339$ & $0.0544803$ & $0.0507591$ & $0.0518945$ & $-0.0011424$ & $-0.0578853$ & $-0.0657158$ & $-0.0501764$ & $-0.00834303$ & $0.00683514$ & $-0.00705993$ & $0.309524$ & $1$ & $0.0175641$ & $0.341028$ & $0.0399211$ & $0.00052042$ & $0.0220321$ & $-0.0322686$ & $-0.0210991$ & $0.00753233$ & $0.0211268$ & $0.0272495$ & $0.0119951$ & $0.0224882$ & $0.0118365$ & $-0.00468605$ & $0.0458745$ & $0.357335$ & $0.0175989$ & $-0.00462108$ \\
CuH_33r & $0.0410858$ & $0.0569988$ & $-0.0260864$ & $-0.0130993$ & $-0.012803$ & $-0.0144701$ & $0.933736$ & $-0.0662656$ & $-0.0275174$ & $0.0850363$ & $0.0178895$ & $-0.0543761$ & $-0.236452$ & $0.0677256$ & $0.0255378$ & $0.018958$ & $0.08652$ & $0.0719335$ & $0.0793888$ & $-0.00878023$ & $-0.0229135$ & $-0.0204871$ & $-0.0240034$ & $0.103538$ & $0.068747$ & $0.0108049$ & $-0.0603504$ & $0.0129574$ & $-0.0167022$ & $0.00988676$ & $0.0175641$ & $1$ & $0.0141437$ & $-0.0723553$ & $0.109416$ & $0.0228527$ & $-0.0546791$ & $0.0013463$ & $0.0269656$ & $-0.0276782$ & $0.0377007$ & $-0.0220691$ & $-0.0183713$ & $-0.0423494$ & $-0.0378123$ & $-0.0112311$ & $0.0347694$ & $0.016479$ & $9.89946e-05$ \\
CdH_33r & $0.0233579$ & $0.0120695$ & $-0.0519024$ & $0.0138791$ & $-0.00081955$ & $0.0300996$ & $-0.161871$ & $0.113761$ & $0.137055$ & $-0.134039$ & $-0.0690987$ & $0.35167$ & $0.306278$ & $-0.0480028$ & $0.0351892$ & $0.0363502$ & $-0.098274$ & $-0.110304$ & $-0.110414$ & $0.0666148$ & $0.0685645$ & $0.0721301$ & $-0.015598$ & $-0.0998277$ & $-0.118414$ & $-0.0201069$ & $0.0286133$ & $0.0747359$ & $0.0364702$ & $0.639158$ & $0.341028$ & $0.0141437$ & $1$ & $0.0583644$ & $-0.0298529$ & $0.010748$ & $-0.20555$ & $0.00796758$ & $-0.0348584$ & $0.0318539$ & $0.0324341$ & $0.00815735$ & $0.00503616$ & $-0.0214307$ & $-0.0158952$ & $-0.0271304$ & $-0.0268637$ & $0.15106$ & $0.450161$ \\
CLL_1221 & $-0.00713343$ & $-0.00500596$ & $-0.0139914$ & $0.0130164$ & $-0.0440619$ & $-0.141625$ & $-0.0713391$ & $0.557108$ & $0.543998$ & $-0.336396$ & $-0.366347$ & $-0.0291832$ & $0.1961$ & $-0.21587$ & $-0.601138$ & $-0.10642$ & $-0.235999$ & $0.0573624$ & $-0.327473$ & $0.288429$ & $0.453059$ & $0.449944$ & $0.15245$ & $-0.629399$ & $-0.192287$ & $-0.209453$ & $0.68997$ & $0.167561$ & $0.0245956$ & $0.0546091$ & $0.0399211$ & $-0.0723553$ & $0.0583644$ & $1$ & $-0.000993263$ & $0.00830932$ & $0.0163784$ & $0.0101282$ & $-0.0194232$ & $0.0153965$ & $0.00261607$ & $-0.019627$ & $0.0226283$ & $-0.00353575$ & $-0.0248515$ & $-0.00169602$ & $-0.0117526$ & $0.0370154$ & $-0.0119626$ \\
eHggint & $-0.206229$ & $-0.0334265$ & $0.00355981$ & $-0.162316$ & $0.000187049$ & $0.00168874$ & $0.0126558$ & $0.0282304$ & $0.00751036$ & $0.0369909$ & $-0.0131172$ & $0.100607$ & $0.0276334$ & $-0.0168522$ & $0.0256323$ & $0.0221062$ & $-0.0295536$ & $-0.0414835$ & $-0.0327762$ & $0.0151333$ & $0.0117924$ & $0.0114435$ & $0.00370826$ & $-0.0333357$ & $-0.00268362$ & $-0.0154556$ & $0.00316322$ & $-0.038278$ & $-0.021667$ & $-0.0455699$ & $0.00052042$ & $0.109416$ & $-0.0298529$ & $-0.000993263$ & $1$ & $-0.0943881$ & $0.00776223$ & $-0.0294022$ & $0.130436$ & $0.0414236$ & $0.0212923$ & $0.0130572$ & $-0.0684669$ & $-0.0437349$ & $-0.138159$ & $-0.00380456$ & $0.0776202$ & $-0.0544289$ & $0.0376173$ \\
eHggpar & $-0.0983619$ & $0.182586$ & $0.0568322$ & $-0.0237403$ & $-0.0276079$ & $0.048247$ & $-0.00692201$ & $0.0169102$ & $0.00872739$ & $-0.0189118$ & $-0.00444038$ & $0.0541599$ & $0.0561376$ & $-0.0203076$ & $0.0218226$ & $0.0542328$ & $-0.0323819$ & $-0.037004$ & $-0.0631368$ & $0.013685$ & $0.00592922$ & $0.0145824$ & $-0.0213885$ & $-0.0155628$ & $-0.0483802$ & $0.0139097$ & $-0.0345673$ & $-0.00275453$ & $-0.041857$ & $0.0290769$ & $0.0220321$ & $0.0228527$ & $0.010748$ & $0.00830932$ & $-0.0943881$ & $1$ & $-0.0188742$ & $0.058293$ & $-0.196513$ & $0.0245384$ & $0.12191$ & $0.00631941$ & $0.0130909$ & $0.116729$ & $0.0219901$ & $-0.0252262$ & $0.0331941$ & $0.0530739$ & $-0.014574$ \\
eHWWint & $0.0243449$ & $-0.0044756$ & $-0.0752429$ & $0.0120819$ & $-0.0114704$ & $-0.00564238$ & $-0.0192861$ & $-0.000311407$ & $-0.0119612$ & $-0.00924197$ & $0.00787088$ & $-0.0121748$ & $0.00221562$ & $-0.018514$ & $-0.0217196$ & $-0.0331834$ & $-0.0144952$ & $-0.00158316$ & $0.0104368$ & $-0.00909278$ & $-0.00470454$ & $-0.00880127$ & $0.0038062$ & $-0.0274425$ & $-0.00322616$ & $-0.0107191$ & $0.0153731$ & $-0.0149686$ & $-0.0393684$ & $-0.167136$ & $-0.0322686$ & $-0.0546791$ & $-0.20555$ & $0.0163784$ & $0.00776223$ & $-0.0188742$ & $1$ & $0.00735287$ & $0.00836685$ & $-0.00583931$ & $-0.0194025$ & $0.00445115$ & $-0.00508581$ & $0.0253128$ & $-0.0435209$ & $0.126213$ & $0.123977$ & $-0.0249904$ & $-0.00096185$ \\
eHWWpar & $0.0156287$ & $-0.00129627$ & $-0.0644135$ & $0.037013$ & $-0.0303732$ & $-0.00966712$ & $0.00905609$ & $-0.0113828$ & $-0.00454341$ & $-0.00994205$ & $0.000690217$ & $0.00332009$ & $0.0139764$ & $0.00239304$ & $-0.0124023$ & $0.0105057$ & $0.0304351$ & $0.0299678$ & $0.00755495$ & $-0.00161706$ & $-0.00388379$ & $-0.000534179$ & $-0.007076$ & $0.0057488$ & $0.024615$ & $0.000196385$ & $-0.00222439$ & $0.00280365$ & $0.00166521$ & $-0.013387$ & $-0.0210991$ & $0.0013463$ & $0.00796758$ & $0.0101282$ & $-0.0294022$ & $0.058293$ & $0.00735287$ & $1$ & $-0.0143824$ & $-0.00320715$ & $0.0210615$ & $-0.0414332$ & $0.0244347$ & $-0.0208555$ & $0.029041$ & $0.0373122$ & $-0.0252409$ & $-0.0178954$ & $0.0230968$ \\
eHZZint & $0.0592141$ & $0.020143$ & $0.015567$ & $-0.0994407$ & $-0.0635888$ & $-0.0130047$ & $0.00314657$ & $-0.0538091$ & $-0.0552279$ & $0.0261496$ & $0.0462843$ & $0.0299143$ & $0.00825133$ & $-0.02356$ & $-0.0176757$ & $-0.0140349$ & $0.0260691$ & $0.0248504$ & $0.0235939$ & $-0.0436026$ & $-0.0480052$ & $-0.0494429$ & $0.0398239$ & $0.0049625$ & $0.00657241$ & $-0.0106895$ & $-0.0431934$ & $-0.00375929$ & $0.00858118$ & $0.0121809$ & $0.00753233$ & $0.0269656$ & $-0.0348584$ & $-0.0194232$ & $0.130436$ & $-0.196513$ & $0.00836685$ & $-0.0143824$ & $1$ & $-0.0625135$ & $0.0241186$ & $0.000619892$ & $0.0391845$ & $-0.101122$ & $-0.0343052$ & $-0.0198237$ & $0.0536542$ & $-0.116368$ & $-0.0600593$ \\
eHZZpar & $-0.015085$ & $-0.077462$ & $-0.0164105$ & $0.0182364$ & $0.00366612$ & $-0.0119617$ & $-0.045602$ & $0.0618274$ & $0.0529566$ & $-0.0174329$ & $-0.04445$ & $0.0140072$ & $0.00640034$ & $-0.0184924$ & $0.0385732$ & $0.0456447$ & $-0.033744$ & $-0.056354$ & $-0.0614311$ & $0.0425007$ & $0.0410676$ & $0.0399432$ & $0.0125418$ & $-0.0478308$ & $-0.0477296$ & $-0.0315502$ & $0.00468888$ & $0.0222978$ & $-0.0146478$ & $0.0117483$ & $0.0211268$ & $-0.0276782$ & $0.0318539$ & $0.0153965$ & $0.0414236$ & $0.0245384$ & $-0.00583931$ & $-0.00320715$ & $-0.0625135$ & $1$ & $0.0091904$ & $-0.0136098$ & $-0.0280975$ & $-0.00323669$ & $-0.00927793$ & $-0.041992$ & $-0.00799977$ & $0.00365685$ & $0.0348832$ \\
eHZgaint & $-0.0300264$ & $0.0700279$ & $-0.00436294$ & $0.0299108$ & $-0.0310118$ & $0.000178536$ & $0.0166075$ & $-0.008697$ & $-0.0124017$ & $-0.0559266$ & $0.0346784$ & $-0.0125233$ & $-0.00277224$ & $-0.0528116$ & $-0.00980275$ & $-0.00579329$ & $-0.0558758$ & $-0.0428536$ & $-0.0483987$ & $-0.0323969$ & $-0.031773$ & $-0.0370124$ & $0.0418544$ & $-0.011557$ & $-0.0484738$ & $-0.00423579$ & $-0.00744691$ & $0.0447464$ & $-0.038374$ & $-0.00724784$ & $0.0272495$ & $0.0377007$ & $0.0324341$ & $0.00261607$ & $0.0212923$ & $0.12191$ & $-0.0194025$ & $0.0210615$ & $0.0241186$ & $0.0091904$ & $1$ & $0.00387555$ & $-0.0929765$ & $0.00631328$ & $0.0493912$ & $-0.0619883$ & $-0.0427374$ & $0.0401548$ & $0.0353201$ \\
eHZgapar & $-0.0138619$ & $0.0042363$ & $-0.0362773$ & $-1.23494e-05$ & $0.0338867$ & $0.00938873$ & $-0.022059$ & $-0.0392631$ & $-0.0353199$ & $-0.0066373$ & $0.0462051$ & $-0.00196178$ & $-0.0101481$ & $-0.0260763$ & $-0.0160679$ & $-0.0544348$ & $-0.0102434$ & $-0.00412133$ & $0.0233486$ & $-0.0461937$ & $-0.0432811$ & $-0.0428731$ & $-0.0154904$ & $0.0177258$ & $0.00234843$ & $0.0346434$ & $-0.00707762$ & $0.0320024$ & $-0.0319079$ & $0.0109011$ & $0.0119951$ & $-0.0220691$ & $0.00815735$ & $-0.019627$ & $0.0130572$ & $0.00631941$ & $0.00445115$ & $-0.0414332$ & $0.000619892$ & $-0.0136098$ & $0.00387555$ & $1$ & $0.0166444$ & $0.0232638$ & $0.00428324$ & $-0.00682559$ & $-0.0153639$ & $0.0202344$ & $0.0129286$ \\
eHgagaint & $0.0932791$ & $-0.0511174$ & $-0.146533$ & $0.0101376$ & $0.0215436$ & $-0.0169587$ & $-0.00419107$ & $0.0146292$ & $0.0833146$ & $-0.0342692$ & $-0.0174671$ & $-0.0198405$ & $0.0176047$ & $-0.0231503$ & $-0.00456054$ & $0.019657$ & $0.0181334$ & $0.00686618$ & $-0.0111765$ & $0.0180023$ & $0.0142607$ & $0.0170199$ & $0.0317095$ & $-0.0106021$ & $-0.0144187$ & $-0.0302295$ & $0.00419474$ & $0.0169803$ & $-0.0270519$ & $-0.0254725$ & $0.0224882$ & $-0.0183713$ & $0.00503616$ & $0.0226283$ & $-0.0684669$ & $0.0130909$ & $-0.00508581$ & $0.0244347$ & $0.0391845$ & $-0.0280975$ & $-0.0929765$ & $0.0166444$ & $1$ & $0.0262997$ & $-0.0858614$ & $0.0470879$ & $-0.0175664$ & $0.0822298$ & $-0.0438892$ \\
eHmumuint & $-0.0834943$ & $0.0340987$ & $0.0489244$ & $0.0436995$ & $0.0293324$ & $-0.0410085$ & $-0.0383038$ & $0.00938429$ & $0.0109167$ & $-0.0544986$ & $0.0025786$ & $-0.0171036$ & $0.0175976$ & $-0.0181748$ & $0.0184944$ & $0.0154617$ & $-0.0236424$ & $-0.0307685$ & $-0.0308406$ & $0.000734728$ & $-0.00348978$ & $0.00274686$ & $-0.0364169$ & $-0.0216628$ & $-0.016062$ & $0.0403441$ & $-0.00761676$ & $-0.000336471$ & $0.0165576$ & $-0.0245508$ & $0.0118365$ & $-0.0423494$ & $-0.0214307$ & $-0.00353575$ & $-0.0437349$ & $0.116729$ & $0.0253128$ & $-0.0208555$ & $-0.101122$ & $-0.00323669$ & $0.00631328$ & $0.0232638$ & $0.0262997$ & $1$ & $0.0388527$ & $-0.129112$ & $0.112295$ & $-0.0396316$ & $-0.0143717$ \\
eHtautauint & $-0.00856267$ & $-0.0652962$ & $0.130527$ & $0.0398401$ & $-0.0133202$ & $0.0214449$ & $-0.0287034$ & $-0.0383698$ & $-0.0453274$ & $-0.0380199$ & $0.0502944$ & $-0.036636$ & $0.00042838$ & $-0.0348549$ & $-0.0117622$ & $-0.0272057$ & $-0.0171709$ & $-0.0114195$ & $5.10063e-05$ & $-0.0499112$ & $-0.0498261$ & $-0.0503142$ & $0.0164571$ & $0.0121364$ & $-0.00359088$ & $0.0174518$ & $-0.00939547$ & $-0.0422643$ & $0.00744219$ & $0.0794241$ & $-0.00468605$ & $-0.0378123$ & $-0.0158952$ & $-0.0248515$ & $-0.138159$ & $0.0219901$ & $-0.0435209$ & $0.029041$ & $-0.0343052$ & $-0.00927793$ & $0.0493912$ & $0.00428324$ & $-0.0858614$ & $0.0388527$ & $1$ & $-0.105785$ & $-0.0321446$ & $-0.0540379$ & $-0.0425746$ \\
eHccint & $0.0606902$ & $-0.0705077$ & $-0.0387188$ & $0.0449228$ & $0.00387995$ & $-0.0155748$ & $5.22989e-05$ & $0.00465727$ & $0.00927805$ & $-0.0131088$ & $0.0106471$ & $-0.00693658$ & $0.000334961$ & $-0.0285138$ & $-0.00361649$ & $-0.00883481$ & $-0.0380975$ & $-0.0272629$ & $-0.0198601$ & $-0.0134916$ & $-0.0125072$ & $-0.00238918$ & $0.00488146$ & $-0.0237418$ & $-0.0367515$ & $0.00869986$ & $-0.00112179$ & $0.00225231$ & $-0.0222016$ & $-0.0237691$ & $0.0458745$ & $-0.0112311$ & $-0.0271304$ & $-0.00169602$ & $-0.00380456$ & $-0.0252262$ & $0.126213$ & $0.0373122$ & $-0.0198237$ & $-0.041992$ & $-0.0619883$ & $-0.00682559$ & $0.0470879$ & $-0.129112$ & $-0.105785$ & $1$ & $-0.0061502$ & $0.0168048$ & $-0.00925434$ \\
eHccpar & $0.064196$ & $0.0127636$ & $0.123156$ & $-0.0872151$ & $0.00140978$ & $-0.0308283$ & $0.0284701$ & $0.0258647$ & $0.0232715$ & $-0.027744$ & $-0.0322455$ & $-0.0187848$ & $0.00960462$ & $0.0227053$ & $0.0433743$ & $0.0562216$ & $0.00801008$ & $-0.0142842$ & $-0.0224365$ & $0.0345199$ & $0.0265286$ & $0.0289426$ & $-0.0250749$ & $-0.02218$ & $-0.0287102$ & $-0.027602$ & $-0.0462075$ & $-0.0110045$ & $-0.0458599$ & $-0.0110124$ & $0.357335$ & $0.0347694$ & $-0.0268637$ & $-0.0117526$ & $0.0776202$ & $0.0331941$ & $0.123977$ & $-0.0252409$ & $0.0536542$ & $-0.00799977$ & $-0.0427374$ & $-0.0153639$ & $-0.0175664$ & $0.112295$ & $-0.0321446$ & $-0.0061502$ & $1$ & $0.00318814$ & $-0.0127449$ \\
eHbbint & $0.156325$ & $-0.0176777$ & $0.0563273$ & $-0.159112$ & $0.0433377$ & $0.000767534$ & $0.0352955$ & $0.0367104$ & $0.0502795$ & $-0.0309114$ & $-0.0212557$ & $0.0157805$ & $0.0212905$ & $-0.0259621$ & $-0.000904965$ & $0.0135736$ & $-0.0176647$ & $-0.0284272$ & $-0.0435455$ & $0.0169719$ & $0.0225004$ & $0.0207141$ & $0.0648211$ & $-0.0213247$ & $-0.0516167$ & $-0.0683177$ & $0.021125$ & $0.0682533$ & $-0.00690517$ & $-0.00687409$ & $0.0175989$ & $0.016479$ & $0.15106$ & $0.0370154$ & $-0.0544289$ & $0.0530739$ & $-0.0249904$ & $-0.0178954$ & $-0.116368$ & $0.00365685$ & $0.0401548$ & $0.0202344$ & $0.0822298$ & $-0.0396316$ & $-0.0540379$ & $0.0168048$ & $0.00318814$ & $1$ & $-0.0276932$ \\
eHbbpar & $-0.0453222$ & $0.0506443$ & $-0.0757258$ & $0.072443$ & $-0.010191$ & $0.0599904$ & $-0.00884206$ & $-0.0225131$ & $-0.0254697$ & $0.0130538$ & $0.0147023$ & $-0.00257396$ & $-0.0308708$ & $0.0282659$ & $-0.0139569$ & $-0.0413363$ & $0.00265574$ & $0.0221972$ & $0.0408988$ & $-0.0160033$ & $-0.0140577$ & $-0.0118755$ & $-0.0168483$ & $0.02931$ & $0.0245199$ & $0.0200473$ & $0.00165273$ & $0.0309544$ & $-0.0136594$ & $-0.0174675$ & $-0.00462108$ & $9.89946e-05$ & $0.450161$ & $-0.0119626$ & $0.0376173$ & $-0.014574$ & $-0.00096185$ & $0.0230968$ & $-0.0600593$ & $0.0348832$ & $0.0353201$ & $0.0129286$ & $-0.0438892$ & $-0.0143717$ & $-0.0425746$ & $-0.00925434$ & $-0.0127449$ & $-0.0276932$ & $1$ \\
