 & AlsMz & dAle5Mz & mtop & mHl & Mz & CW & CHG & CHWB & CHWHB_gaga & CHWHB_gagaorth & CHD & CHbox & CH & CHL1_11 & CHL1_22 & CHL1_33 & CHL3_11 & CHL3_22 & CHL3_33 & CHe_11 & CHe_22 & CHe_33 & CHQ1_11 & CHQ1_33 & CHQ3_11 & CHu_11 & CHd_11 & CHd_33 & CeH_22r & CeH_33r & CuH_22r & CuH_33r & CdH_33r & CLL_1221 & eHggint & eHggpar & eHWWint & eHWWpar & eHZZint & eHZZpar & eHZgaint & eHZgapar & eHgagaint & eHmumuint & eHtautauint & eHccint & eHccpar & eHbbint & eHbbpar \\
AlsMz & $1$ & $0.0404216$ & $-0.0944254$ & $0.0201596$ & $0.0176521$ & $-0.000824299$ & $-0.0137485$ & $0.00793857$ & $0.00795706$ & $-0.00900187$ & $-0.0155556$ & $-0.00853962$ & $-0.00615863$ & $-0.0125949$ & $-0.00578827$ & $0.0131073$ & $0.00574316$ & $0.00240229$ & $-0.0131817$ & $0.00776086$ & $0.00763635$ & $0.00787174$ & $0.0120049$ & $-0.0660069$ & $-0.12042$ & $-0.0576273$ & $-0.032744$ & $0.0148558$ & $-0.000487301$ & $0.0063591$ & $0.00338964$ & $-0.0130637$ & $-0.00830121$ & $0.0199062$ & $-0.0294884$ & $-0.0145032$ & $0.0040723$ & $0.0275829$ & $-0.0247377$ & $0.00443125$ & $0.0446223$ & $0.00452272$ & $0.0251865$ & $-0.0341273$ & $-0.0419108$ & $-0.0490011$ & $0.0579836$ & $0.00840959$ & $-0.046687$ \\
dAle5Mz & $0.0404216$ & $1$ & $0.0161507$ & $0.0165584$ & $0.0439812$ & $0.000241003$ & $0.023536$ & $-0.0838352$ & $-0.0830961$ & $0.0186089$ & $0.0664192$ & $-0.0358492$ & $-0.0441134$ & $-0.0215176$ & $-0.0330228$ & $-0.0322427$ & $0.0171068$ & $0.0257238$ & $0.0212054$ & $-0.0391889$ & $-0.0378797$ & $-0.0395357$ & $0.00552618$ & $0.0138591$ & $0.02517$ & $0.0148041$ & $0.00615818$ & $-0.0422122$ & $-0.00605945$ & $-0.0149369$ & $0.00992503$ & $0.0270994$ & $0.0261336$ & $0.0261523$ & $0.0210106$ & $-0.0102848$ & $-0.0802653$ & $0.0204443$ & $0.0502267$ & $0.00843688$ & $-0.034644$ & $-0.0177817$ & $-0.0347213$ & $0.0797571$ & $-0.0535801$ & $-0.0144548$ & $0.0146728$ & $0.116913$ & $0.0263106$ \\
mtop & $-0.0944254$ & $0.0161507$ & $1$ & $0.0220919$ & $-0.0194862$ & $-0.0028502$ & $0.00483885$ & $-0.0296181$ & $-0.0235336$ & $-0.00859914$ & $0.0421168$ & $-0.00722396$ & $0.00604427$ & $-0.0163494$ & $-0.0193784$ & $-0.00232386$ & $-0.0102734$ & $0.00520901$ & $-0.00553063$ & $-0.03115$ & $-0.0328726$ & $-0.0307215$ & $0.00984924$ & $0.0205679$ & $0.0223181$ & $0.0196373$ & $0.00651268$ & $-0.0058543$ & $-0.0065018$ & $0.0070343$ & $0.0447022$ & $0.00651565$ & $0.0378982$ & $-0.00883286$ & $0.00857465$ & $-0.0284965$ & $-0.0430692$ & $-0.0134896$ & $-0.033429$ & $0.0187595$ & $0.0497028$ & $0.00659422$ & $0.0191228$ & $0.0229585$ & $0.0255826$ & $0.0470104$ & $0.00249343$ & $-0.0926889$ & $0.0934384$ \\
mHl & $0.0201596$ & $0.0165584$ & $0.0220919$ & $1$ & $0.0269687$ & $0.0144107$ & $-0.0160682$ & $-0.0188586$ & $-0.0326272$ & $0.00713066$ & $0.0152901$ & $0.000577812$ & $0.00697209$ & $0.00408089$ & $-0.018466$ & $0.00842197$ & $0.00494091$ & $0.0195989$ & $-0.00106081$ & $-0.0157108$ & $-0.0162664$ & $-0.0149041$ & $-0.0196202$ & $0.0184012$ & $-0.0102088$ & $0.0142523$ & $-0.0283802$ & $0.00688105$ & $-0.0170363$ & $-0.0281386$ & $-0.00631735$ & $-0.019221$ & $-0.0373655$ & $0.0017801$ & $0.0351609$ & $0.0508935$ & $0.137978$ & $-0.0336636$ & $-0.0040255$ & $-0.0296385$ & $-0.108179$ & $0.0173252$ & $-0.121741$ & $-0.0374808$ & $-0.0246586$ & $0.0256309$ & $0.00361506$ & $0.0566554$ & $-0.0290471$ \\
Mz & $0.0176521$ & $0.0439812$ & $-0.0194862$ & $0.0269687$ & $1$ & $-0.0200475$ & $-0.00424367$ & $-0.0112303$ & $-0.0158451$ & $0.0124286$ & $0.00702629$ & $-0.01271$ & $-0.0105984$ & $0.0166269$ & $0.0133882$ & $-0.0126502$ & $0.0220718$ & $0.0094508$ & $0.0310259$ & $0.0022052$ & $0.00275424$ & $0.00300046$ & $-0.000485906$ & $0.0126041$ & $0.0192503$ & $0.000936648$ & $0.000597904$ & $-0.0117487$ & $-0.0115908$ & $0.00996706$ & $-0.00353722$ & $-0.0020441$ & $-0.0032148$ & $-0.0186657$ & $-0.00231142$ & $0.00956297$ & $-0.0116288$ & $0.00499176$ & $0.00510737$ & $-0.0139712$ & $-0.0116693$ & $0.00397761$ & $-0.0151553$ & $0.033833$ & $0.0196566$ & $0.0030252$ & $-0.0204404$ & $0.0227121$ & $-0.0194609$ \\
CW & $-0.000824299$ & $0.000241003$ & $-0.0028502$ & $0.0144107$ & $-0.0200475$ & $1$ & $0.00865077$ & $-0.14554$ & $-0.145023$ & $0.024845$ & $0.207525$ & $0.00753041$ & $-0.0128725$ & $-0.00142517$ & $-0.102803$ & $-0.0773484$ & $-0.240327$ & $-0.0351119$ & $-0.0491563$ & $-0.204607$ & $-0.210459$ & $-0.206721$ & $-0.0309078$ & $0.0108902$ & $-0.0825256$ & $0.123515$ & $-0.0896571$ & $-0.0804727$ & $0.00371088$ & $-0.0203167$ & $-0.0203439$ & $0.00610906$ & $-0.02207$ & $-0.114252$ & $0.00493718$ & $-0.00154218$ & $0.0108381$ & $0.00493423$ & $-0.0146592$ & $-0.0138048$ & $0.0220917$ & $0.00527427$ & $-0.00211536$ & $-0.0273266$ & $-6.9808e-05$ & $0.00616624$ & $-0.00685558$ & $0.00187927$ & $0.00273764$ \\
CHG & $-0.0137485$ & $0.023536$ & $0.00483885$ & $-0.0160682$ & $-0.00424367$ & $0.00865077$ & $1$ & $-0.0738005$ & $-0.0147196$ & $0.106484$ & $0.0600332$ & $-0.335749$ & $-0.438375$ & $0.000243382$ & $-0.012783$ & $-0.0422153$ & $0.0308543$ & $0.0324074$ & $0.0558923$ & $-0.059118$ & $-0.0611884$ & $-0.0533866$ & $-0.0119074$ & $0.0580715$ & $0.0401938$ & $0.034459$ & $-0.0248357$ & $-0.0163484$ & $-0.0149923$ & $-0.228844$ & $-0.116778$ & $0.943507$ & $-0.237084$ & $-0.0463092$ & $-0.0230012$ & $0.0152516$ & $0.0265489$ & $-0.00743262$ & $0.00328128$ & $-0.0100084$ & $-0.0202949$ & $0.0258752$ & $0.00996528$ & $0.0191073$ & $-0.00860357$ & $-0.00916746$ & $-0.00447518$ & $-0.00493606$ & $0.00659353$ \\
CHWB & $0.00793857$ & $-0.0838352$ & $-0.0296181$ & $-0.0188586$ & $-0.0112303$ & $-0.14554$ & $-0.0738005$ & $1$ & $0.981154$ & $-0.541892$ & $-0.865316$ & $0.0210554$ & $0.171217$ & $0.0499245$ & $0.294702$ & $0.288355$ & $-0.262508$ & $-0.455356$ & $-0.442936$ & $0.83604$ & $0.883409$ & $0.86855$ & $0.0801993$ & $-0.678072$ & $-0.416126$ & $-0.495081$ & $0.437524$ & $0.308373$ & $0.0279698$ & $0.0670917$ & $0.0190144$ & $-0.0702472$ & $0.0568973$ & $0.569741$ & $0.00965385$ & $-0.0224087$ & $-0.00576935$ & $0.00802483$ & $-0.0155778$ & $-0.0185432$ & $0.0165023$ & $-0.00806926$ & $0.0192764$ & $-0.0195331$ & $-0.00903864$ & $-0.0145852$ & $-0.0101803$ & $-0.0358634$ & $-0.0171382$ \\
CHWHB_gaga & $0.00795706$ & $-0.0830961$ & $-0.0235336$ & $-0.0326272$ & $-0.0158451$ & $-0.145023$ & $-0.0147196$ & $0.981154$ & $1$ & $-0.53147$ & $-0.848186$ & $0.0313496$ & $0.154652$ & $0.0468135$ & $0.289039$ & $0.282318$ & $-0.259186$ & $-0.448214$ & $-0.435708$ & $0.819764$ & $0.865804$ & $0.852073$ & $0.0772601$ & $-0.666096$ & $-0.40965$ & $-0.484865$ & $0.429077$ & $0.302031$ & $0.0350122$ & $0.0867544$ & $0.0348391$ & $-0.0172467$ & $0.0800254$ & $0.558901$ & $-0.00149352$ & $-0.0301364$ & $-0.0236982$ & $0.00139294$ & $-0.0181837$ & $-0.017901$ & $0.0176124$ & $-0.0104034$ & $0.0897584$ & $-0.0121464$ & $-0.00805729$ & $-0.00691989$ & $-0.00365182$ & $-0.0376599$ & $-0.013638$ \\
CHWHB_gagaorth & $-0.00900187$ & $0.0186089$ & $-0.00859914$ & $0.00713066$ & $0.0124286$ & $0.024845$ & $0.106484$ & $-0.541892$ & $-0.53147$ & $1$ & $0.356782$ & $0.0929183$ & $-0.231552$ & $0.183358$ & $-0.12628$ & $-0.134291$ & $0.358512$ & $0.425966$ & $0.423$ & $-0.343049$ & $-0.370731$ & $-0.368104$ & $-0.0576562$ & $0.498808$ & $0.404049$ & $0.210423$ & $-0.234435$ & $-0.159188$ & $-0.0386951$ & $-0.180612$ & $-0.0861785$ & $0.114824$ & $-0.181724$ & $-0.331625$ & $0.0597231$ & $0.0189642$ & $0.0111965$ & $0.0174085$ & $0.0131732$ & $0.00156544$ & $-0.0539188$ & $0.00637757$ & $-0.0197437$ & $0.00144545$ & $0.0169308$ & $0.000374583$ & $0.00485095$ & $0.0261826$ & $-0.00144344$ \\
CHD & $-0.0155556$ & $0.0664192$ & $0.0421168$ & $0.0152901$ & $0.00702629$ & $0.207525$ & $0.0600332$ & $-0.865316$ & $-0.848186$ & $0.356782$ & $1$ & $0.017263$ & $-0.137861$ & $-0.499666$ & $-0.431709$ & $-0.405418$ & $-0.224154$ & $0.0590753$ & $0.0421548$ & $-0.990246$ & $-0.991042$ & $-0.970418$ & $-0.0186175$ & $0.287622$ & $0.00572891$ & $0.566587$ & $-0.293757$ & $-0.336221$ & $-0.0172805$ & $-0.0767611$ & $-0.0264617$ & $0.0590106$ & $-0.0724582$ & $-0.352836$ & $-0.00506877$ & $0.0188094$ & $0.0111706$ & $-0.0083657$ & $0.00530105$ & $0.0105498$ & $-0.00230727$ & $0.00709644$ & $-0.0203207$ & $0.0194122$ & $0.0152923$ & $0.00492698$ & $7.18536e-05$ & $0.0274109$ & $0.0185829$ \\
CHbox & $-0.00853962$ & $-0.0358492$ & $-0.00722396$ & $0.000577812$ & $-0.01271$ & $0.00753041$ & $-0.335749$ & $0.0210554$ & $0.0313496$ & $0.0929183$ & $0.017263$ & $1$ & $0.757477$ & $-0.0693769$ & $0.0391295$ & $0.0430581$ & $-0.081759$ & $-0.091824$ & $-0.0931187$ & $-0.00946858$ & $-0.0216671$ & $-0.0268975$ & $-0.00311551$ & $-0.0394908$ & $-0.0824291$ & $0.0101984$ & $-0.0283202$ & $-0.0149519$ & $0.0801628$ & $0.447893$ & $0.169776$ & $-0.235253$ & $0.511534$ & $-0.022239$ & $0.12994$ & $0.0299019$ & $-0.0352029$ & $-0.00631876$ & $-0.0131279$ & $-0.00809914$ & $0.003243$ & $-0.0108112$ & $0.00165072$ & $0.00827539$ & $0.0244865$ & $-0.0279653$ & $-0.0197613$ & $-0.00155949$ & $-7.55205e-05$ \\
CH & $-0.00615863$ & $-0.0441134$ & $0.00604427$ & $0.00697209$ & $-0.0105984$ & $-0.0128725$ & $-0.438375$ & $0.171217$ & $0.154652$ & $-0.231552$ & $-0.137861$ & $0.757477$ & $1$ & $-0.00713604$ & $0.0673525$ & $0.0681802$ & $-0.0677889$ & $-0.10542$ & $-0.105709$ & $0.134582$ & $0.138547$ & $0.128715$ & $0.013709$ & $-0.120997$ & $-0.0956168$ & $-0.0820245$ & $0.0540329$ & $0.0559497$ & $0.0851374$ & $0.363282$ & $0.17337$ & $-0.394299$ & $0.418948$ & $0.0796263$ & $0.0402278$ & $-0.00443312$ & $-0.0174451$ & $-0.0184796$ & $-0.0216397$ & $-0.0171915$ & $0.0201771$ & $-0.00861348$ & $0.00171338$ & $-0.00951423$ & $-0.000610739$ & $-0.0186218$ & $-0.0130843$ & $0.00202357$ & $0.00246486$ \\
CHL1_11 & $-0.0125949$ & $-0.0215176$ & $-0.0163494$ & $0.00408089$ & $0.0166269$ & $-0.00142517$ & $0.000243382$ & $0.0499245$ & $0.0468135$ & $0.183358$ & $-0.499666$ & $-0.0693769$ & $-0.00713604$ & $1$ & $0.280501$ & $0.240574$ & $0.704215$ & $0.631603$ & $0.643689$ & $0.518298$ & $0.460148$ & $0.444899$ & $-0.0889559$ & $0.512523$ & $0.63876$ & $-0.274445$ & $-0.119319$ & $0.141845$ & $-0.0108256$ & $0.0372487$ & $0.0198934$ & $-0.00340088$ & $0.0447241$ & $-0.249883$ & $-0.0119181$ & $0.0119223$ & $-0.017068$ & $0.000336239$ & $0.00998887$ & $0.00380894$ & $-0.0122778$ & $-0.00148799$ & $0.0132124$ & $-0.0177773$ & $-0.0123165$ & $0.0149349$ & $0.0152922$ & $-0.00462768$ & $-0.00554898$ \\
CHL1_22 & $-0.00578827$ & $-0.0330228$ & $-0.0193784$ & $-0.018466$ & $0.0133882$ & $-0.102803$ & $-0.012783$ & $0.294702$ & $0.289039$ & $-0.12628$ & $-0.431709$ & $0.0391295$ & $0.0673525$ & $0.280501$ & $1$ & $0.442278$ & $0.181735$ & $-0.412123$ & $-0.00627515$ & $0.49678$ & $0.349008$ & $0.340355$ & $-0.164119$ & $0.119294$ & $-0.10725$ & $-0.207245$ & $-0.388445$ & $0.129463$ & $0.0116235$ & $0.0394951$ & $0.00766127$ & $-0.0120118$ & $0.0524629$ & $-0.587889$ & $-0.00825732$ & $-0.0106949$ & $-0.00181826$ & $-0.00169414$ & $0.00705014$ & $-0.00384116$ & $0.0081426$ & $0.00350697$ & $-0.00151649$ & $-0.0147071$ & $0.00240499$ & $-0.0149135$ & $-0.0132355$ & $-0.0131798$ & $0.0164196$ \\
CHL1_33 & $0.0131073$ & $-0.0322427$ & $-0.00232386$ & $0.00842197$ & $-0.0126502$ & $-0.0773484$ & $-0.0422153$ & $0.288355$ & $0.282318$ & $-0.134291$ & $-0.405418$ & $0.0430581$ & $0.0681802$ & $0.240574$ & $0.442278$ & $1$ & $0.145655$ & $-0.0349385$ & $-0.41779$ & $0.469774$ & $0.324725$ & $0.345472$ & $-0.171624$ & $0.0962229$ & $-0.121696$ & $-0.184492$ & $-0.369404$ & $0.119454$ & $-0.00222769$ & $0.0404558$ & $0.0175098$ & $-0.0375106$ & $0.041153$ & $-0.0981053$ & $-0.0185276$ & $-0.00766728$ & $-0.0140932$ & $0.019144$ & $-0.0034795$ & $0.000181471$ & $0.00519069$ & $-0.0229261$ & $-0.00881515$ & $-0.00579584$ & $-0.0170474$ & $-0.013683$ & $0.000310834$ & $-0.0297504$ & $-0.00643256$ \\
CHL3_11 & $0.00574316$ & $0.0171068$ & $-0.0102734$ & $0.00494091$ & $0.0220718$ & $-0.240327$ & $0.0308543$ & $-0.262508$ & $-0.259186$ & $0.358512$ & $-0.224154$ & $-0.081759$ & $-0.0677889$ & $0.704215$ & $0.181735$ & $0.145655$ & $1$ & $0.757086$ & $0.765379$ & $0.246454$ & $0.190457$ & $0.178541$ & $-0.0811986$ & $0.700345$ & $0.794661$ & $-0.126775$ & $-0.182837$ & $0.0448563$ & $-0.0210467$ & $0.0145518$ & $0.00958865$ & $0.0240362$ & $0.0245796$ & $-0.288203$ & $-0.00273355$ & $-0.00218786$ & $0.000571712$ & $0.00497319$ & $0.0156059$ & $0.0142187$ & $-0.0309171$ & $0.00371288$ & $-0.00177339$ & $0.005779$ & $-0.0101506$ & $0.0190404$ & $0.0169614$ & $0.020171$ & $-0.00255765$ \\
CHL3_22 & $0.00240229$ & $0.0257238$ & $0.00520901$ & $0.0195989$ & $0.0094508$ & $-0.0351119$ & $0.0324074$ & $-0.455356$ & $-0.448214$ & $0.425966$ & $0.0590753$ & $-0.091824$ & $-0.10542$ & $0.631603$ & $-0.412123$ & $-0.0349385$ & $0.757086$ & $1$ & $0.705366$ & $-0.0606014$ & $-0.0566668$ & $-0.058443$ & $-0.0141801$ & $0.646813$ & $0.811165$ & $0.0204053$ & $-0.0351804$ & $-0.0408154$ & $-0.028746$ & $-0.00912355$ & $0.00756076$ & $0.0274928$ & $-0.00753893$ & $-0.0160663$ & $-0.00455603$ & $0.0125488$ & $-0.00799493$ & $0.00243563$ & $0.0120794$ & $0.0163671$ & $-0.030452$ & $-0.000842419$ & $0.00266338$ & $0.00674662$ & $-0.0103226$ & $0.0271161$ & $0.0258607$ & $0.0185269$ & $-0.0112474$ \\
CHL3_33 & $-0.0131817$ & $0.0212054$ & $-0.00553063$ & $-0.00106081$ & $0.0310259$ & $-0.0491563$ & $0.0558923$ & $-0.442936$ & $-0.435708$ & $0.423$ & $0.0421548$ & $-0.0931187$ & $-0.105709$ & $0.643689$ & $-0.00627515$ & $-0.41779$ & $0.765379$ & $0.705366$ & $1$ & $-0.0433947$ & $-0.0397016$ & $-0.0424629$ & $-0.00432405$ & $0.648253$ & $0.808432$ & $0.0043316$ & $-0.0408704$ & $-0.0358229$ & $-0.0170796$ & $-0.0110568$ & $-0.00140943$ & $0.047441$ & $-0.000647079$ & $-0.369004$ & $0.000416717$ & $0.00628422$ & $0.00519102$ & $-0.0109651$ & $0.0175365$ & $0.01584$ & $-0.0274623$ & $0.016518$ & $0.00719126$ & $0.00154788$ & $0.005756$ & $0.0260178$ & $0.0156351$ & $0.0257713$ & $0.00423455$ \\
CHe_11 & $0.00776086$ & $-0.0391889$ & $-0.03115$ & $-0.0157108$ & $0.0022052$ & $-0.204607$ & $-0.059118$ & $0.83604$ & $0.819764$ & $-0.343049$ & $-0.990246$ & $-0.00946858$ & $0.134582$ & $0.518298$ & $0.49678$ & $0.469774$ & $0.246454$ & $-0.0606014$ & $-0.0433947$ & $1$ & $0.972881$ & $0.953356$ & $-0.00533991$ & $-0.234925$ & $0.00289$ & $-0.557804$ & $0.220653$ & $0.329741$ & $0.0157141$ & $0.0780918$ & $0.0283182$ & $-0.057066$ & $0.0768087$ & $0.27461$ & $0.00476031$ & $-0.021439$ & $-0.0169879$ & $0.00749536$ & $-0.00255859$ & $-0.00836674$ & $0.00048918$ & $-0.00789823$ & $0.0184199$ & $-0.0175535$ & $-0.0149019$ & $-0.00647669$ & $0.000432374$ & $-0.0244425$ & $-0.0146461$ \\
CHe_22 & $0.00763635$ & $-0.0378797$ & $-0.0328726$ & $-0.0162664$ & $0.00275424$ & $-0.210459$ & $-0.0611884$ & $0.883409$ & $0.865804$ & $-0.370731$ & $-0.991042$ & $-0.0216671$ & $0.138547$ & $0.460148$ & $0.349008$ & $0.324725$ & $0.190457$ & $-0.0566668$ & $-0.0397016$ & $0.972881$ & $1$ & $0.975274$ & $0.0476854$ & $-0.343233$ & $-0.0133888$ & $-0.569355$ & $0.373988$ & $0.336071$ & $0.0178124$ & $0.0749325$ & $0.0269118$ & $-0.0604908$ & $0.0706128$ & $0.438688$ & $0.00845233$ & $-0.0211567$ & $-0.0126632$ & $0.00834221$ & $-0.00634406$ & $-0.0118935$ & $0.00118508$ & $-0.00672566$ & $0.0192447$ & $-0.0166069$ & $-0.0152035$ & $-0.00315299$ & $0.000319543$ & $-0.0232258$ & $-0.0191738$ \\
CHe_33 & $0.00787174$ & $-0.0395357$ & $-0.0307215$ & $-0.0149041$ & $0.00300046$ & $-0.206721$ & $-0.0533866$ & $0.86855$ & $0.852073$ & $-0.368104$ & $-0.970418$ & $-0.0268975$ & $0.128715$ & $0.444899$ & $0.340355$ & $0.345472$ & $0.178541$ & $-0.058443$ & $-0.0424629$ & $0.953356$ & $0.975274$ & $1$ & $0.0464694$ & $-0.341036$ & $-0.0162169$ & $-0.555723$ & $0.369321$ & $0.330149$ & $0.0199678$ & $0.0706669$ & $0.0232147$ & $-0.0533101$ & $0.0639355$ & $0.43529$ & $0.00139626$ & $-0.0213216$ & $-0.00854865$ & $0.0114743$ & $0.0018394$ & $-0.00638513$ & $-0.00218039$ & $-0.00853878$ & $0.0178592$ & $-0.0167232$ & $-0.0114933$ & $-0.00795043$ & $0.000570343$ & $-0.0298592$ & $-0.0200041$ \\
CHQ1_11 & $0.0120049$ & $0.00552618$ & $0.00984924$ & $-0.0196202$ & $-0.000485906$ & $-0.0309078$ & $-0.0119074$ & $0.0801993$ & $0.0772601$ & $-0.0576562$ & $-0.0186175$ & $-0.00311551$ & $0.013709$ & $-0.0889559$ & $-0.164119$ & $-0.171624$ & $-0.0811986$ & $-0.0141801$ & $-0.00432405$ & $-0.00533991$ & $0.0476854$ & $0.0464694$ & $1$ & $-0.153413$ & $0.0688198$ & $-0.673564$ & $0.363644$ & $0.009681$ & $0.0158294$ & $-0.00378098$ & $0.0111287$ & $-0.010735$ & $-0.0124054$ & $0.204499$ & $0.0282454$ & $-0.00645746$ & $0.0122057$ & $0.00600111$ & $-0.00507699$ & $-0.00810281$ & $0.00694515$ & $-0.0173513$ & $0.00266945$ & $-0.0203654$ & $-0.0109177$ & $0.0303611$ & $0.00484166$ & $-0.0266195$ & $-0.0195671$ \\
CHQ1_33 & $-0.0660069$ & $0.0138591$ & $0.0205679$ & $0.0184012$ & $0.0126041$ & $0.0108902$ & $0.0580715$ & $-0.678072$ & $-0.666096$ & $0.498808$ & $0.287622$ & $-0.0394908$ & $-0.120997$ & $0.512523$ & $0.119294$ & $0.0962229$ & $0.700345$ & $0.646813$ & $0.648253$ & $-0.234925$ & $-0.343233$ & $-0.341036$ & $-0.153413$ & $1$ & $0.667665$ & $0.186438$ & $-0.436273$ & $-0.0388704$ & $-0.0282191$ & $-0.0160459$ & $-0.00236105$ & $0.0540825$ & $-0.0061373$ & $-0.647589$ & $-0.0178857$ & $0.0188865$ & $0.00173726$ & $-0.00643506$ & $0.0217017$ & $0.00981915$ & $-0.0152939$ & $0.0129889$ & $-0.0111108$ & $0.00750609$ & $0.000559422$ & $0.0202933$ & $0.00291762$ & $0.0197491$ & $0.00710889$ \\
CHQ3_11 & $-0.12042$ & $0.02517$ & $0.0223181$ & $-0.0102088$ & $0.0192503$ & $-0.0825256$ & $0.0401938$ & $-0.416126$ & $-0.40965$ & $0.404049$ & $0.00572891$ & $-0.0824291$ & $-0.0956168$ & $0.63876$ & $-0.10725$ & $-0.121696$ & $0.794661$ & $0.811165$ & $0.808432$ & $0.00289$ & $-0.0133888$ & $-0.0162169$ & $0.0688198$ & $0.667665$ & $1$ & $-0.00770972$ & $0.166175$ & $-0.0294132$ & $-0.0190064$ & $0.00243193$ & $0.00642305$ & $0.0351874$ & $0.00751361$ & $-0.235052$ & $0.00248249$ & $0.00772531$ & $-0.000773892$ & $-0.00742025$ & $0.0261309$ & $0.0176205$ & $-0.0332971$ & $0.010473$ & $-0.000957856$ & $0.0197912$ & $-0.00231096$ & $0.0252809$ & $-0.002681$ & $0.0170038$ & $0.00635256$ \\
CHu_11 & $-0.0576273$ & $0.0148041$ & $0.0196373$ & $0.0142523$ & $0.000936648$ & $0.123515$ & $0.034459$ & $-0.495081$ & $-0.484865$ & $0.210423$ & $0.566587$ & $0.0101984$ & $-0.0820245$ & $-0.274445$ & $-0.207245$ & $-0.184492$ & $-0.126775$ & $0.0204053$ & $0.0043316$ & $-0.557804$ & $-0.569355$ & $-0.555723$ & $-0.673564$ & $0.186438$ & $-0.00770972$ & $1$ & $-0.183761$ & $-0.188047$ & $-0.0206571$ & $-0.0392267$ & $-0.0248376$ & $0.0333792$ & $-0.0397692$ & $-0.237271$ & $-0.0110672$ & $0.0247131$ & $0.00686176$ & $-0.0144068$ & $0.017369$ & $0.00563804$ & $-0.00390687$ & $0.0214289$ & $-0.018038$ & $0.0327791$ & $0.0260804$ & $-0.020344$ & $-0.0178326$ & $0.0263896$ & $0.0134994$ \\
CHd_11 & $-0.032744$ & $0.00615818$ & $0.00651268$ & $-0.0283802$ & $0.000597904$ & $-0.0896571$ & $-0.0248357$ & $0.437524$ & $0.429077$ & $-0.234435$ & $-0.293757$ & $-0.0283202$ & $0.0540329$ & $-0.119319$ & $-0.388445$ & $-0.369404$ & $-0.182837$ & $-0.0351804$ & $-0.0408704$ & $0.220653$ & $0.373988$ & $0.369321$ & $0.363644$ & $-0.436273$ & $0.166175$ & $-0.183761$ & $1$ & $0.101347$ & $0.0171001$ & $0.0273679$ & $0.00601489$ & $-0.0235847$ & $0.00928726$ & $0.688942$ & $0.0232771$ & $-0.0109781$ & $0.00816746$ & $-0.00133814$ & $0.00364314$ & $-0.011015$ & $0.00314767$ & $0.0117055$ & $0.0135579$ & $0.0166248$ & $-0.00385737$ & $0.00281629$ & $-0.0247565$ & $-0.00915182$ & $-0.016738$ \\
CHd_33 & $0.0148558$ & $-0.0422122$ & $-0.0058543$ & $0.00688105$ & $-0.0117487$ & $-0.0804727$ & $-0.0163484$ & $0.308373$ & $0.302031$ & $-0.159188$ & $-0.336221$ & $-0.0149519$ & $0.0559497$ & $0.141845$ & $0.129463$ & $0.119454$ & $0.0448563$ & $-0.0408154$ & $-0.0358229$ & $0.329741$ & $0.336071$ & $0.330149$ & $0.009681$ & $-0.0388704$ & $-0.0294132$ & $-0.188047$ & $0.101347$ & $1$ & $0.00930463$ & $0.00669488$ & $-0.00245451$ & $-0.0206556$ & $0.00488386$ & $0.144542$ & $-0.00338031$ & $0.000152006$ & $0.0174128$ & $-0.0103238$ & $0.0169888$ & $-0.0119683$ & $0.00471362$ & $-0.0111005$ & $0.00727461$ & $-0.0161296$ & $-0.0164621$ & $-0.0260309$ & $-0.0208781$ & $-0.0275674$ & $-0.00758119$ \\
CeH_22r & $-0.000487301$ & $-0.00605945$ & $-0.0065018$ & $-0.0170363$ & $-0.0115908$ & $0.00371088$ & $-0.0149923$ & $0.0279698$ & $0.0350122$ & $-0.0386951$ & $-0.0172805$ & $0.0801628$ & $0.0851374$ & $-0.0108256$ & $0.0116235$ & $-0.00222769$ & $-0.0210467$ & $-0.028746$ & $-0.0170796$ & $0.0157141$ & $0.0178124$ & $0.0199678$ & $0.0158294$ & $-0.0282191$ & $-0.0190064$ & $-0.0206571$ & $0.0171001$ & $0.00930463$ & $1$ & $0.0576077$ & $0.0340855$ & $-0.0266111$ & $0.0674358$ & $0.0112711$ & $-0.048636$ & $-0.0277629$ & $-0.0416765$ & $-0.012611$ & $0.00760185$ & $-0.0011614$ & $0.0197837$ & $-0.0194744$ & $-0.00763186$ & $-0.00159715$ & $-0.0060223$ & $0.00228629$ & $0.0155209$ & $0.00264342$ & $0.00362255$ \\
CeH_33r & $0.0063591$ & $-0.0149369$ & $0.0070343$ & $-0.0281386$ & $0.00996706$ & $-0.0203167$ & $-0.228844$ & $0.0670917$ & $0.0867544$ & $-0.180612$ & $-0.0767611$ & $0.447893$ & $0.363282$ & $0.0372487$ & $0.0394951$ & $0.0404558$ & $0.0145518$ & $-0.00912355$ & $-0.0110568$ & $0.0780918$ & $0.0749325$ & $0.0706669$ & $-0.00378098$ & $-0.0160459$ & $0.00243193$ & $-0.0392267$ & $0.0273679$ & $0.00669488$ & $0.0576077$ & $1$ & $0.345559$ & $-0.0841391$ & $0.681872$ & $0.020763$ & $-0.029268$ & $-0.00765686$ & $-0.212765$ & $-0.0498114$ & $-0.0504429$ & $-0.00552256$ & $0.0249226$ & $-0.0104437$ & $0.0262673$ & $0.0115071$ & $0.0865895$ & $-0.00950862$ & $0.0232825$ & $0.00827391$ & $0.00540792$ \\
CuH_22r & $0.00338964$ & $0.00992503$ & $0.0447022$ & $-0.00631735$ & $-0.00353722$ & $-0.0203439$ & $-0.116778$ & $0.0190144$ & $0.0348391$ & $-0.0861785$ & $-0.0264617$ & $0.169776$ & $0.17337$ & $0.0198934$ & $0.00766127$ & $0.0175098$ & $0.00958865$ & $0.00756076$ & $-0.00140943$ & $0.0283182$ & $0.0269118$ & $0.0232147$ & $0.0111287$ & $-0.00236105$ & $0.00642305$ & $-0.0248376$ & $0.00601489$ & $-0.00245451$ & $0.0340855$ & $0.345559$ & $1$ & $-0.0348908$ & $0.4077$ & $0.00774958$ & $-0.0482457$ & $-0.0202126$ & $-0.191798$ & $-0.0137133$ & $-0.03792$ & $0.0152629$ & $0.0120715$ & $-0.0155748$ & $0.0382615$ & $0.0600702$ & $0.0011945$ & $0.181545$ & $0.413951$ & $0.0263866$ & $0.0526179$ \\
CuH_33r & $-0.0130637$ & $0.0270994$ & $0.00651565$ & $-0.019221$ & $-0.0020441$ & $0.00610906$ & $0.943507$ & $-0.0702472$ & $-0.0172467$ & $0.114824$ & $0.0590106$ & $-0.235253$ & $-0.394299$ & $-0.00340088$ & $-0.0120118$ & $-0.0375106$ & $0.0240362$ & $0.0274928$ & $0.047441$ & $-0.057066$ & $-0.0604908$ & $-0.0533101$ & $-0.010735$ & $0.0540825$ & $0.0351874$ & $0.0333792$ & $-0.0235847$ & $-0.0206556$ & $-0.0266111$ & $-0.0841391$ & $-0.0348908$ & $1$ & $-0.0714118$ & $-0.0447$ & $0.0593296$ & $0.0525146$ & $-0.0165514$ & $-0.0139027$ & $0.0154553$ & $-0.00698117$ & $-0.0223829$ & $0.0208355$ & $0.0235043$ & $0.0231773$ & $-0.0072064$ & $-0.00717396$ & $-0.00474744$ & $-0.0117655$ & $0.00990803$ \\
CdH_33r & $-0.00830121$ & $0.0261336$ & $0.0378982$ & $-0.0373655$ & $-0.0032148$ & $-0.02207$ & $-0.237084$ & $0.0568973$ & $0.0800254$ & $-0.181724$ & $-0.0724582$ & $0.511534$ & $0.418948$ & $0.0447241$ & $0.0524629$ & $0.041153$ & $0.0245796$ & $-0.00753893$ & $-0.000647079$ & $0.0768087$ & $0.0706128$ & $0.0639355$ & $-0.0124054$ & $-0.0061373$ & $0.00751361$ & $-0.0397692$ & $0.00928726$ & $0.00488386$ & $0.0674358$ & $0.681872$ & $0.4077$ & $-0.0714118$ & $1$ & $0.00417399$ & $-0.0211101$ & $-0.0415726$ & $-0.242466$ & $-0.0463762$ & $-0.0410866$ & $0.00703734$ & $-0.00510787$ & $-0.0280982$ & $0.0184106$ & $0.0325877$ & $0.0340739$ & $0.0336482$ & $0.114023$ & $0.143303$ & $0.446172$ \\
CLL_1221 & $0.0199062$ & $0.0261523$ & $-0.00883286$ & $0.0017801$ & $-0.0186657$ & $-0.114252$ & $-0.0463092$ & $0.569741$ & $0.558901$ & $-0.331625$ & $-0.352836$ & $-0.022239$ & $0.0796263$ & $-0.249883$ & $-0.587889$ & $-0.0981053$ & $-0.288203$ & $-0.0160663$ & $-0.369004$ & $0.27461$ & $0.438688$ & $0.43529$ & $0.204499$ & $-0.647589$ & $-0.235052$ & $-0.237271$ & $0.688942$ & $0.144542$ & $0.0112711$ & $0.020763$ & $0.00774958$ & $-0.0447$ & $0.00417399$ & $1$ & $0.0180392$ & $-0.0160999$ & $-0.00319268$ & $0.0143976$ & $-0.0154134$ & $-0.011957$ & $0.000716629$ & $-0.0101286$ & $0.0119013$ & $0.00440231$ & $-0.0142153$ & $-0.00174079$ & $0.00331153$ & $-0.00851995$ & $-0.0255925$ \\
eHggint & $-0.0294884$ & $0.0210106$ & $0.00857465$ & $0.0351609$ & $-0.00231142$ & $0.00493718$ & $-0.0230012$ & $0.00965385$ & $-0.00149352$ & $0.0597231$ & $-0.00506877$ & $0.12994$ & $0.0402278$ & $-0.0119181$ & $-0.00825732$ & $-0.0185276$ & $-0.00273355$ & $-0.00455603$ & $0.000416717$ & $0.00476031$ & $0.00845233$ & $0.00139626$ & $0.0282454$ & $-0.0178857$ & $0.00248249$ & $-0.0110672$ & $0.0232771$ & $-0.00338031$ & $-0.048636$ & $-0.029268$ & $-0.0482457$ & $0.0593296$ & $-0.0211101$ & $0.0180392$ & $1$ & $-0.121974$ & $-0.00513662$ & $0.00902733$ & $-0.00650265$ & $0.0145598$ & $-0.0494151$ & $0.00429551$ & $0.0649235$ & $0.0218296$ & $0.0169945$ & $0.00914354$ & $-0.0772189$ & $0.0282023$ & $-0.0238545$ \\
eHggpar & $-0.0145032$ & $-0.0102848$ & $-0.0284965$ & $0.0508935$ & $0.00956297$ & $-0.00154218$ & $0.0152516$ & $-0.0224087$ & $-0.0301364$ & $0.0189642$ & $0.0188094$ & $0.0299019$ & $-0.00443312$ & $0.0119223$ & $-0.0106949$ & $-0.00766728$ & $-0.00218786$ & $0.0125488$ & $0.00628422$ & $-0.021439$ & $-0.0211567$ & $-0.0213216$ & $-0.00645746$ & $0.0188865$ & $0.00772531$ & $0.0247131$ & $-0.0109781$ & $0.000152006$ & $-0.0277629$ & $-0.00765686$ & $-0.0202126$ & $0.0525146$ & $-0.0415726$ & $-0.0160999$ & $-0.121974$ & $1$ & $0.0496233$ & $-0.00204808$ & $0.0167101$ & $-0.0273033$ & $0.0511852$ & $0.000596097$ & $-0.0151918$ & $0.0317295$ & $0.000669813$ & $-0.0939039$ & $-0.0535958$ & $-0.110782$ & $-0.0084759$ \\
eHWWint & $0.0040723$ & $-0.0802653$ & $-0.0430692$ & $0.137978$ & $-0.0116288$ & $0.0108381$ & $0.0265489$ & $-0.00576935$ & $-0.0236982$ & $0.0111965$ & $0.0111706$ & $-0.0352029$ & $-0.0174451$ & $-0.017068$ & $-0.00181826$ & $-0.0140932$ & $0.000571712$ & $-0.00799493$ & $0.00519102$ & $-0.0169879$ & $-0.0126632$ & $-0.00854865$ & $0.0122057$ & $0.00173726$ & $-0.000773892$ & $0.00686176$ & $0.00816746$ & $0.0174128$ & $-0.0416765$ & $-0.212765$ & $-0.191798$ & $-0.0165514$ & $-0.242466$ & $-0.00319268$ & $-0.00513662$ & $0.0496233$ & $1$ & $0.010253$ & $0.042402$ & $-0.00735426$ & $-0.0916413$ & $0.0319449$ & $-0.0762005$ & $-0.0768688$ & $-0.0392242$ & $-0.0582694$ & $-0.184723$ & $-0.0467277$ & $-0.0212834$ \\
eHWWpar & $0.0275829$ & $0.0204443$ & $-0.0134896$ & $-0.0336636$ & $0.00499176$ & $0.00493423$ & $-0.00743262$ & $0.00802483$ & $0.00139294$ & $0.0174085$ & $-0.0083657$ & $-0.00631876$ & $-0.0184796$ & $0.000336239$ & $-0.00169414$ & $0.019144$ & $0.00497319$ & $0.00243563$ & $-0.0109651$ & $0.00749536$ & $0.00834221$ & $0.0114743$ & $0.00600111$ & $-0.00643506$ & $-0.00742025$ & $-0.0144068$ & $-0.00133814$ & $-0.0103238$ & $-0.012611$ & $-0.0498114$ & $-0.0137133$ & $-0.0139027$ & $-0.0463762$ & $0.0143976$ & $0.00902733$ & $-0.00204808$ & $0.010253$ & $1$ & $0.0325668$ & $0.0299955$ & $-0.0235195$ & $-0.0261644$ & $-0.0297438$ & $0.00866101$ & $-0.0124027$ & $-0.0163769$ & $0.0062088$ & $-0.00180902$ & $-0.0059088$ \\
eHZZint & $-0.0247377$ & $0.0502267$ & $-0.033429$ & $-0.0040255$ & $0.00510737$ & $-0.0146592$ & $0.00328128$ & $-0.0155778$ & $-0.0181837$ & $0.0131732$ & $0.00530105$ & $-0.0131279$ & $-0.0216397$ & $0.00998887$ & $0.00705014$ & $-0.0034795$ & $0.0156059$ & $0.0120794$ & $0.0175365$ & $-0.00255859$ & $-0.00634406$ & $0.0018394$ & $-0.00507699$ & $0.0217017$ & $0.0261309$ & $0.017369$ & $0.00364314$ & $0.0169888$ & $0.00760185$ & $-0.0504429$ & $-0.03792$ & $0.0154553$ & $-0.0410866$ & $-0.0154134$ & $-0.00650265$ & $0.0167101$ & $0.042402$ & $0.0325668$ & $1$ & $0.00655608$ & $-0.0151402$ & $-0.00253232$ & $0.00258059$ & $-0.036607$ & $-0.00402136$ & $-0.0304383$ & $-0.0708979$ & $-0.0753195$ & $0.00300596$ \\
eHZZpar & $0.00443125$ & $0.00843688$ & $0.0187595$ & $-0.0296385$ & $-0.0139712$ & $-0.0138048$ & $-0.0100084$ & $-0.0185432$ & $-0.017901$ & $0.00156544$ & $0.0105498$ & $-0.00809914$ & $-0.0171915$ & $0.00380894$ & $-0.00384116$ & $0.000181471$ & $0.0142187$ & $0.0163671$ & $0.01584$ & $-0.00836674$ & $-0.0118935$ & $-0.00638513$ & $-0.00810281$ & $0.00981915$ & $0.0176205$ & $0.00563804$ & $-0.011015$ & $-0.0119683$ & $-0.0011614$ & $-0.00552256$ & $0.0152629$ & $-0.00698117$ & $0.00703734$ & $-0.011957$ & $0.0145598$ & $-0.0273033$ & $-0.00735426$ & $0.0299955$ & $0.00655608$ & $1$ & $0.00504952$ & $-0.000712182$ & $0.024961$ & $0.0142092$ & $-0.0114298$ & $0.0100183$ & $0.0246969$ & $-0.012425$ & $0.0105649$ \\
eHZgaint & $0.0446223$ & $-0.034644$ & $0.0497028$ & $-0.108179$ & $-0.0116693$ & $0.0220917$ & $-0.0202949$ & $0.0165023$ & $0.0176124$ & $-0.0539188$ & $-0.00230727$ & $0.003243$ & $0.0201771$ & $-0.0122778$ & $0.0081426$ & $0.00519069$ & $-0.0309171$ & $-0.030452$ & $-0.0274623$ & $0.00048918$ & $0.00118508$ & $-0.00218039$ & $0.00694515$ & $-0.0152939$ & $-0.0332971$ & $-0.00390687$ & $0.00314767$ & $0.00471362$ & $0.0197837$ & $0.0249226$ & $0.0120715$ & $-0.0223829$ & $-0.00510787$ & $0.000716629$ & $-0.0494151$ & $0.0511852$ & $-0.0916413$ & $-0.0235195$ & $-0.0151402$ & $0.00504952$ & $1$ & $-0.013376$ & $0.0288622$ & $-0.0154342$ & $-0.0406022$ & $0.0215407$ & $-0.0202406$ & $-0.0661961$ & $-0.0628451$ \\
eHZgapar & $0.00452272$ & $-0.0177817$ & $0.00659422$ & $0.0173252$ & $0.00397761$ & $0.00527427$ & $0.0258752$ & $-0.00806926$ & $-0.0104034$ & $0.00637757$ & $0.00709644$ & $-0.0108112$ & $-0.00861348$ & $-0.00148799$ & $0.00350697$ & $-0.0229261$ & $0.00371288$ & $-0.000842419$ & $0.016518$ & $-0.00789823$ & $-0.00672566$ & $-0.00853878$ & $-0.0173513$ & $0.0129889$ & $0.010473$ & $0.0214289$ & $0.0117055$ & $-0.0111005$ & $-0.0194744$ & $-0.0104437$ & $-0.0155748$ & $0.0208355$ & $-0.0280982$ & $-0.0101286$ & $0.00429551$ & $0.000596097$ & $0.0319449$ & $-0.0261644$ & $-0.00253232$ & $-0.000712182$ & $-0.013376$ & $1$ & $-0.0107396$ & $-0.0199096$ & $0.00682877$ & $0.00316045$ & $-0.0191018$ & $-0.00585845$ & $-0.00717381$ \\
eHgagaint & $0.0251865$ & $-0.0347213$ & $0.0191228$ & $-0.121741$ & $-0.0151553$ & $-0.00211536$ & $0.00996528$ & $0.0192764$ & $0.0897584$ & $-0.0197437$ & $-0.0203207$ & $0.00165072$ & $0.00171338$ & $0.0132124$ & $-0.00151649$ & $-0.00881515$ & $-0.00177339$ & $0.00266338$ & $0.00719126$ & $0.0184199$ & $0.0192447$ & $0.0178592$ & $0.00266945$ & $-0.0111108$ & $-0.000957856$ & $-0.018038$ & $0.0135579$ & $0.00727461$ & $-0.00763186$ & $0.0262673$ & $0.0382615$ & $0.0235043$ & $0.0184106$ & $0.0119013$ & $0.0649235$ & $-0.0151918$ & $-0.0762005$ & $-0.0297438$ & $0.00258059$ & $0.024961$ & $0.0288622$ & $-0.0107396$ & $1$ & $0.0402439$ & $0.00536002$ & $0.111529$ & $0.0633879$ & $-0.0547814$ & $-0.0022449$ \\
eHmumuint & $-0.0341273$ & $0.0797571$ & $0.0229585$ & $-0.0374808$ & $0.033833$ & $-0.0273266$ & $0.0191073$ & $-0.0195331$ & $-0.0121464$ & $0.00144545$ & $0.0194122$ & $0.00827539$ & $-0.00951423$ & $-0.0177773$ & $-0.0147071$ & $-0.00579584$ & $0.005779$ & $0.00674662$ & $0.00154788$ & $-0.0175535$ & $-0.0166069$ & $-0.0167232$ & $-0.0203654$ & $0.00750609$ & $0.0197912$ & $0.0327791$ & $0.0166248$ & $-0.0161296$ & $-0.00159715$ & $0.0115071$ & $0.0600702$ & $0.0231773$ & $0.0325877$ & $0.00440231$ & $0.0218296$ & $0.0317295$ & $-0.0768688$ & $0.00866101$ & $-0.036607$ & $0.0142092$ & $-0.0154342$ & $-0.0199096$ & $0.0402439$ & $1$ & $-0.00460242$ & $0.1053$ & $0.101917$ & $0.0239083$ & $0.0444512$ \\
eHtautauint & $-0.0419108$ & $-0.0535801$ & $0.0255826$ & $-0.0246586$ & $0.0196566$ & $-6.9808e-05$ & $-0.00860357$ & $-0.00903864$ & $-0.00805729$ & $0.0169308$ & $0.0152923$ & $0.0244865$ & $-0.000610739$ & $-0.0123165$ & $0.00240499$ & $-0.0170474$ & $-0.0101506$ & $-0.0103226$ & $0.005756$ & $-0.0149019$ & $-0.0152035$ & $-0.0114933$ & $-0.0109177$ & $0.000559422$ & $-0.00231096$ & $0.0260804$ & $-0.00385737$ & $-0.0164621$ & $-0.0060223$ & $0.0865895$ & $0.0011945$ & $-0.0072064$ & $0.0340739$ & $-0.0142153$ & $0.0169945$ & $0.000669813$ & $-0.0392242$ & $-0.0124027$ & $-0.00402136$ & $-0.0114298$ & $-0.0406022$ & $0.00682877$ & $0.00536002$ & $-0.00460242$ & $1$ & $-0.0264931$ & $-0.0163197$ & $0.0193539$ & $0.0347282$ \\
eHccint & $-0.0490011$ & $-0.0144548$ & $0.0470104$ & $0.0256309$ & $0.0030252$ & $0.00616624$ & $-0.00916746$ & $-0.0145852$ & $-0.00691989$ & $0.000374583$ & $0.00492698$ & $-0.0279653$ & $-0.0186218$ & $0.0149349$ & $-0.0149135$ & $-0.013683$ & $0.0190404$ & $0.0271161$ & $0.0260178$ & $-0.00647669$ & $-0.00315299$ & $-0.00795043$ & $0.0303611$ & $0.0202933$ & $0.0252809$ & $-0.020344$ & $0.00281629$ & $-0.0260309$ & $0.00228629$ & $-0.00950862$ & $0.181545$ & $-0.00717396$ & $0.0336482$ & $-0.00174079$ & $0.00914354$ & $-0.0939039$ & $-0.0582694$ & $-0.0163769$ & $-0.0304383$ & $0.0100183$ & $0.0215407$ & $0.00316045$ & $0.111529$ & $0.1053$ & $-0.0264931$ & $1$ & $0.242316$ & $0.02933$ & $0.0508725$ \\
eHccpar & $0.0579836$ & $0.0146728$ & $0.00249343$ & $0.00361506$ & $-0.0204404$ & $-0.00685558$ & $-0.00447518$ & $-0.0101803$ & $-0.00365182$ & $0.00485095$ & $7.18536e-05$ & $-0.0197613$ & $-0.0130843$ & $0.0152922$ & $-0.0132355$ & $0.000310834$ & $0.0169614$ & $0.0258607$ & $0.0156351$ & $0.000432374$ & $0.000319543$ & $0.000570343$ & $0.00484166$ & $0.00291762$ & $-0.002681$ & $-0.0178326$ & $-0.0247565$ & $-0.0208781$ & $0.0155209$ & $0.0232825$ & $0.413951$ & $-0.00474744$ & $0.114023$ & $0.00331153$ & $-0.0772189$ & $-0.0535958$ & $-0.184723$ & $0.0062088$ & $-0.0708979$ & $0.0246969$ & $-0.0202406$ & $-0.0191018$ & $0.0633879$ & $0.101917$ & $-0.0163197$ & $0.242316$ & $1$ & $0.120701$ & $0.123244$ \\
eHbbint & $0.00840959$ & $0.116913$ & $-0.0926889$ & $0.0566554$ & $0.0227121$ & $0.00187927$ & $-0.00493606$ & $-0.0358634$ & $-0.0376599$ & $0.0261826$ & $0.0274109$ & $-0.00155949$ & $0.00202357$ & $-0.00462768$ & $-0.0131798$ & $-0.0297504$ & $0.020171$ & $0.0185269$ & $0.0257713$ & $-0.0244425$ & $-0.0232258$ & $-0.0298592$ & $-0.0266195$ & $0.0197491$ & $0.0170038$ & $0.0263896$ & $-0.00915182$ & $-0.0275674$ & $0.00264342$ & $0.00827391$ & $0.0263866$ & $-0.0117655$ & $0.143303$ & $-0.00851995$ & $0.0282023$ & $-0.110782$ & $-0.0467277$ & $-0.00180902$ & $-0.0753195$ & $-0.012425$ & $-0.0661961$ & $-0.00585845$ & $-0.0547814$ & $0.0239083$ & $0.0193539$ & $0.02933$ & $0.120701$ & $1$ & $0.00482547$ \\
eHbbpar & $-0.046687$ & $0.0263106$ & $0.0934384$ & $-0.0290471$ & $-0.0194609$ & $0.00273764$ & $0.00659353$ & $-0.0171382$ & $-0.013638$ & $-0.00144344$ & $0.0185829$ & $-7.55205e-05$ & $0.00246486$ & $-0.00554898$ & $0.0164196$ & $-0.00643256$ & $-0.00255765$ & $-0.0112474$ & $0.00423455$ & $-0.0146461$ & $-0.0191738$ & $-0.0200041$ & $-0.0195671$ & $0.00710889$ & $0.00635256$ & $0.0134994$ & $-0.016738$ & $-0.00758119$ & $0.00362255$ & $0.00540792$ & $0.0526179$ & $0.00990803$ & $0.446172$ & $-0.0255925$ & $-0.0238545$ & $-0.0084759$ & $-0.0212834$ & $-0.0059088$ & $0.00300596$ & $0.0105649$ & $-0.0628451$ & $-0.00717381$ & $-0.0022449$ & $0.0444512$ & $0.0347282$ & $0.0508725$ & $0.123244$ & $0.00482547$ & $1$ \\
