 & AlsMz & dAle5Mz & mtop & mHl & Mz & CW & CHG & CHWB & CHWHB_gaga & CHWHB_gagaorth & CHD & CHbox & CH & CHL1_11 & CHL1_22 & CHL1_33 & CHL3_11 & CHL3_22 & CHL3_33 & CHe_11 & CHe_22 & CHe_33 & CHQ1_11 & CHQ1_33 & CHQ3_11 & CHu_11 & CHd_11 & CHd_33 & CeH_22r & CeH_33r & CuH_22r & CuH_33r & CdH_33r & CLL_1221 & eHggint & eHggpar & eHWWint & eHWWpar & eHZZint & eHZZpar & eHZgaint & eHZgapar & eHgagaint & eHmumuint & eHtautauint & eHccint & eHccpar & eHbbint & eHbbpar \\
AlsMz & $1$ & $0.0494609$ & $0.0105903$ & $-0.00281332$ & $0.00887831$ & $0.00334419$ & $-0.00973303$ & $0.00375512$ & $-0.000944688$ & $-0.0461793$ & $-0.0180645$ & $-0.0214511$ & $0.0139676$ & $0.0130585$ & $-0.00819858$ & $-0.0423821$ & $0.0166432$ & $0.0170727$ & $0.0410386$ & $0.00995538$ & $0.0156023$ & $0.0104353$ & $-0.0153408$ & $-0.0440632$ & $-0.0726783$ & $-0.0476061$ & $-0.00487972$ & $0.0540708$ & $0.0333639$ & $-0.0175227$ & $-0.0159304$ & $-0.0199491$ & $0.000341162$ & $0.0110132$ & $-0.0953015$ & $0.0445053$ & $0.0379595$ & $-0.026539$ & $-0.0840892$ & $0.0384959$ & $-0.0638051$ & $-0.0116786$ & $-0.0190295$ & $0.0357265$ & $0.104387$ & $0.172461$ & $-0.0203182$ & $-0.0377662$ & $0.00780848$ \\
dAle5Mz & $0.0494609$ & $1$ & $0.0783679$ & $0.00920849$ & $-0.0219492$ & $0.0126234$ & $0.0929846$ & $-0.0863925$ & $-0.0925504$ & $0.0948192$ & $0.0666323$ & $0.134803$ & $-0.117632$ & $-0.0149693$ & $-0.0324675$ & $-0.0598968$ & $0.00819055$ & $0.0213129$ & $0.0373614$ & $-0.0485305$ & $-0.0461773$ & $-0.0539403$ & $-0.0141637$ & $0.0116385$ & $0.00688001$ & $0.0421903$ & $-0.0323089$ & $0.0118379$ & $-0.0458579$ & $-0.0885279$ & $-0.111537$ & $0.102962$ & $-0.0906472$ & $-0.00138064$ & $0.0621105$ & $-8.72702e-05$ & $-0.0838437$ & $0.022334$ & $0.0737707$ & $-0.0354198$ & $0.0291918$ & $-0.0124806$ & $-0.0530182$ & $-0.0152674$ & $-0.0837228$ & $0.100522$ & $-0.0606235$ & $0.000337294$ & $-0.0125763$ \\
mtop & $0.0105903$ & $0.0783679$ & $1$ & $0.0337989$ & $-0.0851438$ & $-0.04748$ & $-0.0515543$ & $0.00488806$ & $0.00761074$ & $-0.0184897$ & $-0.00983861$ & $-0.0551294$ & $0.05118$ & $0.00193497$ & $0.0486608$ & $0.0409805$ & $0.0255074$ & $-0.00918664$ & $-0.00923764$ & $0.0195818$ & $0.0119884$ & $0.00677339$ & $-0.0129537$ & $0.0180573$ & $-0.00892165$ & $0.00408727$ & $-0.039477$ & $0.00657132$ & $-0.0276531$ & $0.0161494$ & $-0.0344077$ & $-0.0578121$ & $0.0281783$ & $-0.0221017$ & $-0.00469117$ & $-0.0852004$ & $-0.0469181$ & $0.035708$ & $-0.0568117$ & $0.0325142$ & $0.0505775$ & $-0.0643762$ & $-0.00511125$ & $0.0175031$ & $0.0130352$ & $0.0929271$ & $-0.089243$ & $0.0309835$ & $0.0215474$ \\
mHl & $-0.00281332$ & $0.00920849$ & $0.0337989$ & $1$ & $0.0254718$ & $0.0533114$ & $0.0155019$ & $-0.017015$ & $-0.0203778$ & $-0.0188321$ & $0.0340017$ & $-0.00576606$ & $0.00495462$ & $-0.0104608$ & $-0.00254844$ & $-0.0193123$ & $-0.0546333$ & $-0.0320748$ & $-0.0231899$ & $-0.0324384$ & $-0.0345152$ & $-0.0337015$ & $-0.0272946$ & $-0.0225396$ & $-0.0414637$ & $0.0288972$ & $-0.0416099$ & $-0.0362618$ & $-0.0166309$ & $-0.0304801$ & $-0.0206159$ & $0.0256331$ & $0.0329936$ & $-0.0291069$ & $0.0763574$ & $-0.100494$ & $0.11688$ & $-0.00217007$ & $0.10008$ & $-0.0285253$ & $-0.0658623$ & $-0.0129192$ & $0.023563$ & $-0.0195339$ & $-0.0309591$ & $-0.0695206$ & $-0.052084$ & $-0.00181694$ & $0.0922408$ \\
Mz & $0.00887831$ & $-0.0219492$ & $-0.0851438$ & $0.0254718$ & $1$ & $0.000194972$ & $-0.0331824$ & $-0.0142709$ & $-0.021532$ & $-0.00887663$ & $0.0176402$ & $-0.0417271$ & $0.0395531$ & $0.00545717$ & $0.00632962$ & $0.0121235$ & $-8.24394e-05$ & $-9.47467e-05$ & $-0.002341$ & $-0.0115296$ & $-0.0132213$ & $-0.0158871$ & $-0.00713408$ & $0.0163791$ & $0.00633628$ & $0.0165236$ & $-0.00483985$ & $-0.0365925$ & $0.011195$ & $0.020977$ & $0.0458073$ & $-0.0241099$ & $0.0238689$ & $-0.0243907$ & $0.0716112$ & $0.0276164$ & $-0.00210995$ & $0.0140141$ & $0.0614701$ & $-0.0302886$ & $-0.035342$ & $0.0288401$ & $-0.0591563$ & $-0.0181519$ & $-0.0200476$ & $-0.0124578$ & $0.0448612$ & $0.0165901$ & $0.00780306$ \\
CW & $0.00334419$ & $0.0126234$ & $-0.04748$ & $0.0533114$ & $0.000194972$ & $1$ & $0.0374321$ & $-0.0453873$ & $-0.0454142$ & $0.0253732$ & $0.140802$ & $0.0546534$ & $-0.0462265$ & $-0.00604387$ & $-0.0977395$ & $-0.0985951$ & $-0.337407$ & $-0.1308$ & $-0.131031$ & $-0.141323$ & $-0.141855$ & $-0.141557$ & $-0.00632052$ & $-0.11859$ & $-0.182921$ & $0.0891944$ & $-0.0701736$ & $-0.0435046$ & $-0.0305348$ & $-0.0433007$ & $-0.0102319$ & $0.043369$ & $-0.0374745$ & $-0.0792009$ & $0.0118736$ & $-0.0280379$ & $-0.0155623$ & $0.0239515$ & $0.0408912$ & $-0.0164307$ & $0.00160791$ & $-0.00310693$ & $0.000849563$ & $0.0605612$ & $-0.0391898$ & $0.00574117$ & $-0.00324573$ & $-0.0128809$ & $-0.0172342$ \\
CHG & $-0.00973303$ & $0.0929846$ & $-0.0515543$ & $0.0155019$ & $-0.0331824$ & $0.0374321$ & $1$ & $-0.013171$ & $0.00262867$ & $0.167904$ & $0.0654377$ & $0.740513$ & $-0.78337$ & $-0.11262$ & $-0.0391193$ & $-0.0365519$ & $-0.101747$ & $-0.0880875$ & $-0.0920756$ & $-0.0623742$ & $-0.0629701$ & $-0.0626897$ & $0.0191711$ & $-0.0614077$ & $-0.101669$ & $0.0298415$ & $-0.0104036$ & $-0.000178589$ & $-0.156752$ & $-0.562987$ & $-0.338827$ & $0.950896$ & $-0.588241$ & $0.024661$ & $-0.194832$ & $-0.0977041$ & $2.26449e-05$ & $0.011063$ & $-0.0118733$ & $-0.0434721$ & $0.0554821$ & $0.00328908$ & $-0.0375675$ & $-0.00225078$ & $0.0152745$ & $0.0455729$ & $0.0366715$ & $-0.0578171$ & $-0.05116$ \\
CHWB & $0.00375512$ & $-0.0863925$ & $0.00488806$ & $-0.017015$ & $-0.0142709$ & $-0.0453873$ & $-0.013171$ & $1$ & $0.988861$ & $-0.554673$ & $-0.871356$ & $-0.105308$ & $0.0308815$ & $0.264315$ & $0.435096$ & $0.454594$ & $-0.225055$ & $-0.398678$ & $-0.421738$ & $0.853215$ & $0.886657$ & $0.879047$ & $0.0455057$ & $-0.626023$ & $-0.36982$ & $-0.613492$ & $0.399361$ & $0.386645$ & $0.0116859$ & $0.0157453$ & $-0.00988233$ & $-0.0233952$ & $0.0133514$ & $0.531511$ & $-0.00392318$ & $0.0497832$ & $0.0766887$ & $-0.0121538$ & $-0.00614065$ & $-0.0115646$ & $0.0164952$ & $0.00730803$ & $0.0222181$ & $0.0240031$ & $0.0214263$ & $-0.00309638$ & $-0.00989055$ & $-0.0248087$ & $0.0288333$ \\
CHWHB_gaga & $-0.000944688$ & $-0.0925504$ & $0.00761074$ & $-0.0203778$ & $-0.021532$ & $-0.0454142$ & $0.00262867$ & $0.988861$ & $1$ & $-0.55811$ & $-0.857959$ & $-0.114888$ & $0.0429823$ & $0.254982$ & $0.426402$ & $0.442722$ & $-0.229352$ & $-0.399301$ & $-0.420253$ & $0.839814$ & $0.873478$ & $0.865893$ & $0.0496607$ & $-0.623913$ & $-0.36709$ & $-0.60635$ & $0.403$ & $0.378401$ & $0.0213368$ & $0.0422414$ & $0.0046628$ & $-0.010798$ & $0.0417527$ & $0.528049$ & $-0.0195499$ & $0.038709$ & $0.0597399$ & $-0.0184632$ & $-0.0174934$ & $-0.0135012$ & $0.0159821$ & $0.00631336$ & $0.0778303$ & $0.0219347$ & $0.0217032$ & $-0.00343446$ & $-0.0100667$ & $-0.0152283$ & $0.0267818$ \\
CHWHB_gagaorth & $-0.0461793$ & $0.0948192$ & $-0.0184897$ & $-0.0188321$ & $-0.00887663$ & $0.0253732$ & $0.167904$ & $-0.554673$ & $-0.55811$ & $1$ & $0.47741$ & $0.391175$ & $-0.25284$ & $-0.141726$ & $-0.242172$ & $-0.241362$ & $0.140575$ & $0.232544$ & $0.233513$ & $-0.467058$ & $-0.486121$ & $-0.483508$ & $-0.028968$ & $0.359364$ & $0.213284$ & $0.32968$ & $-0.228918$ & $-0.221363$ & $-0.0756706$ & $-0.18757$ & $-0.138092$ & $0.183293$ & $-0.216252$ & $-0.286389$ & $0.011599$ & $-0.0219076$ & $-0.0661311$ & $0.0134684$ & $0.0418058$ & $0.0077394$ & $-0.0489049$ & $-0.00228316$ & $-0.038013$ & $0.0195854$ & $-0.0228086$ & $0.0204838$ & $-0.0264518$ & $-0.0289962$ & $-0.0115534$ \\
CHD & $-0.0180645$ & $0.0666323$ & $-0.00983861$ & $0.0340017$ & $0.0176402$ & $0.140802$ & $0.0654377$ & $-0.871356$ & $-0.857959$ & $0.47741$ & $1$ & $0.177264$ & $-0.081817$ & $-0.663085$ & $-0.564967$ & $-0.579621$ & $-0.25367$ & $-0.0269897$ & $-0.00110755$ & $-0.994804$ & $-0.994613$ & $-0.982456$ & $0.0206409$ & $0.209076$ & $-0.0699515$ & $0.677952$ & $-0.269745$ & $-0.42827$ & $-0.0325038$ & $-0.059511$ & $-0.0179742$ & $0.0834401$ & $-0.0560734$ & $-0.311425$ & $-0.00515412$ & $-0.0723743$ & $-0.0708376$ & $0.0174585$ & $-0.0121226$ & $-0.0307499$ & $-0.00103978$ & $-0.0121039$ & $0.00792819$ & $0.0037758$ & $-0.0246224$ & $-0.0162978$ & $0.00984463$ & $0.0241139$ & $-0.0189451$ \\
CHbox & $-0.0214511$ & $0.134803$ & $-0.0551294$ & $-0.00576606$ & $-0.0417271$ & $0.0546534$ & $0.740513$ & $-0.105308$ & $-0.114888$ & $0.391175$ & $0.177264$ & $1$ & $-0.947469$ & $-0.194525$ & $-0.0742627$ & $-0.0877908$ & $-0.14659$ & $-0.118988$ & $-0.109877$ & $-0.170982$ & $-0.175403$ & $-0.171853$ & $0.00172911$ & $-0.0455324$ & $-0.144133$ & $0.103228$ & $-0.084958$ & $-0.063055$ & $-0.201084$ & $-0.6148$ & $-0.37669$ & $0.676579$ & $-0.652213$ & $-0.0309799$ & $-0.210853$ & $-0.0865872$ & $0.00621472$ & $0.0377895$ & $0.00750997$ & $-0.0368938$ & $0.0850982$ & $-0.0132472$ & $-0.0648938$ & $0.0586712$ & $0.0375208$ & $0.0738212$ & $0.0432913$ & $-0.086563$ & $-0.0366927$ \\
CH & $0.0139676$ & $-0.117632$ & $0.05118$ & $0.00495462$ & $0.0395531$ & $-0.0462265$ & $-0.78337$ & $0.0308815$ & $0.0429823$ & $-0.25284$ & $-0.081817$ & $-0.947469$ & $1$ & $0.114507$ & $0.0316173$ & $0.0415182$ & $0.104941$ & $0.0923287$ & $0.087301$ & $0.0782907$ & $0.0798525$ & $0.0780013$ & $-0.00252486$ & $0.0553431$ & $0.115432$ & $-0.0388767$ & $0.0530793$ & $0.0163041$ & $0.211518$ & $0.687544$ & $0.398095$ & $-0.693808$ & $0.72303$ & $-0.000950349$ & $0.229455$ & $0.0974892$ & $-0.00898995$ & $-0.0339358$ & $0.00206981$ & $0.0330428$ & $-0.0872276$ & $0.0167846$ & $0.0584628$ & $-0.040817$ & $-0.0334501$ & $-0.0807652$ & $-0.049666$ & $0.0822515$ & $0.051773$ \\
CHL1_11 & $0.0130585$ & $-0.0149693$ & $0.00193497$ & $-0.0104608$ & $0.00545717$ & $-0.00604387$ & $-0.11262$ & $0.264315$ & $0.254982$ & $-0.141726$ & $-0.663085$ & $-0.194525$ & $0.114507$ & $1$ & $0.413061$ & $0.406717$ & $0.64305$ & $0.597884$ & $0.5851$ & $0.673731$ & $0.633974$ & $0.618813$ & $-0.0939663$ & $0.438997$ & $0.614479$ & $-0.420253$ & $-0.0348207$ & $0.266794$ & $0.0338644$ & $0.0814929$ & $0.0525926$ & $-0.133894$ & $0.0865813$ & $-0.186092$ & $0.0192723$ & $0.0649602$ & $0.0285872$ & $-0.00695717$ & $0.0651639$ & $0.0571409$ & $-0.0128305$ & $0.00598178$ & $-0.033602$ & $-0.0257659$ & $0.00961812$ & $0.0291444$ & $-0.0127117$ & $-0.00628261$ & $-0.0103771$ \\
CHL1_22 & $-0.00819858$ & $-0.0324675$ & $0.0486608$ & $-0.00254844$ & $0.00632962$ & $-0.0977395$ & $-0.0391193$ & $0.435096$ & $0.426402$ & $-0.242172$ & $-0.564967$ & $-0.0742627$ & $0.0316173$ & $0.413061$ & $1$ & $0.532786$ & $0.205861$ & $-0.292803$ & $0.0139456$ & $0.61004$ & $0.506141$ & $0.49808$ & $-0.167708$ & $0.0724752$ & $-0.0233591$ & $-0.34594$ & $-0.301147$ & $0.204898$ & $0.0775836$ & $0.0520185$ & $0.0300334$ & $-0.0466393$ & $0.0386387$ & $-0.493345$ & $-0.00188397$ & $0.0460133$ & $0.050275$ & $-0.0191612$ & $0.0586058$ & $0.0554401$ & $-0.0170755$ & $0.0292686$ & $-0.035374$ & $-0.0205407$ & $0.011566$ & $0.00995105$ & $-0.000889953$ & $-0.0225313$ & $0.012433$ \\
CHL1_33 & $-0.0423821$ & $-0.0598968$ & $0.0409805$ & $-0.0193123$ & $0.0121235$ & $-0.0985951$ & $-0.0365519$ & $0.454594$ & $0.442722$ & $-0.241362$ & $-0.579621$ & $-0.0877908$ & $0.0415182$ & $0.406717$ & $0.532786$ & $1$ & $0.207923$ & $0.0260716$ & $-0.302108$ & $0.621368$ & $0.523848$ & $0.534206$ & $-0.194826$ & $0.0577278$ & $-0.035081$ & $-0.324238$ & $-0.292432$ & $0.223833$ & $0.0558589$ & $0.0565162$ & $0.0026898$ & $-0.0433218$ & $0.0390641$ & $-0.0178378$ & $-0.00101135$ & $0.0559189$ & $0.0807264$ & $-0.00837545$ & $0.0224906$ & $0.0733766$ & $-0.000599555$ & $0.0370999$ & $-0.055441$ & $-0.0240198$ & $0.011395$ & $0.000708431$ & $-0.0434465$ & $-0.0202031$ & $0.00319374$ \\
CHL3_11 & $0.0166432$ & $0.00819055$ & $0.0255074$ & $-0.0546333$ & $-8.24394e-05$ & $-0.337407$ & $-0.101747$ & $-0.225055$ & $-0.229352$ & $0.140575$ & $-0.25367$ & $-0.14659$ & $0.104941$ & $0.64305$ & $0.205861$ & $0.207923$ & $1$ & $0.812845$ & $0.801945$ & $0.268992$ & $0.225775$ & $0.218704$ & $-0.0959524$ & $0.761209$ & $0.851964$ & $-0.136762$ & $-0.157389$ & $0.0883005$ & $0.0386335$ & $0.0942685$ & $0.0496026$ & $-0.116015$ & $0.0867153$ & $-0.28608$ & $0.0196262$ & $0.0400687$ & $-0.0154258$ & $-0.0209601$ & $0.00532481$ & $0.0845173$ & $-0.0336421$ & $0.00581809$ & $-0.0596462$ & $-0.0628406$ & $0.0139356$ & $0.0339775$ & $0.00838605$ & $0.00654418$ & $-0.01484$ \\
CHL3_22 & $0.0170727$ & $0.0213129$ & $-0.00918664$ & $-0.0320748$ & $-9.47467e-05$ & $-0.1308$ & $-0.0880875$ & $-0.398678$ & $-0.399301$ & $0.232544$ & $-0.0269897$ & $-0.118988$ & $0.0923287$ & $0.597884$ & $-0.292803$ & $0.0260716$ & $0.812845$ & $1$ & $0.773547$ & $0.026656$ & $0.0210283$ & $0.0174408$ & $-0.0334764$ & $0.727884$ & $0.856305$ & $0.00649116$ & $-0.0467379$ & $0.00637581$ & $-0.00281701$ & $0.0624646$ & $0.037575$ & $-0.10084$ & $0.0677233$ & $-0.0750795$ & $0.0184359$ & $0.0233978$ & $-0.0275102$ & $-0.00055967$ & $0.000950797$ & $0.0557223$ & $-0.0173053$ & $-0.00644485$ & $-0.0361848$ & $-0.0404708$ & $0.00295654$ & $0.0295332$ & $-0.00512443$ & $0.0156356$ & $-0.0259331$ \\
CHL3_33 & $0.0410386$ & $0.0373614$ & $-0.00923764$ & $-0.0231899$ & $-0.002341$ & $-0.131031$ & $-0.0920756$ & $-0.421738$ & $-0.420253$ & $0.233513$ & $-0.00110755$ & $-0.109877$ & $0.087301$ & $0.5851$ & $0.0139456$ & $-0.302108$ & $0.801945$ & $0.773547$ & $1$ & $0.0022122$ & $-0.00495448$ & $-0.00853809$ & $-0.00977979$ & $0.733303$ & $0.86215$ & $0.00101791$ & $-0.040681$ & $-0.0159508$ & $0.0093626$ & $0.0611424$ & $0.0598069$ & $-0.10444$ & $0.0698411$ & $-0.40021$ & $0.0211755$ & $0.0137914$ & $-0.0512645$ & $-0.00188227$ & $0.0230172$ & $0.0369379$ & $-0.0303264$ & $-0.005644$ & $-0.0286495$ & $-0.0304355$ & $0.00235514$ & $0.0300814$ & $0.0289445$ & $0.0152714$ & $-0.0151709$ \\
CHe_11 & $0.00995538$ & $-0.0485305$ & $0.0195818$ & $-0.0324384$ & $-0.0115296$ & $-0.141323$ & $-0.0623742$ & $0.853215$ & $0.839814$ & $-0.467058$ & $-0.994804$ & $-0.170982$ & $0.0782907$ & $0.673731$ & $0.61004$ & $0.621368$ & $0.268992$ & $0.026656$ & $0.0022122$ & $1$ & $0.984271$ & $0.972411$ & $-0.0416777$ & $-0.173704$ & $0.0763917$ & $-0.667772$ & $0.213413$ & $0.421727$ & $0.0368715$ & $0.0592183$ & $0.0173359$ & $-0.0796651$ & $0.0547921$ & $0.253163$ & $0.0057253$ & $0.0752704$ & $0.0708739$ & $-0.0153615$ & $0.0162258$ & $0.0363039$ & $0.00267185$ & $0.015252$ & $-0.0124139$ & $-0.00446515$ & $0.0225341$ & $0.0190913$ & $-0.0110428$ & $-0.0254437$ & $0.0183147$ \\
CHe_22 & $0.0156023$ & $-0.0461773$ & $0.0119884$ & $-0.0345152$ & $-0.0132213$ & $-0.141855$ & $-0.0629701$ & $0.886657$ & $0.873478$ & $-0.486121$ & $-0.994613$ & $-0.175403$ & $0.0798525$ & $0.633974$ & $0.506141$ & $0.523848$ & $0.225775$ & $0.0210283$ & $-0.00495448$ & $0.984271$ & $1$ & $0.985554$ & $0.00362575$ & $-0.254436$ & $0.0555644$ & $-0.682284$ & $0.333309$ & $0.431843$ & $0.0254617$ & $0.0541904$ & $0.013396$ & $-0.0804369$ & $0.0521855$ & $0.380919$ & $0.00841547$ & $0.0725041$ & $0.0653689$ & $-0.0168188$ & $0.00922327$ & $0.0193744$ & $0.00278046$ & $0.00890632$ & $-0.00470506$ & $-0.000102815$ & $0.0225166$ & $0.0159962$ & $-0.00914323$ & $-0.0237121$ & $0.0205324$ \\
CHe_33 & $0.0104353$ & $-0.0539403$ & $0.00677339$ & $-0.0337015$ & $-0.0158871$ & $-0.141557$ & $-0.0626897$ & $0.879047$ & $0.865893$ & $-0.483508$ & $-0.982456$ & $-0.171853$ & $0.0780013$ & $0.618813$ & $0.49808$ & $0.534206$ & $0.218704$ & $0.0174408$ & $-0.00853809$ & $0.972411$ & $0.985554$ & $1$ & $-0.000966777$ & $-0.255935$ & $0.0501794$ & $-0.670939$ & $0.331172$ & $0.42189$ & $0.0227606$ & $0.0552213$ & $0.0141001$ & $-0.0803703$ & $0.0525973$ & $0.38379$ & $0.00733885$ & $0.0611496$ & $0.0670544$ & $-0.0143619$ & $0.00707782$ & $0.0203526$ & $0.00355937$ & $0.011918$ & $-0.00475944$ & $0.00439826$ & $0.0200641$ & $0.0134562$ & $-0.00641777$ & $-0.0161445$ & $0.0203954$ \\
CHQ1_11 & $-0.0153408$ & $-0.0141637$ & $-0.0129537$ & $-0.0272946$ & $-0.00713408$ & $-0.00632052$ & $0.0191711$ & $0.0455057$ & $0.0496607$ & $-0.028968$ & $0.0206409$ & $0.00172911$ & $-0.00252486$ & $-0.0939663$ & $-0.167708$ & $-0.194826$ & $-0.0959524$ & $-0.0334764$ & $-0.00977979$ & $-0.0416777$ & $0.00362575$ & $-0.000966777$ & $1$ & $-0.147237$ & $0.0363846$ & $-0.586919$ & $0.35973$ & $0.0392863$ & $0.0247086$ & $-0.0475032$ & $-0.0387004$ & $0.0148434$ & $-0.0296055$ & $0.193026$ & $0.022585$ & $0.012512$ & $-0.0251791$ & $0.0111823$ & $-0.0505725$ & $-0.0470804$ & $0.04351$ & $-0.00484869$ & $0.0326143$ & $0.03446$ & $-0.0149889$ & $-0.017607$ & $-0.0664132$ & $0.0571314$ & $-0.0514145$ \\
CHQ1_33 & $-0.0440632$ & $0.0116385$ & $0.0180573$ & $-0.0225396$ & $0.0163791$ & $-0.11859$ & $-0.0614077$ & $-0.626023$ & $-0.623913$ & $0.359364$ & $0.209076$ & $-0.0455324$ & $0.0553431$ & $0.438997$ & $0.0724752$ & $0.0577278$ & $0.761209$ & $0.727884$ & $0.733303$ & $-0.173704$ & $-0.254436$ & $-0.255935$ & $-0.147237$ & $1$ & $0.75215$ & $0.1962$ & $-0.397139$ & $-0.0380197$ & $0.0338527$ & $0.0592256$ & $0.0430917$ & $-0.0708615$ & $0.0512157$ & $-0.62496$ & $0.0149497$ & $0.00228182$ & $-0.0263412$ & $0.00512548$ & $0.0361211$ & $0.0672923$ & $-0.0267467$ & $0.0152762$ & $-0.0602967$ & $-0.0681431$ & $-0.0239255$ & $0.00845351$ & $0.0101671$ & $0.0172016$ & $-0.0433609$ \\
CHQ3_11 & $-0.0726783$ & $0.00688001$ & $-0.00892165$ & $-0.0414637$ & $0.00633628$ & $-0.182921$ & $-0.101669$ & $-0.36982$ & $-0.36709$ & $0.213284$ & $-0.0699515$ & $-0.144133$ & $0.115432$ & $0.614479$ & $-0.0233591$ & $-0.035081$ & $0.851964$ & $0.856305$ & $0.86215$ & $0.0763917$ & $0.0555644$ & $0.0501794$ & $0.0363846$ & $0.75215$ & $1$ & $-0.0230535$ & $0.119821$ & $0.018008$ & $0.0125682$ & $0.0773022$ & $0.0469736$ & $-0.110602$ & $0.0858643$ & $-0.28711$ & $0.0348974$ & $0.0386311$ & $-0.0199072$ & $-0.0112997$ & $0.0283518$ & $0.065305$ & $-0.0183854$ & $3.92284e-05$ & $-0.0124933$ & $-0.0500706$ & $-0.00191425$ & $0.0129947$ & $-0.00213934$ & $0.0247275$ & $-0.0227574$ \\
CHu_11 & $-0.0476061$ & $0.0421903$ & $0.00408727$ & $0.0288972$ & $0.0165236$ & $0.0891944$ & $0.0298415$ & $-0.613492$ & $-0.60635$ & $0.32968$ & $0.677952$ & $0.103228$ & $-0.0388767$ & $-0.420253$ & $-0.34594$ & $-0.324238$ & $-0.136762$ & $0.00649116$ & $0.00101791$ & $-0.667772$ & $-0.682284$ & $-0.670939$ & $-0.586919$ & $0.1962$ & $-0.0230535$ & $1$ & $-0.217698$ & $-0.31691$ & $-0.0509217$ & $-0.00569143$ & $0.0223217$ & $0.0490443$ & $-0.00249681$ & $-0.263807$ & $0.0166657$ & $-0.052661$ & $-0.0195419$ & $-0.0119274$ & $0.0404817$ & $-0.0204415$ & $-0.0292644$ & $0.0185863$ & $-0.0169387$ & $-0.0117923$ & $0.00339311$ & $0.0135763$ & $0.0527821$ & $-0.0124131$ & $0.0359206$ \\
CHd_11 & $-0.00487972$ & $-0.0323089$ & $-0.039477$ & $-0.0416099$ & $-0.00483985$ & $-0.0701736$ & $-0.0104036$ & $0.399361$ & $0.403$ & $-0.228918$ & $-0.269745$ & $-0.084958$ & $0.0530793$ & $-0.0348207$ & $-0.301147$ & $-0.292432$ & $-0.157389$ & $-0.0467379$ & $-0.040681$ & $0.213413$ & $0.333309$ & $0.331172$ & $0.35973$ & $-0.397139$ & $0.119821$ & $-0.217698$ & $1$ & $0.153582$ & $-0.0452745$ & $-0.00637697$ & $-0.0198171$ & $-0.0109473$ & $0.0144886$ & $0.654901$ & $0.0273258$ & $0.0250305$ & $0.0290637$ & $-0.0110531$ & $-0.0306629$ & $-0.0507495$ & $0.0176947$ & $-0.00326474$ & $0.0796252$ & $0.0217668$ & $0.00685096$ & $-0.00566149$ & $-0.00244622$ & $0.0207946$ & $0.00777257$ \\
CHd_33 & $0.0540708$ & $0.0118379$ & $0.00657132$ & $-0.0362618$ & $-0.0365925$ & $-0.0435046$ & $-0.000178589$ & $0.386645$ & $0.378401$ & $-0.221363$ & $-0.42827$ & $-0.063055$ & $0.0163041$ & $0.266794$ & $0.204898$ & $0.223833$ & $0.0883005$ & $0.00637581$ & $-0.0159508$ & $0.421727$ & $0.431843$ & $0.42189$ & $0.0392863$ & $-0.0380197$ & $0.018008$ & $-0.31691$ & $0.153582$ & $1$ & $0.00999674$ & $-0.0101498$ & $-0.0050466$ & $-0.0153786$ & $0.00445293$ & $0.183257$ & $0.0172136$ & $0.0542611$ & $0.0484825$ & $-0.0295502$ & $-0.0213557$ & $0.0158224$ & $0.0150582$ & $-0.0312417$ & $-0.00646514$ & $-0.0554205$ & $-0.0207966$ & $0.0212752$ & $-0.0433278$ & $0.000803041$ & $0.0124322$ \\
CeH_22r & $0.0333639$ & $-0.0458579$ & $-0.0276531$ & $-0.0166309$ & $0.011195$ & $-0.0305348$ & $-0.156752$ & $0.0116859$ & $0.0213368$ & $-0.0756706$ & $-0.0325038$ & $-0.201084$ & $0.211518$ & $0.0338644$ & $0.0775836$ & $0.0558589$ & $0.0386335$ & $-0.00281701$ & $0.0093626$ & $0.0368715$ & $0.0254617$ & $0.0227606$ & $0.0247086$ & $0.0338527$ & $0.0125682$ & $-0.0509217$ & $-0.0452745$ & $0.00999674$ & $1$ & $0.150255$ & $0.0798528$ & $-0.159718$ & $0.175158$ & $-0.0574973$ & $0.0429804$ & $0.0592575$ & $-0.00801921$ & $-0.0459835$ & $0.0477561$ & $0.00101718$ & $0.00696634$ & $0.015443$ & $0.0131313$ & $0.0102735$ & $-0.0172123$ & $0.0149633$ & $-0.0597268$ & $0.00401508$ & $0.0470667$ \\
CeH_33r & $-0.0175227$ & $-0.0885279$ & $0.0161494$ & $-0.0304801$ & $0.020977$ & $-0.0433007$ & $-0.562987$ & $0.0157453$ & $0.0422414$ & $-0.18757$ & $-0.059511$ & $-0.6148$ & $0.687544$ & $0.0814929$ & $0.0520185$ & $0.0565162$ & $0.0942685$ & $0.0624646$ & $0.0611424$ & $0.0592183$ & $0.0541904$ & $0.0552213$ & $-0.0475032$ & $0.0592256$ & $0.0773022$ & $-0.00569143$ & $-0.00637697$ & $-0.0101498$ & $0.150255$ & $1$ & $0.477713$ & $-0.416348$ & $0.81406$ & $-0.0263947$ & $0.104656$ & $0.0552271$ & $-0.153261$ & $-0.0404692$ & $-0.00442765$ & $0.0413504$ & $-0.0734986$ & $0.0223275$ & $0.0204597$ & $-0.0314133$ & $0.0220786$ & $-0.0600807$ & $-0.0262566$ & $0.0649283$ & $0.019122$ \\
CuH_22r & $-0.0159304$ & $-0.111537$ & $-0.0344077$ & $-0.0206159$ & $0.0458073$ & $-0.0102319$ & $-0.338827$ & $-0.00988233$ & $0.0046628$ & $-0.138092$ & $-0.0179742$ & $-0.37669$ & $0.398095$ & $0.0525926$ & $0.0300334$ & $0.0026898$ & $0.0496026$ & $0.037575$ & $0.0598069$ & $0.0173359$ & $0.013396$ & $0.0141001$ & $-0.0387004$ & $0.0430917$ & $0.0469736$ & $0.0223217$ & $-0.0198171$ & $-0.0050466$ & $0.0798528$ & $0.477713$ & $1$ & $-0.244554$ & $0.520759$ & $-0.0464242$ & $0.0586774$ & $0.0302826$ & $-0.116711$ & $-0.02808$ & $0.00869345$ & $0.0327984$ & $-0.0669823$ & $-0.00882994$ & $0.0636001$ & $-0.0340842$ & $0.0175451$ & $-0.0101354$ & $0.310255$ & $0.0426008$ & $0.08341$ \\
CuH_33r & $-0.0199491$ & $0.102962$ & $-0.0578121$ & $0.0256331$ & $-0.0241099$ & $0.043369$ & $0.950896$ & $-0.0233952$ & $-0.010798$ & $0.183293$ & $0.0834401$ & $0.676579$ & $-0.693808$ & $-0.133894$ & $-0.0466393$ & $-0.0433218$ & $-0.116015$ & $-0.10084$ & $-0.10444$ & $-0.0796651$ & $-0.0804369$ & $-0.0803703$ & $0.0148434$ & $-0.0708615$ & $-0.110602$ & $0.0490443$ & $-0.0109473$ & $-0.0153786$ & $-0.159718$ & $-0.416348$ & $-0.244554$ & $1$ & $-0.422661$ & $0.0222809$ & $-0.117981$ & $-0.0668836$ & $-0.0277$ & $0.00382662$ & $-0.00170094$ & $-0.0622877$ & $0.0355412$ & $0.00741418$ & $-0.0368734$ & $0.00046011$ & $0.0133166$ & $0.0152676$ & $0.0302392$ & $-0.0390664$ & $-0.0434081$ \\
CdH_33r & $0.000341162$ & $-0.0906472$ & $0.0281783$ & $0.0329936$ & $0.0238689$ & $-0.0374745$ & $-0.588241$ & $0.0133514$ & $0.0417527$ & $-0.216252$ & $-0.0560734$ & $-0.652213$ & $0.72303$ & $0.0865813$ & $0.0386387$ & $0.0390641$ & $0.0867153$ & $0.0677233$ & $0.0698411$ & $0.0547921$ & $0.0521855$ & $0.0525973$ & $-0.0296055$ & $0.0512157$ & $0.0858643$ & $-0.00249681$ & $0.0144886$ & $0.00445293$ & $0.175158$ & $0.81406$ & $0.520759$ & $-0.422661$ & $1$ & $-0.0228057$ & $0.143742$ & $0.0172938$ & $-0.166675$ & $-0.0659088$ & $0.0183149$ & $0.00799533$ & $-0.0915915$ & $-0.00342592$ & $0.0441825$ & $-0.0464665$ & $-0.0364695$ & $-0.0741775$ & $0.00892954$ & $0.187262$ & $0.333324$ \\
CLL_1221 & $0.0110132$ & $-0.00138064$ & $-0.0221017$ & $-0.0291069$ & $-0.0243907$ & $-0.0792009$ & $0.024661$ & $0.531511$ & $0.528049$ & $-0.286389$ & $-0.311425$ & $-0.0309799$ & $-0.000950349$ & $-0.186092$ & $-0.493345$ & $-0.0178378$ & $-0.28608$ & $-0.0750795$ & $-0.40021$ & $0.253163$ & $0.380919$ & $0.38379$ & $0.193026$ & $-0.62496$ & $-0.28711$ & $-0.263807$ & $0.654901$ & $0.183257$ & $-0.0574973$ & $-0.0263947$ & $-0.0464242$ & $0.0222809$ & $-0.0228057$ & $1$ & $0.00157042$ & $0.00382263$ & $0.0226386$ & $-0.00274088$ & $-0.0741694$ & $-0.0493377$ & $0.0273777$ & $-0.019373$ & $0.0430954$ & $0.0276323$ & $0.00946582$ & $-0.00429217$ & $-0.0123047$ & $0.00150037$ & $0.0147725$ \\
eHggint & $-0.0953015$ & $0.0621105$ & $-0.00469117$ & $0.0763574$ & $0.0716112$ & $0.0118736$ & $-0.194832$ & $-0.00392318$ & $-0.0195499$ & $0.011599$ & $-0.00515412$ & $-0.210853$ & $0.229455$ & $0.0192723$ & $-0.00188397$ & $-0.00101135$ & $0.0196262$ & $0.0184359$ & $0.0211755$ & $0.0057253$ & $0.00841547$ & $0.00733885$ & $0.022585$ & $0.0149497$ & $0.0348974$ & $0.0166657$ & $0.0273258$ & $0.0172136$ & $0.0429804$ & $0.104656$ & $0.0586774$ & $-0.117981$ & $0.143742$ & $0.00157042$ & $1$ & $0.0816878$ & $0.114106$ & $-0.0208242$ & $0.00517672$ & $-0.090052$ & $-0.0430857$ & $0.00584238$ & $-0.0610993$ & $-0.00609056$ & $0.00781147$ & $-0.158867$ & $-0.0541839$ & $0.0907771$ & $0.100388$ \\
eHggpar & $0.0445053$ & $-8.72702e-05$ & $-0.0852004$ & $-0.100494$ & $0.0276164$ & $-0.0280379$ & $-0.0977041$ & $0.0497832$ & $0.038709$ & $-0.0219076$ & $-0.0723743$ & $-0.0865872$ & $0.0974892$ & $0.0649602$ & $0.0460133$ & $0.0559189$ & $0.0400687$ & $0.0233978$ & $0.0137914$ & $0.0752704$ & $0.0725041$ & $0.0611496$ & $0.012512$ & $0.00228182$ & $0.0386311$ & $-0.052661$ & $0.0250305$ & $0.0542611$ & $0.0592575$ & $0.0552271$ & $0.0302826$ & $-0.0668836$ & $0.0172938$ & $0.00382263$ & $0.0816878$ & $1$ & $0.1303$ & $-0.0109894$ & $-0.0252819$ & $-0.0273229$ & $-0.0827663$ & $-0.0380249$ & $0.0355861$ & $0.0149319$ & $0.130396$ & $0.0196376$ & $-0.00757738$ & $-0.0835528$ & $-0.0018123$ \\
eHWWint & $0.0379595$ & $-0.0838437$ & $-0.0469181$ & $0.11688$ & $-0.00210995$ & $-0.0155623$ & $2.26449e-05$ & $0.0766887$ & $0.0597399$ & $-0.0661311$ & $-0.0708376$ & $0.00621472$ & $-0.00898995$ & $0.0285872$ & $0.050275$ & $0.0807264$ & $-0.0154258$ & $-0.0275102$ & $-0.0512645$ & $0.0708739$ & $0.0653689$ & $0.0670544$ & $-0.0251791$ & $-0.0263412$ & $-0.0199072$ & $-0.0195419$ & $0.0290637$ & $0.0484825$ & $-0.00801921$ & $-0.153261$ & $-0.116711$ & $-0.0277$ & $-0.166675$ & $0.0226386$ & $0.114106$ & $0.1303$ & $1$ & $-0.0214504$ & $0.0205746$ & $0.00756701$ & $0.0267007$ & $-0.0208769$ & $0.0176486$ & $0.097525$ & $0.117315$ & $-0.0490797$ & $0.0237891$ & $-0.0492157$ & $0.00812832$ \\
eHWWpar & $-0.026539$ & $0.022334$ & $0.035708$ & $-0.00217007$ & $0.0140141$ & $0.0239515$ & $0.011063$ & $-0.0121538$ & $-0.0184632$ & $0.0134684$ & $0.0174585$ & $0.0377895$ & $-0.0339358$ & $-0.00695717$ & $-0.0191612$ & $-0.00837545$ & $-0.0209601$ & $-0.00055967$ & $-0.00188227$ & $-0.0153615$ & $-0.0168188$ & $-0.0143619$ & $0.0111823$ & $0.00512548$ & $-0.0112997$ & $-0.0119274$ & $-0.0110531$ & $-0.0295502$ & $-0.0459835$ & $-0.0404692$ & $-0.02808$ & $0.00382662$ & $-0.0659088$ & $-0.00274088$ & $-0.0208242$ & $-0.0109894$ & $-0.0214504$ & $1$ & $0.00791407$ & $0.031228$ & $0.0769607$ & $-0.0168372$ & $-0.030013$ & $-0.0442928$ & $-0.0196195$ & $-0.0243687$ & $-0.0442921$ & $0.0201028$ & $-0.0147724$ \\
eHZZint & $-0.0840892$ & $0.0737707$ & $-0.0568117$ & $0.10008$ & $0.0614701$ & $0.0408912$ & $-0.0118733$ & $-0.00614065$ & $-0.0174934$ & $0.0418058$ & $-0.0121226$ & $0.00750997$ & $0.00206981$ & $0.0651639$ & $0.0586058$ & $0.0224906$ & $0.00532481$ & $0.000950797$ & $0.0230172$ & $0.0162258$ & $0.00922327$ & $0.00707782$ & $-0.0505725$ & $0.0361211$ & $0.0283518$ & $0.0404817$ & $-0.0306629$ & $-0.0213557$ & $0.0477561$ & $-0.00442765$ & $0.00869345$ & $-0.00170094$ & $0.0183149$ & $-0.0741694$ & $0.00517672$ & $-0.0252819$ & $0.0205746$ & $0.00791407$ & $1$ & $-0.0527638$ & $0.00184588$ & $0.0264444$ & $-0.0990323$ & $-0.0837001$ & $0.0954594$ & $-0.0410924$ & $0.0404769$ & $0.0689596$ & $0.0603046$ \\
eHZZpar & $0.0384959$ & $-0.0354198$ & $0.0325142$ & $-0.0285253$ & $-0.0302886$ & $-0.0164307$ & $-0.0434721$ & $-0.0115646$ & $-0.0135012$ & $0.0077394$ & $-0.0307499$ & $-0.0368938$ & $0.0330428$ & $0.0571409$ & $0.0554401$ & $0.0733766$ & $0.0845173$ & $0.0557223$ & $0.0369379$ & $0.0363039$ & $0.0193744$ & $0.0203526$ & $-0.0470804$ & $0.0672923$ & $0.065305$ & $-0.0204415$ & $-0.0507495$ & $0.0158224$ & $0.00101718$ & $0.0413504$ & $0.0327984$ & $-0.0622877$ & $0.00799533$ & $-0.0493377$ & $-0.090052$ & $-0.0273229$ & $0.00756701$ & $0.031228$ & $-0.0527638$ & $1$ & $0.009713$ & $0.0077712$ & $-0.0181846$ & $-0.0624794$ & $-0.00560784$ & $0.0626961$ & $0.0320499$ & $-0.00128624$ & $-0.021024$ \\
eHZgaint & $-0.0638051$ & $0.0291918$ & $0.0505775$ & $-0.0658623$ & $-0.035342$ & $0.00160791$ & $0.0554821$ & $0.0164952$ & $0.0159821$ & $-0.0489049$ & $-0.00103978$ & $0.0850982$ & $-0.0872276$ & $-0.0128305$ & $-0.0170755$ & $-0.000599555$ & $-0.0336421$ & $-0.0173053$ & $-0.0303264$ & $0.00267185$ & $0.00278046$ & $0.00355937$ & $0.04351$ & $-0.0267467$ & $-0.0183854$ & $-0.0292644$ & $0.0176947$ & $0.0150582$ & $0.00696634$ & $-0.0734986$ & $-0.0669823$ & $0.0355412$ & $-0.0915915$ & $0.0273777$ & $-0.0430857$ & $-0.0827663$ & $0.0267007$ & $0.0769607$ & $0.00184588$ & $0.009713$ & $1$ & $0.0128647$ & $-0.0284793$ & $0.00961139$ & $0.00448658$ & $0.0683676$ & $-0.005927$ & $-0.0720176$ & $-0.0643418$ \\
eHZgapar & $-0.0116786$ & $-0.0124806$ & $-0.0643762$ & $-0.0129192$ & $0.0288401$ & $-0.00310693$ & $0.00328908$ & $0.00730803$ & $0.00631336$ & $-0.00228316$ & $-0.0121039$ & $-0.0132472$ & $0.0167846$ & $0.00598178$ & $0.0292686$ & $0.0370999$ & $0.00581809$ & $-0.00644485$ & $-0.005644$ & $0.015252$ & $0.00890632$ & $0.011918$ & $-0.00484869$ & $0.0152762$ & $3.92284e-05$ & $0.0185863$ & $-0.00326474$ & $-0.0312417$ & $0.015443$ & $0.0223275$ & $-0.00882994$ & $0.00741418$ & $-0.00342592$ & $-0.019373$ & $0.00584238$ & $-0.0380249$ & $-0.0208769$ & $-0.0168372$ & $0.0264444$ & $0.0077712$ & $0.0128647$ & $1$ & $-0.0171323$ & $-0.000362635$ & $-0.0252607$ & $0.0336543$ & $-0.049163$ & $-0.029295$ & $-0.0231399$ \\
eHgagaint & $-0.0190295$ & $-0.0530182$ & $-0.00511125$ & $0.023563$ & $-0.0591563$ & $0.000849563$ & $-0.0375675$ & $0.0222181$ & $0.0778303$ & $-0.038013$ & $0.00792819$ & $-0.0648938$ & $0.0584628$ & $-0.033602$ & $-0.035374$ & $-0.055441$ & $-0.0596462$ & $-0.0361848$ & $-0.0286495$ & $-0.0124139$ & $-0.00470506$ & $-0.00475944$ & $0.0326143$ & $-0.0602967$ & $-0.0124933$ & $-0.0169387$ & $0.0796252$ & $-0.00646514$ & $0.0131313$ & $0.0204597$ & $0.0636001$ & $-0.0368734$ & $0.0441825$ & $0.0430954$ & $-0.0610993$ & $0.0355861$ & $0.0176486$ & $-0.030013$ & $-0.0990323$ & $-0.0181846$ & $-0.0284793$ & $-0.0171323$ & $1$ & $0.0311427$ & $-0.0622567$ & $0.0169121$ & $0.0388641$ & $0.109485$ & $0.00801897$ \\
eHmumuint & $0.0357265$ & $-0.0152674$ & $0.0175031$ & $-0.0195339$ & $-0.0181519$ & $0.0605612$ & $-0.00225078$ & $0.0240031$ & $0.0219347$ & $0.0195854$ & $0.0037758$ & $0.0586712$ & $-0.040817$ & $-0.0257659$ & $-0.0205407$ & $-0.0240198$ & $-0.0628406$ & $-0.0404708$ & $-0.0304355$ & $-0.00446515$ & $-0.000102815$ & $0.00439826$ & $0.03446$ & $-0.0681431$ & $-0.0500706$ & $-0.0117923$ & $0.0217668$ & $-0.0554205$ & $0.0102735$ & $-0.0314133$ & $-0.0340842$ & $0.00046011$ & $-0.0464665$ & $0.0276323$ & $-0.00609056$ & $0.0149319$ & $0.097525$ & $-0.0442928$ & $-0.0837001$ & $-0.0624794$ & $0.00961139$ & $-0.000362635$ & $0.0311427$ & $1$ & $0.0897312$ & $0.120128$ & $-0.00302082$ & $0.00523384$ & $-0.0431519$ \\
eHtautauint & $0.104387$ & $-0.0837228$ & $0.0130352$ & $-0.0309591$ & $-0.0200476$ & $-0.0391898$ & $0.0152745$ & $0.0214263$ & $0.0217032$ & $-0.0228086$ & $-0.0246224$ & $0.0375208$ & $-0.0334501$ & $0.00961812$ & $0.011566$ & $0.011395$ & $0.0139356$ & $0.00295654$ & $0.00235514$ & $0.0225341$ & $0.0225166$ & $0.0200641$ & $-0.0149889$ & $-0.0239255$ & $-0.00191425$ & $0.00339311$ & $0.00685096$ & $-0.0207966$ & $-0.0172123$ & $0.0220786$ & $0.0175451$ & $0.0133166$ & $-0.0364695$ & $0.00946582$ & $0.00781147$ & $0.130396$ & $0.117315$ & $-0.0196195$ & $0.0954594$ & $-0.00560784$ & $0.00448658$ & $-0.0252607$ & $-0.0622567$ & $0.0897312$ & $1$ & $0.0159332$ & $0.107674$ & $-0.0650179$ & $-0.0301749$ \\
eHccint & $0.172461$ & $0.100522$ & $0.0929271$ & $-0.0695206$ & $-0.0124578$ & $0.00574117$ & $0.0455729$ & $-0.00309638$ & $-0.00343446$ & $0.0204838$ & $-0.0162978$ & $0.0738212$ & $-0.0807652$ & $0.0291444$ & $0.00995105$ & $0.000708431$ & $0.0339775$ & $0.0295332$ & $0.0300814$ & $0.0190913$ & $0.0159962$ & $0.0134562$ & $-0.017607$ & $0.00845351$ & $0.0129947$ & $0.0135763$ & $-0.00566149$ & $0.0212752$ & $0.0149633$ & $-0.0600807$ & $-0.0101354$ & $0.0152676$ & $-0.0741775$ & $-0.00429217$ & $-0.158867$ & $0.0196376$ & $-0.0490797$ & $-0.0243687$ & $-0.0410924$ & $0.0626961$ & $0.0683676$ & $0.0336543$ & $0.0169121$ & $0.120128$ & $0.0159332$ & $1$ & $-0.0858526$ & $-0.0755928$ & $-0.034722$ \\
eHccpar & $-0.0203182$ & $-0.0606235$ & $-0.089243$ & $-0.052084$ & $0.0448612$ & $-0.00324573$ & $0.0366715$ & $-0.00989055$ & $-0.0100667$ & $-0.0264518$ & $0.00984463$ & $0.0432913$ & $-0.049666$ & $-0.0127117$ & $-0.000889953$ & $-0.0434465$ & $0.00838605$ & $-0.00512443$ & $0.0289445$ & $-0.0110428$ & $-0.00914323$ & $-0.00641777$ & $-0.0664132$ & $0.0101671$ & $-0.00213934$ & $0.0527821$ & $-0.00244622$ & $-0.0433278$ & $-0.0597268$ & $-0.0262566$ & $0.310255$ & $0.0302392$ & $0.00892954$ & $-0.0123047$ & $-0.0541839$ & $-0.00757738$ & $0.0237891$ & $-0.0442921$ & $0.0404769$ & $0.0320499$ & $-0.005927$ & $-0.049163$ & $0.0388641$ & $-0.00302082$ & $0.107674$ & $-0.0858526$ & $1$ & $0.021259$ & $0.112301$ \\
eHbbint & $-0.0377662$ & $0.000337294$ & $0.0309835$ & $-0.00181694$ & $0.0165901$ & $-0.0128809$ & $-0.0578171$ & $-0.0248087$ & $-0.0152283$ & $-0.0289962$ & $0.0241139$ & $-0.086563$ & $0.0822515$ & $-0.00628261$ & $-0.0225313$ & $-0.0202031$ & $0.00654418$ & $0.0156356$ & $0.0152714$ & $-0.0254437$ & $-0.0237121$ & $-0.0161445$ & $0.0571314$ & $0.0172016$ & $0.0247275$ & $-0.0124131$ & $0.0207946$ & $0.000803041$ & $0.00401508$ & $0.0649283$ & $0.0426008$ & $-0.0390664$ & $0.187262$ & $0.00150037$ & $0.0907771$ & $-0.0835528$ & $-0.0492157$ & $0.0201028$ & $0.0689596$ & $-0.00128624$ & $-0.0720176$ & $-0.029295$ & $0.109485$ & $0.00523384$ & $-0.0650179$ & $-0.0755928$ & $0.021259$ & $1$ & $0.0251365$ \\
eHbbpar & $0.00780848$ & $-0.0125763$ & $0.0215474$ & $0.0922408$ & $0.00780306$ & $-0.0172342$ & $-0.05116$ & $0.0288333$ & $0.0267818$ & $-0.0115534$ & $-0.0189451$ & $-0.0366927$ & $0.051773$ & $-0.0103771$ & $0.012433$ & $0.00319374$ & $-0.01484$ & $-0.0259331$ & $-0.0151709$ & $0.0183147$ & $0.0205324$ & $0.0203954$ & $-0.0514145$ & $-0.0433609$ & $-0.0227574$ & $0.0359206$ & $0.00777257$ & $0.0124322$ & $0.0470667$ & $0.019122$ & $0.08341$ & $-0.0434081$ & $0.333324$ & $0.0147725$ & $0.100388$ & $-0.0018123$ & $0.00812832$ & $-0.0147724$ & $0.0603046$ & $-0.021024$ & $-0.0643418$ & $-0.0231399$ & $0.00801897$ & $-0.0431519$ & $-0.0301749$ & $-0.034722$ & $0.112301$ & $0.0251365$ & $1$ \\
