 & AlsMz & dAle5Mz & mtop & mHl & Mz & CW & CHG & CHWB & CHWHB_gaga & CHWHB_gagaorth & CHD & CHbox & CH & CHL1_11 & CHL1_22 & CHL1_33 & CHL3_11 & CHL3_22 & CHL3_33 & CHe_11 & CHe_22 & CHe_33 & CHQ1_11 & CHQ1_33 & CHQ3_11 & CHu_11 & CHd_11 & CHd_33 & CeH_22r & CeH_33r & CuH_22r & CuH_33r & CdH_33r & CLL_1221 & eHggint & eHggpar & eHWWint & eHWWpar & eHZZint & eHZZpar & eHZgaint & eHZgapar & eHgagaint & eHmumuint & eHtautauint & eHccint & eHccpar & eHbbint & eHbbpar \\
AlsMz & $1$ & $0.0652083$ & $0.0329669$ & $-0.0579616$ & $0.00478663$ & $0.019531$ & $0.00757692$ & $-0.021568$ & $-0.0219279$ & $0.00153488$ & $0.00532489$ & $0.0310391$ & $0.022342$ & $0.0102092$ & $-0.00130144$ & $-0.00861666$ & $0.00998434$ & $0.0127266$ & $0.0153739$ & $-0.0108138$ & $-0.0116324$ & $-0.012188$ & $-0.00614395$ & $-0.0357182$ & $-0.11258$ & $-0.0395148$ & $-0.0543941$ & $-0.00818928$ & $-0.00712196$ & $0.00916032$ & $-0.00404916$ & $0.0191221$ & $-0.000473025$ & $-0.016802$ & $0.0764854$ & $-0.0384406$ & $0.0604262$ & $-0.00460158$ & $0.0223453$ & $-0.00843927$ & $0.025035$ & $-0.0544119$ & $0.0129756$ & $0.0338235$ & $-0.064461$ & $-0.01944$ & $0.00737426$ & $-0.030435$ & $-0.0134538$ \\
dAle5Mz & $0.0652083$ & $1$ & $-0.0127855$ & $0.0712284$ & $0.0212971$ & $0.0317017$ & $-0.00273319$ & $-0.108168$ & $-0.100281$ & $0.0448517$ & $0.0927445$ & $0.0366812$ & $-0.00248221$ & $-0.0355019$ & $-0.00444301$ & $0.00410271$ & $0.0103989$ & $0.00473674$ & $0.00135586$ & $-0.0637989$ & $-0.0720405$ & $-0.0716071$ & $-0.0205795$ & $0.0304365$ & $-0.00923524$ & $0.0472303$ & $-0.0608266$ & $-0.0188346$ & $-0.0101471$ & $-0.00600272$ & $-0.0223229$ & $-0.000853078$ & $0.0663105$ & $-0.0226628$ & $0.0705126$ & $-0.148228$ & $0.0613255$ & $-0.00460003$ & $-0.0141653$ & $-0.0115993$ & $0.0611333$ & $0.0263697$ & $0.0780732$ & $-0.0286084$ & $-0.016551$ & $0.0489748$ & $-0.0264844$ & $-0.0217911$ & $0.143314$ \\
mtop & $0.0329669$ & $-0.0127855$ & $1$ & $0.147341$ & $-0.0278858$ & $0.0289766$ & $-0.00965746$ & $-0.0193896$ & $-0.0184976$ & $0.0099028$ & $0.0226662$ & $-0.00854004$ & $-0.00149046$ & $0.000973337$ & $-0.0175426$ & $-0.00726418$ & $0.00783968$ & $0.0178942$ & $0.0139643$ & $-0.0157497$ & $-0.0157133$ & $-0.0135432$ & $-0.0135737$ & $0.00526459$ & $0.0124181$ & $0.0173977$ & $-0.00405261$ & $-0.0154876$ & $0.00157552$ & $-0.0274987$ & $-0.00638234$ & $-0.0219657$ & $-0.0331877$ & $-0.00237704$ & $0.0253766$ & $-0.113722$ & $0.0671351$ & $0.0126704$ & $-0.0872762$ & $0.0212337$ & $0.0393974$ & $-0.0477517$ & $0.042062$ & $-0.00381728$ & $0.0440226$ & $0.0801267$ & $-0.00391644$ & $0.074332$ & $-0.0293666$ \\
mHl & $-0.0579616$ & $0.0712284$ & $0.147341$ & $1$ & $-0.0137174$ & $0.0291672$ & $-0.023186$ & $-0.00449164$ & $0.00567716$ & $0.00714474$ & $0.0081558$ & $0.0212182$ & $0.0248913$ & $-0.00667743$ & $-0.00582601$ & $-0.00864658$ & $-0.00567345$ & $-8.63169e-05$ & $-0.00121623$ & $-0.00289853$ & $-0.00285129$ & $-0.0049334$ & $0.00746511$ & $-0.00490973$ & $0.00975608$ & $0.0104474$ & $0.010987$ & $0.00290742$ & $0.0147775$ & $0.00392436$ & $-0.00171771$ & $-0.0296126$ & $-0.00515107$ & $0.00617835$ & $-0.0148569$ & $-0.0141537$ & $-0.040126$ & $0.0096544$ & $0.0309356$ & $0.027053$ & $-0.159528$ & $-0.0258088$ & $0.128685$ & $-0.0695843$ & $0.110649$ & $-0.010863$ & $-0.0120066$ & $0.0273312$ & $-0.0305473$ \\
Mz & $0.00478663$ & $0.0212971$ & $-0.0278858$ & $-0.0137174$ & $1$ & $0.0179378$ & $-0.00197647$ & $0.0105967$ & $0.0100234$ & $-0.0100528$ & $0.00216406$ & $-0.00445007$ & $-0.00862375$ & $0.00131268$ & $0.000538176$ & $0.0132583$ & $-0.0153145$ & $-0.00992549$ & $-0.016101$ & $0.00698081$ & $0.0077166$ & $0.0117689$ & $0.0166444$ & $-0.0128786$ & $-0.0212483$ & $-0.014178$ & $-0.00708496$ & $0.0129909$ & $0.0161648$ & $-0.00401034$ & $-0.00789773$ & $-0.00422896$ & $-0.00325512$ & $0.00383451$ & $-0.0238597$ & $0.000364167$ & $0.00422737$ & $-0.0204802$ & $0.0325715$ & $0.00687223$ & $-0.0079002$ & $0.0125854$ & $-0.0130119$ & $0.00324903$ & $0.00962559$ & $-0.00804164$ & $-0.0055699$ & $-0.0154787$ & $0.0121855$ \\
CW & $0.019531$ & $0.0317017$ & $0.0289766$ & $0.0291672$ & $0.0179378$ & $1$ & $0.0170078$ & $-0.126074$ & $-0.127018$ & $0.0185972$ & $0.195819$ & $0.00591536$ & $-0.0203058$ & $-0.00460077$ & $-0.0855884$ & $-0.0911703$ & $-0.259059$ & $-0.0589223$ & $-0.0572369$ & $-0.192822$ & $-0.197492$ & $-0.198257$ & $-0.00322902$ & $-0.00895301$ & $-0.102238$ & $0.0982066$ & $-0.0798106$ & $-0.0785693$ & $0.00271029$ & $-0.017638$ & $-0.022985$ & $0.0231215$ & $-0.0189087$ & $-0.11453$ & $-0.00966369$ & $0.00881211$ & $0.00760097$ & $0.0240132$ & $-0.00658085$ & $-6.08229e-05$ & $-0.00255825$ & $0.00808638$ & $0.00346747$ & $0.0203222$ & $-0.00238974$ & $0.00199699$ & $-0.040559$ & $-0.0302483$ & $0.00507737$ \\
CHG & $0.00757692$ & $-0.00273319$ & $-0.00965746$ & $-0.023186$ & $-0.00197647$ & $0.0170078$ & $1$ & $-0.0885771$ & $-0.0315129$ & $0.110432$ & $0.075338$ & $-0.326241$ & $-0.438992$ & $-0.00130161$ & $-0.0220399$ & $-0.0297304$ & $0.0323155$ & $0.0416228$ & $0.0470425$ & $-0.0716263$ & $-0.0758881$ & $-0.0745382$ & $0.00263181$ & $0.0655398$ & $0.0340591$ & $0.0336522$ & $-0.0435801$ & $-0.0327262$ & $-0.0072124$ & $-0.18207$ & $-0.103628$ & $0.94366$ & $-0.219165$ & $-0.0516027$ & $-0.0462677$ & $-0.00151903$ & $0.0200109$ & $-0.00287981$ & $-0.0541464$ & $0.000963101$ & $-0.00123914$ & $0.00897157$ & $-0.0219657$ & $0.0477234$ & $-0.0119986$ & $-0.00980648$ & $-0.00181662$ & $-0.00864761$ & $-8.01932e-05$ \\
CHWB & $-0.021568$ & $-0.108168$ & $-0.0193896$ & $-0.00449164$ & $0.0105967$ & $-0.126074$ & $-0.0885771$ & $1$ & $0.981638$ & $-0.555826$ & $-0.86494$ & $0.0190039$ & $0.177788$ & $0.0445476$ & $0.299073$ & $0.275642$ & $-0.277114$ & $-0.458738$ & $-0.44876$ & $0.835341$ & $0.883525$ & $0.867913$ & $0.0831522$ & $-0.684303$ & $-0.419368$ & $-0.507343$ & $0.418525$ & $0.317741$ & $-0.00374514$ & $0.0637419$ & $0.0372575$ & $-0.0921921$ & $0.0625373$ & $0.564646$ & $-0.0122732$ & $-0.0112259$ & $-0.00565377$ & $-0.00485745$ & $0.00508224$ & $0.00688616$ & $-0.00105554$ & $-0.0157023$ & $-0.0117998$ & $-0.00703291$ & $-0.00131882$ & $0.0100705$ & $0.0172049$ & $0.0156845$ & $-0.0170257$ \\
CHWHB_gaga & $-0.0219279$ & $-0.100281$ & $-0.0184976$ & $0.00567716$ & $0.0100234$ & $-0.127018$ & $-0.0315129$ & $0.981638$ & $1$ & $-0.544617$ & $-0.847689$ & $0.0294949$ & $0.162823$ & $0.0397508$ & $0.295591$ & $0.268949$ & $-0.273961$ & $-0.454154$ & $-0.442099$ & $0.819154$ & $0.866147$ & $0.850762$ & $0.087075$ & $-0.672694$ & $-0.41427$ & $-0.500288$ & $0.410935$ & $0.313143$ & $0.00336771$ & $0.0832462$ & $0.047793$ & $-0.04311$ & $0.0789769$ & $0.553305$ & $-0.0309276$ & $-0.0209884$ & $-0.0125636$ & $-0.00578321$ & $0.00704141$ & $0.0102714$ & $-0.00417167$ & $-0.0134599$ & $0.0596036$ & $-0.00335987$ & $-0.00335029$ & $0.00368127$ & $0.0146578$ & $0.0175056$ & $-0.0208121$ \\
CHWHB_gagaorth & $0.00153488$ & $0.0448517$ & $0.0099028$ & $0.00714474$ & $-0.0100528$ & $0.0185972$ & $0.110432$ & $-0.555826$ & $-0.544617$ & $1$ & $0.368276$ & $0.100819$ & $-0.230423$ & $0.182788$ & $-0.12301$ & $-0.133119$ & $0.370902$ & $0.42165$ & $0.433161$ & $-0.353986$ & $-0.382896$ & $-0.380453$ & $-0.0617617$ & $0.503108$ & $0.419535$ & $0.23595$ & $-0.220679$ & $-0.138662$ & $-0.00202116$ & $-0.173373$ & $-0.0678828$ & $0.120125$ & $-0.186563$ & $-0.344597$ & $0.0462231$ & $0.00960649$ & $0.0246466$ & $-0.0146844$ & $0.0192164$ & $-0.0114778$ & $-0.0423718$ & $0.0222556$ & $0.0116674$ & $-0.0226145$ & $-0.00206928$ & $-0.0122817$ & $-0.0105119$ & $0.00551793$ & $-0.0163804$ \\
CHD & $0.00532489$ & $0.0927445$ & $0.0226662$ & $0.0081558$ & $0.00216406$ & $0.195819$ & $0.075338$ & $-0.86494$ & $-0.847689$ & $0.368276$ & $1$ & $0.0188441$ & $-0.140573$ & $-0.495113$ & $-0.422528$ & $-0.404242$ & $-0.209118$ & $0.0605723$ & $0.0544112$ & $-0.990025$ & $-0.990803$ & $-0.970029$ & $-0.0166935$ & $0.294015$ & $0.0136758$ & $0.564601$ & $-0.280498$ & $-0.345396$ & $0.0123314$ & $-0.0723053$ & $-0.0474459$ & $0.082485$ & $-0.0739692$ & $-0.356582$ & $0.0155945$ & $0.0130092$ & $-0.00365068$ & $0.00994992$ & $-0.00395795$ & $-0.00350358$ & $0.0130338$ & $0.00618404$ & $0.0157121$ & $-0.000302197$ & $0.00190421$ & $-0.0094417$ & $-0.013511$ & $-0.0108962$ & $0.0189743$ \\
CHbox & $0.0310391$ & $0.0366812$ & $-0.00854004$ & $0.0212182$ & $-0.00445007$ & $0.00591536$ & $-0.326241$ & $0.0190039$ & $0.0294949$ & $0.100819$ & $0.0188441$ & $1$ & $0.762201$ & $-0.0835231$ & $0.0203048$ & $0.0418678$ & $-0.0774533$ & $-0.0798117$ & $-0.0963671$ & $-0.00979069$ & $-0.0217422$ & $-0.0201747$ & $0.0056004$ & $-0.0498608$ & $-0.0906276$ & $0.0072505$ & $-0.0280887$ & $0.00491707$ & $0.0616027$ & $0.426634$ & $0.181626$ & $-0.233198$ & $0.472086$ & $0.000515598$ & $0.117553$ & $0.0340035$ & $-0.00165192$ & $-0.00499581$ & $0.0357485$ & $0.018388$ & $-0.0219394$ & $-0.000476804$ & $0.0326286$ & $-0.032653$ & $-0.0164053$ & $-0.00432439$ & $0.0160323$ & $0.0274408$ & $-0.0280868$ \\
CH & $0.022342$ & $-0.00248221$ & $-0.00149046$ & $0.0248913$ & $-0.00862375$ & $-0.0203058$ & $-0.438992$ & $0.177788$ & $0.162823$ & $-0.230423$ & $-0.140573$ & $0.762201$ & $1$ & $-0.0198637$ & $0.0298324$ & $0.0569341$ & $-0.0763524$ & $-0.0899618$ & $-0.110972$ & $0.135521$ & $0.144284$ & $0.142673$ & $0.0131053$ & $-0.138866$ & $-0.104525$ & $-0.0821286$ & $0.0697464$ & $0.060554$ & $0.0492728$ & $0.363386$ & $0.192136$ & $-0.398387$ & $0.399225$ & $0.120412$ & $0.0386542$ & $0.0048802$ & $-0.00899325$ & $-0.0109731$ & $0.025908$ & $0.00481215$ & $0.00149954$ & $-0.02281$ & $0.0227278$ & $-0.0135509$ & $-0.0198928$ & $0.000811905$ & $0.019605$ & $0.0073755$ & $-0.0263356$ \\
CHL1_11 & $0.0102092$ & $-0.0355019$ & $0.000973337$ & $-0.00667743$ & $0.00131268$ & $-0.00460077$ & $-0.00130161$ & $0.0445476$ & $0.0397508$ & $0.182788$ & $-0.495113$ & $-0.0835231$ & $-0.0198637$ & $1$ & $0.250077$ & $0.251267$ & $0.696512$ & $0.636594$ & $0.633808$ & $0.513962$ & $0.45506$ & $0.438745$ & $-0.086912$ & $0.511738$ & $0.631873$ & $-0.256356$ & $-0.109905$ & $0.144131$ & $-0.0164107$ & $0.0287802$ & $0.0306777$ & $-0.0110707$ & $0.0378513$ & $-0.235318$ & $-0.0217325$ & $-0.0059318$ & $0.012129$ & $-0.00392002$ & $0.000535272$ & $-0.00111405$ & $-0.0240229$ & $0.0094655$ & $-0.0099972$ & $0.018175$ & $0.0005022$ & $0.00035331$ & $-0.00442444$ & $-0.0180051$ & $-0.00250729$ \\
CHL1_22 & $-0.00130144$ & $-0.00444301$ & $-0.0175426$ & $-0.00582601$ & $0.000538176$ & $-0.0855884$ & $-0.0220399$ & $0.299073$ & $0.295591$ & $-0.12301$ & $-0.422528$ & $0.0203048$ & $0.0298324$ & $0.250077$ & $1$ & $0.463364$ & $0.147223$ & $-0.433262$ & $-0.0544402$ & $0.489095$ & $0.337196$ & $0.3277$ & $-0.171077$ & $0.0894972$ & $-0.151664$ & $-0.20691$ & $-0.412518$ & $0.111525$ & $-0.0141252$ & $0.0231496$ & $-0.0102965$ & $-0.0221207$ & $0.0269128$ & $-0.588578$ & $-0.0109462$ & $-0.0024811$ & $0.0161946$ & $-0.0275487$ & $0.00361824$ & $-0.0029536$ & $0.0109217$ & $0.0228066$ & $-0.0327152$ & $-0.00275641$ & $-0.00965399$ & $-0.0182937$ & $-0.017834$ & $0.0283842$ & $-0.0133835$ \\
CHL1_33 & $-0.00861666$ & $0.00410271$ & $-0.00726418$ & $-0.00864658$ & $0.0132583$ & $-0.0911703$ & $-0.0297304$ & $0.275642$ & $0.268949$ & $-0.133119$ & $-0.404242$ & $0.0418678$ & $0.0569341$ & $0.251267$ & $0.463364$ & $1$ & $0.158536$ & $-0.0320162$ & $-0.417215$ & $0.472597$ & $0.32011$ & $0.339165$ & $-0.163043$ & $0.110475$ & $-0.133755$ & $-0.198751$ & $-0.416513$ & $0.12803$ & $0.00671013$ & $0.0248389$ & $-0.00676118$ & $-0.0309143$ & $0.0193269$ & $-0.125927$ & $0.00386898$ & $0.0157423$ & $0.00226685$ & $-0.00432936$ & $-0.00106727$ & $-0.00345937$ & $-0.0122639$ & $0.00338172$ & $-0.0361067$ & $-0.0149961$ & $-0.00100196$ & $0.0045187$ & $-0.0167405$ & $-0.00401503$ & $-0.0372046$ \\
CHL3_11 & $0.00998434$ & $0.0103989$ & $0.00783968$ & $-0.00567345$ & $-0.0153145$ & $-0.259059$ & $0.0323155$ & $-0.277114$ & $-0.273961$ & $0.370902$ & $-0.209118$ & $-0.0774533$ & $-0.0763524$ & $0.696512$ & $0.147223$ & $0.158536$ & $1$ & $0.763645$ & $0.757975$ & $0.230463$ & $0.174638$ & $0.166261$ & $-0.0933642$ & $0.703819$ & $0.792566$ & $-0.0856609$ & $-0.170715$ & $0.0382701$ & $-0.0138465$ & $0.0185522$ & $0.0224507$ & $0.0261413$ & $0.0187494$ & $-0.272809$ & $-0.0043396$ & $-0.00211104$ & $0.0108185$ & $-0.0106419$ & $-0.00866304$ & $-0.00658475$ & $-0.0234496$ & $0.0173029$ & $-0.00453966$ & $0.00880124$ & $0.00548058$ & $0.00119335$ & $0.00238053$ & $0.00256618$ & $-0.0107539$ \\
CHL3_22 & $0.0127266$ & $0.00473674$ & $0.0178942$ & $-8.63169e-05$ & $-0.00992549$ & $-0.0589223$ & $0.0416228$ & $-0.458738$ & $-0.454154$ & $0.42165$ & $0.0605723$ & $-0.0798117$ & $-0.0899618$ & $0.636594$ & $-0.433262$ & $-0.0320162$ & $0.763645$ & $1$ & $0.712491$ & $-0.0628306$ & $-0.0578032$ & $-0.0577594$ & $-0.0148426$ & $0.656999$ & $0.817171$ & $0.0479055$ & $-0.0111752$ & $-0.031236$ & $-0.00409023$ & $-0.00167332$ & $0.0225424$ & $0.0353433$ & $-0.0011061$ & $-0.00233809$ & $-0.00138013$ & $0.00396929$ & $0.00339785$ & $0.00977195$ & $-0.00675251$ & $-0.00382958$ & $-0.0293315$ & $0.00206646$ & $0.0106837$ & $0.013758$ & $0.00848143$ & $0.010857$ & $0.00466675$ & $-0.0274938$ & $6.66744e-05$ \\
CHL3_33 & $0.0153739$ & $0.00135586$ & $0.0139643$ & $-0.00121623$ & $-0.016101$ & $-0.0572369$ & $0.0470425$ & $-0.44876$ & $-0.442099$ & $0.433161$ & $0.0544112$ & $-0.0963671$ & $-0.110972$ & $0.633808$ & $-0.0544402$ & $-0.417215$ & $0.757975$ & $0.712491$ & $1$ & $-0.0590267$ & $-0.0495452$ & $-0.0508484$ & $-0.0153317$ & $0.643326$ & $0.81489$ & $0.0443621$ & $0.00368155$ & $-0.0454311$ & $-0.0174628$ & $-0.00526895$ & $0.0166572$ & $0.0406365$ & $0.000711079$ & $-0.337726$ & $-0.00809139$ & $-0.0137788$ & $0.0158609$ & $-0.00749892$ & $-0.00662627$ & $-0.00216106$ & $-0.0144445$ & $0.0143341$ & $0.0116387$ & $0.021327$ & $0.00167635$ & $-0.00521103$ & $0.00254234$ & $-0.00533728$ & $0.0149558$ \\
CHe_11 & $-0.0108138$ & $-0.0637989$ & $-0.0157497$ & $-0.00289853$ & $0.00698081$ & $-0.192822$ & $-0.0716263$ & $0.835341$ & $0.819154$ & $-0.353986$ & $-0.990025$ & $-0.00979069$ & $0.135521$ & $0.513962$ & $0.489095$ & $0.472597$ & $0.230463$ & $-0.0628306$ & $-0.0590267$ & $1$ & $0.971633$ & $0.951953$ & $-0.00831454$ & $-0.240345$ & $-0.00920572$ & $-0.555436$ & $0.202345$ & $0.342214$ & $-0.0128356$ & $0.0704045$ & $0.0427989$ & $-0.0786045$ & $0.0735659$ & $0.275638$ & $-0.0144776$ & $-0.0137913$ & $0.00955229$ & $-0.0127488$ & $0.00334102$ & $0.00500487$ & $-0.0117976$ & $-0.00446172$ & $-0.018058$ & $-0.00146942$ & $-0.00349481$ & $0.00927864$ & $0.0113144$ & $0.0124544$ & $-0.0174155$ \\
CHe_22 & $-0.0116324$ & $-0.0720405$ & $-0.0157133$ & $-0.00285129$ & $0.0077166$ & $-0.197492$ & $-0.0758881$ & $0.883525$ & $0.866147$ & $-0.382896$ & $-0.990803$ & $-0.0217422$ & $0.144284$ & $0.45506$ & $0.337196$ & $0.32011$ & $0.174638$ & $-0.0578032$ & $-0.0495452$ & $0.971633$ & $1$ & $0.975628$ & $0.0456066$ & $-0.350893$ & $-0.0187228$ & $-0.565442$ & $0.365104$ & $0.347533$ & $-0.0124537$ & $0.0721367$ & $0.0498632$ & $-0.0832848$ & $0.0757678$ & $0.444924$ & $-0.016011$ & $-0.0196319$ & $0.00415557$ & $-0.00847819$ & $0.00221771$ & $0.00529042$ & $-0.0122068$ & $-0.00945156$ & $-0.00969689$ & $-0.00139697$ & $-0.000901771$ & $0.0124443$ & $0.016188$ & $0.0103266$ & $-0.0134738$ \\
CHe_33 & $-0.012188$ & $-0.0716071$ & $-0.0135432$ & $-0.0049334$ & $0.0117689$ & $-0.198257$ & $-0.0745382$ & $0.867913$ & $0.850762$ & $-0.380453$ & $-0.970029$ & $-0.0201747$ & $0.142673$ & $0.438745$ & $0.3277$ & $0.339165$ & $0.166261$ & $-0.0577594$ & $-0.0508484$ & $0.951953$ & $0.975628$ & $1$ & $0.0458754$ & $-0.347542$ & $-0.0207685$ & $-0.554235$ & $0.359473$ & $0.34487$ & $-0.00815029$ & $0.0712231$ & $0.045382$ & $-0.0820818$ & $0.0723712$ & $0.442973$ & $-0.0149584$ & $-0.0202895$ & $0.00201715$ & $-0.00812185$ & $-0.00235524$ & $0.00335699$ & $-0.0076467$ & $-0.00871117$ & $-0.0109371$ & $-0.00173826$ & $-0.00105753$ & $0.00981406$ & $0.0149027$ & $0.00735688$ & $-0.0165715$ \\
CHQ1_11 & $-0.00614395$ & $-0.0205795$ & $-0.0135737$ & $0.00746511$ & $0.0166444$ & $-0.00322902$ & $0.00263181$ & $0.0831522$ & $0.087075$ & $-0.0617617$ & $-0.0166935$ & $0.0056004$ & $0.0131053$ & $-0.086912$ & $-0.171077$ & $-0.163043$ & $-0.0933642$ & $-0.0148426$ & $-0.0153317$ & $-0.00831454$ & $0.0456066$ & $0.0458754$ & $1$ & $-0.153723$ & $0.0484914$ & $-0.678301$ & $0.336775$ & $0.0119054$ & $0.00087952$ & $0.0217603$ & $0.023897$ & $-0.000311482$ & $0.0201167$ & $0.21143$ & $-0.00859749$ & $-0.0260523$ & $0.00708743$ & $0.00428408$ & $-0.0113823$ & $0.0205535$ & $0.0238578$ & $-0.00821438$ & $0.00419208$ & $0.013273$ & $0.0141757$ & $0.0353491$ & $0.00902957$ & $-0.0175564$ & $0.0231386$ \\
CHQ1_33 & $-0.0357182$ & $0.0304365$ & $0.00526459$ & $-0.00490973$ & $-0.0128786$ & $-0.00895301$ & $0.0655398$ & $-0.684303$ & $-0.672694$ & $0.503108$ & $0.294015$ & $-0.0498608$ & $-0.138866$ & $0.511738$ & $0.0894972$ & $0.110475$ & $0.703819$ & $0.656999$ & $0.643326$ & $-0.240345$ & $-0.350893$ & $-0.347542$ & $-0.153723$ & $1$ & $0.664082$ & $0.2084$ & $-0.418114$ & $-0.0503233$ & $-0.00857995$ & $-0.0255021$ & $-0.0132822$ & $0.063187$ & $-0.0295971$ & $-0.630457$ & $-0.00699331$ & $0.015875$ & $0.0157188$ & $0.00190463$ & $-0.00519571$ & $-0.00577695$ & $-0.0108471$ & $0.0276469$ & $-0.00850265$ & $0.00449931$ & $-0.000281494$ & $-0.00766921$ & $-0.0182937$ & $-0.015189$ & $-0.0125228$ \\
CHQ3_11 & $-0.11258$ & $-0.00923524$ & $0.0124181$ & $0.00975608$ & $-0.0212483$ & $-0.102238$ & $0.0340591$ & $-0.419368$ & $-0.41427$ & $0.419535$ & $0.0136758$ & $-0.0906276$ & $-0.104525$ & $0.631873$ & $-0.151664$ & $-0.133755$ & $0.792566$ & $0.817171$ & $0.81489$ & $-0.00920572$ & $-0.0187228$ & $-0.0207685$ & $0.0484914$ & $0.664082$ & $1$ & $0.0338682$ & $0.195609$ & $-0.0310457$ & $-0.00118904$ & $-0.000513347$ & $0.020731$ & $0.0261043$ & $-0.00351431$ & $-0.203635$ & $-0.0107309$ & $-0.00518505$ & $0.00396023$ & $-0.00350859$ & $-0.0103195$ & $7.02958e-05$ & $-0.0235994$ & $0.0179415$ & $0.00362885$ & $0.0135104$ & $0.0142965$ & $0.0110592$ & $0.0051746$ & $-0.00752595$ & $0.00701696$ \\
CHu_11 & $-0.0395148$ & $0.0472303$ & $0.0173977$ & $0.0104474$ & $-0.014178$ & $0.0982066$ & $0.0336522$ & $-0.507343$ & $-0.500288$ & $0.23595$ & $0.564601$ & $0.0072505$ & $-0.0821286$ & $-0.256356$ & $-0.20691$ & $-0.198751$ & $-0.0856609$ & $0.0479055$ & $0.0443621$ & $-0.555436$ & $-0.565442$ & $-0.554235$ & $-0.678301$ & $0.2084$ & $0.0338682$ & $1$ & $-0.160914$ & $-0.195345$ & $0.0108896$ & $-0.0482974$ & $-0.035918$ & $0.0406281$ & $-0.0545533$ & $-0.242537$ & $0.0101162$ & $0.0204173$ & $-0.0144369$ & $-0.00866674$ & $0.0125596$ & $-0.0203656$ & $-0.0137206$ & $0.0130614$ & $0.009781$ & $-0.014975$ & $-0.00933252$ & $-0.0309378$ & $0.00326838$ & $0.004815$ & $-0.0129741$ \\
CHd_11 & $-0.0543941$ & $-0.0608266$ & $-0.00405261$ & $0.010987$ & $-0.00708496$ & $-0.0798106$ & $-0.0435801$ & $0.418525$ & $0.410935$ & $-0.220679$ & $-0.280498$ & $-0.0280887$ & $0.0697464$ & $-0.109905$ & $-0.412518$ & $-0.416513$ & $-0.170715$ & $-0.0111752$ & $0.00368155$ & $0.202345$ & $0.365104$ & $0.359473$ & $0.336775$ & $-0.418114$ & $0.195609$ & $-0.160914$ & $1$ & $0.103972$ & $0.0102253$ & $0.0282451$ & $0.0367168$ & $-0.0475105$ & $0.0185047$ & $0.692305$ & $-0.00177315$ & $-0.0294987$ & $-0.00561309$ & $0.00378508$ & $-0.0031766$ & $0.00785922$ & $-5.12329e-05$ & $-0.0142302$ & $0.0182025$ & $0.00247616$ & $0.0071629$ & $0.0261262$ & $0.0336639$ & $-0.000334689$ & $0.00757915$ \\
CHd_33 & $-0.00818928$ & $-0.0188346$ & $-0.0154876$ & $0.00290742$ & $0.0129909$ & $-0.0785693$ & $-0.0327262$ & $0.317741$ & $0.313143$ & $-0.138662$ & $-0.345396$ & $0.00491707$ & $0.060554$ & $0.144131$ & $0.111525$ & $0.12803$ & $0.0382701$ & $-0.031236$ & $-0.0454311$ & $0.342214$ & $0.347533$ & $0.34487$ & $0.0119054$ & $-0.0503233$ & $-0.0310457$ & $-0.195345$ & $0.103972$ & $1$ & $0.000994374$ & $0.0447105$ & $0.0403657$ & $-0.0316577$ & $0.0364794$ & $0.167151$ & $-0.00571575$ & $0.010315$ & $-0.0160813$ & $0.00877416$ & $-0.00263312$ & $0.00298076$ & $0.00921984$ & $0.00988113$ & $0.00554642$ & $-0.0265288$ & $0.00151199$ & $0.0046735$ & $-0.000358941$ & $0.00636459$ & $-0.0119408$ \\
CeH_22r & $-0.00712196$ & $-0.0101471$ & $0.00157552$ & $0.0147775$ & $0.0161648$ & $0.00271029$ & $-0.0072124$ & $-0.00374514$ & $0.00336771$ & $-0.00202116$ & $0.0123314$ & $0.0616027$ & $0.0492728$ & $-0.0164107$ & $-0.0141252$ & $0.00671013$ & $-0.0138465$ & $-0.00409023$ & $-0.0174628$ & $-0.0128356$ & $-0.0124537$ & $-0.00815029$ & $0.00087952$ & $-0.00857995$ & $-0.00118904$ & $0.0108896$ & $0.0102253$ & $0.000994374$ & $1$ & $0.0641086$ & $0.0286194$ & $-0.0212567$ & $0.0477376$ & $0.00945048$ & $-0.0411633$ & $-0.00892899$ & $-0.0209367$ & $-0.00115221$ & $0.0135673$ & $0.0113954$ & $-0.00576544$ & $0.00821897$ & $-0.0125691$ & $0.0110034$ & $0.0255352$ & $-0.00391514$ & $0.0063236$ & $0.00222346$ & $0.00104357$ \\
CeH_33r & $0.00916032$ & $-0.00600272$ & $-0.0274987$ & $0.00392436$ & $-0.00401034$ & $-0.017638$ & $-0.18207$ & $0.0637419$ & $0.0832462$ & $-0.173373$ & $-0.0723053$ & $0.426634$ & $0.363386$ & $0.0287802$ & $0.0231496$ & $0.0248389$ & $0.0185522$ & $-0.00167332$ & $-0.00526895$ & $0.0704045$ & $0.0721367$ & $0.0712231$ & $0.0217603$ & $-0.0255021$ & $-0.000513347$ & $-0.0482974$ & $0.0282451$ & $0.0447105$ & $0.0641086$ & $1$ & $0.33699$ & $-0.0446547$ & $0.655088$ & $0.0365457$ & $-0.0623182$ & $-0.0319166$ & $-0.179153$ & $-0.0195652$ & $-0.0406662$ & $0.0236994$ & $0.0183001$ & $0.0016286$ & $-0.0086366$ & $0.0104358$ & $0.0772438$ & $-0.0156965$ & $-0.0027919$ & $0.0467567$ & $-0.0037445$ \\
CuH_22r & $-0.00404916$ & $-0.0223229$ & $-0.00638234$ & $-0.00171771$ & $-0.00789773$ & $-0.022985$ & $-0.103628$ & $0.0372575$ & $0.047793$ & $-0.0678828$ & $-0.0474459$ & $0.181626$ & $0.192136$ & $0.0306777$ & $-0.0102965$ & $-0.00676118$ & $0.0224507$ & $0.0225424$ & $0.0166572$ & $0.0427989$ & $0.0498632$ & $0.045382$ & $0.023897$ & $-0.0132822$ & $0.020731$ & $-0.035918$ & $0.0367168$ & $0.0403657$ & $0.0286194$ & $0.33699$ & $1$ & $-0.0242801$ & $0.37629$ & $0.038959$ & $-0.0177414$ & $-0.0235319$ & $-0.0899072$ & $0.00767688$ & $-0.0225063$ & $0.0123405$ & $0.00175512$ & $-0.00704623$ & $-0.00862361$ & $-0.00465569$ & $-0.010033$ & $0.100342$ & $0.367768$ & $0.0383597$ & $0.022647$ \\
CuH_33r & $0.0191221$ & $-0.000853078$ & $-0.0219657$ & $-0.0296126$ & $-0.00422896$ & $0.0231215$ & $0.94366$ & $-0.0921921$ & $-0.04311$ & $0.120125$ & $0.082485$ & $-0.233198$ & $-0.398387$ & $-0.0110707$ & $-0.0221207$ & $-0.0309143$ & $0.0261413$ & $0.0353433$ & $0.0406365$ & $-0.0786045$ & $-0.0832848$ & $-0.0820818$ & $-0.000311482$ & $0.063187$ & $0.0261043$ & $0.0406281$ & $-0.0475105$ & $-0.0316577$ & $-0.0212567$ & $-0.0446547$ & $-0.0242801$ & $1$ & $-0.061966$ & $-0.0538045$ & $0.0466361$ & $0.0292112$ & $-0.00695551$ & $-0.00278344$ & $-0.0581236$ & $0.00256549$ & $-0.00590629$ & $0.0111411$ & $-0.0204527$ & $0.0364722$ & $-0.0036354$ & $-0.0137116$ & $0.000272928$ & $-0.00216022$ & $0.00634806$ \\
CdH_33r & $-0.000473025$ & $0.0663105$ & $-0.0331877$ & $-0.00515107$ & $-0.00325512$ & $-0.0189087$ & $-0.219165$ & $0.0625373$ & $0.0789769$ & $-0.186563$ & $-0.0739692$ & $0.472086$ & $0.399225$ & $0.0378513$ & $0.0269128$ & $0.0193269$ & $0.0187494$ & $-0.0011061$ & $0.000711079$ & $0.0735659$ & $0.0757678$ & $0.0723712$ & $0.0201167$ & $-0.0295971$ & $-0.00351431$ & $-0.0545533$ & $0.0185047$ & $0.0364794$ & $0.0477376$ & $0.655088$ & $0.37629$ & $-0.061966$ & $1$ & $0.034688$ & $-0.0461035$ & $-0.071764$ & $-0.185065$ & $-0.00253235$ & $-0.0848757$ & $0.0207192$ & $0.00130829$ & $-0.016033$ & $-0.00882482$ & $0.092887$ & $0.0369594$ & $0.0658038$ & $0.0357543$ & $0.152799$ & $0.481594$ \\
CLL_1221 & $-0.016802$ & $-0.0226628$ & $-0.00237704$ & $0.00617835$ & $0.00383451$ & $-0.11453$ & $-0.0516027$ & $0.564646$ & $0.553305$ & $-0.344597$ & $-0.356582$ & $0.000515598$ & $0.120412$ & $-0.235318$ & $-0.588578$ & $-0.125927$ & $-0.272809$ & $-0.00233809$ & $-0.337726$ & $0.275638$ & $0.444924$ & $0.442973$ & $0.21143$ & $-0.630457$ & $-0.203635$ & $-0.242537$ & $0.692305$ & $0.167151$ & $0.00945048$ & $0.0365457$ & $0.038959$ & $-0.0538045$ & $0.034688$ & $1$ & $0.00675203$ & $-0.0153721$ & $-0.0180255$ & $0.0178293$ & $-0.00458502$ & $0.00419758$ & $-0.00593328$ & $-0.0290373$ & $0.0217507$ & $-0.00885683$ & $0.00916973$ & $0.0293808$ & $0.0305098$ & $-0.00665142$ & $0.000712218$ \\
eHggint & $0.0764854$ & $0.0705126$ & $0.0253766$ & $-0.0148569$ & $-0.0238597$ & $-0.00966369$ & $-0.0462677$ & $-0.0122732$ & $-0.0309276$ & $0.0462231$ & $0.0155945$ & $0.117553$ & $0.0386542$ & $-0.0217325$ & $-0.0109462$ & $0.00386898$ & $-0.0043396$ & $-0.00138013$ & $-0.00809139$ & $-0.0144776$ & $-0.016011$ & $-0.0149584$ & $-0.00859749$ & $-0.00699331$ & $-0.0107309$ & $0.0101162$ & $-0.00177315$ & $-0.00571575$ & $-0.0411633$ & $-0.0623182$ & $-0.0177414$ & $0.0466361$ & $-0.0461035$ & $0.00675203$ & $1$ & $-0.094379$ & $0.092305$ & $-0.0113846$ & $0.0338516$ & $0.00832782$ & $0.0241687$ & $0.018531$ & $0.0466611$ & $-0.0644385$ & $0.0545754$ & $-0.0160038$ & $0.0662382$ & $-0.0042975$ & $0.0255749$ \\
eHggpar & $-0.0384406$ & $-0.148228$ & $-0.113722$ & $-0.0141537$ & $0.000364167$ & $0.00881211$ & $-0.00151903$ & $-0.0112259$ & $-0.0209884$ & $0.00960649$ & $0.0130092$ & $0.0340035$ & $0.0048802$ & $-0.0059318$ & $-0.0024811$ & $0.0157423$ & $-0.00211104$ & $0.00396929$ & $-0.0137788$ & $-0.0137913$ & $-0.0196319$ & $-0.0202895$ & $-0.0260523$ & $0.015875$ & $-0.00518505$ & $0.0204173$ & $-0.0294987$ & $0.010315$ & $-0.00892899$ & $-0.0319166$ & $-0.0235319$ & $0.0292112$ & $-0.071764$ & $-0.0153721$ & $-0.094379$ & $1$ & $-0.0157063$ & $0.018024$ & $-0.0416662$ & $0.0104464$ & $-0.138859$ & $0.0133079$ & $-0.0368014$ & $-0.0488266$ & $0.0587857$ & $-0.0170179$ & $-0.0443867$ & $0.0316407$ & $-0.130168$ \\
eHWWint & $0.0604262$ & $0.0613255$ & $0.0671351$ & $-0.040126$ & $0.00422737$ & $0.00760097$ & $0.0200109$ & $-0.00565377$ & $-0.0125636$ & $0.0246466$ & $-0.00365068$ & $-0.00165192$ & $-0.00899325$ & $0.012129$ & $0.0161946$ & $0.00226685$ & $0.0108185$ & $0.00339785$ & $0.0158609$ & $0.00955229$ & $0.00415557$ & $0.00201715$ & $0.00708743$ & $0.0157188$ & $0.00396023$ & $-0.0144369$ & $-0.00561309$ & $-0.0160813$ & $-0.0209367$ & $-0.179153$ & $-0.0899072$ & $-0.00695551$ & $-0.185065$ & $-0.0180255$ & $0.092305$ & $-0.0157063$ & $1$ & $-0.00410942$ & $0.106469$ & $0.00248308$ & $-0.0699483$ & $0.0204092$ & $0.0542593$ & $0.0185289$ & $-0.0857758$ & $-0.0108423$ & $0.0321042$ & $-0.0522404$ & $0.0377308$ \\
eHWWpar & $-0.00460158$ & $-0.00460003$ & $0.0126704$ & $0.0096544$ & $-0.0204802$ & $0.0240132$ & $-0.00287981$ & $-0.00485745$ & $-0.00578321$ & $-0.0146844$ & $0.00994992$ & $-0.00499581$ & $-0.0109731$ & $-0.00392002$ & $-0.0275487$ & $-0.00432936$ & $-0.0106419$ & $0.00977195$ & $-0.00749892$ & $-0.0127488$ & $-0.00847819$ & $-0.00812185$ & $0.00428408$ & $0.00190463$ & $-0.00350859$ & $-0.00866674$ & $0.00378508$ & $0.00877416$ & $-0.00115221$ & $-0.0195652$ & $0.00767688$ & $-0.00278344$ & $-0.00253235$ & $0.0178293$ & $-0.0113846$ & $0.018024$ & $-0.00410942$ & $1$ & $0.00751074$ & $0.00250857$ & $-0.0117927$ & $-0.0138885$ & $0.0111171$ & $-0.0186613$ & $0.020306$ & $0.0273186$ & $0.0380966$ & $-0.0079879$ & $0.0177691$ \\
eHZZint & $0.0223453$ & $-0.0141653$ & $-0.0872762$ & $0.0309356$ & $0.0325715$ & $-0.00658085$ & $-0.0541464$ & $0.00508224$ & $0.00704141$ & $0.0192164$ & $-0.00395795$ & $0.0357485$ & $0.025908$ & $0.000535272$ & $0.00361824$ & $-0.00106727$ & $-0.00866304$ & $-0.00675251$ & $-0.00662627$ & $0.00334102$ & $0.00221771$ & $-0.00235524$ & $-0.0113823$ & $-0.00519571$ & $-0.0103195$ & $0.0125596$ & $-0.0031766$ & $-0.00263312$ & $0.0135673$ & $-0.0406662$ & $-0.0225063$ & $-0.0581236$ & $-0.0848757$ & $-0.00458502$ & $0.0338516$ & $-0.0416662$ & $0.106469$ & $0.00751074$ & $1$ & $0.0105498$ & $-0.0219718$ & $0.0142487$ & $0.106676$ & $-0.08864$ & $0.00318847$ & $-0.0396877$ & $0.037749$ & $-0.0236322$ & $-0.089043$ \\
eHZZpar & $-0.00843927$ & $-0.0115993$ & $0.0212337$ & $0.027053$ & $0.00687223$ & $-6.08229e-05$ & $0.000963101$ & $0.00688616$ & $0.0102714$ & $-0.0114778$ & $-0.00350358$ & $0.018388$ & $0.00481215$ & $-0.00111405$ & $-0.0029536$ & $-0.00345937$ & $-0.00658475$ & $-0.00382958$ & $-0.00216106$ & $0.00500487$ & $0.00529042$ & $0.00335699$ & $0.0205535$ & $-0.00577695$ & $7.02958e-05$ & $-0.0203656$ & $0.00785922$ & $0.00298076$ & $0.0113954$ & $0.0236994$ & $0.0123405$ & $0.00256549$ & $0.0207192$ & $0.00419758$ & $0.00832782$ & $0.0104464$ & $0.00248308$ & $0.00250857$ & $0.0105498$ & $1$ & $-0.00253343$ & $-0.00679591$ & $0.00759306$ & $0.0108202$ & $-4.01246e-05$ & $0.0164601$ & $0.0248709$ & $0.00571397$ & $0.00487848$ \\
eHZgaint & $0.025035$ & $0.0611333$ & $0.0393974$ & $-0.159528$ & $-0.0079002$ & $-0.00255825$ & $-0.00123914$ & $-0.00105554$ & $-0.00417167$ & $-0.0423718$ & $0.0130338$ & $-0.0219394$ & $0.00149954$ & $-0.0240229$ & $0.0109217$ & $-0.0122639$ & $-0.0234496$ & $-0.0293315$ & $-0.0144445$ & $-0.0117976$ & $-0.0122068$ & $-0.0076467$ & $0.0238578$ & $-0.0108471$ & $-0.0235994$ & $-0.0137206$ & $-5.12329e-05$ & $0.00921984$ & $-0.00576544$ & $0.0183001$ & $0.00175512$ & $-0.00590629$ & $0.00130829$ & $-0.00593328$ & $0.0241687$ & $-0.138859$ & $-0.0699483$ & $-0.0117927$ & $-0.0219718$ & $-0.00253343$ & $1$ & $-0.0157874$ & $-0.0200622$ & $-0.00852822$ & $-0.00995801$ & $0.0473515$ & $-0.0160892$ & $-0.0469071$ & $0.00890853$ \\
eHZgapar & $-0.0544119$ & $0.0263697$ & $-0.0477517$ & $-0.0258088$ & $0.0125854$ & $0.00808638$ & $0.00897157$ & $-0.0157023$ & $-0.0134599$ & $0.0222556$ & $0.00618404$ & $-0.000476804$ & $-0.02281$ & $0.0094655$ & $0.0228066$ & $0.00338172$ & $0.0173029$ & $0.00206646$ & $0.0143341$ & $-0.00446172$ & $-0.00945156$ & $-0.00871117$ & $-0.00821438$ & $0.0276469$ & $0.0179415$ & $0.0130614$ & $-0.0142302$ & $0.00988113$ & $0.00821897$ & $0.0016286$ & $-0.00704623$ & $0.0111411$ & $-0.016033$ & $-0.0290373$ & $0.018531$ & $0.0133079$ & $0.0204092$ & $-0.0138885$ & $0.0142487$ & $-0.00679591$ & $-0.0157874$ & $1$ & $0.00451075$ & $-0.0379502$ & $0.00202854$ & $-0.0100619$ & $0.00546341$ & $-0.0290565$ & $-0.0158253$ \\
eHgagaint & $0.0129756$ & $0.0780732$ & $0.042062$ & $0.128685$ & $-0.0130119$ & $0.00346747$ & $-0.0219657$ & $-0.0117998$ & $0.0596036$ & $0.0116674$ & $0.0157121$ & $0.0326286$ & $0.0227278$ & $-0.0099972$ & $-0.0327152$ & $-0.0361067$ & $-0.00453966$ & $0.0106837$ & $0.0116387$ & $-0.018058$ & $-0.00969689$ & $-0.0109371$ & $0.00419208$ & $-0.00850265$ & $0.00362885$ & $0.009781$ & $0.0182025$ & $0.00554642$ & $-0.0125691$ & $-0.0086366$ & $-0.00862361$ & $-0.0204527$ & $-0.00882482$ & $0.0217507$ & $0.0466611$ & $-0.0368014$ & $0.0542593$ & $0.0111171$ & $0.106676$ & $0.00759306$ & $-0.0200622$ & $0.00451075$ & $1$ & $-0.0506998$ & $0.0310863$ & $-0.108921$ & $-0.0314642$ & $0.0561727$ & $-0.0266969$ \\
eHmumuint & $0.0338235$ & $-0.0286084$ & $-0.00381728$ & $-0.0695843$ & $0.00324903$ & $0.0203222$ & $0.0477234$ & $-0.00703291$ & $-0.00335987$ & $-0.0226145$ & $-0.000302197$ & $-0.032653$ & $-0.0135509$ & $0.018175$ & $-0.00275641$ & $-0.0149961$ & $0.00880124$ & $0.013758$ & $0.021327$ & $-0.00146942$ & $-0.00139697$ & $-0.00173826$ & $0.013273$ & $0.00449931$ & $0.0135104$ & $-0.014975$ & $0.00247616$ & $-0.0265288$ & $0.0110034$ & $0.0104358$ & $-0.00465569$ & $0.0364722$ & $0.092887$ & $-0.00885683$ & $-0.0644385$ & $-0.0488266$ & $0.0185289$ & $-0.0186613$ & $-0.08864$ & $0.0108202$ & $-0.00852822$ & $-0.0379502$ & $-0.0506998$ & $1$ & $0.0116848$ & $0.101222$ & $-0.0694325$ & $-0.0190278$ & $0.185352$ \\
eHtautauint & $-0.064461$ & $-0.016551$ & $0.0440226$ & $0.110649$ & $0.00962559$ & $-0.00238974$ & $-0.0119986$ & $-0.00131882$ & $-0.00335029$ & $-0.00206928$ & $0.00190421$ & $-0.0164053$ & $-0.0198928$ & $0.0005022$ & $-0.00965399$ & $-0.00100196$ & $0.00548058$ & $0.00848143$ & $0.00167635$ & $-0.00349481$ & $-0.000901771$ & $-0.00105753$ & $0.0141757$ & $-0.000281494$ & $0.0142965$ & $-0.00933252$ & $0.0071629$ & $0.00151199$ & $0.0255352$ & $0.0772438$ & $-0.010033$ & $-0.0036354$ & $0.0369594$ & $0.00916973$ & $0.0545754$ & $0.0587857$ & $-0.0857758$ & $0.020306$ & $0.00318847$ & $-4.01246e-05$ & $-0.00995801$ & $0.00202854$ & $0.0310863$ & $0.0116848$ & $1$ & $0.00934828$ & $-0.0602699$ & $0.0441452$ & $0.0400252$ \\
eHccint & $-0.01944$ & $0.0489748$ & $0.0801267$ & $-0.010863$ & $-0.00804164$ & $0.00199699$ & $-0.00980648$ & $0.0100705$ & $0.00368127$ & $-0.0122817$ & $-0.0094417$ & $-0.00432439$ & $0.000811905$ & $0.00035331$ & $-0.0182937$ & $0.0045187$ & $0.00119335$ & $0.010857$ & $-0.00521103$ & $0.00927864$ & $0.0124443$ & $0.00981406$ & $0.0353491$ & $-0.00766921$ & $0.0110592$ & $-0.0309378$ & $0.0261262$ & $0.0046735$ & $-0.00391514$ & $-0.0156965$ & $0.100342$ & $-0.0137116$ & $0.0658038$ & $0.0293808$ & $-0.0160038$ & $-0.0170179$ & $-0.0108423$ & $0.0273186$ & $-0.0396877$ & $0.0164601$ & $0.0473515$ & $-0.0100619$ & $-0.108921$ & $0.101222$ & $0.00934828$ & $1$ & $0.0782912$ & $-0.0314475$ & $0.117558$ \\
eHccpar & $0.00737426$ & $-0.0264844$ & $-0.00391644$ & $-0.0120066$ & $-0.0055699$ & $-0.040559$ & $-0.00181662$ & $0.0172049$ & $0.0146578$ & $-0.0105119$ & $-0.013511$ & $0.0160323$ & $0.019605$ & $-0.00442444$ & $-0.017834$ & $-0.0167405$ & $0.00238053$ & $0.00466675$ & $0.00254234$ & $0.0113144$ & $0.016188$ & $0.0149027$ & $0.00902957$ & $-0.0182937$ & $0.0051746$ & $0.00326838$ & $0.0336639$ & $-0.000358941$ & $0.0063236$ & $-0.0027919$ & $0.367768$ & $0.000272928$ & $0.0357543$ & $0.0305098$ & $0.0662382$ & $-0.0443867$ & $0.0321042$ & $0.0380966$ & $0.037749$ & $0.0248709$ & $-0.0160892$ & $0.00546341$ & $-0.0314642$ & $-0.0694325$ & $-0.0602699$ & $0.0782912$ & $1$ & $0.046739$ & $0.050682$ \\
eHbbint & $-0.030435$ & $-0.0217911$ & $0.074332$ & $0.0273312$ & $-0.0154787$ & $-0.0302483$ & $-0.00864761$ & $0.0156845$ & $0.0175056$ & $0.00551793$ & $-0.0108962$ & $0.0274408$ & $0.0073755$ & $-0.0180051$ & $0.0283842$ & $-0.00401503$ & $0.00256618$ & $-0.0274938$ & $-0.00533728$ & $0.0124544$ & $0.0103266$ & $0.00735688$ & $-0.0175564$ & $-0.015189$ & $-0.00752595$ & $0.004815$ & $-0.000334689$ & $0.00636459$ & $0.00222346$ & $0.0467567$ & $0.0383597$ & $-0.00216022$ & $0.152799$ & $-0.00665142$ & $-0.0042975$ & $0.0316407$ & $-0.0522404$ & $-0.0079879$ & $-0.0236322$ & $0.00571397$ & $-0.0469071$ & $-0.0290565$ & $0.0561727$ & $-0.0190278$ & $0.0441452$ & $-0.0314475$ & $0.046739$ & $1$ & $-0.0539801$ \\
eHbbpar & $-0.0134538$ & $0.143314$ & $-0.0293666$ & $-0.0305473$ & $0.0121855$ & $0.00507737$ & $-8.01932e-05$ & $-0.0170257$ & $-0.0208121$ & $-0.0163804$ & $0.0189743$ & $-0.0280868$ & $-0.0263356$ & $-0.00250729$ & $-0.0133835$ & $-0.0372046$ & $-0.0107539$ & $6.66744e-05$ & $0.0149558$ & $-0.0174155$ & $-0.0134738$ & $-0.0165715$ & $0.0231386$ & $-0.0125228$ & $0.00701696$ & $-0.0129741$ & $0.00757915$ & $-0.0119408$ & $0.00104357$ & $-0.0037445$ & $0.022647$ & $0.00634806$ & $0.481594$ & $0.000712218$ & $0.0255749$ & $-0.130168$ & $0.0377308$ & $0.0177691$ & $-0.089043$ & $0.00487848$ & $0.00890853$ & $-0.0158253$ & $-0.0266969$ & $0.185352$ & $0.0400252$ & $0.117558$ & $0.050682$ & $-0.0539801$ & $1$ \\
