 & AlsMz & dAle5Mz & mtop & mHl & Mz & CW & CHG & CHWB & CHWHB_gaga & CHWHB_gagaorth & CHD & CHbox & CH & CHL1_11 & CHL1_22 & CHL1_33 & CHL3_11 & CHL3_22 & CHL3_33 & CHe_11 & CHe_22 & CHe_33 & CHQ1_11 & CHQ1_33 & CHQ3_11 & CHu_11 & CHd_11 & CHd_33 & CeH_22r & CeH_33r & CuH_22r & CuH_33r & CdH_33r & CLL_1221 & eHggint & eHggpar & eHWWint & eHWWpar & eHZZint & eHZZpar & eHZgaint & eHZgapar & eHgagaint & eHmumuint & eHtautauint & eHccint & eHccpar & eHbbint & eHbbpar \\
AlsMz & $1$ & $0.19154$ & $0.0370752$ & $-0.130168$ & $0.00980608$ & $-0.0158623$ & $-0.0731675$ & $0.013685$ & $0.00753313$ & $-0.0841053$ & $0.0640051$ & $-0.0690996$ & $0.0689457$ & $-0.158874$ & $-0.0916095$ & $-0.105297$ & $-0.138008$ & $-0.0965779$ & $-0.0851673$ & $-0.0743998$ & $-0.0504448$ & $-0.0521367$ & $0.117035$ & $-0.146628$ & $-0.113269$ & $-0.0272966$ & $0.186006$ & $-0.0309338$ & $-0.0236939$ & $0.00699627$ & $-0.0478982$ & $-0.063121$ & $0.0110195$ & $0.107764$ & $0.472555$ & $0.189128$ & $-0.366944$ & $0.0296143$ & $-0.103116$ & $0.020747$ & $-0.134053$ & $0.094544$ & $-0.067953$ & $-0.183551$ & $-0.145592$ & $-0.31276$ & $-0.446434$ & $-0.177868$ & $0.0665727$ \\
dAle5Mz & $0.19154$ & $1$ & $-0.0738876$ & $-0.306679$ & $0.00494159$ & $-0.0367917$ & $0.0376358$ & $-0.0211293$ & $-0.0128492$ & $0.0526574$ & $0.00213548$ & $0.0915321$ & $-0.0690531$ & $0.000962902$ & $0.0149152$ & $-0.00301789$ & $0.0392391$ & $0.0101367$ & $0.0211585$ & $0.00643814$ & $0.00669027$ & $0.000137491$ & $0.0227146$ & $0.0300602$ & $0.0176013$ & $-0.03093$ & $0.00532417$ & $-0.000548004$ & $-0.00286222$ & $0.0268787$ & $0.0414043$ & $0.0451543$ & $0.010798$ & $0.000525558$ & $-0.336656$ & $0.0288264$ & $-0.509041$ & $0.0492968$ & $0.288827$ & $0.0857563$ & $0.0170864$ & $-0.0347622$ & $-0.0223752$ & $0.485016$ & $-0.101558$ & $-0.179983$ & $0.187421$ & $-0.0448608$ & $-0.2566$ \\
mtop & $0.0370752$ & $-0.0738876$ & $1$ & $-0.335146$ & $0.0200618$ & $0.0747985$ & $0.115245$ & $0.0461027$ & $0.0565927$ & $-0.0421784$ & $-0.0664931$ & $-0.066882$ & $0.0426401$ & $0.0767582$ & $0.0870713$ & $0.0400835$ & $0.0264288$ & $-0.0109268$ & $0.0245717$ & $0.072653$ & $0.0609282$ & $0.0671883$ & $-0.114644$ & $0.0357249$ & $0.0155961$ & $0.0584384$ & $-0.0107104$ & $0.0295807$ & $-0.0347576$ & $0.00452016$ & $-0.0353322$ & $0.108887$ & $0.00866646$ & $-0.0519898$ & $-0.152186$ & $-0.0720918$ & $0.268531$ & $-0.00417209$ & $0.0959457$ & $0.0762771$ & $0.224971$ & $0.0007967$ & $0.205011$ & $-0.0261545$ & $-0.30308$ & $0.138669$ & $-0.26072$ & $0.00454112$ & $0.0693504$ \\
mHl & $-0.130168$ & $-0.306679$ & $-0.335146$ & $1$ & $-0.0152261$ & $-0.00471542$ & $-0.0960442$ & $0.0711541$ & $0.0742017$ & $-0.0293129$ & $-0.0761554$ & $-0.0733621$ & $0.0644106$ & $0.0338384$ & $0.0625541$ & $0.0835588$ & $0.0136387$ & $-0.0221547$ & $-0.0349062$ & $0.075692$ & $0.0690531$ & $0.0707953$ & $0.0160931$ & $-0.0145985$ & $-0.0411685$ & $-0.0675709$ & $-0.0729136$ & $0.0391322$ & $-0.0354483$ & $0.0118031$ & $0.0292794$ & $-0.095604$ & $0.00283438$ & $0.00159981$ & $6.52432e-05$ & $-0.0802057$ & $-0.0182486$ & $-0.00673976$ & $-0.0309928$ & $-0.0702425$ & $-0.0759387$ & $-0.0413537$ & $0.439351$ & $-0.0176145$ & $0.00847032$ & $-0.0706838$ & $-0.0711709$ & $0.211331$ & $-0.0713844$ \\
Mz & $0.00980608$ & $0.00494159$ & $0.0200618$ & $-0.0152261$ & $1$ & $-0.0123601$ & $0.000212051$ & $0.00783895$ & $0.00969883$ & $-0.0139806$ & $0.00510294$ & $-0.00535625$ & $-0.00388319$ & $-0.0150947$ & $0.00705198$ & $0.0293472$ & $-5.73974e-05$ & $-0.0120126$ & $-0.0307255$ & $0.00398544$ & $0.00459761$ & $0.00380078$ & $-0.00282032$ & $-0.00490124$ & $-0.0127658$ & $-0.00960856$ & $-0.0076665$ & $0.00707802$ & $-0.0154871$ & $-0.0317956$ & $-0.00721528$ & $-0.00550643$ & $-0.0202399$ & $0.00588414$ & $-0.0225324$ & $-0.0280027$ & $0.051642$ & $0.0207462$ & $0.0269168$ & $-1.34332e-05$ & $0.0303915$ & $0.018868$ & $0.0498426$ & $-1.15096e-05$ & $-0.0343969$ & $0.0436429$ & $-0.0186176$ & $0.0474643$ & $0.0400335$ \\
CW & $-0.0158623$ & $-0.0367917$ & $0.0747985$ & $-0.00471542$ & $-0.0123601$ & $1$ & $0.0365554$ & $-0.0904225$ & $-0.0836769$ & $0.0193777$ & $0.147098$ & $0.00969362$ & $0.0332071$ & $0.0223325$ & $-0.0585757$ & $-0.0811586$ & $-0.26382$ & $-0.0716963$ & $-0.0520103$ & $-0.144982$ & $-0.153222$ & $-0.148305$ & $0.0188135$ & $-0.00384339$ & $-0.0752682$ & $0.0774171$ & $-0.04066$ & $-0.0198796$ & $-0.0112262$ & $-0.00523643$ & $-0.018435$ & $0.0379044$ & $0.00235399$ & $-0.129092$ & $-0.0209425$ & $0.00622633$ & $-0.00997251$ & $-0.0318302$ & $-0.0177652$ & $0.0294477$ & $0.0361353$ & $0.044922$ & $0.0156907$ & $0.0516771$ & $-0.00556655$ & $-0.0166416$ & $-0.0243709$ & $0.0578504$ & $-0.00881271$ \\
CHG & $-0.0731675$ & $0.0376358$ & $0.115245$ & $-0.0960442$ & $0.000212051$ & $0.0365554$ & $1$ & $-0.0990915$ & $-0.0231605$ & $0.0809945$ & $0.0122405$ & $0.177234$ & $-0.222368$ & $0.133342$ & $0.0701158$ & $0.0818833$ & $0.1486$ & $0.116352$ & $0.108511$ & $-0.00168763$ & $-0.0298132$ & $-0.0258045$ & $-0.0823391$ & $0.167065$ & $0.0958014$ & $0.0234656$ & $-0.268383$ & $0.0299437$ & $0.00716533$ & $-0.0851541$ & $-0.0188415$ & $0.953131$ & $-0.0895259$ & $-0.15609$ & $-0.106754$ & $-0.269047$ & $-0.0797181$ & $-0.00365848$ & $-0.0141556$ & $0.0319462$ & $-0.0461996$ & $0.0371835$ & $0.0764561$ & $0.0927104$ & $-0.0116467$ & $0.0550669$ & $0.0430592$ & $0.161143$ & $0.0736571$ \\
CHWB & $0.013685$ & $-0.0211293$ & $0.0461027$ & $0.0711541$ & $0.00783895$ & $-0.0904225$ & $-0.0990915$ & $1$ & $0.982148$ & $-0.579065$ & $-0.885971$ & $-0.462847$ & $0.377092$ & $0.179432$ & $0.459808$ & $0.452454$ & $-0.200011$ & $-0.455926$ & $-0.456976$ & $0.866356$ & $0.897718$ & $0.879971$ & $-0.009698$ & $-0.615241$ & $-0.49194$ & $-0.520103$ & $0.303129$ & $0.302195$ & $0.033514$ & $0.131365$ & $0.0813373$ & $-0.0900577$ & $0.122083$ & $0.46992$ & $0.0281035$ & $0.0872294$ & $0.106159$ & $0.00822996$ & $0.0979045$ & $0.0131136$ & $0.118324$ & $-0.0139711$ & $0.0575613$ & $-0.0299609$ & $-0.00663032$ & $0.061591$ & $-0.0824316$ & $-0.147513$ & $-0.0763935$ \\
CHWHB_gaga & $0.00753313$ & $-0.0128492$ & $0.0565927$ & $0.0742017$ & $0.00969883$ & $-0.0836769$ & $-0.0231605$ & $0.982148$ & $1$ & $-0.56644$ & $-0.872171$ & $-0.448551$ & $0.373643$ & $0.179942$ & $0.46411$ & $0.453981$ & $-0.194716$ & $-0.452032$ & $-0.450733$ & $0.854404$ & $0.882533$ & $0.865301$ & $-0.0178872$ & $-0.59951$ & $-0.487528$ & $-0.51025$ & $0.27535$ & $0.299624$ & $0.0372905$ & $0.153656$ & $0.0928736$ & $-0.0219948$ & $0.149444$ & $0.449197$ & $0.00491155$ & $0.0568889$ & $0.0904122$ & $0.0146418$ & $0.104414$ & $0.0116748$ & $0.11784$ & $-0.0101648$ & $0.0887401$ & $-0.0174809$ & $-0.0197318$ & $0.0596456$ & $-0.0807602$ & $-0.121037$ & $-0.068484$ \\
CHWHB_gagaorth & $-0.0841053$ & $0.0526574$ & $-0.0421784$ & $-0.0293129$ & $-0.0139806$ & $0.0193777$ & $0.0809945$ & $-0.579065$ & $-0.56644$ & $1$ & $0.363488$ & $0.56033$ & $-0.289876$ & $0.197245$ & $-0.209402$ & $-0.215203$ & $0.424088$ & $0.5106$ & $0.518587$ & $-0.3565$ & $-0.373815$ & $-0.368288$ & $-0.0200387$ & $0.539977$ & $0.552362$ & $0.229158$ & $-0.1795$ & $-0.138377$ & $0.00149022$ & $-0.131198$ & $-0.0669967$ & $0.0873021$ & $-0.145496$ & $-0.314503$ & $-0.0198667$ & $-0.110764$ & $-0.0311082$ & $-0.0307721$ & $-0.116989$ & $-0.0688286$ & $-0.127056$ & $0.0208106$ & $-0.0401209$ & $0.0210018$ & $0.0341791$ & $-0.0445018$ & $0.113528$ & $0.109667$ & $0.023131$ \\
CHD & $0.0640051$ & $0.00213548$ & $-0.0664931$ & $-0.0761554$ & $0.00510294$ & $0.147098$ & $0.0122405$ & $-0.885971$ & $-0.872171$ & $0.363488$ & $1$ & $0.319168$ & $-0.194984$ & $-0.566805$ & $-0.550064$ & $-0.542188$ & $-0.241996$ & $0.0903585$ & $0.0911265$ & $-0.992374$ & $-0.993374$ & $-0.97056$ & $0.0622051$ & $0.256907$ & $0.0795129$ & $0.553386$ & $-0.190644$ & $-0.335038$ & $-0.0046313$ & $-0.0879504$ & $-0.0629509$ & $0.0128121$ & $-0.077242$ & $-0.28811$ & $0.0171712$ & $-0.0080114$ & $-0.126682$ & $0.00370576$ & $-0.0891664$ & $0.0368434$ & $-0.0684939$ & $0.0258548$ & $-0.0893726$ & $-0.0143178$ & $0.00221312$ & $-0.09336$ & $0.0307922$ & $0.0664519$ & $0.0742368$ \\
CHbox & $-0.0690996$ & $0.0915321$ & $-0.066882$ & $-0.0733621$ & $-0.00535625$ & $0.00969362$ & $0.177234$ & $-0.462847$ & $-0.448551$ & $0.56033$ & $0.319168$ & $1$ & $-0.868406$ & $0.0896531$ & $-0.176784$ & $-0.196639$ & $0.282165$ & $0.357478$ & $0.37166$ & $-0.311468$ & $-0.325578$ & $-0.32333$ & $-0.0110657$ & $0.391103$ & $0.386185$ & $0.187425$ & $-0.146493$ & $-0.135441$ & $-0.00339503$ & $-0.156288$ & $-0.0723364$ & $0.159207$ & $-0.201143$ & $-0.241635$ & $-0.0215411$ & $-0.0825025$ & $-0.0523802$ & $-0.0413053$ & $-0.170411$ & $-0.0586282$ & $-0.136773$ & $0.0263514$ & $-0.0112876$ & $0.0404181$ & $0.053955$ & $-0.0875356$ & $0.17875$ & $0.0981293$ & $-0.0095049$ \\
CH & $0.0689457$ & $-0.0690531$ & $0.0426401$ & $0.0644106$ & $-0.00388319$ & $0.0332071$ & $-0.222368$ & $0.377092$ & $0.373643$ & $-0.289876$ & $-0.194984$ & $-0.868406$ & $1$ & $-0.203053$ & $0.141914$ & $0.156473$ & $-0.372361$ & $-0.412588$ & $-0.423047$ & $0.195828$ & $0.199079$ & $0.199888$ & $0.0185174$ & $-0.395198$ & $-0.431535$ & $-0.119037$ & $0.106786$ & $0.0933178$ & $0.0413483$ & $0.302363$ & $0.110561$ & $-0.165561$ & $0.386134$ & $0.190609$ & $0.0168582$ & $0.0941176$ & $0.0219647$ & $0.0296934$ & $0.138321$ & $0.049694$ & $0.130365$ & $0.00825393$ & $-0.0180122$ & $-0.0345225$ & $-0.046072$ & $0.0424962$ & $-0.177312$ & $-0.114047$ & $0.0203838$ \\
CHL1_11 & $-0.158874$ & $0.000962902$ & $0.0767582$ & $0.0338384$ & $-0.0150947$ & $0.0223325$ & $0.133342$ & $0.179432$ & $0.179942$ & $0.197245$ & $-0.566805$ & $0.0896531$ & $-0.203053$ & $1$ & $0.302429$ & $0.296318$ & $0.631449$ & $0.556712$ & $0.559736$ & $0.574183$ & $0.539799$ & $0.522516$ & $-0.0998515$ & $0.445774$ & $0.59538$ & $-0.269908$ & $-0.0827861$ & $0.193043$ & $-0.0396767$ & $-0.0356587$ & $-0.00784419$ & $0.117443$ & $-0.0430641$ & $-0.201254$ & $-0.0564373$ & $-0.108402$ & $0.0912007$ & $-0.0219801$ & $0.0261918$ & $-0.0773669$ & $-0.0254499$ & $-0.0436799$ & $0.0714137$ & $0.0810306$ & $0.00498209$ & $0.100306$ & $0.0647332$ & $0.0915313$ & $-0.032409$ \\
CHL1_22 & $-0.0916095$ & $0.0149152$ & $0.0870713$ & $0.0625541$ & $0.00705198$ & $-0.0585757$ & $0.0701158$ & $0.459808$ & $0.46411$ & $-0.209402$ & $-0.550064$ & $-0.176784$ & $0.141914$ & $0.302429$ & $1$ & $0.401421$ & $0.148374$ & $-0.474551$ & $-0.0217524$ & $0.592671$ & $0.491643$ & $0.481144$ & $-0.073884$ & $0.0217497$ & $-0.063392$ & $-0.287098$ & $-0.231838$ & $0.19856$ & $0.0014332$ & $0.0545845$ & $0.0318106$ & $0.0702923$ & $0.078993$ & $-0.532025$ & $-0.165128$ & $-0.101624$ & $0.0435371$ & $-0.0604587$ & $0.0750727$ & $0.00258125$ & $-0.0101477$ & $-0.000233913$ & $0.13319$ & $0.137703$ & $-0.0387153$ & $0.054493$ & $0.00222273$ & $0.15476$ & $0.0290696$ \\
CHL1_33 & $-0.105297$ & $-0.00301789$ & $0.0400835$ & $0.0835588$ & $0.0293472$ & $-0.0811586$ & $0.0818833$ & $0.452454$ & $0.453981$ & $-0.215203$ & $-0.542188$ & $-0.196639$ & $0.156473$ & $0.296318$ & $0.401421$ & $1$ & $0.155523$ & $-0.0191739$ & $-0.454422$ & $0.583401$ & $0.486903$ & $0.500904$ & $-0.0999254$ & $0.0141119$ & $-0.0664827$ & $-0.26234$ & $-0.247287$ & $0.178694$ & $-0.0182937$ & $0.0773377$ & $0.0360657$ & $0.0888392$ & $0.0974435$ & $0.075942$ & $-0.170606$ & $-0.0734263$ & $0.0383155$ & $-0.0576848$ & $0.0509484$ & $-0.0165492$ & $-0.034162$ & $0.0064155$ & $0.112564$ & $0.109056$ & $-0.00162342$ & $0.100828$ & $0.0133266$ & $0.109044$ & $0.0381612$ \\
CHL3_11 & $-0.138008$ & $0.0392391$ & $0.0264288$ & $0.0136387$ & $-5.73974e-05$ & $-0.26382$ & $0.1486$ & $-0.200011$ & $-0.194716$ & $0.424088$ & $-0.241996$ & $0.282165$ & $-0.372361$ & $0.631449$ & $0.148374$ & $0.155523$ & $1$ & $0.726974$ & $0.721416$ & $0.254896$ & $0.220097$ & $0.209535$ & $-0.101469$ & $0.662672$ & $0.814758$ & $-0.0798021$ & $-0.149819$ & $0.0625453$ & $-0.0566673$ & $-0.0879222$ & $-0.0329637$ & $0.12872$ & $-0.0960732$ & $-0.217577$ & $-0.0723947$ & $-0.152272$ & $0.053834$ & $-0.00716275$ & $-0.0241446$ & $-0.114427$ & $-0.102248$ & $-0.0167865$ & $0.0667488$ & $0.0462184$ & $0.00970162$ & $0.057564$ & $0.0950625$ & $0.133043$ & $0.00208992$ \\
CHL3_22 & $-0.0965779$ & $0.0101367$ & $-0.0109268$ & $-0.0221547$ & $-0.0120126$ & $-0.0716963$ & $0.116352$ & $-0.455926$ & $-0.452032$ & $0.5106$ & $0.0903585$ & $0.357478$ & $-0.412588$ & $0.556712$ & $-0.474551$ & $-0.0191739$ & $0.726974$ & $1$ & $0.65157$ & $-0.0922303$ & $-0.0863302$ & $-0.0876193$ & $-0.0570662$ & $0.63418$ & $0.794831$ & $0.0959083$ & $-0.0549229$ & $-0.0495078$ & $-0.0547038$ & $-0.11067$ & $-0.0515955$ & $0.0989651$ & $-0.127847$ & $0.0569969$ & $0.0189745$ & $-0.0833488$ & $0.0248829$ & $0.0170731$ & $-0.0614356$ & $-0.0971364$ & $-0.0810126$ & $-0.0235581$ & $-0.0186093$ & $-0.0109484$ & $0.0337143$ & $0.0394237$ & $0.0899272$ & $0.0486665$ & $-0.0118622$ \\
CHL3_33 & $-0.0851673$ & $0.0211585$ & $0.0245717$ & $-0.0349062$ & $-0.0307255$ & $-0.0520103$ & $0.108511$ & $-0.456976$ & $-0.450733$ & $0.518587$ & $0.0911265$ & $0.37166$ & $-0.423047$ & $0.559736$ & $-0.0217524$ & $-0.454422$ & $0.721416$ & $0.65157$ & $1$ & $-0.0921178$ & $-0.0880209$ & $-0.0854323$ & $-0.0384675$ & $0.64207$ & $0.801868$ & $0.0818067$ & $-0.0415597$ & $-0.0329032$ & $-0.0383119$ & $-0.127278$ & $-0.054175$ & $0.0860127$ & $-0.141332$ & $-0.413388$ & $0.02719$ & $-0.106315$ & $0.026679$ & $0.0140778$ & $-0.0479915$ & $-0.0827485$ & $-0.059138$ & $-0.0267983$ & $-0.00502755$ & $0.00823659$ & $0.00364988$ & $0.0032389$ & $0.0819225$ & $0.0815043$ & $-0.0181896$ \\
CHe_11 & $-0.0743998$ & $0.00643814$ & $0.072653$ & $0.075692$ & $0.00398544$ & $-0.144982$ & $-0.00168763$ & $0.866356$ & $0.854404$ & $-0.3565$ & $-0.992374$ & $-0.311468$ & $0.195828$ & $0.574183$ & $0.592671$ & $0.583401$ & $0.254896$ & $-0.0922303$ & $-0.0921178$ & $1$ & $0.980276$ & $0.958397$ & $-0.070922$ & $-0.217189$ & $-0.060681$ & $-0.544136$ & $0.142075$ & $0.332312$ & $0.00180644$ & $0.0881801$ & $0.0630639$ & $-0.00135452$ & $0.0819347$ & $0.227952$ & $-0.0423895$ & $-0.00426541$ & $0.120829$ & $-0.00853842$ & $0.0945002$ & $-0.0369064$ & $0.0627573$ & $-0.025253$ & $0.0990614$ & $0.034316$ & $-0.00650288$ & $0.0975789$ & $-0.0251863$ & $-0.0436895$ & $-0.0666516$ \\
CHe_22 & $-0.0504448$ & $0.00669027$ & $0.0609282$ & $0.0690531$ & $0.00459761$ & $-0.153222$ & $-0.0298132$ & $0.897718$ & $0.882533$ & $-0.373815$ & $-0.993374$ & $-0.325578$ & $0.199079$ & $0.539799$ & $0.491643$ & $0.486903$ & $0.220097$ & $-0.0863302$ & $-0.0880209$ & $0.980276$ & $1$ & $0.973406$ & $-0.0530372$ & $-0.299978$ & $-0.100872$ & $-0.555247$ & $0.244175$ & $0.332898$ & $0.00685292$ & $0.087502$ & $0.0649846$ & $-0.0304404$ & $0.0738639$ & $0.355897$ & $0.000588111$ & $0.0236997$ & $0.124578$ & $0.00634954$ & $0.0910325$ & $-0.0355961$ & $0.0808907$ & $-0.0260371$ & $0.080542$ & $0.000573414$ & $-0.0023829$ & $0.0878907$ & $-0.034154$ & $-0.0926003$ & $-0.0838117$ \\
CHe_33 & $-0.0521367$ & $0.000137491$ & $0.0671883$ & $0.0707953$ & $0.00380078$ & $-0.148305$ & $-0.0258045$ & $0.879971$ & $0.865301$ & $-0.368288$ & $-0.97056$ & $-0.32333$ & $0.199888$ & $0.522516$ & $0.481144$ & $0.500904$ & $0.209535$ & $-0.0876193$ & $-0.0854323$ & $0.958397$ & $0.973406$ & $1$ & $-0.0531392$ & $-0.296628$ & $-0.101922$ & $-0.541815$ & $0.239513$ & $0.326046$ & $0.00735314$ & $0.0889875$ & $0.0650578$ & $-0.0248813$ & $0.0764098$ & $0.35217$ & $0.000308952$ & $0.0202223$ & $0.124392$ & $0.0038641$ & $0.0885694$ & $-0.0319859$ & $0.0821551$ & $-0.0282302$ & $0.0802756$ & $-0.00426712$ & $-0.005524$ & $0.0883401$ & $-0.0375712$ & $-0.0896859$ & $-0.0810351$ \\
CHQ1_11 & $0.117035$ & $0.0227146$ & $-0.114644$ & $0.0160931$ & $-0.00282032$ & $0.0188135$ & $-0.0823391$ & $-0.009698$ & $-0.0178872$ & $-0.0200387$ & $0.0622051$ & $-0.0110657$ & $0.0185174$ & $-0.0998515$ & $-0.073884$ & $-0.0999254$ & $-0.101469$ & $-0.0570662$ & $-0.0384675$ & $-0.070922$ & $-0.0530372$ & $-0.0531392$ & $1$ & $-0.0956192$ & $-0.0345397$ & $-0.664851$ & $0.194396$ & $-0.0243336$ & $0.038409$ & $-0.00747862$ & $-0.00649494$ & $-0.0797927$ & $-0.0358229$ & $0.0562414$ & $0.0858277$ & $0.125378$ & $-0.0168447$ & $-0.0395661$ & $-0.0439854$ & $0.0382036$ & $-0.0107525$ & $-0.0350359$ & $-0.0509941$ & $-0.0450742$ & $0.0231745$ & $-0.113122$ & $0.00698806$ & $-0.0487431$ & $-0.0814142$ \\
CHQ1_33 & $-0.146628$ & $0.0300602$ & $0.0357249$ & $-0.0145985$ & $-0.00490124$ & $-0.00384339$ & $0.167065$ & $-0.615241$ & $-0.59951$ & $0.539977$ & $0.256907$ & $0.391103$ & $-0.395198$ & $0.445774$ & $0.0217497$ & $0.0141119$ & $0.662672$ & $0.63418$ & $0.64207$ & $-0.217189$ & $-0.299978$ & $-0.296628$ & $-0.0956192$ & $1$ & $0.738818$ & $0.202964$ & $-0.321493$ & $0.0144057$ & $-0.0531662$ & $-0.105674$ & $-0.0628381$ & $0.154236$ & $-0.0974242$ & $-0.573263$ & $-0.117059$ & $-0.172417$ & $-0.00728262$ & $-0.0287351$ & $-0.0692884$ & $-0.0670806$ & $-0.11394$ & $-0.0145766$ & $0.0381091$ & $0.101698$ & $-0.0107626$ & $0.0274558$ & $0.120246$ & $0.197067$ & $0.0493296$ \\
CHQ3_11 & $-0.113269$ & $0.0176013$ & $0.0155961$ & $-0.0411685$ & $-0.0127658$ & $-0.0752682$ & $0.0958014$ & $-0.49194$ & $-0.487528$ & $0.552362$ & $0.0795129$ & $0.386185$ & $-0.431535$ & $0.59538$ & $-0.063392$ & $-0.0664827$ & $0.814758$ & $0.794831$ & $0.801868$ & $-0.060681$ & $-0.100872$ & $-0.101922$ & $-0.0345397$ & $0.738818$ & $1$ & $0.0976609$ & $0.0527629$ & $-0.0391898$ & $-0.0395258$ & $-0.135648$ & $-0.0602599$ & $0.0740449$ & $-0.143514$ & $-0.368059$ & $0.0206023$ & $-0.106088$ & $0.0613015$ & $0.0366964$ & $-0.0617449$ & $-0.0893846$ & $-0.0525624$ & $-0.0315837$ & $-0.0179887$ & $-0.0237443$ & $0.00477809$ & $0.0360079$ & $0.102233$ & $0.0549909$ & $-0.0198267$ \\
CHu_11 & $-0.0272966$ & $-0.03093$ & $0.0584384$ & $-0.0675709$ & $-0.00960856$ & $0.0774171$ & $0.0234656$ & $-0.520103$ & $-0.51025$ & $0.229158$ & $0.553386$ & $0.187425$ & $-0.119037$ & $-0.269908$ & $-0.287098$ & $-0.26234$ & $-0.0798021$ & $0.0959083$ & $0.0818067$ & $-0.544136$ & $-0.555247$ & $-0.541815$ & $-0.664851$ & $0.202964$ & $0.0976609$ & $1$ & $-0.100912$ & $-0.182377$ & $-0.0186299$ & $-0.0514714$ & $-0.0361323$ & $0.0216713$ & $-0.0303652$ & $-0.20251$ & $-0.00183665$ & $-0.0663978$ & $-0.0398269$ & $0.0587429$ & $-0.0364571$ & $-0.00949246$ & $-0.00371266$ & $0.0488491$ & $-0.0378657$ & $-0.0213891$ & $-0.0156918$ & $0.0239862$ & $-0.00298003$ & $0.00682177$ & $0.0833403$ \\
CHd_11 & $0.186006$ & $0.00532417$ & $-0.0107104$ & $-0.0729136$ & $-0.0076665$ & $-0.04066$ & $-0.268383$ & $0.303129$ & $0.27535$ & $-0.1795$ & $-0.190644$ & $-0.146493$ & $0.106786$ & $-0.0827861$ & $-0.231838$ & $-0.247287$ & $-0.149819$ & $-0.0549229$ & $-0.0415597$ & $0.142075$ & $0.244175$ & $0.239513$ & $0.194396$ & $-0.321493$ & $0.0527629$ & $-0.100912$ & $1$ & $0.0333965$ & $0.0614758$ & $-0.00454526$ & $0.0120849$ & $-0.269334$ & $-0.0405164$ & $0.500916$ & $0.330605$ & $0.216104$ & $0.113164$ & $0.154232$ & $-0.0317717$ & $0.00860374$ & $0.202115$ & $-0.025902$ & $-0.141104$ & $-0.286871$ & $-0.0210977$ & $-0.0485906$ & $-0.0867461$ & $-0.428456$ & $-0.163584$ \\
CHd_33 & $-0.0309338$ & $-0.000548004$ & $0.0295807$ & $0.0391322$ & $0.00707802$ & $-0.0198796$ & $0.0299437$ & $0.302195$ & $0.299624$ & $-0.138377$ & $-0.335038$ & $-0.135441$ & $0.0933178$ & $0.193043$ & $0.19856$ & $0.178694$ & $0.0625453$ & $-0.0495078$ & $-0.0329032$ & $0.332312$ & $0.332898$ & $0.326046$ & $-0.0243336$ & $0.0144057$ & $-0.0391898$ & $-0.182377$ & $0.0333965$ & $1$ & $0.0178671$ & $0.0765454$ & $0.0310338$ & $0.0407978$ & $0.0538882$ & $0.0812995$ & $0.0142406$ & $-0.0116567$ & $-0.00723352$ & $0.00784555$ & $0.0310657$ & $0.00466997$ & $0.0123408$ & $-0.0524349$ & $-0.000452128$ & $0.04362$ & $0.00184416$ & $0.0577742$ & $-0.0222125$ & $-0.0336493$ & $-0.0471524$ \\
CeH_22r & $-0.0236939$ & $-0.00286222$ & $-0.0347576$ & $-0.0354483$ & $-0.0154871$ & $-0.0112262$ & $0.00716533$ & $0.033514$ & $0.0372905$ & $0.00149022$ & $-0.0046313$ & $-0.00339503$ & $0.0413483$ & $-0.0396767$ & $0.0014332$ & $-0.0182937$ & $-0.0566673$ & $-0.0547038$ & $-0.0383119$ & $0.00180644$ & $0.00685292$ & $0.00735314$ & $0.038409$ & $-0.0531662$ & $-0.0395258$ & $-0.0186299$ & $0.0614758$ & $0.0178671$ & $1$ & $0.0223421$ & $0.0220461$ & $-0.00378487$ & $0.0262313$ & $0.0268352$ & $0.0203505$ & $0.00147643$ & $-0.010366$ & $-0.037073$ & $-0.0387471$ & $0.0319136$ & $0.0447632$ & $0.00111415$ & $-0.0739124$ & $0.0307851$ & $-0.00566476$ & $-0.0237089$ & $0.0173164$ & $-0.0240965$ & $-0.0826039$ \\
CeH_33r & $0.00699627$ & $0.0268787$ & $0.00452016$ & $0.0118031$ & $-0.0317956$ & $-0.00523643$ & $-0.0851541$ & $0.131365$ & $0.153656$ & $-0.131198$ & $-0.0879504$ & $-0.156288$ & $0.302363$ & $-0.0356587$ & $0.0545845$ & $0.0773377$ & $-0.0879222$ & $-0.11067$ & $-0.127278$ & $0.0881801$ & $0.087502$ & $0.0889875$ & $-0.00747862$ & $-0.105674$ & $-0.135648$ & $-0.0514714$ & $-0.00454526$ & $0.0765454$ & $0.0223421$ & $1$ & $0.314559$ & $0.0542318$ & $0.738044$ & $0.0657789$ & $-0.0459235$ & $0.0509831$ & $-0.0645387$ & $-0.00265716$ & $0.049071$ & $0.0104533$ & $0.0247662$ & $0.00110767$ & $0.00423525$ & $0.0524248$ & $-0.00663616$ & $-0.0183059$ & $-0.0714348$ & $-0.0485925$ & $-0.0103054$ \\
CuH_22r & $-0.0478982$ & $0.0414043$ & $-0.0353322$ & $0.0292794$ & $-0.00721528$ & $-0.018435$ & $-0.0188415$ & $0.0813373$ & $0.0928736$ & $-0.0669967$ & $-0.0629509$ & $-0.0723364$ & $0.110561$ & $-0.00784419$ & $0.0318106$ & $0.0360657$ & $-0.0329637$ & $-0.0515955$ & $-0.054175$ & $0.0630639$ & $0.0649846$ & $0.0650578$ & $-0.00649494$ & $-0.0628381$ & $-0.0602599$ & $-0.0361323$ & $0.0120849$ & $0.0310338$ & $0.0220461$ & $0.314559$ & $1$ & $0.0681809$ & $0.400425$ & $0.0449034$ & $-0.00805302$ & $0.0521973$ & $-0.00903439$ & $0.00391248$ & $0.00380218$ & $0.0190833$ & $0.00794693$ & $0.0210472$ & $-0.0171693$ & $0.0823526$ & $-0.00302883$ & $0.00956212$ & $0.0930277$ & $0.0116563$ & $-0.038985$ \\
CuH_33r & $-0.063121$ & $0.0451543$ & $0.108887$ & $-0.095604$ & $-0.00550643$ & $0.0379044$ & $0.953131$ & $-0.0900577$ & $-0.0219948$ & $0.0873021$ & $0.0128121$ & $0.159207$ & $-0.165561$ & $0.117443$ & $0.0702923$ & $0.0888392$ & $0.12872$ & $0.0989651$ & $0.0860127$ & $-0.00135452$ & $-0.0304404$ & $-0.0248813$ & $-0.0797927$ & $0.154236$ & $0.0740449$ & $0.0216713$ & $-0.269334$ & $0.0407978$ & $-0.00378487$ & $0.0542318$ & $0.0681809$ & $1$ & $0.0944724$ & $-0.148209$ & $-0.102937$ & $-0.252037$ & $-0.0983159$ & $-0.00897646$ & $-0.021591$ & $0.0335186$ & $-0.0542296$ & $0.0383828$ & $0.0676528$ & $0.101776$ & $-0.00823255$ & $0.0394231$ & $0.0323445$ & $0.15358$ & $0.073645$ \\
CdH_33r & $0.0110195$ & $0.010798$ & $0.00866646$ & $0.00283438$ & $-0.0202399$ & $0.00235399$ & $-0.0895259$ & $0.122083$ & $0.149444$ & $-0.145496$ & $-0.077242$ & $-0.201143$ & $0.386134$ & $-0.0430641$ & $0.078993$ & $0.0974435$ & $-0.0960732$ & $-0.127847$ & $-0.141332$ & $0.0819347$ & $0.0738639$ & $0.0764098$ & $-0.0358229$ & $-0.0974242$ & $-0.143514$ & $-0.0303652$ & $-0.0405164$ & $0.0538882$ & $0.0262313$ & $0.738044$ & $0.400425$ & $0.0944724$ & $1$ & $0.0329841$ & $-0.0796683$ & $0.0060686$ & $-0.0759095$ & $-0.0114116$ & $0.0367004$ & $0.000624395$ & $0.0423308$ & $0.0230261$ & $0.0251576$ & $0.0421726$ & $-0.0531833$ & $-0.028605$ & $-0.100206$ & $-0.00582882$ & $0.13163$ \\
CLL_1221 & $0.107764$ & $0.000525558$ & $-0.0519898$ & $0.00159981$ & $0.00588414$ & $-0.129092$ & $-0.15609$ & $0.46992$ & $0.449197$ & $-0.314503$ & $-0.28811$ & $-0.241635$ & $0.190609$ & $-0.201254$ & $-0.532025$ & $0.075942$ & $-0.217577$ & $0.0569969$ & $-0.413388$ & $0.227952$ & $0.355897$ & $0.35217$ & $0.0562414$ & $-0.573263$ & $-0.368059$ & $-0.20251$ & $0.500916$ & $0.0812995$ & $0.0268352$ & $0.0657789$ & $0.0449034$ & $-0.148209$ & $0.0329841$ & $1$ & $0.166487$ & $0.166576$ & $0.0423922$ & $0.0711086$ & $0.0202874$ & $0.000343604$ & $0.103497$ & $-0.00766725$ & $-0.0655845$ & $-0.157798$ & $0.0289575$ & $-0.000596134$ & $-0.0710165$ & $-0.281185$ & $-0.0979118$ \\
eHggint & $0.472555$ & $-0.336656$ & $-0.152186$ & $6.52432e-05$ & $-0.0225324$ & $-0.0209425$ & $-0.106754$ & $0.0281035$ & $0.00491155$ & $-0.0198667$ & $0.0171712$ & $-0.0215411$ & $0.0168582$ & $-0.0564373$ & $-0.165128$ & $-0.170606$ & $-0.0723947$ & $0.0189745$ & $0.02719$ & $-0.0423895$ & $0.000588111$ & $0.000308952$ & $0.0858277$ & $-0.117059$ & $0.0206023$ & $-0.00183665$ & $0.330605$ & $0.0142406$ & $0.0203505$ & $-0.0459235$ & $-0.00805302$ & $-0.102937$ & $-0.0796683$ & $0.166487$ & $1$ & $0.316538$ & $0.0525792$ & $-0.0621849$ & $-0.340745$ & $-0.148918$ & $-0.175079$ & $0.0603215$ & $-0.351654$ & $-0.394284$ & $0.14828$ & $-0.16148$ & $-0.146199$ & $-0.345313$ & $-0.0330292$ \\
eHggpar & $0.189128$ & $0.0288264$ & $-0.0720918$ & $-0.0802057$ & $-0.0280027$ & $0.00622633$ & $-0.269047$ & $0.0872294$ & $0.0568889$ & $-0.110764$ & $-0.0080114$ & $-0.0825025$ & $0.0941176$ & $-0.108402$ & $-0.101624$ & $-0.0734263$ & $-0.152272$ & $-0.0833488$ & $-0.106315$ & $-0.00426541$ & $0.0236997$ & $0.0202223$ & $0.125378$ & $-0.172417$ & $-0.106088$ & $-0.0663978$ & $0.216104$ & $-0.0116567$ & $0.00147643$ & $0.0509831$ & $0.0521973$ & $-0.252037$ & $0.0060686$ & $0.166576$ & $0.316538$ & $1$ & $0.012151$ & $-0.0707071$ & $0.0310182$ & $0.0168198$ & $-0.165113$ & $-0.0400228$ & $-0.351482$ & $0.0949643$ & $0.240671$ & $-0.0330523$ & $0.0498947$ & $-0.28936$ & $-0.213584$ \\
eHWWint & $-0.366944$ & $-0.509041$ & $0.268531$ & $-0.0182486$ & $0.051642$ & $-0.00997251$ & $-0.0797181$ & $0.106159$ & $0.0904122$ & $-0.0311082$ & $-0.126682$ & $-0.0523802$ & $0.0219647$ & $0.0912007$ & $0.0435371$ & $0.0383155$ & $0.053834$ & $0.0248829$ & $0.026679$ & $0.120829$ & $0.124578$ & $0.124392$ & $-0.0168447$ & $-0.00728262$ & $0.0613015$ & $-0.0398269$ & $0.113164$ & $-0.00723352$ & $-0.010366$ & $-0.0645387$ & $-0.00903439$ & $-0.0983159$ & $-0.0759095$ & $0.0423922$ & $0.0525792$ & $0.012151$ & $1$ & $-0.011888$ & $0.0155875$ & $-0.0367261$ & $0.114904$ & $0.140069$ & $-0.0290358$ & $-0.490249$ & $-0.0376935$ & $0.313568$ & $0.0178694$ & $0.0172316$ & $0.109854$ \\
eHWWpar & $0.0296143$ & $0.0492968$ & $-0.00417209$ & $-0.00673976$ & $0.0207462$ & $-0.0318302$ & $-0.00365848$ & $0.00822996$ & $0.0146418$ & $-0.0307721$ & $0.00370576$ & $-0.0413053$ & $0.0296934$ & $-0.0219801$ & $-0.0604587$ & $-0.0576848$ & $-0.00716275$ & $0.0170731$ & $0.0140778$ & $-0.00853842$ & $0.00634954$ & $0.0038641$ & $-0.0395661$ & $-0.0287351$ & $0.0366964$ & $0.0587429$ & $0.154232$ & $0.00784555$ & $-0.037073$ & $-0.00265716$ & $0.00391248$ & $-0.00897646$ & $-0.0114116$ & $0.0711086$ & $-0.0621849$ & $-0.0707071$ & $-0.011888$ & $1$ & $0.298751$ & $0.00209353$ & $0.137118$ & $-0.033224$ & $0.180195$ & $-0.0410218$ & $-0.0115438$ & $0.194194$ & $-0.0124307$ & $-0.134871$ & $-0.0244971$ \\
eHZZint & $-0.103116$ & $0.288827$ & $0.0959457$ & $-0.0309928$ & $0.0269168$ & $-0.0177652$ & $-0.0141556$ & $0.0979045$ & $0.104414$ & $-0.116989$ & $-0.0891664$ & $-0.170411$ & $0.138321$ & $0.0261918$ & $0.0750727$ & $0.0509484$ & $-0.0241446$ & $-0.0614356$ & $-0.0479915$ & $0.0945002$ & $0.0910325$ & $0.0885694$ & $-0.0439854$ & $-0.0692884$ & $-0.0617449$ & $-0.0364571$ & $-0.0317717$ & $0.0310657$ & $-0.0387471$ & $0.049071$ & $0.00380218$ & $-0.021591$ & $0.0367004$ & $0.0202874$ & $-0.340745$ & $0.0310182$ & $0.0155875$ & $0.298751$ & $1$ & $0.236313$ & $0.308157$ & $-0.0939293$ & $0.220567$ & $0.240609$ & $-0.155535$ & $0.451987$ & $-0.0225223$ & $0.0631718$ & $-0.0959002$ \\
eHZZpar & $0.020747$ & $0.0857563$ & $0.0762771$ & $-0.0702425$ & $-1.34332e-05$ & $0.0294477$ & $0.0319462$ & $0.0131136$ & $0.0116748$ & $-0.0688286$ & $0.0368434$ & $-0.0586282$ & $0.049694$ & $-0.0773669$ & $0.00258125$ & $-0.0165492$ & $-0.114427$ & $-0.0971364$ & $-0.0827485$ & $-0.0369064$ & $-0.0355961$ & $-0.0319859$ & $0.0382036$ & $-0.0670806$ & $-0.0893846$ & $-0.00949246$ & $0.00860374$ & $0.00466997$ & $0.0319136$ & $0.0104533$ & $0.0190833$ & $0.0335186$ & $0.000624395$ & $0.000343604$ & $-0.148918$ & $0.0168198$ & $-0.0367261$ & $0.00209353$ & $0.236313$ & $1$ & $0.0108104$ & $-0.0418713$ & $-0.132536$ & $-0.0155154$ & $-0.0416849$ & $0.16401$ & $-0.0739073$ & $0.0741869$ & $-0.130242$ \\
eHZgaint & $-0.134053$ & $0.0170864$ & $0.224971$ & $-0.0759387$ & $0.0303915$ & $0.0361353$ & $-0.0461996$ & $0.118324$ & $0.11784$ & $-0.127056$ & $-0.0684939$ & $-0.136773$ & $0.130365$ & $-0.0254499$ & $-0.0101477$ & $-0.034162$ & $-0.102248$ & $-0.0810126$ & $-0.059138$ & $0.0627573$ & $0.0808907$ & $0.0821551$ & $-0.0107525$ & $-0.11394$ & $-0.0525624$ & $-0.00371266$ & $0.202115$ & $0.0123408$ & $0.0447632$ & $0.0247662$ & $0.00794693$ & $-0.0542296$ & $0.0423308$ & $0.103497$ & $-0.175079$ & $-0.165113$ & $0.114904$ & $0.137118$ & $0.308157$ & $0.0108104$ & $1$ & $-0.0768846$ & $0.0617908$ & $-0.0493366$ & $-0.454793$ & $0.377646$ & $-0.0975148$ & $-0.279685$ & $0.0513969$ \\
eHZgapar & $0.094544$ & $-0.0347622$ & $0.0007967$ & $-0.0413537$ & $0.018868$ & $0.044922$ & $0.0371835$ & $-0.0139711$ & $-0.0101648$ & $0.0208106$ & $0.0258548$ & $0.0263514$ & $0.00825393$ & $-0.0436799$ & $-0.000233913$ & $0.0064155$ & $-0.0167865$ & $-0.0235581$ & $-0.0267983$ & $-0.025253$ & $-0.0260371$ & $-0.0282302$ & $-0.0350359$ & $-0.0145766$ & $-0.0315837$ & $0.0488491$ & $-0.025902$ & $-0.0524349$ & $0.00111415$ & $0.00110767$ & $0.0210472$ & $0.0383828$ & $0.0230261$ & $-0.00766725$ & $0.0603215$ & $-0.0400228$ & $0.140069$ & $-0.033224$ & $-0.0939293$ & $-0.0418713$ & $-0.0768846$ & $1$ & $-0.00405274$ & $-0.0971127$ & $0.171592$ & $-0.0780763$ & $-0.0798216$ & $-0.00750556$ & $0.0946121$ \\
eHgagaint & $-0.067953$ & $-0.0223752$ & $0.205011$ & $0.439351$ & $0.0498426$ & $0.0156907$ & $0.0764561$ & $0.0575613$ & $0.0887401$ & $-0.0401209$ & $-0.0893726$ & $-0.0112876$ & $-0.0180122$ & $0.0714137$ & $0.13319$ & $0.112564$ & $0.0667488$ & $-0.0186093$ & $-0.00502755$ & $0.0990614$ & $0.080542$ & $0.0802756$ & $-0.0509941$ & $0.0381091$ & $-0.0179887$ & $-0.0378657$ & $-0.141104$ & $-0.000452128$ & $-0.0739124$ & $0.00423525$ & $-0.0171693$ & $0.0676528$ & $0.0251576$ & $-0.0655845$ & $-0.351654$ & $-0.351482$ & $-0.0290358$ & $0.180195$ & $0.220567$ & $-0.132536$ & $0.0617908$ & $-0.00405274$ & $1$ & $0.124117$ & $-0.243259$ & $-0.130978$ & $-0.00303673$ & $0.52794$ & $-0.0148474$ \\
eHmumuint & $-0.183551$ & $0.485016$ & $-0.0261545$ & $-0.0176145$ & $-1.15096e-05$ & $0.0516771$ & $0.0927104$ & $-0.0299609$ & $-0.0174809$ & $0.0210018$ & $-0.0143178$ & $0.0404181$ & $-0.0345225$ & $0.0810306$ & $0.137703$ & $0.109056$ & $0.0462184$ & $-0.0109484$ & $0.00823659$ & $0.034316$ & $0.000573414$ & $-0.00426712$ & $-0.0450742$ & $0.101698$ & $-0.0237443$ & $-0.0213891$ & $-0.286871$ & $0.04362$ & $0.0307851$ & $0.0524248$ & $0.0823526$ & $0.101776$ & $0.0421726$ & $-0.157798$ & $-0.394284$ & $0.0949643$ & $-0.490249$ & $-0.0410218$ & $0.240609$ & $-0.0155154$ & $-0.0493366$ & $-0.0971127$ & $0.124117$ & $1$ & $0.0728925$ & $-0.0403443$ & $0.265513$ & $0.0889842$ & $-0.271946$ \\
eHtautauint & $-0.145592$ & $-0.101558$ & $-0.30308$ & $0.00847032$ & $-0.0343969$ & $-0.00556655$ & $-0.0116467$ & $-0.00663032$ & $-0.0197318$ & $0.0341791$ & $0.00221312$ & $0.053955$ & $-0.046072$ & $0.00498209$ & $-0.0387153$ & $-0.00162342$ & $0.00970162$ & $0.0337143$ & $0.00364988$ & $-0.00650288$ & $-0.0023829$ & $-0.005524$ & $0.0231745$ & $-0.0107626$ & $0.00477809$ & $-0.0156918$ & $-0.0210977$ & $0.00184416$ & $-0.00566476$ & $-0.00663616$ & $-0.00302883$ & $-0.00823255$ & $-0.0531833$ & $0.0289575$ & $0.14828$ & $0.240671$ & $-0.0376935$ & $-0.0115438$ & $-0.155535$ & $-0.0416849$ & $-0.454793$ & $0.171592$ & $-0.243259$ & $0.0728925$ & $1$ & $-0.0470776$ & $0.357646$ & $-0.147774$ & $-0.128613$ \\
eHccint & $-0.31276$ & $-0.179983$ & $0.138669$ & $-0.0706838$ & $0.0436429$ & $-0.0166416$ & $0.0550669$ & $0.061591$ & $0.0596456$ & $-0.0445018$ & $-0.09336$ & $-0.0875356$ & $0.0424962$ & $0.100306$ & $0.054493$ & $0.100828$ & $0.057564$ & $0.0394237$ & $0.0032389$ & $0.0975789$ & $0.0878907$ & $0.0883401$ & $-0.113122$ & $0.0274558$ & $0.0360079$ & $0.0239862$ & $-0.0485906$ & $0.0577742$ & $-0.0237089$ & $-0.0183059$ & $0.00956212$ & $0.0394231$ & $-0.028605$ & $-0.000596134$ & $-0.16148$ & $-0.0330523$ & $0.313568$ & $0.194194$ & $0.451987$ & $0.16401$ & $0.377646$ & $-0.0780763$ & $-0.130978$ & $-0.0403443$ & $-0.0470776$ & $1$ & $-0.0138952$ & $-0.0702769$ & $0.164704$ \\
eHccpar & $-0.446434$ & $0.187421$ & $-0.26072$ & $-0.0711709$ & $-0.0186176$ & $-0.0243709$ & $0.0430592$ & $-0.0824316$ & $-0.0807602$ & $0.113528$ & $0.0307922$ & $0.17875$ & $-0.177312$ & $0.0647332$ & $0.00222273$ & $0.0133266$ & $0.0950625$ & $0.0899272$ & $0.0819225$ & $-0.0251863$ & $-0.034154$ & $-0.0375712$ & $0.00698806$ & $0.120246$ & $0.102233$ & $-0.00298003$ & $-0.0867461$ & $-0.0222125$ & $0.0173164$ & $-0.0714348$ & $0.0930277$ & $0.0323445$ & $-0.100206$ & $-0.0710165$ & $-0.146199$ & $0.0498947$ & $0.0178694$ & $-0.0124307$ & $-0.0225223$ & $-0.0739073$ & $-0.0975148$ & $-0.0798216$ & $-0.00303673$ & $0.265513$ & $0.357646$ & $-0.0138952$ & $1$ & $0.194193$ & $-0.249839$ \\
eHbbint & $-0.177868$ & $-0.0448608$ & $0.00454112$ & $0.211331$ & $0.0474643$ & $0.0578504$ & $0.161143$ & $-0.147513$ & $-0.121037$ & $0.109667$ & $0.0664519$ & $0.0981293$ & $-0.114047$ & $0.0915313$ & $0.15476$ & $0.109044$ & $0.133043$ & $0.0486665$ & $0.0815043$ & $-0.0436895$ & $-0.0926003$ & $-0.0896859$ & $-0.0487431$ & $0.197067$ & $0.0549909$ & $0.00682177$ & $-0.428456$ & $-0.0336493$ & $-0.0240965$ & $-0.0485925$ & $0.0116563$ & $0.15358$ & $-0.00582882$ & $-0.281185$ & $-0.345313$ & $-0.28936$ & $0.0172316$ & $-0.134871$ & $0.0631718$ & $0.0741869$ & $-0.279685$ & $-0.00750556$ & $0.52794$ & $0.0889842$ & $-0.147774$ & $-0.0702769$ & $0.194193$ & $1$ & $0.0668905$ \\
eHbbpar & $0.0665727$ & $-0.2566$ & $0.0693504$ & $-0.0713844$ & $0.0400335$ & $-0.00881271$ & $0.0736571$ & $-0.0763935$ & $-0.068484$ & $0.023131$ & $0.0742368$ & $-0.0095049$ & $0.0203838$ & $-0.032409$ & $0.0290696$ & $0.0381612$ & $0.00208992$ & $-0.0118622$ & $-0.0181896$ & $-0.0666516$ & $-0.0838117$ & $-0.0810351$ & $-0.0814142$ & $0.0493296$ & $-0.0198267$ & $0.0833403$ & $-0.163584$ & $-0.0471524$ & $-0.0826039$ & $-0.0103054$ & $-0.038985$ & $0.073645$ & $0.13163$ & $-0.0979118$ & $-0.0330292$ & $-0.213584$ & $0.109854$ & $-0.0244971$ & $-0.0959002$ & $-0.130242$ & $0.0513969$ & $0.0946121$ & $-0.0148474$ & $-0.271946$ & $-0.128613$ & $0.164704$ & $-0.249839$ & $0.0668905$ & $1$ \\
