 & AlsMz & dAle5Mz & mtop & mHl & Mz & CW & CHG & CHWB & CHWHB_gaga & CHWHB_gagaorth & CHD & CHbox & CH & CHL1_11 & CHL1_22 & CHL1_33 & CHL3_11 & CHL3_22 & CHL3_33 & CHe_11 & CHe_22 & CHe_33 & CHQ1_11 & CHQ1_33 & CHQ3_11 & CHu_11 & CHd_11 & CHd_33 & CeH_22r & CeH_33r & CuH_22r & CuH_33r & CdH_33r & CLL_1221 & eHggint & eHggpar & eHWWint & eHWWpar & eHZZint & eHZZpar & eHZgaint & eHZgapar & eHgagaint & eHmumuint & eHtautauint & eHccint & eHccpar & eHbbint & eHbbpar \\
AlsMz & $1$ & $-0.0991043$ & $-0.0244214$ & $0.15871$ & $-0.00317186$ & $-0.0283154$ & $-0.0141067$ & $-0.0126342$ & $-0.0177619$ & $-0.0280995$ & $0.00622378$ & $-0.00660226$ & $-0.0497429$ & $-0.0278958$ & $0.0232045$ & $0.0434384$ & $0.0144532$ & $-0.0123421$ & $-0.0244046$ & $-0.00811344$ & $-0.016373$ & $-0.019148$ & $-0.0278429$ & $0.000409223$ & $-0.0972504$ & $-0.0132542$ & $-0.0767933$ & $0.0513369$ & $-0.0630122$ & $-0.0174798$ & $-0.0432718$ & $-0.0267085$ & $-0.00472605$ & $-0.0255003$ & $-0.116233$ & $0.0028373$ & $0.0557477$ & $-0.00740812$ & $-0.059908$ & $0.0107185$ & $0.0848132$ & $-0.0218536$ & $-0.0603027$ & $0.0590934$ & $-0.0108732$ & $0.115055$ & $-0.208531$ & $0.114165$ & $-0.00455547$ \\
dAle5Mz & $-0.0991043$ & $1$ & $0.175036$ & $0.138128$ & $-0.02756$ & $0.0206194$ & $-0.0187182$ & $-0.0631174$ & $-0.070744$ & $0.0435426$ & $0.0649061$ & $-0.0368235$ & $0.0240523$ & $-0.0415452$ & $-0.0987817$ & $-0.0929148$ & $-0.00379602$ & $0.0313806$ & $0.0291314$ & $-0.0602819$ & $-0.0442074$ & $-0.0461952$ & $0.0306057$ & $0.0189322$ & $0.0369772$ & $0.0398987$ & $0.0900406$ & $0.00280634$ & $0.0306571$ & $-0.0138308$ & $-0.0271978$ & $-0.0206111$ & $-0.0565692$ & $0.0744904$ & $0.201497$ & $-0.230854$ & $0.2077$ & $0.0257547$ & $-0.0213646$ & $0.0271508$ & $-0.130848$ & $0.0470555$ & $-0.0380963$ & $0.0697652$ & $-0.0209282$ & $-0.17271$ & $-0.107919$ & $-0.102901$ & $-0.126062$ \\
mtop & $-0.0244214$ & $0.175036$ & $1$ & $0.0770027$ & $-0.0300827$ & $0.00311235$ & $0.0065242$ & $-0.0247046$ & $-0.0200719$ & $0.0163289$ & $0.0175836$ & $-0.0353627$ & $0.00648795$ & $0.006174$ & $-0.00989216$ & $0.0269024$ & $0.0201665$ & $0.0259104$ & $0.00560534$ & $-0.0112584$ & $-0.0147226$ & $-0.00441397$ & $-0.0624215$ & $0.0245153$ & $0.00121231$ & $0.038048$ & $-0.0494706$ & $-0.0168739$ & $0.010603$ & $0.0169199$ & $-0.0111348$ & $0.00756456$ & $-0.0092287$ & $0.000299619$ & $-0.174171$ & $0.195$ & $-0.027843$ & $0.0431544$ & $-0.0481222$ & $0.0193521$ & $0.190128$ & $0.0028997$ & $0.125387$ & $0.155591$ & $-0.205058$ & $0.153787$ & $-0.10613$ & $-0.0769265$ & $-0.0365265$ \\
mHl & $0.15871$ & $0.138128$ & $0.0770027$ & $1$ & $-0.0442053$ & $0.00478844$ & $0.00974968$ & $-0.0535038$ & $-0.0597927$ & $-0.0459472$ & $0.0456761$ & $-0.100416$ & $-0.0332501$ & $-0.0137512$ & $0.0610661$ & $0.0142902$ & $0.000572159$ & $-0.0324022$ & $0.000659214$ & $-0.0374478$ & $-0.0521986$ & $-0.05346$ & $0.00544321$ & $0.0495132$ & $-0.0429522$ & $0.00761313$ & $-0.116672$ & $0.0125197$ & $0.0114793$ & $-0.060148$ & $-0.0793656$ & $0.00440209$ & $0.00714531$ & $-0.104096$ & $-0.0846557$ & $0.00990481$ & $0.00397639$ & $0.0198823$ & $0.178435$ & $0.0301065$ & $0.106672$ & $-0.0390096$ & $-0.155855$ & $0.318898$ & $0.0785042$ & $-0.256231$ & $-0.26107$ & $0.015211$ & $0.238385$ \\
Mz & $-0.00317186$ & $-0.02756$ & $-0.0300827$ & $-0.0442053$ & $1$ & $-0.0123671$ & $-0.0152295$ & $0.0444433$ & $0.0450969$ & $-0.0361242$ & $-0.0407271$ & $-0.0194003$ & $0.0408666$ & $0.0211418$ & $0.0368639$ & $0.0171258$ & $0.0145427$ & $-0.0113518$ & $0.0038022$ & $0.0461231$ & $0.048495$ & $0.0494116$ & $-0.0261665$ & $-0.0106089$ & $0.0038336$ & $-0.0105271$ & $0.0305624$ & $-0.0362241$ & $-0.0428465$ & $0.0197645$ & $0.0330954$ & $-0.00227711$ & $0.019805$ & $0.0102995$ & $0.0102525$ & $0.0107677$ & $0.0491939$ & $-0.00432851$ & $0.00527279$ & $-0.00320534$ & $-0.0110959$ & $0.0586007$ & $0.00360653$ & $0.0218033$ & $-0.0387421$ & $0.0299927$ & $-0.00264377$ & $-0.0361142$ & $-0.0372023$ \\
CW & $-0.0283154$ & $0.0206194$ & $0.00311235$ & $0.00478844$ & $-0.0123671$ & $1$ & $0.0427294$ & $-0.0564883$ & $-0.0627703$ & $0.0569606$ & $0.16961$ & $0.0925074$ & $-0.0766997$ & $-0.0294932$ & $-0.0630221$ & $-0.0937241$ & $-0.383925$ & $-0.190049$ & $-0.166551$ & $-0.166727$ & $-0.173763$ & $-0.172754$ & $-0.010489$ & $-0.108655$ & $-0.224615$ & $0.112666$ & $-0.0897112$ & $-0.0431307$ & $-0.012864$ & $-0.0674999$ & $-0.0442236$ & $0.0496142$ & $-0.067619$ & $-0.135852$ & $0.0213837$ & $-0.0278323$ & $0.0145986$ & $0.0422964$ & $-0.00765026$ & $0.00710925$ & $0.0217246$ & $0.0127343$ & $-0.0630681$ & $-0.0547324$ & $0.00431308$ & $-0.00360079$ & $-0.0544965$ & $0.0140122$ & $0.0142198$ \\
CHG & $-0.0141067$ & $-0.0187182$ & $0.0065242$ & $0.00974968$ & $-0.0152295$ & $0.0427294$ & $1$ & $-0.0419316$ & $-0.0225282$ & $0.212945$ & $0.0760822$ & $0.225857$ & $-0.763608$ & $-0.0752201$ & $-0.0342832$ & $-0.0175484$ & $-0.0790447$ & $-0.0527331$ & $-0.0611107$ & $-0.0730932$ & $-0.0782702$ & $-0.0739034$ & $0.027029$ & $-0.0263242$ & $-0.0720962$ & $0.02698$ & $-0.0486438$ & $0.00384098$ & $-0.148511$ & $-0.584977$ & $-0.364011$ & $0.956214$ & $-0.61927$ & $-0.019674$ & $-0.0261411$ & $-0.0646128$ & $0.105093$ & $0.0412278$ & $0.0871265$ & $0.0146263$ & $-0.0240598$ & $0.0809776$ & $-0.150072$ & $-0.0621963$ & $0.0971762$ & $-0.0674785$ & $-0.0206952$ & $-0.00652157$ & $-0.076786$ \\
CHWB & $-0.0126342$ & $-0.0631174$ & $-0.0247046$ & $-0.0535038$ & $0.0444433$ & $-0.0564883$ & $-0.0419316$ & $1$ & $0.989042$ & $-0.558465$ & $-0.871615$ & $-0.19739$ & $0.0451653$ & $0.285974$ & $0.463541$ & $0.476446$ & $-0.20237$ & $-0.388996$ & $-0.404733$ & $0.855573$ & $0.885303$ & $0.87569$ & $0.0107415$ & $-0.608723$ & $-0.367484$ & $-0.600874$ & $0.367033$ & $0.36712$ & $-0.014372$ & $0.0596226$ & $0.0742524$ & $-0.0399381$ & $0.0621492$ & $0.496588$ & $0.0308133$ & $-0.0349526$ & $0.0302538$ & $-0.0275094$ & $-0.0322109$ & $0.0230252$ & $0.0736099$ & $-0.0231831$ & $0.0164852$ & $0.0563177$ & $-0.0270626$ & $0.024561$ & $-0.0063475$ & $0.0167189$ & $-0.031396$ \\
CHWHB_gaga & $-0.0177619$ & $-0.070744$ & $-0.0200719$ & $-0.0597927$ & $0.0450969$ & $-0.0627703$ & $-0.0225282$ & $0.989042$ & $1$ & $-0.553499$ & $-0.862431$ & $-0.192362$ & $0.0556938$ & $0.282541$ & $0.463022$ & $0.478045$ & $-0.199707$ & $-0.386443$ & $-0.403013$ & $0.847074$ & $0.875152$ & $0.866604$ & $0.00890376$ & $-0.601807$ & $-0.364071$ & $-0.594296$ & $0.357806$ & $0.360278$ & $-0.00774918$ & $0.0800409$ & $0.0900033$ & $-0.0233352$ & $0.0814382$ & $0.486957$ & $0.0273477$ & $-0.0266878$ & $0.0329724$ & $-0.0276689$ & $-0.0389822$ & $0.0248784$ & $0.0731802$ & $-0.0258342$ & $0.0539548$ & $0.0647024$ & $-0.0325595$ & $0.0268312$ & $0.00654879$ & $0.0129145$ & $-0.0277132$ \\
CHWHB_gagaorth & $-0.0280995$ & $0.0435426$ & $0.0163289$ & $-0.0459472$ & $-0.0361242$ & $0.0569606$ & $0.212945$ & $-0.558465$ & $-0.553499$ & $1$ & $0.477239$ & $0.491595$ & $-0.264412$ & $-0.128941$ & $-0.255793$ & $-0.275877$ & $0.123109$ & $0.235007$ & $0.255223$ & $-0.468979$ & $-0.484878$ & $-0.47468$ & $-0.0105985$ & $0.343463$ & $0.224092$ & $0.317623$ & $-0.212491$ & $-0.220459$ & $-0.0456865$ & $-0.253012$ & $-0.167289$ & $0.214101$ & $-0.27352$ & $-0.286182$ & $0.0354032$ & $0.00561277$ & $0.00760953$ & $0.0174946$ & $0.0334428$ & $-0.0174558$ & $-0.100146$ & $0.0329071$ & $-0.023006$ & $-0.0853727$ & $0.0359399$ & $-0.00589678$ & $0.0325537$ & $-0.00779394$ & $0.00863191$ \\
CHD & $0.00622378$ & $0.0649061$ & $0.0175836$ & $0.0456761$ & $-0.0407271$ & $0.16961$ & $0.0760822$ & $-0.871615$ & $-0.862431$ & $0.477239$ & $1$ & $0.273759$ & $-0.0903033$ & $-0.675867$ & $-0.580577$ & $-0.59143$ & $-0.273981$ & $-0.0387447$ & $-0.0224955$ & $-0.995056$ & $-0.994857$ & $-0.982137$ & $0.0527497$ & $0.190977$ & $-0.0702588$ & $0.674969$ & $-0.226176$ & $-0.404107$ & $0.00980486$ & $-0.0916507$ & $-0.11043$ & $0.0816126$ & $-0.10843$ & $-0.291465$ & $0.0218429$ & $0.0283516$ & $-0.011217$ & $0.021715$ & $0.0635817$ & $-0.0156796$ & $-0.064365$ & $0.0387857$ & $-0.0186763$ & $-0.0553178$ & $0.0628675$ & $0.0118911$ & $0.00370253$ & $0.0162177$ & $0.04387$ \\
CHbox & $-0.00660226$ & $-0.0368235$ & $-0.0353627$ & $-0.100416$ & $-0.0194003$ & $0.0925074$ & $0.225857$ & $-0.19739$ & $-0.192362$ & $0.491595$ & $0.273759$ & $1$ & $-0.285337$ & $-0.227704$ & $-0.122245$ & $-0.125814$ & $-0.173778$ & $-0.107112$ & $-0.101699$ & $-0.266971$ & $-0.277557$ & $-0.269376$ & $0.0396416$ & $-0.0199499$ & $-0.117686$ & $0.15103$ & $-0.0980659$ & $-0.0963961$ & $-0.0589071$ & $-0.14961$ & $-0.120847$ & $0.252101$ & $-0.154048$ & $-0.0946497$ & $0.0780594$ & $0.0453423$ & $0.0612161$ & $0.0445404$ & $0.0695151$ & $-0.0542033$ & $-0.0172198$ & $0.0622898$ & $-0.115416$ & $-0.170855$ & $0.0882542$ & $-0.0754621$ & $0.0618258$ & $0.0154856$ & $-0.0433826$ \\
CH & $-0.0497429$ & $0.0240523$ & $0.00648795$ & $-0.0332501$ & $0.0408666$ & $-0.0766997$ & $-0.763608$ & $0.0451653$ & $0.0556938$ & $-0.264412$ & $-0.0903033$ & $-0.285337$ & $1$ & $0.0918487$ & $0.0177044$ & $0.0189405$ & $0.110242$ & $0.0859576$ & $0.0843855$ & $0.0852313$ & $0.0945166$ & $0.092006$ & $-0.0338425$ & $0.0451864$ & $0.109574$ & $-0.027481$ & $0.0814054$ & $-0.0185397$ & $0.19699$ & $0.724773$ & $0.446472$ & $-0.678613$ & $0.745764$ & $0.0455433$ & $0.0504333$ & $0.0979126$ & $-0.066342$ & $-0.0559271$ & $-0.114184$ & $-0.0168043$ & $0.0450528$ & $-0.0496266$ & $0.168543$ & $0.0668833$ & $-0.148645$ & $0.0868251$ & $0.0404927$ & $-0.0278538$ & $0.0516811$ \\
CHL1_11 & $-0.0278958$ & $-0.0415452$ & $0.006174$ & $-0.0137512$ & $0.0211418$ & $-0.0294932$ & $-0.0752201$ & $0.285974$ & $0.282541$ & $-0.128941$ & $-0.675867$ & $-0.227704$ & $0.0918487$ & $1$ & $0.434674$ & $0.422658$ & $0.627413$ & $0.575298$ & $0.57565$ & $0.68646$ & $0.647536$ & $0.634704$ & $-0.114059$ & $0.439013$ & $0.581145$ & $-0.441378$ & $-0.0921938$ & $0.254336$ & $-0.0054071$ & $0.0776086$ & $0.0925778$ & $-0.0868135$ & $0.108145$ & $-0.192815$ & $-0.0895429$ & $-0.0165429$ & $-0.0340248$ & $-0.00342585$ & $-0.0766905$ & $-0.0061411$ & $0.0334729$ & $-0.0372213$ & $-0.00420547$ & $0.023752$ & $-0.0741611$ & $-0.065109$ & $-0.0025088$ & $-0.0435604$ & $-0.0239683$ \\
CHL1_22 & $0.0232045$ & $-0.0987817$ & $-0.00989216$ & $0.0610661$ & $0.0368639$ & $-0.0630221$ & $-0.0342832$ & $0.463541$ & $0.463022$ & $-0.255793$ & $-0.580577$ & $-0.122245$ & $0.0177044$ & $0.434674$ & $1$ & $0.527584$ & $0.177407$ & $-0.304579$ & $0.0136911$ & $0.620778$ & $0.523927$ & $0.513379$ & $-0.195512$ & $0.0625683$ & $-0.0671728$ & $-0.353022$ & $-0.33058$ & $0.241279$ & $0.0162551$ & $0.0513408$ & $0.0569432$ & $-0.0439489$ & $0.066684$ & $-0.498375$ & $-0.0776825$ & $0.0140039$ & $-0.0466938$ & $0.0189623$ & $0.00730792$ & $0.00878158$ & $0.0267468$ & $-0.0134677$ & $-0.00845449$ & $-0.0200976$ & $-0.0642926$ & $-0.0124006$ & $-0.0330089$ & $-0.0127622$ & $0.0257351$ \\
CHL1_33 & $0.0434384$ & $-0.0929148$ & $0.0269024$ & $0.0142902$ & $0.0171258$ & $-0.0937241$ & $-0.0175484$ & $0.476446$ & $0.478045$ & $-0.275877$ & $-0.59143$ & $-0.125814$ & $0.0189405$ & $0.422658$ & $0.527584$ & $1$ & $0.188576$ & $0.0224751$ & $-0.2997$ & $0.630644$ & $0.537736$ & $0.547445$ & $-0.182478$ & $0.0502289$ & $-0.0453166$ & $-0.369367$ & $-0.276945$ & $0.221878$ & $-0.0223811$ & $0.0275935$ & $0.0628067$ & $-0.0215604$ & $0.0583976$ & $-0.010372$ & $-0.0890776$ & $0.0342062$ & $-0.0167561$ & $0.0266546$ & $-0.0365843$ & $-0.00778274$ & $0.0277384$ & $-0.0493677$ & $0.049489$ & $0.0244164$ & $-0.0351659$ & $-0.0120396$ & $0.0205721$ & $0.024706$ & $0.00921993$ \\
CHL3_11 & $0.0144532$ & $-0.00379602$ & $0.0201665$ & $0.000572159$ & $0.0145427$ & $-0.383925$ & $-0.0790447$ & $-0.20237$ & $-0.199707$ & $0.123109$ & $-0.273981$ & $-0.173778$ & $0.110242$ & $0.627413$ & $0.177407$ & $0.188576$ & $1$ & $0.819172$ & $0.808902$ & $0.284149$ & $0.252016$ & $0.247146$ & $-0.0888765$ & $0.739616$ & $0.848985$ & $-0.16652$ & $-0.153952$ & $0.0818391$ & $0.0129855$ & $0.0780631$ & $0.0867804$ & $-0.0924376$ & $0.100632$ & $-0.224168$ & $-0.0822416$ & $0.0227854$ & $-0.0204411$ & $0.00478226$ & $-0.058644$ & $-0.00783565$ & $-0.0196587$ & $-0.0320291$ & $0.0219522$ & $0.0121954$ & $-0.0710715$ & $-0.055296$ & $0.0181842$ & $-0.0717955$ & $-0.0425494$ \\
CHL3_22 & $-0.0123421$ & $0.0313806$ & $0.0259104$ & $-0.0324022$ & $-0.0113518$ & $-0.190049$ & $-0.0527331$ & $-0.388996$ & $-0.386443$ & $0.235007$ & $-0.0387447$ & $-0.107112$ & $0.0859576$ & $0.575298$ & $-0.304579$ & $0.0224751$ & $0.819172$ & $1$ & $0.771842$ & $0.0377051$ & $0.035827$ & $0.0361348$ & $-0.0128141$ & $0.71965$ & $0.865816$ & $-0.0269376$ & $-0.0453349$ & $-0.0175428$ & $-0.00482378$ & $0.0409096$ & $0.0506019$ & $-0.0611009$ & $0.062317$ & $-0.0312755$ & $-0.0609517$ & $0.00803837$ & $-0.00925008$ & $-0.00105098$ & $-0.0737504$ & $-0.0195683$ & $-0.0204895$ & $-0.0270078$ & $0.015594$ & $0.0195405$ & $-0.0381656$ & $-0.0611031$ & $0.0291705$ & $-0.0557264$ & $-0.0422224$ \\
CHL3_33 & $-0.0244046$ & $0.0291314$ & $0.00560534$ & $0.000659214$ & $0.0038022$ & $-0.166551$ & $-0.0611107$ & $-0.404733$ & $-0.403013$ & $0.255223$ & $-0.0224955$ & $-0.101699$ & $0.0843855$ & $0.57565$ & $0.0136911$ & $-0.2997$ & $0.808902$ & $0.771842$ & $1$ & $0.0217947$ & $0.0190239$ & $0.0180568$ & $-0.0199614$ & $0.727276$ & $0.854328$ & $-0.0083751$ & $-0.0729969$ & $-0.00979466$ & $0.0208296$ & $0.0552335$ & $0.0515035$ & $-0.0725818$ & $0.066211$ & $-0.369587$ & $-0.0558884$ & $-0.00600892$ & $-0.0260884$ & $-0.00826184$ & $-0.0498049$ & $-0.00836885$ & $-0.0200223$ & $-0.000262977$ & $-0.0201066$ & $-0.00105167$ & $-0.06065$ & $-0.0575438$ & $-0.00486467$ & $-0.077146$ & $-0.033709$ \\
CHe_11 & $-0.00811344$ & $-0.0602819$ & $-0.0112584$ & $-0.0374478$ & $0.0461231$ & $-0.166727$ & $-0.0730932$ & $0.855573$ & $0.847074$ & $-0.468979$ & $-0.995056$ & $-0.266971$ & $0.0852313$ & $0.68646$ & $0.620778$ & $0.630644$ & $0.284149$ & $0.0377051$ & $0.0217947$ & $1$ & $0.984949$ & $0.972568$ & $-0.0688994$ & $-0.157565$ & $0.0743602$ & $-0.669588$ & $0.17396$ & $0.401911$ & $-0.00923866$ & $0.0882312$ & $0.107786$ & $-0.0792459$ & $0.106418$ & $0.236541$ & $-0.0284668$ & $-0.0257916$ & $0.00861694$ & $-0.0182182$ & $-0.0626936$ & $0.0140866$ & $0.0609049$ & $-0.03731$ & $0.0191669$ & $0.0531366$ & $-0.0671401$ & $-0.0166239$ & $-0.00785687$ & $-0.0184998$ & $-0.0395409$ \\
CHe_22 & $-0.016373$ & $-0.0442074$ & $-0.0147226$ & $-0.0521986$ & $0.048495$ & $-0.173763$ & $-0.0782702$ & $0.885303$ & $0.875152$ & $-0.484878$ & $-0.994857$ & $-0.277557$ & $0.0945166$ & $0.647536$ & $0.523927$ & $0.537736$ & $0.252016$ & $0.035827$ & $0.0190239$ & $0.984949$ & $1$ & $0.985331$ & $-0.0298216$ & $-0.234059$ & $0.0608652$ & $-0.676737$ & $0.289786$ & $0.40321$ & $-0.00943748$ & $0.0929617$ & $0.111407$ & $-0.0828402$ & $0.106795$ & $0.359535$ & $-0.00869923$ & $-0.0357924$ & $0.0198117$ & $-0.0255956$ & $-0.0654137$ & $0.0176102$ & $0.064406$ & $-0.0365146$ & $0.018577$ & $0.0614126$ & $-0.0622056$ & $-0.0113288$ & $-0.00381915$ & $-0.0186496$ & $-0.0509091$ \\
CHe_33 & $-0.019148$ & $-0.0461952$ & $-0.00441397$ & $-0.05346$ & $0.0494116$ & $-0.172754$ & $-0.0739034$ & $0.87569$ & $0.866604$ & $-0.47468$ & $-0.982137$ & $-0.269376$ & $0.092006$ & $0.634704$ & $0.513379$ & $0.547445$ & $0.247146$ & $0.0361348$ & $0.0180568$ & $0.972568$ & $0.985331$ & $1$ & $-0.0225434$ & $-0.233143$ & $0.0602871$ & $-0.670766$ & $0.291817$ & $0.395975$ & $-0.0127447$ & $0.0904504$ & $0.111498$ & $-0.0769275$ & $0.103741$ & $0.362858$ & $-0.0131222$ & $-0.0313402$ & $0.0263932$ & $-0.0235883$ & $-0.0642041$ & $0.0138105$ & $0.0679325$ & $-0.0338962$ & $0.0229371$ & $0.0696692$ & $-0.0613855$ & $-0.00838642$ & $-0.00014415$ & $-0.0177353$ & $-0.0508593$ \\
CHQ1_11 & $-0.0278429$ & $0.0306057$ & $-0.0624215$ & $0.00544321$ & $-0.0261665$ & $-0.010489$ & $0.027029$ & $0.0107415$ & $0.00890376$ & $-0.0105985$ & $0.0527497$ & $0.0396416$ & $-0.0338425$ & $-0.114059$ & $-0.195512$ & $-0.182478$ & $-0.0888765$ & $-0.0128141$ & $-0.0199614$ & $-0.0688994$ & $-0.0298216$ & $-0.0225434$ & $1$ & $-0.124008$ & $0.0419431$ & $-0.561102$ & $0.345184$ & $-0.04002$ & $-0.00387611$ & $-0.0457825$ & $-0.0366738$ & $0.021853$ & $-0.0663264$ & $0.195688$ & $0.0494192$ & $-0.0260907$ & $0.0701346$ & $-0.00616592$ & $-0.0433342$ & $0.0134551$ & $0.0216527$ & $0.0162274$ & $-0.0661425$ & $0.00181327$ & $0.0499282$ & $-0.0419056$ & $0.0202539$ & $0.0140082$ & $-0.0823138$ \\
CHQ1_33 & $0.000409223$ & $0.0189322$ & $0.0245153$ & $0.0495132$ & $-0.0106089$ & $-0.108655$ & $-0.0263242$ & $-0.608723$ & $-0.601807$ & $0.343463$ & $0.190977$ & $-0.0199499$ & $0.0451864$ & $0.439013$ & $0.0625683$ & $0.0502289$ & $0.739616$ & $0.71965$ & $0.727276$ & $-0.157565$ & $-0.234059$ & $-0.233143$ & $-0.124008$ & $1$ & $0.740825$ & $0.155535$ & $-0.396241$ & $-0.0247253$ & $0.00911586$ & $0.0252593$ & $0.0234859$ & $-0.0338509$ & $0.0499038$ & $-0.596562$ & $-0.10907$ & $0.0374614$ & $-0.0457874$ & $0.0235373$ & $-0.0311448$ & $-0.0158518$ & $-0.0546683$ & $-0.000138087$ & $-0.00101771$ & $-0.0173368$ & $-0.0275858$ & $-0.0553845$ & $0.0130765$ & $-0.0455922$ & $0.0044794$ \\
CHQ3_11 & $-0.0972504$ & $0.0369772$ & $0.00121231$ & $-0.0429522$ & $0.0038336$ & $-0.224615$ & $-0.0720962$ & $-0.367484$ & $-0.364071$ & $0.224092$ & $-0.0702588$ & $-0.117686$ & $0.109574$ & $0.581145$ & $-0.0671728$ & $-0.0453166$ & $0.848985$ & $0.865816$ & $0.854328$ & $0.0743602$ & $0.0608652$ & $0.0602871$ & $0.0419431$ & $0.740825$ & $1$ & $-0.0362682$ & $0.120745$ & $-0.00604157$ & $0.0221081$ & $0.0648874$ & $0.0738089$ & $-0.0800403$ & $0.0738323$ & $-0.225538$ & $-0.0383133$ & $-0.00688011$ & $0.0100307$ & $0.00865435$ & $-0.0849059$ & $0.00820183$ & $-0.0192799$ & $-0.00783876$ & $0.023183$ & $0.0248132$ & $-0.0365758$ & $-0.0678342$ & $0.0421263$ & $-0.0773475$ & $-0.0658921$ \\
CHu_11 & $-0.0132542$ & $0.0398987$ & $0.038048$ & $0.00761313$ & $-0.0105271$ & $0.112666$ & $0.02698$ & $-0.600874$ & $-0.594296$ & $0.317623$ & $0.674969$ & $0.15103$ & $-0.027481$ & $-0.441378$ & $-0.353022$ & $-0.369367$ & $-0.16652$ & $-0.0269376$ & $-0.0083751$ & $-0.669588$ & $-0.676737$ & $-0.670766$ & $-0.561102$ & $0.155535$ & $-0.0362682$ & $1$ & $-0.165897$ & $-0.268177$ & $0.0211361$ & $-0.0251023$ & $-0.0517724$ & $0.0337242$ & $-0.0351522$ & $-0.244984$ & $0.0233843$ & $0.0314672$ & $-0.03076$ & $0.00302932$ & $0.0519974$ & $0.0178195$ & $-0.0534044$ & $0.0208065$ & $0.0328167$ & $-0.0258118$ & $0.0283671$ & $0.0459241$ & $-0.0155963$ & $-0.0038923$ & $0.0627586$ \\
CHd_11 & $-0.0767933$ & $0.0900406$ & $-0.0494706$ & $-0.116672$ & $0.0305624$ & $-0.0897112$ & $-0.0486438$ & $0.367033$ & $0.357806$ & $-0.212491$ & $-0.226176$ & $-0.0980659$ & $0.0814054$ & $-0.0921938$ & $-0.33058$ & $-0.276945$ & $-0.153952$ & $-0.0453349$ & $-0.0729969$ & $0.17396$ & $0.289786$ & $0.291817$ & $0.345184$ & $-0.396241$ & $0.120745$ & $-0.165897$ & $1$ & $0.0808457$ & $0.00866515$ & $0.0508133$ & $0.0508441$ & $-0.0377699$ & $0.0193548$ & $0.674952$ & $0.134658$ & $-0.0711042$ & $0.12276$ & $-0.0375975$ & $-0.0876508$ & $0.0650035$ & $0.0413431$ & $0.0271164$ & $0.0261928$ & $0.101482$ & $0.043441$ & $0.0285816$ & $0.0283652$ & $-0.0109176$ & $-0.113848$ \\
CHd_33 & $0.0513369$ & $0.00280634$ & $-0.0168739$ & $0.0125197$ & $-0.0362241$ & $-0.0431307$ & $0.00384098$ & $0.36712$ & $0.360278$ & $-0.220459$ & $-0.404107$ & $-0.0963961$ & $-0.0185397$ & $0.254336$ & $0.241279$ & $0.221878$ & $0.0818391$ & $-0.0175428$ & $-0.00979466$ & $0.401911$ & $0.40321$ & $0.395975$ & $-0.04002$ & $-0.0247253$ & $-0.00604157$ & $-0.268177$ & $0.0808457$ & $1$ & $-0.0167511$ & $0.00963466$ & $0.00680605$ & $-0.0055081$ & $0.00932459$ & $0.125521$ & $0.0037304$ & $-0.0620231$ & $0.0399185$ & $-0.00575796$ & $0.0297594$ & $0.00607342$ & $-0.0073736$ & $-0.0168742$ & $-0.0247915$ & $-0.00194534$ & $-0.0027716$ & $-0.0303614$ & $-0.0460895$ & $0.0112983$ & $-0.0152462$ \\
CeH_22r & $-0.0630122$ & $0.0306571$ & $0.010603$ & $0.0114793$ & $-0.0428465$ & $-0.012864$ & $-0.148511$ & $-0.014372$ & $-0.00774918$ & $-0.0456865$ & $0.00980486$ & $-0.0589071$ & $0.19699$ & $-0.0054071$ & $0.0162551$ & $-0.0223811$ & $0.0129855$ & $-0.00482378$ & $0.0208296$ & $-0.00923866$ & $-0.00943748$ & $-0.0127447$ & $-0.00387611$ & $0.00911586$ & $0.0221081$ & $0.0211361$ & $0.00866515$ & $-0.0167511$ & $1$ & $0.19335$ & $0.106014$ & $-0.138164$ & $0.189878$ & $-0.0232154$ & $-0.00310217$ & $0.0213155$ & $-0.0292488$ & $0.0134149$ & $-0.00495514$ & $-0.00170102$ & $-0.0078988$ & $-0.0356966$ & $0.0551483$ & $0.0175476$ & $0.000715072$ & $-0.00295529$ & $-0.00806561$ & $0.0282278$ & $0.0327479$ \\
CeH_33r & $-0.0174798$ & $-0.0138308$ & $0.0169199$ & $-0.060148$ & $0.0197645$ & $-0.0674999$ & $-0.584977$ & $0.0596226$ & $0.0800409$ & $-0.253012$ & $-0.0916507$ & $-0.14961$ & $0.724773$ & $0.0776086$ & $0.0513408$ & $0.0275935$ & $0.0780631$ & $0.0409096$ & $0.0552335$ & $0.0882312$ & $0.0929617$ & $0.0904504$ & $-0.0457825$ & $0.0252593$ & $0.0648874$ & $-0.0251023$ & $0.0508133$ & $0.00963466$ & $0.19335$ & $1$ & $0.509037$ & $-0.450948$ & $0.839511$ & $0.0206358$ & $0.00576259$ & $0.0848364$ & $-0.136091$ & $-0.0541523$ & $-0.0722216$ & $0.00353908$ & $0.0439979$ & $-0.0266711$ & $0.101179$ & $0.0221795$ & $-0.0947943$ & $0.10194$ & $0.0392581$ & $-0.000324574$ & $0.0405916$ \\
CuH_22r & $-0.0432718$ & $-0.0271978$ & $-0.0111348$ & $-0.0793656$ & $0.0330954$ & $-0.0442236$ & $-0.364011$ & $0.0742524$ & $0.0900033$ & $-0.167289$ & $-0.11043$ & $-0.120847$ & $0.446472$ & $0.0925778$ & $0.0569432$ & $0.0628067$ & $0.0867804$ & $0.0506019$ & $0.0515035$ & $0.107786$ & $0.111407$ & $0.111498$ & $-0.0366738$ & $0.0234859$ & $0.0738089$ & $-0.0517724$ & $0.0508441$ & $0.00680605$ & $0.106014$ & $0.509037$ & $1$ & $-0.265781$ & $0.544959$ & $0.0301617$ & $-0.031899$ & $0.0549007$ & $-0.130376$ & $-0.0208301$ & $-0.0683714$ & $-0.0021077$ & $0.0349018$ & $-0.0195505$ & $0.113807$ & $0.0116612$ & $-0.0704884$ & $0.100157$ & $0.232776$ & $0.0293248$ & $-0.0388411$ \\
CuH_33r & $-0.0267085$ & $-0.0206111$ & $0.00756456$ & $0.00440209$ & $-0.00227711$ & $0.0496142$ & $0.956214$ & $-0.0399381$ & $-0.0233352$ & $0.214101$ & $0.0816126$ & $0.252101$ & $-0.678613$ & $-0.0868135$ & $-0.0439489$ & $-0.0215604$ & $-0.0924376$ & $-0.0611009$ & $-0.0725818$ & $-0.0792459$ & $-0.0828402$ & $-0.0769275$ & $0.021853$ & $-0.0338509$ & $-0.0800403$ & $0.0337242$ & $-0.0377699$ & $-0.0055081$ & $-0.138164$ & $-0.450948$ & $-0.265781$ & $1$ & $-0.466642$ & $-0.00929854$ & $0.0132863$ & $-0.0391432$ & $0.0869664$ & $0.0240704$ & $0.0939742$ & $0.0119748$ & $-0.0208845$ & $0.083121$ & $-0.137572$ & $-0.0639197$ & $0.0900434$ & $-0.0500293$ & $-0.0128929$ & $-0.0157282$ & $-0.0816935$ \\
CdH_33r & $-0.00472605$ & $-0.0565692$ & $-0.0092287$ & $0.00714531$ & $0.019805$ & $-0.067619$ & $-0.61927$ & $0.0621492$ & $0.0814382$ & $-0.27352$ & $-0.10843$ & $-0.154048$ & $0.745764$ & $0.108145$ & $0.066684$ & $0.0583976$ & $0.100632$ & $0.062317$ & $0.066211$ & $0.106418$ & $0.106795$ & $0.103741$ & $-0.0663264$ & $0.0499038$ & $0.0738323$ & $-0.0351522$ & $0.0193548$ & $0.00932459$ & $0.189878$ & $0.839511$ & $0.544959$ & $-0.466642$ & $1$ & $0.00641445$ & $-0.0816095$ & $0.0948857$ & $-0.222114$ & $-0.0394344$ & $-0.0261884$ & $0.00673478$ & $0.0531699$ & $-0.0216221$ & $0.0868371$ & $0.0852362$ & $-0.042515$ & $0.0951571$ & $0.00229985$ & $0.096578$ & $0.263267$ \\
CLL_1221 & $-0.0255003$ & $0.0744904$ & $0.000299619$ & $-0.104096$ & $0.0102995$ & $-0.135852$ & $-0.019674$ & $0.496588$ & $0.486957$ & $-0.286182$ & $-0.291465$ & $-0.0946497$ & $0.0455433$ & $-0.192815$ & $-0.498375$ & $-0.010372$ & $-0.224168$ & $-0.0312755$ & $-0.369587$ & $0.236541$ & $0.359535$ & $0.362858$ & $0.195688$ & $-0.596562$ & $-0.225538$ & $-0.244984$ & $0.674952$ & $0.125521$ & $-0.0232154$ & $0.0206358$ & $0.0301617$ & $-0.00929854$ & $0.00641445$ & $1$ & $0.111443$ & $-0.0424227$ & $0.0885496$ & $-0.0402618$ & $-0.038919$ & $0.0158112$ & $0.0327265$ & $-0.011149$ & $0.0361855$ & $0.0811405$ & $0.0285969$ & $0.0325961$ & $0.0303835$ & $0.0141897$ & $-0.0697699$ \\
eHggint & $-0.116233$ & $0.201497$ & $-0.174171$ & $-0.0846557$ & $0.0102525$ & $0.0213837$ & $-0.0261411$ & $0.0308133$ & $0.0273477$ & $0.0354032$ & $0.0218429$ & $0.0780594$ & $0.0504333$ & $-0.0895429$ & $-0.0776825$ & $-0.0890776$ & $-0.0822416$ & $-0.0609517$ & $-0.0558884$ & $-0.0284668$ & $-0.00869923$ & $-0.0131222$ & $0.0494192$ & $-0.10907$ & $-0.0383133$ & $0.0233843$ & $0.134658$ & $0.0037304$ & $-0.00310217$ & $0.00576259$ & $-0.031899$ & $0.0132863$ & $-0.0816095$ & $0.111443$ & $1$ & $-0.132474$ & $0.320643$ & $-0.0724762$ & $-0.0180208$ & $-0.0176836$ & $-0.185702$ & $0.0405669$ & $0.162977$ & $-0.0513727$ & $0.0198929$ & $0.011825$ & $-0.040619$ & $-0.125939$ & $-0.220089$ \\
eHggpar & $0.0028373$ & $-0.230854$ & $0.195$ & $0.00990481$ & $0.0107677$ & $-0.0278323$ & $-0.0646128$ & $-0.0349526$ & $-0.0266878$ & $0.00561277$ & $0.0283516$ & $0.0453423$ & $0.0979126$ & $-0.0165429$ & $0.0140039$ & $0.0342062$ & $0.0227854$ & $0.00803837$ & $-0.00600892$ & $-0.0257916$ & $-0.0357924$ & $-0.0313402$ & $-0.0260907$ & $0.0374614$ & $-0.00688011$ & $0.0314672$ & $-0.0711042$ & $-0.0620231$ & $0.0213155$ & $0.0848364$ & $0.0549007$ & $-0.0391432$ & $0.0948857$ & $-0.0424227$ & $-0.132474$ & $1$ & $-0.134117$ & $0.00286485$ & $-0.297132$ & $0.00452855$ & $-0.000461022$ & $-0.0189461$ & $0.179699$ & $0.0624242$ & $-0.104584$ & $0.21094$ & $0.172334$ & $0.00281462$ & $0.0807715$ \\
eHWWint & $0.0557477$ & $0.2077$ & $-0.027843$ & $0.00397639$ & $0.0491939$ & $0.0145986$ & $0.105093$ & $0.0302538$ & $0.0329724$ & $0.00760953$ & $-0.011217$ & $0.0612161$ & $-0.066342$ & $-0.0340248$ & $-0.0466938$ & $-0.0167561$ & $-0.0204411$ & $-0.00925008$ & $-0.0260884$ & $0.00861694$ & $0.0198117$ & $0.0263932$ & $0.0701346$ & $-0.0457874$ & $0.0100307$ & $-0.03076$ & $0.12276$ & $0.0399185$ & $-0.0292488$ & $-0.136091$ & $-0.130376$ & $0.0869664$ & $-0.222114$ & $0.0885496$ & $0.320643$ & $-0.134117$ & $1$ & $-0.00852649$ & $-0.0510452$ & $-0.0429424$ & $-0.018028$ & $0.00835549$ & $0.157437$ & $-0.0119573$ & $-0.0526693$ & $-0.0657381$ & $-0.239427$ & $-0.190859$ & $-0.207789$ \\
eHWWpar & $-0.00740812$ & $0.0257547$ & $0.0431544$ & $0.0198823$ & $-0.00432851$ & $0.0422964$ & $0.0412278$ & $-0.0275094$ & $-0.0276689$ & $0.0174946$ & $0.021715$ & $0.0445404$ & $-0.0559271$ & $-0.00342585$ & $0.0189623$ & $0.0266546$ & $0.00478226$ & $-0.00105098$ & $-0.00826184$ & $-0.0182182$ & $-0.0255956$ & $-0.0235883$ & $-0.00616592$ & $0.0235373$ & $0.00865435$ & $0.00302932$ & $-0.0375975$ & $-0.00575796$ & $0.0134149$ & $-0.0541523$ & $-0.0208301$ & $0.0240704$ & $-0.0394344$ & $-0.0402618$ & $-0.0724762$ & $0.00286485$ & $-0.00852649$ & $1$ & $0.019829$ & $0.0285654$ & $0.0281471$ & $0.010803$ & $-0.0161389$ & $-0.0627355$ & $-0.0106382$ & $0.00418387$ & $-0.0294389$ & $0.0264044$ & $0.0240865$ \\
eHZZint & $-0.059908$ & $-0.0213646$ & $-0.0481222$ & $0.178435$ & $0.00527279$ & $-0.00765026$ & $0.0871265$ & $-0.0322109$ & $-0.0389822$ & $0.0334428$ & $0.0635817$ & $0.0695151$ & $-0.114184$ & $-0.0766905$ & $0.00730792$ & $-0.0365843$ & $-0.058644$ & $-0.0737504$ & $-0.0498049$ & $-0.0626936$ & $-0.0654137$ & $-0.0642041$ & $-0.0433342$ & $-0.0311448$ & $-0.0849059$ & $0.0519974$ & $-0.0876508$ & $0.0297594$ & $-0.00495514$ & $-0.0722216$ & $-0.0683714$ & $0.0939742$ & $-0.0261884$ & $-0.038919$ & $-0.0180208$ & $-0.297132$ & $-0.0510452$ & $0.019829$ & $1$ & $0.0277232$ & $-0.203111$ & $0.00502022$ & $-0.08213$ & $-0.05267$ & $0.142171$ & $-0.105357$ & $-0.153782$ & $0.0633939$ & $0.133071$ \\
eHZZpar & $0.0107185$ & $0.0271508$ & $0.0193521$ & $0.0301065$ & $-0.00320534$ & $0.00710925$ & $0.0146263$ & $0.0230252$ & $0.0248784$ & $-0.0174558$ & $-0.0156796$ & $-0.0542033$ & $-0.0168043$ & $-0.0061411$ & $0.00878158$ & $-0.00778274$ & $-0.00783565$ & $-0.0195683$ & $-0.00836885$ & $0.0140866$ & $0.0176102$ & $0.0138105$ & $0.0134551$ & $-0.0158518$ & $0.00820183$ & $0.0178195$ & $0.0650035$ & $0.00607342$ & $-0.00170102$ & $0.00353908$ & $-0.0021077$ & $0.0119748$ & $0.00673478$ & $0.0158112$ & $-0.0176836$ & $0.00452855$ & $-0.0429424$ & $0.0285654$ & $0.0277232$ & $1$ & $-0.0476663$ & $-0.0614421$ & $0.0523981$ & $0.0222539$ & $0.0185087$ & $0.0430096$ & $0.0100255$ & $0.0137583$ & $-0.0060025$ \\
eHZgaint & $0.0848132$ & $-0.130848$ & $0.190128$ & $0.106672$ & $-0.0110959$ & $0.0217246$ & $-0.0240598$ & $0.0736099$ & $0.0731802$ & $-0.100146$ & $-0.064365$ & $-0.0172198$ & $0.0450528$ & $0.0334729$ & $0.0267468$ & $0.0277384$ & $-0.0196587$ & $-0.0204895$ & $-0.0200223$ & $0.0609049$ & $0.064406$ & $0.0679325$ & $0.0216527$ & $-0.0546683$ & $-0.0192799$ & $-0.0534044$ & $0.0413431$ & $-0.0073736$ & $-0.0078988$ & $0.0439979$ & $0.0349018$ & $-0.0208845$ & $0.0531699$ & $0.0327265$ & $-0.185702$ & $-0.000461022$ & $-0.018028$ & $0.0281471$ & $-0.203111$ & $-0.0476663$ & $1$ & $-0.0248233$ & $-0.157986$ & $0.13083$ & $-0.157205$ & $-0.253589$ & $0.0177358$ & $-0.224823$ & $0.00149428$ \\
eHZgapar & $-0.0218536$ & $0.0470555$ & $0.0028997$ & $-0.0390096$ & $0.0586007$ & $0.0127343$ & $0.0809776$ & $-0.0231831$ & $-0.0258342$ & $0.0329071$ & $0.0387857$ & $0.0622898$ & $-0.0496266$ & $-0.0372213$ & $-0.0134677$ & $-0.0493677$ & $-0.0320291$ & $-0.0270078$ & $-0.000262977$ & $-0.03731$ & $-0.0365146$ & $-0.0338962$ & $0.0162274$ & $-0.000138087$ & $-0.00783876$ & $0.0208065$ & $0.0271164$ & $-0.0168742$ & $-0.0356966$ & $-0.0266711$ & $-0.0195505$ & $0.083121$ & $-0.0216221$ & $-0.011149$ & $0.0405669$ & $-0.0189461$ & $0.00835549$ & $0.010803$ & $0.00502022$ & $-0.0614421$ & $-0.0248233$ & $1$ & $-0.106372$ & $-0.0579004$ & $0.0200253$ & $0.00322735$ & $-0.0229249$ & $-0.016512$ & $-0.0304394$ \\
eHgagaint & $-0.0603027$ & $-0.0380963$ & $0.125387$ & $-0.155855$ & $0.00360653$ & $-0.0630681$ & $-0.150072$ & $0.0164852$ & $0.0539548$ & $-0.023006$ & $-0.0186763$ & $-0.115416$ & $0.168543$ & $-0.00420547$ & $-0.00845449$ & $0.049489$ & $0.0219522$ & $0.015594$ & $-0.0201066$ & $0.0191669$ & $0.018577$ & $0.0229371$ & $-0.0661425$ & $-0.00101771$ & $0.023183$ & $0.0328167$ & $0.0261928$ & $-0.0247915$ & $0.0551483$ & $0.101179$ & $0.113807$ & $-0.137572$ & $0.0868371$ & $0.0361855$ & $0.162977$ & $0.179699$ & $0.157437$ & $-0.0161389$ & $-0.08213$ & $0.0523981$ & $-0.157986$ & $-0.106372$ & $1$ & $0.21052$ & $-0.0113848$ & $0.161665$ & $0.25128$ & $-0.00982883$ & $0.0495129$ \\
eHmumuint & $0.0590934$ & $0.0697652$ & $0.155591$ & $0.318898$ & $0.0218033$ & $-0.0547324$ & $-0.0621963$ & $0.0563177$ & $0.0647024$ & $-0.0853727$ & $-0.0553178$ & $-0.170855$ & $0.0668833$ & $0.023752$ & $-0.0200976$ & $0.0244164$ & $0.0121954$ & $0.0195405$ & $-0.00105167$ & $0.0531366$ & $0.0614126$ & $0.0696692$ & $0.00181327$ & $-0.0173368$ & $0.0248132$ & $-0.0258118$ & $0.101482$ & $-0.00194534$ & $0.0175476$ & $0.0221795$ & $0.0116612$ & $-0.0639197$ & $0.0852362$ & $0.0811405$ & $-0.0513727$ & $0.0624242$ & $-0.0119573$ & $-0.0627355$ & $-0.05267$ & $0.0222539$ & $0.13083$ & $-0.0579004$ & $0.21052$ & $1$ & $0.00671141$ & $-0.0944073$ & $-0.0777749$ & $0.0732478$ & $0.180956$ \\
eHtautauint & $-0.0108732$ & $-0.0209282$ & $-0.205058$ & $0.0785042$ & $-0.0387421$ & $0.00431308$ & $0.0971762$ & $-0.0270626$ & $-0.0325595$ & $0.0359399$ & $0.0628675$ & $0.0882542$ & $-0.148645$ & $-0.0741611$ & $-0.0642926$ & $-0.0351659$ & $-0.0710715$ & $-0.0381656$ & $-0.06065$ & $-0.0671401$ & $-0.0622056$ & $-0.0613855$ & $0.0499282$ & $-0.0275858$ & $-0.0365758$ & $0.0283671$ & $0.043441$ & $-0.0027716$ & $0.000715072$ & $-0.0947943$ & $-0.0704884$ & $0.0900434$ & $-0.042515$ & $0.0285969$ & $0.0198929$ & $-0.104584$ & $-0.0526693$ & $-0.0106382$ & $0.142171$ & $0.0185087$ & $-0.157205$ & $0.0200253$ & $-0.0113848$ & $0.00671141$ & $1$ & $-0.264315$ & $0.0105598$ & $0.2547$ & $0.222306$ \\
eHccint & $0.115055$ & $-0.17271$ & $0.153787$ & $-0.256231$ & $0.0299927$ & $-0.00360079$ & $-0.0674785$ & $0.024561$ & $0.0268312$ & $-0.00589678$ & $0.0118911$ & $-0.0754621$ & $0.0868251$ & $-0.065109$ & $-0.0124006$ & $-0.0120396$ & $-0.055296$ & $-0.0611031$ & $-0.0575438$ & $-0.0166239$ & $-0.0113288$ & $-0.00838642$ & $-0.0419056$ & $-0.0553845$ & $-0.0678342$ & $0.0459241$ & $0.0285816$ & $-0.0303614$ & $-0.00295529$ & $0.10194$ & $0.100157$ & $-0.0500293$ & $0.0951571$ & $0.0325961$ & $0.011825$ & $0.21094$ & $-0.0657381$ & $0.00418387$ & $-0.105357$ & $0.0430096$ & $-0.253589$ & $0.00322735$ & $0.161665$ & $-0.0944073$ & $-0.264315$ & $1$ & $0.155316$ & $0.311634$ & $0.0204482$ \\
eHccpar & $-0.208531$ & $-0.107919$ & $-0.10613$ & $-0.26107$ & $-0.00264377$ & $-0.0544965$ & $-0.0206952$ & $-0.0063475$ & $0.00654879$ & $0.0325537$ & $0.00370253$ & $0.0618258$ & $0.0404927$ & $-0.0025088$ & $-0.0330089$ & $0.0205721$ & $0.0181842$ & $0.0291705$ & $-0.00486467$ & $-0.00785687$ & $-0.00381915$ & $-0.00014415$ & $0.0202539$ & $0.0130765$ & $0.0421263$ & $-0.0155963$ & $0.0283652$ & $-0.0460895$ & $-0.00806561$ & $0.0392581$ & $0.232776$ & $-0.0128929$ & $0.00229985$ & $0.0303835$ & $-0.040619$ & $0.172334$ & $-0.239427$ & $-0.0294389$ & $-0.153782$ & $0.0100255$ & $0.0177358$ & $-0.0229249$ & $0.25128$ & $-0.0777749$ & $0.0105598$ & $0.155316$ & $1$ & $0.0485469$ & $-0.218419$ \\
eHbbint & $0.114165$ & $-0.102901$ & $-0.0769265$ & $0.015211$ & $-0.0361142$ & $0.0140122$ & $-0.00652157$ & $0.0167189$ & $0.0129145$ & $-0.00779394$ & $0.0162177$ & $0.0154856$ & $-0.0278538$ & $-0.0435604$ & $-0.0127622$ & $0.024706$ & $-0.0717955$ & $-0.0557264$ & $-0.077146$ & $-0.0184998$ & $-0.0186496$ & $-0.0177353$ & $0.0140082$ & $-0.0455922$ & $-0.0773475$ & $-0.0038923$ & $-0.0109176$ & $0.0112983$ & $0.0282278$ & $-0.000324574$ & $0.0293248$ & $-0.0157282$ & $0.096578$ & $0.0141897$ & $-0.125939$ & $0.00281462$ & $-0.190859$ & $0.0264044$ & $0.0633939$ & $0.0137583$ & $-0.224823$ & $-0.016512$ & $-0.00982883$ & $0.0732478$ & $0.2547$ & $0.311634$ & $0.0485469$ & $1$ & $0.175278$ \\
eHbbpar & $-0.00455547$ & $-0.126062$ & $-0.0365265$ & $0.238385$ & $-0.0372023$ & $0.0142198$ & $-0.076786$ & $-0.031396$ & $-0.0277132$ & $0.00863191$ & $0.04387$ & $-0.0433826$ & $0.0516811$ & $-0.0239683$ & $0.0257351$ & $0.00921993$ & $-0.0425494$ & $-0.0422224$ & $-0.033709$ & $-0.0395409$ & $-0.0509091$ & $-0.0508593$ & $-0.0823138$ & $0.0044794$ & $-0.0658921$ & $0.0627586$ & $-0.113848$ & $-0.0152462$ & $0.0327479$ & $0.0405916$ & $-0.0388411$ & $-0.0816935$ & $0.263267$ & $-0.0697699$ & $-0.220089$ & $0.0807715$ & $-0.207789$ & $0.0240865$ & $0.133071$ & $-0.0060025$ & $0.00149428$ & $-0.0304394$ & $0.0495129$ & $0.180956$ & $0.222306$ & $0.0204482$ & $-0.218419$ & $0.175278$ & $1$ \\
