 & AlsMz & dAle5Mz & mtop & mHl & Mz & CW & CHG & CHWB & CHWHB_gaga & CHWHB_gagaorth & CHD & CHbox & CH & CHL1_11 & CHL1_22 & CHL1_33 & CHL3_11 & CHL3_22 & CHL3_33 & CHe_11 & CHe_22 & CHe_33 & CHQ1_11 & CHQ1_33 & CHQ3_11 & CHu_11 & CHd_11 & CHd_33 & CeH_22r & CeH_33r & CuH_22r & CuH_33r & CdH_33r & CLL_1221 & eHggint & eHggpar & eHWWint & eHWWpar & eHZZint & eHZZpar & eHZgaint & eHZgapar & eHgagaint & eHmumuint & eHtautauint & eHccint & eHccpar & eHbbint & eHbbpar \\
AlsMz & $1$ & $0.0262689$ & $-0.0325978$ & $0.0480945$ & $-0.0501758$ & $-0.0198669$ & $-0.00347125$ & $0.0298884$ & $0.0270379$ & $-0.013412$ & $-0.0421652$ & $-0.0302766$ & $0.0228744$ & $0.0227043$ & $0.0419733$ & $0.0404133$ & $0.0160886$ & $-0.0106661$ & $-0.00373875$ & $0.0370622$ & $0.0316601$ & $0.0353792$ & $-0.106348$ & $-0.0436118$ & $-0.109638$ & $-0.00869075$ & $-0.0574389$ & $-0.021171$ & $0.0458318$ & $0.00652956$ & $0.0154345$ & $-0.00183743$ & $-0.0253059$ & $-0.00420613$ & $-0.085717$ & $-0.0121636$ & $-0.0160459$ & $-0.0075215$ & $-0.0137903$ & $-0.0230879$ & $-0.00478108$ & $0.0221202$ & $-0.0605166$ & $0.0530353$ & $0.0228897$ & $0.0301613$ & $-0.033827$ & $0.00230717$ & $-0.0808805$ \\
dAle5Mz & $0.0262689$ & $1$ & $0.10073$ & $0.137197$ & $0.0224188$ & $-0.0101757$ & $0.0105913$ & $-0.11802$ & $-0.118998$ & $0.0883051$ & $0.0923167$ & $0.0635456$ & $-0.00527943$ & $-0.0316284$ & $-0.0752121$ & $-0.0746543$ & $0.0465993$ & $0.0598576$ & $0.0615758$ & $-0.0798629$ & $-0.0705964$ & $-0.0595954$ & $0.00784465$ & $0.0580802$ & $0.0507646$ & $0.0642679$ & $0.0143585$ & $-0.0666358$ & $0.00882617$ & $0.039598$ & $0.0122389$ & $0.0209185$ & $0.00152902$ & $0.0292544$ & $0.00690448$ & $0.0170798$ & $0.0351589$ & $0.0148067$ & $0.051394$ & $-0.0335814$ & $-0.0194892$ & $0.147617$ & $-0.0408335$ & $0.047108$ & $0.0538178$ & $0.189842$ & $0.0263786$ & $-0.0388652$ & $-0.024034$ \\
mtop & $-0.0325978$ & $0.10073$ & $1$ & $0.0595594$ & $0.0198263$ & $-0.0371452$ & $0.0678808$ & $-0.0415504$ & $-0.0402596$ & $0.0643594$ & $0.038083$ & $0.0955149$ & $-0.073339$ & $-0.0451061$ & $0.00861082$ & $0.000934231$ & $0.0509436$ & $0.00472323$ & $0.0136586$ & $-0.0318498$ & $-0.0299738$ & $-0.0224213$ & $0.0169259$ & $0.0374749$ & $0.00728199$ & $0.00315858$ & $-0.0396714$ & $-0.0324357$ & $-0.0071008$ & $-0.0489533$ & $-0.0959246$ & $0.070161$ & $-0.0373944$ & $-0.0123295$ & $0.0340242$ & $0.0236283$ & $0.0111102$ & $0.009184$ & $0.0156172$ & $-0.023885$ & $0.02991$ & $0.0300201$ & $0.0432065$ & $0.0805673$ & $-0.062583$ & $0.0675909$ & $-0.0798415$ & $0.0801756$ & $0.0033917$ \\
mHl & $0.0480945$ & $0.137197$ & $0.0595594$ & $1$ & $-0.00233401$ & $-0.0372919$ & $0.0190083$ & $-0.0791887$ & $-0.0848712$ & $0.0769904$ & $0.0681408$ & $0.07181$ & $-0.0419861$ & $-0.0461575$ & $-0.0322809$ & $-0.0430983$ & $0.0331223$ & $0.0272844$ & $0.0337575$ & $-0.0630242$ & $-0.0662773$ & $-0.0633448$ & $-0.0215023$ & $0.0557442$ & $0.034268$ & $0.0765471$ & $-0.00749705$ & $-0.0397939$ & $0.0538061$ & $-0.0227024$ & $0.0195175$ & $0.0171618$ & $-0.0376215$ & $-0.0307117$ & $0.0523046$ & $0.0220483$ & $0.0244273$ & $0.0361848$ & $-0.098657$ & $-0.0613185$ & $0.0327445$ & $0.0580908$ & $-0.0551106$ & $0.00100391$ & $0.0047125$ & $0.0367492$ & $0.0100875$ & $0.0042158$ & $-0.0198704$ \\
Mz & $-0.0501758$ & $0.0224188$ & $0.0198263$ & $-0.00233401$ & $1$ & $0.0630228$ & $-0.0144898$ & $0.0289722$ & $0.0267121$ & $-0.0304236$ & $-0.013944$ & $0.000218163$ & $0.00297866$ & $0.00816341$ & $0.0516792$ & $0.0514469$ & $-0.0259788$ & $-0.0447545$ & $-0.0439788$ & $0.0237223$ & $0.0181053$ & $0.01644$ & $0.00634231$ & $-0.0128978$ & $-0.0406542$ & $-0.0132773$ & $-0.0301305$ & $0.0151509$ & $-0.0260241$ & $-0.00663867$ & $0.00500238$ & $-0.0114782$ & $0.0147275$ & $-0.0226425$ & $0.0144083$ & $0.0697048$ & $0.0307791$ & $0.00754251$ & $0.0321683$ & $-0.04429$ & $0.0125897$ & $-0.0632666$ & $-0.00480719$ & $0.0303052$ & $-0.0386795$ & $0.0861836$ & $-0.0391841$ & $-0.0160014$ & $0.00523586$ \\
CW & $-0.0198669$ & $-0.0101757$ & $-0.0371452$ & $-0.0372919$ & $0.0630228$ & $1$ & $0.0737888$ & $-0.0629263$ & $-0.0579761$ & $0.0248439$ & $0.181363$ & $0.11408$ & $-0.0872145$ & $-0.0717214$ & $-0.13851$ & $-0.149493$ & $-0.39053$ & $-0.162798$ & $-0.168016$ & $-0.180859$ & $-0.177387$ & $-0.180658$ & $0.0396607$ & $-0.132688$ & $-0.208688$ & $0.0770412$ & $-0.0410264$ & $-0.0887062$ & $-0.0488072$ & $-0.073605$ & $-0.0133358$ & $0.0730126$ & $-0.0616978$ & $-0.0661344$ & $0.0163784$ & $-0.0508663$ & $0.0129311$ & $0.0237817$ & $-0.00875188$ & $-0.0417408$ & $-0.00157391$ & $0.0358446$ & $-0.0322079$ & $0.0111676$ & $0.00303712$ & $-0.00660142$ & $0.00406616$ & $-0.0135096$ & $0.00487253$ \\
CHG & $-0.00347125$ & $0.0105913$ & $0.0678808$ & $0.0190083$ & $-0.0144898$ & $0.0737888$ & $1$ & $-0.0536578$ & $-0.0346995$ & $0.207277$ & $0.087685$ & $0.359569$ & $-0.767241$ & $-0.0912081$ & $-0.0610487$ & $-0.0737169$ & $-0.0737559$ & $-0.0411061$ & $-0.0412881$ & $-0.0875849$ & $-0.084523$ & $-0.0843115$ & $-0.040313$ & $-0.0188568$ & $-0.043573$ & $0.0886362$ & $0.00141417$ & $-0.0205407$ & $-0.133034$ & $-0.579609$ & $-0.306087$ & $0.953347$ & $-0.588683$ & $-0.00298028$ & $-0.0605769$ & $-0.120573$ & $-0.0158486$ & $0.0316891$ & $-5.60087e-05$ & $0.0314856$ & $0.0159277$ & $-0.000462324$ & $-0.000876434$ & $0.0292742$ & $-0.0746443$ & $0.00744952$ & $0.0227233$ & $0.0114034$ & $-0.0517036$ \\
CHWB & $0.0298884$ & $-0.11802$ & $-0.0415504$ & $-0.0791887$ & $0.0289722$ & $-0.0629263$ & $-0.0536578$ & $1$ & $0.989446$ & $-0.594095$ & $-0.888369$ & $-0.240364$ & $0.0678471$ & $0.319689$ & $0.490341$ & $0.471492$ & $-0.220106$ & $-0.416408$ & $-0.384284$ & $0.872398$ & $0.898742$ & $0.894803$ & $0.0732217$ & $-0.646325$ & $-0.364774$ & $-0.650417$ & $0.424261$ & $0.441895$ & $0.0021761$ & $0.023487$ & $0.0517448$ & $-0.0647633$ & $0.0500929$ & $0.517883$ & $-0.0357684$ & $-0.0284027$ & $0.00018606$ & $0.022435$ & $0.0505112$ & $-0.00972764$ & $-0.0114024$ & $-0.0435965$ & $0.0128553$ & $0.0110898$ & $-0.0218002$ & $-0.0658561$ & $0.00458594$ & $-0.0300126$ & $0.00696915$ \\
CHWHB_gaga & $0.0270379$ & $-0.118998$ & $-0.0402596$ & $-0.0848712$ & $0.0267121$ & $-0.0579761$ & $-0.0346995$ & $0.989446$ & $1$ & $-0.591992$ & $-0.87886$ & $-0.231524$ & $0.075946$ & $0.318529$ & $0.486419$ & $0.470185$ & $-0.220293$ & $-0.412584$ & $-0.383038$ & $0.863183$ & $0.888171$ & $0.884546$ & $0.0774065$ & $-0.640657$ & $-0.358765$ & $-0.649117$ & $0.420188$ & $0.434283$ & $0.0166727$ & $0.049036$ & $0.0697838$ & $-0.0492532$ & $0.0722653$ & $0.509738$ & $-0.0481816$ & $-0.0337428$ & $-0.0166502$ & $0.0216345$ & $0.0429566$ & $-0.00509665$ & $-0.00833785$ & $-0.029345$ & $0.0669879$ & $0.0109652$ & $-0.0224828$ & $-0.0599205$ & $0.0124943$ & $-0.035729$ & $0.00642389$ \\
CHWHB_gagaorth & $-0.013412$ & $0.0883051$ & $0.0643594$ & $0.0769904$ & $-0.0304236$ & $0.0248439$ & $0.207277$ & $-0.594095$ & $-0.591992$ & $1$ & $0.526521$ & $0.568795$ & $-0.27094$ & $-0.203538$ & $-0.309409$ & $-0.274664$ & $0.144524$ & $0.260041$ & $0.23105$ & $-0.516933$ & $-0.530213$ & $-0.524174$ & $-0.0185728$ & $0.390667$ & $0.229585$ & $0.368737$ & $-0.22584$ & $-0.252519$ & $-0.0606747$ & $-0.194728$ & $-0.104501$ & $0.231216$ & $-0.23396$ & $-0.280944$ & $0.0545371$ & $-0.00682144$ & $0.0213045$ & $-0.00102637$ & $-0.0155971$ & $-0.0126593$ & $-0.012063$ & $0.0435922$ & $-0.00887246$ & $0.0140424$ & $0.000660999$ & $0.0796125$ & $0.024846$ & $0.0636444$ & $-0.0415334$ \\
CHD & $-0.0421652$ & $0.0923167$ & $0.038083$ & $0.0681408$ & $-0.013944$ & $0.181363$ & $0.087685$ & $-0.888369$ & $-0.87886$ & $0.526521$ & $1$ & $0.320395$ & $-0.123115$ & $-0.680462$ & $-0.591737$ & $-0.567284$ & $-0.225631$ & $0.0234439$ & $-0.0188488$ & $-0.995361$ & $-0.9956$ & $-0.984756$ & $-0.0130763$ & $0.265149$ & $-0.0411728$ & $0.708249$ & $-0.321251$ & $-0.469798$ & $-0.0294465$ & $-0.0674567$ & $-0.0691607$ & $0.103699$ & $-0.0986083$ & $-0.330056$ & $0.0512311$ & $0.00816191$ & $-0.0141254$ & $-0.0225887$ & $-0.0553778$ & $-0.00557495$ & $0.000814578$ & $0.0356642$ & $-0.0196636$ & $-0.0229564$ & $0.0425837$ & $0.081698$ & $-0.00981521$ & $0.0147444$ & $-0.0176365$ \\
CHbox & $-0.0302766$ & $0.0635456$ & $0.0955149$ & $0.07181$ & $0.000218163$ & $0.11408$ & $0.359569$ & $-0.240364$ & $-0.231524$ & $0.568795$ & $0.320395$ & $1$ & $-0.458462$ & $-0.295303$ & $-0.131487$ & $-0.130856$ & $-0.167134$ & $-0.115361$ & $-0.121427$ & $-0.312203$ & $-0.320816$ & $-0.308127$ & $-0.0690877$ & $0.015539$ & $-0.127767$ & $0.268336$ & $-0.135011$ & $-0.127445$ & $-0.0745529$ & $-0.22398$ & $-0.188285$ & $0.378438$ & $-0.252774$ & $-0.114942$ & $0.0625143$ & $-0.0232976$ & $0.03675$ & $-0.0117657$ & $-0.0862082$ & $0.00482858$ & $-0.0258135$ & $0.0366973$ & $-0.00924103$ & $0.0414183$ & $0.0225354$ & $0.0111548$ & $0.00486994$ & $0.0172654$ & $-0.0331319$ \\
CH & $0.0228744$ & $-0.00527943$ & $-0.073339$ & $-0.0419861$ & $0.00297866$ & $-0.0872145$ & $-0.767241$ & $0.0678471$ & $0.075946$ & $-0.27094$ & $-0.123115$ & $-0.458462$ & $1$ & $0.150849$ & $0.0513069$ & $0.0839318$ & $0.112524$ & $0.0945446$ & $0.081235$ & $0.120168$ & $0.119279$ & $0.11998$ & $0.0387347$ & $0.0318684$ & $0.0926382$ & $-0.113406$ & $0.0269061$ & $0.0127951$ & $0.186901$ & $0.721055$ & $0.408548$ & $-0.685598$ & $0.717236$ & $0.0249891$ & $0.0399559$ & $0.120823$ & $0.000301212$ & $-0.00152609$ & $-0.0439236$ & $-0.0135553$ & $0.00962325$ & $0.0430001$ & $0.00638787$ & $-0.0196194$ & $0.0545422$ & $-0.00451919$ & $0.00566535$ & $0.000622674$ & $0.0273419$ \\
CHL1_11 & $0.0227043$ & $-0.0316284$ & $-0.0451061$ & $-0.0461575$ & $0.00816341$ & $-0.0717214$ & $-0.0912081$ & $0.319689$ & $0.318529$ & $-0.203538$ & $-0.680462$ & $-0.295303$ & $0.150849$ & $1$ & $0.408149$ & $0.382929$ & $0.615049$ & $0.552262$ & $0.589091$ & $0.689796$ & $0.658835$ & $0.641932$ & $-0.0522462$ & $0.377893$ & $0.576455$ & $-0.471102$ & $0.0314626$ & $0.289449$ & $0.0449635$ & $0.101761$ & $0.0790447$ & $-0.104506$ & $0.134578$ & $-0.129259$ & $-0.041798$ & $0.0142492$ & $0.016877$ & $0.0167491$ & $0.0585206$ & $0.0195658$ & $0.00587997$ & $-0.00198054$ & $0.0316813$ & $0.0276635$ & $-0.0598691$ & $-0.0620647$ & $0.0200082$ & $-0.00382$ & $0.0437758$ \\
CHL1_22 & $0.0419733$ & $-0.0752121$ & $0.00861082$ & $-0.0322809$ & $0.0516792$ & $-0.13851$ & $-0.0610487$ & $0.490341$ & $0.486419$ & $-0.309409$ & $-0.591737$ & $-0.131487$ & $0.0513069$ & $0.408149$ & $1$ & $0.528327$ & $0.167359$ & $-0.347746$ & $0.00364084$ & $0.629958$ & $0.540865$ & $0.534361$ & $-0.150317$ & $-0.00441926$ & $-0.0865312$ & $-0.382244$ & $-0.248453$ & $0.262391$ & $0.0240733$ & $0.0474627$ & $0.0532258$ & $-0.0723779$ & $0.0560592$ & $-0.451004$ & $-0.0526409$ & $0.0256327$ & $-0.0146231$ & $-0.0215967$ & $-0.028983$ & $0.052182$ & $0.00528547$ & $-0.0331041$ & $0.0327985$ & $-0.0155478$ & $-0.0125384$ & $-0.0610488$ & $0.0270938$ & $0.00291253$ & $0.00523254$ \\
CHL1_33 & $0.0404133$ & $-0.0746543$ & $0.000934231$ & $-0.0430983$ & $0.0514469$ & $-0.149493$ & $-0.0737169$ & $0.471492$ & $0.470185$ & $-0.274664$ & $-0.567284$ & $-0.130856$ & $0.0839318$ & $0.382929$ & $0.528327$ & $1$ & $0.162095$ & $-0.030909$ & $-0.307033$ & $0.605823$ & $0.518618$ & $0.529429$ & $-0.141491$ & $-0.015856$ & $-0.0826584$ & $-0.376467$ & $-0.24341$ & $0.269278$ & $0.0271839$ & $0.0756465$ & $0.0302651$ & $-0.0790443$ & $0.0686749$ & $0.00803208$ & $-0.0650333$ & $0.0452553$ & $0.0112396$ & $0.0051301$ & $-0.0228061$ & $-0.0238189$ & $-0.0408194$ & $-0.0355411$ & $0.00678745$ & $-0.00123915$ & $-0.0426978$ & $-0.0381372$ & $-0.0361024$ & $-0.0184299$ & $-0.0211374$ \\
CHL3_11 & $0.0160886$ & $0.0465993$ & $0.0509436$ & $0.0331223$ & $-0.0259788$ & $-0.39053$ & $-0.0737559$ & $-0.220106$ & $-0.220293$ & $0.144524$ & $-0.225631$ & $-0.167134$ & $0.112524$ & $0.615049$ & $0.167359$ & $0.162095$ & $1$ & $0.804051$ & $0.820103$ & $0.240334$ & $0.206081$ & $0.192416$ & $-0.100442$ & $0.748631$ & $0.844888$ & $-0.115281$ & $-0.129237$ & $0.055154$ & $0.059179$ & $0.0855137$ & $0.0152297$ & $-0.0866453$ & $0.0927637$ & $-0.256838$ & $-0.0320985$ & $0.0435952$ & $0.0338299$ & $-0.00059414$ & $0.00443647$ & $0.0362605$ & $0.0340665$ & $0.0136475$ & $0.0151511$ & $0.0240957$ & $-0.0340112$ & $-0.0298147$ & $-0.0048664$ & $0.0473702$ & $0.0122048$ \\
CHL3_22 & $-0.0106661$ & $0.0598576$ & $0.00472323$ & $0.0272844$ & $-0.0447545$ & $-0.162798$ & $-0.0411061$ & $-0.416408$ & $-0.412584$ & $0.260041$ & $0.0234439$ & $-0.115361$ & $0.0945446$ & $0.552262$ & $-0.347746$ & $-0.030909$ & $0.804051$ & $1$ & $0.779647$ & $-0.0220826$ & $-0.02318$ & $-0.0334084$ & $-0.0288589$ & $0.732302$ & $0.8612$ & $0.0353479$ & $-0.0280757$ & $-0.0451992$ & $0.0432736$ & $0.0676667$ & $0.00893883$ & $-0.0462947$ & $0.0752136$ & $-0.0503753$ & $-0.00698652$ & $0.0267728$ & $0.0339954$ & $0.016264$ & $0.035316$ & $-0.000519561$ & $0.0160589$ & $0.0273222$ & $0.000392233$ & $0.0353275$ & $-0.0422752$ & $-0.00431879$ & $-0.0110913$ & $0.0231105$ & $0.0201239$ \\
CHL3_33 & $-0.00373875$ & $0.0615758$ & $0.0136586$ & $0.0337575$ & $-0.0439788$ & $-0.168016$ & $-0.0412881$ & $-0.384284$ & $-0.383038$ & $0.23105$ & $-0.0188488$ & $-0.121427$ & $0.081235$ & $0.589091$ & $0.00364084$ & $-0.307033$ & $0.820103$ & $0.779647$ & $1$ & $0.0212$ & $0.0167676$ & $0.0059521$ & $-0.0377887$ & $0.741299$ & $0.861382$ & $0.0141776$ & $-0.0363826$ & $-0.0386043$ & $0.0441338$ & $0.0577539$ & $0.0311402$ & $-0.0487616$ & $0.0754254$ & $-0.372777$ & $-0.00147895$ & $0.0172719$ & $0.0167341$ & $-0.0050992$ & $0.0230259$ & $0.0489613$ & $0.0458443$ & $0.0256963$ & $0.0124144$ & $0.0225074$ & $-0.0313223$ & $-0.0200363$ & $0.0357779$ & $0.0420942$ & $0.0380692$ \\
CHe_11 & $0.0370622$ & $-0.0798629$ & $-0.0318498$ & $-0.0630242$ & $0.0237223$ & $-0.180859$ & $-0.0875849$ & $0.872398$ & $0.863183$ & $-0.516933$ & $-0.995361$ & $-0.312203$ & $0.120168$ & $0.689796$ & $0.629958$ & $0.605823$ & $0.240334$ & $-0.0220826$ & $0.0212$ & $1$ & $0.986837$ & $0.976177$ & $-0.00700677$ & $-0.232064$ & $0.0480702$ & $-0.700137$ & $0.271714$ & $0.468873$ & $0.0322218$ & $0.069155$ & $0.0699932$ & $-0.103588$ & $0.0965345$ & $0.277415$ & $-0.0552495$ & $-0.00232107$ & $0.0120205$ & $0.0232596$ & $0.0508836$ & $0.00606589$ & $-0.00237994$ & $-0.035427$ & $0.016512$ & $0.0223484$ & $-0.0451814$ & $-0.0805521$ & $0.011301$ & $-0.0165473$ & $0.0144398$ \\
CHe_22 & $0.0316601$ & $-0.0705964$ & $-0.0299738$ & $-0.0662773$ & $0.0181053$ & $-0.177387$ & $-0.084523$ & $0.898742$ & $0.888171$ & $-0.530213$ & $-0.9956$ & $-0.320816$ & $0.119279$ & $0.658835$ & $0.540865$ & $0.518618$ & $0.206081$ & $-0.02318$ & $0.0167676$ & $0.986837$ & $1$ & $0.987887$ & $0.0339287$ & $-0.299329$ & $0.0345427$ & $-0.71006$ & $0.375923$ & $0.470994$ & $0.0282702$ & $0.0609957$ & $0.0654871$ & $-0.100154$ & $0.0951393$ & $0.390975$ & $-0.046494$ & $-0.0113011$ & $0.0172969$ & $0.0243541$ & $0.0627661$ & $0.00175435$ & $0.000665422$ & $-0.031916$ & $0.0161362$ & $0.026309$ & $-0.0436173$ & $-0.076462$ & $0.00929904$ & $-0.0132319$ & $0.0197049$ \\
CHe_33 & $0.0353792$ & $-0.0595954$ & $-0.0224213$ & $-0.0633448$ & $0.01644$ & $-0.180658$ & $-0.0843115$ & $0.894803$ & $0.884546$ & $-0.524174$ & $-0.984756$ & $-0.308127$ & $0.11998$ & $0.641932$ & $0.534361$ & $0.529429$ & $0.192416$ & $-0.0334084$ & $0.0059521$ & $0.976177$ & $0.987887$ & $1$ & $0.0374177$ & $-0.309127$ & $0.0237066$ & $-0.701684$ & $0.377015$ & $0.464114$ & $0.0301017$ & $0.0653915$ & $0.064613$ & $-0.0993235$ & $0.0955836$ & $0.395608$ & $-0.0444088$ & $-0.00828254$ & $0.0173349$ & $0.0273878$ & $0.060918$ & $-0.00135703$ & $-0.00666007$ & $-0.0301593$ & $0.0149933$ & $0.0265121$ & $-0.0453944$ & $-0.0691114$ & $0.0124752$ & $-0.0150743$ & $0.0179811$ \\
CHQ1_11 & $-0.106348$ & $0.00784465$ & $0.0169259$ & $-0.0215023$ & $0.00634231$ & $0.0396607$ & $-0.040313$ & $0.0732217$ & $0.0774065$ & $-0.0185728$ & $-0.0130763$ & $-0.0690877$ & $0.0387347$ & $-0.0522462$ & $-0.150317$ & $-0.141491$ & $-0.100442$ & $-0.0288589$ & $-0.0377887$ & $-0.00700677$ & $0.0339287$ & $0.0374177$ & $1$ & $-0.132247$ & $0.0485371$ & $-0.576402$ & $0.379053$ & $0.00343042$ & $-0.00112865$ & $0.0365671$ & $0.0206814$ & $-0.0399707$ & $0.0314697$ & $0.209301$ & $0.0564563$ & $-0.000418518$ & $-0.0631765$ & $0.0598715$ & $0.0798362$ & $0.0283273$ & $0.0142586$ & $0.0122132$ & $0.0542556$ & $-0.0310538$ & $0.0268878$ & $-0.0156076$ & $0.0246915$ & $0.0318875$ & $0.0124469$ \\
CHQ1_33 & $-0.0436118$ & $0.0580802$ & $0.0374749$ & $0.0557442$ & $-0.0128978$ & $-0.132688$ & $-0.0188568$ & $-0.646325$ & $-0.640657$ & $0.390667$ & $0.265149$ & $0.015539$ & $0.0318684$ & $0.377893$ & $-0.00441926$ & $-0.015856$ & $0.748631$ & $0.732302$ & $0.741299$ & $-0.232064$ & $-0.299329$ & $-0.309127$ & $-0.132247$ & $1$ & $0.748213$ & $0.223269$ & $-0.38513$ & $-0.103558$ & $0.0246665$ & $0.0480886$ & $0.00124867$ & $-0.0198079$ & $0.0398507$ & $-0.60862$ & $-0.0110794$ & $0.0431517$ & $0.00966642$ & $-0.0148521$ & $-0.0358274$ & $0.0130655$ & $0.0206486$ & $0.0213863$ & $0.0108591$ & $-0.00382908$ & $-0.0228969$ & $0.000466324$ & $0.014927$ & $0.0302185$ & $0.0108335$ \\
CHQ3_11 & $-0.109638$ & $0.0507646$ & $0.00728199$ & $0.034268$ & $-0.0406542$ & $-0.208688$ & $-0.043573$ & $-0.364774$ & $-0.358765$ & $0.229585$ & $-0.0411728$ & $-0.127767$ & $0.0926382$ & $0.576455$ & $-0.0865312$ & $-0.0826584$ & $0.844888$ & $0.8612$ & $0.861382$ & $0.0480702$ & $0.0345427$ & $0.0237066$ & $0.0485371$ & $0.748213$ & $1$ & $-0.00383233$ & $0.152136$ & $-0.00513825$ & $0.0522009$ & $0.0779629$ & $0.0306612$ & $-0.0535748$ & $0.0891788$ & $-0.237705$ & $-0.00406602$ & $0.0300195$ & $-0.00838168$ & $0.00770553$ & $0.0201965$ & $0.0334739$ & $0.0345955$ & $0.00916618$ & $0.0256028$ & $0.00652233$ & $-0.0401281$ & $-0.0220629$ & $0.0208554$ & $0.0445097$ & $0.0317702$ \\
CHu_11 & $-0.00869075$ & $0.0642679$ & $0.00315858$ & $0.0765471$ & $-0.0132773$ & $0.0770412$ & $0.0886362$ & $-0.650417$ & $-0.649117$ & $0.368737$ & $0.708249$ & $0.268336$ & $-0.113406$ & $-0.471102$ & $-0.382244$ & $-0.376467$ & $-0.115281$ & $0.0353479$ & $0.0141776$ & $-0.700137$ & $-0.71006$ & $-0.701684$ & $-0.576402$ & $0.223269$ & $-0.00383233$ & $1$ & $-0.250889$ & $-0.3223$ & $-0.0169232$ & $-0.0710308$ & $-0.0675643$ & $0.0954959$ & $-0.0873966$ & $-0.282033$ & $0.00803221$ & $0.0234096$ & $0.023383$ & $-0.0543694$ & $-0.0984073$ & $-0.0279599$ & $0.00195843$ & $0.00383785$ & $-0.0816836$ & $0.0165452$ & $0.00014399$ & $0.0622659$ & $-0.0251776$ & $-0.00325079$ & $0.00324577$ \\
CHd_11 & $-0.0574389$ & $0.0143585$ & $-0.0396714$ & $-0.00749705$ & $-0.0301305$ & $-0.0410264$ & $0.00141417$ & $0.424261$ & $0.420188$ & $-0.22584$ & $-0.321251$ & $-0.135011$ & $0.0269061$ & $0.0314626$ & $-0.248453$ & $-0.24341$ & $-0.129237$ & $-0.0280757$ & $-0.0363826$ & $0.271714$ & $0.375923$ & $0.377015$ & $0.379053$ & $-0.38513$ & $0.152136$ & $-0.250889$ & $1$ & $0.177695$ & $0.000862815$ & $0.00263379$ & $0.0275641$ & $-0.00594094$ & $0.0220465$ & $0.669211$ & $0.0193812$ & $-0.0425846$ & $-0.0463206$ & $0.0295293$ & $0.0597806$ & $-0.0169169$ & $0.0233961$ & $-0.019549$ & $0.00125825$ & $0.00218393$ & $-0.00841374$ & $-0.0169327$ & $0.0236006$ & $0.00696642$ & $0.0186716$ \\
CHd_33 & $-0.021171$ & $-0.0666358$ & $-0.0324357$ & $-0.0397939$ & $0.0151509$ & $-0.0887062$ & $-0.0205407$ & $0.441895$ & $0.434283$ & $-0.252519$ & $-0.469798$ & $-0.127445$ & $0.0127951$ & $0.289449$ & $0.262391$ & $0.269278$ & $0.055154$ & $-0.0451992$ & $-0.0386043$ & $0.468873$ & $0.470994$ & $0.464114$ & $0.00343042$ & $-0.103558$ & $-0.00513825$ & $-0.3223$ & $0.177695$ & $1$ & $0.0144083$ & $0.00986235$ & $0.0529887$ & $-0.0337203$ & $0.0204025$ & $0.190958$ & $-0.0528749$ & $0.0161481$ & $-0.0128193$ & $0.0419842$ & $0.0399663$ & $-0.00384867$ & $-0.0258902$ & $-0.0761101$ & $0.0344904$ & $0.00625695$ & $-0.0076027$ & $-0.0408853$ & $0.0377555$ & $-0.0565096$ & $0.0405655$ \\
CeH_22r & $0.0458318$ & $0.00882617$ & $-0.0071008$ & $0.0538061$ & $-0.0260241$ & $-0.0488072$ & $-0.133034$ & $0.0021761$ & $0.0166727$ & $-0.0606747$ & $-0.0294465$ & $-0.0745529$ & $0.186901$ & $0.0449635$ & $0.0240733$ & $0.0271839$ & $0.059179$ & $0.0432736$ & $0.0441338$ & $0.0322218$ & $0.0282702$ & $0.0301017$ & $-0.00112865$ & $0.0246665$ & $0.0522009$ & $-0.0169232$ & $0.000862815$ & $0.0144083$ & $1$ & $0.16173$ & $0.0889417$ & $-0.139397$ & $0.159112$ & $-0.0125174$ & $-0.0296342$ & $-0.0260848$ & $-0.0239076$ & $-0.0263496$ & $0.0375799$ & $-0.00438216$ & $-0.0218877$ & $0.0344054$ & $0.0382654$ & $-0.0364457$ & $0.0341968$ & $0.0201916$ & $0.0215826$ & $-0.0431015$ & $0.0148604$ \\
CeH_33r & $0.00652956$ & $0.039598$ & $-0.0489533$ & $-0.0227024$ & $-0.00663867$ & $-0.073605$ & $-0.579609$ & $0.023487$ & $0.049036$ & $-0.194728$ & $-0.0674567$ & $-0.22398$ & $0.721055$ & $0.101761$ & $0.0474627$ & $0.0756465$ & $0.0855137$ & $0.0676667$ & $0.0577539$ & $0.069155$ & $0.0609957$ & $0.0653915$ & $0.0365671$ & $0.0480886$ & $0.0779629$ & $-0.0710308$ & $0.00263379$ & $0.00986235$ & $0.16173$ & $1$ & $0.457151$ & $-0.446275$ & $0.801851$ & $-0.0139175$ & $-0.0386355$ & $0.0606445$ & $-0.114494$ & $-0.00392999$ & $-0.0948963$ & $-0.00841187$ & $0.00959876$ & $0.0479255$ & $-0.00398019$ & $-0.0383443$ & $0.0980267$ & $0.00232902$ & $-0.00397002$ & $-0.0181936$ & $0.00158033$ \\
CuH_22r & $0.0154345$ & $0.0122389$ & $-0.0959246$ & $0.0195175$ & $0.00500238$ & $-0.0133358$ & $-0.306087$ & $0.0517448$ & $0.0697838$ & $-0.104501$ & $-0.0691607$ & $-0.188285$ & $0.408548$ & $0.0790447$ & $0.0532258$ & $0.0302651$ & $0.0152297$ & $0.00893883$ & $0.0311402$ & $0.0699932$ & $0.0654871$ & $0.064613$ & $0.0206814$ & $0.00124867$ & $0.0306612$ & $-0.0675643$ & $0.0275641$ & $0.0529887$ & $0.0889417$ & $0.457151$ & $1$ & $-0.208455$ & $0.475042$ & $-0.0122943$ & $-0.0655265$ & $0.0459823$ & $-0.0896102$ & $-0.0510462$ & $-0.0553709$ & $-0.0230409$ & $0.0174232$ & $0.0638282$ & $0.0290833$ & $0.0215076$ & $-0.017791$ & $0.110447$ & $0.352544$ & $-0.0428265$ & $-0.00507012$ \\
CuH_33r & $-0.00183743$ & $0.0209185$ & $0.070161$ & $0.0171618$ & $-0.0114782$ & $0.0730126$ & $0.953347$ & $-0.0647633$ & $-0.0492532$ & $0.231216$ & $0.103699$ & $0.378438$ & $-0.685598$ & $-0.104506$ & $-0.0723779$ & $-0.0790443$ & $-0.0866453$ & $-0.0462947$ & $-0.0487616$ & $-0.103588$ & $-0.100154$ & $-0.0993235$ & $-0.0399707$ & $-0.0198079$ & $-0.0535748$ & $0.0954959$ & $-0.00594094$ & $-0.0337203$ & $-0.139397$ & $-0.446275$ & $-0.208455$ & $1$ & $-0.436753$ & $-0.00555659$ & $-0.00602811$ & $-0.100749$ & $-0.027179$ & $0.0345935$ & $-0.00660722$ & $0.0177835$ & $0.00767091$ & $0.002157$ & $-0.0149925$ & $0.0474645$ & $-0.0671192$ & $0.00324076$ & $0.0219639$ & $0.0271257$ & $-0.047206$ \\
CdH_33r & $-0.0253059$ & $0.00152902$ & $-0.0373944$ & $-0.0376215$ & $0.0147275$ & $-0.0616978$ & $-0.588683$ & $0.0500929$ & $0.0722653$ & $-0.23396$ & $-0.0986083$ & $-0.252774$ & $0.717236$ & $0.134578$ & $0.0560592$ & $0.0686749$ & $0.0927637$ & $0.0752136$ & $0.0754254$ & $0.0965345$ & $0.0951393$ & $0.0955836$ & $0.0314697$ & $0.0398507$ & $0.0891788$ & $-0.0873966$ & $0.0220465$ & $0.0204025$ & $0.159112$ & $0.801851$ & $0.475042$ & $-0.436753$ & $1$ & $-0.00245414$ & $-0.00147782$ & $0.0649376$ & $-0.160756$ & $0.0120019$ & $-0.054402$ & $-0.0296422$ & $0.00349422$ & $0.0496354$ & $0.00965001$ & $-0.0610918$ & $0.0350918$ & $-0.0134151$ & $0.00142291$ & $0.0986699$ & $0.375227$ \\
CLL_1221 & $-0.00420613$ & $0.0292544$ & $-0.0123295$ & $-0.0307117$ & $-0.0226425$ & $-0.0661344$ & $-0.00298028$ & $0.517883$ & $0.509738$ & $-0.280944$ & $-0.330056$ & $-0.114942$ & $0.0249891$ & $-0.129259$ & $-0.451004$ & $0.00803208$ & $-0.256838$ & $-0.0503753$ & $-0.372777$ & $0.277415$ & $0.390975$ & $0.395608$ & $0.209301$ & $-0.60862$ & $-0.237705$ & $-0.282033$ & $0.669211$ & $0.190958$ & $-0.0125174$ & $-0.0139175$ & $-0.0122943$ & $-0.00555659$ & $-0.00245414$ & $1$ & $0.00772143$ & $-0.0433601$ & $0.0196391$ & $0.0406473$ & $0.074419$ & $-0.0534208$ & $-0.0113025$ & $-0.00207518$ & $-0.0167763$ & $0.0301112$ & $0.00110226$ & $0.00824991$ & $-0.0340447$ & $-0.02648$ & $-0.00938352$ \\
eHggint & $-0.085717$ & $0.00690448$ & $0.0340242$ & $0.0523046$ & $0.0144083$ & $0.0163784$ & $-0.0605769$ & $-0.0357684$ & $-0.0481816$ & $0.0545371$ & $0.0512311$ & $0.0625143$ & $0.0399559$ & $-0.041798$ & $-0.0526409$ & $-0.0650333$ & $-0.0320985$ & $-0.00698652$ & $-0.00147895$ & $-0.0552495$ & $-0.046494$ & $-0.0444088$ & $0.0564563$ & $-0.0110794$ & $-0.00406602$ & $0.00803221$ & $0.0193812$ & $-0.0528749$ & $-0.0296342$ & $-0.0386355$ & $-0.0655265$ & $-0.00602811$ & $-0.00147782$ & $0.00772143$ & $1$ & $-0.0765$ & $0.0878299$ & $-0.0338292$ & $0.0712144$ & $0.0155324$ & $-0.0502884$ & $-0.0157168$ & $0.045941$ & $0.0375482$ & $0.060432$ & $-0.0328484$ & $-0.0309286$ & $0.0030301$ & $0.0217901$ \\
eHggpar & $-0.0121636$ & $0.0170798$ & $0.0236283$ & $0.0220483$ & $0.0697048$ & $-0.0508663$ & $-0.120573$ & $-0.0284027$ & $-0.0337428$ & $-0.00682144$ & $0.00816191$ & $-0.0232976$ & $0.120823$ & $0.0142492$ & $0.0256327$ & $0.0452553$ & $0.0435952$ & $0.0267728$ & $0.0172719$ & $-0.00232107$ & $-0.0113011$ & $-0.00828254$ & $-0.000418518$ & $0.0431517$ & $0.0300195$ & $0.0234096$ & $-0.0425846$ & $0.0161481$ & $-0.0260848$ & $0.0606445$ & $0.0459823$ & $-0.100749$ & $0.0649376$ & $-0.0433601$ & $-0.0765$ & $1$ & $0.0449627$ & $0.00610039$ & $-0.01911$ & $-0.0255236$ & $-0.0668542$ & $-0.035818$ & $-0.0448564$ & $0.0759403$ & $-0.0638787$ & $-0.0481488$ & $-0.00597959$ & $0.0962232$ & $0.0496906$ \\
eHWWint & $-0.0160459$ & $0.0351589$ & $0.0111102$ & $0.0244273$ & $0.0307791$ & $0.0129311$ & $-0.0158486$ & $0.00018606$ & $-0.0166502$ & $0.0213045$ & $-0.0141254$ & $0.03675$ & $0.000301212$ & $0.016877$ & $-0.0146231$ & $0.0112396$ & $0.0338299$ & $0.0339954$ & $0.0167341$ & $0.0120205$ & $0.0172969$ & $0.0173349$ & $-0.0631765$ & $0.00966642$ & $-0.00838168$ & $0.023383$ & $-0.0463206$ & $-0.0128193$ & $-0.0239076$ & $-0.114494$ & $-0.0896102$ & $-0.027179$ & $-0.160756$ & $0.0196391$ & $0.0878299$ & $0.0449627$ & $1$ & $0.00456822$ & $0.02164$ & $-0.0258842$ & $-0.031919$ & $0.00735458$ & $-0.0418589$ & $0.0261656$ & $0.0369958$ & $-0.00368524$ & $0.00164722$ & $-0.0646846$ & $-0.0622343$ \\
eHWWpar & $-0.0075215$ & $0.0148067$ & $0.009184$ & $0.0361848$ & $0.00754251$ & $0.0237817$ & $0.0316891$ & $0.022435$ & $0.0216345$ & $-0.00102637$ & $-0.0225887$ & $-0.0117657$ & $-0.00152609$ & $0.0167491$ & $-0.0215967$ & $0.0051301$ & $-0.00059414$ & $0.016264$ & $-0.0050992$ & $0.0232596$ & $0.0243541$ & $0.0273878$ & $0.0598715$ & $-0.0148521$ & $0.00770553$ & $-0.0543694$ & $0.0295293$ & $0.0419842$ & $-0.0263496$ & $-0.00392999$ & $-0.0510462$ & $0.0345935$ & $0.0120019$ & $0.0406473$ & $-0.0338292$ & $0.00610039$ & $0.00456822$ & $1$ & $0.0421015$ & $0.0056792$ & $-0.0274074$ & $-0.0337234$ & $0.0363702$ & $0.0375488$ & $0.052708$ & $0.0419012$ & $-0.027111$ & $0.0234962$ & $0.0311443$ \\
eHZZint & $-0.0137903$ & $0.051394$ & $0.0156172$ & $-0.098657$ & $0.0321683$ & $-0.00875188$ & $-5.60087e-05$ & $0.0505112$ & $0.0429566$ & $-0.0155971$ & $-0.0553778$ & $-0.0862082$ & $-0.0439236$ & $0.0585206$ & $-0.028983$ & $-0.0228061$ & $0.00443647$ & $0.035316$ & $0.0230259$ & $0.0508836$ & $0.0627661$ & $0.060918$ & $0.0798362$ & $-0.0358274$ & $0.0201965$ & $-0.0984073$ & $0.0597806$ & $0.0399663$ & $0.0375799$ & $-0.0948963$ & $-0.0553709$ & $-0.00660722$ & $-0.054402$ & $0.074419$ & $0.0712144$ & $-0.01911$ & $0.02164$ & $0.0421015$ & $1$ & $0.0329289$ & $0.00841743$ & $-0.0531217$ & $-0.0025483$ & $-0.0121095$ & $-0.0264601$ & $0.0933504$ & $-0.0517984$ & $-0.0558744$ & $0.0328477$ \\
eHZZpar & $-0.0230879$ & $-0.0335814$ & $-0.023885$ & $-0.0613185$ & $-0.04429$ & $-0.0417408$ & $0.0314856$ & $-0.00972764$ & $-0.00509665$ & $-0.0126593$ & $-0.00557495$ & $0.00482858$ & $-0.0135553$ & $0.0195658$ & $0.052182$ & $-0.0238189$ & $0.0362605$ & $-0.000519561$ & $0.0489613$ & $0.00606589$ & $0.00175435$ & $-0.00135703$ & $0.0283273$ & $0.0130655$ & $0.0334739$ & $-0.0279599$ & $-0.0169169$ & $-0.00384867$ & $-0.00438216$ & $-0.00841187$ & $-0.0230409$ & $0.0177835$ & $-0.0296422$ & $-0.0534208$ & $0.0155324$ & $-0.0255236$ & $-0.0258842$ & $0.0056792$ & $0.0329289$ & $1$ & $-0.00392074$ & $-0.033609$ & $0.0274602$ & $0.0345152$ & $-0.0365744$ & $-0.0308579$ & $0.0830998$ & $-0.0389553$ & $-0.0268404$ \\
eHZgaint & $-0.00478108$ & $-0.0194892$ & $0.02991$ & $0.0327445$ & $0.0125897$ & $-0.00157391$ & $0.0159277$ & $-0.0114024$ & $-0.00833785$ & $-0.012063$ & $0.000814578$ & $-0.0258135$ & $0.00962325$ & $0.00587997$ & $0.00528547$ & $-0.0408194$ & $0.0340665$ & $0.0160589$ & $0.0458443$ & $-0.00237994$ & $0.000665422$ & $-0.00666007$ & $0.0142586$ & $0.0206486$ & $0.0345955$ & $0.00195843$ & $0.0233961$ & $-0.0258902$ & $-0.0218877$ & $0.00959876$ & $0.0174232$ & $0.00767091$ & $0.00349422$ & $-0.0113025$ & $-0.0502884$ & $-0.0668542$ & $-0.031919$ & $-0.0274074$ & $0.00841743$ & $-0.00392074$ & $1$ & $0.00177165$ & $0.0589067$ & $-0.0303273$ & $-0.038638$ & $-0.0354997$ & $0.0884507$ & $0.0777134$ & $-0.028907$ \\
eHZgapar & $0.0221202$ & $0.147617$ & $0.0300201$ & $0.0580908$ & $-0.0632666$ & $0.0358446$ & $-0.000462324$ & $-0.0435965$ & $-0.029345$ & $0.0435922$ & $0.0356642$ & $0.0366973$ & $0.0430001$ & $-0.00198054$ & $-0.0331041$ & $-0.0355411$ & $0.0136475$ & $0.0273222$ & $0.0256963$ & $-0.035427$ & $-0.031916$ & $-0.0301593$ & $0.0122132$ & $0.0213863$ & $0.00916618$ & $0.00383785$ & $-0.019549$ & $-0.0761101$ & $0.0344054$ & $0.0479255$ & $0.0638282$ & $0.002157$ & $0.0496354$ & $-0.00207518$ & $-0.0157168$ & $-0.035818$ & $0.00735458$ & $-0.0337234$ & $-0.0531217$ & $-0.033609$ & $0.00177165$ & $1$ & $0.0077756$ & $-0.0272785$ & $0.00495265$ & $-0.0233285$ & $0.0359996$ & $0.0334102$ & $-0.0125714$ \\
eHgagaint & $-0.0605166$ & $-0.0408335$ & $0.0432065$ & $-0.0551106$ & $-0.00480719$ & $-0.0322079$ & $-0.000876434$ & $0.0128553$ & $0.0669879$ & $-0.00887246$ & $-0.0196636$ & $-0.00924103$ & $0.00638787$ & $0.0316813$ & $0.0327985$ & $0.00678745$ & $0.0151511$ & $0.000392233$ & $0.0124144$ & $0.016512$ & $0.0161362$ & $0.0149933$ & $0.0542556$ & $0.0108591$ & $0.0256028$ & $-0.0816836$ & $0.00125825$ & $0.0344904$ & $0.0382654$ & $-0.00398019$ & $0.0290833$ & $-0.0149925$ & $0.00965001$ & $-0.0167763$ & $0.045941$ & $-0.0448564$ & $-0.0418589$ & $0.0363702$ & $-0.0025483$ & $0.0274602$ & $0.0589067$ & $0.0077756$ & $1$ & $-0.032449$ & $-0.00207782$ & $0.0396101$ & $0.112371$ & $-0.0163882$ & $0.0277035$ \\
eHmumuint & $0.0530353$ & $0.047108$ & $0.0805673$ & $0.00100391$ & $0.0303052$ & $0.0111676$ & $0.0292742$ & $0.0110898$ & $0.0109652$ & $0.0140424$ & $-0.0229564$ & $0.0414183$ & $-0.0196194$ & $0.0276635$ & $-0.0155478$ & $-0.00123915$ & $0.0240957$ & $0.0353275$ & $0.0225074$ & $0.0223484$ & $0.026309$ & $0.0265121$ & $-0.0310538$ & $-0.00382908$ & $0.00652233$ & $0.0165452$ & $0.00218393$ & $0.00625695$ & $-0.0364457$ & $-0.0383443$ & $0.0215076$ & $0.0474645$ & $-0.0610918$ & $0.0301112$ & $0.0375482$ & $0.0759403$ & $0.0261656$ & $0.0375488$ & $-0.0121095$ & $0.0345152$ & $-0.0303273$ & $-0.0272785$ & $-0.032449$ & $1$ & $-0.033842$ & $0.105234$ & $0.000419496$ & $0.0405452$ & $-0.129806$ \\
eHtautauint & $0.0228897$ & $0.0538178$ & $-0.062583$ & $0.0047125$ & $-0.0386795$ & $0.00303712$ & $-0.0746443$ & $-0.0218002$ & $-0.0224828$ & $0.000660999$ & $0.0425837$ & $0.0225354$ & $0.0545422$ & $-0.0598691$ & $-0.0125384$ & $-0.0426978$ & $-0.0340112$ & $-0.0422752$ & $-0.0313223$ & $-0.0451814$ & $-0.0436173$ & $-0.0453944$ & $0.0268878$ & $-0.0228969$ & $-0.0401281$ & $0.00014399$ & $-0.00841374$ & $-0.0076027$ & $0.0341968$ & $0.0980267$ & $-0.017791$ & $-0.0671192$ & $0.0350918$ & $0.00110226$ & $0.060432$ & $-0.0638787$ & $0.0369958$ & $0.052708$ & $-0.0264601$ & $-0.0365744$ & $-0.038638$ & $0.00495265$ & $-0.00207782$ & $-0.033842$ & $1$ & $-0.0643734$ & $-0.0944113$ & $-0.0578159$ & $-0.00910446$ \\
eHccint & $0.0301613$ & $0.189842$ & $0.0675909$ & $0.0367492$ & $0.0861836$ & $-0.00660142$ & $0.00744952$ & $-0.0658561$ & $-0.0599205$ & $0.0796125$ & $0.081698$ & $0.0111548$ & $-0.00451919$ & $-0.0620647$ & $-0.0610488$ & $-0.0381372$ & $-0.0298147$ & $-0.00431879$ & $-0.0200363$ & $-0.0805521$ & $-0.076462$ & $-0.0691114$ & $-0.0156076$ & $0.000466324$ & $-0.0220629$ & $0.0622659$ & $-0.0169327$ & $-0.0408853$ & $0.0201916$ & $0.00232902$ & $0.110447$ & $0.00324076$ & $-0.0134151$ & $0.00824991$ & $-0.0328484$ & $-0.0481488$ & $-0.00368524$ & $0.0419012$ & $0.0933504$ & $-0.0308579$ & $-0.0354997$ & $-0.0233285$ & $0.0396101$ & $0.105234$ & $-0.0643734$ & $1$ & $0.00493296$ & $-0.0415526$ & $-0.0477546$ \\
eHccpar & $-0.033827$ & $0.0263786$ & $-0.0798415$ & $0.0100875$ & $-0.0391841$ & $0.00406616$ & $0.0227233$ & $0.00458594$ & $0.0124943$ & $0.024846$ & $-0.00981521$ & $0.00486994$ & $0.00566535$ & $0.0200082$ & $0.0270938$ & $-0.0361024$ & $-0.0048664$ & $-0.0110913$ & $0.0357779$ & $0.011301$ & $0.00929904$ & $0.0124752$ & $0.0246915$ & $0.014927$ & $0.0208554$ & $-0.0251776$ & $0.0236006$ & $0.0377555$ & $0.0215826$ & $-0.00397002$ & $0.352544$ & $0.0219639$ & $0.00142291$ & $-0.0340447$ & $-0.0309286$ & $-0.00597959$ & $0.00164722$ & $-0.027111$ & $-0.0517984$ & $0.0830998$ & $0.0884507$ & $0.0359996$ & $0.112371$ & $0.000419496$ & $-0.0944113$ & $0.00493296$ & $1$ & $-0.00292162$ & $0.0150996$ \\
eHbbint & $0.00230717$ & $-0.0388652$ & $0.0801756$ & $0.0042158$ & $-0.0160014$ & $-0.0135096$ & $0.0114034$ & $-0.0300126$ & $-0.035729$ & $0.0636444$ & $0.0147444$ & $0.0172654$ & $0.000622674$ & $-0.00382$ & $0.00291253$ & $-0.0184299$ & $0.0473702$ & $0.0231105$ & $0.0420942$ & $-0.0165473$ & $-0.0132319$ & $-0.0150743$ & $0.0318875$ & $0.0302185$ & $0.0445097$ & $-0.00325079$ & $0.00696642$ & $-0.0565096$ & $-0.0431015$ & $-0.0181936$ & $-0.0428265$ & $0.0271257$ & $0.0986699$ & $-0.02648$ & $0.0030301$ & $0.0962232$ & $-0.0646846$ & $0.0234962$ & $-0.0558744$ & $-0.0389553$ & $0.0777134$ & $0.0334102$ & $-0.0163882$ & $0.0405452$ & $-0.0578159$ & $-0.0415526$ & $-0.00292162$ & $1$ & $0.011701$ \\
eHbbpar & $-0.0808805$ & $-0.024034$ & $0.0033917$ & $-0.0198704$ & $0.00523586$ & $0.00487253$ & $-0.0517036$ & $0.00696915$ & $0.00642389$ & $-0.0415334$ & $-0.0176365$ & $-0.0331319$ & $0.0273419$ & $0.0437758$ & $0.00523254$ & $-0.0211374$ & $0.0122048$ & $0.0201239$ & $0.0380692$ & $0.0144398$ & $0.0197049$ & $0.0179811$ & $0.0124469$ & $0.0108335$ & $0.0317702$ & $0.00324577$ & $0.0186716$ & $0.0405655$ & $0.0148604$ & $0.00158033$ & $-0.00507012$ & $-0.047206$ & $0.375227$ & $-0.00938352$ & $0.0217901$ & $0.0496906$ & $-0.0622343$ & $0.0311443$ & $0.0328477$ & $-0.0268404$ & $-0.028907$ & $-0.0125714$ & $0.0277035$ & $-0.129806$ & $-0.00910446$ & $-0.0477546$ & $0.0150996$ & $0.011701$ & $1$ \\
