 & AlsMz & dAle5Mz & mtop & mHl & Mz & CW & CHG & CHWB & CHWHB_gaga & CHWHB_gagaorth & CHD & CHbox & CH & CHL1_11 & CHL1_22 & CHL1_33 & CHL3_11 & CHL3_22 & CHL3_33 & CHe_11 & CHe_22 & CHe_33 & CHQ1_11 & CHQ1_33 & CHQ3_11 & CHu_11 & CHd_11 & CHd_33 & CeH_22r & CeH_33r & CuH_22r & CuH_33r & CdH_33r & CLL_1221 & eHggint & eHggpar & eHWWint & eHWWpar & eHZZint & eHZZpar & eHZgaint & eHZgapar & eHgagaint & eHmumuint & eHtautauint & eHccint & eHccpar & eHbbint & eHbbpar \\
AlsMz & $1$ & $0.0125272$ & $-0.228654$ & $-0.102192$ & $0.00930579$ & $0.00538668$ & $-0.00632595$ & $-0.00196585$ & $-0.00852736$ & $0.0156253$ & $-0.0143551$ & $0.00317154$ & $-0.0107998$ & $0.0161643$ & $0.000663204$ & $-0.00260033$ & $0.0175023$ & $0.014649$ & $0.0176334$ & $0.00425241$ & $0.00570794$ & $0.00664105$ & $-0.00752641$ & $-0.0374292$ & $-0.0729224$ & $-0.0255359$ & $-0.0130982$ & $0.0201743$ & $-0.0132346$ & $-0.0177734$ & $-0.036419$ & $-0.00818004$ & $0.0401498$ & $-0.0011867$ & $-0.0142132$ & $0.175192$ & $0.0768892$ & $-0.00727196$ & $-0.153634$ & $-0.0183885$ & $-0.215386$ & $0.0314105$ & $-0.0783165$ & $0.249707$ & $0.0537393$ & $0.0343482$ & $-0.106401$ & $0.265485$ & $0.0618093$ \\
dAle5Mz & $0.0125272$ & $1$ & $-0.0128831$ & $-0.233708$ & $0.0135595$ & $0.0119493$ & $0.015219$ & $-0.0698181$ & $-0.0554519$ & $0.0267811$ & $0.0589596$ & $0.0448659$ & $0.000652121$ & $-0.0323918$ & $-0.0103384$ & $-0.00102213$ & $0.0091446$ & $0.00496023$ & $-0.00290638$ & $-0.0367642$ & $-0.039552$ & $-0.0402842$ & $0.00290552$ & $0.0198682$ & $-6.21199e-05$ & $0.0181312$ & $-0.0204731$ & $-0.0157811$ & $-0.0148596$ & $-0.0331739$ & $-0.0675409$ & $0.0387634$ & $0.045204$ & $0.00774739$ & $0.272859$ & $0.160731$ & $0.0657223$ & $-0.0123377$ & $-0.13007$ & $-0.0556967$ & $0.193353$ & $0.0260239$ & $0.279947$ & $0.12309$ & $-0.191168$ & $0.0899631$ & $-0.185043$ & $-0.0158472$ & $0.174666$ \\
mtop & $-0.228654$ & $-0.0128831$ & $1$ & $0.13852$ & $-0.00369972$ & $-0.0175345$ & $0.0298374$ & $-0.00121496$ & $-0.0106611$ & $0.0130827$ & $0.00976694$ & $0.020501$ & $0.00502411$ & $-0.000276911$ & $0.00876224$ & $0.00177245$ & $-0.00158881$ & $-0.00650233$ & $-0.000531838$ & $-0.000645386$ & $-0.00265543$ & $-0.00273316$ & $0.010004$ & $0.0159523$ & $0.0238247$ & $0.00199523$ & $0.00529148$ & $-0.00248018$ & $-0.00170608$ & $-0.0127145$ & $-0.0587718$ & $0.0389019$ & $0.0681391$ & $-0.00822631$ & $0.0916928$ & $-0.0203033$ & $0.0517829$ & $0.00535245$ & $0.0689172$ & $0.0317974$ & $-0.079047$ & $-0.00969522$ & $-0.141636$ & $-0.142545$ & $0.00250013$ & $0.0521326$ & $-0.183915$ & $0.282859$ & $0.107575$ \\
mHl & $-0.102192$ & $-0.233708$ & $0.13852$ & $1$ & $-0.023756$ & $-0.0150469$ & $0.0308349$ & $0.0245254$ & $0.0276367$ & $-0.0177142$ & $-0.0223184$ & $-0.0279189$ & $-0.01175$ & $0.0129589$ & $-0.00218553$ & $-0.00457551$ & $0.00359795$ & $0.00477286$ & $0.00541254$ & $0.0181887$ & $0.0200191$ & $0.0197918$ & $-0.00297051$ & $-0.00145707$ & $0.0193875$ & $-0.00237376$ & $0.0234892$ & $-0.00244833$ & $0.0179244$ & $0.0137644$ & $-0.00537551$ & $0.0230945$ & $0.0668495$ & $0.00921005$ & $-0.1588$ & $-0.0358951$ & $-0.0404414$ & $0.000477735$ & $0.175721$ & $0.0376286$ & $0.0756101$ & $-0.035383$ & $0.0111719$ & $-0.0025907$ & $0.0839649$ & $0.0868409$ & $-0.0618217$ & $0.249943$ & $0.0662318$ \\
Mz & $0.00930579$ & $0.0135595$ & $-0.00369972$ & $-0.023756$ & $1$ & $0.0080842$ & $-0.00556898$ & $-0.00735771$ & $-0.00728027$ & $0.0049709$ & $0.0124858$ & $0.000776207$ & $-0.00435546$ & $0.0105861$ & $0.00325328$ & $0.0125164$ & $0.00404741$ & $0.00549258$ & $-0.000985788$ & $-0.00240782$ & $-0.0028453$ & $-0.00350785$ & $-0.0101791$ & $0.00416239$ & $0.00212947$ & $0.00947034$ & $-0.0106524$ & $-0.00158001$ & $0.000934822$ & $-0.00794535$ & $-0.00243997$ & $-0.00435571$ & $-0.00162642$ & $-0.0104058$ & $0.000249185$ & $0.0133776$ & $0.0158883$ & $0.00572871$ & $-0.0149701$ & $-0.00454487$ & $0.0193841$ & $0.0020718$ & $0.00625888$ & $0.00201463$ & $-0.0263449$ & $0.00402222$ & $-0.0174996$ & $-2.97234e-05$ & $0.00613922$ \\
CW & $0.00538668$ & $0.0119493$ & $-0.0175345$ & $-0.0150469$ & $0.0080842$ & $1$ & $-0.0034008$ & $-0.119779$ & $-0.11738$ & $0.0125211$ & $0.177301$ & $0.0490025$ & $-0.00088478$ & $0.0262959$ & $-0.0856037$ & $-0.0782739$ & $-0.257291$ & $-0.0433026$ & $-0.0487235$ & $-0.175498$ & $-0.179311$ & $-0.178657$ & $-0.00516073$ & $0.00344658$ & $-0.0872653$ & $0.0949432$ & $-0.0751285$ & $-0.0575718$ & $-0.00309748$ & $-0.00741907$ & $-0.000639674$ & $-0.00259505$ & $-0.00789581$ & $-0.113172$ & $0.0133734$ & $0.00639089$ & $0.0120049$ & $0.00365448$ & $-0.007544$ & $-0.0010273$ & $0.00199368$ & $0.000995896$ & $0.00368362$ & $-0.00292526$ & $0.0035295$ & $0.00917192$ & $0.0113632$ & $-0.0191139$ & $0.00420269$ \\
CHG & $-0.00632595$ & $0.015219$ & $0.0298374$ & $0.0308349$ & $-0.00556898$ & $-0.0034008$ & $1$ & $-0.108848$ & $-0.0595735$ & $0.0719482$ & $0.059074$ & $-0.118107$ & $-0.314785$ & $0.0666872$ & $-0.0211382$ & $-0.0164313$ & $0.0963182$ & $0.108304$ & $0.103981$ & $-0.0568608$ & $-0.0629095$ & $-0.063455$ & $-0.0155723$ & $0.113801$ & $0.103058$ & $0.0400654$ & $-0.0519858$ & $-0.0148468$ & $0.00390025$ & $-0.130169$ & $-0.0730539$ & $0.934707$ & $-0.173529$ & $-0.0714601$ & $-0.0158233$ & $-0.0444458$ & $0.0318138$ & $-0.0122473$ & $-0.00318414$ & $0.0137157$ & $0.0165965$ & $0.0175014$ & $-0.0104104$ & $0.0371784$ & $0.0131159$ & $0.0429485$ & $-0.00887293$ & $0.0064394$ & $-0.0232708$ \\
CHWB & $-0.00196585$ & $-0.0698181$ & $-0.00121496$ & $0.0245254$ & $-0.00735771$ & $-0.119779$ & $-0.108848$ & $1$ & $0.984504$ & $-0.576956$ & $-0.880018$ & $-0.145125$ & $0.350779$ & $0.0980195$ & $0.299177$ & $0.286981$ & $-0.237823$ & $-0.435374$ & $-0.428169$ & $0.851439$ & $0.89765$ & $0.88026$ & $0.0712158$ & $-0.674868$ & $-0.397211$ & $-0.511482$ & $0.432829$ & $0.306136$ & $0.0210556$ & $0.114844$ & $0.0576998$ & $-0.104096$ & $0.121175$ & $0.56966$ & $-0.0307805$ & $-0.0129676$ & $-0.00276734$ & $0.00989386$ & $0.0113647$ & $0.00719341$ & $-0.00694702$ & $0.00310571$ & $-0.0206652$ & $0.00511609$ & $-0.0105317$ & $-0.00548743$ & $0.0229331$ & $-0.00711398$ & $-0.00725743$ \\
CHWHB_gaga & $-0.00852736$ & $-0.0554519$ & $-0.0106611$ & $0.0276367$ & $-0.00728027$ & $-0.11738$ & $-0.0595735$ & $0.984504$ & $1$ & $-0.567347$ & $-0.863642$ & $-0.124792$ & $0.345395$ & $0.0904494$ & $0.294344$ & $0.282906$ & $-0.240483$ & $-0.433948$ & $-0.427298$ & $0.836116$ & $0.881231$ & $0.864398$ & $0.0699795$ & $-0.667909$ & $-0.395968$ & $-0.501557$ & $0.425546$ & $0.300254$ & $0.0276021$ & $0.135793$ & $0.0705582$ & $-0.0639925$ & $0.143866$ & $0.561323$ & $-0.046418$ & $-0.0227635$ & $-0.0161209$ & $0.00660232$ & $0.00480962$ & $0.00420671$ & $-0.0018988$ & $0.00426162$ & $0.0422967$ & $0.0126421$ & $-0.00568094$ & $-0.0214011$ & $0.0318849$ & $-0.00978858$ & $-0.00353898$ \\
CHWHB_gagaorth & $0.0156253$ & $0.0267811$ & $0.0130827$ & $-0.0177142$ & $0.0049709$ & $0.0125211$ & $0.0719482$ & $-0.576956$ & $-0.567347$ & $1$ & $0.36649$ & $0.506768$ & $-0.2502$ & $0.21854$ & $-0.128271$ & $-0.128846$ & $0.425788$ & $0.485632$ & $0.484726$ & $-0.352549$ & $-0.382749$ & $-0.37656$ & $-0.0551952$ & $0.553671$ & $0.472393$ & $0.222367$ & $-0.240085$ & $-0.131438$ & $-0.0192537$ & $-0.125947$ & $-0.0698034$ & $0.0866866$ & $-0.13667$ & $-0.357067$ & $0.0340195$ & $0.0192429$ & $0.0102795$ & $-0.0174513$ & $-0.0172933$ & $0.00726212$ & $-0.0502813$ & $-0.0015097$ & $0.00382726$ & $-0.0141849$ & $0.0109002$ & $-0.00287512$ & $-0.0165382$ & $0.0216043$ & $0.0116462$ \\
CHD & $-0.0143551$ & $0.0589596$ & $0.00976694$ & $-0.0223184$ & $0.0124858$ & $0.177301$ & $0.059074$ & $-0.880018$ & $-0.863642$ & $0.36649$ & $1$ & $0.237057$ & $-0.171528$ & $-0.512273$ & $-0.42485$ & $-0.406636$ & $-0.21717$ & $0.0683343$ & $0.0625681$ & $-0.990471$ & $-0.991324$ & $-0.970777$ & $-0.0159721$ & $0.3114$ & $0.0175195$ & $0.567922$ & $-0.301824$ & $-0.336395$ & $-0.0117076$ & $-0.0621092$ & $-0.0337854$ & $0.0672336$ & $-0.0650904$ & $-0.371544$ & $0.0405396$ & $0.0193984$ & $0.00223955$ & $-0.0087111$ & $-0.0108742$ & $-0.0101554$ & $0.0197135$ & $-0.00361358$ & $0.0120966$ & $-0.0114905$ & $0.0105873$ & $0.00909569$ & $-0.0236304$ & $-0.00452168$ & $0.00882815$ \\
CHbox & $0.00317154$ & $0.0448659$ & $0.020501$ & $-0.0279189$ & $0.000776207$ & $0.0490025$ & $-0.118107$ & $-0.145125$ & $-0.124792$ & $0.506768$ & $0.237057$ & $1$ & $0.344354$ & $-0.246407$ & $-0.0296599$ & $-0.0281515$ & $-0.196145$ & $-0.149407$ & $-0.14745$ & $-0.218284$ & $-0.240187$ & $-0.233202$ & $-0.00901314$ & $-0.0239333$ & $-0.14671$ & $0.136473$ & $-0.100561$ & $-0.0774003$ & $0.030257$ & $0.28623$ & $0.0723542$ & $-0.021684$ & $0.332884$ & $-0.099323$ & $0.0860298$ & $0.05437$ & $0.020928$ & $-0.0208252$ & $-0.0231156$ & $-0.00412271$ & $-0.0227649$ & $-0.00287134$ & $-0.0144107$ & $-0.0277864$ & $0.00825075$ & $0.0121324$ & $-0.0250665$ & $0.00422028$ & $0.0194955$ \\
CH & $-0.0107998$ & $0.000652121$ & $0.00502411$ & $-0.01175$ & $-0.00435546$ & $-0.00088478$ & $-0.314785$ & $0.350779$ & $0.345395$ & $-0.2502$ & $-0.171528$ & $0.344354$ & $1$ & $-0.244373$ & $0.0711702$ & $0.0701857$ & $-0.358745$ & $-0.386377$ & $-0.384285$ & $0.167143$ & $0.183266$ & $0.181492$ & $0.0371312$ & $-0.397522$ & $-0.373182$ & $-0.106543$ & $0.143705$ & $0.0639586$ & $0.0504633$ & $0.281229$ & $0.117248$ & $-0.260425$ & $0.339025$ & $0.224106$ & $0.0200655$ & $0.0276043$ & $0.00635001$ & $-0.00192335$ & $-0.00204908$ & $-0.00575944$ & $0.014686$ & $0.00059767$ & $-0.0118863$ & $-0.0227365$ & $-0.0049072$ & $0.00184793$ & $-0.00201227$ & $-0.0227419$ & $0.00793316$ \\
CHL1_11 & $0.0161643$ & $-0.0323918$ & $-0.000276911$ & $0.0129589$ & $0.0105861$ & $0.0262959$ & $0.0666872$ & $0.0980195$ & $0.0904494$ & $0.21854$ & $-0.512273$ & $-0.246407$ & $-0.244373$ & $1$ & $0.279417$ & $0.264095$ & $0.664646$ & $0.599268$ & $0.598179$ & $0.530965$ & $0.472101$ & $0.458159$ & $-0.0763227$ & $0.470835$ & $0.60107$ & $-0.276005$ & $-0.0964981$ & $0.155928$ & $-0.00904557$ & $-0.0668507$ & $-0.0299712$ & $0.0413691$ & $-0.0753117$ & $-0.218373$ & $-0.0354304$ & $-0.020932$ & $-0.00061894$ & $0.00241198$ & $0.009698$ & $0.0113351$ & $-0.0287332$ & $0.0013509$ & $0.000226575$ & $0.00376702$ & $0.00101242$ & $-0.0125234$ & $0.0141254$ & $0.0201123$ & $-0.0139911$ \\
CHL1_22 & $0.000663204$ & $-0.0103384$ & $0.00876224$ & $-0.00218553$ & $0.00325328$ & $-0.0856037$ & $-0.0211382$ & $0.299177$ & $0.294344$ & $-0.128271$ & $-0.42485$ & $-0.0296599$ & $0.0711702$ & $0.279417$ & $1$ & $0.443387$ & $0.171676$ & $-0.438566$ & $-0.0242678$ & $0.489928$ & $0.342776$ & $0.334596$ & $-0.165264$ & $0.108033$ & $-0.127728$ & $-0.203476$ & $-0.386602$ & $0.121478$ & $0.0047261$ & $0.0276011$ & $0.016107$ & $-0.0192512$ & $0.0335596$ & $-0.583992$ & $-0.0108728$ & $0.00726057$ & $0.0030872$ & $-0.00308083$ & $-0.00331484$ & $0.00207038$ & $0.000302595$ & $-0.00701882$ & $0.00251317$ & $-0.0113005$ & $-0.00211993$ & $-0.00444198$ & $0.0143134$ & $0.00938538$ & $-0.00144075$ \\
CHL1_33 & $-0.00260033$ & $-0.00102213$ & $0.00177245$ & $-0.00457551$ & $0.0125164$ & $-0.0782739$ & $-0.0164313$ & $0.286981$ & $0.282906$ & $-0.128846$ & $-0.406636$ & $-0.0281515$ & $0.0701857$ & $0.264095$ & $0.443387$ & $1$ & $0.160233$ & $-0.0242576$ & $-0.435852$ & $0.471336$ & $0.326394$ & $0.344967$ & $-0.171186$ & $0.104953$ & $-0.130804$ & $-0.187729$ & $-0.386353$ & $0.11049$ & $0.00850024$ & $0.0265237$ & $0.0127836$ & $-0.0159644$ & $0.0315369$ & $-0.0988429$ & $-0.00719825$ & $0.000115141$ & $0.00060239$ & $0.00303159$ & $0.00906134$ & $0.00316961$ & $-5.93013e-06$ & $-0.00275039$ & $0.00185188$ & $-0.00230726$ & $-0.00596166$ & $-0.00531599$ & $0.0180492$ & $0.00252201$ & $-0.00341347$ \\
CHL3_11 & $0.0175023$ & $0.0091446$ & $-0.00158881$ & $0.00359795$ & $0.00404741$ & $-0.257291$ & $0.0963182$ & $-0.237823$ & $-0.240483$ & $0.425788$ & $-0.21717$ & $-0.196145$ & $-0.358745$ & $0.664646$ & $0.171676$ & $0.160233$ & $1$ & $0.737953$ & $0.736808$ & $0.239652$ & $0.183859$ & $0.178218$ & $-0.0756663$ & $0.677768$ & $0.77978$ & $-0.10707$ & $-0.158734$ & $0.059403$ & $-0.0211819$ & $-0.106251$ & $-0.0467629$ & $0.0697125$ & $-0.112591$ & $-0.257438$ & $-0.0232104$ & $-0.0213695$ & $-0.00355089$ & $-0.00199931$ & $0.00327603$ & $0.00682846$ & $-0.0284004$ & $0.00154447$ & $0.011315$ & $0.0112369$ & $-0.000682611$ & $-0.00692012$ & $-0.000963108$ & $0.0242251$ & $-0.000101035$ \\
CHL3_22 & $0.014649$ & $0.00496023$ & $-0.00650233$ & $0.00477286$ & $0.00549258$ & $-0.0433026$ & $0.108304$ & $-0.435374$ & $-0.433948$ & $0.485632$ & $0.0683343$ & $-0.149407$ & $-0.386377$ & $0.599268$ & $-0.438566$ & $-0.0242576$ & $0.737953$ & $1$ & $0.67644$ & $-0.0702445$ & $-0.0650855$ & $-0.063056$ & $-0.00109599$ & $0.625988$ & $0.797206$ & $0.0362275$ & $-0.0128085$ & $-0.0286258$ & $-0.0195746$ & $-0.117546$ & $-0.0552777$ & $0.0825783$ & $-0.129375$ & $0.0184917$ & $-0.0155011$ & $-0.0228161$ & $-0.00252778$ & $6.16993e-05$ & $0.00805712$ & $0.005352$ & $-0.0260635$ & $0.00476075$ & $0.00773469$ & $0.0115547$ & $0.00545197$ & $-0.00557903$ & $-0.00454603$ & $0.0161242$ & $-0.00547157$ \\
CHL3_33 & $0.0176334$ & $-0.00290638$ & $-0.000531838$ & $0.00541254$ & $-0.000985788$ & $-0.0487235$ & $0.103981$ & $-0.428169$ & $-0.427298$ & $0.484726$ & $0.0625681$ & $-0.14745$ & $-0.384285$ & $0.598179$ & $-0.0242678$ & $-0.435852$ & $0.736808$ & $0.67644$ & $1$ & $-0.0652044$ & $-0.0580836$ & $-0.0557465$ & $0.00848222$ & $0.6215$ & $0.797387$ & $0.0280339$ & $-0.00205335$ & $-0.0213768$ & $-0.0237633$ & $-0.117891$ & $-0.0521877$ & $0.0791857$ & $-0.128529$ & $-0.347799$ & $-0.0165239$ & $-0.0178391$ & $0.000320455$ & $-0.00530792$ & $0.00127179$ & $0.00441739$ & $-0.025506$ & $0.00233544$ & $0.00749149$ & $0.0068104$ & $0.00777008$ & $-0.00585041$ & $-0.00745552$ & $0.0206976$ & $-0.00580255$ \\
CHe_11 & $0.00425241$ & $-0.0367642$ & $-0.000645386$ & $0.0181887$ & $-0.00240782$ & $-0.175498$ & $-0.0568608$ & $0.851439$ & $0.836116$ & $-0.352549$ & $-0.990471$ & $-0.218284$ & $0.167143$ & $0.530965$ & $0.489928$ & $0.471336$ & $0.239652$ & $-0.0702445$ & $-0.0652044$ & $1$ & $0.973048$ & $0.953425$ & $-0.00778179$ & $-0.257637$ & $-0.0110292$ & $-0.558726$ & $0.227125$ & $0.330202$ & $0.0119698$ & $0.0599337$ & $0.0318567$ & $-0.0637511$ & $0.0648216$ & $0.293102$ & $-0.0327437$ & $-0.0161973$ & $0.000250479$ & $0.00784931$ & $0.0107136$ & $0.00897107$ & $-0.0137825$ & $0.00299561$ & $-0.00471577$ & $0.0089652$ & $-0.0135821$ & $-0.00703927$ & $0.0206599$ & $0.00453884$ & $-0.00579064$ \\
CHe_22 & $0.00570794$ & $-0.039552$ & $-0.00265543$ & $0.0200191$ & $-0.0028453$ & $-0.179311$ & $-0.0629095$ & $0.89765$ & $0.881231$ & $-0.382749$ & $-0.991324$ & $-0.240187$ & $0.183266$ & $0.472101$ & $0.342776$ & $0.326394$ & $0.183859$ & $-0.0650855$ & $-0.0580836$ & $0.973048$ & $1$ & $0.975621$ & $0.0437204$ & $-0.366545$ & $-0.023457$ & $-0.569964$ & $0.381869$ & $0.338066$ & $0.0115466$ & $0.0642825$ & $0.0340924$ & $-0.070247$ & $0.0692733$ & $0.456182$ & $-0.0339267$ & $-0.0186111$ & $-0.00162252$ & $0.00915915$ & $0.0101739$ & $0.00949917$ & $-0.0146679$ & $0.00449267$ & $-0.00725202$ & $0.0126006$ & $-0.0159298$ & $-0.00663606$ & $0.0179783$ & $0.00249179$ & $-0.00426523$ \\
CHe_33 & $0.00664105$ & $-0.0402842$ & $-0.00273316$ & $0.0197918$ & $-0.00350785$ & $-0.178657$ & $-0.063455$ & $0.88026$ & $0.864398$ & $-0.37656$ & $-0.970777$ & $-0.233202$ & $0.181492$ & $0.458159$ & $0.334596$ & $0.344967$ & $0.178218$ & $-0.063056$ & $-0.0557465$ & $0.953425$ & $0.975621$ & $1$ & $0.0456748$ & $-0.359298$ & $-0.0232667$ & $-0.559167$ & $0.375516$ & $0.331459$ & $0.00915719$ & $0.0628805$ & $0.0335634$ & $-0.0706907$ & $0.0683447$ & $0.451428$ & $-0.0323615$ & $-0.0184376$ & $-0.000180018$ & $0.00735419$ & $0.0122584$ & $0.00817713$ & $-0.0132299$ & $0.0055589$ & $-0.00642864$ & $0.0140707$ & $-0.0123932$ & $-0.00708383$ & $0.0181876$ & $0.00323015$ & $-0.00587789$ \\
CHQ1_11 & $-0.00752641$ & $0.00290552$ & $0.010004$ & $-0.00297051$ & $-0.0101791$ & $-0.00516073$ & $-0.0155723$ & $0.0712158$ & $0.0699795$ & $-0.0551952$ & $-0.0159721$ & $-0.00901314$ & $0.0371312$ & $-0.0763227$ & $-0.165264$ & $-0.171186$ & $-0.0756663$ & $-0.00109599$ & $0.00848222$ & $-0.00778179$ & $0.0437204$ & $0.0456748$ & $1$ & $-0.13384$ & $0.0766897$ & $-0.677712$ & $0.346376$ & $0.026338$ & $-0.000546782$ & $0.020827$ & $0.0203644$ & $-0.013465$ & $0.0147067$ & $0.197401$ & $0.0023794$ & $0.00678027$ & $-0.0171676$ & $0.00160657$ & $0.00394968$ & $0.0055354$ & $-0.00692837$ & $0.00298124$ & $0.000673417$ & $-0.00561817$ & $-0.00412522$ & $0.0107116$ & $-0.00984542$ & $-0.00836029$ & $-0.00785512$ \\
CHQ1_33 & $-0.0374292$ & $0.0198682$ & $0.0159523$ & $-0.00145707$ & $0.00416239$ & $0.00344658$ & $0.113801$ & $-0.674868$ & $-0.667909$ & $0.553671$ & $0.3114$ & $-0.0239333$ & $-0.397522$ & $0.470835$ & $0.108033$ & $0.104953$ & $0.677768$ & $0.625988$ & $0.6215$ & $-0.257637$ & $-0.366545$ & $-0.359298$ & $-0.13384$ & $1$ & $0.642987$ & $0.201764$ & $-0.427685$ & $-0.0280873$ & $-0.0197697$ & $-0.120547$ & $-0.0529589$ & $0.0963687$ & $-0.131106$ & $-0.638666$ & $-0.00296269$ & $-0.0172062$ & $-0.00593676$ & $-0.00713181$ & $0.00628129$ & $0.00217742$ & $-0.00353597$ & $-0.00628246$ & $0.0184549$ & $-0.014285$ & $0.00875874$ & $-0.00611263$ & $-0.000820841$ & $0.0125506$ & $-0.00605569$ \\
CHQ3_11 & $-0.0729224$ & $-6.21199e-05$ & $0.0238247$ & $0.0193875$ & $0.00212947$ & $-0.0872653$ & $0.103058$ & $-0.397211$ & $-0.395968$ & $0.472393$ & $0.0175195$ & $-0.14671$ & $-0.373182$ & $0.60107$ & $-0.127728$ & $-0.130804$ & $0.77978$ & $0.797206$ & $0.797387$ & $-0.0110292$ & $-0.023457$ & $-0.0232667$ & $0.0766897$ & $0.642987$ & $1$ & $0.0146335$ & $0.203494$ & $-0.00821003$ & $-0.0194905$ & $-0.112436$ & $-0.0526437$ & $0.0776045$ & $-0.127073$ & $-0.205465$ & $-0.0151463$ & $-0.0404329$ & $-0.0112523$ & $0.00115413$ & $0.0187287$ & $0.00774687$ & $-0.0024308$ & $-0.00211498$ & $0.0130165$ & $-0.00991546$ & $-0.0011738$ & $-0.00653414$ & $0.000736759$ & $-0.00361439$ & $-0.0086294$ \\
CHu_11 & $-0.0255359$ & $0.0181312$ & $0.00199523$ & $-0.00237376$ & $0.00947034$ & $0.0949432$ & $0.0400654$ & $-0.511482$ & $-0.501557$ & $0.222367$ & $0.567922$ & $0.136473$ & $-0.106543$ & $-0.276005$ & $-0.203476$ & $-0.187729$ & $-0.10707$ & $0.0362275$ & $0.0280339$ & $-0.558726$ & $-0.569964$ & $-0.559167$ & $-0.677712$ & $0.201764$ & $0.0146335$ & $1$ & $-0.185073$ & $-0.201941$ & $-0.00105134$ & $-0.0441667$ & $-0.0286985$ & $0.043274$ & $-0.0446879$ & $-0.252913$ & $0.0159928$ & $-0.00549811$ & $0.0138578$ & $-0.00124401$ & $-0.00355182$ & $-0.00809971$ & $0.022194$ & $-0.00526723$ & $-0.000450405$ & $-0.00150295$ & $0.00115941$ & $-0.00522141$ & $-0.00428984$ & $-0.00463666$ & $0.00293848$ \\
CHd_11 & $-0.0130982$ & $-0.0204731$ & $0.00529148$ & $0.0234892$ & $-0.0106524$ & $-0.0751285$ & $-0.0519858$ & $0.432829$ & $0.425546$ & $-0.240085$ & $-0.301824$ & $-0.100561$ & $0.143705$ & $-0.0964981$ & $-0.386602$ & $-0.386353$ & $-0.158734$ & $-0.0128085$ & $-0.00205335$ & $0.227125$ & $0.381869$ & $0.375516$ & $0.346376$ & $-0.427685$ & $0.203494$ & $-0.185073$ & $1$ & $0.122057$ & $0.00674322$ & $0.0441015$ & $0.0185635$ & $-0.0533476$ & $0.0449571$ & $0.684766$ & $-0.0103521$ & $-0.0237362$ & $-0.00811554$ & $0.00954354$ & $0.00753181$ & $0.00401753$ & $0.00450097$ & $0.00445695$ & $-0.0102563$ & $0.0180062$ & $-0.0147233$ & $0.00287709$ & $-0.00703248$ & $-0.00972002$ & $0.000517298$ \\
CHd_33 & $0.0201743$ & $-0.0157811$ & $-0.00248018$ & $-0.00244833$ & $-0.00158001$ & $-0.0575718$ & $-0.0148468$ & $0.306136$ & $0.300254$ & $-0.131438$ & $-0.336395$ & $-0.0774003$ & $0.0639586$ & $0.155928$ & $0.121478$ & $0.11049$ & $0.059403$ & $-0.0286258$ & $-0.0213768$ & $0.330202$ & $0.338066$ & $0.331459$ & $0.026338$ & $-0.0280873$ & $-0.00821003$ & $-0.201941$ & $0.122057$ & $1$ & $0.0102777$ & $0.019649$ & $0.0122515$ & $-0.0180958$ & $0.0196596$ & $0.15205$ & $-0.00734691$ & $-0.000848592$ & $0.0130336$ & $0.0118349$ & $-0.00557077$ & $-0.00138989$ & $0.000117267$ & $0.00751061$ & $-0.00752818$ & $0.017792$ & $0.000734385$ & $0.0101405$ & $0.00650025$ & $0.016846$ & $-0.00836773$ \\
CeH_22r & $-0.0132346$ & $-0.0148596$ & $-0.00170608$ & $0.0179244$ & $0.000934822$ & $-0.00309748$ & $0.00390025$ & $0.0210556$ & $0.0276021$ & $-0.0192537$ & $-0.0117076$ & $0.030257$ & $0.0504633$ & $-0.00904557$ & $0.0047261$ & $0.00850024$ & $-0.0211819$ & $-0.0195746$ & $-0.0237633$ & $0.0119698$ & $0.0115466$ & $0.00915719$ & $-0.000546782$ & $-0.0197697$ & $-0.0194905$ & $-0.00105134$ & $0.00674322$ & $0.0102777$ & $1$ & $0.0454001$ & $0.0321447$ & $-0.01059$ & $0.0514592$ & $0.0111992$ & $-0.0227993$ & $-0.0156441$ & $-0.0216904$ & $0.000342756$ & $0.00551543$ & $0.000683413$ & $-0.00154623$ & $0.00727547$ & $0.00103043$ & $-0.00124988$ & $0.00674292$ & $-0.00641647$ & $0.00107857$ & $0.00748449$ & $0.00367503$ \\
CeH_33r & $-0.0177734$ & $-0.0331739$ & $-0.0127145$ & $0.0137644$ & $-0.00794535$ & $-0.00741907$ & $-0.130169$ & $0.114844$ & $0.135793$ & $-0.125947$ & $-0.0621092$ & $0.28623$ & $0.281229$ & $-0.0668507$ & $0.0276011$ & $0.0265237$ & $-0.106251$ & $-0.117546$ & $-0.117891$ & $0.0599337$ & $0.0642825$ & $0.0628805$ & $0.020827$ & $-0.120547$ & $-0.112436$ & $-0.0441667$ & $0.0441015$ & $0.019649$ & $0.0454001$ & $1$ & $0.31618$ & $0.0198387$ & $0.670234$ & $0.0680522$ & $-0.0662565$ & $-0.0407249$ & $-0.151736$ & $-0.0166435$ & $0.00971342$ & $0.0033176$ & $-0.00723882$ & $-0.00352555$ & $-0.000771912$ & $-0.0384919$ & $0.0596063$ & $-0.0518644$ & $0.03071$ & $-0.0288663$ & $0.0250944$ \\
CuH_22r & $-0.036419$ & $-0.0675409$ & $-0.0587718$ & $-0.00537551$ & $-0.00243997$ & $-0.000639674$ & $-0.0730539$ & $0.0576998$ & $0.0705582$ & $-0.0698034$ & $-0.0337854$ & $0.0723542$ & $0.117248$ & $-0.0299712$ & $0.016107$ & $0.0127836$ & $-0.0467629$ & $-0.0552777$ & $-0.0521877$ & $0.0318567$ & $0.0340924$ & $0.0335634$ & $0.0203644$ & $-0.0529589$ & $-0.0526437$ & $-0.0286985$ & $0.0185635$ & $0.0122515$ & $0.0321447$ & $0.31618$ & $1$ & $0.0136161$ & $0.352763$ & $0.0296705$ & $-0.0623475$ & $-0.0471423$ & $-0.108417$ & $-0.0100438$ & $0.0993041$ & $0.00493635$ & $-0.0440549$ & $0.00202909$ & $0.0240462$ & $-0.0318611$ & $0.00650081$ & $-0.0225311$ & $0.304612$ & $-0.0617496$ & $0.00418597$ \\
CuH_33r & $-0.00818004$ & $0.0387634$ & $0.0389019$ & $0.0230945$ & $-0.00435571$ & $-0.00259505$ & $0.934707$ & $-0.104096$ & $-0.0639925$ & $0.0866866$ & $0.0672336$ & $-0.021684$ & $-0.260425$ & $0.0413691$ & $-0.0192512$ & $-0.0159644$ & $0.0697125$ & $0.0825783$ & $0.0791857$ & $-0.0637511$ & $-0.070247$ & $-0.0706907$ & $-0.013465$ & $0.0963687$ & $0.0776045$ & $0.043274$ & $-0.0533476$ & $-0.0180958$ & $-0.01059$ & $0.0198387$ & $0.0136161$ & $1$ & $0.0145456$ & $-0.0683274$ & $0.0457447$ & $-0.0150885$ & $0.0128473$ & $-0.0141928$ & $-0.00612017$ & $0.0126625$ & $0.0110018$ & $0.0171909$ & $-0.0135152$ & $0.0240671$ & $0.0130627$ & $0.0397248$ & $-0.0157049$ & $0.0120093$ & $-0.00740762$ \\
CdH_33r & $0.0401498$ & $0.045204$ & $0.0681391$ & $0.0668495$ & $-0.00162642$ & $-0.00789581$ & $-0.173529$ & $0.121175$ & $0.143866$ & $-0.13667$ & $-0.0650904$ & $0.332884$ & $0.339025$ & $-0.0753117$ & $0.0335596$ & $0.0315369$ & $-0.112591$ & $-0.129375$ & $-0.128529$ & $0.0648216$ & $0.0692733$ & $0.0683447$ & $0.0147067$ & $-0.131106$ & $-0.127073$ & $-0.0446879$ & $0.0449571$ & $0.0196596$ & $0.0514592$ & $0.670234$ & $0.352763$ & $0.0145456$ & $1$ & $0.0734208$ & $-0.0208967$ & $-0.0610363$ & $-0.22209$ & $-0.018755$ & $-0.0513959$ & $-0.00740697$ & $-0.0504666$ & $-0.00332614$ & $0.0159124$ & $-0.0608642$ & $-0.0194057$ & $-0.0422057$ & $-0.0182528$ & $0.182871$ & $0.435825$ \\
CLL_1221 & $-0.0011867$ & $0.00774739$ & $-0.00822631$ & $0.00921005$ & $-0.0104058$ & $-0.113172$ & $-0.0714601$ & $0.56966$ & $0.561323$ & $-0.357067$ & $-0.371544$ & $-0.099323$ & $0.224106$ & $-0.218373$ & $-0.583992$ & $-0.0988429$ & $-0.257438$ & $0.0184917$ & $-0.347799$ & $0.293102$ & $0.456182$ & $0.451428$ & $0.197401$ & $-0.638666$ & $-0.205465$ & $-0.252913$ & $0.684766$ & $0.15205$ & $0.0111992$ & $0.0680522$ & $0.0296705$ & $-0.0683274$ & $0.0734208$ & $1$ & $-0.00228605$ & $-0.0102988$ & $-0.00287731$ & $0.0095258$ & $0.00516746$ & $0.000681497$ & $0.00355167$ & $0.0104816$ & $-0.00394014$ & $0.0226607$ & $-0.0180206$ & $0.00477669$ & $-0.00436605$ & $-0.0130564$ & $0.00780929$ \\
eHggint & $-0.0142132$ & $0.272859$ & $0.0916928$ & $-0.1588$ & $0.000249185$ & $0.0133734$ & $-0.0158233$ & $-0.0307805$ & $-0.046418$ & $0.0340195$ & $0.0405396$ & $0.0860298$ & $0.0200655$ & $-0.0354304$ & $-0.0108728$ & $-0.00719825$ & $-0.0232104$ & $-0.0155011$ & $-0.0165239$ & $-0.0327437$ & $-0.0339267$ & $-0.0323615$ & $0.0023794$ & $-0.00296269$ & $-0.0151463$ & $0.0159928$ & $-0.0103521$ & $-0.00734691$ & $-0.0227993$ & $-0.0662565$ & $-0.0623475$ & $0.0457447$ & $-0.0208967$ & $-0.00228605$ & $1$ & $0.0210694$ & $0.191217$ & $-0.0203177$ & $-0.0907013$ & $-0.0279136$ & $-0.00590037$ & $0.0187648$ & $-0.0176165$ & $0.0263493$ & $0.0409672$ & $0.148571$ & $-0.141251$ & $0.0625433$ & $0.113069$ \\
eHggpar & $0.175192$ & $0.160731$ & $-0.0203033$ & $-0.0358951$ & $0.0133776$ & $0.00639089$ & $-0.0444458$ & $-0.0129676$ & $-0.0227635$ & $0.0192429$ & $0.0193984$ & $0.05437$ & $0.0276043$ & $-0.020932$ & $0.00726057$ & $0.000115141$ & $-0.0213695$ & $-0.0228161$ & $-0.0178391$ & $-0.0161973$ & $-0.0186111$ & $-0.0184376$ & $0.00678027$ & $-0.0172062$ & $-0.0404329$ & $-0.00549811$ & $-0.0237362$ & $-0.000848592$ & $-0.0156441$ & $-0.0407249$ & $-0.0471423$ & $-0.0150885$ & $-0.0610363$ & $-0.0102988$ & $0.0210694$ & $1$ & $0.0542412$ & $0.0441656$ & $-0.144723$ & $-0.0372645$ & $0.0136189$ & $0.0291263$ & $-0.0146808$ & $-0.209169$ & $-0.13668$ & $-0.0629363$ & $-0.0835478$ & $0.0374729$ & $-0.0941308$ \\
eHWWint & $0.0768892$ & $0.0657223$ & $0.0517829$ & $-0.0404414$ & $0.0158883$ & $0.0120049$ & $0.0318138$ & $-0.00276734$ & $-0.0161209$ & $0.0102795$ & $0.00223955$ & $0.020928$ & $0.00635001$ & $-0.00061894$ & $0.0030872$ & $0.00060239$ & $-0.00355089$ & $-0.00252778$ & $0.000320455$ & $0.000250479$ & $-0.00162252$ & $-0.000180018$ & $-0.0171676$ & $-0.00593676$ & $-0.0112523$ & $0.0138578$ & $-0.00811554$ & $0.0130336$ & $-0.0216904$ & $-0.151736$ & $-0.108417$ & $0.0128473$ & $-0.22209$ & $-0.00287731$ & $0.191217$ & $0.0542412$ & $1$ & $-0.0326258$ & $-0.156449$ & $0.0148126$ & $0.112577$ & $0.013084$ & $-0.066655$ & $0.21958$ & $-0.0953849$ & $0.37411$ & $-0.18719$ & $0.0624192$ & $-0.175997$ \\
eHWWpar & $-0.00727196$ & $-0.0123377$ & $0.00535245$ & $0.000477735$ & $0.00572871$ & $0.00365448$ & $-0.0122473$ & $0.00989386$ & $0.00660232$ & $-0.0174513$ & $-0.0087111$ & $-0.0208252$ & $-0.00192335$ & $0.00241198$ & $-0.00308083$ & $0.00303159$ & $-0.00199931$ & $6.16993e-05$ & $-0.00530792$ & $0.00784931$ & $0.00915915$ & $0.00735419$ & $0.00160657$ & $-0.00713181$ & $0.00115413$ & $-0.00124401$ & $0.00954354$ & $0.0118349$ & $0.000342756$ & $-0.0166435$ & $-0.0100438$ & $-0.0141928$ & $-0.018755$ & $0.0095258$ & $-0.0203177$ & $0.0441656$ & $-0.0326258$ & $1$ & $-0.00813197$ & $-0.0173356$ & $-0.0281935$ & $0.00215932$ & $-0.00423206$ & $-0.0194375$ & $-0.040083$ & $-0.0472051$ & $0.011417$ & $0.00263085$ & $-0.0153077$ \\
eHZZint & $-0.153634$ & $-0.13007$ & $0.0689172$ & $0.175721$ & $-0.0149701$ & $-0.007544$ & $-0.00318414$ & $0.0113647$ & $0.00480962$ & $-0.0172933$ & $-0.0108742$ & $-0.0231156$ & $-0.00204908$ & $0.009698$ & $-0.00331484$ & $0.00906134$ & $0.00327603$ & $0.00805712$ & $0.00127179$ & $0.0107136$ & $0.0101739$ & $0.0122584$ & $0.00394968$ & $0.00628129$ & $0.0187287$ & $-0.00355182$ & $0.00753181$ & $-0.00557077$ & $0.00551543$ & $0.00971342$ & $0.0993041$ & $-0.00612017$ & $-0.0513959$ & $0.00516746$ & $-0.0907013$ & $-0.144723$ & $-0.156449$ & $-0.00813197$ & $1$ & $0.0138342$ & $-0.0471789$ & $-0.025755$ & $-0.118557$ & $-0.0849075$ & $-0.0207146$ & $-0.090744$ & $0.306425$ & $-0.015133$ & $-0.167261$ \\
eHZZpar & $-0.0183885$ & $-0.0556967$ & $0.0317974$ & $0.0376286$ & $-0.00454487$ & $-0.0010273$ & $0.0137157$ & $0.00719341$ & $0.00420671$ & $0.00726212$ & $-0.0101554$ & $-0.00412271$ & $-0.00575944$ & $0.0113351$ & $0.00207038$ & $0.00316961$ & $0.00682846$ & $0.005352$ & $0.00441739$ & $0.00897107$ & $0.00949917$ & $0.00817713$ & $0.0055354$ & $0.00217742$ & $0.00774687$ & $-0.00809971$ & $0.00401753$ & $-0.00138989$ & $0.000683413$ & $0.0033176$ & $0.00493635$ & $0.0126625$ & $-0.00740697$ & $0.000681497$ & $-0.0279136$ & $-0.0372645$ & $0.0148126$ & $-0.0173356$ & $0.0138342$ & $1$ & $-0.005099$ & $0.00486983$ & $-0.0615915$ & $-0.00655118$ & $0.0344526$ & $0.0342223$ & $0.00421621$ & $-0.0266613$ & $-0.00298217$ \\
eHZgaint & $-0.215386$ & $0.193353$ & $-0.079047$ & $0.0756101$ & $0.0193841$ & $0.00199368$ & $0.0165965$ & $-0.00694702$ & $-0.0018988$ & $-0.0502813$ & $0.0197135$ & $-0.0227649$ & $0.014686$ & $-0.0287332$ & $0.000302595$ & $-5.93013e-06$ & $-0.0284004$ & $-0.0260635$ & $-0.025506$ & $-0.0137825$ & $-0.0146679$ & $-0.0132299$ & $-0.00692837$ & $-0.00353597$ & $-0.0024308$ & $0.022194$ & $0.00450097$ & $0.000117267$ & $-0.00154623$ & $-0.00723882$ & $-0.0440549$ & $0.0110018$ & $-0.0504666$ & $0.00355167$ & $-0.00590037$ & $0.0136189$ & $0.112577$ & $-0.0281935$ & $-0.0471789$ & $-0.005099$ & $1$ & $0.00124892$ & $0.0962074$ & $0.0254581$ & $0.133361$ & $0.0903584$ & $-0.111977$ & $-0.175313$ & $-0.0435732$ \\
eHZgapar & $0.0314105$ & $0.0260239$ & $-0.00969522$ & $-0.035383$ & $0.0020718$ & $0.000995896$ & $0.0175014$ & $0.00310571$ & $0.00426162$ & $-0.0015097$ & $-0.00361358$ & $-0.00287134$ & $0.00059767$ & $0.0013509$ & $-0.00701882$ & $-0.00275039$ & $0.00154447$ & $0.00476075$ & $0.00233544$ & $0.00299561$ & $0.00449267$ & $0.0055589$ & $0.00298124$ & $-0.00628246$ & $-0.00211498$ & $-0.00526723$ & $0.00445695$ & $0.00751061$ & $0.00727547$ & $-0.00352555$ & $0.00202909$ & $0.0171909$ & $-0.00332614$ & $0.0104816$ & $0.0187648$ & $0.0291263$ & $0.013084$ & $0.00215932$ & $-0.025755$ & $0.00486983$ & $0.00124892$ & $1$ & $0.0033578$ & $0.0282233$ & $0.0135367$ & $0.00651342$ & $0.00466794$ & $-0.00535842$ & $-0.000120017$ \\
eHgagaint & $-0.0783165$ & $0.279947$ & $-0.141636$ & $0.0111719$ & $0.00625888$ & $0.00368362$ & $-0.0104104$ & $-0.0206652$ & $0.0422967$ & $0.00382726$ & $0.0120966$ & $-0.0144107$ & $-0.0118863$ & $0.000226575$ & $0.00251317$ & $0.00185188$ & $0.011315$ & $0.00773469$ & $0.00749149$ & $-0.00471577$ & $-0.00725202$ & $-0.00642864$ & $0.000673417$ & $0.0184549$ & $0.0130165$ & $-0.000450405$ & $-0.0102563$ & $-0.00752818$ & $0.00103043$ & $-0.000771912$ & $0.0240462$ & $-0.0135152$ & $0.0159124$ & $-0.00394014$ & $-0.0176165$ & $-0.0146808$ & $-0.066655$ & $-0.00423206$ & $-0.118557$ & $-0.0615915$ & $0.0962074$ & $0.0033578$ & $1$ & $0.116759$ & $0.0544811$ & $-0.206354$ & $0.101462$ & $-0.01424$ & $0.0414598$ \\
eHmumuint & $0.249707$ & $0.12309$ & $-0.142545$ & $-0.0025907$ & $0.00201463$ & $-0.00292526$ & $0.0371784$ & $0.00511609$ & $0.0126421$ & $-0.0141849$ & $-0.0114905$ & $-0.0277864$ & $-0.0227365$ & $0.00376702$ & $-0.0113005$ & $-0.00230726$ & $0.0112369$ & $0.0115547$ & $0.0068104$ & $0.0089652$ & $0.0126006$ & $0.0140707$ & $-0.00561817$ & $-0.014285$ & $-0.00991546$ & $-0.00150295$ & $0.0180062$ & $0.017792$ & $-0.00124988$ & $-0.0384919$ & $-0.0318611$ & $0.0240671$ & $-0.0608642$ & $0.0226607$ & $0.0263493$ & $-0.209169$ & $0.21958$ & $-0.0194375$ & $-0.0849075$ & $-0.00655118$ & $0.0254581$ & $0.0282233$ & $0.116759$ & $1$ & $-0.1159$ & $-0.0287365$ & $-0.0499588$ & $0.190819$ & $-0.130247$ \\
eHtautauint & $0.0537393$ & $-0.191168$ & $0.00250013$ & $0.0839649$ & $-0.0263449$ & $0.0035295$ & $0.0131159$ & $-0.0105317$ & $-0.00568094$ & $0.0109002$ & $0.0105873$ & $0.00825075$ & $-0.0049072$ & $0.00101242$ & $-0.00211993$ & $-0.00596166$ & $-0.000682611$ & $0.00545197$ & $0.00777008$ & $-0.0135821$ & $-0.0159298$ & $-0.0123932$ & $-0.00412522$ & $0.00875874$ & $-0.0011738$ & $0.00115941$ & $-0.0147233$ & $0.000734385$ & $0.00674292$ & $0.0596063$ & $0.00650081$ & $0.0130627$ & $-0.0194057$ & $-0.0180206$ & $0.0409672$ & $-0.13668$ & $-0.0953849$ & $-0.040083$ & $-0.0207146$ & $0.0344526$ & $0.133361$ & $0.0135367$ & $0.0544811$ & $-0.1159$ & $1$ & $-0.0623737$ & $0.0201308$ & $0.00678326$ & $-0.0891247$ \\
eHccint & $0.0343482$ & $0.0899631$ & $0.0521326$ & $0.0868409$ & $0.00402222$ & $0.00917192$ & $0.0429485$ & $-0.00548743$ & $-0.0214011$ & $-0.00287512$ & $0.00909569$ & $0.0121324$ & $0.00184793$ & $-0.0125234$ & $-0.00444198$ & $-0.00531599$ & $-0.00692012$ & $-0.00557903$ & $-0.00585041$ & $-0.00703927$ & $-0.00663606$ & $-0.00708383$ & $0.0107116$ & $-0.00611263$ & $-0.00653414$ & $-0.00522141$ & $0.00287709$ & $0.0101405$ & $-0.00641647$ & $-0.0518644$ & $-0.0225311$ & $0.0397248$ & $-0.0422057$ & $0.00477669$ & $0.148571$ & $-0.0629363$ & $0.37411$ & $-0.0472051$ & $-0.090744$ & $0.0342223$ & $0.0903584$ & $0.00651342$ & $-0.206354$ & $-0.0287365$ & $-0.0623737$ & $1$ & $-0.187673$ & $-0.0113058$ & $0.0382714$ \\
eHccpar & $-0.106401$ & $-0.185043$ & $-0.183915$ & $-0.0618217$ & $-0.0174996$ & $0.0113632$ & $-0.00887293$ & $0.0229331$ & $0.0318849$ & $-0.0165382$ & $-0.0236304$ & $-0.0250665$ & $-0.00201227$ & $0.0141254$ & $0.0143134$ & $0.0180492$ & $-0.000963108$ & $-0.00454603$ & $-0.00745552$ & $0.0206599$ & $0.0179783$ & $0.0181876$ & $-0.00984542$ & $-0.000820841$ & $0.000736759$ & $-0.00428984$ & $-0.00703248$ & $0.00650025$ & $0.00107857$ & $0.03071$ & $0.304612$ & $-0.0157049$ & $-0.0182528$ & $-0.00436605$ & $-0.141251$ & $-0.0835478$ & $-0.18719$ & $0.011417$ & $0.306425$ & $0.00421621$ & $-0.111977$ & $0.00466794$ & $0.101462$ & $-0.0499588$ & $0.0201308$ & $-0.187673$ & $1$ & $-0.1999$ & $-0.0522939$ \\
eHbbint & $0.265485$ & $-0.0158472$ & $0.282859$ & $0.249943$ & $-2.97234e-05$ & $-0.0191139$ & $0.0064394$ & $-0.00711398$ & $-0.00978858$ & $0.0216043$ & $-0.00452168$ & $0.00422028$ & $-0.0227419$ & $0.0201123$ & $0.00938538$ & $0.00252201$ & $0.0242251$ & $0.0161242$ & $0.0206976$ & $0.00453884$ & $0.00249179$ & $0.00323015$ & $-0.00836029$ & $0.0125506$ & $-0.00361439$ & $-0.00463666$ & $-0.00972002$ & $0.016846$ & $0.00748449$ & $-0.0288663$ & $-0.0617496$ & $0.0120093$ & $0.182871$ & $-0.0130564$ & $0.0625433$ & $0.0374729$ & $0.0624192$ & $0.00263085$ & $-0.015133$ & $-0.0266613$ & $-0.175313$ & $-0.00535842$ & $-0.01424$ & $0.190819$ & $0.00678326$ & $-0.0113058$ & $-0.1999$ & $1$ & $0.194985$ \\
eHbbpar & $0.0618093$ & $0.174666$ & $0.107575$ & $0.0662318$ & $0.00613922$ & $0.00420269$ & $-0.0232708$ & $-0.00725743$ & $-0.00353898$ & $0.0116462$ & $0.00882815$ & $0.0194955$ & $0.00793316$ & $-0.0139911$ & $-0.00144075$ & $-0.00341347$ & $-0.000101035$ & $-0.00547157$ & $-0.00580255$ & $-0.00579064$ & $-0.00426523$ & $-0.00587789$ & $-0.00785512$ & $-0.00605569$ & $-0.0086294$ & $0.00293848$ & $0.000517298$ & $-0.00836773$ & $0.00367503$ & $0.0250944$ & $0.00418597$ & $-0.00740762$ & $0.435825$ & $0.00780929$ & $0.113069$ & $-0.0941308$ & $-0.175997$ & $-0.0153077$ & $-0.167261$ & $-0.00298217$ & $-0.0435732$ & $-0.000120017$ & $0.0414598$ & $-0.130247$ & $-0.0891247$ & $0.0382714$ & $-0.0522939$ & $0.194985$ & $1$ \\
