 & AlsMz & dAle5Mz & mtop & mHl & Mz & CW & CHG & CHWB & CHWHB_gaga & CHWHB_gagaorth & CHD & CHbox & CH & CHL1_11 & CHL1_22 & CHL1_33 & CHL3_11 & CHL3_22 & CHL3_33 & CHe_11 & CHe_22 & CHe_33 & CHQ1_11 & CHQ1_33 & CHQ3_11 & CHu_11 & CHd_11 & CHd_33 & CeH_22r & CeH_33r & CuH_22r & CuH_33r & CdH_33r & CLL_1221 & eHggint & eHggpar & eHWWint & eHWWpar & eHZZint & eHZZpar & eHZgaint & eHZgapar & eHgagaint & eHmumuint & eHtautauint & eHccint & eHccpar & eHbbint & eHbbpar \\
AlsMz & $1$ & $-0.0117445$ & $0.0170629$ & $0.0137604$ & $-0.0264747$ & $0.0223857$ & $0.0218014$ & $0.000966857$ & $-0.000637322$ & $-0.00728847$ & $-0.0100617$ & $-0.0216877$ & $-0.0189384$ & $0.0119187$ & $-0.0299133$ & $-0.0673499$ & $0.00516185$ & $0.0171352$ & $0.0519091$ & $-0.00750798$ & $0.00685859$ & $0.0108548$ & $0.00367801$ & $-0.0624189$ & $-0.0947787$ & $-0.0351027$ & $0.0196942$ & $0.0284429$ & $0.0141001$ & $-0.00239648$ & $-0.00325028$ & $0.0161945$ & $0.0252131$ & $0.0210453$ & $-0.0202099$ & $-0.0227335$ & $0.0213328$ & $0.0328625$ & $-0.00352736$ & $-0.020605$ & $-0.0172046$ & $0.0413446$ & $-0.0410558$ & $0.021293$ & $-0.0113679$ & $-0.00413504$ & $0.0456345$ & $-0.00351685$ & $0.0676363$ \\
dAle5Mz & $-0.0117445$ & $1$ & $-0.0219494$ & $-0.0470037$ & $-0.00837224$ & $0.00468233$ & $-0.000538661$ & $-0.0652009$ & $-0.0484667$ & $0.0241085$ & $0.0395416$ & $0.0294027$ & $-0.00789876$ & $0.00147049$ & $0.0085242$ & $-0.0202134$ & $0.0181279$ & $0.00739407$ & $0.0344073$ & $-0.00689343$ & $-0.0115383$ & $-0.00218744$ & $0.0122049$ & $0.015892$ & $0.0431163$ & $0.00685957$ & $0.0188506$ & $0.0066449$ & $0.00409098$ & $-0.00515806$ & $0.0106744$ & $-0.0107977$ & $-0.00417008$ & $0.00376069$ & $-0.063015$ & $-0.029863$ & $0.0169656$ & $0.0644038$ & $-0.0296262$ & $-0.00220932$ & $-0.0235197$ & $-0.00612409$ & $0.0570243$ & $-0.0317672$ & $0.0290246$ & $-0.0303359$ & $0.0466049$ & $-0.0110898$ & $-0.0297473$ \\
mtop & $0.0170629$ & $-0.0219494$ & $1$ & $0.0222403$ & $0.00584019$ & $-0.0551265$ & $0.0112857$ & $0.00714767$ & $0.0001412$ & $0.0344096$ & $-0.0213549$ & $0.0179413$ & $-0.0176556$ & $0.0436842$ & $0.00921584$ & $0.00755639$ & $0.0436156$ & $0.0322422$ & $0.0287909$ & $0.0224446$ & $0.0247152$ & $0.0261959$ & $-0.0119346$ & $0.0297398$ & $0.0285177$ & $0.000631835$ & $0.00454129$ & $0.00874417$ & $-0.0560772$ & $-0.0139058$ & $-0.0176555$ & $0.0197131$ & $-0.0290339$ & $-0.000659462$ & $0.060943$ & $0.0482405$ & $-0.0231406$ & $0.0195342$ & $-0.0525181$ & $-0.00388582$ & $-0.0369998$ & $0.0325748$ & $-0.00315816$ & $0.0435998$ & $-0.00635786$ & $0.0726387$ & $0.00819901$ & $-0.0256788$ & $0.0112174$ \\
mHl & $0.0137604$ & $-0.0470037$ & $0.0222403$ & $1$ & $-0.00564038$ & $-0.0317943$ & $0.00603852$ & $0.00272421$ & $0.00761396$ & $0.00724338$ & $-0.00962495$ & $-0.00831501$ & $0.00337266$ & $0.0191399$ & $-0.00302299$ & $-0.00330158$ & $0.014576$ & $0.0126927$ & $0.01777$ & $0.00489394$ & $0.0100739$ & $0.0104278$ & $-0.0286022$ & $0.0111599$ & $0.0080349$ & $0.00306554$ & $-0.000843549$ & $-0.00774257$ & $0.0098336$ & $0.00624191$ & $0.0336874$ & $-0.0178626$ & $-0.0335742$ & $0.000246718$ & $-0.00410246$ & $-0.0226073$ & $-0.00095788$ & $-0.0729445$ & $-0.0272781$ & $-0.0178261$ & $-0.00397672$ & $0.0198733$ & $0.0172901$ & $0.0168394$ & $0.0322787$ & $-0.0168433$ & $0.0240718$ & $-0.0114945$ & $-0.0697303$ \\
Mz & $-0.0264747$ & $-0.00837224$ & $0.00584019$ & $-0.00564038$ & $1$ & $-0.00517393$ & $-0.0170224$ & $0.00924242$ & $0.00420491$ & $0.0175591$ & $-0.0170715$ & $-0.00954503$ & $-0.00411302$ & $0.0204488$ & $0.00739525$ & $0.0337788$ & $0.0424928$ & $0.0272175$ & $0.00706694$ & $0.0291654$ & $0.0251715$ & $0.0292539$ & $0.0271516$ & $0.0114841$ & $0.0407099$ & $-0.0363604$ & $0.0131595$ & $0.0472578$ & $-0.0221062$ & $0.00014596$ & $-0.0385276$ & $-0.0169834$ & $-0.0140037$ & $0.00740526$ & $-0.013148$ & $0.0166597$ & $-0.0062429$ & $-0.0441496$ & $0.090393$ & $-0.0105032$ & $-0.0199091$ & $0.0306572$ & $-0.0136693$ & $-0.0382654$ & $0.0113673$ & $-0.00780415$ & $-0.0355541$ & $0.0180123$ & $-0.00328571$ \\
CW & $0.0223857$ & $0.00468233$ & $-0.0551265$ & $-0.0317943$ & $-0.00517393$ & $1$ & $0.0172267$ & $-0.130898$ & $-0.125528$ & $-0.00106738$ & $0.20002$ & $0.0483602$ & $-0.00249161$ & $-0.00027885$ & $-0.0794395$ & $-0.0939914$ & $-0.279503$ & $-0.0694785$ & $-0.0562683$ & $-0.199153$ & $-0.202232$ & $-0.201618$ & $-0.00890152$ & $0.0173142$ & $-0.103768$ & $0.106547$ & $-0.0724157$ & $-0.0387874$ & $-0.000324453$ & $-0.00887638$ & $-0.0174284$ & $0.00909111$ & $-0.0184242$ & $-0.128053$ & $0.0109814$ & $-0.041335$ & $-0.0161556$ & $-0.000272536$ & $-0.0113115$ & $-0.00400609$ & $0.0296055$ & $-0.0373103$ & $-0.0159038$ & $-0.000509729$ & $0.0106228$ & $-0.033759$ & $0.041221$ & $0.00907456$ & $-0.011108$ \\
CHG & $0.0218014$ & $-0.000538661$ & $0.0112857$ & $0.00603852$ & $-0.0170224$ & $0.0172267$ & $1$ & $-0.101148$ & $-0.0464631$ & $0.0743501$ & $0.0387015$ & $0.042712$ & $-0.314347$ & $0.0975755$ & $-0.0106417$ & $0.0111928$ & $0.113741$ & $0.123594$ & $0.107289$ & $-0.0341103$ & $-0.0446158$ & $-0.0478091$ & $-0.043061$ & $0.129396$ & $0.0915692$ & $0.0369378$ & $-0.0844435$ & $-0.00974773$ & $-0.00823389$ & $-0.121589$ & $-0.0543708$ & $0.931595$ & $-0.175046$ & $-0.0760982$ & $-0.0252858$ & $-0.0640453$ & $0.0216674$ & $0.029871$ & $-0.0244375$ & $0.00778209$ & $0.050387$ & $0.00871398$ & $0.0067251$ & $-0.00358133$ & $-0.0181529$ & $-0.0172096$ & $0.00542488$ & $-0.0548932$ & $-0.0155908$ \\
CHWB & $0.000966857$ & $-0.0652009$ & $0.00714767$ & $0.00272421$ & $0.00924242$ & $-0.130898$ & $-0.101148$ & $1$ & $0.983181$ & $-0.549549$ & $-0.878723$ & $-0.33364$ & $0.345325$ & $0.100661$ & $0.28571$ & $0.300273$ & $-0.241926$ & $-0.418446$ & $-0.429194$ & $0.848256$ & $0.894324$ & $0.882033$ & $0.0857061$ & $-0.676982$ & $-0.384656$ & $-0.510383$ & $0.436023$ & $0.264266$ & $0.0365055$ & $0.122271$ & $0.0468191$ & $-0.0889308$ & $0.114423$ & $0.571409$ & $0.00585776$ & $-0.0587715$ & $-0.03449$ & $-0.01117$ & $-0.0242356$ & $0.020852$ & $-0.00672599$ & $-0.000213612$ & $-0.0294081$ & $0.0169752$ & $-0.00937204$ & $0.0171667$ & $0.00957076$ & $-0.0159101$ & $-0.00918204$ \\
CHWHB_gaga & $-0.000637322$ & $-0.0484667$ & $0.0001412$ & $0.00761396$ & $0.00420491$ & $-0.125528$ & $-0.0464631$ & $0.983181$ & $1$ & $-0.542124$ & $-0.861832$ & $-0.31153$ & $0.338373$ & $0.0940913$ & $0.281433$ & $0.29723$ & $-0.2446$ & $-0.416742$ & $-0.427475$ & $0.832919$ & $0.877369$ & $0.866447$ & $0.0779817$ & $-0.668619$ & $-0.382879$ & $-0.499742$ & $0.425931$ & $0.267174$ & $0.0361022$ & $0.146237$ & $0.0639346$ & $-0.0436964$ & $0.133201$ & $0.560883$ & $-0.0137771$ & $-0.0686651$ & $-0.0475749$ & $-0.013807$ & $-0.0258602$ & $0.0211834$ & $-0.00782304$ & $0.00107921$ & $0.0531647$ & $0.016333$ & $-0.013942$ & $0.0226657$ & $0.0183109$ & $-0.0218216$ & $-0.0126807$ \\
CHWHB_gagaorth & $-0.00728847$ & $0.0241085$ & $0.0344096$ & $0.00724338$ & $0.0175591$ & $-0.00106738$ & $0.0743501$ & $-0.549549$ & $-0.542124$ & $1$ & $0.324041$ & $0.669004$ & $-0.271069$ & $0.263677$ & $-0.127349$ & $-0.14719$ & $0.456668$ & $0.502007$ & $0.516323$ & $-0.312707$ & $-0.336627$ & $-0.332988$ & $-0.0519432$ & $0.564283$ & $0.495803$ & $0.19496$ & $-0.201211$ & $-0.107647$ & $-0.0237943$ & $-0.164413$ & $-0.0662349$ & $0.0814335$ & $-0.166173$ & $-0.331597$ & $0.0184096$ & $0.0519031$ & $0.0646854$ & $0.0253716$ & $0.0582458$ & $-0.04268$ & $-0.0539484$ & $0.00725398$ & $0.0339647$ & $-0.0565746$ & $-0.0011804$ & $-0.000931867$ & $-0.0128274$ & $-0.0165733$ & $0.0245109$ \\
CHD & $-0.0100617$ & $0.0395416$ & $-0.0213549$ & $-0.00962495$ & $-0.0170715$ & $0.20002$ & $0.0387015$ & $-0.878723$ & $-0.861832$ & $0.324041$ & $1$ & $0.313318$ & $-0.168383$ & $-0.518327$ & $-0.400333$ & $-0.413378$ & $-0.216348$ & $0.0463919$ & $0.0611298$ & $-0.989567$ & $-0.991058$ & $-0.97071$ & $-0.0355621$ & $0.311949$ & $-0.00146682$ & $0.563884$ & $-0.321557$ & $-0.291588$ & $-0.0146246$ & $-0.0633912$ & $-0.0375566$ & $0.0401423$ & $-0.0587479$ & $-0.383804$ & $0.00354468$ & $0.0583483$ & $0.00302945$ & $0.00862551$ & $0.0133942$ & $-0.00857031$ & $0.0122221$ & $0.00653154$ & $0.0187964$ & $-0.000584697$ & $0.0114394$ & $-0.0180199$ & $-0.0152767$ & $0.0179297$ & $0.00147654$ \\
CHbox & $-0.0216877$ & $0.0294027$ & $0.0179413$ & $-0.00831501$ & $-0.00954503$ & $0.0483602$ & $0.042712$ & $-0.33364$ & $-0.31153$ & $0.669004$ & $0.313318$ & $1$ & $-0.2163$ & $-0.0837294$ & $-0.0564807$ & $-0.0731579$ & $0.0314644$ & $0.0797351$ & $0.093239$ & $-0.290649$ & $-0.322996$ & $-0.308574$ & $-0.0443551$ & $0.222267$ & $0.079665$ & $0.184672$ & $-0.176026$ & $-0.101629$ & $0.0198403$ & $0.104064$ & $-0.0131549$ & $0.108548$ & $0.121742$ & $-0.224924$ & $0.0812528$ & $0.0718675$ & $0.0168524$ & $0.0131938$ & $0.0267265$ & $-0.0390884$ & $-0.0685265$ & $0.0190304$ & $0.00756253$ & $-0.0369971$ & $-0.00616188$ & $-0.0179063$ & $-0.015001$ & $-0.017262$ & $0.0292393$ \\
CH & $-0.0189384$ & $-0.00789876$ & $-0.0176556$ & $0.00337266$ & $-0.00411302$ & $-0.00249161$ & $-0.314347$ & $0.345325$ & $0.338373$ & $-0.271069$ & $-0.168383$ & $-0.2163$ & $1$ & $-0.249064$ & $0.0839672$ & $0.0775835$ & $-0.35383$ & $-0.386546$ & $-0.379758$ & $0.163922$ & $0.178152$ & $0.178159$ & $0.0254478$ & $-0.39671$ & $-0.37202$ & $-0.0997841$ & $0.120026$ & $0.0537486$ & $0.0498498$ & $0.282005$ & $0.11975$ & $-0.257719$ & $0.314776$ & $0.204404$ & $0.0373796$ & $0.00219338$ & $-0.0449059$ & $-0.00633438$ & $-0.0164091$ & $0.0361894$ & $0.0159933$ & $0.00212868$ & $0.0134487$ & $-0.0141944$ & $0.0187848$ & $0.0226209$ & $0.00296575$ & $0.000172959$ & $-0.013452$ \\
CHL1_11 & $0.0119187$ & $0.00147049$ & $0.0436842$ & $0.0191399$ & $0.0204488$ & $-0.00027885$ & $0.0975755$ & $0.100661$ & $0.0940913$ & $0.263677$ & $-0.518327$ & $-0.0837294$ & $-0.249064$ & $1$ & $0.243962$ & $0.247152$ & $0.674991$ & $0.617082$ & $0.604238$ & $0.535019$ & $0.48244$ & $0.459945$ & $-0.0602089$ & $0.473113$ & $0.619291$ & $-0.27091$ & $-0.0486544$ & $0.140002$ & $-0.0366092$ & $-0.0874813$ & $-0.0108416$ & $0.0677485$ & $-0.103124$ & $-0.181901$ & $-0.0216916$ & $-0.0323311$ & $0.0437049$ & $0.0022073$ & $0.0104537$ & $-0.0226847$ & $0.00614826$ & $-0.0184564$ & $0.000523021$ & $-0.0187602$ & $-0.0192454$ & $-0.00285845$ & $0.0276435$ & $-0.0214365$ & $-0.00571961$ \\
CHL1_22 & $-0.0299133$ & $0.0085242$ & $0.00921584$ & $-0.00302299$ & $0.00739525$ & $-0.0794395$ & $-0.0106417$ & $0.28571$ & $0.281433$ & $-0.127349$ & $-0.400333$ & $-0.0564807$ & $0.0839672$ & $0.243962$ & $1$ & $0.452403$ & $0.149204$ & $-0.452043$ & $-0.0467272$ & $0.469057$ & $0.315679$ & $0.313348$ & $-0.157245$ & $0.102507$ & $-0.134265$ & $-0.191142$ & $-0.38893$ & $0.107581$ & $-0.00653096$ & $0.0204875$ & $0.0176567$ & $-0.0069523$ & $0.0160584$ & $-0.593689$ & $0.0207568$ & $-0.0198209$ & $0.00891464$ & $-0.0161554$ & $-0.0398248$ & $0.0136007$ & $-0.0407827$ & $0.0169727$ & $-0.0156751$ & $-0.00395076$ & $-0.0302574$ & $0.00617593$ & $0.00630109$ & $-0.014413$ & $-0.0229502$ \\
CHL1_33 & $-0.0673499$ & $-0.0202134$ & $0.00755639$ & $-0.00330158$ & $0.0337788$ & $-0.0939914$ & $0.0111928$ & $0.300273$ & $0.29723$ & $-0.14719$ & $-0.413378$ & $-0.0731579$ & $0.0775835$ & $0.247152$ & $0.452403$ & $1$ & $0.15262$ & $-0.0424896$ & $-0.447604$ & $0.47896$ & $0.332713$ & $0.349952$ & $-0.179056$ & $0.0827282$ & $-0.123246$ & $-0.179148$ & $-0.373258$ & $0.0941969$ & $0.0258627$ & $0.0440688$ & $0.0277799$ & $0.0159176$ & $0.0323036$ & $-0.0974825$ & $0.0313909$ & $-0.015992$ & $0.0223945$ & $-0.0167399$ & $-0.0234616$ & $0.0115031$ & $0.00739243$ & $0.0391031$ & $0.000177225$ & $-0.0176634$ & $-0.00132893$ & $-0.0584905$ & $0.00525422$ & $0.00653982$ & $-0.0166931$ \\
CHL3_11 & $0.00516185$ & $0.0181279$ & $0.0436156$ & $0.014576$ & $0.0424928$ & $-0.279503$ & $0.113741$ & $-0.241926$ & $-0.2446$ & $0.456668$ & $-0.216348$ & $0.0314644$ & $-0.35383$ & $0.674991$ & $0.149204$ & $0.15262$ & $1$ & $0.746897$ & $0.737872$ & $0.240655$ & $0.185465$ & $0.171112$ & $-0.0678607$ & $0.682622$ & $0.783769$ & $-0.100968$ & $-0.13758$ & $0.0540461$ & $-0.039546$ & $-0.117699$ & $-0.0214898$ & $0.0887127$ & $-0.104307$ & $-0.241115$ & $-0.0197164$ & $0.0139866$ & $0.0661615$ & $0.00604666$ & $0.0362885$ & $-0.0270064$ & $-0.0225313$ & $-0.00507081$ & $0.0174818$ & $-0.0298844$ & $0.0055948$ & $0.0204547$ & $-0.00117932$ & $0.00551491$ & $0.0196566$ \\
CHL3_22 & $0.0171352$ & $0.00739407$ & $0.0322422$ & $0.0126927$ & $0.0272175$ & $-0.0694785$ & $0.123594$ & $-0.418446$ & $-0.416742$ & $0.502007$ & $0.0463919$ & $0.0797351$ & $-0.386546$ & $0.617082$ & $-0.452043$ & $-0.0424896$ & $0.746897$ & $1$ & $0.683395$ & $-0.0496255$ & $-0.0383758$ & $-0.0493861$ & $0.00273737$ & $0.620622$ & $0.800515$ & $0.0335112$ & $0.0225922$ & $-0.0221543$ & $-0.0386938$ & $-0.122613$ & $-0.0305375$ & $0.0961937$ & $-0.117863$ & $0.0462323$ & $-0.030312$ & $0.0166949$ & $0.0528602$ & $0.0132568$ & $0.0473961$ & $-0.0342963$ & $0.0229991$ & $-0.0198382$ & $0.0251189$ & $-0.030377$ & $0.017763$ & $-0.00657215$ & $0.00312351$ & $0.00730652$ & $0.0244878$ \\
CHL3_33 & $0.0519091$ & $0.0344073$ & $0.0287909$ & $0.01777$ & $0.00706694$ & $-0.0562683$ & $0.107289$ & $-0.429194$ & $-0.427475$ & $0.516323$ & $0.0611298$ & $0.093239$ & $-0.379758$ & $0.604238$ & $-0.0467272$ & $-0.447604$ & $0.737872$ & $0.683395$ & $1$ & $-0.0632859$ & $-0.0531282$ & $-0.0587744$ & $0.0182567$ & $0.628422$ & $0.789536$ & $0.0283009$ & $0.0220044$ & $-0.0152261$ & $-0.0562425$ & $-0.139816$ & $-0.0350515$ & $0.0760721$ & $-0.133316$ & $-0.323232$ & $-0.0317055$ & $0.0161073$ & $0.0505604$ & $0.0159435$ & $0.0341398$ & $-0.0258881$ & $-0.0136937$ & $-0.0345333$ & $0.0161391$ & $-0.0175017$ & $0.00246188$ & $0.0399656$ & $0.0133597$ & $-0.00839677$ & $0.0196507$ \\
CHe_11 & $-0.00750798$ & $-0.00689343$ & $0.0224446$ & $0.00489394$ & $0.0291654$ & $-0.199153$ & $-0.0341103$ & $0.848256$ & $0.832919$ & $-0.312707$ & $-0.989567$ & $-0.290649$ & $0.163922$ & $0.535019$ & $0.469057$ & $0.47896$ & $0.240655$ & $-0.0496255$ & $-0.0632859$ & $1$ & $0.97212$ & $0.953631$ & $0.00935983$ & $-0.257314$ & $0.0117379$ & $-0.550339$ & $0.24754$ & $0.290405$ & $0.0131406$ & $0.0619817$ & $0.0385257$ & $-0.0356331$ & $0.0583129$ & $0.302499$ & $-0.00392831$ & $-0.0532642$ & $0.00127579$ & $-0.00766727$ & $-0.0201868$ & $0.010462$ & $-0.0119598$ & $-0.0100786$ & $-0.0151843$ & $-0.00760284$ & $-0.00900308$ & $0.0112992$ & $0.0125149$ & $-0.0161609$ & $-0.00183383$ \\
CHe_22 & $0.00685859$ & $-0.0115383$ & $0.0247152$ & $0.0100739$ & $0.0251715$ & $-0.202232$ & $-0.0446158$ & $0.894324$ & $0.877369$ & $-0.336627$ & $-0.991058$ & $-0.322996$ & $0.178152$ & $0.48244$ & $0.315679$ & $0.332713$ & $0.185465$ & $-0.0383758$ & $-0.0531282$ & $0.97212$ & $1$ & $0.976389$ & $0.0646288$ & $-0.364011$ & $-0.0024663$ & $-0.567005$ & $0.40044$ & $0.294512$ & $0.0146964$ & $0.0647836$ & $0.0373944$ & $-0.0463463$ & $0.0601361$ & $0.469104$ & $-0.00605413$ & $-0.0571962$ & $-0.00502355$ & $-0.00350707$ & $-0.0107761$ & $0.00863375$ & $-0.00969562$ & $-0.0109256$ & $-0.0171439$ & $0.000205492$ & $-0.0078171$ & $0.0215196$ & $0.0157301$ & $-0.0175303$ & $-0.0021068$ \\
CHe_33 & $0.0108548$ & $-0.00218744$ & $0.0261959$ & $0.0104278$ & $0.0292539$ & $-0.201618$ & $-0.0478091$ & $0.882033$ & $0.866447$ & $-0.332988$ & $-0.97071$ & $-0.308574$ & $0.178159$ & $0.459945$ & $0.313348$ & $0.349952$ & $0.171112$ & $-0.0493861$ & $-0.0587744$ & $0.953631$ & $0.976389$ & $1$ & $0.0621373$ & $-0.365897$ & $-0.0103111$ & $-0.55397$ & $0.396931$ & $0.285575$ & $0.0203812$ & $0.0630062$ & $0.0365355$ & $-0.0517788$ & $0.0563511$ & $0.464871$ & $-0.0102418$ & $-0.050506$ & $0.00297521$ & $-0.00224291$ & $-0.00944009$ & $0.0170039$ & $-0.0113875$ & $-0.0111105$ & $-0.0123485$ & $0.0030153$ & $-0.00233484$ & $0.0203046$ & $0.0173591$ & $-0.0160857$ & $-0.00948206$ \\
CHQ1_11 & $0.00367801$ & $0.0122049$ & $-0.0119346$ & $-0.0286022$ & $0.0271516$ & $-0.00890152$ & $-0.043061$ & $0.0857061$ & $0.0779817$ & $-0.0519432$ & $-0.0355621$ & $-0.0443551$ & $0.0254478$ & $-0.0602089$ & $-0.157245$ & $-0.179056$ & $-0.0678607$ & $0.00273737$ & $0.0182567$ & $0.00935983$ & $0.0646288$ & $0.0621373$ & $1$ & $-0.150325$ & $0.0852352$ & $-0.691467$ & $0.35251$ & $0.0162154$ & $0.0122603$ & $-0.0331785$ & $-0.00612587$ & $-0.045025$ & $-0.00610666$ & $0.202835$ & $-0.0148801$ & $0.00097003$ & $0.0061906$ & $-0.0147946$ & $-0.0391744$ & $0.0139213$ & $-0.00547969$ & $0.0475095$ & $-0.0512648$ & $0.0522804$ & $0.0076864$ & $0.00947193$ & $-0.00850274$ & $-0.0406753$ & $0.0190352$ \\
CHQ1_33 & $-0.0624189$ & $0.015892$ & $0.0297398$ & $0.0111599$ & $0.0114841$ & $0.0173142$ & $0.129396$ & $-0.676982$ & $-0.668619$ & $0.564283$ & $0.311949$ & $0.222267$ & $-0.39671$ & $0.473113$ & $0.102507$ & $0.0827282$ & $0.682622$ & $0.620622$ & $0.628422$ & $-0.257314$ & $-0.364011$ & $-0.365897$ & $-0.150325$ & $1$ & $0.644265$ & $0.221087$ & $-0.410781$ & $-0.0232198$ & $-0.0441371$ & $-0.132533$ & $-0.0404466$ & $0.105389$ & $-0.137695$ & $-0.629535$ & $0.00561888$ & $0.0421396$ & $0.0431184$ & $-0.0051903$ & $0.0315489$ & $-0.0249564$ & $-0.0187427$ & $-0.0010338$ & $0.0196588$ & $-0.0294844$ & $-0.0186741$ & $-0.0116793$ & $0.00169735$ & $-0.0030428$ & $-0.000493323$ \\
CHQ3_11 & $-0.0947787$ & $0.0431163$ & $0.0285177$ & $0.0080349$ & $0.0407099$ & $-0.103768$ & $0.0915692$ & $-0.384656$ & $-0.382879$ & $0.495803$ & $-0.00146682$ & $0.079665$ & $-0.37202$ & $0.619291$ & $-0.134265$ & $-0.123246$ & $0.783769$ & $0.800515$ & $0.789536$ & $0.0117379$ & $-0.0024663$ & $-0.0103111$ & $0.0852352$ & $0.644265$ & $1$ & $0.0107889$ & $0.224418$ & $-0.0322312$ & $-0.0623575$ & $-0.135272$ & $-0.0416644$ & $0.0628359$ & $-0.12579$ & $-0.185008$ & $-0.0567862$ & $0.0166699$ & $0.0580359$ & $0.00599196$ & $0.0397758$ & $-0.029919$ & $-0.00101624$ & $-0.0323246$ & $0.0359299$ & $-0.0240783$ & $0.0189496$ & $0.026537$ & $-0.00438483$ & $-0.00928747$ & $0.0276815$ \\
CHu_11 & $-0.0351027$ & $0.00685957$ & $0.000631835$ & $0.00306554$ & $-0.0363604$ & $0.106547$ & $0.0369378$ & $-0.510383$ & $-0.499742$ & $0.19496$ & $0.563884$ & $0.184672$ & $-0.0997841$ & $-0.27091$ & $-0.191142$ & $-0.179148$ & $-0.100968$ & $0.0335112$ & $0.0283009$ & $-0.550339$ & $-0.567005$ & $-0.55397$ & $-0.691467$ & $0.221087$ & $0.0107889$ & $1$ & $-0.19362$ & $-0.167509$ & $-0.0215547$ & $-0.0150174$ & $-0.03126$ & $0.0370767$ & $-0.0247286$ & $-0.259645$ & $-0.00128708$ & $0.0227482$ & $-0.00460702$ & $0.0250476$ & $0.0503217$ & $-0.0144086$ & $0.00577694$ & $-0.0447544$ & $0.0402545$ & $-0.0400406$ & $0.00233315$ & $-0.0076176$ & $-0.0162957$ & $0.0383952$ & $0.00428169$ \\
CHd_11 & $0.0196942$ & $0.0188506$ & $0.00454129$ & $-0.000843549$ & $0.0131595$ & $-0.0724157$ & $-0.0844435$ & $0.436023$ & $0.425931$ & $-0.201211$ & $-0.321557$ & $-0.176026$ & $0.120026$ & $-0.0486544$ & $-0.38893$ & $-0.373258$ & $-0.13758$ & $0.0225922$ & $0.0220044$ & $0.24754$ & $0.40044$ & $0.396931$ & $0.35251$ & $-0.410781$ & $0.224418$ & $-0.19362$ & $1$ & $0.0662434$ & $-0.00535229$ & $0.0298967$ & $-0.00815447$ & $-0.0859957$ & $0.038476$ & $0.683447$ & $-0.0553027$ & $-0.0251288$ & $-0.0191247$ & $0.0037875$ & $0.024113$ & $-0.00286441$ & $-0.00779472$ & $-0.0266497$ & $-0.00514711$ & $0.0197375$ & $0.019031$ & $0.0509359$ & $-0.00257909$ & $-0.0268575$ & $0.0305443$ \\
CHd_33 & $0.0284429$ & $0.0066449$ & $0.00874417$ & $-0.00774257$ & $0.0472578$ & $-0.0387874$ & $-0.00974773$ & $0.264266$ & $0.267174$ & $-0.107647$ & $-0.291588$ & $-0.101629$ & $0.0537486$ & $0.140002$ & $0.107581$ & $0.0941969$ & $0.0540461$ & $-0.0221543$ & $-0.0152261$ & $0.290405$ & $0.294512$ & $0.285575$ & $0.0162154$ & $-0.0232198$ & $-0.0322312$ & $-0.167509$ & $0.0662434$ & $1$ & $0.0279921$ & $0.0363032$ & $0.0179044$ & $-0.0238936$ & $0.0151653$ & $0.127915$ & $-0.00913671$ & $-0.0369356$ & $-0.0420735$ & $0.0233878$ & $-0.0100097$ & $0.010025$ & $0.0207653$ & $0.0033979$ & $0.0232413$ & $0.0206182$ & $0.00388665$ & $0.00938461$ & $-0.00515881$ & $0.0368758$ & $-0.0149954$ \\
CeH_22r & $0.0141001$ & $0.00409098$ & $-0.0560772$ & $0.0098336$ & $-0.0221062$ & $-0.000324453$ & $-0.00823389$ & $0.0365055$ & $0.0361022$ & $-0.0237943$ & $-0.0146246$ & $0.0198403$ & $0.0498498$ & $-0.0366092$ & $-0.00653096$ & $0.0258627$ & $-0.039546$ & $-0.0386938$ & $-0.0562425$ & $0.0131406$ & $0.0146964$ & $0.0203812$ & $0.0122603$ & $-0.0441371$ & $-0.0623575$ & $-0.0215547$ & $-0.00535229$ & $0.0279921$ & $1$ & $0.0161515$ & $0.0205047$ & $-0.0161886$ & $0.0500145$ & $0.0359235$ & $-0.0458386$ & $-0.0214234$ & $0.0211995$ & $0.0145114$ & $0.0158788$ & $0.0022674$ & $-0.0285749$ & $-0.0369891$ & $-0.0346841$ & $-0.0168704$ & $-0.0333878$ & $0.00337921$ & $0.0111022$ & $0.00113405$ & $0.00142289$ \\
CeH_33r & $-0.00239648$ & $-0.00515806$ & $-0.0139058$ & $0.00624191$ & $0.00014596$ & $-0.00887638$ & $-0.121589$ & $0.122271$ & $0.146237$ & $-0.164413$ & $-0.0633912$ & $0.104064$ & $0.282005$ & $-0.0874813$ & $0.0204875$ & $0.0440688$ & $-0.117699$ & $-0.122613$ & $-0.139816$ & $0.0619817$ & $0.0647836$ & $0.0630062$ & $-0.0331785$ & $-0.132533$ & $-0.135272$ & $-0.0150174$ & $0.0298967$ & $0.0363032$ & $0.0161515$ & $1$ & $0.321101$ & $0.0229851$ & $0.629364$ & $0.0821702$ & $-0.0744336$ & $-0.0603301$ & $-0.24031$ & $-0.0295679$ & $-0.0346336$ & $0.0204187$ & $0.0189054$ & $-0.000666678$ & $-0.00105593$ & $-0.0133569$ & $0.0854882$ & $0.0186462$ & $0.0260583$ & $-0.00332056$ & $-0.0225458$ \\
CuH_22r & $-0.00325028$ & $0.0106744$ & $-0.0176555$ & $0.0336874$ & $-0.0385276$ & $-0.0174284$ & $-0.0543708$ & $0.0468191$ & $0.0639346$ & $-0.0662349$ & $-0.0375566$ & $-0.0131549$ & $0.11975$ & $-0.0108416$ & $0.0176567$ & $0.0277799$ & $-0.0214898$ & $-0.0305375$ & $-0.0350515$ & $0.0385257$ & $0.0373944$ & $0.0365355$ & $-0.00612587$ & $-0.0404466$ & $-0.0416644$ & $-0.03126$ & $-0.00815447$ & $0.0179044$ & $0.0205047$ & $0.321101$ & $1$ & $0.0156634$ & $0.297226$ & $0.0233315$ & $-0.0348072$ & $-0.00168124$ & $-0.0864818$ & $-0.0180016$ & $-0.0303264$ & $-0.0234966$ & $0.0134228$ & $-0.0188926$ & $0.00345326$ & $0.0123615$ & $0.00932018$ & $0.0999945$ & $0.428715$ & $-0.0391974$ & $-0.0334966$ \\
CuH_33r & $0.0161945$ & $-0.0107977$ & $0.0197131$ & $-0.0178626$ & $-0.0169834$ & $0.00909111$ & $0.931595$ & $-0.0889308$ & $-0.0436964$ & $0.0814335$ & $0.0401423$ & $0.108548$ & $-0.257719$ & $0.0677485$ & $-0.0069523$ & $0.0159176$ & $0.0887127$ & $0.0961937$ & $0.0760721$ & $-0.0356331$ & $-0.0463463$ & $-0.0517788$ & $-0.045025$ & $0.105389$ & $0.0628359$ & $0.0370767$ & $-0.0859957$ & $-0.0238936$ & $-0.0161886$ & $0.0229851$ & $0.0156634$ & $1$ & $-0.00822015$ & $-0.0681188$ & $0.0658908$ & $-0.00951849$ & $-0.0193499$ & $0.0240036$ & $-0.0147925$ & $0.00322525$ & $0.0489181$ & $0.0123827$ & $0.0167502$ & $-0.00862018$ & $-0.0132498$ & $-0.0232856$ & $0.00308972$ & $-0.0536156$ & $-0.0143902$ \\
CdH_33r & $0.0252131$ & $-0.00417008$ & $-0.0290339$ & $-0.0335742$ & $-0.0140037$ & $-0.0184242$ & $-0.175046$ & $0.114423$ & $0.133201$ & $-0.166173$ & $-0.0587479$ & $0.121742$ & $0.314776$ & $-0.103124$ & $0.0160584$ & $0.0323036$ & $-0.104307$ & $-0.117863$ & $-0.133316$ & $0.0583129$ & $0.0601361$ & $0.0563511$ & $-0.00610666$ & $-0.137695$ & $-0.12579$ & $-0.0247286$ & $0.038476$ & $0.0151653$ & $0.0500145$ & $0.629364$ & $0.297226$ & $-0.00822015$ & $1$ & $0.0829689$ & $-0.0465863$ & $-0.0249586$ & $-0.2514$ & $-0.0620781$ & $-0.0106193$ & $-0.0275943$ & $-0.0158663$ & $0.00642831$ & $-0.0257697$ & $-0.0126302$ & $0.0107814$ & $0.00601172$ & $0.0399771$ & $0.17891$ & $0.495935$ \\
CLL_1221 & $0.0210453$ & $0.00376069$ & $-0.000659462$ & $0.000246718$ & $0.00740526$ & $-0.128053$ & $-0.0760982$ & $0.571409$ & $0.560883$ & $-0.331597$ & $-0.383804$ & $-0.224924$ & $0.204404$ & $-0.181901$ & $-0.593689$ & $-0.0974825$ & $-0.241115$ & $0.0462323$ & $-0.323232$ & $0.302499$ & $0.469104$ & $0.464871$ & $0.202835$ & $-0.629535$ & $-0.185008$ & $-0.259645$ & $0.683447$ & $0.127915$ & $0.0359235$ & $0.0821702$ & $0.0233315$ & $-0.0681188$ & $0.0829689$ & $1$ & $-0.0183115$ & $-0.0277882$ & $-0.0296237$ & $0.0090434$ & $0.0182872$ & $0.00126777$ & $0.0219372$ & $-0.00468434$ & $-0.00988986$ & $0.0127003$ & $0.0259764$ & $0.0118036$ & $-0.00104069$ & $0.00398295$ & $0.00918085$ \\
eHggint & $-0.0202099$ & $-0.063015$ & $0.060943$ & $-0.00410246$ & $-0.013148$ & $0.0109814$ & $-0.0252858$ & $0.00585776$ & $-0.0137771$ & $0.0184096$ & $0.00354468$ & $0.0812528$ & $0.0373796$ & $-0.0216916$ & $0.0207568$ & $0.0313909$ & $-0.0197164$ & $-0.030312$ & $-0.0317055$ & $-0.00392831$ & $-0.00605413$ & $-0.0102418$ & $-0.0148801$ & $0.00561888$ & $-0.0567862$ & $-0.00128708$ & $-0.0553027$ & $-0.00913671$ & $-0.0458386$ & $-0.0744336$ & $-0.0348072$ & $0.0658908$ & $-0.0465863$ & $-0.0183115$ & $1$ & $-0.0533017$ & $0.0127497$ & $-0.00949288$ & $-0.0283624$ & $-0.0206212$ & $-0.0172576$ & $0.0304448$ & $-0.0286288$ & $0.0126921$ & $0.0228787$ & $0.00496824$ & $-0.0312008$ & $0.0267806$ & $-0.00334661$ \\
eHggpar & $-0.0227335$ & $-0.029863$ & $0.0482405$ & $-0.0226073$ & $0.0166597$ & $-0.041335$ & $-0.0640453$ & $-0.0587715$ & $-0.0686651$ & $0.0519031$ & $0.0583483$ & $0.0718675$ & $0.00219338$ & $-0.0323311$ & $-0.0198209$ & $-0.015992$ & $0.0139866$ & $0.0166949$ & $0.0161073$ & $-0.0532642$ & $-0.0571962$ & $-0.050506$ & $0.00097003$ & $0.0421396$ & $0.0166699$ & $0.0227482$ & $-0.0251288$ & $-0.0369356$ & $-0.0214234$ & $-0.0603301$ & $-0.00168124$ & $-0.00951849$ & $-0.0249586$ & $-0.0277882$ & $-0.0533017$ & $1$ & $0.0546732$ & $-0.0135911$ & $0.0572824$ & $0.00440354$ & $0.0213225$ & $-0.0577278$ & $0.0338814$ & $-0.025959$ & $-0.0539868$ & $0.040085$ & $-0.0344131$ & $0.0162354$ & $0.00840916$ \\
eHWWint & $0.0213328$ & $0.0169656$ & $-0.0231406$ & $-0.00095788$ & $-0.0062429$ & $-0.0161556$ & $0.0216674$ & $-0.03449$ & $-0.0475749$ & $0.0646854$ & $0.00302945$ & $0.0168524$ & $-0.0449059$ & $0.0437049$ & $0.00891464$ & $0.0223945$ & $0.0661615$ & $0.0528602$ & $0.0505604$ & $0.00127579$ & $-0.00502355$ & $0.00297521$ & $0.0061906$ & $0.0431184$ & $0.0580359$ & $-0.00460702$ & $-0.0191247$ & $-0.0420735$ & $0.0211995$ & $-0.24031$ & $-0.0864818$ & $-0.0193499$ & $-0.2514$ & $-0.0296237$ & $0.0127497$ & $0.0546732$ & $1$ & $0.0521726$ & $-0.0110829$ & $-0.0362415$ & $-0.0315752$ & $0.0255816$ & $0.00402082$ & $0.0222474$ & $0.00896142$ & $0.021665$ & $-0.0290375$ & $-0.0163149$ & $-0.00985299$ \\
eHWWpar & $0.0328625$ & $0.0644038$ & $0.0195342$ & $-0.0729445$ & $-0.0441496$ & $-0.000272536$ & $0.029871$ & $-0.01117$ & $-0.013807$ & $0.0253716$ & $0.00862551$ & $0.0131938$ & $-0.00633438$ & $0.0022073$ & $-0.0161554$ & $-0.0167399$ & $0.00604666$ & $0.0132568$ & $0.0159435$ & $-0.00766727$ & $-0.00350707$ & $-0.00224291$ & $-0.0147946$ & $-0.0051903$ & $0.00599196$ & $0.0250476$ & $0.0037875$ & $0.0233878$ & $0.0145114$ & $-0.0295679$ & $-0.0180016$ & $0.0240036$ & $-0.0620781$ & $0.0090434$ & $-0.00949288$ & $-0.0135911$ & $0.0521726$ & $1$ & $-0.0406371$ & $0.00786607$ & $-0.00607951$ & $0.0134144$ & $-0.0136785$ & $0.0297554$ & $0.0602153$ & $-0.0405516$ & $0.0519211$ & $-0.011667$ & $-0.0291171$ \\
eHZZint & $-0.00352736$ & $-0.0296262$ & $-0.0525181$ & $-0.0272781$ & $0.090393$ & $-0.0113115$ & $-0.0244375$ & $-0.0242356$ & $-0.0258602$ & $0.0582458$ & $0.0133942$ & $0.0267265$ & $-0.0164091$ & $0.0104537$ & $-0.0398248$ & $-0.0234616$ & $0.0362885$ & $0.0473961$ & $0.0341398$ & $-0.0201868$ & $-0.0107761$ & $-0.00944009$ & $-0.0391744$ & $0.0315489$ & $0.0397758$ & $0.0503217$ & $0.024113$ & $-0.0100097$ & $0.0158788$ & $-0.0346336$ & $-0.0303264$ & $-0.0147925$ & $-0.0106193$ & $0.0182872$ & $-0.0283624$ & $0.0572824$ & $-0.0110829$ & $-0.0406371$ & $1$ & $-0.010083$ & $-0.000268495$ & $0.0171299$ & $0.00375677$ & $0.0248634$ & $-0.0341526$ & $-0.0316883$ & $0.0179883$ & $0.0204352$ & $0.0236157$ \\
eHZZpar & $-0.020605$ & $-0.00220932$ & $-0.00388582$ & $-0.0178261$ & $-0.0105032$ & $-0.00400609$ & $0.00778209$ & $0.020852$ & $0.0211834$ & $-0.04268$ & $-0.00857031$ & $-0.0390884$ & $0.0361894$ & $-0.0226847$ & $0.0136007$ & $0.0115031$ & $-0.0270064$ & $-0.0342963$ & $-0.0258881$ & $0.010462$ & $0.00863375$ & $0.0170039$ & $0.0139213$ & $-0.0249564$ & $-0.029919$ & $-0.0144086$ & $-0.00286441$ & $0.010025$ & $0.0022674$ & $0.0204187$ & $-0.0234966$ & $0.00322525$ & $-0.0275943$ & $0.00126777$ & $-0.0206212$ & $0.00440354$ & $-0.0362415$ & $0.00786607$ & $-0.010083$ & $1$ & $0.049132$ & $0.00407306$ & $0.0191862$ & $0.0203636$ & $-0.00840834$ & $-0.00746039$ & $-0.0283767$ & $0.00987616$ & $-0.0506357$ \\
eHZgaint & $-0.0172046$ & $-0.0235197$ & $-0.0369998$ & $-0.00397672$ & $-0.0199091$ & $0.0296055$ & $0.050387$ & $-0.00672599$ & $-0.00782304$ & $-0.0539484$ & $0.0122221$ & $-0.0685265$ & $0.0159933$ & $0.00614826$ & $-0.0407827$ & $0.00739243$ & $-0.0225313$ & $0.0229991$ & $-0.0136937$ & $-0.0119598$ & $-0.00969562$ & $-0.0113875$ & $-0.00547969$ & $-0.0187427$ & $-0.00101624$ & $0.00577694$ & $-0.00779472$ & $0.0207653$ & $-0.0285749$ & $0.0189054$ & $0.0134228$ & $0.0489181$ & $-0.0158663$ & $0.0219372$ & $-0.0172576$ & $0.0213225$ & $-0.0315752$ & $-0.00607951$ & $-0.000268495$ & $0.049132$ & $1$ & $0.00445195$ & $-0.0462252$ & $0.0101665$ & $0.0760381$ & $-0.0358119$ & $-0.0200108$ & $-0.0211008$ & $-0.0162609$ \\
eHZgapar & $0.0413446$ & $-0.00612409$ & $0.0325748$ & $0.0198733$ & $0.0306572$ & $-0.0373103$ & $0.00871398$ & $-0.000213612$ & $0.00107921$ & $0.00725398$ & $0.00653154$ & $0.0190304$ & $0.00212868$ & $-0.0184564$ & $0.0169727$ & $0.0391031$ & $-0.00507081$ & $-0.0198382$ & $-0.0345333$ & $-0.0100786$ & $-0.0109256$ & $-0.0111105$ & $0.0475095$ & $-0.0010338$ & $-0.0323246$ & $-0.0447544$ & $-0.0266497$ & $0.0033979$ & $-0.0369891$ & $-0.000666678$ & $-0.0188926$ & $0.0123827$ & $0.00642831$ & $-0.00468434$ & $0.0304448$ & $-0.0577278$ & $0.0255816$ & $0.0134144$ & $0.0171299$ & $0.00407306$ & $0.00445195$ & $1$ & $-0.00887332$ & $0.0225809$ & $-0.0172498$ & $-0.0101417$ & $0.0288969$ & $-0.0243746$ & $0.0112151$ \\
eHgagaint & $-0.0410558$ & $0.0570243$ & $-0.00315816$ & $0.0172901$ & $-0.0136693$ & $-0.0159038$ & $0.0067251$ & $-0.0294081$ & $0.0531647$ & $0.0339647$ & $0.0187964$ & $0.00756253$ & $0.0134487$ & $0.000523021$ & $-0.0156751$ & $0.000177225$ & $0.0174818$ & $0.0251189$ & $0.0161391$ & $-0.0151843$ & $-0.0171439$ & $-0.0123485$ & $-0.0512648$ & $0.0196588$ & $0.0359299$ & $0.0402545$ & $-0.00514711$ & $0.0232413$ & $-0.0346841$ & $-0.00105593$ & $0.00345326$ & $0.0167502$ & $-0.0257697$ & $-0.00988986$ & $-0.0286288$ & $0.0338814$ & $0.00402082$ & $-0.0136785$ & $0.00375677$ & $0.0191862$ & $-0.0462252$ & $-0.00887332$ & $1$ & $0.0364785$ & $-0.0100831$ & $-0.00662764$ & $-0.00127775$ & $-0.0162989$ & $-0.0707556$ \\
eHmumuint & $0.021293$ & $-0.0317672$ & $0.0435998$ & $0.0168394$ & $-0.0382654$ & $-0.000509729$ & $-0.00358133$ & $0.0169752$ & $0.016333$ & $-0.0565746$ & $-0.000584697$ & $-0.0369971$ & $-0.0141944$ & $-0.0187602$ & $-0.00395076$ & $-0.0176634$ & $-0.0298844$ & $-0.030377$ & $-0.0175017$ & $-0.00760284$ & $0.000205492$ & $0.0030153$ & $0.0522804$ & $-0.0294844$ & $-0.0240783$ & $-0.0400406$ & $0.0197375$ & $0.0206182$ & $-0.0168704$ & $-0.0133569$ & $0.0123615$ & $-0.00862018$ & $-0.0126302$ & $0.0127003$ & $0.0126921$ & $-0.025959$ & $0.0222474$ & $0.0297554$ & $0.0248634$ & $0.0203636$ & $0.0101665$ & $0.0225809$ & $0.0364785$ & $1$ & $-0.0681603$ & $-0.00974208$ & $0.0101671$ & $-0.0993832$ & $0.0181075$ \\
eHtautauint & $-0.0113679$ & $0.0290246$ & $-0.00635786$ & $0.0322787$ & $0.0113673$ & $0.0106228$ & $-0.0181529$ & $-0.00937204$ & $-0.013942$ & $-0.0011804$ & $0.0114394$ & $-0.00616188$ & $0.0187848$ & $-0.0192454$ & $-0.0302574$ & $-0.00132893$ & $0.0055948$ & $0.017763$ & $0.00246188$ & $-0.00900308$ & $-0.0078171$ & $-0.00233484$ & $0.0076864$ & $-0.0186741$ & $0.0189496$ & $0.00233315$ & $0.019031$ & $0.00388665$ & $-0.0333878$ & $0.0854882$ & $0.00932018$ & $-0.0132498$ & $0.0107814$ & $0.0259764$ & $0.0228787$ & $-0.0539868$ & $0.00896142$ & $0.0602153$ & $-0.0341526$ & $-0.00840834$ & $0.0760381$ & $-0.0172498$ & $-0.0100831$ & $-0.0681603$ & $1$ & $-0.0408046$ & $0.0445436$ & $-0.00589644$ & $0.00775883$ \\
eHccint & $-0.00413504$ & $-0.0303359$ & $0.0726387$ & $-0.0168433$ & $-0.00780415$ & $-0.033759$ & $-0.0172096$ & $0.0171667$ & $0.0226657$ & $-0.000931867$ & $-0.0180199$ & $-0.0179063$ & $0.0226209$ & $-0.00285845$ & $0.00617593$ & $-0.0584905$ & $0.0204547$ & $-0.00657215$ & $0.0399656$ & $0.0112992$ & $0.0215196$ & $0.0203046$ & $0.00947193$ & $-0.0116793$ & $0.026537$ & $-0.0076176$ & $0.0509359$ & $0.00938461$ & $0.00337921$ & $0.0186462$ & $0.0999945$ & $-0.0232856$ & $0.00601172$ & $0.0118036$ & $0.00496824$ & $0.040085$ & $0.021665$ & $-0.0405516$ & $-0.0316883$ & $-0.00746039$ & $-0.0358119$ & $-0.0101417$ & $-0.00662764$ & $-0.00974208$ & $-0.0408046$ & $1$ & $0.0091753$ & $-0.0326574$ & $0.00371205$ \\
eHccpar & $0.0456345$ & $0.0466049$ & $0.00819901$ & $0.0240718$ & $-0.0355541$ & $0.041221$ & $0.00542488$ & $0.00957076$ & $0.0183109$ & $-0.0128274$ & $-0.0152767$ & $-0.015001$ & $0.00296575$ & $0.0276435$ & $0.00630109$ & $0.00525422$ & $-0.00117932$ & $0.00312351$ & $0.0133597$ & $0.0125149$ & $0.0157301$ & $0.0173591$ & $-0.00850274$ & $0.00169735$ & $-0.00438483$ & $-0.0162957$ & $-0.00257909$ & $-0.00515881$ & $0.0111022$ & $0.0260583$ & $0.428715$ & $0.00308972$ & $0.0399771$ & $-0.00104069$ & $-0.0312008$ & $-0.0344131$ & $-0.0290375$ & $0.0519211$ & $0.0179883$ & $-0.0283767$ & $-0.0200108$ & $0.0288969$ & $-0.00127775$ & $0.0101671$ & $0.0445436$ & $0.0091753$ & $1$ & $-0.0151829$ & $0.0278954$ \\
eHbbint & $-0.00351685$ & $-0.0110898$ & $-0.0256788$ & $-0.0114945$ & $0.0180123$ & $0.00907456$ & $-0.0548932$ & $-0.0159101$ & $-0.0218216$ & $-0.0165733$ & $0.0179297$ & $-0.017262$ & $0.000172959$ & $-0.0214365$ & $-0.014413$ & $0.00653982$ & $0.00551491$ & $0.00730652$ & $-0.00839677$ & $-0.0161609$ & $-0.0175303$ & $-0.0160857$ & $-0.0406753$ & $-0.0030428$ & $-0.00928747$ & $0.0383952$ & $-0.0268575$ & $0.0368758$ & $0.00113405$ & $-0.00332056$ & $-0.0391974$ & $-0.0536156$ & $0.17891$ & $0.00398295$ & $0.0267806$ & $0.0162354$ & $-0.0163149$ & $-0.011667$ & $0.0204352$ & $0.00987616$ & $-0.0211008$ & $-0.0243746$ & $-0.0162989$ & $-0.0993832$ & $-0.00589644$ & $-0.0326574$ & $-0.0151829$ & $1$ & $0.0410653$ \\
eHbbpar & $0.0676363$ & $-0.0297473$ & $0.0112174$ & $-0.0697303$ & $-0.00328571$ & $-0.011108$ & $-0.0155908$ & $-0.00918204$ & $-0.0126807$ & $0.0245109$ & $0.00147654$ & $0.0292393$ & $-0.013452$ & $-0.00571961$ & $-0.0229502$ & $-0.0166931$ & $0.0196566$ & $0.0244878$ & $0.0196507$ & $-0.00183383$ & $-0.0021068$ & $-0.00948206$ & $0.0190352$ & $-0.000493323$ & $0.0276815$ & $0.00428169$ & $0.0305443$ & $-0.0149954$ & $0.00142289$ & $-0.0225458$ & $-0.0334966$ & $-0.0143902$ & $0.495935$ & $0.00918085$ & $-0.00334661$ & $0.00840916$ & $-0.00985299$ & $-0.0291171$ & $0.0236157$ & $-0.0506357$ & $-0.0162609$ & $0.0112151$ & $-0.0707556$ & $0.0181075$ & $0.00775883$ & $0.00371205$ & $0.0278954$ & $0.0410653$ & $1$ \\
