 & AlsMz & dAle5Mz & mtop & mHl & Mz & CW & CHG & CHWB & CHWHB_gaga & CHWHB_gagaorth & CHD & CHbox & CH & CHL1_11 & CHL1_22 & CHL1_33 & CHL3_11 & CHL3_22 & CHL3_33 & CHe_11 & CHe_22 & CHe_33 & CHQ1_11 & CHQ1_33 & CHQ3_11 & CHu_11 & CHd_11 & CHd_33 & CeH_22r & CeH_33r & CuH_22r & CuH_33r & CdH_33r & CLL_1221 & eHggint & eHggpar & eHWWint & eHWWpar & eHZZint & eHZZpar & eHZgaint & eHZgapar & eHgagaint & eHmumuint & eHtautauint & eHccint & eHccpar & eHbbint & eHbbpar \\
AlsMz & $1$ & $0.0862389$ & $-0.0196317$ & $-0.0115856$ & $-0.0113399$ & $0.00341467$ & $-0.00391437$ & $-0.0159503$ & $-0.0117308$ & $-0.00123362$ & $0.00101894$ & $-0.0117653$ & $-0.0119479$ & $0.00418676$ & $-0.0022738$ & $0.0069027$ & $0.0145555$ & $0.0148796$ & $0.00746205$ & $-0.00468773$ & $-0.00800034$ & $-0.00671136$ & $-0.0175684$ & $-0.0334328$ & $-0.0799376$ & $-0.0185249$ & $-0.0353155$ & $0.00640077$ & $0.0108617$ & $0.0100162$ & $0.0238043$ & $-0.00936914$ & $0.080561$ & $-0.0068162$ & $-0.15841$ & $0.0785855$ & $-0.0528407$ & $0.00375724$ & $0.0577708$ & $-0.0143351$ & $-0.023569$ & $0.00542623$ & $0.0337342$ & $-0.0432581$ & $-0.0701728$ & $-0.331909$ & $0.169369$ & $-0.065662$ & $0.177859$ \\
dAle5Mz & $0.0862389$ & $1$ & $-0.0158521$ & $0.00157174$ & $-0.00309716$ & $0.00925274$ & $-0.0095603$ & $-0.0705754$ & $-0.0677278$ & $0.0176277$ & $0.0525622$ & $0.00648443$ & $-0.020564$ & $-0.0116738$ & $-0.0156191$ & $-0.0101884$ & $0.0170234$ & $0.0197133$ & $0.0182654$ & $-0.033322$ & $-0.0336077$ & $-0.030437$ & $0.0125009$ & $0.0218315$ & $0.0215402$ & $0.00879183$ & $0.000479013$ & $-0.0191072$ & $0.0153173$ & $-0.0211079$ & $0.00886872$ & $-0.0195584$ & $0.00634701$ & $0.00655683$ & $-0.0684065$ & $-0.0107921$ & $0.123148$ & $0.0424072$ & $0.106342$ & $-0.010767$ & $0.113627$ & $0.00965652$ & $0.0166905$ & $-0.00912595$ & $0.119018$ & $-0.114559$ & $0.0862622$ & $0.00642228$ & $0.0853972$ \\
mtop & $-0.0196317$ & $-0.0158521$ & $1$ & $0.168536$ & $0.0100462$ & $0.0139875$ & $-0.0038952$ & $0.0115349$ & $0.00909496$ & $-0.0135779$ & $0.000451808$ & $-0.00813658$ & $0.00214958$ & $-0.00197769$ & $0.00823165$ & $0.0027068$ & $-0.0129008$ & $-0.013529$ & $-0.00860078$ & $0.00734687$ & $0.00651456$ & $0.00632506$ & $0.000345284$ & $-0.00816679$ & $-0.00883913$ & $-0.00896254$ & $0.00039339$ & $-0.00027016$ & $-0.00515894$ & $-0.00993766$ & $-0.0492367$ & $-0.0171989$ & $-0.0482321$ & $0.0010987$ & $-0.112096$ & $0.0649528$ & $0.0745021$ & $0.0548511$ & $-0.0565455$ & $0.000977268$ & $0.0993298$ & $0.0202984$ & $-0.0472107$ & $0.0282879$ & $0.0328386$ & $-0.0292264$ & $-0.199155$ & $-0.106063$ & $-0.036251$ \\
mHl & $-0.0115856$ & $0.00157174$ & $0.168536$ & $1$ & $0.00696566$ & $-0.00831719$ & $-0.000455117$ & $0.0221703$ & $0.0169139$ & $-0.0234293$ & $-0.0172566$ & $-0.0153716$ & $0.00840358$ & $0.00418001$ & $0.00242238$ & $0.00212842$ & $-0.00987408$ & $-0.00831153$ & $-0.00781444$ & $0.0176458$ & $0.018717$ & $0.0172256$ & $0.0084241$ & $-0.00849432$ & $-0.00426127$ & $-0.0156563$ & $0.0202877$ & $0.00206806$ & $-0.000801044$ & $0.00770352$ & $0.0563033$ & $-0.00388524$ & $0.0243208$ & $0.0153709$ & $-0.0759897$ & $0.0505173$ & $-0.0129509$ & $0.0148561$ & $0.0468015$ & $-0.0146027$ & $0.0422926$ & $-0.0285019$ & $-0.115118$ & $-0.077934$ & $0.0171598$ & $-0.00831134$ & $0.176857$ & $-0.0356545$ & $0.0595405$ \\
Mz & $-0.0113399$ & $-0.00309716$ & $0.0100462$ & $0.00696566$ & $1$ & $-0.00362884$ & $-0.000224716$ & $-0.003515$ & $-0.00225855$ & $0.00333498$ & $0.0105427$ & $-0.000773532$ & $-0.00136908$ & $-0.00177337$ & $0.00430018$ & $0.00493754$ & $0.00111181$ & $-0.00288951$ & $-0.0039528$ & $-0.00283675$ & $-0.00332393$ & $-0.00291088$ & $-0.0119202$ & $-0.00138418$ & $-0.00565884$ & $0.0115352$ & $-0.0115665$ & $-0.00283251$ & $0.00233038$ & $-0.00815187$ & $-0.00503297$ & $0.000600749$ & $-0.00385581$ & $-0.00637242$ & $0.00319416$ & $0.00404578$ & $-0.0118252$ & $0.0029212$ & $-0.00768983$ & $-0.00570552$ & $0.00205466$ & $-0.00479175$ & $0.00456247$ & $-0.00522198$ & $-0.00313593$ & $0.00619989$ & $-0.00797848$ & $-0.00453304$ & $0.00505567$ \\
CW & $0.00341467$ & $0.00925274$ & $0.0139875$ & $-0.00831719$ & $-0.00362884$ & $1$ & $-0.00441553$ & $-0.129384$ & $-0.126081$ & $0.00930249$ & $0.188659$ & $0.0523857$ & $0.00571177$ & $0.0162052$ & $-0.0790236$ & $-0.0687645$ & $-0.259277$ & $-0.0481617$ & $-0.0561334$ & $-0.184311$ & $-0.192024$ & $-0.188865$ & $-0.026114$ & $0.00948883$ & $-0.0927106$ & $0.123137$ & $-0.0872991$ & $-0.0634203$ & $-0.00393837$ & $0.00563546$ & $-0.0108086$ & $-0.00236976$ & $-0.00598675$ & $-0.12357$ & $-0.00356672$ & $0.0131653$ & $0.0042298$ & $0.0121966$ & $0.0034305$ & $-0.00965026$ & $0.00919583$ & $-0.000503146$ & $0.000788217$ & $-0.00937342$ & $0.00610216$ & $-0.0178833$ & $-0.0103232$ & $-0.000919086$ & $-0.0105107$ \\
CHG & $-0.00391437$ & $-0.0095603$ & $-0.0038952$ & $-0.000455117$ & $-0.000224716$ & $-0.00441553$ & $1$ & $-0.0894441$ & $-0.0362929$ & $0.0566295$ & $0.0473404$ & $-0.0440046$ & $-0.277333$ & $0.0533279$ & $-0.00430415$ & $-0.00989849$ & $0.0829602$ & $0.0827354$ & $0.086996$ & $-0.0447072$ & $-0.051859$ & $-0.0505006$ & $-0.022021$ & $0.0998431$ & $0.0809408$ & $0.0320466$ & $-0.0526447$ & $-0.0156455$ & $-0.00265726$ & $-0.119461$ & $-0.0777081$ & $0.934665$ & $-0.150499$ & $-0.0688535$ & $-0.0396455$ & $0.0105427$ & $0.0164747$ & $0.00814486$ & $0.00592991$ & $0.00832788$ & $0.0264412$ & $0.00517452$ & $0.0183872$ & $-0.0280652$ & $0.00103459$ & $-0.00910924$ & $-0.0283738$ & $-0.00876528$ & $-0.0110184$ \\
CHWB & $-0.0159503$ & $-0.0705754$ & $0.0115349$ & $0.0221703$ & $-0.003515$ & $-0.129384$ & $-0.0894441$ & $1$ & $0.983687$ & $-0.57221$ & $-0.880326$ & $-0.24235$ & $0.3243$ & $0.0955617$ & $0.298566$ & $0.284507$ & $-0.238819$ & $-0.439938$ & $-0.43078$ & $0.851709$ & $0.898136$ & $0.880666$ & $0.0738454$ & $-0.676256$ & $-0.402742$ & $-0.514832$ & $0.42602$ & $0.308784$ & $0.0215812$ & $0.0952287$ & $0.0490562$ & $-0.087463$ & $0.0963154$ & $0.564099$ & $-0.00438859$ & $-0.0145191$ & $-0.00784625$ & $-0.00602956$ & $-0.0118137$ & $0.00130429$ & $-0.0119455$ & $-0.00260115$ & $-0.000172468$ & $0.000752576$ & $-0.013095$ & $0.020653$ & $-0.00393332$ & $0.000333742$ & $-0.0256976$ \\
CHWHB_gaga & $-0.0117308$ & $-0.0677278$ & $0.00909496$ & $0.0169139$ & $-0.00225855$ & $-0.126081$ & $-0.0362929$ & $0.983687$ & $1$ & $-0.564862$ & $-0.862812$ & $-0.221821$ & $0.318647$ & $0.088199$ & $0.294155$ & $0.279589$ & $-0.24222$ & $-0.439003$ & $-0.429273$ & $0.834906$ & $0.88029$ & $0.863686$ & $0.0709155$ & $-0.669355$ & $-0.402433$ & $-0.503641$ & $0.417716$ & $0.303793$ & $0.0270402$ & $0.118502$ & $0.0574069$ & $-0.0435497$ & $0.121955$ & $0.554047$ & $-0.0232016$ & $-0.0164405$ & $-0.0215373$ & $-0.00790641$ & $-0.0131622$ & $-0.00191031$ & $0.00380507$ & $-0.00190681$ & $0.0592588$ & $0.00462256$ & $-0.00872947$ & $0.00890557$ & $-0.0148165$ & $0.00293355$ & $-0.0238472$ \\
CHWHB_gagaorth & $-0.00123362$ & $0.0176277$ & $-0.0135779$ & $-0.0234293$ & $0.00333498$ & $0.00930249$ & $0.0566295$ & $-0.57221$ & $-0.564862$ & $1$ & $0.354803$ & $0.611589$ & $-0.233425$ & $0.238732$ & $-0.115064$ & $-0.117947$ & $0.438933$ & $0.492247$ & $0.494865$ & $-0.341058$ & $-0.37258$ & $-0.366675$ & $-0.054$ & $0.565136$ & $0.481345$ & $0.211783$ & $-0.244817$ & $-0.128368$ & $-0.00947021$ & $-0.125123$ & $-0.0645814$ & $0.0767878$ & $-0.129799$ & $-0.361086$ & $0.0485746$ & $0.0295436$ & $0.00946994$ & $-0.00281121$ & $0.0202884$ & $0.0161292$ & $-0.0394126$ & $0.00368146$ & $-0.019917$ & $0.00477904$ & $-0.00506419$ & $-0.00442403$ & $0.0036127$ & $-0.0192798$ & $0.0257515$ \\
CHD & $0.00101894$ & $0.0525622$ & $0.000451808$ & $-0.0172566$ & $0.0105427$ & $0.188659$ & $0.0473404$ & $-0.880326$ & $-0.862812$ & $0.354803$ & $1$ & $0.28112$ & $-0.157575$ & $-0.509208$ & $-0.425634$ & $-0.408011$ & $-0.215225$ & $0.0768955$ & $0.0672626$ & $-0.990558$ & $-0.991234$ & $-0.970368$ & $-0.0240917$ & $0.314765$ & $0.025584$ & $0.57535$ & $-0.292934$ & $-0.345083$ & $-0.0120292$ & $-0.0514428$ & $-0.0273125$ & $0.0558306$ & $-0.0515923$ & $-0.366402$ & $0.0142983$ & $0.02108$ & $0.00628747$ & $0.00960678$ & $0.00460935$ & $-0.00661534$ & $0.0222986$ & $0.00343581$ & $0.00493908$ & $0.00367938$ & $0.017404$ & $-0.0167114$ & $-0.00241614$ & $0.0123756$ & $0.0194934$ \\
CHbox & $-0.0117653$ & $0.00648443$ & $-0.00813658$ & $-0.0153716$ & $-0.000773532$ & $0.0523857$ & $-0.0440046$ & $-0.24235$ & $-0.221821$ & $0.611589$ & $0.28112$ & $1$ & $0.120484$ & $-0.169318$ & $-0.0365421$ & $-0.0391663$ & $-0.0917019$ & $-0.0419911$ & $-0.0376322$ & $-0.26072$ & $-0.290235$ & $-0.283177$ & $-0.033923$ & $0.0968566$ & $-0.0432776$ & $0.170221$ & $-0.154082$ & $-0.105956$ & $0.0284288$ & $0.212797$ & $0.0493454$ & $0.0453367$ & $0.266088$ & $-0.173865$ & $0.0984698$ & $0.053971$ & $0.0044782$ & $-0.000842996$ & $0.0168571$ & $0.0150841$ & $-0.0272658$ & $0.00254579$ & $-0.0126431$ & $0.0112772$ & $0.00108792$ & $0.00108247$ & $0.00121401$ & $-0.00828068$ & $0.0301439$ \\
CH & $-0.0119479$ & $-0.020564$ & $0.00214958$ & $0.00840358$ & $-0.00136908$ & $0.00571177$ & $-0.277333$ & $0.3243$ & $0.318647$ & $-0.233425$ & $-0.157575$ & $0.120484$ & $1$ & $-0.226365$ & $0.0651942$ & $0.0599243$ & $-0.336435$ & $-0.359204$ & $-0.355284$ & $0.153281$ & $0.168239$ & $0.16781$ & $0.0333892$ & $-0.367292$ & $-0.349981$ & $-0.0950665$ & $0.12971$ & $0.050257$ & $0.0457049$ & $0.252573$ & $0.10749$ & $-0.22759$ & $0.309291$ & $0.202462$ & $0.0316994$ & $0.0115598$ & $0.00112001$ & $0.00112196$ & $0.00100611$ & $0.00126642$ & $-0.0045854$ & $-0.00032683$ & $-0.00194738$ & $-0.00670343$ & $0.00742047$ & $0.0158213$ & $-0.00136073$ & $-0.00243931$ & $-0.00765857$ \\
CHL1_11 & $0.00418676$ & $-0.0116738$ & $-0.00197769$ & $0.00418001$ & $-0.00177337$ & $0.0162052$ & $0.0533279$ & $0.0955617$ & $0.088199$ & $0.238732$ & $-0.509208$ & $-0.169318$ & $-0.226365$ & $1$ & $0.284119$ & $0.273515$ & $0.661937$ & $0.589934$ & $0.592122$ & $0.528662$ & $0.468254$ & $0.453588$ & $-0.0702261$ & $0.470158$ & $0.594264$ & $-0.279439$ & $-0.106726$ & $0.166292$ & $-0.0118561$ & $-0.0550728$ & $-0.0279399$ & $0.0322585$ & $-0.0625331$ & $-0.223225$ & $-0.0193741$ & $-0.0174584$ & $-0.00637515$ & $-0.0107923$ & $0.00872607$ & $0.00663983$ & $-0.0296652$ & $-0.00386966$ & $-0.0075156$ & $-0.0107443$ & $-0.0135225$ & $0.0115373$ & $0.00131039$ & $-0.0226942$ & $-0.00705189$ \\
CHL1_22 & $-0.0022738$ & $-0.0156191$ & $0.00823165$ & $0.00242238$ & $0.00430018$ & $-0.0790236$ & $-0.00430415$ & $0.298566$ & $0.294155$ & $-0.115064$ & $-0.425634$ & $-0.0365421$ & $0.0651942$ & $0.284119$ & $1$ & $0.44109$ & $0.173028$ & $-0.445312$ & $-0.0219624$ & $0.490075$ & $0.342577$ & $0.332956$ & $-0.1661$ & $0.109006$ & $-0.129604$ & $-0.207859$ & $-0.392231$ & $0.123181$ & $0.00505948$ & $0.0216763$ & $0.00741393$ & $-0.00401028$ & $0.0232606$ & $-0.590504$ & $0.00372984$ & $-0.00797198$ & $0.00380957$ & $-0.00137197$ & $0.0036203$ & $0.00662539$ & $-0.0155195$ & $-0.0046111$ & $0.00840991$ & $0.00143531$ & $-0.00410547$ & $-4.56449e-06$ & $0.000399798$ & $-0.00662015$ & $-0.00350645$ \\
CHL1_33 & $0.0069027$ & $-0.0101884$ & $0.0027068$ & $0.00212842$ & $0.00493754$ & $-0.0687645$ & $-0.00989849$ & $0.284507$ & $0.279589$ & $-0.117947$ & $-0.408011$ & $-0.0391663$ & $0.0599243$ & $0.273515$ & $0.44109$ & $1$ & $0.163802$ & $-0.0207426$ & $-0.432476$ & $0.472314$ & $0.326909$ & $0.344377$ & $-0.15978$ & $0.106276$ & $-0.128311$ & $-0.203462$ & $-0.391859$ & $0.11137$ & $-0.00535761$ & $0.0192499$ & $0.0101479$ & $-0.010628$ & $0.0259281$ & $-0.104587$ & $0.0049255$ & $-0.000733488$ & $-0.00235397$ & $-0.00685154$ & $0.00519409$ & $0.0010921$ & $-0.00202326$ & $-0.00803594$ & $-0.00380102$ & $-0.00940125$ & $-0.00264313$ & $-0.00557876$ & $0.00439231$ & $-0.00422651$ & $0.00578$ \\
CHL3_11 & $0.0145555$ & $0.0170234$ & $-0.0129008$ & $-0.00987408$ & $0.00111181$ & $-0.259277$ & $0.0829602$ & $-0.238819$ & $-0.24222$ & $0.438933$ & $-0.215225$ & $-0.0917019$ & $-0.336435$ & $0.661937$ & $0.173028$ & $0.163802$ & $1$ & $0.732386$ & $0.736588$ & $0.237756$ & $0.181629$ & $0.175649$ & $-0.0619489$ & $0.674228$ & $0.776031$ & $-0.117567$ & $-0.16336$ & $0.0735068$ & $-0.0180984$ & $-0.0919629$ & $-0.0471206$ & $0.0610429$ & $-0.0950655$ & $-0.256639$ & $-0.0173506$ & $-0.0141818$ & $0.00718747$ & $-0.00654622$ & $0.00635344$ & $0.0130829$ & $-0.0173535$ & $-0.000444611$ & $-0.0149462$ & $-0.00211009$ & $-0.00906985$ & $-0.00358625$ & $0.00617146$ & $-0.0267687$ & $0.0115252$ \\
CHL3_22 & $0.0148796$ & $0.0197133$ & $-0.013529$ & $-0.00831153$ & $-0.00288951$ & $-0.0481617$ & $0.0827354$ & $-0.439938$ & $-0.439003$ & $0.492247$ & $0.0768955$ & $-0.0419911$ & $-0.359204$ & $0.589934$ & $-0.445312$ & $-0.0207426$ & $0.732386$ & $1$ & $0.670604$ & $-0.0786562$ & $-0.072845$ & $-0.0701502$ & $0.0105193$ & $0.62133$ & $0.793331$ & $0.0351517$ & $-0.0118517$ & $-0.021061$ & $-0.022351$ & $-0.0974182$ & $-0.0471938$ & $0.0632609$ & $-0.101999$ & $0.0269148$ & $-0.0181982$ & $-0.0063251$ & $-0.00102608$ & $-0.00548928$ & $0.00714191$ & $0.00549772$ & $-0.00967289$ & $0.000489331$ & $-0.0162604$ & $-0.0090994$ & $-0.00572309$ & $-0.000837928$ & $0.00392974$ & $-0.0210792$ & $0.0104459$ \\
CHL3_33 & $0.00746205$ & $0.0182654$ & $-0.00860078$ & $-0.00781444$ & $-0.0039528$ & $-0.0561334$ & $0.086996$ & $-0.43078$ & $-0.429273$ & $0.494865$ & $0.0672626$ & $-0.0376322$ & $-0.355284$ & $0.592122$ & $-0.0219624$ & $-0.432476$ & $0.736588$ & $0.670604$ & $1$ & $-0.0693152$ & $-0.0626142$ & $-0.0596994$ & $0.00884831$ & $0.62079$ & $0.795669$ & $0.034052$ & $-0.00304104$ & $-0.0118904$ & $-0.0158679$ & $-0.0965196$ & $-0.0486069$ & $0.0676198$ & $-0.105726$ & $-0.345395$ & $-0.0193975$ & $-0.0109896$ & $0.00632032$ & $-0.00271487$ & $0.00527071$ & $0.00928485$ & $-0.0178893$ & $0.00460746$ & $-0.007412$ & $-0.0017158$ & $-0.00665669$ & $0.00242758$ & $0.00590159$ & $-0.022452$ & $0.00374387$ \\
CHe_11 & $-0.00468773$ & $-0.033322$ & $0.00734687$ & $0.0176458$ & $-0.00283675$ & $-0.184311$ & $-0.0447072$ & $0.851709$ & $0.834906$ & $-0.341058$ & $-0.990558$ & $-0.26072$ & $0.153281$ & $0.528662$ & $0.490075$ & $0.472314$ & $0.237756$ & $-0.0786562$ & $-0.0693152$ & $1$ & $0.972902$ & $0.953135$ & $-0.000173099$ & $-0.261346$ & $-0.0189483$ & $-0.566136$ & $0.218771$ & $0.338474$ & $0.0109135$ & $0.0506455$ & $0.0271034$ & $-0.0523645$ & $0.0517173$ & $0.288019$ & $-0.0146812$ & $-0.0200016$ & $-0.00349701$ & $-0.00778015$ & $-0.00276327$ & $0.00721922$ & $-0.0190891$ & $-0.00405339$ & $-0.00460995$ & $-0.00504279$ & $-0.0139802$ & $0.0151988$ & $0.00208141$ & $-0.0146478$ & $-0.0177295$ \\
CHe_22 & $-0.00800034$ & $-0.0336077$ & $0.00651456$ & $0.018717$ & $-0.00332393$ & $-0.192024$ & $-0.051859$ & $0.898136$ & $0.88029$ & $-0.37258$ & $-0.991234$ & $-0.290235$ & $0.168239$ & $0.468254$ & $0.342577$ & $0.326909$ & $0.181629$ & $-0.072845$ & $-0.0626142$ & $0.972902$ & $1$ & $0.975499$ & $0.0518008$ & $-0.370628$ & $-0.0313769$ & $-0.576659$ & $0.37423$ & $0.346621$ & $0.0133026$ & $0.05353$ & $0.0282263$ & $-0.0606345$ & $0.0528199$ & $0.452249$ & $-0.0163956$ & $-0.0217133$ & $-0.00357832$ & $-0.00781871$ & $-0.00514132$ & $0.005774$ & $-0.0180181$ & $-0.00234199$ & $-0.00546655$ & $-0.002533$ & $-0.0148525$ & $0.017644$ & $0.000990125$ & $-0.0117511$ & $-0.0205933$ \\
CHe_33 & $-0.00671136$ & $-0.030437$ & $0.00632506$ & $0.0172256$ & $-0.00291088$ & $-0.188865$ & $-0.0505006$ & $0.880666$ & $0.863686$ & $-0.366675$ & $-0.970368$ & $-0.283177$ & $0.16781$ & $0.453588$ & $0.332956$ & $0.344377$ & $0.175649$ & $-0.0701502$ & $-0.0596994$ & $0.953135$ & $0.975499$ & $1$ & $0.0521005$ & $-0.364732$ & $-0.0299795$ & $-0.564571$ & $0.369651$ & $0.341081$ & $0.0121316$ & $0.0521773$ & $0.0291864$ & $-0.0593889$ & $0.0514292$ & $0.448955$ & $-0.0145442$ & $-0.0218537$ & $8.09454e-05$ & $-0.0093865$ & $-0.00504084$ & $0.00471708$ & $-0.0155169$ & $-0.000846455$ & $-0.00497133$ & $-0.00343667$ & $-0.0113253$ & $0.0183569$ & $0.00182736$ & $-0.0130801$ & $-0.0174894$ \\
CHQ1_11 & $-0.0175684$ & $0.0125009$ & $0.000345284$ & $0.0084241$ & $-0.0119202$ & $-0.026114$ & $-0.022021$ & $0.0738454$ & $0.0709155$ & $-0.054$ & $-0.0240917$ & $-0.033923$ & $0.0333892$ & $-0.0702261$ & $-0.1661$ & $-0.15978$ & $-0.0619489$ & $0.0105193$ & $0.00884831$ & $-0.000173099$ & $0.0518008$ & $0.0521005$ & $1$ & $-0.134113$ & $0.0873255$ & $-0.676512$ & $0.346845$ & $0.0146095$ & $0.00426041$ & $0.00779489$ & $-0.00281254$ & $-0.0219425$ & $-0.000372702$ & $0.203442$ & $0.00303205$ & $0.00637777$ & $0.0201579$ & $-0.0125349$ & $-0.0119268$ & $0.000120583$ & $-0.00173857$ & $0.0112302$ & $0.00208898$ & $-0.00572362$ & $0.00223409$ & $0.00390378$ & $0.00874803$ & $-0.00159641$ & $-0.0176157$ \\
CHQ1_33 & $-0.0334328$ & $0.0218315$ & $-0.00816679$ & $-0.00849432$ & $-0.00138418$ & $0.00948883$ & $0.0998431$ & $-0.676256$ & $-0.669355$ & $0.565136$ & $0.314765$ & $0.0968566$ & $-0.367292$ & $0.470158$ & $0.109006$ & $0.106276$ & $0.674228$ & $0.62133$ & $0.62079$ & $-0.261346$ & $-0.370628$ & $-0.364732$ & $-0.134113$ & $1$ & $0.640502$ & $0.20298$ & $-0.427435$ & $-0.0264602$ & $-0.0242908$ & $-0.102026$ & $-0.0520523$ & $0.0872335$ & $-0.105431$ & $-0.637108$ & $0.00274586$ & $-0.00298114$ & $-9.15532e-05$ & $-0.00334664$ & $0.00730331$ & $0.00311074$ & $-0.0121846$ & $-0.00284261$ & $-0.00765783$ & $-0.00620329$ & $0.00378168$ & $0.00791916$ & $-0.00273422$ & $-0.0128223$ & $0.0131473$ \\
CHQ3_11 & $-0.0799376$ & $0.0215402$ & $-0.00883913$ & $-0.00426127$ & $-0.00565884$ & $-0.0927106$ & $0.0809408$ & $-0.402742$ & $-0.402433$ & $0.481345$ & $0.025584$ & $-0.0432776$ & $-0.349981$ & $0.594264$ & $-0.129604$ & $-0.128311$ & $0.776031$ & $0.793331$ & $0.795669$ & $-0.0189483$ & $-0.0313769$ & $-0.0299795$ & $0.0873255$ & $0.640502$ & $1$ & $0.014674$ & $0.204272$ & $-0.00692902$ & $-0.0211713$ & $-0.100119$ & $-0.0442577$ & $0.0610185$ & $-0.107996$ & $-0.203304$ & $-0.00508746$ & $-0.0232279$ & $0.00550299$ & $-0.00416637$ & $-0.00490397$ & $0.0131522$ & $-0.0155151$ & $0.00506757$ & $-0.0209304$ & $-0.00105933$ & $0.000713186$ & $0.0271192$ & $-0.00457345$ & $-0.0150679$ & $-0.00681689$ \\
CHu_11 & $-0.0185249$ & $0.00879183$ & $-0.00896254$ & $-0.0156563$ & $0.0115352$ & $0.123137$ & $0.0320466$ & $-0.514832$ & $-0.503641$ & $0.211783$ & $0.57535$ & $0.170221$ & $-0.0950665$ & $-0.279439$ & $-0.207859$ & $-0.203462$ & $-0.117567$ & $0.0351517$ & $0.034052$ & $-0.566136$ & $-0.576659$ & $-0.564571$ & $-0.676512$ & $0.20298$ & $0.014674$ & $1$ & $-0.176491$ & $-0.198901$ & $-0.00952879$ & $-0.0334465$ & $-0.00940151$ & $0.036448$ & $-0.0277927$ & $-0.252541$ & $0.0120848$ & $0.000926018$ & $-0.0121784$ & $0.0196721$ & $0.00889643$ & $-0.00445497$ & $0.0138043$ & $-0.00855447$ & $-0.00252066$ & $0.00709263$ & $0.00906246$ & $-0.000824125$ & $-0.00897431$ & $0.0145444$ & $0.0104765$ \\
CHd_11 & $-0.0353155$ & $0.000479013$ & $0.00039339$ & $0.0202877$ & $-0.0115665$ & $-0.0872991$ & $-0.0526447$ & $0.42602$ & $0.417716$ & $-0.244817$ & $-0.292934$ & $-0.154082$ & $0.12971$ & $-0.106726$ & $-0.392231$ & $-0.391859$ & $-0.16336$ & $-0.0118517$ & $-0.00304104$ & $0.218771$ & $0.37423$ & $0.369651$ & $0.346845$ & $-0.427435$ & $0.204272$ & $-0.176491$ & $1$ & $0.112562$ & $0.0112197$ & $0.0306525$ & $0.0270375$ & $-0.0558593$ & $0.0323834$ & $0.684177$ & $-0.00821491$ & $-0.0198323$ & $-0.00248113$ & $0.000510338$ & $-0.0179761$ & $0.00137012$ & $-0.00471393$ & $0.00724654$ & $-0.0131773$ & $0.00242614$ & $-0.0017694$ & $0.0184727$ & $0.00502834$ & $0.00492746$ & $-0.0184619$ \\
CHd_33 & $0.00640077$ & $-0.0191072$ & $-0.00027016$ & $0.00206806$ & $-0.00283251$ & $-0.0634203$ & $-0.0156455$ & $0.308784$ & $0.303793$ & $-0.128368$ & $-0.345083$ & $-0.105956$ & $0.050257$ & $0.166292$ & $0.123181$ & $0.11137$ & $0.0735068$ & $-0.021061$ & $-0.0118904$ & $0.338474$ & $0.346621$ & $0.341081$ & $0.0146095$ & $-0.0264602$ & $-0.00692902$ & $-0.198901$ & $0.112562$ & $1$ & $0.0112506$ & $0.0111122$ & $0.016017$ & $-0.0213368$ & $0.0169354$ & $0.152522$ & $-0.0122599$ & $0.000408328$ & $-0.0130592$ & $-0.0098938$ & $-0.00179659$ & $0.00446358$ & $-0.00423743$ & $0.00659246$ & $0.0121188$ & $-0.000479855$ & $-0.00762976$ & $0.0125502$ & $0.00330792$ & $-0.00497577$ & $-0.00531751$ \\
CeH_22r & $0.0108617$ & $0.0153173$ & $-0.00515894$ & $-0.000801044$ & $0.00233038$ & $-0.00393837$ & $-0.00265726$ & $0.0215812$ & $0.0270402$ & $-0.00947021$ & $-0.0120292$ & $0.0284288$ & $0.0457049$ & $-0.0118561$ & $0.00505948$ & $-0.00535761$ & $-0.0180984$ & $-0.022351$ & $-0.0158679$ & $0.0109135$ & $0.0133026$ & $0.0121316$ & $0.00426041$ & $-0.0242908$ & $-0.0211713$ & $-0.00952879$ & $0.0112197$ & $0.0112506$ & $1$ & $0.0409388$ & $0.0215268$ & $-0.0160748$ & $0.0482698$ & $0.0144822$ & $-0.0247758$ & $-0.00494707$ & $-0.012184$ & $-0.000263167$ & $-0.0148591$ & $0.00699382$ & $-0.00858734$ & $0.00341102$ & $0.00054855$ & $0.00809064$ & $0.00145233$ & $-0.00295708$ & $0.00128433$ & $-0.00528813$ & $0.00789622$ \\
CeH_33r & $0.0100162$ & $-0.0211079$ & $-0.00993766$ & $0.00770352$ & $-0.00815187$ & $0.00563546$ & $-0.119461$ & $0.0952287$ & $0.118502$ & $-0.125123$ & $-0.0514428$ & $0.212797$ & $0.252573$ & $-0.0550728$ & $0.0216763$ & $0.0192499$ & $-0.0919629$ & $-0.0974182$ & $-0.0965196$ & $0.0506455$ & $0.05353$ & $0.0521773$ & $0.00779489$ & $-0.102026$ & $-0.100119$ & $-0.0334465$ & $0.0306525$ & $0.0111122$ & $0.0409388$ & $1$ & $0.320255$ & $0.0260062$ & $0.671788$ & $0.055028$ & $-0.065863$ & $-0.0140199$ & $-0.163291$ & $-0.0293831$ & $-0.0556566$ & $-0.00874025$ & $-0.0232094$ & $-0.00907432$ & $0.0139585$ & $-0.00799942$ & $0.0500653$ & $0.0125767$ & $0.00848026$ & $-0.00238729$ & $-0.00809921$ \\
CuH_22r & $0.0238043$ & $0.00886872$ & $-0.0492367$ & $0.0563033$ & $-0.00503297$ & $-0.0108086$ & $-0.0777081$ & $0.0490562$ & $0.0574069$ & $-0.0645814$ & $-0.0273125$ & $0.0493454$ & $0.10749$ & $-0.0279399$ & $0.00741393$ & $0.0101479$ & $-0.0471206$ & $-0.0471938$ & $-0.0486069$ & $0.0271034$ & $0.0282263$ & $0.0291864$ & $-0.00281254$ & $-0.0520523$ & $-0.0442577$ & $-0.00940151$ & $0.0270375$ & $0.016017$ & $0.0215268$ & $0.320255$ & $1$ & $0.0127495$ & $0.383947$ & $0.0322608$ & $-0.0237389$ & $-0.0211702$ & $-0.113816$ & $-0.0193875$ & $-0.00248235$ & $-0.00373007$ & $-0.0580953$ & $-0.00879797$ & $-0.0559894$ & $-0.0228811$ & $-0.0242237$ & $0.0690168$ & $0.266606$ & $0.00427035$ & $0.0198345$ \\
CuH_33r & $-0.00936914$ & $-0.0195584$ & $-0.0171989$ & $-0.00388524$ & $0.000600749$ & $-0.00236976$ & $0.934665$ & $-0.087463$ & $-0.0435497$ & $0.0767878$ & $0.0558306$ & $0.0453367$ & $-0.22759$ & $0.0322585$ & $-0.00401028$ & $-0.010628$ & $0.0610429$ & $0.0632609$ & $0.0676198$ & $-0.0523645$ & $-0.0606345$ & $-0.0593889$ & $-0.0219425$ & $0.0872335$ & $0.0610185$ & $0.036448$ & $-0.0558593$ & $-0.0213368$ & $-0.0160748$ & $0.0260062$ & $0.0127495$ & $1$ & $0.0365664$ & $-0.0687484$ & $0.0398097$ & $0.0384434$ & $-0.00946264$ & $0.00527524$ & $0.0208401$ & $0.0100796$ & $0.0201441$ & $0.00846701$ & $0.0202145$ & $-0.0180645$ & $-0.00357625$ & $0.00316475$ & $-0.0232078$ & $-0.0103605$ & $0.00461692$ \\
CdH_33r & $0.080561$ & $0.00634701$ & $-0.0482321$ & $0.0243208$ & $-0.00385581$ & $-0.00598675$ & $-0.150499$ & $0.0963154$ & $0.121955$ & $-0.129799$ & $-0.0515923$ & $0.266088$ & $0.309291$ & $-0.0625331$ & $0.0232606$ & $0.0259281$ & $-0.0950655$ & $-0.101999$ & $-0.105726$ & $0.0517173$ & $0.0528199$ & $0.0514292$ & $-0.000372702$ & $-0.105431$ & $-0.107996$ & $-0.0277927$ & $0.0323834$ & $0.0169354$ & $0.0482698$ & $0.671788$ & $0.383947$ & $0.0365664$ & $1$ & $0.0567641$ & $-0.0272863$ & $-0.040955$ & $-0.161736$ & $-0.0261752$ & $-0.0720827$ & $-0.0220359$ & $0.0217332$ & $-0.0183737$ & $0.0548103$ & $0.0222897$ & $-0.0185776$ & $-0.00459148$ & $0.0701286$ & $0.0993587$ & $0.368795$ \\
CLL_1221 & $-0.0068162$ & $0.00655683$ & $0.0010987$ & $0.0153709$ & $-0.00637242$ & $-0.12357$ & $-0.0688535$ & $0.564099$ & $0.554047$ & $-0.361086$ & $-0.366402$ & $-0.173865$ & $0.202462$ & $-0.223225$ & $-0.590504$ & $-0.104587$ & $-0.256639$ & $0.0269148$ & $-0.345395$ & $0.288019$ & $0.452249$ & $0.448955$ & $0.203442$ & $-0.637108$ & $-0.203304$ & $-0.252541$ & $0.684177$ & $0.152522$ & $0.0144822$ & $0.055028$ & $0.0322608$ & $-0.0687484$ & $0.0567641$ & $1$ & $-0.00930066$ & $-0.00697769$ & $0.000138339$ & $-0.00120402$ & $-0.00899225$ & $-0.00362705$ & $0.0103759$ & $0.00200467$ & $-0.0089403$ & $0.00134461$ & $-0.000670113$ & $0.00970445$ & $0.000199248$ & $0.00436644$ & $-0.0107785$ \\
eHggint & $-0.15841$ & $-0.0684065$ & $-0.112096$ & $-0.0759897$ & $0.00319416$ & $-0.00356672$ & $-0.0396455$ & $-0.00438859$ & $-0.0232016$ & $0.0485746$ & $0.0142983$ & $0.0984698$ & $0.0316994$ & $-0.0193741$ & $0.00372984$ & $0.0049255$ & $-0.0173506$ & $-0.0181982$ & $-0.0193975$ & $-0.0146812$ & $-0.0163956$ & $-0.0145442$ & $0.00303205$ & $0.00274586$ & $-0.00508746$ & $0.0120848$ & $-0.00821491$ & $-0.0122599$ & $-0.0247758$ & $-0.065863$ & $-0.0237389$ & $0.0398097$ & $-0.0272863$ & $-0.00930066$ & $1$ & $-0.0850839$ & $0.0785735$ & $0.00775073$ & $0.149226$ & $0.0189517$ & $-0.000954174$ & $0.0301008$ & $0.00169152$ & $0.144776$ & $-0.0317681$ & $0.0895096$ & $-0.0189466$ & $0.0289839$ & $0.099644$ \\
eHggpar & $0.0785855$ & $-0.0107921$ & $0.0649528$ & $0.0505173$ & $0.00404578$ & $0.0131653$ & $0.0105427$ & $-0.0145191$ & $-0.0164405$ & $0.0295436$ & $0.02108$ & $0.053971$ & $0.0115598$ & $-0.0174584$ & $-0.00797198$ & $-0.000733488$ & $-0.0141818$ & $-0.0063251$ & $-0.0109896$ & $-0.0200016$ & $-0.0217133$ & $-0.0218537$ & $0.00637777$ & $-0.00298114$ & $-0.0232279$ & $0.000926018$ & $-0.0198323$ & $0.000408328$ & $-0.00494707$ & $-0.0140199$ & $-0.0211702$ & $0.0384434$ & $-0.040955$ & $-0.00697769$ & $-0.0850839$ & $1$ & $0.0119999$ & $0.00914529$ & $0.0737051$ & $0.0309483$ & $-0.0396015$ & $0.0117609$ & $0.0679621$ & $-0.0817987$ & $0.0760247$ & $-0.0633422$ & $-0.00804607$ & $-0.166313$ & $0.022125$ \\
eHWWint & $-0.0528407$ & $0.123148$ & $0.0745021$ & $-0.0129509$ & $-0.0118252$ & $0.0042298$ & $0.0164747$ & $-0.00784625$ & $-0.0215373$ & $0.00946994$ & $0.00628747$ & $0.0044782$ & $0.00112001$ & $-0.00637515$ & $0.00380957$ & $-0.00235397$ & $0.00718747$ & $-0.00102608$ & $0.00632032$ & $-0.00349701$ & $-0.00357832$ & $8.09454e-05$ & $0.0201579$ & $-9.15532e-05$ & $0.00550299$ & $-0.0121784$ & $-0.00248113$ & $-0.0130592$ & $-0.012184$ & $-0.163291$ & $-0.113816$ & $-0.00946264$ & $-0.161736$ & $0.000138339$ & $0.0785735$ & $0.0119999$ & $1$ & $0.0133221$ & $0.144052$ & $0.0129966$ & $0.144388$ & $0.0367806$ & $-0.0266675$ & $0.0677428$ & $0.0999381$ & $-0.0144943$ & $-0.0929249$ & $0.0719508$ & $0.0346091$ \\
eHWWpar & $0.00375724$ & $0.0424072$ & $0.0548511$ & $0.0148561$ & $0.0029212$ & $0.0121966$ & $0.00814486$ & $-0.00602956$ & $-0.00790641$ & $-0.00281121$ & $0.00960678$ & $-0.000842996$ & $0.00112196$ & $-0.0107923$ & $-0.00137197$ & $-0.00685154$ & $-0.00654622$ & $-0.00548928$ & $-0.00271487$ & $-0.00778015$ & $-0.00781871$ & $-0.0093865$ & $-0.0125349$ & $-0.00334664$ & $-0.00416637$ & $0.0196721$ & $0.000510338$ & $-0.0098938$ & $-0.000263167$ & $-0.0293831$ & $-0.0193875$ & $0.00527524$ & $-0.0261752$ & $-0.00120402$ & $0.00775073$ & $0.00914529$ & $0.0133221$ & $1$ & $0.0358158$ & $0.0113835$ & $0.0433656$ & $-0.0214581$ & $-0.00085577$ & $-0.0071024$ & $-0.0162731$ & $-0.0333556$ & $0.0155034$ & $0.00839464$ & $0.0116555$ \\
eHZZint & $0.0577708$ & $0.106342$ & $-0.0565455$ & $0.0468015$ & $-0.00768983$ & $0.0034305$ & $0.00592991$ & $-0.0118137$ & $-0.0131622$ & $0.0202884$ & $0.00460935$ & $0.0168571$ & $0.00100611$ & $0.00872607$ & $0.0036203$ & $0.00519409$ & $0.00635344$ & $0.00714191$ & $0.00527071$ & $-0.00276327$ & $-0.00514132$ & $-0.00504084$ & $-0.0119268$ & $0.00730331$ & $-0.00490397$ & $0.00889643$ & $-0.0179761$ & $-0.00179659$ & $-0.0148591$ & $-0.0556566$ & $-0.00248235$ & $0.0208401$ & $-0.0720827$ & $-0.00899225$ & $0.149226$ & $0.0737051$ & $0.144052$ & $0.0358158$ & $1$ & $-0.0385513$ & $0.0822049$ & $0.0025619$ & $0.0896286$ & $-0.006673$ & $-0.0192522$ & $-0.0496864$ & $0.103319$ & $-0.0199658$ & $-0.0374954$ \\
eHZZpar & $-0.0143351$ & $-0.010767$ & $0.000977268$ & $-0.0146027$ & $-0.00570552$ & $-0.00965026$ & $0.00832788$ & $0.00130429$ & $-0.00191031$ & $0.0161292$ & $-0.00661534$ & $0.0150841$ & $0.00126642$ & $0.00663983$ & $0.00662539$ & $0.0010921$ & $0.0130829$ & $0.00549772$ & $0.00928485$ & $0.00721922$ & $0.005774$ & $0.00471708$ & $0.000120583$ & $0.00311074$ & $0.0131522$ & $-0.00445497$ & $0.00137012$ & $0.00446358$ & $0.00699382$ & $-0.00874025$ & $-0.00373007$ & $0.0100796$ & $-0.0220359$ & $-0.00362705$ & $0.0189517$ & $0.0309483$ & $0.0129966$ & $0.0113835$ & $-0.0385513$ & $1$ & $-0.0254879$ & $0.0207361$ & $-0.0124029$ & $-0.00417127$ & $-0.0344565$ & $-0.0129794$ & $0.0124091$ & $-0.00893201$ & $-0.0340901$ \\
eHZgaint & $-0.023569$ & $0.113627$ & $0.0993298$ & $0.0422926$ & $0.00205466$ & $0.00919583$ & $0.0264412$ & $-0.0119455$ & $0.00380507$ & $-0.0394126$ & $0.0222986$ & $-0.0272658$ & $-0.0045854$ & $-0.0296652$ & $-0.0155195$ & $-0.00202326$ & $-0.0173535$ & $-0.00967289$ & $-0.0178893$ & $-0.0190891$ & $-0.0180181$ & $-0.0155169$ & $-0.00173857$ & $-0.0121846$ & $-0.0155151$ & $0.0138043$ & $-0.00471393$ & $-0.00423743$ & $-0.00858734$ & $-0.0232094$ & $-0.0580953$ & $0.0201441$ & $0.0217332$ & $0.0103759$ & $-0.000954174$ & $-0.0396015$ & $0.144388$ & $0.0433656$ & $0.0822049$ & $-0.0254879$ & $1$ & $0.00281808$ & $0.253413$ & $0.0548147$ & $0.0372121$ & $-0.190182$ & $-0.12807$ & $0.113664$ & $0.0781245$ \\
eHZgapar & $0.00542623$ & $0.00965652$ & $0.0202984$ & $-0.0285019$ & $-0.00479175$ & $-0.000503146$ & $0.00517452$ & $-0.00260115$ & $-0.00190681$ & $0.00368146$ & $0.00343581$ & $0.00254579$ & $-0.00032683$ & $-0.00386966$ & $-0.0046111$ & $-0.00803594$ & $-0.000444611$ & $0.000489331$ & $0.00460746$ & $-0.00405339$ & $-0.00234199$ & $-0.000846455$ & $0.0112302$ & $-0.00284261$ & $0.00506757$ & $-0.00855447$ & $0.00724654$ & $0.00659246$ & $0.00341102$ & $-0.00907432$ & $-0.00879797$ & $0.00846701$ & $-0.0183737$ & $0.00200467$ & $0.0301008$ & $0.0117609$ & $0.0367806$ & $-0.0214581$ & $0.0025619$ & $0.0207361$ & $0.00281808$ & $1$ & $0.0312462$ & $0.0263303$ & $-0.0199533$ & $-0.00206453$ & $-0.0283973$ & $-0.00214181$ & $-0.017676$ \\
eHgagaint & $0.0337342$ & $0.0166905$ & $-0.0472107$ & $-0.115118$ & $0.00456247$ & $0.000788217$ & $0.0183872$ & $-0.000172468$ & $0.0592588$ & $-0.019917$ & $0.00493908$ & $-0.0126431$ & $-0.00194738$ & $-0.0075156$ & $0.00840991$ & $-0.00380102$ & $-0.0149462$ & $-0.0162604$ & $-0.007412$ & $-0.00460995$ & $-0.00546655$ & $-0.00497133$ & $0.00208898$ & $-0.00765783$ & $-0.0209304$ & $-0.00252066$ & $-0.0131773$ & $0.0121188$ & $0.00054855$ & $0.0139585$ & $-0.0559894$ & $0.0202145$ & $0.0548103$ & $-0.0089403$ & $0.00169152$ & $0.0679621$ & $-0.0266675$ & $-0.00085577$ & $0.0896286$ & $-0.0124029$ & $0.253413$ & $0.0312462$ & $1$ & $0.124769$ & $0.0830631$ & $-0.16828$ & $-0.176299$ & $0.06379$ & $0.0960094$ \\
eHmumuint & $-0.0432581$ & $-0.00912595$ & $0.0282879$ & $-0.077934$ & $-0.00522198$ & $-0.00937342$ & $-0.0280652$ & $0.000752576$ & $0.00462256$ & $0.00477904$ & $0.00367938$ & $0.0112772$ & $-0.00670343$ & $-0.0107443$ & $0.00143531$ & $-0.00940125$ & $-0.00211009$ & $-0.0090994$ & $-0.0017158$ & $-0.00504279$ & $-0.002533$ & $-0.00343667$ & $-0.00572362$ & $-0.00620329$ & $-0.00105933$ & $0.00709263$ & $0.00242614$ & $-0.000479855$ & $0.00809064$ & $-0.00799942$ & $-0.0228811$ & $-0.0180645$ & $0.0222897$ & $0.00134461$ & $0.144776$ & $-0.0817987$ & $0.0677428$ & $-0.0071024$ & $-0.006673$ & $-0.00417127$ & $0.0548147$ & $0.0263303$ & $0.124769$ & $1$ & $0.0562263$ & $0.0258901$ & $-0.0485503$ & $0.0537688$ & $0.0928946$ \\
eHtautauint & $-0.0701728$ & $0.119018$ & $0.0328386$ & $0.0171598$ & $-0.00313593$ & $0.00610216$ & $0.00103459$ & $-0.013095$ & $-0.00872947$ & $-0.00506419$ & $0.017404$ & $0.00108792$ & $0.00742047$ & $-0.0135225$ & $-0.00410547$ & $-0.00264313$ & $-0.00906985$ & $-0.00572309$ & $-0.00665669$ & $-0.0139802$ & $-0.0148525$ & $-0.0113253$ & $0.00223409$ & $0.00378168$ & $0.000713186$ & $0.00906246$ & $-0.0017694$ & $-0.00762976$ & $0.00145233$ & $0.0500653$ & $-0.0242237$ & $-0.00357625$ & $-0.0185776$ & $-0.000670113$ & $-0.0317681$ & $0.0760247$ & $0.0999381$ & $-0.0162731$ & $-0.0192522$ & $-0.0344565$ & $0.0372121$ & $-0.0199533$ & $0.0830631$ & $0.0562263$ & $1$ & $-0.0767072$ & $-0.0135785$ & $0.0576085$ & $-0.0428903$ \\
eHccint & $-0.331909$ & $-0.114559$ & $-0.0292264$ & $-0.00831134$ & $0.00619989$ & $-0.0178833$ & $-0.00910924$ & $0.020653$ & $0.00890557$ & $-0.00442403$ & $-0.0167114$ & $0.00108247$ & $0.0158213$ & $0.0115373$ & $-4.56449e-06$ & $-0.00557876$ & $-0.00358625$ & $-0.000837928$ & $0.00242758$ & $0.0151988$ & $0.017644$ & $0.0183569$ & $0.00390378$ & $0.00791916$ & $0.0271192$ & $-0.000824125$ & $0.0184727$ & $0.0125502$ & $-0.00295708$ & $0.0125767$ & $0.0690168$ & $0.00316475$ & $-0.00459148$ & $0.00970445$ & $0.0895096$ & $-0.0633422$ & $-0.0144943$ & $-0.0333556$ & $-0.0496864$ & $-0.0129794$ & $-0.190182$ & $-0.00206453$ & $-0.16828$ & $0.0258901$ & $-0.0767072$ & $1$ & $-0.00261215$ & $-0.0667241$ & $-0.0233819$ \\
eHccpar & $0.169369$ & $0.0862622$ & $-0.199155$ & $0.176857$ & $-0.00797848$ & $-0.0103232$ & $-0.0283738$ & $-0.00393332$ & $-0.0148165$ & $0.0036127$ & $-0.00241614$ & $0.00121401$ & $-0.00136073$ & $0.00131039$ & $0.000399798$ & $0.00439231$ & $0.00617146$ & $0.00392974$ & $0.00590159$ & $0.00208141$ & $0.000990125$ & $0.00182736$ & $0.00874803$ & $-0.00273422$ & $-0.00457345$ & $-0.00897431$ & $0.00502834$ & $0.00330792$ & $0.00128433$ & $0.00848026$ & $0.266606$ & $-0.0232078$ & $0.0701286$ & $0.000199248$ & $-0.0189466$ & $-0.00804607$ & $-0.0929249$ & $0.0155034$ & $0.103319$ & $0.0124091$ & $-0.12807$ & $-0.0283973$ & $-0.176299$ & $-0.0485503$ & $-0.0135785$ & $-0.00261215$ & $1$ & $0.013395$ & $0.124394$ \\
eHbbint & $-0.065662$ & $0.00642228$ & $-0.106063$ & $-0.0356545$ & $-0.00453304$ & $-0.000919086$ & $-0.00876528$ & $0.000333742$ & $0.00293355$ & $-0.0192798$ & $0.0123756$ & $-0.00828068$ & $-0.00243931$ & $-0.0226942$ & $-0.00662015$ & $-0.00422651$ & $-0.0267687$ & $-0.0210792$ & $-0.022452$ & $-0.0146478$ & $-0.0117511$ & $-0.0130801$ & $-0.00159641$ & $-0.0128223$ & $-0.0150679$ & $0.0145444$ & $0.00492746$ & $-0.00497577$ & $-0.00528813$ & $-0.00238729$ & $0.00427035$ & $-0.0103605$ & $0.0993587$ & $0.00436644$ & $0.0289839$ & $-0.166313$ & $0.0719508$ & $0.00839464$ & $-0.0199658$ & $-0.00893201$ & $0.113664$ & $-0.00214181$ & $0.06379$ & $0.0537688$ & $0.0576085$ & $-0.0667241$ & $0.013395$ & $1$ & $-0.120725$ \\
eHbbpar & $0.177859$ & $0.0853972$ & $-0.036251$ & $0.0595405$ & $0.00505567$ & $-0.0105107$ & $-0.0110184$ & $-0.0256976$ & $-0.0238472$ & $0.0257515$ & $0.0194934$ & $0.0301439$ & $-0.00765857$ & $-0.00705189$ & $-0.00350645$ & $0.00578$ & $0.0115252$ & $0.0104459$ & $0.00374387$ & $-0.0177295$ & $-0.0205933$ & $-0.0174894$ & $-0.0176157$ & $0.0131473$ & $-0.00681689$ & $0.0104765$ & $-0.0184619$ & $-0.00531751$ & $0.00789622$ & $-0.00809921$ & $0.0198345$ & $0.00461692$ & $0.368795$ & $-0.0107785$ & $0.099644$ & $0.022125$ & $0.0346091$ & $0.0116555$ & $-0.0374954$ & $-0.0340901$ & $0.0781245$ & $-0.017676$ & $0.0960094$ & $0.0928946$ & $-0.0428903$ & $-0.0233819$ & $0.124394$ & $-0.120725$ & $1$ \\
