 & AlsMz & dAle5Mz & mtop & mHl & Mz & CW & CHG & CHWB & CHWHB_gaga & CHWHB_gagaorth & CHD & CHbox & CH & CHL1_11 & CHL1_22 & CHL1_33 & CHL3_11 & CHL3_22 & CHL3_33 & CHe_11 & CHe_22 & CHe_33 & CHQ1_11 & CHQ1_33 & CHQ3_11 & CHu_11 & CHd_11 & CHd_33 & CeH_22r & CeH_33r & CuH_22r & CuH_33r & CdH_33r & CLL_1221 & eHggint & eHggpar & eHWWint & eHWWpar & eHZZint & eHZZpar & eHZgaint & eHZgapar & eHgagaint & eHmumuint & eHtautauint & eHccint & eHccpar & eHbbint & eHbbpar \\
AlsMz & $1$ & $-0.0292217$ & $-0.0738777$ & $0.0281044$ & $0.00337465$ & $-0.00169325$ & $0.0154977$ & $-0.0171634$ & $-0.0224616$ & $0.0407346$ & $-0.00372962$ & $-0.00901239$ & $-0.0202255$ & $0.0120076$ & $-0.00707375$ & $0.0123512$ & $0.0300379$ & $0.0309025$ & $0.019332$ & $-0.00310502$ & $-0.00731353$ & $-0.00892125$ & $-0.0153556$ & $-0.0319026$ & $-0.0907115$ & $-0.0296059$ & $-0.0501456$ & $-0.00610311$ & $-0.00432824$ & $-0.0061676$ & $0.0238597$ & $0.0167547$ & $-0.0410986$ & $-0.00683505$ & $-0.0622755$ & $0.0693983$ & $0.00631903$ & $0.00783866$ & $-0.0520622$ & $-0.027046$ & $0.0812881$ & $0.0051166$ & $-0.154588$ & $0.0710007$ & $0.107176$ & $0.0494712$ & $0.0899651$ & $-0.0624162$ & $-0.0567071$ \\
dAle5Mz & $-0.0292217$ & $1$ & $0.00785832$ & $0.0618261$ & $0.00982521$ & $0.0312901$ & $0.0578122$ & $-0.0686749$ & $-0.0595209$ & $0.0259777$ & $0.0499044$ & $-0.00475714$ & $-0.0180005$ & $-0.010194$ & $0.00471227$ & $0.00809145$ & $0.0209229$ & $0.0104644$ & $0.00441557$ & $-0.0247362$ & $-0.0287689$ & $-0.0317842$ & $-0.00858698$ & $0.0268813$ & $0.0159587$ & $0.0200211$ & $-0.0253076$ & $-0.000614296$ & $-0.0151201$ & $-0.0119774$ & $0.0126526$ & $0.0637754$ & $0.033253$ & $0.000648043$ & $0.0687217$ & $-0.0644317$ & $0.0247234$ & $-0.00925506$ & $-0.0872688$ & $0.0101724$ & $-0.0135528$ & $0.0200949$ & $0.140945$ & $-0.0453671$ & $-0.00907558$ & $-0.0787582$ & $0.0525848$ & $-0.00337727$ & $0.0804591$ \\
mtop & $-0.0738777$ & $0.00785832$ & $1$ & $-0.0470198$ & $-0.00700007$ & $0.00864798$ & $0.0137454$ & $0.0231924$ & $0.0326303$ & $-0.0413838$ & $-0.00602109$ & $0.00864635$ & $0.0177305$ & $-0.00864306$ & $0.0184336$ & $0.0196727$ & $-0.0201033$ & $-0.0287513$ & $-0.0305018$ & $0.0153571$ & $0.0130016$ & $0.0180077$ & $-0.0209262$ & $-0.0112439$ & $-0.0177709$ & $0.00689473$ & $-0.0023558$ & $0.0260902$ & $-0.0263879$ & $-0.0125588$ & $-0.0284241$ & $0.00647169$ & $0.00625571$ & $0.00545452$ & $0.0174966$ & $-0.0629303$ & $0.0266262$ & $0.00184173$ & $-0.17586$ & $0.0161629$ & $0.0246476$ & $-0.0119994$ & $0.15394$ & $0.0673364$ & $0.0396467$ & $-0.0544473$ & $-0.0696792$ & $-0.128333$ & $0.0682318$ \\
mHl & $0.0281044$ & $0.0618261$ & $-0.0470198$ & $1$ & $0.00261131$ & $0.00998399$ & $-0.0329702$ & $-0.0193117$ & $-0.0157968$ & $0.00803124$ & $0.0063129$ & $0.00392616$ & $0.00569271$ & $0.0211375$ & $0.00202532$ & $0.00984016$ & $0.0184706$ & $0.019943$ & $0.013732$ & $-0.00553375$ & $-0.00665261$ & $-0.0106968$ & $0.0119534$ & $0.0272771$ & $0.0194332$ & $-0.00268819$ & $-0.00674693$ & $-0.00185555$ & $0.00912698$ & $-0.00657554$ & $0.00793194$ & $-0.0404701$ & $0.0257682$ & $-0.0159887$ & $-0.0314281$ & $-0.0435041$ & $0.0830567$ & $-0.0113406$ & $-0.111524$ & $0.0172247$ & $0.0106299$ & $-0.00486548$ & $0.0553456$ & $0.0599309$ & $0.0638782$ & $0.138578$ & $0.0159047$ & $-0.112916$ & $0.0752899$ \\
Mz & $0.00337465$ & $0.00982521$ & $-0.00700007$ & $0.00261131$ & $1$ & $-0.00777458$ & $0.00258361$ & $0.0027112$ & $0.00214336$ & $0.00519139$ & $0.00484113$ & $0.00578481$ & $0.00316733$ & $-0.000471584$ & $-0.00149611$ & $0.0152956$ & $0.00245507$ & $0.00215052$ & $-0.0131749$ & $0.00340569$ & $0.00267996$ & $0.00259738$ & $-0.0176992$ & $-0.00673091$ & $-0.00214003$ & $0.0123169$ & $-0.00225557$ & $0.0129005$ & $0.000843686$ & $-0.0176932$ & $0.00394677$ & $0.000999037$ & $0.00403347$ & $0.00562365$ & $0.000537411$ & $0.00655186$ & $-0.0039678$ & $-0.00229855$ & $-0.0175627$ & $-0.00227303$ & $0.0128112$ & $-0.0193117$ & $-0.00796441$ & $-0.00786102$ & $-0.0213674$ & $0.0132424$ & $0.0261522$ & $0.019131$ & $-0.00979925$ \\
CW & $-0.00169325$ & $0.0312901$ & $0.00864798$ & $0.00998399$ & $-0.00777458$ & $1$ & $-0.00125963$ & $-0.112998$ & $-0.109798$ & $0.0105947$ & $0.17824$ & $0.0257554$ & $0.00852769$ & $0.0168302$ & $-0.0915572$ & $-0.08261$ & $-0.262242$ & $-0.0475909$ & $-0.055762$ & $-0.17648$ & $-0.179551$ & $-0.169827$ & $-0.00900362$ & $-0.012343$ & $-0.0939652$ & $0.104286$ & $-0.0677389$ & $-0.0549968$ & $-0.0147569$ & $-0.00869312$ & $0.00572142$ & $0.00140718$ & $0.00896947$ & $-0.0987807$ & $-0.00960777$ & $0.00872937$ & $0.00596744$ & $0.0235105$ & $0.00753374$ & $0.0293763$ & $0.0256102$ & $-0.00702775$ & $0.0426933$ & $-0.0117661$ & $0.0210273$ & $-0.0178425$ & $-0.0135326$ & $0.0131478$ & $0.0212528$ \\
CHG & $0.0154977$ & $0.0578122$ & $0.0137454$ & $-0.0329702$ & $0.00258361$ & $-0.00125963$ & $1$ & $-0.106268$ & $-0.0516495$ & $0.0646278$ & $0.0556387$ & $-0.292374$ & $-0.301592$ & $0.0671193$ & $-0.0179198$ & $-0.0167034$ & $0.103649$ & $0.107353$ & $0.105815$ & $-0.0539975$ & $-0.0588657$ & $-0.0614666$ & $-0.00222144$ & $0.118299$ & $0.104364$ & $0.0260891$ & $-0.0422888$ & $-0.0134943$ & $-0.0021623$ & $-0.153419$ & $-0.0935338$ & $0.936671$ & $-0.160677$ & $-0.0653293$ & $-0.00452504$ & $-0.0331437$ & $0.0305356$ & $-0.00163259$ & $0.00502742$ & $-0.0215611$ & $0.00380474$ & $0.000724827$ & $0.023232$ & $-0.0110369$ & $0.0152023$ & $-0.0123041$ & $-0.044688$ & $0.0237392$ & $0.00749953$ \\
CHWB & $-0.0171634$ & $-0.0686749$ & $0.0231924$ & $-0.0193117$ & $0.0027112$ & $-0.112998$ & $-0.106268$ & $1$ & $0.983265$ & $-0.578806$ & $-0.878008$ & $0.250505$ & $0.359755$ & $0.0788536$ & $0.297879$ & $0.301625$ & $-0.276535$ & $-0.460386$ & $-0.459896$ & $0.848789$ & $0.896028$ & $0.882453$ & $0.066492$ & $-0.680399$ & $-0.425941$ & $-0.501347$ & $0.425586$ & $0.294851$ & $0.0353499$ & $0.128274$ & $0.0542931$ & $-0.0994252$ & $0.130109$ & $0.561991$ & $-0.0252241$ & $0.0207405$ & $-0.015984$ & $-0.00795135$ & $0.0124454$ & $-0.0240348$ & $0.0207726$ & $0.00910236$ & $-0.00859827$ & $0.0238835$ & $-0.00223922$ & $0.0174886$ & $0.0106594$ & $0.0269976$ & $-0.00312869$ \\
CHWHB_gaga & $-0.0224616$ & $-0.0595209$ & $0.0326303$ & $-0.0157968$ & $0.00214336$ & $-0.109798$ & $-0.0516495$ & $0.983265$ & $1$ & $-0.572124$ & $-0.860721$ & $0.247022$ & $0.34975$ & $0.0719421$ & $0.293772$ & $0.297587$ & $-0.277376$ & $-0.457837$ & $-0.457974$ & $0.83275$ & $0.878732$ & $0.865077$ & $0.0662595$ & $-0.67212$ & $-0.421599$ & $-0.491197$ & $0.419297$ & $0.289416$ & $0.0443658$ & $0.146487$ & $0.0619495$ & $-0.053546$ & $0.148589$ & $0.552183$ & $-0.0407611$ & $0.00690905$ & $-0.0262374$ & $-0.0105261$ & $0.0071582$ & $-0.0270982$ & $0.0153463$ & $0.00983357$ & $0.0530517$ & $0.028614$ & $-0.00176638$ & $0.0188818$ & $0.00785721$ & $0.0204399$ & $-0.00110987$ \\
CHWHB_gagaorth & $0.0407346$ & $0.0259777$ & $-0.0413838$ & $0.00803124$ & $0.00519139$ & $0.0105947$ & $0.0646278$ & $-0.578806$ & $-0.572124$ & $1$ & $0.368507$ & $-0.0446669$ & $-0.265699$ & $0.228166$ & $-0.133914$ & $-0.148584$ & $0.439743$ & $0.493911$ & $0.501264$ & $-0.357353$ & $-0.385091$ & $-0.38338$ & $-0.0462363$ & $0.550367$ & $0.477694$ & $0.222529$ & $-0.233642$ & $-0.146334$ & $-0.019689$ & $-0.154$ & $-0.0745242$ & $0.0816978$ & $-0.15306$ & $-0.349581$ & $0.0584825$ & $0.00912794$ & $0.0426058$ & $0.00736169$ & $0.000193407$ & $0.00306775$ & $-0.0478147$ & $-0.00663872$ & $-0.0118446$ & $-0.00493521$ & $0.0170528$ & $-0.0148178$ & $0.0195747$ & $-0.0164772$ & $0.00701265$ \\
CHD & $-0.00372962$ & $0.0499044$ & $-0.00602109$ & $0.0063129$ & $0.00484113$ & $0.17824$ & $0.0556387$ & $-0.878008$ & $-0.860721$ & $0.368507$ & $1$ & $-0.0620191$ & $-0.170985$ & $-0.498125$ & $-0.425645$ & $-0.420132$ & $-0.18274$ & $0.0964347$ & $0.0949552$ & $-0.990128$ & $-0.99079$ & $-0.969136$ & $-0.0129503$ & $0.314875$ & $0.0472611$ & $0.559434$ & $-0.291132$ & $-0.327902$ & $-0.027087$ & $-0.0700917$ & $-0.0290428$ & $0.0630251$ & $-0.0674043$ & $-0.361738$ & $0.0340022$ & $-0.00945432$ & $0.00425742$ & $0.00756321$ & $-0.0135266$ & $0.0261985$ & $-0.000970629$ & $-0.00751512$ & $0.0062624$ & $-0.0187962$ & $-0.00289929$ & $-0.0128037$ & $-0.0182728$ & $-0.012107$ & $0.00447159$ \\
CHbox & $-0.00901239$ & $-0.00475714$ & $0.00864635$ & $0.00392616$ & $0.00578481$ & $0.0257554$ & $-0.292374$ & $0.250505$ & $0.247022$ & $-0.0446669$ & $-0.0620191$ & $1$ & $0.947367$ & $-0.302819$ & $0.0577042$ & $0.0503292$ & $-0.386395$ & $-0.391818$ & $-0.379175$ & $0.0643305$ & $0.0697134$ & $0.0796187$ & $0.0318632$ & $-0.35546$ & $-0.378401$ & $-0.0399809$ & $0.0826093$ & $0.019125$ & $0.0696491$ & $0.321701$ & $0.118058$ & $-0.215315$ & $0.37807$ & $0.146177$ & $0.0592496$ & $0.0283708$ & $-0.0164913$ & $0.00484448$ & $-0.018159$ & $-0.0150037$ & $0.00735237$ & $0.0199042$ & $-0.0257641$ & $0.04226$ & $-0.0347333$ & $0.0110394$ & $0.0273504$ & $-0.0136592$ & $0.00339048$ \\
CH & $-0.0202255$ & $-0.0180005$ & $0.0177305$ & $0.00569271$ & $0.00316733$ & $0.00852769$ & $-0.301592$ & $0.359755$ & $0.34975$ & $-0.265699$ & $-0.170985$ & $0.947367$ & $1$ & $-0.265043$ & $0.0777174$ & $0.0722933$ & $-0.386472$ & $-0.410302$ & $-0.398845$ & $0.166557$ & $0.182557$ & $0.189563$ & $0.0402243$ & $-0.416071$ & $-0.393914$ & $-0.104238$ & $0.142851$ & $0.0633643$ & $0.0665454$ & $0.280928$ & $0.118132$ & $-0.248861$ & $0.330289$ & $0.219147$ & $0.0232692$ & $0.0168072$ & $-0.0247947$ & $0.00284568$ & $-0.0180555$ & $-0.0154906$ & $0.0162086$ & $0.0249818$ & $-0.0209284$ & $0.0388763$ & $-0.040902$ & $0.0164633$ & $0.02373$ & $-0.0108122$ & $-0.00204305$ \\
CHL1_11 & $0.0120076$ & $-0.010194$ & $-0.00864306$ & $0.0211375$ & $-0.000471584$ & $0.0168302$ & $0.0671193$ & $0.0788536$ & $0.0719421$ & $0.228166$ & $-0.498125$ & $-0.302819$ & $-0.265043$ & $1$ & $0.266195$ & $0.248225$ & $0.659603$ & $0.593234$ & $0.596097$ & $0.516066$ & $0.458248$ & $0.438098$ & $-0.0688649$ & $0.477182$ & $0.594104$ & $-0.269523$ & $-0.104394$ & $0.157933$ & $-0.0111322$ & $-0.0765407$ & $-0.0317381$ & $0.039961$ & $-0.0818097$ & $-0.22268$ & $-0.0334725$ & $-0.0126271$ & $0.0250727$ & $0.00770008$ & $0.00711702$ & $0.00758419$ & $-0.042446$ & $-0.00280442$ & $0.00974101$ & $0.00203619$ & $0.0175413$ & $-0.00142599$ & $0.00787469$ & $-0.0146268$ & $-0.00122125$ \\
CHL1_22 & $-0.00707375$ & $0.00471227$ & $0.0184336$ & $0.00202532$ & $-0.00149611$ & $-0.0915572$ & $-0.0179198$ & $0.297879$ & $0.293772$ & $-0.133914$ & $-0.425645$ & $0.0577042$ & $0.0777174$ & $0.266195$ & $1$ & $0.451002$ & $0.164424$ & $-0.453047$ & $-0.0412175$ & $0.490944$ & $0.339911$ & $0.329734$ & $-0.183956$ & $0.109625$ & $-0.141998$ & $-0.203433$ & $-0.401668$ & $0.127734$ & $0.0112758$ & $0.0560912$ & $0.0165941$ & $-0.0200622$ & $0.0598771$ & $-0.592744$ & $-0.0222024$ & $-0.0228701$ & $-0.029527$ & $-0.0127041$ & $0.00290336$ & $-0.0257211$ & $-0.00171649$ & $-0.00520637$ & $0.00517725$ & $0.0110199$ & $-0.00805051$ & $-0.0111736$ & $-0.0166449$ & $-0.013996$ & $0.00604485$ \\
CHL1_33 & $0.0123512$ & $0.00809145$ & $0.0196727$ & $0.00984016$ & $0.0152956$ & $-0.08261$ & $-0.0167034$ & $0.301625$ & $0.297587$ & $-0.148584$ & $-0.420132$ & $0.0503292$ & $0.0722933$ & $0.248225$ & $0.451002$ & $1$ & $0.143731$ & $-0.0498625$ & $-0.449632$ & $0.485612$ & $0.338367$ & $0.356947$ & $-0.172642$ & $0.0869249$ & $-0.146539$ & $-0.188193$ & $-0.377858$ & $0.114203$ & $0.0274968$ & $0.0565487$ & $0.0324934$ & $-0.0188091$ & $0.0476586$ & $-0.0976938$ & $-0.0309254$ & $-0.0172906$ & $-0.00237311$ & $0.0141297$ & $-0.0124598$ & $-0.0186389$ & $0.0061834$ & $-0.00656821$ & $-0.000487481$ & $0.00688967$ & $-0.0192926$ & $-0.00172737$ & $0.0126459$ & $-0.0243293$ & $-0.00134286$ \\
CHL3_11 & $0.0300379$ & $0.0209229$ & $-0.0201033$ & $0.0184706$ & $0.00245507$ & $-0.262242$ & $0.103649$ & $-0.276535$ & $-0.277376$ & $0.439743$ & $-0.18274$ & $-0.386395$ & $-0.386472$ & $0.659603$ & $0.164424$ & $0.143731$ & $1$ & $0.735647$ & $0.740707$ & $0.206063$ & $0.147518$ & $0.13121$ & $-0.0730831$ & $0.696327$ & $0.781615$ & $-0.0892791$ & $-0.178856$ & $0.046053$ & $-0.0167954$ & $-0.125898$ & $-0.0537729$ & $0.0755694$ & $-0.140638$ & $-0.282107$ & $-0.00689545$ & $-0.019575$ & $0.0258316$ & $-0.00922681$ & $0.00101958$ & $-0.0148224$ & $-0.0312716$ & $-0.00029525$ & $-0.00121323$ & $-0.0132652$ & $0.00850973$ & $-0.0115771$ & $0.0156765$ & $-0.0315848$ & $-0.0127901$ \\
CHL3_22 & $0.0309025$ & $0.0104644$ & $-0.0287513$ & $0.019943$ & $0.00215052$ & $-0.0475909$ & $0.107353$ & $-0.460386$ & $-0.457837$ & $0.493911$ & $0.0964347$ & $-0.391818$ & $-0.410302$ & $0.593234$ & $-0.453047$ & $-0.0498625$ & $0.735647$ & $1$ & $0.68322$ & $-0.0984627$ & $-0.0912565$ & $-0.0961814$ & $0.0162735$ & $0.628213$ & $0.799022$ & $0.0510327$ & $-0.0110426$ & $-0.0373508$ & $-0.0248216$ & $-0.146585$ & $-0.0582156$ & $0.0824714$ & $-0.159275$ & $0.017397$ & $-0.00239135$ & $-0.0058699$ & $0.0444315$ & $0.0104125$ & $-0.00171771$ & $0.0156245$ & $-0.0375893$ & $-0.00104439$ & $0.00255369$ & $-0.0145829$ & $0.0136471$ & $-0.000655535$ & $0.0182881$ & $-0.0205529$ & $-0.00858257$ \\
CHL3_33 & $0.019332$ & $0.00441557$ & $-0.0305018$ & $0.013732$ & $-0.0131749$ & $-0.055762$ & $0.105815$ & $-0.459896$ & $-0.457974$ & $0.501264$ & $0.0949552$ & $-0.379175$ & $-0.398845$ & $0.596097$ & $-0.0412175$ & $-0.449632$ & $0.740707$ & $0.68322$ & $1$ & $-0.0980475$ & $-0.090761$ & $-0.096411$ & $0.0104371$ & $0.634433$ & $0.797612$ & $0.0403974$ & $-0.0198224$ & $-0.0270481$ & $-0.0342085$ & $-0.14639$ & $-0.0698099$ & $0.0800792$ & $-0.151047$ & $-0.354862$ & $0.00468253$ & $-0.00859382$ & $0.0254712$ & $-0.0106094$ & $0.00886627$ & $0.0149098$ & $-0.0429359$ & $0.00226599$ & $0.00227814$ & $-0.0133385$ & $0.0222128$ & $-0.00493519$ & $0.000470995$ & $-0.0143279$ & $-0.00424384$ \\
CHe_11 & $-0.00310502$ & $-0.0247362$ & $0.0153571$ & $-0.00553375$ & $0.00340569$ & $-0.17648$ & $-0.0539975$ & $0.848789$ & $0.83275$ & $-0.357353$ & $-0.990128$ & $0.0643305$ & $0.166557$ & $0.516066$ & $0.490944$ & $0.485612$ & $0.206063$ & $-0.0984627$ & $-0.0980475$ & $1$ & $0.971773$ & $0.950963$ & $-0.0132971$ & $-0.260571$ & $-0.0397494$ & $-0.5486$ & $0.216214$ & $0.324114$ & $0.0258662$ & $0.0714942$ & $0.0300249$ & $-0.0603298$ & $0.0713506$ & $0.282423$ & $-0.0333443$ & $0.00447339$ & $-0.00487801$ & $-0.00657737$ & $0.00803955$ & $-0.0255982$ & $-0.00216653$ & $0.00621605$ & $0.00227856$ & $0.0200146$ & $0.00027603$ & $0.00943343$ & $0.0164848$ & $0.00899053$ & $-0.000637078$ \\
CHe_22 & $-0.00731353$ & $-0.0287689$ & $0.0130016$ & $-0.00665261$ & $0.00267996$ & $-0.179551$ & $-0.0588657$ & $0.896028$ & $0.878732$ & $-0.385091$ & $-0.99079$ & $0.0697134$ & $0.182557$ & $0.458248$ & $0.339911$ & $0.338367$ & $0.147518$ & $-0.0912565$ & $-0.090761$ & $0.971773$ & $1$ & $0.974538$ & $0.0420317$ & $-0.371967$ & $-0.0523608$ & $-0.560793$ & $0.374558$ & $0.328453$ & $0.0262548$ & $0.0691791$ & $0.030396$ & $-0.0653156$ & $0.0676749$ & $0.450331$ & $-0.0291449$ & $0.0116597$ & $-0.000418268$ & $-0.00863287$ & $0.011003$ & $-0.0232835$ & $0.0018359$ & $0.0107314$ & $-0.000846174$ & $0.0177715$ & $0.00351405$ & $0.0116455$ & $0.0201764$ & $0.0150053$ & $-0.00385371$ \\
CHe_33 & $-0.00892125$ & $-0.0317842$ & $0.0180077$ & $-0.0106968$ & $0.00259738$ & $-0.169827$ & $-0.0614666$ & $0.882453$ & $0.865077$ & $-0.38338$ & $-0.969136$ & $0.0796187$ & $0.189563$ & $0.438098$ & $0.329734$ & $0.356947$ & $0.13121$ & $-0.0961814$ & $-0.096411$ & $0.950963$ & $0.974538$ & $1$ & $0.0434463$ & $-0.374154$ & $-0.0604557$ & $-0.551194$ & $0.368177$ & $0.320291$ & $0.0278873$ & $0.0764199$ & $0.0356796$ & $-0.0681948$ & $0.0719614$ & $0.44908$ & $-0.032894$ & $0.0124859$ & $-0.00440112$ & $-0.00944489$ & $0.00624419$ & $-0.022554$ & $-0.000298951$ & $0.0106561$ & $-0.0033635$ & $0.0149295$ & $0.0033113$ & $0.0137274$ & $0.0214349$ & $0.0165283$ & $-0.00344401$ \\
CHQ1_11 & $-0.0153556$ & $-0.00858698$ & $-0.0209262$ & $0.0119534$ & $-0.0176992$ & $-0.00900362$ & $-0.00222144$ & $0.066492$ & $0.0662595$ & $-0.0462363$ & $-0.0129503$ & $0.0318632$ & $0.0402243$ & $-0.0688649$ & $-0.183956$ & $-0.172642$ & $-0.0730831$ & $0.0162735$ & $0.0104371$ & $-0.0132971$ & $0.0420317$ & $0.0434463$ & $1$ & $-0.135505$ & $0.079219$ & $-0.68003$ & $0.343298$ & $0.00315747$ & $-0.00544523$ & $0.0131876$ & $-0.00526554$ & $-0.000620799$ & $0.0160277$ & $0.209198$ & $0.00586137$ & $0.0425506$ & $0.00563383$ & $-0.00980628$ & $0.0194131$ & $-0.0163766$ & $-0.0137052$ & $-0.00739623$ & $-0.0245452$ & $0.0142421$ & $0.0147721$ & $0.00645838$ & $-0.0244872$ & $-0.00253628$ & $0.0126069$ \\
CHQ1_33 & $-0.0319026$ & $0.0268813$ & $-0.0112439$ & $0.0272771$ & $-0.00673091$ & $-0.012343$ & $0.118299$ & $-0.680399$ & $-0.67212$ & $0.550367$ & $0.314875$ & $-0.35546$ & $-0.416071$ & $0.477182$ & $0.109625$ & $0.0869249$ & $0.696327$ & $0.628213$ & $0.634433$ & $-0.260571$ & $-0.371967$ & $-0.374154$ & $-0.135505$ & $1$ & $0.654699$ & $0.204189$ & $-0.426909$ & $-0.0201641$ & $-0.0312008$ & $-0.125167$ & $-0.0625758$ & $0.0985197$ & $-0.135915$ & $-0.640131$ & $0.00830012$ & $-0.0315371$ & $0.0173452$ & $-0.00405586$ & $0.00363959$ & $0.0162176$ & $-0.0415949$ & $-0.00950444$ & $0.0258022$ & $-0.0144692$ & $0.00156778$ & $-0.0165792$ & $-0.0198132$ & $-0.0327402$ & $-0.00499066$ \\
CHQ3_11 & $-0.0907115$ & $0.0159587$ & $-0.0177709$ & $0.0194332$ & $-0.00214003$ & $-0.0939652$ & $0.104364$ & $-0.425941$ & $-0.421599$ & $0.477694$ & $0.0472611$ & $-0.378401$ & $-0.393914$ & $0.594104$ & $-0.141998$ & $-0.146539$ & $0.781615$ & $0.799022$ & $0.797612$ & $-0.0397494$ & $-0.0523608$ & $-0.0604557$ & $0.079219$ & $0.654699$ & $1$ & $0.0364522$ & $0.192721$ & $-0.0264788$ & $-0.0210993$ & $-0.141775$ & $-0.0615729$ & $0.0763686$ & $-0.149635$ & $-0.211183$ & $-0.000979527$ & $-0.0197891$ & $0.0334057$ & $-0.00994256$ & $0.00479365$ & $0.0145467$ & $-0.0393484$ & $-0.00546646$ & $0.0228883$ & $-0.0284693$ & $0.00133063$ & $-0.011852$ & $-0.00474694$ & $-0.0139879$ & $-0.0121095$ \\
CHu_11 & $-0.0296059$ & $0.0200211$ & $0.00689473$ & $-0.00268819$ & $0.0123169$ & $0.104286$ & $0.0260891$ & $-0.501347$ & $-0.491197$ & $0.222529$ & $0.559434$ & $-0.0399809$ & $-0.104238$ & $-0.269523$ & $-0.203433$ & $-0.188193$ & $-0.0892791$ & $0.0510327$ & $0.0403974$ & $-0.5486$ & $-0.560793$ & $-0.551194$ & $-0.68003$ & $0.204189$ & $0.0364522$ & $1$ & $-0.16468$ & $-0.18453$ & $-0.00400715$ & $-0.0502884$ & $-0.000740986$ & $0.0274293$ & $-0.0469113$ & $-0.240058$ & $0.00739153$ & $-0.0345092$ & $0.0101122$ & $0.00897925$ & $-0.0301007$ & $0.0311866$ & $0.0142113$ & $0.00191849$ & $0.0178977$ & $-0.0227682$ & $-0.0104637$ & $0.00221573$ & $0.0171173$ & $0.00894757$ & $-0.0116934$ \\
CHd_11 & $-0.0501456$ & $-0.0253076$ & $-0.0023558$ & $-0.00674693$ & $-0.00225557$ & $-0.0677389$ & $-0.0422888$ & $0.425586$ & $0.419297$ & $-0.233642$ & $-0.291132$ & $0.0826093$ & $0.142851$ & $-0.104394$ & $-0.401668$ & $-0.377858$ & $-0.178856$ & $-0.0110426$ & $-0.0198224$ & $0.216214$ & $0.374558$ & $0.368177$ & $0.343298$ & $-0.426909$ & $0.192721$ & $-0.16468$ & $1$ & $0.0905593$ & $0.0142905$ & $0.0252701$ & $0.0139656$ & $-0.0427765$ & $0.0239737$ & $0.691558$ & $-4.9171e-05$ & $0.0273462$ & $0.00986324$ & $-0.0227433$ & $0.00777838$ & $0.00687759$ & $0.0146429$ & $0.00768607$ & $0.000849598$ & $-0.00246606$ & $0.00635286$ & $0.0173267$ & $0.00453363$ & $0.0328243$ & $-0.0195398$ \\
CHd_33 & $-0.00610311$ & $-0.000614296$ & $0.0260902$ & $-0.00185555$ & $0.0129005$ & $-0.0549968$ & $-0.0134943$ & $0.294851$ & $0.289416$ & $-0.146334$ & $-0.327902$ & $0.019125$ & $0.0633643$ & $0.157933$ & $0.127734$ & $0.114203$ & $0.046053$ & $-0.0373508$ & $-0.0270481$ & $0.324114$ & $0.328453$ & $0.320291$ & $0.00315747$ & $-0.0201641$ & $-0.0264788$ & $-0.18453$ & $0.0905593$ & $1$ & $-0.0041976$ & $0.0223776$ & $-0.00951125$ & $-0.0238885$ & $0.00992965$ & $0.132378$ & $-0.00833358$ & $-0.0125708$ & $0.0186576$ & $-0.0176818$ & $0.0138634$ & $-0.0169826$ & $0.00273466$ & $0.00337805$ & $0.0230963$ & $0.011396$ & $0.0208137$ & $0.0124711$ & $-0.00148901$ & $0.0142052$ & $-0.00496221$ \\
CeH_22r & $-0.00432824$ & $-0.0151201$ & $-0.0263879$ & $0.00912698$ & $0.000843686$ & $-0.0147569$ & $-0.0021623$ & $0.0353499$ & $0.0443658$ & $-0.019689$ & $-0.027087$ & $0.0696491$ & $0.0665454$ & $-0.0111322$ & $0.0112758$ & $0.0274968$ & $-0.0167954$ & $-0.0248216$ & $-0.0342085$ & $0.0258662$ & $0.0262548$ & $0.0278873$ & $-0.00544523$ & $-0.0312008$ & $-0.0210993$ & $-0.00400715$ & $0.0142905$ & $-0.0041976$ & $1$ & $0.0545748$ & $0.0180897$ & $-0.0198347$ & $0.0609089$ & $0.0198265$ & $-0.0409035$ & $-0.0338854$ & $-0.0248086$ & $-0.0163666$ & $0.00877031$ & $-0.0198172$ & $-0.00684983$ & $0.00898095$ & $0.012992$ & $-0.019558$ & $-0.0249271$ & $0.0271609$ & $0.00354757$ & $-0.0173092$ & $0.017137$ \\
CeH_33r & $-0.0061676$ & $-0.0119774$ & $-0.0125588$ & $-0.00657554$ & $-0.0176932$ & $-0.00869312$ & $-0.153419$ & $0.128274$ & $0.146487$ & $-0.154$ & $-0.0700917$ & $0.321701$ & $0.280928$ & $-0.0765407$ & $0.0560912$ & $0.0565487$ & $-0.125898$ & $-0.146585$ & $-0.14639$ & $0.0714942$ & $0.0691791$ & $0.0764199$ & $0.0131876$ & $-0.125167$ & $-0.141775$ & $-0.0502884$ & $0.0252701$ & $0.0223776$ & $0.0545748$ & $1$ & $0.313633$ & $-0.0135446$ & $0.64234$ & $0.0554117$ & $-0.0606368$ & $-0.0460038$ & $-0.187827$ & $-0.0200234$ & $-0.0353479$ & $-0.0102909$ & $-0.0137834$ & $0.00188768$ & $-0.0147509$ & $0.038905$ & $0.0586131$ & $-0.00336393$ & $0.0138563$ & $-0.00218011$ & $0.0102199$ \\
CuH_22r & $0.0238597$ & $0.0126526$ & $-0.0284241$ & $0.00793194$ & $0.00394677$ & $0.00572142$ & $-0.0935338$ & $0.0542931$ & $0.0619495$ & $-0.0745242$ & $-0.0290428$ & $0.118058$ & $0.118132$ & $-0.0317381$ & $0.0165941$ & $0.0324934$ & $-0.0537729$ & $-0.0582156$ & $-0.0698099$ & $0.0300249$ & $0.030396$ & $0.0356796$ & $-0.00526554$ & $-0.0625758$ & $-0.0615729$ & $-0.000740986$ & $0.0139656$ & $-0.00951125$ & $0.0180897$ & $0.313633$ & $1$ & $-0.00669872$ & $0.322122$ & $0.0306648$ & $-0.0124707$ & $0.0125167$ & $-0.10868$ & $-0.0166895$ & $-0.0575154$ & $0.00202892$ & $0.00319813$ & $-0.0155522$ & $-0.00318803$ & $-0.0208553$ & $0.00460918$ & $0.0926553$ & $0.393139$ & $0.00826096$ & $-0.0336192$ \\
CuH_33r & $0.0167547$ & $0.0637754$ & $0.00647169$ & $-0.0404701$ & $0.000999037$ & $0.00140718$ & $0.936671$ & $-0.0994252$ & $-0.053546$ & $0.0816978$ & $0.0630251$ & $-0.215315$ & $-0.248861$ & $0.039961$ & $-0.0200622$ & $-0.0188091$ & $0.0755694$ & $0.0824714$ & $0.0800792$ & $-0.0603298$ & $-0.0653156$ & $-0.0681948$ & $-0.000620799$ & $0.0985197$ & $0.0763686$ & $0.0274293$ & $-0.0427765$ & $-0.0238885$ & $-0.0198347$ & $-0.0135446$ & $-0.00669872$ & $1$ & $0.00390422$ & $-0.0582528$ & $0.0914489$ & $0.00867157$ & $-0.00065684$ & $-0.0069815$ & $0.0100984$ & $-0.0176846$ & $0.0130556$ & $-0.00353863$ & $0.0281315$ & $-0.00341147$ & $0.0173275$ & $-0.0113624$ & $-0.0290268$ & $0.0184852$ & $0.00691656$ \\
CdH_33r & $-0.0410986$ & $0.033253$ & $0.00625571$ & $0.0257682$ & $0.00403347$ & $0.00896947$ & $-0.160677$ & $0.130109$ & $0.148589$ & $-0.15306$ & $-0.0674043$ & $0.37807$ & $0.330289$ & $-0.0818097$ & $0.0598771$ & $0.0476586$ & $-0.140638$ & $-0.159275$ & $-0.151047$ & $0.0713506$ & $0.0676749$ & $0.0719614$ & $0.0160277$ & $-0.135915$ & $-0.149635$ & $-0.0469113$ & $0.0239737$ & $0.00992965$ & $0.0609089$ & $0.64234$ & $0.322122$ & $0.00390422$ & $1$ & $0.0513578$ & $-0.0939707$ & $-0.0118396$ & $-0.209353$ & $-0.0274073$ & $-0.0153061$ & $-0.00946339$ & $-0.0322786$ & $0.00301185$ & $-0.00911398$ & $0.0858115$ & $-0.0287701$ & $-0.00464727$ & $-0.0428595$ & $0.119055$ & $0.486701$ \\
CLL_1221 & $-0.00683505$ & $0.000648043$ & $0.00545452$ & $-0.0159887$ & $0.00562365$ & $-0.0987807$ & $-0.0653293$ & $0.561991$ & $0.552183$ & $-0.349581$ & $-0.361738$ & $0.146177$ & $0.219147$ & $-0.22268$ & $-0.592744$ & $-0.0976938$ & $-0.282107$ & $0.017397$ & $-0.354862$ & $0.282423$ & $0.450331$ & $0.44908$ & $0.209198$ & $-0.640131$ & $-0.211183$ & $-0.240058$ & $0.691558$ & $0.132378$ & $0.0198265$ & $0.0554117$ & $0.0306648$ & $-0.0582528$ & $0.0513578$ & $1$ & $0.0045468$ & $0.0319839$ & $0.013718$ & $-0.00193448$ & $0.00194518$ & $-0.00590625$ & $0.0215492$ & $0.0146872$ & $-0.00724412$ & $0.00663436$ & $0.00260942$ & $0.0181149$ & $0.0258621$ & $0.0298089$ & $-0.00843633$ \\
eHggint & $-0.0622755$ & $0.0687217$ & $0.0174966$ & $-0.0314281$ & $0.000537411$ & $-0.00960777$ & $-0.00452504$ & $-0.0252241$ & $-0.0407611$ & $0.0584825$ & $0.0340022$ & $0.0592496$ & $0.0232692$ & $-0.0334725$ & $-0.0222024$ & $-0.0309254$ & $-0.00689545$ & $-0.00239135$ & $0.00468253$ & $-0.0333443$ & $-0.0291449$ & $-0.032894$ & $0.00586137$ & $0.00830012$ & $-0.000979527$ & $0.00739153$ & $-4.9171e-05$ & $-0.00833358$ & $-0.0409035$ & $-0.0606368$ & $-0.0124707$ & $0.0914489$ & $-0.0939707$ & $0.0045468$ & $1$ & $0.00599609$ & $0.0359444$ & $0.0209187$ & $0.0769242$ & $0.0214571$ & $0.0649002$ & $-0.0269916$ & $-0.0085628$ & $0.015609$ & $0.0121055$ & $-0.0158289$ & $0.0737613$ & $-0.0436508$ & $-0.103613$ \\
eHggpar & $0.0693983$ & $-0.0644317$ & $-0.0629303$ & $-0.0435041$ & $0.00655186$ & $0.00872937$ & $-0.0331437$ & $0.0207405$ & $0.00690905$ & $0.00912794$ & $-0.00945432$ & $0.0283708$ & $0.0168072$ & $-0.0126271$ & $-0.0228701$ & $-0.0172906$ & $-0.019575$ & $-0.0058699$ & $-0.00859382$ & $0.00447339$ & $0.0116597$ & $0.0124859$ & $0.0425506$ & $-0.0315371$ & $-0.0197891$ & $-0.0345092$ & $0.0273462$ & $-0.0125708$ & $-0.0338854$ & $-0.0460038$ & $0.0125167$ & $0.00867157$ & $-0.0118396$ & $0.0319839$ & $0.00599609$ & $1$ & $0.00797385$ & $-0.00237779$ & $0.0957457$ & $-0.0303409$ & $0.138239$ & $-0.00736223$ & $-0.0596158$ & $-0.0776086$ & $0.0998109$ & $0.0293292$ & $0.0461843$ & $0.0266744$ & $0.0280465$ \\
eHWWint & $0.00631903$ & $0.0247234$ & $0.0266262$ & $0.0830567$ & $-0.0039678$ & $0.00596744$ & $0.0305356$ & $-0.015984$ & $-0.0262374$ & $0.0426058$ & $0.00425742$ & $-0.0164913$ & $-0.0247947$ & $0.0250727$ & $-0.029527$ & $-0.00237311$ & $0.0258316$ & $0.0444315$ & $0.0254712$ & $-0.00487801$ & $-0.000418268$ & $-0.00440112$ & $0.00563383$ & $0.0173452$ & $0.0334057$ & $0.0101122$ & $0.00986324$ & $0.0186576$ & $-0.0248086$ & $-0.187827$ & $-0.10868$ & $-0.00065684$ & $-0.209353$ & $0.013718$ & $0.0359444$ & $0.00797385$ & $1$ & $0.00582808$ & $0.0727886$ & $0.0035795$ & $0.0364504$ & $-0.0164059$ & $-0.0464582$ & $0.0283978$ & $0.0544921$ & $0.0550393$ & $-0.0598853$ & $0.0980883$ & $-0.0601945$ \\
eHWWpar & $0.00783866$ & $-0.00925506$ & $0.00184173$ & $-0.0113406$ & $-0.00229855$ & $0.0235105$ & $-0.00163259$ & $-0.00795135$ & $-0.0105261$ & $0.00736169$ & $0.00756321$ & $0.00484448$ & $0.00284568$ & $0.00770008$ & $-0.0127041$ & $0.0141297$ & $-0.00922681$ & $0.0104125$ & $-0.0106094$ & $-0.00657737$ & $-0.00863287$ & $-0.00944489$ & $-0.00980628$ & $-0.00405586$ & $-0.00994256$ & $0.00897925$ & $-0.0227433$ & $-0.0176818$ & $-0.0163666$ & $-0.0200234$ & $-0.0166895$ & $-0.0069815$ & $-0.0274073$ & $-0.00193448$ & $0.0209187$ & $-0.00237779$ & $0.00582808$ & $1$ & $-0.0142802$ & $0.000134182$ & $0.00911953$ & $0.00637529$ & $-0.0245547$ & $-0.00950683$ & $0.031682$ & $-0.015228$ & $-0.0159452$ & $0.00632928$ & $0.0100218$ \\
eHZZint & $-0.0520622$ & $-0.0872688$ & $-0.17586$ & $-0.111524$ & $-0.0175627$ & $0.00753374$ & $0.00502742$ & $0.0124454$ & $0.0071582$ & $0.000193407$ & $-0.0135266$ & $-0.018159$ & $-0.0180555$ & $0.00711702$ & $0.00290336$ & $-0.0124598$ & $0.00101958$ & $-0.00171771$ & $0.00886627$ & $0.00803955$ & $0.011003$ & $0.00624419$ & $0.0194131$ & $0.00363959$ & $0.00479365$ & $-0.0301007$ & $0.00777838$ & $0.0138634$ & $0.00877031$ & $-0.0353479$ & $-0.0575154$ & $0.0100984$ & $-0.0153061$ & $0.00194518$ & $0.0769242$ & $0.0957457$ & $0.0727886$ & $-0.0142802$ & $1$ & $-0.00812369$ & $0.0757208$ & $0.00594348$ & $-0.0325528$ & $0.0337212$ & $-0.0119793$ & $-0.0215986$ & $-0.0800344$ & $0.0209972$ & $0.0535867$ \\
eHZZpar & $-0.027046$ & $0.0101724$ & $0.0161629$ & $0.0172247$ & $-0.00227303$ & $0.0293763$ & $-0.0215611$ & $-0.0240348$ & $-0.0270982$ & $0.00306775$ & $0.0261985$ & $-0.0150037$ & $-0.0154906$ & $0.00758419$ & $-0.0257211$ & $-0.0186389$ & $-0.0148224$ & $0.0156245$ & $0.0149098$ & $-0.0255982$ & $-0.0232835$ & $-0.022554$ & $-0.0163766$ & $0.0162176$ & $0.0145467$ & $0.0311866$ & $0.00687759$ & $-0.0169826$ & $-0.0198172$ & $-0.0102909$ & $0.00202892$ & $-0.0176846$ & $-0.00946339$ & $-0.00590625$ & $0.0214571$ & $-0.0303409$ & $0.0035795$ & $0.000134182$ & $-0.00812369$ & $1$ & $-0.0537827$ & $-7.09583e-05$ & $0.0167507$ & $-0.0103349$ & $-0.02646$ & $-0.0295201$ & $0.00323494$ & $0.0119259$ & $-0.0202163$ \\
eHZgaint & $0.0812881$ & $-0.0135528$ & $0.0246476$ & $0.0106299$ & $0.0128112$ & $0.0256102$ & $0.00380474$ & $0.0207726$ & $0.0153463$ & $-0.0478147$ & $-0.000970629$ & $0.00735237$ & $0.0162086$ & $-0.042446$ & $-0.00171649$ & $0.0061834$ & $-0.0312716$ & $-0.0375893$ & $-0.0429359$ & $-0.00216653$ & $0.0018359$ & $-0.000298951$ & $-0.0137052$ & $-0.0415949$ & $-0.0393484$ & $0.0142113$ & $0.0146429$ & $0.00273466$ & $-0.00684983$ & $-0.0137834$ & $0.00319813$ & $0.0130556$ & $-0.0322786$ & $0.0215492$ & $0.0649002$ & $0.138239$ & $0.0364504$ & $0.00911953$ & $0.0757208$ & $-0.0537827$ & $1$ & $-0.016964$ & $-0.0456874$ & $-0.00933248$ & $0.0431888$ & $0.0696268$ & $-0.0104615$ & $0.102257$ & $-0.0620647$ \\
eHZgapar & $0.0051166$ & $0.0200949$ & $-0.0119994$ & $-0.00486548$ & $-0.0193117$ & $-0.00702775$ & $0.000724827$ & $0.00910236$ & $0.00983357$ & $-0.00663872$ & $-0.00751512$ & $0.0199042$ & $0.0249818$ & $-0.00280442$ & $-0.00520637$ & $-0.00656821$ & $-0.00029525$ & $-0.00104439$ & $0.00226599$ & $0.00621605$ & $0.0107314$ & $0.0106561$ & $-0.00739623$ & $-0.00950444$ & $-0.00546646$ & $0.00191849$ & $0.00768607$ & $0.00337805$ & $0.00898095$ & $0.00188768$ & $-0.0155522$ & $-0.00353863$ & $0.00301185$ & $0.0146872$ & $-0.0269916$ & $-0.00736223$ & $-0.0164059$ & $0.00637529$ & $0.00594348$ & $-7.09583e-05$ & $-0.016964$ & $1$ & $-0.0211763$ & $0.0230603$ & $-0.00453374$ & $0.0240724$ & $-0.00654404$ & $-0.0276543$ & $-0.00883696$ \\
eHgagaint & $-0.154588$ & $0.140945$ & $0.15394$ & $0.0553456$ & $-0.00796441$ & $0.0426933$ & $0.023232$ & $-0.00859827$ & $0.0530517$ & $-0.0118446$ & $0.0062624$ & $-0.0257641$ & $-0.0209284$ & $0.00974101$ & $0.00517725$ & $-0.000487481$ & $-0.00121323$ & $0.00255369$ & $0.00227814$ & $0.00227856$ & $-0.000846174$ & $-0.0033635$ & $-0.0245452$ & $0.0258022$ & $0.0228883$ & $0.0178977$ & $0.000849598$ & $0.0230963$ & $0.012992$ & $-0.0147509$ & $-0.00318803$ & $0.0281315$ & $-0.00911398$ & $-0.00724412$ & $-0.0085628$ & $-0.0596158$ & $-0.0464582$ & $-0.0245547$ & $-0.0325528$ & $0.0167507$ & $-0.0456874$ & $-0.0211763$ & $1$ & $0.0992616$ & $0.0518969$ & $0.0473763$ & $0.013573$ & $-0.085527$ & $0.017375$ \\
eHmumuint & $0.0710007$ & $-0.0453671$ & $0.0673364$ & $0.0599309$ & $-0.00786102$ & $-0.0117661$ & $-0.0110369$ & $0.0238835$ & $0.028614$ & $-0.00493521$ & $-0.0187962$ & $0.04226$ & $0.0388763$ & $0.00203619$ & $0.0110199$ & $0.00688967$ & $-0.0132652$ & $-0.0145829$ & $-0.0133385$ & $0.0200146$ & $0.0177715$ & $0.0149295$ & $0.0142421$ & $-0.0144692$ & $-0.0284693$ & $-0.0227682$ & $-0.00246606$ & $0.011396$ & $-0.019558$ & $0.038905$ & $-0.0208553$ & $-0.00341147$ & $0.0858115$ & $0.00663436$ & $0.015609$ & $-0.0776086$ & $0.0283978$ & $-0.00950683$ & $0.0337212$ & $-0.0103349$ & $-0.00933248$ & $0.0230603$ & $0.0992616$ & $1$ & $0.0878974$ & $-0.0824405$ & $0.01189$ & $0.054166$ & $0.100903$ \\
eHtautauint & $0.107176$ & $-0.00907558$ & $0.0396467$ & $0.0638782$ & $-0.0213674$ & $0.0210273$ & $0.0152023$ & $-0.00223922$ & $-0.00176638$ & $0.0170528$ & $-0.00289929$ & $-0.0347333$ & $-0.040902$ & $0.0175413$ & $-0.00805051$ & $-0.0192926$ & $0.00850973$ & $0.0136471$ & $0.0222128$ & $0.00027603$ & $0.00351405$ & $0.0033113$ & $0.0147721$ & $0.00156778$ & $0.00133063$ & $-0.0104637$ & $0.00635286$ & $0.0208137$ & $-0.0249271$ & $0.0586131$ & $0.00460918$ & $0.0173275$ & $-0.0287701$ & $0.00260942$ & $0.0121055$ & $0.0998109$ & $0.0544921$ & $0.031682$ & $-0.0119793$ & $-0.02646$ & $0.0431888$ & $-0.00453374$ & $0.0518969$ & $0.0878974$ & $1$ & $0.0811019$ & $-0.00677279$ & $0.0986854$ & $-0.0366542$ \\
eHccint & $0.0494712$ & $-0.0787582$ & $-0.0544473$ & $0.138578$ & $0.0132424$ & $-0.0178425$ & $-0.0123041$ & $0.0174886$ & $0.0188818$ & $-0.0148178$ & $-0.0128037$ & $0.0110394$ & $0.0164633$ & $-0.00142599$ & $-0.0111736$ & $-0.00172737$ & $-0.0115771$ & $-0.000655535$ & $-0.00493519$ & $0.00943343$ & $0.0116455$ & $0.0137274$ & $0.00645838$ & $-0.0165792$ & $-0.011852$ & $0.00221573$ & $0.0173267$ & $0.0124711$ & $0.0271609$ & $-0.00336393$ & $0.0926553$ & $-0.0113624$ & $-0.00464727$ & $0.0181149$ & $-0.0158289$ & $0.0293292$ & $0.0550393$ & $-0.015228$ & $-0.0215986$ & $-0.0295201$ & $0.0696268$ & $0.0240724$ & $0.0473763$ & $-0.0824405$ & $0.0811019$ & $1$ & $0.0291042$ & $0.0510754$ & $-0.0283769$ \\
eHccpar & $0.0899651$ & $0.0525848$ & $-0.0696792$ & $0.0159047$ & $0.0261522$ & $-0.0135326$ & $-0.044688$ & $0.0106594$ & $0.00785721$ & $0.0195747$ & $-0.0182728$ & $0.0273504$ & $0.02373$ & $0.00787469$ & $-0.0166449$ & $0.0126459$ & $0.0156765$ & $0.0182881$ & $0.000470995$ & $0.0164848$ & $0.0201764$ & $0.0214349$ & $-0.0244872$ & $-0.0198132$ & $-0.00474694$ & $0.0171173$ & $0.00453363$ & $-0.00148901$ & $0.00354757$ & $0.0138563$ & $0.393139$ & $-0.0290268$ & $-0.0428595$ & $0.0258621$ & $0.0737613$ & $0.0461843$ & $-0.0598853$ & $-0.0159452$ & $-0.0800344$ & $0.00323494$ & $-0.0104615$ & $-0.00654404$ & $0.013573$ & $0.01189$ & $-0.00677279$ & $0.0291042$ & $1$ & $0.024014$ & $-0.128634$ \\
eHbbint & $-0.0624162$ & $-0.00337727$ & $-0.128333$ & $-0.112916$ & $0.019131$ & $0.0131478$ & $0.0237392$ & $0.0269976$ & $0.0204399$ & $-0.0164772$ & $-0.012107$ & $-0.0136592$ & $-0.0108122$ & $-0.0146268$ & $-0.013996$ & $-0.0243293$ & $-0.0315848$ & $-0.0205529$ & $-0.0143279$ & $0.00899053$ & $0.0150053$ & $0.0165283$ & $-0.00253628$ & $-0.0327402$ & $-0.0139879$ & $0.00894757$ & $0.0328243$ & $0.0142052$ & $-0.0173092$ & $-0.00218011$ & $0.00826096$ & $0.0184852$ & $0.119055$ & $0.0298089$ & $-0.0436508$ & $0.0266744$ & $0.0980883$ & $0.00632928$ & $0.0209972$ & $0.0119259$ & $0.102257$ & $-0.0276543$ & $-0.085527$ & $0.054166$ & $0.0986854$ & $0.0510754$ & $0.024014$ & $1$ & $-0.00719954$ \\
eHbbpar & $-0.0567071$ & $0.0804591$ & $0.0682318$ & $0.0752899$ & $-0.00979925$ & $0.0212528$ & $0.00749953$ & $-0.00312869$ & $-0.00110987$ & $0.00701265$ & $0.00447159$ & $0.00339048$ & $-0.00204305$ & $-0.00122125$ & $0.00604485$ & $-0.00134286$ & $-0.0127901$ & $-0.00858257$ & $-0.00424384$ & $-0.000637078$ & $-0.00385371$ & $-0.00344401$ & $0.0126069$ & $-0.00499066$ & $-0.0121095$ & $-0.0116934$ & $-0.0195398$ & $-0.00496221$ & $0.017137$ & $0.0102199$ & $-0.0336192$ & $0.00691656$ & $0.486701$ & $-0.00843633$ & $-0.103613$ & $0.0280465$ & $-0.0601945$ & $0.0100218$ & $0.0535867$ & $-0.0202163$ & $-0.0620647$ & $-0.00883696$ & $0.017375$ & $0.100903$ & $-0.0366542$ & $-0.0283769$ & $-0.128634$ & $-0.00719954$ & $1$ \\
