 & AlsMz & dAle5Mz & mtop & mHl & Mz & CW & CHG & CHWB & CHWHB_gaga & CHWHB_gagaorth & CHD & CHbox & CH & CHL1_11 & CHL1_22 & CHL1_33 & CHL3_11 & CHL3_22 & CHL3_33 & CHe_11 & CHe_22 & CHe_33 & CHQ1_11 & CHQ1_33 & CHQ3_11 & CHu_11 & CHd_11 & CHd_33 & CeH_22r & CeH_33r & CuH_22r & CuH_33r & CdH_33r & CLL_1221 & eHggint & eHggpar & eHWWint & eHWWpar & eHZZint & eHZZpar & eHZgaint & eHZgapar & eHgagaint & eHmumuint & eHtautauint & eHccint & eHccpar & eHbbint & eHbbpar \\
AlsMz & $1$ & $0.352056$ & $-0.1074$ & $0.124855$ & $-0.0628085$ & $-0.0250108$ & $0.0140864$ & $0.0880665$ & $0.09376$ & $-0.129959$ & $-0.0427984$ & $0.0139563$ & $0.00281822$ & $-0.145907$ & $-0.120186$ & $-0.191532$ & $-0.116875$ & $-0.0484887$ & $0.0154648$ & $0.0599821$ & $0.0971085$ & $0.109562$ & $0.0896178$ & $-0.171801$ & $-0.0329994$ & $-0.0520451$ & $0.314666$ & $-0.043064$ & $-0.00616893$ & $0.0251189$ & $0.0162608$ & $0.0341245$ & $0.0232943$ & $0.163994$ & $0.0339286$ & $0.100577$ & $-0.076597$ & $0.185423$ & $-0.235974$ & $0.122485$ & $-0.0253137$ & $-0.21735$ & $0.256279$ & $-0.0466063$ & $-0.0060855$ & $0.148703$ & $0.0718942$ & $0.0239377$ & $0.00679077$ \\
dAle5Mz & $0.352056$ & $1$ & $0.0588502$ & $-0.332589$ & $-0.0925916$ & $0.0282644$ & $-0.124249$ & $-0.201609$ & $-0.205706$ & $0.0326031$ & $0.207125$ & $-0.0574442$ & $0.110941$ & $-0.0572988$ & $-0.0531443$ & $-0.0609788$ & $0.0404098$ & $0.0351923$ & $0.0602824$ & $-0.177039$ & $-0.0920455$ & $-0.0888016$ & $-0.0160456$ & $0.0155561$ & $0.045535$ & $0.0363126$ & $0.0175463$ & $-0.0557896$ & $-0.00866327$ & $0.022305$ & $0.0536793$ & $-0.128698$ & $0.0502162$ & $-0.00694938$ & $-0.223321$ & $0.239269$ & $0.0650918$ & $-0.0726076$ & $0.107829$ & $-0.212611$ & $0.214616$ & $0.0739019$ & $-0.0588563$ & $-0.0320788$ & $-0.171431$ & $0.114302$ & $0.121002$ & $0.260319$ & $-0.0144594$ \\
mtop & $-0.1074$ & $0.0588502$ & $1$ & $0.0703747$ & $0.0331016$ & $0.0718899$ & $0.0901027$ & $-0.0796864$ & $-0.0816694$ & $0.0520346$ & $0.0661851$ & $0.0635109$ & $-0.115195$ & $0.0600913$ & $0.044602$ & $0.0731377$ & $0.0338496$ & $0.0195651$ & $0.00589215$ & $-0.0629123$ & $-0.0671409$ & $-0.0600712$ & $-0.0610411$ & $0.0756837$ & $0.0298484$ & $0.0846829$ & $-0.0591099$ & $0.0372677$ & $-0.0275455$ & $-0.0567784$ & $0.0124619$ & $0.0736044$ & $-0.0842655$ & $-0.0833653$ & $-0.344381$ & $0.312709$ & $-0.0314733$ & $0.0583292$ & $-0.364633$ & $0.0116717$ & $0.00828409$ & $-0.114026$ & $-0.14731$ & $0.103277$ & $-0.178343$ & $0.100868$ & $0.092798$ & $-0.131205$ & $-0.19343$ \\
mHl & $0.124855$ & $-0.332589$ & $0.0703747$ & $1$ & $0.00629756$ & $-0.0747662$ & $0.121918$ & $0.161437$ & $0.168437$ & $-0.0449352$ & $-0.169553$ & $0.0576985$ & $-0.142359$ & $0.00680865$ & $-0.154572$ & $-0.170498$ & $-0.0210419$ & $0.0753621$ & $0.0781494$ & $0.133797$ & $0.173823$ & $0.163841$ & $0.05452$ & $-0.0989453$ & $0.081052$ & $-0.000302192$ & $0.312378$ & $0.0455451$ & $-0.0188871$ & $-0.0456491$ & $-0.0217738$ & $0.124642$ & $-0.0402035$ & $0.185077$ & $0.112686$ & $-0.0917855$ & $-0.10286$ & $0.0552359$ & $-0.218274$ & $0.131429$ & $-0.230275$ & $-0.239699$ & $0.186903$ & $0.0321987$ & $-0.00532491$ & $0.271208$ & $0.0625091$ & $-0.203543$ & $0.185126$ \\
Mz & $-0.0628085$ & $-0.0925916$ & $0.0331016$ & $0.00629756$ & $1$ & $-0.0202221$ & $-0.00453245$ & $0.0250545$ & $0.024192$ & $-0.000137592$ & $0.0164101$ & $0.00347245$ & $0.0271515$ & $0.0084958$ & $-0.00215381$ & $0.0255316$ & $0.00756888$ & $0.00973278$ & $-0.0128643$ & $0.0244192$ & $0.0293558$ & $0.0156754$ & $-0.0214273$ & $-0.0108986$ & $0.00227918$ & $0.0187409$ & $-0.00183361$ & $0.00631447$ & $-0.00267824$ & $0.025692$ & $0.0030389$ & $-7.97782e-05$ & $0.0272921$ & $0.0160408$ & $0.00495053$ & $0.00671642$ & $-0.0253538$ & $0.0619662$ & $-0.0268598$ & $0.00234665$ & $0.0422653$ & $-0.00545259$ & $-0.0601503$ & $0.0127276$ & $0.00787489$ & $0.00320469$ & $-0.0457863$ & $0.0144193$ & $-0.0118826$ \\
CW & $-0.0250108$ & $0.0282644$ & $0.0718899$ & $-0.0747662$ & $-0.0202221$ & $1$ & $0.000360461$ & $-0.0938245$ & $-0.0930361$ & $0.0483637$ & $0.0903998$ & $-0.00501586$ & $-0.00466607$ & $0.213355$ & $0.0312148$ & $0.0263842$ & $-0.119066$ & $0.0127437$ & $0.0117035$ & $-0.0964705$ & $-0.0817608$ & $-0.0820737$ & $-0.0121705$ & $0.0777538$ & $0.00591215$ & $0.0374924$ & $-0.0889106$ & $-0.0137641$ & $-0.00794733$ & $-0.00637743$ & $-0.00715731$ & $-0.00536361$ & $-0.0207729$ & $-0.150726$ & $-0.0307508$ & $0.0394026$ & $0.00906079$ & $-0.00548507$ & $-0.0129046$ & $0.0251453$ & $-0.0106409$ & $0.00410935$ & $-0.0162873$ & $0.037825$ & $-0.052613$ & $0.0126629$ & $-0.0459548$ & $-0.0186164$ & $-0.0592531$ \\
CHG & $0.0140864$ & $-0.124249$ & $0.0901027$ & $0.121918$ & $-0.00453245$ & $0.000360461$ & $1$ & $-0.0486544$ & $-0.0159997$ & $0.102779$ & $-0.0100428$ & $0.371192$ & $-0.635321$ & $0.124415$ & $0.0137547$ & $0.016106$ & $0.112111$ & $0.092257$ & $0.0822116$ & $-0.00137472$ & $0.000553845$ & $-0.0202868$ & $0.0152369$ & $0.0796526$ & $0.103816$ & $0.0221541$ & $-0.0116374$ & $-0.0181898$ & $-0.0473138$ & $-0.360654$ & $-0.172746$ & $0.930507$ & $-0.412488$ & $-0.052467$ & $0.0320985$ & $0.106492$ & $0.0443695$ & $0.0979837$ & $-0.103585$ & $0.0367504$ & $0.133014$ & $-0.0689111$ & $0.12868$ & $0.116692$ & $0.0986454$ & $-0.053374$ & $0.013789$ & $-0.047717$ & $0.0175203$ \\
CHWB & $0.0880665$ & $-0.201609$ & $-0.0796864$ & $0.161437$ & $0.0250545$ & $-0.0938245$ & $-0.0486544$ & $1$ & $0.993039$ & $-0.482492$ & $-0.890903$ & $-0.188027$ & $0.109689$ & $-0.23187$ & $0.0279405$ & $0.0016497$ & $-0.579323$ & $-0.503734$ & $-0.487723$ & $0.858926$ & $0.619722$ & $0.624297$ & $0.0203935$ & $-0.623091$ & $-0.573221$ & $-0.198052$ & $0.342642$ & $0.133116$ & $0.0163562$ & $0.0627014$ & $0.009594$ & $-0.0404286$ & $0.0414124$ & $0.632133$ & $0.0768086$ & $-0.131016$ & $-0.0985197$ & $0.00503027$ & $-0.0836204$ & $0.0878119$ & $-0.193472$ & $-0.0964314$ & $-0.00837114$ & $-0.0596834$ & $-0.0764756$ & $0.0443357$ & $-0.0206134$ & $-0.209463$ & $0.0886894$ \\
CHWHB_gaga & $0.09376$ & $-0.205706$ & $-0.0816694$ & $0.168437$ & $0.024192$ & $-0.0930361$ & $-0.0159997$ & $0.993039$ & $1$ & $-0.48153$ & $-0.884151$ & $-0.16484$ & $0.0972075$ & $-0.234328$ & $0.027646$ & $0.00146892$ & $-0.57866$ & $-0.502291$ & $-0.486001$ & $0.856502$ & $0.615822$ & $0.619965$ & $0.0205142$ & $-0.619331$ & $-0.570101$ & $-0.196469$ & $0.341379$ & $0.131386$ & $0.0207728$ & $0.0746479$ & $0.0162888$ & $-0.0116485$ & $0.0548878$ & $0.624775$ & $0.0771402$ & $-0.137217$ & $-0.0959976$ & $0.00231042$ & $-0.0858736$ & $0.0862578$ & $-0.19494$ & $-0.0975848$ & $0.0191104$ & $-0.0523287$ & $-0.0680318$ & $0.0447466$ & $-0.018007$ & $-0.209966$ & $0.0906193$ \\
CHWHB_gagaorth & $-0.129959$ & $0.0326031$ & $0.0520346$ & $-0.0449352$ & $-0.000137592$ & $0.0483637$ & $0.102779$ & $-0.482492$ & $-0.48153$ & $1$ & $0.145336$ & $0.358701$ & $-0.176676$ & $0.708676$ & $0.0649859$ & $0.100301$ & $0.77225$ & $0.56134$ & $0.547043$ & $-0.227333$ & $-0.125272$ & $-0.172761$ & $-0.0316545$ & $0.532477$ & $0.643348$ & $0.0752382$ & $-0.207869$ & $-0.0547993$ & $-0.0295461$ & $-0.134617$ & $-0.0248515$ & $0.105578$ & $-0.135842$ & $-0.345358$ & $-0.0491917$ & $0.0774748$ & $0.0501116$ & $0.0577698$ & $0.0501033$ & $-0.0428961$ & $0.0826595$ & $0.0546063$ & $0.00699855$ & $0.0177686$ & $0.0237523$ & $0.0241691$ & $0.0223836$ & $0.05165$ & $-0.0814498$ \\
CHD & $-0.0427984$ & $0.207125$ & $0.0661851$ & $-0.169553$ & $0.0164101$ & $0.0903998$ & $-0.0100428$ & $-0.890903$ & $-0.884151$ & $0.145336$ & $1$ & $0.0902989$ & $-0.0144443$ & $-0.132199$ & $-0.0782269$ & $-0.0653985$ & $0.235647$ & $0.264746$ & $0.255811$ & $-0.888192$ & $-0.662483$ & $-0.641257$ & $-0.00230351$ & $0.414953$ & $0.30197$ & $0.194248$ & $-0.274261$ & $-0.126127$ & $-0.00894039$ & $0.00450915$ & $0.00477759$ & $-0.0104151$ & $0.0208176$ & $-0.505846$ & $-0.06389$ & $0.103417$ & $0.0810638$ & $-0.0392393$ & $0.0647054$ & $-0.0885455$ & $0.169093$ & $0.0794683$ & $-0.00490465$ & $0.0528134$ & $0.06849$ & $-0.0581158$ & $0.00361646$ & $0.203742$ & $-0.0579376$ \\
CHbox & $0.0139563$ & $-0.0574442$ & $0.0635109$ & $0.0576985$ & $0.00347245$ & $-0.00501586$ & $0.371192$ & $-0.188027$ & $-0.16484$ & $0.358701$ & $0.0902989$ & $1$ & $-0.568971$ & $0.0833412$ & $0.0196652$ & $0.00895915$ & $0.141811$ & $0.137345$ & $0.145013$ & $0.048718$ & $-0.0350013$ & $-0.0407969$ & $0.0243836$ & $0.13943$ & $0.163219$ & $0.0106073$ & $-0.0401509$ & $-0.0302971$ & $-0.0434844$ & $-0.102147$ & $-0.0973718$ & $0.41141$ & $-0.122196$ & $-0.224348$ & $0.0887476$ & $0.0683501$ & $0.0779885$ & $0.0868739$ & $-0.047014$ & $-0.0363495$ & $0.150289$ & $-0.0143146$ & $0.136442$ & $0.158607$ & $0.14554$ & $-0.0784645$ & $0.0315543$ & $0.0351285$ & $0.0719551$ \\
CH & $0.00281822$ & $0.110941$ & $-0.115195$ & $-0.142359$ & $0.0271515$ & $-0.00466607$ & $-0.635321$ & $0.109689$ & $0.0972075$ & $-0.176676$ & $-0.0144443$ & $-0.568971$ & $1$ & $-0.20851$ & $-0.021824$ & $-0.00564271$ & $-0.214762$ & $-0.157014$ & $-0.167681$ & $0.047365$ & $0.0183541$ & $0.0432804$ & $-0.00692415$ & $-0.153917$ & $-0.177479$ & $-0.0250791$ & $0.0471711$ & $0.0185812$ & $0.093511$ & $0.503734$ & $0.247466$ & $-0.542417$ & $0.539693$ & $0.0887583$ & $-0.0411551$ & $-0.13371$ & $-0.0952194$ & $-0.0930112$ & $0.0718649$ & $0.035184$ & $-0.176183$ & $0.0547047$ & $-0.214955$ & $-0.236781$ & $-0.183845$ & $0.0947989$ & $-0.0431308$ & $0.00364577$ & $-0.0560265$ \\
CHL1_11 & $-0.145907$ & $-0.0572988$ & $0.0600913$ & $0.00680865$ & $0.0084958$ & $0.213355$ & $0.124415$ & $-0.23187$ & $-0.234328$ & $0.708676$ & $-0.132199$ & $0.0833412$ & $-0.20851$ & $1$ & $0.111678$ & $0.136514$ & $0.623745$ & $0.495942$ & $0.486321$ & $-0.0705218$ & $0.0316277$ & $-0.0237498$ & $-0.0446881$ & $0.472131$ & $0.560253$ & $0.0330263$ & $-0.19281$ & $-0.0278737$ & $-0.0292075$ & $-0.150076$ & $-0.025547$ & $0.0919873$ & $-0.143766$ & $-0.240241$ & $-0.0433979$ & $0.0600039$ & $0.0298704$ & $0.0646204$ & $0.0376483$ & $0.0100233$ & $0.0353722$ & $0.0419095$ & $0.0230455$ & $0.0215058$ & $0.0151136$ & $0.0188367$ & $0.0323811$ & $0.0102817$ & $-0.0948782$ \\
CHL1_22 & $-0.120186$ & $-0.0531443$ & $0.044602$ & $-0.154572$ & $-0.00215381$ & $0.0312148$ & $0.0137547$ & $0.0279405$ & $0.027646$ & $0.0649859$ & $-0.0782269$ & $0.0196652$ & $-0.021824$ & $0.111678$ & $1$ & $0.345196$ & $0.00470131$ & $-0.504233$ & $-0.166009$ & $0.106797$ & $-0.138146$ & $-0.10417$ & $-0.0880871$ & $0.186481$ & $-0.191393$ & $0.0387509$ & $-0.463477$ & $-0.0376069$ & $0.0187578$ & $0.00089657$ & $-0.00819563$ & $0.0197296$ & $-0.0281945$ & $-0.534556$ & $-0.0044141$ & $0.0223581$ & $0.0309946$ & $-0.0085248$ & $0.0308346$ & $0.0337798$ & $0.0976022$ & $0.0832986$ & $0.0308343$ & $0.0537301$ & $0.104998$ & $-0.105941$ & $-0.0311427$ & $0.0919409$ & $-0.0957527$ \\
CHL1_33 & $-0.191532$ & $-0.0609788$ & $0.0731377$ & $-0.170498$ & $0.0255316$ & $0.0263842$ & $0.016106$ & $0.0016497$ & $0.00146892$ & $0.100301$ & $-0.0653985$ & $0.00895915$ & $-0.00564271$ & $0.136514$ & $0.345196$ & $1$ & $0.0516791$ & $-0.123693$ & $-0.482454$ & $0.0723208$ & $-0.0994057$ & $-0.198752$ & $-0.0788136$ & $0.199919$ & $-0.159002$ & $0.030705$ & $-0.493042$ & $-0.0413748$ & $0.000884582$ & $-0.00202439$ & $-0.0131339$ & $0.0125393$ & $-0.0180609$ & $-0.221529$ & $-0.00705956$ & $0.0471238$ & $0.0797724$ & $-0.0177965$ & $0.0553613$ & $-0.00533825$ & $0.0848872$ & $0.119169$ & $-0.00854671$ & $0.036664$ & $0.096786$ & $-0.113121$ & $-0.000590949$ & $0.129757$ & $-0.0906041$ \\
CHL3_11 & $-0.116875$ & $0.0404098$ & $0.0338496$ & $-0.0210419$ & $0.00756888$ & $-0.119066$ & $0.112111$ & $-0.579323$ & $-0.57866$ & $0.77225$ & $0.235647$ & $0.141811$ & $-0.214762$ & $0.623745$ & $0.00470131$ & $0.0516791$ & $1$ & $0.670409$ & $0.645615$ & $-0.396204$ & $-0.185886$ & $-0.236758$ & $-0.0304476$ & $0.604061$ & $0.7569$ & $0.103433$ & $-0.190497$ & $-0.0632184$ & $-0.0239365$ & $-0.149771$ & $-0.0286368$ & $0.0809859$ & $-0.131707$ & $-0.270449$ & $-0.0458193$ & $0.070762$ & $0.058464$ & $0.0720485$ & $0.0766039$ & $-0.0371494$ & $0.115465$ & $0.0632413$ & $0.0284961$ & $0.0207856$ & $0.0526437$ & $0.0208732$ & $0.0453852$ & $0.0721573$ & $-0.0710679$ \\
CHL3_22 & $-0.0484887$ & $0.0351923$ & $0.0195651$ & $0.0753621$ & $0.00973278$ & $0.0127437$ & $0.092257$ & $-0.503734$ & $-0.502291$ & $0.56134$ & $0.264746$ & $0.137345$ & $-0.157014$ & $0.495942$ & $-0.504233$ & $-0.123693$ & $0.670409$ & $1$ & $0.618647$ & $-0.369382$ & $-0.154369$ & $-0.179758$ & $0.0328293$ & $0.41905$ & $0.758556$ & $0.0668908$ & $0.0904787$ & $-0.0378189$ & $-0.0253247$ & $-0.125922$ & $-0.0183781$ & $0.0698234$ & $-0.0963614$ & $0.174256$ & $-0.0415626$ & $0.049109$ & $0.0371555$ & $0.0619997$ & $0.0478965$ & $-0.0330031$ & $0.0355054$ & $-0.00423437$ & $-0.00567603$ & $-0.00219249$ & $-0.0367501$ & $0.0750605$ & $0.0481334$ & $-0.000286278$ & $-0.031714$ \\
CHL3_33 & $0.0154648$ & $0.0602824$ & $0.00589215$ & $0.0781494$ & $-0.0128643$ & $0.0117035$ & $0.0822116$ & $-0.487723$ & $-0.486001$ & $0.547043$ & $0.255811$ & $0.145013$ & $-0.167681$ & $0.486321$ & $-0.166009$ & $-0.482454$ & $0.645615$ & $0.618647$ & $1$ & $-0.348886$ & $-0.148675$ & $-0.169944$ & $0.0277914$ & $0.40983$ & $0.751316$ & $0.0657057$ & $0.120979$ & $-0.0292376$ & $-0.0167102$ & $-0.124604$ & $-0.0195832$ & $0.0644258$ & $-0.0988148$ & $-0.151098$ & $-0.0340968$ & $0.0292382$ & $-0.0106506$ & $0.0749214$ & $0.0355578$ & $-0.0209538$ & $0.0450338$ & $-0.0293127$ & $0.0253213$ & $0.018538$ & $-0.0127496$ & $0.0800089$ & $0.0240523$ & $-0.0320573$ & $-0.0080771$ \\
CHe_11 & $0.0599821$ & $-0.177039$ & $-0.0629123$ & $0.133797$ & $0.0244192$ & $-0.0964705$ & $-0.00137472$ & $0.858926$ & $0.856502$ & $-0.227333$ & $-0.888192$ & $0.048718$ & $0.047365$ & $-0.0705218$ & $0.106797$ & $0.0723208$ & $-0.396204$ & $-0.369382$ & $-0.348886$ & $1$ & $0.634997$ & $0.628089$ & $0.00782513$ & $-0.477664$ & $-0.407736$ & $-0.201327$ & $0.261143$ & $0.129352$ & $0.0135007$ & $0.0200833$ & $-0.00457447$ & $0.0211068$ & $0.000801825$ & $0.411564$ & $0.0738954$ & $-0.102669$ & $-0.0771511$ & $0.0218978$ & $-0.0754781$ & $0.0841468$ & $-0.150328$ & $-0.0750299$ & $-0.00599758$ & $-0.047131$ & $-0.0615269$ & $0.0408971$ & $-0.0193352$ & $-0.179995$ & $0.0703386$ \\
CHe_22 & $0.0971085$ & $-0.0920455$ & $-0.0671409$ & $0.173823$ & $0.0293558$ & $-0.0817608$ & $0.000553845$ & $0.619722$ & $0.615822$ & $-0.125272$ & $-0.662483$ & $-0.0350013$ & $0.0183541$ & $0.0316277$ & $-0.138146$ & $-0.0994057$ & $-0.185886$ & $-0.154369$ & $-0.148675$ & $0.634997$ & $1$ & $0.537294$ & $0.0278292$ & $-0.415842$ & $-0.213741$ & $-0.162361$ & $0.363876$ & $0.124479$ & $0.0195235$ & $0.00620503$ & $-0.00758937$ & $0.00439999$ & $-0.00352599$ & $0.410201$ & $0.0288252$ & $-0.078091$ & $-0.082065$ & $0.0297516$ & $-0.0710281$ & $0.0678765$ & $-0.145561$ & $-0.0823705$ & $0.00421175$ & $-0.0487823$ & $-0.0948014$ & $0.0949755$ & $-0.0174704$ & $-0.18354$ & $0.0708408$ \\
CHe_33 & $0.109562$ & $-0.0888016$ & $-0.0600712$ & $0.163841$ & $0.0156754$ & $-0.0820737$ & $-0.0202868$ & $0.624297$ & $0.619965$ & $-0.172761$ & $-0.641257$ & $-0.0407969$ & $0.0432804$ & $-0.0237498$ & $-0.10417$ & $-0.198752$ & $-0.236758$ & $-0.179758$ & $-0.169944$ & $0.628089$ & $0.537294$ & $1$ & $0.0386561$ & $-0.437168$ & $-0.233421$ & $-0.162537$ & $0.39346$ & $0.103958$ & $0.00690786$ & $0.0126254$ & $0.000695108$ & $-0.014521$ & $0.0130639$ & $0.420016$ & $0.0635512$ & $-0.0858333$ & $-0.059178$ & $0.0580531$ & $-0.0595787$ & $0.052678$ & $-0.157275$ & $-0.072046$ & $-0.00244641$ & $-0.0792576$ & $-0.0999072$ & $0.106251$ & $0.0194081$ & $-0.175182$ & $0.085593$ \\
CHQ1_11 & $0.0896178$ & $-0.0160456$ & $-0.0610411$ & $0.05452$ & $-0.0214273$ & $-0.0121705$ & $0.0152369$ & $0.0203935$ & $0.0205142$ & $-0.0316545$ & $-0.00230351$ & $0.0243836$ & $-0.00692415$ & $-0.0446881$ & $-0.0880871$ & $-0.0788136$ & $-0.0304476$ & $0.0328293$ & $0.0277914$ & $0.00782513$ & $0.0278292$ & $0.0386561$ & $1$ & $-0.0709284$ & $0.0557676$ & $-0.604437$ & $0.242032$ & $0.0380427$ & $-0.00216029$ & $0.00782601$ & $-0.000395432$ & $0.0300255$ & $0.00138151$ & $0.0758111$ & $0.0728822$ & $-0.027126$ & $-0.0124667$ & $0.0118859$ & $0.000165834$ & $0.0784928$ & $-0.0355483$ & $-0.0369203$ & $0.0194718$ & $-0.0113809$ & $-0.0419464$ & $0.00258236$ & $-0.0260677$ & $-0.0930919$ & $0.0948985$ \\
CHQ1_33 & $-0.171801$ & $0.0155561$ & $0.0756837$ & $-0.0989453$ & $-0.0108986$ & $0.0777538$ & $0.0796526$ & $-0.623091$ & $-0.619331$ & $0.532477$ & $0.414953$ & $0.13943$ & $-0.153917$ & $0.472131$ & $0.186481$ & $0.199919$ & $0.604061$ & $0.41905$ & $0.40983$ & $-0.477664$ & $-0.415842$ & $-0.437168$ & $-0.0709284$ & $1$ & $0.505946$ & $0.149507$ & $-0.33525$ & $0.0199496$ & $-0.0261643$ & $-0.0850392$ & $-0.0178127$ & $0.0585012$ & $-0.0931881$ & $-0.473555$ & $-0.0705345$ & $0.0870323$ & $0.0651452$ & $0.0229496$ & $0.0612687$ & $-0.010507$ & $0.135362$ & $0.0842286$ & $0.0288895$ & $0.0418454$ & $0.0684837$ & $-0.0514558$ & $0.0201235$ & $0.100233$ & $-0.100491$ \\
CHQ3_11 & $-0.0329994$ & $0.045535$ & $0.0298484$ & $0.081052$ & $0.00227918$ & $0.00591215$ & $0.103816$ & $-0.573221$ & $-0.570101$ & $0.643348$ & $0.30197$ & $0.163219$ & $-0.177479$ & $0.560253$ & $-0.191393$ & $-0.159002$ & $0.7569$ & $0.758556$ & $0.751316$ & $-0.407736$ & $-0.213741$ & $-0.233421$ & $0.0557676$ & $0.505946$ & $1$ & $0.0653541$ & $0.173899$ & $-0.0445591$ & $-0.0315721$ & $-0.127484$ & $-0.0179151$ & $0.085608$ & $-0.097269$ & $-0.151317$ & $-0.0363172$ & $0.0377444$ & $-0.000631814$ & $0.0727122$ & $0.0311793$ & $-0.00814113$ & $0.0436365$ & $-0.00846584$ & $0.00445742$ & $0.0113531$ & $-0.031561$ & $0.0758481$ & $0.0508596$ & $-0.0424937$ & $0.015038$ \\
CHu_11 & $-0.0520451$ & $0.0363126$ & $0.0846829$ & $-0.000302192$ & $0.0187409$ & $0.0374924$ & $0.0221541$ & $-0.198052$ & $-0.196469$ & $0.0752382$ & $0.194248$ & $0.0106073$ & $-0.0250791$ & $0.0330263$ & $0.0387509$ & $0.030705$ & $0.103433$ & $0.0668908$ & $0.0657057$ & $-0.201327$ & $-0.162361$ & $-0.162537$ & $-0.604437$ & $0.149507$ & $0.0653541$ & $1$ & $0.0164049$ & $-0.0435504$ & $-0.00677256$ & $-0.00924266$ & $0.00697505$ & $0.0114466$ & $0.00157943$ & $-0.131728$ & $-0.0833207$ & $0.0195848$ & $-0.00258143$ & $-0.0221417$ & $-0.0195587$ & $-0.0644601$ & $0.0155935$ & $0.0118114$ & $-0.045651$ & $0.00785469$ & $-0.0122366$ & $0.0307829$ & $0.00588647$ & $-0.00462556$ & $-0.00900446$ \\
CHd_11 & $0.314666$ & $0.0175463$ & $-0.0591099$ & $0.312378$ & $-0.00183361$ & $-0.0889106$ & $-0.0116374$ & $0.342642$ & $0.341379$ & $-0.207869$ & $-0.274261$ & $-0.0401509$ & $0.0471711$ & $-0.19281$ & $-0.463477$ & $-0.493042$ & $-0.190497$ & $0.0904787$ & $0.120979$ & $0.261143$ & $0.363876$ & $0.39346$ & $0.242032$ & $-0.33525$ & $0.173899$ & $0.0164049$ & $1$ & $0.0866989$ & $-0.022086$ & $0.0356881$ & $0.0274406$ & $0.00204034$ & $0.0517619$ & $0.538509$ & $0.0300656$ & $-0.0979009$ & $-0.151449$ & $0.049238$ & $-0.143742$ & $0.0680934$ & $-0.225642$ & $-0.187271$ & $-0.0171655$ & $-0.0750798$ & $-0.215135$ & $0.190934$ & $0.0409568$ & $-0.326647$ & $0.225014$ \\
CHd_33 & $-0.043064$ & $-0.0557896$ & $0.0372677$ & $0.0455451$ & $0.00631447$ & $-0.0137641$ & $-0.0181898$ & $0.133116$ & $0.131386$ & $-0.0547993$ & $-0.126127$ & $-0.0302971$ & $0.0185812$ & $-0.0278737$ & $-0.0376069$ & $-0.0413748$ & $-0.0632184$ & $-0.0378189$ & $-0.0292376$ & $0.129352$ & $0.124479$ & $0.103958$ & $0.0380427$ & $0.0199496$ & $-0.0445591$ & $-0.0435504$ & $0.0866989$ & $1$ & $0.00111993$ & $-0.0256233$ & $-0.013875$ & $-0.0304517$ & $-0.0305244$ & $0.0956754$ & $-0.0549019$ & $-0.0121263$ & $-0.0279451$ & $-0.0116805$ & $-0.0535313$ & $0.0599974$ & $0.0174961$ & $-0.024741$ & $-0.00981416$ & $0.026197$ & $-0.0345782$ & $-0.00556629$ & $-0.0559505$ & $-0.0865595$ & $0.0060309$ \\
CeH_22r & $-0.00616893$ & $-0.00866327$ & $-0.0275455$ & $-0.0188871$ & $-0.00267824$ & $-0.00794733$ & $-0.0473138$ & $0.0163562$ & $0.0207728$ & $-0.0295461$ & $-0.00894039$ & $-0.0434844$ & $0.093511$ & $-0.0292075$ & $0.0187578$ & $0.000884582$ & $-0.0239365$ & $-0.0253247$ & $-0.0167102$ & $0.0135007$ & $0.0195235$ & $0.00690786$ & $-0.00216029$ & $-0.0261643$ & $-0.0315721$ & $-0.00677256$ & $-0.022086$ & $0.00111993$ & $1$ & $0.0673169$ & $0.0334244$ & $-0.060664$ & $0.0644255$ & $0.000913397$ & $-0.00532589$ & $-0.0199173$ & $-0.0139658$ & $-0.0274029$ & $0.0146033$ & $0.0058388$ & $-0.0197155$ & $0.0146277$ & $-0.00560559$ & $0.00206463$ & $-0.00112928$ & $-0.0162307$ & $-0.0385409$ & $0.00172248$ & $-0.0322604$ \\
CeH_33r & $0.0251189$ & $0.022305$ & $-0.0567784$ & $-0.0456491$ & $0.025692$ & $-0.00637743$ & $-0.360654$ & $0.0627014$ & $0.0746479$ & $-0.134617$ & $0.00450915$ & $-0.102147$ & $0.503734$ & $-0.150076$ & $0.00089657$ & $-0.00202439$ & $-0.149771$ & $-0.125922$ & $-0.124604$ & $0.0200833$ & $0.00620503$ & $0.0126254$ & $0.00782601$ & $-0.0850392$ & $-0.127484$ & $-0.00924266$ & $0.0356881$ & $-0.0256233$ & $0.0673169$ & $1$ & $0.373361$ & $-0.18067$ & $0.76351$ & $0.0247297$ & $-0.0584643$ & $-0.070276$ & $-0.138474$ & $-0.0835517$ & $0.0244783$ & $0.0559059$ & $-0.0949041$ & $0.0475794$ & $-0.107261$ & $-0.089858$ & $-0.062071$ & $0.0193793$ & $-0.0294039$ & $-0.0269233$ & $-0.0363743$ \\
CuH_22r & $0.0162608$ & $0.0536793$ & $0.0124619$ & $-0.0217738$ & $0.0030389$ & $-0.00715731$ & $-0.172746$ & $0.009594$ & $0.0162888$ & $-0.0248515$ & $0.00477759$ & $-0.0973718$ & $0.247466$ & $-0.025547$ & $-0.00819563$ & $-0.0131339$ & $-0.0286368$ & $-0.0183781$ & $-0.0195832$ & $-0.00457447$ & $-0.00758937$ & $0.000695108$ & $-0.000395432$ & $-0.0178127$ & $-0.0179151$ & $0.00697505$ & $0.0274406$ & $-0.013875$ & $0.0334244$ & $0.373361$ & $1$ & $-0.0602613$ & $0.409992$ & $0.0172499$ & $-0.0192904$ & $-0.0712836$ & $-0.0390515$ & $-0.0417648$ & $0.0128087$ & $0.0276467$ & $-0.0597315$ & $0.0246206$ & $-0.0603261$ & $-0.0996569$ & $-0.0668169$ & $0.0852326$ & $0.115911$ & $-0.0102265$ & $-0.062977$ \\
CuH_33r & $0.0341245$ & $-0.128698$ & $0.0736044$ & $0.124642$ & $-7.97782e-05$ & $-0.00536361$ & $0.930507$ & $-0.0404286$ & $-0.0116485$ & $0.105578$ & $-0.0104151$ & $0.41141$ & $-0.542417$ & $0.0919873$ & $0.0197296$ & $0.0125393$ & $0.0809859$ & $0.0698234$ & $0.0644258$ & $0.0211068$ & $0.00439999$ & $-0.014521$ & $0.0300255$ & $0.0585012$ & $0.085608$ & $0.0114466$ & $0.00204034$ & $-0.0304517$ & $-0.060664$ & $-0.18067$ & $-0.0602613$ & $1$ & $-0.184886$ & $-0.0621652$ & $0.0502119$ & $0.0980381$ & $0.0163612$ & $0.0985964$ & $-0.104792$ & $0.0566361$ & $0.122199$ & $-0.0617142$ & $0.106249$ & $0.0964327$ & $0.0883107$ & $-0.0457942$ & $0.0143913$ & $-0.0487126$ & $0.0222662$ \\
CdH_33r & $0.0232943$ & $0.0502162$ & $-0.0842655$ & $-0.0402035$ & $0.0272921$ & $-0.0207729$ & $-0.412488$ & $0.0414124$ & $0.0548878$ & $-0.135842$ & $0.0208176$ & $-0.122196$ & $0.539693$ & $-0.143766$ & $-0.0281945$ & $-0.0180609$ & $-0.131707$ & $-0.0963614$ & $-0.0988148$ & $0.000801825$ & $-0.00352599$ & $0.0130639$ & $0.00138151$ & $-0.0931881$ & $-0.097269$ & $0.00157943$ & $0.0517619$ & $-0.0305244$ & $0.0644255$ & $0.76351$ & $0.409992$ & $-0.184886$ & $1$ & $0.0313656$ & $-0.00302823$ & $-0.0788773$ & $-0.147209$ & $-0.0954401$ & $0.0173446$ & $0.037687$ & $-0.0703451$ & $0.0792628$ & $-0.113492$ & $-0.049133$ & $-0.0277056$ & $-0.0193689$ & $-0.0185394$ & $0.0472088$ & $0.133014$ \\
CLL_1221 & $0.163994$ & $-0.00694938$ & $-0.0833653$ & $0.185077$ & $0.0160408$ & $-0.150726$ & $-0.052467$ & $0.632133$ & $0.624775$ & $-0.345358$ & $-0.505846$ & $-0.224348$ & $0.0887583$ & $-0.240241$ & $-0.534556$ & $-0.221529$ & $-0.270449$ & $0.174256$ & $-0.151098$ & $0.411564$ & $0.410201$ & $0.420016$ & $0.0758111$ & $-0.473555$ & $-0.151317$ & $-0.131728$ & $0.538509$ & $0.0956754$ & $0.000913397$ & $0.0247297$ & $0.0172499$ & $-0.0621652$ & $0.0313656$ & $1$ & $0.0212665$ & $-0.0877349$ & $-0.0765158$ & $0.0154079$ & $-0.0408213$ & $0.0200616$ & $-0.160846$ & $-0.112546$ & $-0.0300223$ & $-0.0796455$ & $-0.145782$ & $0.121465$ & $0.0294042$ & $-0.185084$ & $0.101947$ \\
eHggint & $0.0339286$ & $-0.223321$ & $-0.344381$ & $0.112686$ & $0.00495053$ & $-0.0307508$ & $0.0320985$ & $0.0768086$ & $0.0771402$ & $-0.0491917$ & $-0.06389$ & $0.0887476$ & $-0.0411551$ & $-0.0433979$ & $-0.0044141$ & $-0.00705956$ & $-0.0458193$ & $-0.0415626$ & $-0.0340968$ & $0.0738954$ & $0.0288252$ & $0.0635512$ & $0.0728822$ & $-0.0705345$ & $-0.0363172$ & $-0.0833207$ & $0.0300656$ & $-0.0549019$ & $-0.00532589$ & $-0.0584643$ & $-0.0192904$ & $0.0502119$ & $-0.00302823$ & $0.0212665$ & $1$ & $-0.559517$ & $0.285174$ & $-0.00865076$ & $0.180033$ & $0.0104358$ & $-0.0281123$ & $0.008936$ & $0.279267$ & $-0.115536$ & $0.251418$ & $0.168586$ & $0.139725$ & $0.101399$ & $0.360386$ \\
eHggpar & $0.100577$ & $0.239269$ & $0.312709$ & $-0.0917855$ & $0.00671642$ & $0.0394026$ & $0.106492$ & $-0.131016$ & $-0.137217$ & $0.0774748$ & $0.103417$ & $0.0683501$ & $-0.13371$ & $0.0600039$ & $0.0223581$ & $0.0471238$ & $0.070762$ & $0.049109$ & $0.0292382$ & $-0.102669$ & $-0.078091$ & $-0.0858333$ & $-0.027126$ & $0.0870323$ & $0.0377444$ & $0.0195848$ & $-0.0979009$ & $-0.0121263$ & $-0.0199173$ & $-0.070276$ & $-0.0712836$ & $0.0980381$ & $-0.0788773$ & $-0.0877349$ & $-0.559517$ & $1$ & $-0.200031$ & $0.0798715$ & $-0.311769$ & $0.0259881$ & $0.157177$ & $-0.0291135$ & $-0.296816$ & $0.202635$ & $-0.147972$ & $-0.36723$ & $-0.0546592$ & $0.115157$ & $-0.199142$ \\
eHWWint & $-0.076597$ & $0.0650918$ & $-0.0314733$ & $-0.10286$ & $-0.0253538$ & $0.00906079$ & $0.0443695$ & $-0.0985197$ & $-0.0959976$ & $0.0501116$ & $0.0810638$ & $0.0779885$ & $-0.0952194$ & $0.0298704$ & $0.0309946$ & $0.0797724$ & $0.058464$ & $0.0371555$ & $-0.0106506$ & $-0.0771511$ & $-0.082065$ & $-0.059178$ & $-0.0124667$ & $0.0651452$ & $-0.000631814$ & $-0.00258143$ & $-0.151449$ & $-0.0279451$ & $-0.0139658$ & $-0.138474$ & $-0.0390515$ & $0.0163612$ & $-0.147209$ & $-0.0765158$ & $0.285174$ & $-0.200031$ & $1$ & $-0.0787272$ & $0.101449$ & $-0.123474$ & $0.101401$ & $-0.165657$ & $0.299341$ & $-0.188909$ & $0.0339287$ & $0.28648$ & $0.182727$ & $0.336909$ & $-0.0907797$ \\
eHWWpar & $0.185423$ & $-0.0726076$ & $0.0583292$ & $0.0552359$ & $0.0619662$ & $-0.00548507$ & $0.0979837$ & $0.00503027$ & $0.00231042$ & $0.0577698$ & $-0.0392393$ & $0.0868739$ & $-0.0930112$ & $0.0646204$ & $-0.0085248$ & $-0.0177965$ & $0.0720485$ & $0.0619997$ & $0.0749214$ & $0.0218978$ & $0.0297516$ & $0.0580531$ & $0.0118859$ & $0.0229496$ & $0.0727122$ & $-0.0221417$ & $0.049238$ & $-0.0116805$ & $-0.0274029$ & $-0.0835517$ & $-0.0417648$ & $0.0985964$ & $-0.0954401$ & $0.0154079$ & $-0.00865076$ & $0.0798715$ & $-0.0787272$ & $1$ & $-0.0527592$ & $-0.0397588$ & $0.122191$ & $-0.114171$ & $-0.0359759$ & $0.0233775$ & $-0.0685592$ & $0.0826938$ & $0.00557446$ & $-0.190617$ & $-0.012058$ \\
eHZZint & $-0.235974$ & $0.107829$ & $-0.364633$ & $-0.218274$ & $-0.0268598$ & $-0.0129046$ & $-0.103585$ & $-0.0836204$ & $-0.0858736$ & $0.0501033$ & $0.0647054$ & $-0.047014$ & $0.0718649$ & $0.0376483$ & $0.0308346$ & $0.0553613$ & $0.0766039$ & $0.0478965$ & $0.0355578$ & $-0.0754781$ & $-0.0710281$ & $-0.0595787$ & $0.000165834$ & $0.0612687$ & $0.0311793$ & $-0.0195587$ & $-0.143742$ & $-0.0535313$ & $0.0146033$ & $0.0244783$ & $0.0128087$ & $-0.104792$ & $0.0173446$ & $-0.0408213$ & $0.180033$ & $-0.311769$ & $0.101449$ & $-0.0527592$ & $1$ & $-0.276961$ & $0.108636$ & $0.26064$ & $0.011904$ & $-0.0865481$ & $0.270515$ & $0.030217$ & $0.00789098$ & $0.219511$ & $-0.0605295$ \\
eHZZpar & $0.122485$ & $-0.212611$ & $0.0116717$ & $0.131429$ & $0.00234665$ & $0.0251453$ & $0.0367504$ & $0.0878119$ & $0.0862578$ & $-0.0428961$ & $-0.0885455$ & $-0.0363495$ & $0.035184$ & $0.0100233$ & $0.0337798$ & $-0.00533825$ & $-0.0371494$ & $-0.0330031$ & $-0.0209538$ & $0.0841468$ & $0.0678765$ & $0.052678$ & $0.0784928$ & $-0.010507$ & $-0.00814113$ & $-0.0644601$ & $0.0680934$ & $0.0599974$ & $0.0058388$ & $0.0559059$ & $0.0276467$ & $0.0566361$ & $0.037687$ & $0.0200616$ & $0.0104358$ & $0.0259881$ & $-0.123474$ & $-0.0397588$ & $-0.276961$ & $1$ & $0.0730684$ & $-0.0608277$ & $-0.0740017$ & $-0.0468508$ & $-0.130646$ & $-0.0616131$ & $0.0158112$ & $-0.186925$ & $0.026523$ \\
eHZgaint & $-0.0253137$ & $0.214616$ & $0.00828409$ & $-0.230275$ & $0.0422653$ & $-0.0106409$ & $0.133014$ & $-0.193472$ & $-0.19494$ & $0.0826595$ & $0.169093$ & $0.150289$ & $-0.176183$ & $0.0353722$ & $0.0976022$ & $0.0848872$ & $0.115465$ & $0.0355054$ & $0.0450338$ & $-0.150328$ & $-0.145561$ & $-0.157275$ & $-0.0355483$ & $0.135362$ & $0.0436365$ & $0.0155935$ & $-0.225642$ & $0.0174961$ & $-0.0197155$ & $-0.0949041$ & $-0.0597315$ & $0.122199$ & $-0.0703451$ & $-0.160846$ & $-0.0281123$ & $0.157177$ & $0.101401$ & $0.122191$ & $0.108636$ & $0.0730684$ & $1$ & $0.036215$ & $-0.107094$ & $0.334718$ & $0.283737$ & $-0.295449$ & $-0.0297257$ & $0.283388$ & $0.1471$ \\
eHZgapar & $-0.21735$ & $0.0739019$ & $-0.114026$ & $-0.239699$ & $-0.00545259$ & $0.00410935$ & $-0.0689111$ & $-0.0964314$ & $-0.0975848$ & $0.0546063$ & $0.0794683$ & $-0.0143146$ & $0.0547047$ & $0.0419095$ & $0.0832986$ & $0.119169$ & $0.0632413$ & $-0.00423437$ & $-0.0293127$ & $-0.0750299$ & $-0.0823705$ & $-0.072046$ & $-0.0369203$ & $0.0842286$ & $-0.00846584$ & $0.0118114$ & $-0.187271$ & $-0.024741$ & $0.0146277$ & $0.0475794$ & $0.0246206$ & $-0.0617142$ & $0.0792628$ & $-0.112546$ & $0.008936$ & $-0.0291135$ & $-0.165657$ & $-0.114171$ & $0.26064$ & $-0.0608277$ & $0.036215$ & $1$ & $-0.0405088$ & $0.09683$ & $0.117167$ & $-0.265834$ & $-0.00855214$ & $0.0864149$ & $0.0796648$ \\
eHgagaint & $0.256279$ & $-0.0588563$ & $-0.14731$ & $0.186903$ & $-0.0601503$ & $-0.0162873$ & $0.12868$ & $-0.00837114$ & $0.0191104$ & $0.00699855$ & $-0.00490465$ & $0.136442$ & $-0.214955$ & $0.0230455$ & $0.0308343$ & $-0.00854671$ & $0.0284961$ & $-0.00567603$ & $0.0253213$ & $-0.00599758$ & $0.00421175$ & $-0.00244641$ & $0.0194718$ & $0.0288895$ & $0.00445742$ & $-0.045651$ & $-0.0171655$ & $-0.00981416$ & $-0.00560559$ & $-0.107261$ & $-0.0603261$ & $0.106249$ & $-0.113492$ & $-0.0300223$ & $0.279267$ & $-0.296816$ & $0.299341$ & $-0.0359759$ & $0.011904$ & $-0.0740017$ & $-0.107094$ & $-0.0405088$ & $1$ & $0.155183$ & $0.275531$ & $0.0802873$ & $0.142163$ & $0.136405$ & $0.117769$ \\
eHmumuint & $-0.0466063$ & $-0.0320788$ & $0.103277$ & $0.0321987$ & $0.0127276$ & $0.037825$ & $0.116692$ & $-0.0596834$ & $-0.0523287$ & $0.0177686$ & $0.0528134$ & $0.158607$ & $-0.236781$ & $0.0215058$ & $0.0537301$ & $0.036664$ & $0.0207856$ & $-0.00219249$ & $0.018538$ & $-0.047131$ & $-0.0487823$ & $-0.0792576$ & $-0.0113809$ & $0.0418454$ & $0.0113531$ & $0.00785469$ & $-0.0750798$ & $0.026197$ & $0.00206463$ & $-0.089858$ & $-0.0996569$ & $0.0964327$ & $-0.049133$ & $-0.0796455$ & $-0.115536$ & $0.202635$ & $-0.188909$ & $0.0233775$ & $-0.0865481$ & $-0.0468508$ & $0.334718$ & $0.09683$ & $0.155183$ & $1$ & $0.272185$ & $-0.401512$ & $-0.103129$ & $0.125386$ & $0.247251$ \\
eHtautauint & $-0.0060855$ & $-0.171431$ & $-0.178343$ & $-0.00532491$ & $0.00787489$ & $-0.052613$ & $0.0986454$ & $-0.0764756$ & $-0.0680318$ & $0.0237523$ & $0.06849$ & $0.14554$ & $-0.183845$ & $0.0151136$ & $0.104998$ & $0.096786$ & $0.0526437$ & $-0.0367501$ & $-0.0127496$ & $-0.0615269$ & $-0.0948014$ & $-0.0999072$ & $-0.0419464$ & $0.0684837$ & $-0.031561$ & $-0.0122366$ & $-0.215135$ & $-0.0345782$ & $-0.00112928$ & $-0.062071$ & $-0.0668169$ & $0.0883107$ & $-0.0277056$ & $-0.145782$ & $0.251418$ & $-0.147972$ & $0.0339287$ & $-0.0685592$ & $0.270515$ & $-0.130646$ & $0.283737$ & $0.117167$ & $0.275531$ & $0.272185$ & $1$ & $-0.272458$ & $-0.0382528$ & $0.518237$ & $0.151934$ \\
eHccint & $0.148703$ & $0.114302$ & $0.100868$ & $0.271208$ & $0.00320469$ & $0.0126629$ & $-0.053374$ & $0.0443357$ & $0.0447466$ & $0.0241691$ & $-0.0581158$ & $-0.0784645$ & $0.0947989$ & $0.0188367$ & $-0.105941$ & $-0.113121$ & $0.0208732$ & $0.0750605$ & $0.0800089$ & $0.0408971$ & $0.0949755$ & $0.106251$ & $0.00258236$ & $-0.0514558$ & $0.0758481$ & $0.0307829$ & $0.190934$ & $-0.00556629$ & $-0.0162307$ & $0.0193793$ & $0.0852326$ & $-0.0457942$ & $-0.0193689$ & $0.121465$ & $0.168586$ & $-0.36723$ & $0.28648$ & $0.0826938$ & $0.030217$ & $-0.0616131$ & $-0.295449$ & $-0.265834$ & $0.0802873$ & $-0.401512$ & $-0.272458$ & $1$ & $-0.0198557$ & $-0.248901$ & $-0.138247$ \\
eHccpar & $0.0718942$ & $0.121002$ & $0.092798$ & $0.0625091$ & $-0.0457863$ & $-0.0459548$ & $0.013789$ & $-0.0206134$ & $-0.018007$ & $0.0223836$ & $0.00361646$ & $0.0315543$ & $-0.0431308$ & $0.0323811$ & $-0.0311427$ & $-0.000590949$ & $0.0453852$ & $0.0481334$ & $0.0240523$ & $-0.0193352$ & $-0.0174704$ & $0.0194081$ & $-0.0260677$ & $0.0201235$ & $0.0508596$ & $0.00588647$ & $0.0409568$ & $-0.0559505$ & $-0.0385409$ & $-0.0294039$ & $0.115911$ & $0.0143913$ & $-0.0185394$ & $0.0294042$ & $0.139725$ & $-0.0546592$ & $0.182727$ & $0.00557446$ & $0.00789098$ & $0.0158112$ & $-0.0297257$ & $-0.00855214$ & $0.142163$ & $-0.103129$ & $-0.0382528$ & $-0.0198557$ & $1$ & $0.0671742$ & $0.00526947$ \\
eHbbint & $0.0239377$ & $0.260319$ & $-0.131205$ & $-0.203543$ & $0.0144193$ & $-0.0186164$ & $-0.047717$ & $-0.209463$ & $-0.209966$ & $0.05165$ & $0.203742$ & $0.0351285$ & $0.00364577$ & $0.0102817$ & $0.0919409$ & $0.129757$ & $0.0721573$ & $-0.000286278$ & $-0.0320573$ & $-0.179995$ & $-0.18354$ & $-0.175182$ & $-0.0930919$ & $0.100233$ & $-0.0424937$ & $-0.00462556$ & $-0.326647$ & $-0.0865595$ & $0.00172248$ & $-0.0269233$ & $-0.0102265$ & $-0.0487126$ & $0.0472088$ & $-0.185084$ & $0.101399$ & $0.115157$ & $0.336909$ & $-0.190617$ & $0.219511$ & $-0.186925$ & $0.283388$ & $0.0864149$ & $0.136405$ & $0.125386$ & $0.518237$ & $-0.248901$ & $0.0671742$ & $1$ & $-0.0512932$ \\
eHbbpar & $0.00679077$ & $-0.0144594$ & $-0.19343$ & $0.185126$ & $-0.0118826$ & $-0.0592531$ & $0.0175203$ & $0.0886894$ & $0.0906193$ & $-0.0814498$ & $-0.0579376$ & $0.0719551$ & $-0.0560265$ & $-0.0948782$ & $-0.0957527$ & $-0.0906041$ & $-0.0710679$ & $-0.031714$ & $-0.0080771$ & $0.0703386$ & $0.0708408$ & $0.085593$ & $0.0948985$ & $-0.100491$ & $0.015038$ & $-0.00900446$ & $0.225014$ & $0.0060309$ & $-0.0322604$ & $-0.0363743$ & $-0.062977$ & $0.0222662$ & $0.133014$ & $0.101947$ & $0.360386$ & $-0.199142$ & $-0.0907797$ & $-0.012058$ & $-0.0605295$ & $0.026523$ & $0.1471$ & $0.0796648$ & $0.117769$ & $0.247251$ & $0.151934$ & $-0.138247$ & $0.00526947$ & $-0.0512932$ & $1$ \\
