 & AlsMz & dAle5Mz & mtop & mHl & Mz & CW & CHG & CHWB & CHWHB_gaga & CHWHB_gagaorth & CHD & CHbox & CH & CHL1_11 & CHL1_22 & CHL1_33 & CHL3_11 & CHL3_22 & CHL3_33 & CHe_11 & CHe_22 & CHe_33 & CHQ1_11 & CHQ1_33 & CHQ3_11 & CHu_11 & CHd_11 & CHd_33 & CeH_22r & CeH_33r & CuH_22r & CuH_33r & CdH_33r & CLL_1221 & eHggint & eHggpar & eHWWint & eHWWpar & eHZZint & eHZZpar & eHZgaint & eHZgapar & eHgagaint & eHmumuint & eHtautauint & eHccint & eHccpar & eHbbint & eHbbpar \\
AlsMz & $1$ & $-0.00318648$ & $-0.112013$ & $0.17902$ & $0.053792$ & $-0.0693035$ & $-0.0344165$ & $0.0348205$ & $0.0313174$ & $-0.0365699$ & $-0.0234677$ & $0.00340637$ & $0.0379612$ & $-0.0642173$ & $-0.00357214$ & $0.0438403$ & $-0.00142586$ & $-0.0275577$ & $-0.0643003$ & $0.0197145$ & $0.0185208$ & $0.0141387$ & $-0.0615105$ & $-0.0904692$ & $-0.113237$ & $0.0119466$ & $-0.0117987$ & $0.0391397$ & $0.0307606$ & $-0.0536664$ & $0.028362$ & $-0.0648004$ & $-0.0945082$ & $0.0523164$ & $-0.045453$ & $0.195772$ & $0.0732234$ & $0.045563$ & $-0.182453$ & $0.0313928$ & $0.0937882$ & $-0.0258882$ & $0.128087$ & $0.236656$ & $-0.015593$ & $-0.173936$ & $0.149731$ & $-0.202559$ & $-0.142184$ \\
dAle5Mz & $-0.00318648$ & $1$ & $-0.104552$ & $-0.0134084$ & $-0.0256266$ & $0.00204515$ & $-0.022001$ & $-0.036938$ & $-0.0267714$ & $0.00578674$ & $0.0253014$ & $-0.0656239$ & $-0.072938$ & $0.0109094$ & $-0.00826051$ & $0.0221151$ & $0.00911468$ & $0.0172816$ & $-0.00374556$ & $-0.016841$ & $-0.0184146$ & $-0.0219931$ & $-0.067282$ & $0.00699583$ & $0.00171116$ & $0.0575881$ & $-0.0245565$ & $-0.0711606$ & $0.0241977$ & $-0.00448608$ & $-0.0324542$ & $-0.0429772$ & $-0.113039$ & $0.0074814$ & $-0.197048$ & $0.297352$ & $-0.174557$ & $0.114689$ & $-0.0220754$ & $0.098153$ & $0.0655238$ & $-0.0713585$ & $0.157592$ & $0.169945$ & $-0.218935$ & $-0.169709$ & $-0.126087$ & $-0.0183535$ & $-0.214634$ \\
mtop & $-0.112013$ & $-0.104552$ & $1$ & $-0.0308805$ & $0.0184265$ & $0.0264976$ & $0.0735867$ & $-0.00530455$ & $-0.00526682$ & $-0.0145442$ & $-0.00280715$ & $-0.0258277$ & $-0.0213514$ & $0.0309267$ & $0.0628782$ & $0.00745775$ & $0.0241153$ & $-0.016367$ & $0.0201918$ & $0.00856857$ & $0.0049282$ & $-0.00146047$ & $0.0262236$ & $0.0613273$ & $0.017661$ & $-0.0337822$ & $-0.0264176$ & $0.0104126$ & $0.0157224$ & $0.0455855$ & $-0.0103757$ & $0.0945018$ & $0.0680486$ & $-0.0614455$ & $0.142635$ & $-0.206696$ & $-0.0917839$ & $0.0498622$ & $0.092658$ & $-0.0866408$ & $0.0185475$ & $0.0254056$ & $0.114891$ & $0.114239$ & $-0.0375444$ & $0.101547$ & $-0.0764307$ & $-0.161617$ & $0.0583761$ \\
mHl & $0.17902$ & $-0.0134084$ & $-0.0308805$ & $1$ & $-0.0166218$ & $-0.0204548$ & $0.0331774$ & $0.0481665$ & $0.041325$ & $-0.0891233$ & $-0.00934576$ & $0.0337983$ & $0.0489983$ & $-0.0732081$ & $-0.00766127$ & $-0.0159045$ & $-0.0666404$ & $-0.0671368$ & $-0.0685264$ & $0.00682017$ & $0.0132777$ & $-0.00151659$ & $-0.0364364$ & $-0.0717369$ & $-0.0662837$ & $0.00165571$ & $0.0455639$ & $0.00641619$ & $-0.0170949$ & $-0.000301967$ & $0.0172287$ & $0.0218419$ & $-0.0142886$ & $0.0546941$ & $-0.0867452$ & $0.214089$ & $0.161358$ & $-0.00700976$ & $-0.219851$ & $-0.0197761$ & $0.222241$ & $-0.0180576$ & $-0.0806206$ & $-0.103368$ & $0.0995289$ & $-0.320215$ & $0.0951455$ & $0.0992744$ & $-0.115016$ \\
Mz & $0.053792$ & $-0.0256266$ & $0.0184265$ & $-0.0166218$ & $1$ & $0.0165133$ & $-0.00517548$ & $-0.0181655$ & $-0.0166754$ & $0.0186577$ & $0.0261796$ & $-0.00184556$ & $-0.0285457$ & $-0.00346547$ & $-0.0011316$ & $-0.0140147$ & $-0.00648545$ & $0.00143047$ & $0.0139477$ & $-0.0152812$ & $-0.0189147$ & $-0.010108$ & $-0.00876017$ & $0.0122282$ & $0.00965665$ & $0.0222981$ & $0.00925057$ & $-0.0291778$ & $-0.0442623$ & $-0.0116083$ & $0.00684888$ & $-0.000975969$ & $-0.021598$ & $-0.0189479$ & $-0.0140022$ & $-0.0320411$ & $0.0469304$ & $0.0409116$ & $-0.0349227$ & $0.00756429$ & $-0.00778807$ & $-0.0109727$ & $-0.0200971$ & $-0.035331$ & $-0.0117185$ & $-0.0108156$ & $0.0336634$ & $0.00396536$ & $-0.0162988$ \\
CW & $-0.0693035$ & $0.00204515$ & $0.0264976$ & $-0.0204548$ & $0.0165133$ & $1$ & $0.0313609$ & $-0.155158$ & $-0.148909$ & $0.00614356$ & $0.218069$ & $0.0415085$ & $0.00112129$ & $-0.00239877$ & $-0.0924242$ & $-0.0850643$ & $-0.274725$ & $-0.0519101$ & $-0.0438176$ & $-0.21374$ & $-0.219845$ & $-0.210977$ & $0.0154262$ & $0.00727821$ & $-0.0827326$ & $0.109318$ & $-0.0892992$ & $-0.0465848$ & $0.00419037$ & $0.00195016$ & $-0.0201893$ & $0.0467752$ & $0.00489103$ & $-0.139148$ & $0.0375874$ & $0.0294824$ & $-0.0390091$ & $-0.00100702$ & $0.0407631$ & $-0.00427628$ & $0.0388261$ & $0.0115491$ & $0.0039629$ & $-0.0170261$ & $0.0266872$ & $-0.0232993$ & $0.00434034$ & $0.0487372$ & $-0.0118463$ \\
CHG & $-0.0344165$ & $-0.022001$ & $0.0735867$ & $0.0331774$ & $-0.00517548$ & $0.0313609$ & $1$ & $-0.0661409$ & $-0.0227662$ & $0.0356884$ & $0.0147439$ & $-0.229914$ & $-0.291426$ & $0.0910403$ & $0.00977702$ & $-0.0143029$ & $0.0974075$ & $0.093554$ & $0.104578$ & $-0.0119433$ & $-0.0199785$ & $-0.0322165$ & $0.0140518$ & $0.103058$ & $0.104641$ & $-0.00609127$ & $-0.034018$ & $0.0213187$ & $-0.00670682$ & $-0.151001$ & $-0.0940984$ & $0.929582$ & $-0.161344$ & $-0.0666529$ & $0.00264671$ & $0.0482497$ & $0.0676898$ & $-0.0402659$ & $-0.0271148$ & $-0.00610877$ & $-0.0628088$ & $-0.00494645$ & $0.048239$ & $-0.0792908$ & $-0.0458141$ & $0.0936112$ & $0.0397383$ & $0.06155$ & $-0.00155633$ \\
CHWB & $0.0348205$ & $-0.036938$ & $-0.00530455$ & $0.0481665$ & $-0.0181655$ & $-0.155158$ & $-0.0661409$ & $1$ & $0.985969$ & $-0.553928$ & $-0.890261$ & $0.0401054$ & $0.342647$ & $0.129199$ & $0.313387$ & $0.331769$ & $-0.234225$ & $-0.430762$ & $-0.443788$ & $0.863033$ & $0.905075$ & $0.888472$ & $0.0670109$ & $-0.663364$ & $-0.399324$ & $-0.511491$ & $0.4346$ & $0.335661$ & $-0.012184$ & $0.0413954$ & $0.0668569$ & $-0.0501204$ & $0.0994309$ & $0.563226$ & $0.0390283$ & $-0.000996544$ & $0.0167331$ & $0.0447991$ & $-0.0124274$ & $-0.00126356$ & $0.0140018$ & $0.0232844$ & $0.0236454$ & $0.0183765$ & $-0.0538071$ & $-0.0620283$ & $-0.0562421$ & $-0.113093$ & $0.0640819$ \\
CHWHB_gaga & $0.0313174$ & $-0.0267714$ & $-0.00526682$ & $0.041325$ & $-0.0166754$ & $-0.148909$ & $-0.0227662$ & $0.985969$ & $1$ & $-0.54313$ & $-0.879684$ & $0.0546427$ & $0.3434$ & $0.133958$ & $0.312169$ & $0.328523$ & $-0.230598$ & $-0.423042$ & $-0.43577$ & $0.853567$ & $0.893781$ & $0.877342$ & $0.0658781$ & $-0.649908$ & $-0.390331$ & $-0.505511$ & $0.428115$ & $0.332461$ & $-0.00876496$ & $0.0581665$ & $0.0755487$ & $-0.0157704$ & $0.122632$ & $0.551399$ & $0.020773$ & $0.00417746$ & $0.00467764$ & $0.0329041$ & $-0.0182963$ & $-0.00337901$ & $0.0142919$ & $0.0214505$ & $0.0752524$ & $0.0115676$ & $-0.0621924$ & $-0.076251$ & $-0.0491518$ & $-0.129348$ & $0.0668784$ \\
CHWHB_gagaorth & $-0.0365699$ & $0.00578674$ & $-0.0145442$ & $-0.0891233$ & $0.0186577$ & $0.00614356$ & $0.0356884$ & $-0.553928$ & $-0.54313$ & $1$ & $0.346306$ & $0.256922$ & $-0.248137$ & $0.214909$ & $-0.115917$ & $-0.153725$ & $0.453219$ & $0.477867$ & $0.500588$ & $-0.335689$ & $-0.359406$ & $-0.359759$ & $-0.0948762$ & $0.556605$ & $0.467493$ & $0.245408$ & $-0.247746$ & $-0.158545$ & $0.00683413$ & $-0.130852$ & $-0.0992705$ & $0.0328502$ & $-0.174237$ & $-0.346594$ & $-0.0300809$ & $0.0116466$ & $0.000540243$ & $-0.0185427$ & $-0.0382744$ & $-0.00184468$ & $-0.0437259$ & $-0.0171694$ & $0.00442918$ & $0.0116591$ & $-0.000249336$ & $0.0642495$ & $0.0603786$ & $0.0461992$ & $-0.033272$ \\
CHD & $-0.0234677$ & $0.0253014$ & $-0.00280715$ & $-0.00934576$ & $0.0261796$ & $0.218069$ & $0.0147439$ & $-0.890261$ & $-0.879684$ & $0.346306$ & $1$ & $0.0992586$ & $-0.178715$ & $-0.521022$ & $-0.424347$ & $-0.432287$ & $-0.199092$ & $0.0849961$ & $0.102033$ & $-0.990233$ & $-0.99193$ & $-0.96942$ & $-0.0159808$ & $0.317151$ & $0.0418368$ & $0.559427$ & $-0.307515$ & $-0.35682$ & $0.0373447$ & $-0.00896961$ & $-0.0621864$ & $0.0100669$ & $-0.0538835$ & $-0.382135$ & $-0.0188454$ & $-0.0408842$ & $-0.00287229$ & $-0.0408194$ & $0.0268134$ & $-0.000584983$ & $-0.00138716$ & $-0.0152992$ & $-0.0479502$ & $-0.00845427$ & $0.0548046$ & $0.0693741$ & $0.0242163$ & $0.0974189$ & $-0.0490633$ \\
CHbox & $0.00340637$ & $-0.0656239$ & $-0.0258277$ & $0.0337983$ & $-0.00184556$ & $0.0415085$ & $-0.229914$ & $0.0401054$ & $0.0546427$ & $0.256922$ & $0.0992586$ & $1$ & $0.721531$ & $-0.28349$ & $0.0241353$ & $0.057679$ & $-0.307501$ & $-0.27803$ & $-0.29957$ & $-0.0835452$ & $-0.101423$ & $-0.0963992$ & $-0.0172623$ & $-0.178292$ & $-0.28146$ & $0.0620658$ & $-0.0439067$ & $-0.0175977$ & $0.0826455$ & $0.299985$ & $0.0921974$ & $-0.135012$ & $0.381506$ & $0.00231117$ & $0.07215$ & $-0.048455$ & $-0.00119357$ & $0.0118828$ & $-0.0177883$ & $-0.00116017$ & $0.0515255$ & $-0.00240807$ & $-0.00833621$ & $0.0145228$ & $-0.0818597$ & $-0.0107248$ & $-0.00613976$ & $-0.0606604$ & $-0.0475322$ \\
CH & $0.0379612$ & $-0.072938$ & $-0.0213514$ & $0.0489983$ & $-0.0285457$ & $0.00112129$ & $-0.291426$ & $0.342647$ & $0.3434$ & $-0.248137$ & $-0.178715$ & $0.721531$ & $1$ & $-0.21253$ & $0.0625886$ & $0.106767$ & $-0.353782$ & $-0.354994$ & $-0.386372$ & $0.175437$ & $0.187351$ & $0.185643$ & $0.0447626$ & $-0.37516$ & $-0.357758$ & $-0.125959$ & $0.141212$ & $0.113504$ & $0.0784286$ & $0.25084$ & $0.11407$ & $-0.225806$ & $0.351906$ & $0.220185$ & $0.0479432$ & $-0.0519081$ & $0.0235245$ & $0.0744056$ & $-0.0156788$ & $0.00467573$ & $0.09426$ & $0.00502588$ & $0.0226844$ & $0.00529056$ & $-0.0856791$ & $-0.0508016$ & $-0.0161006$ & $-0.0880571$ & $0.00075235$ \\
CHL1_11 & $-0.0642173$ & $0.0109094$ & $0.0309267$ & $-0.0732081$ & $-0.00346547$ & $-0.00239877$ & $0.0910403$ & $0.129199$ & $0.133958$ & $0.214909$ & $-0.521022$ & $-0.28349$ & $-0.21253$ & $1$ & $0.26192$ & $0.241274$ & $0.647807$ & $0.580505$ & $0.572609$ & $0.537327$ & $0.486735$ & $0.465833$ & $-0.054864$ & $0.451608$ & $0.585045$ & $-0.279533$ & $-0.0741244$ & $0.16777$ & $-0.0507431$ & $-0.0429523$ & $0.0136545$ & $0.0782069$ & $-0.0401929$ & $-0.181546$ & $-0.0451801$ & $0.0749227$ & $-0.0293103$ & $0.0238164$ & $0.00172301$ & $-0.0150578$ & $-0.0317911$ & $0.00961539$ & $0.0624274$ & $-0.0203464$ & $-0.0114439$ & $-0.0488502$ & $0.0457398$ & $-0.00919247$ & $0.00499029$ \\
CHL1_22 & $-0.00357214$ & $-0.00826051$ & $0.0628782$ & $-0.00766127$ & $-0.0011316$ & $-0.0924242$ & $0.00977702$ & $0.313387$ & $0.312169$ & $-0.115917$ & $-0.424347$ & $0.0241353$ & $0.0625886$ & $0.26192$ & $1$ & $0.473452$ & $0.146259$ & $-0.471853$ & $-0.0735334$ & $0.492797$ & $0.343521$ & $0.326491$ & $-0.135217$ & $0.0941085$ & $-0.155452$ & $-0.221974$ & $-0.376592$ & $0.0809977$ & $0.0139012$ & $0.000957396$ & $0.0489963$ & $0.0211228$ & $0.025604$ & $-0.580105$ & $0.0324173$ & $-0.0408385$ & $-0.0305062$ & $-0.00639677$ & $-0.0976624$ & $-0.0186457$ & $0.0770028$ & $0.0412032$ & $0.0465358$ & $0.00206733$ & $-0.0205825$ & $-0.00586122$ & $0.0149176$ & $-0.0298666$ & $-0.0533802$ \\
CHL1_33 & $0.0438403$ & $0.0221151$ & $0.00745775$ & $-0.0159045$ & $-0.0140147$ & $-0.0850643$ & $-0.0143029$ & $0.331769$ & $0.328523$ & $-0.153725$ & $-0.432287$ & $0.057679$ & $0.106767$ & $0.241274$ & $0.473452$ & $1$ & $0.122953$ & $-0.0815224$ & $-0.484854$ & $0.501149$ & $0.352915$ & $0.366604$ & $-0.164165$ & $0.0531872$ & $-0.203603$ & $-0.223327$ & $-0.404912$ & $0.141853$ & $-0.0131228$ & $0.00802328$ & $0.00270768$ & $8.46876e-05$ & $0.0237314$ & $-0.0908355$ & $0.0513145$ & $0.0593954$ & $-0.060764$ & $-0.0369316$ & $-0.00376815$ & $-0.01012$ & $-0.00678953$ & $0.0178306$ & $-0.00288933$ & $0.0131401$ & $-0.0429813$ & $-0.0515527$ & $-0.0176331$ & $-0.105316$ & $0.00647437$ \\
CHL3_11 & $-0.00142586$ & $0.00911468$ & $0.0241153$ & $-0.0666404$ & $-0.00648545$ & $-0.274725$ & $0.0974075$ & $-0.234225$ & $-0.230598$ & $0.453219$ & $-0.199092$ & $-0.307501$ & $-0.353782$ & $0.647807$ & $0.146259$ & $0.122953$ & $1$ & $0.728967$ & $0.72423$ & $0.218038$ & $0.171077$ & $0.161278$ & $-0.0811157$ & $0.677055$ & $0.764686$ & $-0.0863571$ & $-0.162973$ & $0.0295441$ & $-0.0583945$ & $-0.0805217$ & $-0.0197746$ & $0.0684074$ & $-0.115363$ & $-0.23778$ & $-0.0266336$ & $0.0711029$ & $-0.00841529$ & $-0.0133843$ & $-0.0432035$ & $0.017529$ & $-0.0265563$ & $-0.0251372$ & $0.0478515$ & $-0.0262057$ & $-0.00368952$ & $0.00607278$ & $0.0585981$ & $0.0418038$ & $-0.0304319$ \\
CHL3_22 & $-0.0275577$ & $0.0172816$ & $-0.016367$ & $-0.0671368$ & $0.00143047$ & $-0.0519101$ & $0.093554$ & $-0.430762$ & $-0.423042$ & $0.477867$ & $0.0849961$ & $-0.27803$ & $-0.354994$ & $0.580505$ & $-0.471853$ & $-0.0815224$ & $0.728967$ & $1$ & $0.677073$ & $-0.0916714$ & $-0.0759159$ & $-0.0732959$ & $-0.0126566$ & $0.612979$ & $0.786175$ & $0.0611411$ & $-0.0139417$ & $-0.0164866$ & $-0.060809$ & $-0.0625833$ & $-0.0462093$ & $0.0648252$ & $-0.102702$ & $0.0493322$ & $-0.0563612$ & $0.105616$ & $-0.00938624$ & $-0.00617732$ & $0.0416453$ & $0.0115742$ & $-0.0824602$ & $-0.0395393$ & $0.0116439$ & $-0.0256899$ & $0.0139454$ & $-0.00963809$ & $0.0504614$ & $0.0478403$ & $0.0105997$ \\
CHL3_33 & $-0.0643003$ & $-0.00374556$ & $0.0201918$ & $-0.0685264$ & $0.0139477$ & $-0.0438176$ & $0.104578$ & $-0.443788$ & $-0.43577$ & $0.500588$ & $0.102033$ & $-0.29957$ & $-0.386372$ & $0.572609$ & $-0.0735334$ & $-0.484854$ & $0.72423$ & $0.677073$ & $1$ & $-0.110294$ & $-0.0908019$ & $-0.0890339$ & $0.0158864$ & $0.625155$ & $0.812593$ & $0.0715083$ & $0.0249317$ & $-0.0679996$ & $-0.0356871$ & $-0.0665915$ & $-0.0117097$ & $0.0755822$ & $-0.106412$ & $-0.324285$ & $-0.0708627$ & $0.0295472$ & $0.0224329$ & $0.024527$ & $-0.0256301$ & $0.00449839$ & $-0.0250499$ & $-0.0273293$ & $0.0424402$ & $-0.0290601$ & $0.0304391$ & $0.0294377$ & $0.067827$ & $0.108871$ & $-0.047344$ \\
CHe_11 & $0.0197145$ & $-0.016841$ & $0.00856857$ & $0.00682017$ & $-0.0152812$ & $-0.21374$ & $-0.0119433$ & $0.863033$ & $0.853567$ & $-0.335689$ & $-0.990233$ & $-0.0835452$ & $0.175437$ & $0.537327$ & $0.492797$ & $0.501149$ & $0.218038$ & $-0.0916714$ & $-0.110294$ & $1$ & $0.97259$ & $0.951181$ & $-0.00708309$ & $-0.265221$ & $-0.0400836$ & $-0.550872$ & $0.228601$ & $0.34791$ & $-0.0360479$ & $0.0121184$ & $0.0650009$ & $-0.00550195$ & $0.0552634$ & $0.299816$ & $0.0214863$ & $0.0474464$ & $-0.00636787$ & $0.0365652$ & $-0.0345061$ & $-0.000311684$ & $0.00747143$ & $0.0145912$ & $0.0462269$ & $0.0118751$ & $-0.0560958$ & $-0.0689179$ & $-0.0220709$ & $-0.0962281$ & $0.0402282$ \\
CHe_22 & $0.0185208$ & $-0.0184146$ & $0.0049282$ & $0.0132777$ & $-0.0189147$ & $-0.219845$ & $-0.0199785$ & $0.905075$ & $0.893781$ & $-0.359406$ & $-0.99193$ & $-0.101423$ & $0.187351$ & $0.486735$ & $0.343521$ & $0.352915$ & $0.171077$ & $-0.0759159$ & $-0.0908019$ & $0.97259$ & $1$ & $0.974905$ & $0.0389959$ & $-0.367448$ & $-0.0412709$ & $-0.557593$ & $0.387273$ & $0.358893$ & $-0.0369414$ & $0.012094$ & $0.0624629$ & $-0.0159326$ & $0.0556044$ & $0.463529$ & $0.0185706$ & $0.0381746$ & $0.00896987$ & $0.0475258$ & $-0.0195573$ & $0.00534101$ & $-0.000550596$ & $0.0156833$ & $0.0473328$ & $0.010547$ & $-0.0551543$ & $-0.0689669$ & $-0.0316678$ & $-0.0937539$ & $0.0544996$ \\
CHe_33 & $0.0141387$ & $-0.0219931$ & $-0.00146047$ & $-0.00151659$ & $-0.010108$ & $-0.210977$ & $-0.0322165$ & $0.888472$ & $0.877342$ & $-0.359759$ & $-0.96942$ & $-0.0963992$ & $0.185643$ & $0.465833$ & $0.326491$ & $0.366604$ & $0.161278$ & $-0.0732959$ & $-0.0890339$ & $0.951181$ & $0.974905$ & $1$ & $0.041861$ & $-0.368992$ & $-0.0432975$ & $-0.544907$ & $0.384757$ & $0.346824$ & $-0.034597$ & $0.020376$ & $0.0657556$ & $-0.02509$ & $0.0602505$ & $0.466662$ & $0.013314$ & $0.0320327$ & $0.00759748$ & $0.0540364$ & $-0.013227$ & $-0.00459598$ & $-0.0169336$ & $-0.00155473$ & $0.0398733$ & $0.00819878$ & $-0.0649393$ & $-0.0626978$ & $-0.0304315$ & $-0.0950913$ & $0.0482054$ \\
CHQ1_11 & $-0.0615105$ & $-0.067282$ & $0.0262236$ & $-0.0364364$ & $-0.00876017$ & $0.0154262$ & $0.0140518$ & $0.0670109$ & $0.0658781$ & $-0.0948762$ & $-0.0159808$ & $-0.0172623$ & $0.0447626$ & $-0.054864$ & $-0.135217$ & $-0.164165$ & $-0.0811157$ & $-0.0126566$ & $0.0158864$ & $-0.00708309$ & $0.0389959$ & $0.041861$ & $1$ & $-0.131849$ & $0.0899358$ & $-0.682887$ & $0.329345$ & $-0.000226066$ & $-0.0273921$ & $0.0302396$ & $0.0560774$ & $0.0294615$ & $0.0556397$ & $0.161542$ & $0.0575138$ & $-0.0473582$ & $-0.0400245$ & $0.046142$ & $0.04715$ & $0.0205633$ & $0.02253$ & $0.0154669$ & $-0.0121587$ & $-0.00859339$ & $0.0278702$ & $-0.0101977$ & $-0.0210733$ & $-0.0168324$ & $0.0238663$ \\
CHQ1_33 & $-0.0904692$ & $0.00699583$ & $0.0613273$ & $-0.0717369$ & $0.0122282$ & $0.00727821$ & $0.103058$ & $-0.663364$ & $-0.649908$ & $0.556605$ & $0.317151$ & $-0.178292$ & $-0.37516$ & $0.451608$ & $0.0941085$ & $0.0531872$ & $0.677055$ & $0.612979$ & $0.625155$ & $-0.265221$ & $-0.367448$ & $-0.368992$ & $-0.131849$ & $1$ & $0.628152$ & $0.209027$ & $-0.434005$ & $-0.044472$ & $-0.0217394$ & $-0.061745$ & $-0.0508267$ & $0.0845997$ & $-0.0982838$ & $-0.624745$ & $-0.0511906$ & $0.0101094$ & $-0.0349634$ & $-0.0109309$ & $-0.0193872$ & $0.00221213$ & $-0.0322447$ & $-0.0171594$ & $0.0300798$ & $-0.0829159$ & $0.0144657$ & $0.0216609$ & $0.0753148$ & $0.0691822$ & $-0.0407732$ \\
CHQ3_11 & $-0.113237$ & $0.00171116$ & $0.017661$ & $-0.0662837$ & $0.00965665$ & $-0.0827326$ & $0.104641$ & $-0.399324$ & $-0.390331$ & $0.467493$ & $0.0418368$ & $-0.28146$ & $-0.357758$ & $0.585045$ & $-0.155452$ & $-0.203603$ & $0.764686$ & $0.786175$ & $0.812593$ & $-0.0400836$ & $-0.0412709$ & $-0.0432975$ & $0.0899358$ & $0.628152$ & $1$ & $0.0373691$ & $0.208821$ & $-0.0319925$ & $-0.0615072$ & $-0.0504834$ & $-0.00806715$ & $0.078108$ & $-0.0971793$ & $-0.192564$ & $-0.0400722$ & $0.0478005$ & $-0.00202894$ & $0.0170071$ & $-0.0130203$ & $-0.00085658$ & $-0.0335647$ & $-0.0278129$ & $0.0257504$ & $-0.0555649$ & $0.0336946$ & $0.0104219$ & $0.0519216$ & $0.0968776$ & $-0.0289996$ \\
CHu_11 & $0.0119466$ & $0.0575881$ & $-0.0337822$ & $0.00165571$ & $0.0222981$ & $0.109318$ & $-0.00609127$ & $-0.511491$ & $-0.505511$ & $0.245408$ & $0.559427$ & $0.0620658$ & $-0.125959$ & $-0.279533$ & $-0.221974$ & $-0.223327$ & $-0.0863571$ & $0.0611411$ & $0.0715083$ & $-0.550872$ & $-0.557593$ & $-0.544907$ & $-0.682887$ & $0.209027$ & $0.0373691$ & $1$ & $-0.161227$ & $-0.191152$ & $0.0357447$ & $-0.0267675$ & $-0.105949$ & $-0.0184542$ & $-0.0740756$ & $-0.23476$ & $-0.0281181$ & $0.024127$ & $0.0375909$ & $-0.0585242$ & $-0.00222006$ & $-0.00704322$ & $-0.0126744$ & $-0.0354375$ & $0.0038423$ & $-0.0154903$ & $0.0223959$ & $0.046916$ & $-0.0128127$ & $0.0852304$ & $-0.048917$ \\
CHd_11 & $-0.0117987$ & $-0.0245565$ & $-0.0264176$ & $0.0455639$ & $0.00925057$ & $-0.0892992$ & $-0.034018$ & $0.4346$ & $0.428115$ & $-0.247746$ & $-0.307515$ & $-0.0439067$ & $0.141212$ & $-0.0741244$ & $-0.376592$ & $-0.404912$ & $-0.162973$ & $-0.0139417$ & $0.0249317$ & $0.228601$ & $0.387273$ & $0.384757$ & $0.329345$ & $-0.434005$ & $0.208821$ & $-0.161227$ & $1$ & $0.141012$ & $-0.0308607$ & $0.0282421$ & $0.032628$ & $-0.0375898$ & $0.0314618$ & $0.679828$ & $0.00109503$ & $-0.0101677$ & $0.0539453$ & $0.080928$ & $0.00460125$ & $0.0106157$ & $-0.00788254$ & $-0.0207216$ & $0.0229704$ & $-0.0280537$ & $-0.00133575$ & $-0.0357769$ & $-0.0442152$ & $-0.00442977$ & $0.0367166$ \\
CHd_33 & $0.0391397$ & $-0.0711606$ & $0.0104126$ & $0.00641619$ & $-0.0291778$ & $-0.0465848$ & $0.0213187$ & $0.335661$ & $0.332461$ & $-0.158545$ & $-0.35682$ & $-0.0175977$ & $0.113504$ & $0.16777$ & $0.0809977$ & $0.141853$ & $0.0295441$ & $-0.0164866$ & $-0.0679996$ & $0.34791$ & $0.358893$ & $0.346824$ & $-0.000226066$ & $-0.044472$ & $-0.0319925$ & $-0.191152$ & $0.141012$ & $1$ & $-0.012665$ & $-0.0158458$ & $0.01709$ & $0.0328397$ & $0.0452354$ & $0.202794$ & $0.0168405$ & $0.0348638$ & $-0.00138173$ & $0.0347184$ & $0.0132401$ & $0.0283331$ & $-0.0137153$ & $0.000493207$ & $-0.0113702$ & $-0.00141263$ & $-0.0210105$ & $-0.0317776$ & $-0.00767482$ & $-0.0540667$ & $0.0259295$ \\
CeH_22r & $0.0307606$ & $0.0241977$ & $0.0157224$ & $-0.0170949$ & $-0.0442623$ & $0.00419037$ & $-0.00670682$ & $-0.012184$ & $-0.00876496$ & $0.00683413$ & $0.0373447$ & $0.0826455$ & $0.0784286$ & $-0.0507431$ & $0.0139012$ & $-0.0131228$ & $-0.0583945$ & $-0.060809$ & $-0.0356871$ & $-0.0360479$ & $-0.0369414$ & $-0.034597$ & $-0.0273921$ & $-0.0217394$ & $-0.0615072$ & $0.0357447$ & $-0.0308607$ & $-0.012665$ & $1$ & $0.0269592$ & $0.0573145$ & $-0.019174$ & $0.0277704$ & $-0.0270076$ & $0.00561174$ & $0.0351819$ & $-0.00481105$ & $0.0206218$ & $-0.0353778$ & $0.0411332$ & $0.115109$ & $-0.0182348$ & $-0.0361481$ & $0.0700994$ & $-0.0867425$ & $0.0104633$ & $0.016758$ & $-0.0296748$ & $-0.0395845$ \\
CeH_33r & $-0.0536664$ & $-0.00448608$ & $0.0455855$ & $-0.000301967$ & $-0.0116083$ & $0.00195016$ & $-0.151001$ & $0.0413954$ & $0.0581665$ & $-0.130852$ & $-0.00896961$ & $0.299985$ & $0.25084$ & $-0.0429523$ & $0.000957396$ & $0.00802328$ & $-0.0805217$ & $-0.0625833$ & $-0.0665915$ & $0.0121184$ & $0.012094$ & $0.020376$ & $0.0302396$ & $-0.061745$ & $-0.0504834$ & $-0.0267675$ & $0.0282421$ & $-0.0158458$ & $0.0269592$ & $1$ & $0.320046$ & $0.0178643$ & $0.694447$ & $0.0238265$ & $0.0554903$ & $-0.0310143$ & $-0.122$ & $0.0313726$ & $0.00226156$ & $0.0163197$ & $0.0567988$ & $-0.00593616$ & $0.0091647$ & $-0.000657804$ & $0.00749324$ & $-0.0093096$ & $-0.00629932$ & $-0.0657855$ & $-0.0372525$ \\
CuH_22r & $0.028362$ & $-0.0324542$ & $-0.0103757$ & $0.0172287$ & $0.00684888$ & $-0.0201893$ & $-0.0940984$ & $0.0668569$ & $0.0755487$ & $-0.0992705$ & $-0.0621864$ & $0.0921974$ & $0.11407$ & $0.0136545$ & $0.0489963$ & $0.00270768$ & $-0.0197746$ & $-0.0462093$ & $-0.0117097$ & $0.0650009$ & $0.0624629$ & $0.0657556$ & $0.0560774$ & $-0.0508267$ & $-0.00806715$ & $-0.105949$ & $0.032628$ & $0.01709$ & $0.0573145$ & $0.320046$ & $1$ & $-0.00607857$ & $0.383174$ & $0.0050347$ & $-0.0465959$ & $-0.0119386$ & $0.000523468$ & $-0.0236209$ & $-0.110492$ & $-0.00750322$ & $0.044584$ & $0.0609188$ & $-0.0315432$ & $0.0421532$ & $-0.00304197$ & $0.0170094$ & $0.307438$ & $0.0198583$ & $-0.0165451$ \\
CuH_33r & $-0.0648004$ & $-0.0429772$ & $0.0945018$ & $0.0218419$ & $-0.000975969$ & $0.0467752$ & $0.929582$ & $-0.0501204$ & $-0.0157704$ & $0.0328502$ & $0.0100669$ & $-0.135012$ & $-0.225806$ & $0.0782069$ & $0.0211228$ & $8.46876e-05$ & $0.0684074$ & $0.0648252$ & $0.0755822$ & $-0.00550195$ & $-0.0159326$ & $-0.02509$ & $0.0294615$ & $0.0845997$ & $0.078108$ & $-0.0184542$ & $-0.0375898$ & $0.0328397$ & $-0.019174$ & $0.0178643$ & $-0.00607857$ & $1$ & $0.0363257$ & $-0.0671008$ & $0.0865112$ & $0.0402387$ & $0.0440086$ & $-0.0288407$ & $0.00220125$ & $-0.000624056$ & $-0.0351633$ & $-0.0074888$ & $0.0412522$ & $-0.0766341$ & $-0.0407199$ & $0.106016$ & $0.021792$ & $0.0629494$ & $-0.0346018$ \\
CdH_33r & $-0.0945082$ & $-0.113039$ & $0.0680486$ & $-0.0142886$ & $-0.021598$ & $0.00489103$ & $-0.161344$ & $0.0994309$ & $0.122632$ & $-0.174237$ & $-0.0538835$ & $0.381506$ & $0.351906$ & $-0.0401929$ & $0.025604$ & $0.0237314$ & $-0.115363$ & $-0.102702$ & $-0.106412$ & $0.0552634$ & $0.0556044$ & $0.0602505$ & $0.0556397$ & $-0.0982838$ & $-0.0971793$ & $-0.0740756$ & $0.0314618$ & $0.0452354$ & $0.0277704$ & $0.694447$ & $0.383174$ & $0.0363257$ & $1$ & $0.0439243$ & $0.0653143$ & $-0.0716429$ & $-0.131988$ & $-0.0592186$ & $0.00866751$ & $-0.0172364$ & $0.0134038$ & $0.00529986$ & $0.00728529$ & $-0.0261734$ & $0.0412839$ & $-0.00849164$ & $-0.0484098$ & $-0.00773622$ & $0.270218$ \\
CLL_1221 & $0.0523164$ & $0.0074814$ & $-0.0614455$ & $0.0546941$ & $-0.0189479$ & $-0.139148$ & $-0.0666529$ & $0.563226$ & $0.551399$ & $-0.346594$ & $-0.382135$ & $0.00231117$ & $0.220185$ & $-0.181546$ & $-0.580105$ & $-0.0908355$ & $-0.23778$ & $0.0493322$ & $-0.324285$ & $0.299816$ & $0.463529$ & $0.466662$ & $0.161542$ & $-0.624745$ & $-0.192564$ & $-0.23476$ & $0.679828$ & $0.202794$ & $-0.0270076$ & $0.0238265$ & $0.0050347$ & $-0.0671008$ & $0.0439243$ & $1$ & $0.00772417$ & $0.0418208$ & $0.0379132$ & $0.0389126$ & $0.0587202$ & $0.0234408$ & $-0.0525333$ & $-0.021014$ & $-0.0134872$ & $0.0166487$ & $-0.0375732$ & $-0.0457155$ & $-0.0662074$ & $-0.0702654$ & $0.087195$ \\
eHggint & $-0.045453$ & $-0.197048$ & $0.142635$ & $-0.0867452$ & $-0.0140022$ & $0.0375874$ & $0.00264671$ & $0.0390283$ & $0.020773$ & $-0.0300809$ & $-0.0188454$ & $0.07215$ & $0.0479432$ & $-0.0451801$ & $0.0324173$ & $0.0513145$ & $-0.0266336$ & $-0.0563612$ & $-0.0708627$ & $0.0214863$ & $0.0185706$ & $0.013314$ & $0.0575138$ & $-0.0511906$ & $-0.0400722$ & $-0.0281181$ & $0.00109503$ & $0.0168405$ & $0.00561174$ & $0.0554903$ & $-0.0465959$ & $0.0865112$ & $0.0653143$ & $0.00772417$ & $1$ & $-0.122788$ & $-0.219356$ & $0.0287938$ & $0.244014$ & $0.00205714$ & $0.0449899$ & $-0.030588$ & $-0.18993$ & $0.0590457$ & $0.208944$ & $0.0710222$ & $-0.230216$ & $0.087579$ & $-0.0261109$ \\
eHggpar & $0.195772$ & $0.297352$ & $-0.206696$ & $0.214089$ & $-0.0320411$ & $0.0294824$ & $0.0482497$ & $-0.000996544$ & $0.00417746$ & $0.0116466$ & $-0.0408842$ & $-0.048455$ & $-0.0519081$ & $0.0749227$ & $-0.0408385$ & $0.0593954$ & $0.0711029$ & $0.105616$ & $0.0295472$ & $0.0474464$ & $0.0381746$ & $0.0320327$ & $-0.0473582$ & $0.0101094$ & $0.0478005$ & $0.024127$ & $-0.0101677$ & $0.0348638$ & $0.0351819$ & $-0.0310143$ & $-0.0119386$ & $0.0402387$ & $-0.0716429$ & $0.0418208$ & $-0.122788$ & $1$ & $-0.0802551$ & $-0.00861213$ & $-0.0752577$ & $-0.0525733$ & $0.233754$ & $-0.0109991$ & $0.0158307$ & $0.284159$ & $0.0098266$ & $-0.32243$ & $0.0737551$ & $0.169369$ & $-0.148724$ \\
eHWWint & $0.0732234$ & $-0.174557$ & $-0.0917839$ & $0.161358$ & $0.0469304$ & $-0.0390091$ & $0.0676898$ & $0.0167331$ & $0.00467764$ & $0.000540243$ & $-0.00287229$ & $-0.00119357$ & $0.0235245$ & $-0.0293103$ & $-0.0305062$ & $-0.060764$ & $-0.00841529$ & $-0.00938624$ & $0.0224329$ & $-0.00636787$ & $0.00896987$ & $0.00759748$ & $-0.0400245$ & $-0.0349634$ & $-0.00202894$ & $0.0375909$ & $0.0539453$ & $-0.00138173$ & $-0.00481105$ & $-0.122$ & $0.000523468$ & $0.0440086$ & $-0.131988$ & $0.0379132$ & $-0.219356$ & $-0.0802551$ & $1$ & $-0.0105918$ & $0.0520882$ & $-0.0147063$ & $0.123563$ & $0.00713808$ & $-0.0346485$ & $-0.0814062$ & $-0.115374$ & $0.153377$ & $0.229837$ & $0.346723$ & $-0.072361$ \\
eHWWpar & $0.045563$ & $0.114689$ & $0.0498622$ & $-0.00700976$ & $0.0409116$ & $-0.00100702$ & $-0.0402659$ & $0.0447991$ & $0.0329041$ & $-0.0185427$ & $-0.0408194$ & $0.0118828$ & $0.0744056$ & $0.0238164$ & $-0.00639677$ & $-0.0369316$ & $-0.0133843$ & $-0.00617732$ & $0.024527$ & $0.0365652$ & $0.0475258$ & $0.0540364$ & $0.046142$ & $-0.0109309$ & $0.0170071$ & $-0.0585242$ & $0.080928$ & $0.0347184$ & $0.0206218$ & $0.0313726$ & $-0.0236209$ & $-0.0288407$ & $-0.0592186$ & $0.0389126$ & $0.0287938$ & $-0.00861213$ & $-0.0105918$ & $1$ & $0.0573733$ & $0.0221257$ & $0.0788412$ & $0.00854125$ & $-0.0547115$ & $-0.00675697$ & $-0.121381$ & $0.0187686$ & $0.028192$ & $-0.0175041$ & $-0.0802416$ \\
eHZZint & $-0.182453$ & $-0.0220754$ & $0.092658$ & $-0.219851$ & $-0.0349227$ & $0.0407631$ & $-0.0271148$ & $-0.0124274$ & $-0.0182963$ & $-0.0382744$ & $0.0268134$ & $-0.0177883$ & $-0.0156788$ & $0.00172301$ & $-0.0976624$ & $-0.00376815$ & $-0.0432035$ & $0.0416453$ & $-0.0256301$ & $-0.0345061$ & $-0.0195573$ & $-0.013227$ & $0.04715$ & $-0.0193872$ & $-0.0130203$ & $-0.00222006$ & $0.00460125$ & $0.0132401$ & $-0.0353778$ & $0.00226156$ & $-0.110492$ & $0.00220125$ & $0.00866751$ & $0.0587202$ & $0.244014$ & $-0.0752577$ & $0.0520882$ & $0.0573733$ & $1$ & $0.0104126$ & $-0.203527$ & $0.0162008$ & $-0.164262$ & $-0.0194769$ & $0.0489686$ & $-0.2365$ & $-0.21066$ & $-3.78909e-05$ & $0.0722112$ \\
eHZZpar & $0.0313928$ & $0.098153$ & $-0.0866408$ & $-0.0197761$ & $0.00756429$ & $-0.00427628$ & $-0.00610877$ & $-0.00126356$ & $-0.00337901$ & $-0.00184468$ & $-0.000584983$ & $-0.00116017$ & $0.00467573$ & $-0.0150578$ & $-0.0186457$ & $-0.01012$ & $0.017529$ & $0.0115742$ & $0.00449839$ & $-0.000311684$ & $0.00534101$ & $-0.00459598$ & $0.0205633$ & $0.00221213$ & $-0.00085658$ & $-0.00704322$ & $0.0106157$ & $0.0283331$ & $0.0411332$ & $0.0163197$ & $-0.00750322$ & $-0.000624056$ & $-0.0172364$ & $0.0234408$ & $0.00205714$ & $-0.0525733$ & $-0.0147063$ & $0.0221257$ & $0.0104126$ & $1$ & $0.0315778$ & $-0.0263906$ & $0.00156187$ & $0.0310496$ & $-0.00854727$ & $0.0483094$ & $-0.0900678$ & $-0.124185$ & $-0.0494761$ \\
eHZgaint & $0.0937882$ & $0.0655238$ & $0.0185475$ & $0.222241$ & $-0.00778807$ & $0.0388261$ & $-0.0628088$ & $0.0140018$ & $0.0142919$ & $-0.0437259$ & $-0.00138716$ & $0.0515255$ & $0.09426$ & $-0.0317911$ & $0.0770028$ & $-0.00678953$ & $-0.0265563$ & $-0.0824602$ & $-0.0250499$ & $0.00747143$ & $-0.000550596$ & $-0.0169336$ & $0.02253$ & $-0.0322447$ & $-0.0335647$ & $-0.0126744$ & $-0.00788254$ & $-0.0137153$ & $0.115109$ & $0.0567988$ & $0.044584$ & $-0.0351633$ & $0.0134038$ & $-0.0525333$ & $0.0449899$ & $0.233754$ & $0.123563$ & $0.0788412$ & $-0.203527$ & $0.0315778$ & $1$ & $0.00560399$ & $0.0709587$ & $0.134035$ & $-0.0306208$ & $0.0700246$ & $0.138973$ & $0.143497$ & $-0.194663$ \\
eHZgapar & $-0.0258882$ & $-0.0713585$ & $0.0254056$ & $-0.0180576$ & $-0.0109727$ & $0.0115491$ & $-0.00494645$ & $0.0232844$ & $0.0214505$ & $-0.0171694$ & $-0.0152992$ & $-0.00240807$ & $0.00502588$ & $0.00961539$ & $0.0412032$ & $0.0178306$ & $-0.0251372$ & $-0.0395393$ & $-0.0273293$ & $0.0145912$ & $0.0156833$ & $-0.00155473$ & $0.0154669$ & $-0.0171594$ & $-0.0278129$ & $-0.0354375$ & $-0.0207216$ & $0.000493207$ & $-0.0182348$ & $-0.00593616$ & $0.0609188$ & $-0.0074888$ & $0.00529986$ & $-0.021014$ & $-0.030588$ & $-0.0109991$ & $0.00713808$ & $0.00854125$ & $0.0162008$ & $-0.0263906$ & $0.00560399$ & $1$ & $0.0688919$ & $-0.0255154$ & $-0.0106334$ & $-0.0384234$ & $0.163466$ & $0.0285647$ & $0.00697838$ \\
eHgagaint & $0.128087$ & $0.157592$ & $0.114891$ & $-0.0806206$ & $-0.0200971$ & $0.0039629$ & $0.048239$ & $0.0236454$ & $0.0752524$ & $0.00442918$ & $-0.0479502$ & $-0.00833621$ & $0.0226844$ & $0.0624274$ & $0.0465358$ & $-0.00288933$ & $0.0478515$ & $0.0116439$ & $0.0424402$ & $0.0462269$ & $0.0473328$ & $0.0398733$ & $-0.0121587$ & $0.0300798$ & $0.0257504$ & $0.0038423$ & $0.0229704$ & $-0.0113702$ & $-0.0361481$ & $0.0091647$ & $-0.0315432$ & $0.0412522$ & $0.00728529$ & $-0.0134872$ & $-0.18993$ & $0.0158307$ & $-0.0346485$ & $-0.0547115$ & $-0.164262$ & $0.00156187$ & $0.0709587$ & $0.0688919$ & $1$ & $-0.0909016$ & $-0.0819246$ & $-0.187382$ & $0.0116642$ & $-0.176956$ & $-0.026708$ \\
eHmumuint & $0.236656$ & $0.169945$ & $0.114239$ & $-0.103368$ & $-0.035331$ & $-0.0170261$ & $-0.0792908$ & $0.0183765$ & $0.0115676$ & $0.0116591$ & $-0.00845427$ & $0.0145228$ & $0.00529056$ & $-0.0203464$ & $0.00206733$ & $0.0131401$ & $-0.0262057$ & $-0.0256899$ & $-0.0290601$ & $0.0118751$ & $0.010547$ & $0.00819878$ & $-0.00859339$ & $-0.0829159$ & $-0.0555649$ & $-0.0154903$ & $-0.0280537$ & $-0.00141263$ & $0.0700994$ & $-0.000657804$ & $0.0421532$ & $-0.0766341$ & $-0.0261734$ & $0.0166487$ & $0.0590457$ & $0.284159$ & $-0.0814062$ & $-0.00675697$ & $-0.0194769$ & $0.0310496$ & $0.134035$ & $-0.0255154$ & $-0.0909016$ & $1$ & $0.0919326$ & $0.0422632$ & $0.0383557$ & $-0.0803951$ & $0.00920405$ \\
eHtautauint & $-0.015593$ & $-0.218935$ & $-0.0375444$ & $0.0995289$ & $-0.0117185$ & $0.0266872$ & $-0.0458141$ & $-0.0538071$ & $-0.0621924$ & $-0.000249336$ & $0.0548046$ & $-0.0818597$ & $-0.0856791$ & $-0.0114439$ & $-0.0205825$ & $-0.0429813$ & $-0.00368952$ & $0.0139454$ & $0.0304391$ & $-0.0560958$ & $-0.0551543$ & $-0.0649393$ & $0.0278702$ & $0.0144657$ & $0.0336946$ & $0.0223959$ & $-0.00133575$ & $-0.0210105$ & $-0.0867425$ & $0.00749324$ & $-0.00304197$ & $-0.0407199$ & $0.0412839$ & $-0.0375732$ & $0.208944$ & $0.0098266$ & $-0.115374$ & $-0.121381$ & $0.0489686$ & $-0.00854727$ & $-0.0306208$ & $-0.0106334$ & $-0.0819246$ & $0.0919326$ & $1$ & $0.129496$ & $-0.182282$ & $0.103033$ & $0.16621$ \\
eHccint & $-0.173936$ & $-0.169709$ & $0.101547$ & $-0.320215$ & $-0.0108156$ & $-0.0232993$ & $0.0936112$ & $-0.0620283$ & $-0.076251$ & $0.0642495$ & $0.0693741$ & $-0.0107248$ & $-0.0508016$ & $-0.0488502$ & $-0.00586122$ & $-0.0515527$ & $0.00607278$ & $-0.00963809$ & $0.0294377$ & $-0.0689179$ & $-0.0689669$ & $-0.0626978$ & $-0.0101977$ & $0.0216609$ & $0.0104219$ & $0.046916$ & $-0.0357769$ & $-0.0317776$ & $0.0104633$ & $-0.0093096$ & $0.0170094$ & $0.106016$ & $-0.00849164$ & $-0.0457155$ & $0.0710222$ & $-0.32243$ & $0.153377$ & $0.0187686$ & $-0.2365$ & $0.0483094$ & $0.0700246$ & $-0.0384234$ & $-0.187382$ & $0.0422632$ & $0.129496$ & $1$ & $-0.0983397$ & $0.200338$ & $0.0323919$ \\
eHccpar & $0.149731$ & $-0.126087$ & $-0.0764307$ & $0.0951455$ & $0.0336634$ & $0.00434034$ & $0.0397383$ & $-0.0562421$ & $-0.0491518$ & $0.0603786$ & $0.0242163$ & $-0.00613976$ & $-0.0161006$ & $0.0457398$ & $0.0149176$ & $-0.0176331$ & $0.0585981$ & $0.0504614$ & $0.067827$ & $-0.0220709$ & $-0.0316678$ & $-0.0304315$ & $-0.0210733$ & $0.0753148$ & $0.0519216$ & $-0.0128127$ & $-0.0442152$ & $-0.00767482$ & $0.016758$ & $-0.00629932$ & $0.307438$ & $0.021792$ & $-0.0484098$ & $-0.0662074$ & $-0.230216$ & $0.0737551$ & $0.229837$ & $0.028192$ & $-0.21066$ & $-0.0900678$ & $0.138973$ & $0.163466$ & $0.0116642$ & $0.0383557$ & $-0.182282$ & $-0.0983397$ & $1$ & $0.107774$ & $-0.13523$ \\
eHbbint & $-0.202559$ & $-0.0183535$ & $-0.161617$ & $0.0992744$ & $0.00396536$ & $0.0487372$ & $0.06155$ & $-0.113093$ & $-0.129348$ & $0.0461992$ & $0.0974189$ & $-0.0606604$ & $-0.0880571$ & $-0.00919247$ & $-0.0298666$ & $-0.105316$ & $0.0418038$ & $0.0478403$ & $0.108871$ & $-0.0962281$ & $-0.0937539$ & $-0.0950913$ & $-0.0168324$ & $0.0691822$ & $0.0968776$ & $0.0852304$ & $-0.00442977$ & $-0.0540667$ & $-0.0296748$ & $-0.0657855$ & $0.0198583$ & $0.0629494$ & $-0.00773622$ & $-0.0702654$ & $0.087579$ & $0.169369$ & $0.346723$ & $-0.0175041$ & $-3.78909e-05$ & $-0.124185$ & $0.143497$ & $0.0285647$ & $-0.176956$ & $-0.0803951$ & $0.103033$ & $0.200338$ & $0.107774$ & $1$ & $-0.0624825$ \\
eHbbpar & $-0.142184$ & $-0.214634$ & $0.0583761$ & $-0.115016$ & $-0.0162988$ & $-0.0118463$ & $-0.00155633$ & $0.0640819$ & $0.0668784$ & $-0.033272$ & $-0.0490633$ & $-0.0475322$ & $0.00075235$ & $0.00499029$ & $-0.0533802$ & $0.00647437$ & $-0.0304319$ & $0.0105997$ & $-0.047344$ & $0.0402282$ & $0.0544996$ & $0.0482054$ & $0.0238663$ & $-0.0407732$ & $-0.0289996$ & $-0.048917$ & $0.0367166$ & $0.0259295$ & $-0.0395845$ & $-0.0372525$ & $-0.0165451$ & $-0.0346018$ & $0.270218$ & $0.087195$ & $-0.0261109$ & $-0.148724$ & $-0.072361$ & $-0.0802416$ & $0.0722112$ & $-0.0494761$ & $-0.194663$ & $0.00697838$ & $-0.026708$ & $0.00920405$ & $0.16621$ & $0.0323919$ & $-0.13523$ & $-0.0624825$ & $1$ \\
