 & AlsMz & dAle5Mz & mtop & mHl & Mz & CW & CHG & CHWB & CHWHB_gaga & CHWHB_gagaorth & CHD & CHbox & CH & CHL1_11 & CHL1_22 & CHL1_33 & CHL3_11 & CHL3_22 & CHL3_33 & CHe_11 & CHe_22 & CHe_33 & CHQ1_11 & CHQ1_33 & CHQ3_11 & CHu_11 & CHd_11 & CHd_33 & CeH_22r & CeH_33r & CuH_22r & CuH_33r & CdH_33r & CLL_1221 & eHggint & eHggpar & eHWWint & eHWWpar & eHZZint & eHZZpar & eHZgaint & eHZgapar & eHgagaint & eHmumuint & eHtautauint & eHccint & eHccpar & eHbbint & eHbbpar \\
AlsMz & $1$ & $-0.083815$ & $-0.0750736$ & $0.0504301$ & $0.00502122$ & $-0.0340613$ & $0.0145735$ & $-0.0107069$ & $-0.00896278$ & $0.0691297$ & $-0.0203395$ & $0.0781613$ & $-0.017728$ & $0.0425945$ & $0.0097256$ & $0.031671$ & $0.0344925$ & $0.0367415$ & $0.0149467$ & $0.00720282$ & $0.00311075$ & $0.00204223$ & $-0.0213261$ & $-0.027059$ & $-0.118503$ & $-0.0507131$ & $-0.0801618$ & $0.00171542$ & $-0.0124093$ & $-0.0180893$ & $0.00508729$ & $0.0231709$ & $0.0284548$ & $-0.0229671$ & $0.0462843$ & $-0.00457221$ & $0.0322719$ & $0.00471702$ & $-0.0342267$ & $0.0304742$ & $-0.021988$ & $-0.0430526$ & $0.0722176$ & $-0.0286603$ & $0.012717$ & $0.0474285$ & $-0.0652919$ & $-0.0332215$ & $0.0367813$ \\
dAle5Mz & $-0.083815$ & $1$ & $0.0213577$ & $-0.0217371$ & $0.0165749$ & $0.0687187$ & $-0.0142805$ & $-0.0727731$ & $-0.0731086$ & $0.0179238$ & $0.0503133$ & $-0.00497713$ & $0.0200097$ & $0.00856081$ & $-0.0201696$ & $-0.0267226$ & $0.0126544$ & $0.0232352$ & $0.0299985$ & $-0.023796$ & $-0.022214$ & $-0.0232596$ & $0.0191482$ & $0.0361564$ & $0.0499995$ & $0.0040879$ & $0.0275695$ & $-0.05748$ & $8.00604e-05$ & $0.0280774$ & $0.0185547$ & $-0.00236521$ & $0.0232292$ & $0.018496$ & $0.00093256$ & $-0.00267275$ & $0.0405329$ & $-0.0379989$ & $0.0140749$ & $-0.0252889$ & $0.0209624$ & $-0.0147498$ & $-0.0472003$ & $0.0167276$ & $0.0397711$ & $-0.0308003$ & $0.0618299$ & $-0.0259823$ & $0.0238312$ \\
mtop & $-0.0750736$ & $0.0213577$ & $1$ & $0.0530492$ & $-0.0233276$ & $0.0399164$ & $-0.017777$ & $-0.0387554$ & $-0.0542937$ & $-0.0143324$ & $0.0391524$ & $-0.0172456$ & $0.00460938$ & $0.0196252$ & $-0.0261466$ & $0.0118949$ & $0.00543432$ & $0.0343806$ & $0.0116093$ & $-0.0289267$ & $-0.0294953$ & $-0.035751$ & $-0.00327102$ & $0.0531124$ & $0.0318423$ & $0.012644$ & $-0.0120179$ & $0.00646248$ & $-0.0115878$ & $-0.00655525$ & $-0.0154451$ & $-0.000590662$ & $0.00816625$ & $-0.0124809$ & $0.0455473$ & $0.0136826$ & $0.020639$ & $0.0588026$ & $-0.00692362$ & $0.0349688$ & $0.0475086$ & $0.037735$ & $-0.154323$ & $-0.0540286$ & $0.0303606$ & $-0.0307332$ & $0.0781295$ & $-0.010554$ & $-0.00250335$ \\
mHl & $0.0504301$ & $-0.0217371$ & $0.0530492$ & $1$ & $-0.00527823$ & $-0.00985414$ & $-0.000872758$ & $-0.026487$ & $-0.0386941$ & $0.0225022$ & $0.0104403$ & $0.00476241$ & $0.00213453$ & $0.0068605$ & $-0.0114133$ & $-0.0333831$ & $0.0384391$ & $0.0317563$ & $0.0481984$ & $-0.0123329$ & $-0.0108971$ & $-0.00404748$ & $0.0114482$ & $0.0233309$ & $0.0319316$ & $-0.00577598$ & $0.00280672$ & $-0.00783788$ & $-3.14444e-05$ & $-0.019497$ & $-0.0279869$ & $0.008665$ & $-0.0279835$ & $-0.0110891$ & $0.037078$ & $-0.00316066$ & $0.0301864$ & $0.0142578$ & $-0.00243874$ & $0.00315137$ & $-0.0326799$ & $0.011582$ & $-0.0231217$ & $-0.0230727$ & $0.0211251$ & $0.0237125$ & $0.0433521$ & $-0.00478053$ & $-0.0392172$ \\
Mz & $0.00502122$ & $0.0165749$ & $-0.0233276$ & $-0.00527823$ & $1$ & $-0.00694802$ & $0.0154117$ & $-0.00154929$ & $0.00745103$ & $-0.00775764$ & $0.0169314$ & $-0.0286822$ & $0.0149685$ & $0.00119618$ & $-0.00631267$ & $0.00698999$ & $-0.0181556$ & $-0.0106679$ & $-0.0150522$ & $-0.0110323$ & $-0.00564231$ & $-0.0023059$ & $0.0155914$ & $-0.0117132$ & $-0.0199095$ & $-0.000249483$ & $-0.00612197$ & $-0.0172839$ & $-0.00620216$ & $-0.00438055$ & $0.0657949$ & $0.00256392$ & $-0.0378446$ & $-0.00202023$ & $0.0477367$ & $0.0090601$ & $-0.0143832$ & $0.00250327$ & $0.00912875$ & $0.0259166$ & $0.062506$ & $0.0203538$ & $0.017551$ & $-0.000911693$ & $-0.0361286$ & $-0.00856817$ & $0.00740413$ & $-0.00907101$ & $-0.0349666$ \\
CW & $-0.0340613$ & $0.0687187$ & $0.0399164$ & $-0.00985414$ & $-0.00694802$ & $1$ & $-0.0270609$ & $-0.125976$ & $-0.120765$ & $-0.0299902$ & $0.196264$ & $0.0207181$ & $0.0156545$ & $0.00569041$ & $-0.0688391$ & $-0.0866706$ & $-0.27727$ & $-0.0771121$ & $-0.0616771$ & $-0.191284$ & $-0.196405$ & $-0.187425$ & $-9.21775e-05$ & $-0.0050165$ & $-0.0967474$ & $0.119674$ & $-0.06586$ & $-0.0691865$ & $-0.0131997$ & $0.0379452$ & $-0.00097837$ & $-0.0184177$ & $0.0287639$ & $-0.131345$ & $0.0137586$ & $0.0247487$ & $-0.0198354$ & $0.0310454$ & $-0.0536796$ & $0.00343362$ & $0.0464738$ & $-0.0350076$ & $0.020665$ & $0.0153852$ & $0.0174115$ & $-0.039665$ & $-0.0115297$ & $0.0209118$ & $0.00276154$ \\
CHG & $0.0145735$ & $-0.0142805$ & $-0.017777$ & $-0.000872758$ & $0.0154117$ & $-0.0270609$ & $1$ & $-0.117459$ & $-0.0701793$ & $0.0648467$ & $0.0670594$ & $0.0839503$ & $-0.315362$ & $0.0523922$ & $-0.0396561$ & $-0.0223075$ & $0.109583$ & $0.118158$ & $0.104434$ & $-0.068643$ & $-0.0702963$ & $-0.0700641$ & $-0.00866572$ & $0.120422$ & $0.108159$ & $0.0510744$ & $-0.0382538$ & $-0.0471196$ & $0.00105112$ & $-0.115639$ & $-0.0734099$ & $0.928144$ & $-0.147654$ & $-0.0556379$ & $-0.0546756$ & $-0.0567162$ & $0.00168701$ & $0.00651506$ & $-0.0304492$ & $-0.0157726$ & $0.0155623$ & $0.038747$ & $-0.0205301$ & $-0.0166048$ & $-0.00226816$ & $-0.00324102$ & $-0.0275595$ & $-0.023269$ & $0.0142975$ \\
CHWB & $-0.0107069$ & $-0.0727731$ & $-0.0387554$ & $-0.026487$ & $-0.00154929$ & $-0.125976$ & $-0.117459$ & $1$ & $0.982994$ & $-0.555451$ & $-0.871392$ & $-0.380659$ & $0.355412$ & $0.0792968$ & $0.282092$ & $0.260602$ & $-0.240814$ & $-0.423631$ & $-0.427607$ & $0.84029$ & $0.89074$ & $0.87365$ & $0.107645$ & $-0.66608$ & $-0.383819$ & $-0.508198$ & $0.466915$ & $0.299314$ & $0.00945241$ & $0.0977138$ & $0.0134921$ & $-0.112837$ & $0.114455$ & $0.581854$ & $0.0248952$ & $-0.0194742$ & $0.0220264$ & $0.0391171$ & $0.00721089$ & $-0.000467432$ & $0.0571864$ & $0.0190201$ & $-0.0570705$ & $0.0709875$ & $-0.0616374$ & $-0.00690378$ & $-0.00424665$ & $0.00958257$ & $0.0300275$ \\
CHWHB_gaga & $-0.00896278$ & $-0.0731086$ & $-0.0542937$ & $-0.0386941$ & $0.00745103$ & $-0.120765$ & $-0.0701793$ & $0.982994$ & $1$ & $-0.548253$ & $-0.853263$ & $-0.359727$ & $0.348476$ & $0.0749835$ & $0.266772$ & $0.255957$ & $-0.244615$ & $-0.415292$ & $-0.426543$ & $0.82147$ & $0.872837$ & $0.857596$ & $0.116103$ & $-0.659933$ & $-0.381268$ & $-0.505448$ & $0.461918$ & $0.29258$ & $0.0172622$ & $0.121336$ & $0.0272202$ & $-0.0749194$ & $0.142565$ & $0.579228$ & $0.00122974$ & $-0.0280593$ & $0.00519539$ & $0.0337437$ & $0.00745248$ & $-0.00841378$ & $0.0421343$ & $0.0157212$ & $0.0195402$ & $0.0690677$ & $-0.0622437$ & $0.00623444$ & $-0.0152937$ & $0.0142993$ & $0.0331587$ \\
CHWHB_gagaorth & $0.0691297$ & $0.0179238$ & $-0.0143324$ & $0.0225022$ & $-0.00775764$ & $-0.0299902$ & $0.0648467$ & $-0.555451$ & $-0.548253$ & $1$ & $0.330953$ & $0.68346$ & $-0.264172$ & $0.238199$ & $-0.124682$ & $-0.105759$ & $0.441731$ & $0.488901$ & $0.487588$ & $-0.31937$ & $-0.348763$ & $-0.345855$ & $-0.09587$ & $0.547581$ & $0.463133$ & $0.21101$ & $-0.249828$ & $-0.115434$ & $-0.000677942$ & $-0.163927$ & $-0.0830807$ & $0.0839042$ & $-0.181171$ & $-0.335803$ & $0.0532669$ & $0.0142901$ & $0.0219556$ & $-0.011739$ & $0.0232599$ & $0.0100536$ & $-0.119102$ & $-0.0198744$ & $0.0297954$ & $-0.0300458$ & $0.0145888$ & $0.0486754$ & $-0.0151136$ & $-0.0260079$ & $-0.0226406$ \\
CHD & $-0.0203395$ & $0.0503133$ & $0.0391524$ & $0.0104403$ & $0.0169314$ & $0.196264$ & $0.0670594$ & $-0.871392$ & $-0.853263$ & $0.330953$ & $1$ & $0.3379$ & $-0.161625$ & $-0.510974$ & $-0.400775$ & $-0.393137$ & $-0.2314$ & $0.0321255$ & $0.0464186$ & $-0.989671$ & $-0.99083$ & $-0.97094$ & $-0.0314853$ & $0.28321$ & $-0.010887$ & $0.559531$ & $-0.325371$ & $-0.345995$ & $-0.00167059$ & $-0.0323007$ & $0.00649693$ & $0.078319$ & $-0.0499036$ & $-0.390795$ & $-0.0213749$ & $0.0128895$ & $-0.0380602$ & $-0.0444871$ & $0.00546917$ & $-0.00438304$ & $-0.00531576$ & $-0.0018823$ & $0.0434013$ & $-0.0515327$ & $0.059754$ & $0.00180315$ & $0.0169726$ & $0.00606695$ & $-0.0215872$ \\
CHbox & $0.0781613$ & $-0.00497713$ & $-0.0172456$ & $0.00476241$ & $-0.0286822$ & $0.0207181$ & $0.0839503$ & $-0.380659$ & $-0.359727$ & $0.68346$ & $0.3379$ & $1$ & $-0.348701$ & $-0.056425$ & $-0.0537913$ & $-0.065174$ & $0.0669014$ & $0.114191$ & $0.125147$ & $-0.317621$ & $-0.354081$ & $-0.352409$ & $-0.070236$ & $0.246119$ & $0.106522$ & $0.209774$ & $-0.219187$ & $-0.130192$ & $0.0042865$ & $0.0700981$ & $-0.0341042$ & $0.151692$ & $0.0519185$ & $-0.271623$ & $0.068324$ & $0.0225184$ & $0.023974$ & $-0.0364412$ & $0.0437664$ & $0.0364566$ & $-0.103014$ & $0.00830846$ & $0.0179475$ & $-0.00922333$ & $0.00529608$ & $0.00605995$ & $-0.0106432$ & $-0.00698672$ & $-0.0218184$ \\
CH & $-0.017728$ & $0.0200097$ & $0.00460938$ & $0.00213453$ & $0.0149685$ & $0.0156545$ & $-0.315362$ & $0.355412$ & $0.348476$ & $-0.264172$ & $-0.161625$ & $-0.348701$ & $1$ & $-0.256434$ & $0.0615112$ & $0.0463421$ & $-0.377776$ & $-0.393789$ & $-0.388962$ & $0.155963$ & $0.178373$ & $0.176581$ & $0.0389003$ & $-0.397673$ & $-0.386869$ & $-0.0984396$ & $0.159562$ & $0.0627621$ & $0.0445546$ & $0.269777$ & $0.0890762$ & $-0.259713$ & $0.320178$ & $0.229454$ & $0.0431342$ & $0.0309064$ & $-0.0121786$ & $0.0102846$ & $0.00103619$ & $-0.0518323$ & $0.0664918$ & $-0.00891195$ & $-0.0597243$ & $0.0311773$ & $0.0211431$ & $0.0378928$ & $-0.00422915$ & $0.0164039$ & $0.0104411$ \\
CHL1_11 & $0.0425945$ & $0.00856081$ & $0.0196252$ & $0.0068605$ & $0.00119618$ & $0.00569041$ & $0.0523922$ & $0.0792968$ & $0.0749835$ & $0.238199$ & $-0.510974$ & $-0.056425$ & $-0.256434$ & $1$ & $0.251605$ & $0.265965$ & $0.677529$ & $0.629857$ & $0.61247$ & $0.531874$ & $0.468797$ & $0.457313$ & $-0.101513$ & $0.498651$ & $0.617151$ & $-0.258163$ & $-0.0999148$ & $0.196196$ & $-0.0122577$ & $-0.0895827$ & $-0.0293296$ & $0.0283834$ & $-0.0698127$ & $-0.196057$ & $0.0164121$ & $0.00390428$ & $0.0298488$ & $0.0429978$ & $-0.0177153$ & $0.0154334$ & $-0.0790323$ & $-0.0392277$ & $0.0193682$ & $-0.0109032$ & $-0.0217151$ & $-0.0035373$ & $-0.0369042$ & $-0.0322801$ & $-0.00111264$ \\
CHL1_22 & $0.0097256$ & $-0.0201696$ & $-0.0261466$ & $-0.0114133$ & $-0.00631267$ & $-0.0688391$ & $-0.0396561$ & $0.282092$ & $0.266772$ & $-0.124682$ & $-0.400775$ & $-0.0537913$ & $0.0615112$ & $0.251605$ & $1$ & $0.439545$ & $0.149459$ & $-0.427743$ & $-0.0400907$ & $0.47073$ & $0.316006$ & $0.310125$ & $-0.187643$ & $0.104643$ & $-0.128727$ & $-0.166778$ & $-0.383184$ & $0.136977$ & $0.0135504$ & $0.0404614$ & $-0.00480687$ & $-0.0401522$ & $0.0328097$ & $-0.584936$ & $0.00528425$ & $-0.00233214$ & $0.0780582$ & $0.0215288$ & $-0.0497641$ & $-0.00993074$ & $-0.0127059$ & $0.031896$ & $-0.0609218$ & $0.054127$ & $0.0220013$ & $-0.00951464$ & $-0.0198421$ & $-0.0244481$ & $0.0158923$ \\
CHL1_33 & $0.031671$ & $-0.0267226$ & $0.0118949$ & $-0.0333831$ & $0.00698999$ & $-0.0866706$ & $-0.0223075$ & $0.260602$ & $0.255957$ & $-0.105759$ & $-0.393137$ & $-0.065174$ & $0.0463421$ & $0.265965$ & $0.439545$ & $1$ & $0.181581$ & $0.00772552$ & $-0.41407$ & $0.463108$ & $0.310352$ & $0.32834$ & $-0.174343$ & $0.15282$ & $-0.119098$ & $-0.168898$ & $-0.396723$ & $0.100289$ & $-0.00268044$ & $-0.000418873$ & $0.0094143$ & $-0.0177137$ & $-0.0122522$ & $-0.110976$ & $0.00499016$ & $0.0318422$ & $0.074256$ & $0.0132931$ & $-0.0195187$ & $-0.0177617$ & $-0.0111807$ & $-0.0320872$ & $0.0127996$ & $0.0125653$ & $-0.00881565$ & $0.026243$ & $0.00912282$ & $0.0123489$ & $-0.0288607$ \\
CHL3_11 & $0.0344925$ & $0.0126544$ & $0.00543432$ & $0.0384391$ & $-0.0181556$ & $-0.27727$ & $0.109583$ & $-0.240814$ & $-0.244615$ & $0.441731$ & $-0.2314$ & $0.0669014$ & $-0.377776$ & $0.677529$ & $0.149459$ & $0.181581$ & $1$ & $0.761026$ & $0.742399$ & $0.254472$ & $0.195533$ & $0.190048$ & $-0.10181$ & $0.686137$ & $0.786849$ & $-0.103988$ & $-0.168576$ & $0.0828095$ & $-0.0182293$ & $-0.137037$ & $-0.0385828$ & $0.0709852$ & $-0.144409$ & $-0.229012$ & $-0.0204094$ & $0.00851921$ & $0.0226565$ & $-0.000869478$ & $-0.0233571$ & $0.0106993$ & $-0.0942085$ & $-0.0197732$ & $0.0178096$ & $-0.0452137$ & $-0.00604211$ & $0.0137772$ & $-0.00738034$ & $-0.0258991$ & $-0.028453$ \\
CHL3_22 & $0.0367415$ & $0.0232352$ & $0.0343806$ & $0.0317563$ & $-0.0106679$ & $-0.0771121$ & $0.118158$ & $-0.423631$ & $-0.415292$ & $0.488901$ & $0.0321255$ & $0.114191$ & $-0.393789$ & $0.629857$ & $-0.427743$ & $0.00772552$ & $0.761026$ & $1$ & $0.691456$ & $-0.0331962$ & $-0.0323536$ & $-0.0314104$ & $-0.0268143$ & $0.64593$ & $0.795717$ & $0.0184996$ & $-0.0404291$ & $-0.00409666$ & $-0.0250815$ & $-0.147222$ & $-0.03176$ & $0.0897947$ & $-0.14197$ & $0.0248968$ & $-0.00819637$ & $0.0186475$ & $-0.0201934$ & $-0.00333122$ & $0.00804398$ & $0.0142502$ & $-0.0874052$ & $-0.0528364$ & $0.0651693$ & $-0.072474$ & $-0.0121524$ & $0.0167557$ & $-0.00796046$ & $-0.00671187$ & $-0.0302184$ \\
CHL3_33 & $0.0149467$ & $0.0299985$ & $0.0116093$ & $0.0481984$ & $-0.0150522$ & $-0.0616771$ & $0.104434$ & $-0.427607$ & $-0.426543$ & $0.487588$ & $0.0464186$ & $0.125147$ & $-0.388962$ & $0.61247$ & $-0.0400907$ & $-0.41407$ & $0.742399$ & $0.691456$ & $1$ & $-0.0502854$ & $-0.0442205$ & $-0.0416826$ & $-0.024825$ & $0.617937$ & $0.809129$ & $0.027498$ & $-0.0112468$ & $0.0119269$ & $-0.019107$ & $-0.123812$ & $-0.0474172$ & $0.071844$ & $-0.116425$ & $-0.321931$ & $-0.00216456$ & $-0.00684471$ & $-0.0238366$ & $0.0102143$ & $-0.0107978$ & $0.0225303$ & $-0.0819728$ & $-0.00307656$ & $0.0235565$ & $-0.0364734$ & $0.00705548$ & $-0.00626684$ & $-0.0386233$ & $-0.0282849$ & $-0.00177181$ \\
CHe_11 & $0.00720282$ & $-0.023796$ & $-0.0289267$ & $-0.0123329$ & $-0.0110323$ & $-0.191284$ & $-0.068643$ & $0.84029$ & $0.82147$ & $-0.31937$ & $-0.989671$ & $-0.317621$ & $0.155963$ & $0.531874$ & $0.47073$ & $0.463108$ & $0.254472$ & $-0.0331962$ & $-0.0502854$ & $1$ & $0.971036$ & $0.951711$ & $-0.00167887$ & $-0.223765$ & $0.0168267$ & $-0.544802$ & $0.24458$ & $0.339529$ & $3.74924e-05$ & $0.0322118$ & $-0.00505018$ & $-0.0776822$ & $0.0474636$ & $0.307916$ & $0.0219941$ & $-0.00593194$ & $0.0479371$ & $0.042259$ & $-0.00798992$ & $0.00209283$ & $0.000407096$ & $0.00194627$ & $-0.0492959$ & $0.0516705$ & $-0.0503338$ & $-2.5651e-05$ & $-0.016097$ & $-0.00523954$ & $0.0201028$ \\
CHe_22 & $0.00311075$ & $-0.022214$ & $-0.0294953$ & $-0.0108971$ & $-0.00564231$ & $-0.196405$ & $-0.0702963$ & $0.89074$ & $0.872837$ & $-0.348763$ & $-0.99083$ & $-0.354081$ & $0.178373$ & $0.468797$ & $0.316006$ & $0.310352$ & $0.195533$ & $-0.0323536$ & $-0.0442205$ & $0.971036$ & $1$ & $0.976194$ & $0.0670655$ & $-0.342145$ & $0.00490306$ & $-0.566361$ & $0.409567$ & $0.344644$ & $-9.94435e-05$ & $0.0359917$ & $-0.00532986$ & $-0.0805541$ & $0.0561179$ & $0.478507$ & $0.0217384$ & $-0.0152278$ & $0.0285466$ & $0.0449801$ & $0.00173989$ & $0.00526819$ & $0.0147414$ & $0.00392019$ & $-0.0460909$ & $0.0492996$ & $-0.065945$ & $-0.00162645$ & $-0.0134583$ & $-0.00504659$ & $0.0239595$ \\
CHe_33 & $0.00204223$ & $-0.0232596$ & $-0.035751$ & $-0.00404748$ & $-0.0023059$ & $-0.187425$ & $-0.0700641$ & $0.87365$ & $0.857596$ & $-0.345855$ & $-0.97094$ & $-0.352409$ & $0.176581$ & $0.457313$ & $0.310125$ & $0.32834$ & $0.190048$ & $-0.0314104$ & $-0.0416826$ & $0.951711$ & $0.976194$ & $1$ & $0.0703193$ & $-0.334271$ & $0.00555927$ & $-0.56275$ & $0.401703$ & $0.3354$ & $-0.00280591$ & $0.0340335$ & $-0.00411585$ & $-0.0823289$ & $0.0489791$ & $0.471503$ & $0.0299027$ & $-0.0117575$ & $0.0122373$ & $0.0496597$ & $0.00543497$ & $-0.000369168$ & $0.021664$ & $0.0022668$ & $-0.0277068$ & $0.0549899$ & $-0.0628157$ & $-0.000589882$ & $-0.0251302$ & $0.000242058$ & $0.0161264$ \\
CHQ1_11 & $-0.0213261$ & $0.0191482$ & $-0.00327102$ & $0.0114482$ & $0.0155914$ & $-9.21775e-05$ & $-0.00866572$ & $0.107645$ & $0.116103$ & $-0.09587$ & $-0.0314853$ & $-0.070236$ & $0.0389003$ & $-0.101513$ & $-0.187643$ & $-0.174343$ & $-0.10181$ & $-0.0268143$ & $-0.024825$ & $-0.00167887$ & $0.0670655$ & $0.0703193$ & $1$ & $-0.19159$ & $0.0469796$ & $-0.694807$ & $0.374272$ & $-0.0132647$ & $0.00846206$ & $-0.00556265$ & $-0.00567563$ & $-0.016076$ & $0.0432144$ & $0.247473$ & $0.00781763$ & $-0.0554096$ & $-0.0246914$ & $-0.00108046$ & $-0.0217927$ & $-0.0029544$ & $0.0286856$ & $0.00313479$ & $-0.00435384$ & $-0.0233539$ & $-0.0735054$ & $-0.0236286$ & $0.0278522$ & $0.0264581$ & $0.0534332$ \\
CHQ1_33 & $-0.027059$ & $0.0361564$ & $0.0531124$ & $0.0233309$ & $-0.0117132$ & $-0.0050165$ & $0.120422$ & $-0.66608$ & $-0.659933$ & $0.547581$ & $0.28321$ & $0.246119$ & $-0.397673$ & $0.498651$ & $0.104643$ & $0.15282$ & $0.686137$ & $0.64593$ & $0.617937$ & $-0.223765$ & $-0.342145$ & $-0.334271$ & $-0.19159$ & $1$ & $0.639393$ & $0.206105$ & $-0.459651$ & $0.0102623$ & $-0.0276213$ & $-0.132987$ & $-0.0266381$ & $0.103487$ & $-0.137235$ & $-0.617638$ & $-0.0011102$ & $0.0218083$ & $0.0346768$ & $-0.000567377$ & $-0.0366309$ & $-0.0029469$ & $-0.100614$ & $-0.00686722$ & $0.0421073$ & $-0.0462061$ & $0.0381607$ & $-0.0045532$ & $-0.00110333$ & $-0.0199295$ & $-0.0213684$ \\
CHQ3_11 & $-0.118503$ & $0.0499995$ & $0.0318423$ & $0.0319316$ & $-0.0199095$ & $-0.0967474$ & $0.108159$ & $-0.383819$ & $-0.381268$ & $0.463133$ & $-0.010887$ & $0.106522$ & $-0.386869$ & $0.617151$ & $-0.128727$ & $-0.119098$ & $0.786849$ & $0.795717$ & $0.809129$ & $0.0168267$ & $0.00490306$ & $0.00555927$ & $0.0469796$ & $0.639393$ & $1$ & $0.00729905$ & $0.184047$ & $0.0120291$ & $-0.00755308$ & $-0.128624$ & $-0.0429181$ & $0.0822396$ & $-0.111966$ & $-0.181937$ & $-0.00622248$ & $-0.0014763$ & $-0.0398975$ & $-0.0137261$ & $-0.0102087$ & $0.0109148$ & $-0.0857811$ & $-0.00811768$ & $0.0125377$ & $-0.0550067$ & $-0.0234555$ & $-0.0145925$ & $-0.0284635$ & $0.00987796$ & $-0.0130253$ \\
CHu_11 & $-0.0507131$ & $0.0040879$ & $0.012644$ & $-0.00577598$ & $-0.000249483$ & $0.119674$ & $0.0510744$ & $-0.508198$ & $-0.505448$ & $0.21101$ & $0.559531$ & $0.209774$ & $-0.0984396$ & $-0.258163$ & $-0.166778$ & $-0.168898$ & $-0.103988$ & $0.0184996$ & $0.027498$ & $-0.544802$ & $-0.566361$ & $-0.56275$ & $-0.694807$ & $0.206105$ & $0.00729905$ & $1$ & $-0.220996$ & $-0.150924$ & $-0.00294545$ & $-0.0170251$ & $0.00663691$ & $0.0609525$ & $-0.0490063$ & $-0.28865$ & $-0.0127191$ & $0.0366355$ & $0.00192374$ & $-0.0269289$ & $0.00882559$ & $-0.00783322$ & $-0.0225034$ & $-0.00753527$ & $0.0249475$ & $-0.0021474$ & $0.0710496$ & $-0.0154255$ & $-0.0275487$ & $0.00135333$ & $-0.0372129$ \\
CHd_11 & $-0.0801618$ & $0.0275695$ & $-0.0120179$ & $0.00280672$ & $-0.00612197$ & $-0.06586$ & $-0.0382538$ & $0.466915$ & $0.461918$ & $-0.249828$ & $-0.325371$ & $-0.219187$ & $0.159562$ & $-0.0999148$ & $-0.383184$ & $-0.396723$ & $-0.168576$ & $-0.0404291$ & $-0.0112468$ & $0.24458$ & $0.409567$ & $0.401703$ & $0.374272$ & $-0.459651$ & $0.184047$ & $-0.220996$ & $1$ & $0.111928$ & $0.00863075$ & $0.0317268$ & $-0.00485449$ & $-0.035808$ & $0.0772649$ & $0.7036$ & $0.0300319$ & $-0.0392013$ & $-0.065955$ & $0.00175735$ & $0.0134633$ & $0.0045787$ & $0.0356683$ & $0.0344029$ & $-0.0352102$ & $0.0190577$ & $-0.0809911$ & $-0.0444549$ & $-0.0176283$ & $0.0471669$ & $0.0415986$ \\
CHd_33 & $0.00171542$ & $-0.05748$ & $0.00646248$ & $-0.00783788$ & $-0.0172839$ & $-0.0691865$ & $-0.0471196$ & $0.299314$ & $0.29258$ & $-0.115434$ & $-0.345995$ & $-0.130192$ & $0.0627621$ & $0.196196$ & $0.136977$ & $0.100289$ & $0.0828095$ & $-0.00409666$ & $0.0119269$ & $0.339529$ & $0.344644$ & $0.3354$ & $-0.0132647$ & $0.0102623$ & $0.0120291$ & $-0.150924$ & $0.111928$ & $1$ & $-0.0220472$ & $0.00457495$ & $0.0124408$ & $-0.0460963$ & $0.0261638$ & $0.129636$ & $0.0367191$ & $-0.0202984$ & $0.0201868$ & $0.00512364$ & $-0.0197806$ & $0.00374628$ & $0.0214632$ & $0.00422463$ & $-0.0094008$ & $0.00898881$ & $-0.0292397$ & $0.0248988$ & $0.00998014$ & $-0.00345208$ & $0.0194134$ \\
CeH_22r & $-0.0124093$ & $8.00604e-05$ & $-0.0115878$ & $-3.14444e-05$ & $-0.00620216$ & $-0.0131997$ & $0.00105112$ & $0.00945241$ & $0.0172622$ & $-0.000677942$ & $-0.00167059$ & $0.0042865$ & $0.0445546$ & $-0.0122577$ & $0.0135504$ & $-0.00268044$ & $-0.0182293$ & $-0.0250815$ & $-0.019107$ & $3.74924e-05$ & $-9.94435e-05$ & $-0.00280591$ & $0.00846206$ & $-0.0276213$ & $-0.00755308$ & $-0.00294545$ & $0.00863075$ & $-0.0220472$ & $1$ & $0.00289078$ & $-0.0310672$ & $-0.0178687$ & $-0.00382902$ & $-0.00480476$ & $-2.55216e-05$ & $-0.0195064$ & $-0.0275272$ & $-0.0298841$ & $0.0338841$ & $-0.0327623$ & $0.0357123$ & $0.0223053$ & $0.0182592$ & $-0.00327529$ & $-0.0151236$ & $-0.0338911$ & $-0.0383802$ & $-0.0538224$ & $-0.0181097$ \\
CeH_33r & $-0.0180893$ & $0.0280774$ & $-0.00655525$ & $-0.019497$ & $-0.00438055$ & $0.0379452$ & $-0.115639$ & $0.0977138$ & $0.121336$ & $-0.163927$ & $-0.0323007$ & $0.0700981$ & $0.269777$ & $-0.0895827$ & $0.0404614$ & $-0.000418873$ & $-0.137037$ & $-0.147222$ & $-0.123812$ & $0.0322118$ & $0.0359917$ & $0.0340335$ & $-0.00556265$ & $-0.132987$ & $-0.128624$ & $-0.0170251$ & $0.0317268$ & $0.00457495$ & $0.00289078$ & $1$ & $0.300322$ & $0.0291578$ & $0.638094$ & $0.0401043$ & $-0.107814$ & $-0.0491287$ & $-0.208676$ & $-0.0770632$ & $-0.000841603$ & $0.00646694$ & $0.0133832$ & $-0.032635$ & $-0.0419947$ & $0.0101892$ & $0.0891057$ & $0.0175312$ & $-0.0206329$ & $0.032488$ & $-0.0329958$ \\
CuH_22r & $0.00508729$ & $0.0185547$ & $-0.0154451$ & $-0.0279869$ & $0.0657949$ & $-0.00097837$ & $-0.0734099$ & $0.0134921$ & $0.0272202$ & $-0.0830807$ & $0.00649693$ & $-0.0341042$ & $0.0890762$ & $-0.0293296$ & $-0.00480687$ & $0.0094143$ & $-0.0385828$ & $-0.03176$ & $-0.0474172$ & $-0.00505018$ & $-0.00532986$ & $-0.00411585$ & $-0.00567563$ & $-0.0266381$ & $-0.0429181$ & $0.00663691$ & $-0.00485449$ & $0.0124408$ & $-0.0310672$ & $0.300322$ & $1$ & $0.00593733$ & $0.297565$ & $0.0156394$ & $0.00321048$ & $-0.044047$ & $-0.0975831$ & $-0.0433481$ & $0.0309584$ & $0.0174384$ & $0.0193597$ & $-0.0293122$ & $-0.0151689$ & $-0.00346391$ & $0.0105508$ & $0.103729$ & $0.377789$ & $0.0125915$ & $-0.0295119$ \\
CuH_33r & $0.0231709$ & $-0.00236521$ & $-0.000590662$ & $0.008665$ & $0.00256392$ & $-0.0184177$ & $0.928144$ & $-0.112837$ & $-0.0749194$ & $0.0839042$ & $0.078319$ & $0.151692$ & $-0.259713$ & $0.0283834$ & $-0.0401522$ & $-0.0177137$ & $0.0709852$ & $0.0897947$ & $0.071844$ & $-0.0776822$ & $-0.0805541$ & $-0.0823289$ & $-0.016076$ & $0.103487$ & $0.0822396$ & $0.0609525$ & $-0.035808$ & $-0.0460963$ & $-0.0178687$ & $0.0291578$ & $0.00593733$ & $1$ & $0.0262594$ & $-0.0557154$ & $0.0256855$ & $-0.0125533$ & $-0.0436935$ & $0.00859729$ & $-0.00618968$ & $-0.00148804$ & $0.0312521$ & $0.035104$ & $-0.0232247$ & $-0.00591586$ & $-0.0055927$ & $-0.00831145$ & $-0.0140696$ & $-0.0190042$ & $0.0130664$ \\
CdH_33r & $0.0284548$ & $0.0232292$ & $0.00816625$ & $-0.0279835$ & $-0.0378446$ & $0.0287639$ & $-0.147654$ & $0.114455$ & $0.142565$ & $-0.181171$ & $-0.0499036$ & $0.0519185$ & $0.320178$ & $-0.0698127$ & $0.0328097$ & $-0.0122522$ & $-0.144409$ & $-0.14197$ & $-0.116425$ & $0.0474636$ & $0.0561179$ & $0.0489791$ & $0.0432144$ & $-0.137235$ & $-0.111966$ & $-0.0490063$ & $0.0772649$ & $0.0261638$ & $-0.00382902$ & $0.638094$ & $0.297565$ & $0.0262594$ & $1$ & $0.0533204$ & $-0.0863552$ & $-0.0271265$ & $-0.254424$ & $-0.0862217$ & $0.0119622$ & $-0.0213765$ & $0.0340315$ & $-0.0379837$ & $-0.00191661$ & $-0.0329061$ & $0.00876844$ & $0.015054$ & $-0.0319717$ & $0.176323$ & $0.46355$ \\
CLL_1221 & $-0.0229671$ & $0.018496$ & $-0.0124809$ & $-0.0110891$ & $-0.00202023$ & $-0.131345$ & $-0.0556379$ & $0.581854$ & $0.579228$ & $-0.335803$ & $-0.390795$ & $-0.271623$ & $0.229454$ & $-0.196057$ & $-0.584936$ & $-0.110976$ & $-0.229012$ & $0.0248968$ & $-0.321931$ & $0.307916$ & $0.478507$ & $0.471503$ & $0.247473$ & $-0.617638$ & $-0.181937$ & $-0.28865$ & $0.7036$ & $0.129636$ & $-0.00480476$ & $0.0401043$ & $0.0156394$ & $-0.0557154$ & $0.0533204$ & $1$ & $0.00954658$ & $-0.0130298$ & $-0.0413012$ & $0.00415379$ & $0.0434867$ & $0.00342002$ & $0.0562247$ & $-0.0081133$ & $-0.00337497$ & $0.0102467$ & $-0.0700092$ & $0.00459767$ & $0.0279293$ & $0.0303472$ & $0.00534031$ \\
eHggint & $0.0462843$ & $0.00093256$ & $0.0455473$ & $0.037078$ & $0.0477367$ & $0.0137586$ & $-0.0546756$ & $0.0248952$ & $0.00122974$ & $0.0532669$ & $-0.0213749$ & $0.068324$ & $0.0431342$ & $0.0164121$ & $0.00528425$ & $0.00499016$ & $-0.0204094$ & $-0.00819637$ & $-0.00216456$ & $0.0219941$ & $0.0217384$ & $0.0299027$ & $0.00781763$ & $-0.0011102$ & $-0.00622248$ & $-0.0127191$ & $0.0300319$ & $0.0367191$ & $-2.55216e-05$ & $-0.107814$ & $0.00321048$ & $0.0256855$ & $-0.0863552$ & $0.00954658$ & $1$ & $-0.0320738$ & $0.117934$ & $0.0042832$ & $0.0429214$ & $-0.0158663$ & $0.0351398$ & $0.0331954$ & $-0.0279777$ & $0.0332259$ & $-0.0440537$ & $-0.0603899$ & $0.0580537$ & $0.0394513$ & $3.38656e-06$ \\
eHggpar & $-0.00457221$ & $-0.00267275$ & $0.0136826$ & $-0.00316066$ & $0.0090601$ & $0.0247487$ & $-0.0567162$ & $-0.0194742$ & $-0.0280593$ & $0.0142901$ & $0.0128895$ & $0.0225184$ & $0.0309064$ & $0.00390428$ & $-0.00233214$ & $0.0318422$ & $0.00851921$ & $0.0186475$ & $-0.00684471$ & $-0.00593194$ & $-0.0152278$ & $-0.0117575$ & $-0.0554096$ & $0.0218083$ & $-0.0014763$ & $0.0366355$ & $-0.0392013$ & $-0.0202984$ & $-0.0195064$ & $-0.0491287$ & $-0.044047$ & $-0.0125533$ & $-0.0271265$ & $-0.0130298$ & $-0.0320738$ & $1$ & $-0.0208397$ & $0.070182$ & $0.00364355$ & $0.0269737$ & $-0.0230897$ & $0.0363553$ & $0.00939952$ & $0.0390055$ & $-0.0406293$ & $0.00494857$ & $0.0233674$ & $0.0340231$ & $-0.0119044$ \\
eHWWint & $0.0322719$ & $0.0405329$ & $0.020639$ & $0.0301864$ & $-0.0143832$ & $-0.0198354$ & $0.00168701$ & $0.0220264$ & $0.00519539$ & $0.0219556$ & $-0.0380602$ & $0.023974$ & $-0.0121786$ & $0.0298488$ & $0.0780582$ & $0.074256$ & $0.0226565$ & $-0.0201934$ & $-0.0238366$ & $0.0479371$ & $0.0285466$ & $0.0122373$ & $-0.0246914$ & $0.0346768$ & $-0.0398975$ & $0.00192374$ & $-0.065955$ & $0.0201868$ & $-0.0275272$ & $-0.208676$ & $-0.0975831$ & $-0.0436935$ & $-0.254424$ & $-0.0413012$ & $0.117934$ & $-0.0208397$ & $1$ & $-0.030797$ & $-0.0131465$ & $0.036949$ & $-0.0714787$ & $0.00306816$ & $-0.0335069$ & $0.0685426$ & $0.0490192$ & $-0.056583$ & $0.0312285$ & $-0.0155805$ & $-0.0263104$ \\
eHWWpar & $0.00471702$ & $-0.0379989$ & $0.0588026$ & $0.0142578$ & $0.00250327$ & $0.0310454$ & $0.00651506$ & $0.0391171$ & $0.0337437$ & $-0.011739$ & $-0.0444871$ & $-0.0364412$ & $0.0102846$ & $0.0429978$ & $0.0215288$ & $0.0132931$ & $-0.000869478$ & $-0.00333122$ & $0.0102143$ & $0.042259$ & $0.0449801$ & $0.0496597$ & $-0.00108046$ & $-0.000567377$ & $-0.0137261$ & $-0.0269289$ & $0.00175735$ & $0.00512364$ & $-0.0298841$ & $-0.0770632$ & $-0.0433481$ & $0.00859729$ & $-0.0862217$ & $0.00415379$ & $0.0042832$ & $0.070182$ & $-0.030797$ & $1$ & $-0.019132$ & $0.0237069$ & $0.0048528$ & $0.0550802$ & $0.0109868$ & $-0.00375693$ & $-0.0244834$ & $0.00183435$ & $-0.0150492$ & $-0.000391728$ & $-0.0646437$ \\
eHZZint & $-0.0342267$ & $0.0140749$ & $-0.00692362$ & $-0.00243874$ & $0.00912875$ & $-0.0536796$ & $-0.0304492$ & $0.00721089$ & $0.00745248$ & $0.0232599$ & $0.00546917$ & $0.0437664$ & $0.00103619$ & $-0.0177153$ & $-0.0497641$ & $-0.0195187$ & $-0.0233571$ & $0.00804398$ & $-0.0107978$ & $-0.00798992$ & $0.00173989$ & $0.00543497$ & $-0.0217927$ & $-0.0366309$ & $-0.0102087$ & $0.00882559$ & $0.0134633$ & $-0.0197806$ & $0.0338841$ & $-0.000841603$ & $0.0309584$ & $-0.00618968$ & $0.0119622$ & $0.0434867$ & $0.0429214$ & $0.00364355$ & $-0.0131465$ & $-0.019132$ & $1$ & $-0.0387049$ & $0.0778338$ & $0.0256897$ & $-0.00895431$ & $-0.00100174$ & $0.0149334$ & $0.00824708$ & $0.00522624$ & $0.00858301$ & $-0.0130448$ \\
eHZZpar & $0.0304742$ & $-0.0252889$ & $0.0349688$ & $0.00315137$ & $0.0259166$ & $0.00343362$ & $-0.0157726$ & $-0.000467432$ & $-0.00841378$ & $0.0100536$ & $-0.00438304$ & $0.0364566$ & $-0.0518323$ & $0.0154334$ & $-0.00993074$ & $-0.0177617$ & $0.0106993$ & $0.0142502$ & $0.0225303$ & $0.00209283$ & $0.00526819$ & $-0.000369168$ & $-0.0029544$ & $-0.0029469$ & $0.0109148$ & $-0.00783322$ & $0.0045787$ & $0.00374628$ & $-0.0327623$ & $0.00646694$ & $0.0174384$ & $-0.00148804$ & $-0.0213765$ & $0.00342002$ & $-0.0158663$ & $0.0269737$ & $0.036949$ & $0.0237069$ & $-0.0387049$ & $1$ & $-0.0403832$ & $-0.0194808$ & $-0.0154114$ & $0.0273731$ & $0.0093601$ & $0.0110737$ & $0.0335424$ & $-0.0463969$ & $0.00779356$ \\
eHZgaint & $-0.021988$ & $0.0209624$ & $0.0475086$ & $-0.0326799$ & $0.062506$ & $0.0464738$ & $0.0155623$ & $0.0571864$ & $0.0421343$ & $-0.119102$ & $-0.00531576$ & $-0.103014$ & $0.0664918$ & $-0.0790323$ & $-0.0127059$ & $-0.0111807$ & $-0.0942085$ & $-0.0874052$ & $-0.0819728$ & $0.000407096$ & $0.0147414$ & $0.021664$ & $0.0286856$ & $-0.100614$ & $-0.0857811$ & $-0.0225034$ & $0.0356683$ & $0.0214632$ & $0.0357123$ & $0.0133832$ & $0.0193597$ & $0.0312521$ & $0.0340315$ & $0.0562247$ & $0.0351398$ & $-0.0230897$ & $-0.0714787$ & $0.0048528$ & $0.0778338$ & $-0.0403832$ & $1$ & $0.0149105$ & $-0.0495554$ & $2.25081e-05$ & $0.0298366$ & $-0.0153812$ & $-0.0169129$ & $-0.0774106$ & $0.0314278$ \\
eHZgapar & $-0.0430526$ & $-0.0147498$ & $0.037735$ & $0.011582$ & $0.0203538$ & $-0.0350076$ & $0.038747$ & $0.0190201$ & $0.0157212$ & $-0.0198744$ & $-0.0018823$ & $0.00830846$ & $-0.00891195$ & $-0.0392277$ & $0.031896$ & $-0.0320872$ & $-0.0197732$ & $-0.0528364$ & $-0.00307656$ & $0.00194627$ & $0.00392019$ & $0.0022668$ & $0.00313479$ & $-0.00686722$ & $-0.00811768$ & $-0.00753527$ & $0.0344029$ & $0.00422463$ & $0.0223053$ & $-0.032635$ & $-0.0293122$ & $0.035104$ & $-0.0379837$ & $-0.0081133$ & $0.0331954$ & $0.0363553$ & $0.00306816$ & $0.0550802$ & $0.0256897$ & $-0.0194808$ & $0.0149105$ & $1$ & $0.00644908$ & $0.0340219$ & $0.0217754$ & $-0.0249926$ & $-0.0152344$ & $-0.00454746$ & $-0.0202028$ \\
eHgagaint & $0.0722176$ & $-0.0472003$ & $-0.154323$ & $-0.0231217$ & $0.017551$ & $0.020665$ & $-0.0205301$ & $-0.0570705$ & $0.0195402$ & $0.0297954$ & $0.0434013$ & $0.0179475$ & $-0.0597243$ & $0.0193682$ & $-0.0609218$ & $0.0127996$ & $0.0178096$ & $0.0651693$ & $0.0235565$ & $-0.0492959$ & $-0.0460909$ & $-0.0277068$ & $-0.00435384$ & $0.0421073$ & $0.0125377$ & $0.0249475$ & $-0.0352102$ & $-0.0094008$ & $0.0182592$ & $-0.0419947$ & $-0.0151689$ & $-0.0232247$ & $-0.00191661$ & $-0.00337497$ & $-0.0279777$ & $0.00939952$ & $-0.0335069$ & $0.0109868$ & $-0.00895431$ & $-0.0154114$ & $-0.0495554$ & $0.00644908$ & $1$ & $0.0698929$ & $-0.0326854$ & $0.0582822$ & $-0.092112$ & $0.0410852$ & $0.0308725$ \\
eHmumuint & $-0.0286603$ & $0.0167276$ & $-0.0540286$ & $-0.0230727$ & $-0.000911693$ & $0.0153852$ & $-0.0166048$ & $0.0709875$ & $0.0690677$ & $-0.0300458$ & $-0.0515327$ & $-0.00922333$ & $0.0311773$ & $-0.0109032$ & $0.054127$ & $0.0125653$ & $-0.0452137$ & $-0.072474$ & $-0.0364734$ & $0.0516705$ & $0.0492996$ & $0.0549899$ & $-0.0233539$ & $-0.0462061$ & $-0.0550067$ & $-0.0021474$ & $0.0190577$ & $0.00898881$ & $-0.00327529$ & $0.0101892$ & $-0.00346391$ & $-0.00591586$ & $-0.0329061$ & $0.0102467$ & $0.0332259$ & $0.0390055$ & $0.0685426$ & $-0.00375693$ & $-0.00100174$ & $0.0273731$ & $2.25081e-05$ & $0.0340219$ & $0.0698929$ & $1$ & $0.0129276$ & $0.0173205$ & $-0.0320489$ & $0.0155317$ & $-0.0450737$ \\
eHtautauint & $0.012717$ & $0.0397711$ & $0.0303606$ & $0.0211251$ & $-0.0361286$ & $0.0174115$ & $-0.00226816$ & $-0.0616374$ & $-0.0622437$ & $0.0145888$ & $0.059754$ & $0.00529608$ & $0.0211431$ & $-0.0217151$ & $0.0220013$ & $-0.00881565$ & $-0.00604211$ & $-0.0121524$ & $0.00705548$ & $-0.0503338$ & $-0.065945$ & $-0.0628157$ & $-0.0735054$ & $0.0381607$ & $-0.0234555$ & $0.0710496$ & $-0.0809911$ & $-0.0292397$ & $-0.0151236$ & $0.0891057$ & $0.0105508$ & $-0.0055927$ & $0.00876844$ & $-0.0700092$ & $-0.0440537$ & $-0.0406293$ & $0.0490192$ & $-0.0244834$ & $0.0149334$ & $0.0093601$ & $0.0298366$ & $0.0217754$ & $-0.0326854$ & $0.0129276$ & $1$ & $-0.00927512$ & $-0.0228909$ & $0.0141427$ & $-0.0513912$ \\
eHccint & $0.0474285$ & $-0.0308003$ & $-0.0307332$ & $0.0237125$ & $-0.00856817$ & $-0.039665$ & $-0.00324102$ & $-0.00690378$ & $0.00623444$ & $0.0486754$ & $0.00180315$ & $0.00605995$ & $0.0378928$ & $-0.0035373$ & $-0.00951464$ & $0.026243$ & $0.0137772$ & $0.0167557$ & $-0.00626684$ & $-2.5651e-05$ & $-0.00162645$ & $-0.000589882$ & $-0.0236286$ & $-0.0045532$ & $-0.0145925$ & $-0.0154255$ & $-0.0444549$ & $0.0248988$ & $-0.0338911$ & $0.0175312$ & $0.103729$ & $-0.00831145$ & $0.015054$ & $0.00459767$ & $-0.0603899$ & $0.00494857$ & $-0.056583$ & $0.00183435$ & $0.00824708$ & $0.0110737$ & $-0.0153812$ & $-0.0249926$ & $0.0582822$ & $0.0173205$ & $-0.00927512$ & $1$ & $-0.0268847$ & $-0.0110278$ & $0.00140696$ \\
eHccpar & $-0.0652919$ & $0.0618299$ & $0.0781295$ & $0.0433521$ & $0.00740413$ & $-0.0115297$ & $-0.0275595$ & $-0.00424665$ & $-0.0152937$ & $-0.0151136$ & $0.0169726$ & $-0.0106432$ & $-0.00422915$ & $-0.0369042$ & $-0.0198421$ & $0.00912282$ & $-0.00738034$ & $-0.00796046$ & $-0.0386233$ & $-0.016097$ & $-0.0134583$ & $-0.0251302$ & $0.0278522$ & $-0.00110333$ & $-0.0284635$ & $-0.0275487$ & $-0.0176283$ & $0.00998014$ & $-0.0383802$ & $-0.0206329$ & $0.377789$ & $-0.0140696$ & $-0.0319717$ & $0.0279293$ & $0.0580537$ & $0.0233674$ & $0.0312285$ & $-0.0150492$ & $0.00522624$ & $0.0335424$ & $-0.0169129$ & $-0.0152344$ & $-0.092112$ & $-0.0320489$ & $-0.0228909$ & $-0.0268847$ & $1$ & $-0.00528742$ & $-0.0247627$ \\
eHbbint & $-0.0332215$ & $-0.0259823$ & $-0.010554$ & $-0.00478053$ & $-0.00907101$ & $0.0209118$ & $-0.023269$ & $0.00958257$ & $0.0142993$ & $-0.0260079$ & $0.00606695$ & $-0.00698672$ & $0.0164039$ & $-0.0322801$ & $-0.0244481$ & $0.0123489$ & $-0.0258991$ & $-0.00671187$ & $-0.0282849$ & $-0.00523954$ & $-0.00504659$ & $0.000242058$ & $0.0264581$ & $-0.0199295$ & $0.00987796$ & $0.00135333$ & $0.0471669$ & $-0.00345208$ & $-0.0538224$ & $0.032488$ & $0.0125915$ & $-0.0190042$ & $0.176323$ & $0.0303472$ & $0.0394513$ & $0.0340231$ & $-0.0155805$ & $-0.000391728$ & $0.00858301$ & $-0.0463969$ & $-0.0774106$ & $-0.00454746$ & $0.0410852$ & $0.0155317$ & $0.0141427$ & $-0.0110278$ & $-0.00528742$ & $1$ & $-0.0403566$ \\
eHbbpar & $0.0367813$ & $0.0238312$ & $-0.00250335$ & $-0.0392172$ & $-0.0349666$ & $0.00276154$ & $0.0142975$ & $0.0300275$ & $0.0331587$ & $-0.0226406$ & $-0.0215872$ & $-0.0218184$ & $0.0104411$ & $-0.00111264$ & $0.0158923$ & $-0.0288607$ & $-0.028453$ & $-0.0302184$ & $-0.00177181$ & $0.0201028$ & $0.0239595$ & $0.0161264$ & $0.0534332$ & $-0.0213684$ & $-0.0130253$ & $-0.0372129$ & $0.0415986$ & $0.0194134$ & $-0.0181097$ & $-0.0329958$ & $-0.0295119$ & $0.0130664$ & $0.46355$ & $0.00534031$ & $3.38656e-06$ & $-0.0119044$ & $-0.0263104$ & $-0.0646437$ & $-0.0130448$ & $0.00779356$ & $0.0314278$ & $-0.0202028$ & $0.0308725$ & $-0.0450737$ & $-0.0513912$ & $0.00140696$ & $-0.0247627$ & $-0.0403566$ & $1$ \\
