 & AlsMz & dAle5Mz & mtop & mHl & Mz & CW & CHG & CHWB & CHWHB_gaga & CHWHB_gagaorth & CHD & CHbox & CH & CHL1_11 & CHL1_22 & CHL1_33 & CHL3_11 & CHL3_22 & CHL3_33 & CHe_11 & CHe_22 & CHe_33 & CHQ1_11 & CHQ1_33 & CHQ3_11 & CHu_11 & CHd_11 & CHd_33 & CeH_22r & CeH_33r & CuH_22r & CuH_33r & CdH_33r & CLL_1221 & eHggint & eHggpar & eHWWint & eHWWpar & eHZZint & eHZZpar & eHZgaint & eHZgapar & eHgagaint & eHmumuint & eHtautauint & eHccint & eHccpar & eHbbint & eHbbpar \\
AlsMz & $1$ & $0.00504673$ & $0.0283435$ & $0.105871$ & $0.00343087$ & $0.00654925$ & $-0.023272$ & $-0.0211699$ & $-0.0271907$ & $0.00296674$ & $0.00779564$ & $0.00409391$ & $0.00346759$ & $0.00610136$ & $-0.0119141$ & $0.0206195$ & $-0.00101498$ & $0.0216725$ & $-0.00153347$ & $-0.0116909$ & $-0.0182431$ & $-0.00938288$ & $-0.0372395$ & $-0.0533694$ & $-0.120459$ & $-0.0149104$ & $-0.067048$ & $0.00606996$ & $0.0129137$ & $0.0193382$ & $-0.00299106$ & $-0.0231725$ & $-0.0315552$ & $-0.0121889$ & $0.00810585$ & $-0.0394232$ & $0.0291235$ & $0.0260824$ & $0.0376609$ & $-0.0140994$ & $-0.0940853$ & $-0.0430813$ & $-0.0595776$ & $0.0828836$ & $0.0114792$ & $-0.0235932$ & $0.000573008$ & $-0.0541875$ & $-0.0482605$ \\
dAle5Mz & $0.00504673$ & $1$ & $0.0932279$ & $0.069178$ & $0.0613912$ & $0.0392686$ & $0.0533241$ & $-0.114931$ & $-0.112429$ & $0.0711091$ & $0.102268$ & $0.0823327$ & $0.0235226$ & $-0.0370591$ & $-0.0435431$ & $-0.014007$ & $0.0177166$ & $0.0308791$ & $0.0111859$ & $-0.0758571$ & $-0.0706763$ & $-0.0673552$ & $-0.00907496$ & $0.0465195$ & $0.0253226$ & $0.0319895$ & $-0.0192746$ & $0.0202762$ & $0.00784742$ & $0.0145325$ & $0.0321606$ & $0.0626601$ & $0.0685645$ & $0.0149593$ & $-0.00754151$ & $0.017016$ & $-0.00904806$ & $-0.00403497$ & $-0.0447493$ & $-0.014227$ & $-0.0240854$ & $-0.0602295$ & $-0.0919408$ & $-0.00333481$ & $-0.0489628$ & $-0.0234714$ & $0.0594424$ & $-0.0354819$ & $0.0928271$ \\
mtop & $0.0283435$ & $0.0932279$ & $1$ & $-0.0370123$ & $0.0204864$ & $-0.00541937$ & $0.0234425$ & $-0.0325201$ & $-0.0306697$ & $0.0219476$ & $0.0351531$ & $0.0237318$ & $-0.00757314$ & $-0.0205341$ & $0.000403711$ & $-0.0128236$ & $0.0226667$ & $0.00442072$ & $0.0193862$ & $-0.0244614$ & $-0.0247614$ & $-0.0230155$ & $0.00321352$ & $0.0341151$ & $0.0178968$ & $0.0169995$ & $0.00686971$ & $-0.0179036$ & $-0.000733395$ & $0.0148096$ & $0.00434356$ & $0.0253725$ & $0.0555756$ & $-0.0126697$ & $-0.0309843$ & $-0.0119504$ & $-0.0589023$ & $0.0372355$ & $-0.00886985$ & $0.0321246$ & $-0.0492866$ & $0.0120724$ & $-0.0421645$ & $-0.00934301$ & $-0.05248$ & $0.0221718$ & $-0.0128042$ & $0.0671977$ & $0.0368986$ \\
mHl & $0.105871$ & $0.069178$ & $-0.0370123$ & $1$ & $-0.0522505$ & $-0.0344606$ & $-0.0189964$ & $-0.066874$ & $-0.0594577$ & $0.0450734$ & $0.046397$ & $0.0316821$ & $-0.00674488$ & $0.00728707$ & $-0.0365606$ & $-0.00435061$ & $0.0419448$ & $0.0611359$ & $0.0458468$ & $-0.0440346$ & $-0.0457545$ & $-0.038197$ & $-0.0418403$ & $0.0344243$ & $0.0196539$ & $0.0450857$ & $-0.0503095$ & $0.00119909$ & $0.0328468$ & $0.00908068$ & $-0.0144937$ & $-0.0114506$ & $0.0375959$ & $-0.0149819$ & $0.0544669$ & $0.008865$ & $-0.00919001$ & $-0.014862$ & $-0.0565849$ & $-0.0223402$ & $-0.0449416$ & $0.0141634$ & $0.036637$ & $0.0222243$ & $0.029552$ & $0.0613652$ & $-0.0204152$ & $0.0119432$ & $0.0138212$ \\
Mz & $0.00343087$ & $0.0613912$ & $0.0204864$ & $-0.0522505$ & $1$ & $-0.00514361$ & $-0.0106561$ & $0.0246551$ & $0.0269038$ & $-0.00501317$ & $-0.0185448$ & $-0.00143127$ & $0.00868215$ & $0.0092039$ & $0.0326012$ & $0.00879761$ & $0.00186245$ & $-0.0238716$ & $-0.0113995$ & $0.0271028$ & $0.0282178$ & $0.0227587$ & $-0.00514969$ & $0.00794096$ & $-0.0252694$ & $-0.0228888$ & $-0.00760998$ & $0.00702454$ & $0.0110687$ & $0.00429919$ & $0.0165775$ & $-0.00721729$ & $0.026351$ & $-0.00518557$ & $-0.0226397$ & $-0.0225185$ & $-0.0163878$ & $0.0104392$ & $-0.00510198$ & $0.00618967$ & $0.0139812$ & $0.0101943$ & $0.00362384$ & $0.01241$ & $0.00216669$ & $0.00938435$ & $0.00406445$ & $-0.0257666$ & $0.0381437$ \\
CW & $0.00654925$ & $0.0392686$ & $-0.00541937$ & $-0.0344606$ & $-0.00514361$ & $1$ & $0.0236973$ & $-0.0954646$ & $-0.0855626$ & $-0.0112316$ & $0.165407$ & $0.0270615$ & $0.0102755$ & $0.0113864$ & $-0.0881553$ & $-0.0870018$ & $-0.274696$ & $-0.0621378$ & $-0.0634475$ & $-0.166575$ & $-0.164971$ & $-0.160556$ & $-0.0161412$ & $-0.0257486$ & $-0.0988773$ & $0.111255$ & $-0.043298$ & $-0.0559609$ & $-0.0016354$ & $-0.0219101$ & $-0.0202294$ & $0.0140613$ & $-0.041352$ & $-0.0879997$ & $-0.00594864$ & $0.00939366$ & $-0.00545318$ & $-0.0314197$ & $-0.0170808$ & $0.0197097$ & $0.0180429$ & $0.0220868$ & $0.0258612$ & $0.0195077$ & $0.00656612$ & $-0.0297901$ & $-0.0347397$ & $-0.0436734$ & $-0.0344341$ \\
CHG & $-0.023272$ & $0.0533241$ & $0.0234425$ & $-0.0189964$ & $-0.0106561$ & $0.0236973$ & $1$ & $-0.122975$ & $-0.0714058$ & $0.0647992$ & $0.0703919$ & $-0.079311$ & $-0.306259$ & $0.065399$ & $-0.0222783$ & $-0.0214686$ & $0.10182$ & $0.110679$ & $0.114302$ & $-0.067887$ & $-0.0726686$ & $-0.0705564$ & $0.0009092$ & $0.130787$ & $0.120056$ & $0.0138014$ & $-0.0458326$ & $-0.0447996$ & $-0.00719153$ & $-0.146811$ & $-0.0779856$ & $0.93182$ & $-0.144278$ & $-0.0793809$ & $-0.0698997$ & $0.0200578$ & $0.0524444$ & $0.00362751$ & $-0.056594$ & $0.0151166$ & $0.0239545$ & $-0.0405209$ & $-0.0195086$ & $0.0421254$ & $0.0273739$ & $-0.0293608$ & $-0.0233908$ & $-0.04647$ & $0.0219683$ \\
CHWB & $-0.0211699$ & $-0.114931$ & $-0.0325201$ & $-0.066874$ & $0.0246551$ & $-0.0954646$ & $-0.122975$ & $1$ & $0.981954$ & $-0.588253$ & $-0.88117$ & $-0.240389$ & $0.343199$ & $0.0805363$ & $0.308065$ & $0.295693$ & $-0.252714$ & $-0.449943$ & $-0.450882$ & $0.852153$ & $0.89653$ & $0.878226$ & $0.0602205$ & $-0.68171$ & $-0.416375$ & $-0.499988$ & $0.413934$ & $0.301586$ & $0.0304085$ & $0.104966$ & $0.0562543$ & $-0.121449$ & $0.0800538$ & $0.556186$ & $-0.0105012$ & $0.0164301$ & $0.0329143$ & $-0.0286102$ & $-0.0138628$ & $-0.0196227$ & $0.00990319$ & $-0.013277$ & $0.000397785$ & $-0.0442077$ & $0.00969672$ & $-0.0237366$ & $-0.00297336$ & $-0.0385065$ & $-0.0225965$ \\
CHWHB_gaga & $-0.0271907$ & $-0.112429$ & $-0.0306697$ & $-0.0594577$ & $0.0269038$ & $-0.0855626$ & $-0.0714058$ & $0.981954$ & $1$ & $-0.58098$ & $-0.860775$ & $-0.223319$ & $0.336841$ & $0.0695861$ & $0.306588$ & $0.293709$ & $-0.257798$ & $-0.453218$ & $-0.453154$ & $0.83276$ & $0.875148$ & $0.858062$ & $0.0573595$ & $-0.673897$ & $-0.416546$ & $-0.488316$ & $0.40302$ & $0.297914$ & $0.0344445$ & $0.118388$ & $0.0587917$ & $-0.0807659$ & $0.0923203$ & $0.542018$ & $-0.0319755$ & $0.018835$ & $0.0240566$ & $-0.0312466$ & $-0.0237428$ & $-0.018457$ & $0.0153439$ & $-0.0129554$ & $0.081501$ & $-0.0329892$ & $0.0226083$ & $-0.0266992$ & $-0.0095054$ & $-0.032677$ & $-0.0288454$ \\
CHWHB_gagaorth & $0.00296674$ & $0.0711091$ & $0.0219476$ & $0.0450734$ & $-0.00501317$ & $-0.0112316$ & $0.0647992$ & $-0.588253$ & $-0.58098$ & $1$ & $0.365281$ & $0.597358$ & $-0.250307$ & $0.245332$ & $-0.119614$ & $-0.0998957$ & $0.462809$ & $0.504843$ & $0.500939$ & $-0.346946$ & $-0.38204$ & $-0.371607$ & $-0.0630066$ & $0.57788$ & $0.507169$ & $0.218316$ & $-0.242804$ & $-0.132545$ & $-0.0220294$ & $-0.126217$ & $-0.0509483$ & $0.0850827$ & $-0.112561$ & $-0.361612$ & $0.0510722$ & $0.0409143$ & $-0.00483589$ & $0.00478817$ & $0.010292$ & $0.00783499$ & $-0.0616498$ & $0.00853762$ & $-0.013304$ & $0.0244439$ & $-0.00472639$ & $0.0290854$ & $-0.00160175$ & $0.0466073$ & $-0.0183716$ \\
CHD & $0.00779564$ & $0.102268$ & $0.0351531$ & $0.046397$ & $-0.0185448$ & $0.165407$ & $0.0703919$ & $-0.88117$ & $-0.860775$ & $0.365281$ & $1$ & $0.277019$ & $-0.17555$ & $-0.493559$ & $-0.422896$ & $-0.419089$ & $-0.201492$ & $0.0873406$ & $0.0936545$ & $-0.990286$ & $-0.990577$ & $-0.968862$ & $-0.0068497$ & $0.323906$ & $0.0429072$ & $0.557296$ & $-0.28606$ & $-0.31554$ & $-0.0208809$ & $-0.06225$ & $-0.0495062$ & $0.0768295$ & $-0.0436337$ & $-0.37236$ & $0.0116477$ & $-0.000285118$ & $-0.0411583$ & $0.0240123$ & $0.0241835$ & $0.0187094$ & $0.0136228$ & $0.0342424$ & $0.0105176$ & $0.0508399$ & $-0.00838589$ & $0.0148557$ & $-0.00967551$ & $0.056022$ & $0.0229718$ \\
CHbox & $0.00409391$ & $0.0823327$ & $0.0237318$ & $0.0316821$ & $-0.00143127$ & $0.0270615$ & $-0.079311$ & $-0.240389$ & $-0.223319$ & $0.597358$ & $0.277019$ & $1$ & $0.149868$ & $-0.182755$ & $-0.016298$ & $-0.00092782$ & $-0.0752486$ & $-0.0471385$ & $-0.0537666$ & $-0.249982$ & $-0.287306$ & $-0.275405$ & $-0.0393945$ & $0.0933651$ & $-0.0260435$ & $0.16468$ & $-0.150494$ & $-0.0801874$ & $0.0353016$ & $0.230862$ & $0.042278$ & $0.0185594$ & $0.261394$ & $-0.177581$ & $0.11363$ & $0.112382$ & $-0.025767$ & $-0.0151847$ & $0.0124971$ & $-0.00170699$ & $-0.0243411$ & $0.0170225$ & $-0.0143006$ & $0.0137798$ & $0.0093261$ & $0.018515$ & $-0.0313769$ & $0.0698539$ & $0.00631332$ \\
CH & $0.00346759$ & $0.0235226$ & $-0.00757314$ & $-0.00674488$ & $0.00868215$ & $0.0102755$ & $-0.306259$ & $0.343199$ & $0.336841$ & $-0.250307$ & $-0.17555$ & $0.149868$ & $1$ & $-0.238216$ & $0.0862136$ & $0.0897903$ & $-0.339845$ & $-0.372812$ & $-0.377749$ & $0.174331$ & $0.186074$ & $0.186975$ & $0.0222448$ & $-0.379446$ & $-0.361545$ & $-0.104743$ & $0.126585$ & $0.0811626$ & $0.0708098$ & $0.287572$ & $0.115927$ & $-0.25055$ & $0.310757$ & $0.206502$ & $0.0167727$ & $0.0520571$ & $-0.0173454$ & $-0.0166021$ & $-0.0100867$ & $-0.00332729$ & $0.00801003$ & $0.00833135$ & $-0.00175643$ & $-0.00941298$ & $0.0275897$ & $-0.0288397$ & $0.0048052$ & $0.00258843$ & $0.0178704$ \\
CHL1_11 & $0.00610136$ & $-0.0370591$ & $-0.0205341$ & $0.00728707$ & $0.0092039$ & $0.0113864$ & $0.065399$ & $0.0805363$ & $0.0695861$ & $0.245332$ & $-0.493559$ & $-0.182755$ & $-0.238216$ & $1$ & $0.251782$ & $0.249804$ & $0.666082$ & $0.597441$ & $0.59692$ & $0.510091$ & $0.456409$ & $0.442433$ & $-0.0833269$ & $0.469352$ & $0.595441$ & $-0.251116$ & $-0.0955687$ & $0.12059$ & $-0.0148747$ & $-0.0650922$ & $-0.000256452$ & $0.040859$ & $-0.0678667$ & $-0.202893$ & $-0.0146099$ & $-0.0379188$ & $0.0346828$ & $-0.00791143$ & $-0.0213987$ & $-0.00291688$ & $-0.0329982$ & $-0.048697$ & $-0.0372262$ & $-0.0255323$ & $-0.00468798$ & $0.00906324$ & $0.0207883$ & $-0.0436841$ & $-0.0201202$ \\
CHL1_22 & $-0.0119141$ & $-0.0435431$ & $0.000403711$ & $-0.0365606$ & $0.0326012$ & $-0.0881553$ & $-0.0222783$ & $0.308065$ & $0.306588$ & $-0.119614$ & $-0.422896$ & $-0.016298$ & $0.0862136$ & $0.251782$ & $1$ & $0.472957$ & $0.147917$ & $-0.4654$ & $-0.072$ & $0.48939$ & $0.33624$ & $0.331259$ & $-0.174438$ & $0.0834237$ & $-0.155573$ & $-0.195589$ & $-0.401341$ & $0.0838217$ & $0.011914$ & $0.0497476$ & $0.0147609$ & $-0.0125321$ & $0.0414004$ & $-0.58923$ & $0.000337762$ & $0.0231188$ & $0.00108693$ & $-0.0120321$ & $-0.0172034$ & $-0.00698461$ & $-0.0310073$ & $-0.0548327$ & $0.00277536$ & $-0.040367$ & $0.0305137$ & $0.043331$ & $-0.00687009$ & $0.000492377$ & $-0.0200909$ \\
CHL1_33 & $0.0206195$ & $-0.014007$ & $-0.0128236$ & $-0.00435061$ & $0.00879761$ & $-0.0870018$ & $-0.0214686$ & $0.295693$ & $0.293709$ & $-0.0998957$ & $-0.419089$ & $-0.00092782$ & $0.0897903$ & $0.249804$ & $0.472957$ & $1$ & $0.167608$ & $-0.0519484$ & $-0.444334$ & $0.486918$ & $0.335203$ & $0.353139$ & $-0.176694$ & $0.109506$ & $-0.136405$ & $-0.197541$ & $-0.3894$ & $0.0966103$ & $-0.0173831$ & $0.0446165$ & $0.00158484$ & $-0.014948$ & $0.0467605$ & $-0.11799$ & $0.0200706$ & $0.0111429$ & $-0.0272322$ & $-0.0208008$ & $-0.0464358$ & $-0.0235851$ & $0.00709094$ & $-0.0597113$ & $-0.00608412$ & $-0.0154805$ & $0.0121984$ & $-0.00535301$ & $-0.023387$ & $-0.0250047$ & $0.0202375$ \\
CHL3_11 & $-0.00101498$ & $0.0177166$ & $0.0226667$ & $0.0419448$ & $0.00186245$ & $-0.274696$ & $0.10182$ & $-0.252714$ & $-0.257798$ & $0.462809$ & $-0.201492$ & $-0.0752486$ & $-0.339845$ & $0.666082$ & $0.147917$ & $0.167608$ & $1$ & $0.7398$ & $0.729244$ & $0.227277$ & $0.170592$ & $0.163655$ & $-0.0642027$ & $0.685069$ & $0.774911$ & $-0.113253$ & $-0.166056$ & $0.0248745$ & $-0.0169714$ & $-0.0829148$ & $-0.0121379$ & $0.0902486$ & $-0.0657303$ & $-0.243139$ & $0.00420975$ & $-0.0320913$ & $0.0126236$ & $0.0202533$ & $-0.0129616$ & $-0.00111398$ & $-0.0593454$ & $-0.0253534$ & $-0.0116691$ & $-0.0169984$ & $-0.00472052$ & $0.0229158$ & $0.0209232$ & $-0.028555$ & $0.00850042$ \\
CHL3_22 & $0.0216725$ & $0.0308791$ & $0.00442072$ & $0.0611359$ & $-0.0238716$ & $-0.0621378$ & $0.110679$ & $-0.449943$ & $-0.453218$ & $0.504843$ & $0.0873406$ & $-0.0471385$ & $-0.372812$ & $0.597441$ & $-0.4654$ & $-0.0519484$ & $0.7398$ & $1$ & $0.689519$ & $-0.0902429$ & $-0.077801$ & $-0.0772375$ & $0.00989502$ & $0.629366$ & $0.797622$ & $0.0398881$ & $0.00397248$ & $-0.0390773$ & $-0.0294658$ & $-0.112987$ & $-0.0243113$ & $0.0891335$ & $-0.0949723$ & $0.0448963$ & $-0.000850792$ & $-0.0489532$ & $0.0110075$ & $0.014351$ & $-0.00876839$ & $0.0080019$ & $-0.0240638$ & $-0.000756004$ & $-0.0239814$ & $0.0142191$ & $-0.0248962$ & $-0.00987365$ & $0.0222608$ & $-0.0312459$ & $0.0138979$ \\
CHL3_33 & $-0.00153347$ & $0.0111859$ & $0.0193862$ & $0.0458468$ & $-0.0113995$ & $-0.0634475$ & $0.114302$ & $-0.450882$ & $-0.453154$ & $0.500939$ & $0.0936545$ & $-0.0537666$ & $-0.377749$ & $0.59692$ & $-0.072$ & $-0.444334$ & $0.729244$ & $0.689519$ & $1$ & $-0.0981554$ & $-0.0841429$ & $-0.0801665$ & $0.0121431$ & $0.615217$ & $0.79422$ & $0.0475909$ & $0.00219281$ & $-0.0521944$ & $-0.00541473$ & $-0.105596$ & $-0.0159488$ & $0.0963139$ & $-0.0973252$ & $-0.318251$ & $-0.0151722$ & $-0.0339808$ & $0.0287057$ & $0.0234295$ & $-0.00172636$ & $0.0186681$ & $-0.0499123$ & $-0.00143814$ & $-0.0152591$ & $-0.00272141$ & $-0.0012095$ & $0.0288466$ & $0.0342417$ & $-0.0104889$ & $-0.0152174$ \\
CHe_11 & $-0.0116909$ & $-0.0758571$ & $-0.0244614$ & $-0.0440346$ & $0.0271028$ & $-0.166575$ & $-0.067887$ & $0.852153$ & $0.83276$ & $-0.346946$ & $-0.990286$ & $-0.249982$ & $0.174331$ & $0.510091$ & $0.48939$ & $0.486918$ & $0.227277$ & $-0.0902429$ & $-0.0981554$ & $1$ & $0.971944$ & $0.952383$ & $-0.0221419$ & $-0.270632$ & $-0.0363553$ & $-0.546539$ & $0.209302$ & $0.30622$ & $0.0191523$ & $0.0667195$ & $0.0518724$ & $-0.0725434$ & $0.0529844$ & $0.293813$ & $-0.0126586$ & $0.00146779$ & $0.0372505$ & $-0.0268044$ & $-0.0316401$ & $-0.0175467$ & $-0.0174642$ & $-0.0388862$ & $-0.0148899$ & $-0.0529415$ & $0.00917755$ & $-0.0116865$ & $0.010762$ & $-0.0580258$ & $-0.0164894$ \\
CHe_22 & $-0.0182431$ & $-0.0706763$ & $-0.0247614$ & $-0.0457545$ & $0.0282178$ & $-0.164971$ & $-0.0726686$ & $0.89653$ & $0.875148$ & $-0.38204$ & $-0.990577$ & $-0.287306$ & $0.186074$ & $0.456409$ & $0.33624$ & $0.335203$ & $0.170592$ & $-0.077801$ & $-0.0841429$ & $0.971944$ & $1$ & $0.973866$ & $0.0356469$ & $-0.377397$ & $-0.0454804$ & $-0.561313$ & $0.367087$ & $0.321334$ & $0.0233521$ & $0.0632283$ & $0.0533514$ & $-0.0795377$ & $0.0475357$ & $0.46074$ & $-0.0153564$ & $-0.00114087$ & $0.0455465$ & $-0.0250429$ & $-0.0240803$ & $-0.0187295$ & $-0.0144547$ & $-0.0290866$ & $-0.0141837$ & $-0.0509639$ & $0.00298286$ & $-0.0184628$ & $0.0116686$ & $-0.0586753$ & $-0.0181044$ \\
CHe_33 & $-0.00938288$ & $-0.0673552$ & $-0.0230155$ & $-0.038197$ & $0.0227587$ & $-0.160556$ & $-0.0705564$ & $0.878226$ & $0.858062$ & $-0.371607$ & $-0.968862$ & $-0.275405$ & $0.186975$ & $0.442433$ & $0.331259$ & $0.353139$ & $0.163655$ & $-0.0772375$ & $-0.0801665$ & $0.952383$ & $0.973866$ & $1$ & $0.0287211$ & $-0.369429$ & $-0.0475748$ & $-0.545859$ & $0.356681$ & $0.313345$ & $0.0250495$ & $0.0645799$ & $0.0530673$ & $-0.076982$ & $0.0483179$ & $0.452717$ & $-0.00745804$ & $0.00514041$ & $0.0398637$ & $-0.020271$ & $-0.0449859$ & $-0.020001$ & $-0.00955987$ & $-0.0286539$ & $-0.0138182$ & $-0.0445659$ & $0.0130214$ & $-0.018756$ & $0.0118903$ & $-0.0521552$ & $-0.0134479$ \\
CHQ1_11 & $-0.0372395$ & $-0.00907496$ & $0.00321352$ & $-0.0418403$ & $-0.00514969$ & $-0.0161412$ & $0.0009092$ & $0.0602205$ & $0.0573595$ & $-0.0630066$ & $-0.0068497$ & $-0.0393945$ & $0.0222448$ & $-0.0833269$ & $-0.174438$ & $-0.176694$ & $-0.0642027$ & $0.00989502$ & $0.0121431$ & $-0.0221419$ & $0.0356469$ & $0.0287211$ & $1$ & $-0.137697$ & $0.0913333$ & $-0.674371$ & $0.350133$ & $0.0142902$ & $-0.0077288$ & $-0.00211352$ & $0.0461794$ & $0.00190925$ & $0.00611414$ & $0.203536$ & $0.0125712$ & $-0.00686172$ & $0.00604843$ & $0.00558226$ & $0.0226261$ & $0.0214092$ & $0.0366351$ & $0.00919442$ & $0.0130175$ & $0.013162$ & $0.0223097$ & $-0.00255741$ & $0.0221282$ & $-0.0425517$ & $0.0143999$ \\
CHQ1_33 & $-0.0533694$ & $0.0465195$ & $0.0341151$ & $0.0344243$ & $0.00794096$ & $-0.0257486$ & $0.130787$ & $-0.68171$ & $-0.673897$ & $0.57788$ & $0.323906$ & $0.0933651$ & $-0.379446$ & $0.469352$ & $0.0834237$ & $0.109506$ & $0.685069$ & $0.629366$ & $0.615217$ & $-0.270632$ & $-0.377397$ & $-0.369429$ & $-0.137697$ & $1$ & $0.646182$ & $0.208596$ & $-0.420165$ & $-0.0632276$ & $-0.0274486$ & $-0.103084$ & $-0.03664$ & $0.124228$ & $-0.0749598$ & $-0.614703$ & $-0.010211$ & $-0.0163135$ & $-0.0354184$ & $0.0242871$ & $0.00106758$ & $0.0117618$ & $-0.0183223$ & $-0.0185917$ & $-0.00955274$ & $0.0111758$ & $-0.0289958$ & $0.0419552$ & $0.00399238$ & $0.0057696$ & $0.00959964$ \\
CHQ3_11 & $-0.120459$ & $0.0253226$ & $0.0178968$ & $0.0196539$ & $-0.0252694$ & $-0.0988773$ & $0.120056$ & $-0.416375$ & $-0.416546$ & $0.507169$ & $0.0429072$ & $-0.0260435$ & $-0.361545$ & $0.595441$ & $-0.155573$ & $-0.136405$ & $0.774911$ & $0.797622$ & $0.79422$ & $-0.0363553$ & $-0.0454804$ & $-0.0475748$ & $0.0913333$ & $0.646182$ & $1$ & $0.0261117$ & $0.210844$ & $-0.0320385$ & $-0.0159134$ & $-0.0978259$ & $-0.0213017$ & $0.0977335$ & $-0.0811792$ & $-0.185481$ & $-0.0320146$ & $-0.0388337$ & $0.00058352$ & $0.0250756$ & $-0.020953$ & $0.0235698$ & $-0.00540295$ & $0.00961453$ & $-0.00898204$ & $-0.0198215$ & $7.98005e-05$ & $0.0163644$ & $0.0273602$ & $-0.0247507$ & $0.00538451$ \\
CHu_11 & $-0.0149104$ & $0.0319895$ & $0.0169995$ & $0.0450857$ & $-0.0228888$ & $0.111255$ & $0.0138014$ & $-0.499988$ & $-0.488316$ & $0.218316$ & $0.557296$ & $0.16468$ & $-0.104743$ & $-0.251116$ & $-0.195589$ & $-0.197541$ & $-0.113253$ & $0.0398881$ & $0.0475909$ & $-0.546539$ & $-0.561313$ & $-0.545859$ & $-0.674371$ & $0.208596$ & $0.0261117$ & $1$ & $-0.166718$ & $-0.185395$ & $-0.00548877$ & $-0.00558119$ & $-0.0472809$ & $0.0162662$ & $-0.0079322$ & $-0.258394$ & $-0.00904757$ & $-0.00682877$ & $-0.0556482$ & $0.0233382$ & $0.00263924$ & $-0.00242308$ & $-0.0119859$ & $0.0359501$ & $0.0110814$ & $0.00575869$ & $-0.00651336$ & $0.01454$ & $-0.0337089$ & $0.0612358$ & $0.0151057$ \\
CHd_11 & $-0.067048$ & $-0.0192746$ & $0.00686971$ & $-0.0503095$ & $-0.00760998$ & $-0.043298$ & $-0.0458326$ & $0.413934$ & $0.40302$ & $-0.242804$ & $-0.28606$ & $-0.150494$ & $0.126585$ & $-0.0955687$ & $-0.401341$ & $-0.3894$ & $-0.166056$ & $0.00397248$ & $0.00219281$ & $0.209302$ & $0.367087$ & $0.356681$ & $0.350133$ & $-0.420165$ & $0.210844$ & $-0.166718$ & $1$ & $0.129694$ & $0.0268228$ & $0.0409619$ & $0.0340022$ & $-0.0564534$ & $0.025129$ & $0.686258$ & $-0.0478019$ & $-0.011228$ & $0.00325072$ & $0.0151436$ & $0.00449804$ & $0.0165643$ & $0.0442114$ & $0.0524546$ & $0.00230013$ & $-0.0249914$ & $0.00176811$ & $-0.0227362$ & $0.0103048$ & $-0.0373497$ & $-0.0102668$ \\
CHd_33 & $0.00606996$ & $0.0202762$ & $-0.0179036$ & $0.00119909$ & $0.00702454$ & $-0.0559609$ & $-0.0447996$ & $0.301586$ & $0.297914$ & $-0.132545$ & $-0.31554$ & $-0.0801874$ & $0.0811626$ & $0.12059$ & $0.0838217$ & $0.0966103$ & $0.0248745$ & $-0.0390773$ & $-0.0521944$ & $0.30622$ & $0.321334$ & $0.313345$ & $0.0142902$ & $-0.0632276$ & $-0.0320385$ & $-0.185395$ & $0.129694$ & $1$ & $0.0298228$ & $0.019221$ & $0.0548618$ & $-0.0419076$ & $0.0386471$ & $0.184966$ & $-0.030311$ & $0.0316988$ & $-0.0016375$ & $0.00369854$ & $-0.00569624$ & $-0.0553941$ & $-0.00673874$ & $0.00774992$ & $0.0296909$ & $-0.0364026$ & $-0.0303525$ & $0.0175631$ & $0.0218008$ & $0.0197954$ & $0.00550088$ \\
CeH_22r & $0.0129137$ & $0.00784742$ & $-0.000733395$ & $0.0328468$ & $0.0110687$ & $-0.0016354$ & $-0.00719153$ & $0.0304085$ & $0.0344445$ & $-0.0220294$ & $-0.0208809$ & $0.0353016$ & $0.0708098$ & $-0.0148747$ & $0.011914$ & $-0.0173831$ & $-0.0169714$ & $-0.0294658$ & $-0.00541473$ & $0.0191523$ & $0.0233521$ & $0.0250495$ & $-0.0077288$ & $-0.0274486$ & $-0.0159134$ & $-0.00548877$ & $0.0268228$ & $0.0298228$ & $1$ & $0.0691577$ & $-0.00543038$ & $-0.0166182$ & $0.0527334$ & $0.0147366$ & $0.00258235$ & $0.00153272$ & $-0.000924749$ & $-0.00277064$ & $-0.00112111$ & $-0.00718898$ & $0.0126971$ & $-0.00268012$ & $-0.0239907$ & $-0.00842762$ & $0.00597324$ & $0.0116837$ & $-0.0270543$ & $-0.0116925$ & $0.0130358$ \\
CeH_33r & $0.0193382$ & $0.0145325$ & $0.0148096$ & $0.00908068$ & $0.00429919$ & $-0.0219101$ & $-0.146811$ & $0.104966$ & $0.118388$ & $-0.126217$ & $-0.06225$ & $0.230862$ & $0.287572$ & $-0.0650922$ & $0.0497476$ & $0.0446165$ & $-0.0829148$ & $-0.112987$ & $-0.105596$ & $0.0667195$ & $0.0632283$ & $0.0645799$ & $-0.00211352$ & $-0.103084$ & $-0.0978259$ & $-0.00558119$ & $0.0409619$ & $0.019221$ & $0.0691577$ & $1$ & $0.306445$ & $0.0149826$ & $0.658029$ & $0.0471792$ & $-0.0292239$ & $-0.014763$ & $-0.176808$ & $-0.012744$ & $-0.00324066$ & $-0.0190971$ & $0.00374835$ & $0.00327588$ & $-0.0240793$ & $-0.024681$ & $0.106957$ & $-0.0168868$ & $-0.0199763$ & $0.0229542$ & $0.0585734$ \\
CuH_22r & $-0.00299106$ & $0.0321606$ & $0.00434356$ & $-0.0144937$ & $0.0165775$ & $-0.0202294$ & $-0.0779856$ & $0.0562543$ & $0.0587917$ & $-0.0509483$ & $-0.0495062$ & $0.042278$ & $0.115927$ & $-0.000256452$ & $0.0147609$ & $0.00158484$ & $-0.0121379$ & $-0.0243113$ & $-0.0159488$ & $0.0518724$ & $0.0533514$ & $0.0530673$ & $0.0461794$ & $-0.03664$ & $-0.0213017$ & $-0.0472809$ & $0.0340022$ & $0.0548618$ & $-0.00543038$ & $0.306445$ & $1$ & $0.0164821$ & $0.345638$ & $0.0359205$ & $0.00057537$ & $0.00659279$ & $-0.0938644$ & $-0.0187663$ & $-0.0498708$ & $-0.0164904$ & $-0.0316968$ & $-0.0131209$ & $-0.0038$ & $-0.00879387$ & $0.0306021$ & $0.0461057$ & $0.369559$ & $0.0677946$ & $0.0337971$ \\
CuH_33r & $-0.0231725$ & $0.0626601$ & $0.0253725$ & $-0.0114506$ & $-0.00721729$ & $0.0140613$ & $0.93182$ & $-0.121449$ & $-0.0807659$ & $0.0850827$ & $0.0768295$ & $0.0185594$ & $-0.25055$ & $0.040859$ & $-0.0125321$ & $-0.014948$ & $0.0902486$ & $0.0891335$ & $0.0963139$ & $-0.0725434$ & $-0.0795377$ & $-0.076982$ & $0.00190925$ & $0.124228$ & $0.0977335$ & $0.0162662$ & $-0.0564534$ & $-0.0419076$ & $-0.0166182$ & $0.0149826$ & $0.0164821$ & $1$ & $0.0455147$ & $-0.0829762$ & $0.019957$ & $0.0781839$ & $0.0143458$ & $0.003702$ & $-0.0471929$ & $0.00651522$ & $0.0189682$ & $-0.0445242$ & $-0.0288871$ & $0.0273881$ & $0.0338049$ & $-0.0326442$ & $-0.0278619$ & $-0.0306787$ & $0.0458607$ \\
CdH_33r & $-0.0315552$ & $0.0685645$ & $0.0555756$ & $0.0375959$ & $0.026351$ & $-0.041352$ & $-0.144278$ & $0.0800538$ & $0.0923203$ & $-0.112561$ & $-0.0436337$ & $0.261394$ & $0.310757$ & $-0.0678667$ & $0.0414004$ & $0.0467605$ & $-0.0657303$ & $-0.0949723$ & $-0.0973252$ & $0.0529844$ & $0.0475357$ & $0.0483179$ & $0.00611414$ & $-0.0749598$ & $-0.0811792$ & $-0.0079322$ & $0.025129$ & $0.0386471$ & $0.0527334$ & $0.658029$ & $0.345638$ & $0.0455147$ & $1$ & $0.0398246$ & $-0.00227272$ & $0.00718026$ & $-0.240579$ & $-0.00102263$ & $-0.0271546$ & $-0.0190142$ & $-0.0128807$ & $-0.0184642$ & $-0.0341551$ & $-0.0410018$ & $0.0316603$ & $-0.0384642$ & $0.000493196$ & $0.207813$ & $0.542241$ \\
CLL_1221 & $-0.0121889$ & $0.0149593$ & $-0.0126697$ & $-0.0149819$ & $-0.00518557$ & $-0.0879997$ & $-0.0793809$ & $0.556186$ & $0.542018$ & $-0.361612$ & $-0.37236$ & $-0.177581$ & $0.206502$ & $-0.202893$ & $-0.58923$ & $-0.11799$ & $-0.243139$ & $0.0448963$ & $-0.318251$ & $0.293813$ & $0.46074$ & $0.452717$ & $0.203536$ & $-0.614703$ & $-0.185481$ & $-0.258394$ & $0.686258$ & $0.184966$ & $0.0147366$ & $0.0471792$ & $0.0359205$ & $-0.0829762$ & $0.0398246$ & $1$ & $-0.00193325$ & $-0.00442134$ & $0.0217962$ & $-0.00942921$ & $0.00290637$ & $-0.0121483$ & $0.0228841$ & $0.0343643$ & $-0.00556669$ & $-0.00552069$ & $-0.0228861$ & $-0.0544996$ & $0.00318232$ & $-0.0344302$ & $0.0097461$ \\
eHggint & $0.00810585$ & $-0.00754151$ & $-0.0309843$ & $0.0544669$ & $-0.0226397$ & $-0.00594864$ & $-0.0698997$ & $-0.0105012$ & $-0.0319755$ & $0.0510722$ & $0.0116477$ & $0.11363$ & $0.0167727$ & $-0.0146099$ & $0.000337762$ & $0.0200706$ & $0.00420975$ & $-0.000850792$ & $-0.0151722$ & $-0.0126586$ & $-0.0153564$ & $-0.00745804$ & $0.0125712$ & $-0.010211$ & $-0.0320146$ & $-0.00904757$ & $-0.0478019$ & $-0.030311$ & $0.00258235$ & $-0.0292239$ & $0.00057537$ & $0.019957$ & $-0.00227272$ & $-0.00193325$ & $1$ & $-0.0626835$ & $0.00452784$ & $-0.0325112$ & $0.000881701$ & $-0.021781$ & $0.0314055$ & $0.00928455$ & $0.0352728$ & $-0.00932217$ & $-0.0142409$ & $0.0312682$ & $0.0452734$ & $0.0898475$ & $0.0508082$ \\
eHggpar & $-0.0394232$ & $0.017016$ & $-0.0119504$ & $0.008865$ & $-0.0225185$ & $0.00939366$ & $0.0200578$ & $0.0164301$ & $0.018835$ & $0.0409143$ & $-0.000285118$ & $0.112382$ & $0.0520571$ & $-0.0379188$ & $0.0231188$ & $0.0111429$ & $-0.0320913$ & $-0.0489532$ & $-0.0339808$ & $0.00146779$ & $-0.00114087$ & $0.00514041$ & $-0.00686172$ & $-0.0163135$ & $-0.0388337$ & $-0.00682877$ & $-0.011228$ & $0.0316988$ & $0.00153272$ & $-0.014763$ & $0.00659279$ & $0.0781839$ & $0.00718026$ & $-0.00442134$ & $-0.0626835$ & $1$ & $-0.0186408$ & $0.0283067$ & $-0.00433052$ & $-0.0324816$ & $0.0224705$ & $-0.003331$ & $0.0375038$ & $0.0101328$ & $0.0562695$ & $-0.0289012$ & $-0.0476903$ & $0.0326085$ & $-0.0199007$ \\
eHWWint & $0.0291235$ & $-0.00904806$ & $-0.0589023$ & $-0.00919001$ & $-0.0163878$ & $-0.00545318$ & $0.0524444$ & $0.0329143$ & $0.0240566$ & $-0.00483589$ & $-0.0411583$ & $-0.025767$ & $-0.0173454$ & $0.0346828$ & $0.00108693$ & $-0.0272322$ & $0.0126236$ & $0.0110075$ & $0.0287057$ & $0.0372505$ & $0.0455465$ & $0.0398637$ & $0.00604843$ & $-0.0354184$ & $0.00058352$ & $-0.0556482$ & $0.00325072$ & $-0.0016375$ & $-0.000924749$ & $-0.176808$ & $-0.0938644$ & $0.0143458$ & $-0.240579$ & $0.0217962$ & $0.00452784$ & $-0.0186408$ & $1$ & $-0.0328651$ & $-0.00968943$ & $-0.0208249$ & $0.0134664$ & $0.00740174$ & $0.0131491$ & $0.00493851$ & $-0.0177692$ & $-0.0310636$ & $-0.0256361$ & $-0.0102272$ & $-0.0785151$ \\
eHWWpar & $0.0260824$ & $-0.00403497$ & $0.0372355$ & $-0.014862$ & $0.0104392$ & $-0.0314197$ & $0.00362751$ & $-0.0286102$ & $-0.0312466$ & $0.00478817$ & $0.0240123$ & $-0.0151847$ & $-0.0166021$ & $-0.00791143$ & $-0.0120321$ & $-0.0208008$ & $0.0202533$ & $0.014351$ & $0.0234295$ & $-0.0268044$ & $-0.0250429$ & $-0.020271$ & $0.00558226$ & $0.0242871$ & $0.0250756$ & $0.0233382$ & $0.0151436$ & $0.00369854$ & $-0.00277064$ & $-0.012744$ & $-0.0187663$ & $0.003702$ & $-0.00102263$ & $-0.00942921$ & $-0.0325112$ & $0.0283067$ & $-0.0328651$ & $1$ & $0.00779801$ & $-0.000454695$ & $-0.0346735$ & $0.0475649$ & $-0.000996625$ & $-0.0327243$ & $-0.0337022$ & $0.0513876$ & $-0.0214693$ & $-0.019237$ & $0.0438624$ \\
eHZZint & $0.0376609$ & $-0.0447493$ & $-0.00886985$ & $-0.0565849$ & $-0.00510198$ & $-0.0170808$ & $-0.056594$ & $-0.0138628$ & $-0.0237428$ & $0.010292$ & $0.0241835$ & $0.0124971$ & $-0.0100867$ & $-0.0213987$ & $-0.0172034$ & $-0.0464358$ & $-0.0129616$ & $-0.00876839$ & $-0.00172636$ & $-0.0316401$ & $-0.0240803$ & $-0.0449859$ & $0.0226261$ & $0.00106758$ & $-0.020953$ & $0.00263924$ & $0.00449804$ & $-0.00569624$ & $-0.00112111$ & $-0.00324066$ & $-0.0498708$ & $-0.0471929$ & $-0.0271546$ & $0.00290637$ & $0.000881701$ & $-0.00433052$ & $-0.00968943$ & $0.00779801$ & $1$ & $0.00753428$ & $0.00818067$ & $0.0501973$ & $0.0133191$ & $0.0302297$ & $-0.0831326$ & $0.0255587$ & $-0.0791877$ & $-0.0644398$ & $-0.0319704$ \\
eHZZpar & $-0.0140994$ & $-0.014227$ & $0.0321246$ & $-0.0223402$ & $0.00618967$ & $0.0197097$ & $0.0151166$ & $-0.0196227$ & $-0.018457$ & $0.00783499$ & $0.0187094$ & $-0.00170699$ & $-0.00332729$ & $-0.00291688$ & $-0.00698461$ & $-0.0235851$ & $-0.00111398$ & $0.0080019$ & $0.0186681$ & $-0.0175467$ & $-0.0187295$ & $-0.020001$ & $0.0214092$ & $0.0117618$ & $0.0235698$ & $-0.00242308$ & $0.0165643$ & $-0.0553941$ & $-0.00718898$ & $-0.0190971$ & $-0.0164904$ & $0.00651522$ & $-0.0190142$ & $-0.0121483$ & $-0.021781$ & $-0.0324816$ & $-0.0208249$ & $-0.000454695$ & $0.00753428$ & $1$ & $-0.0141579$ & $0.0356654$ & $-0.00293525$ & $0.0218465$ & $-0.0286926$ & $0.00828389$ & $0.0371246$ & $0.0143989$ & $-0.00978494$ \\
eHZgaint & $-0.0940853$ & $-0.0240854$ & $-0.0492866$ & $-0.0449416$ & $0.0139812$ & $0.0180429$ & $0.0239545$ & $0.00990319$ & $0.0153439$ & $-0.0616498$ & $0.0136228$ & $-0.0243411$ & $0.00801003$ & $-0.0329982$ & $-0.0310073$ & $0.00709094$ & $-0.0593454$ & $-0.0240638$ & $-0.0499123$ & $-0.0174642$ & $-0.0144547$ & $-0.00955987$ & $0.0366351$ & $-0.0183223$ & $-0.00540295$ & $-0.0119859$ & $0.0442114$ & $-0.00673874$ & $0.0126971$ & $0.00374835$ & $-0.0316968$ & $0.0189682$ & $-0.0128807$ & $0.0228841$ & $0.0314055$ & $0.0224705$ & $0.0134664$ & $-0.0346735$ & $0.00818067$ & $-0.0141579$ & $1$ & $-0.0207481$ & $0.0559849$ & $0.0874502$ & $-0.000333672$ & $-0.0749518$ & $-0.00711624$ & $-0.0446471$ & $0.0338924$ \\
eHZgapar & $-0.0430813$ & $-0.0602295$ & $0.0120724$ & $0.0141634$ & $0.0101943$ & $0.0220868$ & $-0.0405209$ & $-0.013277$ & $-0.0129554$ & $0.00853762$ & $0.0342424$ & $0.0170225$ & $0.00833135$ & $-0.048697$ & $-0.0548327$ & $-0.0597113$ & $-0.0253534$ & $-0.000756004$ & $-0.00143814$ & $-0.0388862$ & $-0.0290866$ & $-0.0286539$ & $0.00919442$ & $-0.0185917$ & $0.00961453$ & $0.0359501$ & $0.0524546$ & $0.00774992$ & $-0.00268012$ & $0.00327588$ & $-0.0131209$ & $-0.0445242$ & $-0.0184642$ & $0.0343643$ & $0.00928455$ & $-0.003331$ & $0.00740174$ & $0.0475649$ & $0.0501973$ & $0.0356654$ & $-0.0207481$ & $1$ & $0.0107405$ & $-0.0174991$ & $0.0314252$ & $-0.0215965$ & $-0.0142891$ & $0.00720056$ & $-0.0225662$ \\
eHgagaint & $-0.0595776$ & $-0.0919408$ & $-0.0421645$ & $0.036637$ & $0.00362384$ & $0.0258612$ & $-0.0195086$ & $0.000397785$ & $0.081501$ & $-0.013304$ & $0.0105176$ & $-0.0143006$ & $-0.00175643$ & $-0.0372262$ & $0.00277536$ & $-0.00608412$ & $-0.0116691$ & $-0.0239814$ & $-0.0152591$ & $-0.0148899$ & $-0.0141837$ & $-0.0138182$ & $0.0130175$ & $-0.00955274$ & $-0.00898204$ & $0.0110814$ & $0.00230013$ & $0.0296909$ & $-0.0239907$ & $-0.0240793$ & $-0.0038$ & $-0.0288871$ & $-0.0341551$ & $-0.00556669$ & $0.0352728$ & $0.0375038$ & $0.0131491$ & $-0.000996625$ & $0.0133191$ & $-0.00293525$ & $0.0559849$ & $0.0107405$ & $1$ & $0.0834057$ & $0.0830619$ & $-0.0213026$ & $-0.0320433$ & $0.0886679$ & $-0.0723746$ \\
eHmumuint & $0.0828836$ & $-0.00333481$ & $-0.00934301$ & $0.0222243$ & $0.01241$ & $0.0195077$ & $0.0421254$ & $-0.0442077$ & $-0.0329892$ & $0.0244439$ & $0.0508399$ & $0.0137798$ & $-0.00941298$ & $-0.0255323$ & $-0.040367$ & $-0.0154805$ & $-0.0169984$ & $0.0142191$ & $-0.00272141$ & $-0.0529415$ & $-0.0509639$ & $-0.0445659$ & $0.013162$ & $0.0111758$ & $-0.0198215$ & $0.00575869$ & $-0.0249914$ & $-0.0364026$ & $-0.00842762$ & $-0.024681$ & $-0.00879387$ & $0.0273881$ & $-0.0410018$ & $-0.00552069$ & $-0.00932217$ & $0.0101328$ & $0.00493851$ & $-0.0327243$ & $0.0302297$ & $0.0218465$ & $0.0874502$ & $-0.0174991$ & $0.0834057$ & $1$ & $-0.0735784$ & $-0.00215219$ & $0.0356245$ & $-0.00726848$ & $-0.0114913$ \\
eHtautauint & $0.0114792$ & $-0.0489628$ & $-0.05248$ & $0.029552$ & $0.00216669$ & $0.00656612$ & $0.0273739$ & $0.00969672$ & $0.0226083$ & $-0.00472639$ & $-0.00838589$ & $0.0093261$ & $0.0275897$ & $-0.00468798$ & $0.0305137$ & $0.0121984$ & $-0.00472052$ & $-0.0248962$ & $-0.0012095$ & $0.00917755$ & $0.00298286$ & $0.0130214$ & $0.0223097$ & $-0.0289958$ & $7.98005e-05$ & $-0.00651336$ & $0.00176811$ & $-0.0303525$ & $0.00597324$ & $0.106957$ & $0.0306021$ & $0.0338049$ & $0.0316603$ & $-0.0228861$ & $-0.0142409$ & $0.0562695$ & $-0.0177692$ & $-0.0337022$ & $-0.0831326$ & $-0.0286926$ & $-0.000333672$ & $0.0314252$ & $0.0830619$ & $-0.0735784$ & $1$ & $0.025249$ & $0.0381019$ & $0.0252118$ & $0.00398836$ \\
eHccint & $-0.0235932$ & $-0.0234714$ & $0.0221718$ & $0.0613652$ & $0.00938435$ & $-0.0297901$ & $-0.0293608$ & $-0.0237366$ & $-0.0266992$ & $0.0290854$ & $0.0148557$ & $0.018515$ & $-0.0288397$ & $0.00906324$ & $0.043331$ & $-0.00535301$ & $0.0229158$ & $-0.00987365$ & $0.0288466$ & $-0.0116865$ & $-0.0184628$ & $-0.018756$ & $-0.00255741$ & $0.0419552$ & $0.0163644$ & $0.01454$ & $-0.0227362$ & $0.0175631$ & $0.0116837$ & $-0.0168868$ & $0.0461057$ & $-0.0326442$ & $-0.0384642$ & $-0.0544996$ & $0.0312682$ & $-0.0289012$ & $-0.0310636$ & $0.0513876$ & $0.0255587$ & $0.00828389$ & $-0.0749518$ & $-0.0215965$ & $-0.0213026$ & $-0.00215219$ & $0.025249$ & $1$ & $-0.0337905$ & $-0.0384328$ & $-0.032601$ \\
eHccpar & $0.000573008$ & $0.0594424$ & $-0.0128042$ & $-0.0204152$ & $0.00406445$ & $-0.0347397$ & $-0.0233908$ & $-0.00297336$ & $-0.0095054$ & $-0.00160175$ & $-0.00967551$ & $-0.0313769$ & $0.0048052$ & $0.0207883$ & $-0.00687009$ & $-0.023387$ & $0.0209232$ & $0.0222608$ & $0.0342417$ & $0.010762$ & $0.0116686$ & $0.0118903$ & $0.0221282$ & $0.00399238$ & $0.0273602$ & $-0.0337089$ & $0.0103048$ & $0.0218008$ & $-0.0270543$ & $-0.0199763$ & $0.369559$ & $-0.0278619$ & $0.000493196$ & $0.00318232$ & $0.0452734$ & $-0.0476903$ & $-0.0256361$ & $-0.0214693$ & $-0.0791877$ & $0.0371246$ & $-0.00711624$ & $-0.0142891$ & $-0.0320433$ & $0.0356245$ & $0.0381019$ & $-0.0337905$ & $1$ & $0.0980439$ & $0.00836965$ \\
eHbbint & $-0.0541875$ & $-0.0354819$ & $0.0671977$ & $0.0119432$ & $-0.0257666$ & $-0.0436734$ & $-0.04647$ & $-0.0385065$ & $-0.032677$ & $0.0466073$ & $0.056022$ & $0.0698539$ & $0.00258843$ & $-0.0436841$ & $0.000492377$ & $-0.0250047$ & $-0.028555$ & $-0.0312459$ & $-0.0104889$ & $-0.0580258$ & $-0.0586753$ & $-0.0521552$ & $-0.0425517$ & $0.0057696$ & $-0.0247507$ & $0.0612358$ & $-0.0373497$ & $0.0197954$ & $-0.0116925$ & $0.0229542$ & $0.0677946$ & $-0.0306787$ & $0.207813$ & $-0.0344302$ & $0.0898475$ & $0.0326085$ & $-0.0102272$ & $-0.019237$ & $-0.0644398$ & $0.0143989$ & $-0.0446471$ & $0.00720056$ & $0.0886679$ & $-0.00726848$ & $0.0252118$ & $-0.0384328$ & $0.0980439$ & $1$ & $0.0853044$ \\
eHbbpar & $-0.0482605$ & $0.0928271$ & $0.0368986$ & $0.0138212$ & $0.0381437$ & $-0.0344341$ & $0.0219683$ & $-0.0225965$ & $-0.0288454$ & $-0.0183716$ & $0.0229718$ & $0.00631332$ & $0.0178704$ & $-0.0201202$ & $-0.0200909$ & $0.0202375$ & $0.00850042$ & $0.0138979$ & $-0.0152174$ & $-0.0164894$ & $-0.0181044$ & $-0.0134479$ & $0.0143999$ & $0.00959964$ & $0.00538451$ & $0.0151057$ & $-0.0102668$ & $0.00550088$ & $0.0130358$ & $0.0585734$ & $0.0337971$ & $0.0458607$ & $0.542241$ & $0.0097461$ & $0.0508082$ & $-0.0199007$ & $-0.0785151$ & $0.0438624$ & $-0.0319704$ & $-0.00978494$ & $0.0338924$ & $-0.0225662$ & $-0.0723746$ & $-0.0114913$ & $0.00398836$ & $-0.032601$ & $0.00836965$ & $0.0853044$ & $1$ \\
