 & AlsMz & dAle5Mz & mtop & mHl & Mz & CW & CHG & CHWB & CHWHB_gaga & CHWHB_gagaorth & CHD & CHbox & CH & CHL1_11 & CHL1_22 & CHL1_33 & CHL3_11 & CHL3_22 & CHL3_33 & CHe_11 & CHe_22 & CHe_33 & CHQ1_11 & CHQ1_33 & CHQ3_11 & CHu_11 & CHd_11 & CHd_33 & CeH_22r & CeH_33r & CuH_22r & CuH_33r & CdH_33r & CLL_1221 & eHggint & eHggpar & eHWWint & eHWWpar & eHZZint & eHZZpar & eHZgaint & eHZgapar & eHgagaint & eHmumuint & eHtautauint & eHccint & eHccpar & eHbbint & eHbbpar \\
AlsMz & $1$ & $0.0195958$ & $-0.0198802$ & $0.0463388$ & $-0.0236862$ & $-0.0199745$ & $0.0298435$ & $-0.0326038$ & $-0.0352468$ & $0.0152155$ & $0.0138475$ & $0.0224209$ & $0.0120445$ & $0.00920942$ & $-0.000313448$ & $-0.000948691$ & $0.0170644$ & $0.0209663$ & $0.0206285$ & $-0.0195339$ & $-0.0247102$ & $-0.0226318$ & $0.00114428$ & $-0.0104327$ & $-0.0835417$ & $-0.0368409$ & $-0.0488198$ & $0.00746637$ & $-0.0170583$ & $0.000853335$ & $-0.033376$ & $0.0522499$ & $-0.00591194$ & $-0.0263665$ & $0.236629$ & $-0.0160091$ & $-0.0178201$ & $0.0411252$ & $0.102313$ & $0.0109218$ & $0.00114941$ & $0.0212909$ & $-0.0342769$ & $-0.0643414$ & $0.0657661$ & $0.0747766$ & $-0.0766361$ & $0.0749751$ & $-0.0337439$ \\
dAle5Mz & $0.0195958$ & $1$ & $-0.0373003$ & $-0.164432$ & $0.00404125$ & $0.0214301$ & $-0.0244726$ & $-0.0790821$ & $-0.0821394$ & $0.0473508$ & $0.0501053$ & $0.0170374$ & $0.00935632$ & $0.00972207$ & $-0.00592178$ & $-0.0149594$ & $0.0306317$ & $0.0327906$ & $0.0382543$ & $-0.0261556$ & $-0.0319745$ & $-0.0310861$ & $-0.00137706$ & $0.0320494$ & $0.0283168$ & $0.0141693$ & $-0.029332$ & $0.0033839$ & $0.0223415$ & $-0.0242922$ & $-0.00475249$ & $-0.0407056$ & $0.0181238$ & $-0.0091647$ & $-0.162836$ & $0.0121849$ & $0.0169345$ & $0.0240845$ & $-0.046951$ & $0.0158589$ & $-0.0161445$ & $0.042322$ & $-0.127869$ & $0.0182171$ & $-0.02354$ & $0.00750186$ & $-0.0255851$ & $0.0506412$ & $0.0407493$ \\
mtop & $-0.0198802$ & $-0.0373003$ & $1$ & $-0.0769775$ & $0.00352921$ & $0.0142365$ & $-0.04271$ & $0.00670924$ & $0.0133977$ & $0.00614939$ & $0.00802476$ & $-0.00416592$ & $0.0185624$ & $0.00427835$ & $-0.00201829$ & $0.00173654$ & $-0.0219512$ & $-0.00829945$ & $-0.00921777$ & $0.000614789$ & $0.0018697$ & $-0.00342295$ & $-0.00384214$ & $-0.00716591$ & $-0.00450612$ & $-0.00300395$ & $0.00400418$ & $-0.0298131$ & $0.00926244$ & $-0.0106902$ & $0.0418485$ & $-0.0642621$ & $0.0432166$ & $0.000188738$ & $-0.159844$ & $-0.100424$ & $0.0776713$ & $0.0515541$ & $-0.00957156$ & $-0.00397361$ & $-0.086403$ & $-0.0106932$ & $0.0966092$ & $0.200509$ & $0.0670264$ & $-0.0732318$ & $0.158125$ & $0.00154025$ & $0.139427$ \\
mHl & $0.0463388$ & $-0.164432$ & $-0.0769775$ & $1$ & $-0.0327549$ & $-0.0388762$ & $0.000775813$ & $-0.0312101$ & $-0.0361912$ & $0.0102069$ & $0.0168142$ & $0.00159574$ & $-0.00132195$ & $0.0204081$ & $-0.0273934$ & $-0.0281023$ & $0.0291914$ & $0.0439669$ & $0.0380535$ & $-0.0228438$ & $-0.0215976$ & $-0.0300575$ & $0.0180262$ & $0.0332819$ & $0.0206792$ & $-0.00923695$ & $-0.0203941$ & $0.0065185$ & $-0.00668966$ & $0.0240667$ & $0.050943$ & $0.00583893$ & $0.013505$ & $-0.0130707$ & $-0.0355008$ & $-0.01745$ & $0.0841475$ & $0.0127967$ & $-0.083572$ & $-0.00839886$ & $-0.0949262$ & $0.00607277$ & $-0.0467323$ & $0.0542644$ & $0.105067$ & $0.19231$ & $0.0280945$ & $-0.0565077$ & $0.000571067$ \\
Mz & $-0.0236862$ & $0.00404125$ & $0.00352921$ & $-0.0327549$ & $1$ & $0.000708726$ & $0.0128293$ & $-0.0244685$ & $-0.0254999$ & $-0.00488678$ & $0.0264469$ & $-0.00103325$ & $0.013605$ & $0.00602726$ & $-0.00678723$ & $-0.0110798$ & $0.0157335$ & $0.0162746$ & $0.0185043$ & $-0.0182463$ & $-0.0158079$ & $-0.0160011$ & $-0.00251091$ & $0.013832$ & $0.0182386$ & $0.0119204$ & $-0.00929383$ & $-0.00529458$ & $-0.00374901$ & $0.0121481$ & $0.0145008$ & $0.0106586$ & $-0.00349816$ & $-0.0142955$ & $0.0013364$ & $0.00692389$ & $-0.0194669$ & $-0.0262539$ & $0.0289339$ & $0.00402878$ & $-0.0017112$ & $-0.00546787$ & $-0.00251259$ & $-0.012864$ & $0.0168478$ & $-0.0170695$ & $0.0113599$ & $0.0292671$ & $-0.0422117$ \\
CW & $-0.0199745$ & $0.0214301$ & $0.0142365$ & $-0.0388762$ & $0.000708726$ & $1$ & $0.0134594$ & $-0.102972$ & $-0.0984701$ & $0.0209713$ & $0.174839$ & $0.0087918$ & $-0.0265841$ & $0.00428019$ & $-0.0787764$ & $-0.0576446$ & $-0.265928$ & $-0.0658317$ & $-0.0772506$ & $-0.170097$ & $-0.17563$ & $-0.167742$ & $-0.00433651$ & $-0.0138412$ & $-0.104448$ & $0.0934102$ & $-0.0723759$ & $-0.0481887$ & $-0.000761353$ & $-0.0167776$ & $-0.00941383$ & $0.00890473$ & $-0.030209$ & $-0.103584$ & $-0.0279129$ & $0.00397382$ & $0.0135922$ & $0.00712513$ & $0.0091162$ & $0.021624$ & $-0.023672$ & $0.0129343$ & $0.0204113$ & $0.0172316$ & $0.000488291$ & $-0.000774487$ & $0.0207274$ & $-0.00829361$ & $-0.0196994$ \\
CHG & $0.0298435$ & $-0.0244726$ & $-0.04271$ & $0.000775813$ & $0.0128293$ & $0.0134594$ & $1$ & $-0.0904532$ & $-0.0357506$ & $0.10688$ & $0.0731686$ & $-0.343338$ & $-0.445361$ & $-0.000258033$ & $-0.0164692$ & $-0.0279043$ & $0.0376024$ & $0.043772$ & $0.0506573$ & $-0.0723502$ & $-0.0775635$ & $-0.0761128$ & $-0.00963362$ & $0.0585257$ & $0.0422493$ & $0.0430894$ & $-0.0462503$ & $-0.014761$ & $-0.0132989$ & $-0.182685$ & $-0.119464$ & $0.944007$ & $-0.256986$ & $-0.0586418$ & $-0.0290923$ & $0.062078$ & $-0.0021071$ & $0.00511181$ & $0.0259987$ & $0.00792831$ & $-0.0764163$ & $0.0232507$ & $-0.0243541$ & $-0.0124048$ & $-0.0108393$ & $0.0462743$ & $0.00993965$ & $0.0257121$ & $-0.0580858$ \\
CHWB & $-0.0326038$ & $-0.0790821$ & $0.00670924$ & $-0.0312101$ & $-0.0244685$ & $-0.102972$ & $-0.0904532$ & $1$ & $0.982896$ & $-0.5725$ & $-0.865462$ & $0.0365066$ & $0.198969$ & $0.0516352$ & $0.285778$ & $0.282836$ & $-0.27433$ & $-0.451975$ & $-0.449341$ & $0.837201$ & $0.883833$ & $0.868018$ & $0.0505926$ & $-0.681895$ & $-0.419663$ & $-0.491785$ & $0.435647$ & $0.303535$ & $0.0229805$ & $0.0899885$ & $0.019268$ & $-0.0849328$ & $0.0966843$ & $0.577569$ & $0.0172771$ & $-0.0100944$ & $-0.0389887$ & $0.0103787$ & $0.00511514$ & $-0.0234204$ & $0.019436$ & $-0.0153883$ & $0.00552994$ & $0.00952431$ & $-0.00354782$ & $-0.0255393$ & $-0.00609776$ & $-0.00843656$ & $0.000218824$ \\
CHWHB_gaga & $-0.0352468$ & $-0.0821394$ & $0.0133977$ & $-0.0361912$ & $-0.0254999$ & $-0.0984701$ & $-0.0357506$ & $0.982896$ & $1$ & $-0.560858$ & $-0.849519$ & $0.0442829$ & $0.181272$ & $0.0484556$ & $0.282117$ & $0.279673$ & $-0.271106$ & $-0.446755$ & $-0.444415$ & $0.821807$ & $0.867376$ & $0.851471$ & $0.0503611$ & $-0.671542$ & $-0.414393$ & $-0.483367$ & $0.426709$ & $0.29405$ & $0.0286387$ & $0.109733$ & $0.0270249$ & $-0.0373318$ & $0.114621$ & $0.566767$ & $-0.000652913$ & $-0.0212543$ & $-0.0476189$ & $0.00727924$ & $0.00397376$ & $-0.0189097$ & $0.0121592$ & $-0.00904763$ & $0.0590049$ & $0.016945$ & $0.00346018$ & $-0.0260068$ & $-0.0064972$ & $-0.00582572$ & $0.000442917$ \\
CHWHB_gagaorth & $0.0152155$ & $0.0473508$ & $0.00614939$ & $0.0102069$ & $-0.00488678$ & $0.0209713$ & $0.10688$ & $-0.5725$ & $-0.560858$ & $1$ & $0.386594$ & $0.0804211$ & $-0.260045$ & $0.178197$ & $-0.129182$ & $-0.137632$ & $0.358345$ & $0.428624$ & $0.431735$ & $-0.371151$ & $-0.401864$ & $-0.398263$ & $-0.0396757$ & $0.507845$ & $0.416339$ & $0.226606$ & $-0.247373$ & $-0.124815$ & $-0.0239114$ & $-0.174622$ & $-0.0442654$ & $0.108428$ & $-0.202971$ & $-0.356265$ & $0.0131751$ & $0.0142882$ & $0.0209738$ & $-0.00725367$ & $-0.000609801$ & $0.0259542$ & $-0.0897535$ & $-0.00438847$ & $0.00355028$ & $-0.0123613$ & $-0.0041012$ & $0.0327177$ & $0.0175661$ & $-0.041141$ & $0.00287942$ \\
CHD & $0.0138475$ & $0.0501053$ & $0.00802476$ & $0.0168142$ & $0.0264469$ & $0.174839$ & $0.0731686$ & $-0.865462$ & $-0.849519$ & $0.386594$ & $1$ & $0.00293342$ & $-0.156159$ & $-0.499816$ & $-0.413739$ & $-0.398162$ & $-0.211148$ & $0.0539707$ & $0.0481716$ & $-0.990358$ & $-0.991165$ & $-0.970406$ & $0.00248634$ & $0.293057$ & $0.00925316$ & $0.557707$ & $-0.298517$ & $-0.345374$ & $-0.00801493$ & $-0.0951121$ & $-0.0286806$ & $0.068628$ & $-0.103835$ & $-0.369088$ & $-0.0253449$ & $0.0141797$ & $0.0291712$ & $-0.0155911$ & $-0.0130562$ & $0.0169306$ & $-0.00425726$ & $0.00899577$ & $0.0173423$ & $-0.00679821$ & $0.00524431$ & $0.00609105$ & $-0.00205327$ & $0.0133634$ & $0.00598908$ \\
CHbox & $0.0224209$ & $0.0170374$ & $-0.00416592$ & $0.00159574$ & $-0.00103325$ & $0.0087918$ & $-0.343338$ & $0.0365066$ & $0.0442829$ & $0.0804211$ & $0.00293342$ & $1$ & $0.758168$ & $-0.0689118$ & $0.0239616$ & $0.0223455$ & $-0.081095$ & $-0.0845688$ & $-0.0830731$ & $0.00528421$ & $-0.00200081$ & $-0.000607901$ & $-0.00386873$ & $-0.0599239$ & $-0.0894463$ & $-0.0012172$ & $-0.0130509$ & $-0.0105792$ & $0.0793219$ & $0.446977$ & $0.202092$ & $-0.245575$ & $0.526798$ & $0.00766829$ & $0.0797669$ & $0.0342904$ & $0.00423148$ & $-0.0223537$ & $-0.0127769$ & $-0.00383334$ & $0.0383516$ & $-0.0424449$ & $0.00307983$ & $0.0077533$ & $-0.013992$ & $-0.00594462$ & $0.000829129$ & $-0.00121727$ & $0.0241466$ \\
CH & $0.0120445$ & $0.00935632$ & $0.0185624$ & $-0.00132195$ & $0.013605$ & $-0.0265841$ & $-0.445361$ & $0.198969$ & $0.181272$ & $-0.260045$ & $-0.156159$ & $0.758168$ & $1$ & $-0.0275035$ & $0.0401778$ & $0.0477791$ & $-0.0757367$ & $-0.106918$ & $-0.111304$ & $0.152348$ & $0.164075$ & $0.164528$ & $0.0166723$ & $-0.154481$ & $-0.112732$ & $-0.0969761$ & $0.0883402$ & $0.0319589$ & $0.074752$ & $0.348826$ & $0.190851$ & $-0.40241$ & $0.442843$ & $0.133657$ & $0.0293058$ & $-0.0139758$ & $0.00953165$ & $-0.013689$ & $-0.0193273$ & $-0.0155018$ & $0.0695571$ & $-0.0285463$ & $0.00681546$ & $0.0286352$ & $-0.00622587$ & $-0.00750117$ & $0.00842284$ & $-0.00344626$ & $0.0417744$ \\
CHL1_11 & $0.00920942$ & $0.00972207$ & $0.00427835$ & $0.0204081$ & $0.00602726$ & $0.00428019$ & $-0.000258033$ & $0.0516352$ & $0.0484556$ & $0.178197$ & $-0.499816$ & $-0.0689118$ & $-0.0275035$ & $1$ & $0.258699$ & $0.24205$ & $0.69269$ & $0.634913$ & $0.636049$ & $0.517695$ & $0.459931$ & $0.445848$ & $-0.0781881$ & $0.507206$ & $0.636988$ & $-0.265026$ & $-0.102972$ & $0.165078$ & $-0.0251148$ & $0.037493$ & $0.0202678$ & $-0.000947998$ & $0.0398241$ & $-0.230551$ & $0.00777113$ & $-0.0119872$ & $0.0120836$ & $0.0110821$ & $0.0315778$ & $0.00986817$ & $-0.0337527$ & $0.00508558$ & $-0.0389301$ & $0.0108244$ & $0.000231564$ & $0.0310451$ & $0.0175444$ & $-0.0186222$ & $-0.0148194$ \\
CHL1_22 & $-0.000313448$ & $-0.00592178$ & $-0.00201829$ & $-0.0273934$ & $-0.00678723$ & $-0.0787764$ & $-0.0164692$ & $0.285778$ & $0.282117$ & $-0.129182$ & $-0.413739$ & $0.0239616$ & $0.0401778$ & $0.258699$ & $1$ & $0.451852$ & $0.16149$ & $-0.422964$ & $-0.0299497$ & $0.480099$ & $0.329848$ & $0.326649$ & $-0.179466$ & $0.115723$ & $-0.123798$ & $-0.187914$ & $-0.392745$ & $0.115068$ & $0.00645121$ & $0.0500048$ & $0.0213311$ & $-0.010449$ & $0.0521498$ & $-0.587953$ & $-0.00739377$ & $0.00852599$ & $-0.0374163$ & $0.00332658$ & $-0.0238406$ & $-0.00944905$ & $-0.0159835$ & $0.00930721$ & $-0.0196457$ & $0.0243205$ & $-0.0276894$ & $-0.0262446$ & $-0.0132526$ & $0.00708788$ & $0.0024442$ \\
CHL1_33 & $-0.000948691$ & $-0.0149594$ & $0.00173654$ & $-0.0281023$ & $-0.0110798$ & $-0.0576446$ & $-0.0279043$ & $0.282836$ & $0.279673$ & $-0.137632$ & $-0.398162$ & $0.0223455$ & $0.0477791$ & $0.24205$ & $0.451852$ & $1$ & $0.134446$ & $-0.0449355$ & $-0.418631$ & $0.462965$ & $0.316986$ & $0.338384$ & $-0.175549$ & $0.0944384$ & $-0.145405$ & $-0.181267$ & $-0.39841$ & $0.110851$ & $-0.000357174$ & $0.0385211$ & $0.0108935$ & $-0.0260307$ & $0.0431023$ & $-0.109612$ & $0.00852751$ & $-0.0152078$ & $-0.0209665$ & $0.00525308$ & $-0.00202655$ & $-0.0159764$ & $-0.00405364$ & $-0.0122043$ & $0.00140195$ & $0.0055455$ & $-0.00689756$ & $-0.0177645$ & $-0.00592808$ & $6.4962e-05$ & $0.0185972$ \\
CHL3_11 & $0.0170644$ & $0.0306317$ & $-0.0219512$ & $0.0291914$ & $0.0157335$ & $-0.265928$ & $0.0376024$ & $-0.27433$ & $-0.271106$ & $0.358345$ & $-0.211148$ & $-0.081095$ & $-0.0757367$ & $0.69269$ & $0.16149$ & $0.134446$ & $1$ & $0.761189$ & $0.770394$ & $0.231673$ & $0.177352$ & $0.167117$ & $-0.0708645$ & $0.700891$ & $0.797691$ & $-0.107259$ & $-0.17615$ & $0.0658058$ & $-0.0226127$ & $0.00523894$ & $0.01918$ & $0.0345207$ & $0.0118057$ & $-0.278349$ & $0.0246187$ & $-0.0121746$ & $0.0191014$ & $0.00652961$ & $0.00911992$ & $0.0106553$ & $-0.0245221$ & $0.0109369$ & $-0.0346091$ & $-0.00992998$ & $-0.00346348$ & $0.0293486$ & $0.0222397$ & $-0.0100106$ & $-0.00887719$ \\
CHL3_22 & $0.0209663$ & $0.0327906$ & $-0.00829945$ & $0.0439669$ & $0.0162746$ & $-0.0658317$ & $0.043772$ & $-0.451975$ & $-0.446755$ & $0.428624$ & $0.0539707$ & $-0.0845688$ & $-0.106918$ & $0.634913$ & $-0.422964$ & $-0.0449355$ & $0.761189$ & $1$ & $0.716043$ & $-0.057239$ & $-0.0511134$ & $-0.0551112$ & $0.012123$ & $0.643789$ & $0.814324$ & $0.0203844$ & $-0.0252276$ & $-0.0118498$ & $-0.0304902$ & $-0.0246385$ & $0.00239551$ & $0.0375357$ & $-0.0230746$ & $-0.00724773$ & $0.0171148$ & $-0.0138121$ & $0.0440362$ & $0.00610665$ & $0.0310925$ & $0.0167762$ & $-0.0199467$ & $0.0030462$ & $-0.0248722$ & $-0.0177579$ & $0.0153125$ & $0.0491503$ & $0.0283613$ & $-0.014394$ & $-0.0092219$ \\
CHL3_33 & $0.0206285$ & $0.0382543$ & $-0.00921777$ & $0.0380535$ & $0.0185043$ & $-0.0772506$ & $0.0506573$ & $-0.449341$ & $-0.444415$ & $0.431735$ & $0.0481716$ & $-0.0830731$ & $-0.111304$ & $0.636049$ & $-0.0299497$ & $-0.418631$ & $0.770394$ & $0.716043$ & $1$ & $-0.0505541$ & $-0.0456338$ & $-0.0470787$ & $0.00973751$ & $0.653137$ & $0.824429$ & $0.0206524$ & $-0.0156155$ & $-0.00930664$ & $-0.0257153$ & $-0.0191808$ & $0.0117228$ & $0.0472838$ & $-0.0195268$ & $-0.35269$ & $0.0053447$ & $7.10591e-05$ & $0.0315584$ & $0.0062006$ & $0.0159291$ & $0.0218518$ & $-0.0339788$ & $0.0175013$ & $-0.0360066$ & $0.000111287$ & $-0.00216814$ & $0.0412737$ & $0.0253007$ & $-0.0150093$ & $-0.0219907$ \\
CHe_11 & $-0.0195339$ & $-0.0261556$ & $0.000614789$ & $-0.0228438$ & $-0.0182463$ & $-0.170097$ & $-0.0723502$ & $0.837201$ & $0.821807$ & $-0.371151$ & $-0.990358$ & $0.00528421$ & $0.152348$ & $0.517695$ & $0.480099$ & $0.462965$ & $0.231673$ & $-0.057239$ & $-0.0505541$ & $1$ & $0.97286$ & $0.953278$ & $-0.0240295$ & $-0.241543$ & $-0.00311515$ & $-0.548821$ & $0.224777$ & $0.340095$ & $0.00703961$ & $0.0948959$ & $0.029505$ & $-0.0683474$ & $0.104989$ & $0.290209$ & $0.0163873$ & $-0.01187$ & $-0.0291079$ & $0.016636$ & $0.0097059$ & $-0.0174905$ & $-0.000447775$ & $-0.00867573$ & $-0.0222045$ & $0.0119816$ & $-0.00769898$ & $-0.00585706$ & $0.00250965$ & $-0.0113237$ & $0.000233379$ \\
CHe_22 & $-0.0247102$ & $-0.0319745$ & $0.0018697$ & $-0.0215976$ & $-0.0158079$ & $-0.17563$ & $-0.0775635$ & $0.883833$ & $0.867376$ & $-0.401864$ & $-0.991165$ & $-0.00200081$ & $0.164075$ & $0.459931$ & $0.329848$ & $0.316986$ & $0.177352$ & $-0.0511134$ & $-0.0456338$ & $0.97286$ & $1$ & $0.974906$ & $0.0253099$ & $-0.348984$ & $-0.0155247$ & $-0.559614$ & $0.379816$ & $0.346149$ & $0.0107417$ & $0.0942428$ & $0.0273807$ & $-0.073925$ & $0.104909$ & $0.45487$ & $0.0199482$ & $-0.0160304$ & $-0.026724$ & $0.0156872$ & $0.0137981$ & $-0.0150881$ & $0.00437966$ & $-0.00949944$ & $-0.0175848$ & $0.00797716$ & $-0.00410031$ & $-0.00670076$ & $0.00389635$ & $-0.0158422$ & $-0.00325499$ \\
CHe_33 & $-0.0226318$ & $-0.0310861$ & $-0.00342295$ & $-0.0300575$ & $-0.0160011$ & $-0.167742$ & $-0.0761128$ & $0.868018$ & $0.851471$ & $-0.398263$ & $-0.970406$ & $-0.000607901$ & $0.164528$ & $0.445848$ & $0.326649$ & $0.338384$ & $0.167117$ & $-0.0551112$ & $-0.0470787$ & $0.953278$ & $0.974906$ & $1$ & $0.0235673$ & $-0.344286$ & $-0.0175858$ & $-0.544687$ & $0.373735$ & $0.337427$ & $0.0103742$ & $0.0885011$ & $0.0272726$ & $-0.0737172$ & $0.0991867$ & $0.446468$ & $0.0184606$ & $-0.0168085$ & $-0.0262105$ & $0.0196935$ & $0.0137788$ & $-0.0152516$ & $0.000568532$ & $-0.0117889$ & $-0.0177298$ & $0.011276$ & $-0.00784505$ & $-0.0070006$ & $0.00729058$ & $-0.0101971$ & $-0.00671656$ \\
CHQ1_11 & $0.00114428$ & $-0.00137706$ & $-0.00384214$ & $0.0180262$ & $-0.00251091$ & $-0.00433651$ & $-0.00963362$ & $0.0505926$ & $0.0503611$ & $-0.0396757$ & $0.00248634$ & $-0.00386873$ & $0.0166723$ & $-0.0781881$ & $-0.179466$ & $-0.175549$ & $-0.0708645$ & $0.012123$ & $0.00973751$ & $-0.0240295$ & $0.0253099$ & $0.0235673$ & $1$ & $-0.124986$ & $0.0754546$ & $-0.674819$ & $0.329891$ & $0.00100526$ & $-0.00769809$ & $-0.0143047$ & $0.0019073$ & $-0.0191505$ & $-0.0104817$ & $0.189582$ & $-0.000374224$ & $-0.0103995$ & $-0.0191707$ & $-0.00258067$ & $0.0157229$ & $0.00285322$ & $0.00588657$ & $0.00292219$ & $-0.00733771$ & $0.0155803$ & $-0.0209044$ & $0.0287613$ & $0.0099339$ & $0.00286188$ & $-0.00826611$ \\
CHQ1_33 & $-0.0104327$ & $0.0320494$ & $-0.00716591$ & $0.0332819$ & $0.013832$ & $-0.0138412$ & $0.0585257$ & $-0.681895$ & $-0.671542$ & $0.507845$ & $0.293057$ & $-0.0599239$ & $-0.154481$ & $0.507206$ & $0.115723$ & $0.0944384$ & $0.700891$ & $0.643789$ & $0.653137$ & $-0.241543$ & $-0.348984$ & $-0.344286$ & $-0.124986$ & $1$ & $0.66718$ & $0.194132$ & $-0.425079$ & $-0.0200446$ & $-0.0321081$ & $-0.0393984$ & $0.0119241$ & $0.0558254$ & $-0.0384979$ & $-0.646232$ & $-0.00321502$ & $0.00380115$ & $0.033101$ & $0.000769586$ & $-0.00231129$ & $0.014725$ & $-0.0365746$ & $0.0156448$ & $-0.0254798$ & $0.0023934$ & $-0.00842537$ & $0.0290311$ & $0.0291623$ & $-0.00914871$ & $0.00106952$ \\
CHQ3_11 & $-0.0835417$ & $0.0283168$ & $-0.00450612$ & $0.0206792$ & $0.0182386$ & $-0.104448$ & $0.0422493$ & $-0.419663$ & $-0.414393$ & $0.416339$ & $0.00925316$ & $-0.0894463$ & $-0.112732$ & $0.636988$ & $-0.123798$ & $-0.145405$ & $0.797691$ & $0.814324$ & $0.824429$ & $-0.00311515$ & $-0.0155247$ & $-0.0175858$ & $0.0754546$ & $0.66718$ & $1$ & $0.00949487$ & $0.176439$ & $-0.00307079$ & $-0.0335225$ & $-0.0276852$ & $-0.00192935$ & $0.0308703$ & $-0.0287915$ & $-0.225358$ & $-0.014597$ & $-0.0167952$ & $0.0385806$ & $-0.00132957$ & $0.0148964$ & $0.0210538$ & $-0.016251$ & $0.00842612$ & $-0.0177649$ & $0.0116138$ & $8.79972e-05$ & $0.0297306$ & $0.0252415$ & $-0.0328803$ & $-0.0123708$ \\
CHu_11 & $-0.0368409$ & $0.0141693$ & $-0.00300395$ & $-0.00923695$ & $0.0119204$ & $0.0934102$ & $0.0430894$ & $-0.491785$ & $-0.483367$ & $0.226606$ & $0.557707$ & $-0.0012172$ & $-0.0969761$ & $-0.265026$ & $-0.187914$ & $-0.181267$ & $-0.107259$ & $0.0203844$ & $0.0206524$ & $-0.548821$ & $-0.559614$ & $-0.544687$ & $-0.674819$ & $0.194132$ & $0.00949487$ & $1$ & $-0.17382$ & $-0.188887$ & $0.0023505$ & $-0.0489662$ & $-0.0263451$ & $0.0453133$ & $-0.055422$ & $-0.249906$ & $-0.0186136$ & $0.00904049$ & $0.0257505$ & $-0.0104629$ & $-0.0166562$ & $0.00815507$ & $-0.00144721$ & $0.00314472$ & $0.028152$ & $-0.0128572$ & $0.0217379$ & $-0.0264858$ & $-0.00656814$ & $-0.0089641$ & $0.0176477$ \\
CHd_11 & $-0.0488198$ & $-0.029332$ & $0.00400418$ & $-0.0203941$ & $-0.00929383$ & $-0.0723759$ & $-0.0462503$ & $0.435647$ & $0.426709$ & $-0.247373$ & $-0.298517$ & $-0.0130509$ & $0.0883402$ & $-0.102972$ & $-0.392745$ & $-0.39841$ & $-0.17615$ & $-0.0252276$ & $-0.0156155$ & $0.224777$ & $0.379816$ & $0.373735$ & $0.329891$ & $-0.425079$ & $0.176439$ & $-0.17382$ & $1$ & $0.114598$ & $0.00192184$ & $0.0111141$ & $-0.013862$ & $-0.0533266$ & $0.0119258$ & $0.684123$ & $0.00465947$ & $-0.0221888$ & $0.004241$ & $0.00213723$ & $0.0178821$ & $0.000124434$ & $0.0290187$ & $-0.00645289$ & $0.0190922$ & $0.0136231$ & $0.0120718$ & $-0.00276178$ & $0.00527978$ & $-0.0323051$ & $-0.00788487$ \\
CHd_33 & $0.00746637$ & $0.0033839$ & $-0.0298131$ & $0.0065185$ & $-0.00529458$ & $-0.0481887$ & $-0.014761$ & $0.303535$ & $0.29405$ & $-0.124815$ & $-0.345374$ & $-0.0105792$ & $0.0319589$ & $0.165078$ & $0.115068$ & $0.110851$ & $0.0658058$ & $-0.0118498$ & $-0.00930664$ & $0.340095$ & $0.346149$ & $0.337427$ & $0.00100526$ & $-0.0200446$ & $-0.00307079$ & $-0.188887$ & $0.114598$ & $1$ & $0.000906441$ & $0.0258968$ & $0.0354268$ & $-0.00368943$ & $0.0422889$ & $0.153183$ & $0.0251848$ & $0.00959498$ & $-0.0171379$ & $-0.000515161$ & $0.00271789$ & $-0.00247689$ & $0.00227128$ & $0.00124205$ & $-0.00221438$ & $-0.00700404$ & $-0.0269431$ & $0.00507661$ & $0.0187294$ & $0.000718143$ & $0.00315474$ \\
CeH_22r & $-0.0170583$ & $0.0223415$ & $0.00926244$ & $-0.00668966$ & $-0.00374901$ & $-0.000761353$ & $-0.0132989$ & $0.0229805$ & $0.0286387$ & $-0.0239114$ & $-0.00801493$ & $0.0793219$ & $0.074752$ & $-0.0251148$ & $0.00645121$ & $-0.000357174$ & $-0.0226127$ & $-0.0304902$ & $-0.0257153$ & $0.00703961$ & $0.0107417$ & $0.0103742$ & $-0.00769809$ & $-0.0321081$ & $-0.0335225$ & $0.0023505$ & $0.00192184$ & $0.000906441$ & $1$ & $0.0525781$ & $0.0348424$ & $-0.0238829$ & $0.0593357$ & $0.0189303$ & $-0.00475336$ & $-0.0256403$ & $0.00820542$ & $-0.00260914$ & $-0.00540861$ & $0.0151402$ & $0.0161177$ & $-0.00562827$ & $-0.0128302$ & $0.0247964$ & $-0.00789339$ & $0.00871212$ & $0.0116828$ & $-2.82197e-05$ & $0.0151409$ \\
CeH_33r & $0.000853335$ & $-0.0242922$ & $-0.0106902$ & $0.0240667$ & $0.0121481$ & $-0.0167776$ & $-0.182685$ & $0.0899885$ & $0.109733$ & $-0.174622$ & $-0.0951121$ & $0.446977$ & $0.348826$ & $0.037493$ & $0.0500048$ & $0.0385211$ & $0.00523894$ & $-0.0246385$ & $-0.0191808$ & $0.0948959$ & $0.0942428$ & $0.0885011$ & $-0.0143047$ & $-0.0393984$ & $-0.0276852$ & $-0.0489662$ & $0.0111141$ & $0.0258968$ & $0.0525781$ & $1$ & $0.332731$ & $-0.0369299$ & $0.689232$ & $0.0310963$ & $-0.0386164$ & $-0.0462428$ & $-0.159041$ & $-0.0282097$ & $0.0379502$ & $-0.013193$ & $0.0656206$ & $-0.0269169$ & $-0.0100366$ & $0.00843259$ & $0.0816826$ & $-0.0327437$ & $-0.00129662$ & $0.0388969$ & $0.0174772$ \\
CuH_22r & $-0.033376$ & $-0.00475249$ & $0.0418485$ & $0.050943$ & $0.0145008$ & $-0.00941383$ & $-0.119464$ & $0.019268$ & $0.0270249$ & $-0.0442654$ & $-0.0286806$ & $0.202092$ & $0.190851$ & $0.0202678$ & $0.0213311$ & $0.0108935$ & $0.01918$ & $0.00239551$ & $0.0117228$ & $0.029505$ & $0.0273807$ & $0.0272726$ & $0.0019073$ & $0.0119241$ & $-0.00192935$ & $-0.0263451$ & $-0.013862$ & $0.0354268$ & $0.0348424$ & $0.332731$ & $1$ & $-0.0357521$ & $0.35581$ & $-0.00152208$ & $-0.0386831$ & $-0.0185119$ & $-0.0433553$ & $0.00107112$ & $0.0528227$ & $-0.0140757$ & $0.0181613$ & $-0.020837$ & $-0.0331533$ & $0.0269598$ & $-0.0024994$ & $0.0651565$ & $0.333859$ & $0.0188556$ & $-0.0231561$ \\
CuH_33r & $0.0522499$ & $-0.0407056$ & $-0.0642621$ & $0.00583893$ & $0.0106586$ & $0.00890473$ & $0.944007$ & $-0.0849328$ & $-0.0373318$ & $0.108428$ & $0.068628$ & $-0.245575$ & $-0.40241$ & $-0.000947998$ & $-0.010449$ & $-0.0260307$ & $0.0345207$ & $0.0375357$ & $0.0472838$ & $-0.0683474$ & $-0.073925$ & $-0.0737172$ & $-0.0191505$ & $0.0558254$ & $0.0308703$ & $0.0453133$ & $-0.0533266$ & $-0.00368943$ & $-0.0238829$ & $-0.0369299$ & $-0.0357521$ & $1$ & $-0.0875779$ & $-0.0604343$ & $0.043826$ & $0.101838$ & $-0.0284695$ & $0.00185113$ & $0.0362806$ & $0.00954986$ & $-0.0645083$ & $0.0166867$ & $-0.0333957$ & $-0.0258985$ & $-0.0219231$ & $0.0422971$ & $0.00785075$ & $0.0314144$ & $-0.0586501$ \\
CdH_33r & $-0.00591194$ & $0.0181238$ & $0.0432166$ & $0.013505$ & $-0.00349816$ & $-0.030209$ & $-0.256986$ & $0.0966843$ & $0.114621$ & $-0.202971$ & $-0.103835$ & $0.526798$ & $0.442843$ & $0.0398241$ & $0.0521498$ & $0.0431023$ & $0.0118057$ & $-0.0230746$ & $-0.0195268$ & $0.104989$ & $0.104909$ & $0.0991867$ & $-0.0104817$ & $-0.0384979$ & $-0.0287915$ & $-0.055422$ & $0.0119258$ & $0.0422889$ & $0.0593357$ & $0.689232$ & $0.35581$ & $-0.0875779$ & $1$ & $0.0389207$ & $-0.0384541$ & $-0.0541019$ & $-0.190074$ & $-0.0462505$ & $-0.0392002$ & $-0.0135661$ & $0.0625818$ & $-0.0137254$ & $-0.00572951$ & $0.00886853$ & $0.038303$ & $-0.0312441$ & $-0.0469924$ & $0.165192$ & $0.413277$ \\
CLL_1221 & $-0.0263665$ & $-0.0091647$ & $0.000188738$ & $-0.0130707$ & $-0.0142955$ & $-0.103584$ & $-0.0586418$ & $0.577569$ & $0.566767$ & $-0.356265$ & $-0.369088$ & $0.00766829$ & $0.133657$ & $-0.230551$ & $-0.587953$ & $-0.109612$ & $-0.278349$ & $-0.00724773$ & $-0.35269$ & $0.290209$ & $0.45487$ & $0.446468$ & $0.189582$ & $-0.646232$ & $-0.225358$ & $-0.249906$ & $0.684123$ & $0.153183$ & $0.0189303$ & $0.0310963$ & $-0.00152208$ & $-0.0604343$ & $0.0389207$ & $1$ & $0.0188181$ & $-0.0172$ & $-0.000695689$ & $0.00613265$ & $0.0167323$ & $-0.0126237$ & $0.0316496$ & $-0.0183027$ & $0.0151191$ & $-0.0166723$ & $0.0177347$ & $-0.00320901$ & $0.00695538$ & $-0.00816482$ & $0.00311755$ \\
eHggint & $0.236629$ & $-0.162836$ & $-0.159844$ & $-0.0355008$ & $0.0013364$ & $-0.0279129$ & $-0.0290923$ & $0.0172771$ & $-0.000652913$ & $0.0131751$ & $-0.0253449$ & $0.0797669$ & $0.0293058$ & $0.00777113$ & $-0.00739377$ & $0.00852751$ & $0.0246187$ & $0.0171148$ & $0.0053447$ & $0.0163873$ & $0.0199482$ & $0.0184606$ & $-0.000374224$ & $-0.00321502$ & $-0.014597$ & $-0.0186136$ & $0.00465947$ & $0.0251848$ & $-0.00475336$ & $-0.0386164$ & $-0.0386831$ & $0.043826$ & $-0.0384541$ & $0.0188181$ & $1$ & $-0.0739167$ & $-0.0381898$ & $0.021044$ & $-0.0609326$ & $-0.00201569$ & $0.0623035$ & $-0.0212871$ & $-0.0547051$ & $-0.064798$ & $-0.0268942$ & $-0.0758712$ & $-0.0566081$ & $-0.0738157$ & $0.00665462$ \\
eHggpar & $-0.0160091$ & $0.0121849$ & $-0.100424$ & $-0.01745$ & $0.00692389$ & $0.00397382$ & $0.062078$ & $-0.0100944$ & $-0.0212543$ & $0.0142882$ & $0.0141797$ & $0.0342904$ & $-0.0139758$ & $-0.0119872$ & $0.00852599$ & $-0.0152078$ & $-0.0121746$ & $-0.0138121$ & $7.10591e-05$ & $-0.01187$ & $-0.0160304$ & $-0.0168085$ & $-0.0103995$ & $0.00380115$ & $-0.0167952$ & $0.00904049$ & $-0.0221888$ & $0.00959498$ & $-0.0256403$ & $-0.0462428$ & $-0.0185119$ & $0.101838$ & $-0.0541019$ & $-0.0172$ & $-0.0739167$ & $1$ & $0.0963731$ & $-0.0182469$ & $0.0549539$ & $0.0332065$ & $0.0131568$ & $0.028175$ & $-0.0873388$ & $-0.215399$ & $-0.144194$ & $0.0880767$ & $0.00755882$ & $0.121469$ & $-0.0994471$ \\
eHWWint & $-0.0178201$ & $0.0169345$ & $0.0776713$ & $0.0841475$ & $-0.0194669$ & $0.0135922$ & $-0.0021071$ & $-0.0389887$ & $-0.0476189$ & $0.0209738$ & $0.0291712$ & $0.00423148$ & $0.00953165$ & $0.0120836$ & $-0.0374163$ & $-0.0209665$ & $0.0191014$ & $0.0440362$ & $0.0315584$ & $-0.0291079$ & $-0.026724$ & $-0.0262105$ & $-0.0191707$ & $0.033101$ & $0.0385806$ & $0.0257505$ & $0.004241$ & $-0.0171379$ & $0.00820542$ & $-0.159041$ & $-0.0433553$ & $-0.0284695$ & $-0.190074$ & $-0.000695689$ & $-0.0381898$ & $0.0963731$ & $1$ & $0.0526118$ & $-0.199408$ & $0.0035327$ & $-0.0902208$ & $0.0305405$ & $-0.00621971$ & $-0.0175358$ & $-0.0237858$ & $0.159965$ & $0.0258722$ & $-0.100047$ & $-0.0713759$ \\
eHWWpar & $0.0411252$ & $0.0240845$ & $0.0515541$ & $0.0127967$ & $-0.0262539$ & $0.00712513$ & $0.00511181$ & $0.0103787$ & $0.00727924$ & $-0.00725367$ & $-0.0155911$ & $-0.0223537$ & $-0.013689$ & $0.0110821$ & $0.00332658$ & $0.00525308$ & $0.00652961$ & $0.00610665$ & $0.0062006$ & $0.016636$ & $0.0156872$ & $0.0196935$ & $-0.00258067$ & $0.000769586$ & $-0.00132957$ & $-0.0104629$ & $0.00213723$ & $-0.000515161$ & $-0.00260914$ & $-0.0282097$ & $0.00107112$ & $0.00185113$ & $-0.0462505$ & $0.00613265$ & $0.021044$ & $-0.0182469$ & $0.0526118$ & $1$ & $-0.0388154$ & $-0.00139771$ & $-0.0464737$ & $0.0278476$ & $-0.0078549$ & $-0.00455502$ & $0.0227635$ & $0.0197571$ & $0.0314172$ & $-0.000283374$ & $-0.0240022$ \\
eHZZint & $0.102313$ & $-0.046951$ & $-0.00957156$ & $-0.083572$ & $0.0289339$ & $0.0091162$ & $0.0259987$ & $0.00511514$ & $0.00397376$ & $-0.000609801$ & $-0.0130562$ & $-0.0127769$ & $-0.0193273$ & $0.0315778$ & $-0.0238406$ & $-0.00202655$ & $0.00911992$ & $0.0310925$ & $0.0159291$ & $0.0097059$ & $0.0137981$ & $0.0137788$ & $0.0157229$ & $-0.00231129$ & $0.0148964$ & $-0.0166562$ & $0.0178821$ & $0.00271789$ & $-0.00540861$ & $0.0379502$ & $0.0528227$ & $0.0362806$ & $-0.0392002$ & $0.0167323$ & $-0.0609326$ & $0.0549539$ & $-0.199408$ & $-0.0388154$ & $1$ & $0.0150407$ & $0.0369092$ & $-0.020817$ & $-0.0626326$ & $-0.0685385$ & $0.0592444$ & $0.0598845$ & $0.139963$ & $0.0307152$ & $-0.182293$ \\
eHZZpar & $0.0109218$ & $0.0158589$ & $-0.00397361$ & $-0.00839886$ & $0.00402878$ & $0.021624$ & $0.00792831$ & $-0.0234204$ & $-0.0189097$ & $0.0259542$ & $0.0169306$ & $-0.00383334$ & $-0.0155018$ & $0.00986817$ & $-0.00944905$ & $-0.0159764$ & $0.0106553$ & $0.0167762$ & $0.0218518$ & $-0.0174905$ & $-0.0150881$ & $-0.0152516$ & $0.00285322$ & $0.014725$ & $0.0210538$ & $0.00815507$ & $0.000124434$ & $-0.00247689$ & $0.0151402$ & $-0.013193$ & $-0.0140757$ & $0.00954986$ & $-0.0135661$ & $-0.0126237$ & $-0.00201569$ & $0.0332065$ & $0.0035327$ & $-0.00139771$ & $0.0150407$ & $1$ & $-0.0166973$ & $0.0101055$ & $-0.0146712$ & $-0.00329856$ & $0.0248773$ & $-0.0299473$ & $0.00490813$ & $0.009327$ & $-0.0323782$ \\
eHZgaint & $0.00114941$ & $-0.0161445$ & $-0.086403$ & $-0.0949262$ & $-0.0017112$ & $-0.023672$ & $-0.0764163$ & $0.019436$ & $0.0121592$ & $-0.0897535$ & $-0.00425726$ & $0.0383516$ & $0.0695571$ & $-0.0337527$ & $-0.0159835$ & $-0.00405364$ & $-0.0245221$ & $-0.0199467$ & $-0.0339788$ & $-0.000447775$ & $0.00437966$ & $0.000568532$ & $0.00588657$ & $-0.0365746$ & $-0.016251$ & $-0.00144721$ & $0.0290187$ & $0.00227128$ & $0.0161177$ & $0.0656206$ & $0.0181613$ & $-0.0645083$ & $0.0625818$ & $0.0316496$ & $0.0623035$ & $0.0131568$ & $-0.0902208$ & $-0.0464737$ & $0.0369092$ & $-0.0166973$ & $1$ & $0.0122551$ & $0.0094169$ & $-0.0910883$ & $0.0445601$ & $-0.039755$ & $-0.0584545$ & $0.126834$ & $-0.0353057$ \\
eHZgapar & $0.0212909$ & $0.042322$ & $-0.0106932$ & $0.00607277$ & $-0.00546787$ & $0.0129343$ & $0.0232507$ & $-0.0153883$ & $-0.00904763$ & $-0.00438847$ & $0.00899577$ & $-0.0424449$ & $-0.0285463$ & $0.00508558$ & $0.00930721$ & $-0.0122043$ & $0.0109369$ & $0.0030462$ & $0.0175013$ & $-0.00867573$ & $-0.00949944$ & $-0.0117889$ & $0.00292219$ & $0.0156448$ & $0.00842612$ & $0.00314472$ & $-0.00645289$ & $0.00124205$ & $-0.00562827$ & $-0.0269169$ & $-0.020837$ & $0.0166867$ & $-0.0137254$ & $-0.0183027$ & $-0.0212871$ & $0.028175$ & $0.0305405$ & $0.0278476$ & $-0.020817$ & $0.0101055$ & $0.0122551$ & $1$ & $0.0344731$ & $-0.021241$ & $0.017254$ & $-0.0043693$ & $0.0171082$ & $0.0456494$ & $-0.010237$ \\
eHgagaint & $-0.0342769$ & $-0.127869$ & $0.0966092$ & $-0.0467323$ & $-0.00251259$ & $0.0204113$ & $-0.0243541$ & $0.00552994$ & $0.0590049$ & $0.00355028$ & $0.0173423$ & $0.00307983$ & $0.00681546$ & $-0.0389301$ & $-0.0196457$ & $0.00140195$ & $-0.0346091$ & $-0.0248722$ & $-0.0360066$ & $-0.0222045$ & $-0.0175848$ & $-0.0177298$ & $-0.00733771$ & $-0.0254798$ & $-0.0177649$ & $0.028152$ & $0.0190922$ & $-0.00221438$ & $-0.0128302$ & $-0.0100366$ & $-0.0331533$ & $-0.0333957$ & $-0.00572951$ & $0.0151191$ & $-0.0547051$ & $-0.0873388$ & $-0.00621971$ & $-0.0078549$ & $-0.0626326$ & $-0.0146712$ & $0.0094169$ & $0.0344731$ & $1$ & $0.0668028$ & $0.0679613$ & $-0.0282895$ & $-0.0653427$ & $-0.0354243$ & $0.0118223$ \\
eHmumuint & $-0.0643414$ & $0.0182171$ & $0.200509$ & $0.0542644$ & $-0.012864$ & $0.0172316$ & $-0.0124048$ & $0.00952431$ & $0.016945$ & $-0.0123613$ & $-0.00679821$ & $0.0077533$ & $0.0286352$ & $0.0108244$ & $0.0243205$ & $0.0055455$ & $-0.00992998$ & $-0.0177579$ & $0.000111287$ & $0.0119816$ & $0.00797716$ & $0.011276$ & $0.0155803$ & $0.0023934$ & $0.0116138$ & $-0.0128572$ & $0.0136231$ & $-0.00700404$ & $0.0247964$ & $0.00843259$ & $0.0269598$ & $-0.0258985$ & $0.00886853$ & $-0.0166723$ & $-0.064798$ & $-0.215399$ & $-0.0175358$ & $-0.00455502$ & $-0.0685385$ & $-0.00329856$ & $-0.0910883$ & $-0.021241$ & $0.0668028$ & $1$ & $0.0663398$ & $-0.0262929$ & $0.0866775$ & $-0.0919555$ & $-0.00382107$ \\
eHtautauint & $0.0657661$ & $-0.02354$ & $0.0670264$ & $0.105067$ & $0.0168478$ & $0.000488291$ & $-0.0108393$ & $-0.00354782$ & $0.00346018$ & $-0.0041012$ & $0.00524431$ & $-0.013992$ & $-0.00622587$ & $0.000231564$ & $-0.0276894$ & $-0.00689756$ & $-0.00346348$ & $0.0153125$ & $-0.00216814$ & $-0.00769898$ & $-0.00410031$ & $-0.00784505$ & $-0.0209044$ & $-0.00842537$ & $8.79972e-05$ & $0.0217379$ & $0.0120718$ & $-0.0269431$ & $-0.00789339$ & $0.0816826$ & $-0.0024994$ & $-0.0219231$ & $0.038303$ & $0.0177347$ & $-0.0268942$ & $-0.144194$ & $-0.0237858$ & $0.0227635$ & $0.0592444$ & $0.0248773$ & $0.0445601$ & $0.017254$ & $0.0679613$ & $0.0663398$ & $1$ & $-0.0796635$ & $0.0111045$ & $-0.07066$ & $0.111981$ \\
eHccint & $0.0747766$ & $0.00750186$ & $-0.0732318$ & $0.19231$ & $-0.0170695$ & $-0.000774487$ & $0.0462743$ & $-0.0255393$ & $-0.0260068$ & $0.0327177$ & $0.00609105$ & $-0.00594462$ & $-0.00750117$ & $0.0310451$ & $-0.0262446$ & $-0.0177645$ & $0.0293486$ & $0.0491503$ & $0.0412737$ & $-0.00585706$ & $-0.00670076$ & $-0.0070006$ & $0.0287613$ & $0.0290311$ & $0.0297306$ & $-0.0264858$ & $-0.00276178$ & $0.00507661$ & $0.00871212$ & $-0.0327437$ & $0.0651565$ & $0.0422971$ & $-0.0312441$ & $-0.00320901$ & $-0.0758712$ & $0.0880767$ & $0.159965$ & $0.0197571$ & $0.0598845$ & $-0.0299473$ & $-0.039755$ & $-0.0043693$ & $-0.0282895$ & $-0.0262929$ & $-0.0796635$ & $1$ & $-0.0283221$ & $-0.0402491$ & $-0.00287166$ \\
eHccpar & $-0.0766361$ & $-0.0255851$ & $0.158125$ & $0.0280945$ & $0.0113599$ & $0.0207274$ & $0.00993965$ & $-0.00609776$ & $-0.0064972$ & $0.0175661$ & $-0.00205327$ & $0.000829129$ & $0.00842284$ & $0.0175444$ & $-0.0132526$ & $-0.00592808$ & $0.0222397$ & $0.0283613$ & $0.0253007$ & $0.00250965$ & $0.00389635$ & $0.00729058$ & $0.0099339$ & $0.0291623$ & $0.0252415$ & $-0.00656814$ & $0.00527978$ & $0.0187294$ & $0.0116828$ & $-0.00129662$ & $0.333859$ & $0.00785075$ & $-0.0469924$ & $0.00695538$ & $-0.0566081$ & $0.00755882$ & $0.0258722$ & $0.0314172$ & $0.139963$ & $0.00490813$ & $-0.0584545$ & $0.0171082$ & $-0.0653427$ & $0.0866775$ & $0.0111045$ & $-0.0283221$ & $1$ & $-0.0274689$ & $-0.103174$ \\
eHbbint & $0.0749751$ & $0.0506412$ & $0.00154025$ & $-0.0565077$ & $0.0292671$ & $-0.00829361$ & $0.0257121$ & $-0.00843656$ & $-0.00582572$ & $-0.041141$ & $0.0133634$ & $-0.00121727$ & $-0.00344626$ & $-0.0186222$ & $0.00708788$ & $6.4962e-05$ & $-0.0100106$ & $-0.014394$ & $-0.0150093$ & $-0.0113237$ & $-0.0158422$ & $-0.0101971$ & $0.00286188$ & $-0.00914871$ & $-0.0328803$ & $-0.0089641$ & $-0.0323051$ & $0.000718143$ & $-2.82197e-05$ & $0.0388969$ & $0.0188556$ & $0.0314144$ & $0.165192$ & $-0.00816482$ & $-0.0738157$ & $0.121469$ & $-0.100047$ & $-0.000283374$ & $0.0307152$ & $0.009327$ & $0.126834$ & $0.0456494$ & $-0.0354243$ & $-0.0919555$ & $-0.07066$ & $-0.0402491$ & $-0.0274689$ & $1$ & $-0.0665564$ \\
eHbbpar & $-0.0337439$ & $0.0407493$ & $0.139427$ & $0.000571067$ & $-0.0422117$ & $-0.0196994$ & $-0.0580858$ & $0.000218824$ & $0.000442917$ & $0.00287942$ & $0.00598908$ & $0.0241466$ & $0.0417744$ & $-0.0148194$ & $0.0024442$ & $0.0185972$ & $-0.00887719$ & $-0.0092219$ & $-0.0219907$ & $0.000233379$ & $-0.00325499$ & $-0.00671656$ & $-0.00826611$ & $0.00106952$ & $-0.0123708$ & $0.0176477$ & $-0.00788487$ & $0.00315474$ & $0.0151409$ & $0.0174772$ & $-0.0231561$ & $-0.0586501$ & $0.413277$ & $0.00311755$ & $0.00665462$ & $-0.0994471$ & $-0.0713759$ & $-0.0240022$ & $-0.182293$ & $-0.0323782$ & $-0.0353057$ & $-0.010237$ & $0.0118223$ & $-0.00382107$ & $0.111981$ & $-0.00287166$ & $-0.103174$ & $-0.0665564$ & $1$ \\
