 & AlsMz & dAle5Mz & mtop & mHl & Mz & CW & CHG & CHWB & CHWHB_gaga & CHWHB_gagaorth & CHD & CHbox & CH & CHL1_11 & CHL1_22 & CHL1_33 & CHL3_11 & CHL3_22 & CHL3_33 & CHe_11 & CHe_22 & CHe_33 & CHQ1_11 & CHQ1_33 & CHQ3_11 & CHu_11 & CHd_11 & CHd_33 & CeH_22r & CeH_33r & CuH_22r & CuH_33r & CdH_33r & CLL_1221 & eHggint & eHggpar & eHWWint & eHWWpar & eHZZint & eHZZpar & eHZgaint & eHZgapar & eHgagaint & eHmumuint & eHtautauint & eHccint & eHccpar & eHbbint & eHbbpar \\
AlsMz & $1$ & $-0.0119299$ & $-0.0101005$ & $-0.0129297$ & $-0.00774924$ & $-0.0268066$ & $0.00486814$ & $0.00771859$ & $0.00385671$ & $-0.00267511$ & $-0.0151935$ & $0.0253992$ & $0.013235$ & $-0.0134586$ & $0.0123376$ & $0.0198483$ & $0.00127874$ & $-0.00986733$ & $-0.0192841$ & $0.00802714$ & $0.00494227$ & $0.00412119$ & $-0.0101334$ & $-0.0628711$ & $-0.142406$ & $-0.0555654$ & $-0.0560415$ & $0.0249751$ & $-0.000489225$ & $0.013505$ & $0.0381977$ & $0.0174751$ & $0.0138668$ & $-0.000336288$ & $0.0375869$ & $0.0517518$ & $0.00687949$ & $-0.00844919$ & $-0.105503$ & $-0.0272959$ & $0.0160108$ & $-0.0187196$ & $-0.0679312$ & $0.0533535$ & $0.0978454$ & $0.040275$ & $0.0905968$ & $0.0175876$ & $0.000405926$ \\
dAle5Mz & $-0.0119299$ & $1$ & $-0.0344258$ & $-0.0649382$ & $0.00309809$ & $0.0213659$ & $0.00465202$ & $-0.0735101$ & $-0.0767201$ & $0.01125$ & $0.0410449$ & $-0.0369403$ & $-0.0449823$ & $0.00346608$ & $-0.0143858$ & $-0.00914766$ & $0.0540742$ & $0.0398577$ & $0.0355481$ & $-0.01824$ & $-0.0148945$ & $-0.0168352$ & $0.0305628$ & $0.0276146$ & $0.0408813$ & $-0.0231645$ & $-0.00690161$ & $-0.0283258$ & $0.0123047$ & $-0.0248381$ & $-0.0254595$ & $0.00442395$ & $-0.0911251$ & $0.0241455$ & $0.0204136$ & $-0.0381306$ & $0.111439$ & $-0.00213873$ & $0.0770085$ & $-0.00893337$ & $0.0372$ & $0.00165298$ & $-0.063789$ & $-0.168362$ & $-0.0700581$ & $0.14252$ & $-0.0402768$ & $-0.00552498$ & $-0.144187$ \\
mtop & $-0.0101005$ & $-0.0344258$ & $1$ & $-0.00685842$ & $0.00575695$ & $0.00341632$ & $0.0103138$ & $0.0213277$ & $0.0183752$ & $-0.020188$ & $-0.00282684$ & $0.00152582$ & $0.00257568$ & $-0.0203533$ & $0.000673039$ & $0.0322048$ & $-0.0124293$ & $-0.016329$ & $-0.0424608$ & $0.0122136$ & $0.00892969$ & $0.00722991$ & $-0.00460213$ & $-0.0234047$ & $-0.0348074$ & $0.00570927$ & $-0.0167244$ & $0.00528915$ & $0.0327707$ & $0.00394299$ & $0.0349097$ & $-0.0054751$ & $0.042491$ & $0.0213317$ & $-0.0536119$ & $-0.0401325$ & $0.0485255$ & $-0.0151489$ & $-0.0891348$ & $0.00180186$ & $0.135876$ & $-0.0188152$ & $-0.0122908$ & $0.0603456$ & $0.0595577$ & $-0.0686289$ & $0.127933$ & $0.0488423$ & $0.088386$ \\
mHl & $-0.0129297$ & $-0.0649382$ & $-0.00685842$ & $1$ & $-0.00422129$ & $-0.01624$ & $-0.0283842$ & $0.00860847$ & $0.00897289$ & $-0.00510022$ & $-0.0150933$ & $0.00380509$ & $-0.000121672$ & $0.0160537$ & $0.00631838$ & $0.0259828$ & $0.00765674$ & $0.00964773$ & $-0.00518663$ & $0.015504$ & $0.0101985$ & $0.0109764$ & $-0.0274065$ & $-0.000125801$ & $0.00418987$ & $0.0108368$ & $-0.0149442$ & $0.0097262$ & $0.0072109$ & $0.0271394$ & $-0.00659853$ & $-0.0254794$ & $0.0362362$ & $-0.00377796$ & $0.0350684$ & $-0.00940555$ & $-0.0207336$ & $0.0156111$ & $-0.0308404$ & $-0.00348828$ & $-0.00735898$ & $-0.0217868$ & $-0.0121973$ & $0.11069$ & $0.0658794$ & $-0.0608578$ & $0.0132727$ & $0.135626$ & $-0.0233533$ \\
Mz & $-0.00774924$ & $0.00309809$ & $0.00575695$ & $-0.00422129$ & $1$ & $-0.00296511$ & $0.00800964$ & $0.0120318$ & $0.00872376$ & $-0.0151916$ & $-0.00298268$ & $-0.00138807$ & $-0.0041949$ & $0.000761449$ & $0.00528695$ & $0.00559289$ & $-0.000467542$ & $-0.00672386$ & $-0.00741758$ & $0.0103682$ & $0.0125352$ & $0.0117699$ & $0.00819815$ & $-0.00768195$ & $-0.00365252$ & $-0.00400289$ & $0.00974277$ & $0.00878636$ & $-0.00551327$ & $0.00102419$ & $-0.0037382$ & $0.0119835$ & $0.0145685$ & $0.00510386$ & $0.0108468$ & $0.0160559$ & $0.00414737$ & $-0.00692692$ & $0.0175672$ & $0.0155909$ & $0.000552604$ & $0.0060187$ & $-0.0117697$ & $-0.00839428$ & $-0.033498$ & $-0.00303322$ & $-0.00755961$ & $-0.0317276$ & $0.0191109$ \\
CW & $-0.0268066$ & $0.0213659$ & $0.00341632$ & $-0.01624$ & $-0.00296511$ & $1$ & $-0.0342763$ & $-0.133717$ & $-0.13086$ & $0.0088306$ & $0.200161$ & $0.036756$ & $0.000626422$ & $0.010317$ & $-0.086518$ & $-0.0822705$ & $-0.268923$ & $-0.0526382$ & $-0.0565231$ & $-0.195287$ & $-0.203143$ & $-0.200751$ & $-0.0228676$ & $0.00546041$ & $-0.0913192$ & $0.119992$ & $-0.0849189$ & $-0.0766319$ & $-0.00526996$ & $0.000979708$ & $-0.00234108$ & $-0.035057$ & $0.00544413$ & $-0.122917$ & $-0.0116705$ & $-0.00711181$ & $0.0156894$ & $0.0201673$ & $0.016082$ & $-0.00739886$ & $0.00489804$ & $0.00419243$ & $0.00037852$ & $-0.00433975$ & $-0.0166488$ & $0.0168023$ & $-0.0144417$ & $-0.00363073$ & $0.0181023$ \\
CHG & $0.00486814$ & $0.00465202$ & $0.0103138$ & $-0.0283842$ & $0.00800964$ & $-0.0342763$ & $1$ & $-0.107649$ & $-0.051019$ & $0.0791414$ & $0.0585122$ & $-0.216513$ & $-0.279665$ & $0.047545$ & $-0.030732$ & $-0.0164983$ & $0.106932$ & $0.112117$ & $0.103726$ & $-0.0570291$ & $-0.0610202$ & $-0.0571646$ & $-0.0142164$ & $0.103405$ & $0.101053$ & $0.0402651$ & $-0.0475872$ & $-0.0293479$ & $0.0151667$ & $-0.121776$ & $-0.0572568$ & $0.938357$ & $-0.165313$ & $-0.0550541$ & $-0.0559198$ & $-0.00658075$ & $0.0257478$ & $0.00376739$ & $-0.00764614$ & $0.00185664$ & $0.0281963$ & $0.00676055$ & $0.00448899$ & $-0.0267763$ & $0.0201884$ & $-0.0143576$ & $0.0270778$ & $-0.0236154$ & $-0.0191787$ \\
CHWB & $0.00771859$ & $-0.0735101$ & $0.0213277$ & $0.00860847$ & $0.0120318$ & $-0.133717$ & $-0.107649$ & $1$ & $0.981951$ & $-0.575386$ & $-0.87528$ & $0.107083$ & $0.369243$ & $0.0812811$ & $0.296397$ & $0.290627$ & $-0.263524$ & $-0.451836$ & $-0.450713$ & $0.845692$ & $0.892437$ & $0.876733$ & $0.039252$ & $-0.679298$ & $-0.423008$ & $-0.496224$ & $0.416195$ & $0.315516$ & $0.0451442$ & $0.131042$ & $0.0750165$ & $-0.0963863$ & $0.147879$ & $0.564637$ & $-0.0130541$ & $-0.00348015$ & $-0.00672001$ & $-0.0113697$ & $0.0277165$ & $0.00222788$ & $-0.0254397$ & $-0.0177803$ & $0.0143393$ & $0.0054136$ & $-0.0113408$ & $-0.000790989$ & $-0.00324131$ & $0.00234211$ & $0.00428036$ \\
CHWHB_gaga & $0.00385671$ & $-0.0767201$ & $0.0183752$ & $0.00897289$ & $0.00872376$ & $-0.13086$ & $-0.051019$ & $0.981951$ & $1$ & $-0.56584$ & $-0.856415$ & $0.113073$ & $0.361663$ & $0.0732312$ & $0.291598$ & $0.286308$ & $-0.264387$ & $-0.449318$ & $-0.447753$ & $0.827669$ & $0.873264$ & $0.858844$ & $0.0378309$ & $-0.669873$ & $-0.418411$ & $-0.48435$ & $0.410094$ & $0.305198$ & $0.0496761$ & $0.149265$ & $0.0837139$ & $-0.0489189$ & $0.165774$ & $0.554013$ & $-0.0311962$ & $-0.0156495$ & $-0.0193604$ & $-0.0067929$ & $0.0212132$ & $-0.000189191$ & $-0.023$ & $-0.0159793$ & $0.0859137$ & $0.00516674$ & $-0.0128814$ & $0.00070453$ & $-0.00682474$ & $-0.00841042$ & $0.00519939$ \\
CHWHB_gagaorth & $-0.00267511$ & $0.01125$ & $-0.020188$ & $-0.00510022$ & $-0.0151916$ & $0.0088306$ & $0.0791414$ & $-0.575386$ & $-0.56584$ & $1$ & $0.363891$ & $0.225519$ & $-0.25136$ & $0.219909$ & $-0.126678$ & $-0.135704$ & $0.434067$ & $0.487294$ & $0.493913$ & $-0.349669$ & $-0.379063$ & $-0.373076$ & $-0.0265083$ & $0.544448$ & $0.486074$ & $0.214741$ & $-0.222095$ & $-0.145305$ & $-0.0352376$ & $-0.150032$ & $-0.070132$ & $0.0927491$ & $-0.162947$ & $-0.35305$ & $0.0405407$ & $0.033371$ & $0.033164$ & $0.0116161$ & $-0.0224318$ & $0.0145427$ & $-0.0654695$ & $0.000603184$ & $-0.000585451$ & $0.00855268$ & $0.00219341$ & $-0.022421$ & $0.00327784$ & $-0.000193079$ & $-0.0266048$ \\
CHD & $-0.0151935$ & $0.0410449$ & $-0.00282684$ & $-0.0150933$ & $-0.00298268$ & $0.200161$ & $0.0585122$ & $-0.87528$ & $-0.856415$ & $0.363891$ & $1$ & $0.0616657$ & $-0.174819$ & $-0.506061$ & $-0.427626$ & $-0.413495$ & $-0.20079$ & $0.0780169$ & $0.076642$ & $-0.990412$ & $-0.990995$ & $-0.970528$ & $0.0109535$ & $0.308677$ & $0.0376764$ & $0.558086$ & $-0.280346$ & $-0.344975$ & $-0.0235177$ & $-0.0779403$ & $-0.0549618$ & $0.057899$ & $-0.0856617$ & $-0.361141$ & $0.0267689$ & $0.00174609$ & $-0.0141349$ & $0.0106794$ & $-0.0351979$ & $-0.000535558$ & $0.0416376$ & $0.0180864$ & $-0.00842687$ & $-0.0111248$ & $0.0128364$ & $-0.00992862$ & $0.00126878$ & $-0.00733855$ & $0.0136759$ \\
CHbox & $0.0253992$ & $-0.0369403$ & $0.00152582$ & $0.00380509$ & $-0.00138807$ & $0.036756$ & $-0.216513$ & $0.107083$ & $0.113073$ & $0.225519$ & $0.0616657$ & $1$ & $0.766761$ & $-0.300343$ & $0.0136773$ & $0.00859653$ & $-0.341033$ & $-0.319075$ & $-0.313076$ & $-0.0540001$ & $-0.058223$ & $-0.0516014$ & $0.0261907$ & $-0.250828$ & $-0.310441$ & $0.0255654$ & $0.0210576$ & $-0.00456877$ & $0.0590813$ & $0.327464$ & $0.0973887$ & $-0.124342$ & $0.368427$ & $0.063389$ & $0.100002$ & $0.0644017$ & $-0.00836868$ & $0.00316209$ & $-0.0333092$ & $-0.020242$ & $-0.0545689$ & $-0.00814915$ & $0.0102736$ & $-0.00839725$ & $0.011332$ & $-0.029665$ & $-0.0223304$ & $-0.0230593$ & $-0.00533095$ \\
CH & $0.013235$ & $-0.0449823$ & $0.00257568$ & $-0.000121672$ & $-0.0041949$ & $0.000626422$ & $-0.279665$ & $0.369243$ & $0.361663$ & $-0.25136$ & $-0.174819$ & $0.766761$ & $1$ & $-0.260016$ & $0.0649091$ & $0.0617417$ & $-0.388366$ & $-0.407778$ & $-0.404296$ & $0.167865$ & $0.186626$ & $0.186489$ & $0.0356068$ & $-0.424507$ & $-0.400206$ & $-0.109233$ & $0.148938$ & $0.0781386$ & $0.0571238$ & $0.288526$ & $0.111383$ & $-0.226112$ & $0.330679$ & $0.237287$ & $0.0419349$ & $0.0330783$ & $-0.0226821$ & $-0.0124483$ & $-0.0202825$ & $-0.0184664$ & $-0.0298019$ & $-0.00662884$ & $0.016527$ & $-0.00426916$ & $0.00817065$ & $-0.0103509$ & $-0.0253111$ & $-0.0210103$ & $0.00829306$ \\
CHL1_11 & $-0.0134586$ & $0.00346608$ & $-0.0203533$ & $0.0160537$ & $0.000761449$ & $0.010317$ & $0.047545$ & $0.0812811$ & $0.0732312$ & $0.219909$ & $-0.506061$ & $-0.300343$ & $-0.260016$ & $1$ & $0.289481$ & $0.269642$ & $0.664624$ & $0.596065$ & $0.597238$ & $0.526949$ & $0.465381$ & $0.448442$ & $-0.0863838$ & $0.484425$ & $0.59408$ & $-0.266483$ & $-0.119967$ & $0.154721$ & $-0.0287247$ & $-0.0587761$ & $-0.0071681$ & $0.030147$ & $-0.0648377$ & $-0.237832$ & $-0.0324121$ & $-0.00111277$ & $0.0390874$ & $0.00126069$ & $0.0336147$ & $0.00182398$ & $-0.0450463$ & $0.000521683$ & $-0.00387313$ & $0.0175014$ & $-0.00931076$ & $0.0199837$ & $0.0016382$ & $0.0153358$ & $-0.0182663$ \\
CHL1_22 & $0.0123376$ & $-0.0143858$ & $0.000673039$ & $0.00631838$ & $0.00528695$ & $-0.086518$ & $-0.030732$ & $0.296397$ & $0.291598$ & $-0.126678$ & $-0.427626$ & $0.0136773$ & $0.0649091$ & $0.289481$ & $1$ & $0.443985$ & $0.166596$ & $-0.433688$ & $-0.0236833$ & $0.491494$ & $0.343839$ & $0.333729$ & $-0.178516$ & $0.108694$ & $-0.132998$ & $-0.204039$ & $-0.407707$ & $0.152663$ & $0.0140761$ & $0.0346122$ & $0.0382423$ & $-0.0292357$ & $0.0396832$ & $-0.590068$ & $-0.0284428$ & $-0.00313221$ & $0.00340168$ & $0.00159733$ & $-0.0209877$ & $-0.0116506$ & $0.0225847$ & $-0.0168676$ & $0.00364688$ & $0.0111409$ & $-0.00594972$ & $0.0257848$ & $0.00297707$ & $-0.0174755$ & $0.00623425$ \\
CHL1_33 & $0.0198483$ & $-0.00914766$ & $0.0322048$ & $0.0259828$ & $0.00559289$ & $-0.0822705$ & $-0.0164983$ & $0.290627$ & $0.286308$ & $-0.135704$ & $-0.413495$ & $0.00859653$ & $0.0617417$ & $0.269642$ & $0.443985$ & $1$ & $0.151296$ & $-0.0276865$ & $-0.431516$ & $0.477118$ & $0.332454$ & $0.349957$ & $-0.170727$ & $0.101216$ & $-0.13543$ & $-0.19863$ & $-0.393115$ & $0.131857$ & $0.0113081$ & $0.028951$ & $0.0333568$ & $-0.012792$ & $0.0365868$ & $-0.101695$ & $-0.00974521$ & $-0.0100358$ & $0.012569$ & $-0.010004$ & $0.00625373$ & $-0.0234042$ & $-0.0107765$ & $-0.0256857$ & $-0.00138104$ & $-0.0101548$ & $0.0111086$ & $0.00363404$ & $0.00669539$ & $0.0118053$ & $-0.0187427$ \\
CHL3_11 & $0.00127874$ & $0.0540742$ & $-0.0124293$ & $0.00765674$ & $-0.000467542$ & $-0.268923$ & $0.106932$ & $-0.263524$ & $-0.264387$ & $0.434067$ & $-0.20079$ & $-0.341033$ & $-0.388366$ & $0.664624$ & $0.166596$ & $0.151296$ & $1$ & $0.745707$ & $0.747826$ & $0.224371$ & $0.169139$ & $0.161625$ & $-0.0573178$ & $0.688761$ & $0.78432$ & $-0.104868$ & $-0.164809$ & $0.0442479$ & $-0.0398056$ & $-0.112424$ & $-0.0484014$ & $0.0843868$ & $-0.127333$ & $-0.268937$ & $-0.0238249$ & $0.00362309$ & $0.0340382$ & $-0.00420044$ & $0.0120577$ & $0.00641798$ & $-0.0293482$ & $-0.00655712$ & $-0.00971206$ & $0.0172338$ & $-0.00558866$ & $0.0111744$ & $0.00576753$ & $0.01094$ & $-0.0335195$ \\
CHL3_22 & $-0.00986733$ & $0.0398577$ & $-0.016329$ & $0.00964773$ & $-0.00672386$ & $-0.0526382$ & $0.112117$ & $-0.451836$ & $-0.449318$ & $0.487294$ & $0.0780169$ & $-0.319075$ & $-0.407778$ & $0.596065$ & $-0.433688$ & $-0.0276865$ & $0.745707$ & $1$ & $0.686226$ & $-0.0776877$ & $-0.0732234$ & $-0.0726107$ & $0.0178417$ & $0.636236$ & $0.803898$ & $0.037185$ & $-0.00955696$ & $-0.055634$ & $-0.0494937$ & $-0.12324$ & $-0.0620064$ & $0.0910284$ & $-0.140502$ & $0.0078463$ & $-0.00668403$ & $0.0029798$ & $0.0331977$ & $-0.000547763$ & $0.0265132$ & $0.00504716$ & $-0.0448319$ & $0.00842027$ & $-0.0109242$ & $0.00660176$ & $0.00293361$ & $-0.00454443$ & $0.00395756$ & $0.0214276$ & $-0.0314763$ \\
CHL3_33 & $-0.0192841$ & $0.0355481$ & $-0.0424608$ & $-0.00518663$ & $-0.00741758$ & $-0.0565231$ & $0.103726$ & $-0.450713$ & $-0.447753$ & $0.493913$ & $0.076642$ & $-0.313076$ & $-0.404296$ & $0.597238$ & $-0.0236833$ & $-0.431516$ & $0.747826$ & $0.686226$ & $1$ & $-0.0768897$ & $-0.0718239$ & $-0.0730355$ & $0.0155523$ & $0.636538$ & $0.803585$ & $0.0387057$ & $-0.0115916$ & $-0.0411757$ & $-0.0474841$ & $-0.119316$ & $-0.0592932$ & $0.0807675$ & $-0.138827$ & $-0.357708$ & $-0.022605$ & $0.00734218$ & $0.0291018$ & $0.00752464$ & $0.00978845$ & $0.0146767$ & $-0.0192214$ & $0.015997$ & $-0.00404459$ & $0.0251271$ & $-0.0116359$ & $0.0116617$ & $-0.000708949$ & $-0.00177458$ & $-0.0150015$ \\
CHe_11 & $0.00802714$ & $-0.01824$ & $0.0122136$ & $0.015504$ & $0.0103682$ & $-0.195287$ & $-0.0570291$ & $0.845692$ & $0.827669$ & $-0.349669$ & $-0.990412$ & $-0.0540001$ & $0.167865$ & $0.526949$ & $0.491494$ & $0.477118$ & $0.224371$ & $-0.0776877$ & $-0.0768897$ & $1$ & $0.972839$ & $0.953182$ & $-0.032894$ & $-0.255288$ & $-0.0286552$ & $-0.551238$ & $0.205558$ & $0.340126$ & $0.023269$ & $0.0753707$ & $0.0551857$ & $-0.0561068$ & $0.0807359$ & $0.282942$ & $-0.0255016$ & $-0.00288283$ & $0.0196025$ & $-0.0105492$ & $0.0339001$ & $-0.00331466$ & $-0.0379212$ & $-0.0185111$ & $0.00820532$ & $0.00726536$ & $-0.0125056$ & $0.0120577$ & $-3.17759e-05$ & $0.0026483$ & $-0.0168895$ \\
CHe_22 & $0.00494227$ & $-0.0148945$ & $0.00892969$ & $0.0101985$ & $0.0125352$ & $-0.203143$ & $-0.0610202$ & $0.892437$ & $0.873264$ & $-0.379063$ & $-0.990995$ & $-0.058223$ & $0.186626$ & $0.465381$ & $0.343839$ & $0.332454$ & $0.169139$ & $-0.0732234$ & $-0.0718239$ & $0.972839$ & $1$ & $0.975615$ & $0.0173207$ & $-0.363543$ & $-0.0415673$ & $-0.560094$ & $0.363112$ & $0.343247$ & $0.0246514$ & $0.0795965$ & $0.0546119$ & $-0.0602925$ & $0.0858344$ & $0.447842$ & $-0.0237474$ & $-0.00230588$ & $0.0174199$ & $-0.0108098$ & $0.0421339$ & $0.00239711$ & $-0.0411564$ & $-0.0159333$ & $0.00820347$ & $0.0087355$ & $-0.0161475$ & $0.0102382$ & $-0.00190889$ & $0.00704286$ & $-0.0168754$ \\
CHe_33 & $0.00412119$ & $-0.0168352$ & $0.00722991$ & $0.0109764$ & $0.0117699$ & $-0.200751$ & $-0.0571646$ & $0.876733$ & $0.858844$ & $-0.373076$ & $-0.970528$ & $-0.0516014$ & $0.186489$ & $0.448442$ & $0.333729$ & $0.349957$ & $0.161625$ & $-0.0726107$ & $-0.0730355$ & $0.953182$ & $0.975615$ & $1$ & $0.0170488$ & $-0.358107$ & $-0.0426058$ & $-0.545897$ & $0.36004$ & $0.338971$ & $0.0242331$ & $0.0803307$ & $0.0500118$ & $-0.0555092$ & $0.0861996$ & $0.446503$ & $-0.02114$ & $-0.00602604$ & $0.0179405$ & $-0.0117176$ & $0.0406022$ & $0.00115145$ & $-0.0392831$ & $-0.0184664$ & $0.0122941$ & $0.0112888$ & $-0.0146805$ & $0.0114799$ & $-0.00741441$ & $0.00619163$ & $-0.0202046$ \\
CHQ1_11 & $-0.0101334$ & $0.0305628$ & $-0.00460213$ & $-0.0274065$ & $0.00819815$ & $-0.0228676$ & $-0.0142164$ & $0.039252$ & $0.0378309$ & $-0.0265083$ & $0.0109535$ & $0.0261907$ & $0.0356068$ & $-0.0863838$ & $-0.178516$ & $-0.170727$ & $-0.0573178$ & $0.0178417$ & $0.0155523$ & $-0.032894$ & $0.0173207$ & $0.0170488$ & $1$ & $-0.115704$ & $0.0893331$ & $-0.667506$ & $0.332678$ & $0.00182379$ & $0.00860423$ & $0.0393836$ & $-0.00838592$ & $-0.00630509$ & $0.0153838$ & $0.188665$ & $-0.00929194$ & $0.00476304$ & $-0.00258061$ & $-0.0177152$ & $0.00535237$ & $0.0129953$ & $-0.00965913$ & $0.00879575$ & $-0.00465219$ & $0.0127228$ & $-0.00329408$ & $0.0308787$ & $-0.0113061$ & $-0.00766758$ & $-0.0229999$ \\
CHQ1_33 & $-0.0628711$ & $0.0276146$ & $-0.0234047$ & $-0.000125801$ & $-0.00768195$ & $0.00546041$ & $0.103405$ & $-0.679298$ & $-0.669873$ & $0.544448$ & $0.308677$ & $-0.250828$ & $-0.424507$ & $0.484425$ & $0.108694$ & $0.101216$ & $0.688761$ & $0.636236$ & $0.636538$ & $-0.255288$ & $-0.363543$ & $-0.358107$ & $-0.115704$ & $1$ & $0.656656$ & $0.19426$ & $-0.424063$ & $-0.0313985$ & $-0.0418327$ & $-0.126092$ & $-0.0596188$ & $0.0844121$ & $-0.139756$ & $-0.638156$ & $-0.0142$ & $0.00168975$ & $0.0249831$ & $0.00980154$ & $-0.00400589$ & $-0.0144633$ & $0.0062799$ & $0.00676276$ & $0.00201261$ & $0.0207709$ & $-0.0060266$ & $0.0106351$ & $-0.00585178$ & $0.0034432$ & $-0.0121986$ \\
CHQ3_11 & $-0.142406$ & $0.0408813$ & $-0.0348074$ & $0.00418987$ & $-0.00365252$ & $-0.0913192$ & $0.101053$ & $-0.423008$ & $-0.418411$ & $0.486074$ & $0.0376764$ & $-0.310441$ & $-0.400206$ & $0.59408$ & $-0.132998$ & $-0.13543$ & $0.78432$ & $0.803898$ & $0.803585$ & $-0.0286552$ & $-0.0415673$ & $-0.0426058$ & $0.0893331$ & $0.656656$ & $1$ & $0.0296909$ & $0.193021$ & $-0.0384136$ & $-0.0352555$ & $-0.126147$ & $-0.0727205$ & $0.0724063$ & $-0.148785$ & $-0.214688$ & $-0.0314792$ & $-0.0019523$ & $0.0179336$ & $0.00103934$ & $0.0253438$ & $0.00609235$ & $-0.0306082$ & $0.0108024$ & $0.00800598$ & $0.0134019$ & $-0.0164461$ & $-0.0110621$ & $-0.00526855$ & $-0.00661752$ & $-0.0316384$ \\
CHu_11 & $-0.0555654$ & $-0.0231645$ & $0.00570927$ & $0.0108368$ & $-0.00400289$ & $0.119992$ & $0.0402651$ & $-0.496224$ & $-0.48435$ & $0.214741$ & $0.558086$ & $0.0255654$ & $-0.109233$ & $-0.266483$ & $-0.204039$ & $-0.19863$ & $-0.104868$ & $0.037185$ & $0.0387057$ & $-0.551238$ & $-0.560094$ & $-0.545897$ & $-0.667506$ & $0.19426$ & $0.0296909$ & $1$ & $-0.158268$ & $-0.203379$ & $-0.0134478$ & $-0.067459$ & $-0.0275694$ & $0.0313358$ & $-0.0570111$ & $-0.241497$ & $0.0199325$ & $0.00458869$ & $-0.00994789$ & $0.0220972$ & $-0.0226811$ & $-0.00713643$ & $0.0306889$ & $0.0130778$ & $0.0128765$ & $-0.0165404$ & $0.0138164$ & $-0.0515549$ & $0.0107932$ & $-0.00752299$ & $0.0199368$ \\
CHd_11 & $-0.0560415$ & $-0.00690161$ & $-0.0167244$ & $-0.0149442$ & $0.00974277$ & $-0.0849189$ & $-0.0475872$ & $0.416195$ & $0.410094$ & $-0.222095$ & $-0.280346$ & $0.0210576$ & $0.148938$ & $-0.119967$ & $-0.407707$ & $-0.393115$ & $-0.164809$ & $-0.00955696$ & $-0.0115916$ & $0.205558$ & $0.363112$ & $0.36004$ & $0.332678$ & $-0.424063$ & $0.193021$ & $-0.158268$ & $1$ & $0.0911913$ & $0.0308021$ & $0.044615$ & $-0.000954452$ & $-0.0527867$ & $0.0394481$ & $0.69069$ & $-0.0139517$ & $0.00159756$ & $-0.0193076$ & $-0.00711351$ & $0.0307394$ & $0.00914737$ & $-0.0215423$ & $0.00684688$ & $0.0251836$ & $0.00934811$ & $-0.0194454$ & $-0.0255352$ & $-0.00904621$ & $-0.0133899$ & $-0.0130321$ \\
CHd_33 & $0.0249751$ & $-0.0283258$ & $0.00528915$ & $0.0097262$ & $0.00878636$ & $-0.0766319$ & $-0.0293479$ & $0.315516$ & $0.305198$ & $-0.145305$ & $-0.344975$ & $-0.00456877$ & $0.0781386$ & $0.154721$ & $0.152663$ & $0.131857$ & $0.0442479$ & $-0.055634$ & $-0.0411757$ & $0.340126$ & $0.343247$ & $0.338971$ & $0.00182379$ & $-0.0313985$ & $-0.0384136$ & $-0.203379$ & $0.0911913$ & $1$ & $0.0334398$ & $0.0294315$ & $0.0161482$ & $-0.0265614$ & $0.0322068$ & $0.13022$ & $0.0187438$ & $0.000488214$ & $0.0173721$ & $-0.00506867$ & $0.00942411$ & $-0.0162353$ & $9.99052e-05$ & $-0.0159948$ & $-0.00933478$ & $0.0324294$ & $-0.0184379$ & $0.0160263$ & $-0.0252918$ & $-0.00870602$ & $0.00777035$ \\
CeH_22r & $-0.000489225$ & $0.0123047$ & $0.0327707$ & $0.0072109$ & $-0.00551327$ & $-0.00526996$ & $0.0151667$ & $0.0451442$ & $0.0496761$ & $-0.0352376$ & $-0.0235177$ & $0.0590813$ & $0.0571238$ & $-0.0287247$ & $0.0140761$ & $0.0113081$ & $-0.0398056$ & $-0.0494937$ & $-0.0474841$ & $0.023269$ & $0.0246514$ & $0.0242331$ & $0.00860423$ & $-0.0418327$ & $-0.0352555$ & $-0.0134478$ & $0.0308021$ & $0.0334398$ & $1$ & $0.0510857$ & $0.0323804$ & $0.0035315$ & $0.0551735$ & $0.0273825$ & $-0.0332995$ & $-0.0249969$ & $-0.0128544$ & $-0.00244234$ & $4.8983e-05$ & $0.00843893$ & $0.0262185$ & $-0.00143097$ & $-0.00880636$ & $0.0107831$ & $0.0138572$ & $-0.0190437$ & $0.0125086$ & $0.00654348$ & $-0.0111635$ \\
CeH_33r & $0.013505$ & $-0.0248381$ & $0.00394299$ & $0.0271394$ & $0.00102419$ & $0.000979708$ & $-0.121776$ & $0.131042$ & $0.149265$ & $-0.150032$ & $-0.0779403$ & $0.327464$ & $0.288526$ & $-0.0587761$ & $0.0346122$ & $0.028951$ & $-0.112424$ & $-0.12324$ & $-0.119316$ & $0.0753707$ & $0.0795965$ & $0.0803307$ & $0.0393836$ & $-0.126092$ & $-0.126147$ & $-0.067459$ & $0.044615$ & $0.0294315$ & $0.0510857$ & $1$ & $0.291094$ & $0.026158$ & $0.641149$ & $0.0719679$ & $-0.0401148$ & $-0.00975474$ & $-0.193899$ & $-0.0135745$ & $-0.0217807$ & $-0.0111495$ & $0.0107218$ & $0.0181768$ & $0.00575672$ & $-0.0270477$ & $0.0694541$ & $0.004166$ & $-0.0257301$ & $-0.0443237$ & $-0.00302626$ \\
CuH_22r & $0.0381977$ & $-0.0254595$ & $0.0349097$ & $-0.00659853$ & $-0.0037382$ & $-0.00234108$ & $-0.0572568$ & $0.0750165$ & $0.0837139$ & $-0.070132$ & $-0.0549618$ & $0.0973887$ & $0.111383$ & $-0.0071681$ & $0.0382423$ & $0.0333568$ & $-0.0484014$ & $-0.0620064$ & $-0.0592932$ & $0.0551857$ & $0.0546119$ & $0.0500118$ & $-0.00838592$ & $-0.0596188$ & $-0.0727205$ & $-0.0275694$ & $-0.000954452$ & $0.0161482$ & $0.0323804$ & $0.291094$ & $1$ & $0.0216693$ & $0.348127$ & $0.0242284$ & $-0.0113857$ & $-0.0190664$ & $-0.0638501$ & $0.00988578$ & $-0.0482437$ & $-0.00996405$ & $0.0549033$ & $0.017724$ & $-0.0170934$ & $-0.007205$ & $0.0422935$ & $0.0965091$ & $0.378073$ & $0.0192602$ & $0.0545396$ \\
CuH_33r & $0.0174751$ & $0.00442395$ & $-0.0054751$ & $-0.0254794$ & $0.0119835$ & $-0.035057$ & $0.938357$ & $-0.0963863$ & $-0.0489189$ & $0.0927491$ & $0.057899$ & $-0.124342$ & $-0.226112$ & $0.030147$ & $-0.0292357$ & $-0.012792$ & $0.0843868$ & $0.0910284$ & $0.0807675$ & $-0.0561068$ & $-0.0602925$ & $-0.0555092$ & $-0.00630509$ & $0.0844121$ & $0.0724063$ & $0.0313358$ & $-0.0527867$ & $-0.0265614$ & $0.0035315$ & $0.026158$ & $0.0216693$ & $1$ & $0.00592562$ & $-0.0482029$ & $0.0346715$ & $0.0429743$ & $-0.0191985$ & $-0.00550329$ & $0.00352754$ & $0.00623954$ & $0.0160891$ & $0.0117766$ & $0.0125944$ & $-0.0359678$ & $0.0173898$ & $-0.0244343$ & $0.0116881$ & $-0.0278196$ & $-0.0184469$ \\
CdH_33r & $0.0138668$ & $-0.0911251$ & $0.042491$ & $0.0362362$ & $0.0145685$ & $0.00544413$ & $-0.165313$ & $0.147879$ & $0.165774$ & $-0.162947$ & $-0.0856617$ & $0.368427$ & $0.330679$ & $-0.0648377$ & $0.0396832$ & $0.0365868$ & $-0.127333$ & $-0.140502$ & $-0.138827$ & $0.0807359$ & $0.0858344$ & $0.0861996$ & $0.0153838$ & $-0.139756$ & $-0.148785$ & $-0.0570111$ & $0.0394481$ & $0.0322068$ & $0.0551735$ & $0.641149$ & $0.348127$ & $0.00592562$ & $1$ & $0.0777659$ & $-0.0382317$ & $-0.0267959$ & $-0.212727$ & $-0.0303655$ & $-0.0675428$ & $-0.0159484$ & $0.0217049$ & $0.0299856$ & $0.00179386$ & $-0.00453734$ & $-0.006546$ & $0.029765$ & $-0.0197531$ & $0.173606$ & $0.47159$ \\
CLL_1221 & $-0.000336288$ & $0.0241455$ & $0.0213317$ & $-0.00377796$ & $0.00510386$ & $-0.122917$ & $-0.0550541$ & $0.564637$ & $0.554013$ & $-0.35305$ & $-0.361141$ & $0.063389$ & $0.237287$ & $-0.237832$ & $-0.590068$ & $-0.101695$ & $-0.268937$ & $0.0078463$ & $-0.357708$ & $0.282942$ & $0.447842$ & $0.446503$ & $0.188665$ & $-0.638156$ & $-0.214688$ & $-0.241497$ & $0.69069$ & $0.13022$ & $0.0273825$ & $0.0719679$ & $0.0242284$ & $-0.0482029$ & $0.0777659$ & $1$ & $0.014234$ & $-0.00457718$ & $-0.00483588$ & $-0.0148077$ & $0.0425254$ & $0.0134443$ & $-0.0362677$ & $-0.00738358$ & $0.00359877$ & $-0.0157579$ & $-0.00974454$ & $-0.0153818$ & $-0.00718242$ & $0.0176995$ & $-0.0144397$ \\
eHggint & $0.0375869$ & $0.0204136$ & $-0.0536119$ & $0.0350684$ & $0.0108468$ & $-0.0116705$ & $-0.0559198$ & $-0.0130541$ & $-0.0311962$ & $0.0405407$ & $0.0267689$ & $0.100002$ & $0.0419349$ & $-0.0324121$ & $-0.0284428$ & $-0.00974521$ & $-0.0238249$ & $-0.00668403$ & $-0.022605$ & $-0.0255016$ & $-0.0237474$ & $-0.02114$ & $-0.00929194$ & $-0.0142$ & $-0.0314792$ & $0.0199325$ & $-0.0139517$ & $0.0187438$ & $-0.0332995$ & $-0.0401148$ & $-0.0113857$ & $0.0346715$ & $-0.0382317$ & $0.014234$ & $1$ & $-0.0296135$ & $0.0388318$ & $-0.014636$ & $0.0368982$ & $-0.0167454$ & $-0.139238$ & $-0.0276936$ & $0.030461$ & $0.0482703$ & $-0.00963118$ & $-0.0820298$ & $-0.0171701$ & $0.00982546$ & $0.00335225$ \\
eHggpar & $0.0517518$ & $-0.0381306$ & $-0.0401325$ & $-0.00940555$ & $0.0160559$ & $-0.00711181$ & $-0.00658075$ & $-0.00348015$ & $-0.0156495$ & $0.033371$ & $0.00174609$ & $0.0644017$ & $0.0330783$ & $-0.00111277$ & $-0.00313221$ & $-0.0100358$ & $0.00362309$ & $0.0029798$ & $0.00734218$ & $-0.00288283$ & $-0.00230588$ & $-0.00602604$ & $0.00476304$ & $0.00168975$ & $-0.0019523$ & $0.00458869$ & $0.00159756$ & $0.000488214$ & $-0.0249969$ & $-0.00975474$ & $-0.0190664$ & $0.0429743$ & $-0.0267959$ & $-0.00457718$ & $-0.0296135$ & $1$ & $0.0366221$ & $0.0010407$ & $-0.0263141$ & $-0.00496769$ & $-0.0215688$ & $0.0240554$ & $0.0240415$ & $-0.00383669$ & $0.0540911$ & $0.000551768$ & $-0.0439204$ & $0.0616134$ & $-0.0401931$ \\
eHWWint & $0.00687949$ & $0.111439$ & $0.0485255$ & $-0.0207336$ & $0.00414737$ & $0.0156894$ & $0.0257478$ & $-0.00672001$ & $-0.0193604$ & $0.033164$ & $-0.0141349$ & $-0.00836868$ & $-0.0226821$ & $0.0390874$ & $0.00340168$ & $0.012569$ & $0.0340382$ & $0.0331977$ & $0.0291018$ & $0.0196025$ & $0.0174199$ & $0.0179405$ & $-0.00258061$ & $0.0249831$ & $0.0179336$ & $-0.00994789$ & $-0.0193076$ & $0.0173721$ & $-0.0128544$ & $-0.193899$ & $-0.0638501$ & $-0.0191985$ & $-0.212727$ & $-0.00483588$ & $0.0388318$ & $0.0366221$ & $1$ & $0.0247488$ & $-0.017911$ & $0.0210409$ & $-0.0641429$ & $-0.0208696$ & $-0.0499277$ & $0.116765$ & $0.0799519$ & $-0.0179153$ & $0.121018$ & $0.0854176$ & $0.00758631$ \\
eHWWpar & $-0.00844919$ & $-0.00213873$ & $-0.0151489$ & $0.0156111$ & $-0.00692692$ & $0.0201673$ & $0.00376739$ & $-0.0113697$ & $-0.0067929$ & $0.0116161$ & $0.0106794$ & $0.00316209$ & $-0.0124483$ & $0.00126069$ & $0.00159733$ & $-0.010004$ & $-0.00420044$ & $-0.000547763$ & $0.00752464$ & $-0.0105492$ & $-0.0108098$ & $-0.0117176$ & $-0.0177152$ & $0.00980154$ & $0.00103934$ & $0.0220972$ & $-0.00711351$ & $-0.00506867$ & $-0.00244234$ & $-0.0135745$ & $0.00988578$ & $-0.00550329$ & $-0.0303655$ & $-0.0148077$ & $-0.014636$ & $0.0010407$ & $0.0247488$ & $1$ & $-0.019794$ & $-0.0254251$ & $-0.00697357$ & $0.00833721$ & $0.024331$ & $0.0161072$ & $0.0220454$ & $0.020592$ & $0.0230113$ & $0.00601397$ & $-0.0134703$ \\
eHZZint & $-0.105503$ & $0.0770085$ & $-0.0891348$ & $-0.0308404$ & $0.0175672$ & $0.016082$ & $-0.00764614$ & $0.0277165$ & $0.0212132$ & $-0.0224318$ & $-0.0351979$ & $-0.0333092$ & $-0.0202825$ & $0.0336147$ & $-0.0209877$ & $0.00625373$ & $0.0120577$ & $0.0265132$ & $0.00978845$ & $0.0339001$ & $0.0421339$ & $0.0406022$ & $0.00535237$ & $-0.00400589$ & $0.0253438$ & $-0.0226811$ & $0.0307394$ & $0.00942411$ & $4.8983e-05$ & $-0.0217807$ & $-0.0482437$ & $0.00352754$ & $-0.0675428$ & $0.0425254$ & $0.0368982$ & $-0.0263141$ & $-0.017911$ & $-0.019794$ & $1$ & $0.00801152$ & $-0.0948801$ & $-0.00872966$ & $-0.0152618$ & $-0.0484343$ & $-0.125048$ & $0.044092$ & $-0.103635$ & $0.0425175$ & $-0.135438$ \\
eHZZpar & $-0.0272959$ & $-0.00893337$ & $0.00180186$ & $-0.00348828$ & $0.0155909$ & $-0.00739886$ & $0.00185664$ & $0.00222788$ & $-0.000189191$ & $0.0145427$ & $-0.000535558$ & $-0.020242$ & $-0.0184664$ & $0.00182398$ & $-0.0116506$ & $-0.0234042$ & $0.00641798$ & $0.00504716$ & $0.0146767$ & $-0.00331466$ & $0.00239711$ & $0.00115145$ & $0.0129953$ & $-0.0144633$ & $0.00609235$ & $-0.00713643$ & $0.00914737$ & $-0.0162353$ & $0.00843893$ & $-0.0111495$ & $-0.00996405$ & $0.00623954$ & $-0.0159484$ & $0.0134443$ & $-0.0167454$ & $-0.00496769$ & $0.0210409$ & $-0.0254251$ & $0.00801152$ & $1$ & $-0.0203939$ & $0.00244325$ & $-0.00119924$ & $-0.00260923$ & $-0.00977828$ & $-0.0132725$ & $-0.00563618$ & $0.027449$ & $-0.00933659$ \\
eHZgaint & $0.0160108$ & $0.0372$ & $0.135876$ & $-0.00735898$ & $0.000552604$ & $0.00489804$ & $0.0281963$ & $-0.0254397$ & $-0.023$ & $-0.0654695$ & $0.0416376$ & $-0.0545689$ & $-0.0298019$ & $-0.0450463$ & $0.0225847$ & $-0.0107765$ & $-0.0293482$ & $-0.0448319$ & $-0.0192214$ & $-0.0379212$ & $-0.0411564$ & $-0.0392831$ & $-0.00965913$ & $0.0062799$ & $-0.0306082$ & $0.0306889$ & $-0.0215423$ & $9.99052e-05$ & $0.0262185$ & $0.0107218$ & $0.0549033$ & $0.0160891$ & $0.0217049$ & $-0.0362677$ & $-0.139238$ & $-0.0215688$ & $-0.0641429$ & $-0.00697357$ & $-0.0948801$ & $-0.0203939$ & $1$ & $0.00518386$ & $-0.0292209$ & $0.0614488$ & $0.0395922$ & $0.0690435$ & $0.0689941$ & $-0.0363999$ & $0.0280295$ \\
eHZgapar & $-0.0187196$ & $0.00165298$ & $-0.0188152$ & $-0.0217868$ & $0.0060187$ & $0.00419243$ & $0.00676055$ & $-0.0177803$ & $-0.0159793$ & $0.000603184$ & $0.0180864$ & $-0.00814915$ & $-0.00662884$ & $0.000521683$ & $-0.0168676$ & $-0.0256857$ & $-0.00655712$ & $0.00842027$ & $0.015997$ & $-0.0185111$ & $-0.0159333$ & $-0.0184664$ & $0.00879575$ & $0.00676276$ & $0.0108024$ & $0.0130778$ & $0.00684688$ & $-0.0159948$ & $-0.00143097$ & $0.0181768$ & $0.017724$ & $0.0117766$ & $0.0299856$ & $-0.00738358$ & $-0.0276936$ & $0.0240554$ & $-0.0208696$ & $0.00833721$ & $-0.00872966$ & $0.00244325$ & $0.00518386$ & $1$ & $-0.011866$ & $-0.0234205$ & $0.0101917$ & $0.00606191$ & $-0.00792752$ & $-0.00843352$ & $0.0391064$ \\
eHgagaint & $-0.0679312$ & $-0.063789$ & $-0.0122908$ & $-0.0121973$ & $-0.0117697$ & $0.00037852$ & $0.00448899$ & $0.0143393$ & $0.0859137$ & $-0.000585451$ & $-0.00842687$ & $0.0102736$ & $0.016527$ & $-0.00387313$ & $0.00364688$ & $-0.00138104$ & $-0.00971206$ & $-0.0109242$ & $-0.00404459$ & $0.00820532$ & $0.00820347$ & $0.0122941$ & $-0.00465219$ & $0.00201261$ & $0.00800598$ & $0.0128765$ & $0.0251836$ & $-0.00933478$ & $-0.00880636$ & $0.00575672$ & $-0.0170934$ & $0.0125944$ & $0.00179386$ & $0.00359877$ & $0.030461$ & $0.0240415$ & $-0.0499277$ & $0.024331$ & $-0.0152618$ & $-0.00119924$ & $-0.0292209$ & $-0.011866$ & $1$ & $0.00338686$ & $-0.0243349$ & $-0.0157695$ & $-0.0450162$ & $-0.0742999$ & $0.000105194$ \\
eHmumuint & $0.0533535$ & $-0.168362$ & $0.0603456$ & $0.11069$ & $-0.00839428$ & $-0.00433975$ & $-0.0267763$ & $0.0054136$ & $0.00516674$ & $0.00855268$ & $-0.0111248$ & $-0.00839725$ & $-0.00426916$ & $0.0175014$ & $0.0111409$ & $-0.0101548$ & $0.0172338$ & $0.00660176$ & $0.0251271$ & $0.00726536$ & $0.0087355$ & $0.0112888$ & $0.0127228$ & $0.0207709$ & $0.0134019$ & $-0.0165404$ & $0.00934811$ & $0.0324294$ & $0.0107831$ & $-0.0270477$ & $-0.007205$ & $-0.0359678$ & $-0.00453734$ & $-0.0157579$ & $0.0482703$ & $-0.00383669$ & $0.116765$ & $0.0161072$ & $-0.0484343$ & $-0.00260923$ & $0.0614488$ & $-0.0234205$ & $0.00338686$ & $1$ & $0.0991576$ & $0.0269294$ & $-0.0145705$ & $-0.0172021$ & $0.066381$ \\
eHtautauint & $0.0978454$ & $-0.0700581$ & $0.0595577$ & $0.0658794$ & $-0.033498$ & $-0.0166488$ & $0.0201884$ & $-0.0113408$ & $-0.0128814$ & $0.00219341$ & $0.0128364$ & $0.011332$ & $0.00817065$ & $-0.00931076$ & $-0.00594972$ & $0.0111086$ & $-0.00558866$ & $0.00293361$ & $-0.0116359$ & $-0.0125056$ & $-0.0161475$ & $-0.0146805$ & $-0.00329408$ & $-0.0060266$ & $-0.0164461$ & $0.0138164$ & $-0.0194454$ & $-0.0184379$ & $0.0138572$ & $0.0694541$ & $0.0422935$ & $0.0173898$ & $-0.006546$ & $-0.00974454$ & $-0.00963118$ & $0.0540911$ & $0.0799519$ & $0.0220454$ & $-0.125048$ & $-0.00977828$ & $0.0395922$ & $0.0101917$ & $-0.0243349$ & $0.0991576$ & $1$ & $-0.0498326$ & $0.0904307$ & $0.0272532$ & $-0.0117897$ \\
eHccint & $0.040275$ & $0.14252$ & $-0.0686289$ & $-0.0608578$ & $-0.00303322$ & $0.0168023$ & $-0.0143576$ & $-0.000790989$ & $0.00070453$ & $-0.022421$ & $-0.00992862$ & $-0.029665$ & $-0.0103509$ & $0.0199837$ & $0.0257848$ & $0.00363404$ & $0.0111744$ & $-0.00454443$ & $0.0116617$ & $0.0120577$ & $0.0102382$ & $0.0114799$ & $0.0308787$ & $0.0106351$ & $-0.0110621$ & $-0.0515549$ & $-0.0255352$ & $0.0160263$ & $-0.0190437$ & $0.004166$ & $0.0965091$ & $-0.0244343$ & $0.029765$ & $-0.0153818$ & $-0.0820298$ & $0.000551768$ & $-0.0179153$ & $0.020592$ & $0.044092$ & $-0.0132725$ & $0.0690435$ & $0.00606191$ & $-0.0157695$ & $0.0269294$ & $-0.0498326$ & $1$ & $0.0460796$ & $-0.0130784$ & $0.0698605$ \\
eHccpar & $0.0905968$ & $-0.0402768$ & $0.127933$ & $0.0132727$ & $-0.00755961$ & $-0.0144417$ & $0.0270778$ & $-0.00324131$ & $-0.00682474$ & $0.00327784$ & $0.00126878$ & $-0.0223304$ & $-0.0253111$ & $0.0016382$ & $0.00297707$ & $0.00669539$ & $0.00576753$ & $0.00395756$ & $-0.000708949$ & $-3.17759e-05$ & $-0.00190889$ & $-0.00741441$ & $-0.0113061$ & $-0.00585178$ & $-0.00526855$ & $0.0107932$ & $-0.00904621$ & $-0.0252918$ & $0.0125086$ & $-0.0257301$ & $0.378073$ & $0.0116881$ & $-0.0197531$ & $-0.00718242$ & $-0.0171701$ & $-0.0439204$ & $0.121018$ & $0.0230113$ & $-0.103635$ & $-0.00563618$ & $0.0689941$ & $-0.00792752$ & $-0.0450162$ & $-0.0145705$ & $0.0904307$ & $0.0460796$ & $1$ & $0.0464156$ & $0.0441078$ \\
eHbbint & $0.0175876$ & $-0.00552498$ & $0.0488423$ & $0.135626$ & $-0.0317276$ & $-0.00363073$ & $-0.0236154$ & $0.00234211$ & $-0.00841042$ & $-0.000193079$ & $-0.00733855$ & $-0.0230593$ & $-0.0210103$ & $0.0153358$ & $-0.0174755$ & $0.0118053$ & $0.01094$ & $0.0214276$ & $-0.00177458$ & $0.0026483$ & $0.00704286$ & $0.00619163$ & $-0.00766758$ & $0.0034432$ & $-0.00661752$ & $-0.00752299$ & $-0.0133899$ & $-0.00870602$ & $0.00654348$ & $-0.0443237$ & $0.0192602$ & $-0.0278196$ & $0.173606$ & $0.0176995$ & $0.00982546$ & $0.0616134$ & $0.0854176$ & $0.00601397$ & $0.0425175$ & $0.027449$ & $-0.0363999$ & $-0.00843352$ & $-0.0742999$ & $-0.0172021$ & $0.0272532$ & $-0.0130784$ & $0.0464156$ & $1$ & $0.117048$ \\
eHbbpar & $0.000405926$ & $-0.144187$ & $0.088386$ & $-0.0233533$ & $0.0191109$ & $0.0181023$ & $-0.0191787$ & $0.00428036$ & $0.00519939$ & $-0.0266048$ & $0.0136759$ & $-0.00533095$ & $0.00829306$ & $-0.0182663$ & $0.00623425$ & $-0.0187427$ & $-0.0335195$ & $-0.0314763$ & $-0.0150015$ & $-0.0168895$ & $-0.0168754$ & $-0.0202046$ & $-0.0229999$ & $-0.0121986$ & $-0.0316384$ & $0.0199368$ & $-0.0130321$ & $0.00777035$ & $-0.0111635$ & $-0.00302626$ & $0.0545396$ & $-0.0184469$ & $0.47159$ & $-0.0144397$ & $0.00335225$ & $-0.0401931$ & $0.00758631$ & $-0.0134703$ & $-0.135438$ & $-0.00933659$ & $0.0280295$ & $0.0391064$ & $0.000105194$ & $0.066381$ & $-0.0117897$ & $0.0698605$ & $0.0441078$ & $0.117048$ & $1$ \\
