 & AlsMz & dAle5Mz & mtop & mHl & Mz & CW & CHG & CHWB & CHWHB_gaga & CHWHB_gagaorth & CHD & CHbox & CH & CHL1_11 & CHL1_22 & CHL1_33 & CHL3_11 & CHL3_22 & CHL3_33 & CHe_11 & CHe_22 & CHe_33 & CHQ1_11 & CHQ1_33 & CHQ3_11 & CHu_11 & CHd_11 & CHd_33 & CeH_22r & CeH_33r & CuH_22r & CuH_33r & CdH_33r & CLL_1221 & eHggint & eHggpar & eHWWint & eHWWpar & eHZZint & eHZZpar & eHZgaint & eHZgapar & eHgagaint & eHmumuint & eHtautauint & eHccint & eHccpar & eHbbint & eHbbpar \\
AlsMz & $1$ & $-0.0235202$ & $-0.0855122$ & $0.00277928$ & $-0.00243409$ & $-0.00626067$ & $0.0127554$ & $0.000156832$ & $0.00648668$ & $-0.0181932$ & $-0.0108179$ & $-0.00753184$ & $-0.00259065$ & $-0.0133962$ & $-0.00499474$ & $0.0092791$ & $-0.00969866$ & $0.00396361$ & $-0.00567391$ & $-0.00192544$ & $-0.00481317$ & $-0.00680504$ & $-0.00784202$ & $-0.0352563$ & $-0.114942$ & $-0.00855908$ & $-0.0200382$ & $-0.00102612$ & $0.00629819$ & $-0.00309114$ & $-0.0327874$ & $0.0103453$ & $-0.0208814$ & $-0.00119985$ & $-0.0246295$ & $-0.0416517$ & $0.0525626$ & $-0.0299906$ & $0.0844247$ & $0.00431346$ & $0.116314$ & $-0.0145598$ & $0.0769492$ & $-0.0633633$ & $0.0119146$ & $-0.0361772$ & $-0.0874627$ & $-0.000447656$ & $-0.0331452$ \\
dAle5Mz & $-0.0235202$ & $1$ & $0.0492465$ & $-0.0193762$ & $-0.0035172$ & $0.0267075$ & $0.00466153$ & $-0.190474$ & $-0.187382$ & $0.0474616$ & $0.175288$ & $0.00223434$ & $-0.0229367$ & $-0.0471714$ & $0.00221655$ & $0.000783125$ & $0.0609676$ & $-0.00968521$ & $-0.0118057$ & $-0.178812$ & $-0.0126184$ & $-0.021628$ & $0.000953759$ & $0.00855074$ & $-0.00271572$ & $0.00568297$ & $-0.00280484$ & $-0.00213915$ & $-0.0100147$ & $0.0108826$ & $0.0106617$ & $0.0143633$ & $0.0521194$ & $0.101548$ & $0.0380634$ & $-0.0142916$ & $-0.0412237$ & $-0.0129056$ & $-0.0288744$ & $-0.0483815$ & $0.069507$ & $0.017697$ & $-0.0252048$ & $-0.0825247$ & $0.00481189$ & $-0.063794$ & $0.00748996$ & $-0.00638164$ & $0.0468332$ \\
mtop & $-0.0855122$ & $0.0492465$ & $1$ & $0.0688211$ & $-0.0104438$ & $-0.00180916$ & $-0.0138722$ & $-0.00176079$ & $-0.00654157$ & $0.00412407$ & $0.0099236$ & $0.0159787$ & $0.00149785$ & $-0.00135594$ & $0.00366711$ & $-0.00299233$ & $-0.000438698$ & $0.00395221$ & $-0.00248427$ & $0.00450802$ & $-0.00157771$ & $0.00254848$ & $0.00126106$ & $0.00462032$ & $0.00665509$ & $-0.00296203$ & $-0.00221694$ & $-0.00418987$ & $-0.0100653$ & $0.00507778$ & $0.00539728$ & $-0.000376222$ & $0.0871554$ & $0.0131975$ & $0.0452692$ & $0.10638$ & $-0.0651084$ & $-0.00406768$ & $0.0151171$ & $-0.0243367$ & $0.0184136$ & $0.0505319$ & $-0.0390983$ & $-0.0527717$ & $-0.0119377$ & $0.028735$ & $-0.010747$ & $-0.00323041$ & $0.140485$ \\
mHl & $0.00277928$ & $-0.0193762$ & $0.0688211$ & $1$ & $0.00129118$ & $-0.00771753$ & $-0.00962269$ & $0.00921212$ & $0.00920108$ & $0.00438075$ & $-0.00874744$ & $0.00526916$ & $-0.00220155$ & $0.00456956$ & $-0.00633179$ & $-0.00969711$ & $2.85615e-05$ & $0.00768621$ & $0.00824987$ & $0.0159728$ & $0.00378412$ & $0.0049214$ & $-0.00454293$ & $-0.0094576$ & $0.00702896$ & $0.0103104$ & $0.00968002$ & $0.000683324$ & $0.00141663$ & $0.00393288$ & $-0.00597884$ & $-0.00580359$ & $0.00732421$ & $0.00645009$ & $0.0415096$ & $0.0266014$ & $-0.0654107$ & $0.00235729$ & $-0.110023$ & $-0.0104817$ & $-0.0170962$ & $0.0148968$ & $0.0176192$ & $-0.0370238$ & $-0.0660601$ & $-0.0588819$ & $-0.0304632$ & $-0.0317616$ & $0.00736249$ \\
Mz & $-0.00243409$ & $-0.0035172$ & $-0.0104438$ & $0.00129118$ & $1$ & $0.00116043$ & $0.00814038$ & $-0.00298652$ & $-0.00322465$ & $0.00102386$ & $0.0929848$ & $0.0137353$ & $-0.00766491$ & $0.00390541$ & $-0.00124537$ & $-0.000147508$ & $-0.00232938$ & $0.00168276$ & $-0.000295105$ & $0.00822954$ & $0.000216847$ & $0.000587461$ & $-0.0037885$ & $-0.00213978$ & $-0.00500586$ & $-0.00129396$ & $-0.00175375$ & $-0.00289729$ & $0.00286781$ & $-0.00245421$ & $0.00132722$ & $0.00723711$ & $-0.0105727$ & $-0.00181255$ & $-0.00292476$ & $0.0021259$ & $0.00564176$ & $-0.00660965$ & $0.00788963$ & $-0.00236332$ & $0.00525231$ & $3.66195e-05$ & $-0.00236706$ & $0.00262125$ & $0.014762$ & $-0.00682634$ & $0.00863112$ & $0.00347263$ & $-0.0153857$ \\
CW & $-0.00626067$ & $0.0267075$ & $-0.00180916$ & $-0.00771753$ & $0.00116043$ & $1$ & $0.00806952$ & $-0.123942$ & $-0.120268$ & $0.0287186$ & $0.11565$ & $0.0380827$ & $-0.0106502$ & $0.102027$ & $0.0191355$ & $0.0207409$ & $-0.0559841$ & $0.0130212$ & $0.0121106$ & $-0.106917$ & $-0.0516768$ & $-0.0525028$ & $-0.00903842$ & $0.051436$ & $0.00927436$ & $0.011995$ & $-0.0513228$ & $-0.00875781$ & $0.00345485$ & $-0.00713944$ & $-0.00248885$ & $0.00869711$ & $-0.000764259$ & $-0.0970898$ & $0.00124367$ & $0.00283538$ & $0.00446835$ & $0.00276197$ & $0.000225871$ & $-0.00382255$ & $0.00147942$ & $-0.00208093$ & $-0.00163996$ & $0.000889449$ & $-0.00203262$ & $-0.00031616$ & $-0.00626694$ & $0.00297395$ & $-0.00208244$ \\
CHG & $0.0127554$ & $0.00466153$ & $-0.0138722$ & $-0.00962269$ & $0.00814038$ & $0.00806952$ & $1$ & $-0.0129463$ & $0.0503203$ & $0.00277191$ & $0.0111305$ & $0.000365777$ & $-0.0891764$ & $0.00238754$ & $0.00194866$ & $0.00491785$ & $0.00254946$ & $0.00797129$ & $0.00112535$ & $0.00141289$ & $-0.00577248$ & $-0.00499611$ & $0.00270512$ & $0.00490695$ & $0.00333958$ & $-0.000842458$ & $-0.00358709$ & $0.00731941$ & $0.0210113$ & $-0.059743$ & $-0.0403021$ & $0.938318$ & $-0.0788755$ & $-0.00561976$ & $-0.0180501$ & $-0.00161316$ & $0.0347619$ & $0.0166108$ & $-0.00301298$ & $0.00609186$ & $-0.0111888$ & $0.00198138$ & $0.00641747$ & $0.00289648$ & $-0.00435812$ & $-0.00542882$ & $1.67756e-05$ & $0.00448467$ & $-0.00106574$ \\
CHWB & $0.000156832$ & $-0.190474$ & $-0.00176079$ & $0.00921212$ & $-0.00298652$ & $-0.123942$ & $-0.0129463$ & $1$ & $0.976224$ & $-0.299317$ & $-0.877365$ & $-0.426653$ & $0.0761537$ & $-0.0678849$ & $-0.0908359$ & $-0.0807384$ & $-0.349617$ & $-0.200381$ & $-0.207576$ & $0.754858$ & $0.368267$ & $0.350901$ & $0.036152$ & $-0.373154$ & $-0.244608$ & $-0.074438$ & $0.276599$ & $0.0630782$ & $-0.00323033$ & $0.000402326$ & $0.00184052$ & $-0.0291433$ & $-0.0254959$ & $0.618575$ & $-0.023332$ & $-0.0100439$ & $0.00634041$ & $0.0119007$ & $0.0016612$ & $0.011625$ & $-0.0106085$ & $-0.00601523$ & $0.00596131$ & $0.0143459$ & $-0.00363673$ & $0.0113212$ & $-0.00330179$ & $-0.00545272$ & $-0.0121844$ \\
CHWHB_gaga & $0.00648668$ & $-0.187382$ & $-0.00654157$ & $0.00920108$ & $-0.00322465$ & $-0.120268$ & $0.0503203$ & $0.976224$ & $1$ & $-0.299352$ & $-0.856596$ & $-0.392879$ & $0.0727803$ & $-0.0743643$ & $-0.0894469$ & $-0.0778684$ & $-0.348982$ & $-0.196443$ & $-0.204684$ & $0.745086$ & $0.359632$ & $0.340944$ & $0.0336774$ & $-0.36499$ & $-0.239451$ & $-0.0724345$ & $0.270174$ & $0.0618286$ & $0.00379806$ & $0.029201$ & $0.0202948$ & $0.0230098$ & $0.00987453$ & $0.602223$ & $-0.0527304$ & $-0.0160686$ & $-0.00985641$ & $0.00485744$ & $-0.00205593$ & $0.0120811$ & $-0.00785002$ & $-0.00440656$ & $0.0860076$ & $0.0132097$ & $-0.0015781$ & $0.0150628$ & $0.00784718$ & $-0.00302337$ & $-0.00270687$ \\
CHWHB_gagaorth & $-0.0181932$ & $0.0474616$ & $0.00412407$ & $0.00438075$ & $0.00102386$ & $0.0287186$ & $0.00277191$ & $-0.299317$ & $-0.299352$ & $1$ & $0.0174$ & $0.389123$ & $-0.127048$ & $0.760128$ & $0.0850851$ & $0.0825892$ & $0.80909$ & $0.263371$ & $0.259722$ & $-0.0245491$ & $-0.0250871$ & $-0.0276821$ & $-0.0378998$ & $0.265196$ & $0.32065$ & $0.0130675$ & $-0.138097$ & $-0.00400091$ & $-0.0115229$ & $-0.0667586$ & $-0.0384138$ & $0.0190312$ & $-0.0405352$ & $-0.198618$ & $0.0467653$ & $0.0172141$ & $-0.000984122$ & $-0.00569324$ & $-0.00306045$ & $0.00615184$ & $-0.027224$ & $0.00113411$ & $-0.0166808$ & $-0.00630374$ & $0.0110389$ & $-0.00187803$ & $-0.0036924$ & $-0.00230147$ & $-0.00138463$ \\
CHD & $-0.0108179$ & $0.175288$ & $0.0099236$ & $-0.00874744$ & $0.0929848$ & $0.11565$ & $0.0111305$ & $-0.877365$ & $-0.856596$ & $0.0174$ & $1$ & $0.304129$ & $-0.0329821$ & $-0.20258$ & $0.0443869$ & $0.0320611$ & $0.0603795$ & $0.100854$ & $0.111486$ & $-0.774823$ & $-0.368746$ & $-0.348487$ & $-0.0209222$ & $0.262213$ & $0.128394$ & $0.0769958$ & $-0.209576$ & $-0.0639281$ & $0.00505751$ & $0.00614177$ & $0.00634316$ & $0.0218506$ & $0.0274525$ & $-0.468699$ & $0.0139741$ & $0.00854005$ & $-0.00545766$ & $-0.00908567$ & $0.000849021$ & $-0.0125112$ & $0.0201323$ & $0.006248$ & $-0.0026693$ & $-0.00927108$ & $-0.000896534$ & $-0.0110881$ & $0.00775983$ & $0.00870912$ & $0.0103215$ \\
CHbox & $-0.00753184$ & $0.00223434$ & $0.0159787$ & $0.00526916$ & $0.0137353$ & $0.0380827$ & $0.000365777$ & $-0.426653$ & $-0.392879$ & $0.389123$ & $0.304129$ & $1$ & $-0.00939716$ & $0.0940102$ & $0.0614634$ & $0.0622291$ & $0.233572$ & $0.114464$ & $0.113365$ & $-0.0819165$ & $-0.117142$ & $-0.118747$ & $-0.0198121$ & $0.185892$ & $0.142833$ & $0.0213571$ & $-0.130365$ & $-0.020471$ & $0.0271116$ & $0.203339$ & $0.0437573$ & $0.0754429$ & $0.294588$ & $-0.327268$ & $0.0920254$ & $0.0539378$ & $-0.00816035$ & $-0.00638935$ & $0.000851542$ & $-0.000309251$ & $-0.00815969$ & $0.00431194$ & $-0.0124955$ & $-0.000464943$ & $0.00322143$ & $-0.00298989$ & $-0.0086755$ & $0.00217218$ & $-0.00166143$ \\
CH & $-0.00259065$ & $-0.0229367$ & $0.00149785$ & $-0.00220155$ & $-0.00766491$ & $-0.0106502$ & $-0.0891764$ & $0.0761537$ & $0.0727803$ & $-0.127048$ & $-0.0329821$ & $-0.00939716$ & $1$ & $-0.132655$ & $-0.013771$ & $-0.0092953$ & $-0.140369$ & $-0.0464941$ & $-0.0529881$ & $0.0778632$ & $0.0195082$ & $0.0195432$ & $-0.00557188$ & $-0.0517485$ & $-0.0568446$ & $0.00564718$ & $0.0263356$ & $0.0076961$ & $0.0125051$ & $0.0784153$ & $0.0462914$ & $-0.0830076$ & $0.111046$ & $0.0401747$ & $-0.00536796$ & $-0.00158844$ & $-0.0142085$ & $-0.00500445$ & $0.00846288$ & $-0.00208574$ & $0.00869329$ & $0.0018518$ & $0.00364317$ & $0.00164957$ & $-0.0136109$ & $0.00460558$ & $0.005859$ & $-0.0140332$ & $-0.00197686$ \\
CHL1_11 & $-0.0133962$ & $-0.0471714$ & $-0.00135594$ & $0.00456956$ & $0.00390541$ & $0.102027$ & $0.00238754$ & $-0.0678849$ & $-0.0743643$ & $0.760128$ & $-0.20258$ & $0.0940102$ & $-0.132655$ & $1$ & $0.0814904$ & $0.081828$ & $0.623199$ & $0.22051$ & $0.213674$ & $0.0960755$ & $0.0560099$ & $0.0454919$ & $-0.0347308$ & $0.201899$ & $0.254567$ & $-0.00546768$ & $-0.107997$ & $0.0096107$ & $-0.0147892$ & $-0.0359695$ & $-0.0332249$ & $0.00275579$ & $-0.0544836$ & $-0.103151$ & $0.0224117$ & $0.00848181$ & $0.00212144$ & $0.000388272$ & $-0.00487153$ & $0.00996643$ & $-0.0337573$ & $0.0033634$ & $-0.00670436$ & $0.00151718$ & $0.01354$ & $0.00176266$ & $-0.00256377$ & $-0.00383131$ & $-0.00198274$ \\
CHL1_22 & $-0.00499474$ & $0.00221655$ & $0.00366711$ & $-0.00633179$ & $-0.00124537$ & $0.0191355$ & $0.00194866$ & $-0.0908359$ & $-0.0894469$ & $0.0850851$ & $0.0443869$ & $0.0614634$ & $-0.013771$ & $0.0814904$ & $1$ & $0.338735$ & $0.0681395$ & $-0.636628$ & $-0.226346$ & $-0.0266173$ & $-0.265417$ & $-0.18796$ & $-0.0918292$ & $0.270067$ & $-0.317063$ & $0.0233914$ & $-0.524318$ & $-0.0398538$ & $0.000735913$ & $0.000105735$ & $-0.00574507$ & $0.00426113$ & $-0.000567823$ & $-0.587605$ & $-0.00115942$ & $0.00274117$ & $0.00163709$ & $-0.00814072$ & $0.00239393$ & $-0.00861609$ & $0.000529012$ & $-0.00153514$ & $-0.00719568$ & $-0.00245184$ & $-0.00270363$ & $0.00114247$ & $-0.00914525$ & $0.000589063$ & $-0.00389051$ \\
CHL1_33 & $0.0092791$ & $0.000783125$ & $-0.00299233$ & $-0.00969711$ & $-0.000147508$ & $0.0207409$ & $0.00491785$ & $-0.0807384$ & $-0.0778684$ & $0.0825892$ & $0.0320611$ & $0.0622291$ & $-0.0092953$ & $0.081828$ & $0.338735$ & $1$ & $0.0663698$ & $-0.226681$ & $-0.61979$ & $-0.0170309$ & $-0.186747$ & $-0.294264$ & $-0.093707$ & $0.264549$ & $-0.310275$ & $0.0257196$ & $-0.504197$ & $-0.0362254$ & $0.00271863$ & $-0.000412936$ & $-0.0087081$ & $0.00799418$ & $-0.00219151$ & $-0.272296$ & $0.00022855$ & $-0.0081175$ & $0.0095158$ & $-0.00149066$ & $-0.0011558$ & $0.00161322$ & $-0.00235957$ & $-0.00531925$ & $0.00334962$ & $0.003182$ & $-0.00445466$ & $-0.000526745$ & $-0.0194348$ & $-0.0100318$ & $-0.00624084$ \\
CHL3_11 & $-0.00969866$ & $0.0609676$ & $-0.000438698$ & $2.85615e-05$ & $-0.00232938$ & $-0.0559841$ & $0.00254946$ & $-0.349617$ & $-0.348982$ & $0.80909$ & $0.0603795$ & $0.233572$ & $-0.140369$ & $0.623199$ & $0.0681395$ & $0.0663698$ & $1$ & $0.300919$ & $0.295196$ & $-0.105129$ & $-0.0410376$ & $-0.0400192$ & $-0.0313017$ & $0.283403$ & $0.364563$ & $0.0101965$ & $-0.126445$ & $-0.0086952$ & $-0.0114326$ & $-0.0339267$ & $-0.0295334$ & $0.00873954$ & $-0.0436184$ & $-0.176432$ & $0.0308906$ & $0.0066971$ & $-0.00191357$ & $-0.00898672$ & $-0.00369983$ & $0.00479257$ & $-0.0198177$ & $0.00664104$ & $-0.0117208$ & $-0.00666592$ & $0.00935197$ & $0.000877667$ & $-0.000803083$ & $-0.00473343$ & $0.00116038$ \\
CHL3_22 & $0.00396361$ & $-0.00968521$ & $0.00395221$ & $0.00768621$ & $0.00168276$ & $0.0130212$ & $0.00797129$ & $-0.200381$ & $-0.196443$ & $0.263371$ & $0.100854$ & $0.114464$ & $-0.0464941$ & $0.22051$ & $-0.636628$ & $-0.226681$ & $0.300919$ & $1$ & $0.416327$ & $-0.100928$ & $0.0372773$ & $0.0298302$ & $0.0665297$ & $0.026578$ & $0.591784$ & $0.00470844$ & $0.339312$ & $0.00840561$ & $-0.00545063$ & $-0.0190197$ & $-0.0078377$ & $0.0104017$ & $-0.0126764$ & $0.538866$ & $0.0113758$ & $0.00481272$ & $-0.00305103$ & $0.00295044$ & $-0.00729713$ & $0.0087245$ & $-0.0136477$ & $-0.00232285$ & $-0.000796688$ & $-0.00172665$ & $0.00621189$ & $0.00612621$ & $0.0105553$ & $0.000276938$ & $0.00751782$ \\
CHL3_33 & $-0.00567391$ & $-0.0118057$ & $-0.00248427$ & $0.00824987$ & $-0.000295105$ & $0.0121106$ & $0.00112535$ & $-0.207576$ & $-0.204684$ & $0.259722$ & $0.111486$ & $0.113365$ & $-0.0529881$ & $0.213674$ & $-0.226346$ & $-0.61979$ & $0.295196$ & $0.416327$ & $1$ & $-0.110558$ & $0.0258859$ & $0.0279238$ & $0.0714585$ & $0.0231562$ & $0.590781$ & $0.00496324$ & $0.336448$ & $0.00679107$ & $-0.00912662$ & $-0.0170035$ & $-0.00799694$ & $0.00150301$ & $-0.0133121$ & $0.0946975$ & $0.0122607$ & $0.00953189$ & $-0.00995907$ & $-0.00251107$ & $-0.00491307$ & $-0.00122248$ & $-0.00766899$ & $-0.00167286$ & $-0.00625677$ & $-0.00113602$ & $0.008188$ & $0.00592655$ & $0.012978$ & $0.00254955$ & $0.00348146$ \\
CHe_11 & $-0.00192544$ & $-0.178812$ & $0.00450802$ & $0.0159728$ & $0.00822954$ & $-0.106917$ & $0.00141289$ & $0.754858$ & $0.745086$ & $-0.0245491$ & $-0.774823$ & $-0.0819165$ & $0.0778632$ & $0.0960755$ & $-0.0266173$ & $-0.0170309$ & $-0.105129$ & $-0.100928$ & $-0.110558$ & $1$ & $0.339535$ & $0.321847$ & $0.0185399$ & $-0.238267$ & $-0.120857$ & $-0.072131$ & $0.187253$ & $0.0589432$ & $5.86884e-05$ & $-0.0241253$ & $-0.00727846$ & $-0.000683023$ & $-0.0103633$ & $0.389788$ & $-0.00735438$ & $-0.000289991$ & $0.00494661$ & $0.00643444$ & $0.000624311$ & $0.0105204$ & $-0.0149966$ & $-0.00489349$ & $0.00893875$ & $0.012332$ & $0.000428936$ & $0.0124012$ & $-0.005456$ & $-0.00378764$ & $-0.0107334$ \\
CHe_22 & $-0.00481317$ & $-0.0126184$ & $-0.00157771$ & $0.00378412$ & $0.000216847$ & $-0.0516768$ & $-0.00577248$ & $0.368267$ & $0.359632$ & $-0.0250871$ & $-0.368746$ & $-0.117142$ & $0.0195082$ & $0.0560099$ & $-0.265417$ & $-0.186747$ & $-0.0410376$ & $0.0372773$ & $0.0258859$ & $0.339535$ & $1$ & $0.271058$ & $0.0456959$ & $-0.281157$ & $0.00517738$ & $-0.049239$ & $0.324642$ & $0.0474333$ & $-0.00552035$ & $0.00153785$ & $-0.00129613$ & $-0.0116248$ & $-0.0055677$ & $0.288072$ & $-0.00670104$ & $-0.00672089$ & $-0.00369214$ & $0.0118687$ & $0.00147165$ & $0.00725753$ & $-0.00191452$ & $-0.000162006$ & $0.00236858$ & $-0.00715037$ & $0.00055834$ & $-0.00875063$ & $0.00153405$ & $-0.00819407$ & $-0.00226496$ \\
CHe_33 & $-0.00680504$ & $-0.021628$ & $0.00254848$ & $0.0049214$ & $0.000587461$ & $-0.0525028$ & $-0.00499611$ & $0.350901$ & $0.340944$ & $-0.0276821$ & $-0.348487$ & $-0.118747$ & $0.0195432$ & $0.0454919$ & $-0.18796$ & $-0.294264$ & $-0.0400192$ & $0.0298302$ & $0.0279238$ & $0.321847$ & $0.271058$ & $1$ & $0.0458577$ & $-0.269117$ & $0.00164037$ & $-0.0547496$ & $0.303628$ & $0.057424$ & $-0.00249709$ & $-0.00708283$ & $-0.00475626$ & $-0.0108616$ & $-0.00878165$ & $0.270159$ & $-0.0118441$ & $0.00148253$ & $-0.000128779$ & $0.0078336$ & $0.00285555$ & $-0.00515975$ & $-0.00158707$ & $0.00092574$ & $-0.00261356$ & $-0.000142968$ & $-0.00229262$ & $-0.00622039$ & $-0.00553811$ & $-0.00179584$ & $0.00258799$ \\
CHQ1_11 & $-0.00784202$ & $0.000953759$ & $0.00126106$ & $-0.00454293$ & $-0.0037885$ & $-0.00903842$ & $0.00270512$ & $0.036152$ & $0.0336774$ & $-0.0378998$ & $-0.0209222$ & $-0.0198121$ & $-0.00557188$ & $-0.0347308$ & $-0.0918292$ & $-0.093707$ & $-0.0313017$ & $0.0665297$ & $0.0714585$ & $0.0185399$ & $0.0456959$ & $0.0458577$ & $1$ & $-0.0691548$ & $0.118291$ & $-0.593017$ & $0.245911$ & $0.0136888$ & $-0.000298489$ & $0.0044902$ & $0.00490669$ & $0.00214771$ & $-0.00487066$ & $0.0896958$ & $-0.00235706$ & $0.000107794$ & $-0.00351137$ & $-0.00424821$ & $-0.00408697$ & $-0.0075967$ & $0.00206619$ & $0.000422713$ & $-0.00483319$ & $0.00652237$ & $-0.000367875$ & $-0.00110382$ & $0.00429933$ & $-0.00254632$ & $0.00439568$ \\
CHQ1_33 & $-0.0352563$ & $0.00855074$ & $0.00462032$ & $-0.0094576$ & $-0.00213978$ & $0.051436$ & $0.00490695$ & $-0.373154$ & $-0.36499$ & $0.265196$ & $0.262213$ & $0.185892$ & $-0.0517485$ & $0.201899$ & $0.270067$ & $0.264549$ & $0.283403$ & $0.026578$ & $0.0231562$ & $-0.238267$ & $-0.281157$ & $-0.269117$ & $-0.0691548$ & $1$ & $0.0794065$ & $0.0500792$ & $-0.234924$ & $0.111648$ & $-0.00322458$ & $-0.0118312$ & $-0.00922945$ & $0.0116863$ & $-0.00756186$ & $-0.331554$ & $0.0165807$ & $0.0113396$ & $-0.00143067$ & $-0.00129221$ & $0.0038462$ & $-0.00510804$ & $-0.00984024$ & $-0.000504441$ & $-0.00229321$ & $0.00325183$ & $-0.00302955$ & $0.0034586$ & $-0.000532335$ & $0.00134056$ & $-0.00166507$ \\
CHQ3_11 & $-0.114942$ & $-0.00271572$ & $0.00665509$ & $0.00702896$ & $-0.00500586$ & $0.00927436$ & $0.00333958$ & $-0.244608$ & $-0.239451$ & $0.32065$ & $0.128394$ & $0.142833$ & $-0.0568446$ & $0.254567$ & $-0.317063$ & $-0.310275$ & $0.364563$ & $0.591784$ & $0.590781$ & $-0.120857$ & $0.00517738$ & $0.00164037$ & $0.118291$ & $0.0794065$ & $1$ & $0.0170931$ & $0.532804$ & $0.00342139$ & $-0.0108389$ & $-0.0237858$ & $-0.0133082$ & $0.00387149$ & $-0.0170494$ & $0.188402$ & $0.0161673$ & $0.0137873$ & $-0.00979343$ & $-0.00109325$ & $-0.015205$ & $0.00378517$ & $-0.0232804$ & $-0.00224863$ & $-0.0108799$ & $0.0110139$ & $0.00233219$ & $0.0115756$ & $0.0165357$ & $8.76899e-06$ & $0.00387415$ \\
CHu_11 & $-0.00855908$ & $0.00568297$ & $-0.00296203$ & $0.0103104$ & $-0.00129396$ & $0.011995$ & $-0.000842458$ & $-0.074438$ & $-0.0724345$ & $0.0130675$ & $0.0769958$ & $0.0213571$ & $0.00564718$ & $-0.00546768$ & $0.0233914$ & $0.0257196$ & $0.0101965$ & $0.00470844$ & $0.00496324$ & $-0.072131$ & $-0.049239$ & $-0.0547496$ & $-0.593017$ & $0.0500792$ & $0.0170931$ & $1$ & $0.153879$ & $-0.0123432$ & $0.00561886$ & $-0.00755795$ & $0.0023655$ & $-0.00083839$ & $0.00358512$ & $-0.046851$ & $-0.000555372$ & $-0.00418984$ & $0.000466797$ & $0.00514192$ & $0.00202025$ & $0.00569144$ & $0.0019661$ & $-0.00301269$ & $0.000613617$ & $-0.00111216$ & $-0.00176379$ & $0.00396472$ & $-0.000837881$ & $-0.000933593$ & $-0.000978794$ \\
CHd_11 & $-0.0200382$ & $-0.00280484$ & $-0.00221694$ & $0.00968002$ & $-0.00175375$ & $-0.0513228$ & $-0.00358709$ & $0.276599$ & $0.270174$ & $-0.138097$ & $-0.209576$ & $-0.130365$ & $0.0263356$ & $-0.107997$ & $-0.524318$ & $-0.504197$ & $-0.126445$ & $0.339312$ & $0.336448$ & $0.187253$ & $0.324642$ & $0.303628$ & $0.245911$ & $-0.234924$ & $0.532804$ & $0.153879$ & $1$ & $0.0341038$ & $-0.00295106$ & $-0.00676073$ & $0.00388836$ & $-0.0100101$ & $-0.00785995$ & $0.511557$ & $-0.00142742$ & $-0.0023861$ & $-0.00771321$ & $0.00506226$ & $-0.00391354$ & $0.00280146$ & $0.000233564$ & $-0.00514925$ & $-0.000452729$ & $0.000748681$ & $0.00181364$ & $0.000204516$ & $0.0115924$ & $-0.000728045$ & $-0.00217912$ \\
CHd_33 & $-0.00102612$ & $-0.00213915$ & $-0.00418987$ & $0.000683324$ & $-0.00289729$ & $-0.00875781$ & $0.00731941$ & $0.0630782$ & $0.0618286$ & $-0.00400091$ & $-0.0639281$ & $-0.020471$ & $0.0076961$ & $0.0096107$ & $-0.0398538$ & $-0.0362254$ & $-0.0086952$ & $0.00840561$ & $0.00679107$ & $0.0589432$ & $0.0474333$ & $0.057424$ & $0.0136888$ & $0.111648$ & $0.00342139$ & $-0.0123432$ & $0.0341038$ & $1$ & $-0.0093252$ & $-0.000622304$ & $-0.00448659$ & $0.00510423$ & $-0.00478499$ & $0.0501889$ & $-0.00232783$ & $-0.0059255$ & $-0.00571438$ & $0.00462094$ & $-0.00518806$ & $-0.00447362$ & $-0.00205247$ & $-0.00651714$ & $0.0010522$ & $0.000975559$ & $-0.00911238$ & $0.00308047$ & $-0.00402403$ & $-0.00726182$ & $-0.00278217$ \\
CeH_22r & $0.00629819$ & $-0.0100147$ & $-0.0100653$ & $0.00141663$ & $0.00286781$ & $0.00345485$ & $0.0210113$ & $-0.00323033$ & $0.00379806$ & $-0.0115229$ & $0.00505751$ & $0.0271116$ & $0.0125051$ & $-0.0147892$ & $0.000735913$ & $0.00271863$ & $-0.0114326$ & $-0.00545063$ & $-0.00912662$ & $5.86884e-05$ & $-0.00552035$ & $-0.00249709$ & $-0.000298489$ & $-0.00322458$ & $-0.0108389$ & $0.00561886$ & $-0.00295106$ & $-0.0093252$ & $1$ & $0.0298504$ & $0.0209148$ & $0.00329264$ & $0.0304491$ & $-0.00795885$ & $-0.0356219$ & $-0.0228174$ & $-0.0122917$ & $-0.00917015$ & $-0.00223866$ & $-0.00596985$ & $-0.000461011$ & $4.75654e-05$ & $0.00167185$ & $0.0154485$ & $-0.00100266$ & $0.00105704$ & $0.00505105$ & $-0.00859994$ & $0.00022434$ \\
CeH_33r & $-0.00309114$ & $0.0108826$ & $0.00507778$ & $0.00393288$ & $-0.00245421$ & $-0.00713944$ & $-0.059743$ & $0.000402326$ & $0.029201$ & $-0.0667586$ & $0.00614177$ & $0.203339$ & $0.0784153$ & $-0.0359695$ & $0.000105735$ & $-0.000412936$ & $-0.0339267$ & $-0.0190197$ & $-0.0170035$ & $-0.0241253$ & $0.00153785$ & $-0.00708283$ & $0.0044902$ & $-0.0118312$ & $-0.0237858$ & $-0.00755795$ & $-0.00676073$ & $-0.000622304$ & $0.0298504$ & $1$ & $0.255366$ & $0.0576673$ & $0.541701$ & $-0.00402494$ & $-0.0666105$ & $-0.036775$ & $-0.193395$ & $-0.0884345$ & $-0.0186123$ & $-0.0110771$ & $-0.00242949$ & $0.00907121$ & $0.0163507$ & $-0.00222639$ & $0.0801377$ & $0.00556608$ & $-0.00664659$ & $-0.0174232$ & $0.000863092$ \\
CuH_22r & $-0.0327874$ & $0.0106617$ & $0.00539728$ & $-0.00597884$ & $0.00132722$ & $-0.00248885$ & $-0.0403021$ & $0.00184052$ & $0.0202948$ & $-0.0384138$ & $0.00634316$ & $0.0437573$ & $0.0462914$ & $-0.0332249$ & $-0.00574507$ & $-0.0087081$ & $-0.0295334$ & $-0.0078377$ & $-0.00799694$ & $-0.00727846$ & $-0.00129613$ & $-0.00475626$ & $0.00490669$ & $-0.00922945$ & $-0.0133082$ & $0.0023655$ & $0.00388836$ & $-0.00448659$ & $0.0209148$ & $0.255366$ & $1$ & $0.0298455$ & $0.292992$ & $0.00435975$ & $-0.0515517$ & $-0.0350905$ & $-0.0762745$ & $-0.0389904$ & $-0.0173535$ & $-0.0255113$ & $-0.0242089$ & $-0.00779354$ & $0.0445347$ & $0.0168712$ & $0.0317714$ & $0.0903653$ & $0.356166$ & $-0.0249265$ & $0.0111162$ \\
CuH_33r & $0.0103453$ & $0.0143633$ & $-0.000376222$ & $-0.00580359$ & $0.00723711$ & $0.00869711$ & $0.938318$ & $-0.0291433$ & $0.0230098$ & $0.0190312$ & $0.0218506$ & $0.0754429$ & $-0.0830076$ & $0.00275579$ & $0.00426113$ & $0.00799418$ & $0.00873954$ & $0.0104017$ & $0.00150301$ & $-0.000683023$ & $-0.0116248$ & $-0.0108616$ & $0.00214771$ & $0.0116863$ & $0.00387149$ & $-0.00083839$ & $-0.0100101$ & $0.00510423$ & $0.00329264$ & $0.0576673$ & $0.0298455$ & $1$ & $0.0820603$ & $-0.0170697$ & $0.0732009$ & $0.04043$ & $-0.00238233$ & $-0.000976346$ & $0.0143508$ & $0.0121881$ & $-0.0078133$ & $0.00546229$ & $0.00326363$ & $0.00470722$ & $-0.00732144$ & $-0.00504483$ & $-0.0120771$ & $0.0126236$ & $0.0087498$ \\
CdH_33r & $-0.0208814$ & $0.0521194$ & $0.0871554$ & $0.00732421$ & $-0.0105727$ & $-0.000764259$ & $-0.0788755$ & $-0.0254959$ & $0.00987453$ & $-0.0405352$ & $0.0274525$ & $0.294588$ & $0.111046$ & $-0.0544836$ & $-0.000567823$ & $-0.00219151$ & $-0.0436184$ & $-0.0126764$ & $-0.0133121$ & $-0.0103633$ & $-0.0055677$ & $-0.00878165$ & $-0.00487066$ & $-0.00756186$ & $-0.0170494$ & $0.00358512$ & $-0.00785995$ & $-0.00478499$ & $0.0304491$ & $0.541701$ & $0.292992$ & $0.0820603$ & $1$ & $-0.0130416$ & $-0.0488024$ & $0.00731169$ & $-0.254079$ & $-0.0990525$ & $-0.0287822$ & $-0.0147566$ & $0.0192648$ & $0.00561148$ & $0.0728074$ & $-0.012546$ & $-0.0200283$ & $0.0586538$ & $-0.0432351$ & $0.152582$ & $0.522881$ \\
CLL_1221 & $-0.00119985$ & $0.101548$ & $0.0131975$ & $0.00645009$ & $-0.00181255$ & $-0.0970898$ & $-0.00561976$ & $0.618575$ & $0.602223$ & $-0.198618$ & $-0.468699$ & $-0.327268$ & $0.0401747$ & $-0.103151$ & $-0.587605$ & $-0.272296$ & $-0.176432$ & $0.538866$ & $0.0946975$ & $0.389788$ & $0.288072$ & $0.270159$ & $0.0896958$ & $-0.331554$ & $0.188402$ & $-0.046851$ & $0.511557$ & $0.0501889$ & $-0.00795885$ & $-0.00402494$ & $0.00435975$ & $-0.0170697$ & $-0.0130416$ & $1$ & $-0.00597898$ & $-0.00983566$ & $-0.00803009$ & $0.00847361$ & $-0.00952626$ & $0.00285866$ & $0.00619393$ & $-0.00211104$ & $-0.000196464$ & $-0.00960968$ & $-9.83271e-05$ & $-0.0029023$ & $0.00885774$ & $-0.00443109$ & $0.00800057$ \\
eHggint & $-0.0246295$ & $0.0380634$ & $0.0452692$ & $0.0415096$ & $-0.00292476$ & $0.00124367$ & $-0.0180501$ & $-0.023332$ & $-0.0527304$ & $0.0467653$ & $0.0139741$ & $0.0920254$ & $-0.00536796$ & $0.0224117$ & $-0.00115942$ & $0.00022855$ & $0.0308906$ & $0.0113758$ & $0.0122607$ & $-0.00735438$ & $-0.00670104$ & $-0.0118441$ & $-0.00235706$ & $0.0165807$ & $0.0161673$ & $-0.000555372$ & $-0.00142742$ & $-0.00232783$ & $-0.0356219$ & $-0.0666105$ & $-0.0515517$ & $0.0732009$ & $-0.0488024$ & $-0.00597898$ & $1$ & $-0.0449129$ & $0.0200743$ & $0.011814$ & $0.10492$ & $0.0344086$ & $-0.0161661$ & $-0.00715206$ & $-0.0759483$ & $-0.0580626$ & $-0.0539072$ & $-0.00394499$ & $-0.067101$ & $0.0273971$ & $-0.0123864$ \\
eHggpar & $-0.0416517$ & $-0.0142916$ & $0.10638$ & $0.0266014$ & $0.0021259$ & $0.00283538$ & $-0.00161316$ & $-0.0100439$ & $-0.0160686$ & $0.0172141$ & $0.00854005$ & $0.0539378$ & $-0.00158844$ & $0.00848181$ & $0.00274117$ & $-0.0081175$ & $0.0066971$ & $0.00481272$ & $0.00953189$ & $-0.000289991$ & $-0.00672089$ & $0.00148253$ & $0.000107794$ & $0.0113396$ & $0.0137873$ & $-0.00418984$ & $-0.0023861$ & $-0.0059255$ & $-0.0228174$ & $-0.036775$ & $-0.0350905$ & $0.04043$ & $0.00731169$ & $-0.00983566$ & $-0.0449129$ & $1$ & $0.0704324$ & $0.00331727$ & $-0.0470375$ & $0.014395$ & $-0.0127695$ & $0.0313969$ & $0.0500179$ & $0.111624$ & $0.0271521$ & $-0.0326951$ & $-0.0542672$ & $0.125397$ & $0.0268328$ \\
eHWWint & $0.0525626$ & $-0.0412237$ & $-0.0651084$ & $-0.0654107$ & $0.00564176$ & $0.00446835$ & $0.0347619$ & $0.00634041$ & $-0.00985641$ & $-0.000984122$ & $-0.00545766$ & $-0.00816035$ & $-0.0142085$ & $0.00212144$ & $0.00163709$ & $0.0095158$ & $-0.00191357$ & $-0.00305103$ & $-0.00995907$ & $0.00494661$ & $-0.00369214$ & $-0.000128779$ & $-0.00351137$ & $-0.00143067$ & $-0.00979343$ & $0.000466797$ & $-0.00771321$ & $-0.00571438$ & $-0.0122917$ & $-0.193395$ & $-0.0762745$ & $-0.00238233$ & $-0.254079$ & $-0.00803009$ & $0.0200743$ & $0.0704324$ & $1$ & $-0.0498818$ & $0.00727187$ & $0.00902511$ & $-0.00314346$ & $-0.0163105$ & $-0.0254478$ & $0.0124816$ & $0.0225418$ & $-0.0229253$ & $0.0732794$ & $0.0459706$ & $-0.0783483$ \\
eHWWpar & $-0.0299906$ & $-0.0129056$ & $-0.00406768$ & $0.00235729$ & $-0.00660965$ & $0.00276197$ & $0.0166108$ & $0.0119007$ & $0.00485744$ & $-0.00569324$ & $-0.00908567$ & $-0.00638935$ & $-0.00500445$ & $0.000388272$ & $-0.00814072$ & $-0.00149066$ & $-0.00898672$ & $0.00295044$ & $-0.00251107$ & $0.00643444$ & $0.0118687$ & $0.0078336$ & $-0.00424821$ & $-0.00129221$ & $-0.00109325$ & $0.00514192$ & $0.00506226$ & $0.00462094$ & $-0.00917015$ & $-0.0884345$ & $-0.0389904$ & $-0.000976346$ & $-0.0990525$ & $0.00847361$ & $0.011814$ & $0.00331727$ & $-0.0498818$ & $1$ & $-0.00487195$ & $0.0129738$ & $0.0272307$ & $0.0116693$ & $-0.022573$ & $0.0267023$ & $-0.0217855$ & $0.0127148$ & $0.0188297$ & $0.0162751$ & $-0.00667588$ \\
eHZZint & $0.0844247$ & $-0.0288744$ & $0.0151171$ & $-0.110023$ & $0.00788963$ & $0.000225871$ & $-0.00301298$ & $0.0016612$ & $-0.00205593$ & $-0.00306045$ & $0.000849021$ & $0.000851542$ & $0.00846288$ & $-0.00487153$ & $0.00239393$ & $-0.0011558$ & $-0.00369983$ & $-0.00729713$ & $-0.00491307$ & $0.000624311$ & $0.00147165$ & $0.00285555$ & $-0.00408697$ & $0.0038462$ & $-0.015205$ & $0.00202025$ & $-0.00391354$ & $-0.00518806$ & $-0.00223866$ & $-0.0186123$ & $-0.0173535$ & $0.0143508$ & $-0.0287822$ & $-0.00952626$ & $0.10492$ & $-0.0470375$ & $0.00727187$ & $-0.00487195$ & $1$ & $-0.0599913$ & $0.095646$ & $-0.0239212$ & $0.0120674$ & $0.0270321$ & $0.0323877$ & $-0.056776$ & $-0.00602479$ & $-0.0267405$ & $-0.00688538$ \\
eHZZpar & $0.00431346$ & $-0.0483815$ & $-0.0243367$ & $-0.0104817$ & $-0.00236332$ & $-0.00382255$ & $0.00609186$ & $0.011625$ & $0.0120811$ & $0.00615184$ & $-0.0125112$ & $-0.000309251$ & $-0.00208574$ & $0.00996643$ & $-0.00861609$ & $0.00161322$ & $0.00479257$ & $0.0087245$ & $-0.00122248$ & $0.0105204$ & $0.00725753$ & $-0.00515975$ & $-0.0075967$ & $-0.00510804$ & $0.00378517$ & $0.00569144$ & $0.00280146$ & $-0.00447362$ & $-0.00596985$ & $-0.0110771$ & $-0.0255113$ & $0.0121881$ & $-0.0147566$ & $0.00285866$ & $0.0344086$ & $0.014395$ & $0.00902511$ & $0.0129738$ & $-0.0599913$ & $1$ & $-0.00498505$ & $0.0128193$ & $0.0432124$ & $-0.0119003$ & $0.0157338$ & $-0.00953855$ & $-0.0340283$ & $0.0483616$ & $-0.0167225$ \\
eHZgaint & $0.116314$ & $0.069507$ & $0.0184136$ & $-0.0170962$ & $0.00525231$ & $0.00147942$ & $-0.0111888$ & $-0.0106085$ & $-0.00785002$ & $-0.027224$ & $0.0201323$ & $-0.00815969$ & $0.00869329$ & $-0.0337573$ & $0.000529012$ & $-0.00235957$ & $-0.0198177$ & $-0.0136477$ & $-0.00766899$ & $-0.0149966$ & $-0.00191452$ & $-0.00158707$ & $0.00206619$ & $-0.00984024$ & $-0.0232804$ & $0.0019661$ & $0.000233564$ & $-0.00205247$ & $-0.000461011$ & $-0.00242949$ & $-0.0242089$ & $-0.0078133$ & $0.0192648$ & $0.00619393$ & $-0.0161661$ & $-0.0127695$ & $-0.00314346$ & $0.0272307$ & $0.095646$ & $-0.00498505$ & $1$ & $-0.0108212$ & $0.0630866$ & $-0.0108231$ & $-0.0583927$ & $-0.098906$ & $-0.0401492$ & $0.010199$ & $0.0299589$ \\
eHZgapar & $-0.0145598$ & $0.017697$ & $0.0505319$ & $0.0148968$ & $3.66195e-05$ & $-0.00208093$ & $0.00198138$ & $-0.00601523$ & $-0.00440656$ & $0.00113411$ & $0.006248$ & $0.00431194$ & $0.0018518$ & $0.0033634$ & $-0.00153514$ & $-0.00531925$ & $0.00664104$ & $-0.00232285$ & $-0.00167286$ & $-0.00489349$ & $-0.000162006$ & $0.00092574$ & $0.000422713$ & $-0.000504441$ & $-0.00224863$ & $-0.00301269$ & $-0.00514925$ & $-0.00651714$ & $4.75654e-05$ & $0.00907121$ & $-0.00779354$ & $0.00546229$ & $0.00561148$ & $-0.00211104$ & $-0.00715206$ & $0.0313969$ & $-0.0163105$ & $0.0116693$ & $-0.0239212$ & $0.0128193$ & $-0.0108212$ & $1$ & $-0.00455591$ & $-0.00509599$ & $-0.000681108$ & $-0.000288907$ & $-0.03132$ & $-0.0759307$ & $0.0187589$ \\
eHgagaint & $0.0769492$ & $-0.0252048$ & $-0.0390983$ & $0.0176192$ & $-0.00236706$ & $-0.00163996$ & $0.00641747$ & $0.00596131$ & $0.0860076$ & $-0.0166808$ & $-0.0026693$ & $-0.0124955$ & $0.00364317$ & $-0.00670436$ & $-0.00719568$ & $0.00334962$ & $-0.0117208$ & $-0.000796688$ & $-0.00625677$ & $0.00893875$ & $0.00236858$ & $-0.00261356$ & $-0.00483319$ & $-0.00229321$ & $-0.0108799$ & $0.000613617$ & $-0.000452729$ & $0.0010522$ & $0.00167185$ & $0.0163507$ & $0.0445347$ & $0.00326363$ & $0.0728074$ & $-0.000196464$ & $-0.0759483$ & $0.0500179$ & $-0.0254478$ & $-0.022573$ & $0.0120674$ & $0.0432124$ & $0.0630866$ & $-0.00455591$ & $1$ & $-0.00667689$ & $0.0104097$ & $0.0491097$ & $0.106995$ & $0.0772127$ & $0.0975376$ \\
eHmumuint & $-0.0633633$ & $-0.0825247$ & $-0.0527717$ & $-0.0370238$ & $0.00262125$ & $0.000889449$ & $0.00289648$ & $0.0143459$ & $0.0132097$ & $-0.00630374$ & $-0.00927108$ & $-0.000464943$ & $0.00164957$ & $0.00151718$ & $-0.00245184$ & $0.003182$ & $-0.00666592$ & $-0.00172665$ & $-0.00113602$ & $0.012332$ & $-0.00715037$ & $-0.000142968$ & $0.00652237$ & $0.00325183$ & $0.0110139$ & $-0.00111216$ & $0.000748681$ & $0.000975559$ & $0.0154485$ & $-0.00222639$ & $0.0168712$ & $0.00470722$ & $-0.012546$ & $-0.00960968$ & $-0.0580626$ & $0.111624$ & $0.0124816$ & $0.0267023$ & $0.0270321$ & $-0.0119003$ & $-0.0108231$ & $-0.00509599$ & $-0.00667689$ & $1$ & $-0.0120567$ & $0.0614678$ & $0.0506441$ & $0.0162149$ & $-0.0156045$ \\
eHtautauint & $0.0119146$ & $0.00481189$ & $-0.0119377$ & $-0.0660601$ & $0.014762$ & $-0.00203262$ & $-0.00435812$ & $-0.00363673$ & $-0.0015781$ & $0.0110389$ & $-0.000896534$ & $0.00322143$ & $-0.0136109$ & $0.01354$ & $-0.00270363$ & $-0.00445466$ & $0.00935197$ & $0.00621189$ & $0.008188$ & $0.000428936$ & $0.00055834$ & $-0.00229262$ & $-0.000367875$ & $-0.00302955$ & $0.00233219$ & $-0.00176379$ & $0.00181364$ & $-0.00911238$ & $-0.00100266$ & $0.0801377$ & $0.0317714$ & $-0.00732144$ & $-0.0200283$ & $-9.83271e-05$ & $-0.0539072$ & $0.0271521$ & $0.0225418$ & $-0.0217855$ & $0.0323877$ & $0.0157338$ & $-0.0583927$ & $-0.000681108$ & $0.0104097$ & $-0.0120567$ & $1$ & $0.0302591$ & $0.079675$ & $0.0480821$ & $-0.0682844$ \\
eHccint & $-0.0361772$ & $-0.063794$ & $0.028735$ & $-0.0588819$ & $-0.00682634$ & $-0.00031616$ & $-0.00542882$ & $0.0113212$ & $0.0150628$ & $-0.00187803$ & $-0.0110881$ & $-0.00298989$ & $0.00460558$ & $0.00176266$ & $0.00114247$ & $-0.000526745$ & $0.000877667$ & $0.00612621$ & $0.00592655$ & $0.0124012$ & $-0.00875063$ & $-0.00622039$ & $-0.00110382$ & $0.0034586$ & $0.0115756$ & $0.00396472$ & $0.000204516$ & $0.00308047$ & $0.00105704$ & $0.00556608$ & $0.0903653$ & $-0.00504483$ & $0.0586538$ & $-0.0029023$ & $-0.00394499$ & $-0.0326951$ & $-0.0229253$ & $0.0127148$ & $-0.056776$ & $-0.00953855$ & $-0.098906$ & $-0.000288907$ & $0.0491097$ & $0.0614678$ & $0.0302591$ & $1$ & $0.0258373$ & $0.016138$ & $0.0963565$ \\
eHccpar & $-0.0874627$ & $0.00748996$ & $-0.010747$ & $-0.0304632$ & $0.00863112$ & $-0.00626694$ & $1.67756e-05$ & $-0.00330179$ & $0.00784718$ & $-0.0036924$ & $0.00775983$ & $-0.0086755$ & $0.005859$ & $-0.00256377$ & $-0.00914525$ & $-0.0194348$ & $-0.000803083$ & $0.0105553$ & $0.012978$ & $-0.005456$ & $0.00153405$ & $-0.00553811$ & $0.00429933$ & $-0.000532335$ & $0.0165357$ & $-0.000837881$ & $0.0115924$ & $-0.00402403$ & $0.00505105$ & $-0.00664659$ & $0.356166$ & $-0.0120771$ & $-0.0432351$ & $0.00885774$ & $-0.067101$ & $-0.0542672$ & $0.0732794$ & $0.0188297$ & $-0.00602479$ & $-0.0340283$ & $-0.0401492$ & $-0.03132$ & $0.106995$ & $0.0506441$ & $0.079675$ & $0.0258373$ & $1$ & $-0.0571936$ & $-0.0328906$ \\
eHbbint & $-0.000447656$ & $-0.00638164$ & $-0.00323041$ & $-0.0317616$ & $0.00347263$ & $0.00297395$ & $0.00448467$ & $-0.00545272$ & $-0.00302337$ & $-0.00230147$ & $0.00870912$ & $0.00217218$ & $-0.0140332$ & $-0.00383131$ & $0.000589063$ & $-0.0100318$ & $-0.00473343$ & $0.000276938$ & $0.00254955$ & $-0.00378764$ & $-0.00819407$ & $-0.00179584$ & $-0.00254632$ & $0.00134056$ & $8.76899e-06$ & $-0.000933593$ & $-0.000728045$ & $-0.00726182$ & $-0.00859994$ & $-0.0174232$ & $-0.0249265$ & $0.0126236$ & $0.152582$ & $-0.00443109$ & $0.0273971$ & $0.125397$ & $0.0459706$ & $0.0162751$ & $-0.0267405$ & $0.0483616$ & $0.010199$ & $-0.0759307$ & $0.0772127$ & $0.0162149$ & $0.0480821$ & $0.016138$ & $-0.0571936$ & $1$ & $-0.0161587$ \\
eHbbpar & $-0.0331452$ & $0.0468332$ & $0.140485$ & $0.00736249$ & $-0.0153857$ & $-0.00208244$ & $-0.00106574$ & $-0.0121844$ & $-0.00270687$ & $-0.00138463$ & $0.0103215$ & $-0.00166143$ & $-0.00197686$ & $-0.00198274$ & $-0.00389051$ & $-0.00624084$ & $0.00116038$ & $0.00751782$ & $0.00348146$ & $-0.0107334$ & $-0.00226496$ & $0.00258799$ & $0.00439568$ & $-0.00166507$ & $0.00387415$ & $-0.000978794$ & $-0.00217912$ & $-0.00278217$ & $0.00022434$ & $0.000863092$ & $0.0111162$ & $0.0087498$ & $0.522881$ & $0.00800057$ & $-0.0123864$ & $0.0268328$ & $-0.0783483$ & $-0.00667588$ & $-0.00688538$ & $-0.0167225$ & $0.0299589$ & $0.0187589$ & $0.0975376$ & $-0.0156045$ & $-0.0682844$ & $0.0963565$ & $-0.0328906$ & $-0.0161587$ & $1$ \\
