 & AlsMz & dAle5Mz & mtop & mHl & Mz & CW & CHG & CHWB & CHWHB_gaga & CHWHB_gagaorth & CHD & CHbox & CH & CHL1_11 & CHL1_22 & CHL1_33 & CHL3_11 & CHL3_22 & CHL3_33 & CHe_11 & CHe_22 & CHe_33 & CHQ1_11 & CHQ1_33 & CHQ3_11 & CHu_11 & CHd_11 & CHd_33 & CeH_22r & CeH_33r & CuH_22r & CuH_33r & CdH_33r & CLL_1221 & eHggint & eHggpar & eHWWint & eHWWpar & eHZZint & eHZZpar & eHZgaint & eHZgapar & eHgagaint & eHmumuint & eHtautauint & eHccint & eHccpar & eHbbint & eHbbpar \\
AlsMz & $1$ & $0.12188$ & $0.00729454$ & $-0.0977418$ & $-0.00520009$ & $-0.000592173$ & $0.00997433$ & $-0.03289$ & $-0.0327994$ & $0.031311$ & $0.0127187$ & $0.028237$ & $0.0030276$ & $0.0144181$ & $0.00805391$ & $-0.00587609$ & $0.0190163$ & $0.0167157$ & $0.0256423$ & $-0.0141692$ & $-0.0191936$ & $-0.0204585$ & $-0.0104708$ & $-0.0141179$ & $-0.0767174$ & $-0.0178482$ & $-0.0463912$ & $0.00928798$ & $0.00882345$ & $-0.0197226$ & $0.0217916$ & $0.0145834$ & $0.00125266$ & $-0.0290247$ & $0.107169$ & $-0.00669817$ & $0.107554$ & $-0.0268067$ & $-0.0167201$ & $0.00803021$ & $-0.00858538$ & $-0.0104599$ & $0.0184252$ & $0.0554554$ & $-0.110906$ & $0.0460758$ & $0.0840189$ & $0.0800351$ & $-0.000412197$ \\
dAle5Mz & $0.12188$ & $1$ & $0.103131$ & $-0.177239$ & $-0.00772591$ & $0.0185353$ & $0.00566545$ & $-0.128341$ & $-0.121344$ & $0.0678283$ & $0.106459$ & $0.0419538$ & $-0.027732$ & $-0.027285$ & $-0.00805915$ & $-0.0146544$ & $0.0190658$ & $0.0191531$ & $0.0225674$ & $-0.0794296$ & $-0.0864551$ & $-0.0847297$ & $-0.0239663$ & $0.0505328$ & $-0.00443558$ & $0.0484625$ & $-0.0744358$ & $-0.0252425$ & $0.00822496$ & $-0.00797334$ & $0.00782335$ & $-0.00420903$ & $-0.0737642$ & $-0.035104$ & $-0.0528362$ & $-0.103247$ & $0.170204$ & $0.00263902$ & $-0.138484$ & $-0.00807984$ & $-0.183555$ & $0.00218196$ & $0.0306337$ & $0.0309352$ & $0.144777$ & $0.138099$ & $0.0414063$ & $0.225028$ & $-0.190722$ \\
mtop & $0.00729454$ & $0.103131$ & $1$ & $-0.202199$ & $-0.0111506$ & $-0.00293321$ & $-0.00874482$ & $-0.000872994$ & $0.00278896$ & $-0.00903983$ & $0.0102628$ & $0.0009606$ & $-0.00224404$ & $-0.0113798$ & $-0.0134403$ & $-0.00774461$ & $-0.0018958$ & $0.000156435$ & $-0.00304915$ & $-0.00289889$ & $0.000585914$ & $0.00181303$ & $0.0139099$ & $-0.00335285$ & $0.00254145$ & $-0.00458379$ & $0.0195115$ & $0.00721595$ & $-0.00505359$ & $0.0197918$ & $-0.0315221$ & $-0.00710773$ & $-0.067061$ & $0.0202661$ & $0.0827257$ & $-0.0218093$ & $0.00344738$ & $-0.0172161$ & $-0.139497$ & $-0.00199987$ & $-0.0442698$ & $-0.00264721$ & $0.0529878$ & $-0.0681874$ & $0.0136653$ & $0.0835021$ & $-0.111182$ & $-0.0084787$ & $-0.161841$ \\
mHl & $-0.0977418$ & $-0.177239$ & $-0.202199$ & $1$ & $0.01031$ & $0.00253166$ & $0.0178136$ & $0.0227858$ & $0.0178382$ & $-0.0257867$ & $-0.0211015$ & $-0.0262863$ & $0.00555579$ & $0.00898039$ & $0.00309218$ & $0.00556457$ & $-0.00297695$ & $-0.00140174$ & $-0.00263676$ & $0.0164796$ & $0.0161333$ & $0.0157648$ & $-0.000875098$ & $-0.00573566$ & $0.00527929$ & $-0.00497212$ & $0.00677975$ & $0.00811487$ & $0.0014264$ & $0.0168862$ & $-0.00548393$ & $0.0139669$ & $0.0262865$ & $0.00354122$ & $-0.103487$ & $0.00456215$ & $-0.113796$ & $0.0236472$ & $0.0716761$ & $-0.0101641$ & $-0.0548264$ & $0.020601$ & $-0.0992424$ & $0.032147$ & $-0.036559$ & $-0.154563$ & $-0.0135601$ & $-0.267224$ & $0.100802$ \\
Mz & $-0.00520009$ & $-0.00772591$ & $-0.0111506$ & $0.01031$ & $1$ & $0.00119289$ & $0.000364912$ & $0.000222101$ & $-0.000945501$ & $0.00975905$ & $0.00301311$ & $0.00949296$ & $0.00672455$ & $0.00931702$ & $-0.00117956$ & $0.00227888$ & $0.0115346$ & $0.00884955$ & $0.00470556$ & $0.00341888$ & $0.0057824$ & $0.00598729$ & $0.00782681$ & $0.00416726$ & $0.0129565$ & $-0.00366422$ & $0.00951926$ & $0.00332275$ & $-0.00104553$ & $0.00157175$ & $-0.00656523$ & $0.000972482$ & $0.00551638$ & $0.00138639$ & $0.00382956$ & $-0.00746898$ & $-0.00585454$ & $0.00245906$ & $-0.00173772$ & $0.0016186$ & $0.00769725$ & $0.000262921$ & $-0.0105796$ & $0.000607944$ & $-0.00232123$ & $0.00971466$ & $-0.00732917$ & $0.000610624$ & $0.00528674$ \\
CW & $-0.000592173$ & $0.0185353$ & $-0.00293321$ & $0.00253166$ & $0.00119289$ & $1$ & $0.00659399$ & $-0.132792$ & $-0.128613$ & $0.0200868$ & $0.184632$ & $0.0497322$ & $-0.00569309$ & $0.0297095$ & $-0.0741399$ & $-0.0747572$ & $-0.251456$ & $-0.0410666$ & $-0.0395176$ & $-0.181381$ & $-0.188169$ & $-0.184675$ & $-0.0220178$ & $0.0156556$ & $-0.0841941$ & $0.111283$ & $-0.0920284$ & $-0.0734409$ & $0.000552201$ & $-0.000306241$ & $0.00336919$ & $0.00927813$ & $-0.00847202$ & $-0.129836$ & $0.00291074$ & $-0.00363505$ & $-0.00223792$ & $-0.00836226$ & $-0.00814748$ & $-0.00495708$ & $0.00275091$ & $0.0039169$ & $-0.00274678$ & $0.00788669$ & $-0.00319496$ & $0.00949571$ & $-0.0096086$ & $-0.0105412$ & $-0.0167643$ \\
CHG & $0.00997433$ & $0.00566545$ & $-0.00874482$ & $0.0178136$ & $0.000364912$ & $0.00659399$ & $1$ & $-0.0933975$ & $-0.0424331$ & $0.0706542$ & $0.0468311$ & $-0.114666$ & $-0.276672$ & $0.0609004$ & $-0.00823075$ & $-0.0120113$ & $0.0890379$ & $0.0937682$ & $0.0933602$ & $-0.0431335$ & $-0.0512122$ & $-0.0515252$ & $-0.00626326$ & $0.10598$ & $0.0969394$ & $0.026483$ & $-0.0406549$ & $-0.026065$ & $0.0125759$ & $-0.115528$ & $-0.0676436$ & $0.93697$ & $-0.141653$ & $-0.0688092$ & $-0.0115321$ & $-0.028032$ & $0.0219846$ & $-0.00862422$ & $-0.0124792$ & $-0.00807385$ & $-0.00990204$ & $-0.00789172$ & $-0.0138326$ & $-0.00160558$ & $-0.0202921$ & $-0.0146108$ & $-0.0146509$ & $-0.0086132$ & $-0.0163985$ \\
CHWB & $-0.03289$ & $-0.128341$ & $-0.000872994$ & $0.0227858$ & $0.000222101$ & $-0.132792$ & $-0.0933975$ & $1$ & $0.983659$ & $-0.572061$ & $-0.883109$ & $-0.130639$ & $0.322115$ & $0.115598$ & $0.295778$ & $0.29723$ & $-0.222628$ & $-0.420136$ & $-0.419819$ & $0.854637$ & $0.89941$ & $0.881705$ & $0.072977$ & $-0.666758$ & $-0.386492$ & $-0.519714$ & $0.421993$ & $0.307526$ & $0.00556669$ & $0.100334$ & $0.0637721$ & $-0.0913853$ & $0.124902$ & $0.558692$ & $-0.02005$ & $0.0081821$ & $-0.0294361$ & $0.0120661$ & $-0.00500504$ & $0.00624871$ & $0.0459838$ & $0.00282475$ & $-0.0188236$ & $-0.00488477$ & $0.033938$ & $-0.0193319$ & $0.0479535$ & $-0.0411931$ & $0.0740292$ \\
CHWHB_gaga & $-0.0327994$ & $-0.121344$ & $0.00278896$ & $0.0178382$ & $-0.000945501$ & $-0.128613$ & $-0.0424331$ & $0.983659$ & $1$ & $-0.562096$ & $-0.865723$ & $-0.112352$ & $0.317903$ & $0.106988$ & $0.292511$ & $0.292867$ & $-0.225425$ & $-0.41991$ & $-0.418895$ & $0.838376$ & $0.881767$ & $0.864601$ & $0.0718743$ & $-0.658834$ & $-0.384997$ & $-0.510036$ & $0.414766$ & $0.302083$ & $0.0125163$ & $0.118336$ & $0.0709139$ & $-0.0493096$ & $0.138583$ & $0.548453$ & $-0.0314454$ & $0.000899486$ & $-0.0309425$ & $0.00961945$ & $-0.00326653$ & $0.00318565$ & $0.034704$ & $0.00207461$ & $0.0410568$ & $0.000860975$ & $0.0319096$ & $-0.0047432$ & $0.0393191$ & $-0.034746$ & $0.061443$ \\
CHWHB_gagaorth & $0.031311$ & $0.0678283$ & $-0.00903983$ & $-0.0257867$ & $0.00975905$ & $0.0200868$ & $0.0706542$ & $-0.572061$ & $-0.562096$ & $1$ & $0.364055$ & $0.493267$ & $-0.230978$ & $0.211777$ & $-0.123923$ & $-0.13875$ & $0.419765$ & $0.475509$ & $0.482255$ & $-0.350648$ & $-0.379054$ & $-0.372706$ & $-0.061308$ & $0.549272$ & $0.466152$ & $0.229718$ & $-0.231279$ & $-0.128872$ & $-0.00738907$ & $-0.135953$ & $-0.0851475$ & $0.0896759$ & $-0.144233$ & $-0.348974$ & $0.0726377$ & $0.0208638$ & $0.0455332$ & $-0.0115596$ & $0.0082525$ & $-0.0010584$ & $-0.0827411$ & $-0.00416465$ & $0.00758132$ & $-0.00469166$ & $-0.046471$ & $0.00603543$ & $-0.0448306$ & $0.0437562$ & $-0.0381888$ \\
CHD & $0.0127187$ & $0.106459$ & $0.0102628$ & $-0.0211015$ & $0.00301311$ & $0.184632$ & $0.0468311$ & $-0.883109$ & $-0.865723$ & $0.364055$ & $1$ & $0.222252$ & $-0.156824$ & $-0.520994$ & $-0.418776$ & $-0.410649$ & $-0.224687$ & $0.062678$ & $0.060826$ & $-0.990433$ & $-0.991228$ & $-0.970382$ & $-0.0176739$ & $0.308335$ & $0.0147993$ & $0.572575$ & $-0.294869$ & $-0.337431$ & $-0.000479575$ & $-0.0569925$ & $-0.0375778$ & $0.0553011$ & $-0.0712896$ & $-0.365186$ & $0.0162904$ & $0.00187537$ & $0.00883852$ & $-0.0073161$ & $0.00274254$ & $-0.00622576$ & $-0.0226504$ & $0.00146353$ & $0.0150727$ & $0.00106669$ & $-0.0316832$ & $0.0169427$ & $-0.0398998$ & $0.0264278$ & $-0.0533547$ \\
CHbox & $0.028237$ & $0.0419538$ & $0.0009606$ & $-0.0262863$ & $0.00949296$ & $0.0497322$ & $-0.114666$ & $-0.130639$ & $-0.112352$ & $0.493267$ & $0.222252$ & $1$ & $0.428068$ & $-0.242723$ & $-0.0176379$ & $-0.0255836$ & $-0.201606$ & $-0.160196$ & $-0.152166$ & $-0.204361$ & $-0.226649$ & $-0.220465$ & $-0.0162064$ & $-0.0347919$ & $-0.157901$ & $0.129939$ & $-0.100429$ & $-0.0751277$ & $0.0454327$ & $0.265466$ & $0.060054$ & $-0.0213324$ & $0.307029$ & $-0.0961644$ & $0.100576$ & $0.0426373$ & $0.0133524$ & $0.0057588$ & $-0.00646563$ & $0.00344132$ & $-0.0510075$ & $-0.00387431$ & $-0.0162826$ & $-0.00022164$ & $-0.0470495$ & $0.0202982$ & $-0.0228385$ & $0.0285116$ & $-0.0052024$ \\
CH & $0.0030276$ & $-0.027732$ & $-0.00224404$ & $0.00555579$ & $0.00672455$ & $-0.00569309$ & $-0.276672$ & $0.322115$ & $0.317903$ & $-0.230978$ & $-0.156824$ & $0.428068$ & $1$ & $-0.224638$ & $0.0717906$ & $0.0744884$ & $-0.334307$ & $-0.360053$ & $-0.358805$ & $0.153802$ & $0.165535$ & $0.163406$ & $0.036875$ & $-0.367076$ & $-0.353413$ & $-0.103548$ & $0.117375$ & $0.0620342$ & $0.046825$ & $0.258084$ & $0.110986$ & $-0.227684$ & $0.307627$ & $0.194942$ & $0.0134047$ & $0.0131778$ & $-0.020336$ & $0.0100975$ & $-0.0113763$ & $0.00812724$ & $0.0192224$ & $0.00814979$ & $-0.00640131$ & $-0.00311448$ & $-0.00373146$ & $0.00691364$ & $0.0177454$ & $-0.0119322$ & $0.0259369$ \\
CHL1_11 & $0.0144181$ & $-0.027285$ & $-0.0113798$ & $0.00898039$ & $0.00931702$ & $0.0297095$ & $0.0609004$ & $0.115598$ & $0.106988$ & $0.211777$ & $-0.520994$ & $-0.242723$ & $-0.224638$ & $1$ & $0.278358$ & $0.255509$ & $0.655116$ & $0.586618$ & $0.592693$ & $0.538733$ & $0.483003$ & $0.469269$ & $-0.0792763$ & $0.457766$ & $0.590534$ & $-0.276175$ & $-0.0872584$ & $0.156653$ & $-0.00942044$ & $-0.0510721$ & $-0.0322633$ & $0.0402541$ & $-0.0641231$ & $-0.208479$ & $0.00156311$ & $-0.017147$ & $0.0239966$ & $-0.00611119$ & $0.00513538$ & $0.00190313$ & $-0.026105$ & $-0.00527218$ & $-0.00177944$ & $0.00133677$ & $0.00538698$ & $-0.00488398$ & $-0.00522515$ & $0.00610881$ & $-0.0167021$ \\
CHL1_22 & $0.00805391$ & $-0.00805915$ & $-0.0134403$ & $0.00309218$ & $-0.00117956$ & $-0.0741399$ & $-0.00823075$ & $0.295778$ & $0.292511$ & $-0.123923$ & $-0.418776$ & $-0.0176379$ & $0.0717906$ & $0.278358$ & $1$ & $0.439262$ & $0.168785$ & $-0.453765$ & $-0.0255396$ & $0.48421$ & $0.335711$ & $0.325779$ & $-0.163089$ & $0.112222$ & $-0.133808$ & $-0.210623$ & $-0.396434$ & $0.11125$ & $0.00678257$ & $0.0239138$ & $0.00655739$ & $-0.00992529$ & $0.00763237$ & $-0.596898$ & $0.00798718$ & $-0.016535$ & $0.0120053$ & $0.00235235$ & $0.00534266$ & $0.00190786$ & $-0.0227276$ & $-0.00375141$ & $-0.00847021$ & $0.0198841$ & $-0.0158617$ & $0.02831$ & $-0.0134462$ & $-0.00150154$ & $-0.0376617$ \\
CHL1_33 & $-0.00587609$ & $-0.0146544$ & $-0.00774461$ & $0.00556457$ & $0.00227888$ & $-0.0747572$ & $-0.0120113$ & $0.29723$ & $0.292867$ & $-0.13875$ & $-0.410649$ & $-0.0255836$ & $0.0744884$ & $0.255509$ & $0.439262$ & $1$ & $0.155805$ & $-0.0343397$ & $-0.449747$ & $0.474702$ & $0.330682$ & $0.34953$ & $-0.163332$ & $0.0978148$ & $-0.145296$ & $-0.199904$ & $-0.388532$ & $0.110776$ & $0.00211439$ & $0.0267631$ & $0.0110351$ & $-0.0106673$ & $0.0167745$ & $-0.0919476$ & $0.00518175$ & $-0.00807981$ & $0.00230225$ & $0.000211299$ & $-0.01127$ & $0.0100174$ & $-0.0238626$ & $-0.00824485$ & $-0.00319904$ & $0.0140539$ & $-0.0115048$ & $0.0195851$ & $-0.018079$ & $-0.00321797$ & $-0.0263499$ \\
CHL3_11 & $0.0190163$ & $0.0190658$ & $-0.0018958$ & $-0.00297695$ & $0.0115346$ & $-0.251456$ & $0.0890379$ & $-0.222628$ & $-0.225425$ & $0.419765$ & $-0.224687$ & $-0.201606$ & $-0.334307$ & $0.655116$ & $0.168785$ & $0.155805$ & $1$ & $0.727548$ & $0.727394$ & $0.246494$ & $0.193588$ & $0.18755$ & $-0.0726953$ & $0.670482$ & $0.773503$ & $-0.108694$ & $-0.143616$ & $0.068266$ & $-0.0136054$ & $-0.0886651$ & $-0.0509522$ & $0.0676577$ & $-0.104337$ & $-0.241158$ & $0.00722283$ & $-0.0150293$ & $0.0337227$ & $-0.00865207$ & $0.00715262$ & $-0.000747246$ & $-0.0368336$ & $-0.00983758$ & $0.0082608$ & $0.00173443$ & $5.63285e-05$ & $-0.00441637$ & $-0.0116567$ & $0.0245026$ & $-0.0255295$ \\
CHL3_22 & $0.0167157$ & $0.0191531$ & $0.000156435$ & $-0.00140174$ & $0.00884955$ & $-0.0410666$ & $0.0937682$ & $-0.420136$ & $-0.41991$ & $0.475509$ & $0.062678$ & $-0.160196$ & $-0.360053$ & $0.586618$ & $-0.453765$ & $-0.0343397$ & $0.727548$ & $1$ & $0.66519$ & $-0.0664709$ & $-0.0554763$ & $-0.0522214$ & $0.000191733$ & $0.609094$ & $0.789502$ & $0.0434817$ & $0.0115201$ & $-0.0193808$ & $-0.0148941$ & $-0.0973354$ & $-0.0552856$ & $0.0755683$ & $-0.105828$ & $0.0501851$ & $0.00404417$ & $-0.00634898$ & $0.0247021$ & $-0.0105611$ & $0.00204284$ & $-0.000706554$ & $-0.0253453$ & $-0.00643264$ & $0.0128283$ & $-0.00873351$ & $0.00324392$ & $-0.0162362$ & $-0.0123684$ & $0.0217418$ & $-0.0124381$ \\
CHL3_33 & $0.0256423$ & $0.0225674$ & $-0.00304915$ & $-0.00263676$ & $0.00470556$ & $-0.0395176$ & $0.0933602$ & $-0.419819$ & $-0.418895$ & $0.482255$ & $0.060826$ & $-0.152166$ & $-0.358805$ & $0.592693$ & $-0.0255396$ & $-0.449747$ & $0.727394$ & $0.66519$ & $1$ & $-0.064235$ & $-0.0539348$ & $-0.0520871$ & $0.00386763$ & $0.61189$ & $0.794259$ & $0.0372092$ & $0.0142895$ & $-0.020077$ & $-0.0119396$ & $-0.0976105$ & $-0.0578361$ & $0.0733325$ & $-0.111127$ & $-0.337721$ & $0.00259045$ & $-0.0110176$ & $0.0312964$ & $-0.00972856$ & $0.0146369$ & $-0.00685234$ & $-0.0242186$ & $-0.00191308$ & $0.00722961$ & $-0.00310395$ & $0.00252356$ & $-0.0115399$ & $-0.00892335$ & $0.0203664$ & $-0.0190198$ \\
CHe_11 & $-0.0141692$ & $-0.0794296$ & $-0.00289889$ & $0.0164796$ & $0.00341888$ & $-0.181381$ & $-0.0431335$ & $0.854637$ & $0.838376$ & $-0.350648$ & $-0.990433$ & $-0.204361$ & $0.153802$ & $0.538733$ & $0.48421$ & $0.474702$ & $0.246494$ & $-0.0664709$ & $-0.064235$ & $1$ & $0.973003$ & $0.953072$ & $-0.00619677$ & $-0.255301$ & $-0.0103588$ & $-0.563996$ & $0.219389$ & $0.330689$ & $0.00187759$ & $0.055991$ & $0.0347732$ & $-0.0514791$ & $0.0652582$ & $0.28683$ & $-0.0163117$ & $-0.00640169$ & $-0.00291736$ & $0.00760497$ & $-0.00743116$ & $0.00640355$ & $0.0134354$ & $-0.00255308$ & $-0.0133026$ & $0.00211543$ & $0.0319729$ & $-0.00907028$ & $0.0339787$ & $-0.0208565$ & $0.0402017$ \\
CHe_22 & $-0.0191936$ & $-0.0864551$ & $0.000585914$ & $0.0161333$ & $0.0057824$ & $-0.188169$ & $-0.0512122$ & $0.89941$ & $0.881767$ & $-0.379054$ & $-0.991228$ & $-0.226649$ & $0.165535$ & $0.483003$ & $0.335711$ & $0.330682$ & $0.193588$ & $-0.0554763$ & $-0.0539348$ & $0.973003$ & $1$ & $0.975455$ & $0.0450998$ & $-0.362456$ & $-0.0182663$ & $-0.57435$ & $0.375029$ & $0.340598$ & $-1.52101e-05$ & $0.0590635$ & $0.0400882$ & $-0.0600249$ & $0.0744015$ & $0.450207$ & $-0.0205277$ & $-0.00240245$ & $-0.00793028$ & $0.00811105$ & $-0.00724882$ & $0.00554751$ & $0.0237137$ & $-0.000464636$ & $-0.0146569$ & $-0.00392144$ & $0.0405522$ & $-0.0176527$ & $0.0450496$ & $-0.0229638$ & $0.0566142$ \\
CHe_33 & $-0.0204585$ & $-0.0847297$ & $0.00181303$ & $0.0157648$ & $0.00598729$ & $-0.184675$ & $-0.0515252$ & $0.881705$ & $0.864601$ & $-0.372706$ & $-0.970382$ & $-0.220465$ & $0.163406$ & $0.469269$ & $0.325779$ & $0.34953$ & $0.18755$ & $-0.0522214$ & $-0.0520871$ & $0.953072$ & $0.975455$ & $1$ & $0.044993$ & $-0.355917$ & $-0.0172577$ & $-0.561169$ & $0.369445$ & $0.331479$ & $-0.000420921$ & $0.0586718$ & $0.0372694$ & $-0.0594613$ & $0.0734834$ & $0.44683$ & $-0.0227771$ & $-0.00241212$ & $-0.00886464$ & $0.00799974$ & $-0.00653367$ & $0.00415357$ & $0.0232641$ & $-0.000943849$ & $-0.0159149$ & $-0.00113167$ & $0.0428655$ & $-0.0183236$ & $0.0408138$ & $-0.0268886$ & $0.0550135$ \\
CHQ1_11 & $-0.0104708$ & $-0.0239663$ & $0.0139099$ & $-0.000875098$ & $0.00782681$ & $-0.0220178$ & $-0.00626326$ & $0.072977$ & $0.0718743$ & $-0.061308$ & $-0.0176739$ & $-0.0162064$ & $0.036875$ & $-0.0792763$ & $-0.163089$ & $-0.163332$ & $-0.0726953$ & $0.000191733$ & $0.00386763$ & $-0.00619677$ & $0.0450998$ & $0.044993$ & $1$ & $-0.140051$ & $0.0777746$ & $-0.673002$ & $0.343892$ & $0.0164035$ & $-0.00488961$ & $0.0110889$ & $0.0179948$ & $-0.00483016$ & $0.0235211$ & $0.197421$ & $0.00421931$ & $0.00911778$ & $-0.00560512$ & $0.00692401$ & $0.00214882$ & $-0.00553329$ & $0.0367141$ & $-0.00444991$ & $0.00550129$ & $-0.020928$ & $0.0169385$ & $-0.0209571$ & $0.0143287$ & $-0.0184125$ & $0.0358028$ \\
CHQ1_33 & $-0.0141179$ & $0.0505328$ & $-0.00335285$ & $-0.00573566$ & $0.00416726$ & $0.0156556$ & $0.10598$ & $-0.666758$ & $-0.658834$ & $0.549272$ & $0.308335$ & $-0.0347919$ & $-0.367076$ & $0.457766$ & $0.112222$ & $0.0978148$ & $0.670482$ & $0.609094$ & $0.61189$ & $-0.255301$ & $-0.362456$ & $-0.355917$ & $-0.140051$ & $1$ & $0.631296$ & $0.207318$ & $-0.41838$ & $-0.0292153$ & $-0.0114124$ & $-0.103318$ & $-0.0663346$ & $0.0940834$ & $-0.127054$ & $-0.628716$ & $0.0176229$ & $-0.0142516$ & $0.0264134$ & $-0.0128132$ & $0.00889124$ & $-0.00562454$ & $-0.0461769$ & $-0.00889313$ & $0.0180845$ & $0.00424609$ & $-0.0208567$ & $0.00792105$ & $-0.0421421$ & $0.026666$ & $-0.0602707$ \\
CHQ3_11 & $-0.0767174$ & $-0.00443558$ & $0.00254145$ & $0.00527929$ & $0.0129565$ & $-0.0841941$ & $0.0969394$ & $-0.386492$ & $-0.384997$ & $0.466152$ & $0.0147993$ & $-0.157901$ & $-0.353413$ & $0.590534$ & $-0.133808$ & $-0.145296$ & $0.773503$ & $0.789502$ & $0.794259$ & $-0.0103588$ & $-0.0182663$ & $-0.0172577$ & $0.0777746$ & $0.631296$ & $1$ & $0.0214696$ & $0.22496$ & $-0.00820202$ & $-0.0134648$ & $-0.0903892$ & $-0.0512718$ & $0.0774516$ & $-0.0949802$ & $-0.188861$ & $0.000137371$ & $-0.00797752$ & $0.00678832$ & $-0.000917237$ & $0.0117747$ & $-0.00690228$ & $-0.0100582$ & $-0.00204784$ & $0.012011$ & $-0.0152047$ & $0.0230343$ & $-0.0222107$ & $-0.00572531$ & $0.00995297$ & $0.00939948$ \\
CHu_11 & $-0.0178482$ & $0.0484625$ & $-0.00458379$ & $-0.00497212$ & $-0.00366422$ & $0.111283$ & $0.026483$ & $-0.519714$ & $-0.510036$ & $0.229718$ & $0.572575$ & $0.129939$ & $-0.103548$ & $-0.276175$ & $-0.210623$ & $-0.199904$ & $-0.108694$ & $0.0434817$ & $0.0372092$ & $-0.563996$ & $-0.57435$ & $-0.561169$ & $-0.673002$ & $0.207318$ & $0.0214696$ & $1$ & $-0.17591$ & $-0.197318$ & $0.00361025$ & $-0.0377121$ & $-0.027933$ & $0.0302973$ & $-0.0441214$ & $-0.24664$ & $0.00682912$ & $-0.00144759$ & $-0.00444432$ & $-0.00357195$ & $0.00363714$ & $0.00336679$ & $-0.0210747$ & $0.00519336$ & $0.00460325$ & $0.00726818$ & $-0.0189259$ & $0.00617403$ & $-0.0258806$ & $0.0201805$ & $-0.0269452$ \\
CHd_11 & $-0.0463912$ & $-0.0744358$ & $0.0195115$ & $0.00677975$ & $0.00951926$ & $-0.0920284$ & $-0.0406549$ & $0.421993$ & $0.414766$ & $-0.231279$ & $-0.294869$ & $-0.100429$ & $0.117375$ & $-0.0872584$ & $-0.396434$ & $-0.388532$ & $-0.143616$ & $0.0115201$ & $0.0142895$ & $0.219389$ & $0.375029$ & $0.369445$ & $0.343892$ & $-0.41838$ & $0.22496$ & $-0.17591$ & $1$ & $0.118035$ & $-0.00182593$ & $0.0407549$ & $0.0402748$ & $-0.0415326$ & $0.0810322$ & $0.680593$ & $-0.0157137$ & $0.0155656$ & $-0.038011$ & $0.0141209$ & $-0.000979796$ & $-0.00525716$ & $0.0686313$ & $0.0080177$ & $-0.000491829$ & $-0.0279777$ & $0.0616588$ & $-0.0466955$ & $0.0661437$ & $-0.025987$ & $0.115251$ \\
CHd_33 & $0.00928798$ & $-0.0252425$ & $0.00721595$ & $0.00811487$ & $0.00332275$ & $-0.0734409$ & $-0.026065$ & $0.307526$ & $0.302083$ & $-0.128872$ & $-0.337431$ & $-0.0751277$ & $0.0620342$ & $0.156653$ & $0.11125$ & $0.110776$ & $0.068266$ & $-0.0193808$ & $-0.020077$ & $0.330689$ & $0.340598$ & $0.331479$ & $0.0164035$ & $-0.0292153$ & $-0.00820202$ & $-0.197318$ & $0.118035$ & $1$ & $-0.0111425$ & $0.0194531$ & $0.0178739$ & $-0.0301006$ & $0.0167348$ & $0.160386$ & $-9.90998e-05$ & $-0.00731555$ & $0.012165$ & $-0.000262339$ & $-0.0109366$ & $0.00179603$ & $0.00874074$ & $-0.000389322$ & $0.00176471$ & $-0.00234263$ & $0.0123741$ & $-0.00803869$ & $0.0217703$ & $-0.00981616$ & $0.0196596$ \\
CeH_22r & $0.00882345$ & $0.00822496$ & $-0.00505359$ & $0.0014264$ & $-0.00104553$ & $0.000552201$ & $0.0125759$ & $0.00556669$ & $0.0125163$ & $-0.00738907$ & $-0.000479575$ & $0.0454327$ & $0.046825$ & $-0.00942044$ & $0.00678257$ & $0.00211439$ & $-0.0136054$ & $-0.0148941$ & $-0.0119396$ & $0.00187759$ & $-1.52101e-05$ & $-0.000420921$ & $-0.00488961$ & $-0.0114124$ & $-0.0134648$ & $0.00361025$ & $-0.00182593$ & $-0.0111425$ & $1$ & $0.0370741$ & $0.0170145$ & $-0.00251738$ & $0.0475952$ & $-0.00212485$ & $-0.0322143$ & $-0.0218806$ & $-0.0165079$ & $-0.0116754$ & $-0.0318869$ & $0.00634513$ & $0.00169101$ & $-0.00160786$ & $-0.014664$ & $0.0194456$ & $0.0158533$ & $0.00985939$ & $-0.00474464$ & $0.00268756$ & $0.000362872$ \\
CeH_33r & $-0.0197226$ & $-0.00797334$ & $0.0197918$ & $0.0168862$ & $0.00157175$ & $-0.000306241$ & $-0.115528$ & $0.100334$ & $0.118336$ & $-0.135953$ & $-0.0569925$ & $0.265466$ & $0.258084$ & $-0.0510721$ & $0.0239138$ & $0.0267631$ & $-0.0886651$ & $-0.0973354$ & $-0.0976105$ & $0.055991$ & $0.0590635$ & $0.0586718$ & $0.0110889$ & $-0.103318$ & $-0.0903892$ & $-0.0377121$ & $0.0407549$ & $0.0194531$ & $0.0370741$ & $1$ & $0.296693$ & $0.0314679$ & $0.63673$ & $0.0589559$ & $-0.068187$ & $-0.00197047$ & $-0.1569$ & $-0.00980784$ & $-0.0142041$ & $0.00754844$ & $0.0395709$ & $0.0101382$ & $-0.0282222$ & $0.0362539$ & $0.0798897$ & $0.0213825$ & $-0.0245543$ & $-0.0090242$ & $0.0262414$ \\
CuH_22r & $0.0217916$ & $0.00782335$ & $-0.0315221$ & $-0.00548393$ & $-0.00656523$ & $0.00336919$ & $-0.0676436$ & $0.0637721$ & $0.0709139$ & $-0.0851475$ & $-0.0375778$ & $0.060054$ & $0.110986$ & $-0.0322633$ & $0.00655739$ & $0.0110351$ & $-0.0509522$ & $-0.0552856$ & $-0.0578361$ & $0.0347732$ & $0.0400882$ & $0.0372694$ & $0.0179948$ & $-0.0663346$ & $-0.0512718$ & $-0.027933$ & $0.0402748$ & $0.0178739$ & $0.0170145$ & $0.296693$ & $1$ & $0.0181131$ & $0.327048$ & $0.0471226$ & $-0.000764692$ & $0.0192253$ & $-1.04381e-05$ & $-0.0134223$ & $0.0445786$ & $0.00866088$ & $0.0402095$ & $0.00545189$ & $-0.0209652$ & $-0.0143454$ & $0.0727864$ & $0.0683618$ & $0.33934$ & $-0.00373423$ & $0.0270111$ \\
CuH_33r & $0.0145834$ & $-0.00420903$ & $-0.00710773$ & $0.0139669$ & $0.000972482$ & $0.00927813$ & $0.93697$ & $-0.0913853$ & $-0.0493096$ & $0.0896759$ & $0.0553011$ & $-0.0213324$ & $-0.227684$ & $0.0402541$ & $-0.00992529$ & $-0.0106673$ & $0.0676577$ & $0.0755683$ & $0.0733325$ & $-0.0514791$ & $-0.0600249$ & $-0.0594613$ & $-0.00483016$ & $0.0940834$ & $0.0774516$ & $0.0302973$ & $-0.0415326$ & $-0.0301006$ & $-0.00251738$ & $0.0314679$ & $0.0181131$ & $1$ & $0.0353592$ & $-0.0666035$ & $0.0486989$ & $0.0111463$ & $-0.00450401$ & $-0.00927027$ & $0.00982316$ & $-0.00385116$ & $-0.0109973$ & $-0.0075538$ & $-0.018544$ & $-0.000870897$ & $-0.0382462$ & $-0.00705136$ & $-0.014762$ & $-0.00174578$ & $-0.00424042$ \\
CdH_33r & $0.00125266$ & $-0.0737642$ & $-0.067061$ & $0.0262865$ & $0.00551638$ & $-0.00847202$ & $-0.141653$ & $0.124902$ & $0.138583$ & $-0.144233$ & $-0.0712896$ & $0.307029$ & $0.307627$ & $-0.0641231$ & $0.00763237$ & $0.0167745$ & $-0.104337$ & $-0.105828$ & $-0.111127$ & $0.0652582$ & $0.0744015$ & $0.0734834$ & $0.0235211$ & $-0.127054$ & $-0.0949802$ & $-0.0441214$ & $0.0810322$ & $0.0167348$ & $0.0475952$ & $0.63673$ & $0.327048$ & $0.0353592$ & $1$ & $0.0891549$ & $-0.130639$ & $0.133762$ & $-0.239338$ & $-0.00133492$ & $-0.0165212$ & $0.00714783$ & $0.0787589$ & $0.0122691$ & $-0.103755$ & $-0.062298$ & $-0.0373512$ & $0.00391761$ & $-0.0307422$ & $0.191321$ & $0.50241$ \\
CLL_1221 & $-0.0290247$ & $-0.035104$ & $0.0202661$ & $0.00354122$ & $0.00138639$ & $-0.129836$ & $-0.0688092$ & $0.558692$ & $0.548453$ & $-0.348974$ & $-0.365186$ & $-0.0961644$ & $0.194942$ & $-0.208479$ & $-0.596898$ & $-0.0919476$ & $-0.241158$ & $0.0501851$ & $-0.337721$ & $0.28683$ & $0.450207$ & $0.44683$ & $0.197421$ & $-0.628716$ & $-0.188861$ & $-0.24664$ & $0.680593$ & $0.160386$ & $-0.00212485$ & $0.0589559$ & $0.0471226$ & $-0.0666035$ & $0.0891549$ & $1$ & $-0.0250587$ & $0.0142976$ & $-0.0235801$ & $0.00798074$ & $-0.0171243$ & $0.00292481$ & $0.0449908$ & $0.00374183$ & $-0.00530047$ & $-0.019829$ & $0.0509165$ & $-0.031368$ & $0.0535198$ & $-0.0168072$ & $0.0820133$ \\
eHggint & $0.107169$ & $-0.0528362$ & $0.0827257$ & $-0.103487$ & $0.00382956$ & $0.00291074$ & $-0.0115321$ & $-0.02005$ & $-0.0314454$ & $0.0726377$ & $0.0162904$ & $0.100576$ & $0.0134047$ & $0.00156311$ & $0.00798718$ & $0.00518175$ & $0.00722283$ & $0.00404417$ & $0.00259045$ & $-0.0163117$ & $-0.0205277$ & $-0.0227771$ & $0.00421931$ & $0.0176229$ & $0.000137371$ & $0.00682912$ & $-0.0157137$ & $-9.90998e-05$ & $-0.0322143$ & $-0.068187$ & $-0.000764692$ & $0.0486989$ & $-0.130639$ & $-0.0250587$ & $1$ & $-0.159059$ & $0.180538$ & $0.02507$ & $0.0601968$ & $0.00687869$ & $-0.142523$ & $-0.0335419$ & $0.0360821$ & $-0.0491853$ & $-0.0936634$ & $0.12555$ & $0.0699512$ & $0.0621652$ & $-0.177221$ \\
eHggpar & $-0.00669817$ & $-0.103247$ & $-0.0218093$ & $0.00456215$ & $-0.00746898$ & $-0.00363505$ & $-0.028032$ & $0.0081821$ & $0.000899486$ & $0.0208638$ & $0.00187537$ & $0.0426373$ & $0.0131778$ & $-0.017147$ & $-0.016535$ & $-0.00807981$ & $-0.0150293$ & $-0.00634898$ & $-0.0110176$ & $-0.00640169$ & $-0.00240245$ & $-0.00241212$ & $0.00911778$ & $-0.0142516$ & $-0.00797752$ & $-0.00144759$ & $0.0155656$ & $-0.00731555$ & $-0.0218806$ & $-0.00197047$ & $0.0192253$ & $0.0111463$ & $0.133762$ & $0.0142976$ & $-0.159059$ & $1$ & $-0.131602$ & $0.0246245$ & $0.0336247$ & $0.00742869$ & $0.036553$ & $0.000688359$ & $-0.0365799$ & $0.0349262$ & $-0.115959$ & $-0.0568287$ & $0.00698167$ & $-0.0664992$ & $0.29847$ \\
eHWWint & $0.107554$ & $0.170204$ & $0.00344738$ & $-0.113796$ & $-0.00585454$ & $-0.00223792$ & $0.0219846$ & $-0.0294361$ & $-0.0309425$ & $0.0455332$ & $0.00883852$ & $0.0133524$ & $-0.020336$ & $0.0239966$ & $0.0120053$ & $0.00230225$ & $0.0337227$ & $0.0247021$ & $0.0312964$ & $-0.00291736$ & $-0.00793028$ & $-0.00886464$ & $-0.00560512$ & $0.0264134$ & $0.00678832$ & $-0.00444432$ & $-0.038011$ & $0.012165$ & $-0.0165079$ & $-0.1569$ & $-1.04381e-05$ & $-0.00450401$ & $-0.239338$ & $-0.0235801$ & $0.180538$ & $-0.131602$ & $1$ & $-0.0465345$ & $-0.121173$ & $-0.00652584$ & $-0.171843$ & $-0.0341247$ & $0.0941553$ & $-0.172437$ & $-0.0288065$ & $-0.0911386$ & $0.23868$ & $-0.0400346$ & $-0.144511$ \\
eHWWpar & $-0.0268067$ & $0.00263902$ & $-0.0172161$ & $0.0236472$ & $0.00245906$ & $-0.00836226$ & $-0.00862422$ & $0.0120661$ & $0.00961945$ & $-0.0115596$ & $-0.0073161$ & $0.0057588$ & $0.0100975$ & $-0.00611119$ & $0.00235235$ & $0.000211299$ & $-0.00865207$ & $-0.0105611$ & $-0.00972856$ & $0.00760497$ & $0.00811105$ & $0.00799974$ & $0.00692401$ & $-0.0128132$ & $-0.000917237$ & $-0.00357195$ & $0.0141209$ & $-0.000262339$ & $-0.0116754$ & $-0.00980784$ & $-0.0134223$ & $-0.00927027$ & $-0.00133492$ & $0.00798074$ & $0.02507$ & $0.0246245$ & $-0.0465345$ & $1$ & $-0.0165266$ & $-0.0167664$ & $-0.0092693$ & $0.0010044$ & $-0.027317$ & $0.00331056$ & $-0.044256$ & $-0.0162755$ & $-0.0158247$ & $0.0315413$ & $-0.00135213$ \\
eHZZint & $-0.0167201$ & $-0.138484$ & $-0.139497$ & $0.0716761$ & $-0.00173772$ & $-0.00814748$ & $-0.0124792$ & $-0.00500504$ & $-0.00326653$ & $0.0082525$ & $0.00274254$ & $-0.00646563$ & $-0.0113763$ & $0.00513538$ & $0.00534266$ & $-0.01127$ & $0.00715262$ & $0.00204284$ & $0.0146369$ & $-0.00743116$ & $-0.00724882$ & $-0.00653367$ & $0.00214882$ & $0.00889124$ & $0.0117747$ & $0.00363714$ & $-0.000979796$ & $-0.0109366$ & $-0.0318869$ & $-0.0142041$ & $0.0445786$ & $0.00982316$ & $-0.0165212$ & $-0.0171243$ & $0.0601968$ & $0.0336247$ & $-0.121173$ & $-0.0165266$ & $1$ & $0.00543264$ & $0.111296$ & $-0.0135901$ & $0.102699$ & $0.040758$ & $-0.109064$ & $-0.101732$ & $0.128369$ & $-0.010105$ & $-0.0411835$ \\
eHZZpar & $0.00803021$ & $-0.00807984$ & $-0.00199987$ & $-0.0101641$ & $0.0016186$ & $-0.00495708$ & $-0.00807385$ & $0.00624871$ & $0.00318565$ & $-0.0010584$ & $-0.00622576$ & $0.00344132$ & $0.00812724$ & $0.00190313$ & $0.00190786$ & $0.0100174$ & $-0.000747246$ & $-0.000706554$ & $-0.00685234$ & $0.00640355$ & $0.00554751$ & $0.00415357$ & $-0.00553329$ & $-0.00562454$ & $-0.00690228$ & $0.00336679$ & $-0.00525716$ & $0.00179603$ & $0.00634513$ & $0.00754844$ & $0.00866088$ & $-0.00385116$ & $0.00714783$ & $0.00292481$ & $0.00687869$ & $0.00742869$ & $-0.00652584$ & $-0.0167664$ & $0.00543264$ & $1$ & $0.00250491$ & $-0.00733612$ & $0.00122874$ & $-0.0282754$ & $0.014829$ & $0.0321499$ & $0.000486847$ & $0.000460824$ & $0.0156006$ \\
eHZgaint & $-0.00858538$ & $-0.183555$ & $-0.0442698$ & $-0.0548264$ & $0.00769725$ & $0.00275091$ & $-0.00990204$ & $0.0459838$ & $0.034704$ & $-0.0827411$ & $-0.0226504$ & $-0.0510075$ & $0.0192224$ & $-0.026105$ & $-0.0227276$ & $-0.0238626$ & $-0.0368336$ & $-0.0253453$ & $-0.0242186$ & $0.0134354$ & $0.0237137$ & $0.0232641$ & $0.0367141$ & $-0.0461769$ & $-0.0100582$ & $-0.0210747$ & $0.0686313$ & $0.00874074$ & $0.00169101$ & $0.0395709$ & $0.0402095$ & $-0.0109973$ & $0.0787589$ & $0.0449908$ & $-0.142523$ & $0.036553$ & $-0.171843$ & $-0.0092693$ & $0.111296$ & $0.00250491$ & $1$ & $0.00216814$ & $-0.178331$ & $0.00179789$ & $0.0884417$ & $0.116045$ & $0.0274249$ & $-0.113402$ & $0.130336$ \\
eHZgapar & $-0.0104599$ & $0.00218196$ & $-0.00264721$ & $0.020601$ & $0.000262921$ & $0.0039169$ & $-0.00789172$ & $0.00282475$ & $0.00207461$ & $-0.00416465$ & $0.00146353$ & $-0.00387431$ & $0.00814979$ & $-0.00527218$ & $-0.00375141$ & $-0.00824485$ & $-0.00983758$ & $-0.00643264$ & $-0.00191308$ & $-0.00255308$ & $-0.000464636$ & $-0.000943849$ & $-0.00444991$ & $-0.00889313$ & $-0.00204784$ & $0.00519336$ & $0.0080177$ & $-0.000389322$ & $-0.00160786$ & $0.0101382$ & $0.00545189$ & $-0.0075538$ & $0.0122691$ & $0.00374183$ & $-0.0335419$ & $0.000688359$ & $-0.0341247$ & $0.0010044$ & $-0.0135901$ & $-0.00733612$ & $0.00216814$ & $1$ & $-0.0187597$ & $-0.00150703$ & $-0.0146462$ & $0.00705971$ & $-0.0129363$ & $0.021717$ & $0.00366993$ \\
eHgagaint & $0.0184252$ & $0.0306337$ & $0.0529878$ & $-0.0992424$ & $-0.0105796$ & $-0.00274678$ & $-0.0138326$ & $-0.0188236$ & $0.0410568$ & $0.00758132$ & $0.0150727$ & $-0.0162826$ & $-0.00640131$ & $-0.00177944$ & $-0.00847021$ & $-0.00319904$ & $0.0082608$ & $0.0128283$ & $0.00722961$ & $-0.0133026$ & $-0.0146569$ & $-0.0159149$ & $0.00550129$ & $0.0180845$ & $0.012011$ & $0.00460325$ & $-0.000491829$ & $0.00176471$ & $-0.014664$ & $-0.0282222$ & $-0.0209652$ & $-0.018544$ & $-0.103755$ & $-0.00530047$ & $0.0360821$ & $-0.0365799$ & $0.0941553$ & $-0.027317$ & $0.102699$ & $0.00122874$ & $-0.178331$ & $-0.0187597$ & $1$ & $0.052272$ & $-0.0543734$ & $0.228366$ & $-0.0509579$ & $0.09826$ & $-0.203709$ \\
eHmumuint & $0.0554554$ & $0.0309352$ & $-0.0681874$ & $0.032147$ & $0.000607944$ & $0.00788669$ & $-0.00160558$ & $-0.00488477$ & $0.000860975$ & $-0.00469166$ & $0.00106669$ & $-0.00022164$ & $-0.00311448$ & $0.00133677$ & $0.0198841$ & $0.0140539$ & $0.00173443$ & $-0.00873351$ & $-0.00310395$ & $0.00211543$ & $-0.00392144$ & $-0.00113167$ & $-0.020928$ & $0.00424609$ & $-0.0152047$ & $0.00726818$ & $-0.0279777$ & $-0.00234263$ & $0.0194456$ & $0.0362539$ & $-0.0143454$ & $-0.000870897$ & $-0.062298$ & $-0.019829$ & $-0.0491853$ & $0.0349262$ & $-0.172437$ & $0.00331056$ & $0.040758$ & $-0.0282754$ & $0.00179789$ & $-0.00150703$ & $0.052272$ & $1$ & $0.195959$ & $0.0195123$ & $-0.056867$ & $-0.104326$ & $-0.160962$ \\
eHtautauint & $-0.110906$ & $0.144777$ & $0.0136653$ & $-0.036559$ & $-0.00232123$ & $-0.00319496$ & $-0.0202921$ & $0.033938$ & $0.0319096$ & $-0.046471$ & $-0.0316832$ & $-0.0470495$ & $-0.00373146$ & $0.00538698$ & $-0.0158617$ & $-0.0115048$ & $5.63285e-05$ & $0.00324392$ & $0.00252356$ & $0.0319729$ & $0.0405522$ & $0.0428655$ & $0.0169385$ & $-0.0208567$ & $0.0230343$ & $-0.0189259$ & $0.0616588$ & $0.0123741$ & $0.0158533$ & $0.0798897$ & $0.0727864$ & $-0.0382462$ & $-0.0373512$ & $0.0509165$ & $-0.0936634$ & $-0.115959$ & $-0.0288065$ & $-0.044256$ & $-0.109064$ & $0.014829$ & $0.0884417$ & $-0.0146462$ & $-0.0543734$ & $0.195959$ & $1$ & $0.0612358$ & $0.203972$ & $-0.231493$ & $-0.0148275$ \\
eHccint & $0.0460758$ & $0.138099$ & $0.0835021$ & $-0.154563$ & $0.00971466$ & $0.00949571$ & $-0.0146108$ & $-0.0193319$ & $-0.0047432$ & $0.00603543$ & $0.0169427$ & $0.0202982$ & $0.00691364$ & $-0.00488398$ & $0.02831$ & $0.0195851$ & $-0.00441637$ & $-0.0162362$ & $-0.0115399$ & $-0.00907028$ & $-0.0176527$ & $-0.0183236$ & $-0.0209571$ & $0.00792105$ & $-0.0222107$ & $0.00617403$ & $-0.0466955$ & $-0.00803869$ & $0.00985939$ & $0.0213825$ & $0.0683618$ & $-0.00705136$ & $0.00391761$ & $-0.031368$ & $0.12555$ & $-0.0568287$ & $-0.0911386$ & $-0.0162755$ & $-0.101732$ & $0.0321499$ & $0.116045$ & $0.00705971$ & $0.228366$ & $0.0195123$ & $0.0612358$ & $1$ & $0.018226$ & $0.0548613$ & $-0.0477193$ \\
eHccpar & $0.0840189$ & $0.0414063$ & $-0.111182$ & $-0.0135601$ & $-0.00732917$ & $-0.0096086$ & $-0.0146509$ & $0.0479535$ & $0.0393191$ & $-0.0448306$ & $-0.0398998$ & $-0.0228385$ & $0.0177454$ & $-0.00522515$ & $-0.0134462$ & $-0.018079$ & $-0.0116567$ & $-0.0123684$ & $-0.00892335$ & $0.0339787$ & $0.0450496$ & $0.0408138$ & $0.0143287$ & $-0.0421421$ & $-0.00572531$ & $-0.0258806$ & $0.0661437$ & $0.0217703$ & $-0.00474464$ & $-0.0245543$ & $0.33934$ & $-0.014762$ & $-0.0307422$ & $0.0535198$ & $0.0699512$ & $0.00698167$ & $0.23868$ & $-0.0158247$ & $0.128369$ & $0.000486847$ & $0.0274249$ & $-0.0129363$ & $-0.0509579$ & $-0.056867$ & $0.203972$ & $0.018226$ & $1$ & $-0.0137632$ & $0.0129991$ \\
eHbbint & $0.0800351$ & $0.225028$ & $-0.0084787$ & $-0.267224$ & $0.000610624$ & $-0.0105412$ & $-0.0086132$ & $-0.0411931$ & $-0.034746$ & $0.0437562$ & $0.0264278$ & $0.0285116$ & $-0.0119322$ & $0.00610881$ & $-0.00150154$ & $-0.00321797$ & $0.0245026$ & $0.0217418$ & $0.0203664$ & $-0.0208565$ & $-0.0229638$ & $-0.0268886$ & $-0.0184125$ & $0.026666$ & $0.00995297$ & $0.0201805$ & $-0.025987$ & $-0.00981616$ & $0.00268756$ & $-0.0090242$ & $-0.00373423$ & $-0.00174578$ & $0.191321$ & $-0.0168072$ & $0.0621652$ & $-0.0664992$ & $-0.0400346$ & $0.0315413$ & $-0.010105$ & $0.000460824$ & $-0.113402$ & $0.021717$ & $0.09826$ & $-0.104326$ & $-0.231493$ & $0.0548613$ & $-0.0137632$ & $1$ & $0.0907543$ \\
eHbbpar & $-0.000412197$ & $-0.190722$ & $-0.161841$ & $0.100802$ & $0.00528674$ & $-0.0167643$ & $-0.0163985$ & $0.0740292$ & $0.061443$ & $-0.0381888$ & $-0.0533547$ & $-0.0052024$ & $0.0259369$ & $-0.0167021$ & $-0.0376617$ & $-0.0263499$ & $-0.0255295$ & $-0.0124381$ & $-0.0190198$ & $0.0402017$ & $0.0566142$ & $0.0550135$ & $0.0358028$ & $-0.0602707$ & $0.00939948$ & $-0.0269452$ & $0.115251$ & $0.0196596$ & $0.000362872$ & $0.0262414$ & $0.0270111$ & $-0.00424042$ & $0.50241$ & $0.0820133$ & $-0.177221$ & $0.29847$ & $-0.144511$ & $-0.00135213$ & $-0.0411835$ & $0.0156006$ & $0.130336$ & $0.00366993$ & $-0.203709$ & $-0.160962$ & $-0.0148275$ & $-0.0477193$ & $0.0129991$ & $0.0907543$ & $1$ \\
