######################################################################
#--  FCCee aTGC: Using Optimal observables analysis (Full)  --
# This is for 161 GeV
#
ObservablesWithCovarianceInverse OptOobsFullFCCee161 6
Observable deltag1Z_OO_FCCee161 deltag1Z #delta{g_{1,Z}} 1. -1. MCMC weight 4.126736160013806e-16 1. 0.
Observable deltaKgamma_OO_FCCee161 deltaKgamma #delta#kappa_{#gamma} 1. -1. MCMC weight 0.0 1. 0.
Observable lambdaZ_OO_FCCee161 lambdaZ #lamdba_{Z} 1. -1. MCMC weight 0.0 1. 0.
Observable deltageL_OO_FCCee161 delgZeL #delta{g_{L}^{e}} 1. -1. MCMC weight -2.063368080006903e-16 1. 0.
Observable deltageR_OO_FCCee161 delgZeR #delta{g_{R}^{e}} 1. -1. MCMC weight -9.531450553817466e-17 1. 0.
Observable deltaUev_OO_FCCee161 deltaUWeve #delta{U_{{#nu}e}} 1. -1. MCMC weight 3.17359110463206e-16 1. 0.
30403.8   3997.86   20156.3   -109290.   1049.41   -94759.6
3997.86   657.055   2099.38   -14892.7   -541.124   -12770.8
20156.3   2099.38   24528.   -72804.5   26.4533   -65483.2
-109290.   -14892.7   -72804.5   395244.   223.795   342394.
1049.41   -541.124   26.4533   223.795   4940.92   -500.637
-94759.6   -12770.8   -65483.2   342394.   -500.637   -243714.
#
#
##################################################
 
CorrelatedGaussianObservables BRWleptFCCee161 3
Observable BrWelectron_FCCee161 BrWelectron BR_{We#nu} 1. -1. MCMC weight 0.1083790594476625 0.0000607454 0.
Observable BrWmuon_FCCee161 BrWmuon BR_{W#mu#nu} 1. -1. MCMC weight 0.1083790594476625 0.0000607454 0.
Observable BrWtau_FCCee161 BrWtau BR_{W#tau#nu} 1. -1. MCMC weight 0.1083790594476625 0.0000607454 0.
1.   -0.121553   -0.121553
-0.121553   1.   -0.121553
-0.121553   -0.121553   1.
