 & AlsMz & dAle5Mz & mtop & mHl & Mz & CW & CHG & CHWB & CHWHB_gaga & CHWHB_gagaorth & CHD & CHbox & CH & CHL1_11 & CHL1_22 & CHL1_33 & CHL3_11 & CHL3_22 & CHL3_33 & CHe_11 & CHe_22 & CHe_33 & CHQ1_11 & CHQ1_33 & CHQ3_11 & CHu_11 & CHd_11 & CHd_33 & CeH_22r & CeH_33r & CuH_22r & CuH_33r & CdH_33r & CLL_1221 & eHggint & eHggpar & eHWWint & eHWWpar & eHZZint & eHZZpar & eHZgaint & eHZgapar & eHgagaint & eHmumuint & eHtautauint & eHccint & eHccpar & eHbbint & eHbbpar \\
AlsMz & $1$ & $0.0295354$ & $-0.136934$ & $0.0303706$ & $-0.00776271$ & $0.00488542$ & $0.0237721$ & $-0.00831034$ & $-0.015253$ & $0.011458$ & $-0.00674502$ & $-0.000717775$ & $-0.00912238$ & $0.00846998$ & $0.00273042$ & $0.00589265$ & $0.0179246$ & $0.0128626$ & $0.0126481$ & $0.000554064$ & $-0.00136939$ & $0.000550803$ & $-2.029e-05$ & $-0.0329857$ & $-0.0681103$ & $-0.0304712$ & $-0.0240151$ & $-0.00420342$ & $0.0219492$ & $0.0232491$ & $-0.0087936$ & $0.00895177$ & $-0.0390388$ & $-0.00644214$ & $-0.234458$ & $0.0527698$ & $-0.129412$ & $-0.0140797$ & $-0.241753$ & $0.00164557$ & $-0.25075$ & $0.0226642$ & $-0.184734$ & $-0.0300606$ & $-0.0262651$ & $0.0344851$ & $-0.0584732$ & $-0.0256436$ & $-0.159687$ \\
dAle5Mz & $0.0295354$ & $1$ & $0.120814$ & $0.0193655$ & $0.00581938$ & $0.0151733$ & $0.0163092$ & $-0.0516555$ & $-0.0528985$ & $0.0237469$ & $0.0348997$ & $0.0117452$ & $-0.0143373$ & $-0.00376064$ & $-0.012078$ & $-0.0105581$ & $0.0228103$ & $0.0194552$ & $0.0180481$ & $-0.0178426$ & $-0.0153502$ & $-0.0167376$ & $0.00596752$ & $0.012774$ & $0.0157829$ & $0.0017739$ & $-0.00502489$ & $-0.0105957$ & $0.00309456$ & $-0.00199256$ & $-0.00182839$ & $0.00623984$ & $-0.00367788$ & $0.0165618$ & $-0.0813101$ & $-0.0724117$ & $0.011762$ & $-0.0334682$ & $-0.312418$ & $0.0529356$ & $-0.182506$ & $-0.0414189$ & $-0.146049$ & $0.150911$ & $-0.116711$ & $0.140507$ & $-0.0558673$ & $-0.361308$ & $0.111378$ \\
mtop & $-0.136934$ & $0.120814$ & $1$ & $0.157967$ & $-0.00643829$ & $-0.0160426$ & $0.00447087$ & $-0.00281957$ & $-0.00765825$ & $-0.0161297$ & $0.0182544$ & $-0.00885485$ & $-6.50113e-05$ & $-0.0214355$ & $-0.010576$ & $-0.00927743$ & $-0.0137119$ & $-0.0112773$ & $-0.011146$ & $-0.0101819$ & $-0.0063312$ & $-0.00690523$ & $0.0143247$ & $-0.00140637$ & $0.00258992$ & $0.00317193$ & $0.0158922$ & $0.00342737$ & $-0.00271688$ & $0.0297269$ & $0.0160277$ & $0.00613342$ & $0.0917273$ & $0.0147304$ & $-0.0766187$ & $0.0194676$ & $-0.166247$ & $-0.0112721$ & $-0.0868562$ & $0.0290394$ & $0.309176$ & $-0.000974261$ & $-0.15812$ & $-0.0208603$ & $0.0632571$ & $-0.0659476$ & $-0.00526152$ & $-0.00668743$ & $0.159431$ \\
mHl & $0.0303706$ & $0.0193655$ & $0.157967$ & $1$ & $0.00147303$ & $-0.00608256$ & $0.00514309$ & $-0.00640888$ & $-0.0190086$ & $-0.00240586$ & $0.005754$ & $-0.0106035$ & $-0.00854149$ & $0.00186329$ & $-0.00458283$ & $-0.0145191$ & $0.00555376$ & $0.00475689$ & $0.0140597$ & $-0.00602249$ & $-0.00342839$ & $-0.00238447$ & $-0.0118769$ & $0.00106751$ & $0.00431501$ & $0.0106418$ & $0.00237368$ & $0.00342751$ & $-0.0063266$ & $0.013216$ & $-0.0684495$ & $0.00500458$ & $-0.042783$ & $0.000368724$ & $-0.157403$ & $0.112915$ & $-0.0736359$ & $-0.0247545$ & $0.083669$ & $-0.0173771$ & $0.144302$ & $-0.00120515$ & $-0.260607$ & $-0.209571$ & $-0.0235763$ & $-0.0272097$ & $-0.267868$ & $0.199254$ & $-0.235033$ \\
Mz & $-0.00776271$ & $0.00581938$ & $-0.00643829$ & $0.00147303$ & $1$ & $-0.00243151$ & $-0.00285773$ & $-0.0119714$ & $-0.0119094$ & $0.012997$ & $0.0199461$ & $0.00885421$ & $-0.00163207$ & $0.000278407$ & $0.00138312$ & $-0.00161469$ & $0.000826805$ & $-0.000456215$ & $0.00262056$ & $-0.0105673$ & $-0.0100017$ & $-0.0104836$ & $6.87535e-05$ & $0.00468245$ & $-2.75141e-06$ & $0.00213045$ & $-0.0107142$ & $0.0037363$ & $0.00437395$ & $0.00866082$ & $-0.013032$ & $-0.00203443$ & $0.00191333$ & $-0.0127786$ & $0.00104841$ & $0.00179062$ & $-0.00627827$ & $0.00713695$ & $0.00509037$ & $-0.00727723$ & $0.0191958$ & $-0.00750291$ & $0.00351832$ & $0.00766287$ & $0.0115115$ & $-0.000908924$ & $-0.00398616$ & $-0.0103824$ & $-0.00128801$ \\
CW & $0.00488542$ & $0.0151733$ & $-0.0160426$ & $-0.00608256$ & $-0.00243151$ & $1$ & $0.00632223$ & $-0.125687$ & $-0.124691$ & $0.0182705$ & $0.178475$ & $0.0501047$ & $-0.00290987$ & $0.0273233$ & $-0.0758725$ & $-0.0689447$ & $-0.246529$ & $-0.0398068$ & $-0.0460084$ & $-0.174607$ & $-0.182196$ & $-0.1802$ & $-0.0141143$ & $0.0109744$ & $-0.0830476$ & $0.102777$ & $-0.0857669$ & $-0.073056$ & $0.00075203$ & $-0.00490034$ & $-0.00606569$ & $0.00902011$ & $-0.00946333$ & $-0.122111$ & $0.00498517$ & $-0.00437549$ & $0.00669856$ & $-0.00332602$ & $-0.00158385$ & $-0.0132194$ & $-0.00667382$ & $0.0092811$ & $-0.0105877$ & $0.00129584$ & $-0.021237$ & $0.00489013$ & $-0.0243748$ & $0.000724886$ & $-0.00988193$ \\
CHG & $0.0237721$ & $0.0163092$ & $0.00447087$ & $0.00514309$ & $-0.00285773$ & $0.00632223$ & $1$ & $-0.100775$ & $-0.0494848$ & $0.0666454$ & $0.0541603$ & $-0.118275$ & $-0.301712$ & $0.060608$ & $-0.0297115$ & $-0.0292708$ & $0.0923605$ & $0.106178$ & $0.104074$ & $-0.053284$ & $-0.0563302$ & $-0.0556656$ & $0.00103945$ & $0.108671$ & $0.0973661$ & $0.027476$ & $-0.0345307$ & $-0.0175774$ & $0.00559495$ & $-0.125126$ & $-0.0701888$ & $0.932934$ & $-0.160968$ & $-0.056167$ & $-0.0315729$ & $-0.00899846$ & $-0.0276113$ & $0.00201219$ & $0.0167007$ & $-0.00753863$ & $-0.011761$ & $0.00132261$ & $-0.00183955$ & $0.0331864$ & $-0.0205511$ & $-0.0140007$ & $-0.00927149$ & $-0.0196693$ & $0.000495984$ \\
CHWB & $-0.00831034$ & $-0.0516555$ & $-0.00281957$ & $-0.00640888$ & $-0.0119714$ & $-0.125687$ & $-0.100775$ & $1$ & $0.985019$ & $-0.571069$ & $-0.879082$ & $-0.140203$ & $0.339502$ & $0.100342$ & $0.303934$ & $0.299314$ & $-0.237893$ & $-0.436385$ & $-0.431527$ & $0.850761$ & $0.896124$ & $0.879136$ & $0.0761435$ & $-0.671798$ & $-0.40043$ & $-0.513894$ & $0.41673$ & $0.296945$ & $0.0168335$ & $0.109495$ & $0.0591289$ & $-0.0939541$ & $0.124966$ & $0.558258$ & $-0.000595303$ & $0.000197072$ & $-0.00184785$ & $-0.00667168$ & $0.0293694$ & $-0.000730533$ & $-0.013224$ & $-0.000336621$ & $0.0126618$ & $-0.00556978$ & $0.00161008$ & $-0.0155476$ & $0.00366104$ & $0.00753339$ & $0.00160492$ \\
CHWHB_gaga & $-0.015253$ & $-0.0528985$ & $-0.00765825$ & $-0.0190086$ & $-0.0119094$ & $-0.124691$ & $-0.0494848$ & $0.985019$ & $1$ & $-0.562171$ & $-0.863247$ & $-0.120254$ & $0.334022$ & $0.0922851$ & $0.300785$ & $0.295873$ & $-0.2394$ & $-0.435794$ & $-0.430468$ & $0.835728$ & $0.879895$ & $0.863498$ & $0.0746603$ & $-0.663469$ & $-0.398299$ & $-0.503495$ & $0.410387$ & $0.292414$ & $0.0226023$ & $0.131642$ & $0.0734071$ & $-0.0515165$ & $0.146665$ & $0.548709$ & $-0.0136431$ & $-0.00373056$ & $-0.0178592$ & $-0.00725068$ & $0.0275844$ & $-0.00173719$ & $-0.0095737$ & $-0.00055486$ & $0.0587848$ & $-0.0067306$ & $0.00899875$ & $-0.0142653$ & $0.0125146$ & $-0.00144741$ & $0.00182268$ \\
CHWHB_gagaorth & $0.011458$ & $0.0237469$ & $-0.0161297$ & $-0.00240586$ & $0.012997$ & $0.0182705$ & $0.0666454$ & $-0.571069$ & $-0.562171$ & $1$ & $0.359434$ & $0.506345$ & $-0.245783$ & $0.219897$ & $-0.120225$ & $-0.129824$ & $0.425788$ & $0.478006$ & $0.479665$ & $-0.346076$ & $-0.376161$ & $-0.36977$ & $-0.066927$ & $0.552469$ & $0.465956$ & $0.22228$ & $-0.239363$ & $-0.124587$ & $-0.0145892$ & $-0.134686$ & $-0.0695517$ & $0.07998$ & $-0.154829$ & $-0.354229$ & $0.0360566$ & $0.0224096$ & $0.0210464$ & $0.0102615$ & $0.0036956$ & $-0.00845148$ & $-0.0258343$ & $0.00474182$ & $-0.0100383$ & $0.0114363$ & $0.00767582$ & $0.00818459$ & $0.00150698$ & $0.00335223$ & $-0.00298739$ \\
CHD & $-0.00674502$ & $0.0348997$ & $0.0182544$ & $0.005754$ & $0.0199461$ & $0.178475$ & $0.0541603$ & $-0.879082$ & $-0.863247$ & $0.359434$ & $1$ & $0.231197$ & $-0.164559$ & $-0.51592$ & $-0.428864$ & $-0.413495$ & $-0.218583$ & $0.0700782$ & $0.0636675$ & $-0.990474$ & $-0.991237$ & $-0.969858$ & $-0.0172392$ & $0.306607$ & $0.0206381$ & $0.567609$ & $-0.286557$ & $-0.326483$ & $-0.0109469$ & $-0.0617063$ & $-0.0326038$ & $0.0597797$ & $-0.0711343$ & $-0.3592$ & $0.0139075$ & $0.00292865$ & $0.00385672$ & $0.00257469$ & $-0.0214361$ & $0.0030538$ & $0.0234037$ & $0.000817194$ & $-0.00745053$ & $0.00237689$ & $0.0022675$ & $0.0148336$ & $-0.000366879$ & $-0.00123067$ & $-0.00299613$ \\
CHbox & $-0.000717775$ & $0.0117452$ & $-0.00885485$ & $-0.0106035$ & $0.00885421$ & $0.0501047$ & $-0.118275$ & $-0.140203$ & $-0.120254$ & $0.506345$ & $0.231197$ & $1$ & $0.344131$ & $-0.243268$ & $-0.021438$ & $-0.0190723$ & $-0.193089$ & $-0.1517$ & $-0.152607$ & $-0.21318$ & $-0.236691$ & $-0.228513$ & $-0.0254212$ & $-0.0230394$ & $-0.151196$ & $0.140142$ & $-0.109938$ & $-0.0748015$ & $0.0367987$ & $0.272732$ & $0.0778949$ & $-0.0241613$ & $0.318679$ & $-0.101673$ & $0.0786597$ & $0.0533244$ & $0.0361777$ & $0.011132$ & $0.0212651$ & $-0.0115714$ & $-0.0265564$ & $0.00641711$ & $-0.00377628$ & $0.0181503$ & $0.0193082$ & $0.0158994$ & $0.00591059$ & $0.0116272$ & $-0.00946648$ \\
CH & $-0.00912238$ & $-0.0143373$ & $-6.50113e-05$ & $-0.00854149$ & $-0.00163207$ & $-0.00290987$ & $-0.301712$ & $0.339502$ & $0.334022$ & $-0.245783$ & $-0.164559$ & $0.344131$ & $1$ & $-0.236331$ & $0.0729924$ & $0.0763322$ & $-0.349844$ & $-0.376178$ & $-0.375251$ & $0.160178$ & $0.174599$ & $0.173855$ & $0.0340707$ & $-0.385201$ & $-0.364005$ & $-0.0987091$ & $0.1308$ & $0.0563761$ & $0.0465038$ & $0.264578$ & $0.118381$ & $-0.251019$ & $0.324248$ & $0.209342$ & $0.00716479$ & $0.010301$ & $0.00726332$ & $0.00581704$ & $0.0146158$ & $0.000101725$ & $-0.00953803$ & $0.000745203$ & $0.00433515$ & $-0.00243607$ & $0.00374197$ & $0.00873834$ & $0.0106968$ & $0.0031963$ & $-0.0142525$ \\
CHL1_11 & $0.00846998$ & $-0.00376064$ & $-0.0214355$ & $0.00186329$ & $0.000278407$ & $0.0273233$ & $0.060608$ & $0.100342$ & $0.0922851$ & $0.219897$ & $-0.51592$ & $-0.243268$ & $-0.236331$ & $1$ & $0.279197$ & $0.254615$ & $0.663949$ & $0.59395$ & $0.59926$ & $0.533679$ & $0.477169$ & $0.461404$ & $-0.0808315$ & $0.469579$ & $0.597061$ & $-0.27242$ & $-0.0957493$ & $0.15453$ & $-0.00531579$ & $-0.0598722$ & $-0.0365638$ & $0.0374644$ & $-0.0672285$ & $-0.218682$ & $-0.0215239$ & $-0.0114368$ & $0.000757727$ & $0.00636391$ & $0.00482666$ & $-0.0102316$ & $-0.0143127$ & $0.0018911$ & $-0.00906244$ & $0.000650887$ & $-0.0097325$ & $-0.00359008$ & $-0.0110572$ & $-0.00276905$ & $0.00356001$ \\
CHL1_22 & $0.00273042$ & $-0.012078$ & $-0.010576$ & $-0.00458283$ & $0.00138312$ & $-0.0758725$ & $-0.0297115$ & $0.303934$ & $0.300785$ & $-0.120225$ & $-0.428864$ & $-0.021438$ & $0.0729924$ & $0.279197$ & $1$ & $0.441806$ & $0.168882$ & $-0.447061$ & $-0.026097$ & $0.493151$ & $0.345816$ & $0.334397$ & $-0.177169$ & $0.104157$ & $-0.133419$ & $-0.19985$ & $-0.393556$ & $0.109782$ & $0.00539475$ & $0.0379125$ & $0.0187678$ & $-0.026665$ & $0.03954$ & $-0.591696$ & $-0.0120549$ & $0.00843039$ & $-0.0185246$ & $0.00263107$ & $-0.00333897$ & $0.00771829$ & $-0.0100268$ & $-0.000858538$ & $0.0152797$ & $-0.00458768$ & $0.00660557$ & $-0.0129749$ & $-0.00218007$ & $0.00330889$ & $0.00407896$ \\
CHL1_33 & $0.00589265$ & $-0.0105581$ & $-0.00927743$ & $-0.0145191$ & $-0.00161469$ & $-0.0689447$ & $-0.0292708$ & $0.299314$ & $0.295873$ & $-0.129824$ & $-0.413495$ & $-0.0190723$ & $0.0763322$ & $0.254615$ & $0.441806$ & $1$ & $0.151244$ & $-0.0368208$ & $-0.444765$ & $0.47697$ & $0.333682$ & $0.350628$ & $-0.167735$ & $0.0925058$ & $-0.140394$ & $-0.194299$ & $-0.381163$ & $0.102477$ & $0.0109933$ & $0.0332549$ & $0.0237107$ & $-0.0258529$ & $0.0326605$ & $-0.0928348$ & $-0.000308529$ & $0.00828981$ & $-0.00396747$ & $0.00434303$ & $0.00596369$ & $0.00498899$ & $-0.0189301$ & $-0.00223802$ & $0.0118712$ & $-0.00391949$ & $-0.00269256$ & $-0.0104416$ & $0.0138295$ & $0.00851001$ & $-0.00852382$ \\
CHL3_11 & $0.0179246$ & $0.0228103$ & $-0.0137119$ & $0.00555376$ & $0.000826805$ & $-0.246529$ & $0.0923605$ & $-0.237893$ & $-0.2394$ & $0.425788$ & $-0.218583$ & $-0.193089$ & $-0.349844$ & $0.663949$ & $0.168882$ & $0.151244$ & $1$ & $0.734023$ & $0.736473$ & $0.240383$ & $0.186777$ & $0.178814$ & $-0.0796441$ & $0.677908$ & $0.775967$ & $-0.104158$ & $-0.155406$ & $0.0593089$ & $-0.0137546$ & $-0.097999$ & $-0.0534412$ & $0.0666282$ & $-0.106127$ & $-0.255428$ & $-0.0256209$ & $-0.00283309$ & $-0.00850836$ & $0.00641623$ & $-0.0119975$ & $-0.00359298$ & $-0.00742071$ & $-0.00279305$ & $-0.00779903$ & $0.00612202$ & $-0.000734044$ & $-0.00598203$ & $-0.0029561$ & $-0.00796214$ & $0.00896793$ \\
CHL3_22 & $0.0128626$ & $0.0194552$ & $-0.0112773$ & $0.00475689$ & $-0.000456215$ & $-0.0398068$ & $0.106178$ & $-0.436385$ & $-0.435794$ & $0.478006$ & $0.0700782$ & $-0.1517$ & $-0.376178$ & $0.59395$ & $-0.447061$ & $-0.0368208$ & $0.734023$ & $1$ & $0.674947$ & $-0.072645$ & $-0.0641375$ & $-0.0622149$ & $0.00218528$ & $0.623089$ & $0.794634$ & $0.0388181$ & $2.24961e-05$ & $-0.0216181$ & $-0.0145304$ & $-0.115331$ & $-0.0619586$ & $0.0814166$ & $-0.126648$ & $0.0314761$ & $-0.0124412$ & $-0.00986582$ & $0.00905303$ & $0.00688389$ & $-0.00371232$ & $-0.0111455$ & $-0.00151182$ & $0.000590308$ & $-0.0169783$ & $0.00628813$ & $-0.00845852$ & $0.00673313$ & $-0.00207382$ & $-0.00546051$ & $0.000517371$ \\
CHL3_33 & $0.0126481$ & $0.0180481$ & $-0.011146$ & $0.0140597$ & $0.00262056$ & $-0.0460084$ & $0.104074$ & $-0.431527$ & $-0.430468$ & $0.479665$ & $0.0636675$ & $-0.152607$ & $-0.375251$ & $0.59926$ & $-0.026097$ & $-0.444765$ & $0.736473$ & $0.674947$ & $1$ & $-0.0663731$ & $-0.0580913$ & $-0.0568714$ & $-0.000315075$ & $0.622901$ & $0.79459$ & $0.0361756$ & $-0.000149444$ & $-0.0171132$ & $-0.0178435$ & $-0.111339$ & $-0.065567$ & $0.0792431$ & $-0.12119$ & $-0.346524$ & $-0.0217136$ & $-0.00838199$ & $-0.00195532$ & $0.00604991$ & $-0.0107232$ & $-0.00955521$ & $0.00384549$ & $0.00125599$ & $-0.0137978$ & $0.00445249$ & $-0.00106025$ & $0.00552395$ & $-0.0138893$ & $-0.0101531$ & $0.00932925$ \\
CHe_11 & $0.000554064$ & $-0.0178426$ & $-0.0101819$ & $-0.00602249$ & $-0.0105673$ & $-0.174607$ & $-0.053284$ & $0.850761$ & $0.835728$ & $-0.346076$ & $-0.990474$ & $-0.21318$ & $0.160178$ & $0.533679$ & $0.493151$ & $0.47697$ & $0.240383$ & $-0.072645$ & $-0.0663731$ & $1$ & $0.972883$ & $0.952187$ & $-0.008267$ & $-0.253718$ & $-0.0148701$ & $-0.557399$ & $0.212157$ & $0.318923$ & $0.0116134$ & $0.0612608$ & $0.0329448$ & $-0.0578988$ & $0.0706878$ & $0.280759$ & $-0.0137733$ & $-0.00264984$ & $-0.00468123$ & $-0.00178343$ & $0.0167904$ & $-0.00122056$ & $-0.0227369$ & $-0.00156548$ & $0.00691336$ & $-2.60977e-05$ & $-0.00338275$ & $-0.0120242$ & $0.00142946$ & $-0.00419071$ & $0.0053317$ \\
CHe_22 & $-0.00136939$ & $-0.0153502$ & $-0.0063312$ & $-0.00342839$ & $-0.0100017$ & $-0.182196$ & $-0.0563302$ & $0.896124$ & $0.879895$ & $-0.376161$ & $-0.991237$ & $-0.236691$ & $0.174599$ & $0.477169$ & $0.345816$ & $0.333682$ & $0.186777$ & $-0.0641375$ & $-0.0580913$ & $0.972883$ & $1$ & $0.975106$ & $0.0465991$ & $-0.360941$ & $-0.0250279$ & $-0.570728$ & $0.366928$ & $0.328842$ & $0.0107697$ & $0.0634557$ & $0.0332089$ & $-0.0621051$ & $0.0747401$ & $0.44482$ & $-0.0144663$ & $-0.00618582$ & $-0.00294697$ & $-0.00387133$ & $0.0173242$ & $-0.00276049$ & $-0.0216971$ & $-0.0021614$ & $0.00351062$ & $0.000986469$ & $-0.00400039$ & $-0.0122978$ & $-0.00133134$ & $-0.00685286$ & $0.00777823$ \\
CHe_33 & $0.000550803$ & $-0.0167376$ & $-0.00690523$ & $-0.00238447$ & $-0.0104836$ & $-0.1802$ & $-0.0556656$ & $0.879136$ & $0.863498$ & $-0.36977$ & $-0.969858$ & $-0.228513$ & $0.173855$ & $0.461404$ & $0.334397$ & $0.350628$ & $0.178814$ & $-0.0622149$ & $-0.0568714$ & $0.952187$ & $0.975106$ & $1$ & $0.0471762$ & $-0.355967$ & $-0.0256531$ & $-0.55805$ & $0.363016$ & $0.322926$ & $0.0127314$ & $0.0618379$ & $0.0332632$ & $-0.0609464$ & $0.0725021$ & $0.443109$ & $-0.0134502$ & $-0.00362947$ & $-0.00151685$ & $-0.00224786$ & $0.0188633$ & $-0.00268613$ & $-0.0243223$ & $-0.000646083$ & $0.00579351$ & $-0.00041787$ & $-0.00270584$ & $-0.0102084$ & $0.000950339$ & $-0.00607804$ & $0.00656056$ \\
CHQ1_11 & $-2.029e-05$ & $0.00596752$ & $0.0143247$ & $-0.0118769$ & $6.87535e-05$ & $-0.0141143$ & $0.00103945$ & $0.0761435$ & $0.0746603$ & $-0.066927$ & $-0.0172392$ & $-0.0254212$ & $0.0340707$ & $-0.0808315$ & $-0.177169$ & $-0.167735$ & $-0.0796441$ & $0.00218528$ & $-0.000315075$ & $-0.008267$ & $0.0465991$ & $0.0471762$ & $1$ & $-0.14679$ & $0.072611$ & $-0.679104$ & $0.352478$ & $0.0229622$ & $0.00532416$ & $0.0118656$ & $-0.00273993$ & $0.000619204$ & $0.00897646$ & $0.213615$ & $0.00494846$ & $-0.00123708$ & $0.0022638$ & $0.0145046$ & $-0.00500783$ & $-0.00792007$ & $-0.00606717$ & $0.00804871$ & $0.00201497$ & $0.000534816$ & $0.0139593$ & $0.012947$ & $0.000783588$ & $-0.0147867$ & $0.0108394$ \\
CHQ1_33 & $-0.0329857$ & $0.012774$ & $-0.00140637$ & $0.00106751$ & $0.00468245$ & $0.0109744$ & $0.108671$ & $-0.671798$ & $-0.663469$ & $0.552469$ & $0.306607$ & $-0.0230394$ & $-0.385201$ & $0.469579$ & $0.104157$ & $0.0925058$ & $0.677908$ & $0.623089$ & $0.622901$ & $-0.253718$ & $-0.360941$ & $-0.355967$ & $-0.14679$ & $1$ & $0.63999$ & $0.20942$ & $-0.416748$ & $-0.0230369$ & $-0.0125441$ & $-0.112534$ & $-0.0625084$ & $0.0914288$ & $-0.124772$ & $-0.630502$ & $-0.00236509$ & $-0.0031098$ & $-8.15853e-06$ & $0.0123581$ & $-0.000353865$ & $-0.00263645$ & $0.0143458$ & $-0.000317603$ & $0.00416636$ & $7.09917e-05$ & $-0.00176719$ & $-0.00486051$ & $-0.002636$ & $0.00296307$ & $0.0089511$ \\
CHQ3_11 & $-0.0681103$ & $0.0157829$ & $0.00258992$ & $0.00431501$ & $-2.75141e-06$ & $-0.0830476$ & $0.0973661$ & $-0.40043$ & $-0.398299$ & $0.465956$ & $0.0206381$ & $-0.151196$ & $-0.364005$ & $0.597061$ & $-0.133419$ & $-0.140394$ & $0.775967$ & $0.794634$ & $0.79459$ & $-0.0148701$ & $-0.0250279$ & $-0.0256531$ & $0.072611$ & $0.63999$ & $1$ & $0.0219478$ & $0.216412$ & $-0.00613274$ & $-0.0220468$ & $-0.11063$ & $-0.0621335$ & $0.0735648$ & $-0.114316$ & $-0.199922$ & $0.00060983$ & $-0.0162736$ & $0.0101622$ & $0.00823306$ & $0.0145249$ & $-0.0088792$ & $0.0138435$ & $-0.000775854$ & $-0.0014999$ & $0.010204$ & $-0.000561052$ & $-0.00085467$ & $-0.00595542$ & $-0.00469767$ & $0.0233637$ \\
CHu_11 & $-0.0304712$ & $0.0017739$ & $0.00317193$ & $0.0106418$ & $0.00213045$ & $0.102777$ & $0.027476$ & $-0.513894$ & $-0.503495$ & $0.22228$ & $0.567609$ & $0.140142$ & $-0.0987091$ & $-0.27242$ & $-0.19985$ & $-0.194299$ & $-0.104158$ & $0.0388181$ & $0.0361756$ & $-0.557399$ & $-0.570728$ & $-0.55805$ & $-0.679104$ & $0.20942$ & $0.0219478$ & $1$ & $-0.177467$ & $-0.19037$ & $-0.0127109$ & $-0.0390098$ & $-0.0116883$ & $0.0306593$ & $-0.0377954$ & $-0.254529$ & $0.011978$ & $-0.00228385$ & $0.00669063$ & $-0.00939168$ & $0.000997426$ & $0.000307276$ & $0.0312676$ & $-0.00604742$ & $-0.00169459$ & $0.00446015$ & $-0.00544578$ & $-0.00194907$ & $0.00354517$ & $0.0139708$ & $0.000652156$ \\
CHd_11 & $-0.0240151$ & $-0.00502489$ & $0.0158922$ & $0.00237368$ & $-0.0107142$ & $-0.0857669$ & $-0.0345307$ & $0.41673$ & $0.410387$ & $-0.239363$ & $-0.286557$ & $-0.109938$ & $0.1308$ & $-0.0957493$ & $-0.393556$ & $-0.381163$ & $-0.155406$ & $2.24961e-05$ & $-0.000149444$ & $0.212157$ & $0.366928$ & $0.363016$ & $0.352478$ & $-0.416748$ & $0.216412$ & $-0.177467$ & $1$ & $0.117944$ & $-0.00240417$ & $0.0333712$ & $0.0138883$ & $-0.0375224$ & $0.0456478$ & $0.679446$ & $0.00352304$ & $-0.0145359$ & $0.00904142$ & $-0.00498132$ & $0.0206112$ & $-0.00803348$ & $-0.00364433$ & $0.000564601$ & $-0.00600684$ & $0.00740925$ & $-0.000282191$ & $-0.00235923$ & $-0.00613079$ & $-0.00824917$ & $0.0183496$ \\
CHd_33 & $-0.00420342$ & $-0.0105957$ & $0.00342737$ & $0.00342751$ & $0.0037363$ & $-0.073056$ & $-0.0175774$ & $0.296945$ & $0.292414$ & $-0.124587$ & $-0.326483$ & $-0.0748015$ & $0.0563761$ & $0.15453$ & $0.109782$ & $0.102477$ & $0.0593089$ & $-0.0216181$ & $-0.0171132$ & $0.318923$ & $0.328842$ & $0.322926$ & $0.0229622$ & $-0.0230369$ & $-0.00613274$ & $-0.19037$ & $0.117944$ & $1$ & $0.00952695$ & $0.0262769$ & $0.0156242$ & $-0.0199822$ & $0.032881$ & $0.151792$ & $-0.011008$ & $-0.00831511$ & $-0.0124151$ & $-0.00937985$ & $0.00495184$ & $0.000367392$ & $-0.00771708$ & $-0.00794968$ & $0.00071643$ & $-0.0130518$ & $-0.00194151$ & $-0.0158041$ & $-0.00277135$ & $0.00643022$ & $0.0097099$ \\
CeH_22r & $0.0219492$ & $0.00309456$ & $-0.00271688$ & $-0.0063266$ & $0.00437395$ & $0.00075203$ & $0.00559495$ & $0.0168335$ & $0.0226023$ & $-0.0145892$ & $-0.0109469$ & $0.0367987$ & $0.0465038$ & $-0.00531579$ & $0.00539475$ & $0.0109933$ & $-0.0137546$ & $-0.0145304$ & $-0.0178435$ & $0.0116134$ & $0.0107697$ & $0.0127314$ & $0.00532416$ & $-0.0125441$ & $-0.0220468$ & $-0.0127109$ & $-0.00240417$ & $0.00952695$ & $1$ & $0.0419743$ & $0.0170979$ & $-0.0117652$ & $0.0429393$ & $0.00824027$ & $-0.0285612$ & $-0.0103545$ & $-0.0146669$ & $-0.00404971$ & $-0.00871327$ & $0.00903021$ & $-0.0141257$ & $-0.00495669$ & $-0.0223818$ & $0.018776$ & $-0.00718954$ & $-0.000731695$ & $-0.010117$ & $-0.0153516$ & $-0.00047828$ \\
CeH_33r & $0.0232491$ & $-0.00199256$ & $0.0297269$ & $0.013216$ & $0.00866082$ & $-0.00490034$ & $-0.125126$ & $0.109495$ & $0.131642$ & $-0.134686$ & $-0.0617063$ & $0.272732$ & $0.264578$ & $-0.0598722$ & $0.0379125$ & $0.0332549$ & $-0.097999$ & $-0.115331$ & $-0.111339$ & $0.0612608$ & $0.0634557$ & $0.0618379$ & $0.0118656$ & $-0.112534$ & $-0.11063$ & $-0.0390098$ & $0.0333712$ & $0.0262769$ & $0.0419743$ & $1$ & $0.303671$ & $0.020814$ & $0.681711$ & $0.0550488$ & $-0.108185$ & $-0.0461777$ & $-0.156535$ & $-0.0287327$ & $-0.0560706$ & $0.00136857$ & $0.0208181$ & $-0.00938028$ & $-0.0168799$ & $0.0153137$ & $0.0453182$ & $-0.0453205$ & $0.00788769$ & $-0.0516334$ & $0.0127033$ \\
CuH_22r & $-0.0087936$ & $-0.00182839$ & $0.0160277$ & $-0.0684495$ & $-0.013032$ & $-0.00606569$ & $-0.0701888$ & $0.0591289$ & $0.0734071$ & $-0.0695517$ & $-0.0326038$ & $0.0778949$ & $0.118381$ & $-0.0365638$ & $0.0187678$ & $0.0237107$ & $-0.0534412$ & $-0.0619586$ & $-0.065567$ & $0.0329448$ & $0.0332089$ & $0.0332632$ & $-0.00273993$ & $-0.0625084$ & $-0.0621335$ & $-0.0116883$ & $0.0138883$ & $0.0156242$ & $0.0170979$ & $0.303671$ & $1$ & $0.0157445$ & $0.383132$ & $0.0323647$ & $-0.0455308$ & $0.0120555$ & $-0.0732326$ & $-0.00529759$ & $-0.0381898$ & $6.02539e-05$ & $0.0217427$ & $-0.00777635$ & $0.0456753$ & $0.0382724$ & $0.0179483$ & $0.0336979$ & $0.295247$ & $-0.0512754$ & $0.08241$ \\
CuH_33r & $0.00895177$ & $0.00623984$ & $0.00613342$ & $0.00500458$ & $-0.00203443$ & $0.00902011$ & $0.932934$ & $-0.0939541$ & $-0.0515165$ & $0.07998$ & $0.0597797$ & $-0.0241613$ & $-0.251019$ & $0.0374644$ & $-0.026665$ & $-0.0258529$ & $0.0666282$ & $0.0814166$ & $0.0792431$ & $-0.0578988$ & $-0.0621051$ & $-0.0609464$ & $0.000619204$ & $0.0914288$ & $0.0735648$ & $0.0306593$ & $-0.0375224$ & $-0.0199822$ & $-0.0117652$ & $0.020814$ & $0.0157445$ & $1$ & $0.0267924$ & $-0.0544567$ & $0.0344445$ & $0.040099$ & $-0.0213582$ & $0.00272378$ & $0.0425093$ & $-0.0101007$ & $-0.00805304$ & $0.00234121$ & $0.0160668$ & $0.0472782$ & $-0.00407502$ & $-0.00803004$ & $-0.00746168$ & $-0.0033635$ & $0.00992597$ \\
CdH_33r & $-0.0390388$ & $-0.00367788$ & $0.0917273$ & $-0.042783$ & $0.00191333$ & $-0.00946333$ & $-0.160968$ & $0.124966$ & $0.146665$ & $-0.154829$ & $-0.0711343$ & $0.318679$ & $0.324248$ & $-0.0672285$ & $0.03954$ & $0.0326605$ & $-0.106127$ & $-0.126648$ & $-0.12119$ & $0.0706878$ & $0.0747401$ & $0.0725021$ & $0.00897646$ & $-0.124772$ & $-0.114316$ & $-0.0377954$ & $0.0456478$ & $0.032881$ & $0.0429393$ & $0.681711$ & $0.383132$ & $0.0267924$ & $1$ & $0.0673055$ & $-0.0396159$ & $-0.0770661$ & $-0.150002$ & $-0.0305909$ & $-0.147408$ & $0.020027$ & $0.112722$ & $-0.00623188$ & $-0.0193415$ & $0.0475586$ & $0.0405753$ & $-0.0908341$ & $0.079264$ & $0.0689272$ & $0.371571$ \\
CLL_1221 & $-0.00644214$ & $0.0165618$ & $0.0147304$ & $0.000368724$ & $-0.0127786$ & $-0.122111$ & $-0.056167$ & $0.558258$ & $0.548709$ & $-0.354229$ & $-0.3592$ & $-0.101673$ & $0.209342$ & $-0.218682$ & $-0.591696$ & $-0.0928348$ & $-0.255428$ & $0.0314761$ & $-0.346524$ & $0.280759$ & $0.44482$ & $0.443109$ & $0.213615$ & $-0.630502$ & $-0.199922$ & $-0.254529$ & $0.679446$ & $0.151792$ & $0.00824027$ & $0.0550488$ & $0.0323647$ & $-0.0544567$ & $0.0673055$ & $1$ & $0.00432109$ & $-0.00778972$ & $0.012424$ & $-0.0100766$ & $0.0107463$ & $-0.00369452$ & $-0.00960903$ & $-0.00257399$ & $-0.00857875$ & $0.00718198$ & $-0.00721831$ & $0.00204394$ & $0.0048558$ & $-0.0129259$ & $0.00523909$ \\
eHggint & $-0.234458$ & $-0.0813101$ & $-0.0766187$ & $-0.157403$ & $0.00104841$ & $0.00498517$ & $-0.0315729$ & $-0.000595303$ & $-0.0136431$ & $0.0360566$ & $0.0139075$ & $0.0786597$ & $0.00716479$ & $-0.0215239$ & $-0.0120549$ & $-0.000308529$ & $-0.0256209$ & $-0.0124412$ & $-0.0217136$ & $-0.0137733$ & $-0.0144663$ & $-0.0134502$ & $0.00494846$ & $-0.00236509$ & $0.00060983$ & $0.011978$ & $0.00352304$ & $-0.011008$ & $-0.0285612$ & $-0.108185$ & $-0.0455308$ & $0.0344445$ & $-0.0396159$ & $0.00432109$ & $1$ & $0.142738$ & $0.419491$ & $0.0326266$ & $0.192997$ & $-0.000133133$ & $-0.0434039$ & $0.0138695$ & $0.167642$ & $0.0724199$ & $0.113723$ & $0.127773$ & $-0.00990597$ & $0.253844$ & $0.12594$ \\
eHggpar & $0.0527698$ & $-0.0724117$ & $0.0194676$ & $0.112915$ & $0.00179062$ & $-0.00437549$ & $-0.00899846$ & $0.000197072$ & $-0.00373056$ & $0.0224096$ & $0.00292865$ & $0.0533244$ & $0.010301$ & $-0.0114368$ & $0.00843039$ & $0.00828981$ & $-0.00283309$ & $-0.00986582$ & $-0.00838199$ & $-0.00264984$ & $-0.00618582$ & $-0.00362947$ & $-0.00123708$ & $-0.0031098$ & $-0.0162736$ & $-0.00228385$ & $-0.0145359$ & $-0.00831511$ & $-0.0103545$ & $-0.0461777$ & $0.0120555$ & $0.040099$ & $-0.0770661$ & $-0.00778972$ & $0.142738$ & $1$ & $0.12704$ & $0.0440907$ & $0.270585$ & $-0.121514$ & $0.0869274$ & $-0.00341758$ & $0.196164$ & $0.0198153$ & $0.256353$ & $0.127643$ & $0.0869152$ & $0.151917$ & $-0.0980436$ \\
eHWWint & $-0.129412$ & $0.011762$ & $-0.166247$ & $-0.0736359$ & $-0.00627827$ & $0.00669856$ & $-0.0276113$ & $-0.00184785$ & $-0.0178592$ & $0.0210464$ & $0.00385672$ & $0.0361777$ & $0.00726332$ & $0.000757727$ & $-0.0185246$ & $-0.00396747$ & $-0.00850836$ & $0.00905303$ & $-0.00195532$ & $-0.00468123$ & $-0.00294697$ & $-0.00151685$ & $0.0022638$ & $-8.15853e-06$ & $0.0101622$ & $0.00669063$ & $0.00904142$ & $-0.0124151$ & $-0.0146669$ & $-0.156535$ & $-0.0732326$ & $-0.0213582$ & $-0.150002$ & $0.012424$ & $0.419491$ & $0.12704$ & $1$ & $0.0425395$ & $0.279526$ & $-0.030222$ & $-0.116905$ & $0.0207821$ & $0.0182188$ & $-0.071557$ & $0.0588181$ & $0.228674$ & $-0.00780348$ & $0.26612$ & $-0.0254188$ \\
eHWWpar & $-0.0140797$ & $-0.0334682$ & $-0.0112721$ & $-0.0247545$ & $0.00713695$ & $-0.00332602$ & $0.00201219$ & $-0.00667168$ & $-0.00725068$ & $0.0102615$ & $0.00257469$ & $0.011132$ & $0.00581704$ & $0.00636391$ & $0.00263107$ & $0.00434303$ & $0.00641623$ & $0.00688389$ & $0.00604991$ & $-0.00178343$ & $-0.00387133$ & $-0.00224786$ & $0.0145046$ & $0.0123581$ & $0.00823306$ & $-0.00939168$ & $-0.00498132$ & $-0.00937985$ & $-0.00404971$ & $-0.0287327$ & $-0.00529759$ & $0.00272378$ & $-0.0305909$ & $-0.0100766$ & $0.0326266$ & $0.0440907$ & $0.0425395$ & $1$ & $0.0532195$ & $-0.0188153$ & $-0.0205781$ & $-0.00119729$ & $0.0099496$ & $-0.00321739$ & $0.0167357$ & $0.0324676$ & $0.0302342$ & $0.00498409$ & $-0.0148324$ \\
eHZZint & $-0.241753$ & $-0.312418$ & $-0.0868562$ & $0.083669$ & $0.00509037$ & $-0.00158385$ & $0.0167007$ & $0.0293694$ & $0.0275844$ & $0.0036956$ & $-0.0214361$ & $0.0212651$ & $0.0146158$ & $0.00482666$ & $-0.00333897$ & $0.00596369$ & $-0.0119975$ & $-0.00371232$ & $-0.0107232$ & $0.0167904$ & $0.0173242$ & $0.0188633$ & $-0.00500783$ & $-0.000353865$ & $0.0145249$ & $0.000997426$ & $0.0206112$ & $0.00495184$ & $-0.00871327$ & $-0.0560706$ & $-0.0381898$ & $0.0425093$ & $-0.147408$ & $0.0107463$ & $0.192997$ & $0.270585$ & $0.279526$ & $0.0532195$ & $1$ & $-0.0392682$ & $-0.0635975$ & $-0.0219117$ & $0.149521$ & $0.107386$ & $0.0446483$ & $0.128245$ & $-0.0627254$ & $0.0126226$ & $-0.214727$ \\
eHZZpar & $0.00164557$ & $0.0529356$ & $0.0290394$ & $-0.0173771$ & $-0.00727723$ & $-0.0132194$ & $-0.00753863$ & $-0.000730533$ & $-0.00173719$ & $-0.00845148$ & $0.0030538$ & $-0.0115714$ & $0.000101725$ & $-0.0102316$ & $0.00771829$ & $0.00498899$ & $-0.00359298$ & $-0.0111455$ & $-0.00955521$ & $-0.00122056$ & $-0.00276049$ & $-0.00268613$ & $-0.00792007$ & $-0.00263645$ & $-0.0088792$ & $0.000307276$ & $-0.00803348$ & $0.000367392$ & $0.00903021$ & $0.00136857$ & $6.02539e-05$ & $-0.0101007$ & $0.020027$ & $-0.00369452$ & $-0.000133133$ & $-0.121514$ & $-0.030222$ & $-0.0188153$ & $-0.0392682$ & $1$ & $0.0459297$ & $-0.00238299$ & $-0.035137$ & $0.0285176$ & $-0.0336489$ & $0.00520407$ & $0.000193119$ & $-0.0618107$ & $0.0657039$ \\
eHZgaint & $-0.25075$ & $-0.182506$ & $0.309176$ & $0.144302$ & $0.0191958$ & $-0.00667382$ & $-0.011761$ & $-0.013224$ & $-0.0095737$ & $-0.0258343$ & $0.0234037$ & $-0.0265564$ & $-0.00953803$ & $-0.0143127$ & $-0.0100268$ & $-0.0189301$ & $-0.00742071$ & $-0.00151182$ & $0.00384549$ & $-0.0227369$ & $-0.0216971$ & $-0.0243223$ & $-0.00606717$ & $0.0143458$ & $0.0138435$ & $0.0312676$ & $-0.00364433$ & $-0.00771708$ & $-0.0141257$ & $0.0208181$ & $0.0217427$ & $-0.00805304$ & $0.112722$ & $-0.00960903$ & $-0.0434039$ & $0.0869274$ & $-0.116905$ & $-0.0205781$ & $-0.0635975$ & $0.0459297$ & $1$ & $-0.0135471$ & $0.0719948$ & $0.126903$ & $0.150638$ & $-0.0564591$ & $0.0637616$ & $0.0655962$ & $0.234524$ \\
eHZgapar & $0.0226642$ & $-0.0414189$ & $-0.000974261$ & $-0.00120515$ & $-0.00750291$ & $0.0092811$ & $0.00132261$ & $-0.000336621$ & $-0.00055486$ & $0.00474182$ & $0.000817194$ & $0.00641711$ & $0.000745203$ & $0.0018911$ & $-0.000858538$ & $-0.00223802$ & $-0.00279305$ & $0.000590308$ & $0.00125599$ & $-0.00156548$ & $-0.0021614$ & $-0.000646083$ & $0.00804871$ & $-0.000317603$ & $-0.000775854$ & $-0.00604742$ & $0.000564601$ & $-0.00794968$ & $-0.00495669$ & $-0.00938028$ & $-0.00777635$ & $0.00234121$ & $-0.00623188$ & $-0.00257399$ & $0.0138695$ & $-0.00341758$ & $0.0207821$ & $-0.00119729$ & $-0.0219117$ & $-0.00238299$ & $-0.0135471$ & $1$ & $0.0107553$ & $-0.0136227$ & $-0.0204909$ & $0.0320623$ & $-0.0135611$ & $0.0340794$ & $-0.0212968$ \\
eHgagaint & $-0.184734$ & $-0.146049$ & $-0.15812$ & $-0.260607$ & $0.00351832$ & $-0.0105877$ & $-0.00183955$ & $0.0126618$ & $0.0587848$ & $-0.0100383$ & $-0.00745053$ & $-0.00377628$ & $0.00433515$ & $-0.00906244$ & $0.0152797$ & $0.0118712$ & $-0.00779903$ & $-0.0169783$ & $-0.0137978$ & $0.00691336$ & $0.00351062$ & $0.00579351$ & $0.00201497$ & $0.00416636$ & $-0.0014999$ & $-0.00169459$ & $-0.00600684$ & $0.00071643$ & $-0.0223818$ & $-0.0168799$ & $0.0456753$ & $0.0160668$ & $-0.0193415$ & $-0.00857875$ & $0.167642$ & $0.196164$ & $0.0182188$ & $0.0099496$ & $0.149521$ & $-0.035137$ & $0.0719948$ & $0.0107553$ & $1$ & $-0.0349649$ & $0.237379$ & $0.125361$ & $0.207296$ & $0.00697032$ & $0.02481$ \\
eHmumuint & $-0.0300606$ & $0.150911$ & $-0.0208603$ & $-0.209571$ & $0.00766287$ & $0.00129584$ & $0.0331864$ & $-0.00556978$ & $-0.0067306$ & $0.0114363$ & $0.00237689$ & $0.0181503$ & $-0.00243607$ & $0.000650887$ & $-0.00458768$ & $-0.00391949$ & $0.00612202$ & $0.00628813$ & $0.00445249$ & $-2.60977e-05$ & $0.000986469$ & $-0.00041787$ & $0.000534816$ & $7.09917e-05$ & $0.010204$ & $0.00446015$ & $0.00740925$ & $-0.0130518$ & $0.018776$ & $0.0153137$ & $0.0382724$ & $0.0472782$ & $0.0475586$ & $0.00718198$ & $0.0724199$ & $0.0198153$ & $-0.071557$ & $-0.00321739$ & $0.107386$ & $0.0285176$ & $0.126903$ & $-0.0136227$ & $-0.0349649$ & $1$ & $0.0986783$ & $0.0863044$ & $0.080756$ & $-0.303975$ & $0.222346$ \\
eHtautauint & $-0.0262651$ & $-0.116711$ & $0.0632571$ & $-0.0235763$ & $0.0115115$ & $-0.021237$ & $-0.0205511$ & $0.00161008$ & $0.00899875$ & $0.00767582$ & $0.0022675$ & $0.0193082$ & $0.00374197$ & $-0.0097325$ & $0.00660557$ & $-0.00269256$ & $-0.000734044$ & $-0.00845852$ & $-0.00106025$ & $-0.00338275$ & $-0.00400039$ & $-0.00270584$ & $0.0139593$ & $-0.00176719$ & $-0.000561052$ & $-0.00544578$ & $-0.000282191$ & $-0.00194151$ & $-0.00718954$ & $0.0453182$ & $0.0179483$ & $-0.00407502$ & $0.0405753$ & $-0.00721831$ & $0.113723$ & $0.256353$ & $0.0588181$ & $0.0167357$ & $0.0446483$ & $-0.0336489$ & $0.150638$ & $-0.0204909$ & $0.237379$ & $0.0986783$ & $1$ & $0.0255586$ & $0.0864527$ & $0.0331483$ & $0.138267$ \\
eHccint & $0.0344851$ & $0.140507$ & $-0.0659476$ & $-0.0272097$ & $-0.000908924$ & $0.00489013$ & $-0.0140007$ & $-0.0155476$ & $-0.0142653$ & $0.00818459$ & $0.0148336$ & $0.0158994$ & $0.00873834$ & $-0.00359008$ & $-0.0129749$ & $-0.0104416$ & $-0.00598203$ & $0.00673313$ & $0.00552395$ & $-0.0120242$ & $-0.0122978$ & $-0.0102084$ & $0.012947$ & $-0.00486051$ & $-0.00085467$ & $-0.00194907$ & $-0.00235923$ & $-0.0158041$ & $-0.000731695$ & $-0.0453205$ & $0.0336979$ & $-0.00803004$ & $-0.0908341$ & $0.00204394$ & $0.127773$ & $0.127643$ & $0.228674$ & $0.0324676$ & $0.128245$ & $0.00520407$ & $-0.0564591$ & $0.0320623$ & $0.125361$ & $0.0863044$ & $0.0255586$ & $1$ & $0.0189647$ & $-0.25133$ & $-0.015558$ \\
eHccpar & $-0.0584732$ & $-0.0558673$ & $-0.00526152$ & $-0.267868$ & $-0.00398616$ & $-0.0243748$ & $-0.00927149$ & $0.00366104$ & $0.0125146$ & $0.00150698$ & $-0.000366879$ & $0.00591059$ & $0.0106968$ & $-0.0110572$ & $-0.00218007$ & $0.0138295$ & $-0.0029561$ & $-0.00207382$ & $-0.0138893$ & $0.00142946$ & $-0.00133134$ & $0.000950339$ & $0.000783588$ & $-0.002636$ & $-0.00595542$ & $0.00354517$ & $-0.00613079$ & $-0.00277135$ & $-0.010117$ & $0.00788769$ & $0.295247$ & $-0.00746168$ & $0.079264$ & $0.0048558$ & $-0.00990597$ & $0.0869152$ & $-0.00780348$ & $0.0302342$ & $-0.0627254$ & $0.000193119$ & $0.0637616$ & $-0.0135611$ & $0.207296$ & $0.080756$ & $0.0864527$ & $0.0189647$ & $1$ & $-0.0457606$ & $0.240545$ \\
eHbbint & $-0.0256436$ & $-0.361308$ & $-0.00668743$ & $0.199254$ & $-0.0103824$ & $0.000724886$ & $-0.0196693$ & $0.00753339$ & $-0.00144741$ & $0.00335223$ & $-0.00123067$ & $0.0116272$ & $0.0031963$ & $-0.00276905$ & $0.00330889$ & $0.00851001$ & $-0.00796214$ & $-0.00546051$ & $-0.0101531$ & $-0.00419071$ & $-0.00685286$ & $-0.00607804$ & $-0.0147867$ & $0.00296307$ & $-0.00469767$ & $0.0139708$ & $-0.00824917$ & $0.00643022$ & $-0.0153516$ & $-0.0516334$ & $-0.0512754$ & $-0.0033635$ & $0.0689272$ & $-0.0129259$ & $0.253844$ & $0.151917$ & $0.26612$ & $0.00498409$ & $0.0126226$ & $-0.0618107$ & $0.0655962$ & $0.0340794$ & $0.00697032$ & $-0.303975$ & $0.0331483$ & $-0.25133$ & $-0.0457606$ & $1$ & $-0.0551942$ \\
eHbbpar & $-0.159687$ & $0.111378$ & $0.159431$ & $-0.235033$ & $-0.00128801$ & $-0.00988193$ & $0.000495984$ & $0.00160492$ & $0.00182268$ & $-0.00298739$ & $-0.00299613$ & $-0.00946648$ & $-0.0142525$ & $0.00356001$ & $0.00407896$ & $-0.00852382$ & $0.00896793$ & $0.000517371$ & $0.00932925$ & $0.0053317$ & $0.00777823$ & $0.00656056$ & $0.0108394$ & $0.0089511$ & $0.0233637$ & $0.000652156$ & $0.0183496$ & $0.0097099$ & $-0.00047828$ & $0.0127033$ & $0.08241$ & $0.00992597$ & $0.371571$ & $0.00523909$ & $0.12594$ & $-0.0980436$ & $-0.0254188$ & $-0.0148324$ & $-0.214727$ & $0.0657039$ & $0.234524$ & $-0.0212968$ & $0.02481$ & $0.222346$ & $0.138267$ & $-0.015558$ & $0.240545$ & $-0.0551942$ & $1$ \\
