 & AlsMz & dAle5Mz & mtop & mHl & Mz & CW & CHG & CHWB & CHWHB_gaga & CHWHB_gagaorth & CHD & CHbox & CH & CHL1_11 & CHL1_22 & CHL1_33 & CHL3_11 & CHL3_22 & CHL3_33 & CHe_11 & CHe_22 & CHe_33 & CHQ1_11 & CHQ1_33 & CHQ3_11 & CHu_11 & CHd_11 & CHd_33 & CeH_22r & CeH_33r & CuH_22r & CuH_33r & CdH_33r & CLL_1221 & eHggint & eHggpar & eHWWint & eHWWpar & eHZZint & eHZZpar & eHZgaint & eHZgapar & eHgagaint & eHmumuint & eHtautauint & eHccint & eHccpar & eHbbint & eHbbpar \\
AlsMz & $1$ & $-0.109064$ & $-0.00588723$ & $-0.153553$ & $-0.0127349$ & $-0.00752915$ & $0.0356251$ & $0.0196417$ & $0.027032$ & $0.00376903$ & $-0.0393524$ & $-0.00151785$ & $0.00722572$ & $0.0349993$ & $0.00135583$ & $0.00855323$ & $0.0276318$ & $0.026238$ & $0.0219842$ & $0.0281674$ & $0.0293775$ & $0.0282045$ & $-0.0146635$ & $-0.0422083$ & $-0.0664426$ & $-0.0341135$ & $0.00114061$ & $0.0409362$ & $0.0109679$ & $0.0266232$ & $0.0353408$ & $0.0256812$ & $0.0422039$ & $0.00699772$ & $-0.0960781$ & $-0.037591$ & $0.0111588$ & $0.0437853$ & $0.0708842$ & $-0.0031302$ & $-0.0916607$ & $0.00857034$ & $0.0822772$ & $-0.0557717$ & $0.121599$ & $0.173886$ & $0.0446812$ & $0.0258684$ & $0.0525642$ \\
dAle5Mz & $-0.109064$ & $1$ & $-0.00967876$ & $0.0347737$ & $0.00712038$ & $0.0160451$ & $0.041263$ & $-0.0914998$ & $-0.0875995$ & $0.0206921$ & $0.0811368$ & $-0.0029563$ & $-0.0200402$ & $-0.0356022$ & $-0.0315623$ & $-0.0234858$ & $0.00483984$ & $0.0146342$ & $0.00625915$ & $-0.0581593$ & $-0.0563738$ & $-0.0559198$ & $0.00547108$ & $0.0229846$ & $0.0233218$ & $0.0344337$ & $-0.0104159$ & $-0.0258293$ & $-0.00757617$ & $-0.0182653$ & $-0.0100739$ & $0.0559857$ & $0.0352688$ & $0.0114975$ & $0.0699683$ & $0.0553796$ & $0.0489461$ & $-0.0442093$ & $0.0628305$ & $-0.0387398$ & $0.0668542$ & $0.0124513$ & $-0.027663$ & $0.00284335$ & $-0.0325264$ & $-0.0491945$ & $-0.0439509$ & $0.0599118$ & $0.0877818$ \\
mtop & $-0.00588723$ & $-0.00967876$ & $1$ & $-0.0820603$ & $0.0298786$ & $0.0344428$ & $-0.00335475$ & $-0.000808162$ & $-0.00786028$ & $0.0254786$ & $0.0101809$ & $0.000629206$ & $-0.00610878$ & $0.00230892$ & $-0.00864037$ & $0.0104364$ & $-0.00870538$ & $0.0041697$ & $-0.0127592$ & $-0.00103251$ & $-0.00246096$ & $-0.00322386$ & $0.0325549$ & $0.00831915$ & $-0.00414523$ & $-0.0158341$ & $-0.000852645$ & $0.0113797$ & $-0.00370606$ & $-0.022014$ & $-0.0217248$ & $0.00823409$ & $-0.0872853$ & $0.00410764$ & $0.00913132$ & $0.098417$ & $-0.0474356$ & $-0.0162034$ & $-0.0262431$ & $-0.0234917$ & $-0.113437$ & $-0.0497975$ & $-0.120582$ & $0.0619475$ & $-0.0674155$ & $-0.0286673$ & $-0.0436475$ & $-0.115131$ & $-0.103437$ \\
mHl & $-0.153553$ & $0.0347737$ & $-0.0820603$ & $1$ & $-0.00773063$ & $0.00155932$ & $-0.0411277$ & $-0.0142013$ & $-0.0337164$ & $0.0373361$ & $0.00907035$ & $0.00524898$ & $-0.0131349$ & $0.00738161$ & $0.010923$ & $0.00284364$ & $0.00843274$ & $0.00305864$ & $0.0104824$ & $-0.00605218$ & $-0.00934713$ & $-0.0084306$ & $0.00925469$ & $0.0191469$ & $0.00750208$ & $-0.00570171$ & $-0.0291328$ & $-0.00446501$ & $-0.00144214$ & $-0.0521598$ & $-0.0705729$ & $-0.0342917$ & $-0.0725666$ & $-0.0178068$ & $0.190475$ & $0.0965561$ & $0.0623052$ & $-0.0228415$ & $-0.146952$ & $-0.0186928$ & $-0.021295$ & $0.0115376$ & $-0.136359$ & $-0.00218271$ & $-0.0387886$ & $-0.054018$ & $-0.179676$ & $-0.0594398$ & $-0.0624696$ \\
Mz & $-0.0127349$ & $0.00712038$ & $0.0298786$ & $-0.00773063$ & $1$ & $0.0112213$ & $0.00997455$ & $0.00569432$ & $0.0049124$ & $-3.60178e-05$ & $0.00073308$ & $0.0142406$ & $0.0114619$ & $0.0181692$ & $-0.00838516$ & $-0.0130617$ & $-0.00433614$ & $0.00685385$ & $0.0107904$ & $0.00656722$ & $0.0111747$ & $0.0103918$ & $0.00671484$ & $-0.00799976$ & $0.00955415$ & $-0.00944608$ & $0.0137377$ & $0.00542038$ & $-0.00908248$ & $-0.0159358$ & $0.0284423$ & $0.0123853$ & $0.00441479$ & $0.00332445$ & $0.0146095$ & $0.0268958$ & $-0.0112551$ & $-0.017683$ & $-0.00454358$ & $-0.0182773$ & $-0.00231535$ & $0.00883069$ & $-0.0228297$ & $-0.0237365$ & $-0.022672$ & $0.0170657$ & $0.0176271$ & $0.0048438$ & $0.0155598$ \\
CW & $-0.00752915$ & $0.0160451$ & $0.0344428$ & $0.00155932$ & $0.0112213$ & $1$ & $0.00997828$ & $-0.109641$ & $-0.104796$ & $0.0205336$ & $0.165408$ & $0.044837$ & $0.00659889$ & $0.0326642$ & $-0.0900017$ & $-0.0776316$ & $-0.265783$ & $-0.0408994$ & $-0.0500861$ & $-0.163659$ & $-0.166039$ & $-0.161323$ & $-0.00829104$ & $7.66535e-05$ & $-0.0804487$ & $0.104239$ & $-0.0519593$ & $-0.0573497$ & $0.0056429$ & $0.0146425$ & $0.0153612$ & $0.0112555$ & $0.00240726$ & $-0.0983027$ & $0.0306139$ & $-0.00755025$ & $0.0193849$ & $-0.000238101$ & $-0.00563597$ & $-0.00150853$ & $0.0033385$ & $-0.0103917$ & $-0.00447936$ & $-0.00964184$ & $0.0102382$ & $-0.0101334$ & $0.00458826$ & $-0.0179981$ & $-0.00105776$ \\
CHG & $0.0356251$ & $0.041263$ & $-0.00335475$ & $-0.0411277$ & $0.00997455$ & $0.00997828$ & $1$ & $-0.072737$ & $-0.0147066$ & $0.0406131$ & $0.0499475$ & $-0.20236$ & $-0.226776$ & $0.0127683$ & $-0.0261692$ & $-0.0226207$ & $0.0521664$ & $0.0599228$ & $0.0525135$ & $-0.0484528$ & $-0.0498148$ & $-0.0499058$ & $-0.00754833$ & $0.0607434$ & $0.055034$ & $0.0286512$ & $-0.0210686$ & $-0.0164038$ & $0.0153463$ & $-0.110719$ & $-0.0813628$ & $0.935889$ & $-0.136419$ & $-0.0291665$ & $-0.0757165$ & $-0.000843933$ & $-0.00129363$ & $0.041919$ & $0.00655697$ & $-0.0265003$ & $0.00982473$ & $-0.018043$ & $0.0295806$ & $-0.00912407$ & $-0.0096311$ & $-0.0299832$ & $-0.0362187$ & $0.00803051$ & $-0.00814263$ \\
CHWB & $0.0196417$ & $-0.0914998$ & $-0.000808162$ & $-0.0142013$ & $0.00569432$ & $-0.109641$ & $-0.072737$ & $1$ & $0.981574$ & $-0.554433$ & $-0.88694$ & $0.0921275$ & $0.284298$ & $0.149919$ & $0.289099$ & $0.286447$ & $-0.194468$ & $-0.399715$ & $-0.39184$ & $0.858121$ & $0.904059$ & $0.886753$ & $0.0527522$ & $-0.656495$ & $-0.373645$ & $-0.507597$ & $0.421069$ & $0.310825$ & $0.00252001$ & $0.0688084$ & $0.0376675$ & $-0.0728935$ & $0.0759134$ & $0.554466$ & $-0.00862271$ & $-0.0159557$ & $-0.0130798$ & $-0.01108$ & $0.0265565$ & $0.0173176$ & $0.0108$ & $0.00809872$ & $0.00543616$ & $0.0218098$ & $-0.0234711$ & $-0.00211856$ & $0.00365045$ & $-0.0217808$ & $-0.0184497$ \\
CHWHB_gaga & $0.027032$ & $-0.0875995$ & $-0.00786028$ & $-0.0337164$ & $0.0049124$ & $-0.104796$ & $-0.0147066$ & $0.981574$ & $1$ & $-0.542384$ & $-0.868255$ & $0.094968$ & $0.27479$ & $0.141326$ & $0.281192$ & $0.276412$ & $-0.195442$ & $-0.3959$ & $-0.386563$ & $0.839741$ & $0.88552$ & $0.868053$ & $0.0528341$ & $-0.647218$ & $-0.369381$ & $-0.495666$ & $0.418084$ & $0.304204$ & $0.0123956$ & $0.0896475$ & $0.0468324$ & $-0.0250791$ & $0.101473$ & $0.546249$ & $-0.0393005$ & $-0.02769$ & $-0.0290048$ & $-0.0147073$ & $0.020937$ & $0.0146998$ & $0.0160661$ & $0.00475814$ & $0.0745765$ & $0.0252612$ & $-0.0259257$ & $-0.0156178$ & $-0.00148079$ & $-0.0208662$ & $-0.00987107$ \\
CHWHB_gagaorth & $0.00376903$ & $0.0206921$ & $0.0254786$ & $0.0373361$ & $-3.60178e-05$ & $0.0205336$ & $0.0406131$ & $-0.554433$ & $-0.542384$ & $1$ & $0.353208$ & $0.183835$ & $-0.186433$ & $0.187934$ & $-0.115519$ & $-0.115464$ & $0.403587$ & $0.460334$ & $0.457376$ & $-0.338857$ & $-0.368569$ & $-0.363781$ & $-0.0608528$ & $0.532388$ & $0.449036$ & $0.21616$ & $-0.23443$ & $-0.142909$ & $-0.000295957$ & $-0.114686$ & $-0.0711803$ & $0.061339$ & $-0.130757$ & $-0.336812$ & $0.0599651$ & $0.0265867$ & $0.0285808$ & $-0.0034179$ & $-0.0595624$ & $-0.00569452$ & $-0.0248201$ & $0.00780731$ & $0.008604$ & $-0.00488328$ & $0.0174689$ & $0.0064638$ & $0.00531454$ & $0.00976925$ & $-0.00803549$ \\
CHD & $-0.0393524$ & $0.0811368$ & $0.0101809$ & $0.00907035$ & $0.00073308$ & $0.165408$ & $0.0499475$ & $-0.88694$ & $-0.868255$ & $0.353208$ & $1$ & $0.0341381$ & $-0.147627$ & $-0.540609$ & $-0.417856$ & $-0.404354$ & $-0.243967$ & $0.0529115$ & $0.0398338$ & $-0.990424$ & $-0.991129$ & $-0.969889$ & $0.00359041$ & $0.305763$ & $0.0110573$ & $0.562673$ & $-0.289788$ & $-0.344521$ & $0.0104746$ & $-0.0366747$ & $-0.0164837$ & $0.0564971$ & $-0.0514395$ & $-0.360343$ & $0.0274993$ & $0.0176573$ & $-0.0102683$ & $-0.00233303$ & $-0.0181682$ & $-0.0157352$ & $-0.0089341$ & $-0.00996214$ & $-0.00979851$ & $-0.0135049$ & $0.0311679$ & $0.00367629$ & $0.00769711$ & $0.0119442$ & $0.0161275$ \\
CHbox & $-0.00151785$ & $-0.0029563$ & $0.000629206$ & $0.00524898$ & $0.0142406$ & $0.044837$ & $-0.20236$ & $0.0921275$ & $0.094968$ & $0.183835$ & $0.0341381$ & $1$ & $0.854891$ & $-0.224772$ & $0.00887866$ & $0.0342157$ & $-0.269525$ & $-0.247032$ & $-0.259281$ & $-0.0256587$ & $-0.0300748$ & $-0.0248676$ & $-0.0211132$ & $-0.195138$ & $-0.256718$ & $0.0452397$ & $0.00462302$ & $-0.0214877$ & $0.0405742$ & $0.260272$ & $0.0961481$ & $-0.126627$ & $0.306662$ & $0.0571111$ & $0.105605$ & $0.0037227$ & $-0.0328608$ & $-0.0309666$ & $0.0136509$ & $0.0135789$ & $-0.000257521$ & $0.0200763$ & $-0.0236949$ & $-0.0142417$ & $0.0197102$ & $-0.00167524$ & $-0.00641412$ & $-0.0238174$ & $-0.0010665$ \\
CH & $0.00722572$ & $-0.0200402$ & $-0.00610878$ & $-0.0131349$ & $0.0114619$ & $0.00659889$ & $-0.226776$ & $0.284298$ & $0.27479$ & $-0.186433$ & $-0.147627$ & $0.854891$ & $1$ & $-0.162491$ & $0.0391966$ & $0.0618771$ & $-0.278052$ & $-0.28524$ & $-0.296858$ & $0.142875$ & $0.157901$ & $0.158324$ & $0.00622167$ & $-0.31517$ & $-0.292626$ & $-0.0660318$ & $0.113957$ & $0.04779$ & $0.0202703$ & $0.196952$ & $0.0936824$ & $-0.185956$ & $0.248967$ & $0.185833$ & $0.0503687$ & $-0.0158009$ & $-0.0460092$ & $-0.016829$ & $0.0476824$ & $0.0151194$ & $0.00217636$ & $0.0191024$ & $-0.0167421$ & $-0.0127942$ & $0.00769984$ & $-0.00349712$ & $-0.020039$ & $-0.0255571$ & $0.00632978$ \\
CHL1_11 & $0.0349993$ & $-0.0356022$ & $0.00230892$ & $0.00738161$ & $0.0181692$ & $0.0326642$ & $0.0127683$ & $0.149919$ & $0.141326$ & $0.187934$ & $-0.540609$ & $-0.224772$ & $-0.162491$ & $1$ & $0.296125$ & $0.270445$ & $0.639176$ & $0.566333$ & $0.581729$ & $0.558236$ & $0.501619$ & $0.486327$ & $-0.0851387$ & $0.430614$ & $0.56908$ & $-0.295687$ & $-0.0878131$ & $0.173263$ & $-0.0292377$ & $-0.0410566$ & $-0.0269452$ & $-0.00350034$ & $-0.0248435$ & $-0.199634$ & $-0.035629$ & $-0.0102891$ & $0.038896$ & $0.0315565$ & $-0.0145792$ & $0.00198327$ & $-0.00641655$ & $0.00963637$ & $-0.00152659$ & $-0.017797$ & $-0.0133058$ & $-0.00384848$ & $-0.0217358$ & $0.0138372$ & $-0.0102057$ \\
CHL1_22 & $0.00135583$ & $-0.0315623$ & $-0.00864037$ & $0.010923$ & $-0.00838516$ & $-0.0900017$ & $-0.0261692$ & $0.289099$ & $0.281192$ & $-0.115519$ & $-0.417856$ & $0.00887866$ & $0.0391966$ & $0.296125$ & $1$ & $0.442023$ & $0.192786$ & $-0.451311$ & $-0.00244838$ & $0.483148$ & $0.333826$ & $0.324528$ & $-0.190107$ & $0.135699$ & $-0.120325$ & $-0.192016$ & $-0.401256$ & $0.110756$ & $0.00493431$ & $0.014535$ & $0.0126131$ & $-0.0173579$ & $0.0256961$ & $-0.606375$ & $0.00410974$ & $0.0229698$ & $0.0215545$ & $-0.00408673$ & $-0.0101287$ & $-0.00165659$ & $-0.0048688$ & $0.00889536$ & $-0.0172919$ & $-0.0148176$ & $-0.00779899$ & $0.000715136$ & $0.0098287$ & $0.0135734$ & $-0.0124828$ \\
CHL1_33 & $0.00855323$ & $-0.0234858$ & $0.0104364$ & $0.00284364$ & $-0.0130617$ & $-0.0776316$ & $-0.0226207$ & $0.286447$ & $0.276412$ & $-0.115464$ & $-0.404354$ & $0.0342157$ & $0.0618771$ & $0.270445$ & $0.442023$ & $1$ & $0.173969$ & $-0.0243612$ & $-0.438495$ & $0.468707$ & $0.323937$ & $0.338992$ & $-0.173021$ & $0.113172$ & $-0.128579$ & $-0.199372$ & $-0.391088$ & $0.120528$ & $-0.01151$ & $0.0255202$ & $0.0182201$ & $-0.0114866$ & $0.0303001$ & $-0.108773$ & $0.00220632$ & $0.0307969$ & $0.0340394$ & $-0.00830568$ & $-0.00922232$ & $-0.00427625$ & $0.000943958$ & $0.0112914$ & $-0.0182328$ & $0.00661234$ & $-0.0243765$ & $-0.00945467$ & $-0.0123064$ & $-0.0137002$ & $-0.00673412$ \\
CHL3_11 & $0.0276318$ & $0.00483984$ & $-0.00870538$ & $0.00843274$ & $-0.00433614$ & $-0.265783$ & $0.0521664$ & $-0.194468$ & $-0.195442$ & $0.403587$ & $-0.243967$ & $-0.269525$ & $-0.278052$ & $0.639176$ & $0.192786$ & $0.173969$ & $1$ & $0.710759$ & $0.718605$ & $0.266606$ & $0.210618$ & $0.201911$ & $-0.0720083$ & $0.648436$ & $0.760547$ & $-0.130516$ & $-0.146636$ & $0.0802682$ & $-0.0249053$ & $-0.066577$ & $-0.0488154$ & $0.0383444$ & $-0.0563885$ & $-0.233935$ & $-0.047759$ & $-0.0102026$ & $0.0385436$ & $0.0250204$ & $-0.0163275$ & $-9.80149e-05$ & $0.00450114$ & $4.18521e-05$ & $0.0168508$ & $-0.00204639$ & $-0.032872$ & $-0.00488449$ & $-0.0219164$ & $0.0123098$ & $-0.000489846$ \\
CHL3_22 & $0.026238$ & $0.0146342$ & $0.0041697$ & $0.00305864$ & $0.00685385$ & $-0.0408994$ & $0.0599228$ & $-0.399715$ & $-0.3959$ & $0.460334$ & $0.0529115$ & $-0.247032$ & $-0.28524$ & $0.566333$ & $-0.451311$ & $-0.0243612$ & $0.710759$ & $1$ & $0.647504$ & $-0.0567117$ & $-0.046012$ & $-0.0453681$ & $0.0200837$ & $0.581022$ & $0.777948$ & $0.0138743$ & $0.0165349$ & $-0.00572381$ & $-0.0305923$ & $-0.072279$ & $-0.0483767$ & $0.0418455$ & $-0.0668336$ & $0.0695754$ & $-0.0399154$ & $-0.0182352$ & $0.0296682$ & $0.0283243$ & $-0.0107376$ & $-0.00333682$ & $-4.68642e-05$ & $-0.00124547$ & $0.0144317$ & $-0.00211496$ & $-0.0144775$ & $-0.00513212$ & $-0.0282864$ & $0.00621473$ & $0.00735433$ \\
CHL3_33 & $0.0219842$ & $0.00625915$ & $-0.0127592$ & $0.0104824$ & $0.0107904$ & $-0.0500861$ & $0.0525135$ & $-0.39184$ & $-0.386563$ & $0.457376$ & $0.0398338$ & $-0.259281$ & $-0.296858$ & $0.581729$ & $-0.00244838$ & $-0.438495$ & $0.718605$ & $0.647504$ & $1$ & $-0.0426947$ & $-0.034851$ & $-0.0317849$ & $0.00757671$ & $0.592152$ & $0.780363$ & $0.0185936$ & $0.012748$ & $-0.0130345$ & $-0.0174699$ & $-0.0776505$ & $-0.0515287$ & $0.0340216$ & $-0.0668293$ & $-0.329053$ & $-0.0388685$ & $-0.0235083$ & $0.0204037$ & $0.0304914$ & $-0.0146003$ & $-0.000198497$ & $-0.00554217$ & $-0.00138923$ & $0.0124125$ & $-0.0198788$ & $-0.00271108$ & $0.000169755$ & $-0.0130676$ & $0.0281719$ & $0.00297102$ \\
CHe_11 & $0.0281674$ & $-0.0581593$ & $-0.00103251$ & $-0.00605218$ & $0.00656722$ & $-0.163659$ & $-0.0484528$ & $0.858121$ & $0.839741$ & $-0.338857$ & $-0.990424$ & $-0.0256587$ & $0.142875$ & $0.558236$ & $0.483148$ & $0.468707$ & $0.266606$ & $-0.0567117$ & $-0.0426947$ & $1$ & $0.972828$ & $0.952462$ & $-0.0272513$ & $-0.25095$ & $-0.00436817$ & $-0.554118$ & $0.215547$ & $0.33929$ & $-0.0113202$ & $0.0346436$ & $0.0182371$ & $-0.0525169$ & $0.0516168$ & $0.281849$ & $-0.0210232$ & $-0.0112197$ & $0.0177321$ & $-0.00154579$ & $0.019789$ & $0.0124802$ & $0.00976446$ & $0.011481$ & $0.00320612$ & $0.0142082$ & $-0.0332625$ & $-0.00769837$ & $-0.00794825$ & $-0.00730465$ & $-0.0149471$ \\
CHe_22 & $0.0293775$ & $-0.0563738$ & $-0.00246096$ & $-0.00934713$ & $0.0111747$ & $-0.166039$ & $-0.0498148$ & $0.904059$ & $0.88552$ & $-0.368569$ & $-0.991129$ & $-0.0300748$ & $0.157901$ & $0.501619$ & $0.333826$ & $0.323937$ & $0.210618$ & $-0.046012$ & $-0.034851$ & $0.972828$ & $1$ & $0.975143$ & $0.0261973$ & $-0.362659$ & $-0.0157449$ & $-0.565311$ & $0.370202$ & $0.34492$ & $-0.00983077$ & $0.0370008$ & $0.0158759$ & $-0.0564623$ & $0.0512955$ & $0.446652$ & $-0.0244067$ & $-0.0185352$ & $0.00648197$ & $0.00029246$ & $0.0217105$ & $0.0168694$ & $0.01123$ & $0.00923084$ & $0.0110233$ & $0.0192426$ & $-0.0330815$ & $-0.00516655$ & $-0.00822641$ & $-0.0110584$ & $-0.0170449$ \\
CHe_33 & $0.0282045$ & $-0.0559198$ & $-0.00322386$ & $-0.0084306$ & $0.0103918$ & $-0.161323$ & $-0.0499058$ & $0.886753$ & $0.868053$ & $-0.363781$ & $-0.969889$ & $-0.0248676$ & $0.158324$ & $0.486327$ & $0.324528$ & $0.338992$ & $0.201911$ & $-0.0453681$ & $-0.0317849$ & $0.952462$ & $0.975143$ & $1$ & $0.0263689$ & $-0.356452$ & $-0.0147447$ & $-0.553037$ & $0.36755$ & $0.336709$ & $-0.0123015$ & $0.0394336$ & $0.0165548$ & $-0.0563013$ & $0.0531329$ & $0.442733$ & $-0.0286463$ & $-0.0214898$ & $0.00781062$ & $-0.000694481$ & $0.0256911$ & $0.0155673$ & $0.0133567$ & $0.012248$ & $0.000864047$ & $0.0206328$ & $-0.0362777$ & $-0.00983201$ & $-0.00953544$ & $-0.0120052$ & $-0.0164867$ \\
CHQ1_11 & $-0.0146635$ & $0.00547108$ & $0.0325549$ & $0.00925469$ & $0.00671484$ & $-0.00829104$ & $-0.00754833$ & $0.0527522$ & $0.0528341$ & $-0.0608528$ & $0.00359041$ & $-0.0211132$ & $0.00622167$ & $-0.0851387$ & $-0.190107$ & $-0.173021$ & $-0.0720083$ & $0.0200837$ & $0.00757671$ & $-0.0272513$ & $0.0261973$ & $0.0263689$ & $1$ & $-0.135974$ & $0.0951759$ & $-0.665892$ & $0.352204$ & $-0.000935427$ & $-0.00432479$ & $-0.00402216$ & $0.000598981$ & $-0.0177472$ & $-0.0186602$ & $0.206317$ & $-0.0151584$ & $-0.0346623$ & $0.0122063$ & $-0.00203667$ & $0.00620343$ & $-0.00132049$ & $0.0145415$ & $-0.0318275$ & $0.0193599$ & $0.0223474$ & $0.00659981$ & $-0.0474512$ & $0.0268391$ & $-0.0183682$ & $-0.0222837$ \\
CHQ1_33 & $-0.0422083$ & $0.0229846$ & $0.00831915$ & $0.0191469$ & $-0.00799976$ & $7.66535e-05$ & $0.0607434$ & $-0.656495$ & $-0.647218$ & $0.532388$ & $0.305763$ & $-0.195138$ & $-0.31517$ & $0.430614$ & $0.135699$ & $0.113172$ & $0.648436$ & $0.581022$ & $0.592152$ & $-0.25095$ & $-0.362659$ & $-0.356452$ & $-0.135974$ & $1$ & $0.614719$ & $0.195136$ & $-0.423095$ & $-0.025397$ & $-0.00706482$ & $-0.0783494$ & $-0.0440179$ & $0.0538977$ & $-0.0779592$ & $-0.634634$ & $-0.0177467$ & $0.011119$ & $0.0321842$ & $0.0225153$ & $-0.0346607$ & $-0.00188545$ & $-4.82104e-05$ & $-0.00734794$ & $0.000642972$ & $-0.0271869$ & $-0.00190022$ & $-0.0144134$ & $-0.0160327$ & $0.0117621$ & $-0.00693856$ \\
CHQ3_11 & $-0.0664426$ & $0.0233218$ & $-0.00414523$ & $0.00750208$ & $0.00955415$ & $-0.0804487$ & $0.055034$ & $-0.373645$ & $-0.369381$ & $0.449036$ & $0.0110573$ & $-0.256718$ & $-0.292626$ & $0.56908$ & $-0.120325$ & $-0.128579$ & $0.760547$ & $0.777948$ & $0.780363$ & $-0.00436817$ & $-0.0157449$ & $-0.0147447$ & $0.0951759$ & $0.614719$ & $1$ & $0.00308365$ & $0.227912$ & $-0.00304337$ & $-0.0233267$ & $-0.0774087$ & $-0.0511713$ & $0.040163$ & $-0.0670869$ & $-0.182254$ & $-0.0370568$ & $-0.0262084$ & $0.025448$ & $0.0232364$ & $-0.00492438$ & $-0.00871699$ & $0.0123909$ & $-0.00632803$ & $0.0218118$ & $0.0018542$ & $-0.022589$ & $-0.0271441$ & $-0.0262524$ & $-0.0029007$ & $0.00939298$ \\
CHu_11 & $-0.0341135$ & $0.0344337$ & $-0.0158341$ & $-0.00570171$ & $-0.00944608$ & $0.104239$ & $0.0286512$ & $-0.507597$ & $-0.495666$ & $0.21616$ & $0.562673$ & $0.0452397$ & $-0.0660318$ & $-0.295687$ & $-0.192016$ & $-0.199372$ & $-0.130516$ & $0.0138743$ & $0.0185936$ & $-0.554118$ & $-0.565311$ & $-0.553037$ & $-0.665892$ & $0.195136$ & $0.00308365$ & $1$ & $-0.173415$ & $-0.190323$ & $0.0135065$ & $-0.00892207$ & $-0.0115823$ & $0.0395042$ & $-0.00110671$ & $-0.248965$ & $0.0180487$ & $0.0268688$ & $-0.0312813$ & $-0.0117481$ & $-0.00268243$ & $0.000957463$ & $-0.00787359$ & $0.0157011$ & $-0.0138578$ & $-0.0219026$ & $0.00436949$ & $0.0320274$ & $-0.0149853$ & $0.0116918$ & $0.0428256$ \\
CHd_11 & $0.00114061$ & $-0.0104159$ & $-0.000852645$ & $-0.0291328$ & $0.0137377$ & $-0.0519593$ & $-0.0210686$ & $0.421069$ & $0.418084$ & $-0.23443$ & $-0.289788$ & $0.00462302$ & $0.113957$ & $-0.0878131$ & $-0.401256$ & $-0.391088$ & $-0.146636$ & $0.0165349$ & $0.012748$ & $0.215547$ & $0.370202$ & $0.36755$ & $0.352204$ & $-0.423095$ & $0.227912$ & $-0.173415$ & $1$ & $0.110047$ & $0.0061361$ & $0.0206718$ & $0.00799466$ & $-0.0298075$ & $0.0261759$ & $0.683015$ & $-0.0259796$ & $-0.0528931$ & $-0.0343204$ & $-0.00467961$ & $0.0442479$ & $0.0108318$ & $0.0243834$ & $-0.0109804$ & $0.0413032$ & $0.0247733$ & $-0.0114067$ & $-0.0138255$ & $-0.00114618$ & $-0.0364856$ & $0.00889895$ \\
CHd_33 & $0.0409362$ & $-0.0258293$ & $0.0113797$ & $-0.00446501$ & $0.00542038$ & $-0.0573497$ & $-0.0164038$ & $0.310825$ & $0.304204$ & $-0.142909$ & $-0.344521$ & $-0.0214877$ & $0.04779$ & $0.173263$ & $0.110756$ & $0.120528$ & $0.0802682$ & $-0.00572381$ & $-0.0130345$ & $0.33929$ & $0.34492$ & $0.336709$ & $-0.000935427$ & $-0.025397$ & $-0.00304337$ & $-0.190323$ & $0.110047$ & $1$ & $0.0114245$ & $-0.0034096$ & $-0.0123994$ & $-0.0261361$ & $0.00899799$ & $0.157702$ & $-0.0261876$ & $-0.00155502$ & $-0.00227796$ & $0.0023244$ & $0.0104409$ & $0.0130624$ & $0.0124662$ & $0.0010672$ & $0.0177248$ & $0.00622736$ & $0.000901467$ & $-0.017186$ & $-0.0119274$ & $-0.00854809$ & $-0.000322199$ \\
CeH_22r & $0.0109679$ & $-0.00757617$ & $-0.00370606$ & $-0.00144214$ & $-0.00908248$ & $0.0056429$ & $0.0153463$ & $0.00252001$ & $0.0123956$ & $-0.000295957$ & $0.0104746$ & $0.0405742$ & $0.0202703$ & $-0.0292377$ & $0.00493431$ & $-0.01151$ & $-0.0249053$ & $-0.0305923$ & $-0.0174699$ & $-0.0113202$ & $-0.00983077$ & $-0.0123015$ & $-0.00432479$ & $-0.00706482$ & $-0.0233267$ & $0.0135065$ & $0.0061361$ & $0.0114245$ & $1$ & $0.053774$ & $0.0196407$ & $0.00509861$ & $0.0466027$ & $-0.00289721$ & $-0.0331228$ & $-0.00375463$ & $-0.0310972$ & $-0.00281967$ & $-0.0019365$ & $-0.00214028$ & $-0.00303636$ & $0.0166971$ & $0.0131415$ & $-0.00636496$ & $-0.00473201$ & $-0.0200656$ & $-0.0243921$ & $-0.0160541$ & $-0.0108617$ \\
CeH_33r & $0.0266232$ & $-0.0182653$ & $-0.022014$ & $-0.0521598$ & $-0.0159358$ & $0.0146425$ & $-0.110719$ & $0.0688084$ & $0.0896475$ & $-0.114686$ & $-0.0366747$ & $0.260272$ & $0.196952$ & $-0.0410566$ & $0.014535$ & $0.0255202$ & $-0.066577$ & $-0.072279$ & $-0.0776505$ & $0.0346436$ & $0.0370008$ & $0.0394336$ & $-0.00402216$ & $-0.0783494$ & $-0.0774087$ & $-0.00892207$ & $0.0206718$ & $-0.0034096$ & $0.053774$ & $1$ & $0.310656$ & $0.0347484$ & $0.630105$ & $0.0402548$ & $-0.0526457$ & $-0.0362118$ & $-0.177092$ & $-0.0225319$ & $0.0378257$ & $-0.0174612$ & $0.0350548$ & $0.00498197$ & $0.00981629$ & $-0.0254565$ & $0.0713805$ & $0.0131473$ & $0.0118693$ & $-0.00448216$ & $-0.00308104$ \\
CuH_22r & $0.0353408$ & $-0.0100739$ & $-0.0217248$ & $-0.0705729$ & $0.0284423$ & $0.0153612$ & $-0.0813628$ & $0.0376675$ & $0.0468324$ & $-0.0711803$ & $-0.0164837$ & $0.0961481$ & $0.0936824$ & $-0.0269452$ & $0.0126131$ & $0.0182201$ & $-0.0488154$ & $-0.0483767$ & $-0.0515287$ & $0.0182371$ & $0.0158759$ & $0.0165548$ & $0.000598981$ & $-0.0440179$ & $-0.0511713$ & $-0.0115823$ & $0.00799466$ & $-0.0123994$ & $0.0196407$ & $0.310656$ & $1$ & $0.00174514$ & $0.327161$ & $0.0163708$ & $-0.0556463$ & $0.0472833$ & $-0.025981$ & $-0.0171682$ & $0.0562241$ & $-0.0104364$ & $0.000402814$ & $-0.00195194$ & $-0.0180086$ & $-0.0417675$ & $0.102181$ & $0.15237$ & $0.365631$ & $0.102283$ & $-0.0661611$ \\
CuH_33r & $0.0256812$ & $0.0559857$ & $0.00823409$ & $-0.0342917$ & $0.0123853$ & $0.0112555$ & $0.935889$ & $-0.0728935$ & $-0.0250791$ & $0.061339$ & $0.0564971$ & $-0.126627$ & $-0.185956$ & $-0.00350034$ & $-0.0173579$ & $-0.0114866$ & $0.0383444$ & $0.0418455$ & $0.0340216$ & $-0.0525169$ & $-0.0564623$ & $-0.0563013$ & $-0.0177472$ & $0.0538977$ & $0.040163$ & $0.0395042$ & $-0.0298075$ & $-0.0261361$ & $0.00509861$ & $0.0347484$ & $0.00174514$ & $1$ & $0.030717$ & $-0.0352357$ & $0.00400838$ & $0.0249827$ & $-0.0277369$ & $0.0335746$ & $0.00879834$ & $-0.0209006$ & $0.00911219$ & $-0.0143287$ & $0.0225358$ & $-0.0285178$ & $0.0141007$ & $-0.0203068$ & $-0.027088$ & $0.0201232$ & $-0.012709$ \\
CdH_33r & $0.0422039$ & $0.0352688$ & $-0.0872853$ & $-0.0725666$ & $0.00441479$ & $0.00240726$ & $-0.136419$ & $0.0759134$ & $0.101473$ & $-0.130757$ & $-0.0514395$ & $0.306662$ & $0.248967$ & $-0.0248435$ & $0.0256961$ & $0.0303001$ & $-0.0563885$ & $-0.0668336$ & $-0.0668293$ & $0.0516168$ & $0.0512955$ & $0.0531329$ & $-0.0186602$ & $-0.0779592$ & $-0.0670869$ & $-0.00110671$ & $0.0261759$ & $0.00899799$ & $0.0466027$ & $0.630105$ & $0.327161$ & $0.030717$ & $1$ & $0.0387321$ & $-0.0523372$ & $-0.110829$ & $-0.168797$ & $-0.00979387$ & $0.103344$ & $-0.00340639$ & $0.0630607$ & $0.0138249$ & $0.0296835$ & $-0.0183338$ & $-0.0152357$ & $-0.0171946$ & $-0.0471702$ & $0.100077$ & $0.471856$ \\
CLL_1221 & $0.00699772$ & $0.0114975$ & $0.00410764$ & $-0.0178068$ & $0.00332445$ & $-0.0983027$ & $-0.0291665$ & $0.554466$ & $0.546249$ & $-0.336812$ & $-0.360343$ & $0.0571111$ & $0.185833$ & $-0.199634$ & $-0.606375$ & $-0.108773$ & $-0.233935$ & $0.0695754$ & $-0.329053$ & $0.281849$ & $0.446652$ & $0.442733$ & $0.206317$ & $-0.634634$ & $-0.182254$ & $-0.248965$ & $0.683015$ & $0.157702$ & $-0.00289721$ & $0.0402548$ & $0.0163708$ & $-0.0352357$ & $0.0387321$ & $1$ & $-0.0123029$ & $-0.0303515$ & $-0.0273068$ & $-0.00951208$ & $0.034022$ & $0.0122464$ & $0.0222425$ & $-0.000722649$ & $0.0197021$ & $0.0368191$ & $-0.0234783$ & $-0.00519478$ & $-0.00740556$ & $-0.0285097$ & $7.88567e-05$ \\
eHggint & $-0.0960781$ & $0.0699683$ & $0.00913132$ & $0.190475$ & $0.0146095$ & $0.0306139$ & $-0.0757165$ & $-0.00862271$ & $-0.0393005$ & $0.0599651$ & $0.0274993$ & $0.105605$ & $0.0503687$ & $-0.035629$ & $0.00410974$ & $0.00220632$ & $-0.047759$ & $-0.0399154$ & $-0.0388685$ & $-0.0210232$ & $-0.0244067$ & $-0.0286463$ & $-0.0151584$ & $-0.0177467$ & $-0.0370568$ & $0.0180487$ & $-0.0259796$ & $-0.0261876$ & $-0.0331228$ & $-0.0526457$ & $-0.0556463$ & $0.00400838$ & $-0.0523372$ & $-0.0123029$ & $1$ & $-0.0920874$ & $0.0917538$ & $-0.0134741$ & $-0.0908026$ & $-0.0155958$ & $0.0367476$ & $0.0112958$ & $-0.130371$ & $-0.010834$ & $0.11726$ & $-0.0242757$ & $-0.0181218$ & $-0.00608261$ & $0.0200883$ \\
eHggpar & $-0.037591$ & $0.0553796$ & $0.098417$ & $0.0965561$ & $0.0268958$ & $-0.00755025$ & $-0.000843933$ & $-0.0159557$ & $-0.02769$ & $0.0265867$ & $0.0176573$ & $0.0037227$ & $-0.0158009$ & $-0.0102891$ & $0.0229698$ & $0.0307969$ & $-0.0102026$ & $-0.0182352$ & $-0.0235083$ & $-0.0112197$ & $-0.0185352$ & $-0.0214898$ & $-0.0346623$ & $0.011119$ & $-0.0262084$ & $0.0268688$ & $-0.0528931$ & $-0.00155502$ & $-0.00375463$ & $-0.0362118$ & $0.0472833$ & $0.0249827$ & $-0.110829$ & $-0.0303515$ & $-0.0920874$ & $1$ & $0.0305818$ & $-0.00545558$ & $-0.0422752$ & $0.0651712$ & $-0.225712$ & $-0.0269662$ & $-0.0185665$ & $-0.153297$ & $0.103437$ & $0.183016$ & $0.142991$ & $0.252543$ & $-0.211638$ \\
eHWWint & $0.0111588$ & $0.0489461$ & $-0.0474356$ & $0.0623052$ & $-0.0112551$ & $0.0193849$ & $-0.00129363$ & $-0.0130798$ & $-0.0290048$ & $0.0285808$ & $-0.0102683$ & $-0.0328608$ & $-0.0460092$ & $0.038896$ & $0.0215545$ & $0.0340394$ & $0.0385436$ & $0.0296682$ & $0.0204037$ & $0.0177321$ & $0.00648197$ & $0.00781062$ & $0.0122063$ & $0.0321842$ & $0.025448$ & $-0.0312813$ & $-0.0343204$ & $-0.00227796$ & $-0.0310972$ & $-0.177092$ & $-0.025981$ & $-0.0277369$ & $-0.168797$ & $-0.0273068$ & $0.0917538$ & $0.0305818$ & $1$ & $0.0418084$ & $-0.0762619$ & $-0.000431633$ & $-0.0724635$ & $0.00747491$ & $-0.0674498$ & $0.0616007$ & $-0.0133308$ & $-0.130145$ & $0.120676$ & $-0.0411877$ & $0.0282547$ \\
eHWWpar & $0.0437853$ & $-0.0442093$ & $-0.0162034$ & $-0.0228415$ & $-0.017683$ & $-0.000238101$ & $0.041919$ & $-0.01108$ & $-0.0147073$ & $-0.0034179$ & $-0.00233303$ & $-0.0309666$ & $-0.016829$ & $0.0315565$ & $-0.00408673$ & $-0.00830568$ & $0.0250204$ & $0.0283243$ & $0.0304914$ & $-0.00154579$ & $0.00029246$ & $-0.000694481$ & $-0.00203667$ & $0.0225153$ & $0.0232364$ & $-0.0117481$ & $-0.00467961$ & $0.0023244$ & $-0.00281967$ & $-0.0225319$ & $-0.0171682$ & $0.0335746$ & $-0.00979387$ & $-0.00951208$ & $-0.0134741$ & $-0.00545558$ & $0.0418084$ & $1$ & $0.00471683$ & $0.0133735$ & $0.0663654$ & $-0.00471198$ & $-0.0155844$ & $-0.0255497$ & $-0.00584864$ & $0.00385906$ & $-0.0230926$ & $-0.0187029$ & $0.0491054$ \\
eHZZint & $0.0708842$ & $0.0628305$ & $-0.0262431$ & $-0.146952$ & $-0.00454358$ & $-0.00563597$ & $0.00655697$ & $0.0265565$ & $0.020937$ & $-0.0595624$ & $-0.0181682$ & $0.0136509$ & $0.0476824$ & $-0.0145792$ & $-0.0101287$ & $-0.00922232$ & $-0.0163275$ & $-0.0107376$ & $-0.0146003$ & $0.019789$ & $0.0217105$ & $0.0256911$ & $0.00620343$ & $-0.0346607$ & $-0.00492438$ & $-0.00268243$ & $0.0442479$ & $0.0104409$ & $-0.0019365$ & $0.0378257$ & $0.0562241$ & $0.00879834$ & $0.103344$ & $0.034022$ & $-0.0908026$ & $-0.0422752$ & $-0.0762619$ & $0.00471683$ & $1$ & $-0.00867522$ & $-0.076194$ & $0.00521523$ & $-0.0854801$ & $-0.0492387$ & $0.00313513$ & $0.0489273$ & $0.131992$ & $0.138869$ & $0.120744$ \\
eHZZpar & $-0.0031302$ & $-0.0387398$ & $-0.0234917$ & $-0.0186928$ & $-0.0182773$ & $-0.00150853$ & $-0.0265003$ & $0.0173176$ & $0.0146998$ & $-0.00569452$ & $-0.0157352$ & $0.0135789$ & $0.0151194$ & $0.00198327$ & $-0.00165659$ & $-0.00427625$ & $-9.80149e-05$ & $-0.00333682$ & $-0.000198497$ & $0.0124802$ & $0.0168694$ & $0.0155673$ & $-0.00132049$ & $-0.00188545$ & $-0.00871699$ & $0.000957463$ & $0.0108318$ & $0.0130624$ & $-0.00214028$ & $-0.0174612$ & $-0.0104364$ & $-0.0209006$ & $-0.00340639$ & $0.0122464$ & $-0.0155958$ & $0.0651712$ & $-0.000431633$ & $0.0133735$ & $-0.00867522$ & $1$ & $-0.0406036$ & $0.00476424$ & $0.0131927$ & $-0.0517215$ & $0.0183918$ & $0.0157927$ & $-0.0194115$ & $0.00142744$ & $-0.0158681$ \\
eHZgaint & $-0.0916607$ & $0.0668542$ & $-0.113437$ & $-0.021295$ & $-0.00231535$ & $0.0033385$ & $0.00982473$ & $0.0108$ & $0.0160661$ & $-0.0248201$ & $-0.0089341$ & $-0.000257521$ & $0.00217636$ & $-0.00641655$ & $-0.0048688$ & $0.000943958$ & $0.00450114$ & $-4.68642e-05$ & $-0.00554217$ & $0.00976446$ & $0.01123$ & $0.0133567$ & $0.0145415$ & $-4.82104e-05$ & $0.0123909$ & $-0.00787359$ & $0.0243834$ & $0.0124662$ & $-0.00303636$ & $0.0350548$ & $0.000402814$ & $0.00911219$ & $0.0630607$ & $0.0222425$ & $0.0367476$ & $-0.225712$ & $-0.0724635$ & $0.0663654$ & $-0.076194$ & $-0.0406036$ & $1$ & $-0.0288422$ & $0.0341499$ & $0.00333128$ & $-0.142333$ & $-0.160032$ & $-0.0370605$ & $-0.137963$ & $0.0917974$ \\
eHZgapar & $0.00857034$ & $0.0124513$ & $-0.0497975$ & $0.0115376$ & $0.00883069$ & $-0.0103917$ & $-0.018043$ & $0.00809872$ & $0.00475814$ & $0.00780731$ & $-0.00996214$ & $0.0200763$ & $0.0191024$ & $0.00963637$ & $0.00889536$ & $0.0112914$ & $4.18521e-05$ & $-0.00124547$ & $-0.00138923$ & $0.011481$ & $0.00923084$ & $0.012248$ & $-0.0318275$ & $-0.00734794$ & $-0.00632803$ & $0.0157011$ & $-0.0109804$ & $0.0010672$ & $0.0166971$ & $0.00498197$ & $-0.00195194$ & $-0.0143287$ & $0.0138249$ & $-0.000722649$ & $0.0112958$ & $-0.0269662$ & $0.00747491$ & $-0.00471198$ & $0.00521523$ & $0.00476424$ & $-0.0288422$ & $1$ & $-0.0146399$ & $0.0132011$ & $-0.0230223$ & $0.0331468$ & $-0.00745129$ & $0.00184208$ & $0.0146034$ \\
eHgagaint & $0.0822772$ & $-0.027663$ & $-0.120582$ & $-0.136359$ & $-0.0228297$ & $-0.00447936$ & $0.0295806$ & $0.00543616$ & $0.0745765$ & $0.008604$ & $-0.00979851$ & $-0.0236949$ & $-0.0167421$ & $-0.00152659$ & $-0.0172919$ & $-0.0182328$ & $0.0168508$ & $0.0144317$ & $0.0124125$ & $0.00320612$ & $0.0110233$ & $0.000864047$ & $0.0193599$ & $0.000642972$ & $0.0218118$ & $-0.0138578$ & $0.0413032$ & $0.0177248$ & $0.0131415$ & $0.00981629$ & $-0.0180086$ & $0.0225358$ & $0.0296835$ & $0.0197021$ & $-0.130371$ & $-0.0185665$ & $-0.0674498$ & $-0.0155844$ & $-0.0854801$ & $0.0131927$ & $0.0341499$ & $-0.0146399$ & $1$ & $0.0144138$ & $0.0809225$ & $-0.0968601$ & $-0.0203591$ & $-0.013885$ & $0.0463646$ \\
eHmumuint & $-0.0557717$ & $0.00284335$ & $0.0619475$ & $-0.00218271$ & $-0.0237365$ & $-0.00964184$ & $-0.00912407$ & $0.0218098$ & $0.0252612$ & $-0.00488328$ & $-0.0135049$ & $-0.0142417$ & $-0.0127942$ & $-0.017797$ & $-0.0148176$ & $0.00661234$ & $-0.00204639$ & $-0.00211496$ & $-0.0198788$ & $0.0142082$ & $0.0192426$ & $0.0206328$ & $0.0223474$ & $-0.0271869$ & $0.0018542$ & $-0.0219026$ & $0.0247733$ & $0.00622736$ & $-0.00636496$ & $-0.0254565$ & $-0.0417675$ & $-0.0285178$ & $-0.0183338$ & $0.0368191$ & $-0.010834$ & $-0.153297$ & $0.0616007$ & $-0.0255497$ & $-0.0492387$ & $-0.0517215$ & $0.00333128$ & $0.0132011$ & $0.0144138$ & $1$ & $-0.073987$ & $-0.0521241$ & $-0.0655029$ & $-0.0576855$ & $0.0409081$ \\
eHtautauint & $0.121599$ & $-0.0325264$ & $-0.0674155$ & $-0.0387886$ & $-0.022672$ & $0.0102382$ & $-0.0096311$ & $-0.0234711$ & $-0.0259257$ & $0.0174689$ & $0.0311679$ & $0.0197102$ & $0.00769984$ & $-0.0133058$ & $-0.00779899$ & $-0.0243765$ & $-0.032872$ & $-0.0144775$ & $-0.00271108$ & $-0.0332625$ & $-0.0330815$ & $-0.0362777$ & $0.00659981$ & $-0.00190022$ & $-0.022589$ & $0.00436949$ & $-0.0114067$ & $0.000901467$ & $-0.00473201$ & $0.0713805$ & $0.102181$ & $0.0141007$ & $-0.0152357$ & $-0.0234783$ & $0.11726$ & $0.103437$ & $-0.0133308$ & $-0.00584864$ & $0.00313513$ & $0.0183918$ & $-0.142333$ & $-0.0230223$ & $0.0809225$ & $-0.073987$ & $1$ & $0.110173$ & $0.317574$ & $0.0722826$ & $-0.0761245$ \\
eHccint & $0.173886$ & $-0.0491945$ & $-0.0286673$ & $-0.054018$ & $0.0170657$ & $-0.0101334$ & $-0.0299832$ & $-0.00211856$ & $-0.0156178$ & $0.0064638$ & $0.00367629$ & $-0.00167524$ & $-0.00349712$ & $-0.00384848$ & $0.000715136$ & $-0.00945467$ & $-0.00488449$ & $-0.00513212$ & $0.000169755$ & $-0.00769837$ & $-0.00516655$ & $-0.00983201$ & $-0.0474512$ & $-0.0144134$ & $-0.0271441$ & $0.0320274$ & $-0.0138255$ & $-0.017186$ & $-0.0200656$ & $0.0131473$ & $0.15237$ & $-0.0203068$ & $-0.0171946$ & $-0.00519478$ & $-0.0242757$ & $0.183016$ & $-0.130145$ & $0.00385906$ & $0.0489273$ & $0.0157927$ & $-0.160032$ & $0.0331468$ & $-0.0968601$ & $-0.0521241$ & $0.110173$ & $1$ & $0.228779$ & $0.17608$ & $-0.0992268$ \\
eHccpar & $0.0446812$ & $-0.0439509$ & $-0.0436475$ & $-0.179676$ & $0.0176271$ & $0.00458826$ & $-0.0362187$ & $0.00365045$ & $-0.00148079$ & $0.00531454$ & $0.00769711$ & $-0.00641412$ & $-0.020039$ & $-0.0217358$ & $0.0098287$ & $-0.0123064$ & $-0.0219164$ & $-0.0282864$ & $-0.0130676$ & $-0.00794825$ & $-0.00822641$ & $-0.00953544$ & $0.0268391$ & $-0.0160327$ & $-0.0262524$ & $-0.0149853$ & $-0.00114618$ & $-0.0119274$ & $-0.0243921$ & $0.0118693$ & $0.365631$ & $-0.027088$ & $-0.0471702$ & $-0.00740556$ & $-0.0181218$ & $0.142991$ & $0.120676$ & $-0.0230926$ & $0.131992$ & $-0.0194115$ & $-0.0370605$ & $-0.00745129$ & $-0.0203591$ & $-0.0655029$ & $0.317574$ & $0.228779$ & $1$ & $0.275476$ & $-0.160407$ \\
eHbbint & $0.0258684$ & $0.0599118$ & $-0.115131$ & $-0.0594398$ & $0.0048438$ & $-0.0179981$ & $0.00803051$ & $-0.0217808$ & $-0.0208662$ & $0.00976925$ & $0.0119442$ & $-0.0238174$ & $-0.0255571$ & $0.0138372$ & $0.0135734$ & $-0.0137002$ & $0.0123098$ & $0.00621473$ & $0.0281719$ & $-0.00730465$ & $-0.0110584$ & $-0.0120052$ & $-0.0183682$ & $0.0117621$ & $-0.0029007$ & $0.0116918$ & $-0.0364856$ & $-0.00854809$ & $-0.0160541$ & $-0.00448216$ & $0.102283$ & $0.0201232$ & $0.100077$ & $-0.0285097$ & $-0.00608261$ & $0.252543$ & $-0.0411877$ & $-0.0187029$ & $0.138869$ & $0.00142744$ & $-0.137963$ & $0.00184208$ & $-0.013885$ & $-0.0576855$ & $0.0722826$ & $0.17608$ & $0.275476$ & $1$ & $-0.0931039$ \\
eHbbpar & $0.0525642$ & $0.0877818$ & $-0.103437$ & $-0.0624696$ & $0.0155598$ & $-0.00105776$ & $-0.00814263$ & $-0.0184497$ & $-0.00987107$ & $-0.00803549$ & $0.0161275$ & $-0.0010665$ & $0.00632978$ & $-0.0102057$ & $-0.0124828$ & $-0.00673412$ & $-0.000489846$ & $0.00735433$ & $0.00297102$ & $-0.0149471$ & $-0.0170449$ & $-0.0164867$ & $-0.0222837$ & $-0.00693856$ & $0.00939298$ & $0.0428256$ & $0.00889895$ & $-0.000322199$ & $-0.0108617$ & $-0.00308104$ & $-0.0661611$ & $-0.012709$ & $0.471856$ & $7.88567e-05$ & $0.0200883$ & $-0.211638$ & $0.0282547$ & $0.0491054$ & $0.120744$ & $-0.0158681$ & $0.0917974$ & $0.0146034$ & $0.0463646$ & $0.0409081$ & $-0.0761245$ & $-0.0992268$ & $-0.160407$ & $-0.0931039$ & $1$ \\
