 & AlsMz & dAle5Mz & mtop & mHl & Mz & CW & CHG & CHWB & CHWHB_gaga & CHWHB_gagaorth & CHD & CHbox & CH & CHL1_11 & CHL1_22 & CHL1_33 & CHL3_11 & CHL3_22 & CHL3_33 & CHe_11 & CHe_22 & CHe_33 & CHQ1_11 & CHQ1_33 & CHQ3_11 & CHu_11 & CHd_11 & CHd_33 & CeH_22r & CeH_33r & CuH_22r & CuH_33r & CdH_33r & CLL_1221 & eHggint & eHggpar & eHWWint & eHWWpar & eHZZint & eHZZpar & eHZgaint & eHZgapar & eHgagaint & eHmumuint & eHtautauint & eHccint & eHccpar & eHbbint & eHbbpar \\
AlsMz & $1$ & $0.017069$ & $-0.0879722$ & $0.0380085$ & $-0.0164151$ & $0.0134646$ & $0.0140943$ & $-0.0478038$ & $-0.0428378$ & $0.0178152$ & $0.0199748$ & $0.0289427$ & $-0.0312027$ & $0.00845456$ & $-0.0179526$ & $-0.0374398$ & $0.0474286$ & $0.0454094$ & $0.0547472$ & $-0.0285787$ & $-0.0276472$ & $-0.0329764$ & $-0.00248955$ & $-0.0185539$ & $-0.0858277$ & $-0.0263144$ & $-0.0499321$ & $-0.00959819$ & $-0.029587$ & $0.0495512$ & $-0.0208058$ & $0.0148299$ & $0.0245555$ & $-0.0182393$ & $-0.053667$ & $0.037174$ & $0.0551943$ & $0.0116038$ & $-0.0421008$ & $-0.0110974$ & $-0.0311394$ & $0.00278269$ & $0.0116103$ & $-0.0259356$ & $-0.00816661$ & $-0.0341473$ & $-0.0301622$ & $0.00357117$ & $0.0199274$ \\
dAle5Mz & $0.017069$ & $1$ & $-0.0324442$ & $0.0194431$ & $-0.0137656$ & $0.0213801$ & $-2.65843e-05$ & $-0.0921777$ & $-0.0937006$ & $0.0582905$ & $0.066656$ & $0.0529533$ & $-0.00148965$ & $-0.013318$ & $-0.0170748$ & $-0.00248$ & $0.0350949$ & $0.0326217$ & $0.0190572$ & $-0.0396405$ & $-0.039944$ & $-0.0396475$ & $0.0115219$ & $0.0343851$ & $0.0296544$ & $0.0340295$ & $-0.00835861$ & $-0.00452431$ & $-0.00788287$ & $0.013869$ & $0.0164652$ & $0.00959327$ & $0.0379447$ & $0.0168696$ & $0.0347838$ & $-0.0274648$ & $0.0246687$ & $-0.034078$ & $-0.012877$ & $-0.0110855$ & $-0.00169503$ & $0.00670032$ & $-0.0157347$ & $0.0225952$ & $-0.00708889$ & $-0.0110175$ & $-0.00981586$ & $-0.0297945$ & $0.0442413$ \\
mtop & $-0.0879722$ & $-0.0324442$ & $1$ & $0.0256257$ & $-0.00382001$ & $0.0157155$ & $-0.0206246$ & $-0.00969293$ & $-0.0107359$ & $0.0194236$ & $0.0165401$ & $-0.00119008$ & $0.0191948$ & $0.00967889$ & $0.000100355$ & $0.0116821$ & $0.00538537$ & $0.00900419$ & $0.00717699$ & $-0.00554875$ & $-0.00720254$ & $-0.000257023$ & $-0.0348742$ & $0.00668285$ & $0.025035$ & $0.0415315$ & $-0.00398334$ & $0.00698568$ & $-0.00530852$ & $-0.0499559$ & $-0.0113503$ & $-0.0272407$ & $-0.024142$ & $-0.00753003$ & $0.0271582$ & $-0.00936852$ & $0.0197558$ & $-0.0644584$ & $0.00460943$ & $0.0358296$ & $0.087556$ & $-0.0574836$ & $0.0483762$ & $-0.041488$ & $-0.00948132$ & $0.0740736$ & $-0.0194843$ & $0.0123434$ & $-0.0387957$ \\
mHl & $0.0380085$ & $0.0194431$ & $0.0256257$ & $1$ & $-0.01605$ & $0.0187267$ & $0.00395434$ & $0.0233185$ & $0.0168121$ & $-0.0244291$ & $0.0102527$ & $0.00438605$ & $0.00280007$ & $-0.0536836$ & $-0.0771109$ & $-0.0253706$ & $-0.0521321$ & $-0.0104873$ & $-0.058031$ & $-0.0171483$ & $-0.000575501$ & $-0.00912603$ & $0.0238027$ & $-0.056175$ & $-0.040057$ & $-0.00260969$ & $0.0570815$ & $-0.00785132$ & $0.0262109$ & $0.0462722$ & $0.00903482$ & $0.00536639$ & $0.0177425$ & $0.0851696$ & $0.0111579$ & $-0.0287151$ & $-0.0268367$ & $-0.0327333$ & $0.00406636$ & $-0.0138485$ & $-0.0421418$ & $0.0403762$ & $-0.0178748$ & $-0.0204252$ & $0.0106394$ & $-0.0207342$ & $-0.00703125$ & $-0.0441902$ & $0.0103348$ \\
Mz & $-0.0164151$ & $-0.0137656$ & $-0.00382001$ & $-0.01605$ & $1$ & $0.012535$ & $0.025928$ & $-0.00497211$ & $-0.000989578$ & $-0.0156415$ & $0.0299499$ & $0.000170398$ & $-0.0139086$ & $-0.0340914$ & $-0.0366474$ & $0.0125432$ & $-0.0263023$ & $-0.00315635$ & $-0.0338378$ & $-0.0219461$ & $-0.0189708$ & $-0.00943498$ & $0.0165797$ & $-0.0136643$ & $-0.00944299$ & $-0.00362178$ & $0.0178572$ & $0.0105587$ & $0.00448067$ & $-0.0426649$ & $-0.0240754$ & $0.0212099$ & $-0.0172459$ & $0.0255271$ & $0.000531141$ & $0.0661441$ & $-0.0423168$ & $0.0198564$ & $0.0226323$ & $-0.0215587$ & $-0.0536749$ & $-0.0211499$ & $0.0255956$ & $-0.00644587$ & $-0.0163824$ & $-0.0158983$ & $0.0160313$ & $0.0301581$ & $0.00418152$ \\
CW & $0.0134646$ & $0.0213801$ & $0.0157155$ & $0.0187267$ & $0.012535$ & $1$ & $-0.0266593$ & $-0.102454$ & $-0.101482$ & $-0.00197586$ & $0.166905$ & $0.0188503$ & $0.0391066$ & $0.0146037$ & $-0.066389$ & $-0.0702113$ & $-0.257062$ & $-0.0649067$ & $-0.0646116$ & $-0.161211$ & $-0.167468$ & $-0.166218$ & $-0.0028974$ & $-0.0165912$ & $-0.112947$ & $0.0858867$ & $-0.0894736$ & $-0.0606985$ & $0.000560528$ & $0.0217053$ & $-0.0279322$ & $-0.0197388$ & $0.00232979$ & $-0.106736$ & $0.0297409$ & $0.0256855$ & $0.0119267$ & $-0.0384994$ & $-0.0223736$ & $-0.0283503$ & $0.0234437$ & $-0.0385178$ & $0.0225102$ & $0.0281172$ & $-0.00659749$ & $0.0208285$ & $-0.0242192$ & $0.0531835$ & $-0.0200646$ \\
CHG & $0.0140943$ & $-2.65843e-05$ & $-0.0206246$ & $0.00395434$ & $0.025928$ & $-0.0266593$ & $1$ & $-0.146037$ & $-0.0884628$ & $0.0843453$ & $0.0805922$ & $0.139188$ & $-0.321487$ & $0.0610893$ & $-0.015181$ & $-0.0270619$ & $0.145209$ & $0.129666$ & $0.13705$ & $-0.0805007$ & $-0.0853407$ & $-0.0818078$ & $0.0064112$ & $0.15488$ & $0.14375$ & $0.046476$ & $-0.0470575$ & $-0.0332882$ & $0.0180439$ & $-0.138493$ & $-0.0751871$ & $0.931354$ & $-0.170349$ & $-0.092657$ & $-0.0276372$ & $-0.050833$ & $0.0590789$ & $-0.00101544$ & $-0.0360513$ & $-0.00104469$ & $-0.00474981$ & $0.0231162$ & $0.0026104$ & $-0.0186754$ & $-0.0212139$ & $0.0197264$ & $-0.0289875$ & $-0.00956249$ & $-0.0261831$ \\
CHWB & $-0.0478038$ & $-0.0921777$ & $-0.00969293$ & $0.0233185$ & $-0.00497211$ & $-0.102454$ & $-0.146037$ & $1$ & $0.98104$ & $-0.569392$ & $-0.87111$ & $-0.414106$ & $0.356682$ & $0.0667969$ & $0.257605$ & $0.278006$ & $-0.253844$ & $-0.425216$ & $-0.437348$ & $0.839969$ & $0.890622$ & $0.873018$ & $0.0713017$ & $-0.675364$ & $-0.400467$ & $-0.496683$ & $0.449342$ & $0.328846$ & $-0.0105566$ & $0.119421$ & $0.0843335$ & $-0.134694$ & $0.104919$ & $0.583586$ & $-0.00090943$ & $0.0442127$ & $-0.0409296$ & $0.0169956$ & $0.0243922$ & $0.0277584$ & $-0.00877181$ & $-0.010596$ & $-0.0288666$ & $0.0607979$ & $0.0321448$ & $-0.00241007$ & $0.031662$ & $-0.0117075$ & $-0.0283163$ \\
CHWHB_gaga & $-0.0428378$ & $-0.0937006$ & $-0.0107359$ & $0.0168121$ & $-0.000989578$ & $-0.101482$ & $-0.0884628$ & $0.98104$ & $1$ & $-0.562571$ & $-0.851205$ & $-0.39434$ & $0.350734$ & $0.0566679$ & $0.248714$ & $0.276739$ & $-0.254595$ & $-0.420741$ & $-0.437937$ & $0.820946$ & $0.870542$ & $0.852193$ & $0.075519$ & $-0.666292$ & $-0.396173$ & $-0.488882$ & $0.443922$ & $0.319701$ & $0.000198764$ & $0.138789$ & $0.0925895$ & $-0.0892609$ & $0.124107$ & $0.575824$ & $-0.0190681$ & $0.0326399$ & $-0.0505131$ & $0.0141658$ & $0.0143311$ & $0.0218702$ & $-0.00960561$ & $-0.0118662$ & $0.0446752$ & $0.0589662$ & $0.028062$ & $0.00465003$ & $0.0340023$ & $-0.014801$ & $-0.0300869$ \\
CHWHB_gagaorth & $0.0178152$ & $0.0582905$ & $0.0194236$ & $-0.0244291$ & $-0.0156415$ & $-0.00197586$ & $0.0843453$ & $-0.569392$ & $-0.562571$ & $1$ & $0.347324$ & $0.672326$ & $-0.259367$ & $0.249416$ & $-0.126714$ & $-0.141971$ & $0.442323$ & $0.501155$ & $0.504288$ & $-0.33129$ & $-0.359416$ & $-0.361401$ & $-0.0538882$ & $0.546084$ & $0.484821$ & $0.195067$ & $-0.239725$ & $-0.153179$ & $-0.0154502$ & $-0.147168$ & $-0.0929116$ & $0.0931243$ & $-0.14688$ & $-0.340247$ & $0.0522209$ & $-0.000159888$ & $0.0523561$ & $-0.0268591$ & $-0.0042655$ & $-0.007218$ & $-0.0470908$ & $0.0227116$ & $-0.00240934$ & $-0.0301473$ & $0.00360172$ & $0.0302718$ & $-0.0292559$ & $-0.0172438$ & $0.0413072$ \\
CHD & $0.0199748$ & $0.066656$ & $0.0165401$ & $0.0102527$ & $0.0299499$ & $0.166905$ & $0.0805922$ & $-0.87111$ & $-0.851205$ & $0.347324$ & $1$ & $0.346065$ & $-0.166534$ & $-0.50214$ & $-0.394864$ & $-0.403972$ & $-0.218625$ & $0.0412495$ & $0.04834$ & $-0.990211$ & $-0.990668$ & $-0.969199$ & $-0.00573147$ & $0.296168$ & $0.0058542$ & $0.553476$ & $-0.304624$ & $-0.362458$ & $0.0291914$ & $-0.0648933$ & $-0.0714791$ & $0.0873151$ & $-0.0495296$ & $-0.375335$ & $0.0131896$ & $-0.0103248$ & $1.52804e-05$ & $-0.017891$ & $-0.0415627$ & $-0.0318461$ & $0.00776179$ & $0.00662593$ & $0.0346594$ & $-0.0724335$ & $-0.0432804$ & $-0.0143526$ & $-0.0450657$ & $0.0249065$ & $0.0146787$ \\
CHbox & $0.0289427$ & $0.0529533$ & $-0.00119008$ & $0.00438605$ & $0.000170398$ & $0.0188503$ & $0.139188$ & $-0.414106$ & $-0.39434$ & $0.672326$ & $0.346065$ & $1$ & $-0.488202$ & $-0.0112436$ & $-0.0784253$ & $-0.0689819$ & $0.129271$ & $0.187084$ & $0.177742$ & $-0.320831$ & $-0.355972$ & $-0.351984$ & $-0.0646096$ & $0.303022$ & $0.171488$ & $0.205659$ & $-0.221056$ & $-0.150008$ & $0.0160486$ & $0.0349629$ & $-0.0680569$ & $0.18852$ & $0.0222869$ & $-0.263003$ & $0.0895047$ & $0.0109183$ & $0.0275683$ & $0.0064823$ & $-0.00464698$ & $-0.00721669$ & $-0.0330693$ & $0.0154099$ & $0.012715$ & $-0.0291442$ & $-0.0202515$ & $-0.00951129$ & $-0.0421064$ & $-0.02178$ & $0.0315048$ \\
CH & $-0.0312027$ & $-0.00148965$ & $0.0191948$ & $0.00280007$ & $-0.0139086$ & $0.0391066$ & $-0.321487$ & $0.356682$ & $0.350734$ & $-0.259367$ & $-0.166534$ & $-0.488202$ & $1$ & $-0.249267$ & $0.0533373$ & $0.0625037$ & $-0.376974$ & $-0.389155$ & $-0.393975$ & $0.159099$ & $0.179142$ & $0.178161$ & $0.0552359$ & $-0.415658$ & $-0.38695$ & $-0.103915$ & $0.14898$ & $0.046423$ & $0.0225844$ & $0.270465$ & $0.118405$ & $-0.26533$ & $0.31175$ & $0.233427$ & $0.0449324$ & $0.050215$ & $-0.0240722$ & $-0.0276528$ & $-0.00897901$ & $-0.00187287$ & $0.0250523$ & $0.00607193$ & $-0.0211457$ & $0.0204182$ & $0.00158667$ & $0.0194154$ & $0.000602906$ & $0.00609109$ & $-0.00881465$ \\
CHL1_11 & $0.00845456$ & $-0.013318$ & $0.00967889$ & $-0.0536836$ & $-0.0340914$ & $0.0146037$ & $0.0610893$ & $0.0667969$ & $0.0566679$ & $0.249416$ & $-0.50214$ & $-0.0112436$ & $-0.249267$ & $1$ & $0.2874$ & $0.251128$ & $0.679462$ & $0.616275$ & $0.636906$ & $0.525392$ & $0.458155$ & $0.443551$ & $-0.101014$ & $0.495863$ & $0.621468$ & $-0.259659$ & $-0.121593$ & $0.165953$ & $-0.0330207$ & $-0.0742375$ & $-0.0067914$ & $0.035985$ & $-0.0707406$ & $-0.243696$ & $-0.01878$ & $-0.062619$ & $0.0488812$ & $-0.00240482$ & $0.0414578$ & $-0.000119632$ & $0.00411338$ & $-0.00749204$ & $-0.0202775$ & $0.0478029$ & $0.0403942$ & $0.0384024$ & $0.0408496$ & $-0.00134287$ & $0.00997931$ \\
CHL1_22 & $-0.0179526$ & $-0.0170748$ & $0.000100355$ & $-0.0771109$ & $-0.0366474$ & $-0.066389$ & $-0.015181$ & $0.257605$ & $0.248714$ & $-0.126714$ & $-0.394864$ & $-0.0784253$ & $0.0533373$ & $0.2874$ & $1$ & $0.433716$ & $0.171687$ & $-0.415999$ & $0.0114756$ & $0.459744$ & $0.306413$ & $0.301959$ & $-0.217085$ & $0.153281$ & $-0.108353$ & $-0.154882$ & $-0.407106$ & $0.121361$ & $-0.0333367$ & $0.0306699$ & $0.0563685$ & $-0.00741804$ & $0.0312833$ & $-0.603611$ & $0.00586603$ & $-0.0266222$ & $0.0403165$ & $0.0124243$ & $0.0523601$ & $-0.00394562$ & $0.0430581$ & $0.0217538$ & $-0.0368545$ & $0.0423526$ & $-0.0014409$ & $0.00837276$ & $0.065358$ & $-0.0108394$ & $-0.0225093$ \\
CHL1_33 & $-0.0374398$ & $-0.00248$ & $0.0116821$ & $-0.0253706$ & $0.0125432$ & $-0.0702113$ & $-0.0270619$ & $0.278006$ & $0.276739$ & $-0.141971$ & $-0.403972$ & $-0.0689819$ & $0.0625037$ & $0.251128$ & $0.433716$ & $1$ & $0.17019$ & $-0.0135942$ & $-0.403176$ & $0.467885$ & $0.324976$ & $0.344676$ & $-0.154801$ & $0.10422$ & $-0.117361$ & $-0.1881$ & $-0.378259$ & $0.0995336$ & $-0.0181247$ & $0.0611741$ & $0.0569612$ & $-0.0255956$ & $0.0791894$ & $-0.0941816$ & $0.011143$ & $-0.0212946$ & $0.0445542$ & $0.0172574$ & $0.0354863$ & $0.0133115$ & $-0.00955248$ & $0.0175025$ & $0.0146562$ & $0.0146913$ & $0.0225196$ & $0.0273921$ & $0.0310382$ & $0.0030537$ & $0.0321656$ \\
CHL3_11 & $0.0474286$ & $0.0350949$ & $0.00538537$ & $-0.0521321$ & $-0.0263023$ & $-0.257062$ & $0.145209$ & $-0.253844$ & $-0.254595$ & $0.442323$ & $-0.218625$ & $0.129271$ & $-0.376974$ & $0.679462$ & $0.171687$ & $0.17019$ & $1$ & $0.755114$ & $0.748659$ & $0.243707$ & $0.182731$ & $0.173909$ & $-0.0915814$ & $0.689793$ & $0.781165$ & $-0.0992583$ & $-0.180588$ & $0.0616803$ & $-0.036915$ & $-0.114504$ & $-0.0302127$ & $0.103345$ & $-0.121736$ & $-0.262937$ & $-0.0340382$ & $-0.0498016$ & $0.0753633$ & $0.000906514$ & $0.0196791$ & $0.0239516$ & $-0.00935655$ & $0.0128703$ & $-0.0112763$ & $0.0167011$ & $0.0103268$ & $0.0217457$ & $0.0166043$ & $-0.0441564$ & $0.0283341$ \\
CHL3_22 & $0.0454094$ & $0.0326217$ & $0.00900419$ & $-0.0104873$ & $-0.00315635$ & $-0.0649067$ & $0.129666$ & $-0.425216$ & $-0.420741$ & $0.501155$ & $0.0412495$ & $0.187084$ & $-0.389155$ & $0.616275$ & $-0.415999$ & $-0.0135942$ & $0.755114$ & $1$ & $0.687313$ & $-0.0388132$ & $-0.0380433$ & $-0.0396859$ & $0.0138372$ & $0.615625$ & $0.798296$ & $0.00924693$ & $-0.0265323$ & $-0.0268422$ & $-0.00971338$ & $-0.121877$ & $-0.0610516$ & $0.0908834$ & $-0.119561$ & $0.0101144$ & $-0.0285724$ & $-0.0464758$ & $0.0519528$ & $-0.00905872$ & $-0.00709898$ & $0.00981525$ & $-0.0261944$ & $-0.0088324$ & $0.0167516$ & $-0.00981596$ & $0.0190279$ & $0.0282846$ & $-0.0156483$ & $-0.0140326$ & $0.0428643$ \\
CHL3_33 & $0.0547472$ & $0.0190572$ & $0.00717699$ & $-0.058031$ & $-0.0338378$ & $-0.0646116$ & $0.13705$ & $-0.437348$ & $-0.437937$ & $0.504288$ & $0.04834$ & $0.177742$ & $-0.393975$ & $0.636906$ & $0.0114756$ & $-0.403176$ & $0.748659$ & $0.687313$ & $1$ & $-0.044917$ & $-0.051723$ & $-0.049977$ & $-0.0328878$ & $0.649243$ & $0.801196$ & $0.0352669$ & $-0.0458038$ & $-0.0160398$ & $-0.0323831$ & $-0.14463$ & $-0.0603973$ & $0.104463$ & $-0.150335$ & $-0.375435$ & $-0.0317432$ & $-0.0497143$ & $0.0385296$ & $-0.0068417$ & $0.00762862$ & $-0.00253271$ & $0.0116278$ & $-0.00924154$ & $-0.0125153$ & $0.0100328$ & $0.00237626$ & $0.0154379$ & $0.00959603$ & $-0.0126878$ & $-0.000146175$ \\
CHe_11 & $-0.0285787$ & $-0.0396405$ & $-0.00554875$ & $-0.0171483$ & $-0.0219461$ & $-0.161211$ & $-0.0805007$ & $0.839969$ & $0.820946$ & $-0.33129$ & $-0.990211$ & $-0.320831$ & $0.159099$ & $0.525392$ & $0.459744$ & $0.467885$ & $0.243707$ & $-0.0388132$ & $-0.044917$ & $1$ & $0.972374$ & $0.952244$ & $-0.0177406$ & $-0.239337$ & $0.00419766$ & $-0.542504$ & $0.22995$ & $0.356174$ & $-0.0320205$ & $0.0668591$ & $0.0762799$ & $-0.0862577$ & $0.0541016$ & $0.297656$ & $-0.0104678$ & $0.00501106$ & $0.0082222$ & $0.01753$ & $0.0432359$ & $0.0293736$ & $-0.00356036$ & $-0.00855723$ & $-0.0349496$ & $0.0732456$ & $0.0426548$ & $0.0192044$ & $0.0496685$ & $-0.027552$ & $-0.0110746$ \\
CHe_22 & $-0.0276472$ & $-0.039944$ & $-0.00720254$ & $-0.000575501$ & $-0.0189708$ & $-0.167468$ & $-0.0853407$ & $0.890622$ & $0.870542$ & $-0.359416$ & $-0.990668$ & $-0.355972$ & $0.179142$ & $0.458155$ & $0.306413$ & $0.324976$ & $0.182731$ & $-0.0380433$ & $-0.051723$ & $0.972374$ & $1$ & $0.974126$ & $0.036961$ & $-0.354551$ & $-0.0142576$ & $-0.556933$ & $0.387897$ & $0.368241$ & $-0.0266306$ & $0.0650586$ & $0.0679012$ & $-0.0922484$ & $0.0480936$ & $0.465466$ & $-0.0148185$ & $0.0144193$ & $-0.00721045$ & $0.0153275$ & $0.0347295$ & $0.0332731$ & $-0.0166596$ & $-0.010443$ & $-0.0350863$ & $0.0731721$ & $0.0401098$ & $0.0127562$ & $0.0384887$ & $-0.026212$ & $-0.0155717$ \\
CHe_33 & $-0.0329764$ & $-0.0396475$ & $-0.000257023$ & $-0.00912603$ & $-0.00943498$ & $-0.166218$ & $-0.0818078$ & $0.873018$ & $0.852193$ & $-0.361401$ & $-0.969199$ & $-0.351984$ & $0.178161$ & $0.443551$ & $0.301959$ & $0.344676$ & $0.173909$ & $-0.0396859$ & $-0.049977$ & $0.952244$ & $0.974126$ & $1$ & $0.0331258$ & $-0.346508$ & $-0.0143327$ & $-0.538907$ & $0.381858$ & $0.353695$ & $-0.0265169$ & $0.0631552$ & $0.0716268$ & $-0.0881383$ & $0.0513984$ & $0.456387$ & $-0.0133433$ & $0.0164753$ & $-0.00904612$ & $0.0223213$ & $0.0256229$ & $0.0352478$ & $-0.00800239$ & $-0.0142375$ & $-0.0340385$ & $0.0601871$ & $0.044949$ & $0.00812649$ & $0.0372507$ & $-0.0213305$ & $-0.0206891$ \\
CHQ1_11 & $-0.00248955$ & $0.0115219$ & $-0.0348742$ & $0.0238027$ & $0.0165797$ & $-0.0028974$ & $0.0064112$ & $0.0713017$ & $0.075519$ & $-0.0538882$ & $-0.00573147$ & $-0.0646096$ & $0.0552359$ & $-0.101014$ & $-0.217085$ & $-0.154801$ & $-0.0915814$ & $0.0138372$ & $-0.0328878$ & $-0.0177406$ & $0.036961$ & $0.0331258$ & $1$ & $-0.163456$ & $0.0506226$ & $-0.67887$ & $0.333847$ & $-0.010722$ & $0.0244496$ & $-0.0289926$ & $-0.00687571$ & $0.00431997$ & $-0.0213346$ & $0.233132$ & $0.033391$ & $0.0445923$ & $-0.0287336$ & $-0.00450831$ & $-0.0197268$ & $0.0413035$ & $-0.0062918$ & $0.0211049$ & $0.0200671$ & $-0.0178944$ & $-0.0167069$ & $-0.037541$ & $-0.0342167$ & $0.0240319$ & $-0.0276639$ \\
CHQ1_33 & $-0.0185539$ & $0.0343851$ & $0.00668285$ & $-0.056175$ & $-0.0136643$ & $-0.0165912$ & $0.15488$ & $-0.675364$ & $-0.666292$ & $0.546084$ & $0.296168$ & $0.303022$ & $-0.415658$ & $0.495863$ & $0.153281$ & $0.10422$ & $0.689793$ & $0.615625$ & $0.649243$ & $-0.239337$ & $-0.354551$ & $-0.346508$ & $-0.163456$ & $1$ & $0.644815$ & $0.206764$ & $-0.452928$ & $-0.0392021$ & $-0.0159616$ & $-0.131698$ & $-0.0696436$ & $0.122548$ & $-0.12332$ & $-0.656024$ & $-0.023182$ & $-0.0548162$ & $0.0650826$ & $0.000383941$ & $0.00986259$ & $-0.0234762$ & $0.00403086$ & $0.0169474$ & $-0.00215158$ & $0.00303435$ & $-0.000921245$ & $0.0345554$ & $-0.0206096$ & $0.00700332$ & $0.0223226$ \\
CHQ3_11 & $-0.0858277$ & $0.0296544$ & $0.025035$ & $-0.040057$ & $-0.00944299$ & $-0.112947$ & $0.14375$ & $-0.400467$ & $-0.396173$ & $0.484821$ & $0.0058542$ & $0.171488$ & $-0.38695$ & $0.621468$ & $-0.108353$ & $-0.117361$ & $0.781165$ & $0.798296$ & $0.801196$ & $0.00419766$ & $-0.0142576$ & $-0.0143327$ & $0.0506226$ & $0.644815$ & $1$ & $0.0264065$ & $0.176784$ & $-0.021156$ & $-0.0215705$ & $-0.148138$ & $-0.0543415$ & $0.103549$ & $-0.152223$ & $-0.219477$ & $-0.0181218$ & $-0.0713056$ & $0.0554085$ & $-0.0201576$ & $0.000721603$ & $0.0221696$ & $0.0267914$ & $0.0217759$ & $0.00487003$ & $-0.00813099$ & $-0.0143897$ & $0.0165967$ & $0.000836696$ & $-0.0147372$ & $-0.000369396$ \\
CHu_11 & $-0.0263144$ & $0.0340295$ & $0.0415315$ & $-0.00260969$ & $-0.00362178$ & $0.0858867$ & $0.046476$ & $-0.496683$ & $-0.488882$ & $0.195067$ & $0.553476$ & $0.205659$ & $-0.103915$ & $-0.259659$ & $-0.154882$ & $-0.1881$ & $-0.0992583$ & $0.00924693$ & $0.0352669$ & $-0.542504$ & $-0.556933$ & $-0.538907$ & $-0.67887$ & $0.206764$ & $0.0264065$ & $1$ & $-0.168046$ & $-0.190888$ & $-0.00650457$ & $-0.0123635$ & $-0.0401691$ & $0.0508944$ & $-0.00978253$ & $-0.269073$ & $0.0042367$ & $-0.0267579$ & $0.0245544$ & $-0.00675002$ & $-0.00813309$ & $-0.0367991$ & $0.0194707$ & $-0.000677397$ & $0.00694623$ & $-0.0419957$ & $-0.0318483$ & $0.00956242$ & $-0.0176992$ & $-0.0250831$ & $0.0409784$ \\
CHd_11 & $-0.0499321$ & $-0.00835861$ & $-0.00398334$ & $0.0570815$ & $0.0178572$ & $-0.0894736$ & $-0.0470575$ & $0.449342$ & $0.443922$ & $-0.239725$ & $-0.304624$ & $-0.221056$ & $0.14898$ & $-0.121593$ & $-0.407106$ & $-0.378259$ & $-0.180588$ & $-0.0265323$ & $-0.0458038$ & $0.22995$ & $0.387897$ & $0.381858$ & $0.333847$ & $-0.452928$ & $0.176784$ & $-0.168046$ & $1$ & $0.117191$ & $0.00338004$ & $0.0123419$ & $-0.000628371$ & $-0.0557369$ & $-0.00954984$ & $0.694201$ & $-4.90506e-05$ & $0.0312721$ & $-0.0469856$ & $-0.0106376$ & $-0.0308668$ & $0.0349314$ & $0.0121915$ & $0.0122158$ & $-0.0045207$ & $0.00385954$ & $-0.0201825$ & $-0.025546$ & $-0.0342843$ & $-0.00551282$ & $-0.0401329$ \\
CHd_33 & $-0.00959819$ & $-0.00452431$ & $0.00698568$ & $-0.00785132$ & $0.0105587$ & $-0.0606985$ & $-0.0332882$ & $0.328846$ & $0.319701$ & $-0.153179$ & $-0.362458$ & $-0.150008$ & $0.046423$ & $0.165953$ & $0.121361$ & $0.0995336$ & $0.0616803$ & $-0.0268422$ & $-0.0160398$ & $0.356174$ & $0.368241$ & $0.353695$ & $-0.010722$ & $-0.0392021$ & $-0.021156$ & $-0.190888$ & $0.117191$ & $1$ & $-0.0398426$ & $-0.0215916$ & $0.00335244$ & $-0.0476229$ & $-0.0116121$ & $0.163943$ & $-0.075401$ & $0.0472134$ & $0.0259293$ & $0.00934723$ & $0.0324681$ & $0.023185$ & $0.00190603$ & $-0.00843058$ & $-0.0160359$ & $0.0719616$ & $0.0422474$ & $-0.00233331$ & $-0.0283035$ & $0.0315147$ & $-0.01226$ \\
CeH_22r & $-0.029587$ & $-0.00788287$ & $-0.00530852$ & $0.0262109$ & $0.00448067$ & $0.000560528$ & $0.0180439$ & $-0.0105566$ & $0.000198764$ & $-0.0154502$ & $0.0291914$ & $0.0160486$ & $0.0225844$ & $-0.0330207$ & $-0.0333367$ & $-0.0181247$ & $-0.036915$ & $-0.00971338$ & $-0.0323831$ & $-0.0320205$ & $-0.0266306$ & $-0.0265169$ & $0.0244496$ & $-0.0159616$ & $-0.0215705$ & $-0.00650457$ & $0.00338004$ & $-0.0398426$ & $1$ & $0.0780225$ & $0.0374814$ & $-0.0044957$ & $0.0453617$ & $0.0173341$ & $-0.0450284$ & $0.00715056$ & $0.000341105$ & $0.0339955$ & $0.0129844$ & $-0.00197768$ & $0.0233532$ & $-0.0114378$ & $0.0382693$ & $-0.0113023$ & $0.00228844$ & $0.00224473$ & $0.016943$ & $-0.00348863$ & $0.0106595$ \\
CeH_33r & $0.0495512$ & $0.013869$ & $-0.0499559$ & $0.0462722$ & $-0.0426649$ & $0.0217053$ & $-0.138493$ & $0.119421$ & $0.138789$ & $-0.147168$ & $-0.0648933$ & $0.0349629$ & $0.270465$ & $-0.0742375$ & $0.0306699$ & $0.0611741$ & $-0.114504$ & $-0.121877$ & $-0.14463$ & $0.0668591$ & $0.0650586$ & $0.0631552$ & $-0.0289926$ & $-0.131698$ & $-0.148138$ & $-0.0123635$ & $0.0123419$ & $-0.0215916$ & $0.0780225$ & $1$ & $0.272271$ & $0.0138804$ & $0.637214$ & $0.0704041$ & $-0.0645738$ & $-0.0582627$ & $-0.197421$ & $0.0048912$ & $-0.0304748$ & $-0.0033746$ & $0.0226547$ & $-0.000802528$ & $-0.0205447$ & $0.0399951$ & $0.0508801$ & $-0.0268944$ & $-0.0051149$ & $-0.00457461$ & $0.0189751$ \\
CuH_22r & $-0.0208058$ & $0.0164652$ & $-0.0113503$ & $0.00903482$ & $-0.0240754$ & $-0.0279322$ & $-0.0751871$ & $0.0843335$ & $0.0925895$ & $-0.0929116$ & $-0.0714791$ & $-0.0680569$ & $0.118405$ & $-0.0067914$ & $0.0563685$ & $0.0569612$ & $-0.0302127$ & $-0.0610516$ & $-0.0603973$ & $0.0762799$ & $0.0679012$ & $0.0716268$ & $-0.00687571$ & $-0.0696436$ & $-0.0543415$ & $-0.0401691$ & $-0.000628371$ & $0.00335244$ & $0.0374814$ & $0.272271$ & $1$ & $0.00834746$ & $0.31065$ & $0.0239153$ & $-0.0589161$ & $-0.00655065$ & $-0.0755026$ & $-0.0262637$ & $0.00142163$ & $-0.0208934$ & $-0.0289692$ & $-0.0121949$ & $-0.000837513$ & $-0.0157056$ & $0.0677555$ & $0.0317685$ & $0.409564$ & $0.00666694$ & $0.0154936$ \\
CuH_33r & $0.0148299$ & $0.00959327$ & $-0.0272407$ & $0.00536639$ & $0.0212099$ & $-0.0197388$ & $0.931354$ & $-0.134694$ & $-0.0892609$ & $0.0931243$ & $0.0873151$ & $0.18852$ & $-0.26533$ & $0.035985$ & $-0.00741804$ & $-0.0255956$ & $0.103345$ & $0.0908834$ & $0.104463$ & $-0.0862577$ & $-0.0922484$ & $-0.0881383$ & $0.00431997$ & $0.122548$ & $0.103549$ & $0.0508944$ & $-0.0557369$ & $-0.0476229$ & $-0.0044957$ & $0.0138804$ & $0.00834746$ & $1$ & $0.00639877$ & $-0.0933596$ & $0.0646027$ & $-0.00116001$ & $0.0166498$ & $-0.00665814$ & $-0.0223321$ & $0.00107674$ & $0.00689061$ & $0.0190313$ & $-0.000588935$ & $-0.00125474$ & $-0.0209117$ & $0.0100261$ & $-0.0334529$ & $-0.00870225$ & $-0.0165607$ \\
CdH_33r & $0.0245555$ & $0.0379447$ & $-0.024142$ & $0.0177425$ & $-0.0172459$ & $0.00232979$ & $-0.170349$ & $0.104919$ & $0.124107$ & $-0.14688$ & $-0.0495296$ & $0.0222869$ & $0.31175$ & $-0.0707406$ & $0.0312833$ & $0.0791894$ & $-0.121736$ & $-0.119561$ & $-0.150335$ & $0.0541016$ & $0.0480936$ & $0.0513984$ & $-0.0213346$ & $-0.12332$ & $-0.152223$ & $-0.00978253$ & $-0.00954984$ & $-0.0116121$ & $0.0453617$ & $0.637214$ & $0.31065$ & $0.00639877$ & $1$ & $0.0586542$ & $-0.0321285$ & $-0.0413444$ & $-0.214771$ & $-0.0385236$ & $-0.0127481$ & $-0.0338406$ & $0.0285818$ & $0.0289983$ & $-0.00457746$ & $0.0114058$ & $-0.00967163$ & $-0.0205584$ & $-0.0251893$ & $0.17577$ & $0.515092$ \\
CLL_1221 & $-0.0182393$ & $0.0168696$ & $-0.00753003$ & $0.0851696$ & $0.0255271$ & $-0.106736$ & $-0.092657$ & $0.583586$ & $0.575824$ & $-0.340247$ & $-0.375335$ & $-0.263003$ & $0.233427$ & $-0.243696$ & $-0.603611$ & $-0.0941816$ & $-0.262937$ & $0.0101144$ & $-0.375435$ & $0.297656$ & $0.465466$ & $0.456387$ & $0.233132$ & $-0.656024$ & $-0.219477$ & $-0.269073$ & $0.694201$ & $0.163943$ & $0.0173341$ & $0.0704041$ & $0.0239153$ & $-0.0933596$ & $0.0586542$ & $1$ & $-0.0100431$ & $0.060052$ & $-0.056425$ & $0.00121778$ & $-0.0310849$ & $0.03289$ & $-0.0450056$ & $-0.0190456$ & $0.00523506$ & $0.0124699$ & $0.0198729$ & $-0.0146751$ & $-0.0291702$ & $-0.0138159$ & $0.00338594$ \\
eHggint & $-0.053667$ & $0.0347838$ & $0.0271582$ & $0.0111579$ & $0.000531141$ & $0.0297409$ & $-0.0276372$ & $-0.00090943$ & $-0.0190681$ & $0.0522209$ & $0.0131896$ & $0.0895047$ & $0.0449324$ & $-0.01878$ & $0.00586603$ & $0.011143$ & $-0.0340382$ & $-0.0285724$ & $-0.0317432$ & $-0.0104678$ & $-0.0148185$ & $-0.0133433$ & $0.033391$ & $-0.023182$ & $-0.0181218$ & $0.0042367$ & $-4.90506e-05$ & $-0.075401$ & $-0.0450284$ & $-0.0645738$ & $-0.0589161$ & $0.0646027$ & $-0.0321285$ & $-0.0100431$ & $1$ & $-0.0609676$ & $0.0168207$ & $0.024386$ & $0.0425105$ & $0.0285667$ & $0.0290165$ & $-0.0155078$ & $0.0425316$ & $0.0329111$ & $-0.00701459$ & $-0.0305237$ & $-0.058412$ & $-0.0876763$ & $0.0532811$ \\
eHggpar & $0.037174$ & $-0.0274648$ & $-0.00936852$ & $-0.0287151$ & $0.0661441$ & $0.0256855$ & $-0.050833$ & $0.0442127$ & $0.0326399$ & $-0.000159888$ & $-0.0103248$ & $0.0109183$ & $0.050215$ & $-0.062619$ & $-0.0266222$ & $-0.0212946$ & $-0.0498016$ & $-0.0464758$ & $-0.0497143$ & $0.00501106$ & $0.0144193$ & $0.0164753$ & $0.0445923$ & $-0.0548162$ & $-0.0713056$ & $-0.0267579$ & $0.0312721$ & $0.0472134$ & $0.00715056$ & $-0.0582627$ & $-0.00655065$ & $-0.00116001$ & $-0.0413444$ & $0.060052$ & $-0.0609676$ & $1$ & $0.0196531$ & $-0.0351325$ & $0.0473336$ & $0.00306887$ & $-0.0032642$ & $-0.00903804$ & $0.0193125$ & $0.0140363$ & $-0.0397986$ & $-0.0348974$ & $0.0230272$ & $-0.00156873$ & $-0.00866119$ \\
eHWWint & $0.0551943$ & $0.0246687$ & $0.0197558$ & $-0.0268367$ & $-0.0423168$ & $0.0119267$ & $0.0590789$ & $-0.0409296$ & $-0.0505131$ & $0.0523561$ & $1.52804e-05$ & $0.0275683$ & $-0.0240722$ & $0.0488812$ & $0.0403165$ & $0.0445542$ & $0.0753633$ & $0.0519528$ & $0.0385296$ & $0.0082222$ & $-0.00721045$ & $-0.00904612$ & $-0.0287336$ & $0.0650826$ & $0.0554085$ & $0.0245544$ & $-0.0469856$ & $0.0259293$ & $0.000341105$ & $-0.197421$ & $-0.0755026$ & $0.0166498$ & $-0.214771$ & $-0.056425$ & $0.0168207$ & $0.0196531$ & $1$ & $-0.0293753$ & $0.0116933$ & $-0.0204027$ & $-0.0236099$ & $-0.00914884$ & $0.0289278$ & $-0.0265189$ & $0.0278616$ & $0.0233695$ & $0.0277538$ & $0.0156743$ & $-0.0291786$ \\
eHWWpar & $0.0116038$ & $-0.034078$ & $-0.0644584$ & $-0.0327333$ & $0.0198564$ & $-0.0384994$ & $-0.00101544$ & $0.0169956$ & $0.0141658$ & $-0.0268591$ & $-0.017891$ & $0.0064823$ & $-0.0276528$ & $-0.00240482$ & $0.0124243$ & $0.0172574$ & $0.000906514$ & $-0.00905872$ & $-0.0068417$ & $0.01753$ & $0.0153275$ & $0.0223213$ & $-0.00450831$ & $0.000383941$ & $-0.0201576$ & $-0.00675002$ & $-0.0106376$ & $0.00934723$ & $0.0339955$ & $0.0048912$ & $-0.0262637$ & $-0.00665814$ & $-0.0385236$ & $0.00121778$ & $0.024386$ & $-0.0351325$ & $-0.0293753$ & $1$ & $0.0150884$ & $0.0169921$ & $0.043826$ & $-0.0124828$ & $-0.0269929$ & $0.00274075$ & $0.0304837$ & $0.00621476$ & $-0.0442723$ & $-0.0410615$ & $-0.0104735$ \\
eHZZint & $-0.0421008$ & $-0.012877$ & $0.00460943$ & $0.00406636$ & $0.0226323$ & $-0.0223736$ & $-0.0360513$ & $0.0243922$ & $0.0143311$ & $-0.0042655$ & $-0.0415627$ & $-0.00464698$ & $-0.00897901$ & $0.0414578$ & $0.0523601$ & $0.0354863$ & $0.0196791$ & $-0.00709898$ & $0.00762862$ & $0.0432359$ & $0.0347295$ & $0.0256229$ & $-0.0197268$ & $0.00986259$ & $0.000721603$ & $-0.00813309$ & $-0.0308668$ & $0.0324681$ & $0.0129844$ & $-0.0304748$ & $0.00142163$ & $-0.0223321$ & $-0.0127481$ & $-0.0310849$ & $0.0425105$ & $0.0473336$ & $0.0116933$ & $0.0150884$ & $1$ & $-0.0191203$ & $-0.0325107$ & $-0.0520886$ & $0.0118949$ & $-0.0427505$ & $0.0398578$ & $0.0298577$ & $-0.00436292$ & $0.0351187$ & $0.0276278$ \\
eHZZpar & $-0.0110974$ & $-0.0110855$ & $0.0358296$ & $-0.0138485$ & $-0.0215587$ & $-0.0283503$ & $-0.00104469$ & $0.0277584$ & $0.0218702$ & $-0.007218$ & $-0.0318461$ & $-0.00721669$ & $-0.00187287$ & $-0.000119632$ & $-0.00394562$ & $0.0133115$ & $0.0239516$ & $0.00981525$ & $-0.00253271$ & $0.0293736$ & $0.0332731$ & $0.0352478$ & $0.0413035$ & $-0.0234762$ & $0.0221696$ & $-0.0367991$ & $0.0349314$ & $0.023185$ & $-0.00197768$ & $-0.0033746$ & $-0.0208934$ & $0.00107674$ & $-0.0338406$ & $0.03289$ & $0.0285667$ & $0.00306887$ & $-0.0204027$ & $0.0169921$ & $-0.0191203$ & $1$ & $-0.00798642$ & $-0.0377346$ & $-0.00152691$ & $-0.0372966$ & $-0.0413861$ & $-0.00295022$ & $-0.0102075$ & $-0.0544266$ & $-0.0350211$ \\
eHZgaint & $-0.0311394$ & $-0.00169503$ & $0.087556$ & $-0.0421418$ & $-0.0536749$ & $0.0234437$ & $-0.00474981$ & $-0.00877181$ & $-0.00960561$ & $-0.0470908$ & $0.00776179$ & $-0.0330693$ & $0.0250523$ & $0.00411338$ & $0.0430581$ & $-0.00955248$ & $-0.00935655$ & $-0.0261944$ & $0.0116278$ & $-0.00356036$ & $-0.0166596$ & $-0.00800239$ & $-0.0062918$ & $0.00403086$ & $0.0267914$ & $0.0194707$ & $0.0121915$ & $0.00190603$ & $0.0233532$ & $0.0226547$ & $-0.0289692$ & $0.00689061$ & $0.0285818$ & $-0.0450056$ & $0.0290165$ & $-0.0032642$ & $-0.0236099$ & $0.043826$ & $-0.0325107$ & $-0.00798642$ & $1$ & $-0.0114193$ & $-0.0141463$ & $-0.00829936$ & $-0.0216255$ & $-0.0101671$ & $0.0112812$ & $-0.0507635$ & $-0.0105451$ \\
eHZgapar & $0.00278269$ & $0.00670032$ & $-0.0574836$ & $0.0403762$ & $-0.0211499$ & $-0.0385178$ & $0.0231162$ & $-0.010596$ & $-0.0118662$ & $0.0227116$ & $0.00662593$ & $0.0154099$ & $0.00607193$ & $-0.00749204$ & $0.0217538$ & $0.0175025$ & $0.0128703$ & $-0.0088324$ & $-0.00924154$ & $-0.00855723$ & $-0.010443$ & $-0.0142375$ & $0.0211049$ & $0.0169474$ & $0.0217759$ & $-0.000677397$ & $0.0122158$ & $-0.00843058$ & $-0.0114378$ & $-0.000802528$ & $-0.0121949$ & $0.0190313$ & $0.0289983$ & $-0.0190456$ & $-0.0155078$ & $-0.00903804$ & $-0.00914884$ & $-0.0124828$ & $-0.0520886$ & $-0.0377346$ & $-0.0114193$ & $1$ & $-0.0340006$ & $-0.00929292$ & $-0.0310211$ & $-0.0332029$ & $-0.0292529$ & $0.0157347$ & $0.0153127$ \\
eHgagaint & $0.0116103$ & $-0.0157347$ & $0.0483762$ & $-0.0178748$ & $0.0255956$ & $0.0225102$ & $0.0026104$ & $-0.0288666$ & $0.0446752$ & $-0.00240934$ & $0.0346594$ & $0.012715$ & $-0.0211457$ & $-0.0202775$ & $-0.0368545$ & $0.0146562$ & $-0.0112763$ & $0.0167516$ & $-0.0125153$ & $-0.0349496$ & $-0.0350863$ & $-0.0340385$ & $0.0200671$ & $-0.00215158$ & $0.00487003$ & $0.00694623$ & $-0.0045207$ & $-0.0160359$ & $0.0382693$ & $-0.0205447$ & $-0.000837513$ & $-0.000588935$ & $-0.00457746$ & $0.00523506$ & $0.0425316$ & $0.0193125$ & $0.0289278$ & $-0.0269929$ & $0.0118949$ & $-0.00152691$ & $-0.0141463$ & $-0.0340006$ & $1$ & $0.0118507$ & $-0.00888777$ & $0.0465038$ & $-0.00211427$ & $-0.00820539$ & $0.00577403$ \\
eHmumuint & $-0.0259356$ & $0.0225952$ & $-0.041488$ & $-0.0204252$ & $-0.00644587$ & $0.0281172$ & $-0.0186754$ & $0.0607979$ & $0.0589662$ & $-0.0301473$ & $-0.0724335$ & $-0.0291442$ & $0.0204182$ & $0.0478029$ & $0.0423526$ & $0.0146913$ & $0.0167011$ & $-0.00981596$ & $0.0100328$ & $0.0732456$ & $0.0731721$ & $0.0601871$ & $-0.0178944$ & $0.00303435$ & $-0.00813099$ & $-0.0419957$ & $0.00385954$ & $0.0719616$ & $-0.0113023$ & $0.0399951$ & $-0.0157056$ & $-0.00125474$ & $0.0114058$ & $0.0124699$ & $0.0329111$ & $0.0140363$ & $-0.0265189$ & $0.00274075$ & $-0.0427505$ & $-0.0372966$ & $-0.00829936$ & $-0.00929292$ & $0.0118507$ & $1$ & $0.0406789$ & $0.0646348$ & $-0.0185351$ & $-0.0351084$ & $-0.0130558$ \\
eHtautauint & $-0.00816661$ & $-0.00708889$ & $-0.00948132$ & $0.0106394$ & $-0.0163824$ & $-0.00659749$ & $-0.0212139$ & $0.0321448$ & $0.028062$ & $0.00360172$ & $-0.0432804$ & $-0.0202515$ & $0.00158667$ & $0.0403942$ & $-0.0014409$ & $0.0225196$ & $0.0103268$ & $0.0190279$ & $0.00237626$ & $0.0426548$ & $0.0401098$ & $0.044949$ & $-0.0167069$ & $-0.000921245$ & $-0.0143897$ & $-0.0318483$ & $-0.0201825$ & $0.0422474$ & $0.00228844$ & $0.0508801$ & $0.0677555$ & $-0.0209117$ & $-0.00967163$ & $0.0198729$ & $-0.00701459$ & $-0.0397986$ & $0.0278616$ & $0.0304837$ & $0.0398578$ & $-0.0413861$ & $-0.0216255$ & $-0.0310211$ & $-0.00888777$ & $0.0406789$ & $1$ & $-0.0178634$ & $0.0542181$ & $0.000807895$ & $0.0362553$ \\
eHccint & $-0.0341473$ & $-0.0110175$ & $0.0740736$ & $-0.0207342$ & $-0.0158983$ & $0.0208285$ & $0.0197264$ & $-0.00241007$ & $0.00465003$ & $0.0302718$ & $-0.0143526$ & $-0.00951129$ & $0.0194154$ & $0.0384024$ & $0.00837276$ & $0.0273921$ & $0.0217457$ & $0.0282846$ & $0.0154379$ & $0.0192044$ & $0.0127562$ & $0.00812649$ & $-0.037541$ & $0.0345554$ & $0.0165967$ & $0.00956242$ & $-0.025546$ & $-0.00233331$ & $0.00224473$ & $-0.0268944$ & $0.0317685$ & $0.0100261$ & $-0.0205584$ & $-0.0146751$ & $-0.0305237$ & $-0.0348974$ & $0.0233695$ & $0.00621476$ & $0.0298577$ & $-0.00295022$ & $-0.0101671$ & $-0.0332029$ & $0.0465038$ & $0.0646348$ & $-0.0178634$ & $1$ & $-0.047609$ & $0.0392117$ & $-0.0324748$ \\
eHccpar & $-0.0301622$ & $-0.00981586$ & $-0.0194843$ & $-0.00703125$ & $0.0160313$ & $-0.0242192$ & $-0.0289875$ & $0.031662$ & $0.0340023$ & $-0.0292559$ & $-0.0450657$ & $-0.0421064$ & $0.000602906$ & $0.0408496$ & $0.065358$ & $0.0310382$ & $0.0166043$ & $-0.0156483$ & $0.00959603$ & $0.0496685$ & $0.0384887$ & $0.0372507$ & $-0.0342167$ & $-0.0206096$ & $0.000836696$ & $-0.0176992$ & $-0.0342843$ & $-0.0283035$ & $0.016943$ & $-0.0051149$ & $0.409564$ & $-0.0334529$ & $-0.0251893$ & $-0.0291702$ & $-0.058412$ & $0.0230272$ & $0.0277538$ & $-0.0442723$ & $-0.00436292$ & $-0.0102075$ & $0.0112812$ & $-0.0292529$ & $-0.00211427$ & $-0.0185351$ & $0.0542181$ & $-0.047609$ & $1$ & $0.0431833$ & $-0.047336$ \\
eHbbint & $0.00357117$ & $-0.0297945$ & $0.0123434$ & $-0.0441902$ & $0.0301581$ & $0.0531835$ & $-0.00956249$ & $-0.0117075$ & $-0.014801$ & $-0.0172438$ & $0.0249065$ & $-0.02178$ & $0.00609109$ & $-0.00134287$ & $-0.0108394$ & $0.0030537$ & $-0.0441564$ & $-0.0140326$ & $-0.0126878$ & $-0.027552$ & $-0.026212$ & $-0.0213305$ & $0.0240319$ & $0.00700332$ & $-0.0147372$ & $-0.0250831$ & $-0.00551282$ & $0.0315147$ & $-0.00348863$ & $-0.00457461$ & $0.00666694$ & $-0.00870225$ & $0.17577$ & $-0.0138159$ & $-0.0876763$ & $-0.00156873$ & $0.0156743$ & $-0.0410615$ & $0.0351187$ & $-0.0544266$ & $-0.0507635$ & $0.0157347$ & $-0.00820539$ & $-0.0351084$ & $0.000807895$ & $0.0392117$ & $0.0431833$ & $1$ & $0.0126823$ \\
eHbbpar & $0.0199274$ & $0.0442413$ & $-0.0387957$ & $0.0103348$ & $0.00418152$ & $-0.0200646$ & $-0.0261831$ & $-0.0283163$ & $-0.0300869$ & $0.0413072$ & $0.0146787$ & $0.0315048$ & $-0.00881465$ & $0.00997931$ & $-0.0225093$ & $0.0321656$ & $0.0283341$ & $0.0428643$ & $-0.000146175$ & $-0.0110746$ & $-0.0155717$ & $-0.0206891$ & $-0.0276639$ & $0.0223226$ & $-0.000369396$ & $0.0409784$ & $-0.0401329$ & $-0.01226$ & $0.0106595$ & $0.0189751$ & $0.0154936$ & $-0.0165607$ & $0.515092$ & $0.00338594$ & $0.0532811$ & $-0.00866119$ & $-0.0291786$ & $-0.0104735$ & $0.0276278$ & $-0.0350211$ & $-0.0105451$ & $0.0153127$ & $0.00577403$ & $-0.0130558$ & $0.0362553$ & $-0.0324748$ & $-0.047336$ & $0.0126823$ & $1$ \\
