 & AlsMz & dAle5Mz & mtop & mHl & Mz & CW & CHG & CHWB & CHWHB_gaga & CHWHB_gagaorth & CHD & CHbox & CH & CHL1_11 & CHL1_22 & CHL1_33 & CHL3_11 & CHL3_22 & CHL3_33 & CHe_11 & CHe_22 & CHe_33 & CHQ1_11 & CHQ1_33 & CHQ3_11 & CHu_11 & CHd_11 & CHd_33 & CeH_22r & CeH_33r & CuH_22r & CuH_33r & CdH_33r & CLL_1221 & eHggint & eHggpar & eHWWint & eHWWpar & eHZZint & eHZZpar & eHZgaint & eHZgapar & eHgagaint & eHmumuint & eHtautauint & eHccint & eHccpar & eHbbint & eHbbpar \\
AlsMz & $1$ & $0.0358668$ & $0.0440734$ & $0.0471794$ & $-0.00431697$ & $0.0138896$ & $-0.0224646$ & $0.00287203$ & $-0.00093451$ & $-0.000585593$ & $-0.0110276$ & $0.00233076$ & $0.00362799$ & $0.00398579$ & $0.0127074$ & $0.0214744$ & $-0.00298174$ & $-0.00555262$ & $-0.0140762$ & $0.00616899$ & $0.00161944$ & $0.00107018$ & $-0.0356981$ & $-0.0569896$ & $-0.119179$ & $-0.0250469$ & $-0.0568562$ & $0.0130332$ & $0.00208979$ & $0.00381863$ & $-0.0194523$ & $-0.0175867$ & $0.0665892$ & $-0.00731729$ & $-0.00178829$ & $0.0450197$ & $-0.0304875$ & $0.00652898$ & $0.146446$ & $0.0054289$ & $-0.209834$ & $0.0310147$ & $-0.0330835$ & $0.0259535$ & $-0.0421171$ & $-0.0806441$ & $-0.0487775$ & $0.119249$ & $0.119265$ \\
dAle5Mz & $0.0358668$ & $1$ & $0.00698304$ & $-0.0434662$ & $0.00771785$ & $-0.005327$ & $-0.0010263$ & $-0.0830056$ & $-0.0794463$ & $0.0380975$ & $0.0628824$ & $0.031986$ & $-0.00389881$ & $-0.0181297$ & $-0.0114616$ & $-0.0244517$ & $0.0282464$ & $0.0193263$ & $0.0295195$ & $-0.043238$ & $-0.0420436$ & $-0.0392934$ & $-0.012043$ & $0.0295592$ & $0.0155579$ & $0.0283292$ & $-0.022862$ & $-0.0175159$ & $0.0020192$ & $0.00490253$ & $-0.00814887$ & $0.00667087$ & $-0.0513409$ & $-0.000758711$ & $0.187019$ & $-0.0862503$ & $-0.0621953$ & $0.000903153$ & $-0.0677673$ & $0.027849$ & $-0.0104646$ & $-0.00627439$ & $0.0226718$ & $-0.0505492$ & $0.0497238$ & $0.085979$ & $-0.0191895$ & $-0.181078$ & $-0.0620626$ \\
mtop & $0.0440734$ & $0.00698304$ & $1$ & $-0.043664$ & $-0.00602$ & $0.0119714$ & $0.00363708$ & $-0.00921324$ & $0.00645599$ & $0.0107252$ & $0.0151757$ & $6.36375e-05$ & $-0.00391038$ & $0.00106515$ & $-0.0189557$ & $-0.00546225$ & $-0.00133512$ & $0.0127618$ & $0.0029122$ & $-0.0106047$ & $-0.00806125$ & $-0.00744126$ & $0.00282075$ & $0.000151717$ & $-0.00171956$ & $0.00194837$ & $-0.00203025$ & $-0.0037707$ & $0.00131419$ & $0.011527$ & $-0.0216715$ & $0.0143808$ & $0.0322885$ & $0.00902334$ & $0.158944$ & $-0.111064$ & $-0.222541$ & $0.0261642$ & $0.0379778$ & $0.00761071$ & $-0.0519658$ & $0.00324513$ & $0.23549$ & $-0.0353806$ & $0.089051$ & $-0.220918$ & $-0.0282479$ & $0.032609$ & $0.0277492$ \\
mHl & $0.0471794$ & $-0.0434662$ & $-0.043664$ & $1$ & $0.00851675$ & $-0.0126422$ & $-0.0271066$ & $0.0113112$ & $0.0094461$ & $-0.00871814$ & $-0.00897061$ & $-0.00431897$ & $0.0136508$ & $-0.00753687$ & $-0.00866303$ & $-0.00419709$ & $0.00103433$ & $0.00212057$ & $-0.00317966$ & $0.00706809$ & $0.00937292$ & $0.0073498$ & $0.0109245$ & $-0.0165617$ & $-0.00470231$ & $-0.0110584$ & $0.0119362$ & $0.00565269$ & $0.00540291$ & $0.0318831$ & $0.0242783$ & $-0.0145953$ & $0.126114$ & $0.0175421$ & $-0.0673459$ & $0.093222$ & $-0.124258$ & $-0.00121136$ & $0.091941$ & $0.0396237$ & $-0.100946$ & $0.00840453$ & $-0.0309116$ & $0.0509429$ & $-0.15322$ & $-0.0131728$ & $0.00820842$ & $0.0877437$ & $0.192379$ \\
Mz & $-0.00431697$ & $0.00771785$ & $-0.00602$ & $0.00851675$ & $1$ & $0.000632775$ & $-0.00425546$ & $-0.0139312$ & $-0.0143294$ & $0.0157237$ & $0.0159036$ & $0.00897794$ & $-0.00200862$ & $0.0068461$ & $0.00737214$ & $0.00110354$ & $0.0107608$ & $0.00465659$ & $0.00886813$ & $-0.00713453$ & $-0.00776632$ & $-0.007741$ & $-0.00220615$ & $0.0122238$ & $0.00827603$ & $6.48591e-05$ & $-0.0127218$ & $-0.00381429$ & $-0.000934102$ & $0.00645054$ & $-0.00131998$ & $-0.00159143$ & $0.00215866$ & $-0.0183294$ & $0.00302505$ & $-0.0054183$ & $-0.00955777$ & $-0.00100171$ & $0.000194035$ & $-0.00368628$ & $-0.00863617$ & $-0.0134879$ & $0.00458268$ & $-0.0147946$ & $0.00657182$ & $-0.00556427$ & $-0.00547734$ & $-0.00499797$ & $-0.00318396$ \\
CW & $0.0138896$ & $-0.005327$ & $0.0119714$ & $-0.0126422$ & $0.000632775$ & $1$ & $0.00521755$ & $-0.123204$ & $-0.119415$ & $0.0124452$ & $0.179727$ & $0.0495107$ & $0.0100951$ & $0.0233055$ & $-0.0823542$ & $-0.0807801$ & $-0.255489$ & $-0.0433126$ & $-0.0435511$ & $-0.177351$ & $-0.182459$ & $-0.177305$ & $-0.0104848$ & $0.0043611$ & $-0.0857621$ & $0.105156$ & $-0.075985$ & $-0.0603241$ & $0.0019976$ & $0.00669959$ & $0.00171063$ & $0.00679943$ & $0.000834735$ & $-0.116522$ & $0.0169257$ & $0.00392514$ & $-0.0102441$ & $0.00863964$ & $-0.0100703$ & $0.0178124$ & $-0.00778796$ & $0.00189593$ & $-0.000912665$ & $-0.00232959$ & $0.00657717$ & $0.00486231$ & $-0.00372491$ & $-0.00593487$ & $0.00394696$ \\
CHG & $-0.0224646$ & $-0.0010263$ & $0.00363708$ & $-0.0271066$ & $-0.00425546$ & $0.00521755$ & $1$ & $-0.0812714$ & $-0.0285653$ & $0.0558848$ & $0.0440755$ & $-0.0471288$ & $-0.2734$ & $0.0451616$ & $-0.0153126$ & $-0.0197947$ & $0.0763239$ & $0.0796382$ & $0.0837181$ & $-0.0425297$ & $-0.0465596$ & $-0.0454878$ & $-0.0138524$ & $0.0878311$ & $0.0798495$ & $0.0357967$ & $-0.0334903$ & $-0.0159627$ & $-0.000866765$ & $-0.123641$ & $-0.063413$ & $0.935607$ & $-0.162206$ & $-0.0517786$ & $-0.0172122$ & $-0.0102684$ & $0.032109$ & $0.0148257$ & $-0.0449025$ & $-0.0071327$ & $0.0123534$ & $-0.00103478$ & $-0.00132724$ & $0.0169615$ & $-0.0332278$ & $0.0345862$ & $-0.00653173$ & $-0.00881579$ & $-0.0339474$ \\
CHWB & $0.00287203$ & $-0.0830056$ & $-0.00921324$ & $0.0113112$ & $-0.0139312$ & $-0.123204$ & $-0.0812714$ & $1$ & $0.982217$ & $-0.566273$ & $-0.882212$ & $-0.23297$ & $0.321511$ & $0.113007$ & $0.302304$ & $0.307218$ & $-0.225794$ & $-0.422693$ & $-0.427256$ & $0.854052$ & $0.898215$ & $0.880603$ & $0.0700284$ & $-0.66431$ & $-0.386747$ & $-0.510621$ & $0.42536$ & $0.302604$ & $0.0138181$ & $0.0833024$ & $0.0482791$ & $-0.0779917$ & $0.114107$ & $0.557688$ & $-0.00942249$ & $0.0205728$ & $-0.0243929$ & $-0.015468$ & $0.0145211$ & $-0.0111129$ & $0.0267992$ & $0.0138132$ & $0.0119268$ & $0.00971134$ & $-0.0283766$ & $-0.0190431$ & $0.0150708$ & $0.0286835$ & $0.0354962$ \\
CHWHB_gaga & $-0.00093451$ & $-0.0794463$ & $0.00645599$ & $0.0094461$ & $-0.0143294$ & $-0.119415$ & $-0.0285653$ & $0.982217$ & $1$ & $-0.556451$ & $-0.862664$ & $-0.208997$ & $0.317078$ & $0.102755$ & $0.297695$ & $0.301707$ & $-0.229743$ & $-0.422889$ & $-0.426452$ & $0.835616$ & $0.878434$ & $0.86168$ & $0.0664257$ & $-0.65702$ & $-0.387355$ & $-0.497244$ & $0.415612$ & $0.295961$ & $0.01848$ & $0.104778$ & $0.0631036$ & $-0.032587$ & $0.142789$ & $0.546901$ & $-0.0154736$ & $0.0249285$ & $-0.0390482$ & $-0.018697$ & $0.0139201$ & $-0.0134769$ & $0.0119509$ & $0.0129758$ & $0.0856037$ & $0.0151862$ & $-0.0342245$ & $-0.0401408$ & $0.023949$ & $0.028038$ & $0.0468086$ \\
CHWHB_gagaorth & $-0.000585593$ & $0.0380975$ & $0.0107252$ & $-0.00871814$ & $0.0157237$ & $0.0124452$ & $0.0558848$ & $-0.566273$ & $-0.556451$ & $1$ & $0.352634$ & $0.603833$ & $-0.231691$ & $0.22325$ & $-0.12028$ & $-0.127534$ & $0.430543$ & $0.479617$ & $0.484792$ & $-0.339351$ & $-0.368258$ & $-0.363553$ & $-0.0501094$ & $0.555303$ & $0.465883$ & $0.211647$ & $-0.238139$ & $-0.124976$ & $0.00510643$ & $-0.109694$ & $-0.0615803$ & $0.0714727$ & $-0.14249$ & $-0.348421$ & $0.0245236$ & $0.0135604$ & $0.000861478$ & $0.00931928$ & $-0.000612294$ & $0.000751391$ & $-0.0460714$ & $-0.0108565$ & $-0.0245052$ & $-0.00474698$ & $0.0218333$ & $0.0116799$ & $-0.0163625$ & $-0.0266202$ & $-0.03014$ \\
CHD & $-0.0110276$ & $0.0628824$ & $0.0151757$ & $-0.00897061$ & $0.0159036$ & $0.179727$ & $0.0440755$ & $-0.882212$ & $-0.862664$ & $0.352634$ & $1$ & $0.279969$ & $-0.154253$ & $-0.519488$ & $-0.420669$ & $-0.422197$ & $-0.224048$ & $0.0615912$ & $0.0667888$ & $-0.990407$ & $-0.991322$ & $-0.9698$ & $-0.0209715$ & $0.304502$ & $0.0101913$ & $0.566293$ & $-0.303697$ & $-0.333405$ & $-0.00624973$ & $-0.0390694$ & $-0.0226985$ & $0.052347$ & $-0.0589605$ & $-0.368626$ & $0.0197517$ & $-0.0238845$ & $0.0185377$ & $0.0154107$ & $-0.00841117$ & $0.00775422$ & $-0.0118954$ & $-0.0108447$ & $-0.00151243$ & $-0.0155664$ & $0.0155634$ & $0.0171498$ & $-0.00462698$ & $-0.0266583$ & $-0.0234794$ \\
CHbox & $0.00233076$ & $0.031986$ & $6.36375e-05$ & $-0.00431897$ & $0.00897794$ & $0.0495107$ & $-0.0471288$ & $-0.23297$ & $-0.208997$ & $0.603833$ & $0.279969$ & $1$ & $0.162295$ & $-0.19219$ & $-0.0333984$ & $-0.0378117$ & $-0.110186$ & $-0.0648304$ & $-0.0602427$ & $-0.25878$ & $-0.28828$ & $-0.281636$ & $-0.0265778$ & $0.0807255$ & $-0.0671304$ & $0.163257$ & $-0.15308$ & $-0.100554$ & $0.0498238$ & $0.225573$ & $0.061346$ & $0.0378864$ & $0.252178$ & $-0.166072$ & $0.0729901$ & $0.038349$ & $-0.00332804$ & $0.00229282$ & $-0.00229698$ & $-0.000941808$ & $-0.0344536$ & $-0.00506855$ & $-0.000380531$ & $-0.00762844$ & $0.00538268$ & $0.00873788$ & $0.00274981$ & $-0.0299678$ & $-0.0209774$ \\
CH & $0.00362799$ & $-0.00389881$ & $-0.00391038$ & $0.0136508$ & $-0.00200862$ & $0.0100951$ & $-0.2734$ & $0.321511$ & $0.317078$ & $-0.231691$ & $-0.154253$ & $0.162295$ & $1$ & $-0.226315$ & $0.065662$ & $0.0690947$ & $-0.337148$ & $-0.356836$ & $-0.357643$ & $0.150841$ & $0.164042$ & $0.164178$ & $0.0302076$ & $-0.366366$ & $-0.346578$ & $-0.0944275$ & $0.128658$ & $0.0568565$ & $0.0410877$ & $0.251315$ & $0.112012$ & $-0.225414$ & $0.307032$ & $0.199787$ & $0.032155$ & $0.0204576$ & $-0.0103705$ & $-0.00563107$ & $0.00273625$ & $-0.00671101$ & $0.0129662$ & $0.000882396$ & $0.0138723$ & $-0.00106869$ & $-0.00080878$ & $0.000133823$ & $0.0105665$ & $0.00575609$ & $0.0103941$ \\
CHL1_11 & $0.00398579$ & $-0.0181297$ & $0.00106515$ & $-0.00753687$ & $0.0068461$ & $0.0233055$ & $0.0451616$ & $0.113007$ & $0.102755$ & $0.22325$ & $-0.519488$ & $-0.19219$ & $-0.226315$ & $1$ & $0.269422$ & $0.264539$ & $0.655194$ & $0.590583$ & $0.587908$ & $0.536518$ & $0.481894$ & $0.467878$ & $-0.0680365$ & $0.463359$ & $0.596523$ & $-0.276405$ & $-0.0753306$ & $0.164827$ & $-0.0163315$ & $-0.0615715$ & $-0.0338822$ & $0.0205947$ & $-0.0739778$ & $-0.199547$ & $-0.0239234$ & $0.0122437$ & $-0.00131829$ & $-0.00281042$ & $-0.008279$ & $0.0113315$ & $-0.0199987$ & $-0.00227662$ & $-0.0168939$ & $0.0122958$ & $0.0161862$ & $-0.00667091$ & $-0.0157497$ & $0.00373756$ & $-0.0126292$ \\
CHL1_22 & $0.0127074$ & $-0.0114616$ & $-0.0189557$ & $-0.00866303$ & $0.00737214$ & $-0.0823542$ & $-0.0153126$ & $0.302304$ & $0.297695$ & $-0.12028$ & $-0.420669$ & $-0.0333984$ & $0.065662$ & $0.269422$ & $1$ & $0.438487$ & $0.1604$ & $-0.457263$ & $-0.0333816$ & $0.485344$ & $0.338472$ & $0.32783$ & $-0.163429$ & $0.10387$ & $-0.128714$ & $-0.201685$ & $-0.380002$ & $0.114903$ & $0.0094602$ & $0.0150768$ & $0.00344385$ & $-0.0149215$ & $0.019883$ & $-0.592749$ & $-0.0184314$ & $0.0126207$ & $0.0389828$ & $-0.0133926$ & $-0.0217053$ & $-0.0144178$ & $-0.0244217$ & $0.00470105$ & $0.00629526$ & $0.00473228$ & $0.0216417$ & $0.0255962$ & $-0.0229983$ & $0.0102347$ & $-0.00182021$ \\
CHL1_33 & $0.0214744$ & $-0.0244517$ & $-0.00546225$ & $-0.00419709$ & $0.00110354$ & $-0.0807801$ & $-0.0197947$ & $0.307218$ & $0.301707$ & $-0.127534$ & $-0.422197$ & $-0.0378117$ & $0.0690947$ & $0.264539$ & $0.438487$ & $1$ & $0.155624$ & $-0.0299365$ & $-0.446601$ & $0.48589$ & $0.343377$ & $0.357594$ & $-0.148453$ & $0.0938519$ & $-0.131441$ & $-0.208298$ & $-0.369247$ & $0.116292$ & $0.0152554$ & $0.0147869$ & $0.00725612$ & $-0.0209051$ & $0.0269095$ & $-0.0855826$ & $-0.00525189$ & $0.00225513$ & $0.0358039$ & $0.00162675$ & $-0.00330895$ & $-0.00752248$ & $-0.00865696$ & $-0.00165325$ & $0.0142541$ & $0.00472192$ & $0.0211683$ & $-0.00450815$ & $-0.0168365$ & $0.0213078$ & $0.00515342$ \\
CHL3_11 & $-0.00298174$ & $0.0282464$ & $-0.00133512$ & $0.00103433$ & $0.0107608$ & $-0.255489$ & $0.0763239$ & $-0.225794$ & $-0.229743$ & $0.430543$ & $-0.224048$ & $-0.110186$ & $-0.337148$ & $0.655194$ & $0.1604$ & $0.155624$ & $1$ & $0.731347$ & $0.730012$ & $0.245482$ & $0.194213$ & $0.186178$ & $-0.0604482$ & $0.669238$ & $0.776898$ & $-0.115179$ & $-0.137911$ & $0.0616328$ & $-0.0143589$ & $-0.0884019$ & $-0.0520512$ & $0.0544964$ & $-0.109954$ & $-0.233703$ & $-0.0214584$ & $0.00424875$ & $0.00171262$ & $-0.00198343$ & $-0.00679457$ & $-0.0004706$ & $-0.019863$ & $-0.00466531$ & $-0.018372$ & $0.0136152$ & $0.021516$ & $-0.00324483$ & $-0.0145446$ & $-0.000925646$ & $-0.0244363$ \\
CHL3_22 & $-0.00555262$ & $0.0193263$ & $0.0127618$ & $0.00212057$ & $0.00465659$ & $-0.0433126$ & $0.0796382$ & $-0.422693$ & $-0.422889$ & $0.479617$ & $0.0615912$ & $-0.0648304$ & $-0.356836$ & $0.590583$ & $-0.457263$ & $-0.0299365$ & $0.731347$ & $1$ & $0.667383$ & $-0.0650653$ & $-0.0542702$ & $-0.0523215$ & $0.012834$ & $0.612662$ & $0.787678$ & $0.0307726$ & $0.00914702$ & $-0.0195698$ & $-0.0195518$ & $-0.0929476$ & $-0.0496557$ & $0.0578017$ & $-0.115546$ & $0.0541411$ & $-0.00848427$ & $-0.00334726$ & $-0.0149891$ & $0.00982855$ & $0.00401711$ & $0.0152633$ & $-0.00907282$ & $-0.00995089$ & $-0.0207268$ & $0.00731511$ & $0.0119533$ & $-0.0185549$ & $-0.00387978$ & $-0.00690158$ & $-0.0205142$ \\
CHL3_33 & $-0.0140762$ & $0.0295195$ & $0.0029122$ & $-0.00317966$ & $0.00886813$ & $-0.0435511$ & $0.0837181$ & $-0.427256$ & $-0.426452$ & $0.484792$ & $0.0667888$ & $-0.0602427$ & $-0.357643$ & $0.587908$ & $-0.0333816$ & $-0.446601$ & $0.730012$ & $0.667383$ & $1$ & $-0.0704235$ & $-0.0595635$ & $-0.0553895$ & $0.00403749$ & $0.616064$ & $0.792584$ & $0.0388288$ & $0.0128154$ & $-0.0236135$ & $-0.0236736$ & $-0.092148$ & $-0.0520042$ & $0.0624298$ & $-0.121344$ & $-0.333236$ & $-0.0168682$ & $0.00591899$ & $-0.0153948$ & $-0.00203428$ & $-0.00955601$ & $0.011498$ & $-0.018911$ & $-0.00379103$ & $-0.026681$ & $0.00902908$ & $0.0122296$ & $0.00725104$ & $-0.00706599$ & $-0.0170741$ & $-0.0270928$ \\
CHe_11 & $0.00616899$ & $-0.043238$ & $-0.0106047$ & $0.00706809$ & $-0.00713453$ & $-0.177351$ & $-0.0425297$ & $0.854052$ & $0.835616$ & $-0.339351$ & $-0.990407$ & $-0.25878$ & $0.150841$ & $0.536518$ & $0.485344$ & $0.48589$ & $0.245482$ & $-0.0650653$ & $-0.0704235$ & $1$ & $0.97304$ & $0.952172$ & $-0.00297666$ & $-0.251612$ & $-0.00423957$ & $-0.556916$ & $0.229676$ & $0.32613$ & $0.00817929$ & $0.0379065$ & $0.0219158$ & $-0.0501026$ & $0.0567013$ & $0.290356$ & $-0.0153163$ & $0.0213704$ & $-0.015433$ & $-0.0148251$ & $0.00349058$ & $-0.00727951$ & $0.00937142$ & $0.00985719$ & $0.00512489$ & $0.0135831$ & $-0.00935212$ & $-0.0137966$ & $0.00132328$ & $0.0233541$ & $0.0212723$ \\
CHe_22 & $0.00161944$ & $-0.0420436$ & $-0.00806125$ & $0.00937292$ & $-0.00776632$ & $-0.182459$ & $-0.0465596$ & $0.898215$ & $0.878434$ & $-0.368258$ & $-0.991322$ & $-0.28828$ & $0.164042$ & $0.481894$ & $0.338472$ & $0.343377$ & $0.194213$ & $-0.0542702$ & $-0.0595635$ & $0.97304$ & $1$ & $0.975114$ & $0.0469038$ & $-0.357639$ & $-0.0142269$ & $-0.567677$ & $0.381887$ & $0.334819$ & $0.00549923$ & $0.0417566$ & $0.0240841$ & $-0.054304$ & $0.0605023$ & $0.452994$ & $-0.0128186$ & $0.0208369$ & $-0.0279417$ & $-0.015319$ & $0.00871911$ & $-0.00652476$ & $0.016743$ & $0.011083$ & $0.00319402$ & $0.0141939$ & $-0.01874$ & $-0.0188841$ & $0.00840741$ & $0.0210881$ & $0.0229474$ \\
CHe_33 & $0.00107018$ & $-0.0392934$ & $-0.00744126$ & $0.0073498$ & $-0.007741$ & $-0.177305$ & $-0.0454878$ & $0.880603$ & $0.86168$ & $-0.363553$ & $-0.9698$ & $-0.281636$ & $0.164178$ & $0.467878$ & $0.32783$ & $0.357594$ & $0.186178$ & $-0.0523215$ & $-0.0553895$ & $0.952172$ & $0.975114$ & $1$ & $0.0478106$ & $-0.352794$ & $-0.0132229$ & $-0.555177$ & $0.378739$ & $0.324836$ & $0.00681123$ & $0.0423692$ & $0.0245888$ & $-0.0533899$ & $0.0614745$ & $0.449741$ & $-0.0112938$ & $0.0207612$ & $-0.0300539$ & $-0.0157373$ & $0.00951166$ & $-0.00460549$ & $0.0198093$ & $0.0110581$ & $0.0047056$ & $0.0153191$ & $-0.0176616$ & $-0.014553$ & $0.00857997$ & $0.0177631$ & $0.0235217$ \\
CHQ1_11 & $-0.0356981$ & $-0.012043$ & $0.00282075$ & $0.0109245$ & $-0.00220615$ & $-0.0104848$ & $-0.0138524$ & $0.0700284$ & $0.0664257$ & $-0.0501094$ & $-0.0209715$ & $-0.0265778$ & $0.0302076$ & $-0.0680365$ & $-0.163429$ & $-0.148453$ & $-0.0604482$ & $0.012834$ & $0.00403749$ & $-0.00297666$ & $0.0469038$ & $0.0478106$ & $1$ & $-0.127041$ & $0.0898709$ & $-0.681084$ & $0.345037$ & $0.0197389$ & $-0.00831902$ & $0.00989523$ & $0.0172323$ & $-0.0150979$ & $0.0120133$ & $0.198188$ & $-0.00616476$ & $0.00862974$ & $-0.022961$ & $-0.00221287$ & $0.00483545$ & $-0.00697209$ & $0.0327066$ & $-0.00456395$ & $-0.013297$ & $0.0173802$ & $-0.0190635$ & $0.000689791$ & $0.00912998$ & $-0.00768525$ & $0.0014448$ \\
CHQ1_33 & $-0.0569896$ & $0.0295592$ & $0.000151717$ & $-0.0165617$ & $0.0122238$ & $0.0043611$ & $0.0878311$ & $-0.66431$ & $-0.65702$ & $0.555303$ & $0.304502$ & $0.0807255$ & $-0.366366$ & $0.463359$ & $0.10387$ & $0.0938519$ & $0.669238$ & $0.612662$ & $0.616064$ & $-0.251612$ & $-0.357639$ & $-0.352794$ & $-0.127041$ & $1$ & $0.637791$ & $0.198101$ & $-0.408037$ & $-0.0247636$ & $-0.0145192$ & $-0.0929631$ & $-0.0540293$ & $0.0741336$ & $-0.121031$ & $-0.622202$ & $-0.0134059$ & $-0.00752779$ & $0.0245645$ & $0.00512406$ & $-0.0191147$ & $0.00973614$ & $-0.0158457$ & $-0.0120901$ & $-0.0164198$ & $0.00199662$ & $0.0428364$ & $0.00800314$ & $-0.018937$ & $-0.0113129$ & $-0.0382262$ \\
CHQ3_11 & $-0.119179$ & $0.0155579$ & $-0.00171956$ & $-0.00470231$ & $0.00827603$ & $-0.0857621$ & $0.0798495$ & $-0.386747$ & $-0.387355$ & $0.465883$ & $0.0101913$ & $-0.0671304$ & $-0.346578$ & $0.596523$ & $-0.128714$ & $-0.131441$ & $0.776898$ & $0.787678$ & $0.792584$ & $-0.00423957$ & $-0.0142269$ & $-0.0132229$ & $0.0898709$ & $0.637791$ & $1$ & $0.00847619$ & $0.22476$ & $-0.00580199$ & $-0.0249061$ & $-0.0900054$ & $-0.0437254$ & $0.0576728$ & $-0.120554$ & $-0.190347$ & $-0.0155665$ & $0.00441397$ & $-0.0226891$ & $-0.00778439$ & $-0.00825116$ & $0.00936275$ & $0.0231102$ & $-0.015435$ & $-0.0214523$ & $0.0104876$ & $0.00847973$ & $-0.00382098$ & $0.00857919$ & $-0.0213362$ & $-0.0361359$ \\
CHu_11 & $-0.0250469$ & $0.0283292$ & $0.00194837$ & $-0.0110584$ & $6.48591e-05$ & $0.105156$ & $0.0357967$ & $-0.510621$ & $-0.497244$ & $0.211647$ & $0.566293$ & $0.163257$ & $-0.0944275$ & $-0.276405$ & $-0.201685$ & $-0.208298$ & $-0.115179$ & $0.0307726$ & $0.0388288$ & $-0.556916$ & $-0.567677$ & $-0.555177$ & $-0.681084$ & $0.198101$ & $0.00847619$ & $1$ & $-0.183188$ & $-0.193168$ & $0.000556608$ & $-0.0263282$ & $-0.0260619$ & $0.0416921$ & $-0.0433606$ & $-0.251495$ & $0.0173682$ & $-0.0140931$ & $0.0108963$ & $0.00381437$ & $-0.00114345$ & $0.00999459$ & $-0.0140815$ & $-0.00616668$ & $0.00828374$ & $-0.0141763$ & $0.0177836$ & $0.00641211$ & $0.00137537$ & $-0.0223018$ & $-0.0155543$ \\
CHd_11 & $-0.0568562$ & $-0.022862$ & $-0.00203025$ & $0.0119362$ & $-0.0127218$ & $-0.075985$ & $-0.0334903$ & $0.42536$ & $0.415612$ & $-0.238139$ & $-0.303697$ & $-0.15308$ & $0.128658$ & $-0.0753306$ & $-0.380002$ & $-0.369247$ & $-0.137911$ & $0.00914702$ & $0.0128154$ & $0.229676$ & $0.381887$ & $0.378739$ & $0.345037$ & $-0.408037$ & $0.22476$ & $-0.183188$ & $1$ & $0.114546$ & $-0.00816061$ & $0.0374717$ & $0.0290639$ & $-0.0338816$ & $0.0463883$ & $0.673694$ & $0.00517578$ & $0.0165154$ & $-0.077809$ & $-0.0201893$ & $0.0317787$ & $0.00166735$ & $0.0635207$ & $3.3202e-05$ & $-0.00652339$ & $0.011976$ & $-0.045432$ & $-0.0296678$ & $0.0445714$ & $-0.00243762$ & $0.0157157$ \\
CHd_33 & $0.0130332$ & $-0.0175159$ & $-0.0037707$ & $0.00565269$ & $-0.00381429$ & $-0.0603241$ & $-0.0159627$ & $0.302604$ & $0.295961$ & $-0.124976$ & $-0.333405$ & $-0.100554$ & $0.0568565$ & $0.164827$ & $0.114903$ & $0.116292$ & $0.0616328$ & $-0.0195698$ & $-0.0236135$ & $0.32613$ & $0.334819$ & $0.324836$ & $0.0197389$ & $-0.0247636$ & $-0.00580199$ & $-0.193168$ & $0.114546$ & $1$ & $-0.00409238$ & $0.016479$ & $0.00999869$ & $-0.0173481$ & $0.0227491$ & $0.151081$ & $-0.00898551$ & $0.0101988$ & $-0.00125769$ & $-0.0183987$ & $0.0197546$ & $-0.00117172$ & $0.00225104$ & $0.0053212$ & $0.00192349$ & $0.000159178$ & $-0.000397457$ & $-0.0156371$ & $0.0016402$ & $0.0183087$ & $0.0135906$ \\
CeH_22r & $0.00208979$ & $0.0020192$ & $0.00131419$ & $0.00540291$ & $-0.000934102$ & $0.0019976$ & $-0.000866765$ & $0.0138181$ & $0.01848$ & $0.00510643$ & $-0.00624973$ & $0.0498238$ & $0.0410877$ & $-0.0163315$ & $0.0094602$ & $0.0152554$ & $-0.0143589$ & $-0.0195518$ & $-0.0236736$ & $0.00817929$ & $0.00549923$ & $0.00681123$ & $-0.00831902$ & $-0.0145192$ & $-0.0249061$ & $0.000556608$ & $-0.00816061$ & $-0.00409238$ & $1$ & $0.0414385$ & $0.0165383$ & $-0.0108948$ & $0.0416256$ & $0.00509636$ & $-0.0191414$ & $0.00541985$ & $-0.0137925$ & $-0.0029866$ & $-0.00739374$ & $0.0107365$ & $-0.00115932$ & $0.004599$ & $0.00441944$ & $0.0216876$ & $0.0210848$ & $0.00506766$ & $-0.0105966$ & $-0.00153773$ & $0.00401898$ \\
CeH_33r & $0.00381863$ & $0.00490253$ & $0.011527$ & $0.0318831$ & $0.00645054$ & $0.00669959$ & $-0.123641$ & $0.0833024$ & $0.104778$ & $-0.109694$ & $-0.0390694$ & $0.225573$ & $0.251315$ & $-0.0615715$ & $0.0150768$ & $0.0147869$ & $-0.0884019$ & $-0.0929476$ & $-0.092148$ & $0.0379065$ & $0.0417566$ & $0.0423692$ & $0.00989523$ & $-0.0929631$ & $-0.0900054$ & $-0.0263282$ & $0.0374717$ & $0.016479$ & $0.0414385$ & $1$ & $0.312583$ & $0.0256639$ & $0.663896$ & $0.0540696$ & $-0.0411137$ & $-0.0125785$ & $-0.151798$ & $-0.0330636$ & $-0.00626528$ & $0.00475829$ & $-0.0138961$ & $-0.00530365$ & $0.0154839$ & $0.00127734$ & $0.0491667$ & $0.00646537$ & $0.00412238$ & $0.00382406$ & $0.0291976$ \\
CuH_22r & $-0.0194523$ & $-0.00814887$ & $-0.0216715$ & $0.0242783$ & $-0.00131998$ & $0.00171063$ & $-0.063413$ & $0.0482791$ & $0.0631036$ & $-0.0615803$ & $-0.0226985$ & $0.061346$ & $0.112012$ & $-0.0338822$ & $0.00344385$ & $0.00725612$ & $-0.0520512$ & $-0.0496557$ & $-0.0520042$ & $0.0219158$ & $0.0240841$ & $0.0245888$ & $0.0172323$ & $-0.0540293$ & $-0.0437254$ & $-0.0260619$ & $0.0290639$ & $0.00999869$ & $0.0165383$ & $0.312583$ & $1$ & $0.0315677$ & $0.369698$ & $0.0347786$ & $0.0260838$ & $0.0104824$ & $-0.0951616$ & $-0.0222157$ & $0.0314116$ & $0.00606949$ & $0.0020835$ & $0.0134803$ & $0.047384$ & $0.00130042$ & $-0.0271923$ & $-0.00607638$ & $0.287799$ & $0.0245205$ & $0.0204108$ \\
CuH_33r & $-0.0175867$ & $0.00667087$ & $0.0143808$ & $-0.0145953$ & $-0.00159143$ & $0.00679943$ & $0.935607$ & $-0.0779917$ & $-0.032587$ & $0.0714727$ & $0.052347$ & $0.0378864$ & $-0.225414$ & $0.0205947$ & $-0.0149215$ & $-0.0209051$ & $0.0544964$ & $0.0578017$ & $0.0624298$ & $-0.0501026$ & $-0.054304$ & $-0.0533899$ & $-0.0150979$ & $0.0741336$ & $0.0576728$ & $0.0416921$ & $-0.0338816$ & $-0.0173481$ & $-0.0108948$ & $0.0256639$ & $0.0315677$ & $1$ & $0.0210135$ & $-0.0484143$ & $0.0457539$ & $0.0281294$ & $-0.00577676$ & $0.00872251$ & $-0.028093$ & $-0.00330979$ & $0.00447592$ & $-0.00361662$ & $0.0222903$ & $0.021743$ & $-0.042525$ & $0.0198506$ & $0.0132707$ & $-0.0103674$ & $-0.0277267$ \\
CdH_33r & $0.0665892$ & $-0.0513409$ & $0.0322885$ & $0.126114$ & $0.00215866$ & $0.000834735$ & $-0.162206$ & $0.114107$ & $0.142789$ & $-0.14249$ & $-0.0589605$ & $0.252178$ & $0.307032$ & $-0.0739778$ & $0.019883$ & $0.0269095$ & $-0.109954$ & $-0.115546$ & $-0.121344$ & $0.0567013$ & $0.0605023$ & $0.0614745$ & $0.0120133$ & $-0.121031$ & $-0.120554$ & $-0.0433606$ & $0.0463883$ & $0.0227491$ & $0.0416256$ & $0.663896$ & $0.369698$ & $0.0210135$ & $1$ & $0.0721292$ & $-0.0759435$ & $-0.00726852$ & $-0.175734$ & $-0.0291057$ & $0.0842518$ & $0.0064026$ & $-0.0453385$ & $-0.0189199$ & $0.104075$ & $-0.019748$ & $0.0226814$ & $-0.0518105$ & $0.0446348$ & $0.203984$ & $0.432617$ \\
CLL_1221 & $-0.00731729$ & $-0.000758711$ & $0.00902334$ & $0.0175421$ & $-0.0183294$ & $-0.116522$ & $-0.0517786$ & $0.557688$ & $0.546901$ & $-0.348421$ & $-0.368626$ & $-0.166072$ & $0.199787$ & $-0.199547$ & $-0.592749$ & $-0.0855826$ & $-0.233703$ & $0.0541411$ & $-0.333236$ & $0.290356$ & $0.452994$ & $0.449741$ & $0.198188$ & $-0.622202$ & $-0.190347$ & $-0.251495$ & $0.673694$ & $0.151081$ & $0.00509636$ & $0.0540696$ & $0.0347786$ & $-0.0484143$ & $0.0721292$ & $1$ & $0.0178134$ & $3.90746e-05$ & $-0.0569033$ & $-0.00223893$ & $0.0287664$ & $-0.000251216$ & $0.0439565$ & $0.00708251$ & $0.00626394$ & $0.00225216$ & $-0.0380617$ & $-0.0343107$ & $0.0318494$ & $0.00691667$ & $0.0267966$ \\
eHggint & $-0.00178829$ & $0.187019$ & $0.158944$ & $-0.0673459$ & $0.00302505$ & $0.0169257$ & $-0.0172122$ & $-0.00942249$ & $-0.0154736$ & $0.0245236$ & $0.0197517$ & $0.0729901$ & $0.032155$ & $-0.0239234$ & $-0.0184314$ & $-0.00525189$ & $-0.0214584$ & $-0.00848427$ & $-0.0168682$ & $-0.0153163$ & $-0.0128186$ & $-0.0112938$ & $-0.00616476$ & $-0.0134059$ & $-0.0155665$ & $0.0173682$ & $0.00517578$ & $-0.00898551$ & $-0.0191414$ & $-0.0411137$ & $0.0260838$ & $0.0457539$ & $-0.0759435$ & $0.0178134$ & $1$ & $-0.125389$ & $-0.018246$ & $0.00149585$ & $0.00149555$ & $0.0286811$ & $0.132278$ & $-0.000260897$ & $0.113538$ & $-0.100291$ & $0.0206222$ & $-0.09121$ & $0.188359$ & $-0.000136109$ & $-0.106741$ \\
eHggpar & $0.0450197$ & $-0.0862503$ & $-0.111064$ & $0.093222$ & $-0.0054183$ & $0.00392514$ & $-0.0102684$ & $0.0205728$ & $0.0249285$ & $0.0135604$ & $-0.0238845$ & $0.038349$ & $0.0204576$ & $0.0122437$ & $0.0126207$ & $0.00225513$ & $0.00424875$ & $-0.00334726$ & $0.00591899$ & $0.0213704$ & $0.0208369$ & $0.0207612$ & $0.00862974$ & $-0.00752779$ & $0.00441397$ & $-0.0140931$ & $0.0165154$ & $0.0101988$ & $0.00541985$ & $-0.0125785$ & $0.0104824$ & $0.0281294$ & $-0.00726852$ & $3.90746e-05$ & $-0.125389$ & $1$ & $-0.0822917$ & $0.0137814$ & $0.100901$ & $0.00171835$ & $-0.204675$ & $0.00101228$ & $0.153575$ & $0.197757$ & $-0.123717$ & $-0.143172$ & $-0.00574252$ & $-0.0903758$ & $0.0072598$ \\
eHWWint & $-0.0304875$ & $-0.0621953$ & $-0.222541$ & $-0.124258$ & $-0.00955777$ & $-0.0102441$ & $0.032109$ & $-0.0243929$ & $-0.0390482$ & $0.000861478$ & $0.0185377$ & $-0.00332804$ & $-0.0103705$ & $-0.00131829$ & $0.0389828$ & $0.0358039$ & $0.00171262$ & $-0.0149891$ & $-0.0153948$ & $-0.015433$ & $-0.0279417$ & $-0.0300539$ & $-0.022961$ & $0.0245645$ & $-0.0226891$ & $0.0108963$ & $-0.077809$ & $-0.00125769$ & $-0.0137925$ & $-0.151798$ & $-0.0951616$ & $-0.00577676$ & $-0.175734$ & $-0.0569033$ & $-0.018246$ & $-0.0822917$ & $1$ & $0.0164017$ & $-0.148213$ & $0.00148695$ & $0.137152$ & $-0.0120371$ & $-0.106705$ & $-0.00123475$ & $0.0615775$ & $0.0610561$ & $-0.0792432$ & $-0.00531168$ & $-0.0262568$ \\
eHWWpar & $0.00652898$ & $0.000903153$ & $0.0261642$ & $-0.00121136$ & $-0.00100171$ & $0.00863964$ & $0.0148257$ & $-0.015468$ & $-0.018697$ & $0.00931928$ & $0.0154107$ & $0.00229282$ & $-0.00563107$ & $-0.00281042$ & $-0.0133926$ & $0.00162675$ & $-0.00198343$ & $0.00982855$ & $-0.00203428$ & $-0.0148251$ & $-0.015319$ & $-0.0157373$ & $-0.00221287$ & $0.00512406$ & $-0.00778439$ & $0.00381437$ & $-0.0201893$ & $-0.0183987$ & $-0.0029866$ & $-0.0330636$ & $-0.0222157$ & $0.00872251$ & $-0.0291057$ & $-0.00223893$ & $0.00149585$ & $0.0137814$ & $0.0164017$ & $1$ & $0.00311897$ & $-0.00351892$ & $-0.0351445$ & $4.67666e-05$ & $-0.0267914$ & $-0.000273476$ & $-0.0262068$ & $0.00317005$ & $-0.00665649$ & $-0.00579884$ & $0.0249308$ \\
eHZZint & $0.146446$ & $-0.0677673$ & $0.0379778$ & $0.091941$ & $0.000194035$ & $-0.0100703$ & $-0.0449025$ & $0.0145211$ & $0.0139201$ & $-0.000612294$ & $-0.00841117$ & $-0.00229698$ & $0.00273625$ & $-0.008279$ & $-0.0217053$ & $-0.00330895$ & $-0.00679457$ & $0.00401711$ & $-0.00955601$ & $0.00349058$ & $0.00871911$ & $0.00951166$ & $0.00483545$ & $-0.0191147$ & $-0.00825116$ & $-0.00114345$ & $0.0317787$ & $0.0197546$ & $-0.00739374$ & $-0.00626528$ & $0.0314116$ & $-0.028093$ & $0.0842518$ & $0.0287664$ & $0.00149555$ & $0.100901$ & $-0.148213$ & $0.00311897$ & $1$ & $-0.00366737$ & $-0.137711$ & $0.00819739$ & $0.0349831$ & $-0.177359$ & $0.00229522$ & $-0.275838$ & $0.174872$ & $0.0319852$ & $0.211048$ \\
eHZZpar & $0.0054289$ & $0.027849$ & $0.00761071$ & $0.0396237$ & $-0.00368628$ & $0.0178124$ & $-0.0071327$ & $-0.0111129$ & $-0.0134769$ & $0.000751391$ & $0.00775422$ & $-0.000941808$ & $-0.00671101$ & $0.0113315$ & $-0.0144178$ & $-0.00752248$ & $-0.0004706$ & $0.0152633$ & $0.011498$ & $-0.00727951$ & $-0.00652476$ & $-0.00460549$ & $-0.00697209$ & $0.00973614$ & $0.00936275$ & $0.00999459$ & $0.00166735$ & $-0.00117172$ & $0.0107365$ & $0.00475829$ & $0.00606949$ & $-0.00330979$ & $0.0064026$ & $-0.000251216$ & $0.0286811$ & $0.00171835$ & $0.00148695$ & $-0.00351892$ & $-0.00366737$ & $1$ & $0.00828607$ & $-0.00803102$ & $0.000505467$ & $0.0146232$ & $-0.0120053$ & $-0.0112584$ & $0.0210402$ & $0.0231302$ & $0.00757549$ \\
eHZgaint & $-0.209834$ & $-0.0104646$ & $-0.0519658$ & $-0.100946$ & $-0.00863617$ & $-0.00778796$ & $0.0123534$ & $0.0267992$ & $0.0119509$ & $-0.0460714$ & $-0.0118954$ & $-0.0344536$ & $0.0129662$ & $-0.0199987$ & $-0.0244217$ & $-0.00865696$ & $-0.019863$ & $-0.00907282$ & $-0.018911$ & $0.00937142$ & $0.016743$ & $0.0198093$ & $0.0327066$ & $-0.0158457$ & $0.0231102$ & $-0.0140815$ & $0.0635207$ & $0.00225104$ & $-0.00115932$ & $-0.0138961$ & $0.0020835$ & $0.00447592$ & $-0.0453385$ & $0.0439565$ & $0.132278$ & $-0.204675$ & $0.137152$ & $-0.0351445$ & $-0.137711$ & $0.00828607$ & $1$ & $-0.00608282$ & $-0.162261$ & $-0.0509497$ & $0.116263$ & $0.197261$ & $-0.0049961$ & $0.0982433$ & $-0.0888635$ \\
eHZgapar & $0.0310147$ & $-0.00627439$ & $0.00324513$ & $0.00840453$ & $-0.0134879$ & $0.00189593$ & $-0.00103478$ & $0.0138132$ & $0.0129758$ & $-0.0108565$ & $-0.0108447$ & $-0.00506855$ & $0.000882396$ & $-0.00227662$ & $0.00470105$ & $-0.00165325$ & $-0.00466531$ & $-0.00995089$ & $-0.00379103$ & $0.00985719$ & $0.011083$ & $0.0110581$ & $-0.00456395$ & $-0.0120901$ & $-0.015435$ & $-0.00616668$ & $3.3202e-05$ & $0.0053212$ & $0.004599$ & $-0.00530365$ & $0.0134803$ & $-0.00361662$ & $-0.0189199$ & $0.00708251$ & $-0.000260897$ & $0.00101228$ & $-0.0120371$ & $4.67666e-05$ & $0.00819739$ & $-0.00803102$ & $-0.00608282$ & $1$ & $-0.00607339$ & $-0.00376942$ & $-0.00901699$ & $0.0269488$ & $0.00828513$ & $0.000603532$ & $-0.0456277$ \\
eHgagaint & $-0.0330835$ & $0.0226718$ & $0.23549$ & $-0.0309116$ & $0.00458268$ & $-0.000912665$ & $-0.00132724$ & $0.0119268$ & $0.0856037$ & $-0.0245052$ & $-0.00151243$ & $-0.000380531$ & $0.0138723$ & $-0.0168939$ & $0.00629526$ & $0.0142541$ & $-0.018372$ & $-0.0207268$ & $-0.026681$ & $0.00512489$ & $0.00319402$ & $0.0047056$ & $-0.013297$ & $-0.0164198$ & $-0.0214523$ & $0.00828374$ & $-0.00652339$ & $0.00192349$ & $0.00441944$ & $0.0154839$ & $0.047384$ & $0.0222903$ & $0.104075$ & $0.00626394$ & $0.113538$ & $0.153575$ & $-0.106705$ & $-0.0267914$ & $0.0349831$ & $0.000505467$ & $-0.162261$ & $-0.00607339$ & $1$ & $0.084846$ & $-0.0612434$ & $-0.337087$ & $0.149346$ & $0.0405808$ & $0.166333$ \\
eHmumuint & $0.0259535$ & $-0.0505492$ & $-0.0353806$ & $0.0509429$ & $-0.0147946$ & $-0.00232959$ & $0.0169615$ & $0.00971134$ & $0.0151862$ & $-0.00474698$ & $-0.0155664$ & $-0.00762844$ & $-0.00106869$ & $0.0122958$ & $0.00473228$ & $0.00472192$ & $0.0136152$ & $0.00731511$ & $0.00902908$ & $0.0135831$ & $0.0141939$ & $0.0153191$ & $0.0173802$ & $0.00199662$ & $0.0104876$ & $-0.0141763$ & $0.011976$ & $0.000159178$ & $0.0216876$ & $0.00127734$ & $0.00130042$ & $0.021743$ & $-0.019748$ & $0.00225216$ & $-0.100291$ & $0.197757$ & $-0.00123475$ & $-0.000273476$ & $-0.177359$ & $0.0146232$ & $-0.0509497$ & $-0.00376942$ & $0.084846$ & $1$ & $-0.190941$ & $0.00920975$ & $-0.0447069$ & $-0.0288192$ & $-0.0654741$ \\
eHtautauint & $-0.0421171$ & $0.0497238$ & $0.089051$ & $-0.15322$ & $0.00657182$ & $0.00657717$ & $-0.0332278$ & $-0.0283766$ & $-0.0342245$ & $0.0218333$ & $0.0155634$ & $0.00538268$ & $-0.00080878$ & $0.0161862$ & $0.0216417$ & $0.0211683$ & $0.021516$ & $0.0119533$ & $0.0122296$ & $-0.00935212$ & $-0.01874$ & $-0.0176616$ & $-0.0190635$ & $0.0428364$ & $0.00847973$ & $0.0177836$ & $-0.045432$ & $-0.000397457$ & $0.0210848$ & $0.0491667$ & $-0.0271923$ & $-0.042525$ & $0.0226814$ & $-0.0380617$ & $0.0206222$ & $-0.123717$ & $0.0615775$ & $-0.0262068$ & $0.00229522$ & $-0.0120053$ & $0.116263$ & $-0.00901699$ & $-0.0612434$ & $-0.190941$ & $1$ & $-0.0165969$ & $-0.0568166$ & $0.00486951$ & $0.075232$ \\
eHccint & $-0.0806441$ & $0.085979$ & $-0.220918$ & $-0.0131728$ & $-0.00556427$ & $0.00486231$ & $0.0345862$ & $-0.0190431$ & $-0.0401408$ & $0.0116799$ & $0.0171498$ & $0.00873788$ & $0.000133823$ & $-0.00667091$ & $0.0255962$ & $-0.00450815$ & $-0.00324483$ & $-0.0185549$ & $0.00725104$ & $-0.0137966$ & $-0.0188841$ & $-0.014553$ & $0.000689791$ & $0.00800314$ & $-0.00382098$ & $0.00641211$ & $-0.0296678$ & $-0.0156371$ & $0.00506766$ & $0.00646537$ & $-0.00607638$ & $0.0198506$ & $-0.0518105$ & $-0.0343107$ & $-0.09121$ & $-0.143172$ & $0.0610561$ & $0.00317005$ & $-0.275838$ & $-0.0112584$ & $0.197261$ & $0.0269488$ & $-0.337087$ & $0.00920975$ & $-0.0165969$ & $1$ & $-0.257017$ & $-0.116094$ & $-0.0941607$ \\
eHccpar & $-0.0487775$ & $-0.0191895$ & $-0.0282479$ & $0.00820842$ & $-0.00547734$ & $-0.00372491$ & $-0.00653173$ & $0.0150708$ & $0.023949$ & $-0.0163625$ & $-0.00462698$ & $0.00274981$ & $0.0105665$ & $-0.0157497$ & $-0.0229983$ & $-0.0168365$ & $-0.0145446$ & $-0.00387978$ & $-0.00706599$ & $0.00132328$ & $0.00840741$ & $0.00857997$ & $0.00912998$ & $-0.018937$ & $0.00857919$ & $0.00137537$ & $0.0445714$ & $0.0016402$ & $-0.0105966$ & $0.00412238$ & $0.287799$ & $0.0132707$ & $0.0446348$ & $0.0318494$ & $0.188359$ & $-0.00574252$ & $-0.0792432$ & $-0.00665649$ & $0.174872$ & $0.0210402$ & $-0.0049961$ & $0.00828513$ & $0.149346$ & $-0.0447069$ & $-0.0568166$ & $-0.257017$ & $1$ & $0.123668$ & $0.0282916$ \\
eHbbint & $0.119249$ & $-0.181078$ & $0.032609$ & $0.0877437$ & $-0.00499797$ & $-0.00593487$ & $-0.00881579$ & $0.0286835$ & $0.028038$ & $-0.0266202$ & $-0.0266583$ & $-0.0299678$ & $0.00575609$ & $0.00373756$ & $0.0102347$ & $0.0213078$ & $-0.000925646$ & $-0.00690158$ & $-0.0170741$ & $0.0233541$ & $0.0210881$ & $0.0177631$ & $-0.00768525$ & $-0.0113129$ & $-0.0213362$ & $-0.0223018$ & $-0.00243762$ & $0.0183087$ & $-0.00153773$ & $0.00382406$ & $0.0245205$ & $-0.0103674$ & $0.203984$ & $0.00691667$ & $-0.000136109$ & $-0.0903758$ & $-0.00531168$ & $-0.00579884$ & $0.0319852$ & $0.0231302$ & $0.0982433$ & $0.000603532$ & $0.0405808$ & $-0.0288192$ & $0.00486951$ & $-0.116094$ & $0.123668$ & $1$ & $0.159865$ \\
eHbbpar & $0.119265$ & $-0.0620626$ & $0.0277492$ & $0.192379$ & $-0.00318396$ & $0.00394696$ & $-0.0339474$ & $0.0354962$ & $0.0468086$ & $-0.03014$ & $-0.0234794$ & $-0.0209774$ & $0.0103941$ & $-0.0126292$ & $-0.00182021$ & $0.00515342$ & $-0.0244363$ & $-0.0205142$ & $-0.0270928$ & $0.0212723$ & $0.0229474$ & $0.0235217$ & $0.0014448$ & $-0.0382262$ & $-0.0361359$ & $-0.0155543$ & $0.0157157$ & $0.0135906$ & $0.00401898$ & $0.0291976$ & $0.0204108$ & $-0.0277267$ & $0.432617$ & $0.0267966$ & $-0.106741$ & $0.0072598$ & $-0.0262568$ & $0.0249308$ & $0.211048$ & $0.00757549$ & $-0.0888635$ & $-0.0456277$ & $0.166333$ & $-0.0654741$ & $0.075232$ & $-0.0941607$ & $0.0282916$ & $0.159865$ & $1$ \\
