 & AlsMz & dAle5Mz & mtop & mHl & Mz & CW & CHG & CHWB & CHWHB_gaga & CHWHB_gagaorth & CHD & CHbox & CH & CHL1_11 & CHL1_22 & CHL1_33 & CHL3_11 & CHL3_22 & CHL3_33 & CHe_11 & CHe_22 & CHe_33 & CHQ1_11 & CHQ1_33 & CHQ3_11 & CHu_11 & CHd_11 & CHd_33 & CeH_22r & CeH_33r & CuH_22r & CuH_33r & CdH_33r & CLL_1221 & eHggint & eHggpar & eHWWint & eHWWpar & eHZZint & eHZZpar & eHZgaint & eHZgapar & eHgagaint & eHmumuint & eHtautauint & eHccint & eHccpar & eHbbint & eHbbpar \\
AlsMz & $1$ & $0.0889798$ & $-0.0494121$ & $-0.0819487$ & $0.0101844$ & $-0.00810767$ & $-0.0381604$ & $-0.0084213$ & $-0.0118467$ & $0.0453956$ & $-0.034282$ & $-0.0121665$ & $0.00862365$ & $0.0535869$ & $0.0263245$ & $0.0103119$ & $0.0784744$ & $0.0539258$ & $0.0688455$ & $0.0275316$ & $0.0282644$ & $0.0285447$ & $0.013805$ & $0.0170603$ & $-0.0208533$ & $-0.0854585$ & $-0.0104596$ & $0.0558996$ & $-0.0371518$ & $-0.00751311$ & $-0.0085936$ & $-0.031629$ & $0.00178909$ & $-0.0139094$ & $-0.0185174$ & $-0.0541807$ & $-0.0181277$ & $-0.0926842$ & $-0.0539363$ & $-0.0490431$ & $-0.0105206$ & $0.00406016$ & $-0.0420108$ & $0.0426967$ & $-0.054016$ & $0.0535006$ & $-0.00776636$ & $0.0198082$ & $0.043422$ \\
dAle5Mz & $0.0889798$ & $1$ & $-0.0198675$ & $-0.0424922$ & $0.11231$ & $0.0694486$ & $-0.0264111$ & $-0.0770745$ & $-0.0695167$ & $0.0370654$ & $0.0953948$ & $0.029941$ & $-0.0168774$ & $-0.077899$ & $0.0180198$ & $-0.0377655$ & $-0.0618503$ & $-0.0743767$ & $-0.0346065$ & $-0.0774749$ & $-0.0788973$ & $-0.0841841$ & $0.0155824$ & $-0.00573339$ & $-0.0692967$ & $0.0532609$ & $-0.0378236$ & $-0.0151931$ & $-0.00768613$ & $0.00983517$ & $-0.0269219$ & $-0.0109571$ & $-0.0204402$ & $-0.0368863$ & $0.0387957$ & $0.0589498$ & $-0.0453275$ & $-0.0141492$ & $-0.0251477$ & $-0.00415315$ & $0.0537802$ & $0.0111859$ & $0.0950812$ & $0.0391097$ & $-0.0169723$ & $0.064518$ & $-0.00963416$ & $-0.00770333$ & $-0.0384438$ \\
mtop & $-0.0494121$ & $-0.0198675$ & $1$ & $0.0479757$ & $0.0418529$ & $-0.0677288$ & $0.0556037$ & $-0.0898659$ & $-0.0845864$ & $0.0116773$ & $0.0567153$ & $0.0165891$ & $-0.0279259$ & $0.0377476$ & $-0.0545049$ & $-0.0350749$ & $0.0683126$ & $0.099665$ & $0.089363$ & $-0.048701$ & $-0.0502342$ & $-0.0469187$ & $0.0237335$ & $0.109669$ & $0.10559$ & $0.0244728$ & $-6.6547e-05$ & $-0.103854$ & $-0.00158722$ & $0.0219621$ & $0.0629623$ & $0.0478354$ & $0.0208006$ & $-0.047692$ & $0.00489111$ & $-0.0631327$ & $0.00228886$ & $0.013159$ & $-0.107001$ & $-0.0154642$ & $0.0163795$ & $-0.0402236$ & $0.096003$ & $-0.0257531$ & $-0.0871322$ & $-0.0276173$ & $0.103399$ & $0.0443841$ & $0.041795$ \\
mHl & $-0.0819487$ & $-0.0424922$ & $0.0479757$ & $1$ & $-0.0156453$ & $-0.0058581$ & $-0.000978496$ & $-0.0434107$ & $-0.0381154$ & $-0.00294675$ & $0.00888062$ & $-0.0589375$ & $0.0573708$ & $0.0247324$ & $-0.00496915$ & $0.0517802$ & $0.0754822$ & $0.071133$ & $0.0365416$ & $-0.00384154$ & $-0.0116681$ & $-0.0020867$ & $-0.0297259$ & $0.0805024$ & $0.064154$ & $0.0330336$ & $-0.0420156$ & $-0.0466719$ & $0.0346787$ & $0.0606143$ & $0.09361$ & $0.00636533$ & $0.0753009$ & $-0.0279932$ & $0.01488$ & $0.00800371$ & $0.0532629$ & $0.0529863$ & $-0.0336811$ & $-0.0519488$ & $-0.0360822$ & $-0.0333219$ & $0.0158776$ & $-0.0272331$ & $0.0418684$ & $-0.0355002$ & $0.0106511$ & $0.0195319$ & $0.0252365$ \\
Mz & $0.0101844$ & $0.11231$ & $0.0418529$ & $-0.0156453$ & $1$ & $-0.0254124$ & $0.0558793$ & $-0.0157759$ & $-0.0050356$ & $0.0853897$ & $0.046886$ & $0.0170125$ & $0.00579587$ & $-0.05598$ & $0.0141955$ & $0.0162285$ & $-0.0513964$ & $-0.0573728$ & $-0.0617185$ & $-0.0370314$ & $-0.0400398$ & $-0.0458252$ & $-0.0227436$ & $-0.0247511$ & $-0.0714638$ & $0.0495536$ & $-0.0494811$ & $0.00634799$ & $0.0334047$ & $-0.00468501$ & $-0.0657988$ & $0.0535862$ & $-0.0351663$ & $-0.0198231$ & $0.0997029$ & $0.000373735$ & $-0.039192$ & $-0.00360358$ & $-0.00489423$ & $-0.00392604$ & $0.0123846$ & $0.00744028$ & $0.0732124$ & $0.0881768$ & $0.0421677$ & $-0.039358$ & $-0.0177366$ & $-0.0122747$ & $-0.0154949$ \\
CW & $-0.00810767$ & $0.0694486$ & $-0.0677288$ & $-0.0058581$ & $-0.0254124$ & $1$ & $-0.0576828$ & $-0.0118946$ & $-0.00998116$ & $0.0508288$ & $0.114325$ & $0.0762265$ & $-0.0419931$ & $0.00269824$ & $-0.0343251$ & $-0.0576094$ & $-0.355646$ & $-0.179397$ & $-0.166551$ & $-0.115642$ & $-0.11534$ & $-0.11958$ & $-0.00704636$ & $-0.141768$ & $-0.192978$ & $0.131511$ & $-0.0391866$ & $-0.0744316$ & $-0.0167836$ & $-0.0718984$ & $-0.074925$ & $-0.042542$ & $-0.0822761$ & $-0.120586$ & $0.0451655$ & $0.0573121$ & $-0.0244106$ & $-0.0253166$ & $0.0274304$ & $0.0412953$ & $-0.062976$ & $-0.0233373$ & $-0.0191188$ & $0.0244948$ & $-0.0396688$ & $0.0306757$ & $-0.0546934$ & $-0.0672873$ & $-0.0723154$ \\
CHG & $-0.0381604$ & $-0.0264111$ & $0.0556037$ & $-0.000978496$ & $0.0558793$ & $-0.0576828$ & $1$ & $-0.0397004$ & $-0.0131665$ & $0.0838237$ & $0.085033$ & $0.566601$ & $-0.598445$ & $-0.12915$ & $-0.0667338$ & $-0.0645044$ & $-0.0496016$ & $-0.0539808$ & $-0.047102$ & $-0.0907873$ & $-0.0784693$ & $-0.0633178$ & $0.0611207$ & $-0.0550142$ & $-0.0704527$ & $0.0310281$ & $-0.0115741$ & $0.0099578$ & $-0.043729$ & $-0.386302$ & $-0.236572$ & $0.926548$ & $-0.363362$ & $0.042118$ & $-0.0562032$ & $-0.0359364$ & $0.0655313$ & $0.00486637$ & $0.0324968$ & $-0.0429563$ & $0.00108326$ & $0.00609686$ & $0.0138404$ & $0.00664081$ & $-0.103905$ & $-0.015076$ & $0.0254217$ & $0.00727372$ & $0.0215602$ \\
CHWB & $-0.0084213$ & $-0.0770745$ & $-0.0898659$ & $-0.0434107$ & $-0.0157759$ & $-0.0118946$ & $-0.0397004$ & $1$ & $0.990341$ & $-0.539523$ & $-0.87631$ & $-0.12705$ & $0.0579214$ & $0.263838$ & $0.484475$ & $0.42674$ & $-0.240341$ & $-0.41882$ & $-0.399829$ & $0.861522$ & $0.888687$ & $0.879593$ & $0.0638472$ & $-0.639864$ & $-0.383843$ & $-0.621789$ & $0.446508$ & $0.431545$ & $0.0448139$ & $0.0306121$ & $-0.0328197$ & $-0.0590941$ & $0.033963$ & $0.570192$ & $0.0347015$ & $0.00405124$ & $0.0241465$ & $-0.0160474$ & $0.0094815$ & $0.0537732$ & $-0.0507977$ & $-0.00327229$ & $-0.0563114$ & $0.0322281$ & $0.00739247$ & $-0.0735566$ & $-0.0116155$ & $0.0027914$ & $-0.00181432$ \\
CHWHB_gaga & $-0.0118467$ & $-0.0695167$ & $-0.0845864$ & $-0.0381154$ & $-0.0050356$ & $-0.00998116$ & $-0.0131665$ & $0.990341$ & $1$ & $-0.536689$ & $-0.861579$ & $-0.127223$ & $0.0635517$ & $0.250386$ & $0.483422$ & $0.423487$ & $-0.250161$ & $-0.429156$ & $-0.408262$ & $0.847068$ & $0.873918$ & $0.865349$ & $0.0720528$ & $-0.641963$ & $-0.392652$ & $-0.61815$ & $0.437837$ & $0.428775$ & $0.046815$ & $0.052714$ & $-0.0175564$ & $-0.0355641$ & $0.0560071$ & $0.5613$ & $0.03146$ & $-0.00294544$ & $0.0222375$ & $-0.0130771$ & $0.0174142$ & $0.0558823$ & $-0.0483011$ & $0.00419138$ & $0.00246283$ & $0.0354552$ & $0.00829529$ & $-0.0711369$ & $-0.00432094$ & $0.00156219$ & $0.0047228$ \\
CHWHB_gagaorth & $0.0453956$ & $0.0370654$ & $0.0116773$ & $-0.00294675$ & $0.0853897$ & $0.0508288$ & $0.0838237$ & $-0.539523$ & $-0.536689$ & $1$ & $0.465163$ & $0.342901$ & $-0.17154$ & $-0.117881$ & $-0.236641$ & $-0.246219$ & $0.141056$ & $0.224456$ & $0.244755$ & $-0.461029$ & $-0.471707$ & $-0.466883$ & $-0.0179689$ & $0.363697$ & $0.225913$ & $0.344525$ & $-0.215182$ & $-0.220331$ & $0.0139968$ & $-0.177212$ & $-0.0995275$ & $0.111311$ & $-0.179188$ & $-0.33474$ & $0.0414645$ & $-0.00180043$ & $0.00639238$ & $0.0209693$ & $0.0176524$ & $-0.049878$ & $-0.0650716$ & $-0.00642068$ & $0.0206785$ & $0.0115142$ & $-0.0271883$ & $0.078635$ & $-0.0242518$ & $0.0206801$ & $0.000130728$ \\
CHD & $-0.034282$ & $0.0953948$ & $0.0567153$ & $0.00888062$ & $0.046886$ & $0.114325$ & $0.085033$ & $-0.87631$ & $-0.861579$ & $0.465163$ & $1$ & $0.213522$ & $-0.106929$ & $-0.655169$ & $-0.573048$ & $-0.530175$ & $-0.229665$ & $-0.00978554$ & $-0.0168485$ & $-0.99522$ & $-0.995507$ & $-0.982983$ & $0.0137695$ & $0.229083$ & $-0.0481973$ & $0.693334$ & $-0.338726$ & $-0.470329$ & $-0.0703255$ & $-0.0611765$ & $0.00662372$ & $0.112212$ & $-0.0900784$ & $-0.389681$ & $0.0107678$ & $-0.00163523$ & $-0.0217219$ & $0.0259123$ & $0.012876$ & $-0.0267623$ & $0.0313766$ & $0.00627833$ & $0.049735$ & $-0.0439185$ & $-0.0225044$ & $0.0775283$ & $0.0190055$ & $-0.0130861$ & $-0.0403915$ \\
CHbox & $-0.0121665$ & $0.029941$ & $0.0165891$ & $-0.0589375$ & $0.0170125$ & $0.0762265$ & $0.566601$ & $-0.12705$ & $-0.127223$ & $0.342901$ & $0.213522$ & $1$ & $-0.95459$ & $-0.225699$ & $-0.118479$ & $-0.0686272$ & $-0.169298$ & $-0.115948$ & $-0.146522$ & $-0.213246$ & $-0.212875$ & $-0.199377$ & $0.0124888$ & $-0.0456926$ & $-0.136004$ & $0.154983$ & $-0.0563794$ & $-0.0673039$ & $-0.119205$ & $-0.473845$ & $-0.274753$ & $0.492491$ & $-0.476717$ & $-0.0296072$ & $-0.0940764$ & $-0.0514217$ & $0.038546$ & $-0.00516289$ & $0.0680948$ & $-0.0633604$ & $-0.0282844$ & $-0.0334707$ & $0.0303398$ & $0.0216747$ & $-0.0956332$ & $0.0334567$ & $0.0138438$ & $-0.00849434$ & $-0.0286368$ \\
CH & $0.00862365$ & $-0.0168774$ & $-0.0279259$ & $0.0573708$ & $0.00579587$ & $-0.0419931$ & $-0.598445$ & $0.0579214$ & $0.0635517$ & $-0.17154$ & $-0.106929$ & $-0.95459$ & $1$ & $0.124467$ & $0.0754617$ & $0.023827$ & $0.0909634$ & $0.0591539$ & $0.0906538$ & $0.108647$ & $0.105852$ & $0.0930331$ & $-0.00494417$ & $0.0260874$ & $0.0788405$ & $-0.0769502$ & $0.0212781$ & $0.0178048$ & $0.132601$ & $0.535805$ & $0.298705$ & $-0.491075$ & $0.539272$ & $-0.0102903$ & $0.136464$ & $0.0626027$ & $-0.0378829$ & $0.0163386$ & $-0.06166$ & $0.0601714$ & $0.0161707$ & $0.0335115$ & $-0.0323175$ & $-0.0337683$ & $0.088031$ & $-0.0177009$ & $-0.0202688$ & $0.0129723$ & $0.0205082$ \\
CHL1_11 & $0.0535869$ & $-0.077899$ & $0.0377476$ & $0.0247324$ & $-0.05598$ & $0.00269824$ & $-0.12915$ & $0.263838$ & $0.250386$ & $-0.117881$ & $-0.655169$ & $-0.225699$ & $0.124467$ & $1$ & $0.373664$ & $0.368864$ & $0.633735$ & $0.600117$ & $0.585955$ & $0.664408$ & $0.629928$ & $0.613717$ & $-0.118632$ & $0.445489$ & $0.60344$ & $-0.433485$ & $0.00822558$ & $0.2922$ & $0.0631703$ & $0.0744958$ & $0.0150015$ & $-0.145317$ & $0.129667$ & $-0.12213$ & $-0.0717238$ & $-0.00803247$ & $-0.013519$ & $-0.0498268$ & $-0.0303266$ & $-0.0039365$ & $-0.0270335$ & $0.00343553$ & $0.0108867$ & $0.058198$ & $0.0212326$ & $-0.0434861$ & $-0.0373377$ & $0.0100753$ & $0.0693734$ \\
CHL1_22 & $0.0263245$ & $0.0180198$ & $-0.0545049$ & $-0.00496915$ & $0.0141955$ & $-0.0343251$ & $-0.0667338$ & $0.484475$ & $0.483422$ & $-0.236641$ & $-0.573048$ & $-0.118479$ & $0.0754617$ & $0.373664$ & $1$ & $0.470339$ & $0.118994$ & $-0.332459$ & $-0.0278779$ & $0.608921$ & $0.525263$ & $0.512618$ & $-0.179411$ & $-0.0257975$ & $-0.10789$ & $-0.355382$ & $-0.211451$ & $0.223733$ & $0.0502263$ & $0.010295$ & $0.00162254$ & $-0.0913975$ & $0.0157429$ & $-0.398305$ & $0.030475$ & $-0.0165771$ & $0.0363272$ & $-0.00252579$ & $0.0158996$ & $0.00128611$ & $-0.0218136$ & $-0.0124768$ & $0.000792011$ & $-0.023211$ & $0.0572656$ & $0.0180926$ & $0.040601$ & $0.0234851$ & $-0.0116231$ \\
CHL1_33 & $0.0103119$ & $-0.0377655$ & $-0.0350749$ & $0.0517802$ & $0.0162285$ & $-0.0576094$ & $-0.0645044$ & $0.42674$ & $0.423487$ & $-0.246219$ & $-0.530175$ & $-0.0686272$ & $0.023827$ & $0.368864$ & $0.470339$ & $1$ & $0.137846$ & $0.0253279$ & $-0.333829$ & $0.573913$ & $0.478445$ & $0.49197$ & $-0.222121$ & $0.0157847$ & $-0.0856094$ & $-0.309261$ & $-0.286788$ & $0.199884$ & $-0.0259222$ & $0.0226361$ & $0.0119204$ & $-0.0836983$ & $0.0546639$ & $0.0415494$ & $-0.0225995$ & $-0.0649099$ & $0.0223118$ & $-0.00452227$ & $-0.0154702$ & $0.00629194$ & $0.00622765$ & $-0.0449722$ & $0.0171356$ & $-0.032707$ & $0.0475919$ & $-0.0735215$ & $0.0254543$ & $-0.0256721$ & $0.0636874$ \\
CHL3_11 & $0.0784744$ & $-0.0618503$ & $0.0683126$ & $0.0754822$ & $-0.0513964$ & $-0.355646$ & $-0.0496016$ & $-0.240341$ & $-0.250161$ & $0.141056$ & $-0.229665$ & $-0.169298$ & $0.0909634$ & $0.633735$ & $0.118994$ & $0.137846$ & $1$ & $0.836579$ & $0.82851$ & $0.239524$ & $0.208499$ & $0.205464$ & $-0.10827$ & $0.769965$ & $0.857546$ & $-0.142828$ & $-0.123065$ & $0.0773646$ & $0.0560391$ & $0.0506167$ & $0.0626699$ & $-0.0729846$ & $0.0983792$ & $-0.222786$ & $-0.0872089$ & $0.0031161$ & $0.0110615$ & $-0.00267629$ & $-0.0436189$ & $-0.0637766$ & $0.0594506$ & $-0.00506044$ & $-0.0117538$ & $0.0220084$ & $0.0329779$ & $-0.0146969$ & $-0.000809592$ & $0.0291939$ & $0.0931903$ \\
CHL3_22 & $0.0539258$ & $-0.0743767$ & $0.099665$ & $0.071133$ & $-0.0573728$ & $-0.179397$ & $-0.0539808$ & $-0.41882$ & $-0.429156$ & $0.224456$ & $-0.00978554$ & $-0.115948$ & $0.0591539$ & $0.600117$ & $-0.332459$ & $0.0253279$ & $0.836579$ & $1$ & $0.780677$ & $0.0121563$ & $0.00215655$ & $0.00315302$ & $-0.0604549$ & $0.772471$ & $0.873939$ & $0.000418459$ & $-0.0771271$ & $-0.0109395$ & $0.0229281$ & $0.0563188$ & $0.0456506$ & $-0.0569282$ & $0.107637$ & $-0.0835528$ & $-0.103154$ & $0.005569$ & $-0.0231631$ & $-0.0198541$ & $-0.0483514$ & $-0.0478307$ & $0.0428813$ & $-0.00609041$ & $0.0124301$ & $0.0404157$ & $0.000949893$ & $-0.0323782$ & $-0.0373294$ & $0.00311385$ & $0.0956217$ \\
CHL3_33 & $0.0688455$ & $-0.0346065$ & $0.089363$ & $0.0365416$ & $-0.0617185$ & $-0.166551$ & $-0.047102$ & $-0.399829$ & $-0.408262$ & $0.244755$ & $-0.0168485$ & $-0.146522$ & $0.0906538$ & $0.585955$ & $-0.0278779$ & $-0.333829$ & $0.82851$ & $0.780677$ & $1$ & $0.0116564$ & $0.0155703$ & $0.0128626$ & $-0.0193381$ & $0.747175$ & $0.869817$ & $-0.0201112$ & $-0.00915698$ & $-0.000413886$ & $0.0758202$ & $0.0452228$ & $0.0394018$ & $-0.0524814$ & $0.074966$ & $-0.350609$ & $-0.068508$ & $0.0288254$ & $-0.0127683$ & $-0.0188291$ & $-0.0275573$ & $-0.0503516$ & $0.0209331$ & $0.0194447$ & $-0.00440185$ & $0.0418942$ & $0.0106898$ & $0.0246367$ & $-0.0354061$ & $0.0390977$ & $0.0435862$ \\
CHe_11 & $0.0275316$ & $-0.0774749$ & $-0.048701$ & $-0.00384154$ & $-0.0370314$ & $-0.115642$ & $-0.0907873$ & $0.861522$ & $0.847068$ & $-0.461029$ & $-0.99522$ & $-0.213246$ & $0.108647$ & $0.664408$ & $0.608921$ & $0.573913$ & $0.239524$ & $0.0121563$ & $0.0116564$ & $1$ & $0.986471$ & $0.974531$ & $-0.0343777$ & $-0.199912$ & $0.052147$ & $-0.685442$ & $0.289472$ & $0.459777$ & $0.0717253$ & $0.0633441$ & $-0.00556575$ & $-0.117445$ & $0.0924201$ & $0.341596$ & $-0.011943$ & $0.00215531$ & $0.0209342$ & $-0.0225467$ & $-0.0110442$ & $0.0239772$ & $-0.028353$ & $-0.0155298$ & $-0.0416642$ & $0.0400434$ & $0.0260978$ & $-0.0757248$ & $-0.0166314$ & $0.0115204$ & $0.042035$ \\
CHe_22 & $0.0282644$ & $-0.0788973$ & $-0.0502342$ & $-0.0116681$ & $-0.0400398$ & $-0.11534$ & $-0.0784693$ & $0.888687$ & $0.873918$ & $-0.471707$ & $-0.995507$ & $-0.212875$ & $0.105852$ & $0.629928$ & $0.525263$ & $0.478445$ & $0.208499$ & $0.00215655$ & $0.0155703$ & $0.986471$ & $1$ & $0.985822$ & $0.0120058$ & $-0.264579$ & $0.0380009$ & $-0.696659$ & $0.394866$ & $0.474628$ & $0.0731942$ & $0.0601294$ & $-0.0106012$ & $-0.105287$ & $0.0859351$ & $0.447501$ & $-0.00674466$ & $0.00778826$ & $0.0211321$ & $-0.0258008$ & $-0.013392$ & $0.0294081$ & $-0.0327728$ & $-0.00626843$ & $-0.0502832$ & $0.048865$ & $0.0154599$ & $-0.0793763$ & $-0.0209521$ & $0.0146023$ & $0.0374573$ \\
CHe_33 & $0.0285447$ & $-0.0841841$ & $-0.0469187$ & $-0.0020867$ & $-0.0458252$ & $-0.11958$ & $-0.0633178$ & $0.879593$ & $0.865349$ & $-0.466883$ & $-0.982983$ & $-0.199377$ & $0.0930331$ & $0.613717$ & $0.512618$ & $0.49197$ & $0.205464$ & $0.00315302$ & $0.0128626$ & $0.974531$ & $0.985822$ & $1$ & $0.0170492$ & $-0.266158$ & $0.0371246$ & $-0.69357$ & $0.39349$ & $0.469329$ & $0.0734499$ & $0.0568188$ & $-0.0137535$ & $-0.090288$ & $0.0766984$ & $0.453664$ & $-0.0148643$ & $0.0035999$ & $0.0180762$ & $-0.0251396$ & $-0.00551083$ & $0.019614$ & $-0.0360076$ & $-0.0104643$ & $-0.0592221$ & $0.0409549$ & $0.0176487$ & $-0.0898353$ & $-0.0378333$ & $0.0153842$ & $0.029587$ \\
CHQ1_11 & $0.013805$ & $0.0155824$ & $0.0237335$ & $-0.0297259$ & $-0.0227436$ & $-0.00704636$ & $0.0611207$ & $0.0638472$ & $0.0720528$ & $-0.0179689$ & $0.0137695$ & $0.0124888$ & $-0.00494417$ & $-0.118632$ & $-0.179411$ & $-0.222121$ & $-0.10827$ & $-0.0604549$ & $-0.0193381$ & $-0.0343777$ & $0.0120058$ & $0.0170492$ & $1$ & $-0.160147$ & $0.00690382$ & $-0.566962$ & $0.382646$ & $0.0359055$ & $0.0662419$ & $0.00202012$ & $0.000967522$ & $0.0410026$ & $-0.00923912$ & $0.226925$ & $0.00393509$ & $0.0547514$ & $0.0135606$ & $0.0332557$ & $0.0144191$ & $-0.0175043$ & $-0.0169716$ & $0.100231$ & $0.0278379$ & $0.0570381$ & $-0.0958887$ & $-0.0175675$ & $-0.0498471$ & $0.0229036$ & $-0.0266543$ \\
CHQ1_33 & $0.0170603$ & $-0.00573339$ & $0.109669$ & $0.0805024$ & $-0.0247511$ & $-0.141768$ & $-0.0550142$ & $-0.639864$ & $-0.641963$ & $0.363697$ & $0.229083$ & $-0.0456926$ & $0.0260874$ & $0.445489$ & $-0.0257975$ & $0.0157847$ & $0.769965$ & $0.772471$ & $0.747175$ & $-0.199912$ & $-0.264579$ & $-0.266158$ & $-0.160147$ & $1$ & $0.776695$ & $0.189402$ & $-0.381335$ & $-0.0934435$ & $0.0193527$ & $0.0154785$ & $0.0450967$ & $-0.0633926$ & $0.0577727$ & $-0.59335$ & $-0.0732714$ & $-0.0156704$ & $-0.00922795$ & $-0.00070217$ & $-0.0217589$ & $-0.0569051$ & $0.0453926$ & $-0.0117562$ & $0.0606905$ & $0.00281479$ & $0.0272278$ & $0.0339953$ & $0.018472$ & $0.0203671$ & $0.0824628$ \\
CHQ3_11 & $-0.0208533$ & $-0.0692967$ & $0.10559$ & $0.064154$ & $-0.0714638$ & $-0.192978$ & $-0.0704527$ & $-0.383843$ & $-0.392652$ & $0.225913$ & $-0.0481973$ & $-0.136004$ & $0.0788405$ & $0.60344$ & $-0.10789$ & $-0.0856094$ & $0.857546$ & $0.873939$ & $0.869817$ & $0.052147$ & $0.0380009$ & $0.0371246$ & $0.00690382$ & $0.776695$ & $1$ & $-0.0193129$ & $0.123037$ & $-0.000814201$ & $0.0315758$ & $0.0392034$ & $0.0421233$ & $-0.0781222$ & $0.104495$ & $-0.245716$ & $-0.083643$ & $0.00530681$ & $0.0116091$ & $0.00193874$ & $-0.0433914$ & $-0.0580549$ & $0.0412358$ & $0.0101963$ & $-0.0057581$ & $0.0358452$ & $0.0130347$ & $0.0012998$ & $-0.0342513$ & $0.0221727$ & $0.081057$ \\
CHu_11 & $-0.0854585$ & $0.0532609$ & $0.0244728$ & $0.0330336$ & $0.0495536$ & $0.131511$ & $0.0310281$ & $-0.621789$ & $-0.61815$ & $0.344525$ & $0.693334$ & $0.154983$ & $-0.0769502$ & $-0.433485$ & $-0.355382$ & $-0.309261$ & $-0.142828$ & $0.000418459$ & $-0.0201112$ & $-0.685442$ & $-0.696659$ & $-0.69357$ & $-0.566962$ & $0.189402$ & $-0.0193129$ & $1$ & $-0.266541$ & $-0.332525$ & $-0.0977302$ & $-0.0397293$ & $0.0111125$ & $0.0733668$ & $-0.0604473$ & $-0.322867$ & $0.045676$ & $-0.0145587$ & $-0.0116008$ & $-0.00136143$ & $-0.00552321$ & $-0.00794243$ & $0.00800376$ & $-0.0578086$ & $-0.00856025$ & $-0.0425572$ & $0.0492476$ & $0.0833801$ & $0.0669177$ & $-0.00693396$ & $-0.0417756$ \\
CHd_11 & $-0.0104596$ & $-0.0378236$ & $-6.6547e-05$ & $-0.0420156$ & $-0.0494811$ & $-0.0391866$ & $-0.0115741$ & $0.446508$ & $0.437837$ & $-0.215182$ & $-0.338726$ & $-0.0563794$ & $0.0212781$ & $0.00822558$ & $-0.211451$ & $-0.286788$ & $-0.123065$ & $-0.0771271$ & $-0.00915698$ & $0.289472$ & $0.394866$ & $0.39349$ & $0.382646$ & $-0.381335$ & $0.123037$ & $-0.266541$ & $1$ & $0.201535$ & $0.0216843$ & $5.84712e-05$ & $-0.0332097$ & $-0.0121803$ & $0.0284819$ & $0.654251$ & $0.0322422$ & $0.0309385$ & $0.0360248$ & $0.00251825$ & $-0.0118934$ & $0.0193267$ & $-0.0295929$ & $0.0350789$ & $-0.0847031$ & $0.0760868$ & $-0.0371491$ & $-0.0225688$ & $-0.0428577$ & $0.0280078$ & $0.00751604$ \\
CHd_33 & $0.0558996$ & $-0.0151931$ & $-0.103854$ & $-0.0466719$ & $0.00634799$ & $-0.0744316$ & $0.0099578$ & $0.431545$ & $0.428775$ & $-0.220331$ & $-0.470329$ & $-0.0673039$ & $0.0178048$ & $0.2922$ & $0.223733$ & $0.199884$ & $0.0773646$ & $-0.0109395$ & $-0.000413886$ & $0.459777$ & $0.474628$ & $0.469329$ & $0.0359055$ & $-0.0934435$ & $-0.000814201$ & $-0.332525$ & $0.201535$ & $1$ & $-0.030522$ & $0.020052$ & $-0.0371649$ & $0.00228611$ & $0.0363014$ & $0.243578$ & $5.51439e-06$ & $-0.0108567$ & $0.00613672$ & $-0.0184651$ & $0.0199215$ & $0.0298987$ & $-0.00993877$ & $0.0212098$ & $0.0576593$ & $0.0385408$ & $0.0655311$ & $0.00701633$ & $-0.0286024$ & $-0.0166422$ & $0.0190512$ \\
CeH_22r & $-0.0371518$ & $-0.00768613$ & $-0.00158722$ & $0.0346787$ & $0.0334047$ & $-0.0167836$ & $-0.043729$ & $0.0448139$ & $0.046815$ & $0.0139968$ & $-0.0703255$ & $-0.119205$ & $0.132601$ & $0.0631703$ & $0.0502263$ & $-0.0259222$ & $0.0560391$ & $0.0229281$ & $0.0758202$ & $0.0717253$ & $0.0731942$ & $0.0734499$ & $0.0662419$ & $0.0193527$ & $0.0315758$ & $-0.0977302$ & $0.0216843$ & $-0.030522$ & $1$ & $0.0510599$ & $0.0178055$ & $-0.0665652$ & $0.0559423$ & $0.00201256$ & $-0.0288056$ & $-0.00115324$ & $0.00324061$ & $0.00147339$ & $-0.0115168$ & $0.0432625$ & $-0.037117$ & $-0.00533897$ & $-0.00343099$ & $0.00645859$ & $0.0053723$ & $0.0294335$ & $-0.0229915$ & $0.0420054$ & $0.00791639$ \\
CeH_33r & $-0.00751311$ & $0.00983517$ & $0.0219621$ & $0.0606143$ & $-0.00468501$ & $-0.0718984$ & $-0.386302$ & $0.0306121$ & $0.052714$ & $-0.177212$ & $-0.0611765$ & $-0.473845$ & $0.535805$ & $0.0744958$ & $0.010295$ & $0.0226361$ & $0.0506167$ & $0.0563188$ & $0.0452228$ & $0.0633441$ & $0.0601294$ & $0.0568188$ & $0.00202012$ & $0.0154785$ & $0.0392034$ & $-0.0397293$ & $5.84712e-05$ & $0.020052$ & $0.0510599$ & $1$ & $0.415026$ & $-0.210271$ & $0.743258$ & $0.0176638$ & $0.0084105$ & $-0.0274902$ & $-0.192968$ & $0.00179343$ & $-0.0543019$ & $0.0126387$ & $0.0593659$ & $-0.00586104$ & $-0.0153779$ & $-0.0180803$ & $0.136367$ & $-0.00307026$ & $-0.0177971$ & $0.0157417$ & $0.0112384$ \\
CuH_22r & $-0.0085936$ & $-0.0269219$ & $0.0629623$ & $0.09361$ & $-0.0657988$ & $-0.074925$ & $-0.236572$ & $-0.0328197$ & $-0.0175564$ & $-0.0995275$ & $0.00662372$ & $-0.274753$ & $0.298705$ & $0.0150015$ & $0.00162254$ & $0.0119204$ & $0.0626699$ & $0.0456506$ & $0.0394018$ & $-0.00556575$ & $-0.0106012$ & $-0.0137535$ & $0.000967522$ & $0.0450967$ & $0.0421233$ & $0.0111125$ & $-0.0332097$ & $-0.0371649$ & $0.0178055$ & $0.415026$ & $1$ & $-0.126037$ & $0.453457$ & $-0.0264629$ & $0.0291899$ & $-0.0110197$ & $-0.051762$ & $0.0109336$ & $0.0251981$ & $-0.00598738$ & $0.059855$ & $-0.021973$ & $0.0786598$ & $-0.0755218$ & $0.0913506$ & $0.0816747$ & $0.374968$ & $0.0302398$ & $0.00366434$ \\
CuH_33r & $-0.031629$ & $-0.0109571$ & $0.0478354$ & $0.00636533$ & $0.0535862$ & $-0.042542$ & $0.926548$ & $-0.0590941$ & $-0.0355641$ & $0.111311$ & $0.112212$ & $0.492491$ & $-0.491075$ & $-0.145317$ & $-0.0913975$ & $-0.0836983$ & $-0.0729846$ & $-0.0569282$ & $-0.0524814$ & $-0.117445$ & $-0.105287$ & $-0.090288$ & $0.0410026$ & $-0.0633926$ & $-0.0781222$ & $0.0733668$ & $-0.0121803$ & $0.00228611$ & $-0.0665652$ & $-0.210271$ & $-0.126037$ & $1$ & $-0.152612$ & $0.0385437$ & $0.0322427$ & $0.0179436$ & $0.0292853$ & $-0.00504668$ & $0.0408939$ & $-0.0404957$ & $-0.00918441$ & $-0.0181102$ & $0.00958257$ & $0.024933$ & $-0.105477$ & $-0.00974083$ & $0.00858534$ & $0.0125851$ & $0.0185178$ \\
CdH_33r & $0.00178909$ & $-0.0204402$ & $0.0208006$ & $0.0753009$ & $-0.0351663$ & $-0.0822761$ & $-0.363362$ & $0.033963$ & $0.0560071$ & $-0.179188$ & $-0.0900784$ & $-0.476717$ & $0.539272$ & $0.129667$ & $0.0157429$ & $0.0546639$ & $0.0983792$ & $0.107637$ & $0.074966$ & $0.0924201$ & $0.0859351$ & $0.0766984$ & $-0.00923912$ & $0.0577727$ & $0.104495$ & $-0.0604473$ & $0.0284819$ & $0.0363014$ & $0.0559423$ & $0.743258$ & $0.453457$ & $-0.152612$ & $1$ & $0.0192963$ & $0.0117182$ & $0.00308913$ & $-0.170859$ & $-0.0265659$ & $-0.0374941$ & $0.0426914$ & $0.0629319$ & $0.0125629$ & $-0.0025614$ & $-0.00700355$ & $0.0683677$ & $-0.0170047$ & $-0.024043$ & $0.135823$ & $0.386819$ \\
CLL_1221 & $-0.0139094$ & $-0.0368863$ & $-0.047692$ & $-0.0279932$ & $-0.0198231$ & $-0.120586$ & $0.042118$ & $0.570192$ & $0.5613$ & $-0.33474$ & $-0.389681$ & $-0.0296072$ & $-0.0102903$ & $-0.12213$ & $-0.398305$ & $0.0415494$ & $-0.222786$ & $-0.0835528$ & $-0.350609$ & $0.341596$ & $0.447501$ & $0.453664$ & $0.226925$ & $-0.59335$ & $-0.245716$ & $-0.322867$ & $0.654251$ & $0.243578$ & $0.00201256$ & $0.0176638$ & $-0.0264629$ & $0.0385437$ & $0.0192963$ & $1$ & $0.00726584$ & $0.0291682$ & $0.00208559$ & $-0.00599832$ & $-0.00774894$ & $0.0408571$ & $-0.00659426$ & $0.00229995$ & $-0.0676641$ & $0.0543563$ & $-0.0335891$ & $-0.095435$ & $-0.0377239$ & $-0.0136483$ & $0.0249533$ \\
eHggint & $-0.0185174$ & $0.0387957$ & $0.00489111$ & $0.01488$ & $0.0997029$ & $0.0451655$ & $-0.0562032$ & $0.0347015$ & $0.03146$ & $0.0414645$ & $0.0107678$ & $-0.0940764$ & $0.136464$ & $-0.0717238$ & $0.030475$ & $-0.0225995$ & $-0.0872089$ & $-0.103154$ & $-0.068508$ & $-0.011943$ & $-0.00674466$ & $-0.0148643$ & $0.00393509$ & $-0.0732714$ & $-0.083643$ & $0.045676$ & $0.0322422$ & $5.51439e-06$ & $-0.0288056$ & $0.0084105$ & $0.0291899$ & $0.0322427$ & $0.0117182$ & $0.00726584$ & $1$ & $-0.0400869$ & $0.0357078$ & $0.0138611$ & $0.0342394$ & $-0.0570407$ & $0.00660032$ & $0.0516849$ & $0.0881596$ & $0.0190723$ & $-0.0159603$ & $-0.0433437$ & $0.0231357$ & $0.0502037$ & $-0.0251883$ \\
eHggpar & $-0.0541807$ & $0.0589498$ & $-0.0631327$ & $0.00800371$ & $0.000373735$ & $0.0573121$ & $-0.0359364$ & $0.00405124$ & $-0.00294544$ & $-0.00180043$ & $-0.00163523$ & $-0.0514217$ & $0.0626027$ & $-0.00803247$ & $-0.0165771$ & $-0.0649099$ & $0.0031161$ & $0.005569$ & $0.0288254$ & $0.00215531$ & $0.00778826$ & $0.0035999$ & $0.0547514$ & $-0.0156704$ & $0.00530681$ & $-0.0145587$ & $0.0309385$ & $-0.0108567$ & $-0.00115324$ & $-0.0274902$ & $-0.0110197$ & $0.0179436$ & $0.00308913$ & $0.0291682$ & $-0.0400869$ & $1$ & $0.00557403$ & $0.0503552$ & $0.0936519$ & $0.0409263$ & $-0.0996894$ & $-0.0313562$ & $-0.0791777$ & $0.0455477$ & $-0.0611602$ & $-0.0425012$ & $0.0177555$ & $-0.0302625$ & $-0.0231083$ \\
eHWWint & $-0.0181277$ & $-0.0453275$ & $0.00228886$ & $0.0532629$ & $-0.039192$ & $-0.0244106$ & $0.0655313$ & $0.0241465$ & $0.0222375$ & $0.00639238$ & $-0.0217219$ & $0.038546$ & $-0.0378829$ & $-0.013519$ & $0.0363272$ & $0.0223118$ & $0.0110615$ & $-0.0231631$ & $-0.0127683$ & $0.0209342$ & $0.0211321$ & $0.0180762$ & $0.0135606$ & $-0.00922795$ & $0.0116091$ & $-0.0116008$ & $0.0360248$ & $0.00613672$ & $0.00324061$ & $-0.192968$ & $-0.051762$ & $0.0292853$ & $-0.170859$ & $0.00208559$ & $0.0357078$ & $0.00557403$ & $1$ & $0.0274884$ & $0.0358767$ & $-0.0431327$ & $0.00776719$ & $-0.0198194$ & $0.0390369$ & $0.00962692$ & $-0.0297703$ & $0.0175302$ & $0.0264435$ & $0.0142095$ & $-0.00117245$ \\
eHWWpar & $-0.0926842$ & $-0.0141492$ & $0.013159$ & $0.0529863$ & $-0.00360358$ & $-0.0253166$ & $0.00486637$ & $-0.0160474$ & $-0.0130771$ & $0.0209693$ & $0.0259123$ & $-0.00516289$ & $0.0163386$ & $-0.0498268$ & $-0.00252579$ & $-0.00452227$ & $-0.00267629$ & $-0.0198541$ & $-0.0188291$ & $-0.0225467$ & $-0.0258008$ & $-0.0251396$ & $0.0332557$ & $-0.00070217$ & $0.00193874$ & $-0.00136143$ & $0.00251825$ & $-0.0184651$ & $0.00147339$ & $0.00179343$ & $0.0109336$ & $-0.00504668$ & $-0.0265659$ & $-0.00599832$ & $0.0138611$ & $0.0503552$ & $0.0274884$ & $1$ & $0.02926$ & $0.041258$ & $0.0484143$ & $-0.0614226$ & $-0.016855$ & $-0.0578753$ & $-0.0200725$ & $0.00582903$ & $-0.00579032$ & $-0.0770216$ & $-0.0159624$ \\
eHZZint & $-0.0539363$ & $-0.0251477$ & $-0.107001$ & $-0.0336811$ & $-0.00489423$ & $0.0274304$ & $0.0324968$ & $0.0094815$ & $0.0174142$ & $0.0176524$ & $0.012876$ & $0.0680948$ & $-0.06166$ & $-0.0303266$ & $0.0158996$ & $-0.0154702$ & $-0.0436189$ & $-0.0483514$ & $-0.0275573$ & $-0.0110442$ & $-0.013392$ & $-0.00551083$ & $0.0144191$ & $-0.0217589$ & $-0.0433914$ & $-0.00552321$ & $-0.0118934$ & $0.0199215$ & $-0.0115168$ & $-0.0543019$ & $0.0251981$ & $0.0408939$ & $-0.0374941$ & $-0.00774894$ & $0.0342394$ & $0.0936519$ & $0.0358767$ & $0.02926$ & $1$ & $0.0418938$ & $-0.0843519$ & $0.0322694$ & $0.0791089$ & $0.0757672$ & $0.04636$ & $0.0175251$ & $0.0253554$ & $-0.0418357$ & $0.0213113$ \\
eHZZpar & $-0.0490431$ & $-0.00415315$ & $-0.0154642$ & $-0.0519488$ & $-0.00392604$ & $0.0412953$ & $-0.0429563$ & $0.0537732$ & $0.0558823$ & $-0.049878$ & $-0.0267623$ & $-0.0633604$ & $0.0601714$ & $-0.0039365$ & $0.00128611$ & $0.00629194$ & $-0.0637766$ & $-0.0478307$ & $-0.0503516$ & $0.0239772$ & $0.0294081$ & $0.019614$ & $-0.0175043$ & $-0.0569051$ & $-0.0580549$ & $-0.00794243$ & $0.0193267$ & $0.0298987$ & $0.0432625$ & $0.0126387$ & $-0.00598738$ & $-0.0404957$ & $0.0426914$ & $0.0408571$ & $-0.0570407$ & $0.0409263$ & $-0.0431327$ & $0.041258$ & $0.0418938$ & $1$ & $-0.0249076$ & $-0.00532063$ & $0.0203984$ & $0.0439234$ & $0.0399922$ & $-0.016272$ & $0.007806$ & $-0.00801067$ & $0.00495603$ \\
eHZgaint & $-0.0105206$ & $0.0537802$ & $0.0163795$ & $-0.0360822$ & $0.0123846$ & $-0.062976$ & $0.00108326$ & $-0.0507977$ & $-0.0483011$ & $-0.0650716$ & $0.0313766$ & $-0.0282844$ & $0.0161707$ & $-0.0270335$ & $-0.0218136$ & $0.00622765$ & $0.0594506$ & $0.0428813$ & $0.0209331$ & $-0.028353$ & $-0.0327728$ & $-0.0360076$ & $-0.0169716$ & $0.0453926$ & $0.0412358$ & $0.00800376$ & $-0.0295929$ & $-0.00993877$ & $-0.037117$ & $0.0593659$ & $0.059855$ & $-0.00918441$ & $0.0629319$ & $-0.00659426$ & $0.00660032$ & $-0.0996894$ & $0.00776719$ & $0.0484143$ & $-0.0843519$ & $-0.0249076$ & $1$ & $-0.00574277$ & $0.0199588$ & $-0.0519229$ & $0.00132478$ & $-0.0145315$ & $-0.0183175$ & $-0.0412842$ & $0.0574274$ \\
eHZgapar & $0.00406016$ & $0.0111859$ & $-0.0402236$ & $-0.0333219$ & $0.00744028$ & $-0.0233373$ & $0.00609686$ & $-0.00327229$ & $0.00419138$ & $-0.00642068$ & $0.00627833$ & $-0.0334707$ & $0.0335115$ & $0.00343553$ & $-0.0124768$ & $-0.0449722$ & $-0.00506044$ & $-0.00609041$ & $0.0194447$ & $-0.0155298$ & $-0.00626843$ & $-0.0104643$ & $0.100231$ & $-0.0117562$ & $0.0101963$ & $-0.0578086$ & $0.0350789$ & $0.0212098$ & $-0.00533897$ & $-0.00586104$ & $-0.021973$ & $-0.0181102$ & $0.0125629$ & $0.00229995$ & $0.0516849$ & $-0.0313562$ & $-0.0198194$ & $-0.0614226$ & $0.0322694$ & $-0.00532063$ & $-0.00574277$ & $1$ & $-0.0388735$ & $0.0494358$ & $-0.0503265$ & $0.0660643$ & $-0.114309$ & $-0.0333603$ & $0.0290013$ \\
eHgagaint & $-0.0420108$ & $0.0950812$ & $0.096003$ & $0.0158776$ & $0.0732124$ & $-0.0191188$ & $0.0138404$ & $-0.0563114$ & $0.00246283$ & $0.0206785$ & $0.049735$ & $0.0303398$ & $-0.0323175$ & $0.0108867$ & $0.000792011$ & $0.0171356$ & $-0.0117538$ & $0.0124301$ & $-0.00440185$ & $-0.0416642$ & $-0.0502832$ & $-0.0592221$ & $0.0278379$ & $0.0606905$ & $-0.0057581$ & $-0.00856025$ & $-0.0847031$ & $0.0576593$ & $-0.00343099$ & $-0.0153779$ & $0.0786598$ & $0.00958257$ & $-0.0025614$ & $-0.0676641$ & $0.0881596$ & $-0.0791777$ & $0.0390369$ & $-0.016855$ & $0.0791089$ & $0.0203984$ & $0.0199588$ & $-0.0388735$ & $1$ & $0.0597773$ & $-0.0187839$ & $0.0509415$ & $0.111682$ & $-0.00871533$ & $0.00390637$ \\
eHmumuint & $0.0426967$ & $0.0391097$ & $-0.0257531$ & $-0.0272331$ & $0.0881768$ & $0.0244948$ & $0.00664081$ & $0.0322281$ & $0.0354552$ & $0.0115142$ & $-0.0439185$ & $0.0216747$ & $-0.0337683$ & $0.058198$ & $-0.023211$ & $-0.032707$ & $0.0220084$ & $0.0404157$ & $0.0418942$ & $0.0400434$ & $0.048865$ & $0.0409549$ & $0.0570381$ & $0.00281479$ & $0.0358452$ & $-0.0425572$ & $0.0760868$ & $0.0385408$ & $0.00645859$ & $-0.0180803$ & $-0.0755218$ & $0.024933$ & $-0.00700355$ & $0.0543563$ & $0.0190723$ & $0.0455477$ & $0.00962692$ & $-0.0578753$ & $0.0757672$ & $0.0439234$ & $-0.0519229$ & $0.0494358$ & $0.0597773$ & $1$ & $-0.0219421$ & $-0.0499699$ & $0.00255644$ & $-0.0352402$ & $0.0564208$ \\
eHtautauint & $-0.054016$ & $-0.0169723$ & $-0.0871322$ & $0.0418684$ & $0.0421677$ & $-0.0396688$ & $-0.103905$ & $0.00739247$ & $0.00829529$ & $-0.0271883$ & $-0.0225044$ & $-0.0956332$ & $0.088031$ & $0.0212326$ & $0.0572656$ & $0.0475919$ & $0.0329779$ & $0.000949893$ & $0.0106898$ & $0.0260978$ & $0.0154599$ & $0.0176487$ & $-0.0958887$ & $0.0272278$ & $0.0130347$ & $0.0492476$ & $-0.0371491$ & $0.0655311$ & $0.0053723$ & $0.136367$ & $0.0913506$ & $-0.105477$ & $0.0683677$ & $-0.0335891$ & $-0.0159603$ & $-0.0611602$ & $-0.0297703$ & $-0.0200725$ & $0.04636$ & $0.0399922$ & $0.00132478$ & $-0.0503265$ & $-0.0187839$ & $-0.0219421$ & $1$ & $0.0549978$ & $0.0494489$ & $0.0990555$ & $-0.0267374$ \\
eHccint & $0.0535006$ & $0.064518$ & $-0.0276173$ & $-0.0355002$ & $-0.039358$ & $0.0306757$ & $-0.015076$ & $-0.0735566$ & $-0.0711369$ & $0.078635$ & $0.0775283$ & $0.0334567$ & $-0.0177009$ & $-0.0434861$ & $0.0180926$ & $-0.0735215$ & $-0.0146969$ & $-0.0323782$ & $0.0246367$ & $-0.0757248$ & $-0.0793763$ & $-0.0898353$ & $-0.0175675$ & $0.0339953$ & $0.0012998$ & $0.0833801$ & $-0.0225688$ & $0.00701633$ & $0.0294335$ & $-0.00307026$ & $0.0816747$ & $-0.00974083$ & $-0.0170047$ & $-0.095435$ & $-0.0433437$ & $-0.0425012$ & $0.0175302$ & $0.00582903$ & $0.0175251$ & $-0.016272$ & $-0.0145315$ & $0.0660643$ & $0.0509415$ & $-0.0499699$ & $0.0549978$ & $1$ & $-0.0400405$ & $-0.0694987$ & $-0.00285741$ \\
eHccpar & $-0.00776636$ & $-0.00963416$ & $0.103399$ & $0.0106511$ & $-0.0177366$ & $-0.0546934$ & $0.0254217$ & $-0.0116155$ & $-0.00432094$ & $-0.0242518$ & $0.0190055$ & $0.0138438$ & $-0.0202688$ & $-0.0373377$ & $0.040601$ & $0.0254543$ & $-0.000809592$ & $-0.0373294$ & $-0.0354061$ & $-0.0166314$ & $-0.0209521$ & $-0.0378333$ & $-0.0498471$ & $0.018472$ & $-0.0342513$ & $0.0669177$ & $-0.0428577$ & $-0.0286024$ & $-0.0229915$ & $-0.0177971$ & $0.374968$ & $0.00858534$ & $-0.024043$ & $-0.0377239$ & $0.0231357$ & $0.0177555$ & $0.0264435$ & $-0.00579032$ & $0.0253554$ & $0.007806$ & $-0.0183175$ & $-0.114309$ & $0.111682$ & $0.00255644$ & $0.0494489$ & $-0.0400405$ & $1$ & $-0.0167086$ & $0.0155768$ \\
eHbbint & $0.0198082$ & $-0.00770333$ & $0.0443841$ & $0.0195319$ & $-0.0122747$ & $-0.0672873$ & $0.00727372$ & $0.0027914$ & $0.00156219$ & $0.0206801$ & $-0.0130861$ & $-0.00849434$ & $0.0129723$ & $0.0100753$ & $0.0234851$ & $-0.0256721$ & $0.0291939$ & $0.00311385$ & $0.0390977$ & $0.0115204$ & $0.0146023$ & $0.0153842$ & $0.0229036$ & $0.0203671$ & $0.0221727$ & $-0.00693396$ & $0.0280078$ & $-0.0166422$ & $0.0420054$ & $0.0157417$ & $0.0302398$ & $0.0125851$ & $0.135823$ & $-0.0136483$ & $0.0502037$ & $-0.0302625$ & $0.0142095$ & $-0.0770216$ & $-0.0418357$ & $-0.00801067$ & $-0.0412842$ & $-0.0333603$ & $-0.00871533$ & $-0.0352402$ & $0.0990555$ & $-0.0694987$ & $-0.0167086$ & $1$ & $-0.0253125$ \\
eHbbpar & $0.043422$ & $-0.0384438$ & $0.041795$ & $0.0252365$ & $-0.0154949$ & $-0.0723154$ & $0.0215602$ & $-0.00181432$ & $0.0047228$ & $0.000130728$ & $-0.0403915$ & $-0.0286368$ & $0.0205082$ & $0.0693734$ & $-0.0116231$ & $0.0636874$ & $0.0931903$ & $0.0956217$ & $0.0435862$ & $0.042035$ & $0.0374573$ & $0.029587$ & $-0.0266543$ & $0.0824628$ & $0.081057$ & $-0.0417756$ & $0.00751604$ & $0.0190512$ & $0.00791639$ & $0.0112384$ & $0.00366434$ & $0.0185178$ & $0.386819$ & $0.0249533$ & $-0.0251883$ & $-0.0231083$ & $-0.00117245$ & $-0.0159624$ & $0.0213113$ & $0.00495603$ & $0.0574274$ & $0.0290013$ & $0.00390637$ & $0.0564208$ & $-0.0267374$ & $-0.00285741$ & $0.0155768$ & $-0.0253125$ & $1$ \\
