 & AlsMz & dAle5Mz & mtop & mHl & Mz & CW & CHG & CHWB & CHWHB_gaga & CHWHB_gagaorth & CHD & CHbox & CH & CHL1_11 & CHL1_22 & CHL1_33 & CHL3_11 & CHL3_22 & CHL3_33 & CHe_11 & CHe_22 & CHe_33 & CHQ1_11 & CHQ1_33 & CHQ3_11 & CHu_11 & CHd_11 & CHd_33 & CeH_22r & CeH_33r & CuH_22r & CuH_33r & CdH_33r & CLL_1221 & eHggint & eHggpar & eHWWint & eHWWpar & eHZZint & eHZZpar & eHZgaint & eHZgapar & eHgagaint & eHmumuint & eHtautauint & eHccint & eHccpar & eHbbint & eHbbpar \\
AlsMz & $1$ & $-0.00997868$ & $-0.0344817$ & $0.00897645$ & $0.00119401$ & $-0.00163205$ & $-0.000541676$ & $0.0166416$ & $0.0112383$ & $0.00754911$ & $-0.0308735$ & $0.0159763$ & $0.00317734$ & $0.0192789$ & $-6.74418e-05$ & $0.000570831$ & $0.0167625$ & $0.0135483$ & $0.0144367$ & $0.0227199$ & $0.024741$ & $0.0250296$ & $-0.00596651$ & $-0.0421313$ & $-0.0781835$ & $-0.031998$ & $-0.00540577$ & $0.0300975$ & $0.00106049$ & $-0.0102355$ & $0.0448425$ & $-0.00202617$ & $0.0288019$ & $0.0128543$ & $0.0808382$ & $0.0531185$ & $0.132993$ & $0.02208$ & $-0.106316$ & $-0.0477406$ & $-0.200029$ & $-0.0427916$ & $-0.0375689$ & $-0.00218559$ & $0.0447477$ & $-0.122278$ & $0.153845$ & $0.070815$ & $0.0855757$ \\
dAle5Mz & $-0.00997868$ & $1$ & $0.160752$ & $0.0303266$ & $0.00416055$ & $0.00630349$ & $-0.0122187$ & $-0.0514728$ & $-0.0527368$ & $0.0133693$ & $0.0415008$ & $0.0110193$ & $0.0114327$ & $-0.0122044$ & $-0.0129976$ & $-0.0192727$ & $0.0109196$ & $0.0104313$ & $0.0155487$ & $-0.0258435$ & $-0.0239815$ & $-0.0236129$ & $-0.0153106$ & $0.0108254$ & $0.00064645$ & $0.024204$ & $-0.0181563$ & $-0.00753663$ & $-0.0054232$ & $0.00690716$ & $0.0354144$ & $-0.010843$ & $0.0200132$ & $0.0111889$ & $-0.0478962$ & $0.0607518$ & $-0.0450731$ & $-0.0101478$ & $-0.0254968$ & $0.00576935$ & $0.0785224$ & $-0.0258848$ & $-0.0560511$ & $-0.0137537$ & $0.0558219$ & $-0.0289932$ & $0.0581834$ & $-0.0214355$ & $0.0308943$ \\
mtop & $-0.0344817$ & $0.160752$ & $1$ & $-0.0523646$ & $0.00415924$ & $0.00780923$ & $-0.0329154$ & $-0.0159451$ & $-0.0266545$ & $0.00609224$ & $0.0197425$ & $0.0111764$ & $-9.81831e-05$ & $-0.00292144$ & $0.00354678$ & $0.0089923$ & $0.000419642$ & $0.000960836$ & $-0.00230667$ & $-0.00845754$ & $-0.0123967$ & $-0.011091$ & $-0.00273536$ & $0.0141189$ & $0.00255593$ & $0.00959478$ & $-0.0140046$ & $0.00593171$ & $-0.011031$ & $-0.0324905$ & $0.05763$ & $-0.0304133$ & $0.063503$ & $-0.00843144$ & $0.0905432$ & $0.0937441$ & $0.0671575$ & $0.0210413$ & $-0.0190135$ & $-0.0261573$ & $0.0451094$ & $-0.00801169$ & $-0.185994$ & $0.236325$ & $0.0906719$ & $0.156658$ & $0.155099$ & $-0.0106103$ & $0.227806$ \\
mHl & $0.00897645$ & $0.0303266$ & $-0.0523646$ & $1$ & $-0.0135848$ & $-0.0137787$ & $-0.0104905$ & $0.0215043$ & $0.0134112$ & $-0.011564$ & $-0.0235256$ & $0.00306688$ & $0.0156579$ & $0.00537043$ & $0.00295577$ & $-0.000838886$ & $0.00771704$ & $-0.00124405$ & $0.0033163$ & $0.0213143$ & $0.0247668$ & $0.0249174$ & $-0.00217236$ & $-0.00733333$ & $0.0112152$ & $-0.00805136$ & $0.0324528$ & $0.00502332$ & $-0.00658913$ & $0.0220505$ & $0.0215458$ & $-0.00139206$ & $-0.00865369$ & $0.0182395$ & $0.25165$ & $-0.20075$ & $0.101654$ & $0.0178825$ & $-0.163943$ & $0.00161953$ & $0.150176$ & $0.0393932$ & $-0.102831$ & $0.12094$ & $0.286344$ & $0.0784823$ & $0.120918$ & $0.0379259$ & $-0.0107096$ \\
Mz & $0.00119401$ & $0.00416055$ & $0.00415924$ & $-0.0135848$ & $1$ & $0.0143243$ & $0.00854796$ & $-0.0111429$ & $-0.0123607$ & $0.00816968$ & $0.0148046$ & $-0.00468197$ & $-0.00777289$ & $0.0104969$ & $-0.0016495$ & $0.00318931$ & $0.00683205$ & $0.00977318$ & $0.00498696$ & $-0.00574074$ & $-0.0052117$ & $-0.00677369$ & $-0.00152216$ & $0.0115152$ & $0.00714367$ & $0.000161539$ & $-0.00824869$ & $-0.00524708$ & $-0.00415148$ & $-0.00300018$ & $-0.00868976$ & $0.00650919$ & $-0.00346093$ & $-0.0103979$ & $-0.00865599$ & $0.00281$ & $0.00737393$ & $-0.00453256$ & $0.000587397$ & $0.00224173$ & $0.0133811$ & $-0.00752821$ & $-0.00843064$ & $-0.00566248$ & $-0.00127125$ & $0.00360816$ & $-0.00847327$ & $0.00591422$ & $7.44753e-05$ \\
CW & $-0.00163205$ & $0.00630349$ & $0.00780923$ & $-0.0137787$ & $0.0143243$ & $1$ & $-0.00941371$ & $-0.123927$ & $-0.121647$ & $0.0167863$ & $0.182296$ & $0.0482927$ & $0.00213827$ & $0.0216468$ & $-0.0772225$ & $-0.0847705$ & $-0.254456$ & $-0.0487777$ & $-0.0437545$ & $-0.180646$ & $-0.185101$ & $-0.181829$ & $-0.00917435$ & $0.00276427$ & $-0.0852498$ & $0.0998734$ & $-0.0782952$ & $-0.0715093$ & $0.00328159$ & $0.00288981$ & $-0.0114541$ & $-0.00609988$ & $0.00959809$ & $-0.120296$ & $-0.0164047$ & $0.00357664$ & $0.00333165$ & $0.00310931$ & $0.0136029$ & $0.00797577$ & $-0.000429118$ & $-0.0124605$ & $0.00263171$ & $0.0121441$ & $-0.0038227$ & $-0.0109961$ & $-0.0252429$ & $0.0151111$ & $0.0231535$ \\
CHG & $-0.000541676$ & $-0.0122187$ & $-0.0329154$ & $-0.0104905$ & $0.00854796$ & $-0.00941371$ & $1$ & $-0.103266$ & $-0.0528667$ & $0.0723373$ & $0.0528503$ & $-0.147518$ & $-0.30156$ & $0.0684329$ & $-0.0268465$ & $-0.0165741$ & $0.0983569$ & $0.112913$ & $0.103684$ & $-0.0514884$ & $-0.0567382$ & $-0.0579594$ & $-0.00187728$ & $0.118543$ & $0.104967$ & $0.0240305$ & $-0.0436797$ & $-0.00715911$ & $-0.00841688$ & $-0.129478$ & $-0.0818045$ & $0.936514$ & $-0.184536$ & $-0.0612225$ & $-0.00993815$ & $-0.0053357$ & $0.0209918$ & $0.0107332$ & $0.0342938$ & $-0.0193191$ & $0.012045$ & $0.0016563$ & $-0.00658432$ & $-0.0121836$ & $-0.0139323$ & $0.0116156$ & $-0.0176699$ & $-0.00473444$ & $-0.0423949$ \\
CHWB & $0.0166416$ & $-0.0514728$ & $-0.0159451$ & $0.0215043$ & $-0.0111429$ & $-0.123927$ & $-0.103266$ & $1$ & $0.984222$ & $-0.575221$ & $-0.87949$ & $-0.0874332$ & $0.356042$ & $0.100868$ & $0.300676$ & $0.303569$ & $-0.24405$ & $-0.434922$ & $-0.440912$ & $0.851363$ & $0.896789$ & $0.87939$ & $0.0709854$ & $-0.671707$ & $-0.413528$ & $-0.5129$ & $0.420893$ & $0.308433$ & $0.0497321$ & $0.121648$ & $0.0637304$ & $-0.100665$ & $0.121637$ & $0.558462$ & $-0.0229321$ & $-0.0164573$ & $-0.0213806$ & $-0.00335031$ & $-0.0305847$ & $-0.00343889$ & $-0.0248209$ & $0.0214591$ & $0.0296907$ & $-0.0275392$ & $0.0460503$ & $0.0260829$ & $0.019339$ & $-0.0284025$ & $-0.0181922$ \\
CHWHB_gaga & $0.0112383$ & $-0.0527368$ & $-0.0266545$ & $0.0134112$ & $-0.0123607$ & $-0.121647$ & $-0.0528667$ & $0.984222$ & $1$ & $-0.564949$ & $-0.862854$ & $-0.0700065$ & $0.350285$ & $0.093585$ & $0.294042$ & $0.297467$ & $-0.246055$ & $-0.432047$ & $-0.43839$ & $0.835229$ & $0.880014$ & $0.862911$ & $0.0718577$ & $-0.664635$ & $-0.409951$ & $-0.504377$ & $0.415935$ & $0.302917$ & $0.0543807$ & $0.141924$ & $0.0743188$ & $-0.0589934$ & $0.141434$ & $0.55073$ & $-0.0383444$ & $-0.0321716$ & $-0.0337757$ & $-0.00434964$ & $-0.0204845$ & $-0.00457822$ & $-0.028747$ & $0.0209903$ & $0.0779114$ & $-0.0326108$ & $0.0291291$ & $0.0224726$ & $0.0201223$ & $-0.0309824$ & $-0.0241463$ \\
CHWHB_gagaorth & $0.00754911$ & $0.0133693$ & $0.00609224$ & $-0.011564$ & $0.00816968$ & $0.0167863$ & $0.0723373$ & $-0.575221$ & $-0.564949$ & $1$ & $0.362504$ & $0.452387$ & $-0.254352$ & $0.216584$ & $-0.126566$ & $-0.116554$ & $0.433226$ & $0.485061$ & $0.481213$ & $-0.348118$ & $-0.379463$ & $-0.37352$ & $-0.053487$ & $0.556085$ & $0.478322$ & $0.216877$ & $-0.24212$ & $-0.128255$ & $-0.0349119$ & $-0.141274$ & $-0.0674384$ & $0.0907909$ & $-0.147654$ & $-0.348804$ & $0.0602748$ & $0.0303344$ & $0.0132117$ & $-0.00660532$ & $0.0156838$ & $-0.00141606$ & $-0.0190123$ & $-0.00737638$ & $-0.00710856$ & $0.00901968$ & $-0.0466004$ & $-0.00631195$ & $0.00111308$ & $0.00753013$ & $0.016299$ \\
CHD & $-0.0308735$ & $0.0415008$ & $0.0197425$ & $-0.0235256$ & $0.0148046$ & $0.182296$ & $0.0528503$ & $-0.87949$ & $-0.862854$ & $0.362504$ & $1$ & $0.193202$ & $-0.17451$ & $-0.514994$ & $-0.423266$ & $-0.423859$ & $-0.211855$ & $0.069709$ & $0.0738736$ & $-0.990587$ & $-0.991424$ & $-0.970559$ & $-0.0113472$ & $0.307388$ & $0.0304206$ & $0.566501$ & $-0.289464$ & $-0.337201$ & $-0.029267$ & $-0.0730028$ & $-0.0410079$ & $0.0618715$ & $-0.0690433$ & $-0.363221$ & $0.0222801$ & $0.0262806$ & $0.0213467$ & $0.00744217$ & $0.0264781$ & $0.0041338$ & $0.0196714$ & $-0.0208928$ & $-0.0162058$ & $0.031143$ & $-0.0478778$ & $-0.0310741$ & $-0.0302818$ & $0.0156274$ & $0.0110903$ \\
CHbox & $0.0159763$ & $0.0110193$ & $0.0111764$ & $0.00306688$ & $-0.00468197$ & $0.0482927$ & $-0.147518$ & $-0.0874332$ & $-0.0700065$ & $0.452387$ & $0.193202$ & $1$ & $0.457626$ & $-0.258436$ & $-0.0133698$ & $-0.00205887$ & $-0.220588$ & $-0.18417$ & $-0.190384$ & $-0.175744$ & $-0.196783$ & $-0.189811$ & $-0.00353316$ & $-0.0668484$ & $-0.182415$ & $0.104441$ & $-0.0812582$ & $-0.0589246$ & $0.0463897$ & $0.287761$ & $0.091658$ & $-0.0497635$ & $0.35298$ & $-0.0655819$ & $0.104951$ & $0.0688071$ & $0.00692828$ & $-0.00194785$ & $-0.00880997$ & $0.000729066$ & $-0.0372889$ & $0.0016058$ & $0.00204828$ & $0.0125742$ & $-0.0418172$ & $-0.00857578$ & $0.0230461$ & $-0.0147179$ & $0.0149295$ \\
CH & $0.00317734$ & $0.0114327$ & $-9.81831e-05$ & $0.0156579$ & $-0.00777289$ & $0.00213827$ & $-0.30156$ & $0.356042$ & $0.350285$ & $-0.254352$ & $-0.17451$ & $0.457626$ & $1$ & $-0.242092$ & $0.0690787$ & $0.0692571$ & $-0.364248$ & $-0.386404$ & $-0.386739$ & $0.168717$ & $0.186756$ & $0.186982$ & $0.0426903$ & $-0.399088$ & $-0.376691$ & $-0.111017$ & $0.15395$ & $0.0625708$ & $0.0696711$ & $0.277141$ & $0.134146$ & $-0.249872$ & $0.34085$ & $0.224971$ & $0.0222149$ & $0.0233836$ & $-0.0142732$ & $0.00844671$ & $-0.0235947$ & $-0.00392012$ & $-0.0232398$ & $0.0112764$ & $0.0150932$ & $0.00411161$ & $0.00340076$ & $-0.0100975$ & $0.0361447$ & $-0.0292608$ & $-0.00518708$ \\
CHL1_11 & $0.0192789$ & $-0.0122044$ & $-0.00292144$ & $0.00537043$ & $0.0104969$ & $0.0216468$ & $0.0684329$ & $0.100868$ & $0.093585$ & $0.216584$ & $-0.514994$ & $-0.258436$ & $-0.242092$ & $1$ & $0.275446$ & $0.270678$ & $0.659523$ & $0.591083$ & $0.592756$ & $0.532854$ & $0.476029$ & $0.46214$ & $-0.0852559$ & $0.467681$ & $0.598777$ & $-0.272025$ & $-0.0977839$ & $0.153395$ & $-0.01887$ & $-0.0572884$ & $-0.0244903$ & $0.0451915$ & $-0.0648092$ & $-0.213266$ & $-0.0126394$ & $-0.0236173$ & $-0.00572399$ & $-0.00743749$ & $0.00599854$ & $-0.003581$ & $0.00194803$ & $0.000931251$ & $-0.014733$ & $-0.0106497$ & $0.0177603$ & $0.023587$ & $0.0229371$ & $0.0155394$ & $0.0116614$ \\
CHL1_22 & $-6.74418e-05$ & $-0.0129976$ & $0.00354678$ & $0.00295577$ & $-0.0016495$ & $-0.0772225$ & $-0.0268465$ & $0.300676$ & $0.294042$ & $-0.126566$ & $-0.423266$ & $-0.0133698$ & $0.0690787$ & $0.275446$ & $1$ & $0.436163$ & $0.161107$ & $-0.452553$ & $-0.0242993$ & $0.487799$ & $0.341157$ & $0.333224$ & $-0.179868$ & $0.1044$ & $-0.128607$ & $-0.193884$ & $-0.393809$ & $0.115411$ & $-0.00014826$ & $0.0227291$ & $0.0192658$ & $-0.0260483$ & $0.0433757$ & $-0.594635$ & $0.000956565$ & $-0.00931889$ & $0.0238818$ & $-0.0136769$ & $0.0199061$ & $-0.0107295$ & $0.0311062$ & $0.0140617$ & $-0.0131144$ & $0.0176058$ & $-0.00107271$ & $-0.00386512$ & $0.0473824$ & $0.00636841$ & $0.0377657$ \\
CHL1_33 & $0.000570831$ & $-0.0192727$ & $0.0089923$ & $-0.000838886$ & $0.00318931$ & $-0.0847705$ & $-0.0165741$ & $0.303569$ & $0.297467$ & $-0.116554$ & $-0.423859$ & $-0.00205887$ & $0.0692571$ & $0.270678$ & $0.436163$ & $1$ & $0.161756$ & $-0.0238317$ & $-0.433157$ & $0.486322$ & $0.345233$ & $0.364336$ & $-0.169971$ & $0.0993323$ & $-0.119026$ & $-0.196403$ & $-0.369868$ & $0.114808$ & $0.00129232$ & $0.0270753$ & $0.020998$ & $-0.0179974$ & $0.0516198$ & $-0.0859299$ & $0.00160002$ & $-0.0268733$ & $0.0101293$ & $-0.0166817$ & $0.0129348$ & $-0.0049333$ & $0.0223799$ & $0.0144369$ & $-0.0271024$ & $0.0241792$ & $0.0251965$ & $-0.00592447$ & $0.0321511$ & $0.0153505$ & $0.04554$ \\
CHL3_11 & $0.0167625$ & $0.0109196$ & $0.000419642$ & $0.00771704$ & $0.00683205$ & $-0.254456$ & $0.0983569$ & $-0.24405$ & $-0.246055$ & $0.433226$ & $-0.211855$ & $-0.220588$ & $-0.364248$ & $0.659523$ & $0.161107$ & $0.161756$ & $1$ & $0.736249$ & $0.736738$ & $0.233998$ & $0.179609$ & $0.172748$ & $-0.0811225$ & $0.67998$ & $0.782113$ & $-0.100224$ & $-0.162593$ & $0.0566439$ & $-0.0436464$ & $-0.098769$ & $-0.0483937$ & $0.0745055$ & $-0.113249$ & $-0.251238$ & $0.00428234$ & $-0.0202792$ & $-0.00785007$ & $-0.00597038$ & $-0.00058425$ & $-0.000399147$ & $0.00863534$ & $0.00222681$ & $-0.0248646$ & $-0.0125784$ & $0.00520796$ & $0.0174424$ & $0.0157099$ & $0.018649$ & $0.0015397$ \\
CHL3_22 & $0.0135483$ & $0.0104313$ & $0.000960836$ & $-0.00124405$ & $0.00977318$ & $-0.0487777$ & $0.112913$ & $-0.434922$ & $-0.432047$ & $0.485061$ & $0.069709$ & $-0.18417$ & $-0.386404$ & $0.591083$ & $-0.452553$ & $-0.0238317$ & $0.736249$ & $1$ & $0.671401$ & $-0.072716$ & $-0.0642831$ & $-0.0628755$ & $0.00312926$ & $0.62033$ & $0.7971$ & $0.036237$ & $-0.00158675$ & $-0.0279391$ & $-0.0385774$ & $-0.1071$ & $-0.0562867$ & $0.0907431$ & $-0.126904$ & $0.0404771$ & $0.00160663$ & $-0.0134222$ & $-0.0158198$ & $0.00113202$ & $-0.00319697$ & $0.00617123$ & $-0.008928$ & $-0.0103021$ & $-0.0197094$ & $-0.0137881$ & $0.0042769$ & $0.0147488$ & $-0.0129875$ & $0.0202784$ & $-0.00834235$ \\
CHL3_33 & $0.0144367$ & $0.0155487$ & $-0.00230667$ & $0.0033163$ & $0.00498696$ & $-0.0437545$ & $0.103684$ & $-0.440912$ & $-0.43839$ & $0.481213$ & $0.0738736$ & $-0.190384$ & $-0.386739$ & $0.592756$ & $-0.0242993$ & $-0.433157$ & $0.736738$ & $0.671401$ & $1$ & $-0.0753057$ & $-0.0696723$ & $-0.0678189$ & $-0.00332095$ & $0.625699$ & $0.795123$ & $0.0411151$ & $-0.015489$ & $-0.0293398$ & $-0.0400139$ & $-0.110533$ & $-0.0563937$ & $0.083489$ & $-0.13325$ & $-0.352046$ & $0.00153709$ & $0.000564749$ & $-0.00595002$ & $0.00408373$ & $0.00341097$ & $0.002208$ & $-0.00273472$ & $-0.0104756$ & $-0.00800889$ & $-0.0191359$ & $-0.0157692$ & $0.0153228$ & $-0.000429671$ & $0.0138618$ & $-0.0147435$ \\
CHe_11 & $0.0227199$ & $-0.0258435$ & $-0.00845754$ & $0.0213143$ & $-0.00574074$ & $-0.180646$ & $-0.0514884$ & $0.851363$ & $0.835229$ & $-0.348118$ & $-0.990587$ & $-0.175744$ & $0.168717$ & $0.532854$ & $0.487799$ & $0.486322$ & $0.233998$ & $-0.072716$ & $-0.0753057$ & $1$ & $0.973234$ & $0.953481$ & $-0.0140739$ & $-0.254074$ & $-0.0225233$ & $-0.55632$ & $0.215681$ & $0.330308$ & $0.0270085$ & $0.0704048$ & $0.040752$ & $-0.0597028$ & $0.0710003$ & $0.284797$ & $-0.0205082$ & $-0.025326$ & $-0.0188242$ & $-0.00902959$ & $-0.0226394$ & $-0.00276512$ & $-0.0133644$ & $0.0213788$ & $0.010073$ & $-0.0257075$ & $0.0469556$ & $0.0295927$ & $0.0349413$ & $-0.0129822$ & $-0.00273639$ \\
CHe_22 & $0.024741$ & $-0.0239815$ & $-0.0123967$ & $0.0247668$ & $-0.0052117$ & $-0.185101$ & $-0.0567382$ & $0.896789$ & $0.880014$ & $-0.379463$ & $-0.991424$ & $-0.196783$ & $0.186756$ & $0.476029$ & $0.341157$ & $0.345233$ & $0.179609$ & $-0.0642831$ & $-0.0696723$ & $0.973234$ & $1$ & $0.975245$ & $0.0402355$ & $-0.362142$ & $-0.0376926$ & $-0.569823$ & $0.368356$ & $0.339576$ & $0.0314744$ & $0.0764004$ & $0.0424334$ & $-0.0655766$ & $0.0696189$ & $0.447876$ & $-0.0246481$ & $-0.0234763$ & $-0.0258375$ & $-0.00582249$ & $-0.0302929$ & $-0.00243626$ & $-0.0218051$ & $0.019609$ & $0.0189892$ & $-0.0352479$ & $0.0502446$ & $0.0349014$ & $0.0266604$ & $-0.0198121$ & $-0.017346$ \\
CHe_33 & $0.0250296$ & $-0.0236129$ & $-0.011091$ & $0.0249174$ & $-0.00677369$ & $-0.181829$ & $-0.0579594$ & $0.87939$ & $0.862911$ & $-0.37352$ & $-0.970559$ & $-0.189811$ & $0.186982$ & $0.46214$ & $0.333224$ & $0.364336$ & $0.172748$ & $-0.0628755$ & $-0.0678189$ & $0.953481$ & $0.975245$ & $1$ & $0.0381767$ & $-0.355929$ & $-0.037521$ & $-0.555483$ & $0.361903$ & $0.331262$ & $0.0304455$ & $0.0766781$ & $0.0442536$ & $-0.0663428$ & $0.070454$ & $0.442726$ & $-0.0233999$ & $-0.0236525$ & $-0.0259904$ & $-0.00454649$ & $-0.027881$ & $-0.00500897$ & $-0.0193222$ & $0.0196441$ & $0.0186831$ & $-0.0328819$ & $0.0488396$ & $0.0333173$ & $0.0278828$ & $-0.0192164$ & $-0.0154709$ \\
CHQ1_11 & $-0.00596651$ & $-0.0153106$ & $-0.00273536$ & $-0.00217236$ & $-0.00152216$ & $-0.00917435$ & $-0.00187728$ & $0.0709854$ & $0.0718577$ & $-0.053487$ & $-0.0113472$ & $-0.00353316$ & $0.0426903$ & $-0.0852559$ & $-0.179868$ & $-0.169971$ & $-0.0811225$ & $0.00312926$ & $-0.00332095$ & $-0.0140739$ & $0.0402355$ & $0.0381767$ & $1$ & $-0.151546$ & $0.0657229$ & $-0.67695$ & $0.346992$ & $0.00225971$ & $0.00167819$ & $0.0227271$ & $0.0152653$ & $0.000346199$ & $0.0114883$ & $0.210068$ & $-0.0200931$ & $0.00952955$ & $-0.016916$ & $-0.00178606$ & $-0.0223238$ & $0.0112433$ & $-0.0166291$ & $-0.0113782$ & $0.0337838$ & $-0.0210978$ & $-0.00646969$ & $0.0199894$ & $0.00122452$ & $0.00448742$ & $-0.0379009$ \\
CHQ1_33 & $-0.0421313$ & $0.0108254$ & $0.0141189$ & $-0.00733333$ & $0.0115152$ & $0.00276427$ & $0.118543$ & $-0.671707$ & $-0.664635$ & $0.556085$ & $0.307388$ & $-0.0668484$ & $-0.399088$ & $0.467681$ & $0.1044$ & $0.0993323$ & $0.67998$ & $0.62033$ & $0.625699$ & $-0.254074$ & $-0.362142$ & $-0.355929$ & $-0.151546$ & $1$ & $0.650632$ & $0.210661$ & $-0.422999$ & $-0.032397$ & $-0.0523518$ & $-0.118416$ & $-0.0626262$ & $0.105339$ & $-0.122213$ & $-0.627355$ & $0.0168634$ & $-0.000523347$ & $0.00911295$ & $-0.00618613$ & $0.0259667$ & $-0.00103894$ & $0.031002$ & $-0.0126271$ & $-0.0384736$ & $0.00961291$ & $-0.0216821$ & $0.00168447$ & $0.000104296$ & $0.0341911$ & $0.0192558$ \\
CHQ3_11 & $-0.0781835$ & $0.00064645$ & $0.00255593$ & $0.0112152$ & $0.00714367$ & $-0.0852498$ & $0.104967$ & $-0.413528$ & $-0.409951$ & $0.478322$ & $0.0304206$ & $-0.182415$ & $-0.376691$ & $0.598777$ & $-0.128607$ & $-0.119026$ & $0.782113$ & $0.7971$ & $0.795123$ & $-0.0225233$ & $-0.0376926$ & $-0.037521$ & $0.0657229$ & $0.650632$ & $1$ & $0.0261561$ & $0.189728$ & $-0.0237205$ & $-0.0342698$ & $-0.108477$ & $-0.0605498$ & $0.0835662$ & $-0.13521$ & $-0.21248$ & $-0.00159836$ & $-0.00818572$ & $-0.0284353$ & $-0.00403285$ & $0.0044713$ & $0.0107987$ & $0.00945873$ & $-0.0072058$ & $-0.00144086$ & $-0.025932$ & $-0.00434835$ & $0.0267071$ & $-0.0240496$ & $-0.00412639$ & $-0.0252783$ \\
CHu_11 & $-0.031998$ & $0.024204$ & $0.00959478$ & $-0.00805136$ & $0.000161539$ & $0.0998734$ & $0.0240305$ & $-0.5129$ & $-0.504377$ & $0.216877$ & $0.566501$ & $0.104441$ & $-0.111017$ & $-0.272025$ & $-0.193884$ & $-0.196403$ & $-0.100224$ & $0.036237$ & $0.0411151$ & $-0.55632$ & $-0.569823$ & $-0.555483$ & $-0.67695$ & $0.210661$ & $0.0261561$ & $1$ & $-0.177469$ & $-0.189356$ & $-0.0086077$ & $-0.0554207$ & $-0.0352765$ & $0.0279403$ & $-0.0533689$ & $-0.256369$ & $0.0233549$ & $0.0137753$ & $0.0148371$ & $0.00622743$ & $0.024158$ & $-0.00876639$ & $0.0137578$ & $-0.00251576$ & $-0.02408$ & $0.0151588$ & $-0.0211771$ & $-0.0240418$ & $-0.0365328$ & $-0.0115536$ & $0.00953646$ \\
CHd_11 & $-0.00540577$ & $-0.0181563$ & $-0.0140046$ & $0.0324528$ & $-0.00824869$ & $-0.0782952$ & $-0.0436797$ & $0.420893$ & $0.415935$ & $-0.24212$ & $-0.289464$ & $-0.0812582$ & $0.15395$ & $-0.0977839$ & $-0.393809$ & $-0.369868$ & $-0.162593$ & $-0.00158675$ & $-0.015489$ & $0.215681$ & $0.368356$ & $0.361903$ & $0.346992$ & $-0.422999$ & $0.189728$ & $-0.177469$ & $1$ & $0.109572$ & $0.0377959$ & $0.0511332$ & $0.0194747$ & $-0.0444917$ & $0.0192321$ & $0.680383$ & $-0.0153031$ & $0.0123422$ & $-0.0478634$ & $0.00663191$ & $-0.0490072$ & $0.00672619$ & $-0.0475842$ & $-0.00216607$ & $0.0515163$ & $-0.0644105$ & $0.0304719$ & $0.032323$ & $-0.0345502$ & $-0.0503021$ & $-0.0738429$ \\
CHd_33 & $0.0300975$ & $-0.00753663$ & $0.00593171$ & $0.00502332$ & $-0.00524708$ & $-0.0715093$ & $-0.00715911$ & $0.308433$ & $0.302917$ & $-0.128255$ & $-0.337201$ & $-0.0589246$ & $0.0625708$ & $0.153395$ & $0.115411$ & $0.114808$ & $0.0566439$ & $-0.0279391$ & $-0.0293398$ & $0.330308$ & $0.339576$ & $0.331262$ & $0.00225971$ & $-0.032397$ & $-0.0237205$ & $-0.189356$ & $0.109572$ & $1$ & $0.00909634$ & $0.0311812$ & $0.0208359$ & $-0.00685838$ & $0.0380399$ & $0.157321$ & $-0.00192484$ & $0.0160158$ & $-0.0043986$ & $-0.00114315$ & $-0.00883297$ & $-0.00342517$ & $-0.021849$ & $0.00287407$ & $-0.00226602$ & $-0.0131991$ & $0.0181019$ & $0.00567826$ & $0.0182546$ & $0.00733544$ & $0.0120327$ \\
CeH_22r & $0.00106049$ & $-0.0054232$ & $-0.011031$ & $-0.00658913$ & $-0.00415148$ & $0.00328159$ & $-0.00841688$ & $0.0497321$ & $0.0543807$ & $-0.0349119$ & $-0.029267$ & $0.0463897$ & $0.0696711$ & $-0.01887$ & $-0.00014826$ & $0.00129232$ & $-0.0436464$ & $-0.0385774$ & $-0.0400139$ & $0.0270085$ & $0.0314744$ & $0.0304455$ & $0.00167819$ & $-0.0523518$ & $-0.0342698$ & $-0.0086077$ & $0.0377959$ & $0.00909634$ & $1$ & $0.0470285$ & $0.0177418$ & $-0.0243578$ & $0.0460687$ & $0.037311$ & $-0.0158769$ & $-0.0315537$ & $-0.0120085$ & $-0.0105914$ & $0.0028963$ & $0.0143783$ & $0.012541$ & $0.00519757$ & $0.00393523$ & $0.00385558$ & $-0.00737775$ & $-0.0166951$ & $-0.00781137$ & $-0.00850664$ & $-0.0199034$ \\
CeH_33r & $-0.0102355$ & $0.00690716$ & $-0.0324905$ & $0.0220505$ & $-0.00300018$ & $0.00288981$ & $-0.129478$ & $0.121648$ & $0.141924$ & $-0.141274$ & $-0.0730028$ & $0.287761$ & $0.277141$ & $-0.0572884$ & $0.0227291$ & $0.0270753$ & $-0.098769$ & $-0.1071$ & $-0.110533$ & $0.0704048$ & $0.0764004$ & $0.0766781$ & $0.0227271$ & $-0.118416$ & $-0.108477$ & $-0.0554207$ & $0.0511332$ & $0.0311812$ & $0.0470285$ & $1$ & $0.311816$ & $0.0151571$ & $0.675284$ & $0.0780269$ & $-0.0558351$ & $-0.0796017$ & $-0.154155$ & $-0.033274$ & $-0.0512639$ & $0.00759324$ & $0.00756112$ & $0.0114734$ & $-0.00943794$ & $-0.0268604$ & $0.0843884$ & $0.0271166$ & $0.0166709$ & $0.0105043$ & $-0.0185238$ \\
CuH_22r & $0.0448425$ & $0.0354144$ & $0.05763$ & $0.0215458$ & $-0.00868976$ & $-0.0114541$ & $-0.0818045$ & $0.0637304$ & $0.0743188$ & $-0.0674384$ & $-0.0410079$ & $0.091658$ & $0.134146$ & $-0.0244903$ & $0.0192658$ & $0.020998$ & $-0.0483937$ & $-0.0562867$ & $-0.0563937$ & $0.040752$ & $0.0424334$ & $0.0442536$ & $0.0152653$ & $-0.0626262$ & $-0.0605498$ & $-0.0352765$ & $0.0194747$ & $0.0208359$ & $0.0177418$ & $0.311816$ & $1$ & $0.00542736$ & $0.381459$ & $0.0356139$ & $0.01748$ & $-0.027322$ & $-0.0649304$ & $-0.00798589$ & $-0.0794203$ & $-0.0117712$ & $0.00137696$ & $0.0214743$ & $0.0310442$ & $-0.0183302$ & $0.0360453$ & $0.0574042$ & $0.31111$ & $0.0032602$ & $0.0449138$ \\
CuH_33r & $-0.00202617$ & $-0.010843$ & $-0.0304133$ & $-0.00139206$ & $0.00650919$ & $-0.00609988$ & $0.936514$ & $-0.100665$ & $-0.0589934$ & $0.0907909$ & $0.0618715$ & $-0.0497635$ & $-0.249872$ & $0.0451915$ & $-0.0260483$ & $-0.0179974$ & $0.0745055$ & $0.0907431$ & $0.083489$ & $-0.0597028$ & $-0.0655766$ & $-0.0663428$ & $0.000346199$ & $0.105339$ & $0.0835662$ & $0.0279403$ & $-0.0444917$ & $-0.00685838$ & $-0.0243578$ & $0.0151571$ & $0.00542736$ & $1$ & $-0.00199955$ & $-0.060457$ & $0.0664254$ & $0.0419345$ & $0.000600465$ & $0.00749632$ & $0.0347405$ & $-0.0195244$ & $-0.00239195$ & $0.00517419$ & $-0.00636835$ & $-0.00906121$ & $-0.0268293$ & $0.0181623$ & $-0.0150043$ & $-0.00683994$ & $-0.0365427$ \\
CdH_33r & $0.0288019$ & $0.0200132$ & $0.063503$ & $-0.00865369$ & $-0.00346093$ & $0.00959809$ & $-0.184536$ & $0.121637$ & $0.141434$ & $-0.147654$ & $-0.0690433$ & $0.35298$ & $0.34085$ & $-0.0648092$ & $0.0433757$ & $0.0516198$ & $-0.113249$ & $-0.126904$ & $-0.13325$ & $0.0710003$ & $0.0696189$ & $0.070454$ & $0.0114883$ & $-0.122213$ & $-0.13521$ & $-0.0533689$ & $0.0192321$ & $0.0380399$ & $0.0460687$ & $0.675284$ & $0.381459$ & $-0.00199955$ & $1$ & $0.0591868$ & $0.00756344$ & $-0.0587323$ & $-0.141325$ & $-0.0351505$ & $-0.0352589$ & $0.00559995$ & $-0.0337417$ & $0.0129281$ & $-0.0193253$ & $0.085092$ & $0.101537$ & $0.0474865$ & $0.0671621$ & $0.14183$ & $0.382501$ \\
CLL_1221 & $0.0128543$ & $0.0111889$ & $-0.00843144$ & $0.0182395$ & $-0.0103979$ & $-0.120296$ & $-0.0612225$ & $0.558462$ & $0.55073$ & $-0.348804$ & $-0.363221$ & $-0.0655819$ & $0.224971$ & $-0.213266$ & $-0.594635$ & $-0.0859299$ & $-0.251238$ & $0.0404771$ & $-0.352046$ & $0.284797$ & $0.447876$ & $0.442726$ & $0.210068$ & $-0.627355$ & $-0.21248$ & $-0.256369$ & $0.680383$ & $0.157321$ & $0.037311$ & $0.0780269$ & $0.0356139$ & $-0.060457$ & $0.0591868$ & $1$ & $-0.0194403$ & $-0.00501705$ & $-0.0422802$ & $0.00794574$ & $-0.0467021$ & $0.00568017$ & $-0.0422977$ & $0.00646401$ & $0.030792$ & $-0.0396809$ & $0.042551$ & $0.0243392$ & $-0.0217599$ & $-0.0306672$ & $-0.0481334$ \\
eHggint & $0.0808382$ & $-0.0478962$ & $0.0905432$ & $0.25165$ & $-0.00865599$ & $-0.0164047$ & $-0.00993815$ & $-0.0229321$ & $-0.0383444$ & $0.0602748$ & $0.0222801$ & $0.104951$ & $0.0222149$ & $-0.0126394$ & $0.000956565$ & $0.00160002$ & $0.00428234$ & $0.00160663$ & $0.00153709$ & $-0.0205082$ & $-0.0246481$ & $-0.0233999$ & $-0.0200931$ & $0.0168634$ & $-0.00159836$ & $0.0233549$ & $-0.0153031$ & $-0.00192484$ & $-0.0158769$ & $-0.0558351$ & $0.01748$ & $0.0664254$ & $0.00756344$ & $-0.0194403$ & $1$ & $0.161772$ & $0.0490242$ & $0.05125$ & $-0.0551972$ & $-0.0479438$ & $-0.110347$ & $0.0196548$ & $0.00112173$ & $0.141201$ & $-0.0562989$ & $0.0317301$ & $0.111907$ & $-0.1034$ & $0.168454$ \\
eHggpar & $0.0531185$ & $0.0607518$ & $0.0937441$ & $-0.20075$ & $0.00281$ & $0.00357664$ & $-0.0053357$ & $-0.0164573$ & $-0.0321716$ & $0.0303344$ & $0.0262806$ & $0.0688071$ & $0.0233836$ & $-0.0236173$ & $-0.00931889$ & $-0.0268733$ & $-0.0202792$ & $-0.0134222$ & $0.000564749$ & $-0.025326$ & $-0.0234763$ & $-0.0236525$ & $0.00952955$ & $-0.000523347$ & $-0.00818572$ & $0.0137753$ & $0.0123422$ & $0.0160158$ & $-0.0315537$ & $-0.0796017$ & $-0.027322$ & $0.0419345$ & $-0.0587323$ & $-0.00501705$ & $0.161772$ & $1$ & $0.183795$ & $0.0565897$ & $0.0777895$ & $-0.0100923$ & $-0.116463$ & $0.0274979$ & $-0.0772272$ & $-0.00968899$ & $-0.172794$ & $-0.0143028$ & $-0.0629816$ & $0.114365$ & $-0.061405$ \\
eHWWint & $0.132993$ & $-0.0450731$ & $0.0671575$ & $0.101654$ & $0.00737393$ & $0.00333165$ & $0.0209918$ & $-0.0213806$ & $-0.0337757$ & $0.0132117$ & $0.0213467$ & $0.00692828$ & $-0.0142732$ & $-0.00572399$ & $0.0238818$ & $0.0101293$ & $-0.00785007$ & $-0.0158198$ & $-0.00595002$ & $-0.0188242$ & $-0.0258375$ & $-0.0259904$ & $-0.016916$ & $0.00911295$ & $-0.0284353$ & $0.0148371$ & $-0.0478634$ & $-0.0043986$ & $-0.0120085$ & $-0.154155$ & $-0.0649304$ & $0.000600465$ & $-0.141325$ & $-0.0422802$ & $0.0490242$ & $0.183795$ & $1$ & $-0.00695078$ & $0.148421$ & $-0.0440682$ & $-0.026819$ & $-0.0111886$ & $-0.0535496$ & $0.140338$ & $0.0236641$ & $-0.0791355$ & $0.0629121$ & $0.0105894$ & $0.0824216$ \\
eHWWpar & $0.02208$ & $-0.0101478$ & $0.0210413$ & $0.0178825$ & $-0.00453256$ & $0.00310931$ & $0.0107332$ & $-0.00335031$ & $-0.00434964$ & $-0.00660532$ & $0.00744217$ & $-0.00194785$ & $0.00844671$ & $-0.00743749$ & $-0.0136769$ & $-0.0166817$ & $-0.00597038$ & $0.00113202$ & $0.00408373$ & $-0.00902959$ & $-0.00582249$ & $-0.00454649$ & $-0.00178606$ & $-0.00618613$ & $-0.00403285$ & $0.00622743$ & $0.00663191$ & $-0.00114315$ & $-0.0105914$ & $-0.033274$ & $-0.00798589$ & $0.00749632$ & $-0.0351505$ & $0.00794574$ & $0.05125$ & $0.0565897$ & $-0.00695078$ & $1$ & $-0.00759467$ & $0.00205633$ & $-0.0246851$ & $0.0149406$ & $0.0189862$ & $-0.00669301$ & $0.0184014$ & $0.0282912$ & $0.0207972$ & $0.0145833$ & $-0.00464297$ \\
eHZZint & $-0.106316$ & $-0.0254968$ & $-0.0190135$ & $-0.163943$ & $0.000587397$ & $0.0136029$ & $0.0342938$ & $-0.0305847$ & $-0.0204845$ & $0.0156838$ & $0.0264781$ & $-0.00880997$ & $-0.0235947$ & $0.00599854$ & $0.0199061$ & $0.0129348$ & $-0.00058425$ & $-0.00319697$ & $0.00341097$ & $-0.0226394$ & $-0.0302929$ & $-0.027881$ & $-0.0223238$ & $0.0259667$ & $0.0044713$ & $0.024158$ & $-0.0490072$ & $-0.00883297$ & $0.0028963$ & $-0.0512639$ & $-0.0794203$ & $0.0347405$ & $-0.0352589$ & $-0.0467021$ & $-0.0551972$ & $0.0777895$ & $0.148421$ & $-0.00759467$ & $1$ & $-0.0171481$ & $0.0804915$ & $-0.0400229$ & $0.253029$ & $0.0637828$ & $-0.119511$ & $-0.11119$ & $-0.239603$ & $-0.0473801$ & $0.0383095$ \\
eHZZpar & $-0.0477406$ & $0.00576935$ & $-0.0261573$ & $0.00161953$ & $0.00224173$ & $0.00797577$ & $-0.0193191$ & $-0.00343889$ & $-0.00457822$ & $-0.00141606$ & $0.0041338$ & $0.000729066$ & $-0.00392012$ & $-0.003581$ & $-0.0107295$ & $-0.0049333$ & $-0.000399147$ & $0.00617123$ & $0.002208$ & $-0.00276512$ & $-0.00243626$ & $-0.00500897$ & $0.0112433$ & $-0.00103894$ & $0.0107987$ & $-0.00876639$ & $0.00672619$ & $-0.00342517$ & $0.0143783$ & $0.00759324$ & $-0.0117712$ & $-0.0195244$ & $0.00559995$ & $0.00568017$ & $-0.0479438$ & $-0.0100923$ & $-0.0440682$ & $0.00205633$ & $-0.0171481$ & $1$ & $0.0214866$ & $-0.0114128$ & $-0.00395975$ & $0.0217014$ & $0.0245114$ & $0.00607509$ & $0.00128482$ & $0.00987064$ & $-0.00219498$ \\
eHZgaint & $-0.200029$ & $0.0785224$ & $0.0451094$ & $0.150176$ & $0.0133811$ & $-0.000429118$ & $0.012045$ & $-0.0248209$ & $-0.028747$ & $-0.0190123$ & $0.0196714$ & $-0.0372889$ & $-0.0232398$ & $0.00194803$ & $0.0311062$ & $0.0223799$ & $0.00863534$ & $-0.008928$ & $-0.00273472$ & $-0.0133644$ & $-0.0218051$ & $-0.0193222$ & $-0.0166291$ & $0.031002$ & $0.00945873$ & $0.0137578$ & $-0.0475842$ & $-0.021849$ & $0.012541$ & $0.00756112$ & $0.00137696$ & $-0.00239195$ & $-0.0337417$ & $-0.0422977$ & $-0.110347$ & $-0.116463$ & $-0.026819$ & $-0.0246851$ & $0.0804915$ & $0.0214866$ & $1$ & $-0.0276186$ & $-0.166364$ & $0.265721$ & $0.115743$ & $0.036858$ & $0.0178619$ & $0.0105052$ & $-0.0698463$ \\
eHZgapar & $-0.0427916$ & $-0.0258848$ & $-0.00801169$ & $0.0393932$ & $-0.00752821$ & $-0.0124605$ & $0.0016563$ & $0.0214591$ & $0.0209903$ & $-0.00737638$ & $-0.0208928$ & $0.0016058$ & $0.0112764$ & $0.000931251$ & $0.0140617$ & $0.0144369$ & $0.00222681$ & $-0.0103021$ & $-0.0104756$ & $0.0213788$ & $0.019609$ & $0.0196441$ & $-0.0113782$ & $-0.0126271$ & $-0.0072058$ & $-0.00251576$ & $-0.00216607$ & $0.00287407$ & $0.00519757$ & $0.0114734$ & $0.0214743$ & $0.00517419$ & $0.0129281$ & $0.00646401$ & $0.0196548$ & $0.0274979$ & $-0.0111886$ & $0.0149406$ & $-0.0400229$ & $-0.0114128$ & $-0.0276186$ & $1$ & $0.000171063$ & $0.0132974$ & $0.0182199$ & $0.0296855$ & $0.0517262$ & $0.0282274$ & $0.000695167$ \\
eHgagaint & $-0.0375689$ & $-0.0560511$ & $-0.185994$ & $-0.102831$ & $-0.00843064$ & $0.00263171$ & $-0.00658432$ & $0.0296907$ & $0.0779114$ & $-0.00710856$ & $-0.0162058$ & $0.00204828$ & $0.0150932$ & $-0.014733$ & $-0.0131144$ & $-0.0271024$ & $-0.0248646$ & $-0.0197094$ & $-0.00800889$ & $0.010073$ & $0.0189892$ & $0.0186831$ & $0.0337838$ & $-0.0384736$ & $-0.00144086$ & $-0.02408$ & $0.0515163$ & $-0.00226602$ & $0.00393523$ & $-0.00943794$ & $0.0310442$ & $-0.00636835$ & $-0.0193253$ & $0.030792$ & $0.00112173$ & $-0.0772272$ & $-0.0535496$ & $0.0189862$ & $0.253029$ & $-0.00395975$ & $-0.166364$ & $0.000171063$ & $1$ & $-0.0753314$ & $-0.356047$ & $-0.116931$ & $0.0620576$ & $-0.0686518$ & $-0.05531$ \\
eHmumuint & $-0.00218559$ & $-0.0137537$ & $0.236325$ & $0.12094$ & $-0.00566248$ & $0.0121441$ & $-0.0121836$ & $-0.0275392$ & $-0.0326108$ & $0.00901968$ & $0.031143$ & $0.0125742$ & $0.00411161$ & $-0.0106497$ & $0.0176058$ & $0.0241792$ & $-0.0125784$ & $-0.0137881$ & $-0.0191359$ & $-0.0257075$ & $-0.0352479$ & $-0.0328819$ & $-0.0210978$ & $0.00961291$ & $-0.025932$ & $0.0151588$ & $-0.0644105$ & $-0.0131991$ & $0.00385558$ & $-0.0268604$ & $-0.0183302$ & $-0.00906121$ & $0.085092$ & $-0.0396809$ & $0.141201$ & $-0.00968899$ & $0.140338$ & $-0.00669301$ & $0.0637828$ & $0.0217014$ & $0.265721$ & $0.0132974$ & $-0.0753314$ & $1$ & $0.0281365$ & $0.0801979$ & $-0.00175273$ & $0.00527549$ & $0.281308$ \\
eHtautauint & $0.0447477$ & $0.0558219$ & $0.0906719$ & $0.286344$ & $-0.00127125$ & $-0.0038227$ & $-0.0139323$ & $0.0460503$ & $0.0291291$ & $-0.0466004$ & $-0.0478778$ & $-0.0418172$ & $0.00340076$ & $0.0177603$ & $-0.00107271$ & $0.0251965$ & $0.00520796$ & $0.0042769$ & $-0.0157692$ & $0.0469556$ & $0.0502446$ & $0.0488396$ & $-0.00646969$ & $-0.0216821$ & $-0.00434835$ & $-0.0211771$ & $0.0304719$ & $0.0181019$ & $-0.00737775$ & $0.0843884$ & $0.0360453$ & $-0.0268293$ & $0.101537$ & $0.042551$ & $-0.0562989$ & $-0.172794$ & $0.0236641$ & $0.0184014$ & $-0.119511$ & $0.0245114$ & $0.115743$ & $0.0182199$ & $-0.356047$ & $0.0281365$ & $1$ & $0.0288255$ & $0.102606$ & $0.201838$ & $0.177669$ \\
eHccint & $-0.122278$ & $-0.0289932$ & $0.156658$ & $0.0784823$ & $0.00360816$ & $-0.0109961$ & $0.0116156$ & $0.0260829$ & $0.0224726$ & $-0.00631195$ & $-0.0310741$ & $-0.00857578$ & $-0.0100975$ & $0.023587$ & $-0.00386512$ & $-0.00592447$ & $0.0174424$ & $0.0147488$ & $0.0153228$ & $0.0295927$ & $0.0349014$ & $0.0333173$ & $0.0199894$ & $0.00168447$ & $0.0267071$ & $-0.0240418$ & $0.032323$ & $0.00567826$ & $-0.0166951$ & $0.0271166$ & $0.0574042$ & $0.0181623$ & $0.0474865$ & $0.0243392$ & $0.0317301$ & $-0.0143028$ & $-0.0791355$ & $0.0282912$ & $-0.11119$ & $0.00607509$ & $0.036858$ & $0.0296855$ & $-0.116931$ & $0.0801979$ & $0.0288255$ & $1$ & $-0.000730415$ & $-0.0183666$ & $0.0698797$ \\
eHccpar & $0.153845$ & $0.0581834$ & $0.155099$ & $0.120918$ & $-0.00847327$ & $-0.0252429$ & $-0.0176699$ & $0.019339$ & $0.0201223$ & $0.00111308$ & $-0.0302818$ & $0.0230461$ & $0.0361447$ & $0.0229371$ & $0.0473824$ & $0.0321511$ & $0.0157099$ & $-0.0129875$ & $-0.000429671$ & $0.0349413$ & $0.0266604$ & $0.0278828$ & $0.00122452$ & $0.000104296$ & $-0.0240496$ & $-0.0365328$ & $-0.0345502$ & $0.0182546$ & $-0.00781137$ & $0.0166709$ & $0.31111$ & $-0.0150043$ & $0.0671621$ & $-0.0217599$ & $0.111907$ & $-0.0629816$ & $0.0629121$ & $0.0207972$ & $-0.239603$ & $0.00128482$ & $0.0178619$ & $0.0517262$ & $0.0620576$ & $-0.00175273$ & $0.102606$ & $-0.000730415$ & $1$ & $-0.00407852$ & $0.153883$ \\
eHbbint & $0.070815$ & $-0.0214355$ & $-0.0106103$ & $0.0379259$ & $0.00591422$ & $0.0151111$ & $-0.00473444$ & $-0.0284025$ & $-0.0309824$ & $0.00753013$ & $0.0156274$ & $-0.0147179$ & $-0.0292608$ & $0.0155394$ & $0.00636841$ & $0.0153505$ & $0.018649$ & $0.0202784$ & $0.0138618$ & $-0.0129822$ & $-0.0198121$ & $-0.0192164$ & $0.00448742$ & $0.0341911$ & $-0.00412639$ & $-0.0115536$ & $-0.0503021$ & $0.00733544$ & $-0.00850664$ & $0.0105043$ & $0.0032602$ & $-0.00683994$ & $0.14183$ & $-0.0306672$ & $-0.1034$ & $0.114365$ & $0.0105894$ & $0.0145833$ & $-0.0473801$ & $0.00987064$ & $0.0105052$ & $0.0282274$ & $-0.0686518$ & $0.00527549$ & $0.201838$ & $-0.0183666$ & $-0.00407852$ & $1$ & $0.0240476$ \\
eHbbpar & $0.0855757$ & $0.0308943$ & $0.227806$ & $-0.0107096$ & $7.44753e-05$ & $0.0231535$ & $-0.0423949$ & $-0.0181922$ & $-0.0241463$ & $0.016299$ & $0.0110903$ & $0.0149295$ & $-0.00518708$ & $0.0116614$ & $0.0377657$ & $0.04554$ & $0.0015397$ & $-0.00834235$ & $-0.0147435$ & $-0.00273639$ & $-0.017346$ & $-0.0154709$ & $-0.0379009$ & $0.0192558$ & $-0.0252783$ & $0.00953646$ & $-0.0738429$ & $0.0120327$ & $-0.0199034$ & $-0.0185238$ & $0.0449138$ & $-0.0365427$ & $0.382501$ & $-0.0481334$ & $0.168454$ & $-0.061405$ & $0.0824216$ & $-0.00464297$ & $0.0383095$ & $-0.00219498$ & $-0.0698463$ & $0.000695167$ & $-0.05531$ & $0.281308$ & $0.177669$ & $0.0698797$ & $0.153883$ & $0.0240476$ & $1$ \\
