 & AlsMz & dAle5Mz & mtop & mHl & Mz & CW & CHG & CHWB & CHWHB_gaga & CHWHB_gagaorth & CHD & CHbox & CH & CHL1_11 & CHL1_22 & CHL1_33 & CHL3_11 & CHL3_22 & CHL3_33 & CHe_11 & CHe_22 & CHe_33 & CHQ1_11 & CHQ1_33 & CHQ3_11 & CHu_11 & CHd_11 & CHd_33 & CeH_22r & CeH_33r & CuH_22r & CuH_33r & CdH_33r & CLL_1221 & eHggint & eHggpar & eHWWint & eHWWpar & eHZZint & eHZZpar & eHZgaint & eHZgapar & eHgagaint & eHmumuint & eHtautauint & eHccint & eHccpar & eHbbint & eHbbpar \\
AlsMz & $1$ & $0.0447842$ & $0.0552795$ & $0.0799689$ & $-0.00633544$ & $0.0125495$ & $0.024799$ & $-0.0112245$ & $-0.0143563$ & $0.00930516$ & $-0.0105005$ & $-0.0379557$ & $-0.0261713$ & $0.023564$ & $0.0169607$ & $0.0251873$ & $0.0222404$ & $0.0141536$ & $0.0121252$ & $0.00499136$ & $-0.000900521$ & $0.00252067$ & $-0.0231139$ & $-0.0327557$ & $-0.112327$ & $-0.0194417$ & $-0.0683129$ & $0.0244938$ & $0.00276421$ & $0.023483$ & $-0.0376915$ & $0.0218004$ & $-0.0321924$ & $-0.0222728$ & $-0.0592799$ & $-0.0528035$ & $-0.0540606$ & $-0.00609842$ & $-0.0188492$ & $0.00245438$ & $0.0527033$ & $0.00121926$ & $-0.00400791$ & $-0.0611158$ & $0.0643558$ & $-0.075963$ & $-0.186139$ & $-0.0358729$ & $-0.076687$ \\
dAle5Mz & $0.0447842$ & $1$ & $0.0739516$ & $0.0265356$ & $0.0113057$ & $0.0172008$ & $0.00835012$ & $-0.0817659$ & $-0.0790382$ & $0.020765$ & $0.0534436$ & $-0.0240703$ & $-0.0352622$ & $-0.00421289$ & $-0.00796248$ & $-0.0239153$ & $0.0372104$ & $0.0274489$ & $0.0375138$ & $-0.0302565$ & $-0.029833$ & $-0.0343055$ & $-0.0111533$ & $0.0235341$ & $0.0210091$ & $0.0276618$ & $-0.0206146$ & $-0.0150258$ & $0.00635594$ & $0.000838512$ & $0.020952$ & $0.00963689$ & $0.0677394$ & $0.00441367$ & $-0.0270637$ & $-0.0145442$ & $-0.0865849$ & $-0.0341505$ & $-0.0428811$ & $0.0612866$ & $-0.0248753$ & $-0.0276746$ & $-0.0344192$ & $-0.0360669$ & $0.0879776$ & $-0.0405946$ & $0.0240734$ & $0.0243912$ & $0.112646$ \\
mtop & $0.0552795$ & $0.0739516$ & $1$ & $0.0645429$ & $0.0130063$ & $0.00840779$ & $0.0107115$ & $-0.00459008$ & $-0.000362453$ & $-0.00493454$ & $0.0075789$ & $-0.0103677$ & $-0.00533299$ & $0.00943022$ & $0.00845928$ & $0.00102985$ & $-0.000798843$ & $-0.000897648$ & $0.00285134$ & $0.000636276$ & $0.000619484$ & $-2.58975e-05$ & $0.00247514$ & $0.0114124$ & $-0.00695183$ & $-0.00587708$ & $-0.00908722$ & $0.00787558$ & $0.019926$ & $0.0222439$ & $-0.0188005$ & $0.020661$ & $0.0526022$ & $-0.00823574$ & $-0.0161841$ & $0.0865527$ & $-0.0832267$ & $-0.00653572$ & $0.0513422$ & $0.00422627$ & $0.015701$ & $-0.00128319$ & $0.0513666$ & $0.0205164$ & $0.124217$ & $0.0482787$ & $-0.0988782$ & $-0.0455665$ & $0.092377$ \\
mHl & $0.0799689$ & $0.0265356$ & $0.0645429$ & $1$ & $-0.0086957$ & $-0.00681435$ & $-0.00185431$ & $0.0247167$ & $0.0274312$ & $-0.0298795$ & $-0.0246711$ & $-0.00556549$ & $0.00858241$ & $0.0176328$ & $0.0171001$ & $0.0187592$ & $-0.0121993$ & $-0.013842$ & $-0.00991113$ & $0.0249907$ & $0.0242212$ & $0.0268767$ & $-0.0256099$ & $-0.0222866$ & $-0.0199205$ & $0.00969781$ & $-0.00230454$ & $0.0193655$ & $0.00772867$ & $0.0125658$ & $0.00892691$ & $0.014888$ & $0.0409548$ & $0.00143366$ & $0.0292219$ & $0.0585229$ & $-0.0469847$ & $-0.00316961$ & $0.17255$ & $0.0294366$ & $-0.0458948$ & $0.00943194$ & $0.0394882$ & $0.0105058$ & $0.0166851$ & $0.11057$ & $-0.0106682$ & $-0.00194839$ & $0.0614352$ \\
Mz & $-0.00633544$ & $0.0113057$ & $0.0130063$ & $-0.0086957$ & $1$ & $-0.00311316$ & $0.0131358$ & $-0.0107151$ & $-0.00903532$ & $-0.00367962$ & $0.0244149$ & $-0.00966703$ & $-0.00318127$ & $-0.0116512$ & $0.0100143$ & $-0.00721706$ & $-0.00697089$ & $-0.0188759$ & $-0.00368979$ & $-0.0175293$ & $-0.0150032$ & $-0.0136141$ & $-0.0234718$ & $-0.00774812$ & $-0.00701189$ & $0.0306091$ & $-0.0074863$ & $-0.00230289$ & $0.00719786$ & $0.000128242$ & $-0.00326819$ & $0.0126567$ & $-0.0124291$ & $-0.0173263$ & $0.00858759$ & $-0.0179435$ & $-0.00461606$ & $0.00951126$ & $-0.0168766$ & $-0.0108369$ & $-0.0407549$ & $0.0185687$ & $0.00883133$ & $0.0143866$ & $0.0294991$ & $-0.0180301$ & $-0.00701838$ & $0.000399085$ & $-0.0047197$ \\
CW & $0.0125495$ & $0.0172008$ & $0.00840779$ & $-0.00681435$ & $-0.00311316$ & $1$ & $-0.0200657$ & $-0.139129$ & $-0.136846$ & $0.0213719$ & $0.194303$ & $0.0464502$ & $0.00576896$ & $0.0177302$ & $-0.0775071$ & $-0.0654091$ & $-0.256356$ & $-0.0443449$ & $-0.0549735$ & $-0.189883$ & $-0.199353$ & $-0.195287$ & $-0.0112927$ & $0.0118389$ & $-0.0874843$ & $0.109709$ & $-0.0962667$ & $-0.0692545$ & $0.00808716$ & $-0.00341044$ & $-0.00880359$ & $-0.0140706$ & $-0.00576761$ & $-0.13339$ & $0.0309342$ & $0.0175045$ & $0.0214292$ & $-0.0133363$ & $-0.0144642$ & $-0.0049606$ & $0.00299517$ & $-0.0249373$ & $-0.013777$ & $-0.00280585$ & $-0.00146536$ & $0.00329185$ & $-0.00526386$ & $-0.0156852$ & $-0.00279299$ \\
CHG & $0.024799$ & $0.00835012$ & $0.0107115$ & $-0.00185431$ & $0.0131358$ & $-0.0200657$ & $1$ & $-0.106448$ & $-0.0532161$ & $0.0639566$ & $0.0627238$ & $-0.233773$ & $-0.297569$ & $0.050005$ & $-0.0273381$ & $-0.0324869$ & $0.083735$ & $0.100044$ & $0.0982389$ & $-0.0595076$ & $-0.0649884$ & $-0.0676741$ & $-0.00805551$ & $0.107485$ & $0.0890946$ & $0.0333523$ & $-0.0451509$ & $-0.00915033$ & $0.0327955$ & $-0.134973$ & $-0.0767554$ & $0.934347$ & $-0.127875$ & $-0.0650886$ & $-0.0238329$ & $0.0205371$ & $0.0100219$ & $-0.0284269$ & $-0.00934162$ & $-0.0107183$ & $-0.00134761$ & $0.0215706$ & $-0.0235261$ & $-0.0128129$ & $-0.00673474$ & $-0.00266424$ & $-0.0302913$ & $0.00827677$ & $0.0332609$ \\
CHWB & $-0.0112245$ & $-0.0817659$ & $-0.00459008$ & $0.0247167$ & $-0.0107151$ & $-0.139129$ & $-0.106448$ & $1$ & $0.982269$ & $-0.563694$ & $-0.882127$ & $0.0743502$ & $0.346773$ & $0.104413$ & $0.305638$ & $0.302616$ & $-0.224317$ & $-0.431996$ & $-0.427677$ & $0.854541$ & $0.898309$ & $0.881589$ & $0.0650171$ & $-0.671493$ & $-0.390132$ & $-0.522055$ & $0.413051$ & $0.31569$ & $0.0291523$ & $0.102541$ & $0.0427583$ & $-0.104083$ & $0.113932$ & $0.563851$ & $-0.0364589$ & $-0.0315272$ & $-0.000385246$ & $-0.00777109$ & $0.0426995$ & $0.00251092$ & $0.0222218$ & $-0.0292543$ & $0.0267827$ & $0.0203339$ & $-0.0029553$ & $-0.00650808$ & $-0.0133819$ & $0.0232886$ & $-0.00680581$ \\
CHWHB_gaga & $-0.0143563$ & $-0.0790382$ & $-0.000362453$ & $0.0274312$ & $-0.00903532$ & $-0.136846$ & $-0.0532161$ & $0.982269$ & $1$ & $-0.555116$ & $-0.862892$ & $0.0810965$ & $0.337663$ & $0.095833$ & $0.305325$ & $0.299368$ & $-0.229065$ & $-0.434399$ & $-0.427609$ & $0.836744$ & $0.878382$ & $0.862221$ & $0.0619104$ & $-0.662373$ & $-0.390681$ & $-0.51012$ & $0.402052$ & $0.309313$ & $0.0364391$ & $0.122127$ & $0.0495283$ & $-0.0607329$ & $0.133725$ & $0.548931$ & $-0.0609284$ & $-0.0293729$ & $-0.0080368$ & $-0.013362$ & $0.0404477$ & $6.44732e-05$ & $0.0127182$ & $-0.0306549$ & $0.0919139$ & $0.0142714$ & $-0.00026839$ & $-0.0144556$ & $-0.0181024$ & $0.0256456$ & $-0.00348365$ \\
CHWHB_gagaorth & $0.00930516$ & $0.020765$ & $-0.00493454$ & $-0.0298795$ & $-0.00367962$ & $0.0213719$ & $0.0639566$ & $-0.563694$ & $-0.555116$ & $1$ & $0.350205$ & $0.241906$ & $-0.243929$ & $0.23074$ & $-0.131771$ & $-0.146293$ & $0.433103$ & $0.491641$ & $0.499478$ & $-0.340677$ & $-0.364374$ & $-0.359302$ & $-0.0444461$ & $0.554874$ & $0.479233$ & $0.215048$ & $-0.21089$ & $-0.130393$ & $-0.0104551$ & $-0.131973$ & $-0.0534896$ & $0.0814055$ & $-0.131479$ & $-0.342628$ & $0.0578159$ & $0.0401448$ & $-0.0216866$ & $0.00565484$ & $-0.00504798$ & $-0.00248043$ & $-0.0709214$ & $0.00385266$ & $-0.0264882$ & $-0.00104601$ & $-0.0248354$ & $-0.00514101$ & $0.00416911$ & $-0.0275145$ & $0.010402$ \\
CHD & $-0.0105005$ & $0.0534436$ & $0.0075789$ & $-0.0246711$ & $0.0244149$ & $0.194303$ & $0.0627238$ & $-0.882127$ & $-0.862892$ & $0.350205$ & $1$ & $0.0718735$ & $-0.172294$ & $-0.51362$ & $-0.427577$ & $-0.415639$ & $-0.226055$ & $0.0703409$ & $0.0678279$ & $-0.990482$ & $-0.991131$ & $-0.970005$ & $-0.00692217$ & $0.313765$ & $0.0202077$ & $0.572408$ & $-0.287857$ & $-0.342493$ & $-0.01698$ & $-0.0537719$ & $-0.0241816$ & $0.0715514$ & $-0.0679424$ & $-0.371761$ & $0.0551656$ & $0.034157$ & $0.00431597$ & $0.00528916$ & $-0.0418501$ & $-0.00488105$ & $-0.00145487$ & $0.0327146$ & $-0.0121942$ & $-0.0232937$ & $0.0162058$ & $0.00138988$ & $0.0151992$ & $-0.0293129$ & $0.0045774$ \\
CHbox & $-0.0379557$ & $-0.0240703$ & $-0.0103677$ & $-0.00556549$ & $-0.00966703$ & $0.0464502$ & $-0.233773$ & $0.0743502$ & $0.0810965$ & $0.241906$ & $0.0718735$ & $1$ & $0.756854$ & $-0.274125$ & $0.0101247$ & $0.0159866$ & $-0.303601$ & $-0.279837$ & $-0.275751$ & $-0.0621676$ & $-0.0688768$ & $-0.0648995$ & $0.00995902$ & $-0.197923$ & $-0.255558$ & $0.0474854$ & $0.0214619$ & $-0.0280489$ & $0.0384194$ & $0.311398$ & $0.0956653$ & $-0.142342$ & $0.339013$ & $0.0410854$ & $0.111763$ & $0.0336755$ & $-0.00624908$ & $0.0122947$ & $0.0173645$ & $0.00539906$ & $-0.0126892$ & $-0.0177153$ & $-0.00148444$ & $0.031854$ & $-0.0107666$ & $-0.0188022$ & $-0.00140068$ & $-0.0141918$ & $-0.0245625$ \\
CH & $-0.0261713$ & $-0.0352622$ & $-0.00533299$ & $0.00858241$ & $-0.00318127$ & $0.00576896$ & $-0.297569$ & $0.346773$ & $0.337663$ & $-0.243929$ & $-0.172294$ & $0.756854$ & $1$ & $-0.228742$ & $0.0672196$ & $0.0772212$ & $-0.351354$ & $-0.373312$ & $-0.373171$ & $0.168596$ & $0.182739$ & $0.182011$ & $0.0415213$ & $-0.381804$ & $-0.349101$ & $-0.101381$ & $0.152134$ & $0.0633093$ & $0.027536$ & $0.266625$ & $0.0910717$ & $-0.24858$ & $0.288772$ & $0.218399$ & $0.0328017$ & $-0.0194403$ & $0.000477377$ & $0.0164543$ & $0.0218244$ & $0.00669084$ & $0.0225355$ & $-0.0205482$ & $-0.00185826$ & $0.0282558$ & $-0.0058995$ & $-0.0123104$ & $-0.00356623$ & $-0.00692221$ & $-0.0208911$ \\
CHL1_11 & $0.023564$ & $-0.00421289$ & $0.00943022$ & $0.0176328$ & $-0.0116512$ & $0.0177302$ & $0.050005$ & $0.104413$ & $0.095833$ & $0.23074$ & $-0.51362$ & $-0.274125$ & $-0.228742$ & $1$ & $0.278831$ & $0.261768$ & $0.663566$ & $0.592687$ & $0.588949$ & $0.530594$ & $0.474302$ & $0.458353$ & $-0.0917332$ & $0.462684$ & $0.586387$ & $-0.26569$ & $-0.0959184$ & $0.158507$ & $-0.00809487$ & $-0.0608303$ & $-0.0246714$ & $0.0293009$ & $-0.053763$ & $-0.210268$ & $-0.0446118$ & $-0.0116332$ & $0.00125237$ & $0.00292309$ & $0.0153767$ & $-0.00215868$ & $-0.0366807$ & $-0.0127948$ & $-0.0185128$ & $0.0137634$ & $-0.0346884$ & $0.0123796$ & $-0.0107584$ & $0.0189774$ & $-0.000781133$ \\
CHL1_22 & $0.0169607$ & $-0.00796248$ & $0.00845928$ & $0.0171001$ & $0.0100143$ & $-0.0775071$ & $-0.0273381$ & $0.305638$ & $0.305325$ & $-0.131771$ & $-0.427577$ & $0.0101247$ & $0.0672196$ & $0.278831$ & $1$ & $0.454699$ & $0.16722$ & $-0.449336$ & $-0.0408579$ & $0.492973$ & $0.344816$ & $0.332583$ & $-0.193535$ & $0.103799$ & $-0.145012$ & $-0.192325$ & $-0.396036$ & $0.103912$ & $-0.00264748$ & $0.0186594$ & $0.00477531$ & $-0.027249$ & $0.0341731$ & $-0.584401$ & $-0.0286513$ & $-0.00885316$ & $-0.01308$ & $0.0230269$ & $0.0114616$ & $2.16329e-05$ & $-0.0176435$ & $-0.0196943$ & $0.0366574$ & $0.0107266$ & $-0.0165692$ & $-0.00325294$ & $-0.0321957$ & $-0.0060707$ & $0.00808876$ \\
CHL1_33 & $0.0251873$ & $-0.0239153$ & $0.00102985$ & $0.0187592$ & $-0.00721706$ & $-0.0654091$ & $-0.0324869$ & $0.302616$ & $0.299368$ & $-0.146293$ & $-0.415639$ & $0.0159866$ & $0.0772212$ & $0.261768$ & $0.454699$ & $1$ & $0.146767$ & $-0.0451156$ & $-0.453139$ & $0.47968$ & $0.33471$ & $0.349832$ & $-0.187586$ & $0.0921564$ & $-0.156246$ & $-0.195794$ & $-0.396203$ & $0.110394$ & $0.00993077$ & $0.0262009$ & $0.0086972$ & $-0.0331983$ & $0.0371497$ & $-0.10183$ & $-0.016252$ & $-0.0109801$ & $-0.00681876$ & $0.0266196$ & $0.0208243$ & $-0.00853526$ & $-0.0211817$ & $-0.0256944$ & $0.0214086$ & $0.0234293$ & $-0.013926$ & $0.00292479$ & $-0.0101704$ & $-0.00464404$ & $0.00209036$ \\
CHL3_11 & $0.0222404$ & $0.0372104$ & $-0.000798843$ & $-0.0121993$ & $-0.00697089$ & $-0.256356$ & $0.083735$ & $-0.224317$ & $-0.229065$ & $0.433103$ & $-0.226055$ & $-0.303601$ & $-0.351354$ & $0.663566$ & $0.16722$ & $0.146767$ & $1$ & $0.732106$ & $0.733782$ & $0.246213$ & $0.195865$ & $0.187559$ & $-0.0701797$ & $0.667498$ & $0.768769$ & $-0.106906$ & $-0.137997$ & $0.0599997$ & $-0.0287645$ & $-0.102963$ & $-0.0403454$ & $0.0596148$ & $-0.0967032$ & $-0.240616$ & $-0.0404382$ & $-0.00792779$ & $-0.00803863$ & $0.0056273$ & $0.000443673$ & $0.00705199$ & $-0.0368584$ & $-0.0036785$ & $-0.0286679$ & $0.00602068$ & $-0.0204404$ & $0.00867238$ & $0.002119$ & $0.00985684$ & $0.00589293$ \\
CHL3_22 & $0.0141536$ & $0.0274489$ & $-0.000897648$ & $-0.013842$ & $-0.0188759$ & $-0.0443449$ & $0.100044$ & $-0.431996$ & $-0.434399$ & $0.491641$ & $0.0703409$ & $-0.279837$ & $-0.373312$ & $0.592687$ & $-0.449336$ & $-0.0451156$ & $0.732106$ & $1$ & $0.676825$ & $-0.0749686$ & $-0.0640196$ & $-0.0619636$ & $0.0135573$ & $0.617193$ & $0.791452$ & $0.0386336$ & $0.00890363$ & $-0.0218068$ & $-0.0205651$ & $-0.104888$ & $-0.0381317$ & $0.079388$ & $-0.110973$ & $0.0350115$ & $-0.0131208$ & $0.00295247$ & $0.00565247$ & $-0.0100743$ & $-0.00663987$ & $0.000621177$ & $-0.028126$ & $0.00701373$ & $-0.051465$ & $0.00224425$ & $-0.0182335$ & $0.0171006$ & $0.0206783$ & $0.0117878$ & $-0.00193623$ \\
CHL3_33 & $0.0121252$ & $0.0375138$ & $0.00285134$ & $-0.00991113$ & $-0.00368979$ & $-0.0549735$ & $0.0982389$ & $-0.427677$ & $-0.427609$ & $0.499478$ & $0.0678279$ & $-0.275751$ & $-0.373171$ & $0.588949$ & $-0.0408579$ & $-0.453139$ & $0.733782$ & $0.676825$ & $1$ & $-0.0730632$ & $-0.0598185$ & $-0.0581357$ & $0.0142578$ & $0.611965$ & $0.793785$ & $0.0430455$ & $0.0227679$ & $-0.0265359$ & $-0.0272101$ & $-0.10596$ & $-0.0415785$ & $0.0798194$ & $-0.108979$ & $-0.328297$ & $-0.0229968$ & $0.00888504$ & $-0.000666234$ & $-0.00939103$ & $-0.0139975$ & $0.00941768$ & $-0.0310565$ & $0.0144634$ & $-0.0345909$ & $-0.00760771$ & $-0.020076$ & $0.0110337$ & $0.00294438$ & $0.0115139$ & $0.00105688$ \\
CHe_11 & $0.00499136$ & $-0.0302565$ & $0.000636276$ & $0.0249907$ & $-0.0175293$ & $-0.189883$ & $-0.0595076$ & $0.854541$ & $0.836744$ & $-0.340677$ & $-0.990482$ & $-0.0621676$ & $0.168596$ & $0.530594$ & $0.492973$ & $0.47968$ & $0.246213$ & $-0.0749686$ & $-0.0730632$ & $1$ & $0.973042$ & $0.952429$ & $-0.0201948$ & $-0.261848$ & $-0.0168522$ & $-0.560505$ & $0.213766$ & $0.333351$ & $0.0180628$ & $0.0531025$ & $0.0257453$ & $-0.0672139$ & $0.0706203$ & $0.293701$ & $-0.0533489$ & $-0.0316512$ & $-0.00588066$ & $-0.00454217$ & $0.0413495$ & $0.0071833$ & $-0.0024018$ & $-0.0354542$ & $0.0120212$ & $0.0239862$ & $-0.0180577$ & $0.00151009$ & $-0.013667$ & $0.0286433$ & $0.000862029$ \\
CHe_22 & $-0.000900521$ & $-0.029833$ & $0.000619484$ & $0.0242212$ & $-0.0150032$ & $-0.199353$ & $-0.0649884$ & $0.898309$ & $0.878382$ & $-0.364374$ & $-0.991131$ & $-0.0688768$ & $0.182739$ & $0.474302$ & $0.344816$ & $0.33471$ & $0.195865$ & $-0.0640196$ & $-0.0598185$ & $0.973042$ & $1$ & $0.97546$ & $0.0376087$ & $-0.367991$ & $-0.0215646$ & $-0.575831$ & $0.369089$ & $0.346979$ & $0.0195402$ & $0.056236$ & $0.0260622$ & $-0.0737271$ & $0.072157$ & $0.457187$ & $-0.0545466$ & $-0.034359$ & $-0.00377083$ & $-0.00976705$ & $0.0421832$ & $0.00768487$ & $0.00345671$ & $-0.0311941$ & $0.00971747$ & $0.021487$ & $-0.0110043$ & $-0.000964401$ & $-0.0110658$ & $0.0309132$ & $-0.000482317$ \\
CHe_33 & $0.00252067$ & $-0.0343055$ & $-2.58975e-05$ & $0.0268767$ & $-0.0136141$ & $-0.195287$ & $-0.0676741$ & $0.881589$ & $0.862221$ & $-0.359302$ & $-0.970005$ & $-0.0648995$ & $0.182011$ & $0.458353$ & $0.332583$ & $0.349832$ & $0.187559$ & $-0.0619636$ & $-0.0581357$ & $0.952429$ & $0.97546$ & $1$ & $0.0392919$ & $-0.364769$ & $-0.0217677$ & $-0.565059$ & $0.365745$ & $0.338942$ & $0.0189136$ & $0.0593914$ & $0.027896$ & $-0.0744206$ & $0.070749$ & $0.455609$ & $-0.0509557$ & $-0.0275394$ & $-0.00469114$ & $-0.00721976$ & $0.0384488$ & $0.00936503$ & $-0.000877988$ & $-0.031637$ & $0.0127896$ & $0.027813$ & $-0.013644$ & $-0.000486127$ & $-0.0101798$ & $0.0296957$ & $-0.00696005$ \\
CHQ1_11 & $-0.0231139$ & $-0.0111533$ & $0.00247514$ & $-0.0256099$ & $-0.0234718$ & $-0.0112927$ & $-0.00805551$ & $0.0650171$ & $0.0619104$ & $-0.0444461$ & $-0.00692217$ & $0.00995902$ & $0.0415213$ & $-0.0917332$ & $-0.193535$ & $-0.187586$ & $-0.0701797$ & $0.0135573$ & $0.0142578$ & $-0.0201948$ & $0.0376087$ & $0.0392919$ & $1$ & $-0.140504$ & $0.0886391$ & $-0.667776$ & $0.362228$ & $0.0429017$ & $0.00122787$ & $0.00289067$ & $0.0264961$ & $-0.0135332$ & $0.00117148$ & $0.221483$ & $-0.017472$ & $0.000679576$ & $0.0130934$ & $-0.0307253$ & $-0.0265801$ & $0.029669$ & $0.0233029$ & $0.00540871$ & $0.00170462$ & $-0.0108051$ & $0.00884512$ & $-0.0015717$ & $0.0104699$ & $0.0119537$ & $0.000866456$ \\
CHQ1_33 & $-0.0327557$ & $0.0235341$ & $0.0114124$ & $-0.0222866$ & $-0.00774812$ & $0.0118389$ & $0.107485$ & $-0.671493$ & $-0.662373$ & $0.554874$ & $0.313765$ & $-0.197923$ & $-0.381804$ & $0.462684$ & $0.103799$ & $0.0921564$ & $0.667498$ & $0.617193$ & $0.611965$ & $-0.261848$ & $-0.367991$ & $-0.364769$ & $-0.140504$ & $1$ & $0.629817$ & $0.219446$ & $-0.410647$ & $-0.0452292$ & $-0.0233915$ & $-0.115355$ & $-0.0475197$ & $0.0922761$ & $-0.120979$ & $-0.63181$ & $0.000205926$ & $0.0170448$ & $0.0120002$ & $0.0039391$ & $-0.0130669$ & $-0.00310532$ & $-0.0517972$ & $0.0109339$ & $-0.0215318$ & $0.0113143$ & $-0.0284782$ & $0.0187417$ & $0.0123319$ & $-0.0150341$ & $0.00548536$ \\
CHQ3_11 & $-0.112327$ & $0.0210091$ & $-0.00695183$ & $-0.0199205$ & $-0.00701189$ & $-0.0874843$ & $0.0890946$ & $-0.390132$ & $-0.390681$ & $0.479233$ & $0.0202077$ & $-0.255558$ & $-0.349101$ & $0.586387$ & $-0.145012$ & $-0.156246$ & $0.768769$ & $0.791452$ & $0.793785$ & $-0.0168522$ & $-0.0215646$ & $-0.0217677$ & $0.0886391$ & $0.629817$ & $1$ & $0.0231663$ & $0.238357$ & $-0.0127964$ & $-0.0369879$ & $-0.0980045$ & $-0.03449$ & $0.0698387$ & $-0.0926981$ & $-0.181894$ & $-0.0171254$ & $0.00688994$ & $0.0065538$ & $-0.00749528$ & $-0.0151752$ & $0.0101827$ & $-0.0481741$ & $0.00658443$ & $-0.0395268$ & $-0.00404533$ & $-0.0237362$ & $0.0179409$ & $0.0324999$ & $0.0255515$ & $0.00938117$ \\
CHu_11 & $-0.0194417$ & $0.0276618$ & $-0.00587708$ & $0.00969781$ & $0.0306091$ & $0.109709$ & $0.0333523$ & $-0.522055$ & $-0.51012$ & $0.215048$ & $0.572408$ & $0.0474854$ & $-0.101381$ & $-0.26569$ & $-0.192325$ & $-0.195794$ & $-0.106906$ & $0.0386336$ & $0.0430455$ & $-0.560505$ & $-0.575831$ & $-0.565059$ & $-0.667776$ & $0.219446$ & $0.0231663$ & $1$ & $-0.185606$ & $-0.216034$ & $-0.0138221$ & $-0.0254639$ & $-0.0197512$ & $0.0436761$ & $-0.0329726$ & $-0.273025$ & $0.0475492$ & $0.018483$ & $0.00170189$ & $0.0278126$ & $-0.00395486$ & $-0.0157161$ & $-0.026327$ & $0.00851076$ & $-0.00721793$ & $-0.0104427$ & $0.00106114$ & $0.0152459$ & $0.0136242$ & $-0.00954238$ & $0.00532209$ \\
CHd_11 & $-0.0683129$ & $-0.0206146$ & $-0.00908722$ & $-0.00230454$ & $-0.0074863$ & $-0.0962667$ & $-0.0451509$ & $0.413051$ & $0.402052$ & $-0.21089$ & $-0.287857$ & $0.0214619$ & $0.152134$ & $-0.0959184$ & $-0.396036$ & $-0.396203$ & $-0.137997$ & $0.00890363$ & $0.0227679$ & $0.213766$ & $0.369089$ & $0.365745$ & $0.362228$ & $-0.410647$ & $0.238357$ & $-0.185606$ & $1$ & $0.128398$ & $0.00143532$ & $0.0482253$ & $0.0233788$ & $-0.0461615$ & $0.0478455$ & $0.682019$ & $-0.0148778$ & $-0.0158209$ & $0.0102448$ & $-0.033011$ & $0.00590611$ & $0.0171927$ & $0.00613494$ & $-0.00331536$ & $-0.00886321$ & $-0.00747679$ & $0.0128596$ & $-0.00219837$ & $0.0195257$ & $0.0367851$ & $-0.00459902$ \\
CHd_33 & $0.0244938$ & $-0.0150258$ & $0.00787558$ & $0.0193655$ & $-0.00230289$ & $-0.0692545$ & $-0.00915033$ & $0.31569$ & $0.309313$ & $-0.130393$ & $-0.342493$ & $-0.0280489$ & $0.0633093$ & $0.158507$ & $0.103912$ & $0.110394$ & $0.0599997$ & $-0.0218068$ & $-0.0265359$ & $0.333351$ & $0.346979$ & $0.338942$ & $0.0429017$ & $-0.0452292$ & $-0.0127964$ & $-0.216034$ & $0.128398$ & $1$ & $0.00858096$ & $0.0199762$ & $0.00510365$ & $-0.0171446$ & $0.0262148$ & $0.17598$ & $-0.0561409$ & $-0.0139525$ & $-0.00220172$ & $-0.00617483$ & $0.0259176$ & $0.000430927$ & $-0.0199065$ & $-0.0169274$ & $0.00672885$ & $0.00710358$ & $-0.0317779$ & $0.00586449$ & $0.00239707$ & $-0.000467233$ & $0.0095044$ \\
CeH_22r & $0.00276421$ & $0.00635594$ & $0.019926$ & $0.00772867$ & $0.00719786$ & $0.00808716$ & $0.0327955$ & $0.0291523$ & $0.0364391$ & $-0.0104551$ & $-0.01698$ & $0.0384194$ & $0.027536$ & $-0.00809487$ & $-0.00264748$ & $0.00993077$ & $-0.0287645$ & $-0.0205651$ & $-0.0272101$ & $0.0180628$ & $0.0195402$ & $0.0189136$ & $0.00122787$ & $-0.0233915$ & $-0.0369879$ & $-0.0138221$ & $0.00143532$ & $0.00858096$ & $1$ & $0.0426811$ & $0.016086$ & $0.0129518$ & $0.0284389$ & $0.02251$ & $-0.016587$ & $-0.0156247$ & $-0.0100514$ & $-0.0101922$ & $-0.00947852$ & $0.000137949$ & $0.00960481$ & $-0.00431527$ & $-0.0186977$ & $0.0142612$ & $0.023175$ & $-0.00847723$ & $-0.0141694$ & $0.021979$ & $-0.00256814$ \\
CeH_33r & $0.023483$ & $0.000838512$ & $0.0222439$ & $0.0125658$ & $0.000128242$ & $-0.00341044$ & $-0.134973$ & $0.102541$ & $0.122127$ & $-0.131973$ & $-0.0537719$ & $0.311398$ & $0.266625$ & $-0.0608303$ & $0.0186594$ & $0.0262009$ & $-0.102963$ & $-0.104888$ & $-0.10596$ & $0.0531025$ & $0.056236$ & $0.0593914$ & $0.00289067$ & $-0.115355$ & $-0.0980045$ & $-0.0254639$ & $0.0482253$ & $0.0199762$ & $0.0426811$ & $1$ & $0.30911$ & $0.0145707$ & $0.619501$ & $0.0642736$ & $-0.0306595$ & $-0.0462305$ & $-0.180294$ & $-0.0296376$ & $0.0197477$ & $-0.00828306$ & $0.0148245$ & $0.00371392$ & $0.0220864$ & $-0.0303917$ & $0.108165$ & $-0.0227566$ & $-0.011658$ & $0.00372739$ & $-0.00176861$ \\
CuH_22r & $-0.0376915$ & $0.020952$ & $-0.0188005$ & $0.00892691$ & $-0.00326819$ & $-0.00880359$ & $-0.0767554$ & $0.0427583$ & $0.0495283$ & $-0.0534896$ & $-0.0241816$ & $0.0956653$ & $0.0910717$ & $-0.0246714$ & $0.00477531$ & $0.0086972$ & $-0.0403454$ & $-0.0381317$ & $-0.0415785$ & $0.0257453$ & $0.0260622$ & $0.027896$ & $0.0264961$ & $-0.0475197$ & $-0.03449$ & $-0.0197512$ & $0.0233788$ & $0.00510365$ & $0.016086$ & $0.30911$ & $1$ & $0.00911913$ & $0.323864$ & $0.0306734$ & $-0.00978336$ & $-0.0303889$ & $-0.0459187$ & $-0.0108352$ & $0.0161596$ & $-0.00849843$ & $0.0435175$ & $0.0134231$ & $-0.0299012$ & $-0.0175948$ & $-0.00325073$ & $0.097894$ & $0.316341$ & $-0.0380876$ & $0.00902808$ \\
CuH_33r & $0.0218004$ & $0.00963689$ & $0.020661$ & $0.014888$ & $0.0126567$ & $-0.0140706$ & $0.934347$ & $-0.104083$ & $-0.0607329$ & $0.0814055$ & $0.0715514$ & $-0.142342$ & $-0.24858$ & $0.0293009$ & $-0.027249$ & $-0.0331983$ & $0.0596148$ & $0.079388$ & $0.0798194$ & $-0.0672139$ & $-0.0737271$ & $-0.0744206$ & $-0.0135332$ & $0.0922761$ & $0.0698387$ & $0.0436761$ & $-0.0461615$ & $-0.0171446$ & $0.0129518$ & $0.0145707$ & $0.00911913$ & $1$ & $0.0495014$ & $-0.0645151$ & $0.0770258$ & $0.0649705$ & $-0.0320065$ & $-0.032042$ & $0.0128646$ & $-0.0164795$ & $-0.00433388$ & $0.0181778$ & $-0.0141707$ & $-0.00929467$ & $-0.00535482$ & $-0.00191112$ & $-0.0382387$ & $0.0198107$ & $0.0455086$ \\
CdH_33r & $-0.0321924$ & $0.0677394$ & $0.0526022$ & $0.0409548$ & $-0.0124291$ & $-0.00576761$ & $-0.127875$ & $0.113932$ & $0.133725$ & $-0.131479$ & $-0.0679424$ & $0.339013$ & $0.288772$ & $-0.053763$ & $0.0341731$ & $0.0371497$ & $-0.0967032$ & $-0.110973$ & $-0.108979$ & $0.0706203$ & $0.072157$ & $0.070749$ & $0.00117148$ & $-0.120979$ & $-0.0926981$ & $-0.0329726$ & $0.0478455$ & $0.0262148$ & $0.0284389$ & $0.619501$ & $0.323864$ & $0.0495014$ & $1$ & $0.0655998$ & $-0.00594765$ & $-0.0243232$ & $-0.259106$ & $-0.0191235$ & $0.0245323$ & $-0.0244809$ & $-0.00901916$ & $0.00079372$ & $0.0197086$ & $-0.0306963$ & $0.042861$ & $0.0751534$ & $-0.0499271$ & $0.169647$ & $0.511281$ \\
CLL_1221 & $-0.0222728$ & $0.00441367$ & $-0.00823574$ & $0.00143366$ & $-0.0173263$ & $-0.13339$ & $-0.0650886$ & $0.563851$ & $0.548931$ & $-0.342628$ & $-0.371761$ & $0.0410854$ & $0.218399$ & $-0.210268$ & $-0.584401$ & $-0.10183$ & $-0.240616$ & $0.0350115$ & $-0.328297$ & $0.293701$ & $0.457187$ & $0.455609$ & $0.221483$ & $-0.63181$ & $-0.181894$ & $-0.273025$ & $0.682019$ & $0.17598$ & $0.02251$ & $0.0642736$ & $0.0306734$ & $-0.0645151$ & $0.0655998$ & $1$ & $-0.0110447$ & $-0.0220758$ & $0.00303276$ & $-0.0275207$ & $0.0236444$ & $0.00542036$ & $0.0326668$ & $-0.00949219$ & $-0.0109916$ & $0.00647143$ & $0.0191969$ & $-0.00600305$ & $0.0202851$ & $0.0222603$ & $-0.00390399$ \\
eHggint & $-0.0592799$ & $-0.0270637$ & $-0.0161841$ & $0.0292219$ & $0.00858759$ & $0.0309342$ & $-0.0238329$ & $-0.0364589$ & $-0.0609284$ & $0.0578159$ & $0.0551656$ & $0.111763$ & $0.0328017$ & $-0.0446118$ & $-0.0286513$ & $-0.016252$ & $-0.0404382$ & $-0.0131208$ & $-0.0229968$ & $-0.0533489$ & $-0.0545466$ & $-0.0509557$ & $-0.017472$ & $0.000205926$ & $-0.0171254$ & $0.0475492$ & $-0.0148778$ & $-0.0561409$ & $-0.016587$ & $-0.0306595$ & $-0.00978336$ & $0.0770258$ & $-0.00594765$ & $-0.0110447$ & $1$ & $0.0159213$ & $0.00353599$ & $-0.00158158$ & $0.0118393$ & $0.0119155$ & $-0.0118968$ & $-0.00618564$ & $-0.0355522$ & $0.0420562$ & $-0.109196$ & $-0.000435638$ & $-0.0137996$ & $0.0622219$ & $0.026044$ \\
eHggpar & $-0.0528035$ & $-0.0145442$ & $0.0865527$ & $0.0585229$ & $-0.0179435$ & $0.0175045$ & $0.0205371$ & $-0.0315272$ & $-0.0293729$ & $0.0401448$ & $0.034157$ & $0.0336755$ & $-0.0194403$ & $-0.0116332$ & $-0.00885316$ & $-0.0109801$ & $-0.00792779$ & $0.00295247$ & $0.00888504$ & $-0.0316512$ & $-0.034359$ & $-0.0275394$ & $0.000679576$ & $0.0170448$ & $0.00688994$ & $0.018483$ & $-0.0158209$ & $-0.0139525$ & $-0.0156247$ & $-0.0462305$ & $-0.0303889$ & $0.0649705$ & $-0.0243232$ & $-0.0220758$ & $0.0159213$ & $1$ & $0.0364411$ & $-0.00417009$ & $0.100875$ & $-0.0265522$ & $-0.0117861$ & $-0.0230378$ & $0.136913$ & $0.0907764$ & $-0.0115833$ & $0.0919153$ & $-0.0320344$ & $-0.0043095$ & $0.0270937$ \\
eHWWint & $-0.0540606$ & $-0.0865849$ & $-0.0832267$ & $-0.0469847$ & $-0.00461606$ & $0.0214292$ & $0.0100219$ & $-0.000385246$ & $-0.0080368$ & $-0.0216866$ & $0.00431597$ & $-0.00624908$ & $0.000477377$ & $0.00125237$ & $-0.01308$ & $-0.00681876$ & $-0.00803863$ & $0.00565247$ & $-0.000666234$ & $-0.00588066$ & $-0.00377083$ & $-0.00469114$ & $0.0130934$ & $0.0120002$ & $0.0065538$ & $0.00170189$ & $0.0102448$ & $-0.00220172$ & $-0.0100514$ & $-0.180294$ & $-0.0459187$ & $-0.0320065$ & $-0.259106$ & $0.00303276$ & $0.00353599$ & $0.0364411$ & $1$ & $6.31217e-05$ & $-0.0862532$ & $-0.000251643$ & $0.0800495$ & $-0.0297449$ & $0.00183413$ & $0.0690615$ & $-0.0754387$ & $-0.0468296$ & $0.12551$ & $-0.00324595$ & $-0.138486$ \\
eHWWpar & $-0.00609842$ & $-0.0341505$ & $-0.00653572$ & $-0.00316961$ & $0.00951126$ & $-0.0133363$ & $-0.0284269$ & $-0.00777109$ & $-0.013362$ & $0.00565484$ & $0.00528916$ & $0.0122947$ & $0.0164543$ & $0.00292309$ & $0.0230269$ & $0.0266196$ & $0.0056273$ & $-0.0100743$ & $-0.00939103$ & $-0.00454217$ & $-0.00976705$ & $-0.00721976$ & $-0.0307253$ & $0.0039391$ & $-0.00749528$ & $0.0278126$ & $-0.033011$ & $-0.00617483$ & $-0.0101922$ & $-0.0296376$ & $-0.0108352$ & $-0.032042$ & $-0.0191235$ & $-0.0275207$ & $-0.00158158$ & $-0.00417009$ & $6.31217e-05$ & $1$ & $-0.00226173$ & $0.0240272$ & $-0.0206003$ & $0.0220536$ & $-0.0241004$ & $-0.00252926$ & $0.00208917$ & $0.013445$ & $-0.00428007$ & $-0.00230491$ & $0.0165446$ \\
eHZZint & $-0.0188492$ & $-0.0428811$ & $0.0513422$ & $0.17255$ & $-0.0168766$ & $-0.0144642$ & $-0.00934162$ & $0.0426995$ & $0.0404477$ & $-0.00504798$ & $-0.0418501$ & $0.0173645$ & $0.0218244$ & $0.0153767$ & $0.0114616$ & $0.0208243$ & $0.000443673$ & $-0.00663987$ & $-0.0139975$ & $0.0413495$ & $0.0421832$ & $0.0384488$ & $-0.0265801$ & $-0.0130669$ & $-0.0151752$ & $-0.00395486$ & $0.00590611$ & $0.0259176$ & $-0.00947852$ & $0.0197477$ & $0.0161596$ & $0.0128646$ & $0.0245323$ & $0.0236444$ & $0.0118393$ & $0.100875$ & $-0.0862532$ & $-0.00226173$ & $1$ & $0.0193469$ & $-0.0925333$ & $0.00669441$ & $0.0250096$ & $-0.0132384$ & $0.0481661$ & $-0.0474966$ & $0.090449$ & $0.00426335$ & $0.0482678$ \\
eHZZpar & $0.00245438$ & $0.0612866$ & $0.00422627$ & $0.0294366$ & $-0.0108369$ & $-0.0049606$ & $-0.0107183$ & $0.00251092$ & $6.44732e-05$ & $-0.00248043$ & $-0.00488105$ & $0.00539906$ & $0.00669084$ & $-0.00215868$ & $2.16329e-05$ & $-0.00853526$ & $0.00705199$ & $0.000621177$ & $0.00941768$ & $0.0071833$ & $0.00768487$ & $0.00936503$ & $0.029669$ & $-0.00310532$ & $0.0101827$ & $-0.0157161$ & $0.0171927$ & $0.000430927$ & $0.000137949$ & $-0.00828306$ & $-0.00849843$ & $-0.0164795$ & $-0.0244809$ & $0.00542036$ & $0.0119155$ & $-0.0265522$ & $-0.000251643$ & $0.0240272$ & $0.0193469$ & $1$ & $0.0118441$ & $0.0306564$ & $-0.000398315$ & $-0.00108708$ & $-0.0417402$ & $0.00460544$ & $0.0107292$ & $0.00606958$ & $-0.0245882$ \\
eHZgaint & $0.0527033$ & $-0.0248753$ & $0.015701$ & $-0.0458948$ & $-0.0407549$ & $0.00299517$ & $-0.00134761$ & $0.0222218$ & $0.0127182$ & $-0.0709214$ & $-0.00145487$ & $-0.0126892$ & $0.0225355$ & $-0.0366807$ & $-0.0176435$ & $-0.0211817$ & $-0.0368584$ & $-0.028126$ & $-0.0310565$ & $-0.0024018$ & $0.00345671$ & $-0.000877988$ & $0.0233029$ & $-0.0517972$ & $-0.0481741$ & $-0.026327$ & $0.00613494$ & $-0.0199065$ & $0.00960481$ & $0.0148245$ & $0.0435175$ & $-0.00433388$ & $-0.00901916$ & $0.0326668$ & $-0.0118968$ & $-0.0117861$ & $0.0800495$ & $-0.0206003$ & $-0.0925333$ & $0.0118441$ & $1$ & $0.0124123$ & $-0.118059$ & $0.0425868$ & $0.0633153$ & $-0.149033$ & $0.152872$ & $-0.02811$ & $-0.0270803$ \\
eHZgapar & $0.00121926$ & $-0.0276746$ & $-0.00128319$ & $0.00943194$ & $0.0185687$ & $-0.0249373$ & $0.0215706$ & $-0.0292543$ & $-0.0306549$ & $0.00385266$ & $0.0327146$ & $-0.0177153$ & $-0.0205482$ & $-0.0127948$ & $-0.0196943$ & $-0.0256944$ & $-0.0036785$ & $0.00701373$ & $0.0144634$ & $-0.0354542$ & $-0.0311941$ & $-0.031637$ & $0.00540871$ & $0.0109339$ & $0.00658443$ & $0.00851076$ & $-0.00331536$ & $-0.0169274$ & $-0.00431527$ & $0.00371392$ & $0.0134231$ & $0.0181778$ & $0.00079372$ & $-0.00949219$ & $-0.00618564$ & $-0.0230378$ & $-0.0297449$ & $0.0220536$ & $0.00669441$ & $0.0306564$ & $0.0124123$ & $1$ & $0.00398289$ & $-0.0359749$ & $0.0101439$ & $-0.0160266$ & $-0.0217049$ & $0.0107057$ & $-0.00903431$ \\
eHgagaint & $-0.00400791$ & $-0.0344192$ & $0.0513666$ & $0.0394882$ & $0.00883133$ & $-0.013777$ & $-0.0235261$ & $0.0267827$ & $0.0919139$ & $-0.0264882$ & $-0.0121942$ & $-0.00148444$ & $-0.00185826$ & $-0.0185128$ & $0.0366574$ & $0.0214086$ & $-0.0286679$ & $-0.051465$ & $-0.0345909$ & $0.0120212$ & $0.00971747$ & $0.0127896$ & $0.00170462$ & $-0.0215318$ & $-0.0395268$ & $-0.00721793$ & $-0.00886321$ & $0.00672885$ & $-0.0186977$ & $0.0220864$ & $-0.0299012$ & $-0.0141707$ & $0.0197086$ & $-0.0109916$ & $-0.0355522$ & $0.136913$ & $0.00183413$ & $-0.0241004$ & $0.0250096$ & $-0.000398315$ & $-0.118059$ & $0.00398289$ & $1$ & $0.000551833$ & $0.0194375$ & $-0.0741409$ & $-0.0498719$ & $0.0310856$ & $0.0161676$ \\
eHmumuint & $-0.0611158$ & $-0.0360669$ & $0.0205164$ & $0.0105058$ & $0.0143866$ & $-0.00280585$ & $-0.0128129$ & $0.0203339$ & $0.0142714$ & $-0.00104601$ & $-0.0232937$ & $0.031854$ & $0.0282558$ & $0.0137634$ & $0.0107266$ & $0.0234293$ & $0.00602068$ & $0.00224425$ & $-0.00760771$ & $0.0239862$ & $0.021487$ & $0.027813$ & $-0.0108051$ & $0.0113143$ & $-0.00404533$ & $-0.0104427$ & $-0.00747679$ & $0.00710358$ & $0.0142612$ & $-0.0303917$ & $-0.0175948$ & $-0.00929467$ & $-0.0306963$ & $0.00647143$ & $0.0420562$ & $0.0907764$ & $0.0690615$ & $-0.00252926$ & $-0.0132384$ & $-0.00108708$ & $0.0425868$ & $-0.0359749$ & $0.000551833$ & $1$ & $-0.0121293$ & $-0.0505005$ & $0.0082574$ & $-0.0404282$ & $-0.0287118$ \\
eHtautauint & $0.0643558$ & $0.0879776$ & $0.124217$ & $0.0166851$ & $0.0294991$ & $-0.00146536$ & $-0.00673474$ & $-0.0029553$ & $-0.00026839$ & $-0.0248354$ & $0.0162058$ & $-0.0107666$ & $-0.0058995$ & $-0.0346884$ & $-0.0165692$ & $-0.013926$ & $-0.0204404$ & $-0.0182335$ & $-0.020076$ & $-0.0180577$ & $-0.0110043$ & $-0.013644$ & $0.00884512$ & $-0.0284782$ & $-0.0237362$ & $0.00106114$ & $0.0128596$ & $-0.0317779$ & $0.023175$ & $0.108165$ & $-0.00325073$ & $-0.00535482$ & $0.042861$ & $0.0191969$ & $-0.109196$ & $-0.0115833$ & $-0.0754387$ & $0.00208917$ & $0.0481661$ & $-0.0417402$ & $0.0633153$ & $0.0101439$ & $0.0194375$ & $-0.0121293$ & $1$ & $-0.0131422$ & $-0.0587342$ & $0.0973437$ & $-0.0141698$ \\
eHccint & $-0.075963$ & $-0.0405946$ & $0.0482787$ & $0.11057$ & $-0.0180301$ & $0.00329185$ & $-0.00266424$ & $-0.00650808$ & $-0.0144556$ & $-0.00514101$ & $0.00138988$ & $-0.0188022$ & $-0.0123104$ & $0.0123796$ & $-0.00325294$ & $0.00292479$ & $0.00867238$ & $0.0171006$ & $0.0110337$ & $0.00151009$ & $-0.000964401$ & $-0.000486127$ & $-0.0015717$ & $0.0187417$ & $0.0179409$ & $0.0152459$ & $-0.00219837$ & $0.00586449$ & $-0.00847723$ & $-0.0227566$ & $0.097894$ & $-0.00191112$ & $0.0751534$ & $-0.00600305$ & $-0.000435638$ & $0.0919153$ & $-0.0468296$ & $0.013445$ & $-0.0474966$ & $0.00460544$ & $-0.149033$ & $-0.0160266$ & $-0.0741409$ & $-0.0505005$ & $-0.0131422$ & $1$ & $0.0539358$ & $0.116266$ & $0.142594$ \\
eHccpar & $-0.186139$ & $0.0240734$ & $-0.0988782$ & $-0.0106682$ & $-0.00701838$ & $-0.00526386$ & $-0.0302913$ & $-0.0133819$ & $-0.0181024$ & $0.00416911$ & $0.0151992$ & $-0.00140068$ & $-0.00356623$ & $-0.0107584$ & $-0.0321957$ & $-0.0101704$ & $0.002119$ & $0.0206783$ & $0.00294438$ & $-0.013667$ & $-0.0110658$ & $-0.0101798$ & $0.0104699$ & $0.0123319$ & $0.0324999$ & $0.0136242$ & $0.0195257$ & $0.00239707$ & $-0.0141694$ & $-0.011658$ & $0.316341$ & $-0.0382387$ & $-0.0499271$ & $0.0202851$ & $-0.0137996$ & $-0.0320344$ & $0.12551$ & $-0.00428007$ & $0.090449$ & $0.0107292$ & $0.152872$ & $-0.0217049$ & $-0.0498719$ & $0.0082574$ & $-0.0587342$ & $0.0539358$ & $1$ & $-0.0907592$ & $-0.0211722$ \\
eHbbint & $-0.0358729$ & $0.0243912$ & $-0.0455665$ & $-0.00194839$ & $0.000399085$ & $-0.0156852$ & $0.00827677$ & $0.0232886$ & $0.0256456$ & $-0.0275145$ & $-0.0293129$ & $-0.0141918$ & $-0.00692221$ & $0.0189774$ & $-0.0060707$ & $-0.00464404$ & $0.00985684$ & $0.0117878$ & $0.0115139$ & $0.0286433$ & $0.0309132$ & $0.0296957$ & $0.0119537$ & $-0.0150341$ & $0.0255515$ & $-0.00954238$ & $0.0367851$ & $-0.000467233$ & $0.021979$ & $0.00372739$ & $-0.0380876$ & $0.0198107$ & $0.169647$ & $0.0222603$ & $0.0622219$ & $-0.0043095$ & $-0.00324595$ & $-0.00230491$ & $0.00426335$ & $0.00606958$ & $-0.02811$ & $0.0107057$ & $0.0310856$ & $-0.0404282$ & $0.0973437$ & $0.116266$ & $-0.0907592$ & $1$ & $0.030323$ \\
eHbbpar & $-0.076687$ & $0.112646$ & $0.092377$ & $0.0614352$ & $-0.0047197$ & $-0.00279299$ & $0.0332609$ & $-0.00680581$ & $-0.00348365$ & $0.010402$ & $0.0045774$ & $-0.0245625$ & $-0.0208911$ & $-0.000781133$ & $0.00808876$ & $0.00209036$ & $0.00589293$ & $-0.00193623$ & $0.00105688$ & $0.000862029$ & $-0.000482317$ & $-0.00696005$ & $0.000866456$ & $0.00548536$ & $0.00938117$ & $0.00532209$ & $-0.00459902$ & $0.0095044$ & $-0.00256814$ & $-0.00176861$ & $0.00902808$ & $0.0455086$ & $0.511281$ & $-0.00390399$ & $0.026044$ & $0.0270937$ & $-0.138486$ & $0.0165446$ & $0.0482678$ & $-0.0245882$ & $-0.0270803$ & $-0.00903431$ & $0.0161676$ & $-0.0287118$ & $-0.0141698$ & $0.142594$ & $-0.0211722$ & $0.030323$ & $1$ \\
