 & AlsMz & dAle5Mz & mtop & mHl & Mz & CW & CHG & CHWB & CHWHB_gaga & CHWHB_gagaorth & CHD & CHbox & CH & CHL1_11 & CHL1_22 & CHL1_33 & CHL3_11 & CHL3_22 & CHL3_33 & CHe_11 & CHe_22 & CHe_33 & CHQ1_11 & CHQ1_33 & CHQ3_11 & CHu_11 & CHd_11 & CHd_33 & CeH_22r & CeH_33r & CuH_22r & CuH_33r & CdH_33r & CLL_1221 & eHggint & eHggpar & eHWWint & eHWWpar & eHZZint & eHZZpar & eHZgaint & eHZgapar & eHgagaint & eHmumuint & eHtautauint & eHccint & eHccpar & eHbbint & eHbbpar \\
AlsMz & $1$ & $0.0294972$ & $-0.0635698$ & $0.0492819$ & $-0.0528693$ & $-0.0106916$ & $-0.0145327$ & $0.0390679$ & $0.0423301$ & $-0.00700739$ & $-0.0522547$ & $-0.0339881$ & $0.0425602$ & $-0.00120004$ & $-0.0112529$ & $0.041394$ & $0.0171476$ & $0.014194$ & $-0.0162084$ & $0.043295$ & $0.0440581$ & $0.0461392$ & $0.00673642$ & $-0.0847423$ & $-0.11902$ & $-0.0752107$ & $0.000170154$ & $-0.00923251$ & $0.00530395$ & $0.0106139$ & $0.0532265$ & $-0.0290578$ & $0.0226125$ & $0.0505867$ & $-0.0151341$ & $-0.0135333$ & $-0.0302586$ & $-0.00157744$ & $-0.0386725$ & $0.0105831$ & $0.041052$ & $-0.00877404$ & $0.0331577$ & $-0.0532597$ & $0.0709044$ & $0.0197683$ & $-0.0219021$ & $0.0396301$ & $-0.00546783$ \\
dAle5Mz & $0.0294972$ & $1$ & $-0.0315654$ & $-0.00640932$ & $0.00854401$ & $0.0339566$ & $-0.022539$ & $-0.070866$ & $-0.0795053$ & $0.0605265$ & $0.0411375$ & $0.0387611$ & $0.00705168$ & $0.0111307$ & $-0.0452096$ & $-0.0106971$ & $0.0375896$ & $0.0535024$ & $0.0279306$ & $-0.0173341$ & $-0.00890612$ & $-0.0169888$ & $0.010678$ & $0.0384288$ & $0.0658327$ & $0.0163136$ & $0.0560343$ & $0.0119809$ & $-0.0163807$ & $0.0359396$ & $-0.0134129$ & $-0.00388801$ & $0.0204172$ & $0.0494579$ & $0.0280337$ & $0.0133314$ & $0.0198117$ & $-0.0332992$ & $-0.0264042$ & $0.056212$ & $0.0198437$ & $0.0213817$ & $-0.0635623$ & $0.0420127$ & $0.0370927$ & $-0.013663$ & $-0.0518228$ & $0.0160131$ & $-0.024066$ \\
mtop & $-0.0635698$ & $-0.0315654$ & $1$ & $-0.0107778$ & $-0.0150986$ & $0.0431357$ & $0.0104889$ & $0.0075083$ & $0.0058272$ & $-0.00623322$ & $-0.00335332$ & $-0.000582951$ & $0.00624472$ & $0.00923541$ & $0.000836193$ & $0.0267135$ & $-0.00288172$ & $0.0109688$ & $-0.000417309$ & $0.0183111$ & $0.00548861$ & $0.0197015$ & $0.0150779$ & $0.00565836$ & $0.0354562$ & $-0.00781$ & $0.0302173$ & $-0.0389973$ & $0.00947084$ & $-0.0115938$ & $0.0363026$ & $0.0180793$ & $-0.000448211$ & $0.000839304$ & $0.0415266$ & $0.0137965$ & $0.0291321$ & $-0.0161316$ & $0.021198$ & $0.0360477$ & $0.0475434$ & $0.0216598$ & $0.0302614$ & $-0.0270541$ & $-0.0137996$ & $-0.0324775$ & $-0.0113443$ & $0.030278$ & $0.00272659$ \\
mHl & $0.0492819$ & $-0.00640932$ & $-0.0107778$ & $1$ & $-0.015696$ & $0.0771353$ & $0.00963993$ & $-0.0399418$ & $-0.046688$ & $-0.0116865$ & $0.0404473$ & $0.0019737$ & $-0.00454429$ & $0.0190385$ & $0.0405794$ & $0.0567234$ & $-0.0338045$ & $-0.024494$ & $-0.0335422$ & $-0.0368982$ & $-0.0487663$ & $-0.0488012$ & $-0.0534115$ & $0.0302048$ & $-0.0417658$ & $0.0456634$ & $-0.0965887$ & $-0.010446$ & $-0.0147344$ & $-0.00611111$ & $0.0271221$ & $0.0181631$ & $0.00229022$ & $-0.0780063$ & $0.0240774$ & $0.0137736$ & $-0.046922$ & $-0.00621951$ & $-0.0492751$ & $0.000973027$ & $-0.0635055$ & $0.0383766$ & $0.0200596$ & $-0.0266659$ & $0.0220102$ & $-0.0106611$ & $0.00035718$ & $0.0292389$ & $-0.0557019$ \\
Mz & $-0.0528693$ & $0.00854401$ & $-0.0150986$ & $-0.015696$ & $1$ & $-0.0378514$ & $0.0289148$ & $-0.0138045$ & $-0.0113611$ & $-0.0131191$ & $0.0267512$ & $0.0119958$ & $-0.0282468$ & $-0.00306221$ & $0.0283563$ & $-0.0233661$ & $-0.0130251$ & $-0.0300559$ & $0.00916709$ & $-0.0173175$ & $-0.016041$ & $-0.0207751$ & $0.0265065$ & $0.0228371$ & $-0.00918266$ & $-0.0101342$ & $-0.0107499$ & $-0.0232702$ & $0.0389061$ & $-0.0120379$ & $0.00313584$ & $0.00588346$ & $-0.0309153$ & $-0.0383501$ & $0.00925503$ & $-0.00656061$ & $-0.000527636$ & $0.0240339$ & $0.0205357$ & $-0.0060175$ & $0.00782691$ & $0.000436236$ & $0.00879286$ & $0.0418151$ & $0.00772417$ & $0.0148439$ & $0.0066005$ & $0.0221422$ & $-0.00401799$ \\
CW & $-0.0106916$ & $0.0339566$ & $0.0431357$ & $0.0771353$ & $-0.0378514$ & $1$ & $0.0174618$ & $-0.15248$ & $-0.139599$ & $0.00793349$ & $0.216401$ & $0.0454152$ & $-0.011632$ & $-0.00911095$ & $-0.0860567$ & $-0.120569$ & $-0.257125$ & $-0.0552611$ & $-0.0303084$ & $-0.216319$ & $-0.216355$ & $-0.205957$ & $-0.0182198$ & $0.0394137$ & $-0.0701846$ & $0.156486$ & $-0.0494168$ & $-0.000364551$ & $0.000296742$ & $-0.00310856$ & $0.0351754$ & $0.00890148$ & $-0.0180834$ & $-0.126802$ & $0.0453487$ & $0.0409002$ & $-0.0399622$ & $0.0152295$ & $0.0201263$ & $-0.0293994$ & $-0.00120827$ & $-0.041811$ & $0.0205826$ & $0.0402297$ & $-0.0249196$ & $0.0117487$ & $0.0192378$ & $0.0203429$ & $-0.0236211$ \\
CHG & $-0.0145327$ & $-0.022539$ & $0.0104889$ & $0.00963993$ & $0.0289148$ & $0.0174618$ & $1$ & $-0.131206$ & $-0.0755442$ & $0.109369$ & $0.0847263$ & $0.21992$ & $-0.30919$ & $0.061088$ & $-0.0215052$ & $-0.0332176$ & $0.0952571$ & $0.109334$ & $0.108846$ & $-0.0844944$ & $-0.0890726$ & $-0.0920978$ & $-0.0133475$ & $0.144393$ & $0.137374$ & $0.0516844$ & $-0.0153267$ & $-0.0913754$ & $0.0255511$ & $-0.118429$ & $-0.0849748$ & $0.929914$ & $-0.149416$ & $-0.0871978$ & $-0.00938335$ & $-0.0123276$ & $0.0296634$ & $0.0281947$ & $-0.0252808$ & $0.0250473$ & $-0.00446752$ & $0.00564214$ & $-0.00365335$ & $0.0029639$ & $-0.0401284$ & $-0.0245073$ & $-0.0705635$ & $-0.030799$ & $-0.0171977$ \\
CHWB & $0.0390679$ & $-0.070866$ & $0.0075083$ & $-0.0399418$ & $-0.0138045$ & $-0.15248$ & $-0.131206$ & $1$ & $0.981835$ & $-0.561852$ & $-0.881585$ & $-0.422241$ & $0.363019$ & $0.0765117$ & $0.268837$ & $0.284739$ & $-0.233313$ & $-0.429617$ & $-0.431759$ & $0.852356$ & $0.897229$ & $0.878194$ & $0.0642795$ & $-0.694019$ & $-0.432431$ & $-0.504777$ & $0.406838$ & $0.299815$ & $0.0243875$ & $0.0972157$ & $0.0355734$ & $-0.126613$ & $0.160789$ & $0.585015$ & $-0.00233193$ & $0.0261868$ & $0.00655381$ & $-0.0107409$ & $0.0270256$ & $0.00970104$ & $0.0358576$ & $-0.0495507$ & $0.0132128$ & $-0.0266163$ & $0.0566914$ & $-0.0295251$ & $0.0192001$ & $0.00563198$ & $0.0987101$ \\
CHWHB_gaga & $0.0423301$ & $-0.0795053$ & $0.0058272$ & $-0.046688$ & $-0.0113611$ & $-0.139599$ & $-0.0755442$ & $0.981835$ & $1$ & $-0.556159$ & $-0.858054$ & $-0.400515$ & $0.356088$ & $0.0587592$ & $0.266091$ & $0.283441$ & $-0.244034$ & $-0.436728$ & $-0.441629$ & $0.82973$ & $0.872792$ & $0.854311$ & $0.0635448$ & $-0.685677$ & $-0.437447$ & $-0.490191$ & $0.398843$ & $0.284711$ & $0.035443$ & $0.114844$ & $0.0410849$ & $-0.0860068$ & $0.178512$ & $0.572147$ & $-0.0274514$ & $0.0160346$ & $-0.0123371$ & $-0.017686$ & $0.0203369$ & $0.00581226$ & $0.0236598$ & $-0.042942$ & $0.0852075$ & $-0.0277782$ & $0.0573042$ & $-0.0371083$ & $0.0179679$ & $0.00302673$ & $0.0983638$ \\
CHWHB_gagaorth & $-0.00700739$ & $0.0605265$ & $-0.00623322$ & $-0.0116865$ & $-0.0131191$ & $0.00793349$ & $0.109369$ & $-0.561852$ & $-0.556159$ & $1$ & $0.346017$ & $0.66082$ & $-0.279409$ & $0.25174$ & $-0.0922064$ & $-0.13355$ & $0.435612$ & $0.481129$ & $0.50211$ & $-0.331372$ & $-0.3597$ & $-0.362247$ & $-0.0145667$ & $0.561513$ & $0.496452$ & $0.192021$ & $-0.20635$ & $-0.175079$ & $0.0068926$ & $-0.126844$ & $-0.0612194$ & $0.137676$ & $-0.16277$ & $-0.367453$ & $0.091362$ & $-0.0162351$ & $-0.0211871$ & $0.00135061$ & $-0.0525395$ & $0.00509716$ & $-0.0697286$ & $0.0302954$ & $-0.0418801$ & $0.00190143$ & $-0.0308681$ & $0.0398605$ & $-0.04301$ & $-0.00727697$ & $-0.0932897$ \\
CHD & $-0.0522547$ & $0.0411375$ & $-0.00335332$ & $0.0404473$ & $0.0267512$ & $0.216401$ & $0.0847263$ & $-0.881585$ & $-0.858054$ & $0.346017$ & $1$ & $0.324807$ & $-0.189159$ & $-0.491384$ & $-0.4029$ & $-0.405229$ & $-0.220876$ & $0.0710872$ & $0.065006$ & $-0.990307$ & $-0.991206$ & $-0.971501$ & $-0.00608834$ & $0.344197$ & $0.0555145$ & $0.562941$ & $-0.279932$ & $-0.311721$ & $-0.0230009$ & $-0.0629091$ & $-0.0193925$ & $0.0836615$ & $-0.123234$ & $-0.387055$ & $0.0050235$ & $0.00961519$ & $-0.00838847$ & $-0.00830639$ & $-0.0367207$ & $-0.0302789$ & $-0.0567932$ & $0.0333214$ & $-0.0103636$ & $0.04007$ & $-0.0512016$ & $0.0392158$ & $-0.00148246$ & $0.000450131$ & $-0.0731218$ \\
CHbox & $-0.0339881$ & $0.0387611$ & $-0.000582951$ & $0.0019737$ & $0.0119958$ & $0.0454152$ & $0.21992$ & $-0.422241$ & $-0.400515$ & $0.66082$ & $0.324807$ & $1$ & $-0.648653$ & $0.0606749$ & $-0.043475$ & $-0.0932546$ & $0.185973$ & $0.223126$ & $0.253005$ & $-0.306628$ & $-0.338027$ & $-0.338007$ & $-0.00617314$ & $0.35626$ & $0.259375$ & $0.176431$ & $-0.180121$ & $-0.157574$ & $0.0200727$ & $-0.0265061$ & $-0.0698149$ & $0.253332$ & $-0.082218$ & $-0.304176$ & $0.0981561$ & $0.00777024$ & $0.011678$ & $0.00706784$ & $-0.0599007$ & $0.018709$ & $-0.0337643$ & $0.0327872$ & $-0.0217452$ & $0.0267415$ & $-0.0277818$ & $0.00990611$ & $-0.0425598$ & $0.00517505$ & $-0.0963857$ \\
CH & $0.0425602$ & $0.00705168$ & $0.00624472$ & $-0.00454429$ & $-0.0282468$ & $-0.011632$ & $-0.30919$ & $0.363019$ & $0.356088$ & $-0.279409$ & $-0.189159$ & $-0.648653$ & $1$ & $-0.248202$ & $0.0390659$ & $0.0847766$ & $-0.349303$ & $-0.364457$ & $-0.38939$ & $0.183965$ & $0.201794$ & $0.199054$ & $0.0258832$ & $-0.394353$ & $-0.385687$ & $-0.10601$ & $0.143292$ & $0.0939667$ & $0.0309814$ & $0.257726$ & $0.125304$ & $-0.260026$ & $0.329802$ & $0.257633$ & $0.0204405$ & $0.037821$ & $-0.027379$ & $-0.0276034$ & $-0.0174235$ & $-0.020963$ & $-0.0306846$ & $-0.0478176$ & $-0.0126035$ & $-0.0302214$ & $0.0257872$ & $0.0134197$ & $0.0306496$ & $0.00664877$ & $0.0679634$ \\
CHL1_11 & $-0.00120004$ & $0.0111307$ & $0.00923541$ & $0.0190385$ & $-0.00306221$ & $-0.00911095$ & $0.061088$ & $0.0765117$ & $0.0587592$ & $0.25174$ & $-0.491384$ & $0.0606749$ & $-0.248202$ & $1$ & $0.266729$ & $0.245114$ & $0.683291$ & $0.611667$ & $0.62779$ & $0.508819$ & $0.455111$ & $0.452197$ & $-0.0707992$ & $0.458492$ & $0.619364$ & $-0.260089$ & $-0.0779043$ & $0.10877$ & $0.0075585$ & $-0.0322213$ & $-0.0431562$ & $0.0569156$ & $-0.0298883$ & $-0.212789$ & $-0.0262755$ & $-0.0476318$ & $0.00775292$ & $0.0435432$ & $0.0490046$ & $0.0263017$ & $0.0399257$ & $0.00988753$ & $-0.0193588$ & $-0.0357475$ & $0.0135903$ & $-0.0173829$ & $-0.0442099$ & $-0.00394745$ & $-0.0352558$ \\
CHL1_22 & $-0.0112529$ & $-0.0452096$ & $0.000836193$ & $0.0405794$ & $0.0283563$ & $-0.0860567$ & $-0.0215052$ & $0.268837$ & $0.266091$ & $-0.0922064$ & $-0.4029$ & $-0.043475$ & $0.0390659$ & $0.266729$ & $1$ & $0.466067$ & $0.205259$ & $-0.437319$ & $-0.014616$ & $0.47269$ & $0.317453$ & $0.310932$ & $-0.172419$ & $0.130804$ & $-0.101223$ & $-0.202376$ & $-0.414287$ & $0.0686343$ & $-0.00852119$ & $-0.0111897$ & $0.0600607$ & $-0.0383567$ & $0.0102171$ & $-0.595707$ & $-0.033185$ & $-0.0393437$ & $0.0427108$ & $0.0304926$ & $0.054612$ & $0.00671431$ & $0.0243803$ & $-0.000539209$ & $0.0178281$ & $0.0231062$ & $-0.0139115$ & $0.0480266$ & $-0.014969$ & $-0.00985923$ & $-0.000856775$ \\
CHL1_33 & $0.041394$ & $-0.0106971$ & $0.0267135$ & $0.0567234$ & $-0.0233661$ & $-0.120569$ & $-0.0332176$ & $0.284739$ & $0.283441$ & $-0.13355$ & $-0.405229$ & $-0.0932546$ & $0.0847766$ & $0.245114$ & $0.466067$ & $1$ & $0.172863$ & $-0.0492829$ & $-0.422356$ & $0.472304$ & $0.323909$ & $0.339803$ & $-0.218513$ & $0.0945981$ & $-0.145861$ & $-0.176683$ & $-0.418007$ & $0.0843745$ & $-0.018365$ & $0.0168341$ & $0.0635999$ & $-0.0377787$ & $0.0184973$ & $-0.115752$ & $-0.00322415$ & $-0.0152815$ & $0.0251614$ & $0.00331247$ & $0.00587934$ & $0.0376049$ & $0.00221838$ & $0.0508477$ & $0.0139107$ & $0.00760485$ & $-0.019846$ & $-0.00801881$ & $0.0495384$ & $-0.0238645$ & $-0.0301356$ \\
CHL3_11 & $0.0171476$ & $0.0375896$ & $-0.00288172$ & $-0.0338045$ & $-0.0130251$ & $-0.257125$ & $0.0952571$ & $-0.233313$ & $-0.244034$ & $0.435612$ & $-0.220876$ & $0.185973$ & $-0.349303$ & $0.683291$ & $0.205259$ & $0.172863$ & $1$ & $0.72153$ & $0.738577$ & $0.246533$ & $0.189024$ & $0.182117$ & $-0.0874544$ & $0.660369$ & $0.766785$ & $-0.119778$ & $-0.175321$ & $0.0222347$ & $-0.0029199$ & $-0.0748777$ & $-0.0298113$ & $0.088862$ & $-0.073112$ & $-0.278117$ & $0.0116188$ & $-0.0755708$ & $0.00721113$ & $0.025895$ & $0.00955851$ & $0.0474479$ & $0.0441962$ & $0.0329061$ & $0.00124392$ & $-0.0172428$ & $-0.0131816$ & $-0.0358872$ & $-0.0256721$ & $-0.0222305$ & $-0.0374423$ \\
CHL3_22 & $0.014194$ & $0.0535024$ & $0.0109688$ & $-0.024494$ & $-0.0300559$ & $-0.0552611$ & $0.109334$ & $-0.429617$ & $-0.436728$ & $0.481129$ & $0.0710872$ & $0.223126$ & $-0.364457$ & $0.611667$ & $-0.437319$ & $-0.0492829$ & $0.72153$ & $1$ & $0.687404$ & $-0.0761984$ & $-0.0615771$ & $-0.0551298$ & $-0.00304977$ & $0.598105$ & $0.789112$ & $0.0428479$ & $0.0139462$ & $-0.0341287$ & $0.00130007$ & $-0.0602434$ & $-0.07179$ & $0.113384$ & $-0.0875993$ & $0.0229703$ & $0.0177925$ & $-0.0391693$ & $-0.0238901$ & $0.0176823$ & $-0.0180127$ & $0.0345221$ & $0.0204503$ & $0.0354253$ & $-0.0155901$ & $-0.0408303$ & $-0.00575569$ & $-0.0497095$ & $-0.0184486$ & $-0.00973812$ & $-0.0575009$ \\
CHL3_33 & $-0.0162084$ & $0.0279306$ & $-0.000417309$ & $-0.0335422$ & $0.00916709$ & $-0.0303084$ & $0.108846$ & $-0.431759$ & $-0.441629$ & $0.50211$ & $0.065006$ & $0.253005$ & $-0.38939$ & $0.62779$ & $-0.014616$ & $-0.422356$ & $0.738577$ & $0.687404$ & $1$ & $-0.0665594$ & $-0.0589972$ & $-0.0502456$ & $0.0286593$ & $0.622056$ & $0.812927$ & $0.0217549$ & $0.014199$ & $-0.0455647$ & $0.012529$ & $-0.0819444$ & $-0.0655525$ & $0.106276$ & $-0.0860865$ & $-0.351017$ & $0.000985225$ & $-0.0660539$ & $-0.00691426$ & $0.0393948$ & $0.0194637$ & $0.0136188$ & $0.0415853$ & $-0.00582981$ & $-0.0145307$ & $-0.0299594$ & $-0.00660129$ & $-0.00386489$ & $-0.0623498$ & $0.00743918$ & $-0.0325774$ \\
CHe_11 & $0.043295$ & $-0.0173341$ & $0.0183111$ & $-0.0368982$ & $-0.0173175$ & $-0.216319$ & $-0.0844944$ & $0.852356$ & $0.82973$ & $-0.331372$ & $-0.990307$ & $-0.306628$ & $0.183965$ & $0.508819$ & $0.47269$ & $0.472304$ & $0.246533$ & $-0.0761984$ & $-0.0665594$ & $1$ & $0.972898$ & $0.95475$ & $-0.0239595$ & $-0.289373$ & $-0.0461545$ & $-0.551838$ & $0.204311$ & $0.303809$ & $0.0232671$ & $0.0602485$ & $0.0275203$ & $-0.0837846$ & $0.115671$ & $0.306982$ & $-0.00335107$ & $-0.0159015$ & $0.00923809$ & $0.0111435$ & $0.0360482$ & $0.0344749$ & $0.0620386$ & $-0.0293012$ & $0.0128203$ & $-0.043893$ & $0.0448481$ & $-0.0343501$ & $0.00324439$ & $-0.0015195$ & $0.0623517$ \\
CHe_22 & $0.0440581$ & $-0.00890612$ & $0.00548861$ & $-0.0487663$ & $-0.016041$ & $-0.216355$ & $-0.0890726$ & $0.897229$ & $0.872792$ & $-0.3597$ & $-0.991206$ & $-0.338027$ & $0.201794$ & $0.455111$ & $0.317453$ & $0.323909$ & $0.189024$ & $-0.0615771$ & $-0.0589972$ & $0.972898$ & $1$ & $0.976095$ & $0.0378405$ & $-0.396094$ & $-0.0592205$ & $-0.566138$ & $0.361335$ & $0.316717$ & $0.0259016$ & $0.067039$ & $0.0140862$ & $-0.0854341$ & $0.129842$ & $0.472341$ & $0.00216925$ & $-0.00496771$ & $0.0049817$ & $0.00467095$ & $0.033859$ & $0.0315571$ & $0.0568505$ & $-0.0382732$ & $0.00712891$ & $-0.0430666$ & $0.0562623$ & $-0.0448368$ & $0.00122697$ & $0.00229054$ & $0.0781447$ \\
CHe_33 & $0.0461392$ & $-0.0169888$ & $0.0197015$ & $-0.0488012$ & $-0.0207751$ & $-0.205957$ & $-0.0920978$ & $0.878194$ & $0.854311$ & $-0.362247$ & $-0.971501$ & $-0.338007$ & $0.199054$ & $0.452197$ & $0.310932$ & $0.339803$ & $0.182117$ & $-0.0551298$ & $-0.0502456$ & $0.95475$ & $0.976095$ & $1$ & $0.0387324$ & $-0.378926$ & $-0.052173$ & $-0.551484$ & $0.358824$ & $0.317157$ & $0.019592$ & $0.0714895$ & $0.0154361$ & $-0.088282$ & $0.129832$ & $0.460926$ & $-0.00465654$ & $0.00050392$ & $0.0120469$ & $0.00431333$ & $0.0317246$ & $0.0366554$ & $0.0545745$ & $-0.0363079$ & $0.0163635$ & $-0.0408521$ & $0.046047$ & $-0.0355435$ & $0.00849787$ & $0.00924004$ & $0.0753659$ \\
CHQ1_11 & $0.00673642$ & $0.010678$ & $0.0150779$ & $-0.0534115$ & $0.0265065$ & $-0.0182198$ & $-0.0133475$ & $0.0642795$ & $0.0635448$ & $-0.0145667$ & $-0.00608834$ & $-0.00617314$ & $0.0258832$ & $-0.0707992$ & $-0.172419$ & $-0.218513$ & $-0.0874544$ & $-0.00304977$ & $0.0286593$ & $-0.0239595$ & $0.0378405$ & $0.0387324$ & $1$ & $-0.149943$ & $0.0699266$ & $-0.666149$ & $0.351486$ & $0.0146591$ & $0.0374017$ & $0.0242484$ & $0.00513718$ & $-0.000611873$ & $0.00582689$ & $0.189727$ & $0.00926407$ & $-0.0414706$ & $-0.00442941$ & $-0.0572915$ & $-0.00335429$ & $0.0384016$ & $0.00987779$ & $0.0100003$ & $0.0119189$ & $0.0218631$ & $0.039664$ & $-0.0149858$ & $0.0443391$ & $0.033053$ & $-0.0266962$ \\
CHQ1_33 & $-0.0847423$ & $0.0384288$ & $0.00565836$ & $0.0302048$ & $0.0228371$ & $0.0394137$ & $0.144393$ & $-0.694019$ & $-0.685677$ & $0.561513$ & $0.344197$ & $0.35626$ & $-0.394353$ & $0.458492$ & $0.130804$ & $0.0945981$ & $0.660369$ & $0.598105$ & $0.622056$ & $-0.289373$ & $-0.396094$ & $-0.378926$ & $-0.149943$ & $1$ & $0.658073$ & $0.220035$ & $-0.414597$ & $-0.0630809$ & $-0.0192597$ & $-0.0862478$ & $-0.0367537$ & $0.136621$ & $-0.136094$ & $-0.658932$ & $0.0254668$ & $-0.0552878$ & $-0.0136492$ & $0.04275$ & $-0.00378071$ & $0.0364194$ & $0.0200589$ & $0.0454155$ & $-0.00135671$ & $0.00061948$ & $-0.0594126$ & $-0.00109427$ & $-0.0244917$ & $-0.0308388$ & $-0.090418$ \\
CHQ3_11 & $-0.11902$ & $0.0658327$ & $0.0354562$ & $-0.0417658$ & $-0.00918266$ & $-0.0701846$ & $0.137374$ & $-0.432431$ & $-0.437447$ & $0.496452$ & $0.0555145$ & $0.259375$ & $-0.385687$ & $0.619364$ & $-0.101223$ & $-0.145861$ & $0.766785$ & $0.789112$ & $0.812927$ & $-0.0461545$ & $-0.0592205$ & $-0.052173$ & $0.0699266$ & $0.658073$ & $1$ & $0.0451932$ & $0.188777$ & $-0.0403841$ & $0.0238864$ & $-0.0667552$ & $-0.0534515$ & $0.137433$ & $-0.0965395$ & $-0.253305$ & $-0.0110733$ & $-0.0767999$ & $0.00201431$ & $0.0183809$ & $0.0147675$ & $0.026266$ & $0.0234155$ & $0.0562044$ & $-0.00942239$ & $-0.0161717$ & $-0.0147303$ & $0.00111123$ & $-0.0124755$ & $-0.0358516$ & $-0.06564$ \\
CHu_11 & $-0.0752107$ & $0.0163136$ & $-0.00781$ & $0.0456634$ & $-0.0101342$ & $0.156486$ & $0.0516844$ & $-0.504777$ & $-0.490191$ & $0.192021$ & $0.562941$ & $0.176431$ & $-0.10601$ & $-0.260089$ & $-0.202376$ & $-0.176683$ & $-0.119778$ & $0.0428479$ & $0.0217549$ & $-0.551838$ & $-0.566138$ & $-0.551484$ & $-0.666149$ & $0.220035$ & $0.0451932$ & $1$ & $-0.149875$ & $-0.194637$ & $-0.0269089$ & $-0.0321961$ & $-0.0153581$ & $0.0490924$ & $-0.0623531$ & $-0.246675$ & $-0.00285969$ & $0.0362618$ & $-0.0291199$ & $0.0199583$ & $0.00519845$ & $-0.0414354$ & $-0.0599093$ & $0.0340015$ & $-0.00378222$ & $0.0169609$ & $-0.0455654$ & $0.0258942$ & $-0.0117149$ & $-0.0527067$ & $-0.0117496$ \\
CHd_11 & $0.000170154$ & $0.0560343$ & $0.0302173$ & $-0.0965887$ & $-0.0107499$ & $-0.0494168$ & $-0.0153267$ & $0.406838$ & $0.398843$ & $-0.20635$ & $-0.279932$ & $-0.180121$ & $0.143292$ & $-0.0779043$ & $-0.414287$ & $-0.418007$ & $-0.175321$ & $0.0139462$ & $0.014199$ & $0.204311$ & $0.361335$ & $0.358824$ & $0.351486$ & $-0.414597$ & $0.188777$ & $-0.149875$ & $1$ & $0.124242$ & $0.0570529$ & $0.0720969$ & $-0.015659$ & $0.000283884$ & $0.0866281$ & $0.670495$ & $0.0128687$ & $0.00135593$ & $-0.0259486$ & $-0.0303799$ & $0.00522709$ & $0.0112181$ & $0.0213442$ & $-0.00580038$ & $0.00749046$ & $-0.0198384$ & $0.0587427$ & $-0.0167169$ & $0.0321088$ & $-0.0276004$ & $0.0558438$ \\
CHd_33 & $-0.00923251$ & $0.0119809$ & $-0.0389973$ & $-0.010446$ & $-0.0232702$ & $-0.000364551$ & $-0.0913754$ & $0.299815$ & $0.284711$ & $-0.175079$ & $-0.311721$ & $-0.157574$ & $0.0939667$ & $0.10877$ & $0.0686343$ & $0.0843745$ & $0.0222347$ & $-0.0341287$ & $-0.0455647$ & $0.303809$ & $0.316717$ & $0.317157$ & $0.0146591$ & $-0.0630809$ & $-0.0403841$ & $-0.194637$ & $0.124242$ & $1$ & $-0.0184075$ & $0.0341634$ & $-0.032633$ & $-0.0926209$ & $0.0457628$ & $0.188542$ & $0.00421341$ & $0.0183365$ & $-0.014664$ & $-0.0320111$ & $-0.0182579$ & $-0.0308644$ & $0.0155954$ & $-0.00562801$ & $-0.0164625$ & $-0.0133863$ & $-0.045747$ & $-0.0309244$ & $-0.00771254$ & $0.0365455$ & $0.00905201$ \\
CeH_22r & $0.00530395$ & $-0.0163807$ & $0.00947084$ & $-0.0147344$ & $0.0389061$ & $0.000296742$ & $0.0255511$ & $0.0243875$ & $0.035443$ & $0.0068926$ & $-0.0230009$ & $0.0200727$ & $0.0309814$ & $0.0075585$ & $-0.00852119$ & $-0.018365$ & $-0.0029199$ & $0.00130007$ & $0.012529$ & $0.0232671$ & $0.0259016$ & $0.019592$ & $0.0374017$ & $-0.0192597$ & $0.0238864$ & $-0.0269089$ & $0.0570529$ & $-0.0184075$ & $1$ & $0.0553415$ & $0.0398553$ & $0.010543$ & $0.033288$ & $0.0207556$ & $0.0314441$ & $-0.0603155$ & $0.0157282$ & $0.00888607$ & $-0.0110112$ & $0.0166154$ & $0.0531251$ & $-0.0281025$ & $0.0365509$ & $0.000461302$ & $-0.00825754$ & $-0.0290484$ & $0.0195337$ & $-0.0280313$ & $-0.00181203$ \\
CeH_33r & $0.0106139$ & $0.0359396$ & $-0.0115938$ & $-0.00611111$ & $-0.0120379$ & $-0.00310856$ & $-0.118429$ & $0.0972157$ & $0.114844$ & $-0.126844$ & $-0.0629091$ & $-0.0265061$ & $0.257726$ & $-0.0322213$ & $-0.0111897$ & $0.0168341$ & $-0.0748777$ & $-0.0602434$ & $-0.0819444$ & $0.0602485$ & $0.067039$ & $0.0714895$ & $0.0242484$ & $-0.0862478$ & $-0.0667552$ & $-0.0321961$ & $0.0720969$ & $0.0341634$ & $0.0553415$ & $1$ & $0.24877$ & $0.0220143$ & $0.621217$ & $0.0862617$ & $-0.102264$ & $-0.0147897$ & $-0.138366$ & $-0.0461483$ & $-0.0514338$ & $-0.00172487$ & $0.0103364$ & $-0.0253406$ & $-0.0284485$ & $-0.00586061$ & $0.108369$ & $-0.0260566$ & $0.0114811$ & $0.00588389$ & $0.0295218$ \\
CuH_22r & $0.0532265$ & $-0.0134129$ & $0.0363026$ & $0.0271221$ & $0.00313584$ & $0.0351754$ & $-0.0849748$ & $0.0355734$ & $0.0410849$ & $-0.0612194$ & $-0.0193925$ & $-0.0698149$ & $0.125304$ & $-0.0431562$ & $0.0600607$ & $0.0635999$ & $-0.0298113$ & $-0.07179$ & $-0.0655525$ & $0.0275203$ & $0.0140862$ & $0.0154361$ & $0.00513718$ & $-0.0367537$ & $-0.0534515$ & $-0.0153581$ & $-0.015659$ & $-0.032633$ & $0.0398553$ & $0.24877$ & $1$ & $-0.0170222$ & $0.275108$ & $-0.0160951$ & $-0.0412484$ & $-0.0319135$ & $-0.0862665$ & $-0.0310971$ & $-0.000503219$ & $0.00132099$ & $-0.0106681$ & $0.0091653$ & $-0.00264589$ & $-0.0154294$ & $0.00191776$ & $0.103113$ & $0.451622$ & $1.48201e-05$ & $0.0192492$ \\
CuH_33r & $-0.0290578$ & $-0.00388801$ & $0.0180793$ & $0.0181631$ & $0.00588346$ & $0.00890148$ & $0.929914$ & $-0.126613$ & $-0.0860068$ & $0.137676$ & $0.0836615$ & $0.253332$ & $-0.260026$ & $0.0569156$ & $-0.0383567$ & $-0.0377787$ & $0.088862$ & $0.113384$ & $0.106276$ & $-0.0837846$ & $-0.0854341$ & $-0.088282$ & $-0.000611873$ & $0.136621$ & $0.137433$ & $0.0490924$ & $0.000283884$ & $-0.0926209$ & $0.010543$ & $0.0220143$ & $-0.0170222$ & $1$ & $0.00970436$ & $-0.0689632$ & $0.0714486$ & $0.0420302$ & $0.00944631$ & $0.0236345$ & $-0.0139284$ & $0.0343214$ & $0.0030773$ & $-0.014275$ & $-0.00784951$ & $-0.014377$ & $-0.0433262$ & $-0.0271503$ & $-0.0602523$ & $-0.0188464$ & $-0.0318919$ \\
CdH_33r & $0.0226125$ & $0.0204172$ & $-0.000448211$ & $0.00229022$ & $-0.0309153$ & $-0.0180834$ & $-0.149416$ & $0.160789$ & $0.178512$ & $-0.16277$ & $-0.123234$ & $-0.082218$ & $0.329802$ & $-0.0298883$ & $0.0102171$ & $0.0184973$ & $-0.073112$ & $-0.0875993$ & $-0.0860865$ & $0.115671$ & $0.129842$ & $0.129832$ & $0.00582689$ & $-0.136094$ & $-0.0965395$ & $-0.0623531$ & $0.0866281$ & $0.0457628$ & $0.033288$ & $0.621217$ & $0.275108$ & $0.00970436$ & $1$ & $0.119799$ & $-0.0837811$ & $-0.0389126$ & $-0.208272$ & $-0.0443826$ & $-0.0831841$ & $0.010267$ & $-0.0130304$ & $-0.023706$ & $-0.00466309$ & $-0.0449486$ & $0.0321797$ & $-0.00935737$ & $0.0107641$ & $0.186985$ & $0.523482$ \\
CLL_1221 & $0.0505867$ & $0.0494579$ & $0.000839304$ & $-0.0780063$ & $-0.0383501$ & $-0.126802$ & $-0.0871978$ & $0.585015$ & $0.572147$ & $-0.367453$ & $-0.387055$ & $-0.304176$ & $0.257633$ & $-0.212789$ & $-0.595707$ & $-0.115752$ & $-0.278117$ & $0.0229703$ & $-0.351017$ & $0.306982$ & $0.472341$ & $0.460926$ & $0.189727$ & $-0.658932$ & $-0.253305$ & $-0.246675$ & $0.670495$ & $0.188542$ & $0.0207556$ & $0.0862617$ & $-0.0160951$ & $-0.0689632$ & $0.119799$ & $1$ & $0.0361456$ & $0.0519098$ & $-0.024251$ & $-0.041094$ & $-0.0307711$ & $0.0126702$ & $0.0108071$ & $-0.0324409$ & $-0.00383162$ & $-0.029397$ & $0.0572762$ & $-0.0704721$ & $0.0320978$ & $0.00458522$ & $0.0791407$ \\
eHggint & $-0.0151341$ & $0.0280337$ & $0.0415266$ & $0.0240774$ & $0.00925503$ & $0.0453487$ & $-0.00938335$ & $-0.00233193$ & $-0.0274514$ & $0.091362$ & $0.0050235$ & $0.0981561$ & $0.0204405$ & $-0.0262755$ & $-0.033185$ & $-0.00322415$ & $0.0116188$ & $0.0177925$ & $0.000985225$ & $-0.00335107$ & $0.00216925$ & $-0.00465654$ & $0.00926407$ & $0.0254668$ & $-0.0110733$ & $-0.00285969$ & $0.0128687$ & $0.00421341$ & $0.0314441$ & $-0.102264$ & $-0.0412484$ & $0.0714486$ & $-0.0837811$ & $0.0361456$ & $1$ & $-0.0540475$ & $-0.0303818$ & $0.0318207$ & $-0.0471231$ & $0.011916$ & $0.0384899$ & $-0.0354188$ & $0.0209632$ & $0.00552319$ & $-0.0234294$ & $-0.0376656$ & $0.0335648$ & $0.0175798$ & $-0.0456891$ \\
eHggpar & $-0.0135333$ & $0.0133314$ & $0.0137965$ & $0.0137736$ & $-0.00656061$ & $0.0409002$ & $-0.0123276$ & $0.0261868$ & $0.0160346$ & $-0.0162351$ & $0.00961519$ & $0.00777024$ & $0.037821$ & $-0.0476318$ & $-0.0393437$ & $-0.0152815$ & $-0.0755708$ & $-0.0391693$ & $-0.0660539$ & $-0.0159015$ & $-0.00496771$ & $0.00050392$ & $-0.0414706$ & $-0.0552878$ & $-0.0767999$ & $0.0362618$ & $0.00135593$ & $0.0183365$ & $-0.0603155$ & $-0.0147897$ & $-0.0319135$ & $0.0420302$ & $-0.0389126$ & $0.0519098$ & $-0.0540475$ & $1$ & $0.127195$ & $-0.0213747$ & $0.084161$ & $0.0285033$ & $-0.0773902$ & $-0.0480946$ & $-0.0402079$ & $-0.0191454$ & $0.0344844$ & $0.0658498$ & $-0.0219039$ & $0.0232786$ & $-0.0164884$ \\
eHWWint & $-0.0302586$ & $0.0198117$ & $0.0291321$ & $-0.046922$ & $-0.000527636$ & $-0.0399622$ & $0.0296634$ & $0.00655381$ & $-0.0123371$ & $-0.0211871$ & $-0.00838847$ & $0.011678$ & $-0.027379$ & $0.00775292$ & $0.0427108$ & $0.0251614$ & $0.00721113$ & $-0.0238901$ & $-0.00691426$ & $0.00923809$ & $0.0049817$ & $0.0120469$ & $-0.00442941$ & $-0.0136492$ & $0.00201431$ & $-0.0291199$ & $-0.0259486$ & $-0.014664$ & $0.0157282$ & $-0.138366$ & $-0.0862665$ & $0.00944631$ & $-0.208272$ & $-0.024251$ & $-0.0303818$ & $0.127195$ & $1$ & $-0.0126645$ & $0.0704094$ & $0.00808894$ & $0.0244041$ & $-0.0495993$ & $-0.0194683$ & $0.00863001$ & $0.0481654$ & $0.0595577$ & $0.0147225$ & $-0.0249822$ & $-0.0384111$ \\
eHWWpar & $-0.00157744$ & $-0.0332992$ & $-0.0161316$ & $-0.00621951$ & $0.0240339$ & $0.0152295$ & $0.0281947$ & $-0.0107409$ & $-0.017686$ & $0.00135061$ & $-0.00830639$ & $0.00706784$ & $-0.0276034$ & $0.0435432$ & $0.0304926$ & $0.00331247$ & $0.025895$ & $0.0176823$ & $0.0393948$ & $0.0111435$ & $0.00467095$ & $0.00431333$ & $-0.0572915$ & $0.04275$ & $0.0183809$ & $0.0199583$ & $-0.0303799$ & $-0.0320111$ & $0.00888607$ & $-0.0461483$ & $-0.0310971$ & $0.0236345$ & $-0.0443826$ & $-0.041094$ & $0.0318207$ & $-0.0213747$ & $-0.0126645$ & $1$ & $0.00467295$ & $0.00258641$ & $0.026255$ & $-0.0231696$ & $-0.0075252$ & $0.0287148$ & $0.00064668$ & $0.00430446$ & $-0.00638879$ & $-0.0948405$ & $0.0139173$ \\
eHZZint & $-0.0386725$ & $-0.0264042$ & $0.021198$ & $-0.0492751$ & $0.0205357$ & $0.0201263$ & $-0.0252808$ & $0.0270256$ & $0.0203369$ & $-0.0525395$ & $-0.0367207$ & $-0.0599007$ & $-0.0174235$ & $0.0490046$ & $0.054612$ & $0.00587934$ & $0.00955851$ & $-0.0180127$ & $0.0194637$ & $0.0360482$ & $0.033859$ & $0.0317246$ & $-0.00335429$ & $-0.00378071$ & $0.0147675$ & $0.00519845$ & $0.00522709$ & $-0.0182579$ & $-0.0110112$ & $-0.0514338$ & $-0.000503219$ & $-0.0139284$ & $-0.0831841$ & $-0.0307711$ & $-0.0471231$ & $0.084161$ & $0.0704094$ & $0.00467295$ & $1$ & $0.0183867$ & $0.00343136$ & $-0.0374092$ & $0.0173035$ & $0.0147321$ & $0.0302737$ & $0.0114441$ & $0.0435128$ & $-0.0284497$ & $-0.0249064$ \\
eHZZpar & $0.0105831$ & $0.056212$ & $0.0360477$ & $0.000973027$ & $-0.0060175$ & $-0.0293994$ & $0.0250473$ & $0.00970104$ & $0.00581226$ & $0.00509716$ & $-0.0302789$ & $0.018709$ & $-0.020963$ & $0.0263017$ & $0.00671431$ & $0.0376049$ & $0.0474479$ & $0.0345221$ & $0.0136188$ & $0.0344749$ & $0.0315571$ & $0.0366554$ & $0.0384016$ & $0.0364194$ & $0.026266$ & $-0.0414354$ & $0.0112181$ & $-0.0308644$ & $0.0166154$ & $-0.00172487$ & $0.00132099$ & $0.0343214$ & $0.010267$ & $0.0126702$ & $0.011916$ & $0.0285033$ & $0.00808894$ & $0.00258641$ & $0.0183867$ & $1$ & $0.00944291$ & $-0.0090662$ & $0.0101717$ & $0.0580849$ & $0.0291696$ & $0.0131603$ & $-0.00112465$ & $-0.023189$ & $0.0345966$ \\
eHZgaint & $0.041052$ & $0.0198437$ & $0.0475434$ & $-0.0635055$ & $0.00782691$ & $-0.00120827$ & $-0.00446752$ & $0.0358576$ & $0.0236598$ & $-0.0697286$ & $-0.0567932$ & $-0.0337643$ & $-0.0306846$ & $0.0399257$ & $0.0243803$ & $0.00221838$ & $0.0441962$ & $0.0204503$ & $0.0415853$ & $0.0620386$ & $0.0568505$ & $0.0545745$ & $0.00987779$ & $0.0200589$ & $0.0234155$ & $-0.0599093$ & $0.0213442$ & $0.0155954$ & $0.0531251$ & $0.0103364$ & $-0.0106681$ & $0.0030773$ & $-0.0130304$ & $0.0108071$ & $0.0384899$ & $-0.0773902$ & $0.0244041$ & $0.026255$ & $0.00343136$ & $0.00944291$ & $1$ & $0.0112195$ & $0.0138306$ & $-0.0269435$ & $-0.00143027$ & $-0.0455662$ & $-0.0491685$ & $-0.0227607$ & $0.0266081$ \\
eHZgapar & $-0.00877404$ & $0.0213817$ & $0.0216598$ & $0.0383766$ & $0.000436236$ & $-0.041811$ & $0.00564214$ & $-0.0495507$ & $-0.042942$ & $0.0302954$ & $0.0333214$ & $0.0327872$ & $-0.0478176$ & $0.00988753$ & $-0.000539209$ & $0.0508477$ & $0.0329061$ & $0.0354253$ & $-0.00582981$ & $-0.0293012$ & $-0.0382732$ & $-0.0363079$ & $0.0100003$ & $0.0454155$ & $0.0562044$ & $0.0340015$ & $-0.00580038$ & $-0.00562801$ & $-0.0281025$ & $-0.0253406$ & $0.0091653$ & $-0.014275$ & $-0.023706$ & $-0.0324409$ & $-0.0354188$ & $-0.0480946$ & $-0.0495993$ & $-0.0231696$ & $-0.0374092$ & $-0.0090662$ & $0.0112195$ & $1$ & $0.00279359$ & $0.0244337$ & $-0.00616682$ & $-0.000813672$ & $0.0135996$ & $0.00455231$ & $0.00242187$ \\
eHgagaint & $0.0331577$ & $-0.0635623$ & $0.0302614$ & $0.0200596$ & $0.00879286$ & $0.0205826$ & $-0.00365335$ & $0.0132128$ & $0.0852075$ & $-0.0418801$ & $-0.0103636$ & $-0.0217452$ & $-0.0126035$ & $-0.0193588$ & $0.0178281$ & $0.0139107$ & $0.00124392$ & $-0.0155901$ & $-0.0145307$ & $0.0128203$ & $0.00712891$ & $0.0163635$ & $0.0119189$ & $-0.00135671$ & $-0.00942239$ & $-0.00378222$ & $0.00749046$ & $-0.0164625$ & $0.0365509$ & $-0.0284485$ & $-0.00264589$ & $-0.00784951$ & $-0.00466309$ & $-0.00383162$ & $0.0209632$ & $-0.0402079$ & $-0.0194683$ & $-0.0075252$ & $0.0173035$ & $0.0101717$ & $0.0138306$ & $0.00279359$ & $1$ & $-0.00171558$ & $-0.0023722$ & $-0.029969$ & $0.0120911$ & $-0.0199848$ & $0.0104245$ \\
eHmumuint & $-0.0532597$ & $0.0420127$ & $-0.0270541$ & $-0.0266659$ & $0.0418151$ & $0.0402297$ & $0.0029639$ & $-0.0266163$ & $-0.0277782$ & $0.00190143$ & $0.04007$ & $0.0267415$ & $-0.0302214$ & $-0.0357475$ & $0.0231062$ & $0.00760485$ & $-0.0172428$ & $-0.0408303$ & $-0.0299594$ & $-0.043893$ & $-0.0430666$ & $-0.0408521$ & $0.0218631$ & $0.00061948$ & $-0.0161717$ & $0.0169609$ & $-0.0198384$ & $-0.0133863$ & $0.000461302$ & $-0.00586061$ & $-0.0154294$ & $-0.014377$ & $-0.0449486$ & $-0.029397$ & $0.00552319$ & $-0.0191454$ & $0.00863001$ & $0.0287148$ & $0.0147321$ & $0.0580849$ & $-0.0269435$ & $0.0244337$ & $-0.00171558$ & $1$ & $0.000439068$ & $0.0192617$ & $-0.0467612$ & $-0.0140445$ & $-0.0307457$ \\
eHtautauint & $0.0709044$ & $0.0370927$ & $-0.0137996$ & $0.0220102$ & $0.00772417$ & $-0.0249196$ & $-0.0401284$ & $0.0566914$ & $0.0573042$ & $-0.0308681$ & $-0.0512016$ & $-0.0277818$ & $0.0257872$ & $0.0135903$ & $-0.0139115$ & $-0.019846$ & $-0.0131816$ & $-0.00575569$ & $-0.00660129$ & $0.0448481$ & $0.0562623$ & $0.046047$ & $0.039664$ & $-0.0594126$ & $-0.0147303$ & $-0.0455654$ & $0.0587427$ & $-0.045747$ & $-0.00825754$ & $0.108369$ & $0.00191776$ & $-0.0433262$ & $0.0321797$ & $0.0572762$ & $-0.0234294$ & $0.0344844$ & $0.0481654$ & $0.00064668$ & $0.0302737$ & $0.0291696$ & $-0.00143027$ & $-0.00616682$ & $-0.0023722$ & $0.000439068$ & $1$ & $-0.0636414$ & $0.0458085$ & $0.000131524$ & $0.0415005$ \\
eHccint & $0.0197683$ & $-0.013663$ & $-0.0324775$ & $-0.0106611$ & $0.0148439$ & $0.0117487$ & $-0.0245073$ & $-0.0295251$ & $-0.0371083$ & $0.0398605$ & $0.0392158$ & $0.00990611$ & $0.0134197$ & $-0.0173829$ & $0.0480266$ & $-0.00801881$ & $-0.0358872$ & $-0.0497095$ & $-0.00386489$ & $-0.0343501$ & $-0.0448368$ & $-0.0355435$ & $-0.0149858$ & $-0.00109427$ & $0.00111123$ & $0.0258942$ & $-0.0167169$ & $-0.0309244$ & $-0.0290484$ & $-0.0260566$ & $0.103113$ & $-0.0271503$ & $-0.00935737$ & $-0.0704721$ & $-0.0376656$ & $0.0658498$ & $0.0595577$ & $0.00430446$ & $0.0114441$ & $0.0131603$ & $-0.0455662$ & $-0.000813672$ & $-0.029969$ & $0.0192617$ & $-0.0636414$ & $1$ & $0.0171128$ & $-0.0524703$ & $0.0698446$ \\
eHccpar & $-0.0219021$ & $-0.0518228$ & $-0.0113443$ & $0.00035718$ & $0.0066005$ & $0.0192378$ & $-0.0705635$ & $0.0192001$ & $0.0179679$ & $-0.04301$ & $-0.00148246$ & $-0.0425598$ & $0.0306496$ & $-0.0442099$ & $-0.014969$ & $0.0495384$ & $-0.0256721$ & $-0.0184486$ & $-0.0623498$ & $0.00324439$ & $0.00122697$ & $0.00849787$ & $0.0443391$ & $-0.0244917$ & $-0.0124755$ & $-0.0117149$ & $0.0321088$ & $-0.00771254$ & $0.0195337$ & $0.0114811$ & $0.451622$ & $-0.0602523$ & $0.0107641$ & $0.0320978$ & $0.0335648$ & $-0.0219039$ & $0.0147225$ & $-0.00638879$ & $0.0435128$ & $-0.00112465$ & $-0.0491685$ & $0.0135996$ & $0.0120911$ & $-0.0467612$ & $0.0458085$ & $0.0171128$ & $1$ & $0.0369228$ & $0.0152097$ \\
eHbbint & $0.0396301$ & $0.0160131$ & $0.030278$ & $0.0292389$ & $0.0221422$ & $0.0203429$ & $-0.030799$ & $0.00563198$ & $0.00302673$ & $-0.00727697$ & $0.000450131$ & $0.00517505$ & $0.00664877$ & $-0.00394745$ & $-0.00985923$ & $-0.0238645$ & $-0.0222305$ & $-0.00973812$ & $0.00743918$ & $-0.0015195$ & $0.00229054$ & $0.00924004$ & $0.033053$ & $-0.0308388$ & $-0.0358516$ & $-0.0527067$ & $-0.0276004$ & $0.0365455$ & $-0.0280313$ & $0.00588389$ & $1.48201e-05$ & $-0.0188464$ & $0.186985$ & $0.00458522$ & $0.0175798$ & $0.0232786$ & $-0.0249822$ & $-0.0948405$ & $-0.0284497$ & $-0.023189$ & $-0.0227607$ & $0.00455231$ & $-0.0199848$ & $-0.0140445$ & $0.000131524$ & $-0.0524703$ & $0.0369228$ & $1$ & $0.0303812$ \\
eHbbpar & $-0.00546783$ & $-0.024066$ & $0.00272659$ & $-0.0557019$ & $-0.00401799$ & $-0.0236211$ & $-0.0171977$ & $0.0987101$ & $0.0983638$ & $-0.0932897$ & $-0.0731218$ & $-0.0963857$ & $0.0679634$ & $-0.0352558$ & $-0.000856775$ & $-0.0301356$ & $-0.0374423$ & $-0.0575009$ & $-0.0325774$ & $0.0623517$ & $0.0781447$ & $0.0753659$ & $-0.0266962$ & $-0.090418$ & $-0.06564$ & $-0.0117496$ & $0.0558438$ & $0.00905201$ & $-0.00181203$ & $0.0295218$ & $0.0192492$ & $-0.0318919$ & $0.523482$ & $0.0791407$ & $-0.0456891$ & $-0.0164884$ & $-0.0384111$ & $0.0139173$ & $-0.0249064$ & $0.0345966$ & $0.0266081$ & $0.00242187$ & $0.0104245$ & $-0.0307457$ & $0.0415005$ & $0.0698446$ & $0.0152097$ & $0.0303812$ & $1$ \\
