 & AlsMz & dAle5Mz & mtop & mHl & Mz & CW & CHG & CHWB & CHWHB_gaga & CHWHB_gagaorth & CHD & CHbox & CH & CHL1_11 & CHL1_22 & CHL1_33 & CHL3_11 & CHL3_22 & CHL3_33 & CHe_11 & CHe_22 & CHe_33 & CHQ1_11 & CHQ1_33 & CHQ3_11 & CHu_11 & CHd_11 & CHd_33 & CeH_22r & CeH_33r & CuH_22r & CuH_33r & CdH_33r & CLL_1221 & eHggint & eHggpar & eHWWint & eHWWpar & eHZZint & eHZZpar & eHZgaint & eHZgapar & eHgagaint & eHmumuint & eHtautauint & eHccint & eHccpar & eHbbint & eHbbpar \\
AlsMz & $1$ & $0.0377601$ & $-0.112089$ & $0.0176953$ & $0.0135002$ & $0.0140523$ & $-0.00188177$ & $-0.012109$ & $-0.0134456$ & $0.0439624$ & $-0.00146063$ & $0.0409956$ & $0.0117414$ & $-0.00528207$ & $0.00520853$ & $-0.00337854$ & $0.00862756$ & $0.00364516$ & $0.00504827$ & $-0.00631035$ & $-0.00978601$ & $-0.0137527$ & $-0.015508$ & $-0.0652222$ & $-0.137688$ & $-0.0290599$ & $-0.0532335$ & $-0.00534854$ & $-0.00141359$ & $-0.0119021$ & $-0.0698433$ & $0.00287395$ & $-0.00530077$ & $-0.00872809$ & $0.0903531$ & $-0.0265695$ & $0.0839104$ & $-0.0096394$ & $-0.104107$ & $0.0119693$ & $-0.0511396$ & $0.00209344$ & $-0.00564451$ & $0.114668$ & $0.0866825$ & $-0.00807103$ & $-0.14256$ & $0.0828436$ & $0.000511794$ \\
dAle5Mz & $0.0377601$ & $1$ & $-0.010252$ & $0.0668963$ & $-0.00818114$ & $0.00299035$ & $0.0015155$ & $-0.0977384$ & $-0.0978291$ & $0.0552112$ & $0.0753056$ & $0.0244345$ & $-0.00935819$ & $-0.0297278$ & $-0.0181468$ & $-0.0336634$ & $0.0320757$ & $0.0212126$ & $0.0353655$ & $-0.0505593$ & $-0.0496318$ & $-0.0469958$ & $-0.00736721$ & $0.0283694$ & $0.02198$ & $0.0316937$ & $-0.0158163$ & $-0.00411559$ & $0.0113698$ & $0.0109313$ & $0.0201963$ & $0.00178142$ & $0.00216992$ & $0.00517856$ & $-0.090202$ & $0.0626577$ & $-0.0229438$ & $-0.032044$ & $-0.0117463$ & $0.0112928$ & $0.0869861$ & $-0.00155697$ & $-0.0389438$ & $0.0139784$ & $0.00846225$ & $-0.0106914$ & $-0.0045908$ & $-0.0210013$ & $-0.0211356$ \\
mtop & $-0.112089$ & $-0.010252$ & $1$ & $0.0406914$ & $-0.00919789$ & $0.00166083$ & $0.0113348$ & $-0.00478345$ & $-0.0072464$ & $-0.018926$ & $0.0227154$ & $-0.0158551$ & $-0.000984828$ & $-0.0178512$ & $-0.0278603$ & $-0.00973662$ & $-0.00948488$ & $0.00322129$ & $-0.0103488$ & $-0.0153236$ & $-0.00967507$ & $-0.0110839$ & $0.00224019$ & $0.00537048$ & $-0.00380002$ & $0.00692712$ & $-0.000144859$ & $-0.0204419$ & $0.0109473$ & $-0.00967265$ & $0.016181$ & $0.011961$ & $-0.0185796$ & $0.0223432$ & $0.0063013$ & $0.0211325$ & $-0.0703008$ & $-0.0037671$ & $0.0838645$ & $-0.0164733$ & $0.0816093$ & $-0.0108292$ & $-0.0317575$ & $0.0106303$ & $-0.0186843$ & $0.000137049$ & $0.0497951$ & $-0.0334569$ & $-0.0413491$ \\
mHl & $0.0176953$ & $0.0668963$ & $0.0406914$ & $1$ & $0.00110017$ & $-0.0205581$ & $0.0381617$ & $0.0285995$ & $0.032885$ & $-0.0277432$ & $-0.0176905$ & $-0.00410455$ & $0.028011$ & $-0.0169979$ & $-0.0139383$ & $-0.0143245$ & $-0.0135718$ & $-0.0148579$ & $-0.0136676$ & $0.0141025$ & $0.0224191$ & $0.0232997$ & $0.0103523$ & $-0.0336043$ & $-0.0217441$ & $-0.00417582$ & $0.0329717$ & $-0.00894476$ & $-0.000275029$ & $-0.0191557$ & $-0.00998028$ & $0.0177334$ & $-0.01758$ & $0.042371$ & $0.0121635$ & $-0.115169$ & $0.00812137$ & $-0.031699$ & $0.00523351$ & $-0.0106621$ & $0.0152477$ & $-0.0178902$ & $-0.0203932$ & $0.0150358$ & $-0.0285025$ & $0.099382$ & $-0.0254569$ & $-0.0573233$ & $0.000371883$ \\
Mz & $0.0135002$ & $-0.00818114$ & $-0.00919789$ & $0.00110017$ & $1$ & $0.0052382$ & $0.0142364$ & $-0.0121605$ & $-0.0116642$ & $-0.0124171$ & $0.0220652$ & $-0.0317521$ & $-0.0193113$ & $0.00185664$ & $-0.00629925$ & $-0.00752634$ & $-0.00897543$ & $3.86055e-05$ & $0.00317145$ & $-0.0148875$ & $-0.0123552$ & $-0.012682$ & $-0.00789057$ & $6.97045e-05$ & $-0.000278272$ & $0.012034$ & $-0.00213705$ & $0.00189062$ & $0.00256701$ & $-0.00945414$ & $-0.0051188$ & $0.0123359$ & $-0.00441091$ & $-0.0106606$ & $0.00161743$ & $0.00614314$ & $0.0344483$ & $-0.0109869$ & $-0.00412404$ & $0.0169249$ & $-0.00654946$ & $-0.0136396$ & $-0.0041348$ & $0.00389879$ & $-0.0108153$ & $0.00392955$ & $0.0094894$ & $0.0418419$ & $-0.00148771$ \\
CW & $0.0140523$ & $0.00299035$ & $0.00166083$ & $-0.0205581$ & $0.0052382$ & $1$ & $0.0309572$ & $-0.13327$ & $-0.128792$ & $0.0448248$ & $0.184549$ & $0.0643649$ & $0.00984427$ & $0.0313259$ & $-0.0834014$ & $-0.0706654$ & $-0.251865$ & $-0.0346234$ & $-0.0437714$ & $-0.183604$ & $-0.187841$ & $-0.184568$ & $-0.0081285$ & $0.0162083$ & $-0.0776244$ & $0.102003$ & $-0.0799455$ & $-0.0734717$ & $0.00266047$ & $-0.000480298$ & $-0.0024447$ & $0.0311195$ & $-0.0216687$ & $-0.12472$ & $0.00941722$ & $0.0191828$ & $0.0232185$ & $-0.00169565$ & $-0.00329005$ & $0.0138622$ & $0.0128215$ & $0.00165354$ & $-0.0169983$ & $-0.000699826$ & $-0.00414257$ & $-0.008273$ & $0.00938379$ & $-0.00968058$ & $-0.017632$ \\
CHG & $-0.00188177$ & $0.0015155$ & $0.0113348$ & $0.0381617$ & $0.0142364$ & $0.0309572$ & $1$ & $-0.0838612$ & $-0.0322327$ & $0.0403697$ & $0.0482234$ & $-0.177114$ & $-0.233471$ & $0.0512251$ & $-0.0163484$ & $-0.035613$ & $0.0710877$ & $0.0780009$ & $0.0962438$ & $-0.049322$ & $-0.0480555$ & $-0.0475267$ & $0.00466499$ & $0.0900268$ & $0.0910995$ & $0.0233549$ & $-0.0125334$ & $-0.0377273$ & $0.0250214$ & $-0.0974116$ & $-0.0464453$ & $0.936168$ & $-0.0984711$ & $-0.0547355$ & $-0.0412305$ & $-0.0031456$ & $0.0388154$ & $-0.0165396$ & $-0.0266262$ & $-0.027798$ & $-0.0216004$ & $0.0294236$ & $-0.0356452$ & $0.0373059$ & $0.00309092$ & $0.0132887$ & $0.024088$ & $0.00394076$ & $0.0419947$ \\
CHWB & $-0.012109$ & $-0.0977384$ & $-0.00478345$ & $0.0285995$ & $-0.0121605$ & $-0.13327$ & $-0.0838612$ & $1$ & $0.980908$ & $-0.582789$ & $-0.881068$ & $-0.00730894$ & $0.297688$ & $0.10295$ & $0.304761$ & $0.270736$ & $-0.207008$ & $-0.428403$ & $-0.405226$ & $0.850212$ & $0.898358$ & $0.88039$ & $0.0672128$ & $-0.663929$ & $-0.369215$ & $-0.508763$ & $0.439567$ & $0.302932$ & $0.0142744$ & $0.0740352$ & $0.034901$ & $-0.0814388$ & $0.0742417$ & $0.559182$ & $-0.011751$ & $-0.0167244$ & $-0.0158436$ & $0.00960606$ & $-0.00412207$ & $0.0151066$ & $0.00133785$ & $0.0142605$ & $0.0115159$ & $0.0106407$ & $0.00542598$ & $0.00413288$ & $-0.0123663$ & $-0.001384$ & $5.02357e-05$ \\
CHWHB_gaga & $-0.0134456$ & $-0.0978291$ & $-0.0072464$ & $0.032885$ & $-0.0116642$ & $-0.128792$ & $-0.0322327$ & $0.980908$ & $1$ & $-0.568062$ & $-0.861774$ & $0.00588918$ & $0.292762$ & $0.0966327$ & $0.295529$ & $0.261492$ & $-0.207809$ & $-0.422442$ & $-0.398864$ & $0.831285$ & $0.879355$ & $0.862439$ & $0.0641535$ & $-0.656527$ & $-0.364644$ & $-0.496049$ & $0.43264$ & $0.29779$ & $0.0229669$ & $0.0954606$ & $0.0451374$ & $-0.039414$ & $0.0987406$ & $0.551059$ & $-0.0312397$ & $-0.0267359$ & $-0.0284529$ & $0.00691497$ & $-0.0091154$ & $0.00962057$ & $0.0023231$ & $0.0221286$ & $0.0892512$ & $0.0184023$ & $0.00624679$ & $0.00214672$ & $-0.0149503$ & $-0.011464$ & $0.00546237$ \\
CHWHB_gagaorth & $0.0439624$ & $0.0552112$ & $-0.018926$ & $-0.0277432$ & $-0.0124171$ & $0.0448248$ & $0.0403697$ & $-0.582789$ & $-0.568062$ & $1$ & $0.374287$ & $0.309145$ & $-0.209159$ & $0.211628$ & $-0.123889$ & $-0.114327$ & $0.40258$ & $0.472864$ & $0.464276$ & $-0.357171$ & $-0.392289$ & $-0.385083$ & $-0.0518123$ & $0.546193$ & $0.441972$ & $0.217142$ & $-0.262346$ & $-0.147428$ & $-0.00907368$ & $-0.0950664$ & $-0.0641287$ & $0.0651672$ & $-0.0905593$ & $-0.364148$ & $0.056804$ & $0.0402626$ & $0.0174446$ & $0.0179976$ & $0.00679946$ & $-0.0182628$ & $-0.0632403$ & $-0.0173025$ & $-0.000308071$ & $-0.0130168$ & $0.00424579$ & $-0.0115539$ & $-0.0296493$ & $0.00130493$ & $0.00176827$ \\
CHD & $-0.00146063$ & $0.0753056$ & $0.0227154$ & $-0.0176905$ & $0.0220652$ & $0.184549$ & $0.0482234$ & $-0.881068$ & $-0.861774$ & $0.374287$ & $1$ & $0.138971$ & $-0.137331$ & $-0.512628$ & $-0.430308$ & $-0.389361$ & $-0.243997$ & $0.0668984$ & $0.041605$ & $-0.990096$ & $-0.991016$ & $-0.968822$ & $-0.023005$ & $0.305915$ & $-0.00484184$ & $0.571586$ & $-0.309163$ & $-0.332103$ & $-0.00285537$ & $-0.0452353$ & $-0.0176631$ & $0.0542256$ & $-0.0400256$ & $-0.360962$ & $0.0118199$ & $0.0251835$ & $0.00709185$ & $-0.0203904$ & $-0.00668071$ & $-0.000207932$ & $0.00708021$ & $-0.0142917$ & $0.000805022$ & $-0.00502665$ & $-0.00970644$ & $-0.00813369$ & $0.00685204$ & $-0.000274492$ & $0.007222$ \\
CHbox & $0.0409956$ & $0.0244345$ & $-0.0158551$ & $-0.00410455$ & $-0.0317521$ & $0.0643649$ & $-0.177114$ & $-0.00730894$ & $0.00588918$ & $0.309145$ & $0.138971$ & $1$ & $0.716978$ & $-0.275633$ & $0.00938915$ & $0.0230683$ & $-0.285207$ & $-0.25434$ & $-0.263883$ & $-0.125618$ & $-0.140827$ & $-0.137259$ & $-0.0288656$ & $-0.144786$ & $-0.262737$ & $0.0901306$ & $-0.0643376$ & $-0.0556647$ & $0.0457154$ & $0.297116$ & $0.0732148$ & $-0.0838195$ & $0.339933$ & $-0.022255$ & $0.0900598$ & $0.066469$ & $-0.0215535$ & $-0.00670622$ & $-0.00852505$ & $0.0256743$ & $-0.044133$ & $-0.00935611$ & $-0.0153478$ & $0.022561$ & $0.0110585$ & $-0.00714645$ & $-0.0216657$ & $-0.00633597$ & $0.00527417$ \\
CH & $0.0117414$ & $-0.00935819$ & $-0.000984828$ & $0.028011$ & $-0.0193113$ & $0.00984427$ & $-0.233471$ & $0.297688$ & $0.292762$ & $-0.209159$ & $-0.137331$ & $0.716978$ & $1$ & $-0.21804$ & $0.0711518$ & $0.0806908$ & $-0.324429$ & $-0.349004$ & $-0.354801$ & $0.13315$ & $0.145239$ & $0.140601$ & $0.0178643$ & $-0.348626$ & $-0.341585$ & $-0.0828593$ & $0.09851$ & $0.0406073$ & $0.0457408$ & $0.226765$ & $0.0753403$ & $-0.188296$ & $0.262319$ & $0.176353$ & $0.0269715$ & $0.0134577$ & $-0.0150762$ & $-0.0156468$ & $0.00417854$ & $0.0238313$ & $0.00216122$ & $0.0024531$ & $-0.0125636$ & $0.0255613$ & $0.0186265$ & $-6.20069e-05$ & $-0.00790312$ & $-0.0041567$ & $0.00562963$ \\
CHL1_11 & $-0.00528207$ & $-0.0297278$ & $-0.0178512$ & $-0.0169979$ & $0.00185664$ & $0.0313259$ & $0.0512251$ & $0.10295$ & $0.0966327$ & $0.211628$ & $-0.512628$ & $-0.275633$ & $-0.21804$ & $1$ & $0.280087$ & $0.263519$ & $0.659983$ & $0.591993$ & $0.598914$ & $0.533618$ & $0.472035$ & $0.457507$ & $-0.0528941$ & $0.463011$ & $0.599757$ & $-0.288694$ & $-0.0926104$ & $0.14484$ & $-0.0209152$ & $-0.0398606$ & $-0.0171917$ & $0.0351047$ & $-0.0507913$ & $-0.221682$ & $-0.00352125$ & $-0.0188456$ & $0.0152517$ & $0.0300555$ & $0.0257855$ & $-0.0357434$ & $-0.0113182$ & $0.00511116$ & $-0.0263868$ & $-0.0111542$ & $0.00436162$ & $0.00180701$ & $0.0176847$ & $0.0057749$ & $-0.0247157$ \\
CHL1_22 & $0.00520853$ & $-0.0181468$ & $-0.0278603$ & $-0.0139383$ & $-0.00629925$ & $-0.0834014$ & $-0.0163484$ & $0.304761$ & $0.295529$ & $-0.123889$ & $-0.430308$ & $0.00938915$ & $0.0711518$ & $0.280087$ & $1$ & $0.43009$ & $0.184897$ & $-0.447768$ & $-0.0130808$ & $0.494342$ & $0.348618$ & $0.33489$ & $-0.167975$ & $0.107639$ & $-0.123231$ & $-0.206085$ & $-0.376768$ & $0.11381$ & $-0.00663924$ & $0.0387541$ & $0.025475$ & $-0.00724153$ & $0.0312262$ & $-0.588077$ & $-0.00453535$ & $0.00278001$ & $0.00373938$ & $0.0107439$ & $0.00459553$ & $0.0157235$ & $0.0229489$ & $-0.00837641$ & $-0.0165266$ & $-0.018265$ & $-0.0148231$ & $0.0312711$ & $0.0171662$ & $-0.00277079$ & $-0.00665441$ \\
CHL1_33 & $-0.00337854$ & $-0.0336634$ & $-0.00973662$ & $-0.0143245$ & $-0.00752634$ & $-0.0706654$ & $-0.035613$ & $0.270736$ & $0.261492$ & $-0.114327$ & $-0.389361$ & $0.0230683$ & $0.0806908$ & $0.263519$ & $0.43009$ & $1$ & $0.164477$ & $-0.0145915$ & $-0.436072$ & $0.454926$ & $0.307438$ & $0.326154$ & $-0.164249$ & $0.122661$ & $-0.117386$ & $-0.18002$ & $-0.381304$ & $0.102104$ & $0.00744502$ & $0.0256669$ & $0.0202991$ & $-0.0285499$ & $0.0172885$ & $-0.108695$ & $-0.00955249$ & $6.3546e-05$ & $-0.0127009$ & $0.00578381$ & $0.0259982$ & $0.00363698$ & $-0.0106927$ & $0.00452533$ & $-0.014771$ & $-0.0131158$ & $-0.00966871$ & $0.00341512$ & $0.0112303$ & $0.000902942$ & $-0.0273427$ \\
CHL3_11 & $0.00862756$ & $0.0320757$ & $-0.00948488$ & $-0.0135718$ & $-0.00897543$ & $-0.251865$ & $0.0710877$ & $-0.207008$ & $-0.207809$ & $0.40258$ & $-0.243997$ & $-0.285207$ & $-0.324429$ & $0.659983$ & $0.184897$ & $0.164477$ & $1$ & $0.71918$ & $0.729139$ & $0.269487$ & $0.211418$ & $0.203354$ & $-0.0562631$ & $0.650555$ & $0.764016$ & $-0.13732$ & $-0.149325$ & $0.0695015$ & $-0.022643$ & $-0.0579167$ & $-0.036403$ & $0.0514209$ & $-0.064764$ & $-0.241903$ & $-0.00504227$ & $-0.0196699$ & $0.0124366$ & $0.0177114$ & $0.0197917$ & $-0.0214922$ & $-0.0175273$ & $0.000767293$ & $-0.0127237$ & $-0.0145867$ & $0.0108422$ & $0.0101626$ & $0.00697983$ & $-0.000524049$ & $-0.00253599$ \\
CHL3_22 & $0.00364516$ & $0.0212126$ & $0.00322129$ & $-0.0148579$ & $3.86055e-05$ & $-0.0346234$ & $0.0780009$ & $-0.428403$ & $-0.422442$ & $0.472864$ & $0.0668984$ & $-0.25434$ & $-0.349004$ & $0.591993$ & $-0.447768$ & $-0.0145915$ & $0.71918$ & $1$ & $0.660718$ & $-0.0655088$ & $-0.063045$ & $-0.058883$ & $0.0229432$ & $0.610107$ & $0.783306$ & $0.0216174$ & $-0.00982736$ & $-0.0238917$ & $-0.0156361$ & $-0.0828503$ & $-0.0491891$ & $0.0555196$ & $-0.0882421$ & $0.0348194$ & $0.00229425$ & $-0.0174725$ & $0.0119225$ & $0.0148511$ & $0.0234261$ & $-0.0386906$ & $-0.0313077$ & $0.00559202$ & $-0.0100271$ & $-0.00238532$ & $0.013765$ & $-0.0163587$ & $0.00281639$ & $0.00379343$ & $-0.0124354$ \\
CHL3_33 & $0.00504827$ & $0.0353655$ & $-0.0103488$ & $-0.0136676$ & $0.00317145$ & $-0.0437714$ & $0.0962438$ & $-0.405226$ & $-0.398864$ & $0.464276$ & $0.041605$ & $-0.263883$ & $-0.354801$ & $0.598914$ & $-0.0130808$ & $-0.436072$ & $0.729139$ & $0.660718$ & $1$ & $-0.0418019$ & $-0.0357019$ & $-0.0345319$ & $0.0260571$ & $0.597957$ & $0.780838$ & $0.00323728$ & $0.00162885$ & $-0.017707$ & $-0.0238282$ & $-0.0731493$ & $-0.0430756$ & $0.0749572$ & $-0.0764079$ & $-0.336282$ & $0.00320014$ & $-0.0150519$ & $0.0234188$ & $0.0199624$ & $0.00466293$ & $-0.0303978$ & $-0.00228086$ & $-0.00239861$ & $-0.0121214$ & $-0.00641745$ & $0.0094588$ & $0.0104408$ & $0.0106181$ & $0.00352479$ & $0.0039978$ \\
CHe_11 & $-0.00631035$ & $-0.0505593$ & $-0.0153236$ & $0.0141025$ & $-0.0148875$ & $-0.183604$ & $-0.049322$ & $0.850212$ & $0.831285$ & $-0.357171$ & $-0.990096$ & $-0.125618$ & $0.13315$ & $0.533618$ & $0.494342$ & $0.454926$ & $0.269487$ & $-0.0655088$ & $-0.0418019$ & $1$ & $0.97244$ & $0.950837$ & $-0.00125167$ & $-0.247706$ & $0.0140806$ & $-0.562477$ & $0.234098$ & $0.326951$ & $0.00516905$ & $0.0451218$ & $0.0183158$ & $-0.0546349$ & $0.0370955$ & $0.281558$ & $-0.0131633$ & $-0.0222001$ & $-0.00894816$ & $0.021623$ & $0.0110768$ & $0.00107081$ & $-0.00169309$ & $0.013086$ & $-0.00389315$ & $0.001794$ & $0.00643741$ & $0.00977121$ & $-0.00215802$ & $-0.00149947$ & $-0.0127979$ \\
CHe_22 & $-0.00978601$ & $-0.0496318$ & $-0.00967507$ & $0.0224191$ & $-0.0123552$ & $-0.187841$ & $-0.0480555$ & $0.898358$ & $0.879355$ & $-0.392289$ & $-0.991016$ & $-0.140827$ & $0.145239$ & $0.472035$ & $0.348618$ & $0.307438$ & $0.211418$ & $-0.063045$ & $-0.0357019$ & $0.97244$ & $1$ & $0.974547$ & $0.0506274$ & $-0.36181$ & $0.000217195$ & $-0.573928$ & $0.388984$ & $0.334607$ & $0.00422552$ & $0.0460707$ & $0.0190761$ & $-0.0550103$ & $0.0416447$ & $0.446548$ & $-0.016633$ & $-0.0236682$ & $-0.0100133$ & $0.0204693$ & $0.00421016$ & $-0.00108022$ & $-0.00230882$ & $0.0156979$ & $0.00140363$ & $0.0054701$ & $0.0116879$ & $0.00560592$ & $-0.00713852$ & $-0.00113162$ & $-0.0055089$ \\
CHe_33 & $-0.0137527$ & $-0.0469958$ & $-0.0110839$ & $0.0232997$ & $-0.012682$ & $-0.184568$ & $-0.0475267$ & $0.88039$ & $0.862439$ & $-0.385083$ & $-0.968822$ & $-0.137259$ & $0.140601$ & $0.457507$ & $0.33489$ & $0.326154$ & $0.203354$ & $-0.058883$ & $-0.0345319$ & $0.950837$ & $0.974547$ & $1$ & $0.0535393$ & $-0.355764$ & $-0.000372192$ & $-0.562439$ & $0.383809$ & $0.327214$ & $0.00988189$ & $0.0435297$ & $0.0185354$ & $-0.0551306$ & $0.0386278$ & $0.446315$ & $-0.0200788$ & $-0.0203926$ & $-0.0116299$ & $0.0215628$ & $0.00235142$ & $0.000114952$ & $-0.0025747$ & $0.0151478$ & $0.00179935$ & $0.00722028$ & $0.0101644$ & $0.00365777$ & $-0.00820812$ & $-0.0020327$ & $-0.00874132$ \\
CHQ1_11 & $-0.015508$ & $-0.00736721$ & $0.00224019$ & $0.0103523$ & $-0.00789057$ & $-0.0081285$ & $0.00466499$ & $0.0672128$ & $0.0641535$ & $-0.0518123$ & $-0.023005$ & $-0.0288656$ & $0.0178643$ & $-0.0528941$ & $-0.167975$ & $-0.164249$ & $-0.0562631$ & $0.0229432$ & $0.0260571$ & $-0.00125167$ & $0.0506274$ & $0.0535393$ & $1$ & $-0.12115$ & $0.0978485$ & $-0.673633$ & $0.340035$ & $0.0101424$ & $0.0148551$ & $-0.0166508$ & $-0.0152723$ & $-0.00909719$ & $-0.00876499$ & $0.194247$ & $-0.0121664$ & $-0.0117105$ & $0.0208693$ & $-0.0267602$ & $-0.0137631$ & $0.0139291$ & $0.0290553$ & $0.00686075$ & $0.0297542$ & $0.00456173$ & $0.0311439$ & $-0.0222778$ & $0.000955629$ & $0.00336422$ & $0.0208105$ \\
CHQ1_33 & $-0.0652222$ & $0.0283694$ & $0.00537048$ & $-0.0336043$ & $6.97045e-05$ & $0.0162083$ & $0.0900268$ & $-0.663929$ & $-0.656527$ & $0.546193$ & $0.305915$ & $-0.144786$ & $-0.348626$ & $0.463011$ & $0.107639$ & $0.122661$ & $0.650555$ & $0.610107$ & $0.597957$ & $-0.247706$ & $-0.36181$ & $-0.355764$ & $-0.12115$ & $1$ & $0.62071$ & $0.189165$ & $-0.426084$ & $-0.0173457$ & $-0.0295622$ & $-0.0701287$ & $-0.0298056$ & $0.0815655$ & $-0.0806078$ & $-0.631144$ & $0.00621074$ & $-0.00886349$ & $-0.00245411$ & $0.00244794$ & $0.0260981$ & $-0.030773$ & $-0.0079356$ & $-0.0182187$ & $-0.0241306$ & $-0.0273025$ & $-0.000394614$ & $0.00350164$ & $0.0409495$ & $-0.0152064$ & $-0.0138645$ \\
CHQ3_11 & $-0.137688$ & $0.02198$ & $-0.00380002$ & $-0.0217441$ & $-0.000278272$ & $-0.0776244$ & $0.0910995$ & $-0.369215$ & $-0.364644$ & $0.441972$ & $-0.00484184$ & $-0.262737$ & $-0.341585$ & $0.599757$ & $-0.123231$ & $-0.117386$ & $0.764016$ & $0.783306$ & $0.780838$ & $0.0140806$ & $0.000217195$ & $-0.000372192$ & $0.0978485$ & $0.62071$ & $1$ & $-0.00165609$ & $0.222534$ & $4.50338e-05$ & $-0.0261009$ & $-0.0733347$ & $-0.0301259$ & $0.0674869$ & $-0.0866433$ & $-0.18625$ & $-0.00194627$ & $-0.0182155$ & $0.0231653$ & $0.0196989$ & $0.0325573$ & $-0.0292208$ & $-0.00491511$ & $0.0038662$ & $-0.0165274$ & $-0.0320772$ & $0.00139575$ & $-0.00334142$ & $0.0270208$ & $-0.00943107$ & $-0.0095374$ \\
CHu_11 & $-0.0290599$ & $0.0316937$ & $0.00692712$ & $-0.00417582$ & $0.012034$ & $0.102003$ & $0.0233549$ & $-0.508763$ & $-0.496049$ & $0.217142$ & $0.571586$ & $0.0901306$ & $-0.0828593$ & $-0.288694$ & $-0.206085$ & $-0.18002$ & $-0.13732$ & $0.0216174$ & $0.00323728$ & $-0.562477$ & $-0.573928$ & $-0.562439$ & $-0.673633$ & $0.189165$ & $-0.00165609$ & $1$ & $-0.178096$ & $-0.188404$ & $-0.00900531$ & $-0.0106284$ & $0.0124637$ & $0.0359725$ & $-0.024248$ & $-0.245438$ & $0.0241541$ & $0.0189771$ & $-0.0215984$ & $0.021234$ & $0.00736712$ & $-0.0187809$ & $-0.0093884$ & $-0.0171459$ & $-0.0166445$ & $-0.00556899$ & $-0.0312193$ & $0.0169693$ & $0.0123105$ & $-0.021589$ & $-0.0183958$ \\
CHd_11 & $-0.0532335$ & $-0.0158163$ & $-0.000144859$ & $0.0329717$ & $-0.00213705$ & $-0.0799455$ & $-0.0125334$ & $0.439567$ & $0.43264$ & $-0.262346$ & $-0.309163$ & $-0.0643376$ & $0.09851$ & $-0.0926104$ & $-0.376768$ & $-0.381304$ & $-0.149325$ & $-0.00982736$ & $0.00162885$ & $0.234098$ & $0.388984$ & $0.383809$ & $0.340035$ & $-0.426084$ & $0.222534$ & $-0.178096$ & $1$ & $0.126984$ & $0.000638274$ & $0.0139897$ & $0.00934098$ & $-0.0234742$ & $0.00807499$ & $0.68291$ & $0.00488871$ & $-0.024143$ & $0.00401329$ & $0.00268032$ & $-0.00806723$ & $-0.00118096$ & $0.00550239$ & $0.0115518$ & $0.0136105$ & $0.00659496$ & $0.0185678$ & $-0.0110901$ & $-0.00746119$ & $-0.0145319$ & $0.00753456$ \\
CHd_33 & $-0.00534854$ & $-0.00411559$ & $-0.0204419$ & $-0.00894476$ & $0.00189062$ & $-0.0734717$ & $-0.0377273$ & $0.302932$ & $0.29779$ & $-0.147428$ & $-0.332103$ & $-0.0556647$ & $0.0406073$ & $0.14484$ & $0.11381$ & $0.102104$ & $0.0695015$ & $-0.0238917$ & $-0.017707$ & $0.326951$ & $0.334607$ & $0.327214$ & $0.0101424$ & $-0.0173457$ & $4.50338e-05$ & $-0.188404$ & $0.126984$ & $1$ & $-0.0126668$ & $0.0132087$ & $-0.00188126$ & $-0.0434685$ & $0.0248616$ & $0.15683$ & $-0.0130003$ & $-0.015012$ & $-0.00312039$ & $0.00140396$ & $-0.00336368$ & $0.0118126$ & $0.00481968$ & $-0.0074012$ & $0.0132748$ & $-0.0133514$ & $0.0159983$ & $-0.0194268$ & $-0.00552246$ & $0.0176046$ & $0.00835928$ \\
CeH_22r & $-0.00141359$ & $0.0113698$ & $0.0109473$ & $-0.000275029$ & $0.00256701$ & $0.00266047$ & $0.0250214$ & $0.0142744$ & $0.0229669$ & $-0.00907368$ & $-0.00285537$ & $0.0457154$ & $0.0457408$ & $-0.0209152$ & $-0.00663924$ & $0.00744502$ & $-0.022643$ & $-0.0156361$ & $-0.0238282$ & $0.00516905$ & $0.00422552$ & $0.00988189$ & $0.0148551$ & $-0.0295622$ & $-0.0261009$ & $-0.00900531$ & $0.000638274$ & $-0.0126668$ & $1$ & $0.0196232$ & $0.0151782$ & $0.00763171$ & $0.0379026$ & $0.0179648$ & $-0.0667585$ & $-0.0126194$ & $-0.01603$ & $-0.0215583$ & $-0.0288542$ & $0.0100972$ & $0.00398099$ & $0.0162394$ & $0.0140392$ & $0.0227299$ & $0.00347885$ & $0.0117262$ & $-0.0067726$ & $0.00443602$ & $-0.00159542$ \\
CeH_33r & $-0.0119021$ & $0.0109313$ & $-0.00967265$ & $-0.0191557$ & $-0.00945414$ & $-0.000480298$ & $-0.0974116$ & $0.0740352$ & $0.0954606$ & $-0.0950664$ & $-0.0452353$ & $0.297116$ & $0.226765$ & $-0.0398606$ & $0.0387541$ & $0.0256669$ & $-0.0579167$ & $-0.0828503$ & $-0.0731493$ & $0.0451218$ & $0.0460707$ & $0.0435297$ & $-0.0166508$ & $-0.0701287$ & $-0.0733347$ & $-0.0106284$ & $0.0139897$ & $0.0132087$ & $0.0196232$ & $1$ & $0.305381$ & $0.0476592$ & $0.619396$ & $0.028015$ & $-0.0553644$ & $-0.00667231$ & $-0.199222$ & $-0.0184475$ & $-0.0313115$ & $0.0189048$ & $-0.0312092$ & $-0.00810462$ & $0.00283908$ & $-0.0038084$ & $0.0655505$ & $0.0144796$ & $0.000570302$ & $-0.033727$ & $0.0019908$ \\
CuH_22r & $-0.0698433$ & $0.0201963$ & $0.016181$ & $-0.00998028$ & $-0.0051188$ & $-0.0024447$ & $-0.0464453$ & $0.034901$ & $0.0451374$ & $-0.0641287$ & $-0.0176631$ & $0.0732148$ & $0.0753403$ & $-0.0171917$ & $0.025475$ & $0.0202991$ & $-0.036403$ & $-0.0491891$ & $-0.0430756$ & $0.0183158$ & $0.0190761$ & $0.0185354$ & $-0.0152723$ & $-0.0298056$ & $-0.0301259$ & $0.0124637$ & $0.00934098$ & $-0.00188126$ & $0.0151782$ & $0.305381$ & $1$ & $0.0346242$ & $0.316281$ & $0.00669198$ & $-0.0147866$ & $-0.0258671$ & $-0.0885519$ & $-0.00722781$ & $-0.02718$ & $-0.00907019$ & $-0.00844348$ & $-0.00108736$ & $-0.000339935$ & $-0.0450138$ & $-0.0261801$ & $0.116424$ & $0.387027$ & $-0.0725808$ & $0.00737215$ \\
CuH_33r & $0.00287395$ & $0.00178142$ & $0.011961$ & $0.0177334$ & $0.0123359$ & $0.0311195$ & $0.936168$ & $-0.0814388$ & $-0.039414$ & $0.0651672$ & $0.0542256$ & $-0.0838195$ & $-0.188296$ & $0.0351047$ & $-0.00724153$ & $-0.0285499$ & $0.0514209$ & $0.0555196$ & $0.0749572$ & $-0.0546349$ & $-0.0550103$ & $-0.0551306$ & $-0.00909719$ & $0.0815655$ & $0.0674869$ & $0.0359725$ & $-0.0234742$ & $-0.0434685$ & $0.00763171$ & $0.0476592$ & $0.0346242$ & $1$ & $0.0718147$ & $-0.0614989$ & $0.0486945$ & $0.0407899$ & $-0.0093572$ & $-0.0198094$ & $-0.0201158$ & $-0.0158383$ & $-0.0328586$ & $0.0212075$ & $-0.0434963$ & $0.0422712$ & $-0.00121395$ & $0.00950824$ & $0.0227685$ & $0.0043668$ & $0.0483856$ \\
CdH_33r & $-0.00530077$ & $0.00216992$ & $-0.0185796$ & $-0.01758$ & $-0.00441091$ & $-0.0216687$ & $-0.0984711$ & $0.0742417$ & $0.0987406$ & $-0.0905593$ & $-0.0400256$ & $0.339933$ & $0.262319$ & $-0.0507913$ & $0.0312262$ & $0.0172885$ & $-0.064764$ & $-0.0882421$ & $-0.0764079$ & $0.0370955$ & $0.0416447$ & $0.0386278$ & $-0.00876499$ & $-0.0806078$ & $-0.0866433$ & $-0.024248$ & $0.00807499$ & $0.0248616$ & $0.0379026$ & $0.619396$ & $0.316281$ & $0.0718147$ & $1$ & $0.0357601$ & $-0.0360172$ & $-0.0292581$ & $-0.214395$ & $-0.0255749$ & $-0.0730909$ & $0.0249971$ & $-0.0833383$ & $-0.0168833$ & $0.0360109$ & $0.0213771$ & $0.0226547$ & $0.0431819$ & $-0.0310018$ & $0.113834$ & $0.507793$ \\
CLL_1221 & $-0.00872809$ & $0.00517856$ & $0.0223432$ & $0.042371$ & $-0.0106606$ & $-0.12472$ & $-0.0547355$ & $0.559182$ & $0.551059$ & $-0.364148$ & $-0.360962$ & $-0.022255$ & $0.176353$ & $-0.221682$ & $-0.588077$ & $-0.108695$ & $-0.241903$ & $0.0348194$ & $-0.336282$ & $0.281558$ & $0.446548$ & $0.446315$ & $0.194247$ & $-0.631144$ & $-0.18625$ & $-0.245438$ & $0.68291$ & $0.15683$ & $0.0179648$ & $0.028015$ & $0.00669198$ & $-0.0614989$ & $0.0357601$ & $1$ & $-0.0149099$ & $-0.0124023$ & $-0.0192185$ & $-0.00568784$ & $-0.00791046$ & $0.00507363$ & $-0.014633$ & $0.0182633$ & $0.0260654$ & $0.0236644$ & $0.0178176$ & $-0.0230896$ & $-0.0284083$ & $-0.00182643$ & $0.00939009$ \\
eHggint & $0.0903531$ & $-0.090202$ & $0.0063013$ & $0.0121635$ & $0.00161743$ & $0.00941722$ & $-0.0412305$ & $-0.011751$ & $-0.0312397$ & $0.056804$ & $0.0118199$ & $0.0900598$ & $0.0269715$ & $-0.00352125$ & $-0.00453535$ & $-0.00955249$ & $-0.00504227$ & $0.00229425$ & $0.00320014$ & $-0.0131633$ & $-0.016633$ & $-0.0200788$ & $-0.0121664$ & $0.00621074$ & $-0.00194627$ & $0.0241541$ & $0.00488871$ & $-0.0130003$ & $-0.0667585$ & $-0.0553644$ & $-0.0147866$ & $0.0486945$ & $-0.0360172$ & $-0.0149099$ & $1$ & $-0.0741031$ & $-0.0284433$ & $0.0131971$ & $0.0604412$ & $0.0222596$ & $-0.0189325$ & $-0.00468574$ & $-0.0426079$ & $0.0687763$ & $0.0166158$ & $-0.0123487$ & $-0.000507062$ & $0.0210011$ & $0.00230166$ \\
eHggpar & $-0.0265695$ & $0.0626577$ & $0.0211325$ & $-0.115169$ & $0.00614314$ & $0.0191828$ & $-0.0031456$ & $-0.0167244$ & $-0.0267359$ & $0.0402626$ & $0.0251835$ & $0.066469$ & $0.0134577$ & $-0.0188456$ & $0.00278001$ & $6.3546e-05$ & $-0.0196699$ & $-0.0174725$ & $-0.0150519$ & $-0.0222001$ & $-0.0236682$ & $-0.0203926$ & $-0.0117105$ & $-0.00886349$ & $-0.0182155$ & $0.0189771$ & $-0.024143$ & $-0.015012$ & $-0.0126194$ & $-0.00667231$ & $-0.0258671$ & $0.0407899$ & $-0.0292581$ & $-0.0124023$ & $-0.0741031$ & $1$ & $-0.025942$ & $0.00141703$ & $-0.0163991$ & $-0.00225043$ & $0.032788$ & $-0.0177653$ & $-0.0349152$ & $0.0053797$ & $-0.0707507$ & $-0.00680027$ & $-0.0757396$ & $0.0110563$ & $-0.0547163$ \\
eHWWint & $0.0839104$ & $-0.0229438$ & $-0.0703008$ & $0.00812137$ & $0.0344483$ & $0.0232185$ & $0.0388154$ & $-0.0158436$ & $-0.0284529$ & $0.0174446$ & $0.00709185$ & $-0.0215535$ & $-0.0150762$ & $0.0152517$ & $0.00373938$ & $-0.0127009$ & $0.0124366$ & $0.0119225$ & $0.0234188$ & $-0.00894816$ & $-0.0100133$ & $-0.0116299$ & $0.0208693$ & $-0.00245411$ & $0.0231653$ & $-0.0215984$ & $0.00401329$ & $-0.00312039$ & $-0.01603$ & $-0.199222$ & $-0.0885519$ & $-0.0093572$ & $-0.214395$ & $-0.0192185$ & $-0.0284433$ & $-0.025942$ & $1$ & $-0.00727455$ & $0.0421046$ & $-0.00479505$ & $0.0589842$ & $0.0122031$ & $-0.0492756$ & $0.00965421$ & $-0.0164818$ & $-0.0518247$ & $0.0352347$ & $0.134708$ & $-0.0215392$ \\
eHWWpar & $-0.0096394$ & $-0.032044$ & $-0.0037671$ & $-0.031699$ & $-0.0109869$ & $-0.00169565$ & $-0.0165396$ & $0.00960606$ & $0.00691497$ & $0.0179976$ & $-0.0203904$ & $-0.00670622$ & $-0.0156468$ & $0.0300555$ & $0.0107439$ & $0.00578381$ & $0.0177114$ & $0.0148511$ & $0.0199624$ & $0.021623$ & $0.0204693$ & $0.0215628$ & $-0.0267602$ & $0.00244794$ & $0.0196989$ & $0.021234$ & $0.00268032$ & $0.00140396$ & $-0.0215583$ & $-0.0184475$ & $-0.00722781$ & $-0.0198094$ & $-0.0255749$ & $-0.00568784$ & $0.0131971$ & $0.00141703$ & $-0.00727455$ & $1$ & $0.00387947$ & $0.00719973$ & $0.00988232$ & $-0.0133532$ & $-0.0144791$ & $0.0161164$ & $-0.0248072$ & $-0.00516614$ & $-0.0175171$ & $0.0365195$ & $-0.0203199$ \\
eHZZint & $-0.104107$ & $-0.0117463$ & $0.0838645$ & $0.00523351$ & $-0.00412404$ & $-0.00329005$ & $-0.0266262$ & $-0.00412207$ & $-0.0091154$ & $0.00679946$ & $-0.00668071$ & $-0.00852505$ & $0.00417854$ & $0.0257855$ & $0.00459553$ & $0.0259982$ & $0.0197917$ & $0.0234261$ & $0.00466293$ & $0.0110768$ & $0.00421016$ & $0.00235142$ & $-0.0137631$ & $0.0260981$ & $0.0325573$ & $0.00736712$ & $-0.00806723$ & $-0.00336368$ & $-0.0288542$ & $-0.0313115$ & $-0.02718$ & $-0.0201158$ & $-0.0730909$ & $-0.00791046$ & $0.0604412$ & $-0.0163991$ & $0.0421046$ & $0.00387947$ & $1$ & $-0.0340636$ & $0.0262792$ & $0.00712099$ & $0.015244$ & $-0.133369$ & $-0.0354633$ & $-0.0701457$ & $0.030963$ & $-0.00382101$ & $-0.0853467$ \\
eHZZpar & $0.0119693$ & $0.0112928$ & $-0.0164733$ & $-0.0106621$ & $0.0169249$ & $0.0138622$ & $-0.027798$ & $0.0151066$ & $0.00962057$ & $-0.0182628$ & $-0.000207932$ & $0.0256743$ & $0.0238313$ & $-0.0357434$ & $0.0157235$ & $0.00363698$ & $-0.0214922$ & $-0.0386906$ & $-0.0303978$ & $0.00107081$ & $-0.00108022$ & $0.000114952$ & $0.0139291$ & $-0.030773$ & $-0.0292208$ & $-0.0187809$ & $-0.00118096$ & $0.0118126$ & $0.0100972$ & $0.0189048$ & $-0.00907019$ & $-0.0158383$ & $0.0249971$ & $0.00507363$ & $0.0222596$ & $-0.00225043$ & $-0.00479505$ & $0.00719973$ & $-0.0340636$ & $1$ & $0.00497224$ & $0.0168946$ & $-0.0359369$ & $-0.0223678$ & $-0.0181009$ & $0.00802087$ & $-0.0350366$ & $0.0075961$ & $0.00937055$ \\
eHZgaint & $-0.0511396$ & $0.0869861$ & $0.0816093$ & $0.0152477$ & $-0.00654946$ & $0.0128215$ & $-0.0216004$ & $0.00133785$ & $0.0023231$ & $-0.0632403$ & $0.00708021$ & $-0.044133$ & $0.00216122$ & $-0.0113182$ & $0.0229489$ & $-0.0106927$ & $-0.0175273$ & $-0.0313077$ & $-0.00228086$ & $-0.00169309$ & $-0.00230882$ & $-0.0025747$ & $0.0290553$ & $-0.0079356$ & $-0.00491511$ & $-0.0093884$ & $0.00550239$ & $0.00481968$ & $0.00398099$ & $-0.0312092$ & $-0.00844348$ & $-0.0328586$ & $-0.0833383$ & $-0.014633$ & $-0.0189325$ & $0.032788$ & $0.0589842$ & $0.00988232$ & $0.0262792$ & $0.00497224$ & $1$ & $0.00298676$ & $0.0678599$ & $-0.0137483$ & $-0.130997$ & $0.0182619$ & $-0.00997914$ & $-0.0542318$ & $-0.106337$ \\
eHZgapar & $0.00209344$ & $-0.00155697$ & $-0.0108292$ & $-0.0178902$ & $-0.0136396$ & $0.00165354$ & $0.0294236$ & $0.0142605$ & $0.0221286$ & $-0.0173025$ & $-0.0142917$ & $-0.00935611$ & $0.0024531$ & $0.00511116$ & $-0.00837641$ & $0.00452533$ & $0.000767293$ & $0.00559202$ & $-0.00239861$ & $0.013086$ & $0.0156979$ & $0.0151478$ & $0.00686075$ & $-0.0182187$ & $0.0038662$ & $-0.0171459$ & $0.0115518$ & $-0.0074012$ & $0.0162394$ & $-0.00810462$ & $-0.00108736$ & $0.0212075$ & $-0.0168833$ & $0.0182633$ & $-0.00468574$ & $-0.0177653$ & $0.0122031$ & $-0.0133532$ & $0.00712099$ & $0.0168946$ & $0.00298676$ & $1$ & $0.0369746$ & $0.0339276$ & $0.00196994$ & $0.0135625$ & $-0.00676949$ & $0.0179756$ & $-0.0127661$ \\
eHgagaint & $-0.00564451$ & $-0.0389438$ & $-0.0317575$ & $-0.0203932$ & $-0.0041348$ & $-0.0169983$ & $-0.0356452$ & $0.0115159$ & $0.0892512$ & $-0.000308071$ & $0.000805022$ & $-0.0153478$ & $-0.0125636$ & $-0.0263868$ & $-0.0165266$ & $-0.014771$ & $-0.0127237$ & $-0.0100271$ & $-0.0121214$ & $-0.00389315$ & $0.00140363$ & $0.00179935$ & $0.0297542$ & $-0.0241306$ & $-0.0165274$ & $-0.0166445$ & $0.0136105$ & $0.0132748$ & $0.0140392$ & $0.00283908$ & $-0.000339935$ & $-0.0434963$ & $0.0360109$ & $0.0260654$ & $-0.0426079$ & $-0.0349152$ & $-0.0492756$ & $-0.0144791$ & $0.015244$ & $-0.0359369$ & $0.0678599$ & $0.0369746$ & $1$ & $0.0752599$ & $-0.00159881$ & $0.00632477$ & $-0.0270496$ & $-0.011745$ & $0.0594863$ \\
eHmumuint & $0.114668$ & $0.0139784$ & $0.0106303$ & $0.0150358$ & $0.00389879$ & $-0.000699826$ & $0.0373059$ & $0.0106407$ & $0.0184023$ & $-0.0130168$ & $-0.00502665$ & $0.022561$ & $0.0255613$ & $-0.0111542$ & $-0.018265$ & $-0.0131158$ & $-0.0145867$ & $-0.00238532$ & $-0.00641745$ & $0.001794$ & $0.0054701$ & $0.00722028$ & $0.00456173$ & $-0.0273025$ & $-0.0320772$ & $-0.00556899$ & $0.00659496$ & $-0.0133514$ & $0.0227299$ & $-0.0038084$ & $-0.0450138$ & $0.0422712$ & $0.0213771$ & $0.0236644$ & $0.0687763$ & $0.0053797$ & $0.00965421$ & $0.0161164$ & $-0.133369$ & $-0.0223678$ & $-0.0137483$ & $0.0339276$ & $0.0752599$ & $1$ & $-0.0401697$ & $-0.0271483$ & $-0.0498142$ & $0.00141131$ & $0.0258054$ \\
eHtautauint & $0.0866825$ & $0.00846225$ & $-0.0186843$ & $-0.0285025$ & $-0.0108153$ & $-0.00414257$ & $0.00309092$ & $0.00542598$ & $0.00624679$ & $0.00424579$ & $-0.00970644$ & $0.0110585$ & $0.0186265$ & $0.00436162$ & $-0.0148231$ & $-0.00966871$ & $0.0108422$ & $0.013765$ & $0.0094588$ & $0.00643741$ & $0.0116879$ & $0.0101644$ & $0.0311439$ & $-0.000394614$ & $0.00139575$ & $-0.0312193$ & $0.0185678$ & $0.0159983$ & $0.00347885$ & $0.0655505$ & $-0.0261801$ & $-0.00121395$ & $0.0226547$ & $0.0178176$ & $0.0166158$ & $-0.0707507$ & $-0.0164818$ & $-0.0248072$ & $-0.0354633$ & $-0.0181009$ & $-0.130997$ & $0.00196994$ & $-0.00159881$ & $-0.0401697$ & $1$ & $0.0348686$ & $-0.0457288$ & $-0.0101539$ & $0.060137$ \\
eHccint & $-0.00807103$ & $-0.0106914$ & $0.000137049$ & $0.099382$ & $0.00392955$ & $-0.008273$ & $0.0132887$ & $0.00413288$ & $0.00214672$ & $-0.0115539$ & $-0.00813369$ & $-0.00714645$ & $-6.20069e-05$ & $0.00180701$ & $0.0312711$ & $0.00341512$ & $0.0101626$ & $-0.0163587$ & $0.0104408$ & $0.00977121$ & $0.00560592$ & $0.00365777$ & $-0.0222778$ & $0.00350164$ & $-0.00334142$ & $0.0169693$ & $-0.0110901$ & $-0.0194268$ & $0.0117262$ & $0.0144796$ & $0.116424$ & $0.00950824$ & $0.0431819$ & $-0.0230896$ & $-0.0123487$ & $-0.00680027$ & $-0.0518247$ & $-0.00516614$ & $-0.0701457$ & $0.00802087$ & $0.0182619$ & $0.0135625$ & $0.00632477$ & $-0.0271483$ & $0.0348686$ & $1$ & $0.0893252$ & $0.0441221$ & $0.0490943$ \\
eHccpar & $-0.14256$ & $-0.0045908$ & $0.0497951$ & $-0.0254569$ & $0.0094894$ & $0.00938379$ & $0.024088$ & $-0.0123663$ & $-0.0149503$ & $-0.0296493$ & $0.00685204$ & $-0.0216657$ & $-0.00790312$ & $0.0176847$ & $0.0171662$ & $0.0112303$ & $0.00697983$ & $0.00281639$ & $0.0106181$ & $-0.00215802$ & $-0.00713852$ & $-0.00820812$ & $0.000955629$ & $0.0409495$ & $0.0270208$ & $0.0123105$ & $-0.00746119$ & $-0.00552246$ & $-0.0067726$ & $0.000570302$ & $0.387027$ & $0.0227685$ & $-0.0310018$ & $-0.0284083$ & $-0.000507062$ & $-0.0757396$ & $0.0352347$ & $-0.0175171$ & $0.030963$ & $-0.0350366$ & $-0.00997914$ & $-0.00676949$ & $-0.0270496$ & $-0.0498142$ & $-0.0457288$ & $0.0893252$ & $1$ & $-0.0922339$ & $-0.0255083$ \\
eHbbint & $0.0828436$ & $-0.0210013$ & $-0.0334569$ & $-0.0573233$ & $0.0418419$ & $-0.00968058$ & $0.00394076$ & $-0.001384$ & $-0.011464$ & $0.00130493$ & $-0.000274492$ & $-0.00633597$ & $-0.0041567$ & $0.0057749$ & $-0.00277079$ & $0.000902942$ & $-0.000524049$ & $0.00379343$ & $0.00352479$ & $-0.00149947$ & $-0.00113162$ & $-0.0020327$ & $0.00336422$ & $-0.0152064$ & $-0.00943107$ & $-0.021589$ & $-0.0145319$ & $0.0176046$ & $0.00443602$ & $-0.033727$ & $-0.0725808$ & $0.0043668$ & $0.113834$ & $-0.00182643$ & $0.0210011$ & $0.0110563$ & $0.134708$ & $0.0365195$ & $-0.00382101$ & $0.0075961$ & $-0.0542318$ & $0.0179756$ & $-0.011745$ & $0.00141131$ & $-0.0101539$ & $0.0441221$ & $-0.0922339$ & $1$ & $-0.029356$ \\
eHbbpar & $0.000511794$ & $-0.0211356$ & $-0.0413491$ & $0.000371883$ & $-0.00148771$ & $-0.017632$ & $0.0419947$ & $5.02357e-05$ & $0.00546237$ & $0.00176827$ & $0.007222$ & $0.00527417$ & $0.00562963$ & $-0.0247157$ & $-0.00665441$ & $-0.0273427$ & $-0.00253599$ & $-0.0124354$ & $0.0039978$ & $-0.0127979$ & $-0.0055089$ & $-0.00874132$ & $0.0208105$ & $-0.0138645$ & $-0.0095374$ & $-0.0183958$ & $0.00753456$ & $0.00835928$ & $-0.00159542$ & $0.0019908$ & $0.00737215$ & $0.0483856$ & $0.507793$ & $0.00939009$ & $0.00230166$ & $-0.0547163$ & $-0.0215392$ & $-0.0203199$ & $-0.0853467$ & $0.00937055$ & $-0.106337$ & $-0.0127661$ & $0.0594863$ & $0.0258054$ & $0.060137$ & $0.0490943$ & $-0.0255083$ & $-0.029356$ & $1$ \\
