######################################################################
#--  FCCee aTGC: Using Optimal observables analysis (Full)  --
# This is for 240 GeV
#
ObservablesWithCovarianceInverse OptOobsFullFCCee240 6
Observable deltag1Z_OO_FCCee240 deltag1Z #delta{g_{1,Z}} 1. -1. MCMC weight 4.126736160013806e-16 1. 0.
Observable deltaKgamma_OO_FCCee240 deltaKgamma #delta#kappa_{#gamma} 1. -1. MCMC weight 0.0 1. 0.
Observable lambdaZ_OO_FCCee240 lambdaZ #lamdba_{Z} 1. -1. MCMC weight 0.0 1. 0.
Observable deltageL_OO_FCCee240 delgZeL #delta{g_{L}^{e}} 1. -1. MCMC weight -2.063368080006903e-16 1. 0.
Observable deltageR_OO_FCCee240 delgZeR #delta{g_{R}^{e}} 1. -1. MCMC weight -9.531450553817466e-17 1. 0.
Observable deltaUev_OO_FCCee240 deltaUWeve #delta{U_{{#nu}e}} 1. -1. MCMC weight 3.17359110463206e-16 1. 0.
20599372.   3140708.   12872935.   -65775627.   10626771.   -62154158.
3140708.   5182354.   2742617.   -26701583.   -19096416.   -24188701.
12872935.   2742617.   26323341.   -47159045.   -1903071.   -44146823.
-65775627.   -26701583.   -47159045.   271855609.   41660253.   250248673.
10626771.   -19096416.   -1903071.   41660253.   99350172.   33336064.
-62154158.   -24188701.   -44146823.   250248673.   33336064.   242371941.
#
#
##################################################
 
CorrelatedGaussianObservables BRWleptFCCee240 3
Observable BrWelectron_FCCee240 BrWelectron BR_{We#nu} 1. -1. MCMC weight 0.1083790594476625 0.0000433281 0.
Observable BrWmuon_FCCee240 BrWmuon BR_{W#mu#nu} 1. -1. MCMC weight 0.1083790594476625 0.0000433281 0.
Observable BrWtau_FCCee240 BrWtau BR_{W#tau#nu} 1. -1. MCMC weight 0.1083790594476625 0.0000433281 0.
1.   -0.121553   -0.121553
-0.121553   1.   -0.121553
-0.121553   -0.121553   1.
