 & AlsMz & dAle5Mz & mtop & mHl & Mz & CW & CHG & CHWB & CHWHB_gaga & CHWHB_gagaorth & CHD & CHbox & CH & CHL1_11 & CHL1_22 & CHL1_33 & CHL3_11 & CHL3_22 & CHL3_33 & CHe_11 & CHe_22 & CHe_33 & CHQ1_11 & CHQ1_33 & CHQ3_11 & CHu_11 & CHd_11 & CHd_33 & CeH_22r & CeH_33r & CuH_22r & CuH_33r & CdH_33r & CLL_1221 & eHggint & eHggpar & eHWWint & eHWWpar & eHZZint & eHZZpar & eHZgaint & eHZgapar & eHgagaint & eHmumuint & eHtautauint & eHccint & eHccpar & eHbbint & eHbbpar \\
AlsMz & $1$ & $0.286637$ & $0.0760146$ & $-0.0739806$ & $-0.0340181$ & $0.0200984$ & $0.093182$ & $-0.173636$ & $-0.158473$ & $0.129075$ & $0.103992$ & $0.0484479$ & $-0.0707191$ & $0.0745413$ & $0.0444309$ & $0.0492267$ & $0.104862$ & $0.0978842$ & $0.0951911$ & $-0.0871633$ & $-0.121356$ & $-0.119241$ & $-0.0778168$ & $0.163706$ & $0.00613876$ & $0.0588827$ & $-0.227361$ & $0.0334627$ & $0.0482784$ & $0.0249309$ & $0.0747737$ & $0.11777$ & $-0.0193447$ & $-0.181951$ & $0.208781$ & $0.0882155$ & $-0.152971$ & $0.140381$ & $0.179352$ & $0.0124204$ & $-0.228045$ & $-0.148535$ & $0.303842$ & $-0.309787$ & $-0.0686125$ & $-0.0758627$ & $0.31939$ & $-0.164267$ & $-0.1126$ \\
dAle5Mz & $0.286637$ & $1$ & $-0.0127221$ & $0.0524977$ & $-0.01516$ & $-0.0127298$ & $0.00682025$ & $-0.22104$ & $-0.22156$ & $0.150262$ & $0.164969$ & $0.056348$ & $-0.0450768$ & $0.0160522$ & $0.0548037$ & $0.0641285$ & $0.0905242$ & $0.0645034$ & $0.0574804$ & $-0.137514$ & $-0.171423$ & $-0.169201$ & $-0.116574$ & $0.188026$ & $0.00507935$ & $0.111412$ & $-0.268821$ & $-0.0364632$ & $-0.0231196$ & $-0.0367618$ & $0.04294$ & $0.0269522$ & $-0.0716204$ & $-0.194164$ & $0.312719$ & $0.0484791$ & $0.0409833$ & $0.133927$ & $0.537632$ & $0.0335097$ & $-0.125763$ & $-0.0755675$ & $-0.0346957$ & $-0.281558$ & $-0.0968724$ & $-0.0287483$ & $0.239751$ & $-0.0175648$ & $-0.0698858$ \\
mtop & $0.0760146$ & $-0.0127221$ & $1$ & $0.130591$ & $-0.0260925$ & $-0.00741327$ & $0.148614$ & $-0.0271561$ & $-0.014052$ & $0.0473646$ & $-0.0201887$ & $-0.0559364$ & $-0.0490964$ & $0.0808534$ & $-0.0478513$ & $-0.042735$ & $0.132148$ & $0.12758$ & $0.119836$ & $0.0212643$ & $0.0284203$ & $0.0170477$ & $0.0261943$ & $0.0728444$ & $0.148717$ & $0.00501082$ & $0.0799244$ & $0.0542209$ & $0.0213299$ & $0.00247714$ & $0.00157467$ & $0.155142$ & $-0.134225$ & $0.0275993$ & $-0.266199$ & $0.367282$ & $-0.0289008$ & $-0.077224$ & $0.218806$ & $0.116364$ & $-0.0236049$ & $-0.00757351$ & $-0.00462783$ & $-0.145593$ & $0.109077$ & $0.180243$ & $-0.158291$ & $0.0739692$ & $-0.374128$ \\
mHl & $-0.0739806$ & $0.0524977$ & $0.130591$ & $1$ & $0.00974787$ & $0.00844167$ & $0.0596276$ & $-0.113643$ & $-0.112558$ & $0.032909$ & $0.0867838$ & $-0.0793326$ & $-0.080541$ & $0.0219832$ & $-0.0243543$ & $-0.0241945$ & $0.0579632$ & $0.0717691$ & $0.0711589$ & $-0.0825925$ & $-0.088189$ & $-0.0846167$ & $-0.0338206$ & $0.0947731$ & $0.0751834$ & $0.102491$ & $-0.0481611$ & $-0.0555861$ & $-0.029944$ & $-0.0488998$ & $-0.0136303$ & $0.051591$ & $-0.0819476$ & $-0.0733722$ & $-0.0937371$ & $-0.155167$ & $0.16203$ & $-0.136983$ & $0.141107$ & $0.094943$ & $-0.141211$ & $-0.0581183$ & $-0.0819519$ & $0.0533211$ & $0.104783$ & $0.152773$ & $0.132304$ & $0.0833058$ & $-0.0869781$ \\
Mz & $-0.0340181$ & $-0.01516$ & $-0.0260925$ & $0.00974787$ & $1$ & $0.0183991$ & $-0.031127$ & $0.00350422$ & $0.00105482$ & $0.00269412$ & $-0.000700252$ & $-0.0114223$ & $0.000500588$ & $0.02368$ & $0.00688319$ & $0.00768911$ & $0.00757664$ & $0.00518926$ & $0.00765303$ & $0.0063689$ & $0.00951524$ & $0.0140292$ & $-0.0121663$ & $-0.0028735$ & $0.0138353$ & $0.00484512$ & $0.00382004$ & $-0.0314824$ & $0.00840281$ & $0.00243859$ & $-0.0277133$ & $-0.0312429$ & $-0.0158215$ & $-0.00617122$ & $0.00581774$ & $-0.0158333$ & $0.0296425$ & $-0.0217288$ & $-0.029763$ & $0.0156336$ & $0.0377376$ & $-0.00380207$ & $0.00489384$ & $-0.0143532$ & $-0.00131171$ & $-0.00341592$ & $-0.032283$ & $0.00505528$ & $0.00721688$ \\
CW & $0.0200984$ & $-0.0127298$ & $-0.00741327$ & $0.00844167$ & $0.0183991$ & $1$ & $-0.0135927$ & $-0.152109$ & $-0.147725$ & $0.0574383$ & $0.207851$ & $0.105708$ & $0.00626713$ & $0.010284$ & $-0.044351$ & $-0.0732351$ & $-0.255912$ & $-0.0669611$ & $-0.0464526$ & $-0.201997$ & $-0.214091$ & $-0.21956$ & $-0.00447368$ & $0.0299698$ & $-0.0905645$ & $0.116984$ & $-0.122128$ & $-0.0455264$ & $0.00781219$ & $0.0351344$ & $-0.000233547$ & $0.00312776$ & $0.0175135$ & $-0.180073$ & $-0.0400134$ & $-0.000105883$ & $0.0135298$ & $0.00143378$ & $0.00261528$ & $0.0226308$ & $-0.0656101$ & $-0.0127416$ & $0.00577573$ & $0.103281$ & $0.00624283$ & $0.042399$ & $-0.0584945$ & $0.0261706$ & $-0.043428$ \\
CHG & $0.093182$ & $0.00682025$ & $0.148614$ & $0.0596276$ & $-0.031127$ & $-0.0135927$ & $1$ & $-0.133187$ & $-0.076826$ & $0.0706688$ & $0.0883208$ & $-0.16986$ & $-0.321542$ & $0.0349221$ & $-0.040327$ & $-0.0255185$ & $0.105301$ & $0.116098$ & $0.105245$ & $-0.0840059$ & $-0.0914511$ & $-0.0918718$ & $-0.0429748$ & $0.13423$ & $0.0944608$ & $0.0755698$ & $-0.0693496$ & $-0.026241$ & $0.0115627$ & $-0.13024$ & $-0.130878$ & $0.936068$ & $-0.163854$ & $-0.0713862$ & $-0.0305477$ & $-0.0195662$ & $-0.0173798$ & $0.0186602$ & $0.0385032$ & $0.0438797$ & $0.0462949$ & $-0.0134709$ & $0.026686$ & $-0.0035354$ & $0.00835437$ & $-0.0156737$ & $-0.0730308$ & $0.0141645$ & $-0.0518839$ \\
CHWB & $-0.173636$ & $-0.22104$ & $-0.0271561$ & $-0.113643$ & $0.00350422$ & $-0.152109$ & $-0.133187$ & $1$ & $0.985658$ & $-0.587535$ & $-0.889491$ & $-0.105291$ & $0.314635$ & $0.113122$ & $0.30491$ & $0.27492$ & $-0.235153$ & $-0.429373$ & $-0.417721$ & $0.863505$ & $0.9038$ & $0.886667$ & $0.0896539$ & $-0.687566$ & $-0.397478$ & $-0.531936$ & $0.470551$ & $0.306425$ & $0.0293713$ & $0.0782769$ & $0.0661026$ & $-0.149477$ & $0.135864$ & $0.592401$ & $-0.0869198$ & $0.0810882$ & $0.0136863$ & $-0.0287337$ & $-0.156339$ & $-0.0305558$ & $0.196144$ & $0.067789$ & $0.0282174$ & $-0.0242622$ & $0.0606866$ & $-0.00635485$ & $-0.0315131$ & $-0.0474124$ & $0.132771$ \\
CHWHB_gaga & $-0.158473$ & $-0.22156$ & $-0.014052$ & $-0.112558$ & $0.00105482$ & $-0.147725$ & $-0.076826$ & $0.985658$ & $1$ & $-0.573888$ & $-0.875026$ & $-0.0860865$ & $0.307653$ & $0.106761$ & $0.300535$ & $0.267265$ & $-0.234912$ & $-0.426788$ & $-0.412567$ & $0.849769$ & $0.889227$ & $0.872492$ & $0.0857356$ & $-0.679864$ & $-0.39351$ & $-0.521001$ & $0.466317$ & $0.302394$ & $0.0324217$ & $0.0942081$ & $0.071261$ & $-0.100023$ & $0.156953$ & $0.583535$ & $-0.0850719$ & $0.0867265$ & $-0.000190867$ & $-0.0310546$ & $-0.153487$ & $-0.0297464$ & $0.204558$ & $0.0697051$ & $0.0563443$ & $-0.0249702$ & $0.061122$ & $-0.00559765$ & $-0.0343958$ & $-0.0414409$ & $0.138437$ \\
CHWHB_gagaorth & $0.129075$ & $0.150262$ & $0.0473646$ & $0.032909$ & $0.00269412$ & $0.0574383$ & $0.0706688$ & $-0.587535$ & $-0.573888$ & $1$ & $0.383858$ & $0.435041$ & $-0.232251$ & $0.221089$ & $-0.170174$ & $-0.130153$ & $0.431004$ & $0.509209$ & $0.489619$ & $-0.37319$ & $-0.394542$ & $-0.387727$ & $-0.0471387$ & $0.566101$ & $0.488375$ & $0.218482$ & $-0.251835$ & $-0.125351$ & $-0.0412414$ & $-0.122848$ & $-0.0454769$ & $0.0994216$ & $-0.141145$ & $-0.344768$ & $0.0650747$ & $-0.0356944$ & $-0.069849$ & $0.00475809$ & $0.138494$ & $0.0591261$ & $-0.163582$ & $-0.0569567$ & $0.0189847$ & $0.0220497$ & $-0.0412372$ & $0.0117087$ & $0.0323945$ & $0.0571211$ & $-0.0709786$ \\
CHD & $0.103992$ & $0.164969$ & $-0.0201887$ & $0.0867838$ & $-0.000700252$ & $0.207851$ & $0.0883208$ & $-0.889491$ & $-0.875026$ & $0.383858$ & $1$ & $0.206317$ & $-0.162558$ & $-0.509253$ & $-0.408124$ & $-0.386465$ & $-0.200964$ & $0.0738106$ & $0.0676454$ & $-0.991302$ & $-0.992469$ & $-0.97088$ & $-0.0334994$ & $0.345576$ & $0.0284424$ & $0.574594$ & $-0.357282$ & $-0.341728$ & $-0.00346166$ & $-0.0381129$ & $-0.0428587$ & $0.108138$ & $-0.0978389$ & $-0.42436$ & $0.0856192$ & $-0.105544$ & $0.0304237$ & $0.0165144$ & $0.118846$ & $0.0224389$ & $-0.144895$ & $-0.0377946$ & $-0.0352464$ & $0.029489$ & $-0.0335948$ & $0.0196631$ & $0.0120448$ & $0.0252881$ & $-0.116972$ \\
CHbox & $0.0484479$ & $0.056348$ & $-0.0559364$ & $-0.0793326$ & $-0.0114223$ & $0.105708$ & $-0.16986$ & $-0.105291$ & $-0.0860865$ & $0.435041$ & $0.206317$ & $1$ & $0.480794$ & $-0.252498$ & $-0.0214593$ & $-0.0234643$ & $-0.229435$ & $-0.17615$ & $-0.172087$ & $-0.190069$ & $-0.209177$ & $-0.201002$ & $0.00466615$ & $-0.0560372$ & $-0.182071$ & $0.0881503$ & $-0.0979734$ & $-0.0815548$ & $0.0440472$ & $0.2919$ & $0.137875$ & $-0.0810931$ & $0.355717$ & $-0.0850059$ & $0.100089$ & $-0.0342658$ & $-0.0939236$ & $0.00512689$ & $0.0269962$ & $0.0130055$ & $-0.0828209$ & $-0.0261106$ & $0.0372402$ & $0.00776966$ & $0.0195909$ & $0.0297055$ & $0.0239215$ & $0.0339662$ & $0.0260061$ \\
CH & $-0.0707191$ & $-0.0450768$ & $-0.0490964$ & $-0.080541$ & $0.000500588$ & $0.00626713$ & $-0.321542$ & $0.314635$ & $0.307653$ & $-0.232251$ & $-0.162558$ & $0.480794$ & $1$ & $-0.211603$ & $0.0870059$ & $0.0535056$ & $-0.323473$ & $-0.354055$ & $-0.331633$ & $0.160583$ & $0.170014$ & $0.168396$ & $0.0374806$ & $-0.355078$ & $-0.334265$ & $-0.0957622$ & $0.140526$ & $0.0350953$ & $0.0341352$ & $0.234246$ & $0.145886$ & $-0.293084$ & $0.29681$ & $0.183463$ & $0.0111999$ & $0.0545248$ & $-0.0243082$ & $-0.00491861$ & $-0.0707087$ & $-0.0575174$ & $0.0496602$ & $0.00520558$ & $0.0222332$ & $-0.00628754$ & $0.0170573$ & $0.0312791$ & $0.0127434$ & $-0.00350035$ & $0.0510238$ \\
CHL1_11 & $0.0745413$ & $0.0160522$ & $0.0808534$ & $0.0219832$ & $0.02368$ & $0.010284$ & $0.0349221$ & $0.113122$ & $0.106761$ & $0.221089$ & $-0.509253$ & $-0.252498$ & $-0.211603$ & $1$ & $0.262278$ & $0.254534$ & $0.657561$ & $0.589541$ & $0.593791$ & $0.527655$ & $0.473956$ & $0.459017$ & $-0.0699292$ & $0.445735$ & $0.600353$ & $-0.266437$ & $-0.0620814$ & $0.176358$ & $-0.0392296$ & $-0.058324$ & $-0.0284467$ & $0.0227968$ & $-0.047352$ & $-0.175554$ & $-0.0301143$ & $0.0678277$ & $-0.065766$ & $0.00444188$ & $0.0216961$ & $0.00491037$ & $-0.0489745$ & $-0.0370054$ & $0.0211419$ & $-0.00549701$ & $-0.0484336$ & $-0.0433906$ & $0.0270927$ & $0.0212569$ & $0.00500045$ \\
CHL1_22 & $0.0444309$ & $0.0548037$ & $-0.0478513$ & $-0.0243543$ & $0.00688319$ & $-0.044351$ & $-0.040327$ & $0.30491$ & $0.300535$ & $-0.170174$ & $-0.408124$ & $-0.0214593$ & $0.0870059$ & $0.262278$ & $1$ & $0.405671$ & $0.120816$ & $-0.463443$ & $-0.0366145$ & $0.467574$ & $0.33241$ & $0.323368$ & $-0.160479$ & $0.078254$ & $-0.1453$ & $-0.194078$ & $-0.342798$ & $0.140565$ & $-0.0341136$ & $0.0326561$ & $0.037816$ & $-0.0359452$ & $0.0760087$ & $-0.557115$ & $0.058122$ & $0.00757503$ & $-0.102532$ & $0.0236209$ & $-0.0528279$ & $-0.0628055$ & $-0.00731376$ & $-0.0168631$ & $0.057133$ & $-0.00842884$ & $0.00421866$ & $0.029979$ & $0.0449242$ & $0.022207$ & $0.0661991$ \\
CHL1_33 & $0.0492267$ & $0.0641285$ & $-0.042735$ & $-0.0241945$ & $0.00768911$ & $-0.0732351$ & $-0.0255185$ & $0.27492$ & $0.267265$ & $-0.130153$ & $-0.386465$ & $-0.0234643$ & $0.0535056$ & $0.254534$ & $0.405671$ & $1$ & $0.149896$ & $-0.00982787$ & $-0.442934$ & $0.445791$ & $0.312053$ & $0.324136$ & $-0.167972$ & $0.0897787$ & $-0.129529$ & $-0.183336$ & $-0.367211$ & $0.107916$ & $-0.0170588$ & $0.00368185$ & $0.0244682$ & $-0.0343868$ & $0.0135293$ & $-0.0599006$ & $-0.0321842$ & $0.00496766$ & $-0.0208418$ & $0.0598093$ & $-0.0133926$ & $-0.0411038$ & $-0.0349662$ & $-0.0125259$ & $-0.0345392$ & $-0.000719804$ & $-0.0315953$ & $0.0183186$ & $0.0225277$ & $-0.038903$ & $0.0305272$ \\
CHL3_11 & $0.104862$ & $0.0905242$ & $0.132148$ & $0.0579632$ & $0.00757664$ & $-0.255912$ & $0.105301$ & $-0.235153$ & $-0.234912$ & $0.431004$ & $-0.200964$ & $-0.229435$ & $-0.323473$ & $0.657561$ & $0.120816$ & $0.149896$ & $1$ & $0.7539$ & $0.736879$ & $0.221474$ & $0.175117$ & $0.166699$ & $-0.0860631$ & $0.664782$ & $0.792142$ & $-0.0739959$ & $-0.130859$ & $0.0633569$ & $-0.0512866$ & $-0.0916582$ & $-0.0548302$ & $0.0924082$ & $-0.0865831$ & $-0.206623$ & $-0.0224457$ & $0.0651888$ & $-0.0787505$ & $0.015089$ & $0.0736142$ & $0.0298294$ & $-0.0768168$ & $-0.0480911$ & $0.00797586$ & $-0.0139768$ & $-0.0352134$ & $-0.0149401$ & $0.0206265$ & $0.0524761$ & $-0.0370711$ \\
CHL3_22 & $0.0978842$ & $0.0645034$ & $0.12758$ & $0.0717691$ & $0.00518926$ & $-0.0669611$ & $0.116098$ & $-0.429373$ & $-0.426788$ & $0.509209$ & $0.0738106$ & $-0.17615$ & $-0.354055$ & $0.589541$ & $-0.463443$ & $-0.00982787$ & $0.7539$ & $1$ & $0.670759$ & $-0.0736644$ & $-0.0678742$ & $-0.0682557$ & $-0.0129979$ & $0.621517$ & $0.801928$ & $0.0588354$ & $-0.01988$ & $-0.0310514$ & $-0.0277992$ & $-0.100896$ & $-0.0723375$ & $0.106277$ & $-0.128995$ & $0.0371941$ & $-0.0445731$ & $0.0384312$ & $-0.0134575$ & $0.00846817$ & $0.105556$ & $0.0573562$ & $-0.0991524$ & $-0.0458332$ & $-0.0322657$ & $0.00199834$ & $-0.0570967$ & $-0.0398955$ & $0.000470846$ & $0.0280527$ & $-0.0802116$ \\
CHL3_33 & $0.0951911$ & $0.0574804$ & $0.119836$ & $0.0711589$ & $0.00765303$ & $-0.0464526$ & $0.105245$ & $-0.417721$ & $-0.412567$ & $0.489619$ & $0.0676454$ & $-0.172087$ & $-0.331633$ & $0.593791$ & $-0.0366145$ & $-0.442934$ & $0.736879$ & $0.670759$ & $1$ & $-0.0688562$ & $-0.0599372$ & $-0.0544897$ & $-0.0021003$ & $0.616375$ & $0.804052$ & $0.057388$ & $0.010435$ & $-0.0162899$ & $-0.0392099$ & $-0.0805084$ & $-0.0645234$ & $0.104345$ & $-0.0859419$ & $-0.332066$ & $0.0241339$ & $0.0370925$ & $-0.0653859$ & $-0.019301$ & $0.0756485$ & $0.041711$ & $-0.0769265$ & $-0.0448659$ & $0.0291447$ & $-0.00421144$ & $-0.0302819$ & $-0.0332996$ & $0.017172$ & $0.0678886$ & $-0.0524358$ \\
CHe_11 & $-0.0871633$ & $-0.137514$ & $0.0212643$ & $-0.0825925$ & $0.0063689$ & $-0.201997$ & $-0.0840059$ & $0.863505$ & $0.849769$ & $-0.37319$ & $-0.991302$ & $-0.190069$ & $0.160583$ & $0.527655$ & $0.467574$ & $0.445791$ & $0.221474$ & $-0.0736644$ & $-0.0688562$ & $1$ & $0.976106$ & $0.954545$ & $0.00962646$ & $-0.29516$ & $-0.0202322$ & $-0.564287$ & $0.290202$ & $0.336856$ & $-0.000387222$ & $0.0402145$ & $0.0428368$ & $-0.101347$ & $0.100497$ & $0.352613$ & $-0.0749876$ & $0.101867$ & $-0.0426349$ & $-0.00765114$ & $-0.107223$ & $-0.023695$ & $0.130382$ & $0.0313932$ & $0.0350232$ & $-0.0325656$ & $0.0290446$ & $-0.0150627$ & $-0.00631102$ & $-0.0214089$ & $0.115099$ \\
CHe_22 & $-0.121356$ & $-0.171423$ & $0.0284203$ & $-0.088189$ & $0.00951524$ & $-0.214091$ & $-0.0914511$ & $0.9038$ & $0.889227$ & $-0.394542$ & $-0.992469$ & $-0.209177$ & $0.170014$ & $0.473956$ & $0.33241$ & $0.312053$ & $0.175117$ & $-0.0678742$ & $-0.0599372$ & $0.976106$ & $1$ & $0.97538$ & $0.0578751$ & $-0.393937$ & $-0.0318942$ & $-0.574718$ & $0.429311$ & $0.339902$ & $0.00898731$ & $0.0380859$ & $0.0418139$ & $-0.111994$ & $0.0963005$ & $0.499231$ & $-0.09095$ & $0.110777$ & $-0.0186701$ & $-0.0230102$ & $-0.115106$ & $-0.0152933$ & $0.160003$ & $0.0456667$ & $0.0317761$ & $-0.034279$ & $0.0383762$ & $-0.0212187$ & $-0.0176267$ & $-0.0262695$ & $0.116023$ \\
CHe_33 & $-0.119241$ & $-0.169201$ & $0.0170477$ & $-0.0846167$ & $0.0140292$ & $-0.21956$ & $-0.0918718$ & $0.886667$ & $0.872492$ & $-0.387727$ & $-0.97088$ & $-0.201002$ & $0.168396$ & $0.459017$ & $0.323368$ & $0.324136$ & $0.166699$ & $-0.0682557$ & $-0.0544897$ & $0.954545$ & $0.97538$ & $1$ & $0.0603659$ & $-0.389513$ & $-0.0326895$ & $-0.56471$ & $0.424192$ & $0.336549$ & $0.0110712$ & $0.0406275$ & $0.0396417$ & $-0.112098$ & $0.0932723$ & $0.494247$ & $-0.0774707$ & $0.100858$ & $-0.0153111$ & $-0.0227513$ & $-0.118431$ & $-0.0134606$ & $0.154578$ & $0.0478581$ & $0.0262239$ & $-0.038007$ & $0.0397555$ & $-0.0270732$ & $-0.0109182$ & $-0.0358298$ & $0.117532$ \\
CHQ1_11 & $-0.0778168$ & $-0.116574$ & $0.0261943$ & $-0.0338206$ & $-0.0121663$ & $-0.00447368$ & $-0.0429748$ & $0.0896539$ & $0.0857356$ & $-0.0471387$ & $-0.0334994$ & $0.00466615$ & $0.0374806$ & $-0.0699292$ & $-0.160479$ & $-0.167972$ & $-0.0860631$ & $-0.0129979$ & $-0.0021003$ & $0.00962646$ & $0.0578751$ & $0.0603659$ & $1$ & $-0.161348$ & $0.0635145$ & $-0.683051$ & $0.346413$ & $0.00572764$ & $0.058101$ & $-0.00511509$ & $-0.00485798$ & $-0.0485399$ & $-0.0105628$ & $0.197724$ & $-0.0627974$ & $0.0192653$ & $0.00263693$ & $-0.0241299$ & $0.00673536$ & $-0.0307476$ & $0.029568$ & $0.0445005$ & $-0.0069509$ & $-0.00219167$ & $-0.0271033$ & $-0.00218457$ & $-0.0519204$ & $-0.0355667$ & $-0.031971$ \\
CHQ1_33 & $0.163706$ & $0.188026$ & $0.0728444$ & $0.0947731$ & $-0.0028735$ & $0.0299698$ & $0.13423$ & $-0.687566$ & $-0.679864$ & $0.566101$ & $0.345576$ & $-0.0560372$ & $-0.355078$ & $0.445735$ & $0.078254$ & $0.0897787$ & $0.664782$ & $0.621517$ & $0.616375$ & $-0.29516$ & $-0.393937$ & $-0.389513$ & $-0.161348$ & $1$ & $0.640787$ & $0.247681$ & $-0.437996$ & $-0.0304201$ & $-0.0478011$ & $-0.0926813$ & $-0.0568235$ & $0.140664$ & $-0.10741$ & $-0.632609$ & $0.0688461$ & $-0.0268962$ & $-0.0894518$ & $0.0348047$ & $0.132895$ & $0.0189116$ & $-0.159446$ & $-0.072706$ & $0.00364672$ & $0.00170831$ & $-0.0520941$ & $-0.0311036$ & $0.048133$ & $0.0643432$ & $-0.0689277$ \\
CHQ3_11 & $0.00613876$ & $0.00507935$ & $0.148717$ & $0.0751834$ & $0.0138353$ & $-0.0905645$ & $0.0944608$ & $-0.397478$ & $-0.39351$ & $0.488375$ & $0.0284424$ & $-0.182071$ & $-0.334265$ & $0.600353$ & $-0.1453$ & $-0.129529$ & $0.792142$ & $0.801928$ & $0.804052$ & $-0.0202322$ & $-0.0318942$ & $-0.0326895$ & $0.0635145$ & $0.640787$ & $1$ & $0.036209$ & $0.191214$ & $-0.0134431$ & $-0.0190508$ & $-0.10781$ & $-0.0608017$ & $0.0842908$ & $-0.107349$ & $-0.19694$ & $-0.0346775$ & $0.0359567$ & $-0.0306542$ & $-0.0302983$ & $0.0739061$ & $0.0347258$ & $-0.0569283$ & $-0.0355475$ & $0.000878285$ & $0.0109937$ & $-0.01616$ & $-0.0316156$ & $0.00241765$ & $0.0677326$ & $-0.0578367$ \\
CHu_11 & $0.0588827$ & $0.111412$ & $0.00501082$ & $0.102491$ & $0.00484512$ & $0.116984$ & $0.0755698$ & $-0.531936$ & $-0.521001$ & $0.218482$ & $0.574594$ & $0.0881503$ & $-0.0957622$ & $-0.266437$ & $-0.194078$ & $-0.183336$ & $-0.0739959$ & $0.0588354$ & $0.057388$ & $-0.564287$ & $-0.574718$ & $-0.56471$ & $-0.683051$ & $0.247681$ & $0.036209$ & $1$ & $-0.219607$ & $-0.193343$ & $-0.0263244$ & $-0.0184854$ & $-0.0150413$ & $0.0839948$ & $-0.0484504$ & $-0.288682$ & $0.0521847$ & $-0.0708235$ & $0.0572546$ & $-0.00811365$ & $0.0327526$ & $0.0455567$ & $-0.0566545$ & $-0.0621119$ & $-0.010873$ & $0.0336547$ & $0.0262809$ & $0.00719708$ & $0.0438969$ & $0.0419597$ & $-0.0345667$ \\
CHd_11 & $-0.227361$ & $-0.268821$ & $0.0799244$ & $-0.0481611$ & $0.00382004$ & $-0.122128$ & $-0.0693496$ & $0.470551$ & $0.466317$ & $-0.251835$ & $-0.357282$ & $-0.0979734$ & $0.140526$ & $-0.0620814$ & $-0.342798$ & $-0.367211$ & $-0.130859$ & $-0.01988$ & $0.010435$ & $0.290202$ & $0.429311$ & $0.424192$ & $0.346413$ & $-0.437996$ & $0.191214$ & $-0.219607$ & $1$ & $0.114022$ & $0.0707826$ & $0.00992975$ & $0.0308867$ & $-0.0866253$ & $0.0487296$ & $0.679014$ & $-0.0972183$ & $0.0673709$ & $0.0748357$ & $-0.0896135$ & $-0.0819261$ & $0.0154447$ & $0.203467$ & $0.060309$ & $0.0355178$ & $-0.0270003$ & $0.0909488$ & $-0.0405286$ & $-0.0364986$ & $-0.0117747$ & $0.0610675$ \\
CHd_33 & $0.0334627$ & $-0.0364632$ & $0.0542209$ & $-0.0555861$ & $-0.0314824$ & $-0.0455264$ & $-0.026241$ & $0.306425$ & $0.302394$ & $-0.125351$ & $-0.341728$ & $-0.0815548$ & $0.0350953$ & $0.176358$ & $0.140565$ & $0.107916$ & $0.0633569$ & $-0.0310514$ & $-0.0162899$ & $0.336856$ & $0.339902$ & $0.336549$ & $0.00572764$ & $-0.0304201$ & $-0.0134431$ & $-0.193343$ & $0.114022$ & $1$ & $-0.00459614$ & $-0.00327701$ & $0.00984963$ & $-0.0350143$ & $0.0167512$ & $0.146046$ & $-0.00708733$ & $0.0118367$ & $-0.0330076$ & $-0.0287591$ & $-0.013036$ & $0.0180223$ & $0.00846851$ & $0.0471385$ & $0.00267961$ & $-0.0344622$ & $0.0231352$ & $-0.0447531$ & $0.0101006$ & $-0.0125645$ & $0.0175086$ \\
CeH_22r & $0.0482784$ & $-0.0231196$ & $0.0213299$ & $-0.029944$ & $0.00840281$ & $0.00781219$ & $0.0115627$ & $0.0293713$ & $0.0324217$ & $-0.0412414$ & $-0.00346166$ & $0.0440472$ & $0.0341352$ & $-0.0392296$ & $-0.0341136$ & $-0.0170588$ & $-0.0512866$ & $-0.0277992$ & $-0.0392099$ & $-0.000387222$ & $0.00898731$ & $0.0110712$ & $0.058101$ & $-0.0478011$ & $-0.0190508$ & $-0.0263244$ & $0.0707826$ & $-0.00459614$ & $1$ & $0.0685671$ & $0.0360541$ & $0.003532$ & $0.0712432$ & $0.0500698$ & $-0.0114805$ & $0.0102717$ & $-0.0642275$ & $-0.0248099$ & $-0.0682995$ & $0.00946271$ & $-0.0273994$ & $0.00646844$ & $0.0271968$ & $-0.000487998$ & $0.0391677$ & $-0.0282139$ & $-0.0217441$ & $0.00471411$ & $0.0477833$ \\
CeH_33r & $0.0249309$ & $-0.0367618$ & $0.00247714$ & $-0.0488998$ & $0.00243859$ & $0.0351344$ & $-0.13024$ & $0.0782769$ & $0.0942081$ & $-0.122848$ & $-0.0381129$ & $0.2919$ & $0.234246$ & $-0.058324$ & $0.0326561$ & $0.00368185$ & $-0.0916582$ & $-0.100896$ & $-0.0805084$ & $0.0402145$ & $0.0380859$ & $0.0406275$ & $-0.00511509$ & $-0.0926813$ & $-0.10781$ & $-0.0184854$ & $0.00992975$ & $-0.00327701$ & $0.0685671$ & $1$ & $0.313009$ & $0.0180907$ & $0.658462$ & $0.0311887$ & $0.0280645$ & $0.00727912$ & $-0.144529$ & $-0.0386755$ & $-0.053722$ & $-0.0472551$ & $-0.0195855$ & $-0.0301663$ & $0.0488978$ & $-0.0130618$ & $0.0493489$ & $0.00402431$ & $0.00181254$ & $0.0470757$ & $0.05067$ \\
CuH_22r & $0.0747737$ & $0.04294$ & $0.00157467$ & $-0.0136303$ & $-0.0277133$ & $-0.000233547$ & $-0.130878$ & $0.0661026$ & $0.071261$ & $-0.0454769$ & $-0.0428587$ & $0.137875$ & $0.145886$ & $-0.0284467$ & $0.037816$ & $0.0244682$ & $-0.0548302$ & $-0.0723375$ & $-0.0645234$ & $0.0428368$ & $0.0418139$ & $0.0396417$ & $-0.00485798$ & $-0.0568235$ & $-0.0608017$ & $-0.0150413$ & $0.0308867$ & $0.00984963$ & $0.0360541$ & $0.313009$ & $1$ & $-0.0344301$ & $0.404246$ & $0.0246157$ & $0.0741163$ & $0.0143995$ & $-0.122776$ & $-0.0139068$ & $-0.0536882$ & $-0.0324128$ & $0.0171847$ & $-0.0352757$ & $0.123056$ & $-0.081279$ & $0.090825$ & $-0.0773529$ & $0.226408$ & $-0.0169495$ & $0.122636$ \\
CuH_33r & $0.11777$ & $0.0269522$ & $0.155142$ & $0.051591$ & $-0.0312429$ & $0.00312776$ & $0.936068$ & $-0.149477$ & $-0.100023$ & $0.0994216$ & $0.108138$ & $-0.0810931$ & $-0.293084$ & $0.0227968$ & $-0.0359452$ & $-0.0343868$ & $0.0924082$ & $0.106277$ & $0.104345$ & $-0.101347$ & $-0.111994$ & $-0.112098$ & $-0.0485399$ & $0.140664$ & $0.0842908$ & $0.0839948$ & $-0.0866253$ & $-0.0350143$ & $0.003532$ & $0.0180907$ & $-0.0344301$ & $1$ & $0.0208795$ & $-0.0914185$ & $0.0297329$ & $-0.00728595$ & $-0.086042$ & $0.0131656$ & $0.0417902$ & $0.0533794$ & $0.0391037$ & $-0.0260778$ & $0.0660871$ & $-0.018434$ & $0.0194109$ & $-0.0197922$ & $-0.0625988$ & $0.0279767$ & $-0.0344273$ \\
CdH_33r & $-0.0193447$ & $-0.0716204$ & $-0.134225$ & $-0.0819476$ & $-0.0158215$ & $0.0175135$ & $-0.163854$ & $0.135864$ & $0.156953$ & $-0.141145$ & $-0.0978389$ & $0.355717$ & $0.29681$ & $-0.047352$ & $0.0760087$ & $0.0135293$ & $-0.0865831$ & $-0.128995$ & $-0.0859419$ & $0.100497$ & $0.0963005$ & $0.0932723$ & $-0.0105628$ & $-0.10741$ & $-0.107349$ & $-0.0484504$ & $0.0487296$ & $0.0167512$ & $0.0712432$ & $0.658462$ & $0.404246$ & $0.0208795$ & $1$ & $0.0450233$ & $0.0911874$ & $-0.0672052$ & $-0.324455$ & $-0.0111434$ & $-0.149589$ & $-0.049499$ & $0.111958$ & $-0.049977$ & $0.242374$ & $0.0617107$ & $0.120274$ & $-0.199876$ & $0.120267$ & $0.120561$ & $0.483388$ \\
CLL_1221 & $-0.181951$ & $-0.194164$ & $0.0275993$ & $-0.0733722$ & $-0.00617122$ & $-0.180073$ & $-0.0713862$ & $0.592401$ & $0.583535$ & $-0.344768$ & $-0.42436$ & $-0.0850059$ & $0.183463$ & $-0.175554$ & $-0.557115$ & $-0.0599006$ & $-0.206623$ & $0.0371941$ & $-0.332066$ & $0.352613$ & $0.499231$ & $0.494247$ & $0.197724$ & $-0.632609$ & $-0.19694$ & $-0.288682$ & $0.679014$ & $0.146046$ & $0.0500698$ & $0.0311887$ & $0.0246157$ & $-0.0914185$ & $0.0450233$ & $1$ & $-0.120866$ & $0.0710047$ & $0.0993829$ & $-0.0379686$ & $-0.0686249$ & $0.0297451$ & $0.173782$ & $0.0722766$ & $-0.0293143$ & $-0.0271922$ & $0.0505476$ & $-0.0217615$ & $-0.059361$ & $-0.057973$ & $0.054165$ \\
eHggint & $0.208781$ & $0.312719$ & $-0.266199$ & $-0.0937371$ & $0.00581774$ & $-0.0400134$ & $-0.0305477$ & $-0.0869198$ & $-0.0850719$ & $0.0650747$ & $0.0856192$ & $0.100089$ & $0.0111999$ & $-0.0301143$ & $0.058122$ & $-0.0321842$ & $-0.0224457$ & $-0.0445731$ & $0.0241339$ & $-0.0749876$ & $-0.09095$ & $-0.0774707$ & $-0.0627974$ & $0.0688461$ & $-0.0346775$ & $0.0521847$ & $-0.0972183$ & $-0.00708733$ & $-0.0114805$ & $0.0280645$ & $0.0741163$ & $0.0297329$ & $0.0911874$ & $-0.120866$ & $1$ & $-0.187295$ & $-0.354824$ & $0.0697431$ & $0.145318$ & $-0.103173$ & $-0.125408$ & $-0.072428$ & $0.245535$ & $-0.314757$ & $0.232433$ & $-0.144142$ & $0.338424$ & $0.0481103$ & $0.175149$ \\
eHggpar & $0.0882155$ & $0.0484791$ & $0.367282$ & $-0.155167$ & $-0.0158333$ & $-0.000105883$ & $-0.0195662$ & $0.0810882$ & $0.0867265$ & $-0.0356944$ & $-0.105544$ & $-0.0342658$ & $0.0545248$ & $0.0678277$ & $0.00757503$ & $0.00496766$ & $0.0651888$ & $0.0384312$ & $0.0370925$ & $0.101867$ & $0.110777$ & $0.100858$ & $0.0192653$ & $-0.0268962$ & $0.0359567$ & $-0.0708235$ & $0.0673709$ & $0.0118367$ & $0.0102717$ & $0.00727912$ & $0.0143995$ & $-0.00728595$ & $-0.0672052$ & $0.0710047$ & $-0.187295$ & $1$ & $-0.0854456$ & $-0.0755263$ & $-0.025047$ & $0.0545964$ & $0.191101$ & $0.034072$ & $0.281717$ & $0.00550632$ & $-0.2997$ & $0.212446$ & $-0.157676$ & $-0.123647$ & $-0.200288$ \\
eHWWint & $-0.152971$ & $0.0409833$ & $-0.0289008$ & $0.16203$ & $0.0296425$ & $0.0135298$ & $-0.0173798$ & $0.0136863$ & $-0.000190867$ & $-0.069849$ & $0.0304237$ & $-0.0939236$ & $-0.0243082$ & $-0.065766$ & $-0.102532$ & $-0.0208418$ & $-0.0787505$ & $-0.0134575$ & $-0.0653859$ & $-0.0426349$ & $-0.0186701$ & $-0.0153111$ & $0.00263693$ & $-0.0894518$ & $-0.0306542$ & $0.0572546$ & $0.0748357$ & $-0.0330076$ & $-0.0642275$ & $-0.144529$ & $-0.122776$ & $-0.086042$ & $-0.324455$ & $0.0993829$ & $-0.354824$ & $-0.0854456$ & $1$ & $-0.0328081$ & $0.10505$ & $0.111712$ & $0.0408732$ & $0.0405307$ & $-0.369294$ & $0.0201887$ & $0.0765111$ & $0.198818$ & $-0.0899743$ & $-0.387522$ & $-0.293603$ \\
eHWWpar & $0.140381$ & $0.133927$ & $-0.077224$ & $-0.136983$ & $-0.0217288$ & $0.00143378$ & $0.0186602$ & $-0.0287337$ & $-0.0310546$ & $0.00475809$ & $0.0165144$ & $0.00512689$ & $-0.00491861$ & $0.00444188$ & $0.0236209$ & $0.0598093$ & $0.015089$ & $0.00846817$ & $-0.019301$ & $-0.00765114$ & $-0.0230102$ & $-0.0227513$ & $-0.0241299$ & $0.0348047$ & $-0.0302983$ & $-0.00811365$ & $-0.0896135$ & $-0.0287591$ & $-0.0248099$ & $-0.0386755$ & $-0.0139068$ & $0.0131656$ & $-0.0111434$ & $-0.0379686$ & $0.0697431$ & $-0.0755263$ & $-0.0328081$ & $1$ & $0.190124$ & $-0.0434436$ & $-0.162189$ & $-0.0702078$ & $-0.0112715$ & $-0.0187902$ & $0.0607117$ & $-0.118299$ & $0.14021$ & $-0.0296176$ & $0.059475$ \\
eHZZint & $0.179352$ & $0.537632$ & $0.218806$ & $0.141107$ & $-0.029763$ & $0.00261528$ & $0.0385032$ & $-0.156339$ & $-0.153487$ & $0.138494$ & $0.118846$ & $0.0269962$ & $-0.0707087$ & $0.0216961$ & $-0.0528279$ & $-0.0133926$ & $0.0736142$ & $0.105556$ & $0.0756485$ & $-0.107223$ & $-0.115106$ & $-0.118431$ & $0.00673536$ & $0.132895$ & $0.0739061$ & $0.0327526$ & $-0.0819261$ & $-0.013036$ & $-0.0682995$ & $-0.053722$ & $-0.0536882$ & $0.0417902$ & $-0.149589$ & $-0.0686249$ & $0.145318$ & $-0.025047$ & $0.10505$ & $0.190124$ & $1$ & $0.0537932$ & $-0.39627$ & $0.000606217$ & $-0.0607014$ & $-0.0101479$ & $-0.176339$ & $0.102472$ & $0.0973101$ & $0.0328545$ & $-0.223056$ \\
eHZZpar & $0.0124204$ & $0.0335097$ & $0.116364$ & $0.094943$ & $0.0156336$ & $0.0226308$ & $0.0438797$ & $-0.0305558$ & $-0.0297464$ & $0.0591261$ & $0.0224389$ & $0.0130055$ & $-0.0575174$ & $0.00491037$ & $-0.0628055$ & $-0.0411038$ & $0.0298294$ & $0.0573562$ & $0.041711$ & $-0.023695$ & $-0.0152933$ & $-0.0134606$ & $-0.0307476$ & $0.0189116$ & $0.0347258$ & $0.0455567$ & $0.0154447$ & $0.0180223$ & $0.00946271$ & $-0.0472551$ & $-0.0324128$ & $0.0533794$ & $-0.049499$ & $0.0297451$ & $-0.103173$ & $0.0545964$ & $0.111712$ & $-0.0434436$ & $0.0537932$ & $1$ & $-0.00875632$ & $-0.0132101$ & $-0.0175362$ & $0.00140115$ & $-0.0232029$ & $0.0382188$ & $-0.00584901$ & $-0.034771$ & $-0.0618976$ \\
eHZgaint & $-0.228045$ & $-0.125763$ & $-0.0236049$ & $-0.141211$ & $0.0377376$ & $-0.0656101$ & $0.0462949$ & $0.196144$ & $0.204558$ & $-0.163582$ & $-0.144895$ & $-0.0828209$ & $0.0496602$ & $-0.0489745$ & $-0.00731376$ & $-0.0349662$ & $-0.0768168$ & $-0.0991524$ & $-0.0769265$ & $0.130382$ & $0.160003$ & $0.154578$ & $0.029568$ & $-0.159446$ & $-0.0569283$ & $-0.0566545$ & $0.203467$ & $0.00846851$ & $-0.0273994$ & $-0.0195855$ & $0.0171847$ & $0.0391037$ & $0.111958$ & $0.173782$ & $-0.125408$ & $0.191101$ & $0.0408732$ & $-0.162189$ & $-0.39627$ & $-0.00875632$ & $1$ & $0.0213637$ & $0.215189$ & $-0.0804844$ & $-0.025655$ & $-0.180972$ & $-0.180571$ & $0.039021$ & $0.23575$ \\
eHZgapar & $-0.148535$ & $-0.0755675$ & $-0.00757351$ & $-0.0581183$ & $-0.00380207$ & $-0.0127416$ & $-0.0134709$ & $0.067789$ & $0.0697051$ & $-0.0569567$ & $-0.0377946$ & $-0.0261106$ & $0.00520558$ & $-0.0370054$ & $-0.0168631$ & $-0.0125259$ & $-0.0480911$ & $-0.0458332$ & $-0.0448659$ & $0.0313932$ & $0.0456667$ & $0.0478581$ & $0.0445005$ & $-0.072706$ & $-0.0355475$ & $-0.0621119$ & $0.060309$ & $0.0471385$ & $0.00646844$ & $-0.0301663$ & $-0.0352757$ & $-0.0260778$ & $-0.049977$ & $0.0722766$ & $-0.072428$ & $0.034072$ & $0.0405307$ & $-0.0702078$ & $0.000606217$ & $-0.0132101$ & $0.0213637$ & $1$ & $-0.0242356$ & $0.109243$ & $-0.00881401$ & $0.0962951$ & $-0.0641905$ & $0.0587341$ & $-0.0801255$ \\
eHgagaint & $0.303842$ & $-0.0346957$ & $-0.00462783$ & $-0.0819519$ & $0.00489384$ & $0.00577573$ & $0.026686$ & $0.0282174$ & $0.0563443$ & $0.0189847$ & $-0.0352464$ & $0.0372402$ & $0.0222332$ & $0.0211419$ & $0.057133$ & $-0.0345392$ & $0.00797586$ & $-0.0322657$ & $0.0291447$ & $0.0350232$ & $0.0317761$ & $0.0262239$ & $-0.0069509$ & $0.00364672$ & $0.000878285$ & $-0.010873$ & $0.0355178$ & $0.00267961$ & $0.0271968$ & $0.0488978$ & $0.123056$ & $0.0660871$ & $0.242374$ & $-0.0293143$ & $0.245535$ & $0.281717$ & $-0.369294$ & $-0.0112715$ & $-0.0607014$ & $-0.0175362$ & $0.215189$ & $-0.0242356$ & $1$ & $-0.0166226$ & $0.0868206$ & $-0.0321255$ & $0.253347$ & $-0.0262367$ & $0.431846$ \\
eHmumuint & $-0.309787$ & $-0.281558$ & $-0.145593$ & $0.0533211$ & $-0.0143532$ & $0.103281$ & $-0.0035354$ & $-0.0242622$ & $-0.0249702$ & $0.0220497$ & $0.029489$ & $0.00776966$ & $-0.00628754$ & $-0.00549701$ & $-0.00842884$ & $-0.000719804$ & $-0.0139768$ & $0.00199834$ & $-0.00421144$ & $-0.0325656$ & $-0.034279$ & $-0.038007$ & $-0.00219167$ & $0.00170831$ & $0.0109937$ & $0.0336547$ & $-0.0270003$ & $-0.0344622$ & $-0.000487998$ & $-0.0130618$ & $-0.081279$ & $-0.018434$ & $0.0617107$ & $-0.0271922$ & $-0.314757$ & $0.00550632$ & $0.0201887$ & $-0.0187902$ & $-0.0101479$ & $0.00140115$ & $-0.0804844$ & $0.109243$ & $-0.0166226$ & $1$ & $-0.247724$ & $0.0903592$ & $-0.153144$ & $0.168259$ & $0.131027$ \\
eHtautauint & $-0.0686125$ & $-0.0968724$ & $0.109077$ & $0.104783$ & $-0.00131171$ & $0.00624283$ & $0.00835437$ & $0.0606866$ & $0.061122$ & $-0.0412372$ & $-0.0335948$ & $0.0195909$ & $0.0170573$ & $-0.0484336$ & $0.00421866$ & $-0.0315953$ & $-0.0352134$ & $-0.0570967$ & $-0.0302819$ & $0.0290446$ & $0.0383762$ & $0.0397555$ & $-0.0271033$ & $-0.0520941$ & $-0.01616$ & $0.0262809$ & $0.0909488$ & $0.0231352$ & $0.0391677$ & $0.0493489$ & $0.090825$ & $0.0194109$ & $0.120274$ & $0.0505476$ & $0.232433$ & $-0.2997$ & $0.0765111$ & $0.0607117$ & $-0.176339$ & $-0.0232029$ & $-0.025655$ & $-0.00881401$ & $0.0868206$ & $-0.247724$ & $1$ & $-0.13093$ & $0.136914$ & $0.177477$ & $0.212605$ \\
eHccint & $-0.0758627$ & $-0.0287483$ & $0.180243$ & $0.152773$ & $-0.00341592$ & $0.042399$ & $-0.0156737$ & $-0.00635485$ & $-0.00559765$ & $0.0117087$ & $0.0196631$ & $0.0297055$ & $0.0312791$ & $-0.0433906$ & $0.029979$ & $0.0183186$ & $-0.0149401$ & $-0.0398955$ & $-0.0332996$ & $-0.0150627$ & $-0.0212187$ & $-0.0270732$ & $-0.00218457$ & $-0.0311036$ & $-0.0316156$ & $0.00719708$ & $-0.0405286$ & $-0.0447531$ & $-0.0282139$ & $0.00402431$ & $-0.0773529$ & $-0.0197922$ & $-0.199876$ & $-0.0217615$ & $-0.144142$ & $0.212446$ & $0.198818$ & $-0.118299$ & $0.102472$ & $0.0382188$ & $-0.180972$ & $0.0962951$ & $-0.0321255$ & $0.0903592$ & $-0.13093$ & $1$ & $-0.3671$ & $-0.180851$ & $-0.389407$ \\
eHccpar & $0.31939$ & $0.239751$ & $-0.158291$ & $0.132304$ & $-0.032283$ & $-0.0584945$ & $-0.0730308$ & $-0.0315131$ & $-0.0343958$ & $0.0323945$ & $0.0120448$ & $0.0239215$ & $0.0127434$ & $0.0270927$ & $0.0449242$ & $0.0225277$ & $0.0206265$ & $0.000470846$ & $0.017172$ & $-0.00631102$ & $-0.0176267$ & $-0.0109182$ & $-0.0519204$ & $0.048133$ & $0.00241765$ & $0.0438969$ & $-0.0364986$ & $0.0101006$ & $-0.0217441$ & $0.00181254$ & $0.226408$ & $-0.0625988$ & $0.120267$ & $-0.059361$ & $0.338424$ & $-0.157676$ & $-0.0899743$ & $0.14021$ & $0.0973101$ & $-0.00584901$ & $-0.180571$ & $-0.0641905$ & $0.253347$ & $-0.153144$ & $0.136914$ & $-0.3671$ & $1$ & $-0.211979$ & $0.348928$ \\
eHbbint & $-0.164267$ & $-0.0175648$ & $0.0739692$ & $0.0833058$ & $0.00505528$ & $0.0261706$ & $0.0141645$ & $-0.0474124$ & $-0.0414409$ & $0.0571211$ & $0.0252881$ & $0.0339662$ & $-0.00350035$ & $0.0212569$ & $0.022207$ & $-0.038903$ & $0.0524761$ & $0.0280527$ & $0.0678886$ & $-0.0214089$ & $-0.0262695$ & $-0.0358298$ & $-0.0355667$ & $0.0643432$ & $0.0677326$ & $0.0419597$ & $-0.0117747$ & $-0.0125645$ & $0.00471411$ & $0.0470757$ & $-0.0169495$ & $0.0279767$ & $0.120561$ & $-0.057973$ & $0.0481103$ & $-0.123647$ & $-0.387522$ & $-0.0296176$ & $0.0328545$ & $-0.034771$ & $0.039021$ & $0.0587341$ & $-0.0262367$ & $0.168259$ & $0.177477$ & $-0.180851$ & $-0.211979$ & $1$ & $-0.0407239$ \\
eHbbpar & $-0.1126$ & $-0.0698858$ & $-0.374128$ & $-0.0869781$ & $0.00721688$ & $-0.043428$ & $-0.0518839$ & $0.132771$ & $0.138437$ & $-0.0709786$ & $-0.116972$ & $0.0260061$ & $0.0510238$ & $0.00500045$ & $0.0661991$ & $0.0305272$ & $-0.0370711$ & $-0.0802116$ & $-0.0524358$ & $0.115099$ & $0.116023$ & $0.117532$ & $-0.031971$ & $-0.0689277$ & $-0.0578367$ & $-0.0345667$ & $0.0610675$ & $0.0175086$ & $0.0477833$ & $0.05067$ & $0.122636$ & $-0.0344273$ & $0.483388$ & $0.054165$ & $0.175149$ & $-0.200288$ & $-0.293603$ & $0.059475$ & $-0.223056$ & $-0.0618976$ & $0.23575$ & $-0.0801255$ & $0.431846$ & $0.131027$ & $0.212605$ & $-0.389407$ & $0.348928$ & $-0.0407239$ & $1$ \\
