 & AlsMz & dAle5Mz & mtop & mHl & Mz & CW & CHG & CHWB & CHWHB_gaga & CHWHB_gagaorth & CHD & CHbox & CH & CHL1_11 & CHL1_22 & CHL1_33 & CHL3_11 & CHL3_22 & CHL3_33 & CHe_11 & CHe_22 & CHe_33 & CHQ1_11 & CHQ1_33 & CHQ3_11 & CHu_11 & CHd_11 & CHd_33 & CeH_22r & CeH_33r & CuH_22r & CuH_33r & CdH_33r & CLL_1221 & eHggint & eHggpar & eHWWint & eHWWpar & eHZZint & eHZZpar & eHZgaint & eHZgapar & eHgagaint & eHmumuint & eHtautauint & eHccint & eHccpar & eHbbint & eHbbpar \\
AlsMz & $1$ & $0.54042$ & $-0.47245$ & $0.0660824$ & $0.0226434$ & $0.0139481$ & $0.0393834$ & $0.0113959$ & $0.0111069$ & $-0.0224985$ & $-0.000182541$ & $-0.0742687$ & $-0.0904669$ & $-0.0277119$ & $-0.0133342$ & $-0.0100755$ & $-0.0276845$ & $-0.0261383$ & $-0.0265136$ & $0.000187734$ & $0.00432607$ & $0.00482223$ & $0.0106655$ & $-0.0528729$ & $-0.0553879$ & $-0.0124334$ & $0.0222197$ & $0.00661526$ & $-0.0150169$ & $-0.0409329$ & $-0.0409059$ & $0.0204003$ & $-0.0315785$ & $0.0367193$ & $-0.306815$ & $-0.353713$ & $-0.445998$ & $0.02435$ & $-0.117551$ & $-0.0662654$ & $0.100879$ & $0.0014217$ & $-0.111394$ & $0.0598414$ & $0.0531689$ & $-0.298378$ & $-0.135229$ & $-0.0495672$ & $0.136391$ \\
dAle5Mz & $0.54042$ & $1$ & $-0.0545939$ & $0.377935$ & $0.0272764$ & $0.0339455$ & $0.139067$ & $-0.0488976$ & $-0.0467501$ & $0.0421441$ & $0.0690028$ & $-0.0689657$ & $-0.140694$ & $-0.0741958$ & $-0.0395693$ & $-0.0268459$ & $-0.0473648$ & $-0.036302$ & $-0.0415874$ & $-0.0621763$ & $-0.0603091$ & $-0.0577607$ & $0.00719836$ & $-0.0279942$ & $-0.0526227$ & $0.0375509$ & $0.0002724$ & $-0.0146774$ & $-0.010639$ & $-0.0708798$ & $-0.0704628$ & $0.142071$ & $-0.0489468$ & $0.0169273$ & $-0.131948$ & $-0.163581$ & $-0.35418$ & $0.0570859$ & $0.378385$ & $-0.0209634$ & $-0.0386054$ & $-0.00379399$ & $-0.0158027$ & $0.043298$ & $0.227139$ & $-0.625372$ & $-0.12099$ & $-0.0217817$ & $0.284073$ \\
mtop & $-0.47245$ & $-0.0545939$ & $1$ & $-0.157307$ & $-0.00845794$ & $-0.018196$ & $0.0812669$ & $0.0102994$ & $0.0129403$ & $0.0105917$ & $-0.015348$ & $-0.0919829$ & $-0.0520756$ & $0.0181671$ & $0.00296472$ & $-0.000962567$ & $0.0196648$ & $0.0161372$ & $0.0170268$ & $0.0171158$ & $0.0184665$ & $0.0172854$ & $0.006064$ & $0.0168591$ & $0.0386289$ & $-0.00868272$ & $0.0256583$ & $0.00835586$ & $-0.0151553$ & $-0.0600622$ & $0.0287563$ & $0.091313$ & $-0.055497$ & $0.00915709$ & $0.203273$ & $0.134446$ & $0.261797$ & $-0.00383326$ & $0.416133$ & $0.0549724$ & $-0.329403$ & $0.101481$ & $0.291956$ & $-0.130782$ & $-0.18325$ & $0.153916$ & $0.402279$ & $-0.00136842$ & $0.0121326$ \\
mHl & $0.0660824$ & $0.377935$ & $-0.157307$ & $1$ & $0.000134095$ & $0.0066242$ & $-0.175743$ & $-0.000822505$ & $-0.000175914$ & $-0.0257905$ & $0.0200995$ & $0.204668$ & $0.179317$ & $-0.0449789$ & $-0.0199066$ & $-0.00228174$ & $-0.0343749$ & $-0.0310675$ & $-0.0415574$ & $-0.0185856$ & $-0.0159106$ & $-0.0136358$ & $-0.00957188$ & $-0.0292004$ & $-0.0416546$ & $0.0252037$ & $0.00808521$ & $-0.00479085$ & $0.0377218$ & $0.125054$ & $0.00223032$ & $-0.158878$ & $0.198598$ & $0.0316735$ & $0.330989$ & $0.128051$ & $-0.0333149$ & $0.145449$ & $0.015681$ & $-0.0491651$ & $-0.259872$ & $-0.0447389$ & $0.218836$ & $0.321845$ & $0.320796$ & $-0.157273$ & $-0.510023$ & $0.527628$ & $0.487256$ \\
Mz & $0.0226434$ & $0.0272764$ & $-0.00845794$ & $0.000134095$ & $1$ & $-0.00760056$ & $-0.00740603$ & $-0.00504976$ & $-0.00496044$ & $0.00150531$ & $0.0104061$ & $0.00336747$ & $0.0170583$ & $0.00252174$ & $0.000409715$ & $-0.0101739$ & $0.00484793$ & $0.00203768$ & $0.00795458$ & $-0.0034894$ & $-0.00153341$ & $-7.37455e-05$ & $-0.00326674$ & $0.002069$ & $-0.00268424$ & $0.000989443$ & $-0.00757529$ & $0.00152062$ & $0.0143395$ & $0.0213989$ & $0.00826901$ & $-0.00256932$ & $0.0185303$ & $-0.00493072$ & $-0.0765924$ & $-0.0042998$ & $0.015319$ & $0.0154175$ & $-0.0135993$ & $-0.00639552$ & $0.0487995$ & $0.0275496$ & $-0.0159747$ & $-0.0104881$ & $0.00347922$ & $-0.0253366$ & $-0.0196288$ & $0.0152585$ & $-0.0219622$ \\
CW & $0.0139481$ & $0.0339455$ & $-0.018196$ & $0.0066242$ & $-0.00760056$ & $1$ & $0.0547235$ & $-0.0506695$ & $-0.0479981$ & $0.0320417$ & $0.166487$ & $-0.0145158$ & $-0.0606148$ & $-0.0508385$ & $-0.0886471$ & $-0.0869951$ & $-0.375869$ & $-0.178493$ & $-0.178366$ & $-0.16377$ & $-0.168543$ & $-0.166683$ & $-0.00199996$ & $-0.124534$ & $-0.218908$ & $0.115737$ & $-0.0652892$ & $-0.0733044$ & $-0.013066$ & $-0.0381159$ & $-0.0246666$ & $0.0590846$ & $-0.0502317$ & $-0.0992307$ & $-0.0026652$ & $-0.00726265$ & $-0.0246256$ & $-0.00973267$ & $0.00502705$ & $-0.00759818$ & $0.0173657$ & $-0.0234266$ & $-0.00146653$ & $-0.0119098$ & $0.00865708$ & $-0.00574435$ & $-0.0052667$ & $-0.00215224$ & $0.0134095$ \\
CHG & $0.0393834$ & $0.139067$ & $0.0812669$ & $-0.175743$ & $-0.00740603$ & $0.0547235$ & $1$ & $-0.0496002$ & $-0.0294808$ & $0.180125$ & $0.109113$ & $-0.708905$ & $-0.776279$ & $-0.130869$ & $-0.0531861$ & $-0.0446124$ & $-0.122152$ & $-0.0945168$ & $-0.0989716$ & $-0.105963$ & $-0.106593$ & $-0.104965$ & $0.00314031$ & $-0.06099$ & $-0.0993537$ & $0.0704675$ & $-0.0186661$ & $-0.0329831$ & $-0.13135$ & $-0.586684$ & $-0.370924$ & $0.958109$ & $-0.637157$ & $-0.00412453$ & $-0.226845$ & $-0.155059$ & $0.0459431$ & $-0.0713774$ & $-0.0115957$ & $0.0474174$ & $0.0869074$ & $0.0140087$ & $-0.0827566$ & $-0.0118189$ & $0.020991$ & $0.00269656$ & $0.0271522$ & $-0.0396138$ & $-0.0327608$ \\
CHWB & $0.0113959$ & $-0.0488976$ & $0.0102994$ & $-0.000822505$ & $-0.00504976$ & $-0.0506695$ & $-0.0496002$ & $1$ & $0.991264$ & $-0.570372$ & $-0.870539$ & $-0.0461744$ & $0.062687$ & $0.265596$ & $0.452036$ & $0.444955$ & $-0.215227$ & $-0.395344$ & $-0.395506$ & $0.854303$ & $0.884673$ & $0.875806$ & $0.0425689$ & $-0.623318$ & $-0.362597$ & $-0.601533$ & $0.403785$ & $0.382391$ & $0.0142749$ & $0.0467264$ & $0.0349938$ & $-0.057127$ & $0.0474321$ & $0.526068$ & $0.0245881$ & $0.0343249$ & $0.0163251$ & $-6.24112e-06$ & $-0.0283457$ & $-0.0202488$ & $-0.00629247$ & $0.0180232$ & $0.0341746$ & $0.0195975$ & $-0.0326984$ & $0.0292651$ & $0.0153089$ & $0.0170737$ & $-0.0290643$ \\
CHWHB_gaga & $0.0111069$ & $-0.0467501$ & $0.0129403$ & $-0.000175914$ & $-0.00496044$ & $-0.0479981$ & $-0.0294808$ & $0.991264$ & $1$ & $-0.56671$ & $-0.861036$ & $-0.0342988$ & $0.0706172$ & $0.259974$ & $0.446295$ & $0.440429$ & $-0.217474$ & $-0.394571$ & $-0.395544$ & $0.845109$ & $0.875158$ & $0.866328$ & $0.0427708$ & $-0.620757$ & $-0.362076$ & $-0.595188$ & $0.401233$ & $0.378991$ & $0.0196514$ & $0.0658029$ & $0.0491303$ & $-0.0383181$ & $0.0676062$ & $0.522582$ & $0.0218051$ & $0.0393157$ & $0.00843501$ & $0.00050429$ & $-0.034783$ & $-0.0209311$ & $-0.0100058$ & $0.0181548$ & $0.0496155$ & $0.0301328$ & $-0.0395744$ & $0.0362481$ & $0.0180052$ & $0.0173043$ & $-0.0339453$ \\
CHWHB_gagaorth & $-0.0224985$ & $0.0421441$ & $0.0105917$ & $-0.0257905$ & $0.00150531$ & $0.0320417$ & $0.180125$ & $-0.570372$ & $-0.56671$ & $1$ & $0.48778$ & $-0.0369884$ & $-0.24285$ & $-0.137281$ & $-0.256859$ & $-0.2553$ & $0.142373$ & $0.242278$ & $0.243253$ & $-0.478949$ & $-0.495389$ & $-0.491029$ & $-0.0330436$ & $0.362923$ & $0.229437$ & $0.34284$ & $-0.221175$ & $-0.213414$ & $-0.0458719$ & $-0.215754$ & $-0.154802$ & $0.188061$ & $-0.241466$ & $-0.297691$ & $-0.02643$ & $-0.0293052$ & $0.0115588$ & $-0.0180706$ & $0.033164$ & $0.0163851$ & $0.000716332$ & $-0.0166411$ & $-0.0318138$ & $-0.0247584$ & $0.0191716$ & $-0.0187844$ & $0.00331266$ & $-0.0297316$ & $0.0424554$ \\
CHD & $-0.000182541$ & $0.0690028$ & $-0.015348$ & $0.0200995$ & $0.0104061$ & $0.166487$ & $0.109113$ & $-0.870539$ & $-0.861036$ & $0.48778$ & $1$ & $0.00910199$ & $-0.138929$ & $-0.665601$ & $-0.568859$ & $-0.55805$ & $-0.264615$ & $-0.0361216$ & $-0.0353177$ & $-0.994952$ & $-0.995067$ & $-0.983301$ & $0.0167452$ & $0.202135$ & $-0.0797897$ & $0.680251$ & $-0.274087$ & $-0.430792$ & $-0.0275742$ & $-0.106812$ & $-0.0808204$ & $0.118502$ & $-0.12242$ & $-0.31603$ & $-0.040248$ & $-0.0325519$ & $-0.0108457$ & $0.00418282$ & $0.0235483$ & $0.0246353$ & $0.0104924$ & $-0.0188508$ & $-0.0329427$ & $-0.00848955$ & $0.03692$ & $-0.0248411$ & $-0.0276761$ & $0.00391688$ & $0.0359456$ \\
CHbox & $-0.0742687$ & $-0.0689657$ & $-0.0919829$ & $0.204668$ & $0.00336747$ & $-0.0145158$ & $-0.708905$ & $-0.0461744$ & $-0.0342988$ & $-0.0369884$ & $0.00910199$ & $1$ & $0.913897$ & $0.0458999$ & $-0.0018597$ & $-0.00982225$ & $0.0680803$ & $0.0699415$ & $0.0753754$ & $-0.00781563$ & $-0.0118381$ & $-0.0112651$ & $-0.0109633$ & $0.0772278$ & $0.0695284$ & $0.00810902$ & $-0.0274922$ & $-0.005148$ & $0.17937$ & $0.698212$ & $0.419156$ & $-0.619656$ & $0.74551$ & $-0.0423586$ & $0.193088$ & $0.234165$ & $-0.0968735$ & $0.0997281$ & $-0.00863279$ & $-0.0198195$ & $-0.0984362$ & $-0.021505$ & $0.132591$ & $0.12792$ & $-0.0462436$ & $0.00429824$ & $-0.0486176$ & $0.0223307$ & $-0.0030961$ \\
CH & $-0.0904669$ & $-0.140694$ & $-0.0520756$ & $0.179317$ & $0.0170583$ & $-0.0606148$ & $-0.776279$ & $0.062687$ & $0.0706172$ & $-0.24285$ & $-0.138929$ & $0.913897$ & $1$ & $0.173725$ & $0.0652519$ & $0.0542635$ & $0.151062$ & $0.12344$ & $0.129334$ & $0.136065$ & $0.13638$ & $0.13455$ & $-0.00278594$ & $0.081801$ & $0.127429$ & $-0.0966182$ & $0.0208274$ & $0.0554167$ & $0.187786$ & $0.726571$ & $0.454952$ & $-0.699409$ & $0.777918$ & $0.00375134$ & $0.191281$ & $0.203313$ & $-0.0816771$ & $0.08714$ & $-0.0346204$ & $-0.0390836$ & $-0.0805279$ & $-0.00776502$ & $0.142737$ & $0.100413$ & $-0.0508042$ & $0.0369488$ & $-0.0341865$ & $0.0321949$ & $-0.0105315$ \\
CHL1_11 & $-0.0277119$ & $-0.0741958$ & $0.0181671$ & $-0.0449789$ & $0.00252174$ & $-0.0508385$ & $-0.130869$ & $0.265596$ & $0.259974$ & $-0.137281$ & $-0.665601$ & $0.0458999$ & $0.173725$ & $1$ & $0.403971$ & $0.393548$ & $0.646752$ & $0.603378$ & $0.601922$ & $0.675396$ & $0.637835$ & $0.627247$ & $-0.0922516$ & $0.451101$ & $0.608615$ & $-0.439049$ & $-0.0488082$ & $0.27617$ & $0.0321316$ & $0.136239$ & $0.104619$ & $-0.136835$ & $0.162527$ & $-0.175975$ & $0.0449954$ & $0.0130168$ & $0.000627239$ & $-0.0141887$ & $-0.00658617$ & $-0.0236883$ & $-0.00871934$ & $0.00700426$ & $0.0145801$ & $-0.0187725$ & $-0.0247935$ & $0.0136014$ & $0.0381591$ & $-0.0375815$ & $-0.0305062$ \\
CHL1_22 & $-0.0133342$ & $-0.0395693$ & $0.00296472$ & $-0.0199066$ & $0.000409715$ & $-0.0886471$ & $-0.0531861$ & $0.452036$ & $0.446295$ & $-0.256859$ & $-0.568859$ & $-0.0018597$ & $0.0652519$ & $0.403971$ & $1$ & $0.534579$ & $0.179477$ & $-0.303103$ & $0.00419885$ & $0.612395$ & $0.511944$ & $0.504295$ & $-0.171077$ & $0.0513905$ & $-0.0637563$ & $-0.358661$ & $-0.310077$ & $0.226209$ & $0.0146654$ & $0.0530071$ & $0.0348987$ & $-0.05587$ & $0.0568367$ & $-0.481947$ & $0.0145226$ & $0.0261174$ & $0.0253896$ & $0.00836613$ & $-0.0229012$ & $-0.0219556$ & $0.00654426$ & $-0.00823863$ & $-0.00695163$ & $-0.00756541$ & $-0.015516$ & $0.00453227$ & $-0.00497169$ & $0.00981483$ & $-0.0357452$ \\
CHL1_33 & $-0.0100755$ & $-0.0268459$ & $-0.000962567$ & $-0.00228174$ & $-0.0101739$ & $-0.0869951$ & $-0.0446124$ & $0.444955$ & $0.440429$ & $-0.2553$ & $-0.55805$ & $-0.00982225$ & $0.0542635$ & $0.393548$ & $0.534579$ & $1$ & $0.171772$ & $0.00470542$ & $-0.30129$ & $0.601512$ & $0.502633$ & $0.51385$ & $-0.170284$ & $0.0512651$ & $-0.0615928$ & $-0.350908$ & $-0.299138$ & $0.224165$ & $0.0107142$ & $0.0432444$ & $0.027961$ & $-0.0503149$ & $0.0469919$ & $-0.0361398$ & $0.0199837$ & $0.0224461$ & $0.0158489$ & $0.00582085$ & $-0.0173139$ & $-0.0142141$ & $-0.00225697$ & $-0.00750769$ & $-0.00044042$ & $-0.0143493$ & $-0.0177074$ & $0.00226287$ & $-0.000163232$ & $0.0126764$ & $-0.0215994$ \\
CHL3_11 & $-0.0276845$ & $-0.0473648$ & $0.0196648$ & $-0.0343749$ & $0.00484793$ & $-0.375869$ & $-0.122152$ & $-0.215227$ & $-0.217474$ & $0.142373$ & $-0.264615$ & $0.0680803$ & $0.151062$ & $0.646752$ & $0.179477$ & $0.171772$ & $1$ & $0.820817$ & $0.820483$ & $0.275191$ & $0.241497$ & $0.235645$ & $-0.0759326$ & $0.753251$ & $0.858836$ & $-0.171046$ & $-0.13899$ & $0.105145$ & $0.0259325$ & $0.116612$ & $0.0891682$ & $-0.127475$ & $0.145844$ & $-0.250349$ & $0.0326754$ & $0.00213908$ & $-0.0036149$ & $-0.00448523$ & $0.0102313$ & $-0.00194466$ & $-0.014258$ & $0.0101484$ & $0.0049106$ & $-0.0139717$ & $-0.0119604$ & $-0.000238191$ & $0.025475$ & $-0.034634$ & $-0.0133688$ \\
CHL3_22 & $-0.0261383$ & $-0.036302$ & $0.0161372$ & $-0.0310675$ & $0.00203768$ & $-0.178493$ & $-0.0945168$ & $-0.395344$ & $-0.394571$ & $0.242278$ & $-0.0361216$ & $0.0699415$ & $0.12344$ & $0.603378$ & $-0.303103$ & $0.00470542$ & $0.820817$ & $1$ & $0.787434$ & $0.0338901$ & $0.0323652$ & $0.0313653$ & $-0.0179888$ & $0.735995$ & $0.87105$ & $-0.0234506$ & $-0.0394344$ & $0.0129909$ & $0.0197404$ & $0.0953352$ & $0.0764696$ & $-0.0974581$ & $0.122354$ & $-0.0607766$ & $0.0291543$ & $-0.0103109$ & $-0.016382$ & $-0.0146315$ & $0.0174834$ & $0.00202413$ & $-0.014252$ & $0.0087697$ & $0.00727405$ & $-0.0179066$ & $-0.00674456$ & $0.000819268$ & $0.0327071$ & $-0.0444715$ & $-0.000306025$ \\
CHL3_33 & $-0.0265136$ & $-0.0415874$ & $0.0170268$ & $-0.0415574$ & $0.00795458$ & $-0.178366$ & $-0.0989716$ & $-0.395506$ & $-0.395544$ & $0.243253$ & $-0.0353177$ & $0.0753754$ & $0.129334$ & $0.601922$ & $0.00419885$ & $-0.30129$ & $0.820483$ & $0.787434$ & $1$ & $0.0328696$ & $0.0317258$ & $0.0302243$ & $-0.0153612$ & $0.733427$ & $0.868712$ & $-0.0237973$ & $-0.0411828$ & $0.0116031$ & $0.022571$ & $0.10102$ & $0.0803636$ & $-0.100028$ & $0.127884$ & $-0.362528$ & $0.0246508$ & $-0.0100738$ & $-0.0110716$ & $-0.0110472$ & $0.0144164$ & $-0.00190565$ & $-0.00800626$ & $0.00789199$ & $0.00152012$ & $-0.0138084$ & $-0.00355051$ & $-0.000870821$ & $0.0283015$ & $-0.0463837$ & $-0.00809437$ \\
CHe_11 & $0.000187734$ & $-0.0621763$ & $0.0171158$ & $-0.0185856$ & $-0.0034894$ & $-0.16377$ & $-0.105963$ & $0.854303$ & $0.845109$ & $-0.478949$ & $-0.994952$ & $-0.00781563$ & $0.136065$ & $0.675396$ & $0.612395$ & $0.601512$ & $0.275191$ & $0.0338901$ & $0.0328696$ & $1$ & $0.984705$ & $0.973496$ & $-0.0359919$ & $-0.169162$ & $0.0824038$ & $-0.673679$ & $0.219158$ & $0.427105$ & $0.027051$ & $0.105079$ & $0.0795381$ & $-0.114759$ & $0.120784$ & $0.258567$ & $0.0390513$ & $0.0330062$ & $0.01093$ & $-0.00366514$ & $-0.0206148$ & $-0.0247665$ & $-0.00981938$ & $0.0168984$ & $0.0309592$ & $0.00640681$ & $-0.0357106$ & $0.0196339$ & $0.0260157$ & $-0.00298991$ & $-0.0354965$ \\
CHe_22 & $0.00432607$ & $-0.0603091$ & $0.0184665$ & $-0.0159106$ & $-0.00153341$ & $-0.168543$ & $-0.106593$ & $0.884673$ & $0.875158$ & $-0.495389$ & $-0.995067$ & $-0.0118381$ & $0.13638$ & $0.637835$ & $0.511944$ & $0.502633$ & $0.241497$ & $0.0323652$ & $0.0317258$ & $0.984705$ & $1$ & $0.986149$ & $0.00582803$ & $-0.244605$ & $0.0696231$ & $-0.6814$ & $0.336993$ & $0.431641$ & $0.0273786$ & $0.104477$ & $0.0795626$ & $-0.116133$ & $0.1201$ & $0.383388$ & $0.0391381$ & $0.0316322$ & $0.00800314$ & $-0.0043711$ & $-0.018366$ & $-0.0237535$ & $-0.0118319$ & $0.0216656$ & $0.0360873$ & $0.0109036$ & $-0.0355821$ & $0.0210144$ & $0.0287343$ & $-0.00404713$ & $-0.0324946$ \\
CHe_33 & $0.00482223$ & $-0.0577607$ & $0.0172854$ & $-0.0136358$ & $-7.37455e-05$ & $-0.166683$ & $-0.104965$ & $0.875806$ & $0.866328$ & $-0.491029$ & $-0.983301$ & $-0.0112651$ & $0.13455$ & $0.627247$ & $0.504295$ & $0.51385$ & $0.235645$ & $0.0313653$ & $0.0302243$ & $0.973496$ & $0.986149$ & $1$ & $0.0063624$ & $-0.243619$ & $0.0674946$ & $-0.673468$ & $0.335003$ & $0.427981$ & $0.0265452$ & $0.103874$ & $0.0783582$ & $-0.114211$ & $0.118723$ & $0.383639$ & $0.0388269$ & $0.031082$ & $0.00767587$ & $-0.00408962$ & $-0.0174375$ & $-0.0230606$ & $-0.0121491$ & $0.0194707$ & $0.0357267$ & $0.0111399$ & $-0.0337655$ & $0.0196314$ & $0.0272775$ & $-0.0028292$ & $-0.0319168$ \\
CHQ1_11 & $0.0106655$ & $0.00719836$ & $0.006064$ & $-0.00957188$ & $-0.00326674$ & $-0.00199996$ & $0.00314031$ & $0.0425689$ & $0.0427708$ & $-0.0330436$ & $0.0167452$ & $-0.0109633$ & $-0.00278594$ & $-0.0922516$ & $-0.171077$ & $-0.170284$ & $-0.0759326$ & $-0.0179888$ & $-0.0153612$ & $-0.0359919$ & $0.00582803$ & $0.0063624$ & $1$ & $-0.134157$ & $0.0390084$ & $-0.58212$ & $0.342682$ & $-0.00188145$ & $-0.00769648$ & $-0.00544267$ & $0.00262378$ & $0.00162152$ & $-0.00474587$ & $0.203056$ & $-0.0224831$ & $-0.00117702$ & $-0.011238$ & $0.00302305$ & $0.0070901$ & $-0.00145366$ & $0.00256349$ & $0.0125781$ & $0.0207988$ & $0.0258633$ & $0.00355823$ & $-0.00934698$ & $0.00904553$ & $-0.0188168$ & $-0.00809943$ \\
CHQ1_33 & $-0.0528729$ & $-0.0279942$ & $0.0168591$ & $-0.0292004$ & $0.002069$ & $-0.124534$ & $-0.06099$ & $-0.623318$ & $-0.620757$ & $0.362923$ & $0.202135$ & $0.0772278$ & $0.081801$ & $0.451101$ & $0.0513905$ & $0.0512651$ & $0.753251$ & $0.735995$ & $0.733427$ & $-0.169162$ & $-0.244605$ & $-0.243619$ & $-0.134157$ & $1$ & $0.746753$ & $0.160403$ & $-0.403554$ & $-0.0249195$ & $0.0121444$ & $0.062135$ & $0.0505329$ & $-0.0593479$ & $0.0825396$ & $-0.611078$ & $0.0213949$ & $-0.00661581$ & $-0.0013353$ & $-0.00246048$ & $0.02103$ & $0.00300305$ & $-0.00487711$ & $-0.00906731$ & $-0.0126372$ & $-0.0259804$ & $0.00574831$ & $-0.00586136$ & $0.0129813$ & $-0.0333858$ & $-0.00567892$ \\
CHQ3_11 & $-0.0553879$ & $-0.0526227$ & $0.0386289$ & $-0.0416546$ & $-0.00268424$ & $-0.218908$ & $-0.0993537$ & $-0.362597$ & $-0.362076$ & $0.229437$ & $-0.0797897$ & $0.0695284$ & $0.127429$ & $0.608615$ & $-0.0637563$ & $-0.0615928$ & $0.858836$ & $0.87105$ & $0.868712$ & $0.0824038$ & $0.0696231$ & $0.0674946$ & $0.0390084$ & $0.746753$ & $1$ & $-0.0470008$ & $0.129261$ & $0.0293007$ & $0.0190011$ & $0.0975427$ & $0.0812522$ & $-0.101919$ & $0.124144$ & $-0.238817$ & $0.039554$ & $0.00906252$ & $-0.00246924$ & $-0.0138252$ & $0.0302413$ & $-0.000863928$ & $-0.0223322$ & $0.0157072$ & $0.0188471$ & $-0.00540889$ & $-0.00730572$ & $0.0101918$ & $0.0433384$ & $-0.0524806$ & $-0.00976968$ \\
CHu_11 & $-0.0124334$ & $0.0375509$ & $-0.00868272$ & $0.0252037$ & $0.000989443$ & $0.115737$ & $0.0704675$ & $-0.601533$ & $-0.595188$ & $0.34284$ & $0.680251$ & $0.00810902$ & $-0.0966182$ & $-0.439049$ & $-0.358661$ & $-0.350908$ & $-0.171046$ & $-0.0234506$ & $-0.0237973$ & $-0.673679$ & $-0.6814$ & $-0.673468$ & $-0.58212$ & $0.160403$ & $-0.0470008$ & $1$ & $-0.192137$ & $-0.294311$ & $-0.0149167$ & $-0.0722799$ & $-0.0552624$ & $0.07687$ & $-0.0845433$ & $-0.252801$ & $-0.00874678$ & $-0.0123049$ & $0.00292545$ & $-0.000908202$ & $0.0158158$ & $0.0144756$ & $-0.00241043$ & $-0.0153089$ & $-0.0245108$ & $-0.0107585$ & $0.0248213$ & $-0.000587926$ & $-0.0211286$ & $0.0156469$ & $0.0297616$ \\
CHd_11 & $0.0222197$ & $0.0002724$ & $0.0256583$ & $0.00808521$ & $-0.00757529$ & $-0.0652892$ & $-0.0186661$ & $0.403785$ & $0.401233$ & $-0.221175$ & $-0.274087$ & $-0.0274922$ & $0.0208274$ & $-0.0488082$ & $-0.310077$ & $-0.299138$ & $-0.13899$ & $-0.0394344$ & $-0.0411828$ & $0.219158$ & $0.336993$ & $0.335003$ & $0.342682$ & $-0.403554$ & $0.129261$ & $-0.192137$ & $1$ & $0.128124$ & $0.000917689$ & $0.0112513$ & $0.0210245$ & $-0.0236323$ & $0.0147522$ & $0.685112$ & $0.0159468$ & $0.0166104$ & $-0.0174514$ & $-0.0073016$ & $0.0231683$ & $-0.00479912$ & $-0.0266872$ & $0.0389635$ & $0.0567742$ & $0.0488845$ & $-0.00862147$ & $0.0165753$ & $0.0343578$ & $-0.0181493$ & $0.00438779$ \\
CHd_33 & $0.00661526$ & $-0.0146774$ & $0.00835586$ & $-0.00479085$ & $0.00152062$ & $-0.0733044$ & $-0.0329831$ & $0.382391$ & $0.378991$ & $-0.213414$ & $-0.430792$ & $-0.005148$ & $0.0554167$ & $0.27617$ & $0.226209$ & $0.224165$ & $0.105145$ & $0.0129909$ & $0.0116031$ & $0.427105$ & $0.431641$ & $0.427981$ & $-0.00188145$ & $-0.0249195$ & $0.0293007$ & $-0.294311$ & $0.128124$ & $1$ & $0.0120915$ & $0.0415999$ & $0.0299304$ & $-0.0352066$ & $0.0484379$ & $0.16232$ & $0.0170041$ & $0.008584$ & $-0.00906242$ & $-0.000992084$ & $0.0107421$ & $-0.00287906$ & $0.00150106$ & $0.00674302$ & $0.0165798$ & $0.00917059$ & $-0.012735$ & $0.00102931$ & $0.0119011$ & $-0.0112954$ & $-0.0123079$ \\
CeH_22r & $-0.0150169$ & $-0.010639$ & $-0.0151553$ & $0.0377218$ & $0.0143395$ & $-0.013066$ & $-0.13135$ & $0.0142749$ & $0.0196514$ & $-0.0458719$ & $-0.0275742$ & $0.17937$ & $0.187786$ & $0.0321316$ & $0.0146654$ & $0.0107142$ & $0.0259325$ & $0.0197404$ & $0.022571$ & $0.027051$ & $0.0273786$ & $0.0265452$ & $-0.00769648$ & $0.0121444$ & $0.0190011$ & $-0.0149167$ & $0.000917689$ & $0.0120915$ & $1$ & $0.156546$ & $0.100487$ & $-0.126238$ & $0.169122$ & $0.000853465$ & $0.0253464$ & $0.0281843$ & $-0.0213849$ & $0.012409$ & $-0.00692847$ & $0.00206962$ & $-0.0093831$ & $-0.00955995$ & $0.0178799$ & $0.0160983$ & $0.000864357$ & $-0.00419019$ & $-0.0121481$ & $0.00621054$ & $0.0019757$ \\
CeH_33r & $-0.0409329$ & $-0.0708798$ & $-0.0600622$ & $0.125054$ & $0.0213989$ & $-0.0381159$ & $-0.586684$ & $0.0467264$ & $0.0658029$ & $-0.215754$ & $-0.106812$ & $0.698212$ & $0.726571$ & $0.136239$ & $0.0530071$ & $0.0432444$ & $0.116612$ & $0.0953352$ & $0.10102$ & $0.105079$ & $0.104477$ & $0.103874$ & $-0.00544267$ & $0.062135$ & $0.0975427$ & $-0.0722799$ & $0.0112513$ & $0.0415999$ & $0.156546$ & $1$ & $0.525125$ & $-0.454651$ & $0.867842$ & $-0.00128422$ & $0.118218$ & $0.13912$ & $-0.112143$ & $0.0537632$ & $-0.0302348$ & $-0.0201821$ & $-0.0353658$ & $-0.0051001$ & $0.108228$ & $0.0906091$ & $-0.0359043$ & $0.0225936$ & $-0.0230928$ & $0.0087064$ & $-0.0066856$ \\
CuH_22r & $-0.0409059$ & $-0.0704628$ & $0.0287563$ & $0.00223032$ & $0.00826901$ & $-0.0246666$ & $-0.370924$ & $0.0349938$ & $0.0491303$ & $-0.154802$ & $-0.0808204$ & $0.419156$ & $0.454952$ & $0.104619$ & $0.0348987$ & $0.027961$ & $0.0891682$ & $0.0764696$ & $0.0803636$ & $0.0795381$ & $0.0795626$ & $0.0783582$ & $0.00262378$ & $0.0505329$ & $0.0812522$ & $-0.0552624$ & $0.0210245$ & $0.0299304$ & $0.100487$ & $0.525125$ & $1$ & $-0.273228$ & $0.570803$ & $0.00260108$ & $0.134662$ & $0.117908$ & $-0.135405$ & $-0.000307575$ & $0.0190989$ & $-0.021214$ & $-0.0788347$ & $0.0385768$ & $0.134049$ & $0.0560838$ & $-0.147316$ & $0.0511691$ & $0.148915$ & $-0.077293$ & $-0.0536881$ \\
CuH_33r & $0.0204003$ & $0.142071$ & $0.091313$ & $-0.158878$ & $-0.00256932$ & $0.0590846$ & $0.958109$ & $-0.057127$ & $-0.0383181$ & $0.188061$ & $0.118502$ & $-0.619656$ & $-0.699409$ & $-0.136835$ & $-0.05587$ & $-0.0503149$ & $-0.127475$ & $-0.0974581$ & $-0.100028$ & $-0.114759$ & $-0.116133$ & $-0.114211$ & $0.00162152$ & $-0.0593479$ & $-0.101919$ & $0.07687$ & $-0.0236323$ & $-0.0352066$ & $-0.126238$ & $-0.454651$ & $-0.273228$ & $1$ & $-0.483562$ & $-0.0101386$ & $-0.20192$ & $-0.122735$ & $0.0159658$ & $-0.0676962$ & $-0.00735513$ & $0.0500854$ & $0.0721576$ & $0.0171084$ & $-0.0483617$ & $0.019835$ & $-0.00401532$ & $0.0122333$ & $0.0397114$ & $-0.0484702$ & $-0.0354469$ \\
CdH_33r & $-0.0315785$ & $-0.0489468$ & $-0.055497$ & $0.198598$ & $0.0185303$ & $-0.0502317$ & $-0.637157$ & $0.0474321$ & $0.0676062$ & $-0.241466$ & $-0.12242$ & $0.74551$ & $0.777918$ & $0.162527$ & $0.0568367$ & $0.0469919$ & $0.145844$ & $0.122354$ & $0.127884$ & $0.120784$ & $0.1201$ & $0.118723$ & $-0.00474587$ & $0.0825396$ & $0.124144$ & $-0.0845433$ & $0.0147522$ & $0.0484379$ & $0.169122$ & $0.867842$ & $0.570803$ & $-0.483562$ & $1$ & $-0.00188715$ & $0.153917$ & $0.135157$ & $-0.122158$ & $0.0659374$ & $-0.024468$ & $-0.0254439$ & $-0.0642947$ & $-0.0180121$ & $0.12138$ & $0.114849$ & $-0.0109219$ & $0.0241043$ & $-0.0630046$ & $0.0662011$ & $0.0870549$ \\
CLL_1221 & $0.0367193$ & $0.0169273$ & $0.00915709$ & $0.0316735$ & $-0.00493072$ & $-0.0992307$ & $-0.00412453$ & $0.526068$ & $0.522582$ & $-0.297691$ & $-0.31603$ & $-0.0423586$ & $0.00375134$ & $-0.175975$ & $-0.481947$ & $-0.0361398$ & $-0.250349$ & $-0.0607766$ & $-0.362528$ & $0.258567$ & $0.383388$ & $0.383639$ & $0.203056$ & $-0.611078$ & $-0.238817$ & $-0.252801$ & $0.685112$ & $0.16232$ & $0.000853465$ & $-0.00128422$ & $0.00260108$ & $-0.0101386$ & $-0.00188715$ & $1$ & $0.00821771$ & $0.00664369$ & $-0.0151597$ & $-0.00314264$ & $0.00664649$ & $0.00440543$ & $-0.0177969$ & $0.0285371$ & $0.0404931$ & $0.030152$ & $-0.0110704$ & $0.00667267$ & $0.014288$ & $0.0100344$ & $0.0140871$ \\
eHggint & $-0.306815$ & $-0.131948$ & $0.203273$ & $0.330989$ & $-0.0765924$ & $-0.0026652$ & $-0.226845$ & $0.0245881$ & $0.0218051$ & $-0.02643$ & $-0.040248$ & $0.193088$ & $0.191281$ & $0.0449954$ & $0.0145226$ & $0.0199837$ & $0.0326754$ & $0.0291543$ & $0.0246508$ & $0.0390513$ & $0.0391381$ & $0.0388269$ & $-0.0224831$ & $0.0213949$ & $0.039554$ & $-0.00874678$ & $0.0159468$ & $0.0170041$ & $0.0253464$ & $0.118218$ & $0.134662$ & $-0.20192$ & $0.153917$ & $0.00821771$ & $1$ & $0.259935$ & $-0.176331$ & $-0.0551848$ & $0.266111$ & $0.0326645$ & $-0.494517$ & $0.028042$ & $0.369901$ & $0.161293$ & $-0.377437$ & $0.127164$ & $0.356931$ & $-0.100301$ & $0.249327$ \\
eHggpar & $-0.353713$ & $-0.163581$ & $0.134446$ & $0.128051$ & $-0.0042998$ & $-0.00726265$ & $-0.155059$ & $0.0343249$ & $0.0393157$ & $-0.0293052$ & $-0.0325519$ & $0.234165$ & $0.203313$ & $0.0130168$ & $0.0261174$ & $0.0224461$ & $0.00213908$ & $-0.0103109$ & $-0.0100738$ & $0.0330062$ & $0.0316322$ & $0.031082$ & $-0.00117702$ & $-0.00661581$ & $0.00906252$ & $-0.0123049$ & $0.0166104$ & $0.008584$ & $0.0281843$ & $0.13912$ & $0.117908$ & $-0.122735$ & $0.135157$ & $0.00664369$ & $0.259935$ & $1$ & $-0.0167407$ & $0.00350679$ & $-0.00291819$ & $-0.0413648$ & $-0.24141$ & $0.10131$ & $0.412778$ & $0.366927$ & $-0.309009$ & $0.267484$ & $0.134199$ & $0.119507$ & $-0.274413$ \\
eHWWint & $-0.445998$ & $-0.35418$ & $0.261797$ & $-0.0333149$ & $0.015319$ & $-0.0246256$ & $0.0459431$ & $0.0163251$ & $0.00843501$ & $0.0115588$ & $-0.0108457$ & $-0.0968735$ & $-0.0816771$ & $0.000627239$ & $0.0253896$ & $0.0158489$ & $-0.0036149$ & $-0.016382$ & $-0.0110716$ & $0.01093$ & $0.00800314$ & $0.00767587$ & $-0.011238$ & $-0.0013353$ & $-0.00246924$ & $0.00292545$ & $-0.0174514$ & $-0.00906242$ & $-0.0213849$ & $-0.112143$ & $-0.135405$ & $0.0159658$ & $-0.122158$ & $-0.0151597$ & $-0.176331$ & $-0.0167407$ & $1$ & $0.0103281$ & $-0.118697$ & $-0.0296597$ & $0.0015782$ & $-0.08451$ & $-0.23768$ & $-0.242874$ & $0.288577$ & $-0.0337346$ & $-0.291078$ & $0.28749$ & $-0.0602171$ \\
eHWWpar & $0.02435$ & $0.0570859$ & $-0.00383326$ & $0.145449$ & $0.0154175$ & $-0.00973267$ & $-0.0713774$ & $-6.24112e-06$ & $0.00050429$ & $-0.0180706$ & $0.00418282$ & $0.0997281$ & $0.08714$ & $-0.0141887$ & $0.00836613$ & $0.00582085$ & $-0.00448523$ & $-0.0146315$ & $-0.0110472$ & $-0.00366514$ & $-0.0043711$ & $-0.00408962$ & $0.00302305$ & $-0.00246048$ & $-0.0138252$ & $-0.000908202$ & $-0.0073016$ & $-0.000992084$ & $0.012409$ & $0.0537632$ & $-0.000307575$ & $-0.0676962$ & $0.0659374$ & $-0.00314264$ & $-0.0551848$ & $0.00350679$ & $0.0103281$ & $1$ & $-0.146966$ & $-0.0148163$ & $-0.086009$ & $-0.0570074$ & $0.122243$ & $0.154139$ & $0.170341$ & $0.0184693$ & $-0.216506$ & $0.0604336$ & $0.0984873$ \\
eHZZint & $-0.117551$ & $0.378385$ & $0.416133$ & $0.015681$ & $-0.0135993$ & $0.00502705$ & $-0.0115957$ & $-0.0283457$ & $-0.034783$ & $0.033164$ & $0.0235483$ & $-0.00863279$ & $-0.0346204$ & $-0.00658617$ & $-0.0229012$ & $-0.0173139$ & $0.0102313$ & $0.0174834$ & $0.0144164$ & $-0.0206148$ & $-0.018366$ & $-0.0174375$ & $0.0070901$ & $0.02103$ & $0.0302413$ & $0.0158158$ & $0.0231683$ & $0.0107421$ & $-0.00692847$ & $-0.0302348$ & $0.0190989$ & $-0.00735513$ & $-0.024468$ & $0.00664649$ & $0.266111$ & $-0.00291819$ & $-0.118697$ & $-0.146966$ & $1$ & $0.0963695$ & $-0.165554$ & $0.0392671$ & $-0.0932323$ & $-0.14315$ & $-0.0460642$ & $-0.321089$ & $0.31447$ & $-0.262581$ & $0.16299$ \\
eHZZpar & $-0.0662654$ & $-0.0209634$ & $0.0549724$ & $-0.0491651$ & $-0.00639552$ & $-0.00759818$ & $0.0474174$ & $-0.0202488$ & $-0.0209311$ & $0.0163851$ & $0.0246353$ & $-0.0198195$ & $-0.0390836$ & $-0.0236883$ & $-0.0219556$ & $-0.0142141$ & $-0.00194466$ & $0.00202413$ & $-0.00190565$ & $-0.0247665$ & $-0.0237535$ & $-0.0230606$ & $-0.00145366$ & $0.00300305$ & $-0.000863928$ & $0.0144756$ & $-0.00479912$ & $-0.00287906$ & $0.00206962$ & $-0.0201821$ & $-0.021214$ & $0.0500854$ & $-0.0254439$ & $0.00440543$ & $0.0326645$ & $-0.0413648$ & $-0.0296597$ & $-0.0148163$ & $0.0963695$ & $1$ & $0.0199505$ & $-0.0270805$ & $-0.0699713$ & $0.0947122$ & $0.0140204$ & $-0.0395394$ & $-0.00668166$ & $-0.108813$ & $0.087628$ \\
eHZgaint & $0.100879$ & $-0.0386054$ & $-0.329403$ & $-0.259872$ & $0.0487995$ & $0.0173657$ & $0.0869074$ & $-0.00629247$ & $-0.0100058$ & $0.000716332$ & $0.0104924$ & $-0.0984362$ & $-0.0805279$ & $-0.00871934$ & $0.00654426$ & $-0.00225697$ & $-0.014258$ & $-0.014252$ & $-0.00800626$ & $-0.00981938$ & $-0.0118319$ & $-0.0121491$ & $0.00256349$ & $-0.00487711$ & $-0.0223322$ & $-0.00241043$ & $-0.0266872$ & $0.00150106$ & $-0.0093831$ & $-0.0353658$ & $-0.0788347$ & $0.0721576$ & $-0.0642947$ & $-0.0177969$ & $-0.494517$ & $-0.24141$ & $0.0015782$ & $-0.086009$ & $-0.165554$ & $0.0199505$ & $1$ & $-0.0136397$ & $-0.489478$ & $-0.36402$ & $0.234016$ & $-0.142882$ & $-0.347529$ & $0.0747667$ & $-0.222843$ \\
eHZgapar & $0.0014217$ & $-0.00379399$ & $0.101481$ & $-0.0447389$ & $0.0275496$ & $-0.0234266$ & $0.0140087$ & $0.0180232$ & $0.0181548$ & $-0.0166411$ & $-0.0188508$ & $-0.021505$ & $-0.00776502$ & $0.00700426$ & $-0.00823863$ & $-0.00750769$ & $0.0101484$ & $0.0087697$ & $0.00789199$ & $0.0168984$ & $0.0216656$ & $0.0194707$ & $0.0125781$ & $-0.00906731$ & $0.0157072$ & $-0.0153089$ & $0.0389635$ & $0.00674302$ & $-0.00955995$ & $-0.0051001$ & $0.0385768$ & $0.0171084$ & $-0.0180121$ & $0.0285371$ & $0.028042$ & $0.10131$ & $-0.08451$ & $-0.0570074$ & $0.0392671$ & $-0.0270805$ & $-0.0136397$ & $1$ & $0.0243218$ & $-0.0684925$ & $-0.152953$ & $0.0332849$ & $0.208376$ & $-0.137807$ & $-0.122258$ \\
eHgagaint & $-0.111394$ & $-0.0158027$ & $0.291956$ & $0.218836$ & $-0.0159747$ & $-0.00146653$ & $-0.0827566$ & $0.0341746$ & $0.0496155$ & $-0.0318138$ & $-0.0329427$ & $0.132591$ & $0.142737$ & $0.0145801$ & $-0.00695163$ & $-0.00044042$ & $0.0049106$ & $0.00727405$ & $0.00152012$ & $0.0309592$ & $0.0360873$ & $0.0357267$ & $0.0207988$ & $-0.0126372$ & $0.0188471$ & $-0.0245108$ & $0.0567742$ & $0.0165798$ & $0.0178799$ & $0.108228$ & $0.134049$ & $-0.0483617$ & $0.12138$ & $0.0404931$ & $0.369901$ & $0.412778$ & $-0.23768$ & $0.122243$ & $-0.0932323$ & $-0.0699713$ & $-0.489478$ & $0.0243218$ & $1$ & $0.469414$ & $-0.4009$ & $0.343878$ & $0.289315$ & $0.0550731$ & $-0.076529$ \\
eHmumuint & $0.0598414$ & $0.043298$ & $-0.130782$ & $0.321845$ & $-0.0104881$ & $-0.0119098$ & $-0.0118189$ & $0.0195975$ & $0.0301328$ & $-0.0247584$ & $-0.00848955$ & $0.12792$ & $0.100413$ & $-0.0187725$ & $-0.00756541$ & $-0.0143493$ & $-0.0139717$ & $-0.0179066$ & $-0.0138084$ & $0.00640681$ & $0.0109036$ & $0.0111399$ & $0.0258633$ & $-0.0259804$ & $-0.00540889$ & $-0.0107585$ & $0.0488845$ & $0.00917059$ & $0.0160983$ & $0.0906091$ & $0.0560838$ & $0.019835$ & $0.114849$ & $0.030152$ & $0.161293$ & $0.366927$ & $-0.242874$ & $0.154139$ & $-0.14315$ & $0.0947122$ & $-0.36402$ & $-0.0684925$ & $0.469414$ & $1$ & $-0.0648886$ & $0.249067$ & $-0.0851697$ & $0.183767$ & $0.101703$ \\
eHtautauint & $0.0531689$ & $0.227139$ & $-0.18325$ & $0.320796$ & $0.00347922$ & $0.00865708$ & $0.020991$ & $-0.0326984$ & $-0.0395744$ & $0.0191716$ & $0.03692$ & $-0.0462436$ & $-0.0508042$ & $-0.0247935$ & $-0.015516$ & $-0.0177074$ & $-0.0119604$ & $-0.00674456$ & $-0.00355051$ & $-0.0357106$ & $-0.0355821$ & $-0.0337655$ & $0.00355823$ & $0.00574831$ & $-0.00730572$ & $0.0248213$ & $-0.00862147$ & $-0.012735$ & $0.000864357$ & $-0.0359043$ & $-0.147316$ & $-0.00401532$ & $-0.0109219$ & $-0.0110704$ & $-0.377437$ & $-0.309009$ & $0.288577$ & $0.170341$ & $-0.0460642$ & $0.0140204$ & $0.234016$ & $-0.152953$ & $-0.4009$ & $-0.0648886$ & $1$ & $-0.133757$ & $-0.707275$ & $0.356496$ & $0.367718$ \\
eHccint & $-0.298378$ & $-0.625372$ & $0.153916$ & $-0.157273$ & $-0.0253366$ & $-0.00574435$ & $0.00269656$ & $0.0292651$ & $0.0362481$ & $-0.0187844$ & $-0.0248411$ & $0.00429824$ & $0.0369488$ & $0.0136014$ & $0.00453227$ & $0.00226287$ & $-0.000238191$ & $0.000819268$ & $-0.000870821$ & $0.0196339$ & $0.0210144$ & $0.0196314$ & $-0.00934698$ & $-0.00586136$ & $0.0101918$ & $-0.000587926$ & $0.0165753$ & $0.00102931$ & $-0.00419019$ & $0.0225936$ & $0.0511691$ & $0.0122333$ & $0.0241043$ & $0.00667267$ & $0.127164$ & $0.267484$ & $-0.0337346$ & $0.0184693$ & $-0.321089$ & $-0.0395394$ & $-0.142882$ & $0.0332849$ & $0.343878$ & $0.249067$ & $-0.133757$ & $1$ & $0.0488753$ & $0.272779$ & $-0.142175$ \\
eHccpar & $-0.135229$ & $-0.12099$ & $0.402279$ & $-0.510023$ & $-0.0196288$ & $-0.0052667$ & $0.0271522$ & $0.0153089$ & $0.0180052$ & $0.00331266$ & $-0.0276761$ & $-0.0486176$ & $-0.0341865$ & $0.0381591$ & $-0.00497169$ & $-0.000163232$ & $0.025475$ & $0.0327071$ & $0.0283015$ & $0.0260157$ & $0.0287343$ & $0.0272775$ & $0.00904553$ & $0.0129813$ & $0.0433384$ & $-0.0211286$ & $0.0343578$ & $0.0119011$ & $-0.0121481$ & $-0.0230928$ & $0.148915$ & $0.0397114$ & $-0.0630046$ & $0.014288$ & $0.356931$ & $0.134199$ & $-0.291078$ & $-0.216506$ & $0.31447$ & $-0.00668166$ & $-0.347529$ & $0.208376$ & $0.289315$ & $-0.0851697$ & $-0.707275$ & $0.0488753$ & $1$ & $-0.601074$ & $-0.286759$ \\
eHbbint & $-0.0495672$ & $-0.0217817$ & $-0.00136842$ & $0.527628$ & $0.0152585$ & $-0.00215224$ & $-0.0396138$ & $0.0170737$ & $0.0173043$ & $-0.0297316$ & $0.00391688$ & $0.0223307$ & $0.0321949$ & $-0.0375815$ & $0.00981483$ & $0.0126764$ & $-0.034634$ & $-0.0444715$ & $-0.0463837$ & $-0.00298991$ & $-0.00404713$ & $-0.0028292$ & $-0.0188168$ & $-0.0333858$ & $-0.0524806$ & $0.0156469$ & $-0.0181493$ & $-0.0112954$ & $0.00621054$ & $0.0087064$ & $-0.077293$ & $-0.0484702$ & $0.0662011$ & $0.0100344$ & $-0.100301$ & $0.119507$ & $0.28749$ & $0.0604336$ & $-0.262581$ & $-0.108813$ & $0.0747667$ & $-0.137807$ & $0.0550731$ & $0.183767$ & $0.356496$ & $0.272779$ & $-0.601074$ & $1$ & $0.217006$ \\
eHbbpar & $0.136391$ & $0.284073$ & $0.0121326$ & $0.487256$ & $-0.0219622$ & $0.0134095$ & $-0.0327608$ & $-0.0290643$ & $-0.0339453$ & $0.0424554$ & $0.0359456$ & $-0.0030961$ & $-0.0105315$ & $-0.0305062$ & $-0.0357452$ & $-0.0215994$ & $-0.0133688$ & $-0.000306025$ & $-0.00809437$ & $-0.0354965$ & $-0.0324946$ & $-0.0319168$ & $-0.00809943$ & $-0.00567892$ & $-0.00976968$ & $0.0297616$ & $0.00438779$ & $-0.0123079$ & $0.0019757$ & $-0.0066856$ & $-0.0536881$ & $-0.0354469$ & $0.0870549$ & $0.0140871$ & $0.249327$ & $-0.274413$ & $-0.0602171$ & $0.0984873$ & $0.16299$ & $0.087628$ & $-0.222843$ & $-0.122258$ & $-0.076529$ & $0.101703$ & $0.367718$ & $-0.142175$ & $-0.286759$ & $0.217006$ & $1$ \\
