 & AlsMz & dAle5Mz & mtop & mHl & Mz & CW & CHG & CHWB & CHWHB_gaga & CHWHB_gagaorth & CHD & CHbox & CH & CHL1_11 & CHL1_22 & CHL1_33 & CHL3_11 & CHL3_22 & CHL3_33 & CHe_11 & CHe_22 & CHe_33 & CHQ1_11 & CHQ1_33 & CHQ3_11 & CHu_11 & CHd_11 & CHd_33 & CeH_22r & CeH_33r & CuH_22r & CuH_33r & CdH_33r & CLL_1221 & eHggint & eHggpar & eHWWint & eHWWpar & eHZZint & eHZZpar & eHZgaint & eHZgapar & eHgagaint & eHmumuint & eHtautauint & eHccint & eHccpar & eHbbint & eHbbpar \\
AlsMz & $1$ & $0.0502896$ & $-0.049191$ & $-0.053853$ & $0.038343$ & $-0.0275728$ & $0.0223283$ & $0.0404919$ & $0.0414651$ & $-0.0211532$ & $-0.0329366$ & $0.00201417$ & $0.0242721$ & $-0.0207842$ & $-0.0156584$ & $-0.0451867$ & $-0.0213272$ & $-0.0261006$ & $-0.0033208$ & $0.0173477$ & $0.0308244$ & $0.0291619$ & $-0.0220404$ & $-0.103504$ & $-0.151328$ & $-0.0438717$ & $0.021447$ & $0.0215447$ & $-0.0138726$ & $-0.00175971$ & $0.0450546$ & $0.0111545$ & $-0.0257813$ & $0.0520308$ & $-0.0180576$ & $-0.017885$ & $0.0577121$ & $0.00808183$ & $-0.0883292$ & $-0.0104018$ & $0.0470843$ & $0.00212876$ & $0.00758755$ & $-0.0737283$ & $-0.00623988$ & $-0.0285857$ & $0.025919$ & $0.0430514$ & $-0.0685295$ \\
dAle5Mz & $0.0502896$ & $1$ & $-0.0348446$ & $-0.0328213$ & $-0.0189913$ & $0.00640499$ & $-0.0137257$ & $-0.0807513$ & $-0.0733915$ & $0.0469114$ & $0.0719801$ & $0.041526$ & $-0.00462317$ & $-0.0308419$ & $-0.0211524$ & $-0.051126$ & $0.000844587$ & $0.0015464$ & $0.0200085$ & $-0.0508542$ & $-0.0442055$ & $-0.0416507$ & $-0.0369438$ & $0.00552323$ & $0.00536625$ & $0.0552009$ & $0.00197866$ & $0.0352106$ & $-0.00140887$ & $-0.00216103$ & $0.00543075$ & $-0.028642$ & $-0.0130036$ & $0.0194157$ & $-0.105342$ & $0.040378$ & $-0.0836041$ & $-0.0440083$ & $-0.049173$ & $0.051372$ & $-0.0204035$ & $-0.0361634$ & $-0.0243181$ & $-0.0081383$ & $-0.0887395$ & $0.064601$ & $-0.0411082$ & $-0.0368143$ & $-0.0297979$ \\
mtop & $-0.049191$ & $-0.0348446$ & $1$ & $0.113097$ & $0.0408024$ & $0.0261886$ & $-0.0483209$ & $0.00642841$ & $0.00326542$ & $-0.00332299$ & $0.00711695$ & $-0.00520103$ & $-0.0182066$ & $-0.00465177$ & $-0.030992$ & $0.0206075$ & $-0.00787609$ & $0.0141214$ & $-0.0243966$ & $0.00050518$ & $0.00624134$ & $-0.00113832$ & $0.0343553$ & $-0.0196184$ & $0.00183176$ & $0.00377389$ & $0.0101877$ & $-0.040672$ & $-0.0209717$ & $0.00606588$ & $0.0141296$ & $-0.0441863$ & $0.00370203$ & $0.0290548$ & $-0.03517$ & $0.00532751$ & $-0.0046608$ & $0.0527555$ & $0.068084$ & $0.01388$ & $-0.0828802$ & $-0.0510402$ & $-0.0453176$ & $0.0365306$ & $-0.0514581$ & $-0.0699859$ & $0.105669$ & $-0.0602223$ & $0.0061492$ \\
mHl & $-0.053853$ & $-0.0328213$ & $0.113097$ & $1$ & $0.00102972$ & $-0.0287636$ & $0.00757235$ & $0.0230147$ & $0.0148646$ & $-0.0329545$ & $-0.0353396$ & $-0.0262659$ & $-0.00748787$ & $0.0308257$ & $0.00100378$ & $0.0167283$ & $0.0290912$ & $0.0238372$ & $0.0148696$ & $0.0355155$ & $0.0353934$ & $0.0313042$ & $0.0205774$ & $0.00154686$ & $0.0411742$ & $-0.0156388$ & $0.0353503$ & $-0.0147837$ & $0.0287924$ & $0.0253333$ & $0.0179443$ & $0.0227814$ & $0.00557792$ & $0.0164048$ & $0.00779211$ & $0.0394417$ & $-0.00504267$ & $-0.0124252$ & $0.00672114$ & $-0.0117715$ & $-0.00992037$ & $-0.017484$ & $-0.0368592$ & $-0.00359706$ & $-0.039228$ & $0.0491378$ & $0.0122188$ & $0.0295745$ & $-0.0182453$ \\
Mz & $0.038343$ & $-0.0189913$ & $0.0408024$ & $0.00102972$ & $1$ & $-0.000877555$ & $-0.0149767$ & $0.0141531$ & $0.0102999$ & $-0.0111909$ & $-0.00781058$ & $-0.0106189$ & $-0.00338361$ & $0.00777123$ & $0.00488036$ & $0.00141551$ & $-0.000886088$ & $-0.00213419$ & $0.00469142$ & $0.0168772$ & $0.0180077$ & $0.0197956$ & $0.00833814$ & $-0.00601942$ & $-0.00805998$ & $-0.0220405$ & $0.00395907$ & $0.00979383$ & $-0.00546419$ & $0.0114505$ & $0.0222815$ & $-0.012445$ & $0.00293082$ & $0.00101374$ & $0.000668913$ & $-0.0221326$ & $-0.00387157$ & $-0.00174268$ & $-0.00162126$ & $0.0101016$ & $-0.00953974$ & $0.00122469$ & $-0.0136027$ & $-0.000254414$ & $0.0303996$ & $-0.00546068$ & $0.0243605$ & $0.0284336$ & $-0.0232556$ \\
CW & $-0.0275728$ & $0.00640499$ & $0.0261886$ & $-0.0287636$ & $-0.000877555$ & $1$ & $0.00429269$ & $-0.102159$ & $-0.0963703$ & $-0.00375434$ & $0.157874$ & $0.0363166$ & $0.00958913$ & $0.0308539$ & $-0.0491876$ & $-0.0825396$ & $-0.246216$ & $-0.0635364$ & $-0.0364908$ & $-0.153688$ & $-0.158684$ & $-0.161736$ & $-0.0196077$ & $-0.0121505$ & $-0.0668548$ & $0.106939$ & $-0.0580557$ & $-0.0735946$ & $-0.00205655$ & $-0.0134037$ & $-0.0068404$ & $-0.0104862$ & $-0.0147509$ & $-0.127519$ & $-0.0423183$ & $0.025277$ & $-0.00856859$ & $0.0115616$ & $-0.0140139$ & $0.0218547$ & $-0.0259093$ & $-0.00844365$ & $0.0140563$ & $0.0296009$ & $-0.00321846$ & $-0.024837$ & $0.0232238$ & $-0.0331402$ & $0.0109046$ \\
CHG & $0.0223283$ & $-0.0137257$ & $-0.0483209$ & $0.00757235$ & $-0.0149767$ & $0.00429269$ & $1$ & $-0.112065$ & $-0.0574055$ & $0.0667456$ & $0.0676277$ & $-0.1262$ & $-0.320008$ & $0.0443112$ & $-0.0481955$ & $-0.0327866$ & $0.0940489$ & $0.115712$ & $0.107322$ & $-0.0669789$ & $-0.069694$ & $-0.0671455$ & $0.0203888$ & $0.111168$ & $0.111137$ & $0.0389847$ & $-0.0167274$ & $-0.0141657$ & $-0.00919883$ & $-0.12679$ & $-0.0610177$ & $0.933215$ & $-0.169437$ & $-0.0512$ & $-0.0320502$ & $-0.00648639$ & $0.0267841$ & $0.00830187$ & $0.00108895$ & $0.00578757$ & $0.0802737$ & $-0.0358927$ & $0.0577393$ & $-0.0134228$ & $0.0281586$ & $-0.0319028$ & $0.00355225$ & $0.0150437$ & $-0.0124315$ \\
CHWB & $0.0404919$ & $-0.0807513$ & $0.00642841$ & $0.0230147$ & $0.0141531$ & $-0.102159$ & $-0.112065$ & $1$ & $0.982703$ & $-0.582414$ & $-0.880275$ & $-0.175338$ & $0.347612$ & $0.114694$ & $0.304$ & $0.288167$ & $-0.23927$ & $-0.436785$ & $-0.427098$ & $0.851879$ & $0.897969$ & $0.88016$ & $0.0729872$ & $-0.676567$ & $-0.414783$ & $-0.530283$ & $0.425609$ & $0.275661$ & $0.0373309$ & $0.124273$ & $0.0698267$ & $-0.101472$ & $0.134116$ & $0.572437$ & $0.0208102$ & $-0.0175068$ & $-0.0163783$ & $0.00541364$ & $0.0267128$ & $-0.0224422$ & $-0.00351352$ & $0.0166433$ & $-0.00774423$ & $-0.010704$ & $-0.00178033$ & $0.0482009$ & $0.0246928$ & $0.0196408$ & $-0.0043072$ \\
CHWHB_gaga & $0.0414651$ & $-0.0733915$ & $0.00326542$ & $0.0148646$ & $0.0102999$ & $-0.0963703$ & $-0.0574055$ & $0.982703$ & $1$ & $-0.574909$ & $-0.860922$ & $-0.160109$ & $0.337794$ & $0.103891$ & $0.304005$ & $0.287428$ & $-0.24484$ & $-0.440719$ & $-0.428988$ & $0.833934$ & $0.877579$ & $0.860646$ & $0.0696589$ & $-0.670003$ & $-0.416755$ & $-0.51434$ & $0.415316$ & $0.26823$ & $0.0420732$ & $0.142896$ & $0.0831168$ & $-0.0589334$ & $0.15295$ & $0.558312$ & $-0.0134592$ & $-0.0257934$ & $-0.0203195$ & $0.00917973$ & $0.0164654$ & $-0.0255845$ & $-0.000387368$ & $0.0170227$ & $0.0590412$ & $-0.0129827$ & $-0.0105309$ & $0.0417777$ & $0.0251316$ & $0.0274937$ & $-0.00188261$ \\
CHWHB_gagaorth & $-0.0211532$ & $0.0469114$ & $-0.00332299$ & $-0.0329545$ & $-0.0111909$ & $-0.00375434$ & $0.0667456$ & $-0.582414$ & $-0.574909$ & $1$ & $0.364151$ & $0.532507$ & $-0.242707$ & $0.215373$ & $-0.137904$ & $-0.124344$ & $0.448155$ & $0.509156$ & $0.491487$ & $-0.349033$ & $-0.379764$ & $-0.378051$ & $-0.0390409$ & $0.572659$ & $0.495767$ & $0.227567$ & $-0.235294$ & $-0.116987$ & $-0.0144285$ & $-0.125761$ & $-0.072411$ & $0.0818028$ & $-0.152634$ & $-0.354325$ & $0.0474504$ & $0.0223272$ & $0.0485091$ & $0.0253321$ & $-0.0191833$ & $-0.0150439$ & $-0.0685326$ & $0.000206644$ & $-0.0068966$ & $0.0212587$ & $0.0201035$ & $-0.0332978$ & $-0.00793972$ & $-0.0192678$ & $-0.00961595$ \\
CHD & $-0.0329366$ & $0.0719801$ & $0.00711695$ & $-0.0353396$ & $-0.00781058$ & $0.157874$ & $0.0676277$ & $-0.880275$ & $-0.860922$ & $0.364151$ & $1$ & $0.251316$ & $-0.168761$ & $-0.528278$ & $-0.432586$ & $-0.4069$ & $-0.216472$ & $0.0671956$ & $0.0613538$ & $-0.990473$ & $-0.990976$ & $-0.97076$ & $-0.0272344$ & $0.313028$ & $0.0341402$ & $0.592872$ & $-0.286336$ & $-0.314736$ & $-0.0323343$ & $-0.0702809$ & $-0.0338044$ & $0.0709206$ & $-0.0636407$ & $-0.370126$ & $-0.0275186$ & $0.0235689$ & $-0.00295537$ & $-0.00962686$ & $-0.0154595$ & $0.0424153$ & $0.0468028$ & $-0.0116203$ & $0.0148687$ & $0.0147984$ & $-0.000877505$ & $-0.0526681$ & $-0.00469215$ & $-0.0185269$ & $0.0231919$ \\
CHbox & $0.00201417$ & $0.041526$ & $-0.00520103$ & $-0.0262659$ & $-0.0106189$ & $0.0363166$ & $-0.1262$ & $-0.175338$ & $-0.160109$ & $0.532507$ & $0.251316$ & $1$ & $0.332442$ & $-0.238054$ & $-0.0408875$ & $-0.0326016$ & $-0.15638$ & $-0.113629$ & $-0.118931$ & $-0.231377$ & $-0.25349$ & $-0.253211$ & $-0.0171333$ & $0.0189722$ & $-0.116957$ & $0.160224$ & $-0.110512$ & $-0.0738811$ & $0.0287006$ & $0.287667$ & $0.0901127$ & $-0.022303$ & $0.302284$ & $-0.110156$ & $0.0934636$ & $0.0469529$ & $0.0193543$ & $0.0325144$ & $-0.0103464$ & $0.00535814$ & $-0.0178201$ & $0.00852324$ & $-0.0146$ & $0.0224919$ & $0.0275631$ & $-0.056614$ & $0.0369523$ & $-0.0217196$ & $0.00622109$ \\
CH & $0.0242721$ & $-0.00462317$ & $-0.0182066$ & $-0.00748787$ & $-0.00338361$ & $0.00958913$ & $-0.320008$ & $0.347612$ & $0.337794$ & $-0.242707$ & $-0.168761$ & $0.332442$ & $1$ & $-0.235077$ & $0.0821903$ & $0.0554817$ & $-0.361856$ & $-0.397132$ & $-0.371155$ & $0.163345$ & $0.180983$ & $0.179815$ & $0.0294912$ & $-0.402821$ & $-0.381045$ & $-0.107142$ & $0.139521$ & $0.0498142$ & $0.0495403$ & $0.280252$ & $0.130715$ & $-0.258671$ & $0.344561$ & $0.213729$ & $0.0435019$ & $0.0112711$ & $-0.00186499$ & $0.00308412$ & $0.00429822$ & $-0.0105118$ & $0.0200846$ & $0.00767858$ & $-0.0202022$ & $0.0165886$ & $0.000611823$ & $0.000603297$ & $0.0282226$ & $0.0223989$ & $0.0228106$ \\
CHL1_11 & $-0.0207842$ & $-0.0308419$ & $-0.00465177$ & $0.0308257$ & $0.00777123$ & $0.0308539$ & $0.0443112$ & $0.114694$ & $0.103891$ & $0.215373$ & $-0.528278$ & $-0.238054$ & $-0.235077$ & $1$ & $0.290615$ & $0.268575$ & $0.672385$ & $0.600759$ & $0.596511$ & $0.546622$ & $0.488716$ & $0.474671$ & $-0.0590531$ & $0.457654$ & $0.596846$ & $-0.299858$ & $-0.106193$ & $0.162705$ & $0.0106242$ & $-0.0664593$ & $-0.0385726$ & $0.0167415$ & $-0.0890012$ & $-0.212704$ & $0.00642704$ & $-0.0084807$ & $0.03799$ & $0.00304758$ & $-0.0159765$ & $-0.0454932$ & $-0.0786961$ & $-0.00636466$ & $0.000640258$ & $-0.00384839$ & $-0.00201948$ & $0.0292674$ & $-0.018351$ & $0.00483715$ & $-0.0375444$ \\
CHL1_22 & $-0.0156584$ & $-0.0211524$ & $-0.030992$ & $0.00100378$ & $0.00488036$ & $-0.0491876$ & $-0.0481955$ & $0.304$ & $0.304005$ & $-0.137904$ & $-0.432586$ & $-0.0408875$ & $0.0821903$ & $0.290615$ & $1$ & $0.442133$ & $0.179442$ & $-0.424137$ & $-0.0214603$ & $0.496378$ & $0.349281$ & $0.343057$ & $-0.145987$ & $0.105616$ & $-0.115111$ & $-0.229315$ & $-0.385209$ & $0.103428$ & $0.0122231$ & $0.0554864$ & $0.0257845$ & $-0.0422891$ & $0.0521615$ & $-0.576405$ & $0.0226424$ & $-0.00353565$ & $0.00824908$ & $0.0186919$ & $0.0167234$ & $0.0135119$ & $-0.0157697$ & $0.0282305$ & $0.0103675$ & $-0.0247969$ & $-0.0151561$ & $0.00427973$ & $0.0210969$ & $0.00258699$ & $0.000918817$ \\
CHL1_33 & $-0.0451867$ & $-0.051126$ & $0.0206075$ & $0.0167283$ & $0.00141551$ & $-0.0825396$ & $-0.0327866$ & $0.288167$ & $0.287428$ & $-0.124344$ & $-0.4069$ & $-0.0326016$ & $0.0554817$ & $0.268575$ & $0.442133$ & $1$ & $0.163787$ & $-0.0177343$ & $-0.437462$ & $0.468937$ & $0.324537$ & $0.342875$ & $-0.159317$ & $0.107912$ & $-0.121847$ & $-0.211667$ & $-0.39739$ & $0.122947$ & $-0.00702509$ & $0.0333524$ & $0.00514093$ & $-0.0263894$ & $0.0333299$ & $-0.0958504$ & $0.00988956$ & $-0.0246641$ & $-0.0245453$ & $0.0341385$ & $0.000856383$ & $-0.00980183$ & $-0.00691213$ & $0.0228705$ & $0.00294126$ & $-0.0280191$ & $-0.030178$ & $-0.025759$ & $0.00514125$ & $-0.0021213$ & $-0.0122839$ \\
CHL3_11 & $-0.0213272$ & $0.000844587$ & $-0.00787609$ & $0.0290912$ & $-0.000886088$ & $-0.246216$ & $0.0940489$ & $-0.23927$ & $-0.24484$ & $0.448155$ & $-0.216472$ & $-0.15638$ & $-0.361856$ & $0.672385$ & $0.179442$ & $0.163787$ & $1$ & $0.744486$ & $0.735648$ & $0.238888$ & $0.180984$ & $0.17751$ & $-0.0503252$ & $0.683193$ & $0.780044$ & $-0.122361$ & $-0.179392$ & $0.0802036$ & $-0.0176496$ & $-0.101767$ & $-0.0757372$ & $0.0700951$ & $-0.139131$ & $-0.270998$ & $0.0273583$ & $-0.0179833$ & $0.0316877$ & $0.0138337$ & $-0.0136427$ & $-0.0456396$ & $-0.0991877$ & $-0.0150932$ & $-0.0286165$ & $-0.0101219$ & $0.0180369$ & $0.0128733$ & $-0.0473947$ & $0.00439052$ & $-0.0332781$ \\
CHL3_22 & $-0.0261006$ & $0.0015464$ & $0.0141214$ & $0.0238372$ & $-0.00213419$ & $-0.0635364$ & $0.115712$ & $-0.436785$ & $-0.440719$ & $0.509156$ & $0.0671956$ & $-0.113629$ & $-0.397132$ & $0.600759$ & $-0.424137$ & $-0.0177343$ & $0.744486$ & $1$ & $0.680581$ & $-0.0679229$ & $-0.0652544$ & $-0.0634362$ & $0.00471301$ & $0.635771$ & $0.798294$ & $0.036727$ & $-0.035148$ & $0.00365685$ & $-0.0185172$ & $-0.139597$ & $-0.0846112$ & $0.086226$ & $-0.165968$ & $-0.00160416$ & $-0.000135162$ & $-0.0128198$ & $0.0313866$ & $-0.00140053$ & $-0.0274286$ & $-0.0482286$ & $-0.0725005$ & $-0.0276834$ & $-0.018205$ & $0.00837227$ & $0.0160607$ & $-0.000387329$ & $-0.0455107$ & $-0.00471736$ & $-0.0334695$ \\
CHL3_33 & $-0.0033208$ & $0.0200085$ & $-0.0243966$ & $0.0148696$ & $0.00469142$ & $-0.0364908$ & $0.107322$ & $-0.427098$ & $-0.428988$ & $0.491487$ & $0.0613538$ & $-0.118931$ & $-0.371155$ & $0.596511$ & $-0.0214603$ & $-0.437462$ & $0.735648$ & $0.680581$ & $1$ & $-0.0627415$ & $-0.0565516$ & $-0.0545458$ & $0.0229389$ & $0.617996$ & $0.796327$ & $0.0290967$ & $-0.00844654$ & $-0.0141903$ & $-0.00513053$ & $-0.121896$ & $-0.0693866$ & $0.0778001$ & $-0.151835$ & $-0.355437$ & $0.010085$ & $0.00460567$ & $0.0569495$ & $-0.0108414$ & $-0.0158727$ & $-0.0357772$ & $-0.0763231$ & $-0.0243753$ & $-0.0113363$ & $0.0129067$ & $0.0311591$ & $0.0212109$ & $-0.0349151$ & $-0.0040093$ & $-0.0244128$ \\
CHe_11 & $0.0173477$ & $-0.0508542$ & $0.00050518$ & $0.0355155$ & $0.0168772$ & $-0.153688$ & $-0.0669789$ & $0.851879$ & $0.833934$ & $-0.349033$ & $-0.990473$ & $-0.231377$ & $0.163345$ & $0.546622$ & $0.496378$ & $0.468937$ & $0.238888$ & $-0.0679229$ & $-0.0627415$ & $1$ & $0.972874$ & $0.953829$ & $0.00547545$ & $-0.259186$ & $-0.0253593$ & $-0.586025$ & $0.212138$ & $0.31339$ & $0.0314751$ & $0.0665052$ & $0.0321747$ & $-0.0703883$ & $0.0618099$ & $0.292734$ & $0.0254347$ & $-0.022745$ & $0.00308126$ & $0.0127566$ & $0.0167496$ & $-0.0431458$ & $-0.0486436$ & $0.0137574$ & $-0.0122767$ & $-0.0158364$ & $-0.0050945$ & $0.0470131$ & $0.0107617$ & $0.0151563$ & $-0.0207714$ \\
CHe_22 & $0.0308244$ & $-0.0442055$ & $0.00624134$ & $0.0353934$ & $0.0180077$ & $-0.158684$ & $-0.069694$ & $0.897969$ & $0.877579$ & $-0.379764$ & $-0.990976$ & $-0.25349$ & $0.180983$ & $0.488716$ & $0.349281$ & $0.324537$ & $0.180984$ & $-0.0652544$ & $-0.0565516$ & $0.972874$ & $1$ & $0.975691$ & $0.0541639$ & $-0.370548$ & $-0.0425646$ & $-0.593088$ & $0.368006$ & $0.317002$ & $0.0330922$ & $0.0742729$ & $0.0367653$ & $-0.0729687$ & $0.068448$ & $0.4561$ & $0.0250848$ & $-0.021179$ & $-0.00264926$ & $0.00738019$ & $0.017266$ & $-0.044625$ & $-0.0476526$ & $0.00632141$ & $-0.0193619$ & $-0.0115863$ & $0.000594305$ & $0.0595087$ & $0.00593898$ & $0.0164994$ & $-0.021312$ \\
CHe_33 & $0.0291619$ & $-0.0416507$ & $-0.00113832$ & $0.0313042$ & $0.0197956$ & $-0.161736$ & $-0.0671455$ & $0.88016$ & $0.860646$ & $-0.378051$ & $-0.97076$ & $-0.253211$ & $0.179815$ & $0.474671$ & $0.343057$ & $0.342875$ & $0.17751$ & $-0.0634362$ & $-0.0545458$ & $0.953829$ & $0.975691$ & $1$ & $0.0604001$ & $-0.362712$ & $-0.0404959$ & $-0.586561$ & $0.361112$ & $0.312292$ & $0.0344244$ & $0.0685531$ & $0.0366373$ & $-0.0692829$ & $0.0655358$ & $0.450047$ & $0.0312876$ & $-0.0230234$ & $0.00376796$ & $0.00907397$ & $0.0238539$ & $-0.0447149$ & $-0.0391031$ & $0.00813388$ & $-0.0121611$ & $-0.0111281$ & $0.00698872$ & $0.0579013$ & $0.00864508$ & $0.0158399$ & $-0.0192957$ \\
CHQ1_11 & $-0.0220404$ & $-0.0369438$ & $0.0343553$ & $0.0205774$ & $0.00833814$ & $-0.0196077$ & $0.0203888$ & $0.0729872$ & $0.0696589$ & $-0.0390409$ & $-0.0272344$ & $-0.0171333$ & $0.0294912$ & $-0.0590531$ & $-0.145987$ & $-0.159317$ & $-0.0503252$ & $0.00471301$ & $0.0229389$ & $0.00547545$ & $0.0541639$ & $0.0604001$ & $1$ & $-0.125544$ & $0.065729$ & $-0.662483$ & $0.311634$ & $0.00229515$ & $-0.00308639$ & $0.021559$ & $0.00995217$ & $0.0224465$ & $0.00547947$ & $0.183948$ & $0.00285396$ & $-0.0158249$ & $0.0112114$ & $0.00974424$ & $0.0122249$ & $-1.63024e-05$ & $-0.0413139$ & $-0.0202005$ & $-0.0133921$ & $0.0208943$ & $0.0211917$ & $-0.0124466$ & $-0.0333019$ & $0.0151354$ & $0.00791025$ \\
CHQ1_33 & $-0.103504$ & $0.00552323$ & $-0.0196184$ & $0.00154686$ & $-0.00601942$ & $-0.0121505$ & $0.111168$ & $-0.676567$ & $-0.670003$ & $0.572659$ & $0.313028$ & $0.0189722$ & $-0.402821$ & $0.457654$ & $0.105616$ & $0.107912$ & $0.683193$ & $0.635771$ & $0.617996$ & $-0.259186$ & $-0.370548$ & $-0.362712$ & $-0.125544$ & $1$ & $0.659979$ & $0.209281$ & $-0.437429$ & $-0.00260419$ & $-0.0255921$ & $-0.127352$ & $-0.0789268$ & $0.0947559$ & $-0.152544$ & $-0.643734$ & $0.00775501$ & $0.00460404$ & $0.0301579$ & $0.00701785$ & $-0.0189551$ & $-0.0114449$ & $-0.075059$ & $-0.0241049$ & $-0.00887324$ & $-0.00486189$ & $-0.0115323$ & $-0.0312944$ & $-0.0367698$ & $-0.00747419$ & $-0.0213817$ \\
CHQ3_11 & $-0.151328$ & $0.00536625$ & $0.00183176$ & $0.0411742$ & $-0.00805998$ & $-0.0668548$ & $0.111137$ & $-0.414783$ & $-0.416755$ & $0.495767$ & $0.0341402$ & $-0.116957$ & $-0.381045$ & $0.596846$ & $-0.115111$ & $-0.121847$ & $0.780044$ & $0.798294$ & $0.796327$ & $-0.0253593$ & $-0.0425646$ & $-0.0404959$ & $0.065729$ & $0.659979$ & $1$ & $0.0391807$ & $0.167709$ & $0.00182294$ & $-0.0136556$ & $-0.128854$ & $-0.0928399$ & $0.0870033$ & $-0.159661$ & $-0.237225$ & $0.0162677$ & $-0.0267321$ & $0.0153513$ & $0.0111515$ & $-0.0140607$ & $-0.0288255$ & $-0.0789138$ & $-0.0329816$ & $-0.0140787$ & $0.0272702$ & $0.0176363$ & $0.0109101$ & $-0.0587123$ & $-0.00663761$ & $-0.026394$ \\
CHu_11 & $-0.0438717$ & $0.0552009$ & $0.00377389$ & $-0.0156388$ & $-0.0220405$ & $0.106939$ & $0.0389847$ & $-0.530283$ & $-0.51434$ & $0.227567$ & $0.592872$ & $0.160224$ & $-0.107142$ & $-0.299858$ & $-0.229315$ & $-0.211667$ & $-0.122361$ & $0.036727$ & $0.0290967$ & $-0.586025$ & $-0.593088$ & $-0.586561$ & $-0.662483$ & $0.209281$ & $0.0391807$ & $1$ & $-0.148675$ & $-0.184444$ & $-0.0103485$ & $-0.0400588$ & $-0.0430691$ & $0.0395511$ & $-0.0348915$ & $-0.250239$ & $-0.0322542$ & $0.0251156$ & $-0.0251436$ & $-0.0171037$ & $-0.00864172$ & $0.030224$ & $0.051804$ & $-0.0078214$ & $0.0255859$ & $0.0106015$ & $-0.0010648$ & $-0.0211305$ & $0.00638973$ & $-0.0432875$ & $0.013949$ \\
CHd_11 & $0.021447$ & $0.00197866$ & $0.0101877$ & $0.0353503$ & $0.00395907$ & $-0.0580557$ & $-0.0167274$ & $0.425609$ & $0.415316$ & $-0.235294$ & $-0.286336$ & $-0.110512$ & $0.139521$ & $-0.106193$ & $-0.385209$ & $-0.39739$ & $-0.179392$ & $-0.035148$ & $-0.00844654$ & $0.212138$ & $0.368006$ & $0.361112$ & $0.311634$ & $-0.437429$ & $0.167709$ & $-0.148675$ & $1$ & $0.0954823$ & $0.02222$ & $0.0365445$ & $0.00866616$ & $-0.0144854$ & $0.0279669$ & $0.680369$ & $0.00540181$ & $-0.0266769$ & $-0.0298231$ & $-0.00351953$ & $0.00877736$ & $-0.00841227$ & $-0.016111$ & $-0.0355993$ & $-0.0122558$ & $0.0293714$ & $0.0191909$ & $0.0441308$ & $-0.0282061$ & $0.00784676$ & $-0.011069$ \\
CHd_33 & $0.0215447$ & $0.0352106$ & $-0.040672$ & $-0.0147837$ & $0.00979383$ & $-0.0735946$ & $-0.0141657$ & $0.275661$ & $0.26823$ & $-0.116987$ & $-0.314736$ & $-0.0738811$ & $0.0498142$ & $0.162705$ & $0.103428$ & $0.122947$ & $0.0802036$ & $0.00365685$ & $-0.0141903$ & $0.31339$ & $0.317002$ & $0.312292$ & $0.00229515$ & $-0.00260419$ & $0.00182294$ & $-0.184444$ & $0.0954823$ & $1$ & $-0.0164131$ & $0.0254285$ & $0.0126456$ & $7.62762e-05$ & $0.0284951$ & $0.151693$ & $0.0239359$ & $-0.0171801$ & $0.00370424$ & $0.019044$ & $-0.0306503$ & $-0.0264079$ & $-0.00693509$ & $-0.0146385$ & $-0.0547297$ & $-0.00987807$ & $-0.0412451$ & $-0.00158648$ & $-0.028336$ & $0.0265365$ & $-0.0281645$ \\
CeH_22r & $-0.0138726$ & $-0.00140887$ & $-0.0209717$ & $0.0287924$ & $-0.00546419$ & $-0.00205655$ & $-0.00919883$ & $0.0373309$ & $0.0420732$ & $-0.0144285$ & $-0.0323343$ & $0.0287006$ & $0.0495403$ & $0.0106242$ & $0.0122231$ & $-0.00702509$ & $-0.0176496$ & $-0.0185172$ & $-0.00513053$ & $0.0314751$ & $0.0330922$ & $0.0344244$ & $-0.00308639$ & $-0.0255921$ & $-0.0136556$ & $-0.0103485$ & $0.02222$ & $-0.0164131$ & $1$ & $0.0333926$ & $0.0473642$ & $-0.015806$ & $0.0644407$ & $0.0165465$ & $-0.0110984$ & $-0.037908$ & $0.00679058$ & $-0.0288525$ & $-0.00156631$ & $-0.0114769$ & $-0.00114142$ & $-0.0168613$ & $0.0391663$ & $-0.0329844$ & $0.0130416$ & $0.04249$ & $0.00552446$ & $0.0101225$ & $0.0364519$ \\
CeH_33r & $-0.00175971$ & $-0.00216103$ & $0.00606588$ & $0.0253333$ & $0.0114505$ & $-0.0134037$ & $-0.12679$ & $0.124273$ & $0.142896$ & $-0.125761$ & $-0.0702809$ & $0.287667$ & $0.280252$ & $-0.0664593$ & $0.0554864$ & $0.0333524$ & $-0.101767$ & $-0.139597$ & $-0.121896$ & $0.0665052$ & $0.0742729$ & $0.0685531$ & $0.021559$ & $-0.127352$ & $-0.128854$ & $-0.0400588$ & $0.0365445$ & $0.0254285$ & $0.0333926$ & $1$ & $0.333208$ & $0.0227083$ & $0.666278$ & $0.0604381$ & $-0.0674279$ & $-0.040746$ & $-0.224965$ & $0.00142852$ & $-0.0246264$ & $-0.00881656$ & $-0.0237751$ & $-0.00736649$ & $-0.0414429$ & $0.0024747$ & $0.0824091$ & $-0.0315209$ & $0.00834765$ & $0.0061581$ & $0.0148182$ \\
CuH_22r & $0.0450546$ & $0.00543075$ & $0.0141296$ & $0.0179443$ & $0.0222815$ & $-0.0068404$ & $-0.0610177$ & $0.0698267$ & $0.0831168$ & $-0.072411$ & $-0.0338044$ & $0.0901127$ & $0.130715$ & $-0.0385726$ & $0.0257845$ & $0.00514093$ & $-0.0757372$ & $-0.0846112$ & $-0.0693866$ & $0.0321747$ & $0.0367653$ & $0.0366373$ & $0.00995217$ & $-0.0789268$ & $-0.0928399$ & $-0.0430691$ & $0.00866616$ & $0.0126456$ & $0.0473642$ & $0.333208$ & $1$ & $0.0376115$ & $0.337832$ & $0.0340894$ & $0.0229968$ & $-0.00969287$ & $-0.0972331$ & $0.00269862$ & $0.00200246$ & $-0.00614901$ & $0.0281955$ & $-0.0180702$ & $0.0285739$ & $0.00652125$ & $0.0279791$ & $0.0549846$ & $0.362582$ & $0.0102876$ & $-0.0204553$ \\
CuH_33r & $0.0111545$ & $-0.028642$ & $-0.0441863$ & $0.0227814$ & $-0.012445$ & $-0.0104862$ & $0.933215$ & $-0.101472$ & $-0.0589334$ & $0.0818028$ & $0.0709206$ & $-0.022303$ & $-0.258671$ & $0.0167415$ & $-0.0422891$ & $-0.0263894$ & $0.0700951$ & $0.086226$ & $0.0778001$ & $-0.0703883$ & $-0.0729687$ & $-0.0692829$ & $0.0224465$ & $0.0947559$ & $0.0870033$ & $0.0395511$ & $-0.0144854$ & $7.62762e-05$ & $-0.015806$ & $0.0227083$ & $0.0376115$ & $1$ & $0.00800029$ & $-0.0464137$ & $0.0763672$ & $0.0300488$ & $-0.0106123$ & $0.00705961$ & $0.023211$ & $0.0103242$ & $0.092247$ & $-0.0422163$ & $0.0425398$ & $-0.0147608$ & $0.0239798$ & $-0.0381678$ & $0.0126253$ & $0.0152463$ & $-0.00870874$ \\
CdH_33r & $-0.0257813$ & $-0.0130036$ & $0.00370203$ & $0.00557792$ & $0.00293082$ & $-0.0147509$ & $-0.169437$ & $0.134116$ & $0.15295$ & $-0.152634$ & $-0.0636407$ & $0.302284$ & $0.344561$ & $-0.0890012$ & $0.0521615$ & $0.0333299$ & $-0.139131$ & $-0.165968$ & $-0.151835$ & $0.0618099$ & $0.068448$ & $0.0655358$ & $0.00547947$ & $-0.152544$ & $-0.159661$ & $-0.0348915$ & $0.0279669$ & $0.0284951$ & $0.0644407$ & $0.666278$ & $0.337832$ & $0.00800029$ & $1$ & $0.0680763$ & $-0.0566731$ & $-0.0613556$ & $-0.210703$ & $-0.0145926$ & $-0.0217352$ & $-0.00743354$ & $0.0168555$ & $-0.0291293$ & $-0.00386857$ & $0.0209613$ & $0.0016494$ & $0.00488459$ & $-0.000275202$ & $0.0854269$ & $0.473558$ \\
CLL_1221 & $0.0520308$ & $0.0194157$ & $0.0290548$ & $0.0164048$ & $0.00101374$ & $-0.127519$ & $-0.0512$ & $0.572437$ & $0.558312$ & $-0.354325$ & $-0.370126$ & $-0.110156$ & $0.213729$ & $-0.212704$ & $-0.576405$ & $-0.0958504$ & $-0.270998$ & $-0.00160416$ & $-0.355437$ & $0.292734$ & $0.4561$ & $0.450047$ & $0.183948$ & $-0.643734$ & $-0.237225$ & $-0.250239$ & $0.680369$ & $0.151693$ & $0.0165465$ & $0.0604381$ & $0.0340894$ & $-0.0464137$ & $0.0680763$ & $1$ & $-0.00181196$ & $-0.0160595$ & $-0.0309282$ & $-0.0105662$ & $0.00849056$ & $-0.0268267$ & $0.00139282$ & $-0.0135802$ & $-0.0239765$ & $0.00477718$ & $0.0104206$ & $0.041622$ & $-0.00583453$ & $0.0141571$ & $-0.00565867$ \\
eHggint & $-0.0180576$ & $-0.105342$ & $-0.03517$ & $0.00779211$ & $0.000668913$ & $-0.0423183$ & $-0.0320502$ & $0.0208102$ & $-0.0134592$ & $0.0474504$ & $-0.0275186$ & $0.0934636$ & $0.0435019$ & $0.00642704$ & $0.0226424$ & $0.00988956$ & $0.0273583$ & $-0.000135162$ & $0.010085$ & $0.0254347$ & $0.0250848$ & $0.0312876$ & $0.00285396$ & $0.00775501$ & $0.0162677$ & $-0.0322542$ & $0.00540181$ & $0.0239359$ & $-0.0110984$ & $-0.0674279$ & $0.0229968$ & $0.0763672$ & $-0.0566731$ & $-0.00181196$ & $1$ & $-0.0860032$ & $0.0985165$ & $0.041155$ & $0.0534142$ & $0.0184946$ & $-0.00535951$ & $0.0226147$ & $-0.00471954$ & $-0.0591131$ & $0.0409089$ & $-0.00191147$ & $0.04494$ & $-0.0256893$ & $-0.00563333$ \\
eHggpar & $-0.017885$ & $0.040378$ & $0.00532751$ & $0.0394417$ & $-0.0221326$ & $0.025277$ & $-0.00648639$ & $-0.0175068$ & $-0.0257934$ & $0.0223272$ & $0.0235689$ & $0.0469529$ & $0.0112711$ & $-0.0084807$ & $-0.00353565$ & $-0.0246641$ & $-0.0179833$ & $-0.0128198$ & $0.00460567$ & $-0.022745$ & $-0.021179$ & $-0.0230234$ & $-0.0158249$ & $0.00460404$ & $-0.0267321$ & $0.0251156$ & $-0.0266769$ & $-0.0171801$ & $-0.037908$ & $-0.040746$ & $-0.00969287$ & $0.0300488$ & $-0.0613556$ & $-0.0160595$ & $-0.0860032$ & $1$ & $0.000144849$ & $-0.0289645$ & $-0.00257446$ & $-0.0289648$ & $0.0435501$ & $-0.00283335$ & $-0.00821739$ & $0.0362826$ & $-0.0341895$ & $0.0334456$ & $-0.0091461$ & $-0.0232885$ & $-0.0737569$ \\
eHWWint & $0.0577121$ & $-0.0836041$ & $-0.0046608$ & $-0.00504267$ & $-0.00387157$ & $-0.00856859$ & $0.0267841$ & $-0.0163783$ & $-0.0203195$ & $0.0485091$ & $-0.00295537$ & $0.0193543$ & $-0.00186499$ & $0.03799$ & $0.00824908$ & $-0.0245453$ & $0.0316877$ & $0.0313866$ & $0.0569495$ & $0.00308126$ & $-0.00264926$ & $0.00376796$ & $0.0112114$ & $0.0301579$ & $0.0153513$ & $-0.0251436$ & $-0.0298231$ & $0.00370424$ & $0.00679058$ & $-0.224965$ & $-0.0972331$ & $-0.0106123$ & $-0.210703$ & $-0.0309282$ & $0.0985165$ & $0.000144849$ & $1$ & $-0.0204933$ & $0.00495969$ & $-0.0178531$ & $0.000409099$ & $0.0109563$ & $0.0683218$ & $-0.0218525$ & $0.0511807$ & $0.0359199$ & $-0.0195836$ & $0.0255282$ & $0.00848759$ \\
eHWWpar & $0.00808183$ & $-0.0440083$ & $0.0527555$ & $-0.0124252$ & $-0.00174268$ & $0.0115616$ & $0.00830187$ & $0.00541364$ & $0.00917973$ & $0.0253321$ & $-0.00962686$ & $0.0325144$ & $0.00308412$ & $0.00304758$ & $0.0186919$ & $0.0341385$ & $0.0138337$ & $-0.00140053$ & $-0.0108414$ & $0.0127566$ & $0.00738019$ & $0.00907397$ & $0.00974424$ & $0.00701785$ & $0.0111515$ & $-0.0171037$ & $-0.00351953$ & $0.019044$ & $-0.0288525$ & $0.00142852$ & $0.00269862$ & $0.00705961$ & $-0.0145926$ & $-0.0105662$ & $0.041155$ & $-0.0289645$ & $-0.0204933$ & $1$ & $0.0288528$ & $0.00890922$ & $0.0495969$ & $-0.00679242$ & $0.0212037$ & $0.0168852$ & $-0.00529558$ & $-0.043219$ & $0.0308501$ & $0.0367558$ & $0.0125838$ \\
eHZZint & $-0.0883292$ & $-0.049173$ & $0.068084$ & $0.00672114$ & $-0.00162126$ & $-0.0140139$ & $0.00108895$ & $0.0267128$ & $0.0164654$ & $-0.0191833$ & $-0.0154595$ & $-0.0103464$ & $0.00429822$ & $-0.0159765$ & $0.0167234$ & $0.000856383$ & $-0.0136427$ & $-0.0274286$ & $-0.0158727$ & $0.0167496$ & $0.017266$ & $0.0238539$ & $0.0122249$ & $-0.0189551$ & $-0.0140607$ & $-0.00864172$ & $0.00877736$ & $-0.0306503$ & $-0.00156631$ & $-0.0246264$ & $0.00200246$ & $0.023211$ & $-0.0217352$ & $0.00849056$ & $0.0534142$ & $-0.00257446$ & $0.00495969$ & $0.0288528$ & $1$ & $0.00442468$ & $-0.0494828$ & $-0.00895938$ & $-0.0567092$ & $0.0547175$ & $0.00270433$ & $0.0175662$ & $0.000658307$ & $-0.0285522$ & $-0.00949915$ \\
eHZZpar & $-0.0104018$ & $0.051372$ & $0.01388$ & $-0.0117715$ & $0.0101016$ & $0.0218547$ & $0.00578757$ & $-0.0224422$ & $-0.0255845$ & $-0.0150439$ & $0.0424153$ & $0.00535814$ & $-0.0105118$ & $-0.0454932$ & $0.0135119$ & $-0.00980183$ & $-0.0456396$ & $-0.0482286$ & $-0.0357772$ & $-0.0431458$ & $-0.044625$ & $-0.0447149$ & $-1.63024e-05$ & $-0.0114449$ & $-0.0288255$ & $0.030224$ & $-0.00841227$ & $-0.0264079$ & $-0.0114769$ & $-0.00881656$ & $-0.00614901$ & $0.0103242$ & $-0.00743354$ & $-0.0268267$ & $0.0184946$ & $-0.0289648$ & $-0.0178531$ & $0.00890922$ & $0.00442468$ & $1$ & $0.00371989$ & $0.0169718$ & $-0.0178911$ & $-0.00786489$ & $-0.00236797$ & $0.0139324$ & $-0.0158084$ & $-0.0194246$ & $0.00122571$ \\
eHZgaint & $0.0470843$ & $-0.0204035$ & $-0.0828802$ & $-0.00992037$ & $-0.00953974$ & $-0.0259093$ & $0.0802737$ & $-0.00351352$ & $-0.000387368$ & $-0.0685326$ & $0.0468028$ & $-0.0178201$ & $0.0200846$ & $-0.0786961$ & $-0.0157697$ & $-0.00691213$ & $-0.0991877$ & $-0.0725005$ & $-0.0763231$ & $-0.0486436$ & $-0.0476526$ & $-0.0391031$ & $-0.0413139$ & $-0.075059$ & $-0.0789138$ & $0.051804$ & $-0.016111$ & $-0.00693509$ & $-0.00114142$ & $-0.0237751$ & $0.0281955$ & $0.092247$ & $0.0168555$ & $0.00139282$ & $-0.00535951$ & $0.0435501$ & $0.000409099$ & $0.0495969$ & $-0.0494828$ & $0.00371989$ & $1$ & $0.0651287$ & $0.0249174$ & $-0.0237997$ & $0.025403$ & $-0.0233053$ & $0.0636928$ & $0.0232134$ & $0.0194882$ \\
eHZgapar & $0.00212876$ & $-0.0361634$ & $-0.0510402$ & $-0.017484$ & $0.00122469$ & $-0.00844365$ & $-0.0358927$ & $0.0166433$ & $0.0170227$ & $0.000206644$ & $-0.0116203$ & $0.00852324$ & $0.00767858$ & $-0.00636466$ & $0.0282305$ & $0.0228705$ & $-0.0150932$ & $-0.0276834$ & $-0.0243753$ & $0.0137574$ & $0.00632141$ & $0.00813388$ & $-0.0202005$ & $-0.0241049$ & $-0.0329816$ & $-0.0078214$ & $-0.0355993$ & $-0.0146385$ & $-0.0168613$ & $-0.00736649$ & $-0.0180702$ & $-0.0422163$ & $-0.0291293$ & $-0.0135802$ & $0.0226147$ & $-0.00283335$ & $0.0109563$ & $-0.00679242$ & $-0.00895938$ & $0.0169718$ & $0.0651287$ & $1$ & $0.0359035$ & $-0.0244775$ & $-0.0239376$ & $0.0267297$ & $0.00598179$ & $0.0189053$ & $-0.030325$ \\
eHgagaint & $0.00758755$ & $-0.0243181$ & $-0.0453176$ & $-0.0368592$ & $-0.0136027$ & $0.0140563$ & $0.0577393$ & $-0.00774423$ & $0.0590412$ & $-0.0068966$ & $0.0148687$ & $-0.0146$ & $-0.0202022$ & $0.000640258$ & $0.0103675$ & $0.00294126$ & $-0.0286165$ & $-0.018205$ & $-0.0113363$ & $-0.0122767$ & $-0.0193619$ & $-0.0121611$ & $-0.0133921$ & $-0.00887324$ & $-0.0140787$ & $0.0255859$ & $-0.0122558$ & $-0.0547297$ & $0.0391663$ & $-0.0414429$ & $0.0285739$ & $0.0425398$ & $-0.00386857$ & $-0.0239765$ & $-0.00471954$ & $-0.00821739$ & $0.0683218$ & $0.0212037$ & $-0.0567092$ & $-0.0178911$ & $0.0249174$ & $0.0359035$ & $1$ & $-0.0639786$ & $-0.036359$ & $0.0455135$ & $0.0663345$ & $0.107708$ & $0.0173013$ \\
eHmumuint & $-0.0737283$ & $-0.0081383$ & $0.0365306$ & $-0.00359706$ & $-0.000254414$ & $0.0296009$ & $-0.0134228$ & $-0.010704$ & $-0.0129827$ & $0.0212587$ & $0.0147984$ & $0.0224919$ & $0.0165886$ & $-0.00384839$ & $-0.0247969$ & $-0.0280191$ & $-0.0101219$ & $0.00837227$ & $0.0129067$ & $-0.0158364$ & $-0.0115863$ & $-0.0111281$ & $0.0208943$ & $-0.00486189$ & $0.0272702$ & $0.0106015$ & $0.0293714$ & $-0.00987807$ & $-0.0329844$ & $0.0024747$ & $0.00652125$ & $-0.0147608$ & $0.0209613$ & $0.00477718$ & $-0.0591131$ & $0.0362826$ & $-0.0218525$ & $0.0168852$ & $0.0547175$ & $-0.00786489$ & $-0.0237997$ & $-0.0244775$ & $-0.0639786$ & $1$ & $0.0436404$ & $-0.00244722$ & $0.0106568$ & $0.0314776$ & $0.00598396$ \\
eHtautauint & $-0.00623988$ & $-0.0887395$ & $-0.0514581$ & $-0.039228$ & $0.0303996$ & $-0.00321846$ & $0.0281586$ & $-0.00178033$ & $-0.0105309$ & $0.0201035$ & $-0.000877505$ & $0.0275631$ & $0.000611823$ & $-0.00201948$ & $-0.0151561$ & $-0.030178$ & $0.0180369$ & $0.0160607$ & $0.0311591$ & $-0.0050945$ & $0.000594305$ & $0.00698872$ & $0.0211917$ & $-0.0115323$ & $0.0176363$ & $-0.0010648$ & $0.0191909$ & $-0.0412451$ & $0.0130416$ & $0.0824091$ & $0.0279791$ & $0.0239798$ & $0.0016494$ & $0.0104206$ & $0.0409089$ & $-0.0341895$ & $0.0511807$ & $-0.00529558$ & $0.00270433$ & $-0.00236797$ & $0.025403$ & $-0.0239376$ & $-0.036359$ & $0.0436404$ & $1$ & $0.0372478$ & $-0.00788636$ & $0.0438633$ & $-0.0399346$ \\
eHccint & $-0.0285857$ & $0.064601$ & $-0.0699859$ & $0.0491378$ & $-0.00546068$ & $-0.024837$ & $-0.0319028$ & $0.0482009$ & $0.0417777$ & $-0.0332978$ & $-0.0526681$ & $-0.056614$ & $0.000603297$ & $0.0292674$ & $0.00427973$ & $-0.025759$ & $0.0128733$ & $-0.000387329$ & $0.0212109$ & $0.0470131$ & $0.0595087$ & $0.0579013$ & $-0.0124466$ & $-0.0312944$ & $0.0109101$ & $-0.0211305$ & $0.0441308$ & $-0.00158648$ & $0.04249$ & $-0.0315209$ & $0.0549846$ & $-0.0381678$ & $0.00488459$ & $0.041622$ & $-0.00191147$ & $0.0334456$ & $0.0359199$ & $-0.043219$ & $0.0175662$ & $0.0139324$ & $-0.0233053$ & $0.0267297$ & $0.0455135$ & $-0.00244722$ & $0.0372478$ & $1$ & $-0.0184679$ & $0.0301397$ & $0.0391519$ \\
eHccpar & $0.025919$ & $-0.0411082$ & $0.105669$ & $0.0122188$ & $0.0243605$ & $0.0232238$ & $0.00355225$ & $0.0246928$ & $0.0251316$ & $-0.00793972$ & $-0.00469215$ & $0.0369523$ & $0.0282226$ & $-0.018351$ & $0.0210969$ & $0.00514125$ & $-0.0473947$ & $-0.0455107$ & $-0.0349151$ & $0.0107617$ & $0.00593898$ & $0.00864508$ & $-0.0333019$ & $-0.0367698$ & $-0.0587123$ & $0.00638973$ & $-0.0282061$ & $-0.028336$ & $0.00552446$ & $0.00834765$ & $0.362582$ & $0.0126253$ & $-0.000275202$ & $-0.00583453$ & $0.04494$ & $-0.0091461$ & $-0.0195836$ & $0.0308501$ & $0.000658307$ & $-0.0158084$ & $0.0636928$ & $0.00598179$ & $0.0663345$ & $0.0106568$ & $-0.00788636$ & $-0.0184679$ & $1$ & $-0.0499329$ & $-0.000952492$ \\
eHbbint & $0.0430514$ & $-0.0368143$ & $-0.0602223$ & $0.0295745$ & $0.0284336$ & $-0.0331402$ & $0.0150437$ & $0.0196408$ & $0.0274937$ & $-0.0192678$ & $-0.0185269$ & $-0.0217196$ & $0.0223989$ & $0.00483715$ & $0.00258699$ & $-0.0021213$ & $0.00439052$ & $-0.00471736$ & $-0.0040093$ & $0.0151563$ & $0.0164994$ & $0.0158399$ & $0.0151354$ & $-0.00747419$ & $-0.00663761$ & $-0.0432875$ & $0.00784676$ & $0.0265365$ & $0.0101225$ & $0.0061581$ & $0.0102876$ & $0.0152463$ & $0.0854269$ & $0.0141571$ & $-0.0256893$ & $-0.0232885$ & $0.0255282$ & $0.0367558$ & $-0.0285522$ & $-0.0194246$ & $0.0232134$ & $0.0189053$ & $0.107708$ & $0.0314776$ & $0.0438633$ & $0.0301397$ & $-0.0499329$ & $1$ & $-0.159878$ \\
eHbbpar & $-0.0685295$ & $-0.0297979$ & $0.0061492$ & $-0.0182453$ & $-0.0232556$ & $0.0109046$ & $-0.0124315$ & $-0.0043072$ & $-0.00188261$ & $-0.00961595$ & $0.0231919$ & $0.00622109$ & $0.0228106$ & $-0.0375444$ & $0.000918817$ & $-0.0122839$ & $-0.0332781$ & $-0.0334695$ & $-0.0244128$ & $-0.0207714$ & $-0.021312$ & $-0.0192957$ & $0.00791025$ & $-0.0213817$ & $-0.026394$ & $0.013949$ & $-0.011069$ & $-0.0281645$ & $0.0364519$ & $0.0148182$ & $-0.0204553$ & $-0.00870874$ & $0.473558$ & $-0.00565867$ & $-0.00563333$ & $-0.0737569$ & $0.00848759$ & $0.0125838$ & $-0.00949915$ & $0.00122571$ & $0.0194882$ & $-0.030325$ & $0.0173013$ & $0.00598396$ & $-0.0399346$ & $0.0391519$ & $-0.000952492$ & $-0.159878$ & $1$ \\
