 & AlsMz & dAle5Mz & mtop & mHl & Mz & CW & CHG & CHWB & CHWHB_gaga & CHWHB_gagaorth & CHD & CHbox & CH & CHL1_11 & CHL1_22 & CHL1_33 & CHL3_11 & CHL3_22 & CHL3_33 & CHe_11 & CHe_22 & CHe_33 & CHQ1_11 & CHQ1_33 & CHQ3_11 & CHu_11 & CHd_11 & CHd_33 & CeH_22r & CeH_33r & CuH_22r & CuH_33r & CdH_33r & CLL_1221 & eHggint & eHggpar & eHWWint & eHWWpar & eHZZint & eHZZpar & eHZgaint & eHZgapar & eHgagaint & eHmumuint & eHtautauint & eHccint & eHccpar & eHbbint & eHbbpar \\
AlsMz & $1$ & $0.0202183$ & $-0.0119796$ & $0.00191035$ & $0.00503571$ & $0.010151$ & $0.00289267$ & $-0.014112$ & $-0.0145898$ & $0.00788762$ & $-0.00152327$ & $0.00386518$ & $-0.00284711$ & $0.00351628$ & $-0.00596665$ & $0.00792233$ & $0.0107232$ & $0.0106795$ & $-0.00160164$ & $-0.0133018$ & $-0.00146259$ & $-0.010391$ & $-0.0100748$ & $-0.0356725$ & $-0.113588$ & $-0.00852136$ & $-0.0242923$ & $-0.00142747$ & $0.00287201$ & $-0.00124804$ & $0.00381581$ & $0.00417843$ & $-0.0109233$ & $0.00141661$ & $-0.0124358$ & $0.0363569$ & $0.00717739$ & $0.0195024$ & $0.0171203$ & $-0.014022$ & $0.0154304$ & $-0.00520371$ & $0.0067335$ & $0.00561352$ & $0.0198123$ & $0.0223782$ & $0.0149197$ & $-0.00508351$ & $-0.00896434$ \\
dAle5Mz & $0.0202183$ & $1$ & $0.0204732$ & $-0.00101601$ & $0.0033424$ & $0.0428816$ & $-0.0055076$ & $-0.204088$ & $-0.199811$ & $0.0474526$ & $0.188056$ & $0.0151273$ & $-0.0270159$ & $-0.0460308$ & $-0.0114288$ & $-0.00946439$ & $0.0651557$ & $-0.00326664$ & $-0.000366586$ & $-0.196217$ & $-0.0191487$ & $-0.0104525$ & $0.00573471$ & $0.00159777$ & $0.000966476$ & $0.00233325$ & $0.00927929$ & $0.001669$ & $-0.00459182$ & $0.00496236$ & $0.0121638$ & $-0.00276064$ & $0.0252571$ & $0.11356$ & $0.00276363$ & $-0.00495118$ & $-0.00452626$ & $0.00445352$ & $0.0173479$ & $-0.0188003$ & $-0.0356117$ & $-0.00171053$ & $-0.0229234$ & $-0.0069731$ & $0.0446867$ & $0.0322146$ & $-0.0020818$ & $0.0235215$ & $0.00818969$ \\
mtop & $-0.0119796$ & $0.0204732$ & $1$ & $-0.00782876$ & $0.00419035$ & $0.00147713$ & $0.000900951$ & $-0.00567768$ & $-0.00572527$ & $0.000739384$ & $0.0224106$ & $-0.00204551$ & $-0.000701615$ & $-0.00902157$ & $0.00423804$ & $-0.000248003$ & $-0.00532502$ & $-0.00465869$ & $-0.00271792$ & $-0.00717753$ & $0.00368357$ & $-0.00578165$ & $-0.00635372$ & $0.00478576$ & $-5.19078e-05$ & $0.0106572$ & $0.0046867$ & $0.00687228$ & $0.00785342$ & $-0.0119047$ & $0.00899645$ & $-0.0029955$ & $-0.00110203$ & $0.00114908$ & $-0.0122393$ & $0.0123634$ & $0.0116529$ & $0.016734$ & $0.0183435$ & $0.00351384$ & $-0.0223222$ & $-0.00518081$ & $-0.00669876$ & $0.0128975$ & $4.67228e-05$ & $0.0265129$ & $0.027516$ & $-0.00367268$ & $0.0172808$ \\
mHl & $0.00191035$ & $-0.00101601$ & $-0.00782876$ & $1$ & $-0.00171053$ & $0.00527255$ & $-0.00835105$ & $0.00311502$ & $0.00224065$ & $0.00305074$ & $-0.00636988$ & $0.0023688$ & $-0.0154014$ & $0.00304883$ & $0.00352709$ & $-0.00114683$ & $0.00738979$ & $0.00270089$ & $-0.00287082$ & $0.00588802$ & $0.00549725$ & $-0.00138971$ & $-0.00104422$ & $0.000735808$ & $0.00469117$ & $-0.00250111$ & $0.000417583$ & $-0.00111456$ & $-0.00160423$ & $0.00522347$ & $-0.00815043$ & $-0.00895565$ & $-0.0186968$ & $0.00227583$ & $-0.0158371$ & $0.0435863$ & $0.00684152$ & $-0.00534863$ & $0.00887539$ & $0.00214412$ & $0.0189536$ & $-0.00880032$ & $-0.00160335$ & $0.0194649$ & $0.00276106$ & $-0.0073801$ & $0.000705528$ & $0.00044184$ & $-0.0294652$ \\
Mz & $0.00503571$ & $0.0033424$ & $0.00419035$ & $-0.00171053$ & $1$ & $-0.00275339$ & $-0.00582253$ & $-0.00522367$ & $-0.00470246$ & $-0.00456614$ & $0.0918313$ & $0.00672734$ & $-0.00075953$ & $0.000197182$ & $0.000853496$ & $-0.00171522$ & $-0.000631194$ & $0.000437729$ & $0.00158173$ & $0.00119097$ & $0.00260729$ & $-0.000556285$ & $-0.00224085$ & $0.00216339$ & $-0.0028695$ & $-0.00391689$ & $-0.00399315$ & $0.00427568$ & $0.00271235$ & $-0.00556234$ & $-0.00518265$ & $-0.00828808$ & $-0.0114718$ & $-0.0034476$ & $-0.0103045$ & $0.000623127$ & $0.00415685$ & $0.000435272$ & $-0.00925286$ & $-0.00373028$ & $0.00705134$ & $-0.00651465$ & $0.00282161$ & $0.00059778$ & $-0.00234075$ & $-0.00126216$ & $0.00500006$ & $-0.0037584$ & $-0.00305256$ \\
CW & $0.010151$ & $0.0428816$ & $0.00147713$ & $0.00527255$ & $-0.00275339$ & $1$ & $0.00452639$ & $-0.12052$ & $-0.117945$ & $0.0315639$ & $0.109721$ & $0.0382513$ & $-0.00709676$ & $0.103252$ & $0.0248074$ & $0.0192423$ & $-0.0588334$ & $0.00427316$ & $0.0114725$ & $-0.100622$ & $-0.0422282$ & $-0.0465853$ & $-0.0061726$ & $0.0427918$ & $0.00453069$ & $0.0117488$ & $-0.0467259$ & $-0.00458765$ & $0.00121532$ & $0.00491646$ & $-0.00130009$ & $0.00515832$ & $0.00333206$ & $-0.0981178$ & $-0.00687617$ & $0.00746531$ & $-0.000759964$ & $0.00209522$ & $0.00136389$ & $-0.00262454$ & $-0.00571308$ & $0.000345777$ & $-0.000924412$ & $0.00469307$ & $0.00767369$ & $-0.00922785$ & $0.00250097$ & $-0.000996975$ & $-0.00213631$ \\
CHG & $0.00289267$ & $-0.0055076$ & $0.000900951$ & $-0.00835105$ & $-0.00582253$ & $0.00452639$ & $1$ & $-0.00805317$ & $0.0554812$ & $-0.00237269$ & $0.00527045$ & $0.0445163$ & $-0.0808726$ & $-0.00106675$ & $-0.00195701$ & $0.00316201$ & $8.55593e-05$ & $0.00601565$ & $0.00164196$ & $0.00038344$ & $-0.0004305$ & $-0.0053254$ & $0.006342$ & $0.00751347$ & $-0.00282559$ & $-0.00905672$ & $-0.00423046$ & $-0.00195214$ & $0.0292974$ & $-0.0436181$ & $-0.0324572$ & $0.938227$ & $-0.065889$ & $-0.00524049$ & $-0.0368242$ & $-0.00326171$ & $0.0216028$ & $0.0141665$ & $-0.0125772$ & $-0.003504$ & $0.00710447$ & $0.00113171$ & $-0.00950605$ & $-0.00485965$ & $-0.00426555$ & $0.000211252$ & $0.00785566$ & $-0.0125468$ & $-0.00552689$ \\
CHWB & $-0.014112$ & $-0.204088$ & $-0.00567768$ & $0.00311502$ & $-0.00522367$ & $-0.12052$ & $-0.00805317$ & $1$ & $0.975555$ & $-0.299718$ & $-0.877571$ & $-0.382507$ & $0.0751346$ & $-0.0732075$ & $-0.0871447$ & $-0.0880856$ & $-0.355474$ & $-0.205743$ & $-0.202577$ & $0.757986$ & $0.370805$ & $0.34526$ & $0.041466$ & $-0.364666$ & $-0.245686$ & $-0.0745457$ & $0.275697$ & $0.061383$ & $-0.000460081$ & $0.000300372$ & $0.00110888$ & $-0.0226597$ & $-0.0146896$ & $0.609511$ & $-0.0141926$ & $-0.00512394$ & $0.00176792$ & $-0.00122491$ & $0.00877641$ & $0.00560849$ & $0.00674666$ & $-0.00411661$ & $-0.00370286$ & $0.0044761$ & $-0.00711974$ & $-0.00949408$ & $0.000360745$ & $-0.00269916$ & $0.00105588$ \\
CHWHB_gaga & $-0.0145898$ & $-0.199811$ & $-0.00572527$ & $0.00224065$ & $-0.00470246$ & $-0.117945$ & $0.0554812$ & $0.975555$ & $1$ & $-0.300349$ & $-0.85589$ & $-0.354736$ & $0.0728439$ & $-0.0802059$ & $-0.0845827$ & $-0.0844441$ & $-0.354245$ & $-0.203334$ & $-0.199977$ & $0.747293$ & $0.361495$ & $0.334789$ & $0.0389637$ & $-0.355922$ & $-0.242333$ & $-0.0715053$ & $0.268232$ & $0.0592329$ & $0.00880825$ & $0.029543$ & $0.0147665$ & $0.0299082$ & $0.0152993$ & $0.59208$ & $-0.0376496$ & $-0.0179755$ & $-0.0127589$ & $-0.00690578$ & $0.00422984$ & $0.00512883$ & $0.00702385$ & $-0.00380051$ & $0.0853018$ & $0.0047306$ & $-0.00931761$ & $-0.00934797$ & $0.0015609$ & $-0.00417031$ & $0.000760101$ \\
CHWHB_gagaorth & $0.00788762$ & $0.0474526$ & $0.000739384$ & $0.00305074$ & $-0.00456614$ & $0.0315639$ & $-0.00237269$ & $-0.299718$ & $-0.300349$ & $1$ & $0.0177792$ & $0.388484$ & $-0.116488$ & $0.762959$ & $0.0871358$ & $0.0854199$ & $0.807854$ & $0.262531$ & $0.260376$ & $-0.0240353$ & $-0.0369602$ & $-0.0313655$ & $-0.0422129$ & $0.263435$ & $0.31567$ & $0.0102872$ & $-0.145443$ & $-0.0043665$ & $-0.00850253$ & $-0.0692099$ & $-0.0260364$ & $0.0139397$ & $-0.0405025$ & $-0.199068$ & $0.0415906$ & $0.0139177$ & $0.00400268$ & $-0.00186224$ & $-0.00366619$ & $-0.0016094$ & $-0.0375411$ & $-0.00269782$ & $-0.0143121$ & $-0.00404154$ & $-0.000138409$ & $0.00953231$ & $-0.000220179$ & $0.000273761$ & $-0.00464081$ \\
CHD & $-0.00152327$ & $0.188056$ & $0.0224106$ & $-0.00636988$ & $0.0918313$ & $0.109721$ & $0.00527045$ & $-0.877571$ & $-0.85589$ & $0.0177792$ & $1$ & $0.258001$ & $-0.0352313$ & $-0.19828$ & $0.037325$ & $0.0387666$ & $0.0671643$ & $0.109184$ & $0.106967$ & $-0.77861$ & $-0.365505$ & $-0.341252$ & $-0.0237866$ & $0.256722$ & $0.130771$ & $0.0747821$ & $-0.206428$ & $-0.0615094$ & $-0.000689283$ & $0.00592809$ & $0.00358448$ & $0.0144186$ & $0.0163657$ & $-0.457725$ & $0.00381434$ & $0.00575316$ & $-0.000912875$ & $0.0020681$ & $-0.00765668$ & $-0.00444647$ & $0.00157447$ & $0.00308581$ & $0.00327015$ & $0.000986731$ & $0.00449884$ & $0.0077438$ & $0.00116738$ & $0.00153778$ & $-0.000775211$ \\
CHbox & $0.00386518$ & $0.0151273$ & $-0.00204551$ & $0.0023688$ & $0.00672734$ & $0.0382513$ & $0.0445163$ & $-0.382507$ & $-0.354736$ & $0.388484$ & $0.258001$ & $1$ & $-0.585625$ & $0.157949$ & $0.0596637$ & $0.0600634$ & $0.270973$ & $0.11936$ & $0.119756$ & $-0.106876$ & $-0.113388$ & $-0.109267$ & $-0.0224472$ & $0.178733$ & $0.146293$ & $0.0205388$ & $-0.126433$ & $-0.0230728$ & $0.0177417$ & $0.122686$ & $0.0196687$ & $0.101784$ & $0.168986$ & $-0.282305$ & $0.0773587$ & $0.0420645$ & $-0.0132392$ & $-0.00369827$ & $-0.0172223$ & $-0.00758563$ & $-0.0118684$ & $0.00303273$ & $-0.0117278$ & $-0.00310178$ & $-0.00437022$ & $0.00505$ & $-0.000814734$ & $-0.00640842$ & $-0.00212844$ \\
CH & $-0.00284711$ & $-0.0270159$ & $-0.000701615$ & $-0.0154014$ & $-0.00075953$ & $-0.00709676$ & $-0.0808726$ & $0.0751346$ & $0.0728439$ & $-0.116488$ & $-0.0352313$ & $-0.585625$ & $1$ & $-0.123439$ & $-0.006331$ & $-0.011677$ & $-0.132979$ & $-0.0482456$ & $-0.0470895$ & $0.0784834$ & $0.0194087$ & $0.0233368$ & $0.00599138$ & $-0.047601$ & $-0.0553735$ & $-0.00485058$ & $0.0262302$ & $0.00935965$ & $0.0135753$ & $0.0728355$ & $0.0368865$ & $-0.0731885$ & $0.105953$ & $0.0336505$ & $-0.000100776$ & $-0.00655338$ & $0.00665605$ & $-0.00124671$ & $-0.00342062$ & $0.00360277$ & $0.000417801$ & $-0.00726266$ & $0.00489151$ & $-0.00280742$ & $-0.000920067$ & $0.00106756$ & $-0.00189554$ & $0.00690391$ & $-0.00183162$ \\
CHL1_11 & $0.00351628$ & $-0.0460308$ & $-0.00902157$ & $0.00304883$ & $0.000197182$ & $0.103252$ & $-0.00106675$ & $-0.0732075$ & $-0.0802059$ & $0.762959$ & $-0.19828$ & $0.157949$ & $-0.123439$ & $1$ & $0.0908532$ & $0.0852211$ & $0.621829$ & $0.212236$ & $0.21319$ & $0.0997955$ & $0.0452723$ & $0.0412635$ & $-0.0402439$ & $0.202659$ & $0.247757$ & $-0.00393431$ & $-0.119543$ & $0.0102479$ & $-0.0103421$ & $-0.0356791$ & $-0.0235479$ & $-0.000210708$ & $-0.0518724$ & $-0.115717$ & $0.0225439$ & $0.00567336$ & $0.00546372$ & $0.00338811$ & $0.00433264$ & $0.00338808$ & $-0.0264214$ & $0.00218615$ & $-0.00692517$ & $-0.005968$ & $-0.00163082$ & $0.00283924$ & $-0.00430354$ & $-0.00590853$ & $-0.00299421$ \\
CHL1_22 & $-0.00596665$ & $-0.0114288$ & $0.00423804$ & $0.00352709$ & $0.000853496$ & $0.0248074$ & $-0.00195701$ & $-0.0871447$ & $-0.0845827$ & $0.0871358$ & $0.037325$ & $0.0596637$ & $-0.006331$ & $0.0908532$ & $1$ & $0.338877$ & $0.0682423$ & $-0.637983$ & $-0.226274$ & $-0.0200021$ & $-0.258485$ & $-0.19094$ & $-0.0856178$ & $0.268899$ & $-0.315285$ & $0.0163269$ & $-0.52229$ & $-0.0360706$ & $0.00357753$ & $0.00487561$ & $0.00634158$ & $0.00417753$ & $0.0132381$ & $-0.591799$ & $0.00405979$ & $-0.000805692$ & $-0.000583413$ & $0.000343317$ & $-0.0036943$ & $0.00269367$ & $-0.00626461$ & $0.00284322$ & $0.00430351$ & $0.00571245$ & $-0.00222326$ & $-0.00682592$ & $0.00100151$ & $0.00346172$ & $-3.5802e-05$ \\
CHL1_33 & $0.00792233$ & $-0.00946439$ & $-0.000248003$ & $-0.00114683$ & $-0.00171522$ & $0.0192423$ & $0.00316201$ & $-0.0880856$ & $-0.0844441$ & $0.0854199$ & $0.0387666$ & $0.0600634$ & $-0.011677$ & $0.0852211$ & $0.338877$ & $1$ & $0.0715541$ & $-0.220649$ & $-0.615334$ & $-0.0232036$ & $-0.19014$ & $-0.303317$ & $-0.0933667$ & $0.260953$ & $-0.307108$ & $0.0301464$ & $-0.507981$ & $-0.040553$ & $-0.00430413$ & $0.00150507$ & $0.00150269$ & $0.00649664$ & $0.00797459$ & $-0.276399$ & $0.00167822$ & $0.000178466$ & $-0.00552265$ & $-0.00253121$ & $0.017274$ & $0.00289829$ & $0.00141244$ & $-0.00245901$ & $0.00545518$ & $-0.00619587$ & $-0.00160145$ & $0.000441056$ & $-0.00370543$ & $-0.00313661$ & $-0.000663886$ \\
CHL3_11 & $0.0107232$ & $0.0651557$ & $-0.00532502$ & $0.00738979$ & $-0.000631194$ & $-0.0588334$ & $8.55593e-05$ & $-0.355474$ & $-0.354245$ & $0.807854$ & $0.0671643$ & $0.270973$ & $-0.132979$ & $0.621829$ & $0.0682423$ & $0.0715541$ & $1$ & $0.298709$ & $0.295166$ & $-0.109752$ & $-0.0514319$ & $-0.0481697$ & $-0.0329023$ & $0.277653$ & $0.362648$ & $0.0111186$ & $-0.131588$ & $-0.00844742$ & $-0.00825528$ & $-0.0348912$ & $-0.01844$ & $0.00550819$ & $-0.0455684$ & $-0.180549$ & $0.0229398$ & $0.00762791$ & $0.00320092$ & $-0.00420003$ & $-0.00438107$ & $0.00127495$ & $-0.024307$ & $-0.00248319$ & $-0.00479196$ & $-0.00455384$ & $0.00015802$ & $0.00568171$ & $0.00384191$ & $-0.000581239$ & $-0.00534086$ \\
CHL3_22 & $0.0106795$ & $-0.00326664$ & $-0.00465869$ & $0.00270089$ & $0.000437729$ & $0.00427316$ & $0.00601565$ & $-0.205743$ & $-0.203334$ & $0.262531$ & $0.109184$ & $0.11936$ & $-0.0482456$ & $0.212236$ & $-0.637983$ & $-0.220649$ & $0.298709$ & $1$ & $0.406742$ & $-0.108137$ & $0.0255544$ & $0.0327675$ & $0.0562581$ & $0.0220337$ & $0.586175$ & $0.0162668$ & $0.333422$ & $0.00353231$ & $-0.00567402$ & $-0.0227064$ & $-0.0107031$ & $0.00619796$ & $-0.0259192$ & $0.537428$ & $0.00816272$ & $0.00341941$ & $0.00237187$ & $-0.00330697$ & $-0.00345616$ & $-0.00478778$ & $0.00151337$ & $0.00292065$ & $-0.00825364$ & $-0.00517717$ & $0.00171489$ & $0.00559965$ & $0.00187104$ & $-0.00541034$ & $-0.00375807$ \\
CHL3_33 & $-0.00160164$ & $-0.000366586$ & $-0.00271792$ & $-0.00287082$ & $0.00158173$ & $0.0114725$ & $0.00164196$ & $-0.202577$ & $-0.199977$ & $0.260376$ & $0.106967$ & $0.119756$ & $-0.0470895$ & $0.21319$ & $-0.226274$ & $-0.615334$ & $0.295166$ & $0.406742$ & $1$ & $-0.105445$ & $0.0268849$ & $0.0338283$ & $0.0691696$ & $0.0230851$ & $0.5856$ & $0.00323173$ & $0.333579$ & $0.0120813$ & $0.00557737$ & $-0.0197871$ & $-0.00989053$ & $0.00190121$ & $-0.0238721$ & $0.0936818$ & $0.0121429$ & $0.00570887$ & $0.00633782$ & $0.00209631$ & $-0.0115608$ & $-0.00570466$ & $-0.00112392$ & $0.00962154$ & $-0.00664919$ & $-0.00241406$ & $-0.00173589$ & $-0.00356758$ & $-0.000183101$ & $-0.00100511$ & $-0.00715352$ \\
CHe_11 & $-0.0133018$ & $-0.196217$ & $-0.00717753$ & $0.00588802$ & $0.00119097$ & $-0.100622$ & $0.00038344$ & $0.757986$ & $0.747293$ & $-0.0240353$ & $-0.77861$ & $-0.106876$ & $0.0784834$ & $0.0997955$ & $-0.0200021$ & $-0.0232036$ & $-0.109752$ & $-0.108137$ & $-0.105445$ & $1$ & $0.337936$ & $0.321072$ & $0.0237077$ & $-0.230626$ & $-0.126823$ & $-0.073345$ & $0.17966$ & $0.0582528$ & $0.00345381$ & $-0.0228847$ & $0.0034457$ & $0.000658995$ & $0.0025376$ & $0.380377$ & $0.0027622$ & $0.00473596$ & $-0.00502764$ & $-0.00658798$ & $0.00110439$ & $0.00439322$ & $-0.000637702$ & $-0.00553912$ & $0.00192757$ & $-0.00119328$ & $-0.00612054$ & $-0.00656705$ & $0.00375513$ & $-0.00527184$ & $0.00158136$ \\
CHe_22 & $-0.00146259$ & $-0.0191487$ & $0.00368357$ & $0.00549725$ & $0.00260729$ & $-0.0422282$ & $-0.0004305$ & $0.370805$ & $0.361495$ & $-0.0369602$ & $-0.365505$ & $-0.113388$ & $0.0194087$ & $0.0452723$ & $-0.258485$ & $-0.19014$ & $-0.0514319$ & $0.0255544$ & $0.0268849$ & $0.337936$ & $1$ & $0.270787$ & $0.0429882$ & $-0.280019$ & $-0.00187888$ & $-0.0468792$ & $0.323953$ & $0.0490173$ & $0.00252677$ & $-0.00252144$ & $-0.00308821$ & $-0.00742299$ & $-0.0115698$ & $0.283505$ & $-0.00609119$ & $-0.0032519$ & $-0.000564447$ & $-0.0016707$ & $-0.00972799$ & $0.00286354$ & $-0.00895971$ & $-0.00285928$ & $-0.00733628$ & $0.00223053$ & $0.0027589$ & $0.00259997$ & $-0.00465$ & $0.000982119$ & $0.0001979$ \\
CHe_33 & $-0.010391$ & $-0.0104525$ & $-0.00578165$ & $-0.00138971$ & $-0.000556285$ & $-0.0465853$ & $-0.0053254$ & $0.34526$ & $0.334789$ & $-0.0313655$ & $-0.341252$ & $-0.109267$ & $0.0233368$ & $0.0412635$ & $-0.19094$ & $-0.303317$ & $-0.0481697$ & $0.0327675$ & $0.0338283$ & $0.321072$ & $0.270787$ & $1$ & $0.0466151$ & $-0.260512$ & $0.00118213$ & $-0.0520253$ & $0.305302$ & $0.0486424$ & $-0.000769974$ & $-0.00897003$ & $-0.00396454$ & $-0.00892671$ & $-0.00631512$ & $0.272222$ & $-0.000897728$ & $-0.00144243$ & $0.0042028$ & $-9.08097e-05$ & $-0.000394844$ & $-0.002604$ & $-0.000461769$ & $-0.00499448$ & $-0.00641394$ & $0.00129865$ & $-0.00117628$ & $-0.000851055$ & $0.00319749$ & $0.00215188$ & $0.00787367$ \\
CHQ1_11 & $-0.0100748$ & $0.00573471$ & $-0.00635372$ & $-0.00104422$ & $-0.00224085$ & $-0.0061726$ & $0.006342$ & $0.041466$ & $0.0389637$ & $-0.0422129$ & $-0.0237866$ & $-0.0224472$ & $0.00599138$ & $-0.0402439$ & $-0.0856178$ & $-0.0933667$ & $-0.0329023$ & $0.0562581$ & $0.0691696$ & $0.0237077$ & $0.0429882$ & $0.0466151$ & $1$ & $-0.0701002$ & $0.118431$ & $-0.595271$ & $0.246441$ & $0.00639612$ & $-0.00537752$ & $0.00411497$ & $-0.00189706$ & $0.00696295$ & $-0.000469514$ & $0.0887445$ & $0.00446148$ & $0.00409107$ & $0.00196115$ & $0.00390845$ & $0.00128929$ & $0.00526556$ & $0.00387454$ & $0.00056719$ & $0.00225968$ & $0.00506822$ & $0.000317663$ & $-0.0053515$ & $-0.00208315$ & $0.00274049$ & $0.000868767$ \\
CHQ1_33 & $-0.0356725$ & $0.00159777$ & $0.00478576$ & $0.000735808$ & $0.00216339$ & $0.0427918$ & $0.00751347$ & $-0.364666$ & $-0.355922$ & $0.263435$ & $0.256722$ & $0.178733$ & $-0.047601$ & $0.202659$ & $0.268899$ & $0.260953$ & $0.277653$ & $0.0220337$ & $0.0230851$ & $-0.230626$ & $-0.280019$ & $-0.260512$ & $-0.0701002$ & $1$ & $0.0760311$ & $0.0491977$ & $-0.231777$ & $0.117533$ & $0.00627435$ & $-0.00619822$ & $-0.00324384$ & $0.0137924$ & $-0.000670995$ & $-0.330614$ & $0.00373483$ & $0.00220773$ & $0.00352442$ & $-0.000954125$ & $0.00491436$ & $-0.00150053$ & $-0.00409915$ & $0.0094397$ & $-0.000622029$ & $0.00383859$ & $-0.00435084$ & $-0.0048979$ & $-0.00502476$ & $0.00321483$ & $-0.00582969$ \\
CHQ3_11 & $-0.113588$ & $0.000966476$ & $-5.19078e-05$ & $0.00469117$ & $-0.0028695$ & $0.00453069$ & $-0.00282559$ & $-0.245686$ & $-0.242333$ & $0.31567$ & $0.130771$ & $0.146293$ & $-0.0553735$ & $0.247757$ & $-0.315285$ & $-0.307108$ & $0.362648$ & $0.586175$ & $0.5856$ & $-0.126823$ & $-0.00187888$ & $0.00118213$ & $0.118431$ & $0.0760311$ & $1$ & $0.0155717$ & $0.52843$ & $0.00227334$ & $-0.00428921$ & $-0.0308585$ & $-0.0142641$ & $-0.00356597$ & $-0.0250943$ & $0.185672$ & $0.0162007$ & $0.000831342$ & $0.00304946$ & $-0.000970759$ & $-0.00233588$ & $-0.006511$ & $-0.00732907$ & $0.00555791$ & $-0.00878671$ & $-0.00377124$ & $-0.00441737$ & $-0.00219594$ & $-0.000326659$ & $-0.000322163$ & $-0.000792196$ \\
CHu_11 & $-0.00852136$ & $0.00233325$ & $0.0106572$ & $-0.00250111$ & $-0.00391689$ & $0.0117488$ & $-0.00905672$ & $-0.0745457$ & $-0.0715053$ & $0.0102872$ & $0.0747821$ & $0.0205388$ & $-0.00485058$ & $-0.00393431$ & $0.0163269$ & $0.0301464$ & $0.0111186$ & $0.0162668$ & $0.00323173$ & $-0.073345$ & $-0.0468792$ & $-0.0520253$ & $-0.595271$ & $0.0491977$ & $0.0155717$ & $1$ & $0.153801$ & $-0.00817358$ & $-0.000636999$ & $-0.00483056$ & $-0.00314698$ & $-0.0107416$ & $-0.00261329$ & $-0.0396816$ & $-0.000868058$ & $-0.00399341$ & $-0.00132559$ & $0.000794289$ & $-0.000531629$ & $-0.000219589$ & $-0.00357031$ & $0.0015167$ & $-0.000250846$ & $-0.00636046$ & $-0.00225642$ & $0.00433302$ & $0.00299691$ & $-0.00730165$ & $-0.00293463$ \\
CHd_11 & $-0.0242923$ & $0.00927929$ & $0.0046867$ & $0.000417583$ & $-0.00399315$ & $-0.0467259$ & $-0.00423046$ & $0.275697$ & $0.268232$ & $-0.145443$ & $-0.206428$ & $-0.126433$ & $0.0262302$ & $-0.119543$ & $-0.52229$ & $-0.507981$ & $-0.131588$ & $0.333422$ & $0.333579$ & $0.17966$ & $0.323953$ & $0.305302$ & $0.246441$ & $-0.231777$ & $0.52843$ & $0.153801$ & $1$ & $0.0338833$ & $-0.0039017$ & $-0.0105605$ & $-0.00437527$ & $-0.0120441$ & $-0.0120669$ & $0.51322$ & $0.00238718$ & $0.000381707$ & $-0.00245081$ & $0.00277723$ & $-0.000874817$ & $-0.00207799$ & $0.00402341$ & $0.00108043$ & $-0.00738456$ & $-2.31437e-06$ & $-0.000196618$ & $0.00107471$ & $0.00236085$ & $-0.000701153$ & $0.00249142$ \\
CHd_33 & $-0.00142747$ & $0.001669$ & $0.00687228$ & $-0.00111456$ & $0.00427568$ & $-0.00458765$ & $-0.00195214$ & $0.061383$ & $0.0592329$ & $-0.0043665$ & $-0.0615094$ & $-0.0230728$ & $0.00935965$ & $0.0102479$ & $-0.0360706$ & $-0.040553$ & $-0.00844742$ & $0.00353231$ & $0.0120813$ & $0.0582528$ & $0.0490173$ & $0.0486424$ & $0.00639612$ & $0.117533$ & $0.00227334$ & $-0.00817358$ & $0.0338833$ & $1$ & $-0.00177986$ & $-0.00588533$ & $0.00140595$ & $-0.00382318$ & $-0.00401936$ & $0.0468149$ & $-0.00693709$ & $0.000399734$ & $0.00278592$ & $0.00227357$ & $0.00679542$ & $-0.00294764$ & $0.00216298$ & $-0.00202574$ & $-0.00684396$ & $-0.00468432$ & $-0.00272788$ & $-0.00744793$ & $-0.00404086$ & $-0.0111442$ & $0.00310805$ \\
CeH_22r & $0.00287201$ & $-0.00459182$ & $0.00785342$ & $-0.00160423$ & $0.00271235$ & $0.00121532$ & $0.0292974$ & $-0.000460081$ & $0.00880825$ & $-0.00850253$ & $-0.000689283$ & $0.0177417$ & $0.0135753$ & $-0.0103421$ & $0.00357753$ & $-0.00430413$ & $-0.00825528$ & $-0.00567402$ & $0.00557737$ & $0.00345381$ & $0.00252677$ & $-0.000769974$ & $-0.00537752$ & $0.00627435$ & $-0.00428921$ & $-0.000636999$ & $-0.0039017$ & $-0.00177986$ & $1$ & $0.0330078$ & $0.0198303$ & $0.0106697$ & $0.0334982$ & $-0.00612234$ & $-0.0462066$ & $-0.0155706$ & $-0.0143829$ & $-0.00458896$ & $-0.0156395$ & $-0.00889228$ & $-0.00234384$ & $-1.49067e-05$ & $0.000210868$ & $0.0102514$ & $0.00140182$ & $-0.00302512$ & $0.00244116$ & $0.00757244$ & $0.000805028$ \\
CeH_33r & $-0.00124804$ & $0.00496236$ & $-0.0119047$ & $0.00522347$ & $-0.00556234$ & $0.00491646$ & $-0.0436181$ & $0.000300372$ & $0.029543$ & $-0.0692099$ & $0.00592809$ & $0.122686$ & $0.0728355$ & $-0.0356791$ & $0.00487561$ & $0.00150507$ & $-0.0348912$ & $-0.0227064$ & $-0.0197871$ & $-0.0228847$ & $-0.00252144$ & $-0.00897003$ & $0.00411497$ & $-0.00619822$ & $-0.0308585$ & $-0.00483056$ & $-0.0105605$ & $-0.00588533$ & $0.0330078$ & $1$ & $0.252402$ & $0.0730621$ & $0.535737$ & $-0.00827729$ & $-0.0652725$ & $-0.029614$ & $-0.200949$ & $-0.0933751$ & $-0.0208844$ & $-0.00914104$ & $0.00481746$ & $0.00524631$ & $0.00641528$ & $0.00181694$ & $0.0778264$ & $0.0047963$ & $-0.006119$ & $-0.00209251$ & $0.00126758$ \\
CuH_22r & $0.00381581$ & $0.0121638$ & $0.00899645$ & $-0.00815043$ & $-0.00518265$ & $-0.00130009$ & $-0.0324572$ & $0.00110888$ & $0.0147665$ & $-0.0260364$ & $0.00358448$ & $0.0196687$ & $0.0368865$ & $-0.0235479$ & $0.00634158$ & $0.00150269$ & $-0.01844$ & $-0.0107031$ & $-0.00989053$ & $0.0034457$ & $-0.00308821$ & $-0.00396454$ & $-0.00189706$ & $-0.00324384$ & $-0.0142641$ & $-0.00314698$ & $-0.00437527$ & $0.00140595$ & $0.0198303$ & $0.252402$ & $1$ & $0.0403679$ & $0.289056$ & $-0.00140773$ & $-0.033869$ & $-0.00717659$ & $-0.104784$ & $-0.0500825$ & $-0.00778293$ & $-0.00587129$ & $-0.00992244$ & $0.000197423$ & $-0.00495512$ & $-0.00286804$ & $0.00168846$ & $0.0803736$ & $0.405083$ & $0.00240783$ & $0.00479032$ \\
CuH_33r & $0.00417843$ & $-0.00276064$ & $-0.0029955$ & $-0.00895565$ & $-0.00828808$ & $0.00515832$ & $0.938227$ & $-0.0226597$ & $0.0299082$ & $0.0139397$ & $0.0144186$ & $0.101784$ & $-0.0731885$ & $-0.000210708$ & $0.00417753$ & $0.00649664$ & $0.00550819$ & $0.00619796$ & $0.00190121$ & $0.000658995$ & $-0.00742299$ & $-0.00892671$ & $0.00696295$ & $0.0137924$ & $-0.00356597$ & $-0.0107416$ & $-0.0120441$ & $-0.00382318$ & $0.0106697$ & $0.0730621$ & $0.0403679$ & $1$ & $0.0899374$ & $-0.0189284$ & $0.0603469$ & $0.0408844$ & $-0.0182955$ & $-0.00750126$ & $-0.00303199$ & $0.00178346$ & $0.00383896$ & $-0.000655327$ & $-0.00751052$ & $-0.00990641$ & $-0.00384769$ & $0.0012463$ & $0.007165$ & $-0.0104014$ & $0.0054552$ \\
CdH_33r & $-0.0109233$ & $0.0252571$ & $-0.00110203$ & $-0.0186968$ & $-0.0114718$ & $0.00333206$ & $-0.065889$ & $-0.0146896$ & $0.0152993$ & $-0.0405025$ & $0.0163657$ & $0.168986$ & $0.105953$ & $-0.0518724$ & $0.0132381$ & $0.00797459$ & $-0.0455684$ & $-0.0259192$ & $-0.0238721$ & $0.0025376$ & $-0.0115698$ & $-0.00631512$ & $-0.000469514$ & $-0.000670995$ & $-0.0250943$ & $-0.00261329$ & $-0.0120669$ & $-0.00401936$ & $0.0334982$ & $0.535737$ & $0.289056$ & $0.0899374$ & $1$ & $-0.0219632$ & $-0.0244098$ & $-0.0427372$ & $-0.225202$ & $-0.110914$ & $-0.0350427$ & $-0.0152205$ & $-0.0110668$ & $-0.00256691$ & $0.00866339$ & $-0.00111323$ & $-9.13565e-05$ & $-0.00364068$ & $0.00014004$ & $0.181276$ & $0.544371$ \\
CLL_1221 & $0.00141661$ & $0.11356$ & $0.00114908$ & $0.00227583$ & $-0.0034476$ & $-0.0981178$ & $-0.00524049$ & $0.609511$ & $0.59208$ & $-0.199068$ & $-0.457725$ & $-0.282305$ & $0.0336505$ & $-0.115717$ & $-0.591799$ & $-0.276399$ & $-0.180549$ & $0.537428$ & $0.0936818$ & $0.380377$ & $0.283505$ & $0.272222$ & $0.0887445$ & $-0.330614$ & $0.185672$ & $-0.0396816$ & $0.51322$ & $0.0468149$ & $-0.00612234$ & $-0.00827729$ & $-0.00140773$ & $-0.0189284$ & $-0.0219632$ & $1$ & $-0.0097733$ & $-0.00337295$ & $0.00259614$ & $-0.00157059$ & $0.0097613$ & $-0.0034382$ & $0.00191838$ & $-0.00185703$ & $-0.015285$ & $0.00182599$ & $0.00742125$ & $0.0042176$ & $0.00135578$ & $0.000814602$ & $-5.01554e-05$ \\
eHggint & $-0.0124358$ & $0.00276363$ & $-0.0122393$ & $-0.0158371$ & $-0.0103045$ & $-0.00687617$ & $-0.0368242$ & $-0.0141926$ & $-0.0376496$ & $0.0415906$ & $0.00381434$ & $0.0773587$ & $-0.000100776$ & $0.0225439$ & $0.00405979$ & $0.00167822$ & $0.0229398$ & $0.00816272$ & $0.0121429$ & $0.0027622$ & $-0.00609119$ & $-0.000897728$ & $0.00446148$ & $0.00373483$ & $0.0162007$ & $-0.000868058$ & $0.00238718$ & $-0.00693709$ & $-0.0462066$ & $-0.0652725$ & $-0.033869$ & $0.0603469$ & $-0.0244098$ & $-0.0097733$ & $1$ & $-0.0809927$ & $0.0327264$ & $0.0130597$ & $0.0253021$ & $0.00681086$ & $-0.0306987$ & $0.00148295$ & $0.0145372$ & $-0.0322198$ & $-0.0135785$ & $-0.00426649$ & $-0.0095738$ & $0.0181445$ & $0.0390776$ \\
eHggpar & $0.0363569$ & $-0.00495118$ & $0.0123634$ & $0.0435863$ & $0.000623127$ & $0.00746531$ & $-0.00326171$ & $-0.00512394$ & $-0.0179755$ & $0.0139177$ & $0.00575316$ & $0.0420645$ & $-0.00655338$ & $0.00567336$ & $-0.000805692$ & $0.000178466$ & $0.00762791$ & $0.00341941$ & $0.00570887$ & $0.00473596$ & $-0.0032519$ & $-0.00144243$ & $0.00409107$ & $0.00220773$ & $0.000831342$ & $-0.00399341$ & $0.000381707$ & $0.000399734$ & $-0.0155706$ & $-0.029614$ & $-0.00717659$ & $0.0408844$ & $-0.0427372$ & $-0.00337295$ & $-0.0809927$ & $1$ & $0.0385181$ & $-0.0143311$ & $0.0125997$ & $0.00260243$ & $-0.00344454$ & $-0.0096151$ & $-0.0188853$ & $0.000784879$ & $0.0103877$ & $-0.0133253$ & $-0.0101348$ & $-0.0131202$ & $-0.0294605$ \\
eHWWint & $0.00717739$ & $-0.00452626$ & $0.0116529$ & $0.00684152$ & $0.00415685$ & $-0.000759964$ & $0.0216028$ & $0.00176792$ & $-0.0127589$ & $0.00400268$ & $-0.000912875$ & $-0.0132392$ & $0.00665605$ & $0.00546372$ & $-0.000583413$ & $-0.00552265$ & $0.00320092$ & $0.00237187$ & $0.00633782$ & $-0.00502764$ & $-0.000564447$ & $0.0042028$ & $0.00196115$ & $0.00352442$ & $0.00304946$ & $-0.00132559$ & $-0.00245081$ & $0.00278592$ & $-0.0143829$ & $-0.200949$ & $-0.104784$ & $-0.0182955$ & $-0.225202$ & $0.00259614$ & $0.0327264$ & $0.0385181$ & $1$ & $-0.00970236$ & $-0.00599365$ & $0.00350247$ & $-0.0047718$ & $0.0071465$ & $0.00262222$ & $-0.00104425$ & $-0.0127991$ & $-0.00391726$ & $0.00327252$ & $0.0128028$ & $-0.00337508$ \\
eHWWpar & $0.0195024$ & $0.00445352$ & $0.016734$ & $-0.00534863$ & $0.000435272$ & $0.00209522$ & $0.0141665$ & $-0.00122491$ & $-0.00690578$ & $-0.00186224$ & $0.0020681$ & $-0.00369827$ & $-0.00124671$ & $0.00338811$ & $0.000343317$ & $-0.00253121$ & $-0.00420003$ & $-0.00330697$ & $0.00209631$ & $-0.00658798$ & $-0.0016707$ & $-9.08097e-05$ & $0.00390845$ & $-0.000954125$ & $-0.000970759$ & $0.000794289$ & $0.00277723$ & $0.00227357$ & $-0.00458896$ & $-0.0933751$ & $-0.0500825$ & $-0.00750126$ & $-0.110914$ & $-0.00157059$ & $0.0130597$ & $-0.0143311$ & $-0.00970236$ & $1$ & $-0.00173546$ & $0.00187319$ & $0.0144603$ & $-0.00132058$ & $-0.00116278$ & $0.0106137$ & $0.00308485$ & $-0.00347116$ & $-0.0083095$ & $0.00196276$ & $-0.00996775$ \\
eHZZint & $0.0171203$ & $0.0173479$ & $0.0183435$ & $0.00887539$ & $-0.00925286$ & $0.00136389$ & $-0.0125772$ & $0.00877641$ & $0.00422984$ & $-0.00366619$ & $-0.00765668$ & $-0.0172223$ & $-0.00342062$ & $0.00433264$ & $-0.0036943$ & $0.017274$ & $-0.00438107$ & $-0.00345616$ & $-0.0115608$ & $0.00110439$ & $-0.00972799$ & $-0.000394844$ & $0.00128929$ & $0.00491436$ & $-0.00233588$ & $-0.000531629$ & $-0.000874817$ & $0.00679542$ & $-0.0156395$ & $-0.0208844$ & $-0.00778293$ & $-0.00303199$ & $-0.0350427$ & $0.0097613$ & $0.0253021$ & $0.0125997$ & $-0.00599365$ & $-0.00173546$ & $1$ & $-0.0128387$ & $0.00613217$ & $-0.0173552$ & $0.00884422$ & $0.0212516$ & $0.0137212$ & $-0.00539203$ & $0.00537088$ & $0.0156252$ & $-0.0179928$ \\
eHZZpar & $-0.014022$ & $-0.0188003$ & $0.00351384$ & $0.00214412$ & $-0.00373028$ & $-0.00262454$ & $-0.003504$ & $0.00560849$ & $0.00512883$ & $-0.0016094$ & $-0.00444647$ & $-0.00758563$ & $0.00360277$ & $0.00338808$ & $0.00269367$ & $0.00289829$ & $0.00127495$ & $-0.00478778$ & $-0.00570466$ & $0.00439322$ & $0.00286354$ & $-0.002604$ & $0.00526556$ & $-0.00150053$ & $-0.006511$ & $-0.000219589$ & $-0.00207799$ & $-0.00294764$ & $-0.00889228$ & $-0.00914104$ & $-0.00587129$ & $0.00178346$ & $-0.0152205$ & $-0.0034382$ & $0.00681086$ & $0.00260243$ & $0.00350247$ & $0.00187319$ & $-0.0128387$ & $1$ & $0.0019419$ & $0.000181841$ & $0.0139464$ & $-0.000365265$ & $-0.00333063$ & $-0.007576$ & $-0.00494127$ & $-0.0153499$ & $-0.00511032$ \\
eHZgaint & $0.0154304$ & $-0.0356117$ & $-0.0223222$ & $0.0189536$ & $0.00705134$ & $-0.00571308$ & $0.00710447$ & $0.00674666$ & $0.00702385$ & $-0.0375411$ & $0.00157447$ & $-0.0118684$ & $0.000417801$ & $-0.0264214$ & $-0.00626461$ & $0.00141244$ & $-0.024307$ & $0.00151337$ & $-0.00112392$ & $-0.000637702$ & $-0.00895971$ & $-0.000461769$ & $0.00387454$ & $-0.00409915$ & $-0.00732907$ & $-0.00357031$ & $0.00402341$ & $0.00216298$ & $-0.00234384$ & $0.00481746$ & $-0.00992244$ & $0.00383896$ & $-0.0110668$ & $0.00191838$ & $-0.0306987$ & $-0.00344454$ & $-0.0047718$ & $0.0144603$ & $0.00613217$ & $0.0019419$ & $1$ & $-0.00523807$ & $0.00140441$ & $0.010083$ & $-0.0140845$ & $-0.00847236$ & $-0.0129744$ & $-0.0376834$ & $-0.0139466$ \\
eHZgapar & $-0.00520371$ & $-0.00171053$ & $-0.00518081$ & $-0.00880032$ & $-0.00651465$ & $0.000345777$ & $0.00113171$ & $-0.00411661$ & $-0.00380051$ & $-0.00269782$ & $0.00308581$ & $0.00303273$ & $-0.00726266$ & $0.00218615$ & $0.00284322$ & $-0.00245901$ & $-0.00248319$ & $0.00292065$ & $0.00962154$ & $-0.00553912$ & $-0.00285928$ & $-0.00499448$ & $0.00056719$ & $0.0094397$ & $0.00555791$ & $0.0015167$ & $0.00108043$ & $-0.00202574$ & $-1.49067e-05$ & $0.00524631$ & $0.000197423$ & $-0.000655327$ & $-0.00256691$ & $-0.00185703$ & $0.00148295$ & $-0.0096151$ & $0.0071465$ & $-0.00132058$ & $-0.0173552$ & $0.000181841$ & $-0.00523807$ & $1$ & $-0.00724768$ & $-0.0103464$ & $0.00265673$ & $-0.00887849$ & $0.0044342$ & $-0.00828343$ & $0.00201525$ \\
eHgagaint & $0.0067335$ & $-0.0229234$ & $-0.00669876$ & $-0.00160335$ & $0.00282161$ & $-0.000924412$ & $-0.00950605$ & $-0.00370286$ & $0.0853018$ & $-0.0143121$ & $0.00327015$ & $-0.0117278$ & $0.00489151$ & $-0.00692517$ & $0.00430351$ & $0.00545518$ & $-0.00479196$ & $-0.00825364$ & $-0.00664919$ & $0.00192757$ & $-0.00733628$ & $-0.00641394$ & $0.00225968$ & $-0.000622029$ & $-0.00878671$ & $-0.000250846$ & $-0.00738456$ & $-0.00684396$ & $0.000210868$ & $0.00641528$ & $-0.00495512$ & $-0.00751052$ & $0.00866339$ & $-0.015285$ & $0.0145372$ & $-0.0188853$ & $0.00262222$ & $-0.00116278$ & $0.00884422$ & $0.0139464$ & $0.00140441$ & $-0.00724768$ & $1$ & $-0.00622186$ & $-0.024813$ & $-0.0105314$ & $-0.00762185$ & $-0.00670064$ & $0.00807745$ \\
eHmumuint & $0.00561352$ & $-0.0069731$ & $0.0128975$ & $0.0194649$ & $0.00059778$ & $0.00469307$ & $-0.00485965$ & $0.0044761$ & $0.0047306$ & $-0.00404154$ & $0.000986731$ & $-0.00310178$ & $-0.00280742$ & $-0.005968$ & $0.00571245$ & $-0.00619587$ & $-0.00455384$ & $-0.00517717$ & $-0.00241406$ & $-0.00119328$ & $0.00223053$ & $0.00129865$ & $0.00506822$ & $0.00383859$ & $-0.00377124$ & $-0.00636046$ & $-2.31437e-06$ & $-0.00468432$ & $0.0102514$ & $0.00181694$ & $-0.00286804$ & $-0.00990641$ & $-0.00111323$ & $0.00182599$ & $-0.0322198$ & $0.000784879$ & $-0.00104425$ & $0.0106137$ & $0.0212516$ & $-0.000365265$ & $0.010083$ & $-0.0103464$ & $-0.00622186$ & $1$ & $0.026939$ & $0.00117088$ & $0.0239331$ & $0.00146986$ & $0.00733878$ \\
eHtautauint & $0.0198123$ & $0.0446867$ & $4.67228e-05$ & $0.00276106$ & $-0.00234075$ & $0.00767369$ & $-0.00426555$ & $-0.00711974$ & $-0.00931761$ & $-0.000138409$ & $0.00449884$ & $-0.00437022$ & $-0.000920067$ & $-0.00163082$ & $-0.00222326$ & $-0.00160145$ & $0.00015802$ & $0.00171489$ & $-0.00173589$ & $-0.00612054$ & $0.0027589$ & $-0.00117628$ & $0.000317663$ & $-0.00435084$ & $-0.00441737$ & $-0.00225642$ & $-0.000196618$ & $-0.00272788$ & $0.00140182$ & $0.0778264$ & $0.00168846$ & $-0.00384769$ & $-9.13565e-05$ & $0.00742125$ & $-0.0135785$ & $0.0103877$ & $-0.0127991$ & $0.00308485$ & $0.0137212$ & $-0.00333063$ & $-0.0140845$ & $0.00265673$ & $-0.024813$ & $0.026939$ & $1$ & $0.00441281$ & $0.0169258$ & $-0.0152809$ & $0.000726278$ \\
eHccint & $0.0223782$ & $0.0322146$ & $0.0265129$ & $-0.0073801$ & $-0.00126216$ & $-0.00922785$ & $0.000211252$ & $-0.00949408$ & $-0.00934797$ & $0.00953231$ & $0.0077438$ & $0.00505$ & $0.00106756$ & $0.00283924$ & $-0.00682592$ & $0.000441056$ & $0.00568171$ & $0.00559965$ & $-0.00356758$ & $-0.00656705$ & $0.00259997$ & $-0.000851055$ & $-0.0053515$ & $-0.0048979$ & $-0.00219594$ & $0.00433302$ & $0.00107471$ & $-0.00744793$ & $-0.00302512$ & $0.0047963$ & $0.0803736$ & $0.0012463$ & $-0.00364068$ & $0.0042176$ & $-0.00426649$ & $-0.0133253$ & $-0.00391726$ & $-0.00347116$ & $-0.00539203$ & $-0.007576$ & $-0.00847236$ & $-0.00887849$ & $-0.0105314$ & $0.00117088$ & $0.00441281$ & $1$ & $-0.012932$ & $-0.0102979$ & $-0.00519614$ \\
eHccpar & $0.0149197$ & $-0.0020818$ & $0.027516$ & $0.000705528$ & $0.00500006$ & $0.00250097$ & $0.00785566$ & $0.000360745$ & $0.0015609$ & $-0.000220179$ & $0.00116738$ & $-0.000814734$ & $-0.00189554$ & $-0.00430354$ & $0.00100151$ & $-0.00370543$ & $0.00384191$ & $0.00187104$ & $-0.000183101$ & $0.00375513$ & $-0.00465$ & $0.00319749$ & $-0.00208315$ & $-0.00502476$ & $-0.000326659$ & $0.00299691$ & $0.00236085$ & $-0.00404086$ & $0.00244116$ & $-0.006119$ & $0.405083$ & $0.007165$ & $0.00014004$ & $0.00135578$ & $-0.0095738$ & $-0.0101348$ & $0.00327252$ & $-0.0083095$ & $0.00537088$ & $-0.00494127$ & $-0.0129744$ & $0.0044342$ & $-0.00762185$ & $0.0239331$ & $0.0169258$ & $-0.012932$ & $1$ & $-0.00212239$ & $0.00865761$ \\
eHbbint & $-0.00508351$ & $0.0235215$ & $-0.00367268$ & $0.00044184$ & $-0.0037584$ & $-0.000996975$ & $-0.0125468$ & $-0.00269916$ & $-0.00417031$ & $0.000273761$ & $0.00153778$ & $-0.00640842$ & $0.00690391$ & $-0.00590853$ & $0.00346172$ & $-0.00313661$ & $-0.000581239$ & $-0.00541034$ & $-0.00100511$ & $-0.00527184$ & $0.000982119$ & $0.00215188$ & $0.00274049$ & $0.00321483$ & $-0.000322163$ & $-0.00730165$ & $-0.000701153$ & $-0.0111442$ & $0.00757244$ & $-0.00209251$ & $0.00240783$ & $-0.0104014$ & $0.181276$ & $0.000814602$ & $0.0181445$ & $-0.0131202$ & $0.0128028$ & $0.00196276$ & $0.0156252$ & $-0.0153499$ & $-0.0376834$ & $-0.00828343$ & $-0.00670064$ & $0.00146986$ & $-0.0152809$ & $-0.0102979$ & $-0.00212239$ & $1$ & $0.0100602$ \\
eHbbpar & $-0.00896434$ & $0.00818969$ & $0.0172808$ & $-0.0294652$ & $-0.00305256$ & $-0.00213631$ & $-0.00552689$ & $0.00105588$ & $0.000760101$ & $-0.00464081$ & $-0.000775211$ & $-0.00212844$ & $-0.00183162$ & $-0.00299421$ & $-3.5802e-05$ & $-0.000663886$ & $-0.00534086$ & $-0.00375807$ & $-0.00715352$ & $0.00158136$ & $0.0001979$ & $0.00787367$ & $0.000868767$ & $-0.00582969$ & $-0.000792196$ & $-0.00293463$ & $0.00249142$ & $0.00310805$ & $0.000805028$ & $0.00126758$ & $0.00479032$ & $0.0054552$ & $0.544371$ & $-5.01554e-05$ & $0.0390776$ & $-0.0294605$ & $-0.00337508$ & $-0.00996775$ & $-0.0179928$ & $-0.00511032$ & $-0.0139466$ & $0.00201525$ & $0.00807745$ & $0.00733878$ & $0.000726278$ & $-0.00519614$ & $0.00865761$ & $0.0100602$ & $1$ \\
