 & AlsMz & dAle5Mz & mtop & mHl & Mz & CW & CHG & CHWB & CHWHB_gaga & CHWHB_gagaorth & CHD & CHbox & CH & CHL1_11 & CHL1_22 & CHL1_33 & CHL3_11 & CHL3_22 & CHL3_33 & CHe_11 & CHe_22 & CHe_33 & CHQ1_11 & CHQ1_33 & CHQ3_11 & CHu_11 & CHd_11 & CHd_33 & CeH_22r & CeH_33r & CuH_22r & CuH_33r & CdH_33r & CLL_1221 & eHggint & eHggpar & eHWWint & eHWWpar & eHZZint & eHZZpar & eHZgaint & eHZgapar & eHgagaint & eHmumuint & eHtautauint & eHccint & eHccpar & eHbbint & eHbbpar \\
AlsMz & $1$ & $0.0279936$ & $-0.0612379$ & $-0.0585557$ & $-0.0402058$ & $-0.0717978$ & $0.0494877$ & $-0.0731541$ & $-0.0729611$ & $0.0684737$ & $0.0120806$ & $-0.0257855$ & $0.0434743$ & $0.0471838$ & $-0.0246713$ & $-0.0249454$ & $0.113503$ & $0.121385$ & $0.113879$ & $-0.012638$ & $-0.0183132$ & $-0.0176976$ & $0.0110198$ & $0.0724568$ & $0.0293884$ & $-0.0124033$ & $-0.013108$ & $-0.0102957$ & $-0.0690024$ & $0.00312658$ & $-0.00513066$ & $0.0509$ & $0.0507421$ & $-0.0363097$ & $0.0325912$ & $-0.0730186$ & $0.0589738$ & $-0.000669227$ & $0.0730739$ & $-0.081485$ & $0.0438749$ & $0.105621$ & $-0.025455$ & $-0.117788$ & $-0.0172676$ & $-0.011842$ & $0.0207741$ & $0.0328981$ & $0.0811738$ \\
dAle5Mz & $0.0279936$ & $1$ & $-0.00725692$ & $-0.048225$ & $0.0611631$ & $0.026458$ & $0.0395895$ & $-0.11008$ & $-0.0985312$ & $0.0927421$ & $0.0476526$ & $0.0501228$ & $-0.0342415$ & $0.0485913$ & $-0.0316082$ & $-0.0011587$ & $0.0960022$ & $0.113058$ & $0.0779271$ & $-0.0261068$ & $-0.0314159$ & $-0.0407436$ & $-0.00650181$ & $0.116025$ & $0.0959254$ & $0.0235589$ & $-0.0310587$ & $-0.0157495$ & $0.0099377$ & $-0.0500711$ & $0.00320624$ & $0.00708782$ & $-0.0469636$ & $-0.00685848$ & $-0.0295113$ & $-0.0175287$ & $0.0276695$ & $-0.0185823$ & $0.0568504$ & $-0.0318518$ & $-0.0206628$ & $-0.0554595$ & $0.0301659$ & $-0.0113016$ & $0.00727464$ & $0.0486553$ & $-0.00772713$ & $-0.0164374$ & $-0.0519967$ \\
mtop & $-0.0612379$ & $-0.00725692$ & $1$ & $-0.0647319$ & $-0.0203032$ & $-0.0647592$ & $0.0241569$ & $0.0981471$ & $0.09064$ & $-0.0851398$ & $-0.0806359$ & $-0.0144837$ & $-0.00641305$ & $-0.0132987$ & $0.0700594$ & $0.0658392$ & $0.0146766$ & $-0.0550281$ & $-0.0510754$ & $0.0835971$ & $0.0853846$ & $0.0945549$ & $-0.00434811$ & $-0.0844761$ & $0.00268$ & $-0.0445618$ & $0.069376$ & $0.0264873$ & $0.0650262$ & $0.0345665$ & $-0.0181695$ & $0.0327051$ & $0.0070776$ & $0.0612134$ & $0.0288922$ & $-0.0512169$ & $-0.0296261$ & $-0.0558448$ & $-0.0674126$ & $0.00784138$ & $-0.0674351$ & $-0.0714832$ & $-0.0615087$ & $0.0364$ & $-0.0730279$ & $-0.0526197$ & $-0.082947$ & $-0.00626509$ & $0.0054079$ \\
mHl & $-0.0585557$ & $-0.048225$ & $-0.0647319$ & $1$ & $-0.000299112$ & $0.094289$ & $0.0284787$ & $-0.00742983$ & $-0.00622069$ & $-0.0190057$ & $0.0235276$ & $0.00519088$ & $-0.00902542$ & $-0.0044642$ & $-0.0474463$ & $-0.0209548$ & $-0.0571596$ & $-0.00265325$ & $-0.0153685$ & $-0.0204558$ & $-0.019137$ & $-0.0255467$ & $0.0650476$ & $0.00085809$ & $-0.0153852$ & $-0.0276858$ & $0.0184475$ & $-0.0147088$ & $0.0287105$ & $-0.0114103$ & $-0.0684521$ & $0.000160937$ & $-0.0577614$ & $0.0065857$ & $-0.044426$ & $-0.0341005$ & $0.0354178$ & $-0.033533$ & $0.00566264$ & $-0.0550493$ & $-0.0682596$ & $0.015938$ & $-0.0141896$ & $-0.0164691$ & $0.0315323$ & $-0.0574425$ & $0.0367448$ & $-0.0433264$ & $-0.0316862$ \\
Mz & $-0.0402058$ & $0.0611631$ & $-0.0203032$ & $-0.000299112$ & $1$ & $0.040455$ & $-0.0408393$ & $0.0142909$ & $0.00718051$ & $0.00730519$ & $0.0145251$ & $0.0256636$ & $-0.0283384$ & $-0.0301995$ & $-0.00170831$ & $0.0318364$ & $-0.0516224$ & $-0.0459466$ & $-0.0751452$ & $-0.00599475$ & $-0.00714601$ & $-0.0140979$ & $-0.0348387$ & $-0.0463086$ & $-0.0813082$ & $0.00746484$ & $-0.0568903$ & $0.000218362$ & $0.0371278$ & $0.013523$ & $-0.0391852$ & $-0.0588808$ & $-0.0523998$ & $0.0137332$ & $-0.05731$ & $0.0469925$ & $0.0436793$ & $-0.0833039$ & $0.00973342$ & $0.0338306$ & $-0.00889173$ & $0.0754042$ & $-0.0283304$ & $0.018532$ & $0.0710068$ & $-0.0470039$ & $-0.0178568$ & $0.0420066$ & $0.0130032$ \\
CW & $-0.0717978$ & $0.026458$ & $-0.0647592$ & $0.094289$ & $0.040455$ & $1$ & $-0.00437255$ & $-0.0715042$ & $-0.0647497$ & $0.0201976$ & $0.164627$ & $0.0573379$ & $-0.0097878$ & $-0.00600665$ & $-0.0759041$ & $-0.0396512$ & $-0.372024$ & $-0.153785$ & $-0.166762$ & $-0.154189$ & $-0.171696$ & $-0.165727$ & $-0.00492557$ & $-0.083178$ & $-0.202123$ & $0.116803$ & $-0.104021$ & $-0.0694313$ & $-0.00203595$ & $0.00280212$ & $-0.0529818$ & $0.000252648$ & $0.0135215$ & $-0.149768$ & $-0.0117025$ & $0.0361251$ & $0.0179844$ & $-0.00613095$ & $0.025782$ & $-0.0344$ & $-0.0176025$ & $-0.0434106$ & $-0.0345725$ & $0.0665985$ & $0.0227695$ & $-0.025563$ & $-0.0337128$ & $0.0136097$ & $0.0026974$ \\
CHG & $0.0494877$ & $0.0395895$ & $0.0241569$ & $0.0284787$ & $-0.0408393$ & $-0.00437255$ & $1$ & $0.0123592$ & $0.0505344$ & $0.0221213$ & $-0.016192$ & $0.326665$ & $-0.375306$ & $-0.00222394$ & $0.0383543$ & $-0.00372968$ & $0.00952357$ & $-0.0205053$ & $0.0210178$ & $0.0175624$ & $0.0151756$ & $0.0231712$ & $-0.0187011$ & $-0.00347828$ & $0.022589$ & $0.0277446$ & $0.0491895$ & $-0.0355434$ & $-0.0656223$ & $-0.208614$ & $-0.0961909$ & $0.913145$ & $-0.177675$ & $-0.0183263$ & $-0.066786$ & $0.0204885$ & $-0.0135734$ & $-0.0234271$ & $-0.0458829$ & $-0.0206014$ & $0.0270691$ & $-0.0328728$ & $0.0619498$ & $-0.0347974$ & $0.0295142$ & $0.0113323$ & $-0.006975$ & $-0.00929274$ & $0.0315765$ \\
CHWB & $-0.0731541$ & $-0.11008$ & $0.0981471$ & $-0.00742983$ & $0.0142909$ & $-0.0715042$ & $0.0123592$ & $1$ & $0.989345$ & $-0.586205$ & $-0.882098$ & $-0.163747$ & $0.0090407$ & $0.277268$ & $0.477572$ & $0.504111$ & $-0.17308$ & $-0.39685$ & $-0.420104$ & $0.866414$ & $0.895268$ & $0.885617$ & $0.040021$ & $-0.623538$ & $-0.358278$ & $-0.59991$ & $0.403613$ & $0.352309$ & $-0.00198564$ & $0.0119728$ & $-0.00377025$ & $-0.00899241$ & $-0.0413026$ & $0.549003$ & $-0.00117576$ & $0.0156985$ & $-0.0832609$ & $-0.037193$ & $-0.0514842$ & $0.00315203$ & $-0.015319$ & $-0.0348469$ & $0.0115178$ & $0.046211$ & $-0.0425996$ & $0.0200522$ & $-0.0154071$ & $0.0198878$ & $-0.0413934$ \\
CHWHB_gaga & $-0.0729611$ & $-0.0985312$ & $0.09064$ & $-0.00622069$ & $0.00718051$ & $-0.0647497$ & $0.0505344$ & $0.989345$ & $1$ & $-0.580163$ & $-0.87299$ & $-0.161833$ & $0.0149838$ & $0.277186$ & $0.470799$ & $0.496975$ & $-0.173266$ & $-0.391676$ & $-0.412626$ & $0.857637$ & $0.886357$ & $0.878017$ & $0.0397142$ & $-0.618758$ & $-0.352063$ & $-0.592024$ & $0.402654$ & $0.346869$ & $-0.00258524$ & $0.0285401$ & $0.00745759$ & $0.0211743$ & $-0.0189694$ & $0.542918$ & $-0.00745945$ & $0.00946103$ & $-0.0833104$ & $-0.0473797$ & $-0.0495236$ & $0.00735612$ & $-0.0145832$ & $-0.0347251$ & $0.0824581$ & $0.0533408$ & $-0.0457519$ & $0.0251523$ & $-0.015011$ & $0.016931$ & $-0.0463183$ \\
CHWHB_gagaorth & $0.0684737$ & $0.0927421$ & $-0.0851398$ & $-0.0190057$ & $0.00730519$ & $0.0201976$ & $0.0221213$ & $-0.586205$ & $-0.580163$ & $1$ & $0.495929$ & $0.383728$ & $-0.084947$ & $-0.135213$ & $-0.266981$ & $-0.245928$ & $0.145082$ & $0.270619$ & $0.256058$ & $-0.483165$ & $-0.505325$ & $-0.501691$ & $-0.0728507$ & $0.406566$ & $0.206015$ & $0.351108$ & $-0.296121$ & $-0.204455$ & $2.83209e-05$ & $-0.0542514$ & $-0.0299597$ & $0.0795087$ & $-0.038445$ & $-0.324272$ & $0.0401688$ & $-0.00950275$ & $0.0513657$ & $0.0197449$ & $0.0238107$ & $0.0116541$ & $-0.04918$ & $-0.00234516$ & $-0.00655101$ & $-0.0534739$ & $0.0447643$ & $0.0176022$ & $-0.0309978$ & $-0.0226523$ & $0.0288394$ \\
CHD & $0.0120806$ & $0.0476526$ & $-0.0806359$ & $0.0235276$ & $0.0145251$ & $0.164627$ & $-0.016192$ & $-0.882098$ & $-0.87299$ & $0.495929$ & $1$ & $0.226796$ & $-0.0306198$ & $-0.656016$ & $-0.603045$ & $-0.621364$ & $-0.282279$ & $-0.0131714$ & $0.0111844$ & $-0.995404$ & $-0.995578$ & $-0.985409$ & $0.00169465$ & $0.222905$ & $-0.0497564$ & $0.688403$ & $-0.24629$ & $-0.422229$ & $0.00649976$ & $-0.0143877$ & $-0.0167541$ & $0.0219902$ & $0.0280316$ & $-0.345334$ & $0.0378703$ & $0.0065967$ & $0.0761534$ & $0.0606676$ & $0.0682882$ & $0.00186511$ & $-0.0194019$ & $0.0336123$ & $-0.0436935$ & $-0.0194162$ & $0.0535866$ & $0.00267897$ & $0.00743104$ & $-0.0279917$ & $0.0416584$ \\
CHbox & $-0.0257855$ & $0.0501228$ & $-0.0144837$ & $0.00519088$ & $0.0256636$ & $0.0573379$ & $0.326665$ & $-0.163747$ & $-0.161833$ & $0.383728$ & $0.226796$ & $1$ & $-0.902189$ & $-0.211928$ & $-0.107323$ & $-0.0697233$ & $-0.141707$ & $-0.0900189$ & $-0.109561$ & $-0.215732$ & $-0.226312$ & $-0.226222$ & $-0.049903$ & $0.00549421$ & $-0.115925$ & $0.169568$ & $-0.0972704$ & $-0.0938898$ & $-0.0438743$ & $-0.182875$ & $-0.13684$ & $0.300946$ & $-0.186976$ & $-0.0696803$ & $-0.0568985$ & $0.0228837$ & $0.00755703$ & $0.0138512$ & $0.0255537$ & $0.0213865$ & $-0.00783216$ & $-0.0488979$ & $-0.0639169$ & $-0.0349097$ & $0.083905$ & $0.0351753$ & $-0.0581888$ & $0.00773933$ & $0.00503269$ \\
CH & $0.0434743$ & $-0.0342415$ & $-0.00641305$ & $-0.00902542$ & $-0.0283384$ & $-0.0097878$ & $-0.375306$ & $0.0090407$ & $0.0149838$ & $-0.084947$ & $-0.0306198$ & $-0.902189$ & $1$ & $0.0517545$ & $0.0116252$ & $-0.0227691$ & $0.0422568$ & $0.0367512$ & $0.0560753$ & $0.0249754$ & $0.0283798$ & $0.0321741$ & $0.0313198$ & $0.00877149$ & $0.0467072$ & $-0.0239164$ & $0.0251803$ & $0.00556492$ & $0.0755439$ & $0.301984$ & $0.168392$ & $-0.285115$ & $0.31423$ & $-0.00473733$ & $0.123495$ & $-0.0108195$ & $-0.00384903$ & $0.0013555$ & $-0.00947269$ & $-0.0100518$ & $-0.011625$ & $0.0498413$ & $0.0563806$ & $0.0238584$ & $-0.0605903$ & $-0.023993$ & $0.052325$ & $-0.0189473$ & $0.00182454$ \\
CHL1_11 & $0.0471838$ & $0.0485913$ & $-0.0132987$ & $-0.0044642$ & $-0.0301995$ & $-0.00600665$ & $-0.00222394$ & $0.277268$ & $0.277186$ & $-0.135213$ & $-0.656016$ & $-0.211928$ & $0.0517545$ & $1$ & $0.438756$ & $0.438288$ & $0.643311$ & $0.590604$ & $0.577876$ & $0.668026$ & $0.628951$ & $0.620704$ & $-0.0503699$ & $0.436738$ & $0.575136$ & $-0.475716$ & $-0.114994$ & $0.313451$ & $-0.0212754$ & $0.00758876$ & $0.00215634$ & $-0.0512099$ & $-0.00742933$ & $-0.173091$ & $-0.0881673$ & $-0.0321946$ & $-0.0180013$ & $-0.0681333$ & $-0.0382004$ & $-0.0202203$ & $0.0530168$ & $-0.0206362$ & $0.0758701$ & $-0.0111581$ & $-0.0424485$ & $-0.033192$ & $-0.0121516$ & $0.0309373$ & $-0.0402151$ \\
CHL1_22 & $-0.0246713$ & $-0.0316082$ & $0.0700594$ & $-0.0474463$ & $-0.00170831$ & $-0.0759041$ & $0.0383543$ & $0.477572$ & $0.470799$ & $-0.266981$ & $-0.603045$ & $-0.107323$ & $0.0116252$ & $0.438756$ & $1$ & $0.582688$ & $0.228766$ & $-0.278178$ & $0.00588091$ & $0.64255$ & $0.550578$ & $0.544875$ & $-0.171569$ & $0.0597789$ & $-0.0612886$ & $-0.373793$ & $-0.298935$ & $0.282058$ & $0.0356312$ & $0.00484241$ & $0.0441756$ & $0.0139093$ & $-0.0194686$ & $-0.427862$ & $-0.0100535$ & $0.0188885$ & $-0.00669455$ & $-0.0309044$ & $-0.0445357$ & $-0.00277568$ & $0.0675355$ & $-0.0530933$ & $0.0203975$ & $-0.0309597$ & $0.0280108$ & $-0.0100413$ & $-0.00974097$ & $0.0362739$ & $-0.0284793$ \\
CHL1_33 & $-0.0249454$ & $-0.0011587$ & $0.0658392$ & $-0.0209548$ & $0.0318364$ & $-0.0396512$ & $-0.00372968$ & $0.504111$ & $0.496975$ & $-0.245928$ & $-0.621364$ & $-0.0697233$ & $-0.0227691$ & $0.438288$ & $0.582688$ & $1$ & $0.217579$ & $0.00456677$ & $-0.28819$ & $0.661127$ & $0.574856$ & $0.582734$ & $-0.183367$ & $0.0286077$ & $-0.0741873$ & $-0.396026$ & $-0.283782$ & $0.29757$ & $0.031633$ & $0.043989$ & $0.0243405$ & $-0.0216312$ & $-0.0515991$ & $0.00889948$ & $-0.0338135$ & $-0.0279034$ & $-0.00745634$ & $6.79177e-05$ & $-0.0363536$ & $0.00606691$ & $0.0462125$ & $-0.0118965$ & $-0.00332431$ & $-0.00182061$ & $0.00489111$ & $-0.0149783$ & $-0.00979331$ & $0.0262578$ & $-0.0589173$ \\
CHL3_11 & $0.113503$ & $0.0960022$ & $0.0146766$ & $-0.0571596$ & $-0.0516224$ & $-0.372024$ & $0.00952357$ & $-0.17308$ & $-0.173266$ & $0.145082$ & $-0.282279$ & $-0.141707$ & $0.0422568$ & $0.643311$ & $0.228766$ & $0.217579$ & $1$ & $0.805665$ & $0.798948$ & $0.292746$ & $0.259264$ & $0.258617$ & $-0.0586728$ & $0.736735$ & $0.825881$ & $-0.207202$ & $-0.196425$ & $0.149762$ & $-0.00999985$ & $0.00683768$ & $0.0676117$ & $-0.0216398$ & $0.034104$ & $-0.240001$ & $-0.0687657$ & $-0.0532165$ & $-0.00585332$ & $-0.0517834$ & $-0.0588561$ & $0.0080429$ & $0.059299$ & $0.00516426$ & $0.0555824$ & $-0.0453947$ & $-0.0393191$ & $-0.0427189$ & $0.029431$ & $0.0135817$ & $0.0142751$ \\
CHL3_22 & $0.121385$ & $0.113058$ & $-0.0550281$ & $-0.00265325$ & $-0.0459466$ & $-0.153785$ & $-0.0205053$ & $-0.39685$ & $-0.391676$ & $0.270619$ & $-0.0131714$ & $-0.0900189$ & $0.0367512$ & $0.590604$ & $-0.278178$ & $0.00456677$ & $0.805665$ & $1$ & $0.789352$ & $0.0130766$ & $0.00844526$ & $0.0104664$ & $0.0147896$ & $0.734807$ & $0.853891$ & $-0.0516095$ & $-0.113095$ & $0.0315035$ & $-0.031093$ & $0.00931132$ & $0.0144347$ & $-0.0439882$ & $0.0281287$ & $-0.0874406$ & $-0.0744402$ & $-0.0615645$ & $0.00688688$ & $-0.0360866$ & $-0.017983$ & $-0.00386375$ & $0.0295718$ & $0.0313715$ & $0.0539977$ & $-0.028383$ & $-0.0462752$ & $-0.0422845$ & $0.0178563$ & $-0.00150036$ & $0.00351984$ \\
CHL3_33 & $0.113879$ & $0.0779271$ & $-0.0510754$ & $-0.0153685$ & $-0.0751452$ & $-0.166762$ & $0.0210178$ & $-0.420104$ & $-0.412626$ & $0.256058$ & $0.0111844$ & $-0.109561$ & $0.0560753$ & $0.577876$ & $0.00588091$ & $-0.28819$ & $0.798948$ & $0.789352$ & $1$ & $-0.01265$ & $-0.018647$ & $-0.0150972$ & $0.0265537$ & $0.750927$ & $0.858625$ & $-0.0291912$ & $-0.113391$ & $0.0213211$ & $-0.0335926$ & $-0.0143579$ & $0.0233838$ & $-0.00706675$ & $0.0545764$ & $-0.396284$ & $-0.0680681$ & $-0.0263408$ & $0.0155403$ & $-0.0653046$ & $-0.0233684$ & $-0.0112491$ & $0.0441203$ & $0.00217502$ & $0.0764494$ & $-0.0430715$ & $-0.0300193$ & $-0.032109$ & $0.0144793$ & $0.00116437$ & $0.025198$ \\
CHe_11 & $-0.012638$ & $-0.0261068$ & $0.0835971$ & $-0.0204558$ & $-0.00599475$ & $-0.154189$ & $0.0175624$ & $0.866414$ & $0.857637$ & $-0.483165$ & $-0.995404$ & $-0.215732$ & $0.0249754$ & $0.668026$ & $0.64255$ & $0.661127$ & $0.292746$ & $0.0130766$ & $-0.01265$ & $1$ & $0.986666$ & $0.976624$ & $-0.0210827$ & $-0.189364$ & $0.0503587$ & $-0.683031$ & $0.192467$ & $0.42476$ & $-0.000624695$ & $0.0160589$ & $0.01667$ & $-0.0207952$ & $-0.0337651$ & $0.292186$ & $-0.0417181$ & $-0.00539513$ & $-0.0703855$ & $-0.0598552$ & $-0.0659554$ & $-0.00655599$ & $0.0248708$ & $-0.0322954$ & $0.0431481$ & $0.0128149$ & $-0.0417262$ & $-0.00263341$ & $-0.00746003$ & $0.0241878$ & $-0.047808$ \\
CHe_22 & $-0.0183132$ & $-0.0314159$ & $0.0853846$ & $-0.019137$ & $-0.00714601$ & $-0.171696$ & $0.0151756$ & $0.895268$ & $0.886357$ & $-0.505325$ & $-0.995578$ & $-0.226312$ & $0.0283798$ & $0.628951$ & $0.550578$ & $0.574856$ & $0.259264$ & $0.00844526$ & $-0.018647$ & $0.986666$ & $1$ & $0.987546$ & $0.018246$ & $-0.263207$ & $0.0400864$ & $-0.689851$ & $0.303778$ & $0.416377$ & $-0.0114529$ & $0.0109646$ & $0.0124342$ & $-0.024096$ & $-0.0312943$ & $0.408995$ & $-0.0444958$ & $-0.00690071$ & $-0.0784211$ & $-0.0649034$ & $-0.06636$ & $-0.0019738$ & $0.00898593$ & $-0.0333851$ & $0.0440029$ & $0.0266218$ & $-0.059544$ & $-0.000117318$ & $-0.00559691$ & $0.0253805$ & $-0.0398063$ \\
CHe_33 & $-0.0176976$ & $-0.0407436$ & $0.0945549$ & $-0.0255467$ & $-0.0140979$ & $-0.165727$ & $0.0231712$ & $0.885617$ & $0.878017$ & $-0.501691$ & $-0.985409$ & $-0.226222$ & $0.0321741$ & $0.620704$ & $0.544875$ & $0.582734$ & $0.258617$ & $0.0104664$ & $-0.0150972$ & $0.976624$ & $0.987546$ & $1$ & $0.0237635$ & $-0.258357$ & $0.0447095$ & $-0.686243$ & $0.304609$ & $0.412868$ & $-0.0166292$ & $0.0214821$ & $0.0211471$ & $-0.0127541$ & $-0.0179351$ & $0.406278$ & $-0.0381739$ & $-0.00720968$ & $-0.0678611$ & $-0.0758884$ & $-0.0686851$ & $0.000585848$ & $0.0114393$ & $-0.0337629$ & $0.0582304$ & $0.0191866$ & $-0.0561823$ & $0.0130803$ & $-0.0132234$ & $0.0214913$ & $-0.0375675$ \\
CHQ1_11 & $0.0110198$ & $-0.00650181$ & $-0.00434811$ & $0.0650476$ & $-0.0348387$ & $-0.00492557$ & $-0.0187011$ & $0.040021$ & $0.0397142$ & $-0.0728507$ & $0.00169465$ & $-0.049903$ & $0.0313198$ & $-0.0503699$ & $-0.171569$ & $-0.183367$ & $-0.0586728$ & $0.0147896$ & $0.0265537$ & $-0.0210827$ & $0.018246$ & $0.0237635$ & $1$ & $-0.125644$ & $0.1159$ & $-0.58446$ & $0.392298$ & $-0.00151267$ & $-0.0174937$ & $0.0126695$ & $-0.0310491$ & $-0.0259266$ & $0.0187912$ & $0.191815$ & $0.00898835$ & $-0.0405517$ & $-0.0727164$ & $-0.00923451$ & $-0.0578004$ & $0.00682836$ & $0.0116626$ & $-0.0360521$ & $-0.0545328$ & $0.0112094$ & $-0.0673855$ & $-0.00702551$ & $-0.0167667$ & $0.00182211$ & $0.00687443$ \\
CHQ1_33 & $0.0724568$ & $0.116025$ & $-0.0844761$ & $0.00085809$ & $-0.0463086$ & $-0.083178$ & $-0.00347828$ & $-0.623538$ & $-0.618758$ & $0.406566$ & $0.222905$ & $0.00549421$ & $0.00877149$ & $0.436738$ & $0.0597789$ & $0.0286077$ & $0.736735$ & $0.734807$ & $0.750927$ & $-0.189364$ & $-0.263207$ & $-0.258357$ & $-0.125644$ & $1$ & $0.723802$ & $0.145651$ & $-0.467546$ & $0.0138637$ & $0.0107623$ & $-0.0177015$ & $0.0262577$ & $-0.0182933$ & $0.0219808$ & $-0.63257$ & $-0.0439843$ & $-0.0491997$ & $0.0561212$ & $0.00137592$ & $0.0152996$ & $-0.00348816$ & $0.0745412$ & $0.00689499$ & $0.0450969$ & $-0.0466555$ & $0.0280375$ & $-0.0466376$ & $0.0135132$ & $-0.00185035$ & $0.0168778$ \\
CHQ3_11 & $0.0293884$ & $0.0959254$ & $0.00268$ & $-0.0153852$ & $-0.0813082$ & $-0.202123$ & $0.022589$ & $-0.358278$ & $-0.352063$ & $0.206015$ & $-0.0497564$ & $-0.115925$ & $0.0467072$ & $0.575136$ & $-0.0612886$ & $-0.0741873$ & $0.825881$ & $0.853891$ & $0.858625$ & $0.0503587$ & $0.0400864$ & $0.0447095$ & $0.1159$ & $0.723802$ & $1$ & $-0.0691721$ & $0.100078$ & $0.0368752$ & $-0.0219686$ & $0.00874829$ & $0.00182278$ & $0.000769915$ & $0.0503613$ & $-0.237704$ & $-0.0546902$ & $-0.0426403$ & $-0.0253915$ & $-0.045128$ & $-0.0397257$ & $0.0106748$ & $0.0407095$ & $-0.026579$ & $0.0571476$ & $0.00590435$ & $-0.0527883$ & $-0.0277271$ & $-0.00737977$ & $-0.0192201$ & $0.00575783$ \\
CHu_11 & $-0.0124033$ & $0.0235589$ & $-0.0445618$ & $-0.0276858$ & $0.00746484$ & $0.116803$ & $0.0277446$ & $-0.59991$ & $-0.592024$ & $0.351108$ & $0.688403$ & $0.169568$ & $-0.0239164$ & $-0.475716$ & $-0.373793$ & $-0.396026$ & $-0.207202$ & $-0.0516095$ & $-0.0291912$ & $-0.683031$ & $-0.689851$ & $-0.686243$ & $-0.58446$ & $0.145651$ & $-0.0691721$ & $1$ & $-0.183975$ & $-0.332695$ & $-0.00707307$ & $-0.0188928$ & $0.00839386$ & $0.0629991$ & $0.0213541$ & $-0.266172$ & $0.0539984$ & $0.0298552$ & $0.0614221$ & $0.0707493$ & $0.0807766$ & $0.0137305$ & $-0.0201274$ & $0.018974$ & $-0.00574016$ & $0.0218279$ & $0.0640613$ & $0.00611325$ & $0.0146598$ & $-0.0311646$ & $0.00888033$ \\
CHd_11 & $-0.013108$ & $-0.0310587$ & $0.069376$ & $0.0184475$ & $-0.0568903$ & $-0.104021$ & $0.0491895$ & $0.403613$ & $0.402654$ & $-0.296121$ & $-0.24629$ & $-0.0972704$ & $0.0251803$ & $-0.114994$ & $-0.298935$ & $-0.283782$ & $-0.196425$ & $-0.113095$ & $-0.113391$ & $0.192467$ & $0.303778$ & $0.304609$ & $0.392298$ & $-0.467546$ & $0.100078$ & $-0.183975$ & $1$ & $0.0180323$ & $-0.0450882$ & $-0.00275415$ & $-0.0584571$ & $0.051674$ & $0.0244049$ & $0.689341$ & $0.0454016$ & $-0.00533007$ & $-0.116408$ & $-0.00803839$ & $-0.0190624$ & $0.0207826$ & $-0.0496851$ & $-0.0556757$ & $0.000372258$ & $0.110103$ & $-0.0836495$ & $0.0415027$ & $-0.0323433$ & $-0.0400794$ & $0.00294483$ \\
CHd_33 & $-0.0102957$ & $-0.0157495$ & $0.0264873$ & $-0.0147088$ & $0.000218362$ & $-0.0694313$ & $-0.0355434$ & $0.352309$ & $0.346869$ & $-0.204455$ & $-0.422229$ & $-0.0938898$ & $0.00556492$ & $0.313451$ & $0.282058$ & $0.29757$ & $0.149762$ & $0.0315035$ & $0.0213211$ & $0.42476$ & $0.416377$ & $0.412868$ & $-0.00151267$ & $0.0138637$ & $0.0368752$ & $-0.332695$ & $0.0180323$ & $1$ & $0.0448987$ & $-0.0228898$ & $-0.0266004$ & $-0.0535403$ & $-0.00745071$ & $0.0990029$ & $-0.0261121$ & $-0.0174553$ & $-0.0188979$ & $-0.0907001$ & $-0.043298$ & $0.00259336$ & $0.0600937$ & $0.0084313$ & $0.0212194$ & $0.0245291$ & $-0.0421096$ & $0.000706159$ & $-0.0162248$ & $0.0420836$ & $-0.008724$ \\
CeH_22r & $-0.0690024$ & $0.0099377$ & $0.0650262$ & $0.0287105$ & $0.0371278$ & $-0.00203595$ & $-0.0656223$ & $-0.00198564$ & $-0.00258524$ & $2.83209e-05$ & $0.00649976$ & $-0.0438743$ & $0.0755439$ & $-0.0212754$ & $0.0356312$ & $0.031633$ & $-0.00999985$ & $-0.031093$ & $-0.0335926$ & $-0.000624695$ & $-0.0114529$ & $-0.0166292$ & $-0.0174937$ & $0.0107623$ & $-0.0219686$ & $-0.00707307$ & $-0.0450882$ & $0.0448987$ & $1$ & $0.0974627$ & $0.00090099$ & $-0.0555467$ & $0.0874081$ & $-0.0320887$ & $-0.0684073$ & $-0.0465142$ & $-0.0270615$ & $-0.0371335$ & $-0.0494795$ & $-0.0523185$ & $0.0870961$ & $-0.0258952$ & $0.00462563$ & $0.0528563$ & $0.0624286$ & $-0.0400155$ & $-0.0257412$ & $-0.0101842$ & $-0.0302022$ \\
CeH_33r & $0.00312658$ & $-0.0500711$ & $0.0345665$ & $-0.0114103$ & $0.013523$ & $0.00280212$ & $-0.208614$ & $0.0119728$ & $0.0285401$ & $-0.0542514$ & $-0.0143877$ & $-0.182875$ & $0.301984$ & $0.00758876$ & $0.00484241$ & $0.043989$ & $0.00683768$ & $0.00931132$ & $-0.0143579$ & $0.0160589$ & $0.0109646$ & $0.0214821$ & $0.0126695$ & $-0.0177015$ & $0.00874829$ & $-0.0188928$ & $-0.00275415$ & $-0.0228898$ & $0.0974627$ & $1$ & $0.330978$ & $-0.0128987$ & $0.654915$ & $0.00897513$ & $-0.00213339$ & $-0.0291689$ & $-0.186374$ & $-0.0380146$ & $-0.059418$ & $0.0988389$ & $0.00947034$ & $0.0406936$ & $0.00499221$ & $0.0113444$ & $0.0710023$ & $-0.0576479$ & $0.0332558$ & $0.0155595$ & $-0.0116252$ \\
CuH_22r & $-0.00513066$ & $0.00320624$ & $-0.0181695$ & $-0.0684521$ & $-0.0391852$ & $-0.0529818$ & $-0.0961909$ & $-0.00377025$ & $0.00745759$ & $-0.0299597$ & $-0.0167541$ & $-0.13684$ & $0.168392$ & $0.00215634$ & $0.0441756$ & $0.0243405$ & $0.0676117$ & $0.0144347$ & $0.0233838$ & $0.01667$ & $0.0124342$ & $0.0211471$ & $-0.0310491$ & $0.0262577$ & $0.00182278$ & $0.00839386$ & $-0.0584571$ & $-0.0266004$ & $0.00090099$ & $0.330978$ & $1$ & $0.0321952$ & $0.344029$ & $-0.0167982$ & $0.000165903$ & $-0.00157218$ & $-0.000760775$ & $0.0105424$ & $-0.0343737$ & $0.0384235$ & $-0.0400677$ & $0.0140554$ & $0.0601067$ & $0.0382716$ & $0.0525979$ & $0.0432595$ & $0.320443$ & $-0.0449024$ & $-0.030886$ \\
CuH_33r & $0.0509$ & $0.00708782$ & $0.0327051$ & $0.000160937$ & $-0.0588808$ & $0.000252648$ & $0.913145$ & $-0.00899241$ & $0.0211743$ & $0.0795087$ & $0.0219902$ & $0.300946$ & $-0.285115$ & $-0.0512099$ & $0.0139093$ & $-0.0216312$ & $-0.0216398$ & $-0.0439882$ & $-0.00706675$ & $-0.0207952$ & $-0.024096$ & $-0.0127541$ & $-0.0259266$ & $-0.0182933$ & $0.000769915$ & $0.0629991$ & $0.051674$ & $-0.0535403$ & $-0.0555467$ & $-0.0128987$ & $0.0321952$ & $1$ & $0.041674$ & $-0.0176615$ & $0.00890985$ & $0.069048$ & $-0.060294$ & $-0.0246924$ & $-0.0409086$ & $-0.00451194$ & $0.00885476$ & $-0.0224206$ & $0.0433272$ & $-0.0303951$ & $0.0280846$ & $0.00200936$ & $0.00378634$ & $-0.0132783$ & $0.0284888$ \\
CdH_33r & $0.0507421$ & $-0.0469636$ & $0.0070776$ & $-0.0577614$ & $-0.0523998$ & $0.0135215$ & $-0.177675$ & $-0.0413026$ & $-0.0189694$ & $-0.038445$ & $0.0280316$ & $-0.186976$ & $0.31423$ & $-0.00742933$ & $-0.0194686$ & $-0.0515991$ & $0.034104$ & $0.0281287$ & $0.0545764$ & $-0.0337651$ & $-0.0312943$ & $-0.0179351$ & $0.0187912$ & $0.0219808$ & $0.0503613$ & $0.0213541$ & $0.0244049$ & $-0.00745071$ & $0.0874081$ & $0.654915$ & $0.344029$ & $0.041674$ & $1$ & $-0.0192337$ & $0.0251586$ & $-0.0246538$ & $-0.189547$ & $-0.0177576$ & $-0.0428086$ & $0.0517471$ & $0.00626714$ & $0.0597305$ & $0.0385817$ & $0.0549311$ & $0.0296764$ & $0.0347742$ & $0.0150341$ & $0.152693$ & $0.439719$ \\
CLL_1221 & $-0.0363097$ & $-0.00685848$ & $0.0612134$ & $0.0065857$ & $0.0137332$ & $-0.149768$ & $-0.0183263$ & $0.549003$ & $0.542918$ & $-0.324272$ & $-0.345334$ & $-0.0696803$ & $-0.00473733$ & $-0.173091$ & $-0.427862$ & $0.00889948$ & $-0.240001$ & $-0.0874406$ & $-0.396284$ & $0.292186$ & $0.408995$ & $0.406278$ & $0.191815$ & $-0.63257$ & $-0.237704$ & $-0.266172$ & $0.689341$ & $0.0990029$ & $-0.0320887$ & $0.00897513$ & $-0.0167982$ & $-0.0176615$ & $-0.0192337$ & $1$ & $0.0113419$ & $-0.0166237$ & $-0.0860651$ & $-0.00915175$ & $-0.0262191$ & $0.0199743$ & $-0.0778725$ & $0.0107788$ & $-0.0117781$ & $0.0703276$ & $-0.0784647$ & $0.0320586$ & $0.00341283$ & $-0.0128544$ & $-0.00970577$ \\
eHggint & $0.0325912$ & $-0.0295113$ & $0.0288922$ & $-0.044426$ & $-0.05731$ & $-0.0117025$ & $-0.066786$ & $-0.00117576$ & $-0.00745945$ & $0.0401688$ & $0.0378703$ & $-0.0568985$ & $0.123495$ & $-0.0881673$ & $-0.0100535$ & $-0.0338135$ & $-0.0687657$ & $-0.0744402$ & $-0.0680681$ & $-0.0417181$ & $-0.0444958$ & $-0.0381739$ & $0.00898835$ & $-0.0439843$ & $-0.0546902$ & $0.0539984$ & $0.0454016$ & $-0.0261121$ & $-0.0684073$ & $-0.00213339$ & $0.000165903$ & $0.00890985$ & $0.0251586$ & $0.0113419$ & $1$ & $-0.0905625$ & $-0.0319148$ & $0.0111954$ & $0.0528529$ & $0.0257385$ & $0.00436063$ & $-0.0261525$ & $-0.00152344$ & $0.0189021$ & $-0.0408463$ & $0.017702$ & $0.021184$ & $-0.00979019$ & $0.0219885$ \\
eHggpar & $-0.0730186$ & $-0.0175287$ & $-0.0512169$ & $-0.0341005$ & $0.0469925$ & $0.0361251$ & $0.0204885$ & $0.0156985$ & $0.00946103$ & $-0.00950275$ & $0.0065967$ & $0.0228837$ & $-0.0108195$ & $-0.0321946$ & $0.0188885$ & $-0.0279034$ & $-0.0532165$ & $-0.0615645$ & $-0.0263408$ & $-0.00539513$ & $-0.00690071$ & $-0.00720968$ & $-0.0405517$ & $-0.0491997$ & $-0.0426403$ & $0.0298552$ & $-0.00533007$ & $-0.0174553$ & $-0.0465142$ & $-0.0291689$ & $-0.00157218$ & $0.069048$ & $-0.0246538$ & $-0.0166237$ & $-0.0905625$ & $1$ & $-0.0302327$ & $-0.048728$ & $0.115416$ & $-0.0140931$ & $0.0184495$ & $-0.0134153$ & $-0.0465083$ & $-0.00817629$ & $-0.033653$ & $0.0114472$ & $0.0389205$ & $-0.0625287$ & $0.0272774$ \\
eHWWint & $0.0589738$ & $0.0276695$ & $-0.0296261$ & $0.0354178$ & $0.0436793$ & $0.0179844$ & $-0.0135734$ & $-0.0832609$ & $-0.0833104$ & $0.0513657$ & $0.0761534$ & $0.00755703$ & $-0.00384903$ & $-0.0180013$ & $-0.00669455$ & $-0.00745634$ & $-0.00585332$ & $0.00688688$ & $0.0155403$ & $-0.0703855$ & $-0.0784211$ & $-0.0678611$ & $-0.0727164$ & $0.0561212$ & $-0.0253915$ & $0.0614221$ & $-0.116408$ & $-0.0188979$ & $-0.0270615$ & $-0.186374$ & $-0.000760775$ & $-0.060294$ & $-0.189547$ & $-0.0860651$ & $-0.0319148$ & $-0.0302327$ & $1$ & $0.000868889$ & $-0.0110231$ & $-0.0622838$ & $-0.0170388$ & $0.0158299$ & $-0.0104564$ & $-0.0466053$ & $-0.0313322$ & $0.00258023$ & $0.00336182$ & $0.00866466$ & $-0.0192811$ \\
eHWWpar & $-0.000669227$ & $-0.0185823$ & $-0.0558448$ & $-0.033533$ & $-0.0833039$ & $-0.00613095$ & $-0.0234271$ & $-0.037193$ & $-0.0473797$ & $0.0197449$ & $0.0606676$ & $0.0138512$ & $0.0013555$ & $-0.0681333$ & $-0.0309044$ & $6.79177e-05$ & $-0.0517834$ & $-0.0360866$ & $-0.0653046$ & $-0.0598552$ & $-0.0649034$ & $-0.0758884$ & $-0.00923451$ & $0.00137592$ & $-0.045128$ & $0.0707493$ & $-0.00803839$ & $-0.0907001$ & $-0.0371335$ & $-0.0380146$ & $0.0105424$ & $-0.0246924$ & $-0.0177576$ & $-0.00915175$ & $0.0111954$ & $-0.048728$ & $0.000868889$ & $1$ & $-0.00404217$ & $0.0043029$ & $-0.00603621$ & $0.0358005$ & $-0.131109$ & $-0.00700278$ & $0.0128254$ & $0.0361677$ & $-0.0041739$ & $0.0423446$ & $-0.00549177$ \\
eHZZint & $0.0730739$ & $0.0568504$ & $-0.0674126$ & $0.00566264$ & $0.00973342$ & $0.025782$ & $-0.0458829$ & $-0.0514842$ & $-0.0495236$ & $0.0238107$ & $0.0682882$ & $0.0255537$ & $-0.00947269$ & $-0.0382004$ & $-0.0445357$ & $-0.0363536$ & $-0.0588561$ & $-0.017983$ & $-0.0233684$ & $-0.0659554$ & $-0.06636$ & $-0.0686851$ & $-0.0578004$ & $0.0152996$ & $-0.0397257$ & $0.0807766$ & $-0.0190624$ & $-0.043298$ & $-0.0494795$ & $-0.059418$ & $-0.0343737$ & $-0.0409086$ & $-0.0428086$ & $-0.0262191$ & $0.0528529$ & $0.115416$ & $-0.0110231$ & $-0.00404217$ & $1$ & $-0.027441$ & $-0.0160051$ & $0.0150247$ & $-0.0291989$ & $-0.00166769$ & $-0.0420758$ & $0.027233$ & $0.0394652$ & $0.047493$ & $0.0101846$ \\
eHZZpar & $-0.081485$ & $-0.0318518$ & $0.00784138$ & $-0.0550493$ & $0.0338306$ & $-0.0344$ & $-0.0206014$ & $0.00315203$ & $0.00735612$ & $0.0116541$ & $0.00186511$ & $0.0213865$ & $-0.0100518$ & $-0.0202203$ & $-0.00277568$ & $0.00606691$ & $0.0080429$ & $-0.00386375$ & $-0.0112491$ & $-0.00655599$ & $-0.0019738$ & $0.000585848$ & $0.00682836$ & $-0.00348816$ & $0.0106748$ & $0.0137305$ & $0.0207826$ & $0.00259336$ & $-0.0523185$ & $0.0988389$ & $0.0384235$ & $-0.00451194$ & $0.0517471$ & $0.0199743$ & $0.0257385$ & $-0.0140931$ & $-0.0622838$ & $0.0043029$ & $-0.027441$ & $1$ & $-0.021562$ & $-0.0940417$ & $0.0529633$ & $0.0335822$ & $0.0296222$ & $0.00565534$ & $-0.0649759$ & $0.0310613$ & $-0.0187985$ \\
eHZgaint & $0.0438749$ & $-0.0206628$ & $-0.0674351$ & $-0.0682596$ & $-0.00889173$ & $-0.0176025$ & $0.0270691$ & $-0.015319$ & $-0.0145832$ & $-0.04918$ & $-0.0194019$ & $-0.00783216$ & $-0.011625$ & $0.0530168$ & $0.0675355$ & $0.0462125$ & $0.059299$ & $0.0295718$ & $0.0441203$ & $0.0248708$ & $0.00898593$ & $0.0114393$ & $0.0116626$ & $0.0745412$ & $0.0407095$ & $-0.0201274$ & $-0.0496851$ & $0.0600937$ & $0.0870961$ & $0.00947034$ & $-0.0400677$ & $0.00885476$ & $0.00626714$ & $-0.0778725$ & $0.00436063$ & $0.0184495$ & $-0.0170388$ & $-0.00603621$ & $-0.0160051$ & $-0.021562$ & $1$ & $-0.00582135$ & $-0.0161263$ & $-0.020275$ & $-0.0409707$ & $-0.00711769$ & $0.0108576$ & $0.0445385$ & $-0.00840829$ \\
eHZgapar & $0.105621$ & $-0.0554595$ & $-0.0714832$ & $0.015938$ & $0.0754042$ & $-0.0434106$ & $-0.0328728$ & $-0.0348469$ & $-0.0347251$ & $-0.00234516$ & $0.0336123$ & $-0.0488979$ & $0.0498413$ & $-0.0206362$ & $-0.0530933$ & $-0.0118965$ & $0.00516426$ & $0.0313715$ & $0.00217502$ & $-0.0322954$ & $-0.0333851$ & $-0.0337629$ & $-0.0360521$ & $0.00689499$ & $-0.026579$ & $0.018974$ & $-0.0556757$ & $0.0084313$ & $-0.0258952$ & $0.0406936$ & $0.0140554$ & $-0.0224206$ & $0.0597305$ & $0.0107788$ & $-0.0261525$ & $-0.0134153$ & $0.0158299$ & $0.0358005$ & $0.0150247$ & $-0.0940417$ & $-0.00582135$ & $1$ & $0.00503676$ & $-0.0400926$ & $0.0448818$ & $0.0178202$ & $0.0354124$ & $-0.024285$ & $0.0482744$ \\
eHgagaint & $-0.025455$ & $0.0301659$ & $-0.0615087$ & $-0.0141896$ & $-0.0283304$ & $-0.0345725$ & $0.0619498$ & $0.0115178$ & $0.0824581$ & $-0.00655101$ & $-0.0436935$ & $-0.0639169$ & $0.0563806$ & $0.0758701$ & $0.0203975$ & $-0.00332431$ & $0.0555824$ & $0.0539977$ & $0.0764494$ & $0.0431481$ & $0.0440029$ & $0.0582304$ & $-0.0545328$ & $0.0450969$ & $0.0571476$ & $-0.00574016$ & $0.000372258$ & $0.0212194$ & $0.00462563$ & $0.00499221$ & $0.0601067$ & $0.0433272$ & $0.0385817$ & $-0.0117781$ & $-0.00152344$ & $-0.0465083$ & $-0.0104564$ & $-0.131109$ & $-0.0291989$ & $0.0529633$ & $-0.0161263$ & $0.00503676$ & $1$ & $0.0319967$ & $-0.0782464$ & $0.0107806$ & $0.0128891$ & $0.00863697$ & $-0.0178567$ \\
eHmumuint & $-0.117788$ & $-0.0113016$ & $0.0364$ & $-0.0164691$ & $0.018532$ & $0.0665985$ & $-0.0347974$ & $0.046211$ & $0.0533408$ & $-0.0534739$ & $-0.0194162$ & $-0.0349097$ & $0.0238584$ & $-0.0111581$ & $-0.0309597$ & $-0.00182061$ & $-0.0453947$ & $-0.028383$ & $-0.0430715$ & $0.0128149$ & $0.0266218$ & $0.0191866$ & $0.0112094$ & $-0.0466555$ & $0.00590435$ & $0.0218279$ & $0.110103$ & $0.0245291$ & $0.0528563$ & $0.0113444$ & $0.0382716$ & $-0.0303951$ & $0.0549311$ & $0.0703276$ & $0.0189021$ & $-0.00817629$ & $-0.0466053$ & $-0.00700278$ & $-0.00166769$ & $0.0335822$ & $-0.020275$ & $-0.0400926$ & $0.0319967$ & $1$ & $-0.0102668$ & $-0.0184278$ & $0.0314618$ & $0.0341482$ & $0.0577167$ \\
eHtautauint & $-0.0172676$ & $0.00727464$ & $-0.0730279$ & $0.0315323$ & $0.0710068$ & $0.0227695$ & $0.0295142$ & $-0.0425996$ & $-0.0457519$ & $0.0447643$ & $0.0535866$ & $0.083905$ & $-0.0605903$ & $-0.0424485$ & $0.0280108$ & $0.00489111$ & $-0.0393191$ & $-0.0462752$ & $-0.0300193$ & $-0.0417262$ & $-0.059544$ & $-0.0561823$ & $-0.0673855$ & $0.0280375$ & $-0.0527883$ & $0.0640613$ & $-0.0836495$ & $-0.0421096$ & $0.0624286$ & $0.0710023$ & $0.0525979$ & $0.0280846$ & $0.0296764$ & $-0.0784647$ & $-0.0408463$ & $-0.033653$ & $-0.0313322$ & $0.0128254$ & $-0.0420758$ & $0.0296222$ & $-0.0409707$ & $0.0448818$ & $-0.0782464$ & $-0.0102668$ & $1$ & $0.0334243$ & $0.0084435$ & $-0.072856$ & $0.0412287$ \\
eHccint & $-0.011842$ & $0.0486553$ & $-0.0526197$ & $-0.0574425$ & $-0.0470039$ & $-0.025563$ & $0.0113323$ & $0.0200522$ & $0.0251523$ & $0.0176022$ & $0.00267897$ & $0.0351753$ & $-0.023993$ & $-0.033192$ & $-0.0100413$ & $-0.0149783$ & $-0.0427189$ & $-0.0422845$ & $-0.032109$ & $-0.00263341$ & $-0.000117318$ & $0.0130803$ & $-0.00702551$ & $-0.0466376$ & $-0.0277271$ & $0.00611325$ & $0.0415027$ & $0.000706159$ & $-0.0400155$ & $-0.0576479$ & $0.0432595$ & $0.00200936$ & $0.0347742$ & $0.0320586$ & $0.017702$ & $0.0114472$ & $0.00258023$ & $0.0361677$ & $0.027233$ & $0.00565534$ & $-0.00711769$ & $0.0178202$ & $0.0107806$ & $-0.0184278$ & $0.0334243$ & $1$ & $-0.0377652$ & $0.0273961$ & $0.101074$ \\
eHccpar & $0.0207741$ & $-0.00772713$ & $-0.082947$ & $0.0367448$ & $-0.0178568$ & $-0.0337128$ & $-0.006975$ & $-0.0154071$ & $-0.015011$ & $-0.0309978$ & $0.00743104$ & $-0.0581888$ & $0.052325$ & $-0.0121516$ & $-0.00974097$ & $-0.00979331$ & $0.029431$ & $0.0178563$ & $0.0144793$ & $-0.00746003$ & $-0.00559691$ & $-0.0132234$ & $-0.0167667$ & $0.0135132$ & $-0.00737977$ & $0.0146598$ & $-0.0323433$ & $-0.0162248$ & $-0.0257412$ & $0.0332558$ & $0.320443$ & $0.00378634$ & $0.0150341$ & $0.00341283$ & $0.021184$ & $0.0389205$ & $0.00336182$ & $-0.0041739$ & $0.0394652$ & $-0.0649759$ & $0.0108576$ & $0.0354124$ & $0.0128891$ & $0.0314618$ & $0.0084435$ & $-0.0377652$ & $1$ & $-0.00204229$ & $-0.000682098$ \\
eHbbint & $0.0328981$ & $-0.0164374$ & $-0.00626509$ & $-0.0433264$ & $0.0420066$ & $0.0136097$ & $-0.00929274$ & $0.0198878$ & $0.016931$ & $-0.0226523$ & $-0.0279917$ & $0.00773933$ & $-0.0189473$ & $0.0309373$ & $0.0362739$ & $0.0262578$ & $0.0135817$ & $-0.00150036$ & $0.00116437$ & $0.0241878$ & $0.0253805$ & $0.0214913$ & $0.00182211$ & $-0.00185035$ & $-0.0192201$ & $-0.0311646$ & $-0.0400794$ & $0.0420836$ & $-0.0101842$ & $0.0155595$ & $-0.0449024$ & $-0.0132783$ & $0.152693$ & $-0.0128544$ & $-0.00979019$ & $-0.0625287$ & $0.00866466$ & $0.0423446$ & $0.047493$ & $0.0310613$ & $0.0445385$ & $-0.024285$ & $0.00863697$ & $0.0341482$ & $-0.072856$ & $0.0273961$ & $-0.00204229$ & $1$ & $-0.00889787$ \\
eHbbpar & $0.0811738$ & $-0.0519967$ & $0.0054079$ & $-0.0316862$ & $0.0130032$ & $0.0026974$ & $0.0315765$ & $-0.0413934$ & $-0.0463183$ & $0.0288394$ & $0.0416584$ & $0.00503269$ & $0.00182454$ & $-0.0402151$ & $-0.0284793$ & $-0.0589173$ & $0.0142751$ & $0.00351984$ & $0.025198$ & $-0.047808$ & $-0.0398063$ & $-0.0375675$ & $0.00687443$ & $0.0168778$ & $0.00575783$ & $0.00888033$ & $0.00294483$ & $-0.008724$ & $-0.0302022$ & $-0.0116252$ & $-0.030886$ & $0.0284888$ & $0.439719$ & $-0.00970577$ & $0.0219885$ & $0.0272774$ & $-0.0192811$ & $-0.00549177$ & $0.0101846$ & $-0.0187985$ & $-0.00840829$ & $0.0482744$ & $-0.0178567$ & $0.0577167$ & $0.0412287$ & $0.101074$ & $-0.000682098$ & $-0.00889787$ & $1$ \\
