 & AlsMz & dAle5Mz & mtop & mHl & Mz & CW & CHG & CHWB & CHWHB_gaga & CHWHB_gagaorth & CHD & CHbox & CH & CHL1_11 & CHL1_22 & CHL1_33 & CHL3_11 & CHL3_22 & CHL3_33 & CHe_11 & CHe_22 & CHe_33 & CHQ1_11 & CHQ1_33 & CHQ3_11 & CHu_11 & CHd_11 & CHd_33 & CeH_22r & CeH_33r & CuH_22r & CuH_33r & CdH_33r & CLL_1221 & eHggint & eHggpar & eHWWint & eHWWpar & eHZZint & eHZZpar & eHZgaint & eHZgapar & eHgagaint & eHmumuint & eHtautauint & eHccint & eHccpar & eHbbint & eHbbpar \\
AlsMz & $1$ & $0.192449$ & $0.232313$ & $0.252844$ & $0.00644183$ & $0.0890083$ & $0.0792816$ & $-0.0283403$ & $-0.0234222$ & $-0.0394432$ & $-0.015614$ & $-0.0869606$ & $0.0161537$ & $0.100514$ & $0.102157$ & $0.0365158$ & $0.0473476$ & $0.0114172$ & $0.0645304$ & $0.0236603$ & $0.0025284$ & $0.00382481$ & $0.00735273$ & $0.0941974$ & $0.0550787$ & $-0.0125828$ & $-0.0531057$ & $0.0597578$ & $-0.038315$ & $0.0927188$ & $0.00865716$ & $0.101134$ & $0.0325149$ & $-0.138959$ & $0.00480938$ & $0.275015$ & $-0.151352$ & $0.131211$ & $-0.262919$ & $-0.209773$ & $-0.049996$ & $0.0889992$ & $0.224581$ & $-0.30439$ & $-0.479443$ & $0.0509757$ & $-0.00416597$ & $0.153759$ & $-0.220272$ \\
dAle5Mz & $0.192449$ & $1$ & $0.646039$ & $0.293701$ & $0.057614$ & $0.0632902$ & $0.0467914$ & $0.0876054$ & $0.0906923$ & $-0.0252558$ & $-0.0988739$ & $-0.109591$ & $0.170747$ & $0.0496828$ & $0.0172997$ & $0.0402792$ & $0.0200856$ & $0.00896558$ & $-0.0139736$ & $0.101993$ & $0.1063$ & $0.103884$ & $-0.017521$ & $-0.0219427$ & $0.0341728$ & $-0.0272299$ & $0.152991$ & $0.112707$ & $0.016045$ & $0.0866053$ & $0.141588$ & $0.0605096$ & $0.0791336$ & $0.0788367$ & $-0.679614$ & $0.543515$ & $0.361111$ & $-0.00145475$ & $0.00830145$ & $0.11708$ & $0.261604$ & $-0.00715597$ & $-0.16367$ & $-0.185825$ & $-0.0195166$ & $-0.135059$ & $0.0874414$ & $-0.421663$ & $0.174095$ \\
mtop & $0.232313$ & $0.646039$ & $1$ & $0.474931$ & $-0.011953$ & $0.0410723$ & $-0.135318$ & $0.00728434$ & $-0.00443165$ & $0.0759262$ & $-0.0655104$ & $-0.0384427$ & $0.0670679$ & $0.117876$ & $0.0351776$ & $-0.0446499$ & $0.11904$ & $0.0791228$ & $0.130944$ & $0.0652324$ & $0.0705412$ & $0.0659222$ & $0.130058$ & $0.0833812$ & $0.174113$ & $-0.0880695$ & $0.222916$ & $0.0514378$ & $0.0176876$ & $0.0378391$ & $0.0926108$ & $-0.128442$ & $0.0305338$ & $-0.0204784$ & $-0.638482$ & $0.442123$ & $0.433452$ & $-0.144368$ & $-0.168916$ & $-0.105106$ & $0.341207$ & $-0.234069$ & $-0.17903$ & $-0.220729$ & $-0.123831$ & $0.112628$ & $0.00391369$ & $-0.296645$ & $0.103514$ \\
mHl & $0.252844$ & $0.293701$ & $0.474931$ & $1$ & $-0.0460843$ & $-0.0890569$ & $-0.06903$ & $-0.13601$ & $-0.142345$ & $0.200045$ & $-0.0216751$ & $0.0351082$ & $-0.0510454$ & $0.244326$ & $0.10834$ & $-0.0185767$ & $0.313013$ & $0.219873$ & $0.295905$ & $0.0347238$ & $0.00667403$ & $0.00542766$ & $-0.0225231$ & $0.313552$ & $0.294732$ & $0.006813$ & $-0.0727993$ & $0.0300515$ & $0.0195983$ & $-0.0270348$ & $0.025522$ & $-0.0721902$ & $-0.0518682$ & $-0.21997$ & $-0.286433$ & $0.128013$ & $0.362643$ & $-0.129998$ & $-0.127353$ & $-0.0384515$ & $0.112819$ & $-0.198762$ & $0.194942$ & $-0.28611$ & $-0.159165$ & $0.400655$ & $-0.172765$ & $0.0248015$ & $-0.201029$ \\
Mz & $0.00644183$ & $0.057614$ & $-0.011953$ & $-0.0460843$ & $1$ & $0.0359102$ & $0.0536059$ & $0.0175582$ & $0.0243356$ & $-0.042045$ & $0.0274863$ & $-0.033985$ & $0.0648574$ & $-0.0656429$ & $-0.0217936$ & $-0.0408446$ & $-0.0677107$ & $-0.0582658$ & $-0.0442316$ & $-0.0203776$ & $-0.0122496$ & $-0.0178157$ & $-0.0315278$ & $-0.0778186$ & $-0.0564189$ & $0.0339588$ & $0.0344863$ & $-0.0228219$ & $0.0245351$ & $0.0254978$ & $-0.0308762$ & $0.0581454$ & $0.0251501$ & $0.033375$ & $0.0228234$ & $0.0591303$ & $0.00336671$ & $0.0489654$ & $0.0144576$ & $0.0298601$ & $0.0620582$ & $0.0274315$ & $-0.0250544$ & $-0.0125512$ & $0.0162734$ & $-0.0507968$ & $0.0422536$ & $-0.0505312$ & $0.022265$ \\
CW & $0.0890083$ & $0.0632902$ & $0.0410723$ & $-0.0890569$ & $0.0359102$ & $1$ & $0.0491242$ & $-0.037629$ & $-0.0367198$ & $-0.0438418$ & $0.100256$ & $-0.00880303$ & $-0.00332571$ & $0.0437205$ & $-0.0555089$ & $-0.053915$ & $-0.266471$ & $-0.0760825$ & $-0.0699928$ & $-0.099263$ & $-0.102718$ & $-0.0982483$ & $0.0531029$ & $-0.062181$ & $-0.0930089$ & $0.0162531$ & $-0.0308116$ & $-0.0424866$ & $-0.00883198$ & $-0.00232468$ & $-0.0238339$ & $0.0568465$ & $-0.00970072$ & $-0.0795829$ & $0.0131876$ & $0.0597937$ & $0.0227983$ & $-0.0087916$ & $0.0130944$ & $0.0287855$ & $0.00555471$ & $-0.0348677$ & $-0.0291633$ & $-0.00266694$ & $0.0410822$ & $-0.0820686$ & $0.0929087$ & $-0.0247119$ & $0.0987463$ \\
CHG & $0.0792816$ & $0.0467914$ & $-0.135318$ & $-0.06903$ & $0.0536059$ & $0.0491242$ & $1$ & $-0.186842$ & $-0.127409$ & $0.0856572$ & $0.176421$ & $0.126677$ & $-0.215353$ & $-0.0555063$ & $-0.0964715$ & $-0.0532951$ & $0.0393026$ & $0.0848501$ & $0.0512547$ & $-0.173655$ & $-0.178988$ & $-0.17491$ & $-0.0228889$ & $0.120851$ & $0.0697396$ & $0.0968275$ & $-0.0936441$ & $-0.0360974$ & $-0.0295333$ & $-0.0578304$ & $-0.0565242$ & $0.930917$ & $-0.0922343$ & $-0.0728406$ & $0.184969$ & $-0.116088$ & $-0.137164$ & $0.0398462$ & $0.164236$ & $0.0681033$ & $-0.0112633$ & $0.142671$ & $-0.210438$ & $-0.290983$ & $0.0325371$ & $-0.14772$ & $0.0620825$ & $-0.0387633$ & $-0.164622$ \\
CHWB & $-0.0283403$ & $0.0876054$ & $0.00728434$ & $-0.13601$ & $0.0175582$ & $-0.037629$ & $-0.186842$ & $1$ & $0.982304$ & $-0.551267$ & $-0.886489$ & $-0.331566$ & $0.310145$ & $0.12584$ & $0.45881$ & $0.473319$ & $-0.267869$ & $-0.515261$ & $-0.504833$ & $0.866474$ & $0.898918$ & $0.879743$ & $0.00512055$ & $-0.669623$ & $-0.561988$ & $-0.536662$ & $0.258041$ & $0.321068$ & $-0.0173989$ & $0.0678409$ & $0.0497278$ & $-0.180386$ & $0.0874471$ & $0.498038$ & $-0.0103786$ & $0.187466$ & $0.0966108$ & $0.12512$ & $-0.0792886$ & $0.0994472$ & $-0.0996653$ & $0.0733292$ & $0.119869$ & $0.0795499$ & $-0.0974261$ & $-0.0425677$ & $0.146891$ & $-0.148089$ & $0.0800589$ \\
CHWHB_gaga & $-0.0234222$ & $0.0906923$ & $-0.00443165$ & $-0.142345$ & $0.0243356$ & $-0.0367198$ & $-0.127409$ & $0.982304$ & $1$ & $-0.541436$ & $-0.865567$ & $-0.308487$ & $0.314807$ & $0.111692$ & $0.452419$ & $0.467341$ & $-0.274091$ & $-0.516984$ & $-0.507019$ & $0.846992$ & $0.877514$ & $0.858453$ & $-0.00478074$ & $-0.66375$ & $-0.563629$ & $-0.520157$ & $0.244335$ & $0.312471$ & $-0.0143747$ & $0.094067$ & $0.0635073$ & $-0.130751$ & $0.115066$ & $0.487601$ & $0.000519983$ & $0.18179$ & $0.0861019$ & $0.12873$ & $-0.074985$ & $0.108501$ & $-0.104251$ & $0.0815292$ & $0.120363$ & $0.0682961$ & $-0.095142$ & $-0.0514651$ & $0.144272$ & $-0.147532$ & $0.0721609$ \\
CHWHB_gagaorth & $-0.0394432$ & $-0.0252558$ & $0.0759262$ & $0.200045$ & $-0.042045$ & $-0.0438418$ & $0.0856572$ & $-0.551267$ & $-0.541436$ & $1$ & $0.350138$ & $0.648691$ & $-0.167387$ & $0.201698$ & $-0.201183$ & $-0.224403$ & $0.433765$ & $0.511948$ & $0.502637$ & $-0.343136$ & $-0.361621$ & $-0.352475$ & $-0.0482558$ & $0.52603$ & $0.541503$ & $0.241381$ & $-0.163164$ & $-0.156854$ & $0.0329989$ & $-0.0921358$ & $-0.0406513$ & $0.0929542$ & $-0.12928$ & $-0.3119$ & $-0.0783409$ & $-0.135144$ & $0.0321281$ & $-0.0249115$ & $-0.0109587$ & $-0.071653$ & $0.121437$ & $-0.0570993$ & $-0.0687711$ & $-0.0691998$ & $0.0417096$ & $0.0960867$ & $-0.136828$ & $0.0261411$ & $-0.0873389$ \\
CHD & $-0.015614$ & $-0.0988739$ & $-0.0655104$ & $-0.0216751$ & $0.0274863$ & $0.100256$ & $0.176421$ & $-0.886489$ & $-0.865567$ & $0.350138$ & $1$ & $0.301497$ & $-0.179699$ & $-0.521107$ & $-0.56645$ & $-0.534797$ & $-0.172334$ & $0.15884$ & $0.138456$ & $-0.991953$ & $-0.993011$ & $-0.96942$ & $0.0524006$ & $0.321952$ & $0.163695$ & $0.564077$ & $-0.136692$ & $-0.345508$ & $0.0215105$ & $-0.0479798$ & $-0.037665$ & $0.177543$ & $-0.0666717$ & $-0.294906$ & $0.101255$ & $-0.157844$ & $-0.0985245$ & $-0.129749$ & $0.0936224$ & $-0.0573182$ & $0.0802176$ & $-0.0739019$ & $-0.117105$ & $-0.0854601$ & $0.107005$ & $-0.00950897$ & $-0.0899796$ & $0.125309$ & $-0.0376509$ \\
CHbox & $-0.0869606$ & $-0.109591$ & $-0.0384427$ & $0.0351082$ & $-0.033985$ & $-0.00880303$ & $0.126677$ & $-0.331566$ & $-0.308487$ & $0.648691$ & $0.301497$ & $1$ & $-0.37841$ & $-0.0734378$ & $-0.132946$ & $-0.11994$ & $0.0689662$ & $0.145999$ & $0.133086$ & $-0.286445$ & $-0.309526$ & $-0.299281$ & $0.00976415$ & $0.204452$ & $0.173831$ & $0.16518$ & $-0.111872$ & $-0.158533$ & $0.0359238$ & $0.093685$ & $-0.00255901$ & $0.170571$ & $0.103383$ & $-0.183055$ & $0.0734161$ & $-0.187111$ & $-0.0486254$ & $-0.000694039$ & $0.00791766$ & $-0.0836299$ & $0.0575391$ & $-0.00278591$ & $-0.0851435$ & $-0.0337457$ & $0.0690952$ & $0.055619$ & $-0.114359$ & $0.0418536$ & $-0.0539801$ \\
CH & $0.0161537$ & $0.170747$ & $0.0670679$ & $-0.0510454$ & $0.0648574$ & $-0.00332571$ & $-0.215353$ & $0.310145$ & $0.314807$ & $-0.167387$ & $-0.179699$ & $-0.37841$ & $1$ & $-0.150838$ & $0.145151$ & $0.136579$ & $-0.289473$ & $-0.341744$ & $-0.322765$ & $0.184975$ & $0.182325$ & $0.178427$ & $-0.0614696$ & $-0.313656$ & $-0.367065$ & $-0.0661098$ & $0.00641266$ & $0.0710625$ & $0.0559002$ & $0.232974$ & $0.111257$ & $-0.169391$ & $0.322766$ & $0.141827$ & $-0.113736$ & $0.245052$ & $0.093362$ & $-0.0173813$ & $-0.103206$ & $0.122289$ & $-0.060706$ & $-0.0212698$ & $0.178211$ & $0.15535$ & $-0.0483137$ & $0.0115605$ & $-0.0201402$ & $-0.0535539$ & $0.142346$ \\
CHL1_11 & $0.100514$ & $0.0496828$ & $0.117876$ & $0.244326$ & $-0.0656429$ & $0.0437205$ & $-0.0555063$ & $0.12584$ & $0.111692$ & $0.201698$ & $-0.521107$ & $-0.0734378$ & $-0.150838$ & $1$ & $0.314219$ & $0.218484$ & $0.621592$ & $0.54769$ & $0.576944$ & $0.529299$ & $0.492435$ & $0.47511$ & $-0.100237$ & $0.434072$ & $0.576652$ & $-0.244443$ & $-0.136216$ & $0.14805$ & $-0.0185793$ & $-0.00808106$ & $0.00223144$ & $-0.068155$ & $-0.00745321$ & $-0.261706$ & $-0.172113$ & $0.0363559$ & $0.032333$ & $0.042402$ & $-0.0719359$ & $-0.039817$ & $0.00778721$ & $0.0237392$ & $0.0354948$ & $0.0241813$ & $-0.0653289$ & $0.0627732$ & $-0.0167321$ & $-0.0030124$ & $-0.0423917$ \\
CHL1_22 & $0.102157$ & $0.0172997$ & $0.0351776$ & $0.10834$ & $-0.0217936$ & $-0.0555089$ & $-0.0964715$ & $0.45881$ & $0.452419$ & $-0.201183$ & $-0.56645$ & $-0.132946$ & $0.145151$ & $0.314219$ & $1$ & $0.427193$ & $0.140721$ & $-0.468304$ & $-0.0410167$ & $0.610744$ & $0.504884$ & $0.490016$ & $-0.105873$ & $-0.0070502$ & $-0.0851631$ & $-0.267876$ & $-0.280833$ & $0.156077$ & $0.0154025$ & $0.0588836$ & $0.0357531$ & $-0.0890369$ & $0.0875991$ & $-0.50711$ & $-0.0300316$ & $0.0895201$ & $-0.0425691$ & $0.0297029$ & $-0.0438555$ & $0.0901539$ & $-0.179712$ & $0.0683603$ & $0.207142$ & $0.170872$ & $-0.0728569$ & $0.0898092$ & $-0.176233$ & $0.00942346$ & $-0.00760925$ \\
CHL1_33 & $0.0365158$ & $0.0402792$ & $-0.0446499$ & $-0.0185767$ & $-0.0408446$ & $-0.053915$ & $-0.0532951$ & $0.473319$ & $0.467341$ & $-0.224403$ & $-0.534797$ & $-0.11994$ & $0.136579$ & $0.218484$ & $0.427193$ & $1$ & $0.0587078$ & $-0.120031$ & $-0.506092$ & $0.577672$ & $0.477964$ & $0.495554$ & $-0.0884144$ & $-0.0694438$ & $-0.146736$ & $-0.26009$ & $-0.234813$ & $0.171795$ & $-0.0227368$ & $0.0246709$ & $-0.00622977$ & $-0.046701$ & $0.0565067$ & $0.0823733$ & $-0.0194154$ & $0.0690085$ & $-0.0305839$ & $0.0928427$ & $-0.0692955$ & $0.108376$ & $-0.204825$ & $0.0968375$ & $0.21645$ & $0.196446$ & $-0.034371$ & $-0.0225831$ & $-0.0765671$ & $-0.0598054$ & $0.103635$ \\
CHL3_11 & $0.0473476$ & $0.0200856$ & $0.11904$ & $0.313013$ & $-0.0677107$ & $-0.266471$ & $0.0393026$ & $-0.267869$ & $-0.274091$ & $0.433765$ & $-0.172334$ & $0.0689662$ & $-0.289473$ & $0.621592$ & $0.140721$ & $0.0587078$ & $1$ & $0.735082$ & $0.746729$ & $0.185011$ & $0.148577$ & $0.140515$ & $-0.101111$ & $0.684668$ & $0.812093$ & $-0.0329706$ & $-0.176866$ & $0.049517$ & $-0.0109061$ & $-0.0547899$ & $-0.0316995$ & $0.0223392$ & $-0.0598632$ & $-0.285839$ & $-0.179655$ & $-0.0934145$ & $0.0172595$ & $0.0131569$ & $0.000204769$ & $-0.114027$ & $0.0770376$ & $-0.00788278$ & $-0.0537033$ & $-0.0202299$ & $-0.00482315$ & $0.104107$ & $-0.110275$ & $0.033414$ & $-0.10969$ \\
CHL3_22 & $0.0114172$ & $0.00896558$ & $0.0791228$ & $0.219873$ & $-0.0582658$ & $-0.0760825$ & $0.0848501$ & $-0.515261$ & $-0.516984$ & $0.511948$ & $0.15884$ & $0.145999$ & $-0.341744$ & $0.54769$ & $-0.468304$ & $-0.120031$ & $0.735082$ & $1$ & $0.691736$ & $-0.160608$ & $-0.155335$ & $-0.151155$ & $-0.0412908$ & $0.666391$ & $0.809168$ & $0.124594$ & $-0.0544989$ & $-0.0567262$ & $-0.0189785$ & $-0.0775427$ & $-0.049319$ & $0.0654103$ & $-0.0975613$ & $-0.0298827$ & $-0.150476$ & $-0.114933$ & $0.0276817$ & $-0.00633234$ & $0.000375977$ & $-0.135281$ & $0.147321$ & $-0.0385321$ & $-0.135953$ & $-0.0940228$ & $0.0320226$ & $0.0303459$ & $0.00866589$ & $0.0333334$ & $-0.0665458$ \\
CHL3_33 & $0.0645304$ & $-0.0139736$ & $0.130944$ & $0.295905$ & $-0.0442316$ & $-0.0699928$ & $0.0512547$ & $-0.504833$ & $-0.507019$ & $0.502637$ & $0.138456$ & $0.133086$ & $-0.322765$ & $0.576944$ & $-0.0410167$ & $-0.506092$ & $0.746729$ & $0.691736$ & $1$ & $-0.138989$ & $-0.136658$ & $-0.133725$ & $-0.0472599$ & $0.672162$ & $0.810559$ & $0.115538$ & $-0.0764827$ & $-0.068785$ & $0.00633936$ & $-0.0529461$ & $-0.0215272$ & $0.0324885$ & $-0.0750616$ & $-0.453696$ & $-0.143711$ & $-0.0950681$ & $0.0174288$ & $-0.0547987$ & $0.0139502$ & $-0.14902$ & $0.159813$ & $-0.0615914$ & $-0.139448$ & $-0.113129$ & $-0.00186511$ & $0.108488$ & $-0.0562851$ & $0.080457$ & $-0.148597$ \\
CHe_11 & $0.0236603$ & $0.101993$ & $0.0652324$ & $0.0347238$ & $-0.0203776$ & $-0.099263$ & $-0.173655$ & $0.866474$ & $0.846992$ & $-0.343136$ & $-0.991953$ & $-0.286445$ & $0.184975$ & $0.529299$ & $0.610744$ & $0.577672$ & $0.185011$ & $-0.160608$ & $-0.138989$ & $1$ & $0.979141$ & $0.95671$ & $-0.0642528$ & $-0.28172$ & $-0.143668$ & $-0.552359$ & $0.0876982$ & $0.336906$ & $-0.0175651$ & $0.049877$ & $0.0354317$ & $-0.174328$ & $0.0713475$ & $0.232345$ & $-0.108292$ & $0.158722$ & $0.0898366$ & $0.127693$ & $-0.0954013$ & $0.0654939$ & $-0.0951842$ & $0.0772756$ & $0.134342$ & $0.105364$ & $-0.10271$ & $0.0164756$ & $0.0641126$ & $-0.119334$ & $0.0436535$ \\
CHe_22 & $0.0025284$ & $0.1063$ & $0.0705412$ & $0.00667403$ & $-0.0122496$ & $-0.102718$ & $-0.178988$ & $0.898918$ & $0.877514$ & $-0.361621$ & $-0.993011$ & $-0.309526$ & $0.182325$ & $0.492435$ & $0.504884$ & $0.477964$ & $0.148577$ & $-0.155335$ & $-0.136658$ & $0.979141$ & $1$ & $0.972193$ & $-0.0383994$ & $-0.364754$ & $-0.185742$ & $-0.569998$ & $0.193631$ & $0.34914$ & $-0.0222425$ & $0.0472138$ & $0.0395445$ & $-0.180387$ & $0.063216$ & $0.364874$ & $-0.102039$ & $0.162263$ & $0.112249$ & $0.132231$ & $-0.0907745$ & $0.0502057$ & $-0.0583581$ & $0.0672194$ & $0.0939481$ & $0.065046$ & $-0.106543$ & $0.00124747$ & $0.118143$ & $-0.137176$ & $0.0360876$ \\
CHe_33 & $0.00382481$ & $0.103884$ & $0.0659222$ & $0.00542766$ & $-0.0178157$ & $-0.0982483$ & $-0.17491$ & $0.879743$ & $0.858453$ & $-0.352475$ & $-0.96942$ & $-0.299281$ & $0.178427$ & $0.47511$ & $0.490016$ & $0.495554$ & $0.140515$ & $-0.151155$ & $-0.133725$ & $0.95671$ & $0.972193$ & $1$ & $-0.034835$ & $-0.359131$ & $-0.182357$ & $-0.55784$ & $0.193211$ & $0.340464$ & $-0.0277657$ & $0.041581$ & $0.0339004$ & $-0.176965$ & $0.0573614$ & $0.364172$ & $-0.0993537$ & $0.163788$ & $0.113991$ & $0.123958$ & $-0.0935331$ & $0.0444001$ & $-0.0587573$ & $0.0629816$ & $0.0918263$ & $0.0638289$ & $-0.104232$ & $-0.00188153$ & $0.121063$ & $-0.138139$ & $0.0379951$ \\
CHQ1_11 & $0.00735273$ & $-0.017521$ & $0.130058$ & $-0.0225231$ & $-0.0315278$ & $0.0531029$ & $-0.0228889$ & $0.00512055$ & $-0.00478074$ & $-0.0482558$ & $0.0524006$ & $0.00976415$ & $-0.0614696$ & $-0.100237$ & $-0.105873$ & $-0.0884144$ & $-0.101111$ & $-0.0412908$ & $-0.0472599$ & $-0.0642528$ & $-0.0383994$ & $-0.034835$ & $1$ & $-0.104923$ & $-0.0106216$ & $-0.671095$ & $0.280869$ & $-0.0193646$ & $-0.0270877$ & $-0.0247129$ & $-0.0407877$ & $-0.0273045$ & $-0.0475062$ & $0.10214$ & $0.00144582$ & $0.0329109$ & $0.109323$ & $-0.0843569$ & $0.0467975$ & $-0.147786$ & $0.0493637$ & $-0.151096$ & $-0.103706$ & $-0.0962591$ & $-0.0327647$ & $0.0420575$ & $0.0125747$ & $-0.0952001$ & $-0.00371214$ \\
CHQ1_33 & $0.0941974$ & $-0.0219427$ & $0.0833812$ & $0.313552$ & $-0.0778186$ & $-0.062181$ & $0.120851$ & $-0.669623$ & $-0.66375$ & $0.52603$ & $0.321952$ & $0.204452$ & $-0.313656$ & $0.434072$ & $-0.0070502$ & $-0.0694438$ & $0.684668$ & $0.666391$ & $0.672162$ & $-0.28172$ & $-0.364754$ & $-0.359131$ & $-0.104923$ & $1$ & $0.761545$ & $0.255534$ & $-0.314696$ & $-0.0364756$ & $-0.0147824$ & $-0.0714415$ & $-0.0428718$ & $0.104147$ & $-0.0791764$ & $-0.609176$ & $-0.117313$ & $-0.130839$ & $-0.0544684$ & $-0.0515101$ & $0.0299067$ & $-0.0768042$ & $0.0835656$ & $-0.0477472$ & $-0.049249$ & $-0.0403994$ & $0.0338221$ & $0.116712$ & $-0.163468$ & $0.113391$ & $-0.0997509$ \\
CHQ3_11 & $0.0550787$ & $0.0341728$ & $0.174113$ & $0.294732$ & $-0.0564189$ & $-0.0930089$ & $0.0697396$ & $-0.561988$ & $-0.563629$ & $0.541503$ & $0.163695$ & $0.173831$ & $-0.367065$ & $0.576652$ & $-0.0851631$ & $-0.146736$ & $0.812093$ & $0.809168$ & $0.810559$ & $-0.143668$ & $-0.185742$ & $-0.182357$ & $-0.0106216$ & $0.761545$ & $1$ & $0.128056$ & $0.0394848$ & $-0.0850754$ & $-0.00589147$ & $-0.0738584$ & $-0.0291516$ & $0.0499067$ & $-0.0991984$ & $-0.429912$ & $-0.17518$ & $-0.101132$ & $0.0489002$ & $-0.0154811$ & $-0.00319098$ & $-0.162044$ & $0.220682$ & $-0.0657106$ & $-0.186615$ & $-0.161104$ & $-0.0218362$ & $0.0878603$ & $-0.0105827$ & $0.00346367$ & $-0.118385$ \\
CHu_11 & $-0.0125828$ & $-0.0272299$ & $-0.0880695$ & $0.006813$ & $0.0339588$ & $0.0162531$ & $0.0968275$ & $-0.536662$ & $-0.520157$ & $0.241381$ & $0.564077$ & $0.16518$ & $-0.0661098$ & $-0.244443$ & $-0.267876$ & $-0.26009$ & $-0.0329706$ & $0.124594$ & $0.115538$ & $-0.552359$ & $-0.569998$ & $-0.55784$ & $-0.671095$ & $0.255534$ & $0.128056$ & $1$ & $-0.149861$ & $-0.192911$ & $0.0256047$ & $-0.0187133$ & $0.00856955$ & $0.100867$ & $-0.0235609$ & $-0.24784$ & $0.049375$ & $-0.121183$ & $-0.1183$ & $0.00929609$ & $0.0104964$ & $0.0565396$ & $0.0779755$ & $0.0570457$ & $-0.0361243$ & $-0.056827$ & $0.0700613$ & $-0.0438586$ & $-0.020201$ & $0.107381$ & $-0.0418279$ \\
CHd_11 & $-0.0531057$ & $0.152991$ & $0.222916$ & $-0.0727993$ & $0.0344863$ & $-0.0308116$ & $-0.0936441$ & $0.258041$ & $0.244335$ & $-0.163164$ & $-0.136692$ & $-0.111872$ & $0.00641266$ & $-0.136216$ & $-0.280833$ & $-0.234813$ & $-0.176866$ & $-0.0544989$ & $-0.0764827$ & $0.0876982$ & $0.193631$ & $0.193211$ & $0.280869$ & $-0.314696$ & $0.0394848$ & $-0.149861$ & $1$ & $0.0557661$ & $-0.0389348$ & $-0.0267355$ & $0.0351079$ & $-0.106492$ & $-0.0714419$ & $0.512413$ & $-0.0732197$ & $0.102995$ & $0.241669$ & $0.088476$ & $-0.046345$ & $-0.120777$ & $0.386393$ & $-0.0981018$ & $-0.331236$ & $-0.392207$ & $-0.13863$ & $-0.039141$ & $0.424171$ & $-0.249587$ & $-0.0439252$ \\
CHd_33 & $0.0597578$ & $0.112707$ & $0.0514378$ & $0.0300515$ & $-0.0228219$ & $-0.0424866$ & $-0.0360974$ & $0.321068$ & $0.312471$ & $-0.156854$ & $-0.345508$ & $-0.158533$ & $0.0710625$ & $0.14805$ & $0.156077$ & $0.171795$ & $0.049517$ & $-0.0567262$ & $-0.068785$ & $0.336906$ & $0.34914$ & $0.340464$ & $-0.0193646$ & $-0.0364756$ & $-0.0850754$ & $-0.192911$ & $0.0557661$ & $1$ & $0.0012344$ & $-0.0108382$ & $-0.00468864$ & $-0.0391492$ & $-0.0138849$ & $0.16367$ & $-0.0630926$ & $0.0630171$ & $0.102806$ & $0.113462$ & $0.0670778$ & $-0.0176678$ & $0.0494109$ & $-0.0185684$ & $0.00710608$ & $-0.041969$ & $-0.016663$ & $-0.0025239$ & $0.0562482$ & $-0.0750174$ & $-0.0373382$ \\
CeH_22r & $-0.038315$ & $0.016045$ & $0.0176876$ & $0.0195983$ & $0.0245351$ & $-0.00883198$ & $-0.0295333$ & $-0.0173989$ & $-0.0143747$ & $0.0329989$ & $0.0215105$ & $0.0359238$ & $0.0559002$ & $-0.0185793$ & $0.0154025$ & $-0.0227368$ & $-0.0109061$ & $-0.0189785$ & $0.00633936$ & $-0.0175651$ & $-0.0222425$ & $-0.0277657$ & $-0.0270877$ & $-0.0147824$ & $-0.00589147$ & $0.0256047$ & $-0.0389348$ & $0.0012344$ & $1$ & $0.016473$ & $0.0380394$ & $-0.0469115$ & $0.0348634$ & $-0.0325597$ & $-0.0584174$ & $-0.0192434$ & $-0.00110005$ & $0.0648823$ & $0.0436704$ & $0.0636685$ & $0.0365008$ & $0.0455411$ & $-0.00584047$ & $0.0589922$ & $0.0841731$ & $0.0561727$ & $-0.0178072$ & $0.0716812$ & $0.0291647$ \\
CeH_33r & $0.0927188$ & $0.0866053$ & $0.0378391$ & $-0.0270348$ & $0.0254978$ & $-0.00232468$ & $-0.0578304$ & $0.0678409$ & $0.094067$ & $-0.0921358$ & $-0.0479798$ & $0.093685$ & $0.232974$ & $-0.00808106$ & $0.0588836$ & $0.0246709$ & $-0.0547899$ & $-0.0775427$ & $-0.0529461$ & $0.049877$ & $0.0472138$ & $0.041581$ & $-0.0247129$ & $-0.0714415$ & $-0.0738584$ & $-0.0187133$ & $-0.0267355$ & $-0.0108382$ & $0.016473$ & $1$ & $0.332658$ & $0.102844$ & $0.729491$ & $0.00120488$ & $0.00244936$ & $0.0595298$ & $-0.0629204$ & $-0.0323115$ & $-0.0438338$ & $-0.0403273$ & $0.00941553$ & $0.0639949$ & $0.00194227$ & $0.0308141$ & $-0.0264547$ & $-0.0446108$ & $0.00992422$ & $0.0795695$ & $0.0319377$ \\
CuH_22r & $0.00865716$ & $0.141588$ & $0.0926108$ & $0.025522$ & $-0.0308762$ & $-0.0238339$ & $-0.0565242$ & $0.0497278$ & $0.0635073$ & $-0.0406513$ & $-0.037665$ & $-0.00255901$ & $0.111257$ & $0.00223144$ & $0.0357531$ & $-0.00622977$ & $-0.0316995$ & $-0.049319$ & $-0.0215272$ & $0.0354317$ & $0.0395445$ & $0.0339004$ & $-0.0407877$ & $-0.0428718$ & $-0.0291516$ & $0.00856955$ & $0.0351079$ & $-0.00468864$ & $0.0380394$ & $0.332658$ & $1$ & $0.0378874$ & $0.406137$ & $0.00937536$ & $-0.110728$ & $0.0697994$ & $0.0553956$ & $0.0138989$ & $-0.0592715$ & $0.0184793$ & $-0.0236192$ & $0.00394161$ & $-0.00184767$ & $0.0513205$ & $-0.0666164$ & $0.0172395$ & $0.0148243$ & $0.0256393$ & $0.0402986$ \\
CuH_33r & $0.101134$ & $0.0605096$ & $-0.128442$ & $-0.0721902$ & $0.0581454$ & $0.0568465$ & $0.930917$ & $-0.180386$ & $-0.130751$ & $0.0929542$ & $0.177543$ & $0.170571$ & $-0.169391$ & $-0.068155$ & $-0.0890369$ & $-0.046701$ & $0.0223392$ & $0.0654103$ & $0.0324885$ & $-0.174328$ & $-0.180387$ & $-0.176965$ & $-0.0273045$ & $0.104147$ & $0.0499067$ & $0.100867$ & $-0.106492$ & $-0.0391492$ & $-0.0469115$ & $0.102844$ & $0.0378874$ & $1$ & $0.121772$ & $-0.0745428$ & $0.19575$ & $-0.104583$ & $-0.146628$ & $0.0271114$ & $0.138877$ & $0.0579453$ & $-0.0256671$ & $0.153982$ & $-0.200577$ & $-0.282085$ & $0.0106026$ & $-0.14675$ & $0.0581909$ & $-0.0280025$ & $-0.16255$ \\
CdH_33r & $0.0325149$ & $0.0791336$ & $0.0305338$ & $-0.0518682$ & $0.0251501$ & $-0.00970072$ & $-0.0922343$ & $0.0874471$ & $0.115066$ & $-0.12928$ & $-0.0666717$ & $0.103383$ & $0.322766$ & $-0.00745321$ & $0.0875991$ & $0.0565067$ & $-0.0598632$ & $-0.0975613$ & $-0.0750616$ & $0.0713475$ & $0.063216$ & $0.0573614$ & $-0.0475062$ & $-0.0791764$ & $-0.0991984$ & $-0.0235609$ & $-0.0714419$ & $-0.0138849$ & $0.0348634$ & $0.729491$ & $0.406137$ & $0.121772$ & $1$ & $-0.00723859$ & $-0.0459818$ & $0.0876676$ & $-0.050976$ & $-0.0471507$ & $-0.0954202$ & $-0.0484042$ & $-0.0488392$ & $0.0726988$ & $0.00961791$ & $0.147438$ & $-0.0168139$ & $-0.0266379$ & $-0.0189536$ & $0.0707922$ & $0.140472$ \\
CLL_1221 & $-0.138959$ & $0.0788367$ & $-0.0204784$ & $-0.21997$ & $0.033375$ & $-0.0795829$ & $-0.0728406$ & $0.498038$ & $0.487601$ & $-0.3119$ & $-0.294906$ & $-0.183055$ & $0.141827$ & $-0.261706$ & $-0.50711$ & $0.0823733$ & $-0.285839$ & $-0.0298827$ & $-0.453696$ & $0.232345$ & $0.364874$ & $0.364172$ & $0.10214$ & $-0.609176$ & $-0.429912$ & $-0.24784$ & $0.512413$ & $0.16367$ & $-0.0325597$ & $0.00120488$ & $0.00937536$ & $-0.0745428$ & $-0.00723859$ & $1$ & $0.00786138$ & $0.0788158$ & $0.136217$ & $0.0968555$ & $-0.0191266$ & $-0.000642637$ & $0.0819723$ & $0.00882759$ & $-0.0940803$ & $-0.0905781$ & $-0.0167147$ & $-0.125334$ & $0.289426$ & $-0.160226$ & $0.075239$ \\
eHggint & $0.00480938$ & $-0.679614$ & $-0.638482$ & $-0.286433$ & $0.0228234$ & $0.0131876$ & $0.184969$ & $-0.0103786$ & $0.000519983$ & $-0.0783409$ & $0.101255$ & $0.0734161$ & $-0.113736$ & $-0.172113$ & $-0.0300316$ & $-0.0194154$ & $-0.179655$ & $-0.150476$ & $-0.143711$ & $-0.108292$ & $-0.102039$ & $-0.0993537$ & $0.00144582$ & $-0.117313$ & $-0.17518$ & $0.049375$ & $-0.0732197$ & $-0.0630926$ & $-0.0584174$ & $0.00244936$ & $-0.110728$ & $0.19575$ & $-0.0459818$ & $0.00786138$ & $1$ & $-0.424768$ & $-0.424626$ & $0.0446804$ & $0.22845$ & $-0.0526898$ & $-0.160886$ & $0.157655$ & $0.179947$ & $-0.0800529$ & $-0.0232887$ & $-0.0175412$ & $-0.0155468$ & $0.366318$ & $-0.351003$ \\
eHggpar & $0.275015$ & $0.543515$ & $0.442123$ & $0.128013$ & $0.0591303$ & $0.0597937$ & $-0.116088$ & $0.187466$ & $0.18179$ & $-0.135144$ & $-0.157844$ & $-0.187111$ & $0.245052$ & $0.0363559$ & $0.0895201$ & $0.0690085$ & $-0.0934145$ & $-0.114933$ & $-0.0950681$ & $0.158722$ & $0.162263$ & $0.163788$ & $0.0329109$ & $-0.130839$ & $-0.101132$ & $-0.121183$ & $0.102995$ & $0.0630171$ & $-0.0192434$ & $0.0595298$ & $0.0697994$ & $-0.104583$ & $0.0876676$ & $0.0788158$ & $-0.424768$ & $1$ & $0.209989$ & $-0.238541$ & $-0.253485$ & $-0.0251378$ & $0.0649215$ & $0.0193636$ & $0.0571203$ & $0.0179788$ & $-0.103906$ & $-0.179538$ & $0.265626$ & $-0.352012$ & $0.367746$ \\
eHWWint & $-0.151352$ & $0.361111$ & $0.433452$ & $0.362643$ & $0.00336671$ & $0.0227983$ & $-0.137164$ & $0.0966108$ & $0.0861019$ & $0.0321281$ & $-0.0985245$ & $-0.0486254$ & $0.093362$ & $0.032333$ & $-0.0425691$ & $-0.0305839$ & $0.0172595$ & $0.0276817$ & $0.0174288$ & $0.0898366$ & $0.112249$ & $0.113991$ & $0.109323$ & $-0.0544684$ & $0.0489002$ & $-0.1183$ & $0.241669$ & $0.102806$ & $-0.00110005$ & $-0.0629204$ & $0.0553956$ & $-0.146628$ & $-0.050976$ & $0.136217$ & $-0.424626$ & $0.209989$ & $1$ & $-0.155481$ & $-0.259515$ & $-0.0176668$ & $0.161772$ & $-0.389511$ & $0.0975893$ & $-0.0169194$ & $0.0820924$ & $0.503387$ & $-0.0301061$ & $-0.505259$ & $0.284357$ \\
eHWWpar & $0.131211$ & $-0.00145475$ & $-0.144368$ & $-0.129998$ & $0.0489654$ & $-0.0087916$ & $0.0398462$ & $0.12512$ & $0.12873$ & $-0.0249115$ & $-0.129749$ & $-0.000694039$ & $-0.0173813$ & $0.042402$ & $0.0297029$ & $0.0928427$ & $0.0131569$ & $-0.00633234$ & $-0.0547987$ & $0.127693$ & $0.132231$ & $0.123958$ & $-0.0843569$ & $-0.0515101$ & $-0.0154811$ & $0.00929609$ & $0.088476$ & $0.113462$ & $0.0648823$ & $-0.0323115$ & $0.0138989$ & $0.0271114$ & $-0.0471507$ & $0.0968555$ & $0.0446804$ & $-0.238541$ & $-0.155481$ & $1$ & $0.118058$ & $0.234456$ & $-0.151083$ & $0.103006$ & $0.0151068$ & $-0.112604$ & $-0.101149$ & $-0.0577607$ & $0.184877$ & $0.0851834$ & $-0.238735$ \\
eHZZint & $-0.262919$ & $0.00830145$ & $-0.168916$ & $-0.127353$ & $0.0144576$ & $0.0130944$ & $0.164236$ & $-0.0792886$ & $-0.074985$ & $-0.0109587$ & $0.0936224$ & $0.00791766$ & $-0.103206$ & $-0.0719359$ & $-0.0438555$ & $-0.0692955$ & $0.000204769$ & $0.000375977$ & $0.0139502$ & $-0.0954013$ & $-0.0907745$ & $-0.0935331$ & $0.0467975$ & $0.0299067$ & $-0.00319098$ & $0.0104964$ & $-0.046345$ & $0.0670778$ & $0.0436704$ & $-0.0438338$ & $-0.0592715$ & $0.138877$ & $-0.0954202$ & $-0.0191266$ & $0.22845$ & $-0.253485$ & $-0.259515$ & $0.118058$ & $1$ & $0.0914025$ & $0.360362$ & $-0.0368482$ & $-0.449272$ & $-0.0561462$ & $0.525613$ & $-0.284989$ & $-0.013725$ & $0.20096$ & $-0.250268$ \\
eHZZpar & $-0.209773$ & $0.11708$ & $-0.105106$ & $-0.0384515$ & $0.0298601$ & $0.0287855$ & $0.0681033$ & $0.0994472$ & $0.108501$ & $-0.071653$ & $-0.0573182$ & $-0.0836299$ & $0.122289$ & $-0.039817$ & $0.0901539$ & $0.108376$ & $-0.114027$ & $-0.135281$ & $-0.14902$ & $0.0654939$ & $0.0502057$ & $0.0444001$ & $-0.147786$ & $-0.0768042$ & $-0.162044$ & $0.0565396$ & $-0.120777$ & $-0.0176678$ & $0.0636685$ & $-0.0403273$ & $0.0184793$ & $0.0579453$ & $-0.0484042$ & $-0.000642637$ & $-0.0526898$ & $-0.0251378$ & $-0.0176668$ & $0.234456$ & $0.0914025$ & $1$ & $-0.057018$ & $0.0455506$ & $0.171535$ & $0.0671896$ & $0.0194624$ & $-0.116246$ & $0.136193$ & $-0.0508341$ & $-0.185011$ \\
eHZgaint & $-0.049996$ & $0.261604$ & $0.341207$ & $0.112819$ & $0.0620582$ & $0.00555471$ & $-0.0112633$ & $-0.0996653$ & $-0.104251$ & $0.121437$ & $0.0802176$ & $0.0575391$ & $-0.060706$ & $0.00778721$ & $-0.179712$ & $-0.204825$ & $0.0770376$ & $0.147321$ & $0.159813$ & $-0.0951842$ & $-0.0583581$ & $-0.0587573$ & $0.0493637$ & $0.0835656$ & $0.220682$ & $0.0779755$ & $0.386393$ & $0.0494109$ & $0.0365008$ & $0.00941553$ & $-0.0236192$ & $-0.0256671$ & $-0.0488392$ & $0.0819723$ & $-0.160886$ & $0.0649215$ & $0.161772$ & $-0.151083$ & $0.360362$ & $-0.057018$ & $1$ & $-0.30523$ & $-0.515599$ & $-0.240395$ & $0.338352$ & $-0.0104496$ & $0.142396$ & $-0.185721$ & $0.00365379$ \\
eHZgapar & $0.0889992$ & $-0.00715597$ & $-0.234069$ & $-0.198762$ & $0.0274315$ & $-0.0348677$ & $0.142671$ & $0.0733292$ & $0.0815292$ & $-0.0570993$ & $-0.0739019$ & $-0.00278591$ & $-0.0212698$ & $0.0237392$ & $0.0683603$ & $0.0968375$ & $-0.00788278$ & $-0.0385321$ & $-0.0615914$ & $0.0772756$ & $0.0672194$ & $0.0629816$ & $-0.151096$ & $-0.0477472$ & $-0.0657106$ & $0.0570457$ & $-0.0981018$ & $-0.0185684$ & $0.0455411$ & $0.0639949$ & $0.00394161$ & $0.153982$ & $0.0726988$ & $0.00882759$ & $0.157655$ & $0.0193636$ & $-0.389511$ & $0.103006$ & $-0.0368482$ & $0.0455506$ & $-0.30523$ & $1$ & $0.0207262$ & $-0.116064$ & $-0.133528$ & $-0.440443$ & $0.153713$ & $0.125876$ & $0.0572315$ \\
eHgagaint & $0.224581$ & $-0.16367$ & $-0.17903$ & $0.194942$ & $-0.0250544$ & $-0.0291633$ & $-0.210438$ & $0.119869$ & $0.120363$ & $-0.0687711$ & $-0.117105$ & $-0.0851435$ & $0.178211$ & $0.0354948$ & $0.207142$ & $0.21645$ & $-0.0537033$ & $-0.135953$ & $-0.139448$ & $0.134342$ & $0.0939481$ & $0.0918263$ & $-0.103706$ & $-0.049249$ & $-0.186615$ & $-0.0361243$ & $-0.331236$ & $0.00710608$ & $-0.00584047$ & $0.00194227$ & $-0.00184767$ & $-0.200577$ & $0.00961791$ & $-0.0940803$ & $0.179947$ & $0.0571203$ & $0.0975893$ & $0.0151068$ & $-0.449272$ & $0.171535$ & $-0.515599$ & $0.0207262$ & $1$ & $0.0831034$ & $-0.301718$ & $0.347281$ & $-0.204532$ & $0.028594$ & $-0.105521$ \\
eHmumuint & $-0.30439$ & $-0.185825$ & $-0.220729$ & $-0.28611$ & $-0.0125512$ & $-0.00266694$ & $-0.290983$ & $0.0795499$ & $0.0682961$ & $-0.0691998$ & $-0.0854601$ & $-0.0337457$ & $0.15535$ & $0.0241813$ & $0.170872$ & $0.196446$ & $-0.0202299$ & $-0.0940228$ & $-0.113129$ & $0.105364$ & $0.065046$ & $0.0638289$ & $-0.0962591$ & $-0.0403994$ & $-0.161104$ & $-0.056827$ & $-0.392207$ & $-0.041969$ & $0.0589922$ & $0.0308141$ & $0.0513205$ & $-0.282085$ & $0.147438$ & $-0.0905781$ & $-0.0800529$ & $0.0179788$ & $-0.0169194$ & $-0.112604$ & $-0.0561462$ & $0.0671896$ & $-0.240395$ & $-0.116064$ & $0.0831034$ & $1$ & $0.240398$ & $0.139394$ & $-0.267558$ & $0.110257$ & $0.505428$ \\
eHtautauint & $-0.479443$ & $-0.0195166$ & $-0.123831$ & $-0.159165$ & $0.0162734$ & $0.0410822$ & $0.0325371$ & $-0.0974261$ & $-0.095142$ & $0.0417096$ & $0.107005$ & $0.0690952$ & $-0.0483137$ & $-0.0653289$ & $-0.0728569$ & $-0.034371$ & $-0.00482315$ & $0.0320226$ & $-0.00186511$ & $-0.10271$ & $-0.106543$ & $-0.104232$ & $-0.0327647$ & $0.0338221$ & $-0.0218362$ & $0.0700613$ & $-0.13863$ & $-0.016663$ & $0.0841731$ & $-0.0264547$ & $-0.0666164$ & $0.0106026$ & $-0.0168139$ & $-0.0167147$ & $-0.0232887$ & $-0.103906$ & $0.0820924$ & $-0.101149$ & $0.525613$ & $0.0194624$ & $0.338352$ & $-0.133528$ & $-0.301718$ & $0.240398$ & $1$ & $-0.04318$ & $0.0087296$ & $-0.0211658$ & $0.341239$ \\
eHccint & $0.0509757$ & $-0.135059$ & $0.112628$ & $0.400655$ & $-0.0507968$ & $-0.0820686$ & $-0.14772$ & $-0.0425677$ & $-0.0514651$ & $0.0960867$ & $-0.00950897$ & $0.055619$ & $0.0115605$ & $0.0627732$ & $0.0898092$ & $-0.0225831$ & $0.104107$ & $0.0303459$ & $0.108488$ & $0.0164756$ & $0.00124747$ & $-0.00188153$ & $0.0420575$ & $0.116712$ & $0.0878603$ & $-0.0438586$ & $-0.039141$ & $-0.0025239$ & $0.0561727$ & $-0.0446108$ & $0.0172395$ & $-0.14675$ & $-0.0266379$ & $-0.125334$ & $-0.0175412$ & $-0.179538$ & $0.503387$ & $-0.0577607$ & $-0.284989$ & $-0.116246$ & $-0.0104496$ & $-0.440443$ & $0.347281$ & $0.139394$ & $-0.04318$ & $1$ & $-0.43335$ & $0.0422317$ & $0.00995117$ \\
eHccpar & $-0.00416597$ & $0.0874414$ & $0.00391369$ & $-0.172765$ & $0.0422536$ & $0.0929087$ & $0.0620825$ & $0.146891$ & $0.144272$ & $-0.136828$ & $-0.0899796$ & $-0.114359$ & $-0.0201402$ & $-0.0167321$ & $-0.176233$ & $-0.0765671$ & $-0.110275$ & $0.00866589$ & $-0.0562851$ & $0.0641126$ & $0.118143$ & $0.121063$ & $0.0125747$ & $-0.163468$ & $-0.0105827$ & $-0.020201$ & $0.424171$ & $0.0562482$ & $-0.0178072$ & $0.00992422$ & $0.0148243$ & $0.0581909$ & $-0.0189536$ & $0.289426$ & $-0.0155468$ & $0.265626$ & $-0.0301061$ & $0.184877$ & $-0.013725$ & $0.136193$ & $0.142396$ & $0.153713$ & $-0.204532$ & $-0.267558$ & $0.0087296$ & $-0.43335$ & $1$ & $-0.0725578$ & $0.0553587$ \\
eHbbint & $0.153759$ & $-0.421663$ & $-0.296645$ & $0.0248015$ & $-0.0505312$ & $-0.0247119$ & $-0.0387633$ & $-0.148089$ & $-0.147532$ & $0.0261411$ & $0.125309$ & $0.0418536$ & $-0.0535539$ & $-0.0030124$ & $0.00942346$ & $-0.0598054$ & $0.033414$ & $0.0333334$ & $0.080457$ & $-0.119334$ & $-0.137176$ & $-0.138139$ & $-0.0952001$ & $0.113391$ & $0.00346367$ & $0.107381$ & $-0.249587$ & $-0.0750174$ & $0.0716812$ & $0.0795695$ & $0.0256393$ & $-0.0280025$ & $0.0707922$ & $-0.160226$ & $0.366318$ & $-0.352012$ & $-0.505259$ & $0.0851834$ & $0.20096$ & $-0.0508341$ & $-0.185721$ & $0.125876$ & $0.028594$ & $0.110257$ & $-0.0211658$ & $0.0422317$ & $-0.0725578$ & $1$ & $-0.263622$ \\
eHbbpar & $-0.220272$ & $0.174095$ & $0.103514$ & $-0.201029$ & $0.022265$ & $0.0987463$ & $-0.164622$ & $0.0800589$ & $0.0721609$ & $-0.0873389$ & $-0.0376509$ & $-0.0539801$ & $0.142346$ & $-0.0423917$ & $-0.00760925$ & $0.103635$ & $-0.10969$ & $-0.0665458$ & $-0.148597$ & $0.0436535$ & $0.0360876$ & $0.0379951$ & $-0.00371214$ & $-0.0997509$ & $-0.118385$ & $-0.0418279$ & $-0.0439252$ & $-0.0373382$ & $0.0291647$ & $0.0319377$ & $0.0402986$ & $-0.16255$ & $0.140472$ & $0.075239$ & $-0.351003$ & $0.367746$ & $0.284357$ & $-0.238735$ & $-0.250268$ & $-0.185011$ & $0.00365379$ & $0.0572315$ & $-0.105521$ & $0.505428$ & $0.341239$ & $0.00995117$ & $0.0553587$ & $-0.263622$ & $1$ \\
