 & AlsMz & dAle5Mz & mtop & mHl & Mz & CW & CHG & CHWB & CHWHB_gaga & CHWHB_gagaorth & CHD & CHbox & CH & CHL1_11 & CHL1_22 & CHL1_33 & CHL3_11 & CHL3_22 & CHL3_33 & CHe_11 & CHe_22 & CHe_33 & CHQ1_11 & CHQ1_33 & CHQ3_11 & CHu_11 & CHd_11 & CHd_33 & CeH_22r & CeH_33r & CuH_22r & CuH_33r & CdH_33r & CLL_1221 & eHggint & eHggpar & eHWWint & eHWWpar & eHZZint & eHZZpar & eHZgaint & eHZgapar & eHgagaint & eHmumuint & eHtautauint & eHccint & eHccpar & eHbbint & eHbbpar \\
AlsMz & $1$ & $-0.0295989$ & $0.0159752$ & $-0.047621$ & $-0.00576018$ & $-0.00925761$ & $-0.0046451$ & $-0.00973135$ & $-0.014546$ & $-0.000687153$ & $-0.00955953$ & $-0.00892364$ & $0.00895908$ & $0.0198059$ & $-5.49701e-05$ & $0.00992097$ & $0.0246695$ & $0.0269779$ & $0.0219745$ & $0.00340051$ & $0.00146694$ & $0.00247982$ & $-0.0245395$ & $-0.0258876$ & $-0.0745617$ & $-0.0241824$ & $-0.0418027$ & $0.00484125$ & $-0.00580778$ & $0.01006$ & $-0.014683$ & $-0.0132385$ & $8.48547e-05$ & $-0.0102254$ & $0.00611126$ & $-0.0295123$ & $0.0195373$ & $0.00377495$ & $0.0208998$ & $0.0103088$ & $-4.75654e-05$ & $-0.0252093$ & $-0.0197387$ & $-0.0207183$ & $0.0550019$ & $0.0115843$ & $-0.0276765$ & $0.0265052$ & $-0.00693964$ \\
dAle5Mz & $-0.0295989$ & $1$ & $-0.0238717$ & $0.0156878$ & $-0.00694347$ & $0.0093261$ & $-0.0313679$ & $-0.0733754$ & $-0.0700347$ & $0.0326006$ & $0.0566899$ & $-0.0194165$ & $0.0206708$ & $-0.0238484$ & $-0.0238948$ & $-0.0367441$ & $0.01347$ & $0.0130223$ & $0.0238068$ & $-0.0380533$ & $-0.0361125$ & $-0.0361683$ & $0.0153242$ & $0.022308$ & $0.027197$ & $0.0210521$ & $0.0117656$ & $-0.0248499$ & $0.0184305$ & $0.0270497$ & $0.0422706$ & $-0.0262176$ & $0.0289762$ & $0.0164985$ & $-0.0596922$ & $0.0431169$ & $-0.0489323$ & $0.0135107$ & $0.0847073$ & $-0.0157814$ & $-0.0126084$ & $0.00868302$ & $0.0209032$ & $0.00916601$ & $0.0554384$ & $0.0154276$ & $0.0469969$ & $-0.0125793$ & $0.00206844$ \\
mtop & $0.0159752$ & $-0.0238717$ & $1$ & $-0.057378$ & $0.0211421$ & $0.00216796$ & $-0.00533677$ & $-0.0300767$ & $-0.0318256$ & $0.00814209$ & $0.0208829$ & $-0.00549093$ & $0.00292482$ & $0.00905202$ & $0.00368769$ & $0.0116794$ & $0.0289227$ & $0.026017$ & $0.0195273$ & $-0.0131732$ & $-0.0179138$ & $-0.0178245$ & $-0.0144561$ & $0.0440314$ & $0.032588$ & $0.0169138$ & $-0.0154539$ & $-0.019536$ & $0.00282686$ & $0.00675403$ & $-0.00724974$ & $-0.00492015$ & $0.0069487$ & $-0.029092$ & $-0.0343465$ & $-0.0167615$ & $0.00838748$ & $0.0145287$ & $-0.0118717$ & $0.00701497$ & $0.0149843$ & $0.00635574$ & $0.0116922$ & $0.0255159$ & $-0.055674$ & $0.0664149$ & $-0.0676182$ & $-0.00255059$ & $-0.00213947$ \\
mHl & $-0.047621$ & $0.0156878$ & $-0.057378$ & $1$ & $-0.021657$ & $-0.00274996$ & $-0.0124125$ & $0.00644793$ & $0.00747981$ & $-0.00817864$ & $-0.00761355$ & $-0.0147294$ & $0.0132355$ & $0.00151113$ & $0.00432468$ & $-0.000412088$ & $0.00605638$ & $-0.00082185$ & $0.000305661$ & $0.00732368$ & $0.00804925$ & $0.00482649$ & $0.00500524$ & $-0.0026666$ & $0.00809328$ & $-0.00480588$ & $0.00943052$ & $-0.006748$ & $0.000941611$ & $0.0203394$ & $0.0148229$ & $-0.00895061$ & $0.0491818$ & $0.00549497$ & $-0.0131374$ & $0.014015$ & $-0.0622586$ & $0.00426373$ & $-0.00544142$ & $-0.00114224$ & $0.0251077$ & $-0.0232747$ & $0.00599053$ & $0.0343103$ & $-0.0297929$ & $-0.0464387$ & $0.0456837$ & $0.0241434$ & $0.0884442$ \\
Mz & $-0.00576018$ & $-0.00694347$ & $0.0211421$ & $-0.021657$ & $1$ & $0.00409039$ & $0.00609961$ & $-0.000772617$ & $-0.00241903$ & $0.00228639$ & $0.0148533$ & $0.0103361$ & $-0.00951247$ & $-0.00740888$ & $-0.00329631$ & $0.00172526$ & $-0.0101384$ & $-0.00979775$ & $-0.0136658$ & $-0.00757504$ & $-0.00370152$ & $-0.0052341$ & $0.00181411$ & $-0.00459801$ & $-0.0113746$ & $0.00233783$ & $-0.00117914$ & $0.0176454$ & $-0.0287424$ & $-0.00972202$ & $-0.0200265$ & $-0.000619498$ & $-0.0107549$ & $6.96163e-05$ & $0.0037163$ & $-0.00991643$ & $-0.00794255$ & $0.0221961$ & $-0.0272694$ & $0.000851255$ & $0.0281368$ & $-0.0199183$ & $-0.00946553$ & $0.0266273$ & $-0.00485196$ & $0.0127498$ & $-0.0174523$ & $0.0326518$ & $-0.017745$ \\
CW & $-0.00925761$ & $0.0093261$ & $0.00216796$ & $-0.00274996$ & $0.00409039$ & $1$ & $0.042237$ & $-0.0571032$ & $-0.0546407$ & $0.026733$ & $0.167017$ & $0.0643111$ & $-0.0526001$ & $-0.0359856$ & $-0.0802177$ & $-0.0739624$ & $-0.37463$ & $-0.172533$ & $-0.178974$ & $-0.163212$ & $-0.171565$ & $-0.170847$ & $-0.0197726$ & $-0.106518$ & $-0.211152$ & $0.119082$ & $-0.0808762$ & $-0.0604154$ & $-0.0229348$ & $-0.0469471$ & $-0.0151929$ & $0.0417569$ & $-0.0437749$ & $-0.118446$ & $-0.0254507$ & $0.0214816$ & $0.0173099$ & $-0.00535569$ & $-0.0111596$ & $-0.00470377$ & $-0.0256686$ & $0.0187544$ & $0.0326793$ & $5.57396e-05$ & $-0.00547642$ & $0.0156765$ & $-0.00463936$ & $0.0167714$ & $0.00210741$ \\
CHG & $-0.0046451$ & $-0.0313679$ & $-0.00533677$ & $-0.0124125$ & $0.00609961$ & $0.042237$ & $1$ & $-0.0402643$ & $-0.0217271$ & $0.189719$ & $0.0974376$ & $0.766289$ & $-0.78251$ & $-0.122135$ & $-0.0423236$ & $-0.0496522$ & $-0.117742$ & $-0.0941915$ & $-0.089059$ & $-0.0955133$ & $-0.0970995$ & $-0.0924725$ & $-0.0271186$ & $-0.0565683$ & $-0.100851$ & $0.0902272$ & $-0.024042$ & $-0.0573807$ & $-0.116782$ & $-0.582343$ & $-0.357653$ & $0.951341$ & $-0.602174$ & $-0.0128294$ & $-0.125144$ & $-0.0204536$ & $0.065216$ & $-0.00517699$ & $0.0147319$ & $0.0226393$ & $-0.0124233$ & $-0.00182551$ & $0.0181304$ & $0.0237003$ & $0.0026819$ & $-0.0131837$ & $0.0309866$ & $0.00237201$ & $-0.0019942$ \\
CHWB & $-0.00973135$ & $-0.0733754$ & $-0.0300767$ & $0.00644793$ & $-0.000772617$ & $-0.0571032$ & $-0.0402643$ & $1$ & $0.989474$ & $-0.541162$ & $-0.875079$ & $-0.0725799$ & $0.0356496$ & $0.274413$ & $0.465169$ & $0.445893$ & $-0.211517$ & $-0.402755$ & $-0.396406$ & $0.858764$ & $0.888173$ & $0.879122$ & $0.0351915$ & $-0.628084$ & $-0.365065$ & $-0.61585$ & $0.404045$ & $0.386087$ & $0.0201185$ & $0.0369371$ & $0.045465$ & $-0.0522983$ & $0.0437843$ & $0.525581$ & $-0.0214644$ & $-0.0203998$ & $-0.0209558$ & $-0.0155061$ & $-0.0140131$ & $-0.00970987$ & $0.0245361$ & $-0.0200429$ & $-0.00397682$ & $0.0116761$ & $0.0148339$ & $-0.000155332$ & $0.0163386$ & $0.00424724$ & $0.00165208$ \\
CHWHB_gaga & $-0.014546$ & $-0.0700347$ & $-0.0318256$ & $0.00747981$ & $-0.00241903$ & $-0.0546407$ & $-0.0217271$ & $0.989474$ & $1$ & $-0.539258$ & $-0.863168$ & $-0.0779635$ & $0.0431507$ & $0.266438$ & $0.458506$ & $0.439814$ & $-0.214533$ & $-0.402974$ & $-0.3969$ & $0.847165$ & $0.876439$ & $0.867636$ & $0.0354995$ & $-0.62395$ & $-0.36497$ & $-0.608659$ & $0.401063$ & $0.382453$ & $0.0278001$ & $0.0579394$ & $0.0578113$ & $-0.0357282$ & $0.0647193$ & $0.521437$ & $-0.0342684$ & $-0.0220044$ & $-0.0305244$ & $-0.0162242$ & $-0.0218961$ & $-0.0105756$ & $0.0233237$ & $-0.019091$ & $0.0522691$ & $0.0125745$ & $0.00804935$ & $-0.0041035$ & $0.0152554$ & $0.00701543$ & $-0.00255168$ \\
CHWHB_gagaorth & $-0.000687153$ & $0.0326006$ & $0.00814209$ & $-0.00817864$ & $0.00228639$ & $0.026733$ & $0.189719$ & $-0.541162$ & $-0.539258$ & $1$ & $0.465843$ & $0.321483$ & $-0.246895$ & $-0.137028$ & $-0.246532$ & $-0.23586$ & $0.132352$ & $0.231391$ & $0.22843$ & $-0.456626$ & $-0.473435$ & $-0.467671$ & $-0.0275093$ & $0.350792$ & $0.213501$ & $0.337652$ & $-0.217362$ & $-0.203801$ & $-0.0496021$ & $-0.227068$ & $-0.147938$ & $0.20557$ & $-0.244126$ & $-0.286088$ & $0.0361364$ & $0.0315386$ & $0.0463861$ & $0.00584121$ & $0.0183841$ & $0.017739$ & $-0.0666228$ & $0.00327205$ & $-0.00626277$ & $0.00310704$ & $0.00572215$ & $0.0175307$ & $-0.00777314$ & $0.00426924$ & $-0.00627844$ \\
CHD & $-0.00955953$ & $0.0566899$ & $0.0208829$ & $-0.00761355$ & $0.0148533$ & $0.167017$ & $0.0974376$ & $-0.875079$ & $-0.863168$ & $0.465843$ & $1$ & $0.152633$ & $-0.103779$ & $-0.663896$ & $-0.576297$ & $-0.558965$ & $-0.25874$ & $-0.0197362$ & $-0.0259929$ & $-0.994879$ & $-0.994916$ & $-0.98361$ & $0.0217758$ & $0.217678$ & $-0.0651322$ & $0.691456$ & $-0.279117$ & $-0.436314$ & $-0.0312643$ & $-0.0945315$ & $-0.0727752$ & $0.113028$ & $-0.105257$ & $-0.326578$ & $0.016955$ & $0.0244305$ & $0.0194583$ & $0.0162871$ & $0.00964117$ & $0.0171113$ & $-0.0198395$ & $0.0132849$ & $0.0102997$ & $-0.0156706$ & $-0.0248976$ & $-0.0102697$ & $-0.0063605$ & $0.00230253$ & $-0.00114633$ \\
CHbox & $-0.00892364$ & $-0.0194165$ & $-0.00549093$ & $-0.0147294$ & $0.0103361$ & $0.0643111$ & $0.766289$ & $-0.0725799$ & $-0.0779635$ & $0.321483$ & $0.152633$ & $1$ & $-0.982144$ & $-0.180095$ & $-0.0623016$ & $-0.0718181$ & $-0.167636$ & $-0.132517$ & $-0.12502$ & $-0.148183$ & $-0.152328$ & $-0.147151$ & $-0.0331027$ & $-0.0763666$ & $-0.136354$ & $0.136915$ & $-0.0378696$ & $-0.0904812$ & $-0.183242$ & $-0.687983$ & $-0.409888$ & $0.691073$ & $-0.701148$ & $-0.0299808$ & $-0.126972$ & $-0.0156789$ & $0.0799598$ & $-0.00498071$ & $0.016264$ & $0.0352548$ & $-0.0215393$ & $-0.00109432$ & $0.0197775$ & $0.0258393$ & $0.0130177$ & $-0.0144549$ & $0.022967$ & $0.00754224$ & $-0.0006951$ \\
CH & $0.00895908$ & $0.0206708$ & $0.00292482$ & $0.0132355$ & $-0.00951247$ & $-0.0526001$ & $-0.78251$ & $0.0356496$ & $0.0431507$ & $-0.246895$ & $-0.103779$ & $-0.982144$ & $1$ & $0.138916$ & $0.0417441$ & $0.0537402$ & $0.141623$ & $0.116372$ & $0.107447$ & $0.101022$ & $0.102949$ & $0.0986598$ & $0.0283957$ & $0.0774154$ & $0.118864$ & $-0.100237$ & $0.0186978$ & $0.0687955$ & $0.189327$ & $0.714488$ & $0.421509$ & $-0.696142$ & $0.726881$ & $0.0111663$ & $0.144614$ & $0.0245408$ & $-0.0770181$ & $0.00419656$ & $-0.0169529$ & $-0.03241$ & $0.0121366$ & $0.000945794$ & $-0.0199382$ & $-0.0252499$ & $-0.0160121$ & $0.0167463$ & $-0.0210327$ & $-0.00434266$ & $-0.00301853$ \\
CHL1_11 & $0.0198059$ & $-0.0238484$ & $0.00905202$ & $0.00151113$ & $-0.00740888$ & $-0.0359856$ & $-0.122135$ & $0.274413$ & $0.266438$ & $-0.137028$ & $-0.663896$ & $-0.180095$ & $0.138916$ & $1$ & $0.410299$ & $0.399977$ & $0.633282$ & $0.585628$ & $0.590194$ & $0.674078$ & $0.636059$ & $0.625318$ & $-0.0906825$ & $0.437435$ & $0.589721$ & $-0.447717$ & $-0.0478219$ & $0.28814$ & $0.0256392$ & $0.120262$ & $0.0758835$ & $-0.135799$ & $0.133111$ & $-0.168917$ & $0.0028197$ & $-0.0127321$ & $5.9983e-05$ & $-0.0115312$ & $-0.00409201$ & $-0.0210451$ & $-0.00629477$ & $0.008021$ & $-0.0101521$ & $0.0183085$ & $0.0289744$ & $0.0265219$ & $-0.00770446$ & $-0.00529441$ & $0.00557282$ \\
CHL1_22 & $-5.49701e-05$ & $-0.0238948$ & $0.00368769$ & $0.00432468$ & $-0.00329631$ & $-0.0802177$ & $-0.0423236$ & $0.465169$ & $0.458506$ & $-0.246532$ & $-0.576297$ & $-0.0623016$ & $0.0417441$ & $0.410299$ & $1$ & $0.534448$ & $0.166964$ & $-0.315314$ & $-0.00434279$ & $0.618491$ & $0.520335$ & $0.513063$ & $-0.186201$ & $0.0287621$ & $-0.0751634$ & $-0.359044$ & $-0.297428$ & $0.230841$ & $0.0176461$ & $0.0450058$ & $0.0282853$ & $-0.0509509$ & $0.0457691$ & $-0.466914$ & $-0.0113045$ & $-0.00741956$ & $-0.0143595$ & $-0.00906647$ & $-0.00926387$ & $-0.013284$ & $0.019012$ & $-0.00900226$ & $-0.00393257$ & $0.0134406$ & $0.0241067$ & $0.0185335$ & $-0.0150223$ & $-0.0155392$ & $-0.00168066$ \\
CHL1_33 & $0.00992097$ & $-0.0367441$ & $0.0116794$ & $-0.000412088$ & $0.00172526$ & $-0.0739624$ & $-0.0496522$ & $0.445893$ & $0.439814$ & $-0.23586$ & $-0.558965$ & $-0.0718181$ & $0.0537402$ & $0.399977$ & $0.534448$ & $1$ & $0.174253$ & $0.00408258$ & $-0.300304$ & $0.601025$ & $0.503794$ & $0.516288$ & $-0.175842$ & $0.0415732$ & $-0.0633716$ & $-0.34727$ & $-0.293687$ & $0.225658$ & $0.0133585$ & $0.054841$ & $0.0341915$ & $-0.0538919$ & $0.0603624$ & $-0.0297035$ & $-0.00434403$ & $-0.0312626$ & $-0.0031066$ & $-0.0071127$ & $-0.00393109$ & $-0.0168826$ & $0.0148173$ & $0.0104686$ & $-0.00169318$ & $0.0112477$ & $0.0167731$ & $0.0274976$ & $-0.0104264$ & $-0.00568897$ & $-0.00901304$ \\
CHL3_11 & $0.0246695$ & $0.01347$ & $0.0289227$ & $0.00605638$ & $-0.0101384$ & $-0.37463$ & $-0.117742$ & $-0.211517$ & $-0.214533$ & $0.132352$ & $-0.25874$ & $-0.167636$ & $0.141623$ & $0.633282$ & $0.166964$ & $0.174253$ & $1$ & $0.819739$ & $0.818082$ & $0.269412$ & $0.237022$ & $0.232843$ & $-0.0724572$ & $0.746323$ & $0.851412$ & $-0.165822$ & $-0.130315$ & $0.106813$ & $0.0271881$ & $0.118313$ & $0.0551391$ & $-0.124565$ & $0.125843$ & $-0.229652$ & $0.0058763$ & $-0.0111554$ & $-0.00652858$ & $8.04952e-05$ & $0.00733152$ & $-0.0134836$ & $0.00166276$ & $0.0058176$ & $-0.0168387$ & $0.00439149$ & $0.0119898$ & $0.0112335$ & $-0.0171646$ & $-0.0148118$ & $-0.000983261$ \\
CHL3_22 & $0.0269779$ & $0.0130223$ & $0.026017$ & $-0.00082185$ & $-0.00979775$ & $-0.172533$ & $-0.0941915$ & $-0.402755$ & $-0.402974$ & $0.231391$ & $-0.0197362$ & $-0.132517$ & $0.116372$ & $0.585628$ & $-0.315314$ & $0.00408258$ & $0.819739$ & $1$ & $0.785918$ & $0.0182419$ & $0.016422$ & $0.0163488$ & $-0.00664676$ & $0.739584$ & $0.864688$ & $-0.0152602$ & $-0.0416691$ & $0.013427$ & $0.0132739$ & $0.0932542$ & $0.0436366$ & $-0.0976746$ & $0.101646$ & $-0.0546082$ & $0.0137724$ & $-0.00724381$ & $0.0106053$ & $0.00152749$ & $0.0100532$ & $-0.00815879$ & $-0.0180753$ & $0.0172569$ & $-0.0112541$ & $0.00262462$ & $0.00586089$ & $0.0120506$ & $-0.0108488$ & $-0.00341711$ & $0.00022199$ \\
CHL3_33 & $0.0219745$ & $0.0238068$ & $0.0195273$ & $0.000305661$ & $-0.0136658$ & $-0.178974$ & $-0.089059$ & $-0.396406$ & $-0.3969$ & $0.22843$ & $-0.0259929$ & $-0.12502$ & $0.107447$ & $0.590194$ & $-0.00434279$ & $-0.300304$ & $0.818082$ & $0.785918$ & $1$ & $0.0246419$ & $0.0230319$ & $0.0217396$ & $-0.011149$ & $0.7351$ & $0.862873$ & $-0.0200727$ & $-0.0411045$ & $0.0138502$ & $0.017189$ & $0.0869578$ & $0.0408074$ & $-0.0949996$ & $0.0926031$ & $-0.354754$ & $0.00710094$ & $0.0068736$ & $0.00405198$ & $-0.000967131$ & $0.00562523$ & $-0.00489069$ & $-0.0161875$ & $0.00579755$ & $-0.0121675$ & $0.0031102$ & $0.0105274$ & $0.00710783$ & $-0.0151373$ & $-0.00861621$ & $0.00524602$ \\
CHe_11 & $0.00340051$ & $-0.0380533$ & $-0.0131732$ & $0.00732368$ & $-0.00757504$ & $-0.163212$ & $-0.0955133$ & $0.858764$ & $0.847165$ & $-0.456626$ & $-0.994879$ & $-0.148183$ & $0.101022$ & $0.674078$ & $0.618491$ & $0.601025$ & $0.269412$ & $0.0182419$ & $0.0246419$ & $1$ & $0.985032$ & $0.974289$ & $-0.0416848$ & $-0.18534$ & $0.0691767$ & $-0.683358$ & $0.226203$ & $0.431749$ & $0.03029$ & $0.0935498$ & $0.0711501$ & $-0.110527$ & $0.103712$ & $0.270785$ & $-0.0185368$ & $-0.0233699$ & $-0.0190259$ & $-0.0152061$ & $-0.00771161$ & $-0.0168063$ & $0.0184951$ & $-0.0115071$ & $-0.00976329$ & $0.0164442$ & $0.0266745$ & $0.0136787$ & $0.00327137$ & $-0.00335517$ & $-0.000547028$ \\
CHe_22 & $0.00146694$ & $-0.0361125$ & $-0.0179138$ & $0.00804925$ & $-0.00370152$ & $-0.171565$ & $-0.0970995$ & $0.888173$ & $0.876439$ & $-0.473435$ & $-0.994916$ & $-0.152328$ & $0.102949$ & $0.636059$ & $0.520335$ & $0.503794$ & $0.237022$ & $0.016422$ & $0.0230319$ & $0.985032$ & $1$ & $0.98662$ & $0.00216377$ & $-0.258359$ & $0.0566228$ & $-0.694457$ & $0.341636$ & $0.436507$ & $0.0316792$ & $0.0937435$ & $0.0740161$ & $-0.112494$ & $0.104728$ & $0.393733$ & $-0.0194829$ & $-0.0218324$ & $-0.0216561$ & $-0.0154035$ & $-0.00885838$ & $-0.016833$ & $0.0197265$ & $-0.014713$ & $-0.00980079$ & $0.0155225$ & $0.0242071$ & $0.00817053$ & $0.00894975$ & $-0.000417247$ & $0.00164288$ \\
CHe_33 & $0.00247982$ & $-0.0361683$ & $-0.0178245$ & $0.00482649$ & $-0.0052341$ & $-0.170847$ & $-0.0924725$ & $0.879122$ & $0.867636$ & $-0.467671$ & $-0.98361$ & $-0.147151$ & $0.0986598$ & $0.625318$ & $0.513063$ & $0.516288$ & $0.232843$ & $0.0163488$ & $0.0217396$ & $0.974289$ & $0.98662$ & $1$ & $0.00174146$ & $-0.256787$ & $0.0548838$ & $-0.68585$ & $0.338385$ & $0.430489$ & $0.0314987$ & $0.0898138$ & $0.071254$ & $-0.107537$ & $0.100221$ & $0.393658$ & $-0.0193131$ & $-0.0248433$ & $-0.0162563$ & $-0.0160746$ & $-0.0122839$ & $-0.0167988$ & $0.0174565$ & $-0.0127872$ & $-0.0061328$ & $0.0142595$ & $0.0222551$ & $0.0084589$ & $0.0077107$ & $-0.00298138$ & $0.0019771$ \\
CHQ1_11 & $-0.0245395$ & $0.0153242$ & $-0.0144561$ & $0.00500524$ & $0.00181411$ & $-0.0197726$ & $-0.0271186$ & $0.0351915$ & $0.0354995$ & $-0.0275093$ & $0.0217758$ & $-0.0331027$ & $0.0283957$ & $-0.0906825$ & $-0.186201$ & $-0.175842$ & $-0.0724572$ & $-0.00664676$ & $-0.011149$ & $-0.0416848$ & $0.00216377$ & $0.00174146$ & $1$ & $-0.127958$ & $0.0492059$ & $-0.56841$ & $0.350277$ & $-0.00691346$ & $-0.000143649$ & $0.0223$ & $0.0383965$ & $-0.0237559$ & $0.0197206$ & $0.210564$ & $-0.000919134$ & $0.0133337$ & $-0.01083$ & $0.00178656$ & $0.0126947$ & $-0.0124204$ & $-0.00282543$ & $0.00829897$ & $-0.00983767$ & $0.0092124$ & $-0.0133548$ & $-0.00506609$ & $0.0313748$ & $0.0194864$ & $0.000446744$ \\
CHQ1_33 & $-0.0258876$ & $0.022308$ & $0.0440314$ & $-0.0026666$ & $-0.00459801$ & $-0.106518$ & $-0.0565683$ & $-0.628084$ & $-0.62395$ & $0.350792$ & $0.217678$ & $-0.0763666$ & $0.0774154$ & $0.437435$ & $0.0287621$ & $0.0415732$ & $0.746323$ & $0.739584$ & $0.7351$ & $-0.18534$ & $-0.258359$ & $-0.256787$ & $-0.127958$ & $1$ & $0.745821$ & $0.178461$ & $-0.39777$ & $-0.0258229$ & $0.00145505$ & $0.0650103$ & $0.0184254$ & $-0.0536715$ & $0.067303$ & $-0.600083$ & $0.0198199$ & $0.00295082$ & $0.00801413$ & $0.0084809$ & $0.000495529$ & $-0.00801379$ & $-0.0191689$ & $0.018764$ & $0.000361438$ & $0.00163633$ & $0.00758309$ & $0.00896015$ & $-0.0207661$ & $-0.00914319$ & $-0.00496877$ \\
CHQ3_11 & $-0.0745617$ & $0.027197$ & $0.032588$ & $0.00809328$ & $-0.0113746$ & $-0.211152$ & $-0.100851$ & $-0.365065$ & $-0.36497$ & $0.213501$ & $-0.0651322$ & $-0.136354$ & $0.118864$ & $0.589721$ & $-0.0751634$ & $-0.0633716$ & $0.851412$ & $0.864688$ & $0.862873$ & $0.0691767$ & $0.0566228$ & $0.0548838$ & $0.0492059$ & $0.745821$ & $1$ & $-0.0370212$ & $0.136635$ & $0.0248226$ & $0.0236024$ & $0.0967453$ & $0.0482653$ & $-0.106233$ & $0.102968$ & $-0.228315$ & $0.014675$ & $0.00495286$ & $-0.00114346$ & $-0.00174647$ & $-0.00311754$ & $-0.0134765$ & $-0.00856696$ & $0.0156812$ & $-0.00840577$ & $0.0132851$ & $0.00423712$ & $0.0131317$ & $-0.0117593$ & $-0.00755103$ & $-0.00125983$ \\
CHu_11 & $-0.0241824$ & $0.0210521$ & $0.0169138$ & $-0.00480588$ & $0.00233783$ & $0.119082$ & $0.0902272$ & $-0.61585$ & $-0.608659$ & $0.337652$ & $0.691456$ & $0.136915$ & $-0.100237$ & $-0.447717$ & $-0.359044$ & $-0.34727$ & $-0.165822$ & $-0.0152602$ & $-0.0200727$ & $-0.683358$ & $-0.694457$ & $-0.68585$ & $-0.56841$ & $0.178461$ & $-0.0370212$ & $1$ & $-0.210182$ & $-0.300688$ & $-0.0249606$ & $-0.0883143$ & $-0.0700732$ & $0.0977997$ & $-0.0966544$ & $-0.27377$ & $0.0254181$ & $0.00692116$ & $0.0130999$ & $0.0141707$ & $-0.011424$ & $0.0152212$ & $-0.0184129$ & $0.00297616$ & $0.0113365$ & $-0.0178463$ & $-0.0110118$ & $-0.0109709$ & $-0.0196667$ & $-0.00456608$ & $-0.00703277$ \\
CHd_11 & $-0.0418027$ & $0.0117656$ & $-0.0154539$ & $0.00943052$ & $-0.00117914$ & $-0.0808762$ & $-0.024042$ & $0.404045$ & $0.401063$ & $-0.217362$ & $-0.279117$ & $-0.0378696$ & $0.0186978$ & $-0.0478219$ & $-0.297428$ & $-0.293687$ & $-0.130315$ & $-0.0416691$ & $-0.0411045$ & $0.226203$ & $0.341636$ & $0.338385$ & $0.350277$ & $-0.39777$ & $0.136635$ & $-0.210182$ & $1$ & $0.125551$ & $0.0159484$ & $0.0149132$ & $0.032565$ & $-0.0307251$ & $0.0162023$ & $0.684156$ & $-0.00156926$ & $0.00412305$ & $-0.0246157$ & $-0.00648887$ & $-0.0207129$ & $-0.00554375$ & $0.00938862$ & $-0.0141042$ & $0.00141849$ & $0.00985544$ & $-0.00183329$ & $-0.0201566$ & $0.0299455$ & $0.0197065$ & $-0.00172544$ \\
CHd_33 & $0.00484125$ & $-0.0248499$ & $-0.019536$ & $-0.006748$ & $0.0176454$ & $-0.0604154$ & $-0.0573807$ & $0.386087$ & $0.382453$ & $-0.203801$ & $-0.436314$ & $-0.0904812$ & $0.0687955$ & $0.28814$ & $0.230841$ & $0.225658$ & $0.106813$ & $0.013427$ & $0.0138502$ & $0.431749$ & $0.436507$ & $0.430489$ & $-0.00691346$ & $-0.0258229$ & $0.0248226$ & $-0.300688$ & $0.125551$ & $1$ & $-0.00318474$ & $0.0537694$ & $0.0544222$ & $-0.0605528$ & $0.0645691$ & $0.165498$ & $-0.0106881$ & $-0.0160289$ & $-0.00611271$ & $-0.0161287$ & $0.00428127$ & $-0.00162578$ & $0.010517$ & $-0.0024401$ & $-0.00568722$ & $0.01717$ & $0.00802989$ & $-0.000110386$ & $0.00420209$ & $-0.0111902$ & $-0.00361151$ \\
CeH_22r & $-0.00580778$ & $0.0184305$ & $0.00282686$ & $0.000941611$ & $-0.0287424$ & $-0.0229348$ & $-0.116782$ & $0.0201185$ & $0.0278001$ & $-0.0496021$ & $-0.0312643$ & $-0.183242$ & $0.189327$ & $0.0256392$ & $0.0176461$ & $0.0133585$ & $0.0271881$ & $0.0132739$ & $0.017189$ & $0.03029$ & $0.0316792$ & $0.0314987$ & $-0.000143649$ & $0.00145505$ & $0.0236024$ & $-0.0249606$ & $0.0159484$ & $-0.00318474$ & $1$ & $0.161077$ & $0.0940373$ & $-0.111929$ & $0.16261$ & $0.00899498$ & $-0.0143361$ & $-0.00041719$ & $-0.0273299$ & $-0.000101171$ & $0.00964513$ & $-0.00977311$ & $-0.0130203$ & $-0.00538346$ & $-0.0164998$ & $-0.00784908$ & $-0.00945404$ & $-0.00821421$ & $-0.0236999$ & $-0.0114461$ & $-0.0122241$ \\
CeH_33r & $0.01006$ & $0.0270497$ & $0.00675403$ & $0.0203394$ & $-0.00972202$ & $-0.0469471$ & $-0.582343$ & $0.0369371$ & $0.0579394$ & $-0.227068$ & $-0.0945315$ & $-0.687983$ & $0.714488$ & $0.120262$ & $0.0450058$ & $0.054841$ & $0.118313$ & $0.0932542$ & $0.0869578$ & $0.0935498$ & $0.0937435$ & $0.0898138$ & $0.0223$ & $0.0650103$ & $0.0967453$ & $-0.0883143$ & $0.0149132$ & $0.0537694$ & $0.161077$ & $1$ & $0.505306$ & $-0.440129$ & $0.82551$ & $0.00698884$ & $0.0605597$ & $0.0127542$ & $-0.183936$ & $-0.0103135$ & $-0.0158476$ & $-0.0248262$ & $0.0120823$ & $-0.00579717$ & $-0.032939$ & $-0.0206489$ & $0.031256$ & $0.00730909$ & $-0.0169247$ & $-0.00373274$ & $-0.0160002$ \\
CuH_22r & $-0.014683$ & $0.0422706$ & $-0.00724974$ & $0.0148229$ & $-0.0200265$ & $-0.0151929$ & $-0.357653$ & $0.045465$ & $0.0578113$ & $-0.147938$ & $-0.0727752$ & $-0.409888$ & $0.421509$ & $0.0758835$ & $0.0282853$ & $0.0341915$ & $0.0551391$ & $0.0436366$ & $0.0408074$ & $0.0711501$ & $0.0740161$ & $0.071254$ & $0.0383965$ & $0.0184254$ & $0.0482653$ & $-0.0700732$ & $0.032565$ & $0.0544222$ & $0.0940373$ & $0.505306$ & $1$ & $-0.258794$ & $0.520521$ & $0.0250673$ & $0.0456495$ & $0.0167725$ & $-0.118997$ & $0.00335684$ & $-0.000337153$ & $-0.0185252$ & $-0.0134864$ & $-0.0140456$ & $-0.032174$ & $0.00186031$ & $0.00755274$ & $0.0537428$ & $0.286082$ & $-0.0111772$ & $-0.010426$ \\
CuH_33r & $-0.0132385$ & $-0.0262176$ & $-0.00492015$ & $-0.00895061$ & $-0.000619498$ & $0.0417569$ & $0.951341$ & $-0.0522983$ & $-0.0357282$ & $0.20557$ & $0.113028$ & $0.691073$ & $-0.696142$ & $-0.135799$ & $-0.0509509$ & $-0.0538919$ & $-0.124565$ & $-0.0976746$ & $-0.0949996$ & $-0.110527$ & $-0.112494$ & $-0.107537$ & $-0.0237559$ & $-0.0536715$ & $-0.106233$ & $0.0977997$ & $-0.0307251$ & $-0.0605528$ & $-0.111929$ & $-0.440129$ & $-0.258794$ & $1$ & $-0.44195$ & $-0.0161409$ & $-0.0653285$ & $0.00560964$ & $0.0290842$ & $-0.0103095$ & $0.0270914$ & $0.0223763$ & $-0.0185567$ & $-0.00156027$ & $0.0135345$ & $0.0197032$ & $-0.00400454$ & $-0.00818614$ & $0.0300583$ & $0.00958515$ & $-0.00602617$ \\
CdH_33r & $8.48547e-05$ & $0.0289762$ & $0.0069487$ & $0.0491818$ & $-0.0107549$ & $-0.0437749$ & $-0.602174$ & $0.0437843$ & $0.0647193$ & $-0.244126$ & $-0.105257$ & $-0.701148$ & $0.726881$ & $0.133111$ & $0.0457691$ & $0.0603624$ & $0.125843$ & $0.101646$ & $0.0926031$ & $0.103712$ & $0.104728$ & $0.100221$ & $0.0197206$ & $0.067303$ & $0.102968$ & $-0.0966544$ & $0.0162023$ & $0.0645691$ & $0.16261$ & $0.82551$ & $0.520521$ & $-0.44195$ & $1$ & $0.0128591$ & $0.0707813$ & $0.00794$ & $-0.165409$ & $-0.00721551$ & $-0.0329883$ & $-0.0314146$ & $0.00592421$ & $-0.0015783$ & $-0.0441095$ & $-0.00549201$ & $-0.00244626$ & $-0.0217197$ & $-0.023159$ & $0.0870779$ & $0.288244$ \\
CLL_1221 & $-0.0102254$ & $0.0164985$ & $-0.029092$ & $0.00549497$ & $6.96163e-05$ & $-0.118446$ & $-0.0128294$ & $0.525581$ & $0.521437$ & $-0.286088$ & $-0.326578$ & $-0.0299808$ & $0.0111663$ & $-0.168917$ & $-0.466914$ & $-0.0297035$ & $-0.229652$ & $-0.0546082$ & $-0.354754$ & $0.270785$ & $0.393733$ & $0.393658$ & $0.210564$ & $-0.600083$ & $-0.228315$ & $-0.27377$ & $0.684156$ & $0.165498$ & $0.00899498$ & $0.00698884$ & $0.0250673$ & $-0.0161409$ & $0.0128591$ & $1$ & $-0.0162797$ & $-0.0135398$ & $-0.0169215$ & $-0.00499905$ & $0.00217607$ & $0.00148117$ & $0.0126463$ & $-0.0145838$ & $-0.00276634$ & $-0.00270673$ & $-0.00682445$ & $-0.0202225$ & $0.0333755$ & $0.0135925$ & $0.00260684$ \\
eHggint & $0.00611126$ & $-0.0596922$ & $-0.0343465$ & $-0.0131374$ & $0.0037163$ & $-0.0254507$ & $-0.125144$ & $-0.0214644$ & $-0.0342684$ & $0.0361364$ & $0.016955$ & $-0.126972$ & $0.144614$ & $0.0028197$ & $-0.0113045$ & $-0.00434403$ & $0.0058763$ & $0.0137724$ & $0.00710094$ & $-0.0185368$ & $-0.0194829$ & $-0.0193131$ & $-0.000919134$ & $0.0198199$ & $0.014675$ & $0.0254181$ & $-0.00156926$ & $-0.0106881$ & $-0.0143361$ & $0.0605597$ & $0.0456495$ & $-0.0653285$ & $0.0707813$ & $-0.0162797$ & $1$ & $-0.103091$ & $0.0423311$ & $-0.0144109$ & $-0.0405187$ & $-0.0167756$ & $-0.0690546$ & $-0.00340563$ & $0.0217062$ & $0.0331903$ & $0.0482357$ & $0.0579611$ & $-0.020881$ & $0.0574784$ & $0.0104013$ \\
eHggpar & $-0.0295123$ & $0.0431169$ & $-0.0167615$ & $0.014015$ & $-0.00991643$ & $0.0214816$ & $-0.0204536$ & $-0.0203998$ & $-0.0220044$ & $0.0315386$ & $0.0244305$ & $-0.0156789$ & $0.0245408$ & $-0.0127321$ & $-0.00741956$ & $-0.0312626$ & $-0.0111554$ & $-0.00724381$ & $0.0068736$ & $-0.0233699$ & $-0.0218324$ & $-0.0248433$ & $0.0133337$ & $0.00295082$ & $0.00495286$ & $0.00692116$ & $0.00412305$ & $-0.0160289$ & $-0.00041719$ & $0.0127542$ & $0.0167725$ & $0.00560964$ & $0.00794$ & $-0.0135398$ & $-0.103091$ & $1$ & $-0.0557268$ & $0.00853586$ & $0.00507051$ & $-0.0270424$ & $-0.0260967$ & $0.0205963$ & $0.00280556$ & $-0.0841554$ & $0.00534869$ & $-0.0104556$ & $0.0652393$ & $0.019691$ & $-0.0130546$ \\
eHWWint & $0.0195373$ & $-0.0489323$ & $0.00838748$ & $-0.0622586$ & $-0.00794255$ & $0.0173099$ & $0.065216$ & $-0.0209558$ & $-0.0305244$ & $0.0463861$ & $0.0194583$ & $0.0799598$ & $-0.0770181$ & $5.9983e-05$ & $-0.0143595$ & $-0.0031066$ & $-0.00652858$ & $0.0106053$ & $0.00405198$ & $-0.0190259$ & $-0.0216561$ & $-0.0162563$ & $-0.01083$ & $0.00801413$ & $-0.00114346$ & $0.0130999$ & $-0.0246157$ & $-0.00611271$ & $-0.0273299$ & $-0.183936$ & $-0.118997$ & $0.0290842$ & $-0.165409$ & $-0.0169215$ & $0.0423311$ & $-0.0557268$ & $1$ & $0.0139903$ & $-0.00883472$ & $0.0123616$ & $-0.0586706$ & $0.0186124$ & $0.0701574$ & $0.0085797$ & $0.00954253$ & $0.0267491$ & $0.00849611$ & $0.0108985$ & $0.0890257$ \\
eHWWpar & $0.00377495$ & $0.0135107$ & $0.0145287$ & $0.00426373$ & $0.0221961$ & $-0.00535569$ & $-0.00517699$ & $-0.0155061$ & $-0.0162242$ & $0.00584121$ & $0.0162871$ & $-0.00498071$ & $0.00419656$ & $-0.0115312$ & $-0.00906647$ & $-0.0071127$ & $8.04952e-05$ & $0.00152749$ & $-0.000967131$ & $-0.0152061$ & $-0.0154035$ & $-0.0160746$ & $0.00178656$ & $0.0084809$ & $-0.00174647$ & $0.0141707$ & $-0.00648887$ & $-0.0161287$ & $-0.000101171$ & $-0.0103135$ & $0.00335684$ & $-0.0103095$ & $-0.00721551$ & $-0.00499905$ & $-0.0144109$ & $0.00853586$ & $0.0139903$ & $1$ & $-0.00176268$ & $0.00672825$ & $0.0188402$ & $0.00687899$ & $-0.0209985$ & $-0.00777204$ & $0.0262225$ & $0.0181142$ & $0.00167035$ & $-0.0186014$ & $0.0165806$ \\
eHZZint & $0.0208998$ & $0.0847073$ & $-0.0118717$ & $-0.00544142$ & $-0.0272694$ & $-0.0111596$ & $0.0147319$ & $-0.0140131$ & $-0.0218961$ & $0.0183841$ & $0.00964117$ & $0.016264$ & $-0.0169529$ & $-0.00409201$ & $-0.00926387$ & $-0.00393109$ & $0.00733152$ & $0.0100532$ & $0.00562523$ & $-0.00771161$ & $-0.00885838$ & $-0.0122839$ & $0.0126947$ & $0.000495529$ & $-0.00311754$ & $-0.011424$ & $-0.0207129$ & $0.00428127$ & $0.00964513$ & $-0.0158476$ & $-0.000337153$ & $0.0270914$ & $-0.0329883$ & $0.00217607$ & $-0.0405187$ & $0.00507051$ & $-0.00883472$ & $-0.00176268$ & $1$ & $0.0132392$ & $-0.0087578$ & $0.00566182$ & $-0.0561895$ & $-0.0254356$ & $-0.00284146$ & $0.0466277$ & $0.0477386$ & $-0.0169869$ & $-0.0245132$ \\
eHZZpar & $0.0103088$ & $-0.0157814$ & $0.00701497$ & $-0.00114224$ & $0.000851255$ & $-0.00470377$ & $0.0226393$ & $-0.00970987$ & $-0.0105756$ & $0.017739$ & $0.0171113$ & $0.0352548$ & $-0.03241$ & $-0.0210451$ & $-0.013284$ & $-0.0168826$ & $-0.0134836$ & $-0.00815879$ & $-0.00489069$ & $-0.0168063$ & $-0.016833$ & $-0.0167988$ & $-0.0124204$ & $-0.00801379$ & $-0.0134765$ & $0.0152212$ & $-0.00554375$ & $-0.00162578$ & $-0.00977311$ & $-0.0248262$ & $-0.0185252$ & $0.0223763$ & $-0.0314146$ & $0.00148117$ & $-0.0167756$ & $-0.0270424$ & $0.0123616$ & $0.00672825$ & $0.0132392$ & $1$ & $-0.0189024$ & $0.00478708$ & $-0.00631938$ & $-0.0231027$ & $-0.0137511$ & $0.00747491$ & $-0.00136733$ & $0.0153963$ & $-0.0215225$ \\
eHZgaint & $-4.75654e-05$ & $-0.0126084$ & $0.0149843$ & $0.0251077$ & $0.0281368$ & $-0.0256686$ & $-0.0124233$ & $0.0245361$ & $0.0233237$ & $-0.0666228$ & $-0.0198395$ & $-0.0215393$ & $0.0121366$ & $-0.00629477$ & $0.019012$ & $0.0148173$ & $0.00166276$ & $-0.0180753$ & $-0.0161875$ & $0.0184951$ & $0.0197265$ & $0.0174565$ & $-0.00282543$ & $-0.0191689$ & $-0.00856696$ & $-0.0184129$ & $0.00938862$ & $0.010517$ & $-0.0130203$ & $0.0120823$ & $-0.0134864$ & $-0.0185567$ & $0.00592421$ & $0.0126463$ & $-0.0690546$ & $-0.0260967$ & $-0.0586706$ & $0.0188402$ & $-0.0087578$ & $-0.0189024$ & $1$ & $-0.017411$ & $-0.0142958$ & $-0.00896288$ & $-0.0629199$ & $-0.0536337$ & $-0.0243006$ & $0.0145393$ & $-0.0322892$ \\
eHZgapar & $-0.0252093$ & $0.00868302$ & $0.00635574$ & $-0.0232747$ & $-0.0199183$ & $0.0187544$ & $-0.00182551$ & $-0.0200429$ & $-0.019091$ & $0.00327205$ & $0.0132849$ & $-0.00109432$ & $0.000945794$ & $0.008021$ & $-0.00900226$ & $0.0104686$ & $0.0058176$ & $0.0172569$ & $0.00579755$ & $-0.0115071$ & $-0.014713$ & $-0.0127872$ & $0.00829897$ & $0.018764$ & $0.0156812$ & $0.00297616$ & $-0.0141042$ & $-0.0024401$ & $-0.00538346$ & $-0.00579717$ & $-0.0140456$ & $-0.00156027$ & $-0.0015783$ & $-0.0145838$ & $-0.00340563$ & $0.0205963$ & $0.0186124$ & $0.00687899$ & $0.00566182$ & $0.00478708$ & $-0.017411$ & $1$ & $0.0237527$ & $-0.0149574$ & $0.00792111$ & $0.0210303$ & $-0.0178547$ & $0.00626219$ & $-0.00161773$ \\
eHgagaint & $-0.0197387$ & $0.0209032$ & $0.0116922$ & $0.00599053$ & $-0.00946553$ & $0.0326793$ & $0.0181304$ & $-0.00397682$ & $0.0522691$ & $-0.00626277$ & $0.0102997$ & $0.0197775$ & $-0.0199382$ & $-0.0101521$ & $-0.00393257$ & $-0.00169318$ & $-0.0168387$ & $-0.0112541$ & $-0.0121675$ & $-0.00976329$ & $-0.00980079$ & $-0.0061328$ & $-0.00983767$ & $0.000361438$ & $-0.00840577$ & $0.0113365$ & $0.00141849$ & $-0.00568722$ & $-0.0164998$ & $-0.032939$ & $-0.032174$ & $0.0135345$ & $-0.0441095$ & $-0.00276634$ & $0.0217062$ & $0.00280556$ & $0.0701574$ & $-0.0209985$ & $-0.0561895$ & $-0.00631938$ & $-0.0142958$ & $0.0237527$ & $1$ & $0.0456125$ & $-0.0917292$ & $-0.0365091$ & $-0.0369506$ & $0.0490356$ & $-0.0717403$ \\
eHmumuint & $-0.0207183$ & $0.00916601$ & $0.0255159$ & $0.0343103$ & $0.0266273$ & $5.57396e-05$ & $0.0237003$ & $0.0116761$ & $0.0125745$ & $0.00310704$ & $-0.0156706$ & $0.0258393$ & $-0.0252499$ & $0.0183085$ & $0.0134406$ & $0.0112477$ & $0.00439149$ & $0.00262462$ & $0.0031102$ & $0.0164442$ & $0.0155225$ & $0.0142595$ & $0.0092124$ & $0.00163633$ & $0.0132851$ & $-0.0178463$ & $0.00985544$ & $0.01717$ & $-0.00784908$ & $-0.0206489$ & $0.00186031$ & $0.0197032$ & $-0.00549201$ & $-0.00270673$ & $0.0331903$ & $-0.0841554$ & $0.0085797$ & $-0.00777204$ & $-0.0254356$ & $-0.0231027$ & $-0.00896288$ & $-0.0149574$ & $0.0456125$ & $1$ & $0.0618687$ & $0.0549795$ & $-0.00422555$ & $0.11482$ & $0.00793217$ \\
eHtautauint & $0.0550019$ & $0.0554384$ & $-0.055674$ & $-0.0297929$ & $-0.00485196$ & $-0.00547642$ & $0.0026819$ & $0.0148339$ & $0.00804935$ & $0.00572215$ & $-0.0248976$ & $0.0130177$ & $-0.0160121$ & $0.0289744$ & $0.0241067$ & $0.0167731$ & $0.0119898$ & $0.00586089$ & $0.0105274$ & $0.0266745$ & $0.0242071$ & $0.0222551$ & $-0.0133548$ & $0.00758309$ & $0.00423712$ & $-0.0110118$ & $-0.00183329$ & $0.00802989$ & $-0.00945404$ & $0.031256$ & $0.00755274$ & $-0.00400454$ & $-0.00244626$ & $-0.00682445$ & $0.0482357$ & $0.00534869$ & $0.00954253$ & $0.0262225$ & $-0.00284146$ & $-0.0137511$ & $-0.0629199$ & $0.00792111$ & $-0.0917292$ & $0.0618687$ & $1$ & $0.0611552$ & $0.0192087$ & $-0.0321477$ & $0.0558056$ \\
eHccint & $0.0115843$ & $0.0154276$ & $0.0664149$ & $-0.0464387$ & $0.0127498$ & $0.0156765$ & $-0.0131837$ & $-0.000155332$ & $-0.0041035$ & $0.0175307$ & $-0.0102697$ & $-0.0144549$ & $0.0167463$ & $0.0265219$ & $0.0185335$ & $0.0274976$ & $0.0112335$ & $0.0120506$ & $0.00710783$ & $0.0136787$ & $0.00817053$ & $0.0084589$ & $-0.00506609$ & $0.00896015$ & $0.0131317$ & $-0.0109709$ & $-0.0201566$ & $-0.000110386$ & $-0.00821421$ & $0.00730909$ & $0.0537428$ & $-0.00818614$ & $-0.0217197$ & $-0.0202225$ & $0.0579611$ & $-0.0104556$ & $0.0267491$ & $0.0181142$ & $0.0466277$ & $0.00747491$ & $-0.0536337$ & $0.0210303$ & $-0.0365091$ & $0.0549795$ & $0.0611552$ & $1$ & $0.0117727$ & $-0.04211$ & $-0.0626292$ \\
eHccpar & $-0.0276765$ & $0.0469969$ & $-0.0676182$ & $0.0456837$ & $-0.0174523$ & $-0.00463936$ & $0.0309866$ & $0.0163386$ & $0.0152554$ & $-0.00777314$ & $-0.0063605$ & $0.022967$ & $-0.0210327$ & $-0.00770446$ & $-0.0150223$ & $-0.0104264$ & $-0.0171646$ & $-0.0108488$ & $-0.0151373$ & $0.00327137$ & $0.00894975$ & $0.0077107$ & $0.0313748$ & $-0.0207661$ & $-0.0117593$ & $-0.0196667$ & $0.0299455$ & $0.00420209$ & $-0.0236999$ & $-0.0169247$ & $0.286082$ & $0.0300583$ & $-0.023159$ & $0.0333755$ & $-0.020881$ & $0.0652393$ & $0.00849611$ & $0.00167035$ & $0.0477386$ & $-0.00136733$ & $-0.0243006$ & $-0.0178547$ & $-0.0369506$ & $-0.00422555$ & $0.0192087$ & $0.0117727$ & $1$ & $-0.0338521$ & $-0.0034394$ \\
eHbbint & $0.0265052$ & $-0.0125793$ & $-0.00255059$ & $0.0241434$ & $0.0326518$ & $0.0167714$ & $0.00237201$ & $0.00424724$ & $0.00701543$ & $0.00426924$ & $0.00230253$ & $0.00754224$ & $-0.00434266$ & $-0.00529441$ & $-0.0155392$ & $-0.00568897$ & $-0.0148118$ & $-0.00341711$ & $-0.00861621$ & $-0.00335517$ & $-0.000417247$ & $-0.00298138$ & $0.0194864$ & $-0.00914319$ & $-0.00755103$ & $-0.00456608$ & $0.0197065$ & $-0.0111902$ & $-0.0114461$ & $-0.00373274$ & $-0.0111772$ & $0.00958515$ & $0.0870779$ & $0.0135925$ & $0.0574784$ & $0.019691$ & $0.0108985$ & $-0.0186014$ & $-0.0169869$ & $0.0153963$ & $0.0145393$ & $0.00626219$ & $0.0490356$ & $0.11482$ & $-0.0321477$ & $-0.04211$ & $-0.0338521$ & $1$ & $-0.0223114$ \\
eHbbpar & $-0.00693964$ & $0.00206844$ & $-0.00213947$ & $0.0884442$ & $-0.017745$ & $0.00210741$ & $-0.0019942$ & $0.00165208$ & $-0.00255168$ & $-0.00627844$ & $-0.00114633$ & $-0.0006951$ & $-0.00301853$ & $0.00557282$ & $-0.00168066$ & $-0.00901304$ & $-0.000983261$ & $0.00022199$ & $0.00524602$ & $-0.000547028$ & $0.00164288$ & $0.0019771$ & $0.000446744$ & $-0.00496877$ & $-0.00125983$ & $-0.00703277$ & $-0.00172544$ & $-0.00361151$ & $-0.0122241$ & $-0.0160002$ & $-0.010426$ & $-0.00602617$ & $0.288244$ & $0.00260684$ & $0.0104013$ & $-0.0130546$ & $0.0890257$ & $0.0165806$ & $-0.0245132$ & $-0.0215225$ & $-0.0322892$ & $-0.00161773$ & $-0.0717403$ & $0.00793217$ & $0.0558056$ & $-0.0626292$ & $-0.0034394$ & $-0.0223114$ & $1$ \\
