 & AlsMz & dAle5Mz & mtop & mHl & Mz & CW & CHG & CHWB & CHWHB_gaga & CHWHB_gagaorth & CHD & CHbox & CH & CHL1_11 & CHL1_22 & CHL1_33 & CHL3_11 & CHL3_22 & CHL3_33 & CHe_11 & CHe_22 & CHe_33 & CHQ1_11 & CHQ1_33 & CHQ3_11 & CHu_11 & CHd_11 & CHd_33 & CeH_22r & CeH_33r & CuH_22r & CuH_33r & CdH_33r & CLL_1221 & eHggint & eHggpar & eHWWint & eHWWpar & eHZZint & eHZZpar & eHZgaint & eHZgapar & eHgagaint & eHmumuint & eHtautauint & eHccint & eHccpar & eHbbint & eHbbpar \\
AlsMz & $1$ & $-0.0807419$ & $-0.0333849$ & $0.0422519$ & $-0.0188263$ & $-0.0327482$ & $0.00578848$ & $0.0100642$ & $0.0107565$ & $0.00208108$ & $-0.0218424$ & $-0.00648045$ & $0.00363134$ & $0.00799191$ & $-0.00195291$ & $0.0168899$ & $0.0015351$ & $0.0068314$ & $0.000422374$ & $0.009468$ & $-0.00899483$ & $0.00802812$ & $0.00594857$ & $-0.0230222$ & $-0.027498$ & $-0.0162294$ & $0.0145045$ & $0.0164824$ & $-0.00954571$ & $0.00405683$ & $-0.0142432$ & $0.00119093$ & $-0.0427153$ & $-0.00386334$ & $-0.00311053$ & $-0.125865$ & $0.0872691$ & $0.0377332$ & $0.0639702$ & $0.0409163$ & $0.0739038$ & $0.0906941$ & $0.0583606$ & $-0.109022$ & $0.025959$ & $0.0226658$ & $-0.0549196$ & $-0.0647258$ & $-0.0614982$ \\
dAle5Mz & $-0.0807419$ & $1$ & $-0.0409727$ & $0.0348734$ & $-0.0240531$ & $0.0700342$ & $0.0326483$ & $-0.229884$ & $-0.232376$ & $0.0913623$ & $0.232461$ & $0.0718079$ & $-0.0429608$ & $-0.011604$ & $-0.0416956$ & $-0.05022$ & $0.0856424$ & $0.0688285$ & $0.0709627$ & $-0.188245$ & $-0.104473$ & $-0.105549$ & $0.0221539$ & $0.0643553$ & $0.0844259$ & $0.0519004$ & $0.00650246$ & $-0.0285827$ & $-0.0142171$ & $0.0142738$ & $0.00507064$ & $0.0398919$ & $0.0540571$ & $-0.00601749$ & $-0.0136003$ & $0.0147485$ & $-0.111438$ & $-0.0633629$ & $0.0177181$ & $-0.00901036$ & $-0.0912632$ & $-0.0628243$ & $-0.182859$ & $0.0163052$ & $0.0291048$ & $-0.00896184$ & $-0.0578948$ & $0.0222009$ & $0.0777556$ \\
mtop & $-0.0333849$ & $-0.0409727$ & $1$ & $0.0702918$ & $0.0118384$ & $0.00548893$ & $0.0145505$ & $0.0104889$ & $0.013616$ & $-0.000346883$ & $-0.00995512$ & $0.0193788$ & $-0.0247288$ & $0.0209597$ & $-0.0245731$ & $-0.00504446$ & $0.00651788$ & $0.0244257$ & $0.0176947$ & $0.00688886$ & $0.00527449$ & $0.000809286$ & $0.00085182$ & $-0.00520097$ & $0.0290074$ & $-0.0170654$ & $0.00941775$ & $-0.0183027$ & $-0.0348892$ & $-0.0138433$ & $-0.0550967$ & $0.00432973$ & $0.0500481$ & $0.0219769$ & $-0.00766172$ & $0.0402098$ & $-0.0100592$ & $0.0865252$ & $-0.0761984$ & $0.0158045$ & $-0.125244$ & $-0.0518111$ & $0.0707912$ & $-0.0636103$ & $-0.133888$ & $0.0036848$ & $-0.095693$ & $0.109866$ & $0.197117$ \\
mHl & $0.0422519$ & $0.0348734$ & $0.0702918$ & $1$ & $-0.016467$ & $0.0279237$ & $0.00933699$ & $-0.0414824$ & $-0.0317923$ & $0.027938$ & $0.0277506$ & $0.00507408$ & $-0.00627759$ & $0.0325953$ & $-0.0172309$ & $-0.00149769$ & $0.0393314$ & $0.0389166$ & $0.0220866$ & $-0.0296742$ & $-0.00601733$ & $-0.0366437$ & $-0.00296286$ & $0.0327664$ & $0.035819$ & $-0.00807732$ & $-0.00190107$ & $0.0292712$ & $0.00740772$ & $0.00583516$ & $-0.0174101$ & $-0.00441329$ & $-0.0263497$ & $-0.0209135$ & $-0.0919878$ & $0.0340193$ & $-0.0809501$ & $0.0470398$ & $0.0207936$ & $-0.0803776$ & $-0.0752659$ & $0.0317254$ & $0.144564$ & $-0.140538$ & $0.0687043$ & $0.0981986$ & $0.0207404$ & $-0.116922$ & $-0.0413617$ \\
Mz & $-0.0188263$ & $-0.0240531$ & $0.0118384$ & $-0.016467$ & $1$ & $0.00313929$ & $-0.0106351$ & $0.00573738$ & $0.00563015$ & $-0.00149691$ & $0.0423938$ & $0.0102723$ & $0.0039884$ & $-0.0140062$ & $0.0131715$ & $0.0195395$ & $-0.0189221$ & $-0.0116376$ & $-0.0321399$ & $0.0123709$ & $-0.000620736$ & $-0.00895903$ & $-0.0126513$ & $-0.00168165$ & $-0.0136955$ & $-0.0167971$ & $-0.0154744$ & $-0.0336182$ & $-0.0147988$ & $0.00836816$ & $0.00984915$ & $-0.00869986$ & $-0.0114713$ & $-0.00643892$ & $0.034175$ & $0.00741508$ & $-0.0228702$ & $-0.0104083$ & $0.00914017$ & $-0.0279035$ & $-0.0122085$ & $0.00617122$ & $0.0137331$ & $-0.0140844$ & $-0.0121944$ & $-0.0102932$ & $-0.0120355$ & $-0.00137356$ & $-0.0336638$ \\
CW & $-0.0327482$ & $0.0700342$ & $0.00548893$ & $0.0279237$ & $0.00313929$ & $1$ & $-0.0227309$ & $-0.104925$ & $-0.105875$ & $0.0215271$ & $0.114822$ & $-0.0054079$ & $0.00372195$ & $0.184206$ & $0.0275617$ & $0.0196022$ & $-0.122524$ & $-0.013836$ & $-0.000514096$ & $-0.117218$ & $-0.092885$ & $-0.0871278$ & $-0.0322437$ & $0.0437953$ & $-0.0117973$ & $0.0412214$ & $-0.0917247$ & $-0.0538265$ & $0.0104398$ & $0.0277025$ & $0.0286737$ & $-0.0212069$ & $0.0286513$ & $-0.164766$ & $-0.0262624$ & $0.00566147$ & $0.00880311$ & $2.1823e-05$ & $0.00242247$ & $-0.0240242$ & $0.00357033$ & $-0.00699253$ & $-0.00388816$ & $-0.0240596$ & $-0.0148923$ & $0.00766646$ & $0.00726843$ & $0.0224629$ & $-0.0100632$ \\
CHG & $0.00578848$ & $0.0326483$ & $0.0145505$ & $0.00933699$ & $-0.0106351$ & $-0.0227309$ & $1$ & $-0.0833721$ & $-0.0554865$ & $0.141035$ & $0.0138088$ & $0.533009$ & $-0.654175$ & $0.159196$ & $-0.00452175$ & $0.019416$ & $0.160685$ & $0.125732$ & $0.108593$ & $-0.0289477$ & $-0.0126874$ & $-0.00575806$ & $-0.0190078$ & $0.107776$ & $0.122813$ & $0.017006$ & $-0.0440812$ & $0.0261659$ & $-0.0484413$ & $-0.369418$ & $-0.168096$ & $0.927025$ & $-0.389463$ & $-0.0522852$ & $-0.0578741$ & $-0.034952$ & $0.0343548$ & $0.000534007$ & $-0.0085242$ & $-0.0164395$ & $-0.00989627$ & $-0.0313252$ & $0.0119003$ & $-0.0314101$ & $0.000488453$ & $0.0234969$ & $0.0338512$ & $-0.00209118$ & $0.0195471$ \\
CHWB & $0.0100642$ & $-0.229884$ & $0.0104889$ & $-0.0414824$ & $0.00573738$ & $-0.104925$ & $-0.0833721$ & $1$ & $0.99364$ & $-0.559215$ & $-0.899785$ & $-0.233634$ & $0.148897$ & $-0.284596$ & $0.000915809$ & $-0.0238135$ & $-0.640476$ & $-0.52672$ & $-0.521765$ & $0.871491$ & $0.639547$ & $0.612655$ & $0.0271238$ & $-0.64241$ & $-0.594167$ & $-0.17033$ & $0.410983$ & $0.125228$ & $0.035694$ & $0.0570249$ & $0.0141455$ & $-0.0824208$ & $0.0355909$ & $0.662289$ & $0.00518832$ & $0.00122261$ & $0.062089$ & $0.00114791$ & $0.00798965$ & $0.015257$ & $0.00244745$ & $0.0534072$ & $0.0465478$ & $0.0180389$ & $0.0293232$ & $-0.0232582$ & $0.0219252$ & $0.0138473$ & $-0.00186047$ \\
CHWHB_gaga & $0.0107565$ & $-0.232376$ & $0.013616$ & $-0.0317923$ & $0.00563015$ & $-0.105875$ & $-0.0554865$ & $0.99364$ & $1$ & $-0.555989$ & $-0.894593$ & $-0.22027$ & $0.144969$ & $-0.285288$ & $-0.0020245$ & $-0.0256579$ & $-0.637912$ & $-0.521763$ & $-0.518829$ & $0.869754$ & $0.637491$ & $0.610389$ & $0.0271042$ & $-0.637593$ & $-0.589934$ & $-0.168783$ & $0.41119$ & $0.124932$ & $0.0437758$ & $0.0736452$ & $0.0225954$ & $-0.0577201$ & $0.0505319$ & $0.65741$ & $-0.00438544$ & $-0.00500668$ & $0.0623109$ & $0.00152114$ & $0.00665551$ & $0.0113997$ & $-0.00193754$ & $0.0547256$ & $0.08684$ & $0.0212452$ & $0.0317731$ & $-0.0232053$ & $0.0219125$ & $0.0174805$ & $-0.0112353$ \\
CHWHB_gagaorth & $0.00208108$ & $0.0913623$ & $-0.000346883$ & $0.027938$ & $-0.00149691$ & $0.0215271$ & $0.141035$ & $-0.559215$ & $-0.555989$ & $1$ & $0.252715$ & $0.3797$ & $-0.22518$ & $0.69287$ & $0.0944738$ & $0.129118$ & $0.78971$ & $0.570489$ & $0.560625$ & $-0.32408$ & $-0.237149$ & $-0.215977$ & $-0.0624377$ & $0.589587$ & $0.639617$ & $0.0558008$ & $-0.32872$ & $-0.0407015$ & $-0.0756716$ & $-0.120359$ & $-0.0578534$ & $0.152632$ & $-0.108249$ & $-0.407665$ & $0.0127158$ & $0.0240928$ & $-0.046446$ & $-0.00408708$ & $0.00256418$ & $-0.005376$ & $0.00144847$ & $-0.0460639$ & $-0.029335$ & $-0.00751503$ & $-0.044364$ & $0.0149313$ & $-0.00390343$ & $-0.00230847$ & $0.0110201$ \\
CHD & $-0.0218424$ & $0.232461$ & $-0.00995512$ & $0.0277506$ & $0.0423938$ & $0.114822$ & $0.0138088$ & $-0.899785$ & $-0.894593$ & $0.252715$ & $1$ & $0.119637$ & $-0.0404711$ & $-0.0597233$ & $-0.0708221$ & $-0.0573654$ & $0.322581$ & $0.31183$ & $0.309769$ & $-0.896777$ & $-0.661457$ & $-0.640892$ & $-0.00281045$ & $0.433409$ & $0.355355$ & $0.186234$ & $-0.304891$ & $-0.132294$ & $-0.00183828$ & $-0.000516422$ & $0.0100461$ & $0.0189401$ & $0.0126106$ & $-0.534585$ & $-0.00464147$ & $-0.00418517$ & $-0.0542674$ & $0.00017146$ & $-0.0159213$ & $-0.017037$ & $-0.00168701$ & $-0.0474743$ & $-0.0436583$ & $-0.0123566$ & $-0.0261748$ & $0.0179214$ & $-0.0286787$ & $-0.0120341$ & $-0.00891217$ \\
CHbox & $-0.00648045$ & $0.0718079$ & $0.0193788$ & $0.00507408$ & $0.0102723$ & $-0.0054079$ & $0.533009$ & $-0.233634$ & $-0.22027$ & $0.3797$ & $0.119637$ & $1$ & $-0.822389$ & $0.188889$ & $0.0366294$ & $0.0687529$ & $0.254619$ & $0.200761$ & $0.189138$ & $-0.0472674$ & $-0.0875384$ & $-0.0725072$ & $-0.0276371$ & $0.22824$ & $0.224369$ & $0.0304794$ & $-0.121421$ & $-0.0058046$ & $-0.081372$ & $-0.273363$ & $-0.146093$ & $0.534126$ & $-0.275507$ & $-0.209658$ & $0.0189371$ & $0.0138749$ & $-0.0141042$ & $-0.034765$ & $-0.020215$ & $0.0115389$ & $-0.0168827$ & $-0.0718266$ & $-0.0578301$ & $-0.0190869$ & $-0.0273089$ & $0.0102098$ & $0.00079684$ & $0.0110615$ & $0.0381713$ \\
CH & $0.00363134$ & $-0.0429608$ & $-0.0247288$ & $-0.00627759$ & $0.0039884$ & $0.00372195$ & $-0.654175$ & $0.148897$ & $0.144969$ & $-0.22518$ & $-0.0404711$ & $-0.822389$ & $1$ & $-0.257893$ & $-0.0223161$ & $-0.0527506$ & $-0.267811$ & $-0.19758$ & $-0.186222$ & $0.0770603$ & $0.0475677$ & $0.0327421$ & $0.0234965$ & $-0.194227$ & $-0.212667$ & $-0.0265213$ & $0.0900846$ & $0.0049773$ & $0.121935$ & $0.480532$ & $0.210594$ & $-0.576697$ & $0.474821$ & $0.0960496$ & $0.0382311$ & $0.00735785$ & $-0.0115138$ & $0.0201351$ & $-0.00029729$ & $-0.00611484$ & $0.00965303$ & $0.0540698$ & $0.0569648$ & $0.0206958$ & $0.00985129$ & $-0.0120154$ & $-0.00176702$ & $0.000486641$ & $-0.0616743$ \\
CHL1_11 & $0.00799191$ & $-0.011604$ & $0.0209597$ & $0.0325953$ & $-0.0140062$ & $0.184206$ & $0.159196$ & $-0.284596$ & $-0.285288$ & $0.69287$ & $-0.0597233$ & $0.188889$ & $-0.257893$ & $1$ & $0.141214$ & $0.170479$ & $0.627629$ & $0.49348$ & $0.48614$ & $-0.136268$ & $-0.0530933$ & $-0.018822$ & $-0.0617507$ & $0.502116$ & $0.536791$ & $-0.000666923$ & $-0.292129$ & $-0.0212734$ & $-0.0915808$ & $-0.131769$ & $-0.0366974$ & $0.127557$ & $-0.112003$ & $-0.287872$ & $-0.0233309$ & $0.00510221$ & $-0.00858926$ & $0.00287879$ & $0.0161383$ & $-0.00192521$ & $0.0114205$ & $-0.0182398$ & $-0.0180633$ & $-0.0172249$ & $-0.0190793$ & $0.0245987$ & $0.0183825$ & $-0.0144283$ & $0.0374978$ \\
CHL1_22 & $-0.00195291$ & $-0.0416956$ & $-0.0245731$ & $-0.0172309$ & $0.0131715$ & $0.0275617$ & $-0.00452175$ & $0.000915809$ & $-0.0020245$ & $0.0944738$ & $-0.0708221$ & $0.0366294$ & $-0.0223161$ & $0.141214$ & $1$ & $0.356961$ & $0.0634607$ & $-0.486743$ & $-0.142602$ & $0.0755205$ & $-0.159145$ & $-0.117311$ & $-0.128003$ & $0.224434$ & $-0.184982$ & $0.00546431$ & $-0.496603$ & $-0.0127502$ & $0.00623931$ & $-0.0249542$ & $-0.0174492$ & $-0.00525801$ & $-0.0203236$ & $-0.537904$ & $0.0123289$ & $0.0183853$ & $0.00522643$ & $0.0128115$ & $0.00332702$ & $0.0402806$ & $0.0433024$ & $0.0116702$ & $-0.0127962$ & $0.00105768$ & $0.0223285$ & $-0.0328778$ & $-0.01664$ & $0.0203881$ & $-0.00780971$ \\
CHL1_33 & $0.0168899$ & $-0.05022$ & $-0.00504446$ & $-0.00149769$ & $0.0195395$ & $0.0196022$ & $0.019416$ & $-0.0238135$ & $-0.0256579$ & $0.129118$ & $-0.0573654$ & $0.0687529$ & $-0.0527506$ & $0.170479$ & $0.356961$ & $1$ & $0.101691$ & $-0.119334$ & $-0.459484$ & $0.0592166$ & $-0.0995626$ & $-0.217271$ & $-0.120866$ & $0.242932$ & $-0.157072$ & $0.0372792$ & $-0.485703$ & $-0.0294361$ & $-0.00263261$ & $-0.0266313$ & $-0.00933828$ & $0.017656$ & $-0.0453082$ & $-0.251406$ & $0.0108325$ & $0.0151335$ & $0.00329315$ & $0.00078808$ & $0.0124262$ & $0.0331885$ & $-0.0159388$ & $0.0130693$ & $-0.00162948$ & $0.0237564$ & $0.0273274$ & $0.0130752$ & $0.0189122$ & $-0.025515$ & $-0.00820435$ \\
CHL3_11 & $0.0015351$ & $0.0856424$ & $0.00651788$ & $0.0393314$ & $-0.0189221$ & $-0.122524$ & $0.160685$ & $-0.640476$ & $-0.637912$ & $0.78971$ & $0.322581$ & $0.254619$ & $-0.267811$ & $0.627629$ & $0.0634607$ & $0.101691$ & $1$ & $0.660797$ & $0.649225$ & $-0.464511$ & $-0.279739$ & $-0.264103$ & $-0.0400975$ & $0.655556$ & $0.738502$ & $0.0636861$ & $-0.328035$ & $-0.0475324$ & $-0.0861044$ & $-0.138917$ & $-0.0563384$ & $0.139359$ & $-0.110941$ & $-0.360532$ & $-0.0110043$ & $0.00350652$ & $-0.0387655$ & $0.00256404$ & $0.0183566$ & $-0.0049916$ & $-0.00434581$ & $-0.0410397$ & $-0.0315794$ & $-0.0121101$ & $-0.022968$ & $0.0206713$ & $0.00359787$ & $-0.0155868$ & $0.0211798$ \\
CHL3_22 & $0.0068314$ & $0.0688285$ & $0.0244257$ & $0.0389166$ & $-0.0116376$ & $-0.013836$ & $0.125732$ & $-0.52672$ & $-0.521763$ & $0.570489$ & $0.31183$ & $0.200761$ & $-0.19758$ & $0.49348$ & $-0.486743$ & $-0.119334$ & $0.660797$ & $1$ & $0.624848$ & $-0.395527$ & $-0.199299$ & $-0.16779$ & $0.0423792$ & $0.428484$ & $0.75616$ & $0.0444409$ & $0.0154805$ & $-0.0421174$ & $-0.052501$ & $-0.0917847$ & $-0.0317256$ & $0.107648$ & $-0.0672432$ & $0.120791$ & $-0.022721$ & $-0.00687104$ & $-0.0354588$ & $-0.00365261$ & $-0.00392948$ & $-0.0249908$ & $-0.0183599$ & $-0.042121$ & $-0.00256271$ & $-0.0138279$ & $-0.0379824$ & $0.0377477$ & $0.0146678$ & $-0.0187094$ & $0.0436614$ \\
CHL3_33 & $0.000422374$ & $0.0709627$ & $0.0176947$ & $0.0220866$ & $-0.0321399$ & $-0.000514096$ & $0.108593$ & $-0.521765$ & $-0.518829$ & $0.560625$ & $0.309769$ & $0.189138$ & $-0.186222$ & $0.48614$ & $-0.142602$ & $-0.459484$ & $0.649225$ & $0.624848$ & $1$ & $-0.394549$ & $-0.201269$ & $-0.169138$ & $0.0477575$ & $0.421522$ & $0.756504$ & $0.0265419$ & $0.0156146$ & $-0.0364208$ & $-0.054224$ & $-0.090459$ & $-0.0284278$ & $0.0919501$ & $-0.0648883$ & $-0.200962$ & $-0.0077794$ & $-0.00996014$ & $-0.0441084$ & $0.0123952$ & $-0.00887519$ & $-0.0201197$ & $0.00854709$ & $-0.0438171$ & $-0.0216558$ & $-0.0309765$ & $-0.0331719$ & $0.0111245$ & $-0.00349153$ & $0.012286$ & $0.0163535$ \\
CHe_11 & $0.009468$ & $-0.188245$ & $0.00688886$ & $-0.0296742$ & $0.0123709$ & $-0.117218$ & $-0.0289477$ & $0.871491$ & $0.869754$ & $-0.32408$ & $-0.896777$ & $-0.0472674$ & $0.0770603$ & $-0.136268$ & $0.0755205$ & $0.0592166$ & $-0.464511$ & $-0.395527$ & $-0.394549$ & $1$ & $0.648579$ & $0.623125$ & $0.00499574$ & $-0.490807$ & $-0.440429$ & $-0.185314$ & $0.318807$ & $0.13412$ & $0.022457$ & $0.018559$ & $-0.0066601$ & $-0.0147082$ & $-0.005014$ & $0.467043$ & $0.0145293$ & $0.0121903$ & $0.043918$ & $-0.0151373$ & $-0.0100844$ & $0.0282303$ & $0.00174916$ & $0.0428174$ & $0.0511541$ & $0.0140986$ & $0.0333592$ & $-0.019349$ & $0.0262255$ & $0.0282789$ & $-0.0215773$ \\
CHe_22 & $-0.00899483$ & $-0.104473$ & $0.00527449$ & $-0.00601733$ & $-0.000620736$ & $-0.092885$ & $-0.0126874$ & $0.639547$ & $0.637491$ & $-0.237149$ & $-0.661457$ & $-0.0875384$ & $0.0475677$ & $-0.0530933$ & $-0.159145$ & $-0.0995626$ & $-0.279739$ & $-0.199299$ & $-0.201269$ & $0.648579$ & $1$ & $0.52778$ & $0.0503715$ & $-0.43357$ & $-0.267678$ & $-0.148387$ & $0.394092$ & $0.125603$ & $0.0191282$ & $0.00705913$ & $-0.0275426$ & $-0.0129953$ & $-0.0123235$ & $0.448996$ & $0.00970325$ & $0.00205714$ & $0.00948078$ & $-0.0353523$ & $-0.00996546$ & $0.00264657$ & $0.0024139$ & $0.0289585$ & $0.0377696$ & $0.0104318$ & $0.00492386$ & $-0.0492085$ & $0.0126228$ & $0.00107858$ & $-0.00237911$ \\
CHe_33 & $0.00802812$ & $-0.105549$ & $0.000809286$ & $-0.0366437$ & $-0.00895903$ & $-0.0871278$ & $-0.00575806$ & $0.612655$ & $0.610389$ & $-0.215977$ & $-0.640892$ & $-0.0725072$ & $0.0327421$ & $-0.018822$ & $-0.117311$ & $-0.217271$ & $-0.264103$ & $-0.16779$ & $-0.169138$ & $0.623125$ & $0.52778$ & $1$ & $0.0209563$ & $-0.413373$ & $-0.23426$ & $-0.131917$ & $0.400214$ & $0.109321$ & $-0.0153942$ & $0.015659$ & $-0.00455272$ & $-0.00571489$ & $0.0079887$ & $0.439378$ & $0.00842216$ & $0.0102752$ & $0.0420089$ & $0.00581254$ & $0.00337638$ & $-0.00590679$ & $-0.0239979$ & $0.0212432$ & $0.0263027$ & $0.0113777$ & $0.0149439$ & $-0.0157067$ & $0.0197024$ & $0.0107297$ & $0.0177482$ \\
CHQ1_11 & $0.00594857$ & $0.0221539$ & $0.00085182$ & $-0.00296286$ & $-0.0126513$ & $-0.0322437$ & $-0.0190078$ & $0.0271238$ & $0.0271042$ & $-0.0624377$ & $-0.00281045$ & $-0.0276371$ & $0.0234965$ & $-0.0617507$ & $-0.128003$ & $-0.120866$ & $-0.0400975$ & $0.0423792$ & $0.0477575$ & $0.00499574$ & $0.0503715$ & $0.0209563$ & $1$ & $-0.0799663$ & $0.0729427$ & $-0.582045$ & $0.243189$ & $-0.00594136$ & $0.012342$ & $0.0280937$ & $0.0413614$ & $-0.0104363$ & $0.0392934$ & $0.103848$ & $0.00476735$ & $-0.0156998$ & $0.0135537$ & $-0.0167288$ & $0.0148105$ & $0.0121766$ & $-0.00740616$ & $0.0103854$ & $0.000711103$ & $-0.0145409$ & $-0.00724858$ & $-0.0221832$ & $0.00899434$ & $0.0229985$ & $0.00592284$ \\
CHQ1_33 & $-0.0230222$ & $0.0643553$ & $-0.00520097$ & $0.0327664$ & $-0.00168165$ & $0.0437953$ & $0.107776$ & $-0.64241$ & $-0.637593$ & $0.589587$ & $0.433409$ & $0.22824$ & $-0.194227$ & $0.502116$ & $0.224434$ & $0.242932$ & $0.655556$ & $0.428484$ & $0.421522$ & $-0.490807$ & $-0.43357$ & $-0.413373$ & $-0.0799663$ & $1$ & $0.518557$ & $0.103549$ & $-0.401906$ & $0.019672$ & $-0.045207$ & $-0.0922194$ & $-0.0254047$ & $0.0946817$ & $-0.0727901$ & $-0.520265$ & $-0.027879$ & $0.0140384$ & $-0.0429446$ & $0.00690466$ & $0.0140066$ & $-0.0124642$ & $-0.000487404$ & $-0.0207466$ & $-0.0183939$ & $0.021839$ & $-0.0068981$ & $0.0052925$ & $-0.00223776$ & $-0.0260702$ & $0.0149551$ \\
CHQ3_11 & $-0.027498$ & $0.0844259$ & $0.0290074$ & $0.035819$ & $-0.0136955$ & $-0.0117973$ & $0.122813$ & $-0.594167$ & $-0.589934$ & $0.639617$ & $0.355355$ & $0.224369$ & $-0.212667$ & $0.536791$ & $-0.184982$ & $-0.157072$ & $0.738502$ & $0.75616$ & $0.756504$ & $-0.440429$ & $-0.267678$ & $-0.23426$ & $0.0729427$ & $0.518557$ & $1$ & $0.0555992$ & $0.0970463$ & $-0.0516744$ & $-0.0560515$ & $-0.10478$ & $-0.0367582$ & $0.0998842$ & $-0.0827616$ & $-0.188395$ & $-0.0133344$ & $-0.0030959$ & $-0.0466796$ & $-0.00537602$ & $0.00421385$ & $-0.0105196$ & $-0.00709644$ & $-0.0690799$ & $-0.0225218$ & $-0.0242548$ & $-0.0400392$ & $0.0220255$ & $0.0112012$ & $0.0101194$ & $0.0402515$ \\
CHu_11 & $-0.0162294$ & $0.0519004$ & $-0.0170654$ & $-0.00807732$ & $-0.0167971$ & $0.0412214$ & $0.017006$ & $-0.17033$ & $-0.168783$ & $0.0558008$ & $0.186234$ & $0.0304794$ & $-0.0265213$ & $-0.000666923$ & $0.00546431$ & $0.0372792$ & $0.0636861$ & $0.0444409$ & $0.0265419$ & $-0.185314$ & $-0.148387$ & $-0.131917$ & $-0.582045$ & $0.103549$ & $0.0555992$ & $1$ & $0.0937149$ & $-0.00925281$ & $0.0028992$ & $-0.0174511$ & $-0.00434663$ & $0.0111569$ & $-0.0109805$ & $-0.108394$ & $0.00467204$ & $0.0235498$ & $-0.0464331$ & $-0.00757458$ & $-0.00359152$ & $-0.0180787$ & $0.0230488$ & $0.000720519$ & $-0.0254466$ & $0.0098217$ & $0.0178563$ & $0.00324473$ & $0.00942487$ & $-0.00980317$ & $0.0276092$ \\
CHd_11 & $0.0145045$ & $0.00650246$ & $0.00941775$ & $-0.00190107$ & $-0.0154744$ & $-0.0917247$ & $-0.0440812$ & $0.410983$ & $0.41119$ & $-0.32872$ & $-0.304891$ & $-0.121421$ & $0.0900846$ & $-0.292129$ & $-0.496603$ & $-0.485703$ & $-0.328035$ & $0.0154805$ & $0.0156146$ & $0.318807$ & $0.394092$ & $0.400214$ & $0.243189$ & $-0.401906$ & $0.0970463$ & $0.0937149$ & $1$ & $0.0628118$ & $0.0235774$ & $0.0405132$ & $0.0248349$ & $-0.0452175$ & $0.0378672$ & $0.586637$ & $-0.00341573$ & $-0.0133735$ & $-0.00739477$ & $-0.0378115$ & $0.00319893$ & $-0.0181439$ & $-0.017857$ & $-0.00790875$ & $0.0132478$ & $0.00931572$ & $0.0164651$ & $-0.0111419$ & $0.028671$ & $0.0247252$ & $0.0365421$ \\
CHd_33 & $0.0164824$ & $-0.0285827$ & $-0.0183027$ & $0.0292712$ & $-0.0336182$ & $-0.0538265$ & $0.0261659$ & $0.125228$ & $0.124932$ & $-0.0407015$ & $-0.132294$ & $-0.0058046$ & $0.0049773$ & $-0.0212734$ & $-0.0127502$ & $-0.0294361$ & $-0.0475324$ & $-0.0421174$ & $-0.0364208$ & $0.13412$ & $0.125603$ & $0.109321$ & $-0.00594136$ & $0.019672$ & $-0.0516744$ & $-0.00925281$ & $0.0628118$ & $1$ & $0.0109198$ & $-0.0174942$ & $-0.0195971$ & $0.0256712$ & $-0.0282863$ & $0.0838565$ & $0.00574109$ & $0.0065673$ & $0.0381751$ & $-0.0205541$ & $0.0165932$ & $-0.0296496$ & $0.0424334$ & $0.00672255$ & $0.0154786$ & $-0.0114412$ & $0.0138563$ & $-0.0288184$ & $-0.000402932$ & $-0.016006$ & $-0.0314383$ \\
CeH_22r & $-0.00954571$ & $-0.0142171$ & $-0.0348892$ & $0.00740772$ & $-0.0147988$ & $0.0104398$ & $-0.0484413$ & $0.035694$ & $0.0437758$ & $-0.0756716$ & $-0.00183828$ & $-0.081372$ & $0.121935$ & $-0.0915808$ & $0.00623931$ & $-0.00263261$ & $-0.0861044$ & $-0.052501$ & $-0.054224$ & $0.022457$ & $0.0191282$ & $-0.0153942$ & $0.012342$ & $-0.045207$ & $-0.0560515$ & $0.0028992$ & $0.0235774$ & $0.0109198$ & $1$ & $0.0967529$ & $0.0453923$ & $-0.0680081$ & $0.0872438$ & $0.0248013$ & $-0.0456414$ & $0.00890363$ & $0.0028147$ & $0.0315221$ & $-0.0173547$ & $0.0370448$ & $-0.000625621$ & $0.01505$ & $0.0583162$ & $0.0325555$ & $-0.00188106$ & $0.0146064$ & $0.000919742$ & $-0.000896374$ & $0.00162203$ \\
CeH_33r & $0.00405683$ & $0.0142738$ & $-0.0138433$ & $0.00583516$ & $0.00836816$ & $0.0277025$ & $-0.369418$ & $0.0570249$ & $0.0736452$ & $-0.120359$ & $-0.000516422$ & $-0.273363$ & $0.480532$ & $-0.131769$ & $-0.0249542$ & $-0.0266313$ & $-0.138917$ & $-0.0917847$ & $-0.090459$ & $0.018559$ & $0.00705913$ & $0.015659$ & $0.0280937$ & $-0.0922194$ & $-0.10478$ & $-0.0174511$ & $0.0405132$ & $-0.0174942$ & $0.0967529$ & $1$ & $0.35655$ & $-0.187182$ & $0.730949$ & $0.0441182$ & $-0.0135032$ & $-0.0276935$ & $-0.117365$ & $-0.0456054$ & $-0.00977868$ & $-0.0304852$ & $-0.0299166$ & $0.0237478$ & $0.0130088$ & $0.00523694$ & $0.0268008$ & $0.0128366$ & $0.0243877$ & $-0.0253367$ & $-0.0370102$ \\
CuH_22r & $-0.0142432$ & $0.00507064$ & $-0.0550967$ & $-0.0174101$ & $0.00984915$ & $0.0286737$ & $-0.168096$ & $0.0141455$ & $0.0225954$ & $-0.0578534$ & $0.0100461$ & $-0.146093$ & $0.210594$ & $-0.0366974$ & $-0.0174492$ & $-0.00933828$ & $-0.0563384$ & $-0.0317256$ & $-0.0284278$ & $-0.0066601$ & $-0.0275426$ & $-0.00455272$ & $0.0413614$ & $-0.0254047$ & $-0.0367582$ & $-0.00434663$ & $0.0248349$ & $-0.0195971$ & $0.0453923$ & $0.35655$ & $1$ & $-0.0577283$ & $0.392869$ & $0.0122737$ & $-0.0227145$ & $-0.00306584$ & $-0.0359647$ & $-0.0695131$ & $-0.0137429$ & $-0.0108195$ & $-0.052523$ & $0.0185564$ & $-0.0301763$ & $0.0187136$ & $0.0345964$ & $0.0705021$ & $0.238573$ & $-0.0537929$ & $-0.0213139$ \\
CuH_33r & $0.00119093$ & $0.0398919$ & $0.00432973$ & $-0.00441329$ & $-0.00869986$ & $-0.0212069$ & $0.927025$ & $-0.0824208$ & $-0.0577201$ & $0.152632$ & $0.0189401$ & $0.534126$ & $-0.576697$ & $0.127557$ & $-0.00525801$ & $0.017656$ & $0.139359$ & $0.107648$ & $0.0919501$ & $-0.0147082$ & $-0.0129953$ & $-0.00571489$ & $-0.0104363$ & $0.0946817$ & $0.0998842$ & $0.0111569$ & $-0.0452175$ & $0.0256712$ & $-0.0680081$ & $-0.187182$ & $-0.0577283$ & $1$ & $-0.162188$ & $-0.0610961$ & $-0.0114248$ & $-0.02212$ & $0.000852728$ & $-0.031107$ & $-0.00594142$ & $-0.0120033$ & $-0.0125314$ & $-0.0380222$ & $0.00905525$ & $-0.0255135$ & $-0.00651598$ & $0.00450248$ & $0.0336014$ & $-0.0118779$ & $0.0169885$ \\
CdH_33r & $-0.0427153$ & $0.0540571$ & $0.0500481$ & $-0.0263497$ & $-0.0114713$ & $0.0286513$ & $-0.389463$ & $0.0355909$ & $0.0505319$ & $-0.108249$ & $0.0126106$ & $-0.275507$ & $0.474821$ & $-0.112003$ & $-0.0203236$ & $-0.0453082$ & $-0.110941$ & $-0.0672432$ & $-0.0648883$ & $-0.005014$ & $-0.0123235$ & $0.0079887$ & $0.0392934$ & $-0.0727901$ & $-0.0827616$ & $-0.0109805$ & $0.0378672$ & $-0.0282863$ & $0.0872438$ & $0.730949$ & $0.392869$ & $-0.162188$ & $1$ & $0.0436291$ & $0.0148436$ & $-0.0196454$ & $-0.105802$ & $-0.0655754$ & $-0.0151069$ & $-0.0250862$ & $-0.0220579$ & $-0.00575849$ & $-0.0707803$ & $-0.0193496$ & $-0.0480753$ & $-0.0131018$ & $-0.00180551$ & $0.0854146$ & $0.273846$ \\
CLL_1221 & $-0.00386334$ & $-0.00601749$ & $0.0219769$ & $-0.0209135$ & $-0.00643892$ & $-0.164766$ & $-0.0522852$ & $0.662289$ & $0.65741$ & $-0.407665$ & $-0.534585$ & $-0.209658$ & $0.0960496$ & $-0.287872$ & $-0.537904$ & $-0.251406$ & $-0.360532$ & $0.120791$ & $-0.200962$ & $0.467043$ & $0.448996$ & $0.439378$ & $0.103848$ & $-0.520265$ & $-0.188395$ & $-0.108394$ & $0.586637$ & $0.0838565$ & $0.0248013$ & $0.0441182$ & $0.0122737$ & $-0.0610961$ & $0.0436291$ & $1$ & $-0.0162867$ & $-0.00968262$ & $0.0223843$ & $-0.0075665$ & $0.00791752$ & $-0.0103213$ & $-0.0314375$ & $0.0158349$ & $0.0152631$ & $0.0194975$ & $0.0064426$ & $-0.000720268$ & $0.0173333$ & $-0.000118813$ & $0.0416221$ \\
eHggint & $-0.00311053$ & $-0.0136003$ & $-0.00766172$ & $-0.0919878$ & $0.034175$ & $-0.0262624$ & $-0.0578741$ & $0.00518832$ & $-0.00438544$ & $0.0127158$ & $-0.00464147$ & $0.0189371$ & $0.0382311$ & $-0.0233309$ & $0.0123289$ & $0.0108325$ & $-0.0110043$ & $-0.022721$ & $-0.0077794$ & $0.0145293$ & $0.00970325$ & $0.00842216$ & $0.00476735$ & $-0.027879$ & $-0.0133344$ & $0.00467204$ & $-0.00341573$ & $0.00574109$ & $-0.0456414$ & $-0.0135032$ & $-0.0227145$ & $-0.0114248$ & $0.0148436$ & $-0.0162867$ & $1$ & $-0.0331037$ & $-0.0101885$ & $-0.0221504$ & $0.0370632$ & $0.0635726$ & $-0.0216012$ & $-0.0588765$ & $-0.0111631$ & $-0.0740307$ & $-0.0538005$ & $-0.16993$ & $-0.0717377$ & $0.0796416$ & $0.0174397$ \\
eHggpar & $-0.125865$ & $0.0147485$ & $0.0402098$ & $0.0340193$ & $0.00741508$ & $0.00566147$ & $-0.034952$ & $0.00122261$ & $-0.00500668$ & $0.0240928$ & $-0.00418517$ & $0.0138749$ & $0.00735785$ & $0.00510221$ & $0.0183853$ & $0.0151335$ & $0.00350652$ & $-0.00687104$ & $-0.00996014$ & $0.0121903$ & $0.00205714$ & $0.0102752$ & $-0.0156998$ & $0.0140384$ & $-0.0030959$ & $0.0235498$ & $-0.0133735$ & $0.0065673$ & $0.00890363$ & $-0.0276935$ & $-0.00306584$ & $-0.02212$ & $-0.0196454$ & $-0.00968262$ & $-0.0331037$ & $1$ & $-0.0646695$ & $-0.04512$ & $-0.134352$ & $0.00499726$ & $-0.0160097$ & $0.0142789$ & $-0.0373717$ & $0.0873131$ & $-0.0826048$ & $0.00433679$ & $-0.00598849$ & $0.0921419$ & $0.0078288$ \\
eHWWint & $0.0872691$ & $-0.111438$ & $-0.0100592$ & $-0.0809501$ & $-0.0228702$ & $0.00880311$ & $0.0343548$ & $0.062089$ & $0.0623109$ & $-0.046446$ & $-0.0542674$ & $-0.0141042$ & $-0.0115138$ & $-0.00858926$ & $0.00522643$ & $0.00329315$ & $-0.0387655$ & $-0.0354588$ & $-0.0441084$ & $0.043918$ & $0.00948078$ & $0.0420089$ & $0.0135537$ & $-0.0429446$ & $-0.0466796$ & $-0.0464331$ & $-0.00739477$ & $0.0381751$ & $0.0028147$ & $-0.117365$ & $-0.0359647$ & $0.000852728$ & $-0.105802$ & $0.0223843$ & $-0.0101885$ & $-0.0646695$ & $1$ & $-0.0164514$ & $0.0589006$ & $0.0336854$ & $0.0152208$ & $0.0549154$ & $0.0830582$ & $-0.034678$ & $-0.0582144$ & $-0.101179$ & $-0.0761727$ & $0.157173$ & $0.00980756$ \\
eHWWpar & $0.0377332$ & $-0.0633629$ & $0.0865252$ & $0.0470398$ & $-0.0104083$ & $2.1823e-05$ & $0.000534007$ & $0.00114791$ & $0.00152114$ & $-0.00408708$ & $0.00017146$ & $-0.034765$ & $0.0201351$ & $0.00287879$ & $0.0128115$ & $0.00078808$ & $0.00256404$ & $-0.00365261$ & $0.0123952$ & $-0.0151373$ & $-0.0353523$ & $0.00581254$ & $-0.0167288$ & $0.00690466$ & $-0.00537602$ & $-0.00757458$ & $-0.0378115$ & $-0.0205541$ & $0.0315221$ & $-0.0456054$ & $-0.0695131$ & $-0.031107$ & $-0.0655754$ & $-0.0075665$ & $-0.0221504$ & $-0.04512$ & $-0.0164514$ & $1$ & $0.00855248$ & $0.0289361$ & $-0.00760374$ & $-5.85604e-05$ & $0.0422707$ & $0.0816933$ & $-0.047575$ & $-0.0119366$ & $-0.0393103$ & $0.00851821$ & $-0.0241148$ \\
eHZZint & $0.0639702$ & $0.0177181$ & $-0.0761984$ & $0.0207936$ & $0.00914017$ & $0.00242247$ & $-0.0085242$ & $0.00798965$ & $0.00665551$ & $0.00256418$ & $-0.0159213$ & $-0.020215$ & $-0.00029729$ & $0.0161383$ & $0.00332702$ & $0.0124262$ & $0.0183566$ & $-0.00392948$ & $-0.00887519$ & $-0.0100844$ & $-0.00996546$ & $0.00337638$ & $0.0148105$ & $0.0140066$ & $0.00421385$ & $-0.00359152$ & $0.00319893$ & $0.0165932$ & $-0.0173547$ & $-0.00977868$ & $-0.0137429$ & $-0.00594142$ & $-0.0151069$ & $0.00791752$ & $0.0370632$ & $-0.134352$ & $0.0589006$ & $0.00855248$ & $1$ & $-0.00480214$ & $0.0764304$ & $0.0252602$ & $0.0620818$ & $-0.00376277$ & $0.0703265$ & $0.128821$ & $-0.00983735$ & $-0.206859$ & $0.0424922$ \\
eHZZpar & $0.0409163$ & $-0.00901036$ & $0.0158045$ & $-0.0803776$ & $-0.0279035$ & $-0.0240242$ & $-0.0164395$ & $0.015257$ & $0.0113997$ & $-0.005376$ & $-0.017037$ & $0.0115389$ & $-0.00611484$ & $-0.00192521$ & $0.0402806$ & $0.0331885$ & $-0.0049916$ & $-0.0249908$ & $-0.0201197$ & $0.0282303$ & $0.00264657$ & $-0.00590679$ & $0.0121766$ & $-0.0124642$ & $-0.0105196$ & $-0.0180787$ & $-0.0181439$ & $-0.0296496$ & $0.0370448$ & $-0.0304852$ & $-0.0108195$ & $-0.0120033$ & $-0.0250862$ & $-0.0103213$ & $0.0635726$ & $0.00499726$ & $0.0336854$ & $0.0289361$ & $-0.00480214$ & $1$ & $0.0079478$ & $0.0244808$ & $-0.0168198$ & $0.00440451$ & $-0.0200283$ & $-0.0160465$ & $0.006135$ & $-0.0121122$ & $0.0163836$ \\
eHZgaint & $0.0739038$ & $-0.0912632$ & $-0.125244$ & $-0.0752659$ & $-0.0122085$ & $0.00357033$ & $-0.00989627$ & $0.00244745$ & $-0.00193754$ & $0.00144847$ & $-0.00168701$ & $-0.0168827$ & $0.00965303$ & $0.0114205$ & $0.0433024$ & $-0.0159388$ & $-0.00434581$ & $-0.0183599$ & $0.00854709$ & $0.00174916$ & $0.0024139$ & $-0.0239979$ & $-0.00740616$ & $-0.000487404$ & $-0.00709644$ & $0.0230488$ & $-0.017857$ & $0.0424334$ & $-0.000625621$ & $-0.0299166$ & $-0.052523$ & $-0.0125314$ & $-0.0220579$ & $-0.0314375$ & $-0.0216012$ & $-0.0160097$ & $0.0152208$ & $-0.00760374$ & $0.0764304$ & $0.0079478$ & $1$ & $0.0707126$ & $-0.0672291$ & $-0.0542384$ & $0.0455977$ & $-0.163725$ & $-0.0631493$ & $0.156503$ & $-0.0486035$ \\
eHZgapar & $0.0906941$ & $-0.0628243$ & $-0.0518111$ & $0.0317254$ & $0.00617122$ & $-0.00699253$ & $-0.0313252$ & $0.0534072$ & $0.0547256$ & $-0.0460639$ & $-0.0474743$ & $-0.0718266$ & $0.0540698$ & $-0.0182398$ & $0.0116702$ & $0.0130693$ & $-0.0410397$ & $-0.042121$ & $-0.0438171$ & $0.0428174$ & $0.0289585$ & $0.0212432$ & $0.0103854$ & $-0.0207466$ & $-0.0690799$ & $0.000720519$ & $-0.00790875$ & $0.00672255$ & $0.01505$ & $0.0237478$ & $0.0185564$ & $-0.0380222$ & $-0.00575849$ & $0.0158349$ & $-0.0588765$ & $0.0142789$ & $0.0549154$ & $-5.85604e-05$ & $0.0252602$ & $0.0244808$ & $0.0707126$ & $1$ & $0.0214435$ & $0.0638171$ & $0.0414529$ & $-0.0328319$ & $0.0733015$ & $-0.0544199$ & $-0.0168156$ \\
eHgagaint & $0.0583606$ & $-0.182859$ & $0.0707912$ & $0.144564$ & $0.0137331$ & $-0.00388816$ & $0.0119003$ & $0.0465478$ & $0.08684$ & $-0.029335$ & $-0.0436583$ & $-0.0578301$ & $0.0569648$ & $-0.0180633$ & $-0.0127962$ & $-0.00162948$ & $-0.0315794$ & $-0.00256271$ & $-0.0216558$ & $0.0511541$ & $0.0377696$ & $0.0263027$ & $0.000711103$ & $-0.0183939$ & $-0.0225218$ & $-0.0254466$ & $0.0132478$ & $0.0154786$ & $0.0583162$ & $0.0130088$ & $-0.0301763$ & $0.00905525$ & $-0.0707803$ & $0.0152631$ & $-0.0111631$ & $-0.0373717$ & $0.0830582$ & $0.0422707$ & $0.0620818$ & $-0.0168198$ & $-0.0672291$ & $0.0214435$ & $1$ & $0.123734$ & $0.0337535$ & $-0.110826$ & $-0.0931108$ & $0.0210063$ & $-0.203309$ \\
eHmumuint & $-0.109022$ & $0.0163052$ & $-0.0636103$ & $-0.140538$ & $-0.0140844$ & $-0.0240596$ & $-0.0314101$ & $0.0180389$ & $0.0212452$ & $-0.00751503$ & $-0.0123566$ & $-0.0190869$ & $0.0206958$ & $-0.0172249$ & $0.00105768$ & $0.0237564$ & $-0.0121101$ & $-0.0138279$ & $-0.0309765$ & $0.0140986$ & $0.0104318$ & $0.0113777$ & $-0.0145409$ & $0.021839$ & $-0.0242548$ & $0.0098217$ & $0.00931572$ & $-0.0114412$ & $0.0325555$ & $0.00523694$ & $0.0187136$ & $-0.0255135$ & $-0.0193496$ & $0.0194975$ & $-0.0740307$ & $0.0873131$ & $-0.034678$ & $0.0816933$ & $-0.00376277$ & $0.00440451$ & $-0.0542384$ & $0.0638171$ & $0.123734$ & $1$ & $-0.00417225$ & $0.106087$ & $0.0498169$ & $-0.0491366$ & $-0.0669768$ \\
eHtautauint & $0.025959$ & $0.0291048$ & $-0.133888$ & $0.0687043$ & $-0.0121944$ & $-0.0148923$ & $0.000488453$ & $0.0293232$ & $0.0317731$ & $-0.044364$ & $-0.0261748$ & $-0.0273089$ & $0.00985129$ & $-0.0190793$ & $0.0223285$ & $0.0273274$ & $-0.022968$ & $-0.0379824$ & $-0.0331719$ & $0.0333592$ & $0.00492386$ & $0.0149439$ & $-0.00724858$ & $-0.0068981$ & $-0.0400392$ & $0.0178563$ & $0.0164651$ & $0.0138563$ & $-0.00188106$ & $0.0268008$ & $0.0345964$ & $-0.00651598$ & $-0.0480753$ & $0.0064426$ & $-0.0538005$ & $-0.0826048$ & $-0.0582144$ & $-0.047575$ & $0.0703265$ & $-0.0200283$ & $0.0455977$ & $0.0414529$ & $0.0337535$ & $-0.00417225$ & $1$ & $-0.0370615$ & $0.116672$ & $-0.177246$ & $-0.0796876$ \\
eHccint & $0.0226658$ & $-0.00896184$ & $0.0036848$ & $0.0981986$ & $-0.0102932$ & $0.00766646$ & $0.0234969$ & $-0.0232582$ & $-0.0232053$ & $0.0149313$ & $0.0179214$ & $0.0102098$ & $-0.0120154$ & $0.0245987$ & $-0.0328778$ & $0.0130752$ & $0.0206713$ & $0.0377477$ & $0.0111245$ & $-0.019349$ & $-0.0492085$ & $-0.0157067$ & $-0.0221832$ & $0.0052925$ & $0.0220255$ & $0.00324473$ & $-0.0111419$ & $-0.0288184$ & $0.0146064$ & $0.0128366$ & $0.0705021$ & $0.00450248$ & $-0.0131018$ & $-0.000720268$ & $-0.16993$ & $0.00433679$ & $-0.101179$ & $-0.0119366$ & $0.128821$ & $-0.0160465$ & $-0.163725$ & $-0.0328319$ & $-0.110826$ & $0.106087$ & $-0.0370615$ & $1$ & $0.172761$ & $-0.114549$ & $-0.0168794$ \\
eHccpar & $-0.0549196$ & $-0.0578948$ & $-0.095693$ & $0.0207404$ & $-0.0120355$ & $0.00726843$ & $0.0338512$ & $0.0219252$ & $0.0219125$ & $-0.00390343$ & $-0.0286787$ & $0.00079684$ & $-0.00176702$ & $0.0183825$ & $-0.01664$ & $0.0189122$ & $0.00359787$ & $0.0146678$ & $-0.00349153$ & $0.0262255$ & $0.0126228$ & $0.0197024$ & $0.00899434$ & $-0.00223776$ & $0.0112012$ & $0.00942487$ & $0.028671$ & $-0.000402932$ & $0.000919742$ & $0.0243877$ & $0.238573$ & $0.0336014$ & $-0.00180551$ & $0.0173333$ & $-0.0717377$ & $-0.00598849$ & $-0.0761727$ & $-0.0393103$ & $-0.00983735$ & $0.006135$ & $-0.0631493$ & $0.0733015$ & $-0.0931108$ & $0.0498169$ & $0.116672$ & $0.172761$ & $1$ & $-0.168991$ & $-0.0291835$ \\
eHbbint & $-0.0647258$ & $0.0222009$ & $0.109866$ & $-0.116922$ & $-0.00137356$ & $0.0224629$ & $-0.00209118$ & $0.0138473$ & $0.0174805$ & $-0.00230847$ & $-0.0120341$ & $0.0110615$ & $0.000486641$ & $-0.0144283$ & $0.0203881$ & $-0.025515$ & $-0.0155868$ & $-0.0187094$ & $0.012286$ & $0.0282789$ & $0.00107858$ & $0.0107297$ & $0.0229985$ & $-0.0260702$ & $0.0101194$ & $-0.00980317$ & $0.0247252$ & $-0.016006$ & $-0.000896374$ & $-0.0253367$ & $-0.0537929$ & $-0.0118779$ & $0.0854146$ & $-0.000118813$ & $0.0796416$ & $0.0921419$ & $0.157173$ & $0.00851821$ & $-0.206859$ & $-0.0121122$ & $0.156503$ & $-0.0544199$ & $0.0210063$ & $-0.0491366$ & $-0.177246$ & $-0.114549$ & $-0.168991$ & $1$ & $0.0425857$ \\
eHbbpar & $-0.0614982$ & $0.0777556$ & $0.197117$ & $-0.0413617$ & $-0.0336638$ & $-0.0100632$ & $0.0195471$ & $-0.00186047$ & $-0.0112353$ & $0.0110201$ & $-0.00891217$ & $0.0381713$ & $-0.0616743$ & $0.0374978$ & $-0.00780971$ & $-0.00820435$ & $0.0211798$ & $0.0436614$ & $0.0163535$ & $-0.0215773$ & $-0.00237911$ & $0.0177482$ & $0.00592284$ & $0.0149551$ & $0.0402515$ & $0.0276092$ & $0.0365421$ & $-0.0314383$ & $0.00162203$ & $-0.0370102$ & $-0.0213139$ & $0.0169885$ & $0.273846$ & $0.0416221$ & $0.0174397$ & $0.0078288$ & $0.00980756$ & $-0.0241148$ & $0.0424922$ & $0.0163836$ & $-0.0486035$ & $-0.0168156$ & $-0.203309$ & $-0.0669768$ & $-0.0796876$ & $-0.0168794$ & $-0.0291835$ & $0.0425857$ & $1$ \\
