 & AlsMz & dAle5Mz & mtop & mHl & Mz & CW & CHG & CHWB & CHWHB_gaga & CHWHB_gagaorth & CHD & CHbox & CH & CHL1_11 & CHL1_22 & CHL1_33 & CHL3_11 & CHL3_22 & CHL3_33 & CHe_11 & CHe_22 & CHe_33 & CHQ1_11 & CHQ1_33 & CHQ3_11 & CHu_11 & CHd_11 & CHd_33 & CeH_22r & CeH_33r & CuH_22r & CuH_33r & CdH_33r & CLL_1221 & eHggint & eHggpar & eHWWint & eHWWpar & eHZZint & eHZZpar & eHZgaint & eHZgapar & eHgagaint & eHmumuint & eHtautauint & eHccint & eHccpar & eHbbint & eHbbpar \\
AlsMz & $1$ & $0.0408683$ & $0.117591$ & $-0.0381119$ & $-0.0023088$ & $0.033852$ & $0.00556209$ & $-0.00367448$ & $0.000953872$ & $-0.0407464$ & $0.0155771$ & $-0.0315661$ & $-0.00343366$ & $-0.0305411$ & $0.0235111$ & $-0.00916688$ & $-0.0487233$ & $-0.0541768$ & $-0.0278778$ & $-0.0215216$ & $-0.0227674$ & $-0.0278261$ & $0.0029934$ & $-0.0755016$ & $-0.163984$ & $-0.0451579$ & $-0.0438576$ & $-0.00702844$ & $0.0216369$ & $0.0104031$ & $0.0137333$ & $0.00566384$ & $-0.0164562$ & $-0.0260162$ & $0.00113984$ & $-0.00799245$ & $-0.0304486$ & $0.011978$ & $0.0542691$ & $0.00518642$ & $-0.0250416$ & $0.00887729$ & $0.058558$ & $-0.0145948$ & $-0.0195003$ & $-0.0814854$ & $-0.0264233$ & $0.0517304$ & $-0.0558043$ \\
dAle5Mz & $0.0408683$ & $1$ & $0.0164076$ & $-0.0634548$ & $-0.017961$ & $0.0282579$ & $0.0135266$ & $-0.0778835$ & $-0.0731037$ & $0.0182739$ & $0.0429271$ & $-0.0117048$ & $-0.0302335$ & $0.0141522$ & $-0.00287028$ & $-0.0153895$ & $0.0402743$ & $0.0347905$ & $0.0459298$ & $-0.0132567$ & $-0.0172908$ & $-0.0127791$ & $0.00986321$ & $0.0361177$ & $0.0317561$ & $-0.013448$ & $-0.0191698$ & $0.00725297$ & $0.0110574$ & $-0.0135535$ & $-0.0511669$ & $0.00341168$ & $0.00467495$ & $0.00479795$ & $-0.0222323$ & $-0.0187165$ & $-0.0246068$ & $0.0281093$ & $-0.0290324$ & $0.0312926$ & $-0.0620042$ & $-0.0169573$ & $0.0365406$ & $-0.0349406$ & $0.0419383$ & $-0.0392139$ & $-0.0206422$ & $0.0531258$ & $0.0214747$ \\
mtop & $0.117591$ & $0.0164076$ & $1$ & $-0.0181965$ & $0.0335149$ & $0.00745804$ & $0.0114372$ & $0.0131756$ & $0.0199477$ & $-0.0106267$ & $-0.00282961$ & $0.00632991$ & $0.0290243$ & $-0.00851746$ & $0.00362082$ & $0.00380512$ & $0.00318335$ & $-0.00774257$ & $-0.00503397$ & $0.00938686$ & $0.0124724$ & $0.0141829$ & $0.0155422$ & $-0.0175786$ & $-0.028761$ & $-0.0205305$ & $-0.00542438$ & $0.0190329$ & $-0.0167066$ & $0.010098$ & $0.0155391$ & $0.00688606$ & $-0.0186848$ & $0.0152978$ & $-0.0384839$ & $-0.0142462$ & $-0.0362107$ & $0.0218378$ & $-0.00966207$ & $-0.0107578$ & $0.0224646$ & $-0.0623227$ & $-0.00305422$ & $0.0569669$ & $0.0218444$ & $-0.0266596$ & $-0.00530541$ & $0.0250042$ & $-0.0772232$ \\
mHl & $-0.0381119$ & $-0.0634548$ & $-0.0181965$ & $1$ & $0.0143539$ & $0.0297783$ & $-0.0340859$ & $0.0141301$ & $0.0105375$ & $0.00280062$ & $-0.00312359$ & $0.0403836$ & $0.0461399$ & $-0.00914138$ & $0.023359$ & $0.0281921$ & $-0.0244834$ & $-0.0309008$ & $-0.0337894$ & $0.00353873$ & $-0.000947035$ & $0.00172442$ & $0.0168237$ & $-0.0119314$ & $-0.0274515$ & $-0.0139845$ & $-0.0199817$ & $0.00155843$ & $-0.00419407$ & $0.00895079$ & $-0.0070438$ & $-0.0262187$ & $0.0139993$ & $-0.0123068$ & $0.0276024$ & $0.0115206$ & $-0.00397327$ & $0.00909871$ & $0.0381118$ & $-0.00545434$ & $0.0225228$ & $0.00400214$ & $-0.0413977$ & $0.0857663$ & $0.00143346$ & $0.0223067$ & $-0.00378884$ & $-0.0845582$ & $0.0108545$ \\
Mz & $-0.0023088$ & $-0.017961$ & $0.0335149$ & $0.0143539$ & $1$ & $-0.0107024$ & $0.0215241$ & $0.0131821$ & $0.0183642$ & $-0.0371957$ & $0.00228651$ & $-0.0192383$ & $-0.00613022$ & $-0.0144001$ & $0.0120954$ & $0.00723017$ & $-0.0111447$ & $-0.0235389$ & $-0.017507$ & $0.0045868$ & $0.00631048$ & $0.00819337$ & $0.0129095$ & $-0.0239311$ & $-0.00763297$ & $-0.00509986$ & $0.0126974$ & $0.00575915$ & $0.00952084$ & $0.00465438$ & $-0.00516928$ & $0.0199514$ & $0.00834814$ & $-0.000979212$ & $0.0179303$ & $-0.0102097$ & $0.0287598$ & $0.00114742$ & $-0.0142867$ & $-0.00558773$ & $0.00768951$ & $-0.0390082$ & $-0.0185246$ & $-0.0104272$ & $-0.00449009$ & $0.00262712$ & $-0.0206099$ & $0.048572$ & $0.00483632$ \\
CW & $0.033852$ & $0.0282579$ & $0.00745804$ & $0.0297783$ & $-0.0107024$ & $1$ & $0.00627557$ & $-0.105366$ & $-0.0968589$ & $0.00175706$ & $0.175073$ & $0.0641075$ & $0.0356956$ & $-0.00158349$ & $-0.096639$ & $-0.0789383$ & $-0.277538$ & $-0.0622005$ & $-0.0721$ & $-0.175962$ & $-0.174591$ & $-0.169554$ & $-0.0187999$ & $-0.025543$ & $-0.109207$ & $0.114291$ & $-0.0524676$ & $-0.0682479$ & $0.0104277$ & $0.0212942$ & $0.0136426$ & $0.0133616$ & $0.0310987$ & $-0.0839844$ & $0.00604414$ & $0.00047583$ & $0.00020435$ & $0.00230301$ & $-0.00853928$ & $0.0113257$ & $-0.0274309$ & $0.022457$ & $0.042665$ & $0.00820282$ & $-0.0208337$ & $0.00934659$ & $-0.0259956$ & $-0.0271461$ & $0.0166008$ \\
CHG & $0.00556209$ & $0.0135266$ & $0.0114372$ & $-0.0340859$ & $0.0215241$ & $0.00627557$ & $1$ & $-0.11641$ & $-0.0604128$ & $0.0713809$ & $0.0569929$ & $-0.189838$ & $-0.285493$ & $0.0733055$ & $-0.0121283$ & $-0.0277642$ & $0.117927$ & $0.117317$ & $0.128282$ & $-0.0532081$ & $-0.0597704$ & $-0.0581673$ & $-0.0367605$ & $0.139662$ & $0.116282$ & $0.0606524$ & $-0.0485778$ & $-0.019658$ & $0.0296304$ & $-0.120435$ & $-0.0886852$ & $0.935709$ & $-0.149748$ & $-0.082946$ & $-0.020402$ & $-0.0273761$ & $0.00922541$ & $0.0330988$ & $0.0105263$ & $-0.0191812$ & $0.0135439$ & $-0.00638751$ & $0.000806179$ & $-0.01823$ & $0.00940139$ & $-0.00371094$ & $-0.0508832$ & $0.0571732$ & $-0.0516786$ \\
CHWB & $-0.00367448$ & $-0.0778835$ & $0.0131756$ & $0.0141301$ & $0.0131821$ & $-0.105366$ & $-0.11641$ & $1$ & $0.980955$ & $-0.578514$ & $-0.880425$ & $0.0177714$ & $0.355378$ & $0.128083$ & $0.30676$ & $0.296886$ & $-0.220182$ & $-0.41715$ & $-0.413254$ & $0.850125$ & $0.896041$ & $0.880872$ & $0.0861495$ & $-0.660883$ & $-0.377623$ & $-0.533501$ & $0.415274$ & $0.28667$ & $-0.000655664$ & $0.0967085$ & $0.0473569$ & $-0.112632$ & $0.0959396$ & $0.552847$ & $0.00197844$ & $-0.00388999$ & $0.000577549$ & $0.00476834$ & $0.00719881$ & $-0.00201168$ & $0.00137953$ & $-0.00358708$ & $-0.0469731$ & $0.036715$ & $-0.00166199$ & $0.00222114$ & $-0.0090338$ & $0.019395$ & $0.00293175$ \\
CHWHB_gaga & $0.000953872$ & $-0.0731037$ & $0.0199477$ & $0.0105375$ & $0.0183642$ & $-0.0968589$ & $-0.0604128$ & $0.980955$ & $1$ & $-0.566949$ & $-0.859622$ & $0.0285385$ & $0.346563$ & $0.118336$ & $0.298645$ & $0.28562$ & $-0.224581$ & $-0.415865$ & $-0.408581$ & $0.829807$ & $0.875681$ & $0.86212$ & $0.0820123$ & $-0.655836$ & $-0.373716$ & $-0.514752$ & $0.413511$ & $0.276894$ & $0.0127988$ & $0.119307$ & $0.0571124$ & $-0.0668672$ & $0.121545$ & $0.543461$ & $-0.0224965$ & $-0.01836$ & $-0.0155184$ & $0.000633892$ & $0.00589017$ & $-0.00249392$ & $-0.0104193$ & $-0.00476937$ & $0.03657$ & $0.0327735$ & $0.00134217$ & $0.00427081$ & $-0.017968$ & $0.0202794$ & $0.00745845$ \\
CHWHB_gagaorth & $-0.0407464$ & $0.0182739$ & $-0.0106267$ & $0.00280062$ & $-0.0371957$ & $0.00175706$ & $0.0713809$ & $-0.578514$ & $-0.566949$ & $1$ & $0.37908$ & $0.338546$ & $-0.225147$ & $0.174409$ & $-0.124044$ & $-0.144022$ & $0.401252$ & $0.451587$ & $0.463395$ & $-0.362862$ & $-0.39482$ & $-0.391052$ & $-0.0620308$ & $0.546932$ & $0.444536$ & $0.232146$ & $-0.240043$ & $-0.131112$ & $-0.00794577$ & $-0.100627$ & $-0.0755298$ & $0.0928608$ & $-0.118037$ & $-0.356338$ & $0.0395002$ & $0.0439215$ & $0.00265362$ & $0.00646892$ & $0.00908312$ & $0.015414$ & $-0.0346681$ & $-0.00746692$ & $0.00341147$ & $-0.0238923$ & $-0.0131764$ & $-0.00373782$ & $0.0070654$ & $-0.0233564$ & $-0.0317313$ \\
CHD & $0.0155771$ & $0.0429271$ & $-0.00282961$ & $-0.00312359$ & $0.00228651$ & $0.175073$ & $0.0569929$ & $-0.880425$ & $-0.859622$ & $0.37908$ & $1$ & $0.126538$ & $-0.176701$ & $-0.537299$ & $-0.432466$ & $-0.414448$ & $-0.233886$ & $0.0521256$ & $0.050347$ & $-0.99021$ & $-0.991208$ & $-0.969186$ & $-0.0252839$ & $0.295285$ & $0.00200195$ & $0.587811$ & $-0.279567$ & $-0.315228$ & $0.0155359$ & $-0.0583434$ & $-0.0219251$ & $0.0653041$ & $-0.0501355$ & $-0.35349$ & $0.0218619$ & $0.00967488$ & $0.00113901$ & $-0.0182684$ & $-0.0214326$ & $-0.00468117$ & $-0.00528035$ & $0.0109195$ & $0.055955$ & $-0.0273585$ & $-0.0132269$ & $-0.00581005$ & $0.00697663$ & $-0.00551515$ & $0.0107015$ \\
CHbox & $-0.0315661$ & $-0.0117048$ & $0.00632991$ & $0.0403836$ & $-0.0192383$ & $0.0641075$ & $-0.189838$ & $0.0177714$ & $0.0285385$ & $0.338546$ & $0.126538$ & $1$ & $0.668104$ & $-0.288881$ & $0.00876061$ & $0.0168527$ & $-0.305683$ & $-0.27509$ & $-0.278336$ & $-0.112068$ & $-0.129164$ & $-0.117828$ & $0.00587415$ & $-0.167588$ & $-0.269003$ & $0.0632064$ & $-0.0406216$ & $-0.053505$ & $0.0518551$ & $0.302025$ & $0.0807609$ & $-0.0943951$ & $0.315797$ & $-0.00250787$ & $0.0983613$ & $0.093974$ & $0.0182696$ & $-0.036648$ & $-0.0165325$ & $0.00990303$ & $-0.0761966$ & $0.0084943$ & $-0.0172237$ & $-0.0208751$ & $-0.0382772$ & $-0.0224966$ & $0.00225232$ & $0.0308452$ & $-0.00703564$ \\
CH & $-0.00343366$ & $-0.0302335$ & $0.0290243$ & $0.0461399$ & $-0.00613022$ & $0.0356956$ & $-0.285493$ & $0.355378$ & $0.346563$ & $-0.225147$ & $-0.176701$ & $0.668104$ & $1$ & $-0.226407$ & $0.0723553$ & $0.0907556$ & $-0.360974$ & $-0.378922$ & $-0.388864$ & $0.173017$ & $0.184761$ & $0.189239$ & $0.0556263$ & $-0.399047$ & $-0.367477$ & $-0.129981$ & $0.136747$ & $0.0374889$ & $0.0461499$ & $0.25072$ & $0.11328$ & $-0.235099$ & $0.274573$ & $0.219648$ & $0.0374649$ & $0.0397671$ & $0.00934866$ & $-0.0348033$ & $0.00203976$ & $-0.00878925$ & $-0.0504208$ & $0.0273415$ & $-0.0177236$ & $0.0112653$ & $0.0053076$ & $-0.0129165$ & $-0.00452527$ & $0.0313666$ & $0.00943553$ \\
CHL1_11 & $-0.0305411$ & $0.0141522$ & $-0.00851746$ & $-0.00914138$ & $-0.0144001$ & $-0.00158349$ & $0.0733055$ & $0.128083$ & $0.118336$ & $0.174409$ & $-0.537299$ & $-0.288881$ & $-0.226407$ & $1$ & $0.282636$ & $0.266527$ & $0.665356$ & $0.595207$ & $0.589472$ & $0.556392$ & $0.501074$ & $0.479942$ & $-0.0850648$ & $0.45981$ & $0.589675$ & $-0.293706$ & $-0.0957691$ & $0.163907$ & $-0.0310823$ & $-0.0337662$ & $-0.0288804$ & $0.0498005$ & $-0.0444452$ & $-0.200485$ & $-0.0521223$ & $-0.0102659$ & $0.00579427$ & $0.0249998$ & $0.0168029$ & $0.0219118$ & $0.0145611$ & $-0.0205214$ & $-0.0343137$ & $0.00372022$ & $0.0312586$ & $0.00526095$ & $0.00330641$ & $-0.031691$ & $-0.0209563$ \\
CHL1_22 & $0.0235111$ & $-0.00287028$ & $0.00362082$ & $0.023359$ & $0.0120954$ & $-0.096639$ & $-0.0121283$ & $0.30676$ & $0.298645$ & $-0.124044$ & $-0.432466$ & $0.00876061$ & $0.0723553$ & $0.282636$ & $1$ & $0.448513$ & $0.183458$ & $-0.441068$ & $-0.0297042$ & $0.496976$ & $0.351192$ & $0.336143$ & $-0.17406$ & $0.103516$ & $-0.125307$ & $-0.202882$ & $-0.392127$ & $0.0989896$ & $0.019129$ & $0.0376523$ & $0.00608075$ & $-0.0103321$ & $0.0101265$ & $-0.593553$ & $-0.00126682$ & $0.00378027$ & $-0.0134156$ & $0.0079912$ & $0.0437135$ & $0.00515134$ & $0.0243768$ & $-0.0072243$ & $-0.0345193$ & $-0.0214255$ & $0.0311282$ & $0.0103183$ & $0.00878265$ & $-0.0167685$ & $-0.0303372$ \\
CHL1_33 & $-0.00916688$ & $-0.0153895$ & $0.00380512$ & $0.0281921$ & $0.00723017$ & $-0.0789383$ & $-0.0277642$ & $0.296886$ & $0.28562$ & $-0.144022$ & $-0.414448$ & $0.0168527$ & $0.0907556$ & $0.266527$ & $0.448513$ & $1$ & $0.162301$ & $-0.0237304$ & $-0.445367$ & $0.480697$ & $0.333201$ & $0.35353$ & $-0.168027$ & $0.109747$ & $-0.131688$ & $-0.192502$ & $-0.390372$ & $0.0800373$ & $-0.0220545$ & $0.0536967$ & $0.0232383$ & $-0.0265942$ & $0.0332396$ & $-0.103685$ & $-0.00459464$ & $0.0182569$ & $0.00706377$ & $0.00675604$ & $0.00122764$ & $-0.0315968$ & $-0.0037676$ & $-0.00389024$ & $-0.0397238$ & $0.020107$ & $0.0338733$ & $0.000162924$ & $0.00634953$ & $0.0286004$ & $-0.022905$ \\
CHL3_11 & $-0.0487233$ & $0.0402743$ & $0.00318335$ & $-0.0244834$ & $-0.0111447$ & $-0.277538$ & $0.117927$ & $-0.220182$ & $-0.224581$ & $0.401252$ & $-0.233886$ & $-0.305683$ & $-0.360974$ & $0.665356$ & $0.183458$ & $0.162301$ & $1$ & $0.728673$ & $0.731354$ & $0.258526$ & $0.203758$ & $0.190675$ & $-0.0784815$ & $0.674553$ & $0.772784$ & $-0.11685$ & $-0.160926$ & $0.0664842$ & $-0.0315907$ & $-0.0892652$ & $-0.0547595$ & $0.093383$ & $-0.103313$ & $-0.256208$ & $-0.0430337$ & $-0.0184898$ & $-0.0143855$ & $0.0267118$ & $0.0381457$ & $0.00312195$ & $0.00798313$ & $-0.013098$ & $-0.0174408$ & $-0.0120922$ & $0.0206764$ & $0.0131483$ & $-0.0086883$ & $-0.0260532$ & $-0.0326318$ \\
CHL3_22 & $-0.0541768$ & $0.0347905$ & $-0.00774257$ & $-0.0309008$ & $-0.0235389$ & $-0.0622005$ & $0.117317$ & $-0.41715$ & $-0.415865$ & $0.451587$ & $0.0521256$ & $-0.27509$ & $-0.378922$ & $0.595207$ & $-0.441068$ & $-0.0237304$ & $0.728673$ & $1$ & $0.66828$ & $-0.0524175$ & $-0.0453808$ & $-0.0455978$ & $-0.00230072$ & $0.622013$ & $0.785816$ & $0.0277373$ & $-0.00417214$ & $-0.00940703$ & $-0.0450854$ & $-0.0957359$ & $-0.0481523$ & $0.0939172$ & $-0.0904617$ & $0.0427249$ & $-0.0443582$ & $-0.010599$ & $0.00749436$ & $0.0213192$ & $-0.00609081$ & $0.00599429$ & $-0.00621272$ & $-0.00898007$ & $0.00277026$ & $0.0031679$ & $0.00625497$ & $-0.000320161$ & $-0.000573768$ & $-0.0143484$ & $-0.00771039$ \\
CHL3_33 & $-0.0278778$ & $0.0459298$ & $-0.00503397$ & $-0.0337894$ & $-0.017507$ & $-0.0721$ & $0.128282$ & $-0.413254$ & $-0.408581$ & $0.463395$ & $0.050347$ & $-0.278336$ & $-0.388864$ & $0.589472$ & $-0.0297042$ & $-0.445367$ & $0.731354$ & $0.66828$ & $1$ & $-0.0532864$ & $-0.0406492$ & $-0.0470366$ & $-0.0051591$ & $0.605671$ & $0.786748$ & $0.0289356$ & $0.00837867$ & $0.00047631$ & $-0.0123321$ & $-0.107304$ & $-0.0624327$ & $0.104629$ & $-0.106864$ & $-0.329027$ & $-0.035038$ & $-0.0169398$ & $-0.00318601$ & $0.0201706$ & $0.025908$ & $0.0312926$ & $0.0169572$ & $-0.0111819$ & $0.00827628$ & $-0.0280977$ & $-0.000748553$ & $0.00826087$ & $-0.000209285$ & $-0.0470975$ & $-0.00877764$ \\
CHe_11 & $-0.0215216$ & $-0.0132567$ & $0.00938686$ & $0.00353873$ & $0.0045868$ & $-0.175962$ & $-0.0532081$ & $0.850125$ & $0.829807$ & $-0.362862$ & $-0.99021$ & $-0.112068$ & $0.173017$ & $0.556392$ & $0.496976$ & $0.480697$ & $0.258526$ & $-0.0524175$ & $-0.0532864$ & $1$ & $0.97296$ & $0.951888$ & $0.000913855$ & $-0.239134$ & $0.00510463$ & $-0.576712$ & $0.203637$ & $0.305259$ & $-0.0149977$ & $0.0579045$ & $0.0204855$ & $-0.0616041$ & $0.0486702$ & $0.274051$ & $-0.0202468$ & $-0.00469514$ & $0.00106$ & $0.021823$ & $0.0226513$ & $0.00484306$ & $0.00355061$ & $-0.0133901$ & $-0.0574283$ & $0.0221112$ & $0.0170333$ & $0.00480294$ & $-0.002152$ & $0.0100259$ & $-0.0115714$ \\
CHe_22 & $-0.0227674$ & $-0.0172908$ & $0.0124724$ & $-0.000947035$ & $0.00631048$ & $-0.174591$ & $-0.0597704$ & $0.896041$ & $0.875681$ & $-0.39482$ & $-0.991208$ & $-0.129164$ & $0.184761$ & $0.501074$ & $0.351192$ & $0.333201$ & $0.203758$ & $-0.0453808$ & $-0.0406492$ & $0.97296$ & $1$ & $0.974087$ & $0.0569154$ & $-0.348344$ & $-0.00414393$ & $-0.593746$ & $0.359253$ & $0.321158$ & $-0.015129$ & $0.0556089$ & $0.0197122$ & $-0.0689831$ & $0.0506737$ & $0.437636$ & $-0.020803$ & $-0.0122619$ & $-0.000682506$ & $0.0193885$ & $0.0191358$ & $0.00640606$ & $0.00342869$ & $-0.0112632$ & $-0.0521966$ & $0.0291774$ & $0.00989552$ & $0.00634211$ & $-0.0101534$ & $0.00715023$ & $-0.00591414$ \\
CHe_33 & $-0.0278261$ & $-0.0127791$ & $0.0141829$ & $0.00172442$ & $0.00819337$ & $-0.169554$ & $-0.0581673$ & $0.880872$ & $0.86212$ & $-0.391052$ & $-0.969186$ & $-0.117828$ & $0.189239$ & $0.479942$ & $0.336143$ & $0.35353$ & $0.190675$ & $-0.0455978$ & $-0.0470366$ & $0.951888$ & $0.974087$ & $1$ & $0.0476137$ & $-0.349446$ & $-0.00932519$ & $-0.572195$ & $0.355281$ & $0.313759$ & $-0.0184139$ & $0.0580302$ & $0.0248923$ & $-0.0665646$ & $0.0543211$ & $0.4415$ & $-0.0168872$ & $-0.00355999$ & $-0.00150964$ & $0.0198208$ & $0.00909615$ & $0.0051901$ & $0.00269729$ & $-0.0095306$ & $-0.048388$ & $0.0266838$ & $0.00512419$ & $0.00652146$ & $-0.00691539$ & $0.0111809$ & $-0.0066557$ \\
CHQ1_11 & $0.0029934$ & $0.00986321$ & $0.0155422$ & $0.0168237$ & $0.0129095$ & $-0.0187999$ & $-0.0367605$ & $0.0861495$ & $0.0820123$ & $-0.0620308$ & $-0.0252839$ & $0.00587415$ & $0.0556263$ & $-0.0850648$ & $-0.17406$ & $-0.168027$ & $-0.0784815$ & $-0.00230072$ & $-0.0051591$ & $0.000913855$ & $0.0569154$ & $0.0476137$ & $1$ & $-0.15072$ & $0.0744449$ & $-0.668901$ & $0.365292$ & $0.0264648$ & $0.00149381$ & $-0.0032836$ & $0.0129853$ & $-0.0342404$ & $0.0209594$ & $0.223184$ & $0.0113285$ & $0.0121193$ & $-0.00449135$ & $0.0153432$ & $0.0121305$ & $0.0240957$ & $0.0131048$ & $0.0172853$ & $0.00267141$ & $0.0061671$ & $0.000395421$ & $-0.0195248$ & $0.00988121$ & $0.0153034$ & $0.0343214$ \\
CHQ1_33 & $-0.0755016$ & $0.0361177$ & $-0.0175786$ & $-0.0119314$ & $-0.0239311$ & $-0.025543$ & $0.139662$ & $-0.660883$ & $-0.655836$ & $0.546932$ & $0.295285$ & $-0.167588$ & $-0.399047$ & $0.45981$ & $0.103516$ & $0.109747$ & $0.674553$ & $0.622013$ & $0.605671$ & $-0.239134$ & $-0.348344$ & $-0.349446$ & $-0.15072$ & $1$ & $0.631898$ & $0.207665$ & $-0.420513$ & $-0.0246193$ & $-0.0182124$ & $-0.0927755$ & $-0.0516484$ & $0.126745$ & $-0.10121$ & $-0.621847$ & $-0.0124807$ & $-0.00734429$ & $0.00737655$ & $0.00665985$ & $0.0247724$ & $-0.00165923$ & $0.00631638$ & $-0.0146482$ & $0.0108921$ & $-0.0245148$ & $0.024987$ & $0.00219373$ & $0.0174093$ & $-0.0392921$ & $-0.0141063$ \\
CHQ3_11 & $-0.163984$ & $0.0317561$ & $-0.028761$ & $-0.0274515$ & $-0.00763297$ & $-0.109207$ & $0.116282$ & $-0.377623$ & $-0.373716$ & $0.444536$ & $0.00200195$ & $-0.269003$ & $-0.367477$ & $0.589675$ & $-0.125307$ & $-0.131688$ & $0.772784$ & $0.785816$ & $0.786748$ & $0.00510463$ & $-0.00414393$ & $-0.00932519$ & $0.0744449$ & $0.631898$ & $1$ & $0.0103692$ & $0.221159$ & $-0.00507871$ & $-0.0244812$ & $-0.113044$ & $-0.063791$ & $0.087708$ & $-0.0915988$ & $-0.187772$ & $-0.0623831$ & $-0.0259707$ & $-0.00444266$ & $0.00616252$ & $-0.00590841$ & $0.0165113$ & $0.0223669$ & $-0.0228644$ & $0.0107589$ & $-0.00440776$ & $0.0104236$ & $0.0271845$ & $-0.00460167$ & $-0.0270242$ & $0.0131089$ \\
CHu_11 & $-0.0451579$ & $-0.013448$ & $-0.0205305$ & $-0.0139845$ & $-0.00509986$ & $0.114291$ & $0.0606524$ & $-0.533501$ & $-0.514752$ & $0.232146$ & $0.587811$ & $0.0632064$ & $-0.129981$ & $-0.293706$ & $-0.202882$ & $-0.192502$ & $-0.11685$ & $0.0277373$ & $0.0289356$ & $-0.576712$ & $-0.593746$ & $-0.572195$ & $-0.668901$ & $0.207665$ & $0.0103692$ & $1$ & $-0.194676$ & $-0.200229$ & $0.00661799$ & $-0.0335062$ & $-0.0213456$ & $0.0630202$ & $-0.0308483$ & $-0.268239$ & $-0.0136662$ & $-0.00963236$ & $-0.00161756$ & $-0.027299$ & $-0.0399758$ & $-0.0253122$ & $-0.0113022$ & $0.00230453$ & $0.0472564$ & $-0.00946061$ & $-0.00784159$ & $0.0187193$ & $-0.00192709$ & $-0.00412701$ & $0.00523974$ \\
CHd_11 & $-0.0438576$ & $-0.0191698$ & $-0.00542438$ & $-0.0199817$ & $0.0126974$ & $-0.0524676$ & $-0.0485778$ & $0.415274$ & $0.413511$ & $-0.240043$ & $-0.279567$ & $-0.0406216$ & $0.136747$ & $-0.0957691$ & $-0.392127$ & $-0.390372$ & $-0.160926$ & $-0.00417214$ & $0.00837867$ & $0.203637$ & $0.359253$ & $0.355281$ & $0.365292$ & $-0.420513$ & $0.221159$ & $-0.194676$ & $1$ & $0.10235$ & $0.00370717$ & $-0.00442267$ & $0.00338997$ & $-0.0568606$ & $0.0435978$ & $0.679296$ & $-0.0277421$ & $-0.0315421$ & $-0.00549325$ & $-0.018483$ & $-0.0297774$ & $0.0102027$ & $0.00459453$ & $-0.0076597$ & $0.0224386$ & $0.0367875$ & $-0.0249568$ & $0.0115912$ & $-0.0220943$ & $0.0174652$ & $0.053472$ \\
CHd_33 & $-0.00702844$ & $0.00725297$ & $0.0190329$ & $0.00155843$ & $0.00575915$ & $-0.0682479$ & $-0.019658$ & $0.28667$ & $0.276894$ & $-0.131112$ & $-0.315228$ & $-0.053505$ & $0.0374889$ & $0.163907$ & $0.0989896$ & $0.0800373$ & $0.0664842$ & $-0.00940703$ & $0.00047631$ & $0.305259$ & $0.321158$ & $0.313759$ & $0.0264648$ & $-0.0246193$ & $-0.00507871$ & $-0.200229$ & $0.10235$ & $1$ & $-0.0124327$ & $0.0320772$ & $-0.00174332$ & $-0.0122776$ & $0.0291556$ & $0.153557$ & $0.0338265$ & $-0.0327667$ & $-0.00381979$ & $0.0179174$ & $0.0151523$ & $-0.0111832$ & $0.0286528$ & $-0.0367754$ & $-0.00338045$ & $0.0178978$ & $-0.00741943$ & $-0.029941$ & $0.0274836$ & $-0.00532841$ & $0.0276756$ \\
CeH_22r & $0.0216369$ & $0.0110574$ & $-0.0167066$ & $-0.00419407$ & $0.00952084$ & $0.0104277$ & $0.0296304$ & $-0.000655664$ & $0.0127988$ & $-0.00794577$ & $0.0155359$ & $0.0518551$ & $0.0461499$ & $-0.0310823$ & $0.019129$ & $-0.0220545$ & $-0.0315907$ & $-0.0450854$ & $-0.0123321$ & $-0.0149977$ & $-0.015129$ & $-0.0184139$ & $0.00149381$ & $-0.0182124$ & $-0.0244812$ & $0.00661799$ & $0.00370717$ & $-0.0124327$ & $1$ & $0.0485326$ & $0.0139759$ & $0.0140193$ & $0.0502951$ & $-0.0189353$ & $-0.027662$ & $-0.0336275$ & $-0.0233441$ & $-0.0502538$ & $0.00371191$ & $-0.0142244$ & $-0.0123$ & $-0.0118811$ & $0.0223195$ & $-0.00444957$ & $0.00607425$ & $-0.0228914$ & $-0.0315999$ & $0.0183554$ & $-0.00221882$ \\
CeH_33r & $0.0104031$ & $-0.0135535$ & $0.010098$ & $0.00895079$ & $0.00465438$ & $0.0212942$ & $-0.120435$ & $0.0967085$ & $0.119307$ & $-0.100627$ & $-0.0583434$ & $0.302025$ & $0.25072$ & $-0.0337662$ & $0.0376523$ & $0.0536967$ & $-0.0892652$ & $-0.0957359$ & $-0.107304$ & $0.0579045$ & $0.0556089$ & $0.0580302$ & $-0.0032836$ & $-0.0927755$ & $-0.113044$ & $-0.0335062$ & $-0.00442267$ & $0.0320772$ & $0.0485326$ & $1$ & $0.294128$ & $0.0245944$ & $0.635614$ & $0.0399074$ & $-0.0788732$ & $0.00575096$ & $-0.205545$ & $-0.0574861$ & $-0.0099776$ & $-0.0149708$ & $-0.0422864$ & $-0.0392659$ & $0.00145252$ & $-0.0287388$ & $0.0432939$ & $-0.00153652$ & $-0.021499$ & $0.0287055$ & $0.052264$ \\
CuH_22r & $0.0137333$ & $-0.0511669$ & $0.0155391$ & $-0.0070438$ & $-0.00516928$ & $0.0136426$ & $-0.0886852$ & $0.0473569$ & $0.0571124$ & $-0.0755298$ & $-0.0219251$ & $0.0807609$ & $0.11328$ & $-0.0288804$ & $0.00608075$ & $0.0232383$ & $-0.0547595$ & $-0.0481523$ & $-0.0624327$ & $0.0204855$ & $0.0197122$ & $0.0248923$ & $0.0129853$ & $-0.0516484$ & $-0.063791$ & $-0.0213456$ & $0.00338997$ & $-0.00174332$ & $0.0139759$ & $0.294128$ & $1$ & $-0.0108494$ & $0.299413$ & $0.0288272$ & $-0.0541316$ & $-0.0161702$ & $-0.0792636$ & $0.0168019$ & $0.0283281$ & $-0.0218811$ & $0.00728602$ & $-0.0153504$ & $0.0033518$ & $0.000330601$ & $0.0262797$ & $0.0404115$ & $0.398025$ & $-0.0586643$ & $0.00410373$ \\
CuH_33r & $0.00566384$ & $0.00341168$ & $0.00688606$ & $-0.0262187$ & $0.0199514$ & $0.0133616$ & $0.935709$ & $-0.112632$ & $-0.0668672$ & $0.0928608$ & $0.0653041$ & $-0.0943951$ & $-0.235099$ & $0.0498005$ & $-0.0103321$ & $-0.0265942$ & $0.093383$ & $0.0939172$ & $0.104629$ & $-0.0616041$ & $-0.0689831$ & $-0.0665646$ & $-0.0342404$ & $0.126745$ & $0.087708$ & $0.0630202$ & $-0.0568606$ & $-0.0122776$ & $0.0140193$ & $0.0245944$ & $-0.0108494$ & $1$ & $0.0114939$ & $-0.0818081$ & $0.0629667$ & $0.0316233$ & $-0.0328352$ & $0.0270435$ & $0.024099$ & $-0.0265125$ & $0.013197$ & $-0.00427992$ & $-0.0088616$ & $-0.0265441$ & $-0.00453106$ & $-0.00631342$ & $-0.0561801$ & $0.0551977$ & $-0.0496762$ \\
CdH_33r & $-0.0164562$ & $0.00467495$ & $-0.0186848$ & $0.0139993$ & $0.00834814$ & $0.0310987$ & $-0.149748$ & $0.0959396$ & $0.121545$ & $-0.118037$ & $-0.0501355$ & $0.315797$ & $0.274573$ & $-0.0444452$ & $0.0101265$ & $0.0332396$ & $-0.103313$ & $-0.0904617$ & $-0.106864$ & $0.0486702$ & $0.0506737$ & $0.0543211$ & $0.0209594$ & $-0.10121$ & $-0.0915988$ & $-0.0308483$ & $0.0435978$ & $0.0291556$ & $0.0502951$ & $0.635614$ & $0.299413$ & $0.0114939$ & $1$ & $0.0636238$ & $-0.125023$ & $0.00150167$ & $-0.256247$ & $-0.0640579$ & $-0.0582631$ & $-0.0222355$ & $-0.0470371$ & $-0.0202738$ & $0.0461862$ & $-0.0600291$ & $-0.0346702$ & $-0.00912703$ & $-0.0308357$ & $0.190528$ & $0.547375$ \\
CLL_1221 & $-0.0260162$ & $0.00479795$ & $0.0152978$ & $-0.0123068$ & $-0.000979212$ & $-0.0839844$ & $-0.082946$ & $0.552847$ & $0.543461$ & $-0.356338$ & $-0.35349$ & $-0.00250787$ & $0.219648$ & $-0.200485$ & $-0.593553$ & $-0.103685$ & $-0.256208$ & $0.0427249$ & $-0.329027$ & $0.274051$ & $0.437636$ & $0.4415$ & $0.223184$ & $-0.621847$ & $-0.187772$ & $-0.268239$ & $0.679296$ & $0.153557$ & $-0.0189353$ & $0.0399074$ & $0.0288272$ & $-0.0818081$ & $0.0636238$ & $1$ & $0.00144691$ & $-0.0104576$ & $0.00222835$ & $0.000326012$ & $-0.0291104$ & $-0.0100178$ & $-0.0242941$ & $0.0055952$ & $-0.00701576$ & $0.0498589$ & $-0.027061$ & $-0.00823799$ & $-0.0222394$ & $0.0357257$ & $0.0237346$ \\
eHggint & $0.00113984$ & $-0.0222323$ & $-0.0384839$ & $0.0276024$ & $0.0179303$ & $0.00604414$ & $-0.020402$ & $0.00197844$ & $-0.0224965$ & $0.0395002$ & $0.0218619$ & $0.0983613$ & $0.0374649$ & $-0.0521223$ & $-0.00126682$ & $-0.00459464$ & $-0.0430337$ & $-0.0443582$ & $-0.035038$ & $-0.0202468$ & $-0.020803$ & $-0.0168872$ & $0.0113285$ & $-0.0124807$ & $-0.0623831$ & $-0.0136662$ & $-0.0277421$ & $0.0338265$ & $-0.027662$ & $-0.0788732$ & $-0.0541316$ & $0.0629667$ & $-0.125023$ & $0.00144691$ & $1$ & $-0.0904566$ & $0.0592545$ & $0.00847353$ & $0.0365566$ & $0.0250254$ & $0.0370125$ & $0.0397889$ & $-0.063114$ & $-0.037456$ & $-0.0606527$ & $-0.0220745$ & $-0.027378$ & $-0.00441961$ & $-0.119$ \\
eHggpar & $-0.00799245$ & $-0.0187165$ & $-0.0142462$ & $0.0115206$ & $-0.0102097$ & $0.00047583$ & $-0.0273761$ & $-0.00388999$ & $-0.01836$ & $0.0439215$ & $0.00967488$ & $0.093974$ & $0.0397671$ & $-0.0102659$ & $0.00378027$ & $0.0182569$ & $-0.0184898$ & $-0.010599$ & $-0.0169398$ & $-0.00469514$ & $-0.0122619$ & $-0.00355999$ & $0.0121193$ & $-0.00734429$ & $-0.0259707$ & $-0.00963236$ & $-0.0315421$ & $-0.0327667$ & $-0.0336275$ & $0.00575096$ & $-0.0161702$ & $0.0316233$ & $0.00150167$ & $-0.0104576$ & $-0.0904566$ & $1$ & $-0.0133005$ & $0.00703993$ & $0.00247347$ & $-0.0205251$ & $0.0126626$ & $0.021963$ & $-0.0457226$ & $0.00114474$ & $-0.0360167$ & $-0.0106779$ & $-0.0217922$ & $-0.0203548$ & $0.0193397$ \\
eHWWint & $-0.0304486$ & $-0.0246068$ & $-0.0362107$ & $-0.00397327$ & $0.0287598$ & $0.00020435$ & $0.00922541$ & $0.000577549$ & $-0.0155184$ & $0.00265362$ & $0.00113901$ & $0.0182696$ & $0.00934866$ & $0.00579427$ & $-0.0134156$ & $0.00706377$ & $-0.0143855$ & $0.00749436$ & $-0.00318601$ & $0.00106$ & $-0.000682506$ & $-0.00150964$ & $-0.00449135$ & $0.00737655$ & $-0.00444266$ & $-0.00161756$ & $-0.00549325$ & $-0.00381979$ & $-0.0233441$ & $-0.205545$ & $-0.0792636$ & $-0.0328352$ & $-0.256247$ & $0.00222835$ & $0.0592545$ & $-0.0133005$ & $1$ & $0.0258025$ & $-0.00269502$ & $0.0207182$ & $0.0210681$ & $0.00286046$ & $-0.0407042$ & $0.0762242$ & $-0.0339742$ & $1.81927e-05$ & $0.0528764$ & $-0.0607873$ & $-0.0665741$ \\
eHWWpar & $0.011978$ & $0.0281093$ & $0.0218378$ & $0.00909871$ & $0.00114742$ & $0.00230301$ & $0.0330988$ & $0.00476834$ & $0.000633892$ & $0.00646892$ & $-0.0182684$ & $-0.036648$ & $-0.0348033$ & $0.0249998$ & $0.0079912$ & $0.00675604$ & $0.0267118$ & $0.0213192$ & $0.0201706$ & $0.021823$ & $0.0193885$ & $0.0198208$ & $0.0153432$ & $0.00665985$ & $0.00616252$ & $-0.027299$ & $-0.018483$ & $0.0179174$ & $-0.0502538$ & $-0.0574861$ & $0.0168019$ & $0.0270435$ & $-0.0640579$ & $0.000326012$ & $0.00847353$ & $0.00703993$ & $0.0258025$ & $1$ & $-0.00288844$ & $0.01874$ & $0.0372583$ & $0.0165797$ & $-0.0283774$ & $0.0148187$ & $0.0151625$ & $0.0450159$ & $0.0188897$ & $0.0177272$ & $-0.0235831$ \\
eHZZint & $0.0542691$ & $-0.0290324$ & $-0.00966207$ & $0.0381118$ & $-0.0142867$ & $-0.00853928$ & $0.0105263$ & $0.00719881$ & $0.00589017$ & $0.00908312$ & $-0.0214326$ & $-0.0165325$ & $0.00203976$ & $0.0168029$ & $0.0437135$ & $0.00122764$ & $0.0381457$ & $-0.00609081$ & $0.025908$ & $0.0226513$ & $0.0191358$ & $0.00909615$ & $0.0121305$ & $0.0247724$ & $-0.00590841$ & $-0.0399758$ & $-0.0297774$ & $0.0151523$ & $0.00371191$ & $-0.0099776$ & $0.0283281$ & $0.024099$ & $-0.0582631$ & $-0.0291104$ & $0.0365566$ & $0.00247347$ & $-0.00269502$ & $-0.00288844$ & $1$ & $-0.0406657$ & $0.0430284$ & $-0.0121655$ & $0.0171579$ & $0.0235803$ & $0.0101395$ & $-0.0235799$ & $0.0160476$ & $-0.0277946$ & $-0.066984$ \\
eHZZpar & $0.00518642$ & $0.0312926$ & $-0.0107578$ & $-0.00545434$ & $-0.00558773$ & $0.0113257$ & $-0.0191812$ & $-0.00201168$ & $-0.00249392$ & $0.015414$ & $-0.00468117$ & $0.00990303$ & $-0.00878925$ & $0.0219118$ & $0.00515134$ & $-0.0315968$ & $0.00312195$ & $0.00599429$ & $0.0312926$ & $0.00484306$ & $0.00640606$ & $0.0051901$ & $0.0240957$ & $-0.00165923$ & $0.0165113$ & $-0.0253122$ & $0.0102027$ & $-0.0111832$ & $-0.0142244$ & $-0.0149708$ & $-0.0218811$ & $-0.0265125$ & $-0.0222355$ & $-0.0100178$ & $0.0250254$ & $-0.0205251$ & $0.0207182$ & $0.01874$ & $-0.0406657$ & $1$ & $0.00392284$ & $0.0154538$ & $0.0131846$ & $-0.0218211$ & $-0.0213522$ & $0.0118585$ & $0.000432218$ & $0.023967$ & $-0.00876465$ \\
eHZgaint & $-0.0250416$ & $-0.0620042$ & $0.0224646$ & $0.0225228$ & $0.00768951$ & $-0.0274309$ & $0.0135439$ & $0.00137953$ & $-0.0104193$ & $-0.0346681$ & $-0.00528035$ & $-0.0761966$ & $-0.0504208$ & $0.0145611$ & $0.0243768$ & $-0.0037676$ & $0.00798313$ & $-0.00621272$ & $0.0169572$ & $0.00355061$ & $0.00342869$ & $0.00269729$ & $0.0131048$ & $0.00631638$ & $0.0223669$ & $-0.0113022$ & $0.00459453$ & $0.0286528$ & $-0.0123$ & $-0.0422864$ & $0.00728602$ & $0.013197$ & $-0.0470371$ & $-0.0242941$ & $0.0370125$ & $0.0126626$ & $0.0210681$ & $0.0372583$ & $0.0430284$ & $0.00392284$ & $1$ & $-0.0341742$ & $-0.0694817$ & $0.0843375$ & $0.00367624$ & $0.0709224$ & $0.0582649$ & $-0.0380046$ & $-0.0228692$ \\
eHZgapar & $0.00887729$ & $-0.0169573$ & $-0.0623227$ & $0.00400214$ & $-0.0390082$ & $0.022457$ & $-0.00638751$ & $-0.00358708$ & $-0.00476937$ & $-0.00746692$ & $0.0109195$ & $0.0084943$ & $0.0273415$ & $-0.0205214$ & $-0.0072243$ & $-0.00389024$ & $-0.013098$ & $-0.00898007$ & $-0.0111819$ & $-0.0133901$ & $-0.0112632$ & $-0.0095306$ & $0.0172853$ & $-0.0146482$ & $-0.0228644$ & $0.00230453$ & $-0.0076597$ & $-0.0367754$ & $-0.0118811$ & $-0.0392659$ & $-0.0153504$ & $-0.00427992$ & $-0.0202738$ & $0.0055952$ & $0.0397889$ & $0.021963$ & $0.00286046$ & $0.0165797$ & $-0.0121655$ & $0.0154538$ & $-0.0341742$ & $1$ & $0.0585428$ & $-0.0183483$ & $0.00203762$ & $0.0426802$ & $-0.0345862$ & $0.00182255$ & $-0.00999069$ \\
eHgagaint & $0.058558$ & $0.0365406$ & $-0.00305422$ & $-0.0413977$ & $-0.0185246$ & $0.042665$ & $0.000806179$ & $-0.0469731$ & $0.03657$ & $0.00341147$ & $0.055955$ & $-0.0172237$ & $-0.0177236$ & $-0.0343137$ & $-0.0345193$ & $-0.0397238$ & $-0.0174408$ & $0.00277026$ & $0.00827628$ & $-0.0574283$ & $-0.0521966$ & $-0.048388$ & $0.00267141$ & $0.0108921$ & $0.0107589$ & $0.0472564$ & $0.0224386$ & $-0.00338045$ & $0.0223195$ & $0.00145252$ & $0.0033518$ & $-0.0088616$ & $0.0461862$ & $-0.00701576$ & $-0.063114$ & $-0.0457226$ & $-0.0407042$ & $-0.0283774$ & $0.0171579$ & $0.0131846$ & $-0.0694817$ & $0.0585428$ & $1$ & $-0.035045$ & $0.0073904$ & $0.0452872$ & $0.0185956$ & $-0.0323833$ & $0.0860462$ \\
eHmumuint & $-0.0145948$ & $-0.0349406$ & $0.0569669$ & $0.0857663$ & $-0.0104272$ & $0.00820282$ & $-0.01823$ & $0.036715$ & $0.0327735$ & $-0.0238923$ & $-0.0273585$ & $-0.0208751$ & $0.0112653$ & $0.00372022$ & $-0.0214255$ & $0.020107$ & $-0.0120922$ & $0.0031679$ & $-0.0280977$ & $0.0221112$ & $0.0291774$ & $0.0266838$ & $0.0061671$ & $-0.0245148$ & $-0.00440776$ & $-0.00946061$ & $0.0367875$ & $0.0178978$ & $-0.00444957$ & $-0.0287388$ & $0.000330601$ & $-0.0265441$ & $-0.0600291$ & $0.0498589$ & $-0.037456$ & $0.00114474$ & $0.0762242$ & $0.0148187$ & $0.0235803$ & $-0.0218211$ & $0.0843375$ & $-0.0183483$ & $-0.035045$ & $1$ & $0.00921315$ & $0.0387555$ & $0.000126533$ & $-0.101895$ & $-0.0236$ \\
eHtautauint & $-0.0195003$ & $0.0419383$ & $0.0218444$ & $0.00143346$ & $-0.00449009$ & $-0.0208337$ & $0.00940139$ & $-0.00166199$ & $0.00134217$ & $-0.0131764$ & $-0.0132269$ & $-0.0382772$ & $0.0053076$ & $0.0312586$ & $0.0311282$ & $0.0338733$ & $0.0206764$ & $0.00625497$ & $-0.000748553$ & $0.0170333$ & $0.00989552$ & $0.00512419$ & $0.000395421$ & $0.024987$ & $0.0104236$ & $-0.00784159$ & $-0.0249568$ & $-0.00741943$ & $0.00607425$ & $0.0432939$ & $0.0262797$ & $-0.00453106$ & $-0.0346702$ & $-0.027061$ & $-0.0606527$ & $-0.0360167$ & $-0.0339742$ & $0.0151625$ & $0.0101395$ & $-0.0213522$ & $0.00367624$ & $0.00203762$ & $0.0073904$ & $0.00921315$ & $1$ & $0.042537$ & $0.066176$ & $-0.0552779$ & $-0.0252784$ \\
eHccint & $-0.0814854$ & $-0.0392139$ & $-0.0266596$ & $0.0223067$ & $0.00262712$ & $0.00934659$ & $-0.00371094$ & $0.00222114$ & $0.00427081$ & $-0.00373782$ & $-0.00581005$ & $-0.0224966$ & $-0.0129165$ & $0.00526095$ & $0.0103183$ & $0.000162924$ & $0.0131483$ & $-0.000320161$ & $0.00826087$ & $0.00480294$ & $0.00634211$ & $0.00652146$ & $-0.0195248$ & $0.00219373$ & $0.0271845$ & $0.0187193$ & $0.0115912$ & $-0.029941$ & $-0.0228914$ & $-0.00153652$ & $0.0404115$ & $-0.00631342$ & $-0.00912703$ & $-0.00823799$ & $-0.0220745$ & $-0.0106779$ & $1.81927e-05$ & $0.0450159$ & $-0.0235799$ & $0.0118585$ & $0.0709224$ & $0.0426802$ & $0.0452872$ & $0.0387555$ & $0.042537$ & $1$ & $0.0110293$ & $-0.0221333$ & $0.028464$ \\
eHccpar & $-0.0264233$ & $-0.0206422$ & $-0.00530541$ & $-0.00378884$ & $-0.0206099$ & $-0.0259956$ & $-0.0508832$ & $-0.0090338$ & $-0.017968$ & $0.0070654$ & $0.00697663$ & $0.00225232$ & $-0.00452527$ & $0.00330641$ & $0.00878265$ & $0.00634953$ & $-0.0086883$ & $-0.000573768$ & $-0.000209285$ & $-0.002152$ & $-0.0101534$ & $-0.00691539$ & $0.00988121$ & $0.0174093$ & $-0.00460167$ & $-0.00192709$ & $-0.0220943$ & $0.0274836$ & $-0.0315999$ & $-0.021499$ & $0.398025$ & $-0.0561801$ & $-0.0308357$ & $-0.0222394$ & $-0.027378$ & $-0.0217922$ & $0.0528764$ & $0.0188897$ & $0.0160476$ & $0.000432218$ & $0.0582649$ & $-0.0345862$ & $0.0185956$ & $0.000126533$ & $0.066176$ & $0.0110293$ & $1$ & $-0.11373$ & $0.0211966$ \\
eHbbint & $0.0517304$ & $0.0531258$ & $0.0250042$ & $-0.0845582$ & $0.048572$ & $-0.0271461$ & $0.0571732$ & $0.019395$ & $0.0202794$ & $-0.0233564$ & $-0.00551515$ & $0.0308452$ & $0.0313666$ & $-0.031691$ & $-0.0167685$ & $0.0286004$ & $-0.0260532$ & $-0.0143484$ & $-0.0470975$ & $0.0100259$ & $0.00715023$ & $0.0111809$ & $0.0153034$ & $-0.0392921$ & $-0.0270242$ & $-0.00412701$ & $0.0174652$ & $-0.00532841$ & $0.0183554$ & $0.0287055$ & $-0.0586643$ & $0.0551977$ & $0.190528$ & $0.0357257$ & $-0.00441961$ & $-0.0203548$ & $-0.0607873$ & $0.0177272$ & $-0.0277946$ & $0.023967$ & $-0.0380046$ & $0.00182255$ & $-0.0323833$ & $-0.101895$ & $-0.0552779$ & $-0.0221333$ & $-0.11373$ & $1$ & $0.0184094$ \\
eHbbpar & $-0.0558043$ & $0.0214747$ & $-0.0772232$ & $0.0108545$ & $0.00483632$ & $0.0166008$ & $-0.0516786$ & $0.00293175$ & $0.00745845$ & $-0.0317313$ & $0.0107015$ & $-0.00703564$ & $0.00943553$ & $-0.0209563$ & $-0.0303372$ & $-0.022905$ & $-0.0326318$ & $-0.00771039$ & $-0.00877764$ & $-0.0115714$ & $-0.00591414$ & $-0.0066557$ & $0.0343214$ & $-0.0141063$ & $0.0131089$ & $0.00523974$ & $0.053472$ & $0.0276756$ & $-0.00221882$ & $0.052264$ & $0.00410373$ & $-0.0496762$ & $0.547375$ & $0.0237346$ & $-0.119$ & $0.0193397$ & $-0.0665741$ & $-0.0235831$ & $-0.066984$ & $-0.00876465$ & $-0.0228692$ & $-0.00999069$ & $0.0860462$ & $-0.0236$ & $-0.0252784$ & $0.028464$ & $0.0211966$ & $0.0184094$ & $1$ \\
