 & AlsMz & dAle5Mz & mtop & mHl & Mz & CW & CHG & CHWB & CHWHB_gaga & CHWHB_gagaorth & CHD & CHbox & CH & CHL1_11 & CHL1_22 & CHL1_33 & CHL3_11 & CHL3_22 & CHL3_33 & CHe_11 & CHe_22 & CHe_33 & CHQ1_11 & CHQ1_33 & CHQ3_11 & CHu_11 & CHd_11 & CHd_33 & CeH_22r & CeH_33r & CuH_22r & CuH_33r & CdH_33r & CLL_1221 & eHggint & eHggpar & eHWWint & eHWWpar & eHZZint & eHZZpar & eHZgaint & eHZgapar & eHgagaint & eHmumuint & eHtautauint & eHccint & eHccpar & eHbbint & eHbbpar \\
AlsMz & $1$ & $-0.101927$ & $0.0995827$ & $0.00314107$ & $-0.00553765$ & $-0.0225576$ & $0.0111815$ & $-0.000498781$ & $0.004981$ & $0.0290786$ & $0.0023676$ & $0.0268678$ & $0.00756503$ & $-0.0263186$ & $0.031617$ & $-0.0244248$ & $-0.010742$ & $-0.0351353$ & $0.000611458$ & $-0.00678314$ & $-0.0143528$ & $-0.0239408$ & $-0.00178561$ & $-0.0644559$ & $-0.113415$ & $-0.0454833$ & $-0.0408544$ & $0.00809313$ & $-0.0597082$ & $-0.040997$ & $0.0178759$ & $0.0144405$ & $-0.0360143$ & $-0.0303964$ & $0.0520053$ & $0.0956748$ & $0.0204389$ & $-0.00541433$ & $-0.0412493$ & $0.0459125$ & $-0.0598166$ & $0.0153311$ & $0.117385$ & $0.0481615$ & $0.00330626$ & $0.0169951$ & $0.024585$ & $-0.0543757$ & $-0.000969394$ \\
dAle5Mz & $-0.101927$ & $1$ & $0.0273645$ & $0.0741537$ & $-0.0308041$ & $0.019193$ & $-0.0333177$ & $-0.0684795$ & $-0.0733575$ & $0.027322$ & $0.0288308$ & $0.0252086$ & $-0.000955587$ & $0.0299417$ & $0.0319503$ & $0.0325413$ & $0.0457543$ & $0.0287458$ & $0.0264222$ & $0.00145597$ & $-0.013598$ & $-0.00831419$ & $0.00442625$ & $0.0693925$ & $0.0456728$ & $0.00725542$ & $-0.0345476$ & $0.0162539$ & $-0.020396$ & $-0.0278121$ & $-0.0409244$ & $-0.0205987$ & $0.00546477$ & $-0.0283148$ & $0.0578359$ & $0.0161067$ & $0.172559$ & $-0.0046812$ & $-0.0727682$ & $0.0116375$ & $0.0539809$ & $0.0357917$ & $0.0841067$ & $0.160965$ & $-0.104853$ & $-0.120227$ & $0.0568452$ & $0.110214$ & $0.0174138$ \\
mtop & $0.0995827$ & $0.0273645$ & $1$ & $-0.015988$ & $-0.00337901$ & $0.0196765$ & $-0.015511$ & $0.00848509$ & $0.00829836$ & $-0.0416786$ & $0.00795872$ & $-0.017484$ & $-0.00359131$ & $-0.00823996$ & $-0.0154097$ & $0.0348701$ & $-0.0287959$ & $-0.0037524$ & $-0.0396613$ & $0.00151811$ & $-0.00231747$ & $-4.66001e-05$ & $0.0272524$ & $-0.00608773$ & $-0.0424993$ & $-0.0166867$ & $-0.0118553$ & $0.0235048$ & $0.00135717$ & $-0.0102209$ & $-0.00261241$ & $-0.00950225$ & $0.0274163$ & $0.0214829$ & $-6.71546e-05$ & $-0.111053$ & $0.155663$ & $-0.0354905$ & $-0.00036421$ & $-0.0124619$ & $0.0457384$ & $0.0122541$ & $0.069589$ & $-0.0655423$ & $-0.190963$ & $-0.0822388$ & $0.0103806$ & $-0.105816$ & $0.115507$ \\
mHl & $0.00314107$ & $0.0741537$ & $-0.015988$ & $1$ & $0.0292191$ & $0.0203791$ & $-0.0135889$ & $-0.000308774$ & $-0.00208923$ & $-0.0120024$ & $-0.00836154$ & $0.00167177$ & $-0.0144573$ & $0.0240057$ & $-0.00334687$ & $0.0304642$ & $0.00908492$ & $0.0162972$ & $-0.0139155$ & $0.00923617$ & $0.00786566$ & $0.000336107$ & $0.0439526$ & $0.0124799$ & $-0.0138617$ & $-0.0507783$ & $-0.0348137$ & $0.0367847$ & $-0.00136282$ & $0.0028078$ & $-0.0355804$ & $-0.0138963$ & $-0.0350481$ & $0.00348018$ & $0.0582892$ & $0.119018$ & $0.00381641$ & $-0.0336241$ & $-0.185135$ & $0.00136346$ & $0.0398929$ & $0.0268282$ & $-0.00333036$ & $0.0945018$ & $-0.0368331$ & $-0.100643$ & $-0.0221553$ & $-0.023901$ & $-0.0170417$ \\
Mz & $-0.00553765$ & $-0.0308041$ & $-0.00337901$ & $0.0292191$ & $1$ & $0.022098$ & $0.020909$ & $0.0221386$ & $0.0235244$ & $-0.0132974$ & $-0.00134989$ & $-0.00726952$ & $-0.00385852$ & $0.00677479$ & $-0.0317058$ & $-0.0191926$ & $-0.0348952$ & $-0.000914547$ & $-0.00484966$ & $0.00741887$ & $0.0170387$ & $0.0224519$ & $0.00356775$ & $-0.03038$ & $-0.000127038$ & $0.0102315$ & $0.050583$ & $0.00113801$ & $0.00357004$ & $-0.00528939$ & $0.0300796$ & $0.0202326$ & $-0.0136268$ & $0.030825$ & $-0.00220467$ & $0.00602482$ & $0.00610025$ & $-0.0460954$ & $0.0227586$ & $-0.0315585$ & $-0.00902995$ & $-0.0233895$ & $-0.033481$ & $-0.0237765$ & $0.0288497$ & $-0.00740841$ & $0.00420623$ & $0.0228831$ & $-0.0184217$ \\
CW & $-0.0225576$ & $0.019193$ & $0.0196765$ & $0.0203791$ & $0.022098$ & $1$ & $-0.00144012$ & $-0.109681$ & $-0.105035$ & $-0.0134043$ & $0.185856$ & $0.0167794$ & $0.0179774$ & $-0.0189277$ & $-0.0634973$ & $-0.0682824$ & $-0.277937$ & $-0.0867958$ & $-0.0821506$ & $-0.1833$ & $-0.190338$ & $-0.182046$ & $-0.00323305$ & $-0.0150282$ & $-0.121588$ & $0.101459$ & $-0.0780974$ & $-0.0409174$ & $0.0129817$ & $0.0175895$ & $0.012696$ & $0.00616033$ & $0.0187916$ & $-0.108566$ & $-0.0529117$ & $-0.0670093$ & $-0.0392994$ & $-0.0124471$ & $-0.00233259$ & $-0.00259503$ & $0.034007$ & $0.00662346$ & $0.0201045$ & $-0.00787829$ & $0.0130305$ & $0.0413767$ & $-0.038008$ & $0.036525$ & $-0.030696$ \\
CHG & $0.0111815$ & $-0.0333177$ & $-0.015511$ & $-0.0135889$ & $0.020909$ & $-0.00144012$ & $1$ & $-0.1132$ & $-0.0608362$ & $0.087691$ & $0.0619258$ & $0.166441$ & $-0.310839$ & $0.0563486$ & $-0.0233748$ & $-0.0288267$ & $0.113182$ & $0.110017$ & $0.115501$ & $-0.0606605$ & $-0.065997$ & $-0.0682897$ & $0.0191713$ & $0.0997779$ & $0.116558$ & $0.0172604$ & $-0.0413274$ & $-0.0316725$ & $0.034133$ & $-0.161013$ & $-0.0664876$ & $0.928427$ & $-0.169416$ & $-0.06533$ & $-0.0227609$ & $-0.0343714$ & $0.0507667$ & $0.0572414$ & $0.0119522$ & $-0.0122968$ & $-0.0271153$ & $0.0100811$ & $0.054823$ & $-0.00175115$ & $-0.0102022$ & $0.00324068$ & $-0.0265243$ & $-0.0518288$ & $0.00403009$ \\
CHWB & $-0.000498781$ & $-0.0684795$ & $0.00848509$ & $-0.000308774$ & $0.0221386$ & $-0.109681$ & $-0.1132$ & $1$ & $0.983652$ & $-0.5666$ & $-0.876471$ & $-0.418126$ & $0.344639$ & $0.0900673$ & $0.277386$ & $0.302622$ & $-0.252175$ & $-0.425935$ & $-0.441964$ & $0.84722$ & $0.893891$ & $0.874948$ & $0.0640282$ & $-0.680787$ & $-0.420544$ & $-0.504705$ & $0.396104$ & $0.292793$ & $0.0105124$ & $0.113833$ & $0.0659375$ & $-0.109243$ & $0.116973$ & $0.550663$ & $0.0348643$ & $-0.00918601$ & $-0.0551212$ & $-0.0106839$ & $-0.00663034$ & $0.00290825$ & $-0.0326482$ & $-0.00278721$ & $-0.0141196$ & $-0.0260277$ & $0.00926313$ & $0.0170168$ & $0.00112735$ & $-0.0381089$ & $0.00934781$ \\
CHWHB_gaga & $0.004981$ & $-0.0733575$ & $0.00829836$ & $-0.00208923$ & $0.0235244$ & $-0.105035$ & $-0.0608362$ & $0.983652$ & $1$ & $-0.559777$ & $-0.85898$ & $-0.395613$ & $0.3397$ & $0.0813565$ & $0.281653$ & $0.30119$ & $-0.256849$ & $-0.430636$ & $-0.443118$ & $0.831729$ & $0.87491$ & $0.856574$ & $0.0604751$ & $-0.670296$ & $-0.422296$ & $-0.492478$ & $0.384304$ & $0.288395$ & $0.0192249$ & $0.13705$ & $0.0789488$ & $-0.0678062$ & $0.144059$ & $0.532969$ & $0.00953341$ & $-0.0252169$ & $-0.0589175$ & $-0.0097772$ & $-0.0158267$ & $0.00153146$ & $-0.0299442$ & $-0.00405873$ & $0.0456304$ & $-0.0309773$ & $0.0129937$ & $0.0129869$ & $-0.00217237$ & $-0.035452$ & $0.0185646$ \\
CHWHB_gagaorth & $0.0290786$ & $0.027322$ & $-0.0416786$ & $-0.0120024$ & $-0.0132974$ & $-0.0134043$ & $0.087691$ & $-0.5666$ & $-0.559777$ & $1$ & $0.347536$ & $0.673803$ & $-0.246527$ & $0.240749$ & $-0.099317$ & $-0.153135$ & $0.440516$ & $0.470793$ & $0.510998$ & $-0.334615$ & $-0.364637$ & $-0.35273$ & $-0.0395675$ & $0.556147$ & $0.47989$ & $0.203775$ & $-0.223101$ & $-0.0910245$ & $-0.0201673$ & $-0.162339$ & $-0.103357$ & $0.110813$ & $-0.160545$ & $-0.351954$ & $0.0142411$ & $0.0349468$ & $0.0588071$ & $0.0102878$ & $0.0112633$ & $0.00599783$ & $-0.0468919$ & $-0.00784828$ & $-0.00318289$ & $0.00742897$ & $-0.00672405$ & $0.0175963$ & $-0.0110564$ & $0.0317807$ & $-0.00940124$ \\
CHD & $0.0023676$ & $0.0288308$ & $0.00795872$ & $-0.00836154$ & $-0.00134989$ & $0.185856$ & $0.0619258$ & $-0.876471$ & $-0.85898$ & $0.347536$ & $1$ & $0.334916$ & $-0.164279$ & $-0.511406$ & $-0.402997$ & $-0.414356$ & $-0.211524$ & $0.0617471$ & $0.0760335$ & $-0.989938$ & $-0.990691$ & $-0.967677$ & $-0.0106609$ & $0.316701$ & $0.0399567$ & $0.562061$ & $-0.256963$ & $-0.32539$ & $0.00127986$ & $-0.0414528$ & $-0.0255865$ & $0.0691828$ & $-0.0582205$ & $-0.357171$ & $-0.0267021$ & $-0.00116463$ & $0.0342234$ & $0.01477$ & $0.0187578$ & $-0.013074$ & $0.0574722$ & $-0.0089255$ & $-0.00175651$ & $0.0205819$ & $0.0025746$ & $-0.00676529$ & $-0.00324503$ & $0.0306929$ & $-0.0264856$ \\
CHbox & $0.0268678$ & $0.0252086$ & $-0.017484$ & $0.00167177$ & $-0.00726952$ & $0.0167794$ & $0.166441$ & $-0.418126$ & $-0.395613$ & $0.673803$ & $0.334916$ & $1$ & $-0.545349$ & $0.00614902$ & $-0.0710949$ & $-0.0940925$ & $0.165982$ & $0.205563$ & $0.224075$ & $-0.314878$ & $-0.347754$ & $-0.334917$ & $-0.0398439$ & $0.322768$ & $0.208707$ & $0.208555$ & $-0.192567$ & $-0.0972932$ & $-0.00640693$ & $-0.0172093$ & $-0.029687$ & $0.215086$ & $-0.0294257$ & $-0.263652$ & $0.0446121$ & $0.0298454$ & $0.0724934$ & $0.0151435$ & $0.0331372$ & $-0.0140916$ & $-0.0356574$ & $-0.00935246$ & $0.0155452$ & $-0.000448571$ & $-0.0382025$ & $0.0031433$ & $0.0106749$ & $0.00331558$ & $-0.0424486$ \\
CH & $0.00756503$ & $-0.000955587$ & $-0.00359131$ & $-0.0144573$ & $-0.00385852$ & $0.0179774$ & $-0.310839$ & $0.344639$ & $0.3397$ & $-0.246527$ & $-0.164279$ & $-0.545349$ & $1$ & $-0.240388$ & $0.0890106$ & $0.0680633$ & $-0.365456$ & $-0.393586$ & $-0.373458$ & $0.159852$ & $0.173106$ & $0.170834$ & $0.0405261$ & $-0.383157$ & $-0.382215$ & $-0.113731$ & $0.122158$ & $0.0445888$ & $0.044678$ & $0.290122$ & $0.0946738$ & $-0.258634$ & $0.347893$ & $0.187176$ & $0.013029$ & $-0.00742337$ & $-0.0681517$ & $-0.00415612$ & $-0.0270343$ & $0.0164764$ & $0.0158387$ & $-0.00199392$ & $-0.0292311$ & $0.00659259$ & $0.0354306$ & $0.0109642$ & $-0.017283$ & $0.0142132$ & $0.0322161$ \\
CHL1_11 & $-0.0263186$ & $0.0299417$ & $-0.00823996$ & $0.0240057$ & $0.00677479$ & $-0.0189277$ & $0.0563486$ & $0.0900673$ & $0.0813565$ & $0.240749$ & $-0.511406$ & $0.00614902$ & $-0.240388$ & $1$ & $0.268575$ & $0.246844$ & $0.674746$ & $0.59117$ & $0.591213$ & $0.529274$ & $0.471925$ & $0.456043$ & $-0.0713912$ & $0.465119$ & $0.593457$ & $-0.268457$ & $-0.114536$ & $0.171359$ & $-0.0171795$ & $-0.11505$ & $-0.0627872$ & $0.0339366$ & $-0.0703421$ & $-0.207069$ & $-0.0158563$ & $-0.00716253$ & $0.0015529$ & $-0.0116437$ & $-0.0256774$ & $0.0165437$ & $-0.0378316$ & $0.0191576$ & $0.0209881$ & $0.00918893$ & $-0.0123836$ & $-0.00478977$ & $-0.0181972$ & $0.0118888$ & $0.045292$ \\
CHL1_22 & $0.031617$ & $0.0319503$ & $-0.0154097$ & $-0.00334687$ & $-0.0317058$ & $-0.0634973$ & $-0.0233748$ & $0.277386$ & $0.281653$ & $-0.099317$ & $-0.402997$ & $-0.0710949$ & $0.0890106$ & $0.268575$ & $1$ & $0.435581$ & $0.152592$ & $-0.464203$ & $-0.0374038$ & $0.472417$ & $0.316117$ & $0.298622$ & $-0.191262$ & $0.12068$ & $-0.153287$ & $-0.17449$ & $-0.438969$ & $0.118669$ & $0.00702795$ & $0.0255744$ & $0.0164597$ & $-0.0196212$ & $0.0517744$ & $-0.6229$ & $-0.0379412$ & $-0.0456948$ & $-0.00188666$ & $-0.0079345$ & $0.0110731$ & $0.0296954$ & $0.0481094$ & $-0.0179916$ & $0.0485972$ & $0.00956155$ & $0.0451789$ & $0.0307965$ & $0.00699747$ & $-0.024926$ & $0.0460217$ \\
CHL1_33 & $-0.0244248$ & $0.0325413$ & $0.0348701$ & $0.0304642$ & $-0.0191926$ & $-0.0682824$ & $-0.0288267$ & $0.302622$ & $0.30119$ & $-0.153135$ & $-0.414356$ & $-0.0940925$ & $0.0680633$ & $0.246844$ & $0.435581$ & $1$ & $0.14156$ & $-0.0466646$ & $-0.466707$ & $0.479036$ & $0.332248$ & $0.34788$ & $-0.16059$ & $0.0766015$ & $-0.145039$ & $-0.198361$ & $-0.39069$ & $0.0723075$ & $-0.00118668$ & $0.0251334$ & $0.0197502$ & $-0.0293578$ & $0.0381844$ & $-0.088239$ & $-0.00182615$ & $-0.0316283$ & $-0.0028204$ & $-0.0122563$ & $-0.0499946$ & $0.00713348$ & $0.016006$ & $-0.00663626$ & $0.0582285$ & $-0.0267382$ & $-0.0167825$ & $-0.0385361$ & $0.0236476$ & $-0.0344638$ & $0.035283$ \\
CHL3_11 & $-0.010742$ & $0.0457543$ & $-0.0287959$ & $0.00908492$ & $-0.0348952$ & $-0.277937$ & $0.113182$ & $-0.252175$ & $-0.256849$ & $0.440516$ & $-0.211524$ & $0.165982$ & $-0.365456$ & $0.674746$ & $0.152592$ & $0.14156$ & $1$ & $0.738335$ & $0.733023$ & $0.232815$ & $0.178539$ & $0.173008$ & $-0.0660184$ & $0.677289$ & $0.773036$ & $-0.109922$ & $-0.176303$ & $0.0537928$ & $-0.0215291$ & $-0.133582$ & $-0.0739778$ & $0.0910726$ & $-0.122839$ & $-0.24574$ & $-0.00917888$ & $0.042693$ & $0.0472596$ & $-0.00734483$ & $-0.0160807$ & $0.0179772$ & $-0.0657827$ & $0.020935$ & $0.007817$ & $3.2856e-05$ & $-0.0303648$ & $-0.0256459$ & $0.0113224$ & $0.00626833$ & $0.0237295$ \\
CHL3_22 & $-0.0351353$ & $0.0287458$ & $-0.0037524$ & $0.0162972$ & $-0.000914547$ & $-0.0867958$ & $0.110017$ & $-0.425935$ & $-0.430636$ & $0.470793$ & $0.0617471$ & $0.205563$ & $-0.393586$ & $0.59117$ & $-0.464203$ & $-0.0466646$ & $0.738335$ & $1$ & $0.664595$ & $-0.0685376$ & $-0.0532204$ & $-0.0458667$ & $0.0269422$ & $0.595971$ & $0.79796$ & $0.0219775$ & $0.0234037$ & $-0.0290657$ & $-0.0237206$ & $-0.149015$ & $-0.0831177$ & $0.0860208$ & $-0.142414$ & $0.0758678$ & $0.00795082$ & $0.0438793$ & $0.0392043$ & $-0.00429353$ & $-0.034226$ & $-0.00558202$ & $-0.0786562$ & $0.0326368$ & $-0.00354293$ & $-0.00566448$ & $-0.0534623$ & $-0.0426531$ & $-0.00111058$ & $0.0265672$ & $0.00129767$ \\
CHL3_33 & $0.000611458$ & $0.0264222$ & $-0.0396613$ & $-0.0139155$ & $-0.00484966$ & $-0.0821506$ & $0.115501$ & $-0.441964$ & $-0.443118$ & $0.510998$ & $0.0760335$ & $0.224075$ & $-0.373458$ & $0.591213$ & $-0.0374038$ & $-0.466707$ & $0.733023$ & $0.664595$ & $1$ & $-0.0806934$ & $-0.0682876$ & $-0.0648393$ & $0.0103725$ & $0.615992$ & $0.783876$ & $0.0423881$ & $-0.00147953$ & $0.0062958$ & $-0.0185949$ & $-0.150119$ & $-0.0904116$ & $0.0948944$ & $-0.133454$ & $-0.32898$ & $-0.0194214$ & $0.036058$ & $0.0331501$ & $0.0035073$ & $0.0207379$ & $0.0134951$ & $-0.0476302$ & $0.0195645$ & $-0.014729$ & $0.0211707$ & $-0.0102221$ & $0.0196437$ & $-0.0196821$ & $0.0361621$ & $0.0107662$ \\
CHe_11 & $-0.00678314$ & $0.00145597$ & $0.00151811$ & $0.00923617$ & $0.00741887$ & $-0.1833$ & $-0.0606605$ & $0.84722$ & $0.831729$ & $-0.334615$ & $-0.989938$ & $-0.314878$ & $0.159852$ & $0.529274$ & $0.472417$ & $0.479036$ & $0.232815$ & $-0.0685376$ & $-0.0806934$ & $1$ & $0.971288$ & $0.948843$ & $-0.0165658$ & $-0.263456$ & $-0.0343365$ & $-0.549156$ & $0.180025$ & $0.315887$ & $-0.00154363$ & $0.0389861$ & $0.0227757$ & $-0.0673719$ & $0.0573959$ & $0.275393$ & $0.0245812$ & $-0.00531794$ & $-0.0241438$ & $-0.0149408$ & $-0.023021$ & $0.0135803$ & $-0.0556243$ & $0.00963725$ & $0.0140139$ & $-0.0195071$ & $-0.00474107$ & $0.00237289$ & $0.00708256$ & $-0.0313766$ & $0.0308931$ \\
CHe_22 & $-0.0143528$ & $-0.013598$ & $-0.00231747$ & $0.00786566$ & $0.0170387$ & $-0.190338$ & $-0.065997$ & $0.893891$ & $0.87491$ & $-0.364637$ & $-0.990691$ & $-0.347754$ & $0.173106$ & $0.471925$ & $0.316117$ & $0.332248$ & $0.178539$ & $-0.0532204$ & $-0.0682876$ & $0.971288$ & $1$ & $0.974344$ & $0.0425817$ & $-0.372046$ & $-0.0434106$ & $-0.565631$ & $0.342317$ & $0.327539$ & $-0.00152228$ & $0.0447455$ & $0.0266936$ & $-0.0727284$ & $0.0583866$ & $0.445228$ & $0.0319506$ & $0.00703239$ & $-0.031052$ & $-0.0140799$ & $-0.0168837$ & $0.010163$ & $-0.0631981$ & $0.00971429$ & $-0.00482705$ & $-0.0181141$ & $-0.0104968$ & $0.00517082$ & $0.00463843$ & $-0.026776$ & $0.0200602$ \\
CHe_33 & $-0.0239408$ & $-0.00831419$ & $-4.66001e-05$ & $0.000336107$ & $0.0224519$ & $-0.182046$ & $-0.0682897$ & $0.874948$ & $0.856574$ & $-0.35273$ & $-0.967677$ & $-0.334917$ & $0.170834$ & $0.456043$ & $0.298622$ & $0.34788$ & $0.173008$ & $-0.0458667$ & $-0.0648393$ & $0.948843$ & $0.974344$ & $1$ & $0.0397559$ & $-0.365235$ & $-0.0420954$ & $-0.548712$ & $0.338664$ & $0.321776$ & $8.59047e-05$ & $0.0427444$ & $0.0224443$ & $-0.0751224$ & $0.0608831$ & $0.448229$ & $0.0331889$ & $0.0123313$ & $-0.031024$ & $-0.0186481$ & $-0.0171304$ & $0.00886171$ & $-0.0568843$ & $0.00759443$ & $-0.0128301$ & $-0.0178104$ & $-0.0122042$ & $0.00286007$ & $0.000714657$ & $-0.0227963$ & $0.0233118$ \\
CHQ1_11 & $-0.00178561$ & $0.00442625$ & $0.0272524$ & $0.0439526$ & $0.00356775$ & $-0.00323305$ & $0.0191713$ & $0.0640282$ & $0.0604751$ & $-0.0395675$ & $-0.0106609$ & $-0.0398439$ & $0.0405261$ & $-0.0713912$ & $-0.191262$ & $-0.16059$ & $-0.0660184$ & $0.0269422$ & $0.0103725$ & $-0.0165658$ & $0.0425817$ & $0.0397559$ & $1$ & $-0.152235$ & $0.0767066$ & $-0.682073$ & $0.330904$ & $0.00822337$ & $0.00691638$ & $0.0260801$ & $-0.00371768$ & $0.0130348$ & $0.0066952$ & $0.215112$ & $0.00118129$ & $0.0110452$ & $0.00294902$ & $0.0278856$ & $-0.0330256$ & $0.0271078$ & $-0.00123275$ & $0.0069737$ & $-0.0658455$ & $0.0116935$ & $-0.0156384$ & $0.0287916$ & $-0.0189245$ & $-0.00965646$ & $-0.0232488$ \\
CHQ1_33 & $-0.0644559$ & $0.0693925$ & $-0.00608773$ & $0.0124799$ & $-0.03038$ & $-0.0150282$ & $0.0997779$ & $-0.680787$ & $-0.670296$ & $0.556147$ & $0.316701$ & $0.322768$ & $-0.383157$ & $0.465119$ & $0.12068$ & $0.0766015$ & $0.677289$ & $0.595971$ & $0.615992$ & $-0.263456$ & $-0.372046$ & $-0.365235$ & $-0.152235$ & $1$ & $0.6377$ & $0.218667$ & $-0.422478$ & $-0.0132738$ & $-0.0184344$ & $-0.135674$ & $-0.0762684$ & $0.0860309$ & $-0.111374$ & $-0.625285$ & $-0.0270397$ & $-0.00249496$ & $0.0387477$ & $-0.00844698$ & $-0.0228189$ & $-0.0054221$ & $3.88804e-05$ & $0.0152591$ & $0.0211196$ & $-0.00147296$ & $-0.0203626$ & $-0.0309501$ & $0.011622$ & $0.0385651$ & $0.0377664$ \\
CHQ3_11 & $-0.113415$ & $0.0456728$ & $-0.0424993$ & $-0.0138617$ & $-0.000127038$ & $-0.121588$ & $0.116558$ & $-0.420544$ & $-0.422296$ & $0.47989$ & $0.0399567$ & $0.208707$ & $-0.382215$ & $0.593457$ & $-0.153287$ & $-0.145039$ & $0.773036$ & $0.79796$ & $0.783876$ & $-0.0343365$ & $-0.0434106$ & $-0.0420954$ & $0.0767066$ & $0.6377$ & $1$ & $0.0359406$ & $0.207662$ & $-0.00769477$ & $-0.0274584$ & $-0.151583$ & $-0.0778652$ & $0.0900698$ & $-0.150887$ & $-0.183217$ & $-0.0197766$ & $0.025433$ & $0.0758178$ & $-0.000332083$ & $-0.0131582$ & $0.0217777$ & $-0.0584224$ & $0.025072$ & $0.017482$ & $0.00812278$ & $-0.037553$ & $-0.0308235$ & $-0.00812387$ & $0.00679638$ & $0.00374543$ \\
CHu_11 & $-0.0454833$ & $0.00725542$ & $-0.0166867$ & $-0.0507783$ & $0.0102315$ & $0.101459$ & $0.0172604$ & $-0.504705$ & $-0.492478$ & $0.203775$ & $0.562061$ & $0.208555$ & $-0.113731$ & $-0.268457$ & $-0.17449$ & $-0.198361$ & $-0.109922$ & $0.0219775$ & $0.0423881$ & $-0.549156$ & $-0.565631$ & $-0.548712$ & $-0.682073$ & $0.218667$ & $0.0359406$ & $1$ & $-0.146849$ & $-0.182972$ & $-0.000134385$ & $-0.0409052$ & $-0.0158785$ & $0.0212177$ & $-0.0417068$ & $-0.259008$ & $-0.0159103$ & $-0.00750227$ & $0.0233413$ & $-0.000340838$ & $0.0416125$ & $-0.0280613$ & $0.00178273$ & $-0.00753665$ & $0.0399017$ & $0.016156$ & $-0.000402635$ & $-0.018672$ & $-0.0129261$ & $0.0079926$ & $-0.0026525$ \\
CHd_11 & $-0.0408544$ & $-0.0345476$ & $-0.0118553$ & $-0.0348137$ & $0.050583$ & $-0.0780974$ & $-0.0413274$ & $0.396104$ & $0.384304$ & $-0.223101$ & $-0.256963$ & $-0.192567$ & $0.122158$ & $-0.114536$ & $-0.438969$ & $-0.39069$ & $-0.176303$ & $0.0234037$ & $-0.00147953$ & $0.180025$ & $0.342317$ & $0.338664$ & $0.330904$ & $-0.422478$ & $0.207662$ & $-0.146849$ & $1$ & $0.114764$ & $-0.0132833$ & $0.0312468$ & $0.0236993$ & $-0.048565$ & $0.00678203$ & $0.684229$ & $0.037724$ & $0.0291805$ & $0.0163667$ & $0.00306853$ & $-0.00256296$ & $0.00328245$ & $-0.0696328$ & $0.0174062$ & $-0.0267142$ & $-0.00196096$ & $-0.028508$ & $-0.00741743$ & $-0.0132362$ & $-0.0206308$ & $-0.0277011$ \\
CHd_33 & $0.00809313$ & $0.0162539$ & $0.0235048$ & $0.0367847$ & $0.00113801$ & $-0.0409174$ & $-0.0316725$ & $0.292793$ & $0.288395$ & $-0.0910245$ & $-0.32539$ & $-0.0972932$ & $0.0445888$ & $0.171359$ & $0.118669$ & $0.0723075$ & $0.0537928$ & $-0.0290657$ & $0.0062958$ & $0.315887$ & $0.327539$ & $0.321776$ & $0.00822337$ & $-0.0132738$ & $-0.00769477$ & $-0.182972$ & $0.114764$ & $1$ & $0.00899418$ & $-0.00475267$ & $0.0329801$ & $-0.0376377$ & $-0.00227492$ & $0.128972$ & $0.0445209$ & $0.00634033$ & $-0.0282496$ & $-0.00103471$ & $-0.0381492$ & $0.0135714$ & $2.57069e-05$ & $-0.00722039$ & $0.028019$ & $-0.0285475$ & $-0.0658922$ & $-0.00791245$ & $0.00130067$ & $-0.012145$ & $0.0115717$ \\
CeH_22r & $-0.0597082$ & $-0.020396$ & $0.00135717$ & $-0.00136282$ & $0.00357004$ & $0.0129817$ & $0.034133$ & $0.0105124$ & $0.0192249$ & $-0.0201673$ & $0.00127986$ & $-0.00640693$ & $0.044678$ & $-0.0171795$ & $0.00702795$ & $-0.00118668$ & $-0.0215291$ & $-0.0237206$ & $-0.0185949$ & $-0.00154363$ & $-0.00152228$ & $8.59047e-05$ & $0.00691638$ & $-0.0184344$ & $-0.0274584$ & $-0.000134385$ & $-0.0132833$ & $0.00899418$ & $1$ & $0.0691509$ & $0.0200902$ & $0.00937909$ & $0.0620544$ & $0.00214381$ & $-0.0593204$ & $-0.0289009$ & $-0.062957$ & $0.00495486$ & $-0.0489883$ & $0.0183566$ & $0.0146287$ & $-0.00111626$ & $-0.0437525$ & $-0.0239387$ & $-0.0215518$ & $-0.049746$ & $-0.018054$ & $0.0293731$ & $-0.0139433$ \\
CeH_33r & $-0.040997$ & $-0.0278121$ & $-0.0102209$ & $0.0028078$ & $-0.00528939$ & $0.0175895$ & $-0.161013$ & $0.113833$ & $0.13705$ & $-0.162339$ & $-0.0414528$ & $-0.0172093$ & $0.290122$ & $-0.11505$ & $0.0255744$ & $0.0251334$ & $-0.133582$ & $-0.149015$ & $-0.150119$ & $0.0389861$ & $0.0447455$ & $0.0427444$ & $0.0260801$ & $-0.135674$ & $-0.151583$ & $-0.0409052$ & $0.0312468$ & $-0.00475267$ & $0.0691509$ & $1$ & $0.309558$ & $-0.0163413$ & $0.665038$ & $0.0703156$ & $-0.0873052$ & $-0.0713654$ & $-0.174724$ & $-0.0026121$ & $-0.0469837$ & $0.0294665$ & $0.0349172$ & $-0.0104836$ & $-0.030454$ & $0.00470387$ & $0.0761275$ & $0.0109562$ & $0.00931605$ & $0.087707$ & $0.0252741$ \\
CuH_22r & $0.0178759$ & $-0.0409244$ & $-0.00261241$ & $-0.0355804$ & $0.0300796$ & $0.012696$ & $-0.0664876$ & $0.0659375$ & $0.0789488$ & $-0.103357$ & $-0.0255865$ & $-0.029687$ & $0.0946738$ & $-0.0627872$ & $0.0164597$ & $0.0197502$ & $-0.0739778$ & $-0.0831177$ & $-0.0904116$ & $0.0227757$ & $0.0266936$ & $0.0224443$ & $-0.00371768$ & $-0.0762684$ & $-0.0778652$ & $-0.0158785$ & $0.0236993$ & $0.0329801$ & $0.0200902$ & $0.309558$ & $1$ & $0.0176146$ & $0.320734$ & $0.038553$ & $-0.0231378$ & $-0.0491566$ & $-0.0413989$ & $-0.0264307$ & $-0.0618284$ & $0.0179849$ & $-0.0107041$ & $-0.00548979$ & $0.00342319$ & $-0.0469514$ & $0.0109173$ & $0.107494$ & $0.277241$ & $-0.0210869$ & $-0.0206677$ \\
CuH_33r & $0.0144405$ & $-0.0205987$ & $-0.00950225$ & $-0.0138963$ & $0.0202326$ & $0.00616033$ & $0.928427$ & $-0.109243$ & $-0.0678062$ & $0.110813$ & $0.0691828$ & $0.215086$ & $-0.258634$ & $0.0339366$ & $-0.0196212$ & $-0.0293578$ & $0.0910726$ & $0.0860208$ & $0.0948944$ & $-0.0673719$ & $-0.0727284$ & $-0.0751224$ & $0.0130348$ & $0.0860309$ & $0.0900698$ & $0.0212177$ & $-0.048565$ & $-0.0376377$ & $0.00937909$ & $-0.0163413$ & $0.0176146$ & $1$ & $0.0087448$ & $-0.0652056$ & $0.0550024$ & $-0.0111372$ & $0.0276248$ & $0.0458258$ & $0.0274959$ & $-0.00434473$ & $-0.0464966$ & $0.00437505$ & $0.0508003$ & $-0.00718671$ & $-0.0248898$ & $-0.00510913$ & $-0.0205381$ & $-0.0446896$ & $0.00897757$ \\
CdH_33r & $-0.0360143$ & $0.00546477$ & $0.0274163$ & $-0.0350481$ & $-0.0136268$ & $0.0187916$ & $-0.169416$ & $0.116973$ & $0.144059$ & $-0.160545$ & $-0.0582205$ & $-0.0294257$ & $0.347893$ & $-0.0703421$ & $0.0517744$ & $0.0381844$ & $-0.122839$ & $-0.142414$ & $-0.133454$ & $0.0573959$ & $0.0583866$ & $0.0608831$ & $0.0066952$ & $-0.111374$ & $-0.150887$ & $-0.0417068$ & $0.00678203$ & $-0.00227492$ & $0.0620544$ & $0.665038$ & $0.320734$ & $0.0087448$ & $1$ & $0.0462379$ & $-0.102487$ & $-0.120492$ & $-0.249358$ & $0.00810459$ & $-0.0940787$ & $-0.00648931$ & $0.115448$ & $0.00617135$ & $-0.04115$ & $0.0367675$ & $0.0605068$ & $-0.0694101$ & $0.0378038$ & $0.222896$ & $0.446179$ \\
CLL_1221 & $-0.0303964$ & $-0.0283148$ & $0.0214829$ & $0.00348018$ & $0.030825$ & $-0.108566$ & $-0.06533$ & $0.550663$ & $0.532969$ & $-0.351954$ & $-0.357171$ & $-0.263652$ & $0.187176$ & $-0.207069$ & $-0.6229$ & $-0.088239$ & $-0.24574$ & $0.0758678$ & $-0.32898$ & $0.275393$ & $0.445228$ & $0.448229$ & $0.215112$ & $-0.625285$ & $-0.183217$ & $-0.259008$ & $0.684229$ & $0.128972$ & $0.00214381$ & $0.0703156$ & $0.038553$ & $-0.0652056$ & $0.0462379$ & $1$ & $0.0655955$ & $0.0416189$ & $-0.0254263$ & $-0.00348884$ & $-0.0224243$ & $-0.0226677$ & $-0.0711714$ & $0.0148644$ & $-0.0512184$ & $-0.0259469$ & $-0.0414906$ & $-0.0270465$ & $0.00585616$ & $-0.00786184$ & $-0.0320428$ \\
eHggint & $0.0520053$ & $0.0578359$ & $-6.71546e-05$ & $0.0582892$ & $-0.00220467$ & $-0.0529117$ & $-0.0227609$ & $0.0348643$ & $0.00953341$ & $0.0142411$ & $-0.0267021$ & $0.0446121$ & $0.013029$ & $-0.0158563$ & $-0.0379412$ & $-0.00182615$ & $-0.00917888$ & $0.00795082$ & $-0.0194214$ & $0.0245812$ & $0.0319506$ & $0.0331889$ & $0.00118129$ & $-0.0270397$ & $-0.0197766$ & $-0.0159103$ & $0.037724$ & $0.0445209$ & $-0.0593204$ & $-0.0873052$ & $-0.0231378$ & $0.0550024$ & $-0.102487$ & $0.0655955$ & $1$ & $0.0629594$ & $-0.0375946$ & $-0.0205873$ & $0.106519$ & $-0.0125002$ & $-0.204893$ & $0.0206145$ & $-0.00307673$ & $-0.206029$ & $-0.149077$ & $-0.0619513$ & $-0.114457$ & $-0.0667203$ & $-0.0593192$ \\
eHggpar & $0.0956748$ & $0.0161067$ & $-0.111053$ & $0.119018$ & $0.00602482$ & $-0.0670093$ & $-0.0343714$ & $-0.00918601$ & $-0.0252169$ & $0.0349468$ & $-0.00116463$ & $0.0298454$ & $-0.00742337$ & $-0.00716253$ & $-0.0456948$ & $-0.0316283$ & $0.042693$ & $0.0438793$ & $0.036058$ & $-0.00531794$ & $0.00703239$ & $0.0123313$ & $0.0110452$ & $-0.00249496$ & $0.025433$ & $-0.00750227$ & $0.0291805$ & $0.00634033$ & $-0.0289009$ & $-0.0713654$ & $-0.0491566$ & $-0.0111372$ & $-0.120492$ & $0.0416189$ & $0.0629594$ & $1$ & $0.18058$ & $-0.0603958$ & $0.235199$ & $0.0104976$ & $-0.00159466$ & $0.0565892$ & $-0.0866679$ & $-0.0543261$ & $-0.0698173$ & $-0.166782$ & $0.00645343$ & $-0.0808851$ & $-0.0522877$ \\
eHWWint & $0.0204389$ & $0.172559$ & $0.155663$ & $0.00381641$ & $0.00610025$ & $-0.0392994$ & $0.0507667$ & $-0.0551212$ & $-0.0589175$ & $0.0588071$ & $0.0342234$ & $0.0724934$ & $-0.0681517$ & $0.0015529$ & $-0.00188666$ & $-0.0028204$ & $0.0472596$ & $0.0392043$ & $0.0331501$ & $-0.0241438$ & $-0.031052$ & $-0.031024$ & $0.00294902$ & $0.0387477$ & $0.0758178$ & $0.0233413$ & $0.0163667$ & $-0.0282496$ & $-0.062957$ & $-0.174724$ & $-0.0413989$ & $0.0276248$ & $-0.249358$ & $-0.0254263$ & $-0.0375946$ & $0.18058$ & $1$ & $-0.0569528$ & $0.029824$ & $0.0359309$ & $-0.0492198$ & $0.037357$ & $0.157525$ & $0.103799$ & $-0.0578372$ & $0.00904047$ & $0.113083$ & $-0.210603$ & $-0.0572242$ \\
eHWWpar & $-0.00541433$ & $-0.0046812$ & $-0.0354905$ & $-0.0336241$ & $-0.0460954$ & $-0.0124471$ & $0.0572414$ & $-0.0106839$ & $-0.0097772$ & $0.0102878$ & $0.01477$ & $0.0151435$ & $-0.00415612$ & $-0.0116437$ & $-0.0079345$ & $-0.0122563$ & $-0.00734483$ & $-0.00429353$ & $0.0035073$ & $-0.0149408$ & $-0.0140799$ & $-0.0186481$ & $0.0278856$ & $-0.00844698$ & $-0.000332083$ & $-0.000340838$ & $0.00306853$ & $-0.00103471$ & $0.00495486$ & $-0.0026121$ & $-0.0264307$ & $0.0458258$ & $0.00810459$ & $-0.00348884$ & $-0.0205873$ & $-0.0603958$ & $-0.0569528$ & $1$ & $0.0137958$ & $0.0378246$ & $-0.00322765$ & $-0.0186297$ & $-0.0363973$ & $0.0313586$ & $0.0349658$ & $0.0835246$ & $-0.044097$ & $0.062241$ & $0.0120445$ \\
eHZZint & $-0.0412493$ & $-0.0727682$ & $-0.00036421$ & $-0.185135$ & $0.0227586$ & $-0.00233259$ & $0.0119522$ & $-0.00663034$ & $-0.0158267$ & $0.0112633$ & $0.0187578$ & $0.0331372$ & $-0.0270343$ & $-0.0256774$ & $0.0110731$ & $-0.0499946$ & $-0.0160807$ & $-0.034226$ & $0.0207379$ & $-0.023021$ & $-0.0168837$ & $-0.0171304$ & $-0.0330256$ & $-0.0228189$ & $-0.0131582$ & $0.0416125$ & $-0.00256296$ & $-0.0381492$ & $-0.0489883$ & $-0.0469837$ & $-0.0618284$ & $0.0274959$ & $-0.0940787$ & $-0.0224243$ & $0.106519$ & $0.235199$ & $0.029824$ & $0.0137958$ & $1$ & $0.0606363$ & $0.100971$ & $-0.00802069$ & $-0.0283511$ & $-0.0715092$ & $0.124367$ & $0.0220195$ & $-0.170721$ & $-0.137109$ & $-0.0490369$ \\
eHZZpar & $0.0459125$ & $0.0116375$ & $-0.0124619$ & $0.00136346$ & $-0.0315585$ & $-0.00259503$ & $-0.0122968$ & $0.00290825$ & $0.00153146$ & $0.00599783$ & $-0.013074$ & $-0.0140916$ & $0.0164764$ & $0.0165437$ & $0.0296954$ & $0.00713348$ & $0.0179772$ & $-0.00558202$ & $0.0134951$ & $0.0135803$ & $0.010163$ & $0.00886171$ & $0.0271078$ & $-0.0054221$ & $0.0217777$ & $-0.0280613$ & $0.00328245$ & $0.0135714$ & $0.0183566$ & $0.0294665$ & $0.0179849$ & $-0.00434473$ & $-0.00648931$ & $-0.0226677$ & $-0.0125002$ & $0.0104976$ & $0.0359309$ & $0.0378246$ & $0.0606363$ & $1$ & $-0.0220088$ & $0.0197857$ & $0.0266304$ & $0.000666722$ & $0.0179717$ & $0.0346549$ & $-0.00559502$ & $0.0029696$ & $-0.0404994$ \\
eHZgaint & $-0.0598166$ & $0.0539809$ & $0.0457384$ & $0.0398929$ & $-0.00902995$ & $0.034007$ & $-0.0271153$ & $-0.0326482$ & $-0.0299442$ & $-0.0468919$ & $0.0574722$ & $-0.0356574$ & $0.0158387$ & $-0.0378316$ & $0.0481094$ & $0.016006$ & $-0.0657827$ & $-0.0786562$ & $-0.0476302$ & $-0.0556243$ & $-0.0631981$ & $-0.0568843$ & $-0.00123275$ & $3.88804e-05$ & $-0.0584224$ & $0.00178273$ & $-0.0696328$ & $2.57069e-05$ & $0.0146287$ & $0.0349172$ & $-0.0107041$ & $-0.0464966$ & $0.115448$ & $-0.0711714$ & $-0.204893$ & $-0.00159466$ & $-0.0492198$ & $-0.00322765$ & $0.100971$ & $-0.0220088$ & $1$ & $0.0419837$ & $-0.051722$ & $0.0572371$ & $0.176144$ & $-0.106806$ & $-0.0109413$ & $0.0217948$ & $0.195339$ \\
eHZgapar & $0.0153311$ & $0.0357917$ & $0.0122541$ & $0.0268282$ & $-0.0233895$ & $0.00662346$ & $0.0100811$ & $-0.00278721$ & $-0.00405873$ & $-0.00784828$ & $-0.0089255$ & $-0.00935246$ & $-0.00199392$ & $0.0191576$ & $-0.0179916$ & $-0.00663626$ & $0.020935$ & $0.0326368$ & $0.0195645$ & $0.00963725$ & $0.00971429$ & $0.00759443$ & $0.0069737$ & $0.0152591$ & $0.025072$ & $-0.00753665$ & $0.0174062$ & $-0.00722039$ & $-0.00111626$ & $-0.0104836$ & $-0.00548979$ & $0.00437505$ & $0.00617135$ & $0.0148644$ & $0.0206145$ & $0.0565892$ & $0.037357$ & $-0.0186297$ & $-0.00802069$ & $0.0197857$ & $0.0419837$ & $1$ & $-0.00986539$ & $-0.0832506$ & $-0.00111154$ & $-0.024632$ & $-0.00797281$ & $0.0173692$ & $0.0313695$ \\
eHgagaint & $0.117385$ & $0.0841067$ & $0.069589$ & $-0.00333036$ & $-0.033481$ & $0.0201045$ & $0.054823$ & $-0.0141196$ & $0.0456304$ & $-0.00318289$ & $-0.00175651$ & $0.0155452$ & $-0.0292311$ & $0.0209881$ & $0.0485972$ & $0.0582285$ & $0.007817$ & $-0.00354293$ & $-0.014729$ & $0.0140139$ & $-0.00482705$ & $-0.0128301$ & $-0.0658455$ & $0.0211196$ & $0.017482$ & $0.0399017$ & $-0.0267142$ & $0.028019$ & $-0.0437525$ & $-0.030454$ & $0.00342319$ & $0.0508003$ & $-0.04115$ & $-0.0512184$ & $-0.00307673$ & $-0.0866679$ & $0.157525$ & $-0.0363973$ & $-0.0283511$ & $0.0266304$ & $-0.051722$ & $-0.00986539$ & $1$ & $-0.0718595$ & $-0.0475085$ & $-0.162185$ & $-0.019636$ & $-0.0359251$ & $-0.0034942$ \\
eHmumuint & $0.0481615$ & $0.160965$ & $-0.0655423$ & $0.0945018$ & $-0.0237765$ & $-0.00787829$ & $-0.00175115$ & $-0.0260277$ & $-0.0309773$ & $0.00742897$ & $0.0205819$ & $-0.000448571$ & $0.00659259$ & $0.00918893$ & $0.00956155$ & $-0.0267382$ & $3.2856e-05$ & $-0.00566448$ & $0.0211707$ & $-0.0195071$ & $-0.0181141$ & $-0.0178104$ & $0.0116935$ & $-0.00147296$ & $0.00812278$ & $0.016156$ & $-0.00196096$ & $-0.0285475$ & $-0.0239387$ & $0.00470387$ & $-0.0469514$ & $-0.00718671$ & $0.0367675$ & $-0.0259469$ & $-0.206029$ & $-0.0543261$ & $0.103799$ & $0.0313586$ & $-0.0715092$ & $0.000666722$ & $0.0572371$ & $-0.0832506$ & $-0.0718595$ & $1$ & $-0.0457993$ & $0.0429068$ & $-0.0396853$ & $-0.110818$ & $0.0540125$ \\
eHtautauint & $0.00330626$ & $-0.104853$ & $-0.190963$ & $-0.0368331$ & $0.0288497$ & $0.0130305$ & $-0.0102022$ & $0.00926313$ & $0.0129937$ & $-0.00672405$ & $0.0025746$ & $-0.0382025$ & $0.0354306$ & $-0.0123836$ & $0.0451789$ & $-0.0167825$ & $-0.0303648$ & $-0.0534623$ & $-0.0102221$ & $-0.00474107$ & $-0.0104968$ & $-0.0122042$ & $-0.0156384$ & $-0.0203626$ & $-0.037553$ & $-0.000402635$ & $-0.028508$ & $-0.0658922$ & $-0.0215518$ & $0.0761275$ & $0.0109173$ & $-0.0248898$ & $0.0605068$ & $-0.0414906$ & $-0.149077$ & $-0.0698173$ & $-0.0578372$ & $0.0349658$ & $0.124367$ & $0.0179717$ & $0.176144$ & $-0.00111154$ & $-0.0475085$ & $-0.0457993$ & $1$ & $0.0339022$ & $-0.0138366$ & $0.0814712$ & $0.0936218$ \\
eHccint & $0.0169951$ & $-0.120227$ & $-0.0822388$ & $-0.100643$ & $-0.00740841$ & $0.0413767$ & $0.00324068$ & $0.0170168$ & $0.0129869$ & $0.0175963$ & $-0.00676529$ & $0.0031433$ & $0.0109642$ & $-0.00478977$ & $0.0307965$ & $-0.0385361$ & $-0.0256459$ & $-0.0426531$ & $0.0196437$ & $0.00237289$ & $0.00517082$ & $0.00286007$ & $0.0287916$ & $-0.0309501$ & $-0.0308235$ & $-0.018672$ & $-0.00741743$ & $-0.00791245$ & $-0.049746$ & $0.0109562$ & $0.107494$ & $-0.00510913$ & $-0.0694101$ & $-0.0270465$ & $-0.0619513$ & $-0.166782$ & $0.00904047$ & $0.0835246$ & $0.0220195$ & $0.0346549$ & $-0.106806$ & $-0.024632$ & $-0.162185$ & $0.0429068$ & $0.0339022$ & $1$ & $0.106637$ & $-0.061919$ & $-0.171611$ \\
eHccpar & $0.024585$ & $0.0568452$ & $0.0103806$ & $-0.0221553$ & $0.00420623$ & $-0.038008$ & $-0.0265243$ & $0.00112735$ & $-0.00217237$ & $-0.0110564$ & $-0.00324503$ & $0.0106749$ & $-0.017283$ & $-0.0181972$ & $0.00699747$ & $0.0236476$ & $0.0113224$ & $-0.00111058$ & $-0.0196821$ & $0.00708256$ & $0.00463843$ & $0.000714657$ & $-0.0189245$ & $0.011622$ & $-0.00812387$ & $-0.0129261$ & $-0.0132362$ & $0.00130067$ & $-0.018054$ & $0.00931605$ & $0.277241$ & $-0.0205381$ & $0.0378038$ & $0.00585616$ & $-0.114457$ & $0.00645343$ & $0.113083$ & $-0.044097$ & $-0.170721$ & $-0.00559502$ & $-0.0109413$ & $-0.00797281$ & $-0.019636$ & $-0.0396853$ & $-0.0138366$ & $0.106637$ & $1$ & $0.0456857$ & $0.0805766$ \\
eHbbint & $-0.0543757$ & $0.110214$ & $-0.105816$ & $-0.023901$ & $0.0228831$ & $0.036525$ & $-0.0518288$ & $-0.0381089$ & $-0.035452$ & $0.0317807$ & $0.0306929$ & $0.00331558$ & $0.0142132$ & $0.0118888$ & $-0.024926$ & $-0.0344638$ & $0.00626833$ & $0.0265672$ & $0.0361621$ & $-0.0313766$ & $-0.026776$ & $-0.0227963$ & $-0.00965646$ & $0.0385651$ & $0.00679638$ & $0.0079926$ & $-0.0206308$ & $-0.012145$ & $0.0293731$ & $0.087707$ & $-0.0210869$ & $-0.0446896$ & $0.222896$ & $-0.00786184$ & $-0.0667203$ & $-0.0808851$ & $-0.210603$ & $0.062241$ & $-0.137109$ & $0.0029696$ & $0.0217948$ & $0.0173692$ & $-0.0359251$ & $-0.110818$ & $0.0814712$ & $-0.061919$ & $0.0456857$ & $1$ & $0.0441897$ \\
eHbbpar & $-0.000969394$ & $0.0174138$ & $0.115507$ & $-0.0170417$ & $-0.0184217$ & $-0.030696$ & $0.00403009$ & $0.00934781$ & $0.0185646$ & $-0.00940124$ & $-0.0264856$ & $-0.0424486$ & $0.0322161$ & $0.045292$ & $0.0460217$ & $0.035283$ & $0.0237295$ & $0.00129767$ & $0.0107662$ & $0.0308931$ & $0.0200602$ & $0.0233118$ & $-0.0232488$ & $0.0377664$ & $0.00374543$ & $-0.0026525$ & $-0.0277011$ & $0.0115717$ & $-0.0139433$ & $0.0252741$ & $-0.0206677$ & $0.00897757$ & $0.446179$ & $-0.0320428$ & $-0.0593192$ & $-0.0522877$ & $-0.0572242$ & $0.0120445$ & $-0.0490369$ & $-0.0404994$ & $0.195339$ & $0.0313695$ & $-0.0034942$ & $0.0540125$ & $0.0936218$ & $-0.171611$ & $0.0805766$ & $0.0441897$ & $1$ \\
