 & AlsMz & dAle5Mz & mtop & mHl & Mz & CW & CHG & CHWB & CHWHB_gaga & CHWHB_gagaorth & CHD & CHbox & CH & CHL1_11 & CHL1_22 & CHL1_33 & CHL3_11 & CHL3_22 & CHL3_33 & CHe_11 & CHe_22 & CHe_33 & CHQ1_11 & CHQ1_33 & CHQ3_11 & CHu_11 & CHd_11 & CHd_33 & CeH_22r & CeH_33r & CuH_22r & CuH_33r & CdH_33r & CLL_1221 & eHggint & eHggpar & eHWWint & eHWWpar & eHZZint & eHZZpar & eHZgaint & eHZgapar & eHgagaint & eHmumuint & eHtautauint & eHccint & eHccpar & eHbbint & eHbbpar \\
AlsMz & $1$ & $-0.0196835$ & $-0.000447828$ & $-0.0141486$ & $0.00410461$ & $0.00332734$ & $0.0030353$ & $-0.00119591$ & $0.000654953$ & $-9.48873e-05$ & $-0.0137938$ & $0.00463505$ & $0.00299037$ & $0.00298857$ & $0.00737689$ & $0.00189323$ & $-0.00368514$ & $-0.00678528$ & $0.000983179$ & $-0.0012589$ & $-0.00502171$ & $-0.00286096$ & $-0.00320694$ & $-0.0333769$ & $-0.11065$ & $-0.012688$ & $-0.0214799$ & $0.00401663$ & $0.00704984$ & $-0.00719567$ & $-0.0124518$ & $0.00115369$ & $-0.00592781$ & $-0.0135645$ & $0.00547131$ & $-0.0468879$ & $0.0322144$ & $-0.0079182$ & $-0.0494825$ & $0.00380191$ & $0.0353968$ & $-0.00806555$ & $0.00854242$ & $0.00997028$ & $0.0117861$ & $0.0254375$ & $-0.0362972$ & $0.0205583$ & $-0.0140429$ \\
dAle5Mz & $-0.0196835$ & $1$ & $-0.0166894$ & $0.0232174$ & $0.00915279$ & $0.0261002$ & $0.0137047$ & $-0.204706$ & $-0.196479$ & $0.0522879$ & $0.189897$ & $-0.0171005$ & $-0.0307021$ & $-0.038871$ & $-0.0151618$ & $-0.0208094$ & $0.0669694$ & $-0.00109409$ & $0.0072832$ & $-0.199728$ & $-0.00566707$ & $-0.0156374$ & $0.000929807$ & $0.00089913$ & $0.00772573$ & $0.00374579$ & $0.00598484$ & $-0.00169412$ & $-0.000815124$ & $-0.00265269$ & $-0.00584067$ & $0.0171767$ & $0.0106952$ & $0.108602$ & $0.0251436$ & $-0.00196059$ & $0.009583$ & $-0.00684812$ & $0.0188032$ & $-0.0131245$ & $0.0188847$ & $-0.00550241$ & $0.0272396$ & $-0.0199812$ & $-0.0216408$ & $-0.00487613$ & $-0.0173382$ & $-0.00942255$ & $0.0185881$ \\
mtop & $-0.000447828$ & $-0.0166894$ & $1$ & $-0.00300864$ & $0.0115526$ & $0.00325231$ & $0.00999951$ & $0.0090135$ & $0.00750614$ & $-0.00506682$ & $0.00538588$ & $-0.0124136$ & $0.000930401$ & $-0.00182835$ & $0.000131477$ & $0.00718025$ & $-0.00577876$ & $-0.00724189$ & $-0.0114963$ & $0.00562658$ & $0.00454157$ & $0.00890536$ & $0.001316$ & $0.00349451$ & $-0.00409212$ & $0.00139029$ & $0.00153448$ & $-0.00795155$ & $0.000578012$ & $-0.0154348$ & $-2.0634e-05$ & $0.00232077$ & $-0.0364278$ & $-0.00159049$ & $-0.0346298$ & $-0.038553$ & $0.0154091$ & $0.00167736$ & $-0.0150907$ & $0.0087672$ & $-0.0336722$ & $-0.00771323$ & $-0.0351366$ & $0.022649$ & $-0.0100084$ & $0.00310562$ & $0.00550857$ & $-0.054477$ & $-0.0267101$ \\
mHl & $-0.0141486$ & $0.0232174$ & $-0.00300864$ & $1$ & $0.000679297$ & $0.00110589$ & $0.00465645$ & $-0.000166881$ & $0.00282821$ & $-0.000353444$ & $0.00421051$ & $-0.00296278$ & $0.00179723$ & $-0.00722683$ & $-0.000421705$ & $-0.000187976$ & $-0.00260037$ & $-0.00493136$ & $-0.00637915$ & $-0.00312173$ & $0.00150978$ & $0.00681483$ & $0.00296618$ & $-0.00887768$ & $-0.00106227$ & $-0.0120379$ & $-0.00287085$ & $0.00282377$ & $-0.0042528$ & $-0.0166929$ & $-0.000296361$ & $0.00197569$ & $0.00179384$ & $0.00506509$ & $-0.0154996$ & $0.0280036$ & $0.0245129$ & $0.00360401$ & $0.0369558$ & $-0.00645628$ & $-0.0248822$ & $0.00573642$ & $0.0395198$ & $-0.0367819$ & $-0.0278412$ & $0.00170639$ & $0.00911393$ & $-0.0196975$ & $0.0312824$ \\
Mz & $0.00410461$ & $0.00915279$ & $0.0115526$ & $0.000679297$ & $1$ & $-0.00318853$ & $-0.00037462$ & $0.00322015$ & $0.00283118$ & $-0.00951078$ & $0.0892533$ & $0.00847947$ & $0.00453823$ & $-0.00964538$ & $-0.00830063$ & $-0.00899663$ & $-0.0142332$ & $0.00246639$ & $0.00281129$ & $0.0122385$ & $0.00718567$ & $0.00926301$ & $0.00109808$ & $-0.0134261$ & $-0.0072006$ & $-0.00366318$ & $0.0056904$ & $0.00126928$ & $-0.00668331$ & $-0.00804314$ & $-0.000822261$ & $-0.00148911$ & $-0.0109677$ & $0.00773883$ & $0.00899886$ & $0.00038379$ & $5.40324e-05$ & $0.00738466$ & $0.00482057$ & $0.00119627$ & $-0.00075986$ & $-0.00659623$ & $0.0101768$ & $-0.00340534$ & $-0.00187965$ & $0.003654$ & $0.00716932$ & $0.000169219$ & $-0.00489784$ \\
CW & $0.00332734$ & $0.0261002$ & $0.00325231$ & $0.00110589$ & $-0.00318853$ & $1$ & $0.00195061$ & $-0.119184$ & $-0.116873$ & $0.0320737$ & $0.105483$ & $0.0268863$ & $-0.0178292$ & $0.109188$ & $0.0333341$ & $0.0245857$ & $-0.0516006$ & $-0.00106924$ & $0.00534168$ & $-0.100466$ & $-0.0511755$ & $-0.0428336$ & $-0.0119032$ & $0.049083$ & $0.00228636$ & $0.0143501$ & $-0.0555585$ & $-0.00734061$ & $0.00284706$ & $-0.00216166$ & $-0.0001159$ & $0.00250338$ & $0.00446826$ & $-0.106505$ & $0.00269397$ & $0.00687249$ & $-0.00367972$ & $-0.00496471$ & $0.00829523$ & $0.00484222$ & $0.00512378$ & $0.000765771$ & $-0.00347603$ & $0.0100869$ & $-0.00103003$ & $-0.00383347$ & $0.00531083$ & $0.00572081$ & $0.00656458$ \\
CHG & $0.0030353$ & $0.0137047$ & $0.00999951$ & $0.00465645$ & $-0.00037462$ & $0.00195061$ & $1$ & $-0.0257647$ & $0.0393031$ & $0.0149406$ & $0.0172111$ & $-0.0739643$ & $-0.129986$ & $0.0139636$ & $0.00585443$ & $0.0100904$ & $0.0205477$ & $0.00351864$ & $0.00129143$ & $-0.0150559$ & $-0.00675979$ & $-0.00984985$ & $-0.00474587$ & $0.00908905$ & $0.0054908$ & $0.00207825$ & $-0.0107502$ & $0.00869473$ & $0.0262492$ & $-0.0579124$ & $-0.0323724$ & $0.938625$ & $-0.0737149$ & $-0.0179486$ & $-0.0283852$ & $-0.0162316$ & $0.0212399$ & $0.00599349$ & $-0.00955227$ & $-0.00301801$ & $0.00101823$ & $0.0038498$ & $0.00073393$ & $-0.000245913$ & $0.00556301$ & $-0.00935738$ & $0.00994319$ & $0.00443657$ & $-5.72791e-05$ \\
CHWB & $-0.00119591$ & $-0.204706$ & $0.0090135$ & $-0.000166881$ & $0.00322015$ & $-0.119184$ & $-0.0257647$ & $1$ & $0.975904$ & $-0.30977$ & $-0.875187$ & $-0.30114$ & $0.118784$ & $-0.0834243$ & $-0.0919736$ & $-0.08653$ & $-0.360982$ & $-0.203007$ & $-0.20361$ & $0.757348$ & $0.366494$ & $0.347498$ & $0.0378282$ & $-0.368432$ & $-0.247342$ & $-0.0776006$ & $0.276327$ & $0.063007$ & $-0.00833751$ & $0.00899042$ & $0.00526817$ & $-0.0420156$ & $-0.0116415$ & $0.611937$ & $-0.0160019$ & $-0.0102484$ & $4.53125e-05$ & $0.00474367$ & $0.0064185$ & $0.00405831$ & $-0.00867937$ & $0.00887557$ & $-0.00778392$ & $-0.00104019$ & $0.0138529$ & $-0.00354253$ & $0.00768413$ & $-0.000829354$ & $-0.0105016$ \\
CHWHB_gaga & $0.000654953$ & $-0.196479$ & $0.00750614$ & $0.00282821$ & $0.00283118$ & $-0.116873$ & $0.0393031$ & $0.975904$ & $1$ & $-0.311616$ & $-0.853715$ & $-0.27752$ & $0.112688$ & $-0.0905961$ & $-0.0886063$ & $-0.084115$ & $-0.361051$ & $-0.201782$ & $-0.200136$ & $0.746451$ & $0.35684$ & $0.339487$ & $0.035092$ & $-0.360592$ & $-0.242856$ & $-0.0739332$ & $0.270633$ & $0.0624589$ & $-0.000616334$ & $0.035076$ & $0.0178119$ & $0.0114673$ & $0.0140025$ & $0.595006$ & $-0.0398445$ & $-0.0209928$ & $-0.00818358$ & $-0.000170365$ & $-0.000188983$ & $0.00143309$ & $-0.00503373$ & $0.00793963$ & $0.0760282$ & $0.000928975$ & $0.0105544$ & $-0.00161265$ & $0.00613606$ & $0.000937644$ & $-0.0125872$ \\
CHWHB_gagaorth & $-9.48873e-05$ & $0.0522879$ & $-0.00506682$ & $-0.000353444$ & $-0.00951078$ & $0.0320737$ & $0.0149406$ & $-0.30977$ & $-0.311616$ & $1$ & $0.0210381$ & $0.241958$ & $-0.182234$ & $0.7682$ & $0.0804059$ & $0.0806793$ & $0.813719$ & $0.275092$ & $0.271082$ & $-0.0351781$ & $-0.0322986$ & $-0.0286224$ & $-0.0414059$ & $0.265023$ & $0.331172$ & $0.0116837$ & $-0.141741$ & $-0.0158313$ & $-0.00507972$ & $-0.0835102$ & $-0.0356885$ & $0.0323177$ & $-0.0468052$ & $-0.198874$ & $0.0370593$ & $0.0212976$ & $-0.00447989$ & $-0.0061693$ & $0.00262825$ & $-0.00172878$ & $-0.0301212$ & $-0.00190092$ & $-0.0165785$ & $0.00581756$ & $0.00415109$ & $0.00534921$ & $0.0019623$ & $-0.00455396$ & $0.0122829$ \\
CHD & $-0.0137938$ & $0.189897$ & $0.00538588$ & $0.00421051$ & $0.0892533$ & $0.105483$ & $0.0172111$ & $-0.875187$ & $-0.853715$ & $0.0210381$ & $1$ & $0.226165$ & $-0.0553275$ & $-0.194868$ & $0.0434529$ & $0.0398127$ & $0.0641995$ & $0.101424$ & $0.103025$ & $-0.776866$ & $-0.3648$ & $-0.342812$ & $-0.0205946$ & $0.257083$ & $0.126474$ & $0.0779044$ & $-0.207309$ & $-0.0591937$ & $0.00739996$ & $0.0026098$ & $0.00292948$ & $0.0268234$ & $0.0142045$ & $-0.45989$ & $0.00695502$ & $0.00774152$ & $0.000435274$ & $-0.000578757$ & $-0.00499255$ & $-0.00329598$ & $0.0152363$ & $-0.0104889$ & $0.00976993$ & $-0.00180561$ & $-0.0177677$ & $3.1567e-05$ & $-0.0064256$ & $0.00159888$ & $0.00414222$ \\
CHbox & $0.00463505$ & $-0.0171005$ & $-0.0124136$ & $-0.00296278$ & $0.00847947$ & $0.0268863$ & $-0.0739643$ & $-0.30114$ & $-0.27752$ & $0.241958$ & $0.226165$ & $1$ & $0.503607$ & $-0.00359603$ & $0.0443042$ & $0.0435129$ & $0.100417$ & $0.0625753$ & $0.0648807$ & $-0.00647297$ & $-0.0954338$ & $-0.0832736$ & $-0.0107275$ & $0.117608$ & $0.0800823$ & $0.0162759$ & $-0.0889748$ & $-0.0161736$ & $0.0387818$ & $0.228353$ & $0.0679895$ & $-0.00269292$ & $0.334042$ & $-0.247436$ & $0.0798777$ & $0.0372962$ & $-0.0164324$ & $-0.00127792$ & $0.00151921$ & $-0.00743213$ & $-0.0076672$ & $0.0130779$ & $-0.0116627$ & $-0.000765749$ & $-0.00569536$ & $0.00665779$ & $0.0027504$ & $0.00396151$ & $0.0112444$ \\
CH & $0.00299037$ & $-0.0307021$ & $0.000930401$ & $0.00179723$ & $0.00453823$ & $-0.0178292$ & $-0.129986$ & $0.118784$ & $0.112688$ & $-0.182234$ & $-0.0553275$ & $0.503607$ & $1$ & $-0.181829$ & $-0.018658$ & $-0.0186189$ & $-0.201074$ & $-0.0708201$ & $-0.0654822$ & $0.114321$ & $0.0292029$ & $0.0278979$ & $0.0112823$ & $-0.0778768$ & $-0.0835645$ & $-0.00551787$ & $0.0444687$ & $0.00742097$ & $0.0153554$ & $0.0969835$ & $0.0460165$ & $-0.12235$ & $0.144106$ & $0.0620408$ & $0.000265972$ & $-0.00584694$ & $0.00288628$ & $0.00958301$ & $0.00524855$ & $-0.00274199$ & $0.00204602$ & $0.000278136$ & $0.00100351$ & $0.00172016$ & $-0.00675482$ & $0.000204203$ & $-0.00113726$ & $0.00314245$ & $0.0020785$ \\
CHL1_11 & $0.00298857$ & $-0.038871$ & $-0.00182835$ & $-0.00722683$ & $-0.00964538$ & $0.109188$ & $0.0139636$ & $-0.0834243$ & $-0.0905961$ & $0.7682$ & $-0.194868$ & $-0.00359603$ & $-0.181829$ & $1$ & $0.0830786$ & $0.0825811$ & $0.631705$ & $0.226743$ & $0.224354$ & $0.0871416$ & $0.0492989$ & $0.0413734$ & $-0.0388663$ & $0.205545$ & $0.263276$ & $-0.00262212$ & $-0.115008$ & $-0.00106805$ & $-0.00930642$ & $-0.05143$ & $-0.0305781$ & $0.0150327$ & $-0.056129$ & $-0.112216$ & $0.0207208$ & $0.00523058$ & $-0.00379695$ & $-0.00701729$ & $0.0031411$ & $0.00240429$ & $-0.0303381$ & $-0.0033941$ & $-0.0136297$ & $0.0102233$ & $0.00548346$ & $0.00754918$ & $0.00472023$ & $0.000238753$ & $0.00737481$ \\
CHL1_22 & $0.00737689$ & $-0.0151618$ & $0.000131477$ & $-0.000421705$ & $-0.00830063$ & $0.0333341$ & $0.00585443$ & $-0.0919736$ & $-0.0886063$ & $0.0804059$ & $0.0434529$ & $0.0443042$ & $-0.018658$ & $0.0830786$ & $1$ & $0.344238$ & $0.066944$ & $-0.636769$ & $-0.230727$ & $-0.0251712$ & $-0.261462$ & $-0.195108$ & $-0.0989817$ & $0.267522$ & $-0.316923$ & $0.0280938$ & $-0.524619$ & $-0.0346416$ & $0.00774863$ & $-0.00116879$ & $-0.00251103$ & $0.00917332$ & $0.00322302$ & $-0.595333$ & $0.00359114$ & $0.00126088$ & $0.00828572$ & $-0.00473977$ & $0.000600555$ & $-0.000973461$ & $-0.00269048$ & $-0.000107804$ & $0.00259625$ & $0.00991834$ & $-0.0077912$ & $0.00713612$ & $-0.00306516$ & $-0.00477575$ & $0.00294834$ \\
CHL1_33 & $0.00189323$ & $-0.0208094$ & $0.00718025$ & $-0.000187976$ & $-0.00899663$ & $0.0245857$ & $0.0100904$ & $-0.08653$ & $-0.084115$ & $0.0806793$ & $0.0398127$ & $0.0435129$ & $-0.0186189$ & $0.0825811$ & $0.344238$ & $1$ & $0.0669441$ & $-0.226712$ & $-0.618198$ & $-0.0265509$ & $-0.190284$ & $-0.308437$ & $-0.0995474$ & $0.266728$ & $-0.307314$ & $0.0338458$ & $-0.505933$ & $-0.0289091$ & $0.00437566$ & $0.00209869$ & $-0.00220214$ & $0.015064$ & $0.00562244$ & $-0.280423$ & $-0.00113099$ & $0.00883647$ & $0.00375676$ & $-0.000639003$ & $-0.0110695$ & $-0.000412679$ & $-0.00178118$ & $-0.00043357$ & $0.000490388$ & $0.0111221$ & $-0.00618585$ & $-0.00409823$ & $0.0016447$ & $0.00166253$ & $0.000558671$ \\
CHL3_11 & $-0.00368514$ & $0.0669694$ & $-0.00577876$ & $-0.00260037$ & $-0.0142332$ & $-0.0516006$ & $0.0205477$ & $-0.360982$ & $-0.361051$ & $0.813719$ & $0.0641995$ & $0.100417$ & $-0.201074$ & $0.631705$ & $0.066944$ & $0.0669441$ & $1$ & $0.30726$ & $0.302221$ & $-0.114285$ & $-0.0459433$ & $-0.0432439$ & $-0.031548$ & $0.279777$ & $0.373645$ & $0.0103408$ & $-0.130671$ & $-0.0146813$ & $-0.00842664$ & $-0.052552$ & $-0.029309$ & $0.0278173$ & $-0.0566525$ & $-0.18185$ & $0.0229682$ & $0.00822804$ & $-0.000178237$ & $-0.00596559$ & $0.00134007$ & $-0.0039715$ & $-0.0207574$ & $-0.00165897$ & $-0.00831051$ & $0.00632968$ & $0.00107035$ & $0.00589179$ & $-0.00652023$ & $-0.00631149$ & $0.010396$ \\
CHL3_22 & $-0.00678528$ & $-0.00109409$ & $-0.00724189$ & $-0.00493136$ & $0.00246639$ & $-0.00106924$ & $0.00351864$ & $-0.203007$ & $-0.201782$ & $0.275092$ & $0.101424$ & $0.0625753$ & $-0.0708201$ & $0.226743$ & $-0.636769$ & $-0.226712$ & $0.30726$ & $1$ & $0.416271$ & $-0.102747$ & $0.0336189$ & $0.0394384$ & $0.0730745$ & $0.0238055$ & $0.593298$ & $0.00246635$ & $0.338106$ & $0.00122192$ & $-0.00506301$ & $-0.025123$ & $-0.00964629$ & $0.00750099$ & $-0.0210229$ & $0.538904$ & $0.00878309$ & $0.00488943$ & $-0.00900819$ & $0.00580259$ & $-0.00181153$ & $0.00259801$ & $-0.00273779$ & $-0.00583559$ & $-0.00355692$ & $-0.00157724$ & $0.00772401$ & $0.00165232$ & $0.00532388$ & $-0.000281392$ & $0.00437698$ \\
CHL3_33 & $0.000983179$ & $0.0072832$ & $-0.0114963$ & $-0.00637915$ & $0.00281129$ & $0.00534168$ & $0.00129143$ & $-0.20361$ & $-0.200136$ & $0.271082$ & $0.103025$ & $0.0648807$ & $-0.0654822$ & $0.224354$ & $-0.230727$ & $-0.618198$ & $0.302221$ & $0.416271$ & $1$ & $-0.103126$ & $0.0331614$ & $0.0389839$ & $0.0744403$ & $0.0174678$ & $0.592278$ & $-0.00406621$ & $0.335395$ & $0.0022568$ & $-0.00235046$ & $-0.0253751$ & $-0.0133873$ & $0.000728216$ & $-0.0242999$ & $0.0994952$ & $0.00566389$ & $-0.000496807$ & $-0.0069938$ & $0.00169104$ & $0.00795356$ & $0.00073978$ & $-0.00521301$ & $-7.11124e-05$ & $0.00347925$ & $0.00148265$ & $0.00610659$ & $0.00244337$ & $-0.004306$ & $-0.00201292$ & $0.00321011$ \\
CHe_11 & $-0.0012589$ & $-0.199728$ & $0.00562658$ & $-0.00312173$ & $0.0122385$ & $-0.100466$ & $-0.0150559$ & $0.757348$ & $0.746451$ & $-0.0351781$ & $-0.776866$ & $-0.00647297$ & $0.114321$ & $0.0871416$ & $-0.0251712$ & $-0.0265509$ & $-0.114285$ & $-0.102747$ & $-0.103126$ & $1$ & $0.333894$ & $0.320141$ & $0.0165111$ & $-0.237491$ & $-0.121079$ & $-0.0752972$ & $0.183913$ & $0.0544576$ & $0.000348144$ & $-0.0136971$ & $0.0025586$ & $-0.0138298$ & $0.00856236$ & $0.383364$ & $0.00241094$ & $-0.000795929$ & $-0.00316815$ & $0.00141348$ & $0.00121442$ & $0.00208168$ & $-0.0118448$ & $0.00943296$ & $-0.00167722$ & $-0.000431712$ & $0.0145087$ & $0.00305677$ & $0.00703429$ & $0.00233751$ & $-0.0050378$ \\
CHe_22 & $-0.00502171$ & $-0.00566707$ & $0.00454157$ & $0.00150978$ & $0.00718567$ & $-0.0511755$ & $-0.00675979$ & $0.366494$ & $0.35684$ & $-0.0322986$ & $-0.3648$ & $-0.0954338$ & $0.0292029$ & $0.0492989$ & $-0.261462$ & $-0.190284$ & $-0.0459433$ & $0.0336189$ & $0.0331614$ & $0.333894$ & $1$ & $0.276801$ & $0.0473328$ & $-0.2814$ & $0.00258404$ & $-0.0541823$ & $0.322885$ & $0.0491516$ & $-0.0108264$ & $-0.00430467$ & $0.00549006$ & $-0.0115826$ & $-0.00614471$ & $0.287312$ & $-0.00315803$ & $-0.00218868$ & $0.0019469$ & $0.00405337$ & $0.0086353$ & $-0.000660065$ & $-0.00731179$ & $0.00522866$ & $-0.00546495$ & $-0.0036272$ & $-0.00191156$ & $-0.00515835$ & $0.0089639$ & $0.00305466$ & $0.000198496$ \\
CHe_33 & $-0.00286096$ & $-0.0156374$ & $0.00890536$ & $0.00681483$ & $0.00926301$ & $-0.0428336$ & $-0.00984985$ & $0.347498$ & $0.339487$ & $-0.0286224$ & $-0.342812$ & $-0.0832736$ & $0.0278979$ & $0.0413734$ & $-0.195108$ & $-0.308437$ & $-0.0432439$ & $0.0394384$ & $0.0389839$ & $0.320141$ & $0.276801$ & $1$ & $0.0473103$ & $-0.269275$ & $0.00858336$ & $-0.0537874$ & $0.311007$ & $0.045998$ & $-0.0117209$ & $-0.00984301$ & $-0.00514$ & $-0.0144451$ & $-0.00848951$ & $0.276874$ & $-0.00142126$ & $-0.00308605$ & $0.00125113$ & $0.0046563$ & $0.000443095$ & $0.00254431$ & $0.000259407$ & $0.00712747$ & $-0.00013376$ & $0.00089307$ & $0.00866168$ & $0.00305483$ & $-0.00442571$ & $-0.000392423$ & $0.00189518$ \\
CHQ1_11 & $-0.00320694$ & $0.000929807$ & $0.001316$ & $0.00296618$ & $0.00109808$ & $-0.0119032$ & $-0.00474587$ & $0.0378282$ & $0.035092$ & $-0.0414059$ & $-0.0205946$ & $-0.0107275$ & $0.0112823$ & $-0.0388663$ & $-0.0989817$ & $-0.0995474$ & $-0.031548$ & $0.0730745$ & $0.0744403$ & $0.0165111$ & $0.0473328$ & $0.0473103$ & $1$ & $-0.0709783$ & $0.118719$ & $-0.601134$ & $0.251503$ & $0.0152178$ & $0.00226664$ & $0.0041543$ & $0.000295081$ & $-0.00423568$ & $0.00159454$ & $0.0965708$ & $4.36993e-05$ & $-0.0017193$ & $-0.00271778$ & $-0.00410022$ & $-0.00045634$ & $0.00358919$ & $-0.00130212$ & $-0.00101042$ & $-0.00360607$ & $0.00488729$ & $0.00511286$ & $-0.00238933$ & $-0.000450633$ & $0.00111233$ & $0.00172822$ \\
CHQ1_33 & $-0.0333769$ & $0.00089913$ & $0.00349451$ & $-0.00887768$ & $-0.0134261$ & $0.049083$ & $0.00908905$ & $-0.368432$ & $-0.360592$ & $0.265023$ & $0.257083$ & $0.117608$ & $-0.0778768$ & $0.205545$ & $0.267522$ & $0.266728$ & $0.279777$ & $0.0238055$ & $0.0174678$ & $-0.237491$ & $-0.2814$ & $-0.269275$ & $-0.0709783$ & $1$ & $0.0742286$ & $0.0556976$ & $-0.237951$ & $0.113009$ & $-0.00355256$ & $-0.013454$ & $-0.00937388$ & $0.0157251$ & $-0.00405223$ & $-0.332383$ & $0.00875259$ & $0.000556047$ & $-0.00485855$ & $0.000763766$ & $-0.00112024$ & $-0.00353159$ & $-0.00415504$ & $-0.00632827$ & $0.0030109$ & $0.00450981$ & $-0.00616638$ & $0.00314212$ & $-0.00304537$ & $-0.00275734$ & $0.00552273$ \\
CHQ3_11 & $-0.11065$ & $0.00772573$ & $-0.00409212$ & $-0.00106227$ & $-0.0072006$ & $0.00228636$ & $0.0054908$ & $-0.247342$ & $-0.242856$ & $0.331172$ & $0.126474$ & $0.0800823$ & $-0.0835645$ & $0.263276$ & $-0.316923$ & $-0.307314$ & $0.373645$ & $0.593298$ & $0.592278$ & $-0.121079$ & $0.00258404$ & $0.00858336$ & $0.118719$ & $0.0742286$ & $1$ & $0.0134764$ & $0.528313$ & $-0.00659$ & $0.00353552$ & $-0.0326823$ & $-0.00960794$ & $0.00611606$ & $-0.0212668$ & $0.18859$ & $0.00416258$ & $0.00526554$ & $-0.0170241$ & $0.00244806$ & $0.00542092$ & $0.0062994$ & $-0.00896184$ & $-0.00374734$ & $-0.00103517$ & $0.00118999$ & $0.00463783$ & $0.00242765$ & $0.00032818$ & $-0.00576621$ & $0.0143202$ \\
CHu_11 & $-0.012688$ & $0.00374579$ & $0.00139029$ & $-0.0120379$ & $-0.00366318$ & $0.0143501$ & $0.00207825$ & $-0.0776006$ & $-0.0739332$ & $0.0116837$ & $0.0779044$ & $0.0162759$ & $-0.00551787$ & $-0.00262212$ & $0.0280938$ & $0.0338458$ & $0.0103408$ & $0.00246635$ & $-0.00406621$ & $-0.0752972$ & $-0.0541823$ & $-0.0537874$ & $-0.601134$ & $0.0556976$ & $0.0134764$ & $1$ & $0.144179$ & $-0.0121817$ & $0.00314004$ & $-0.000711884$ & $0.00119664$ & $0.00212853$ & $0.00302096$ & $-0.0520626$ & $-0.00661998$ & $0.00194641$ & $-0.00239942$ & $0.00674363$ & $0.000830928$ & $0.00434487$ & $0.0053695$ & $-0.00590643$ & $0.000789573$ & $-0.0019542$ & $-0.00256624$ & $-0.00263926$ & $0.00164531$ & $-0.008543$ & $0.00130763$ \\
CHd_11 & $-0.0214799$ & $0.00598484$ & $0.00153448$ & $-0.00287085$ & $0.0056904$ & $-0.0555585$ & $-0.0107502$ & $0.276327$ & $0.270633$ & $-0.141741$ & $-0.207309$ & $-0.0889748$ & $0.0444687$ & $-0.115008$ & $-0.524619$ & $-0.505933$ & $-0.130671$ & $0.338106$ & $0.335395$ & $0.183913$ & $0.322885$ & $0.311007$ & $0.251503$ & $-0.237951$ & $0.528313$ & $0.144179$ & $1$ & $0.0297111$ & $0.00217493$ & $-0.000559015$ & $0.00423119$ & $-0.0180325$ & $-0.00344223$ & $0.514463$ & $-0.00918738$ & $-0.00683143$ & $-0.00865953$ & $0.0100902$ & $0.00595416$ & $0.0075159$ & $0.00606063$ & $-0.00352754$ & $0.00180931$ & $-0.00290856$ & $0.00765962$ & $-0.0024023$ & $0.000886181$ & $-0.00673935$ & $0.00413822$ \\
CHd_33 & $0.00401663$ & $-0.00169412$ & $-0.00795155$ & $0.00282377$ & $0.00126928$ & $-0.00734061$ & $0.00869473$ & $0.063007$ & $0.0624589$ & $-0.0158313$ & $-0.0591937$ & $-0.0161736$ & $0.00742097$ & $-0.00106805$ & $-0.0346416$ & $-0.0289091$ & $-0.0146813$ & $0.00122192$ & $0.0022568$ & $0.0544576$ & $0.0491516$ & $0.045998$ & $0.0152178$ & $0.113009$ & $-0.00659$ & $-0.0121817$ & $0.0297111$ & $1$ & $0.0018319$ & $-0.00359717$ & $-0.00247978$ & $0.00768088$ & $-0.00111108$ & $0.0477668$ & $0.0103386$ & $-0.00570596$ & $0.00355608$ & $-0.00140979$ & $-0.00202726$ & $-0.00418951$ & $-0.00528904$ & $0.00295993$ & $-0.00196395$ & $-0.00312868$ & $-0.00121992$ & $0.00210526$ & $-0.00343246$ & $-0.00291538$ & $-0.00127734$ \\
CeH_22r & $0.00704984$ & $-0.000815124$ & $0.000578012$ & $-0.0042528$ & $-0.00668331$ & $0.00284706$ & $0.0262492$ & $-0.00833751$ & $-0.000616334$ & $-0.00507972$ & $0.00739996$ & $0.0387818$ & $0.0153554$ & $-0.00930642$ & $0.00774863$ & $0.00437566$ & $-0.00842664$ & $-0.00506301$ & $-0.00235046$ & $0.000348144$ & $-0.0108264$ & $-0.0117209$ & $0.00226664$ & $-0.00355256$ & $0.00353552$ & $0.00314004$ & $0.00217493$ & $0.0018319$ & $1$ & $0.0279209$ & $0.0163847$ & $0.0111055$ & $0.0355234$ & $-0.0106704$ & $-0.0209372$ & $-0.0145056$ & $-0.0098074$ & $-0.002683$ & $-0.012768$ & $-0.00958758$ & $0.00437835$ & $0.00545977$ & $0.00246981$ & $0.0100151$ & $0.00450853$ & $-0.00214065$ & $-0.00266319$ & $0.000612303$ & $0.00667551$ \\
CeH_33r & $-0.00719567$ & $-0.00265269$ & $-0.0154348$ & $-0.0166929$ & $-0.00804314$ & $-0.00216166$ & $-0.0579124$ & $0.00899042$ & $0.035076$ & $-0.0835102$ & $0.0026098$ & $0.228353$ & $0.0969835$ & $-0.05143$ & $-0.00116879$ & $0.00209869$ & $-0.052552$ & $-0.025123$ & $-0.0253751$ & $-0.0136971$ & $-0.00430467$ & $-0.00984301$ & $0.0041543$ & $-0.013454$ & $-0.0326823$ & $-0.000711884$ & $-0.000559015$ & $-0.00359717$ & $0.0279209$ & $1$ & $0.254763$ & $0.0592652$ & $0.539762$ & $-0.00323983$ & $-0.0627184$ & $-0.0182861$ & $-0.197856$ & $-0.0924604$ & $-0.0241648$ & $-0.0256668$ & $0.00603064$ & $-0.00133474$ & $-0.0201804$ & $0.00170939$ & $0.0785608$ & $-0.00769306$ & $0.00502849$ & $0.00906013$ & $-0.00550377$ \\
CuH_22r & $-0.0124518$ & $-0.00584067$ & $-2.0634e-05$ & $-0.000296361$ & $-0.000822261$ & $-0.0001159$ & $-0.0323724$ & $0.00526817$ & $0.0178119$ & $-0.0356885$ & $0.00292948$ & $0.0679895$ & $0.0460165$ & $-0.0305781$ & $-0.00251103$ & $-0.00220214$ & $-0.029309$ & $-0.00964629$ & $-0.0133873$ & $0.0025586$ & $0.00549006$ & $-0.00514$ & $0.000295081$ & $-0.00937388$ & $-0.00960794$ & $0.00119664$ & $0.00423119$ & $-0.00247978$ & $0.0163847$ & $0.254763$ & $1$ & $0.0406914$ & $0.296072$ & $0.000177093$ & $-0.0305616$ & $-0.00920005$ & $-0.111807$ & $-0.0470527$ & $0.00229903$ & $-0.0130818$ & $0.00293686$ & $-0.00554498$ & $-0.0192206$ & $-0.0173244$ & $-0.0265037$ & $0.0600014$ & $0.40607$ & $0.0053719$ & $0.0142508$ \\
CuH_33r & $0.00115369$ & $0.0171767$ & $0.00232077$ & $0.00197569$ & $-0.00148911$ & $0.00250338$ & $0.938625$ & $-0.0420156$ & $0.0114673$ & $0.0323177$ & $0.0268234$ & $-0.00269292$ & $-0.12235$ & $0.0150327$ & $0.00917332$ & $0.015064$ & $0.0278173$ & $0.00750099$ & $0.000728216$ & $-0.0138298$ & $-0.0115826$ & $-0.0144451$ & $-0.00423568$ & $0.0157251$ & $0.00611606$ & $0.00212853$ & $-0.0180325$ & $0.00768088$ & $0.0111055$ & $0.0592652$ & $0.0406914$ & $1$ & $0.082608$ & $-0.0310426$ & $0.064427$ & $0.0294401$ & $-0.0235042$ & $-0.0126221$ & $0.00525166$ & $0.00233582$ & $-0.00563029$ & $0.00446001$ & $-0.00481059$ & $-0.000636579$ & $0.00852321$ & $-0.00724579$ & $0.0109129$ & $0.00380832$ & $0.0108555$ \\
CdH_33r & $-0.00592781$ & $0.0106952$ & $-0.0364278$ & $0.00179384$ & $-0.0109677$ & $0.00446826$ & $-0.0737149$ & $-0.0116415$ & $0.0140025$ & $-0.0468052$ & $0.0142045$ & $0.334042$ & $0.144106$ & $-0.056129$ & $0.00322302$ & $0.00562244$ & $-0.0566525$ & $-0.0210229$ & $-0.0242999$ & $0.00856236$ & $-0.00614471$ & $-0.00848951$ & $0.00159454$ & $-0.00405223$ & $-0.0212668$ & $0.00302096$ & $-0.00344223$ & $-0.00111108$ & $0.0355234$ & $0.539762$ & $0.296072$ & $0.082608$ & $1$ & $-0.0207466$ & $-0.0267216$ & $-0.0219057$ & $-0.230019$ & $-0.103069$ & $0.00127271$ & $-0.0145609$ & $-0.0363266$ & $0.0206727$ & $-0.0281552$ & $0.00698996$ & $0.0196832$ & $-0.00932874$ & $0.0276059$ & $0.176356$ & $0.529958$ \\
CLL_1221 & $-0.0135645$ & $0.108602$ & $-0.00159049$ & $0.00506509$ & $0.00773883$ & $-0.106505$ & $-0.0179486$ & $0.611937$ & $0.595006$ & $-0.198874$ & $-0.45989$ & $-0.247436$ & $0.0620408$ & $-0.112216$ & $-0.595333$ & $-0.280423$ & $-0.18185$ & $0.538904$ & $0.0994952$ & $0.383364$ & $0.287312$ & $0.276874$ & $0.0965708$ & $-0.332383$ & $0.18859$ & $-0.0520626$ & $0.514463$ & $0.0477668$ & $-0.0106704$ & $-0.00323983$ & $0.000177093$ & $-0.0310426$ & $-0.0207466$ & $1$ & $-0.00546706$ & $-0.00682769$ & $-0.00287714$ & $0.00780121$ & $0.00839643$ & $0.00170335$ & $0.00187364$ & $0.000322112$ & $-0.000706534$ & $-0.010208$ & $0.00869296$ & $-0.0052548$ & $0.00408589$ & $-0.00293794$ & $-0.00325415$ \\
eHggint & $0.00547131$ & $0.0251436$ & $-0.0346298$ & $-0.0154996$ & $0.00899886$ & $0.00269397$ & $-0.0283852$ & $-0.0160019$ & $-0.0398445$ & $0.0370593$ & $0.00695502$ & $0.0798777$ & $0.000265972$ & $0.0207208$ & $0.00359114$ & $-0.00113099$ & $0.0229682$ & $0.00878309$ & $0.00566389$ & $0.00241094$ & $-0.00315803$ & $-0.00142126$ & $4.36993e-05$ & $0.00875259$ & $0.00416258$ & $-0.00661998$ & $-0.00918738$ & $0.0103386$ & $-0.0209372$ & $-0.0627184$ & $-0.0305616$ & $0.064427$ & $-0.0267216$ & $-0.00546706$ & $1$ & $-0.0936221$ & $0.0122797$ & $0.0238288$ & $0.055103$ & $0.0164073$ & $-0.0188671$ & $0.00984733$ & $-0.00202226$ & $-0.0277868$ & $0.01526$ & $0.0250742$ & $-0.022352$ & $-0.0415685$ & $0.0466189$ \\
eHggpar & $-0.0468879$ & $-0.00196059$ & $-0.038553$ & $0.0280036$ & $0.00038379$ & $0.00687249$ & $-0.0162316$ & $-0.0102484$ & $-0.0209928$ & $0.0212976$ & $0.00774152$ & $0.0372962$ & $-0.00584694$ & $0.00523058$ & $0.00126088$ & $0.00883647$ & $0.00822804$ & $0.00488943$ & $-0.000496807$ & $-0.000795929$ & $-0.00218868$ & $-0.00308605$ & $-0.0017193$ & $0.000556047$ & $0.00526554$ & $0.00194641$ & $-0.00683143$ & $-0.00570596$ & $-0.0145056$ & $-0.0182861$ & $-0.00920005$ & $0.0294401$ & $-0.0219057$ & $-0.00682769$ & $-0.0936221$ & $1$ & $-0.0346137$ & $0.00572957$ & $0.00864468$ & $0.021559$ & $-0.0440282$ & $-0.0028656$ & $-0.00873566$ & $0.0166406$ & $-0.0256224$ & $-0.0124559$ & $-0.00462352$ & $-0.039908$ & $-0.00984431$ \\
eHWWint & $0.0322144$ & $0.009583$ & $0.0154091$ & $0.0245129$ & $5.40324e-05$ & $-0.00367972$ & $0.0212399$ & $4.53125e-05$ & $-0.00818358$ & $-0.00447989$ & $0.000435274$ & $-0.0164324$ & $0.00288628$ & $-0.00379695$ & $0.00828572$ & $0.00375676$ & $-0.000178237$ & $-0.00900819$ & $-0.0069938$ & $-0.00316815$ & $0.0019469$ & $0.00125113$ & $-0.00271778$ & $-0.00485855$ & $-0.0170241$ & $-0.00239942$ & $-0.00865953$ & $0.00355608$ & $-0.0098074$ & $-0.197856$ & $-0.111807$ & $-0.0235042$ & $-0.230019$ & $-0.00287714$ & $0.0122797$ & $-0.0346137$ & $1$ & $-0.0211333$ & $0.0387321$ & $0.0306941$ & $-0.0114523$ & $0.0143794$ & $0.0564178$ & $-0.0312577$ & $0.00337158$ & $0.00305461$ & $-0.0486138$ & $-0.0126057$ & $-0.00611511$ \\
eHWWpar & $-0.0079182$ & $-0.00684812$ & $0.00167736$ & $0.00360401$ & $0.00738466$ & $-0.00496471$ & $0.00599349$ & $0.00474367$ & $-0.000170365$ & $-0.0061693$ & $-0.000578757$ & $-0.00127792$ & $0.00958301$ & $-0.00701729$ & $-0.00473977$ & $-0.000639003$ & $-0.00596559$ & $0.00580259$ & $0.00169104$ & $0.00141348$ & $0.00405337$ & $0.0046563$ & $-0.00410022$ & $0.000763766$ & $0.00244806$ & $0.00674363$ & $0.0100902$ & $-0.00140979$ & $-0.002683$ & $-0.0924604$ & $-0.0470527$ & $-0.0126221$ & $-0.103069$ & $0.00780121$ & $0.0238288$ & $0.00572957$ & $-0.0211333$ & $1$ & $0.0136654$ & $0.00926295$ & $-0.00337616$ & $0.00764668$ & $0.0231092$ & $0.00333473$ & $-0.00619361$ & $0.00848708$ & $-0.00180471$ & $-0.0117487$ & $0.0049543$ \\
eHZZint & $-0.0494825$ & $0.0188032$ & $-0.0150907$ & $0.0369558$ & $0.00482057$ & $0.00829523$ & $-0.00955227$ & $0.0064185$ & $-0.000188983$ & $0.00262825$ & $-0.00499255$ & $0.00151921$ & $0.00524855$ & $0.0031411$ & $0.000600555$ & $-0.0110695$ & $0.00134007$ & $-0.00181153$ & $0.00795356$ & $0.00121442$ & $0.0086353$ & $0.000443095$ & $-0.00045634$ & $-0.00112024$ & $0.00542092$ & $0.000830928$ & $0.00595416$ & $-0.00202726$ & $-0.012768$ & $-0.0241648$ & $0.00229903$ & $0.00525166$ & $0.00127271$ & $0.00839643$ & $0.055103$ & $0.00864468$ & $0.0387321$ & $0.0136654$ & $1$ & $-0.00693368$ & $-0.0407929$ & $0.000961122$ & $0.00515397$ & $0.0144719$ & $-0.0035249$ & $0.016956$ & $0.0265426$ & $-0.036292$ & $0.0632259$ \\
eHZZpar & $0.00380191$ & $-0.0131245$ & $0.0087672$ & $-0.00645628$ & $0.00119627$ & $0.00484222$ & $-0.00301801$ & $0.00405831$ & $0.00143309$ & $-0.00172878$ & $-0.00329598$ & $-0.00743213$ & $-0.00274199$ & $0.00240429$ & $-0.000973461$ & $-0.000412679$ & $-0.0039715$ & $0.00259801$ & $0.00073978$ & $0.00208168$ & $-0.000660065$ & $0.00254431$ & $0.00358919$ & $-0.00353159$ & $0.0062994$ & $0.00434487$ & $0.0075159$ & $-0.00418951$ & $-0.00958758$ & $-0.0256668$ & $-0.0130818$ & $0.00233582$ & $-0.0145609$ & $0.00170335$ & $0.0164073$ & $0.021559$ & $0.0306941$ & $0.00926295$ & $-0.00693368$ & $1$ & $0.00407266$ & $-0.0100594$ & $0.00491324$ & $0.0100798$ & $0.00915925$ & $0.00527176$ & $-0.00274022$ & $0.019738$ & $0.00838417$ \\
eHZgaint & $0.0353968$ & $0.0188847$ & $-0.0336722$ & $-0.0248822$ & $-0.00075986$ & $0.00512378$ & $0.00101823$ & $-0.00867937$ & $-0.00503373$ & $-0.0301212$ & $0.0152363$ & $-0.0076672$ & $0.00204602$ & $-0.0303381$ & $-0.00269048$ & $-0.00178118$ & $-0.0207574$ & $-0.00273779$ & $-0.00521301$ & $-0.0118448$ & $-0.00731179$ & $0.000259407$ & $-0.00130212$ & $-0.00415504$ & $-0.00896184$ & $0.0053695$ & $0.00606063$ & $-0.00528904$ & $0.00437835$ & $0.00603064$ & $0.00293686$ & $-0.00563029$ & $-0.0363266$ & $0.00187364$ & $-0.0188671$ & $-0.0440282$ & $-0.0114523$ & $-0.00337616$ & $-0.0407929$ & $0.00407266$ & $1$ & $0.0150735$ & $0.0340473$ & $0.0401204$ & $-0.0141752$ & $-0.0200045$ & $0.00927908$ & $-0.0227657$ & $-0.0713052$ \\
eHZgapar & $-0.00806555$ & $-0.00550241$ & $-0.00771323$ & $0.00573642$ & $-0.00659623$ & $0.000765771$ & $0.0038498$ & $0.00887557$ & $0.00793963$ & $-0.00190092$ & $-0.0104889$ & $0.0130779$ & $0.000278136$ & $-0.0033941$ & $-0.000107804$ & $-0.00043357$ & $-0.00165897$ & $-0.00583559$ & $-7.11124e-05$ & $0.00943296$ & $0.00522866$ & $0.00712747$ & $-0.00101042$ & $-0.00632827$ & $-0.00374734$ & $-0.00590643$ & $-0.00352754$ & $0.00295993$ & $0.00545977$ & $-0.00133474$ & $-0.00554498$ & $0.00446001$ & $0.0206727$ & $0.000322112$ & $0.00984733$ & $-0.0028656$ & $0.0143794$ & $0.00764668$ & $0.000961122$ & $-0.0100594$ & $0.0150735$ & $1$ & $-0.00714393$ & $0.00625236$ & $-0.0154042$ & $0.0195703$ & $-0.0120251$ & $-0.00053505$ & $0.0296374$ \\
eHgagaint & $0.00854242$ & $0.0272396$ & $-0.0351366$ & $0.0395198$ & $0.0101768$ & $-0.00347603$ & $0.00073393$ & $-0.00778392$ & $0.0760282$ & $-0.0165785$ & $0.00976993$ & $-0.0116627$ & $0.00100351$ & $-0.0136297$ & $0.00259625$ & $0.000490388$ & $-0.00831051$ & $-0.00355692$ & $0.00347925$ & $-0.00167722$ & $-0.00546495$ & $-0.00013376$ & $-0.00360607$ & $0.0030109$ & $-0.00103517$ & $0.000789573$ & $0.00180931$ & $-0.00196395$ & $0.00246981$ & $-0.0201804$ & $-0.0192206$ & $-0.00481059$ & $-0.0281552$ & $-0.000706534$ & $-0.00202226$ & $-0.00873566$ & $0.0564178$ & $0.0231092$ & $0.00515397$ & $0.00491324$ & $0.0340473$ & $-0.00714393$ & $1$ & $0.00608782$ & $-0.028485$ & $0.0283674$ & $-0.0395243$ & $-0.0146868$ & $-0.00883774$ \\
eHmumuint & $0.00997028$ & $-0.0199812$ & $0.022649$ & $-0.0367819$ & $-0.00340534$ & $0.0100869$ & $-0.000245913$ & $-0.00104019$ & $0.000928975$ & $0.00581756$ & $-0.00180561$ & $-0.000765749$ & $0.00172016$ & $0.0102233$ & $0.00991834$ & $0.0111221$ & $0.00632968$ & $-0.00157724$ & $0.00148265$ & $-0.000431712$ & $-0.0036272$ & $0.00089307$ & $0.00488729$ & $0.00450981$ & $0.00118999$ & $-0.0019542$ & $-0.00290856$ & $-0.00312868$ & $0.0100151$ & $0.00170939$ & $-0.0173244$ & $-0.000636579$ & $0.00698996$ & $-0.010208$ & $-0.0277868$ & $0.0166406$ & $-0.0312577$ & $0.00333473$ & $0.0144719$ & $0.0100798$ & $0.0401204$ & $0.00625236$ & $0.00608782$ & $1$ & $-0.0274271$ & $0.00199399$ & $-0.0475779$ & $0.00298026$ & $0.000398841$ \\
eHtautauint & $0.0117861$ & $-0.0216408$ & $-0.0100084$ & $-0.0278412$ & $-0.00187965$ & $-0.00103003$ & $0.00556301$ & $0.0138529$ & $0.0105544$ & $0.00415109$ & $-0.0177677$ & $-0.00569536$ & $-0.00675482$ & $0.00548346$ & $-0.0077912$ & $-0.00618585$ & $0.00107035$ & $0.00772401$ & $0.00610659$ & $0.0145087$ & $-0.00191156$ & $0.00866168$ & $0.00511286$ & $-0.00616638$ & $0.00463783$ & $-0.00256624$ & $0.00765962$ & $-0.00121992$ & $0.00450853$ & $0.0785608$ & $-0.0265037$ & $0.00852321$ & $0.0196832$ & $0.00869296$ & $0.01526$ & $-0.0256224$ & $0.00337158$ & $-0.00619361$ & $-0.0035249$ & $0.00915925$ & $-0.0141752$ & $-0.0154042$ & $-0.028485$ & $-0.0274271$ & $1$ & $0.0297203$ & $-0.0597916$ & $-0.0218285$ & $0.0407979$ \\
eHccint & $0.0254375$ & $-0.00487613$ & $0.00310562$ & $0.00170639$ & $0.003654$ & $-0.00383347$ & $-0.00935738$ & $-0.00354253$ & $-0.00161265$ & $0.00534921$ & $3.1567e-05$ & $0.00665779$ & $0.000204203$ & $0.00754918$ & $0.00713612$ & $-0.00409823$ & $0.00589179$ & $0.00165232$ & $0.00244337$ & $0.00305677$ & $-0.00515835$ & $0.00305483$ & $-0.00238933$ & $0.00314212$ & $0.00242765$ & $-0.00263926$ & $-0.0024023$ & $0.00210526$ & $-0.00214065$ & $-0.00769306$ & $0.0600014$ & $-0.00724579$ & $-0.00932874$ & $-0.0052548$ & $0.0250742$ & $-0.0124559$ & $0.00305461$ & $0.00848708$ & $0.016956$ & $0.00527176$ & $-0.0200045$ & $0.0195703$ & $0.0283674$ & $0.00199399$ & $0.0297203$ & $1$ & $-0.0264816$ & $0.0293295$ & $-0.0235256$ \\
eHccpar & $-0.0362972$ & $-0.0173382$ & $0.00550857$ & $0.00911393$ & $0.00716932$ & $0.00531083$ & $0.00994319$ & $0.00768413$ & $0.00613606$ & $0.0019623$ & $-0.0064256$ & $0.0027504$ & $-0.00113726$ & $0.00472023$ & $-0.00306516$ & $0.0016447$ & $-0.00652023$ & $0.00532388$ & $-0.004306$ & $0.00703429$ & $0.0089639$ & $-0.00442571$ & $-0.000450633$ & $-0.00304537$ & $0.00032818$ & $0.00164531$ & $0.000886181$ & $-0.00343246$ & $-0.00266319$ & $0.00502849$ & $0.40607$ & $0.0109129$ & $0.0276059$ & $0.00408589$ & $-0.022352$ & $-0.00462352$ & $-0.0486138$ & $-0.00180471$ & $0.0265426$ & $-0.00274022$ & $0.00927908$ & $-0.0120251$ & $-0.0395243$ & $-0.0475779$ & $-0.0597916$ & $-0.0264816$ & $1$ & $0.00121597$ & $0.037874$ \\
eHbbint & $0.0205583$ & $-0.00942255$ & $-0.054477$ & $-0.0196975$ & $0.000169219$ & $0.00572081$ & $0.00443657$ & $-0.000829354$ & $0.000937644$ & $-0.00455396$ & $0.00159888$ & $0.00396151$ & $0.00314245$ & $0.000238753$ & $-0.00477575$ & $0.00166253$ & $-0.00631149$ & $-0.000281392$ & $-0.00201292$ & $0.00233751$ & $0.00305466$ & $-0.000392423$ & $0.00111233$ & $-0.00275734$ & $-0.00576621$ & $-0.008543$ & $-0.00673935$ & $-0.00291538$ & $0.000612303$ & $0.00906013$ & $0.0053719$ & $0.00380832$ & $0.176356$ & $-0.00293794$ & $-0.0415685$ & $-0.039908$ & $-0.0126057$ & $-0.0117487$ & $-0.036292$ & $0.019738$ & $-0.0227657$ & $-0.00053505$ & $-0.0146868$ & $0.00298026$ & $-0.0218285$ & $0.0293295$ & $0.00121597$ & $1$ & $-0.0260048$ \\
eHbbpar & $-0.0140429$ & $0.0185881$ & $-0.0267101$ & $0.0312824$ & $-0.00489784$ & $0.00656458$ & $-5.72791e-05$ & $-0.0105016$ & $-0.0125872$ & $0.0122829$ & $0.00414222$ & $0.0112444$ & $0.0020785$ & $0.00737481$ & $0.00294834$ & $0.000558671$ & $0.010396$ & $0.00437698$ & $0.00321011$ & $-0.0050378$ & $0.000198496$ & $0.00189518$ & $0.00172822$ & $0.00552273$ & $0.0143202$ & $0.00130763$ & $0.00413822$ & $-0.00127734$ & $0.00667551$ & $-0.00550377$ & $0.0142508$ & $0.0108555$ & $0.529958$ & $-0.00325415$ & $0.0466189$ & $-0.00984431$ & $-0.00611511$ & $0.0049543$ & $0.0632259$ & $0.00838417$ & $-0.0713052$ & $0.0296374$ & $-0.00883774$ & $0.000398841$ & $0.0407979$ & $-0.0235256$ & $0.037874$ & $-0.0260048$ & $1$ \\
