 & AlsMz & dAle5Mz & mtop & mHl & Mz & CW & CHG & CHWB & CHWHB_gaga & CHWHB_gagaorth & CHD & CHbox & CHL1_11 & CHL1_22 & CHL1_33 & CHL3_11 & CHL3_22 & CHL3_33 & CHe_11 & CHe_22 & CHe_33 & CHQ1_11 & CHQ1_33 & CHQ3_11 & CHu_11 & CHd_11 & CHd_33 & CeH_22r & CeH_33r & CuH_22r & CuH_33r & CdH_33r & CLL_1221 & eHggint & eHggpar & eHWWint & eHWWpar & eHZZint & eHZZpar & eHZgaint & eHZgapar & eHgagaint & eHmumuint & eHtautauint & eHccint & eHccpar & eHbbint & eHbbpar \\
AlsMz & $1$ & $0.0487467$ & $0.0546021$ & $-0.144156$ & $0.0320814$ & $0.0284828$ & $-0.0122655$ & $-0.0234356$ & $-0.0281664$ & $0.0649624$ & $-0.0103261$ & $0.0286583$ & $0.0584125$ & $0.0537902$ & $-0.0167713$ & $0.0614461$ & $0.0153595$ & $0.0838133$ & $0.00933643$ & $0.00714974$ & $0.00847421$ & $-0.0536356$ & $0.0346209$ & $0.00620841$ & $0.0132352$ & $-0.0538994$ & $-0.0110346$ & $0.0232323$ & $0.0132383$ & $-0.00329752$ & $-0.0124438$ & $-0.0774508$ & $-0.0682038$ & $0.0656407$ & $-0.0473879$ & $0.115254$ & $0.114948$ & $-0.0882242$ & $0.358812$ & $0.248126$ & $-0.351752$ & $-0.0066349$ & $-0.366399$ & $0.0813135$ & $-0.114836$ & $0.146977$ & $-0.0105711$ & $-0.312898$ \\
dAle5Mz & $0.0487467$ & $1$ & $-0.335011$ & $-0.507052$ & $-0.0100727$ & $-0.00785158$ & $0.024477$ & $-0.0411856$ & $-0.0301525$ & $0.0137156$ & $0.00758676$ & $-0.00761209$ & $0.0402244$ & $-0.00417595$ & $-0.0174043$ & $0.0609399$ & $0.052673$ & $0.0624104$ & $-0.00211949$ & $0.00165903$ & $0.00418094$ & $0.0169808$ & $0.0444973$ & $0.0541066$ & $-0.00320112$ & $0.00870073$ & $-0.0423165$ & $0.0232162$ & $0.0386351$ & $0.0623969$ & $0.028937$ & $0.150019$ & $0.000152417$ & $-0.0586338$ & $-0.182824$ & $-0.495606$ & $0.18761$ & $0.0470878$ & $-0.0049134$ & $0.165425$ & $0.0400199$ & $0.290887$ & $-0.00693898$ & $0.106747$ & $-0.373879$ & $0.0110079$ & $0.164145$ & $0.580121$ \\
mtop & $0.0546021$ & $-0.335011$ & $1$ & $0.389859$ & $0.0137093$ & $-0.00549232$ & $-0.013265$ & $0.0385564$ & $0.0380638$ & $0.0191197$ & $-0.0377817$ & $0.0298419$ & $0.0272872$ & $0.0300256$ & $0.0434415$ & $-0.00605487$ & $-0.00975464$ & $-0.0141142$ & $0.0415322$ & $0.0331627$ & $0.0328107$ & $-0.0409137$ & $-0.0134123$ & $-0.0128309$ & $-0.000493921$ & $-0.017135$ & $0.0335281$ & $0.00152523$ & $-0.0135939$ & $-0.0147747$ & $-0.0215928$ & $-0.0663192$ & $-0.00819295$ & $-0.0897439$ & $0.140244$ & $0.266071$ & $-0.116127$ & $-0.228893$ & $-0.433252$ & $0.197008$ & $-0.138587$ & $-0.274457$ & $0.102021$ & $-0.256603$ & $0.25071$ & $0.117265$ & $-0.302856$ & $-0.168038$ \\
mHl & $-0.144156$ & $-0.507052$ & $0.389859$ & $1$ & $0.0153499$ & $0.0357928$ & $0.0878027$ & $0.00463633$ & $0.00152935$ & $-0.0327176$ & $0.0214597$ & $0.0167857$ & $-0.0353539$ & $-0.00453847$ & $0.0722685$ & $-0.0650006$ & $-0.0301737$ & $-0.0922497$ & $-0.0177998$ & $-0.0314883$ & $-0.0282347$ & $-0.0174901$ & $-0.0319081$ & $-0.0788904$ & $0.00615652$ & $-0.0742132$ & $-0.0226294$ & $-0.0244706$ & $-0.00508144$ & $-0.0508222$ & $0.101454$ & $-0.0811356$ & $-0.00676621$ & $0.302219$ & $0.25412$ & $0.123427$ & $-0.0579887$ & $-0.0162988$ & $-0.309831$ & $-0.208258$ & $0.0714775$ & $-0.221368$ & $0.288433$ & $-0.184152$ & $-0.0723332$ & $-0.0950607$ & $0.0231415$ & $-0.411835$ \\
Mz & $0.0320814$ & $-0.0100727$ & $0.0137093$ & $0.0153499$ & $1$ & $-0.0398886$ & $0.00708864$ & $0.0339189$ & $0.031903$ & $0.000961746$ & $-0.0141451$ & $0.0343709$ & $-0.0197536$ & $0.00968906$ & $-0.0100234$ & $-0.00508572$ & $-0.027652$ & $-0.00383435$ & $0.0213985$ & $0.0267291$ & $0.029497$ & $-0.0393839$ & $-0.03376$ & $-0.0133135$ & $0.0308942$ & $0.0340303$ & $-0.0129363$ & $-0.0209042$ & $-0.0141701$ & $0.0178364$ & $0.0141502$ & $-0.00553973$ & $0.0241017$ & $0.0298015$ & $0.0546583$ & $-0.000443426$ & $0.0506946$ & $0.0196514$ & $0.0189651$ & $-0.0547987$ & $0.0307475$ & $0.0250629$ & $-0.0389704$ & $-0.0555247$ & $-0.0412646$ & $0.064512$ & $0.0448597$ & $-0.0488317$ \\
CW & $0.0284828$ & $-0.00785158$ & $-0.00549232$ & $0.0357928$ & $-0.0398886$ & $1$ & $0.000627393$ & $-0.170241$ & $-0.171855$ & $0.0344318$ & $0.221547$ & $0.0509379$ & $0.00514362$ & $-0.122511$ & $-0.0888958$ & $-0.270755$ & $-0.0210412$ & $-0.0475629$ & $-0.218674$ & $-0.22262$ & $-0.217953$ & $-0.0240885$ & $0.0171193$ & $-0.0992029$ & $0.118856$ & $-0.109708$ & $-0.0740566$ & $-0.0110732$ & $-0.0355945$ & $-0.020805$ & $0.00612846$ & $-0.0152499$ & $-0.118376$ & $-0.0233225$ & $-0.017618$ & $0.000496176$ & $0.0229051$ & $0.0199891$ & $0.0473992$ & $0.0149934$ & $-0.00256041$ & $0.0392805$ & $0.00372134$ & $-0.0180398$ & $-0.00135626$ & $-0.0543257$ & $0.0169675$ & $-0.0358189$ \\
CHG & $-0.0122655$ & $0.024477$ & $-0.013265$ & $0.0878027$ & $0.00708864$ & $0.000627393$ & $1$ & $0.0480004$ & $0.095136$ & $-0.0742504$ & $-0.0226459$ & $-0.0906835$ & $-0.0183528$ & $-0.0359344$ & $0.0182314$ & $-0.0579241$ & $-0.0176268$ & $-0.0632584$ & $0.0217728$ & $0.0237134$ & $0.0297394$ & $0.0384619$ & $-0.0612624$ & $-0.00354314$ & $-0.023501$ & $0.0740344$ & $0.0371864$ & $0.0437509$ & $-0.120234$ & $-0.0297601$ & $0.922489$ & $-0.142267$ & $0.0635414$ & $0.0252967$ & $0.177548$ & $-0.108875$ & $0.0609216$ & $-0.205198$ & $-0.0759952$ & $-0.0538189$ & $0.0212642$ & $-0.0170469$ & $-0.036698$ & $0.00421478$ & $-0.165231$ & $0.0247964$ & $0.0933776$ & $-0.0677799$ \\
CHWB & $-0.0234356$ & $-0.0411856$ & $0.0385564$ & $0.00463633$ & $0.0339189$ & $-0.170241$ & $0.0480004$ & $1$ & $0.983137$ & $-0.523789$ & $-0.886705$ & $-0.283511$ & $0.184663$ & $0.293676$ & $0.275917$ & $-0.138177$ & $-0.363929$ & $-0.352514$ & $0.857069$ & $0.903799$ & $0.886729$ & $0.0567549$ & $-0.623576$ & $-0.316445$ & $-0.493338$ & $0.414951$ & $0.304904$ & $0.020836$ & $0.0118336$ & $0.0210022$ & $0.0336574$ & $0.0029371$ & $0.542885$ & $0.0205214$ & $0.0171223$ & $0.0237462$ & $0.00161259$ & $-0.0365843$ & $-0.0335569$ & $0.00537585$ & $-0.0430638$ & $-0.0167288$ & $0.0589859$ & $-0.052896$ & $0.0175867$ & $0.00435324$ & $-0.0200245$ & $-0.0131286$ \\
CHWHB_gaga & $-0.0281664$ & $-0.0301525$ & $0.0380638$ & $0.00152935$ & $0.031903$ & $-0.171855$ & $0.095136$ & $0.983137$ & $1$ & $-0.50857$ & $-0.869796$ & $-0.255466$ & $0.174965$ & $0.290308$ & $0.269327$ & $-0.138557$ & $-0.363538$ & $-0.347966$ & $0.840996$ & $0.886276$ & $0.87206$ & $0.0548768$ & $-0.614415$ & $-0.314274$ & $-0.482842$ & $0.409092$ & $0.301972$ & $0.0300185$ & $0.0305156$ & $0.0361471$ & $0.0710655$ & $0.0311856$ & $0.533198$ & $0.0184707$ & $0.0162409$ & $0.0136384$ & $0.00301877$ & $-0.0394289$ & $-0.0402304$ & $0.00430459$ & $-0.0413134$ & $-0.00452669$ & $0.0535159$ & $-0.0524156$ & $0.0115254$ & $0.0068678$ & $-0.0123884$ & $-0.00241672$ \\
CHWHB_gagaorth & $0.0649624$ & $0.0137156$ & $0.0191197$ & $-0.0327176$ & $0.000961746$ & $0.0344318$ & $-0.0742504$ & $-0.523789$ & $-0.50857$ & $1$ & $0.312224$ & $0.65587$ & $0.206446$ & $-0.0886049$ & $-0.0986457$ & $0.395939$ & $0.447722$ & $0.456289$ & $-0.298351$ & $-0.329686$ & $-0.322444$ & $-0.0805$ & $0.537594$ & $0.454361$ & $0.205566$ & $-0.190023$ & $-0.128626$ & $-0.0226017$ & $-0.0504458$ & $-0.0327635$ & $-0.0382613$ & $-0.0660951$ & $-0.328555$ & $0.0165088$ & $-0.0324631$ & $-0.0123334$ & $-0.0104391$ & $0.010567$ & $0.023205$ & $0.0419253$ & $-0.0604623$ & $0.0477304$ & $-0.0486146$ & $0.0599283$ & $0.00127092$ & $0.041142$ & $0.0336385$ & $0.0138457$ \\
CHD & $-0.0103261$ & $0.00758676$ & $-0.0377817$ & $0.0214597$ & $-0.0141451$ & $0.221547$ & $-0.0226459$ & $-0.886705$ & $-0.869796$ & $0.312224$ & $1$ & $0.294143$ & $-0.568964$ & $-0.42557$ & $-0.401443$ & $-0.297233$ & $0.0178667$ & $0.00185793$ & $-0.990308$ & $-0.991247$ & $-0.969433$ & $0.00800278$ & $0.266594$ & $-0.0456986$ & $0.54174$ & $-0.286309$ & $-0.318025$ & $-0.0200775$ & $-0.0268118$ & $-0.0312333$ & $-0.00985795$ & $-0.0236702$ & $-0.34469$ & $-0.0468789$ & $0.0123191$ & $-0.00503673$ & $-0.0118798$ & $0.0186918$ & $0.0374522$ & $-0.0148054$ & $0.0571309$ & $-0.00122462$ & $-0.0371138$ & $0.0385858$ & $-0.0120959$ & $-0.0208192$ & $-0.0135156$ & $-0.00927035$ \\
CHbox & $0.0286583$ & $-0.00761209$ & $0.0298419$ & $0.0167857$ & $0.0343709$ & $0.0509379$ & $-0.0906835$ & $-0.283511$ & $-0.255466$ & $0.65587$ & $0.294143$ & $1$ & $-0.152292$ & $-0.0445789$ & $-0.061303$ & $-0.0591321$ & $-0.00584172$ & $0.00845899$ & $-0.271674$ & $-0.304203$ & $-0.290676$ & $-0.0577581$ & $0.141408$ & $-0.00237106$ & $0.188823$ & $-0.147447$ & $-0.12294$ & $-0.0195558$ & $0.180414$ & $0.014021$ & $-0.0140755$ & $0.244045$ & $-0.189186$ & $0.0179315$ & $0.0147353$ & $-0.0173603$ & $-0.0257296$ & $-0.0119286$ & $-0.00260164$ & $0.00561708$ & $-0.0555848$ & $0.0280102$ & $-0.00640685$ & $0.0588622$ & $-0.0110652$ & $0.0430936$ & $-0.00867902$ & $-0.0112432$ \\
CHL1_11 & $0.0584125$ & $0.0402244$ & $0.0272872$ & $-0.0353539$ & $-0.0197536$ & $0.00514362$ & $-0.0183528$ & $0.184663$ & $0.174965$ & $0.206446$ & $-0.568964$ & $-0.152292$ & $1$ & $0.306573$ & $0.285675$ & $0.637616$ & $0.564942$ & $0.577197$ & $0.587192$ & $0.53162$ & $0.516944$ & $-0.107455$ & $0.43087$ & $0.567155$ & $-0.28409$ & $-0.0710712$ & $0.15776$ & $0.00887268$ & $0.0292572$ & $0.0213064$ & $-0.0199408$ & $0.0339123$ & $-0.18635$ & $0.0463904$ & $-0.0369867$ & $-0.0118181$ & $0.0265625$ & $0.0232998$ & $-0.0302665$ & $0.0302053$ & $-0.0439456$ & $0.0429408$ & $-0.0161811$ & $-0.0130358$ & $-0.00138696$ & $0.00170669$ & $0.0425277$ & $0.0383777$ \\
CHL1_22 & $0.0537902$ & $-0.00417595$ & $0.0300256$ & $-0.00453847$ & $0.00968906$ & $-0.122511$ & $-0.0359344$ & $0.293676$ & $0.290308$ & $-0.0886049$ & $-0.42557$ & $-0.0445789$ & $0.306573$ & $1$ & $0.469903$ & $0.227336$ & $-0.445152$ & $-0.00973335$ & $0.489515$ & $0.339724$ & $0.329142$ & $-0.19297$ & $0.154675$ & $-0.112888$ & $-0.190607$ & $-0.410765$ & $0.106528$ & $-0.000951504$ & $0.0286667$ & $-0.00573541$ & $-0.0365583$ & $0.0248497$ & $-0.613136$ & $0.0535464$ & $-0.0360574$ & $-0.0129424$ & $-0.0138289$ & $-0.0281045$ & $0.00718871$ & $0.0367661$ & $-0.0282215$ & $-0.0447824$ & $-0.00881985$ & $0.0470935$ & $0.02349$ & $0.00318789$ & $0.0282305$ & $0.0616278$ \\
CHL1_33 & $-0.0167713$ & $-0.0174043$ & $0.0434415$ & $0.0722685$ & $-0.0100234$ & $-0.0888958$ & $0.0182314$ & $0.275917$ & $0.269327$ & $-0.0986457$ & $-0.401443$ & $-0.061303$ & $0.285675$ & $0.469903$ & $1$ & $0.214381$ & $-0.0171827$ & $-0.42519$ & $0.466592$ & $0.318748$ & $0.340643$ & $-0.164496$ & $0.140839$ & $-0.098987$ & $-0.184446$ & $-0.392919$ & $0.0642283$ & $-0.0114349$ & $-0.0151108$ & $0.0131531$ & $0.0122376$ & $-0.0163984$ & $-0.142932$ & $0.0736057$ & $0.0178712$ & $-0.0151124$ & $0.0286996$ & $-0.0227775$ & $-0.0174582$ & $-0.015992$ & $0.0416741$ & $-0.0180649$ & $0.039391$ & $0.00348212$ & $0.000806429$ & $0.0163547$ & $0.0169593$ & $0.00530272$ \\
CHL3_11 & $0.0614461$ & $0.0609399$ & $-0.00605487$ & $-0.0650006$ & $-0.00508572$ & $-0.270755$ & $-0.0579241$ & $-0.138177$ & $-0.138557$ & $0.395939$ & $-0.297233$ & $-0.0591321$ & $0.637616$ & $0.227336$ & $0.214381$ & $1$ & $0.687271$ & $0.69801$ & $0.319592$ & $0.264532$ & $0.25168$ & $-0.0821006$ & $0.630606$ & $0.746166$ & $-0.14986$ & $-0.122094$ & $0.0532901$ & $0.00242103$ & $0.0329875$ & $0.031181$ & $-0.0577564$ & $0.0443608$ & $-0.214648$ & $0.0614655$ & $-0.0701849$ & $-0.0335072$ & $0.00844918$ & $0.0296827$ & $-0.00631107$ & $0.0135115$ & $-0.0391965$ & $0.0288067$ & $-0.0390757$ & $0.0240388$ & $-0.00929981$ & $0.0643495$ & $0.0763112$ & $0.030493$ \\
CHL3_22 & $0.0153595$ & $0.052673$ & $-0.00975464$ & $-0.0301737$ & $-0.027652$ & $-0.0210412$ & $-0.0176268$ & $-0.363929$ & $-0.363538$ & $0.447722$ & $0.0178667$ & $-0.00584172$ & $0.564942$ & $-0.445152$ & $-0.0171827$ & $0.687271$ & $1$ & $0.643886$ & $-0.0205157$ & $-0.00744351$ & $-0.00690804$ & $0.00888271$ & $0.559283$ & $0.772789$ & $0.00539618$ & $0.0527366$ & $-0.0312321$ & $-0.00177105$ & $0.00503892$ & $0.0245284$ & $-0.0155211$ & $0.0180473$ & $0.099581$ & $0.018434$ & $-0.0244585$ & $-0.0189817$ & $0.0321997$ & $0.05545$ & $-0.0219445$ & $-0.0142306$ & $-0.0034606$ & $0.0638345$ & $-0.0271953$ & $-0.019133$ & $-0.0237163$ & $0.0277999$ & $0.0418855$ & $-0.0100294$ \\
CHL3_33 & $0.0838133$ & $0.0624104$ & $-0.0141142$ & $-0.0922497$ & $-0.00383435$ & $-0.0475629$ & $-0.0632584$ & $-0.352514$ & $-0.347966$ & $0.456289$ & $0.00185793$ & $0.00845899$ & $0.577197$ & $-0.00973335$ & $-0.42519$ & $0.69801$ & $0.643886$ & $1$ & $-0.00492263$ & $0.00730369$ & $0.00393041$ & $-0.01349$ & $0.573434$ & $0.762488$ & $0.0035791$ & $0.0397486$ & $-0.0015991$ & $0.00474193$ & $0.0362095$ & $0.0076399$ & $-0.0564943$ & $0.0479107$ & $-0.291768$ & $-0.00285248$ & $-0.059973$ & $-0.00690245$ & $0.00651441$ & $0.0492858$ & $-0.00137224$ & $0.0353578$ & $-0.0636316$ & $0.0500392$ & $-0.0689485$ & $0.0178471$ & $-0.00948202$ & $0.00754589$ & $0.0476367$ & $0.033289$ \\
CHe_11 & $0.00933643$ & $-0.00211949$ & $0.0415322$ & $-0.0177998$ & $0.0213985$ & $-0.218674$ & $0.0217728$ & $0.857069$ & $0.840996$ & $-0.298351$ & $-0.990308$ & $-0.271674$ & $0.587192$ & $0.489515$ & $0.466592$ & $0.319592$ & $-0.0205157$ & $-0.00492263$ & $1$ & $0.972431$ & $0.951811$ & $-0.0333524$ & $-0.211332$ & $0.0532218$ & $-0.532257$ & $0.213886$ & $0.306935$ & $0.0159245$ & $0.024547$ & $0.029315$ & $0.0098588$ & $0.0248792$ & $0.264413$ & $0.0496172$ & $-0.0113972$ & $-0.00113836$ & $0.017741$ & $-0.0163001$ & $-0.0392172$ & $0.012624$ & $-0.0509541$ & $-6.11091e-05$ & $0.0341905$ & $-0.0343818$ & $0.0101322$ & $0.0186884$ & $0.0157557$ & $0.0150106$ \\
CHe_22 & $0.00714974$ & $0.00165903$ & $0.0331627$ & $-0.0314883$ & $0.0267291$ & $-0.22262$ & $0.0237134$ & $0.903799$ & $0.886276$ & $-0.329686$ & $-0.991247$ & $-0.304203$ & $0.53162$ & $0.339724$ & $0.318748$ & $0.264532$ & $-0.00744351$ & $0.00730369$ & $0.972431$ & $1$ & $0.974424$ & $0.0206856$ & $-0.323168$ & $0.0428507$ & $-0.543198$ & $0.36675$ & $0.322884$ & $0.0213486$ & $0.0264188$ & $0.0324884$ & $0.010573$ & $0.024583$ & $0.432157$ & $0.0388307$ & $-0.0148657$ & $0.00147295$ & $0.0118536$ & $-0.0192001$ & $-0.0393713$ & $0.0163182$ & $-0.059765$ & $0.00593843$ & $0.0385228$ & $-0.0444412$ & $0.00849233$ & $0.0233282$ & $0.0119047$ & $0.00902829$ \\
CHe_33 & $0.00847421$ & $0.00418094$ & $0.0328107$ & $-0.0282347$ & $0.029497$ & $-0.217953$ & $0.0297394$ & $0.886729$ & $0.87206$ & $-0.322444$ & $-0.969433$ & $-0.290676$ & $0.516944$ & $0.329142$ & $0.340643$ & $0.25168$ & $-0.00690804$ & $0.00393041$ & $0.951811$ & $0.974424$ & $1$ & $0.021595$ & $-0.319835$ & $0.0363094$ & $-0.532019$ & $0.357058$ & $0.310491$ & $0.0229553$ & $0.0229402$ & $0.0344354$ & $0.0157212$ & $0.0228627$ & $0.429745$ & $0.0391732$ & $-0.0104316$ & $0.00995788$ & $0.0235212$ & $-0.0117685$ & $-0.0398657$ & $0.0116734$ & $-0.0603397$ & $0.0147229$ & $0.0385177$ & $-0.0494136$ & $0.00434742$ & $0.00860309$ & $0.0105339$ & $0.0133516$ \\
CHQ1_11 & $-0.0536356$ & $0.0169808$ & $-0.0409137$ & $-0.0174901$ & $-0.0393839$ & $-0.0240885$ & $0.0384619$ & $0.0567549$ & $0.0548768$ & $-0.0805$ & $0.00800278$ & $-0.0577581$ & $-0.107455$ & $-0.19297$ & $-0.164496$ & $-0.0821006$ & $0.00888271$ & $-0.01349$ & $-0.0333524$ & $0.0206856$ & $0.021595$ & $1$ & $-0.144958$ & $0.0770936$ & $-0.673044$ & $0.34143$ & $0.0170939$ & $0.0125658$ & $-0.00365134$ & $-0.0112098$ & $0.0354611$ & $0.000419888$ & $0.219183$ & $-0.0196758$ & $0.00694408$ & $-0.0139956$ & $0.0424736$ & $0.0164043$ & $-0.000473684$ & $0.00561188$ & $0.0477487$ & $0.0645745$ & $-0.0119823$ & $0.0583061$ & $0.0025007$ & $-0.058199$ & $-0.0220394$ & $0.0296898$ \\
CHQ1_33 & $0.0346209$ & $0.0444973$ & $-0.0134123$ & $-0.0319081$ & $-0.03376$ & $0.0171193$ & $-0.0612624$ & $-0.623576$ & $-0.614415$ & $0.537594$ & $0.266594$ & $0.141408$ & $0.43087$ & $0.154675$ & $0.140839$ & $0.630606$ & $0.559283$ & $0.573434$ & $-0.211332$ & $-0.323168$ & $-0.319835$ & $-0.144958$ & $1$ & $0.582893$ & $0.170802$ & $-0.398294$ & $-0.0380247$ & $-0.020372$ & $0.00753064$ & $0.0126123$ & $-0.0529735$ & $0.0194557$ & $-0.621792$ & $0.0204187$ & $-0.0471415$ & $-0.0242529$ & $-0.0075771$ & $0.0367044$ & $-0.00462658$ & $0.00844912$ & $0.0055123$ & $0.0272549$ & $-0.0484562$ & $0.0543723$ & $0.00473921$ & $0.00650008$ & $0.0444275$ & $0.0449892$ \\
CHQ3_11 & $0.00620841$ & $0.0541066$ & $-0.0128309$ & $-0.0788904$ & $-0.0133135$ & $-0.0992029$ & $-0.00354314$ & $-0.316445$ & $-0.314274$ & $0.454361$ & $-0.0456986$ & $-0.00237106$ & $0.567155$ & $-0.112888$ & $-0.098987$ & $0.746166$ & $0.772789$ & $0.762488$ & $0.0532218$ & $0.0428507$ & $0.0363094$ & $0.0770936$ & $0.582893$ & $1$ & $-0.0146991$ & $0.278238$ & $-0.0106326$ & $-0.0147437$ & $-0.00618452$ & $0.0293835$ & $-0.00248035$ & $0.0102474$ & $-0.138953$ & $0.00706962$ & $-0.044844$ & $-0.0050135$ & $0.0246266$ & $0.0155824$ & $-0.052034$ & $-0.000440128$ & $-0.0353325$ & $0.0497526$ & $-0.0378653$ & $-0.00838645$ & $-0.0201784$ & $0.0223591$ & $0.0477524$ & $0.0126074$ \\
CHu_11 & $0.0132352$ & $-0.00320112$ & $-0.000493921$ & $0.00615652$ & $0.0308942$ & $0.118856$ & $-0.023501$ & $-0.493338$ & $-0.482842$ & $0.205566$ & $0.54174$ & $0.188823$ & $-0.28409$ & $-0.190607$ & $-0.184446$ & $-0.14986$ & $0.00539618$ & $0.0035791$ & $-0.532257$ & $-0.543198$ & $-0.532019$ & $-0.673044$ & $0.170802$ & $-0.0146991$ & $1$ & $-0.159404$ & $-0.176371$ & $-0.0190009$ & $-0.0325846$ & $0.00434287$ & $-0.0179134$ & $-0.0256568$ & $-0.236899$ & $-0.015258$ & $0.00517571$ & $0.0151757$ & $-0.0462518$ & $-0.00502078$ & $0.0119644$ & $-0.0325274$ & $-0.0204815$ & $-0.0471135$ & $-0.0131575$ & $-0.042478$ & $-0.016272$ & $0.0375398$ & $0.00322045$ & $-0.0262613$ \\
CHd_11 & $-0.0538994$ & $0.00870073$ & $-0.017135$ & $-0.0742132$ & $0.0340303$ & $-0.109708$ & $0.0740344$ & $0.414951$ & $0.409092$ & $-0.190023$ & $-0.286309$ & $-0.147447$ & $-0.0710712$ & $-0.410765$ & $-0.392919$ & $-0.122094$ & $0.0527366$ & $0.0397486$ & $0.213886$ & $0.36675$ & $0.357058$ & $0.34143$ & $-0.398294$ & $0.278238$ & $-0.159404$ & $1$ & $0.114671$ & $0.000565667$ & $-0.0318186$ & $0.0323988$ & $0.0634091$ & $-0.0262868$ & $0.688736$ & $-0.0469677$ & $0.0115123$ & $0.0389888$ & $0.0113713$ & $-0.0325819$ & $-0.0617474$ & $-0.00824041$ & $-0.0542002$ & $0.0314749$ & $0.0222167$ & $-0.0645568$ & $-0.0191796$ & $-0.00323046$ & $-0.0229406$ & $-0.0311022$ \\
CHd_33 & $-0.0110346$ & $-0.0423165$ & $0.0335281$ & $-0.0226294$ & $-0.0129363$ & $-0.0740566$ & $0.0371864$ & $0.304904$ & $0.301972$ & $-0.128626$ & $-0.318025$ & $-0.12294$ & $0.15776$ & $0.106528$ & $0.0642283$ & $0.0532901$ & $-0.0312321$ & $-0.0015991$ & $0.306935$ & $0.322884$ & $0.310491$ & $0.0170939$ & $-0.0380247$ & $-0.0106326$ & $-0.176371$ & $0.114671$ & $1$ & $0.0183277$ & $0.0264676$ & $0.044853$ & $0.0246885$ & $0.00558764$ & $0.147266$ & $-0.0278804$ & $0.00408317$ & $0.0270212$ & $-0.046175$ & $0.00655537$ & $-0.0144438$ & $0.000243262$ & $-0.030171$ & $0.00747957$ & $0.00346208$ & $-0.0134403$ & $0.0652084$ & $0.0106308$ & $-0.0642544$ & $0.00522787$ \\
CeH_22r & $0.0232323$ & $0.0232162$ & $0.00152523$ & $-0.0244706$ & $-0.0209042$ & $-0.0110732$ & $0.0437509$ & $0.020836$ & $0.0300185$ & $-0.0226017$ & $-0.0200775$ & $-0.0195558$ & $0.00887268$ & $-0.000951504$ & $-0.0114349$ & $0.00242103$ & $-0.00177105$ & $0.00474193$ & $0.0159245$ & $0.0213486$ & $0.0229553$ & $0.0125658$ & $-0.020372$ & $-0.0147437$ & $-0.0190009$ & $0.000565667$ & $0.0183277$ & $1$ & $0.0475253$ & $0.028636$ & $0.0287248$ & $0.0552528$ & $0.0180302$ & $0.0291615$ & $-0.0105198$ & $-0.0233863$ & $0.0213466$ & $-0.0259947$ & $0.0284791$ & $0.000812352$ & $0.0171264$ & $-0.0199666$ & $-0.0176024$ & $0.0342163$ & $-0.000595443$ & $0.0397138$ & $0.00180747$ & $0.0345562$ \\
CeH_33r & $0.0132383$ & $0.0386351$ & $-0.0135939$ & $-0.00508144$ & $-0.0141701$ & $-0.0355945$ & $-0.120234$ & $0.0118336$ & $0.0305156$ & $-0.0504458$ & $-0.0268118$ & $0.180414$ & $0.0292572$ & $0.0286667$ & $-0.0151108$ & $0.0329875$ & $0.00503892$ & $0.0362095$ & $0.024547$ & $0.0264188$ & $0.0229402$ & $-0.00365134$ & $0.00753064$ & $-0.00618452$ & $-0.0325846$ & $-0.0318186$ & $0.0264676$ & $0.0475253$ & $1$ & $0.283494$ & $0.0281913$ & $0.681165$ & $-0.0134712$ & $-0.016074$ & $-0.00466331$ & $-0.08739$ & $-0.0363087$ & $0.00539339$ & $-3.42007e-05$ & $0.00501825$ & $-0.0423008$ & $0.0506013$ & $-0.0208563$ & $0.0991815$ & $-0.0130355$ & $-0.00293514$ & $-0.00997038$ & $0.0326542$ \\
CuH_22r & $-0.00329752$ & $0.0623969$ & $-0.0147747$ & $-0.0508222$ & $0.0178364$ & $-0.020805$ & $-0.0297601$ & $0.0210022$ & $0.0361471$ & $-0.0327635$ & $-0.0312333$ & $0.014021$ & $0.0213064$ & $-0.00573541$ & $0.0131531$ & $0.031181$ & $0.0245284$ & $0.0076399$ & $0.029315$ & $0.0324884$ & $0.0344354$ & $-0.0112098$ & $0.0126123$ & $0.0293835$ & $0.00434287$ & $0.0323988$ & $0.044853$ & $0.028636$ & $0.283494$ & $1$ & $0.0702187$ & $0.377725$ & $0.0271685$ & $0.0247759$ & $-0.0250088$ & $-0.0901622$ & $-0.0548711$ & $-0.041992$ & $-0.027066$ & $0.00498837$ & $-0.0165976$ & $0.0359106$ & $-0.0186655$ & $0.0417751$ & $-0.0275097$ & $0.0889154$ & $0.0406955$ & $0.0491763$ \\
CuH_33r & $-0.0124438$ & $0.028937$ & $-0.0215928$ & $0.101454$ & $0.0141502$ & $0.00612846$ & $0.922489$ & $0.0336574$ & $0.0710655$ & $-0.0382613$ & $-0.00985795$ & $-0.0140755$ & $-0.0199408$ & $-0.0365583$ & $0.0122376$ & $-0.0577564$ & $-0.0155211$ & $-0.0564943$ & $0.0098588$ & $0.010573$ & $0.0157212$ & $0.0354611$ & $-0.0529735$ & $-0.00248035$ & $-0.0179134$ & $0.0634091$ & $0.0246885$ & $0.0287248$ & $0.0281913$ & $0.0702187$ & $1$ & $0.0714572$ & $0.0514751$ & $0.0428024$ & $0.202586$ & $-0.129009$ & $0.057071$ & $-0.207057$ & $-0.0831895$ & $-0.0704504$ & $0.0160384$ & $-0.000977427$ & $-0.0445215$ & $0.0226404$ & $-0.189174$ & $0.0324489$ & $0.110956$ & $-0.0684986$ \\
CdH_33r & $-0.0774508$ & $0.150019$ & $-0.0663192$ & $-0.0811356$ & $-0.00553973$ & $-0.0152499$ & $-0.142267$ & $0.0029371$ & $0.0311856$ & $-0.0660951$ & $-0.0236702$ & $0.244045$ & $0.0339123$ & $0.0248497$ & $-0.0163984$ & $0.0443608$ & $0.0180473$ & $0.0479107$ & $0.0248792$ & $0.024583$ & $0.0228627$ & $0.000419888$ & $0.0194557$ & $0.0102474$ & $-0.0256568$ & $-0.0262868$ & $0.00558764$ & $0.0552528$ & $0.681165$ & $0.377725$ & $0.0714572$ & $1$ & $-0.0142854$ & $0.0139983$ & $-0.0552752$ & $-0.150243$ & $-0.0434761$ & $8.74789e-05$ & $-0.0223863$ & $-0.00065254$ & $-0.0210064$ & $0.0571036$ & $0.0134891$ & $0.0959337$ & $-0.0458212$ & $0.022714$ & $0.0835373$ & $0.189553$ \\
CLL_1221 & $-0.0682038$ & $0.000152417$ & $-0.00819295$ & $-0.00676621$ & $0.0241017$ & $-0.118376$ & $0.0635414$ & $0.542885$ & $0.533198$ & $-0.328555$ & $-0.34469$ & $-0.189186$ & $-0.18635$ & $-0.613136$ & $-0.142932$ & $-0.214648$ & $0.099581$ & $-0.291768$ & $0.264413$ & $0.432157$ & $0.429745$ & $0.219183$ & $-0.621792$ & $-0.138953$ & $-0.236899$ & $0.688736$ & $0.147266$ & $0.0180302$ & $-0.0134712$ & $0.0271685$ & $0.0514751$ & $-0.0142854$ & $1$ & $-0.0217592$ & $0.0325377$ & $0.0145073$ & $0.0148276$ & $-0.00434434$ & $-0.0310756$ & $-0.026455$ & $-0.00756148$ & $0.027943$ & $0.0570772$ & $-0.078146$ & $-0.0186088$ & $0.0163398$ & $-0.0272112$ & $-0.0504644$ \\
eHggint & $0.0656407$ & $-0.0586338$ & $-0.0897439$ & $0.302219$ & $0.0298015$ & $-0.0233225$ & $0.0252967$ & $0.0205214$ & $0.0184707$ & $0.0165088$ & $-0.0468789$ & $0.0179315$ & $0.0463904$ & $0.0535464$ & $0.0736057$ & $0.0614655$ & $0.018434$ & $-0.00285248$ & $0.0496172$ & $0.0388307$ & $0.0391732$ & $-0.0196758$ & $0.0204187$ & $0.00706962$ & $-0.015258$ & $-0.0469677$ & $-0.0278804$ & $0.0291615$ & $-0.016074$ & $0.0247759$ & $0.0428024$ & $0.0139983$ & $-0.0217592$ & $1$ & $-0.24299$ & $-0.0977899$ & $-0.0390432$ & $-0.214788$ & $-0.0669541$ & $-0.220405$ & $-0.148921$ & $-0.257502$ & $0.305077$ & $-0.0447407$ & $0.0235963$ & $0.485085$ & $0.417753$ & $0.0787817$ \\
eHggpar & $-0.0473879$ & $-0.182824$ & $0.140244$ & $0.25412$ & $0.0546583$ & $-0.017618$ & $0.177548$ & $0.0171223$ & $0.0162409$ & $-0.0324631$ & $0.0123191$ & $0.0147353$ & $-0.0369867$ & $-0.0360574$ & $0.0178712$ & $-0.0701849$ & $-0.0244585$ & $-0.059973$ & $-0.0113972$ & $-0.0148657$ & $-0.0104316$ & $0.00694408$ & $-0.0471415$ & $-0.044844$ & $0.00517571$ & $0.0115123$ & $0.00408317$ & $-0.0105198$ & $-0.00466331$ & $-0.0250088$ & $0.202586$ & $-0.0552752$ & $0.0325377$ & $-0.24299$ & $1$ & $0.202006$ & $0.0259264$ & $0.0669612$ & $-0.127231$ & $-0.303224$ & $0.271423$ & $0.210535$ & $-0.233687$ & $-0.14266$ & $-0.519086$ & $-0.109008$ & $-0.264554$ & $-0.367622$ \\
eHWWint & $0.115254$ & $-0.495606$ & $0.266071$ & $0.123427$ & $-0.000443426$ & $0.000496176$ & $-0.108875$ & $0.0237462$ & $0.0136384$ & $-0.0123334$ & $-0.00503673$ & $-0.0173603$ & $-0.0118181$ & $-0.0129424$ & $-0.0151124$ & $-0.0335072$ & $-0.0189817$ & $-0.00690245$ & $-0.00113836$ & $0.00147295$ & $0.00995788$ & $-0.0139956$ & $-0.0242529$ & $-0.0050135$ & $0.0151757$ & $0.0389888$ & $0.0270212$ & $-0.0233863$ & $-0.08739$ & $-0.0901622$ & $-0.129009$ & $-0.150243$ & $0.0145073$ & $-0.0977899$ & $0.202006$ & $1$ & $0.0141601$ & $0.276597$ & $0.019335$ & $-0.0374994$ & $-0.063786$ & $-0.0907824$ & $0.0108287$ & $-0.483755$ & $0.18542$ & $-0.246378$ & $-0.205757$ & $-0.304455$ \\
eHWWpar & $0.114948$ & $0.18761$ & $-0.116127$ & $-0.0579887$ & $0.0506946$ & $0.0229051$ & $0.0609216$ & $0.00161259$ & $0.00301877$ & $-0.0104391$ & $-0.0118798$ & $-0.0257296$ & $0.0265625$ & $-0.0138289$ & $0.0286996$ & $0.00844918$ & $0.0321997$ & $0.00651441$ & $0.017741$ & $0.0118536$ & $0.0235212$ & $0.0424736$ & $-0.0075771$ & $0.0246266$ & $-0.0462518$ & $0.0113713$ & $-0.046175$ & $0.0213466$ & $-0.0363087$ & $-0.0548711$ & $0.057071$ & $-0.0434761$ & $0.0148276$ & $-0.0390432$ & $0.0259264$ & $0.0141601$ & $1$ & $0.162669$ & $0.0787104$ & $-0.0719134$ & $0.0409125$ & $0.168424$ & $-0.0776302$ & $-0.020602$ & $-0.0884437$ & $-0.270509$ & $-0.088267$ & $0.028378$ \\
eHZZint & $-0.0882242$ & $0.0470878$ & $-0.228893$ & $-0.0162988$ & $0.0196514$ & $0.0199891$ & $-0.205198$ & $-0.0365843$ & $-0.0394289$ & $0.010567$ & $0.0186918$ & $-0.0119286$ & $0.0232998$ & $-0.0281045$ & $-0.0227775$ & $0.0296827$ & $0.05545$ & $0.0492858$ & $-0.0163001$ & $-0.0192001$ & $-0.0117685$ & $0.0164043$ & $0.0367044$ & $0.0155824$ & $-0.00502078$ & $-0.0325819$ & $0.00655537$ & $-0.0259947$ & $0.00539339$ & $-0.041992$ & $-0.207057$ & $8.74789e-05$ & $-0.00434434$ & $-0.214788$ & $0.0669612$ & $0.276597$ & $0.162669$ & $1$ & $0.146232$ & $-0.420007$ & $0.0837975$ & $0.429492$ & $-0.244538$ & $-0.26541$ & $0.0211832$ & $-0.409167$ & $-0.269576$ & $0.0714711$ \\
eHZZpar & $0.358812$ & $-0.0049134$ & $-0.433252$ & $-0.309831$ & $0.0189651$ & $0.0473992$ & $-0.0759952$ & $-0.0335569$ & $-0.0402304$ & $0.023205$ & $0.0374522$ & $-0.00260164$ & $-0.0302665$ & $0.00718871$ & $-0.0174582$ & $-0.00631107$ & $-0.0219445$ & $-0.00137224$ & $-0.0392172$ & $-0.0393713$ & $-0.0398657$ & $-0.000473684$ & $-0.00462658$ & $-0.052034$ & $0.0119644$ & $-0.0617474$ & $-0.0144438$ & $0.0284791$ & $-3.42007e-05$ & $-0.027066$ & $-0.0831895$ & $-0.0223863$ & $-0.0310756$ & $-0.0669541$ & $-0.127231$ & $0.019335$ & $0.0787104$ & $0.146232$ & $1$ & $0.185099$ & $-0.152124$ & $0.0934016$ & $-0.230794$ & $0.349096$ & $0.00979097$ & $-0.0240803$ & $0.0943906$ & $-0.0895415$ \\
eHZgaint & $0.248126$ & $0.165425$ & $0.197008$ & $-0.208258$ & $-0.0547987$ & $0.0149934$ & $-0.0538189$ & $0.00537585$ & $0.00430459$ & $0.0419253$ & $-0.0148054$ & $0.00561708$ & $0.0302053$ & $0.0367661$ & $-0.015992$ & $0.0135115$ & $-0.0142306$ & $0.0353578$ & $0.012624$ & $0.0163182$ & $0.0116734$ & $0.00561188$ & $0.00844912$ & $-0.000440128$ & $-0.0325274$ & $-0.00824041$ & $0.000243262$ & $0.000812352$ & $0.00501825$ & $0.00498837$ & $-0.0704504$ & $-0.00065254$ & $-0.026455$ & $-0.220405$ & $-0.303224$ & $-0.0374994$ & $-0.0719134$ & $-0.420007$ & $0.185099$ & $1$ & $-0.160112$ & $-0.231974$ & $0.191134$ & $0.370852$ & $0.26717$ & $-0.0870132$ & $0.149603$ & $0.175469$ \\
eHZgapar & $-0.351752$ & $0.0400199$ & $-0.138587$ & $0.0714775$ & $0.0307475$ & $-0.00256041$ & $0.0212642$ & $-0.0430638$ & $-0.0413134$ & $-0.0604623$ & $0.0571309$ & $-0.0555848$ & $-0.0439456$ & $-0.0282215$ & $0.0416741$ & $-0.0391965$ & $-0.0034606$ & $-0.0636316$ & $-0.0509541$ & $-0.059765$ & $-0.0603397$ & $0.0477487$ & $0.0055123$ & $-0.0353325$ & $-0.0204815$ & $-0.0542002$ & $-0.030171$ & $0.0171264$ & $-0.0423008$ & $-0.0165976$ & $0.0160384$ & $-0.0210064$ & $-0.00756148$ & $-0.148921$ & $0.271423$ & $-0.063786$ & $0.0409125$ & $0.0837975$ & $-0.152124$ & $-0.160112$ & $1$ & $0.0977235$ & $0.00217657$ & $-0.0694555$ & $-0.0821665$ & $-0.192559$ & $-0.0792847$ & $-0.000734559$ \\
eHgagaint & $-0.0066349$ & $0.290887$ & $-0.274457$ & $-0.221368$ & $0.0250629$ & $0.0392805$ & $-0.0170469$ & $-0.0167288$ & $-0.00452669$ & $0.0477304$ & $-0.00122462$ & $0.0280102$ & $0.0429408$ & $-0.0447824$ & $-0.0180649$ & $0.0288067$ & $0.0638345$ & $0.0500392$ & $-6.11091e-05$ & $0.00593843$ & $0.0147229$ & $0.0645745$ & $0.0272549$ & $0.0497526$ & $-0.0471135$ & $0.0314749$ & $0.00747957$ & $-0.0199666$ & $0.0506013$ & $0.0359106$ & $-0.000977427$ & $0.0571036$ & $0.027943$ & $-0.257502$ & $0.210535$ & $-0.0907824$ & $0.168424$ & $0.429492$ & $0.0934016$ & $-0.231974$ & $0.0977235$ & $1$ & $-0.104939$ & $-0.0188624$ & $-0.29654$ & $-0.190643$ & $-0.151711$ & $-0.00818478$ \\
eHmumuint & $-0.366399$ & $-0.00693898$ & $0.102021$ & $0.288433$ & $-0.0389704$ & $0.00372134$ & $-0.036698$ & $0.0589859$ & $0.0535159$ & $-0.0486146$ & $-0.0371138$ & $-0.00640685$ & $-0.0161811$ & $-0.00881985$ & $0.039391$ & $-0.0390757$ & $-0.0271953$ & $-0.0689485$ & $0.0341905$ & $0.0385228$ & $0.0385177$ & $-0.0119823$ & $-0.0484562$ & $-0.0378653$ & $-0.0131575$ & $0.0222167$ & $0.00346208$ & $-0.0176024$ & $-0.0208563$ & $-0.0186655$ & $-0.0445215$ & $0.0134891$ & $0.0570772$ & $0.305077$ & $-0.233687$ & $0.0108287$ & $-0.0776302$ & $-0.244538$ & $-0.230794$ & $0.191134$ & $0.00217657$ & $-0.104939$ & $1$ & $-0.129736$ & $0.159043$ & $0.10188$ & $0.239731$ & $0.13274$ \\
eHtautauint & $0.0813135$ & $0.106747$ & $-0.256603$ & $-0.184152$ & $-0.0555247$ & $-0.0180398$ & $0.00421478$ & $-0.052896$ & $-0.0524156$ & $0.0599283$ & $0.0385858$ & $0.0588622$ & $-0.0130358$ & $0.0470935$ & $0.00348212$ & $0.0240388$ & $-0.019133$ & $0.0178471$ & $-0.0343818$ & $-0.0444412$ & $-0.0494136$ & $0.0583061$ & $0.0543723$ & $-0.00838645$ & $-0.042478$ & $-0.0645568$ & $-0.0134403$ & $0.0342163$ & $0.0991815$ & $0.0417751$ & $0.0226404$ & $0.0959337$ & $-0.078146$ & $-0.0447407$ & $-0.14266$ & $-0.483755$ & $-0.020602$ & $-0.26541$ & $0.349096$ & $0.370852$ & $-0.0694555$ & $-0.0188624$ & $-0.129736$ & $1$ & $0.131918$ & $0.00742864$ & $0.0961729$ & $0.202484$ \\
eHccint & $-0.114836$ & $-0.373879$ & $0.25071$ & $-0.0723332$ & $-0.0412646$ & $-0.00135626$ & $-0.165231$ & $0.0175867$ & $0.0115254$ & $0.00127092$ & $-0.0120959$ & $-0.0110652$ & $-0.00138696$ & $0.02349$ & $0.000806429$ & $-0.00929981$ & $-0.0237163$ & $-0.00948202$ & $0.0101322$ & $0.00849233$ & $0.00434742$ & $0.0025007$ & $0.00473921$ & $-0.0201784$ & $-0.016272$ & $-0.0191796$ & $0.0652084$ & $-0.000595443$ & $-0.0130355$ & $-0.0275097$ & $-0.189174$ & $-0.0458212$ & $-0.0186088$ & $0.0235963$ & $-0.519086$ & $0.18542$ & $-0.0884437$ & $0.0211832$ & $0.00979097$ & $0.26717$ & $-0.0821665$ & $-0.29654$ & $0.159043$ & $0.131918$ & $1$ & $-0.0863694$ & $-0.320473$ & $0.139385$ \\
eHccpar & $0.146977$ & $0.0110079$ & $0.117265$ & $-0.0950607$ & $0.064512$ & $-0.0543257$ & $0.0247964$ & $0.00435324$ & $0.0068678$ & $0.041142$ & $-0.0208192$ & $0.0430936$ & $0.00170669$ & $0.00318789$ & $0.0163547$ & $0.0643495$ & $0.0277999$ & $0.00754589$ & $0.0186884$ & $0.0233282$ & $0.00860309$ & $-0.058199$ & $0.00650008$ & $0.0223591$ & $0.0375398$ & $-0.00323046$ & $0.0106308$ & $0.0397138$ & $-0.00293514$ & $0.0889154$ & $0.0324489$ & $0.022714$ & $0.0163398$ & $0.485085$ & $-0.109008$ & $-0.246378$ & $-0.270509$ & $-0.409167$ & $-0.0240803$ & $-0.0870132$ & $-0.192559$ & $-0.190643$ & $0.10188$ & $0.00742864$ & $-0.0863694$ & $1$ & $0.328537$ & $-0.0464285$ \\
eHbbint & $-0.0105711$ & $0.164145$ & $-0.302856$ & $0.0231415$ & $0.0448597$ & $0.0169675$ & $0.0933776$ & $-0.0200245$ & $-0.0123884$ & $0.0336385$ & $-0.0135156$ & $-0.00867902$ & $0.0425277$ & $0.0282305$ & $0.0169593$ & $0.0763112$ & $0.0418855$ & $0.0476367$ & $0.0157557$ & $0.0119047$ & $0.0105339$ & $-0.0220394$ & $0.0444275$ & $0.0477524$ & $0.00322045$ & $-0.0229406$ & $-0.0642544$ & $0.00180747$ & $-0.00997038$ & $0.0406955$ & $0.110956$ & $0.0835373$ & $-0.0272112$ & $0.417753$ & $-0.264554$ & $-0.205757$ & $-0.088267$ & $-0.269576$ & $0.0943906$ & $0.149603$ & $-0.0792847$ & $-0.151711$ & $0.239731$ & $0.0961729$ & $-0.320473$ & $0.328537$ & $1$ & $0.135774$ \\
eHbbpar & $-0.312898$ & $0.580121$ & $-0.168038$ & $-0.411835$ & $-0.0488317$ & $-0.0358189$ & $-0.0677799$ & $-0.0131286$ & $-0.00241672$ & $0.0138457$ & $-0.00927035$ & $-0.0112432$ & $0.0383777$ & $0.0616278$ & $0.00530272$ & $0.030493$ & $-0.0100294$ & $0.033289$ & $0.0150106$ & $0.00902829$ & $0.0133516$ & $0.0296898$ & $0.0449892$ & $0.0126074$ & $-0.0262613$ & $-0.0311022$ & $0.00522787$ & $0.0345562$ & $0.0326542$ & $0.0491763$ & $-0.0684986$ & $0.189553$ & $-0.0504644$ & $0.0787817$ & $-0.367622$ & $-0.304455$ & $0.028378$ & $0.0714711$ & $-0.0895415$ & $0.175469$ & $-0.000734559$ & $-0.00818478$ & $0.13274$ & $0.202484$ & $0.139385$ & $-0.0464285$ & $0.135774$ & $1$ \\
