 & AlsMz & dAle5Mz & mtop & mHl & Mz & CW & CHG & CHWB & CHWHB_gaga & CHWHB_gagaorth & CHD & CHbox & CH & CHL1_11 & CHL1_22 & CHL1_33 & CHL3_11 & CHL3_22 & CHL3_33 & CHe_11 & CHe_22 & CHe_33 & CHQ1_11 & CHQ1_33 & CHQ3_11 & CHu_11 & CHd_11 & CHd_33 & CeH_22r & CeH_33r & CuH_22r & CuH_33r & CdH_33r & CLL_1221 & eHggint & eHggpar & eHWWint & eHWWpar & eHZZint & eHZZpar & eHZgaint & eHZgapar & eHgagaint & eHmumuint & eHtautauint & eHccint & eHccpar & eHbbint & eHbbpar \\
AlsMz & $1$ & $-0.203506$ & $-0.0719253$ & $-0.0725055$ & $-0.0286048$ & $-0.0433658$ & $-0.00291092$ & $0.119228$ & $0.121176$ & $-0.0535154$ & $-0.04879$ & $0.0404537$ & $0.00971932$ & $-0.0759969$ & $-0.0564471$ & $0.00485159$ & $-0.102759$ & $-0.0865758$ & $-0.123994$ & $0.0363876$ & $0.0566511$ & $0.0644283$ & $0.0942456$ & $-0.188024$ & $-0.122356$ & $-0.0814278$ & $0.143708$ & $0.0782214$ & $-0.0441978$ & $0.0371173$ & $0.0259999$ & $0.0106922$ & $0.0765411$ & $0.178335$ & $0.296082$ & $-0.425452$ & $-0.021232$ & $-0.0221134$ & $-0.136202$ & $-0.0821031$ & $-0.108766$ & $-0.0468579$ & $0.109091$ & $-0.350044$ & $-0.333056$ & $0.400513$ & $0.187667$ & $0.270227$ & $0.246858$ \\
dAle5Mz & $-0.203506$ & $1$ & $-0.0867448$ & $0.199214$ & $-0.0171605$ & $-0.0887782$ & $-0.0298576$ & $-0.0242844$ & $-0.0276291$ & $0.0597575$ & $-0.0136758$ & $-0.0260178$ & $-0.0608432$ & $0.0326073$ & $-0.0145317$ & $-0.0376464$ & $0.0832388$ & $0.0708938$ & $0.0777365$ & $0.0167856$ & $0.0215566$ & $0.0139488$ & $-0.0864263$ & $0.0519696$ & $0.0874635$ & $0.048021$ & $0.0433008$ & $-0.0265241$ & $-0.0194853$ & $-0.0496571$ & $0.00634001$ & $-0.0552934$ & $-0.0182173$ & $0.0248255$ & $-0.355398$ & $0.366481$ & $-0.0346701$ & $0.0130323$ & $-0.22403$ & $0.0824672$ & $-0.0730652$ & $-0.121346$ & $0.241113$ & $0.0298512$ & $0.260459$ & $0.257525$ & $0.195963$ & $0.0361889$ & $0.203494$ \\
mtop & $-0.0719253$ & $-0.0867448$ & $1$ & $-0.0288655$ & $0.02642$ & $0.112625$ & $-0.0729557$ & $-0.191801$ & $-0.191547$ & $0.107378$ & $0.129714$ & $0.0804879$ & $0.0930945$ & $0.0339197$ & $0.0631251$ & $0.0308807$ & $0.0616794$ & $0.0561126$ & $0.0768071$ & $-0.112734$ & $-0.146053$ & $-0.143847$ & $0.00402213$ & $0.20336$ & $0.0458993$ & $0.046562$ & $-0.281305$ & $-0.0154304$ & $-0.0116779$ & $0.0243019$ & $0.0190661$ & $-0.0659007$ & $-0.0387361$ & $-0.268406$ & $0.258079$ & $-0.0949366$ & $0.187544$ & $0.00268127$ & $-0.20296$ & $0.0649838$ & $0.699038$ & $-0.0259666$ & $-0.0278211$ & $0.287078$ & $-0.448423$ & $0.0405252$ & $-0.0745585$ & $-0.370677$ & $-0.356383$ \\
mHl & $-0.0725055$ & $0.199214$ & $-0.0288655$ & $1$ & $-0.0395891$ & $-0.0338833$ & $-0.10948$ & $0.124741$ & $0.12793$ & $-0.033879$ & $-0.0662423$ & $0.0308435$ & $0.0360682$ & $-0.0488444$ & $-0.0519536$ & $-0.0801309$ & $-0.0658525$ & $-0.0680185$ & $-0.0496117$ & $0.051854$ & $0.0836933$ & $0.0766332$ & $0.0661847$ & $-0.131572$ & $-0.0133786$ & $-0.0329423$ & $0.291045$ & $0.0430056$ & $-0.104164$ & $0.0424567$ & $0.0681001$ & $-0.119107$ & $0.0701587$ & $0.189572$ & $-0.252632$ & $0.3612$ & $-0.414948$ & $-0.0226118$ & $-0.319723$ & $0.157589$ & $0.0901221$ & $-0.140461$ & $0.335742$ & $0.469891$ & $0.367588$ & $0.398979$ & $0.569818$ & $0.321976$ & $0.108598$ \\
Mz & $-0.0286048$ & $-0.0171605$ & $0.02642$ & $-0.0395891$ & $1$ & $0.019255$ & $0.0158874$ & $-0.022009$ & $-0.0212825$ & $0.0129422$ & $0.0435375$ & $-1.98644e-05$ & $-0.00498496$ & $-0.032557$ & $-0.0185643$ & $0.000995916$ & $-0.03559$ & $-0.0248372$ & $-0.035667$ & $-0.0395005$ & $-0.0374076$ & $-0.0353652$ & $-0.0068661$ & $-0.021657$ & $-0.0343561$ & $0.018409$ & $-0.0331786$ & $-0.00865634$ & $-0.0292768$ & $-0.000295263$ & $0.0229619$ & $0.0280826$ & $-0.0016326$ & $-0.00715098$ & $0.00842926$ & $0.00976156$ & $-0.0250444$ & $0.024398$ & $0.0173874$ & $-0.00131159$ & $0.000648226$ & $-0.00592985$ & $-0.0243767$ & $-0.00420221$ & $-0.00157363$ & $-0.00784672$ & $0.000220835$ & $0.0138375$ & $-0.0637316$ \\
CW & $-0.0433658$ & $-0.0887782$ & $0.112625$ & $-0.0338833$ & $0.019255$ & $1$ & $0.0992775$ & $-0.108325$ & $-0.104281$ & $0.0475685$ & $0.242431$ & $-0.0541464$ & $-0.122007$ & $-0.126395$ & $-0.100933$ & $-0.0792423$ & $-0.431947$ & $-0.233018$ & $-0.245615$ & $-0.233595$ & $-0.248541$ & $-0.249825$ & $-0.00132677$ & $-0.143935$ & $-0.280809$ & $0.171083$ & $-0.154897$ & $-0.102725$ & $-0.050333$ & $-0.09665$ & $-0.0208565$ & $0.100537$ & $-0.102673$ & $-0.154821$ & $-0.0399256$ & $-0.000304814$ & $0.0531963$ & $-0.00893575$ & $0.152313$ & $-0.055802$ & $0.112295$ & $0.0324724$ & $0.10919$ & $0.0547234$ & $-0.0658281$ & $-0.102507$ & $-0.0591607$ & $-0.136695$ & $0.0403613$ \\
CHG & $-0.00291092$ & $-0.0298576$ & $-0.0729557$ & $-0.10948$ & $0.0158874$ & $0.0992775$ & $1$ & $-0.0699857$ & $-0.0459394$ & $0.199029$ & $0.14373$ & $-0.644659$ & $-0.754958$ & $-0.152223$ & $-0.0149421$ & $0.0360105$ & $-0.193212$ & $-0.154769$ & $-0.187948$ & $-0.131971$ & $-0.153285$ & $-0.150435$ & $-0.0197599$ & $-0.075744$ & $-0.212721$ & $0.0803618$ & $-0.210246$ & $-0.0831614$ & $-0.100635$ & $-0.588002$ & $-0.402009$ & $0.95662$ & $-0.627343$ & $-0.0851676$ & $-0.142185$ & $-0.0454888$ & $0.109351$ & $0.0695152$ & $0.257511$ & $-0.0164834$ & $-0.0873277$ & $0.0595105$ & $0.0920384$ & $0.111292$ & $-0.0393889$ & $-0.182022$ & $-0.109746$ & $-0.103228$ & $0.0619255$ \\
CHWB & $0.119228$ & $-0.0242844$ & $-0.191801$ & $0.124741$ & $-0.022009$ & $-0.108325$ & $-0.0699857$ & $1$ & $0.989374$ & $-0.513925$ & $-0.876773$ & $-0.0320825$ & $0.0777544$ & $0.348672$ & $0.526848$ & $0.49775$ & $-0.111517$ & $-0.343764$ & $-0.32064$ & $0.865295$ & $0.886418$ & $0.877062$ & $-0.0273445$ & $-0.558588$ & $-0.297449$ & $-0.609484$ & $0.360939$ & $0.378214$ & $0.0409772$ & $0.0626609$ & $0.0711869$ & $-0.0650842$ & $0.120042$ & $0.456859$ & $-0.115912$ & $0.11743$ & $-0.143869$ & $0.0411013$ & $-0.11154$ & $0.0148581$ & $-0.0940461$ & $-0.0314044$ & $-0.0973488$ & $-0.0966978$ & $0.196589$ & $0.198275$ & $0.139023$ & $0.17543$ & $0.124583$ \\
CHWHB_gaga & $0.121176$ & $-0.0276291$ & $-0.191547$ & $0.12793$ & $-0.0212825$ & $-0.104281$ & $-0.0459394$ & $0.989374$ & $1$ & $-0.508092$ & $-0.864325$ & $-0.0169158$ & $0.0879469$ & $0.341451$ & $0.519342$ & $0.490385$ & $-0.118777$ & $-0.345253$ & $-0.322709$ & $0.853342$ & $0.873897$ & $0.86423$ & $-0.0241047$ & $-0.557981$ & $-0.301048$ & $-0.601831$ & $0.355227$ & $0.371505$ & $0.0499764$ & $0.0855805$ & $0.0864704$ & $-0.0417373$ & $0.14424$ & $0.451466$ & $-0.130688$ & $0.116908$ & $-0.150797$ & $0.040398$ & $-0.108464$ & $0.00843936$ & $-0.0925122$ & $-0.020015$ & $-0.0754101$ & $-0.0982347$ & $0.192724$ & $0.195167$ & $0.144304$ & $0.174009$ & $0.134772$ \\
CHWHB_gagaorth & $-0.0535154$ & $0.0597575$ & $0.107378$ & $-0.033879$ & $0.0129422$ & $0.0475685$ & $0.199029$ & $-0.513925$ & $-0.508092$ & $1$ & $0.438687$ & $0.0170859$ & $-0.22594$ & $-0.151078$ & $-0.271329$ & $-0.239558$ & $0.0771437$ & $0.203299$ & $0.178671$ & $-0.433486$ & $-0.44451$ & $-0.438862$ & $-0.018273$ & $0.313356$ & $0.162332$ & $0.318189$ & $-0.206924$ & $-0.171681$ & $-0.0423059$ & $-0.221966$ & $-0.166012$ & $0.200598$ & $-0.268939$ & $-0.233632$ & $0.0252139$ & $-0.0483391$ & $0.0202799$ & $0.0239394$ & $0.0525154$ & $0.0152722$ & $0.0392219$ & $0.0381394$ & $0.105787$ & $0.0850561$ & $-0.0810498$ & $-0.0983078$ & $-0.0136622$ & $-0.0768124$ & $-0.0603825$ \\
CHD & $-0.04879$ & $-0.0136758$ & $0.129714$ & $-0.0662423$ & $0.0435375$ & $0.242431$ & $0.14373$ & $-0.876773$ & $-0.864325$ & $0.438687$ & $1$ & $-0.00455474$ & $-0.166978$ & $-0.718124$ & $-0.623526$ & $-0.57921$ & $-0.354265$ & $-0.0820708$ & $-0.109135$ & $-0.995469$ & $-0.995815$ & $-0.984352$ & $0.083981$ & $0.135925$ & $-0.149631$ & $0.681118$ & $-0.269516$ & $-0.412972$ & $-0.0612967$ & $-0.125002$ & $-0.100222$ & $0.142619$ & $-0.171605$ & $-0.270125$ & $0.0819821$ & $-0.0931306$ & $0.126857$ & $-0.0469609$ & $0.131099$ & $-0.0375581$ & $0.0601308$ & $0.0397017$ & $0.13043$ & $0.0989633$ & $-0.177684$ & $-0.128982$ & $-0.046128$ & $-0.138112$ & $-0.0277705$ \\
CHbox & $0.0404537$ & $-0.0260178$ & $0.0804879$ & $0.0308435$ & $-1.98644e-05$ & $-0.0541464$ & $-0.644659$ & $-0.0320825$ & $-0.0169158$ & $0.0170859$ & $-0.00455474$ & $1$ & $0.860417$ & $0.0323389$ & $-0.0299915$ & $-0.0832135$ & $0.0895094$ & $0.082718$ & $0.117437$ & $0.000344305$ & $0.0102211$ & $0.0099053$ & $0.0336902$ & $0.0583894$ & $0.116743$ & $0.0103309$ & $0.102899$ & $-0.00159656$ & $0.137212$ & $0.681551$ & $0.446886$ & $-0.541159$ & $0.709769$ & $0.0112093$ & $0.146945$ & $0.0329658$ & $-0.0230869$ & $0.0162624$ & $-0.102777$ & $0.0026733$ & $0.132871$ & $0.0309563$ & $-0.0131502$ & $-0.125925$ & $-0.0773777$ & $0.170644$ & $0.111123$ & $0.0338162$ & $-0.0351301$ \\
CH & $0.00971932$ & $-0.0608432$ & $0.0930945$ & $0.0360682$ & $-0.00498496$ & $-0.122007$ & $-0.754958$ & $0.0777544$ & $0.0879469$ & $-0.22594$ & $-0.166978$ & $0.860417$ & $1$ & $0.188726$ & $0.0493424$ & $-0.0304599$ & $0.218174$ & $0.16801$ & $0.219458$ & $0.157159$ & $0.174463$ & $0.170552$ & $0.0354849$ & $0.0947218$ & $0.227786$ & $-0.107068$ & $0.18582$ & $0.0806073$ & $0.179324$ & $0.74603$ & $0.501977$ & $-0.66388$ & $0.781487$ & $0.0527805$ & $0.178285$ & $0.0337361$ & $-0.0582203$ & $-0.022334$ & $-0.175399$ & $-0.00699996$ & $0.147327$ & $0.0119744$ & $-0.0828$ & $-0.162509$ & $-0.0654303$ & $0.192622$ & $0.066102$ & $0.0465699$ & $-0.0412483$ \\
CHL1_11 & $-0.0759969$ & $0.0326073$ & $0.0339197$ & $-0.0488444$ & $-0.032557$ & $-0.126395$ & $-0.152223$ & $0.348672$ & $0.341451$ & $-0.151078$ & $-0.718124$ & $0.0323389$ & $0.188726$ & $1$ & $0.457527$ & $0.407815$ & $0.66553$ & $0.581276$ & $0.603925$ & $0.723155$ & $0.697452$ & $0.685318$ & $-0.135423$ & $0.44153$ & $0.617738$ & $-0.467122$ & $0.00558357$ & $0.267565$ & $0.0536158$ & $0.131181$ & $0.0963722$ & $-0.155801$ & $0.150559$ & $-0.149844$ & $-0.0330662$ & $0.0290421$ & $-0.0617325$ & $0.0431559$ & $-0.0715612$ & $0.0352415$ & $0.036102$ & $-0.0172003$ & $-0.0837701$ & $-0.06279$ & $0.06924$ & $-0.0367002$ & $-0.108929$ & $0.00315489$ & $-0.0991633$ \\
CHL1_22 & $-0.0564471$ & $-0.0145317$ & $0.0631251$ & $-0.0519536$ & $-0.0185643$ & $-0.100933$ & $-0.0149421$ & $0.526848$ & $0.519342$ & $-0.271329$ & $-0.623526$ & $-0.0299915$ & $0.0493424$ & $0.457527$ & $1$ & $0.529898$ & $0.202927$ & $-0.29384$ & $0.036367$ & $0.661561$ & $0.574809$ & $0.565489$ & $-0.153863$ & $0.0368504$ & $-0.0152193$ & $-0.424836$ & $-0.257871$ & $0.225588$ & $0.0633212$ & $0.0301173$ & $0.0102843$ & $-0.010196$ & $0.0192883$ & $-0.475$ & $-0.0200101$ & $0.113917$ & $0.0714509$ & $0.0587039$ & $-0.00307931$ & $0.0576768$ & $0.0998203$ & $0.0317025$ & $-0.0539268$ & $-0.00532741$ & $-0.0437963$ & $0.0105367$ & $-0.0727571$ & $-0.12534$ & $-0.144122$ \\
CHL1_33 & $0.00485159$ & $-0.0376464$ & $0.0308807$ & $-0.0801309$ & $0.000995916$ & $-0.0792423$ & $0.0360105$ & $0.49775$ & $0.490385$ & $-0.239558$ & $-0.57921$ & $-0.0832135$ & $-0.0304599$ & $0.407815$ & $0.529898$ & $1$ & $0.175489$ & $0.00250667$ & $-0.297912$ & $0.617177$ & $0.531626$ & $0.544001$ & $-0.100834$ & $0.0349874$ & $-0.0325226$ & $-0.413846$ & $-0.242729$ & $0.189145$ & $0.0294182$ & $-0.0190363$ & $-0.012609$ & $0.0334193$ & $-0.0296609$ & $0.000168707$ & $-0.0184143$ & $0.0524661$ & $0.0314625$ & $0.0323043$ & $-0.0245685$ & $0.0144805$ & $0.0649869$ & $0.0537825$ & $-0.0307262$ & $-0.0569157$ & $-0.0158228$ & $0.000264109$ & $-0.0566152$ & $-0.0740057$ & $-0.150384$ \\
CHL3_11 & $-0.102759$ & $0.0832388$ & $0.0616794$ & $-0.0658525$ & $-0.03559$ & $-0.431947$ & $-0.193212$ & $-0.111517$ & $-0.118777$ & $0.0771437$ & $-0.354265$ & $0.0895094$ & $0.218174$ & $0.66553$ & $0.202927$ & $0.175489$ & $1$ & $0.817211$ & $0.823926$ & $0.35661$ & $0.339959$ & $0.336789$ & $-0.0830428$ & $0.738818$ & $0.874712$ & $-0.226292$ & $-0.0303331$ & $0.134014$ & $0.0502868$ & $0.15686$ & $0.0729868$ & $-0.201254$ & $0.144749$ & $-0.167892$ & $0.0748191$ & $-0.0435333$ & $-0.00260592$ & $0.00988114$ & $-0.0918334$ & $0.0543932$ & $0.0185817$ & $-0.0438842$ & $-0.114629$ & $-0.0141525$ & $0.0173804$ & $-0.0786107$ & $-0.133243$ & $0.00472581$ & $-0.157789$ \\
CHL3_22 & $-0.0865758$ & $0.0708938$ & $0.0561126$ & $-0.0680185$ & $-0.0248372$ & $-0.233018$ & $-0.154769$ & $-0.343764$ & $-0.345253$ & $0.203299$ & $-0.0820708$ & $0.082718$ & $0.16801$ & $0.581276$ & $-0.29384$ & $0.00250667$ & $0.817211$ & $1$ & $0.777444$ & $0.0737895$ & $0.0843358$ & $0.0850586$ & $-0.0327389$ & $0.733841$ & $0.869103$ & $-0.0340367$ & $0.0361663$ & $0.0225339$ & $0.00995183$ & $0.121947$ & $0.0680395$ & $-0.164416$ & $0.117588$ & $0.0184248$ & $0.0590789$ & $-0.0976169$ & $-0.0388041$ & $-0.0147184$ & $-0.0625889$ & $0.0138607$ & $-0.00487635$ & $-0.040242$ & $-0.0598633$ & $-0.0217585$ & $0.0269095$ & $-0.110931$ & $-0.123264$ & $0.0331263$ & $-0.0961924$ \\
CHL3_33 & $-0.123994$ & $0.0777365$ & $0.0768071$ & $-0.0496117$ & $-0.035667$ & $-0.245615$ & $-0.187948$ & $-0.32064$ & $-0.322709$ & $0.178671$ & $-0.109135$ & $0.117437$ & $0.219458$ & $0.603925$ & $0.036367$ & $-0.297912$ & $0.823926$ & $0.777444$ & $1$ & $0.101329$ & $0.110725$ & $0.108427$ & $-0.065574$ & $0.725999$ & $0.868544$ & $-0.0421114$ & $0.0236096$ & $0.0459582$ & $0.0380769$ & $0.152735$ & $0.0829285$ & $-0.193067$ & $0.147645$ & $-0.314707$ & $0.0626388$ & $-0.0545482$ & $-0.0110903$ & $0.00837516$ & $-0.0449021$ & $0.0428993$ & $0.017531$ & $-0.0565095$ & $-0.0777799$ & $0.0118931$ & $0.00587289$ & $-0.104356$ & $-0.133557$ & $-0.000589784$ & $-0.0931135$ \\
CHe_11 & $0.0363876$ & $0.0167856$ & $-0.112734$ & $0.051854$ & $-0.0395005$ & $-0.233595$ & $-0.131971$ & $0.865295$ & $0.853342$ & $-0.433486$ & $-0.995469$ & $0.000344305$ & $0.157159$ & $0.723155$ & $0.661561$ & $0.617177$ & $0.35661$ & $0.0737895$ & $0.101329$ & $1$ & $0.986903$ & $0.975661$ & $-0.0954471$ & $-0.110394$ & $0.148308$ & $-0.677963$ & $0.219789$ & $0.407238$ & $0.0610953$ & $0.11756$ & $0.0946639$ & $-0.130399$ & $0.159261$ & $0.217723$ & $-0.080222$ & $0.0963693$ & $-0.110491$ & $0.0480196$ & $-0.12205$ & $0.0409934$ & $-0.0461682$ & $-0.0341113$ & $-0.125441$ & $-0.0935356$ & $0.161925$ & $0.117355$ & $0.0330391$ & $0.114939$ & $0.00794024$ \\
CHe_22 & $0.0566511$ & $0.0215566$ & $-0.146053$ & $0.0836933$ & $-0.0374076$ & $-0.248541$ & $-0.153285$ & $0.886418$ & $0.873897$ & $-0.44451$ & $-0.995815$ & $0.0102211$ & $0.174463$ & $0.697452$ & $0.574809$ & $0.531626$ & $0.339959$ & $0.0843358$ & $0.110725$ & $0.986903$ & $1$ & $0.98658$ & $-0.0711594$ & $-0.169906$ & $0.142389$ & $-0.679038$ & $0.323199$ & $0.418287$ & $0.0599722$ & $0.130591$ & $0.107429$ & $-0.152014$ & $0.182631$ & $0.330281$ & $-0.0877245$ & $0.0939764$ & $-0.142724$ & $0.0449161$ & $-0.140707$ & $0.0357713$ & $-0.0745542$ & $-0.0486987$ & $-0.133622$ & $-0.100977$ & $0.196394$ & $0.142988$ & $0.0626928$ & $0.162176$ & $0.0509964$ \\
CHe_33 & $0.0644283$ & $0.0139488$ & $-0.143847$ & $0.0766332$ & $-0.0353652$ & $-0.249825$ & $-0.150435$ & $0.877062$ & $0.86423$ & $-0.438862$ & $-0.984352$ & $0.0099053$ & $0.170552$ & $0.685318$ & $0.565489$ & $0.544001$ & $0.336789$ & $0.0850586$ & $0.108427$ & $0.975661$ & $0.98658$ & $1$ & $-0.0707427$ & $-0.169112$ & $0.140528$ & $-0.670747$ & $0.320868$ & $0.413496$ & $0.0609656$ & $0.129517$ & $0.104759$ & $-0.1492$ & $0.179601$ & $0.333891$ & $-0.0817476$ & $0.0867795$ & $-0.141227$ & $0.0468695$ & $-0.140784$ & $0.0352453$ & $-0.0749963$ & $-0.0518969$ & $-0.13741$ & $-0.105289$ & $0.188738$ & $0.143771$ & $0.0643775$ & $0.163668$ & $0.0510671$ \\
CHQ1_11 & $0.0942456$ & $-0.0864263$ & $0.00402213$ & $0.0661847$ & $-0.0068661$ & $-0.00132677$ & $-0.0197599$ & $-0.0273445$ & $-0.0241047$ & $-0.018273$ & $0.083981$ & $0.0336902$ & $0.0354849$ & $-0.135423$ & $-0.153863$ & $-0.100834$ & $-0.0830428$ & $-0.0327389$ & $-0.065574$ & $-0.0954471$ & $-0.0711594$ & $-0.0707427$ & $1$ & $-0.0897881$ & $-0.0108894$ & $-0.537256$ & $0.23317$ & $-0.00581447$ & $0.0401054$ & $0.0535226$ & $0.0256923$ & $-0.00822039$ & $0.0668733$ & $0.135341$ & $0.0232871$ & $-0.0554278$ & $-0.120209$ & $0.000709605$ & $-0.0905695$ & $-0.0389383$ & $-0.0424333$ & $0.0119134$ & $0.0065$ & $-0.044397$ & $0.0525817$ & $0.0574577$ & $0.0897429$ & $0.155657$ & $0.0660235$ \\
CHQ1_33 & $-0.188024$ & $0.0519696$ & $0.20336$ & $-0.131572$ & $-0.021657$ & $-0.143935$ & $-0.075744$ & $-0.558588$ & $-0.557981$ & $0.313356$ & $0.135925$ & $0.0583894$ & $0.0947218$ & $0.44153$ & $0.0368504$ & $0.0349874$ & $0.738818$ & $0.733841$ & $0.725999$ & $-0.110394$ & $-0.169906$ & $-0.169112$ & $-0.0897881$ & $1$ & $0.755923$ & $0.106213$ & $-0.325261$ & $-0.014994$ & $0.0226489$ & $0.0558679$ & $0.00127081$ & $-0.0850023$ & $0.0110766$ & $-0.541669$ & $0.0977525$ & $-0.0619346$ & $0.0872187$ & $0.010402$ & $0.022952$ & $0.030694$ & $0.111214$ & $0.00833454$ & $-0.00706136$ & $0.0593532$ & $-0.107395$ & $-0.186452$ & $-0.200278$ & $-0.140368$ & $-0.234081$ \\
CHQ3_11 & $-0.122356$ & $0.0874635$ & $0.0458993$ & $-0.0133786$ & $-0.0343561$ & $-0.280809$ & $-0.212721$ & $-0.297449$ & $-0.301048$ & $0.162332$ & $-0.149631$ & $0.116743$ & $0.227786$ & $0.617738$ & $-0.0152193$ & $-0.0325226$ & $0.874712$ & $0.869103$ & $0.868544$ & $0.148308$ & $0.142389$ & $0.140528$ & $-0.0108894$ & $0.755923$ & $1$ & $-0.068713$ & $0.179284$ & $0.0495401$ & $0.0219537$ & $0.178026$ & $0.102983$ & $-0.217377$ & $0.181305$ & $-0.203928$ & $0.043525$ & $-0.0458615$ & $-0.0856775$ & $0.000195261$ & $-0.107424$ & $0.036091$ & $-0.0300846$ & $-0.0525021$ & $-0.0960887$ & $-0.013446$ & $0.0635541$ & $-0.0592226$ & $-0.103411$ & $0.0768472$ & $-0.0652899$ \\
CHu_11 & $-0.0814278$ & $0.048021$ & $0.046562$ & $-0.0329423$ & $0.018409$ & $0.171083$ & $0.0803618$ & $-0.609484$ & $-0.601831$ & $0.318189$ & $0.681118$ & $0.0103309$ & $-0.107068$ & $-0.467122$ & $-0.424836$ & $-0.413846$ & $-0.226292$ & $-0.0340367$ & $-0.0421114$ & $-0.677963$ & $-0.679038$ & $-0.670747$ & $-0.537256$ & $0.106213$ & $-0.068713$ & $1$ & $-0.143328$ & $-0.299891$ & $-0.0770964$ & $-0.0933932$ & $-0.0684224$ & $0.0741915$ & $-0.117882$ & $-0.199321$ & $0.0264186$ & $-0.0213323$ & $0.119077$ & $-0.0468248$ & $0.128497$ & $-0.00573817$ & $0.0218682$ & $-0.015015$ & $0.0858418$ & $0.0897633$ & $-0.114363$ & $-0.0748581$ & $-0.0497407$ & $-0.128571$ & $0.00915131$ \\
CHd_11 & $0.143708$ & $0.0433008$ & $-0.281305$ & $0.291045$ & $-0.0331786$ & $-0.154897$ & $-0.210246$ & $0.360939$ & $0.355227$ & $-0.206924$ & $-0.269516$ & $0.102899$ & $0.18582$ & $0.00558357$ & $-0.257871$ & $-0.242729$ & $-0.0303331$ & $0.0361663$ & $0.0236096$ & $0.219789$ & $0.323199$ & $0.320868$ & $0.23317$ & $-0.325261$ & $0.179284$ & $-0.143328$ & $1$ & $0.147848$ & $-0.0115043$ & $0.170523$ & $0.139538$ & $-0.204818$ & $0.258396$ & $0.650112$ & $-0.0928453$ & $0.0330369$ & $-0.337879$ & $-0.00410356$ & $-0.22039$ & $-0.0111926$ & $-0.278321$ & $-0.120786$ & $-0.107985$ & $-0.0913241$ & $0.325888$ & $0.287976$ & $0.255462$ & $0.452348$ & $0.352617$ \\
CHd_33 & $0.0782214$ & $-0.0265241$ & $-0.0154304$ & $0.0430056$ & $-0.00865634$ & $-0.102725$ & $-0.0831614$ & $0.378214$ & $0.371505$ & $-0.171681$ & $-0.412972$ & $-0.00159656$ & $0.0806073$ & $0.267565$ & $0.225588$ & $0.189145$ & $0.134014$ & $0.0225339$ & $0.0459582$ & $0.407238$ & $0.418287$ & $0.413496$ & $-0.00581447$ & $-0.014994$ & $0.0495401$ & $-0.299891$ & $0.147848$ & $1$ & $0.0449454$ & $0.0455099$ & $0.0432523$ & $-0.0838867$ & $0.0699924$ & $0.165474$ & $-0.0190644$ & $0.0470122$ & $-0.0550454$ & $0.0113492$ & $-0.0708347$ & $-0.0129955$ & $-0.00890882$ & $-0.0384378$ & $-0.0327622$ & $-0.0133367$ & $0.0440341$ & $0.121265$ & $0.0465552$ & $0.0699406$ & $0.034038$ \\
CeH_22r & $-0.0441978$ & $-0.0194853$ & $-0.0116779$ & $-0.104164$ & $-0.0292768$ & $-0.050333$ & $-0.100635$ & $0.0409772$ & $0.0499764$ & $-0.0423059$ & $-0.0612967$ & $0.137212$ & $0.179324$ & $0.0536158$ & $0.0633212$ & $0.0294182$ & $0.0502868$ & $0.00995183$ & $0.0380769$ & $0.0610953$ & $0.0599722$ & $0.0609656$ & $0.0401054$ & $0.0226489$ & $0.0219537$ & $-0.0770964$ & $-0.0115043$ & $0.0449454$ & $1$ & $0.156778$ & $0.0822004$ & $-0.0918231$ & $0.15296$ & $-0.0180986$ & $0.0359944$ & $-0.0458314$ & $-0.0016793$ & $0.0291416$ & $0.0257449$ & $0.0106988$ & $0.0165723$ & $0.00779696$ & $-0.0828954$ & $-0.0585096$ & $-0.00421179$ & $-0.0160401$ & $-0.0523493$ & $-0.0198283$ & $-0.0332701$ \\
CeH_33r & $0.0371173$ & $-0.0496571$ & $0.0243019$ & $0.0424567$ & $-0.000295263$ & $-0.09665$ & $-0.588002$ & $0.0626609$ & $0.0855805$ & $-0.221966$ & $-0.125002$ & $0.681551$ & $0.74603$ & $0.131181$ & $0.0301173$ & $-0.0190363$ & $0.15686$ & $0.121947$ & $0.152735$ & $0.11756$ & $0.130591$ & $0.129517$ & $0.0535226$ & $0.0558679$ & $0.178026$ & $-0.0933932$ & $0.170523$ & $0.0455099$ & $0.156778$ & $1$ & $0.56309$ & $-0.445766$ & $0.877954$ & $0.0525372$ & $0.0945937$ & $0.0272917$ & $-0.0802345$ & $-0.0410423$ & $-0.155084$ & $-0.0287458$ & $0.0938265$ & $0.0204836$ & $-0.047195$ & $-0.152133$ & $-0.0440347$ & $0.157715$ & $0.0772129$ & $0.084791$ & $0.0301449$ \\
CuH_22r & $0.0259999$ & $0.00634001$ & $0.0190661$ & $0.0681001$ & $0.0229619$ & $-0.0208565$ & $-0.402009$ & $0.0711869$ & $0.0864704$ & $-0.166012$ & $-0.100222$ & $0.446886$ & $0.501977$ & $0.0963722$ & $0.0102843$ & $-0.012609$ & $0.0729868$ & $0.0680395$ & $0.0829285$ & $0.0946639$ & $0.107429$ & $0.104759$ & $0.0256923$ & $0.00127081$ & $0.102983$ & $-0.0684224$ & $0.139538$ & $0.0432523$ & $0.0822004$ & $0.56309$ & $1$ & $-0.299454$ & $0.611393$ & $0.0609955$ & $0.0293998$ & $0.0530473$ & $-0.0811518$ & $-0.0596139$ & $-0.158652$ & $-0.0469502$ & $0.0534206$ & $-0.00394374$ & $-0.00174013$ & $-0.10953$ & $-0.0225587$ & $0.178789$ & $0.169858$ & $0.104096$ & $0.0350215$ \\
CuH_33r & $0.0106922$ & $-0.0552934$ & $-0.0659007$ & $-0.119107$ & $0.0280826$ & $0.100537$ & $0.95662$ & $-0.0650842$ & $-0.0417373$ & $0.200598$ & $0.142619$ & $-0.541159$ & $-0.66388$ & $-0.155801$ & $-0.010196$ & $0.0334193$ & $-0.201254$ & $-0.164416$ & $-0.193067$ & $-0.130399$ & $-0.152014$ & $-0.1492$ & $-0.00822039$ & $-0.0850023$ & $-0.217377$ & $0.0741915$ & $-0.204818$ & $-0.0838867$ & $-0.0918231$ & $-0.445766$ & $-0.299454$ & $1$ & $-0.469099$ & $-0.0876266$ & $-0.117704$ & $-0.040572$ & $0.111422$ & $0.0666066$ & $0.259604$ & $-0.0291553$ & $-0.0625328$ & $0.0810077$ & $0.0908239$ & $0.0908467$ & $-0.0720892$ & $-0.156877$ & $-0.10439$ & $-0.104223$ & $0.0645207$ \\
CdH_33r & $0.0765411$ & $-0.0182173$ & $-0.0387361$ & $0.0701587$ & $-0.0016326$ & $-0.102673$ & $-0.627343$ & $0.120042$ & $0.14424$ & $-0.268939$ & $-0.171605$ & $0.709769$ & $0.781487$ & $0.150559$ & $0.0192883$ & $-0.0296609$ & $0.144749$ & $0.117588$ & $0.147645$ & $0.159261$ & $0.182631$ & $0.179601$ & $0.0668733$ & $0.0110766$ & $0.181305$ & $-0.117882$ & $0.258396$ & $0.0699924$ & $0.15296$ & $0.877954$ & $0.611393$ & $-0.469099$ & $1$ & $0.11652$ & $0.0305781$ & $0.0416713$ & $-0.122591$ & $-0.0761606$ & $-0.147899$ & $-0.0469689$ & $0.0542477$ & $0.0207479$ & $0.0139464$ & $-0.1795$ & $-0.00767909$ & $0.187102$ & $0.1265$ & $0.125132$ & $0.184146$ \\
CLL_1221 & $0.178335$ & $0.0248255$ & $-0.268406$ & $0.189572$ & $-0.00715098$ & $-0.154821$ & $-0.0851676$ & $0.456859$ & $0.451466$ & $-0.233632$ & $-0.270125$ & $0.0112093$ & $0.0527805$ & $-0.149844$ & $-0.475$ & $0.000168707$ & $-0.167892$ & $0.0184248$ & $-0.314707$ & $0.217723$ & $0.330281$ & $0.333891$ & $0.135341$ & $-0.541669$ & $-0.203928$ & $-0.199321$ & $0.650112$ & $0.165474$ & $-0.0180986$ & $0.0525372$ & $0.0609955$ & $-0.0876266$ & $0.11652$ & $1$ & $-0.0762051$ & $-0.00145443$ & $-0.214477$ & $-0.0224729$ & $-0.144323$ & $-0.0305016$ & $-0.211653$ & $-0.0797741$ & $-0.0695849$ & $-0.087141$ & $0.253492$ & $0.206403$ & $0.221201$ & $0.326424$ & $0.256947$ \\
eHggint & $0.296082$ & $-0.355398$ & $0.258079$ & $-0.252632$ & $0.00842926$ & $-0.0399256$ & $-0.142185$ & $-0.115912$ & $-0.130688$ & $0.0252139$ & $0.0819821$ & $0.146945$ & $0.178285$ & $-0.0330662$ & $-0.0200101$ & $-0.0184143$ & $0.0748191$ & $0.0590789$ & $0.0626388$ & $-0.080222$ & $-0.0877245$ & $-0.0817476$ & $0.0232871$ & $0.0977525$ & $0.043525$ & $0.0264186$ & $-0.0928453$ & $-0.0190644$ & $0.0359944$ & $0.0945937$ & $0.0293998$ & $-0.117704$ & $0.0305781$ & $-0.0762051$ & $1$ & $-0.377291$ & $0.249303$ & $-0.0559128$ & $-0.0617773$ & $-0.0138742$ & $0.187219$ & $-0.111912$ & $-0.473369$ & $-0.0548975$ & $-0.413541$ & $0.148621$ & $-0.130126$ & $0.0758212$ & $-0.355175$ \\
eHggpar & $-0.425452$ & $0.366481$ & $-0.0949366$ & $0.3612$ & $0.00976156$ & $-0.000304814$ & $-0.0454888$ & $0.11743$ & $0.116908$ & $-0.0483391$ & $-0.0931306$ & $0.0329658$ & $0.0337361$ & $0.0290421$ & $0.113917$ & $0.0524661$ & $-0.0435333$ & $-0.0976169$ & $-0.0545482$ & $0.0963693$ & $0.0939764$ & $0.0867795$ & $-0.0554278$ & $-0.0619346$ & $-0.0458615$ & $-0.0213323$ & $0.0330369$ & $0.0470122$ & $-0.0458314$ & $0.0272917$ & $0.0530473$ & $-0.040572$ & $0.0416713$ & $-0.00145443$ & $-0.377291$ & $1$ & $0.0355669$ & $0.086555$ & $0.0595922$ & $0.160427$ & $0.19281$ & $-0.0511974$ & $0.155036$ & $0.0779753$ & $0.158818$ & $0.290196$ & $0.229875$ & $-0.22055$ & $0.153839$ \\
eHWWint & $-0.021232$ & $-0.0346701$ & $0.187544$ & $-0.414948$ & $-0.0250444$ & $0.0531963$ & $0.109351$ & $-0.143869$ & $-0.150797$ & $0.0202799$ & $0.126857$ & $-0.0230869$ & $-0.0582203$ & $-0.0617325$ & $0.0714509$ & $0.0314625$ & $-0.00260592$ & $-0.0388041$ & $-0.0110903$ & $-0.110491$ & $-0.142724$ & $-0.141227$ & $-0.120209$ & $0.0872187$ & $-0.0856775$ & $0.119077$ & $-0.337879$ & $-0.0550454$ & $-0.0016793$ & $-0.0802345$ & $-0.0811518$ & $0.111422$ & $-0.122591$ & $-0.214477$ & $0.249303$ & $0.0355669$ & $1$ & $-0.101541$ & $0.482538$ & $-0.120517$ & $0.215736$ & $-0.00833224$ & $-0.239028$ & $0.00564962$ & $-0.571916$ & $-0.119332$ & $-0.351212$ & $-0.627765$ & $0.0221637$ \\
eHWWpar & $-0.0221134$ & $0.0130323$ & $0.00268127$ & $-0.0226118$ & $0.024398$ & $-0.00893575$ & $0.0695152$ & $0.0411013$ & $0.040398$ & $0.0239394$ & $-0.0469609$ & $0.0162624$ & $-0.022334$ & $0.0431559$ & $0.0587039$ & $0.0323043$ & $0.00988114$ & $-0.0147184$ & $0.00837516$ & $0.0480196$ & $0.0449161$ & $0.0468695$ & $0.000709605$ & $0.010402$ & $0.000195261$ & $-0.0468248$ & $-0.00410356$ & $0.0113492$ & $0.0291416$ & $-0.0410423$ & $-0.0596139$ & $0.0666066$ & $-0.0761606$ & $-0.0224729$ & $-0.0559128$ & $0.086555$ & $-0.101541$ & $1$ & $-0.0222716$ & $0.107201$ & $-0.0324893$ & $0.0841792$ & $0.0675314$ & $-0.0468203$ & $0.0852461$ & $-0.0567972$ & $-0.0696006$ & $-0.0528944$ & $-0.0662573$ \\
eHZZint & $-0.136202$ & $-0.22403$ & $-0.20296$ & $-0.319723$ & $0.0173874$ & $0.152313$ & $0.257511$ & $-0.11154$ & $-0.108464$ & $0.0525154$ & $0.131099$ & $-0.102777$ & $-0.175399$ & $-0.0715612$ & $-0.00307931$ & $-0.0245685$ & $-0.0918334$ & $-0.0625889$ & $-0.0449021$ & $-0.12205$ & $-0.140707$ & $-0.140784$ & $-0.0905695$ & $0.022952$ & $-0.107424$ & $0.128497$ & $-0.22039$ & $-0.0708347$ & $0.0257449$ & $-0.155084$ & $-0.158652$ & $0.259604$ & $-0.147899$ & $-0.144323$ & $-0.0617773$ & $0.0595922$ & $0.482538$ & $-0.0222716$ & $1$ & $-0.168348$ & $-0.0675143$ & $0.140398$ & $-0.00462062$ & $0.14481$ & $-0.145566$ & $-0.390185$ & $-0.438967$ & $-0.372986$ & $0.211341$ \\
eHZZpar & $-0.0821031$ & $0.0824672$ & $0.0649838$ & $0.157589$ & $-0.00131159$ & $-0.055802$ & $-0.0164834$ & $0.0148581$ & $0.00843936$ & $0.0152722$ & $-0.0375581$ & $0.0026733$ & $-0.00699996$ & $0.0352415$ & $0.0576768$ & $0.0144805$ & $0.0543932$ & $0.0138607$ & $0.0428993$ & $0.0409934$ & $0.0357713$ & $0.0352453$ & $-0.0389383$ & $0.030694$ & $0.036091$ & $-0.00573817$ & $-0.0111926$ & $-0.0129955$ & $0.0106988$ & $-0.0287458$ & $-0.0469502$ & $-0.0291553$ & $-0.0469689$ & $-0.0305016$ & $-0.0138742$ & $0.160427$ & $-0.120517$ & $0.107201$ & $-0.168348$ & $1$ & $0.0225164$ & $-0.00582528$ & $-0.04614$ & $0.0708477$ & $0.0956522$ & $0.0651357$ & $0.0609283$ & $0.000172167$ & $-0.0939257$ \\
eHZgaint & $-0.108766$ & $-0.0730652$ & $0.699038$ & $0.0901221$ & $0.000648226$ & $0.112295$ & $-0.0873277$ & $-0.0940461$ & $-0.0925122$ & $0.0392219$ & $0.0601308$ & $0.132871$ & $0.147327$ & $0.036102$ & $0.0998203$ & $0.0649869$ & $0.0185817$ & $-0.00487635$ & $0.017531$ & $-0.0461682$ & $-0.0745542$ & $-0.0749963$ & $-0.0424333$ & $0.111214$ & $-0.0300846$ & $0.0218682$ & $-0.278321$ & $-0.00890882$ & $0.0165723$ & $0.0938265$ & $0.0534206$ & $-0.0625328$ & $0.0542477$ & $-0.211653$ & $0.187219$ & $0.19281$ & $0.215736$ & $-0.0324893$ & $-0.0675143$ & $0.0225164$ & $1$ & $-0.063057$ & $-0.0281176$ & $0.276558$ & $-0.355304$ & $0.0953664$ & $-0.039438$ & $-0.50827$ & $-0.148735$ \\
eHZgapar & $-0.0468579$ & $-0.121346$ & $-0.0259666$ & $-0.140461$ & $-0.00592985$ & $0.0324724$ & $0.0595105$ & $-0.0314044$ & $-0.020015$ & $0.0381394$ & $0.0397017$ & $0.0309563$ & $0.0119744$ & $-0.0172003$ & $0.0317025$ & $0.0537825$ & $-0.0438842$ & $-0.040242$ & $-0.0565095$ & $-0.0341113$ & $-0.0486987$ & $-0.0518969$ & $0.0119134$ & $0.00833454$ & $-0.0525021$ & $-0.015015$ & $-0.120786$ & $-0.0384378$ & $0.00779696$ & $0.0204836$ & $-0.00394374$ & $0.0810077$ & $0.0207479$ & $-0.0797741$ & $-0.111912$ & $-0.0511974$ & $-0.00833224$ & $0.0841792$ & $0.140398$ & $-0.00582528$ & $-0.063057$ & $1$ & $0.0663692$ & $-0.0350068$ & $-0.0658851$ & $-0.171589$ & $-0.111603$ & $-0.0950557$ & $-0.032987$ \\
eHgagaint & $0.109091$ & $0.241113$ & $-0.0278211$ & $0.335742$ & $-0.0243767$ & $0.10919$ & $0.0920384$ & $-0.0973488$ & $-0.0754101$ & $0.105787$ & $0.13043$ & $-0.0131502$ & $-0.0828$ & $-0.0837701$ & $-0.0539268$ & $-0.0307262$ & $-0.114629$ & $-0.0598633$ & $-0.0777799$ & $-0.125441$ & $-0.133622$ & $-0.13741$ & $0.0065$ & $-0.00706136$ & $-0.0960887$ & $0.0858418$ & $-0.107985$ & $-0.0327622$ & $-0.0828954$ & $-0.047195$ & $-0.00174013$ & $0.0908239$ & $0.0139464$ & $-0.0695849$ & $-0.473369$ & $0.155036$ & $-0.239028$ & $0.0675314$ & $-0.00462062$ & $-0.04614$ & $-0.0281176$ & $0.0663692$ & $1$ & $0.175067$ & $0.188963$ & $-0.0446789$ & $0.138689$ & $-0.0643538$ & $0.373975$ \\
eHmumuint & $-0.350044$ & $0.0298512$ & $0.287078$ & $0.469891$ & $-0.00420221$ & $0.0547234$ & $0.111292$ & $-0.0966978$ & $-0.0982347$ & $0.0850561$ & $0.0989633$ & $-0.125925$ & $-0.162509$ & $-0.06279$ & $-0.00532741$ & $-0.0569157$ & $-0.0141525$ & $-0.0217585$ & $0.0118931$ & $-0.0935356$ & $-0.100977$ & $-0.105289$ & $-0.044397$ & $0.0593532$ & $-0.013446$ & $0.0897633$ & $-0.0913241$ & $-0.0133367$ & $-0.0585096$ & $-0.152133$ & $-0.10953$ & $0.0908467$ & $-0.1795$ & $-0.087141$ & $-0.0548975$ & $0.0779753$ & $0.00564962$ & $-0.0468203$ & $0.14481$ & $0.0708477$ & $0.276558$ & $-0.0350068$ & $0.175067$ & $1$ & $0.154192$ & $-0.137985$ & $-0.0267553$ & $-0.117471$ & $-0.0740995$ \\
eHtautauint & $-0.333056$ & $0.260459$ & $-0.448423$ & $0.367588$ & $-0.00157363$ & $-0.0658281$ & $-0.0393889$ & $0.196589$ & $0.192724$ & $-0.0810498$ & $-0.177684$ & $-0.0773777$ & $-0.0654303$ & $0.06924$ & $-0.0437963$ & $-0.0158228$ & $0.0173804$ & $0.0269095$ & $0.00587289$ & $0.161925$ & $0.196394$ & $0.188738$ & $0.0525817$ & $-0.107395$ & $0.0635541$ & $-0.114363$ & $0.325888$ & $0.0440341$ & $-0.00421179$ & $-0.0440347$ & $-0.0225587$ & $-0.0720892$ & $-0.00767909$ & $0.253492$ & $-0.413541$ & $0.158818$ & $-0.571916$ & $0.0852461$ & $-0.145566$ & $0.0956522$ & $-0.355304$ & $-0.0658851$ & $0.188963$ & $0.154192$ & $1$ & $-0.139508$ & $0.104065$ & $0.492508$ & $0.077228$ \\
eHccint & $0.400513$ & $0.257525$ & $0.0405252$ & $0.398979$ & $-0.00784672$ & $-0.102507$ & $-0.182022$ & $0.198275$ & $0.195167$ & $-0.0983078$ & $-0.128982$ & $0.170644$ & $0.192622$ & $-0.0367002$ & $0.0105367$ & $0.000264109$ & $-0.0786107$ & $-0.110931$ & $-0.104356$ & $0.117355$ & $0.142988$ & $0.143771$ & $0.0574577$ & $-0.186452$ & $-0.0592226$ & $-0.0748581$ & $0.287976$ & $0.121265$ & $-0.0160401$ & $0.157715$ & $0.178789$ & $-0.156877$ & $0.187102$ & $0.206403$ & $0.148621$ & $0.290196$ & $-0.119332$ & $-0.0567972$ & $-0.390185$ & $0.0651357$ & $0.0953664$ & $-0.171589$ & $-0.0446789$ & $-0.137985$ & $-0.139508$ & $1$ & $0.502544$ & $0.307295$ & $0.0927154$ \\
eHccpar & $0.187667$ & $0.195963$ & $-0.0745585$ & $0.569818$ & $0.000220835$ & $-0.0591607$ & $-0.109746$ & $0.139023$ & $0.144304$ & $-0.0136622$ & $-0.046128$ & $0.111123$ & $0.066102$ & $-0.108929$ & $-0.0727571$ & $-0.0566152$ & $-0.133243$ & $-0.123264$ & $-0.133557$ & $0.0330391$ & $0.0626928$ & $0.0643775$ & $0.0897429$ & $-0.200278$ & $-0.103411$ & $-0.0497407$ & $0.255462$ & $0.0465552$ & $-0.0523493$ & $0.0772129$ & $0.169858$ & $-0.10439$ & $0.1265$ & $0.221201$ & $-0.130126$ & $0.229875$ & $-0.351212$ & $-0.0696006$ & $-0.438967$ & $0.0609283$ & $-0.039438$ & $-0.111603$ & $0.138689$ & $-0.0267553$ & $0.104065$ & $0.502544$ & $1$ & $0.447838$ & $0.152212$ \\
eHbbint & $0.270227$ & $0.0361889$ & $-0.370677$ & $0.321976$ & $0.0138375$ & $-0.136695$ & $-0.103228$ & $0.17543$ & $0.174009$ & $-0.0768124$ & $-0.138112$ & $0.0338162$ & $0.0465699$ & $0.00315489$ & $-0.12534$ & $-0.0740057$ & $0.00472581$ & $0.0331263$ & $-0.000589784$ & $0.114939$ & $0.162176$ & $0.163668$ & $0.155657$ & $-0.140368$ & $0.0768472$ & $-0.128571$ & $0.452348$ & $0.0699406$ & $-0.0198283$ & $0.084791$ & $0.104096$ & $-0.104223$ & $0.125132$ & $0.326424$ & $0.0758212$ & $-0.22055$ & $-0.627765$ & $-0.0528944$ & $-0.372986$ & $0.000172167$ & $-0.50827$ & $-0.0950557$ & $-0.0643538$ & $-0.117471$ & $0.492508$ & $0.307295$ & $0.447838$ & $1$ & $0.00941966$ \\
eHbbpar & $0.246858$ & $0.203494$ & $-0.356383$ & $0.108598$ & $-0.0637316$ & $0.0403613$ & $0.0619255$ & $0.124583$ & $0.134772$ & $-0.0603825$ & $-0.0277705$ & $-0.0351301$ & $-0.0412483$ & $-0.0991633$ & $-0.144122$ & $-0.150384$ & $-0.157789$ & $-0.0961924$ & $-0.0931135$ & $0.00794024$ & $0.0509964$ & $0.0510671$ & $0.0660235$ & $-0.234081$ & $-0.0652899$ & $0.00915131$ & $0.352617$ & $0.034038$ & $-0.0332701$ & $0.0301449$ & $0.0350215$ & $0.0645207$ & $0.184146$ & $0.256947$ & $-0.355175$ & $0.153839$ & $0.0221637$ & $-0.0662573$ & $0.211341$ & $-0.0939257$ & $-0.148735$ & $-0.032987$ & $0.373975$ & $-0.0740995$ & $0.077228$ & $0.0927154$ & $0.152212$ & $0.00941966$ & $1$ \\
