 & AlsMz & dAle5Mz & mtop & mHl & Mz & CW & CHG & CHWB & CHWHB_gaga & CHWHB_gagaorth & CHD & CHbox & CH & CHL1_11 & CHL1_22 & CHL1_33 & CHL3_11 & CHL3_22 & CHL3_33 & CHe_11 & CHe_22 & CHe_33 & CHQ1_11 & CHQ1_33 & CHQ3_11 & CHu_11 & CHd_11 & CHd_33 & CeH_22r & CeH_33r & CuH_22r & CuH_33r & CdH_33r & CLL_1221 & eHggint & eHggpar & eHWWint & eHWWpar & eHZZint & eHZZpar & eHZgaint & eHZgapar & eHgagaint & eHmumuint & eHtautauint & eHccint & eHccpar & eHbbint & eHbbpar \\
AlsMz & $1$ & $0.327404$ & $-0.171873$ & $-0.266953$ & $-0.0157714$ & $-0.0645394$ & $-0.0918583$ & $0.0749711$ & $0.0493344$ & $-0.0103223$ & $-0.091604$ & $-0.0436468$ & $-0.00681085$ & $0.0436667$ & $-0.118011$ & $-0.155385$ & $0.0595735$ & $0.0877736$ & $0.117188$ & $0.0657781$ & $0.120085$ & $0.116551$ & $0.0977756$ & $-0.0427364$ & $0.136212$ & $-0.0865718$ & $0.350199$ & $0.0576191$ & $-0.0492163$ & $-0.0419831$ & $0.0179383$ & $-0.077513$ & $-0.0560993$ & $0.182833$ & $0.662619$ & $0.116177$ & $0.208261$ & $-0.110418$ & $0.251691$ & $-0.154997$ & $0.0841439$ & $0.136404$ & $-0.363397$ & $-0.0370631$ & $-0.296192$ & $-0.0845465$ & $0.267345$ & $0.275426$ & $-0.246446$ \\
dAle5Mz & $0.327404$ & $1$ & $-0.276082$ & $-0.442821$ & $-0.00262464$ & $-0.0742848$ & $0.0176326$ & $-0.111372$ & $-0.130542$ & $0.109566$ & $-0.0337638$ & $-0.0539979$ & $-0.0695918$ & $0.200697$ & $0.0732636$ & $0.0756961$ & $0.213611$ & $0.174921$ & $0.167396$ & $0.0511783$ & $0.0249095$ & $0.0175983$ & $-0.0553707$ & $0.1976$ & $0.11877$ & $-0.0519232$ & $-0.214743$ & $0.0165317$ & $-0.0121188$ & $-0.0151895$ & $0.0244249$ & $0.0368814$ & $-0.0518449$ & $-0.131956$ & $0.504909$ & $0.228517$ & $0.0598991$ & $-0.0865332$ & $-0.0204342$ & $-0.0142058$ & $-0.305886$ & $0.268296$ & $-0.604992$ & $-0.209968$ & $-0.138451$ & $-0.127784$ & $0.241031$ & $0.136383$ & $-0.220928$ \\
mtop & $-0.171873$ & $-0.276082$ & $1$ & $0.338644$ & $0.0070783$ & $0.0213346$ & $-0.0357968$ & $0.00936708$ & $0.0179922$ & $-0.0927948$ & $0.0888312$ & $-0.0262187$ & $-0.0340196$ & $-0.165296$ & $-0.0276305$ & $-0.036203$ & $-0.146314$ & $-0.133285$ & $-0.127154$ & $-0.0900729$ & $-0.0852654$ & $-0.0832998$ & $-0.0400294$ & $-0.121334$ & $-0.132413$ & $0.0927377$ & $0.00228403$ & $-0.061292$ & $0.0101226$ & $-0.00828712$ & $0.00104005$ & $-0.0568258$ & $-0.0501987$ & $0.0312464$ & $0.121813$ & $-0.298913$ & $-0.0613402$ & $0.0986143$ & $-0.0777332$ & $0.130875$ & $-0.132002$ & $0.0529557$ & $0.513011$ & $0.110133$ & $0.300887$ & $0.472018$ & $0.0843861$ & $0.0737822$ & $-0.304246$ \\
mHl & $-0.266953$ & $-0.442821$ & $0.338644$ & $1$ & $-0.0200772$ & $0.0140089$ & $0.0503605$ & $-0.138201$ & $-0.116887$ & $0.058429$ & $0.162452$ & $0.00556214$ & $-0.0842586$ & $-0.0757841$ & $-0.0412235$ & $-0.0381828$ & $-0.0521447$ & $-0.0131648$ & $-0.0152113$ & $-0.155652$ & $-0.170926$ & $-0.164481$ & $-0.0275963$ & $0.0292257$ & $-0.0321925$ & $0.10011$ & $-0.117463$ & $-0.102905$ & $-0.00668069$ & $0.0349224$ & $0.0474768$ & $0.0348552$ & $0.0278673$ & $-0.0893662$ & $-0.345861$ & $-0.300638$ & $-0.155194$ & $0.214763$ & $0.297055$ & $0.0351714$ & $0.0458214$ & $-0.0434297$ & $0.481658$ & $0.421801$ & $-0.0516474$ & $0.344646$ & $0.138635$ & $-0.00540211$ & $0.168536$ \\
Mz & $-0.0157714$ & $-0.00262464$ & $0.0070783$ & $-0.0200772$ & $1$ & $-0.0119839$ & $0.0112035$ & $0.00807245$ & $0.0109904$ & $-0.0237893$ & $-0.00273423$ & $-0.034116$ & $-0.0171863$ & $0.0150793$ & $0.00450693$ & $0.0253088$ & $0.00186663$ & $0.00425573$ & $-0.0115726$ & $0.0116786$ & $0.0114446$ & $0.0149034$ & $0.0143062$ & $0.000459493$ & $-0.00853646$ & $-0.0273581$ & $-0.0209638$ & $0.0026116$ & $0.00621876$ & $-0.0184392$ & $-0.00643975$ & $0.00730454$ & $0.00125253$ & $-0.000564588$ & $-0.0068427$ & $-0.00665706$ & $0.0196194$ & $-0.00184884$ & $-0.0122599$ & $0.0100739$ & $-0.00237384$ & $-0.0232869$ & $-0.012462$ & $-0.0209264$ & $0.0103338$ & $-0.0137217$ & $-0.0205156$ & $-0.012757$ & $0.0239202$ \\
CW & $-0.0645394$ & $-0.0742848$ & $0.0213346$ & $0.0140089$ & $-0.0119839$ & $1$ & $-0.00497079$ & $-0.0540229$ & $-0.0453877$ & $-0.0418659$ & $0.149992$ & $0.0695587$ & $0.0658983$ & $-0.0180504$ & $-0.0674844$ & $-0.0773722$ & $-0.283447$ & $-0.107393$ & $-0.0989197$ & $-0.148039$ & $-0.151651$ & $-0.15292$ & $-0.0144813$ & $-0.0591654$ & $-0.118014$ & $0.109023$ & $-0.00231461$ & $-0.0578494$ & $-0.0470655$ & $-0.0102432$ & $-0.0396514$ & $-0.00624316$ & $0.00104409$ & $-0.0744109$ & $-0.0426841$ & $-0.0473266$ & $0.0347809$ & $0.0250371$ & $-0.0148941$ & $0.0225098$ & $0.0199699$ & $-0.0523533$ & $0.0214427$ & $0.0297869$ & $0.0434099$ & $-0.0144307$ & $-0.0446954$ & $-0.0173002$ & $0.0395697$ \\
CHG & $-0.0918583$ & $0.0176326$ & $-0.0357968$ & $0.0503605$ & $0.0112035$ & $-0.00497079$ & $1$ & $-0.166896$ & $-0.110999$ & $0.11584$ & $0.0804609$ & $-0.191246$ & $-0.265019$ & $0.102232$ & $-0.0344693$ & $-0.0192758$ & $0.131762$ & $0.155171$ & $0.142663$ & $-0.0752608$ & $-0.0872561$ & $-0.0858887$ & $-0.0299477$ & $0.170354$ & $0.140928$ & $0.0589944$ & $-0.0844765$ & $-0.0602787$ & $-0.0252069$ & $-0.151647$ & $-0.0956239$ & $0.933686$ & $-0.238643$ & $-0.100209$ & $-0.0539429$ & $0.00391365$ & $0.114703$ & $-0.0349802$ & $0.0131896$ & $0.0170062$ & $-0.00248238$ & $-0.0113418$ & $0.0266827$ & $0.0191538$ & $0.00827445$ & $-0.0953536$ & $-0.0195859$ & $-0.144275$ & $0.0907752$ \\
CHWB & $0.0749711$ & $-0.111372$ & $0.00936708$ & $-0.138201$ & $0.00807245$ & $-0.0540229$ & $-0.166896$ & $1$ & $0.979739$ & $-0.563367$ & $-0.824453$ & $0.029372$ & $0.326198$ & $0.0357539$ & $0.364172$ & $0.339417$ & $-0.25892$ & $-0.46216$ & $-0.439472$ & $0.796614$ & $0.842603$ & $0.824929$ & $-0.0349364$ & $-0.630898$ & $-0.474083$ & $-0.410226$ & $0.24955$ & $0.26183$ & $0.0331369$ & $0.119152$ & $0.0451515$ & $-0.171236$ & $0.133795$ & $0.455002$ & $0.0280777$ & $0.0904601$ & $-0.0874676$ & $-0.0105596$ & $-0.0605852$ & $-0.00574483$ & $0.0203487$ & $0.0670487$ & $0.0310288$ & $-0.135532$ & $-0.145702$ & $-0.0757158$ & $0.062501$ & $0.0110087$ & $-0.093877$ \\
CHWHB_gaga & $0.0493344$ & $-0.130542$ & $0.0179922$ & $-0.116887$ & $0.0109904$ & $-0.0453877$ & $-0.110999$ & $0.979739$ & $1$ & $-0.548535$ & $-0.801069$ & $0.0553914$ & $0.332441$ & $0.0261025$ & $0.354585$ & $0.331311$ & $-0.266409$ & $-0.461524$ & $-0.439786$ & $0.774315$ & $0.818934$ & $0.802224$ & $-0.0363941$ & $-0.624789$ & $-0.47257$ & $-0.394231$ & $0.245519$ & $0.250363$ & $0.0393102$ & $0.144741$ & $0.0571437$ & $-0.125608$ & $0.160942$ & $0.445846$ & $0.00067337$ & $0.0828636$ & $-0.0839922$ & $-0.0094006$ & $-0.0615801$ & $-0.00216778$ & $0.0295482$ & $0.0653954$ & $0.0536643$ & $-0.12482$ & $-0.133776$ & $-0.0707924$ & $0.0542594$ & $-0.000497818$ & $-0.0929404$ \\
CHWHB_gagaorth & $-0.0103223$ & $0.109566$ & $-0.0927948$ & $0.058429$ & $-0.0237893$ & $-0.0418659$ & $0.11584$ & $-0.563367$ & $-0.548535$ & $1$ & $0.28962$ & $0.283153$ & $-0.243969$ & $0.263507$ & $-0.162564$ & $-0.152139$ & $0.447022$ & $0.510786$ & $0.495326$ & $-0.279105$ & $-0.303148$ & $-0.303104$ & $0.0212145$ & $0.544705$ & $0.516077$ & $0.120043$ & $-0.142941$ & $-0.0605297$ & $-0.0146986$ & $-0.148242$ & $-0.0319143$ & $0.140951$ & $-0.152469$ & $-0.280688$ & $-0.0511724$ & $-0.0285313$ & $-0.00458647$ & $-0.0301226$ & $0.052103$ & $0.00998074$ & $-0.0206616$ & $-0.00750812$ & $-0.0397856$ & $0.101862$ & $0.0722437$ & $0.0856377$ & $0.013045$ & $0.0829355$ & $0.075332$ \\
CHD & $-0.091604$ & $-0.0337638$ & $0.0888312$ & $0.162452$ & $-0.00273423$ & $0.149992$ & $0.0804609$ & $-0.824453$ & $-0.801069$ & $0.28962$ & $1$ & $0.184612$ & $-0.0599338$ & $-0.546551$ & $-0.49216$ & $-0.452244$ & $-0.298808$ & $-0.00822183$ & $-0.0344155$ & $-0.990193$ & $-0.990793$ & $-0.964219$ & $0.0586553$ & $0.156562$ & $-0.0228055$ & $0.519466$ & $-0.10089$ & $-0.308254$ & $-0.00988814$ & $-0.030319$ & $-0.0390266$ & $0.0940774$ & $-0.0524974$ & $-0.209007$ & $-0.0432548$ & $-0.110623$ & $0.123195$ & $0.0759037$ & $0.0916414$ & $-0.00510847$ & $0.0417066$ & $-0.113032$ & $0.049057$ & $0.141768$ & $0.145371$ & $0.0661419$ & $-0.0947144$ & $-0.128869$ & $0.0212216$ \\
CHbox & $-0.0436468$ & $-0.0539979$ & $-0.0262187$ & $0.00556214$ & $-0.034116$ & $0.0695587$ & $-0.191246$ & $0.029372$ & $0.0553914$ & $0.283153$ & $0.184612$ & $1$ & $0.687917$ & $-0.367992$ & $-0.0293302$ & $-0.0079285$ & $-0.360192$ & $-0.320815$ & $-0.333137$ & $-0.171697$ & $-0.183367$ & $-0.180704$ & $-0.0387739$ & $-0.2372$ & $-0.328973$ & $0.127782$ & $-0.0287607$ & $-0.0310751$ & $0.0419554$ & $0.343595$ & $0.108623$ & $-0.0969829$ & $0.44741$ & $0.0402521$ & $-0.055574$ & $-0.0206327$ & $0.0527629$ & $0.0586696$ & $0.0747521$ & $-0.00566524$ & $0.0550608$ & $-0.0689807$ & $-0.0210444$ & $-0.0501635$ & $0.0604663$ & $0.0640197$ & $-0.0705821$ & $-0.143279$ & $-0.0850467$ \\
CH & $-0.00681085$ & $-0.0695918$ & $-0.0340196$ & $-0.0842586$ & $-0.0171863$ & $0.0658983$ & $-0.265019$ & $0.326198$ & $0.332441$ & $-0.243969$ & $-0.0599338$ & $0.687917$ & $1$ & $-0.340265$ & $0.0580402$ & $0.0722267$ & $-0.437894$ & $-0.445765$ & $-0.449209$ & $0.0572173$ & $0.0702153$ & $0.0680766$ & $-0.0522499$ & $-0.434744$ & $-0.463668$ & $0.00795474$ & $0.0597637$ & $0.0258772$ & $0.050317$ & $0.289892$ & $0.0991901$ & $-0.213353$ & $0.379105$ & $0.191846$ & $-0.0174347$ & $0.0423609$ & $0.0424513$ & $0.0376961$ & $0.0331247$ & $0.0180637$ & $0.0504387$ & $-0.0430761$ & $-0.0220661$ & $-0.12673$ & $0.00578093$ & $-0.0079749$ & $-0.0654925$ & $-0.130918$ & $-0.14313$ \\
CHL1_11 & $0.0436667$ & $0.200697$ & $-0.165296$ & $-0.0757841$ & $0.0150793$ & $-0.0180504$ & $0.102232$ & $0.0357539$ & $0.0261025$ & $0.263507$ & $-0.546551$ & $-0.367992$ & $-0.340265$ & $1$ & $0.277786$ & $0.235039$ & $0.715163$ & $0.648264$ & $0.666389$ & $0.559128$ & $0.512494$ & $0.488383$ & $-0.0535545$ & $0.567002$ & $0.659885$ & $-0.301525$ & $-0.1492$ & $0.15987$ & $-0.0296782$ & $-0.123088$ & $-0.00468826$ & $0.0800467$ & $-0.101079$ & $-0.287072$ & $0.0217166$ & $0.0650336$ & $-0.0883002$ & $-0.119232$ & $-0.0824036$ & $0.01081$ & $-0.0967213$ & $0.112618$ & $-0.1166$ & $-0.0381204$ & $-0.0578694$ & $-0.00921067$ & $0.0790404$ & $0.213274$ & $0.0986082$ \\
CHL1_22 & $-0.118011$ & $0.0732636$ & $-0.0276305$ & $-0.0412235$ & $0.00450693$ & $-0.0674844$ & $-0.0344693$ & $0.364172$ & $0.354585$ & $-0.162564$ & $-0.49216$ & $-0.0293302$ & $0.0580402$ & $0.277786$ & $1$ & $0.420671$ & $0.161875$ & $-0.412532$ & $-0.00137679$ & $0.548925$ & $0.413398$ & $0.398241$ & $-0.161864$ & $0.0871875$ & $-0.0848423$ & $-0.209075$ & $-0.396638$ & $0.0924986$ & $-0.0260035$ & $0.0545437$ & $0.0372709$ & $-0.0258183$ & $0.0726466$ & $-0.63197$ & $0.0220478$ & $-0.139275$ & $-0.0226866$ & $0.0362163$ & $-0.0715053$ & $0.00247158$ & $-0.123096$ & $-0.0178517$ & $-0.112716$ & $-0.144575$ & $0.0705493$ & $0.0271071$ & $-0.0459151$ & $-0.0516384$ & $0.0534591$ \\
CHL1_33 & $-0.155385$ & $0.0756961$ & $-0.036203$ & $-0.0381828$ & $0.0253088$ & $-0.0773722$ & $-0.0192758$ & $0.339417$ & $0.331311$ & $-0.152139$ & $-0.452244$ & $-0.0079285$ & $0.0722267$ & $0.235039$ & $0.420671$ & $1$ & $0.144678$ & $-0.0223754$ & $-0.409776$ & $0.510741$ & $0.376013$ & $0.394864$ & $-0.152171$ & $0.0728563$ & $-0.108746$ & $-0.194903$ & $-0.420168$ & $0.0896749$ & $-0.0149951$ & $0.0470487$ & $0.0185165$ & $-0.0152141$ & $0.0598369$ & $-0.0740705$ & $0.0299943$ & $-0.0940535$ & $-0.0666064$ & $0.0846211$ & $-0.0192513$ & $0.0377131$ & $-0.141482$ & $-0.0474122$ & $-0.150956$ & $-0.181633$ & $0.0628848$ & $0.0321362$ & $-0.0353379$ & $-0.0805822$ & $0.0614953$ \\
CHL3_11 & $0.0595735$ & $0.213611$ & $-0.146314$ & $-0.0521447$ & $0.00186663$ & $-0.283447$ & $0.131762$ & $-0.25892$ & $-0.266409$ & $0.447022$ & $-0.298808$ & $-0.360192$ & $-0.437894$ & $0.715163$ & $0.161875$ & $0.144678$ & $1$ & $0.772578$ & $0.774819$ & $0.315083$ & $0.270826$ & $0.258357$ & $-0.00911315$ & $0.730243$ & $0.817757$ & $-0.201767$ & $-0.15648$ & $0.0891314$ & $-0.0277286$ & $-0.139297$ & $-0.00651749$ & $0.117254$ & $-0.135911$ & $-0.263181$ & $0.0271699$ & $0.0651525$ & $-0.0651068$ & $-0.116715$ & $-0.043159$ & $0.020215$ & $-0.0773766$ & $0.0854465$ & $-0.102523$ & $-0.00155579$ & $-0.015612$ & $0.00497434$ & $0.063896$ & $0.201323$ & $0.0933875$ \\
CHL3_22 & $0.0877736$ & $0.174921$ & $-0.133285$ & $-0.0131648$ & $0.00425573$ & $-0.107393$ & $0.155171$ & $-0.46216$ & $-0.461524$ & $0.510786$ & $-0.00822183$ & $-0.320815$ & $-0.445765$ & $0.648264$ & $-0.412532$ & $-0.0223754$ & $0.772578$ & $1$ & $0.709394$ & $0.00560572$ & $0.0135729$ & $0.0107608$ & $0.0572901$ & $0.678162$ & $0.818983$ & $-0.0614922$ & $0.00348631$ & $0.0262669$ & $-0.0205272$ & $-0.170389$ & $-0.032533$ & $0.134046$ & $-0.169779$ & $0.0360641$ & $0.00584743$ & $0.115528$ & $-0.0506027$ & $-0.120328$ & $-0.0071111$ & $0.0171869$ & $-0.0251038$ & $0.0843518$ & $-0.05491$ & $0.073057$ & $-0.0427362$ & $0.000520256$ & $0.0785553$ & $0.214887$ & $0.0832643$ \\
CHL3_33 & $0.117188$ & $0.167396$ & $-0.127154$ & $-0.0152113$ & $-0.0115726$ & $-0.0989197$ & $0.142663$ & $-0.439472$ & $-0.439786$ & $0.495326$ & $-0.0344155$ & $-0.333137$ & $-0.449209$ & $0.666389$ & $-0.00137679$ & $-0.409776$ & $0.774819$ & $0.709394$ & $1$ & $0.0302564$ & $0.0393952$ & $0.0348866$ & $0.0519154$ & $0.679866$ & $0.829627$ & $-0.0701285$ & $0.0298339$ & $0.0306584$ & $-0.0252022$ & $-0.164618$ & $-0.0180461$ & $0.124419$ & $-0.158529$ & $-0.358077$ & $0.00202677$ & $0.0883454$ & $-0.0175696$ & $-0.155793$ & $-0.0402808$ & $-0.00677246$ & $-0.00955958$ & $0.10573$ & $-0.0245733$ & $0.098184$ & $-0.0418002$ & $-0.00702748$ & $0.0707233$ & $0.233687$ & $0.0789834$ \\
CHe_11 & $0.0657781$ & $0.0511783$ & $-0.0900729$ & $-0.155652$ & $0.0116786$ & $-0.148039$ & $-0.0752608$ & $0.796614$ & $0.774315$ & $-0.279105$ & $-0.990193$ & $-0.171697$ & $0.0572173$ & $0.559128$ & $0.548925$ & $0.510741$ & $0.315083$ & $0.00560572$ & $0.0302564$ & $1$ & $0.972243$ & $0.9465$ & $-0.0755001$ & $-0.109706$ & $0.0332097$ & $-0.510776$ & $0.0315239$ & $0.298574$ & $0.00459925$ & $0.0315482$ & $0.0397099$ & $-0.0877483$ & $0.0550569$ & $0.132624$ & $0.0430714$ & $0.0878434$ & $-0.122074$ & $-0.0649098$ & $-0.0926344$ & $0.00775571$ & $-0.058807$ & $0.103614$ & $-0.0663186$ & $-0.151637$ & $-0.126489$ & $-0.0558852$ & $0.0853614$ & $0.117595$ & $-0.00807138$ \\
CHe_22 & $0.120085$ & $0.0249095$ & $-0.0852654$ & $-0.170926$ & $0.0114446$ & $-0.151651$ & $-0.0872561$ & $0.842603$ & $0.818934$ & $-0.303148$ & $-0.990793$ & $-0.183367$ & $0.0702153$ & $0.512494$ & $0.413398$ & $0.376013$ & $0.270826$ & $0.0135729$ & $0.0393952$ & $0.972243$ & $1$ & $0.969024$ & $-0.0379334$ & $-0.208356$ & $0.0100093$ & $-0.521747$ & $0.178371$ & $0.314112$ & $0.0160803$ & $0.030135$ & $0.0383099$ & $-0.102249$ & $0.0506089$ & $0.296917$ & $0.0462092$ & $0.139404$ & $-0.124098$ & $-0.0869621$ & $-0.0900125$ & $0.00300642$ & $-0.0247759$ & $0.127643$ & $-0.0323816$ & $-0.129924$ & $-0.168654$ & $-0.0781635$ & $0.109041$ & $0.142074$ & $-0.0379173$ \\
CHe_33 & $0.116551$ & $0.0175983$ & $-0.0832998$ & $-0.164481$ & $0.0149034$ & $-0.15292$ & $-0.0858887$ & $0.824929$ & $0.802224$ & $-0.303104$ & $-0.964219$ & $-0.180704$ & $0.0680766$ & $0.488383$ & $0.398241$ & $0.394864$ & $0.258357$ & $0.0107608$ & $0.0348866$ & $0.9465$ & $0.969024$ & $1$ & $-0.0366932$ & $-0.207349$ & $0.0067312$ & $-0.506469$ & $0.18183$ & $0.306818$ & $0.016802$ & $0.0270937$ & $0.0380476$ & $-0.1022$ & $0.0469541$ & $0.301461$ & $0.0442768$ & $0.140843$ & $-0.119219$ & $-0.0788036$ & $-0.0815998$ & $0.00481392$ & $-0.0248147$ & $0.125906$ & $-0.0279969$ & $-0.12768$ & $-0.164789$ & $-0.0823758$ & $0.104738$ & $0.132923$ & $-0.0327616$ \\
CHQ1_11 & $0.0977756$ & $-0.0553707$ & $-0.0400294$ & $-0.0275963$ & $0.0143062$ & $-0.0144813$ & $-0.0299477$ & $-0.0349364$ & $-0.0363941$ & $0.0212145$ & $0.0586553$ & $-0.0387739$ & $-0.0522499$ & $-0.0535545$ & $-0.161864$ & $-0.152171$ & $-0.00911315$ & $0.0572901$ & $0.0519154$ & $-0.0755001$ & $-0.0379334$ & $-0.0366932$ & $1$ & $-0.0445848$ & $0.101575$ & $-0.675542$ & $0.27725$ & $0.0179468$ & $0.0018141$ & $-0.0251413$ & $-0.0106247$ & $-0.0387511$ & $-0.0295063$ & $0.127345$ & $0.0144873$ & $0.174732$ & $-0.0777552$ & $-0.0504324$ & $-0.0405287$ & $-0.0097761$ & $0.0523227$ & $0.0261943$ & $0.0134745$ & $0.0281757$ & $-0.0786826$ & $-0.0646458$ & $0.0491772$ & $0.132664$ & $-0.00266191$ \\
CHQ1_33 & $-0.0427364$ & $0.1976$ & $-0.121334$ & $0.0292257$ & $0.000459493$ & $-0.0591654$ & $0.170354$ & $-0.630898$ & $-0.624789$ & $0.544705$ & $0.156562$ & $-0.2372$ & $-0.434744$ & $0.567002$ & $0.0871875$ & $0.0728563$ & $0.730243$ & $0.678162$ & $0.679866$ & $-0.109706$ & $-0.208356$ & $-0.207349$ & $-0.0445848$ & $1$ & $0.73433$ & $0.0662741$ & $-0.299446$ & $0.02215$ & $-0.0539075$ & $-0.139791$ & $-0.0239864$ & $0.162175$ & $-0.143069$ & $-0.568858$ & $-0.0091128$ & $-0.0114041$ & $0.000212418$ & $-0.0599113$ & $0.00515721$ & $0.0301196$ & $-0.0735898$ & $0.0212601$ & $-0.106085$ & $0.0512471$ & $0.0735072$ & $0.0366133$ & $-0.00659967$ & $0.109338$ & $0.126833$ \\
CHQ3_11 & $0.136212$ & $0.11877$ & $-0.132413$ & $-0.0321925$ & $-0.00853646$ & $-0.118014$ & $0.140928$ & $-0.474083$ & $-0.47257$ & $0.516077$ & $-0.0228055$ & $-0.328973$ & $-0.463668$ & $0.659885$ & $-0.0848423$ & $-0.108746$ & $0.817757$ & $0.818983$ & $0.829627$ & $0.0332097$ & $0.0100093$ & $0.0067312$ & $0.101575$ & $0.73433$ & $1$ & $-0.0584345$ & $0.178407$ & $0.0194485$ & $-0.0143175$ & $-0.178657$ & $-0.0479935$ & $0.114897$ & $-0.178526$ & $-0.279375$ & $-0.00833338$ & $0.171417$ & $-0.0264888$ & $-0.141869$ & $-0.0363664$ & $0.00979768$ & $0.0251807$ & $0.113582$ & $0.0319239$ & $0.112103$ & $-0.0604926$ & $-0.0267212$ & $0.0687726$ & $0.25998$ & $0.0724024$ \\
CHu_11 & $-0.0865718$ & $-0.0519232$ & $0.0927377$ & $0.10011$ & $-0.0273581$ & $0.109023$ & $0.0589944$ & $-0.410226$ & $-0.394231$ & $0.120043$ & $0.519466$ & $0.127782$ & $0.00795474$ & $-0.301525$ & $-0.209075$ & $-0.194903$ & $-0.201767$ & $-0.0614922$ & $-0.0701285$ & $-0.510776$ & $-0.521747$ & $-0.506469$ & $-0.675542$ & $0.0662741$ & $-0.0584345$ & $1$ & $-0.0459627$ & $-0.183623$ & $0.0157681$ & $-0.0121785$ & $-0.0437414$ & $0.065824$ & $-0.0250733$ & $-0.14669$ & $-0.0673963$ & $-0.118173$ & $0.153552$ & $0.0681166$ & $0.0760924$ & $0.0200646$ & $0.045105$ & $-0.0559319$ & $0.12357$ & $0.0998776$ & $0.11154$ & $0.0459632$ & $-0.0942607$ & $-0.15317$ & $-0.0225453$ \\
CHd_11 & $0.350199$ & $-0.214743$ & $0.00228403$ & $-0.117463$ & $-0.0209638$ & $-0.00231461$ & $-0.0844765$ & $0.24955$ & $0.245519$ & $-0.142941$ & $-0.10089$ & $-0.0287607$ & $0.0597637$ & $-0.1492$ & $-0.396638$ & $-0.420168$ & $-0.15648$ & $0.00348631$ & $0.0298339$ & $0.0315239$ & $0.178371$ & $0.18183$ & $0.27725$ & $-0.299446$ & $0.178407$ & $-0.0459627$ & $1$ & $0.0722785$ & $0.0580443$ & $-0.0221786$ & $-0.0416925$ & $-0.11029$ & $-0.0369934$ & $0.563714$ & $0.00377454$ & $0.372713$ & $0.00884079$ & $-0.119644$ & $0.0016245$ & $-0.0133544$ & $0.251274$ & $0.1586$ & $0.283027$ & $0.15067$ & $-0.253436$ & $-0.154789$ & $0.113824$ & $0.202573$ & $-0.166404$ \\
CHd_33 & $0.0576191$ & $0.0165317$ & $-0.061292$ & $-0.102905$ & $0.0026116$ & $-0.0578494$ & $-0.0602787$ & $0.26183$ & $0.250363$ & $-0.0605297$ & $-0.308254$ & $-0.0310751$ & $0.0258772$ & $0.15987$ & $0.0924986$ & $0.0896749$ & $0.0891314$ & $0.0262669$ & $0.0306584$ & $0.298574$ & $0.314112$ & $0.306818$ & $0.0179468$ & $0.02215$ & $0.0194485$ & $-0.183623$ & $0.0722785$ & $1$ & $-0.00724521$ & $0.0205683$ & $0.00889058$ & $-0.0629973$ & $0.0181064$ & $0.126098$ & $0.0124286$ & $0.0827238$ & $-0.04886$ & $-0.0912842$ & $-0.0344646$ & $-0.0369741$ & $0.0123482$ & $0.0274763$ & $-0.0652439$ & $-0.0556986$ & $-0.0661758$ & $-0.0472$ & $0.0334305$ & $0.0372161$ & $0.0447588$ \\
CeH_22r & $-0.0492163$ & $-0.0121188$ & $0.0101226$ & $-0.00668069$ & $0.00621876$ & $-0.0470655$ & $-0.0252069$ & $0.0331369$ & $0.0393102$ & $-0.0146986$ & $-0.00988814$ & $0.0419554$ & $0.050317$ & $-0.0296782$ & $-0.0260035$ & $-0.0149951$ & $-0.0277286$ & $-0.0205272$ & $-0.0252022$ & $0.00459925$ & $0.0160803$ & $0.016802$ & $0.0018141$ & $-0.0539075$ & $-0.0143175$ & $0.0157681$ & $0.0580443$ & $-0.00724521$ & $1$ & $0.0497844$ & $0.0190963$ & $-0.0440463$ & $0.0376557$ & $0.0520167$ & $-0.053143$ & $0.0420696$ & $-0.0188467$ & $0.045163$ & $0.00246724$ & $0.018898$ & $-0.01918$ & $0.0123467$ & $0.0646437$ & $-0.040512$ & $-0.0331308$ & $-0.0193081$ & $-0.00545786$ & $-0.004116$ & $-0.0683406$ \\
CeH_33r & $-0.0419831$ & $-0.0151895$ & $-0.00828712$ & $0.0349224$ & $-0.0184392$ & $-0.0102432$ & $-0.151647$ & $0.119152$ & $0.144741$ & $-0.148242$ & $-0.030319$ & $0.343595$ & $0.289892$ & $-0.123088$ & $0.0545437$ & $0.0470487$ & $-0.139297$ & $-0.170389$ & $-0.164618$ & $0.0315482$ & $0.030135$ & $0.0270937$ & $-0.0251413$ & $-0.139791$ & $-0.178657$ & $-0.0121785$ & $-0.0221786$ & $0.0205683$ & $0.0497844$ & $1$ & $0.335153$ & $-0.00168803$ & $0.737578$ & $0.0466327$ & $-0.0716955$ & $-0.025068$ & $-0.0114705$ & $-0.000840625$ & $-0.0099523$ & $-0.0154258$ & $0.0975282$ & $0.0268173$ & $-0.0508522$ & $-0.0297829$ & $0.0334312$ & $0.0601963$ & $-0.00237142$ & $-0.0318075$ & $-0.0437216$ \\
CuH_22r & $0.0179383$ & $0.0244249$ & $0.00104005$ & $0.0474768$ & $-0.00643975$ & $-0.0396514$ & $-0.0956239$ & $0.0451515$ & $0.0571437$ & $-0.0319143$ & $-0.0390266$ & $0.108623$ & $0.0991901$ & $-0.00468826$ & $0.0372709$ & $0.0185165$ & $-0.00651749$ & $-0.032533$ & $-0.0180461$ & $0.0397099$ & $0.0383099$ & $0.0380476$ & $-0.0106247$ & $-0.0239864$ & $-0.0479935$ & $-0.0437414$ & $-0.0416925$ & $0.00889058$ & $0.0190963$ & $0.335153$ & $1$ & $-0.00696144$ & $0.386644$ & $0.00433481$ & $-0.0304166$ & $-0.06336$ & $-0.110539$ & $0.0348717$ & $0.0540797$ & $-0.0188482$ & $0.065886$ & $0.0369084$ & $-0.0533276$ & $0.0525855$ & $-0.0198645$ & $0.12946$ & $0.135923$ & $0.0727971$ & $-0.0801336$ \\
CuH_33r & $-0.077513$ & $0.0368814$ & $-0.0568258$ & $0.0348552$ & $0.00730454$ & $-0.00624316$ & $0.933686$ & $-0.171236$ & $-0.125608$ & $0.140951$ & $0.0940774$ & $-0.0969829$ & $-0.213353$ & $0.0800467$ & $-0.0258183$ & $-0.0152141$ & $0.117254$ & $0.134046$ & $0.124419$ & $-0.0877483$ & $-0.102249$ & $-0.1022$ & $-0.0387511$ & $0.162175$ & $0.114897$ & $0.065824$ & $-0.11029$ & $-0.0629973$ & $-0.0440463$ & $-0.00168803$ & $-0.00696144$ & $1$ & $-0.039792$ & $-0.109877$ & $-0.0289609$ & $0.0170597$ & $0.141642$ & $-0.0395231$ & $0.0255634$ & $0.00142589$ & $-0.00582612$ & $-0.0118993$ & $-0.00281958$ & $-0.0169013$ & $0.00863547$ & $-0.100723$ & $-0.0293561$ & $-0.175677$ & $0.0904196$ \\
CdH_33r & $-0.0560993$ & $-0.0518449$ & $-0.0501987$ & $0.0278673$ & $0.00125253$ & $0.00104409$ & $-0.238643$ & $0.133795$ & $0.160942$ & $-0.152469$ & $-0.0524974$ & $0.44741$ & $0.379105$ & $-0.101079$ & $0.0726466$ & $0.0598369$ & $-0.135911$ & $-0.169779$ & $-0.158529$ & $0.0550569$ & $0.0506089$ & $0.0469541$ & $-0.0295063$ & $-0.143069$ & $-0.178526$ & $-0.0250733$ & $-0.0369934$ & $0.0181064$ & $0.0376557$ & $0.737578$ & $0.386644$ & $-0.039792$ & $1$ & $0.0340901$ & $-0.0889844$ & $-0.0164161$ & $-0.00855827$ & $-0.0144509$ & $-0.0249879$ & $-0.0545959$ & $0.0909554$ & $-0.00947815$ & $-0.0433011$ & $-0.0512066$ & $0.00831112$ & $0.0495824$ & $-0.0341609$ & $-0.0408617$ & $0.0231636$ \\
CLL_1221 & $0.182833$ & $-0.131956$ & $0.0312464$ & $-0.0893662$ & $-0.000564588$ & $-0.0744109$ & $-0.100209$ & $0.455002$ & $0.445846$ & $-0.280688$ & $-0.209007$ & $0.0402521$ & $0.191846$ & $-0.287072$ & $-0.63197$ & $-0.0740705$ & $-0.263181$ & $0.0360641$ & $-0.358077$ & $0.132624$ & $0.296917$ & $0.301461$ & $0.127345$ & $-0.568858$ & $-0.279375$ & $-0.14669$ & $0.563714$ & $0.126098$ & $0.0520167$ & $0.0466327$ & $0.00433481$ & $-0.109877$ & $0.0340901$ & $1$ & $0.019963$ & $0.211886$ & $-0.0511894$ & $-0.041906$ & $0.0239577$ & $-0.00404119$ & $0.123934$ & $0.0763428$ & $0.114889$ & $0.0173611$ & $-0.180873$ & $-0.0884038$ & $0.098691$ & $0.0571151$ & $-0.137268$ \\
eHggint & $0.662619$ & $0.504909$ & $0.121813$ & $-0.345861$ & $-0.0068427$ & $-0.0426841$ & $-0.0539429$ & $0.0280777$ & $0.00067337$ & $-0.0511724$ & $-0.0432548$ & $-0.055574$ & $-0.0174347$ & $0.0217166$ & $0.0220478$ & $0.0299943$ & $0.0271699$ & $0.00584743$ & $0.00202677$ & $0.0430714$ & $0.0462092$ & $0.0442768$ & $0.0144873$ & $-0.0091128$ & $-0.00833338$ & $-0.0673963$ & $0.00377454$ & $0.0124286$ & $-0.053143$ & $-0.0716955$ & $-0.0304166$ & $-0.0289609$ & $-0.0889844$ & $0.019963$ & $1$ & $0.122067$ & $0.198221$ & $-0.0685872$ & $0.24744$ & $-0.0048642$ & $-0.373499$ & $0.00378813$ & $-0.285673$ & $-0.313936$ & $-0.176177$ & $-0.0905522$ & $0.200633$ & $0.00256231$ & $-0.251191$ \\
eHggpar & $0.116177$ & $0.228517$ & $-0.298913$ & $-0.300638$ & $-0.00665706$ & $-0.0473266$ & $0.00391365$ & $0.0904601$ & $0.0828636$ & $-0.0285313$ & $-0.110623$ & $-0.0206327$ & $0.0423609$ & $0.0650336$ & $-0.139275$ & $-0.0940535$ & $0.0651525$ & $0.115528$ & $0.0883454$ & $0.0878434$ & $0.139404$ & $0.140843$ & $0.174732$ & $-0.0114041$ & $0.171417$ & $-0.118173$ & $0.372713$ & $0.0827238$ & $0.0420696$ & $-0.025068$ & $-0.06336$ & $0.0170597$ & $-0.0164161$ & $0.211886$ & $0.122067$ & $1$ & $0.177811$ & $-0.145461$ & $-0.0670954$ & $0.0102921$ & $-0.0904669$ & $0.152999$ & $-0.0617532$ & $-0.234792$ & $-0.182956$ & $-0.481428$ & $-0.136687$ & $-0.129988$ & $0.00768389$ \\
eHWWint & $0.208261$ & $0.0598991$ & $-0.0613402$ & $-0.155194$ & $0.0196194$ & $0.0347809$ & $0.114703$ & $-0.0874676$ & $-0.0839922$ & $-0.00458647$ & $0.123195$ & $0.0527629$ & $0.0424513$ & $-0.0883002$ & $-0.0226866$ & $-0.0666064$ & $-0.0651068$ & $-0.0506027$ & $-0.0175696$ & $-0.122074$ & $-0.124098$ & $-0.119219$ & $-0.0777552$ & $0.000212418$ & $-0.0264888$ & $0.153552$ & $0.00884079$ & $-0.04886$ & $-0.0188467$ & $-0.0114705$ & $-0.110539$ & $0.141642$ & $-0.00855827$ & $-0.0511894$ & $0.198221$ & $0.177811$ & $1$ & $-0.0977993$ & $-0.0580036$ & $-0.00968088$ & $-0.0364317$ & $0.0104687$ & $-0.0180662$ & $-0.369681$ & $0.140927$ & $-0.503906$ & $-0.619908$ & $-0.510644$ & $0.140502$ \\
eHWWpar & $-0.110418$ & $-0.0865332$ & $0.0986143$ & $0.214763$ & $-0.00184884$ & $0.0250371$ & $-0.0349802$ & $-0.0105596$ & $-0.0094006$ & $-0.0301226$ & $0.0759037$ & $0.0586696$ & $0.0376961$ & $-0.119232$ & $0.0362163$ & $0.0846211$ & $-0.116715$ & $-0.120328$ & $-0.155793$ & $-0.0649098$ & $-0.0869621$ & $-0.0788036$ & $-0.0504324$ & $-0.0599113$ & $-0.141869$ & $0.0681166$ & $-0.119644$ & $-0.0912842$ & $0.045163$ & $-0.000840625$ & $0.0348717$ & $-0.0395231$ & $-0.0144509$ & $-0.041906$ & $-0.0685872$ & $-0.145461$ & $-0.0977993$ & $1$ & $0.111843$ & $0.0894839$ & $-0.0708128$ & $-0.0987134$ & $0.063397$ & $-0.0339115$ & $0.0316353$ & $0.106874$ & $0.039714$ & $-0.114191$ & $-0.0177054$ \\
eHZZint & $0.251691$ & $-0.0204342$ & $-0.0777332$ & $0.297055$ & $-0.0122599$ & $-0.0148941$ & $0.0131896$ & $-0.0605852$ & $-0.0615801$ & $0.052103$ & $0.0916414$ & $0.0747521$ & $0.0331247$ & $-0.0824036$ & $-0.0715053$ & $-0.0192513$ & $-0.043159$ & $-0.0071111$ & $-0.0402808$ & $-0.0926344$ & $-0.0900125$ & $-0.0815998$ & $-0.0405287$ & $0.00515721$ & $-0.0363664$ & $0.0760924$ & $0.0016245$ & $-0.0344646$ & $0.00246724$ & $-0.0099523$ & $0.0540797$ & $0.0255634$ & $-0.0249879$ & $0.0239577$ & $0.24744$ & $-0.0670954$ & $-0.0580036$ & $0.111843$ & $1$ & $-0.00517857$ & $-0.0450005$ & $-0.171213$ & $0.0271033$ & $0.151995$ & $-0.314342$ & $0.148403$ & $0.194888$ & $-0.163588$ & $-0.130533$ \\
eHZZpar & $-0.154997$ & $-0.0142058$ & $0.130875$ & $0.0351714$ & $0.0100739$ & $0.0225098$ & $0.0170062$ & $-0.00574483$ & $-0.00216778$ & $0.00998074$ & $-0.00510847$ & $-0.00566524$ & $0.0180637$ & $0.01081$ & $0.00247158$ & $0.0377131$ & $0.020215$ & $0.0171869$ & $-0.00677246$ & $0.00775571$ & $0.00300642$ & $0.00481392$ & $-0.0097761$ & $0.0301196$ & $0.00979768$ & $0.0200646$ & $-0.0133544$ & $-0.0369741$ & $0.018898$ & $-0.0154258$ & $-0.0188482$ & $0.00142589$ & $-0.0545959$ & $-0.00404119$ & $-0.0048642$ & $0.0102921$ & $-0.00968088$ & $0.0894839$ & $-0.00517857$ & $1$ & $-0.268877$ & $0.0371463$ & $0.143675$ & $-0.195657$ & $0.0575068$ & $-0.0911262$ & $-0.0611561$ & $-0.16015$ & $-0.188527$ \\
eHZgaint & $0.0841439$ & $-0.305886$ & $-0.132002$ & $0.0458214$ & $-0.00237384$ & $0.0199699$ & $-0.00248238$ & $0.0203487$ & $0.0295482$ & $-0.0206616$ & $0.0417066$ & $0.0550608$ & $0.0504387$ & $-0.0967213$ & $-0.123096$ & $-0.141482$ & $-0.0773766$ & $-0.0251038$ & $-0.00955958$ & $-0.058807$ & $-0.0247759$ & $-0.0248147$ & $0.0523227$ & $-0.0735898$ & $0.0251807$ & $0.045105$ & $0.251274$ & $0.0123482$ & $-0.01918$ & $0.0975282$ & $0.065886$ & $-0.00582612$ & $0.0909554$ & $0.123934$ & $-0.373499$ & $-0.0904669$ & $-0.0364317$ & $-0.0708128$ & $-0.0450005$ & $-0.268877$ & $1$ & $-0.0413917$ & $-0.107237$ & $0.559396$ & $0.376856$ & $0.293119$ & $-0.08063$ & $0.225395$ & $-0.0153281$ \\
eHZgapar & $0.136404$ & $0.268296$ & $0.0529557$ & $-0.0434297$ & $-0.0232869$ & $-0.0523533$ & $-0.0113418$ & $0.0670487$ & $0.0653954$ & $-0.00750812$ & $-0.113032$ & $-0.0689807$ & $-0.0430761$ & $0.112618$ & $-0.0178517$ & $-0.0474122$ & $0.0854465$ & $0.0843518$ & $0.10573$ & $0.103614$ & $0.127643$ & $0.125906$ & $0.0261943$ & $0.0212601$ & $0.113582$ & $-0.0559319$ & $0.1586$ & $0.0274763$ & $0.0123467$ & $0.0268173$ & $0.0369084$ & $-0.0118993$ & $-0.00947815$ & $0.0763428$ & $0.00378813$ & $0.152999$ & $0.0104687$ & $-0.0987134$ & $-0.171213$ & $0.0371463$ & $-0.0413917$ & $1$ & $0.00777076$ & $0.0612277$ & $-0.0820687$ & $-0.0113131$ & $0.136593$ & $0.21354$ & $-0.241342$ \\
eHgagaint & $-0.363397$ & $-0.604992$ & $0.513011$ & $0.481658$ & $-0.012462$ & $0.0214427$ & $0.0266827$ & $0.0310288$ & $0.0536643$ & $-0.0397856$ & $0.049057$ & $-0.0210444$ & $-0.0220661$ & $-0.1166$ & $-0.112716$ & $-0.150956$ & $-0.102523$ & $-0.05491$ & $-0.0245733$ & $-0.0663186$ & $-0.0323816$ & $-0.0279969$ & $0.0134745$ & $-0.106085$ & $0.0319239$ & $0.12357$ & $0.283027$ & $-0.0652439$ & $0.0646437$ & $-0.0508522$ & $-0.0533276$ & $-0.00281958$ & $-0.0433011$ & $0.114889$ & $-0.285673$ & $-0.0617532$ & $-0.0180662$ & $0.063397$ & $0.0271033$ & $0.143675$ & $-0.107237$ & $0.00777076$ & $1$ & $0.12835$ & $0.107216$ & $0.0860977$ & $-0.147779$ & $-0.0703806$ & $0.0135918$ \\
eHmumuint & $-0.0370631$ & $-0.209968$ & $0.110133$ & $0.421801$ & $-0.0209264$ & $0.0297869$ & $0.0191538$ & $-0.135532$ & $-0.12482$ & $0.101862$ & $0.141768$ & $-0.0501635$ & $-0.12673$ & $-0.0381204$ & $-0.144575$ & $-0.181633$ & $-0.00155579$ & $0.073057$ & $0.098184$ & $-0.151637$ & $-0.129924$ & $-0.12768$ & $0.0281757$ & $0.0512471$ & $0.112103$ & $0.0998776$ & $0.15067$ & $-0.0556986$ & $-0.040512$ & $-0.0297829$ & $0.0525855$ & $-0.0169013$ & $-0.0512066$ & $0.0173611$ & $-0.313936$ & $-0.234792$ & $-0.369681$ & $-0.0339115$ & $0.151995$ & $-0.195657$ & $0.559396$ & $0.0612277$ & $0.12835$ & $1$ & $0.217159$ & $0.574878$ & $0.300778$ & $0.451754$ & $-0.0356317$ \\
eHtautauint & $-0.296192$ & $-0.138451$ & $0.300887$ & $-0.0516474$ & $0.0103338$ & $0.0434099$ & $0.00827445$ & $-0.145702$ & $-0.133776$ & $0.0722437$ & $0.145371$ & $0.0604663$ & $0.00578093$ & $-0.0578694$ & $0.0705493$ & $0.0628848$ & $-0.015612$ & $-0.0427362$ & $-0.0418002$ & $-0.126489$ & $-0.168654$ & $-0.164789$ & $-0.0786826$ & $0.0735072$ & $-0.0604926$ & $0.11154$ & $-0.253436$ & $-0.0661758$ & $-0.0331308$ & $0.0334312$ & $-0.0198645$ & $0.00863547$ & $0.00831112$ & $-0.180873$ & $-0.176177$ & $-0.182956$ & $0.140927$ & $0.0316353$ & $-0.314342$ & $0.0575068$ & $0.376856$ & $-0.0820687$ & $0.107216$ & $0.217159$ & $1$ & $0.260493$ & $-0.4585$ & $-0.0667484$ & $-0.0833968$ \\
eHccint & $-0.0845465$ & $-0.127784$ & $0.472018$ & $0.344646$ & $-0.0137217$ & $-0.0144307$ & $-0.0953536$ & $-0.0757158$ & $-0.0707924$ & $0.0856377$ & $0.0661419$ & $0.0640197$ & $-0.0079749$ & $-0.00921067$ & $0.0271071$ & $0.0321362$ & $0.00497434$ & $0.000520256$ & $-0.00702748$ & $-0.0558852$ & $-0.0781635$ & $-0.0823758$ & $-0.0646458$ & $0.0366133$ & $-0.0267212$ & $0.0459632$ & $-0.154789$ & $-0.0472$ & $-0.0193081$ & $0.0601963$ & $0.12946$ & $-0.100723$ & $0.0495824$ & $-0.0884038$ & $-0.0905522$ & $-0.481428$ & $-0.503906$ & $0.106874$ & $0.148403$ & $-0.0911262$ & $0.293119$ & $-0.0113131$ & $0.0860977$ & $0.574878$ & $0.260493$ & $1$ & $0.402024$ & $0.453972$ & $-0.298894$ \\
eHccpar & $0.267345$ & $0.241031$ & $0.0843861$ & $0.138635$ & $-0.0205156$ & $-0.0446954$ & $-0.0195859$ & $0.062501$ & $0.0542594$ & $0.013045$ & $-0.0947144$ & $-0.0705821$ & $-0.0654925$ & $0.0790404$ & $-0.0459151$ & $-0.0353379$ & $0.063896$ & $0.0785553$ & $0.0707233$ & $0.0853614$ & $0.109041$ & $0.104738$ & $0.0491772$ & $-0.00659967$ & $0.0687726$ & $-0.0942607$ & $0.113824$ & $0.0334305$ & $-0.00545786$ & $-0.00237142$ & $0.135923$ & $-0.0293561$ & $-0.0341609$ & $0.098691$ & $0.200633$ & $-0.136687$ & $-0.619908$ & $0.039714$ & $0.194888$ & $-0.0611561$ & $-0.08063$ & $0.136593$ & $-0.147779$ & $0.300778$ & $-0.4585$ & $0.402024$ & $1$ & $0.607829$ & $-0.315864$ \\
eHbbint & $0.275426$ & $0.136383$ & $0.0737822$ & $-0.00540211$ & $-0.012757$ & $-0.0173002$ & $-0.144275$ & $0.0110087$ & $-0.000497818$ & $0.0829355$ & $-0.128869$ & $-0.143279$ & $-0.130918$ & $0.213274$ & $-0.0516384$ & $-0.0805822$ & $0.201323$ & $0.214887$ & $0.233687$ & $0.117595$ & $0.142074$ & $0.132923$ & $0.132664$ & $0.109338$ & $0.25998$ & $-0.15317$ & $0.202573$ & $0.0372161$ & $-0.004116$ & $-0.0318075$ & $0.0727971$ & $-0.175677$ & $-0.0408617$ & $0.0571151$ & $0.00256231$ & $-0.129988$ & $-0.510644$ & $-0.114191$ & $-0.163588$ & $-0.16015$ & $0.225395$ & $0.21354$ & $-0.0703806$ & $0.451754$ & $-0.0667484$ & $0.453972$ & $0.607829$ & $1$ & $-0.119942$ \\
eHbbpar & $-0.246446$ & $-0.220928$ & $-0.304246$ & $0.168536$ & $0.0239202$ & $0.0395697$ & $0.0907752$ & $-0.093877$ & $-0.0929404$ & $0.075332$ & $0.0212216$ & $-0.0850467$ & $-0.14313$ & $0.0986082$ & $0.0534591$ & $0.0614953$ & $0.0933875$ & $0.0832643$ & $0.0789834$ & $-0.00807138$ & $-0.0379173$ & $-0.0327616$ & $-0.00266191$ & $0.126833$ & $0.0724024$ & $-0.0225453$ & $-0.166404$ & $0.0447588$ & $-0.0683406$ & $-0.0437216$ & $-0.0801336$ & $0.0904196$ & $0.0231636$ & $-0.137268$ & $-0.251191$ & $0.00768389$ & $0.140502$ & $-0.0177054$ & $-0.130533$ & $-0.188527$ & $-0.0153281$ & $-0.241342$ & $0.0135918$ & $-0.0356317$ & $-0.0833968$ & $-0.298894$ & $-0.315864$ & $-0.119942$ & $1$ \\
