 & AlsMz & dAle5Mz & mtop & mHl & Mz & CW & CHG & CHWB & CHWHB_gaga & CHWHB_gagaorth & CHD & CH & CHL1_11 & CHL1_22 & CHL1_33 & CHL3_11 & CHL3_22 & CHL3_33 & CHe_11 & CHe_22 & CHe_33 & CHQ1_11 & CHQ1_33 & CHQ3_11 & CHu_11 & CHd_11 & CHd_33 & CeH_22r & CeH_33r & CuH_22r & CuH_33r & CdH_33r & CLL_1221 & eHggint & eHggpar & eHWWint & eHWWpar & eHZZint & eHZZpar & eHZgaint & eHZgapar & eHgagaint & eHmumuint & eHtautauint & eHccint & eHccpar & eHbbint & eHbbpar \\
AlsMz & $1$ & $-0.154159$ & $-0.0359002$ & $-0.00580872$ & $0.0448829$ & $0.0154575$ & $-0.00703547$ & $0.0136456$ & $0.00360716$ & $-0.00560664$ & $-0.0153806$ & $-0.00397084$ & $-0.00881496$ & $0.0199086$ & $-0.00554922$ & $-0.00629824$ & $-0.0239183$ & $0.00322588$ & $0.00237394$ & $0.00346044$ & $0.0113541$ & $0.0482401$ & $-0.0718336$ & $-0.110451$ & $-0.0793477$ & $-0.0177527$ & $-0.0134427$ & $-0.0125264$ & $-0.00987145$ & $0.0652981$ & $-0.0104323$ & $0.068504$ & $-0.0144934$ & $0.0268914$ & $-0.174178$ & $0.0793277$ & $-0.0235214$ & $0.0959281$ & $-0.00959981$ & $-0.0477526$ & $-0.0400955$ & $-0.196955$ & $-0.13786$ & $0.0958241$ & $-0.168569$ & $0.190737$ & $-0.215381$ & $0.234687$ \\
dAle5Mz & $-0.154159$ & $1$ & $-0.108009$ & $-0.0642201$ & $0.00768166$ & $0.0382543$ & $-0.0102929$ & $-0.0472585$ & $-0.0516019$ & $-1.77831e-05$ & $0.0270991$ & $0.0102521$ & $0.01818$ & $0.0298419$ & $0.0034802$ & $0.0112773$ & $-0.00447903$ & $0.0139551$ & $-0.00488959$ & $-0.00883384$ & $-0.00677735$ & $-0.0219343$ & $0.0128362$ & $0.0033537$ & $0.0158421$ & $-0.0486795$ & $-0.0256105$ & $0.0353878$ & $0.0279724$ & $-0.0171289$ & $0.00541354$ & $0.0604587$ & $-0.0152929$ & $0.0626475$ & $0.0386889$ & $-0.204435$ & $-0.069324$ & $-0.143339$ & $0.0215593$ & $0.153499$ & $0.0691433$ & $-0.0639949$ & $0.161453$ & $-0.122394$ & $0.0641517$ & $-0.00427782$ & $0.16768$ & $-0.00838234$ \\
mtop & $-0.0359002$ & $-0.108009$ & $1$ & $-0.0123749$ & $-0.00941037$ & $-0.0131114$ & $0.00567702$ & $0.0268677$ & $0.0256192$ & $-0.0526899$ & $0.00715844$ & $-0.0101874$ & $-0.0459695$ & $-0.0304451$ & $-0.0266045$ & $-0.0383843$ & $-0.0281853$ & $-0.0308742$ & $-0.00782149$ & $0.00437378$ & $0.00119563$ & $0.0181878$ & $-0.0346021$ & $-0.0322987$ & $0.00386357$ & $0.0372971$ & $0.0178488$ & $0.0426468$ & $0.0210984$ & $0.0602036$ & $0.00883564$ & $0.089274$ & $0.0447667$ & $0.00275728$ & $-0.0436734$ & $-0.0676309$ & $0.0217315$ & $0.0599929$ & $-0.0347911$ & $0.0425406$ & $0.0281949$ & $-0.0330721$ & $-0.0311095$ & $0.033317$ & $0.0154788$ & $0.108997$ & $-0.029476$ & $0.18553$ \\
mHl & $-0.00580872$ & $-0.0642201$ & $-0.0123749$ & $1$ & $-0.00363318$ & $0.00552673$ & $0.0249121$ & $0.000797942$ & $-0.00699672$ & $0.00689637$ & $-0.00640625$ & $0.0287515$ & $0.0278231$ & $-0.0085821$ & $0.0154505$ & $-0.00524492$ & $0.0155672$ & $0.0043187$ & $0.00566217$ & $0.00524419$ & $0.00599246$ & $0.0110093$ & $0.0282794$ & $0.00256232$ & $-0.0095783$ & $-0.00521368$ & $0.0426589$ & $0.0169317$ & $-0.0174542$ & $0.0357429$ & $0.0344603$ & $-0.0272932$ & $-0.00710915$ & $0.0168457$ & $0.149175$ & $0.245816$ & $-0.0592685$ & $-0.0677434$ & $0.010739$ & $0.141281$ & $-0.0111898$ & $-0.0932105$ & $0.106991$ & $0.148737$ & $-0.142508$ & $0.140031$ & $0.00939666$ & $-0.0175241$ \\
Mz & $0.0448829$ & $0.00768166$ & $-0.00941037$ & $-0.00363318$ & $1$ & $0.0187657$ & $-0.000664631$ & $-0.0103582$ & $-0.011181$ & $0.0054662$ & $0.00744073$ & $0.00559257$ & $0.0185417$ & $0.0330664$ & $0.0260089$ & $0.0123095$ & $-0.00294733$ & $0.000386816$ & $0.005331$ & $-0.00362596$ & $-0.00441423$ & $-0.00760876$ & $0.0309166$ & $0.00266633$ & $0.00287849$ & $-0.0236081$ & $0.026516$ & $-0.00240724$ & $0.0236566$ & $0.00954611$ & $-8.61555e-06$ & $0.0150392$ & $-0.0382112$ & $0.0392059$ & $-0.0126502$ & $-0.0103846$ & $0.0160401$ & $0.0336742$ & $0.0244422$ & $0.00484587$ & $0.0132542$ & $-0.013285$ & $-0.0312102$ & $0.0539123$ & $0.00716812$ & $0.0216918$ & $0.000603566$ & $0.023286$ \\
CW & $0.0154575$ & $0.0382543$ & $-0.0131114$ & $0.00552673$ & $0.0187657$ & $1$ & $-0.00580563$ & $-0.0888832$ & $-0.0830946$ & $-0.0482022$ & $0.153361$ & $0.0148632$ & $0.0193211$ & $-0.0538314$ & $-0.0785372$ & $-0.263827$ & $-0.0776116$ & $-0.0570794$ & $-0.151049$ & $-0.154377$ & $-0.155234$ & $-0.00316568$ & $-0.0287207$ & $-0.103742$ & $0.0843764$ & $-0.0588971$ & $-0.0422047$ & $0.00223268$ & $-0.00408274$ & $-0.00559454$ & $-0.00594862$ & $0.0105774$ & $-0.106069$ & $0.0229233$ & $-0.0317737$ & $-0.0358701$ & $-0.0471602$ & $0.0583182$ & $-0.023578$ & $0.00739376$ & $-0.00861097$ & $0.0209806$ & $-0.0198228$ & $-0.00662042$ & $-0.00445031$ & $-0.0172168$ & $-0.00069114$ & $0.0248737$ \\
CHG & $-0.00703547$ & $-0.0102929$ & $0.00567702$ & $0.0249121$ & $-0.000664631$ & $-0.00580563$ & $1$ & $-0.0539666$ & $0.00208503$ & $0.0406325$ & $0.0107255$ & $-0.241624$ & $0.0691992$ & $-0.0130384$ & $0.000831761$ & $0.0765391$ & $0.0860182$ & $0.0745627$ & $-0.00897985$ & $-0.0127123$ & $-0.00758133$ & $0.00628199$ & $0.0805681$ & $0.0670072$ & $0.00205048$ & $-0.0345929$ & $0.012798$ & $0.00123435$ & $-0.0951343$ & $-0.0792171$ & $0.935676$ & $-0.134721$ & $-0.0333891$ & $-0.0272856$ & $-0.0038303$ & $0.0250466$ & $0.00822153$ & $-0.0105554$ & $-0.0125508$ & $0.0338336$ & $0.0124773$ & $-0.034642$ & $0.0105724$ & $0.00474346$ & $-0.0305895$ & $-0.00468632$ & $0.0180233$ & $-0.0149032$ \\
CHWB & $0.0136456$ & $-0.0472585$ & $0.0268677$ & $0.000797942$ & $-0.0103582$ & $-0.0888832$ & $-0.0539666$ & $1$ & $0.982023$ & $-0.500568$ & $-0.867608$ & $0.239415$ & $0.0882041$ & $0.261885$ & $0.287811$ & $-0.235276$ & $-0.4004$ & $-0.422682$ & $0.836956$ & $0.885617$ & $0.867011$ & $0.0597926$ & $-0.654155$ & $-0.379289$ & $-0.488177$ & $0.404933$ & $0.2723$ & $0.0177548$ & $0.133173$ & $0.0523899$ & $-0.0357034$ & $0.143547$ & $0.548369$ & $0.0153053$ & $0.0284966$ & $0.0195688$ & $0.0105468$ & $-0.012499$ & $-0.0183094$ & $-0.061938$ & $0.00507403$ & $0.00752093$ & $-0.0143221$ & $0.0201256$ & $0.00735339$ & $-0.00605637$ & $0.00598812$ & $0.00592188$ \\
CHWHB_gaga & $0.00360716$ & $-0.0516019$ & $0.0256192$ & $-0.00699672$ & $-0.011181$ & $-0.0830946$ & $0.00208503$ & $0.982023$ & $1$ & $-0.50558$ & $-0.850859$ & $0.232187$ & $0.0841502$ & $0.252291$ & $0.284452$ & $-0.233199$ & $-0.39138$ & $-0.418667$ & $0.821226$ & $0.868628$ & $0.849657$ & $0.0568568$ & $-0.64113$ & $-0.372172$ & $-0.4779$ & $0.399279$ & $0.269983$ & $0.0246161$ & $0.152897$ & $0.0562026$ & $0.00722032$ & $0.16048$ & $0.542236$ & $0.000898879$ & $0.0212039$ & $-0.0042181$ & $0.0059866$ & $-0.0273794$ & $-0.0144663$ & $-0.0527116$ & $-0.00491133$ & $0.0610266$ & $-0.0149934$ & $0.0176645$ & $0.0150643$ & $-0.0314685$ & $0.00563809$ & $0.00429215$ \\
CHWHB_gagaorth & $-0.00560664$ & $-1.77831e-05$ & $-0.0526899$ & $0.00689637$ & $0.0054662$ & $-0.0482022$ & $0.0406325$ & $-0.500568$ & $-0.50558$ & $1$ & $0.188339$ & $-0.157864$ & $0.4231$ & $-0.119704$ & $-0.10904$ & $0.605$ & $0.632076$ & $0.619344$ & $-0.187632$ & $-0.200139$ & $-0.201082$ & $-0.0204817$ & $0.600088$ & $0.60964$ & $0.0991975$ & $-0.155304$ & $-0.0617592$ & $-0.0532681$ & $-0.303493$ & $-0.113511$ & $0.00240698$ & $-0.349711$ & $-0.270486$ & $-0.0323907$ & $-0.0116437$ & $0.00733983$ & $0.000416205$ & $0.00327465$ & $0.0186915$ & $-0.0100332$ & $0.0023834$ & $0.016033$ & $0.0275923$ & $-0.00914012$ & $-0.016299$ & $-0.00424701$ & $-0.0333662$ & $-0.0146038$ \\
CHD & $-0.0153806$ & $0.0270991$ & $0.00715844$ & $-0.00640625$ & $0.00744073$ & $0.153361$ & $0.0107255$ & $-0.867608$ & $-0.850859$ & $0.188339$ & $1$ & $-0.08745$ & $-0.522372$ & $-0.39114$ & $-0.408687$ & $-0.241114$ & $0.0152595$ & $0.0373217$ & $-0.989596$ & $-0.990718$ & $-0.96641$ & $-0.00898355$ & $0.266744$ & $-0.0181239$ & $0.552586$ & $-0.269327$ & $-0.307351$ & $-0.00382309$ & $-0.0952117$ & $-0.0207608$ & $0.00356987$ & $-0.0880901$ & $-0.342051$ & $-0.00385112$ & $-0.0158819$ & $-0.0131794$ & $-0.00760543$ & $0.0105801$ & $0.00770743$ & $0.0651698$ & $-0.00987977$ & $-0.0108573$ & $-0.0192669$ & $-0.0296561$ & $0.00270583$ & $0.0267817$ & $0.00610323$ & $0.0155494$ \\
CH & $-0.00397084$ & $0.0102521$ & $-0.0101874$ & $0.0287515$ & $0.00559257$ & $0.0148632$ & $-0.241624$ & $0.239415$ & $0.232187$ & $-0.157864$ & $-0.08745$ & $1$ & $-0.214632$ & $0.0385781$ & $0.0437871$ & $-0.287796$ & $-0.293755$ & $-0.298116$ & $0.0872744$ & $0.0955329$ & $0.0963456$ & $0.0187215$ & $-0.292243$ & $-0.288149$ & $-0.0472939$ & $0.0894224$ & $0.0145571$ & $0.0331334$ & $0.231002$ & $0.0892184$ & $-0.190142$ & $0.288871$ & $0.149141$ & $0.0301173$ & $0.016789$ & $0.00673848$ & $-0.0137699$ & $-0.0258977$ & $-0.000158382$ & $-0.00971878$ & $-0.0135295$ & $-0.000429348$ & $-0.00695651$ & $0.0225368$ & $-0.0173025$ & $-0.00486145$ & $-0.00101821$ & $0.00674728$ \\
CHL1_11 & $-0.00881496$ & $0.01818$ & $-0.0459695$ & $0.0278231$ & $0.0185417$ & $0.0193211$ & $0.0691992$ & $0.0882041$ & $0.0841502$ & $0.4231$ & $-0.522372$ & $-0.214632$ & $1$ & $0.269004$ & $0.253264$ & $0.660834$ & $0.606119$ & $0.604414$ & $0.539944$ & $0.482972$ & $0.463115$ & $-0.067172$ & $0.483797$ & $0.602199$ & $-0.278298$ & $-0.105889$ & $0.159815$ & $-0.00926527$ & $-0.0208071$ & $-0.0318779$ & $0.0526397$ & $-0.0488999$ & $-0.226142$ & $-0.0204947$ & $-0.00850903$ & $0.00728344$ & $-0.021691$ & $0.0110235$ & $0.0185959$ & $-0.00816219$ & $-0.00536689$ & $-0.00307938$ & $0.0647953$ & $0.017488$ & $-0.023048$ & $-0.03842$ & $-0.020786$ & $-0.0333362$ \\
CHL1_22 & $0.0199086$ & $0.0298419$ & $-0.0304451$ & $-0.0085821$ & $0.0330664$ & $-0.0538314$ & $-0.0130384$ & $0.261885$ & $0.252291$ & $-0.119704$ & $-0.39114$ & $0.0385781$ & $0.269004$ & $1$ & $0.420888$ & $0.163867$ & $-0.444366$ & $-0.00125788$ & $0.460874$ & $0.305032$ & $0.298314$ & $-0.175618$ & $0.131421$ & $-0.121441$ & $-0.175197$ & $-0.415443$ & $0.0679347$ & $0.025299$ & $0.0372018$ & $-0.0181882$ & $-0.0102373$ & $0.023388$ & $-0.633634$ & $0.0105292$ & $8.41564e-05$ & $-0.0270725$ & $-0.0198883$ & $0.0222713$ & $-9.56015e-05$ & $-0.0112546$ & $0.0109493$ & $0.0236898$ & $0.0461455$ & $0.027835$ & $-0.0227162$ & $-0.0636268$ & $0.0377478$ & $-0.0448703$ \\
CHL1_33 & $-0.00554922$ & $0.0034802$ & $-0.0266045$ & $0.0154505$ & $0.0260089$ & $-0.0785372$ & $0.000831761$ & $0.287811$ & $0.284452$ & $-0.10904$ & $-0.408687$ & $0.0437871$ & $0.253264$ & $0.420888$ & $1$ & $0.164037$ & $-0.0122361$ & $-0.439732$ & $0.472971$ & $0.327963$ & $0.341512$ & $-0.189161$ & $0.121899$ & $-0.132261$ & $-0.170161$ & $-0.391994$ & $0.0950328$ & $-0.00725374$ & $0.015088$ & $-0.00537955$ & $-0.00196865$ & $0.00715362$ & $-0.0925844$ & $0.0218918$ & $0.0200124$ & $0.00958967$ & $0.00741578$ & $-0.0582629$ & $-0.0202624$ & $-0.0484733$ & $-0.00351406$ & $0.0133431$ & $0.0141477$ & $0.00332855$ & $-0.0274145$ & $-0.035161$ & $0.00458247$ & $-0.0223244$ \\
CHL3_11 & $-0.00629824$ & $0.0112773$ & $-0.0383843$ & $-0.00524492$ & $0.0123095$ & $-0.263827$ & $0.0765391$ & $-0.235276$ & $-0.233199$ & $0.605$ & $-0.241114$ & $-0.287796$ & $0.660834$ & $0.163867$ & $0.164037$ & $1$ & $0.738403$ & $0.728573$ & $0.263601$ & $0.209691$ & $0.200068$ & $-0.0616059$ & $0.682257$ & $0.775965$ & $-0.127156$ & $-0.145881$ & $0.0735154$ & $-0.0334749$ & $-0.0713674$ & $-0.0589292$ & $0.0580208$ & $-0.100709$ & $-0.238141$ & $-0.0207149$ & $-0.0206382$ & $-0.0164084$ & $0.0195889$ & $-0.00160397$ & $0.0183261$ & $-0.022017$ & $0.0184454$ & $0.0149405$ & $0.0378699$ & $0.0157425$ & $-0.0017445$ & $-0.0253711$ & $-0.0222636$ & $-0.0316664$ \\
CHL3_22 & $-0.0239183$ & $-0.00447903$ & $-0.0281853$ & $0.0155672$ & $-0.00294733$ & $-0.0776116$ & $0.0860182$ & $-0.4004$ & $-0.39138$ & $0.632076$ & $0.0152595$ & $-0.293755$ & $0.606119$ & $-0.444366$ & $-0.0122361$ & $0.738403$ & $1$ & $0.654368$ & $-0.0205725$ & $-0.00753104$ & $-0.0122332$ & $0.0164307$ & $0.608047$ & $0.783939$ & $-0.000489972$ & $0.0216983$ & $0.0228191$ & $-0.0407198$ & $-0.0901632$ & $-0.0416955$ & $0.063838$ & $-0.113645$ & $0.0739161$ & $-0.0277601$ & $-0.021842$ & $0.00612816$ & $0.00930831$ & $-0.0111976$ & $0.0187029$ & $-0.00118045$ & $-0.00253374$ & $-0.00680415$ & $0.0234423$ & $-0.000745452$ & $-0.000549618$ & $0.00350753$ & $-0.0470188$ & $-0.00891828$ \\
CHL3_33 & $0.00322588$ & $0.0139551$ & $-0.0308742$ & $0.0043187$ & $0.000386816$ & $-0.0570794$ & $0.0745627$ & $-0.422682$ & $-0.418667$ & $0.619344$ & $0.0373217$ & $-0.298116$ & $0.604414$ & $-0.00125788$ & $-0.439732$ & $0.728573$ & $0.654368$ & $1$ & $-0.0398386$ & $-0.0320864$ & $-0.0284575$ & $0.0336112$ & $0.608262$ & $0.787894$ & $-0.000606737$ & $0.0115053$ & $0.00035349$ & $-0.0179676$ & $-0.0746708$ & $-0.0504782$ & $0.0560859$ & $-0.103288$ & $-0.344802$ & $-0.0282777$ & $-0.0315539$ & $-0.0193794$ & $-0.0116248$ & $0.0505039$ & $0.034813$ & $0.027027$ & $0.00772247$ & $-0.000629192$ & $0.0408487$ & $0.013703$ & $0.000802566$ & $-0.0126189$ & $-0.0283133$ & $-0.0204149$ \\
CHe_11 & $0.00237394$ & $-0.00488959$ & $-0.00782149$ & $0.00566217$ & $0.005331$ & $-0.151049$ & $-0.00897985$ & $0.836956$ & $0.821226$ & $-0.187632$ & $-0.989596$ & $0.0872744$ & $0.539944$ & $0.460874$ & $0.472971$ & $0.263601$ & $-0.0205725$ & $-0.0398386$ & $1$ & $0.971088$ & $0.947144$ & $-0.0188226$ & $-0.209742$ & $0.0233092$ & $-0.538885$ & $0.192378$ & $0.300339$ & $0.00491138$ & $0.0930028$ & $0.0145601$ & $-0.00305024$ & $0.0804749$ & $0.259538$ & $0.00502954$ & $0.0121808$ & $0.00443994$ & $0.00460229$ & $-0.0115702$ & $-0.00764523$ & $-0.0594853$ & $0.0129794$ & $0.013307$ & $0.0296868$ & $0.033362$ & $-0.00369864$ & $-0.0362717$ & $0.00247333$ & $-0.02578$ \\
CHe_22 & $0.00346044$ & $-0.00883384$ & $0.00437378$ & $0.00524419$ & $-0.00362596$ & $-0.154377$ & $-0.0127123$ & $0.885617$ & $0.868628$ & $-0.200139$ & $-0.990718$ & $0.0955329$ & $0.482972$ & $0.305032$ & $0.327963$ & $0.209691$ & $-0.00753104$ & $-0.0320864$ & $0.971088$ & $1$ & $0.971288$ & $0.03753$ & $-0.322685$ & $0.0147852$ & $-0.554612$ & $0.350464$ & $0.312447$ & $0.00459896$ & $0.0991767$ & $0.0240565$ & $-0.00469476$ & $0.0946048$ & $0.430034$ & $0.00391704$ & $0.0162893$ & $0.00999215$ & $0.0110232$ & $-0.0144805$ & $-0.00804526$ & $-0.0599814$ & $0.0129953$ & $0.00757594$ & $0.0153813$ & $0.0243471$ & $0.00283846$ & $-0.0203246$ & $-0.00189215$ & $-0.0111787$ \\
CHe_33 & $0.0113541$ & $-0.00677735$ & $0.00119563$ & $0.00599246$ & $-0.00441423$ & $-0.155234$ & $-0.00758133$ & $0.867011$ & $0.849657$ & $-0.201082$ & $-0.96641$ & $0.0963456$ & $0.463115$ & $0.298314$ & $0.341512$ & $0.200068$ & $-0.0122332$ & $-0.0284575$ & $0.947144$ & $0.971288$ & $1$ & $0.0451653$ & $-0.318673$ & $0.0101104$ & $-0.54736$ & $0.345528$ & $0.303751$ & $0.00913513$ & $0.100543$ & $0.0225536$ & $0.00186511$ & $0.0935119$ & $0.424288$ & $0.0105277$ & $0.0262874$ & $0.00886619$ & $0.00560946$ & $-0.00838346$ & $0.000806834$ & $-0.0552425$ & $0.00856275$ & $0.00826453$ & $0.0160081$ & $0.0176995$ & $0.00663939$ & $-0.0154906$ & $-0.0082625$ & $-0.0044884$ \\
CHQ1_11 & $0.0482401$ & $-0.0219343$ & $0.0181878$ & $0.0110093$ & $-0.00760876$ & $-0.00316568$ & $0.00628199$ & $0.0597926$ & $0.0568568$ & $-0.0204817$ & $-0.00898355$ & $0.0187215$ & $-0.067172$ & $-0.175618$ & $-0.189161$ & $-0.0616059$ & $0.0164307$ & $0.0336112$ & $-0.0188226$ & $0.03753$ & $0.0451653$ & $1$ & $-0.12978$ & $0.10775$ & $-0.675549$ & $0.370543$ & $0.000205302$ & $-0.0393147$ & $-0.00389978$ & $0.00747876$ & $0.0027007$ & $-0.00276138$ & $0.189821$ & $-0.0165794$ & $0.0168521$ & $0.0393501$ & $0.00976805$ & $0.0391488$ & $0.0168892$ & $-0.0242974$ & $-0.00692224$ & $-0.0338387$ & $-0.0134754$ & $-0.00487241$ & $0.0407539$ & $0.00523439$ & $-0.0219581$ & $0.0188109$ \\
CHQ1_33 & $-0.0718336$ & $0.0128362$ & $-0.0346021$ & $0.0282794$ & $0.0309166$ & $-0.0287207$ & $0.0805681$ & $-0.654155$ & $-0.64113$ & $0.600088$ & $0.266744$ & $-0.292243$ & $0.483797$ & $0.131421$ & $0.121899$ & $0.682257$ & $0.608047$ & $0.608262$ & $-0.209742$ & $-0.322685$ & $-0.318673$ & $-0.12978$ & $1$ & $0.632589$ & $0.178788$ & $-0.397533$ & $0.0129438$ & $-0.0307106$ & $-0.111906$ & $-0.0660342$ & $0.0545955$ & $-0.147866$ & $-0.607153$ & $-0.025425$ & $-0.0176407$ & $-0.0179341$ & $0.00106937$ & $0.0157993$ & $0.0115717$ & $0.0347672$ & $-0.00180269$ & $0.0298649$ & $0.0391336$ & $-0.00539881$ & $-0.00554171$ & $-0.0353933$ & $0.00338021$ & $-0.0404623$ \\
CHQ3_11 & $-0.110451$ & $0.0033537$ & $-0.0322987$ & $0.00256232$ & $0.00266633$ & $-0.103742$ & $0.0670072$ & $-0.379289$ & $-0.372172$ & $0.60964$ & $-0.0181239$ & $-0.288149$ & $0.602199$ & $-0.121441$ & $-0.132261$ & $0.775965$ & $0.783939$ & $0.787894$ & $0.0233092$ & $0.0147852$ & $0.0101104$ & $0.10775$ & $0.632589$ & $1$ & $-0.0161587$ & $0.241942$ & $0.0148174$ & $-0.0364017$ & $-0.0791521$ & $-0.0530773$ & $0.0476328$ & $-0.119005$ & $-0.177877$ & $-0.0377733$ & $-0.0237801$ & $-0.0192063$ & $0.00453089$ & $-0.00445834$ & $0.0158998$ & $-0.00719346$ & $-0.00388987$ & $0.0195835$ & $0.0500937$ & $-0.0155323$ & $0.0144966$ & $-0.0331099$ & $-0.0245419$ & $-0.0693949$ \\
CHu_11 & $-0.0793477$ & $0.0158421$ & $0.00386357$ & $-0.0095783$ & $0.00287849$ & $0.0843764$ & $0.00205048$ & $-0.488177$ & $-0.4779$ & $0.0991975$ & $0.552586$ & $-0.0472939$ & $-0.278298$ & $-0.175197$ & $-0.170161$ & $-0.127156$ & $-0.000489972$ & $-0.000606737$ & $-0.538885$ & $-0.554612$ & $-0.54736$ & $-0.675549$ & $0.178788$ & $-0.0161587$ & $1$ & $-0.172725$ & $-0.164178$ & $0.0189008$ & $-0.04697$ & $-0.0131064$ & $0.00230082$ & $-0.0508934$ & $-0.231059$ & $0.0220887$ & $-0.0239073$ & $-0.0315126$ & $-0.0062945$ & $-0.0185125$ & $-0.0117725$ & $0.0598888$ & $0.00106821$ & $0.0195893$ & $0.00911102$ & $-0.0139117$ & $-0.0186617$ & $0.0181933$ & $0.00800565$ & $-0.0179289$ \\
CHd_11 & $-0.0177527$ & $-0.0486795$ & $0.0372971$ & $-0.00521368$ & $-0.0236081$ & $-0.0588971$ & $-0.0345929$ & $0.404933$ & $0.399279$ & $-0.155304$ & $-0.269327$ & $0.0894224$ & $-0.105889$ & $-0.415443$ & $-0.391994$ & $-0.145881$ & $0.0216983$ & $0.0115053$ & $0.192378$ & $0.350464$ & $0.345528$ & $0.370543$ & $-0.397533$ & $0.241942$ & $-0.172725$ & $1$ & $0.10255$ & $-0.0179368$ & $0.0548216$ & $0.0421029$ & $-0.0254377$ & $0.059143$ & $0.664434$ & $-0.0082137$ & $-0.00386305$ & $0.0101142$ & $0.0185913$ & $-0.00180811$ & $-0.0129562$ & $-0.0340537$ & $-0.0132041$ & $-0.00631089$ & $-0.0298539$ & $-0.0223573$ & $0.0359024$ & $0.0326306$ & $-0.0304862$ & $-0.00160696$ \\
CHd_33 & $-0.0134427$ & $-0.0256105$ & $0.0178488$ & $0.0426589$ & $0.026516$ & $-0.0422047$ & $0.012798$ & $0.2723$ & $0.269983$ & $-0.0617592$ & $-0.307351$ & $0.0145571$ & $0.159815$ & $0.0679347$ & $0.0950328$ & $0.0735154$ & $0.0228191$ & $0.00035349$ & $0.300339$ & $0.312447$ & $0.303751$ & $0.000205302$ & $0.0129438$ & $0.0148174$ & $-0.164178$ & $0.10255$ & $1$ & $0.00571024$ & $0.0432729$ & $-0.00405041$ & $0.0161656$ & $0.0279184$ & $0.152883$ & $-0.0135805$ & $0.0155694$ & $0.0114574$ & $0.0146246$ & $-0.0234698$ & $-0.0119769$ & $-0.0115783$ & $0.0247127$ & $0.0375522$ & $0.00102243$ & $0.00913506$ & $0.00678605$ & $0.0244845$ & $-0.0112784$ & $0.0113666$ \\
CeH_22r & $-0.0125264$ & $0.0353878$ & $0.0426468$ & $0.0169317$ & $-0.00240724$ & $0.00223268$ & $0.00123435$ & $0.0177548$ & $0.0246161$ & $-0.0532681$ & $-0.00382309$ & $0.0331334$ & $-0.00926527$ & $0.025299$ & $-0.00725374$ & $-0.0334749$ & $-0.0407198$ & $-0.0179676$ & $0.00491138$ & $0.00459896$ & $0.00913513$ & $-0.0393147$ & $-0.0307106$ & $-0.0364017$ & $0.0189008$ & $-0.0179368$ & $0.00571024$ & $1$ & $0.0542674$ & $0.0452711$ & $-0.0173531$ & $0.0650885$ & $-0.00899209$ & $0.00779618$ & $0.0117708$ & $-0.0334476$ & $-0.00906698$ & $-0.0523335$ & $-0.00499849$ & $0.0311386$ & $0.0233545$ & $0.00525824$ & $0.0195819$ & $-0.00768438$ & $-0.0106088$ & $-0.0121646$ & $0.000637738$ & $0.0293509$ \\
CeH_33r & $-0.00987145$ & $0.0279724$ & $0.0210984$ & $-0.0174542$ & $0.0236566$ & $-0.00408274$ & $-0.0951343$ & $0.133173$ & $0.152897$ & $-0.303493$ & $-0.0952117$ & $0.231002$ & $-0.0208071$ & $0.0372018$ & $0.015088$ & $-0.0713674$ & $-0.0901632$ & $-0.0746708$ & $0.0930028$ & $0.0991767$ & $0.100543$ & $-0.00389978$ & $-0.111906$ & $-0.0791521$ & $-0.04697$ & $0.0548216$ & $0.0432729$ & $0.0542674$ & $1$ & $0.327466$ & $0.040007$ & $0.629181$ & $0.0711297$ & $-0.039068$ & $-0.0287809$ & $-0.139355$ & $-0.0377422$ & $-0.00648012$ & $-0.00626055$ & $-0.0133978$ & $-0.0262158$ & $0.0355991$ & $-0.0105294$ & $0.0575903$ & $0.00269591$ & $-0.00151674$ & $0.0122502$ & $0.0085418$ \\
CuH_22r & $0.0652981$ & $-0.0171289$ & $0.0602036$ & $0.0357429$ & $0.00954611$ & $-0.00559454$ & $-0.0792171$ & $0.0523899$ & $0.0562026$ & $-0.113511$ & $-0.0207608$ & $0.0892184$ & $-0.0318779$ & $-0.0181882$ & $-0.00537955$ & $-0.0589292$ & $-0.0416955$ & $-0.0504782$ & $0.0145601$ & $0.0240565$ & $0.0225536$ & $0.00747876$ & $-0.0660342$ & $-0.0530773$ & $-0.0131064$ & $0.0421029$ & $-0.00405041$ & $0.0452711$ & $0.327466$ & $1$ & $0.0112948$ & $0.378547$ & $0.0540946$ & $-0.0659611$ & $0.0444624$ & $-0.0351065$ & $-0.0155362$ & $0.0578453$ & $-0.0277206$ & $-0.0217454$ & $-0.0155576$ & $-0.115449$ & $-0.0383335$ & $0.0354456$ & $0.0305283$ & $0.330433$ & $8.77642e-05$ & $0.0611961$ \\
CuH_33r & $-0.0104323$ & $0.00541354$ & $0.00883564$ & $0.0344603$ & $-8.61555e-06$ & $-0.00594862$ & $0.935676$ & $-0.0357034$ & $0.00722032$ & $0.00240698$ & $0.00356987$ & $-0.190142$ & $0.0526397$ & $-0.0102373$ & $-0.00196865$ & $0.0580208$ & $0.063838$ & $0.0560859$ & $-0.00305024$ & $-0.00469476$ & $0.00186511$ & $0.0027007$ & $0.0545955$ & $0.0476328$ & $0.00230082$ & $-0.0254377$ & $0.0161656$ & $-0.0173531$ & $0.040007$ & $0.0112948$ & $1$ & $0.0411619$ & $-0.0197747$ & $0.028389$ & $0.033194$ & $0.0105489$ & $-0.00916475$ & $0.00742745$ & $-0.0101824$ & $0.0322531$ & $0.0031791$ & $-0.0364157$ & $0.0230597$ & $0.0171664$ & $-0.0173115$ & $0.00480617$ & $0.034801$ & $-0.000461893$ \\
CdH_33r & $0.068504$ & $0.0604587$ & $0.089274$ & $-0.0272932$ & $0.0150392$ & $0.0105774$ & $-0.134721$ & $0.143547$ & $0.16048$ & $-0.349711$ & $-0.0880901$ & $0.288871$ & $-0.0488999$ & $0.023388$ & $0.00715362$ & $-0.100709$ & $-0.113645$ & $-0.103288$ & $0.0804749$ & $0.0946048$ & $0.0935119$ & $-0.00276138$ & $-0.147866$ & $-0.119005$ & $-0.0508934$ & $0.059143$ & $0.0279184$ & $0.0650885$ & $0.629181$ & $0.378547$ & $0.0411619$ & $1$ & $0.0943475$ & $-0.034773$ & $-0.0360091$ & $-0.262779$ & $-0.0234904$ & $0.0455159$ & $-0.0331288$ & $-0.00929735$ & $-0.0339276$ & $0.00337743$ & $-0.0882554$ & $-0.0518271$ & $0.0452027$ & $0.0320445$ & $0.126778$ & $0.441173$ \\
CLL_1221 & $-0.0144934$ & $-0.0152929$ & $0.0447667$ & $-0.00710915$ & $-0.0382112$ & $-0.106069$ & $-0.0333891$ & $0.548369$ & $0.542236$ & $-0.270486$ & $-0.342051$ & $0.149141$ & $-0.226142$ & $-0.633634$ & $-0.0925844$ & $-0.238141$ & $0.0739161$ & $-0.344802$ & $0.259538$ & $0.430034$ & $0.424288$ & $0.189821$ & $-0.607153$ & $-0.177877$ & $-0.231059$ & $0.664434$ & $0.152883$ & $-0.00899209$ & $0.0711297$ & $0.0540946$ & $-0.0197747$ & $0.0943475$ & $1$ & $0.00808328$ & $0.0251921$ & $0.0204738$ & $0.0324632$ & $-0.0422885$ & $-0.0136579$ & $-0.0405878$ & $0.00138282$ & $-0.0123504$ & $-0.0533236$ & $-0.0161321$ & $0.0361223$ & $0.0521208$ & $-0.017276$ & $0.044654$ \\
eHggint & $0.0268914$ & $0.0626475$ & $0.00275728$ & $0.0168457$ & $0.0392059$ & $0.0229233$ & $-0.0272856$ & $0.0153053$ & $0.000898879$ & $-0.0323907$ & $-0.00385112$ & $0.0301173$ & $-0.0204947$ & $0.0105292$ & $0.0218918$ & $-0.0207149$ & $-0.0277601$ & $-0.0282777$ & $0.00502954$ & $0.00391704$ & $0.0105277$ & $-0.0165794$ & $-0.025425$ & $-0.0377733$ & $0.0220887$ & $-0.0082137$ & $-0.0135805$ & $0.00779618$ & $-0.039068$ & $-0.0659611$ & $0.028389$ & $-0.034773$ & $0.00808328$ & $1$ & $-0.0886037$ & $0.0301641$ & $-0.0318408$ & $0.0356175$ & $0.0644021$ & $0.018998$ & $-0.0364196$ & $-0.0311852$ & $-0.108197$ & $0.144294$ & $-0.0808491$ & $-0.0436614$ & $0.0464114$ & $0.0556962$ \\
eHggpar & $-0.174178$ & $0.0386889$ & $-0.0436734$ & $0.149175$ & $-0.0126502$ & $-0.0317737$ & $-0.0038303$ & $0.0284966$ & $0.0212039$ & $-0.0116437$ & $-0.0158819$ & $0.016789$ & $-0.00850903$ & $8.41564e-05$ & $0.0200124$ & $-0.0206382$ & $-0.021842$ & $-0.0315539$ & $0.0121808$ & $0.0162893$ & $0.0262874$ & $0.0168521$ & $-0.0176407$ & $-0.0237801$ & $-0.0239073$ & $-0.00386305$ & $0.0155694$ & $0.0117708$ & $-0.0287809$ & $0.0444624$ & $0.033194$ & $-0.0360091$ & $0.0251921$ & $-0.0886037$ & $1$ & $0.193525$ & $-0.0634859$ & $0.215223$ & $0.00576183$ & $0.0545403$ & $0.00546344$ & $0.0405704$ & $0.264299$ & $0.14307$ & $0.17262$ & $0.0884607$ & $0.0996829$ & $0.0172401$ \\
eHWWint & $0.0793277$ & $-0.204435$ & $-0.0676309$ & $0.245816$ & $-0.0103846$ & $-0.0358701$ & $0.0250466$ & $0.0195688$ & $-0.0042181$ & $0.00733983$ & $-0.0131794$ & $0.00673848$ & $0.00728344$ & $-0.0270725$ & $0.00958967$ & $-0.0164084$ & $0.00612816$ & $-0.0193794$ & $0.00443994$ & $0.00999215$ & $0.00886619$ & $0.0393501$ & $-0.0179341$ & $-0.0192063$ & $-0.0315126$ & $0.0101142$ & $0.0114574$ & $-0.0334476$ & $-0.139355$ & $-0.0351065$ & $0.0105489$ & $-0.262779$ & $0.0204738$ & $0.0301641$ & $0.193525$ & $1$ & $0.0132757$ & $-0.0545934$ & $0.0158268$ & $0.0750481$ & $0.0192731$ & $-0.172085$ & $0.0935634$ & $0.177151$ & $-0.100463$ & $0.123719$ & $-0.107262$ & $-0.17394$ \\
eHWWpar & $-0.0235214$ & $-0.069324$ & $0.0217315$ & $-0.0592685$ & $0.0160401$ & $-0.0471602$ & $0.00822153$ & $0.0105468$ & $0.0059866$ & $0.000416205$ & $-0.00760543$ & $-0.0137699$ & $-0.021691$ & $-0.0198883$ & $0.00741578$ & $0.0195889$ & $0.00930831$ & $-0.0116248$ & $0.00460229$ & $0.0110232$ & $0.00560946$ & $0.00976805$ & $0.00106937$ & $0.00453089$ & $-0.0062945$ & $0.0185913$ & $0.0146246$ & $-0.00906698$ & $-0.0377422$ & $-0.0155362$ & $-0.00916475$ & $-0.0234904$ & $0.0324632$ & $-0.0318408$ & $-0.0634859$ & $0.0132757$ & $1$ & $-0.0745669$ & $-0.0199066$ & $-0.0666978$ & $0.0176224$ & $0.00219632$ & $-0.0668713$ & $-0.05056$ & $0.0232863$ & $-0.0454397$ & $0.00840898$ & $0.0390154$ \\
eHZZint & $0.0959281$ & $-0.143339$ & $0.0599929$ & $-0.0677434$ & $0.0336742$ & $0.0583182$ & $-0.0105554$ & $-0.012499$ & $-0.0273794$ & $0.00327465$ & $0.0105801$ & $-0.0258977$ & $0.0110235$ & $0.0222713$ & $-0.0582629$ & $-0.00160397$ & $-0.0111976$ & $0.0505039$ & $-0.0115702$ & $-0.0144805$ & $-0.00838346$ & $0.0391488$ & $0.0157993$ & $-0.00445834$ & $-0.0185125$ & $-0.00180811$ & $-0.0234698$ & $-0.0523335$ & $-0.00648012$ & $0.0578453$ & $0.00742745$ & $0.0455159$ & $-0.0422885$ & $0.0356175$ & $0.215223$ & $-0.0545934$ & $-0.0745669$ & $1$ & $-0.0206885$ & $0.0387555$ & $-0.0764664$ & $-0.154379$ & $0.0935088$ & $0.223787$ & $0.172453$ & $0.107857$ & $0.121223$ & $0.146395$ \\
eHZZpar & $-0.00959981$ & $0.0215593$ & $-0.0347911$ & $0.010739$ & $0.0244422$ & $-0.023578$ & $-0.0125508$ & $-0.0183094$ & $-0.0144663$ & $0.0186915$ & $0.00770743$ & $-0.000158382$ & $0.0185959$ & $-9.56015e-05$ & $-0.0202624$ & $0.0183261$ & $0.0187029$ & $0.034813$ & $-0.00764523$ & $-0.00804526$ & $0.000806834$ & $0.0168892$ & $0.0115717$ & $0.0158998$ & $-0.0117725$ & $-0.0129562$ & $-0.0119769$ & $-0.00499849$ & $-0.00626055$ & $-0.0277206$ & $-0.0101824$ & $-0.0331288$ & $-0.0136579$ & $0.0644021$ & $0.00576183$ & $0.0158268$ & $-0.0199066$ & $-0.0206885$ & $1$ & $0.0332153$ & $-0.00531839$ & $0.00994904$ & $0.000602788$ & $0.00536716$ & $0.00432449$ & $-0.0163072$ & $0.0289099$ & $-0.0596667$ \\
eHZgaint & $-0.0477526$ & $0.153499$ & $0.0425406$ & $0.141281$ & $0.00484587$ & $0.00739376$ & $0.0338336$ & $-0.061938$ & $-0.0527116$ & $-0.0100332$ & $0.0651698$ & $-0.00971878$ & $-0.00816219$ & $-0.0112546$ & $-0.0484733$ & $-0.022017$ & $-0.00118045$ & $0.027027$ & $-0.0594853$ & $-0.0599814$ & $-0.0552425$ & $-0.0242974$ & $0.0347672$ & $-0.00719346$ & $0.0598888$ & $-0.0340537$ & $-0.0115783$ & $0.0311386$ & $-0.0133978$ & $-0.0217454$ & $0.0322531$ & $-0.00929735$ & $-0.0405878$ & $0.018998$ & $0.0545403$ & $0.0750481$ & $-0.0666978$ & $0.0387555$ & $0.0332153$ & $1$ & $0.0296504$ & $0.0308395$ & $0.0862861$ & $-0.0521528$ & $0.0586666$ & $-0.0933796$ & $-0.0363388$ & $0.00512299$ \\
eHZgapar & $-0.0400955$ & $0.0691433$ & $0.0281949$ & $-0.0111898$ & $0.0132542$ & $-0.00861097$ & $0.0124773$ & $0.00507403$ & $-0.00491133$ & $0.0023834$ & $-0.00987977$ & $-0.0135295$ & $-0.00536689$ & $0.0109493$ & $-0.00351406$ & $0.0184454$ & $-0.00253374$ & $0.00772247$ & $0.0129794$ & $0.0129953$ & $0.00856275$ & $-0.00692224$ & $-0.00180269$ & $-0.00388987$ & $0.00106821$ & $-0.0132041$ & $0.0247127$ & $0.0233545$ & $-0.0262158$ & $-0.0155576$ & $0.0031791$ & $-0.0339276$ & $0.00138282$ & $-0.0364196$ & $0.00546344$ & $0.0192731$ & $0.0176224$ & $-0.0764664$ & $-0.00531839$ & $0.0296504$ & $1$ & $-0.0309327$ & $0.043868$ & $0.0161178$ & $-0.0236012$ & $0.0347121$ & $-0.0245637$ & $-0.000817289$ \\
eHgagaint & $-0.196955$ & $-0.0639949$ & $-0.0330721$ & $-0.0932105$ & $-0.013285$ & $0.0209806$ & $-0.034642$ & $0.00752093$ & $0.0610266$ & $0.016033$ & $-0.0108573$ & $-0.000429348$ & $-0.00307938$ & $0.0236898$ & $0.0133431$ & $0.0149405$ & $-0.00680415$ & $-0.000629192$ & $0.013307$ & $0.00757594$ & $0.00826453$ & $-0.0338387$ & $0.0298649$ & $0.0195835$ & $0.0195893$ & $-0.00631089$ & $0.0375522$ & $0.00525824$ & $0.0355991$ & $-0.115449$ & $-0.0364157$ & $0.00337743$ & $-0.0123504$ & $-0.0311852$ & $0.0405704$ & $-0.172085$ & $0.00219632$ & $-0.154379$ & $0.00994904$ & $0.0308395$ & $-0.0309327$ & $1$ & $-0.0239237$ & $0.0272899$ & $0.189585$ & $-0.401768$ & $-0.031218$ & $0.00288281$ \\
eHmumuint & $-0.13786$ & $0.161453$ & $-0.0311095$ & $0.106991$ & $-0.0312102$ & $-0.0198228$ & $0.0105724$ & $-0.0143221$ & $-0.0149934$ & $0.0275923$ & $-0.0192669$ & $-0.00695651$ & $0.0647953$ & $0.0461455$ & $0.0141477$ & $0.0378699$ & $0.0234423$ & $0.0408487$ & $0.0296868$ & $0.0153813$ & $0.0160081$ & $-0.0134754$ & $0.0391336$ & $0.0500937$ & $0.00911102$ & $-0.0298539$ & $0.00102243$ & $0.0195819$ & $-0.0105294$ & $-0.0383335$ & $0.0230597$ & $-0.0882554$ & $-0.0533236$ & $-0.108197$ & $0.264299$ & $0.0935634$ & $-0.0668713$ & $0.0935088$ & $0.000602788$ & $0.0862861$ & $0.043868$ & $-0.0239237$ & $1$ & $0.170951$ & $0.0365993$ & $-0.110149$ & $0.152037$ & $-0.242167$ \\
eHtautauint & $0.0958241$ & $-0.122394$ & $0.033317$ & $0.148737$ & $0.0539123$ & $-0.00662042$ & $0.00474346$ & $0.0201256$ & $0.0176645$ & $-0.00914012$ & $-0.0296561$ & $0.0225368$ & $0.017488$ & $0.027835$ & $0.00332855$ & $0.0157425$ & $-0.000745452$ & $0.013703$ & $0.033362$ & $0.0243471$ & $0.0176995$ & $-0.00487241$ & $-0.00539881$ & $-0.0155323$ & $-0.0139117$ & $-0.0223573$ & $0.00913506$ & $-0.00768438$ & $0.0575903$ & $0.0354456$ & $0.0171664$ & $-0.0518271$ & $-0.0161321$ & $0.144294$ & $0.14307$ & $0.177151$ & $-0.05056$ & $0.223787$ & $0.00536716$ & $-0.0521528$ & $0.0161178$ & $0.0272899$ & $0.170951$ & $1$ & $-0.0384498$ & $0.0998173$ & $0.0345992$ & $-0.0831684$ \\
eHccint & $-0.168569$ & $0.0641517$ & $0.0154788$ & $-0.142508$ & $0.00716812$ & $-0.00445031$ & $-0.0305895$ & $0.00735339$ & $0.0150643$ & $-0.016299$ & $0.00270583$ & $-0.0173025$ & $-0.023048$ & $-0.0227162$ & $-0.0274145$ & $-0.0017445$ & $-0.000549618$ & $0.000802566$ & $-0.00369864$ & $0.00283846$ & $0.00663939$ & $0.0407539$ & $-0.00554171$ & $0.0144966$ & $-0.0186617$ & $0.0359024$ & $0.00678605$ & $-0.0106088$ & $0.00269591$ & $0.0305283$ & $-0.0173115$ & $0.0452027$ & $0.0361223$ & $-0.0808491$ & $0.17262$ & $-0.100463$ & $0.0232863$ & $0.172453$ & $0.00432449$ & $0.0586666$ & $-0.0236012$ & $0.189585$ & $0.0365993$ & $-0.0384498$ & $1$ & $-0.204869$ & $0.152279$ & $0.0298807$ \\
eHccpar & $0.190737$ & $-0.00427782$ & $0.108997$ & $0.140031$ & $0.0216918$ & $-0.0172168$ & $-0.00468632$ & $-0.00605637$ & $-0.0314685$ & $-0.00424701$ & $0.0267817$ & $-0.00486145$ & $-0.03842$ & $-0.0636268$ & $-0.035161$ & $-0.0253711$ & $0.00350753$ & $-0.0126189$ & $-0.0362717$ & $-0.0203246$ & $-0.0154906$ & $0.00523439$ & $-0.0353933$ & $-0.0331099$ & $0.0181933$ & $0.0326306$ & $0.0244845$ & $-0.0121646$ & $-0.00151674$ & $0.330433$ & $0.00480617$ & $0.0320445$ & $0.0521208$ & $-0.0436614$ & $0.0884607$ & $0.123719$ & $-0.0454397$ & $0.107857$ & $-0.0163072$ & $-0.0933796$ & $0.0347121$ & $-0.401768$ & $-0.110149$ & $0.0998173$ & $-0.204869$ & $1$ & $-0.112927$ & $0.141065$ \\
eHbbint & $-0.215381$ & $0.16768$ & $-0.029476$ & $0.00939666$ & $0.000603566$ & $-0.00069114$ & $0.0180233$ & $0.00598812$ & $0.00563809$ & $-0.0333662$ & $0.00610323$ & $-0.00101821$ & $-0.020786$ & $0.0377478$ & $0.00458247$ & $-0.0222636$ & $-0.0470188$ & $-0.0283133$ & $0.00247333$ & $-0.00189215$ & $-0.0082625$ & $-0.0219581$ & $0.00338021$ & $-0.0245419$ & $0.00800565$ & $-0.0304862$ & $-0.0112784$ & $0.000637738$ & $0.0122502$ & $8.77642e-05$ & $0.034801$ & $0.126778$ & $-0.017276$ & $0.0464114$ & $0.0996829$ & $-0.107262$ & $0.00840898$ & $0.121223$ & $0.0289099$ & $-0.0363388$ & $-0.0245637$ & $-0.031218$ & $0.152037$ & $0.0345992$ & $0.152279$ & $-0.112927$ & $1$ & $-0.0884716$ \\
eHbbpar & $0.234687$ & $-0.00838234$ & $0.18553$ & $-0.0175241$ & $0.023286$ & $0.0248737$ & $-0.0149032$ & $0.00592188$ & $0.00429215$ & $-0.0146038$ & $0.0155494$ & $0.00674728$ & $-0.0333362$ & $-0.0448703$ & $-0.0223244$ & $-0.0316664$ & $-0.00891828$ & $-0.0204149$ & $-0.02578$ & $-0.0111787$ & $-0.0044884$ & $0.0188109$ & $-0.0404623$ & $-0.0693949$ & $-0.0179289$ & $-0.00160696$ & $0.0113666$ & $0.0293509$ & $0.0085418$ & $0.0611961$ & $-0.000461893$ & $0.441173$ & $0.044654$ & $0.0556962$ & $0.0172401$ & $-0.17394$ & $0.0390154$ & $0.146395$ & $-0.0596667$ & $0.00512299$ & $-0.000817289$ & $0.00288281$ & $-0.242167$ & $-0.0831684$ & $0.0298807$ & $0.141065$ & $-0.0884716$ & $1$ \\
