 & AlsMz & dAle5Mz & mtop & mHl & Mz & CW & CHG & CHWB & CHWHB_gaga & CHWHB_gagaorth & CHD & CHbox & CH & CHL1_11 & CHL1_22 & CHL1_33 & CHL3_11 & CHL3_22 & CHL3_33 & CHe_11 & CHe_22 & CHe_33 & CHQ1_11 & CHQ1_33 & CHQ3_11 & CHu_11 & CHd_11 & CHd_33 & CeH_22r & CeH_33r & CuH_22r & CuH_33r & CdH_33r & CLL_1221 & eHggint & eHggpar & eHWWint & eHWWpar & eHZZint & eHZZpar & eHZgaint & eHZgapar & eHgagaint & eHmumuint & eHtautauint & eHccint & eHccpar & eHbbint & eHbbpar \\
AlsMz & $1$ & $0.182023$ & $0.0611228$ & $-0.120619$ & $0.00789031$ & $0.046417$ & $-0.0120459$ & $-0.107359$ & $-0.126554$ & $0.0355764$ & $0.0855591$ & $0.0248274$ & $-0.0441411$ & $-0.00926684$ & $-0.0063248$ & $0.0507011$ & $0.022689$ & $0.0366034$ & $-0.00684142$ & $-0.0795841$ & $-0.0960264$ & $-0.0896607$ & $-0.0469281$ & $0.0514539$ & $-0.0598396$ & $0.0502368$ & $-0.120058$ & $-0.0114439$ & $0.0254848$ & $-0.0212089$ & $-0.00651583$ & $-0.00560336$ & $0.00864687$ & $-0.0646153$ & $0.157033$ & $-0.0928244$ & $0.126306$ & $0.033063$ & $-0.0483579$ & $-0.0126517$ & $-0.0141981$ & $-0.0256128$ & $-0.167255$ & $0.0489363$ & $-0.0832031$ & $0.0309444$ & $0.0303169$ & $0.201862$ & $0.0506503$ \\
dAle5Mz & $0.182023$ & $1$ & $-0.101711$ & $-0.107052$ & $0.00957541$ & $0.0381363$ & $0.0144837$ & $-0.0878819$ & $-0.0836261$ & $0.0496066$ & $0.0488059$ & $0.0272459$ & $-0.0567372$ & $0.0187647$ & $-0.0646844$ & $-0.0158892$ & $0.0722026$ & $0.0951827$ & $0.0547057$ & $-0.0365408$ & $-0.0284602$ & $-0.0308755$ & $0.0148827$ & $0.0553313$ & $0.0754949$ & $-0.00590859$ & $0.0169841$ & $0.0191945$ & $-0.0396799$ & $-0.000255183$ & $0.0328491$ & $0.0197497$ & $-0.0181317$ & $0.0394398$ & $0.179464$ & $0.0501403$ & $-0.162759$ & $-0.0137455$ & $0.00805854$ & $-0.0503223$ & $0.0119624$ & $0.00606403$ & $0.0839898$ & $0.0782844$ & $-0.0539673$ & $-0.138556$ & $0.108701$ & $0.198253$ & $-0.0942141$ \\
mtop & $0.0611228$ & $-0.101711$ & $1$ & $-0.10187$ & $-0.00783922$ & $-0.0446896$ & $0.0617015$ & $-0.0297927$ & $-0.0316564$ & $0.0399105$ & $-0.00542596$ & $0.0156281$ & $-0.0392098$ & $0.0589044$ & $0.0755575$ & $0.093359$ & $0.0673447$ & $0.0284081$ & $0.0125848$ & $0.0202339$ & $-0.00480206$ & $-0.000289837$ & $-0.069025$ & $0.0614114$ & $-0.0268592$ & $0.0329178$ & $-0.162382$ & $0.0298053$ & $0.00824546$ & $0.0278559$ & $0.0670754$ & $0.07168$ & $0.0998583$ & $-0.0852458$ & $0.0968959$ & $-0.043094$ & $-0.248061$ & $0.0285593$ & $0.00168925$ & $-0.0242181$ & $-0.0829589$ & $-0.0500037$ & $-0.191844$ & $0.221101$ & $-0.235935$ & $0.124679$ & $0.188426$ & $0.192042$ & $0.126024$ \\
mHl & $-0.120619$ & $-0.107052$ & $-0.10187$ & $1$ & $-0.0273862$ & $0.0348732$ & $0.000733736$ & $0.0140617$ & $0.00903801$ & $-0.0119198$ & $-0.0107661$ & $-0.0345466$ & $0.0180287$ & $-0.000800208$ & $-0.0317231$ & $0.00300426$ & $0.0040644$ & $0.0176969$ & $-0.0120306$ & $0.002833$ & $0.0120965$ & $0.00505165$ & $0.0182662$ & $-0.014504$ & $0.0292233$ & $0.00561555$ & $0.0467879$ & $0.011141$ & $0.0357211$ & $-0.00278941$ & $-0.0950021$ & $-0.0214928$ & $-0.0098579$ & $0.036891$ & $-0.279111$ & $0.165174$ & $0.306119$ & $-0.0483794$ & $-0.0612413$ & $0.0768752$ & $0.136613$ & $0.0262436$ & $-0.131654$ & $0.0688915$ & $0.189951$ & $0.256568$ & $-0.151401$ & $0.187621$ & $-0.0239771$ \\
Mz & $0.00789031$ & $0.00957541$ & $-0.00783922$ & $-0.0273862$ & $1$ & $0.0135644$ & $0.00332235$ & $-0.022915$ & $-0.0289641$ & $0.00569284$ & $0.0335395$ & $-0.00608315$ & $-0.0021789$ & $-0.0132987$ & $0.0455888$ & $-0.0164733$ & $-0.0106871$ & $-0.0383021$ & $0.0118688$ & $-0.0199257$ & $-0.0255651$ & $-0.0251661$ & $-0.0244058$ & $0.00435418$ & $-0.0119324$ & $0.0467218$ & $-0.0246653$ & $-0.0106529$ & $-0.0189959$ & $-0.00194398$ & $-0.0160966$ & $0.0112771$ & $0.00147651$ & $-0.0590215$ & $0.0305223$ & $0.00739089$ & $-0.00761616$ & $0.00426267$ & $-0.0289345$ & $-0.00646867$ & $-0.00752561$ & $0.00304726$ & $-0.00139245$ & $0.0349243$ & $0.0344485$ & $0.00146021$ & $0.0425746$ & $0.0234223$ & $0.00215416$ \\
CW & $0.046417$ & $0.0381363$ & $-0.0446896$ & $0.0348732$ & $0.0135644$ & $1$ & $-0.00975669$ & $-0.120593$ & $-0.120458$ & $-0.0120804$ & $0.176351$ & $0.0053311$ & $0.0417378$ & $0.0292708$ & $-0.0914457$ & $-0.119001$ & $-0.25955$ & $-0.0424681$ & $-0.0263538$ & $-0.174864$ & $-0.175492$ & $-0.173851$ & $-0.0108951$ & $-0.0159385$ & $-0.0902009$ & $0.104199$ & $-0.0620883$ & $-0.0528343$ & $0.0204697$ & $-0.026166$ & $-0.0110441$ & $-0.0189356$ & $-0.0172695$ & $-0.102756$ & $-0.0353608$ & $-0.025353$ & $0.0124106$ & $0.0132911$ & $-0.0471315$ & $0.0385532$ & $-0.0188922$ & $0.0426027$ & $0.0271108$ & $0.0742925$ & $0.000599786$ & $0.0410821$ & $0.0126072$ & $0.0324916$ & $0.0173471$ \\
CHG & $-0.0120459$ & $0.0144837$ & $0.0617015$ & $0.000733736$ & $0.00332235$ & $-0.00975669$ & $1$ & $-0.057839$ & $-0.0114773$ & $0.048728$ & $0.0184303$ & $-0.0498298$ & $-0.267005$ & $0.0576252$ & $-0.0259356$ & $-0.0131871$ & $0.0739517$ & $0.0888095$ & $0.0774571$ & $-0.0204957$ & $-0.0193853$ & $-0.0204845$ & $0.00166428$ & $0.0671468$ & $0.0897682$ & $0.0323547$ & $0.00387434$ & $-0.0180627$ & $-0.00759978$ & $-0.148672$ & $-0.0594129$ & $0.938131$ & $-0.173769$ & $-0.0209787$ & $0.0575111$ & $-0.0245308$ & $0.058229$ & $-0.0107404$ & $0.0656329$ & $0.0319962$ & $0.0416683$ & $0.0138211$ & $-0.0768632$ & $0.0350608$ & $-0.00847574$ & $0.0326004$ & $-0.0106397$ & $0.0472427$ & $-0.0279433$ \\
CHWB & $-0.107359$ & $-0.0878819$ & $-0.0297927$ & $0.0140617$ & $-0.022915$ & $-0.120593$ & $-0.057839$ & $1$ & $0.981599$ & $-0.536823$ & $-0.871915$ & $-0.217607$ & $0.285025$ & $0.117872$ & $0.259227$ & $0.267442$ & $-0.183246$ & $-0.37442$ & $-0.382049$ & $0.840065$ & $0.890507$ & $0.874503$ & $0.0590509$ & $-0.637437$ & $-0.358016$ & $-0.492742$ & $0.412376$ & $0.285837$ & $0.0418445$ & $0.108352$ & $0.0405489$ & $-0.045198$ & $0.127144$ & $0.550806$ & $-0.00107794$ & $0.000637762$ & $-0.0703603$ & $-0.0236283$ & $-0.0489699$ & $-0.0344339$ & $0.01164$ & $-0.0467079$ & $-0.0175182$ & $-0.0257627$ & $-0.00223428$ & $-0.0287754$ & $-0.0539406$ & $-0.0367584$ & $0.00456927$ \\
CHWHB_gaga & $-0.126554$ & $-0.0836261$ & $-0.0316564$ & $0.00903801$ & $-0.0289641$ & $-0.120458$ & $-0.0114773$ & $0.981599$ & $1$ & $-0.5223$ & $-0.855069$ & $-0.190308$ & $0.279836$ & $0.113077$ & $0.248326$ & $0.264062$ & $-0.181711$ & $-0.364699$ & $-0.378266$ & $0.824257$ & $0.873603$ & $0.858663$ & $0.0576564$ & $-0.626606$ & $-0.349994$ & $-0.481479$ & $0.407968$ & $0.279198$ & $0.0493301$ & $0.129067$ & $0.0564029$ & $-0.00882988$ & $0.152024$ & $0.545656$ & $-0.0269407$ & $0.0167552$ & $-0.0814561$ & $-0.0237226$ & $-0.0521427$ & $-0.0370391$ & $0.0181206$ & $-0.0491755$ & $0.040737$ & $-0.0403491$ & $-0.000333169$ & $-0.0310472$ & $-0.0757135$ & $-0.030768$ & $0.000341169$ \\
CHWHB_gagaorth & $0.0355764$ & $0.0496066$ & $0.0399105$ & $-0.0119198$ & $0.00569284$ & $-0.0120804$ & $0.048728$ & $-0.536823$ & $-0.5223$ & $1$ & $0.325178$ & $0.616646$ & $-0.220703$ & $0.202572$ & $-0.12193$ & $-0.149787$ & $0.396541$ & $0.452426$ & $0.474418$ & $-0.31452$ & $-0.335452$ & $-0.333237$ & $-0.0443578$ & $0.503692$ & $0.453557$ & $0.189343$ & $-0.192521$ & $-0.0873359$ & $-0.00151888$ & $-0.108249$ & $-0.0405089$ & $0.0682056$ & $-0.148155$ & $-0.297953$ & $0.0157593$ & $0.00976679$ & $0.0277982$ & $0.034688$ & $0.00861322$ & $0.018229$ & $-0.0272464$ & $0.0432449$ & $0.00569097$ & $0.0124772$ & $0.000705892$ & $0.0370576$ & $0.0494035$ & $0.0217987$ & $-0.0551901$ \\
CHD & $0.0855591$ & $0.0488059$ & $-0.00542596$ & $-0.0107661$ & $0.0335395$ & $0.176351$ & $0.0184303$ & $-0.871915$ & $-0.855069$ & $0.325178$ & $1$ & $0.261081$ & $-0.116406$ & $-0.539873$ & $-0.39528$ & $-0.401318$ & $-0.284609$ & $-0.00364745$ & $0.00841305$ & $-0.989502$ & $-0.990408$ & $-0.968954$ & $0.0109047$ & $0.252177$ & $-0.0335355$ & $0.540288$ & $-0.260241$ & $-0.328594$ & $-0.0189344$ & $-0.0796391$ & $-0.0375858$ & $0.0152414$ & $-0.0907646$ & $-0.346735$ & $0.00794102$ & $0.021775$ & $0.0668941$ & $0.000838084$ & $0.0496391$ & $0.0184308$ & $0.00759948$ & $0.0230376$ & $0.0235982$ & $0.0194354$ & $0.034037$ & $0.0132018$ & $0.0132105$ & $0.0253087$ & $0.0132015$ \\
CHbox & $0.0248274$ & $0.0272459$ & $0.0156281$ & $-0.0345466$ & $-0.00608315$ & $0.0053311$ & $-0.0498298$ & $-0.217607$ & $-0.190308$ & $0.616646$ & $0.261081$ & $1$ & $0.133322$ & $-0.186894$ & $-0.0488097$ & $-0.0690799$ & $-0.0992738$ & $-0.0580703$ & $-0.0341149$ & $-0.241543$ & $-0.264214$ & $-0.254794$ & $-0.00729452$ & $0.0643507$ & $-0.0445476$ & $0.139623$ & $-0.0966689$ & $-0.0480759$ & $0.0454551$ & $0.221009$ & $0.0828252$ & $0.0409865$ & $0.266042$ & $-0.128678$ & $0.0916596$ & $0.0296882$ & $-0.00436282$ & $0.0201176$ & $0.0260141$ & $0.00305467$ & $0.0122215$ & $-0.00328904$ & $-0.010018$ & $0.00382573$ & $0.0348568$ & $-3.37592e-05$ & $0.0126201$ & $0.0040598$ & $-0.0462234$ \\
CH & $-0.0441411$ & $-0.0567372$ & $-0.0392098$ & $0.0180287$ & $-0.0021789$ & $0.0417378$ & $-0.267005$ & $0.285025$ & $0.279836$ & $-0.220703$ & $-0.116406$ & $0.133322$ & $1$ & $-0.226091$ & $0.0752909$ & $0.0697347$ & $-0.322977$ & $-0.35083$ & $-0.347094$ & $0.118777$ & $0.121218$ & $0.124044$ & $0.0291074$ & $-0.336004$ & $-0.337185$ & $-0.071529$ & $0.0893275$ & $0.0298515$ & $0.0541432$ & $0.262484$ & $0.118701$ & $-0.218015$ & $0.329955$ & $0.145554$ & $0.00482322$ & $0.040063$ & $-0.0351083$ & $-0.031777$ & $-0.000117501$ & $0.0067645$ & $0.0169842$ & $-0.033549$ & $0.0063016$ & $-0.00532291$ & $0.0266453$ & $-0.0155433$ & $-0.0168776$ & $-0.0176997$ & $-0.0109166$ \\
CHL1_11 & $-0.00926684$ & $0.0187647$ & $0.0589044$ & $-0.000800208$ & $-0.0132987$ & $0.0292708$ & $0.0576252$ & $0.117872$ & $0.113077$ & $0.202572$ & $-0.539873$ & $-0.186894$ & $-0.226091$ & $1$ & $0.281979$ & $0.27658$ & $0.667743$ & $0.60735$ & $0.598229$ & $0.558048$ & $0.499498$ & $0.481501$ & $-0.10892$ & $0.474673$ & $0.596973$ & $-0.250849$ & $-0.123857$ & $0.172213$ & $-0.0156104$ & $-0.0384412$ & $-0.00308786$ & $0.040497$ & $-0.0463946$ & $-0.205727$ & $-0.0299491$ & $-0.0274626$ & $-0.00622614$ & $0.0468113$ & $-0.0197814$ & $0.0154102$ & $-0.0211309$ & $0.0334379$ & $0.00104719$ & $0.004636$ & $-0.0560889$ & $0.0407382$ & $0.0586567$ & $-0.00591942$ & $-0.0339901$ \\
CHL1_22 & $-0.0063248$ & $-0.0646844$ & $0.0755575$ & $-0.0317231$ & $0.0455888$ & $-0.0914457$ & $-0.0259356$ & $0.259227$ & $0.248326$ & $-0.12193$ & $-0.39528$ & $-0.0488097$ & $0.0752909$ & $0.281979$ & $1$ & $0.447681$ & $0.198691$ & $-0.428954$ & $-0.00390403$ & $0.467577$ & $0.304986$ & $0.300932$ & $-0.185157$ & $0.160905$ & $-0.10054$ & $-0.167892$ & $-0.431457$ & $0.101204$ & $0.00768542$ & $0.0782646$ & $0.0243665$ & $-0.0170131$ & $0.0643534$ & $-0.63384$ & $0.00686003$ & $-0.103442$ & $-0.0450433$ & $-0.0336456$ & $0.0435367$ & $0.0249276$ & $0.0252058$ & $-0.0278905$ & $-0.060926$ & $0.00499798$ & $-0.0126052$ & $-0.0441188$ & $0.0482772$ & $0.022063$ & $-0.0170158$ \\
CHL1_33 & $0.0507011$ & $-0.0158892$ & $0.093359$ & $0.00300426$ & $-0.0164733$ & $-0.119001$ & $-0.0131871$ & $0.267442$ & $0.264062$ & $-0.149787$ & $-0.401318$ & $-0.0690799$ & $0.0697347$ & $0.27658$ & $0.447681$ & $1$ & $0.198936$ & $0.00378831$ & $-0.426303$ & $0.469957$ & $0.313817$ & $0.335253$ & $-0.187225$ & $0.14798$ & $-0.100139$ & $-0.164172$ & $-0.410034$ & $0.0847173$ & $-0.00729808$ & $0.0638728$ & $0.0627434$ & $-0.00929075$ & $0.0528327$ & $-0.13066$ & $0.0417907$ & $-0.0195377$ & $-0.0244875$ & $0.00253838$ & $0.0420093$ & $-0.00202923$ & $-0.0111376$ & $-0.0199243$ & $-0.0354944$ & $0.0620823$ & $-0.0191887$ & $-0.0179431$ & $0.051559$ & $0.00241331$ & $-0.0583396$ \\
CHL3_11 & $0.022689$ & $0.0722026$ & $0.0673447$ & $0.0040644$ & $-0.0106871$ & $-0.25955$ & $0.0739517$ & $-0.183246$ & $-0.181711$ & $0.396541$ & $-0.284609$ & $-0.0992738$ & $-0.322977$ & $0.667743$ & $0.198691$ & $0.198936$ & $1$ & $0.724019$ & $0.715935$ & $0.30788$ & $0.251709$ & $0.240939$ & $-0.0946577$ & $0.665361$ & $0.764879$ & $-0.12813$ & $-0.163915$ & $0.110837$ & $-0.0496348$ & $-0.0470832$ & $-0.00904607$ & $0.0581812$ & $-0.0550034$ & $-0.218551$ & $-0.013483$ & $-0.044286$ & $-0.00716351$ & $0.0405227$ & $-0.0175176$ & $0.0259$ & $-0.0500145$ & $0.0410194$ & $-0.0276093$ & $0.00682807$ & $-0.0691991$ & $0.0253252$ & $0.0615092$ & $0.0276947$ & $-0.0238589$ \\
CHL3_22 & $0.0366034$ & $0.0951827$ & $0.0284081$ & $0.0176969$ & $-0.0383021$ & $-0.0424681$ & $0.0888095$ & $-0.37442$ & $-0.364699$ & $0.452426$ & $-0.00364745$ & $-0.0580703$ & $-0.35083$ & $0.60735$ & $-0.428954$ & $0.00378831$ & $0.724019$ & $1$ & $0.650774$ & $-0.00190975$ & $0.0122686$ & $0.00648081$ & $-0.00874976$ & $0.588576$ & $0.77783$ & $0.00804631$ & $0.0104324$ & $0.0205891$ & $-0.0468585$ & $-0.105179$ & $-0.0192403$ & $0.0657395$ & $-0.10751$ & $0.087791$ & $-0.016289$ & $0.0303166$ & $0.0340528$ & $0.0684096$ & $-0.0306659$ & $0.0077976$ & $-0.0574508$ & $0.0604883$ & $0.0270951$ & $0.016643$ & $-0.0528294$ & $0.065826$ & $0.0439979$ & $0.00342053$ & $-0.02393$ \\
CHL3_33 & $-0.00684142$ & $0.0547057$ & $0.0125848$ & $-0.0120306$ & $0.0118688$ & $-0.0263538$ & $0.0774571$ & $-0.382049$ & $-0.378266$ & $0.474418$ & $0.00841305$ & $-0.0341149$ & $-0.347094$ & $0.598229$ & $-0.00390403$ & $-0.426303$ & $0.715935$ & $0.650774$ & $1$ & $-0.0126396$ & $0.000890139$ & $-0.00277551$ & $-0.00331953$ & $0.59011$ & $0.779922$ & $0.0107036$ & $0.0122544$ & $0.0324473$ & $-0.0331004$ & $-0.0935013$ & $-0.0464413$ & $0.057711$ & $-0.0969815$ & $-0.303635$ & $-0.039061$ & $-0.0336254$ & $0.0201914$ & $0.0452847$ & $-0.0307247$ & $0.0322046$ & $-0.0263944$ & $0.0522203$ & $0.00647017$ & $-0.0319422$ & $-0.0498646$ & $0.0435615$ & $0.0395629$ & $0.017112$ & $0.0105613$ \\
CHe_11 & $-0.0795841$ & $-0.0365408$ & $0.0202339$ & $0.002833$ & $-0.0199257$ & $-0.174864$ & $-0.0204957$ & $0.840065$ & $0.824257$ & $-0.31452$ & $-0.989502$ & $-0.241543$ & $0.118777$ & $0.558048$ & $0.467577$ & $0.469957$ & $0.30788$ & $-0.00190975$ & $-0.0126396$ & $1$ & $0.969669$ & $0.949238$ & $-0.0375202$ & $-0.193679$ & $0.0404084$ & $-0.529113$ & $0.180699$ & $0.321407$ & $0.0152712$ & $0.0833405$ & $0.0446308$ & $-0.0165977$ & $0.0938413$ & $0.260715$ & $0.00168542$ & $-0.029859$ & $-0.0704231$ & $-0.000636265$ & $-0.0394264$ & $-0.0161972$ & $-0.00789193$ & $-0.0251642$ & $-0.0237396$ & $-0.0127759$ & $-0.0352397$ & $-0.0172665$ & $0.000433371$ & $-0.0194875$ & $-0.0164087$ \\
CHe_22 & $-0.0960264$ & $-0.0284602$ & $-0.00480206$ & $0.0120965$ & $-0.0255651$ & $-0.175492$ & $-0.0193853$ & $0.890507$ & $0.873603$ & $-0.335452$ & $-0.990408$ & $-0.264214$ & $0.121218$ & $0.499498$ & $0.304986$ & $0.313817$ & $0.251709$ & $0.0122686$ & $0.000890139$ & $0.969669$ & $1$ & $0.974062$ & $0.0196157$ & $-0.31073$ & $0.0288123$ & $-0.545368$ & $0.34639$ & $0.332124$ & $0.0197332$ & $0.0758667$ & $0.0338276$ & $-0.0160053$ & $0.08954$ & $0.438171$ & $-0.00698149$ & $-0.0114958$ & $-0.0722245$ & $-0.00017837$ & $-0.0584119$ & $-0.0241252$ & $-0.0077064$ & $-0.0218205$ & $-0.0180887$ & $-0.0227216$ & $-0.033355$ & $-0.0133851$ & $-0.0199713$ & $-0.0244539$ & $-0.00853607$ \\
CHe_33 & $-0.0896607$ & $-0.0308755$ & $-0.000289837$ & $0.00505165$ & $-0.0251661$ & $-0.173851$ & $-0.0204845$ & $0.874503$ & $0.858663$ & $-0.333237$ & $-0.968954$ & $-0.254794$ & $0.124044$ & $0.481501$ & $0.300932$ & $0.335253$ & $0.240939$ & $0.00648081$ & $-0.00277551$ & $0.949238$ & $0.974062$ & $1$ & $0.0120955$ & $-0.308564$ & $0.0225705$ & $-0.52698$ & $0.337893$ & $0.319527$ & $0.0226915$ & $0.0824333$ & $0.0378126$ & $-0.0169635$ & $0.0916011$ & $0.431887$ & $-0.00462494$ & $-0.0069862$ & $-0.0792225$ & $0.00832232$ & $-0.0561716$ & $-0.0244053$ & $-0.0091965$ & $-0.0236401$ & $-0.0178181$ & $-0.0203106$ & $-0.0363114$ & $-0.019337$ & $-0.0217851$ & $-0.0274024$ & $-0.0160773$ \\
CHQ1_11 & $-0.0469281$ & $0.0148827$ & $-0.069025$ & $0.0182662$ & $-0.0244058$ & $-0.0108951$ & $0.00166428$ & $0.0590509$ & $0.0576564$ & $-0.0443578$ & $0.0109047$ & $-0.00729452$ & $0.0291074$ & $-0.10892$ & $-0.185157$ & $-0.187225$ & $-0.0946577$ & $-0.00874976$ & $-0.00331953$ & $-0.0375202$ & $0.0196157$ & $0.0120955$ & $1$ & $-0.141662$ & $0.0644311$ & $-0.69096$ & $0.349831$ & $0.0257434$ & $-0.030452$ & $-0.0133848$ & $-0.00473995$ & $-0.00230037$ & $-0.00236132$ & $0.202872$ & $0.0115706$ & $0.0343203$ & $0.0427766$ & $-0.0155098$ & $-0.0430761$ & $-0.0199177$ & $-0.000873006$ & $0.0119035$ & $0.00423097$ & $-0.0139985$ & $-0.00133267$ & $0.00962059$ & $-0.00968752$ & $0.0302523$ & $0.0408463$ \\
CHQ1_33 & $0.0514539$ & $0.0553313$ & $0.0614114$ & $-0.014504$ & $0.00435418$ & $-0.0159385$ & $0.0671468$ & $-0.637437$ & $-0.626606$ & $0.503692$ & $0.252177$ & $0.0643507$ & $-0.336004$ & $0.474673$ & $0.160905$ & $0.14798$ & $0.665361$ & $0.588576$ & $0.59011$ & $-0.193679$ & $-0.31073$ & $-0.308564$ & $-0.141662$ & $1$ & $0.622338$ & $0.179652$ & $-0.416883$ & $0.0192445$ & $-0.0517803$ & $-0.0816779$ & $-0.0196702$ & $0.0537$ & $-0.101024$ & $-0.613045$ & $0.0127895$ & $-0.0399039$ & $0.0251033$ & $0.0402353$ & $0.0431649$ & $0.0532702$ & $-0.0169769$ & $0.0530949$ & $-0.0141436$ & $0.0147072$ & $-0.0404174$ & $0.024904$ & $0.0815111$ & $0.00515974$ & $-0.0285801$ \\
CHQ3_11 & $-0.0598396$ & $0.0754949$ & $-0.0268592$ & $0.0292233$ & $-0.0119324$ & $-0.0902009$ & $0.0897682$ & $-0.358016$ & $-0.349994$ & $0.453557$ & $-0.0335355$ & $-0.0445476$ & $-0.337185$ & $0.596973$ & $-0.10054$ & $-0.100139$ & $0.764879$ & $0.77783$ & $0.779922$ & $0.0404084$ & $0.0288123$ & $0.0225705$ & $0.0644311$ & $0.622338$ & $1$ & $-0.0139449$ & $0.217475$ & $0.0334683$ & $-0.039578$ & $-0.0948933$ & $-0.0571138$ & $0.0677248$ & $-0.106649$ & $-0.170886$ & $-0.0212052$ & $0.0450768$ & $0.0184644$ & $0.0473571$ & $-0.0350795$ & $0.0184791$ & $-0.0454736$ & $0.0279252$ & $0.028978$ & $-0.0386224$ & $-0.0598825$ & $0.0393145$ & $0.0103103$ & $0.0130331$ & $-0.0230802$ \\
CHu_11 & $0.0502368$ & $-0.00590859$ & $0.0329178$ & $0.00561555$ & $0.0467218$ & $0.104199$ & $0.0323547$ & $-0.492742$ & $-0.481479$ & $0.189343$ & $0.540288$ & $0.139623$ & $-0.071529$ & $-0.250849$ & $-0.167892$ & $-0.164172$ & $-0.12813$ & $0.00804631$ & $0.0107036$ & $-0.529113$ & $-0.545368$ & $-0.52698$ & $-0.69096$ & $0.179652$ & $-0.0139449$ & $1$ & $-0.184668$ & $-0.196993$ & $0.0238402$ & $-0.0378156$ & $-0.0200199$ & $0.0364082$ & $-0.0469385$ & $-0.247695$ & $-0.0018482$ & $0.0191687$ & $-0.00589335$ & $0.0120858$ & $0.044822$ & $0.0294801$ & $0.00672695$ & $0.0163584$ & $0.00826722$ & $0.0105688$ & $0.00348918$ & $0.00833241$ & $-0.0129316$ & $-0.0303042$ & $-0.0254137$ \\
CHd_11 & $-0.120058$ & $0.0169841$ & $-0.162382$ & $0.0467879$ & $-0.0246653$ & $-0.0620883$ & $0.00387434$ & $0.412376$ & $0.407968$ & $-0.192521$ & $-0.260241$ & $-0.0966689$ & $0.0893275$ & $-0.123857$ & $-0.431457$ & $-0.410034$ & $-0.163915$ & $0.0104324$ & $0.0122544$ & $0.180699$ & $0.34639$ & $0.337893$ & $0.349831$ & $-0.416883$ & $0.217475$ & $-0.184668$ & $1$ & $0.113656$ & $0.0268779$ & $-0.00634462$ & $-0.0443936$ & $0.00468856$ & $0.0134143$ & $0.686102$ & $0.00649247$ & $0.112929$ & $-0.0221137$ & $0.000810117$ & $-0.0929047$ & $-0.0302165$ & $-0.00697038$ & $-0.0293416$ & $0.0328168$ & $-0.0854424$ & $-0.0193213$ & $0.00053888$ & $-0.117622$ & $-0.0253307$ & $0.0214189$ \\
CHd_33 & $-0.0114439$ & $0.0191945$ & $0.0298053$ & $0.011141$ & $-0.0106529$ & $-0.0528343$ & $-0.0180627$ & $0.285837$ & $0.279198$ & $-0.0873359$ & $-0.328594$ & $-0.0480759$ & $0.0298515$ & $0.172213$ & $0.101204$ & $0.0847173$ & $0.110837$ & $0.0205891$ & $0.0324473$ & $0.321407$ & $0.332124$ & $0.319527$ & $0.0257434$ & $0.0192445$ & $0.0334683$ & $-0.196993$ & $0.113656$ & $1$ & $-0.0247246$ & $0.0433906$ & $0.0263804$ & $-0.00749314$ & $0.0442292$ & $0.14407$ & $0.0321743$ & $-0.00348746$ & $-0.0424198$ & $-0.0103262$ & $0.0280869$ & $0.0146703$ & $0.0312234$ & $-0.00193277$ & $-0.00470297$ & $-0.00554931$ & $-0.0119616$ & $-0.0193794$ & $0.00637345$ & $-0.0201756$ & $-0.0169131$ \\
CeH_22r & $0.0254848$ & $-0.0396799$ & $0.00824546$ & $0.0357211$ & $-0.0189959$ & $0.0204697$ & $-0.00759978$ & $0.0418445$ & $0.0493301$ & $-0.00151888$ & $-0.0189344$ & $0.0454551$ & $0.0541432$ & $-0.0156104$ & $0.00768542$ & $-0.00729808$ & $-0.0496348$ & $-0.0468585$ & $-0.0331004$ & $0.0152712$ & $0.0197332$ & $0.0226915$ & $-0.030452$ & $-0.0517803$ & $-0.039578$ & $0.0238402$ & $0.0268779$ & $-0.0247246$ & $1$ & $0.0350474$ & $0.0123398$ & $-0.0157159$ & $0.0153951$ & $0.0180788$ & $0.0138967$ & $-0.00557105$ & $-0.0567304$ & $0.00824647$ & $-0.025184$ & $0.00340843$ & $-0.004246$ & $0.0170711$ & $-0.018801$ & $0.0128194$ & $-0.0191693$ & $0.021176$ & $-0.0334625$ & $-0.0237308$ & $-0.0464601$ \\
CeH_33r & $-0.0212089$ & $-0.000255183$ & $0.0278559$ & $-0.00278941$ & $-0.00194398$ & $-0.026166$ & $-0.148672$ & $0.108352$ & $0.129067$ & $-0.108249$ & $-0.0796391$ & $0.221009$ & $0.262484$ & $-0.0384412$ & $0.0782646$ & $0.0638728$ & $-0.0470832$ & $-0.105179$ & $-0.0935013$ & $0.0833405$ & $0.0758667$ & $0.0824333$ & $-0.0133848$ & $-0.0816779$ & $-0.0948933$ & $-0.0378156$ & $-0.00634462$ & $0.0433906$ & $0.0350474$ & $1$ & $0.332092$ & $-0.00518616$ & $0.670213$ & $0.0214936$ & $0.00142815$ & $0.0575266$ & $-0.151257$ & $-0.0596127$ & $-0.0140935$ & $0.0113325$ & $-0.00407181$ & $-0.0104862$ & $-0.00349759$ & $-0.03791$ & $0.00895833$ & $-0.0575197$ & $-0.0471425$ & $-0.0507114$ & $-0.0246116$ \\
CuH_22r & $-0.00651583$ & $0.0328491$ & $0.0670754$ & $-0.0950021$ & $-0.0160966$ & $-0.0110441$ & $-0.0594129$ & $0.0405489$ & $0.0564029$ & $-0.0405089$ & $-0.0375858$ & $0.0828252$ & $0.118701$ & $-0.00308786$ & $0.0243665$ & $0.0627434$ & $-0.00904607$ & $-0.0192403$ & $-0.0464413$ & $0.0446308$ & $0.0338276$ & $0.0378126$ & $-0.00473995$ & $-0.0196702$ & $-0.0571138$ & $-0.0200199$ & $-0.0443936$ & $0.0263804$ & $0.0123398$ & $0.332092$ & $1$ & $0.030363$ & $0.384618$ & $0.0124158$ & $0.0329293$ & $0.0484808$ & $-0.0978913$ & $-0.0347286$ & $-0.0455963$ & $-0.000158744$ & $-0.0455114$ & $-0.0207348$ & $-0.0172973$ & $0.0245706$ & $-0.0437857$ & $0.058759$ & $0.245294$ & $-0.0236363$ & $-0.0420396$ \\
CuH_33r & $-0.00560336$ & $0.0197497$ & $0.07168$ & $-0.0214928$ & $0.0112771$ & $-0.0189356$ & $0.938131$ & $-0.045198$ & $-0.00882988$ & $0.0682056$ & $0.0152414$ & $0.0409865$ & $-0.218015$ & $0.040497$ & $-0.0170131$ & $-0.00929075$ & $0.0581812$ & $0.0657395$ & $0.057711$ & $-0.0165977$ & $-0.0160053$ & $-0.0169635$ & $-0.00230037$ & $0.0537$ & $0.0677248$ & $0.0364082$ & $0.00468856$ & $-0.00749314$ & $-0.0157159$ & $-0.00518616$ & $0.030363$ & $1$ & $0.00647627$ & $-0.0172966$ & $0.125866$ & $-0.00528767$ & $0.0267262$ & $-0.0169795$ & $0.0772906$ & $0.0385479$ & $0.0273172$ & $0.00218722$ & $-0.0977708$ & $0.0472795$ & $-0.00139018$ & $0.0187533$ & $-0.000828109$ & $0.0330839$ & $-0.0455071$ \\
CdH_33r & $0.00864687$ & $-0.0181317$ & $0.0998583$ & $-0.0098579$ & $0.00147651$ & $-0.0172695$ & $-0.173769$ & $0.127144$ & $0.152024$ & $-0.148155$ & $-0.0907646$ & $0.266042$ & $0.329955$ & $-0.0463946$ & $0.0643534$ & $0.0528327$ & $-0.0550034$ & $-0.10751$ & $-0.0969815$ & $0.0938413$ & $0.08954$ & $0.0916011$ & $-0.00236132$ & $-0.101024$ & $-0.106649$ & $-0.0469385$ & $0.0134143$ & $0.0442292$ & $0.0153951$ & $0.670213$ & $0.384618$ & $0.00647627$ & $1$ & $0.0480076$ & $-0.058806$ & $-0.0325086$ & $-0.0853476$ & $-0.0168785$ & $-0.086213$ & $0.00814654$ & $-0.0628269$ & $-0.0552634$ & $-0.00728837$ & $-0.0421529$ & $-0.0359802$ & $-0.0131793$ & $0.00873319$ & $0.127793$ & $0.306749$ \\
CLL_1221 & $-0.0646153$ & $0.0394398$ & $-0.0852458$ & $0.036891$ & $-0.0590215$ & $-0.102756$ & $-0.0209787$ & $0.550806$ & $0.545656$ & $-0.297953$ & $-0.346735$ & $-0.128678$ & $0.145554$ & $-0.205727$ & $-0.63384$ & $-0.13066$ & $-0.218551$ & $0.087791$ & $-0.303635$ & $0.260715$ & $0.438171$ & $0.431887$ & $0.202872$ & $-0.613045$ & $-0.170886$ & $-0.247695$ & $0.686102$ & $0.14407$ & $0.0180788$ & $0.0214936$ & $0.0124158$ & $-0.0172966$ & $0.0480076$ & $1$ & $0.00659359$ & $0.0845338$ & $-0.0308827$ & $0.00773798$ & $-0.0758808$ & $-0.0516833$ & $-0.0209357$ & $-0.0141413$ & $0.0287484$ & $-0.0148021$ & $-0.000542548$ & $0.00599417$ & $-0.0790303$ & $-0.0290104$ & $0.0114366$ \\
eHggint & $0.157033$ & $0.179464$ & $0.0968959$ & $-0.279111$ & $0.0305223$ & $-0.0353608$ & $0.0575111$ & $-0.00107794$ & $-0.0269407$ & $0.0157593$ & $0.00794102$ & $0.0916596$ & $0.00482322$ & $-0.0299491$ & $0.00686003$ & $0.0417907$ & $-0.013483$ & $-0.016289$ & $-0.039061$ & $0.00168542$ & $-0.00698149$ & $-0.00462494$ & $0.0115706$ & $0.0127895$ & $-0.0212052$ & $-0.0018482$ & $0.00649247$ & $0.0321743$ & $0.0138967$ & $0.00142815$ & $0.0329293$ & $0.125866$ & $-0.058806$ & $0.00659359$ & $1$ & $-0.149275$ & $-0.0339$ & $-0.0361125$ & $0.060932$ & $-0.00925759$ & $-0.0871508$ & $-0.0209861$ & $-0.309904$ & $0.150566$ & $0.0573582$ & $-0.0295722$ & $0.0523463$ & $-0.110598$ & $-0.117542$ \\
eHggpar & $-0.0928244$ & $0.0501403$ & $-0.043094$ & $0.165174$ & $0.00739089$ & $-0.025353$ & $-0.0245308$ & $0.000637762$ & $0.0167552$ & $0.00976679$ & $0.021775$ & $0.0296882$ & $0.040063$ & $-0.0274626$ & $-0.103442$ & $-0.0195377$ & $-0.044286$ & $0.0303166$ & $-0.0336254$ & $-0.029859$ & $-0.0114958$ & $-0.0069862$ & $0.0343203$ & $-0.0399039$ & $0.0450768$ & $0.0191687$ & $0.112929$ & $-0.00348746$ & $-0.00557105$ & $0.0575266$ & $0.0484808$ & $-0.00528767$ & $-0.0325086$ & $0.0845338$ & $-0.149275$ & $1$ & $0.0417803$ & $0.00620161$ & $0.0709912$ & $-0.0740826$ & $0.112962$ & $0.00936759$ & $0.315152$ & $-0.0457536$ & $0.0912784$ & $-0.117166$ & $-0.0171074$ & $0.0152834$ & $-0.213287$ \\
eHWWint & $0.126306$ & $-0.162759$ & $-0.248061$ & $0.306119$ & $-0.00761616$ & $0.0124106$ & $0.058229$ & $-0.0703603$ & $-0.0814561$ & $0.0277982$ & $0.0668941$ & $-0.00436282$ & $-0.0351083$ & $-0.00622614$ & $-0.0450433$ & $-0.0244875$ & $-0.00716351$ & $0.0340528$ & $0.0201914$ & $-0.0704231$ & $-0.0722245$ & $-0.0792225$ & $0.0427766$ & $0.0251033$ & $0.0184644$ & $-0.00589335$ & $-0.0221137$ & $-0.0424198$ & $-0.0567304$ & $-0.151257$ & $-0.0978913$ & $0.0267262$ & $-0.0853476$ & $-0.0308827$ & $-0.0339$ & $0.0417803$ & $1$ & $-0.0684266$ & $0.0825185$ & $-0.0159988$ & $0.163822$ & $0.00772177$ & $-0.00219069$ & $-0.0727085$ & $0.272748$ & $0.192222$ & $0.0180094$ & $0.199821$ & $0.192109$ \\
eHWWpar & $0.033063$ & $-0.0137455$ & $0.0285593$ & $-0.0483794$ & $0.00426267$ & $0.0132911$ & $-0.0107404$ & $-0.0236283$ & $-0.0237226$ & $0.034688$ & $0.000838084$ & $0.0201176$ & $-0.031777$ & $0.0468113$ & $-0.0336456$ & $0.00253838$ & $0.0405227$ & $0.0684096$ & $0.0452847$ & $-0.000636265$ & $-0.00017837$ & $0.00832232$ & $-0.0155098$ & $0.0402353$ & $0.0473571$ & $0.0120858$ & $0.000810117$ & $-0.0103262$ & $0.00824647$ & $-0.0596127$ & $-0.0347286$ & $-0.0169795$ & $-0.0168785$ & $0.00773798$ & $-0.0361125$ & $0.00620161$ & $-0.0684266$ & $1$ & $-0.0475793$ & $-0.0223632$ & $-0.0532427$ & $-0.0301007$ & $-0.00749514$ & $-0.0125685$ & $-0.0603025$ & $0.0524317$ & $-0.0115848$ & $0.054558$ & $0.00248547$ \\
eHZZint & $-0.0483579$ & $0.00805854$ & $0.00168925$ & $-0.0612413$ & $-0.0289345$ & $-0.0471315$ & $0.0656329$ & $-0.0489699$ & $-0.0521427$ & $0.00861322$ & $0.0496391$ & $0.0260141$ & $-0.000117501$ & $-0.0197814$ & $0.0435367$ & $0.0420093$ & $-0.0175176$ & $-0.0306659$ & $-0.0307247$ & $-0.0394264$ & $-0.0584119$ & $-0.0561716$ & $-0.0430761$ & $0.0431649$ & $-0.0350795$ & $0.044822$ & $-0.0929047$ & $0.0280869$ & $-0.025184$ & $-0.0140935$ & $-0.0455963$ & $0.0772906$ & $-0.086213$ & $-0.0758808$ & $0.060932$ & $0.0709912$ & $0.0825185$ & $-0.0475793$ & $1$ & $0.0697083$ & $0.125808$ & $-0.0393338$ & $-0.0329776$ & $0.0148338$ & $0.0682596$ & $-0.259529$ & $-0.218771$ & $-0.0690217$ & $-0.166131$ \\
eHZZpar & $-0.0126517$ & $-0.0503223$ & $-0.0242181$ & $0.0768752$ & $-0.00646867$ & $0.0385532$ & $0.0319962$ & $-0.0344339$ & $-0.0370391$ & $0.018229$ & $0.0184308$ & $0.00305467$ & $0.0067645$ & $0.0154102$ & $0.0249276$ & $-0.00202923$ & $0.0259$ & $0.0077976$ & $0.0322046$ & $-0.0161972$ & $-0.0241252$ & $-0.0244053$ & $-0.0199177$ & $0.0532702$ & $0.0184791$ & $0.0294801$ & $-0.0302165$ & $0.0146703$ & $0.00340843$ & $0.0113325$ & $-0.000158744$ & $0.0385479$ & $0.00814654$ & $-0.0516833$ & $-0.00925759$ & $-0.0740826$ & $-0.0159988$ & $-0.0223632$ & $0.0697083$ & $1$ & $0.0450464$ & $-0.0111865$ & $-0.0687875$ & $-0.0301069$ & $-0.000329625$ & $0.0200088$ & $-0.0320755$ & $-0.0144193$ & $-0.00470868$ \\
eHZgaint & $-0.0141981$ & $0.0119624$ & $-0.0829589$ & $0.136613$ & $-0.00752561$ & $-0.0188922$ & $0.0416683$ & $0.01164$ & $0.0181206$ & $-0.0272464$ & $0.00759948$ & $0.0122215$ & $0.0169842$ & $-0.0211309$ & $0.0252058$ & $-0.0111376$ & $-0.0500145$ & $-0.0574508$ & $-0.0263944$ & $-0.00789193$ & $-0.0077064$ & $-0.0091965$ & $-0.000873006$ & $-0.0169769$ & $-0.0454736$ & $0.00672695$ & $-0.00697038$ & $0.0312234$ & $-0.004246$ & $-0.00407181$ & $-0.0455114$ & $0.0273172$ & $-0.0628269$ & $-0.0209357$ & $-0.0871508$ & $0.112962$ & $0.163822$ & $-0.0532427$ & $0.125808$ & $0.0450464$ & $1$ & $-0.00415448$ & $0.0791244$ & $-0.190704$ & $0.127616$ & $-0.0630592$ & $-0.29915$ & $0.00186055$ & $-0.0815796$ \\
eHZgapar & $-0.0256128$ & $0.00606403$ & $-0.0500037$ & $0.0262436$ & $0.00304726$ & $0.0426027$ & $0.0138211$ & $-0.0467079$ & $-0.0491755$ & $0.0432449$ & $0.0230376$ & $-0.00328904$ & $-0.033549$ & $0.0334379$ & $-0.0278905$ & $-0.0199243$ & $0.0410194$ & $0.0604883$ & $0.0522203$ & $-0.0251642$ & $-0.0218205$ & $-0.0236401$ & $0.0119035$ & $0.0530949$ & $0.0279252$ & $0.0163584$ & $-0.0293416$ & $-0.00193277$ & $0.0170711$ & $-0.0104862$ & $-0.0207348$ & $0.00218722$ & $-0.0552634$ & $-0.0141413$ & $-0.0209861$ & $0.00936759$ & $0.00772177$ & $-0.0301007$ & $-0.0393338$ & $-0.0111865$ & $-0.00415448$ & $1$ & $-0.000190014$ & $-0.0372483$ & $-0.0574055$ & $-0.0379531$ & $0.0653792$ & $-0.0572749$ & $-0.0283121$ \\
eHgagaint & $-0.167255$ & $0.0839898$ & $-0.191844$ & $-0.131654$ & $-0.00139245$ & $0.0271108$ & $-0.0768632$ & $-0.0175182$ & $0.040737$ & $0.00569097$ & $0.0235982$ & $-0.010018$ & $0.0063016$ & $0.00104719$ & $-0.060926$ & $-0.0354944$ & $-0.0276093$ & $0.0270951$ & $0.00647017$ & $-0.0237396$ & $-0.0180887$ & $-0.0178181$ & $0.00423097$ & $-0.0141436$ & $0.028978$ & $0.00826722$ & $0.0328168$ & $-0.00470297$ & $-0.018801$ & $-0.00349759$ & $-0.0172973$ & $-0.0977708$ & $-0.00728837$ & $0.0287484$ & $-0.309904$ & $0.315152$ & $-0.00219069$ & $-0.00749514$ & $-0.0329776$ & $-0.0687875$ & $0.0791244$ & $-0.000190014$ & $1$ & $-0.255709$ & $0.0369027$ & $-0.0373622$ & $-0.235164$ & $0.0907932$ & $-0.0718254$ \\
eHmumuint & $0.0489363$ & $0.0782844$ & $0.221101$ & $0.0688915$ & $0.0349243$ & $0.0742925$ & $0.0350608$ & $-0.0257627$ & $-0.0403491$ & $0.0124772$ & $0.0194354$ & $0.00382573$ & $-0.00532291$ & $0.004636$ & $0.00499798$ & $0.0620823$ & $0.00682807$ & $0.016643$ & $-0.0319422$ & $-0.0127759$ & $-0.0227216$ & $-0.0203106$ & $-0.0139985$ & $0.0147072$ & $-0.0386224$ & $0.0105688$ & $-0.0854424$ & $-0.00554931$ & $0.0128194$ & $-0.03791$ & $0.0245706$ & $0.0472795$ & $-0.0421529$ & $-0.0148021$ & $0.150566$ & $-0.0457536$ & $-0.0727085$ & $-0.0125685$ & $0.0148338$ & $-0.0301069$ & $-0.190704$ & $-0.0372483$ & $-0.255709$ & $1$ & $-0.0752216$ & $0.275227$ & $0.162622$ & $0.256902$ & $-0.264076$ \\
eHtautauint & $-0.0832031$ & $-0.0539673$ & $-0.235935$ & $0.189951$ & $0.0344485$ & $0.000599786$ & $-0.00847574$ & $-0.00223428$ & $-0.000333169$ & $0.000705892$ & $0.034037$ & $0.0348568$ & $0.0266453$ & $-0.0560889$ & $-0.0126052$ & $-0.0191887$ & $-0.0691991$ & $-0.0528294$ & $-0.0498646$ & $-0.0352397$ & $-0.033355$ & $-0.0363114$ & $-0.00133267$ & $-0.0404174$ & $-0.0598825$ & $0.00348918$ & $-0.0193213$ & $-0.0119616$ & $-0.0191693$ & $0.00895833$ & $-0.0437857$ & $-0.00139018$ & $-0.0359802$ & $-0.000542548$ & $0.0573582$ & $0.0912784$ & $0.272748$ & $-0.0603025$ & $0.0682596$ & $-0.000329625$ & $0.127616$ & $-0.0574055$ & $0.0369027$ & $-0.0752216$ & $1$ & $-0.00951445$ & $-0.109392$ & $-0.0709696$ & $0.00601942$ \\
eHccint & $0.0309444$ & $-0.138556$ & $0.124679$ & $0.256568$ & $0.00146021$ & $0.0410821$ & $0.0326004$ & $-0.0287754$ & $-0.0310472$ & $0.0370576$ & $0.0132018$ & $-3.37592e-05$ & $-0.0155433$ & $0.0407382$ & $-0.0441188$ & $-0.0179431$ & $0.0253252$ & $0.065826$ & $0.0435615$ & $-0.0172665$ & $-0.0133851$ & $-0.019337$ & $0.00962059$ & $0.024904$ & $0.0393145$ & $0.00833241$ & $0.00053888$ & $-0.0193794$ & $0.021176$ & $-0.0575197$ & $0.058759$ & $0.0187533$ & $-0.0131793$ & $0.00599417$ & $-0.0295722$ & $-0.117166$ & $0.192222$ & $0.0524317$ & $-0.259529$ & $0.0200088$ & $-0.0630592$ & $-0.0379531$ & $-0.0373622$ & $0.275227$ & $-0.00951445$ & $1$ & $0.235788$ & $0.192199$ & $-0.012067$ \\
eHccpar & $0.0303169$ & $0.108701$ & $0.188426$ & $-0.151401$ & $0.0425746$ & $0.0126072$ & $-0.0106397$ & $-0.0539406$ & $-0.0757135$ & $0.0494035$ & $0.0132105$ & $0.0126201$ & $-0.0168776$ & $0.0586567$ & $0.0482772$ & $0.051559$ & $0.0615092$ & $0.0439979$ & $0.0395629$ & $0.000433371$ & $-0.0199713$ & $-0.0217851$ & $-0.00968752$ & $0.0815111$ & $0.0103103$ & $-0.0129316$ & $-0.117622$ & $0.00637345$ & $-0.0334625$ & $-0.0471425$ & $0.245294$ & $-0.000828109$ & $0.00873319$ & $-0.0790303$ & $0.0523463$ & $-0.0171074$ & $0.0180094$ & $-0.0115848$ & $-0.218771$ & $-0.0320755$ & $-0.29915$ & $0.0653792$ & $-0.235164$ & $0.162622$ & $-0.109392$ & $0.235788$ & $1$ & $0.150072$ & $-0.0302593$ \\
eHbbint & $0.201862$ & $0.198253$ & $0.192042$ & $0.187621$ & $0.0234223$ & $0.0324916$ & $0.0472427$ & $-0.0367584$ & $-0.030768$ & $0.0217987$ & $0.0253087$ & $0.0040598$ & $-0.0176997$ & $-0.00591942$ & $0.022063$ & $0.00241331$ & $0.0276947$ & $0.00342053$ & $0.017112$ & $-0.0194875$ & $-0.0244539$ & $-0.0274024$ & $0.0302523$ & $0.00515974$ & $0.0130331$ & $-0.0303042$ & $-0.0253307$ & $-0.0201756$ & $-0.0237308$ & $-0.0507114$ & $-0.0236363$ & $0.0330839$ & $0.127793$ & $-0.0290104$ & $-0.110598$ & $0.0152834$ & $0.199821$ & $0.054558$ & $-0.0690217$ & $-0.0144193$ & $0.00186055$ & $-0.0572749$ & $0.0907932$ & $0.256902$ & $-0.0709696$ & $0.192199$ & $0.150072$ & $1$ & $0.10005$ \\
eHbbpar & $0.0506503$ & $-0.0942141$ & $0.126024$ & $-0.0239771$ & $0.00215416$ & $0.0173471$ & $-0.0279433$ & $0.00456927$ & $0.000341169$ & $-0.0551901$ & $0.0132015$ & $-0.0462234$ & $-0.0109166$ & $-0.0339901$ & $-0.0170158$ & $-0.0583396$ & $-0.0238589$ & $-0.02393$ & $0.0105613$ & $-0.0164087$ & $-0.00853607$ & $-0.0160773$ & $0.0408463$ & $-0.0285801$ & $-0.0230802$ & $-0.0254137$ & $0.0214189$ & $-0.0169131$ & $-0.0464601$ & $-0.0246116$ & $-0.0420396$ & $-0.0455071$ & $0.306749$ & $0.0114366$ & $-0.117542$ & $-0.213287$ & $0.192109$ & $0.00248547$ & $-0.166131$ & $-0.00470868$ & $-0.0815796$ & $-0.0283121$ & $-0.0718254$ & $-0.264076$ & $0.00601942$ & $-0.012067$ & $-0.0302593$ & $0.10005$ & $1$ \\
