 & AlsMz & dAle5Mz & mtop & mHl & Mz & CW & CHG & CHWB & CHWHB_gaga & CHWHB_gagaorth & CHD & CHbox & CH & CHL1_11 & CHL1_22 & CHL1_33 & CHL3_11 & CHL3_22 & CHL3_33 & CHe_11 & CHe_22 & CHe_33 & CHQ1_11 & CHQ1_33 & CHQ3_11 & CHu_11 & CHd_11 & CHd_33 & CeH_22r & CeH_33r & CuH_22r & CuH_33r & CdH_33r & CLL_1221 & eHggint & eHggpar & eHWWint & eHWWpar & eHZZint & eHZZpar & eHZgaint & eHZgapar & eHgagaint & eHmumuint & eHtautauint & eHccint & eHccpar & eHbbint & eHbbpar \\
AlsMz & $1$ & $0.247633$ & $-0.00639979$ & $-0.116415$ & $-0.0494118$ & $0.00810314$ & $0.0257648$ & $-0.0144216$ & $-0.0089411$ & $0.0439646$ & $-0.0135799$ & $0.0205398$ & $0.00164507$ & $0.0428746$ & $0.00536665$ & $-0.00468289$ & $0.0224321$ & $0.0270275$ & $0.0392362$ & $0.0111567$ & $0.0097957$ & $0.00344191$ & $0.0223898$ & $-0.0477887$ & $-0.0767354$ & $-0.0737091$ & $-0.0397988$ & $0.0293967$ & $0.00712974$ & $-0.00818501$ & $0.0453577$ & $0.0287084$ & $0.0304113$ & $-0.0107392$ & $0.0402071$ & $0.0179752$ & $-0.0204626$ & $0.0229743$ & $0.315102$ & $0.000491524$ & $-0.131772$ & $-0.0121721$ & $0.0964939$ & $0.165327$ & $-0.0569211$ & $0.0831724$ & $0.17836$ & $0.0398657$ & $0.0474838$ \\
dAle5Mz & $0.247633$ & $1$ & $0.102933$ & $-0.0792771$ & $-0.0185258$ & $0.00977119$ & $0.0356266$ & $-0.0764205$ & $-0.0707724$ & $-0.00860448$ & $0.0599007$ & $0.0578569$ & $-0.0538365$ & $-0.0329268$ & $-0.0020011$ & $-0.0158471$ & $0.0258454$ & $0.00740922$ & $0.0213635$ & $-0.0376382$ & $-0.0409269$ & $-0.0452663$ & $-0.032341$ & $-0.0130372$ & $-0.00969247$ & $0.0255258$ & $-0.0344419$ & $-0.0171649$ & $-0.0122601$ & $0.0459921$ & $-0.0219138$ & $0.0437806$ & $0.0489317$ & $0.00176226$ & $-0.0341677$ & $-0.0892335$ & $-0.187393$ & $0.0032536$ & $0.0854295$ & $0.0295979$ & $0.0661272$ & $-0.00599517$ & $0.00607066$ & $0.354684$ & $0.189285$ & $0.0340961$ & $0.00893933$ & $-0.0384509$ & $0.0475096$ \\
mtop & $-0.00639979$ & $0.102933$ & $1$ & $0.00194182$ & $-0.0413621$ & $0.0552132$ & $0.0199839$ & $-0.0896723$ & $-0.0963989$ & $0.0393974$ & $0.0797572$ & $0.0634415$ & $-0.0581813$ & $-0.00218599$ & $-0.00132246$ & $0.0230557$ & $0.0181403$ & $0.0334349$ & $0.0207252$ & $-0.0615543$ & $-0.080789$ & $-0.0756469$ & $-0.0552053$ & $0.0903388$ & $0.0469746$ & $0.0701444$ & $-0.0374402$ & $-0.0577884$ & $-0.00929204$ & $-0.0318751$ & $0.00656039$ & $0.000504771$ & $-0.0807986$ & $-0.0681695$ & $-0.079225$ & $-0.112931$ & $-0.0178619$ & $-0.00467599$ & $0.207297$ & $-0.0192929$ & $0.136433$ & $-0.00600592$ & $-0.138778$ & $0.0154118$ & $0.11156$ & $0.0480112$ & $0.151001$ & $0.0861139$ & $-0.148713$ \\
mHl & $-0.116415$ & $-0.0792771$ & $0.00194182$ & $1$ & $0.0329574$ & $-0.00870121$ & $-0.00426468$ & $-0.00821989$ & $-0.0199977$ & $0.053313$ & $-0.00626279$ & $0.0568897$ & $-0.0418305$ & $0.0256932$ & $-0.00219$ & $-0.0170015$ & $0.0373456$ & $0.0291415$ & $0.03717$ & $0.00678866$ & $0.0058509$ & $0.00875011$ & $-0.0236226$ & $0.0227351$ & $0.0328479$ & $0.00480886$ & $-0.0158976$ & $-0.00595416$ & $-0.000820537$ & $-0.0234978$ & $0.0209182$ & $-0.00600805$ & $-0.14201$ & $-0.00934565$ & $0.127304$ & $0.056309$ & $0.0159757$ & $0.00984381$ & $-0.0748559$ & $0.0383262$ & $0.105939$ & $0.020669$ & $-0.100185$ & $-0.100021$ & $0.115267$ & $-0.0826006$ & $0.2406$ & $-0.242742$ & $-0.194615$ \\
Mz & $-0.0494118$ & $-0.0185258$ & $-0.0413621$ & $0.0329574$ & $1$ & $0.000210951$ & $0.00486613$ & $-0.0322245$ & $-0.0287001$ & $0.0239904$ & $0.0237907$ & $0.0520273$ & $-0.0569193$ & $0.00993769$ & $0.0234401$ & $0.0321334$ & $0.0497322$ & $0.0191845$ & $0.0157758$ & $-0.0133731$ & $-0.0184058$ & $-0.0171014$ & $-0.0482492$ & $0.0408821$ & $0.0457774$ & $0.0464146$ & $-0.0140596$ & $-0.0358314$ & $0.0096648$ & $-0.0484751$ & $-0.0189115$ & $-0.00289461$ & $-0.0252222$ & $-0.0354398$ & $0.0334502$ & $-0.0431045$ & $0.0513933$ & $-0.0217736$ & $0.00284899$ & $0.04801$ & $0.00344896$ & $0.0015824$ & $-0.0160647$ & $0.0136666$ & $-0.0188847$ & $0.008351$ & $-0.0160691$ & $-0.00387025$ & $0.0300246$ \\
CW & $0.00810314$ & $0.00977119$ & $0.0552132$ & $-0.00870121$ & $0.000210951$ & $1$ & $-0.00521631$ & $-0.157076$ & $-0.150745$ & $0.0288398$ & $0.200584$ & $0.0355035$ & $0.00359162$ & $0.0328342$ & $-0.0253128$ & $-0.0528568$ & $-0.221994$ & $-0.0494135$ & $-0.0296994$ & $-0.193068$ & $-0.210297$ & $-0.206703$ & $-0.0260076$ & $0.0481136$ & $-0.0862616$ & $0.11435$ & $-0.15036$ & $-0.0770831$ & $-0.0165883$ & $0.0430462$ & $0.00176359$ & $0.00240636$ & $0.0412048$ & $-0.189685$ & $-0.00829915$ & $-0.00440318$ & $-0.0732417$ & $0.0178475$ & $0.0418085$ & $0.0420124$ & $0.0213851$ & $-0.0264121$ & $0.00319476$ & $0.00618223$ & $0.0077602$ & $0.0596293$ & $0.0103898$ & $-0.029117$ & $0.0211942$ \\
CHG & $0.0257648$ & $0.0356266$ & $0.0199839$ & $-0.00426468$ & $0.00486613$ & $-0.00521631$ & $1$ & $-0.108975$ & $-0.0581069$ & $0.0776268$ & $0.0603739$ & $0.257039$ & $-0.323402$ & $0.0562242$ & $-0.0257767$ & $-0.0114364$ & $0.0999206$ & $0.109797$ & $0.0956336$ & $-0.0565497$ & $-0.0636136$ & $-0.0613321$ & $-0.0104689$ & $0.115293$ & $0.0826207$ & $0.0199302$ & $-0.0724099$ & $0.00479867$ & $-0.0339707$ & $-0.131733$ & $-0.0942328$ & $0.927593$ & $-0.176259$ & $-0.0628722$ & $-0.0615376$ & $-0.0167429$ & $-0.00927454$ & $-0.0517158$ & $0.00624445$ & $0.031384$ & $0.0447818$ & $-0.028072$ & $0.0191131$ & $-0.00495604$ & $0.0138193$ & $0.0359432$ & $-0.0640787$ & $-0.0215994$ & $0.00503549$ \\
CHWB & $-0.0144216$ & $-0.0764205$ & $-0.0896723$ & $-0.00821989$ & $-0.0322245$ & $-0.157076$ & $-0.108975$ & $1$ & $0.985565$ & $-0.570485$ & $-0.87836$ & $-0.426567$ & $0.339514$ & $0.0724085$ & $0.294617$ & $0.276509$ & $-0.275005$ & $-0.448496$ & $-0.442826$ & $0.850523$ & $0.895083$ & $0.876938$ & $0.0716042$ & $-0.69513$ & $-0.414287$ & $-0.496232$ & $0.437482$ & $0.296157$ & $0.0332247$ & $0.114397$ & $0.0476695$ & $-0.0982369$ & $0.134213$ & $0.577219$ & $0.0239397$ & $-0.0478493$ & $-0.00232963$ & $0.0311345$ & $-0.0700299$ & $-0.0291501$ & $0.0679846$ & $0.024691$ & $0.0607406$ & $-0.0261532$ & $-0.0683579$ & $0.0104039$ & $-0.0267082$ & $-0.0074771$ & $0.0318776$ \\
CHWHB_gaga & $-0.0089411$ & $-0.0707724$ & $-0.0963989$ & $-0.0199977$ & $-0.0287001$ & $-0.150745$ & $-0.0581069$ & $0.985565$ & $1$ & $-0.566125$ & $-0.864855$ & $-0.415004$ & $0.33728$ & $0.069101$ & $0.293209$ & $0.2755$ & $-0.273432$ & $-0.445404$ & $-0.440607$ & $0.838103$ & $0.881134$ & $0.862626$ & $0.0698464$ & $-0.687478$ & $-0.416472$ & $-0.49427$ & $0.420938$ & $0.290807$ & $0.0344127$ & $0.136395$ & $0.0506582$ & $-0.0564074$ & $0.157923$ & $0.566804$ & $0.0155241$ & $-0.0592143$ & $-0.00486538$ & $0.0278105$ & $-0.0817085$ & $-0.0332315$ & $0.0683153$ & $0.0241593$ & $0.11331$ & $-0.0225202$ & $-0.0684529$ & $0.0296398$ & $-0.0452353$ & $-0.0140997$ & $0.0364261$ \\
CHWHB_gagaorth & $0.0439646$ & $-0.00860448$ & $0.0393974$ & $0.053313$ & $0.0239904$ & $0.0288398$ & $0.0776268$ & $-0.570485$ & $-0.566125$ & $1$ & $0.365454$ & $0.566652$ & $-0.242765$ & $0.230895$ & $-0.149322$ & $-0.1198$ & $0.425704$ & $0.49182$ & $0.476858$ & $-0.352959$ & $-0.379885$ & $-0.37468$ & $-0.0307994$ & $0.557156$ & $0.471164$ & $0.199079$ & $-0.225239$ & $-0.123609$ & $-0.0311622$ & $-0.151037$ & $-0.10651$ & $0.095967$ & $-0.169506$ & $-0.342619$ & $0.00211733$ & $0.0857036$ & $0.0107572$ & $-0.0529006$ & $0.0766955$ & $0.0326821$ & $-0.0813718$ & $-0.00449274$ & $-0.0773124$ & $0.00646256$ & $0.021334$ & $-0.0289185$ & $0.0244453$ & $-0.00300926$ & $-0.00740604$ \\
CHD & $-0.0135799$ & $0.0599007$ & $0.0797572$ & $-0.00626279$ & $0.0237907$ & $0.200584$ & $0.0603739$ & $-0.87836$ & $-0.864855$ & $0.365454$ & $1$ & $0.293848$ & $-0.149784$ & $-0.493781$ & $-0.408397$ & $-0.389369$ & $-0.183367$ & $0.0767721$ & $0.0671627$ & $-0.990693$ & $-0.991656$ & $-0.97098$ & $-0.0284641$ & $0.337915$ & $0.0320352$ & $0.561447$ & $-0.314877$ & $-0.334238$ & $-0.0198761$ & $-0.0556913$ & $-0.017086$ & $0.0656101$ & $-0.0750521$ & $-0.385225$ & $-0.00478823$ & $0.0328775$ & $-0.0186553$ & $-0.016244$ & $0.0427204$ & $0.00998566$ & $-0.0609599$ & $-0.0267019$ & $-0.0627946$ & $0.0221371$ & $0.0554701$ & $0.0205435$ & $0.0247216$ & $0.0061903$ & $-0.0449784$ \\
CHbox & $0.0205398$ & $0.0578569$ & $0.0634415$ & $0.0568897$ & $0.0520273$ & $0.0355035$ & $0.257039$ & $-0.426567$ & $-0.415004$ & $0.566652$ & $0.293848$ & $1$ & $-0.801212$ & $0.123644$ & $-0.0934981$ & $-0.030856$ & $0.265073$ & $0.322397$ & $0.274658$ & $-0.27314$ & $-0.308449$ & $-0.308691$ & $-0.0389217$ & $0.400999$ & $0.304213$ & $0.164029$ & $-0.199957$ & $-0.10602$ & $-0.0585348$ & $-0.105554$ & $-0.0777035$ & $0.268397$ & $-0.136595$ & $-0.269081$ & $-0.0206686$ & $0.0493573$ & $0.0136$ & $-0.0760405$ & $0.0407746$ & $0.0262479$ & $-0.0484418$ & $-0.00211156$ & $-0.0815499$ & $-0.00557817$ & $0.0228042$ & $-0.0155547$ & $0.0182576$ & $0.0224614$ & $-0.0382301$ \\
CH & $0.00164507$ & $-0.0538365$ & $-0.0581813$ & $-0.0418305$ & $-0.0569193$ & $0.00359162$ & $-0.323402$ & $0.339514$ & $0.33728$ & $-0.242765$ & $-0.149784$ & $-0.801212$ & $1$ & $-0.266889$ & $0.0624232$ & $0.0203574$ & $-0.384451$ & $-0.399686$ & $-0.365991$ & $0.139879$ & $0.163175$ & $0.167136$ & $0.0303474$ & $-0.410937$ & $-0.386982$ & $-0.0842142$ & $0.1456$ & $0.0514351$ & $0.0660479$ & $0.281712$ & $0.105752$ & $-0.26616$ & $0.337725$ & $0.218338$ & $0.0680246$ & $0.0160179$ & $-0.0365195$ & $0.0534306$ & $-0.0181462$ & $-0.0222573$ & $-0.00164699$ & $0.018175$ & $0.0312872$ & $0.027991$ & $-0.0270873$ & $0.0274606$ & $-0.00959086$ & $-0.020882$ & $0.0254218$ \\
CHL1_11 & $0.0428746$ & $-0.0329268$ & $-0.00218599$ & $0.0256932$ & $0.00993769$ & $0.0328342$ & $0.0562242$ & $0.0724085$ & $0.069101$ & $0.230895$ & $-0.493781$ & $0.123644$ & $-0.266889$ & $1$ & $0.24338$ & $0.24323$ & $0.663729$ & $0.614775$ & $0.615583$ & $0.511511$ & $0.454329$ & $0.442308$ & $-0.0352044$ & $0.467857$ & $0.609551$ & $-0.295504$ & $-0.0869572$ & $0.160073$ & $-0.0095403$ & $-0.0775091$ & $-0.0433902$ & $0.0281006$ & $-0.0654705$ & $-0.212376$ & $-0.0398006$ & $0.00717848$ & $0.0220798$ & $-0.00615585$ & $0.0290581$ & $0.0354928$ & $0.0229087$ & $-0.00351223$ & $0.0203375$ & $-0.0277394$ & $-0.0185628$ & $-0.0377821$ & $-0.00741967$ & $-0.00607708$ & $0.0399223$ \\
CHL1_22 & $0.00536665$ & $-0.0020011$ & $-0.00132246$ & $-0.00219$ & $0.0234401$ & $-0.0253128$ & $-0.0257767$ & $0.294617$ & $0.293209$ & $-0.149322$ & $-0.408397$ & $-0.0934981$ & $0.0624232$ & $0.24338$ & $1$ & $0.410708$ & $0.138008$ & $-0.455562$ & $-0.0277494$ & $0.471511$ & $0.329406$ & $0.318654$ & $-0.168077$ & $0.0760665$ & $-0.144714$ & $-0.190053$ & $-0.373743$ & $0.125$ & $-0.0194738$ & $0.0219408$ & $-0.0193813$ & $-0.0356708$ & $0.0001407$ & $-0.580786$ & $0.026661$ & $0.0252061$ & $0.000627064$ & $-0.0145773$ & $-0.0244268$ & $0.0221208$ & $0.00193447$ & $0.0223773$ & $-0.00443942$ & $0.0253104$ & $0.0134237$ & $-0.00890915$ & $-0.0355909$ & $-0.0198103$ & $0.0105932$ \\
CHL1_33 & $-0.00468289$ & $-0.0158471$ & $0.0230557$ & $-0.0170015$ & $0.0321334$ & $-0.0528568$ & $-0.0114364$ & $0.276509$ & $0.2755$ & $-0.1198$ & $-0.389369$ & $-0.030856$ & $0.0203574$ & $0.24323$ & $0.410708$ & $1$ & $0.136805$ & $-0.0206748$ & $-0.429023$ & $0.452309$ & $0.311964$ & $0.32883$ & $-0.183701$ & $0.0826338$ & $-0.127634$ & $-0.152006$ & $-0.361286$ & $0.0909228$ & $-0.0126577$ & $0.0296665$ & $0.00468783$ & $-0.0187449$ & $0.0199665$ & $-0.0794689$ & $0.0158032$ & $-0.0447162$ & $0.0515585$ & $-0.0260069$ & $-0.0321419$ & $0.00205421$ & $0.0130376$ & $-0.0109914$ & $0.027105$ & $0.00790066$ & $-0.0150554$ & $-0.0114197$ & $0.00475795$ & $-0.0194236$ & $0.02029$ \\
CHL3_11 & $0.0224321$ & $0.0258454$ & $0.0181403$ & $0.0373456$ & $0.0497322$ & $-0.221994$ & $0.0999206$ & $-0.275005$ & $-0.273432$ & $0.425704$ & $-0.183367$ & $0.265073$ & $-0.384451$ & $0.663729$ & $0.138008$ & $0.136805$ & $1$ & $0.748728$ & $0.758676$ & $0.207079$ & $0.152739$ & $0.148452$ & $-0.0636269$ & $0.684306$ & $0.785502$ & $-0.0930387$ & $-0.160125$ & $0.058244$ & $-0.0312222$ & $-0.136269$ & $-0.0597656$ & $0.0679658$ & $-0.13445$ & $-0.267009$ & $-0.033085$ & $0.0244737$ & $0.0564281$ & $-0.0391791$ & $0.0486933$ & $0.0270046$ & $-0.0199432$ & $0.00999093$ & $0.00238189$ & $0.00787732$ & $0.0416598$ & $-0.0768157$ & $0.00656301$ & $0.00870599$ & $0.0180173$ \\
CHL3_22 & $0.0270275$ & $0.00740922$ & $0.0334349$ & $0.0291415$ & $0.0191845$ & $-0.0494135$ & $0.109797$ & $-0.448496$ & $-0.445404$ & $0.49182$ & $0.0767721$ & $0.322397$ & $-0.399686$ & $0.614775$ & $-0.455562$ & $-0.0206748$ & $0.748728$ & $1$ & $0.686936$ & $-0.0774986$ & $-0.0738374$ & $-0.0686975$ & $0.0182$ & $0.633497$ & $0.799824$ & $0.0272634$ & $-0.0161973$ & $-0.0262902$ & $-0.0148566$ & $-0.127864$ & $-0.0424212$ & $0.0863563$ & $-0.114694$ & $0.0121693$ & $-0.0546906$ & $0.00716994$ & $0.042355$ & $-0.0192297$ & $0.0608333$ & $0.020883$ & $-0.0153954$ & $-0.0174135$ & $0.000879404$ & $-0.0237713$ & $0.0123323$ & $-0.0527731$ & $0.031203$ & $0.0158778$ & $0.00954684$ \\
CHL3_33 & $0.0392362$ & $0.0213635$ & $0.0207252$ & $0.03717$ & $0.0157758$ & $-0.0296994$ & $0.0956336$ & $-0.442826$ & $-0.440607$ & $0.476858$ & $0.0671627$ & $0.274658$ & $-0.365991$ & $0.615583$ & $-0.0277494$ & $-0.429023$ & $0.758676$ & $0.686936$ & $1$ & $-0.0677121$ & $-0.0641266$ & $-0.059219$ & $0.0356556$ & $0.636976$ & $0.799517$ & $-0.00175402$ & $-0.0199453$ & $-0.00917489$ & $-0.0161292$ & $-0.13316$ & $-0.062909$ & $0.0702353$ & $-0.126054$ & $-0.359752$ & $-0.0444585$ & $0.0623607$ & $0.00957907$ & $-0.0184639$ & $0.0738908$ & $0.0379027$ & $-0.0261027$ & $0.00969783$ & $-0.0217139$ & $-0.00300361$ & $0.0313133$ & $-0.0387357$ & $-0.00278097$ & $0.0173366$ & $0.00571472$ \\
CHe_11 & $0.0111567$ & $-0.0376382$ & $-0.0615543$ & $0.00678866$ & $-0.0133731$ & $-0.193068$ & $-0.0565497$ & $0.850523$ & $0.838103$ & $-0.352959$ & $-0.990693$ & $-0.27314$ & $0.139879$ & $0.511511$ & $0.471511$ & $0.452309$ & $0.207079$ & $-0.0774986$ & $-0.0677121$ & $1$ & $0.974076$ & $0.954719$ & $-3.37601e-05$ & $-0.287952$ & $-0.0247277$ & $-0.549111$ & $0.243179$ & $0.329018$ & $0.0151076$ & $0.0569319$ & $0.0137944$ & $-0.0619514$ & $0.0717172$ & $0.31024$ & $0.00506786$ & $-0.0292748$ & $0.0162078$ & $0.013829$ & $-0.0425943$ & $-0.00501574$ & $0.0591792$ & $0.0276463$ & $0.0574967$ & $-0.0144099$ & $-0.0484363$ & $-0.0217376$ & $-0.0257104$ & $-0.00998899$ & $0.0407024$ \\
CHe_22 & $0.0097957$ & $-0.0409269$ & $-0.080789$ & $0.0058509$ & $-0.0184058$ & $-0.210297$ & $-0.0636136$ & $0.895083$ & $0.881134$ & $-0.379885$ & $-0.991656$ & $-0.308449$ & $0.163175$ & $0.454329$ & $0.329406$ & $0.311964$ & $0.152739$ & $-0.0738374$ & $-0.0641266$ & $0.974076$ & $1$ & $0.975779$ & $0.0575984$ & $-0.389493$ & $-0.0380046$ & $-0.56538$ & $0.391294$ & $0.336147$ & $0.0228235$ & $0.0588079$ & $0.0206481$ & $-0.0668217$ & $0.0817493$ & $0.466921$ & $0.0030457$ & $-0.0385623$ & $0.0114752$ & $0.0202905$ & $-0.0419335$ & $-0.0124478$ & $0.0666481$ & $0.027213$ & $0.0657223$ & $-0.0161688$ & $-0.0529642$ & $-0.0187234$ & $-0.0247219$ & $-0.00512853$ & $0.0435987$ \\
CHe_33 & $0.00344191$ & $-0.0452663$ & $-0.0756469$ & $0.00875011$ & $-0.0171014$ & $-0.206703$ & $-0.0613321$ & $0.876938$ & $0.862626$ & $-0.37468$ & $-0.97098$ & $-0.308691$ & $0.167136$ & $0.442308$ & $0.318654$ & $0.32883$ & $0.148452$ & $-0.0686975$ & $-0.059219$ & $0.954719$ & $0.975779$ & $1$ & $0.0523693$ & $-0.382414$ & $-0.0341215$ & $-0.551122$ & $0.385043$ & $0.327206$ & $0.0250777$ & $0.0595383$ & $0.0174853$ & $-0.065177$ & $0.0793509$ & $0.462462$ & $0.00927659$ & $-0.0367817$ & $0.0166083$ & $0.0160129$ & $-0.0481094$ & $-0.0124752$ & $0.0602246$ & $0.0276202$ & $0.0680035$ & $-0.0150753$ & $-0.0675385$ & $-0.00769895$ & $-0.0336129$ & $-0.00111099$ & $0.0320445$ \\
CHQ1_11 & $0.0223898$ & $-0.032341$ & $-0.0552053$ & $-0.0236226$ & $-0.0482492$ & $-0.0260076$ & $-0.0104689$ & $0.0716042$ & $0.0698464$ & $-0.0307994$ & $-0.0284641$ & $-0.0389217$ & $0.0303474$ & $-0.0352044$ & $-0.168077$ & $-0.183701$ & $-0.0636269$ & $0.0182$ & $0.0356556$ & $-3.37601e-05$ & $0.0575984$ & $0.0523693$ & $1$ & $-0.132252$ & $0.106858$ & $-0.676333$ & $0.362228$ & $0.02946$ & $-0.00994638$ & $-0.00278938$ & $0.013262$ & $-0.0124526$ & $0.0178619$ & $0.188902$ & $-0.0298703$ & $0.021355$ & $-0.0376658$ & $-0.00664871$ & $-0.0126468$ & $0.0392069$ & $0.00674231$ & $-0.017672$ & $0.044408$ & $-0.0358046$ & $0.0114527$ & $-0.00519797$ & $0.0320518$ & $0.00897984$ & $9.86992e-05$ \\
CHQ1_33 & $-0.0477887$ & $-0.0130372$ & $0.0903388$ & $0.0227351$ & $0.0408821$ & $0.0481136$ & $0.115293$ & $-0.69513$ & $-0.687478$ & $0.557156$ & $0.337915$ & $0.400999$ & $-0.410937$ & $0.467857$ & $0.0760665$ & $0.0826338$ & $0.684306$ & $0.633497$ & $0.636976$ & $-0.287952$ & $-0.389493$ & $-0.382414$ & $-0.132252$ & $1$ & $0.653439$ & $0.206136$ & $-0.416145$ & $-0.023701$ & $-0.022655$ & $-0.139031$ & $-0.0790342$ & $0.0928071$ & $-0.152426$ & $-0.636292$ & $-0.0255172$ & $0.0447101$ & $0.0194908$ & $-0.0420893$ & $0.044906$ & $0.0487009$ & $-0.057675$ & $-0.0105816$ & $-0.0441225$ & $0.00528208$ & $0.035465$ & $-0.0681346$ & $0.00761277$ & $-0.00508421$ & $-0.00282708$ \\
CHQ3_11 & $-0.0767354$ & $-0.00969247$ & $0.0469746$ & $0.0328479$ & $0.0457774$ & $-0.0862616$ & $0.0826207$ & $-0.414287$ & $-0.416472$ & $0.471164$ & $0.0320352$ & $0.304213$ & $-0.386982$ & $0.609551$ & $-0.144714$ & $-0.127634$ & $0.785502$ & $0.799824$ & $0.799517$ & $-0.0247277$ & $-0.0380046$ & $-0.0341215$ & $0.106858$ & $0.653439$ & $1$ & $0.00744964$ & $0.204385$ & $-0.0174918$ & $-0.00522102$ & $-0.143622$ & $-0.0515157$ & $0.0588725$ & $-0.123017$ & $-0.213027$ & $-0.0535382$ & $0.0429859$ & $0.0240423$ & $-0.0151749$ & $0.0196632$ & $0.0313197$ & $-0.0298781$ & $-0.00396999$ & $-0.0278919$ & $-0.0284447$ & $0.025593$ & $-0.0749453$ & $0.00914164$ & $0.0246983$ & $0.000848091$ \\
CHu_11 & $-0.0737091$ & $0.0255258$ & $0.0701444$ & $0.00480886$ & $0.0464146$ & $0.11435$ & $0.0199302$ & $-0.496232$ & $-0.49427$ & $0.199079$ & $0.561447$ & $0.164029$ & $-0.0842142$ & $-0.295504$ & $-0.190053$ & $-0.152006$ & $-0.0930387$ & $0.0272634$ & $-0.00175402$ & $-0.549111$ & $-0.56538$ & $-0.551122$ & $-0.676333$ & $0.206136$ & $0.00744964$ & $1$ & $-0.187364$ & $-0.206929$ & $0.0120698$ & $-0.0464465$ & $-0.0146497$ & $0.029434$ & $-0.0586942$ & $-0.242364$ & $0.0387481$ & $0.0195251$ & $0.0240085$ & $-0.000939754$ & $0.00156863$ & $-0.0425739$ & $-0.0408055$ & $-0.0108385$ & $-0.0649536$ & $0.00915689$ & $0.0300995$ & $0.0269579$ & $-0.021922$ & $0.0291789$ & $-0.0341668$ \\
CHd_11 & $-0.0397988$ & $-0.0344419$ & $-0.0374402$ & $-0.0158976$ & $-0.0140596$ & $-0.15036$ & $-0.0724099$ & $0.437482$ & $0.420938$ & $-0.225239$ & $-0.314877$ & $-0.199957$ & $0.1456$ & $-0.0869572$ & $-0.373743$ & $-0.361286$ & $-0.160125$ & $-0.0161973$ & $-0.0199453$ & $0.243179$ & $0.391294$ & $0.385043$ & $0.362228$ & $-0.416145$ & $0.204385$ & $-0.187364$ & $1$ & $0.100507$ & $0.0580894$ & $0.0141489$ & $0.0335889$ & $-0.0570879$ & $0.0698084$ & $0.675698$ & $-0.00315598$ & $-0.00608577$ & $-0.0329432$ & $0.038537$ & $-0.0397699$ & $-0.0232044$ & $0.00967776$ & $0.00985986$ & $0.0224205$ & $-0.030117$ & $-0.0467803$ & $-0.0121817$ & $0.0106648$ & $0.0390528$ & $0.00855842$ \\
CHd_33 & $0.0293967$ & $-0.0171649$ & $-0.0577884$ & $-0.00595416$ & $-0.0358314$ & $-0.0770831$ & $0.00479867$ & $0.296157$ & $0.290807$ & $-0.123609$ & $-0.334238$ & $-0.10602$ & $0.0514351$ & $0.160073$ & $0.125$ & $0.0909228$ & $0.058244$ & $-0.0262902$ & $-0.00917489$ & $0.329018$ & $0.336147$ & $0.327206$ & $0.02946$ & $-0.023701$ & $-0.0174918$ & $-0.206929$ & $0.100507$ & $1$ & $0.0403851$ & $0.0146134$ & $0.00599314$ & $0.00908733$ & $0.0196148$ & $0.138696$ & $0.00278442$ & $0.011278$ & $0.00721656$ & $0.00346798$ & $0.00566096$ & $0.00126625$ & $-0.0315888$ & $-0.00880874$ & $0.0201974$ & $-0.00117352$ & $-0.0368915$ & $-0.0537851$ & $-0.0157208$ & $-0.0020705$ & $0.0334759$ \\
CeH_22r & $0.00712974$ & $-0.0122601$ & $-0.00929204$ & $-0.000820537$ & $0.0096648$ & $-0.0165883$ & $-0.0339707$ & $0.0332247$ & $0.0344127$ & $-0.0311622$ & $-0.0198761$ & $-0.0585348$ & $0.0660479$ & $-0.0095403$ & $-0.0194738$ & $-0.0126577$ & $-0.0312222$ & $-0.0148566$ & $-0.0161292$ & $0.0151076$ & $0.0228235$ & $0.0250777$ & $-0.00994638$ & $-0.022655$ & $-0.00522102$ & $0.0120698$ & $0.0580894$ & $0.0403851$ & $1$ & $0.0023988$ & $-0.046112$ & $-0.0508497$ & $0.035963$ & $0.037775$ & $-0.0144018$ & $-0.0559572$ & $0.0145676$ & $0.0396812$ & $-0.0287256$ & $-0.00083429$ & $-0.0271199$ & $0.0551054$ & $0.0305158$ & $0.0211239$ & $-0.00184806$ & $0.0135144$ & $-0.0239609$ & $-0.0375055$ & $0.0279025$ \\
CeH_33r & $-0.00818501$ & $0.0459921$ & $-0.0318751$ & $-0.0234978$ & $-0.0484751$ & $0.0430462$ & $-0.131733$ & $0.114397$ & $0.136395$ & $-0.151037$ & $-0.0556913$ & $-0.105554$ & $0.281712$ & $-0.0775091$ & $0.0219408$ & $0.0296665$ & $-0.136269$ & $-0.127864$ & $-0.13316$ & $0.0569319$ & $0.0588079$ & $0.0595383$ & $-0.00278938$ & $-0.139031$ & $-0.143622$ & $-0.0464465$ & $0.0141489$ & $0.0146134$ & $0.0023988$ & $1$ & $0.330478$ & $0.0278521$ & $0.69107$ & $0.0686497$ & $-0.0560573$ & $-0.0105133$ & $-0.134413$ & $-0.00309906$ & $-0.0558212$ & $-0.00618609$ & $0.018705$ & $0.0242146$ & $0.0246399$ & $0.00601415$ & $0.0561933$ & $0.0355827$ & $0.00572546$ & $-0.0445129$ & $0.0441254$ \\
CuH_22r & $0.0453577$ & $-0.0219138$ & $0.00656039$ & $0.0209182$ & $-0.0189115$ & $0.00176359$ & $-0.0942328$ & $0.0476695$ & $0.0506582$ & $-0.10651$ & $-0.017086$ & $-0.0777035$ & $0.105752$ & $-0.0433902$ & $-0.0193813$ & $0.00468783$ & $-0.0597656$ & $-0.0424212$ & $-0.062909$ & $0.0137944$ & $0.0206481$ & $0.0174853$ & $0.013262$ & $-0.0790342$ & $-0.0515157$ & $-0.0146497$ & $0.0335889$ & $0.00599314$ & $-0.046112$ & $0.330478$ & $1$ & $-0.00087325$ & $0.370952$ & $0.0558396$ & $-0.0157467$ & $0.0249702$ & $-0.0975402$ & $0.0517149$ & $-0.0306017$ & $-0.00192038$ & $-0.0178039$ & $-0.023062$ & $-0.00568749$ & $-0.0390634$ & $-0.0287487$ & $0.0467205$ & $0.244765$ & $-0.029839$ & $-0.010612$ \\
CuH_33r & $0.0287084$ & $0.0437806$ & $0.000504771$ & $-0.00600805$ & $-0.00289461$ & $0.00240636$ & $0.927593$ & $-0.0982369$ & $-0.0564074$ & $0.095967$ & $0.0656101$ & $0.268397$ & $-0.26616$ & $0.0281006$ & $-0.0356708$ & $-0.0187449$ & $0.0679658$ & $0.0863563$ & $0.0702353$ & $-0.0619514$ & $-0.0668217$ & $-0.065177$ & $-0.0124526$ & $0.0928071$ & $0.0588725$ & $0.029434$ & $-0.0570879$ & $0.00908733$ & $-0.0508497$ & $0.0278521$ & $-0.00087325$ & $1$ & $0.0230359$ & $-0.0460297$ & $0.013202$ & $0.0228575$ & $-0.0575473$ & $-0.0457217$ & $0.0103229$ & $0.0269869$ & $0.0211406$ & $-0.017253$ & $0.00583438$ & $0.0145469$ & $-0.00716214$ & $0.0554109$ & $-0.0722435$ & $-0.00536918$ & $0.00868154$ \\
CdH_33r & $0.0304113$ & $0.0489317$ & $-0.0807986$ & $-0.14201$ & $-0.0252222$ & $0.0412048$ & $-0.176259$ & $0.134213$ & $0.157923$ & $-0.169506$ & $-0.0750521$ & $-0.136595$ & $0.337725$ & $-0.0654705$ & $0.0001407$ & $0.0199665$ & $-0.13445$ & $-0.114694$ & $-0.126054$ & $0.0717172$ & $0.0817493$ & $0.0793509$ & $0.0178619$ & $-0.152426$ & $-0.123017$ & $-0.0586942$ & $0.0698084$ & $0.0196148$ & $0.035963$ & $0.69107$ & $0.370952$ & $0.0230359$ & $1$ & $0.104667$ & $-0.0569398$ & $-0.0926241$ & $-0.17858$ & $0.00316432$ & $-0.00605172$ & $-0.00280184$ & $0.0494146$ & $0.00601691$ & $0.000353968$ & $-0.0266437$ & $-0.0920751$ & $0.101146$ & $-0.0261137$ & $0.0749362$ & $0.389797$ \\
CLL_1221 & $-0.0107392$ & $0.00176226$ & $-0.0681695$ & $-0.00934565$ & $-0.0354398$ & $-0.189685$ & $-0.0628722$ & $0.577219$ & $0.566804$ & $-0.342619$ & $-0.385225$ & $-0.269081$ & $0.218338$ & $-0.212376$ & $-0.580786$ & $-0.0794689$ & $-0.267009$ & $0.0121693$ & $-0.359752$ & $0.31024$ & $0.466921$ & $0.462462$ & $0.188902$ & $-0.636292$ & $-0.213027$ & $-0.242364$ & $0.675698$ & $0.138696$ & $0.037775$ & $0.0686497$ & $0.0558396$ & $-0.0460297$ & $0.104667$ & $1$ & $-0.00143932$ & $-0.0713276$ & $-0.00412477$ & $0.0311199$ & $-0.0365596$ & $-0.0455954$ & $0.0526185$ & $0.00249553$ & $0.0553158$ & $-0.0195918$ & $-0.0484739$ & $0.00634451$ & $0.0141566$ & $0.0115149$ & $0.0159826$ \\
eHggint & $0.0402071$ & $-0.0341677$ & $-0.079225$ & $0.127304$ & $0.0334502$ & $-0.00829915$ & $-0.0615376$ & $0.0239397$ & $0.0155241$ & $0.00211733$ & $-0.00478823$ & $-0.0206686$ & $0.0680246$ & $-0.0398006$ & $0.026661$ & $0.0158032$ & $-0.033085$ & $-0.0546906$ & $-0.0444585$ & $0.00506786$ & $0.0030457$ & $0.00927659$ & $-0.0298703$ & $-0.0255172$ & $-0.0535382$ & $0.0387481$ & $-0.00315598$ & $0.00278442$ & $-0.0144018$ & $-0.0560573$ & $-0.0157467$ & $0.013202$ & $-0.0569398$ & $-0.00143932$ & $1$ & $0.118195$ & $0.0454331$ & $0.0052479$ & $0.0667517$ & $-0.0654568$ & $-0.144638$ & $0.084749$ & $0.0779822$ & $0.219782$ & $-0.245958$ & $0.114202$ & $-0.0250234$ & $0.10597$ & $-0.0787733$ \\
eHggpar & $0.0179752$ & $-0.0892335$ & $-0.112931$ & $0.056309$ & $-0.0431045$ & $-0.00440318$ & $-0.0167429$ & $-0.0478493$ & $-0.0592143$ & $0.0857036$ & $0.0328775$ & $0.0493573$ & $0.0160179$ & $0.00717848$ & $0.0252061$ & $-0.0447162$ & $0.0244737$ & $0.00716994$ & $0.0623607$ & $-0.0292748$ & $-0.0385623$ & $-0.0367817$ & $0.021355$ & $0.0447101$ & $0.0429859$ & $0.0195251$ & $-0.00608577$ & $0.011278$ & $-0.0559572$ & $-0.0105133$ & $0.0249702$ & $0.0228575$ & $-0.0926241$ & $-0.0713276$ & $0.118195$ & $1$ & $-0.00143084$ & $-0.0143862$ & $0.137298$ & $0.0355947$ & $-0.236792$ & $0.0110261$ & $-0.0507769$ & $0.144184$ & $0.110867$ & $-0.145407$ & $0.0365331$ & $0.0134709$ & $-0.205361$ \\
eHWWint & $-0.0204626$ & $-0.187393$ & $-0.0178619$ & $0.0159757$ & $0.0513933$ & $-0.0732417$ & $-0.00927454$ & $-0.00232963$ & $-0.00486538$ & $0.0107572$ & $-0.0186553$ & $0.0136$ & $-0.0365195$ & $0.0220798$ & $0.000627064$ & $0.0515585$ & $0.0564281$ & $0.042355$ & $0.00957907$ & $0.0162078$ & $0.0114752$ & $0.0166083$ & $-0.0376658$ & $0.0194908$ & $0.0240423$ & $0.0240085$ & $-0.0329432$ & $0.00721656$ & $0.0145676$ & $-0.134413$ & $-0.0975402$ & $-0.0575473$ & $-0.17858$ & $-0.00412477$ & $0.0454331$ & $-0.00143084$ & $1$ & $-0.0368099$ & $0.0353637$ & $-0.0685333$ & $-0.0392318$ & $0.0650514$ & $0.127215$ & $-0.026524$ & $0.174623$ & $-0.152724$ & $-0.0366152$ & $0.0479472$ & $0.0247497$ \\
eHWWpar & $0.0229743$ & $0.0032536$ & $-0.00467599$ & $0.00984381$ & $-0.0217736$ & $0.0178475$ & $-0.0517158$ & $0.0311345$ & $0.0278105$ & $-0.0529006$ & $-0.016244$ & $-0.0760405$ & $0.0534306$ & $-0.00615585$ & $-0.0145773$ & $-0.0260069$ & $-0.0391791$ & $-0.0192297$ & $-0.0184639$ & $0.013829$ & $0.0202905$ & $0.0160129$ & $-0.00664871$ & $-0.0420893$ & $-0.0151749$ & $-0.000939754$ & $0.038537$ & $0.00346798$ & $0.0396812$ & $-0.00309906$ & $0.0517149$ & $-0.0457217$ & $0.00316432$ & $0.0311199$ & $0.0052479$ & $-0.0143862$ & $-0.0368099$ & $1$ & $-0.0195852$ & $-0.0173237$ & $0.0357297$ & $0.0316716$ & $0.0202694$ & $-0.0240687$ & $0.00416675$ & $-0.0179911$ & $0.0206827$ & $-0.0217128$ & $-0.0448834$ \\
eHZZint & $0.315102$ & $0.0854295$ & $0.207297$ & $-0.0748559$ & $0.00284899$ & $0.0418085$ & $0.00624445$ & $-0.0700299$ & $-0.0817085$ & $0.0766955$ & $0.0427204$ & $0.0407746$ & $-0.0181462$ & $0.0290581$ & $-0.0244268$ & $-0.0321419$ & $0.0486933$ & $0.0608333$ & $0.0738908$ & $-0.0425943$ & $-0.0419335$ & $-0.0481094$ & $-0.0126468$ & $0.044906$ & $0.0196632$ & $0.00156863$ & $-0.0397699$ & $0.00566096$ & $-0.0287256$ & $-0.0558212$ & $-0.0306017$ & $0.0103229$ & $-0.00605172$ & $-0.0365596$ & $0.0667517$ & $0.137298$ & $0.0353637$ & $-0.0195852$ & $1$ & $0.00959528$ & $-0.0747493$ & $-0.0564203$ & $-0.144238$ & $0.217895$ & $-0.00198507$ & $-0.105953$ & $-0.0263883$ & $0.0860775$ & $0.0451958$ \\
eHZZpar & $0.000491524$ & $0.0295979$ & $-0.0192929$ & $0.0383262$ & $0.04801$ & $0.0420124$ & $0.031384$ & $-0.0291501$ & $-0.0332315$ & $0.0326821$ & $0.00998566$ & $0.0262479$ & $-0.0222573$ & $0.0354928$ & $0.0221208$ & $0.00205421$ & $0.0270046$ & $0.020883$ & $0.0379027$ & $-0.00501574$ & $-0.0124478$ & $-0.0124752$ & $0.0392069$ & $0.0487009$ & $0.0313197$ & $-0.0425739$ & $-0.0232044$ & $0.00126625$ & $-0.00083429$ & $-0.00618609$ & $-0.00192038$ & $0.0269869$ & $-0.00280184$ & $-0.0455954$ & $-0.0654568$ & $0.0355947$ & $-0.0685333$ & $-0.0173237$ & $0.00959528$ & $1$ & $-0.0202309$ & $-0.0355784$ & $-0.047832$ & $-0.022547$ & $-0.0441598$ & $-0.0695538$ & $0.0471536$ & $0.000820277$ & $0.0146313$ \\
eHZgaint & $-0.131772$ & $0.0661272$ & $0.136433$ & $0.105939$ & $0.00344896$ & $0.0213851$ & $0.0447818$ & $0.0679846$ & $0.0683153$ & $-0.0813718$ & $-0.0609599$ & $-0.0484418$ & $-0.00164699$ & $0.0229087$ & $0.00193447$ & $0.0130376$ & $-0.0199432$ & $-0.0153954$ & $-0.0261027$ & $0.0591792$ & $0.0666481$ & $0.0602246$ & $0.00674231$ & $-0.057675$ & $-0.0298781$ & $-0.0408055$ & $0.00967776$ & $-0.0315888$ & $-0.0271199$ & $0.018705$ & $-0.0178039$ & $0.0211406$ & $0.0494146$ & $0.0526185$ & $-0.144638$ & $-0.236792$ & $-0.0392318$ & $0.0357297$ & $-0.0747493$ & $-0.0202309$ & $1$ & $-0.076243$ & $0.00532182$ & $-0.0787878$ & $0.0299142$ & $0.18194$ & $-0.10622$ & $-0.131178$ & $0.153276$ \\
eHZgapar & $-0.0121721$ & $-0.00599517$ & $-0.00600592$ & $0.020669$ & $0.0015824$ & $-0.0264121$ & $-0.028072$ & $0.024691$ & $0.0241593$ & $-0.00449274$ & $-0.0267019$ & $-0.00211156$ & $0.018175$ & $-0.00351223$ & $0.0223773$ & $-0.0109914$ & $0.00999093$ & $-0.0174135$ & $0.00969783$ & $0.0276463$ & $0.027213$ & $0.0276202$ & $-0.017672$ & $-0.0105816$ & $-0.00396999$ & $-0.0108385$ & $0.00985986$ & $-0.00880874$ & $0.0551054$ & $0.0242146$ & $-0.023062$ & $-0.017253$ & $0.00601691$ & $0.00249553$ & $0.084749$ & $0.0110261$ & $0.0650514$ & $0.0316716$ & $-0.0564203$ & $-0.0355784$ & $-0.076243$ & $1$ & $-0.0222281$ & $0.014522$ & $-0.0674944$ & $-0.0727654$ & $0.0120263$ & $0.00906785$ & $-0.0279513$ \\
eHgagaint & $0.0964939$ & $0.00607066$ & $-0.138778$ & $-0.100185$ & $-0.0160647$ & $0.00319476$ & $0.0191131$ & $0.0607406$ & $0.11331$ & $-0.0773124$ & $-0.0627946$ & $-0.0815499$ & $0.0312872$ & $0.0203375$ & $-0.00443942$ & $0.027105$ & $0.00238189$ & $0.000879404$ & $-0.0217139$ & $0.0574967$ & $0.0657223$ & $0.0680035$ & $0.044408$ & $-0.0441225$ & $-0.0278919$ & $-0.0649536$ & $0.0224205$ & $0.0201974$ & $0.0305158$ & $0.0246399$ & $-0.00568749$ & $0.00583438$ & $0.000353968$ & $0.0553158$ & $0.0779822$ & $-0.0507769$ & $0.127215$ & $0.0202694$ & $-0.144238$ & $-0.047832$ & $0.00532182$ & $-0.0222281$ & $1$ & $0.0923323$ & $0.031189$ & $0.207018$ & $-0.105419$ & $-0.0928259$ & $0.0589802$ \\
eHmumuint & $0.165327$ & $0.354684$ & $0.0154118$ & $-0.100021$ & $0.0136666$ & $0.00618223$ & $-0.00495604$ & $-0.0261532$ & $-0.0225202$ & $0.00646256$ & $0.0221371$ & $-0.00557817$ & $0.027991$ & $-0.0277394$ & $0.0253104$ & $0.00790066$ & $0.00787732$ & $-0.0237713$ & $-0.00300361$ & $-0.0144099$ & $-0.0161688$ & $-0.0150753$ & $-0.0358046$ & $0.00528208$ & $-0.0284447$ & $0.00915689$ & $-0.030117$ & $-0.00117352$ & $0.0211239$ & $0.00601415$ & $-0.0390634$ & $0.0145469$ & $-0.0266437$ & $-0.0195918$ & $0.219782$ & $0.144184$ & $-0.026524$ & $-0.0240687$ & $0.217895$ & $-0.022547$ & $-0.0787878$ & $0.014522$ & $0.0923323$ & $1$ & $0.0416267$ & $-0.0458044$ & $-0.109862$ & $0.0285857$ & $-0.0956352$ \\
eHtautauint & $-0.0569211$ & $0.189285$ & $0.11156$ & $0.115267$ & $-0.0188847$ & $0.0077602$ & $0.0138193$ & $-0.0683579$ & $-0.0684529$ & $0.021334$ & $0.0554701$ & $0.0228042$ & $-0.0270873$ & $-0.0185628$ & $0.0134237$ & $-0.0150554$ & $0.0416598$ & $0.0123323$ & $0.0313133$ & $-0.0484363$ & $-0.0529642$ & $-0.0675385$ & $0.0114527$ & $0.035465$ & $0.025593$ & $0.0300995$ & $-0.0467803$ & $-0.0368915$ & $-0.00184806$ & $0.0561933$ & $-0.0287487$ & $-0.00716214$ & $-0.0920751$ & $-0.0484739$ & $-0.245958$ & $0.110867$ & $0.174623$ & $0.00416675$ & $-0.00198507$ & $-0.0441598$ & $0.0299142$ & $-0.0674944$ & $0.031189$ & $0.0416267$ & $1$ & $-0.0734692$ & $-0.0631524$ & $-0.204318$ & $-0.166173$ \\
eHccint & $0.0831724$ & $0.0340961$ & $0.0480112$ & $-0.0826006$ & $0.008351$ & $0.0596293$ & $0.0359432$ & $0.0104039$ & $0.0296398$ & $-0.0289185$ & $0.0205435$ & $-0.0155547$ & $0.0274606$ & $-0.0377821$ & $-0.00890915$ & $-0.0114197$ & $-0.0768157$ & $-0.0527731$ & $-0.0387357$ & $-0.0217376$ & $-0.0187234$ & $-0.00769895$ & $-0.00519797$ & $-0.0681346$ & $-0.0749453$ & $0.0269579$ & $-0.0121817$ & $-0.0537851$ & $0.0135144$ & $0.0355827$ & $0.0467205$ & $0.0554109$ & $0.101146$ & $0.00634451$ & $0.114202$ & $-0.145407$ & $-0.152724$ & $-0.0179911$ & $-0.105953$ & $-0.0695538$ & $0.18194$ & $-0.0727654$ & $0.207018$ & $-0.0458044$ & $-0.0734692$ & $1$ & $-0.118354$ & $0.153843$ & $0.0967041$ \\
eHccpar & $0.17836$ & $0.00893933$ & $0.151001$ & $0.2406$ & $-0.0160691$ & $0.0103898$ & $-0.0640787$ & $-0.0267082$ & $-0.0452353$ & $0.0244453$ & $0.0247216$ & $0.0182576$ & $-0.00959086$ & $-0.00741967$ & $-0.0355909$ & $0.00475795$ & $0.00656301$ & $0.031203$ & $-0.00278097$ & $-0.0257104$ & $-0.0247219$ & $-0.0336129$ & $0.0320518$ & $0.00761277$ & $0.00914164$ & $-0.021922$ & $0.0106648$ & $-0.0157208$ & $-0.0239609$ & $0.00572546$ & $0.244765$ & $-0.0722435$ & $-0.0261137$ & $0.0141566$ & $-0.0250234$ & $0.0365331$ & $-0.0366152$ & $0.0206827$ & $-0.0263883$ & $0.0471536$ & $-0.10622$ & $0.0120263$ & $-0.105419$ & $-0.109862$ & $-0.0631524$ & $-0.118354$ & $1$ & $-0.0132832$ & $-0.0692857$ \\
eHbbint & $0.0398657$ & $-0.0384509$ & $0.0861139$ & $-0.242742$ & $-0.00387025$ & $-0.029117$ & $-0.0215994$ & $-0.0074771$ & $-0.0140997$ & $-0.00300926$ & $0.0061903$ & $0.0224614$ & $-0.020882$ & $-0.00607708$ & $-0.0198103$ & $-0.0194236$ & $0.00870599$ & $0.0158778$ & $0.0173366$ & $-0.00998899$ & $-0.00512853$ & $-0.00111099$ & $0.00897984$ & $-0.00508421$ & $0.0246983$ & $0.0291789$ & $0.0390528$ & $-0.0020705$ & $-0.0375055$ & $-0.0445129$ & $-0.029839$ & $-0.00536918$ & $0.0749362$ & $0.0115149$ & $0.10597$ & $0.0134709$ & $0.0479472$ & $-0.0217128$ & $0.0860775$ & $0.000820277$ & $-0.131178$ & $0.00906785$ & $-0.0928259$ & $0.0285857$ & $-0.204318$ & $0.153843$ & $-0.0132832$ & $1$ & $-0.0390559$ \\
eHbbpar & $0.0474838$ & $0.0475096$ & $-0.148713$ & $-0.194615$ & $0.0300246$ & $0.0211942$ & $0.00503549$ & $0.0318776$ & $0.0364261$ & $-0.00740604$ & $-0.0449784$ & $-0.0382301$ & $0.0254218$ & $0.0399223$ & $0.0105932$ & $0.02029$ & $0.0180173$ & $0.00954684$ & $0.00571472$ & $0.0407024$ & $0.0435987$ & $0.0320445$ & $9.86992e-05$ & $-0.00282708$ & $0.000848091$ & $-0.0341668$ & $0.00855842$ & $0.0334759$ & $0.0279025$ & $0.0441254$ & $-0.010612$ & $0.00868154$ & $0.389797$ & $0.0159826$ & $-0.0787733$ & $-0.205361$ & $0.0247497$ & $-0.0448834$ & $0.0451958$ & $0.0146313$ & $0.153276$ & $-0.0279513$ & $0.0589802$ & $-0.0956352$ & $-0.166173$ & $0.0967041$ & $-0.0692857$ & $-0.0390559$ & $1$ \\
