 & AlsMz & dAle5Mz & mtop & mHl & Mz & CW & CHG & CHWB & CHWHB_gaga & CHWHB_gagaorth & CHD & CHbox & CH & CHL1_11 & CHL1_22 & CHL1_33 & CHL3_11 & CHL3_22 & CHL3_33 & CHe_11 & CHe_22 & CHe_33 & CHQ1_11 & CHQ1_33 & CHQ3_11 & CHu_11 & CHd_11 & CHd_33 & CeH_22r & CeH_33r & CuH_22r & CuH_33r & CdH_33r & CLL_1221 & eHggint & eHggpar & eHWWint & eHWWpar & eHZZint & eHZZpar & eHZgaint & eHZgapar & eHgagaint & eHmumuint & eHtautauint & eHccint & eHccpar & eHbbint & eHbbpar \\
AlsMz & $1$ & $0.0232279$ & $0.152252$ & $0.0132272$ & $0.00548685$ & $0.00797054$ & $-0.0494091$ & $0.00897627$ & $-0.00540452$ & $-0.0020965$ & $-0.0289787$ & $-0.0276667$ & $-0.00661954$ & $0.0324499$ & $0.0149531$ & $-0.0140178$ & $0.0216684$ & $0.0121869$ & $0.041533$ & $0.0230346$ & $0.0227773$ & $0.0254127$ & $0.0124777$ & $-0.0511377$ & $-0.097961$ & $-0.0673857$ & $-0.0292321$ & $0.0154628$ & $-0.00832364$ & $0.00274979$ & $-0.0074795$ & $-0.0573683$ & $-0.0753778$ & $-0.00862561$ & $0.0551317$ & $-0.0245961$ & $-0.0936989$ & $0.024104$ & $0.073783$ & $0.0482797$ & $-0.0863597$ & $0.00402372$ & $-0.196814$ & $-0.0638732$ & $0.0576635$ & $0.0439664$ & $-0.0183072$ & $-0.189954$ & $-0.0714884$ \\
dAle5Mz & $0.0232279$ & $1$ & $0.0875644$ & $0.00228725$ & $-0.000488859$ & $0.053415$ & $0.0160486$ & $-0.0576179$ & $-0.0525395$ & $0.0297023$ & $0.0330136$ & $0.0147994$ & $0.00695884$ & $0.00718313$ & $-0.000839775$ & $-0.00871072$ & $0.0285952$ & $0.0186403$ & $0.0273362$ & $-0.0121274$ & $-0.00959907$ & $-0.00922715$ & $-0.00842712$ & $0.0285932$ & $0.0323253$ & $0.0198579$ & $0.0128742$ & $0.00118028$ & $0.0100447$ & $0.00859529$ & $0.0214601$ & $0.0204672$ & $-0.0513524$ & $0.0135189$ & $-0.0283961$ & $0.000422638$ & $0.00113046$ & $0.0162777$ & $-0.0265796$ & $-0.0150849$ & $-0.069798$ & $0.00763637$ & $0.0185505$ & $0.0558608$ & $0.0870881$ & $-0.0733213$ & $0.0795322$ & $0.0781053$ & $-0.133756$ \\
mtop & $0.152252$ & $0.0875644$ & $1$ & $0.138578$ & $-0.00848362$ & $0.00117944$ & $-0.0359842$ & $-0.00316149$ & $-0.00440032$ & $-0.00859416$ & $0.00478054$ & $-0.00315985$ & $0.0180218$ & $-0.00479061$ & $0.00569666$ & $-0.0198554$ & $0.0113096$ & $0.000150616$ & $0.0192738$ & $0.00462511$ & $0.00475084$ & $0.0046703$ & $-0.00438048$ & $-0.000433426$ & $-0.0129213$ & $-0.00822383$ & $-0.00269467$ & $-0.00584718$ & $0.00433806$ & $0.0333238$ & $0.00686942$ & $-0.034519$ & $0.0240623$ & $0.000446898$ & $0.0140331$ & $-0.127198$ & $-0.111065$ & $0.00565964$ & $0.0361984$ & $0.0329258$ & $0.0451291$ & $0.00964498$ & $-0.0211499$ & $0.211033$ & $0.0713228$ & $-0.149296$ & $0.0295927$ & $-0.0386992$ & $-0.0193019$ \\
mHl & $0.0132272$ & $0.00228725$ & $0.138578$ & $1$ & $-0.0072905$ & $0.0141571$ & $-0.019769$ & $0.00893601$ & $0.0129292$ & $0.001661$ & $-0.00844129$ & $0.00888224$ & $-0.015928$ & $0.00103419$ & $0.00317819$ & $0.0144091$ & $0.00324468$ & $0.000481247$ & $-0.00868641$ & $0.0119172$ & $0.008779$ & $0.0150407$ & $-0.00328811$ & $0.000203044$ & $0.00322593$ & $-0.00183879$ & $0.00747069$ & $-0.00233381$ & $0.0137091$ & $0.0135384$ & $-0.0221522$ & $-0.0207452$ & $0.000835916$ & $0.00682506$ & $-0.017594$ & $-0.0601707$ & $0.000762658$ & $-0.0226444$ & $-0.0592633$ & $0.00856982$ & $0.0111099$ & $-0.0424737$ & $0.107132$ & $0.0726597$ & $0.0682467$ & $-0.14835$ & $-0.0571196$ & $0.022728$ & $-0.0479464$ \\
Mz & $0.00548685$ & $-0.000488859$ & $-0.00848362$ & $-0.0072905$ & $1$ & $0.0243117$ & $-0.0134895$ & $-0.0201965$ & $-0.0237954$ & $0.00049298$ & $0.0172373$ & $-0.0261024$ & $-0.0166917$ & $0.0286936$ & $0.00407587$ & $0.0212122$ & $0.0119177$ & $0.0215011$ & $0.00600857$ & $-0.00669569$ & $-0.0111639$ & $-0.0125126$ & $-0.0214581$ & $0.0260958$ & $0.0162373$ & $0.0146693$ & $-0.0224414$ & $0.0158909$ & $-0.0062414$ & $-0.00760219$ & $-0.0139265$ & $-0.0182393$ & $-0.0364832$ & $-0.0234441$ & $0.00106118$ & $-0.00302534$ & $-0.0119652$ & $-0.028231$ & $0.00627024$ & $-0.0102561$ & $0.0028445$ & $-0.0153455$ & $-0.0332054$ & $0.0128196$ & $0.00532938$ & $-0.000303345$ & $0.00510347$ & $-0.0214536$ & $-0.00878614$ \\
CW & $0.00797054$ & $0.053415$ & $0.00117944$ & $0.0141571$ & $0.0243117$ & $1$ & $-0.0104825$ & $-0.137164$ & $-0.13459$ & $0.0156459$ & $0.199156$ & $0.0551388$ & $0.00870593$ & $0.0036699$ & $-0.111575$ & $-0.0772371$ & $-0.261843$ & $-0.0339534$ & $-0.058973$ & $-0.196434$ & $-0.198756$ & $-0.191494$ & $0.00919307$ & $-0.00087379$ & $-0.090559$ & $0.0927544$ & $-0.0739082$ & $-0.0639729$ & $-0.0058012$ & $0.00886335$ & $-0.00332238$ & $-0.00204016$ & $0.00198031$ & $-0.0940707$ & $0.0010173$ & $0.00074184$ & $-0.0119623$ & $0.0133878$ & $-0.0194436$ & $-0.00318919$ & $-0.0117862$ & $0.0129463$ & $-0.0305592$ & $0.00578361$ & $-0.0370652$ & $0.00625155$ & $0.00506197$ & $0.0130881$ & $-0.02163$ \\
CHG & $-0.0494091$ & $0.0160486$ & $-0.0359842$ & $-0.019769$ & $-0.0134895$ & $-0.0104825$ & $1$ & $-0.0795776$ & $-0.0239493$ & $0.0552795$ & $0.0362999$ & $-0.106644$ & $-0.256773$ & $0.0554115$ & $-0.0027101$ & $-0.00574818$ & $0.0840705$ & $0.0815714$ & $0.0871513$ & $-0.0332097$ & $-0.0388163$ & $-0.039619$ & $0.00374878$ & $0.10101$ & $0.0905777$ & $0.0123429$ & $-0.0347453$ & $-0.035603$ & $0.0194085$ & $-0.116106$ & $-0.0569804$ & $0.941112$ & $-0.147617$ & $-0.0607517$ & $-0.0427307$ & $-0.00662728$ & $0.032737$ & $-0.00430146$ & $-0.0619146$ & $-0.0321173$ & $-0.0232939$ & $-0.0162221$ & $0.00701771$ & $-0.00565592$ & $-0.00011907$ & $0.0194779$ & $0.0164243$ & $0.0324521$ & $-0.0324777$ \\
CHWB & $0.00897627$ & $-0.0576179$ & $-0.00316149$ & $0.00893601$ & $-0.0201965$ & $-0.137164$ & $-0.0795776$ & $1$ & $0.981328$ & $-0.572764$ & $-0.883577$ & $-0.142595$ & $0.306982$ & $0.120572$ & $0.300784$ & $0.30655$ & $-0.216874$ & $-0.42199$ & $-0.422234$ & $0.85543$ & $0.89912$ & $0.883102$ & $0.0584243$ & $-0.663044$ & $-0.398714$ & $-0.505237$ & $0.401339$ & $0.310424$ & $0.0162962$ & $0.0786051$ & $0.0351694$ & $-0.0857413$ & $0.0838004$ & $0.548629$ & $-0.00415882$ & $0.00639494$ & $0.0228364$ & $0.00967184$ & $0.0150957$ & $-0.0144102$ & $1.13924e-05$ & $0.0214155$ & $0.000492579$ & $0.000582088$ & $-0.00465438$ & $-0.005798$ & $0.00936237$ & $-0.0115264$ & $-0.00253641$ \\
CHWHB_gaga & $-0.00540452$ & $-0.0525395$ & $-0.00440032$ & $0.0129292$ & $-0.0237954$ & $-0.13459$ & $-0.0239493$ & $0.981328$ & $1$ & $-0.559628$ & $-0.864434$ & $-0.124641$ & $0.301516$ & $0.112417$ & $0.296448$ & $0.301811$ & $-0.218695$ & $-0.420156$ & $-0.41969$ & $0.837536$ & $0.879845$ & $0.863962$ & $0.0576846$ & $-0.65248$ & $-0.395499$ & $-0.494537$ & $0.392214$ & $0.303364$ & $0.021009$ & $0.101368$ & $0.0502931$ & $-0.0390115$ & $0.111653$ & $0.536954$ & $-0.0342318$ & $-0.00635423$ & $0.00825744$ & $0.00979959$ & $-9.55881e-05$ & $-0.0186616$ & $-0.00564066$ & $0.020577$ & $0.0701037$ & $0.00458891$ & $-0.00569578$ & $-0.0131522$ & $0.0125059$ & $-0.0020908$ & $0.00345365$ \\
CHWHB_gagaorth & $-0.0020965$ & $0.0297023$ & $-0.00859416$ & $0.001661$ & $0.00049298$ & $0.0156459$ & $0.0552795$ & $-0.572764$ & $-0.559628$ & $1$ & $0.373653$ & $0.504714$ & $-0.225817$ & $0.190882$ & $-0.141795$ & $-0.14565$ & $0.400982$ & $0.468453$ & $0.465775$ & $-0.36245$ & $-0.387878$ & $-0.38388$ & $-0.0386628$ & $0.537219$ & $0.466161$ & $0.22347$ & $-0.207952$ & $-0.137943$ & $0.00817562$ & $-0.113812$ & $-0.0538089$ & $0.0726569$ & $-0.125466$ & $-0.330206$ & $0.0135626$ & $-0.0120085$ & $-0.0150786$ & $-0.00264553$ & $-0.0107622$ & $-0.00239543$ & $-0.0397125$ & $0.0105782$ & $0.00465543$ & $0.00921167$ & $0.00431867$ & $0.0106506$ & $-0.0304999$ & $-0.00127755$ & $0.00027487$ \\
CHD & $-0.0289787$ & $0.0330136$ & $0.00478054$ & $-0.00844129$ & $0.0172373$ & $0.199156$ & $0.0362999$ & $-0.883577$ & $-0.864434$ & $0.373653$ & $1$ & $0.239032$ & $-0.138765$ & $-0.523506$ & $-0.424447$ & $-0.419096$ & $-0.230679$ & $0.069495$ & $0.0654226$ & $-0.990431$ & $-0.991063$ & $-0.969786$ & $-0.00139342$ & $0.305904$ & $0.0329382$ & $0.557481$ & $-0.26937$ & $-0.345708$ & $-0.00680697$ & $-0.0409766$ & $-0.0214475$ & $0.0531239$ & $-0.0435062$ & $-0.35711$ & $0.0161176$ & $-0.000706669$ & $-0.0202411$ & $-0.0238915$ & $-0.0209167$ & $0.0167129$ & $-0.00100717$ & $-0.0258859$ & $0.0052925$ & $-0.00060151$ & $0.00196705$ & $0.00253233$ & $-0.00160842$ & $0.0207157$ & $-0.00675311$ \\
CHbox & $-0.0276667$ & $0.0147994$ & $-0.00315985$ & $0.00888224$ & $-0.0261024$ & $0.0551388$ & $-0.106644$ & $-0.142595$ & $-0.124641$ & $0.504714$ & $0.239032$ & $1$ & $0.409169$ & $-0.261834$ & $-0.0361122$ & $-0.0272807$ & $-0.213691$ & $-0.158418$ & $-0.163542$ & $-0.221684$ & $-0.244861$ & $-0.23766$ & $-0.0167838$ & $-0.0257491$ & $-0.148686$ & $0.153878$ & $-0.082907$ & $-0.0915633$ & $0.0628619$ & $0.254183$ & $0.0556101$ & $-0.019112$ & $0.310333$ & $-0.0936168$ & $0.0928262$ & $0.0276376$ & $-0.0107777$ & $-0.00895921$ & $0.00266414$ & $-0.00390726$ & $-0.0412802$ & $0.0138691$ & $0.00563807$ & $-0.00823181$ & $-0.0220387$ & $0.00763559$ & $-0.0118459$ & $0.0350259$ & $0.0119658$ \\
CH & $-0.00661954$ & $0.00695884$ & $0.0180218$ & $-0.015928$ & $-0.0166917$ & $0.00870593$ & $-0.256773$ & $0.306982$ & $0.301516$ & $-0.225817$ & $-0.138765$ & $0.409169$ & $1$ & $-0.238684$ & $0.0627899$ & $0.0557753$ & $-0.336311$ & $-0.361349$ & $-0.351286$ & $0.135042$ & $0.148314$ & $0.148701$ & $0.0144413$ & $-0.357108$ & $-0.346025$ & $-0.0673822$ & $0.127367$ & $0.057151$ & $0.0381308$ & $0.228016$ & $0.0674964$ & $-0.218665$ & $0.293622$ & $0.187857$ & $0.0406193$ & $0.0137432$ & $0.0088225$ & $-0.00260915$ & $0.0157432$ & $-0.00175803$ & $-0.000940171$ & $-0.00594025$ & $0.00587765$ & $-0.00887886$ & $-0.0250584$ & $-0.0104511$ & $-0.00193097$ & $0.012011$ & $0.0249525$ \\
CHL1_11 & $0.0324499$ & $0.00718313$ & $-0.00479061$ & $0.00103419$ & $0.0286936$ & $0.0036699$ & $0.0554115$ & $0.120572$ & $0.112417$ & $0.190882$ & $-0.523506$ & $-0.261834$ & $-0.238684$ & $1$ & $0.271527$ & $0.265847$ & $0.657733$ & $0.583493$ & $0.580886$ & $0.540599$ & $0.487032$ & $0.472488$ & $-0.0839706$ & $0.453666$ & $0.571949$ & $-0.275786$ & $-0.102131$ & $0.173843$ & $-0.0162855$ & $-0.0500039$ & $-0.0199655$ & $0.0310735$ & $-0.0553371$ & $-0.194479$ & $-0.0399358$ & $-0.00812493$ & $0.00339464$ & $0.0285188$ & $0.0184017$ & $-0.00963675$ & $0.00466477$ & $0.0216504$ & $-0.0206616$ & $0.00619965$ & $-0.00220428$ & $-0.00933882$ & $-0.0197625$ & $-0.0232756$ & $0.00980469$ \\
CHL1_22 & $0.0149531$ & $-0.000839775$ & $0.00569666$ & $0.00317819$ & $0.00407587$ & $-0.111575$ & $-0.0027101$ & $0.300784$ & $0.296448$ & $-0.141795$ & $-0.424447$ & $-0.0361122$ & $0.0627899$ & $0.271527$ & $1$ & $0.461219$ & $0.180292$ & $-0.463504$ & $-0.0405628$ & $0.491214$ & $0.339232$ & $0.325432$ & $-0.189731$ & $0.121457$ & $-0.156795$ & $-0.196709$ & $-0.426906$ & $0.139511$ & $0.00481328$ & $0.0173937$ & $0.0186864$ & $-0.00793158$ & $0.0380157$ & $-0.603369$ & $0.00864521$ & $-0.00265987$ & $0.0217874$ & $0.0131837$ & $0.0127563$ & $-0.00122323$ & $0.0282865$ & $0.0131352$ & $0.00575401$ & $-0.0162927$ & $-0.0162904$ & $0.0205876$ & $-0.00845492$ & $0.00405816$ & $0.0296316$ \\
CHL1_33 & $-0.0140178$ & $-0.00871072$ & $-0.0198554$ & $0.0144091$ & $0.0212122$ & $-0.0772371$ & $-0.00574818$ & $0.30655$ & $0.301811$ & $-0.14565$ & $-0.419096$ & $-0.0272807$ & $0.0557753$ & $0.265847$ & $0.461219$ & $1$ & $0.152584$ & $-0.0542141$ & $-0.454617$ & $0.484281$ & $0.33806$ & $0.351451$ & $-0.184666$ & $0.100245$ & $-0.149595$ & $-0.180217$ & $-0.393325$ & $0.125158$ & $0.0112878$ & $0.017485$ & $0.00262767$ & $-0.00507469$ & $0.0318463$ & $-0.112338$ & $0.0293263$ & $-0.0110486$ & $-0.00692963$ & $0.0171802$ & $0.0361094$ & $-0.0233163$ & $0.0328982$ & $-0.0109316$ & $0.0147095$ & $-0.0104852$ & $-0.0189928$ & $0.0132028$ & $-0.00854372$ & $-0.0139603$ & $0.0108038$ \\
CHL3_11 & $0.0216684$ & $0.0285952$ & $0.0113096$ & $0.00324468$ & $0.0119177$ & $-0.261843$ & $0.0840705$ & $-0.216874$ & $-0.218695$ & $0.400982$ & $-0.230679$ & $-0.213691$ & $-0.336311$ & $0.657733$ & $0.180292$ & $0.152584$ & $1$ & $0.714879$ & $0.727929$ & $0.251917$ & $0.20043$ & $0.18798$ & $-0.0772071$ & $0.665356$ & $0.763137$ & $-0.109885$ & $-0.154163$ & $0.0742308$ & $-0.0207712$ & $-0.0786149$ & $-0.0306122$ & $0.0619705$ & $-0.0840623$ & $-0.242823$ & $-0.0176754$ & $-0.0126287$ & $-0.00409762$ & $0.0272342$ & $0.00606157$ & $-0.000881315$ & $-0.00331449$ & $0.00592444$ & $-0.00377749$ & $0.00440451$ & $0.0114289$ & $0.0132034$ & $-0.0166699$ & $-0.0165893$ & $0.022612$ \\
CHL3_22 & $0.0121869$ & $0.0186403$ & $0.000150616$ & $0.000481247$ & $0.0215011$ & $-0.0339534$ & $0.0815714$ & $-0.42199$ & $-0.420156$ & $0.468453$ & $0.069495$ & $-0.158418$ & $-0.361349$ & $0.583493$ & $-0.463504$ & $-0.0542141$ & $0.714879$ & $1$ & $0.667432$ & $-0.0756112$ & $-0.0586554$ & $-0.0568834$ & $0.0160076$ & $0.595001$ & $0.7925$ & $0.0369958$ & $0.0288302$ & $-0.0303408$ & $-0.0221183$ & $-0.0842841$ & $-0.0409868$ & $0.0654368$ & $-0.100192$ & $0.067818$ & $-0.0262115$ & $-0.0127383$ & $-0.0219544$ & $0.017494$ & $0.00608356$ & $-0.00359056$ & $-0.0122108$ & $-0.00320506$ & $-0.0135403$ & $0.0145116$ & $0.0137202$ & $-0.00942818$ & $-0.0109982$ & $-0.0213386$ & $0.000194677$ \\
CHL3_33 & $0.041533$ & $0.0273362$ & $0.0192738$ & $-0.00868641$ & $0.00600857$ & $-0.058973$ & $0.0871513$ & $-0.422234$ & $-0.41969$ & $0.465775$ & $0.0654226$ & $-0.163542$ & $-0.351286$ & $0.580886$ & $-0.0405628$ & $-0.454617$ & $0.727929$ & $0.667432$ & $1$ & $-0.0705684$ & $-0.0562263$ & $-0.0548121$ & $0.0140143$ & $0.603589$ & $0.782975$ & $0.0267211$ & $0.0110005$ & $-0.0160236$ & $-0.0256426$ & $-0.0843093$ & $-0.0301129$ & $0.0671119$ & $-0.0943525$ & $-0.317313$ & $-0.0392798$ & $-0.00464206$ & $0.000310516$ & $0.0136566$ & $-0.0135701$ & $0.0145911$ & $-0.0186027$ & $0.0126694$ & $-0.0211477$ & $0.0116705$ & $0.0122592$ & $-0.00521753$ & $-0.0175768$ & $-0.00462371$ & $0.017022$ \\
CHe_11 & $0.0230346$ & $-0.0121274$ & $0.00462511$ & $0.0119172$ & $-0.00669569$ & $-0.196434$ & $-0.0332097$ & $0.85543$ & $0.837536$ & $-0.36245$ & $-0.990431$ & $-0.221684$ & $0.135042$ & $0.540599$ & $0.491214$ & $0.484281$ & $0.251917$ & $-0.0756112$ & $-0.0705684$ & $1$ & $0.972509$ & $0.951647$ & $-0.0254217$ & $-0.251308$ & $-0.0291513$ & $-0.546279$ & $0.193369$ & $0.340628$ & $0.00782672$ & $0.0401129$ & $0.0220395$ & $-0.0492238$ & $0.0463573$ & $0.27679$ & $-0.0135699$ & $-0.0018248$ & $0.0180697$ & $0.0255219$ & $0.0236649$ & $-0.0176904$ & $0.00519747$ & $0.0235026$ & $-0.00236088$ & $0.00340079$ & $-0.00278269$ & $-0.00477301$ & $0.00266009$ & $-0.0173441$ & $0.0101118$ \\
CHe_22 & $0.0227773$ & $-0.00959907$ & $0.00475084$ & $0.008779$ & $-0.0111639$ & $-0.198756$ & $-0.0388163$ & $0.89912$ & $0.879845$ & $-0.387878$ & $-0.991063$ & $-0.244861$ & $0.148314$ & $0.487032$ & $0.339232$ & $0.33806$ & $0.20043$ & $-0.0586554$ & $-0.0562263$ & $0.972509$ & $1$ & $0.975307$ & $0.030669$ & $-0.360092$ & $-0.0331881$ & $-0.559778$ & $0.352213$ & $0.345908$ & $0.00748342$ & $0.0426042$ & $0.0230151$ & $-0.0554993$ & $0.0431148$ & $0.444243$ & $-0.0205907$ & $0.00132481$ & $0.0185414$ & $0.0221804$ & $0.0183527$ & $-0.0158639$ & $-0.00482637$ & $0.0256509$ & $-0.00442693$ & $0.00709902$ & $0.00361414$ & $-0.00894648$ & $0.00560671$ & $-0.0162038$ & $0.00177454$ \\
CHe_33 & $0.0254127$ & $-0.00922715$ & $0.0046703$ & $0.0150407$ & $-0.0125126$ & $-0.191494$ & $-0.039619$ & $0.883102$ & $0.863962$ & $-0.38388$ & $-0.969786$ & $-0.23766$ & $0.148701$ & $0.472488$ & $0.325432$ & $0.351451$ & $0.18798$ & $-0.0568834$ & $-0.0548121$ & $0.951647$ & $0.975307$ & $1$ & $0.0322479$ & $-0.357826$ & $-0.033541$ & $-0.545902$ & $0.352462$ & $0.339217$ & $0.00607234$ & $0.0420256$ & $0.0221619$ & $-0.0552275$ & $0.0436188$ & $0.444178$ & $-0.0159638$ & $-0.00346213$ & $0.0191481$ & $0.0233968$ & $0.0179598$ & $-0.0166665$ & $-0.00869749$ & $0.0197254$ & $-0.00496048$ & $0.00640732$ & $-0.00211527$ & $-0.00941711$ & $0.000211445$ & $-0.0181879$ & $0.00310873$ \\
CHQ1_11 & $0.0124777$ & $-0.00842712$ & $-0.00438048$ & $-0.00328811$ & $-0.0214581$ & $0.00919307$ & $0.00374878$ & $0.0584243$ & $0.0576846$ & $-0.0386628$ & $-0.00139342$ & $-0.0167838$ & $0.0144413$ & $-0.0839706$ & $-0.189731$ & $-0.184666$ & $-0.0772071$ & $0.0160076$ & $0.0140143$ & $-0.0254217$ & $0.030669$ & $0.0322479$ & $1$ & $-0.147444$ & $0.0771992$ & $-0.675166$ & $0.343504$ & $0.0104252$ & $-0.00463597$ & $-0.024166$ & $0.0128972$ & $-0.00406443$ & $-0.0331272$ & $0.209579$ & $-0.000287486$ & $0.0157891$ & $0.0283991$ & $-0.0304554$ & $-0.0247154$ & $0.0176128$ & $-0.0181691$ & $-0.0074613$ & $0.00676604$ & $0.00715272$ & $-0.0029148$ & $0.00562229$ & $0.0106309$ & $-0.000438317$ & $-0.0230357$ \\
CHQ1_33 & $-0.0511377$ & $0.0285932$ & $-0.000433426$ & $0.000203044$ & $0.0260958$ & $-0.00087379$ & $0.10101$ & $-0.663044$ & $-0.65248$ & $0.537219$ & $0.305904$ & $-0.0257491$ & $-0.357108$ & $0.453666$ & $0.121457$ & $0.100245$ & $0.665356$ & $0.595001$ & $0.603589$ & $-0.251308$ & $-0.360092$ & $-0.357826$ & $-0.147444$ & $1$ & $0.622963$ & $0.206998$ & $-0.425787$ & $-0.0216416$ & $-0.0158747$ & $-0.0801323$ & $-0.0291974$ & $0.092553$ & $-0.0713381$ & $-0.629933$ & $-0.0118796$ & $-0.0189038$ & $-0.011331$ & $0.0145924$ & $-0.0057832$ & $0.000101851$ & $0.0254145$ & $-0.01395$ & $0.00852332$ & $0.00602178$ & $0.00181058$ & $0.0113084$ & $-0.0162485$ & $-0.00467493$ & $0.0355075$ \\
CHQ3_11 & $-0.097961$ & $0.0323253$ & $-0.0129213$ & $0.00322593$ & $0.0162373$ & $-0.090559$ & $0.0905777$ & $-0.398714$ & $-0.395499$ & $0.466161$ & $0.0329382$ & $-0.148686$ & $-0.346025$ & $0.571949$ & $-0.156795$ & $-0.149595$ & $0.763137$ & $0.7925$ & $0.782975$ & $-0.0291513$ & $-0.0331881$ & $-0.033541$ & $0.0771992$ & $0.622963$ & $1$ & $0.032852$ & $0.227607$ & $-0.0079966$ & $-0.0213047$ & $-0.089087$ & $-0.0357896$ & $0.0712594$ & $-0.0928783$ & $-0.167345$ & $-0.0336243$ & $-0.00698085$ & $0.0115687$ & $0.0126144$ & $-0.00135007$ & $-0.00605258$ & $-0.0269148$ & $-0.00462961$ & $0.00851849$ & $0.0220274$ & $-0.00621815$ & $-0.0148098$ & $-0.0127611$ & $0.00250393$ & $0.0228499$ \\
CHu_11 & $-0.0673857$ & $0.0198579$ & $-0.00822383$ & $-0.00183879$ & $0.0146693$ & $0.0927544$ & $0.0123429$ & $-0.505237$ & $-0.494537$ & $0.22347$ & $0.557481$ & $0.153878$ & $-0.0673822$ & $-0.275786$ & $-0.196709$ & $-0.180217$ & $-0.109885$ & $0.0369958$ & $0.0267211$ & $-0.546279$ & $-0.559778$ & $-0.545902$ & $-0.675166$ & $0.206998$ & $0.032852$ & $1$ & $-0.157991$ & $-0.203408$ & $-0.00231028$ & $-0.00462348$ & $-0.0287687$ & $0.0277271$ & $0.0047238$ & $-0.242219$ & $0.0152336$ & $-0.0146126$ & $-0.0261164$ & $0.0100042$ & $0.0016754$ & $-0.0118818$ & $0.00183263$ & $-0.0114056$ & $0.00246148$ & $0.000717823$ & $-0.00976457$ & $-0.0156816$ & $-0.0145211$ & $0.0190128$ & $0.0208478$ \\
CHd_11 & $-0.0292321$ & $0.0128742$ & $-0.00269467$ & $0.00747069$ & $-0.0224414$ & $-0.0739082$ & $-0.0347453$ & $0.401339$ & $0.392214$ & $-0.207952$ & $-0.26937$ & $-0.082907$ & $0.127367$ & $-0.102131$ & $-0.426906$ & $-0.393325$ & $-0.154163$ & $0.0288302$ & $0.0110005$ & $0.193369$ & $0.352213$ & $0.352462$ & $0.343504$ & $-0.425787$ & $0.227607$ & $-0.157991$ & $1$ & $0.0996261$ & $0.0040391$ & $0.0232896$ & $0.00900511$ & $-0.0417839$ & $0.0110761$ & $0.697443$ & $-0.0163763$ & $0.00568907$ & $0.0254403$ & $-0.00540008$ & $-0.00770714$ & $-0.00827589$ & $-0.057356$ & $-0.000695921$ & $-0.0036442$ & $0.0227878$ & $0.000479037$ & $-0.03007$ & $0.0120026$ & $-0.00639757$ & $-0.00865678$ \\
CHd_33 & $0.0154628$ & $0.00118028$ & $-0.00584718$ & $-0.00233381$ & $0.0158909$ & $-0.0639729$ & $-0.035603$ & $0.310424$ & $0.303364$ & $-0.137943$ & $-0.345708$ & $-0.0915633$ & $0.057151$ & $0.173843$ & $0.139511$ & $0.125158$ & $0.0742308$ & $-0.0303408$ & $-0.0160236$ & $0.340628$ & $0.345908$ & $0.339217$ & $0.0104252$ & $-0.0216416$ & $-0.0079966$ & $-0.203408$ & $0.0996261$ & $1$ & $-0.0137226$ & $0.00769754$ & $0.00664834$ & $-0.0394993$ & $-0.00336314$ & $0.133724$ & $-0.014165$ & $-0.00957467$ & $0.00783631$ & $0.0266221$ & $-0.00226872$ & $-4.5477e-05$ & $0.0283433$ & $0.00369897$ & $0.0117305$ & $0.0269752$ & $0.00642683$ & $0.0102687$ & $0.00169529$ & $-0.0296738$ & $-0.0222929$ \\
CeH_22r & $-0.00832364$ & $0.0100447$ & $0.00433806$ & $0.0137091$ & $-0.0062414$ & $-0.0058012$ & $0.0194085$ & $0.0162962$ & $0.021009$ & $0.00817562$ & $-0.00680697$ & $0.0628619$ & $0.0381308$ & $-0.0162855$ & $0.00481328$ & $0.0112878$ & $-0.0207712$ & $-0.0221183$ & $-0.0256426$ & $0.00782672$ & $0.00748342$ & $0.00607234$ & $-0.00463597$ & $-0.0158747$ & $-0.0213047$ & $-0.00231028$ & $0.0040391$ & $-0.0137226$ & $1$ & $0.0155709$ & $0.00734962$ & $0.00306375$ & $0.0100305$ & $0.00798453$ & $-0.0133347$ & $0.0130315$ & $-0.00584055$ & $-0.0025478$ & $-0.0213055$ & $-0.000127735$ & $0.00411949$ & $0.00112628$ & $0.0305524$ & $0.0257453$ & $0.00433198$ & $0.00479431$ & $0.00282907$ & $-0.00033472$ & $-0.0201518$ \\
CeH_33r & $0.00274979$ & $0.00859529$ & $0.0333238$ & $0.0135384$ & $-0.00760219$ & $0.00886335$ & $-0.116106$ & $0.0786051$ & $0.101368$ & $-0.113812$ & $-0.0409766$ & $0.254183$ & $0.228016$ & $-0.0500039$ & $0.0173937$ & $0.017485$ & $-0.0786149$ & $-0.0842841$ & $-0.0843093$ & $0.0401129$ & $0.0426042$ & $0.0420256$ & $-0.024166$ & $-0.0801323$ & $-0.089087$ & $-0.00462348$ & $0.0232896$ & $0.00769754$ & $0.0155709$ & $1$ & $0.30466$ & $0.0261244$ & $0.636214$ & $0.0453196$ & $-0.0457201$ & $-0.0163417$ & $-0.166023$ & $-0.0131462$ & $-0.00802344$ & $0.0042839$ & $0.0213456$ & $-0.0034298$ & $0.0392449$ & $0.0152008$ & $0.0813441$ & $-0.0111528$ & $0.0246688$ & $0.0199623$ & $-0.00538575$ \\
CuH_22r & $-0.0074795$ & $0.0214601$ & $0.00686942$ & $-0.0221522$ & $-0.0139265$ & $-0.00332238$ & $-0.0569804$ & $0.0351694$ & $0.0502931$ & $-0.0538089$ & $-0.0214475$ & $0.0556101$ & $0.0674964$ & $-0.0199655$ & $0.0186864$ & $0.00262767$ & $-0.0306122$ & $-0.0409868$ & $-0.0301129$ & $0.0220395$ & $0.0230151$ & $0.0221619$ & $0.0128972$ & $-0.0291974$ & $-0.0357896$ & $-0.0287687$ & $0.00900511$ & $0.00664834$ & $0.00734962$ & $0.30466$ & $1$ & $0.020504$ & $0.307982$ & $0.0113355$ & $-0.0471142$ & $0.0180871$ & $-0.071574$ & $-0.0087924$ & $-0.00614925$ & $0.0156082$ & $0.0174676$ & $0.00874968$ & $0.0561688$ & $-0.0538618$ & $0.0153922$ & $0.0591689$ & $0.346035$ & $0.00459057$ & $-0.0200394$ \\
CuH_33r & $-0.0573683$ & $0.0204672$ & $-0.034519$ & $-0.0207452$ & $-0.0182393$ & $-0.00204016$ & $0.941112$ & $-0.0857413$ & $-0.0390115$ & $0.0726569$ & $0.0531239$ & $-0.019112$ & $-0.218665$ & $0.0310735$ & $-0.00793158$ & $-0.00507469$ & $0.0619705$ & $0.0654368$ & $0.0671119$ & $-0.0492238$ & $-0.0554993$ & $-0.0552275$ & $-0.00406443$ & $0.092553$ & $0.0712594$ & $0.0277271$ & $-0.0417839$ & $-0.0394993$ & $0.00306375$ & $0.0261244$ & $0.020504$ & $1$ & $0.0226492$ & $-0.0613818$ & $0.0274749$ & $0.0278059$ & $-0.00159449$ & $-0.00848373$ & $-0.0546886$ & $-0.032393$ & $-0.0194424$ & $-0.0102802$ & $0.00732386$ & $-0.0161621$ & $-0.00713877$ & $0.0260775$ & $0.0142565$ & $0.0532821$ & $-0.0291947$ \\
CdH_33r & $-0.0753778$ & $-0.0513524$ & $0.0240623$ & $0.000835916$ & $-0.0364832$ & $0.00198031$ & $-0.147617$ & $0.0838004$ & $0.111653$ & $-0.125466$ & $-0.0435062$ & $0.310333$ & $0.293622$ & $-0.0553371$ & $0.0380157$ & $0.0318463$ & $-0.0840623$ & $-0.100192$ & $-0.0943525$ & $0.0463573$ & $0.0431148$ & $0.0436188$ & $-0.0331272$ & $-0.0713381$ & $-0.0928783$ & $0.0047238$ & $0.0110761$ & $-0.00336314$ & $0.0100305$ & $0.636214$ & $0.307982$ & $0.0226492$ & $1$ & $0.0279768$ & $-0.0499651$ & $-0.015038$ & $-0.18323$ & $-0.0266743$ & $0.0689777$ & $0.00502689$ & $-0.0484369$ & $0.00443085$ & $0.102855$ & $-0.00662692$ & $-0.0532027$ & $-0.0821722$ & $-0.0275387$ & $0.141849$ & $0.453153$ \\
CLL_1221 & $-0.00862561$ & $0.0135189$ & $0.000446898$ & $0.00682506$ & $-0.0234441$ & $-0.0940707$ & $-0.0607517$ & $0.548629$ & $0.536954$ & $-0.330206$ & $-0.35711$ & $-0.0936168$ & $0.187857$ & $-0.194479$ & $-0.603369$ & $-0.112338$ & $-0.242823$ & $0.067818$ & $-0.317313$ & $0.27679$ & $0.444243$ & $0.444178$ & $0.209579$ & $-0.629933$ & $-0.167345$ & $-0.242219$ & $0.697443$ & $0.133724$ & $0.00798453$ & $0.0453196$ & $0.0113355$ & $-0.0613818$ & $0.0279768$ & $1$ & $-0.00553099$ & $0.00494441$ & $0.00065851$ & $-0.00112014$ & $-0.00101394$ & $-0.010501$ & $-0.0292723$ & $0.00297805$ & $-0.000110025$ & $0.0176729$ & $0.0189062$ & $-0.0202877$ & $0.0201125$ & $-0.00897971$ & $-0.0346247$ \\
eHggint & $0.0551317$ & $-0.0283961$ & $0.0140331$ & $-0.017594$ & $0.00106118$ & $0.0010173$ & $-0.0427307$ & $-0.00415882$ & $-0.0342318$ & $0.0135626$ & $0.0161176$ & $0.0928262$ & $0.0406193$ & $-0.0399358$ & $0.00864521$ & $0.0293263$ & $-0.0176754$ & $-0.0262115$ & $-0.0392798$ & $-0.0135699$ & $-0.0205907$ & $-0.0159638$ & $-0.000287486$ & $-0.0118796$ & $-0.0336243$ & $0.0152336$ & $-0.0163763$ & $-0.014165$ & $-0.0133347$ & $-0.0457201$ & $-0.0471142$ & $0.0274749$ & $-0.0499651$ & $-0.00553099$ & $1$ & $-0.0577018$ & $-0.00315833$ & $-0.0103535$ & $0.0555167$ & $-0.0338793$ & $0.0751693$ & $0.0107539$ & $-0.129469$ & $-0.058156$ & $-0.039694$ & $0.0442807$ & $-0.0525022$ & $0.0327455$ & $-0.0297887$ \\
eHggpar & $-0.0245961$ & $0.000422638$ & $-0.127198$ & $-0.0601707$ & $-0.00302534$ & $0.00074184$ & $-0.00662728$ & $0.00639494$ & $-0.00635423$ & $-0.0120085$ & $-0.000706669$ & $0.0276376$ & $0.0137432$ & $-0.00812493$ & $-0.00265987$ & $-0.0110486$ & $-0.0126287$ & $-0.0127383$ & $-0.00464206$ & $-0.0018248$ & $0.00132481$ & $-0.00346213$ & $0.0157891$ & $-0.0189038$ & $-0.00698085$ & $-0.0146126$ & $0.00568907$ & $-0.00957467$ & $0.0130315$ & $-0.0163417$ & $0.0180871$ & $0.0278059$ & $-0.015038$ & $0.00494441$ & $-0.0577018$ & $1$ & $0.0357569$ & $0.0133512$ & $-0.0681959$ & $0.00774342$ & $-0.0557179$ & $0.00844571$ & $-0.0509388$ & $-0.231659$ & $-0.0175003$ & $0.136748$ & $0.0825388$ & $0.105419$ & $-0.00892854$ \\
eHWWint & $-0.0936989$ & $0.00113046$ & $-0.111065$ & $0.000762658$ & $-0.0119652$ & $-0.0119623$ & $0.032737$ & $0.0228364$ & $0.00825744$ & $-0.0150786$ & $-0.0202411$ & $-0.0107777$ & $0.0088225$ & $0.00339464$ & $0.0217874$ & $-0.00692963$ & $-0.00409762$ & $-0.0219544$ & $0.000310516$ & $0.0180697$ & $0.0185414$ & $0.0191481$ & $0.0283991$ & $-0.011331$ & $0.0115687$ & $-0.0261164$ & $0.0254403$ & $0.00783631$ & $-0.00584055$ & $-0.166023$ & $-0.071574$ & $-0.00159449$ & $-0.18323$ & $0.00065851$ & $-0.00315833$ & $0.0357569$ & $1$ & $0.0229714$ & $-0.0705809$ & $-0.0327133$ & $-0.112136$ & $0.0244141$ & $-0.0416177$ & $-0.0672563$ & $-0.127572$ & $-0.0577172$ & $0.036144$ & $-0.0707975$ & $0.0186898$ \\
eHWWpar & $0.024104$ & $0.0162777$ & $0.00565964$ & $-0.0226444$ & $-0.028231$ & $0.0133878$ & $-0.00430146$ & $0.00967184$ & $0.00979959$ & $-0.00264553$ & $-0.0238915$ & $-0.00895921$ & $-0.00260915$ & $0.0285188$ & $0.0131837$ & $0.0171802$ & $0.0272342$ & $0.017494$ & $0.0136566$ & $0.0255219$ & $0.0221804$ & $0.0233968$ & $-0.0304554$ & $0.0145924$ & $0.0126144$ & $0.0100042$ & $-0.00540008$ & $0.0266221$ & $-0.0025478$ & $-0.0131462$ & $-0.0087924$ & $-0.00848373$ & $-0.0266743$ & $-0.00112014$ & $-0.0103535$ & $0.0133512$ & $0.0229714$ & $1$ & $-0.00240841$ & $-0.0158084$ & $-0.0265548$ & $0.0232835$ & $-0.0197086$ & $-0.0235569$ & $0.0104536$ & $-0.0102585$ & $-0.0188261$ & $-0.0116149$ & $-0.0259308$ \\
eHZZint & $0.073783$ & $-0.0265796$ & $0.0361984$ & $-0.0592633$ & $0.00627024$ & $-0.0194436$ & $-0.0619146$ & $0.0150957$ & $-9.55881e-05$ & $-0.0107622$ & $-0.0209167$ & $0.00266414$ & $0.0157432$ & $0.0184017$ & $0.0127563$ & $0.0361094$ & $0.00606157$ & $0.00608356$ & $-0.0135701$ & $0.0236649$ & $0.0183527$ & $0.0179598$ & $-0.0247154$ & $-0.0057832$ & $-0.00135007$ & $0.0016754$ & $-0.00770714$ & $-0.00226872$ & $-0.0213055$ & $-0.00802344$ & $-0.00614925$ & $-0.0546886$ & $0.0689777$ & $-0.00101394$ & $0.0555167$ & $-0.0681959$ & $-0.0705809$ & $-0.00240841$ & $1$ & $0.00432901$ & $-0.0232664$ & $-0.00545144$ & $-0.133193$ & $0.0361548$ & $0.0965503$ & $-0.0783401$ & $0.0260265$ & $-0.0483396$ & $0.177763$ \\
eHZZpar & $0.0482797$ & $-0.0150849$ & $0.0329258$ & $0.00856982$ & $-0.0102561$ & $-0.00318919$ & $-0.0321173$ & $-0.0144102$ & $-0.0186616$ & $-0.00239543$ & $0.0167129$ & $-0.00390726$ & $-0.00175803$ & $-0.00963675$ & $-0.00122323$ & $-0.0233163$ & $-0.000881315$ & $-0.00359056$ & $0.0145911$ & $-0.0176904$ & $-0.0158639$ & $-0.0166665$ & $0.0176128$ & $0.000101851$ & $-0.00605258$ & $-0.0118818$ & $-0.00827589$ & $-4.5477e-05$ & $-0.000127735$ & $0.0042839$ & $0.0156082$ & $-0.032393$ & $0.00502689$ & $-0.010501$ & $-0.0338793$ & $0.00774342$ & $-0.0327133$ & $-0.0158084$ & $0.00432901$ & $1$ & $-0.0493864$ & $-0.0242309$ & $-0.0177525$ & $0.0139342$ & $0.0370759$ & $0.0156744$ & $0.0245762$ & $0.00877767$ & $-0.0184582$ \\
eHZgaint & $-0.0863597$ & $-0.069798$ & $0.0451291$ & $0.0111099$ & $0.0028445$ & $-0.0117862$ & $-0.0232939$ & $1.13924e-05$ & $-0.00564066$ & $-0.0397125$ & $-0.00100717$ & $-0.0412802$ & $-0.000940171$ & $0.00466477$ & $0.0282865$ & $0.0328982$ & $-0.00331449$ & $-0.0122108$ & $-0.0186027$ & $0.00519747$ & $-0.00482637$ & $-0.00869749$ & $-0.0181691$ & $0.0254145$ & $-0.0269148$ & $0.00183263$ & $-0.057356$ & $0.0283433$ & $0.00411949$ & $0.0213456$ & $0.0174676$ & $-0.0194424$ & $-0.0484369$ & $-0.0292723$ & $0.0751693$ & $-0.0557179$ & $-0.112136$ & $-0.0265548$ & $-0.0232664$ & $-0.0493864$ & $1$ & $-0.0195695$ & $0.028902$ & $0.122258$ & $0.164056$ & $0.0625912$ & $0.0316245$ & $-0.105182$ & $-0.0884221$ \\
eHZgapar & $0.00402372$ & $0.00763637$ & $0.00964498$ & $-0.0424737$ & $-0.0153455$ & $0.0129463$ & $-0.0162221$ & $0.0214155$ & $0.020577$ & $0.0105782$ & $-0.0258859$ & $0.0138691$ & $-0.00594025$ & $0.0216504$ & $0.0131352$ & $-0.0109316$ & $0.00592444$ & $-0.00320506$ & $0.0126694$ & $0.0235026$ & $0.0256509$ & $0.0197254$ & $-0.0074613$ & $-0.01395$ & $-0.00462961$ & $-0.0114056$ & $-0.000695921$ & $0.00369897$ & $0.00112628$ & $-0.0034298$ & $0.00874968$ & $-0.0102802$ & $0.00443085$ & $0.00297805$ & $0.0107539$ & $0.00844571$ & $0.0244141$ & $0.0232835$ & $-0.00545144$ & $-0.0242309$ & $-0.0195695$ & $1$ & $-0.00524501$ & $-0.0427963$ & $0.0329566$ & $0.00664251$ & $0.000421308$ & $-0.000879763$ & $0.0104962$ \\
eHgagaint & $-0.196814$ & $0.0185505$ & $-0.0211499$ & $0.107132$ & $-0.0332054$ & $-0.0305592$ & $0.00701771$ & $0.000492579$ & $0.0701037$ & $0.00465543$ & $0.0052925$ & $0.00563807$ & $0.00587765$ & $-0.0206616$ & $0.00575401$ & $0.0147095$ & $-0.00377749$ & $-0.0135403$ & $-0.0211477$ & $-0.00236088$ & $-0.00442693$ & $-0.00496048$ & $0.00676604$ & $0.00852332$ & $0.00851849$ & $0.00246148$ & $-0.0036442$ & $0.0117305$ & $0.0305524$ & $0.0392449$ & $0.0561688$ & $0.00732386$ & $0.102855$ & $-0.000110025$ & $-0.129469$ & $-0.0509388$ & $-0.0416177$ & $-0.0197086$ & $-0.133193$ & $-0.0177525$ & $0.028902$ & $-0.00524501$ & $1$ & $0.0222495$ & $-0.0761006$ & $-0.0721106$ & $0.068104$ & $0.12966$ & $0.0851177$ \\
eHmumuint & $-0.0638732$ & $0.0558608$ & $0.211033$ & $0.0726597$ & $0.0128196$ & $0.00578361$ & $-0.00565592$ & $0.000582088$ & $0.00458891$ & $0.00921167$ & $-0.00060151$ & $-0.00823181$ & $-0.00887886$ & $0.00619965$ & $-0.0162927$ & $-0.0104852$ & $0.00440451$ & $0.0145116$ & $0.0116705$ & $0.00340079$ & $0.00709902$ & $0.00640732$ & $0.00715272$ & $0.00602178$ & $0.0220274$ & $0.000717823$ & $0.0227878$ & $0.0269752$ & $0.0257453$ & $0.0152008$ & $-0.0538618$ & $-0.0161621$ & $-0.00662692$ & $0.0176729$ & $-0.058156$ & $-0.231659$ & $-0.0672563$ & $-0.0235569$ & $0.0361548$ & $0.0139342$ & $0.122258$ & $-0.0427963$ & $0.0222495$ & $1$ & $0.164469$ & $-0.172132$ & $-0.120823$ & $-0.136914$ & $-0.0105038$ \\
eHtautauint & $0.0576635$ & $0.0870881$ & $0.0713228$ & $0.0682467$ & $0.00532938$ & $-0.0370652$ & $-0.00011907$ & $-0.00465438$ & $-0.00569578$ & $0.00431867$ & $0.00196705$ & $-0.0220387$ & $-0.0250584$ & $-0.00220428$ & $-0.0162904$ & $-0.0189928$ & $0.0114289$ & $0.0137202$ & $0.0122592$ & $-0.00278269$ & $0.00361414$ & $-0.00211527$ & $-0.0029148$ & $0.00181058$ & $-0.00621815$ & $-0.00976457$ & $0.000479037$ & $0.00642683$ & $0.00433198$ & $0.0813441$ & $0.0153922$ & $-0.00713877$ & $-0.0532027$ & $0.0189062$ & $-0.039694$ & $-0.0175003$ & $-0.127572$ & $0.0104536$ & $0.0965503$ & $0.0370759$ & $0.164056$ & $0.0329566$ & $-0.0761006$ & $0.164469$ & $1$ & $0.0355889$ & $0.0431666$ & $-0.110125$ & $-0.0929932$ \\
eHccint & $0.0439664$ & $-0.0733213$ & $-0.149296$ & $-0.14835$ & $-0.000303345$ & $0.00625155$ & $0.0194779$ & $-0.005798$ & $-0.0131522$ & $0.0106506$ & $0.00253233$ & $0.00763559$ & $-0.0104511$ & $-0.00933882$ & $0.0205876$ & $0.0132028$ & $0.0132034$ & $-0.00942818$ & $-0.00521753$ & $-0.00477301$ & $-0.00894648$ & $-0.00941711$ & $0.00562229$ & $0.0113084$ & $-0.0148098$ & $-0.0156816$ & $-0.03007$ & $0.0102687$ & $0.00479431$ & $-0.0111528$ & $0.0591689$ & $0.0260775$ & $-0.0821722$ & $-0.0202877$ & $0.0442807$ & $0.136748$ & $-0.0577172$ & $-0.0102585$ & $-0.0783401$ & $0.0156744$ & $0.0625912$ & $0.00664251$ & $-0.0721106$ & $-0.172132$ & $0.0355889$ & $1$ & $-0.0520114$ & $-0.138532$ & $-0.111542$ \\
eHccpar & $-0.0183072$ & $0.0795322$ & $0.0295927$ & $-0.0571196$ & $0.00510347$ & $0.00506197$ & $0.0164243$ & $0.00936237$ & $0.0125059$ & $-0.0304999$ & $-0.00160842$ & $-0.0118459$ & $-0.00193097$ & $-0.0197625$ & $-0.00845492$ & $-0.00854372$ & $-0.0166699$ & $-0.0109982$ & $-0.0175768$ & $0.00266009$ & $0.00560671$ & $0.000211445$ & $0.0106309$ & $-0.0162485$ & $-0.0127611$ & $-0.0145211$ & $0.0120026$ & $0.00169529$ & $0.00282907$ & $0.0246688$ & $0.346035$ & $0.0142565$ & $-0.0275387$ & $0.0201125$ & $-0.0525022$ & $0.0825388$ & $0.036144$ & $-0.0188261$ & $0.0260265$ & $0.0245762$ & $0.0316245$ & $0.000421308$ & $0.068104$ & $-0.120823$ & $0.0431666$ & $-0.0520114$ & $1$ & $0.0157223$ & $-0.0442127$ \\
eHbbint & $-0.189954$ & $0.0781053$ & $-0.0386992$ & $0.022728$ & $-0.0214536$ & $0.0130881$ & $0.0324521$ & $-0.0115264$ & $-0.0020908$ & $-0.00127755$ & $0.0207157$ & $0.0350259$ & $0.012011$ & $-0.0232756$ & $0.00405816$ & $-0.0139603$ & $-0.0165893$ & $-0.0213386$ & $-0.00462371$ & $-0.0173441$ & $-0.0162038$ & $-0.0181879$ & $-0.000438317$ & $-0.00467493$ & $0.00250393$ & $0.0190128$ & $-0.00639757$ & $-0.0296738$ & $-0.00033472$ & $0.0199623$ & $0.00459057$ & $0.0532821$ & $0.141849$ & $-0.00897971$ & $0.0327455$ & $0.105419$ & $-0.0707975$ & $-0.0116149$ & $-0.0483396$ & $0.00877767$ & $-0.105182$ & $-0.000879763$ & $0.12966$ & $-0.136914$ & $-0.110125$ & $-0.138532$ & $0.0157223$ & $1$ & $-0.0873657$ \\
eHbbpar & $-0.0714884$ & $-0.133756$ & $-0.0193019$ & $-0.0479464$ & $-0.00878614$ & $-0.02163$ & $-0.0324777$ & $-0.00253641$ & $0.00345365$ & $0.00027487$ & $-0.00675311$ & $0.0119658$ & $0.0249525$ & $0.00980469$ & $0.0296316$ & $0.0108038$ & $0.022612$ & $0.000194677$ & $0.017022$ & $0.0101118$ & $0.00177454$ & $0.00310873$ & $-0.0230357$ & $0.0355075$ & $0.0228499$ & $0.0208478$ & $-0.00865678$ & $-0.0222929$ & $-0.0201518$ & $-0.00538575$ & $-0.0200394$ & $-0.0291947$ & $0.453153$ & $-0.0346247$ & $-0.0297887$ & $-0.00892854$ & $0.0186898$ & $-0.0259308$ & $0.177763$ & $-0.0184582$ & $-0.0884221$ & $0.0104962$ & $0.0851177$ & $-0.0105038$ & $-0.0929932$ & $-0.111542$ & $-0.0442127$ & $-0.0873657$ & $1$ \\
