 & AlsMz & dAle5Mz & mtop & mHl & Mz & CW & CHG & CHWB & CHWHB_gaga & CHWHB_gagaorth & CHD & CHbox & CH & CHL1_11 & CHL1_22 & CHL1_33 & CHL3_11 & CHL3_22 & CHL3_33 & CHe_11 & CHe_22 & CHe_33 & CHQ1_11 & CHQ1_33 & CHQ3_11 & CHu_11 & CHd_11 & CHd_33 & CeH_22r & CeH_33r & CuH_22r & CuH_33r & CdH_33r & CLL_1221 & eHggint & eHggpar & eHWWint & eHWWpar & eHZZint & eHZZpar & eHZgaint & eHZgapar & eHgagaint & eHmumuint & eHtautauint & eHccint & eHccpar & eHbbint & eHbbpar \\
AlsMz & $1$ & $0.0463363$ & $-0.0780362$ & $-0.136321$ & $0.00570211$ & $0.00721678$ & $-0.000797123$ & $0.00648789$ & $0.00399587$ & $-0.00529528$ & $-0.0123063$ & $-0.013985$ & $0.00481932$ & $0.00137689$ & $0.00486009$ & $-0.0022246$ & $-0.00450683$ & $-0.00501751$ & $-0.00103911$ & $0.00690269$ & $0.00615879$ & $0.00642348$ & $-0.0148778$ & $-0.059062$ & $-0.101888$ & $-0.0307143$ & $-0.0279205$ & $0.0132995$ & $-0.00708678$ & $-0.0101175$ & $-0.0122259$ & $-0.00229912$ & $-0.0122561$ & $0.00193789$ & $0.0870536$ & $-0.0461758$ & $0.0976769$ & $-0.00256504$ & $0.0348518$ & $0.0100559$ & $0.032946$ & $0.00364033$ & $-0.0323614$ & $-0.0383068$ & $0.0309515$ & $-0.0291141$ & $-0.0255238$ & $0.0290104$ & $-0.0249518$ \\
dAle5Mz & $0.0463363$ & $1$ & $-0.0197262$ & $-0.0453641$ & $-0.00667796$ & $0.0180932$ & $0.0133429$ & $-0.0851155$ & $-0.0798429$ & $0.0521976$ & $0.0709044$ & $0.0200664$ & $-0.0166124$ & $-0.0346295$ & $-0.0226342$ & $-0.020004$ & $0.00668641$ & $0.00856399$ & $0.00584471$ & $-0.0525373$ & $-0.0549829$ & $-0.0567844$ & $-0.00318585$ & $0.0274164$ & $0.000440751$ & $0.0361962$ & $-0.0314935$ & $-0.0236998$ & $-0.00300956$ & $-0.0118954$ & $-0.0136551$ & $0.0130712$ & $-0.046893$ & $-0.00199807$ & $-0.0439387$ & $0.0231409$ & $-0.0138787$ & $0.0103293$ & $-0.077987$ & $-0.00438812$ & $-0.0853308$ & $0.0203673$ & $0.058112$ & $-0.0437096$ & $-0.0322099$ & $0.013176$ & $-0.0421987$ & $-0.0935937$ & $-0.0861163$ \\
mtop & $-0.0780362$ & $-0.0197262$ & $1$ & $0.0641721$ & $-0.00146378$ & $0.00619026$ & $-0.00757791$ & $-0.00454005$ & $-0.00286787$ & $0.0172108$ & $0.00686048$ & $0.00736097$ & $-0.000683338$ & $0.00596537$ & $-0.0152862$ & $-0.00863534$ & $0.00922684$ & $0.0171142$ & $0.0112188$ & $-0.00233614$ & $-0.000292458$ & $4.22487e-05$ & $0.024259$ & $0.0124342$ & $0.0311001$ & $-0.00798469$ & $0.027997$ & $-0.00421285$ & $0.00674387$ & $0.010352$ & $-0.000897323$ & $-0.00135406$ & $0.0052219$ & $0.0115165$ & $0.00548549$ & $0.113987$ & $-0.134929$ & $-0.0142436$ & $-0.0480591$ & $-0.0105518$ & $-0.0770642$ & $-0.00574517$ & $0.0440722$ & $0.00829065$ & $-0.0448248$ & $0.00792415$ & $-0.0488949$ & $0.0149961$ & $-0.0248377$ \\
mHl & $-0.136321$ & $-0.0453641$ & $0.0641721$ & $1$ & $0.000888706$ & $-0.0115618$ & $0.0149771$ & $0.00444395$ & $0.00807733$ & $0.00521516$ & $-0.0033538$ & $0.00472315$ & $-0.00482777$ & $-0.00427808$ & $-0.0099136$ & $-0.0114809$ & $0.00977498$ & $0.00721812$ & $0.0100949$ & $0.0023456$ & $0.00564031$ & $0.00586873$ & $0.0196833$ & $0.00177339$ & $0.0269905$ & $-0.00182782$ & $0.0311753$ & $0.00736282$ & $0.000923435$ & $0.00368782$ & $-0.00635694$ & $0.0196345$ & $0.0161596$ & $0.0168832$ & $-0.00891114$ & $0.0219328$ & $-0.113598$ & $-0.00414569$ & $0.0419913$ & $0.00891631$ & $0.0176899$ & $0.00619877$ & $0.0350171$ & $0.000192862$ & $-0.038307$ & $-0.047571$ & $0.00171479$ & $0.061414$ & $0.00837376$ \\
Mz & $0.00570211$ & $-0.00667796$ & $-0.00146378$ & $0.000888706$ & $1$ & $-0.00251526$ & $0.00040974$ & $0.00464951$ & $0.00597536$ & $-0.000441057$ & $-0.000752305$ & $0.0017821$ & $-0.00160024$ & $0.0100476$ & $0.0058727$ & $0.0112597$ & $0.00367271$ & $0.00190268$ & $-0.00188929$ & $0.00635184$ & $0.00722353$ & $0.00751426$ & $0.00719577$ & $-0.00159375$ & $0.00442211$ & $-0.00761709$ & $0.00512992$ & $-0.0106014$ & $-0.000701115$ & $0.000675109$ & $0.00263631$ & $-0.00234207$ & $-0.00326693$ & $-0.00215759$ & $0.00442347$ & $-0.00121442$ & $-0.00573279$ & $-0.00266557$ & $-0.00303945$ & $0.00153207$ & $0.00974314$ & $0.00875156$ & $0.0117793$ & $0.0173274$ & $-0.0119181$ & $-0.00140743$ & $-0.00081189$ & $0.00849115$ & $-0.00231606$ \\
CW & $0.00721678$ & $0.0180932$ & $0.00619026$ & $-0.0115618$ & $-0.00251526$ & $1$ & $0.0403678$ & $-0.0418624$ & $-0.0396843$ & $0.0206247$ & $0.154981$ & $0.075774$ & $-0.0484662$ & $-0.0392026$ & $-0.0882722$ & $-0.0869411$ & $-0.376174$ & $-0.173777$ & $-0.174447$ & $-0.152804$ & $-0.157392$ & $-0.15503$ & $-0.00594452$ & $-0.124454$ & $-0.215628$ & $0.111473$ & $-0.0567422$ & $-0.0730187$ & $-0.00467848$ & $-0.0334025$ & $-0.0234288$ & $0.043996$ & $-0.0369432$ & $-0.0927578$ & $-0.00196583$ & $-0.025994$ & $-0.000593947$ & $0.0150216$ & $-0.0150212$ & $0.000284823$ & $-4.1141e-05$ & $-0.00728375$ & $8.30189e-05$ & $-0.0123902$ & $0.00261345$ & $0.00806925$ & $-0.0102992$ & $-0.00170282$ & $0.00262246$ \\
CHG & $-0.000797123$ & $0.0133429$ & $-0.00757791$ & $0.0149771$ & $0.00040974$ & $0.0403678$ & $1$ & $-0.0507548$ & $-0.0321622$ & $0.202245$ & $0.104635$ & $0.637354$ & $-0.786881$ & $-0.121954$ & $-0.0546783$ & $-0.0478017$ & $-0.11112$ & $-0.082569$ & $-0.0859234$ & $-0.10338$ & $-0.103555$ & $-0.101773$ & $0.0031557$ & $-0.0553506$ & $-0.0887926$ & $0.0758828$ & $-0.0186536$ & $-0.0512481$ & $-0.127606$ & $-0.593983$ & $-0.360112$ & $0.955967$ & $-0.600995$ & $-0.00647003$ & $-0.107826$ & $-0.0969641$ & $0.0161422$ & $-0.00619867$ & $0.0452933$ & $0.000614771$ & $0.025356$ & $0.0047769$ & $-0.0158107$ & $0.0175238$ & $0.00421301$ & $0.0294121$ & $0.0030215$ & $-0.0292916$ & $0.00709613$ \\
CHWB & $0.00648789$ & $-0.0851155$ & $-0.00454005$ & $0.00444395$ & $0.00464951$ & $-0.0418624$ & $-0.0507548$ & $1$ & $0.989344$ & $-0.562034$ & $-0.874969$ & $-0.164459$ & $0.0564817$ & $0.276359$ & $0.469325$ & $0.466171$ & $-0.217783$ & $-0.408416$ & $-0.407413$ & $0.858462$ & $0.888081$ & $0.87987$ & $0.0278617$ & $-0.62514$ & $-0.371089$ & $-0.606009$ & $0.399744$ & $0.385291$ & $0.00352841$ & $0.0466765$ & $0.028953$ & $-0.0577568$ & $0.0490148$ & $0.515276$ & $-0.0074117$ & $0.00826919$ & $-0.0218661$ & $-0.00200519$ & $0.0160763$ & $-0.00533196$ & $0.0138253$ & $-0.00116181$ & $-0.0034154$ & $0.00711056$ & $0.0190777$ & $0.0243382$ & $-0.0117085$ & $0.0242678$ & $-0.00370522$ \\
CHWHB_gaga & $0.00399587$ & $-0.0798429$ & $-0.00286787$ & $0.00807733$ & $0.00597536$ & $-0.0396843$ & $-0.0321622$ & $0.989344$ & $1$ & $-0.55999$ & $-0.863721$ & $-0.165687$ & $0.064655$ & $0.270114$ & $0.461446$ & $0.45959$ & $-0.219292$ & $-0.406308$ & $-0.406085$ & $0.847389$ & $0.877008$ & $0.868791$ & $0.0292165$ & $-0.621617$ & $-0.368971$ & $-0.598394$ & $0.398451$ & $0.379807$ & $0.0116702$ & $0.0678259$ & $0.0409036$ & $-0.0412387$ & $0.0724572$ & $0.512305$ & $-0.0205339$ & $-0.000293253$ & $-0.0306045$ & $-0.00194999$ & $0.0067055$ & $-0.00415571$ & $0.01542$ & $-0.00111131$ & $0.0501582$ & $0.00975409$ & $0.0156882$ & $0.0305253$ & $-0.0144679$ & $0.0280308$ & $0.00102918$ \\
CHWHB_gagaorth & $-0.00529528$ & $0.0521976$ & $0.0172108$ & $0.00521516$ & $-0.000441057$ & $0.0206247$ & $0.202245$ & $-0.562034$ & $-0.55999$ & $1$ & $0.482966$ & $0.452556$ & $-0.259418$ & $-0.13917$ & $-0.26632$ & $-0.260066$ & $0.140647$ & $0.248862$ & $0.24438$ & $-0.474044$ & $-0.490036$ & $-0.486037$ & $-0.0135582$ & $0.363353$ & $0.226825$ & $0.336066$ & $-0.21903$ & $-0.200966$ & $-0.0419563$ & $-0.230174$ & $-0.148964$ & $0.211998$ & $-0.242909$ & $-0.285757$ & $0.0312418$ & $0.00282858$ & $0.0157265$ & $-0.0112501$ & $-0.00382522$ & $0.00294408$ & $-0.0471461$ & $0.00824022$ & $-0.0334244$ & $-0.00611526$ & $-0.000864478$ & $-0.00880578$ & $0.00184616$ & $-0.0251372$ & $0.00310238$ \\
CHD & $-0.0123063$ & $0.0709044$ & $0.00686048$ & $-0.0033538$ & $-0.000752305$ & $0.154981$ & $0.104635$ & $-0.874969$ & $-0.863721$ & $0.482966$ & $1$ & $0.256319$ & $-0.120895$ & $-0.667156$ & $-0.584879$ & $-0.578471$ & $-0.253464$ & $-0.0122578$ & $-0.0144916$ & $-0.994931$ & $-0.995087$ & $-0.983414$ & $0.0282182$ & $0.213842$ & $-0.0602604$ & $0.684376$ & $-0.268676$ & $-0.436285$ & $-0.0092878$ & $-0.093695$ & $-0.0687461$ & $0.117197$ & $-0.101252$ & $-0.308569$ & $0.00207383$ & $-0.0112835$ & $0.00880312$ & $0.00687551$ & $-0.0257515$ & $0.00294917$ & $-0.0106399$ & $0.00455892$ & $0.00580242$ & $-0.00656571$ & $-0.00951184$ & $-0.00985756$ & $-0.00598357$ & $-0.0232965$ & $0.0148555$ \\
CHbox & $-0.013985$ & $0.0200664$ & $0.00736097$ & $0.00472315$ & $0.0017821$ & $0.075774$ & $0.637354$ & $-0.164459$ & $-0.165687$ & $0.452556$ & $0.256319$ & $1$ & $-0.811468$ & $-0.251808$ & $-0.121363$ & $-0.116826$ & $-0.191561$ & $-0.133142$ & $-0.135345$ & $-0.249993$ & $-0.255971$ & $-0.251921$ & $0.00467679$ & $-0.0509254$ & $-0.140538$ & $0.181608$ & $-0.068478$ & $-0.109981$ & $-0.135432$ & $-0.541654$ & $-0.3424$ & $0.598185$ & $-0.547176$ & $-0.0601816$ & $-0.0639003$ & $-0.0829948$ & $-0.00474215$ & $-0.0107055$ & $0.0441787$ & $0.00379466$ & $-0.00168245$ & $0.0243162$ & $-0.0469569$ & $0.0159765$ & $0.00412719$ & $0.0308737$ & $-0.0154347$ & $-0.0356706$ & $0.0099658$ \\
CH & $0.00481932$ & $-0.0166124$ & $-0.000683338$ & $-0.00482777$ & $-0.00160024$ & $-0.0484662$ & $-0.786881$ & $0.0564817$ & $0.064655$ & $-0.259418$ & $-0.120895$ & $-0.811468$ & $1$ & $0.144002$ & $0.0595643$ & $0.0524919$ & $0.133743$ & $0.10153$ & $0.105244$ & $0.118348$ & $0.119552$ & $0.117986$ & $-0.00390457$ & $0.0649323$ & $0.105255$ & $-0.0888474$ & $0.0192073$ & $0.0575833$ & $0.186857$ & $0.721931$ & $0.42968$ & $-0.705852$ & $0.725951$ & $0.00973578$ & $0.130304$ & $0.109076$ & $-0.00330482$ & $0.0154971$ & $-0.0560876$ & $-0.00568521$ & $-0.0139487$ & $-0.0198292$ & $0.027258$ & $-0.0183578$ & $-0.00311916$ & $-0.0395883$ & $-6.17529e-05$ & $0.0325037$ & $-0.0101304$ \\
CHL1_11 & $0.00137689$ & $-0.0346295$ & $0.00596537$ & $-0.00427808$ & $0.0100476$ & $-0.0392026$ & $-0.121954$ & $0.276359$ & $0.270114$ & $-0.13917$ & $-0.667156$ & $-0.251808$ & $0.144002$ & $1$ & $0.417481$ & $0.407355$ & $0.637989$ & $0.583481$ & $0.587054$ & $0.67766$ & $0.640046$ & $0.628365$ & $-0.0917732$ & $0.438746$ & $0.5933$ & $-0.448344$ & $-0.0535763$ & $0.28381$ & $0.0123364$ & $0.108986$ & $0.0847818$ & $-0.135781$ & $0.119535$ & $-0.179716$ & $0.00586686$ & $0.00812952$ & $0.0162095$ & $-0.00688662$ & $0.0269422$ & $0.00167531$ & $0.00446621$ & $-0.00753642$ & $-0.00617292$ & $0.00382662$ & $-0.00782913$ & $-0.0176102$ & $0.0236238$ & $0.0108323$ & $-0.0192676$ \\
CHL1_22 & $0.00486009$ & $-0.0226342$ & $-0.0152862$ & $-0.0099136$ & $0.0058727$ & $-0.0882722$ & $-0.0546783$ & $0.469325$ & $0.461446$ & $-0.26632$ & $-0.584879$ & $-0.121363$ & $0.0595643$ & $0.417481$ & $1$ & $0.544896$ & $0.176769$ & $-0.313892$ & $-0.00249805$ & $0.626979$ & $0.529932$ & $0.521888$ & $-0.179713$ & $0.0362624$ & $-0.064185$ & $-0.36246$ & $-0.294847$ & $0.229525$ & $0.00185514$ & $0.0497885$ & $0.0335155$ & $-0.0575818$ & $0.0508399$ & $-0.474895$ & $0.0314044$ & $0.00485551$ & $0.020962$ & $0.00840611$ & $0.014114$ & $0.00413659$ & $0.011157$ & $-0.00270023$ & $-0.0287956$ & $-0.00366511$ & $-0.0107568$ & $-0.000704441$ & $0.00945492$ & $0.0130167$ & $-0.0113586$ \\
CHL1_33 & $-0.0022246$ & $-0.020004$ & $-0.00863534$ & $-0.0114809$ & $0.0112597$ & $-0.0869411$ & $-0.0478017$ & $0.466171$ & $0.45959$ & $-0.260066$ & $-0.578471$ & $-0.116826$ & $0.0524919$ & $0.407355$ & $0.544896$ & $1$ & $0.173702$ & $-0.0063331$ & $-0.304016$ & $0.619704$ & $0.525465$ & $0.53467$ & $-0.182284$ & $0.0346317$ & $-0.0628404$ & $-0.355455$ & $-0.283222$ & $0.23249$ & $-0.00475903$ & $0.0451081$ & $0.0385294$ & $-0.0500711$ & $0.0445004$ & $-0.0259573$ & $0.0153681$ & $-0.00650208$ & $0.0061126$ & $0.00453083$ & $0.00730936$ & $-0.00138872$ & $0.0134067$ & $-0.0103587$ & $-0.0206059$ & $0.0102714$ & $-0.0110366$ & $-0.0100889$ & $0.00691836$ & $0.00131125$ & $-0.0203805$ \\
CHL3_11 & $-0.00450683$ & $0.00668641$ & $0.00922684$ & $0.00977498$ & $0.00367271$ & $-0.376174$ & $-0.11112$ & $-0.217783$ & $-0.219292$ & $0.140647$ & $-0.253464$ & $-0.191561$ & $0.133743$ & $0.637989$ & $0.176769$ & $0.173702$ & $1$ & $0.816663$ & $0.81759$ & $0.264817$ & $0.231478$ & $0.225156$ & $-0.0733359$ & $0.752465$ & $0.853556$ & $-0.167127$ & $-0.148736$ & $0.110217$ & $0.0122799$ & $0.096343$ & $0.0816241$ & $-0.122775$ & $0.107984$ & $-0.252515$ & $0.00555057$ & $0.011173$ & $0.0150843$ & $-0.0143269$ & $0.0198847$ & $0.0026056$ & $-0.00998727$ & $-0.00679008$ & $0.000926933$ & $0.00137115$ & $-0.015327$ & $-0.0231113$ & $0.0364847$ & $0.00157014$ & $-0.0203852$ \\
CHL3_22 & $-0.00501751$ & $0.00856399$ & $0.0171142$ & $0.00721812$ & $0.00190268$ & $-0.173777$ & $-0.082569$ & $-0.408416$ & $-0.406308$ & $0.248862$ & $-0.0122578$ & $-0.133142$ & $0.10153$ & $0.583481$ & $-0.313892$ & $-0.0063331$ & $0.816663$ & $1$ & $0.785469$ & $0.0109069$ & $0.00930251$ & $0.00739786$ & $-0.00780024$ & $0.738229$ & $0.863585$ & $-0.0164319$ & $-0.0518052$ & $0.013225$ & $0.0102463$ & $0.0716729$ & $0.0649214$ & $-0.0926339$ & $0.0820681$ & $-0.061358$ & $-0.0079712$ & $0.00445496$ & $0.00943549$ & $-0.015488$ & $0.0133375$ & $0.00163053$ & $-0.0106464$ & $-0.00646208$ & $0.0110815$ & $0.00482157$ & $-0.0110443$ & $-0.0273203$ & $0.0302873$ & $-0.00527936$ & $-0.0150011$ \\
CHL3_33 & $-0.00103911$ & $0.00584471$ & $0.0112188$ & $0.0100949$ & $-0.00188929$ & $-0.174447$ & $-0.0859234$ & $-0.407413$ & $-0.406085$ & $0.24438$ & $-0.0144916$ & $-0.135345$ & $0.105244$ & $0.587054$ & $-0.00249805$ & $-0.304016$ & $0.81759$ & $0.785469$ & $1$ & $0.0136728$ & $0.0109854$ & $0.00938477$ & $-0.00462829$ & $0.738868$ & $0.863665$ & $-0.0197909$ & $-0.0560201$ & $0.0103233$ & $0.0150242$ & $0.0742286$ & $0.0598873$ & $-0.0964656$ & $0.0859312$ & $-0.371781$ & $0.00156206$ & $0.011266$ & $0.0194856$ & $-0.0131696$ & $0.0186068$ & $0.00531854$ & $-0.0110208$ & $-0.00134254$ & $0.00607394$ & $-0.00514666$ & $-0.0129248$ & $-0.019826$ & $0.0307265$ & $0.00475633$ & $-0.00898526$ \\
CHe_11 & $0.00690269$ & $-0.0525373$ & $-0.00233614$ & $0.0023456$ & $0.00635184$ & $-0.152804$ & $-0.10338$ & $0.858462$ & $0.847389$ & $-0.474044$ & $-0.994931$ & $-0.249993$ & $0.118348$ & $0.67766$ & $0.626979$ & $0.619704$ & $0.264817$ & $0.0109069$ & $0.0136728$ & $1$ & $0.985238$ & $0.973811$ & $-0.0472208$ & $-0.180439$ & $0.0650103$ & $-0.676951$ & $0.215424$ & $0.431833$ & $0.00846335$ & $0.0930051$ & $0.0685756$ & $-0.115326$ & $0.0991995$ & $0.251946$ & $0.000327864$ & $0.0115094$ & $-0.00755707$ & $-0.00599495$ & $0.0236177$ & $-0.00230353$ & $0.00949624$ & $-0.00416798$ & $-0.0071266$ & $0.00644887$ & $0.00626186$ & $0.00890078$ & $0.00642452$ & $0.0208715$ & $-0.0170361$ \\
CHe_22 & $0.00615879$ & $-0.0549829$ & $-0.000292458$ & $0.00564031$ & $0.00722353$ & $-0.157392$ & $-0.103555$ & $0.888081$ & $0.877008$ & $-0.490036$ & $-0.995087$ & $-0.255971$ & $0.119552$ & $0.640046$ & $0.529932$ & $0.525465$ & $0.231478$ & $0.00930251$ & $0.0109854$ & $0.985238$ & $1$ & $0.986423$ & $-0.00529138$ & $-0.254348$ & $0.051087$ & $-0.686699$ & $0.330281$ & $0.437259$ & $0.00996099$ & $0.09264$ & $0.0675192$ & $-0.116331$ & $0.0994667$ & $0.375056$ & $-0.00637362$ & $0.0135528$ & $-0.013445$ & $-0.00797075$ & $0.0245544$ & $-0.00365432$ & $0.00769177$ & $-0.00343209$ & $-0.00116553$ & $0.00657436$ & $0.0109668$ & $0.0127532$ & $0.00382947$ & $0.0226788$ & $-0.0155772$ \\
CHe_33 & $0.00642348$ & $-0.0567844$ & $4.22487e-05$ & $0.00586873$ & $0.00751426$ & $-0.15503$ & $-0.101773$ & $0.87987$ & $0.868791$ & $-0.486037$ & $-0.983414$ & $-0.251921$ & $0.117986$ & $0.628365$ & $0.521888$ & $0.53467$ & $0.225156$ & $0.00739786$ & $0.00938477$ & $0.973811$ & $0.986423$ & $1$ & $-0.00527665$ & $-0.254852$ & $0.0478202$ & $-0.677998$ & $0.328797$ & $0.431489$ & $0.0098071$ & $0.0911264$ & $0.0667202$ & $-0.114213$ & $0.0993649$ & $0.376254$ & $-0.00708488$ & $0.0126892$ & $-0.0135764$ & $-0.00885616$ & $0.0225891$ & $-0.00254211$ & $0.00834028$ & $-0.00475188$ & $-0.000987895$ & $0.00569316$ & $0.0079867$ & $0.0126345$ & $0.00273302$ & $0.0247107$ & $-0.0145665$ \\
CHQ1_11 & $-0.0148778$ & $-0.00318585$ & $0.024259$ & $0.0196833$ & $0.00719577$ & $-0.00594452$ & $0.0031557$ & $0.0278617$ & $0.0292165$ & $-0.0135582$ & $0.0282182$ & $0.00467679$ & $-0.00390457$ & $-0.0917732$ & $-0.179713$ & $-0.182284$ & $-0.0733359$ & $-0.00780024$ & $-0.00462829$ & $-0.0472208$ & $-0.00529138$ & $-0.00527665$ & $1$ & $-0.122208$ & $0.0518275$ & $-0.57235$ & $0.35095$ & $0.00423399$ & $0.00420224$ & $-0.00193428$ & $-0.00178774$ & $0.00159539$ & $0.000428991$ & $0.197654$ & $-0.0324658$ & $0.00758928$ & $-0.0207859$ & $-0.0127569$ & $-0.00559331$ & $-0.00948196$ & $-0.0145672$ & $0.0101336$ & $0.0209767$ & $-0.000564003$ & $0.017893$ & $0.0122403$ & $0.0110872$ & $0.0205322$ & $0.0061164$ \\
CHQ1_33 & $-0.059062$ & $0.0274164$ & $0.0124342$ & $0.00177339$ & $-0.00159375$ & $-0.124454$ & $-0.0553506$ & $-0.62514$ & $-0.621617$ & $0.363353$ & $0.213842$ & $-0.0509254$ & $0.0649323$ & $0.438746$ & $0.0362624$ & $0.0346317$ & $0.752465$ & $0.738229$ & $0.738868$ & $-0.180439$ & $-0.254348$ & $-0.254852$ & $-0.122208$ & $1$ & $0.753971$ & $0.168489$ & $-0.399236$ & $-0.0295803$ & $0.00226223$ & $0.0468602$ & $0.0444737$ & $-0.0586707$ & $0.0520342$ & $-0.606271$ & $0.00481004$ & $0.00810353$ & $0.0238757$ & $-0.00224579$ & $0.00111564$ & $-0.000214021$ & $-0.0142709$ & $-0.00526446$ & $-0.00870987$ & $-0.00160493$ & $-0.0206029$ & $-0.0278113$ & $0.036683$ & $-0.0189928$ & $-0.0134554$ \\
CHQ3_11 & $-0.101888$ & $0.000440751$ & $0.0311001$ & $0.0269905$ & $0.00442211$ & $-0.215628$ & $-0.0887926$ & $-0.371089$ & $-0.368971$ & $0.226825$ & $-0.0602604$ & $-0.140538$ & $0.105255$ & $0.5933$ & $-0.064185$ & $-0.0628404$ & $0.853556$ & $0.863585$ & $0.863665$ & $0.0650103$ & $0.051087$ & $0.0478202$ & $0.0518275$ & $0.753971$ & $1$ & $-0.0425386$ & $0.11898$ & $0.0308354$ & $0.0119988$ & $0.076207$ & $0.0629901$ & $-0.10123$ & $0.0882773$ & $-0.248987$ & $-0.0233485$ & $0.016726$ & $-0.00168042$ & $-0.0129478$ & $0.0179285$ & $0.00228323$ & $-0.0109503$ & $-0.0037959$ & $0.0163765$ & $0.000214849$ & $-0.0142725$ & $-0.0133451$ & $0.032856$ & $-0.000983219$ & $-0.0102255$ \\
CHu_11 & $-0.0307143$ & $0.0361962$ & $-0.00798469$ & $-0.00182782$ & $-0.00761709$ & $0.111473$ & $0.0758828$ & $-0.606009$ & $-0.598394$ & $0.336066$ & $0.684376$ & $0.181608$ & $-0.0888474$ & $-0.448344$ & $-0.36246$ & $-0.355455$ & $-0.167127$ & $-0.0164319$ & $-0.0197909$ & $-0.676951$ & $-0.686699$ & $-0.677998$ & $-0.57235$ & $0.168489$ & $-0.0425386$ & $1$ & $-0.203362$ & $-0.302362$ & $-0.00808285$ & $-0.0715942$ & $-0.0544222$ & $0.0845159$ & $-0.0749188$ & $-0.255142$ & $0.00760776$ & $-0.014241$ & $0.0146968$ & $0.00938879$ & $-0.0115463$ & $0.0104578$ & $0.00459279$ & $-4.55813e-05$ & $-0.000577382$ & $-0.00510296$ & $-0.0145883$ & $-0.00691148$ & $-0.00924086$ & $-0.0229436$ & $0.0120799$ \\
CHd_11 & $-0.0279205$ & $-0.0314935$ & $0.027997$ & $0.0311753$ & $0.00512992$ & $-0.0567422$ & $-0.0186536$ & $0.399744$ & $0.398451$ & $-0.21903$ & $-0.268676$ & $-0.068478$ & $0.0192073$ & $-0.0535763$ & $-0.294847$ & $-0.283222$ & $-0.148736$ & $-0.0518052$ & $-0.0560201$ & $0.215424$ & $0.330281$ & $0.328797$ & $0.35095$ & $-0.399236$ & $0.11898$ & $-0.203362$ & $1$ & $0.133268$ & $0.00432649$ & $0.0121523$ & $0.000691629$ & $-0.0284459$ & $0.0172885$ & $0.67594$ & $-0.0622145$ & $0.0195266$ & $-0.0462846$ & $-0.0117372$ & $0.0100894$ & $-0.00874475$ & $-0.00285999$ & $0.00755314$ & $0.0354871$ & $-0.00331994$ & $0.0279294$ & $0.0384195$ & $-0.0105023$ & $0.0159989$ & $0.00674084$ \\
CHd_33 & $0.0132995$ & $-0.0236998$ & $-0.00421285$ & $0.00736282$ & $-0.0106014$ & $-0.0730187$ & $-0.0512481$ & $0.385291$ & $0.379807$ & $-0.200966$ & $-0.436285$ & $-0.109981$ & $0.0575833$ & $0.28381$ & $0.229525$ & $0.23249$ & $0.110217$ & $0.013225$ & $0.0103233$ & $0.431833$ & $0.437259$ & $0.431489$ & $0.00423399$ & $-0.0295803$ & $0.0308354$ & $-0.302362$ & $0.133268$ & $1$ & $0.00964067$ & $0.0435609$ & $0.0245676$ & $-0.0553689$ & $0.0470081$ & $0.164573$ & $0.000621612$ & $0.0181192$ & $0.00127409$ & $0.0021799$ & $0.0122586$ & $0.000446019$ & $-0.00820823$ & $0.000449158$ & $-0.00126938$ & $0.00194151$ & $0.014804$ & $0.0174624$ & $0.00178915$ & $0.00340266$ & $-0.00465381$ \\
CeH_22r & $-0.00708678$ & $-0.00300956$ & $0.00674387$ & $0.000923435$ & $-0.000701115$ & $-0.00467848$ & $-0.127606$ & $0.00352841$ & $0.0116702$ & $-0.0419563$ & $-0.0092878$ & $-0.135432$ & $0.186857$ & $0.0123364$ & $0.00185514$ & $-0.00475903$ & $0.0122799$ & $0.0102463$ & $0.0150242$ & $0.00846335$ & $0.00996099$ & $0.0098071$ & $0.00420224$ & $0.00226223$ & $0.0119988$ & $-0.00808285$ & $0.00432649$ & $0.00964067$ & $1$ & $0.151719$ & $0.0917358$ & $-0.122661$ & $0.155463$ & $0.00154648$ & $-0.00134311$ & $0.0132942$ & $-0.0141946$ & $-0.01111$ & $-0.0122345$ & $-0.00581176$ & $0.00546777$ & $0.00439653$ & $0.0128199$ & $0.0111073$ & $0.00795374$ & $0.00199672$ & $0.00229815$ & $0.0156457$ & $-0.00111183$ \\
CeH_33r & $-0.0101175$ & $-0.0118954$ & $0.010352$ & $0.00368782$ & $0.000675109$ & $-0.0334025$ & $-0.593983$ & $0.0466765$ & $0.0678259$ & $-0.230174$ & $-0.093695$ & $-0.541654$ & $0.721931$ & $0.108986$ & $0.0497885$ & $0.0451081$ & $0.096343$ & $0.0716729$ & $0.0742286$ & $0.0930051$ & $0.09264$ & $0.0911264$ & $-0.00193428$ & $0.0468602$ & $0.076207$ & $-0.0715942$ & $0.0121523$ & $0.0435609$ & $0.151719$ & $1$ & $0.500235$ & $-0.460031$ & $0.818338$ & $0.00560447$ & $0.0328674$ & $0.0601182$ & $-0.12591$ & $0.000645156$ & $-0.0560412$ & $-0.00962139$ & $-0.00977257$ & $-0.0141351$ & $0.0139022$ & $-0.0125534$ & $0.047991$ & $-0.00308204$ & $0.00572809$ & $0.0358626$ & $-0.0112004$ \\
CuH_22r & $-0.0122259$ & $-0.0136551$ & $-0.000897323$ & $-0.00635694$ & $0.00263631$ & $-0.0234288$ & $-0.360112$ & $0.028953$ & $0.0409036$ & $-0.148964$ & $-0.0687461$ & $-0.3424$ & $0.42968$ & $0.0847818$ & $0.0335155$ & $0.0385294$ & $0.0816241$ & $0.0649214$ & $0.0598873$ & $0.0685756$ & $0.0675192$ & $0.0667202$ & $-0.00178774$ & $0.0444737$ & $0.0629901$ & $-0.0544222$ & $0.000691629$ & $0.0245676$ & $0.0917358$ & $0.500235$ & $1$ & $-0.268707$ & $0.513824$ & $0.00307616$ & $0.0537406$ & $-0.00718104$ & $-0.0930299$ & $-0.00595479$ & $-0.0214724$ & $-0.00116077$ & $-0.0166773$ & $-0.00504128$ & $-0.019014$ & $-0.0369591$ & $0.0269797$ & $0.0511167$ & $0.310147$ & $0.0608397$ & $-0.0239324$ \\
CuH_33r & $-0.00229912$ & $0.0130712$ & $-0.00135406$ & $0.0196345$ & $-0.00234207$ & $0.043996$ & $0.955967$ & $-0.0577568$ & $-0.0412387$ & $0.211998$ & $0.117197$ & $0.598185$ & $-0.705852$ & $-0.135781$ & $-0.0575818$ & $-0.0500711$ & $-0.122775$ & $-0.0926339$ & $-0.0964656$ & $-0.115326$ & $-0.116331$ & $-0.114213$ & $0.00159539$ & $-0.0586707$ & $-0.10123$ & $0.0845159$ & $-0.0284459$ & $-0.0553689$ & $-0.122661$ & $-0.460031$ & $-0.268707$ & $1$ & $-0.450057$ & $-0.0112226$ & $-0.0537712$ & $-0.0645803$ & $0.00284604$ & $-0.00654313$ & $0.0494057$ & $-0.00160814$ & $0.0205528$ & $0.00502675$ & $-0.0187476$ & $0.00987962$ & $0.00657115$ & $0.0255197$ & $0.00210286$ & $-0.0179568$ & $0.0116561$ \\
CdH_33r & $-0.0122561$ & $-0.046893$ & $0.0052219$ & $0.0161596$ & $-0.00326693$ & $-0.0369432$ & $-0.600995$ & $0.0490148$ & $0.0724572$ & $-0.242909$ & $-0.101252$ & $-0.547176$ & $0.725951$ & $0.119535$ & $0.0508399$ & $0.0445004$ & $0.107984$ & $0.0820681$ & $0.0859312$ & $0.0991995$ & $0.0994667$ & $0.0993649$ & $0.000428991$ & $0.0520342$ & $0.0882773$ & $-0.0749188$ & $0.0172885$ & $0.0470081$ & $0.155463$ & $0.818338$ & $0.513824$ & $-0.450057$ & $1$ & $0.00559712$ & $0.0368311$ & $0.083622$ & $-0.135604$ & $0.00406187$ & $-0.0462109$ & $-0.0121838$ & $0.0178761$ & $-0.0156003$ & $0.0698668$ & $0.00608244$ & $0.022646$ & $0.0122341$ & $-0.00780258$ & $0.125867$ & $0.323604$ \\
CLL_1221 & $0.00193789$ & $-0.00199807$ & $0.0115165$ & $0.0168832$ & $-0.00215759$ & $-0.0927578$ & $-0.00647003$ & $0.515276$ & $0.512305$ & $-0.285757$ & $-0.308569$ & $-0.0601816$ & $0.00973578$ & $-0.179716$ & $-0.474895$ & $-0.0259573$ & $-0.252515$ & $-0.061358$ & $-0.371781$ & $0.251946$ & $0.375056$ & $0.376254$ & $0.197654$ & $-0.606271$ & $-0.248987$ & $-0.255142$ & $0.67594$ & $0.164573$ & $0.00154648$ & $0.00560447$ & $0.00307616$ & $-0.0112226$ & $0.00559712$ & $1$ & $-0.039521$ & $0.00718738$ & $-0.0444315$ & $-0.0125091$ & $-0.00188854$ & $-0.00997806$ & $-0.00556249$ & $0.00152125$ & $0.0286189$ & $0.00888784$ & $0.0266578$ & $0.0246897$ & $-0.0180543$ & $0.00637931$ & $-0.0006799$ \\
eHggint & $0.0870536$ & $-0.0439387$ & $0.00548549$ & $-0.00891114$ & $0.00442347$ & $-0.00196583$ & $-0.107826$ & $-0.0074117$ & $-0.0205339$ & $0.0312418$ & $0.00207383$ & $-0.0639003$ & $0.130304$ & $0.00586686$ & $0.0314044$ & $0.0153681$ & $0.00555057$ & $-0.0079712$ & $0.00156206$ & $0.000327864$ & $-0.00637362$ & $-0.00708488$ & $-0.0324658$ & $0.00481004$ & $-0.0233485$ & $0.00760776$ & $-0.0622145$ & $0.000621612$ & $-0.00134311$ & $0.0328674$ & $0.0537406$ & $-0.0537712$ & $0.0368311$ & $-0.039521$ & $1$ & $-0.00485911$ & $0.134392$ & $-0.00941388$ & $0.0265188$ & $-0.00370493$ & $-0.0207023$ & $0.00689467$ & $-0.0203581$ & $-0.0616331$ & $-0.00956551$ & $-0.0931107$ & $0.0695765$ & $0.0489552$ & $-0.0211128$ \\
eHggpar & $-0.0461758$ & $0.0231409$ & $0.113987$ & $0.0219328$ & $-0.00121442$ & $-0.025994$ & $-0.0969641$ & $0.00826919$ & $-0.000293253$ & $0.00282858$ & $-0.0112835$ & $-0.0829948$ & $0.109076$ & $0.00812952$ & $0.00485551$ & $-0.00650208$ & $0.011173$ & $0.00445496$ & $0.011266$ & $0.0115094$ & $0.0135528$ & $0.0126892$ & $0.00758928$ & $0.00810353$ & $0.016726$ & $-0.014241$ & $0.0195266$ & $0.0181192$ & $0.0132942$ & $0.0601182$ & $-0.00718104$ & $-0.0645803$ & $0.083622$ & $0.00718738$ & $-0.00485911$ & $1$ & $0.0070355$ & $-0.0049102$ & $-0.0406682$ & $-0.013256$ & $-0.0612249$ & $0.0176846$ & $-0.0628628$ & $-0.0338831$ & $-0.0142531$ & $-0.0304657$ & $-0.128357$ & $0.0525524$ & $0.0532004$ \\
eHWWint & $0.0976769$ & $-0.0138787$ & $-0.134929$ & $-0.113598$ & $-0.00573279$ & $-0.000593947$ & $0.0161422$ & $-0.0218661$ & $-0.0306045$ & $0.0157265$ & $0.00880312$ & $-0.00474215$ & $-0.00330482$ & $0.0162095$ & $0.020962$ & $0.0061126$ & $0.0150843$ & $0.00943549$ & $0.0194856$ & $-0.00755707$ & $-0.013445$ & $-0.0135764$ & $-0.0207859$ & $0.0238757$ & $-0.00168042$ & $0.0146968$ & $-0.0462846$ & $0.00127409$ & $-0.0141946$ & $-0.12591$ & $-0.0930299$ & $0.00284604$ & $-0.135604$ & $-0.0444315$ & $0.134392$ & $0.0070355$ & $1$ & $0.00309109$ & $0.0976676$ & $0.0188319$ & $-0.0393949$ & $0.00955658$ & $0.0503446$ & $-0.00961894$ & $-0.0545891$ & $-0.0651817$ & $-0.0160967$ & $-0.0862095$ & $0.0147531$ \\
eHWWpar & $-0.00256504$ & $0.0103293$ & $-0.0142436$ & $-0.00414569$ & $-0.00266557$ & $0.0150216$ & $-0.00619867$ & $-0.00200519$ & $-0.00194999$ & $-0.0112501$ & $0.00687551$ & $-0.0107055$ & $0.0154971$ & $-0.00688662$ & $0.00840611$ & $0.00453083$ & $-0.0143269$ & $-0.015488$ & $-0.0131696$ & $-0.00599495$ & $-0.00797075$ & $-0.00885616$ & $-0.0127569$ & $-0.00224579$ & $-0.0129478$ & $0.00938879$ & $-0.0117372$ & $0.0021799$ & $-0.01111$ & $0.000645156$ & $-0.00595479$ & $-0.00654313$ & $0.00406187$ & $-0.0125091$ & $-0.00941388$ & $-0.0049102$ & $0.00309109$ & $1$ & $-0.00420373$ & $-0.0165318$ & $-0.0224136$ & $-0.000924187$ & $0.0129421$ & $0.0172099$ & $-0.0137341$ & $-0.00272281$ & $-0.0414878$ & $0.00170235$ & $0.0108371$ \\
eHZZint & $0.0348518$ & $-0.077987$ & $-0.0480591$ & $0.0419913$ & $-0.00303945$ & $-0.0150212$ & $0.0452933$ & $0.0160763$ & $0.0067055$ & $-0.00382522$ & $-0.0257515$ & $0.0441787$ & $-0.0560876$ & $0.0269422$ & $0.014114$ & $0.00730936$ & $0.0198847$ & $0.0133375$ & $0.0186068$ & $0.0236177$ & $0.0245544$ & $0.0225891$ & $-0.00559331$ & $0.00111564$ & $0.0179285$ & $-0.0115463$ & $0.0100894$ & $0.0122586$ & $-0.0122345$ & $-0.0560412$ & $-0.0214724$ & $0.0494057$ & $-0.0462109$ & $-0.00188854$ & $0.0265188$ & $-0.0406682$ & $0.0976676$ & $-0.00420373$ & $1$ & $0.0137341$ & $-0.00371797$ & $-0.000234733$ & $-0.108143$ & $-0.0625755$ & $0.0118682$ & $0.0838716$ & $0.0410707$ & $0.141222$ & $-0.00534986$ \\
eHZZpar & $0.0100559$ & $-0.00438812$ & $-0.0105518$ & $0.00891631$ & $0.00153207$ & $0.000284823$ & $0.000614771$ & $-0.00533196$ & $-0.00415571$ & $0.00294408$ & $0.00294917$ & $0.00379466$ & $-0.00568521$ & $0.00167531$ & $0.00413659$ & $-0.00138872$ & $0.0026056$ & $0.00163053$ & $0.00531854$ & $-0.00230353$ & $-0.00365432$ & $-0.00254211$ & $-0.00948196$ & $-0.000214021$ & $0.00228323$ & $0.0104578$ & $-0.00874475$ & $0.000446019$ & $-0.00581176$ & $-0.00962139$ & $-0.00116077$ & $-0.00160814$ & $-0.0121838$ & $-0.00997806$ & $-0.00370493$ & $-0.013256$ & $0.0188319$ & $-0.0165318$ & $0.0137341$ & $1$ & $-0.0115497$ & $0.0110918$ & $0.0129356$ & $0.0154663$ & $-0.0202837$ & $-0.0117355$ & $-0.00386379$ & $-0.00180189$ & $-0.00623046$ \\
eHZgaint & $0.032946$ & $-0.0853308$ & $-0.0770642$ & $0.0176899$ & $0.00974314$ & $-4.1141e-05$ & $0.025356$ & $0.0138253$ & $0.01542$ & $-0.0471461$ & $-0.0106399$ & $-0.00168245$ & $-0.0139487$ & $0.00446621$ & $0.011157$ & $0.0134067$ & $-0.00998727$ & $-0.0106464$ & $-0.0110208$ & $0.00949624$ & $0.00769177$ & $0.00834028$ & $-0.0145672$ & $-0.0142709$ & $-0.0109503$ & $0.00459279$ & $-0.00285999$ & $-0.00820823$ & $0.00546777$ & $-0.00977257$ & $-0.0166773$ & $0.0205528$ & $0.0178761$ & $-0.00556249$ & $-0.0207023$ & $-0.0612249$ & $-0.0393949$ & $-0.0224136$ & $-0.00371797$ & $-0.0115497$ & $1$ & $-0.0310054$ & $0.0148686$ & $-0.0236803$ & $-0.086334$ & $0.0351776$ & $-0.0203668$ & $0.00152741$ & $0.0787021$ \\
eHZgapar & $0.00364033$ & $0.0203673$ & $-0.00574517$ & $0.00619877$ & $0.00875156$ & $-0.00728375$ & $0.0047769$ & $-0.00116181$ & $-0.00111131$ & $0.00824022$ & $0.00455892$ & $0.0243162$ & $-0.0198292$ & $-0.00753642$ & $-0.00270023$ & $-0.0103587$ & $-0.00679008$ & $-0.00646208$ & $-0.00134254$ & $-0.00416798$ & $-0.00343209$ & $-0.00475188$ & $0.0101336$ & $-0.00526446$ & $-0.0037959$ & $-4.55813e-05$ & $0.00755314$ & $0.000449158$ & $0.00439653$ & $-0.0141351$ & $-0.00504128$ & $0.00502675$ & $-0.0156003$ & $0.00152125$ & $0.00689467$ & $0.0176846$ & $0.00955658$ & $-0.000924187$ & $-0.000234733$ & $0.0110918$ & $-0.0310054$ & $1$ & $0.000298031$ & $0.00200687$ & $-0.00166528$ & $0.00252331$ & $0.0238142$ & $-0.0265939$ & $-0.00382298$ \\
eHgagaint & $-0.0323614$ & $0.058112$ & $0.0440722$ & $0.0350171$ & $0.0117793$ & $8.30189e-05$ & $-0.0158107$ & $-0.0034154$ & $0.0501582$ & $-0.0334244$ & $0.00580242$ & $-0.0469569$ & $0.027258$ & $-0.00617292$ & $-0.0287956$ & $-0.0206059$ & $0.000926933$ & $0.0110815$ & $0.00607394$ & $-0.0071266$ & $-0.00116553$ & $-0.000987895$ & $0.0209767$ & $-0.00870987$ & $0.0163765$ & $-0.000577382$ & $0.0354871$ & $-0.00126938$ & $0.0128199$ & $0.0139022$ & $-0.019014$ & $-0.0187476$ & $0.0698668$ & $0.0286189$ & $-0.0203581$ & $-0.0628628$ & $0.0503446$ & $0.0129421$ & $-0.108143$ & $0.0129356$ & $0.0148686$ & $0.000298031$ & $1$ & $0.0459087$ & $-0.100043$ & $0.0752496$ & $-0.0808778$ & $0.0717234$ & $0.127445$ \\
eHmumuint & $-0.0383068$ & $-0.0437096$ & $0.00829065$ & $0.000192862$ & $0.0173274$ & $-0.0123902$ & $0.0175238$ & $0.00711056$ & $0.00975409$ & $-0.00611526$ & $-0.00656571$ & $0.0159765$ & $-0.0183578$ & $0.00382662$ & $-0.00366511$ & $0.0102714$ & $0.00137115$ & $0.00482157$ & $-0.00514666$ & $0.00644887$ & $0.00657436$ & $0.00569316$ & $-0.000564003$ & $-0.00160493$ & $0.000214849$ & $-0.00510296$ & $-0.00331994$ & $0.00194151$ & $0.0111073$ & $-0.0125534$ & $-0.0369591$ & $0.00987962$ & $0.00608244$ & $0.00888784$ & $-0.0616331$ & $-0.0338831$ & $-0.00961894$ & $0.0172099$ & $-0.0625755$ & $0.0154663$ & $-0.0236803$ & $0.00200687$ & $0.0459087$ & $1$ & $0.124768$ & $0.0183284$ & $-0.107274$ & $-0.016306$ & $0.0591276$ \\
eHtautauint & $0.0309515$ & $-0.0322099$ & $-0.0448248$ & $-0.038307$ & $-0.0119181$ & $0.00261345$ & $0.00421301$ & $0.0190777$ & $0.0156882$ & $-0.000864478$ & $-0.00951184$ & $0.00412719$ & $-0.00311916$ & $-0.00782913$ & $-0.0107568$ & $-0.0110366$ & $-0.015327$ & $-0.0110443$ & $-0.0129248$ & $0.00626186$ & $0.0109668$ & $0.0079867$ & $0.017893$ & $-0.0206029$ & $-0.0142725$ & $-0.0145883$ & $0.0279294$ & $0.014804$ & $0.00795374$ & $0.047991$ & $0.0269797$ & $0.00657115$ & $0.022646$ & $0.0266578$ & $-0.00956551$ & $-0.0142531$ & $-0.0545891$ & $-0.0137341$ & $0.0118682$ & $-0.0202837$ & $-0.086334$ & $-0.00166528$ & $-0.100043$ & $0.124768$ & $1$ & $0.0631957$ & $0.0396982$ & $-0.051889$ & $0.0516517$ \\
eHccint & $-0.0291141$ & $0.013176$ & $0.00792415$ & $-0.047571$ & $-0.00140743$ & $0.00806925$ & $0.0294121$ & $0.0243382$ & $0.0305253$ & $-0.00880578$ & $-0.00985756$ & $0.0308737$ & $-0.0395883$ & $-0.0176102$ & $-0.000704441$ & $-0.0100889$ & $-0.0231113$ & $-0.0273203$ & $-0.019826$ & $0.00890078$ & $0.0127532$ & $0.0126345$ & $0.0122403$ & $-0.0278113$ & $-0.0133451$ & $-0.00691148$ & $0.0384195$ & $0.0174624$ & $0.00199672$ & $-0.00308204$ & $0.0511167$ & $0.0255197$ & $0.0122341$ & $0.0246897$ & $-0.0931107$ & $-0.0304657$ & $-0.0651817$ & $-0.00272281$ & $0.0838716$ & $-0.0117355$ & $0.0351776$ & $0.00252331$ & $0.0752496$ & $0.0183284$ & $0.0631957$ & $1$ & $0.00181893$ & $-0.000584987$ & $0.0740134$ \\
eHccpar & $-0.0255238$ & $-0.0421987$ & $-0.0488949$ & $0.00171479$ & $-0.00081189$ & $-0.0102992$ & $0.0030215$ & $-0.0117085$ & $-0.0144679$ & $0.00184616$ & $-0.00598357$ & $-0.0154347$ & $-6.17529e-05$ & $0.0236238$ & $0.00945492$ & $0.00691836$ & $0.0364847$ & $0.0302873$ & $0.0307265$ & $0.00642452$ & $0.00382947$ & $0.00273302$ & $0.0110872$ & $0.036683$ & $0.032856$ & $-0.00924086$ & $-0.0105023$ & $0.00178915$ & $0.00229815$ & $0.00572809$ & $0.310147$ & $0.00210286$ & $-0.00780258$ & $-0.0180543$ & $0.0695765$ & $-0.128357$ & $-0.0160967$ & $-0.0414878$ & $0.0410707$ & $-0.00386379$ & $-0.0203668$ & $0.0238142$ & $-0.0808778$ & $-0.107274$ & $0.0396982$ & $0.00181893$ & $1$ & $0.125797$ & $-0.0654723$ \\
eHbbint & $0.0290104$ & $-0.0935937$ & $0.0149961$ & $0.061414$ & $0.00849115$ & $-0.00170282$ & $-0.0292916$ & $0.0242678$ & $0.0280308$ & $-0.0251372$ & $-0.0232965$ & $-0.0356706$ & $0.0325037$ & $0.0108323$ & $0.0130167$ & $0.00131125$ & $0.00157014$ & $-0.00527936$ & $0.00475633$ & $0.0208715$ & $0.0226788$ & $0.0247107$ & $0.0205322$ & $-0.0189928$ & $-0.000983219$ & $-0.0229436$ & $0.0159989$ & $0.00340266$ & $0.0156457$ & $0.0358626$ & $0.0608397$ & $-0.0179568$ & $0.125867$ & $0.00637931$ & $0.0489552$ & $0.0525524$ & $-0.0862095$ & $0.00170235$ & $0.141222$ & $-0.00180189$ & $0.00152741$ & $-0.0265939$ & $0.0717234$ & $-0.016306$ & $-0.051889$ & $-0.000584987$ & $0.125797$ & $1$ & $-0.0181057$ \\
eHbbpar & $-0.0249518$ & $-0.0861163$ & $-0.0248377$ & $0.00837376$ & $-0.00231606$ & $0.00262246$ & $0.00709613$ & $-0.00370522$ & $0.00102918$ & $0.00310238$ & $0.0148555$ & $0.0099658$ & $-0.0101304$ & $-0.0192676$ & $-0.0113586$ & $-0.0203805$ & $-0.0203852$ & $-0.0150011$ & $-0.00898526$ & $-0.0170361$ & $-0.0155772$ & $-0.0145665$ & $0.0061164$ & $-0.0134554$ & $-0.0102255$ & $0.0120799$ & $0.00674084$ & $-0.00465381$ & $-0.00111183$ & $-0.0112004$ & $-0.0239324$ & $0.0116561$ & $0.323604$ & $-0.0006799$ & $-0.0211128$ & $0.0532004$ & $0.0147531$ & $0.0108371$ & $-0.00534986$ & $-0.00623046$ & $0.0787021$ & $-0.00382298$ & $0.127445$ & $0.0591276$ & $0.0516517$ & $0.0740134$ & $-0.0654723$ & $-0.0181057$ & $1$ \\
