 & AlsMz & dAle5Mz & mtop & mHl & Mz & CW & CHG & CHWB & CHWHB_gaga & CHWHB_gagaorth & CHD & CHbox & CH & CHL1_11 & CHL1_22 & CHL1_33 & CHL3_11 & CHL3_22 & CHL3_33 & CHe_11 & CHe_22 & CHe_33 & CHQ1_11 & CHQ1_33 & CHQ3_11 & CHu_11 & CHd_11 & CHd_33 & CeH_22r & CeH_33r & CuH_22r & CuH_33r & CdH_33r & CLL_1221 & eHggint & eHggpar & eHWWint & eHWWpar & eHZZint & eHZZpar & eHZgaint & eHZgapar & eHgagaint & eHmumuint & eHtautauint & eHccint & eHccpar & eHbbint & eHbbpar \\
AlsMz & $1$ & $0.0280389$ & $-0.0229698$ & $-0.000547094$ & $-0.00813065$ & $0.0303381$ & $0.0373714$ & $-0.00819818$ & $-0.0106171$ & $0.00844878$ & $-0.00192806$ & $-0.0888447$ & $-0.0847671$ & $0.0210772$ & $0.00831713$ & $0.0261867$ & $-0.012053$ & $0.000603649$ & $-0.00871004$ & $-0.00469085$ & $-0.00831686$ & $-0.0122237$ & $0.0323347$ & $-0.0524335$ & $-0.102376$ & $-0.0572528$ & $-0.0584218$ & $0.0247722$ & $0.0237068$ & $-0.0541806$ & $-0.0511618$ & $0.0304937$ & $-0.0645181$ & $-0.0262269$ & $-0.00524817$ & $-0.00824804$ & $-0.0221712$ & $0.016581$ & $0.0352507$ & $-0.0311946$ & $-0.0601342$ & $0.00505679$ & $0.00604582$ & $0.048374$ & $-0.0545073$ & $0.00148289$ & $0.0191526$ & $0.0426692$ & $-0.0532159$ \\
dAle5Mz & $0.0280389$ & $1$ & $0.00477563$ & $-0.0332553$ & $-0.0153509$ & $0.0139892$ & $-0.018224$ & $-0.0681072$ & $-0.0759464$ & $0.0453134$ & $0.061057$ & $-0.0232157$ & $-0.0271802$ & $-0.0506131$ & $-0.00282997$ & $-0.0164318$ & $-0.000832198$ & $-0.0171603$ & $-0.00710968$ & $-0.0406629$ & $-0.0431885$ & $-0.0428643$ & $0.0184982$ & $-0.000218697$ & $-0.0154102$ & $0.00829469$ & $-0.0278183$ & $-0.0357243$ & $0.00772077$ & $-0.00285719$ & $-0.0350247$ & $-0.0158906$ & $-0.0129451$ & $0.00738239$ & $0.0582666$ & $0.045262$ & $-0.0667127$ & $-0.0381385$ & $0.00286202$ & $-0.00415118$ & $-0.0747741$ & $-0.0298055$ & $-0.0600536$ & $0.0380131$ & $-0.0401282$ & $0.0292681$ & $-0.0530466$ & $-0.00210058$ & $-0.0182854$ \\
mtop & $-0.0229698$ & $0.00477563$ & $1$ & $0.105116$ & $-0.0512341$ & $0.000865899$ & $-0.00186447$ & $0.0117747$ & $0.00855505$ & $-0.0454121$ & $-0.0068361$ & $0.00965322$ & $0.020287$ & $0.00801336$ & $-0.0106518$ & $-0.00743637$ & $0.00946035$ & $0.011543$ & $0.00933517$ & $0.0106787$ & $0.0155707$ & $0.0197867$ & $0.028569$ & $-0.0193305$ & $0.00871916$ & $-0.0261011$ & $0.0153617$ & $-0.046525$ & $0.0271729$ & $0.047794$ & $-0.0283749$ & $0.000355356$ & $0.0118375$ & $0.0293301$ & $0.00419607$ & $-0.082912$ & $-0.00918907$ & $0.0435376$ & $-0.0203104$ & $0.00718569$ & $0.12675$ & $0.0984713$ & $-0.0106802$ & $0.0480533$ & $0.00332799$ & $0.0220278$ & $-0.0939922$ & $-0.0820682$ & $-0.0252177$ \\
mHl & $-0.000547094$ & $-0.0332553$ & $0.105116$ & $1$ & $-0.0155881$ & $0.0337815$ & $0.0370213$ & $-0.00334829$ & $-0.00607284$ & $0.0409626$ & $0.0189948$ & $-0.0556566$ & $-0.0594233$ & $-0.0201898$ & $-0.0228634$ & $-0.0348396$ & $-0.0362275$ & $-0.0193584$ & $-0.00711946$ & $-0.0210259$ & $-0.0177198$ & $-0.0159604$ & $0.00640616$ & $-0.0332709$ & $-0.0304202$ & $4.97047e-05$ & $-0.0092929$ & $-0.00846883$ & $-0.00946424$ & $-0.0356181$ & $0.00529484$ & $0.0360128$ & $-0.0188178$ & $0.00501078$ & $-0.0307375$ & $-0.0914146$ & $0.014964$ & $0.0270934$ & $-0.109565$ & $-0.00204815$ & $0.0128702$ & $0.0284295$ & $-0.0702172$ & $0.0356457$ & $0.00104789$ & $0.0726749$ & $0.107589$ & $0.0451494$ & $0.0208002$ \\
Mz & $-0.00813065$ & $-0.0153509$ & $-0.0512341$ & $-0.0155881$ & $1$ & $0.0111346$ & $-0.0174614$ & $-0.0287191$ & $-0.0239096$ & $0.0334528$ & $0.0480993$ & $0.000774183$ & $-0.00201468$ & $-0.0321252$ & $-0.0527158$ & $-7.61418e-06$ & $-0.0270067$ & $0.00201906$ & $-0.032746$ & $-0.044911$ & $-0.0418374$ & $-0.0414871$ & $-0.000598603$ & $0.00337984$ & $-0.0200215$ & $0.0402843$ & $-0.00191056$ & $-0.0271257$ & $0.00370853$ & $-0.0137834$ & $-0.0147846$ & $-0.0233882$ & $0.00251671$ & $0.0150492$ & $-0.0322251$ & $0.0182911$ & $-0.0122458$ & $0.00142429$ & $-0.0418458$ & $-0.000588114$ & $-0.0268031$ & $-0.0167532$ & $0.0126577$ & $-0.0118702$ & $-0.0317677$ & $-0.00516956$ & $-0.00882387$ & $0.00184336$ & $0.0301978$ \\
CW & $0.0303381$ & $0.0139892$ & $0.000865899$ & $0.0337815$ & $0.0111346$ & $1$ & $0.0581832$ & $-0.0435657$ & $-0.0419259$ & $0.0365258$ & $0.155084$ & $-0.0306576$ & $-0.0462065$ & $-0.0416899$ & $-0.117824$ & $-0.0978922$ & $-0.366007$ & $-0.152458$ & $-0.167824$ & $-0.154957$ & $-0.15486$ & $-0.155886$ & $0.00013442$ & $-0.132261$ & $-0.204696$ & $0.113178$ & $-0.0422005$ & $-0.0633125$ & $-0.0399893$ & $-0.0486519$ & $0.00438077$ & $0.0672587$ & $-0.0573786$ & $-0.0667597$ & $-0.0252547$ & $-0.0217066$ & $0.0249285$ & $0.0220573$ & $-0.00220393$ & $-0.0149882$ & $0.00559003$ & $0.0289909$ & $-0.0418835$ & $-0.0116422$ & $-0.0259226$ & $-0.0233249$ & $0.0148641$ & $0.00698846$ & $-0.00871792$ \\
CHG & $0.0373714$ & $-0.018224$ & $-0.00186447$ & $0.0370213$ & $-0.0174614$ & $0.0581832$ & $1$ & $0.0320726$ & $0.0609997$ & $0.120498$ & $0.0439416$ & $-0.742658$ & $-0.75602$ & $-0.117004$ & $-0.0313634$ & $-0.0199254$ & $-0.154363$ & $-0.126975$ & $-0.137358$ & $-0.045242$ & $-0.0412278$ & $-0.041761$ & $0.0064084$ & $-0.119249$ & $-0.142333$ & $0.023729$ & $0.0147339$ & $-0.0330444$ & $-0.119598$ & $-0.573336$ & $-0.358689$ & $0.956292$ & $-0.574302$ & $0.0473709$ & $-0.108856$ & $-0.111701$ & $0.0795704$ & $0.00838436$ & $-0.0404215$ & $0.0457854$ & $-0.0168264$ & $0.0432838$ & $0.0194604$ & $0.00891618$ & $-0.0336073$ & $0.0792978$ & $-0.0173341$ & $-0.0368378$ & $0.0337898$ \\
CHWB & $-0.00819818$ & $-0.0681072$ & $0.0117747$ & $-0.00334829$ & $-0.0287191$ & $-0.0435657$ & $0.0320726$ & $1$ & $0.986963$ & $-0.536409$ & $-0.874079$ & $-0.0485856$ & $-0.00600417$ & $0.270518$ & $0.43583$ & $0.424357$ & $-0.233394$ & $-0.402431$ & $-0.4061$ & $0.855615$ & $0.887895$ & $0.879877$ & $0.0177794$ & $-0.636853$ & $-0.373522$ & $-0.596805$ & $0.41561$ & $0.385501$ & $-0.00515558$ & $-0.00735726$ & $0.0246957$ & $0.0181937$ & $0.016743$ & $0.546075$ & $-0.0487733$ & $-0.0288311$ & $0.0264664$ & $0.000727297$ & $-0.003638$ & $0.0117622$ & $0.0631641$ & $-0.02541$ & $0.0405848$ & $0.0459926$ & $-0.0158094$ & $-0.00932788$ & $0.0150953$ & $-0.0140897$ & $0.0480758$ \\
CHWHB_gaga & $-0.0106171$ & $-0.0759464$ & $0.00855505$ & $-0.00607284$ & $-0.0239096$ & $-0.0419259$ & $0.0609997$ & $0.986963$ & $1$ & $-0.533946$ & $-0.860976$ & $-0.043508$ & $-0.00379028$ & $0.26234$ & $0.430856$ & $0.41827$ & $-0.233246$ & $-0.400894$ & $-0.404313$ & $0.842937$ & $0.874318$ & $0.865638$ & $0.0166711$ & $-0.627895$ & $-0.371495$ & $-0.587034$ & $0.410506$ & $0.38249$ & $0.0025857$ & $0.0103642$ & $0.036442$ & $0.0447212$ & $0.0354032$ & $0.537809$ & $-0.0719503$ & $-0.0395788$ & $0.0224388$ & $-0.00591477$ & $-0.0163489$ & $0.0079048$ & $0.0651732$ & $-0.0238707$ & $0.100759$ & $0.0512468$ & $-0.0188946$ & $-0.0133526$ & $0.0121617$ & $-0.0118594$ & $0.0502564$ \\
CHWHB_gagaorth & $0.00844878$ & $0.0453134$ & $-0.0454121$ & $0.0409626$ & $0.0334528$ & $0.0365258$ & $0.120498$ & $-0.536409$ & $-0.533946$ & $1$ & $0.448842$ & $-0.094228$ & $-0.196054$ & $-0.106112$ & $-0.202311$ & $-0.189303$ & $0.157932$ & $0.238883$ & $0.235363$ & $-0.436309$ & $-0.460363$ & $-0.456364$ & $-0.0318931$ & $0.370281$ & $0.217566$ & $0.314613$ & $-0.260959$ & $-0.190598$ & $-0.00247648$ & $-0.188176$ & $-0.126139$ & $0.141218$ & $-0.196324$ & $-0.319469$ & $0.0844343$ & $0.0677873$ & $0.0236958$ & $0.0122993$ & $-0.00770979$ & $-0.00469881$ & $-0.133723$ & $-0.00497807$ & $-0.0334665$ & $-0.00985454$ & $0.0144226$ & $0.0127728$ & $0.00380337$ & $-0.00787201$ & $-0.0061284$ \\
CHD & $-0.00192806$ & $0.061057$ & $-0.0068361$ & $0.0189948$ & $0.0480993$ & $0.155084$ & $0.0439416$ & $-0.874079$ & $-0.860976$ & $0.448842$ & $1$ & $-0.00963769$ & $-0.0657263$ & $-0.662873$ & $-0.552675$ & $-0.539448$ & $-0.239463$ & $-0.0198942$ & $-0.0143296$ & $-0.994626$ & $-0.994927$ & $-0.983556$ & $0.061778$ & $0.226317$ & $-0.0556947$ & $0.665372$ & $-0.283857$ & $-0.447503$ & $-0.0149804$ & $-0.0458737$ & $-0.0617196$ & $0.0610598$ & $-0.0824551$ & $-0.343743$ & $0.0592577$ & $-0.00976617$ & $-0.0240169$ & $0.00373895$ & $0.0143389$ & $0.00906232$ & $-0.0464636$ & $0.0132948$ & $-0.0330565$ & $-0.0401173$ & $0.00317836$ & $0.0144414$ & $-0.0222956$ & $-0.0138208$ & $-0.04325$ \\
CHbox & $-0.0888447$ & $-0.0232157$ & $0.00965322$ & $-0.0556566$ & $0.000774183$ & $-0.0306576$ & $-0.742658$ & $-0.0485856$ & $-0.043508$ & $-0.094228$ & $-0.00963769$ & $1$ & $0.979561$ & $0.0768121$ & $0.010974$ & $0.0145171$ & $0.120878$ & $0.107207$ & $0.103674$ & $0.0114792$ & $0.00615917$ & $0.00568291$ & $-0.00232201$ & $0.11021$ & $0.121302$ & $-0.00144895$ & $-0.0200763$ & $0.0133909$ & $0.197214$ & $0.721823$ & $0.434901$ & $-0.652376$ & $0.730449$ & $-0.045882$ & $0.121114$ & $0.0989734$ & $-0.0531781$ & $-0.00728243$ & $0.018144$ & $-0.055095$ & $0.00553683$ & $-0.043191$ & $-0.0164279$ & $0.00660059$ & $0.0573595$ & $-0.0896687$ & $0.00273625$ & $0.0327969$ & $-0.0159575$ \\
CH & $-0.0847671$ & $-0.0271802$ & $0.020287$ & $-0.0594233$ & $-0.00201468$ & $-0.0462065$ & $-0.75602$ & $-0.00600417$ & $-0.00379028$ & $-0.196054$ & $-0.0657263$ & $0.979561$ & $1$ & $0.122551$ & $0.0323702$ & $0.0331183$ & $0.149575$ & $0.12583$ & $0.123813$ & $0.06616$ & $0.0627438$ & $0.0624291$ & $-0.000512808$ & $0.107214$ & $0.141956$ & $-0.0409193$ & $0.00459352$ & $0.0430962$ & $0.188285$ & $0.717408$ & $0.429026$ & $-0.674405$ & $0.73116$ & $-0.0224557$ & $0.114083$ & $0.0880571$ & $-0.0531293$ & $-0.0167931$ & $0.0235369$ & $-0.0621485$ & $0.0245969$ & $-0.0413661$ & $-0.0238836$ & $0.000349226$ & $0.0526165$ & $-0.0911423$ & $0.0021765$ & $0.0421105$ & $-0.00598137$ \\
CHL1_11 & $0.0210772$ & $-0.0506131$ & $0.00801336$ & $-0.0201898$ & $-0.0321252$ & $-0.0416899$ & $-0.117004$ & $0.270518$ & $0.26234$ & $-0.106112$ & $-0.662873$ & $0.0768121$ & $0.122551$ & $1$ & $0.39171$ & $0.387884$ & $0.629185$ & $0.592767$ & $0.582757$ & $0.674995$ & $0.634549$ & $0.621215$ & $-0.1475$ & $0.426487$ & $0.586158$ & $-0.415886$ & $-0.0485727$ & $0.305665$ & $0.0143028$ & $0.0808313$ & $0.0861939$ & $-0.133878$ & $0.114524$ & $-0.153207$ & $-0.0654467$ & $0.0647357$ & $0.010904$ & $0.00900852$ & $-0.0254246$ & $-0.038401$ & $0.0107841$ & $0.0227681$ & $-0.0113073$ & $-0.00226539$ & $0.0085335$ & $-0.0134804$ & $0.0245394$ & $0.0425932$ & $0.00584904$ \\
CHL1_22 & $0.00831713$ & $-0.00282997$ & $-0.0106518$ & $-0.0228634$ & $-0.0527158$ & $-0.117824$ & $-0.0313634$ & $0.43583$ & $0.430856$ & $-0.202311$ & $-0.552675$ & $0.010974$ & $0.0323702$ & $0.39171$ & $1$ & $0.51086$ & $0.173652$ & $-0.31399$ & $0.00302479$ & $0.596206$ & $0.49551$ & $0.490053$ & $-0.217929$ & $0.0386402$ & $-0.076242$ & $-0.330664$ & $-0.309657$ & $0.227515$ & $0.0185042$ & $0.0450761$ & $0.0552335$ & $-0.0324302$ & $0.0346275$ & $-0.473577$ & $-0.0247447$ & $0.0362777$ & $0.00758777$ & $0.00696263$ & $-0.0168295$ & $0.0155321$ & $0.0261977$ & $-0.0325634$ & $0.0420594$ & $0.0169994$ & $0.000542759$ & $-0.0160705$ & $0.0211782$ & $-0.025403$ & $-0.00348859$ \\
CHL1_33 & $0.0261867$ & $-0.0164318$ & $-0.00743637$ & $-0.0348396$ & $-7.61418e-06$ & $-0.0978922$ & $-0.0199254$ & $0.424357$ & $0.41827$ & $-0.189303$ & $-0.539448$ & $0.0145171$ & $0.0331183$ & $0.387884$ & $0.51086$ & $1$ & $0.170373$ & $0.0124927$ & $-0.313573$ & $0.583174$ & $0.484378$ & $0.497015$ & $-0.221465$ & $0.0432893$ & $-0.0794163$ & $-0.32066$ & $-0.318546$ & $0.21753$ & $0.00298977$ & $0.0306266$ & $0.0289116$ & $-0.022485$ & $0.0304483$ & $-0.0214458$ & $-0.0180234$ & $0.0198709$ & $0.00831147$ & $0.00107893$ & $-0.00620666$ & $-0.0501557$ & $0.0193059$ & $0.000457043$ & $-0.00216271$ & $0.0583177$ & $-0.00593837$ & $-0.0258908$ & $-0.00141166$ & $-0.0017381$ & $-0.00909038$ \\
CHL3_11 & $-0.012053$ & $-0.000832198$ & $0.00946035$ & $-0.0362275$ & $-0.0270067$ & $-0.366007$ & $-0.154363$ & $-0.233394$ & $-0.233246$ & $0.157932$ & $-0.239463$ & $0.120878$ & $0.149575$ & $0.629185$ & $0.173652$ & $0.170373$ & $1$ & $0.817555$ & $0.81566$ & $0.253872$ & $0.215975$ & $0.211045$ & $-0.111214$ & $0.759326$ & $0.851728$ & $-0.138906$ & $-0.153937$ & $0.1198$ & $0.0509481$ & $0.114901$ & $0.0683214$ & $-0.158064$ & $0.142835$ & $-0.253983$ & $-0.00437168$ & $0.0626428$ & $-0.00157948$ & $-0.0128298$ & $-0.0192032$ & $-0.0297105$ & $-0.0229222$ & $0.013626$ & $-0.00115139$ & $0.00228569$ & $0.0330375$ & $-0.00953894$ & $0.0108029$ & $0.0549786$ & $0.00155591$ \\
CHL3_22 & $0.000603649$ & $-0.0171603$ & $0.011543$ & $-0.0193584$ & $0.00201906$ & $-0.152458$ & $-0.126975$ & $-0.402431$ & $-0.400894$ & $0.238883$ & $-0.0198942$ & $0.107207$ & $0.12583$ & $0.592767$ & $-0.31399$ & $0.0124927$ & $0.817555$ & $1$ & $0.777897$ & $0.0215881$ & $0.0158173$ & $0.0127484$ & $-0.0383693$ & $0.739051$ & $0.862576$ & $-0.00397384$ & $-0.0549163$ & $0.028653$ & $0.0282304$ & $0.0786448$ & $0.0444049$ & $-0.133536$ & $0.113464$ & $-0.0627614$ & $-0.0101091$ & $0.0500183$ & $-0.00559112$ & $-0.010901$ & $-0.0115111$ & $-0.052007$ & $-0.0334155$ & $0.0444921$ & $-0.0364597$ & $-0.0140248$ & $0.0241924$ & $-0.000526303$ & $0.00322537$ & $0.0672042$ & $-0.000386756$ \\
CHL3_33 & $-0.00871004$ & $-0.00710968$ & $0.00933517$ & $-0.00711946$ & $-0.032746$ & $-0.167824$ & $-0.137358$ & $-0.4061$ & $-0.404313$ & $0.235363$ & $-0.0143296$ & $0.103674$ & $0.123813$ & $0.582757$ & $0.00302479$ & $-0.313573$ & $0.81566$ & $0.777897$ & $1$ & $0.0153044$ & $0.0102591$ & $0.00692249$ & $-0.027904$ & $0.73507$ & $0.866699$ & $-0.00339872$ & $-0.0422946$ & $0.0264338$ & $0.0393152$ & $0.090037$ & $0.060536$ & $-0.142405$ & $0.112414$ & $-0.368735$ & $-0.0114945$ & $0.0597395$ & $-0.00566055$ & $-0.0049765$ & $-0.0187743$ & $-0.011975$ & $-0.0256183$ & $0.0227088$ & $-0.00923087$ & $-0.0454327$ & $0.0323298$ & $0.00622711$ & $0.0193174$ & $0.0483359$ & $-0.00491091$ \\
CHe_11 & $-0.00469085$ & $-0.0406629$ & $0.0106787$ & $-0.0210259$ & $-0.044911$ & $-0.154957$ & $-0.045242$ & $0.855615$ & $0.842937$ & $-0.436309$ & $-0.994626$ & $0.0114792$ & $0.06616$ & $0.674995$ & $0.596206$ & $0.583174$ & $0.253872$ & $0.0215881$ & $0.0153044$ & $1$ & $0.984531$ & $0.973715$ & $-0.0838883$ & $-0.190606$ & $0.0607739$ & $-0.65905$ & $0.226078$ & $0.441379$ & $0.0159551$ & $0.0467189$ & $0.0620868$ & $-0.0610079$ & $0.0817631$ & $0.28624$ & $-0.0519526$ & $0.0125247$ & $0.019508$ & $-0.00448621$ & $-0.0139941$ & $-0.0131346$ & $0.0456103$ & $-0.01091$ & $0.0304787$ & $0.0410116$ & $-0.00238728$ & $-0.0134865$ & $0.0213468$ & $0.0118962$ & $0.0423942$ \\
CHe_22 & $-0.00831686$ & $-0.0431885$ & $0.0155707$ & $-0.0177198$ & $-0.0418374$ & $-0.15486$ & $-0.0412278$ & $0.887895$ & $0.874318$ & $-0.460363$ & $-0.994927$ & $0.00615917$ & $0.0627438$ & $0.634549$ & $0.49551$ & $0.484378$ & $0.215975$ & $0.0158173$ & $0.0102591$ & $0.984531$ & $1$ & $0.986527$ & $-0.0360389$ & $-0.267571$ & $0.0467839$ & $-0.668392$ & $0.346502$ & $0.446653$ & $0.0136722$ & $0.043332$ & $0.0585215$ & $-0.0584591$ & $0.0804646$ & $0.41089$ & $-0.0560066$ & $0.00589069$ & $0.0232264$ & $-0.00387551$ & $-0.0146493$ & $-0.00637316$ & $0.050048$ & $-0.0137279$ & $0.033228$ & $0.0410209$ & $-0.00205454$ & $-0.012434$ & $0.0201051$ & $0.013082$ & $0.0447878$ \\
CHe_33 & $-0.0122237$ & $-0.0428643$ & $0.0197867$ & $-0.0159604$ & $-0.0414871$ & $-0.155886$ & $-0.041761$ & $0.879877$ & $0.865638$ & $-0.456364$ & $-0.983556$ & $0.00568291$ & $0.0624291$ & $0.621215$ & $0.490053$ & $0.497015$ & $0.211045$ & $0.0127484$ & $0.00692249$ & $0.973715$ & $0.986527$ & $1$ & $-0.0326288$ & $-0.267825$ & $0.0433596$ & $-0.66063$ & $0.343688$ & $0.440435$ & $0.0141414$ & $0.0440166$ & $0.0556262$ & $-0.0586344$ & $0.0800882$ & $0.410925$ & $-0.0538996$ & $0.00143425$ & $0.0256283$ & $-0.00704148$ & $-0.0077621$ & $-0.0109758$ & $0.0504277$ & $-0.0108307$ & $0.0277003$ & $0.0371999$ & $-0.00244313$ & $-0.00807066$ & $0.00901701$ & $0.0112083$ & $0.047279$ \\
CHQ1_11 & $0.0323347$ & $0.0184982$ & $0.028569$ & $0.00640616$ & $-0.000598603$ & $0.00013442$ & $0.0064084$ & $0.0177794$ & $0.0166711$ & $-0.0318931$ & $0.061778$ & $-0.00232201$ & $-0.000512808$ & $-0.1475$ & $-0.217929$ & $-0.221465$ & $-0.111214$ & $-0.0383693$ & $-0.027904$ & $-0.0838883$ & $-0.0360389$ & $-0.0326288$ & $1$ & $-0.151171$ & $0.0226953$ & $-0.555111$ & $0.367933$ & $0.00962859$ & $0.00778919$ & $-0.00092884$ & $-0.00404675$ & $0.00158401$ & $0.00354155$ & $0.218024$ & $-0.0125258$ & $-0.0536587$ & $0.0240648$ & $-0.00521031$ & $0.0275708$ & $0.0138297$ & $-0.00870747$ & $-0.0151969$ & $0.00246281$ & $-0.0156199$ & $-0.0229153$ & $0.0149713$ & $0.00512955$ & $0.0344494$ & $0.00612052$ \\
CHQ1_33 & $-0.0524335$ & $-0.000218697$ & $-0.0193305$ & $-0.0332709$ & $0.00337984$ & $-0.132261$ & $-0.119249$ & $-0.636853$ & $-0.627895$ & $0.370281$ & $0.226317$ & $0.11021$ & $0.107214$ & $0.426487$ & $0.0386402$ & $0.0432893$ & $0.759326$ & $0.739051$ & $0.73507$ & $-0.190606$ & $-0.267571$ & $-0.267825$ & $-0.151171$ & $1$ & $0.746319$ & $0.186802$ & $-0.410591$ & $-0.0220137$ & $0.0314037$ & $0.0861775$ & $0.0455407$ & $-0.114565$ & $0.0878129$ & $-0.605872$ & $-0.00616462$ & $0.0659143$ & $-0.0109696$ & $-0.0063002$ & $-0.0175986$ & $-0.0274367$ & $-0.046871$ & $0.027954$ & $-0.0266845$ & $-0.0367357$ & $0.0301641$ & $-0.0142366$ & $0.00913023$ & $0.049117$ & $-0.0257751$ \\
CHQ3_11 & $-0.102376$ & $-0.0154102$ & $0.00871916$ & $-0.0304202$ & $-0.0200215$ & $-0.204696$ & $-0.142333$ & $-0.373522$ & $-0.371495$ & $0.217566$ & $-0.0556947$ & $0.121302$ & $0.141956$ & $0.586158$ & $-0.076242$ & $-0.0794163$ & $0.851728$ & $0.862576$ & $0.866699$ & $0.0607739$ & $0.0467839$ & $0.0433596$ & $0.0226953$ & $0.746319$ & $1$ & $-0.0170796$ & $0.125698$ & $0.0372267$ & $0.0397765$ & $0.0934579$ & $0.0621204$ & $-0.147583$ & $0.129859$ & $-0.236382$ & $-0.015952$ & $0.0613022$ & $0.00909229$ & $0.00195817$ & $-0.00779901$ & $-0.0248226$ & $-0.0164676$ & $0.0483097$ & $-0.0169355$ & $-0.014414$ & $0.0247842$ & $-0.00112223$ & $0.0025053$ & $0.0523802$ & $0.00287582$ \\
CHu_11 & $-0.0572528$ & $0.00829469$ & $-0.0261011$ & $4.97047e-05$ & $0.0402843$ & $0.113178$ & $0.023729$ & $-0.596805$ & $-0.587034$ & $0.314613$ & $0.665372$ & $-0.00144895$ & $-0.0409193$ & $-0.415886$ & $-0.330664$ & $-0.32066$ & $-0.138906$ & $-0.00397384$ & $-0.00339872$ & $-0.65905$ & $-0.668392$ & $-0.66063$ & $-0.555111$ & $0.186802$ & $-0.0170796$ & $1$ & $-0.207798$ & $-0.312477$ & $-0.0132877$ & $-0.0347492$ & $-0.043397$ & $0.035624$ & $-0.0628884$ & $-0.279562$ & $0.0384716$ & $0.0210862$ & $-0.0312767$ & $0.00505101$ & $0.00882071$ & $0.000650161$ & $-0.031028$ & $0.0286304$ & $-0.0237266$ & $-0.0135051$ & $0.0126564$ & $-0.000129792$ & $-0.0163191$ & $-0.0323605$ & $-0.0426569$ \\
CHd_11 & $-0.0584218$ & $-0.0278183$ & $0.0153617$ & $-0.0092929$ & $-0.00191056$ & $-0.0422005$ & $0.0147339$ & $0.41561$ & $0.410506$ & $-0.260959$ & $-0.283857$ & $-0.0200763$ & $0.00459352$ & $-0.0485727$ & $-0.309657$ & $-0.318546$ & $-0.153937$ & $-0.0549163$ & $-0.0422946$ & $0.226078$ & $0.346502$ & $0.343688$ & $0.367933$ & $-0.410591$ & $0.125698$ & $-0.207798$ & $1$ & $0.129228$ & $0.0102254$ & $-0.016202$ & $-0.00450956$ & $0.00291937$ & $0.0234898$ & $0.687035$ & $-0.03637$ & $-0.0398686$ & $0.0341374$ & $0.00999193$ & $0.0244352$ & $0.0314096$ & $0.0369989$ & $0.0200628$ & $0.0210433$ & $0.0245776$ & $-0.0183008$ & $0.0082154$ & $-0.00326609$ & $0.011912$ & $0.0461356$ \\
CHd_33 & $0.0247722$ & $-0.0357243$ & $-0.046525$ & $-0.00846883$ & $-0.0271257$ & $-0.0633125$ & $-0.0330444$ & $0.385501$ & $0.38249$ & $-0.190598$ & $-0.447503$ & $0.0133909$ & $0.0430962$ & $0.305665$ & $0.227515$ & $0.21753$ & $0.1198$ & $0.028653$ & $0.0264338$ & $0.441379$ & $0.446653$ & $0.440435$ & $0.00962859$ & $-0.0220137$ & $0.0372267$ & $-0.312477$ & $0.129228$ & $1$ & $0.000765992$ & $0.04779$ & $0.0425548$ & $-0.0352197$ & $0.0566151$ & $0.165322$ & $-0.0599334$ & $0.00300756$ & $-0.0217418$ & $-0.0593075$ & $-0.00622933$ & $-0.0280945$ & $-0.020531$ & $-0.00474639$ & $-0.00747724$ & $-0.00114516$ & $0.0242074$ & $-0.0456316$ & $0.0399508$ & $0.0349924$ & $-0.00420539$ \\
CeH_22r & $0.0237068$ & $0.00772077$ & $0.0271729$ & $-0.00946424$ & $0.00370853$ & $-0.0399893$ & $-0.119598$ & $-0.00515558$ & $0.0025857$ & $-0.00247648$ & $-0.0149804$ & $0.197214$ & $0.188285$ & $0.0143028$ & $0.0185042$ & $0.00298977$ & $0.0509481$ & $0.0282304$ & $0.0393152$ & $0.0159551$ & $0.0136722$ & $0.0141414$ & $0.00778919$ & $0.0314037$ & $0.0397765$ & $-0.0132877$ & $0.0102254$ & $0.000765992$ & $1$ & $0.152963$ & $0.0749978$ & $-0.11378$ & $0.167813$ & $-0.00848163$ & $0.010869$ & $0.00337018$ & $-0.0191695$ & $-0.0275923$ & $0.0115634$ & $-0.00870838$ & $0.0166387$ & $-0.0414301$ & $0.0140371$ & $0.0329596$ & $0.0201912$ & $-0.0386766$ & $-0.0579702$ & $-0.000875265$ & $-0.0171325$ \\
CeH_33r & $-0.0541806$ & $-0.00285719$ & $0.047794$ & $-0.0356181$ & $-0.0137834$ & $-0.0486519$ & $-0.573336$ & $-0.00735726$ & $0.0103642$ & $-0.188176$ & $-0.0458737$ & $0.721823$ & $0.717408$ & $0.0808313$ & $0.0450761$ & $0.0306266$ & $0.114901$ & $0.0786448$ & $0.090037$ & $0.0467189$ & $0.043332$ & $0.0440166$ & $-0.00092884$ & $0.0861775$ & $0.0934579$ & $-0.0347492$ & $-0.016202$ & $0.04779$ & $0.152963$ & $1$ & $0.504853$ & $-0.434474$ & $0.824683$ & $-0.0336548$ & $0.0181294$ & $0.0435931$ & $-0.169369$ & $-0.0115667$ & $0.012489$ & $-0.0518586$ & $0.0299577$ & $-0.0232743$ & $-0.0125087$ & $0.0389815$ & $0.091086$ & $-0.06787$ & $-0.0126601$ & $0.0328601$ & $-0.0244998$ \\
CuH_22r & $-0.0511618$ & $-0.0350247$ & $-0.0283749$ & $0.00529484$ & $-0.0147846$ & $0.00438077$ & $-0.358689$ & $0.0246957$ & $0.036442$ & $-0.126139$ & $-0.0617196$ & $0.434901$ & $0.429026$ & $0.0861939$ & $0.0552335$ & $0.0289116$ & $0.0683214$ & $0.0444049$ & $0.060536$ & $0.0620868$ & $0.0585215$ & $0.0556262$ & $-0.00404675$ & $0.0455407$ & $0.0621204$ & $-0.043397$ & $-0.00450956$ & $0.0425548$ & $0.0749978$ & $0.504853$ & $1$ & $-0.270195$ & $0.535099$ & $-0.0279244$ & $0.0333829$ & $0.0349411$ & $-0.104818$ & $-0.0358681$ & $-0.019018$ & $-0.0225476$ & $0.0100129$ & $-0.0346472$ & $0.0106608$ & $0.0182546$ & $0.0644465$ & $0.014375$ & $0.304521$ & $0.0137361$ & $0.0228275$ \\
CuH_33r & $0.0304937$ & $-0.0158906$ & $0.000355356$ & $0.0360128$ & $-0.0233882$ & $0.0672587$ & $0.956292$ & $0.0181937$ & $0.0447212$ & $0.141218$ & $0.0610598$ & $-0.652376$ & $-0.674405$ & $-0.133878$ & $-0.0324302$ & $-0.022485$ & $-0.158064$ & $-0.133536$ & $-0.142405$ & $-0.0610079$ & $-0.0584591$ & $-0.0586344$ & $0.00158401$ & $-0.114565$ & $-0.147583$ & $0.035624$ & $0.00291937$ & $-0.0352197$ & $-0.11378$ & $-0.434474$ & $-0.270195$ & $1$ & $-0.424971$ & $0.0377675$ & $-0.0438891$ & $-0.0806053$ & $0.0556913$ & $0.00593965$ & $-0.0245512$ & $0.0466705$ & $-0.0120522$ & $0.0405984$ & $0.0227894$ & $0.0166825$ & $-0.0127518$ & $0.0699323$ & $-0.0195516$ & $-0.0338554$ & $0.0268884$ \\
CdH_33r & $-0.0645181$ & $-0.0129451$ & $0.0118375$ & $-0.0188178$ & $0.00251671$ & $-0.0573786$ & $-0.574302$ & $0.016743$ & $0.0354032$ & $-0.196324$ & $-0.0824551$ & $0.730449$ & $0.73116$ & $0.114524$ & $0.0346275$ & $0.0304483$ & $0.142835$ & $0.113464$ & $0.112414$ & $0.0817631$ & $0.0804646$ & $0.0800882$ & $0.00354155$ & $0.0878129$ & $0.129859$ & $-0.0628884$ & $0.0234898$ & $0.0566151$ & $0.167813$ & $0.824683$ & $0.535099$ & $-0.424971$ & $1$ & $0.0017352$ & $-0.00503945$ & $0.0511426$ & $-0.172643$ & $-0.0233067$ & $-0.00430818$ & $-0.021977$ & $0.0376536$ & $-0.0234212$ & $-0.0165734$ & $0.0297368$ & $0.0379699$ & $-0.0443658$ & $-0.0216575$ & $0.157033$ & $0.291577$ \\
CLL_1221 & $-0.0262269$ & $0.00738239$ & $0.0293301$ & $0.00501078$ & $0.0150492$ & $-0.0667597$ & $0.0473709$ & $0.546075$ & $0.537809$ & $-0.319469$ & $-0.343743$ & $-0.045882$ & $-0.0224557$ & $-0.153207$ & $-0.473577$ & $-0.0214458$ & $-0.253983$ & $-0.0627614$ & $-0.368735$ & $0.28624$ & $0.41089$ & $0.410925$ & $0.218024$ & $-0.605872$ & $-0.236382$ & $-0.279562$ & $0.687035$ & $0.165322$ & $-0.00848163$ & $-0.0336548$ & $-0.0279244$ & $0.0377675$ & $0.0017352$ & $1$ & $-0.00809539$ & $-0.0613706$ & $0.0150902$ & $-0.0141256$ & $0.0130127$ & $0.000709476$ & $0.0348134$ & $-0.0045365$ & $0.00607786$ & $0.04537$ & $-0.0121788$ & $0.00791012$ & $-0.00968851$ & $0.011806$ & $0.0545242$ \\
eHggint & $-0.00524817$ & $0.0582666$ & $0.00419607$ & $-0.0307375$ & $-0.0322251$ & $-0.0252547$ & $-0.108856$ & $-0.0487733$ & $-0.0719503$ & $0.0844343$ & $0.0592577$ & $0.121114$ & $0.114083$ & $-0.0654467$ & $-0.0247447$ & $-0.0180234$ & $-0.00437168$ & $-0.0101091$ & $-0.0114945$ & $-0.0519526$ & $-0.0560066$ & $-0.0538996$ & $-0.0125258$ & $-0.00616462$ & $-0.015952$ & $0.0384716$ & $-0.03637$ & $-0.0599334$ & $0.010869$ & $0.0181294$ & $0.0333829$ & $-0.0438891$ & $-0.00503945$ & $-0.00809539$ & $1$ & $0.00517748$ & $0.0608175$ & $-0.0198418$ & $0.104434$ & $-0.0118689$ & $-0.0433261$ & $-0.0306845$ & $-0.0617629$ & $-0.0404812$ & $0.0285164$ & $-0.0772513$ & $-0.041992$ & $-0.0538492$ & $-0.0916907$ \\
eHggpar & $-0.00824804$ & $0.045262$ & $-0.082912$ & $-0.0914146$ & $0.0182911$ & $-0.0217066$ & $-0.111701$ & $-0.0288311$ & $-0.0395788$ & $0.0677873$ & $-0.00976617$ & $0.0989734$ & $0.0880571$ & $0.0647357$ & $0.0362777$ & $0.0198709$ & $0.0626428$ & $0.0500183$ & $0.0597395$ & $0.0125247$ & $0.00589069$ & $0.00143425$ & $-0.0536587$ & $0.0659143$ & $0.0613022$ & $0.0210862$ & $-0.0398686$ & $0.00300756$ & $0.00337018$ & $0.0435931$ & $0.0349411$ & $-0.0806053$ & $0.0511426$ & $-0.0613706$ & $0.00517748$ & $1$ & $-0.0263437$ & $0.0142168$ & $-0.0206629$ & $0.0466218$ & $-0.000494693$ & $-0.0120272$ & $-0.0421841$ & $0.000795642$ & $0.0386141$ & $-0.0834515$ & $0.0110785$ & $-0.00715423$ & $-0.0109399$ \\
eHWWint & $-0.0221712$ & $-0.0667127$ & $-0.00918907$ & $0.014964$ & $-0.0122458$ & $0.0249285$ & $0.0795704$ & $0.0264664$ & $0.0224388$ & $0.0236958$ & $-0.0240169$ & $-0.0531781$ & $-0.0531293$ & $0.010904$ & $0.00758777$ & $0.00831147$ & $-0.00157948$ & $-0.00559112$ & $-0.00566055$ & $0.019508$ & $0.0232264$ & $0.0256283$ & $0.0240648$ & $-0.0109696$ & $0.00909229$ & $-0.0312767$ & $0.0341374$ & $-0.0217418$ & $-0.0191695$ & $-0.169369$ & $-0.104818$ & $0.0556913$ & $-0.172643$ & $0.0150902$ & $0.0608175$ & $-0.0263437$ & $1$ & $-0.0195419$ & $0.110241$ & $0.0252398$ & $0.0144374$ & $0.028542$ & $0.0864896$ & $-0.0834286$ & $-0.0441369$ & $0.047815$ & $0.074213$ & $-0.065004$ & $-0.0105398$ \\
eHWWpar & $0.016581$ & $-0.0381385$ & $0.0435376$ & $0.0270934$ & $0.00142429$ & $0.0220573$ & $0.00838436$ & $0.000727297$ & $-0.00591477$ & $0.0122993$ & $0.00373895$ & $-0.00728243$ & $-0.0167931$ & $0.00900852$ & $0.00696263$ & $0.00107893$ & $-0.0128298$ & $-0.010901$ & $-0.0049765$ & $-0.00448621$ & $-0.00387551$ & $-0.00704148$ & $-0.00521031$ & $-0.0063002$ & $0.00195817$ & $0.00505101$ & $0.00999193$ & $-0.0593075$ & $-0.0275923$ & $-0.0115667$ & $-0.0358681$ & $0.00593965$ & $-0.0233067$ & $-0.0141256$ & $-0.0198418$ & $0.0142168$ & $-0.0195419$ & $1$ & $-0.0616087$ & $-0.00844952$ & $0.0200186$ & $-0.00341618$ & $-0.060647$ & $0.051982$ & $0.0402865$ & $-0.0209639$ & $-0.00512416$ & $-0.0206914$ & $-0.016161$ \\
eHZZint & $0.0352507$ & $0.00286202$ & $-0.0203104$ & $-0.109565$ & $-0.0418458$ & $-0.00220393$ & $-0.0404215$ & $-0.003638$ & $-0.0163489$ & $-0.00770979$ & $0.0143389$ & $0.018144$ & $0.0235369$ & $-0.0254246$ & $-0.0168295$ & $-0.00620666$ & $-0.0192032$ & $-0.0115111$ & $-0.0187743$ & $-0.0139941$ & $-0.0146493$ & $-0.0077621$ & $0.0275708$ & $-0.0175986$ & $-0.00779901$ & $0.00882071$ & $0.0244352$ & $-0.00622933$ & $0.0115634$ & $0.012489$ & $-0.019018$ & $-0.0245512$ & $-0.00430818$ & $0.0130127$ & $0.104434$ & $-0.0206629$ & $0.110241$ & $-0.0616087$ & $1$ & $-0.0125327$ & $0.0254151$ & $0.00607846$ & $-0.0939581$ & $-0.0140449$ & $-0.0924875$ & $-0.0177572$ & $-0.0268274$ & $0.00790152$ & $0.0119122$ \\
eHZZpar & $-0.0311946$ & $-0.00415118$ & $0.00718569$ & $-0.00204815$ & $-0.000588114$ & $-0.0149882$ & $0.0457854$ & $0.0117622$ & $0.0079048$ & $-0.00469881$ & $0.00906232$ & $-0.055095$ & $-0.0621485$ & $-0.038401$ & $0.0155321$ & $-0.0501557$ & $-0.0297105$ & $-0.052007$ & $-0.011975$ & $-0.0131346$ & $-0.00637316$ & $-0.0109758$ & $0.0138297$ & $-0.0274367$ & $-0.0248226$ & $0.000650161$ & $0.0314096$ & $-0.0280945$ & $-0.00870838$ & $-0.0518586$ & $-0.0225476$ & $0.0466705$ & $-0.021977$ & $0.000709476$ & $-0.0118689$ & $0.0466218$ & $0.0252398$ & $-0.00844952$ & $-0.0125327$ & $1$ & $-0.0143885$ & $-0.0158742$ & $0.00199041$ & $-0.0581331$ & $0.0178201$ & $-0.00407342$ & $-0.0254002$ & $0.0638777$ & $0.0474892$ \\
eHZgaint & $-0.0601342$ & $-0.0747741$ & $0.12675$ & $0.0128702$ & $-0.0268031$ & $0.00559003$ & $-0.0168264$ & $0.0631641$ & $0.0651732$ & $-0.133723$ & $-0.0464636$ & $0.00553683$ & $0.0245969$ & $0.0107841$ & $0.0261977$ & $0.0193059$ & $-0.0229222$ & $-0.0334155$ & $-0.0256183$ & $0.0456103$ & $0.050048$ & $0.0504277$ & $-0.00870747$ & $-0.046871$ & $-0.0164676$ & $-0.031028$ & $0.0369989$ & $-0.020531$ & $0.0166387$ & $0.0299577$ & $0.0100129$ & $-0.0120522$ & $0.0376536$ & $0.0348134$ & $-0.0433261$ & $-0.000494693$ & $0.0144374$ & $0.0200186$ & $0.0254151$ & $-0.0143885$ & $1$ & $0.0393711$ & $0.0349089$ & $0.0738589$ & $-0.0256793$ & $0.106632$ & $0.00351103$ & $-0.00354736$ & $0.0641476$ \\
eHZgapar & $0.00505679$ & $-0.0298055$ & $0.0984713$ & $0.0284295$ & $-0.0167532$ & $0.0289909$ & $0.0432838$ & $-0.02541$ & $-0.0238707$ & $-0.00497807$ & $0.0132948$ & $-0.043191$ & $-0.0413661$ & $0.0227681$ & $-0.0325634$ & $0.000457043$ & $0.013626$ & $0.0444921$ & $0.0227088$ & $-0.01091$ & $-0.0137279$ & $-0.0108307$ & $-0.0151969$ & $0.027954$ & $0.0483097$ & $0.0286304$ & $0.0200628$ & $-0.00474639$ & $-0.0414301$ & $-0.0232743$ & $-0.0346472$ & $0.0405984$ & $-0.0234212$ & $-0.0045365$ & $-0.0306845$ & $-0.0120272$ & $0.028542$ & $-0.00341618$ & $0.00607846$ & $-0.0158742$ & $0.0393711$ & $1$ & $-0.00382547$ & $0.00879418$ & $-0.00926241$ & $0.074355$ & $-0.0424798$ & $-0.0227769$ & $0.0210179$ \\
eHgagaint & $0.00604582$ & $-0.0600536$ & $-0.0106802$ & $-0.0702172$ & $0.0126577$ & $-0.0418835$ & $0.0194604$ & $0.0405848$ & $0.100759$ & $-0.0334665$ & $-0.0330565$ & $-0.0164279$ & $-0.0238836$ & $-0.0113073$ & $0.0420594$ & $-0.00216271$ & $-0.00115139$ & $-0.0364597$ & $-0.00923087$ & $0.0304787$ & $0.033228$ & $0.0277003$ & $0.00246281$ & $-0.0266845$ & $-0.0169355$ & $-0.0237266$ & $0.0210433$ & $-0.00747724$ & $0.0140371$ & $-0.0125087$ & $0.0106608$ & $0.0227894$ & $-0.0165734$ & $0.00607786$ & $-0.0617629$ & $-0.0421841$ & $0.0864896$ & $-0.060647$ & $-0.0939581$ & $0.00199041$ & $0.0349089$ & $-0.00382547$ & $1$ & $0.0627983$ & $-0.0290353$ & $-0.0371044$ & $-0.0234639$ & $-0.0109364$ & $-0.0276182$ \\
eHmumuint & $0.048374$ & $0.0380131$ & $0.0480533$ & $0.0356457$ & $-0.0118702$ & $-0.0116422$ & $0.00891618$ & $0.0459926$ & $0.0512468$ & $-0.00985454$ & $-0.0401173$ & $0.00660059$ & $0.000349226$ & $-0.00226539$ & $0.0169994$ & $0.0583177$ & $0.00228569$ & $-0.0140248$ & $-0.0454327$ & $0.0410116$ & $0.0410209$ & $0.0371999$ & $-0.0156199$ & $-0.0367357$ & $-0.014414$ & $-0.0135051$ & $0.0245776$ & $-0.00114516$ & $0.0329596$ & $0.0389815$ & $0.0182546$ & $0.0166825$ & $0.0297368$ & $0.04537$ & $-0.0404812$ & $0.000795642$ & $-0.0834286$ & $0.051982$ & $-0.0140449$ & $-0.0581331$ & $0.0738589$ & $0.00879418$ & $0.0627983$ & $1$ & $-0.0265862$ & $-0.0404695$ & $-0.0432328$ & $-0.0654078$ & $-0.0235363$ \\
eHtautauint & $-0.0545073$ & $-0.0401282$ & $0.00332799$ & $0.00104789$ & $-0.0317677$ & $-0.0259226$ & $-0.0336073$ & $-0.0158094$ & $-0.0188946$ & $0.0144226$ & $0.00317836$ & $0.0573595$ & $0.0526165$ & $0.0085335$ & $0.000542759$ & $-0.00593837$ & $0.0330375$ & $0.0241924$ & $0.0323298$ & $-0.00238728$ & $-0.00205454$ & $-0.00244313$ & $-0.0229153$ & $0.0301641$ & $0.0247842$ & $0.0126564$ & $-0.0183008$ & $0.0242074$ & $0.0201912$ & $0.091086$ & $0.0644465$ & $-0.0127518$ & $0.0379699$ & $-0.0121788$ & $0.0285164$ & $0.0386141$ & $-0.0441369$ & $0.0402865$ & $-0.0924875$ & $0.0178201$ & $-0.0256793$ & $-0.00926241$ & $-0.0290353$ & $-0.0265862$ & $1$ & $0.00903692$ & $0.0225308$ & $-0.0390082$ & $-0.0223318$ \\
eHccint & $0.00148289$ & $0.0292681$ & $0.0220278$ & $0.0726749$ & $-0.00516956$ & $-0.0233249$ & $0.0792978$ & $-0.00932788$ & $-0.0133526$ & $0.0127728$ & $0.0144414$ & $-0.0896687$ & $-0.0911423$ & $-0.0134804$ & $-0.0160705$ & $-0.0258908$ & $-0.00953894$ & $-0.000526303$ & $0.00622711$ & $-0.0134865$ & $-0.012434$ & $-0.00807066$ & $0.0149713$ & $-0.0142366$ & $-0.00112223$ & $-0.000129792$ & $0.0082154$ & $-0.0456316$ & $-0.0386766$ & $-0.06787$ & $0.014375$ & $0.0699323$ & $-0.0443658$ & $0.00791012$ & $-0.0772513$ & $-0.0834515$ & $0.047815$ & $-0.0209639$ & $-0.0177572$ & $-0.00407342$ & $0.106632$ & $0.074355$ & $-0.0371044$ & $-0.0404695$ & $0.00903692$ & $1$ & $0.0656725$ & $0.0227134$ & $0.0670886$ \\
eHccpar & $0.0191526$ & $-0.0530466$ & $-0.0939922$ & $0.107589$ & $-0.00882387$ & $0.0148641$ & $-0.0173341$ & $0.0150953$ & $0.0121617$ & $0.00380337$ & $-0.0222956$ & $0.00273625$ & $0.0021765$ & $0.0245394$ & $0.0211782$ & $-0.00141166$ & $0.0108029$ & $0.00322537$ & $0.0193174$ & $0.0213468$ & $0.0201051$ & $0.00901701$ & $0.00512955$ & $0.00913023$ & $0.0025053$ & $-0.0163191$ & $-0.00326609$ & $0.0399508$ & $-0.0579702$ & $-0.0126601$ & $0.304521$ & $-0.0195516$ & $-0.0216575$ & $-0.00968851$ & $-0.041992$ & $0.0110785$ & $0.074213$ & $-0.00512416$ & $-0.0268274$ & $-0.0254002$ & $0.00351103$ & $-0.0424798$ & $-0.0234639$ & $-0.0432328$ & $0.0225308$ & $0.0656725$ & $1$ & $-0.028846$ & $-0.00730604$ \\
eHbbint & $0.0426692$ & $-0.00210058$ & $-0.0820682$ & $0.0451494$ & $0.00184336$ & $0.00698846$ & $-0.0368378$ & $-0.0140897$ & $-0.0118594$ & $-0.00787201$ & $-0.0138208$ & $0.0327969$ & $0.0421105$ & $0.0425932$ & $-0.025403$ & $-0.0017381$ & $0.0549786$ & $0.0672042$ & $0.0483359$ & $0.0118962$ & $0.013082$ & $0.0112083$ & $0.0344494$ & $0.049117$ & $0.0523802$ & $-0.0323605$ & $0.011912$ & $0.0349924$ & $-0.000875265$ & $0.0328601$ & $0.0137361$ & $-0.0338554$ & $0.157033$ & $0.011806$ & $-0.0538492$ & $-0.00715423$ & $-0.065004$ & $-0.0206914$ & $0.00790152$ & $0.0638777$ & $-0.00354736$ & $-0.0227769$ & $-0.0109364$ & $-0.0654078$ & $-0.0390082$ & $0.0227134$ & $-0.028846$ & $1$ & $0.0669325$ \\
eHbbpar & $-0.0532159$ & $-0.0182854$ & $-0.0252177$ & $0.0208002$ & $0.0301978$ & $-0.00871792$ & $0.0337898$ & $0.0480758$ & $0.0502564$ & $-0.0061284$ & $-0.04325$ & $-0.0159575$ & $-0.00598137$ & $0.00584904$ & $-0.00348859$ & $-0.00909038$ & $0.00155591$ & $-0.000386756$ & $-0.00491091$ & $0.0423942$ & $0.0447878$ & $0.047279$ & $0.00612052$ & $-0.0257751$ & $0.00287582$ & $-0.0426569$ & $0.0461356$ & $-0.00420539$ & $-0.0171325$ & $-0.0244998$ & $0.0228275$ & $0.0268884$ & $0.291577$ & $0.0545242$ & $-0.0916907$ & $-0.0109399$ & $-0.0105398$ & $-0.016161$ & $0.0119122$ & $0.0474892$ & $0.0641476$ & $0.0210179$ & $-0.0276182$ & $-0.0235363$ & $-0.0223318$ & $0.0670886$ & $-0.00730604$ & $0.0669325$ & $1$ \\
