 & AlsMz & dAle5Mz & mtop & mHl & Mz & CW & CHG & CHWB & CHWHB_gaga & CHWHB_gagaorth & CHD & CHbox & CH & CHL1_11 & CHL1_22 & CHL1_33 & CHL3_11 & CHL3_22 & CHL3_33 & CHe_11 & CHe_22 & CHe_33 & CHQ1_11 & CHQ1_33 & CHQ3_11 & CHu_11 & CHd_11 & CHd_33 & CeH_22r & CeH_33r & CuH_22r & CuH_33r & CdH_33r & CLL_1221 & eHggint & eHggpar & eHWWint & eHWWpar & eHZZint & eHZZpar & eHZgaint & eHZgapar & eHgagaint & eHmumuint & eHtautauint & eHccint & eHccpar & eHbbint & eHbbpar \\
AlsMz & $1$ & $0.0185049$ & $0.0160027$ & $0.0239165$ & $-0.00332766$ & $-0.000676413$ & $0.0106766$ & $-0.015762$ & $-0.0158987$ & $-0.00433563$ & $0.00374947$ & $-0.00534322$ & $-0.000538531$ & $0.00406182$ & $0.00444604$ & $0.00523351$ & $-0.000515751$ & $0.00324009$ & $-0.000310426$ & $-0.0114765$ & $-0.01481$ & $-0.016294$ & $-0.0134481$ & $-0.0482032$ & $-0.127211$ & $-0.0322291$ & $-0.0524275$ & $0.00409596$ & $0.0115197$ & $0.0365599$ & $0.0362503$ & $0.00857988$ & $-0.00516744$ & $-0.0183292$ & $0.0389477$ & $-0.067543$ & $-0.081056$ & $-0.0117272$ & $0.0617654$ & $-0.0120499$ & $0.0256665$ & $-0.00197799$ & $0.0158464$ & $-0.0268348$ & $0.142138$ & $0.0924409$ & $0.0450989$ & $0.016135$ & $-0.0533915$ \\
dAle5Mz & $0.0185049$ & $1$ & $0.028071$ & $-0.0476315$ & $0.000614295$ & $0.0179716$ & $0.00456502$ & $-0.0812683$ & $-0.0840746$ & $0.0331758$ & $0.0672779$ & $0.0327443$ & $-0.0131351$ & $-0.0259196$ & $-0.0391033$ & $-0.0239621$ & $0.0134625$ & $0.0239221$ & $0.0148064$ & $-0.046145$ & $-0.0403611$ & $-0.0398828$ & $-0.002197$ & $0.0213587$ & $0.0314869$ & $0.035501$ & $0.0221522$ & $-0.0102937$ & $0.000305465$ & $0.00283923$ & $-0.029375$ & $0.00444713$ & $0.0237917$ & $0.0295006$ & $0.00580711$ & $-0.037598$ & $0.0314163$ & $0.00468411$ & $-0.0739385$ & $0.00174542$ & $-0.0249026$ & $0.000718931$ & $-0.0733841$ & $0.0222614$ & $0.0559182$ & $0.0191321$ & $-0.0781834$ & $-0.0921676$ & $0.0794611$ \\
mtop & $0.0160027$ & $0.028071$ & $1$ & $0.0562565$ & $0.00142241$ & $0.000568661$ & $0.0153365$ & $-0.00608019$ & $-0.0133807$ & $0.00305893$ & $0.00858684$ & $0.0067845$ & $-0.000396247$ & $0.00582418$ & $0.014218$ & $0.0172542$ & $0.0064094$ & $7.38836e-05$ & $-0.00228656$ & $0.00224623$ & $-0.00248881$ & $-0.00327308$ & $-0.00156979$ & $0.0102405$ & $-0.0110032$ & $-0.00826207$ & $-0.0318853$ & $-0.0061503$ & $0.00883981$ & $-0.011214$ & $0.0262354$ & $0.016973$ & $-0.0468574$ & $-0.0136841$ & $-0.021715$ & $0.0592383$ & $0.0905487$ & $0.00231203$ & $0.0931873$ & $0.0158179$ & $-0.00350449$ & $0.025795$ & $-0.0874901$ & $-0.0442721$ & $-0.0790638$ & $0.00215208$ & $0.0633939$ & $0.0290426$ & $-0.0826887$ \\
mHl & $0.0239165$ & $-0.0476315$ & $0.0562565$ & $1$ & $0.01635$ & $-0.000513501$ & $0.0056055$ & $0.00551015$ & $0.00850007$ & $-0.00427391$ & $-0.000415463$ & $0.0098839$ & $-0.0100147$ & $-0.00491934$ & $-0.00875021$ & $-0.0131765$ & $-0.00616324$ & $-0.00191267$ & $0.00098726$ & $-0.00136687$ & $0.000810405$ & $0.000315908$ & $0.00466894$ & $-0.00842614$ & $-0.0102947$ & $-0.0105236$ & $0.00309835$ & $-0.00322532$ & $-0.00474361$ & $-0.0139072$ & $-0.0201774$ & $0.00694855$ & $-0.0133003$ & $0.00925053$ & $0.0396654$ & $0.0801235$ & $0.0260191$ & $-0.0142874$ & $0.039186$ & $0.0114022$ & $0.0959745$ & $-0.00271571$ & $0.0766885$ & $0.0549294$ & $0.0253252$ & $0.0527856$ & $-0.0317137$ & $0.0514984$ & $-0.00232705$ \\
Mz & $-0.00332766$ & $0.000614295$ & $0.00142241$ & $0.01635$ & $1$ & $0.00350625$ & $0.0057155$ & $0.00128329$ & $-1.18251e-06$ & $-0.00588676$ & $0.00778161$ & $-0.00718816$ & $-0.000903943$ & $0.00224898$ & $0.00890285$ & $0.00253556$ & $0.000441609$ & $-0.0072631$ & $-0.000719293$ & $9.81084e-05$ & $0.00200974$ & $0.00355008$ & $-0.00981274$ & $6.14394e-05$ & $-0.00369374$ & $0.00755402$ & $-0.00158842$ & $0.00518873$ & $0.00509688$ & $-0.000127413$ & $-0.00509492$ & $0.00323508$ & $-0.00315757$ & $-0.00704865$ & $-0.00439681$ & $0.00363028$ & $0.0123088$ & $0.0107172$ & $0.00538011$ & $-0.0141558$ & $0.00769152$ & $-0.00789961$ & $-0.0101698$ & $-0.00248498$ & $-0.00737964$ & $0.00716478$ & $-0.0123317$ & $-7.59689e-05$ & $-0.00179029$ \\
CW & $-0.000676413$ & $0.0179716$ & $0.000568661$ & $-0.000513501$ & $0.00350625$ & $1$ & $-0.00223829$ & $-0.115074$ & $-0.111442$ & $0.00772976$ & $0.176908$ & $0.0370638$ & $0.00859592$ & $0.0171597$ & $-0.0662078$ & $-0.076905$ & $-0.263539$ & $-0.0644356$ & $-0.0564374$ & $-0.174609$ & $-0.179566$ & $-0.178231$ & $-0.0117631$ & $-0.00764374$ & $-0.0965581$ & $0.10036$ & $-0.0802562$ & $-0.0609625$ & $-0.00846797$ & $0.00065771$ & $0.00660067$ & $0.00106491$ & $-0.000672414$ & $-0.123893$ & $-3.62167e-05$ & $0.00587899$ & $0.0101777$ & $0.00283742$ & $0.00404484$ & $-0.00172565$ & $0.00672255$ & $-0.000218214$ & $0.0032155$ & $-0.00823753$ & $-0.000693672$ & $0.00813221$ & $0.010321$ & $0.00214698$ & $0.00325048$ \\
CHG & $0.0106766$ & $0.00456502$ & $0.0153365$ & $0.0056055$ & $0.0057155$ & $-0.00223829$ & $1$ & $-0.108187$ & $-0.0595559$ & $0.0849635$ & $0.0561281$ & $0.178815$ & $-0.320271$ & $0.0675942$ & $-0.0177467$ & $-0.0165896$ & $0.102861$ & $0.109818$ & $0.109767$ & $-0.0535864$ & $-0.0597508$ & $-0.0595408$ & $-0.0168304$ & $0.113754$ & $0.104714$ & $0.0393303$ & $-0.0500485$ & $-0.0272403$ & $0.00962514$ & $-0.146127$ & $-0.0747151$ & $0.92773$ & $-0.162246$ & $-0.0710423$ & $-0.0374539$ & $-0.00923841$ & $0.0393925$ & $0.000793918$ & $0.00691876$ & $0.0120871$ & $-0.0029419$ & $-0.0045392$ & $-0.00292733$ & $0.00357361$ & $0.00436705$ & $-0.0131608$ & $-0.00232566$ & $-0.00195172$ & $0.00460068$ \\
CHWB & $-0.015762$ & $-0.0812683$ & $-0.00608019$ & $0.00551015$ & $0.00128329$ & $-0.115074$ & $-0.108187$ & $1$ & $0.983541$ & $-0.559522$ & $-0.87826$ & $-0.409076$ & $0.338105$ & $0.101778$ & $0.293707$ & $0.286664$ & $-0.236594$ & $-0.426598$ & $-0.425523$ & $0.849626$ & $0.895144$ & $0.878563$ & $0.0774787$ & $-0.672397$ & $-0.385491$ & $-0.513751$ & $0.431495$ & $0.3054$ & $0.0209901$ & $0.102965$ & $0.0390161$ & $-0.100324$ & $0.108234$ & $0.566407$ & $-0.00163757$ & $0.0271649$ & $-0.0120916$ & $0.00494479$ & $0.0052791$ & $-0.00190206$ & $0.0242739$ & $0.00408393$ & $-0.0136502$ & $0.00771119$ & $0.000798$ & $0.00422943$ & $-0.0212425$ & $0.0206371$ & $-0.00466106$ \\
CHWHB_gaga & $-0.0158987$ & $-0.0840746$ & $-0.0133807$ & $0.00850007$ & $-1.18251e-06$ & $-0.111442$ & $-0.0595559$ & $0.983541$ & $1$ & $-0.549476$ & $-0.861862$ & $-0.386916$ & $0.33223$ & $0.096473$ & $0.291007$ & $0.283416$ & $-0.237778$ & $-0.424562$ & $-0.422931$ & $0.83408$ & $0.878041$ & $0.861783$ & $0.075017$ & $-0.663118$ & $-0.383438$ & $-0.503177$ & $0.42217$ & $0.299778$ & $0.0264044$ & $0.127397$ & $0.048774$ & $-0.0616576$ & $0.134587$ & $0.554442$ & $-0.0196557$ & $0.0160131$ & $-0.0290794$ & $0.00146201$ & $0.00402779$ & $-0.000894277$ & $0.02168$ & $0.00526791$ & $0.0572211$ & $0.00928949$ & $0.00772833$ & $0.00595221$ & $-0.0293971$ & $0.0269914$ & $-0.0016016$ \\
CHWHB_gagaorth & $-0.00433563$ & $0.0331758$ & $0.00305893$ & $-0.00427391$ & $-0.00588676$ & $0.00772976$ & $0.0849635$ & $-0.559522$ & $-0.549476$ & $1$ & $0.343314$ & $0.660524$ & $-0.245522$ & $0.231325$ & $-0.119217$ & $-0.124465$ & $0.433019$ & $0.482947$ & $0.486691$ & $-0.33012$ & $-0.358411$ & $-0.354887$ & $-0.0482111$ & $0.546805$ & $0.469326$ & $0.206016$ & $-0.232356$ & $-0.122353$ & $-0.0126767$ & $-0.138963$ & $-0.0662348$ & $0.0993693$ & $-0.142863$ & $-0.345058$ & $0.045139$ & $0.00308188$ & $0.0167918$ & $0.00700052$ & $0.00103793$ & $0.00602327$ & $-0.0515649$ & $-0.00792602$ & $0.00433961$ & $0.00512642$ & $0.000483106$ & $-0.0214905$ & $0.00728513$ & $-0.0100054$ & $-0.000914639$ \\
CHD & $0.00374947$ & $0.0672779$ & $0.00858684$ & $-0.000415463$ & $0.00778161$ & $0.176908$ & $0.0561281$ & $-0.87826$ & $-0.861862$ & $0.343314$ & $1$ & $0.334565$ & $-0.164282$ & $-0.518022$ & $-0.415459$ & $-0.407065$ & $-0.222296$ & $0.0551197$ & $0.0568387$ & $-0.990405$ & $-0.99104$ & $-0.970334$ & $-0.0245667$ & $0.305925$ & $0.00276524$ & $0.571332$ & $-0.304581$ & $-0.339841$ & $-0.0135024$ & $-0.0563812$ & $-0.0241361$ & $0.0615992$ & $-0.0577436$ & $-0.372383$ & $0.0155709$ & $-0.00984995$ & $0.0079794$ & $-0.00630049$ & $-0.00723621$ & $0.00154588$ & $-0.00534099$ & $-0.00867573$ & $0.00406797$ & $-0.0128037$ & $-0.00109982$ & $0.000390774$ & $0.0129298$ & $-0.0139725$ & $0.00851118$ \\
CHbox & $-0.00534322$ & $0.0327443$ & $0.0067845$ & $0.0098839$ & $-0.00718816$ & $0.0370638$ & $0.178815$ & $-0.409076$ & $-0.386916$ & $0.660524$ & $0.334565$ & $1$ & $-0.558434$ & $-0.00083644$ & $-0.0790957$ & $-0.0819716$ & $0.138716$ & $0.194077$ & $0.19697$ & $-0.315488$ & $-0.347087$ & $-0.340554$ & $-0.0420849$ & $0.308491$ & $0.186614$ & $0.202317$ & $-0.202208$ & $-0.121577$ & $-0.0140422$ & $-0.00593369$ & $-0.0396307$ & $0.2175$ & $-0.00649066$ & $-0.266161$ & $0.0651849$ & $0.0247839$ & $0.0110452$ & $0.0127224$ & $0.00469642$ & $0.00396308$ & $-0.0357067$ & $-0.00430881$ & $-0.00677589$ & $-0.00456902$ & $0.00520026$ & $-0.0133428$ & $0.00254478$ & $-0.00652713$ & $0.00817615$ \\
CH & $-0.000538531$ & $-0.0131351$ & $-0.000396247$ & $-0.0100147$ & $-0.000903943$ & $0.00859592$ & $-0.320271$ & $0.338105$ & $0.33223$ & $-0.245522$ & $-0.164282$ & $-0.558434$ & $1$ & $-0.233914$ & $0.0714163$ & $0.0714163$ & $-0.346902$ & $-0.371624$ & $-0.370792$ & $0.160516$ & $0.174681$ & $0.17508$ & $0.0366326$ & $-0.382325$ & $-0.3593$ & $-0.104856$ & $0.13163$ & $0.0547884$ & $0.0549562$ & $0.280669$ & $0.117016$ & $-0.2603$ & $0.316922$ & $0.208567$ & $0.0411798$ & $0.024988$ & $-0.0107324$ & $-0.00437145$ & $-0.0146458$ & $0.000899996$ & $0.0144978$ & $-0.0102128$ & $-0.00244261$ & $0.00492317$ & $0.00274626$ & $0.00643552$ & $-0.00925612$ & $-0.00262672$ & $-0.00850415$ \\
CHL1_11 & $0.00406182$ & $-0.0259196$ & $0.00582418$ & $-0.00491934$ & $0.00224898$ & $0.0171597$ & $0.0675942$ & $0.101778$ & $0.096473$ & $0.231325$ & $-0.518022$ & $-0.00083644$ & $-0.233914$ & $1$ & $0.266368$ & $0.262651$ & $0.666423$ & $0.605189$ & $0.598967$ & $0.535414$ & $0.479347$ & $0.464213$ & $-0.0703961$ & $0.465882$ & $0.604289$ & $-0.278949$ & $-0.0840925$ & $0.168715$ & $-0.00791682$ & $-0.0617022$ & $-0.0177274$ & $0.0436228$ & $-0.065189$ & $-0.20228$ & $-0.0279063$ & $-0.0235381$ & $0.0101613$ & $0.00636851$ & $0.00710395$ & $-0.00329936$ & $-0.0257521$ & $0.0130713$ & $0.0149335$ & $0.010901$ & $-0.00639329$ & $-0.00657958$ & $0.00596955$ & $0.00043466$ & $-0.00809906$ \\
CHL1_22 & $0.00444604$ & $-0.0391033$ & $0.014218$ & $-0.00875021$ & $0.00890285$ & $-0.0662078$ & $-0.0177467$ & $0.293707$ & $0.291007$ & $-0.119217$ & $-0.415459$ & $-0.0790957$ & $0.0714163$ & $0.266368$ & $1$ & $0.445138$ & $0.165898$ & $-0.442719$ & $-0.0317325$ & $0.480607$ & $0.331364$ & $0.323714$ & $-0.172601$ & $0.108629$ & $-0.131103$ & $-0.198682$ & $-0.392729$ & $0.107741$ & $0.0100431$ & $0.0283252$ & $0.0218375$ & $-0.0169457$ & $0.0211155$ & $-0.591315$ & $0.00203519$ & $-0.00619636$ & $0.0131886$ & $0.00498905$ & $0.00840334$ & $-0.0037911$ & $-0.0253144$ & $0.00958742$ & $0.0139433$ & $0.00802724$ & $-0.000209241$ & $0.0110593$ & $-0.00245719$ & $-0.000440184$ & $-0.0137531$ \\
CHL1_33 & $0.00523351$ & $-0.0239621$ & $0.0172542$ & $-0.0131765$ & $0.00253556$ & $-0.076905$ & $-0.0165896$ & $0.286664$ & $0.283416$ & $-0.124465$ & $-0.407065$ & $-0.0819716$ & $0.0714163$ & $0.262651$ & $0.445138$ & $1$ & $0.161909$ & $-0.0247008$ & $-0.434654$ & $0.471685$ & $0.325725$ & $0.344393$ & $-0.165504$ & $0.109497$ & $-0.127408$ & $-0.192793$ & $-0.385933$ & $0.111738$ & $0.0106727$ & $0.0309047$ & $0.0238433$ & $-0.0147881$ & $0.0187912$ & $-0.103969$ & $0.0024123$ & $-0.00250233$ & $-0.00962769$ & $0.00667082$ & $0.0121721$ & $-0.0122534$ & $-0.0240029$ & $0.000866362$ & $0.0103222$ & $0.00869722$ & $-0.00474823$ & $0.00644884$ & $0.0071577$ & $-0.00317956$ & $-0.0305398$ \\
CHL3_11 & $-0.000515751$ & $0.0134625$ & $0.0064094$ & $-0.00616324$ & $0.000441609$ & $-0.263539$ & $0.102861$ & $-0.236594$ & $-0.237778$ & $0.433019$ & $-0.222296$ & $0.138716$ & $-0.346902$ & $0.666423$ & $0.165898$ & $0.161909$ & $1$ & $0.740384$ & $0.738084$ & $0.245061$ & $0.190149$ & $0.182101$ & $-0.0681022$ & $0.680252$ & $0.780796$ & $-0.111302$ & $-0.148966$ & $0.0668396$ & $-0.0172225$ & $-0.0972116$ & $-0.0336159$ & $0.0745495$ & $-0.104592$ & $-0.248267$ & $-0.0314865$ & $-0.0271029$ & $0.00649583$ & $0.00224423$ & $0.00383471$ & $0.00506884$ & $-0.0350089$ & $0.00589233$ & $0.0117125$ & $0.00866406$ & $-0.00264408$ & $-0.0182179$ & $0.0201203$ & $-0.0132925$ & $-0.00698442$ \\
CHL3_22 & $0.00324009$ & $0.0239221$ & $7.38836e-05$ & $-0.00191267$ & $-0.0072631$ & $-0.0644356$ & $0.109818$ & $-0.426598$ & $-0.424562$ & $0.482947$ & $0.0551197$ & $0.194077$ & $-0.371624$ & $0.605189$ & $-0.442719$ & $-0.0247008$ & $0.740384$ & $1$ & $0.679128$ & $-0.0575814$ & $-0.0495012$ & $-0.049676$ & $0.00869546$ & $0.621759$ & $0.795646$ & $0.0291162$ & $0.00160278$ & $-0.0103216$ & $-0.0207717$ & $-0.106633$ & $-0.0413741$ & $0.0848517$ & $-0.110519$ & $0.0347115$ & $-0.0272279$ & $-0.0257231$ & $-0.000540972$ & $-0.000406371$ & $0.000935377$ & $0.00188491$ & $-0.0188183$ & $0.00237787$ & $0.00896391$ & $0.00361788$ & $-0.00498223$ & $-0.0186559$ & $0.0208403$ & $-0.00994029$ & $-0.00233923$ \\
CHL3_33 & $-0.000310426$ & $0.0148064$ & $-0.00228656$ & $0.00098726$ & $-0.000719293$ & $-0.0564374$ & $0.109767$ & $-0.425523$ & $-0.422931$ & $0.486691$ & $0.0568387$ & $0.19697$ & $-0.370792$ & $0.598967$ & $-0.0317325$ & $-0.434654$ & $0.738084$ & $0.679128$ & $1$ & $-0.0598556$ & $-0.0506417$ & $-0.0502382$ & $0.00923938$ & $0.617224$ & $0.795289$ & $0.0276021$ & $0.00662524$ & $-0.0133249$ & $-0.0213726$ & $-0.106959$ & $-0.0429097$ & $0.0840652$ & $-0.107779$ & $-0.333128$ & $-0.0284067$ & $-0.0249826$ & $0.0163231$ & $-0.00149895$ & $-0.00289437$ & $0.00989749$ & $-0.0204143$ & $0.00963294$ & $0.0122232$ & $0.00302136$ & $-0.000516602$ & $-0.0127174$ & $0.0124572$ & $-0.00858049$ & $0.0115852$ \\
CHe_11 & $-0.0114765$ & $-0.046145$ & $0.00224623$ & $-0.00136687$ & $9.81084e-05$ & $-0.174609$ & $-0.0535864$ & $0.849626$ & $0.83408$ & $-0.33012$ & $-0.990405$ & $-0.315488$ & $0.160516$ & $0.535414$ & $0.480607$ & $0.471685$ & $0.245061$ & $-0.0575814$ & $-0.0598556$ & $1$ & $0.972808$ & $0.953063$ & $-0.00018021$ & $-0.252133$ & $0.00374302$ & $-0.561877$ & $0.230615$ & $0.332913$ & $0.0141842$ & $0.0566866$ & $0.0249702$ & $-0.0579255$ & $0.0566392$ & $0.294371$ & $-0.0143486$ & $0.00840185$ & $-0.00544973$ & $0.00652714$ & $0.00675403$ & $-0.00241503$ & $0.0013159$ & $0.00973629$ & $-0.00255812$ & $0.0133914$ & $-3.36401e-05$ & $0.00044222$ & $-0.0129888$ & $0.0103015$ & $-0.00940352$ \\
CHe_22 & $-0.01481$ & $-0.0403611$ & $-0.00248881$ & $0.000810405$ & $0.00200974$ & $-0.179566$ & $-0.0597508$ & $0.895144$ & $0.878041$ & $-0.358411$ & $-0.99104$ & $-0.347087$ & $0.174681$ & $0.479347$ & $0.331364$ & $0.325725$ & $0.190149$ & $-0.0495012$ & $-0.0506417$ & $0.972808$ & $1$ & $0.975427$ & $0.0532146$ & $-0.360483$ & $-0.00621826$ & $-0.573281$ & $0.385973$ & $0.342185$ & $0.0133931$ & $0.0575382$ & $0.0220409$ & $-0.0650509$ & $0.0610653$ & $0.458581$ & $-0.0165426$ & $0.0125841$ & $-0.00668646$ & $0.0062958$ & $0.00430302$ & $6.83579e-05$ & $0.00893186$ & $0.00815709$ & $-0.00956817$ & $0.0124851$ & $0.00100502$ & $-0.00186752$ & $-0.0163098$ & $0.0129299$ & $-0.00421473$ \\
CHe_33 & $-0.016294$ & $-0.0398828$ & $-0.00327308$ & $0.000315908$ & $0.00355008$ & $-0.178231$ & $-0.0595408$ & $0.878563$ & $0.861783$ & $-0.354887$ & $-0.970334$ & $-0.340554$ & $0.17508$ & $0.464213$ & $0.323714$ & $0.344393$ & $0.182101$ & $-0.049676$ & $-0.0502382$ & $0.953063$ & $0.975427$ & $1$ & $0.053425$ & $-0.355965$ & $-0.00863463$ & $-0.561243$ & $0.378157$ & $0.334945$ & $0.0127365$ & $0.0607611$ & $0.0222785$ & $-0.0638461$ & $0.0630474$ & $0.453868$ & $-0.0161239$ & $0.0173608$ & $-0.0081419$ & $0.00576046$ & $0.00430273$ & $-0.0013652$ & $0.00769949$ & $0.00908522$ & $-0.00808435$ & $0.0116431$ & $0.00228031$ & $0.00102492$ & $-0.0160896$ & $0.0108177$ & $-0.00286065$ \\
CHQ1_11 & $-0.0134481$ & $-0.002197$ & $-0.00156979$ & $0.00466894$ & $-0.00981274$ & $-0.0117631$ & $-0.0168304$ & $0.0774787$ & $0.075017$ & $-0.0482111$ & $-0.0245667$ & $-0.0420849$ & $0.0366326$ & $-0.0703961$ & $-0.172601$ & $-0.165504$ & $-0.0681022$ & $0.00869546$ & $0.00923938$ & $-0.00018021$ & $0.0532146$ & $0.053425$ & $1$ & $-0.143047$ & $0.0824315$ & $-0.678457$ & $0.349362$ & $0.026135$ & $-0.00205621$ & $0.00794085$ & $-0.0127197$ & $-0.0154616$ & $0.0129564$ & $0.208792$ & $-6.85206e-06$ & $0.0147806$ & $0.00989217$ & $-0.00472615$ & $0.00220455$ & $0.00539337$ & $0.0234052$ & $-0.00590322$ & $-0.00753075$ & $0.0149882$ & $0.00468244$ & $-0.0010624$ & $-0.02666$ & $0.0158994$ & $0.0170501$ \\
CHQ1_33 & $-0.0482032$ & $0.0213587$ & $0.0102405$ & $-0.00842614$ & $6.14394e-05$ & $-0.00764374$ & $0.113754$ & $-0.672397$ & $-0.663118$ & $0.546805$ & $0.305925$ & $0.308491$ & $-0.382325$ & $0.465882$ & $0.108629$ & $0.109497$ & $0.680252$ & $0.621759$ & $0.617224$ & $-0.252133$ & $-0.360483$ & $-0.355965$ & $-0.143047$ & $1$ & $0.638111$ & $0.205831$ & $-0.422647$ & $-0.026096$ & $-0.0201756$ & $-0.111882$ & $-0.0366981$ & $0.0946226$ & $-0.11432$ & $-0.629781$ & $-0.022985$ & $-0.0310312$ & $0.0131194$ & $-0.00198529$ & $-0.000519828$ & $0.000334556$ & $-0.0382407$ & $0.00523217$ & $0.0256725$ & $0.00212793$ & $-0.0161001$ & $-0.0141336$ & $0.0264574$ & $-0.0182108$ & $-0.000457683$ \\
CHQ3_11 & $-0.127211$ & $0.0314869$ & $-0.0110032$ & $-0.0102947$ & $-0.00369374$ & $-0.0965581$ & $0.104714$ & $-0.385491$ & $-0.383438$ & $0.469326$ & $0.00276524$ & $0.186614$ & $-0.3593$ & $0.604289$ & $-0.131103$ & $-0.127408$ & $0.780796$ & $0.795646$ & $0.795289$ & $0.00374302$ & $-0.00621826$ & $-0.00863463$ & $0.0824315$ & $0.638111$ & $1$ & $0.0080272$ & $0.216912$ & $0.000645341$ & $-0.0285112$ & $-0.109787$ & $-0.0495467$ & $0.0790763$ & $-0.0994772$ & $-0.186514$ & $-0.0368729$ & $-0.0139626$ & $0.0164294$ & $-0.00333441$ & $-0.0146016$ & $0.0101778$ & $-0.0164738$ & $0.010419$ & $0.0077904$ & $0.00423622$ & $-0.0145912$ & $-0.0266599$ & $0.0019759$ & $4.97316e-06$ & $0.0175532$ \\
CHu_11 & $-0.0322291$ & $0.035501$ & $-0.00826207$ & $-0.0105236$ & $0.00755402$ & $0.10036$ & $0.0393303$ & $-0.513751$ & $-0.503177$ & $0.206016$ & $0.571332$ & $0.202317$ & $-0.104856$ & $-0.278949$ & $-0.198682$ & $-0.192793$ & $-0.111302$ & $0.0291162$ & $0.0276021$ & $-0.561877$ & $-0.573281$ & $-0.561243$ & $-0.678457$ & $0.205831$ & $0.0080272$ & $1$ & $-0.185834$ & $-0.205529$ & $-0.00950669$ & $-0.033318$ & $-0.0125583$ & $0.0419856$ & $-0.0284774$ & $-0.255084$ & $-0.00118382$ & $-0.0063934$ & $-0.00348886$ & $-0.000947487$ & $-0.0183891$ & $0.000637164$ & $-0.0119099$ & $0.000791691$ & $0.00877612$ & $-0.0174533$ & $-0.00429803$ & $-0.00153896$ & $0.0127682$ & $-0.00479866$ & $0.00466425$ \\
CHd_11 & $-0.0524275$ & $0.0221522$ & $-0.0318853$ & $0.00309835$ & $-0.00158842$ & $-0.0802562$ & $-0.0500485$ & $0.431495$ & $0.42217$ & $-0.232356$ & $-0.304581$ & $-0.202208$ & $0.13163$ & $-0.0840925$ & $-0.392729$ & $-0.385933$ & $-0.148966$ & $0.00160278$ & $0.00662524$ & $0.230615$ & $0.385973$ & $0.378157$ & $0.349362$ & $-0.422647$ & $0.216912$ & $-0.185834$ & $1$ & $0.120182$ & $-0.00642959$ & $0.0319486$ & $-0.00751982$ & $-0.0503585$ & $0.0573253$ & $0.688755$ & $-0.0183957$ & $0.0276954$ & $-0.010495$ & $-0.0077653$ & $-0.0197239$ & $0.0122865$ & $0.0457339$ & $0.00503628$ & $-0.0224852$ & $-0.00233085$ & $0.00756275$ & $-0.00785091$ & $-0.0308686$ & $0.0277794$ & $0.0333684$ \\
CHd_33 & $0.00409596$ & $-0.0102937$ & $-0.0061503$ & $-0.00322532$ & $0.00518873$ & $-0.0609625$ & $-0.0272403$ & $0.3054$ & $0.299778$ & $-0.122353$ & $-0.339841$ & $-0.121577$ & $0.0547884$ & $0.168715$ & $0.107741$ & $0.111738$ & $0.0668396$ & $-0.0103216$ & $-0.0133249$ & $0.332913$ & $0.342185$ & $0.334945$ & $0.026135$ & $-0.026096$ & $0.000645341$ & $-0.205529$ & $0.120182$ & $1$ & $0.00408065$ & $0.0159604$ & $0.0113644$ & $-0.0296666$ & $0.0289945$ & $0.160468$ & $-0.00637367$ & $-0.01265$ & $-0.00742491$ & $0.00943868$ & $-0.00556737$ & $-0.00533231$ & $0.00923058$ & $-0.00341048$ & $0.0136338$ & $0.00756212$ & $0.00967845$ & $-0.00902072$ & $-0.011126$ & $0.00801497$ & $0.0178413$ \\
CeH_22r & $0.0115197$ & $0.000305465$ & $0.00883981$ & $-0.00474361$ & $0.00509688$ & $-0.00846797$ & $0.00962514$ & $0.0209901$ & $0.0264044$ & $-0.0126767$ & $-0.0135024$ & $-0.0140422$ & $0.0549562$ & $-0.00791682$ & $0.0100431$ & $0.0106727$ & $-0.0172225$ & $-0.0207717$ & $-0.0213726$ & $0.0141842$ & $0.0133931$ & $0.0127365$ & $-0.00205621$ & $-0.0201756$ & $-0.0285112$ & $-0.00950669$ & $-0.00642959$ & $0.00408065$ & $1$ & $0.0385695$ & $0.0241403$ & $-0.00810247$ & $0.0360291$ & $0.0074837$ & $-0.028753$ & $-0.0228159$ & $-0.0118138$ & $-4.33373e-05$ & $-0.00676773$ & $0.0109838$ & $-0.00566601$ & $-0.0125571$ & $-0.0116346$ & $0.00821817$ & $-0.0179833$ & $-0.000132739$ & $0.00499875$ & $-0.0048471$ & $-0.00939236$ \\
CeH_33r & $0.0365599$ & $0.00283923$ & $-0.011214$ & $-0.0139072$ & $-0.000127413$ & $0.00065771$ & $-0.146127$ & $0.102965$ & $0.127397$ & $-0.138963$ & $-0.0563812$ & $-0.00593369$ & $0.280669$ & $-0.0617022$ & $0.0283252$ & $0.0309047$ & $-0.0972116$ & $-0.106633$ & $-0.106959$ & $0.0566866$ & $0.0575382$ & $0.0607611$ & $0.00794085$ & $-0.111882$ & $-0.109787$ & $-0.033318$ & $0.0319486$ & $0.0159604$ & $0.0385695$ & $1$ & $0.320451$ & $0.00970458$ & $0.650989$ & $0.0576502$ & $-0.0704282$ & $-0.0123522$ & $-0.178805$ & $-0.0321681$ & $-0.0212163$ & $-0.00587724$ & $0.00295737$ & $-1.29633e-05$ & $0.0340267$ & $-0.0182322$ & $0.0946562$ & $0.016275$ & $0.0109558$ & $0.00321149$ & $0.0112606$ \\
CuH_22r & $0.0362503$ & $-0.029375$ & $0.0262354$ & $-0.0201774$ & $-0.00509492$ & $0.00660067$ & $-0.0747151$ & $0.0390161$ & $0.048774$ & $-0.0662348$ & $-0.0241361$ & $-0.0396307$ & $0.117016$ & $-0.0177274$ & $0.0218375$ & $0.0238433$ & $-0.0336159$ & $-0.0413741$ & $-0.0429097$ & $0.0249702$ & $0.0220409$ & $0.0222785$ & $-0.0127197$ & $-0.0366981$ & $-0.0495467$ & $-0.0125583$ & $-0.00751982$ & $0.0113644$ & $0.0241403$ & $0.320451$ & $1$ & $0.0197848$ & $0.322433$ & $0.0105089$ & $-0.0394227$ & $0.0106277$ & $-0.109222$ & $-0.0143686$ & $0.0185229$ & $-0.00784575$ & $-0.0105061$ & $0.00346589$ & $-0.0325183$ & $-0.0402429$ & $0.0230404$ & $0.0785409$ & $0.377821$ & $-0.0484476$ & $-0.03547$ \\
CuH_33r & $0.00857988$ & $0.00444713$ & $0.016973$ & $0.00694855$ & $0.00323508$ & $0.00106491$ & $0.92773$ & $-0.100324$ & $-0.0616576$ & $0.0993693$ & $0.0615992$ & $0.2175$ & $-0.2603$ & $0.0436228$ & $-0.0169457$ & $-0.0147881$ & $0.0745495$ & $0.0848517$ & $0.0840652$ & $-0.0579255$ & $-0.0650509$ & $-0.0638461$ & $-0.0154616$ & $0.0946226$ & $0.0790763$ & $0.0419856$ & $-0.0503585$ & $-0.0296666$ & $-0.00810247$ & $0.00970458$ & $0.0197848$ & $1$ & $0.019286$ & $-0.0665805$ & $0.0523799$ & $0.0317289$ & $0.00329933$ & $0.0007651$ & $0.0104974$ & $0.0109855$ & $0.00171703$ & $-0.00859991$ & $0.00341938$ & $-0.00170745$ & $0.00487523$ & $-0.0154069$ & $0.00313152$ & $-0.00676077$ & $0.00839925$ \\
CdH_33r & $-0.00516744$ & $0.0237917$ & $-0.0468574$ & $-0.0133003$ & $-0.00315757$ & $-0.000672414$ & $-0.162246$ & $0.108234$ & $0.134587$ & $-0.142863$ & $-0.0577436$ & $-0.00649066$ & $0.316922$ & $-0.065189$ & $0.0211155$ & $0.0187912$ & $-0.104592$ & $-0.110519$ & $-0.107779$ & $0.0566392$ & $0.0610653$ & $0.0630474$ & $0.0129564$ & $-0.11432$ & $-0.0994772$ & $-0.0284774$ & $0.0573253$ & $0.0289945$ & $0.0360291$ & $0.650989$ & $0.322433$ & $0.019286$ & $1$ & $0.0680935$ & $-0.0467346$ & $-0.0529558$ & $-0.186251$ & $-0.0323572$ & $-0.11466$ & $-0.00337056$ & $0.0534733$ & $-0.00893153$ & $0.0601133$ & $-0.00988201$ & $0.0756008$ & $-0.0226495$ & $-0.0510355$ & $0.164814$ & $0.474868$ \\
CLL_1221 & $-0.0183292$ & $0.0295006$ & $-0.0136841$ & $0.00925053$ & $-0.00704865$ & $-0.123893$ & $-0.0710423$ & $0.566407$ & $0.554442$ & $-0.345058$ & $-0.372383$ & $-0.266161$ & $0.208567$ & $-0.20228$ & $-0.591315$ & $-0.103969$ & $-0.248267$ & $0.0347115$ & $-0.333128$ & $0.294371$ & $0.458581$ & $0.453868$ & $0.208792$ & $-0.629781$ & $-0.186514$ & $-0.255084$ & $0.688755$ & $0.160468$ & $0.0074837$ & $0.0576502$ & $0.0105089$ & $-0.0665805$ & $0.0680935$ & $1$ & $-0.00369281$ & $0.0259967$ & $-0.0217289$ & $-3.19071e-05$ & $-0.00724583$ & $0.00260297$ & $0.0377181$ & $-0.00629004$ & $-0.0303571$ & $0.00152866$ & $0.00453086$ & $-0.00875358$ & $-0.0167444$ & $0.00941526$ & $0.0109818$ \\
eHggint & $0.0389477$ & $0.00580711$ & $-0.021715$ & $0.0396654$ & $-0.00439681$ & $-3.62167e-05$ & $-0.0374539$ & $-0.00163757$ & $-0.0196557$ & $0.045139$ & $0.0155709$ & $0.0651849$ & $0.0411798$ & $-0.0279063$ & $0.00203519$ & $0.0024123$ & $-0.0314865$ & $-0.0272279$ & $-0.0284067$ & $-0.0143486$ & $-0.0165426$ & $-0.0161239$ & $-6.85206e-06$ & $-0.022985$ & $-0.0368729$ & $-0.00118382$ & $-0.0183957$ & $-0.00637367$ & $-0.028753$ & $-0.0704282$ & $-0.0394227$ & $0.0523799$ & $-0.0467346$ & $-0.00369281$ & $1$ & $-0.0783969$ & $0.0327599$ & $0.0318861$ & $-0.0372295$ & $-0.00950708$ & $0.0848422$ & $-0.0204488$ & $0.0331768$ & $0.0686715$ & $-0.0636022$ & $-0.0657294$ & $-0.0107068$ & $-0.0588978$ & $0.0441296$ \\
eHggpar & $-0.067543$ & $-0.037598$ & $0.0592383$ & $0.0801235$ & $0.00363028$ & $0.00587899$ & $-0.00923841$ & $0.0271649$ & $0.0160131$ & $0.00308188$ & $-0.00984995$ & $0.0247839$ & $0.024988$ & $-0.0235381$ & $-0.00619636$ & $-0.00250233$ & $-0.0271029$ & $-0.0257231$ & $-0.0249826$ & $0.00840185$ & $0.0125841$ & $0.0173608$ & $0.0147806$ & $-0.0310312$ & $-0.0139626$ & $-0.0063934$ & $0.0276954$ & $-0.01265$ & $-0.0228159$ & $-0.0123522$ & $0.0106277$ & $0.0317289$ & $-0.0529558$ & $0.0259967$ & $-0.0783969$ & $1$ & $-0.00643506$ & $-0.00398742$ & $0.050521$ & $0.0204803$ & $-0.0397259$ & $-0.0157132$ & $-0.0103714$ & $-0.153365$ & $0.0851864$ & $0.0975155$ & $0.025864$ & $-0.0199255$ & $-0.0588814$ \\
eHWWint & $-0.081056$ & $0.0314163$ & $0.0905487$ & $0.0260191$ & $0.0123088$ & $0.0101777$ & $0.0393925$ & $-0.0120916$ & $-0.0290794$ & $0.0167918$ & $0.0079794$ & $0.0110452$ & $-0.0107324$ & $0.0101613$ & $0.0131886$ & $-0.00962769$ & $0.00649583$ & $-0.000540972$ & $0.0163231$ & $-0.00544973$ & $-0.00668646$ & $-0.0081419$ & $0.00989217$ & $0.0131194$ & $0.0164294$ & $-0.00348886$ & $-0.010495$ & $-0.00742491$ & $-0.0118138$ & $-0.178805$ & $-0.109222$ & $0.00329933$ & $-0.186251$ & $-0.0217289$ & $0.0327599$ & $-0.00643506$ & $1$ & $0.0228783$ & $-0.0277895$ & $-0.00480858$ & $-0.0396217$ & $-0.00578104$ & $-0.110025$ & $0.0697219$ & $-0.0544753$ & $-0.0130316$ & $-0.0685465$ & $0.00215584$ & $0.0105482$ \\
eHWWpar & $-0.0117272$ & $0.00468411$ & $0.00231203$ & $-0.0142874$ & $0.0107172$ & $0.00283742$ & $0.000793918$ & $0.00494479$ & $0.00146201$ & $0.00700052$ & $-0.00630049$ & $0.0127224$ & $-0.00437145$ & $0.00636851$ & $0.00498905$ & $0.00667082$ & $0.00224423$ & $-0.000406371$ & $-0.00149895$ & $0.00652714$ & $0.0062958$ & $0.00576046$ & $-0.00472615$ & $-0.00198529$ & $-0.00333441$ & $-0.000947487$ & $-0.0077653$ & $0.00943868$ & $-4.33373e-05$ & $-0.0321681$ & $-0.0143686$ & $0.0007651$ & $-0.0323572$ & $-3.19071e-05$ & $0.0318861$ & $-0.00398742$ & $0.0228783$ & $1$ & $-0.0104959$ & $-0.0078964$ & $0.0120014$ & $-0.00533813$ & $-0.0162449$ & $0.00903512$ & $-0.0245954$ & $-0.031835$ & $-0.00548715$ & $-0.00777158$ & $-0.0188489$ \\
eHZZint & $0.0617654$ & $-0.0739385$ & $0.0931873$ & $0.039186$ & $0.00538011$ & $0.00404484$ & $0.00691876$ & $0.0052791$ & $0.00402779$ & $0.00103793$ & $-0.00723621$ & $0.00469642$ & $-0.0146458$ & $0.00710395$ & $0.00840334$ & $0.0121721$ & $0.00383471$ & $0.000935377$ & $-0.00289437$ & $0.00675403$ & $0.00430302$ & $0.00430273$ & $0.00220455$ & $-0.000519828$ & $-0.0146016$ & $-0.0183891$ & $-0.0197239$ & $-0.00556737$ & $-0.00676773$ & $-0.0212163$ & $0.0185229$ & $0.0104974$ & $-0.11466$ & $-0.00724583$ & $-0.0372295$ & $0.050521$ & $-0.0277895$ & $-0.0104959$ & $1$ & $-0.00929755$ & $-0.00452146$ & $0.0115503$ & $0.016676$ & $-0.00964683$ & $-0.047675$ & $-0.00626153$ & $0.070953$ & $-0.0505908$ & $-0.191436$ \\
eHZZpar & $-0.0120499$ & $0.00174542$ & $0.0158179$ & $0.0114022$ & $-0.0141558$ & $-0.00172565$ & $0.0120871$ & $-0.00190206$ & $-0.000894277$ & $0.00602327$ & $0.00154588$ & $0.00396308$ & $0.000899996$ & $-0.00329936$ & $-0.0037911$ & $-0.0122534$ & $0.00506884$ & $0.00188491$ & $0.00989749$ & $-0.00241503$ & $6.83579e-05$ & $-0.0013652$ & $0.00539337$ & $0.000334556$ & $0.0101778$ & $0.000637164$ & $0.0122865$ & $-0.00533231$ & $0.0109838$ & $-0.00587724$ & $-0.00784575$ & $0.0109855$ & $-0.00337056$ & $0.00260297$ & $-0.00950708$ & $0.0204803$ & $-0.00480858$ & $-0.0078964$ & $-0.00929755$ & $1$ & $-0.0014732$ & $-0.00940088$ & $-0.000109017$ & $-0.00359637$ & $0.0203174$ & $0.0125964$ & $0.00166741$ & $-0.00434187$ & $-0.00422859$ \\
eHZgaint & $0.0256665$ & $-0.0249026$ & $-0.00350449$ & $0.0959745$ & $0.00769152$ & $0.00672255$ & $-0.0029419$ & $0.0242739$ & $0.02168$ & $-0.0515649$ & $-0.00534099$ & $-0.0357067$ & $0.0144978$ & $-0.0257521$ & $-0.0253144$ & $-0.0240029$ & $-0.0350089$ & $-0.0188183$ & $-0.0204143$ & $0.0013159$ & $0.00893186$ & $0.00769949$ & $0.0234052$ & $-0.0382407$ & $-0.0164738$ & $-0.0119099$ & $0.0457339$ & $0.00923058$ & $-0.00566601$ & $0.00295737$ & $-0.0105061$ & $0.00171703$ & $0.0534733$ & $0.0377181$ & $0.0848422$ & $-0.0397259$ & $-0.0396217$ & $0.0120014$ & $-0.00452146$ & $-0.0014732$ & $1$ & $-0.00622671$ & $0.0187325$ & $0.00457308$ & $0.031775$ & $0.0231305$ & $0.0114798$ & $-0.0384988$ & $0.130888$ \\
eHZgapar & $-0.00197799$ & $0.000718931$ & $0.025795$ & $-0.00271571$ & $-0.00789961$ & $-0.000218214$ & $-0.0045392$ & $0.00408393$ & $0.00526791$ & $-0.00792602$ & $-0.00867573$ & $-0.00430881$ & $-0.0102128$ & $0.0130713$ & $0.00958742$ & $0.000866362$ & $0.00589233$ & $0.00237787$ & $0.00963294$ & $0.00973629$ & $0.00815709$ & $0.00908522$ & $-0.00590322$ & $0.00523217$ & $0.010419$ & $0.000791691$ & $0.00503628$ & $-0.00341048$ & $-0.0125571$ & $-1.29633e-05$ & $0.00346589$ & $-0.00859991$ & $-0.00893153$ & $-0.00629004$ & $-0.0204488$ & $-0.0157132$ & $-0.00578104$ & $-0.00533813$ & $0.0115503$ & $-0.00940088$ & $-0.00622671$ & $1$ & $0.0100524$ & $-0.0128869$ & $0.00674502$ & $0.0105011$ & $-0.00518492$ & $-0.00319315$ & $-0.0134872$ \\
eHgagaint & $0.0158464$ & $-0.0733841$ & $-0.0874901$ & $0.0766885$ & $-0.0101698$ & $0.0032155$ & $-0.00292733$ & $-0.0136502$ & $0.0572211$ & $0.00433961$ & $0.00406797$ & $-0.00677589$ & $-0.00244261$ & $0.0149335$ & $0.0139433$ & $0.0103222$ & $0.0117125$ & $0.00896391$ & $0.0122232$ & $-0.00255812$ & $-0.00956817$ & $-0.00808435$ & $-0.00753075$ & $0.0256725$ & $0.0077904$ & $0.00877612$ & $-0.0224852$ & $0.0136338$ & $-0.0116346$ & $0.0340267$ & $-0.0325183$ & $0.00341938$ & $0.0601133$ & $-0.0303571$ & $0.0331768$ & $-0.0103714$ & $-0.110025$ & $-0.0162449$ & $0.016676$ & $-0.000109017$ & $0.0187325$ & $0.0100524$ & $1$ & $0.0385962$ & $0.0901475$ & $0.0450042$ & $-0.121529$ & $0.0686553$ & $0.0586917$ \\
eHmumuint & $-0.0268348$ & $0.0222614$ & $-0.0442721$ & $0.0549294$ & $-0.00248498$ & $-0.00823753$ & $0.00357361$ & $0.00771119$ & $0.00928949$ & $0.00512642$ & $-0.0128037$ & $-0.00456902$ & $0.00492317$ & $0.010901$ & $0.00802724$ & $0.00869722$ & $0.00866406$ & $0.00361788$ & $0.00302136$ & $0.0133914$ & $0.0124851$ & $0.0116431$ & $0.0149882$ & $0.00212793$ & $0.00423622$ & $-0.0174533$ & $-0.00233085$ & $0.00756212$ & $0.00821817$ & $-0.0182322$ & $-0.0402429$ & $-0.00170745$ & $-0.00988201$ & $0.00152866$ & $0.0686715$ & $-0.153365$ & $0.0697219$ & $0.00903512$ & $-0.00964683$ & $-0.00359637$ & $0.00457308$ & $-0.0128869$ & $0.0385962$ & $1$ & $-0.0133221$ & $-0.029347$ & $-0.043296$ & $0.0486902$ & $0.00187869$ \\
eHtautauint & $0.142138$ & $0.0559182$ & $-0.0790638$ & $0.0253252$ & $-0.00737964$ & $-0.000693672$ & $0.00436705$ & $0.000798$ & $0.00772833$ & $0.000483106$ & $-0.00109982$ & $0.00520026$ & $0.00274626$ & $-0.00639329$ & $-0.000209241$ & $-0.00474823$ & $-0.00264408$ & $-0.00498223$ & $-0.000516602$ & $-3.36401e-05$ & $0.00100502$ & $0.00228031$ & $0.00468244$ & $-0.0161001$ & $-0.0145912$ & $-0.00429803$ & $0.00756275$ & $0.00967845$ & $-0.0179833$ & $0.0946562$ & $0.0230404$ & $0.00487523$ & $0.0756008$ & $0.00453086$ & $-0.0636022$ & $0.0851864$ & $-0.0544753$ & $-0.0245954$ & $-0.047675$ & $0.0203174$ & $0.031775$ & $0.00674502$ & $0.0901475$ & $-0.0133221$ & $1$ & $0.0106383$ & $0.0231478$ & $0.0208992$ & $0.105227$ \\
eHccint & $0.0924409$ & $0.0191321$ & $0.00215208$ & $0.0527856$ & $0.00716478$ & $0.00813221$ & $-0.0131608$ & $0.00422943$ & $0.00595221$ & $-0.0214905$ & $0.000390774$ & $-0.0133428$ & $0.00643552$ & $-0.00657958$ & $0.0110593$ & $0.00644884$ & $-0.0182179$ & $-0.0186559$ & $-0.0127174$ & $0.00044222$ & $-0.00186752$ & $0.00102492$ & $-0.0010624$ & $-0.0141336$ & $-0.0266599$ & $-0.00153896$ & $-0.00785091$ & $-0.00902072$ & $-0.000132739$ & $0.016275$ & $0.0785409$ & $-0.0154069$ & $-0.0226495$ & $-0.00875358$ & $-0.0657294$ & $0.0975155$ & $-0.0130316$ & $-0.031835$ & $-0.00626153$ & $0.0125964$ & $0.0231305$ & $0.0105011$ & $0.0450042$ & $-0.029347$ & $0.0106383$ & $1$ & $-0.00604834$ & $0.050281$ & $-0.0732434$ \\
eHccpar & $0.0450989$ & $-0.0781834$ & $0.0633939$ & $-0.0317137$ & $-0.0123317$ & $0.010321$ & $-0.00232566$ & $-0.0212425$ & $-0.0293971$ & $0.00728513$ & $0.0129298$ & $0.00254478$ & $-0.00925612$ & $0.00596955$ & $-0.00245719$ & $0.0071577$ & $0.0201203$ & $0.0208403$ & $0.0124572$ & $-0.0129888$ & $-0.0163098$ & $-0.0160896$ & $-0.02666$ & $0.0264574$ & $0.0019759$ & $0.0127682$ & $-0.0308686$ & $-0.011126$ & $0.00499875$ & $0.0109558$ & $0.377821$ & $0.00313152$ & $-0.0510355$ & $-0.0167444$ & $-0.0107068$ & $0.025864$ & $-0.0685465$ & $-0.00548715$ & $0.070953$ & $0.00166741$ & $0.0114798$ & $-0.00518492$ & $-0.121529$ & $-0.043296$ & $0.0231478$ & $-0.00604834$ & $1$ & $-0.133335$ & $-0.0820886$ \\
eHbbint & $0.016135$ & $-0.0921676$ & $0.0290426$ & $0.0514984$ & $-7.59689e-05$ & $0.00214698$ & $-0.00195172$ & $0.0206371$ & $0.0269914$ & $-0.0100054$ & $-0.0139725$ & $-0.00652713$ & $-0.00262672$ & $0.00043466$ & $-0.000440184$ & $-0.00317956$ & $-0.0132925$ & $-0.00994029$ & $-0.00858049$ & $0.0103015$ & $0.0129299$ & $0.0108177$ & $0.0158994$ & $-0.0182108$ & $4.97316e-06$ & $-0.00479866$ & $0.0277794$ & $0.00801497$ & $-0.0048471$ & $0.00321149$ & $-0.0484476$ & $-0.00676077$ & $0.164814$ & $0.00941526$ & $-0.0588978$ & $-0.0199255$ & $0.00215584$ & $-0.00777158$ & $-0.0505908$ & $-0.00434187$ & $-0.0384988$ & $-0.00319315$ & $0.0686553$ & $0.0486902$ & $0.0208992$ & $0.050281$ & $-0.133335$ & $1$ & $0.028206$ \\
eHbbpar & $-0.0533915$ & $0.0794611$ & $-0.0826887$ & $-0.00232705$ & $-0.00179029$ & $0.00325048$ & $0.00460068$ & $-0.00466106$ & $-0.0016016$ & $-0.000914639$ & $0.00851118$ & $0.00817615$ & $-0.00850415$ & $-0.00809906$ & $-0.0137531$ & $-0.0305398$ & $-0.00698442$ & $-0.00233923$ & $0.0115852$ & $-0.00940352$ & $-0.00421473$ & $-0.00286065$ & $0.0170501$ & $-0.000457683$ & $0.0175532$ & $0.00466425$ & $0.0333684$ & $0.0178413$ & $-0.00939236$ & $0.0112606$ & $-0.03547$ & $0.00839925$ & $0.474868$ & $0.0109818$ & $0.0441296$ & $-0.0588814$ & $0.0105482$ & $-0.0188489$ & $-0.191436$ & $-0.00422859$ & $0.130888$ & $-0.0134872$ & $0.0586917$ & $0.00187869$ & $0.105227$ & $-0.0732434$ & $-0.0820886$ & $0.028206$ & $1$ \\
