 & AlsMz & dAle5Mz & mtop & mHl & Mz & CW & CHG & CHWB & CHWHB_gaga & CHWHB_gagaorth & CHD & CHbox & CH & CHL1_11 & CHL1_22 & CHL1_33 & CHL3_11 & CHL3_22 & CHL3_33 & CHe_11 & CHe_22 & CHe_33 & CHQ1_11 & CHQ1_33 & CHQ3_11 & CHu_11 & CHd_11 & CHd_33 & CeH_22r & CeH_33r & CuH_22r & CuH_33r & CdH_33r & CLL_1221 & eHggint & eHggpar & eHWWint & eHWWpar & eHZZint & eHZZpar & eHZgaint & eHZgapar & eHgagaint & eHmumuint & eHtautauint & eHccint & eHccpar & eHbbint & eHbbpar \\
AlsMz & $1$ & $0.0614222$ & $0.00903706$ & $0.024153$ & $0.0477179$ & $0.0289982$ & $-0.00932393$ & $-0.0339795$ & $-0.0205239$ & $0.003303$ & $0.0582707$ & $0.0294264$ & $-0.0101291$ & $-0.0778129$ & $-0.0693248$ & $-0.0346763$ & $-0.0646633$ & $-0.0194085$ & $-0.0422712$ & $-0.0683943$ & $-0.0587878$ & $-0.0626546$ & $0.0217597$ & $-0.0878679$ & $-0.172016$ & $-0.0207528$ & $-0.0253273$ & $0.0333583$ & $-0.0543819$ & $0.000296656$ & $-0.0152007$ & $-0.0308354$ & $-0.0237109$ & $0.032885$ & $-0.0267993$ & $-0.00997376$ & $-0.030025$ & $0.0171912$ & $-0.00358315$ & $0.0346469$ & $-0.00951395$ & $-0.0198578$ & $0.0478091$ & $0.00567661$ & $-0.0843437$ & $-0.00857535$ & $0.0361107$ & $-0.0180249$ & $-0.0288095$ \\
dAle5Mz & $0.0614222$ & $1$ & $0.0453372$ & $-0.117017$ & $0.0544129$ & $-0.00609037$ & $0.0695925$ & $-0.103696$ & $-0.0995659$ & $-0.0175686$ & $0.0957353$ & $0.00985057$ & $-0.011331$ & $-0.0754965$ & $-0.0469292$ & $-0.0356214$ & $0.0053546$ & $0.00855713$ & $-0.00359508$ & $-0.067518$ & $-0.0613458$ & $-0.0676704$ & $-0.0248309$ & $-0.00645558$ & $0.00801615$ & $0.0611065$ & $0.0142859$ & $-0.0204362$ & $0.13383$ & $-0.0834556$ & $-0.0953163$ & $0.0463658$ & $-0.0411269$ & $0.0447422$ & $0.0483248$ & $-0.00637934$ & $0.0363662$ & $0.0154721$ & $0.0816261$ & $-0.0506572$ & $0.0556445$ & $-0.0158988$ & $-0.0101389$ & $0.0103749$ & $-0.0477573$ & $-0.00930463$ & $0.00771732$ & $-0.000589587$ & $0.0173281$ \\
mtop & $0.00903706$ & $0.0453372$ & $1$ & $-0.00415219$ & $-0.139467$ & $-0.0297247$ & $-0.00608586$ & $0.0130561$ & $0.0137254$ & $0.0469566$ & $0.0119956$ & $0.0302289$ & $0.0127889$ & $-0.0301257$ & $-0.0182624$ & $-0.00623051$ & $-0.0248306$ & $-0.0197714$ & $-0.038206$ & $-0.00853907$ & $-0.00278485$ & $-0.00334042$ & $-0.0234267$ & $-0.0243516$ & $-7.99887e-05$ & $0.0466013$ & $0.056121$ & $-0.00716854$ & $-0.0474915$ & $0.0110722$ & $-0.00568288$ & $-0.00524463$ & $0.00932753$ & $0.0372019$ & $0.0176089$ & $0.0236394$ & $-0.00398134$ & $0.0161429$ & $-0.0294393$ & $0.0714232$ & $0.00254525$ & $0.0235094$ & $0.0208361$ & $0.00393352$ & $-0.0409281$ & $0.00278778$ & $-0.020379$ & $0.0572525$ & $-0.0375327$ \\
mHl & $0.024153$ & $-0.117017$ & $-0.00415219$ & $1$ & $-0.0389243$ & $-0.0298605$ & $-0.0164063$ & $0.0258334$ & $0.0258442$ & $0.0579891$ & $-0.0456873$ & $-0.0260277$ & $0.0542296$ & $0.0271465$ & $-0.0276602$ & $0.0352084$ & $0.0456464$ & $0.0596895$ & $0.00845128$ & $0.0408635$ & $0.0393342$ & $0.0494724$ & $0.0129499$ & $0.023979$ & $0.0387538$ & $-0.0364538$ & $0.0314363$ & $-0.0280797$ & $0.00167071$ & $0.0655124$ & $0.0821441$ & $-0.0230874$ & $0.0554028$ & $0.0406518$ & $-0.0126948$ & $0.0287686$ & $-0.105829$ & $-0.0405165$ & $-0.0192249$ & $0.0324936$ & $0.0882105$ & $-0.0373045$ & $-0.0387115$ & $-0.0685983$ & $0.00570757$ & $0.0234781$ & $0.0448075$ & $-0.00311651$ & $0.0277394$ \\
Mz & $0.0477179$ & $0.0544129$ & $-0.139467$ & $-0.0389243$ & $1$ & $0.0377511$ & $0.00380105$ & $-0.0210128$ & $-0.00121677$ & $-0.00219896$ & $0.0327891$ & $-0.020592$ & $0.0189407$ & $-0.00267005$ & $0.0180132$ & $-0.00926276$ & $-0.0258618$ & $-0.0242245$ & $-0.0128517$ & $-0.0191719$ & $-0.0274179$ & $-0.0343305$ & $-0.0688158$ & $0.0247895$ & $-0.0197869$ & $0.0502042$ & $-0.0177938$ & $-0.0237108$ & $-0.0113924$ & $0.0195747$ & $0.00233485$ & $-0.0164643$ & $-0.00189961$ & $-0.0366652$ & $-0.0433868$ & $-0.0420857$ & $0.0332586$ & $-0.0816251$ & $0.0471961$ & $-0.00146422$ & $-0.0158951$ & $-0.0136405$ & $0.0348764$ & $-0.031589$ & $-0.0340234$ & $-0.0172141$ & $-0.0202316$ & $-0.0385605$ & $0.0170187$ \\
CW & $0.0289982$ & $-0.00609037$ & $-0.0297247$ & $-0.0298605$ & $0.0377511$ & $1$ & $0.00203138$ & $-0.10878$ & $-0.115676$ & $-0.0868581$ & $0.181756$ & $-0.066128$ & $0.0542701$ & $-0.00902279$ & $-0.0275008$ & $-0.070385$ & $-0.285721$ & $-0.117839$ & $-0.0801913$ & $-0.17569$ & $-0.183342$ & $-0.181596$ & $-0.022182$ & $-0.0175484$ & $-0.151111$ & $0.0909464$ & $-0.112699$ & $-0.0546226$ & $0.0268611$ & $-0.0126936$ & $0.00321898$ & $0.0072709$ & $-0.0218078$ & $-0.143986$ & $0.0667465$ & $-0.0057278$ & $0.00505681$ & $-0.0521114$ & $0.0354743$ & $0.0621849$ & $-0.0451775$ & $-0.0100709$ & $0.022476$ & $0.0805382$ & $0.0115174$ & $-0.0443735$ & $0.106029$ & $0.0504353$ & $-0.0549993$ \\
CHG & $-0.00932393$ & $0.0695925$ & $-0.00608586$ & $-0.0164063$ & $0.00380105$ & $0.00203138$ & $1$ & $-0.0681291$ & $-0.0278839$ & $0.0236798$ & $0.0579679$ & $0.131498$ & $-0.166703$ & $-0.00595289$ & $-0.00685772$ & $-0.0156418$ & $0.00431825$ & $0.0157308$ & $0.0171279$ & $-0.0542355$ & $-0.0589952$ & $-0.0687392$ & $-0.0198699$ & $0.0399523$ & $0.0389439$ & $0.0573023$ & $-0.00668891$ & $-0.0396413$ & $0.0707688$ & $-0.100904$ & $-0.0737797$ & $0.924792$ & $-0.103514$ & $-0.0466363$ & $0.00202385$ & $-0.0285759$ & $0.00531645$ & $-0.0163328$ & $0.0428773$ & $0.00271145$ & $0.0092016$ & $-0.0439639$ & $-0.0179178$ & $-0.0587741$ & $-0.00851286$ & $0.00961971$ & $-0.0593991$ & $0.0427675$ & $0.00304684$ \\
CHWB & $-0.0339795$ & $-0.103696$ & $0.0130561$ & $0.0258334$ & $-0.0210128$ & $-0.10878$ & $-0.0681291$ & $1$ & $0.98025$ & $-0.499346$ & $-0.867376$ & $-0.255836$ & $0.160308$ & $0.140529$ & $0.258542$ & $0.285201$ & $-0.185376$ & $-0.364056$ & $-0.382132$ & $0.836277$ & $0.886324$ & $0.873424$ & $0.0866484$ & $-0.624573$ & $-0.344786$ & $-0.511128$ & $0.391972$ & $0.341822$ & $0.00423681$ & $0.0531646$ & $-0.0295172$ & $-0.0584575$ & $0.0717028$ & $0.545691$ & $-0.00303309$ & $-0.0407812$ & $0.0110564$ & $-0.0013846$ & $-0.0417899$ & $0.0276187$ & $-0.014136$ & $0.0114065$ & $-0.0620034$ & $-0.0798152$ & $0.0125025$ & $0.00886623$ & $0.0112052$ & $-0.00386988$ & $0.0527221$ \\
CHWHB_gaga & $-0.0205239$ & $-0.0995659$ & $0.0137254$ & $0.0258442$ & $-0.00121677$ & $-0.115676$ & $-0.0278839$ & $0.98025$ & $1$ & $-0.488533$ & $-0.845207$ & $-0.241645$ & $0.163374$ & $0.12438$ & $0.263987$ & $0.273317$ & $-0.189989$ & $-0.373379$ & $-0.378832$ & $0.815993$ & $0.863716$ & $0.851358$ & $0.0768866$ & $-0.618042$ & $-0.34809$ & $-0.494536$ & $0.381615$ & $0.332966$ & $0.0228315$ & $0.0879992$ & $-0.00904081$ & $-0.0269206$ & $0.0960913$ & $0.527777$ & $-0.0183889$ & $-0.04487$ & $-0.00824583$ & $-0.0122104$ & $-0.0524509$ & $0.0352642$ & $-0.0163808$ & $-0.00610816$ & $0.0195555$ & $-0.0908738$ & $0.00720563$ & $0.0178138$ & $-0.00223023$ & $0.00180108$ & $0.0348283$ \\
CHWHB_gagaorth & $0.003303$ & $-0.0175686$ & $0.0469566$ & $0.0579891$ & $-0.00219896$ & $-0.0868581$ & $0.0236798$ & $-0.499346$ & $-0.488533$ & $1$ & $0.265928$ & $0.433498$ & $-0.10823$ & $0.236741$ & $-0.0679049$ & $-0.128487$ & $0.432894$ & $0.45332$ & $0.502824$ & $-0.261141$ & $-0.28268$ & $-0.275817$ & $-0.0784319$ & $0.512165$ & $0.479759$ & $0.196842$ & $-0.152572$ & $-0.0886004$ & $0.00138042$ & $-0.0756443$ & $0.0174412$ & $0.0388282$ & $-0.101406$ & $-0.313063$ & $-0.00524852$ & $0.0775037$ & $0.0268171$ & $-0.00735743$ & $-0.0166229$ & $-0.044008$ & $0.00452557$ & $-0.00573207$ & $0.00755151$ & $0.0147879$ & $-0.0005181$ & $-0.0328332$ & $0.00894816$ & $-0.0345985$ & $0.0229471$ \\
CHD & $0.0582707$ & $0.0957353$ & $0.0119956$ & $-0.0456873$ & $0.0327891$ & $0.181756$ & $0.0579679$ & $-0.867376$ & $-0.845207$ & $0.265928$ & $1$ & $0.191153$ & $-0.0570058$ & $-0.567051$ & $-0.405173$ & $-0.419993$ & $-0.292507$ & $-0.0284816$ & $-0.00842235$ & $-0.989532$ & $-0.990764$ & $-0.968144$ & $-0.0322053$ & $0.220353$ & $-0.061226$ & $0.578525$ & $-0.254091$ & $-0.38752$ & $0.0127448$ & $-0.0251413$ & $0.0140022$ & $0.0654424$ & $-0.0424798$ & $-0.330708$ & $0.037926$ & $0.0272759$ & $-0.0281387$ & $-0.0154061$ & $0.0388926$ & $-0.0181794$ & $0.0249536$ & $-0.0112521$ & $0.0565547$ & $0.0749941$ & $0.0010899$ & $0.00840176$ & $-0.0025845$ & $0.00283433$ & $-0.041914$ \\
CHbox & $0.0294264$ & $0.00985057$ & $0.0302289$ & $-0.0260277$ & $-0.020592$ & $-0.066128$ & $0.131498$ & $-0.255836$ & $-0.241645$ & $0.433498$ & $0.191153$ & $1$ & $-0.814894$ & $-0.00642968$ & $-0.000362347$ & $-0.0437695$ & $0.117145$ & $0.10473$ & $0.141018$ & $-0.177564$ & $-0.20374$ & $-0.194071$ & $-0.0221647$ & $0.181912$ & $0.139724$ & $0.10781$ & $-0.116023$ & $-0.072498$ & $-0.00388805$ & $-0.0196978$ & $-0.0111864$ & $0.146182$ & $-0.014463$ & $-0.186022$ & $0.026105$ & $0.0360084$ & $-0.0112177$ & $0.0268666$ & $-0.0451119$ & $-0.0422624$ & $0.0399616$ & $0.0293215$ & $-0.0218133$ & $0.00476823$ & $-0.0113388$ & $0.0207732$ & $-0.0428219$ & $-0.000467155$ & $0.00274149$ \\
CH & $-0.0101291$ & $-0.011331$ & $0.0127889$ & $0.0542296$ & $0.0189407$ & $0.0542701$ & $-0.166703$ & $0.160308$ & $0.163374$ & $-0.10823$ & $-0.0570058$ & $-0.814894$ & $1$ & $-0.117419$ & $-0.00186039$ & $0.0119389$ & $-0.198278$ & $-0.183541$ & $-0.19067$ & $0.0505755$ & $0.0654615$ & $0.0624475$ & $-0.00865276$ & $-0.182822$ & $-0.186506$ & $-0.00627402$ & $0.0782564$ & $0.0308253$ & $0.0406536$ & $0.173802$ & $0.0693047$ & $-0.121372$ & $0.175972$ & $0.113524$ & $0.0346595$ & $0.026156$ & $-0.00993118$ & $-0.0469169$ & $0.0201515$ & $0.0233947$ & $-0.0238418$ & $-0.0419374$ & $0.0219758$ & $0.00869296$ & $-0.00300047$ & $-0.00603544$ & $0.0640743$ & $-0.022763$ & $-0.000448339$ \\
CHL1_11 & $-0.0778129$ & $-0.0754965$ & $-0.0301257$ & $0.0271465$ & $-0.00267005$ & $-0.00902279$ & $-0.00595289$ & $0.140529$ & $0.12438$ & $0.236741$ & $-0.567051$ & $-0.00642968$ & $-0.117419$ & $1$ & $0.332918$ & $0.309889$ & $0.673902$ & $0.598937$ & $0.597806$ & $0.583698$ & $0.522382$ & $0.496284$ & $-0.082987$ & $0.50559$ & $0.597896$ & $-0.30772$ & $-0.112779$ & $0.21176$ & $-0.0439363$ & $-0.0495859$ & $0.0243141$ & $-0.0298366$ & $-0.0285818$ & $-0.230824$ & $-0.0730712$ & $0.0320596$ & $0.0565041$ & $0.0301831$ & $-0.00830265$ & $0.0075545$ & $-0.0600639$ & $0.00796179$ & $0.00796979$ & $-0.0205664$ & $-0.0186124$ & $-0.0551689$ & $0.0173943$ & $0.0199954$ & $-0.000898723$ \\
CHL1_22 & $-0.0693248$ & $-0.0469292$ & $-0.0182624$ & $-0.0276602$ & $0.0180132$ & $-0.0275008$ & $-0.00685772$ & $0.258542$ & $0.263987$ & $-0.0679049$ & $-0.405173$ & $-0.000362347$ & $-0.00186039$ & $0.332918$ & $1$ & $0.433356$ & $0.205158$ & $-0.390762$ & $0.0349862$ & $0.47596$ & $0.321722$ & $0.305338$ & $-0.175528$ & $0.17064$ & $-0.0662386$ & $-0.197456$ & $-0.429273$ & $0.0678255$ & $-0.0105489$ & $0.0574435$ & $0.0685243$ & $0.00285583$ & $0.0722964$ & $-0.636904$ & $-0.0135289$ & $-0.00734212$ & $-0.0139916$ & $-0.0184207$ & $-0.0370854$ & $0.0466294$ & $-0.041087$ & $-0.0168551$ & $0.020958$ & $-0.00699598$ & $-0.034978$ & $-0.0226655$ & $0.00451909$ & $-0.00408423$ & $0.00912141$ \\
CHL1_33 & $-0.0346763$ & $-0.0356214$ & $-0.00623051$ & $0.0352084$ & $-0.00926276$ & $-0.070385$ & $-0.0156418$ & $0.285201$ & $0.273317$ & $-0.128487$ & $-0.419993$ & $-0.0437695$ & $0.0119389$ & $0.309889$ & $0.433356$ & $1$ & $0.195688$ & $0.0272412$ & $-0.400834$ & $0.488241$ & $0.339591$ & $0.345233$ & $-0.160187$ & $0.115264$ & $-0.0794093$ & $-0.224542$ & $-0.40696$ & $0.070446$ & $0.00758094$ & $-0.0232814$ & $-0.0291071$ & $-0.035236$ & $0.00275798$ & $-0.112754$ & $-0.044772$ & $-0.0115967$ & $0.00611409$ & $0.0512818$ & $0.0047553$ & $-0.0218026$ & $-0.00822261$ & $-0.00163708$ & $-0.0549112$ & $0.0019188$ & $-0.0201118$ & $0.000608551$ & $-0.0102495$ & $-0.0128652$ & $-0.0183971$ \\
CHL3_11 & $-0.0646633$ & $0.0053546$ & $-0.0248306$ & $0.0456464$ & $-0.0258618$ & $-0.285721$ & $0.00431825$ & $-0.185376$ & $-0.189989$ & $0.432894$ & $-0.292507$ & $0.117145$ & $-0.198278$ & $0.673902$ & $0.205158$ & $0.195688$ & $1$ & $0.749068$ & $0.737034$ & $0.315023$ & $0.261293$ & $0.24554$ & $-0.0447495$ & $0.688985$ & $0.790994$ & $-0.167397$ & $-0.120479$ & $0.11424$ & $-0.026411$ & $-0.040575$ & $0.0182463$ & $-0.0300309$ & $-0.0510118$ & $-0.226811$ & $-0.0633646$ & $-0.0143336$ & $0.0408895$ & $0.0326702$ & $-0.00356361$ & $-0.0238347$ & $0.00365562$ & $0.00862394$ & $-0.0138844$ & $0.000522126$ & $-0.0111116$ & $-0.023704$ & $-0.0421947$ & $-0.0121189$ & $-0.00943898$ \\
CHL3_22 & $-0.0194085$ & $0.00855713$ & $-0.0197714$ & $0.0596895$ & $-0.0242245$ & $-0.117839$ & $0.0157308$ & $-0.364056$ & $-0.373379$ & $0.45332$ & $-0.0284816$ & $0.10473$ & $-0.183541$ & $0.598937$ & $-0.390762$ & $0.0272412$ & $0.749068$ & $1$ & $0.660593$ & $0.0228686$ & $0.0307684$ & $0.0242161$ & $0.0185536$ & $0.618912$ & $0.789538$ & $-0.025709$ & $0.0377102$ & $0.0600837$ & $-0.0300437$ & $-0.0902352$ & $-0.0205412$ & $-0.0236574$ & $-0.10496$ & $0.0666189$ & $-0.0613807$ & $0.0285428$ & $0.045857$ & $0.0496124$ & $0.0261474$ & $-0.0440942$ & $0.00713146$ & $0.0174144$ & $-0.0105299$ & $0.0089598$ & $0.00659363$ & $-0.0176833$ & $-0.0178776$ & $0.00515323$ & $-0.027815$ \\
CHL3_33 & $-0.0422712$ & $-0.00359508$ & $-0.038206$ & $0.00845128$ & $-0.0128517$ & $-0.0801913$ & $0.0171279$ & $-0.382132$ & $-0.378832$ & $0.502824$ & $-0.00842235$ & $0.141018$ & $-0.19067$ & $0.597806$ & $0.0349862$ & $-0.400834$ & $0.737034$ & $0.660593$ & $1$ & $0.00254526$ & $0.0113785$ & $0.00941794$ & $0.00732645$ & $0.645684$ & $0.785536$ & $-0.000702093$ & $0.0302995$ & $0.0434158$ & $-0.0354272$ & $-0.0259855$ & $0.0643816$ & $0.00227315$ & $-0.0454136$ & $-0.330555$ & $-0.0373266$ & $0.0264018$ & $0.031777$ & $-0.009244$ & $-0.00701331$ & $-0.00462249$ & $-0.0158986$ & $0.00201356$ & $0.0536738$ & $0.000251519$ & $-0.00677244$ & $-0.0296432$ & $0.00197589$ & $0.0188158$ & $0.00168848$ \\
CHe_11 & $-0.0683943$ & $-0.067518$ & $-0.00853907$ & $0.0408635$ & $-0.0191719$ & $-0.17569$ & $-0.0542355$ & $0.836277$ & $0.815993$ & $-0.261141$ & $-0.989532$ & $-0.177564$ & $0.0505755$ & $0.583698$ & $0.47596$ & $0.488241$ & $0.315023$ & $0.0228686$ & $0.00254526$ & $1$ & $0.971593$ & $0.94798$ & $0.00298535$ & $-0.166881$ & $0.0673613$ & $-0.567457$ & $0.176039$ & $0.375949$ & $-0.0125921$ & $0.0226225$ & $-0.0113446$ & $-0.0644378$ & $0.0379803$ & $0.249362$ & $-0.0342091$ & $-0.0226337$ & $0.0221664$ & $0.0212419$ & $-0.0354004$ & $0.0173369$ & $-0.019599$ & $0.00810527$ & $-0.0514725$ & $-0.0782786$ & $-0.00475425$ & $-0.00463266$ & $0.00210957$ & $-0.00249979$ & $0.0372339$ \\
CHe_22 & $-0.0587878$ & $-0.0613458$ & $-0.00278485$ & $0.0393342$ & $-0.0274179$ & $-0.183342$ & $-0.0589952$ & $0.886324$ & $0.863716$ & $-0.28268$ & $-0.990764$ & $-0.20374$ & $0.0654615$ & $0.522382$ & $0.321722$ & $0.339591$ & $0.261293$ & $0.0307684$ & $0.0113785$ & $0.971593$ & $1$ & $0.974529$ & $0.0598623$ & $-0.275953$ & $0.0538933$ & $-0.577309$ & $0.338103$ & $0.395385$ & $-0.00850882$ & $0.0229001$ & $-0.0223691$ & $-0.066417$ & $0.0385393$ & $0.419404$ & $-0.0309409$ & $-0.0368792$ & $0.0317292$ & $0.0139397$ & $-0.0364258$ & $0.016498$ & $-0.0200139$ & $0.0123683$ & $-0.056346$ & $-0.0824027$ & $0.00311357$ & $-0.00740144$ & $0.00403601$ & $-0.00311514$ & $0.0454164$ \\
CHe_33 & $-0.0626546$ & $-0.0676704$ & $-0.00334042$ & $0.0494724$ & $-0.0343305$ & $-0.181596$ & $-0.0687392$ & $0.873424$ & $0.851358$ & $-0.275817$ & $-0.968144$ & $-0.194071$ & $0.0624475$ & $0.496284$ & $0.305338$ & $0.345233$ & $0.24554$ & $0.0242161$ & $0.00941794$ & $0.94798$ & $0.974529$ & $1$ & $0.0626959$ & $-0.286675$ & $0.0431241$ & $-0.56763$ & $0.336293$ & $0.382474$ & $0.00841338$ & $0.0250395$ & $-0.00884986$ & $-0.0742748$ & $0.0448104$ & $0.425739$ & $-0.0327921$ & $-0.0396619$ & $0.037514$ & $0.0168794$ & $-0.0322665$ & $0.003716$ & $-0.00747466$ & $0.0194088$ & $-0.0491614$ & $-0.0747029$ & $0.00390307$ & $-0.000405612$ & $0.000460048$ & $0.00718188$ & $0.0566624$ \\
CHQ1_11 & $0.0217597$ & $-0.0248309$ & $-0.0234267$ & $0.0129499$ & $-0.0688158$ & $-0.022182$ & $-0.0198699$ & $0.0866484$ & $0.0768866$ & $-0.0784319$ & $-0.0322053$ & $-0.0221647$ & $-0.00865276$ & $-0.082987$ & $-0.175528$ & $-0.160187$ & $-0.0447495$ & $0.0185536$ & $0.00732645$ & $0.00298535$ & $0.0598623$ & $0.0626959$ & $1$ & $-0.139104$ & $0.1091$ & $-0.676496$ & $0.385324$ & $0.0298465$ & $0.00640207$ & $-7.86912e-05$ & $0.0642307$ & $-0.0188131$ & $-0.00192323$ & $0.226185$ & $-0.00749917$ & $0.0290434$ & $-0.0351877$ & $0.054039$ & $-0.0202573$ & $0.0279318$ & $0.0346341$ & $0.0585907$ & $-0.0660294$ & $0.0249765$ & $0.0572221$ & $0.0697974$ & $0.0473801$ & $-0.00561091$ & $0.0138046$ \\
CHQ1_33 & $-0.0878679$ & $-0.00645558$ & $-0.0243516$ & $0.023979$ & $0.0247895$ & $-0.0175484$ & $0.0399523$ & $-0.624573$ & $-0.618042$ & $0.512165$ & $0.220353$ & $0.181912$ & $-0.182822$ & $0.50559$ & $0.17064$ & $0.115264$ & $0.688985$ & $0.618912$ & $0.645684$ & $-0.166881$ & $-0.275953$ & $-0.286675$ & $-0.139104$ & $1$ & $0.66728$ & $0.165167$ & $-0.361214$ & $-0.0289129$ & $-0.0226262$ & $-0.0312096$ & $0.0612906$ & $0.030804$ & $-0.0316865$ & $-0.614849$ & $-0.0271903$ & $0.0502892$ & $0.00852641$ & $0.031657$ & $0.0307546$ & $-0.0118069$ & $0.00726181$ & $-0.0273016$ & $0.0594758$ & $0.0372888$ & $-0.0161001$ & $-0.0213757$ & $-0.00306953$ & $-0.0104343$ & $-0.0179706$ \\
CHQ3_11 & $-0.172016$ & $0.00801615$ & $-7.99887e-05$ & $0.0387538$ & $-0.0197869$ & $-0.151111$ & $0.0389439$ & $-0.344786$ & $-0.34809$ & $0.479759$ & $-0.061226$ & $0.139724$ & $-0.186506$ & $0.597896$ & $-0.0662386$ & $-0.0794093$ & $0.790994$ & $0.789538$ & $0.785536$ & $0.0673613$ & $0.0538933$ & $0.0431241$ & $0.1091$ & $0.66728$ & $1$ & $-0.0413091$ & $0.238062$ & $0.0543241$ & $-0.0286419$ & $-0.0449358$ & $0.0436577$ & $0.0181529$ & $-0.0495795$ & $-0.181854$ & $-0.0246892$ & $0.0577484$ & $0.0249995$ & $0.0315226$ & $-0.00867384$ & $-0.0424464$ & $-0.0131266$ & $0.0284184$ & $0.00985014$ & $0.00711123$ & $0.0269747$ & $-0.032123$ & $-0.0155573$ & $0.00205131$ & $-0.00982361$ \\
CHu_11 & $-0.0207528$ & $0.0611065$ & $0.0466013$ & $-0.0364538$ & $0.0502042$ & $0.0909464$ & $0.0573023$ & $-0.511128$ & $-0.494536$ & $0.196842$ & $0.578525$ & $0.10781$ & $-0.00627402$ & $-0.30772$ & $-0.197456$ & $-0.224542$ & $-0.167397$ & $-0.025709$ & $-0.000702093$ & $-0.567457$ & $-0.577309$ & $-0.56763$ & $-0.676496$ & $0.165167$ & $-0.0413091$ & $1$ & $-0.161348$ & $-0.190973$ & $0.0267256$ & $-0.00530672$ & $-0.0198822$ & $0.0653064$ & $0.0031747$ & $-0.236118$ & $0.00922904$ & $0.0322603$ & $7.84242e-05$ & $-0.0622308$ & $0.0418637$ & $-0.0445339$ & $-0.019805$ & $-0.0329828$ & $0.0712373$ & $0.0358566$ & $-0.0450739$ & $-0.0547389$ & $-0.0148239$ & $-0.00480375$ & $0.00344343$ \\
CHd_11 & $-0.0253273$ & $0.0142859$ & $0.056121$ & $0.0314363$ & $-0.0177938$ & $-0.112699$ & $-0.00668891$ & $0.391972$ & $0.381615$ & $-0.152572$ & $-0.254091$ & $-0.116023$ & $0.0782564$ & $-0.112779$ & $-0.429273$ & $-0.40696$ & $-0.120479$ & $0.0377102$ & $0.0302995$ & $0.176039$ & $0.338103$ & $0.336293$ & $0.385324$ & $-0.361214$ & $0.238062$ & $-0.161348$ & $1$ & $0.177997$ & $0.00905678$ & $0.0332749$ & $0.00352903$ & $0.00872759$ & $0.0412375$ & $0.676212$ & $0.0393166$ & $0.0346795$ & $-0.00554633$ & $0.00102392$ & $-0.0265143$ & $-0.0219054$ & $0.0137278$ & $0.0359256$ & $-0.0292205$ & $-0.0415357$ & $0.0528554$ & $0.00329994$ & $0.0203418$ & $-0.0113195$ & $0.0605505$ \\
CHd_33 & $0.0333583$ & $-0.0204362$ & $-0.00716854$ & $-0.0280797$ & $-0.0237108$ & $-0.0546226$ & $-0.0396413$ & $0.341822$ & $0.332966$ & $-0.0886004$ & $-0.38752$ & $-0.072498$ & $0.0308253$ & $0.21176$ & $0.0678255$ & $0.070446$ & $0.11424$ & $0.0600837$ & $0.0434158$ & $0.375949$ & $0.395385$ & $0.382474$ & $0.0298465$ & $-0.0289129$ & $0.0543241$ & $-0.190973$ & $0.177997$ & $1$ & $0.0515685$ & $0.045188$ & $0.0220849$ & $-0.0254266$ & $0.0405223$ & $0.208765$ & $-0.0548652$ & $-0.0197958$ & $0.0388917$ & $0.0136835$ & $0.0140858$ & $0.00963023$ & $-0.0146439$ & $-0.00482684$ & $0.00817095$ & $-0.00564208$ & $0.025513$ & $0.0441092$ & $0.00744752$ & $-0.0582722$ & $-4.74184e-05$ \\
CeH_22r & $-0.0543819$ & $0.13383$ & $-0.0474915$ & $0.00167071$ & $-0.0113924$ & $0.0268611$ & $0.0707688$ & $0.00423681$ & $0.0228315$ & $0.00138042$ & $0.0127448$ & $-0.00388805$ & $0.0406536$ & $-0.0439363$ & $-0.0105489$ & $0.00758094$ & $-0.026411$ & $-0.0300437$ & $-0.0354272$ & $-0.0125921$ & $-0.00850882$ & $0.00841338$ & $0.00640207$ & $-0.0226262$ & $-0.0286419$ & $0.0267256$ & $0.00905678$ & $0.0515685$ & $1$ & $0.0450514$ & $0.0923765$ & $0.0412413$ & $0.0935561$ & $0.0260356$ & $-0.0596649$ & $-0.0389465$ & $-0.0474528$ & $-0.0260412$ & $0.012619$ & $-0.0769182$ & $-0.0467795$ & $-0.0427814$ & $0.0389324$ & $0.058828$ & $-0.096542$ & $0.0141941$ & $0.0674694$ & $0.00285781$ & $0.0413975$ \\
CeH_33r & $0.000296656$ & $-0.0834556$ & $0.0110722$ & $0.0655124$ & $0.0195747$ & $-0.0126936$ & $-0.100904$ & $0.0531646$ & $0.0879992$ & $-0.0756443$ & $-0.0251413$ & $-0.0196978$ & $0.173802$ & $-0.0495859$ & $0.0574435$ & $-0.0232814$ & $-0.040575$ & $-0.0902352$ & $-0.0259855$ & $0.0226225$ & $0.0229001$ & $0.0250395$ & $-7.86912e-05$ & $-0.0312096$ & $-0.0449358$ & $-0.00530672$ & $0.0332749$ & $0.045188$ & $0.0450514$ & $1$ & $0.349645$ & $0.0556698$ & $0.634237$ & $-0.00853339$ & $-0.0356763$ & $-0.0263292$ & $-0.197689$ & $-0.0821114$ & $-0.0376407$ & $0.0518543$ & $-0.0219816$ & $0.0205547$ & $0.0641562$ & $0.0348188$ & $0.0474017$ & $0.00150395$ & $0.0796952$ & $0.00768332$ & $-0.0148603$ \\
CuH_22r & $-0.0152007$ & $-0.0953163$ & $-0.00568288$ & $0.0821441$ & $0.00233485$ & $0.00321898$ & $-0.0737797$ & $-0.0295172$ & $-0.00904081$ & $0.0174412$ & $0.0140022$ & $-0.0111864$ & $0.0693047$ & $0.0243141$ & $0.0685243$ & $-0.0291071$ & $0.0182463$ & $-0.0205412$ & $0.0643816$ & $-0.0113446$ & $-0.0223691$ & $-0.00884986$ & $0.0642307$ & $0.0612906$ & $0.0436577$ & $-0.0198822$ & $0.00352903$ & $0.0220849$ & $0.0923765$ & $0.349645$ & $1$ & $0.0192102$ & $0.390476$ & $-0.0919674$ & $-0.053353$ & $0.0328917$ & $-0.141676$ & $-0.0596386$ & $-0.0476385$ & $0.022016$ & $-0.0162762$ & $0.0273067$ & $0.0576046$ & $0.0245285$ & $-0.0176058$ & $0.0406816$ & $0.361412$ & $0.0470485$ & $0.00433236$ \\
CuH_33r & $-0.0308354$ & $0.0463658$ & $-0.00524463$ & $-0.0230874$ & $-0.0164643$ & $0.0072709$ & $0.924792$ & $-0.0584575$ & $-0.0269206$ & $0.0388282$ & $0.0654424$ & $0.146182$ & $-0.121372$ & $-0.0298366$ & $0.00285583$ & $-0.035236$ & $-0.0300309$ & $-0.0236574$ & $0.00227315$ & $-0.0644378$ & $-0.066417$ & $-0.0742748$ & $-0.0188131$ & $0.030804$ & $0.0181529$ & $0.0653064$ & $0.00872759$ & $-0.0254266$ & $0.0412413$ & $0.0556698$ & $0.0192102$ & $1$ & $0.0830175$ & $-0.0520348$ & $0.0758762$ & $0.0372645$ & $-0.0512506$ & $-0.0337857$ & $0.0286053$ & $0.011029$ & $0.00841398$ & $-0.0427393$ & $-0.00117132$ & $-0.0335477$ & $-0.00379328$ & $0.0158569$ & $-0.030369$ & $0.0314896$ & $0.00930924$ \\
CdH_33r & $-0.0237109$ & $-0.0411269$ & $0.00932753$ & $0.0554028$ & $-0.00189961$ & $-0.0218078$ & $-0.103514$ & $0.0717028$ & $0.0960913$ & $-0.101406$ & $-0.0424798$ & $-0.014463$ & $0.175972$ & $-0.0285818$ & $0.0722964$ & $0.00275798$ & $-0.0510118$ & $-0.10496$ & $-0.0454136$ & $0.0379803$ & $0.0385393$ & $0.0448104$ & $-0.00192323$ & $-0.0316865$ & $-0.0495795$ & $0.0031747$ & $0.0412375$ & $0.0405223$ & $0.0935561$ & $0.634237$ & $0.390476$ & $0.0830175$ & $1$ & $-0.010549$ & $-0.036874$ & $0.00343877$ & $-0.219896$ & $-0.090912$ & $-0.0262233$ & $0.0286884$ & $-0.0106901$ & $0.00527828$ & $0.0312675$ & $0.0626448$ & $-0.0243796$ & $0.0210982$ & $0.00888339$ & $0.210532$ & $0.4218$ \\
CLL_1221 & $0.032885$ & $0.0447422$ & $0.0372019$ & $0.0406518$ & $-0.0366652$ & $-0.143986$ & $-0.0466363$ & $0.545691$ & $0.527777$ & $-0.313063$ & $-0.330708$ & $-0.186022$ & $0.113524$ & $-0.230824$ & $-0.636904$ & $-0.112754$ & $-0.226811$ & $0.0666189$ & $-0.330555$ & $0.249362$ & $0.419404$ & $0.425739$ & $0.226185$ & $-0.614849$ & $-0.181854$ & $-0.236118$ & $0.676212$ & $0.208765$ & $0.0260356$ & $-0.00853339$ & $-0.0919674$ & $-0.0520348$ & $-0.010549$ & $1$ & $0.00845827$ & $-0.0436454$ & $0.0261924$ & $0.0197999$ & $0.00142297$ & $-0.0255007$ & $0.0420135$ & $0.0265188$ & $-0.0809144$ & $-0.0496786$ & $0.042474$ & $0.0298854$ & $-0.00923441$ & $-0.0103985$ & $0.0341397$ \\
eHggint & $-0.0267993$ & $0.0483248$ & $0.0176089$ & $-0.0126948$ & $-0.0433868$ & $0.0667465$ & $0.00202385$ & $-0.00303309$ & $-0.0183889$ & $-0.00524852$ & $0.037926$ & $0.026105$ & $0.0346595$ & $-0.0730712$ & $-0.0135289$ & $-0.044772$ & $-0.0633646$ & $-0.0613807$ & $-0.0373266$ & $-0.0342091$ & $-0.0309409$ & $-0.0327921$ & $-0.00749917$ & $-0.0271903$ & $-0.0246892$ & $0.00922904$ & $0.0393166$ & $-0.0548652$ & $-0.0596649$ & $-0.0356763$ & $-0.053353$ & $0.0758762$ & $-0.036874$ & $0.00845827$ & $1$ & $-0.122768$ & $-0.0768898$ & $0.0077337$ & $0.00729188$ & $-0.00418064$ & $0.0294819$ & $-0.0818929$ & $-0.0025392$ & $-0.0096688$ & $0.0470496$ & $-0.0646731$ & $0.0419932$ & $-0.00597426$ & $0.00411263$ \\
eHggpar & $-0.00997376$ & $-0.00637934$ & $0.0236394$ & $0.0287686$ & $-0.0420857$ & $-0.0057278$ & $-0.0285759$ & $-0.0407812$ & $-0.04487$ & $0.0775037$ & $0.0272759$ & $0.0360084$ & $0.026156$ & $0.0320596$ & $-0.00734212$ & $-0.0115967$ & $-0.0143336$ & $0.0285428$ & $0.0264018$ & $-0.0226337$ & $-0.0368792$ & $-0.0396619$ & $0.0290434$ & $0.0502892$ & $0.0577484$ & $0.0322603$ & $0.0346795$ & $-0.0197958$ & $-0.0389465$ & $-0.0263292$ & $0.0328917$ & $0.0372645$ & $0.00343877$ & $-0.0436454$ & $-0.122768$ & $1$ & $-0.031529$ & $0.00408562$ & $-0.0324143$ & $-0.0682883$ & $0.0208613$ & $0.0539636$ & $-0.0176018$ & $0.00483806$ & $0.0191082$ & $0.0382141$ & $0.0718895$ & $-0.0248583$ & $0.010904$ \\
eHWWint & $-0.030025$ & $0.0363662$ & $-0.00398134$ & $-0.105829$ & $0.0332586$ & $0.00505681$ & $0.00531645$ & $0.0110564$ & $-0.00824583$ & $0.0268171$ & $-0.0281387$ & $-0.0112177$ & $-0.00993118$ & $0.0565041$ & $-0.0139916$ & $0.00611409$ & $0.0408895$ & $0.045857$ & $0.031777$ & $0.0221664$ & $0.0317292$ & $0.037514$ & $-0.0351877$ & $0.00852641$ & $0.0249995$ & $7.84242e-05$ & $-0.00554633$ & $0.0388917$ & $-0.0474528$ & $-0.197689$ & $-0.141676$ & $-0.0512506$ & $-0.219896$ & $0.0261924$ & $-0.0768898$ & $-0.031529$ & $1$ & $0.00741943$ & $-0.0201731$ & $-0.0318141$ & $0.0122779$ & $0.0252695$ & $-0.0387938$ & $-0.00296704$ & $-0.0281012$ & $-0.0211926$ & $0.0588275$ & $-0.0825136$ & $0.0521334$ \\
eHWWpar & $0.0171912$ & $0.0154721$ & $0.0161429$ & $-0.0405165$ & $-0.0816251$ & $-0.0521114$ & $-0.0163328$ & $-0.0013846$ & $-0.0122104$ & $-0.00735743$ & $-0.0154061$ & $0.0268666$ & $-0.0469169$ & $0.0301831$ & $-0.0184207$ & $0.0512818$ & $0.0326702$ & $0.0496124$ & $-0.009244$ & $0.0212419$ & $0.0139397$ & $0.0168794$ & $0.054039$ & $0.031657$ & $0.0315226$ & $-0.0622308$ & $0.00102392$ & $0.0136835$ & $-0.0260412$ & $-0.0821114$ & $-0.0596386$ & $-0.0337857$ & $-0.090912$ & $0.0197999$ & $0.0077337$ & $0.00408562$ & $0.00741943$ & $1$ & $0.037832$ & $-0.0232528$ & $0.00936251$ & $-0.00260469$ & $0.0207938$ & $0.000971111$ & $0.0209877$ & $2.63756e-05$ & $-0.0559551$ & $-0.0511549$ & $-0.011833$ \\
eHZZint & $-0.00358315$ & $0.0816261$ & $-0.0294393$ & $-0.0192249$ & $0.0471961$ & $0.0354743$ & $0.0428773$ & $-0.0417899$ & $-0.0524509$ & $-0.0166229$ & $0.0388926$ & $-0.0451119$ & $0.0201515$ & $-0.00830265$ & $-0.0370854$ & $0.0047553$ & $-0.00356361$ & $0.0261474$ & $-0.00701331$ & $-0.0354004$ & $-0.0364258$ & $-0.0322665$ & $-0.0202573$ & $0.0307546$ & $-0.00867384$ & $0.0418637$ & $-0.0265143$ & $0.0140858$ & $0.012619$ & $-0.0376407$ & $-0.0476385$ & $0.0286053$ & $-0.0262233$ & $0.00142297$ & $0.00729188$ & $-0.0324143$ & $-0.0201731$ & $0.037832$ & $1$ & $-0.0187816$ & $0.0017935$ & $-0.0127631$ & $-0.0235167$ & $0.0371608$ & $0.0920557$ & $-0.0551434$ & $0.0450621$ & $-0.00607271$ & $0.0569109$ \\
eHZZpar & $0.0346469$ & $-0.0506572$ & $0.0714232$ & $0.0324936$ & $-0.00146422$ & $0.0621849$ & $0.00271145$ & $0.0276187$ & $0.0352642$ & $-0.044008$ & $-0.0181794$ & $-0.0422624$ & $0.0233947$ & $0.0075545$ & $0.0466294$ & $-0.0218026$ & $-0.0238347$ & $-0.0440942$ & $-0.00462249$ & $0.0173369$ & $0.016498$ & $0.003716$ & $0.0279318$ & $-0.0118069$ & $-0.0424464$ & $-0.0445339$ & $-0.0219054$ & $0.00963023$ & $-0.0769182$ & $0.0518543$ & $0.022016$ & $0.011029$ & $0.0286884$ & $-0.0255007$ & $-0.00418064$ & $-0.0682883$ & $-0.0318141$ & $-0.0232528$ & $-0.0187816$ & $1$ & $-0.0415103$ & $0.0230477$ & $0.0147561$ & $-0.0361169$ & $0.0294192$ & $0.0282537$ & $0.047011$ & $0.0611239$ & $-0.0589278$ \\
eHZgaint & $-0.00951395$ & $0.0556445$ & $0.00254525$ & $0.0882105$ & $-0.0158951$ & $-0.0451775$ & $0.0092016$ & $-0.014136$ & $-0.0163808$ & $0.00452557$ & $0.0249536$ & $0.0399616$ & $-0.0238418$ & $-0.0600639$ & $-0.041087$ & $-0.00822261$ & $0.00365562$ & $0.00713146$ & $-0.0158986$ & $-0.019599$ & $-0.0200139$ & $-0.00747466$ & $0.0346341$ & $0.00726181$ & $-0.0131266$ & $-0.019805$ & $0.0137278$ & $-0.0146439$ & $-0.0467795$ & $-0.0219816$ & $-0.0162762$ & $0.00841398$ & $-0.0106901$ & $0.0420135$ & $0.0294819$ & $0.0208613$ & $0.0122779$ & $0.00936251$ & $0.0017935$ & $-0.0415103$ & $1$ & $-0.027588$ & $-0.0149595$ & $-0.0571801$ & $-0.028093$ & $0.048514$ & $0.000556062$ & $-0.0233011$ & $0.0140658$ \\
eHZgapar & $-0.0198578$ & $-0.0158988$ & $0.0235094$ & $-0.0373045$ & $-0.0136405$ & $-0.0100709$ & $-0.0439639$ & $0.0114065$ & $-0.00610816$ & $-0.00573207$ & $-0.0112521$ & $0.0293215$ & $-0.0419374$ & $0.00796179$ & $-0.0168551$ & $-0.00163708$ & $0.00862394$ & $0.0174144$ & $0.00201356$ & $0.00810527$ & $0.0123683$ & $0.0194088$ & $0.0585907$ & $-0.0273016$ & $0.0284184$ & $-0.0329828$ & $0.0359256$ & $-0.00482684$ & $-0.0427814$ & $0.0205547$ & $0.0273067$ & $-0.0427393$ & $0.00527828$ & $0.0265188$ & $-0.0818929$ & $0.0539636$ & $0.0252695$ & $-0.00260469$ & $-0.0127631$ & $0.0230477$ & $-0.027588$ & $1$ & $-0.0300173$ & $0.0364615$ & $0.038672$ & $0.0260196$ & $0.0112081$ & $-0.00387942$ & $0.0214699$ \\
eHgagaint & $0.0478091$ & $-0.0101389$ & $0.0208361$ & $-0.0387115$ & $0.0348764$ & $0.022476$ & $-0.0179178$ & $-0.0620034$ & $0.0195555$ & $0.00755151$ & $0.0565547$ & $-0.0218133$ & $0.0219758$ & $0.00796979$ & $0.020958$ & $-0.0549112$ & $-0.0138844$ & $-0.0105299$ & $0.0536738$ & $-0.0514725$ & $-0.056346$ & $-0.0491614$ & $-0.0660294$ & $0.0594758$ & $0.00985014$ & $0.0712373$ & $-0.0292205$ & $0.00817095$ & $0.0389324$ & $0.0641562$ & $0.0576046$ & $-0.00117132$ & $0.0312675$ & $-0.0809144$ & $-0.0025392$ & $-0.0176018$ & $-0.0387938$ & $0.0207938$ & $-0.0235167$ & $0.0147561$ & $-0.0149595$ & $-0.0300173$ & $1$ & $-0.013306$ & $0.0123965$ & $-0.00432007$ & $0.0239524$ & $-0.00706963$ & $-0.0208986$ \\
eHmumuint & $0.00567661$ & $0.0103749$ & $0.00393352$ & $-0.0685983$ & $-0.031589$ & $0.0805382$ & $-0.0587741$ & $-0.0798152$ & $-0.0908738$ & $0.0147879$ & $0.0749941$ & $0.00476823$ & $0.00869296$ & $-0.0205664$ & $-0.00699598$ & $0.0019188$ & $0.000522126$ & $0.0089598$ & $0.000251519$ & $-0.0782786$ & $-0.0824027$ & $-0.0747029$ & $0.0249765$ & $0.0372888$ & $0.00711123$ & $0.0358566$ & $-0.0415357$ & $-0.00564208$ & $0.058828$ & $0.0348188$ & $0.0245285$ & $-0.0335477$ & $0.0626448$ & $-0.0496786$ & $-0.0096688$ & $0.00483806$ & $-0.00296704$ & $0.000971111$ & $0.0371608$ & $-0.0361169$ & $-0.0571801$ & $0.0364615$ & $-0.013306$ & $1$ & $0.0602798$ & $-0.0373331$ & $-0.00365693$ & $0.0105822$ & $0.0245308$ \\
eHtautauint & $-0.0843437$ & $-0.0477573$ & $-0.0409281$ & $0.00570757$ & $-0.0340234$ & $0.0115174$ & $-0.00851286$ & $0.0125025$ & $0.00720563$ & $-0.0005181$ & $0.0010899$ & $-0.0113388$ & $-0.00300047$ & $-0.0186124$ & $-0.034978$ & $-0.0201118$ & $-0.0111116$ & $0.00659363$ & $-0.00677244$ & $-0.00475425$ & $0.00311357$ & $0.00390307$ & $0.0572221$ & $-0.0161001$ & $0.0269747$ & $-0.0450739$ & $0.0528554$ & $0.025513$ & $-0.096542$ & $0.0474017$ & $-0.0176058$ & $-0.00379328$ & $-0.0243796$ & $0.042474$ & $0.0470496$ & $0.0191082$ & $-0.0281012$ & $0.0209877$ & $0.0920557$ & $0.0294192$ & $-0.028093$ & $0.038672$ & $0.0123965$ & $0.0602798$ & $1$ & $-0.0757375$ & $0.0353728$ & $-0.012734$ & $0.0717036$ \\
eHccint & $-0.00857535$ & $-0.00930463$ & $0.00278778$ & $0.0234781$ & $-0.0172141$ & $-0.0443735$ & $0.00961971$ & $0.00886623$ & $0.0178138$ & $-0.0328332$ & $0.00840176$ & $0.0207732$ & $-0.00603544$ & $-0.0551689$ & $-0.0226655$ & $0.000608551$ & $-0.023704$ & $-0.0176833$ & $-0.0296432$ & $-0.00463266$ & $-0.00740144$ & $-0.000405612$ & $0.0697974$ & $-0.0213757$ & $-0.032123$ & $-0.0547389$ & $0.00329994$ & $0.0441092$ & $0.0141941$ & $0.00150395$ & $0.0406816$ & $0.0158569$ & $0.0210982$ & $0.0298854$ & $-0.0646731$ & $0.0382141$ & $-0.0211926$ & $2.63756e-05$ & $-0.0551434$ & $0.0282537$ & $0.048514$ & $0.0260196$ & $-0.00432007$ & $-0.0373331$ & $-0.0757375$ & $1$ & $-0.0356057$ & $0.0115536$ & $-0.0094885$ \\
eHccpar & $0.0361107$ & $0.00771732$ & $-0.020379$ & $0.0448075$ & $-0.0202316$ & $0.106029$ & $-0.0593991$ & $0.0112052$ & $-0.00223023$ & $0.00894816$ & $-0.0025845$ & $-0.0428219$ & $0.0640743$ & $0.0173943$ & $0.00451909$ & $-0.0102495$ & $-0.0421947$ & $-0.0178776$ & $0.00197589$ & $0.00210957$ & $0.00403601$ & $0.000460048$ & $0.0473801$ & $-0.00306953$ & $-0.0155573$ & $-0.0148239$ & $0.0203418$ & $0.00744752$ & $0.0674694$ & $0.0796952$ & $0.361412$ & $-0.030369$ & $0.00888339$ & $-0.00923441$ & $0.0419932$ & $0.0718895$ & $0.0588275$ & $-0.0559551$ & $0.0450621$ & $0.047011$ & $0.000556062$ & $0.0112081$ & $0.0239524$ & $-0.00365693$ & $0.0353728$ & $-0.0356057$ & $1$ & $-0.0663375$ & $-0.0181553$ \\
eHbbint & $-0.0180249$ & $-0.000589587$ & $0.0572525$ & $-0.00311651$ & $-0.0385605$ & $0.0504353$ & $0.0427675$ & $-0.00386988$ & $0.00180108$ & $-0.0345985$ & $0.00283433$ & $-0.000467155$ & $-0.022763$ & $0.0199954$ & $-0.00408423$ & $-0.0128652$ & $-0.0121189$ & $0.00515323$ & $0.0188158$ & $-0.00249979$ & $-0.00311514$ & $0.00718188$ & $-0.00561091$ & $-0.0104343$ & $0.00205131$ & $-0.00480375$ & $-0.0113195$ & $-0.0582722$ & $0.00285781$ & $0.00768332$ & $0.0470485$ & $0.0314896$ & $0.210532$ & $-0.0103985$ & $-0.00597426$ & $-0.0248583$ & $-0.0825136$ & $-0.0511549$ & $-0.00607271$ & $0.0611239$ & $-0.0233011$ & $-0.00387942$ & $-0.00706963$ & $0.0105822$ & $-0.012734$ & $0.0115536$ & $-0.0663375$ & $1$ & $0.00110965$ \\
eHbbpar & $-0.0288095$ & $0.0173281$ & $-0.0375327$ & $0.0277394$ & $0.0170187$ & $-0.0549993$ & $0.00304684$ & $0.0527221$ & $0.0348283$ & $0.0229471$ & $-0.041914$ & $0.00274149$ & $-0.000448339$ & $-0.000898723$ & $0.00912141$ & $-0.0183971$ & $-0.00943898$ & $-0.027815$ & $0.00168848$ & $0.0372339$ & $0.0454164$ & $0.0566624$ & $0.0138046$ & $-0.0179706$ & $-0.00982361$ & $0.00344343$ & $0.0605505$ & $-4.74184e-05$ & $0.0413975$ & $-0.0148603$ & $0.00433236$ & $0.00930924$ & $0.4218$ & $0.0341397$ & $0.00411263$ & $0.010904$ & $0.0521334$ & $-0.011833$ & $0.0569109$ & $-0.0589278$ & $0.0140658$ & $0.0214699$ & $-0.0208986$ & $0.0245308$ & $0.0717036$ & $-0.0094885$ & $-0.0181553$ & $0.00110965$ & $1$ \\
