 & AlsMz & dAle5Mz & mtop & mHl & Mz & CW & CHG & CHWB & CHWHB_gaga & CHWHB_gagaorth & CHD & CHbox & CH & CHL1_11 & CHL1_22 & CHL1_33 & CHL3_11 & CHL3_22 & CHL3_33 & CHe_11 & CHe_22 & CHe_33 & CHQ1_11 & CHQ1_33 & CHQ3_11 & CHu_11 & CHd_11 & CHd_33 & CeH_22r & CeH_33r & CuH_22r & CuH_33r & CdH_33r & CLL_1221 & eHggint & eHggpar & eHWWint & eHWWpar & eHZZint & eHZZpar & eHZgaint & eHZgapar & eHgagaint & eHmumuint & eHtautauint & eHccint & eHccpar & eHbbint & eHbbpar \\
AlsMz & $1$ & $-0.00989029$ & $0.112001$ & $-0.265155$ & $0.0227961$ & $0.00375127$ & $-0.00956079$ & $-0.00657477$ & $-0.00176117$ & $-0.0131564$ & $0.00605936$ & $0.00670331$ & $0.0234743$ & $-0.0122346$ & $0.0124076$ & $0.00474489$ & $-0.0130642$ & $-0.0170163$ & $-0.0142355$ & $-0.0100277$ & $-0.013781$ & $-0.0157102$ & $-0.00382133$ & $-0.0471356$ & $-0.101197$ & $-0.0288874$ & $-0.0431222$ & $0.00384071$ & $0.00232373$ & $-0.0128177$ & $0.0549006$ & $-0.0228887$ & $-0.0583375$ & $-0.0175835$ & $-0.035396$ & $-0.108989$ & $0.241999$ & $-0.0357946$ & $-0.273553$ & $-0.0181225$ & $0.218791$ & $0.0723326$ & $0.121474$ & $0.0303584$ & $-0.00524488$ & $-0.067004$ & $0.27409$ & $0.159432$ & $-0.138536$ \\
dAle5Mz & $-0.00989029$ & $1$ & $0.0461399$ & $-0.070569$ & $0.00395009$ & $0.0138248$ & $-0.0676832$ & $-0.0447657$ & $-0.0526849$ & $0.00971632$ & $0.0426984$ & $0.0290116$ & $0.0252645$ & $-0.0269935$ & $-0.0141552$ & $-0.0179085$ & $-0.00638015$ & $-0.00355419$ & $-0.00119052$ & $-0.0277098$ & $-0.0260268$ & $-0.0249893$ & $-0.00528133$ & $0.00109902$ & $-0.00659527$ & $0.0174179$ & $-0.00683486$ & $-0.0146973$ & $-0.0148823$ & $-0.0382619$ & $-0.095458$ & $-0.0740044$ & $-0.130655$ & $0.01397$ & $-0.0105177$ & $0.177316$ & $0.148194$ & $0.0167811$ & $-0.0521289$ & $-0.0338089$ & $0.131602$ & $-0.0436764$ & $-0.076632$ & $0.109222$ & $-0.205703$ & $-0.024968$ & $-0.303327$ & $-0.0976524$ & $-0.256651$ \\
mtop & $0.112001$ & $0.0461399$ & $1$ & $0.289544$ & $-0.00812401$ & $0.0133097$ & $0.0235565$ & $-0.0157197$ & $-0.0152827$ & $0.0184463$ & $0.0200908$ & $-0.0136441$ & $-0.0409858$ & $-0.00668451$ & $-0.0107895$ & $-0.00200209$ & $-0.00139645$ & $0.00514365$ & $0.00120539$ & $-0.0167112$ & $-0.0155943$ & $-0.013753$ & $-0.00246111$ & $0.0053493$ & $-0.00646675$ & $0.00880204$ & $-0.00435443$ & $-0.00531899$ & $-0.010051$ & $-0.0107066$ & $-0.00619859$ & $0.0191774$ & $0.0175962$ & $-0.000978862$ & $-0.100714$ & $0.116752$ & $-0.0107983$ & $-0.0252135$ & $-0.1309$ & $0.0159152$ & $0.200139$ & $0.0688148$ & $-0.0255196$ & $0.197231$ & $-0.0540144$ & $-0.0136362$ & $-0.0185861$ & $0.023656$ & $0.0741289$ \\
mHl & $-0.265155$ & $-0.070569$ & $0.289544$ & $1$ & $-0.0262623$ & $-0.00856136$ & $0.00199431$ & $0.0157607$ & $-0.00383286$ & $0.0138189$ & $-0.0181918$ & $0.0199725$ & $0.0107411$ & $0.0138516$ & $0.0113488$ & $0.0238565$ & $0.00983936$ & $0.00365861$ & $-0.0015953$ & $0.0216419$ & $0.0185799$ & $0.0199908$ & $-0.00840579$ & $0.0162722$ & $0.0283507$ & $0.00107065$ & $0.00730666$ & $0.00560728$ & $-0.00793701$ & $0.00829088$ & $-0.00430727$ & $0.0134257$ & $0.0932583$ & $0.00129738$ & $0.111697$ & $-0.12403$ & $-0.121201$ & $0.0201707$ & $0.0197926$ & $-0.0215028$ & $-0.249324$ & $0.00255767$ & $-0.498323$ & $0.0849136$ & $-0.11853$ & $-0.187815$ & $-0.0158172$ & $0.00750973$ & $0.195005$ \\
Mz & $0.0227961$ & $0.00395009$ & $-0.00812401$ & $-0.0262623$ & $1$ & $-0.00196091$ & $0.0101228$ & $-0.0213788$ & $-0.0216838$ & $0.0143764$ & $0.0235131$ & $0.000198163$ & $-0.00396034$ & $0.0026052$ & $-0.00122714$ & $0.00365624$ & $0.0124799$ & $0.0108943$ & $0.0057669$ & $-0.0144887$ & $-0.0154198$ & $-0.016803$ & $-5.18061e-05$ & $0.0149387$ & $0.00914007$ & $0.00701143$ & $-0.0119066$ & $-0.0174939$ & $0.00605887$ & $0.0024212$ & $-0.00277846$ & $0.0108485$ & $-0.00989488$ & $-0.0159349$ & $0.0108521$ & $-0.0070327$ & $0.00321121$ & $0.00203918$ & $0.0114157$ & $-0.0111633$ & $-0.0123361$ & $0.00587263$ & $-0.01771$ & $-0.0174755$ & $-0.00686376$ & $0.0085785$ & $0.0175909$ & $0.00505475$ & $-0.0128373$ \\
CW & $0.00375127$ & $0.0138248$ & $0.0133097$ & $-0.00856136$ & $-0.00196091$ & $1$ & $0.00882777$ & $-0.11849$ & $-0.116002$ & $0.0115064$ & $0.175186$ & $0.0383516$ & $-0.000728056$ & $0.027215$ & $-0.0730124$ & $-0.0727789$ & $-0.259586$ & $-0.0503071$ & $-0.0483818$ & $-0.172083$ & $-0.178125$ & $-0.173243$ & $-0.0101074$ & $-0.00295434$ & $-0.084966$ & $0.101042$ & $-0.0749755$ & $-0.0619765$ & $0.00172463$ & $-0.00684443$ & $0.000729133$ & $0.0136275$ & $0.000320162$ & $-0.119613$ & $-0.0126559$ & $0.0117223$ & $0.0173941$ & $0.0070879$ & $-0.00458416$ & $-0.00904989$ & $0.0123464$ & $0.00703827$ & $0.00770649$ & $0.00210184$ & $-0.00458723$ & $0.0100712$ & $-0.0056084$ & $0.00714748$ & $0.00825448$ \\
CHG & $-0.00956079$ & $-0.0676832$ & $0.0235565$ & $0.00199431$ & $0.0101228$ & $0.00882777$ & $1$ & $-0.0713788$ & $-0.0195771$ & $0.0446028$ & $0.0430466$ & $-0.174495$ & $-0.257496$ & $0.0358642$ & $-0.0111454$ & $-0.00834033$ & $0.0554124$ & $0.0634066$ & $0.0610801$ & $-0.041288$ & $-0.0471042$ & $-0.0469001$ & $-0.0138876$ & $0.0756468$ & $0.0602806$ & $0.026784$ & $-0.037546$ & $-0.0196028$ & $0.0084771$ & $-0.106533$ & $-0.0535835$ & $0.935187$ & $-0.141073$ & $-0.0505774$ & $0.0133427$ & $-0.038967$ & $0.0143257$ & $-0.000809627$ & $0.0343809$ & $0.00110569$ & $0.0425265$ & $-0.0116346$ & $0.0371202$ & $-0.0309724$ & $-0.0101994$ & $0.0330959$ & $0.0264332$ & $-0.00695563$ & $-0.0165345$ \\
CHWB & $-0.00657477$ & $-0.0447657$ & $-0.0157197$ & $0.0157607$ & $-0.0213788$ & $-0.11849$ & $-0.0713788$ & $1$ & $0.985399$ & $-0.57554$ & $-0.881591$ & $-0.019146$ & $0.298193$ & $0.109255$ & $0.288573$ & $0.280442$ & $-0.227356$ & $-0.425239$ & $-0.419537$ & $0.851732$ & $0.899586$ & $0.882078$ & $0.0728696$ & $-0.668996$ & $-0.387909$ & $-0.510352$ & $0.427673$ & $0.301287$ & $0.0107671$ & $0.0855384$ & $0.0559249$ & $-0.0711791$ & $0.0988398$ & $0.562765$ & $-0.0069291$ & $-0.0282565$ & $0.0017478$ & $0.00475892$ & $0.0118096$ & $0.00473506$ & $-0.00404693$ & $-0.00811884$ & $-0.000170372$ & $-0.0117458$ & $0.00772099$ & $-0.000939024$ & $0.0125661$ & $-0.0132635$ & $0.00537172$ \\
CHWHB_gaga & $-0.00176117$ & $-0.0526849$ & $-0.0152827$ & $-0.00383286$ & $-0.0216838$ & $-0.116002$ & $-0.0195771$ & $0.985399$ & $1$ & $-0.566395$ & $-0.865888$ & $-0.00517315$ & $0.293433$ & $0.10213$ & $0.286161$ & $0.277334$ & $-0.23067$ & $-0.425501$ & $-0.419397$ & $0.836799$ & $0.88321$ & $0.865733$ & $0.0710291$ & $-0.661968$ & $-0.387228$ & $-0.500559$ & $0.420618$ & $0.295246$ & $0.0167155$ & $0.104564$ & $0.0683824$ & $-0.0290838$ & $0.119828$ & $0.552195$ & $-0.0224693$ & $-0.0322496$ & $0.00158978$ & $0.00441399$ & $0.0153834$ & $0.00669561$ & $0.0169007$ & $-0.00804028$ & $0.0425802$ & $-0.0113588$ & $0.00982166$ & $0.0142632$ & $0.0221883$ & $-0.0152313$ & $0.00839352$ \\
CHWHB_gagaorth & $-0.0131564$ & $0.00971632$ & $0.0184463$ & $0.0138189$ & $0.0143764$ & $0.0115064$ & $0.0446028$ & $-0.57554$ & $-0.566395$ & $1$ & $0.369382$ & $0.341624$ & $-0.210608$ & $0.205073$ & $-0.117524$ & $-0.118626$ & $0.415023$ & $0.47113$ & $0.469793$ & $-0.353475$ & $-0.386268$ & $-0.380132$ & $-0.0589552$ & $0.548086$ & $0.462749$ & $0.222925$ & $-0.242106$ & $-0.13052$ & $-0.00795646$ & $-0.11205$ & $-0.0776253$ & $0.0610686$ & $-0.124232$ & $-0.35585$ & $0.0332921$ & $0.0231063$ & $0.000739263$ & $-0.00329499$ & $-0.00615386$ & $0.00714221$ & $-0.0383015$ & $-0.00611815$ & $-0.0187209$ & $0.00801544$ & $-0.0153496$ & $-0.00783118$ & $-0.0214684$ & $0.00650073$ & $0.0189817$ \\
CHD & $0.00605936$ & $0.0426984$ & $0.0200908$ & $-0.0181918$ & $0.0235131$ & $0.175186$ & $0.0430466$ & $-0.881591$ & $-0.865888$ & $0.369382$ & $1$ & $0.140028$ & $-0.147589$ & $-0.517244$ & $-0.417983$ & $-0.402425$ & $-0.223194$ & $0.0668821$ & $0.0608085$ & $-0.990253$ & $-0.991103$ & $-0.969827$ & $-0.0141665$ & $0.308098$ & $0.013884$ & $0.562018$ & $-0.294995$ & $-0.329815$ & $-0.00412706$ & $-0.0541307$ & $-0.0384661$ & $0.0523669$ & $-0.0609858$ & $-0.36396$ & $0.0133996$ & $0.0184281$ & $0.00715238$ & $-0.00668348$ & $-0.0130948$ & $-0.00550017$ & $0.0071321$ & $0.0133401$ & $0.00710641$ & $0.00273216$ & $-0.0133163$ & $-0.00180181$ & $-0.012194$ & $0.014284$ & $0.000103634$ \\
CHbox & $0.00670331$ & $0.0290116$ & $-0.0136441$ & $0.0199725$ & $0.000198163$ & $0.0383516$ & $-0.174495$ & $-0.019146$ & $-0.00517315$ & $0.341624$ & $0.140028$ & $1$ & $0.668098$ & $-0.262617$ & $0.00992277$ & $0.00449836$ & $-0.2565$ & $-0.233615$ & $-0.226776$ & $-0.125141$ & $-0.141119$ & $-0.136399$ & $-0.00947819$ & $-0.126655$ & $-0.222771$ & $0.0820522$ & $-0.0512787$ & $-0.0408494$ & $0.0491684$ & $0.296734$ & $0.0767595$ & $-0.0892605$ & $0.373423$ & $-0.0308384$ & $0.0700752$ & $-0.0126294$ & $0.0101517$ & $0.000698613$ & $-0.0171817$ & $-0.00222683$ & $-0.0436199$ & $-0.00188579$ & $-0.0248122$ & $0.00144172$ & $-0.0392622$ & $-0.0484899$ & $-0.0147433$ & $0.00104828$ & $0.0193462$ \\
CH & $0.0234743$ & $0.0252645$ & $-0.0409858$ & $0.0107411$ & $-0.00396034$ & $-0.000728056$ & $-0.257496$ & $0.298193$ & $0.293433$ & $-0.210608$ & $-0.147589$ & $0.668098$ & $1$ & $-0.203486$ & $0.0650837$ & $0.0604454$ & $-0.303792$ & $-0.330316$ & $-0.324684$ & $0.143849$ & $0.156914$ & $0.155496$ & $0.0274627$ & $-0.33772$ & $-0.317394$ & $-0.0878466$ & $0.117271$ & $0.0602232$ & $0.0435254$ & $0.231678$ & $0.0984107$ & $-0.213892$ & $0.298523$ & $0.18108$ & $0.0293148$ & $-0.0341084$ & $0.00615903$ & $0.00839601$ & $-0.019781$ & $-0.00343862$ & $-0.0260751$ & $0.0071734$ & $-0.0113781$ & $0.00450936$ & $-0.0279063$ & $-0.0422457$ & $0.000603148$ & $-0.00179518$ & $0.00665446$ \\
CHL1_11 & $-0.0122346$ & $-0.0269935$ & $-0.00668451$ & $0.0138516$ & $0.0026052$ & $0.027215$ & $0.0358642$ & $0.109255$ & $0.10213$ & $0.205073$ & $-0.517244$ & $-0.262617$ & $-0.203486$ & $1$ & $0.282337$ & $0.265236$ & $0.653053$ & $0.585675$ & $0.588771$ & $0.536693$ & $0.476844$ & $0.463328$ & $-0.0823437$ & $0.459389$ & $0.590198$ & $-0.269128$ & $-0.0965765$ & $0.154921$ & $-0.00709289$ & $-0.0315724$ & $-0.0154617$ & $0.0175317$ & $-0.0373527$ & $-0.214701$ & $-0.0203743$ & $0.0133575$ & $-0.0210923$ & $0.00933646$ & $0.0131015$ & $0.00507369$ & $-0.00527723$ & $-0.00751064$ & $-0.00866464$ & $0.00958626$ & $0.0156989$ & $0.0147652$ & $0.00741651$ & $-0.00565116$ & $-0.0021531$ \\
CHL1_22 & $0.0124076$ & $-0.0141552$ & $-0.0107895$ & $0.0113488$ & $-0.00122714$ & $-0.0730124$ & $-0.0111454$ & $0.288573$ & $0.286161$ & $-0.117524$ & $-0.417983$ & $0.00992277$ & $0.0650837$ & $0.282337$ & $1$ & $0.442381$ & $0.181419$ & $-0.44726$ & $-0.0200646$ & $0.484639$ & $0.333062$ & $0.322935$ & $-0.171722$ & $0.120387$ & $-0.124393$ & $-0.199612$ & $-0.399205$ & $0.117344$ & $0.00901969$ & $0.0400618$ & $0.0195723$ & $-0.0100438$ & $0.0380186$ & $-0.60053$ & $-0.00756981$ & $-0.000299508$ & $-0.00609072$ & $0.00491442$ & $-0.00231712$ & $-0.0103857$ & $-0.00273372$ & $-0.0104675$ & $-0.0134216$ & $-0.0003956$ & $0.0134683$ & $-0.0119305$ & $0.0105024$ & $-0.00204341$ & $-0.00248977$ \\
CHL1_33 & $0.00474489$ & $-0.0179085$ & $-0.00200209$ & $0.0238565$ & $0.00365624$ & $-0.0727789$ & $-0.00834033$ & $0.280442$ & $0.277334$ & $-0.118626$ & $-0.402425$ & $0.00449836$ & $0.0604454$ & $0.265236$ & $0.442381$ & $1$ & $0.168989$ & $-0.0226023$ & $-0.441905$ & $0.468279$ & $0.320147$ & $0.339244$ & $-0.175555$ & $0.116947$ & $-0.127224$ & $-0.182762$ & $-0.391803$ & $0.111526$ & $0.00441837$ & $0.0324744$ & $0.0220779$ & $-0.00615291$ & $0.0371631$ & $-0.10906$ & $-0.00197519$ & $-0.0028462$ & $-0.00697331$ & $-0.00442039$ & $0.00346467$ & $0.0041335$ & $-0.00812526$ & $-0.018998$ & $-0.0171845$ & $0.0113257$ & $0.00876761$ & $-0.00493986$ & $0.010063$ & $0.00086043$ & $0.00803103$ \\
CHL3_11 & $-0.0130642$ & $-0.00638015$ & $-0.00139645$ & $0.00983936$ & $0.0124799$ & $-0.259586$ & $0.0554124$ & $-0.227356$ & $-0.23067$ & $0.415023$ & $-0.223194$ & $-0.2565$ & $-0.303792$ & $0.653053$ & $0.181419$ & $0.168989$ & $1$ & $0.723469$ & $0.723697$ & $0.247471$ & $0.189267$ & $0.180998$ & $-0.0811797$ & $0.672075$ & $0.771211$ & $-0.103912$ & $-0.157436$ & $0.0594638$ & $-0.0158485$ & $-0.0689421$ & $-0.035932$ & $0.0345781$ & $-0.080537$ & $-0.253003$ & $-0.00897837$ & $0.015149$ & $-0.020852$ & $0.00126926$ & $0.0044455$ & $0.00407053$ & $-0.0111706$ & $-0.0116832$ & $-0.0153173$ & $0.0183665$ & $0.0132555$ & $0.00338187$ & $-0.00285969$ & $-0.00470363$ & $-0.00565384$ \\
CHL3_22 & $-0.0170163$ & $-0.00355419$ & $0.00514365$ & $0.00365861$ & $0.0108943$ & $-0.0503071$ & $0.0634066$ & $-0.425239$ & $-0.425501$ & $0.47113$ & $0.0668821$ & $-0.233615$ & $-0.330316$ & $0.585675$ & $-0.44726$ & $-0.0226023$ & $0.723469$ & $1$ & $0.660842$ & $-0.0687775$ & $-0.0613183$ & $-0.0586946$ & $-0.000643561$ & $0.610169$ & $0.787852$ & $0.0426133$ & $0.00194575$ & $-0.0281235$ & $-0.0179434$ & $-0.0856918$ & $-0.0449127$ & $0.0450546$ & $-0.093992$ & $0.0424572$ & $-0.00671567$ & $0.017544$ & $-0.0179993$ & $-0.00046899$ & $0.00742498$ & $0.0100164$ & $-0.00784644$ & $-0.00299519$ & $-0.00511701$ & $0.0161945$ & $0.00475824$ & $0.0153667$ & $-0.00486769$ & $0.000444238$ & $-0.00126745$ \\
CHL3_33 & $-0.0142355$ & $-0.00119052$ & $0.00120539$ & $-0.0015953$ & $0.0057669$ & $-0.0483818$ & $0.0610801$ & $-0.419537$ & $-0.419397$ & $0.469793$ & $0.0608085$ & $-0.226776$ & $-0.324684$ & $0.588771$ & $-0.0200646$ & $-0.441905$ & $0.723697$ & $0.660842$ & $1$ & $-0.0630478$ & $-0.0549483$ & $-0.0537657$ & $0.0065227$ & $0.60552$ & $0.788265$ & $0.0326856$ & $0.0059869$ & $-0.0250849$ & $-0.013424$ & $-0.0798044$ & $-0.0477723$ & $0.042141$ & $-0.0929036$ & $-0.338181$ & $-0.012735$ & $0.0215239$ & $-0.018294$ & $0.00604721$ & $0.00386723$ & $-0.000643451$ & $-0.00337431$ & $0.00393653$ & $-0.00536414$ & $0.00727939$ & $0.0100121$ & $0.0102911$ & $-0.00500875$ & $-0.00222441$ & $-0.00849545$ \\
CHe_11 & $-0.0100277$ & $-0.0277098$ & $-0.0167112$ & $0.0216419$ & $-0.0144887$ & $-0.172083$ & $-0.041288$ & $0.851732$ & $0.836799$ & $-0.353475$ & $-0.990253$ & $-0.125141$ & $0.143849$ & $0.536693$ & $0.484639$ & $0.468279$ & $0.247471$ & $-0.0687775$ & $-0.0630478$ & $1$ & $0.971962$ & $0.951633$ & $-0.0104817$ & $-0.25224$ & $-0.00637937$ & $-0.552577$ & $0.219055$ & $0.323239$ & $0.0048515$ & $0.0544093$ & $0.0367292$ & $-0.0498221$ & $0.0602422$ & $0.283005$ & $-0.0132022$ & $-0.0142149$ & $-0.00751309$ & $0.00643682$ & $0.0125049$ & $0.00365194$ & $-0.00717939$ & $-0.0154387$ & $-0.0116975$ & $7.18908e-05$ & $0.0106834$ & $0.00100822$ & $0.00726292$ & $-0.0150808$ & $-0.00268458$ \\
CHe_22 & $-0.013781$ & $-0.0260268$ & $-0.0155943$ & $0.0185799$ & $-0.0154198$ & $-0.178125$ & $-0.0471042$ & $0.899586$ & $0.88321$ & $-0.386268$ & $-0.991103$ & $-0.141119$ & $0.156914$ & $0.476844$ & $0.333062$ & $0.320147$ & $0.189267$ & $-0.0613183$ & $-0.0549483$ & $0.971962$ & $1$ & $0.97489$ & $0.0435799$ & $-0.364803$ & $-0.0193611$ & $-0.564585$ & $0.376651$ & $0.331013$ & $0.00331355$ & $0.0535378$ & $0.0365361$ & $-0.056591$ & $0.0595972$ & $0.450788$ & $-0.0128768$ & $-0.0159233$ & $-0.00487166$ & $0.00742728$ & $0.0140252$ & $0.00606417$ & $-0.00536202$ & $-0.0130066$ & $-0.00739178$ & $-0.00154731$ & $0.00828633$ & $0.0030387$ & $0.00497239$ & $-0.0175385$ & $-0.00316389$ \\
CHe_33 & $-0.0157102$ & $-0.0249893$ & $-0.013753$ & $0.0199908$ & $-0.016803$ & $-0.173243$ & $-0.0469001$ & $0.882078$ & $0.865733$ & $-0.380132$ & $-0.969827$ & $-0.136399$ & $0.155496$ & $0.463328$ & $0.322935$ & $0.339244$ & $0.180998$ & $-0.0586946$ & $-0.0537657$ & $0.951633$ & $0.97489$ & $1$ & $0.0430557$ & $-0.359067$ & $-0.0191197$ & $-0.551862$ & $0.370976$ & $0.323717$ & $0.00449749$ & $0.0525659$ & $0.0354731$ & $-0.0562559$ & $0.0570206$ & $0.447399$ & $-0.0142733$ & $-0.0125086$ & $-0.00806553$ & $0.00497834$ & $0.0146903$ & $0.00623573$ & $-0.00365704$ & $-0.014102$ & $-0.0121882$ & $-0.00106267$ & $0.00852046$ & $0.00438612$ & $0.0054236$ & $-0.0189177$ & $-0.0060424$ \\
CHQ1_11 & $-0.00382133$ & $-0.00528133$ & $-0.00246111$ & $-0.00840579$ & $-5.18061e-05$ & $-0.0101074$ & $-0.0138876$ & $0.0728696$ & $0.0710291$ & $-0.0589552$ & $-0.0141665$ & $-0.00947819$ & $0.0274627$ & $-0.0823437$ & $-0.171722$ & $-0.175555$ & $-0.0811797$ & $-0.000643561$ & $0.0065227$ & $-0.0104817$ & $0.0435799$ & $0.0430557$ & $1$ & $-0.146703$ & $0.0762996$ & $-0.678387$ & $0.347661$ & $0.00695742$ & $0.00140962$ & $0.00439489$ & $0.00841001$ & $-0.0143122$ & $0.00516514$ & $0.202547$ & $0.00450699$ & $-0.0117274$ & $0.00212004$ & $-0.000708411$ & $-0.00326001$ & $0.0017807$ & $0.00635308$ & $0.00483894$ & $0.00276055$ & $0.000262613$ & $-0.00526554$ & $0.0128877$ & $0.00219322$ & $-0.00139782$ & $-0.00219154$ \\
CHQ1_33 & $-0.0471356$ & $0.00109902$ & $0.0053493$ & $0.0162722$ & $0.0149387$ & $-0.00295434$ & $0.0756468$ & $-0.668996$ & $-0.661968$ & $0.548086$ & $0.308098$ & $-0.126655$ & $-0.33772$ & $0.459389$ & $0.120387$ & $0.116947$ & $0.672075$ & $0.610169$ & $0.60552$ & $-0.25224$ & $-0.364803$ & $-0.359067$ & $-0.146703$ & $1$ & $0.631727$ & $0.209728$ & $-0.423612$ & $-0.0262002$ & $-0.0113275$ & $-0.0731184$ & $-0.0482663$ & $0.0677897$ & $-0.0878539$ & $-0.632642$ & $-0.00289869$ & $0.027011$ & $-0.0307801$ & $0.000804861$ & $0.0132746$ & $-0.000793797$ & $-0.0141185$ & $-0.00612696$ & $-0.0178402$ & $0.00752781$ & $0.00624249$ & $0.0105297$ & $-0.0122071$ & $0.000707914$ & $0.00106433$ \\
CHQ3_11 & $-0.101197$ & $-0.00659527$ & $-0.00646675$ & $0.0283507$ & $0.00914007$ & $-0.084966$ & $0.0602806$ & $-0.387909$ & $-0.387228$ & $0.462749$ & $0.013884$ & $-0.222771$ & $-0.317394$ & $0.590198$ & $-0.124393$ & $-0.127224$ & $0.771211$ & $0.787852$ & $0.788265$ & $-0.00637937$ & $-0.0193611$ & $-0.0191197$ & $0.0762996$ & $0.631727$ & $1$ & $0.0198374$ & $0.217153$ & $-0.0111741$ & $-0.0151642$ & $-0.0764525$ & $-0.0457231$ & $0.0424254$ & $-0.0837418$ & $-0.193555$ & $-0.00594055$ & $0.0239126$ & $-0.0417395$ & $0.00565974$ & $0.0324031$ & $0.00785277$ & $-0.0299914$ & $-0.0130668$ & $-0.0171944$ & $0.0148891$ & $0.00468532$ & $0.0225876$ & $-0.029454$ & $-0.0219259$ & $0.00682375$ \\
CHu_11 & $-0.0288874$ & $0.0174179$ & $0.00880204$ & $0.00107065$ & $0.00701143$ & $0.101042$ & $0.026784$ & $-0.510352$ & $-0.500559$ & $0.222925$ & $0.562018$ & $0.0820522$ & $-0.0878466$ & $-0.269128$ & $-0.199612$ & $-0.182762$ & $-0.103912$ & $0.0426133$ & $0.0326856$ & $-0.552577$ & $-0.564585$ & $-0.551862$ & $-0.678387$ & $0.209728$ & $0.0198374$ & $1$ & $-0.176038$ & $-0.181836$ & $-0.00619776$ & $-0.0316278$ & $-0.0275949$ & $0.0317038$ & $-0.0347762$ & $-0.24604$ & $0.000808208$ & $0.0217866$ & $-0.0106647$ & $-0.00281914$ & $0.011809$ & $-0.000315886$ & $-0.00842269$ & $0.000677159$ & $0.0012497$ & $-0.00488667$ & $-0.00794955$ & $-0.00353052$ & $-0.014374$ & $-0.000586148$ & $0.00401506$ \\
CHd_11 & $-0.0431222$ & $-0.00683486$ & $-0.00435443$ & $0.00730666$ & $-0.0119066$ & $-0.0749755$ & $-0.037546$ & $0.427673$ & $0.420618$ & $-0.242106$ & $-0.294995$ & $-0.0512787$ & $0.117271$ & $-0.0965765$ & $-0.399205$ & $-0.391803$ & $-0.157436$ & $0.00194575$ & $0.0059869$ & $0.219055$ & $0.376651$ & $0.370976$ & $0.347661$ & $-0.423612$ & $0.217153$ & $-0.176038$ & $1$ & $0.109515$ & $-0.000871138$ & $0.0207676$ & $0.0164781$ & $-0.0420225$ & $0.0246646$ & $0.685898$ & $-0.00282389$ & $-0.0150728$ & $-0.00471912$ & $0.00338247$ & $0.0222417$ & $0.0101435$ & $-0.00694795$ & $-0.00392273$ & $0.00492494$ & $-0.00720486$ & $-0.0109073$ & $0.0176489$ & $-0.0141868$ & $-0.0239174$ & $-0.00250103$ \\
CHd_33 & $0.00384071$ & $-0.0146973$ & $-0.00531899$ & $0.00560728$ & $-0.0174939$ & $-0.0619765$ & $-0.0196028$ & $0.301287$ & $0.295246$ & $-0.13052$ & $-0.329815$ & $-0.0408494$ & $0.0602232$ & $0.154921$ & $0.117344$ & $0.111526$ & $0.0594638$ & $-0.0281235$ & $-0.0250849$ & $0.323239$ & $0.331013$ & $0.323717$ & $0.00695742$ & $-0.0262002$ & $-0.0111741$ & $-0.181836$ & $0.109515$ & $1$ & $0.00446151$ & $0.0239821$ & $0.00689833$ & $-0.0205489$ & $0.0205489$ & $0.146955$ & $-0.0033693$ & $-0.00641332$ & $-0.00495$ & $0.0121191$ & $0.00706546$ & $0.00192273$ & $-0.00667883$ & $0.0099198$ & $-0.00666379$ & $-0.0149954$ & $-0.0110865$ & $0.000724469$ & $-0.00293509$ & $-0.00532949$ & $-0.00650595$ \\
CeH_22r & $0.00232373$ & $-0.0148823$ & $-0.010051$ & $-0.00793701$ & $0.00605887$ & $0.00172463$ & $0.0084771$ & $0.0107671$ & $0.0167155$ & $-0.00795646$ & $-0.00412706$ & $0.0491684$ & $0.0435254$ & $-0.00709289$ & $0.00901969$ & $0.00441837$ & $-0.0158485$ & $-0.0179434$ & $-0.013424$ & $0.0048515$ & $0.00331355$ & $0.00449749$ & $0.00140962$ & $-0.0113275$ & $-0.0151642$ & $-0.00619776$ & $-0.000871138$ & $0.00446151$ & $1$ & $0.0344848$ & $0.0220201$ & $-0.00503698$ & $0.0451106$ & $-0.000618673$ & $-0.0204915$ & $-0.00645827$ & $0.00334936$ & $-0.00758952$ & $-0.0136531$ & $0.00754993$ & $-0.00201188$ & $-0.0034248$ & $0.00396721$ & $0.00569574$ & $0.0106769$ & $0.00431097$ & $-0.00290142$ & $0.0149204$ & $0.00518772$ \\
CeH_33r & $-0.0128177$ & $-0.0382619$ & $-0.0107066$ & $0.00829088$ & $0.0024212$ & $-0.00684443$ & $-0.106533$ & $0.0855384$ & $0.104564$ & $-0.11205$ & $-0.0541307$ & $0.296734$ & $0.231678$ & $-0.0315724$ & $0.0400618$ & $0.0324744$ & $-0.0689421$ & $-0.0856918$ & $-0.0798044$ & $0.0544093$ & $0.0535378$ & $0.0525659$ & $0.00439489$ & $-0.0731184$ & $-0.0764525$ & $-0.0316278$ & $0.0207676$ & $0.0239821$ & $0.0344848$ & $1$ & $0.308245$ & $0.0420441$ & $0.664738$ & $0.0307609$ & $-0.0326527$ & $-0.0312324$ & $-0.0936106$ & $-0.0252045$ & $0.0133485$ & $-0.0030284$ & $0.0325358$ & $-0.00296633$ & $-0.0118761$ & $-0.00152625$ & $0.0296252$ & $0.00744665$ & $0.0172412$ & $0.00641921$ & $-0.0325979$ \\
CuH_22r & $0.0549006$ & $-0.095458$ & $-0.00619859$ & $-0.00430727$ & $-0.00277846$ & $0.000729133$ & $-0.0535835$ & $0.0559249$ & $0.0683824$ & $-0.0776253$ & $-0.0384661$ & $0.0767595$ & $0.0984107$ & $-0.0154617$ & $0.0195723$ & $0.0220779$ & $-0.035932$ & $-0.0449127$ & $-0.0477723$ & $0.0367292$ & $0.0365361$ & $0.0354731$ & $0.00841001$ & $-0.0482663$ & $-0.0457231$ & $-0.0275949$ & $0.0164781$ & $0.00689833$ & $0.0220201$ & $0.308245$ & $1$ & $0.0351232$ & $0.350571$ & $0.0245854$ & $-0.00191151$ & $-0.067801$ & $-0.126969$ & $-0.000804428$ & $0.071055$ & $0.00975792$ & $0.0980283$ & $0.0105707$ & $0.0471733$ & $-0.0406393$ & $-0.04424$ & $0.0743981$ & $0.271114$ & $-0.026806$ & $-0.0448097$ \\
CuH_33r & $-0.0228887$ & $-0.0740044$ & $0.0191774$ & $0.0134257$ & $0.0108485$ & $0.0136275$ & $0.935187$ & $-0.0711791$ & $-0.0290838$ & $0.0610686$ & $0.0523669$ & $-0.0892605$ & $-0.213892$ & $0.0175317$ & $-0.0100438$ & $-0.00615291$ & $0.0345781$ & $0.0450546$ & $0.042141$ & $-0.0498221$ & $-0.056591$ & $-0.0562559$ & $-0.0143122$ & $0.0677897$ & $0.0424254$ & $0.0317038$ & $-0.0420225$ & $-0.0205489$ & $-0.00503698$ & $0.0420441$ & $0.0351232$ & $1$ & $0.0472122$ & $-0.0527021$ & $0.0700214$ & $-0.0342503$ & $-0.0111833$ & $-0.00378585$ & $0.0550711$ & $0.00166554$ & $0.0338073$ & $-0.011978$ & $0.0262472$ & $-0.0437074$ & $-0.0353862$ & $0.0154763$ & $0.032209$ & $-0.027679$ & $-0.0141731$ \\
CdH_33r & $-0.0583375$ & $-0.130655$ & $0.0175962$ & $0.0932583$ & $-0.00989488$ & $0.000320162$ & $-0.141073$ & $0.0988398$ & $0.119828$ & $-0.124232$ & $-0.0609858$ & $0.373423$ & $0.298523$ & $-0.0373527$ & $0.0380186$ & $0.0371631$ & $-0.080537$ & $-0.093992$ & $-0.0929036$ & $0.0602422$ & $0.0595972$ & $0.0570206$ & $0.00516514$ & $-0.0878539$ & $-0.0837418$ & $-0.0347762$ & $0.0246646$ & $0.0205489$ & $0.0451106$ & $0.664738$ & $0.350571$ & $0.0472122$ & $1$ & $0.0394221$ & $-0.00656224$ & $-0.012638$ & $0.0113599$ & $-0.0324437$ & $-0.0202138$ & $0.00838013$ & $-0.0803679$ & $0.0181594$ & $0.040006$ & $0.024408$ & $0.0486872$ & $-0.121383$ & $0.00132482$ & $0.147098$ & $0.355303$ \\
CLL_1221 & $-0.0175835$ & $0.01397$ & $-0.000978862$ & $0.00129738$ & $-0.0159349$ & $-0.119613$ & $-0.0505774$ & $0.562765$ & $0.552195$ & $-0.35585$ & $-0.36396$ & $-0.0308384$ & $0.18108$ & $-0.214701$ & $-0.60053$ & $-0.10906$ & $-0.253003$ & $0.0424572$ & $-0.338181$ & $0.283005$ & $0.450788$ & $0.447399$ & $0.202547$ & $-0.632642$ & $-0.193555$ & $-0.24604$ & $0.685898$ & $0.146955$ & $-0.000618673$ & $0.0307609$ & $0.0245854$ & $-0.0527021$ & $0.0394221$ & $1$ & $0.00237385$ & $-0.0174986$ & $0.0119813$ & $-0.00151933$ & $0.00905669$ & $0.0124442$ & $0.00218237$ & $-0.00190792$ & $0.00627029$ & $-0.00375683$ & $-0.0116746$ & $0.005948$ & $-0.0111751$ & $-0.0131777$ & $-0.00260104$ \\
eHggint & $-0.035396$ & $-0.0105177$ & $-0.100714$ & $0.111697$ & $0.0108521$ & $-0.0126559$ & $0.0133427$ & $-0.0069291$ & $-0.0224693$ & $0.0332921$ & $0.0133996$ & $0.0700752$ & $0.0293148$ & $-0.0203743$ & $-0.00756981$ & $-0.00197519$ & $-0.00897837$ & $-0.00671567$ & $-0.012735$ & $-0.0132022$ & $-0.0128768$ & $-0.0142733$ & $0.00450699$ & $-0.00289869$ & $-0.00594055$ & $0.000808208$ & $-0.00282389$ & $-0.0033693$ & $-0.0204915$ & $-0.0326527$ & $-0.00191151$ & $0.0700214$ & $-0.00656224$ & $0.00237385$ & $1$ & $-0.280937$ & $-0.0211633$ & $0.024361$ & $-0.0638147$ & $-0.0484731$ & $-0.326938$ & $0.0154898$ & $-0.141566$ & $-0.0964801$ & $-0.208915$ & $-0.30093$ & $0.0609172$ & $-0.0607028$ & $0.0361102$ \\
eHggpar & $-0.108989$ & $0.177316$ & $0.116752$ & $-0.12403$ & $-0.0070327$ & $0.0117223$ & $-0.038967$ & $-0.0282565$ & $-0.0322496$ & $0.0231063$ & $0.0184281$ & $-0.0126294$ & $-0.0341084$ & $0.0133575$ & $-0.000299508$ & $-0.0028462$ & $0.015149$ & $0.017544$ & $0.0215239$ & $-0.0142149$ & $-0.0159233$ & $-0.0125086$ & $-0.0117274$ & $0.027011$ & $0.0239126$ & $0.0217866$ & $-0.0150728$ & $-0.00641332$ & $-0.00645827$ & $-0.0312324$ & $-0.067801$ & $-0.0342503$ & $-0.012638$ & $-0.0174986$ & $-0.280937$ & $1$ & $-0.0316489$ & $0.0119087$ & $0.359752$ & $0.0365653$ & $0.195153$ & $-0.0186899$ & $-0.0207673$ & $0.0244605$ & $-0.132153$ & $0.0183826$ & $-0.193061$ & $-0.390005$ & $0.142608$ \\
eHWWint & $0.241999$ & $0.148194$ & $-0.0107983$ & $-0.121201$ & $0.00321121$ & $0.0173941$ & $0.0143257$ & $0.0017478$ & $0.00158978$ & $0.000739263$ & $0.00715238$ & $0.0101517$ & $0.00615903$ & $-0.0210923$ & $-0.00609072$ & $-0.00697331$ & $-0.020852$ & $-0.0179993$ & $-0.018294$ & $-0.00751309$ & $-0.00487166$ & $-0.00806553$ & $0.00212004$ & $-0.0307801$ & $-0.0417395$ & $-0.0106647$ & $-0.00471912$ & $-0.00495$ & $0.00334936$ & $-0.0936106$ & $-0.126969$ & $-0.0111833$ & $0.0113599$ & $0.0119813$ & $-0.0211633$ & $-0.0316489$ & $1$ & $-0.0407031$ & $-0.385113$ & $0.0266735$ & $-0.236532$ & $0.00551228$ & $0.119637$ & $0.0370059$ & $0.243827$ & $-0.142629$ & $-0.254907$ & $0.34249$ & $0.275255$ \\
eHWWpar & $-0.0357946$ & $0.0167811$ & $-0.0252135$ & $0.0201707$ & $0.00203918$ & $0.0070879$ & $-0.000809627$ & $0.00475892$ & $0.00441399$ & $-0.00329499$ & $-0.00668348$ & $0.000698613$ & $0.00839601$ & $0.00933646$ & $0.00491442$ & $-0.00442039$ & $0.00126926$ & $-0.00046899$ & $0.00604721$ & $0.00643682$ & $0.00742728$ & $0.00497834$ & $-0.000708411$ & $0.000804861$ & $0.00565974$ & $-0.00281914$ & $0.00338247$ & $0.0121191$ & $-0.00758952$ & $-0.0252045$ & $-0.000804428$ & $-0.00378585$ & $-0.0324437$ & $-0.00151933$ & $0.024361$ & $0.0119087$ & $-0.0407031$ & $1$ & $0.0571935$ & $0.0159333$ & $0.0543064$ & $-0.0117453$ & $0.0178919$ & $0.00882877$ & $-0.00544803$ & $-0.000850024$ & $0.013474$ & $-0.0673189$ & $-0.00954557$ \\
eHZZint & $-0.273553$ & $-0.0521289$ & $-0.1309$ & $0.0197926$ & $0.0114157$ & $-0.00458416$ & $0.0343809$ & $0.0118096$ & $0.0153834$ & $-0.00615386$ & $-0.0130948$ & $-0.0171817$ & $-0.019781$ & $0.0131015$ & $-0.00231712$ & $0.00346467$ & $0.0044455$ & $0.00742498$ & $0.00386723$ & $0.0125049$ & $0.0140252$ & $0.0146903$ & $-0.00326001$ & $0.0132746$ & $0.0324031$ & $0.011809$ & $0.0222417$ & $0.00706546$ & $-0.0136531$ & $0.0133485$ & $0.071055$ & $0.0550711$ & $-0.0202138$ & $0.00905669$ & $-0.0638147$ & $0.359752$ & $-0.385113$ & $0.0571935$ & $1$ & $-0.0277322$ & $0.241418$ & $-0.0434424$ & $0.0628556$ & $-0.468682$ & $-0.258225$ & $0.228055$ & $0.222534$ & $-0.564563$ & $0.0134852$ \\
eHZZpar & $-0.0181225$ & $-0.0338089$ & $0.0159152$ & $-0.0215028$ & $-0.0111633$ & $-0.00904989$ & $0.00110569$ & $0.00473506$ & $0.00669561$ & $0.00714221$ & $-0.00550017$ & $-0.00222683$ & $-0.00343862$ & $0.00507369$ & $-0.0103857$ & $0.0041335$ & $0.00407053$ & $0.0100164$ & $-0.000643451$ & $0.00365194$ & $0.00606417$ & $0.00623573$ & $0.0017807$ & $-0.000793797$ & $0.00785277$ & $-0.000315886$ & $0.0101435$ & $0.00192273$ & $0.00754993$ & $-0.0030284$ & $0.00975792$ & $0.00166554$ & $0.00838013$ & $0.0124442$ & $-0.0484731$ & $0.0365653$ & $0.0266735$ & $0.0159333$ & $-0.0277322$ & $1$ & $0.0343853$ & $-0.0189731$ & $0.0441062$ & $-0.0106912$ & $0.050797$ & $0.0599155$ & $-0.0049508$ & $0.014804$ & $0.0306424$ \\
eHZgaint & $0.218791$ & $0.131602$ & $0.200139$ & $-0.249324$ & $-0.0123361$ & $0.0123464$ & $0.0425265$ & $-0.00404693$ & $0.0169007$ & $-0.0383015$ & $0.0071321$ & $-0.0436199$ & $-0.0260751$ & $-0.00527723$ & $-0.00273372$ & $-0.00812526$ & $-0.0111706$ & $-0.00784644$ & $-0.00337431$ & $-0.00717939$ & $-0.00536202$ & $-0.00365704$ & $0.00635308$ & $-0.0141185$ & $-0.0299914$ & $-0.00842269$ & $-0.00694795$ & $-0.00667883$ & $-0.00201188$ & $0.0325358$ & $0.0980283$ & $0.0338073$ & $-0.0803679$ & $0.00218237$ & $-0.326938$ & $0.195153$ & $-0.236532$ & $0.0543064$ & $0.241418$ & $0.0343853$ & $1$ & $0.0255412$ & $0.365102$ & $0.0971942$ & $0.0549981$ & $0.202706$ & $0.261253$ & $-0.220028$ & $-0.245431$ \\
eHZgapar & $0.0723326$ & $-0.0436764$ & $0.0688148$ & $0.00255767$ & $0.00587263$ & $0.00703827$ & $-0.0116346$ & $-0.00811884$ & $-0.00804028$ & $-0.00611815$ & $0.0133401$ & $-0.00188579$ & $0.0071734$ & $-0.00751064$ & $-0.0104675$ & $-0.018998$ & $-0.0116832$ & $-0.00299519$ & $0.00393653$ & $-0.0154387$ & $-0.0130066$ & $-0.014102$ & $0.00483894$ & $-0.00612696$ & $-0.0130668$ & $0.000677159$ & $-0.00392273$ & $0.0099198$ & $-0.0034248$ & $-0.00296633$ & $0.0105707$ & $-0.011978$ & $0.0181594$ & $-0.00190792$ & $0.0154898$ & $-0.0186899$ & $0.00551228$ & $-0.0117453$ & $-0.0434424$ & $-0.0189731$ & $0.0255412$ & $1$ & $0.0272629$ & $-0.054443$ & $-0.0376787$ & $-0.0314449$ & $0.0598542$ & $0.0709274$ & $0.0208216$ \\
eHgagaint & $0.121474$ & $-0.076632$ & $-0.0255196$ & $-0.498323$ & $-0.01771$ & $0.00770649$ & $0.0371202$ & $-0.000170372$ & $0.0425802$ & $-0.0187209$ & $0.00710641$ & $-0.0248122$ & $-0.0113781$ & $-0.00866464$ & $-0.0134216$ & $-0.0171845$ & $-0.0153173$ & $-0.00511701$ & $-0.00536414$ & $-0.0116975$ & $-0.00739178$ & $-0.0121882$ & $0.00276055$ & $-0.0178402$ & $-0.0171944$ & $0.0012497$ & $0.00492494$ & $-0.00666379$ & $0.00396721$ & $-0.0118761$ & $0.0471733$ & $0.0262472$ & $0.040006$ & $0.00627029$ & $-0.141566$ & $-0.0207673$ & $0.119637$ & $0.0178919$ & $0.0628556$ & $0.0441062$ & $0.365102$ & $0.0272629$ & $1$ & $0.00261761$ & $0.0462399$ & $0.207503$ & $0.130027$ & $-0.0881931$ & $0.161298$ \\
eHmumuint & $0.0303584$ & $0.109222$ & $0.197231$ & $0.0849136$ & $-0.0174755$ & $0.00210184$ & $-0.0309724$ & $-0.0117458$ & $-0.0113588$ & $0.00801544$ & $0.00273216$ & $0.00144172$ & $0.00450936$ & $0.00958626$ & $-0.0003956$ & $0.0113257$ & $0.0183665$ & $0.0161945$ & $0.00727939$ & $7.18908e-05$ & $-0.00154731$ & $-0.00106267$ & $0.000262613$ & $0.00752781$ & $0.0148891$ & $-0.00488667$ & $-0.00720486$ & $-0.0149954$ & $0.00569574$ & $-0.00152625$ & $-0.0406393$ & $-0.0437074$ & $0.024408$ & $-0.00375683$ & $-0.0964801$ & $0.0244605$ & $0.0370059$ & $0.00882877$ & $-0.468682$ & $-0.0106912$ & $0.0971942$ & $-0.054443$ & $0.00261761$ & $1$ & $0.155882$ & $-0.0651681$ & $-0.181387$ & $0.162288$ & $0.0223477$ \\
eHtautauint & $-0.00524488$ & $-0.205703$ & $-0.0540144$ & $-0.11853$ & $-0.00686376$ & $-0.00458723$ & $-0.0101994$ & $0.00772099$ & $0.00982166$ & $-0.0153496$ & $-0.0133163$ & $-0.0392622$ & $-0.0279063$ & $0.0156989$ & $0.0134683$ & $0.00876761$ & $0.0132555$ & $0.00475824$ & $0.0100121$ & $0.0106834$ & $0.00828633$ & $0.00852046$ & $-0.00526554$ & $0.00624249$ & $0.00468532$ & $-0.00794955$ & $-0.0109073$ & $-0.0110865$ & $0.0106769$ & $0.0296252$ & $-0.04424$ & $-0.0353862$ & $0.0486872$ & $-0.0116746$ & $-0.208915$ & $-0.132153$ & $0.243827$ & $-0.00544803$ & $-0.258225$ & $0.050797$ & $0.0549981$ & $-0.0376787$ & $0.0462399$ & $0.155882$ & $1$ & $0.000154961$ & $-0.183257$ & $0.455357$ & $0.0754836$ \\
eHccint & $-0.067004$ & $-0.024968$ & $-0.0136362$ & $-0.187815$ & $0.0085785$ & $0.0100712$ & $0.0330959$ & $-0.000939024$ & $0.0142632$ & $-0.00783118$ & $-0.00180181$ & $-0.0484899$ & $-0.0422457$ & $0.0147652$ & $-0.0119305$ & $-0.00493986$ & $0.00338187$ & $0.0153667$ & $0.0102911$ & $0.00100822$ & $0.0030387$ & $0.00438612$ & $0.0128877$ & $0.0105297$ & $0.0225876$ & $-0.00353052$ & $0.0176489$ & $0.000724469$ & $0.00431097$ & $0.00744665$ & $0.0743981$ & $0.0154763$ & $-0.121383$ & $0.005948$ & $-0.30093$ & $0.0183826$ & $-0.142629$ & $-0.000850024$ & $0.228055$ & $0.0599155$ & $0.202706$ & $-0.0314449$ & $0.207503$ & $-0.0651681$ & $0.000154961$ & $1$ & $0.0915809$ & $-0.214075$ & $-0.287541$ \\
eHccpar & $0.27409$ & $-0.303327$ & $-0.0185861$ & $-0.0158172$ & $0.0175909$ & $-0.0056084$ & $0.0264332$ & $0.0125661$ & $0.0221883$ & $-0.0214684$ & $-0.012194$ & $-0.0147433$ & $0.000603148$ & $0.00741651$ & $0.0105024$ & $0.010063$ & $-0.00285969$ & $-0.00486769$ & $-0.00500875$ & $0.00726292$ & $0.00497239$ & $0.0054236$ & $0.00219322$ & $-0.0122071$ & $-0.029454$ & $-0.014374$ & $-0.0141868$ & $-0.00293509$ & $-0.00290142$ & $0.0172412$ & $0.271114$ & $0.032209$ & $0.00132482$ & $-0.0111751$ & $0.0609172$ & $-0.193061$ & $-0.254907$ & $0.013474$ & $0.222534$ & $-0.0049508$ & $0.261253$ & $0.0598542$ & $0.130027$ & $-0.181387$ & $-0.183257$ & $0.0915809$ & $1$ & $-0.0564299$ & $-0.0663892$ \\
eHbbint & $0.159432$ & $-0.0976524$ & $0.023656$ & $0.00750973$ & $0.00505475$ & $0.00714748$ & $-0.00695563$ & $-0.0132635$ & $-0.0152313$ & $0.00650073$ & $0.014284$ & $0.00104828$ & $-0.00179518$ & $-0.00565116$ & $-0.00204341$ & $0.00086043$ & $-0.00470363$ & $0.000444238$ & $-0.00222441$ & $-0.0150808$ & $-0.0175385$ & $-0.0189177$ & $-0.00139782$ & $0.000707914$ & $-0.0219259$ & $-0.000586148$ & $-0.0239174$ & $-0.00532949$ & $0.0149204$ & $0.00641921$ & $-0.026806$ & $-0.027679$ & $0.147098$ & $-0.0131777$ & $-0.0607028$ & $-0.390005$ & $0.34249$ & $-0.0673189$ & $-0.564563$ & $0.014804$ & $-0.220028$ & $0.0709274$ & $-0.0881931$ & $0.162288$ & $0.455357$ & $-0.214075$ & $-0.0564299$ & $1$ & $0.185888$ \\
eHbbpar & $-0.138536$ & $-0.256651$ & $0.0741289$ & $0.195005$ & $-0.0128373$ & $0.00825448$ & $-0.0165345$ & $0.00537172$ & $0.00839352$ & $0.0189817$ & $0.000103634$ & $0.0193462$ & $0.00665446$ & $-0.0021531$ & $-0.00248977$ & $0.00803103$ & $-0.00565384$ & $-0.00126745$ & $-0.00849545$ & $-0.00268458$ & $-0.00316389$ & $-0.0060424$ & $-0.00219154$ & $0.00106433$ & $0.00682375$ & $0.00401506$ & $-0.00250103$ & $-0.00650595$ & $0.00518772$ & $-0.0325979$ & $-0.0448097$ & $-0.0141731$ & $0.355303$ & $-0.00260104$ & $0.0361102$ & $0.142608$ & $0.275255$ & $-0.00954557$ & $0.0134852$ & $0.0306424$ & $-0.245431$ & $0.0208216$ & $0.161298$ & $0.0223477$ & $0.0754836$ & $-0.287541$ & $-0.0663892$ & $0.185888$ & $1$ \\
