 & AlsMz & dAle5Mz & mtop & mHl & Mz & CW & CHG & CHWB & CHWHB_gaga & CHWHB_gagaorth & CHD & CHbox & CH & CHL1_11 & CHL1_22 & CHL1_33 & CHL3_11 & CHL3_22 & CHL3_33 & CHe_11 & CHe_22 & CHe_33 & CHQ1_11 & CHQ1_33 & CHQ3_11 & CHu_11 & CHd_11 & CHd_33 & CeH_22r & CeH_33r & CuH_22r & CuH_33r & CdH_33r & CLL_1221 & eHggint & eHggpar & eHWWint & eHWWpar & eHZZint & eHZZpar & eHZgaint & eHZgapar & eHgagaint & eHmumuint & eHtautauint & eHccint & eHccpar & eHbbint & eHbbpar \\
AlsMz & $1$ & $0.0294635$ & $-0.0532222$ & $0.0430998$ & $0.00308733$ & $0.00449103$ & $-0.00693201$ & $-0.0132223$ & $-0.0219824$ & $0.0254577$ & $0.00192463$ & $0.00310524$ & $-0.0155327$ & $-0.00767021$ & $-0.0164278$ & $-0.0228541$ & $0.00864762$ & $0.0145655$ & $0.0172058$ & $-0.0100906$ & $-0.0087754$ & $-0.00918861$ & $0.0116953$ & $-0.0504225$ & $-0.107298$ & $-0.0405666$ & $-0.0189716$ & $0.00722786$ & $-0.00873561$ & $-0.0289252$ & $0.0239854$ & $-0.00262991$ & $-0.0411618$ & $0.00515702$ & $0.0783792$ & $0.010203$ & $0.0226942$ & $-0.0278027$ & $0.015345$ & $0.00182154$ & $-0.00426227$ & $0.00769526$ & $-0.0286991$ & $0.0503127$ & $-0.0134833$ & $0.0765104$ & $0.0589955$ & $0.0344019$ & $-0.0450168$ \\
dAle5Mz & $0.0294635$ & $1$ & $-0.0457283$ & $0.129499$ & $0.00284634$ & $0.0366745$ & $-0.00982159$ & $-0.0653$ & $-0.0633413$ & $0.00856927$ & $0.052602$ & $0.0114493$ & $0.00445471$ & $-0.0256508$ & $1.58383e-05$ & $-0.00560211$ & $-0.00781317$ & $-0.0113954$ & $-0.0040231$ & $-0.029333$ & $-0.0302361$ & $-0.027665$ & $0.0255829$ & $-0.00346646$ & $-0.0117853$ & $-0.00402257$ & $-0.0196273$ & $-0.0200207$ & $-0.00987281$ & $0.0145837$ & $0.000610884$ & $-0.00238367$ & $0.0381777$ & $0.00561198$ & $0.0272839$ & $-0.074117$ & $-0.00912961$ & $0.0109776$ & $0.0324923$ & $0.00235505$ & $0.0464513$ & $0.00573962$ & $-0.0352849$ & $-0.0228819$ & $0.0712736$ & $0.0336005$ & $0.0189598$ & $0.00496188$ & $0.0580922$ \\
mtop & $-0.0532222$ & $-0.0457283$ & $1$ & $-0.103022$ & $0.0190331$ & $-0.0182215$ & $-0.038997$ & $-0.00199701$ & $-0.00285017$ & $0.00184162$ & $0.0203746$ & $0.00752082$ & $0.00598268$ & $-0.0165808$ & $-0.0161278$ & $-0.0161612$ & $-0.019401$ & $-0.00787555$ & $-0.0105005$ & $-0.0154066$ & $-0.0108834$ & $-0.0170894$ & $0.0207005$ & $-0.00836297$ & $-0.0105455$ & $0.0128877$ & $0.00855825$ & $-0.0104873$ & $0.0116794$ & $0.00781934$ & $0.0137171$ & $-0.038256$ & $0.00420433$ & $0.0104273$ & $0.00722679$ & $-0.0287289$ & $-0.0969506$ & $-0.00733398$ & $0.093094$ & $-0.0206339$ & $-0.0271151$ & $0.0202161$ & $0.0277085$ & $-0.0340087$ & $-0.124697$ & $-0.118587$ & $0.0351804$ & $0.0144572$ & $-0.00883157$ \\
mHl & $0.0430998$ & $0.129499$ & $-0.103022$ & $1$ & $-0.00932055$ & $-0.000233405$ & $0.0313061$ & $-0.0153441$ & $-0.0159411$ & $0.0082617$ & $-0.000760998$ & $0.000525592$ & $-0.000786728$ & $0.00160938$ & $0.0163205$ & $0.00649917$ & $0.0389891$ & $0.0119603$ & $0.0214623$ & $0.00417557$ & $-0.000376406$ & $0.00500173$ & $-0.0154622$ & $0.0209461$ & $0.020321$ & $-0.000434553$ & $-0.00723558$ & $-0.0212382$ & $0.00679419$ & $0.0134636$ & $-0.00659427$ & $0.0374214$ & $0.0395511$ & $-0.0101529$ & $-0.0306964$ & $-0.0187281$ & $0.0596764$ & $-0.0066981$ & $0.0607775$ & $-0.0284316$ & $0.0727031$ & $-0.0129898$ & $-0.0688235$ & $0.0961613$ & $-0.0399769$ & $0.108093$ & $-0.0448483$ & $-0.0495356$ & $0.0917583$ \\
Mz & $0.00308733$ & $0.00284634$ & $0.0190331$ & $-0.00932055$ & $1$ & $0.0147112$ & $-0.00685805$ & $-0.00799284$ & $-0.00659585$ & $0.00897695$ & $0.0227676$ & $0.0116342$ & $-0.00611172$ & $-0.0150152$ & $-0.00651927$ & $-0.00420876$ & $-0.0137783$ & $-0.0103878$ & $-0.0137427$ & $-0.0143544$ & $-0.011948$ & $-0.0156889$ & $0.0152912$ & $-0.00373017$ & $-0.0200069$ & $-0.00712879$ & $-0.0113692$ & $0.00677348$ & $-0.00803427$ & $0.00840276$ & $0.00821672$ & $-0.000796787$ & $0.00896794$ & $-0.0030021$ & $0.0065288$ & $0.0223052$ & $0.0150883$ & $0.0258529$ & $0.00281942$ & $0.0131796$ & $-0.00449346$ & $-0.0150804$ & $0.0107473$ & $-0.0310811$ & $0.00130455$ & $-0.0229516$ & $0.0132829$ & $0.00663897$ & $0.00487522$ \\
CW & $0.00449103$ & $0.0366745$ & $-0.0182215$ & $-0.000233405$ & $0.0147112$ & $1$ & $-0.0336745$ & $-0.153546$ & $-0.149589$ & $0.0454421$ & $0.197991$ & $0.0586264$ & $0.00126896$ & $0.0338225$ & $-0.0766323$ & $-0.0929736$ & $-0.252414$ & $-0.0341621$ & $-0.0226534$ & $-0.194605$ & $-0.199225$ & $-0.200971$ & $-0.0103721$ & $0.0279162$ & $-0.072336$ & $0.10919$ & $-0.0916177$ & $-0.0591395$ & $-0.0187149$ & $-0.00252223$ & $-0.00337398$ & $-0.0290584$ & $-0.00715428$ & $-0.139456$ & $0.00904801$ & $0.0128006$ & $0.00595433$ & $-0.0252964$ & $0.00265009$ & $0.00398694$ & $0.0182172$ & $-0.0354108$ & $0.0108144$ & $0.00132041$ & $-0.00725967$ & $-0.0194779$ & $-0.00542617$ & $0.0155603$ & $-0.0146111$ \\
CHG & $-0.00693201$ & $-0.00982159$ & $-0.038997$ & $0.0313061$ & $-0.00685805$ & $-0.0336745$ & $1$ & $-0.0245339$ & $0.028389$ & $0.0195174$ & $0.00587087$ & $-0.10342$ & $-0.180129$ & $0.0266902$ & $-0.0174154$ & $0.0198736$ & $0.0390243$ & $0.0496576$ & $0.0229256$ & $-0.00457189$ & $-0.00793163$ & $-0.00345922$ & $0.0186851$ & $0.0310372$ & $0.0409977$ & $-0.0140779$ & $-0.00971267$ & $-0.00674754$ & $0.00934248$ & $-0.0581882$ & $-0.0432452$ & $0.937123$ & $-0.0805292$ & $-0.00314361$ & $-0.0016093$ & $-0.0303131$ & $0.0047409$ & $0.00725303$ & $-0.021852$ & $-0.0146878$ & $0.00920373$ & $-0.0066579$ & $-4.34986e-05$ & $0.00304465$ & $0.00699036$ & $-0.0162555$ & $-0.0229834$ & $-0.0361576$ & $0.0174575$ \\
CHWB & $-0.0132223$ & $-0.0653$ & $-0.00199701$ & $-0.0153441$ & $-0.00799284$ & $-0.153546$ & $-0.0245339$ & $1$ & $0.980929$ & $-0.54888$ & $-0.889826$ & $-0.148981$ & $0.195469$ & $0.167073$ & $0.291884$ & $0.294667$ & $-0.165732$ & $-0.375018$ & $-0.377034$ & $0.86053$ & $0.905976$ & $0.889032$ & $0.064393$ & $-0.637719$ & $-0.342679$ & $-0.514037$ & $0.419881$ & $0.301398$ & $0.0178956$ & $0.0413153$ & $0.0312615$ & $-0.0387019$ & $0.046583$ & $0.545119$ & $-0.0308442$ & $-0.0100905$ & $0.00566937$ & $0.014269$ & $-0.0109684$ & $0.0257892$ & $0.00815689$ & $0.0203553$ & $0.0174024$ & $-0.0141902$ & $-0.0198537$ & $-0.0056723$ & $0.00913167$ & $-0.0207318$ & $0.0153959$ \\
CHWHB_gaga & $-0.0219824$ & $-0.0633413$ & $-0.00285017$ & $-0.0159411$ & $-0.00659585$ & $-0.149589$ & $0.028389$ & $0.980929$ & $1$ & $-0.541333$ & $-0.869241$ & $-0.13454$ & $0.187749$ & $0.156182$ & $0.283283$ & $0.288161$ & $-0.169383$ & $-0.372566$ & $-0.375976$ & $0.840448$ & $0.885499$ & $0.869395$ & $0.0620461$ & $-0.630056$ & $-0.341603$ & $-0.501534$ & $0.411841$ & $0.291841$ & $0.0251693$ & $0.0627152$ & $0.0395945$ & $0.00328632$ & $0.0705707$ & $0.537546$ & $-0.048291$ & $-0.0228271$ & $0.00180407$ & $0.0166132$ & $-0.0125704$ & $0.0193873$ & $0.012691$ & $0.0206226$ & $0.0880249$ & $-0.0189262$ & $-0.0290094$ & $-0.00472729$ & $-0.000112193$ & $-0.0286542$ & $0.0192228$ \\
CHWHB_gagaorth & $0.0254577$ & $0.00856927$ & $0.00184162$ & $0.0082617$ & $0.00897695$ & $0.0454421$ & $0.0195174$ & $-0.54888$ & $-0.541333$ & $1$ & $0.352113$ & $0.497492$ & $-0.128339$ & $0.188651$ & $-0.11972$ & $-0.11909$ & $0.379358$ & $0.445801$ & $0.442042$ & $-0.337961$ & $-0.368651$ & $-0.361245$ & $-0.0626194$ & $0.521609$ & $0.429313$ & $0.220876$ & $-0.231333$ & $-0.109723$ & $-0.0135584$ & $-0.0999778$ & $-0.060422$ & $0.0463109$ & $-0.102725$ & $-0.328736$ & $0.0869078$ & $0.0161728$ & $0.0166$ & $-0.0113205$ & $0.0241529$ & $-0.00972022$ & $-0.0647689$ & $0.00329726$ & $-0.0169811$ & $0.00167443$ & $0.00994386$ & $-0.00294505$ & $0.00985321$ & $0.00888807$ & $-0.00206065$ \\
CHD & $0.00192463$ & $0.052602$ & $0.0203746$ & $-0.000760998$ & $0.0227676$ & $0.197991$ & $0.00587087$ & $-0.889826$ & $-0.869241$ & $0.352113$ & $1$ & $0.218686$ & $-0.0930639$ & $-0.549829$ & $-0.412373$ & $-0.412226$ & $-0.264833$ & $0.0340975$ & $0.0390029$ & $-0.990277$ & $-0.990921$ & $-0.969248$ & $-0.00877772$ & $0.289038$ & $-0.0128131$ & $0.564638$ & $-0.291666$ & $-0.336248$ & $-0.0143474$ & $-0.0298208$ & $-0.0169548$ & $0.0242708$ & $-0.0351116$ & $-0.359573$ & $0.0322919$ & $0.0154444$ & $-0.00691599$ & $-0.0117853$ & $0.007696$ & $-0.0321044$ & $0.010487$ & $-0.0244893$ & $-0.00811093$ & $0.0150166$ & $0.00977179$ & $0.00348099$ & $-0.00570733$ & $0.0269733$ & $-0.0112487$ \\
CHbox & $0.00310524$ & $0.0114493$ & $0.00752082$ & $0.000525592$ & $0.0116342$ & $0.0586264$ & $-0.10342$ & $-0.148981$ & $-0.13454$ & $0.497492$ & $0.218686$ & $1$ & $0.526213$ & $-0.207647$ & $-0.0307877$ & $-0.0259171$ & $-0.172444$ & $-0.11918$ & $-0.124801$ & $-0.20117$ & $-0.223379$ & $-0.218739$ & $-0.0311321$ & $-0.00644482$ & $-0.126015$ & $0.143709$ & $-0.107188$ & $-0.0667649$ & $0.0394568$ & $0.220508$ & $0.0428017$ & $-0.022792$ & $0.233871$ & $-0.099749$ & $0.103582$ & $0.0673592$ & $0.00032857$ & $-0.00468603$ & $0.0189713$ & $0.00579989$ & $-0.0240967$ & $-0.00768784$ & $-0.0222563$ & $-0.00603818$ & $0.0196365$ & $0.00692781$ & $0.000182779$ & $-0.00387897$ & $-0.0224229$ \\
CH & $-0.0155327$ & $0.00445471$ & $0.00598268$ & $-0.000786728$ & $-0.00611172$ & $0.00126896$ & $-0.180129$ & $0.195469$ & $0.187749$ & $-0.128339$ & $-0.0930639$ & $0.526213$ & $1$ & $-0.1355$ & $0.0197473$ & $0.0376814$ & $-0.202761$ & $-0.205447$ & $-0.220838$ & $0.090325$ & $0.101251$ & $0.0972467$ & $0.00702354$ & $-0.230741$ & $-0.212591$ & $-0.040497$ & $0.0784567$ & $0.0370247$ & $0.0351366$ & $0.145943$ & $0.0642776$ & $-0.150806$ & $0.155301$ & $0.13494$ & $0.00841433$ & $0.0235923$ & $-0.000676743$ & $-0.00095336$ & $0.00463563$ & $0.018212$ & $-0.00491196$ & $-0.0169845$ & $-0.00470155$ & $0.00357282$ & $0.0180562$ & $-0.00239914$ & $-0.00710112$ & $-0.0205687$ & $-0.0229456$ \\
CHL1_11 & $-0.00767021$ & $-0.0256508$ & $-0.0165808$ & $0.00160938$ & $-0.0150152$ & $0.0338225$ & $0.0266902$ & $0.167073$ & $0.156182$ & $0.188651$ & $-0.549829$ & $-0.207647$ & $-0.1355$ & $1$ & $0.291218$ & $0.277007$ & $0.63869$ & $0.563589$ & $0.564696$ & $0.568423$ & $0.512161$ & $0.493197$ & $-0.0763749$ & $0.436455$ & $0.569454$ & $-0.294051$ & $-0.0775579$ & $0.180656$ & $-0.0115606$ & $-0.00963915$ & $-0.0282522$ & $0.0100479$ & $-0.011202$ & $-0.184491$ & $-0.0129761$ & $-0.020517$ & $0.0053831$ & $-0.0119404$ & $-0.00477284$ & $0.0116678$ & $-0.030364$ & $0.00494145$ & $0.00541996$ & $-0.0106516$ & $0.00763641$ & $-0.0058952$ & $-0.00765948$ & $-0.0177795$ & $-0.0115482$ \\
CHL1_22 & $-0.0164278$ & $1.58383e-05$ & $-0.0161278$ & $0.0163205$ & $-0.00651927$ & $-0.0766323$ & $-0.0174154$ & $0.291884$ & $0.283283$ & $-0.11972$ & $-0.412373$ & $-0.0307877$ & $0.0197473$ & $0.291218$ & $1$ & $0.447198$ & $0.17821$ & $-0.466085$ & $-0.028826$ & $0.479217$ & $0.326772$ & $0.313905$ & $-0.178358$ & $0.140799$ & $-0.133685$ & $-0.184147$ & $-0.408521$ & $0.124997$ & $0.0100939$ & $0.0370748$ & $0.0177674$ & $-0.0195728$ & $0.0291935$ & $-0.613218$ & $-0.0276426$ & $-0.0078545$ & $-0.00322971$ & $-0.01139$ & $0.0101646$ & $0.00474702$ & $0.00155611$ & $0.0131961$ & $-0.0173813$ & $0.0095012$ & $-0.00247025$ & $0.00116811$ & $0.00546769$ & $0.00202331$ & $0.0105534$ \\
CHL1_33 & $-0.0228541$ & $-0.00560211$ & $-0.0161612$ & $0.00649917$ & $-0.00420876$ & $-0.0929736$ & $0.0198736$ & $0.294667$ & $0.288161$ & $-0.11909$ & $-0.412226$ & $-0.0259171$ & $0.0376814$ & $0.277007$ & $0.447198$ & $1$ & $0.184541$ & $-0.0208214$ & $-0.460633$ & $0.477345$ & $0.330117$ & $0.345753$ & $-0.15931$ & $0.134542$ & $-0.116167$ & $-0.196156$ & $-0.381042$ & $0.141179$ & $0.00315588$ & $0.034591$ & $0.00687924$ & $0.0260053$ & $0.0198412$ & $-0.107567$ & $-0.0260235$ & $0.0127756$ & $-0.0139847$ & $-0.00691736$ & $-0.0131085$ & $0.00804679$ & $0.0108231$ & $0.00228826$ & $-0.019704$ & $0.00873301$ & $0.00646677$ & $-0.00582748$ & $0.00474151$ & $-0.0432204$ & $-0.00941827$ \\
CHL3_11 & $0.00864762$ & $-0.00781317$ & $-0.019401$ & $0.0389891$ & $-0.0137783$ & $-0.252414$ & $0.0390243$ & $-0.165732$ & $-0.169383$ & $0.379358$ & $-0.264833$ & $-0.172444$ & $-0.202761$ & $0.63869$ & $0.17821$ & $0.184541$ & $1$ & $0.707444$ & $0.693989$ & $0.286687$ & $0.233222$ & $0.224109$ & $-0.0785387$ & $0.636609$ & $0.751724$ & $-0.133851$ & $-0.131345$ & $0.0899922$ & $0.00273943$ & $-0.0257491$ & $-0.0234011$ & $0.0279885$ & $-0.0185833$ & $-0.200061$ & $-0.00612281$ & $-0.0130955$ & $0.00278706$ & $0.00933308$ & $0.0106577$ & $0.0190836$ & $-0.0403958$ & $0.017614$ & $-0.0196781$ & $-0.00640048$ & $0.0131261$ & $0.0004521$ & $-0.00814139$ & $-0.0178107$ & $0.00342566$ \\
CHL3_22 & $0.0145655$ & $-0.0113954$ & $-0.00787555$ & $0.0119603$ & $-0.0103878$ & $-0.0341621$ & $0.0496576$ & $-0.375018$ & $-0.372566$ & $0.445801$ & $0.0340975$ & $-0.11918$ & $-0.205447$ & $0.563589$ & $-0.466085$ & $-0.0208214$ & $0.707444$ & $1$ & $0.632426$ & $-0.039267$ & $-0.0240791$ & $-0.0227583$ & $0.0142676$ & $0.565766$ & $0.773439$ & $0.00852799$ & $0.0398528$ & $-0.0048415$ & $-0.0142657$ & $-0.0462646$ & $-0.0412085$ & $0.0424923$ & $-0.0413104$ & $0.106376$ & $0.0120319$ & $-0.00438928$ & $0.0020777$ & $0.00259752$ & $-0.0015776$ & $0.00838652$ & $-0.0362197$ & $-0.00358429$ & $-0.00227664$ & $-0.00902905$ & $0.0164613$ & $-0.00191125$ & $-0.0131649$ & $-0.0161133$ & $-0.0169486$ \\
CHL3_33 & $0.0172058$ & $-0.0040231$ & $-0.0105005$ & $0.0214623$ & $-0.0137427$ & $-0.0226534$ & $0.0229256$ & $-0.377034$ & $-0.375976$ & $0.442042$ & $0.0390029$ & $-0.124801$ & $-0.220838$ & $0.564696$ & $-0.028826$ & $-0.460633$ & $0.693989$ & $0.632426$ & $1$ & $-0.0441045$ & $-0.0285104$ & $-0.0283062$ & $0.00414635$ & $0.560977$ & $0.761457$ & $0.0203414$ & $0.0344714$ & $-0.0211585$ & $-0.0092386$ & $-0.0440061$ & $-0.0286126$ & $0.00909237$ & $-0.034151$ & $-0.297503$ & $0.010503$ & $-0.024111$ & $0.0112453$ & $0.00237673$ & $0.0117534$ & $0.00469932$ & $-0.0426339$ & $0.00811994$ & $-0.00214621$ & $-0.0131913$ & $0.0132249$ & $0.00568186$ & $-0.00751345$ & $0.0184819$ & $0.00256599$ \\
CHe_11 & $-0.0100906$ & $-0.029333$ & $-0.0154066$ & $0.00417557$ & $-0.0143544$ & $-0.194605$ & $-0.00457189$ & $0.86053$ & $0.840448$ & $-0.337961$ & $-0.990277$ & $-0.20117$ & $0.090325$ & $0.568423$ & $0.479217$ & $0.477345$ & $0.286687$ & $-0.039267$ & $-0.0441045$ & $1$ & $0.972285$ & $0.951306$ & $-0.0138492$ & $-0.231719$ & $0.0189824$ & $-0.555017$ & $0.216923$ & $0.331967$ & $0.0138548$ & $0.0318882$ & $0.0168851$ & $-0.0211072$ & $0.0347859$ & $0.278993$ & $-0.0338471$ & $-0.0147319$ & $0.00477547$ & $0.0108814$ & $-0.00486284$ & $0.0312594$ & $-0.00865049$ & $0.022872$ & $0.00438836$ & $-0.014649$ & $-0.00847814$ & $-0.00452289$ & $0.00704733$ & $-0.0269526$ & $0.00903102$ \\
CHe_22 & $-0.0087754$ & $-0.0302361$ & $-0.0108834$ & $-0.000376406$ & $-0.011948$ & $-0.199225$ & $-0.00793163$ & $0.905976$ & $0.885499$ & $-0.368651$ & $-0.990921$ & $-0.223379$ & $0.101251$ & $0.512161$ & $0.326772$ & $0.330117$ & $0.233222$ & $-0.0240791$ & $-0.0285104$ & $0.972285$ & $1$ & $0.974898$ & $0.0371169$ & $-0.346887$ & $0.0104889$ & $-0.567226$ & $0.37296$ & $0.334173$ & $0.0152911$ & $0.0290637$ & $0.0173522$ & $-0.0274434$ & $0.0354322$ & $0.446554$ & $-0.0307526$ & $-0.017492$ & $0.00792597$ & $0.0151979$ & $-0.0066888$ & $0.0330246$ & $-0.00740836$ & $0.0254726$ & $0.0112178$ & $-0.0203452$ & $-0.0111139$ & $-0.00444874$ & $0.00611752$ & $-0.0270416$ & $0.0137665$ \\
CHe_33 & $-0.00918861$ & $-0.027665$ & $-0.0170894$ & $0.00500173$ & $-0.0156889$ & $-0.200971$ & $-0.00345922$ & $0.889032$ & $0.869395$ & $-0.361245$ & $-0.969248$ & $-0.218739$ & $0.0972467$ & $0.493197$ & $0.313905$ & $0.345753$ & $0.224109$ & $-0.0227583$ & $-0.0283062$ & $0.951306$ & $0.974898$ & $1$ & $0.0379321$ & $-0.343745$ & $0.00797078$ & $-0.555248$ & $0.369191$ & $0.326499$ & $0.0123439$ & $0.0254424$ & $0.0211363$ & $-0.0234128$ & $0.0338509$ & $0.447329$ & $-0.0289498$ & $-0.0224578$ & $0.0074509$ & $0.0149689$ & $-0.0132673$ & $0.0324539$ & $-0.00747663$ & $0.0239989$ & $0.0108505$ & $-0.0194765$ & $-0.00884955$ & $-0.00138524$ & $0.00691292$ & $-0.0247471$ & $0.0181266$ \\
CHQ1_11 & $0.0116953$ & $0.0255829$ & $0.0207005$ & $-0.0154622$ & $0.0152912$ & $-0.0103721$ & $0.0186851$ & $0.064393$ & $0.0620461$ & $-0.0626194$ & $-0.00877772$ & $-0.0311321$ & $0.00702354$ & $-0.0763749$ & $-0.178358$ & $-0.15931$ & $-0.0785387$ & $0.0142676$ & $0.00414635$ & $-0.0138492$ & $0.0371169$ & $0.0379321$ & $1$ & $-0.14529$ & $0.0795771$ & $-0.675274$ & $0.340409$ & $0.000250612$ & $0.00748768$ & $-0.0215373$ & $-0.0163027$ & $0.0113308$ & $-0.021944$ & $0.203611$ & $0.0102964$ & $-0.00157044$ & $0.0097382$ & $-0.00275255$ & $-0.00316816$ & $-0.000226012$ & $0.0239789$ & $0.00481387$ & $0.0024898$ & $-0.0286302$ & $-0.0164902$ & $0.00122994$ & $-0.0122494$ & $0.00133485$ & $-0.00219416$ \\
CHQ1_33 & $-0.0504225$ & $-0.00346646$ & $-0.00836297$ & $0.0209461$ & $-0.00373017$ & $0.0279162$ & $0.0310372$ & $-0.637719$ & $-0.630056$ & $0.521609$ & $0.289038$ & $-0.00644482$ & $-0.230741$ & $0.436455$ & $0.140799$ & $0.134542$ & $0.636609$ & $0.565766$ & $0.560977$ & $-0.231719$ & $-0.346887$ & $-0.343745$ & $-0.14529$ & $1$ & $0.595994$ & $0.197645$ & $-0.42496$ & $-0.000616316$ & $-0.0200759$ & $-0.0262579$ & $-0.031895$ & $0.0353478$ & $-0.0403067$ & $-0.622463$ & $0.00506638$ & $0.00401201$ & $-0.0148068$ & $-0.0192064$ & $0.00421429$ & $-0.00176091$ & $-0.0344426$ & $-0.0039542$ & $-0.0264186$ & $0.00620197$ & $0.0196276$ & $0.00103398$ & $-0.0109413$ & $-0.00412573$ & $-0.0225948$ \\
CHQ3_11 & $-0.107298$ & $-0.0117853$ & $-0.0105455$ & $0.020321$ & $-0.0200069$ & $-0.072336$ & $0.0409977$ & $-0.342679$ & $-0.341603$ & $0.429313$ & $-0.0128131$ & $-0.126015$ & $-0.212591$ & $0.569454$ & $-0.133685$ & $-0.116167$ & $0.751724$ & $0.773439$ & $0.761457$ & $0.0189824$ & $0.0104889$ & $0.00797078$ & $0.0795771$ & $0.595994$ & $1$ & $0.00176206$ & $0.251138$ & $0.00338309$ & $-0.0150794$ & $-0.0552739$ & $-0.037846$ & $0.0304203$ & $-0.024111$ & $-0.147092$ & $0.00489129$ & $-0.0137988$ & $0.0105684$ & $0.0088729$ & $0.00883326$ & $0.00569395$ & $-0.051479$ & $0.0090832$ & $-0.0139088$ & $-0.0134448$ & $0.0200492$ & $0.00479716$ & $-0.0226892$ & $-0.000600042$ & $0.0198693$ \\
CHu_11 & $-0.0405666$ & $-0.00402257$ & $0.0128877$ & $-0.000434553$ & $-0.00712879$ & $0.10919$ & $-0.0140779$ & $-0.514037$ & $-0.501534$ & $0.220876$ & $0.564638$ & $0.143709$ & $-0.040497$ & $-0.294051$ & $-0.184147$ & $-0.196156$ & $-0.133851$ & $0.00852799$ & $0.0203414$ & $-0.555017$ & $-0.567226$ & $-0.555248$ & $-0.675274$ & $0.197645$ & $0.00176206$ & $1$ & $-0.177165$ & $-0.193869$ & $-0.0220573$ & $-0.0101727$ & $0.00427594$ & $0.00112583$ & $4.98026e-05$ & $-0.255721$ & $0.0152325$ & $0.0191142$ & $-0.0110352$ & $0.00113295$ & $0.00714593$ & $-0.0274293$ & $-0.012357$ & $-0.00812969$ & $-0.00468585$ & $0.0308215$ & $0.0206409$ & $0.0013395$ & $0.0119024$ & $0.00743133$ & $0.000978708$ \\
CHd_11 & $-0.0189716$ & $-0.0196273$ & $0.00855825$ & $-0.00723558$ & $-0.0113692$ & $-0.0916177$ & $-0.00971267$ & $0.419881$ & $0.411841$ & $-0.231333$ & $-0.291666$ & $-0.107188$ & $0.0784567$ & $-0.0775579$ & $-0.408521$ & $-0.381042$ & $-0.131345$ & $0.0398528$ & $0.0344714$ & $0.216923$ & $0.37296$ & $0.369191$ & $0.340409$ & $-0.42496$ & $0.251138$ & $-0.177165$ & $1$ & $0.0882703$ & $-0.00466601$ & $-0.0274097$ & $0.00874951$ & $-0.0224148$ & $0.0133158$ & $0.686072$ & $0.0075659$ & $-0.00956404$ & $0.0154815$ & $0.0222182$ & $-0.00338327$ & $0.0113324$ & $-0.0193219$ & $0.0213587$ & $0.00910272$ & $-0.0202991$ & $-0.00540762$ & $0.0143512$ & $-0.00159635$ & $0.00253079$ & $0.0360106$ \\
CHd_33 & $0.00722786$ & $-0.0200207$ & $-0.0104873$ & $-0.0212382$ & $0.00677348$ & $-0.0591395$ & $-0.00674754$ & $0.301398$ & $0.291841$ & $-0.109723$ & $-0.336248$ & $-0.0667649$ & $0.0370247$ & $0.180656$ & $0.124997$ & $0.141179$ & $0.0899922$ & $-0.0048415$ & $-0.0211585$ & $0.331967$ & $0.334173$ & $0.326499$ & $0.000250612$ & $-0.000616316$ & $0.00338309$ & $-0.193869$ & $0.0882703$ & $1$ & $-0.00747985$ & $0.0223766$ & $0.00149419$ & $-0.0105891$ & $0.0234178$ & $0.136851$ & $0.000237883$ & $-0.0228692$ & $-0.0124092$ & $0.0143632$ & $0.00904296$ & $0.00973986$ & $-0.0126165$ & $-0.00101574$ & $-0.00268104$ & $-0.0107883$ & $-0.000808395$ & $0.0132227$ & $-0.00456256$ & $-0.00222158$ & $0.00359427$ \\
CeH_22r & $-0.00873561$ & $-0.00987281$ & $0.0116794$ & $0.00679419$ & $-0.00803427$ & $-0.0187149$ & $0.00934248$ & $0.0178956$ & $0.0251693$ & $-0.0135584$ & $-0.0143474$ & $0.0394568$ & $0.0351366$ & $-0.0115606$ & $0.0100939$ & $0.00315588$ & $0.00273943$ & $-0.0142657$ & $-0.0092386$ & $0.0138548$ & $0.0152911$ & $0.0123439$ & $0.00748768$ & $-0.0200759$ & $-0.0150794$ & $-0.0220573$ & $-0.00466601$ & $-0.00747985$ & $1$ & $0.043543$ & $0.0236302$ & $-0.0113496$ & $0.0474113$ & $0.00924943$ & $-0.0456989$ & $-0.0216499$ & $-0.0173903$ & $0.00525479$ & $-0.0223142$ & $0.00935774$ & $0.00184168$ & $0.00315886$ & $-0.0228431$ & $0.0172427$ & $-0.00507712$ & $0.0104251$ & $-0.0133666$ & $-0.013469$ & $0.00512657$ \\
CeH_33r & $-0.0289252$ & $0.0145837$ & $0.00781934$ & $0.0134636$ & $0.00840276$ & $-0.00252223$ & $-0.0581882$ & $0.0413153$ & $0.0627152$ & $-0.0999778$ & $-0.0298208$ & $0.220508$ & $0.145943$ & $-0.00963915$ & $0.0370748$ & $0.034591$ & $-0.0257491$ & $-0.0462646$ & $-0.0440061$ & $0.0318882$ & $0.0290637$ & $0.0254424$ & $-0.0215373$ & $-0.0262579$ & $-0.0552739$ & $-0.0101727$ & $-0.0274097$ & $0.0223766$ & $0.043543$ & $1$ & $0.293306$ & $0.0768061$ & $0.609434$ & $0.00216283$ & $-0.0581088$ & $-0.0211182$ & $-0.19776$ & $-0.0330247$ & $-0.0306715$ & $0.00674993$ & $0.0179724$ & $0.0229946$ & $-0.0128921$ & $-0.000262543$ & $0.0676543$ & $0.0257271$ & $-0.00207411$ & $-0.016991$ & $-0.00691403$ \\
CuH_22r & $0.0239854$ & $0.000610884$ & $0.0137171$ & $-0.00659427$ & $0.00821672$ & $-0.00337398$ & $-0.0432452$ & $0.0312615$ & $0.0395945$ & $-0.060422$ & $-0.0169548$ & $0.0428017$ & $0.0642776$ & $-0.0282522$ & $0.0177674$ & $0.00687924$ & $-0.0234011$ & $-0.0412085$ & $-0.0286126$ & $0.0168851$ & $0.0173522$ & $0.0211363$ & $-0.0163027$ & $-0.031895$ & $-0.037846$ & $0.00427594$ & $0.00874951$ & $0.00149419$ & $0.0236302$ & $0.293306$ & $1$ & $0.0443341$ & $0.319404$ & $0.0122993$ & $-0.0383447$ & $0.00201103$ & $-0.0925241$ & $-0.0309247$ & $-0.00584044$ & $0.0161021$ & $0.00854312$ & $0.0253868$ & $-0.0241201$ & $0.0340882$ & $-0.0304016$ & $0.064665$ & $0.38545$ & $0.0203074$ & $-0.00374494$ \\
CuH_33r & $-0.00262991$ & $-0.00238367$ & $-0.038256$ & $0.0374214$ & $-0.000796787$ & $-0.0290584$ & $0.937123$ & $-0.0387019$ & $0.00328632$ & $0.0463109$ & $0.0242708$ & $-0.022792$ & $-0.150806$ & $0.0100479$ & $-0.0195728$ & $0.0260053$ & $0.0279885$ & $0.0424923$ & $0.00909237$ & $-0.0211072$ & $-0.0274434$ & $-0.0234128$ & $0.0113308$ & $0.0353478$ & $0.0304203$ & $0.00112583$ & $-0.0224148$ & $-0.0105891$ & $-0.0113496$ & $0.0768061$ & $0.0443341$ & $1$ & $0.0774659$ & $-0.0118843$ & $0.0855853$ & $0.00766652$ & $-0.0226464$ & $0.00704538$ & $-0.00836139$ & $-0.00577224$ & $0.01842$ & $-0.00364792$ & $-0.00088284$ & $0.00356831$ & $0.00800672$ & $-0.014255$ & $-0.00766814$ & $-0.0351908$ & $0.0179635$ \\
CdH_33r & $-0.0411618$ & $0.0381777$ & $0.00420433$ & $0.0395511$ & $0.00896794$ & $-0.00715428$ & $-0.0805292$ & $0.046583$ & $0.0705707$ & $-0.102725$ & $-0.0351116$ & $0.233871$ & $0.155301$ & $-0.011202$ & $0.0291935$ & $0.0198412$ & $-0.0185833$ & $-0.0413104$ & $-0.034151$ & $0.0347859$ & $0.0354322$ & $0.0338509$ & $-0.021944$ & $-0.0403067$ & $-0.024111$ & $4.98026e-05$ & $0.0133158$ & $0.0234178$ & $0.0474113$ & $0.609434$ & $0.319404$ & $0.0774659$ & $1$ & $0.0180668$ & $-0.0649075$ & $-0.0558186$ & $-0.203293$ & $-0.00596856$ & $-0.0512299$ & $0.00830651$ & $-0.00832867$ & $0.0210693$ & $0.00529677$ & $0.0342793$ & $-0.0258524$ & $0.0798675$ & $0.00288897$ & $0.209565$ & $0.483024$ \\
CLL_1221 & $0.00515702$ & $0.00561198$ & $0.0104273$ & $-0.0101529$ & $-0.0030021$ & $-0.139456$ & $-0.00314361$ & $0.545119$ & $0.537546$ & $-0.328736$ & $-0.359573$ & $-0.099749$ & $0.13494$ & $-0.184491$ & $-0.613218$ & $-0.107567$ & $-0.200061$ & $0.106376$ & $-0.297503$ & $0.278993$ & $0.446554$ & $0.447329$ & $0.203611$ & $-0.622463$ & $-0.147092$ & $-0.255721$ & $0.686072$ & $0.136851$ & $0.00924943$ & $0.00216283$ & $0.0122993$ & $-0.0118843$ & $0.0180668$ & $1$ & $-0.00202225$ & $-0.00646079$ & $0.00441632$ & $0.026392$ & $-0.0125863$ & $0.0183659$ & $0.00781547$ & $0.00882038$ & $0.0221044$ & $-0.0191618$ & $-0.0102006$ & $-0.00272408$ & $0.00216941$ & $-0.0209689$ & $0.0133359$ \\
eHggint & $0.0783792$ & $0.0272839$ & $0.00722679$ & $-0.0306964$ & $0.0065288$ & $0.00904801$ & $-0.0016093$ & $-0.0308442$ & $-0.048291$ & $0.0869078$ & $0.0322919$ & $0.103582$ & $0.00841433$ & $-0.0129761$ & $-0.0276426$ & $-0.0260235$ & $-0.00612281$ & $0.0120319$ & $0.010503$ & $-0.0338471$ & $-0.0307526$ & $-0.0289498$ & $0.0102964$ & $0.00506638$ & $0.00489129$ & $0.0152325$ & $0.0075659$ & $0.000237883$ & $-0.0456989$ & $-0.0581088$ & $-0.0383447$ & $0.0855853$ & $-0.0649075$ & $-0.00202225$ & $1$ & $-0.0560934$ & $0.0184305$ & $0.0111332$ & $0.024022$ & $0.0213651$ & $0.0646869$ & $0.00609823$ & $0.0111588$ & $-0.0124179$ & $0.0175551$ & $-0.0754945$ & $0.00902646$ & $0.0605725$ & $-0.0164342$ \\
eHggpar & $0.010203$ & $-0.074117$ & $-0.0287289$ & $-0.0187281$ & $0.0223052$ & $0.0128006$ & $-0.0303131$ & $-0.0100905$ & $-0.0228271$ & $0.0161728$ & $0.0154444$ & $0.0673592$ & $0.0235923$ & $-0.020517$ & $-0.0078545$ & $0.0127756$ & $-0.0130955$ & $-0.00438928$ & $-0.024111$ & $-0.0147319$ & $-0.017492$ & $-0.0224578$ & $-0.00157044$ & $0.00401201$ & $-0.0137988$ & $0.0191142$ & $-0.00956404$ & $-0.0228692$ & $-0.0216499$ & $-0.0211182$ & $0.00201103$ & $0.00766652$ & $-0.0558186$ & $-0.00646079$ & $-0.0560934$ & $1$ & $0.0599563$ & $0.0124036$ & $0.0650795$ & $-0.0152607$ & $0.0178591$ & $-0.0338106$ & $0.00838293$ & $0.00326468$ & $-0.00910653$ & $0.0487998$ & $0.0273111$ & $0.0129565$ & $-0.0299044$ \\
eHWWint & $0.0226942$ & $-0.00912961$ & $-0.0969506$ & $0.0596764$ & $0.0150883$ & $0.00595433$ & $0.0047409$ & $0.00566937$ & $0.00180407$ & $0.0166$ & $-0.00691599$ & $0.00032857$ & $-0.000676743$ & $0.0053831$ & $-0.00322971$ & $-0.0139847$ & $0.00278706$ & $0.0020777$ & $0.0112453$ & $0.00477547$ & $0.00792597$ & $0.0074509$ & $0.0097382$ & $-0.0148068$ & $0.0105684$ & $-0.0110352$ & $0.0154815$ & $-0.0124092$ & $-0.0173903$ & $-0.19776$ & $-0.0925241$ & $-0.0226464$ & $-0.203293$ & $0.00441632$ & $0.0184305$ & $0.0599563$ & $1$ & $-0.00980991$ & $0.0609418$ & $0.00198664$ & $-0.00957027$ & $0.00775807$ & $0.0898351$ & $-0.00844546$ & $0.115496$ & $-0.012213$ & $0.0176823$ & $-0.0641765$ & $0.0588216$ \\
eHWWpar & $-0.0278027$ & $0.0109776$ & $-0.00733398$ & $-0.0066981$ & $0.0258529$ & $-0.0252964$ & $0.00725303$ & $0.014269$ & $0.0166132$ & $-0.0113205$ & $-0.0117853$ & $-0.00468603$ & $-0.00095336$ & $-0.0119404$ & $-0.01139$ & $-0.00691736$ & $0.00933308$ & $0.00259752$ & $0.00237673$ & $0.0108814$ & $0.0151979$ & $0.0149689$ & $-0.00275255$ & $-0.0192064$ & $0.0088729$ & $0.00113295$ & $0.0222182$ & $0.0143632$ & $0.00525479$ & $-0.0330247$ & $-0.0309247$ & $0.00704538$ & $-0.00596856$ & $0.026392$ & $0.0111332$ & $0.0124036$ & $-0.00980991$ & $1$ & $-0.0062322$ & $-0.015156$ & $0.0177518$ & $0.0125222$ & $0.028624$ & $-0.0102522$ & $-0.0318785$ & $0.00668376$ & $-0.0132707$ & $0.01342$ & $0.0258281$ \\
eHZZint & $0.015345$ & $0.0324923$ & $0.093094$ & $0.0607775$ & $0.00281942$ & $0.00265009$ & $-0.021852$ & $-0.0109684$ & $-0.0125704$ & $0.0241529$ & $0.007696$ & $0.0189713$ & $0.00463563$ & $-0.00477284$ & $0.0101646$ & $-0.0131085$ & $0.0106577$ & $-0.0015776$ & $0.0117534$ & $-0.00486284$ & $-0.0066888$ & $-0.0132673$ & $-0.00316816$ & $0.00421429$ & $0.00883326$ & $0.00714593$ & $-0.00338327$ & $0.00904296$ & $-0.0223142$ & $-0.0306715$ & $-0.00584044$ & $-0.00836139$ & $-0.0512299$ & $-0.0125863$ & $0.024022$ & $0.0650795$ & $0.0609418$ & $-0.0062322$ & $1$ & $-0.0120502$ & $0.0171338$ & $-0.0206761$ & $0.0157921$ & $-0.179744$ & $0.0467765$ & $0.0142066$ & $-0.0140172$ & $-0.0897171$ & $0.00569947$ \\
eHZZpar & $0.00182154$ & $0.00235505$ & $-0.0206339$ & $-0.0284316$ & $0.0131796$ & $0.00398694$ & $-0.0146878$ & $0.0257892$ & $0.0193873$ & $-0.00972022$ & $-0.0321044$ & $0.00579989$ & $0.018212$ & $0.0116678$ & $0.00474702$ & $0.00804679$ & $0.0190836$ & $0.00838652$ & $0.00469932$ & $0.0312594$ & $0.0330246$ & $0.0324539$ & $-0.000226012$ & $-0.00176091$ & $0.00569395$ & $-0.0274293$ & $0.0113324$ & $0.00973986$ & $0.00935774$ & $0.00674993$ & $0.0161021$ & $-0.00577224$ & $0.00830651$ & $0.0183659$ & $0.0213651$ & $-0.0152607$ & $0.00198664$ & $-0.015156$ & $-0.0120502$ & $1$ & $-0.0302927$ & $-0.0115851$ & $-0.00719658$ & $-0.00379011$ & $0.04233$ & $0.0239128$ & $-0.0214076$ & $-0.00657153$ & $-0.01268$ \\
eHZgaint & $-0.00426227$ & $0.0464513$ & $-0.0271151$ & $0.0727031$ & $-0.00449346$ & $0.0182172$ & $0.00920373$ & $0.00815689$ & $0.012691$ & $-0.0647689$ & $0.010487$ & $-0.0240967$ & $-0.00491196$ & $-0.030364$ & $0.00155611$ & $0.0108231$ & $-0.0403958$ & $-0.0362197$ & $-0.0426339$ & $-0.00865049$ & $-0.00740836$ & $-0.00747663$ & $0.0239789$ & $-0.0344426$ & $-0.051479$ & $-0.012357$ & $-0.0193219$ & $-0.0126165$ & $0.00184168$ & $0.0179724$ & $0.00854312$ & $0.01842$ & $-0.00832867$ & $0.00781547$ & $0.0646869$ & $0.0178591$ & $-0.00957027$ & $0.0177518$ & $0.0171338$ & $-0.0302927$ & $1$ & $-0.0172842$ & $0.0124166$ & $-0.0518634$ & $0.000957807$ & $-0.0076022$ & $-0.00052531$ & $-0.0967055$ & $-0.027785$ \\
eHZgapar & $0.00769526$ & $0.00573962$ & $0.0202161$ & $-0.0129898$ & $-0.0150804$ & $-0.0354108$ & $-0.0066579$ & $0.0203553$ & $0.0206226$ & $0.00329726$ & $-0.0244893$ & $-0.00768784$ & $-0.0169845$ & $0.00494145$ & $0.0131961$ & $0.00228826$ & $0.017614$ & $-0.00358429$ & $0.00811994$ & $0.022872$ & $0.0254726$ & $0.0239989$ & $0.00481387$ & $-0.0039542$ & $0.0090832$ & $-0.00812969$ & $0.0213587$ & $-0.00101574$ & $0.00315886$ & $0.0229946$ & $0.0253868$ & $-0.00364792$ & $0.0210693$ & $0.00882038$ & $0.00609823$ & $-0.0338106$ & $0.00775807$ & $0.0125222$ & $-0.0206761$ & $-0.0115851$ & $-0.0172842$ & $1$ & $0.0302877$ & $0.0190146$ & $-0.00458777$ & $0.0210002$ & $0.0550089$ & $0.0150461$ & $0.0236231$ \\
eHgagaint & $-0.0286991$ & $-0.0352849$ & $0.0277085$ & $-0.0688235$ & $0.0107473$ & $0.0108144$ & $-4.34986e-05$ & $0.0174024$ & $0.0880249$ & $-0.0169811$ & $-0.00811093$ & $-0.0222563$ & $-0.00470155$ & $0.00541996$ & $-0.0173813$ & $-0.019704$ & $-0.0196781$ & $-0.00227664$ & $-0.00214621$ & $0.00438836$ & $0.0112178$ & $0.0108505$ & $0.0024898$ & $-0.0264186$ & $-0.0139088$ & $-0.00468585$ & $0.00910272$ & $-0.00268104$ & $-0.0228431$ & $-0.0128921$ & $-0.0241201$ & $-0.00088284$ & $0.00529677$ & $0.0221044$ & $0.0111588$ & $0.00838293$ & $0.0898351$ & $0.028624$ & $0.0157921$ & $-0.00719658$ & $0.0124166$ & $0.0302877$ & $1$ & $-0.0760959$ & $-0.0189333$ & $-0.00694015$ & $-0.0508407$ & $-0.0557071$ & $0.071043$ \\
eHmumuint & $0.0503127$ & $-0.0228819$ & $-0.0340087$ & $0.0961613$ & $-0.0310811$ & $0.00132041$ & $0.00304465$ & $-0.0141902$ & $-0.0189262$ & $0.00167443$ & $0.0150166$ & $-0.00603818$ & $0.00357282$ & $-0.0106516$ & $0.0095012$ & $0.00873301$ & $-0.00640048$ & $-0.00902905$ & $-0.0131913$ & $-0.014649$ & $-0.0203452$ & $-0.0194765$ & $-0.0286302$ & $0.00620197$ & $-0.0134448$ & $0.0308215$ & $-0.0202991$ & $-0.0107883$ & $0.0172427$ & $-0.000262543$ & $0.0340882$ & $0.00356831$ & $0.0342793$ & $-0.0191618$ & $-0.0124179$ & $0.00326468$ & $-0.00844546$ & $-0.0102522$ & $-0.179744$ & $-0.00379011$ & $-0.0518634$ & $0.0190146$ & $-0.0760959$ & $1$ & $0.0485603$ & $0.0351728$ & $0.0976785$ & $0.0383878$ & $0.0391181$ \\
eHtautauint & $-0.0134833$ & $0.0712736$ & $-0.124697$ & $-0.0399769$ & $0.00130455$ & $-0.00725967$ & $0.00699036$ & $-0.0198537$ & $-0.0290094$ & $0.00994386$ & $0.00977179$ & $0.0196365$ & $0.0180562$ & $0.00763641$ & $-0.00247025$ & $0.00646677$ & $0.0131261$ & $0.0164613$ & $0.0132249$ & $-0.00847814$ & $-0.0111139$ & $-0.00884955$ & $-0.0164902$ & $0.0196276$ & $0.0200492$ & $0.0206409$ & $-0.00540762$ & $-0.000808395$ & $-0.00507712$ & $0.0676543$ & $-0.0304016$ & $0.00800672$ & $-0.0258524$ & $-0.0102006$ & $0.0175551$ & $-0.00910653$ & $0.115496$ & $-0.0318785$ & $0.0467765$ & $0.04233$ & $0.000957807$ & $-0.00458777$ & $-0.0189333$ & $0.0485603$ & $1$ & $0.0801868$ & $-0.0690847$ & $-0.0275095$ & $-0.0131825$ \\
eHccint & $0.0765104$ & $0.0336005$ & $-0.118587$ & $0.108093$ & $-0.0229516$ & $-0.0194779$ & $-0.0162555$ & $-0.0056723$ & $-0.00472729$ & $-0.00294505$ & $0.00348099$ & $0.00692781$ & $-0.00239914$ & $-0.0058952$ & $0.00116811$ & $-0.00582748$ & $0.0004521$ & $-0.00191125$ & $0.00568186$ & $-0.00452289$ & $-0.00444874$ & $-0.00138524$ & $0.00122994$ & $0.00103398$ & $0.00479716$ & $0.0013395$ & $0.0143512$ & $0.0132227$ & $0.0104251$ & $0.0257271$ & $0.064665$ & $-0.014255$ & $0.0798675$ & $-0.00272408$ & $-0.0754945$ & $0.0487998$ & $-0.012213$ & $0.00668376$ & $0.0142066$ & $0.0239128$ & $-0.0076022$ & $0.0210002$ & $-0.00694015$ & $0.0351728$ & $0.0801868$ & $1$ & $-0.0366441$ & $0.133963$ & $0.0828159$ \\
eHccpar & $0.0589955$ & $0.0189598$ & $0.0351804$ & $-0.0448483$ & $0.0132829$ & $-0.00542617$ & $-0.0229834$ & $0.00913167$ & $-0.000112193$ & $0.00985321$ & $-0.00570733$ & $0.000182779$ & $-0.00710112$ & $-0.00765948$ & $0.00546769$ & $0.00474151$ & $-0.00814139$ & $-0.0131649$ & $-0.00751345$ & $0.00704733$ & $0.00611752$ & $0.00691292$ & $-0.0122494$ & $-0.0109413$ & $-0.0226892$ & $0.0119024$ & $-0.00159635$ & $-0.00456256$ & $-0.0133666$ & $-0.00207411$ & $0.38545$ & $-0.00766814$ & $0.00288897$ & $0.00216941$ & $0.00902646$ & $0.0273111$ & $0.0176823$ & $-0.0132707$ & $-0.0140172$ & $-0.0214076$ & $-0.00052531$ & $0.0550089$ & $-0.0508407$ & $0.0976785$ & $-0.0690847$ & $-0.0366441$ & $1$ & $0.0431494$ & $0.0166908$ \\
eHbbint & $0.0344019$ & $0.00496188$ & $0.0144572$ & $-0.0495356$ & $0.00663897$ & $0.0155603$ & $-0.0361576$ & $-0.0207318$ & $-0.0286542$ & $0.00888807$ & $0.0269733$ & $-0.00387897$ & $-0.0205687$ & $-0.0177795$ & $0.00202331$ & $-0.0432204$ & $-0.0178107$ & $-0.0161133$ & $0.0184819$ & $-0.0269526$ & $-0.0270416$ & $-0.0247471$ & $0.00133485$ & $-0.00412573$ & $-0.000600042$ & $0.00743133$ & $0.00253079$ & $-0.00222158$ & $-0.013469$ & $-0.016991$ & $0.0203074$ & $-0.0351908$ & $0.209565$ & $-0.0209689$ & $0.0605725$ & $0.0129565$ & $-0.0641765$ & $0.01342$ & $-0.0897171$ & $-0.00657153$ & $-0.0967055$ & $0.0150461$ & $-0.0557071$ & $0.0383878$ & $-0.0275095$ & $0.133963$ & $0.0431494$ & $1$ & $0.107076$ \\
eHbbpar & $-0.0450168$ & $0.0580922$ & $-0.00883157$ & $0.0917583$ & $0.00487522$ & $-0.0146111$ & $0.0174575$ & $0.0153959$ & $0.0192228$ & $-0.00206065$ & $-0.0112487$ & $-0.0224229$ & $-0.0229456$ & $-0.0115482$ & $0.0105534$ & $-0.00941827$ & $0.00342566$ & $-0.0169486$ & $0.00256599$ & $0.00903102$ & $0.0137665$ & $0.0181266$ & $-0.00219416$ & $-0.0225948$ & $0.0198693$ & $0.000978708$ & $0.0360106$ & $0.00359427$ & $0.00512657$ & $-0.00691403$ & $-0.00374494$ & $0.0179635$ & $0.483024$ & $0.0133359$ & $-0.0164342$ & $-0.0299044$ & $0.0588216$ & $0.0258281$ & $0.00569947$ & $-0.01268$ & $-0.027785$ & $0.0236231$ & $0.071043$ & $0.0391181$ & $-0.0131825$ & $0.0828159$ & $0.0166908$ & $0.107076$ & $1$ \\
