 & AlsMz & dAle5Mz & mtop & mHl & Mz & CW & CHG & CHWB & CHWHB_gaga & CHWHB_gagaorth & CHD & CHbox & CH & CHL1_11 & CHL1_22 & CHL1_33 & CHL3_11 & CHL3_22 & CHL3_33 & CHe_11 & CHe_22 & CHe_33 & CHQ1_11 & CHQ1_33 & CHQ3_11 & CHu_11 & CHd_11 & CHd_33 & CeH_22r & CeH_33r & CuH_22r & CuH_33r & CdH_33r & CLL_1221 & eHggint & eHggpar & eHWWint & eHWWpar & eHZZint & eHZZpar & eHZgaint & eHZgapar & eHgagaint & eHmumuint & eHtautauint & eHccint & eHccpar & eHbbint & eHbbpar \\
AlsMz & $1$ & $0.0171473$ & $-0.184566$ & $0.0303479$ & $0.00145443$ & $0.00684738$ & $-0.0205883$ & $-0.0232887$ & $-0.0266269$ & $0.0205945$ & $-0.00034294$ & $-0.0140416$ & $-0.0232212$ & $0.0423825$ & $0.00412824$ & $-0.0186791$ & $0.0234229$ & $0.0293687$ & $0.0441555$ & $-0.00693031$ & $-0.00726756$ & $-0.00594271$ & $-0.0334022$ & $-0.0147185$ & $-0.0293519$ & $-0.00608682$ & $-0.0311577$ & $0.0116871$ & $-0.0185992$ & $0.0137376$ & $0.0472573$ & $-0.0135896$ & $0.00574152$ & $-0.0285179$ & $-0.0682666$ & $0.141466$ & $0.0011354$ & $0.0106925$ & $0.260584$ & $-0.0321321$ & $-0.165139$ & $0.0242675$ & $-0.0425126$ & $-0.0484079$ & $-0.0520308$ & $0.00961103$ & $0.188857$ & $-0.0671628$ & $0.0666947$ \\
dAle5Mz & $0.0171473$ & $1$ & $-0.0364807$ & $-0.0784043$ & $-0.0082782$ & $0.0215728$ & $0.095396$ & $-0.0637442$ & $-0.0677218$ & $0.037581$ & $0.0455789$ & $0.0427636$ & $0.0072815$ & $0.0103604$ & $-0.0201948$ & $0.000145652$ & $0.0137612$ & $0.0314897$ & $0.0158084$ & $-0.0302774$ & $-0.0302419$ & $-0.0289248$ & $-0.00210027$ & $0.0455689$ & $0.0183739$ & $0.0131862$ & $-0.0139983$ & $-0.000287383$ & $-0.00212142$ & $-0.0159874$ & $0.0365695$ & $0.0882574$ & $-0.0978112$ & $0.00383113$ & $0.0985559$ & $-0.231135$ & $0.196781$ & $-0.0201289$ & $-0.052648$ & $0.0203103$ & $0.205409$ & $0.0338842$ & $-0.203783$ & $-0.149597$ & $-0.0551148$ & $0.24078$ & $0.110683$ & $-0.198899$ & $-0.246818$ \\
mtop & $-0.184566$ & $-0.0364807$ & $1$ & $-0.0725178$ & $-0.040594$ & $-0.0207557$ & $0.0264107$ & $0.0412537$ & $0.038391$ & $-0.0230941$ & $-0.0178903$ & $0.0149719$ & $0.0232058$ & $-0.0261241$ & $0.0109409$ & $0.0188699$ & $-0.0317832$ & $-0.0378454$ & $-0.0386441$ & $0.0250037$ & $0.023922$ & $0.0261744$ & $0.0176801$ & $-0.0431842$ & $-0.015988$ & $-0.0175142$ & $0.0247359$ & $-0.00533244$ & $0.0155179$ & $0.0295357$ & $0.00871417$ & $0.0304442$ & $-0.0932454$ & $0.0256575$ & $-0.000177399$ & $0.194135$ & $-0.00269485$ & $-0.0370828$ & $-0.00104332$ & $0.0645348$ & $0.179621$ & $0.0319289$ & $-0.0167288$ & $0.167519$ & $0.109685$ & $0.379481$ & $-0.146004$ & $-0.0367926$ & $-0.276914$ \\
mHl & $0.0303479$ & $-0.0784043$ & $-0.0725178$ & $1$ & $0.0208344$ & $-0.0010965$ & $-0.0711654$ & $0.0268856$ & $0.0222712$ & $0.00059038$ & $-0.0374592$ & $-0.0212193$ & $-0.0191163$ & $0.0284357$ & $-0.00538987$ & $0.034698$ & $0.0267955$ & $0.0270715$ & $-0.00502747$ & $0.0337493$ & $0.0343104$ & $0.0357323$ & $0.00383931$ & $-0.00259161$ & $0.020062$ & $-0.0204256$ & $0.0216069$ & $-0.0195435$ & $-0.00766317$ & $-0.0112587$ & $-0.0540704$ & $-0.0578041$ & $-0.027803$ & $0.0296026$ & $0.171376$ & $-0.0298942$ & $0.0987769$ & $0.0359862$ & $-0.0960649$ & $-0.0100571$ & $-0.205989$ & $-0.00316997$ & $0.133313$ & $0.0597882$ & $0.184481$ & $-0.171369$ & $-0.0849102$ & $-0.0309971$ & $0.0281592$ \\
Mz & $0.00145443$ & $-0.0082782$ & $-0.040594$ & $0.0208344$ & $1$ & $0.0117599$ & $-0.0486124$ & $0.0285357$ & $0.0248416$ & $-0.0210005$ & $-0.0120077$ & $-0.00533395$ & $0.00159561$ & $0.00961914$ & $-0.0051874$ & $0.0177163$ & $-0.0215789$ & $-0.00986835$ & $-0.0277713$ & $0.0175541$ & $0.021988$ & $0.0232474$ & $-0.00613248$ & $-0.0320299$ & $-0.016393$ & $2.05629e-05$ & $0.0147826$ & $0.00785262$ & $-0.00166943$ & $0.0122162$ & $-0.00160852$ & $-0.0491763$ & $0.0100334$ & $0.0220118$ & $0.00707104$ & $-0.00991936$ & $-0.00744211$ & $0.010646$ & $-0.00499849$ & $-0.0418207$ & $-0.0176508$ & $-0.0633585$ & $-0.00367685$ & $-0.00818622$ & $-0.00526889$ & $-0.0173158$ & $0.00562371$ & $0.0343517$ & $0.00745049$ \\
CW & $0.00684738$ & $0.0215728$ & $-0.0207557$ & $-0.0010965$ & $0.0117599$ & $1$ & $0.0236966$ & $-0.156029$ & $-0.155465$ & $0.0166133$ & $0.212923$ & $0.0331924$ & $-0.0248302$ & $0.0221864$ & $-0.0812528$ & $-0.0969935$ & $-0.256431$ & $-0.0435439$ & $-0.0316749$ & $-0.209585$ & $-0.216387$ & $-0.212446$ & $-0.0047152$ & $0.0202061$ & $-0.0752194$ & $0.119984$ & $-0.0871483$ & $-0.085682$ & $0.00586304$ & $-0.000415383$ & $-0.00194296$ & $0.0280489$ & $-0.0112744$ & $-0.146277$ & $-0.00617164$ & $-0.0124462$ & $-0.0102379$ & $0.000424967$ & $-0.0124657$ & $0.00984058$ & $0.0330054$ & $0.00822371$ & $-0.0284519$ & $-0.0136538$ & $0.0393601$ & $0.000931885$ & $-0.0280149$ & $0.0231192$ & $-0.0232562$ \\
CHG & $-0.0205883$ & $0.095396$ & $0.0264107$ & $-0.0711654$ & $-0.0486124$ & $0.0236966$ & $1$ & $-0.152668$ & $-0.101727$ & $0.0895177$ & $0.113814$ & $-0.107274$ & $-0.295967$ & $0.0215938$ & $-0.0153238$ & $-0.0356551$ & $0.0785252$ & $0.0812974$ & $0.0985886$ & $-0.107846$ & $-0.117458$ & $-0.11437$ & $-0.0557887$ & $0.137471$ & $0.0965605$ & $0.106672$ & $-0.0615954$ & $-0.0296984$ & $-0.0105584$ & $-0.127356$ & $-0.0727346$ & $0.938105$ & $-0.1724$ & $-0.103891$ & $-0.0163105$ & $0.0252688$ & $0.0373956$ & $-0.0131445$ & $-0.0368566$ & $0.00419496$ & $-0.0359406$ & $0.0516226$ & $-0.0559648$ & $-0.0497596$ & $-0.0213467$ & $0.068858$ & $-0.0231975$ & $0.0178478$ & $-0.0603009$ \\
CHWB & $-0.0232887$ & $-0.0637442$ & $0.0412537$ & $0.0268856$ & $0.0285357$ & $-0.156029$ & $-0.152668$ & $1$ & $0.984619$ & $-0.556494$ & $-0.875449$ & $-0.0750557$ & $0.369635$ & $0.0833332$ & $0.293962$ & $0.300866$ & $-0.235304$ & $-0.433602$ & $-0.436472$ & $0.846672$ & $0.893613$ & $0.875161$ & $0.0615723$ & $-0.671169$ & $-0.398095$ & $-0.491857$ & $0.436019$ & $0.283005$ & $0.0326129$ & $0.119985$ & $0.0366262$ & $-0.146835$ & $0.115353$ & $0.568557$ & $0.0255118$ & $0.013158$ & $-0.0136699$ & $0.00585793$ & $0.0118715$ & $-0.023162$ & $-0.006734$ & $-0.00556589$ & $0.0240982$ & $0.0288947$ & $0.0170335$ & $-0.00178945$ & $-0.0481884$ & $-0.0227156$ & $-0.0240539$ \\
CHWHB_gaga & $-0.0266269$ & $-0.0677218$ & $0.038391$ & $0.0222712$ & $0.0248416$ & $-0.155465$ & $-0.101727$ & $0.984619$ & $1$ & $-0.549061$ & $-0.85631$ & $-0.0507651$ & $0.36629$ & $0.0693409$ & $0.289572$ & $0.295301$ & $-0.241375$ & $-0.437324$ & $-0.438278$ & $0.82826$ & $0.874309$ & $0.856752$ & $0.0557706$ & $-0.667249$ & $-0.399637$ & $-0.475733$ & $0.430539$ & $0.277927$ & $0.0378841$ & $0.144817$ & $0.0480517$ & $-0.104939$ & $0.142504$ & $0.560066$ & $0.0127962$ & $0.000577013$ & $-0.0248067$ & $0.00940847$ & $0.00523882$ & $-0.0224055$ & $-0.00722471$ & $-0.000716983$ & $0.0743612$ & $0.0466747$ & $0.0250476$ & $-0.00859609$ & $-0.0384242$ & $-0.0179787$ & $-0.0241529$ \\
CHWHB_gagaorth & $0.0205945$ & $0.037581$ & $-0.0230941$ & $0.00059038$ & $-0.0210005$ & $0.0166133$ & $0.0895177$ & $-0.556494$ & $-0.549061$ & $1$ & $0.33366$ & $0.460767$ & $-0.256923$ & $0.249181$ & $-0.107159$ & $-0.127112$ & $0.436833$ & $0.486762$ & $0.495749$ & $-0.318848$ & $-0.349858$ & $-0.349161$ & $-0.0312$ & $0.552271$ & $0.480272$ & $0.174076$ & $-0.240651$ & $-0.109763$ & $-0.00450994$ & $-0.138981$ & $-0.0544535$ & $0.102661$ & $-0.146649$ & $-0.35431$ & $0.0116835$ & $0.0026385$ & $0.0135697$ & $-0.00614024$ & $-0.0166145$ & $0.0367439$ & $-0.0411123$ & $-0.00817245$ & $0.0064218$ & $0.00438806$ & $-0.0146692$ & $-0.00522903$ & $-0.00108486$ & $0.017832$ & $0.0138248$ \\
CHD & $-0.00034294$ & $0.0455789$ & $-0.0178903$ & $-0.0374592$ & $-0.0120077$ & $0.212923$ & $0.113814$ & $-0.875449$ & $-0.85631$ & $0.33366$ & $1$ & $0.170027$ & $-0.1935$ & $-0.506579$ & $-0.42331$ & $-0.420216$ & $-0.227965$ & $0.0578864$ & $0.0609557$ & $-0.990498$ & $-0.991367$ & $-0.969212$ & $-0.00495519$ & $0.297632$ & $0.0062669$ & $0.550633$ & $-0.299895$ & $-0.318617$ & $-0.0303541$ & $-0.0696853$ & $-0.0133958$ & $0.117801$ & $-0.0590147$ & $-0.365875$ & $-0.0233336$ & $-0.00161127$ & $-0.00452811$ & $0.00825919$ & $-0.0228122$ & $0.0378851$ & $0.0198845$ & $0.0126145$ & $-0.0348703$ & $-0.0171918$ & $-0.0182266$ & $0.00425464$ & $0.044312$ & $0.00783306$ & $0.0285422$ \\
CHbox & $-0.0140416$ & $0.0427636$ & $0.0149719$ & $-0.0212193$ & $-0.00533395$ & $0.0331924$ & $-0.107274$ & $-0.0750557$ & $-0.0507651$ & $0.460767$ & $0.170027$ & $1$ & $0.426965$ & $-0.225321$ & $0.00486137$ & $-0.00182978$ & $-0.200701$ & $-0.176957$ & $-0.171532$ & $-0.150905$ & $-0.172933$ & $-0.173771$ & $-8.86453e-05$ & $-0.0561328$ & $-0.170337$ & $0.0795956$ & $-0.0828991$ & $-0.0551545$ & $0.039872$ & $0.291473$ & $0.098433$ & $-0.0181055$ & $0.362281$ & $-0.0716953$ & $0.0432119$ & $0.00212441$ & $-0.0040897$ & $0.0151928$ & $-0.0505617$ & $0.0641114$ & $-0.025153$ & $0.00414375$ & $0.00221961$ & $0.026905$ & $0.000443675$ & $0.00866924$ & $-0.0210297$ & $0.00491687$ & $0.0017426$ \\
CH & $-0.0232212$ & $0.0072815$ & $0.0232058$ & $-0.0191163$ & $0.00159561$ & $-0.0248302$ & $-0.295967$ & $0.369635$ & $0.36629$ & $-0.256923$ & $-0.1935$ & $0.426965$ & $1$ & $-0.231217$ & $0.0795545$ & $0.0945449$ & $-0.344202$ & $-0.380884$ & $-0.389547$ & $0.18919$ & $0.204452$ & $0.200127$ & $0.0235833$ & $-0.394293$ & $-0.372853$ & $-0.107935$ & $0.145562$ & $0.071761$ & $0.0403819$ & $0.267123$ & $0.0999141$ & $-0.250542$ & $0.328445$ & $0.230647$ & $0.0159854$ & $-0.00699342$ & $-0.00659497$ & $0.00450228$ & $-0.0189149$ & $0.0401326$ & $0.0217419$ & $0.00249843$ & $-0.00423628$ & $0.0136695$ & $-0.00706403$ & $0.000782673$ & $-0.0201581$ & $-0.0121131$ & $-0.000731246$ \\
CHL1_11 & $0.0423825$ & $0.0103604$ & $-0.0261241$ & $0.0284357$ & $0.00961914$ & $0.0221864$ & $0.0215938$ & $0.0833332$ & $0.0693409$ & $0.249181$ & $-0.506579$ & $-0.225321$ & $-0.231217$ & $1$ & $0.279665$ & $0.261062$ & $0.665953$ & $0.605863$ & $0.608065$ & $0.525447$ & $0.466871$ & $0.453419$ & $-0.0767482$ & $0.479786$ & $0.611162$ & $-0.273777$ & $-0.108883$ & $0.146016$ & $0.00596541$ & $-0.0609883$ & $-0.0337331$ & $0.00551345$ & $-0.0758336$ & $-0.22889$ & $0.00911153$ & $-0.0102641$ & $0.029393$ & $-0.0189709$ & $0.0373548$ & $-0.0352855$ & $-0.0223092$ & $-0.00858352$ & $0.0140093$ & $-0.0247168$ & $0.00946633$ & $-0.0219923$ & $-0.0134856$ & $0.0274731$ & $-0.0188477$ \\
CHL1_22 & $0.00412824$ & $-0.0201948$ & $0.0109409$ & $-0.00538987$ & $-0.0051874$ & $-0.0812528$ & $-0.0153238$ & $0.293962$ & $0.289572$ & $-0.107159$ & $-0.42331$ & $0.00486137$ & $0.0795545$ & $0.279665$ & $1$ & $0.436511$ & $0.176658$ & $-0.431656$ & $-0.0183042$ & $0.488284$ & $0.340463$ & $0.326508$ & $-0.192923$ & $0.104821$ & $-0.105384$ & $-0.185909$ & $-0.382827$ & $0.0955559$ & $0.0217635$ & $0.0286557$ & $0.00327267$ & $-0.00704215$ & $0.0345491$ & $-0.589417$ & $0.0150126$ & $0.0238725$ & $0.0527247$ & $-0.00155129$ & $0.000661377$ & $-0.00988397$ & $-0.0390794$ & $0.0157604$ & $0.0061377$ & $-0.0064651$ & $-0.00974433$ & $0.0187381$ & $-0.0421538$ & $0.065853$ & $-0.0109909$ \\
CHL1_33 & $-0.0186791$ & $0.000145652$ & $0.0188699$ & $0.034698$ & $0.0177163$ & $-0.0969935$ & $-0.0356551$ & $0.300866$ & $0.295301$ & $-0.127112$ & $-0.420216$ & $-0.00182978$ & $0.0945449$ & $0.261062$ & $0.436511$ & $1$ & $0.161107$ & $-0.0225341$ & $-0.432469$ & $0.482743$ & $0.342016$ & $0.359262$ & $-0.182046$ & $0.102801$ & $-0.119563$ & $-0.180615$ & $-0.363856$ & $0.123238$ & $0.00216883$ & $0.0511487$ & $-0.000318016$ & $-0.0300133$ & $0.0359602$ & $-0.0824463$ & $0.0122117$ & $-0.0260604$ & $0.0234528$ & $-0.0364359$ & $0.000176781$ & $-0.0140794$ & $0.00351953$ & $-0.00948187$ & $0.042018$ & $0.0318074$ & $0.0218664$ & $-0.0119758$ & $-0.0224908$ & $0.0247843$ & $-0.0152778$ \\
CHL3_11 & $0.0234229$ & $0.0137612$ & $-0.0317832$ & $0.0267955$ & $-0.0215789$ & $-0.256431$ & $0.0785252$ & $-0.235304$ & $-0.241375$ & $0.436833$ & $-0.227965$ & $-0.200701$ & $-0.344202$ & $0.665953$ & $0.176658$ & $0.161107$ & $1$ & $0.739201$ & $0.736933$ & $0.250043$ & $0.194411$ & $0.18783$ & $-0.0740543$ & $0.682584$ & $0.785023$ & $-0.113059$ & $-0.161947$ & $0.080629$ & $-0.00641872$ & $-0.0988445$ & $-0.0456416$ & $0.0545491$ & $-0.115464$ & $-0.254012$ & $-0.00530324$ & $-0.0246954$ & $0.0198367$ & $-0.0305489$ & $0.00373615$ & $-0.0266897$ & $-0.0233345$ & $-0.0250173$ & $0.0365756$ & $-0.00249026$ & $0.00834508$ & $0.00473248$ & $0.00453368$ & $0.0197379$ & $-0.0111201$ \\
CHL3_22 & $0.0293687$ & $0.0314897$ & $-0.0378454$ & $0.0270715$ & $-0.00986835$ & $-0.0435439$ & $0.0812974$ & $-0.433602$ & $-0.437324$ & $0.486762$ & $0.0578864$ & $-0.176957$ & $-0.380884$ & $0.605863$ & $-0.431656$ & $-0.0225341$ & $0.739201$ & $1$ & $0.681485$ & $-0.0596237$ & $-0.0541937$ & $-0.0492095$ & $0.0165033$ & $0.635434$ & $0.793901$ & $0.019258$ & $-0.020037$ & $0.000160434$ & $-0.0195495$ & $-0.109711$ & $-0.0480741$ & $0.0580081$ & $-0.126753$ & $0.0199766$ & $-0.0137823$ & $-0.0365137$ & $-0.00606655$ & $-0.0268196$ & $0.0171193$ & $-0.0221667$ & $0.00326017$ & $-0.0238349$ & $0.0228701$ & $-0.0102318$ & $0.0144259$ & $-0.0204646$ & $0.0287924$ & $-0.0107121$ & $-0.000755857$ \\
CHL3_33 & $0.0441555$ & $0.0158084$ & $-0.0386441$ & $-0.00502747$ & $-0.0277713$ & $-0.0316749$ & $0.0985886$ & $-0.436472$ & $-0.438278$ & $0.495749$ & $0.0609557$ & $-0.171532$ & $-0.389547$ & $0.608065$ & $-0.0183042$ & $-0.432469$ & $0.736933$ & $0.681485$ & $1$ & $-0.0625564$ & $-0.0577884$ & $-0.0548107$ & $0.00877262$ & $0.623956$ & $0.799218$ & $0.0213728$ & $-0.0214507$ & $-0.0230039$ & $-0.00321445$ & $-0.124369$ & $-0.0458245$ & $0.0758561$ & $-0.126314$ & $-0.354902$ & $-0.0133362$ & $0.0035868$ & $0.0164478$ & $0.000692085$ & $0.0211405$ & $-0.0176288$ & $-0.0254928$ & $0.0012961$ & $-0.00484978$ & $-0.039359$ & $-0.0117569$ & $0.0029265$ & $0.0184378$ & $0.0170823$ & $0.00542984$ \\
CHe_11 & $-0.00693031$ & $-0.0302774$ & $0.0250037$ & $0.0337493$ & $0.0175541$ & $-0.209585$ & $-0.107846$ & $0.846672$ & $0.82826$ & $-0.318848$ & $-0.990498$ & $-0.150905$ & $0.18919$ & $0.525447$ & $0.488284$ & $0.482743$ & $0.250043$ & $-0.0596237$ & $-0.0625564$ & $1$ & $0.972897$ & $0.951063$ & $-0.0204157$ & $-0.243741$ & $0.00213397$ & $-0.540428$ & $0.226777$ & $0.311926$ & $0.0312926$ & $0.0697763$ & $0.0119782$ & $-0.110324$ & $0.058402$ & $0.287055$ & $0.0237127$ & $-0.00168051$ & $0.0119175$ & $-0.00865286$ & $0.0213028$ & $-0.0388208$ & $-0.018828$ & $-0.0100657$ & $0.034841$ & $0.0152149$ & $0.017355$ & $0.00226944$ & $-0.0464183$ & $-0.00380105$ & $-0.0320816$ \\
CHe_22 & $-0.00726756$ & $-0.0302419$ & $0.023922$ & $0.0343104$ & $0.021988$ & $-0.216387$ & $-0.117458$ & $0.893613$ & $0.874309$ & $-0.349858$ & $-0.991367$ & $-0.172933$ & $0.204452$ & $0.466871$ & $0.340463$ & $0.342016$ & $0.194411$ & $-0.0541937$ & $-0.0577884$ & $0.972897$ & $1$ & $0.974345$ & $0.0350567$ & $-0.352499$ & $-0.014833$ & $-0.553765$ & $0.378941$ & $0.321057$ & $0.0301412$ & $0.0713921$ & $0.0160778$ & $-0.122529$ & $0.0581346$ & $0.450896$ & $0.0259774$ & $-6.08634e-05$ & $0.00209761$ & $-0.00570331$ & $0.0200031$ & $-0.0375532$ & $-0.0121213$ & $-0.0146687$ & $0.0314753$ & $0.0175018$ & $0.0179179$ & $0.00202662$ & $-0.0407288$ & $-0.0198665$ & $-0.0353132$ \\
CHe_33 & $-0.00594271$ & $-0.0289248$ & $0.0261744$ & $0.0357323$ & $0.0232474$ & $-0.212446$ & $-0.11437$ & $0.875161$ & $0.856752$ & $-0.349161$ & $-0.969212$ & $-0.173771$ & $0.200127$ & $0.453419$ & $0.326508$ & $0.359262$ & $0.18783$ & $-0.0492095$ & $-0.0548107$ & $0.951063$ & $0.974345$ & $1$ & $0.0284984$ & $-0.346774$ & $-0.0138965$ & $-0.536449$ & $0.374128$ & $0.312155$ & $0.0313821$ & $0.0722533$ & $0.00824222$ & $-0.120725$ & $0.0607184$ & $0.45008$ & $0.0219366$ & $-0.00519959$ & $0.000679087$ & $-0.00304259$ & $0.0294282$ & $-0.034332$ & $-0.0118227$ & $-0.00804244$ & $0.0306564$ & $0.0164963$ & $0.0200106$ & $-0.00248621$ & $-0.0396173$ & $-0.0204982$ & $-0.0260893$ \\
CHQ1_11 & $-0.0334022$ & $-0.00210027$ & $0.0176801$ & $0.00383931$ & $-0.00613248$ & $-0.0047152$ & $-0.0557887$ & $0.0615723$ & $0.0557706$ & $-0.0312$ & $-0.00495519$ & $-8.86453e-05$ & $0.0235833$ & $-0.0767482$ & $-0.192923$ & $-0.182046$ & $-0.0740543$ & $0.0165033$ & $0.00877262$ & $-0.0204157$ & $0.0350567$ & $0.0284984$ & $1$ & $-0.145388$ & $0.0835784$ & $-0.681618$ & $0.350357$ & $-0.00692522$ & $-0.00442682$ & $-0.00315824$ & $0.00323406$ & $-0.0558011$ & $-0.00728688$ & $0.211245$ & $0.0193975$ & $0.00180695$ & $-0.0175516$ & $0.0152644$ & $-0.0210788$ & $-0.0141074$ & $0.0236102$ & $-0.0198622$ & $-0.00739452$ & $0.0170972$ & $-0.0123581$ & $0.0080009$ & $0.00768917$ & $-0.0458889$ & $0.000148585$ \\
CHQ1_33 & $-0.0147185$ & $0.0455689$ & $-0.0431842$ & $-0.00259161$ & $-0.0320299$ & $0.0202061$ & $0.137471$ & $-0.671169$ & $-0.667249$ & $0.552271$ & $0.297632$ & $-0.0561328$ & $-0.394293$ & $0.479786$ & $0.104821$ & $0.102801$ & $0.682584$ & $0.635434$ & $0.623956$ & $-0.243741$ & $-0.352499$ & $-0.346774$ & $-0.145388$ & $1$ & $0.651397$ & $0.197156$ & $-0.425244$ & $-0.00434486$ & $-0.0122476$ & $-0.121427$ & $-0.0569255$ & $0.125886$ & $-0.129367$ & $-0.623795$ & $-0.0174526$ & $-0.0218812$ & $0.0454088$ & $-0.0335187$ & $0.0036971$ & $0.00929283$ & $-0.00198701$ & $-0.00913525$ & $0.00787058$ & $-0.0326223$ & $-0.00671582$ & $-0.0111391$ & $0.0049664$ & $0.0398653$ & $-0.0127007$ \\
CHQ3_11 & $-0.0293519$ & $0.0183739$ & $-0.015988$ & $0.020062$ & $-0.016393$ & $-0.0752194$ & $0.0965605$ & $-0.398095$ & $-0.399637$ & $0.480272$ & $0.0062669$ & $-0.170337$ & $-0.372853$ & $0.611162$ & $-0.105384$ & $-0.119563$ & $0.785023$ & $0.793901$ & $0.799218$ & $0.00213397$ & $-0.014833$ & $-0.0138965$ & $0.0835784$ & $0.651397$ & $1$ & $-0.00491896$ & $0.188803$ & $0.00642085$ & $0.00143119$ & $-0.118246$ & $-0.047025$ & $0.0720653$ & $-0.137811$ & $-0.218939$ & $0.00110599$ & $-0.0270039$ & $0.00825174$ & $-0.0238605$ & $-0.0125065$ & $-0.0318861$ & $-0.0145553$ & $-0.0168441$ & $0.0182332$ & $-0.0199151$ & $0.0201731$ & $-0.0131596$ & $0.0035398$ & $-0.0116142$ & $-0.0237003$ \\
CHu_11 & $-0.00608682$ & $0.0131862$ & $-0.0175142$ & $-0.0204256$ & $2.05629e-05$ & $0.119984$ & $0.106672$ & $-0.491857$ & $-0.475733$ & $0.174076$ & $0.550633$ & $0.0795956$ & $-0.107935$ & $-0.273777$ & $-0.185909$ & $-0.180615$ & $-0.113059$ & $0.019258$ & $0.0213728$ & $-0.540428$ & $-0.553765$ & $-0.536449$ & $-0.681618$ & $0.197156$ & $-0.00491896$ & $1$ & $-0.182701$ & $-0.175571$ & $-0.00279816$ & $-0.0332592$ & $-0.00442055$ & $0.109216$ & $-0.02694$ & $-0.247652$ & $-0.0335684$ & $-0.00711363$ & $-0.0177053$ & $-0.00569916$ & $-0.0120838$ & $0.0336499$ & $-0.00171093$ & $0.0237992$ & $-0.00662483$ & $-0.0193399$ & $0.00798334$ & $-0.0088948$ & $0.0136862$ & $0.00827706$ & $0.00188962$ \\
CHd_11 & $-0.0311577$ & $-0.0139983$ & $0.0247359$ & $0.0216069$ & $0.0147826$ & $-0.0871483$ & $-0.0615954$ & $0.436019$ & $0.430539$ & $-0.240651$ & $-0.299895$ & $-0.0828991$ & $0.145562$ & $-0.108883$ & $-0.382827$ & $-0.363856$ & $-0.161947$ & $-0.020037$ & $-0.0214507$ & $0.226777$ & $0.378941$ & $0.374128$ & $0.350357$ & $-0.425244$ & $0.188803$ & $-0.182701$ & $1$ & $0.110005$ & $0.0297146$ & $0.0322741$ & $0.018926$ & $-0.0689654$ & $0.0139583$ & $0.68238$ & $0.0173645$ & $-0.00288532$ & $-0.0386396$ & $0.00419433$ & $-0.0124178$ & $-0.0197053$ & $0.00726095$ & $-0.00910206$ & $0.00315985$ & $0.00190895$ & $0.0244129$ & $-0.00666039$ & $-0.0121241$ & $-0.0988347$ & $-0.0474738$ \\
CHd_33 & $0.0116871$ & $-0.000287383$ & $-0.00533244$ & $-0.0195435$ & $0.00785262$ & $-0.085682$ & $-0.0296984$ & $0.283005$ & $0.277927$ & $-0.109763$ & $-0.318617$ & $-0.0551545$ & $0.071761$ & $0.146016$ & $0.0955559$ & $0.123238$ & $0.080629$ & $0.000160434$ & $-0.0230039$ & $0.311926$ & $0.321057$ & $0.312155$ & $-0.00692522$ & $-0.00434486$ & $0.00642085$ & $-0.175571$ & $0.110005$ & $1$ & $0.00478481$ & $0.0256907$ & $0.0122683$ & $-0.0306456$ & $0.0254204$ & $0.16022$ & $-0.0246227$ & $0.00988912$ & $0.00488968$ & $-0.0193042$ & $0.0265696$ & $-0.0106791$ & $0.00589979$ & $-0.0189072$ & $0.00447164$ & $0.000866607$ & $0.0101579$ & $-0.0229135$ & $-0.0150159$ & $0.0236094$ & $-0.00820481$ \\
CeH_22r & $-0.0185992$ & $-0.00212142$ & $0.0155179$ & $-0.00766317$ & $-0.00166943$ & $0.00586304$ & $-0.0105584$ & $0.0326129$ & $0.0378841$ & $-0.00450994$ & $-0.0303541$ & $0.039872$ & $0.0403819$ & $0.00596541$ & $0.0217635$ & $0.00216883$ & $-0.00641872$ & $-0.0195495$ & $-0.00321445$ & $0.0312926$ & $0.0301412$ & $0.0313821$ & $-0.00442682$ & $-0.0122476$ & $0.00143119$ & $-0.00279816$ & $0.0297146$ & $0.00478481$ & $1$ & $0.0462304$ & $0.02135$ & $-0.0196456$ & $0.0307726$ & $0.00622778$ & $-0.00895449$ & $-0.010337$ & $-0.0144541$ & $0.00316614$ & $-0.00579104$ & $0.00575863$ & $0.0146428$ & $-0.00994834$ & $0.00695727$ & $0.0179179$ & $0.0114008$ & $0.0308717$ & $-0.00502599$ & $-0.0126625$ & $-0.0173944$ \\
CeH_33r & $0.0137376$ & $-0.0159874$ & $0.0295357$ & $-0.0112587$ & $0.0122162$ & $-0.000415383$ & $-0.127356$ & $0.119985$ & $0.144817$ & $-0.138981$ & $-0.0696853$ & $0.291473$ & $0.267123$ & $-0.0609883$ & $0.0286557$ & $0.0511487$ & $-0.0988445$ & $-0.109711$ & $-0.124369$ & $0.0697763$ & $0.0713921$ & $0.0722533$ & $-0.00315824$ & $-0.121427$ & $-0.118246$ & $-0.0332592$ & $0.0322741$ & $0.0256907$ & $0.0462304$ & $1$ & $0.309526$ & $0.0150385$ & $0.67637$ & $0.0735452$ & $-0.0663647$ & $-0.0446461$ & $-0.145435$ & $-0.0366624$ & $-0.0501149$ & $0.00183693$ & $0.0335473$ & $-0.00385479$ & $0.00680203$ & $0.0473254$ & $0.0628764$ & $-0.00777578$ & $0.00621327$ & $-0.0407727$ & $-0.0196731$ \\
CuH_22r & $0.0472573$ & $0.0365695$ & $0.00871417$ & $-0.0540704$ & $-0.00160852$ & $-0.00194296$ & $-0.0727346$ & $0.0366262$ & $0.0480517$ & $-0.0544535$ & $-0.0133958$ & $0.098433$ & $0.0999141$ & $-0.0337331$ & $0.00327267$ & $-0.000318016$ & $-0.0456416$ & $-0.0480741$ & $-0.0458245$ & $0.0119782$ & $0.0160778$ & $0.00824222$ & $0.00323406$ & $-0.0569255$ & $-0.047025$ & $-0.00442055$ & $0.018926$ & $0.0122683$ & $0.02135$ & $0.309526$ & $1$ & $0.0224582$ & $0.373776$ & $0.026353$ & $-0.00936246$ & $-0.0115474$ & $-0.0482824$ & $-0.0388904$ & $-0.0142837$ & $0.0369034$ & $0.0705892$ & $0.0288621$ & $-0.00706993$ & $-0.00321703$ & $-0.0230783$ & $0.0408357$ & $0.249819$ & $-0.060554$ & $-0.0321896$ \\
CuH_33r & $-0.0135896$ & $0.0882574$ & $0.0304442$ & $-0.0578041$ & $-0.0491763$ & $0.0280489$ & $0.938105$ & $-0.146835$ & $-0.104939$ & $0.102661$ & $0.117801$ & $-0.0181055$ & $-0.250542$ & $0.00551345$ & $-0.00704215$ & $-0.0300133$ & $0.0545491$ & $0.0580081$ & $0.0758561$ & $-0.110324$ & $-0.122529$ & $-0.120725$ & $-0.0558011$ & $0.125886$ & $0.0720653$ & $0.109216$ & $-0.0689654$ & $-0.0306456$ & $-0.0196456$ & $0.0150385$ & $0.0224582$ & $1$ & $0.00868591$ & $-0.108564$ & $0.0236684$ & $0.0420529$ & $0.026934$ & $-0.0281618$ & $-0.0506853$ & $0.00421612$ & $-0.0520879$ & $0.0549737$ & $-0.0638538$ & $-0.0522945$ & $-0.0216768$ & $0.0606788$ & $-0.0112346$ & $0.01689$ & $-0.0695317$ \\
CdH_33r & $0.00574152$ & $-0.0978112$ & $-0.0932454$ & $-0.027803$ & $0.0100334$ & $-0.0112744$ & $-0.1724$ & $0.115353$ & $0.142504$ & $-0.146649$ & $-0.0590147$ & $0.362281$ & $0.328445$ & $-0.0758336$ & $0.0345491$ & $0.0359602$ & $-0.115464$ & $-0.126753$ & $-0.126314$ & $0.058402$ & $0.0581346$ & $0.0607184$ & $-0.00728688$ & $-0.129367$ & $-0.137811$ & $-0.02694$ & $0.0139583$ & $0.0254204$ & $0.0307726$ & $0.67637$ & $0.373776$ & $0.00868591$ & $1$ & $0.0573083$ & $-0.10666$ & $-0.0783372$ & $-0.163533$ & $-0.0290875$ & $-0.0171627$ & $-0.00718061$ & $-0.0344876$ & $-0.00951476$ & $0.0120842$ & $0.0664528$ & $-0.0279973$ & $-0.074206$ & $0.00665902$ & $0.172729$ & $0.329971$ \\
CLL_1221 & $-0.0285179$ & $0.00383113$ & $0.0256575$ & $0.0296026$ & $0.0220118$ & $-0.146277$ & $-0.103891$ & $0.568557$ & $0.560066$ & $-0.35431$ & $-0.365875$ & $-0.0716953$ & $0.230647$ & $-0.22889$ & $-0.589417$ & $-0.0824463$ & $-0.254012$ & $0.0199766$ & $-0.354902$ & $0.287055$ & $0.450896$ & $0.45008$ & $0.211245$ & $-0.623795$ & $-0.218939$ & $-0.247652$ & $0.68238$ & $0.16022$ & $0.00622778$ & $0.0735452$ & $0.026353$ & $-0.108564$ & $0.0573083$ & $1$ & $0.0131559$ & $-0.0246626$ & $-0.0512771$ & $-3.0458e-05$ & $-0.00352193$ & $-0.0105252$ & $0.0365521$ & $-0.0209168$ & $0.0164694$ & $0.0333904$ & $0.0237776$ & $-0.00251192$ & $-0.00105407$ & $-0.08411$ & $-0.0236173$ \\
eHggint & $-0.0682666$ & $0.0985559$ & $-0.000177399$ & $0.171376$ & $0.00707104$ & $-0.00617164$ & $-0.0163105$ & $0.0255118$ & $0.0127962$ & $0.0116835$ & $-0.0233336$ & $0.0432119$ & $0.0159854$ & $0.00911153$ & $0.0150126$ & $0.0122117$ & $-0.00530324$ & $-0.0137823$ & $-0.0133362$ & $0.0237127$ & $0.0259774$ & $0.0219366$ & $0.0193975$ & $-0.0174526$ & $0.00110599$ & $-0.0335684$ & $0.0173645$ & $-0.0246227$ & $-0.00895449$ & $-0.0663647$ & $-0.00936246$ & $0.0236684$ & $-0.10666$ & $0.0131559$ & $1$ & $-0.0814933$ & $0.216761$ & $-0.0488973$ & $-0.103477$ & $-0.0374517$ & $-0.212877$ & $0.0241166$ & $0.0597476$ & $-0.0176954$ & $0.0468272$ & $-0.0961292$ & $-0.0322452$ & $0.0129724$ & $-0.147257$ \\
eHggpar & $0.141466$ & $-0.231135$ & $0.194135$ & $-0.0298942$ & $-0.00991936$ & $-0.0124462$ & $0.0252688$ & $0.013158$ & $0.000577013$ & $0.0026385$ & $-0.00161127$ & $0.00212441$ & $-0.00699342$ & $-0.0102641$ & $0.0238725$ & $-0.0260604$ & $-0.0246954$ & $-0.0365137$ & $0.0035868$ & $-0.00168051$ & $-6.08634e-05$ & $-0.00519959$ & $0.00180695$ & $-0.0218812$ & $-0.0270039$ & $-0.00711363$ & $-0.00288532$ & $0.00988912$ & $-0.010337$ & $-0.0446461$ & $-0.0115474$ & $0.0420529$ & $-0.0783372$ & $-0.0246626$ & $-0.0814933$ & $1$ & $0.173399$ & $0.0100946$ & $-0.0633769$ & $0.0211033$ & $0.0465986$ & $0.0467243$ & $-0.152436$ & $-0.0501783$ & $-0.140445$ & $0.161786$ & $0.062457$ & $0.113613$ & $-0.0509269$ \\
eHWWint & $0.0011354$ & $0.196781$ & $-0.00269485$ & $0.0987769$ & $-0.00744211$ & $-0.0102379$ & $0.0373956$ & $-0.0136699$ & $-0.0248067$ & $0.0135697$ & $-0.00452811$ & $-0.0040897$ & $-0.00659497$ & $0.029393$ & $0.0527247$ & $0.0234528$ & $0.0198367$ & $-0.00606655$ & $0.0164478$ & $0.0119175$ & $0.00209761$ & $0.000679087$ & $-0.0175516$ & $0.0454088$ & $0.00825174$ & $-0.0177053$ & $-0.0386396$ & $0.00488968$ & $-0.0144541$ & $-0.145435$ & $-0.0482824$ & $0.026934$ & $-0.163533$ & $-0.0512771$ & $0.216761$ & $0.173399$ & $1$ & $-0.00738801$ & $0.164318$ & $-0.0361313$ & $-0.00646409$ & $0.0546212$ & $-0.0208198$ & $-0.478444$ & $-0.0314042$ & $0.257231$ & $-0.0733425$ & $0.240867$ & $-0.090879$ \\
eHWWpar & $0.0106925$ & $-0.0201289$ & $-0.0370828$ & $0.0359862$ & $0.010646$ & $0.000424967$ & $-0.0131445$ & $0.00585793$ & $0.00940847$ & $-0.00614024$ & $0.00825919$ & $0.0151928$ & $0.00450228$ & $-0.0189709$ & $-0.00155129$ & $-0.0364359$ & $-0.0305489$ & $-0.0268196$ & $0.000692085$ & $-0.00865286$ & $-0.00570331$ & $-0.00304259$ & $0.0152644$ & $-0.0335187$ & $-0.0238605$ & $-0.00569916$ & $0.00419433$ & $-0.0193042$ & $0.00316614$ & $-0.0366624$ & $-0.0388904$ & $-0.0281618$ & $-0.0290875$ & $-3.0458e-05$ & $-0.0488973$ & $0.0100946$ & $-0.00738801$ & $1$ & $0.0370073$ & $0.00805743$ & $-0.0101124$ & $0.0248253$ & $0.0580742$ & $-0.0271914$ & $0.047504$ & $0.00256417$ & $-0.00108092$ & $0.0334247$ & $0.0284968$ \\
eHZZint & $0.260584$ & $-0.052648$ & $-0.00104332$ & $-0.0960649$ & $-0.00499849$ & $-0.0124657$ & $-0.0368566$ & $0.0118715$ & $0.00523882$ & $-0.0166145$ & $-0.0228122$ & $-0.0505617$ & $-0.0189149$ & $0.0373548$ & $0.000661377$ & $0.000176781$ & $0.00373615$ & $0.0171193$ & $0.0211405$ & $0.0213028$ & $0.0200031$ & $0.0294282$ & $-0.0210788$ & $0.0036971$ & $-0.0125065$ & $-0.0120838$ & $-0.0124178$ & $0.0265696$ & $-0.00579104$ & $-0.0501149$ & $-0.0142837$ & $-0.0506853$ & $-0.0171627$ & $-0.00352193$ & $-0.103477$ & $-0.0633769$ & $0.164318$ & $0.0370073$ & $1$ & $0.0276558$ & $-0.0634202$ & $-0.0369042$ & $0.00746296$ & $-0.293473$ & $-0.0993772$ & $0.00956486$ & $0.0774211$ & $-0.125949$ & $0.226708$ \\
eHZZpar & $-0.0321321$ & $0.0203103$ & $0.0645348$ & $-0.0100571$ & $-0.0418207$ & $0.00984058$ & $0.00419496$ & $-0.023162$ & $-0.0224055$ & $0.0367439$ & $0.0378851$ & $0.0641114$ & $0.0401326$ & $-0.0352855$ & $-0.00988397$ & $-0.0140794$ & $-0.0266897$ & $-0.0221667$ & $-0.0176288$ & $-0.0388208$ & $-0.0375532$ & $-0.034332$ & $-0.0141074$ & $0.00929283$ & $-0.0318861$ & $0.0336499$ & $-0.0197053$ & $-0.0106791$ & $0.00575863$ & $0.00183693$ & $0.0369034$ & $0.00421612$ & $-0.00718061$ & $-0.0105252$ & $-0.0374517$ & $0.0211033$ & $-0.0361313$ & $0.00805743$ & $0.0276558$ & $1$ & $0.0493539$ & $-0.0384854$ & $-0.00717761$ & $-0.0116254$ & $0.0138487$ & $0.0249642$ & $0.0836641$ & $-0.0632803$ & $-0.0288354$ \\
eHZgaint & $-0.165139$ & $0.205409$ & $0.179621$ & $-0.205989$ & $-0.0176508$ & $0.0330054$ & $-0.0359406$ & $-0.006734$ & $-0.00722471$ & $-0.0411123$ & $0.0198845$ & $-0.025153$ & $0.0217419$ & $-0.0223092$ & $-0.0390794$ & $0.00351953$ & $-0.0233345$ & $0.00326017$ & $-0.0254928$ & $-0.018828$ & $-0.0121213$ & $-0.0118227$ & $0.0236102$ & $-0.00198701$ & $-0.0145553$ & $-0.00171093$ & $0.00726095$ & $0.00589979$ & $0.0146428$ & $0.0335473$ & $0.0705892$ & $-0.0520879$ & $-0.0344876$ & $0.0365521$ & $-0.212877$ & $0.0465986$ & $-0.00646409$ & $-0.0101124$ & $-0.0634202$ & $0.0493539$ & $1$ & $-0.0896364$ & $-0.0663357$ & $-0.100841$ & $0.0887124$ & $0.353725$ & $0.145402$ & $0.134178$ & $-0.231755$ \\
eHZgapar & $0.0242675$ & $0.0338842$ & $0.0319289$ & $-0.00316997$ & $-0.0633585$ & $0.00822371$ & $0.0516226$ & $-0.00556589$ & $-0.000716983$ & $-0.00817245$ & $0.0126145$ & $0.00414375$ & $0.00249843$ & $-0.00858352$ & $0.0157604$ & $-0.00948187$ & $-0.0250173$ & $-0.0238349$ & $0.0012961$ & $-0.0100657$ & $-0.0146687$ & $-0.00804244$ & $-0.0198622$ & $-0.00913525$ & $-0.0168441$ & $0.0237992$ & $-0.00910206$ & $-0.0189072$ & $-0.00994834$ & $-0.00385479$ & $0.0288621$ & $0.0549737$ & $-0.00951476$ & $-0.0209168$ & $0.0241166$ & $0.0467243$ & $0.0546212$ & $0.0248253$ & $-0.0369042$ & $-0.0384854$ & $-0.0896364$ & $1$ & $0.0215908$ & $-0.0319371$ & $-0.00496625$ & $0.0479062$ & $0.0320496$ & $0.00616838$ & $-0.0228669$ \\
eHgagaint & $-0.0425126$ & $-0.203783$ & $-0.0167288$ & $0.133313$ & $-0.00367685$ & $-0.0284519$ & $-0.0559648$ & $0.0240982$ & $0.0743612$ & $0.0064218$ & $-0.0348703$ & $0.00221961$ & $-0.00423628$ & $0.0140093$ & $0.0061377$ & $0.042018$ & $0.0365756$ & $0.0228701$ & $-0.00484978$ & $0.034841$ & $0.0314753$ & $0.0306564$ & $-0.00739452$ & $0.00787058$ & $0.0182332$ & $-0.00662483$ & $0.00315985$ & $0.00447164$ & $0.00695727$ & $0.00680203$ & $-0.00706993$ & $-0.0638538$ & $0.0120842$ & $0.0164694$ & $0.0597476$ & $-0.152436$ & $-0.0208198$ & $0.0580742$ & $0.00746296$ & $-0.00717761$ & $-0.0663357$ & $0.0215908$ & $1$ & $0.267696$ & $0.145092$ & $-0.174334$ & $0.0684098$ & $0.0675926$ & $0.0365791$ \\
eHmumuint & $-0.0484079$ & $-0.149597$ & $0.167519$ & $0.0597882$ & $-0.00818622$ & $-0.0136538$ & $-0.0497596$ & $0.0288947$ & $0.0466747$ & $0.00438806$ & $-0.0171918$ & $0.026905$ & $0.0136695$ & $-0.0247168$ & $-0.0064651$ & $0.0318074$ & $-0.00249026$ & $-0.0102318$ & $-0.039359$ & $0.0152149$ & $0.0175018$ & $0.0164963$ & $0.0170972$ & $-0.0326223$ & $-0.0199151$ & $-0.0193399$ & $0.00190895$ & $0.000866607$ & $0.0179179$ & $0.0473254$ & $-0.00321703$ & $-0.0522945$ & $0.0664528$ & $0.0333904$ & $-0.0176954$ & $-0.0501783$ & $-0.478444$ & $-0.0271914$ & $-0.293473$ & $-0.0116254$ & $-0.100841$ & $-0.0319371$ & $0.267696$ & $1$ & $-0.145293$ & $-0.101742$ & $-0.0552792$ & $-0.079505$ & $0.0467046$ \\
eHtautauint & $-0.0520308$ & $-0.0551148$ & $0.109685$ & $0.184481$ & $-0.00526889$ & $0.0393601$ & $-0.0213467$ & $0.0170335$ & $0.0250476$ & $-0.0146692$ & $-0.0182266$ & $0.000443675$ & $-0.00706403$ & $0.00946633$ & $-0.00974433$ & $0.0218664$ & $0.00834508$ & $0.0144259$ & $-0.0117569$ & $0.017355$ & $0.0179179$ & $0.0200106$ & $-0.0123581$ & $-0.00671582$ & $0.0201731$ & $0.00798334$ & $0.0244129$ & $0.0101579$ & $0.0114008$ & $0.0628764$ & $-0.0230783$ & $-0.0216768$ & $-0.0279973$ & $0.0237776$ & $0.0468272$ & $-0.140445$ & $-0.0314042$ & $0.047504$ & $-0.0993772$ & $0.0138487$ & $0.0887124$ & $-0.00496625$ & $0.145092$ & $-0.145293$ & $1$ & $-0.0247877$ & $-0.0921619$ & $0.00744971$ & $-0.130742$ \\
eHccint & $0.00961103$ & $0.24078$ & $0.379481$ & $-0.171369$ & $-0.0173158$ & $0.000931885$ & $0.068858$ & $-0.00178945$ & $-0.00859609$ & $-0.00522903$ & $0.00425464$ & $0.00866924$ & $0.000782673$ & $-0.0219923$ & $0.0187381$ & $-0.0119758$ & $0.00473248$ & $-0.0204646$ & $0.0029265$ & $0.00226944$ & $0.00202662$ & $-0.00248621$ & $0.0080009$ & $-0.0111391$ & $-0.0131596$ & $-0.0088948$ & $-0.00666039$ & $-0.0229135$ & $0.0308717$ & $-0.00777578$ & $0.0408357$ & $0.0606788$ & $-0.074206$ & $-0.00251192$ & $-0.0961292$ & $0.161786$ & $0.257231$ & $0.00256417$ & $0.00956486$ & $0.0249642$ & $0.353725$ & $0.0479062$ & $-0.174334$ & $-0.101742$ & $-0.0247877$ & $1$ & $-0.0816095$ & $0.0974818$ & $-0.197796$ \\
eHccpar & $0.188857$ & $0.110683$ & $-0.146004$ & $-0.0849102$ & $0.00562371$ & $-0.0280149$ & $-0.0231975$ & $-0.0481884$ & $-0.0384242$ & $-0.00108486$ & $0.044312$ & $-0.0210297$ & $-0.0201581$ & $-0.0134856$ & $-0.0421538$ & $-0.0224908$ & $0.00453368$ & $0.0287924$ & $0.0184378$ & $-0.0464183$ & $-0.0407288$ & $-0.0396173$ & $0.00768917$ & $0.0049664$ & $0.0035398$ & $0.0136862$ & $-0.0121241$ & $-0.0150159$ & $-0.00502599$ & $0.00621327$ & $0.249819$ & $-0.0112346$ & $0.00665902$ & $-0.00105407$ & $-0.0322452$ & $0.062457$ & $-0.0733425$ & $-0.00108092$ & $0.0774211$ & $0.0836641$ & $0.145402$ & $0.0320496$ & $0.0684098$ & $-0.0552792$ & $-0.0921619$ & $-0.0816095$ & $1$ & $-0.287746$ & $0.030508$ \\
eHbbint & $-0.0671628$ & $-0.198899$ & $-0.0367926$ & $-0.0309971$ & $0.0343517$ & $0.0231192$ & $0.0178478$ & $-0.0227156$ & $-0.0179787$ & $0.017832$ & $0.00783306$ & $0.00491687$ & $-0.0121131$ & $0.0274731$ & $0.065853$ & $0.0247843$ & $0.0197379$ & $-0.0107121$ & $0.0170823$ & $-0.00380105$ & $-0.0198665$ & $-0.0204982$ & $-0.0458889$ & $0.0398653$ & $-0.0116142$ & $0.00827706$ & $-0.0988347$ & $0.0236094$ & $-0.0126625$ & $-0.0407727$ & $-0.060554$ & $0.01689$ & $0.172729$ & $-0.08411$ & $0.0129724$ & $0.113613$ & $0.240867$ & $0.0334247$ & $-0.125949$ & $-0.0632803$ & $0.134178$ & $0.00616838$ & $0.0675926$ & $-0.079505$ & $0.00744971$ & $0.0974818$ & $-0.287746$ & $1$ & $0.244566$ \\
eHbbpar & $0.0666947$ & $-0.246818$ & $-0.276914$ & $0.0281592$ & $0.00745049$ & $-0.0232562$ & $-0.0603009$ & $-0.0240539$ & $-0.0241529$ & $0.0138248$ & $0.0285422$ & $0.0017426$ & $-0.000731246$ & $-0.0188477$ & $-0.0109909$ & $-0.0152778$ & $-0.0111201$ & $-0.000755857$ & $0.00542984$ & $-0.0320816$ & $-0.0353132$ & $-0.0260893$ & $0.000148585$ & $-0.0127007$ & $-0.0237003$ & $0.00188962$ & $-0.0474738$ & $-0.00820481$ & $-0.0173944$ & $-0.0196731$ & $-0.0321896$ & $-0.0695317$ & $0.329971$ & $-0.0236173$ & $-0.147257$ & $-0.0509269$ & $-0.090879$ & $0.0284968$ & $0.226708$ & $-0.0288354$ & $-0.231755$ & $-0.0228669$ & $0.0365791$ & $0.0467046$ & $-0.130742$ & $-0.197796$ & $0.030508$ & $0.244566$ & $1$ \\
