 & AlsMz & dAle5Mz & mtop & mHl & Mz & CW & CHG & CHWB & CHWHB_gaga & CHWHB_gagaorth & CHD & CHbox & CHL1_11 & CHL1_22 & CHL1_33 & CHL3_11 & CHL3_22 & CHL3_33 & CHe_11 & CHe_22 & CHe_33 & CHQ1_11 & CHQ1_33 & CHQ3_11 & CHu_11 & CHd_11 & CHd_33 & CeH_22r & CeH_33r & CuH_22r & CuH_33r & CdH_33r & CLL_1221 & eHggint & eHggpar & eHWWint & eHWWpar & eHZZint & eHZZpar & eHZgaint & eHZgapar & eHgagaint & eHmumuint & eHtautauint & eHccint & eHccpar & eHbbint & eHbbpar \\
AlsMz & $1$ & $0.121723$ & $-0.270332$ & $0.181054$ & $0.096453$ & $-0.0198011$ & $0.032307$ & $0.0238662$ & $0.0207281$ & $-0.0633984$ & $-0.00205782$ & $-0.0546235$ & $-0.0364031$ & $-0.0339582$ & $-0.0520811$ & $-0.0317724$ & $-0.0272647$ & $-0.00970198$ & $-0.0103797$ & $0.00825213$ & $0.00118501$ & $0.0715352$ & $-0.0817641$ & $-0.0319216$ & $-0.04079$ & $0.0712739$ & $0.0210234$ & $0.0104974$ & $-0.0359821$ & $0.0329222$ & $0.0310135$ & $-0.0425795$ & $0.0511606$ & $0.248352$ & $0.0346616$ & $-0.113989$ & $0.00394581$ & $-0.195664$ & $0.0906314$ & $0.189418$ & $0.131529$ & $-0.108844$ & $0.0265155$ & $-0.0238605$ & $0.229842$ & $0.268509$ & $-0.125959$ & $-0.0555644$ \\
dAle5Mz & $0.121723$ & $1$ & $-0.0294308$ & $0.356918$ & $0.0373412$ & $-0.0149075$ & $0.0046171$ & $-0.0197942$ & $-0.0149975$ & $-0.00983163$ & $0.0211542$ & $-0.0186917$ & $-0.0162448$ & $-0.067191$ & $-0.00724362$ & $-0.0094482$ & $0.0330396$ & $-0.0135712$ & $-0.0177748$ & $-0.00751691$ & $-0.0142245$ & $0.0430839$ & $-0.0144325$ & $0.00846105$ & $-0.0282485$ & $0.0333715$ & $0.0290405$ & $-0.0369654$ & $-0.0344176$ & $-0.0635393$ & $0.00103275$ & $-0.077598$ & $0.0611948$ & $0.11905$ & $-0.145304$ & $0.439674$ & $-0.0631747$ & $-0.0801936$ & $0.0191598$ & $-0.282875$ & $0.0649412$ & $0.162895$ & $-0.0538613$ & $0.0608511$ & $0.32943$ & $-0.225182$ & $-0.236754$ & $-0.0110753$ \\
mtop & $-0.270332$ & $-0.0294308$ & $1$ & $0.0487516$ & $-0.108011$ & $-0.00452416$ & $0.0226526$ & $0.00279305$ & $0.0249883$ & $0.000834631$ & $0.00783881$ & $-0.00157562$ & $-0.00776607$ & $0.011957$ & $0.00713571$ & $-0.0199736$ & $-0.0246444$ & $-0.0229495$ & $-0.0069274$ & $-0.0066025$ & $0.00227774$ & $-0.0341169$ & $0.00871095$ & $-0.00096156$ & $0.0273309$ & $0.00523442$ & $-0.00461886$ & $0.013681$ & $0.0395584$ & $0.01911$ & $0.0190579$ & $0.0124533$ & $-0.00995806$ & $-0.149809$ & $-0.347005$ & $-0.158952$ & $0.0149156$ & $0.170783$ & $-0.083907$ & $0.0530332$ & $-0.0961459$ & $0.46094$ & $-0.0324695$ & $0.168576$ & $0.277283$ & $0.0323146$ & $-0.180446$ & $0.0625301$ \\
mHl & $0.181054$ & $0.356918$ & $0.0487516$ & $1$ & $-0.0818042$ & $-0.0464535$ & $-0.0112372$ & $-0.0169942$ & $-0.0119842$ & $0.0346505$ & $-0.0110377$ & $0.0114373$ & $0.0388441$ & $0.0205616$ & $0.0646285$ & $0.045905$ & $0.0337941$ & $0.0027212$ & $0.0173284$ & $0.00647268$ & $0.00606291$ & $0.0291742$ & $0.0420911$ & $0.0150701$ & $-0.0181973$ & $-0.0383999$ & $0.0276771$ & $-0.0163847$ & $-0.0137822$ & $-0.0257565$ & $-0.00205411$ & $0.0380081$ & $-0.0220531$ & $0.184709$ & $-0.20736$ & $0.277758$ & $0.0981502$ & $0.0751759$ & $0.0788982$ & $-0.120675$ & $-0.0521222$ & $0.183849$ & $-0.148062$ & $-0.117999$ & $0.575697$ & $-0.0714088$ & $-0.299788$ & $0.379338$ \\
Mz & $0.096453$ & $0.0373412$ & $-0.108011$ & $-0.0818042$ & $1$ & $0.0458092$ & $0.0158571$ & $0.00519552$ & $0.00237638$ & $-0.0330701$ & $0.00901888$ & $-0.0425563$ & $0.0145824$ & $-0.00758514$ & $0.000412004$ & $-0.0257273$ & $-0.00726586$ & $-0.010568$ & $-0.00433652$ & $0.00162964$ & $-0.00173719$ & $0.0114616$ & $-0.0083116$ & $-0.018684$ & $0.00380117$ & $0.00591336$ & $0.00449389$ & $0.0170639$ & $0.00747158$ & $-0.0282773$ & $0.000198549$ & $-0.0109659$ & $0.000716107$ & $-0.0650173$ & $0.0894236$ & $0.00991539$ & $-0.0184463$ & $0.0038839$ & $0.0401322$ & $-0.0681394$ & $-0.0523375$ & $-0.0773538$ & $0.0272348$ & $-0.00796439$ & $-0.111341$ & $-0.0586369$ & $0.0255843$ & $-0.0564492$ \\
CW & $-0.0198011$ & $-0.0149075$ & $-0.00452416$ & $-0.0464535$ & $0.0458092$ & $1$ & $0.0105099$ & $-0.146663$ & $-0.141495$ & $0.0355257$ & $0.211739$ & $0.0745912$ & $0.000585158$ & $-0.1034$ & $-0.111607$ & $-0.295875$ & $-0.0599416$ & $-0.0590292$ & $-0.211409$ & $-0.210348$ & $-0.215652$ & $0.0118951$ & $-0.0148255$ & $-0.0996714$ & $0.0983975$ & $-0.0714166$ & $-0.0737654$ & $0.00924461$ & $-0.0106511$ & $-0.0066825$ & $0.0133384$ & $-0.00198726$ & $-0.117981$ & $-0.00834299$ & $0.0373866$ & $0.00457405$ & $0.00331871$ & $-0.0095904$ & $-0.035155$ & $0.00489007$ & $0.00985649$ & $0.0062274$ & $0.0116578$ & $0.00992235$ & $-0.0261688$ & $0.00294798$ & $-0.00457506$ & $-0.000264366$ \\
CHG & $0.032307$ & $0.0046171$ & $0.0226526$ & $-0.0112372$ & $0.0158571$ & $0.0105099$ & $1$ & $0.0375709$ & $0.0943602$ & $-0.0392126$ & $-0.0137146$ & $-0.0293988$ & $-0.00775305$ & $-0.01554$ & $-0.00711456$ & $-0.0623945$ & $-0.033228$ & $-0.0441615$ & $0.0116409$ & $0.0175836$ & $0.00793893$ & $-0.00898981$ & $-0.0460188$ & $-0.0347452$ & $0.0063538$ & $0.0334655$ & $0.00448749$ & $0.022089$ & $-0.0715538$ & $-0.0533473$ & $0.937265$ & $-0.0949552$ & $0.0290388$ & $0.0206641$ & $-0.0108314$ & $0.126911$ & $0.094396$ & $-0.129232$ & $-0.0498938$ & $-0.012183$ & $0.0560917$ & $0.0226426$ & $-0.0144746$ & $0.0943617$ & $0.0505836$ & $-0.0404762$ & $-0.0733837$ & $0.0826993$ \\
CHWB & $0.0238662$ & $-0.0197942$ & $0.00279305$ & $-0.0169942$ & $0.00519552$ & $-0.146663$ & $0.0375709$ & $1$ & $0.983001$ & $-0.530044$ & $-0.885231$ & $-0.312025$ & $0.189477$ & $0.288405$ & $0.274309$ & $-0.114623$ & $-0.343637$ & $-0.337094$ & $0.855687$ & $0.902203$ & $0.883054$ & $0.0548307$ & $-0.619833$ & $-0.294533$ & $-0.491823$ & $0.428579$ & $0.299994$ & $0.000441337$ & $0.016337$ & $0.0256543$ & $0.0272981$ & $0.0011959$ & $0.542738$ & $0.000851658$ & $0.0635225$ & $-0.0208754$ & $0.0354013$ & $-0.0372841$ & $-0.030721$ & $0.0203176$ & $-0.0228388$ & $-0.0218703$ & $0.0394266$ & $0.0572902$ & $-0.0211871$ & $0.0296868$ & $-0.0227931$ & $-0.00980187$ \\
CHWHB_gaga & $0.0207281$ & $-0.0149975$ & $0.0249883$ & $-0.0119842$ & $0.00237638$ & $-0.141495$ & $0.0943602$ & $0.983001$ & $1$ & $-0.51969$ & $-0.866728$ & $-0.282755$ & $0.181559$ & $0.280066$ & $0.270185$ & $-0.123434$ & $-0.342098$ & $-0.33887$ & $0.838366$ & $0.883436$ & $0.86433$ & $0.0519858$ & $-0.613282$ & $-0.29517$ & $-0.480228$ & $0.421691$ & $0.295483$ & $0.00589827$ & $0.0369776$ & $0.0352203$ & $0.0738708$ & $0.0294183$ & $0.534282$ & $-0.00201481$ & $0.0547761$ & $-0.00842322$ & $0.0361619$ & $-0.0452009$ & $-0.043974$ & $0.02643$ & $-0.022494$ & $0.0123306$ & $0.0263749$ & $0.0555216$ & $-0.012698$ & $0.0196165$ & $-0.0404978$ & $0.00194639$ \\
CHWHB_gagaorth & $-0.0633984$ & $-0.00983163$ & $0.000834631$ & $0.0346505$ & $-0.0330701$ & $0.0355257$ & $-0.0392126$ & $-0.530044$ & $-0.51969$ & $1$ & $0.316121$ & $0.662898$ & $0.208934$ & $-0.134534$ & $-0.0822938$ & $0.38085$ & $0.472596$ & $0.436307$ & $-0.305217$ & $-0.330648$ & $-0.323449$ & $-0.00969362$ & $0.518231$ & $0.452906$ & $0.17215$ & $-0.189949$ & $-0.120291$ & $-0.00616101$ & $-0.0569946$ & $-0.0738622$ & $-0.0124621$ & $-0.0649589$ & $-0.29063$ & $0.00702858$ & $-0.0257472$ & $0.0345726$ & $-0.0238645$ & $0.0130135$ & $0.0194707$ & $-0.0437386$ & $0.0331054$ & $0.018121$ & $-0.0147803$ & $-0.0196683$ & $-0.0151869$ & $-0.0375491$ & $0.0167158$ & $0.0486752$ \\
CHD & $-0.00205782$ & $0.0211542$ & $0.00783881$ & $-0.0110377$ & $0.00901888$ & $0.211739$ & $-0.0137146$ & $-0.885231$ & $-0.866728$ & $0.316121$ & $1$ & $0.319048$ & $-0.573113$ & $-0.41305$ & $-0.401396$ & $-0.324898$ & $-0.00761878$ & $-0.0155709$ & $-0.990344$ & $-0.991125$ & $-0.969489$ & $-0.0204238$ & $0.253954$ & $-0.0796571$ & $0.557231$ & $-0.310949$ & $-0.332456$ & $0.0244954$ & $-1.03351e-05$ & $-0.00964621$ & $0.00044836$ & $0.00438231$ & $-0.355704$ & $0.0236171$ & $-0.0698943$ & $0.0200686$ & $-0.0243285$ & $0.0214909$ & $0.0197336$ & $0.0134441$ & $0.0210382$ & $0.0379715$ & $-0.0293185$ & $-0.0383311$ & $0.0122015$ & $-0.0213377$ & $0.0352273$ & $0.0147676$ \\
CHbox & $-0.0546235$ & $-0.0186917$ & $-0.00157562$ & $0.0114373$ & $-0.0425563$ & $0.0745912$ & $-0.0293988$ & $-0.312025$ & $-0.282755$ & $0.662898$ & $0.319048$ & $1$ & $-0.154172$ & $-0.0889453$ & $-0.0289398$ & $-0.068075$ & $0.0275145$ & $-0.0149525$ & $-0.299037$ & $-0.328304$ & $-0.318789$ & $-0.0103772$ & $0.145013$ & $-0.00587707$ & $0.179011$ & $-0.170569$ & $-0.134257$ & $0.0351561$ & $0.240755$ & $0.0307887$ & $0.049162$ & $0.289277$ & $-0.175622$ & $0.0763159$ & $-0.0270224$ & $0.0264929$ & $-0.0241561$ & $-0.0420309$ & $0.00853169$ & $0.0353511$ & $0.0201428$ & $0.0286511$ & $0.0232519$ & $0.0249185$ & $0.00609742$ & $-0.00142507$ & $0.00750383$ & $0.0464194$ \\
CHL1_11 & $-0.0364031$ & $-0.0162448$ & $-0.00776607$ & $0.0388441$ & $0.0145824$ & $0.000585158$ & $-0.00775305$ & $0.189477$ & $0.181559$ & $0.208934$ & $-0.573113$ & $-0.154172$ & $1$ & $0.28148$ & $0.291589$ & $0.650033$ & $0.579753$ & $0.575787$ & $0.588806$ & $0.537742$ & $0.522031$ & $-0.0419521$ & $0.430311$ & $0.599346$ & $-0.316269$ & $-0.02926$ & $0.178374$ & $-0.0448292$ & $-0.0318224$ & $-0.033132$ & $-0.0197938$ & $-0.0217286$ & $-0.150197$ & $-0.0568147$ & $0.0378447$ & $0.00058959$ & $-0.0118189$ & $0.0133076$ & $-0.00509677$ & $-0.0691252$ & $-0.0188926$ & $-0.0393238$ & $-0.00321296$ & $-0.0115664$ & $0.00109589$ & $-0.0079649$ & $-0.0308582$ & $-0.0114213$ \\
CHL1_22 & $-0.0339582$ & $-0.067191$ & $0.011957$ & $0.0205616$ & $-0.00758514$ & $-0.1034$ & $-0.01554$ & $0.288405$ & $0.280066$ & $-0.134534$ & $-0.41305$ & $-0.0889453$ & $0.28148$ & $1$ & $0.458364$ & $0.216915$ & $-0.45152$ & $-0.0124557$ & $0.479422$ & $0.324818$ & $0.321683$ & $-0.195275$ & $0.147082$ & $-0.101709$ & $-0.177089$ & $-0.403279$ & $0.0989058$ & $-0.0334166$ & $-0.00774854$ & $-0.000985468$ & $-0.0213582$ & $-0.0104444$ & $-0.618957$ & $-0.00619104$ & $-0.0162679$ & $-0.0379235$ & $0.0560763$ & $-0.0152949$ & $-0.00928141$ & $0.0490546$ & $-0.0223793$ & $-0.0130011$ & $0.00791729$ & $0.0219566$ & $0.0358657$ & $0.0271503$ & $-0.0264229$ & $0.00157574$ \\
CHL1_33 & $-0.0520811$ & $-0.00724362$ & $0.00713571$ & $0.0646285$ & $0.000412004$ & $-0.111607$ & $-0.00711456$ & $0.274309$ & $0.270185$ & $-0.0822938$ & $-0.401396$ & $-0.0289398$ & $0.291589$ & $0.458364$ & $1$ & $0.214517$ & $-0.00340568$ & $-0.423808$ & $0.466806$ & $0.318515$ & $0.332376$ & $-0.143245$ & $0.164115$ & $-0.084932$ & $-0.198654$ & $-0.386746$ & $0.090668$ & $-0.0149837$ & $0.0213616$ & $0.00651764$ & $-0.00208155$ & $0.021691$ & $-0.138418$ & $0.0161822$ & $-0.0236486$ & $0.00171804$ & $0.0138791$ & $0.000991908$ & $-0.000588702$ & $0.00412043$ & $-0.037101$ & $-0.00971005$ & $0.0114916$ & $0.00937287$ & $0.0767784$ & $0.000315997$ & $-0.0478256$ & $0.0250567$ \\
CHL3_11 & $-0.0317724$ & $-0.0094482$ & $-0.0199736$ & $0.045905$ & $-0.0257273$ & $-0.295875$ & $-0.0623945$ & $-0.114623$ & $-0.123434$ & $0.38085$ & $-0.324898$ & $-0.068075$ & $0.650033$ & $0.216915$ & $0.214517$ & $1$ & $0.694223$ & $0.704027$ & $0.346787$ & $0.292841$ & $0.286514$ & $-0.0251422$ & $0.635954$ & $0.763585$ & $-0.196499$ & $-0.087514$ & $0.108941$ & $-0.048328$ & $-0.0308012$ & $-0.0230796$ & $-0.0742677$ & $-0.00703886$ & $-0.180247$ & $-0.0624808$ & $0.0225933$ & $-0.00475848$ & $-0.0176066$ & $0.0455604$ & $0.0242465$ & $-0.067534$ & $0.0098773$ & $-0.0361053$ & $-0.0232781$ & $-0.0412227$ & $-0.000106247$ & $-0.0126449$ & $-0.0214266$ & $-0.0183101$ \\
CHL3_22 & $-0.0272647$ & $0.0330396$ & $-0.0246444$ & $0.0337941$ & $-0.00726586$ & $-0.0599416$ & $-0.033228$ & $-0.343637$ & $-0.342098$ & $0.472596$ & $-0.00761878$ & $0.0275145$ & $0.579753$ & $-0.45152$ & $-0.00340568$ & $0.694223$ & $1$ & $0.638867$ & $0.0023171$ & $0.0201583$ & $0.017715$ & $0.0715108$ & $0.56761$ & $0.775786$ & $-0.0452598$ & $0.0754673$ & $0.0173773$ & $-0.0251484$ & $-0.0218331$ & $-0.026069$ & $-0.0367434$ & $-0.00127979$ & $0.133338$ & $-0.0456315$ & $0.0274454$ & $0.0223125$ & $-0.0621029$ & $0.0400006$ & $0.0260374$ & $-0.0968289$ & $0.0133406$ & $-0.0268928$ & $-0.0203876$ & $-0.0491137$ & $-0.00912101$ & $-0.030776$ & $-0.00777492$ & $-0.0130178$ \\
CHL3_33 & $-0.00970198$ & $-0.0135712$ & $-0.0229495$ & $0.0027212$ & $-0.010568$ & $-0.0590292$ & $-0.0441615$ & $-0.337094$ & $-0.33887$ & $0.436307$ & $-0.0155709$ & $-0.0149525$ & $0.575787$ & $-0.0124557$ & $-0.423808$ & $0.704027$ & $0.638867$ & $1$ & $0.0106118$ & $0.025481$ & $0.0317558$ & $0.0296601$ & $0.558871$ & $0.776169$ & $-0.0252188$ & $0.0696365$ & $0.0254951$ & $-0.0385687$ & $-0.0438147$ & $-0.0384463$ & $-0.057682$ & $-0.0220653$ & $-0.263288$ & $-0.0650037$ & $0.0328831$ & $-0.00441749$ & $-0.0310638$ & $0.029261$ & $0.0205313$ & $-0.0642295$ & $0.0334865$ & $-0.0257471$ & $-0.0278159$ & $-0.0384018$ & $-0.0458783$ & $-0.0110915$ & $0.00996945$ & $-0.0281071$ \\
CHe_11 & $-0.0103797$ & $-0.0177748$ & $-0.0069274$ & $0.0173284$ & $-0.00433652$ & $-0.211409$ & $0.0116409$ & $0.855687$ & $0.838366$ & $-0.305217$ & $-0.990344$ & $-0.299037$ & $0.588806$ & $0.479422$ & $0.466806$ & $0.346787$ & $0.0023171$ & $0.0106118$ & $1$ & $0.971857$ & $0.951131$ & $-0.00578759$ & $-0.197378$ & $0.0834566$ & $-0.547553$ & $0.233836$ & $0.325529$ & $-0.0274217$ & $0.0024646$ & $0.0107315$ & $-0.00176941$ & $-0.00340908$ & $0.274264$ & $-0.020226$ & $0.0644727$ & $-0.0208999$ & $0.020825$ & $-0.0237128$ & $-0.0156888$ & $-0.0105289$ & $-0.0223262$ & $-0.0373371$ & $0.0315067$ & $0.0385693$ & $-0.000807528$ & $0.0220314$ & $-0.0411798$ & $-0.0153273$ \\
CHe_22 & $0.00825213$ & $-0.00751691$ & $-0.0066025$ & $0.00647268$ & $0.00162964$ & $-0.210348$ & $0.0175836$ & $0.902203$ & $0.883436$ & $-0.330648$ & $-0.991125$ & $-0.328304$ & $0.537742$ & $0.324818$ & $0.318515$ & $0.292841$ & $0.0201583$ & $0.025481$ & $0.971857$ & $1$ & $0.974281$ & $0.047286$ & $-0.310858$ & $0.0763098$ & $-0.55816$ & $0.39198$ & $0.336879$ & $-0.0203887$ & $-0.00065471$ & $0.0102035$ & $0.00231689$ & $-0.00501271$ & $0.444725$ & $-0.0253438$ & $0.0732139$ & $-0.0126495$ & $0.0202698$ & $-0.0204666$ & $-0.0211136$ & $-0.0194412$ & $-0.0190039$ & $-0.0352945$ & $0.02826$ & $0.0395454$ & $-0.0197975$ & $0.0188048$ & $-0.0339584$ & $-0.0162099$ \\
CHe_33 & $0.00118501$ & $-0.0142245$ & $0.00227774$ & $0.00606291$ & $-0.00173719$ & $-0.215652$ & $0.00793893$ & $0.883054$ & $0.86433$ & $-0.323449$ & $-0.969489$ & $-0.318789$ & $0.522031$ & $0.321683$ & $0.332376$ & $0.286514$ & $0.017715$ & $0.0317558$ & $0.951131$ & $0.974281$ & $1$ & $0.0469259$ & $-0.307242$ & $0.0775899$ & $-0.545945$ & $0.384694$ & $0.329488$ & $-0.0268556$ & $0.00264515$ & $0.00724157$ & $-0.00677684$ & $-0.00381432$ & $0.434913$ & $-0.0325528$ & $0.0649738$ & $-0.0169762$ & $0.0204942$ & $-0.0138396$ & $-0.025079$ & $-0.020054$ & $-0.0109733$ & $-0.0301866$ & $0.0227906$ & $0.035602$ & $-0.0185043$ & $0.0169587$ & $-0.0306475$ & $-0.0154725$ \\
CHQ1_11 & $0.0715352$ & $0.0430839$ & $-0.0341169$ & $0.0291742$ & $0.0114616$ & $0.0118951$ & $-0.00898981$ & $0.0548307$ & $0.0519858$ & $-0.00969362$ & $-0.0204238$ & $-0.0103772$ & $-0.0419521$ & $-0.195275$ & $-0.143245$ & $-0.0251422$ & $0.0715108$ & $0.0296601$ & $-0.00578759$ & $0.047286$ & $0.0469259$ & $1$ & $-0.105961$ & $0.120758$ & $-0.684501$ & $0.3395$ & $0.00114312$ & $-0.0325846$ & $0.0029661$ & $0.0137806$ & $-0.00410979$ & $0.0025804$ & $0.217332$ & $0.0513378$ & $0.0377411$ & $-0.0354523$ & $-0.0173338$ & $0.0117021$ & $0.003845$ & $0.0190974$ & $-0.0250663$ & $0.00574599$ & $0.0322272$ & $-0.0254493$ & $-0.00656873$ & $0.0161373$ & $0.0707497$ & $0.000454966$ \\
CHQ1_33 & $-0.0817641$ & $-0.0144325$ & $0.00871095$ & $0.0420911$ & $-0.0083116$ & $-0.0148255$ & $-0.0460188$ & $-0.619833$ & $-0.613282$ & $0.518231$ & $0.253954$ & $0.145013$ & $0.430311$ & $0.147082$ & $0.164115$ & $0.635954$ & $0.56761$ & $0.558871$ & $-0.197378$ & $-0.310858$ & $-0.307242$ & $-0.105961$ & $1$ & $0.593816$ & $0.142452$ & $-0.398593$ & $-0.00425633$ & $-0.0323636$ & $-0.0267567$ & $-0.0335087$ & $-0.0452957$ & $0.00108857$ & $-0.599983$ & $-0.0479156$ & $-0.0277571$ & $0.00354606$ & $-0.0422446$ & $0.0502521$ & $0.0140636$ & $-0.0476541$ & $-0.0113161$ & $-0.0132662$ & $-0.0297816$ & $-0.0421254$ & $0.0186661$ & $-0.0242656$ & $-0.0188899$ & $0.00730616$ \\
CHQ3_11 & $-0.0319216$ & $0.00846105$ & $-0.00096156$ & $0.0150701$ & $-0.018684$ & $-0.0996714$ & $-0.0347452$ & $-0.294533$ & $-0.29517$ & $0.452906$ & $-0.0796571$ & $-0.00587707$ & $0.599346$ & $-0.101709$ & $-0.084932$ & $0.763585$ & $0.775786$ & $0.776169$ & $0.0834566$ & $0.0763098$ & $0.0775899$ & $0.120758$ & $0.593816$ & $1$ & $-0.0692605$ & $0.283233$ & $0.0272806$ & $-0.0416116$ & $-0.0454547$ & $-0.0275583$ & $-0.0476705$ & $-0.0315189$ & $-0.121539$ & $-0.054059$ & $0.0299246$ & $-0.0115853$ & $-0.0456995$ & $0.04096$ & $0.0235939$ & $-0.0776558$ & $-4.6581e-05$ & $-0.0220023$ & $0.00278033$ & $-0.0177797$ & $-0.0307655$ & $-0.009028$ & $-0.000614063$ & $-0.0382715$ \\
CHu_11 & $-0.04079$ & $-0.0282485$ & $0.0273309$ & $-0.0181973$ & $0.00380117$ & $0.0983975$ & $0.0063538$ & $-0.491823$ & $-0.480228$ & $0.17215$ & $0.557231$ & $0.179011$ & $-0.316269$ & $-0.177089$ & $-0.198654$ & $-0.196499$ & $-0.0452598$ & $-0.0252188$ & $-0.547553$ & $-0.55816$ & $-0.545945$ & $-0.684501$ & $0.142452$ & $-0.0692605$ & $1$ & $-0.185608$ & $-0.181559$ & $0.0371992$ & $0.000310316$ & $-0.0230219$ & $0.00791824$ & $0.00124779$ & $-0.248563$ & $-0.0442007$ & $-0.0506844$ & $0.0368707$ & $-0.00984123$ & $0.00849016$ & $-0.00221566$ & $-0.0152859$ & $0.0275798$ & $0.0116495$ & $-0.0344601$ & $-0.00167527$ & $-0.00992644$ & $-0.0241203$ & $-0.0218675$ & $0.0135828$ \\
CHd_11 & $0.0712739$ & $0.0333715$ & $0.00523442$ & $-0.0383999$ & $0.00591336$ & $-0.0714166$ & $0.0334655$ & $0.428579$ & $0.421691$ & $-0.189949$ & $-0.310949$ & $-0.170569$ & $-0.02926$ & $-0.403279$ & $-0.386746$ & $-0.087514$ & $0.0754673$ & $0.0696365$ & $0.233836$ & $0.39198$ & $0.384694$ & $0.3395$ & $-0.398593$ & $0.283233$ & $-0.185608$ & $1$ & $0.113601$ & $0.00632739$ & $-0.0117832$ & $0.0116155$ & $0.0202776$ & $-0.0221481$ & $0.690286$ & $-0.00945558$ & $0.0737661$ & $-0.01875$ & $-0.0255328$ & $-0.0120205$ & $-0.0160889$ & $-0.0176588$ & $-0.00584327$ & $-0.00698345$ & $0.0459146$ & $0.0488062$ & $-0.0743254$ & $0.0232762$ & $0.0134435$ & $-0.0390955$ \\
CHd_33 & $0.0210234$ & $0.0290405$ & $-0.00461886$ & $0.0276771$ & $0.00449389$ & $-0.0737654$ & $0.00448749$ & $0.299994$ & $0.295483$ & $-0.120291$ & $-0.332456$ & $-0.134257$ & $0.178374$ & $0.0989058$ & $0.090668$ & $0.108941$ & $0.0173773$ & $0.0254951$ & $0.325529$ & $0.336879$ & $0.329488$ & $0.00114312$ & $-0.00425633$ & $0.0272806$ & $-0.181559$ & $0.113601$ & $1$ & $-0.0204512$ & $-0.00387674$ & $0.00481537$ & $-0.00662943$ & $-0.00859412$ & $0.15808$ & $-0.0211042$ & $0.0155993$ & $0.030516$ & $-0.0251774$ & $0.0220999$ & $0.0199834$ & $-0.0635425$ & $-0.0241226$ & $-0.023163$ & $-0.0169311$ & $-0.00825762$ & $0.00248206$ & $-0.00970591$ & $-0.0486347$ & $-0.00983663$ \\
CeH_22r & $0.0104974$ & $-0.0369654$ & $0.013681$ & $-0.0163847$ & $0.0170639$ & $0.00924461$ & $0.022089$ & $0.000441337$ & $0.00589827$ & $-0.00616101$ & $0.0244954$ & $0.0351561$ & $-0.0448292$ & $-0.0334166$ & $-0.0149837$ & $-0.048328$ & $-0.0251484$ & $-0.0385687$ & $-0.0274217$ & $-0.0203887$ & $-0.0268556$ & $-0.0325846$ & $-0.0323636$ & $-0.0416116$ & $0.0371992$ & $0.00632739$ & $-0.0204512$ & $1$ & $0.0264708$ & $0.00792307$ & $0.00636317$ & $0.0299523$ & $0.025499$ & $-0.0535621$ & $-0.024632$ & $-0.00443131$ & $0.0150452$ & $0.0501229$ & $-0.0155662$ & $-0.0290987$ & $-0.0253087$ & $0.00115726$ & $-0.0334817$ & $-0.0168567$ & $-0.0413124$ & $-0.0430895$ & $0.0097335$ & $0.0184646$ \\
CeH_33r & $-0.0359821$ & $-0.0344176$ & $0.0395584$ & $-0.0137822$ & $0.00747158$ & $-0.0106511$ & $-0.0715538$ & $0.016337$ & $0.0369776$ & $-0.0569946$ & $-1.03351e-05$ & $0.240755$ & $-0.0318224$ & $-0.00774854$ & $0.0213616$ & $-0.0308012$ & $-0.0218331$ & $-0.0438147$ & $0.0024646$ & $-0.00065471$ & $0.00264515$ & $0.0029661$ & $-0.0267567$ & $-0.0454547$ & $0.000310316$ & $-0.0117832$ & $-0.00387674$ & $0.0264708$ & $1$ & $0.310369$ & $0.0702386$ & $0.694643$ & $0.0204255$ & $-0.0174118$ & $-0.0358505$ & $-0.0607321$ & $-0.0346146$ & $0.0352443$ & $-0.0324709$ & $0.000236023$ & $-0.0443136$ & $-0.0392838$ & $0.0429612$ & $0.0468192$ & $0.0308771$ & $0.0346965$ & $0.00200082$ & $-0.0386901$ \\
CuH_22r & $0.0329222$ & $-0.0635393$ & $0.01911$ & $-0.0257565$ & $-0.0282773$ & $-0.0066825$ & $-0.0533473$ & $0.0256543$ & $0.0352203$ & $-0.0738622$ & $-0.00964621$ & $0.0307887$ & $-0.033132$ & $-0.000985468$ & $0.00651764$ & $-0.0230796$ & $-0.026069$ & $-0.0384463$ & $0.0107315$ & $0.0102035$ & $0.00724157$ & $0.0137806$ & $-0.0335087$ & $-0.0275583$ & $-0.0230219$ & $0.0116155$ & $0.00481537$ & $0.00792307$ & $0.310369$ & $1$ & $0.0338592$ & $0.367464$ & $0.0250284$ & $0.0601034$ & $0.043003$ & $-0.117225$ & $0.0177054$ & $-0.0397218$ & $-0.0316942$ & $0.12404$ & $-0.00308492$ & $-0.0179268$ & $0.0884277$ & $0.0456143$ & $0.0438436$ & $0.155346$ & $-0.0207354$ & $-0.0964447$ \\
CuH_33r & $0.0310135$ & $0.00103275$ & $0.0190579$ & $-0.00205411$ & $0.000198549$ & $0.0133384$ & $0.937265$ & $0.0272981$ & $0.0738708$ & $-0.0124621$ & $0.00044836$ & $0.049162$ & $-0.0197938$ & $-0.0213582$ & $-0.00208155$ & $-0.0742677$ & $-0.0367434$ & $-0.057682$ & $-0.00176941$ & $0.00231689$ & $-0.00677684$ & $-0.00410979$ & $-0.0452957$ & $-0.0476705$ & $0.00791824$ & $0.0202776$ & $-0.00662943$ & $0.00636317$ & $0.0702386$ & $0.0338592$ & $1$ & $0.0990519$ & $0.0253315$ & $0.0560213$ & $-0.00366423$ & $0.124929$ & $0.108379$ & $-0.145289$ & $-0.0425761$ & $-0.00209718$ & $0.0628344$ & $0.0199702$ & $-0.00104467$ & $0.114296$ & $0.0610249$ & $-0.0268677$ & $-0.0757326$ & $0.0934812$ \\
CdH_33r & $-0.0425795$ & $-0.077598$ & $0.0124533$ & $0.0380081$ & $-0.0109659$ & $-0.00198726$ & $-0.0949552$ & $0.0011959$ & $0.0294183$ & $-0.0649589$ & $0.00438231$ & $0.289277$ & $-0.0217286$ & $-0.0104444$ & $0.021691$ & $-0.00703886$ & $-0.00127979$ & $-0.0220653$ & $-0.00340908$ & $-0.00501271$ & $-0.00381432$ & $0.0025804$ & $0.00108857$ & $-0.0315189$ & $0.00124779$ & $-0.0221481$ & $-0.00859412$ & $0.0299523$ & $0.694643$ & $0.367464$ & $0.0990519$ & $1$ & $0.011729$ & $-0.010511$ & $-0.0167181$ & $0.0194447$ & $-0.0228828$ & $0.0154848$ & $0.00359062$ & $-0.0159591$ & $0.00602546$ & $0.000285504$ & $-0.0473891$ & $0.0209189$ & $0.00492499$ & $-0.0558741$ & $0.0109535$ & $0.152168$ \\
CLL_1221 & $0.0511606$ & $0.0611948$ & $-0.00995806$ & $-0.0220531$ & $0.000716107$ & $-0.117981$ & $0.0290388$ & $0.542738$ & $0.534282$ & $-0.29063$ & $-0.355704$ & $-0.175622$ & $-0.150197$ & $-0.618957$ & $-0.138418$ & $-0.180247$ & $0.133338$ & $-0.263288$ & $0.274264$ & $0.444725$ & $0.434913$ & $0.217332$ & $-0.599983$ & $-0.121539$ & $-0.248563$ & $0.690286$ & $0.15808$ & $0.025499$ & $0.0204255$ & $0.0250284$ & $0.0253315$ & $0.011729$ & $1$ & $0.00495418$ & $0.057871$ & $0.0227769$ & $-0.0208187$ & $-0.010987$ & $-0.0114449$ & $-0.0305174$ & $0.00658395$ & $-0.00557494$ & $0.0194883$ & $0.0216669$ & $-0.0389647$ & $-0.00270615$ & $-0.00156268$ & $-0.0126767$ \\
eHggint & $0.248352$ & $0.11905$ & $-0.149809$ & $0.184709$ & $-0.0650173$ & $-0.00834299$ & $0.0206641$ & $0.000851658$ & $-0.00201481$ & $0.00702858$ & $0.0236171$ & $0.0763159$ & $-0.0568147$ & $-0.00619104$ & $0.0161822$ & $-0.0624808$ & $-0.0456315$ & $-0.0650037$ & $-0.020226$ & $-0.0253438$ & $-0.0325528$ & $0.0513378$ & $-0.0479156$ & $-0.054059$ & $-0.0442007$ & $-0.00945558$ & $-0.0211042$ & $-0.0535621$ & $-0.0174118$ & $0.0601034$ & $0.0560213$ & $-0.010511$ & $0.00495418$ & $1$ & $-0.0725759$ & $-0.177169$ & $-0.00631301$ & $-0.405456$ & $0.0595502$ & $0.532105$ & $0.183447$ & $0.0934053$ & $0.340791$ & $0.175277$ & $0.349653$ & $0.476925$ & $0.0126843$ & $0.0163807$ \\
eHggpar & $0.0346616$ & $-0.145304$ & $-0.347005$ & $-0.20736$ & $0.0894236$ & $0.0373866$ & $-0.0108314$ & $0.0635225$ & $0.0547761$ & $-0.0257472$ & $-0.0698943$ & $-0.0270224$ & $0.0378447$ & $-0.0162679$ & $-0.0236486$ & $0.0225933$ & $0.0274454$ & $0.0328831$ & $0.0644727$ & $0.0732139$ & $0.0649738$ & $0.0377411$ & $-0.0277571$ & $0.0299246$ & $-0.0506844$ & $0.0737661$ & $0.0155993$ & $-0.024632$ & $-0.0358505$ & $0.043003$ & $-0.00366423$ & $-0.0167181$ & $0.057871$ & $-0.0725759$ & $1$ & $0.00508153$ & $0.144816$ & $-0.337331$ & $0.066379$ & $-0.00142825$ & $0.0435043$ & $-0.178317$ & $0.280535$ & $0.421768$ & $-0.517254$ & $0.0483143$ & $-0.0997323$ & $-0.0252276$ \\
eHWWint & $-0.113989$ & $0.439674$ & $-0.158952$ & $0.277758$ & $0.00991539$ & $0.00457405$ & $0.126911$ & $-0.0208754$ & $-0.00842322$ & $0.0345726$ & $0.0200686$ & $0.0264929$ & $0.00058959$ & $-0.0379235$ & $0.00171804$ & $-0.00475848$ & $0.0223125$ & $-0.00441749$ & $-0.0208999$ & $-0.0126495$ & $-0.0169762$ & $-0.0354523$ & $0.00354606$ & $-0.0115853$ & $0.0368707$ & $-0.01875$ & $0.030516$ & $-0.00443131$ & $-0.0607321$ & $-0.117225$ & $0.124929$ & $0.0194447$ & $0.0227769$ & $-0.177169$ & $0.00508153$ & $1$ & $0.0986338$ & $-0.0888435$ & $0.0568834$ & $-0.364674$ & $0.0964892$ & $0.257963$ & $-0.505081$ & $-0.11626$ & $-0.00518746$ & $-0.661317$ & $-0.41355$ & $0.552289$ \\
eHWWpar & $0.00394581$ & $-0.0631747$ & $0.0149156$ & $0.0981502$ & $-0.0184463$ & $0.00331871$ & $0.094396$ & $0.0354013$ & $0.0361619$ & $-0.0238645$ & $-0.0243285$ & $-0.0241561$ & $-0.0118189$ & $0.0560763$ & $0.0138791$ & $-0.0176066$ & $-0.0621029$ & $-0.0310638$ & $0.020825$ & $0.0202698$ & $0.0204942$ & $-0.0173338$ & $-0.0422446$ & $-0.0456995$ & $-0.00984123$ & $-0.0255328$ & $-0.0251774$ & $0.0150452$ & $-0.0346146$ & $0.0177054$ & $0.108379$ & $-0.0228828$ & $-0.0208187$ & $-0.00631301$ & $0.144816$ & $0.0986338$ & $1$ & $-0.00964954$ & $-0.0866954$ & $0.0378079$ & $0.0206373$ & $0.0690763$ & $0.0616163$ & $0.103154$ & $-0.0267991$ & $0.00696607$ & $0.00319884$ & $0.058113$ \\
eHZZint & $-0.195664$ & $-0.0801936$ & $0.170783$ & $0.0751759$ & $0.0038839$ & $-0.0095904$ & $-0.129232$ & $-0.0372841$ & $-0.0452009$ & $0.0130135$ & $0.0214909$ & $-0.0420309$ & $0.0133076$ & $-0.0152949$ & $0.000991908$ & $0.0455604$ & $0.0400006$ & $0.029261$ & $-0.0237128$ & $-0.0204666$ & $-0.0138396$ & $0.0117021$ & $0.0502521$ & $0.04096$ & $0.00849016$ & $-0.0120205$ & $0.0220999$ & $0.0501229$ & $0.0352443$ & $-0.0397218$ & $-0.145289$ & $0.0154848$ & $-0.010987$ & $-0.405456$ & $-0.337331$ & $-0.0888435$ & $-0.00964954$ & $1$ & $-0.0575558$ & $-0.375606$ & $-0.251897$ & $-0.154151$ & $-0.277352$ & $-0.434638$ & $-0.144917$ & $-0.0928773$ & $0.45834$ & $-0.131357$ \\
eHZZpar & $0.0906314$ & $0.0191598$ & $-0.083907$ & $0.0788982$ & $0.0401322$ & $-0.035155$ & $-0.0498938$ & $-0.030721$ & $-0.043974$ & $0.0194707$ & $0.0197336$ & $0.00853169$ & $-0.00509677$ & $-0.00928141$ & $-0.000588702$ & $0.0242465$ & $0.0260374$ & $0.0205313$ & $-0.0156888$ & $-0.0211136$ & $-0.025079$ & $0.003845$ & $0.0140636$ & $0.0235939$ & $-0.00221566$ & $-0.0160889$ & $0.0199834$ & $-0.0155662$ & $-0.0324709$ & $-0.0316942$ & $-0.0425761$ & $0.00359062$ & $-0.0114449$ & $0.0595502$ & $0.066379$ & $0.0568834$ & $-0.0866954$ & $-0.0575558$ & $1$ & $-0.124618$ & $0.120883$ & $-0.0686282$ & $0.0715522$ & $0.0894727$ & $-0.0235956$ & $-0.0541905$ & $-0.0595496$ & $0.147233$ \\
eHZgaint & $0.189418$ & $-0.282875$ & $0.0530332$ & $-0.120675$ & $-0.0681394$ & $0.00489007$ & $-0.012183$ & $0.0203176$ & $0.02643$ & $-0.0437386$ & $0.0134441$ & $0.0353511$ & $-0.0691252$ & $0.0490546$ & $0.00412043$ & $-0.067534$ & $-0.0968289$ & $-0.0642295$ & $-0.0105289$ & $-0.0194412$ & $-0.020054$ & $0.0190974$ & $-0.0476541$ & $-0.0776558$ & $-0.0152859$ & $-0.0176588$ & $-0.0635425$ & $-0.0290987$ & $0.000236023$ & $0.12404$ & $-0.00209718$ & $-0.0159591$ & $-0.0305174$ & $0.532105$ & $-0.00142825$ & $-0.364674$ & $0.0378079$ & $-0.375606$ & $-0.124618$ & $1$ & $0.0365821$ & $0.282196$ & $0.233331$ & $0.103117$ & $0.16119$ & $0.64669$ & $-0.0594374$ & $-0.127223$ \\
eHZgapar & $0.131529$ & $0.0649412$ & $-0.0961459$ & $-0.0521222$ & $-0.0523375$ & $0.00985649$ & $0.0560917$ & $-0.0228388$ & $-0.022494$ & $0.0331054$ & $0.0210382$ & $0.0201428$ & $-0.0188926$ & $-0.0223793$ & $-0.037101$ & $0.0098773$ & $0.0133406$ & $0.0334865$ & $-0.0223262$ & $-0.0190039$ & $-0.0109733$ & $-0.0250663$ & $-0.0113161$ & $-4.6581e-05$ & $0.0275798$ & $-0.00584327$ & $-0.0241226$ & $-0.0253087$ & $-0.0443136$ & $-0.00308492$ & $0.0628344$ & $0.00602546$ & $0.00658395$ & $0.183447$ & $0.0435043$ & $0.0964892$ & $0.0206373$ & $-0.251897$ & $0.120883$ & $0.0365821$ & $1$ & $0.0187911$ & $-0.00553222$ & $0.244465$ & $0.0971888$ & $0.0267359$ & $-0.0658652$ & $0.198024$ \\
eHgagaint & $-0.108844$ & $0.162895$ & $0.46094$ & $0.183849$ & $-0.0773538$ & $0.0062274$ & $0.0226426$ & $-0.0218703$ & $0.0123306$ & $0.018121$ & $0.0379715$ & $0.0286511$ & $-0.0393238$ & $-0.0130011$ & $-0.00971005$ & $-0.0361053$ & $-0.0268928$ & $-0.0257471$ & $-0.0373371$ & $-0.0352945$ & $-0.0301866$ & $0.00574599$ & $-0.0132662$ & $-0.0220023$ & $0.0116495$ & $-0.00698345$ & $-0.023163$ & $0.00115726$ & $-0.0392838$ & $-0.0179268$ & $0.0199702$ & $0.000285504$ & $-0.00557494$ & $0.0934053$ & $-0.178317$ & $0.257963$ & $0.0690763$ & $-0.154151$ & $-0.0686282$ & $0.282196$ & $0.0187911$ & $1$ & $-0.365938$ & $-0.130058$ & $0.1761$ & $-0.159571$ & $-0.290701$ & $0.309313$ \\
eHmumuint & $0.0265155$ & $-0.0538613$ & $-0.0324695$ & $-0.148062$ & $0.0272348$ & $0.0116578$ & $-0.0144746$ & $0.0394266$ & $0.0263749$ & $-0.0147803$ & $-0.0293185$ & $0.0232519$ & $-0.00321296$ & $0.00791729$ & $0.0114916$ & $-0.0232781$ & $-0.0203876$ & $-0.0278159$ & $0.0315067$ & $0.02826$ & $0.0227906$ & $0.0322272$ & $-0.0297816$ & $0.00278033$ & $-0.0344601$ & $0.0459146$ & $-0.0169311$ & $-0.0334817$ & $0.0429612$ & $0.0884277$ & $-0.00104467$ & $-0.0473891$ & $0.0194883$ & $0.340791$ & $0.280535$ & $-0.505081$ & $0.0616163$ & $-0.277352$ & $0.0715522$ & $0.233331$ & $-0.00553222$ & $-0.365938$ & $1$ & $0.576415$ & $0.00960263$ & $0.502437$ & $0.153026$ & $-0.454095$ \\
eHtautauint & $-0.0238605$ & $0.0608511$ & $0.168576$ & $-0.117999$ & $-0.00796439$ & $0.00992235$ & $0.0943617$ & $0.0572902$ & $0.0555216$ & $-0.0196683$ & $-0.0383311$ & $0.0249185$ & $-0.0115664$ & $0.0219566$ & $0.00937287$ & $-0.0412227$ & $-0.0491137$ & $-0.0384018$ & $0.0385693$ & $0.0395454$ & $0.035602$ & $-0.0254493$ & $-0.0421254$ & $-0.0177797$ & $-0.00167527$ & $0.0488062$ & $-0.00825762$ & $-0.0168567$ & $0.0468192$ & $0.0456143$ & $0.114296$ & $0.0209189$ & $0.0216669$ & $0.175277$ & $0.421768$ & $-0.11626$ & $0.103154$ & $-0.434638$ & $0.0894727$ & $0.103117$ & $0.244465$ & $-0.130058$ & $0.576415$ & $1$ & $0.00771721$ & $0.126869$ & $-0.292279$ & $0.0454179$ \\
eHccint & $0.229842$ & $0.32943$ & $0.277283$ & $0.575697$ & $-0.111341$ & $-0.0261688$ & $0.0505836$ & $-0.0211871$ & $-0.012698$ & $-0.0151869$ & $0.0122015$ & $0.00609742$ & $0.00109589$ & $0.0358657$ & $0.0767784$ & $-0.000106247$ & $-0.00912101$ & $-0.0458783$ & $-0.000807528$ & $-0.0197975$ & $-0.0185043$ & $-0.00656873$ & $0.0186661$ & $-0.0307655$ & $-0.00992644$ & $-0.0743254$ & $0.00248206$ & $-0.0413124$ & $0.0308771$ & $0.0438436$ & $0.0610249$ & $0.00492499$ & $-0.0389647$ & $0.349653$ & $-0.517254$ & $-0.00518746$ & $-0.0267991$ & $-0.144917$ & $-0.0235956$ & $0.16119$ & $0.0971888$ & $0.1761$ & $0.00960263$ & $0.00771721$ & $1$ & $0.20127$ & $-0.395438$ & $0.090081$ \\
eHccpar & $0.268509$ & $-0.225182$ & $0.0323146$ & $-0.0714088$ & $-0.0586369$ & $0.00294798$ & $-0.0404762$ & $0.0296868$ & $0.0196165$ & $-0.0375491$ & $-0.0213377$ & $-0.00142507$ & $-0.0079649$ & $0.0271503$ & $0.000315997$ & $-0.0126449$ & $-0.030776$ & $-0.0110915$ & $0.0220314$ & $0.0188048$ & $0.0169587$ & $0.0161373$ & $-0.0242656$ & $-0.009028$ & $-0.0241203$ & $0.0232762$ & $-0.00970591$ & $-0.0430895$ & $0.0346965$ & $0.155346$ & $-0.0268677$ & $-0.0558741$ & $-0.00270615$ & $0.476925$ & $0.0483143$ & $-0.661317$ & $0.00696607$ & $-0.0928773$ & $-0.0541905$ & $0.64669$ & $0.0267359$ & $-0.159571$ & $0.502437$ & $0.126869$ & $0.20127$ & $1$ & $0.143999$ & $-0.496133$ \\
eHbbint & $-0.125959$ & $-0.236754$ & $-0.180446$ & $-0.299788$ & $0.0255843$ & $-0.00457506$ & $-0.0733837$ & $-0.0227931$ & $-0.0404978$ & $0.0167158$ & $0.0352273$ & $0.00750383$ & $-0.0308582$ & $-0.0264229$ & $-0.0478256$ & $-0.0214266$ & $-0.00777492$ & $0.00996945$ & $-0.0411798$ & $-0.0339584$ & $-0.0306475$ & $0.0707497$ & $-0.0188899$ & $-0.000614063$ & $-0.0218675$ & $0.0134435$ & $-0.0486347$ & $0.0097335$ & $0.00200082$ & $-0.0207354$ & $-0.0757326$ & $0.0109535$ & $-0.00156268$ & $0.0126843$ & $-0.0997323$ & $-0.41355$ & $0.00319884$ & $0.45834$ & $-0.0595496$ & $-0.0594374$ & $-0.0658652$ & $-0.290701$ & $0.153026$ & $-0.292279$ & $-0.395438$ & $0.143999$ & $1$ & $-0.285365$ \\
eHbbpar & $-0.0555644$ & $-0.0110753$ & $0.0625301$ & $0.379338$ & $-0.0564492$ & $-0.000264366$ & $0.0826993$ & $-0.00980187$ & $0.00194639$ & $0.0486752$ & $0.0147676$ & $0.0464194$ & $-0.0114213$ & $0.00157574$ & $0.0250567$ & $-0.0183101$ & $-0.0130178$ & $-0.0281071$ & $-0.0153273$ & $-0.0162099$ & $-0.0154725$ & $0.000454966$ & $0.00730616$ & $-0.0382715$ & $0.0135828$ & $-0.0390955$ & $-0.00983663$ & $0.0184646$ & $-0.0386901$ & $-0.0964447$ & $0.0934812$ & $0.152168$ & $-0.0126767$ & $0.0163807$ & $-0.0252276$ & $0.552289$ & $0.058113$ & $-0.131357$ & $0.147233$ & $-0.127223$ & $0.198024$ & $0.309313$ & $-0.454095$ & $0.0454179$ & $0.090081$ & $-0.496133$ & $-0.285365$ & $1$ \\
