 & AlsMz & dAle5Mz & mtop & mHl & Mz & CW & CHG & CHWB & CHWHB_gaga & CHWHB_gagaorth & CHD & CHbox & CH & CHL1_11 & CHL1_22 & CHL1_33 & CHL3_11 & CHL3_22 & CHL3_33 & CHe_11 & CHe_22 & CHe_33 & CHQ1_11 & CHQ1_33 & CHQ3_11 & CHu_11 & CHd_11 & CHd_33 & CeH_22r & CeH_33r & CuH_22r & CuH_33r & CdH_33r & CLL_1221 & eHggint & eHggpar & eHWWint & eHWWpar & eHZZint & eHZZpar & eHZgaint & eHZgapar & eHgagaint & eHmumuint & eHtautauint & eHccint & eHccpar & eHbbint & eHbbpar \\
AlsMz & $1$ & $0.183805$ & $0.0702977$ & $0.0435708$ & $-0.0354245$ & $0.0126832$ & $-0.168834$ & $0.0396079$ & $0.03109$ & $-0.0201514$ & $-0.0286588$ & $0.0770078$ & $0.0981338$ & $-0.00208351$ & $0.0300494$ & $-0.00661304$ & $-0.0325896$ & $-0.044013$ & $-0.0192596$ & $0.0277039$ & $0.0271092$ & $0.0262366$ & $-0.0122735$ & $-0.0567954$ & $-0.042563$ & $-0.0236058$ & $0.00919661$ & $0.0035652$ & $-0.00457238$ & $0.0524181$ & $0.0301404$ & $-0.152627$ & $0.0871973$ & $0.00332056$ & $0.341741$ & $0.333046$ & $-0.422769$ & $-0.110809$ & $0.116693$ & $0.28825$ & $-0.126679$ & $0.23722$ & $-0.0145304$ & $-0.107742$ & $-0.105519$ & $-0.191469$ & $0.155992$ & $-0.0766171$ & $0.0477741$ \\
dAle5Mz & $0.183805$ & $1$ & $0.395402$ & $-0.116005$ & $0.00561047$ & $-0.0626132$ & $-0.100422$ & $0.0502294$ & $0.0456687$ & $-0.0161259$ & $-0.0679389$ & $0.0361549$ & $0.0620119$ & $0.0419805$ & $0.0315742$ & $0.0398006$ & $0.0349002$ & $0.0104243$ & $0.00574604$ & $0.0723933$ & $0.0687943$ & $0.0756893$ & $-0.0123636$ & $-0.00770991$ & $-0.000386178$ & $-0.0428472$ & $0.00275693$ & $0.0336251$ & $0.0231248$ & $0.0124128$ & $-0.0214279$ & $-0.101573$ & $0.0613156$ & $0.030013$ & $0.00941726$ & $0.000431331$ & $0.137767$ & $0.0586059$ & $0.579552$ & $0.170153$ & $-0.545182$ & $-0.272708$ & $-0.157276$ & $-0.369768$ & $-0.438574$ & $-0.285039$ & $-0.436645$ & $0.162481$ & $0.305602$ \\
mtop & $0.0702977$ & $0.395402$ & $1$ & $-0.140136$ & $0.00253963$ & $-0.0405457$ & $-0.0698822$ & $-0.0188113$ & $-0.0201487$ & $0.0122886$ & $0.0110671$ & $0.00245647$ & $0.00685987$ & $0.0117849$ & $-0.0185658$ & $-0.0245508$ & $0.0215483$ & $0.0283189$ & $0.0319887$ & $-0.0100811$ & $-0.00702043$ & $-0.000174768$ & $0.0080851$ & $0.0169213$ & $0.0204143$ & $0.00557869$ & $0.00807063$ & $0.00327407$ & $0.0192044$ & $-0.024745$ & $-0.0434911$ & $-0.090387$ & $0.0329012$ & $0.00844302$ & $-0.116304$ & $-0.0107567$ & $0.0698203$ & $0.371863$ & $0.406121$ & $-0.0589085$ & $-0.113458$ & $-0.142887$ & $0.0849275$ & $-0.275567$ & $0.0361843$ & $-0.213191$ & $-0.185177$ & $0.469349$ & $0.424322$ \\
mHl & $0.0435708$ & $-0.116005$ & $-0.140136$ & $1$ & $0.0666341$ & $0.0230692$ & $0.120255$ & $-0.0802878$ & $-0.087512$ & $0.0908591$ & $0.0578865$ & $0.0058105$ & $-0.0668543$ & $0.00528569$ & $0.0169543$ & $0.00193638$ & $0.037859$ & $0.029319$ & $0.0394027$ & $-0.0493478$ & $-0.0634194$ & $-0.0664099$ & $-0.031241$ & $0.0636819$ & $0.0222976$ & $0.0429327$ & $-0.0814852$ & $-0.0436603$ & $-0.0219369$ & $-0.0133053$ & $0.00548612$ & $0.138782$ & $-0.0330776$ & $-0.0798746$ & $0.342126$ & $-0.057924$ & $-0.290363$ & $0.155459$ & $-0.183683$ & $-0.253743$ & $-0.182197$ & $0.182333$ & $-0.684332$ & $0.156935$ & $-0.171608$ & $0.131902$ & $0.192865$ & $0.0190614$ & $-0.295346$ \\
Mz & $-0.0354245$ & $0.00561047$ & $0.00253963$ & $0.0666341$ & $1$ & $0.0265208$ & $0.0397028$ & $-0.0076822$ & $-0.00567224$ & $0.0328163$ & $0.0358897$ & $0.049401$ & $0.0292298$ & $-0.0453686$ & $-0.00623178$ & $-0.0269719$ & $-0.034833$ & $-0.0356458$ & $-0.0222681$ & $-0.0281636$ & $-0.0245418$ & $-0.0226974$ & $0.0101423$ & $-0.0247508$ & $-0.0256972$ & $0.00953596$ & $0.00821291$ & $0.0018388$ & $0.0224008$ & $0.0150041$ & $-0.0140664$ & $0.0505244$ & $0.00202249$ & $-0.00189672$ & $-0.0105018$ & $0.0183485$ & $0.00871931$ & $0.0300359$ & $-0.0265077$ & $-0.0634924$ & $-0.0498804$ & $0.0878085$ & $-0.0550493$ & $0.0164486$ & $-0.0055963$ & $0.0511504$ & $0.033636$ & $-0.0132886$ & $0.0135031$ \\
CW & $0.0126832$ & $-0.0626132$ & $-0.0405457$ & $0.0230692$ & $0.0265208$ & $1$ & $-0.0104264$ & $-0.123398$ & $-0.121843$ & $0.00948831$ & $0.186185$ & $0.0518166$ & $0.0234453$ & $0.00830823$ & $-0.100141$ & $-0.0667368$ & $-0.262381$ & $-0.0438467$ & $-0.070209$ & $-0.183826$ & $-0.188862$ & $-0.186393$ & $-0.0293559$ & $-0.00312673$ & $-0.103119$ & $0.123635$ & $-0.0812452$ & $-0.0691409$ & $-0.000103658$ & $0.00648981$ & $0.0218809$ & $0.00048134$ & $0.0152295$ & $-0.100169$ & $-0.0087421$ & $0.00974478$ & $-0.0447201$ & $-0.0321196$ & $-0.0583027$ & $-0.0280814$ & $0.017411$ & $0.0465455$ & $0.00312253$ & $0.0638452$ & $0.00935778$ & $0.0131383$ & $0.0181114$ & $-0.0352068$ & $-0.00888143$ \\
CHG & $-0.168834$ & $-0.100422$ & $-0.0698822$ & $0.120255$ & $0.0397028$ & $-0.0104264$ & $1$ & $-0.148622$ & $-0.0987612$ & $0.15109$ & $0.0748933$ & $-0.162025$ & $-0.278831$ & $0.0718768$ & $0.0110323$ & $0.0281547$ & $0.141528$ & $0.129537$ & $0.115347$ & $-0.0626317$ & $-0.0853266$ & $-0.0837176$ & $-0.045751$ & $0.179871$ & $0.109354$ & $0.051454$ & $-0.129044$ & $-0.0177258$ & $0.0202025$ & $-0.152078$ & $-0.0727533$ & $0.920614$ & $-0.219228$ & $-0.121749$ & $-0.00805938$ & $-0.0849257$ & $0.0470414$ & $0.254369$ & $-0.170733$ & $-0.054279$ & $0.147013$ & $-0.0168722$ & $0.0407785$ & $-0.0443887$ & $0.140601$ & $0.086344$ & $0.036873$ & $0.0370104$ & $-0.0832859$ \\
CHWB & $0.0396079$ & $0.0502294$ & $-0.0188113$ & $-0.0802878$ & $-0.0076822$ & $-0.123398$ & $-0.148622$ & $1$ & $0.985262$ & $-0.543837$ & $-0.868852$ & $0.0350562$ & $0.299593$ & $0.105843$ & $0.285566$ & $0.28409$ & $-0.222292$ & $-0.41114$ & $-0.409276$ & $0.838309$ & $0.888575$ & $0.870853$ & $0.0638439$ & $-0.66425$ & $-0.381411$ & $-0.504499$ & $0.425067$ & $0.30078$ & $0.0156008$ & $0.0830507$ & $0.0399659$ & $-0.149511$ & $0.102935$ & $0.564363$ & $0.0264269$ & $-0.0476235$ & $-0.0497829$ & $-0.0432645$ & $0.0636133$ & $0.063014$ & $0.00461908$ & $-0.0629724$ & $0.0479832$ & $-0.0617327$ & $-0.0130227$ & $-0.090356$ & $-0.00127873$ & $0.00595357$ & $0.0286048$ \\
CHWHB_gaga & $0.03109$ & $0.0456687$ & $-0.0201487$ & $-0.087512$ & $-0.00567224$ & $-0.121843$ & $-0.0987612$ & $0.985262$ & $1$ & $-0.531025$ & $-0.852981$ & $0.0576618$ & $0.303361$ & $0.0987247$ & $0.280634$ & $0.282148$ & $-0.226213$ & $-0.410093$ & $-0.410323$ & $0.823371$ & $0.872239$ & $0.854918$ & $0.0632021$ & $-0.6571$ & $-0.380229$ & $-0.495817$ & $0.418778$ & $0.295445$ & $0.0218354$ & $0.10591$ & $0.05602$ & $-0.108335$ & $0.130488$ & $0.555848$ & $0.0193978$ & $-0.0601032$ & $-0.0562467$ & $-0.0321353$ & $0.0624884$ & $0.0654716$ & $0.0234939$ & $-0.0649285$ & $0.0705913$ & $-0.0674537$ & $0.00452671$ & $-0.0929486$ & $0.000563018$ & $0.00729102$ & $0.0372724$ \\
CHWHB_gagaorth & $-0.0201514$ & $-0.0161259$ & $0.0122886$ & $0.0908591$ & $0.0328163$ & $0.00948831$ & $0.15109$ & $-0.543837$ & $-0.531025$ & $1$ & $0.324477$ & $0.264342$ & $-0.225378$ & $0.225731$ & $-0.11465$ & $-0.112009$ & $0.409184$ & $0.470399$ & $0.464592$ & $-0.309644$ & $-0.339904$ & $-0.33374$ & $-0.058365$ & $0.536435$ & $0.464431$ & $0.211134$ & $-0.214679$ & $-0.101797$ & $-0.00895922$ & $-0.122321$ & $-0.0671617$ & $0.163965$ & $-0.158735$ & $-0.334299$ & $0.00552307$ & $0.0492252$ & $0.062276$ & $0.0666352$ & $-0.0479602$ & $-0.0447688$ & $-0.0202528$ & $0.0512105$ & $-0.0816673$ & $0.0274712$ & $-0.00606935$ & $0.0575781$ & $0.0230786$ & $-0.0150543$ & $-0.0289748$ \\
CHD & $-0.0286588$ & $-0.0679389$ & $0.0110671$ & $0.0578865$ & $0.0358897$ & $0.186185$ & $0.0748933$ & $-0.868852$ & $-0.852981$ & $0.324477$ & $1$ & $0.138238$ & $-0.0985416$ & $-0.537294$ & $-0.424534$ & $-0.410624$ & $-0.254523$ & $0.0214472$ & $0.0197092$ & $-0.990367$ & $-0.991336$ & $-0.970334$ & $-0.012627$ & $0.277521$ & $-0.0277362$ & $0.570206$ & $-0.281338$ & $-0.331029$ & $-0.0129083$ & $-0.0262957$ & $-0.0111671$ & $0.0944739$ & $-0.0222534$ & $-0.347299$ & $0.00688039$ & $-0.00602447$ & $-0.0121195$ & $0.0284874$ & $-0.0323877$ & $-0.0424244$ & $0.052275$ & $0.0687082$ & $-0.00714734$ & $0.0522409$ & $0.046441$ & $0.0372561$ & $0.0403345$ & $-0.00420971$ & $-0.00313096$ \\
CHbox & $0.0770078$ & $0.0361549$ & $0.00245647$ & $0.0058105$ & $0.049401$ & $0.0518166$ & $-0.162025$ & $0.0350562$ & $0.0576618$ & $0.264342$ & $0.138238$ & $1$ & $0.732888$ & $-0.318798$ & $-0.0169586$ & $-0.0170334$ & $-0.349315$ & $-0.305949$ & $-0.299099$ & $-0.12569$ & $-0.132242$ & $-0.127195$ & $-0.00441842$ & $-0.209275$ & $-0.305739$ & $0.0859475$ & $-0.010077$ & $-0.00455688$ & $0.0391425$ & $0.356035$ & $0.115175$ & $-0.0565678$ & $0.466069$ & $0.0274397$ & $0.132181$ & $-0.143064$ & $-0.134793$ & $0.0380299$ & $0.0603512$ & $0.0465434$ & $0.163327$ & $-0.00728129$ & $0.0344658$ & $-0.085615$ & $0.10868$ & $-0.191577$ & $0.0845567$ & $-0.0505775$ & $0.0722133$ \\
CH & $0.0981338$ & $0.0620119$ & $0.00685987$ & $-0.0668543$ & $0.0292298$ & $0.0234453$ & $-0.278831$ & $0.299593$ & $0.303361$ & $-0.225378$ & $-0.0985416$ & $0.732888$ & $1$ & $-0.270633$ & $0.0387892$ & $0.0343007$ & $-0.388743$ & $-0.389559$ & $-0.380635$ & $0.0964084$ & $0.112755$ & $0.110737$ & $0.03089$ & $-0.384877$ & $-0.388681$ & $-0.0650486$ & $0.116876$ & $0.0779714$ & $0.0256208$ & $0.293267$ & $0.117856$ & $-0.215097$ & $0.398027$ & $0.195579$ & $0.120174$ & $-0.170341$ & $-0.169282$ & $-0.00688657$ & $0.0847266$ & $0.0875437$ & $0.185461$ & $-0.0535759$ & $0.0913806$ & $-0.107935$ & $0.117171$ & $-0.24847$ & $0.0519272$ & $-0.0670057$ & $0.0948147$ \\
CHL1_11 & $-0.00208351$ & $0.0419805$ & $0.0117849$ & $0.00528569$ & $-0.0453686$ & $0.00830823$ & $0.0718768$ & $0.105843$ & $0.0987247$ & $0.225731$ & $-0.537294$ & $-0.318798$ & $-0.270633$ & $1$ & $0.283121$ & $0.273395$ & $0.675259$ & $0.62164$ & $0.611332$ & $0.555949$ & $0.497571$ & $0.485386$ & $-0.0675692$ & $0.476707$ & $0.624712$ & $-0.291323$ & $-0.0975475$ & $0.159239$ & $-0.00443436$ & $-0.0791666$ & $-0.0401371$ & $0.0322697$ & $-0.117329$ & $-0.216453$ & $-0.0611796$ & $0.088534$ & $0.0855504$ & $0.0129196$ & $-0.0348344$ & $-0.0152255$ & $-0.09304$ & $-0.01683$ & $-0.0450805$ & $-0.00174924$ & $-0.0679093$ & $0.0608274$ & $-0.0712517$ & $-0.000515358$ & $-0.039276$ \\
CHL1_22 & $0.0300494$ & $0.0315742$ & $-0.0185658$ & $0.0169543$ & $-0.00623178$ & $-0.100141$ & $0.0110323$ & $0.285566$ & $0.280634$ & $-0.11465$ & $-0.424534$ & $-0.0169586$ & $0.0387892$ & $0.283121$ & $1$ & $0.43296$ & $0.206731$ & $-0.408731$ & $0.00963642$ & $0.489513$ & $0.342271$ & $0.33261$ & $-0.158872$ & $0.13142$ & $-0.088151$ & $-0.219788$ & $-0.399617$ & $0.131223$ & $0.0408607$ & $0.0313514$ & $0.00603643$ & $0.0104497$ & $0.0213672$ & $-0.601388$ & $-0.00649544$ & $-0.00241593$ & $-0.0185248$ & $-0.00515805$ & $-0.0214132$ & $-0.00573215$ & $-0.0366496$ & $-0.0255853$ & $-0.0287056$ & $-0.0148746$ & $0.00500241$ & $-0.0217964$ & $-0.0366869$ & $-0.0136454$ & $-0.00380241$ \\
CHL1_33 & $-0.00661304$ & $0.0398006$ & $-0.0245508$ & $0.00193638$ & $-0.0269719$ & $-0.0667368$ & $0.0281547$ & $0.28409$ & $0.282148$ & $-0.112009$ & $-0.410624$ & $-0.0170334$ & $0.0343007$ & $0.273395$ & $0.43296$ & $1$ & $0.172545$ & $0.00355018$ & $-0.414578$ & $0.476229$ & $0.329177$ & $0.351728$ & $-0.176478$ & $0.112225$ & $-0.1021$ & $-0.181498$ & $-0.393703$ & $0.119836$ & $0.0324718$ & $0.0269189$ & $0.0196368$ & $0.0264765$ & $0.00464144$ & $-0.100024$ & $-0.0465638$ & $0.00572517$ & $-0.0114342$ & $0.00680665$ & $-0.0178054$ & $-0.00197617$ & $-0.043692$ & $-0.0327837$ & $-0.00080272$ & $-0.00676834$ & $-0.0309411$ & $-0.00995988$ & $-0.0762539$ & $-0.0390135$ & $-0.00552588$ \\
CHL3_11 & $-0.0325896$ & $0.0349002$ & $0.0215483$ & $0.037859$ & $-0.034833$ & $-0.262381$ & $0.141528$ & $-0.222292$ & $-0.226213$ & $0.409184$ & $-0.254523$ & $-0.349315$ & $-0.388743$ & $0.675259$ & $0.206731$ & $0.172545$ & $1$ & $0.735725$ & $0.74597$ & $0.279229$ & $0.219427$ & $0.210943$ & $-0.0582472$ & $0.676473$ & $0.794457$ & $-0.141613$ & $-0.164175$ & $0.0612118$ & $-0.0100868$ & $-0.11554$ & $-0.0563349$ & $0.105771$ & $-0.159147$ & $-0.271553$ & $-0.0527092$ & $0.0970229$ & $0.134306$ & $0.0248486$ & $-0.051458$ & $-0.0384313$ & $-0.112292$ & $-0.020216$ & $-0.0812159$ & $0.0127186$ & $-0.0633025$ & $0.106479$ & $-0.0658349$ & $0.0128519$ & $-0.0428235$ \\
CHL3_22 & $-0.044013$ & $0.0104243$ & $0.0283189$ & $0.029319$ & $-0.0356458$ & $-0.0438467$ & $0.129537$ & $-0.41114$ & $-0.410093$ & $0.470399$ & $0.0214472$ & $-0.305949$ & $-0.389559$ & $0.62164$ & $-0.408731$ & $0.00355018$ & $0.735725$ & $1$ & $0.67468$ & $-0.0207984$ & $-0.0204234$ & $-0.0173311$ & $0.00410447$ & $0.621597$ & $0.802161$ & $0.016105$ & $-0.00995514$ & $-0.02504$ & $-0.0312606$ & $-0.124031$ & $-0.0549513$ & $0.0952231$ & $-0.162824$ & $0.0207306$ & $-0.0603442$ & $0.0989274$ & $0.123954$ & $0.0331814$ & $-0.0438326$ & $-0.0358253$ & $-0.079379$ & $0.00813075$ & $-0.0531009$ & $0.0267991$ & $-0.0655099$ & $0.111274$ & $-0.0491987$ & $0.00662956$ & $-0.0433926$ \\
CHL3_33 & $-0.0192596$ & $0.00574604$ & $0.0319887$ & $0.0394027$ & $-0.0222681$ & $-0.070209$ & $0.115347$ & $-0.409276$ & $-0.410323$ & $0.464592$ & $0.0197092$ & $-0.299099$ & $-0.380635$ & $0.611332$ & $0.00963642$ & $-0.414578$ & $0.74597$ & $0.67468$ & $1$ & $-0.0205044$ & $-0.0162477$ & $-0.0174261$ & $0.0203978$ & $0.623224$ & $0.804198$ & $-0.00621564$ & $-0.00242728$ & $-0.0156074$ & $-0.0251338$ & $-0.119209$ & $-0.0657876$ & $0.0820283$ & $-0.14814$ & $-0.351932$ & $-0.0329025$ & $0.0919465$ & $0.116971$ & $0.0226542$ & $-0.0436863$ & $-0.0355418$ & $-0.0718213$ & $0.00970736$ & $-0.072361$ & $0.0212392$ & $-0.0393234$ & $0.0979877$ & $-0.0210341$ & $0.0231722$ & $-0.0423695$ \\
CHe_11 & $0.0277039$ & $0.0723933$ & $-0.0100811$ & $-0.0493478$ & $-0.0281636$ & $-0.183826$ & $-0.0626317$ & $0.838309$ & $0.823371$ & $-0.309644$ & $-0.990367$ & $-0.12569$ & $0.0964084$ & $0.555949$ & $0.489513$ & $0.476229$ & $0.279229$ & $-0.0207984$ & $-0.0205044$ & $1$ & $0.972206$ & $0.952987$ & $-0.014468$ & $-0.22174$ & $0.0361533$ & $-0.55869$ & $0.203691$ & $0.327066$ & $0.0184331$ & $0.0282656$ & $0.00999941$ & $-0.0809465$ & $0.0221685$ & $0.266775$ & $-0.0095938$ & $0.00528109$ & $0.0102001$ & $-0.0246443$ & $0.0288836$ & $0.0398863$ & $-0.0561126$ & $-0.0681312$ & $0.00133103$ & $-0.0528677$ & $-0.0470221$ & $-0.0376387$ & $-0.0454381$ & $0.00184017$ & $0.00254616$ \\
CHe_22 & $0.0271092$ & $0.0687943$ & $-0.00702043$ & $-0.0634194$ & $-0.0245418$ & $-0.188862$ & $-0.0853266$ & $0.888575$ & $0.872239$ & $-0.339904$ & $-0.991336$ & $-0.132242$ & $0.112755$ & $0.497571$ & $0.342271$ & $0.329177$ & $0.219427$ & $-0.0204234$ & $-0.0162477$ & $0.972206$ & $1$ & $0.974804$ & $0.0390301$ & $-0.335026$ & $0.0176229$ & $-0.571574$ & $0.362272$ & $0.33191$ & $0.00872523$ & $0.0275902$ & $0.0119833$ & $-0.104912$ & $0.0267463$ & $0.432674$ & $-0.00319282$ & $0.00141885$ & $0.0116226$ & $-0.0308136$ & $0.0414462$ & $0.0475395$ & $-0.0481048$ & $-0.0684487$ & $0.0115879$ & $-0.0552481$ & $-0.0460508$ & $-0.0410641$ & $-0.0336405$ & $0.00983615$ & $0.00810402$ \\
CHe_33 & $0.0262366$ & $0.0756893$ & $-0.000174768$ & $-0.0664099$ & $-0.0226974$ & $-0.186393$ & $-0.0837176$ & $0.870853$ & $0.854918$ & $-0.33374$ & $-0.970334$ & $-0.127195$ & $0.110737$ & $0.485386$ & $0.33261$ & $0.351728$ & $0.210943$ & $-0.0173311$ & $-0.0174261$ & $0.952987$ & $0.974804$ & $1$ & $0.0387881$ & $-0.327656$ & $0.0159952$ & $-0.557433$ & $0.354098$ & $0.32296$ & $0.00977896$ & $0.0268243$ & $0.00870506$ & $-0.103358$ & $0.0244994$ & $0.428491$ & $-0.00247085$ & $0.00407139$ & $0.0145688$ & $-0.0252805$ & $0.0464365$ & $0.0503514$ & $-0.0485472$ & $-0.0716574$ & $0.0114591$ & $-0.0611432$ & $-0.0474112$ & $-0.0465932$ & $-0.0365693$ & $0.0094809$ & $0.00662753$ \\
CHQ1_11 & $-0.0122735$ & $-0.0123636$ & $0.0080851$ & $-0.031241$ & $0.0101423$ & $-0.0293559$ & $-0.045751$ & $0.0638439$ & $0.0632021$ & $-0.058365$ & $-0.012627$ & $-0.00441842$ & $0.03089$ & $-0.0675692$ & $-0.158872$ & $-0.176478$ & $-0.0582472$ & $0.00410447$ & $0.0203978$ & $-0.014468$ & $0.0390301$ & $0.0387881$ & $1$ & $-0.128391$ & $0.0846307$ & $-0.678226$ & $0.347158$ & $0.00779789$ & $-0.00451244$ & $0.00261405$ & $0.0189241$ & $-0.042147$ & $0.0270704$ & $0.188107$ & $0.0214407$ & $-0.00690607$ & $0.0386338$ & $0.00381263$ & $0.00491248$ & $-0.00987001$ & $-0.00506192$ & $-0.0075509$ & $0.0154359$ & $0.00308674$ & $-0.00728114$ & $0.0394042$ & $0.0388597$ & $0.0103711$ & $-0.0174484$ \\
CHQ1_33 & $-0.0567954$ & $-0.00770991$ & $0.0169213$ & $0.0636819$ & $-0.0247508$ & $-0.00312673$ & $0.179871$ & $-0.66425$ & $-0.6571$ & $0.536435$ & $0.277521$ & $-0.209275$ & $-0.384877$ & $0.476707$ & $0.13142$ & $0.112225$ & $0.676473$ & $0.621597$ & $0.623224$ & $-0.22174$ & $-0.335026$ & $-0.327656$ & $-0.128391$ & $1$ & $0.640028$ & $0.174168$ & $-0.431592$ & $-0.0170267$ & $-0.00999976$ & $-0.104613$ & $-0.0661518$ & $0.159508$ & $-0.148908$ & $-0.638807$ & $-0.0647749$ & $0.072548$ & $0.102056$ & $0.0423023$ & $-0.0759317$ & $-0.0535173$ & $-0.0644896$ & $0.0083963$ & $-0.0618395$ & $0.0381631$ & $-0.0191855$ & $0.114369$ & $-0.0498907$ & $-0.0030598$ & $-0.0429422$ \\
CHQ3_11 & $-0.042563$ & $-0.000386178$ & $0.0204143$ & $0.0222976$ & $-0.0256972$ & $-0.103119$ & $0.109354$ & $-0.381411$ & $-0.380229$ & $0.464431$ & $-0.0277362$ & $-0.305739$ & $-0.388681$ & $0.624712$ & $-0.088151$ & $-0.1021$ & $0.794457$ & $0.802161$ & $0.804198$ & $0.0361533$ & $0.0176229$ & $0.0159952$ & $0.0846307$ & $0.640028$ & $1$ & $-0.0241881$ & $0.18847$ & $-0.0189396$ & $-0.02764$ & $-0.120437$ & $-0.0547559$ & $0.0760312$ & $-0.15506$ & $-0.21725$ & $-0.0639222$ & $0.104932$ & $0.141988$ & $0.0363139$ & $-0.0383049$ & $-0.0463848$ & $-0.0634239$ & $0.000548856$ & $-0.0478217$ & $0.04253$ & $-0.0456671$ & $0.110795$ & $-0.0465239$ & $0.00052635$ & $-0.0503782$ \\
CHu_11 & $-0.0236058$ & $-0.0428472$ & $0.00557869$ & $0.0429327$ & $0.00953596$ & $0.123635$ & $0.051454$ & $-0.504499$ & $-0.495817$ & $0.211134$ & $0.570206$ & $0.0859475$ & $-0.0650486$ & $-0.291323$ & $-0.219788$ & $-0.181498$ & $-0.141613$ & $0.016105$ & $-0.00621564$ & $-0.55869$ & $-0.571574$ & $-0.557433$ & $-0.678226$ & $0.174168$ & $-0.0241881$ & $1$ & $-0.183512$ & $-0.194372$ & $-0.00442237$ & $-0.0255423$ & $-0.031048$ & $0.0594205$ & $-0.0374411$ & $-0.227465$ & $-0.0232488$ & $0.00219563$ & $-0.0173868$ & $0.0155667$ & $-0.0124793$ & $-0.018949$ & $0.0433392$ & $0.0352364$ & $-0.000367825$ & $0.0449859$ & $0.0323081$ & $-0.00226794$ & $-0.00550477$ & $-0.0155853$ & $0.0166098$ \\
CHd_11 & $0.00919661$ & $0.00275693$ & $0.00807063$ & $-0.0814852$ & $0.00821291$ & $-0.0812452$ & $-0.129044$ & $0.425067$ & $0.418778$ & $-0.214679$ & $-0.281338$ & $-0.010077$ & $0.116876$ & $-0.0975475$ & $-0.399617$ & $-0.393703$ & $-0.164175$ & $-0.00995514$ & $-0.00242728$ & $0.203691$ & $0.362272$ & $0.354098$ & $0.347158$ & $-0.431592$ & $0.18847$ & $-0.183512$ & $1$ & $0.08336$ & $-0.0289581$ & $0.0103416$ & $0.00632164$ & $-0.133461$ & $0.0355845$ & $0.68391$ & $0.0174355$ & $-0.00301991$ & $0.0273231$ & $-0.0210858$ & $0.0728561$ & $0.0366931$ & $0.0361877$ & $-0.0337241$ & $0.0602374$ & $-0.00815178$ & $-0.00416204$ & $-0.0245724$ & $0.032262$ & $0.0131776$ & $0.014178$ \\
CHd_33 & $0.0035652$ & $0.0336251$ & $0.00327407$ & $-0.0436603$ & $0.0018388$ & $-0.0691409$ & $-0.0177258$ & $0.30078$ & $0.295445$ & $-0.101797$ & $-0.331029$ & $-0.00455688$ & $0.0779714$ & $0.159239$ & $0.131223$ & $0.119836$ & $0.0612118$ & $-0.02504$ & $-0.0156074$ & $0.327066$ & $0.33191$ & $0.32296$ & $0.00779789$ & $-0.0170267$ & $-0.0189396$ & $-0.194372$ & $0.08336$ & $1$ & $-0.00605003$ & $0.0239876$ & $-0.00738318$ & $-0.0191221$ & $0.0124679$ & $0.13271$ & $-0.0148495$ & $-0.0358605$ & $-0.023657$ & $0.0302621$ & $0.0344791$ & $0.0515382$ & $0.0312623$ & $-0.0311769$ & $0.0424002$ & $-0.0471344$ & $0.0157533$ & $-0.0535698$ & $-0.00886568$ & $0.0111951$ & $-0.00212031$ \\
CeH_22r & $-0.00457238$ & $0.0231248$ & $0.0192044$ & $-0.0219369$ & $0.0224008$ & $-0.000103658$ & $0.0202025$ & $0.0156008$ & $0.0218354$ & $-0.00895922$ & $-0.0129083$ & $0.0391425$ & $0.0256208$ & $-0.00443436$ & $0.0408607$ & $0.0324718$ & $-0.0100868$ & $-0.0312606$ & $-0.0251338$ & $0.0184331$ & $0.00872523$ & $0.00977896$ & $-0.00451244$ & $-0.00999976$ & $-0.02764$ & $-0.00442237$ & $-0.0289581$ & $-0.00605003$ & $1$ & $0.0402235$ & $0.0152654$ & $0.00445599$ & $0.0454655$ & $-0.0223936$ & $-0.0123928$ & $-0.0141583$ & $-0.00137902$ & $0.0093089$ & $0.00753079$ & $-0.00558435$ & $-0.0113759$ & $-0.0208574$ & $0.0237548$ & $-0.011077$ & $0.00414293$ & $0.00954575$ & $-0.00127236$ & $0.000375947$ & $0.043176$ \\
CeH_33r & $0.0524181$ & $0.0124128$ & $-0.024745$ & $-0.0133053$ & $0.0150041$ & $0.00648981$ & $-0.152078$ & $0.0830507$ & $0.10591$ & $-0.122321$ & $-0.0262957$ & $0.356035$ & $0.293267$ & $-0.0791666$ & $0.0313514$ & $0.0269189$ & $-0.11554$ & $-0.124031$ & $-0.119209$ & $0.0282656$ & $0.0275902$ & $0.0268243$ & $0.00261405$ & $-0.104613$ & $-0.120437$ & $-0.0255423$ & $0.0103416$ & $0.0239876$ & $0.0402235$ & $1$ & $0.321855$ & $0.0230726$ & $0.729881$ & $0.0348607$ & $0.0633748$ & $-0.0805655$ & $-0.0816482$ & $-0.00415732$ & $0.0250985$ & $0.022442$ & $0.0951166$ & $3.84168e-07$ & $0.0531105$ & $-0.0658343$ & $0.0696314$ & $-0.0980081$ & $0.0430465$ & $-0.0129819$ & $0.0379929$ \\
CuH_22r & $0.0301404$ & $-0.0214279$ & $-0.0434911$ & $0.00548612$ & $-0.0140664$ & $0.0218809$ & $-0.0727533$ & $0.0399659$ & $0.05602$ & $-0.0671617$ & $-0.0111671$ & $0.115175$ & $0.117856$ & $-0.0401371$ & $0.00603643$ & $0.0196368$ & $-0.0563349$ & $-0.0549513$ & $-0.0657876$ & $0.00999941$ & $0.0119833$ & $0.00870506$ & $0.0189241$ & $-0.0661518$ & $-0.0547559$ & $-0.031048$ & $0.00632164$ & $-0.00738318$ & $0.0152654$ & $0.321855$ & $1$ & $0.0337055$ & $0.413626$ & $0.026813$ & $0.0617149$ & $-0.0618973$ & $-0.0626309$ & $-0.0173075$ & $-0.0137147$ & $0.0374192$ & $0.0447599$ & $0.00808168$ & $0.0279956$ & $-0.0550631$ & $0.0532815$ & $-0.0156394$ & $0.0818603$ & $0.00341918$ & $0.0336179$ \\
CuH_33r & $-0.152627$ & $-0.101573$ & $-0.090387$ & $0.138782$ & $0.0505244$ & $0.00048134$ & $0.920614$ & $-0.149511$ & $-0.108335$ & $0.163965$ & $0.0944739$ & $-0.0565678$ & $-0.215097$ & $0.0322697$ & $0.0104497$ & $0.0264765$ & $0.105771$ & $0.0952231$ & $0.0820283$ & $-0.0809465$ & $-0.104912$ & $-0.103358$ & $-0.042147$ & $0.159508$ & $0.0760312$ & $0.0594205$ & $-0.133461$ & $-0.0191221$ & $0.00445599$ & $0.0230726$ & $0.0337055$ & $1$ & $0.0100112$ & $-0.122069$ & $0.0445758$ & $-0.117664$ & $0.0245237$ & $0.265174$ & $-0.172307$ & $-0.0519539$ & $0.18656$ & $-0.011623$ & $0.0391303$ & $-0.0758319$ & $0.16475$ & $0.0552235$ & $0.0631192$ & $0.0522402$ & $-0.0851233$ \\
CdH_33r & $0.0871973$ & $0.0613156$ & $0.0329012$ & $-0.0330776$ & $0.00202249$ & $0.0152295$ & $-0.219228$ & $0.102935$ & $0.130488$ & $-0.158735$ & $-0.0222534$ & $0.466069$ & $0.398027$ & $-0.117329$ & $0.0213672$ & $0.00464144$ & $-0.159147$ & $-0.162824$ & $-0.14814$ & $0.0221685$ & $0.0267463$ & $0.0244994$ & $0.0270704$ & $-0.148908$ & $-0.15506$ & $-0.0374411$ & $0.0355845$ & $0.0124679$ & $0.0454655$ & $0.729881$ & $0.413626$ & $0.0100112$ & $1$ & $0.0583969$ & $0.0853327$ & $-0.152277$ & $-0.150712$ & $-0.0122099$ & $0.113121$ & $0.0565324$ & $0.0961932$ & $-0.0105982$ & $0.0916713$ & $-0.113957$ & $0.0802295$ & $-0.140796$ & $0.0436697$ & $0.0451926$ & $0.158738$ \\
CLL_1221 & $0.00332056$ & $0.030013$ & $0.00844302$ & $-0.0798746$ & $-0.00189672$ & $-0.100169$ & $-0.121749$ & $0.564363$ & $0.555848$ & $-0.334299$ & $-0.347299$ & $0.0274397$ & $0.195579$ & $-0.216453$ & $-0.601388$ & $-0.100024$ & $-0.271553$ & $0.0207306$ & $-0.351932$ & $0.266775$ & $0.432674$ & $0.428491$ & $0.188107$ & $-0.638807$ & $-0.21725$ & $-0.227465$ & $0.68391$ & $0.13271$ & $-0.0223936$ & $0.0348607$ & $0.026813$ & $-0.122069$ & $0.0583969$ & $1$ & $0.0292752$ & $-0.0360374$ & $-0.0126866$ & $-0.0292048$ & $0.0772686$ & $0.0543194$ & $0.0206542$ & $-0.0380268$ & $0.0563778$ & $-0.0433416$ & $-0.0226844$ & $-0.0526454$ & $0.022035$ & $0.0240262$ & $0.0316731$ \\
eHggint & $0.341741$ & $0.00941726$ & $-0.116304$ & $0.342126$ & $-0.0105018$ & $-0.0087421$ & $-0.00805938$ & $0.0264269$ & $0.0193978$ & $0.00552307$ & $0.00688039$ & $0.132181$ & $0.120174$ & $-0.0611796$ & $-0.00649544$ & $-0.0465638$ & $-0.0527092$ & $-0.0603442$ & $-0.0329025$ & $-0.0095938$ & $-0.00319282$ & $-0.00247085$ & $0.0214407$ & $-0.0647749$ & $-0.0639222$ & $-0.0232488$ & $0.0174355$ & $-0.0148495$ & $-0.0123928$ & $0.0633748$ & $0.0617149$ & $0.0445758$ & $0.0853327$ & $0.0292752$ & $1$ & $-0.310839$ & $-0.137389$ & $-0.116241$ & $0.0544907$ & $-0.0661489$ & $0.161403$ & $-0.0106064$ & $-0.423796$ & $-0.466876$ & $0.00578196$ & $-0.235047$ & $0.534327$ & $0.450853$ & $-0.0672416$ \\
eHggpar & $0.333046$ & $0.000431331$ & $-0.0107567$ & $-0.057924$ & $0.0183485$ & $0.00974478$ & $-0.0849257$ & $-0.0476235$ & $-0.0601032$ & $0.0492252$ & $-0.00602447$ & $-0.143064$ & $-0.170341$ & $0.088534$ & $-0.00241593$ & $0.00572517$ & $0.0970229$ & $0.0989274$ & $0.0919465$ & $0.00528109$ & $0.00141885$ & $0.00407139$ & $-0.00690607$ & $0.072548$ & $0.104932$ & $0.00219563$ & $-0.00301991$ & $-0.0358605$ & $-0.0141583$ & $-0.0805655$ & $-0.0618973$ & $-0.117664$ & $-0.152277$ & $-0.0360374$ & $-0.310839$ & $1$ & $0.179241$ & $0.0456004$ & $-0.405976$ & $0.0574933$ & $-0.283788$ & $0.0894845$ & $-0.124225$ & $0.355656$ & $-0.133359$ & $0.266861$ & $-0.298754$ & $-0.516949$ & $-0.445731$ \\
eHWWint & $-0.422769$ & $0.137767$ & $0.0698203$ & $-0.290363$ & $0.00871931$ & $-0.0447201$ & $0.0470414$ & $-0.0497829$ & $-0.0562467$ & $0.062276$ & $-0.0121195$ & $-0.134793$ & $-0.169282$ & $0.0855504$ & $-0.0185248$ & $-0.0114342$ & $0.134306$ & $0.123954$ & $0.116971$ & $0.0102001$ & $0.0116226$ & $0.0145688$ & $0.0386338$ & $0.102056$ & $0.141988$ & $-0.0173868$ & $0.0273231$ & $-0.023657$ & $-0.00137902$ & $-0.0816482$ & $-0.0626309$ & $0.0245237$ & $-0.150712$ & $-0.0126866$ & $-0.137389$ & $0.179241$ & $1$ & $0.0784686$ & $-0.0830445$ & $-0.31736$ & $-0.0943705$ & $-0.410556$ & $-0.18687$ & $0.0195721$ & $0.0177921$ & $0.072222$ & $-0.334132$ & $-0.0335452$ & $-0.235602$ \\
eHWWpar & $-0.110809$ & $0.0586059$ & $0.371863$ & $0.155459$ & $0.0300359$ & $-0.0321196$ & $0.254369$ & $-0.0432645$ & $-0.0321353$ & $0.0666352$ & $0.0284874$ & $0.0380299$ & $-0.00688657$ & $0.0129196$ & $-0.00515805$ & $0.00680665$ & $0.0248486$ & $0.0331814$ & $0.0226542$ & $-0.0246443$ & $-0.0308136$ & $-0.0252805$ & $0.00381263$ & $0.0423023$ & $0.0363139$ & $0.0155667$ & $-0.0210858$ & $0.0302621$ & $0.0093089$ & $-0.00415732$ & $-0.0173075$ & $0.265174$ & $-0.0122099$ & $-0.0292048$ & $-0.116241$ & $0.0456004$ & $0.0784686$ & $1$ & $0.0789982$ & $-0.187607$ & $-0.0122966$ & $-0.132699$ & $-0.0614521$ & $-0.0684912$ & $0.129683$ & $0.0435279$ & $0.0422584$ & $0.136718$ & $0.00814574$ \\
eHZZint & $0.116693$ & $0.579552$ & $0.406121$ & $-0.183683$ & $-0.0265077$ & $-0.0583027$ & $-0.170733$ & $0.0636133$ & $0.0624884$ & $-0.0479602$ & $-0.0323877$ & $0.0603512$ & $0.0847266$ & $-0.0348344$ & $-0.0214132$ & $-0.0178054$ & $-0.051458$ & $-0.0438326$ & $-0.0436863$ & $0.0288836$ & $0.0414462$ & $0.0464365$ & $0.00491248$ & $-0.0759317$ & $-0.0383049$ & $-0.0124793$ & $0.0728561$ & $0.0344791$ & $0.00753079$ & $0.0250985$ & $-0.0137147$ & $-0.172307$ & $0.113121$ & $0.0772686$ & $0.0544907$ & $-0.405976$ & $-0.0830445$ & $0.0789982$ & $1$ & $0.178225$ & $-0.136154$ & $-0.0712053$ & $0.0592479$ & $-0.251936$ & $-0.407412$ & $-0.400545$ & $-0.194344$ & $0.364151$ & $0.516385$ \\
eHZZpar & $0.28825$ & $0.170153$ & $-0.0589085$ & $-0.253743$ & $-0.0634924$ & $-0.0280814$ & $-0.054279$ & $0.063014$ & $0.0654716$ & $-0.0447688$ & $-0.0424244$ & $0.0465434$ & $0.0875437$ & $-0.0152255$ & $-0.00573215$ & $-0.00197617$ & $-0.0384313$ & $-0.0358253$ & $-0.0355418$ & $0.0398863$ & $0.0475395$ & $0.0503514$ & $-0.00987001$ & $-0.0535173$ & $-0.0463848$ & $-0.018949$ & $0.0366931$ & $0.0515382$ & $-0.00558435$ & $0.022442$ & $0.0374192$ & $-0.0519539$ & $0.0565324$ & $0.0543194$ & $-0.0661489$ & $0.0574933$ & $-0.31736$ & $-0.187607$ & $0.178225$ & $1$ & $-0.0485113$ & $0.0485388$ & $0.295113$ & $-0.22666$ & $-0.0412996$ & $-0.249662$ & $-0.0900053$ & $-0.126857$ & $0.106923$ \\
eHZgaint & $-0.126679$ & $-0.545182$ & $-0.113458$ & $-0.182197$ & $-0.0498804$ & $0.017411$ & $0.147013$ & $0.00461908$ & $0.0234939$ & $-0.0202528$ & $0.052275$ & $0.163327$ & $0.185461$ & $-0.09304$ & $-0.0366496$ & $-0.043692$ & $-0.112292$ & $-0.079379$ & $-0.0718213$ & $-0.0561126$ & $-0.0481048$ & $-0.0485472$ & $-0.00506192$ & $-0.0644896$ & $-0.0634239$ & $0.0433392$ & $0.0361877$ & $0.0312623$ & $-0.0113759$ & $0.0951166$ & $0.0447599$ & $0.18656$ & $0.0961932$ & $0.0206542$ & $0.161403$ & $-0.283788$ & $-0.0943705$ & $-0.0122966$ & $-0.136154$ & $-0.0485113$ & $1$ & $0.0967041$ & $0.478714$ & $-0.0985035$ & $0.531397$ & $-0.283251$ & $0.282154$ & $0.112603$ & $-0.124109$ \\
eHZgapar & $0.23722$ & $-0.272708$ & $-0.142887$ & $0.182333$ & $0.0878085$ & $0.0465455$ & $-0.0168722$ & $-0.0629724$ & $-0.0649285$ & $0.0512105$ & $0.0687082$ & $-0.00728129$ & $-0.0535759$ & $-0.01683$ & $-0.0255853$ & $-0.0327837$ & $-0.020216$ & $0.00813075$ & $0.00970736$ & $-0.0681312$ & $-0.0684487$ & $-0.0716574$ & $-0.0075509$ & $0.0083963$ & $0.000548856$ & $0.0352364$ & $-0.0337241$ & $-0.0311769$ & $-0.0208574$ & $3.84168e-07$ & $0.00808168$ & $-0.011623$ & $-0.0105982$ & $-0.0380268$ & $-0.0106064$ & $0.0894845$ & $-0.410556$ & $-0.132699$ & $-0.0712053$ & $0.0485388$ & $0.0967041$ & $1$ & $-0.0192163$ & $0.246222$ & $-0.084167$ & $0.0240507$ & $0.155602$ & $-0.177457$ & $-0.122234$ \\
eHgagaint & $-0.0145304$ & $-0.157276$ & $0.0849275$ & $-0.684332$ & $-0.0550493$ & $0.00312253$ & $0.0407785$ & $0.0479832$ & $0.0705913$ & $-0.0816673$ & $-0.00714734$ & $0.0344658$ & $0.0913806$ & $-0.0450805$ & $-0.0287056$ & $-0.00080272$ & $-0.0812159$ & $-0.0531009$ & $-0.072361$ & $0.00133103$ & $0.0115879$ & $0.0114591$ & $0.0154359$ & $-0.0618395$ & $-0.0478217$ & $-0.000367825$ & $0.0602374$ & $0.0424002$ & $0.0237548$ & $0.0531105$ & $0.0279956$ & $0.0391303$ & $0.0916713$ & $0.0563778$ & $-0.423796$ & $-0.124225$ & $-0.18687$ & $-0.0614521$ & $0.0592479$ & $0.295113$ & $0.478714$ & $-0.0192163$ & $1$ & $-0.058406$ & $0.399248$ & $-0.0542643$ & $0.0189828$ & $-0.000845075$ & $0.360528$ \\
eHmumuint & $-0.107742$ & $-0.369768$ & $-0.275567$ & $0.156935$ & $0.0164486$ & $0.0638452$ & $-0.0443887$ & $-0.0617327$ & $-0.0674537$ & $0.0274712$ & $0.0522409$ & $-0.085615$ & $-0.107935$ & $-0.00174924$ & $-0.0148746$ & $-0.00676834$ & $0.0127186$ & $0.0267991$ & $0.0212392$ & $-0.0528677$ & $-0.0552481$ & $-0.0611432$ & $0.00308674$ & $0.0381631$ & $0.04253$ & $0.0449859$ & $-0.00815178$ & $-0.0471344$ & $-0.011077$ & $-0.0658343$ & $-0.0550631$ & $-0.0758319$ & $-0.113957$ & $-0.0433416$ & $-0.466876$ & $0.355656$ & $0.0195721$ & $-0.0684912$ & $-0.251936$ & $-0.22666$ & $-0.0985035$ & $0.246222$ & $-0.058406$ & $1$ & $-0.315456$ & $0.445569$ & $-0.154861$ & $-0.61341$ & $-0.260328$ \\
eHtautauint & $-0.105519$ & $-0.438574$ & $0.0361843$ & $-0.171608$ & $-0.0055963$ & $0.00935778$ & $0.140601$ & $-0.0130227$ & $0.00452671$ & $-0.00606935$ & $0.046441$ & $0.10868$ & $0.117171$ & $-0.0679093$ & $0.00500241$ & $-0.0309411$ & $-0.0633025$ & $-0.0655099$ & $-0.0393234$ & $-0.0470221$ & $-0.0460508$ & $-0.0474112$ & $-0.00728114$ & $-0.0191855$ & $-0.0456671$ & $0.0323081$ & $-0.00416204$ & $0.0157533$ & $0.00414293$ & $0.0696314$ & $0.0532815$ & $0.16475$ & $0.0802295$ & $-0.0226844$ & $0.00578196$ & $-0.133359$ & $0.0177921$ & $0.129683$ & $-0.407412$ & $-0.0412996$ & $0.531397$ & $-0.084167$ & $0.399248$ & $-0.315456$ & $1$ & $-0.0693724$ & $0.278076$ & $0.136726$ & $0.0570606$ \\
eHccint & $-0.191469$ & $-0.285039$ & $-0.213191$ & $0.131902$ & $0.0511504$ & $0.0131383$ & $0.086344$ & $-0.090356$ & $-0.0929486$ & $0.0575781$ & $0.0372561$ & $-0.191577$ & $-0.24847$ & $0.0608274$ & $-0.0217964$ & $-0.00995988$ & $0.106479$ & $0.111274$ & $0.0979877$ & $-0.0376387$ & $-0.0410641$ & $-0.0465932$ & $0.0394042$ & $0.114369$ & $0.110795$ & $-0.00226794$ & $-0.0245724$ & $-0.0535698$ & $0.00954575$ & $-0.0980081$ & $-0.0156394$ & $0.0552235$ & $-0.140796$ & $-0.0526454$ & $-0.235047$ & $0.266861$ & $0.072222$ & $0.0435279$ & $-0.400545$ & $-0.249662$ & $-0.283251$ & $0.0240507$ & $-0.0542643$ & $0.445569$ & $-0.0693724$ & $1$ & $0.278006$ & $-0.252453$ & $-0.0127623$ \\
eHccpar & $0.155992$ & $-0.436645$ & $-0.185177$ & $0.192865$ & $0.033636$ & $0.0181114$ & $0.036873$ & $-0.00127873$ & $0.000563018$ & $0.0230786$ & $0.0403345$ & $0.0845567$ & $0.0519272$ & $-0.0712517$ & $-0.0366869$ & $-0.0762539$ & $-0.0658349$ & $-0.0491987$ & $-0.0210341$ & $-0.0454381$ & $-0.0336405$ & $-0.0365693$ & $0.0388597$ & $-0.0498907$ & $-0.0465239$ & $-0.00550477$ & $0.032262$ & $-0.00886568$ & $-0.00127236$ & $0.0430465$ & $0.0818603$ & $0.0631192$ & $0.0436697$ & $0.022035$ & $0.534327$ & $-0.298754$ & $-0.334132$ & $0.0422584$ & $-0.194344$ & $-0.0900053$ & $0.282154$ & $0.155602$ & $0.0189828$ & $-0.154861$ & $0.278076$ & $0.278006$ & $1$ & $0.316005$ & $0.136995$ \\
eHbbint & $-0.0766171$ & $0.162481$ & $0.469349$ & $0.0190614$ & $-0.0132886$ & $-0.0352068$ & $0.0370104$ & $0.00595357$ & $0.00729102$ & $-0.0150543$ & $-0.00420971$ & $-0.0505775$ & $-0.0670057$ & $-0.000515358$ & $-0.0136454$ & $-0.0390135$ & $0.0128519$ & $0.00662956$ & $0.0231722$ & $0.00184017$ & $0.00983615$ & $0.0094809$ & $0.0103711$ & $-0.0030598$ & $0.00052635$ & $-0.0155853$ & $0.0131776$ & $0.0111951$ & $0.000375947$ & $-0.0129819$ & $0.00341918$ & $0.0522402$ & $0.0451926$ & $0.0240262$ & $0.450853$ & $-0.516949$ & $-0.0335452$ & $0.136718$ & $0.364151$ & $-0.126857$ & $0.112603$ & $-0.177457$ & $-0.000845075$ & $-0.61341$ & $0.136726$ & $-0.252453$ & $0.316005$ & $1$ & $0.370019$ \\
eHbbpar & $0.0477741$ & $0.305602$ & $0.424322$ & $-0.295346$ & $0.0135031$ & $-0.00888143$ & $-0.0832859$ & $0.0286048$ & $0.0372724$ & $-0.0289748$ & $-0.00313096$ & $0.0722133$ & $0.0948147$ & $-0.039276$ & $-0.00380241$ & $-0.00552588$ & $-0.0428235$ & $-0.0433926$ & $-0.0423695$ & $0.00254616$ & $0.00810402$ & $0.00662753$ & $-0.0174484$ & $-0.0429422$ & $-0.0503782$ & $0.0166098$ & $0.014178$ & $-0.00212031$ & $0.043176$ & $0.0379929$ & $0.0336179$ & $-0.0851233$ & $0.158738$ & $0.0316731$ & $-0.0672416$ & $-0.445731$ & $-0.235602$ & $0.00814574$ & $0.516385$ & $0.106923$ & $-0.124109$ & $-0.122234$ & $0.360528$ & $-0.260328$ & $0.0570606$ & $-0.0127623$ & $0.136995$ & $0.370019$ & $1$ \\
