 & AlsMz & dAle5Mz & mtop & mHl & Mz & CW & CHG & CHWB & CHWHB_gaga & CHWHB_gagaorth & CHD & CHbox & CH & CHL1_11 & CHL1_22 & CHL1_33 & CHL3_11 & CHL3_22 & CHL3_33 & CHe_11 & CHe_22 & CHe_33 & CHQ1_11 & CHQ1_33 & CHQ3_11 & CHu_11 & CHd_11 & CHd_33 & CeH_22r & CeH_33r & CuH_22r & CuH_33r & CdH_33r & CLL_1221 & eHggint & eHggpar & eHWWint & eHWWpar & eHZZint & eHZZpar & eHZgaint & eHZgapar & eHgagaint & eHmumuint & eHtautauint & eHccint & eHccpar & eHbbint & eHbbpar \\
AlsMz & $1$ & $-0.100597$ & $-0.100474$ & $0.243754$ & $0.0235804$ & $-0.00639119$ & $0.0503786$ & $-0.00836282$ & $-0.0123964$ & $0.0179682$ & $-0.00260639$ & $0.00733591$ & $-0.0385295$ & $0.00483009$ & $-0.00110197$ & $-0.00155526$ & $0.0129099$ & $0.0124892$ & $0.0112767$ & $-0.00438722$ & $-0.00578414$ & $-0.0056686$ & $-0.00598547$ & $-0.0293176$ & $-0.0666011$ & $-0.0252051$ & $-0.0280291$ & $0.00619257$ & $-0.00577354$ & $-0.0657947$ & $-0.101018$ & $0.0423374$ & $-0.0608353$ & $-0.00929237$ & $0.115343$ & $-0.0297196$ & $0.331148$ & $-0.0196724$ & $0.197865$ & $-0.0481056$ & $-0.135042$ & $-0.0308524$ & $-0.0121151$ & $0.29369$ & $0.108524$ & $0.0320346$ & $-0.235131$ & $0.080431$ & $0.0181276$ \\
dAle5Mz & $-0.100597$ & $1$ & $0.189653$ & $0.138381$ & $-0.00691667$ & $0.00998122$ & $0.0280179$ & $-0.0732961$ & $-0.0717535$ & $0.0212562$ & $0.0661509$ & $0.00920806$ & $-0.0334092$ & $-0.0351393$ & $-0.0226504$ & $-0.0151964$ & $0.00318907$ & $0.00500796$ & $0.00174632$ & $-0.0514447$ & $-0.0525177$ & $-0.051892$ & $0.020027$ & $0.0312481$ & $0.0166908$ & $0.0210417$ & $-0.0145459$ & $-0.012761$ & $-0.000613142$ & $-0.0141915$ & $-0.0167936$ & $0.0216231$ & $0.0258203$ & $-0.0040269$ & $-0.215264$ & $-0.0134671$ & $-0.100534$ & $0.0186429$ & $-0.0525948$ & $-0.00422566$ & $0.308266$ & $-0.00731611$ & $-0.0600844$ & $-0.120956$ & $-0.249728$ & $0.120156$ & $-0.0857279$ & $0.0274981$ & $0.118594$ \\
mtop & $-0.100474$ & $0.189653$ & $1$ & $-0.0419069$ & $-0.00551179$ & $0.00100189$ & $0.0105562$ & $-0.0279162$ & $-0.0310683$ & $0.0190854$ & $0.0289475$ & $0.000188389$ & $-0.0247203$ & $-0.00902906$ & $-0.0129725$ & $-0.0043473$ & $0.00230017$ & $0.00896349$ & $0.00545022$ & $-0.0204331$ & $-0.0216927$ & $-0.0210457$ & $0.0102168$ & $0.0226737$ & $0.0132854$ & $0.0101101$ & $-0.00920013$ & $-0.0154397$ & $-0.00735051$ & $-0.0324765$ & $0.00588559$ & $0.000610302$ & $-0.0493263$ & $-0.00671873$ & $0.0497193$ & $-0.127788$ & $0.0711512$ & $0.0160634$ & $-0.343349$ & $-0.0110811$ & $0.0573409$ & $-0.0172847$ & $-0.0804531$ & $-0.162994$ & $-0.253027$ & $-0.0114208$ & $0.0776361$ & $0.0183851$ & $-0.114388$ \\
mHl & $0.243754$ & $0.138381$ & $-0.0419069$ & $1$ & $-0.0346409$ & $-0.00803123$ & $0.0593498$ & $-0.0127468$ & $-0.0139094$ & $0.0172023$ & $0.0119724$ & $-0.0180201$ & $-0.0693048$ & $-0.0168211$ & $-0.0131393$ & $-0.0029386$ & $0.00256326$ & $0.00289041$ & $-0.00533491$ & $-0.0119128$ & $-0.0113842$ & $-0.0116797$ & $0.0104276$ & $-0.0103601$ & $-0.0175986$ & $-0.00335905$ & $-0.00125466$ & $0.000780444$ & $-0.018986$ & $-0.0555528$ & $-0.108318$ & $0.0517302$ & $-0.0587548$ & $0.0109046$ & $-0.0887244$ & $-0.00401284$ & $0.134381$ & $0.00474196$ & $0.129406$ & $-0.00607395$ & $0.0816292$ & $0.0108727$ & $0.0250176$ & $-0.0897069$ & $0.0536691$ & $0.0384815$ & $-0.324396$ & $0.00221794$ & $0.0165731$ \\
Mz & $0.0235804$ & $-0.00691667$ & $-0.00551179$ & $-0.0346409$ & $1$ & $0.00154779$ & $-0.000173341$ & $-0.00436459$ & $-0.00492491$ & $0.00744626$ & $0.00702442$ & $-0.0125964$ & $0.00227693$ & $0.00676649$ & $0.00734375$ & $0.00734539$ & $0.00924329$ & $0.003541$ & $0.00447402$ & $0.000454251$ & $0.000266138$ & $0.000359626$ & $0.0053097$ & $0.0105275$ & $0.00523355$ & $0.00116723$ & $-0.00182424$ & $0.00733927$ & $0.013465$ & $0.00158913$ & $-0.00490446$ & $0.00120416$ & $-4.33259e-06$ & $-0.0120466$ & $0.0159646$ & $0.00345153$ & $0.00950472$ & $0.000502434$ & $0.0107637$ & $-0.004343$ & $-0.0209214$ & $0.00889027$ & $-0.000575093$ & $-0.00524933$ & $-0.00908624$ & $0.00343129$ & $-0.0292941$ & $-0.00215437$ & $-0.00654478$ \\
CW & $-0.00639119$ & $0.00998122$ & $0.00100189$ & $-0.00803123$ & $0.00154779$ & $1$ & $0.0432156$ & $-0.0353739$ & $-0.0346529$ & $0.0244783$ & $0.154471$ & $0.0678059$ & $-0.0529542$ & $-0.0468018$ & $-0.0888065$ & $-0.0882524$ & $-0.380262$ & $-0.181636$ & $-0.181085$ & $-0.152685$ & $-0.155962$ & $-0.153776$ & $-0.00452142$ & $-0.133234$ & $-0.223311$ & $0.10975$ & $-0.0533276$ & $-0.06073$ & $-0.00474932$ & $-0.0400759$ & $-0.028868$ & $0.0457273$ & $-0.0506197$ & $-0.0843209$ & $0.00766159$ & $-0.00475945$ & $-0.00584103$ & $-0.00465732$ & $0.00673319$ & $-0.00248498$ & $-0.0102671$ & $0.000626089$ & $-0.0119906$ & $0.0061443$ & $0.00158283$ & $0.0123952$ & $-0.00330748$ & $-0.00271088$ & $-0.0082622$ \\
CHG & $0.0503786$ & $0.0280179$ & $0.0105562$ & $0.0593498$ & $-0.000173341$ & $0.0432156$ & $1$ & $-0.0439139$ & $-0.0252209$ & $0.204356$ & $0.102457$ & $-0.016205$ & $-0.790328$ & $-0.129575$ & $-0.0347135$ & $-0.0383869$ & $-0.117983$ & $-0.102439$ & $-0.0986999$ & $-0.099707$ & $-0.10219$ & $-0.101178$ & $0.00290631$ & $-0.0571377$ & $-0.107624$ & $0.0678347$ & $-0.027877$ & $-0.0440281$ & $-0.134014$ & $-0.598697$ & $-0.387674$ & $0.95692$ & $-0.621247$ & $-0.0165354$ & $-0.0863794$ & $-0.0904176$ & $0.0458952$ & $0.00381172$ & $0.0501534$ & $-0.00850103$ & $-0.0281252$ & $-0.0278113$ & $0.0223942$ & $0.00240932$ & $-0.0153894$ & $-0.0116252$ & $-0.0407362$ & $-0.0658744$ & $0.0624733$ \\
CHWB & $-0.00836282$ & $-0.0732961$ & $-0.0279162$ & $-0.0127468$ & $-0.00436459$ & $-0.0353739$ & $-0.0439139$ & $1$ & $0.990296$ & $-0.556338$ & $-0.870925$ & $-0.189372$ & $0.0502633$ & $0.262517$ & $0.450281$ & $0.449$ & $-0.22166$ & $-0.403792$ & $-0.403092$ & $0.854117$ & $0.885219$ & $0.876893$ & $0.0336689$ & $-0.630497$ & $-0.372753$ & $-0.601867$ & $0.40639$ & $0.372721$ & $0.00904837$ & $0.0423947$ & $0.0236509$ & $-0.0512418$ & $0.0455354$ & $0.527725$ & $0.00921856$ & $0.0107525$ & $0.0105304$ & $0.00173765$ & $0.0140981$ & $-0.00438478$ & $-0.00793189$ & $0.003806$ & $0.00776978$ & $0.0256324$ & $0.0309059$ & $-0.00531151$ & $0.00380505$ & $0.00666828$ & $0.00370669$ \\
CHWHB_gaga & $-0.0123964$ & $-0.0717535$ & $-0.0310683$ & $-0.0139094$ & $-0.00492491$ & $-0.0346529$ & $-0.0252209$ & $0.990296$ & $1$ & $-0.552312$ & $-0.860345$ & $-0.177901$ & $0.0560375$ & $0.255552$ & $0.445591$ & $0.444352$ & $-0.223533$ & $-0.403898$ & $-0.403238$ & $0.843898$ & $0.874537$ & $0.866302$ & $0.03377$ & $-0.626729$ & $-0.371813$ & $-0.593939$ & $0.403821$ & $0.368355$ & $0.0173537$ & $0.0624629$ & $0.0383881$ & $-0.0344359$ & $0.0674347$ & $0.52289$ & $-0.00218471$ & $-0.00333796$ & $-0.00586596$ & $0.00172993$ & $0.0198102$ & $-0.00480578$ & $-0.00785019$ & $0.00524902$ & $0.052984$ & $0.0205013$ & $0.0343332$ & $0.00656343$ & $0.00613464$ & $0.01046$ & $0.00577881$ \\
CHWHB_gagaorth & $0.0179682$ & $0.0212562$ & $0.0190854$ & $0.0172023$ & $0.00744626$ & $0.0244783$ & $0.204356$ & $-0.556338$ & $-0.552312$ & $1$ & $0.478755$ & $0.398542$ & $-0.257036$ & $-0.133139$ & $-0.250021$ & $-0.245134$ & $0.13301$ & $0.2364$ & $0.233482$ & $-0.469428$ & $-0.487241$ & $-0.482636$ & $-0.0230683$ & $0.359563$ & $0.218159$ & $0.337292$ & $-0.223443$ & $-0.209558$ & $-0.0496735$ & $-0.227515$ & $-0.1485$ & $0.213369$ & $-0.251574$ & $-0.29563$ & $-0.00845042$ & $-0.0157518$ & $0.0196497$ & $-0.003556$ & $-0.00686354$ & $0.00334213$ & $-0.0457149$ & $-0.00152001$ & $-0.0102069$ & $0.00314189$ & $-0.0166171$ & $-0.00791466$ & $-0.0159218$ & $-0.0148622$ & $-0.00523404$ \\
CHD & $-0.00260639$ & $0.0661509$ & $0.0289475$ & $0.0119724$ & $0.00702442$ & $0.154471$ & $0.102457$ & $-0.870925$ & $-0.860345$ & $0.478755$ & $1$ & $0.260621$ & $-0.12141$ & $-0.662067$ & $-0.570846$ & $-0.563499$ & $-0.257504$ & $-0.0251388$ & $-0.0260503$ & $-0.99483$ & $-0.995001$ & $-0.983054$ & $0.0300355$ & $0.212789$ & $-0.0670385$ & $0.678882$ & $-0.269771$ & $-0.42086$ & $-0.0181625$ & $-0.0957217$ & $-0.0652512$ & $0.114628$ & $-0.111044$ & $-0.316252$ & $-0.0042791$ & $-0.0156766$ & $-0.019109$ & $0.00214565$ & $-0.00903233$ & $0.00300062$ & $-2.32984e-05$ & $-0.0114887$ & $-0.00569247$ & $-0.0278303$ & $-0.030143$ & $0.00512491$ & $-0.00803031$ & $-0.00377162$ & $0.000438538$ \\
CHbox & $0.00733591$ & $0.00920806$ & $0.000188389$ & $-0.0180201$ & $-0.0125964$ & $0.0678059$ & $-0.016205$ & $-0.189372$ & $-0.177901$ & $0.398542$ & $0.260621$ & $1$ & $0.00681705$ & $-0.22354$ & $-0.108167$ & $-0.103076$ & $-0.152046$ & $-0.100058$ & $-0.100595$ & $-0.252504$ & $-0.262858$ & $-0.258742$ & $0.000864784$ & $-0.00126606$ & $-0.110935$ & $0.180458$ & $-0.0976048$ & $-0.11306$ & $0.012588$ & $0.0905209$ & $0.0223746$ & $0.0306394$ & $0.100333$ & $-0.0942631$ & $0.0206905$ & $0.0355062$ & $-0.00744344$ & $-0.00301599$ & $0.0105299$ & $-0.0117719$ & $-0.0136492$ & $-0.0171785$ & $0.00577391$ & $0.0100978$ & $-0.0289873$ & $0.00193825$ & $-0.0440354$ & $0.0138429$ & $0.0456646$ \\
CH & $-0.0385295$ & $-0.0334092$ & $-0.0247203$ & $-0.0693048$ & $0.00227693$ & $-0.0529542$ & $-0.790328$ & $0.0502633$ & $0.0560375$ & $-0.257036$ & $-0.12141$ & $0.00681705$ & $1$ & $0.153141$ & $0.0451601$ & $0.0484824$ & $0.143682$ & $0.121708$ & $0.117814$ & $0.118311$ & $0.120239$ & $0.119824$ & $-0.000496217$ & $0.0736527$ & $0.127458$ & $-0.0802945$ & $0.0313749$ & $0.055873$ & $0.190824$ & $0.727658$ & $0.457369$ & $-0.710637$ & $0.752678$ & $0.01526$ & $0.117518$ & $0.0894774$ & $-0.057189$ & $-0.0097019$ & $-0.0545359$ & $0.0123175$ & $0.0292336$ & $0.0135757$ & $-0.0331211$ & $-0.000135107$ & $0.0201366$ & $0.00779749$ & $0.0424707$ & $0.0654563$ & $-0.0464693$ \\
CHL1_11 & $0.00483009$ & $-0.0351393$ & $-0.00902906$ & $-0.0168211$ & $0.00676649$ & $-0.0468018$ & $-0.129575$ & $0.262517$ & $0.255552$ & $-0.133139$ & $-0.662067$ & $-0.22354$ & $0.153141$ & $1$ & $0.410058$ & $0.394657$ & $0.642365$ & $0.595909$ & $0.598556$ & $0.672587$ & $0.633761$ & $0.622144$ & $-0.104511$ & $0.444096$ & $0.601697$ & $-0.433431$ & $-0.0609726$ & $0.268779$ & $0.0219014$ & $0.116926$ & $0.088717$ & $-0.142417$ & $0.140368$ & $-0.182159$ & $0.00170232$ & $0.00742076$ & $0.0177913$ & $-0.00752257$ & $-0.000406317$ & $-0.000911385$ & $0.00539046$ & $0.0154687$ & $-0.00346889$ & $0.0187461$ & $0.0125938$ & $-0.00427349$ & $0.01639$ & $-0.00602334$ & $-0.0104335$ \\
CHL1_22 & $-0.00110197$ & $-0.0226504$ & $-0.0129725$ & $-0.0131393$ & $0.00734375$ & $-0.0888065$ & $-0.0347135$ & $0.450281$ & $0.445591$ & $-0.250021$ & $-0.570846$ & $-0.108167$ & $0.0451601$ & $0.410058$ & $1$ & $0.530346$ & $0.182805$ & $-0.303476$ & $0.0110788$ & $0.614092$ & $0.514488$ & $0.506675$ & $-0.187233$ & $0.0487818$ & $-0.0556396$ & $-0.346979$ & $-0.302258$ & $0.220793$ & $0.0024022$ & $0.0414325$ & $0.0363562$ & $-0.0394353$ & $0.0537631$ & $-0.481323$ & $0.0132498$ & $-0.00275031$ & $0.00470955$ & $-0.0107171$ & $0.00907828$ & $-0.00378488$ & $0.00426174$ & $-0.00105794$ & $-0.00513722$ & $0.00244808$ & $0.000866864$ & $-0.0100115$ & $0.0106011$ & $0.00466109$ & $-0.000779903$ \\
CHL1_33 & $-0.00155526$ & $-0.0151964$ & $-0.0043473$ & $-0.0029386$ & $0.00734539$ & $-0.0882524$ & $-0.0383869$ & $0.449$ & $0.444352$ & $-0.245134$ & $-0.563499$ & $-0.103076$ & $0.0484824$ & $0.394657$ & $0.530346$ & $1$ & $0.17515$ & $0.00541974$ & $-0.302426$ & $0.606549$ & $0.509312$ & $0.518294$ & $-0.183616$ & $0.0407927$ & $-0.0625448$ & $-0.343765$ & $-0.294938$ & $0.214224$ & $0.00133225$ & $0.0415745$ & $0.0316397$ & $-0.0429549$ & $0.0489544$ & $-0.0238909$ & $-0.00355682$ & $0.0122461$ & $0.0126445$ & $-0.00655792$ & $0.00151086$ & $-0.00818122$ & $0.00984652$ & $0.0104861$ & $0.000250882$ & $0.0100352$ & $0.0102042$ & $0.00409328$ & $0.00552466$ & $0.0102659$ & $-0.00221198$ \\
CHL3_11 & $0.0129099$ & $0.00318907$ & $0.00230017$ & $0.00256326$ & $0.00924329$ & $-0.380262$ & $-0.117983$ & $-0.22166$ & $-0.223533$ & $0.13301$ & $-0.257504$ & $-0.152046$ & $0.143682$ & $0.642365$ & $0.182805$ & $0.17515$ & $1$ & $0.818952$ & $0.817554$ & $0.269094$ & $0.233726$ & $0.22673$ & $-0.0840062$ & $0.752271$ & $0.855452$ & $-0.164867$ & $-0.156388$ & $0.102969$ & $0.017699$ & $0.106699$ & $0.0817327$ & $-0.127768$ & $0.129297$ & $-0.256832$ & $-0.0123065$ & $0.015027$ & $0.0166351$ & $-0.00401612$ & $-0.0164074$ & $0.0039332$ & $0.0139563$ & $0.0162224$ & $0.00118966$ & $-0.000273342$ & $0.00164866$ & $-0.000873142$ & $0.00786944$ & $-0.00465559$ & $-0.00731383$ \\
CHL3_22 & $0.0124892$ & $0.00500796$ & $0.00896349$ & $0.00289041$ & $0.003541$ & $-0.181636$ & $-0.102439$ & $-0.403792$ & $-0.403898$ & $0.2364$ & $-0.0251388$ & $-0.100058$ & $0.121708$ & $0.595909$ & $-0.303476$ & $0.00541974$ & $0.818952$ & $1$ & $0.783141$ & $0.0239184$ & $0.0206268$ & $0.0182808$ & $-0.0184659$ & $0.735979$ & $0.864045$ & $-0.0203984$ & $-0.0606861$ & $0.00970812$ & $0.0179957$ & $0.0873099$ & $0.0657646$ & $-0.110049$ & $0.103798$ & $-0.0666355$ & $-0.0139429$ & $0.0127029$ & $0.0150805$ & $-0.00121006$ & $-0.0177415$ & $0.00452715$ & $0.00919891$ & $0.0173713$ & $0.000733232$ & $0.00390141$ & $0.00200464$ & $0.00394926$ & $0.00695888$ & $-0.00883425$ & $-0.0108191$ \\
CHL3_33 & $0.0112767$ & $0.00174632$ & $0.00545022$ & $-0.00533491$ & $0.00447402$ & $-0.181085$ & $-0.0986999$ & $-0.403092$ & $-0.403238$ & $0.233482$ & $-0.0260503$ & $-0.100595$ & $0.117814$ & $0.598556$ & $0.0110788$ & $-0.302426$ & $0.817554$ & $0.783141$ & $1$ & $0.0247338$ & $0.0213492$ & $0.0198979$ & $-0.0178731$ & $0.735217$ & $0.865862$ & $-0.0198918$ & $-0.0586253$ & $0.0114584$ & $0.0178312$ & $0.0860557$ & $0.0689663$ & $-0.106544$ & $0.106311$ & $-0.375795$ & $-0.00346264$ & $0.000588143$ & $0.00820436$ & $-0.00392734$ & $-0.0134594$ & $0.00693877$ & $0.00474713$ & $0.008387$ & $-0.00358005$ & $-0.00271717$ & $-0.0053805$ & $-0.00608175$ & $0.0117118$ & $-0.0116917$ & $-0.0075938$ \\
CHe_11 & $-0.00438722$ & $-0.0514447$ & $-0.0204331$ & $-0.0119128$ & $0.000454251$ & $-0.152685$ & $-0.099707$ & $0.854117$ & $0.843898$ & $-0.469428$ & $-0.99483$ & $-0.252504$ & $0.118311$ & $0.672587$ & $0.614092$ & $0.606549$ & $0.269094$ & $0.0239184$ & $0.0247338$ & $1$ & $0.984757$ & $0.973182$ & $-0.0495413$ & $-0.178863$ & $0.0712738$ & $-0.671681$ & $0.214621$ & $0.416794$ & $0.017896$ & $0.0942632$ & $0.0655511$ & $-0.111511$ & $0.110204$ & $0.259049$ & $0.00212811$ & $0.0140932$ & $0.016189$ & $-0.0030259$ & $0.00530315$ & $-0.00275873$ & $0.00555386$ & $0.0116182$ & $0.0040363$ & $0.0227839$ & $0.0237154$ & $-0.00405645$ & $0.00951943$ & $0.00401804$ & $0.000208859$ \\
CHe_22 & $-0.00578414$ & $-0.0525177$ & $-0.0216927$ & $-0.0113842$ & $0.000266138$ & $-0.155962$ & $-0.10219$ & $0.885219$ & $0.874537$ & $-0.487241$ & $-0.995001$ & $-0.262858$ & $0.120239$ & $0.633761$ & $0.514488$ & $0.509312$ & $0.233726$ & $0.0206268$ & $0.0213492$ & $0.984757$ & $1$ & $0.986192$ & $-0.0061976$ & $-0.254828$ & $0.0563184$ & $-0.681593$ & $0.332194$ & $0.422128$ & $0.0183501$ & $0.0947708$ & $0.0638773$ & $-0.114538$ & $0.10982$ & $0.383368$ & $0.000271763$ & $0.015341$ & $0.015571$ & $-0.000359131$ & $0.00568859$ & $-0.00224368$ & $0.00417436$ & $0.0113776$ & $0.00540402$ & $0.0244091$ & $0.0264868$ & $-0.00374135$ & $0.00785577$ & $0.00298062$ & $0.00119032$ \\
CHe_33 & $-0.0056686$ & $-0.051892$ & $-0.0210457$ & $-0.0116797$ & $0.000359626$ & $-0.153776$ & $-0.101178$ & $0.876893$ & $0.866302$ & $-0.482636$ & $-0.983054$ & $-0.258742$ & $0.119824$ & $0.622144$ & $0.506675$ & $0.518294$ & $0.22673$ & $0.0182808$ & $0.0198979$ & $0.973182$ & $0.986192$ & $1$ & $-0.0045022$ & $-0.255992$ & $0.053003$ & $-0.67406$ & $0.330802$ & $0.415199$ & $0.0181455$ & $0.0953002$ & $0.0641476$ & $-0.113198$ & $0.109486$ & $0.384042$ & $0.000581812$ & $0.0136056$ & $0.0152295$ & $0.00073607$ & $0.00608732$ & $-0.00230367$ & $0.00359978$ & $0.00881955$ & $0.00449612$ & $0.0238099$ & $0.024609$ & $-0.00320652$ & $0.00808005$ & $0.0047122$ & $0.00256902$ \\
CHQ1_11 & $-0.00598547$ & $0.020027$ & $0.0102168$ & $0.0104276$ & $0.0053097$ & $-0.00452142$ & $0.00290631$ & $0.0336689$ & $0.03377$ & $-0.0230683$ & $0.0300355$ & $0.000864784$ & $-0.000496217$ & $-0.104511$ & $-0.187233$ & $-0.183616$ & $-0.0840062$ & $-0.0184659$ & $-0.0178731$ & $-0.0495413$ & $-0.0061976$ & $-0.0045022$ & $1$ & $-0.136149$ & $0.0398688$ & $-0.575066$ & $0.355529$ & $0.000470618$ & $0.0072406$ & $0.00123159$ & $-0.00837195$ & $0.00379985$ & $-0.00204832$ & $0.208737$ & $-0.00856973$ & $-0.0016071$ & $-0.000121927$ & $0.00666919$ & $-0.00424686$ & $0.0120338$ & $-0.000332181$ & $-0.00496326$ & $0.00422111$ & $0.005093$ & $-0.0105333$ & $0.00839086$ & $-0.0168072$ & $-0.009311$ & $0.00634274$ \\
CHQ1_33 & $-0.0293176$ & $0.0312481$ & $0.0226737$ & $-0.0103601$ & $0.0105275$ & $-0.133234$ & $-0.0571377$ & $-0.630497$ & $-0.626729$ & $0.359563$ & $0.212789$ & $-0.00126606$ & $0.0736527$ & $0.444096$ & $0.0487818$ & $0.0407927$ & $0.752271$ & $0.735979$ & $0.735217$ & $-0.178863$ & $-0.254828$ & $-0.255992$ & $-0.136149$ & $1$ & $0.750238$ & $0.172059$ & $-0.41098$ & $-0.026335$ & $0.00716363$ & $0.0541624$ & $0.0517815$ & $-0.0592013$ & $0.0697458$ & $-0.612764$ & $-0.00911495$ & $0.00206927$ & $-0.00676724$ & $-0.00492172$ & $-0.024464$ & $0.0063421$ & $0.0187872$ & $0.0123623$ & $-0.00744728$ & $-0.0244077$ & $-0.0226199$ & $-0.00246299$ & $0.0137375$ & $-0.00835814$ & $-0.0113566$ \\
CHQ3_11 & $-0.0666011$ & $0.0166908$ & $0.0132854$ & $-0.0175986$ & $0.00523355$ & $-0.223311$ & $-0.107624$ & $-0.372753$ & $-0.371813$ & $0.218159$ & $-0.0670385$ & $-0.110935$ & $0.127458$ & $0.601697$ & $-0.0556396$ & $-0.0625448$ & $0.855452$ & $0.864045$ & $0.865862$ & $0.0712738$ & $0.0563184$ & $0.053003$ & $0.0398688$ & $0.750238$ & $1$ & $-0.0412664$ & $0.110958$ & $0.0264376$ & $0.0201206$ & $0.0942665$ & $0.0792599$ & $-0.115941$ & $0.1151$ & $-0.254177$ & $-0.0222924$ & $0.0105435$ & $-0.0154286$ & $-0.00581627$ & $-0.0266692$ & $0.0106737$ & $0.0177362$ & $0.0154185$ & $0.00538207$ & $-0.0252485$ & $-0.0149964$ & $0.00389609$ & $0.0261701$ & $-0.00907638$ & $-0.00666206$ \\
CHu_11 & $-0.0252051$ & $0.0210417$ & $0.0101101$ & $-0.00335905$ & $0.00116723$ & $0.10975$ & $0.0678347$ & $-0.601867$ & $-0.593939$ & $0.337292$ & $0.678882$ & $0.180458$ & $-0.0802945$ & $-0.433431$ & $-0.346979$ & $-0.343765$ & $-0.164867$ & $-0.0203984$ & $-0.0198918$ & $-0.671681$ & $-0.681593$ & $-0.67406$ & $-0.575066$ & $0.172059$ & $-0.0412664$ & $1$ & $-0.204804$ & $-0.292421$ & $-0.0153922$ & $-0.0651659$ & $-0.0362088$ & $0.0766585$ & $-0.0742901$ & $-0.265984$ & $0.000468766$ & $-0.0129204$ & $-0.0236881$ & $-0.0025033$ & $-0.00680835$ & $-0.00149028$ & $-0.00151369$ & $-0.00482023$ & $-0.00208095$ & $-0.0308451$ & $-0.0126537$ & $-0.00274195$ & $0.012626$ & $-0.00209004$ & $-0.00267846$ \\
CHd_11 & $-0.0280291$ & $-0.0145459$ & $-0.00920013$ & $-0.00125466$ & $-0.00182424$ & $-0.0533276$ & $-0.027877$ & $0.40639$ & $0.403821$ & $-0.223443$ & $-0.269771$ & $-0.0976048$ & $0.0313749$ & $-0.0609726$ & $-0.302258$ & $-0.294938$ & $-0.156388$ & $-0.0606861$ & $-0.0586253$ & $0.214621$ & $0.332194$ & $0.330802$ & $0.355529$ & $-0.41098$ & $0.110958$ & $-0.204804$ & $1$ & $0.126486$ & $0.0135868$ & $0.0193326$ & $0.00931777$ & $-0.0329755$ & $0.0212927$ & $0.677443$ & $-0.0120362$ & $0.00745908$ & $-0.00832073$ & $0.00507502$ & $0.00335185$ & $0.00719414$ & $-0.00329919$ & $0.00203899$ & $0.0169902$ & $0.00306108$ & $0.00585495$ & $0.0105418$ & $-0.00412456$ & $0.0065151$ & $0.013213$ \\
CHd_33 & $0.00619257$ & $-0.012761$ & $-0.0154397$ & $0.000780444$ & $0.00733927$ & $-0.06073$ & $-0.0440281$ & $0.372721$ & $0.368355$ & $-0.209558$ & $-0.42086$ & $-0.11306$ & $0.055873$ & $0.268779$ & $0.220793$ & $0.214224$ & $0.102969$ & $0.00970812$ & $0.0114584$ & $0.416794$ & $0.422128$ & $0.415199$ & $0.000470618$ & $-0.026335$ & $0.0264376$ & $-0.292421$ & $0.126486$ & $1$ & $0.00588207$ & $0.0418541$ & $0.0330215$ & $-0.0476869$ & $0.0556509$ & $0.159128$ & $-0.012657$ & $0.0118694$ & $0.00793659$ & $0.00209081$ & $0.00334969$ & $-0.00479108$ & $0.0101934$ & $0.00146409$ & $-0.000785199$ & $-0.00593542$ & $-0.00476114$ & $-0.0059232$ & $-0.000791934$ & $0.00130339$ & $0.00871721$ \\
CeH_22r & $-0.00577354$ & $-0.000613142$ & $-0.00735051$ & $-0.018986$ & $0.013465$ & $-0.00474932$ & $-0.134014$ & $0.00904837$ & $0.0173537$ & $-0.0496735$ & $-0.0181625$ & $0.012588$ & $0.190824$ & $0.0219014$ & $0.0024022$ & $0.00133225$ & $0.017699$ & $0.0179957$ & $0.0178312$ & $0.017896$ & $0.0183501$ & $0.0181455$ & $0.0072406$ & $0.00716363$ & $0.0201206$ & $-0.0153922$ & $0.0135868$ & $0.00588207$ & $1$ & $0.159983$ & $0.11105$ & $-0.130258$ & $0.170542$ & $0.00671756$ & $0.00567329$ & $0.00662626$ & $-0.025824$ & $-0.00408134$ & $-0.0117514$ & $0.00792995$ & $-0.00642525$ & $0.00683877$ & $0.00166759$ & $-0.00745424$ & $0.00214905$ & $0.00576313$ & $0.0199052$ & $0.0189152$ & $0.00210675$ \\
CeH_33r & $-0.0657947$ & $-0.0141915$ & $-0.0324765$ & $-0.0555528$ & $0.00158913$ & $-0.0400759$ & $-0.598697$ & $0.0423947$ & $0.0624629$ & $-0.227515$ & $-0.0957217$ & $0.0905209$ & $0.727658$ & $0.116926$ & $0.0414325$ & $0.0415745$ & $0.106699$ & $0.0873099$ & $0.0860557$ & $0.0942632$ & $0.0947708$ & $0.0953002$ & $0.00123159$ & $0.0541624$ & $0.0942665$ & $-0.0651659$ & $0.0193326$ & $0.0418541$ & $0.159983$ & $1$ & $0.529875$ & $-0.46439$ & $0.845725$ & $0.00887947$ & $0.0530591$ & $0.0236485$ & $-0.147541$ & $-0.0177237$ & $-0.0304418$ & $0.014256$ & $0.0191204$ & $0.00824005$ & $-0.00144259$ & $-0.02831$ & $0.0370338$ & $-0.00862029$ & $0.0716579$ & $0.0618232$ & $-0.047791$ \\
CuH_22r & $-0.101018$ & $-0.0167936$ & $0.00588559$ & $-0.108318$ & $-0.00490446$ & $-0.028868$ & $-0.387674$ & $0.0236509$ & $0.0383881$ & $-0.1485$ & $-0.0652512$ & $0.0223746$ & $0.457369$ & $0.088717$ & $0.0363562$ & $0.0316397$ & $0.0817327$ & $0.0657646$ & $0.0689663$ & $0.0655511$ & $0.0638773$ & $0.0641476$ & $-0.00837195$ & $0.0517815$ & $0.0792599$ & $-0.0362088$ & $0.00931777$ & $0.0330215$ & $0.11105$ & $0.529875$ & $1$ & $-0.293472$ & $0.559132$ & $-0.00701546$ & $0.0174928$ & $-0.0310858$ & $-0.170237$ & $-0.004799$ & $-0.0921748$ & $0.0147516$ & $-0.00136873$ & $0.0114436$ & $-0.00499163$ & $-0.0797841$ & $-0.00176776$ & $-0.0161576$ & $0.27397$ & $0.0276988$ & $-0.0593335$ \\
CuH_33r & $0.0423374$ & $0.0216231$ & $0.000610302$ & $0.0517302$ & $0.00120416$ & $0.0457273$ & $0.95692$ & $-0.0512418$ & $-0.0344359$ & $0.213369$ & $0.114628$ & $0.0306394$ & $-0.710637$ & $-0.142417$ & $-0.0394353$ & $-0.0429549$ & $-0.127768$ & $-0.110049$ & $-0.106544$ & $-0.111511$ & $-0.114538$ & $-0.113198$ & $0.00379985$ & $-0.0592013$ & $-0.115941$ & $0.0766585$ & $-0.0329755$ & $-0.0476869$ & $-0.130258$ & $-0.46439$ & $-0.293472$ & $1$ & $-0.468721$ & $-0.0201242$ & $-0.0504261$ & $-0.0828659$ & $0.0190413$ & $-0.000225105$ & $0.0534245$ & $-0.00490821$ & $-0.0255286$ & $-0.0293259$ & $0.0162563$ & $-6.50763e-06$ & $-0.0188479$ & $-0.0133925$ & $-0.0402769$ & $-0.055869$ & $0.0577961$ \\
CdH_33r & $-0.0608353$ & $0.0258203$ & $-0.0493263$ & $-0.0587548$ & $-4.33259e-06$ & $-0.0506197$ & $-0.621247$ & $0.0455354$ & $0.0674347$ & $-0.251574$ & $-0.111044$ & $0.100333$ & $0.752678$ & $0.140368$ & $0.0537631$ & $0.0489544$ & $0.129297$ & $0.103798$ & $0.106311$ & $0.110204$ & $0.10982$ & $0.109486$ & $-0.00204832$ & $0.0697458$ & $0.1151$ & $-0.0742901$ & $0.0212927$ & $0.0556509$ & $0.170542$ & $0.845725$ & $0.559132$ & $-0.468721$ & $1$ & $0.00341131$ & $0.0127168$ & $0.010639$ & $-0.149632$ & $-0.018951$ & $0.0215307$ & $0.00386452$ & $0.0513478$ & $0.00361631$ & $-0.00162338$ & $-0.0402184$ & $-0.0175906$ & $0.00753119$ & $0.0322581$ & $0.168706$ & $0.186387$ \\
CLL_1221 & $-0.00929237$ & $-0.0040269$ & $-0.00671873$ & $0.0109046$ & $-0.0120466$ & $-0.0843209$ & $-0.0165354$ & $0.527725$ & $0.52289$ & $-0.29563$ & $-0.316252$ & $-0.0942631$ & $0.01526$ & $-0.182159$ & $-0.481323$ & $-0.0238909$ & $-0.256832$ & $-0.0666355$ & $-0.375795$ & $0.259049$ & $0.383368$ & $0.384042$ & $0.208737$ & $-0.612764$ & $-0.254177$ & $-0.265984$ & $0.677443$ & $0.159128$ & $0.00671756$ & $0.00887947$ & $-0.00701546$ & $-0.0201242$ & $0.00341131$ & $1$ & $-0.0168962$ & $0.0178927$ & $0.00402125$ & $0.0138924$ & $-0.000622062$ & $-0.000750888$ & $0.0041342$ & $0.005861$ & $0.0129459$ & $0.0147569$ & $0.0186153$ & $0.0100618$ & $-0.0122427$ & $0.00507241$ & $0.0107597$ \\
eHggint & $0.115343$ & $-0.215264$ & $0.0497193$ & $-0.0887244$ & $0.0159646$ & $0.00766159$ & $-0.0863794$ & $0.00921856$ & $-0.00218471$ & $-0.00845042$ & $-0.0042791$ & $0.0206905$ & $0.117518$ & $0.00170232$ & $0.0132498$ & $-0.00355682$ & $-0.0123065$ & $-0.0139429$ & $-0.00346264$ & $0.00212811$ & $0.000271763$ & $0.000581812$ & $-0.00856973$ & $-0.00911495$ & $-0.0222924$ & $0.000468766$ & $-0.0120362$ & $-0.012657$ & $0.00567329$ & $0.0530591$ & $0.0174928$ & $-0.0504261$ & $0.0127168$ & $-0.0168962$ & $1$ & $-0.147712$ & $0.022096$ & $-0.0185257$ & $0.0200513$ & $0.0179271$ & $-0.0762781$ & $0.00757511$ & $-0.116288$ & $0.0597616$ & $-0.0993551$ & $-0.118987$ & $-0.0567517$ & $0.133876$ & $-0.248112$ \\
eHggpar & $-0.0297196$ & $-0.0134671$ & $-0.127788$ & $-0.00401284$ & $0.00345153$ & $-0.00475945$ & $-0.0904176$ & $0.0107525$ & $-0.00333796$ & $-0.0157518$ & $-0.0156766$ & $0.0355062$ & $0.0894774$ & $0.00742076$ & $-0.00275031$ & $0.0122461$ & $0.015027$ & $0.0127029$ & $0.000588143$ & $0.0140932$ & $0.015341$ & $0.0136056$ & $-0.0016071$ & $0.00206927$ & $0.0105435$ & $-0.0129204$ & $0.00745908$ & $0.0118694$ & $0.00662626$ & $0.0236485$ & $-0.0310858$ & $-0.0828659$ & $0.010639$ & $0.0178927$ & $-0.147712$ & $1$ & $0.282451$ & $0.0283004$ & $-0.287788$ & $0.0122774$ & $0.137448$ & $0.0484991$ & $-0.155956$ & $0.172923$ & $0.132454$ & $0.153142$ & $-0.2144$ & $-0.12252$ & $0.00828836$ \\
eHWWint & $0.331148$ & $-0.100534$ & $0.0711512$ & $0.134381$ & $0.00950472$ & $-0.00584103$ & $0.0458952$ & $0.0105304$ & $-0.00586596$ & $0.0196497$ & $-0.019109$ & $-0.00744344$ & $-0.057189$ & $0.0177913$ & $0.00470955$ & $0.0126445$ & $0.0166351$ & $0.0150805$ & $0.00820436$ & $0.016189$ & $0.015571$ & $0.0152295$ & $-0.000121927$ & $-0.00676724$ & $-0.0154286$ & $-0.0236881$ & $-0.00832073$ & $0.00793659$ & $-0.025824$ & $-0.147541$ & $-0.170237$ & $0.0190413$ & $-0.149632$ & $0.00402125$ & $0.022096$ & $0.282451$ & $1$ & $-0.0195366$ & $-0.0995459$ & $-0.0499972$ & $0.0525305$ & $-0.0282298$ & $-0.123544$ & $0.31484$ & $0.142546$ & $0.0837631$ & $-0.291571$ & $-0.20018$ & $0.157737$ \\
eHWWpar & $-0.0196724$ & $0.0186429$ & $0.0160634$ & $0.00474196$ & $0.000502434$ & $-0.00465732$ & $0.00381172$ & $0.00173765$ & $0.00172993$ & $-0.003556$ & $0.00214565$ & $-0.00301599$ & $-0.0097019$ & $-0.00752257$ & $-0.0107171$ & $-0.00655792$ & $-0.00401612$ & $-0.00121006$ & $-0.00392734$ & $-0.0030259$ & $-0.000359131$ & $0.00073607$ & $0.00666919$ & $-0.00492172$ & $-0.00581627$ & $-0.0025033$ & $0.00507502$ & $0.00209081$ & $-0.00408134$ & $-0.0177237$ & $-0.004799$ & $-0.000225105$ & $-0.018951$ & $0.0138924$ & $-0.0185257$ & $0.0283004$ & $-0.0195366$ & $1$ & $-0.0168161$ & $0.00342462$ & $0.0215086$ & $0.0123512$ & $0.0157309$ & $-0.0454077$ & $0.0144821$ & $-0.0107085$ & $0.0521304$ & $-0.0107156$ & $0.0211187$ \\
eHZZint & $0.197865$ & $-0.0525948$ & $-0.343349$ & $0.129406$ & $0.0107637$ & $0.00673319$ & $0.0501534$ & $0.0140981$ & $0.0198102$ & $-0.00686354$ & $-0.00903233$ & $0.0105299$ & $-0.0545359$ & $-0.000406317$ & $0.00907828$ & $0.00151086$ & $-0.0164074$ & $-0.0177415$ & $-0.0134594$ & $0.00530315$ & $0.00568859$ & $0.00608732$ & $-0.00424686$ & $-0.024464$ & $-0.0266692$ & $-0.00680835$ & $0.00335185$ & $0.00334969$ & $-0.0117514$ & $-0.0304418$ & $-0.0921748$ & $0.0534245$ & $0.0215307$ & $-0.000622062$ & $0.0200513$ & $-0.287788$ & $-0.0995459$ & $-0.0168161$ & $1$ & $-0.0183133$ & $0.00218116$ & $-0.00231453$ & $0.117246$ & $0.0808804$ & $-0.0366309$ & $0.164122$ & $-0.329446$ & $0.112471$ & $0.188654$ \\
eHZZpar & $-0.0481056$ & $-0.00422566$ & $-0.0110811$ & $-0.00607395$ & $-0.004343$ & $-0.00248498$ & $-0.00850103$ & $-0.00438478$ & $-0.00480578$ & $0.00334213$ & $0.00300062$ & $-0.0117719$ & $0.0123175$ & $-0.000911385$ & $-0.00378488$ & $-0.00818122$ & $0.0039332$ & $0.00452715$ & $0.00693877$ & $-0.00275873$ & $-0.00224368$ & $-0.00230367$ & $0.0120338$ & $0.0063421$ & $0.0106737$ & $-0.00149028$ & $0.00719414$ & $-0.00479108$ & $0.00792995$ & $0.014256$ & $0.0147516$ & $-0.00490821$ & $0.00386452$ & $-0.000750888$ & $0.0179271$ & $0.0122774$ & $-0.0499972$ & $0.00342462$ & $-0.0183133$ & $1$ & $0.0147508$ & $0.0107392$ & $0.0212259$ & $-0.0260286$ & $0.0142934$ & $0.00435448$ & $0.0437364$ & $-0.0164895$ & $-0.0173681$ \\
eHZgaint & $-0.135042$ & $0.308266$ & $0.0573409$ & $0.0816292$ & $-0.0209214$ & $-0.0102671$ & $-0.0281252$ & $-0.00793189$ & $-0.00785019$ & $-0.0457149$ & $-2.32984e-05$ & $-0.0136492$ & $0.0292336$ & $0.00539046$ & $0.00426174$ & $0.00984652$ & $0.0139563$ & $0.00919891$ & $0.00474713$ & $0.00555386$ & $0.00417436$ & $0.00359978$ & $-0.000332181$ & $0.0187872$ & $0.0177362$ & $-0.00151369$ & $-0.00329919$ & $0.0101934$ & $-0.00642525$ & $0.0191204$ & $-0.00136873$ & $-0.0255286$ & $0.0513478$ & $0.0041342$ & $-0.0762781$ & $0.137448$ & $0.0525305$ & $0.0215086$ & $0.00218116$ & $0.0147508$ & $1$ & $0.0153491$ & $0.00361976$ & $-0.100034$ & $-0.0268895$ & $0.0831115$ & $-0.109725$ & $0.027025$ & $0.123412$ \\
eHZgapar & $-0.0308524$ & $-0.00731611$ & $-0.0172847$ & $0.0108727$ & $0.00889027$ & $0.000626089$ & $-0.0278113$ & $0.003806$ & $0.00524902$ & $-0.00152001$ & $-0.0114887$ & $-0.0171785$ & $0.0135757$ & $0.0154687$ & $-0.00105794$ & $0.0104861$ & $0.0162224$ & $0.0173713$ & $0.008387$ & $0.0116182$ & $0.0113776$ & $0.00881955$ & $-0.00496326$ & $0.0123623$ & $0.0154185$ & $-0.00482023$ & $0.00203899$ & $0.00146409$ & $0.00683877$ & $0.00824005$ & $0.0114436$ & $-0.0293259$ & $0.00361631$ & $0.005861$ & $0.00757511$ & $0.0484991$ & $-0.0282298$ & $0.0123512$ & $-0.00231453$ & $0.0107392$ & $0.0153491$ & $1$ & $0.0574456$ & $-0.000118186$ & $0.0297634$ & $0.013168$ & $0.0159623$ & $0.00521706$ & $-0.0216652$ \\
eHgagaint & $-0.0121151$ & $-0.0600844$ & $-0.0804531$ & $0.0250176$ & $-0.000575093$ & $-0.0119906$ & $0.0223942$ & $0.00776978$ & $0.052984$ & $-0.0102069$ & $-0.00569247$ & $0.00577391$ & $-0.0331211$ & $-0.00346889$ & $-0.00513722$ & $0.000250882$ & $0.00118966$ & $0.000733232$ & $-0.00358005$ & $0.0040363$ & $0.00540402$ & $0.00449612$ & $0.00422111$ & $-0.00744728$ & $0.00538207$ & $-0.00208095$ & $0.0169902$ & $-0.000785199$ & $0.00166759$ & $-0.00144259$ & $-0.00499163$ & $0.0162563$ & $-0.00162338$ & $0.0129459$ & $-0.116288$ & $-0.155956$ & $-0.123544$ & $0.0157309$ & $0.117246$ & $0.0212259$ & $0.00361976$ & $0.0574456$ & $1$ & $-0.015276$ & $0.111894$ & $0.282305$ & $-0.0513366$ & $0.0378606$ & $-0.0085667$ \\
eHmumuint & $0.29369$ & $-0.120956$ & $-0.162994$ & $-0.0897069$ & $-0.00524933$ & $0.0061443$ & $0.00240932$ & $0.0256324$ & $0.0205013$ & $0.00314189$ & $-0.0278303$ & $0.0100978$ & $-0.000135107$ & $0.0187461$ & $0.00244808$ & $0.0100352$ & $-0.000273342$ & $0.00390141$ & $-0.00271717$ & $0.0227839$ & $0.0244091$ & $0.0238099$ & $0.005093$ & $-0.0244077$ & $-0.0252485$ & $-0.0308451$ & $0.00306108$ & $-0.00593542$ & $-0.00745424$ & $-0.02831$ & $-0.0797841$ & $-6.50763e-06$ & $-0.0402184$ & $0.0147569$ & $0.0597616$ & $0.172923$ & $0.31484$ & $-0.0454077$ & $0.0808804$ & $-0.0260286$ & $-0.100034$ & $-0.000118186$ & $-0.015276$ & $1$ & $0.314637$ & $0.104349$ & $-0.221832$ & $0.025726$ & $-0.011002$ \\
eHtautauint & $0.108524$ & $-0.249728$ & $-0.253027$ & $0.0536691$ & $-0.00908624$ & $0.00158283$ & $-0.0153894$ & $0.0309059$ & $0.0343332$ & $-0.0166171$ & $-0.030143$ & $-0.0289873$ & $0.0201366$ & $0.0125938$ & $0.000866864$ & $0.0102042$ & $0.00164866$ & $0.00200464$ & $-0.0053805$ & $0.0237154$ & $0.0264868$ & $0.024609$ & $-0.0105333$ & $-0.0226199$ & $-0.0149964$ & $-0.0126537$ & $0.00585495$ & $-0.00476114$ & $0.00214905$ & $0.0370338$ & $-0.00176776$ & $-0.0188479$ & $-0.0175906$ & $0.0186153$ & $-0.0993551$ & $0.132454$ & $0.142546$ & $0.0144821$ & $-0.0366309$ & $0.0142934$ & $-0.0268895$ & $0.0297634$ & $0.111894$ & $0.314637$ & $1$ & $-0.119828$ & $0.0239492$ & $-0.0952983$ & $-0.0431518$ \\
eHccint & $0.0320346$ & $0.120156$ & $-0.0114208$ & $0.0384815$ & $0.00343129$ & $0.0123952$ & $-0.0116252$ & $-0.00531151$ & $0.00656343$ & $-0.00791466$ & $0.00512491$ & $0.00193825$ & $0.00779749$ & $-0.00427349$ & $-0.0100115$ & $0.00409328$ & $-0.000873142$ & $0.00394926$ & $-0.00608175$ & $-0.00405645$ & $-0.00374135$ & $-0.00320652$ & $0.00839086$ & $-0.00246299$ & $0.00389609$ & $-0.00274195$ & $0.0105418$ & $-0.0059232$ & $0.00576313$ & $-0.00862029$ & $-0.0161576$ & $-0.0133925$ & $0.00753119$ & $0.0100618$ & $-0.118987$ & $0.153142$ & $0.0837631$ & $-0.0107085$ & $0.164122$ & $0.00435448$ & $0.0831115$ & $0.013168$ & $0.282305$ & $0.104349$ & $-0.119828$ & $1$ & $-0.230266$ & $-0.0650489$ & $0.0700813$ \\
eHccpar & $-0.235131$ & $-0.0857279$ & $0.0776361$ & $-0.324396$ & $-0.0292941$ & $-0.00330748$ & $-0.0407362$ & $0.00380505$ & $0.00613464$ & $-0.0159218$ & $-0.00803031$ & $-0.0440354$ & $0.0424707$ & $0.01639$ & $0.0106011$ & $0.00552466$ & $0.00786944$ & $0.00695888$ & $0.0117118$ & $0.00951943$ & $0.00785577$ & $0.00808005$ & $-0.0168072$ & $0.0137375$ & $0.0261701$ & $0.012626$ & $-0.00412456$ & $-0.000791934$ & $0.0199052$ & $0.0716579$ & $0.27397$ & $-0.0402769$ & $0.0322581$ & $-0.0122427$ & $-0.0567517$ & $-0.2144$ & $-0.291571$ & $0.0521304$ & $-0.329446$ & $0.0437364$ & $-0.109725$ & $0.0159623$ & $-0.0513366$ & $-0.221832$ & $0.0239492$ & $-0.230266$ & $1$ & $-0.0221552$ & $-0.170999$ \\
eHbbint & $0.080431$ & $0.0274981$ & $0.0183851$ & $0.00221794$ & $-0.00215437$ & $-0.00271088$ & $-0.0658744$ & $0.00666828$ & $0.01046$ & $-0.0148622$ & $-0.00377162$ & $0.0138429$ & $0.0654563$ & $-0.00602334$ & $0.00466109$ & $0.0102659$ & $-0.00465559$ & $-0.00883425$ & $-0.0116917$ & $0.00401804$ & $0.00298062$ & $0.0047122$ & $-0.009311$ & $-0.00835814$ & $-0.00907638$ & $-0.00209004$ & $0.0065151$ & $0.00130339$ & $0.0189152$ & $0.0618232$ & $0.0276988$ & $-0.055869$ & $0.168706$ & $0.00507241$ & $0.133876$ & $-0.12252$ & $-0.20018$ & $-0.0107156$ & $0.112471$ & $-0.0164895$ & $0.027025$ & $0.00521706$ & $0.0378606$ & $0.025726$ & $-0.0952983$ & $-0.0650489$ & $-0.0221552$ & $1$ & $0.0360082$ \\
eHbbpar & $0.0181276$ & $0.118594$ & $-0.114388$ & $0.0165731$ & $-0.00654478$ & $-0.0082622$ & $0.0624733$ & $0.00370669$ & $0.00577881$ & $-0.00523404$ & $0.000438538$ & $0.0456646$ & $-0.0464693$ & $-0.0104335$ & $-0.000779903$ & $-0.00221198$ & $-0.00731383$ & $-0.0108191$ & $-0.0075938$ & $0.000208859$ & $0.00119032$ & $0.00256902$ & $0.00634274$ & $-0.0113566$ & $-0.00666206$ & $-0.00267846$ & $0.013213$ & $0.00871721$ & $0.00210675$ & $-0.047791$ & $-0.0593335$ & $0.0577961$ & $0.186387$ & $0.0107597$ & $-0.248112$ & $0.00828836$ & $0.157737$ & $0.0211187$ & $0.188654$ & $-0.0173681$ & $0.123412$ & $-0.0216652$ & $-0.0085667$ & $-0.011002$ & $-0.0431518$ & $0.0700813$ & $-0.170999$ & $0.0360082$ & $1$ \\
