 & AlsMz & dAle5Mz & mtop & mHl & Mz & CW & CHG & CHWB & CHWHB_gaga & CHWHB_gagaorth & CHD & CHbox & CH & CHL1_11 & CHL1_22 & CHL1_33 & CHL3_11 & CHL3_22 & CHL3_33 & CHe_11 & CHe_22 & CHe_33 & CHQ1_11 & CHQ1_33 & CHQ3_11 & CHu_11 & CHd_11 & CHd_33 & CeH_22r & CeH_33r & CuH_22r & CuH_33r & CdH_33r & CLL_1221 & eHggint & eHggpar & eHWWint & eHWWpar & eHZZint & eHZZpar & eHZgaint & eHZgapar & eHgagaint & eHmumuint & eHtautauint & eHccint & eHccpar & eHbbint & eHbbpar \\
AlsMz & $1$ & $-0.0655604$ & $0.0406855$ & $-0.0975644$ & $0.013728$ & $-0.000534902$ & $-0.0010569$ & $0.00172607$ & $0.00237971$ & $0.0205599$ & $-0.00262143$ & $0.00741$ & $-0.00915193$ & $-0.00857703$ & $-0.0355806$ & $0.0054432$ & $-0.0053421$ & $0.0166281$ & $-0.0149535$ & $-0.00758362$ & $-0.0026714$ & $-0.00429845$ & $0.000265863$ & $-0.0565458$ & $-0.11063$ & $-0.0337999$ & $-0.0235628$ & $0.0103827$ & $0.00781795$ & $-0.0486982$ & $0.0246088$ & $-0.00939947$ & $0.0403158$ & $0.0285691$ & $-0.0825311$ & $0.102726$ & $-0.0204087$ & $0.0521719$ & $-0.197297$ & $0.027141$ & $-0.0261296$ & $-0.0568596$ & $0.0496995$ & $0.00788564$ & $-0.127392$ & $0.0124088$ & $-0.032496$ & $-0.00326108$ & $0.128443$ \\
dAle5Mz & $-0.0655604$ & $1$ & $0.0309145$ & $0.0915346$ & $-0.054113$ & $0.0277309$ & $0.0713803$ & $-0.0692117$ & $-0.0658382$ & $0.0241381$ & $0.0500732$ & $0.0192442$ & $0.00629832$ & $-0.00424599$ & $-0.0133535$ & $0.00823991$ & $0.0133404$ & $0.0190176$ & $0.00641008$ & $-0.0244015$ & $-0.02741$ & $-0.0218067$ & $0.00422931$ & $0.0248538$ & $0.0158949$ & $0.00180567$ & $-0.0240193$ & $-0.0103156$ & $0.00983381$ & $-0.00385$ & $-0.0204057$ & $0.0734284$ & $-0.0333227$ & $0.0142522$ & $-0.0426581$ & $0.0547305$ & $-0.0419949$ & $0.00993797$ & $0.100462$ & $-0.0199198$ & $-0.0766231$ & $0.0139209$ & $-0.0551255$ & $-0.0876597$ & $0.0263204$ & $0.0310858$ & $-0.0649236$ & $-0.0687879$ & $-0.0509931$ \\
mtop & $0.0406855$ & $0.0309145$ & $1$ & $-0.0121184$ & $0.00212321$ & $-0.028491$ & $-0.00291634$ & $0.0245388$ & $0.025131$ & $0.00649672$ & $-0.0338422$ & $0.00285295$ & $0.0257516$ & $0.0148579$ & $0.00340008$ & $0.0337898$ & $0.0424625$ & $0.0235393$ & $-0.00266931$ & $0.0398812$ & $0.040375$ & $0.0355732$ & $0.00446418$ & $0.00964548$ & $0.0146792$ & $-0.0191799$ & $0.0154213$ & $0.0106766$ & $0.00306845$ & $0.00157879$ & $-0.0187337$ & $0.0071592$ & $-0.0151858$ & $0.0299674$ & $-0.0194621$ & $0.127153$ & $0.0151736$ & $-0.00265463$ & $0.0795875$ & $-0.0227561$ & $-0.0849599$ & $-0.0176761$ & $0.0409157$ & $-0.029905$ & $-0.163601$ & $0.111241$ & $-0.105714$ & $-0.0704717$ & $-0.0363884$ \\
mHl & $-0.0975644$ & $0.0915346$ & $-0.0121184$ & $1$ & $0.0250382$ & $-0.00935714$ & $-0.0359069$ & $0.0625563$ & $0.0661014$ & $-0.0419549$ & $-0.0643661$ & $-0.0153694$ & $0.030052$ & $0.0302857$ & $0.0505519$ & $0.022994$ & $-0.00362453$ & $-0.0329964$ & $-0.0136427$ & $0.0667693$ & $0.067007$ & $0.0641187$ & $0.00144008$ & $-0.0192866$ & $-0.0234719$ & $-0.0479719$ & $-0.00215439$ & $0.0203195$ & $0.0134558$ & $0.0450813$ & $-0.0388647$ & $-0.036188$ & $-0.057866$ & $0.00959852$ & $0.00195958$ & $0.00791218$ & $-0.10223$ & $-0.0644998$ & $-0.0593202$ & $-0.0188335$ & $-0.0817565$ & $-0.0349884$ & $-0.0451232$ & $-0.0448727$ & $0.038707$ & $0.0103025$ & $-0.0983155$ & $-0.0104917$ & $-0.177594$ \\
Mz & $0.013728$ & $-0.054113$ & $0.00212321$ & $0.0250382$ & $1$ & $-0.000591303$ & $-0.0123073$ & $0.0046221$ & $0.0076638$ & $0.00386408$ & $0.00680992$ & $0.0139818$ & $0.00900978$ & $0.00285293$ & $0.00371467$ & $0.00613569$ & $-0.00769389$ & $-0.00641369$ & $-0.00923616$ & $0.00211202$ & $0.00172715$ & $0.000589995$ & $-0.0130793$ & $-0.00654853$ & $-0.0201438$ & $0.00893438$ & $-0.0180339$ & $0.00144867$ & $0.00643661$ & $0.00499388$ & $0.0280232$ & $-0.0110497$ & $-0.0254015$ & $-0.00615046$ & $-0.0108148$ & $0.00536639$ & $0.0565915$ & $-0.000882909$ & $0.0154617$ & $0.0046576$ & $0.00765925$ & $-0.000720983$ & $0.0197272$ & $-0.0101837$ & $0.0318091$ & $0.0448318$ & $0.0500141$ & $-0.0159453$ & $-0.0462039$ \\
CW & $-0.000534902$ & $0.0277309$ & $-0.028491$ & $-0.00935714$ & $-0.000591303$ & $1$ & $0.0137526$ & $-0.137743$ & $-0.134219$ & $0.0154415$ & $0.200549$ & $0.052757$ & $-0.00841896$ & $0.0117684$ & $-0.077373$ & $-0.0876786$ & $-0.272001$ & $-0.0585272$ & $-0.0530933$ & $-0.196129$ & $-0.206994$ & $-0.201239$ & $-0.0148948$ & $0.00436803$ & $-0.0945286$ & $0.11305$ & $-0.0917394$ & $-0.041562$ & $-0.00607298$ & $-0.0348594$ & $-0.0230628$ & $0.0166097$ & $-0.00273153$ & $-0.135323$ & $0.0158074$ & $0.021817$ & $8.34865e-05$ & $0.0017886$ & $0.00808987$ & $-0.00429368$ & $-0.0211584$ & $-0.0324196$ & $-0.0368865$ & $-0.0188994$ & $0.0455926$ & $-0.0230581$ & $-0.0382042$ & $0.0156635$ & $0.0310012$ \\
CHG & $-0.0010569$ & $0.0713803$ & $-0.00291634$ & $-0.0359069$ & $-0.0123073$ & $0.0137526$ & $1$ & $-0.111272$ & $-0.0584164$ & $0.0877497$ & $0.066129$ & $-0.16828$ & $-0.28849$ & $0.0484658$ & $-0.0558233$ & $-0.0242951$ & $0.0898259$ & $0.119696$ & $0.0936346$ & $-0.0642864$ & $-0.0653034$ & $-0.0611819$ & $0.0236394$ & $0.102845$ & $0.0968356$ & $0.0151934$ & $-0.0364907$ & $0.000889062$ & $0.0243551$ & $-0.123771$ & $-0.0728251$ & $0.935953$ & $-0.163805$ & $-0.0351292$ & $-0.020339$ & $-0.032429$ & $0.00971289$ & $0.016331$ & $-0.0392697$ & $-0.0376926$ & $-0.0135427$ & $-0.0414023$ & $-0.0235588$ & $0.0195218$ & $0.00688764$ & $-0.0414964$ & $0.00966047$ & $0.0209963$ & $-0.0126967$ \\
CHWB & $0.00172607$ & $-0.0692117$ & $0.0245388$ & $0.0625563$ & $0.0046221$ & $-0.137743$ & $-0.111272$ & $1$ & $0.982336$ & $-0.57787$ & $-0.876671$ & $-0.0218221$ & $0.341123$ & $0.0888327$ & $0.314067$ & $0.32013$ & $-0.233594$ & $-0.436615$ & $-0.44204$ & $0.848613$ & $0.89294$ & $0.877419$ & $0.0365653$ & $-0.66216$ & $-0.413471$ & $-0.48064$ & $0.401575$ & $0.26199$ & $0.0430086$ & $0.117564$ & $0.0630034$ & $-0.110353$ & $0.104294$ & $0.547022$ & $-0.0183695$ & $0.0289327$ & $-0.0453708$ & $0.00159932$ & $0.0119993$ & $-0.0209064$ & $-0.00671937$ & $0.0242941$ & $-0.000927006$ & $0.0205927$ & $-0.0619687$ & $0.0250027$ & $0.00426682$ & $-0.00915828$ & $-0.0392617$ \\
CHWHB_gaga & $0.00237971$ & $-0.0658382$ & $0.025131$ & $0.0661014$ & $0.0076638$ & $-0.134219$ & $-0.0584164$ & $0.982336$ & $1$ & $-0.5695$ & $-0.857194$ & $-0.00990633$ & $0.335004$ & $0.0797715$ & $0.307115$ & $0.317521$ & $-0.237697$ & $-0.434613$ & $-0.443578$ & $0.830327$ & $0.873306$ & $0.857955$ & $0.0390727$ & $-0.652686$ & $-0.415623$ & $-0.472702$ & $0.39097$ & $0.260761$ & $0.0439239$ & $0.135008$ & $0.0726417$ & $-0.067376$ & $0.128112$ & $0.538799$ & $-0.0358922$ & $0.0222243$ & $-0.0592549$ & $0.00222537$ & $0.00957823$ & $-0.0206833$ & $0.00564991$ & $0.022581$ & $0.0563284$ & $0.0200616$ & $-0.0741706$ & $0.0276081$ & $0.0016133$ & $-0.00661706$ & $-0.0348017$ \\
CHWHB_gagaorth & $0.0205599$ & $0.0241381$ & $0.00649672$ & $-0.0419549$ & $0.00386408$ & $0.0154415$ & $0.0877497$ & $-0.57787$ & $-0.5695$ & $1$ & $0.366619$ & $0.376851$ & $-0.251406$ & $0.220763$ & $-0.149191$ & $-0.14877$ & $0.4133$ & $0.486653$ & $0.487614$ & $-0.354214$ & $-0.381058$ & $-0.381801$ & $-0.0688159$ & $0.548821$ & $0.469726$ & $0.218817$ & $-0.228749$ & $-0.109581$ & $-0.00786435$ & $-0.131674$ & $-0.0730016$ & $0.101921$ & $-0.129332$ & $-0.337168$ & $0.0598775$ & $-0.0518199$ & $0.0907142$ & $-0.0190243$ & $-0.0333187$ & $-0.00680345$ & $-0.0289469$ & $-0.0397113$ & $-0.0288328$ & $0.0042829$ & $0.0506894$ & $0.0150491$ & $0.000577901$ & $0.00133672$ & $0.0498653$ \\
CHD & $-0.00262143$ & $0.0500732$ & $-0.0338422$ & $-0.0643661$ & $0.00680992$ & $0.200549$ & $0.066129$ & $-0.876671$ & $-0.857194$ & $0.366619$ & $1$ & $0.15189$ & $-0.167173$ & $-0.510277$ & $-0.432179$ & $-0.43591$ & $-0.225819$ & $0.0641734$ & $0.0678716$ & $-0.990442$ & $-0.991351$ & $-0.969774$ & $0.0226203$ & $0.29093$ & $0.0278837$ & $0.540061$ & $-0.269879$ & $-0.30261$ & $-0.0344726$ & $-0.0764127$ & $-0.0292326$ & $0.0768455$ & $-0.0586102$ & $-0.351413$ & $0.0252398$ & $-0.00792617$ & $0.0393974$ & $-0.00755638$ & $-0.0114382$ & $0.00233242$ & $0.0229628$ & $-0.0262023$ & $-0.0086722$ & $-0.0291799$ & $0.0617226$ & $-0.017554$ & $0.00264329$ & $0.0121112$ & $0.0365118$ \\
CHbox & $0.00741$ & $0.0192442$ & $0.00285295$ & $-0.0153694$ & $0.0139818$ & $0.052757$ & $-0.16828$ & $-0.0218221$ & $-0.00990633$ & $0.376851$ & $0.15189$ & $1$ & $0.569278$ & $-0.274958$ & $-0.00418805$ & $0.00074418$ & $-0.269122$ & $-0.232244$ & $-0.236299$ & $-0.137294$ & $-0.15274$ & $-0.151713$ & $-0.0353776$ & $-0.128918$ & $-0.239124$ & $0.1026$ & $-0.0606455$ & $-0.0583963$ & $0.0462292$ & $0.284827$ & $0.0968877$ & $-0.0817103$ & $0.344973$ & $-0.0215685$ & $0.0695663$ & $0.0235654$ & $0.0254082$ & $-0.0108121$ & $0.00351242$ & $-0.0154397$ & $0.0227445$ & $-0.0122018$ & $-0.0621308$ & $-0.00726124$ & $0.0408108$ & $0.0451803$ & $0.0296858$ & $-0.00815807$ & $0.00783106$ \\
CH & $-0.00915193$ & $0.00629832$ & $0.0257516$ & $0.030052$ & $0.00900978$ & $-0.00841896$ & $-0.28849$ & $0.341123$ & $0.335004$ & $-0.251406$ & $-0.167173$ & $0.569278$ & $1$ & $-0.237355$ & $0.0932883$ & $0.0817312$ & $-0.336206$ & $-0.380518$ & $-0.372717$ & $0.163682$ & $0.176849$ & $0.175064$ & $0.0301117$ & $-0.379001$ & $-0.366709$ & $-0.101158$ & $0.119483$ & $0.0407094$ & $0.0402304$ & $0.256022$ & $0.112779$ & $-0.251402$ & $0.293188$ & $0.197422$ & $-0.0296494$ & $0.0434599$ & $-0.0332501$ & $0.00990671$ & $0.0260844$ & $-0.0136808$ & $0.0204024$ & $0.00212463$ & $-0.00621486$ & $0.0385251$ & $-0.0210978$ & $0.0411761$ & $0.0249553$ & $0.00859713$ & $-0.034598$ \\
CHL1_11 & $-0.00857703$ & $-0.00424599$ & $0.0148579$ & $0.0302857$ & $0.00285293$ & $0.0117684$ & $0.0484658$ & $0.0888327$ & $0.0797715$ & $0.220763$ & $-0.510277$ & $-0.274958$ & $-0.237355$ & $1$ & $0.272146$ & $0.272029$ & $0.662444$ & $0.599135$ & $0.599143$ & $0.529418$ & $0.47131$ & $0.453475$ & $-0.0949889$ & $0.483468$ & $0.595171$ & $-0.273138$ & $-0.117955$ & $0.162117$ & $0.00134961$ & $-0.0431571$ & $-0.045451$ & $0.0269217$ & $-0.0594032$ & $-0.225812$ & $-0.0126887$ & $-0.0350702$ & $-0.0184534$ & $0.00348188$ & $-0.00775566$ & $0.0345956$ & $-0.0287513$ & $-0.00772846$ & $0.00365885$ & $0.0311974$ & $-0.0116695$ & $-0.00393111$ & $-0.00462661$ & $-0.0135312$ & $-0.00116814$ \\
CHL1_22 & $-0.0355806$ & $-0.0133535$ & $0.00340008$ & $0.0505519$ & $0.00371467$ & $-0.077373$ & $-0.0558233$ & $0.314067$ & $0.307115$ & $-0.149191$ & $-0.432179$ & $-0.00418805$ & $0.0932883$ & $0.272146$ & $1$ & $0.43809$ & $0.154608$ & $-0.454991$ & $-0.0320622$ & $0.494564$ & $0.351331$ & $0.34146$ & $-0.182925$ & $0.106966$ & $-0.148122$ & $-0.204047$ & $-0.403935$ & $0.116788$ & $0.0327054$ & $0.0460297$ & $0.0517502$ & $-0.052823$ & $0.0373636$ & $-0.592141$ & $0.00184347$ & $-0.0173022$ & $-0.076751$ & $0.0088517$ & $0.0152268$ & $0.00504671$ & $0.00661121$ & $0.0151078$ & $-0.0234199$ & $-0.015813$ & $-0.0137233$ & $0.0249007$ & $0.00246523$ & $0.00119856$ & $-0.0548128$ \\
CHL1_33 & $0.0054432$ & $0.00823991$ & $0.0337898$ & $0.022994$ & $0.00613569$ & $-0.0876786$ & $-0.0242951$ & $0.32013$ & $0.317521$ & $-0.14877$ & $-0.43591$ & $0.00074418$ & $0.0817312$ & $0.272029$ & $0.43809$ & $1$ & $0.146195$ & $-0.0326704$ & $-0.437099$ & $0.498166$ & $0.360334$ & $0.375082$ & $-0.167343$ & $0.0852094$ & $-0.13101$ & $-0.197605$ & $-0.363826$ & $0.113039$ & $0.00676431$ & $0.0244864$ & $0.0235151$ & $-0.030185$ & $0.0208564$ & $-0.0803608$ & $-0.0123259$ & $0.0254166$ & $-0.0204713$ & $0.0138169$ & $-0.00117379$ & $0.0107307$ & $0.00244026$ & $0.0253012$ & $0.00581025$ & $-0.00653529$ & $-0.0280553$ & $0.0367365$ & $-0.0135816$ & $-0.00802745$ & $-0.0355648$ \\
CHL3_11 & $-0.0053421$ & $0.0133404$ & $0.0424625$ & $-0.00362453$ & $-0.00769389$ & $-0.272001$ & $0.0898259$ & $-0.233594$ & $-0.237697$ & $0.4133$ & $-0.225819$ & $-0.269122$ & $-0.336206$ & $0.662444$ & $0.154608$ & $0.146195$ & $1$ & $0.735355$ & $0.741309$ & $0.245684$ & $0.19718$ & $0.184389$ & $-0.0831335$ & $0.676397$ & $0.778071$ & $-0.107263$ & $-0.145969$ & $0.0787314$ & $-0.0209358$ & $-0.0829136$ & $-0.0720206$ & $0.0652367$ & $-0.095019$ & $-0.237104$ & $-0.0135002$ & $-0.0383926$ & $0.0386789$ & $0.0121045$ & $0.00689009$ & $0.0262548$ & $-0.0392238$ & $0.0158797$ & $0.0369412$ & $0.0111189$ & $-0.00791073$ & $-0.00249547$ & $-0.018051$ & $0.0016092$ & $0.000304806$ \\
CHL3_22 & $0.0166281$ & $0.0190176$ & $0.0235393$ & $-0.0329964$ & $-0.00641369$ & $-0.0585272$ & $0.119696$ & $-0.436615$ & $-0.434613$ & $0.486653$ & $0.0641734$ & $-0.232244$ & $-0.380518$ & $0.599135$ & $-0.454991$ & $-0.0326704$ & $0.735355$ & $1$ & $0.678273$ & $-0.0663572$ & $-0.0576538$ & $-0.0609833$ & $0.0066201$ & $0.61772$ & $0.801697$ & $0.0300642$ & $0.00871938$ & $-0.00444847$ & $-0.0394026$ & $-0.106811$ & $-0.0948776$ & $0.0957267$ & $-0.111877$ & $0.0426219$ & $-0.011469$ & $-0.0247929$ & $0.064784$ & $0.00507269$ & $-0.0136866$ & $0.0320981$ & $-0.0309112$ & $-0.00781968$ & $0.0372361$ & $0.0251753$ & $0.0103974$ & $-0.0224201$ & $-0.011629$ & $-0.007098$ & $0.036766$ \\
CHL3_33 & $-0.0149535$ & $0.00641008$ & $-0.00266931$ & $-0.0136427$ & $-0.00923616$ & $-0.0530933$ & $0.0936346$ & $-0.44204$ & $-0.443578$ & $0.487614$ & $0.0678716$ & $-0.236299$ & $-0.372717$ & $0.599143$ & $-0.0320622$ & $-0.437099$ & $0.741309$ & $0.678273$ & $1$ & $-0.0707903$ & $-0.0639541$ & $-0.0651042$ & $0.00135599$ & $0.633965$ & $0.795871$ & $0.0234096$ & $-0.0116739$ & $0.000139588$ & $-0.0221263$ & $-0.0896463$ & $-0.0714553$ & $0.0764344$ & $-0.0983543$ & $-0.346839$ & $-0.00353655$ & $-0.0619748$ & $0.0188262$ & $0.00291814$ & $-0.00317456$ & $0.0311786$ & $-0.0310591$ & $-0.0136895$ & $0.00849038$ & $0.023392$ & $0.0179307$ & $-0.033204$ & $-0.00101395$ & $-0.00154897$ & $0.0238825$ \\
CHe_11 & $-0.00758362$ & $-0.0244015$ & $0.0398812$ & $0.0667693$ & $0.00211202$ & $-0.196129$ & $-0.0642864$ & $0.848613$ & $0.830327$ & $-0.354214$ & $-0.990442$ & $-0.137294$ & $0.163682$ & $0.529418$ & $0.494564$ & $0.498166$ & $0.245684$ & $-0.0663572$ & $-0.0707903$ & $1$ & $0.973592$ & $0.952265$ & $-0.0457651$ & $-0.238185$ & $-0.0216046$ & $-0.531686$ & $0.196038$ & $0.297145$ & $0.0330392$ & $0.0728445$ & $0.0313097$ & $-0.0752339$ & $0.0532639$ & $0.274678$ & $-0.0238017$ & $0.00982203$ & $-0.0448125$ & $0.00879506$ & $0.0146537$ & $-0.00240854$ & $-0.0213379$ & $0.0260945$ & $0.00757672$ & $0.0207728$ & $-0.058577$ & $0.021312$ & $-0.002598$ & $-0.0164245$ & $-0.0450137$ \\
CHe_22 & $-0.0026714$ & $-0.02741$ & $0.040375$ & $0.067007$ & $0.00172715$ & $-0.206994$ & $-0.0653034$ & $0.89294$ & $0.873306$ & $-0.381058$ & $-0.991351$ & $-0.15274$ & $0.176849$ & $0.47131$ & $0.351331$ & $0.360334$ & $0.19718$ & $-0.0576538$ & $-0.0639541$ & $0.973592$ & $1$ & $0.974719$ & $0.0040708$ & $-0.344437$ & $-0.0326436$ & $-0.541388$ & $0.348403$ & $0.30172$ & $0.033499$ & $0.07691$ & $0.0267541$ & $-0.0762587$ & $0.0573428$ & $0.436696$ & $-0.0255526$ & $0.0117845$ & $-0.03459$ & $0.00614641$ & $0.0146409$ & $-0.00686207$ & $-0.0262982$ & $0.0257455$ & $0.00671893$ & $0.0276604$ & $-0.0620873$ & $0.0197475$ & $-0.00463828$ & $-0.0145154$ & $-0.036902$ \\
CHe_33 & $-0.00429845$ & $-0.0218067$ & $0.0355732$ & $0.0641187$ & $0.000589995$ & $-0.201239$ & $-0.0611819$ & $0.877419$ & $0.857955$ & $-0.381801$ & $-0.969774$ & $-0.151713$ & $0.175064$ & $0.453475$ & $0.34146$ & $0.375082$ & $0.184389$ & $-0.0609833$ & $-0.0651042$ & $0.952265$ & $0.974719$ & $1$ & $0.00894709$ & $-0.343224$ & $-0.0362899$ & $-0.531692$ & $0.345592$ & $0.299106$ & $0.0315695$ & $0.0752322$ & $0.0294837$ & $-0.0730219$ & $0.0572071$ & $0.434231$ & $-0.0361129$ & $0.00628355$ & $-0.0413183$ & $0.00446008$ & $0.0183037$ & $-0.00289305$ & $-0.0258819$ & $0.0235287$ & $0.0057217$ & $0.0333788$ & $-0.0645329$ & $0.0239262$ & $-0.00741973$ & $-0.0150476$ & $-0.0392404$ \\
CHQ1_11 & $0.000265863$ & $0.00422931$ & $0.00446418$ & $0.00144008$ & $-0.0130793$ & $-0.0148948$ & $0.0236394$ & $0.0365653$ & $0.0390727$ & $-0.0688159$ & $0.0226203$ & $-0.0353776$ & $0.0301117$ & $-0.0949889$ & $-0.182925$ & $-0.167343$ & $-0.0831335$ & $0.0066201$ & $0.00135599$ & $-0.0457651$ & $0.0040708$ & $0.00894709$ & $1$ & $-0.129641$ & $0.0808294$ & $-0.666449$ & $0.340131$ & $-0.004961$ & $0.00116813$ & $0.00150632$ & $0.00493682$ & $0.0263388$ & $-0.00125326$ & $0.185133$ & $0.0228794$ & $0.00797242$ & $0.0461174$ & $0.00345257$ & $-0.018175$ & $-0.0108416$ & $0.025174$ & $0.0510538$ & $0.0494057$ & $0.0281907$ & $0.0224299$ & $-0.00097209$ & $0.0204735$ & $-0.0120979$ & $-0.00203695$ \\
CHQ1_33 & $-0.0565458$ & $0.0248538$ & $0.00964548$ & $-0.0192866$ & $-0.00654853$ & $0.00436803$ & $0.102845$ & $-0.66216$ & $-0.652686$ & $0.548821$ & $0.29093$ & $-0.128918$ & $-0.379001$ & $0.483468$ & $0.106966$ & $0.0852094$ & $0.676397$ & $0.61772$ & $0.633965$ & $-0.238185$ & $-0.344437$ & $-0.343224$ & $-0.129641$ & $1$ & $0.645632$ & $0.177776$ & $-0.415199$ & $0.017951$ & $-0.0338248$ & $-0.100124$ & $-0.0598037$ & $0.0935416$ & $-0.105555$ & $-0.625799$ & $0.013009$ & $-0.0402375$ & $0.0114097$ & $0.00989049$ & $0.0240819$ & $0.0375964$ & $-0.00950646$ & $-0.00789169$ & $0.016536$ & $-0.00736239$ & $0.0342782$ & $-0.00400851$ & $-0.00609456$ & $-0.00422194$ & $0.000964818$ \\
CHQ3_11 & $-0.11063$ & $0.0158949$ & $0.0146792$ & $-0.0234719$ & $-0.0201438$ & $-0.0945286$ & $0.0968356$ & $-0.413471$ & $-0.415623$ & $0.469726$ & $0.0278837$ & $-0.239124$ & $-0.366709$ & $0.595171$ & $-0.148122$ & $-0.13101$ & $0.778071$ & $0.801697$ & $0.795871$ & $-0.0216046$ & $-0.0326436$ & $-0.0362899$ & $0.0808294$ & $0.645632$ & $1$ & $0.0104474$ & $0.207506$ & $0.00546044$ & $-0.0258709$ & $-0.0972145$ & $-0.0740873$ & $0.0721514$ & $-0.117548$ & $-0.194049$ & $0.00346783$ & $-0.060926$ & $0.0604125$ & $0.000110943$ & $0.0114136$ & $0.0327184$ & $-0.0358945$ & $0.0115626$ & $0.0122278$ & $0.0311801$ & $0.0147306$ & $-0.0208509$ & $0.0242371$ & $-0.0101266$ & $0.00217273$ \\
CHu_11 & $-0.0337999$ & $0.00180567$ & $-0.0191799$ & $-0.0479719$ & $0.00893438$ & $0.11305$ & $0.0151934$ & $-0.48064$ & $-0.472702$ & $0.218817$ & $0.540061$ & $0.1026$ & $-0.101158$ & $-0.273138$ & $-0.204047$ & $-0.197605$ & $-0.107263$ & $0.0300642$ & $0.0234096$ & $-0.531686$ & $-0.541388$ & $-0.531692$ & $-0.666449$ & $0.177776$ & $0.0104474$ & $1$ & $-0.154963$ & $-0.148621$ & $-0.016792$ & $-0.0352151$ & $-0.0152989$ & $0.0192596$ & $-0.0327777$ & $-0.217238$ & $0.00411182$ & $0.000248538$ & $-0.0121329$ & $-0.0117039$ & $0.00714625$ & $0.0191657$ & $-0.0164194$ & $-0.0406517$ & $-0.0382548$ & $-0.0262243$ & $-0.000593832$ & $-0.020403$ & $-0.00795958$ & $0.0304196$ & $0.00270855$ \\
CHd_11 & $-0.0235628$ & $-0.0240193$ & $0.0154213$ & $-0.00215439$ & $-0.0180339$ & $-0.0917394$ & $-0.0364907$ & $0.401575$ & $0.39097$ & $-0.228749$ & $-0.269879$ & $-0.0606455$ & $0.119483$ & $-0.117955$ & $-0.403935$ & $-0.363826$ & $-0.145969$ & $0.00871938$ & $-0.0116739$ & $0.196038$ & $0.348403$ & $0.345592$ & $0.340131$ & $-0.415199$ & $0.207506$ & $-0.154963$ & $1$ & $0.086411$ & $0.0122223$ & $0.0388054$ & $0.0145345$ & $-0.0416046$ & $0.0231061$ & $0.683648$ & $-0.00373338$ & $0.00597433$ & $0.0344021$ & $-0.00492783$ & $0.0139404$ & $-0.00312372$ & $-0.0295886$ & $0.0239628$ & $0.0061023$ & $0.0396151$ & $-0.0426067$ & $-0.0050939$ & $0.0393477$ & $-0.0119619$ & $-0.0106031$ \\
CHd_33 & $0.0103827$ & $-0.0103156$ & $0.0106766$ & $0.0203195$ & $0.00144867$ & $-0.041562$ & $0.000889062$ & $0.26199$ & $0.260761$ & $-0.109581$ & $-0.30261$ & $-0.0583963$ & $0.0407094$ & $0.162117$ & $0.116788$ & $0.113039$ & $0.0787314$ & $-0.00444847$ & $0.000139588$ & $0.297145$ & $0.30172$ & $0.299106$ & $-0.004961$ & $0.017951$ & $0.00546044$ & $-0.148621$ & $0.086411$ & $1$ & $0.0211051$ & $0.0405167$ & $0.0250877$ & $-0.0020284$ & $0.0142693$ & $0.117167$ & $-0.0453456$ & $0.00599135$ & $-0.0251694$ & $0.00829062$ & $-0.00792068$ & $-0.0206805$ & $-0.0139008$ & $0.0263707$ & $0.0263376$ & $0.0289949$ & $-0.0164188$ & $0.0194588$ & $-0.000982136$ & $-0.0437202$ & $-0.0326032$ \\
CeH_22r & $0.00781795$ & $0.00983381$ & $0.00306845$ & $0.0134558$ & $0.00643661$ & $-0.00607298$ & $0.0243551$ & $0.0430086$ & $0.0439239$ & $-0.00786435$ & $-0.0344726$ & $0.0462292$ & $0.0402304$ & $0.00134961$ & $0.0327054$ & $0.00676431$ & $-0.0209358$ & $-0.0394026$ & $-0.0221263$ & $0.0330392$ & $0.033499$ & $0.0315695$ & $0.00116813$ & $-0.0338248$ & $-0.0258709$ & $-0.016792$ & $0.0122223$ & $0.0211051$ & $1$ & $0.0205186$ & $0.00429732$ & $0.0109246$ & $0.0267846$ & $0.00549315$ & $-0.0417556$ & $0.00686307$ & $0.0246693$ & $0.0113466$ & $0.00135989$ & $-0.00217131$ & $0.034103$ & $0.00949417$ & $-0.0233139$ & $0.0378266$ & $-0.000817545$ & $-0.0118396$ & $0.0186862$ & $0.000809556$ & $-0.0124058$ \\
CeH_33r & $-0.0486982$ & $-0.00385$ & $0.00157879$ & $0.0450813$ & $0.00499388$ & $-0.0348594$ & $-0.123771$ & $0.117564$ & $0.135008$ & $-0.131674$ & $-0.0764127$ & $0.284827$ & $0.256022$ & $-0.0431571$ & $0.0460297$ & $0.0244864$ & $-0.0829136$ & $-0.106811$ & $-0.0896463$ & $0.0728445$ & $0.07691$ & $0.0752322$ & $0.00150632$ & $-0.100124$ & $-0.0972145$ & $-0.0352151$ & $0.0388054$ & $0.0405167$ & $0.0205186$ & $1$ & $0.304703$ & $0.0175831$ & $0.643753$ & $0.0551827$ & $-0.0670513$ & $-0.0393098$ & $-0.171684$ & $-0.0152275$ & $0.00952718$ & $-0.0181254$ & $0.0484635$ & $-0.000744194$ & $-0.00491394$ & $0.00702577$ & $0.0538774$ & $0.0111609$ & $0.0294992$ & $-0.00935285$ & $-0.0370409$ \\
CuH_22r & $0.0246088$ & $-0.0204057$ & $-0.0187337$ & $-0.0388647$ & $0.0280232$ & $-0.0230628$ & $-0.0728251$ & $0.0630034$ & $0.0726417$ & $-0.0730016$ & $-0.0292326$ & $0.0968877$ & $0.112779$ & $-0.045451$ & $0.0517502$ & $0.0235151$ & $-0.0720206$ & $-0.0948776$ & $-0.0714553$ & $0.0313097$ & $0.0267541$ & $0.0294837$ & $0.00493682$ & $-0.0598037$ & $-0.0740873$ & $-0.0152989$ & $0.0145345$ & $0.0250877$ & $0.00429732$ & $0.304703$ & $1$ & $0.0190051$ & $0.365596$ & $0.00442061$ & $-0.0123238$ & $-0.00229675$ & $-0.0990592$ & $0.020228$ & $-0.066998$ & $-0.0149844$ & $-0.00998027$ & $0.0146911$ & $-0.0134199$ & $0.0667285$ & $-0.0604721$ & $0.0641073$ & $0.299979$ & $-0.0084064$ & $-0.0122126$ \\
CuH_33r & $-0.00939947$ & $0.0734284$ & $0.0071592$ & $-0.036188$ & $-0.0110497$ & $0.0166097$ & $0.935953$ & $-0.110353$ & $-0.067376$ & $0.101921$ & $0.0768455$ & $-0.0817103$ & $-0.251402$ & $0.0269217$ & $-0.052823$ & $-0.030185$ & $0.0652367$ & $0.0957267$ & $0.0764344$ & $-0.0752339$ & $-0.0762587$ & $-0.0730219$ & $0.0263388$ & $0.0935416$ & $0.0721514$ & $0.0192596$ & $-0.0416046$ & $-0.0020284$ & $0.0109246$ & $0.0175831$ & $0.0190051$ & $1$ & $0.0171039$ & $-0.0383144$ & $0.0619121$ & $-0.00130457$ & $-0.0180389$ & $0.014944$ & $-0.0389242$ & $-0.038077$ & $-0.00867168$ & $-0.0316156$ & $-0.0342811$ & $0.00896136$ & $0.011271$ & $-0.0387433$ & $0.0163182$ & $0.0382237$ & $-0.00128586$ \\
CdH_33r & $0.0403158$ & $-0.0333227$ & $-0.0151858$ & $-0.057866$ & $-0.0254015$ & $-0.00273153$ & $-0.163805$ & $0.104294$ & $0.128112$ & $-0.129332$ & $-0.0586102$ & $0.344973$ & $0.293188$ & $-0.0594032$ & $0.0373636$ & $0.0208564$ & $-0.095019$ & $-0.111877$ & $-0.0983543$ & $0.0532639$ & $0.0573428$ & $0.0572071$ & $-0.00125326$ & $-0.105555$ & $-0.117548$ & $-0.0327777$ & $0.0231061$ & $0.0142693$ & $0.0267846$ & $0.643753$ & $0.365596$ & $0.0171039$ & $1$ & $0.0484829$ & $-0.0451785$ & $0.00115889$ & $-0.205144$ & $-0.0308969$ & $-0.108168$ & $-0.00013867$ & $0.0355651$ & $0.0482416$ & $0.00802312$ & $0.0167257$ & $-0.0305692$ & $-0.0767487$ & $0.0298026$ & $0.119436$ & $0.418913$ \\
CLL_1221 & $0.0285691$ & $0.0142522$ & $0.0299674$ & $0.00959852$ & $-0.00615046$ & $-0.135323$ & $-0.0351292$ & $0.547022$ & $0.538799$ & $-0.337168$ & $-0.351413$ & $-0.0215685$ & $0.197422$ & $-0.225812$ & $-0.592141$ & $-0.0803608$ & $-0.237104$ & $0.0426219$ & $-0.346839$ & $0.274678$ & $0.436696$ & $0.434231$ & $0.185133$ & $-0.625799$ & $-0.194049$ & $-0.217238$ & $0.683648$ & $0.117167$ & $0.00549315$ & $0.0551827$ & $0.00442061$ & $-0.0383144$ & $0.0484829$ & $1$ & $-0.0216219$ & $0.0448661$ & $0.0383213$ & $-0.00273524$ & $0.00560672$ & $-0.0245026$ & $-0.0201019$ & $0.0161496$ & $0.0276457$ & $0.019766$ & $-0.042611$ & $0.00991076$ & $-0.00620148$ & $-0.00930888$ & $0.00633421$ \\
eHggint & $-0.0825311$ & $-0.0426581$ & $-0.0194621$ & $0.00195958$ & $-0.0108148$ & $0.0158074$ & $-0.020339$ & $-0.0183695$ & $-0.0358922$ & $0.0598775$ & $0.0252398$ & $0.0695663$ & $-0.0296494$ & $-0.0126887$ & $0.00184347$ & $-0.0123259$ & $-0.0135002$ & $-0.011469$ & $-0.00353655$ & $-0.0238017$ & $-0.0255526$ & $-0.0361129$ & $0.0228794$ & $0.013009$ & $0.00346783$ & $0.00411182$ & $-0.00373338$ & $-0.0453456$ & $-0.0417556$ & $-0.0670513$ & $-0.0123238$ & $0.0619121$ & $-0.0451785$ & $-0.0216219$ & $1$ & $-0.0998282$ & $0.0403147$ & $0.0285281$ & $-0.021864$ & $-0.00643336$ & $0.0456942$ & $0.0619012$ & $-0.0522716$ & $-0.0765834$ & $0.112807$ & $0.104395$ & $0.0281915$ & $0.120286$ & $0.0219024$ \\
eHggpar & $0.102726$ & $0.0547305$ & $0.127153$ & $0.00791218$ & $0.00536639$ & $0.021817$ & $-0.032429$ & $0.0289327$ & $0.0222243$ & $-0.0518199$ & $-0.00792617$ & $0.0235654$ & $0.0434599$ & $-0.0350702$ & $-0.0173022$ & $0.0254166$ & $-0.0383926$ & $-0.0247929$ & $-0.0619748$ & $0.00982203$ & $0.0117845$ & $0.00628355$ & $0.00797242$ & $-0.0402375$ & $-0.060926$ & $0.000248538$ & $0.00597433$ & $0.00599135$ & $0.00686307$ & $-0.0393098$ & $-0.00229675$ & $-0.00130457$ & $0.00115889$ & $0.0448661$ & $-0.0998282$ & $1$ & $-0.00817992$ & $0.0384492$ & $0.026662$ & $0.00049217$ & $-0.0660467$ & $-0.00166256$ & $-0.0479589$ & $0.0700559$ & $-0.0493551$ & $0.0296201$ & $-0.00577288$ & $0.111344$ & $-0.0484383$ \\
eHWWint & $-0.0204087$ & $-0.0419949$ & $0.0151736$ & $-0.10223$ & $0.0565915$ & $8.34865e-05$ & $0.00971289$ & $-0.0453708$ & $-0.0592549$ & $0.0907142$ & $0.0393974$ & $0.0254082$ & $-0.0332501$ & $-0.0184534$ & $-0.076751$ & $-0.0204713$ & $0.0386789$ & $0.064784$ & $0.0188262$ & $-0.0448125$ & $-0.03459$ & $-0.0413183$ & $0.0461174$ & $0.0114097$ & $0.0604125$ & $-0.0121329$ & $0.0344021$ & $-0.0251694$ & $0.0246693$ & $-0.171684$ & $-0.0990592$ & $-0.0180389$ & $-0.205144$ & $0.0383213$ & $0.0403147$ & $-0.00817992$ & $1$ & $0.00562728$ & $0.0838686$ & $-0.0169812$ & $0.00601822$ & $0.0341168$ & $-0.0199914$ & $0.143674$ & $0.0756395$ & $0.0440156$ & $-0.022417$ & $0.0185525$ & $-0.00587978$ \\
eHWWpar & $0.0521719$ & $0.00993797$ & $-0.00265463$ & $-0.0644998$ & $-0.000882909$ & $0.0017886$ & $0.016331$ & $0.00159932$ & $0.00222537$ & $-0.0190243$ & $-0.00755638$ & $-0.0108121$ & $0.00990671$ & $0.00348188$ & $0.0088517$ & $0.0138169$ & $0.0121045$ & $0.00507269$ & $0.00291814$ & $0.00879506$ & $0.00614641$ & $0.00446008$ & $0.00345257$ & $0.00989049$ & $0.000110943$ & $-0.0117039$ & $-0.00492783$ & $0.00829062$ & $0.0113466$ & $-0.0152275$ & $0.020228$ & $0.014944$ & $-0.0308969$ & $-0.00273524$ & $0.0285281$ & $0.0384492$ & $0.00562728$ & $1$ & $0.0217078$ & $0.0176969$ & $-0.00677546$ & $-0.00881726$ & $0.0439688$ & $0.0305666$ & $0.0236027$ & $0.091322$ & $0.0579451$ & $-0.015394$ & $-0.0127602$ \\
eHZZint & $-0.197297$ & $0.100462$ & $0.0795875$ & $-0.0593202$ & $0.0154617$ & $0.00808987$ & $-0.0392697$ & $0.0119993$ & $0.00957823$ & $-0.0333187$ & $-0.0114382$ & $0.00351242$ & $0.0260844$ & $-0.00775566$ & $0.0152268$ & $-0.00117379$ & $0.00689009$ & $-0.0136866$ & $-0.00317456$ & $0.0146537$ & $0.0146409$ & $0.0183037$ & $-0.018175$ & $0.0240819$ & $0.0114136$ & $0.00714625$ & $0.0139404$ & $-0.00792068$ & $0.00135989$ & $0.00952718$ & $-0.066998$ & $-0.0389242$ & $-0.108168$ & $0.00560672$ & $-0.021864$ & $0.026662$ & $0.0838686$ & $0.0217078$ & $1$ & $-0.0221702$ & $0.219861$ & $-0.0329585$ & $0.0748651$ & $0.0072478$ & $-0.0811373$ & $0.0657415$ & $-0.172903$ & $-0.092418$ & $-0.20014$ \\
eHZZpar & $0.027141$ & $-0.0199198$ & $-0.0227561$ & $-0.0188335$ & $0.0046576$ & $-0.00429368$ & $-0.0376926$ & $-0.0209064$ & $-0.0206833$ & $-0.00680345$ & $0.00233242$ & $-0.0154397$ & $-0.0136808$ & $0.0345956$ & $0.00504671$ & $0.0107307$ & $0.0262548$ & $0.0320981$ & $0.0311786$ & $-0.00240854$ & $-0.00686207$ & $-0.00289305$ & $-0.0108416$ & $0.0375964$ & $0.0327184$ & $0.0191657$ & $-0.00312372$ & $-0.0206805$ & $-0.00217131$ & $-0.0181254$ & $-0.0149844$ & $-0.038077$ & $-0.00013867$ & $-0.0245026$ & $-0.00643336$ & $0.00049217$ & $-0.0169812$ & $0.0176969$ & $-0.0221702$ & $1$ & $-0.0156858$ & $-0.0086535$ & $-0.00857793$ & $0.00745834$ & $-0.0400744$ & $-0.0313813$ & $0.0123803$ & $0.00617919$ & $-0.0185967$ \\
eHZgaint & $-0.0261296$ & $-0.0766231$ & $-0.0849599$ & $-0.0817565$ & $0.00765925$ & $-0.0211584$ & $-0.0135427$ & $-0.00671937$ & $0.00564991$ & $-0.0289469$ & $0.0229628$ & $0.0227445$ & $0.0204024$ & $-0.0287513$ & $0.00661121$ & $0.00244026$ & $-0.0392238$ & $-0.0309112$ & $-0.0310591$ & $-0.0213379$ & $-0.0262982$ & $-0.0258819$ & $0.025174$ & $-0.00950646$ & $-0.0358945$ & $-0.0164194$ & $-0.0295886$ & $-0.0139008$ & $0.034103$ & $0.0484635$ & $-0.00998027$ & $-0.00867168$ & $0.0355651$ & $-0.0201019$ & $0.0456942$ & $-0.0660467$ & $0.00601822$ & $-0.00677546$ & $0.219861$ & $-0.0156858$ & $1$ & $0.0455721$ & $0.0980852$ & $0.00284026$ & $0.0395102$ & $-0.0115155$ & $-0.0394596$ & $-0.0581791$ & $0.0136694$ \\
eHZgapar & $-0.0568596$ & $0.0139209$ & $-0.0176761$ & $-0.0349884$ & $-0.000720983$ & $-0.0324196$ & $-0.0414023$ & $0.0242941$ & $0.022581$ & $-0.0397113$ & $-0.0262023$ & $-0.0122018$ & $0.00212463$ & $-0.00772846$ & $0.0151078$ & $0.0253012$ & $0.0158797$ & $-0.00781968$ & $-0.0136895$ & $0.0260945$ & $0.0257455$ & $0.0235287$ & $0.0510538$ & $-0.00789169$ & $0.0115626$ & $-0.0406517$ & $0.0239628$ & $0.0263707$ & $0.00949417$ & $-0.000744194$ & $0.0146911$ & $-0.0316156$ & $0.0482416$ & $0.0161496$ & $0.0619012$ & $-0.00166256$ & $0.0341168$ & $-0.00881726$ & $-0.0329585$ & $-0.0086535$ & $0.0455721$ & $1$ & $0.0371579$ & $-0.0193386$ & $0.0829008$ & $-0.071399$ & $-0.00575234$ & $0.0200935$ & $0.0611291$ \\
eHgagaint & $0.0496995$ & $-0.0551255$ & $0.0409157$ & $-0.0451232$ & $0.0197272$ & $-0.0368865$ & $-0.0235588$ & $-0.000927006$ & $0.0563284$ & $-0.0288328$ & $-0.0086722$ & $-0.0621308$ & $-0.00621486$ & $0.00365885$ & $-0.0234199$ & $0.00581025$ & $0.0369412$ & $0.0372361$ & $0.00849038$ & $0.00757672$ & $0.00671893$ & $0.0057217$ & $0.0494057$ & $0.016536$ & $0.0122278$ & $-0.0382548$ & $0.0061023$ & $0.0263376$ & $-0.0233139$ & $-0.00491394$ & $-0.0134199$ & $-0.0342811$ & $0.00802312$ & $0.0276457$ & $-0.0522716$ & $-0.0479589$ & $-0.0199914$ & $0.0439688$ & $0.0748651$ & $-0.00857793$ & $0.0980852$ & $0.0371579$ & $1$ & $0.00459122$ & $-0.142152$ & $0.00321087$ & $-0.0880199$ & $0.0265418$ & $0.0459496$ \\
eHmumuint & $0.00788564$ & $-0.0876597$ & $-0.029905$ & $-0.0448727$ & $-0.0101837$ & $-0.0188994$ & $0.0195218$ & $0.0205927$ & $0.0200616$ & $0.0042829$ & $-0.0291799$ & $-0.00726124$ & $0.0385251$ & $0.0311974$ & $-0.015813$ & $-0.00653529$ & $0.0111189$ & $0.0251753$ & $0.023392$ & $0.0207728$ & $0.0276604$ & $0.0333788$ & $0.0281907$ & $-0.00736239$ & $0.0311801$ & $-0.0262243$ & $0.0396151$ & $0.0289949$ & $0.0378266$ & $0.00702577$ & $0.0667285$ & $0.00896136$ & $0.0167257$ & $0.019766$ & $-0.0765834$ & $0.0700559$ & $0.143674$ & $0.0305666$ & $0.0072478$ & $0.00745834$ & $0.00284026$ & $-0.0193386$ & $0.00459122$ & $1$ & $-0.0440605$ & $-0.0380729$ & $0.267848$ & $0.10998$ & $0.0334027$ \\
eHtautauint & $-0.127392$ & $0.0263204$ & $-0.163601$ & $0.038707$ & $0.0318091$ & $0.0455926$ & $0.00688764$ & $-0.0619687$ & $-0.0741706$ & $0.0506894$ & $0.0617226$ & $0.0408108$ & $-0.0210978$ & $-0.0116695$ & $-0.0137233$ & $-0.0280553$ & $-0.00791073$ & $0.0103974$ & $0.0179307$ & $-0.058577$ & $-0.0620873$ & $-0.0645329$ & $0.0224299$ & $0.0342782$ & $0.0147306$ & $-0.000593832$ & $-0.0426067$ & $-0.0164188$ & $-0.000817545$ & $0.0538774$ & $-0.0604721$ & $0.011271$ & $-0.0305692$ & $-0.042611$ & $0.112807$ & $-0.0493551$ & $0.0756395$ & $0.0236027$ & $-0.0811373$ & $-0.0400744$ & $0.0395102$ & $0.0829008$ & $-0.142152$ & $-0.0440605$ & $1$ & $0.107285$ & $-0.050146$ & $0.0718727$ & $-0.0408663$ \\
eHccint & $0.0124088$ & $0.0310858$ & $0.111241$ & $0.0103025$ & $0.0448318$ & $-0.0230581$ & $-0.0414964$ & $0.0250027$ & $0.0276081$ & $0.0150491$ & $-0.017554$ & $0.0451803$ & $0.0411761$ & $-0.00393111$ & $0.0249007$ & $0.0367365$ & $-0.00249547$ & $-0.0224201$ & $-0.033204$ & $0.021312$ & $0.0197475$ & $0.0239262$ & $-0.00097209$ & $-0.00400851$ & $-0.0208509$ & $-0.020403$ & $-0.0050939$ & $0.0194588$ & $-0.0118396$ & $0.0111609$ & $0.0641073$ & $-0.0387433$ & $-0.0767487$ & $0.00991076$ & $0.104395$ & $0.0296201$ & $0.0440156$ & $0.091322$ & $0.0657415$ & $-0.0313813$ & $-0.0115155$ & $-0.071399$ & $0.00321087$ & $-0.0380729$ & $0.107285$ & $1$ & $0.0163616$ & $0.0226849$ & $-0.19816$ \\
eHccpar & $-0.032496$ & $-0.0649236$ & $-0.105714$ & $-0.0983155$ & $0.0500141$ & $-0.0382042$ & $0.00966047$ & $0.00426682$ & $0.0016133$ & $0.000577901$ & $0.00264329$ & $0.0296858$ & $0.0249553$ & $-0.00462661$ & $0.00246523$ & $-0.0135816$ & $-0.018051$ & $-0.011629$ & $-0.00101395$ & $-0.002598$ & $-0.00463828$ & $-0.00741973$ & $0.0204735$ & $-0.00609456$ & $0.0242371$ & $-0.00795958$ & $0.0393477$ & $-0.000982136$ & $0.0186862$ & $0.0294992$ & $0.299979$ & $0.0163182$ & $0.0298026$ & $-0.00620148$ & $0.0281915$ & $-0.00577288$ & $-0.022417$ & $0.0579451$ & $-0.172903$ & $0.0123803$ & $-0.0394596$ & $-0.00575234$ & $-0.0880199$ & $0.267848$ & $-0.050146$ & $0.0163616$ & $1$ & $-0.0533031$ & $-0.00695373$ \\
eHbbint & $-0.00326108$ & $-0.0687879$ & $-0.0704717$ & $-0.0104917$ & $-0.0159453$ & $0.0156635$ & $0.0209963$ & $-0.00915828$ & $-0.00661706$ & $0.00133672$ & $0.0121112$ & $-0.00815807$ & $0.00859713$ & $-0.0135312$ & $0.00119856$ & $-0.00802745$ & $0.0016092$ & $-0.007098$ & $-0.00154897$ & $-0.0164245$ & $-0.0145154$ & $-0.0150476$ & $-0.0120979$ & $-0.00422194$ & $-0.0101266$ & $0.0304196$ & $-0.0119619$ & $-0.0437202$ & $0.000809556$ & $-0.00935285$ & $-0.0084064$ & $0.0382237$ & $0.119436$ & $-0.00930888$ & $0.120286$ & $0.111344$ & $0.0185525$ & $-0.015394$ & $-0.092418$ & $0.00617919$ & $-0.0581791$ & $0.0200935$ & $0.0265418$ & $0.10998$ & $0.0718727$ & $0.0226849$ & $-0.0533031$ & $1$ & $0.0267626$ \\
eHbbpar & $0.128443$ & $-0.0509931$ & $-0.0363884$ & $-0.177594$ & $-0.0462039$ & $0.0310012$ & $-0.0126967$ & $-0.0392617$ & $-0.0348017$ & $0.0498653$ & $0.0365118$ & $0.00783106$ & $-0.034598$ & $-0.00116814$ & $-0.0548128$ & $-0.0355648$ & $0.000304806$ & $0.036766$ & $0.0238825$ & $-0.0450137$ & $-0.036902$ & $-0.0392404$ & $-0.00203695$ & $0.000964818$ & $0.00217273$ & $0.00270855$ & $-0.0106031$ & $-0.0326032$ & $-0.0124058$ & $-0.0370409$ & $-0.0122126$ & $-0.00128586$ & $0.418913$ & $0.00633421$ & $0.0219024$ & $-0.0484383$ & $-0.00587978$ & $-0.0127602$ & $-0.20014$ & $-0.0185967$ & $0.0136694$ & $0.0611291$ & $0.0459496$ & $0.0334027$ & $-0.0408663$ & $-0.19816$ & $-0.00695373$ & $0.0267626$ & $1$ \\
