 & AlsMz & dAle5Mz & mtop & mHl & Mz & CW & CHG & CHWB & CHWHB_gaga & CHWHB_gagaorth & CHD & CHbox & CH & CHL1_11 & CHL1_22 & CHL1_33 & CHL3_11 & CHL3_22 & CHL3_33 & CHe_11 & CHe_22 & CHe_33 & CHQ1_11 & CHQ1_33 & CHQ3_11 & CHu_11 & CHd_11 & CHd_33 & CeH_22r & CeH_33r & CuH_22r & CuH_33r & CdH_33r & CLL_1221 & eHggint & eHggpar & eHWWint & eHWWpar & eHZZint & eHZZpar & eHZgaint & eHZgapar & eHgagaint & eHmumuint & eHtautauint & eHccint & eHccpar & eHbbint & eHbbpar \\
AlsMz & $1$ & $0.017191$ & $0.118678$ & $0.0786316$ & $0.031338$ & $-0.0221494$ & $0.0117787$ & $-0.00128221$ & $0.00375337$ & $-0.0233361$ & $-0.00797844$ & $-0.0295416$ & $0.00738003$ & $0.000736741$ & $0.0185579$ & $-0.0249937$ & $0.0114051$ & $-0.010347$ & $0.020421$ & $0.00205269$ & $0.00164621$ & $-0.0095615$ & $-0.0192107$ & $-0.0594719$ & $-0.104993$ & $-0.031835$ & $-0.0343247$ & $-0.000921058$ & $-0.0204279$ & $0.0161223$ & $-0.0416286$ & $0.0056691$ & $0.0240201$ & $-0.015371$ & $0.0112864$ & $-0.00670428$ & $0.0703081$ & $0.0229454$ & $-0.112163$ & $0.0503217$ & $-0.073539$ & $-0.016023$ & $0.0876954$ & $0.100647$ & $-0.0110725$ & $-0.100747$ & $-0.0521957$ & $0.100217$ & $0.0338974$ \\
dAle5Mz & $0.017191$ & $1$ & $-0.0474216$ & $-0.0980378$ & $-0.032237$ & $0.0537094$ & $0.0251761$ & $-0.0685065$ & $-0.0615511$ & $0.0222039$ & $0.063817$ & $0.0263741$ & $0.00415869$ & $-0.0230572$ & $-0.0264652$ & $-0.0418079$ & $-0.01759$ & $-0.00320613$ & $0.0123117$ & $-0.0483134$ & $-0.0414058$ & $-0.0405316$ & $-0.0185336$ & $-0.00331344$ & $-0.00676891$ & $0.0444752$ & $-0.0031955$ & $-0.026829$ & $-0.0197708$ & $0.0193541$ & $0.0470467$ & $0.0310458$ & $0.0370807$ & $0.0135604$ & $0.102492$ & $-0.145874$ & $0.028778$ & $0.0232806$ & $-0.0147902$ & $0.0238442$ & $-0.0890318$ & $-0.0388202$ & $0.0803547$ & $0.0600124$ & $0.0216084$ & $-0.181084$ & $0.196119$ & $-0.000858373$ & $0.0498262$ \\
mtop & $0.118678$ & $-0.0474216$ & $1$ & $-0.0762055$ & $-0.00942893$ & $0.0327335$ & $-0.0104994$ & $-0.0209816$ & $-0.00964369$ & $0.0259562$ & $0.0124468$ & $0.0328764$ & $-0.0203161$ & $0.0253595$ & $0.0237848$ & $0.0336432$ & $0.0133171$ & $0.0141652$ & $0.00376952$ & $-0.0014138$ & $-0.0130793$ & $-0.0113985$ & $-0.00453813$ & $0.0277491$ & $-0.00543635$ & $-0.0144338$ & $-0.0535179$ & $-0.0161809$ & $0.0268026$ & $0.0295819$ & $0.00735993$ & $-0.0081379$ & $-0.0141756$ & $-0.0427104$ & $-0.0651492$ & $-0.00148028$ & $0.0167179$ & $0.00751089$ & $0.0597408$ & $0.0348845$ & $0.00182865$ & $0.00274147$ & $0.158296$ & $-0.00487147$ & $0.0202715$ & $-0.021063$ & $-0.014928$ & $0.0907254$ & $-0.0774402$ \\
mHl & $0.0786316$ & $-0.0980378$ & $-0.0762055$ & $1$ & $0.0213944$ & $-0.0254536$ & $-0.0175444$ & $0.00683048$ & $0.0102196$ & $-0.0122969$ & $-0.000300327$ & $-0.00828979$ & $0.0171788$ & $-0.00928994$ & $-0.0284277$ & $0.0147868$ & $-0.0117444$ & $0.00714029$ & $-0.0261616$ & $-0.00460482$ & $-0.00111243$ & $-0.00290541$ & $0.0131311$ & $-0.0196353$ & $-0.0320738$ & $-0.0281893$ & $-0.0162584$ & $-0.0274584$ & $-0.006111$ & $0.0184505$ & $-0.0433651$ & $-0.0169655$ & $0.0403241$ & $0.0229457$ & $-0.0427924$ & $-0.0450521$ & $-0.0453624$ & $0.0235488$ & $-0.0205906$ & $-0.0227551$ & $0.121866$ & $0.0115298$ & $0.0213657$ & $0.0817671$ & $-0.0286265$ & $-0.078539$ & $-0.166356$ & $-0.0233432$ & $0.0262105$ \\
Mz & $0.031338$ & $-0.032237$ & $-0.00942893$ & $0.0213944$ & $1$ & $-0.0236722$ & $-0.0140516$ & $0.0257068$ & $0.023567$ & $-0.0171714$ & $-0.0136512$ & $-0.0148101$ & $0.0132168$ & $-0.0088809$ & $0.050417$ & $0.027901$ & $0.00406547$ & $-0.0418113$ & $-0.0263369$ & $0.0213017$ & $0.018988$ & $0.0200366$ & $-0.0132561$ & $-0.0137585$ & $-0.0239481$ & $0.00285601$ & $-0.00713768$ & $0.00643677$ & $0.00455033$ & $0.00256263$ & $0.00552358$ & $-0.0108681$ & $0.0139515$ & $-0.0158479$ & $-0.00260153$ & $0.00295762$ & $-0.0129396$ & $-0.0232288$ & $-0.00735578$ & $0.0462902$ & $0.023314$ & $0.0211806$ & $-0.0206152$ & $0.00607916$ & $-0.0318924$ & $-0.0194898$ & $-0.0343155$ & $0.0162924$ & $-0.0129304$ \\
CW & $-0.0221494$ & $0.0537094$ & $0.0327335$ & $-0.0254536$ & $-0.0236722$ & $1$ & $-0.0162635$ & $-0.139055$ & $-0.139351$ & $0.0383566$ & $0.193228$ & $0.0758257$ & $0.00511119$ & $0.0241198$ & $-0.0756447$ & $-0.0999137$ & $-0.255951$ & $-0.0480174$ & $-0.0298511$ & $-0.191442$ & $-0.194303$ & $-0.191995$ & $-0.0123254$ & $0.0231444$ & $-0.074162$ & $0.103733$ & $-0.0724009$ & $-0.0521108$ & $0.0118332$ & $0.020023$ & $0.00359203$ & $-0.0115962$ & $0.015373$ & $-0.131152$ & $-0.00590774$ & $-0.0822326$ & $0.0418463$ & $-0.00966202$ & $0.030752$ & $0.0100382$ & $-0.02791$ & $0.00461696$ & $-0.0246648$ & $0.00368313$ & $0.0413345$ & $-0.00239415$ & $0.0264113$ & $-0.0150202$ & $0.003246$ \\
CHG & $0.0117787$ & $0.0251761$ & $-0.0104994$ & $-0.0175444$ & $-0.0140516$ & $-0.0162635$ & $1$ & $-0.0967545$ & $-0.0435108$ & $0.0442674$ & $0.0602262$ & $0.0208123$ & $-0.24438$ & $0.0355071$ & $0.00481731$ & $-0.0218914$ & $0.074421$ & $0.0652445$ & $0.0851606$ & $-0.0569875$ & $-0.0648141$ & $-0.0646512$ & $0.000829003$ & $0.0851099$ & $0.0736793$ & $0.0325813$ & $-0.0543457$ & $-0.0234767$ & $-0.0118982$ & $-0.103747$ & $-0.103202$ & $0.929682$ & $-0.125002$ & $-0.0786082$ & $-0.0458883$ & $-0.042365$ & $-0.00847247$ & $0.0137558$ & $-0.00304646$ & $-0.0229207$ & $-0.0419599$ & $0.0258784$ & $-0.0236099$ & $0.0247455$ & $0.0114705$ & $0.00154639$ & $-0.0375049$ & $0.0428189$ & $-0.010128$ \\
CHWB & $-0.00128221$ & $-0.0685065$ & $-0.0209816$ & $0.00683048$ & $0.0257068$ & $-0.139055$ & $-0.0967545$ & $1$ & $0.983544$ & $-0.55767$ & $-0.886799$ & $-0.339037$ & $0.293799$ & $0.122749$ & $0.295244$ & $0.293086$ & $-0.212199$ & $-0.419114$ & $-0.418633$ & $0.857889$ & $0.903469$ & $0.890783$ & $0.118032$ & $-0.665854$ & $-0.364646$ & $-0.546298$ & $0.449396$ & $0.293075$ & $0.0157253$ & $0.0637044$ & $0.0224805$ & $-0.101141$ & $0.0751327$ & $0.562191$ & $0.0126161$ & $0.0103571$ & $-0.0298568$ & $0.0208797$ & $-0.0133694$ & $0.00547409$ & $0.0286794$ & $0.0213356$ & $0.0180917$ & $-0.000615985$ & $-0.0176127$ & $0.0175829$ & $0.00171047$ & $0.0088366$ & $0.00829318$ \\
CHWHB_gaga & $0.00375337$ & $-0.0615511$ & $-0.00964369$ & $0.0102196$ & $0.023567$ & $-0.139351$ & $-0.0435108$ & $0.983544$ & $1$ & $-0.550251$ & $-0.868408$ & $-0.315697$ & $0.288725$ & $0.111043$ & $0.288456$ & $0.285458$ & $-0.215208$ & $-0.418669$ & $-0.416138$ & $0.840231$ & $0.885467$ & $0.87357$ & $0.120467$ & $-0.662501$ & $-0.36576$ & $-0.538456$ & $0.442286$ & $0.285276$ & $0.0241285$ & $0.0868492$ & $0.0345278$ & $-0.0565685$ & $0.100992$ & $0.555148$ & $0.0052988$ & $-0.0166386$ & $-0.0308883$ & $0.0183051$ & $-0.0146199$ & $0.00168196$ & $0.0228041$ & $0.01698$ & $0.0705343$ & $-0.00179247$ & $-0.0122998$ & $0.0202951$ & $0.00339713$ & $0.0137395$ & $0.0125024$ \\
CHWHB_gagaorth & $-0.0233361$ & $0.0222039$ & $0.0259562$ & $-0.0122969$ & $-0.0171714$ & $0.0383566$ & $0.0442674$ & $-0.55767$ & $-0.550251$ & $1$ & $0.347798$ & $0.687025$ & $-0.203292$ & $0.222199$ & $-0.106301$ & $-0.116558$ & $0.423927$ & $0.474093$ & $0.480658$ & $-0.332305$ & $-0.363374$ & $-0.367121$ & $-0.113564$ & $0.552688$ & $0.465576$ & $0.263457$ & $-0.24674$ & $-0.120862$ & $-0.00427507$ & $-0.0977819$ & $-0.0414199$ & $0.0717557$ & $-0.11443$ & $-0.355853$ & $0.0245412$ & $0.00240243$ & $-0.0044672$ & $-0.0482616$ & $0.000329205$ & $0.00614107$ & $-0.0480997$ & $-0.0471768$ & $-0.0222155$ & $0.0122185$ & $0.0117174$ & $0.0249544$ & $-0.00347901$ & $-0.018613$ & $-0.0137348$ \\
CHD & $-0.00797844$ & $0.063817$ & $0.0124468$ & $-0.000300327$ & $-0.0136512$ & $0.193228$ & $0.0602262$ & $-0.886799$ & $-0.868408$ & $0.347798$ & $1$ & $0.323889$ & $-0.145511$ & $-0.519285$ & $-0.419994$ & $-0.412167$ & $-0.227535$ & $0.0701541$ & $0.0678177$ & $-0.990536$ & $-0.99118$ & $-0.971104$ & $-0.053935$ & $0.314478$ & $0.00147577$ & $0.591893$ & $-0.315419$ & $-0.324664$ & $-0.00250415$ & $-0.0301106$ & $-0.01126$ & $0.0729792$ & $-0.0400388$ & $-0.370301$ & $0.00616627$ & $-0.0122567$ & $0.0242008$ & $-0.0098424$ & $0.00482702$ & $0.0153681$ & $-0.0136275$ & $0.0052401$ & $-0.00505594$ & $-0.00441953$ & $0.000552654$ & $-0.0159937$ & $-0.00869396$ & $-0.0112436$ & $-0.00879826$ \\
CHbox & $-0.0295416$ & $0.0263741$ & $0.0328764$ & $-0.00828979$ & $-0.0148101$ & $0.0758257$ & $0.0208123$ & $-0.339037$ & $-0.315697$ & $0.687025$ & $0.323889$ & $1$ & $-0.167791$ & $-0.103712$ & $-0.0376882$ & $-0.0378596$ & $0.00575636$ & $0.0560078$ & $0.0543552$ & $-0.29871$ & $-0.336824$ & $-0.337412$ & $-0.0858238$ & $0.208009$ & $0.0539302$ & $0.235457$ & $-0.208926$ & $-0.110027$ & $0.0246441$ & $0.15531$ & $0.0308245$ & $0.10449$ & $0.176337$ & $-0.248187$ & $0.0677968$ & $0.0257992$ & $-0.025579$ & $-0.0264916$ & $-0.00405414$ & $0.0121969$ & $-0.0379486$ & $-0.0238892$ & $-0.0205137$ & $0.00944796$ & $-0.0104986$ & $0.0364226$ & $-0.0144112$ & $-0.0146305$ & $-0.0129505$ \\
CH & $0.00738003$ & $0.00415869$ & $-0.0203161$ & $0.0171788$ & $0.0132168$ & $0.00511119$ & $-0.24438$ & $0.293799$ & $0.288725$ & $-0.203292$ & $-0.145511$ & $-0.167791$ & $1$ & $-0.200787$ & $0.0452344$ & $0.0399094$ & $-0.299916$ & $-0.317318$ & $-0.309358$ & $0.139322$ & $0.156738$ & $0.161751$ & $0.0335522$ & $-0.339867$ & $-0.309704$ & $-0.0907332$ & $0.13414$ & $0.0451227$ & $0.0454107$ & $0.217509$ & $0.0779449$ & $-0.203617$ & $0.25227$ & $0.194667$ & $0.0299653$ & $-0.0158693$ & $-0.0247146$ & $0.00323237$ & $-0.0107225$ & $0.025503$ & $0.00308776$ & $-0.000978052$ & $0.00225168$ & $-0.000917957$ & $0.0205989$ & $0.00601723$ & $0.00636519$ & $-0.034548$ & $-0.00722443$ \\
CHL1_11 & $0.000736741$ & $-0.0230572$ & $0.0253595$ & $-0.00928994$ & $-0.0088809$ & $0.0241198$ & $0.0355071$ & $0.122749$ & $0.111043$ & $0.222199$ & $-0.519285$ & $-0.103712$ & $-0.200787$ & $1$ & $0.279436$ & $0.265522$ & $0.647541$ & $0.579488$ & $0.585671$ & $0.537286$ & $0.480615$ & $0.461667$ & $-0.0634373$ & $0.455491$ & $0.592514$ & $-0.286291$ & $-0.0831286$ & $0.166742$ & $-0.0151372$ & $-0.0511267$ & $-0.00758642$ & $0.0137559$ & $-0.0534758$ & $-0.203151$ & $-0.0346645$ & $0.0184744$ & $0.0170299$ & $-0.0251398$ & $0.0293666$ & $-0.0405466$ & $-0.0102949$ & $-0.060982$ & $-0.048569$ & $0.0128005$ & $0.0251646$ & $0.00771769$ & $0.0117972$ & $9.95052e-05$ & $-0.0102359$ \\
CHL1_22 & $0.0185579$ & $-0.0264652$ & $0.0237848$ & $-0.0284277$ & $0.050417$ & $-0.0756447$ & $0.00481731$ & $0.295244$ & $0.288456$ & $-0.106301$ & $-0.419994$ & $-0.0376882$ & $0.0452344$ & $0.279436$ & $1$ & $0.467391$ & $0.182689$ & $-0.454239$ & $-0.0377963$ & $0.486877$ & $0.334536$ & $0.330881$ & $-0.189762$ & $0.114868$ & $-0.142036$ & $-0.198411$ & $-0.407758$ & $0.110126$ & $-0.0368696$ & $0.0223022$ & $0.0144834$ & $0.0100002$ & $-0.00124998$ & $-0.595018$ & $0.0291739$ & $-0.0124578$ & $-0.0137437$ & $0.0533349$ & $-0.0206355$ & $-0.0230283$ & $0.0120124$ & $0.00625389$ & $0.0298546$ & $-0.017774$ & $0.0222384$ & $-0.0136279$ & $0.0274691$ & $-0.0125324$ & $-0.0323368$ \\
CHL1_33 & $-0.0249937$ & $-0.0418079$ & $0.0336432$ & $0.0147868$ & $0.027901$ & $-0.0999137$ & $-0.0218914$ & $0.293086$ & $0.285458$ & $-0.116558$ & $-0.412167$ & $-0.0378596$ & $0.0399094$ & $0.265522$ & $0.467391$ & $1$ & $0.174099$ & $-0.0413668$ & $-0.44229$ & $0.479256$ & $0.330175$ & $0.348456$ & $-0.180734$ & $0.111892$ & $-0.130814$ & $-0.18684$ & $-0.38446$ & $0.102621$ & $-0.00238938$ & $0.0205448$ & $-0.00201399$ & $-0.017806$ & $0.0140159$ & $-0.1198$ & $0.0225554$ & $0.0066881$ & $-0.0371381$ & $0.00905321$ & $-0.00735363$ & $-0.0110514$ & $0.00876102$ & $0.00578019$ & $-0.0257952$ & $0.0145428$ & $0.0259529$ & $-0.00366004$ & $-0.0159432$ & $-0.0144762$ & $-0.0189436$ \\
CHL3_11 & $0.0114051$ & $-0.01759$ & $0.0133171$ & $-0.0117444$ & $0.00406547$ & $-0.255951$ & $0.074421$ & $-0.212199$ & $-0.215208$ & $0.423927$ & $-0.227535$ & $0.00575636$ & $-0.299916$ & $0.647541$ & $0.182689$ & $0.174099$ & $1$ & $0.717152$ & $0.718362$ & $0.251587$ & $0.194794$ & $0.178184$ & $-0.0948561$ & $0.658333$ & $0.762502$ & $-0.0981091$ & $-0.167662$ & $0.0650383$ & $-0.0279904$ & $-0.0695855$ & $-0.0315686$ & $0.0549089$ & $-0.0672911$ & $-0.243509$ & $-0.0499387$ & $-0.000897132$ & $-0.000980131$ & $-0.0217139$ & $0.0144129$ & $-0.0354356$ & $-0.0315871$ & $-0.0341361$ & $-0.0124327$ & $0.00391121$ & $0.0225771$ & $-0.000600054$ & $0.00590474$ & $0.0151379$ & $0.017101$ \\
CHL3_22 & $-0.010347$ & $-0.00320613$ & $0.0141652$ & $0.00714029$ & $-0.0418113$ & $-0.0480174$ & $0.0652445$ & $-0.419114$ & $-0.418669$ & $0.474093$ & $0.0701541$ & $0.0560078$ & $-0.317318$ & $0.579488$ & $-0.454239$ & $-0.0413668$ & $0.717152$ & $1$ & $0.668525$ & $-0.0735864$ & $-0.0622874$ & $-0.0715093$ & $0.00320167$ & $0.604635$ & $0.792488$ & $0.047534$ & $0.00546719$ & $-0.0155333$ & $0.00224942$ & $-0.0814053$ & $-0.0335383$ & $0.0452962$ & $-0.0685507$ & $0.0503944$ & $-0.0591608$ & $0.0176347$ & $0.0187236$ & $-0.0613849$ & $0.0348841$ & $-0.0255403$ & $-0.0323296$ & $-0.0551745$ & $-0.0530062$ & $0.0208289$ & $0.013943$ & $0.0109326$ & $-0.0135627$ & $0.0117998$ & $0.0191667$ \\
CHL3_33 & $0.020421$ & $0.0123117$ & $0.00376952$ & $-0.0261616$ & $-0.0263369$ & $-0.0298511$ & $0.0851606$ & $-0.418633$ & $-0.416138$ & $0.480658$ & $0.0678177$ & $0.0543552$ & $-0.309358$ & $0.585671$ & $-0.0377963$ & $-0.44229$ & $0.718362$ & $0.668525$ & $1$ & $-0.0717606$ & $-0.0607846$ & $-0.0671487$ & $-0.00333714$ & $0.605535$ & $0.782857$ & $0.0421656$ & $-0.00801296$ & $-0.0129875$ & $-0.0245024$ & $-0.0787194$ & $-0.0167547$ & $0.0649822$ & $-0.0803726$ & $-0.326145$ & $-0.0572337$ & $-0.00192595$ & $0.039859$ & $-0.0263542$ & $0.023874$ & $-0.033655$ & $-0.0326279$ & $-0.0513813$ & $-0.00620934$ & $-0.00454638$ & $0.0216306$ & $0.00917249$ & $0.0274121$ & $0.00847722$ & $0.0103829$ \\
CHe_11 & $0.00205269$ & $-0.0483134$ & $-0.0014138$ & $-0.00460482$ & $0.0213017$ & $-0.191442$ & $-0.0569875$ & $0.857889$ & $0.840231$ & $-0.332305$ & $-0.990536$ & $-0.29871$ & $0.139322$ & $0.537286$ & $0.486877$ & $0.479256$ & $0.251587$ & $-0.0735864$ & $-0.0717606$ & $1$ & $0.972416$ & $0.953236$ & $0.0258417$ & $-0.259514$ & $0.00307045$ & $-0.58016$ & $0.238336$ & $0.31874$ & $0.00119142$ & $0.030443$ & $0.0129526$ & $-0.067494$ & $0.0387872$ & $0.290169$ & $-0.00218869$ & $0.00884175$ & $-0.0243845$ & $0.0130412$ & $-0.00545906$ & $-0.0184432$ & $0.0105031$ & $-0.00975069$ & $0.00757845$ & $0.00636334$ & $0.00463228$ & $0.0152377$ & $0.0151044$ & $0.00872468$ & $0.00451471$ \\
CHe_22 & $0.00164621$ & $-0.0414058$ & $-0.0130793$ & $-0.00111243$ & $0.018988$ & $-0.194303$ & $-0.0648141$ & $0.903469$ & $0.885467$ & $-0.363374$ & $-0.99118$ & $-0.336824$ & $0.156738$ & $0.480615$ & $0.334536$ & $0.330175$ & $0.194794$ & $-0.0622874$ & $-0.0607846$ & $0.972416$ & $1$ & $0.976222$ & $0.0854659$ & $-0.369626$ & $-0.00452689$ & $-0.5951$ & $0.397079$ & $0.327534$ & $0.0050966$ & $0.0302671$ & $0.0130541$ & $-0.0786437$ & $0.0441634$ & $0.457312$ & $-0.00770016$ & $0.00924339$ & $-0.022012$ & $0.00708896$ & $-0.00378216$ & $-0.0124024$ & $0.0141012$ & $-0.00565376$ & $0.00843774$ & $0.00651497$ & $-0.00410094$ & $0.0138199$ & $0.0129347$ & $0.0145847$ & $0.0156708$ \\
CHe_33 & $-0.0095615$ & $-0.0405316$ & $-0.0113985$ & $-0.00290541$ & $0.0200366$ & $-0.191995$ & $-0.0646512$ & $0.890783$ & $0.87357$ & $-0.367121$ & $-0.971104$ & $-0.337412$ & $0.161751$ & $0.461667$ & $0.330881$ & $0.348456$ & $0.178184$ & $-0.0715093$ & $-0.0671487$ & $0.953236$ & $0.976222$ & $1$ & $0.082334$ & $-0.37205$ & $-0.013221$ & $-0.579908$ & $0.389287$ & $0.317435$ & $0.0080462$ & $0.0256888$ & $0.012774$ & $-0.0797889$ & $0.0424411$ & $0.451611$ & $-0.00576865$ & $0.00369122$ & $-0.0201251$ & $0.0101908$ & $-5.10302e-05$ & $-0.0101066$ & $0.0153476$ & $0.00122415$ & $0.00531579$ & $-0.00638612$ & $0.00262208$ & $0.0159177$ & $0.0141592$ & $0.0108513$ & $0.015127$ \\
CHQ1_11 & $-0.0192107$ & $-0.0185336$ & $-0.00453813$ & $0.0131311$ & $-0.0132561$ & $-0.0123254$ & $0.000829003$ & $0.118032$ & $0.120467$ & $-0.113564$ & $-0.053935$ & $-0.0858238$ & $0.0335522$ & $-0.0634373$ & $-0.189762$ & $-0.180734$ & $-0.0948561$ & $0.00320167$ & $-0.00333714$ & $0.0258417$ & $0.0854659$ & $0.082334$ & $1$ & $-0.176879$ & $0.0707675$ & $-0.686638$ & $0.382465$ & $0.0229138$ & $0.0202274$ & $-0.000661072$ & $-0.0269347$ & $-0.00216991$ & $0.0251701$ & $0.252164$ & $0.00250853$ & $0.016412$ & $-0.0183136$ & $0.0180146$ & $-0.00185783$ & $0.0248635$ & $-0.0172251$ & $0.051329$ & $0.0313413$ & $-0.0024999$ & $-0.057783$ & $0.0282192$ & $0.00539197$ & $0.000354796$ & $0.0591608$ \\
CHQ1_33 & $-0.0594719$ & $-0.00331344$ & $0.0277491$ & $-0.0196353$ & $-0.0137585$ & $0.0231444$ & $0.0851099$ & $-0.665854$ & $-0.662501$ & $0.552688$ & $0.314478$ & $0.208009$ & $-0.339867$ & $0.455491$ & $0.114868$ & $0.111892$ & $0.658333$ & $0.604635$ & $0.605535$ & $-0.259514$ & $-0.369626$ & $-0.37205$ & $-0.176879$ & $1$ & $0.615008$ & $0.233148$ & $-0.445327$ & $-0.0168113$ & $-0.0336479$ & $-0.0827561$ & $-0.0139292$ & $0.0839119$ & $-0.0958648$ & $-0.635155$ & $-0.0241278$ & $0.00907411$ & $0.0208399$ & $-0.0316075$ & $0.0243751$ & $-0.0262846$ & $-0.0197799$ & $-0.0336$ & $-0.0197194$ & $-0.0122174$ & $0.0289521$ & $-0.00991607$ & $0.0118165$ & $-0.00868645$ & $-0.0165152$ \\
CHQ3_11 & $-0.104993$ & $-0.00676891$ & $-0.00543635$ & $-0.0320738$ & $-0.0239481$ & $-0.074162$ & $0.0736793$ & $-0.364646$ & $-0.36576$ & $0.465576$ & $0.00147577$ & $0.0539302$ & $-0.309704$ & $0.592514$ & $-0.142036$ & $-0.130814$ & $0.762502$ & $0.792488$ & $0.782857$ & $0.00307045$ & $-0.00452689$ & $-0.013221$ & $0.0707675$ & $0.615008$ & $1$ & $0.0159937$ & $0.21491$ & $0.00424004$ & $-0.00403288$ & $-0.0876095$ & $-0.0352758$ & $0.0538636$ & $-0.0790602$ & $-0.164085$ & $-0.0522997$ & $0.0251704$ & $0.0111966$ & $-0.0362723$ & $0.0200702$ & $-0.0347801$ & $-0.0282493$ & $-0.0430167$ & $-0.0311401$ & $-0.00356472$ & $0.00267816$ & $0.0176957$ & $0.0202831$ & $-0.00611964$ & $0.0272676$ \\
CHu_11 & $-0.031835$ & $0.0444752$ & $-0.0144338$ & $-0.0281893$ & $0.00285601$ & $0.103733$ & $0.0325813$ & $-0.546298$ & $-0.538456$ & $0.263457$ & $0.591893$ & $0.235457$ & $-0.0907332$ & $-0.286291$ & $-0.198411$ & $-0.18684$ & $-0.0981091$ & $0.047534$ & $0.0421656$ & $-0.58016$ & $-0.5951$ & $-0.579908$ & $-0.686638$ & $0.233148$ & $0.0159937$ & $1$ & $-0.218255$ & $-0.198745$ & $-0.00505634$ & $-0.0222707$ & $0.00388259$ & $0.0421124$ & $-0.0393159$ & $-0.276585$ & $-0.00424892$ & $-0.00782737$ & $0.00546704$ & $-0.0261849$ & $-0.000714491$ & $-0.00791846$ & $0.0259438$ & $-0.0237648$ & $-0.0213385$ & $0.00416015$ & $0.0403623$ & $-0.00542982$ & $-0.0210472$ & $0.00324956$ & $-0.0397574$ \\
CHd_11 & $-0.0343247$ & $-0.0031955$ & $-0.0535179$ & $-0.0162584$ & $-0.00713768$ & $-0.0724009$ & $-0.0543457$ & $0.449396$ & $0.442286$ & $-0.24674$ & $-0.315419$ & $-0.208926$ & $0.13414$ & $-0.0831286$ & $-0.407758$ & $-0.38446$ & $-0.167662$ & $0.00546719$ & $-0.00801296$ & $0.238336$ & $0.397079$ & $0.389287$ & $0.382465$ & $-0.445327$ & $0.21491$ & $-0.218255$ & $1$ & $0.112283$ & $0.0313469$ & $0.00404723$ & $-0.00625576$ & $-0.063742$ & $0.0323934$ & $0.711178$ & $-0.0116923$ & $0.0316936$ & $-0.00937261$ & $-0.0146952$ & $-0.0153425$ & $0.0195013$ & $0.0055496$ & $0.021253$ & $0.0266263$ & $8.01435e-05$ & $-0.0511197$ & $0.0215366$ & $0.0130611$ & $0.012206$ & $0.0542611$ \\
CHd_33 & $-0.000921058$ & $-0.026829$ & $-0.0161809$ & $-0.0274584$ & $0.00643677$ & $-0.0521108$ & $-0.0234767$ & $0.293075$ & $0.285276$ & $-0.120862$ & $-0.324664$ & $-0.110027$ & $0.0451227$ & $0.166742$ & $0.110126$ & $0.102621$ & $0.0650383$ & $-0.0155333$ & $-0.0129875$ & $0.31874$ & $0.327534$ & $0.317435$ & $0.0229138$ & $-0.0168113$ & $0.00424004$ & $-0.198745$ & $0.112283$ & $1$ & $0.00909078$ & $0.012387$ & $0.00951592$ & $-0.0191223$ & $0.0220431$ & $0.142981$ & $-0.014703$ & $-0.0311387$ & $0.0156912$ & $0.0088078$ & $0.0120204$ & $-0.0123181$ & $0.0248533$ & $-0.0190077$ & $-0.00935342$ & $-0.0308691$ & $0.012361$ & $-0.0185625$ & $0.00757096$ & $0.0177593$ & $-0.0194363$ \\
CeH_22r & $-0.0204279$ & $-0.0197708$ & $0.0268026$ & $-0.006111$ & $0.00455033$ & $0.0118332$ & $-0.0118982$ & $0.0157253$ & $0.0241285$ & $-0.00427507$ & $-0.00250415$ & $0.0246441$ & $0.0454107$ & $-0.0151372$ & $-0.0368696$ & $-0.00238938$ & $-0.0279904$ & $0.00224942$ & $-0.0245024$ & $0.00119142$ & $0.0050966$ & $0.0080462$ & $0.0202274$ & $-0.0336479$ & $-0.00403288$ & $-0.00505634$ & $0.0313469$ & $0.00909078$ & $1$ & $0.0480689$ & $0.0383812$ & $-0.0224145$ & $0.0541966$ & $0.0394879$ & $-0.0134511$ & $0.00873351$ & $-0.0136091$ & $0.0268073$ & $-0.000516708$ & $0.00277105$ & $0.0183715$ & $0.0345604$ & $0.0102928$ & $0.0319196$ & $0.00216156$ & $0.00787111$ & $-0.00994485$ & $-0.00438242$ & $-0.00156738$ \\
CeH_33r & $0.0161223$ & $0.0193541$ & $0.0295819$ & $0.0184505$ & $0.00256263$ & $0.020023$ & $-0.103747$ & $0.0637044$ & $0.0868492$ & $-0.0977819$ & $-0.0301106$ & $0.15531$ & $0.217509$ & $-0.0511267$ & $0.0223022$ & $0.0205448$ & $-0.0695855$ & $-0.0814053$ & $-0.0787194$ & $0.030443$ & $0.0302671$ & $0.0256888$ & $-0.000661072$ & $-0.0827561$ & $-0.0876095$ & $-0.0222707$ & $0.00404723$ & $0.012387$ & $0.0480689$ & $1$ & $0.29843$ & $0.0470694$ & $0.661796$ & $0.0327038$ & $-0.100352$ & $-0.0416916$ & $-0.180333$ & $0.0078531$ & $0.00272164$ & $-0.0041169$ & $-0.0463301$ & $-0.0237489$ & $-0.0314566$ & $0.0231625$ & $0.0998279$ & $-0.0145329$ & $-0.0200288$ & $0.0201088$ & $-0.013085$ \\
CuH_22r & $-0.0416286$ & $0.0470467$ & $0.00735993$ & $-0.0433651$ & $0.00552358$ & $0.00359203$ & $-0.103202$ & $0.0224805$ & $0.0345278$ & $-0.0414199$ & $-0.01126$ & $0.0308245$ & $0.0779449$ & $-0.00758642$ & $0.0144834$ & $-0.00201399$ & $-0.0315686$ & $-0.0335383$ & $-0.0167547$ & $0.0129526$ & $0.0130541$ & $0.012774$ & $-0.0269347$ & $-0.0139292$ & $-0.0352758$ & $0.00388259$ & $-0.00625576$ & $0.00951592$ & $0.0383812$ & $0.29843$ & $1$ & $-0.0236144$ & $0.327035$ & $0.00202167$ & $-0.0315448$ & $-0.0395852$ & $-0.0819668$ & $-0.00632885$ & $-0.0368086$ & $0.00957696$ & $-0.00516997$ & $-0.00902186$ & $-0.0316083$ & $-0.0343195$ & $0.020588$ & $0.0425663$ & $0.364104$ & $0.0139376$ & $-0.0157915$ \\
CuH_33r & $0.0056691$ & $0.0310458$ & $-0.0081379$ & $-0.0169655$ & $-0.0108681$ & $-0.0115962$ & $0.929682$ & $-0.101141$ & $-0.0565685$ & $0.0717557$ & $0.0729792$ & $0.10449$ & $-0.203617$ & $0.0137559$ & $0.0100002$ & $-0.017806$ & $0.0549089$ & $0.0452962$ & $0.0649822$ & $-0.067494$ & $-0.0786437$ & $-0.0797889$ & $-0.00216991$ & $0.0839119$ & $0.0538636$ & $0.0421124$ & $-0.063742$ & $-0.0191223$ & $-0.0224145$ & $0.0470694$ & $-0.0236144$ & $1$ & $0.0547467$ & $-0.0870887$ & $0.022612$ & $0.00528227$ & $-0.0538064$ & $0.00831095$ & $0.0145041$ & $-0.0245292$ & $-0.0526965$ & $0.0155421$ & $-0.0359006$ & $0.0115024$ & $0.018457$ & $0.00740161$ & $-0.0500109$ & $0.0201356$ & $-0.0113317$ \\
CdH_33r & $0.0240201$ & $0.0370807$ & $-0.0141756$ & $0.0403241$ & $0.0139515$ & $0.015373$ & $-0.125002$ & $0.0751327$ & $0.100992$ & $-0.11443$ & $-0.0400388$ & $0.176337$ & $0.25227$ & $-0.0534758$ & $-0.00124998$ & $0.0140159$ & $-0.0672911$ & $-0.0685507$ & $-0.0803726$ & $0.0387872$ & $0.0441634$ & $0.0424411$ & $0.0251701$ & $-0.0958648$ & $-0.0790602$ & $-0.0393159$ & $0.0323934$ & $0.0220431$ & $0.0541966$ & $0.661796$ & $0.327035$ & $0.0547467$ & $1$ & $0.0644856$ & $-0.0852115$ & $-0.0298591$ & $-0.243899$ & $-0.0355497$ & $0.00888501$ & $-0.00119955$ & $-0.0534571$ & $-0.0185869$ & $-0.0011417$ & $-0.0607662$ & $0.0120766$ & $-0.0679269$ & $-0.0259432$ & $0.198271$ & $0.407756$ \\
CLL_1221 & $-0.015371$ & $0.0135604$ & $-0.0427104$ & $0.0229457$ & $-0.0158479$ & $-0.131152$ & $-0.0786082$ & $0.562191$ & $0.555148$ & $-0.355853$ & $-0.370301$ & $-0.248187$ & $0.194667$ & $-0.203151$ & $-0.595018$ & $-0.1198$ & $-0.243509$ & $0.0503944$ & $-0.326145$ & $0.290169$ & $0.457312$ & $0.451611$ & $0.252164$ & $-0.635155$ & $-0.164085$ & $-0.276585$ & $0.711178$ & $0.142981$ & $0.0394879$ & $0.0327038$ & $0.00202167$ & $-0.0870887$ & $0.0644856$ & $1$ & $-0.0103578$ & $0.00730166$ & $-0.0182952$ & $-0.0253914$ & $0.00320096$ & $0.0264396$ & $0.0073409$ & $0.0191177$ & $-0.000379904$ & $0.0154535$ & $-0.0380151$ & $0.011828$ & $-0.0157027$ & $0.0210223$ & $0.0434959$ \\
eHggint & $0.0112864$ & $0.102492$ & $-0.0651492$ & $-0.0427924$ & $-0.00260153$ & $-0.00590774$ & $-0.0458883$ & $0.0126161$ & $0.0052988$ & $0.0245412$ & $0.00616627$ & $0.0677968$ & $0.0299653$ & $-0.0346645$ & $0.0291739$ & $0.0225554$ & $-0.0499387$ & $-0.0591608$ & $-0.0572337$ & $-0.00218869$ & $-0.00770016$ & $-0.00576865$ & $0.00250853$ & $-0.0241278$ & $-0.0522997$ & $-0.00424892$ & $-0.0116923$ & $-0.014703$ & $-0.0134511$ & $-0.100352$ & $-0.0315448$ & $0.022612$ & $-0.0852115$ & $-0.0103578$ & $1$ & $-0.0348334$ & $0.0396243$ & $0.0249679$ & $0.0324723$ & $0.0223637$ & $-0.0625173$ & $-0.0215837$ & $0.109765$ & $-0.101624$ & $-0.0479181$ & $0.196683$ & $-0.0231023$ & $-0.0983$ & $0.0459557$ \\
eHggpar & $-0.00670428$ & $-0.145874$ & $-0.00148028$ & $-0.0450521$ & $0.00295762$ & $-0.0822326$ & $-0.042365$ & $0.0103571$ & $-0.0166386$ & $0.00240243$ & $-0.0122567$ & $0.0257992$ & $-0.0158693$ & $0.0184744$ & $-0.0124578$ & $0.0066881$ & $-0.000897132$ & $0.0176347$ & $-0.00192595$ & $0.00884175$ & $0.00924339$ & $0.00369122$ & $0.016412$ & $0.00907411$ & $0.0251704$ & $-0.00782737$ & $0.0316936$ & $-0.0311387$ & $0.00873351$ & $-0.0416916$ & $-0.0395852$ & $0.00528227$ & $-0.0298591$ & $0.00730166$ & $-0.0348334$ & $1$ & $-0.0589201$ & $-0.0277774$ & $0.0738227$ & $0.0077037$ & $0.0628387$ & $0.00769028$ & $-0.150619$ & $-0.0577296$ & $-0.148128$ & $-0.0663666$ & $-0.0774492$ & $-0.0919022$ & $0.0465191$ \\
eHWWint & $0.0703081$ & $0.028778$ & $0.0167179$ & $-0.0453624$ & $-0.0129396$ & $0.0418463$ & $-0.00847247$ & $-0.0298568$ & $-0.0308883$ & $-0.0044672$ & $0.0242008$ & $-0.025579$ & $-0.0247146$ & $0.0170299$ & $-0.0137437$ & $-0.0371381$ & $-0.000980131$ & $0.0187236$ & $0.039859$ & $-0.0243845$ & $-0.022012$ & $-0.0201251$ & $-0.0183136$ & $0.0208399$ & $0.0111966$ & $0.00546704$ & $-0.00937261$ & $0.0156912$ & $-0.0136091$ & $-0.180333$ & $-0.0819668$ & $-0.0538064$ & $-0.243899$ & $-0.0182952$ & $0.0396243$ & $-0.0589201$ & $1$ & $0.000185734$ & $0.125632$ & $-0.0001368$ & $0.0871224$ & $0.00216229$ & $0.0858917$ & $-0.0452055$ & $0.0293855$ & $0.0340222$ & $0.046674$ & $-0.0916519$ & $-0.0200089$ \\
eHWWpar & $0.0229454$ & $0.0232806$ & $0.00751089$ & $0.0235488$ & $-0.0232288$ & $-0.00966202$ & $0.0137558$ & $0.0208797$ & $0.0183051$ & $-0.0482616$ & $-0.0098424$ & $-0.0264916$ & $0.00323237$ & $-0.0251398$ & $0.0533349$ & $0.00905321$ & $-0.0217139$ & $-0.0613849$ & $-0.0263542$ & $0.0130412$ & $0.00708896$ & $0.0101908$ & $0.0180146$ & $-0.0316075$ & $-0.0362723$ & $-0.0261849$ & $-0.0146952$ & $0.0088078$ & $0.0268073$ & $0.0078531$ & $-0.00632885$ & $0.00831095$ & $-0.0355497$ & $-0.0253914$ & $0.0249679$ & $-0.0277774$ & $0.000185734$ & $1$ & $-0.0506275$ & $0.00475204$ & $0.032142$ & $0.0479435$ & $0.023342$ & $-0.000357081$ & $0.00508754$ & $-0.0179188$ & $-0.0106661$ & $-0.0247439$ & $-0.034667$ \\
eHZZint & $-0.112163$ & $-0.0147902$ & $0.0597408$ & $-0.0205906$ & $-0.00735578$ & $0.030752$ & $-0.00304646$ & $-0.0133694$ & $-0.0146199$ & $0.000329205$ & $0.00482702$ & $-0.00405414$ & $-0.0107225$ & $0.0293666$ & $-0.0206355$ & $-0.00735363$ & $0.0144129$ & $0.0348841$ & $0.023874$ & $-0.00545906$ & $-0.00378216$ & $-5.10302e-05$ & $-0.00185783$ & $0.0243751$ & $0.0200702$ & $-0.000714491$ & $-0.0153425$ & $0.0120204$ & $-0.000516708$ & $0.00272164$ & $-0.0368086$ & $0.0145041$ & $0.00888501$ & $0.00320096$ & $0.0324723$ & $0.0738227$ & $0.125632$ & $-0.0506275$ & $1$ & $0.0335055$ & $-0.0285855$ & $0.0192032$ & $0.0907753$ & $0.0176388$ & $0.146655$ & $0.140518$ & $-0.0722483$ & $0.0740494$ & $0.0504299$ \\
eHZZpar & $0.0503217$ & $0.0238442$ & $0.0348845$ & $-0.0227551$ & $0.0462902$ & $0.0100382$ & $-0.0229207$ & $0.00547409$ & $0.00168196$ & $0.00614107$ & $0.0153681$ & $0.0121969$ & $0.025503$ & $-0.0405466$ & $-0.0230283$ & $-0.0110514$ & $-0.0354356$ & $-0.0255403$ & $-0.033655$ & $-0.0184432$ & $-0.0124024$ & $-0.0101066$ & $0.0248635$ & $-0.0262846$ & $-0.0347801$ & $-0.00791846$ & $0.0195013$ & $-0.0123181$ & $0.00277105$ & $-0.0041169$ & $0.00957696$ & $-0.0245292$ & $-0.00119955$ & $0.0264396$ & $0.0223637$ & $0.0077037$ & $-0.0001368$ & $0.00475204$ & $0.0335055$ & $1$ & $-0.0386503$ & $-0.00789922$ & $0.00510658$ & $0.0301867$ & $0.0340291$ & $0.0068443$ & $0.00925021$ & $0.00757327$ & $-0.0150528$ \\
eHZgaint & $-0.073539$ & $-0.0890318$ & $0.00182865$ & $0.121866$ & $0.023314$ & $-0.02791$ & $-0.0419599$ & $0.0286794$ & $0.0228041$ & $-0.0480997$ & $-0.0136275$ & $-0.0379486$ & $0.00308776$ & $-0.0102949$ & $0.0120124$ & $0.00876102$ & $-0.0315871$ & $-0.0323296$ & $-0.0326279$ & $0.0105031$ & $0.0141012$ & $0.0153476$ & $-0.0172251$ & $-0.0197799$ & $-0.0282493$ & $0.0259438$ & $0.0055496$ & $0.0248533$ & $0.0183715$ & $-0.0463301$ & $-0.00516997$ & $-0.0526965$ & $-0.0534571$ & $0.0073409$ & $-0.0625173$ & $0.0628387$ & $0.0871224$ & $0.032142$ & $-0.0285855$ & $-0.0386503$ & $1$ & $0.044794$ & $0.0458955$ & $-0.00365776$ & $-0.034668$ & $-0.0498444$ & $-0.0437235$ & $-0.0268665$ & $-0.0865154$ \\
eHZgapar & $-0.016023$ & $-0.0388202$ & $0.00274147$ & $0.0115298$ & $0.0211806$ & $0.00461696$ & $0.0258784$ & $0.0213356$ & $0.01698$ & $-0.0471768$ & $0.0052401$ & $-0.0238892$ & $-0.000978052$ & $-0.060982$ & $0.00625389$ & $0.00578019$ & $-0.0341361$ & $-0.0551745$ & $-0.0513813$ & $-0.00975069$ & $-0.00565376$ & $0.00122415$ & $0.051329$ & $-0.0336$ & $-0.0430167$ & $-0.0237648$ & $0.021253$ & $-0.0190077$ & $0.0345604$ & $-0.0237489$ & $-0.00902186$ & $0.0155421$ & $-0.0185869$ & $0.0191177$ & $-0.0215837$ & $0.00769028$ & $0.00216229$ & $0.0479435$ & $0.0192032$ & $-0.00789922$ & $0.044794$ & $1$ & $-0.00157173$ & $-0.0715696$ & $0.00357864$ & $0.0175822$ & $-0.0564363$ & $0.0220431$ & $0.000270677$ \\
eHgagaint & $0.0876954$ & $0.0803547$ & $0.158296$ & $0.0213657$ & $-0.0206152$ & $-0.0246648$ & $-0.0236099$ & $0.0180917$ & $0.0705343$ & $-0.0222155$ & $-0.00505594$ & $-0.0205137$ & $0.00225168$ & $-0.048569$ & $0.0298546$ & $-0.0257952$ & $-0.0124327$ & $-0.0530062$ & $-0.00620934$ & $0.00757845$ & $0.00843774$ & $0.00531579$ & $0.0313413$ & $-0.0197194$ & $-0.0311401$ & $-0.0213385$ & $0.0266263$ & $-0.00935342$ & $0.0102928$ & $-0.0314566$ & $-0.0316083$ & $-0.0359006$ & $-0.0011417$ & $-0.000379904$ & $0.109765$ & $-0.150619$ & $0.0858917$ & $0.023342$ & $0.0907753$ & $0.00510658$ & $0.0458955$ & $-0.00157173$ & $1$ & $0.0315983$ & $0.0761484$ & $0.0146285$ & $-0.0351334$ & $0.10244$ & $0.0717237$ \\
eHmumuint & $0.100647$ & $0.0600124$ & $-0.00487147$ & $0.0817671$ & $0.00607916$ & $0.00368313$ & $0.0247455$ & $-0.000615985$ & $-0.00179247$ & $0.0122185$ & $-0.00441953$ & $0.00944796$ & $-0.000917957$ & $0.0128005$ & $-0.017774$ & $0.0145428$ & $0.00391121$ & $0.0208289$ & $-0.00454638$ & $0.00636334$ & $0.00651497$ & $-0.00638612$ & $-0.0024999$ & $-0.0122174$ & $-0.00356472$ & $0.00416015$ & $8.01435e-05$ & $-0.0308691$ & $0.0319196$ & $0.0231625$ & $-0.0343195$ & $0.0115024$ & $-0.0607662$ & $0.0154535$ & $-0.101624$ & $-0.0577296$ & $-0.0452055$ & $-0.000357081$ & $0.0176388$ & $0.0301867$ & $-0.00365776$ & $-0.0715696$ & $0.0315983$ & $1$ & $0.0775499$ & $0.0437905$ & $-0.0694756$ & $-0.0586751$ & $-0.16867$ \\
eHtautauint & $-0.0110725$ & $0.0216084$ & $0.0202715$ & $-0.0286265$ & $-0.0318924$ & $0.0413345$ & $0.0114705$ & $-0.0176127$ & $-0.0122998$ & $0.0117174$ & $0.000552654$ & $-0.0104986$ & $0.0205989$ & $0.0251646$ & $0.0222384$ & $0.0259529$ & $0.0225771$ & $0.013943$ & $0.0216306$ & $0.00463228$ & $-0.00410094$ & $0.00262208$ & $-0.057783$ & $0.0289521$ & $0.00267816$ & $0.0403623$ & $-0.0511197$ & $0.012361$ & $0.00216156$ & $0.0998279$ & $0.020588$ & $0.018457$ & $0.0120766$ & $-0.0380151$ & $-0.0479181$ & $-0.148128$ & $0.0293855$ & $0.00508754$ & $0.146655$ & $0.0340291$ & $-0.034668$ & $0.00357864$ & $0.0761484$ & $0.0775499$ & $1$ & $-0.0016398$ & $0.0368475$ & $-0.00271134$ & $-0.0598085$ \\
eHccint & $-0.100747$ & $-0.181084$ & $-0.021063$ & $-0.078539$ & $-0.0194898$ & $-0.00239415$ & $0.00154639$ & $0.0175829$ & $0.0202951$ & $0.0249544$ & $-0.0159937$ & $0.0364226$ & $0.00601723$ & $0.00771769$ & $-0.0136279$ & $-0.00366004$ & $-0.000600054$ & $0.0109326$ & $0.00917249$ & $0.0152377$ & $0.0138199$ & $0.0159177$ & $0.0282192$ & $-0.00991607$ & $0.0176957$ & $-0.00542982$ & $0.0215366$ & $-0.0185625$ & $0.00787111$ & $-0.0145329$ & $0.0425663$ & $0.00740161$ & $-0.0679269$ & $0.011828$ & $0.196683$ & $-0.0663666$ & $0.0340222$ & $-0.0179188$ & $0.140518$ & $0.0068443$ & $-0.0498444$ & $0.0175822$ & $0.0146285$ & $0.0437905$ & $-0.0016398$ & $1$ & $-0.00940742$ & $-0.08269$ & $-0.0854315$ \\
eHccpar & $-0.0521957$ & $0.196119$ & $-0.014928$ & $-0.166356$ & $-0.0343155$ & $0.0264113$ & $-0.0375049$ & $0.00171047$ & $0.00339713$ & $-0.00347901$ & $-0.00869396$ & $-0.0144112$ & $0.00636519$ & $0.0117972$ & $0.0274691$ & $-0.0159432$ & $0.00590474$ & $-0.0135627$ & $0.0274121$ & $0.0151044$ & $0.0129347$ & $0.0141592$ & $0.00539197$ & $0.0118165$ & $0.0202831$ & $-0.0210472$ & $0.0130611$ & $0.00757096$ & $-0.00994485$ & $-0.0200288$ & $0.364104$ & $-0.0500109$ & $-0.0259432$ & $-0.0157027$ & $-0.0231023$ & $-0.0774492$ & $0.046674$ & $-0.0106661$ & $-0.0722483$ & $0.00925021$ & $-0.0437235$ & $-0.0564363$ & $-0.0351334$ & $-0.0694756$ & $0.0368475$ & $-0.00940742$ & $1$ & $-0.0667164$ & $0.0170945$ \\
eHbbint & $0.100217$ & $-0.000858373$ & $0.0907254$ & $-0.0233432$ & $0.0162924$ & $-0.0150202$ & $0.0428189$ & $0.0088366$ & $0.0137395$ & $-0.018613$ & $-0.0112436$ & $-0.0146305$ & $-0.034548$ & $9.95052e-05$ & $-0.0125324$ & $-0.0144762$ & $0.0151379$ & $0.0117998$ & $0.00847722$ & $0.00872468$ & $0.0145847$ & $0.0108513$ & $0.000354796$ & $-0.00868645$ & $-0.00611964$ & $0.00324956$ & $0.012206$ & $0.0177593$ & $-0.00438242$ & $0.0201088$ & $0.0139376$ & $0.0201356$ & $0.198271$ & $0.0210223$ & $-0.0983$ & $-0.0919022$ & $-0.0916519$ & $-0.0247439$ & $0.0740494$ & $0.00757327$ & $-0.0268665$ & $0.0220431$ & $0.10244$ & $-0.0586751$ & $-0.00271134$ & $-0.08269$ & $-0.0667164$ & $1$ & $0.121063$ \\
eHbbpar & $0.0338974$ & $0.0498262$ & $-0.0774402$ & $0.0262105$ & $-0.0129304$ & $0.003246$ & $-0.010128$ & $0.00829318$ & $0.0125024$ & $-0.0137348$ & $-0.00879826$ & $-0.0129505$ & $-0.00722443$ & $-0.0102359$ & $-0.0323368$ & $-0.0189436$ & $0.017101$ & $0.0191667$ & $0.0103829$ & $0.00451471$ & $0.0156708$ & $0.015127$ & $0.0591608$ & $-0.0165152$ & $0.0272676$ & $-0.0397574$ & $0.0542611$ & $-0.0194363$ & $-0.00156738$ & $-0.013085$ & $-0.0157915$ & $-0.0113317$ & $0.407756$ & $0.0434959$ & $0.0459557$ & $0.0465191$ & $-0.0200089$ & $-0.034667$ & $0.0504299$ & $-0.0150528$ & $-0.0865154$ & $0.000270677$ & $0.0717237$ & $-0.16867$ & $-0.0598085$ & $-0.0854315$ & $0.0170945$ & $0.121063$ & $1$ \\
