 & AlsMz & dAle5Mz & mtop & mHl & Mz & CW & CHG & CHWB & CHWHB_gaga & CHWHB_gagaorth & CHD & CHbox & CH & CHL1_11 & CHL1_22 & CHL1_33 & CHL3_11 & CHL3_22 & CHL3_33 & CHe_11 & CHe_22 & CHe_33 & CHQ1_11 & CHQ1_33 & CHQ3_11 & CHu_11 & CHd_11 & CHd_33 & CeH_22r & CeH_33r & CuH_22r & CuH_33r & CdH_33r & CLL_1221 & eHggint & eHggpar & eHWWint & eHWWpar & eHZZint & eHZZpar & eHZgaint & eHZgapar & eHgagaint & eHmumuint & eHtautauint & eHccint & eHccpar & eHbbint & eHbbpar \\
AlsMz & $1$ & $0.0744856$ & $0.0506424$ & $0.185351$ & $-0.00144049$ & $0.0166684$ & $-0.0362051$ & $-0.0174697$ & $-0.0194971$ & $0.00417573$ & $0.00645903$ & $0.00372607$ & $0.0096193$ & $0.00352222$ & $0.0297294$ & $-0.000796237$ & $0.00599228$ & $-0.0111012$ & $0.0117746$ & $-0.0078252$ & $-0.0137562$ & $-0.0139886$ & $-0.0244245$ & $-0.024581$ & $-0.0772361$ & $-0.00966335$ & $-0.0550417$ & $0.000324333$ & $-0.00614754$ & $0.0111988$ & $-0.021712$ & $-0.0281441$ & $0.011472$ & $-0.0386104$ & $0.167024$ & $-0.100806$ & $-0.187046$ & $-0.0230132$ & $-0.10626$ & $0.00316196$ & $-0.0562575$ & $0.0327468$ & $-0.0217891$ & $-0.00913244$ & $-0.182054$ & $0.0631573$ & $-0.159031$ & $0.0657951$ & $-0.0501771$ \\
dAle5Mz & $0.0744856$ & $1$ & $0.0313997$ & $0.0593365$ & $-0.00841389$ & $-0.00663043$ & $-0.00842954$ & $-0.0690555$ & $-0.0728244$ & $0.0315026$ & $0.0551037$ & $0.0166241$ & $-0.029408$ & $-0.0101476$ & $-0.00777255$ & $-0.0182983$ & $0.0122799$ & $0.0121331$ & $0.0209408$ & $-0.0384882$ & $-0.0393296$ & $-0.0357547$ & $-0.00763565$ & $0.0274144$ & $0.00846684$ & $0.0353063$ & $-0.0168317$ & $-0.0203316$ & $-0.0118762$ & $-0.00818852$ & $0.0402046$ & $0.0073277$ & $0.0087517$ & $-0.00884846$ & $0.0763309$ & $0.239344$ & $-0.113116$ & $0.0259681$ & $0.0218871$ & $-0.0181412$ & $0.00361588$ & $0.0225399$ & $-0.0676317$ & $-0.103095$ & $-0.128159$ & $-0.0758678$ & $0.147713$ & $-0.0254688$ & $0.0392231$ \\
mtop & $0.0506424$ & $0.0313997$ & $1$ & $0.190709$ & $0.0106596$ & $0.00120229$ & $-0.0373439$ & $-0.0105217$ & $-0.0222507$ & $-0.00190303$ & $0.0208034$ & $0.0146969$ & $0.000511507$ & $-0.0214787$ & $0.00759888$ & $0.00542926$ & $-0.0102311$ & $-0.0150523$ & $-0.0172826$ & $-0.0134845$ & $-0.0176506$ & $-0.0189246$ & $-0.0111336$ & $-0.00294484$ & $-0.0199326$ & $0.0185646$ & $-0.0191581$ & $-0.0117868$ & $0.00346896$ & $0.00621299$ & $-0.0151802$ & $-0.0303581$ & $-0.0726951$ & $-0.0106696$ & $0.0319521$ & $0.14004$ & $-0.0816091$ & $-0.0123419$ & $0.147055$ & $0.0119174$ & $0.0192391$ & $-0.024264$ & $-0.171055$ & $0.0731821$ & $0.206229$ & $-0.0702189$ & $-0.0172271$ & $0.0513968$ & $-0.233244$ \\
mHl & $0.185351$ & $0.0593365$ & $0.190709$ & $1$ & $0.0069315$ & $-0.00512457$ & $0.00126699$ & $-0.0166209$ & $-0.0172051$ & $0.0160351$ & $0.0127087$ & $0.0160852$ & $-0.0024628$ & $-0.00401436$ & $0.0122025$ & $-0.00347788$ & $0.00753104$ & $-0.00219572$ & $0.00801663$ & $-0.010047$ & $-0.0131984$ & $-0.0153205$ & $-0.00915765$ & $0.00447492$ & $0.00284569$ & $0.00857818$ & $-0.00558482$ & $-0.00360581$ & $0.00439229$ & $0.00777189$ & $-0.0392684$ & $0.00975542$ & $-0.0372589$ & $-0.0203716$ & $0.0533903$ & $0.162998$ & $-0.0839736$ & $0.011609$ & $0.0881179$ & $0.00179447$ & $0.0584435$ & $-0.0140813$ & $-0.013454$ & $0.195929$ & $0.00472661$ & $0.0104803$ & $-0.177032$ & $0.0276917$ & $-0.139756$ \\
Mz & $-0.00144049$ & $-0.00841389$ & $0.0106596$ & $0.0069315$ & $1$ & $-0.00276871$ & $0.00499981$ & $0.00246052$ & $0.000986613$ & $0.00151613$ & $0.00507512$ & $-0.00837952$ & $-0.00692752$ & $0.00281215$ & $-0.000270697$ & $0.00108778$ & $0.00196748$ & $5.29695e-05$ & $-0.00122486$ & $0.00221333$ & $0.00405893$ & $0.00276324$ & $-0.000608786$ & $6.36491e-05$ & $0.00436065$ & $-4.6212e-05$ & $0.0082515$ & $0.000762606$ & $0.00930384$ & $-0.00404746$ & $-0.00144605$ & $0.00209742$ & $-0.0106017$ & $0.00105538$ & $-0.00661017$ & $0.00756248$ & $-0.0140431$ & $-0.00283522$ & $0.00889904$ & $-0.00903906$ & $-0.00137863$ & $0.00254849$ & $0.00592766$ & $0.00989073$ & $0.0194812$ & $-0.00110761$ & $0.00135067$ & $0.00634913$ & $-0.014287$ \\
CW & $0.0166684$ & $-0.00663043$ & $0.00120229$ & $-0.00512457$ & $-0.00276871$ & $1$ & $0.0112378$ & $-0.128587$ & $-0.124551$ & $0.0172839$ & $0.189775$ & $0.0519979$ & $-0.00332202$ & $0.0171893$ & $-0.0796223$ & $-0.0759351$ & $-0.263663$ & $-0.0507342$ & $-0.0510685$ & $-0.186842$ & $-0.193081$ & $-0.186789$ & $-0.00932118$ & $0.00120543$ & $-0.0897223$ & $0.109611$ & $-0.0817533$ & $-0.0700134$ & $-0.00539515$ & $-0.00406887$ & $0.000143032$ & $0.0134402$ & $0.00472453$ & $-0.125871$ & $-0.00138074$ & $-0.0112456$ & $-0.000507511$ & $-0.000950588$ & $0.000220264$ & $0.000370333$ & $0.0166576$ & $0.000776269$ & $0.005183$ & $0.0113209$ & $0.0146906$ & $0.0135844$ & $0.00133842$ & $0.0122686$ & $0.00618493$ \\
CHG & $-0.0362051$ & $-0.00842954$ & $-0.0373439$ & $0.00126699$ & $0.00499981$ & $0.0112378$ & $1$ & $-0.121175$ & $-0.0669989$ & $0.0813018$ & $0.0720414$ & $-0.155185$ & $-0.297342$ & $0.0611076$ & $-0.0341865$ & $-0.0282643$ & $0.100883$ & $0.116695$ & $0.111485$ & $-0.0714234$ & $-0.0752254$ & $-0.0744941$ & $-0.00804125$ & $0.12185$ & $0.114332$ & $0.0402283$ & $-0.0465127$ & $-0.0212787$ & $-0.00236625$ & $-0.119258$ & $-0.0628215$ & $0.938063$ & $-0.175542$ & $-0.069314$ & $-0.0632931$ & $0.00429351$ & $0.00674895$ & $0.018764$ & $-0.0150924$ & $0.00182214$ & $-0.00835191$ & $0.00947848$ & $0.00119958$ & $-0.00139516$ & $0.0200119$ & $0.00293095$ & $0.0126967$ & $-0.0214851$ & $-0.0184146$ \\
CHWB & $-0.0174697$ & $-0.0690555$ & $-0.0105217$ & $-0.0166209$ & $0.00246052$ & $-0.128587$ & $-0.121175$ & $1$ & $0.984142$ & $-0.584676$ & $-0.880987$ & $-0.0696582$ & $0.362008$ & $0.0899143$ & $0.296896$ & $0.291806$ & $-0.250092$ & $-0.4431$ & $-0.439062$ & $0.853098$ & $0.897803$ & $0.880621$ & $0.0717962$ & $-0.679277$ & $-0.407371$ & $-0.50981$ & $0.433046$ & $0.305562$ & $0.0264385$ & $0.118665$ & $0.0547845$ & $-0.114282$ & $0.137268$ & $0.567578$ & $-0.0014674$ & $-0.0240004$ & $0.00231367$ & $0.00311361$ & $0.00433235$ & $0.00552901$ & $-0.00174739$ & $-0.00802845$ & $0.00356395$ & $0.00041251$ & $0.00516709$ & $-0.0199198$ & $0.00116091$ & $0.0099963$ & $0.00492629$ \\
CHWHB_gaga & $-0.0194971$ & $-0.0728244$ & $-0.0222507$ & $-0.0172051$ & $0.000986613$ & $-0.124551$ & $-0.0669989$ & $0.984142$ & $1$ & $-0.574461$ & $-0.863549$ & $-0.0521027$ & $0.356432$ & $0.0818114$ & $0.289902$ & $0.286829$ & $-0.253762$ & $-0.440971$ & $-0.438137$ & $0.836188$ & $0.880082$ & $0.863592$ & $0.0714435$ & $-0.672083$ & $-0.405158$ & $-0.499798$ & $0.427981$ & $0.300506$ & $0.0322427$ & $0.140142$ & $0.0635201$ & $-0.0690557$ & $0.15941$ & $0.559708$ & $-0.0143549$ & $-0.0407351$ & $0.00310717$ & $0.00327064$ & $-0.00899128$ & $0.00675673$ & $0.00593357$ & $-0.00752162$ & $0.0526471$ & $-0.00144103$ & $0.012781$ & $-0.0184057$ & $-0.00947962$ & $0.0176859$ & $0.00522539$ \\
CHWHB_gagaorth & $0.00417573$ & $0.0315026$ & $-0.00190303$ & $0.0160351$ & $0.00151613$ & $0.0172839$ & $0.0813018$ & $-0.584676$ & $-0.574461$ & $1$ & $0.374321$ & $0.426378$ & $-0.261858$ & $0.22319$ & $-0.13283$ & $-0.128641$ & $0.433467$ & $0.4919$ & $0.488027$ & $-0.361257$ & $-0.389952$ & $-0.383876$ & $-0.058942$ & $0.563902$ & $0.476604$ & $0.22475$ & $-0.248747$ & $-0.130371$ & $-0.00854027$ & $-0.131297$ & $-0.0708551$ & $0.0929653$ & $-0.153468$ & $-0.356483$ & $0.0269569$ & $0.0285749$ & $-0.0236022$ & $-0.00396792$ & $-0.00953543$ & $-0.0143212$ & $-0.0264304$ & $0.0149091$ & $-0.0154711$ & $0.0039179$ & $-0.0155561$ & $-0.00767662$ & $-0.0102798$ & $-0.00747395$ & $0.00641341$ \\
CHD & $0.00645903$ & $0.0551037$ & $0.0208034$ & $0.0127087$ & $0.00507512$ & $0.189775$ & $0.0720414$ & $-0.880987$ & $-0.863549$ & $0.374321$ & $1$ & $0.185328$ & $-0.180782$ & $-0.503072$ & $-0.418449$ & $-0.407191$ & $-0.202757$ & $0.0813238$ & $0.0758136$ & $-0.990574$ & $-0.991283$ & $-0.969739$ & $-0.0143463$ & $0.319633$ & $0.0310046$ & $0.565913$ & $-0.302548$ & $-0.337654$ & $-0.0181934$ & $-0.0667805$ & $-0.0288744$ & $0.0769633$ & $-0.08062$ & $-0.374439$ & $0.00848986$ & $0.0225756$ & $0.00379728$ & $-0.0057873$ & $-0.000206669$ & $-0.00213187$ & $0.0125379$ & $0.00539415$ & $0.00511808$ & $-0.00332351$ & $0.00811154$ & $0.027833$ & $0.00234349$ & $-0.00752147$ & $-0.00868546$ \\
CHbox & $0.00372607$ & $0.0166241$ & $0.0146969$ & $0.0160852$ & $-0.00837952$ & $0.0519979$ & $-0.155185$ & $-0.0696582$ & $-0.0521027$ & $0.426378$ & $0.185328$ & $1$ & $0.492626$ & $-0.266862$ & $-0.00980837$ & $0.00373122$ & $-0.244064$ & $-0.203293$ & $-0.211496$ & $-0.168733$ & $-0.188525$ & $-0.18179$ & $-0.0155325$ & $-0.0858645$ & $-0.206122$ & $0.111055$ & $-0.079538$ & $-0.0590915$ & $0.0490093$ & $0.308083$ & $0.0903925$ & $-0.0637588$ & $0.377981$ & $-0.0564082$ & $0.0804959$ & $0.0433467$ & $-0.0381738$ & $-0.00979824$ & $-0.0104172$ & $-0.00759786$ & $-0.0211233$ & $0.00999077$ & $-0.0215622$ & $0.00346275$ & $-0.0130565$ & $0.000898789$ & $-0.0115176$ & $-0.00588026$ & $0.00501664$ \\
CH & $0.0096193$ & $-0.029408$ & $0.000511507$ & $-0.0024628$ & $-0.00692752$ & $-0.00332202$ & $-0.297342$ & $0.362008$ & $0.356432$ & $-0.261858$ & $-0.180782$ & $0.492626$ & $1$ & $-0.247933$ & $0.0712504$ & $0.077078$ & $-0.369495$ & $-0.390666$ & $-0.395187$ & $0.176429$ & $0.191294$ & $0.188474$ & $0.0324036$ & $-0.404397$ & $-0.386673$ & $-0.104767$ & $0.145852$ & $0.0632641$ & $0.0552294$ & $0.284431$ & $0.121349$ & $-0.246402$ & $0.367112$ & $0.228663$ & $0.0400414$ & $0.00105989$ & $-0.0243418$ & $-0.00114974$ & $0.0101342$ & $-0.00722531$ & $-0.00920348$ & $-0.00355543$ & $-0.00958224$ & $0.00120699$ & $-0.0078322$ & $0.0145121$ & $-0.00416986$ & $-0.0130661$ & $0.0124859$ \\
CHL1_11 & $0.00352222$ & $-0.0101476$ & $-0.0214787$ & $-0.00401436$ & $0.00281215$ & $0.0171893$ & $0.0611076$ & $0.0899143$ & $0.0818114$ & $0.22319$ & $-0.503072$ & $-0.266862$ & $-0.247933$ & $1$ & $0.265621$ & $0.251247$ & $0.659681$ & $0.593765$ & $0.598501$ & $0.520647$ & $0.464563$ & $0.449232$ & $-0.0819726$ & $0.469288$ & $0.600215$ & $-0.267726$ & $-0.0933559$ & $0.162121$ & $-0.00833496$ & $-0.0647675$ & $-0.0351141$ & $0.0385384$ & $-0.0704344$ & $-0.212702$ & $-0.0192972$ & $-0.0111419$ & $-0.00929811$ & $0.0102514$ & $0.00334969$ & $-0.00691361$ & $-0.0171354$ & $0.0011799$ & $-0.0146364$ & $0.00459439$ & $-0.0179679$ & $-0.0226613$ & $-0.00405756$ & $0.00037448$ & $0.00880264$ \\
CHL1_22 & $0.0297294$ & $-0.00777255$ & $0.00759888$ & $0.0122025$ & $-0.000270697$ & $-0.0796223$ & $-0.0341865$ & $0.296896$ & $0.289902$ & $-0.13283$ & $-0.418449$ & $-0.00980837$ & $0.0712504$ & $0.265621$ & $1$ & $0.445161$ & $0.157043$ & $-0.455999$ & $-0.0404913$ & $0.483815$ & $0.334333$ & $0.322498$ & $-0.179591$ & $0.0990503$ & $-0.144229$ & $-0.19025$ & $-0.392116$ & $0.117049$ & $0.00092856$ & $0.0300582$ & $0.0123193$ & $-0.0308457$ & $0.0347173$ & $-0.588978$ & $-0.000902028$ & $-0.00816567$ & $-0.0162042$ & $-0.000715377$ & $-0.00721556$ & $0.0070167$ & $0.00098834$ & $0.00143814$ & $-0.0075311$ & $0.000591528$ & $-0.02245$ & $0.00278172$ & $-0.0263226$ & $0.00894441$ & $-0.0250077$ \\
CHL1_33 & $-0.000796237$ & $-0.0182983$ & $0.00542926$ & $-0.00347788$ & $0.00108778$ & $-0.0759351$ & $-0.0282643$ & $0.291806$ & $0.286829$ & $-0.128641$ & $-0.407191$ & $0.00373122$ & $0.077078$ & $0.251247$ & $0.445161$ & $1$ & $0.149897$ & $-0.0416793$ & $-0.445427$ & $0.47209$ & $0.326235$ & $0.342438$ & $-0.160977$ & $0.0924493$ & $-0.14423$ & $-0.194738$ & $-0.384269$ & $0.107611$ & $0.000700527$ & $0.033997$ & $0.0167139$ & $-0.0240605$ & $0.0452481$ & $-0.098226$ & $-0.00864853$ & $0.00560117$ & $-0.00788863$ & $0.0012256$ & $0.0122471$ & $-0.00624637$ & $0.00229207$ & $5.70672e-05$ & $-0.0222022$ & $-0.00195863$ & $-0.00985702$ & $-0.00846244$ & $0.00554188$ & $-0.00211965$ & $0.00199327$ \\
CHL3_11 & $0.00599228$ & $0.0122799$ & $-0.0102311$ & $0.00753104$ & $0.00196748$ & $-0.263663$ & $0.100883$ & $-0.250092$ & $-0.253762$ & $0.433467$ & $-0.202757$ & $-0.244064$ & $-0.369495$ & $0.659681$ & $0.157043$ & $0.149897$ & $1$ & $0.736492$ & $0.736697$ & $0.224611$ & $0.170864$ & $0.162842$ & $-0.0780311$ & $0.680542$ & $0.777489$ & $-0.102769$ & $-0.165882$ & $0.0573744$ & $-0.014439$ & $-0.109311$ & $-0.0548758$ & $0.0756109$ & $-0.122164$ & $-0.253606$ & $-0.0157562$ & $0.00507234$ & $-0.00721402$ & $0.00245592$ & $-0.0104819$ & $-0.00443357$ & $-0.0232003$ & $0.0051519$ & $-0.0150897$ & $0.00925974$ & $-0.0199435$ & $-0.0157999$ & $-0.00723101$ & $-0.00673206$ & $0.00497204$ \\
CHL3_22 & $-0.0111012$ & $0.0121331$ & $-0.0150523$ & $-0.00219572$ & $5.29695e-05$ & $-0.0507342$ & $0.116695$ & $-0.4431$ & $-0.440971$ & $0.4919$ & $0.0813238$ & $-0.203293$ & $-0.390666$ & $0.593765$ & $-0.455999$ & $-0.0416793$ & $0.736492$ & $1$ & $0.680362$ & $-0.0847809$ & $-0.0745258$ & $-0.0721572$ & $0.00684763$ & $0.624296$ & $0.798434$ & $0.0352581$ & $-0.00882651$ & $-0.0267933$ & $-0.0165413$ & $-0.118891$ & $-0.0579755$ & $0.092235$ & $-0.132101$ & $0.0307745$ & $-0.016172$ & $0.0072463$ & $0.00268301$ & $0.00478208$ & $0.000720443$ & $-0.0115047$ & $-0.0192117$ & $0.00379675$ & $-0.0116443$ & $0.00768171$ & $-0.00244017$ & $-0.0158634$ & $0.0109406$ & $-0.0109446$ & $0.021301$ \\
CHL3_33 & $0.0117746$ & $0.0209408$ & $-0.0172826$ & $0.00801663$ & $-0.00122486$ & $-0.0510685$ & $0.111485$ & $-0.439062$ & $-0.438137$ & $0.488027$ & $0.0758136$ & $-0.211496$ & $-0.395187$ & $0.598501$ & $-0.0404913$ & $-0.445427$ & $0.736697$ & $0.680362$ & $1$ & $-0.0795866$ & $-0.0692143$ & $-0.0669908$ & $-0.00490808$ & $0.625092$ & $0.799654$ & $0.0406041$ & $-0.00506735$ & $-0.0218398$ & $-0.0160974$ & $-0.121257$ & $-0.0618745$ & $0.0864772$ & $-0.138866$ & $-0.339956$ & $-0.00942039$ & $-0.00438979$ & $-0.00415762$ & $0.00337804$ & $-0.0123363$ & $-9.78007e-05$ & $-0.0184312$ & $0.00553884$ & $-0.00111487$ & $0.00785973$ & $-0.0148727$ & $-0.00663763$ & $-0.0129696$ & $-0.00295725$ & $0.00331829$ \\
CHe_11 & $-0.0078252$ & $-0.0384882$ & $-0.0134845$ & $-0.010047$ & $0.00221333$ & $-0.186842$ & $-0.0714234$ & $0.853098$ & $0.836188$ & $-0.361257$ & $-0.990574$ & $-0.168733$ & $0.176429$ & $0.520647$ & $0.483815$ & $0.47209$ & $0.224611$ & $-0.0847809$ & $-0.0795866$ & $1$ & $0.972793$ & $0.952011$ & $-0.0105631$ & $-0.267527$ & $-0.0264185$ & $-0.556362$ & $0.22739$ & $0.330133$ & $0.017191$ & $0.0663174$ & $0.029903$ & $-0.0751074$ & $0.0804133$ & $0.296015$ & $-0.00810703$ & $-0.0160774$ & $-0.00625652$ & $0.00527434$ & $0.00116472$ & $0.00154052$ & $-0.0121398$ & $-0.00448231$ & $-0.00842491$ & $0.00288018$ & $-0.0077818$ & $-0.0282253$ & $-0.000654558$ & $0.0062858$ & $0.0071119$ \\
CHe_22 & $-0.0137562$ & $-0.0393296$ & $-0.0176506$ & $-0.0131984$ & $0.00405893$ & $-0.193081$ & $-0.0752254$ & $0.897803$ & $0.880082$ & $-0.389952$ & $-0.991283$ & $-0.188525$ & $0.191294$ & $0.464563$ & $0.334333$ & $0.326235$ & $0.170864$ & $-0.0745258$ & $-0.0692143$ & $0.972793$ & $1$ & $0.975236$ & $0.0430739$ & $-0.373416$ & $-0.0347018$ & $-0.56832$ & $0.383547$ & $0.339464$ & $0.0195278$ & $0.0687602$ & $0.0309385$ & $-0.0800404$ & $0.0828707$ & $0.45973$ & $-0.00763965$ & $-0.0180592$ & $-0.00365869$ & $0.0064981$ & $0.00234927$ & $0.0023124$ & $-0.0122547$ & $-0.00623827$ & $-0.0052828$ & $0.00173513$ & $-0.00607494$ & $-0.0308588$ & $0.0026865$ & $0.0074166$ & $0.0106737$ \\
CHe_33 & $-0.0139886$ & $-0.0357547$ & $-0.0189246$ & $-0.0153205$ & $0.00276324$ & $-0.186789$ & $-0.0744941$ & $0.880621$ & $0.863592$ & $-0.383876$ & $-0.969739$ & $-0.18179$ & $0.188474$ & $0.449232$ & $0.322498$ & $0.342438$ & $0.162842$ & $-0.0721572$ & $-0.0669908$ & $0.952011$ & $0.975236$ & $1$ & $0.0421111$ & $-0.368559$ & $-0.035251$ & $-0.555271$ & $0.379083$ & $0.329815$ & $0.0190572$ & $0.0664481$ & $0.0292163$ & $-0.079295$ & $0.0808658$ & $0.457978$ & $-0.0077432$ & $-0.0179235$ & $-0.00311079$ & $0.00661195$ & $0.00413491$ & $0.00268199$ & $-0.00965342$ & $-0.00457263$ & $-0.00484799$ & $-5.4315e-05$ & $-0.00807039$ & $-0.0309451$ & $0.00394663$ & $0.00771161$ & $0.0121546$ \\
CHQ1_11 & $-0.0244245$ & $-0.00763565$ & $-0.0111336$ & $-0.00915765$ & $-0.000608786$ & $-0.00932118$ & $-0.00804125$ & $0.0717962$ & $0.0714435$ & $-0.058942$ & $-0.0143463$ & $-0.0155325$ & $0.0324036$ & $-0.0819726$ & $-0.179591$ & $-0.160977$ & $-0.0780311$ & $0.00684763$ & $-0.00490808$ & $-0.0105631$ & $0.0430739$ & $0.0421111$ & $1$ & $-0.142291$ & $0.077834$ & $-0.677037$ & $0.349786$ & $0.0112577$ & $0.00754013$ & $0.00376318$ & $0.00600988$ & $-0.0108362$ & $0.0100809$ & $0.211368$ & $-0.0113156$ & $-0.00237559$ & $0.00654468$ & $-0.00920922$ & $0.0138144$ & $0.00670736$ & $-0.0016033$ & $0.00456395$ & $0.0086888$ & $-0.0147812$ & $0.00710503$ & $0.00817356$ & $-0.00225386$ & $-0.000915857$ & $0.00600397$ \\
CHQ1_33 & $-0.024581$ & $0.0274144$ & $-0.00294484$ & $0.00447492$ & $6.36491e-05$ & $0.00120543$ & $0.12185$ & $-0.679277$ & $-0.672083$ & $0.563902$ & $0.319633$ & $-0.0858645$ & $-0.404397$ & $0.469288$ & $0.0990503$ & $0.0924493$ & $0.680542$ & $0.624296$ & $0.625092$ & $-0.267527$ & $-0.373416$ & $-0.368559$ & $-0.142291$ & $1$ & $0.642374$ & $0.207633$ & $-0.427187$ & $-0.0268654$ & $-0.024586$ & $-0.121081$ & $-0.056106$ & $0.104319$ & $-0.136566$ & $-0.631039$ & $-0.020659$ & $0.0132424$ & $-0.000103674$ & $0.00737539$ & $0.0053324$ & $-0.00442859$ & $-0.00694088$ & $0.0034647$ & $-0.011578$ & $-5.11272e-05$ & $-0.00872696$ & $-0.00484676$ & $-0.00433484$ & $-0.0100604$ & $0.000657692$ \\
CHQ3_11 & $-0.0772361$ & $0.00846684$ & $-0.0199326$ & $0.00284569$ & $0.00436065$ & $-0.0897223$ & $0.114332$ & $-0.407371$ & $-0.405158$ & $0.476604$ & $0.0310046$ & $-0.206122$ & $-0.386673$ & $0.600215$ & $-0.144229$ & $-0.14423$ & $0.777489$ & $0.798434$ & $0.799654$ & $-0.0264185$ & $-0.0347018$ & $-0.035251$ & $0.077834$ & $0.642374$ & $1$ & $0.0180329$ & $0.203213$ & $-0.0141511$ & $-0.0181503$ & $-0.118429$ & $-0.0577327$ & $0.0895367$ & $-0.129894$ & $-0.197988$ & $-0.0342316$ & $0.0146086$ & $0.0200396$ & $0.00816266$ & $-0.00231909$ & $-0.0050076$ & $-0.00943074$ & $0.00429504$ & $-0.000545669$ & $0.0178944$ & $0.00917997$ & $-0.0170984$ & $0.00834514$ & $-0.00991857$ & $0.0150018$ \\
CHu_11 & $-0.00966335$ & $0.0353063$ & $0.0185646$ & $0.00857818$ & $-4.6212e-05$ & $0.109611$ & $0.0402283$ & $-0.50981$ & $-0.499798$ & $0.22475$ & $0.565913$ & $0.111055$ & $-0.104767$ & $-0.267726$ & $-0.19025$ & $-0.194738$ & $-0.102769$ & $0.0352581$ & $0.0406041$ & $-0.556362$ & $-0.56832$ & $-0.555271$ & $-0.677037$ & $0.207633$ & $0.0180329$ & $1$ & $-0.186467$ & $-0.191783$ & $-0.0129973$ & $-0.0355016$ & $-0.0154729$ & $0.0436128$ & $-0.048744$ & $-0.261844$ & $0.000406022$ & $0.0162421$ & $0.00441621$ & $0.00197662$ & $-0.00734924$ & $-0.00747922$ & $0.00968234$ & $0.00322051$ & $0.00134162$ & $0.0110903$ & $0.00562383$ & $0.000635583$ & $0.00665366$ & $-0.00513352$ & $-0.0100473$ \\
CHd_11 & $-0.0550417$ & $-0.0168317$ & $-0.0191581$ & $-0.00558482$ & $0.0082515$ & $-0.0817533$ & $-0.0465127$ & $0.433046$ & $0.427981$ & $-0.248747$ & $-0.302548$ & $-0.079538$ & $0.145852$ & $-0.0933559$ & $-0.392116$ & $-0.384269$ & $-0.165882$ & $-0.00882651$ & $-0.00506735$ & $0.22739$ & $0.383547$ & $0.379083$ & $0.349786$ & $-0.427187$ & $0.203213$ & $-0.186467$ & $1$ & $0.114644$ & $0.0138929$ & $0.0417593$ & $0.0203234$ & $-0.0490717$ & $0.0501785$ & $0.687059$ & $-0.0151292$ & $-0.00334184$ & $0.0229132$ & $0.00756024$ & $0.00202125$ & $0.00453314$ & $0.00242132$ & $-0.00189226$ & $0.0199719$ & $0.00770992$ & $0.0226372$ & $-0.0225518$ & $0.0145414$ & $0.0018382$ & $0.0186413$ \\
CHd_33 & $0.000324333$ & $-0.0203316$ & $-0.0117868$ & $-0.00360581$ & $0.000762606$ & $-0.0700134$ & $-0.0212787$ & $0.305562$ & $0.300506$ & $-0.130371$ & $-0.337654$ & $-0.0590915$ & $0.0632641$ & $0.162121$ & $0.117049$ & $0.107611$ & $0.0573744$ & $-0.0267933$ & $-0.0218398$ & $0.330133$ & $0.339464$ & $0.329815$ & $0.0112577$ & $-0.0268654$ & $-0.0141511$ & $-0.191783$ & $0.114644$ & $1$ & $0.00794732$ & $0.0319048$ & $0.0211368$ & $-0.018061$ & $0.0442577$ & $0.153251$ & $0.00552295$ & $-0.0123138$ & $-0.00373827$ & $0.00436123$ & $-0.00362337$ & $0.0128901$ & $-0.00604572$ & $-0.00779531$ & $0.00456363$ & $-0.0053195$ & $-0.0119174$ & $-0.00717173$ & $-0.0119407$ & $0.00823805$ & $-0.00414799$ \\
CeH_22r & $-0.00614754$ & $-0.0118762$ & $0.00346896$ & $0.00439229$ & $0.00930384$ & $-0.00539515$ & $-0.00236625$ & $0.0264385$ & $0.0322427$ & $-0.00854027$ & $-0.0181934$ & $0.0490093$ & $0.0552294$ & $-0.00833496$ & $0.00092856$ & $0.000700527$ & $-0.014439$ & $-0.0165413$ & $-0.0160974$ & $0.017191$ & $0.0195278$ & $0.0190572$ & $0.00754013$ & $-0.024586$ & $-0.0181503$ & $-0.0129973$ & $0.0138929$ & $0.00794732$ & $1$ & $0.0534597$ & $0.0224319$ & $-0.0163624$ & $0.0564574$ & $0.0204769$ & $-0.0153753$ & $-0.0340924$ & $-0.014215$ & $-0.000317103$ & $0.00704914$ & $0.00285089$ & $-0.0199811$ & $0.00869366$ & $-0.00114905$ & $-0.00950975$ & $0.0105184$ & $0.00185029$ & $-0.0141314$ & $-0.00317984$ & $0.00739989$ \\
CeH_33r & $0.0111988$ & $-0.00818852$ & $0.00621299$ & $0.00777189$ & $-0.00404746$ & $-0.00406887$ & $-0.119258$ & $0.118665$ & $0.140142$ & $-0.131297$ & $-0.0667805$ & $0.308083$ & $0.284431$ & $-0.0647675$ & $0.0300582$ & $0.033997$ & $-0.109311$ & $-0.118891$ & $-0.121257$ & $0.0663174$ & $0.0687602$ & $0.0664481$ & $0.00376318$ & $-0.121081$ & $-0.118429$ & $-0.0355016$ & $0.0417593$ & $0.0319048$ & $0.0534597$ & $1$ & $0.311133$ & $0.0297606$ & $0.695106$ & $0.0681715$ & $-0.0127434$ & $-0.00255615$ & $-0.117555$ & $-0.0237772$ & $-0.0176368$ & $-0.000960916$ & $-0.0379236$ & $-0.00359152$ & $0.000102982$ & $0.00571717$ & $0.0411735$ & $-0.0208001$ & $-0.0143202$ & $0.0166286$ & $-0.00587302$ \\
CuH_22r & $-0.021712$ & $0.0402046$ & $-0.0151802$ & $-0.0392684$ & $-0.00144605$ & $0.000143032$ & $-0.0628215$ & $0.0547845$ & $0.0635201$ & $-0.0708551$ & $-0.0288744$ & $0.0903925$ & $0.121349$ & $-0.0351141$ & $0.0123193$ & $0.0167139$ & $-0.0548758$ & $-0.0579755$ & $-0.0618745$ & $0.029903$ & $0.0309385$ & $0.0292163$ & $0.00600988$ & $-0.056106$ & $-0.0577327$ & $-0.0154729$ & $0.0203234$ & $0.0211368$ & $0.0224319$ & $0.311133$ & $1$ & $0.0260378$ & $0.382377$ & $0.0346449$ & $-0.0189535$ & $0.0452284$ & $-0.010066$ & $-0.00349661$ & $0.0685062$ & $-0.00157671$ & $0.0202642$ & $-0.00230325$ & $-0.053547$ & $0.023974$ & $0.0286207$ & $0.0449125$ & $0.229872$ & $-0.0130846$ & $0.0338567$ \\
CuH_33r & $-0.0281441$ & $0.0073277$ & $-0.0303581$ & $0.00975542$ & $0.00209742$ & $0.0134402$ & $0.938063$ & $-0.114282$ & $-0.0690557$ & $0.0929653$ & $0.0769633$ & $-0.0637588$ & $-0.246402$ & $0.0385384$ & $-0.0308457$ & $-0.0240605$ & $0.0756109$ & $0.092235$ & $0.0864772$ & $-0.0751074$ & $-0.0800404$ & $-0.079295$ & $-0.0108362$ & $0.104319$ & $0.0895367$ & $0.0436128$ & $-0.0490717$ & $-0.018061$ & $-0.0163624$ & $0.0297606$ & $0.0260378$ & $1$ & $0.0132236$ & $-0.0666326$ & $-0.000335339$ & $0.0401975$ & $-0.0325126$ & $0.0122078$ & $-0.0168944$ & $0.00565609$ & $-0.00738993$ & $0.00696766$ & $-0.0130387$ & $0.00569339$ & $0.0150659$ & $-0.0071806$ & $0.0133164$ & $-0.00631891$ & $-0.0252854$ \\
CdH_33r & $0.011472$ & $0.0087517$ & $-0.0726951$ & $-0.0372589$ & $-0.0106017$ & $0.00472453$ & $-0.175542$ & $0.137268$ & $0.15941$ & $-0.153468$ & $-0.08062$ & $0.377981$ & $0.367112$ & $-0.0704344$ & $0.0347173$ & $0.0452481$ & $-0.122164$ & $-0.132101$ & $-0.138866$ & $0.0804133$ & $0.0828707$ & $0.0808658$ & $0.0100809$ & $-0.136566$ & $-0.129894$ & $-0.048744$ & $0.0501785$ & $0.0442577$ & $0.0564574$ & $0.695106$ & $0.382377$ & $0.0132236$ & $1$ & $0.0793198$ & $0.0413662$ & $-0.0463903$ & $-0.110289$ & $-0.0260886$ & $-0.109081$ & $0.00763764$ & $-0.0578901$ & $0.00328167$ & $0.0172298$ & $-0.0423943$ & $0.0555359$ & $-0.0133748$ & $0.000592735$ & $0.10586$ & $0.29974$ \\
CLL_1221 & $-0.0386104$ & $-0.00884846$ & $-0.0106696$ & $-0.0203716$ & $0.00105538$ & $-0.125871$ & $-0.069314$ & $0.567578$ & $0.559708$ & $-0.356483$ & $-0.374439$ & $-0.0564082$ & $0.228663$ & $-0.212702$ & $-0.588978$ & $-0.098226$ & $-0.253606$ & $0.0307745$ & $-0.339956$ & $0.296015$ & $0.45973$ & $0.457978$ & $0.211368$ & $-0.631039$ & $-0.197988$ & $-0.261844$ & $0.687059$ & $0.153251$ & $0.0204769$ & $0.0681715$ & $0.0346449$ & $-0.0666326$ & $0.0793198$ & $1$ & $0.00220575$ & $-0.000170442$ & $0.0114401$ & $0.00286372$ & $0.00868842$ & $-0.00119315$ & $-0.003391$ & $-0.00582493$ & $0.00590425$ & $-0.00362917$ & $0.0171197$ & $-0.0224465$ & $0.0291675$ & $-0.00199341$ & $0.0254924$ \\
eHggint & $0.167024$ & $0.0763309$ & $0.0319521$ & $0.0533903$ & $-0.00661017$ & $-0.00138074$ & $-0.0632931$ & $-0.0014674$ & $-0.0143549$ & $0.0269569$ & $0.00848986$ & $0.0804959$ & $0.0400414$ & $-0.0192972$ & $-0.000902028$ & $-0.00864853$ & $-0.0157562$ & $-0.016172$ & $-0.00942039$ & $-0.00810703$ & $-0.00763965$ & $-0.0077432$ & $-0.0113156$ & $-0.020659$ & $-0.0342316$ & $0.000406022$ & $-0.0151292$ & $0.00552295$ & $-0.0153753$ & $-0.0127434$ & $-0.0189535$ & $-0.000335339$ & $0.0413662$ & $0.00220575$ & $1$ & $-0.0744054$ & $-0.155149$ & $-0.0309712$ & $-0.211941$ & $0.0113573$ & $-0.0594041$ & $-0.0391735$ & $0.0539383$ & $-0.00347849$ & $-0.0641698$ & $0.0334935$ & $-0.0950034$ & $0.12485$ & $0.080129$ \\
eHggpar & $-0.100806$ & $0.239344$ & $0.14004$ & $0.162998$ & $0.00756248$ & $-0.0112456$ & $0.00429351$ & $-0.0240004$ & $-0.0407351$ & $0.0285749$ & $0.0225756$ & $0.0433467$ & $0.00105989$ & $-0.0111419$ & $-0.00816567$ & $0.00560117$ & $0.00507234$ & $0.0072463$ & $-0.00438979$ & $-0.0160774$ & $-0.0180592$ & $-0.0179235$ & $-0.00237559$ & $0.0132424$ & $0.0146086$ & $0.0162421$ & $-0.00334184$ & $-0.0123138$ & $-0.0340924$ & $-0.00255615$ & $0.0452284$ & $0.0401975$ & $-0.0463903$ & $-0.000170442$ & $-0.0744054$ & $1$ & $-0.101756$ & $-0.0193407$ & $0.0560682$ & $-0.0143179$ & $0.111057$ & $-0.00215206$ & $-0.27298$ & $0.198917$ & $0.0658894$ & $-0.236224$ & $0.214266$ & $0.0127511$ & $-0.133991$ \\
eHWWint & $-0.187046$ & $-0.113116$ & $-0.0816091$ & $-0.0839736$ & $-0.0140431$ & $-0.000507511$ & $0.00674895$ & $0.00231367$ & $0.00310717$ & $-0.0236022$ & $0.00379728$ & $-0.0381738$ & $-0.0243418$ & $-0.00929811$ & $-0.0162042$ & $-0.00788863$ & $-0.00721402$ & $0.00268301$ & $-0.00415762$ & $-0.00625652$ & $-0.00365869$ & $-0.00311079$ & $0.00654468$ & $-0.000103674$ & $0.0200396$ & $0.00441621$ & $0.0229132$ & $-0.00373827$ & $-0.014215$ & $-0.117555$ & $-0.010066$ & $-0.0325126$ & $-0.110289$ & $0.0114401$ & $-0.155149$ & $-0.101756$ & $1$ & $-0.013651$ & $0.0411255$ & $-0.0388056$ & $0.216507$ & $-0.0181723$ & $0.138751$ & $0.0253549$ & $0.0300271$ & $0.166573$ & $0.135162$ & $-0.16261$ & $0.140907$ \\
eHWWpar & $-0.0230132$ & $0.0259681$ & $-0.0123419$ & $0.011609$ & $-0.00283522$ & $-0.000950588$ & $0.018764$ & $0.00311361$ & $0.00327064$ & $-0.00396792$ & $-0.0057873$ & $-0.00979824$ & $-0.00114974$ & $0.0102514$ & $-0.000715377$ & $0.0012256$ & $0.00245592$ & $0.00478208$ & $0.00337804$ & $0.00527434$ & $0.0064981$ & $0.00661195$ & $-0.00920922$ & $0.00737539$ & $0.00816266$ & $0.00197662$ & $0.00756024$ & $0.00436123$ & $-0.000317103$ & $-0.0237772$ & $-0.00349661$ & $0.0122078$ & $-0.0260886$ & $0.00286372$ & $-0.0309712$ & $-0.0193407$ & $-0.013651$ & $1$ & $0.00129798$ & $0.000463051$ & $0.0231906$ & $0.00534174$ & $0.00147169$ & $0.014162$ & $-0.0197801$ & $-0.00235917$ & $0.00669755$ & $0.0449491$ & $-0.0307861$ \\
eHZZint & $-0.10626$ & $0.0218871$ & $0.147055$ & $0.0881179$ & $0.00889904$ & $0.000220264$ & $-0.0150924$ & $0.00433235$ & $-0.00899128$ & $-0.00953543$ & $-0.000206669$ & $-0.0104172$ & $0.0101342$ & $0.00334969$ & $-0.00721556$ & $0.0122471$ & $-0.0104819$ & $0.000720443$ & $-0.0123363$ & $0.00116472$ & $0.00234927$ & $0.00413491$ & $0.0138144$ & $0.0053324$ & $-0.00231909$ & $-0.00734924$ & $0.00202125$ & $-0.00362337$ & $0.00704914$ & $-0.0176368$ & $0.0685062$ & $-0.0168944$ & $-0.109081$ & $0.00868842$ & $-0.211941$ & $0.0560682$ & $0.0411255$ & $0.00129798$ & $1$ & $0.0129867$ & $0.310973$ & $-0.00174001$ & $-0.280011$ & $-0.167675$ & $-0.209997$ & $0.0880092$ & $0.302328$ & $-0.0150661$ & $-0.305659$ \\
eHZZpar & $0.00316196$ & $-0.0181412$ & $0.0119174$ & $0.00179447$ & $-0.00903906$ & $0.000370333$ & $0.00182214$ & $0.00552901$ & $0.00675673$ & $-0.0143212$ & $-0.00213187$ & $-0.00759786$ & $-0.00722531$ & $-0.00691361$ & $0.0070167$ & $-0.00624637$ & $-0.00443357$ & $-0.0115047$ & $-9.78007e-05$ & $0.00154052$ & $0.0023124$ & $0.00268199$ & $0.00670736$ & $-0.00442859$ & $-0.0050076$ & $-0.00747922$ & $0.00453314$ & $0.0128901$ & $0.00285089$ & $-0.000960916$ & $-0.00157671$ & $0.00565609$ & $0.00763764$ & $-0.00119315$ & $0.0113573$ & $-0.0143179$ & $-0.0388056$ & $0.000463051$ & $0.0129867$ & $1$ & $0.0273043$ & $0.00449866$ & $0.0270542$ & $-0.0152663$ & $-0.059271$ & $-0.0113139$ & $-0.00295931$ & $0.0439021$ & $-0.0011691$ \\
eHZgaint & $-0.0562575$ & $0.00361588$ & $0.0192391$ & $0.0584435$ & $-0.00137863$ & $0.0166576$ & $-0.00835191$ & $-0.00174739$ & $0.00593357$ & $-0.0264304$ & $0.0125379$ & $-0.0211233$ & $-0.00920348$ & $-0.0171354$ & $0.00098834$ & $0.00229207$ & $-0.0232003$ & $-0.0192117$ & $-0.0184312$ & $-0.0121398$ & $-0.0122547$ & $-0.00965342$ & $-0.0016033$ & $-0.00694088$ & $-0.00943074$ & $0.00968234$ & $0.00242132$ & $-0.00604572$ & $-0.0199811$ & $-0.0379236$ & $0.0202642$ & $-0.00738993$ & $-0.0578901$ & $-0.003391$ & $-0.0594041$ & $0.111057$ & $0.216507$ & $0.0231906$ & $0.310973$ & $0.0273043$ & $1$ & $-0.0136013$ & $0.209813$ & $-0.0438958$ & $-0.0515039$ & $0.131999$ & $0.0866788$ & $-0.0400361$ & $-0.0470577$ \\
eHZgapar & $0.0327468$ & $0.0225399$ & $-0.024264$ & $-0.0140813$ & $0.00254849$ & $0.000776269$ & $0.00947848$ & $-0.00802845$ & $-0.00752162$ & $0.0149091$ & $0.00539415$ & $0.00999077$ & $-0.00355543$ & $0.0011799$ & $0.00143814$ & $5.70672e-05$ & $0.0051519$ & $0.00379675$ & $0.00553884$ & $-0.00448231$ & $-0.00623827$ & $-0.00457263$ & $0.00456395$ & $0.0034647$ & $0.00429504$ & $0.00322051$ & $-0.00189226$ & $-0.00779531$ & $0.00869366$ & $-0.00359152$ & $-0.00230325$ & $0.00696766$ & $0.00328167$ & $-0.00582493$ & $-0.0391735$ & $-0.00215206$ & $-0.0181723$ & $0.00534174$ & $-0.00174001$ & $0.00449866$ & $-0.0136013$ & $1$ & $-0.0271755$ & $-0.00364505$ & $-0.0367071$ & $-0.0104428$ & $-0.00624839$ & $0.00251159$ & $0.00329477$ \\
eHgagaint & $-0.0217891$ & $-0.0676317$ & $-0.171055$ & $-0.013454$ & $0.00592766$ & $0.005183$ & $0.00119958$ & $0.00356395$ & $0.0526471$ & $-0.0154711$ & $0.00511808$ & $-0.0215622$ & $-0.00958224$ & $-0.0146364$ & $-0.0075311$ & $-0.0222022$ & $-0.0150897$ & $-0.0116443$ & $-0.00111487$ & $-0.00842491$ & $-0.0052828$ & $-0.00484799$ & $0.0086888$ & $-0.011578$ & $-0.000545669$ & $0.00134162$ & $0.0199719$ & $0.00456363$ & $-0.00114905$ & $0.000102982$ & $-0.053547$ & $-0.0130387$ & $0.0172298$ & $0.00590425$ & $0.0539383$ & $-0.27298$ & $0.138751$ & $0.00147169$ & $-0.280011$ & $0.0270542$ & $0.209813$ & $-0.0271755$ & $1$ & $-0.0464476$ & $0.101677$ & $0.0584389$ & $-0.227317$ & $0.196014$ & $0.0143088$ \\
eHmumuint & $-0.00913244$ & $-0.103095$ & $0.0731821$ & $0.195929$ & $0.00989073$ & $0.0113209$ & $-0.00139516$ & $0.00041251$ & $-0.00144103$ & $0.0039179$ & $-0.00332351$ & $0.00346275$ & $0.00120699$ & $0.00459439$ & $0.000591528$ & $-0.00195863$ & $0.00925974$ & $0.00768171$ & $0.00785973$ & $0.00288018$ & $0.00173513$ & $-5.4315e-05$ & $-0.0147812$ & $-5.11272e-05$ & $0.0178944$ & $0.0110903$ & $0.00770992$ & $-0.0053195$ & $-0.00950975$ & $0.00571717$ & $0.023974$ & $0.00569339$ & $-0.0423943$ & $-0.00362917$ & $-0.00347849$ & $0.198917$ & $0.0253549$ & $0.014162$ & $-0.167675$ & $-0.0152663$ & $-0.0438958$ & $-0.00364505$ & $-0.0464476$ & $1$ & $0.141594$ & $-0.146816$ & $0.137413$ & $-0.0166381$ & $-0.110607$ \\
eHtautauint & $-0.182054$ & $-0.128159$ & $0.206229$ & $0.00472661$ & $0.0194812$ & $0.0146906$ & $0.0200119$ & $0.00516709$ & $0.012781$ & $-0.0155561$ & $0.00811154$ & $-0.0130565$ & $-0.0078322$ & $-0.0179679$ & $-0.02245$ & $-0.00985702$ & $-0.0199435$ & $-0.00244017$ & $-0.0148727$ & $-0.0077818$ & $-0.00607494$ & $-0.00807039$ & $0.00710503$ & $-0.00872696$ & $0.00917997$ & $0.00562383$ & $0.0226372$ & $-0.0119174$ & $0.0105184$ & $0.0411735$ & $0.0286207$ & $0.0150659$ & $0.0555359$ & $0.0171197$ & $-0.0641698$ & $0.0658894$ & $0.0300271$ & $-0.0197801$ & $-0.209997$ & $-0.059271$ & $-0.0515039$ & $-0.0367071$ & $0.101677$ & $0.141594$ & $1$ & $0.0750839$ & $0.0835756$ & $0.0384167$ & $0.181996$ \\
eHccint & $0.0631573$ & $-0.0758678$ & $-0.0702189$ & $0.0104803$ & $-0.00110761$ & $0.0135844$ & $0.00293095$ & $-0.0199198$ & $-0.0184057$ & $-0.00767662$ & $0.027833$ & $0.000898789$ & $0.0145121$ & $-0.0226613$ & $0.00278172$ & $-0.00846244$ & $-0.0157999$ & $-0.0158634$ & $-0.00663763$ & $-0.0282253$ & $-0.0308588$ & $-0.0309451$ & $0.00817356$ & $-0.00484676$ & $-0.0170984$ & $0.000635583$ & $-0.0225518$ & $-0.00717173$ & $0.00185029$ & $-0.0208001$ & $0.0449125$ & $-0.0071806$ & $-0.0133748$ & $-0.0224465$ & $0.0334935$ & $-0.236224$ & $0.166573$ & $-0.00235917$ & $0.0880092$ & $-0.0113139$ & $0.131999$ & $-0.0104428$ & $0.0584389$ & $-0.146816$ & $0.0750839$ & $1$ & $0.0415246$ & $-0.1776$ & $0.0942296$ \\
eHccpar & $-0.159031$ & $0.147713$ & $-0.0172271$ & $-0.177032$ & $0.00135067$ & $0.00133842$ & $0.0126967$ & $0.00116091$ & $-0.00947962$ & $-0.0102798$ & $0.00234349$ & $-0.0115176$ & $-0.00416986$ & $-0.00405756$ & $-0.0263226$ & $0.00554188$ & $-0.00723101$ & $0.0109406$ & $-0.0129696$ & $-0.000654558$ & $0.0026865$ & $0.00394663$ & $-0.00225386$ & $-0.00433484$ & $0.00834514$ & $0.00665366$ & $0.0145414$ & $-0.0119407$ & $-0.0141314$ & $-0.0143202$ & $0.229872$ & $0.0133164$ & $0.000592735$ & $0.0291675$ & $-0.0950034$ & $0.214266$ & $0.135162$ & $0.00669755$ & $0.302328$ & $-0.00295931$ & $0.0866788$ & $-0.00624839$ & $-0.227317$ & $0.137413$ & $0.0835756$ & $0.0415246$ & $1$ & $-0.065567$ & $0.103172$ \\
eHbbint & $0.0657951$ & $-0.0254688$ & $0.0513968$ & $0.0276917$ & $0.00634913$ & $0.0122686$ & $-0.0214851$ & $0.0099963$ & $0.0176859$ & $-0.00747395$ & $-0.00752147$ & $-0.00588026$ & $-0.0130661$ & $0.00037448$ & $0.00894441$ & $-0.00211965$ & $-0.00673206$ & $-0.0109446$ & $-0.00295725$ & $0.0062858$ & $0.0074166$ & $0.00771161$ & $-0.000915857$ & $-0.0100604$ & $-0.00991857$ & $-0.00513352$ & $0.0018382$ & $0.00823805$ & $-0.00317984$ & $0.0166286$ & $-0.0130846$ & $-0.00631891$ & $0.10586$ & $-0.00199341$ & $0.12485$ & $0.0127511$ & $-0.16261$ & $0.0449491$ & $-0.0150661$ & $0.0439021$ & $-0.0400361$ & $0.00251159$ & $0.196014$ & $-0.0166381$ & $0.0384167$ & $-0.1776$ & $-0.065567$ & $1$ & $-0.101108$ \\
eHbbpar & $-0.0501771$ & $0.0392231$ & $-0.233244$ & $-0.139756$ & $-0.014287$ & $0.00618493$ & $-0.0184146$ & $0.00492629$ & $0.00522539$ & $0.00641341$ & $-0.00868546$ & $0.00501664$ & $0.0124859$ & $0.00880264$ & $-0.0250077$ & $0.00199327$ & $0.00497204$ & $0.021301$ & $0.00331829$ & $0.0071119$ & $0.0106737$ & $0.0121546$ & $0.00600397$ & $0.000657692$ & $0.0150018$ & $-0.0100473$ & $0.0186413$ & $-0.00414799$ & $0.00739989$ & $-0.00587302$ & $0.0338567$ & $-0.0252854$ & $0.29974$ & $0.0254924$ & $0.080129$ & $-0.133991$ & $0.140907$ & $-0.0307861$ & $-0.305659$ & $-0.0011691$ & $-0.0470577$ & $0.00329477$ & $0.0143088$ & $-0.110607$ & $0.181996$ & $0.0942296$ & $0.103172$ & $-0.101108$ & $1$ \\
