 & AlsMz & dAle5Mz & mtop & mHl & Mz & CW & CHG & CHWB & CHWHB_gaga & CHWHB_gagaorth & CHD & CHbox & CH & CHL1_11 & CHL1_22 & CHL1_33 & CHL3_11 & CHL3_22 & CHL3_33 & CHe_11 & CHe_22 & CHe_33 & CHQ1_11 & CHQ1_33 & CHQ3_11 & CHu_11 & CHd_11 & CHd_33 & CeH_22r & CeH_33r & CuH_22r & CuH_33r & CdH_33r & CLL_1221 & eHggint & eHggpar & eHWWint & eHWWpar & eHZZint & eHZZpar & eHZgaint & eHZgapar & eHgagaint & eHmumuint & eHtautauint & eHccint & eHccpar & eHbbint & eHbbpar \\
AlsMz & $1$ & $0.210716$ & $-0.383704$ & $-0.0538111$ & $-0.05056$ & $-0.00557022$ & $0.0394873$ & $-0.0610521$ & $-0.0581364$ & $-0.00287108$ & $0.0653391$ & $0.0415326$ & $0.0804233$ & $-0.0416618$ & $-0.0258583$ & $-0.0439715$ & $-0.00270889$ & $0.0223577$ & $0.040375$ & $-0.0513818$ & $-0.0581336$ & $-0.0495049$ & $0.0502303$ & $-0.00804557$ & $-0.0109828$ & $-0.0705497$ & $-0.0086452$ & $0.00257492$ & $0.0172312$ & $0.0113732$ & $-0.092922$ & $0.0401436$ & $0.0296507$ & $-0.00294894$ & $0.0981185$ & $0.0633533$ & $0.0630714$ & $-0.0624858$ & $-0.116109$ & $-0.0201336$ & $0.13597$ & $0.252848$ & $-0.0120399$ & $-0.463859$ & $0.130114$ & $-0.0429168$ & $-0.274975$ & $-0.0500237$ & $0.100945$ \\
dAle5Mz & $0.210716$ & $1$ & $-0.116224$ & $-0.0167829$ & $-0.0228748$ & $0.0480095$ & $0.0655931$ & $-0.124226$ & $-0.113485$ & $0.000641647$ & $0.144727$ & $0.0613193$ & $0.0251301$ & $-0.0601866$ & $0.0728058$ & $0.0190317$ & $-0.0299775$ & $-0.0940993$ & $-0.0608816$ & $-0.0974284$ & $-0.0811799$ & $-0.0794206$ & $-0.00671879$ & $-0.0111153$ & $-0.0881786$ & $0.00921004$ & $-0.160608$ & $-0.00125682$ & $0.0328805$ & $0.0549753$ & $-0.0400591$ & $0.0731638$ & $0.0223423$ & $-0.0856863$ & $0.039481$ & $0.0281039$ & $-0.299582$ & $0.0515737$ & $-0.442422$ & $-0.167538$ & $0.420024$ & $-0.0336993$ & $0.0841768$ & $-0.479243$ & $0.114579$ & $0.134637$ & $-0.340844$ & $-0.199188$ & $-0.106759$ \\
mtop & $-0.383704$ & $-0.116224$ & $1$ & $0.0715098$ & $0.0265905$ & $0.0541786$ & $-0.120008$ & $0.0618843$ & $0.0597227$ & $-0.0376504$ & $-0.0405268$ & $0.0878494$ & $0.123776$ & $-0.00522035$ & $0.017651$ & $0.0569948$ & $-0.0656097$ & $-0.0488264$ & $-0.0763302$ & $0.047004$ & $0.0321914$ & $0.018746$ & $0.0471611$ & $-0.0544092$ & $-0.0696274$ & $-0.0566912$ & $-0.0540695$ & $-0.0397248$ & $-0.00297379$ & $0.0402336$ & $0.0726272$ & $-0.110623$ & $0.0823946$ & $0.0102216$ & $0.0190951$ & $-0.196354$ & $0.151849$ & $-0.0247414$ & $0.00553104$ & $0.0492257$ & $-0.020078$ & $0.00614728$ & $0.00651844$ & $0.297889$ & $-0.319094$ & $-0.015561$ & $-0.0572465$ & $0.0128842$ & $0.0948688$ \\
mHl & $-0.0538111$ & $-0.0167829$ & $0.0715098$ & $1$ & $-0.0311734$ & $-0.0906295$ & $-0.00750003$ & $0.0756616$ & $0.0721794$ & $0.0322912$ & $-0.094621$ & $-0.020767$ & $-0.00975079$ & $0.0203136$ & $-0.0309368$ & $0.0394556$ & $0.0078174$ & $0.0305056$ & $-0.030418$ & $0.0867023$ & $0.0861611$ & $0.0950207$ & $0.0716171$ & $-0.057422$ & $-0.0167316$ & $-0.129506$ & $0.0237131$ & $-0.0103652$ & $-0.0364666$ & $-0.031862$ & $0.0371076$ & $-0.00570441$ & $-0.00953153$ & $0.0866745$ & $-0.248061$ & $0.108945$ & $0.155809$ & $-0.113813$ & $0.000459894$ & $0.127461$ & $-0.022181$ & $-0.189588$ & $-0.104767$ & $-0.0395981$ & $-0.2286$ & $-0.0875061$ & $0.180347$ & $-0.205767$ & $0.0644529$ \\
Mz & $-0.05056$ & $-0.0228748$ & $0.0265905$ & $-0.0311734$ & $1$ & $0.0132505$ & $0.00101094$ & $0.0448737$ & $0.046211$ & $-0.0279538$ & $0.00812747$ & $0.0398808$ & $0.0453578$ & $-0.00422842$ & $0.0415214$ & $0.0139276$ & $-0.0439382$ & $-0.0600015$ & $-0.0278233$ & $0.0565925$ & $0.0189621$ & $0.0138103$ & $0.0339241$ & $-0.0242131$ & $-0.046041$ & $-0.0349101$ & $-0.00501312$ & $-0.0297917$ & $-0.00119775$ & $0.0247972$ & $0.023596$ & $0.016202$ & $0.0549862$ & $-0.0201121$ & $0.0234312$ & $0.0530696$ & $0.0251463$ & $-0.0975952$ & $0.0244214$ & $0.0695428$ & $-0.0423007$ & $-0.0798763$ & $0.0193695$ & $0.0464071$ & $-0.0623236$ & $-0.0613101$ & $-0.0526869$ & $0.00981946$ & $0.0322943$ \\
CW & $-0.00557022$ & $0.0480095$ & $0.0541786$ & $-0.0906295$ & $0.0132505$ & $1$ & $-0.0160702$ & $-0.0986118$ & $-0.0949006$ & $0.0239838$ & $0.100681$ & $0.0041902$ & $0.0127849$ & $0.216918$ & $0.0220891$ & $-0.0278162$ & $-0.129071$ & $0.0144765$ & $0.0289671$ & $-0.103837$ & $-0.0700556$ & $-0.0402117$ & $-0.00880638$ & $0.0420563$ & $0.0220997$ & $0.0488703$ & $-0.0632268$ & $-0.00415289$ & $0.00407594$ & $0.010937$ & $0.00262053$ & $-0.0210816$ & $0.00110894$ & $-0.155844$ & $-0.00742868$ & $-0.0368637$ & $-0.0497344$ & $-0.0367989$ & $0.003937$ & $-0.00879325$ & $0.0709484$ & $-0.000283936$ & $0.10285$ & $0.0125789$ & $-0.000836121$ & $0.0335081$ & $-0.0217599$ & $-0.0585006$ & $-0.00443381$ \\
CHG & $0.0394873$ & $0.0655931$ & $-0.120008$ & $-0.00750003$ & $0.00101094$ & $-0.0160702$ & $1$ & $-0.0302934$ & $0.00278794$ & $0.0622917$ & $-0.00287785$ & $-0.396572$ & $-0.5532$ & $0.0824792$ & $0.0345864$ & $0.0583153$ & $0.0596934$ & $0.0102233$ & $0.0133454$ & $-0.00501171$ & $0.00339315$ & $-0.0385995$ & $-0.0283751$ & $0.0383687$ & $0.0277233$ & $0.0290996$ & $-0.0501454$ & $-0.00618801$ & $-0.0319903$ & $-0.296814$ & $-0.213736$ & $0.928279$ & $-0.322729$ & $-0.055686$ & $-0.00894213$ & $-0.010985$ & $0.0158001$ & $-0.0397402$ & $-0.0243098$ & $0.000196212$ & $0.0767056$ & $-0.0262687$ & $0.0932332$ & $-0.119317$ & $0.118255$ & $-0.178566$ & $-0.142356$ & $-0.0902523$ & $0.135869$ \\
CHWB & $-0.0610521$ & $-0.124226$ & $0.0618843$ & $0.0756616$ & $0.0448737$ & $-0.0986118$ & $-0.0302934$ & $1$ & $0.992222$ & $-0.472365$ & $-0.881698$ & $-0.0577462$ & $0.0788065$ & $-0.206493$ & $0.0898678$ & $0.0665177$ & $-0.579169$ & $-0.528571$ & $-0.509193$ & $0.849567$ & $0.602148$ & $0.574672$ & $0.0195934$ & $-0.588733$ & $-0.609119$ & $-0.234803$ & $0.283918$ & $0.128476$ & $0.0400198$ & $0.0734342$ & $0.0444435$ & $-0.0163305$ & $0.0399252$ & $0.619067$ & $0.00635008$ & $-0.0459$ & $0.0710946$ & $-0.010503$ & $0.0766645$ & $0.0194236$ & $-0.0780589$ & $-0.0305227$ & $-0.0163076$ & $0.0628956$ & $-0.00986345$ & $-0.114245$ & $0.0726834$ & $-0.0212678$ & $0.00210659$ \\
CHWHB_gaga & $-0.0581364$ & $-0.113485$ & $0.0597227$ & $0.0721794$ & $0.046211$ & $-0.0949006$ & $0.00278794$ & $0.992222$ & $1$ & $-0.472762$ & $-0.873294$ & $-0.0481913$ & $0.0717352$ & $-0.21043$ & $0.0901289$ & $0.06628$ & $-0.581746$ & $-0.53024$ & $-0.508851$ & $0.846739$ & $0.596202$ & $0.569675$ & $0.0218329$ & $-0.587461$ & $-0.609154$ & $-0.235091$ & $0.281592$ & $0.124016$ & $0.0452556$ & $0.0900448$ & $0.051659$ & $0.0131601$ & $0.0591442$ & $0.609799$ & $0.0126932$ & $-0.0478212$ & $0.0668802$ & $-0.0165832$ & $0.0683398$ & $0.0127511$ & $-0.0634901$ & $-0.0311601$ & $0.012708$ & $0.0527962$ & $-0.0131294$ & $-0.114965$ & $0.0646045$ & $-0.0249098$ & $0.00187957$ \\
CHWHB_gagaorth & $-0.00287108$ & $0.000641647$ & $-0.0376504$ & $0.0322912$ & $-0.0279538$ & $0.0239838$ & $0.0622917$ & $-0.472365$ & $-0.472762$ & $1$ & $0.12551$ & $0.116361$ & $-0.200692$ & $0.678541$ & $0.0498492$ & $0.0944779$ & $0.768542$ & $0.567155$ & $0.532514$ & $-0.209048$ & $-0.103127$ & $-0.120173$ & $-0.0311677$ & $0.510277$ & $0.648732$ & $0.0731808$ & $-0.215008$ & $-0.0416632$ & $-0.063301$ & $-0.176946$ & $-0.0703372$ & $0.0553842$ & $-0.135595$ & $-0.327728$ & $-0.0451483$ & $0.0208115$ & $-0.00915508$ & $-0.0472787$ & $-0.0251367$ & $0.00401705$ & $-0.0156839$ & $-0.0330596$ & $0.006381$ & $0.0052014$ & $-0.049925$ & $0.0311481$ & $-0.0101935$ & $0.034261$ & $0.0407529$ \\
CHD & $0.0653391$ & $0.144727$ & $-0.0405268$ & $-0.094621$ & $0.00812747$ & $0.100681$ & $-0.00287785$ & $-0.881698$ & $-0.873294$ & $0.12551$ & $1$ & $0.0909803$ & $0.0342045$ & $-0.163988$ & $-0.152917$ & $-0.1365$ & $0.220084$ & $0.280809$ & $0.268219$ & $-0.879803$ & $-0.648301$ & $-0.611065$ & $-0.00348088$ & $0.372377$ & $0.322223$ & $0.22702$ & $-0.202464$ & $-0.133914$ & $-0.013056$ & $0.00438822$ & $-0.0235944$ & $-0.00683485$ & $0.0161139$ & $-0.475893$ & $0.0064226$ & $0.0360832$ & $-0.079819$ & $0.0345717$ & $-0.07804$ & $-0.0220984$ & $0.0937036$ & $0.0463123$ & $0.0101528$ & $-0.0638572$ & $0.0321668$ & $0.114221$ & $-0.0767191$ & $0.00782006$ & $-0.0220444$ \\
CHbox & $0.0415326$ & $0.0613193$ & $0.0878494$ & $-0.020767$ & $0.0398808$ & $0.0041902$ & $-0.396572$ & $-0.0577462$ & $-0.0481913$ & $0.116361$ & $0.0909803$ & $1$ & $0.670202$ & $-0.203697$ & $-0.0146984$ & $-0.0283271$ & $-0.125113$ & $-0.0523653$ & $-0.0658839$ & $0.0947815$ & $-0.0231529$ & $0.0244542$ & $0.0828187$ & $-0.0531977$ & $-0.0622788$ & $-0.075132$ & $0.0201686$ & $-0.0280071$ & $0.0891995$ & $0.442777$ & $0.20939$ & $-0.259197$ & $0.455828$ & $-0.108297$ & $0.0632687$ & $0.0764028$ & $-0.0737945$ & $0.0356322$ & $0.0142067$ & $-0.0799945$ & $-0.00378291$ & $0.0949181$ & $-0.0738846$ & $0.0377795$ & $-0.0799236$ & $0.2423$ & $0.123955$ & $0.0679614$ & $-0.148545$ \\
CH & $0.0804233$ & $0.0251301$ & $0.123776$ & $-0.00975079$ & $0.0453578$ & $0.0127849$ & $-0.5532$ & $0.0788065$ & $0.0717352$ & $-0.200692$ & $0.0342045$ & $0.670202$ & $1$ & $-0.24199$ & $-0.0406676$ & $-0.0739749$ & $-0.214659$ & $-0.133416$ & $-0.133411$ & $0.00996904$ & $-0.0233737$ & $0.0355836$ & $0.0891317$ & $-0.142599$ & $-0.167921$ & $-0.0830234$ & $0.0556555$ & $-0.00295004$ & $0.134747$ & $0.437695$ & $0.256798$ & $-0.464994$ & $0.45422$ & $0.0829007$ & $0.0496216$ & $0.105421$ & $-0.0522203$ & $0.0707555$ & $0.0262824$ & $-0.0826229$ & $-0.0211184$ & $0.156479$ & $-0.123574$ & $0.0502729$ & $-0.11805$ & $0.323638$ & $0.210682$ & $0.117464$ & $-0.200165$ \\
CHL1_11 & $-0.0416618$ & $-0.0601866$ & $-0.00522035$ & $0.0203136$ & $-0.00422842$ & $0.216918$ & $0.0824792$ & $-0.206493$ & $-0.21043$ & $0.678541$ & $-0.163988$ & $-0.203697$ & $-0.24199$ & $1$ & $0.117289$ & $0.118674$ & $0.596471$ & $0.487161$ & $0.483594$ & $-0.0516822$ & $0.0688799$ & $0.040486$ & $-0.0446506$ & $0.43509$ & $0.556784$ & $0.0380378$ & $-0.19452$ & $0.00103639$ & $-0.0619227$ & $-0.156138$ & $-0.0447393$ & $0.0474312$ & $-0.113863$ & $-0.222681$ & $-0.0487841$ & $0.00374472$ & $0.014941$ & $-0.0693491$ & $0.00482517$ & $0.0286792$ & $-0.0283361$ & $-0.0561148$ & $0.0330697$ & $0.0279119$ & $-0.0474098$ & $-0.0234445$ & $-0.000576086$ & $0.0221854$ & $0.0512989$ \\
CHL1_22 & $-0.0258583$ & $0.0728058$ & $0.017651$ & $-0.0309368$ & $0.0415214$ & $0.0220891$ & $0.0345864$ & $0.0898678$ & $0.0901289$ & $0.0498492$ & $-0.152917$ & $-0.0146984$ & $-0.0406676$ & $0.117289$ & $1$ & $0.205065$ & $0.0212542$ & $-0.489036$ & $-0.0871407$ & $0.151675$ & $-0.0252269$ & $0.0134086$ & $-0.0295309$ & $0.163781$ & $-0.127214$ & $0.0205796$ & $-0.341626$ & $0.00174139$ & $-0.0270991$ & $0.000313382$ & $0.00582349$ & $0.0430421$ & $0.0185979$ & $-0.474268$ & $0.00524781$ & $0.0740003$ & $0.029662$ & $0.0491266$ & $-0.0985404$ & $0.0594215$ & $0.0895342$ & $0.0347691$ & $-0.000296648$ & $-0.00980435$ & $-0.07164$ & $0.121597$ & $-0.106126$ & $0.136885$ & $0.0759908$ \\
CHL1_33 & $-0.0439715$ & $0.0190317$ & $0.0569948$ & $0.0394556$ & $0.0139276$ & $-0.0278162$ & $0.0583153$ & $0.0665177$ & $0.06628$ & $0.0944779$ & $-0.1365$ & $-0.0283271$ & $-0.0739749$ & $0.118674$ & $0.205065$ & $1$ & $0.0639732$ & $-0.0506329$ & $-0.4642$ & $0.134357$ & $0.00281267$ & $-0.110161$ & $-0.0611923$ & $0.162016$ & $-0.0972665$ & $0.0706756$ & $-0.324168$ & $-0.0305623$ & $0.00165629$ & $-0.0239633$ & $0.00348991$ & $0.0581156$ & $-0.0135379$ & $-0.0755418$ & $-0.0156761$ & $0.0438565$ & $0.0620551$ & $0.0413675$ & $-0.0596866$ & $0.0580309$ & $0.0515471$ & $0.00151035$ & $-0.0376896$ & $0.0497273$ & $-0.081629$ & $0.0438383$ & $-0.0564773$ & $0.0575214$ & $0.0685089$ \\
CHL3_11 & $-0.00270889$ & $-0.0299775$ & $-0.0656097$ & $0.0078174$ & $-0.0439382$ & $-0.129071$ & $0.0596934$ & $-0.579169$ & $-0.581746$ & $0.768542$ & $0.220084$ & $-0.125113$ & $-0.214659$ & $0.596471$ & $0.0212542$ & $0.0639732$ & $1$ & $0.65358$ & $0.630326$ & $-0.383846$ & $-0.184391$ & $-0.200532$ & $-0.0435431$ & $0.590966$ & $0.753705$ & $0.116715$ & $-0.214397$ & $-0.0392451$ & $-0.062354$ & $-0.168707$ & $-0.0585134$ & $0.0240612$ & $-0.117191$ & $-0.286971$ & $-0.0211897$ & $0.0254027$ & $-0.00735863$ & $-0.0286454$ & $-0.0159311$ & $0.00788365$ & $-0.0329585$ & $-0.0240023$ & $-0.00901241$ & $0.0026841$ & $-0.0259506$ & $0.0347873$ & $-0.00803014$ & $0.0514422$ & $0.0362082$ \\
CHL3_22 & $0.0223577$ & $-0.0940993$ & $-0.0488264$ & $0.0305056$ & $-0.0600015$ & $0.0144765$ & $0.0102233$ & $-0.528571$ & $-0.53024$ & $0.567155$ & $0.280809$ & $-0.0523653$ & $-0.133416$ & $0.487161$ & $-0.489036$ & $-0.0506329$ & $0.65358$ & $1$ & $0.581846$ & $-0.374809$ & $-0.208215$ & $-0.202097$ & $-6.03032e-05$ & $0.423469$ & $0.739821$ & $0.0853784$ & $0.0286185$ & $-0.0532929$ & $-0.0325029$ & $-0.141086$ & $-0.0486904$ & $-0.0239865$ & $-0.110138$ & $0.158031$ & $-0.028018$ & $-0.0256774$ & $-0.00862475$ & $-0.0624442$ & $0.0829298$ & $-0.0138906$ & $-0.0881613$ & $-0.0369365$ & $-0.0126434$ & $0.0234836$ & $0.0154693$ & $-0.0539663$ & $0.0774903$ & $-0.0648511$ & $-0.0203601$ \\
CHL3_33 & $0.040375$ & $-0.0608816$ & $-0.0763302$ & $-0.030418$ & $-0.0278233$ & $0.0289671$ & $0.0133454$ & $-0.509193$ & $-0.508851$ & $0.532514$ & $0.268219$ & $-0.0658839$ & $-0.133411$ & $0.483594$ & $-0.0871407$ & $-0.4642$ & $0.630326$ & $0.581846$ & $1$ & $-0.360475$ & $-0.179507$ & $-0.180806$ & $0.0196421$ & $0.413015$ & $0.73023$ & $0.0543535$ & $0.0452564$ & $-0.0239192$ & $-0.0517726$ & $-0.128566$ & $-0.0477057$ & $-0.0138326$ & $-0.0906451$ & $-0.223759$ & $-0.0127016$ & $-0.00321528$ & $-0.051513$ & $-0.070338$ & $0.0651352$ & $-0.0206293$ & $-0.0592752$ & $-0.00256075$ & $0.03137$ & $-0.0171691$ & $0.0175386$ & $-0.00688854$ & $0.0349771$ & $-0.0137803$ & $-0.0166398$ \\
CHe_11 & $-0.0513818$ & $-0.0974284$ & $0.047004$ & $0.0867023$ & $0.0565925$ & $-0.103837$ & $-0.00501171$ & $0.849567$ & $0.846739$ & $-0.209048$ & $-0.879803$ & $0.0947815$ & $0.00996904$ & $-0.0516822$ & $0.151675$ & $0.134357$ & $-0.383846$ & $-0.374809$ & $-0.360475$ & $1$ & $0.627602$ & $0.600533$ & $0.0203094$ & $-0.442797$ & $-0.421709$ & $-0.239141$ & $0.22224$ & $0.119801$ & $0.0246607$ & $0.0239964$ & $0.0196543$ & $0.01943$ & $-0.000893878$ & $0.392407$ & $0.00787293$ & $-0.0195719$ & $0.0727431$ & $-0.0351882$ & $0.0691944$ & $0.00781466$ & $-0.0762778$ & $-0.0380861$ & $-0.000578677$ & $0.0478168$ & $-0.0429629$ & $-0.107746$ & $0.0571542$ & $-0.0265191$ & $0.0138513$ \\
CHe_22 & $-0.0581336$ & $-0.0811799$ & $0.0321914$ & $0.0861611$ & $0.0189621$ & $-0.0700556$ & $0.00339315$ & $0.602148$ & $0.596202$ & $-0.103127$ & $-0.648301$ & $-0.0231529$ & $-0.0233737$ & $0.0688799$ & $-0.0252269$ & $0.00281267$ & $-0.184391$ & $-0.208215$ & $-0.179507$ & $0.627602$ & $1$ & $0.492226$ & $0.0125902$ & $-0.357277$ & $-0.256146$ & $-0.202021$ & $0.250254$ & $0.115985$ & $0.0179653$ & $0.00234667$ & $0.00479488$ & $0.00970713$ & $-0.0208034$ & $0.326237$ & $0.00612464$ & $-0.00465139$ & $0.0459234$ & $-0.0486016$ & $0.0507309$ & $-0.0172737$ & $-0.100074$ & $-0.0696371$ & $-0.000144262$ & $0.0166955$ & $-0.00887773$ & $-0.119277$ & $0.0658181$ & $-0.0528425$ & $-0.0104758$ \\
CHe_33 & $-0.0495049$ & $-0.0794206$ & $0.018746$ & $0.0950207$ & $0.0138103$ & $-0.0402117$ & $-0.0385995$ & $0.574672$ & $0.569675$ & $-0.120173$ & $-0.611065$ & $0.0244542$ & $0.0355836$ & $0.040486$ & $0.0134086$ & $-0.110161$ & $-0.200532$ & $-0.202097$ & $-0.180806$ & $0.600533$ & $0.492226$ & $1$ & $0.00934368$ & $-0.371787$ & $-0.257353$ & $-0.176762$ & $0.251602$ & $0.119843$ & $0.0118592$ & $0.0229868$ & $0.0327532$ & $-0.0266503$ & $0.00811056$ & $0.315486$ & $0.00185329$ & $-0.0251816$ & $0.0125965$ & $-0.0367823$ & $0.0592776$ & $-0.0208042$ & $-0.100521$ & $-0.0730894$ & $0.0179951$ & $0.01978$ & $-0.0284778$ & $-0.0831774$ & $0.0943185$ & $-0.0342018$ & $-0.0225439$ \\
CHQ1_11 & $0.0502303$ & $-0.00671879$ & $0.0471611$ & $0.0716171$ & $0.0339241$ & $-0.00880638$ & $-0.0283751$ & $0.0195934$ & $0.0218329$ & $-0.0311677$ & $-0.00348088$ & $0.0828187$ & $0.0891317$ & $-0.0446506$ & $-0.0295309$ & $-0.0611923$ & $-0.0435431$ & $-6.03032e-05$ & $0.0196421$ & $0.0203094$ & $0.0125902$ & $0.00934368$ & $1$ & $-0.0640736$ & $0.00999885$ & $-0.59671$ & $0.173485$ & $0.0108289$ & $-0.00583809$ & $0.0280102$ & $0.0299979$ & $-0.0205734$ & $0.0307783$ & $0.0335511$ & $0.00705754$ & $-0.0303199$ & $-0.0850408$ & $-0.0944721$ & $-0.0183612$ & $-0.0108294$ & $-0.0461601$ & $0.00682922$ & $0.0238264$ & $0.0214888$ & $-0.0585882$ & $0.0071834$ & $0.0393304$ & $0.0201111$ & $-0.0177681$ \\
CHQ1_33 & $-0.00804557$ & $-0.0111153$ & $-0.0544092$ & $-0.057422$ & $-0.0242131$ & $0.0420563$ & $0.0383687$ & $-0.588733$ & $-0.587461$ & $0.510277$ & $0.372377$ & $-0.0531977$ & $-0.142599$ & $0.43509$ & $0.163781$ & $0.162016$ & $0.590966$ & $0.423469$ & $0.413015$ & $-0.442797$ & $-0.357277$ & $-0.371787$ & $-0.0640736$ & $1$ & $0.522139$ & $0.173352$ & $-0.26689$ & $0.0308738$ & $-0.0639394$ & $-0.118276$ & $-0.0477215$ & $0.0168884$ & $-0.0660676$ & $-0.43316$ & $0.0276719$ & $0.0345941$ & $0.00690875$ & $0.017274$ & $-0.0371699$ & $0.0261983$ & $0.0133932$ & $0.0200419$ & $-0.00167184$ & $0.000967586$ & $-0.0696102$ & $0.0904205$ & $-0.00918039$ & $0.099307$ & $0.0360605$ \\
CHQ3_11 & $-0.0109828$ & $-0.0881786$ & $-0.0696274$ & $-0.0167316$ & $-0.046041$ & $0.0220997$ & $0.0277233$ & $-0.609119$ & $-0.609154$ & $0.648732$ & $0.322223$ & $-0.0622788$ & $-0.167921$ & $0.556784$ & $-0.127214$ & $-0.0972665$ & $0.753705$ & $0.739821$ & $0.73023$ & $-0.421709$ & $-0.256146$ & $-0.257353$ & $0.00999885$ & $0.522139$ & $1$ & $0.107198$ & $0.120162$ & $-0.0588283$ & $-0.0471975$ & $-0.153794$ & $-0.0466608$ & $-0.00422733$ & $-0.123635$ & $-0.223017$ & $-0.0183603$ & $0.00134323$ & $-0.0829877$ & $-0.071522$ & $0.0739734$ & $-0.0465504$ & $-0.130001$ & $-0.0537902$ & $0.021367$ & $0.0119448$ & $0.0248998$ & $-0.0395822$ & $0.105339$ & $-0.0486968$ & $-0.0536492$ \\
CHu_11 & $-0.0705497$ & $0.00921004$ & $-0.0566912$ & $-0.129506$ & $-0.0349101$ & $0.0488703$ & $0.0290996$ & $-0.234803$ & $-0.235091$ & $0.0731808$ & $0.22702$ & $-0.075132$ & $-0.0830234$ & $0.0380378$ & $0.0205796$ & $0.0706756$ & $0.116715$ & $0.0853784$ & $0.0543535$ & $-0.239141$ & $-0.202021$ & $-0.176762$ & $-0.59671$ & $0.173352$ & $0.107198$ & $1$ & $0.083028$ & $-0.0369455$ & $-0.0063582$ & $-0.0297374$ & $-0.0164294$ & $0.0123969$ & $-0.0639539$ & $-0.154331$ & $-0.0101376$ & $0.0289941$ & $-0.0690076$ & $0.0980478$ & $0.0785074$ & $-0.0488696$ & $-0.0709835$ & $-0.0151351$ & $-0.0385115$ & $0.00844755$ & $0.116672$ & $-0.062202$ & $0.0868706$ & $-0.0776159$ & $-0.0831239$ \\
CHd_11 & $-0.0086452$ & $-0.160608$ & $-0.0540695$ & $0.0237131$ & $-0.00501312$ & $-0.0632268$ & $-0.0501454$ & $0.283918$ & $0.281592$ & $-0.215008$ & $-0.202464$ & $0.0201686$ & $0.0556555$ & $-0.19452$ & $-0.341626$ & $-0.324168$ & $-0.214397$ & $0.0286185$ & $0.0452564$ & $0.22224$ & $0.250254$ & $0.251602$ & $0.173485$ & $-0.26689$ & $0.120162$ & $0.083028$ & $1$ & $0.0385667$ & $0.0324966$ & $0.0203535$ & $0.0370443$ & $-0.0454735$ & $-0.0377876$ & $0.404971$ & $0.0202113$ & $-0.0682255$ & $-0.192071$ & $-0.0868233$ & $0.209234$ & $-0.134929$ & $-0.326568$ & $-0.0929051$ & $0.0245922$ & $-0.00393088$ & $0.137882$ & $-0.266353$ & $0.328537$ & $-0.249974$ & $-0.205884$ \\
CHd_33 & $0.00257492$ & $-0.00125682$ & $-0.0397248$ & $-0.0103652$ & $-0.0297917$ & $-0.00415289$ & $-0.00618801$ & $0.128476$ & $0.124016$ & $-0.0416632$ & $-0.133914$ & $-0.0280071$ & $-0.00295004$ & $0.00103639$ & $0.00174139$ & $-0.0305623$ & $-0.0392451$ & $-0.0532929$ & $-0.0239192$ & $0.119801$ & $0.115985$ & $0.119843$ & $0.0108289$ & $0.0308738$ & $-0.0588283$ & $-0.0369455$ & $0.0385667$ & $1$ & $-0.0240305$ & $-0.00133537$ & $-0.0092416$ & $-0.00366488$ & $-0.0147267$ & $0.076997$ & $0.0253986$ & $0.0674703$ & $-0.0113894$ & $-0.0465615$ & $0.0900663$ & $-0.0162246$ & $0.00185629$ & $0.0197228$ & $-0.026403$ & $0.0144864$ & $-0.0530093$ & $0.00610453$ & $0.0043061$ & $0.044001$ & $-0.0138841$ \\
CeH_22r & $0.0172312$ & $0.0328805$ & $-0.00297379$ & $-0.0364666$ & $-0.00119775$ & $0.00407594$ & $-0.0319903$ & $0.0400198$ & $0.0452556$ & $-0.063301$ & $-0.013056$ & $0.0891995$ & $0.134747$ & $-0.0619227$ & $-0.0270991$ & $0.00165629$ & $-0.062354$ & $-0.0325029$ & $-0.0517726$ & $0.0246607$ & $0.0179653$ & $0.0118592$ & $-0.00583809$ & $-0.0639394$ & $-0.0471975$ & $-0.0063582$ & $0.0324966$ & $-0.0240305$ & $1$ & $0.0739359$ & $0.0327432$ & $-0.0407697$ & $0.0620053$ & $0.0450185$ & $0.0199524$ & $0.0459043$ & $-0.0324481$ & $0.00434413$ & $0.0159019$ & $-0.0420262$ & $-0.000809479$ & $0.041693$ & $-0.000683235$ & $-0.0515284$ & $0.0251827$ & $0.00434841$ & $0.0149344$ & $-0.0449463$ & $-0.0357452$ \\
CeH_33r & $0.0113732$ & $0.0549753$ & $0.0402336$ & $-0.031862$ & $0.0247972$ & $0.010937$ & $-0.296814$ & $0.0734342$ & $0.0900448$ & $-0.176946$ & $0.00438822$ & $0.442777$ & $0.437695$ & $-0.156138$ & $0.000313382$ & $-0.0239633$ & $-0.168707$ & $-0.141086$ & $-0.128566$ & $0.0239964$ & $0.00234667$ & $0.0229868$ & $0.0280102$ & $-0.118276$ & $-0.153794$ & $-0.0297374$ & $0.0203535$ & $-0.00133537$ & $0.0739359$ & $1$ & $0.344434$ & $-0.110487$ & $0.735972$ & $0.0300023$ & $-0.00674874$ & $0.103318$ & $-0.137065$ & $0.0197155$ & $-0.0487486$ & $-0.0623046$ & $0.00333894$ & $0.0417971$ & $-0.0218307$ & $-0.0426048$ & $0.0036831$ & $0.119101$ & $0.0357326$ & $-0.0388776$ & $-0.116511$ \\
CuH_22r & $-0.092922$ & $-0.0400591$ & $0.0726272$ & $0.0371076$ & $0.023596$ & $0.00262053$ & $-0.213736$ & $0.0444435$ & $0.051659$ & $-0.0703372$ & $-0.0235944$ & $0.20939$ & $0.256798$ & $-0.0447393$ & $0.00582349$ & $0.00348991$ & $-0.0585134$ & $-0.0486904$ & $-0.0477057$ & $0.0196543$ & $0.00479488$ & $0.0327532$ & $0.0299979$ & $-0.0477215$ & $-0.0466608$ & $-0.0164294$ & $0.0370443$ & $-0.0092416$ & $0.0327432$ & $0.344434$ & $1$ & $-0.104639$ & $0.407528$ & $0.0176404$ & $-0.0115671$ & $-0.00712491$ & $-0.0591409$ & $-0.0163026$ & $0.0332196$ & $0.00086782$ & $-0.050526$ & $-0.0110502$ & $0.00270628$ & $0.0891028$ & $-0.0949821$ & $0.0767261$ & $0.17329$ & $0.0316536$ & $-0.0469345$ \\
CuH_33r & $0.0401436$ & $0.0731638$ & $-0.110623$ & $-0.00570441$ & $0.016202$ & $-0.0210816$ & $0.928279$ & $-0.0163305$ & $0.0131601$ & $0.0553842$ & $-0.00683485$ & $-0.259197$ & $-0.464994$ & $0.0474312$ & $0.0430421$ & $0.0581156$ & $0.0240612$ & $-0.0239865$ & $-0.0138326$ & $0.01943$ & $0.00970713$ & $-0.0266503$ & $-0.0205734$ & $0.0168884$ & $-0.00422733$ & $0.0123969$ & $-0.0454735$ & $-0.00366488$ & $-0.0407697$ & $-0.110487$ & $-0.104639$ & $1$ & $-0.0895571$ & $-0.0680163$ & $0.0101544$ & $0.0187105$ & $-0.00812303$ & $-0.0435361$ & $-0.0236781$ & $-0.0206261$ & $0.071679$ & $-0.0204288$ & $0.0986509$ & $-0.122385$ & $0.112872$ & $-0.150022$ & $-0.139238$ & $-0.0964732$ & $0.113775$ \\
CdH_33r & $0.0296507$ & $0.0223423$ & $0.0823946$ & $-0.00953153$ & $0.0549862$ & $0.00110894$ & $-0.322729$ & $0.0399252$ & $0.0591442$ & $-0.135595$ & $0.0161139$ & $0.455828$ & $0.45422$ & $-0.113863$ & $0.0185979$ & $-0.0135379$ & $-0.117191$ & $-0.110138$ & $-0.0906451$ & $-0.000893878$ & $-0.0208034$ & $0.00811056$ & $0.0307783$ & $-0.0660676$ & $-0.123635$ & $-0.0639539$ & $-0.0377876$ & $-0.0147267$ & $0.0620053$ & $0.735972$ & $0.407528$ & $-0.0895571$ & $1$ & $-0.00220482$ & $-0.036225$ & $-0.0103683$ & $-0.0353551$ & $0.0254353$ & $-0.056359$ & $0.046486$ & $0.00648103$ & $0.0286005$ & $-0.0417712$ & $0.039958$ & $-0.150618$ & $0.130183$ & $0.0310758$ & $0.123688$ & $0.0974608$ \\
CLL_1221 & $-0.00294894$ & $-0.0856863$ & $0.0102216$ & $0.0866745$ & $-0.0201121$ & $-0.155844$ & $-0.055686$ & $0.619067$ & $0.609799$ & $-0.327728$ & $-0.475893$ & $-0.108297$ & $0.0829007$ & $-0.222681$ & $-0.474268$ & $-0.0755418$ & $-0.286971$ & $0.158031$ & $-0.223759$ & $0.392407$ & $0.326237$ & $0.315486$ & $0.0335511$ & $-0.43316$ & $-0.223017$ & $-0.154331$ & $0.404971$ & $0.076997$ & $0.0450185$ & $0.0300023$ & $0.0176404$ & $-0.0680163$ & $-0.00220482$ & $1$ & $-0.000416452$ & $-0.0861707$ & $0.0167301$ & $-0.0240385$ & $0.103686$ & $-0.0193744$ & $-0.104516$ & $-0.0466241$ & $-0.0400213$ & $0.0258082$ & $0.0597131$ & $-0.148597$ & $0.112882$ & $-0.117112$ & $-0.0570744$ \\
eHggint & $0.0981185$ & $0.039481$ & $0.0190951$ & $-0.248061$ & $0.0234312$ & $-0.00742868$ & $-0.00894213$ & $0.00635008$ & $0.0126932$ & $-0.0451483$ & $0.0064226$ & $0.0632687$ & $0.0496216$ & $-0.0487841$ & $0.00524781$ & $-0.0156761$ & $-0.0211897$ & $-0.028018$ & $-0.0127016$ & $0.00787293$ & $0.00612464$ & $0.00185329$ & $0.00705754$ & $0.0276719$ & $-0.0183603$ & $-0.0101376$ & $0.0202113$ & $0.0253986$ & $0.0199524$ & $-0.00674874$ & $-0.0115671$ & $0.0101544$ & $-0.036225$ & $-0.000416452$ & $1$ & $-0.0508453$ & $0.221465$ & $-0.115564$ & $0.0466781$ & $-0.315569$ & $0.168125$ & $0.197229$ & $0.394944$ & $-0.0545764$ & $0.0014556$ & $0.292915$ & $-0.199452$ & $0.0838751$ & $-0.153495$ \\
eHggpar & $0.0633533$ & $0.0281039$ & $-0.196354$ & $0.108945$ & $0.0530696$ & $-0.0368637$ & $-0.010985$ & $-0.0459$ & $-0.0478212$ & $0.0208115$ & $0.0360832$ & $0.0764028$ & $0.105421$ & $0.00374472$ & $0.0740003$ & $0.0438565$ & $0.0254027$ & $-0.0256774$ & $-0.00321528$ & $-0.0195719$ & $-0.00465139$ & $-0.0251816$ & $-0.0303199$ & $0.0345941$ & $0.00134323$ & $0.0289941$ & $-0.0682255$ & $0.0674703$ & $0.0459043$ & $0.103318$ & $-0.00712491$ & $0.0187105$ & $-0.0103683$ & $-0.0861707$ & $-0.0508453$ & $1$ & $-0.203307$ & $-0.288783$ & $0.155904$ & $-0.228026$ & $-0.141187$ & $0.00122644$ & $-0.0858623$ & $-0.361984$ & $0.140033$ & $-0.0203624$ & $0.0166813$ & $-0.250206$ & $-0.370988$ \\
eHWWint & $0.0630714$ & $-0.299582$ & $0.151849$ & $0.155809$ & $0.0251463$ & $-0.0497344$ & $0.0158001$ & $0.0710946$ & $0.0668802$ & $-0.00915508$ & $-0.079819$ & $-0.0737945$ & $-0.0522203$ & $0.014941$ & $0.029662$ & $0.0620551$ & $-0.00735863$ & $-0.00862475$ & $-0.051513$ & $0.0727431$ & $0.0459234$ & $0.0125965$ & $-0.0850408$ & $0.00690875$ & $-0.0829877$ & $-0.0690076$ & $-0.192071$ & $-0.0113894$ & $-0.0324481$ & $-0.137065$ & $-0.0591409$ & $-0.00812303$ & $-0.0353551$ & $0.0167301$ & $0.221465$ & $-0.203307$ & $1$ & $-0.167156$ & $0.237288$ & $0.193109$ & $0.250772$ & $0.0364789$ & $0.0852456$ & $0.225564$ & $-0.333396$ & $-0.0302089$ & $-0.210793$ & $0.221481$ & $0.428818$ \\
eHWWpar & $-0.0624858$ & $0.0515737$ & $-0.0247414$ & $-0.113813$ & $-0.0975952$ & $-0.0367989$ & $-0.0397402$ & $-0.010503$ & $-0.0165832$ & $-0.0472787$ & $0.0345717$ & $0.0356322$ & $0.0707555$ & $-0.0693491$ & $0.0491266$ & $0.0413675$ & $-0.0286454$ & $-0.0624442$ & $-0.070338$ & $-0.0351882$ & $-0.0486016$ & $-0.0367823$ & $-0.0944721$ & $0.017274$ & $-0.071522$ & $0.0980478$ & $-0.0868233$ & $-0.0465615$ & $0.00434413$ & $0.0197155$ & $-0.0163026$ & $-0.0435361$ & $0.0254353$ & $-0.0240385$ & $-0.115564$ & $-0.288783$ & $-0.167156$ & $1$ & $-0.153089$ & $0.012489$ & $0.0383204$ & $0.0729566$ & $-0.214233$ & $0.12791$ & $0.219419$ & $0.094859$ & $0.0993443$ & $0.201216$ & $-0.0135708$ \\
eHZZint & $-0.116109$ & $-0.442422$ & $0.00553104$ & $0.000459894$ & $0.0244214$ & $0.003937$ & $-0.0243098$ & $0.0766645$ & $0.0683398$ & $-0.0251367$ & $-0.07804$ & $0.0142067$ & $0.0262824$ & $0.00482517$ & $-0.0985404$ & $-0.0596866$ & $-0.0159311$ & $0.0829298$ & $0.0651352$ & $0.0691944$ & $0.0507309$ & $0.0592776$ & $-0.0183612$ & $-0.0371699$ & $0.0739734$ & $0.0785074$ & $0.209234$ & $0.0900663$ & $0.0159019$ & $-0.0487486$ & $0.0332196$ & $-0.0236781$ & $-0.056359$ & $0.103686$ & $0.0466781$ & $0.155904$ & $0.237288$ & $-0.153089$ & $1$ & $-0.109452$ & $-0.07328$ & $-0.0187441$ & $-0.0553838$ & $0.439178$ & $-0.148718$ & $-0.198922$ & $0.288759$ & $-0.207017$ & $0.052514$ \\
eHZZpar & $-0.0201336$ & $-0.167538$ & $0.0492257$ & $0.127461$ & $0.0695428$ & $-0.00879325$ & $0.000196212$ & $0.0194236$ & $0.0127511$ & $0.00401705$ & $-0.0220984$ & $-0.0799945$ & $-0.0826229$ & $0.0286792$ & $0.0594215$ & $0.0580309$ & $0.00788365$ & $-0.0138906$ & $-0.0206293$ & $0.00781466$ & $-0.0172737$ & $-0.0208042$ & $-0.0108294$ & $0.0261983$ & $-0.0465504$ & $-0.0488696$ & $-0.134929$ & $-0.0162246$ & $-0.0420262$ & $-0.0623046$ & $0.00086782$ & $-0.0206261$ & $0.046486$ & $-0.0193744$ & $-0.315569$ & $-0.228026$ & $0.193109$ & $0.012489$ & $-0.109452$ & $1$ & $-0.0159712$ & $0.0349117$ & $-0.198562$ & $0.107804$ & $-0.271041$ & $0.100045$ & $-0.0292409$ & $0.272382$ & $0.377227$ \\
eHZgaint & $0.13597$ & $0.420024$ & $-0.020078$ & $-0.022181$ & $-0.0423007$ & $0.0709484$ & $0.0767056$ & $-0.0780589$ & $-0.0634901$ & $-0.0156839$ & $0.0937036$ & $-0.00378291$ & $-0.0211184$ & $-0.0283361$ & $0.0895342$ & $0.0515471$ & $-0.0329585$ & $-0.0881613$ & $-0.0592752$ & $-0.0762778$ & $-0.100074$ & $-0.100521$ & $-0.0461601$ & $0.0133932$ & $-0.130001$ & $-0.0709835$ & $-0.326568$ & $0.00185629$ & $-0.000809479$ & $0.00333894$ & $-0.050526$ & $0.071679$ & $0.00648103$ & $-0.104516$ & $0.168125$ & $-0.141187$ & $0.250772$ & $0.0383204$ & $-0.07328$ & $-0.0159712$ & $1$ & $0.0959345$ & $0.397176$ & $-0.144555$ & $-0.0718052$ & $0.196722$ & $-0.423126$ & $0.00257735$ & $0.142299$ \\
eHZgapar & $0.252848$ & $-0.0336993$ & $0.00614728$ & $-0.189588$ & $-0.0798763$ & $-0.000283936$ & $-0.0262687$ & $-0.0305227$ & $-0.0311601$ & $-0.0330596$ & $0.0463123$ & $0.0949181$ & $0.156479$ & $-0.0561148$ & $0.0347691$ & $0.00151035$ & $-0.0240023$ & $-0.0369365$ & $-0.00256075$ & $-0.0380861$ & $-0.0696371$ & $-0.0730894$ & $0.00682922$ & $0.0200419$ & $-0.0537902$ & $-0.0151351$ & $-0.0929051$ & $0.0197228$ & $0.041693$ & $0.0417971$ & $-0.0110502$ & $-0.0204288$ & $0.0286005$ & $-0.0466241$ & $0.197229$ & $0.00122644$ & $0.0364789$ & $0.0729566$ & $-0.0187441$ & $0.0349117$ & $0.0959345$ & $1$ & $-0.0693779$ & $-0.050309$ & $0.180082$ & $0.29342$ & $-0.0103836$ & $0.151191$ & $-0.130041$ \\
eHgagaint & $-0.0120399$ & $0.0841768$ & $0.00651844$ & $-0.104767$ & $0.0193695$ & $0.10285$ & $0.0932332$ & $-0.0163076$ & $0.012708$ & $0.006381$ & $0.0101528$ & $-0.0738846$ & $-0.123574$ & $0.0330697$ & $-0.000296648$ & $-0.0376896$ & $-0.00901241$ & $-0.0126434$ & $0.03137$ & $-0.000578677$ & $-0.000144262$ & $0.0179951$ & $0.0238264$ & $-0.00167184$ & $0.021367$ & $-0.0385115$ & $0.0245922$ & $-0.026403$ & $-0.000683235$ & $-0.0218307$ & $0.00270628$ & $0.0986509$ & $-0.0417712$ & $-0.0400213$ & $0.394944$ & $-0.0858623$ & $0.0852456$ & $-0.214233$ & $-0.0553838$ & $-0.198562$ & $0.397176$ & $-0.0693779$ & $1$ & $-0.0923723$ & $-0.19687$ & $0.00800468$ & $-0.191814$ & $0.00200029$ & $-0.0602964$ \\
eHmumuint & $-0.463859$ & $-0.479243$ & $0.297889$ & $-0.0395981$ & $0.0464071$ & $0.0125789$ & $-0.119317$ & $0.0628956$ & $0.0527962$ & $0.0052014$ & $-0.0638572$ & $0.0377795$ & $0.0502729$ & $0.0279119$ & $-0.00980435$ & $0.0497273$ & $0.0026841$ & $0.0234836$ & $-0.0171691$ & $0.0478168$ & $0.0166955$ & $0.01978$ & $0.0214888$ & $0.000967586$ & $0.0119448$ & $0.00844755$ & $-0.00393088$ & $0.0144864$ & $-0.0515284$ & $-0.0426048$ & $0.0891028$ & $-0.122385$ & $0.039958$ & $0.0258082$ & $-0.0545764$ & $-0.361984$ & $0.225564$ & $0.12791$ & $0.439178$ & $0.107804$ & $-0.144555$ & $-0.050309$ & $-0.0923723$ & $1$ & $-0.382137$ & $0.0328511$ & $0.27068$ & $0.258074$ & $0.202192$ \\
eHtautauint & $0.130114$ & $0.114579$ & $-0.319094$ & $-0.2286$ & $-0.0623236$ & $-0.000836121$ & $0.118255$ & $-0.00986345$ & $-0.0131294$ & $-0.049925$ & $0.0321668$ & $-0.0799236$ & $-0.11805$ & $-0.0474098$ & $-0.07164$ & $-0.081629$ & $-0.0259506$ & $0.0154693$ & $0.0175386$ & $-0.0429629$ & $-0.00887773$ & $-0.0284778$ & $-0.0585882$ & $-0.0696102$ & $0.0248998$ & $0.116672$ & $0.137882$ & $-0.0530093$ & $0.0251827$ & $0.0036831$ & $-0.0949821$ & $0.112872$ & $-0.150618$ & $0.0597131$ & $0.0014556$ & $0.140033$ & $-0.333396$ & $0.219419$ & $-0.148718$ & $-0.271041$ & $-0.0718052$ & $0.180082$ & $-0.19687$ & $-0.382137$ & $1$ & $-0.102396$ & $-0.076649$ & $-0.278429$ & $-0.431269$ \\
eHccint & $-0.0429168$ & $0.134637$ & $-0.015561$ & $-0.0875061$ & $-0.0613101$ & $0.0335081$ & $-0.178566$ & $-0.114245$ & $-0.114965$ & $0.0311481$ & $0.114221$ & $0.2423$ & $0.323638$ & $-0.0234445$ & $0.121597$ & $0.0438383$ & $0.0347873$ & $-0.0539663$ & $-0.00688854$ & $-0.107746$ & $-0.119277$ & $-0.0831774$ & $0.0071834$ & $0.0904205$ & $-0.0395822$ & $-0.062202$ & $-0.266353$ & $0.00610453$ & $0.00434841$ & $0.119101$ & $0.0767261$ & $-0.150022$ & $0.130183$ & $-0.148597$ & $0.292915$ & $-0.0203624$ & $-0.0302089$ & $0.094859$ & $-0.198922$ & $0.100045$ & $0.196722$ & $0.29342$ & $0.00800468$ & $0.0328511$ & $-0.102396$ & $1$ & $-0.0541621$ & $0.405497$ & $-0.226458$ \\
eHccpar & $-0.274975$ & $-0.340844$ & $-0.0572465$ & $0.180347$ & $-0.0526869$ & $-0.0217599$ & $-0.142356$ & $0.0726834$ & $0.0646045$ & $-0.0101935$ & $-0.0767191$ & $0.123955$ & $0.210682$ & $-0.000576086$ & $-0.106126$ & $-0.0564773$ & $-0.00803014$ & $0.0774903$ & $0.0349771$ & $0.0571542$ & $0.0658181$ & $0.0943185$ & $0.0393304$ & $-0.00918039$ & $0.105339$ & $0.0868706$ & $0.328537$ & $0.0043061$ & $0.0149344$ & $0.0357326$ & $0.17329$ & $-0.139238$ & $0.0310758$ & $0.112882$ & $-0.199452$ & $0.0166813$ & $-0.210793$ & $0.0993443$ & $0.288759$ & $-0.0292409$ & $-0.423126$ & $-0.0103836$ & $-0.191814$ & $0.27068$ & $-0.076649$ & $-0.0541621$ & $1$ & $0.0486158$ & $-0.172299$ \\
eHbbint & $-0.0500237$ & $-0.199188$ & $0.0128842$ & $-0.205767$ & $0.00981946$ & $-0.0585006$ & $-0.0902523$ & $-0.0212678$ & $-0.0249098$ & $0.034261$ & $0.00782006$ & $0.0679614$ & $0.117464$ & $0.0221854$ & $0.136885$ & $0.0575214$ & $0.0514422$ & $-0.0648511$ & $-0.0137803$ & $-0.0265191$ & $-0.0528425$ & $-0.0342018$ & $0.0201111$ & $0.099307$ & $-0.0486968$ & $-0.0776159$ & $-0.249974$ & $0.044001$ & $-0.0449463$ & $-0.0388776$ & $0.0316536$ & $-0.0964732$ & $0.123688$ & $-0.117112$ & $0.0838751$ & $-0.250206$ & $0.221481$ & $0.201216$ & $-0.207017$ & $0.272382$ & $0.00257735$ & $0.151191$ & $0.00200029$ & $0.258074$ & $-0.278429$ & $0.405497$ & $0.0486158$ & $1$ & $0.292683$ \\
eHbbpar & $0.100945$ & $-0.106759$ & $0.0948688$ & $0.0644529$ & $0.0322943$ & $-0.00443381$ & $0.135869$ & $0.00210659$ & $0.00187957$ & $0.0407529$ & $-0.0220444$ & $-0.148545$ & $-0.200165$ & $0.0512989$ & $0.0759908$ & $0.0685089$ & $0.0362082$ & $-0.0203601$ & $-0.0166398$ & $0.0138513$ & $-0.0104758$ & $-0.0225439$ & $-0.0177681$ & $0.0360605$ & $-0.0536492$ & $-0.0831239$ & $-0.205884$ & $-0.0138841$ & $-0.0357452$ & $-0.116511$ & $-0.0469345$ & $0.113775$ & $0.0974608$ & $-0.0570744$ & $-0.153495$ & $-0.370988$ & $0.428818$ & $-0.0135708$ & $0.052514$ & $0.377227$ & $0.142299$ & $-0.130041$ & $-0.0602964$ & $0.202192$ & $-0.431269$ & $-0.226458$ & $-0.172299$ & $0.292683$ & $1$ \\
