 & AlsMz & dAle5Mz & mtop & mHl & Mz & CW & CHG & CHWB & CHWHB_gaga & CHWHB_gagaorth & CHD & CHbox & CHL1_11 & CHL1_22 & CHL1_33 & CHL3_11 & CHL3_22 & CHL3_33 & CHe_11 & CHe_22 & CHe_33 & CHQ1_11 & CHQ1_33 & CHQ3_11 & CHu_11 & CHd_11 & CHd_33 & CeH_22r & CeH_33r & CuH_22r & CuH_33r & CdH_33r & CLL_1221 & eHggpar & eHWWpar & eHZZpar & eHZgapar & eHccpar & eHbbpar \\
AlsMz & $1$ & $0.0161912$ & $0.0110356$ & $0.00133704$ & $0.00389144$ & $1.86313e-06$ & $0.000815491$ & $-0.0149468$ & $-0.0151859$ & $0.0170704$ & $0.00279639$ & $-0.00091949$ & $0.0155725$ & $0.00199196$ & $0.000746692$ & $0.0195333$ & $0.0191231$ & $0.0167736$ & $-0.0123111$ & $-0.0120807$ & $-0.0109357$ & $-0.00915281$ & $-0.0150469$ & $-0.0485828$ & $-0.00395584$ & $-0.0188596$ & $0.00324212$ & $0.000336231$ & $0.00415824$ & $-0.00259439$ & $-9.83795e-05$ & $-0.00463678$ & $-0.0029405$ & $0.00693773$ & $-0.010253$ & $-0.00451792$ & $0.00120966$ & $0.0131173$ & $-0.0202058$ \\
dAle5Mz & $0.0161912$ & $1$ & $0.00911813$ & $0.00660003$ & $-0.00160958$ & $0.0447454$ & $0.0011744$ & $-0.238079$ & $-0.235143$ & $0.115195$ & $0.244756$ & $0.0907943$ & $-0.0323526$ & $-0.0197714$ & $-0.0156575$ & $0.08715$ & $0.0578712$ & $0.050621$ & $-0.19303$ & $-0.120307$ & $-0.118429$ & $-0.002302$ & $0.0766102$ & $0.0649854$ & $0.0369172$ & $-0.0448635$ & $-0.0204768$ & $0.00398573$ & $0.00739128$ & $0.00298971$ & $0.0121374$ & $0.010634$ & $0.00755502$ & $-0.0103588$ & $-0.0122113$ & $0.000111229$ & $0.00273452$ & $0.00113846$ & $0.00212217$ \\
mtop & $0.0110356$ & $0.00911813$ & $1$ & $0.00344323$ & $-0.00422707$ & $-0.00938182$ & $0.00859552$ & $0.0340674$ & $0.0326532$ & $-0.0180007$ & $0.0885217$ & $-0.00926259$ & $0.00121866$ & $0.00299183$ & $0.00704467$ & $-0.0191193$ & $-0.0170295$ & $-0.0209081$ & $0.0367537$ & $0.0229189$ & $0.0256274$ & $0.00202918$ & $0.0191727$ & $-0.0238359$ & $-0.0024687$ & $0.00795706$ & $-0.00281245$ & $-0.00152782$ & $-0.00826$ & $0.00111193$ & $0.00609535$ & $-0.00564727$ & $0.033602$ & $-0.00511229$ & $-0.0152303$ & $-0.01481$ & $-0.00959686$ & $0.003414$ & $0.018524$ \\
mHl & $0.00133704$ & $0.00660003$ & $0.00344323$ & $1$ & $0.0034617$ & $-0.00651656$ & $-0.0053404$ & $-0.00365541$ & $-0.0029393$ & $0.00353991$ & $0.00210015$ & $0.0108589$ & $0.000599459$ & $0.00555284$ & $0.00572984$ & $0.00179917$ & $-0.00307815$ & $-0.000805123$ & $0.000586106$ & $-0.0061929$ & $-0.00465458$ & $-0.00438777$ & $0.00666632$ & $0.00148433$ & $0.00331793$ & $-0.00227681$ & $0.00413708$ & $0.00760725$ & $0.00413803$ & $0.0102554$ & $-0.00123048$ & $0.0104184$ & $-0.00769595$ & $-0.00728265$ & $0.00702523$ & $0.0037847$ & $-0.00436399$ & $-0.00310993$ & $-0.00194439$ \\
Mz & $0.00389144$ & $-0.00160958$ & $-0.00422707$ & $0.0034617$ & $1$ & $-0.00368882$ & $0.00357619$ & $0.00837358$ & $0.00804442$ & $-0.0138583$ & $0.0352033$ & $-0.00241666$ & $-0.00579962$ & $0.000378826$ & $0.0019634$ & $-0.0119043$ & $-0.00909999$ & $-0.00900762$ & $0.0116444$ & $0.0150845$ & $0.012295$ & $-0.0034627$ & $-0.0127223$ & $-0.0097975$ & $0.00237252$ & $0.0103608$ & $0.0122949$ & $-0.000514922$ & $-0.00674788$ & $-0.000478476$ & $0.000431381$ & $-0.0102621$ & $0.000748085$ & $-0.00564653$ & $0.00234303$ & $-0.0011429$ & $0.0037236$ & $0.0120547$ & $-0.0052149$ \\
CW & $1.86313e-06$ & $0.0447454$ & $-0.00938182$ & $-0.00651656$ & $-0.00368882$ & $1$ & $0.0051797$ & $-0.0675246$ & $-0.0678883$ & $0.0187375$ & $0.0721416$ & $-0.00101485$ & $0.220644$ & $0.040042$ & $0.0409882$ & $-0.14258$ & $-0.0108219$ & $-0.0110233$ & $-0.0761041$ & $-0.0660921$ & $-0.0665082$ & $-0.0221315$ & $0.0499746$ & $-0.028029$ & $0.0205823$ & $-0.0956958$ & $-0.0124771$ & $-0.00666262$ & $0.00365802$ & $-0.00223716$ & $0.00690208$ & $0.00445027$ & $-0.147057$ & $-0.000280289$ & $-0.00671254$ & $0.000450236$ & $0.000197164$ & $0.00134078$ & $-0.00717585$ \\
CHG & $0.000815491$ & $0.0011744$ & $0.00859552$ & $-0.0053404$ & $0.00357619$ & $0.0051797$ & $1$ & $0.0102126$ & $0.0394625$ & $-0.0185328$ & $-0.00454072$ & $-0.0148187$ & $-0.0123731$ & $0.000195296$ & $-0.00412369$ & $-0.0201126$ & $-0.0166114$ & $-0.01119$ & $0.0136356$ & $0.0102428$ & $0.00942286$ & $-0.000133739$ & $-0.0147849$ & $-0.0167222$ & $0.00275314$ & $0.00419256$ & $0.00226665$ & $0.0201683$ & $-0.0729842$ & $-0.0477726$ & $0.90069$ & $-0.0911477$ & $-0.00215403$ & $-0.0066428$ & $0.00720143$ & $0.0015473$ & $-0.00276915$ & $0.00166189$ & $-0.012924$ \\
CHWB & $-0.0149468$ & $-0.238079$ & $0.0340674$ & $-0.00365541$ & $0.00837358$ & $-0.0675246$ & $0.0102126$ & $1$ & $0.99501$ & $-0.566687$ & $-0.887589$ & $-0.178227$ & $-0.300777$ & $-0.022136$ & $-0.0189628$ & $-0.658245$ & $-0.555206$ & $-0.553928$ & $0.879964$ & $0.678925$ & $0.658943$ & $0.0596997$ & $-0.681607$ & $-0.610623$ & $-0.190273$ & $0.439388$ & $0.143798$ & $0.00202428$ & $-0.00944485$ & $-0.0179416$ & $0.00388004$ & $-0.0373476$ & $0.65532$ & $0.0075918$ & $0.0124276$ & $-0.00275475$ & $-0.00666867$ & $-0.00226183$ & $0.00670603$ \\
CHWHB_gaga & $-0.0151859$ & $-0.235143$ & $0.0326532$ & $-0.0029393$ & $0.00804442$ & $-0.0678883$ & $0.0394625$ & $0.99501$ & $1$ & $-0.565999$ & $-0.882724$ & $-0.160716$ & $-0.303462$ & $-0.0217875$ & $-0.0187137$ & $-0.658438$ & $-0.554738$ & $-0.553141$ & $0.878349$ & $0.675664$ & $0.655741$ & $0.0588498$ & $-0.679938$ & $-0.609609$ & $-0.188868$ & $0.43756$ & $0.14324$ & $0.0066562$ & $0.00976374$ & $-0.00880873$ & $0.0283425$ & $-0.0165577$ & $0.650162$ & $0.00359444$ & $0.0087293$ & $-0.00497415$ & $-0.00676961$ & $-0.00163194$ & $0.00707778$ \\
CHWHB_gagaorth & $0.0170704$ & $0.115195$ & $-0.0180007$ & $0.00353991$ & $-0.0138583$ & $0.0187375$ & $-0.0185328$ & $-0.566687$ & $-0.565999$ & $1$ & $0.248335$ & $0.363511$ & $0.676219$ & $0.123666$ & $0.121769$ & $0.772295$ & $0.581839$ & $0.580509$ & $-0.329131$ & $-0.235506$ & $-0.234945$ & $-0.0731514$ & $0.600186$ & $0.640942$ & $0.0646947$ & $-0.34096$ & $-0.0516111$ & $-0.00569883$ & $-0.025871$ & $-0.00505516$ & $0.0116342$ & $-0.0095478$ & $-0.424806$ & $0.00556879$ & $-0.0116654$ & $-0.000971277$ & $-0.0021854$ & $-0.00169277$ & $0.00474538$ \\
CHD & $0.00279639$ & $0.244756$ & $0.0885217$ & $0.00210015$ & $0.0352033$ & $0.0721416$ & $-0.00454072$ & $-0.887589$ & $-0.882724$ & $0.248335$ & $1$ & $0.13508$ & $-0.0603862$ & $-0.0598556$ & $-0.0623792$ & $0.326904$ & $0.319782$ & $0.319257$ & $-0.893522$ & $-0.701762$ & $-0.678196$ & $-0.0276147$ & $0.467385$ & $0.352828$ & $0.202453$ & $-0.322499$ & $-0.146974$ & $0.000243364$ & $0.0143141$ & $0.0160902$ & $-0.000723078$ & $0.0309607$ & $-0.515273$ & $-0.00854524$ & $-0.0106407$ & $0.00239025$ & $0.00606387$ & $0.0024333$ & $-0.00519015$ \\
CHbox & $-0.00091949$ & $0.0907943$ & $-0.00926259$ & $0.0108589$ & $-0.00241666$ & $-0.00101485$ & $-0.0148187$ & $-0.178227$ & $-0.160716$ & $0.363511$ & $0.13508$ & $1$ & $-0.06168$ & $0.0588159$ & $0.0594826$ & $0.0187822$ & $0.0348964$ & $0.0324959$ & $0.0743775$ & $-0.06327$ & $-0.0609686$ & $0.000118582$ & $0.0881406$ & $0.0485361$ & $0.0108961$ & $-0.07878$ & $-0.0110975$ & $0.0324548$ & $0.281128$ & $0.061019$ & $0.133589$ & $0.2513$ & $-0.252543$ & $0.039844$ & $-0.0141978$ & $-0.00408196$ & $0.00199266$ & $-0.00287865$ & $0.00772188$ \\
CHL1_11 & $0.0155725$ & $-0.0323526$ & $0.00121866$ & $0.000599459$ & $-0.00579962$ & $0.220644$ & $-0.0123731$ & $-0.300777$ & $-0.303462$ & $0.676219$ & $-0.0603862$ & $-0.06168$ & $1$ & $0.174204$ & $0.171325$ & $0.620122$ & $0.514383$ & $0.515517$ & $-0.145911$ & $-0.0451738$ & $-0.0538424$ & $-0.083721$ & $0.52012$ & $0.547375$ & $0.00621017$ & $-0.323582$ & $-0.0139224$ & $-0.00988715$ & $-0.0189384$ & $0.0047579$ & $-0.0248467$ & $0.0123226$ & $-0.325402$ & $-0.00509439$ & $-0.00772821$ & $-0.00286299$ & $-0.00182674$ & $5.33806e-05$ & $0.00274245$ \\
CHL1_22 & $0.00199196$ & $-0.0197714$ & $0.00299183$ & $0.00555284$ & $0.000378826$ & $0.040042$ & $0.000195296$ & $-0.022136$ & $-0.0217875$ & $0.123666$ & $-0.0598556$ & $0.0588159$ & $0.174204$ & $1$ & $0.350784$ & $0.0768925$ & $-0.44482$ & $-0.107387$ & $0.0634226$ & $-0.140344$ & $-0.0988946$ & $-0.108029$ & $0.231081$ & $-0.157447$ & $0.00860958$ & $-0.490292$ & $-0.0242802$ & $-0.00344234$ & $0.00184338$ & $0.00121709$ & $0.00638232$ & $0.00302447$ & $-0.555227$ & $0.00264916$ & $-0.0118669$ & $0.0040854$ & $-0.0020433$ & $0.00860703$ & $-0.00374103$ \\
CHL1_33 & $0.000746692$ & $-0.0156575$ & $0.00704467$ & $0.00572984$ & $0.0019634$ & $0.0409882$ & $-0.00412369$ & $-0.0189628$ & $-0.0187137$ & $0.121769$ & $-0.0623792$ & $0.0594826$ & $0.171325$ & $0.350784$ & $1$ & $0.0770139$ & $-0.104143$ & $-0.433971$ & $0.06437$ & $-0.0907391$ & $-0.173344$ & $-0.108098$ & $0.226604$ & $-0.154305$ & $0.0070897$ & $-0.476796$ & $-0.0192481$ & $-0.00784549$ & $0.00715945$ & $-0.000965237$ & $0.00352169$ & $0.00766177$ & $-0.239596$ & $0.00895623$ & $-0.000657749$ & $-0.00261511$ & $-0.00206924$ & $-0.00078419$ & $-0.00751497$ \\
CHL3_11 & $0.0195333$ & $0.08715$ & $-0.0191193$ & $0.00179917$ & $-0.0119043$ & $-0.14258$ & $-0.0201126$ & $-0.658245$ & $-0.658438$ & $0.772295$ & $0.326904$ & $0.0187822$ & $0.620122$ & $0.0768925$ & $0.0770139$ & $1$ & $0.692952$ & $0.69099$ & $-0.491439$ & $-0.30727$ & $-0.300903$ & $-0.0650127$ & $0.674151$ & $0.765567$ & $0.0811493$ & $-0.338574$ & $-0.0694914$ & $-0.00660255$ & $-0.0142468$ & $0.0142895$ & $-0.0282597$ & $0.0199405$ & $-0.365046$ & $-0.00791567$ & $-0.00786365$ & $-0.000170944$ & $0.0024123$ & $0.00353778$ & $-0.00338892$ \\
CHL3_22 & $0.0191231$ & $0.0578712$ & $-0.0170295$ & $-0.00307815$ & $-0.00909999$ & $-0.0108219$ & $-0.0166114$ & $-0.555206$ & $-0.554738$ & $0.581839$ & $0.319782$ & $0.0348964$ & $0.514383$ & $-0.44482$ & $-0.104143$ & $0.692952$ & $1$ & $0.658392$ & $-0.428709$ & $-0.236923$ & $-0.232136$ & $0.00760867$ & $0.478022$ & $0.777233$ & $0.0716666$ & $-0.0269325$ & $-0.0538798$ & $-0.00234756$ & $-0.0141044$ & $0.00876304$ & $-0.0212114$ & $0.0156114$ & $0.0757557$ & $-0.00809333$ & $0.000836092$ & $-0.00380718$ & $0.00220785$ & $-0.00113894$ & $-0.00255089$ \\
CHL3_33 & $0.0167736$ & $0.050621$ & $-0.0209081$ & $-0.000805123$ & $-0.00900762$ & $-0.0110233$ & $-0.01119$ & $-0.553928$ & $-0.553141$ & $0.580509$ & $0.319257$ & $0.0324959$ & $0.515517$ & $-0.107387$ & $-0.433971$ & $0.69099$ & $0.658392$ & $1$ & $-0.428544$ & $-0.240974$ & $-0.231574$ & $0.00613876$ & $0.477538$ & $0.778028$ & $0.0747837$ & $-0.0261747$ & $-0.0537181$ & $-0.00504173$ & $-0.0145119$ & $0.00957803$ & $-0.0185948$ & $0.015347$ & $-0.23384$ & $-0.0118437$ & $-0.00445243$ & $-0.00147595$ & $0.00575416$ & $-0.000711996$ & $0.0021612$ \\
CHe_11 & $-0.0123111$ & $-0.19303$ & $0.0367537$ & $0.000586106$ & $0.0116444$ & $-0.0761041$ & $0.0136356$ & $0.879964$ & $0.878349$ & $-0.329131$ & $-0.893522$ & $0.0743775$ & $-0.145911$ & $0.0634226$ & $0.06437$ & $-0.491439$ & $-0.428709$ & $-0.428544$ & $1$ & $0.692222$ & $0.672132$ & $0.0402105$ & $-0.53886$ & $-0.464478$ & $-0.202292$ & $0.346773$ & $0.148106$ & $0.0040257$ & $-0.00748146$ & $-0.0216695$ & $0.0304091$ & $-0.0367132$ & $0.461013$ & $0.011062$ & $0.00607066$ & $-0.00351711$ & $-0.00696571$ & $-0.00133316$ & $0.00974864$ \\
CHe_22 & $-0.0120807$ & $-0.120307$ & $0.0229189$ & $-0.0061929$ & $0.0150845$ & $-0.0660921$ & $0.0102428$ & $0.678925$ & $0.675664$ & $-0.235506$ & $-0.701762$ & $-0.06327$ & $-0.0451738$ & $-0.140344$ & $-0.0907391$ & $-0.30727$ & $-0.236923$ & $-0.240974$ & $0.692222$ & $1$ & $0.587363$ & $0.0615614$ & $-0.47739$ & $-0.281736$ & $-0.171077$ & $0.418869$ & $0.128072$ & $-0.00284605$ & $-0.0109314$ & $-0.0132842$ & $0.00909978$ & $-0.0332578$ & $0.458155$ & $0.007202$ & $0.00530277$ & $-0.00451366$ & $-0.00847972$ & $-0.000190387$ & $0.00353359$ \\
CHe_33 & $-0.0109357$ & $-0.118429$ & $0.0256274$ & $-0.00465458$ & $0.012295$ & $-0.0665082$ & $0.00942286$ & $0.658943$ & $0.655741$ & $-0.234945$ & $-0.678196$ & $-0.0609686$ & $-0.0538424$ & $-0.0988946$ & $-0.173344$ & $-0.300903$ & $-0.232136$ & $-0.231574$ & $0.672132$ & $0.587363$ & $1$ & $0.0599396$ & $-0.463496$ & $-0.271835$ & $-0.164533$ & $0.415108$ & $0.12681$ & $0.00183504$ & $-0.00964609$ & $-0.0128606$ & $0.00976543$ & $-0.0278966$ & $0.446452$ & $-0.00105392$ & $0.00723809$ & $-0.00093123$ & $-0.0093972$ & $0.0039063$ & $0.0171254$ \\
CHQ1_11 & $-0.00915281$ & $-0.002302$ & $0.00202918$ & $-0.00438777$ & $-0.0034627$ & $-0.0221315$ & $-0.000133739$ & $0.0596997$ & $0.0588498$ & $-0.0731514$ & $-0.0276147$ & $0.000118582$ & $-0.083721$ & $-0.108029$ & $-0.108098$ & $-0.0650127$ & $0.00760867$ & $0.00613876$ & $0.0402105$ & $0.0615614$ & $0.0599396$ & $1$ & $-0.098936$ & $0.0395289$ & $-0.584039$ & $0.262515$ & $0.0146619$ & $-0.00463682$ & $0.0054505$ & $0.00675985$ & $0.00168449$ & $-0.00980369$ & $0.113575$ & $-0.00315655$ & $0.00646572$ & $-0.00284398$ & $-0.00428414$ & $-0.00121326$ & $0.000183397$ \\
CHQ1_33 & $-0.0150469$ & $0.0766102$ & $0.0191727$ & $0.00666632$ & $-0.0127223$ & $0.0499746$ & $-0.0147849$ & $-0.681607$ & $-0.679938$ & $0.600186$ & $0.467385$ & $0.0881406$ & $0.52012$ & $0.231081$ & $0.226604$ & $0.674151$ & $0.478022$ & $0.477538$ & $-0.53886$ & $-0.47739$ & $-0.463496$ & $-0.098936$ & $1$ & $0.54959$ & $0.125505$ & $-0.439368$ & $0.00403286$ & $-0.00880401$ & $-0.00277545$ & $0.0131495$ & $-0.0145913$ & $0.026058$ & $-0.536765$ & $-0.00838376$ & $-0.00641958$ & $-0.00247049$ & $-0.000464406$ & $0.00263804$ & $-0.00547338$ \\
CHQ3_11 & $-0.0485828$ & $0.0649854$ & $-0.0238359$ & $0.00148433$ & $-0.0097975$ & $-0.028029$ & $-0.0167222$ & $-0.610623$ & $-0.609609$ & $0.640942$ & $0.352828$ & $0.0485361$ & $0.547375$ & $-0.157447$ & $-0.154305$ & $0.765567$ & $0.777233$ & $0.778028$ & $-0.464478$ & $-0.281736$ & $-0.271835$ & $0.0395289$ & $0.54959$ & $1$ & $0.0870332$ & $0.0685586$ & $-0.0632345$ & $-0.00614233$ & $-0.0177663$ & $0.0112648$ & $-0.0244766$ & $0.0140426$ & $-0.20568$ & $-0.0138587$ & $-0.0021892$ & $-0.0045886$ & $0.000357697$ & $-0.000160738$ & $0.00115245$ \\
CHu_11 & $-0.00395584$ & $0.0369172$ & $-0.0024687$ & $0.00331793$ & $0.00237252$ & $0.0205823$ & $0.00275314$ & $-0.190273$ & $-0.188868$ & $0.0646947$ & $0.202453$ & $0.0108961$ & $0.00621017$ & $0.00860958$ & $0.0070897$ & $0.0811493$ & $0.0716666$ & $0.0747837$ & $-0.202292$ & $-0.171077$ & $-0.164533$ & $-0.584039$ & $0.125505$ & $0.0870332$ & $1$ & $0.0736409$ & $-0.0369733$ & $0.00308312$ & $-0.00072623$ & $-0.000814256$ & $0.00114437$ & $0.0133111$ & $-0.115354$ & $0.00434394$ & $-0.000389897$ & $-0.00156228$ & $0.00844912$ & $0.00564036$ & $0.00218061$ \\
CHd_11 & $-0.0188596$ & $-0.0448635$ & $0.00795706$ & $-0.00227681$ & $0.0103608$ & $-0.0956958$ & $0.00419256$ & $0.439388$ & $0.43756$ & $-0.34096$ & $-0.322499$ & $-0.07878$ & $-0.323582$ & $-0.490292$ & $-0.476796$ & $-0.338574$ & $-0.0269325$ & $-0.0261747$ & $0.346773$ & $0.418869$ & $0.415108$ & $0.262515$ & $-0.439368$ & $0.0685586$ & $0.0736409$ & $1$ & $0.0741134$ & $0.00324015$ & $-0.00962866$ & $-0.0088033$ & $-0.00213271$ & $-0.0286166$ & $0.601091$ & $-0.00247952$ & $0.0169761$ & $-0.00851789$ & $-0.00414926$ & $-0.00270812$ & $0.0083729$ \\
CHd_33 & $0.00324212$ & $-0.0204768$ & $-0.00281245$ & $0.00413708$ & $0.0122949$ & $-0.0124771$ & $0.00226665$ & $0.143798$ & $0.14324$ & $-0.0516111$ & $-0.146974$ & $-0.0110975$ & $-0.0139224$ & $-0.0242802$ & $-0.0192481$ & $-0.0694914$ & $-0.0538798$ & $-0.0537181$ & $0.148106$ & $0.128072$ & $0.12681$ & $0.0146619$ & $0.00403286$ & $-0.0632345$ & $-0.0369733$ & $0.0741134$ & $1$ & $0.000216362$ & $-0.00758156$ & $-0.00501397$ & $0.00146129$ & $-0.0110076$ & $0.0959177$ & $0.00135244$ & $0.00644504$ & $-0.00369125$ & $-0.00721909$ & $0.0113894$ & $-0.00111722$ \\
CeH_22r & $0.000336231$ & $0.00398573$ & $-0.00152782$ & $0.00760725$ & $-0.000514922$ & $-0.00666262$ & $0.0201683$ & $0.00202428$ & $0.0066562$ & $-0.00569883$ & $0.000243364$ & $0.0324548$ & $-0.00988715$ & $-0.00344234$ & $-0.00784549$ & $-0.00660255$ & $-0.00234756$ & $-0.00504173$ & $0.0040257$ & $-0.00284605$ & $0.00183504$ & $-0.00463682$ & $-0.00880401$ & $-0.00614233$ & $0.00308312$ & $0.00324015$ & $0.000216362$ & $1$ & $0.0369067$ & $0.0189336$ & $-0.000147328$ & $0.0365804$ & $0.00385247$ & $-0.0108311$ & $-0.00953965$ & $-0.0100011$ & $-0.00427295$ & $-0.00164221$ & $0.00173768$ \\
CeH_33r & $0.00415824$ & $0.00739128$ & $-0.00826$ & $0.00413803$ & $-0.00674788$ & $0.00365802$ & $-0.0729842$ & $-0.00944485$ & $0.00976374$ & $-0.025871$ & $0.0143141$ & $0.281128$ & $-0.0189384$ & $0.00184338$ & $0.00715945$ & $-0.0142468$ & $-0.0141044$ & $-0.0145119$ & $-0.00748146$ & $-0.0109314$ & $-0.00964609$ & $0.0054505$ & $-0.00277545$ & $-0.0177663$ & $-0.00072623$ & $-0.00962866$ & $-0.00758156$ & $0.0369067$ & $1$ & $0.293836$ & $0.128092$ & $0.646126$ & $-0.0165278$ & $-0.0244165$ & $-0.0725377$ & $-0.0106715$ & $-0.00020467$ & $0.00150876$ & $-0.00498708$ \\
CuH_22r & $-0.00259439$ & $0.00298971$ & $0.00111193$ & $0.0102554$ & $-0.000478476$ & $-0.00223716$ & $-0.0477726$ & $-0.0179416$ & $-0.00880873$ & $-0.00505516$ & $0.0160902$ & $0.061019$ & $0.0047579$ & $0.00121709$ & $-0.000965237$ & $0.0142895$ & $0.00876304$ & $0.00957803$ & $-0.0216695$ & $-0.0132842$ & $-0.0128606$ & $0.00675985$ & $0.0131495$ & $0.0112648$ & $-0.000814256$ & $-0.0088033$ & $-0.00501397$ & $0.0189336$ & $0.293836$ & $1$ & $0.0723564$ & $0.338054$ & $-0.0102315$ & $-0.00978036$ & $-0.0257524$ & $-0.0121307$ & $0.00124058$ & $0.28952$ & $0.00465823$ \\
CuH_33r & $-9.83795e-05$ & $0.0121374$ & $0.00609535$ & $-0.00123048$ & $0.000431381$ & $0.00690208$ & $0.90069$ & $0.00388004$ & $0.0283425$ & $0.0116342$ & $-0.000723078$ & $0.133589$ & $-0.0248467$ & $0.00638232$ & $0.00352169$ & $-0.0282597$ & $-0.0212114$ & $-0.0185948$ & $0.0304091$ & $0.00909978$ & $0.00976543$ & $0.00168449$ & $-0.0145913$ & $-0.0244766$ & $0.00114437$ & $-0.00213271$ & $0.00146129$ & $-0.000147328$ & $0.128092$ & $0.0723564$ & $1$ & $0.162823$ & $-0.0189307$ & $0.0170592$ & $-0.00835958$ & $0.00883392$ & $-0.00193799$ & $0.00350406$ & $-0.00319438$ \\
CdH_33r & $-0.00463678$ & $0.010634$ & $-0.00564727$ & $0.0104184$ & $-0.0102621$ & $0.00445027$ & $-0.0911477$ & $-0.0373476$ & $-0.0165577$ & $-0.0095478$ & $0.0309607$ & $0.2513$ & $0.0123226$ & $0.00302447$ & $0.00766177$ & $0.0199405$ & $0.0156114$ & $0.015347$ & $-0.0367132$ & $-0.0332578$ & $-0.0278966$ & $-0.00980369$ & $0.026058$ & $0.0140426$ & $0.0133111$ & $-0.0286166$ & $-0.0110076$ & $0.0365804$ & $0.646126$ & $0.338054$ & $0.162823$ & $1$ & $-0.0294457$ & $-0.0158583$ & $-0.0801812$ & $-0.0126254$ & $0.00202301$ & $7.74783e-05$ & $0.387851$ \\
CLL_1221 & $-0.0029405$ & $0.00755502$ & $0.033602$ & $-0.00769595$ & $0.000748085$ & $-0.147057$ & $-0.00215403$ & $0.65532$ & $0.650162$ & $-0.424806$ & $-0.515273$ & $-0.252543$ & $-0.325402$ & $-0.555227$ & $-0.239596$ & $-0.365046$ & $0.0757557$ & $-0.23384$ & $0.461013$ & $0.458155$ & $0.446452$ & $0.113575$ & $-0.536765$ & $-0.20568$ & $-0.115354$ & $0.601091$ & $0.0959177$ & $0.00385247$ & $-0.0165278$ & $-0.0102315$ & $-0.0189307$ & $-0.0294457$ & $1$ & $-0.00244102$ & $0.0169403$ & $-0.00514128$ & $-0.00436184$ & $-0.00327096$ & $0.00303223$ \\
eHggpar & $0.00693773$ & $-0.0103588$ & $-0.00511229$ & $-0.00728265$ & $-0.00564653$ & $-0.000280289$ & $-0.0066428$ & $0.0075918$ & $0.00359444$ & $0.00556879$ & $-0.00854524$ & $0.039844$ & $-0.00509439$ & $0.00264916$ & $0.00895623$ & $-0.00791567$ & $-0.00809333$ & $-0.0118437$ & $0.011062$ & $0.007202$ & $-0.00105392$ & $-0.00315655$ & $-0.00838376$ & $-0.0138587$ & $0.00434394$ & $-0.00247952$ & $0.00135244$ & $-0.0108311$ & $-0.0244165$ & $-0.00978036$ & $0.0170592$ & $-0.0158583$ & $-0.00244102$ & $1$ & $0.00488809$ & $-0.00104668$ & $0.00369569$ & $-0.0053814$ & $0.0192722$ \\
eHWWpar & $-0.010253$ & $-0.0122113$ & $-0.0152303$ & $0.00702523$ & $0.00234303$ & $-0.00671254$ & $0.00720143$ & $0.0124276$ & $0.0087293$ & $-0.0116654$ & $-0.0106407$ & $-0.0141978$ & $-0.00772821$ & $-0.0118669$ & $-0.000657749$ & $-0.00786365$ & $0.000836092$ & $-0.00445243$ & $0.00607066$ & $0.00530277$ & $0.00723809$ & $0.00646572$ & $-0.00641958$ & $-0.0021892$ & $-0.000389897$ & $0.0169761$ & $0.00644504$ & $-0.00953965$ & $-0.0725377$ & $-0.0257524$ & $-0.00835958$ & $-0.0801812$ & $0.0169403$ & $0.00488809$ & $1$ & $0.00450121$ & $0.00483005$ & $0.0021479$ & $-0.0069782$ \\
eHZZpar & $-0.00451792$ & $0.000111229$ & $-0.01481$ & $0.0037847$ & $-0.0011429$ & $0.000450236$ & $0.0015473$ & $-0.00275475$ & $-0.00497415$ & $-0.000971277$ & $0.00239025$ & $-0.00408196$ & $-0.00286299$ & $0.0040854$ & $-0.00261511$ & $-0.000170944$ & $-0.00380718$ & $-0.00147595$ & $-0.00351711$ & $-0.00451366$ & $-0.00093123$ & $-0.00284398$ & $-0.00247049$ & $-0.0045886$ & $-0.00156228$ & $-0.00851789$ & $-0.00369125$ & $-0.0100011$ & $-0.0106715$ & $-0.0121307$ & $0.00883392$ & $-0.0126254$ & $-0.00514128$ & $-0.00104668$ & $0.00450121$ & $1$ & $0.00810273$ & $-0.0182711$ & $-0.00270598$ \\
eHZgapar & $0.00120966$ & $0.00273452$ & $-0.00959686$ & $-0.00436399$ & $0.0037236$ & $0.000197164$ & $-0.00276915$ & $-0.00666867$ & $-0.00676961$ & $-0.0021854$ & $0.00606387$ & $0.00199266$ & $-0.00182674$ & $-0.0020433$ & $-0.00206924$ & $0.0024123$ & $0.00220785$ & $0.00575416$ & $-0.00696571$ & $-0.00847972$ & $-0.0093972$ & $-0.00428414$ & $-0.000464406$ & $0.000357697$ & $0.00844912$ & $-0.00414926$ & $-0.00721909$ & $-0.00427295$ & $-0.00020467$ & $0.00124058$ & $-0.00193799$ & $0.00202301$ & $-0.00436184$ & $0.00369569$ & $0.00483005$ & $0.00810273$ & $1$ & $0.000177313$ & $0.00192235$ \\
eHccpar & $0.0131173$ & $0.00113846$ & $0.003414$ & $-0.00310993$ & $0.0120547$ & $0.00134078$ & $0.00166189$ & $-0.00226183$ & $-0.00163194$ & $-0.00169277$ & $0.0024333$ & $-0.00287865$ & $5.33806e-05$ & $0.00860703$ & $-0.00078419$ & $0.00353778$ & $-0.00113894$ & $-0.000711996$ & $-0.00133316$ & $-0.000190387$ & $0.0039063$ & $-0.00121326$ & $0.00263804$ & $-0.000160738$ & $0.00564036$ & $-0.00270812$ & $0.0113894$ & $-0.00164221$ & $0.00150876$ & $0.28952$ & $0.00350406$ & $7.74783e-05$ & $-0.00327096$ & $-0.0053814$ & $0.0021479$ & $-0.0182711$ & $0.000177313$ & $1$ & $0.000300848$ \\
eHbbpar & $-0.0202058$ & $0.00212217$ & $0.018524$ & $-0.00194439$ & $-0.0052149$ & $-0.00717585$ & $-0.012924$ & $0.00670603$ & $0.00707778$ & $0.00474538$ & $-0.00519015$ & $0.00772188$ & $0.00274245$ & $-0.00374103$ & $-0.00751497$ & $-0.00338892$ & $-0.00255089$ & $0.0021612$ & $0.00974864$ & $0.00353359$ & $0.0171254$ & $0.000183397$ & $-0.00547338$ & $0.00115245$ & $0.00218061$ & $0.0083729$ & $-0.00111722$ & $0.00173768$ & $-0.00498708$ & $0.00465823$ & $-0.00319438$ & $0.387851$ & $0.00303223$ & $0.0192722$ & $-0.0069782$ & $-0.00270598$ & $0.00192235$ & $0.000300848$ & $1$ \\
