 & AlsMz & dAle5Mz & mtop & mHl & Mz & CW & CHG & CHWB & CHWHB_gaga & CHWHB_gagaorth & CHD & CHbox & CH & CHL1_11 & CHL1_22 & CHL1_33 & CHL3_11 & CHL3_22 & CHL3_33 & CHe_11 & CHe_22 & CHe_33 & CHQ1_11 & CHQ1_33 & CHQ3_11 & CHu_11 & CHd_11 & CHd_33 & CeH_22r & CeH_33r & CuH_22r & CuH_33r & CdH_33r & CLL_1221 & eHggint & eHggpar & eHWWint & eHWWpar & eHZZint & eHZZpar & eHZgaint & eHZgapar & eHgagaint & eHmumuint & eHtautauint & eHccint & eHccpar & eHbbint & eHbbpar \\
AlsMz & $1$ & $-0.0264837$ & $-0.00596009$ & $0.0539246$ & $-0.0476285$ & $0.0395966$ & $-0.0965434$ & $-0.0314827$ & $-0.0465906$ & $0.0208024$ & $-0.00699997$ & $0.0599666$ & $0.0679216$ & $0.0554103$ & $-0.0109767$ & $0.00474736$ & $0.0546989$ & $0.0697639$ & $0.0659036$ & $0.00256135$ & $-0.00225165$ & $0.000432388$ & $-0.0117701$ & $0.00645996$ & $-0.0102307$ & $-0.0192313$ & $-0.0350352$ & $0.0541737$ & $0.0135928$ & $0.0199913$ & $0.0379636$ & $-0.0937653$ & $0.0380016$ & $-0.0283136$ & $0.112974$ & $-0.0533555$ & $-0.134419$ & $-0.00106486$ & $0.143721$ & $-0.0345846$ & $-0.0261746$ & $0.0113578$ & $-0.08271$ & $0.0584499$ & $-0.0777956$ & $0.150123$ & $0.107382$ & $0.148249$ & $-0.0646257$ \\
dAle5Mz & $-0.0264837$ & $1$ & $0.0789266$ & $0.235861$ & $0.0409329$ & $-0.00427249$ & $0.0815473$ & $-0.0866284$ & $-0.0872$ & $0.0612597$ & $0.0815123$ & $-0.0962793$ & $-0.103654$ & $-0.0421527$ & $-0.0463045$ & $-0.077362$ & $-0.000819742$ & $0.0101359$ & $0.029552$ & $-0.0675717$ & $-0.0623826$ & $-0.0599707$ & $-0.00597304$ & $0.0142105$ & $0.0127765$ & $0.0413993$ & $-0.00191139$ & $-0.0257108$ & $-0.0455155$ & $-0.0470417$ & $0.01965$ & $0.0756402$ & $-0.107438$ & $0.0142522$ & $-0.108008$ & $-0.0789505$ & $0.105531$ & $-0.00955857$ & $0.116163$ & $-0.0325124$ & $0.0395937$ & $0.0265351$ & $-0.0543704$ & $-0.138359$ & $0.0890465$ & $-0.0280072$ & $0.153987$ & $-0.0745652$ & $-0.105595$ \\
mtop & $-0.00596009$ & $0.0789266$ & $1$ & $0.0465178$ & $0.0404433$ & $0.041222$ & $-0.0723803$ & $-0.0193743$ & $-0.0222086$ & $0.00249922$ & $0.0295184$ & $0.0936278$ & $0.0745371$ & $-0.00121286$ & $-0.0237163$ & $-0.0229636$ & $-0.018626$ & $0.000354612$ & $-0.00246984$ & $-0.0265959$ & $-0.0215762$ & $-0.0229519$ & $0.039134$ & $-0.0142731$ & $-0.0198757$ & $-0.0196769$ & $-0.030848$ & $-0.0301678$ & $-0.010961$ & $0.0611265$ & $0.0755103$ & $-0.0528208$ & $0.0886081$ & $0.000777214$ & $0.123745$ & $-0.105712$ & $-0.132309$ & $0.0420533$ & $0.0804639$ & $0.0217222$ & $0.143593$ & $-0.0323651$ & $-0.130223$ & $-0.0440504$ & $0.0824135$ & $0.0887227$ & $0.0472161$ & $0.0367099$ & $0.0277458$ \\
mHl & $0.0539246$ & $0.235861$ & $0.0465178$ & $1$ & $-0.0368814$ & $0.02823$ & $0.0170372$ & $-0.0129862$ & $-0.0188625$ & $-0.00241797$ & $0.0253659$ & $-0.0353775$ & $-0.0200579$ & $-0.027953$ & $-0.00916088$ & $-0.0208183$ & $-0.0315769$ & $-0.02494$ & $-0.0151266$ & $-0.0205898$ & $-0.0213215$ & $-0.0130024$ & $-0.0369014$ & $-0.0277629$ & $-0.0284448$ & $0.0260948$ & $-0.0105795$ & $0.00750654$ & $-0.0301565$ & $-0.0404163$ & $-0.0341852$ & $0.006551$ & $-0.0753379$ & $0.00465643$ & $-0.0465653$ & $-0.0526357$ & $0.249966$ & $-0.0233998$ & $0.0767147$ & $0.00728551$ & $0.0397261$ & $0.0573237$ & $-0.0695477$ & $-0.0866407$ & $0.084928$ & $-0.134769$ & $-0.0646392$ & $0.0378079$ & $-0.0716841$ \\
Mz & $-0.0476285$ & $0.0409329$ & $0.0404433$ & $-0.0368814$ & $1$ & $0.0249656$ & $-0.00382512$ & $-0.009994$ & $-0.0145944$ & $-0.0141721$ & $0.0167768$ & $0.012068$ & $0.00493508$ & $-0.00064001$ & $-0.0247356$ & $-0.00265304$ & $-0.00117622$ & $0.0136958$ & $0.00261152$ & $-0.00975925$ & $-0.0075289$ & $-0.00567406$ & $0.00385511$ & $-0.00346164$ & $0.00338878$ & $0.00397957$ & $-0.00153712$ & $-0.0311632$ & $-0.0174446$ & $0.00434538$ & $0.0155672$ & $-0.0041115$ & $0.00798468$ & $0.0131285$ & $-0.0153267$ & $0.0162865$ & $-0.0298129$ & $-0.0175435$ & $0.0140917$ & $0.0152689$ & $0.0131084$ & $0.0193171$ & $-0.0501221$ & $0.00452321$ & $0.0545463$ & $0.0506132$ & $0.0273738$ & $-0.0303331$ & $0.00516075$ \\
CW & $0.0395966$ & $-0.00427249$ & $0.041222$ & $0.02823$ & $0.0249656$ & $1$ & $0.0708354$ & $-0.0665493$ & $-0.0648317$ & $0.0484194$ & $0.185093$ & $-0.0620298$ & $-0.0940101$ & $-0.0565396$ & $-0.105147$ & $-0.0983819$ & $-0.39158$ & $-0.172366$ & $-0.179895$ & $-0.182737$ & $-0.187167$ & $-0.182594$ & $-0.0243741$ & $-0.118899$ & $-0.221505$ & $0.143138$ & $-0.0711999$ & $-0.062017$ & $-0.000665492$ & $-0.0781346$ & $-0.0619123$ & $0.074561$ & $-0.0898327$ & $-0.103255$ & $-0.00870304$ & $-0.00429399$ & $0.0101418$ & $0.0179975$ & $-0.0455325$ & $0.0187292$ & $-0.0214457$ & $-0.0324801$ & $0.00265332$ & $-0.0530646$ & $0.00605948$ & $-0.012765$ & $-0.0514308$ & $-0.0235721$ & $-0.0105247$ \\
CHG & $-0.0965434$ & $0.0815473$ & $-0.0723803$ & $0.0170372$ & $-0.00382512$ & $0.0708354$ & $1$ & $-0.0108824$ & $0.0132217$ & $0.183984$ & $0.0660787$ & $-0.723752$ & $-0.745067$ & $-0.108164$ & $-0.0279273$ & $-0.00539925$ & $-0.11598$ & $-0.0966007$ & $-0.115028$ & $-0.0651839$ & $-0.0652032$ & $-0.0672749$ & $0.0156983$ & $-0.0713501$ & $-0.10865$ & $0.0285314$ & $-0.0317008$ & $-0.0455572$ & $-0.111248$ & $-0.580363$ & $-0.366103$ & $0.954674$ & $-0.589331$ & $0.0122684$ & $-0.228347$ & $0.0010438$ & $0.140483$ & $-0.00120606$ & $-0.00831564$ & $0.033349$ & $-0.15569$ & $-0.0202766$ & $0.0615645$ & $-0.0704534$ & $-0.0695913$ & $-8.23808e-05$ & $-0.125948$ & $0.029906$ & $-0.0594334$ \\
CHWB & $-0.0314827$ & $-0.0866284$ & $-0.0193743$ & $-0.0129862$ & $-0.009994$ & $-0.0665493$ & $-0.0108824$ & $1$ & $0.989084$ & $-0.583205$ & $-0.878008$ & $-0.00982593$ & $0.0382759$ & $0.260989$ & $0.477878$ & $0.448555$ & $-0.221341$ & $-0.423715$ & $-0.41662$ & $0.860546$ & $0.891918$ & $0.882672$ & $0.0486866$ & $-0.631508$ & $-0.377506$ & $-0.626149$ & $0.428701$ & $0.425915$ & $-0.00867806$ & $0.0217991$ & $0.0139625$ & $-0.0233331$ & $0.0388203$ & $0.535894$ & $-0.00906217$ & $0.0218056$ & $0.013359$ & $0.0246847$ & $-0.0415896$ & $0.0129847$ & $0.0103414$ & $0.00887893$ & $-0.00811108$ & $-0.00695895$ & $-0.0454457$ & $-0.0127336$ & $-0.00402842$ & $-0.0434168$ & $0.0450759$ \\
CHWHB_gaga & $-0.0465906$ & $-0.0872$ & $-0.0222086$ & $-0.0188625$ & $-0.0145944$ & $-0.0648317$ & $0.0132217$ & $0.989084$ & $1$ & $-0.579052$ & $-0.865804$ & $-0.000703261$ & $0.0453242$ & $0.25243$ & $0.471925$ & $0.441333$ & $-0.223412$ & $-0.424012$ & $-0.416166$ & $0.848603$ & $0.879755$ & $0.870439$ & $0.0522701$ & $-0.628244$ & $-0.375865$ & $-0.619052$ & $0.425655$ & $0.418414$ & $0.00156754$ & $0.0400883$ & $0.0250885$ & $-0.00144564$ & $0.0588736$ & $0.530551$ & $-0.0334941$ & $0.0113374$ & $0.00828264$ & $0.0219671$ & $-0.0564261$ & $0.0122029$ & $-0.0112202$ & $0.00254301$ & $0.0505545$ & $-0.0195457$ & $-0.0546223$ & $-0.0163498$ & $-0.0169878$ & $-0.0452349$ & $0.0458705$ \\
CHWHB_gagaorth & $0.0208024$ & $0.0612597$ & $0.00249922$ & $-0.00241797$ & $-0.0141721$ & $0.0484194$ & $0.183984$ & $-0.583205$ & $-0.579052$ & $1$ & $0.497233$ & $-0.134156$ & $-0.246651$ & $-0.126031$ & $-0.278075$ & $-0.237295$ & $0.156511$ & $0.276853$ & $0.259784$ & $-0.487141$ & $-0.507225$ & $-0.501022$ & $-0.0505512$ & $0.388778$ & $0.253599$ & $0.377979$ & $-0.237772$ & $-0.24013$ & $-0.0433278$ & $-0.212022$ & $-0.141485$ & $0.192387$ & $-0.23915$ & $-0.309943$ & $-0.00754997$ & $0.00219355$ & $0.0116944$ & $-0.0120874$ & $0.0405054$ & $-0.00610202$ & $-0.0796409$ & $-0.0134903$ & $-0.00354087$ & $-0.0101532$ & $0.0103999$ & $0.0344263$ & $-0.0342165$ & $0.0380257$ & $-0.046363$ \\
CHD & $-0.00699997$ & $0.0815123$ & $0.0295184$ & $0.0253659$ & $0.0167768$ & $0.185093$ & $0.0660787$ & $-0.878008$ & $-0.865804$ & $0.497233$ & $1$ & $-0.030036$ & $-0.101618$ & $-0.651643$ & $-0.586093$ & $-0.571978$ & $-0.244101$ & $0.00742346$ & $0.000683742$ & $-0.99492$ & $-0.995183$ & $-0.984038$ & $0.0198457$ & $0.225384$ & $-0.0503639$ & $0.694574$ & $-0.305939$ & $-0.464457$ & $0.017411$ & $-0.0670774$ & $-0.0578033$ & $0.0839265$ & $-0.0901948$ & $-0.335327$ & $0.00736965$ & $-0.0241609$ & $-0.0176194$ & $-0.0269773$ & $0.0153391$ & $0.0110445$ & $-0.0333318$ & $0.00219886$ & $0.0289588$ & $0.00506744$ & $0.0631364$ & $0.0103544$ & $0.0171179$ & $0.0162852$ & $-0.0218931$ \\
CHbox & $0.0599666$ & $-0.0962793$ & $0.0936278$ & $-0.0353775$ & $0.012068$ & $-0.0620298$ & $-0.723752$ & $-0.00982593$ & $-0.000703261$ & $-0.134156$ & $-0.030036$ & $1$ & $0.967577$ & $0.066691$ & $0.0098098$ & $-0.0152659$ & $0.0869882$ & $0.0761501$ & $0.0919077$ & $0.0309989$ & $0.0295734$ & $0.0282227$ & $-0.00302596$ & $0.0610375$ & $0.0785655$ & $-0.0148004$ & $0.00902536$ & $0.0250606$ & $0.178976$ & $0.722206$ & $0.438456$ & $-0.624928$ & $0.735343$ & $-0.0168435$ & $0.251707$ & $0.0154186$ & $-0.156033$ & $0.00494657$ & $-0.0216532$ & $-0.0533167$ & $0.134923$ & $0.000105333$ & $-0.0533692$ & $0.110319$ & $0.056583$ & $-0.0102635$ & $0.0965227$ & $-0.0320144$ & $0.0616341$ \\
CH & $0.0679216$ & $-0.103654$ & $0.0745371$ & $-0.0200579$ & $0.00493508$ & $-0.0940101$ & $-0.745067$ & $0.0382759$ & $0.0453242$ & $-0.246651$ & $-0.101618$ & $0.967577$ & $1$ & $0.131219$ & $0.0418335$ & $0.0146824$ & $0.137545$ & $0.108317$ & $0.126832$ & $0.100252$ & $0.100914$ & $0.0996377$ & $0.00423681$ & $0.066861$ & $0.115085$ & $-0.0706678$ & $0.0345863$ & $0.0563871$ & $0.183101$ & $0.723621$ & $0.445346$ & $-0.656291$ & $0.73687$ & $0.00514345$ & $0.2353$ & $0.033964$ & $-0.149642$ & $0.00953795$ & $-0.0151392$ & $-0.0640879$ & $0.148397$ & $0.00483647$ & $-0.053937$ & $0.103582$ & $0.0551853$ & $-0.0159818$ & $0.101205$ & $-0.0276088$ & $0.0625555$ \\
CHL1_11 & $0.0554103$ & $-0.0421527$ & $-0.00121286$ & $-0.027953$ & $-0.00064001$ & $-0.0565396$ & $-0.108164$ & $0.260989$ & $0.25243$ & $-0.126031$ & $-0.651643$ & $0.066691$ & $0.131219$ & $1$ & $0.400077$ & $0.421418$ & $0.642269$ & $0.590743$ & $0.587972$ & $0.665046$ & $0.622946$ & $0.615393$ & $-0.111943$ & $0.450372$ & $0.603352$ & $-0.427266$ & $-0.0337715$ & $0.282146$ & $-0.0221604$ & $0.0848071$ & $0.0847441$ & $-0.125123$ & $0.106104$ & $-0.168627$ & $-0.00371564$ & $0.0194809$ & $0.0120252$ & $0.0223446$ & $0.0173241$ & $-0.0262124$ & $0.0618589$ & $-0.0235605$ & $-0.0507323$ & $-0.000208123$ & $-0.0429048$ & $-0.00201807$ & $-0.0405989$ & $0.0192958$ & $-0.0171682$ \\
CHL1_22 & $-0.0109767$ & $-0.0463045$ & $-0.0237163$ & $-0.00916088$ & $-0.0247356$ & $-0.105147$ & $-0.0279273$ & $0.477878$ & $0.471925$ & $-0.278075$ & $-0.586093$ & $0.0098098$ & $0.0418335$ & $0.400077$ & $1$ & $0.566693$ & $0.163645$ & $-0.326298$ & $-0.0362374$ & $0.628274$ & $0.53169$ & $0.522572$ & $-0.200832$ & $0.0248806$ & $-0.0854631$ & $-0.355768$ & $-0.280759$ & $0.243582$ & $-0.0184176$ & $0.0275379$ & $0.0244094$ & $-0.0446896$ & $0.0399527$ & $-0.446853$ & $-0.0536229$ & $0.013317$ & $0.0739947$ & $-0.0147256$ & $-0.00730777$ & $-0.00427366$ & $0.031929$ & $-0.00852968$ & $-0.0147139$ & $-0.0203736$ & $-0.0755861$ & $-0.00709037$ & $-0.0304983$ & $0.0666141$ & $-0.000592554$ \\
CHL1_33 & $0.00474736$ & $-0.077362$ & $-0.0229636$ & $-0.0208183$ & $-0.00265304$ & $-0.0983819$ & $-0.00539925$ & $0.448555$ & $0.441333$ & $-0.237295$ & $-0.571978$ & $-0.0152659$ & $0.0146824$ & $0.421418$ & $0.566693$ & $1$ & $0.186938$ & $-0.00293777$ & $-0.285607$ & $0.615963$ & $0.517626$ & $0.526375$ & $-0.177463$ & $0.0606425$ & $-0.038736$ & $-0.350019$ & $-0.269461$ & $0.24852$ & $-0.0228757$ & $0.0192344$ & $0.0370104$ & $-0.00928916$ & $0.0307378$ & $-0.0574827$ & $-0.010627$ & $-0.00587538$ & $0.0340955$ & $-0.0138586$ & $-0.0136814$ & $-0.0280431$ & $-0.00490858$ & $0.0120987$ & $-0.00496351$ & $0.00661777$ & $-0.0468421$ & $0.00941239$ & $-0.0413114$ & $0.0458653$ & $-0.0270139$ \\
CHL3_11 & $0.0546989$ & $-0.000819742$ & $-0.018626$ & $-0.0315769$ & $-0.00117622$ & $-0.39158$ & $-0.11598$ & $-0.221341$ & $-0.223412$ & $0.156511$ & $-0.244101$ & $0.0869882$ & $0.137545$ & $0.642269$ & $0.163645$ & $0.186938$ & $1$ & $0.815814$ & $0.820632$ & $0.257103$ & $0.2204$ & $0.215562$ & $-0.0924067$ & $0.751558$ & $0.853605$ & $-0.152062$ & $-0.143383$ & $0.0763154$ & $-0.0109719$ & $0.103481$ & $0.0932345$ & $-0.12732$ & $0.115251$ & $-0.250967$ & $0.00530575$ & $0.00248812$ & $0.00221656$ & $0.00260837$ & $0.0560577$ & $-0.0526052$ & $0.0329144$ & $-0.0196724$ & $-0.0346813$ & $0.00793366$ & $-0.0376169$ & $0.0116637$ & $-0.0176083$ & $0.0495492$ & $-0.0351908$ \\
CHL3_22 & $0.0697639$ & $0.0101359$ & $0.000354612$ & $-0.02494$ & $0.0136958$ & $-0.172366$ & $-0.0966007$ & $-0.423715$ & $-0.424012$ & $0.276853$ & $0.00742346$ & $0.0761501$ & $0.108317$ & $0.590743$ & $-0.326298$ & $-0.00293777$ & $0.815814$ & $1$ & $0.800162$ & $-0.00594646$ & $-0.0127837$ & $-0.0107747$ & $-0.020714$ & $0.746701$ & $0.873647$ & $0.00648759$ & $-0.0525872$ & $-0.0215642$ & $-0.00914008$ & $0.078377$ & $0.0753452$ & $-0.0983822$ & $0.0861158$ & $-0.0814871$ & $0.0354294$ & $-0.000128601$ & $-0.033381$ & $0.0136942$ & $0.046558$ & $-0.0463024$ & $0.0269405$ & $-0.0188279$ & $-0.0341316$ & $0.0168829$ & $0.00323086$ & $0.00907322$ & $-0.0156568$ & $0.0136805$ & $-0.0398729$ \\
CHL3_33 & $0.0659036$ & $0.029552$ & $-0.00246984$ & $-0.0151266$ & $0.00261152$ & $-0.179895$ & $-0.115028$ & $-0.41662$ & $-0.416166$ & $0.259784$ & $0.000683742$ & $0.0919077$ & $0.126832$ & $0.587972$ & $-0.0362374$ & $-0.285607$ & $0.820632$ & $0.800162$ & $1$ & $-0.000282884$ & $-0.0057507$ & $-0.0041118$ & $-0.0343428$ & $0.741458$ & $0.866227$ & $0.00572979$ & $-0.0575176$ & $-0.0283765$ & $-0.000870423$ & $0.0841044$ & $0.0719639$ & $-0.12588$ & $0.0936335$ & $-0.355343$ & $0.00150783$ & $0.0183188$ & $-0.00661433$ & $0.0162455$ & $0.053778$ & $-0.029673$ & $0.0508986$ & $-0.0273116$ & $-0.0426781$ & $-0.00329985$ & $-0.00875578$ & $0.00831707$ & $-0.00908379$ & $0.0284222$ & $-0.0230738$ \\
CHe_11 & $0.00256135$ & $-0.0675717$ & $-0.0265959$ & $-0.0205898$ & $-0.00975925$ & $-0.182737$ & $-0.0651839$ & $0.860546$ & $0.848603$ & $-0.487141$ & $-0.99492$ & $0.0309989$ & $0.100252$ & $0.665046$ & $0.628274$ & $0.615963$ & $0.257103$ & $-0.00594646$ & $-0.000282884$ & $1$ & $0.985115$ & $0.974666$ & $-0.0436134$ & $-0.189766$ & $0.0576694$ & $-0.684686$ & $0.251705$ & $0.458947$ & $-0.0218241$ & $0.0669865$ & $0.0585164$ & $-0.0824965$ & $0.0889805$ & $0.277036$ & $-0.0085664$ & $0.0237993$ & $0.023845$ & $0.0247476$ & $-0.0146528$ & $-0.0149223$ & $0.034051$ & $-0.00430771$ & $-0.0337793$ & $-0.00803295$ & $-0.063708$ & $-0.0135008$ & $-0.016257$ & $-0.00804979$ & $0.0154997$ \\
CHe_22 & $-0.00225165$ & $-0.0623826$ & $-0.0215762$ & $-0.0213215$ & $-0.0075289$ & $-0.187167$ & $-0.0652032$ & $0.891918$ & $0.879755$ & $-0.507225$ & $-0.995183$ & $0.0295734$ & $0.100914$ & $0.622946$ & $0.53169$ & $0.517626$ & $0.2204$ & $-0.0127837$ & $-0.0057507$ & $0.985115$ & $1$ & $0.987129$ & $0.00404262$ & $-0.268182$ & $0.0386093$ & $-0.698289$ & $0.366026$ & $0.464949$ & $-0.0157251$ & $0.0674032$ & $0.05802$ & $-0.0830689$ & $0.0892715$ & $0.402311$ & $-0.00719478$ & $0.0225174$ & $0.0141501$ & $0.0283537$ & $-0.015316$ & $-0.00890706$ & $0.0336471$ & $-0.00156988$ & $-0.0306448$ & $-0.00596264$ & $-0.0557536$ & $-0.0101787$ & $-0.00991586$ & $-0.0254609$ & $0.0259462$ \\
CHe_33 & $0.000432388$ & $-0.0599707$ & $-0.0229519$ & $-0.0130024$ & $-0.00567406$ & $-0.182594$ & $-0.0672749$ & $0.882672$ & $0.870439$ & $-0.501022$ & $-0.984038$ & $0.0282227$ & $0.0996377$ & $0.615393$ & $0.522572$ & $0.526375$ & $0.215562$ & $-0.0107747$ & $-0.0041118$ & $0.974666$ & $0.987129$ & $1$ & $0.00173851$ & $-0.266032$ & $0.0404493$ & $-0.685432$ & $0.367873$ & $0.462849$ & $-0.0125586$ & $0.0658438$ & $0.0574669$ & $-0.0849287$ & $0.0860573$ & $0.402357$ & $-0.0123875$ & $0.0270786$ & $0.0166594$ & $0.0315533$ & $-0.00907743$ & $-0.00856129$ & $0.0364489$ & $0.000484543$ & $-0.0361007$ & $-0.0157653$ & $-0.0519897$ & $-0.00569507$ & $-0.0116428$ & $-0.0316737$ & $0.0196188$ \\
CHQ1_11 & $-0.0117701$ & $-0.00597304$ & $0.039134$ & $-0.0369014$ & $0.00385511$ & $-0.0243741$ & $0.0156983$ & $0.0486866$ & $0.0522701$ & $-0.0505512$ & $0.0198457$ & $-0.00302596$ & $0.00423681$ & $-0.111943$ & $-0.200832$ & $-0.177463$ & $-0.0924067$ & $-0.020714$ & $-0.0343428$ & $-0.0436134$ & $0.00404262$ & $0.00173851$ & $1$ & $-0.143412$ & $0.0304497$ & $-0.567573$ & $0.379389$ & $0.0207724$ & $0.00948709$ & $-0.0114555$ & $0.0147793$ & $0.015095$ & $-0.00801771$ & $0.241104$ & $0.0171577$ & $0.0289053$ & $-0.0515868$ & $0.0233231$ & $0.0272237$ & $0.0367491$ & $0.0856538$ & $0.0315094$ & $-0.0153822$ & $0.0188882$ & $0.07683$ & $0.0348765$ & $0.0525884$ & $-0.0865109$ & $0.00938816$ \\
CHQ1_33 & $0.00645996$ & $0.0142105$ & $-0.0142731$ & $-0.0277629$ & $-0.00346164$ & $-0.118899$ & $-0.0713501$ & $-0.631508$ & $-0.628244$ & $0.388778$ & $0.225384$ & $0.0610375$ & $0.066861$ & $0.450372$ & $0.0248806$ & $0.0606425$ & $0.751558$ & $0.746701$ & $0.741458$ & $-0.189766$ & $-0.268182$ & $-0.266032$ & $-0.143412$ & $1$ & $0.759855$ & $0.188654$ & $-0.412343$ & $-0.076124$ & $-0.0147536$ & $0.0516048$ & $0.047141$ & $-0.072628$ & $0.0564704$ & $-0.620273$ & $-0.000805479$ & $-0.0115828$ & $0.00576735$ & $-0.0149121$ & $0.0363776$ & $-0.0313763$ & $0.0370024$ & $-0.0228678$ & $-0.0158361$ & $-0.00321132$ & $-0.0074784$ & $0.00377362$ & $-0.0397478$ & $0.0623907$ & $-0.0396193$ \\
CHQ3_11 & $-0.0102307$ & $0.0127765$ & $-0.0198757$ & $-0.0284448$ & $0.00338878$ & $-0.221505$ & $-0.10865$ & $-0.377506$ & $-0.375865$ & $0.253599$ & $-0.0503639$ & $0.0785655$ & $0.115085$ & $0.603352$ & $-0.0854631$ & $-0.038736$ & $0.853605$ & $0.873647$ & $0.866227$ & $0.0576694$ & $0.0386093$ & $0.0404493$ & $0.0304497$ & $0.759855$ & $1$ & $-0.0265911$ & $0.112367$ & $-0.00436056$ & $-0.00337836$ & $0.0847922$ & $0.0681548$ & $-0.117274$ & $0.0855069$ & $-0.247678$ & $-0.00882776$ & $0.00826395$ & $-0.011896$ & $0.00596677$ & $0.0518791$ & $-0.0357157$ & $0.0473846$ & $-0.0125678$ & $-0.016638$ & $0.00618047$ & $0.0126565$ & $-0.00761735$ & $-0.0155767$ & $0.0025588$ & $-0.0285267$ \\
CHu_11 & $-0.0192313$ & $0.0413993$ & $-0.0196769$ & $0.0260948$ & $0.00397957$ & $0.143138$ & $0.0285314$ & $-0.626149$ & $-0.619052$ & $0.377979$ & $0.694574$ & $-0.0148004$ & $-0.0706678$ & $-0.427266$ & $-0.355768$ & $-0.350019$ & $-0.152062$ & $0.00648759$ & $0.00572979$ & $-0.684686$ & $-0.698289$ & $-0.685432$ & $-0.567573$ & $0.188654$ & $-0.0265911$ & $1$ & $-0.257539$ & $-0.334846$ & $0.0188999$ & $-0.0404369$ & $-0.0605144$ & $0.0401663$ & $-0.061348$ & $-0.302712$ & $-0.000577489$ & $-0.0178417$ & $0.0147522$ & $-0.02689$ & $-0.0163859$ & $-0.0169541$ & $-0.0744157$ & $-0.0151304$ & $0.0519609$ & $-0.0184243$ & $0.00763654$ & $-0.0262909$ & $-0.0368571$ & $0.0390961$ & $-0.0188352$ \\
CHd_11 & $-0.0350352$ & $-0.00191139$ & $-0.030848$ & $-0.0105795$ & $-0.00153712$ & $-0.0711999$ & $-0.0317008$ & $0.428701$ & $0.425655$ & $-0.237772$ & $-0.305939$ & $0.00902536$ & $0.0345863$ & $-0.0337715$ & $-0.280759$ & $-0.269461$ & $-0.143383$ & $-0.0525872$ & $-0.0575176$ & $0.251705$ & $0.366026$ & $0.367873$ & $0.379389$ & $-0.412343$ & $0.112367$ & $-0.257539$ & $1$ & $0.163924$ & $0.0174001$ & $0.0192304$ & $-0.00690105$ & $-0.0378208$ & $0.0156915$ & $0.698871$ & $-0.00412405$ & $0.0139781$ & $-0.0518838$ & $0.0332953$ & $-0.00344119$ & $0.02223$ & $0.023681$ & $0.025374$ & $0.022449$ & $-0.00431478$ & $0.0469831$ & $-0.0166347$ & $0.033522$ & $-0.116455$ & $0.0474228$ \\
CHd_33 & $0.0541737$ & $-0.0257108$ & $-0.0301678$ & $0.00750654$ & $-0.0311632$ & $-0.062017$ & $-0.0455572$ & $0.425915$ & $0.418414$ & $-0.24013$ & $-0.464457$ & $0.0250606$ & $0.0563871$ & $0.282146$ & $0.243582$ & $0.24852$ & $0.0763154$ & $-0.0215642$ & $-0.0283765$ & $0.458947$ & $0.464949$ & $0.462849$ & $0.0207724$ & $-0.076124$ & $-0.00436056$ & $-0.334846$ & $0.163924$ & $1$ & $0.0165623$ & $0.0363549$ & $0.0227621$ & $-0.0539491$ & $0.0463518$ & $0.19768$ & $-0.00107339$ & $0.0354943$ & $0.00427527$ & $-0.0121186$ & $0.0140335$ & $-0.0287633$ & $-0.00156344$ & $0.00631655$ & $-0.0148909$ & $-0.0263352$ & $-0.068525$ & $0.00857298$ & $0.00725646$ & $-0.0353286$ & $0.0296652$ \\
CeH_22r & $0.0135928$ & $-0.0455155$ & $-0.010961$ & $-0.0301565$ & $-0.0174446$ & $-0.000665492$ & $-0.111248$ & $-0.00867806$ & $0.00156754$ & $-0.0433278$ & $0.017411$ & $0.178976$ & $0.183101$ & $-0.0221604$ & $-0.0184176$ & $-0.0228757$ & $-0.0109719$ & $-0.00914008$ & $-0.000870423$ & $-0.0218241$ & $-0.0157251$ & $-0.0125586$ & $0.00948709$ & $-0.0147536$ & $-0.00337836$ & $0.0188999$ & $0.0174001$ & $0.0165623$ & $1$ & $0.155539$ & $0.107877$ & $-0.10326$ & $0.162896$ & $0.00710587$ & $0.0163103$ & $-0.0595261$ & $-0.0678648$ & $0.0116426$ & $-0.0298386$ & $0.0270054$ & $0.00175408$ & $-0.00624952$ & $0.0649722$ & $0.0260559$ & $0.0015003$ & $0.0620788$ & $0.0189703$ & $0.0205004$ & $0.0151648$ \\
CeH_33r & $0.0199913$ & $-0.0470417$ & $0.0611265$ & $-0.0404163$ & $0.00434538$ & $-0.0781346$ & $-0.580363$ & $0.0217991$ & $0.0400883$ & $-0.212022$ & $-0.0670774$ & $0.722206$ & $0.723621$ & $0.0848071$ & $0.0275379$ & $0.0192344$ & $0.103481$ & $0.078377$ & $0.0841044$ & $0.0669865$ & $0.0674032$ & $0.0658438$ & $-0.0114555$ & $0.0516048$ & $0.0847922$ & $-0.0404369$ & $0.0192304$ & $0.0363549$ & $0.155539$ & $1$ & $0.520918$ & $-0.43732$ & $0.838876$ & $0.00638508$ & $0.138664$ & $-0.0417025$ & $-0.233361$ & $-0.00126857$ & $-0.0149849$ & $-0.0352835$ & $0.141422$ & $-0.0153021$ & $-0.03789$ & $0.0582129$ & $0.105207$ & $-0.00459932$ & $0.0885126$ & $-0.0565459$ & $0.0869169$ \\
CuH_22r & $0.0379636$ & $0.01965$ & $0.0755103$ & $-0.0341852$ & $0.0155672$ & $-0.0619123$ & $-0.366103$ & $0.0139625$ & $0.0250885$ & $-0.141485$ & $-0.0578033$ & $0.438456$ & $0.445346$ & $0.0847441$ & $0.0244094$ & $0.0370104$ & $0.0932345$ & $0.0753452$ & $0.0719639$ & $0.0585164$ & $0.05802$ & $0.0574669$ & $0.0147793$ & $0.047141$ & $0.0681548$ & $-0.0605144$ & $-0.00690105$ & $0.0227621$ & $0.107877$ & $0.520918$ & $1$ & $-0.261971$ & $0.569084$ & $0.000683894$ & $0.116656$ & $-0.0300787$ & $-0.185956$ & $-0.00097702$ & $0.0828396$ & $-0.0619692$ & $0.125063$ & $0.0347282$ & $-0.08743$ & $0.0471522$ & $0.0696976$ & $0.0420963$ & $0.360621$ & $-0.0217357$ & $0.0816162$ \\
CuH_33r & $-0.0937653$ & $0.0756402$ & $-0.0528208$ & $0.006551$ & $-0.0041115$ & $0.074561$ & $0.954674$ & $-0.0233331$ & $-0.00144564$ & $0.192387$ & $0.0839265$ & $-0.624928$ & $-0.656291$ & $-0.125123$ & $-0.0446896$ & $-0.00928916$ & $-0.12732$ & $-0.0983822$ & $-0.12588$ & $-0.0824965$ & $-0.0830689$ & $-0.0849287$ & $0.015095$ & $-0.072628$ & $-0.117274$ & $0.0401663$ & $-0.0378208$ & $-0.0539491$ & $-0.10326$ & $-0.43732$ & $-0.261971$ & $1$ & $-0.433935$ & $0.0142525$ & $-0.146905$ & $0.00728598$ & $0.100411$ & $-0.00457323$ & $-0.0161021$ & $0.0395157$ & $-0.12893$ & $-0.0306213$ & $0.039953$ & $-0.034612$ & $-0.0543148$ & $-0.0201133$ & $-0.11578$ & $0.0367674$ & $-0.0567671$ \\
CdH_33r & $0.0380016$ & $-0.107438$ & $0.0886081$ & $-0.0753379$ & $0.00798468$ & $-0.0898327$ & $-0.589331$ & $0.0388203$ & $0.0588736$ & $-0.23915$ & $-0.0901948$ & $0.735343$ & $0.73687$ & $0.106104$ & $0.0399527$ & $0.0307378$ & $0.115251$ & $0.0861158$ & $0.0936335$ & $0.0889805$ & $0.0892715$ & $0.0860573$ & $-0.00801771$ & $0.0564704$ & $0.0855069$ & $-0.061348$ & $0.0156915$ & $0.0463518$ & $0.162896$ & $0.838876$ & $0.569084$ & $-0.433935$ & $1$ & $0.00771007$ & $0.121168$ & $-0.0694393$ & $-0.278288$ & $-0.0172114$ & $-0.0212635$ & $-0.0323482$ & $0.196334$ & $-0.0100663$ & $-0.0698431$ & $0.114382$ & $0.105984$ & $0.0133734$ & $0.144905$ & $0.0273398$ & $0.366258$ \\
CLL_1221 & $-0.0283136$ & $0.0142522$ & $0.000777214$ & $0.00465643$ & $0.0131285$ & $-0.103255$ & $0.0122684$ & $0.535894$ & $0.530551$ & $-0.309943$ & $-0.335327$ & $-0.0168435$ & $0.00514345$ & $-0.168627$ & $-0.446853$ & $-0.0574827$ & $-0.250967$ & $-0.0814871$ & $-0.355343$ & $0.277036$ & $0.402311$ & $0.402357$ & $0.241104$ & $-0.620273$ & $-0.247678$ & $-0.302712$ & $0.698871$ & $0.19768$ & $0.00710587$ & $0.00638508$ & $0.000683894$ & $0.0142525$ & $0.00771007$ & $1$ & $0.0338339$ & $0.00010367$ & $-0.0476148$ & $0.0313789$ & $-0.0221376$ & $0.00394975$ & $-0.02681$ & $0.0193534$ & $0.00753796$ & $0.00584889$ & $0.0201054$ & $-0.00152699$ & $0.0354896$ & $-0.101481$ & $0.0381296$ \\
eHggint & $0.112974$ & $-0.108008$ & $0.123745$ & $-0.0465653$ & $-0.0153267$ & $-0.00870304$ & $-0.228347$ & $-0.00906217$ & $-0.0334941$ & $-0.00754997$ & $0.00736965$ & $0.251707$ & $0.2353$ & $-0.00371564$ & $-0.0536229$ & $-0.010627$ & $0.00530575$ & $0.0354294$ & $0.00150783$ & $-0.0085664$ & $-0.00719478$ & $-0.0123875$ & $0.0171577$ & $-0.000805479$ & $-0.00882776$ & $-0.000577489$ & $-0.00412405$ & $-0.00107339$ & $0.0163103$ & $0.138664$ & $0.116656$ & $-0.146905$ & $0.121168$ & $0.0338339$ & $1$ & $-0.129076$ & $-0.154326$ & $0.00114438$ & $-0.0316926$ & $0.00217909$ & $0.0597382$ & $0.0295366$ & $-0.12283$ & $0.217233$ & $-0.0890638$ & $-0.109034$ & $0.159515$ & $0.0529572$ & $-0.152946$ \\
eHggpar & $-0.0533555$ & $-0.0789505$ & $-0.105712$ & $-0.0526357$ & $0.0162865$ & $-0.00429399$ & $0.0010438$ & $0.0218056$ & $0.0113374$ & $0.00219355$ & $-0.0241609$ & $0.0154186$ & $0.033964$ & $0.0194809$ & $0.013317$ & $-0.00587538$ & $0.00248812$ & $-0.000128601$ & $0.0183188$ & $0.0237993$ & $0.0225174$ & $0.0270786$ & $0.0289053$ & $-0.0115828$ & $0.00826395$ & $-0.0178417$ & $0.0139781$ & $0.0354943$ & $-0.0595261$ & $-0.0417025$ & $-0.0300787$ & $0.00728598$ & $-0.0694393$ & $0.00010367$ & $-0.129076$ & $1$ & $0.227637$ & $0.00689649$ & $0.0609071$ & $0.0507834$ & $0.00103812$ & $-0.0177292$ & $-0.0690658$ & $-0.0337198$ & $0.093914$ & $-0.053243$ & $-0.139272$ & $-0.0378993$ & $-0.105417$ \\
eHWWint & $-0.134419$ & $0.105531$ & $-0.132309$ & $0.249966$ & $-0.0298129$ & $0.0101418$ & $0.140483$ & $0.013359$ & $0.00828264$ & $0.0116944$ & $-0.0176194$ & $-0.156033$ & $-0.149642$ & $0.0120252$ & $0.0739947$ & $0.0340955$ & $0.00221656$ & $-0.033381$ & $-0.00661433$ & $0.023845$ & $0.0141501$ & $0.0166594$ & $-0.0515868$ & $0.00576735$ & $-0.011896$ & $0.0147522$ & $-0.0518838$ & $0.00427527$ & $-0.0678648$ & $-0.233361$ & $-0.185956$ & $0.100411$ & $-0.278288$ & $-0.0476148$ & $-0.154326$ & $0.227637$ & $1$ & $-0.0124463$ & $-0.0582161$ & $0.0464738$ & $-0.13381$ & $0.0677732$ & $0.126702$ & $0.0380069$ & $-0.140754$ & $-0.148008$ & $-0.29155$ & $0.216743$ & $-0.205153$ \\
eHWWpar & $-0.00106486$ & $-0.00955857$ & $0.0420533$ & $-0.0233998$ & $-0.0175435$ & $0.0179975$ & $-0.00120606$ & $0.0246847$ & $0.0219671$ & $-0.0120874$ & $-0.0269773$ & $0.00494657$ & $0.00953795$ & $0.0223446$ & $-0.0147256$ & $-0.0138586$ & $0.00260837$ & $0.0136942$ & $0.0162455$ & $0.0247476$ & $0.0283537$ & $0.0315533$ & $0.0233231$ & $-0.0149121$ & $0.00596677$ & $-0.02689$ & $0.0332953$ & $-0.0121186$ & $0.0116426$ & $-0.00126857$ & $-0.00097702$ & $-0.00457323$ & $-0.0172114$ & $0.0313789$ & $0.00114438$ & $0.00689649$ & $-0.0124463$ & $1$ & $0.0480132$ & $0.0192949$ & $0.0472219$ & $-0.00234997$ & $-0.028222$ & $-0.0577742$ & $0.019737$ & $0.0152651$ & $0.00683054$ & $0.019921$ & $-0.0119272$ \\
eHZZint & $0.143721$ & $0.116163$ & $0.0804639$ & $0.0767147$ & $0.0140917$ & $-0.0455325$ & $-0.00831564$ & $-0.0415896$ & $-0.0564261$ & $0.0405054$ & $0.0153391$ & $-0.0216532$ & $-0.0151392$ & $0.0173241$ & $-0.00730777$ & $-0.0136814$ & $0.0560577$ & $0.046558$ & $0.053778$ & $-0.0146528$ & $-0.015316$ & $-0.00907743$ & $0.0272237$ & $0.0363776$ & $0.0518791$ & $-0.0163859$ & $-0.00344119$ & $0.0140335$ & $-0.0298386$ & $-0.0149849$ & $0.0828396$ & $-0.0161021$ & $-0.0212635$ & $-0.0221376$ & $-0.0316926$ & $0.0609071$ & $-0.0582161$ & $0.0480132$ & $1$ & $-0.00587638$ & $0.154258$ & $0.0101975$ & $-0.232599$ & $0.00556258$ & $0.124729$ & $0.0636846$ & $0.273682$ & $0.00338682$ & $-0.0120914$ \\
eHZZpar & $-0.0345846$ & $-0.0325124$ & $0.0217222$ & $0.00728551$ & $0.0152689$ & $0.0187292$ & $0.033349$ & $0.0129847$ & $0.0122029$ & $-0.00610202$ & $0.0110445$ & $-0.0533167$ & $-0.0640879$ & $-0.0262124$ & $-0.00427366$ & $-0.0280431$ & $-0.0526052$ & $-0.0463024$ & $-0.029673$ & $-0.0149223$ & $-0.00890706$ & $-0.00856129$ & $0.0367491$ & $-0.0313763$ & $-0.0357157$ & $-0.0169541$ & $0.02223$ & $-0.0287633$ & $0.0270054$ & $-0.0352835$ & $-0.0619692$ & $0.0395157$ & $-0.0323482$ & $0.00394975$ & $0.00217909$ & $0.0507834$ & $0.0464738$ & $0.0192949$ & $-0.00587638$ & $1$ & $-0.0264403$ & $-0.0478961$ & $0.0511416$ & $0.0395062$ & $-0.0279132$ & $-0.0849495$ & $-0.072349$ & $0.0135751$ & $0.0404834$ \\
eHZgaint & $-0.0261746$ & $0.0395937$ & $0.143593$ & $0.0397261$ & $0.0131084$ & $-0.0214457$ & $-0.15569$ & $0.0103414$ & $-0.0112202$ & $-0.0796409$ & $-0.0333318$ & $0.134923$ & $0.148397$ & $0.0618589$ & $0.031929$ & $-0.00490858$ & $0.0329144$ & $0.0269405$ & $0.0508986$ & $0.034051$ & $0.0336471$ & $0.0364489$ & $0.0856538$ & $0.0370024$ & $0.0473846$ & $-0.0744157$ & $0.023681$ & $-0.00156344$ & $0.00175408$ & $0.141422$ & $0.125063$ & $-0.12893$ & $0.196334$ & $-0.02681$ & $0.0597382$ & $0.00103812$ & $-0.13381$ & $0.0472219$ & $0.154258$ & $-0.0264403$ & $1$ & $-0.0118251$ & $-0.338667$ & $0.074682$ & $0.254081$ & $-0.0975613$ & $0.136547$ & $-0.0310715$ & $0.192229$ \\
eHZgapar & $0.0113578$ & $0.0265351$ & $-0.0323651$ & $0.0573237$ & $0.0193171$ & $-0.0324801$ & $-0.0202766$ & $0.00887893$ & $0.00254301$ & $-0.0134903$ & $0.00219886$ & $0.000105333$ & $0.00483647$ & $-0.0235605$ & $-0.00852968$ & $0.0120987$ & $-0.0196724$ & $-0.0188279$ & $-0.0273116$ & $-0.00430771$ & $-0.00156988$ & $0.000484543$ & $0.0315094$ & $-0.0228678$ & $-0.0125678$ & $-0.0151304$ & $0.025374$ & $0.00631655$ & $-0.00624952$ & $-0.0153021$ & $0.0347282$ & $-0.0306213$ & $-0.0100663$ & $0.0193534$ & $0.0295366$ & $-0.0177292$ & $0.0677732$ & $-0.00234997$ & $0.0101975$ & $-0.0478961$ & $-0.0118251$ & $1$ & $0.00520526$ & $0.0244746$ & $0.0591672$ & $-0.00314804$ & $0.0855004$ & $0.0812403$ & $0.00123292$ \\
eHgagaint & $-0.08271$ & $-0.0543704$ & $-0.130223$ & $-0.0695477$ & $-0.0501221$ & $0.00265332$ & $0.0615645$ & $-0.00811108$ & $0.0505545$ & $-0.00354087$ & $0.0289588$ & $-0.0533692$ & $-0.053937$ & $-0.0507323$ & $-0.0147139$ & $-0.00496351$ & $-0.0346813$ & $-0.0341316$ & $-0.0426781$ & $-0.0337793$ & $-0.0306448$ & $-0.0361007$ & $-0.0153822$ & $-0.0158361$ & $-0.016638$ & $0.0519609$ & $0.022449$ & $-0.0148909$ & $0.0649722$ & $-0.03789$ & $-0.08743$ & $0.039953$ & $-0.0698431$ & $0.00753796$ & $-0.12283$ & $-0.0690658$ & $0.126702$ & $-0.028222$ & $-0.232599$ & $0.0511416$ & $-0.338667$ & $0.00520526$ & $1$ & $-0.111183$ & $-0.212678$ & $-0.103685$ & $-0.166164$ & $0.0847573$ & $-0.100308$ \\
eHmumuint & $0.0584499$ & $-0.138359$ & $-0.0440504$ & $-0.0866407$ & $0.00452321$ & $-0.0530646$ & $-0.0704534$ & $-0.00695895$ & $-0.0195457$ & $-0.0101532$ & $0.00506744$ & $0.110319$ & $0.103582$ & $-0.000208123$ & $-0.0203736$ & $0.00661777$ & $0.00793366$ & $0.0168829$ & $-0.00329985$ & $-0.00803295$ & $-0.00596264$ & $-0.0157653$ & $0.0188882$ & $-0.00321132$ & $0.00618047$ & $-0.0184243$ & $-0.00431478$ & $-0.0263352$ & $0.0260559$ & $0.0582129$ & $0.0471522$ & $-0.034612$ & $0.114382$ & $0.00584889$ & $0.217233$ & $-0.0337198$ & $0.0380069$ & $-0.0577742$ & $0.00556258$ & $0.0395062$ & $0.074682$ & $0.0244746$ & $-0.111183$ & $1$ & $0.0555623$ & $0.0041951$ & $0.0823058$ & $0.0278353$ & $0.136127$ \\
eHtautauint & $-0.0777956$ & $0.0890465$ & $0.0824135$ & $0.084928$ & $0.0545463$ & $0.00605948$ & $-0.0695913$ & $-0.0454457$ & $-0.0546223$ & $0.0103999$ & $0.0631364$ & $0.056583$ & $0.0551853$ & $-0.0429048$ & $-0.0755861$ & $-0.0468421$ & $-0.0376169$ & $0.00323086$ & $-0.00875578$ & $-0.063708$ & $-0.0557536$ & $-0.0519897$ & $0.07683$ & $-0.0074784$ & $0.0126565$ & $0.00763654$ & $0.0469831$ & $-0.068525$ & $0.0015003$ & $0.105207$ & $0.0696976$ & $-0.0543148$ & $0.105984$ & $0.0201054$ & $-0.0890638$ & $0.093914$ & $-0.140754$ & $0.019737$ & $0.124729$ & $-0.0279132$ & $0.254081$ & $0.0591672$ & $-0.212678$ & $0.0555623$ & $1$ & $0.11352$ & $0.103685$ & $-0.157939$ & $0.179847$ \\
eHccint & $0.150123$ & $-0.0280072$ & $0.0887227$ & $-0.134769$ & $0.0506132$ & $-0.012765$ & $-8.23808e-05$ & $-0.0127336$ & $-0.0163498$ & $0.0344263$ & $0.0103544$ & $-0.0102635$ & $-0.0159818$ & $-0.00201807$ & $-0.00709037$ & $0.00941239$ & $0.0116637$ & $0.00907322$ & $0.00831707$ & $-0.0135008$ & $-0.0101787$ & $-0.00569507$ & $0.0348765$ & $0.00377362$ & $-0.00761735$ & $-0.0262909$ & $-0.0166347$ & $0.00857298$ & $0.0620788$ & $-0.00459932$ & $0.0420963$ & $-0.0201133$ & $0.0133734$ & $-0.00152699$ & $-0.109034$ & $-0.053243$ & $-0.148008$ & $0.0152651$ & $0.0636846$ & $-0.0849495$ & $-0.0975613$ & $-0.00314804$ & $-0.103685$ & $0.0041951$ & $0.11352$ & $1$ & $0.0789624$ & $-0.0074891$ & $0.0468806$ \\
eHccpar & $0.107382$ & $0.153987$ & $0.0472161$ & $-0.0646392$ & $0.0273738$ & $-0.0514308$ & $-0.125948$ & $-0.00402842$ & $-0.0169878$ & $-0.0342165$ & $0.0171179$ & $0.0965227$ & $0.101205$ & $-0.0405989$ & $-0.0304983$ & $-0.0413114$ & $-0.0176083$ & $-0.0156568$ & $-0.00908379$ & $-0.016257$ & $-0.00991586$ & $-0.0116428$ & $0.0525884$ & $-0.0397478$ & $-0.0155767$ & $-0.0368571$ & $0.033522$ & $0.00725646$ & $0.0189703$ & $0.0885126$ & $0.360621$ & $-0.11578$ & $0.144905$ & $0.0354896$ & $0.159515$ & $-0.139272$ & $-0.29155$ & $0.00683054$ & $0.273682$ & $-0.072349$ & $0.136547$ & $0.0855004$ & $-0.166164$ & $0.0823058$ & $0.103685$ & $0.0789624$ & $1$ & $-0.0102334$ & $0.172935$ \\
eHbbint & $0.148249$ & $-0.0745652$ & $0.0367099$ & $0.0378079$ & $-0.0303331$ & $-0.0235721$ & $0.029906$ & $-0.0434168$ & $-0.0452349$ & $0.0380257$ & $0.0162852$ & $-0.0320144$ & $-0.0276088$ & $0.0192958$ & $0.0666141$ & $0.0458653$ & $0.0495492$ & $0.0136805$ & $0.0284222$ & $-0.00804979$ & $-0.0254609$ & $-0.0316737$ & $-0.0865109$ & $0.0623907$ & $0.0025588$ & $0.0390961$ & $-0.116455$ & $-0.0353286$ & $0.0205004$ & $-0.0565459$ & $-0.0217357$ & $0.0367674$ & $0.0273398$ & $-0.101481$ & $0.0529572$ & $-0.0378993$ & $0.216743$ & $0.019921$ & $0.00338682$ & $0.0135751$ & $-0.0310715$ & $0.0812403$ & $0.0847573$ & $0.0278353$ & $-0.157939$ & $-0.0074891$ & $-0.0102334$ & $1$ & $-0.0872404$ \\
eHbbpar & $-0.0646257$ & $-0.105595$ & $0.0277458$ & $-0.0716841$ & $0.00516075$ & $-0.0105247$ & $-0.0594334$ & $0.0450759$ & $0.0458705$ & $-0.046363$ & $-0.0218931$ & $0.0616341$ & $0.0625555$ & $-0.0171682$ & $-0.000592554$ & $-0.0270139$ & $-0.0351908$ & $-0.0398729$ & $-0.0230738$ & $0.0154997$ & $0.0259462$ & $0.0196188$ & $0.00938816$ & $-0.0396193$ & $-0.0285267$ & $-0.0188352$ & $0.0474228$ & $0.0296652$ & $0.0151648$ & $0.0869169$ & $0.0816162$ & $-0.0567671$ & $0.366258$ & $0.0381296$ & $-0.152946$ & $-0.105417$ & $-0.205153$ & $-0.0119272$ & $-0.0120914$ & $0.0404834$ & $0.192229$ & $0.00123292$ & $-0.100308$ & $0.136127$ & $0.179847$ & $0.0468806$ & $0.172935$ & $-0.0872404$ & $1$ \\
