 & AlsMz & dAle5Mz & mtop & mHl & Mz & CW & CHG & CHWB & CHWHB_gaga & CHWHB_gagaorth & CHD & CHbox & CH & CHL1_11 & CHL1_22 & CHL1_33 & CHL3_11 & CHL3_22 & CHL3_33 & CHe_11 & CHe_22 & CHe_33 & CHQ1_11 & CHQ1_33 & CHQ3_11 & CHu_11 & CHd_11 & CHd_33 & CeH_22r & CeH_33r & CuH_22r & CuH_33r & CdH_33r & CLL_1221 & eHggpar & eHWWpar & eHZZpar & eHZgapar & eHccpar & eHbbpar \\
AlsMz & $1$ & $0.0241018$ & $0.0241384$ & $0.0284054$ & $0.00658139$ & $-0.0032877$ & $-0.0108796$ & $-0.0368948$ & $-0.0356884$ & $0.0296627$ & $0.0250918$ & $0.00751585$ & $0.00354608$ & $0.0158923$ & $0.0150261$ & $0.000236463$ & $0.030089$ & $0.0162218$ & $0.0347701$ & $-0.0170608$ & $-0.0199711$ & $-0.0216514$ & $0.0197332$ & $0.0112122$ & $-0.0331845$ & $-0.0383427$ & $-0.0207032$ & $-0.0129438$ & $-0.00119873$ & $0.00773651$ & $0.0214784$ & $-0.00524831$ & $0.0204999$ & $-0.0350905$ & $-0.00625431$ & $-0.0255184$ & $0.017376$ & $0.00157051$ & $0.0206063$ & $0.0279705$ \\
dAle5Mz & $0.0241018$ & $1$ & $-0.00493833$ & $-0.00904804$ & $0.0160511$ & $0.0412474$ & $-0.0333193$ & $-0.232924$ & $-0.229234$ & $0.11068$ & $0.240719$ & $-0.0236666$ & $0.0321069$ & $-0.0216809$ & $-0.0199943$ & $-0.0245769$ & $0.0914489$ & $0.0533078$ & $0.0639405$ & $-0.19643$ & $-0.137503$ & $-0.106557$ & $-0.0123493$ & $0.0789814$ & $0.0574445$ & $0.0379805$ & $-0.067477$ & $-0.0287946$ & $0.00554412$ & $0.0265372$ & $0.0243206$ & $-0.0305548$ & $0.0156953$ & $0.0126395$ & $-0.0184376$ & $0.0310106$ & $-0.00878166$ & $0.0208294$ & $0.0211378$ & $-0.0207879$ \\
mtop & $0.0241384$ & $-0.00493833$ & $1$ & $-0.012285$ & $-0.0171914$ & $0.00695175$ & $0.038929$ & $0.0374004$ & $0.0396561$ & $-0.00599964$ & $0.0792932$ & $0.0450342$ & $-0.0510064$ & $0.00946432$ & $-0.00169696$ & $-0.00111277$ & $-0.00543712$ & $0.00577568$ & $0.00137512$ & $0.0362245$ & $0.0289685$ & $0.0297389$ & $-0.00285449$ & $0.0163674$ & $-0.00464397$ & $-0.0276053$ & $0.00255017$ & $0.0204391$ & $-0.0110151$ & $-0.0442118$ & $-0.0347907$ & $0.0291084$ & $-0.0319388$ & $0.0527055$ & $-0.0161645$ & $0.0170371$ & $0.0154836$ & $-0.0029792$ & $-0.0151922$ & $0.0611848$ \\
mHl & $0.0284054$ & $-0.00904804$ & $-0.012285$ & $1$ & $0.0062481$ & $0.0102616$ & $-0.0100482$ & $0.0156906$ & $0.0170265$ & $-0.0116492$ & $-0.0163517$ & $-0.0124776$ & $0.0207206$ & $0.00159097$ & $0.0280721$ & $-0.00319093$ & $-0.017485$ & $-0.0349881$ & $-0.0173236$ & $0.0157977$ & $-0.0097436$ & $0.0134471$ & $-0.0225401$ & $-0.00388153$ & $-0.0186851$ & $0.0238191$ & $-0.00833822$ & $0.00291954$ & $0.000699463$ & $0.000247397$ & $-0.011035$ & $-0.00683451$ & $0.0108385$ & $-0.0186704$ & $0.0296004$ & $-0.00408083$ & $0.0355574$ & $-0.0101313$ & $-0.0291178$ & $0.0283273$ \\
Mz & $0.00658139$ & $0.0160511$ & $-0.0171914$ & $0.0062481$ & $1$ & $-0.0169546$ & $-0.0142119$ & $0.0179969$ & $0.0171186$ & $-0.00964895$ & $0.0247162$ & $-0.0190888$ & $0.0162219$ & $-0.0159786$ & $0.0376443$ & $0.014259$ & $-0.0212728$ & $-0.0384019$ & $-0.0390137$ & $0.0248617$ & $0.00744196$ & $0.0100992$ & $-0.00444635$ & $-0.0215813$ & $-0.0453976$ & $0.020348$ & $-0.00710092$ & $0.000467502$ & $0.0130828$ & $0.0120096$ & $0.0347139$ & $-0.00746824$ & $0.00442563$ & $-0.0100744$ & $0.0235761$ & $0.0157708$ & $0.0015669$ & $0.0035963$ & $0.0354634$ & $-0.0115316$ \\
CW & $-0.0032877$ & $0.0412474$ & $0.00695175$ & $0.0102616$ & $-0.0169546$ & $1$ & $0.00887832$ & $-0.0793054$ & $-0.0798983$ & $0.0330959$ & $0.0811513$ & $-0.000924107$ & $-0.0107711$ & $0.225948$ & $0.0339005$ & $0.0519853$ & $-0.117878$ & $0.00630067$ & $0.00236024$ & $-0.0863189$ & $-0.0914673$ & $-0.0871986$ & $-0.032604$ & $0.0743409$ & $-0.013987$ & $0.0322558$ & $-0.119393$ & $-0.000550688$ & $-0.0197996$ & $-0.00280743$ & $-0.00459429$ & $0.00763404$ & $-0.000327999$ & $-0.147412$ & $0.0038914$ & $-0.00138821$ & $0.0291472$ & $-0.00130892$ & $0.0439825$ & $0.00956301$ \\
CHG & $-0.0108796$ & $-0.0333193$ & $0.038929$ & $-0.0100482$ & $-0.0142119$ & $0.00887832$ & $1$ & $0.051421$ & $0.0737977$ & $0.0535134$ & $-0.0387592$ & $0.834212$ & $-0.876971$ & $-0.070788$ & $0.00423188$ & $0.0344043$ & $-0.0744534$ & $-0.0307421$ & $-0.0423425$ & $0.114807$ & $0.028811$ & $0.0178648$ & $-0.00385615$ & $-0.0423259$ & $-0.0487388$ & $-0.000920662$ & $0.0360227$ & $-0.00214598$ & $-0.205041$ & $-0.69872$ & $-0.453506$ & $0.969086$ & $-0.695489$ & $0.0121441$ & $-0.0622131$ & $0.0103409$ & $-0.0245512$ & $-0.0185793$ & $-0.107705$ & $-0.0164458$ \\
CHWB & $-0.0368948$ & $-0.232924$ & $0.0374004$ & $0.0156906$ & $0.0179969$ & $-0.0793054$ & $0.051421$ & $1$ & $0.995038$ & $-0.565782$ & $-0.885797$ & $0.0522415$ & $-0.0794835$ & $-0.329365$ & $-0.0186345$ & $-0.0408287$ & $-0.67465$ & $-0.565079$ & $-0.567434$ & $0.881866$ & $0.680563$ & $0.657864$ & $0.0789226$ & $-0.698969$ & $-0.6213$ & $-0.204929$ & $0.472727$ & $0.15514$ & $-0.00862708$ & $-0.0512918$ & $-0.0646647$ & $0.0463205$ & $-0.074743$ & $0.667769$ & $-0.00385479$ & $-0.0362794$ & $0.0445376$ & $-0.0098562$ & $-0.0474502$ & $0.0283125$ \\
CHWHB_gaga & $-0.0356884$ & $-0.229234$ & $0.0396561$ & $0.0170265$ & $0.0171186$ & $-0.0798983$ & $0.0737977$ & $0.995038$ & $1$ & $-0.565851$ & $-0.87938$ & $0.0637967$ & $-0.0889479$ & $-0.333847$ & $-0.0185401$ & $-0.0423576$ & $-0.676347$ & $-0.56495$ & $-0.567415$ & $0.879728$ & $0.676977$ & $0.654472$ & $0.0771645$ & $-0.697898$ & $-0.620849$ & $-0.20281$ & $0.47134$ & $0.155899$ & $-0.0067208$ & $-0.0462268$ & $-0.0615197$ & $0.0681229$ & $-0.0669353$ & $0.663613$ & $-0.00948818$ & $-0.0392703$ & $0.0414091$ & $-0.0117291$ & $-0.0489688$ & $0.0301663$ \\
CHWHB_gagaorth & $0.0296627$ & $0.11068$ & $-0.00599964$ & $-0.0116492$ & $-0.00964895$ & $0.0330959$ & $0.0535134$ & $-0.565782$ & $-0.565851$ & $1$ & $0.246084$ & $0.107139$ & $-0.0606207$ & $0.677216$ & $0.126113$ & $0.136681$ & $0.763248$ & $0.588164$ & $0.584429$ & $-0.317827$ & $-0.241728$ & $-0.228376$ & $-0.0819214$ & $0.598987$ & $0.640026$ & $0.0729634$ & $-0.361336$ & $-0.0478931$ & $-0.0161451$ & $-0.0753738$ & $-0.0415118$ & $0.0603018$ & $-0.067085$ & $-0.435565$ & $0.00516647$ & $0.0408094$ & $-0.0205336$ & $-0.0204837$ & $0.00253225$ & $-0.0234805$ \\
CHD & $0.0250918$ & $0.240719$ & $0.0792932$ & $-0.0163517$ & $0.0247162$ & $0.0811513$ & $-0.0387592$ & $-0.885797$ & $-0.87938$ & $0.246084$ & $1$ & $-0.0456759$ & $0.0667414$ & $-0.0356728$ & $-0.0694622$ & $-0.0449842$ & $0.343895$ & $0.327987$ & $0.329543$ & $-0.895575$ & $-0.699308$ & $-0.678842$ & $-0.0547818$ & $0.478173$ & $0.360934$ & $0.213692$ & $-0.352597$ & $-0.158772$ & $0.00549725$ & $0.0493726$ & $0.0596006$ & $-0.0326163$ & $0.0693059$ & $-0.520676$ & $0.00506938$ & $0.028088$ & $-0.0423156$ & $0.021435$ & $0.048162$ & $-0.0132286$ \\
CHbox & $0.00751585$ & $-0.0236666$ & $0.0450342$ & $-0.0124776$ & $-0.0190888$ & $-0.000924107$ & $0.834212$ & $0.0522415$ & $0.0637967$ & $0.107139$ & $-0.0456759$ & $1$ & $-0.942196$ & $-0.0766564$ & $0.0150552$ & $0.0383466$ & $-0.0840704$ & $-0.0288765$ & $-0.0409659$ & $0.150974$ & $0.0341891$ & $0.0197456$ & $-0.00528526$ & $-0.0404047$ & $-0.0494552$ & $0.0006987$ & $0.0388099$ & $0.00598662$ & $-0.242914$ & $-0.708187$ & $-0.463761$ & $0.800613$ & $-0.699586$ & $-0.000159679$ & $-0.0447974$ & $0.0017537$ & $-0.0145552$ & $-0.0267802$ & $-0.114454$ & $-0.00221178$ \\
CH & $0.00354608$ & $0.0321069$ & $-0.0510064$ & $0.0207206$ & $0.0162219$ & $-0.0107711$ & $-0.876971$ & $-0.0794835$ & $-0.0889479$ & $-0.0606207$ & $0.0667414$ & $-0.942196$ & $1$ & $0.0751501$ & $-0.0117127$ & $-0.03795$ & $0.0896553$ & $0.0427301$ & $0.0560459$ & $-0.148828$ & $-0.0499506$ & $-0.030793$ & $0.00653663$ & $0.0546276$ & $0.0656225$ & $0.012266$ & $-0.0416516$ & $-0.00720256$ & $0.252458$ & $0.769237$ & $0.495883$ & $-0.828579$ & $0.764988$ & $-0.0300271$ & $0.0617834$ & $0.00326309$ & $0.020222$ & $0.0213984$ & $0.117664$ & $0.0184405$ \\
CHL1_11 & $0.0158923$ & $-0.0216809$ & $0.00946432$ & $0.00159097$ & $-0.0159786$ & $0.225948$ & $-0.070788$ & $-0.329365$ & $-0.333847$ & $0.677216$ & $-0.0356728$ & $-0.0766564$ & $0.0751501$ & $1$ & $0.179062$ & $0.177435$ & $0.63797$ & $0.529608$ & $0.535265$ & $-0.172795$ & $-0.0701906$ & $-0.0699067$ & $-0.0800767$ & $0.536524$ & $0.566734$ & $0.0187479$ & $-0.352726$ & $-0.0195541$ & $0.000375779$ & $0.0413978$ & $0.0356897$ & $-0.0805724$ & $0.0577671$ & $-0.347867$ & $-0.00576923$ & $0.0177237$ & $-0.00076683$ & $-0.0262697$ & $0.00333153$ & $-0.0178888$ \\
CHL1_22 & $0.0150261$ & $-0.0199943$ & $-0.00169696$ & $0.0280721$ & $0.0376443$ & $0.0339005$ & $0.00423188$ & $-0.0186345$ & $-0.0185401$ & $0.126113$ & $-0.0694622$ & $0.0150552$ & $-0.0117127$ & $0.179062$ & $1$ & $0.328203$ & $0.0831008$ & $-0.433863$ & $-0.0954351$ & $0.0674682$ & $-0.139143$ & $-0.0737863$ & $-0.0859247$ & $0.228444$ & $-0.139149$ & $0.00918239$ & $-0.469755$ & $-0.0215177$ & $0.0019438$ & $-0.00831747$ & $-0.0122233$ & $0.00880237$ & $0.00256444$ & $-0.544929$ & $-0.00331965$ & $-0.00595682$ & $0.00989866$ & $-0.00399823$ & $0.0025017$ & $0.0141168$ \\
CHL1_33 & $0.000236463$ & $-0.0245769$ & $-0.00111277$ & $-0.00319093$ & $0.014259$ & $0.0519853$ & $0.0344043$ & $-0.0408287$ & $-0.0423576$ & $0.136681$ & $-0.0449842$ & $0.0383466$ & $-0.03795$ & $0.177435$ & $0.328203$ & $1$ & $0.0846643$ & $-0.0797626$ & $-0.4116$ & $0.04971$ & $-0.097927$ & $-0.17693$ & $-0.0799714$ & $0.238824$ & $-0.123156$ & $0.0117895$ & $-0.461829$ & $-0.0192685$ & $-0.00453223$ & $-0.0438071$ & $-0.00598515$ & $0.0385443$ & $-0.0275782$ & $-0.249782$ & $-0.0264183$ & $0.0102688$ & $0.00145758$ & $-0.00981785$ & $0.00827997$ & $0.00141325$ \\
CHL3_11 & $0.030089$ & $0.0914489$ & $-0.00543712$ & $-0.017485$ & $-0.0212728$ & $-0.117878$ & $-0.0744534$ & $-0.67465$ & $-0.676347$ & $0.763248$ & $0.343895$ & $-0.0840704$ & $0.0896553$ & $0.63797$ & $0.0831008$ & $0.0846643$ & $1$ & $0.697223$ & $0.702241$ & $-0.509152$ & $-0.317153$ & $-0.313856$ & $-0.0674763$ & $0.692618$ & $0.77313$ & $0.0946473$ & $-0.366196$ & $-0.082162$ & $0.0117184$ & $0.0516593$ & $0.0595804$ & $-0.0801443$ & $0.0703715$ & $-0.393776$ & $0.0023289$ & $0.0334964$ & $-0.0284108$ & $-0.00105129$ & $0.013148$ & $-0.0244296$ \\
CHL3_22 & $0.0162218$ & $0.0533078$ & $0.00577568$ & $-0.0349881$ & $-0.0384019$ & $0.00630067$ & $-0.0307421$ & $-0.565079$ & $-0.56495$ & $0.588164$ & $0.327987$ & $-0.0288765$ & $0.0427301$ & $0.529608$ & $-0.433863$ & $-0.0797626$ & $0.697223$ & $1$ & $0.665468$ & $-0.434155$ & $-0.2437$ & $-0.250182$ & $-0.00697971$ & $0.500835$ & $0.780206$ & $0.0810754$ & $-0.0612918$ & $-0.0595289$ & $-0.0091926$ & $0.0199716$ & $0.0346313$ & $-0.0352512$ & $0.033325$ & $0.0449007$ & $0.00913035$ & $0.0342999$ & $-0.0268801$ & $-0.0185637$ & $0.00979376$ & $-0.0264329$ \\
CHL3_33 & $0.0347701$ & $0.0639405$ & $0.00137512$ & $-0.0173236$ & $-0.0390137$ & $0.00236024$ & $-0.0423425$ & $-0.567434$ & $-0.567415$ & $0.584429$ & $0.329543$ & $-0.0409659$ & $0.0560459$ & $0.535265$ & $-0.0954351$ & $-0.4116$ & $0.702241$ & $0.665468$ & $1$ & $-0.441351$ & $-0.249282$ & $-0.250292$ & $-0.00892705$ & $0.494069$ & $0.778283$ & $0.0791103$ & $-0.0684453$ & $-0.0552006$ & $-0.00525855$ & $0.0339263$ & $0.0274309$ & $-0.0500343$ & $0.0431281$ & $-0.256571$ & $0.0161259$ & $0.0231194$ & $-0.0164969$ & $-0.00924208$ & $0.0114138$ & $-0.0136262$ \\
CHe_11 & $-0.0170608$ & $-0.19643$ & $0.0362245$ & $0.0157977$ & $0.0248617$ & $-0.0863189$ & $0.114807$ & $0.881866$ & $0.879728$ & $-0.317827$ & $-0.895575$ & $0.150974$ & $-0.148828$ & $-0.172795$ & $0.0674682$ & $0.04971$ & $-0.509152$ & $-0.434155$ & $-0.441351$ & $1$ & $0.68847$ & $0.674991$ & $0.0585422$ & $-0.554139$ & $-0.476307$ & $-0.220469$ & $0.374703$ & $0.159777$ & $-0.0193555$ & $-0.113377$ & $-0.106003$ & $0.115735$ & $-0.136311$ & $0.474935$ & $-0.00818304$ & $-0.0249328$ & $0.047878$ & $-0.0182799$ & $-0.0418031$ & $0.0271488$ \\
CHe_22 & $-0.0199711$ & $-0.137503$ & $0.0289685$ & $-0.0097436$ & $0.00744196$ & $-0.0914673$ & $0.028811$ & $0.680563$ & $0.676977$ & $-0.241728$ & $-0.699308$ & $0.0341891$ & $-0.0499506$ & $-0.0701906$ & $-0.139143$ & $-0.097927$ & $-0.317153$ & $-0.2437$ & $-0.249282$ & $0.68847$ & $1$ & $0.586344$ & $0.0763978$ & $-0.488831$ & $-0.292411$ & $-0.201274$ & $0.4273$ & $0.131724$ & $0.00608794$ & $-0.0387385$ & $-0.0535938$ & $0.0203794$ & $-0.0558886$ & $0.471682$ & $-0.016528$ & $-0.0107643$ & $0.0407566$ & $-0.0177926$ & $-0.0553922$ & $0.0231615$ \\
CHe_33 & $-0.0216514$ & $-0.106557$ & $0.0297389$ & $0.0134471$ & $0.0100992$ & $-0.0871986$ & $0.0178648$ & $0.657864$ & $0.654472$ & $-0.228376$ & $-0.678842$ & $0.0197456$ & $-0.030793$ & $-0.0699067$ & $-0.0737863$ & $-0.17693$ & $-0.313856$ & $-0.250182$ & $-0.250292$ & $0.674991$ & $0.586344$ & $1$ & $0.071742$ & $-0.475947$ & $-0.295348$ & $-0.185346$ & $0.41815$ & $0.135684$ & $0.0140802$ & $-0.0127996$ & $-0.0353379$ & $0.0179806$ & $-0.0376029$ & $0.441295$ & $-0.012878$ & $-0.0332974$ & $0.0247675$ & $-0.00667579$ & $-0.026341$ & $0.0160596$ \\
CHQ1_11 & $0.0197332$ & $-0.0123493$ & $-0.00285449$ & $-0.0225401$ & $-0.00444635$ & $-0.032604$ & $-0.00385615$ & $0.0789226$ & $0.0771645$ & $-0.0819214$ & $-0.0547818$ & $-0.00528526$ & $0.00653663$ & $-0.0800767$ & $-0.0859247$ & $-0.0799714$ & $-0.0674763$ & $-0.00697971$ & $-0.00892705$ & $0.0585422$ & $0.0763978$ & $0.071742$ & $1$ & $-0.115171$ & $0.0185143$ & $-0.587166$ & $0.249304$ & $0.00884022$ & $0.000205389$ & $0.00426538$ & $-0.00922082$ & $-0.00661705$ & $-0.0140767$ & $0.113872$ & $-0.0144102$ & $-0.0109945$ & $0.000704292$ & $-0.00456846$ & $0.0194954$ & $-0.00810722$ \\
CHQ1_33 & $0.0112122$ & $0.0789814$ & $0.0163674$ & $-0.00388153$ & $-0.0215813$ & $0.0743409$ & $-0.0423259$ & $-0.698969$ & $-0.697898$ & $0.598987$ & $0.478173$ & $-0.0404047$ & $0.0546276$ & $0.536524$ & $0.228444$ & $0.238824$ & $0.692618$ & $0.500835$ & $0.494069$ & $-0.554139$ & $-0.488831$ & $-0.475947$ & $-0.115171$ & $1$ & $0.567338$ & $0.14681$ & $-0.464272$ & $-0.00232645$ & $0.00175744$ & $0.0329451$ & $0.0427315$ & $-0.0436276$ & $0.0536371$ & $-0.553435$ & $0.00755971$ & $0.0259654$ & $-0.0206149$ & $0.00220228$ & $0.0331851$ & $-0.0116518$ \\
CHQ3_11 & $-0.0331845$ & $0.0574445$ & $-0.00464397$ & $-0.0186851$ & $-0.0453976$ & $-0.013987$ & $-0.0487388$ & $-0.6213$ & $-0.620849$ & $0.640026$ & $0.360934$ & $-0.0494552$ & $0.0656225$ & $0.566734$ & $-0.139149$ & $-0.123156$ & $0.77313$ & $0.780206$ & $0.778283$ & $-0.476307$ & $-0.292411$ & $-0.295348$ & $0.0185143$ & $0.567338$ & $1$ & $0.0985571$ & $0.0221037$ & $-0.0688657$ & $-0.0181591$ & $0.0320823$ & $0.0283703$ & $-0.0563232$ & $0.0519033$ & $-0.233756$ & $0.00827988$ & $0.0183163$ & $-0.0177344$ & $-0.00745425$ & $0.00562868$ & $-0.0105409$ \\
CHu_11 & $-0.0383427$ & $0.0379805$ & $-0.0276053$ & $0.0238191$ & $0.020348$ & $0.0322558$ & $-0.000920662$ & $-0.204929$ & $-0.20281$ & $0.0729634$ & $0.213692$ & $0.0006987$ & $0.012266$ & $0.0187479$ & $0.00918239$ & $0.0117895$ & $0.0946473$ & $0.0810754$ & $0.0791103$ & $-0.220469$ & $-0.201274$ & $-0.185346$ & $-0.587166$ & $0.14681$ & $0.0985571$ & $1$ & $0.0588901$ & $-0.037064$ & $-0.00596467$ & $0.0182734$ & $0.012174$ & $5.65821e-05$ & $0.0257113$ & $-0.127412$ & $-0.0112142$ & $0.0117564$ & $0.00351669$ & $0.00188852$ & $-0.0144333$ & $-0.00272619$ \\
CHd_11 & $-0.0207032$ & $-0.067477$ & $0.00255017$ & $-0.00833822$ & $-0.00710092$ & $-0.119393$ & $0.0360227$ & $0.472727$ & $0.47134$ & $-0.361336$ & $-0.352597$ & $0.0388099$ & $-0.0416516$ & $-0.352726$ & $-0.469755$ & $-0.461829$ & $-0.366196$ & $-0.0612918$ & $-0.0684453$ & $0.374703$ & $0.4273$ & $0.41815$ & $0.249304$ & $-0.464272$ & $0.0221037$ & $0.0588901$ & $1$ & $0.086529$ & $-0.0255892$ & $-0.0246903$ & $-0.056093$ & $0.0279817$ & $-0.0461408$ & $0.615525$ & $-0.0183411$ & $-0.0269914$ & $0.0274943$ & $-0.000433348$ & $-0.037928$ & $0.0271141$ \\
CHd_33 & $-0.0129438$ & $-0.0287946$ & $0.0204391$ & $0.00291954$ & $0.000467502$ & $-0.000550688$ & $-0.00214598$ & $0.15514$ & $0.155899$ & $-0.0478931$ & $-0.158772$ & $0.00598662$ & $-0.00720256$ & $-0.0195541$ & $-0.0215177$ & $-0.0192685$ & $-0.082162$ & $-0.0595289$ & $-0.0552006$ & $0.159777$ & $0.131724$ & $0.135684$ & $0.00884022$ & $-0.00232645$ & $-0.0688657$ & $-0.037064$ & $0.086529$ & $1$ & $0.0155769$ & $0.0101604$ & $-0.00385596$ & $-0.00548054$ & $-0.0111698$ & $0.101667$ & $0.00941727$ & $-0.00883049$ & $0.0178704$ & $-0.00522975$ & $0.0104702$ & $-0.0107405$ \\
CeH_22r & $-0.00119873$ & $0.00554412$ & $-0.0110151$ & $0.000699463$ & $0.0130828$ & $-0.0197996$ & $-0.205041$ & $-0.00862708$ & $-0.0067208$ & $-0.0161451$ & $0.00549725$ & $-0.242914$ & $0.252458$ & $0.000375779$ & $0.0019438$ & $-0.00453223$ & $0.0117184$ & $-0.0091926$ & $-0.00525855$ & $-0.0193555$ & $0.00608794$ & $0.0140802$ & $0.000205389$ & $0.00175744$ & $-0.0181591$ & $-0.00596467$ & $-0.0255892$ & $0.0155769$ & $1$ & $0.205532$ & $0.144384$ & $-0.200153$ & $0.209639$ & $-0.0138949$ & $-0.0131129$ & $-0.0199709$ & $0.00393391$ & $-0.0130545$ & $0.00697199$ & $-0.00887716$ \\
CeH_33r & $0.00773651$ & $0.0265372$ & $-0.0442118$ & $0.000247397$ & $0.0120096$ & $-0.00280743$ & $-0.69872$ & $-0.0512918$ & $-0.0462268$ & $-0.0753738$ & $0.0493726$ & $-0.708187$ & $0.769237$ & $0.0413978$ & $-0.00831747$ & $-0.0438071$ & $0.0516593$ & $0.0199716$ & $0.0339263$ & $-0.113377$ & $-0.0387385$ & $-0.0127996$ & $0.00426538$ & $0.0329451$ & $0.0320823$ & $0.0182734$ & $-0.0246903$ & $0.0101604$ & $0.205532$ & $1$ & $0.540256$ & $-0.593536$ & $0.852456$ & $-0.0132589$ & $0.0310218$ & $-0.0441033$ & $0.00368519$ & $0.000322147$ & $0.0914145$ & $0.00877204$ \\
CuH_22r & $0.0214784$ & $0.0243206$ & $-0.0347907$ & $-0.011035$ & $0.0347139$ & $-0.00459429$ & $-0.453506$ & $-0.0646647$ & $-0.0615197$ & $-0.0415118$ & $0.0596006$ & $-0.463761$ & $0.495883$ & $0.0356897$ & $-0.0122233$ & $-0.00598515$ & $0.0595804$ & $0.0346313$ & $0.0274309$ & $-0.106003$ & $-0.0535938$ & $-0.0353379$ & $-0.00922082$ & $0.0427315$ & $0.0283703$ & $0.012174$ & $-0.056093$ & $-0.00385596$ & $0.144384$ & $0.540256$ & $1$ & $-0.375014$ & $0.558242$ & $-0.0235211$ & $0.0106545$ & $-0.0182819$ & $0.00119144$ & $-0.00483177$ & $0.307916$ & $-0.0329118$ \\
CuH_33r & $-0.00524831$ & $-0.0305548$ & $0.0291084$ & $-0.00683451$ & $-0.00746824$ & $0.00763404$ & $0.969086$ & $0.0463205$ & $0.0681229$ & $0.0603018$ & $-0.0326163$ & $0.800613$ & $-0.828579$ & $-0.0805724$ & $0.00880237$ & $0.0385443$ & $-0.0801443$ & $-0.0352512$ & $-0.0500343$ & $0.115735$ & $0.0203794$ & $0.0179806$ & $-0.00661705$ & $-0.0436276$ & $-0.0563232$ & $5.65821e-05$ & $0.0279817$ & $-0.00548054$ & $-0.200153$ & $-0.593536$ & $-0.375014$ & $1$ & $-0.572819$ & $0.00334175$ & $-0.0424614$ & $0.000899436$ & $-0.0233484$ & $-0.0262129$ & $-0.0993675$ & $-0.0154412$ \\
CdH_33r & $0.0204999$ & $0.0156953$ & $-0.0319388$ & $0.0108385$ & $0.00442563$ & $-0.000327999$ & $-0.695489$ & $-0.074743$ & $-0.0669353$ & $-0.067085$ & $0.0693059$ & $-0.699586$ & $0.764988$ & $0.0577671$ & $0.00256444$ & $-0.0275782$ & $0.0703715$ & $0.033325$ & $0.0431281$ & $-0.136311$ & $-0.0558886$ & $-0.0376029$ & $-0.0140767$ & $0.0536371$ & $0.0519033$ & $0.0257113$ & $-0.0461408$ & $-0.0111698$ & $0.209639$ & $0.852456$ & $0.558242$ & $-0.572819$ & $1$ & $-0.0344489$ & $0.0345419$ & $-0.0577751$ & $0.0123892$ & $0.00633521$ & $0.0942775$ & $0.262504$ \\
CLL_1221 & $-0.0350905$ & $0.0126395$ & $0.0527055$ & $-0.0186704$ & $-0.0100744$ & $-0.147412$ & $0.0121441$ & $0.667769$ & $0.663613$ & $-0.435565$ & $-0.520676$ & $-0.000159679$ & $-0.0300271$ & $-0.347867$ & $-0.544929$ & $-0.249782$ & $-0.393776$ & $0.0449007$ & $-0.256571$ & $0.474935$ & $0.471682$ & $0.441295$ & $0.113872$ & $-0.553435$ & $-0.233756$ & $-0.127412$ & $0.615525$ & $0.101667$ & $-0.0138949$ & $-0.0132589$ & $-0.0235211$ & $0.00334175$ & $-0.0344489$ & $1$ & $0.00483724$ & $-0.013503$ & $0.0176402$ & $-0.00335464$ & $-0.04174$ & $0.0100831$ \\
eHggpar & $-0.00625431$ & $-0.0184376$ & $-0.0161645$ & $0.0296004$ & $0.0235761$ & $0.0038914$ & $-0.0622131$ & $-0.00385479$ & $-0.00948818$ & $0.00516647$ & $0.00506938$ & $-0.0447974$ & $0.0617834$ & $-0.00576923$ & $-0.00331965$ & $-0.0264183$ & $0.0023289$ & $0.00913035$ & $0.0161259$ & $-0.00818304$ & $-0.016528$ & $-0.012878$ & $-0.0144102$ & $0.00755971$ & $0.00827988$ & $-0.0112142$ & $-0.0183411$ & $0.00941727$ & $-0.0131129$ & $0.0310218$ & $0.0106545$ & $-0.0424614$ & $0.0345419$ & $0.00483724$ & $1$ & $0.0266415$ & $-0.0201738$ & $0.0023747$ & $0.0163005$ & $0.00191891$ \\
eHWWpar & $-0.0255184$ & $0.0310106$ & $0.0170371$ & $-0.00408083$ & $0.0157708$ & $-0.00138821$ & $0.0103409$ & $-0.0362794$ & $-0.0392703$ & $0.0408094$ & $0.028088$ & $0.0017537$ & $0.00326309$ & $0.0177237$ & $-0.00595682$ & $0.0102688$ & $0.0334964$ & $0.0342999$ & $0.0231194$ & $-0.0249328$ & $-0.0107643$ & $-0.0332974$ & $-0.0109945$ & $0.0259654$ & $0.0183163$ & $0.0117564$ & $-0.0269914$ & $-0.00883049$ & $-0.0199709$ & $-0.0441033$ & $-0.0182819$ & $0.000899436$ & $-0.0577751$ & $-0.013503$ & $0.0266415$ & $1$ & $0.0048891$ & $-0.0185964$ & $0.0293793$ & $-0.00722078$ \\
eHZZpar & $0.017376$ & $-0.00878166$ & $0.0154836$ & $0.0355574$ & $0.0015669$ & $0.0291472$ & $-0.0245512$ & $0.0445376$ & $0.0414091$ & $-0.0205336$ & $-0.0423156$ & $-0.0145552$ & $0.020222$ & $-0.00076683$ & $0.00989866$ & $0.00145758$ & $-0.0284108$ & $-0.0268801$ & $-0.0164969$ & $0.047878$ & $0.0407566$ & $0.0247675$ & $0.000704292$ & $-0.0206149$ & $-0.0177344$ & $0.00351669$ & $0.0274943$ & $0.0178704$ & $0.00393391$ & $0.00368519$ & $0.00119144$ & $-0.0233484$ & $0.0123892$ & $0.0176402$ & $-0.0201738$ & $0.0048891$ & $1$ & $0.00894638$ & $0.00319612$ & $0.0198011$ \\
eHZgapar & $0.00157051$ & $0.0208294$ & $-0.0029792$ & $-0.0101313$ & $0.0035963$ & $-0.00130892$ & $-0.0185793$ & $-0.0098562$ & $-0.0117291$ & $-0.0204837$ & $0.021435$ & $-0.0267802$ & $0.0213984$ & $-0.0262697$ & $-0.00399823$ & $-0.00981785$ & $-0.00105129$ & $-0.0185637$ & $-0.00924208$ & $-0.0182799$ & $-0.0177926$ & $-0.00667579$ & $-0.00456846$ & $0.00220228$ & $-0.00745425$ & $0.00188852$ & $-0.000433348$ & $-0.00522975$ & $-0.0130545$ & $0.000322147$ & $-0.00483177$ & $-0.0262129$ & $0.00633521$ & $-0.00335464$ & $0.0023747$ & $-0.0185964$ & $0.00894638$ & $1$ & $0.0265743$ & $-0.0217868$ \\
eHccpar & $0.0206063$ & $0.0211378$ & $-0.0151922$ & $-0.0291178$ & $0.0354634$ & $0.0439825$ & $-0.107705$ & $-0.0474502$ & $-0.0489688$ & $0.00253225$ & $0.048162$ & $-0.114454$ & $0.117664$ & $0.00333153$ & $0.0025017$ & $0.00827997$ & $0.013148$ & $0.00979376$ & $0.0114138$ & $-0.0418031$ & $-0.0553922$ & $-0.026341$ & $0.0194954$ & $0.0331851$ & $0.00562868$ & $-0.0144333$ & $-0.037928$ & $0.0104702$ & $0.00697199$ & $0.0914145$ & $0.307916$ & $-0.0993675$ & $0.0942775$ & $-0.04174$ & $0.0163005$ & $0.0293793$ & $0.00319612$ & $0.0265743$ & $1$ & $-0.0180481$ \\
eHbbpar & $0.0279705$ & $-0.0207879$ & $0.0611848$ & $0.0283273$ & $-0.0115316$ & $0.00956301$ & $-0.0164458$ & $0.0283125$ & $0.0301663$ & $-0.0234805$ & $-0.0132286$ & $-0.00221178$ & $0.0184405$ & $-0.0178888$ & $0.0141168$ & $0.00141325$ & $-0.0244296$ & $-0.0264329$ & $-0.0136262$ & $0.0271488$ & $0.0231615$ & $0.0160596$ & $-0.00810722$ & $-0.0116518$ & $-0.0105409$ & $-0.00272619$ & $0.0271141$ & $-0.0107405$ & $-0.00887716$ & $0.00877204$ & $-0.0329118$ & $-0.0154412$ & $0.262504$ & $0.0100831$ & $0.00191891$ & $-0.00722078$ & $0.0198011$ & $-0.0217868$ & $-0.0180481$ & $1$ \\
