 & AlsMz & dAle5Mz & mtop & mHl & Mz & CW & CHG & CHWB & CHWHB_gaga & CHWHB_gagaorth & CHD & CH & CHL1_11 & CHL1_22 & CHL1_33 & CHL3_11 & CHL3_22 & CHL3_33 & CHe_11 & CHe_22 & CHe_33 & CHQ1_11 & CHQ1_33 & CHQ3_11 & CHu_11 & CHd_11 & CHd_33 & CeH_22r & CeH_33r & CuH_22r & CuH_33r & CdH_33r & CLL_1221 & eHggint & eHggpar & eHWWint & eHWWpar & eHZZint & eHZZpar & eHZgaint & eHZgapar & eHgagaint & eHmumuint & eHtautauint & eHccint & eHccpar & eHbbint & eHbbpar \\
AlsMz & $1$ & $-0.0130277$ & $0.051207$ & $-0.116479$ & $-0.00769735$ & $-0.00339801$ & $0.0108401$ & $-0.0139578$ & $-0.00886478$ & $-0.00589189$ & $0.014269$ & $-0.0117174$ & $-0.0221466$ & $-0.0264071$ & $-0.0146195$ & $-0.00996402$ & $0.00372966$ & $-0.00335285$ & $-0.0234883$ & $-0.0204501$ & $-0.0200778$ & $-0.00426401$ & $-0.0559061$ & $-0.10478$ & $-0.0242256$ & $-0.0219958$ & $0.00305765$ & $0.0020806$ & $-0.0043794$ & $-0.0275287$ & $0.015181$ & $0.0211362$ & $0.00968752$ & $0.0671413$ & $0.0336154$ & $-0.0298616$ & $-0.00922308$ & $-0.165706$ & $0.00927625$ & $-0.130639$ & $0.00159014$ & $0.149809$ & $-0.0196038$ & $0.0792971$ & $-0.0154441$ & $-0.0641985$ & $-0.122677$ & $0.109227$ \\
dAle5Mz & $-0.0130277$ & $1$ & $0.0178558$ & $-0.196926$ & $0.00587506$ & $0.00211934$ & $-0.0107677$ & $-0.0555845$ & $-0.0586453$ & $0.00400826$ & $0.0478205$ & $-0.00375367$ & $-0.0272538$ & $-0.027181$ & $-0.0109071$ & $0.00628982$ & $0.00895249$ & $-0.00260681$ & $-0.0274701$ & $-0.022077$ & $-0.0220288$ & $-0.00245869$ & $-0.000134044$ & $0.00277973$ & $0.0170809$ & $0.00303796$ & $-0.00757815$ & $-0.0213325$ & $-0.0447124$ & $0.0224137$ & $0.00461479$ & $-0.0379893$ & $0.0395491$ & $0.269394$ & $0.0113174$ & $0.0871773$ & $-0.00119989$ & $-0.0678223$ & $-0.00042224$ & $-0.225249$ & $0.0383265$ & $0.0765173$ & $-0.0365125$ & $-0.0584859$ & $0.236658$ & $0.0900339$ & $0.0712166$ & $-0.00186809$ \\
mtop & $0.051207$ & $0.0178558$ & $1$ & $-0.106564$ & $-0.00279638$ & $-0.00164639$ & $-0.00502503$ & $0.0013823$ & $-0.00423087$ & $-0.00141845$ & $0.00630035$ & $0.000468825$ & $0.00150266$ & $0.000694905$ & $-0.0132893$ & $-0.00549674$ & $-0.00412936$ & $0.00729674$ & $-0.000138442$ & $0.00124958$ & $0.00165455$ & $-0.000170961$ & $-0.00653542$ & $-0.0072118$ & $-0.00567557$ & $9.93979e-05$ & $-0.00677433$ & $0.00590294$ & $-0.00099039$ & $-0.0351782$ & $-0.00970928$ & $0.0305161$ & $0.000291143$ & $-0.0336012$ & $-0.0168835$ & $0.0167942$ & $0.00343065$ & $-0.0536937$ & $-0.00369628$ & $0.105768$ & $-0.00139503$ & $-0.0937809$ & $0.0571691$ & $0.0532885$ & $-0.00417753$ & $-0.085955$ & $0.110508$ & $0.0377646$ \\
mHl & $-0.116479$ & $-0.196926$ & $-0.106564$ & $1$ & $0.00322672$ & $0.0143249$ & $-0.00911969$ & $0.0101595$ & $0.00550385$ & $-0.0070189$ & $-2.47932e-05$ & $0.00685667$ & $-0.00245238$ & $-0.0169759$ & $-0.00951994$ & $-0.0206411$ & $-0.00173649$ & $-0.00925713$ & $-0.00591666$ & $-0.00284971$ & $-0.00419783$ & $0.0102063$ & $-0.00598564$ & $0.00953294$ & $0.0022067$ & $0.0194447$ & $-0.00166843$ & $0.0139199$ & $0.0566938$ & $0.0299665$ & $-0.0250109$ & $0.0140415$ & $0.00721361$ & $-0.221789$ & $-0.155834$ & $-0.151457$ & $0.0244438$ & $0.0606313$ & $-0.00136726$ & $0.0925942$ & $0.00574851$ & $-0.197407$ & $0.0778392$ & $-0.0269639$ & $-0.0660723$ & $0.0243891$ & $-0.00959578$ & $-0.100638$ \\
Mz & $-0.00769735$ & $0.00587506$ & $-0.00279638$ & $0.00322672$ & $1$ & $-0.0011578$ & $0.00340702$ & $0.00231348$ & $0.00223459$ & $-0.00190671$ & $0.00539203$ & $0.00231937$ & $0.00207565$ & $0.0068242$ & $0.00990187$ & $-0.00251875$ & $-0.00612377$ & $-0.00754727$ & $0.00204797$ & $0.00221901$ & $0.00389739$ & $0.00206457$ & $0.000835623$ & $-0.00112465$ & $3.09174e-05$ & $0.00160197$ & $0.00481045$ & $-0.00150041$ & $-0.000998149$ & $0.00716611$ & $0.00367274$ & $0.00355974$ & $-0.00497418$ & $0.00480694$ & $0.00668575$ & $0.00500969$ & $0.00173823$ & $0.00808895$ & $0.0033404$ & $-0.0113132$ & $0.00283443$ & $-0.0150567$ & $-0.00228653$ & $-0.0128442$ & $-0.00491217$ & $0.00192125$ & $0.0128665$ & $-0.000736619$ \\
CW & $-0.00339801$ & $0.00211934$ & $-0.00164639$ & $0.0143249$ & $-0.0011578$ & $1$ & $0.00925244$ & $-0.110096$ & $-0.107964$ & $-0.0143151$ & $0.164908$ & $-0.00653535$ & $0.0509946$ & $-0.070865$ & $-0.0894027$ & $-0.243373$ & $-0.0389061$ & $-0.0261636$ & $-0.162914$ & $-0.167794$ & $-0.165131$ & $-0.0183032$ & $0.00689544$ & $-0.075133$ & $0.0958707$ & $-0.0705061$ & $-0.0485543$ & $0.00321738$ & $-0.0117068$ & $-0.0041381$ & $0.00852898$ & $-0.00799734$ & $-0.119171$ & $-0.00812986$ & $-0.0092658$ & $-0.0112955$ & $-0.00672932$ & $0.00943205$ & $-0.00760016$ & $0.00427736$ & $-0.00357012$ & $-0.0025645$ & $-0.0141044$ & $0.0206045$ & $-0.0119383$ & $0.00275836$ & $0.00269479$ & $0.0170043$ \\
CHG & $0.0108401$ & $-0.0107677$ & $-0.00502503$ & $-0.00911969$ & $0.00340702$ & $0.00925244$ & $1$ & $-0.148177$ & $-0.0937179$ & $0.147216$ & $0.0858124$ & $-0.342644$ & $0.0812886$ & $-0.0282398$ & $-0.0280232$ & $0.124294$ & $0.137207$ & $0.137019$ & $-0.0824301$ & $-0.091167$ & $-0.0902909$ & $-0.00296779$ & $0.147872$ & $0.132257$ & $0.042073$ & $-0.0638391$ & $-0.0382136$ & $0.0147359$ & $-0.141986$ & $-0.0833794$ & $0.939026$ & $-0.178803$ & $-0.0956787$ & $-0.0413706$ & $-0.0346906$ & $0.0140581$ & $-0.00752378$ & $-0.0185707$ & $0.0016624$ & $-0.00489109$ & $0.00262781$ & $0.0156038$ & $-0.0088551$ & $-0.0114925$ & $-0.0141844$ & $-0.0210383$ & $-0.0261638$ & $0.00307398$ \\
CHWB & $-0.0139578$ & $-0.0555845$ & $0.0013823$ & $0.0101595$ & $0.00231348$ & $-0.110096$ & $-0.148177$ & $1$ & $0.983184$ & $-0.563607$ & $-0.871378$ & $0.417112$ & $0.0387272$ & $0.309471$ & $0.297244$ & $-0.294127$ & $-0.481928$ & $-0.474963$ & $0.841459$ & $0.890014$ & $0.872209$ & $0.0700412$ & $-0.683201$ & $-0.44022$ & $-0.491467$ & $0.407167$ & $0.291226$ & $0.0257116$ & $0.195026$ & $0.0732254$ & $-0.118622$ & $0.212182$ & $0.547127$ & $0.00111974$ & $0.0180618$ & $-0.0078604$ & $0.00220105$ & $0.00787973$ & $-0.00696752$ & $0.00138$ & $-0.008638$ & $-0.000426882$ & $-0.000967628$ & $0.00637948$ & $-0.00608541$ & $-0.0101807$ & $-0.0126052$ & $0.00111986$ \\
CHWHB_gaga & $-0.00886478$ & $-0.0586453$ & $-0.00423087$ & $0.00550385$ & $0.00223459$ & $-0.107964$ & $-0.0937179$ & $0.983184$ & $1$ & $-0.566461$ & $-0.854599$ & $0.40622$ & $0.0343269$ & $0.303488$ & $0.292322$ & $-0.293881$ & $-0.477091$ & $-0.471024$ & $0.82515$ & $0.872758$ & $0.855582$ & $0.0683854$ & $-0.674607$ & $-0.436555$ & $-0.482096$ & $0.399907$ & $0.28444$ & $0.0309541$ & $0.211849$ & $0.0796771$ & $-0.076625$ & $0.225772$ & $0.53793$ & $-0.0319321$ & $0.00521222$ & $-0.0224603$ & $0.00129555$ & $0.00766579$ & $-0.00910914$ & $0.016003$ & $-0.0101806$ & $0.0630907$ & $-0.0110109$ & $0.00015695$ & $-0.00666223$ & $-0.0176959$ & $-0.0222417$ & $-0.00432824$ \\
CHWHB_gagaorth & $-0.00589189$ & $0.00400826$ & $-0.00141845$ & $-0.0070189$ & $-0.00190671$ & $-0.0143151$ & $0.147216$ & $-0.563607$ & $-0.566461$ & $1$ & $0.251923$ & $-0.414976$ & $0.444213$ & $-0.132096$ & $-0.127537$ & $0.635535$ & $0.665016$ & $0.661398$ & $-0.248671$ & $-0.268317$ & $-0.26728$ & $-0.0480386$ & $0.649246$ & $0.649605$ & $0.151299$ & $-0.194376$ & $-0.0800805$ & $-0.0417367$ & $-0.353567$ & $-0.131216$ & $0.101442$ & $-0.397627$ & $-0.330684$ & $-0.0168838$ & $-0.0173401$ & $0.0156036$ & $0.000408629$ & $0.00373442$ & $0.000366173$ & $-0.0239397$ & $-0.000808668$ & $-0.0135874$ & $-0.00842738$ & $-0.00921248$ & $-0.00299066$ & $-0.00509272$ & $0.00749081$ & $-0.0029179$ \\
CHD & $0.014269$ & $0.0478205$ & $0.00630035$ & $-2.47932e-05$ & $0.00539203$ & $0.164908$ & $0.0858124$ & $-0.871378$ & $-0.854599$ & $0.251923$ & $1$ & $-0.227151$ & $-0.474669$ & $-0.438719$ & $-0.423057$ & $-0.176491$ & $0.106437$ & $0.0991107$ & $-0.990027$ & $-0.990488$ & $-0.967834$ & $-0.0159553$ & $0.307815$ & $0.0500593$ & $0.550452$ & $-0.26811$ & $-0.323999$ & $-0.0117175$ & $-0.142824$ & $-0.0474772$ & $0.0647137$ & $-0.15869$ & $-0.33777$ & $-0.000253231$ & $-0.00986891$ & $0.00130178$ & $-0.00202408$ & $-0.0102359$ & $0.0105973$ & $0.0107225$ & $0.00938189$ & $0.00626335$ & $0.00207257$ & $-0.0020718$ & $0.00829456$ & $0.0150714$ & $0.00922892$ & $-0.0066753$ \\
CH & $-0.0117174$ & $-0.00375367$ & $0.000468825$ & $0.00685667$ & $0.00231937$ & $-0.00653535$ & $-0.342644$ & $0.417112$ & $0.40622$ & $-0.414976$ & $-0.227151$ & $1$ & $-0.252598$ & $0.0933215$ & $0.0933592$ & $-0.382057$ & $-0.418176$ & $-0.416706$ & $0.219743$ & $0.240574$ & $0.239443$ & $0.0301706$ & $-0.438607$ & $-0.40428$ & $-0.124908$ & $0.161929$ & $0.0771205$ & $0.0522346$ & $0.287591$ & $0.124588$ & $-0.293269$ & $0.350772$ & $0.254528$ & $0.0244776$ & $0.0277784$ & $0.00201452$ & $0.000150238$ & $0.000179065$ & $0.0110177$ & $-0.00897904$ & $-0.00540513$ & $0.00213197$ & $0.00430469$ & $0.0016956$ & $0.0118891$ & $0.00419186$ & $-0.000871856$ & $3.38078e-05$ \\
CHL1_11 & $-0.0221466$ & $-0.0272538$ & $0.00150266$ & $-0.00245238$ & $0.00207565$ & $0.0509946$ & $0.0812886$ & $0.0387272$ & $0.0343269$ & $0.444213$ & $-0.474669$ & $-0.252598$ & $1$ & $0.269999$ & $0.253974$ & $0.662547$ & $0.600089$ & $0.606533$ & $0.4947$ & $0.431858$ & $0.415687$ & $-0.0712919$ & $0.504381$ & $0.607772$ & $-0.246369$ & $-0.130789$ & $0.140038$ & $-0.0171034$ & $-0.0449722$ & $-0.0286839$ & $0.0728054$ & $-0.0404983$ & $-0.266535$ & $-0.0142387$ & $-0.00995411$ & $0.00673522$ & $0.00414504$ & $0.0101941$ & $-0.00817694$ & $-0.0111747$ & $-0.00388293$ & $-0.0161281$ & $-0.00652621$ & $-0.0037651$ & $-0.0157786$ & $-0.0122292$ & $0.00570852$ & $0.0101245$ \\
CHL1_22 & $-0.0264071$ & $-0.027181$ & $0.000694905$ & $-0.0169759$ & $0.0068242$ & $-0.070865$ & $-0.0282398$ & $0.309471$ & $0.303488$ & $-0.132096$ & $-0.438719$ & $0.0933215$ & $0.269999$ & $1$ & $0.45115$ & $0.150788$ & $-0.451248$ & $-0.0440843$ & $0.503699$ & $0.352927$ & $0.342965$ & $-0.172276$ & $0.100255$ & $-0.147078$ & $-0.199732$ & $-0.403638$ & $0.11973$ & $0.00600096$ & $0.0489551$ & $0.0218564$ & $-0.0199059$ & $0.0625135$ & $-0.596412$ & $-0.00936614$ & $-0.000608622$ & $0.0115669$ & $0.00578804$ & $0.000727067$ & $-0.00265676$ & $0.00440311$ & $-0.00213095$ & $0.00130052$ & $-0.00278479$ & $-0.00364596$ & $0.00521622$ & $-0.00290921$ & $0.00105959$ & $0.0191373$ \\
CHL1_33 & $-0.0146195$ & $-0.0109071$ & $-0.0132893$ & $-0.00951994$ & $0.00990187$ & $-0.0894027$ & $-0.0280232$ & $0.297244$ & $0.292322$ & $-0.127537$ & $-0.423057$ & $0.0933592$ & $0.253974$ & $0.45115$ & $1$ & $0.149299$ & $-0.0418637$ & $-0.438155$ & $0.487999$ & $0.340276$ & $0.357671$ & $-0.159949$ & $0.0978328$ & $-0.137743$ & $-0.198249$ & $-0.390115$ & $0.104431$ & $-0.00463879$ & $0.0440974$ & $0.0205858$ & $-0.0184247$ & $0.0653028$ & $-0.106186$ & $-0.00665921$ & $0.00336575$ & $0.00221237$ & $-0.00564444$ & $0.0104197$ & $-0.00418808$ & $-0.00288557$ & $-0.00899394$ & $0.00246697$ & $0.00189072$ & $0.00138998$ & $-0.0137846$ & $-0.00252056$ & $-0.00640878$ & $0.0267932$ \\
CHL3_11 & $-0.00996402$ & $0.00628982$ & $-0.00549674$ & $-0.0206411$ & $-0.00251875$ & $-0.243373$ & $0.124294$ & $-0.294127$ & $-0.293881$ & $0.635535$ & $-0.176491$ & $-0.382057$ & $0.662547$ & $0.150788$ & $0.149299$ & $1$ & $0.744434$ & $0.742841$ & $0.200476$ & $0.141832$ & $0.13411$ & $-0.0743652$ & $0.701586$ & $0.78374$ & $-0.0813356$ & $-0.184639$ & $0.0476883$ & $-0.0289985$ & $-0.106127$ & $-0.0537156$ & $0.106644$ & $-0.112926$ & $-0.286228$ & $-0.000858025$ & $-0.0162789$ & $0.0115501$ & $-0.00331493$ & $0.00549695$ & $-0.00667796$ & $-0.0194611$ & $-0.000536851$ & $-0.0181906$ & $0.00313617$ & $-0.00915568$ & $-0.00296925$ & $-0.00992493$ & $0.00932145$ & $0.00526871$ \\
CHL3_22 & $0.00372966$ & $0.00895249$ & $-0.00412936$ & $-0.00173649$ & $-0.00612377$ & $-0.0389061$ & $0.137207$ & $-0.481928$ & $-0.477091$ & $0.665016$ & $0.106437$ & $-0.418176$ & $0.600089$ & $-0.451248$ & $-0.0418637$ & $0.744434$ & $1$ & $0.689101$ & $-0.107223$ & $-0.10257$ & $-0.101386$ & $0.0089309$ & $0.641045$ & $0.805434$ & $0.052602$ & $-0.0190146$ & $-0.0368894$ & $-0.0301693$ & $-0.13465$ & $-0.0638414$ & $0.114889$ & $-0.145905$ & $0.00270133$ & $-0.00385381$ & $-0.0159606$ & $0.00331805$ & $-0.00512744$ & $0.00869099$ & $-0.00464805$ & $-0.0135888$ & $-0.000837762$ & $-0.0164621$ & $0.00256802$ & $-0.00396446$ & $-0.0147207$ & $-0.00807864$ & $0.00687095$ & $-0.00227401$ \\
CHL3_33 & $-0.00335285$ & $-0.00260681$ & $0.00729674$ & $-0.00925713$ & $-0.00754727$ & $-0.0261636$ & $0.137019$ & $-0.474963$ & $-0.471024$ & $0.661398$ & $0.0991107$ & $-0.416706$ & $0.606533$ & $-0.0440843$ & $-0.438155$ & $0.742841$ & $0.689101$ & $1$ & $-0.1004$ & $-0.0955058$ & $-0.0935024$ & $0.00222456$ & $0.640658$ & $0.801745$ & $0.0528326$ & $-0.0207983$ & $-0.0252616$ & $-0.0226393$ & $-0.131974$ & $-0.0631211$ & $0.113944$ & $-0.148159$ & $-0.365841$ & $-0.00453717$ & $-0.0163579$ & $0.00816169$ & $0.00370962$ & $0.00066826$ & $-0.00155056$ & $-0.0107644$ & $0.00374164$ & $-0.0160589$ & $-0.00259009$ & $-0.009054$ & $-0.00104831$ & $-0.00745366$ & $0.0124177$ & $-0.0104627$ \\
CHe_11 & $-0.0234883$ & $-0.0274701$ & $-0.000138442$ & $-0.00591666$ & $0.00204797$ & $-0.162914$ & $-0.0824301$ & $0.841459$ & $0.82515$ & $-0.248671$ & $-0.990027$ & $0.219743$ & $0.4947$ & $0.503699$ & $0.487999$ & $0.200476$ & $-0.107223$ & $-0.1004$ & $1$ & $0.971336$ & $0.949674$ & $-0.00961142$ & $-0.253272$ & $-0.0426727$ & $-0.540306$ & $0.191482$ & $0.317305$ & $0.0101005$ & $0.135014$ & $0.0458688$ & $-0.0620662$ & $0.151544$ & $0.257558$ & $0.00366402$ & $0.00854507$ & $0.00251283$ & $0.0015916$ & $0.0113615$ & $-0.0108394$ & $-0.0126136$ & $-0.00935075$ & $-0.00571092$ & $-0.00155639$ & $8.9769e-05$ & $-0.00467474$ & $-0.0138692$ & $-0.00618231$ & $0.00778256$ \\
CHe_22 & $-0.0204501$ & $-0.022077$ & $0.00124958$ & $-0.00284971$ & $0.00221901$ & $-0.167794$ & $-0.091167$ & $0.890014$ & $0.872758$ & $-0.268317$ & $-0.990488$ & $0.240574$ & $0.431858$ & $0.352927$ & $0.340276$ & $0.141832$ & $-0.10257$ & $-0.0955058$ & $0.971336$ & $1$ & $0.97333$ & $0.0439667$ & $-0.365583$ & $-0.0565005$ & $-0.552307$ & $0.352281$ & $0.32622$ & $0.0126965$ & $0.147418$ & $0.049513$ & $-0.0692155$ & $0.161743$ & $0.428233$ & $0.0076373$ & $0.011332$ & $-0.000515628$ & $0.00177908$ & $0.00912004$ & $-0.0104206$ & $-0.0163918$ & $-0.00833625$ & $-0.00620906$ & $-0.00262454$ & $0.000759821$ & $-0.00187525$ & $-0.0129366$ & $-0.00582761$ & $0.00229762$ \\
CHe_33 & $-0.0200778$ & $-0.0220288$ & $0.00165455$ & $-0.00419783$ & $0.00389739$ & $-0.165131$ & $-0.0902909$ & $0.872209$ & $0.855582$ & $-0.26728$ & $-0.967834$ & $0.239443$ & $0.415687$ & $0.342965$ & $0.357671$ & $0.13411$ & $-0.101386$ & $-0.0935024$ & $0.949674$ & $0.97333$ & $1$ & $0.0453278$ & $-0.360427$ & $-0.0562154$ & $-0.541242$ & $0.347953$ & $0.319091$ & $0.0122038$ & $0.144384$ & $0.049698$ & $-0.0683476$ & $0.159377$ & $0.42485$ & $0.00968453$ & $0.0111474$ & $-0.00166032$ & $0.00167552$ & $0.00907958$ & $-0.00829862$ & $-0.0155863$ & $-0.00899344$ & $-0.00423613$ & $-0.00105674$ & $-0.00173307$ & $-0.00227356$ & $-0.0116258$ & $-0.00611794$ & $0.00135668$ \\
CHQ1_11 & $-0.00426401$ & $-0.00245869$ & $-0.000170961$ & $0.0102063$ & $0.00206457$ & $-0.0183032$ & $-0.00296779$ & $0.0700412$ & $0.0683854$ & $-0.0480386$ & $-0.0159553$ & $0.0301706$ & $-0.0712919$ & $-0.172276$ & $-0.159949$ & $-0.0743652$ & $0.0089309$ & $0.00222456$ & $-0.00961142$ & $0.0439667$ & $0.0453278$ & $1$ & $-0.128019$ & $0.0776413$ & $-0.688552$ & $0.347079$ & $0.0168374$ & $-0.00445878$ & $0.0124902$ & $0.00920061$ & $-0.00581681$ & $0.00768016$ & $0.203783$ & $0.00378661$ & $-0.00315678$ & $-0.000397865$ & $0.00507443$ & $-0.00616126$ & $0.00489936$ & $-0.00707903$ & $-0.00182426$ & $-0.00393352$ & $0.000414925$ & $-0.00197265$ & $0.00563897$ & $-0.00539695$ & $-0.0069559$ & $-0.00544725$ \\
CHQ1_33 & $-0.0559061$ & $-0.000134044$ & $-0.00653542$ & $-0.00598564$ & $0.000835623$ & $0.00689544$ & $0.147872$ & $-0.683201$ & $-0.674607$ & $0.649246$ & $0.307815$ & $-0.438607$ & $0.504381$ & $0.100255$ & $0.0978328$ & $0.701586$ & $0.641045$ & $0.640658$ & $-0.253272$ & $-0.365583$ & $-0.360427$ & $-0.128019$ & $1$ & $0.659833$ & $0.196069$ & $-0.418245$ & $-0.0244388$ & $-0.0305746$ & $-0.16306$ & $-0.0646432$ & $0.121037$ & $-0.170005$ & $-0.635368$ & $-0.019339$ & $-0.0216044$ & $0.00792885$ & $0.00672453$ & $0.0128302$ & $-0.00281471$ & $0.00447732$ & $0.00160323$ & $-0.0203828$ & $-0.00297024$ & $-0.00705674$ & $-0.005617$ & $0.000931885$ & $0.0246784$ & $0.0115888$ \\
CHQ3_11 & $-0.10478$ & $0.00277973$ & $-0.0072118$ & $0.00953294$ & $-0.00112465$ & $-0.075133$ & $0.132257$ & $-0.44022$ & $-0.436555$ & $0.649605$ & $0.0500593$ & $-0.40428$ & $0.607772$ & $-0.147078$ & $-0.137743$ & $0.78374$ & $0.805434$ & $0.801745$ & $-0.0426727$ & $-0.0565005$ & $-0.0562154$ & $0.0776413$ & $0.659833$ & $1$ & $0.0335821$ & $0.19043$ & $-0.0144459$ & $-0.027409$ & $-0.13218$ & $-0.0571803$ & $0.107076$ & $-0.145689$ & $-0.219099$ & $-0.0176227$ & $-0.0211137$ & $0.00855782$ & $0.00281113$ & $0.0203482$ & $-0.00832729$ & $0.00228598$ & $-0.00435477$ & $-0.0337879$ & $0.00169935$ & $-0.0207685$ & $8.10993e-05$ & $0.000436011$ & $0.0265859$ & $-0.0184298$ \\
CHu_11 & $-0.0242256$ & $0.0170809$ & $-0.00567557$ & $0.0022067$ & $3.09174e-05$ & $0.0958707$ & $0.042073$ & $-0.491467$ & $-0.482096$ & $0.151299$ & $0.550452$ & $-0.124908$ & $-0.246369$ & $-0.199732$ & $-0.198249$ & $-0.0813356$ & $0.052602$ & $0.0528326$ & $-0.540306$ & $-0.552307$ & $-0.541242$ & $-0.688552$ & $0.196069$ & $0.0335821$ & $1$ & $-0.159487$ & $-0.182266$ & $-0.00380303$ & $-0.0765281$ & $-0.0302232$ & $0.0317184$ & $-0.0855276$ & $-0.232113$ & $-0.0139205$ & $-0.00239607$ & $-0.00194955$ & $-0.00857358$ & $-2.7582e-05$ & $-0.0032734$ & $0.0228319$ & $0.00401932$ & $-0.000235408$ & $0.00157535$ & $-0.00186284$ & $-0.00015178$ & $0.00970423$ & $0.0113719$ & $-0.00631129$ \\
CHd_11 & $-0.0219958$ & $0.00303796$ & $9.93979e-05$ & $0.0194447$ & $0.00160197$ & $-0.0705061$ & $-0.0638391$ & $0.407167$ & $0.399907$ & $-0.194376$ & $-0.26811$ & $0.161929$ & $-0.130789$ & $-0.403638$ & $-0.390115$ & $-0.184639$ & $-0.0190146$ & $-0.0207983$ & $0.191482$ & $0.352281$ & $0.347953$ & $0.347079$ & $-0.418245$ & $0.19043$ & $-0.159487$ & $1$ & $0.108191$ & $0.0106219$ & $0.0767289$ & $0.0296053$ & $-0.0570932$ & $0.074078$ & $0.681172$ & $0.00462581$ & $0.0082903$ & $-0.0113859$ & $0.00623111$ & $0.000722602$ & $-0.00824221$ & $-0.00223244$ & $-0.00720672$ & $-0.0109194$ & $-0.00276611$ & $-0.00547714$ & $0.0141852$ & $-0.000166628$ & $0.00757295$ & $-0.0241297$ \\
CHd_33 & $0.00305765$ & $-0.00757815$ & $-0.00677433$ & $-0.00166843$ & $0.00481045$ & $-0.0485543$ & $-0.0382136$ & $0.291226$ & $0.28444$ & $-0.0800805$ & $-0.323999$ & $0.0771205$ & $0.140038$ & $0.11973$ & $0.104431$ & $0.0476883$ & $-0.0368894$ & $-0.0252616$ & $0.317305$ & $0.32622$ & $0.319091$ & $0.0168374$ & $-0.0244388$ & $-0.0144459$ & $-0.182266$ & $0.108191$ & $1$ & $0.00702591$ & $0.0389919$ & $0.0123368$ & $-0.032255$ & $0.0449578$ & $0.137624$ & $0.00583457$ & $0.00157672$ & $0.0037507$ & $0.00246264$ & $0.0151294$ & $-0.0110374$ & $0.00117983$ & $-0.00297908$ & $0.00727049$ & $-0.00768607$ & $0.00329676$ & $-0.00402719$ & $-0.0111621$ & $0.00159419$ & $0.00825034$ \\
CeH_22r & $0.0020806$ & $-0.0213325$ & $0.00590294$ & $0.0139199$ & $-0.00150041$ & $0.00321738$ & $0.0147359$ & $0.0257116$ & $0.0309541$ & $-0.0417367$ & $-0.0117175$ & $0.0522346$ & $-0.0171034$ & $0.00600096$ & $-0.00463879$ & $-0.0289985$ & $-0.0301693$ & $-0.0226393$ & $0.0101005$ & $0.0126965$ & $0.0122038$ & $-0.00445878$ & $-0.0305746$ & $-0.027409$ & $-0.00380303$ & $0.0106219$ & $0.00702591$ & $1$ & $0.0468955$ & $0.0309766$ & $-0.00147476$ & $0.0447951$ & $0.0127967$ & $-0.0343577$ & $-0.0118945$ & $-0.0143648$ & $-0.00965022$ & $0.00916261$ & $-0.0106209$ & $0.00814523$ & $-0.00811029$ & $-0.000798421$ & $0.00785594$ & $0.000833967$ & $-0.00454236$ & $-0.0020493$ & $0.00285805$ & $-6.37492e-05$ \\
CeH_33r & $-0.0043794$ & $-0.0447124$ & $-0.00099039$ & $0.0566938$ & $-0.000998149$ & $-0.0117068$ & $-0.141986$ & $0.195026$ & $0.211849$ & $-0.353567$ & $-0.142824$ & $0.287591$ & $-0.0449722$ & $0.0489551$ & $0.0440974$ & $-0.106127$ & $-0.13465$ & $-0.131974$ & $0.135014$ & $0.147418$ & $0.144384$ & $0.0124902$ & $-0.16306$ & $-0.13218$ & $-0.0765281$ & $0.0767289$ & $0.0389919$ & $0.0468955$ & $1$ & $0.313052$ & $-0.00854478$ & $0.657693$ & $0.113634$ & $-0.0802775$ & $-0.0474479$ & $-0.182189$ & $-0.0167855$ & $-0.00526477$ & $0.017274$ & $0.0165434$ & $0.000577574$ & $0.0145756$ & $0.0193517$ & $0.0613712$ & $-0.0122689$ & $-0.0128649$ & $-0.027623$ & $0.0163486$ \\
CuH_22r & $-0.0275287$ & $0.0224137$ & $-0.0351782$ & $0.0299665$ & $0.00716611$ & $-0.0041381$ & $-0.0833794$ & $0.0732254$ & $0.0796771$ & $-0.131216$ & $-0.0474772$ & $0.124588$ & $-0.0286839$ & $0.0218564$ & $0.0205858$ & $-0.0537156$ & $-0.0638414$ & $-0.0631211$ & $0.0458688$ & $0.049513$ & $0.049698$ & $0.00920061$ & $-0.0646432$ & $-0.0571803$ & $-0.0302232$ & $0.0296053$ & $0.0123368$ & $0.0309766$ & $0.313052$ & $1$ & $0.00551625$ & $0.384841$ & $0.0417747$ & $-0.00880237$ & $0.010849$ & $-0.0912881$ & $-0.00442701$ & $0.00371973$ & $0.00662107$ & $-0.0240842$ & $0.00277925$ & $-0.0176567$ & $-0.0194266$ & $-0.0476863$ & $0.0783111$ & $0.307897$ & $0.0072144$ & $0.0558924$ \\
CuH_33r & $0.015181$ & $0.00461479$ & $-0.00970928$ & $-0.0250109$ & $0.00367274$ & $0.00852898$ & $0.939026$ & $-0.118622$ & $-0.076625$ & $0.101442$ & $0.0647137$ & $-0.293269$ & $0.0728054$ & $-0.0199059$ & $-0.0184247$ & $0.106644$ & $0.114889$ & $0.113944$ & $-0.0620662$ & $-0.0692155$ & $-0.0683476$ & $-0.00581681$ & $0.121037$ & $0.107076$ & $0.0317184$ & $-0.0570932$ & $-0.032255$ & $-0.00147476$ & $-0.00854478$ & $0.00551625$ & $1$ & $-0.0109858$ & $-0.0775701$ & $0.0371989$ & $0.00588056$ & $-0.016191$ & $-0.0121418$ & $-0.0248152$ & $0.00944403$ & $-0.0163996$ & $0.00104433$ & $0.0111358$ & $-0.000674926$ & $-0.00916292$ & $-0.00324189$ & $-0.0124783$ & $-0.0221396$ & $0.0189537$ \\
CdH_33r & $0.0211362$ & $-0.0379893$ & $0.0305161$ & $0.0140415$ & $0.00355974$ & $-0.00799734$ & $-0.178803$ & $0.212182$ & $0.225772$ & $-0.397627$ & $-0.15869$ & $0.350772$ & $-0.0404983$ & $0.0625135$ & $0.0653028$ & $-0.112926$ & $-0.145905$ & $-0.148159$ & $0.151544$ & $0.161743$ & $0.159377$ & $0.00768016$ & $-0.170005$ & $-0.145689$ & $-0.0855276$ & $0.074078$ & $0.0449578$ & $0.0447951$ & $0.657693$ & $0.384841$ & $-0.0109858$ & $1$ & $0.115919$ & $-0.0204163$ & $-0.0418642$ & $-0.188435$ & $-0.0307322$ & $-0.0330529$ & $0.0107669$ & $0.011653$ & $-0.00314004$ & $-0.0131469$ & $-0.0275514$ & $0.0890765$ & $0.00770997$ & $0.0630966$ & $0.146668$ & $0.430961$ \\
CLL_1221 & $0.00968752$ & $0.0395491$ & $0.000291143$ & $0.00721361$ & $-0.00497418$ & $-0.119171$ & $-0.0956787$ & $0.547127$ & $0.53793$ & $-0.330684$ & $-0.33777$ & $0.254528$ & $-0.266535$ & $-0.596412$ & $-0.106186$ & $-0.286228$ & $0.00270133$ & $-0.365841$ & $0.257558$ & $0.428233$ & $0.42485$ & $0.203783$ & $-0.635368$ & $-0.219099$ & $-0.232113$ & $0.681172$ & $0.137624$ & $0.0127967$ & $0.113634$ & $0.0417747$ & $-0.0775701$ & $0.115919$ & $1$ & $0.0279727$ & $0.015452$ & $-0.0100307$ & $-0.00570747$ & $0.00232542$ & $-0.00390075$ & $-0.0159231$ & $-0.00271069$ & $0.00122967$ & $0.00261199$ & $0.00461072$ & $0.00665526$ & $-0.000246923$ & $-0.00676431$ & $-0.0147736$ \\
eHggint & $0.0671413$ & $0.269394$ & $-0.0336012$ & $-0.221789$ & $0.00480694$ & $-0.00812986$ & $-0.0413706$ & $0.00111974$ & $-0.0319321$ & $-0.0168838$ & $-0.000253231$ & $0.0244776$ & $-0.0142387$ & $-0.00936614$ & $-0.00665921$ & $-0.000858025$ & $-0.00385381$ & $-0.00453717$ & $0.00366402$ & $0.0076373$ & $0.00968453$ & $0.00378661$ & $-0.019339$ & $-0.0176227$ & $-0.0139205$ & $0.00462581$ & $0.00583457$ & $-0.0343577$ & $-0.0802775$ & $-0.00880237$ & $0.0371989$ & $-0.0204163$ & $0.0279727$ & $1$ & $0.0983459$ & $0.0573885$ & $-0.00112172$ & $-0.134454$ & $0.0164858$ & $-0.166269$ & $-0.00273071$ & $-0.131744$ & $0.0538339$ & $0.0959749$ & $0.0990131$ & $0.0564585$ & $0.0782794$ & $0.129275$ \\
eHggpar & $0.0336154$ & $0.0113174$ & $-0.0168835$ & $-0.155834$ & $0.00668575$ & $-0.0092658$ & $-0.0346906$ & $0.0180618$ & $0.00521222$ & $-0.0173401$ & $-0.00986891$ & $0.0277784$ & $-0.00995411$ & $-0.000608622$ & $0.00336575$ & $-0.0162789$ & $-0.0159606$ & $-0.0163579$ & $0.00854507$ & $0.011332$ & $0.0111474$ & $-0.00315678$ & $-0.0216044$ & $-0.0211137$ & $-0.00239607$ & $0.0082903$ & $0.00157672$ & $-0.0118945$ & $-0.0474479$ & $0.010849$ & $0.00588056$ & $-0.0418642$ & $0.015452$ & $0.0983459$ & $1$ & $-0.0238123$ & $0.00785288$ & $-0.0612861$ & $0.0186555$ & $0.0264097$ & $0.0111459$ & $0.0377484$ & $0.0151162$ & $-0.15848$ & $0.123426$ & $0.052254$ & $0.00544922$ & $-0.0066544$ \\
eHWWint & $-0.0298616$ & $0.0871773$ & $0.0167942$ & $-0.151457$ & $0.00500969$ & $-0.0112955$ & $0.0140581$ & $-0.0078604$ & $-0.0224603$ & $0.0156036$ & $0.00130178$ & $0.00201452$ & $0.00673522$ & $0.0115669$ & $0.00221237$ & $0.0115501$ & $0.00331805$ & $0.00816169$ & $0.00251283$ & $-0.000515628$ & $-0.00166032$ & $-0.000397865$ & $0.00792885$ & $0.00855782$ & $-0.00194955$ & $-0.0113859$ & $0.0037507$ & $-0.0143648$ & $-0.182189$ & $-0.0912881$ & $-0.016191$ & $-0.188435$ & $-0.0100307$ & $0.0573885$ & $-0.0238123$ & $1$ & $0.00243148$ & $0.0214496$ & $-0.0178881$ & $0.00438349$ & $0.00148756$ & $-0.0460658$ & $-0.0250243$ & $-0.0417325$ & $0.0817872$ & $0.00330422$ & $0.121289$ & $-0.0320485$ \\
eHWWpar & $-0.00922308$ & $-0.00119989$ & $0.00343065$ & $0.0244438$ & $0.00173823$ & $-0.00672932$ & $-0.00752378$ & $0.00220105$ & $0.00129555$ & $0.000408629$ & $-0.00202408$ & $0.000150238$ & $0.00414504$ & $0.00578804$ & $-0.00564444$ & $-0.00331493$ & $-0.00512744$ & $0.00370962$ & $0.0015916$ & $0.00177908$ & $0.00167552$ & $0.00507443$ & $0.00672453$ & $0.00281113$ & $-0.00857358$ & $0.00623111$ & $0.00246264$ & $-0.00965022$ & $-0.0167855$ & $-0.00442701$ & $-0.0121418$ & $-0.0307322$ & $-0.00570747$ & $-0.00112172$ & $0.00785288$ & $0.00243148$ & $1$ & $0.0132049$ & $-0.0101615$ & $-0.00374829$ & $0.00881649$ & $-0.0218135$ & $-0.00262148$ & $-0.0305585$ & $0.0302876$ & $0.00869468$ & $0.0107735$ & $-0.0184366$ \\
eHZZint & $-0.165706$ & $-0.0678223$ & $-0.0536937$ & $0.0606313$ & $0.00808895$ & $0.00943205$ & $-0.0185707$ & $0.00787973$ & $0.00766579$ & $0.00373442$ & $-0.0102359$ & $0.000179065$ & $0.0101941$ & $0.000727067$ & $0.0104197$ & $0.00549695$ & $0.00869099$ & $0.00066826$ & $0.0113615$ & $0.00912004$ & $0.00907958$ & $-0.00616126$ & $0.0128302$ & $0.0203482$ & $-2.7582e-05$ & $0.000722602$ & $0.0151294$ & $0.00916261$ & $-0.00526477$ & $0.00371973$ & $-0.0248152$ & $-0.0330529$ & $0.00232542$ & $-0.134454$ & $-0.0612861$ & $0.0214496$ & $0.0132049$ & $1$ & $-0.011943$ & $0.0793231$ & $-0.00122874$ & $-0.0231104$ & $0.0794921$ & $0.0453988$ & $-0.0580139$ & $0.0593758$ & $0.0668859$ & $-0.0961867$ \\
eHZZpar & $0.00927625$ & $-0.00042224$ & $-0.00369628$ & $-0.00136726$ & $0.0033404$ & $-0.00760016$ & $0.0016624$ & $-0.00696752$ & $-0.00910914$ & $0.000366173$ & $0.0105973$ & $0.0110177$ & $-0.00817694$ & $-0.00265676$ & $-0.00418808$ & $-0.00667796$ & $-0.00464805$ & $-0.00155056$ & $-0.0108394$ & $-0.0104206$ & $-0.00829862$ & $0.00489936$ & $-0.00281471$ & $-0.00832729$ & $-0.0032734$ & $-0.00824221$ & $-0.0110374$ & $-0.0106209$ & $0.017274$ & $0.00662107$ & $0.00944403$ & $0.0107669$ & $-0.00390075$ & $0.0164858$ & $0.0186555$ & $-0.0178881$ & $-0.0101615$ & $-0.011943$ & $1$ & $-0.0142507$ & $0.00404116$ & $-0.00869399$ & $-0.00929165$ & $0.00570504$ & $0.0133013$ & $-0.00217984$ & $-0.0068837$ & $-0.0051796$ \\
eHZgaint & $-0.130639$ & $-0.225249$ & $0.105768$ & $0.0925942$ & $-0.0113132$ & $0.00427736$ & $-0.00489109$ & $0.00138$ & $0.016003$ & $-0.0239397$ & $0.0107225$ & $-0.00897904$ & $-0.0111747$ & $0.00440311$ & $-0.00288557$ & $-0.0194611$ & $-0.0135888$ & $-0.0107644$ & $-0.0126136$ & $-0.0163918$ & $-0.0155863$ & $-0.00707903$ & $0.00447732$ & $0.00228598$ & $0.0228319$ & $-0.00223244$ & $0.00117983$ & $0.00814523$ & $0.0165434$ & $-0.0240842$ & $-0.0163996$ & $0.011653$ & $-0.0159231$ & $-0.166269$ & $0.0264097$ & $0.00438349$ & $-0.00374829$ & $0.0793231$ & $-0.0142507$ & $1$ & $0.00140536$ & $0.174944$ & $0.0882236$ & $0.102535$ & $-0.0648626$ & $-0.033699$ & $-0.078081$ & $0.0318357$ \\
eHZgapar & $0.00159014$ & $0.0383265$ & $-0.00139503$ & $0.00574851$ & $0.00283443$ & $-0.00357012$ & $0.00262781$ & $-0.008638$ & $-0.0101806$ & $-0.000808668$ & $0.00938189$ & $-0.00540513$ & $-0.00388293$ & $-0.00213095$ & $-0.00899394$ & $-0.000536851$ & $-0.000837762$ & $0.00374164$ & $-0.00935075$ & $-0.00833625$ & $-0.00899344$ & $-0.00182426$ & $0.00160323$ & $-0.00435477$ & $0.00401932$ & $-0.00720672$ & $-0.00297908$ & $-0.00811029$ & $0.000577574$ & $0.00277925$ & $0.00104433$ & $-0.00314004$ & $-0.00271069$ & $-0.00273071$ & $0.0111459$ & $0.00148756$ & $0.00881649$ & $-0.00122874$ & $0.00404116$ & $0.00140536$ & $1$ & $-0.018818$ & $-0.00528907$ & $-0.00878753$ & $0.00924574$ & $-0.0105553$ & $-0.00798088$ & $-0.00618383$ \\
eHgagaint & $0.149809$ & $0.0765173$ & $-0.0937809$ & $-0.197407$ & $-0.0150567$ & $-0.0025645$ & $0.0156038$ & $-0.000426882$ & $0.0630907$ & $-0.0135874$ & $0.00626335$ & $0.00213197$ & $-0.0161281$ & $0.00130052$ & $0.00246697$ & $-0.0181906$ & $-0.0164621$ & $-0.0160589$ & $-0.00571092$ & $-0.00620906$ & $-0.00423613$ & $-0.00393352$ & $-0.0203828$ & $-0.0337879$ & $-0.000235408$ & $-0.0109194$ & $0.00727049$ & $-0.000798421$ & $0.0145756$ & $-0.0176567$ & $0.0111358$ & $-0.0131469$ & $0.00122967$ & $-0.131744$ & $0.0377484$ & $-0.0460658$ & $-0.0218135$ & $-0.0231104$ & $-0.00869399$ & $0.174944$ & $-0.018818$ & $1$ & $-0.103925$ & $-0.109246$ & $0.0919667$ & $-0.0757093$ & $-0.11011$ & $-0.053425$ \\
eHmumuint & $-0.0196038$ & $-0.0365125$ & $0.0571691$ & $0.0778392$ & $-0.00228653$ & $-0.0141044$ & $-0.0088551$ & $-0.000967628$ & $-0.0110109$ & $-0.00842738$ & $0.00207257$ & $0.00430469$ & $-0.00652621$ & $-0.00278479$ & $0.00189072$ & $0.00313617$ & $0.00256802$ & $-0.00259009$ & $-0.00155639$ & $-0.00262454$ & $-0.00105674$ & $0.000414925$ & $-0.00297024$ & $0.00169935$ & $0.00157535$ & $-0.00276611$ & $-0.00768607$ & $0.00785594$ & $0.0193517$ & $-0.0194266$ & $-0.000674926$ & $-0.0275514$ & $0.00261199$ & $0.0538339$ & $0.0151162$ & $-0.0250243$ & $-0.00262148$ & $0.0794921$ & $-0.00929165$ & $0.0882236$ & $-0.00528907$ & $-0.103925$ & $1$ & $0.0405201$ & $0.0120388$ & $-0.0790772$ & $-0.0313625$ & $-0.06921$ \\
eHtautauint & $0.0792971$ & $-0.0584859$ & $0.0532885$ & $-0.0269639$ & $-0.0128442$ & $0.0206045$ & $-0.0114925$ & $0.00637948$ & $0.00015695$ & $-0.00921248$ & $-0.0020718$ & $0.0016956$ & $-0.0037651$ & $-0.00364596$ & $0.00138998$ & $-0.00915568$ & $-0.00396446$ & $-0.009054$ & $8.9769e-05$ & $0.000759821$ & $-0.00173307$ & $-0.00197265$ & $-0.00705674$ & $-0.0207685$ & $-0.00186284$ & $-0.00547714$ & $0.00329676$ & $0.000833967$ & $0.0613712$ & $-0.0476863$ & $-0.00916292$ & $0.0890765$ & $0.00461072$ & $0.0959749$ & $-0.15848$ & $-0.0417325$ & $-0.0305585$ & $0.0453988$ & $0.00570504$ & $0.102535$ & $-0.00878753$ & $-0.109246$ & $0.0405201$ & $1$ & $-0.00613465$ & $-0.144773$ & $-0.129108$ & $0.240345$ \\
eHccint & $-0.0154441$ & $0.236658$ & $-0.00417753$ & $-0.0660723$ & $-0.00491217$ & $-0.0119383$ & $-0.0141844$ & $-0.00608541$ & $-0.00666223$ & $-0.00299066$ & $0.00829456$ & $0.0118891$ & $-0.0157786$ & $0.00521622$ & $-0.0137846$ & $-0.00296925$ & $-0.0147207$ & $-0.00104831$ & $-0.00467474$ & $-0.00187525$ & $-0.00227356$ & $0.00563897$ & $-0.005617$ & $8.10993e-05$ & $-0.00015178$ & $0.0141852$ & $-0.00402719$ & $-0.00454236$ & $-0.0122689$ & $0.0783111$ & $-0.00324189$ & $0.00770997$ & $0.00665526$ & $0.0990131$ & $0.123426$ & $0.0817872$ & $0.0302876$ & $-0.0580139$ & $0.0133013$ & $-0.0648626$ & $0.00924574$ & $0.0919667$ & $0.0120388$ & $-0.00613465$ & $1$ & $0.0968996$ & $-0.00681783$ & $0.0692629$ \\
eHccpar & $-0.0641985$ & $0.0900339$ & $-0.085955$ & $0.0243891$ & $0.00192125$ & $0.00275836$ & $-0.0210383$ & $-0.0101807$ & $-0.0176959$ & $-0.00509272$ & $0.0150714$ & $0.00419186$ & $-0.0122292$ & $-0.00290921$ & $-0.00252056$ & $-0.00992493$ & $-0.00807864$ & $-0.00745366$ & $-0.0138692$ & $-0.0129366$ & $-0.0116258$ & $-0.00539695$ & $0.000931885$ & $0.000436011$ & $0.00970423$ & $-0.000166628$ & $-0.0111621$ & $-0.0020493$ & $-0.0128649$ & $0.307897$ & $-0.0124783$ & $0.0630966$ & $-0.000246923$ & $0.0564585$ & $0.052254$ & $0.00330422$ & $0.00869468$ & $0.0593758$ & $-0.00217984$ & $-0.033699$ & $-0.0105553$ & $-0.0757093$ & $-0.0790772$ & $-0.144773$ & $0.0968996$ & $1$ & $0.00762181$ & $0.149952$ \\
eHbbint & $-0.122677$ & $0.0712166$ & $0.110508$ & $-0.00959578$ & $0.0128665$ & $0.00269479$ & $-0.0261638$ & $-0.0126052$ & $-0.0222417$ & $0.00749081$ & $0.00922892$ & $-0.000871856$ & $0.00570852$ & $0.00105959$ & $-0.00640878$ & $0.00932145$ & $0.00687095$ & $0.0124177$ & $-0.00618231$ & $-0.00582761$ & $-0.00611794$ & $-0.0069559$ & $0.0246784$ & $0.0265859$ & $0.0113719$ & $0.00757295$ & $0.00159419$ & $0.00285805$ & $-0.027623$ & $0.0072144$ & $-0.0221396$ & $0.146668$ & $-0.00676431$ & $0.0782794$ & $0.00544922$ & $0.121289$ & $0.0107735$ & $0.0668859$ & $-0.0068837$ & $-0.078081$ & $-0.00798088$ & $-0.11011$ & $-0.0313625$ & $-0.129108$ & $-0.00681783$ & $0.00762181$ & $1$ & $0.0384263$ \\
eHbbpar & $0.109227$ & $-0.00186809$ & $0.0377646$ & $-0.100638$ & $-0.000736619$ & $0.0170043$ & $0.00307398$ & $0.00111986$ & $-0.00432824$ & $-0.0029179$ & $-0.0066753$ & $3.38078e-05$ & $0.0101245$ & $0.0191373$ & $0.0267932$ & $0.00526871$ & $-0.00227401$ & $-0.0104627$ & $0.00778256$ & $0.00229762$ & $0.00135668$ & $-0.00544725$ & $0.0115888$ & $-0.0184298$ & $-0.00631129$ & $-0.0241297$ & $0.00825034$ & $-6.37492e-05$ & $0.0163486$ & $0.0558924$ & $0.0189537$ & $0.430961$ & $-0.0147736$ & $0.129275$ & $-0.0066544$ & $-0.0320485$ & $-0.0184366$ & $-0.0961867$ & $-0.0051796$ & $0.0318357$ & $-0.00618383$ & $-0.053425$ & $-0.06921$ & $0.240345$ & $0.0692629$ & $0.149952$ & $0.0384263$ & $1$ \\
