 & AlsMz & dAle5Mz & mtop & mHl & Mz & CW & CHG & CHWB & CHWHB_gaga & CHWHB_gagaorth & CHD & CHbox & CH & CHL1_11 & CHL1_22 & CHL1_33 & CHL3_11 & CHL3_22 & CHL3_33 & CHe_11 & CHe_22 & CHe_33 & CHQ1_11 & CHQ1_33 & CHQ3_11 & CHu_11 & CHd_11 & CHd_33 & CeH_22r & CeH_33r & CuH_22r & CuH_33r & CdH_33r & CLL_1221 & eHggint & eHggpar & eHWWint & eHWWpar & eHZZint & eHZZpar & eHZgaint & eHZgapar & eHgagaint & eHmumuint & eHtautauint & eHccint & eHccpar & eHbbint & eHbbpar \\
AlsMz & $1$ & $0.0068025$ & $0.203066$ & $0.0103657$ & $-0.014785$ & $0.0414439$ & $0.00316521$ & $-0.00433366$ & $-0.00157276$ & $-0.0088969$ & $-0.00873234$ & $-0.0161244$ & $-0.0150657$ & $0.0194813$ & $0.00657925$ & $-0.0478071$ & $0.0133616$ & $0.00583013$ & $0.0441697$ & $-0.000591563$ & $0.00507722$ & $-0.000286407$ & $0.0124204$ & $-0.0429053$ & $-0.0445592$ & $-0.0134559$ & $0.0298911$ & $-0.00153512$ & $-0.0604523$ & $0.0025302$ & $0.0579957$ & $-0.00478101$ & $-0.0303895$ & $-0.0122119$ & $-0.0135425$ & $0.0906162$ & $-0.0113084$ & $-0.000746602$ & $-0.180578$ & $0.0301347$ & $-0.205536$ & $-0.0353836$ & $0.0510877$ & $0.173624$ & $0.00365404$ & $-0.00686826$ & $0.241561$ & $-0.0264255$ & $-0.0596504$ \\
dAle5Mz & $0.0068025$ & $1$ & $0.0384819$ & $0.123409$ & $0.0477259$ & $0.0165788$ & $-0.000819309$ & $-0.0142307$ & $-0.0106852$ & $-0.0521969$ & $0.0185114$ & $-0.0378787$ & $0.00266323$ & $-0.030774$ & $-0.0158989$ & $0.00229273$ & $-0.0283823$ & $-0.0198286$ & $-0.0364348$ & $-0.000395895$ & $0.0033207$ & $-0.00300308$ & $0.00554605$ & $-0.0430982$ & $-0.0302608$ & $0.0191509$ & $0.00895661$ & $-0.00659076$ & $-0.0302272$ & $0.011757$ & $-0.0171575$ & $-0.00323018$ & $-0.0324643$ & $0.0426856$ & $-0.0689786$ & $-0.155976$ & $-0.149822$ & $-0.0355811$ & $-0.173317$ & $0.012917$ & $0.166378$ & $0.0394422$ & $0.0768463$ & $0.068455$ & $-0.110555$ & $0.108569$ & $-0.018299$ & $-0.0471601$ & $-0.0950618$ \\
mtop & $0.203066$ & $0.0384819$ & $1$ & $0.108187$ & $0.00690067$ & $-0.0254768$ & $-0.0284272$ & $0.0325785$ & $0.0293253$ & $-0.0455419$ & $-0.0221078$ & $-0.0232477$ & $0.00776002$ & $-0.00501449$ & $0.0276466$ & $0.000100606$ & $-0.0081269$ & $-0.0309922$ & $-0.00646521$ & $0.0251562$ & $0.0272319$ & $0.0325298$ & $-0.00668867$ & $-0.0512576$ & $-0.0148859$ & $-0.0185666$ & $0.0264167$ & $-0.0305095$ & $0.00268523$ & $0.0332831$ & $0.0222366$ & $-0.0245681$ & $0.084074$ & $0.00864108$ & $-0.125004$ & $0.00417924$ & $-0.171391$ & $0.045501$ & $-0.201675$ & $0.0693682$ & $0.0690495$ & $0.000635875$ & $-0.0560761$ & $0.124484$ & $-0.122086$ & $-0.0484512$ & $0.127762$ & $-0.118139$ & $0.0863037$ \\
mHl & $0.0103657$ & $0.123409$ & $0.108187$ & $1$ & $-0.0174524$ & $-0.0277255$ & $-0.0212309$ & $-0.0366159$ & $-0.0299756$ & $0.0260264$ & $0.0505063$ & $0.0402596$ & $-0.0238588$ & $-0.0498986$ & $-0.0102022$ & $-0.0633752$ & $-0.0177947$ & $-0.0217752$ & $0.014137$ & $-0.0477229$ & $-0.0457394$ & $-0.0442587$ & $0.0334518$ & $-0.00783774$ & $0.000558419$ & $-0.00432722$ & $0.0143749$ & $-0.0555501$ & $-0.0305335$ & $-0.00766327$ & $-0.0893865$ & $-0.00964315$ & $0.019626$ & $-0.0110852$ & $0.0951972$ & $0.199953$ & $-0.163063$ & $0.00131531$ & $0.0733413$ & $0.0158218$ & $-0.00108563$ & $-0.0265674$ & $0.052869$ & $-0.202588$ & $-0.123873$ & $0.115272$ & $-0.131899$ & $0.177015$ & $0.00187918$ \\
Mz & $-0.014785$ & $0.0477259$ & $0.00690067$ & $-0.0174524$ & $1$ & $-0.00656863$ & $-0.0345307$ & $-0.000412108$ & $-0.00179171$ & $-0.018445$ & $0.00310649$ & $-0.015152$ & $-0.00473811$ & $0.0151752$ & $0.0398616$ & $0.0191703$ & $0.00313853$ & $-0.0173634$ & $-0.00689204$ & $0.00815318$ & $0.00286339$ & $-5.76306e-05$ & $-0.0167152$ & $0.010168$ & $0.00179504$ & $-0.00926608$ & $-0.0220228$ & $-0.000225896$ & $-0.0242454$ & $0.0186113$ & $-0.0115758$ & $-0.0357483$ & $0.0169212$ & $-0.0337623$ & $0.0072884$ & $-0.00235602$ & $-0.0149242$ & $0.0069988$ & $-0.0243174$ & $0.0212099$ & $0.0463024$ & $-0.0132576$ & $0.00281833$ & $-0.0121845$ & $0.0266085$ & $-0.012489$ & $0.00681488$ & $-0.0167584$ & $0.0285111$ \\
CW & $0.0414439$ & $0.0165788$ & $-0.0254768$ & $-0.0277255$ & $-0.00656863$ & $1$ & $-0.0369082$ & $-0.105324$ & $-0.104575$ & $0.0112408$ & $0.183938$ & $0.0655043$ & $0.0335813$ & $-0.00956082$ & $-0.0701924$ & $-0.0900866$ & $-0.299011$ & $-0.0981753$ & $-0.0791197$ & $-0.178681$ & $-0.185195$ & $-0.18744$ & $0.00696895$ & $-0.0377888$ & $-0.137074$ & $0.0961267$ & $-0.0816783$ & $-0.0418532$ & $0.0150037$ & $-0.0131642$ & $-0.0113085$ & $-0.0300336$ & $-0.019911$ & $-0.116526$ & $0.010367$ & $0.0355522$ & $-0.00468976$ & $-0.0385661$ & $0.0157486$ & $0.0203256$ & $-0.00599702$ & $-0.0202881$ & $0.0267533$ & $-0.0393468$ & $0.0151852$ & $0.0120432$ & $0.023823$ & $-0.0148078$ & $-0.0406417$ \\
CHG & $0.00316521$ & $-0.000819309$ & $-0.0284272$ & $-0.0212309$ & $-0.0345307$ & $-0.0369082$ & $1$ & $-0.0623182$ & $-0.00553303$ & $0.0535215$ & $0.0272397$ & $-0.0475843$ & $-0.251849$ & $0.0403575$ & $-0.00189492$ & $0.00429786$ & $0.0647778$ & $0.0652048$ & $0.0623681$ & $-0.0240421$ & $-0.031556$ & $-0.0283464$ & $0.00809458$ & $0.0803764$ & $0.0516684$ & $0.00112931$ & $-0.0445978$ & $-0.0303859$ & $0.0157841$ & $-0.109621$ & $-0.0901084$ & $0.93279$ & $-0.144751$ & $-0.046853$ & $-0.0738587$ & $-0.0641879$ & $0.0575432$ & $0.00545475$ & $-0.0149088$ & $-0.0578897$ & $-0.0193586$ & $0.0126882$ & $-0.00512897$ & $-0.0141057$ & $-0.0237904$ & $-0.00996984$ & $-0.0619955$ & $-0.0701055$ & $0.000261006$ \\
CHWB & $-0.00433366$ & $-0.0142307$ & $0.0325785$ & $-0.0366159$ & $-0.000412108$ & $-0.105324$ & $-0.0623182$ & $1$ & $0.982146$ & $-0.559252$ & $-0.872805$ & $-0.219522$ & $0.322882$ & $0.100039$ & $0.277829$ & $0.329654$ & $-0.220515$ & $-0.408339$ & $-0.437474$ & $0.844017$ & $0.891158$ & $0.873217$ & $0.0416962$ & $-0.652567$ & $-0.401742$ & $-0.484212$ & $0.401571$ & $0.283671$ & $0.000237464$ & $0.0941064$ & $0.0567457$ & $-0.0501549$ & $0.113199$ & $0.569321$ & $0.0597363$ & $0.0232336$ & $-0.0232943$ & $0.0330381$ & $-0.00250242$ & $-0.02556$ & $0.0448892$ & $-0.0143982$ & $0.0116374$ & $-0.0332329$ & $-0.0390834$ & $0.0192722$ & $-0.0247571$ & $0.0720345$ & $-0.0383411$ \\
CHWHB_gaga & $-0.00157276$ & $-0.0106852$ & $0.0293253$ & $-0.0299756$ & $-0.00179171$ & $-0.104575$ & $-0.00553303$ & $0.982146$ & $1$ & $-0.546141$ & $-0.853788$ & $-0.196171$ & $0.320124$ & $0.0907113$ & $0.276094$ & $0.331256$ & $-0.224488$ & $-0.40971$ & $-0.440332$ & $0.826246$ & $0.871139$ & $0.852931$ & $0.0424771$ & $-0.64284$ & $-0.404549$ & $-0.475766$ & $0.388488$ & $0.278367$ & $0.00434979$ & $0.114134$ & $0.0625513$ & $-0.00446867$ & $0.132247$ & $0.55635$ & $0.0460121$ & $0.0125541$ & $-0.0381658$ & $0.0278587$ & $-0.0257778$ & $-0.0278988$ & $0.0458924$ & $-0.0138746$ & $0.0834443$ & $-0.0286414$ & $-0.0583719$ & $0.00147031$ & $-0.0295382$ & $0.0666121$ & $-0.0429145$ \\
CHWHB_gagaorth & $-0.0088969$ & $-0.0521969$ & $-0.0455419$ & $0.0260264$ & $-0.018445$ & $0.0112408$ & $0.0535215$ & $-0.559252$ & $-0.546141$ & $1$ & $0.325745$ & $0.596077$ & $-0.233069$ & $0.261852$ & $-0.0775925$ & $-0.126906$ & $0.433136$ & $0.481421$ & $0.503269$ & $-0.310287$ & $-0.347679$ & $-0.338976$ & $-0.0270166$ & $0.558057$ & $0.486466$ & $0.178643$ & $-0.240577$ & $-0.0986328$ & $-0.00747101$ & $-0.134238$ & $-0.0872093$ & $0.066155$ & $-0.146484$ & $-0.378956$ & $0.0404308$ & $-0.0217601$ & $0.0178426$ & $-0.017696$ & $-0.0295282$ & $-0.0237575$ & $-0.0894095$ & $0.0214146$ & $-0.0103094$ & $0.0307477$ & $0.019179$ & $-0.0238202$ & $0.0152775$ & $-0.00572449$ & $0.03388$ \\
CHD & $-0.00873234$ & $0.0185114$ & $-0.0221078$ & $0.0505063$ & $0.00310649$ & $0.183938$ & $0.0272397$ & $-0.872805$ & $-0.853788$ & $0.325745$ & $1$ & $0.260184$ & $-0.151416$ & $-0.525385$ & $-0.417085$ & $-0.448974$ & $-0.248382$ & $0.0268709$ & $0.0544751$ & $-0.9904$ & $-0.99133$ & $-0.970142$ & $0.0141324$ & $0.268751$ & $0.00508823$ & $0.542756$ & $-0.268044$ & $-0.332117$ & $-0.00255367$ & $-0.0512141$ & $-0.0355104$ & $0.0290719$ & $-0.0659616$ & $-0.361276$ & $-0.0443512$ & $-0.00158331$ & $0.0356956$ & $-0.0452143$ & $0.0189661$ & $0.0192891$ & $-0.0119441$ & $0.00235413$ & $0.0118465$ & $0.00631856$ & $0.0232842$ & $-0.0171437$ & $0.00544878$ & $-0.0474009$ & $0.00741188$ \\
CHbox & $-0.0161244$ & $-0.0378787$ & $-0.0232477$ & $0.0402596$ & $-0.015152$ & $0.0655043$ & $-0.0475843$ & $-0.219522$ & $-0.196171$ & $0.596077$ & $0.260184$ & $1$ & $0.141107$ & $-0.160907$ & $-0.00959952$ & $-0.0429551$ & $-0.112601$ & $-0.0712145$ & $-0.046505$ & $-0.236173$ & $-0.273152$ & $-0.26404$ & $-0.0089498$ & $0.0740097$ & $-0.060228$ & $0.138078$ & $-0.159645$ & $-0.0502725$ & $0.0197507$ & $0.219043$ & $0.0207195$ & $0.0452965$ & $0.266102$ & $-0.183749$ & $0.101554$ & $0.0257662$ & $0.000788008$ & $-0.00815875$ & $-0.0163211$ & $-0.0376649$ & $-0.0792023$ & $-0.00217988$ & $0.0101014$ & $0.00973051$ & $-0.0136006$ & $-0.0407331$ & $-0.033002$ & $0.0096145$ & $-0.00944594$ \\
CH & $-0.0150657$ & $0.00266323$ & $0.00776002$ & $-0.0238588$ & $-0.00473811$ & $0.0335813$ & $-0.251849$ & $0.322882$ & $0.320124$ & $-0.233069$ & $-0.151416$ & $0.141107$ & $1$ & $-0.219661$ & $0.0503112$ & $0.0908951$ & $-0.330259$ & $-0.347616$ & $-0.369201$ & $0.146218$ & $0.16197$ & $0.15751$ & $0.0362547$ & $-0.361296$ & $-0.355228$ & $-0.0936978$ & $0.111095$ & $0.0707478$ & $0.0253823$ & $0.2316$ & $0.11867$ & $-0.20503$ & $0.295496$ & $0.209186$ & $0.0289456$ & $0.0508713$ & $-0.0252126$ & $-0.00277518$ & $-0.01398$ & $0.0107521$ & $0.0111424$ & $-0.0245427$ & $0.0485912$ & $-0.0294406$ & $-0.0504306$ & $-0.0100741$ & $-0.0109728$ & $0.0550335$ & $-0.0641608$ \\
CHL1_11 & $0.0194813$ & $-0.030774$ & $-0.00501449$ & $-0.0498986$ & $0.0151752$ & $-0.00956082$ & $0.0403575$ & $0.100039$ & $0.0907113$ & $0.261852$ & $-0.525385$ & $-0.160907$ & $-0.219661$ & $1$ & $0.308229$ & $0.280736$ & $0.672035$ & $0.602353$ & $0.601033$ & $0.544437$ & $0.484306$ & $0.468882$ & $-0.0867487$ & $0.495653$ & $0.596733$ & $-0.275126$ & $-0.115671$ & $0.184351$ & $0.0044115$ & $-0.0497371$ & $-0.0161961$ & $0.0200574$ & $-0.0420631$ & $-0.233028$ & $-0.000390732$ & $-0.0129984$ & $-0.0303571$ & $0.0396216$ & $-0.0248928$ & $-0.00438542$ & $-0.0416855$ & $0.0146051$ & $-0.0449843$ & $0.0314667$ & $0.02837$ & $-0.00903706$ & $0.0359483$ & $-0.00876661$ & $0.0556167$ \\
CHL1_22 & $0.00657925$ & $-0.0158989$ & $0.0276466$ & $-0.0102022$ & $0.0398616$ & $-0.0701924$ & $-0.00189492$ & $0.277829$ & $0.276094$ & $-0.0775925$ & $-0.417085$ & $-0.00959952$ & $0.0503112$ & $0.308229$ & $1$ & $0.443924$ & $0.193429$ & $-0.410235$ & $0.00704936$ & $0.481903$ & $0.334618$ & $0.321924$ & $-0.169925$ & $0.146504$ & $-0.102728$ & $-0.197632$ & $-0.419576$ & $0.149941$ & $0.0162257$ & $0.0292807$ & $0.0152857$ & $-0.00552461$ & $0.0436991$ & $-0.601826$ & $-0.0190228$ & $0.00751783$ & $-0.042568$ & $0.0192404$ & $-0.0121105$ & $0.0197457$ & $-0.0870234$ & $-0.00386765$ & $0.00851969$ & $0.0315053$ & $-0.0328128$ & $-0.0314812$ & $-0.0184824$ & $-0.0282812$ & $0.0338974$ \\
CHL1_33 & $-0.0478071$ & $0.00229273$ & $0.000100606$ & $-0.0633752$ & $0.0191703$ & $-0.0900866$ & $0.00429786$ & $0.329654$ & $0.331256$ & $-0.126906$ & $-0.448974$ & $-0.0429551$ & $0.0908951$ & $0.280736$ & $0.443924$ & $1$ & $0.164545$ & $-0.0191474$ & $-0.425071$ & $0.509838$ & $0.371724$ & $0.386571$ & $-0.163899$ & $0.0933598$ & $-0.117174$ & $-0.218183$ & $-0.362653$ & $0.152355$ & $0.0143575$ & $0.0215359$ & $0.0113265$ & $-0.00955359$ & $0.0244835$ & $-0.0676851$ & $-0.0322198$ & $-0.0374394$ & $-0.0237772$ & $0.0107102$ & $-0.0149536$ & $0.0216843$ & $-0.038208$ & $-3.69177e-05$ & $0.0243623$ & $0.031638$ & $-0.0308367$ & $-0.0412459$ & $-0.0216442$ & $-0.0634068$ & $0.0256851$ \\
CHL3_11 & $0.0133616$ & $-0.0283823$ & $-0.0081269$ & $-0.0177947$ & $0.00313853$ & $-0.299011$ & $0.0647778$ & $-0.220515$ & $-0.224488$ & $0.433136$ & $-0.248382$ & $-0.112601$ & $-0.330259$ & $0.672035$ & $0.193429$ & $0.164545$ & $1$ & $0.744373$ & $0.741605$ & $0.268494$ & $0.215392$ & $0.21134$ & $-0.0745746$ & $0.680608$ & $0.788206$ & $-0.11737$ & $-0.140743$ & $0.0892901$ & $0.00395722$ & $-0.0832865$ & $-0.0437426$ & $0.0356841$ & $-0.0987194$ & $-0.2486$ & $-0.0314675$ & $-0.0501252$ & $-0.0146016$ & $0.0217134$ & $-0.0286537$ & $0.0158633$ & $-0.0480612$ & $0.0281865$ & $-0.0474103$ & $0.0469298$ & $0.0290522$ & $0.0080599$ & $0.030819$ & $-0.0436389$ & $0.0520449$ \\
CHL3_22 & $0.00583013$ & $-0.0198286$ & $-0.0309922$ & $-0.0217752$ & $-0.0173634$ & $-0.0981753$ & $0.0652048$ & $-0.408339$ & $-0.40971$ & $0.481421$ & $0.0268709$ & $-0.0712145$ & $-0.347616$ & $0.602353$ & $-0.410235$ & $-0.0191474$ & $0.744373$ & $1$ & $0.677704$ & $-0.0295147$ & $-0.0237671$ & $-0.0190327$ & $0.00325517$ & $0.620489$ & $0.804196$ & $0.0144523$ & $0.0197219$ & $-0.00604228$ & $-0.00589698$ & $-0.0976886$ & $-0.0492105$ & $0.041725$ & $-0.11438$ & $0.0315475$ & $-0.0156097$ & $-0.0427017$ & $0.00699274$ & $0.00910657$ & $-0.0164759$ & $-1.56516e-05$ & $-0.00441682$ & $0.0242639$ & $-0.0519448$ & $0.0251717$ & $0.0520892$ & $0.0128051$ & $0.0483027$ & $-0.0301852$ & $0.0385936$ \\
CHL3_33 & $0.0441697$ & $-0.0364348$ & $-0.00646521$ & $0.014137$ & $-0.00689204$ & $-0.0791197$ & $0.0623681$ & $-0.437474$ & $-0.440332$ & $0.503269$ & $0.0544751$ & $-0.046505$ & $-0.369201$ & $0.601033$ & $0.00704936$ & $-0.425071$ & $0.741605$ & $0.677704$ & $1$ & $-0.0553966$ & $-0.0524622$ & $-0.0488133$ & $0.00672032$ & $0.638589$ & $0.795152$ & $0.02841$ & $-0.0127583$ & $-0.00565142$ & $-0.00608665$ & $-0.094728$ & $-0.0468874$ & $0.0457433$ & $-0.100811$ & $-0.365666$ & $-0.00234885$ & $-0.00655764$ & $-0.00934057$ & $0.0183265$ & $-0.0186324$ & $-0.00174668$ & $-0.0377405$ & $0.0232465$ & $-0.0541198$ & $0.0250102$ & $0.0448488$ & $0.0143535$ & $0.0497368$ & $-0.00443593$ & $0.0451129$ \\
CHe_11 & $-0.000591563$ & $-0.000395895$ & $0.0251562$ & $-0.0477229$ & $0.00815318$ & $-0.178681$ & $-0.0240421$ & $0.844017$ & $0.826246$ & $-0.310287$ & $-0.9904$ & $-0.236173$ & $0.146218$ & $0.544437$ & $0.481903$ & $0.509838$ & $0.268494$ & $-0.0295147$ & $-0.0553966$ & $1$ & $0.973167$ & $0.952723$ & $-0.0373064$ & $-0.214777$ & $0.00251306$ & $-0.534059$ & $0.194617$ & $0.331494$ & $0.00414516$ & $0.0515858$ & $0.0327214$ & $-0.0256012$ & $0.0660078$ & $0.28298$ & $0.0400819$ & $-0.00526856$ & $-0.0437879$ & $0.0424116$ & $-0.0220966$ & $-0.0172666$ & $0.00521502$ & $-0.00214365$ & $-0.00951938$ & $-0.00248825$ & $-0.0289614$ & $0.0147215$ & $-0.00808634$ & $0.0352239$ & $-0.00360078$ \\
CHe_22 & $0.00507722$ & $0.0033207$ & $0.0272319$ & $-0.0457394$ & $0.00286339$ & $-0.185195$ & $-0.031556$ & $0.891158$ & $0.871139$ & $-0.347679$ & $-0.99133$ & $-0.273152$ & $0.16197$ & $0.484306$ & $0.334618$ & $0.371724$ & $0.215392$ & $-0.0237671$ & $-0.0524622$ & $0.973167$ & $1$ & $0.97567$ & $0.0120731$ & $-0.32538$ & $-0.0139771$ & $-0.54287$ & $0.347151$ & $0.328928$ & $-0.00059048$ & $0.0517567$ & $0.036564$ & $-0.0322734$ & $0.0668449$ & $0.445672$ & $0.0496223$ & $-0.00205878$ & $-0.0369887$ & $0.0447005$ & $-0.0210287$ & $-0.0229397$ & $0.0301384$ & $-0.00144417$ & $-0.01259$ & $-0.0108$ & $-0.0243752$ & $0.0274032$ & $-0.00562074$ & $0.0544202$ & $-0.0132293$ \\
CHe_33 & $-0.000286407$ & $-0.00300308$ & $0.0325298$ & $-0.0442587$ & $-5.76306e-05$ & $-0.18744$ & $-0.0283464$ & $0.873217$ & $0.852931$ & $-0.338976$ & $-0.970142$ & $-0.26404$ & $0.15751$ & $0.468882$ & $0.321924$ & $0.386571$ & $0.21134$ & $-0.0190327$ & $-0.0488133$ & $0.952723$ & $0.97567$ & $1$ & $0.00726208$ & $-0.319945$ & $-0.0134198$ & $-0.528413$ & $0.340724$ & $0.317208$ & $-0.000220353$ & $0.047871$ & $0.0334112$ & $-0.0267792$ & $0.0673875$ & $0.444962$ & $0.0564338$ & $0.000702831$ & $-0.03506$ & $0.042827$ & $-0.0178885$ & $-0.0159521$ & $0.0265995$ & $0.00227241$ & $-0.0129121$ & $-0.0136937$ & $-0.0319469$ & $0.0257734$ & $-0.00757353$ & $0.0505982$ & $-0.0074835$ \\
CHQ1_11 & $0.0124204$ & $0.00554605$ & $-0.00668867$ & $0.0334518$ & $-0.0167152$ & $0.00696895$ & $0.00809458$ & $0.0416962$ & $0.0424771$ & $-0.0270166$ & $0.0141324$ & $-0.0089498$ & $0.0362547$ & $-0.0867487$ & $-0.169925$ & $-0.163899$ & $-0.0745746$ & $0.00325517$ & $0.00672032$ & $-0.0373064$ & $0.0120731$ & $0.00726208$ & $1$ & $-0.133257$ & $0.0668016$ & $-0.677073$ & $0.31576$ & $-0.0342684$ & $-0.0137277$ & $0.0207415$ & $0.0542609$ & $0.013798$ & $0.0214017$ & $0.17449$ & $0.0509163$ & $-0.0123442$ & $-0.0297838$ & $0.00356563$ & $0.00767416$ & $-0.0102769$ & $0.0549492$ & $-0.00126462$ & $-0.0399725$ & $-0.0682146$ & $0.00947476$ & $0.0318514$ & $0.0061309$ & $0.0628492$ & $-0.0510542$ \\
CHQ1_33 & $-0.0429053$ & $-0.0430982$ & $-0.0512576$ & $-0.00783774$ & $0.010168$ & $-0.0377888$ & $0.0803764$ & $-0.652567$ & $-0.64284$ & $0.558057$ & $0.268751$ & $0.0740097$ & $-0.361296$ & $0.495653$ & $0.146504$ & $0.0933598$ & $0.680608$ & $0.620489$ & $0.638589$ & $-0.214777$ & $-0.32538$ & $-0.319945$ & $-0.133257$ & $1$ & $0.657654$ & $0.174399$ & $-0.405257$ & $0.00540524$ & $0.0140456$ & $-0.086613$ & $-0.0591891$ & $0.056956$ & $-0.102264$ & $-0.635767$ & $-0.0569802$ & $-0.0302614$ & $-0.0200272$ & $-0.0037$ & $-0.00487356$ & $0.0138833$ & $-0.0570016$ & $0.0164084$ & $-0.0368121$ & $0.0433046$ & $0.045639$ & $-0.0161376$ & $0.014446$ & $-0.0760266$ & $0.0562359$ \\
CHQ3_11 & $-0.0445592$ & $-0.0302608$ & $-0.0148859$ & $0.000558419$ & $0.00179504$ & $-0.137074$ & $0.0516684$ & $-0.401742$ & $-0.404549$ & $0.486466$ & $0.00508823$ & $-0.060228$ & $-0.355228$ & $0.596733$ & $-0.102728$ & $-0.117174$ & $0.788206$ & $0.804196$ & $0.795152$ & $0.00251306$ & $-0.0139771$ & $-0.0134198$ & $0.0668016$ & $0.657654$ & $1$ & $0.0144115$ & $0.206867$ & $0.0102114$ & $0.00686615$ & $-0.0786356$ & $-0.0447188$ & $0.0350374$ & $-0.0898347$ & $-0.211992$ & $-0.032701$ & $-0.0159412$ & $-0.0196688$ & $0.0385309$ & $0.00837486$ & $0.00659594$ & $0.032107$ & $0.0373259$ & $-0.0768876$ & $0.0261812$ & $0.0585722$ & $0.030844$ & $0.0327711$ & $-0.01412$ & $0.0458403$ \\
CHu_11 & $-0.0134559$ & $0.0191509$ & $-0.0185666$ & $-0.00432722$ & $-0.00926608$ & $0.0961267$ & $0.00112931$ & $-0.484212$ & $-0.475766$ & $0.178643$ & $0.542756$ & $0.138078$ & $-0.0936978$ & $-0.275126$ & $-0.197632$ & $-0.218183$ & $-0.11737$ & $0.0144523$ & $0.02841$ & $-0.534059$ & $-0.54287$ & $-0.528413$ & $-0.677073$ & $0.174399$ & $0.0144115$ & $1$ & $-0.138268$ & $-0.154963$ & $0.0193736$ & $-0.0427272$ & $-0.0436778$ & $0.000967341$ & $-0.0541775$ & $-0.22578$ & $-0.0789176$ & $0.0237077$ & $0.0515461$ & $-0.035007$ & $0.0203633$ & $0.00508013$ & $-0.00725395$ & $0.0136426$ & $0.0149809$ & $0.0682106$ & $0.0261195$ & $-0.0163126$ & $0.0211073$ & $-0.0680319$ & $0.0209719$ \\
CHd_11 & $0.0298911$ & $0.00895661$ & $0.0264167$ & $0.0143749$ & $-0.0220228$ & $-0.0816783$ & $-0.0445978$ & $0.401571$ & $0.388488$ & $-0.240577$ & $-0.268044$ & $-0.159645$ & $0.111095$ & $-0.115671$ & $-0.419576$ & $-0.362653$ & $-0.140743$ & $0.0197219$ & $-0.0127583$ & $0.194617$ & $0.347151$ & $0.340724$ & $0.31576$ & $-0.405257$ & $0.206867$ & $-0.138268$ & $1$ & $0.0641261$ & $-0.00509512$ & $0.0493671$ & $0.0341903$ & $-0.0290628$ & $0.0449542$ & $0.680753$ & $0.0302611$ & $0.0491657$ & $-0.0193638$ & $0.0364293$ & $0.0208938$ & $-0.033384$ & $0.150477$ & $0.0131864$ & $-0.0424366$ & $-0.0302551$ & $0.0274585$ & $0.0812704$ & $0.0192737$ & $0.0917071$ & $-0.0642131$ \\
CHd_33 & $-0.00153512$ & $-0.00659076$ & $-0.0305095$ & $-0.0555501$ & $-0.000225896$ & $-0.0418532$ & $-0.0303859$ & $0.283671$ & $0.278367$ & $-0.0986328$ & $-0.332117$ & $-0.0502725$ & $0.0707478$ & $0.184351$ & $0.149941$ & $0.152355$ & $0.0892901$ & $-0.00604228$ & $-0.00565142$ & $0.331494$ & $0.328928$ & $0.317208$ & $-0.0342684$ & $0.00540524$ & $0.0102114$ & $-0.154963$ & $0.0641261$ & $1$ & $0.036289$ & $0.0492108$ & $0.0144032$ & $-0.0191323$ & $0.0636371$ & $0.102398$ & $-0.000952094$ & $0.0123179$ & $0.015946$ & $0.0260536$ & $-0.0341871$ & $0.00034301$ & $0.0220686$ & $-0.0202339$ & $0.00973104$ & $0.0281324$ & $0.00451805$ & $-0.0559198$ & $-0.00534036$ & $0.0405314$ & $-0.0188545$ \\
CeH_22r & $-0.0604523$ & $-0.0302272$ & $0.00268523$ & $-0.0305335$ & $-0.0242454$ & $0.0150037$ & $0.0157841$ & $0.000237464$ & $0.00434979$ & $-0.00747101$ & $-0.00255367$ & $0.0197507$ & $0.0253823$ & $0.0044115$ & $0.0162257$ & $0.0143575$ & $0.00395722$ & $-0.00589698$ & $-0.00608665$ & $0.00414516$ & $-0.00059048$ & $-0.000220353$ & $-0.0137277$ & $0.0140456$ & $0.00686615$ & $0.0193736$ & $-0.00509512$ & $0.036289$ & $1$ & $0.0350109$ & $0.032271$ & $0.0084784$ & $0.053935$ & $-0.0142507$ & $-0.0635214$ & $-0.044871$ & $0.00237304$ & $-0.00281748$ & $0.0509342$ & $-0.0454669$ & $0.0516239$ & $-0.00534783$ & $-0.0391743$ & $-0.00213463$ & $0.032131$ & $-0.0166407$ & $-0.011511$ & $-0.0264703$ & $0.0257858$ \\
CeH_33r & $0.0025302$ & $0.011757$ & $0.0332831$ & $-0.00766327$ & $0.0186113$ & $-0.0131642$ & $-0.109621$ & $0.0941064$ & $0.114134$ & $-0.134238$ & $-0.0512141$ & $0.219043$ & $0.2316$ & $-0.0497371$ & $0.0292807$ & $0.0215359$ & $-0.0832865$ & $-0.0976886$ & $-0.094728$ & $0.0515858$ & $0.0517567$ & $0.047871$ & $0.0207415$ & $-0.086613$ & $-0.0786356$ & $-0.0427272$ & $0.0493671$ & $0.0492108$ & $0.0350109$ & $1$ & $0.32633$ & $0.0453616$ & $0.666897$ & $0.0499376$ & $-0.0322406$ & $0.00559913$ & $-0.173166$ & $0.00805157$ & $0.00656739$ & $-0.00573406$ & $-0.0115998$ & $0.00873154$ & $0.0248359$ & $0.0344801$ & $0.00632877$ & $0.0169693$ & $0.0228943$ & $-0.025899$ & $-0.0323461$ \\
CuH_22r & $0.0579957$ & $-0.0171575$ & $0.0222366$ & $-0.0893865$ & $-0.0115758$ & $-0.0113085$ & $-0.0901084$ & $0.0567457$ & $0.0625513$ & $-0.0872093$ & $-0.0355104$ & $0.0207195$ & $0.11867$ & $-0.0161961$ & $0.0152857$ & $0.0113265$ & $-0.0437426$ & $-0.0492105$ & $-0.0468874$ & $0.0327214$ & $0.036564$ & $0.0334112$ & $0.0542609$ & $-0.0591891$ & $-0.0447188$ & $-0.0436778$ & $0.0341903$ & $0.0144032$ & $0.032271$ & $0.32633$ & $1$ & $-0.00316059$ & $0.378622$ & $0.0299902$ & $0.0110404$ & $0.0259485$ & $-0.159452$ & $0.000840198$ & $0.00326256$ & $-0.00831982$ & $-0.0902068$ & $-0.0269031$ & $0.0311226$ & $0.00668706$ & $-0.0236057$ & $0.0610089$ & $0.287602$ & $-0.0276799$ & $0.00834104$ \\
CuH_33r & $-0.00478101$ & $-0.00323018$ & $-0.0245681$ & $-0.00964315$ & $-0.0357483$ & $-0.0300336$ & $0.93279$ & $-0.0501549$ & $-0.00446867$ & $0.066155$ & $0.0290719$ & $0.0452965$ & $-0.20503$ & $0.0200574$ & $-0.00552461$ & $-0.00955359$ & $0.0356841$ & $0.041725$ & $0.0457433$ & $-0.0256012$ & $-0.0322734$ & $-0.0267792$ & $0.013798$ & $0.056956$ & $0.0350374$ & $0.000967341$ & $-0.0290628$ & $-0.0191323$ & $0.0084784$ & $0.0453616$ & $-0.00316059$ & $1$ & $0.0519003$ & $-0.0369387$ & $0.000820127$ & $-0.0366176$ & $0.0131821$ & $0.00680413$ & $-0.00957868$ & $-0.0563924$ & $-0.0373565$ & $0.0118055$ & $-0.00710175$ & $-0.0379799$ & $-0.0464965$ & $-0.00514049$ & $-0.0588423$ & $-0.0538254$ & $0.000118989$ \\
CdH_33r & $-0.0303895$ & $-0.0324643$ & $0.084074$ & $0.019626$ & $0.0169212$ & $-0.019911$ & $-0.144751$ & $0.113199$ & $0.132247$ & $-0.146484$ & $-0.0659616$ & $0.266102$ & $0.295496$ & $-0.0420631$ & $0.0436991$ & $0.0244835$ & $-0.0987194$ & $-0.11438$ & $-0.100811$ & $0.0660078$ & $0.0668449$ & $0.0673875$ & $0.0214017$ & $-0.102264$ & $-0.0898347$ & $-0.0541775$ & $0.0449542$ & $0.0636371$ & $0.053935$ & $0.666897$ & $0.378622$ & $0.0519003$ & $1$ & $0.0452855$ & $0.0108864$ & $-0.0207534$ & $-0.194902$ & $0.030007$ & $0.0456168$ & $0.00260766$ & $-0.0250792$ & $-0.0379864$ & $0.0230219$ & $0.0154846$ & $-0.0381401$ & $0.00324438$ & $-0.0190318$ & $0.0700911$ & $0.32333$ \\
CLL_1221 & $-0.0122119$ & $0.0426856$ & $0.00864108$ & $-0.0110852$ & $-0.0337623$ & $-0.116526$ & $-0.046853$ & $0.569321$ & $0.55635$ & $-0.378956$ & $-0.361276$ & $-0.183749$ & $0.209186$ & $-0.233028$ & $-0.601826$ & $-0.0676851$ & $-0.2486$ & $0.0315475$ & $-0.365666$ & $0.28298$ & $0.445672$ & $0.444962$ & $0.17449$ & $-0.635767$ & $-0.211992$ & $-0.22578$ & $0.680753$ & $0.102398$ & $-0.0142507$ & $0.0499376$ & $0.0299902$ & $-0.0369387$ & $0.0452855$ & $1$ & $0.0525814$ & $-0.0020163$ & $0.0139522$ & $0.00548896$ & $0.000602318$ & $-0.0298222$ & $0.114844$ & $-0.00271425$ & $0.00559083$ & $-0.0471149$ & $-0.0107884$ & $0.0502076$ & $-0.00706573$ & $0.0726554$ & $-0.065954$ \\
eHggint & $-0.0135425$ & $-0.0689786$ & $-0.125004$ & $0.0951972$ & $0.0072884$ & $0.010367$ & $-0.0738587$ & $0.0597363$ & $0.0460121$ & $0.0404308$ & $-0.0443512$ & $0.101554$ & $0.0289456$ & $-0.000390732$ & $-0.0190228$ & $-0.0322198$ & $-0.0314675$ & $-0.0156097$ & $-0.00234885$ & $0.0400819$ & $0.0496223$ & $0.0564338$ & $0.0509163$ & $-0.0569802$ & $-0.032701$ & $-0.0789176$ & $0.0302611$ & $-0.000952094$ & $-0.0635214$ & $-0.0322406$ & $0.0110404$ & $0.000820127$ & $0.0108864$ & $0.0525814$ & $1$ & $0.0217536$ & $-0.0397824$ & $0.0246197$ & $-0.0518818$ & $0.0452444$ & $-0.191173$ & $0.00906038$ & $0.0688065$ & $-0.23049$ & $-0.151164$ & $0.0581701$ & $0.0881314$ & $0.153186$ & $0.084377$ \\
eHggpar & $0.0906162$ & $-0.155976$ & $0.00417924$ & $0.199953$ & $-0.00235602$ & $0.0355522$ & $-0.0641879$ & $0.0232336$ & $0.0125541$ & $-0.0217601$ & $-0.00158331$ & $0.0257662$ & $0.0508713$ & $-0.0129984$ & $0.00751783$ & $-0.0374394$ & $-0.0501252$ & $-0.0427017$ & $-0.00655764$ & $-0.00526856$ & $-0.00205878$ & $0.000702831$ & $-0.0123442$ & $-0.0302614$ & $-0.0159412$ & $0.0237077$ & $0.0491657$ & $0.0123179$ & $-0.044871$ & $0.00559913$ & $0.0259485$ & $-0.0366176$ & $-0.0207534$ & $-0.0020163$ & $0.0217536$ & $1$ & $-0.0749786$ & $-0.0464034$ & $-0.0881784$ & $-0.0531917$ & $0.0467587$ & $-0.0568144$ & $-0.0656545$ & $-0.161326$ & $0.0828986$ & $-0.140393$ & $0.00118537$ & $0.0566736$ & $-0.115537$ \\
eHWWint & $-0.0113084$ & $-0.149822$ & $-0.171391$ & $-0.163063$ & $-0.0149242$ & $-0.00468976$ & $0.0575432$ & $-0.0232943$ & $-0.0381658$ & $0.0178426$ & $0.0356956$ & $0.000788008$ & $-0.0252126$ & $-0.0303571$ & $-0.042568$ & $-0.0237772$ & $-0.0146016$ & $0.00699274$ & $-0.00934057$ & $-0.0437879$ & $-0.0369887$ & $-0.03506$ & $-0.0297838$ & $-0.0200272$ & $-0.0196688$ & $0.0515461$ & $-0.0193638$ & $0.015946$ & $0.00237304$ & $-0.173166$ & $-0.159452$ & $0.0131821$ & $-0.194902$ & $0.0139522$ & $-0.0397824$ & $-0.0749786$ & $1$ & $0.0235428$ & $0.0643759$ & $-0.0239726$ & $0.0680397$ & $0.0218102$ & $-0.11115$ & $-0.0124825$ & $0.189323$ & $-0.18771$ & $-0.0895749$ & $0.0558766$ & $0.0169325$ \\
eHWWpar & $-0.000746602$ & $-0.0355811$ & $0.045501$ & $0.00131531$ & $0.0069988$ & $-0.0385661$ & $0.00545475$ & $0.0330381$ & $0.0278587$ & $-0.017696$ & $-0.0452143$ & $-0.00815875$ & $-0.00277518$ & $0.0396216$ & $0.0192404$ & $0.0107102$ & $0.0217134$ & $0.00910657$ & $0.0183265$ & $0.0424116$ & $0.0447005$ & $0.042827$ & $0.00356563$ & $-0.0037$ & $0.0385309$ & $-0.035007$ & $0.0364293$ & $0.0260536$ & $-0.00281748$ & $0.00805157$ & $0.000840198$ & $0.00680413$ & $0.030007$ & $0.00548896$ & $0.0246197$ & $-0.0464034$ & $0.0235428$ & $1$ & $0.0654216$ & $0.0126134$ & $-0.00995808$ & $0.00876396$ & $-0.0462981$ & $-0.0125585$ & $0.0370066$ & $0.0225064$ & $0.0291978$ & $0.0271438$ & $0.031659$ \\
eHZZint & $-0.180578$ & $-0.173317$ & $-0.201675$ & $0.0733413$ & $-0.0243174$ & $0.0157486$ & $-0.0149088$ & $-0.00250242$ & $-0.0257778$ & $-0.0295282$ & $0.0189661$ & $-0.0163211$ & $-0.01398$ & $-0.0248928$ & $-0.0121105$ & $-0.0149536$ & $-0.0286537$ & $-0.0164759$ & $-0.0186324$ & $-0.0220966$ & $-0.0210287$ & $-0.0178885$ & $0.00767416$ & $-0.00487356$ & $0.00837486$ & $0.0203633$ & $0.0208938$ & $-0.0341871$ & $0.0509342$ & $0.00656739$ & $0.00326256$ & $-0.00957868$ & $0.0456168$ & $0.000602318$ & $-0.0518818$ & $-0.0881784$ & $0.0643759$ & $0.0654216$ & $1$ & $-0.027085$ & $0.0421606$ & $0.0181302$ & $-0.301964$ & $-0.0879537$ & $0.297556$ & $0.247352$ & $-0.102784$ & $-0.0238943$ & $0.115888$ \\
eHZZpar & $0.0301347$ & $0.012917$ & $0.0693682$ & $0.0158218$ & $0.0212099$ & $0.0203256$ & $-0.0578897$ & $-0.02556$ & $-0.0278988$ & $-0.0237575$ & $0.0192891$ & $-0.0376649$ & $0.0107521$ & $-0.00438542$ & $0.0197457$ & $0.0216843$ & $0.0158633$ & $-1.56516e-05$ & $-0.00174668$ & $-0.0172666$ & $-0.0229397$ & $-0.0159521$ & $-0.0102769$ & $0.0138833$ & $0.00659594$ & $0.00508013$ & $-0.033384$ & $0.00034301$ & $-0.0454669$ & $-0.00573406$ & $-0.00831982$ & $-0.0563924$ & $0.00260766$ & $-0.0298222$ & $0.0452444$ & $-0.0531917$ & $-0.0239726$ & $0.0126134$ & $-0.027085$ & $1$ & $0.0446106$ & $0.00377394$ & $0.0104013$ & $-0.00330607$ & $0.0240051$ & $0.0325818$ & $0.0397752$ & $-0.041624$ & $0.0157339$ \\
eHZgaint & $-0.205536$ & $0.166378$ & $0.0690495$ & $-0.00108563$ & $0.0463024$ & $-0.00599702$ & $-0.0193586$ & $0.0448892$ & $0.0458924$ & $-0.0894095$ & $-0.0119441$ & $-0.0792023$ & $0.0111424$ & $-0.0416855$ & $-0.0870234$ & $-0.038208$ & $-0.0480612$ & $-0.00441682$ & $-0.0377405$ & $0.00521502$ & $0.0301384$ & $0.0265995$ & $0.0549492$ & $-0.0570016$ & $0.032107$ & $-0.00725395$ & $0.150477$ & $0.0220686$ & $0.0516239$ & $-0.0115998$ & $-0.0902068$ & $-0.0373565$ & $-0.0250792$ & $0.114844$ & $-0.191173$ & $0.0467587$ & $0.0680397$ & $-0.00995808$ & $0.0421606$ & $0.0446106$ & $1$ & $-0.0426201$ & $-0.0225219$ & $0.107067$ & $0.164703$ & $-0.174997$ & $-0.183644$ & $-0.210964$ & $0.0152189$ \\
eHZgapar & $-0.0353836$ & $0.0394422$ & $0.000635875$ & $-0.0265674$ & $-0.0132576$ & $-0.0202881$ & $0.0126882$ & $-0.0143982$ & $-0.0138746$ & $0.0214146$ & $0.00235413$ & $-0.00217988$ & $-0.0245427$ & $0.0146051$ & $-0.00386765$ & $-3.69177e-05$ & $0.0281865$ & $0.0242639$ & $0.0232465$ & $-0.00214365$ & $-0.00144417$ & $0.00227241$ & $-0.00126462$ & $0.0164084$ & $0.0373259$ & $0.0136426$ & $0.0131864$ & $-0.0202339$ & $-0.00534783$ & $0.00873154$ & $-0.0269031$ & $0.0118055$ & $-0.0379864$ & $-0.00271425$ & $0.00906038$ & $-0.0568144$ & $0.0218102$ & $0.00876396$ & $0.0181302$ & $0.00377394$ & $-0.0426201$ & $1$ & $-0.00455279$ & $-0.00331795$ & $0.0654207$ & $-0.0510713$ & $0.0101731$ & $-0.0776351$ & $-0.000117366$ \\
eHgagaint & $0.0510877$ & $0.0768463$ & $-0.0560761$ & $0.052869$ & $0.00281833$ & $0.0267533$ & $-0.00512897$ & $0.0116374$ & $0.0834443$ & $-0.0103094$ & $0.0118465$ & $0.0101014$ & $0.0485912$ & $-0.0449843$ & $0.00851969$ & $0.0243623$ & $-0.0474103$ & $-0.0519448$ & $-0.0541198$ & $-0.00951938$ & $-0.01259$ & $-0.0129121$ & $-0.0399725$ & $-0.0368121$ & $-0.0768876$ & $0.0149809$ & $-0.0424366$ & $0.00973104$ & $-0.0391743$ & $0.0248359$ & $0.0311226$ & $-0.00710175$ & $0.0230219$ & $0.00559083$ & $0.0688065$ & $-0.0656545$ & $-0.11115$ & $-0.0462981$ & $-0.301964$ & $0.0104013$ & $-0.0225219$ & $-0.00455279$ & $1$ & $-0.0324765$ & $-0.22051$ & $-0.213985$ & $0.089722$ & $0.0415655$ & $-0.0128258$ \\
eHmumuint & $0.173624$ & $0.068455$ & $0.124484$ & $-0.202588$ & $-0.0121845$ & $-0.0393468$ & $-0.0141057$ & $-0.0332329$ & $-0.0286414$ & $0.0307477$ & $0.00631856$ & $0.00973051$ & $-0.0294406$ & $0.0314667$ & $0.0315053$ & $0.031638$ & $0.0469298$ & $0.0251717$ & $0.0250102$ & $-0.00248825$ & $-0.0108$ & $-0.0136937$ & $-0.0682146$ & $0.0433046$ & $0.0261812$ & $0.0682106$ & $-0.0302551$ & $0.0281324$ & $-0.00213463$ & $0.0344801$ & $0.00668706$ & $-0.0379799$ & $0.0154846$ & $-0.0471149$ & $-0.23049$ & $-0.161326$ & $-0.0124825$ & $-0.0125585$ & $-0.0879537$ & $-0.00330607$ & $0.107067$ & $-0.00331795$ & $-0.0324765$ & $1$ & $0.1331$ & $0.0154401$ & $0.0818544$ & $-0.253929$ & $0.0937021$ \\
eHtautauint & $0.00365404$ & $-0.110555$ & $-0.122086$ & $-0.123873$ & $0.0266085$ & $0.0151852$ & $-0.0237904$ & $-0.0390834$ & $-0.0583719$ & $0.019179$ & $0.0232842$ & $-0.0136006$ & $-0.0504306$ & $0.02837$ & $-0.0328128$ & $-0.0308367$ & $0.0290522$ & $0.0520892$ & $0.0448488$ & $-0.0289614$ & $-0.0243752$ & $-0.0319469$ & $0.00947476$ & $0.045639$ & $0.0585722$ & $0.0261195$ & $0.0274585$ & $0.00451805$ & $0.032131$ & $0.00632877$ & $-0.0236057$ & $-0.0464965$ & $-0.0381401$ & $-0.0107884$ & $-0.151164$ & $0.0828986$ & $0.189323$ & $0.0370066$ & $0.297556$ & $0.0240051$ & $0.164703$ & $0.0654207$ & $-0.22051$ & $0.1331$ & $1$ & $0.0960665$ & $0.0712454$ & $-0.146395$ & $0.0865508$ \\
eHccint & $-0.00686826$ & $0.108569$ & $-0.0484512$ & $0.115272$ & $-0.012489$ & $0.0120432$ & $-0.00996984$ & $0.0192722$ & $0.00147031$ & $-0.0238202$ & $-0.0171437$ & $-0.0407331$ & $-0.0100741$ & $-0.00903706$ & $-0.0314812$ & $-0.0412459$ & $0.0080599$ & $0.0128051$ & $0.0143535$ & $0.0147215$ & $0.0274032$ & $0.0257734$ & $0.0318514$ & $-0.0161376$ & $0.030844$ & $-0.0163126$ & $0.0812704$ & $-0.0559198$ & $-0.0166407$ & $0.0169693$ & $0.0610089$ & $-0.00514049$ & $0.00324438$ & $0.0502076$ & $0.0581701$ & $-0.140393$ & $-0.18771$ & $0.0225064$ & $0.247352$ & $0.0325818$ & $-0.174997$ & $-0.0510713$ & $-0.213985$ & $0.0154401$ & $0.0960665$ & $1$ & $0.0104376$ & $-0.148855$ & $0.00745393$ \\
eHccpar & $0.241561$ & $-0.018299$ & $0.127762$ & $-0.131899$ & $0.00681488$ & $0.023823$ & $-0.0619955$ & $-0.0247571$ & $-0.0295382$ & $0.0152775$ & $0.00544878$ & $-0.033002$ & $-0.0109728$ & $0.0359483$ & $-0.0184824$ & $-0.0216442$ & $0.030819$ & $0.0483027$ & $0.0497368$ & $-0.00808634$ & $-0.00562074$ & $-0.00757353$ & $0.0061309$ & $0.014446$ & $0.0327711$ & $0.0211073$ & $0.0192737$ & $-0.00534036$ & $-0.011511$ & $0.0228943$ & $0.287602$ & $-0.0588423$ & $-0.0190318$ & $-0.00706573$ & $0.0881314$ & $0.00118537$ & $-0.0895749$ & $0.0291978$ & $-0.102784$ & $0.0397752$ & $-0.183644$ & $0.0101731$ & $0.089722$ & $0.0818544$ & $0.0712454$ & $0.0104376$ & $1$ & $-0.181486$ & $0.0764853$ \\
eHbbint & $-0.0264255$ & $-0.0471601$ & $-0.118139$ & $0.177015$ & $-0.0167584$ & $-0.0148078$ & $-0.0701055$ & $0.0720345$ & $0.0666121$ & $-0.00572449$ & $-0.0474009$ & $0.0096145$ & $0.0550335$ & $-0.00876661$ & $-0.0282812$ & $-0.0634068$ & $-0.0436389$ & $-0.0301852$ & $-0.00443593$ & $0.0352239$ & $0.0544202$ & $0.0505982$ & $0.0628492$ & $-0.0760266$ & $-0.01412$ & $-0.0680319$ & $0.0917071$ & $0.0405314$ & $-0.0264703$ & $-0.025899$ & $-0.0276799$ & $-0.0538254$ & $0.0700911$ & $0.0726554$ & $0.153186$ & $0.0566736$ & $0.0558766$ & $0.0271438$ & $-0.0238943$ & $-0.041624$ & $-0.210964$ & $-0.0776351$ & $0.0415655$ & $-0.253929$ & $-0.146395$ & $-0.148855$ & $-0.181486$ & $1$ & $-0.108738$ \\
eHbbpar & $-0.0596504$ & $-0.0950618$ & $0.0863037$ & $0.00187918$ & $0.0285111$ & $-0.0406417$ & $0.000261006$ & $-0.0383411$ & $-0.0429145$ & $0.03388$ & $0.00741188$ & $-0.00944594$ & $-0.0641608$ & $0.0556167$ & $0.0338974$ & $0.0256851$ & $0.0520449$ & $0.0385936$ & $0.0451129$ & $-0.00360078$ & $-0.0132293$ & $-0.0074835$ & $-0.0510542$ & $0.0562359$ & $0.0458403$ & $0.0209719$ & $-0.0642131$ & $-0.0188545$ & $0.0257858$ & $-0.0323461$ & $0.00834104$ & $0.000118989$ & $0.32333$ & $-0.065954$ & $0.084377$ & $-0.115537$ & $0.0169325$ & $0.031659$ & $0.115888$ & $0.0157339$ & $0.0152189$ & $-0.000117366$ & $-0.0128258$ & $0.0937021$ & $0.0865508$ & $0.00745393$ & $0.0764853$ & $-0.108738$ & $1$ \\
