 & AlsMz & dAle5Mz & mtop & mHl & Mz & CW & CHG & CHWB & CHWHB_gaga & CHWHB_gagaorth & CHD & CHbox & CH & CHL1_11 & CHL1_22 & CHL1_33 & CHL3_11 & CHL3_22 & CHL3_33 & CHe_11 & CHe_22 & CHe_33 & CHQ1_11 & CHQ1_33 & CHQ3_11 & CHu_11 & CHd_11 & CHd_33 & CeH_22r & CeH_33r & CuH_22r & CuH_33r & CdH_33r & CLL_1221 & eHggint & eHggpar & eHWWint & eHWWpar & eHZZint & eHZZpar & eHZgaint & eHZgapar & eHgagaint & eHmumuint & eHtautauint & eHccint & eHccpar & eHbbint & eHbbpar \\
AlsMz & $1$ & $0.122735$ & $-0.0892905$ & $0.0681735$ & $0.0548663$ & $0.0220198$ & $-0.0969703$ & $-0.0180091$ & $-0.0242368$ & $-0.0317242$ & $0.0131234$ & $-0.0561731$ & $-0.0220544$ & $-0.00966262$ & $-0.0111751$ & $-0.0628735$ & $0.0214031$ & $0.00785834$ & $0.0418278$ & $-0.0203461$ & $-0.00873807$ & $-0.0147747$ & $0.0122425$ & $-0.0189084$ & $-0.0478608$ & $-0.0062983$ & $-0.0103699$ & $0.0349103$ & $-0.016101$ & $-0.0461752$ & $-0.0254023$ & $-0.126626$ & $-0.084754$ & $0.00626629$ & $-0.0415364$ & $0.0480036$ & $0.320753$ & $0.0182417$ & $-0.316545$ & $0.0558868$ & $0.185334$ & $0.0194217$ & $0.0296167$ & $-0.253392$ & $-0.125003$ & $0.10202$ & $0.00103426$ & $-0.0922194$ & $-0.0534419$ \\
dAle5Mz & $0.122735$ & $1$ & $0.102199$ & $-0.0517401$ & $-0.030559$ & $0.0107733$ & $-0.135106$ & $-0.0116092$ & $-0.019628$ & $-0.0178456$ & $0.0186554$ & $0.0146579$ & $0.00715724$ & $-0.0275757$ & $-0.00854343$ & $-0.00917616$ & $-0.0225908$ & $-0.0213122$ & $-0.0146666$ & $-0.00845939$ & $-0.0024803$ & $0.0108682$ & $0.0113936$ & $-0.0207339$ & $-0.0257536$ & $0.00421734$ & $0.0136003$ & $0.0197613$ & $-0.0132274$ & $0.0041583$ & $0.00254006$ & $-0.139719$ & $-0.0378322$ & $0.0285823$ & $-0.0699328$ & $-0.00526822$ & $0.0941605$ & $-0.0794536$ & $0.00334896$ & $-0.0521652$ & $0.0534882$ & $0.0484513$ & $0.0559186$ & $-0.108086$ & $-0.100957$ & $0.226558$ & $-0.160919$ & $0.150737$ & $-0.190887$ \\
mtop & $-0.0892905$ & $0.102199$ & $1$ & $0.159478$ & $0.0372992$ & $0.00549726$ & $-0.0135506$ & $0.0325619$ & $0.0401854$ & $-0.00870322$ & $0.0010315$ & $0.0657397$ & $0.0619409$ & $-0.0398683$ & $-0.0483913$ & $-0.031529$ & $-0.0530823$ & $-0.0256089$ & $-0.0341437$ & $-0.00323198$ & $0.0138427$ & $0.0167502$ & $-0.0220158$ & $-0.0561012$ & $-0.0356614$ & $0.0290238$ & $0.0496059$ & $-0.0189476$ & $-0.000592684$ & $0.0383092$ & $-0.0236592$ & $0.0046734$ & $0.12489$ & $0.0676202$ & $0.140259$ & $0.132318$ & $-0.15257$ & $0.0651507$ & $-0.307396$ & $-0.0616032$ & $-0.130178$ & $-0.0525082$ & $0.196289$ & $0.165338$ & $0.176596$ & $-0.0558302$ & $-0.173625$ & $0.100696$ & $0.228818$ \\
mHl & $0.0681735$ & $-0.0517401$ & $0.159478$ & $1$ & $-0.0149473$ & $-0.00229584$ & $0.0840743$ & $0.0340267$ & $0.0567256$ & $0.0271656$ & $-0.0315437$ & $0.065869$ & $0.0583969$ & $-0.0129336$ & $-0.0382813$ & $-0.0315624$ & $0.0112971$ & $0.0160471$ & $0.0102689$ & $0.0285008$ & $0.0384619$ & $0.0395488$ & $0.0215939$ & $-0.025439$ & $0.00448847$ & $-0.0127091$ & $0.058743$ & $0.0263988$ & $0.0227274$ & $0.0483533$ & $0.0129139$ & $0.106419$ & $0.0109926$ & $0.0639705$ & $0.0261858$ & $0.188585$ & $-0.11795$ & $0.0683707$ & $-0.1833$ & $0.0321995$ & $-0.377916$ & $0.0116096$ & $0.206263$ & $-0.257248$ & $0.0147907$ & $-0.196115$ & $-0.00931403$ & $0.0381492$ & $-0.100666$ \\
Mz & $0.0548663$ & $-0.030559$ & $0.0372992$ & $-0.0149473$ & $1$ & $0.00394694$ & $0.0335973$ & $0.00910311$ & $0.0116904$ & $-0.0106213$ & $-0.00982703$ & $-0.0542564$ & $-0.0594206$ & $0.0237647$ & $0.0103965$ & $0.0200448$ & $0.0214199$ & $0.0104323$ & $0.000634698$ & $0.0147349$ & $0.0184385$ & $0.0153689$ & $-0.0442925$ & $0.00635163$ & $-0.000516348$ & $0.00356483$ & $-0.0156296$ & $0.00308873$ & $0.0117492$ & $-0.0131577$ & $0.00629537$ & $0.0338049$ & $-0.0117133$ & $0.000521133$ & $0.0194477$ & $0.044646$ & $-0.00750591$ & $0.0017809$ & $0.00919329$ & $-0.00378163$ & $-0.0128569$ & $0.0348474$ & $0.103188$ & $0.0156674$ & $0.0412099$ & $-0.0124535$ & $0.00792663$ & $-0.0340016$ & $0.0102208$ \\
CW & $0.0220198$ & $0.0107733$ & $0.00549726$ & $-0.00229584$ & $0.00394694$ & $1$ & $-0.0214682$ & $-0.0689294$ & $-0.0742996$ & $-0.0407796$ & $0.145686$ & $0.0300483$ & $0.0381724$ & $0.0148097$ & $-0.0751085$ & $-0.0330143$ & $-0.2736$ & $-0.0711615$ & $-0.0971546$ & $-0.144839$ & $-0.149332$ & $-0.142683$ & $-0.0179503$ & $-0.0366671$ & $-0.120892$ & $0.102565$ & $-0.0607648$ & $-0.0355106$ & $0.0360323$ & $-0.000407645$ & $0.0101056$ & $-0.016208$ & $0.00143494$ & $-0.0743826$ & $0.0155603$ & $0.0203419$ & $-0.00452989$ & $-0.0232584$ & $-0.000152049$ & $-0.0148168$ & $0.0122127$ & $0.0118297$ & $-0.0392843$ & $0.0185069$ & $-0.00332889$ & $0.00744811$ & $-0.00110197$ & $-0.021356$ & $0.0225208$ \\
CHG & $-0.0969703$ & $-0.135106$ & $-0.0135506$ & $0.0840743$ & $0.0335973$ & $-0.0214682$ & $1$ & $-0.0897664$ & $-0.0385254$ & $0.103953$ & $0.00100305$ & $-0.252084$ & $-0.316742$ & $0.149012$ & $0.0199745$ & $0.0364368$ & $0.170263$ & $0.155822$ & $0.139687$ & $0.00281197$ & $-0.0124507$ & $-0.00825202$ & $-0.00878813$ & $0.155561$ & $0.164964$ & $-1.79593e-05$ & $-0.0546512$ & $-0.0124762$ & $-0.00595735$ & $-0.123903$ & $-0.0633287$ & $0.931932$ & $-0.176351$ & $-0.0905048$ & $-0.00482905$ & $-0.0204029$ & $-0.0131035$ & $-0.00015824$ & $0.0258973$ & $0.0097433$ & $-0.0610693$ & $-0.00970544$ & $-0.0679463$ & $-0.151537$ & $-0.021055$ & $-0.0725038$ & $0.0650243$ & $-0.0579569$ & $0.0609841$ \\
CHWB & $-0.0180091$ & $-0.0116092$ & $0.0325619$ & $0.0340267$ & $0.00910311$ & $-0.0689294$ & $-0.0897664$ & $1$ & $0.98483$ & $-0.58539$ & $-0.870839$ & $0.0562219$ & $0.361235$ & $0.0236241$ & $0.289546$ & $0.278938$ & $-0.30354$ & $-0.488473$ & $-0.472936$ & $0.841968$ & $0.889353$ & $0.868991$ & $0.0804815$ & $-0.709087$ & $-0.452211$ & $-0.500372$ & $0.42322$ & $0.328699$ & $0.0169647$ & $0.101927$ & $0.0472202$ & $-0.0893393$ & $0.155421$ & $0.58347$ & $-0.0412872$ & $-0.0141665$ & $-0.0264822$ & $0.0151957$ & $-0.00844013$ & $0.0192968$ & $0.0130918$ & $0.0019522$ & $0.0236181$ & $0.0296846$ & $0.0509652$ & $0.0231428$ & $0.0120555$ & $0.0513502$ & $0.0158776$ \\
CHWHB_gaga & $-0.0242368$ & $-0.019628$ & $0.0401854$ & $0.0567256$ & $0.0116904$ & $-0.0742996$ & $-0.0385254$ & $0.98483$ & $1$ & $-0.569871$ & $-0.855248$ & $0.0730589$ & $0.359736$ & $0.0190598$ & $0.286997$ & $0.276328$ & $-0.304689$ & $-0.486008$ & $-0.470889$ & $0.827425$ & $0.873062$ & $0.853548$ & $0.0829634$ & $-0.701379$ & $-0.448165$ & $-0.494972$ & $0.415831$ & $0.323219$ & $0.0189914$ & $0.12018$ & $0.0626218$ & $-0.0435191$ & $0.176995$ & $0.572328$ & $-0.0369901$ & $-0.0134631$ & $-0.0370065$ & $0.0207908$ & $-0.00546121$ & $0.0139302$ & $0.00415121$ & $0.00412004$ & $0.0523559$ & $0.0204273$ & $0.0636405$ & $0.0294721$ & $0.0116082$ & $0.0430401$ & $0.0206166$ \\
CHWHB_gagaorth & $-0.0317242$ & $-0.0178456$ & $-0.00870322$ & $0.0271656$ & $-0.0106213$ & $-0.0407796$ & $0.103953$ & $-0.58539$ & $-0.569871$ & $1$ & $0.356274$ & $0.256252$ & $-0.256485$ & $0.27584$ & $-0.132711$ & $-0.142632$ & $0.482162$ & $0.53345$ & $0.524853$ & $-0.343495$ & $-0.371503$ & $-0.362985$ & $-0.0305769$ & $0.579753$ & $0.520397$ & $0.18823$ & $-0.226918$ & $-0.157496$ & $-0.011784$ & $-0.131381$ & $-0.058077$ & $0.119833$ & $-0.165106$ & $-0.357985$ & $0.0481041$ & $0.0703572$ & $-0.0616125$ & $0.0141737$ & $0.0290599$ & $-0.0229385$ & $-0.0623491$ & $-0.0399225$ & $-0.0142407$ & $-0.0286605$ & $-0.0554031$ & $-0.0419233$ & $0.0235308$ & $-0.0511331$ & $-0.031535$ \\
CHD & $0.0131234$ & $0.0186554$ & $0.0010315$ & $-0.0315437$ & $-0.00982703$ & $0.145686$ & $0.00100305$ & $-0.870839$ & $-0.855248$ & $0.356274$ & $1$ & $0.112381$ & $-0.153361$ & $-0.464134$ & $-0.423975$ & $-0.386812$ & $-0.170221$ & $0.110279$ & $0.0925793$ & $-0.990227$ & $-0.991054$ & $-0.966796$ & $-0.0210294$ & $0.337792$ & $0.0590094$ & $0.559422$ & $-0.289443$ & $-0.359837$ & $-0.00461665$ & $-0.0524104$ & $-0.0215379$ & $0.0168433$ & $-0.0792705$ & $-0.372526$ & $0.0761232$ & $0.0490976$ & $0.0170049$ & $0.00309731$ & $-0.000676036$ & $-0.00637619$ & $-0.0219093$ & $0.00537323$ & $-0.0161703$ & $-0.00897362$ & $-0.0194807$ & $0.00384761$ & $-0.0245892$ & $-0.0392821$ & $-0.00678253$ \\
CHbox & $-0.0561731$ & $0.0146579$ & $0.0657397$ & $0.065869$ & $-0.0542564$ & $0.0300483$ & $-0.252084$ & $0.0562219$ & $0.0730589$ & $0.256252$ & $0.112381$ & $1$ & $0.715246$ & $-0.331971$ & $-0.00588642$ & $0.0126375$ & $-0.322008$ & $-0.295165$ & $-0.299883$ & $-0.0994696$ & $-0.108254$ & $-0.108685$ & $0.0126519$ & $-0.208267$ & $-0.278494$ & $0.0609485$ & $0.0105215$ & $-0.0447346$ & $0.060436$ & $0.306162$ & $0.104356$ & $-0.155491$ & $0.418937$ & $0.0483063$ & $0.10582$ & $0.116646$ & $-0.0742654$ & $0.0302594$ & $0.0098721$ & $-0.0193073$ & $-0.0869086$ & $-0.00536446$ & $0.0140041$ & $0.0152374$ & $0.0708069$ & $0.0458294$ & $-0.00783815$ & $0.0192707$ & $-0.0228833$ \\
CH & $-0.0220544$ & $0.00715724$ & $0.0619409$ & $0.0583969$ & $-0.0594206$ & $0.0381724$ & $-0.316742$ & $0.361235$ & $0.359736$ & $-0.256485$ & $-0.153361$ & $0.715246$ & $1$ & $-0.323955$ & $0.0773769$ & $0.0417859$ & $-0.40769$ & $-0.444867$ & $-0.412072$ & $0.150542$ & $0.167028$ & $0.156168$ & $0.0174452$ & $-0.429067$ & $-0.403019$ & $-0.0689588$ & $0.167648$ & $0.0742183$ & $0.0697652$ & $0.257668$ & $0.109348$ & $-0.262348$ & $0.361794$ & $0.230785$ & $0.0382418$ & $0.0684537$ & $-0.0410164$ & $0.0519162$ & $-0.0214022$ & $-0.0100685$ & $-0.0242914$ & $0.00869162$ & $0.0218977$ & $0.0506826$ & $0.0943526$ & $0.0569835$ & $-0.024295$ & $0.0452069$ & $-0.0016441$ \\
CHL1_11 & $-0.00966262$ & $-0.0275757$ & $-0.0398683$ & $-0.0129336$ & $0.0237647$ & $0.0148097$ & $0.149012$ & $0.0236241$ & $0.0190598$ & $0.27584$ & $-0.464134$ & $-0.331971$ & $-0.323955$ & $1$ & $0.260206$ & $0.223627$ & $0.678091$ & $0.617977$ & $0.612628$ & $0.483205$ & $0.422923$ & $0.409286$ & $-0.0897773$ & $0.497353$ & $0.61945$ & $-0.233971$ & $-0.120391$ & $0.145307$ & $-0.0161411$ & $-0.0741775$ & $-0.0319212$ & $0.117788$ & $-0.110298$ & $-0.254937$ & $-0.066096$ & $-0.0676945$ & $-0.000680944$ & $-0.0370208$ & $0.00868697$ & $-0.024616$ & $0.0243033$ & $-0.0130776$ & $0.00220448$ & $-0.0243747$ & $-0.0391065$ & $-0.0466723$ & $0.0361969$ & $-0.0259591$ & $0.000679994$ \\
CHL1_22 & $-0.0111751$ & $-0.00854343$ & $-0.0483913$ & $-0.0382813$ & $0.0103965$ & $-0.0751085$ & $0.0199745$ & $0.289546$ & $0.286997$ & $-0.132711$ & $-0.423975$ & $-0.00588642$ & $0.0773769$ & $0.260206$ & $1$ & $0.415461$ & $0.166555$ & $-0.436186$ & $-0.0215344$ & $0.488369$ & $0.339329$ & $0.322354$ & $-0.180723$ & $0.0896392$ & $-0.144536$ & $-0.192625$ & $-0.402982$ & $0.122684$ & $-0.00389937$ & $0.0297394$ & $-0.0184091$ & $0.0206601$ & $0.0510218$ & $-0.580886$ & $-0.0472212$ & $-0.0387774$ & $0.0289081$ & $-0.0343772$ & $0.00991566$ & $0.0249795$ & $0.0225874$ & $0.00401526$ & $-0.00172892$ & $0.00394285$ & $0.0111487$ & $0.022594$ & $-0.0359878$ & $0.0281717$ & $0.00755513$ \\
CHL1_33 & $-0.0628735$ & $-0.00917616$ & $-0.031529$ & $-0.0315624$ & $0.0200448$ & $-0.0330143$ & $0.0364368$ & $0.278938$ & $0.276328$ & $-0.142632$ & $-0.386812$ & $0.0126375$ & $0.0417859$ & $0.223627$ & $0.415461$ & $1$ & $0.110349$ & $-0.0467433$ & $-0.461746$ & $0.451898$ & $0.305467$ & $0.309504$ & $-0.172337$ & $0.0726988$ & $-0.170238$ & $-0.164203$ & $-0.391364$ & $0.0803441$ & $-0.00990434$ & $0.038415$ & $0.000229881$ & $0.0442105$ & $0.0768887$ & $-0.0793593$ & $-0.0584773$ & $-0.00112219$ & $-0.00693061$ & $-0.019094$ & $0.00151619$ & $-0.00936302$ & $0.0190194$ & $0.0347297$ & $0.00402607$ & $-0.0499631$ & $-0.00316271$ & $-0.0287623$ & $0.0686792$ & $0.0484177$ & $0.0402883$ \\
CHL3_11 & $0.0214031$ & $-0.0225908$ & $-0.0530823$ & $0.0112971$ & $0.0214199$ & $-0.2736$ & $0.170263$ & $-0.30354$ & $-0.304689$ & $0.482162$ & $-0.170221$ & $-0.322008$ & $-0.40769$ & $0.678091$ & $0.166555$ & $0.110349$ & $1$ & $0.746648$ & $0.758917$ & $0.192836$ & $0.135872$ & $0.131986$ & $-0.0733443$ & $0.704912$ & $0.788668$ & $-0.090861$ & $-0.184151$ & $0.0369663$ & $-0.0286199$ & $-0.0971707$ & $-0.0547696$ & $0.137537$ & $-0.15507$ & $-0.309068$ & $-0.0652606$ & $-0.0605799$ & $0.0149121$ & $-0.0224552$ & $0.0199223$ & $-0.0222973$ & $0.00792638$ & $-0.0169479$ & $-0.0171909$ & $-0.030451$ & $-0.0523637$ & $-0.0618107$ & $0.0161319$ & $-0.0272229$ & $-0.022419$ \\
CHL3_22 & $0.00785834$ & $-0.0213122$ & $-0.0256089$ & $0.0160471$ & $0.0104323$ & $-0.0711615$ & $0.155822$ & $-0.488473$ & $-0.486008$ & $0.53345$ & $0.110279$ & $-0.295165$ & $-0.444867$ & $0.617977$ & $-0.436186$ & $-0.0467433$ & $0.746648$ & $1$ & $0.689548$ & $-0.110515$ & $-0.107144$ & $-0.100548$ & $-0.00315162$ & $0.657685$ & $0.814734$ & $0.0587213$ & $-0.0268761$ & $-0.0511685$ & $-0.0198861$ & $-0.113577$ & $-0.0346983$ & $0.127366$ & $-0.175813$ & $-0.0313024$ & $-0.0279371$ & $-0.0325678$ & $-0.00546396$ & $-0.0114184$ & $0.00906088$ & $-0.0428191$ & $-0.000183141$ & $-0.0126461$ & $-0.0138361$ & $-0.0419995$ & $-0.0639803$ & $-0.0720512$ & $0.053307$ & $-0.0453291$ & $-0.0154553$ \\
CHL3_33 & $0.0418278$ & $-0.0146666$ & $-0.0341437$ & $0.0102689$ & $0.000634698$ & $-0.0971546$ & $0.139687$ & $-0.472936$ & $-0.470889$ & $0.524853$ & $0.0925793$ & $-0.299883$ & $-0.412072$ & $0.612628$ & $-0.0215344$ & $-0.461746$ & $0.758917$ & $0.689548$ & $1$ & $-0.095323$ & $-0.0886431$ & $-0.0760571$ & $0.00128084$ & $0.643214$ & $0.814941$ & $0.0403267$ & $-0.0168457$ & $-0.0215702$ & $-0.015127$ & $-0.113232$ & $-0.0480319$ & $0.108398$ & $-0.188241$ & $-0.38287$ & $-0.0182387$ & $-0.0592689$ & $0.0183661$ & $-0.0221726$ & $0.0172287$ & $-0.0198047$ & $-0.00239155$ & $-0.0419444$ & $-0.0147249$ & $0.0037624$ & $-0.0504714$ & $-0.0340638$ & $-0.0289483$ & $-0.0578454$ & $-0.0435016$ \\
CHe_11 & $-0.0203461$ & $-0.00845939$ & $-0.00323198$ & $0.0285008$ & $0.0147349$ & $-0.144839$ & $0.00281197$ & $0.841968$ & $0.827425$ & $-0.343495$ & $-0.990227$ & $-0.0994696$ & $0.150542$ & $0.483205$ & $0.488369$ & $0.451898$ & $0.192836$ & $-0.110515$ & $-0.095323$ & $1$ & $0.971898$ & $0.947466$ & $-0.0106436$ & $-0.285954$ & $-0.054178$ & $-0.54453$ & $0.212272$ & $0.352492$ & $0.0056266$ & $0.0519379$ & $0.0210631$ & $-0.0109623$ & $0.0800885$ & $0.294075$ & $-0.0769271$ & $-0.0479254$ & $-0.0146016$ & $-0.00688831$ & $0.00303856$ & $0.00611677$ & $0.0207809$ & $-0.00272091$ & $0.0146906$ & $0.00337038$ & $0.0139008$ & $-0.0020763$ & $0.0226666$ & $0.0432527$ & $0.00420869$ \\
CHe_22 & $-0.00873807$ & $-0.0024803$ & $0.0138427$ & $0.0384619$ & $0.0184385$ & $-0.149332$ & $-0.0124507$ & $0.889353$ & $0.873062$ & $-0.371503$ & $-0.991054$ & $-0.108254$ & $0.167028$ & $0.422923$ & $0.339329$ & $0.305467$ & $0.135872$ & $-0.107144$ & $-0.0886431$ & $0.971898$ & $1$ & $0.973587$ & $0.0506811$ & $-0.392719$ & $-0.0649735$ & $-0.562298$ & $0.371743$ & $0.363888$ & $0.00595502$ & $0.0550207$ & $0.0265898$ & $-0.0279688$ & $0.0806496$ & $0.458678$ & $-0.0721393$ & $-0.0459583$ & $-0.0189742$ & $0.00183664$ & $-0.0019846$ & $0.00563341$ & $0.0197241$ & $-0.00748195$ & $0.0215637$ & $0.014537$ & $0.0251699$ & $0.00208239$ & $0.0185271$ & $0.0396623$ & $0.00211326$ \\
CHe_33 & $-0.0147747$ & $0.0108682$ & $0.0167502$ & $0.0395488$ & $0.0153689$ & $-0.142683$ & $-0.00825202$ & $0.868991$ & $0.853548$ & $-0.362985$ & $-0.966796$ & $-0.108685$ & $0.156168$ & $0.409286$ & $0.322354$ & $0.309504$ & $0.131986$ & $-0.100548$ & $-0.0760571$ & $0.947466$ & $0.973587$ & $1$ & $0.059441$ & $-0.390588$ & $-0.0555654$ & $-0.553072$ & $0.375902$ & $0.357383$ & $0.00625387$ & $0.048402$ & $0.0225403$ & $-0.0224643$ & $0.0772097$ & $0.458443$ & $-0.0642226$ & $-0.044746$ & $-0.0229895$ & $-0.00293334$ & $0.00408796$ & $0.00548534$ & $0.0123345$ & $-0.0129188$ & $0.0175336$ & $0.0117463$ & $0.0116125$ & $0.000699868$ & $0.0114474$ & $0.0387837$ & $-0.000196079$ \\
CHQ1_11 & $0.0122425$ & $0.0113936$ & $-0.0220158$ & $0.0215939$ & $-0.0442925$ & $-0.0179503$ & $-0.00878813$ & $0.0804815$ & $0.0829634$ & $-0.0305769$ & $-0.0210294$ & $0.0126519$ & $0.0174452$ & $-0.0897773$ & $-0.180723$ & $-0.172337$ & $-0.0733443$ & $-0.00315162$ & $0.00128084$ & $-0.0106436$ & $0.0506811$ & $0.059441$ & $1$ & $-0.148791$ & $0.0986483$ & $-0.676773$ & $0.394961$ & $0.0350031$ & $-0.00565636$ & $0.0356246$ & $0.0243656$ & $0.00105914$ & $0.0205554$ & $0.222433$ & $-0.0135002$ & $-0.0156133$ & $0.0446585$ & $0.0243572$ & $0.046281$ & $0.0322703$ & $-0.0313897$ & $0.0142242$ & $-0.0223905$ & $0.0206016$ & $0.0462557$ & $0.00217962$ & $-0.00708763$ & $0.00557164$ & $-0.016519$ \\
CHQ1_33 & $-0.0189084$ & $-0.0207339$ & $-0.0561012$ & $-0.025439$ & $0.00635163$ & $-0.0366671$ & $0.155561$ & $-0.709087$ & $-0.701379$ & $0.579753$ & $0.337792$ & $-0.208267$ & $-0.429067$ & $0.497353$ & $0.0896392$ & $0.0726988$ & $0.704912$ & $0.657685$ & $0.643214$ & $-0.285954$ & $-0.392719$ & $-0.390588$ & $-0.148791$ & $1$ & $0.664415$ & $0.22309$ & $-0.427631$ & $-0.0705191$ & $-0.0257565$ & $-0.109902$ & $-0.0652277$ & $0.133464$ & $-0.172277$ & $-0.648877$ & $-0.0181239$ & $-0.0351837$ & $0.0368206$ & $-0.033152$ & $0.0200523$ & $-0.037473$ & $-0.00386532$ & $0.00699819$ & $-0.0312639$ & $-0.0425345$ & $-0.0528578$ & $-0.0512181$ & $0.00679585$ & $-0.0556983$ & $-0.0109616$ \\
CHQ3_11 & $-0.0478608$ & $-0.0257536$ & $-0.0356614$ & $0.00448847$ & $-0.000516348$ & $-0.120892$ & $0.164964$ & $-0.452211$ & $-0.448165$ & $0.520397$ & $0.0590094$ & $-0.278494$ & $-0.403019$ & $0.61945$ & $-0.144536$ & $-0.170238$ & $0.788668$ & $0.814734$ & $0.814941$ & $-0.054178$ & $-0.0649735$ & $-0.0555654$ & $0.0986483$ & $0.664415$ & $1$ & $0.0199083$ & $0.184647$ & $-0.0358668$ & $-0.0126834$ & $-0.0846552$ & $-0.0159337$ & $0.135922$ & $-0.151599$ & $-0.2396$ & $-0.0346375$ & $-0.0461529$ & $-0.0221329$ & $-0.0165162$ & $0.0349416$ & $-0.031978$ & $-0.0172864$ & $-0.0256599$ & $-0.0266105$ & $0.00224579$ & $-0.0413015$ & $-0.0609628$ & $0.0335875$ & $-0.0425818$ & $-0.0351256$ \\
CHu_11 & $-0.0062983$ & $0.00421734$ & $0.0290238$ & $-0.0127091$ & $0.00356483$ & $0.102565$ & $-1.79593e-05$ & $-0.500372$ & $-0.494972$ & $0.18823$ & $0.559422$ & $0.0609485$ & $-0.0689588$ & $-0.233971$ & $-0.192625$ & $-0.164203$ & $-0.090861$ & $0.0587213$ & $0.0403267$ & $-0.54453$ & $-0.562298$ & $-0.553072$ & $-0.676773$ & $0.22309$ & $0.0199083$ & $1$ & $-0.199958$ & $-0.216958$ & $0.0178406$ & $-0.0446197$ & $-0.0262833$ & $0.000268968$ & $-0.0533848$ & $-0.263772$ & $0.0324027$ & $0.0396753$ & $-0.0422981$ & $-0.00330687$ & $-0.0413718$ & $-0.0219332$ & $-0.00972316$ & $-0.0157025$ & $-0.00725596$ & $-0.00595939$ & $-0.0486448$ & $-0.0170478$ & $-0.0136878$ & $-0.022105$ & $-0.0139894$ \\
CHd_11 & $-0.0103699$ & $0.0136003$ & $0.0496059$ & $0.058743$ & $-0.0156296$ & $-0.0607648$ & $-0.0546512$ & $0.42322$ & $0.415831$ & $-0.226918$ & $-0.289443$ & $0.0105215$ & $0.167648$ & $-0.120391$ & $-0.402982$ & $-0.391364$ & $-0.184151$ & $-0.0268761$ & $-0.0168457$ & $0.212272$ & $0.371743$ & $0.375902$ & $0.394961$ & $-0.427631$ & $0.184647$ & $-0.199958$ & $1$ & $0.127213$ & $0.02543$ & $0.0603321$ & $0.0627092$ & $-0.0652067$ & $0.0554327$ & $0.685865$ & $-0.00747362$ & $0.000261759$ & $-0.0438451$ & $0.0336511$ & $-0.00150789$ & $-0.00229763$ & $-0.0256708$ & $-0.0182703$ & $-0.00511425$ & $0.0510728$ & $0.034254$ & $0.00618007$ & $0.0162028$ & $0.000618808$ & $-0.0318743$ \\
CHd_33 & $0.0349103$ & $0.0197613$ & $-0.0189476$ & $0.0263988$ & $0.00308873$ & $-0.0355106$ & $-0.0124762$ & $0.328699$ & $0.323219$ & $-0.157496$ & $-0.359837$ & $-0.0447346$ & $0.0742183$ & $0.145307$ & $0.122684$ & $0.0803441$ & $0.0369663$ & $-0.0511685$ & $-0.0215702$ & $0.352492$ & $0.363888$ & $0.357383$ & $0.0350031$ & $-0.0705191$ & $-0.0358668$ & $-0.216958$ & $0.127213$ & $1$ & $-0.0108681$ & $0.0129144$ & $3.43803e-05$ & $-0.0295731$ & $-0.0130334$ & $0.171167$ & $-0.0677971$ & $-0.0317193$ & $0.0617467$ & $0.0136428$ & $0.0267745$ & $-0.0108531$ & $-0.0151023$ & $0.033627$ & $-0.0187061$ & $0.0191387$ & $0.0279384$ & $-0.0428759$ & $-0.0351149$ & $-0.0243465$ & $-0.0728873$ \\
CeH_22r & $-0.016101$ & $-0.0132274$ & $-0.000592684$ & $0.0227274$ & $0.0117492$ & $0.0360323$ & $-0.00595735$ & $0.0169647$ & $0.0189914$ & $-0.011784$ & $-0.00461665$ & $0.060436$ & $0.0697652$ & $-0.0161411$ & $-0.00389937$ & $-0.00990434$ & $-0.0286199$ & $-0.0198861$ & $-0.015127$ & $0.0056266$ & $0.00595502$ & $0.00625387$ & $-0.00565636$ & $-0.0257565$ & $-0.0126834$ & $0.0178406$ & $0.02543$ & $-0.0108681$ & $1$ & $0.0253548$ & $-0.016797$ & $-0.0285617$ & $0.0144327$ & $0.0138775$ & $-0.0195477$ & $-0.0302253$ & $0.0413034$ & $0.00842866$ & $-0.00252833$ & $0.00711915$ & $-0.0375724$ & $-0.0196803$ & $-0.0341883$ & $0.0200151$ & $-0.0156222$ & $-0.0129314$ & $-0.0438973$ & $0.0424583$ & $-0.0515698$ \\
CeH_33r & $-0.0461752$ & $0.0041583$ & $0.0383092$ & $0.0483533$ & $-0.0131577$ & $-0.000407645$ & $-0.123903$ & $0.101927$ & $0.12018$ & $-0.131381$ & $-0.0524104$ & $0.306162$ & $0.257668$ & $-0.0741775$ & $0.0297394$ & $0.038415$ & $-0.0971707$ & $-0.113577$ & $-0.113232$ & $0.0519379$ & $0.0550207$ & $0.048402$ & $0.0356246$ & $-0.109902$ & $-0.0846552$ & $-0.0446197$ & $0.0603321$ & $0.0129144$ & $0.0253548$ & $1$ & $0.322741$ & $0.0293063$ & $0.683029$ & $0.0603087$ & $-0.0344327$ & $0.0128908$ & $-0.0786114$ & $-0.0330495$ & $0.0237619$ & $-0.0297591$ & $-0.0303321$ & $0.0371255$ & $0.00605762$ & $-0.0135305$ & $0.105327$ & $-0.00891558$ & $0.0208967$ & $0.0138554$ & $0.018609$ \\
CuH_22r & $-0.0254023$ & $0.00254006$ & $-0.0236592$ & $0.0129139$ & $0.00629537$ & $0.0101056$ & $-0.0633287$ & $0.0472202$ & $0.0626218$ & $-0.058077$ & $-0.0215379$ & $0.104356$ & $0.109348$ & $-0.0319212$ & $-0.0184091$ & $0.000229881$ & $-0.0547696$ & $-0.0346983$ & $-0.0480319$ & $0.0210631$ & $0.0265898$ & $0.0225403$ & $0.0243656$ & $-0.0652277$ & $-0.0159337$ & $-0.0262833$ & $0.0627092$ & $3.43803e-05$ & $-0.016797$ & $0.322741$ & $1$ & $0.0288963$ & $0.385386$ & $0.0516439$ & $-0.00670963$ & $0.0794239$ & $-0.111633$ & $-0.0166448$ & $-0.0563324$ & $-0.0153724$ & $0.0515424$ & $-0.00490389$ & $0.0280102$ & $-0.0521656$ & $-0.0110873$ & $-0.00793046$ & $0.198195$ & $0.073428$ & $-0.0231805$ \\
CuH_33r & $-0.126626$ & $-0.139719$ & $0.0046734$ & $0.106419$ & $0.0338049$ & $-0.016208$ & $0.931932$ & $-0.0893393$ & $-0.0435191$ & $0.119833$ & $0.0168433$ & $-0.155491$ & $-0.262348$ & $0.117788$ & $0.0206601$ & $0.0442105$ & $0.137537$ & $0.127366$ & $0.108398$ & $-0.0109623$ & $-0.0279688$ & $-0.0224643$ & $0.00105914$ & $0.133464$ & $0.135922$ & $0.000268968$ & $-0.0652067$ & $-0.0295731$ & $-0.0285617$ & $0.0293063$ & $0.0288963$ & $1$ & $0.021785$ & $-0.0923393$ & $0.0650273$ & $0.047774$ & $-0.0485767$ & $0.00941068$ & $0.0308701$ & $0.0268643$ & $-0.0753338$ & $-0.0030637$ & $-0.0169476$ & $-0.159732$ & $-0.0131233$ & $-0.0448537$ & $0.0912081$ & $-0.0640683$ & $0.0774658$ \\
CdH_33r & $-0.084754$ & $-0.0378322$ & $0.12489$ & $0.0109926$ & $-0.0117133$ & $0.00143494$ & $-0.176351$ & $0.155421$ & $0.176995$ & $-0.165106$ & $-0.0792705$ & $0.418937$ & $0.361794$ & $-0.110298$ & $0.0510218$ & $0.0768887$ & $-0.15507$ & $-0.175813$ & $-0.188241$ & $0.0800885$ & $0.0806496$ & $0.0772097$ & $0.0205554$ & $-0.172277$ & $-0.151599$ & $-0.0533848$ & $0.0554327$ & $-0.0130334$ & $0.0144327$ & $0.683029$ & $0.385386$ & $0.021785$ & $1$ & $0.0836452$ & $-0.00361164$ & $-0.00860363$ & $-0.13322$ & $-0.0235755$ & $0.00517793$ & $-0.0105277$ & $0.11923$ & $0.00352935$ & $0.0109012$ & $-0.0663173$ & $0.0347896$ & $0.0338944$ & $0.0710826$ & $0.157621$ & $0.323483$ \\
CLL_1221 & $0.00626629$ & $0.0285823$ & $0.0676202$ & $0.0639705$ & $0.000521133$ & $-0.0743826$ & $-0.0905048$ & $0.58347$ & $0.572328$ & $-0.357985$ & $-0.372526$ & $0.0483063$ & $0.230785$ & $-0.254937$ & $-0.580886$ & $-0.0793593$ & $-0.309068$ & $-0.0313024$ & $-0.38287$ & $0.294075$ & $0.458678$ & $0.458443$ & $0.222433$ & $-0.648877$ & $-0.2396$ & $-0.263772$ & $0.685865$ & $0.171167$ & $0.0138775$ & $0.0603087$ & $0.0516439$ & $-0.0923393$ & $0.0836452$ & $1$ & $-0.00504663$ & $0.0209579$ & $-0.0424218$ & $0.0410182$ & $-0.0140701$ & $-0.00680676$ & $-0.00544291$ & $0.00191917$ & $0.0182002$ & $0.01511$ & $0.0296214$ & $0.000969187$ & $0.0369494$ & $0.025771$ & $-0.000828487$ \\
eHggint & $-0.0415364$ & $-0.0699328$ & $0.140259$ & $0.0261858$ & $0.0194477$ & $0.0155603$ & $-0.00482905$ & $-0.0412872$ & $-0.0369901$ & $0.0481041$ & $0.0761232$ & $0.10582$ & $0.0382418$ & $-0.066096$ & $-0.0472212$ & $-0.0584773$ & $-0.0652606$ & $-0.0279371$ & $-0.0182387$ & $-0.0769271$ & $-0.0721393$ & $-0.0642226$ & $-0.0135002$ & $-0.0181239$ & $-0.0346375$ & $0.0324027$ & $-0.00747362$ & $-0.0677971$ & $-0.0195477$ & $-0.0344327$ & $-0.00670963$ & $0.0650273$ & $-0.00361164$ & $-0.00504663$ & $1$ & $0.354056$ & $-0.0462971$ & $0.0454295$ & $-0.139279$ & $0.016324$ & $-0.23476$ & $0.00194407$ & $0.377154$ & $0.107872$ & $0.0364044$ & $0.348305$ & $0.118588$ & $-0.170625$ & $0.138162$ \\
eHggpar & $0.0480036$ & $-0.00526822$ & $0.132318$ & $0.188585$ & $0.044646$ & $0.0203419$ & $-0.0204029$ & $-0.0141665$ & $-0.0134631$ & $0.0703572$ & $0.0490976$ & $0.116646$ & $0.0684537$ & $-0.0676945$ & $-0.0387774$ & $-0.00112219$ & $-0.0605799$ & $-0.0325678$ & $-0.0592689$ & $-0.0479254$ & $-0.0459583$ & $-0.044746$ & $-0.0156133$ & $-0.0351837$ & $-0.0461529$ & $0.0396753$ & $0.000261759$ & $-0.0317193$ & $-0.0302253$ & $0.0128908$ & $0.0794239$ & $0.047774$ & $-0.00860363$ & $0.0209579$ & $0.354056$ & $1$ & $-0.212938$ & $0.101941$ & $-0.107633$ & $0.0230352$ & $-0.113256$ & $-0.00958266$ & $0.308156$ & $-0.0706134$ & $-0.065361$ & $0.195096$ & $0.30191$ & $-0.163364$ & $-0.0415949$ \\
eHWWint & $0.320753$ & $0.0941605$ & $-0.15257$ & $-0.11795$ & $-0.00750591$ & $-0.00452989$ & $-0.0131035$ & $-0.0264822$ & $-0.0370065$ & $-0.0616125$ & $0.0170049$ & $-0.0742654$ & $-0.0410164$ & $-0.000680944$ & $0.0289081$ & $-0.00693061$ & $0.0149121$ & $-0.00546396$ & $0.0183661$ & $-0.0146016$ & $-0.0189742$ & $-0.0229895$ & $0.0446585$ & $0.0368206$ & $-0.0221329$ & $-0.0422981$ & $-0.0438451$ & $0.0617467$ & $0.0413034$ & $-0.0786114$ & $-0.111633$ & $-0.0485767$ & $-0.13322$ & $-0.0424218$ & $-0.0462971$ & $-0.212938$ & $1$ & $0.115123$ & $-0.0866989$ & $-0.0442895$ & $-0.0760029$ & $-0.0239791$ & $-0.207705$ & $-0.165047$ & $-0.0320157$ & $0.0481964$ & $-0.312648$ & $-0.0217634$ & $-0.0932286$ \\
eHWWpar & $0.0182417$ & $-0.0794536$ & $0.0651507$ & $0.0683707$ & $0.0017809$ & $-0.0232584$ & $-0.00015824$ & $0.0151957$ & $0.0207908$ & $0.0141737$ & $0.00309731$ & $0.0302594$ & $0.0519162$ & $-0.0370208$ & $-0.0343772$ & $-0.019094$ & $-0.0224552$ & $-0.0114184$ & $-0.0221726$ & $-0.00688831$ & $0.00183664$ & $-0.00293334$ & $0.0243572$ & $-0.033152$ & $-0.0165162$ & $-0.00330687$ & $0.0336511$ & $0.0136428$ & $0.00842866$ & $-0.0330495$ & $-0.0166448$ & $0.00941068$ & $-0.0235755$ & $0.0410182$ & $0.0454295$ & $0.101941$ & $0.115123$ & $1$ & $-0.0479213$ & $-0.074546$ & $-0.0361568$ & $-0.011203$ & $0.0781732$ & $0.0231246$ & $0.0229993$ & $-0.0714459$ & $-0.0229915$ & $-0.0122474$ & $-0.0429244$ \\
eHZZint & $-0.316545$ & $0.00334896$ & $-0.307396$ & $-0.1833$ & $0.00919329$ & $-0.000152049$ & $0.0258973$ & $-0.00844013$ & $-0.00546121$ & $0.0290599$ & $-0.000676036$ & $0.0098721$ & $-0.0214022$ & $0.00868697$ & $0.00991566$ & $0.00151619$ & $0.0199223$ & $0.00906088$ & $0.0172287$ & $0.00303856$ & $-0.0019846$ & $0.00408796$ & $0.046281$ & $0.0200523$ & $0.0349416$ & $-0.0413718$ & $-0.00150789$ & $0.0267745$ & $-0.00252833$ & $0.0237619$ & $-0.0563324$ & $0.0308701$ & $0.00517793$ & $-0.0140701$ & $-0.139279$ & $-0.107633$ & $-0.0866989$ & $-0.0479213$ & $1$ & $0.0310679$ & $-0.046824$ & $0.0224924$ & $-0.0467721$ & $0.208296$ & $0.142994$ & $0.170725$ & $-0.23084$ & $-0.10939$ & $-0.0179878$ \\
eHZZpar & $0.0558868$ & $-0.0521652$ & $-0.0616032$ & $0.0321995$ & $-0.00378163$ & $-0.0148168$ & $0.0097433$ & $0.0192968$ & $0.0139302$ & $-0.0229385$ & $-0.00637619$ & $-0.0193073$ & $-0.0100685$ & $-0.024616$ & $0.0249795$ & $-0.00936302$ & $-0.0222973$ & $-0.0428191$ & $-0.0198047$ & $0.00611677$ & $0.00563341$ & $0.00548534$ & $0.0322703$ & $-0.037473$ & $-0.031978$ & $-0.0219332$ & $-0.00229763$ & $-0.0108531$ & $0.00711915$ & $-0.0297591$ & $-0.0153724$ & $0.0268643$ & $-0.0105277$ & $-0.00680676$ & $0.016324$ & $0.0230352$ & $-0.0442895$ & $-0.074546$ & $0.0310679$ & $1$ & $0.0515714$ & $-0.0396682$ & $-0.0617458$ & $-0.0452478$ & $-0.0668349$ & $0.0223766$ & $-0.0285287$ & $0.0514569$ & $0.0235835$ \\
eHZgaint & $0.185334$ & $0.0534882$ & $-0.130178$ & $-0.377916$ & $-0.0128569$ & $0.0122127$ & $-0.0610693$ & $0.0130918$ & $0.00415121$ & $-0.0623491$ & $-0.0219093$ & $-0.0869086$ & $-0.0242914$ & $0.0243033$ & $0.0225874$ & $0.0190194$ & $0.00792638$ & $-0.000183141$ & $-0.00239155$ & $0.0207809$ & $0.0197241$ & $0.0123345$ & $-0.0313897$ & $-0.00386532$ & $-0.0172864$ & $-0.00972316$ & $-0.0256708$ & $-0.0151023$ & $-0.0375724$ & $-0.0303321$ & $0.0515424$ & $-0.0753338$ & $0.11923$ & $-0.00544291$ & $-0.23476$ & $-0.113256$ & $-0.0760029$ & $-0.0361568$ & $-0.046824$ & $0.0515714$ & $1$ & $-0.0223983$ & $-0.0641926$ & $-0.0811702$ & $-0.330362$ & $0.0901396$ & $0.237915$ & $0.256046$ & $0.236162$ \\
eHZgapar & $0.0194217$ & $0.0484513$ & $-0.0525082$ & $0.0116096$ & $0.0348474$ & $0.0118297$ & $-0.00970544$ & $0.0019522$ & $0.00412004$ & $-0.0399225$ & $0.00537323$ & $-0.00536446$ & $0.00869162$ & $-0.0130776$ & $0.00401526$ & $0.0347297$ & $-0.0169479$ & $-0.0126461$ & $-0.0419444$ & $-0.00272091$ & $-0.00748195$ & $-0.0129188$ & $0.0142242$ & $0.00699819$ & $-0.0256599$ & $-0.0157025$ & $-0.0182703$ & $0.033627$ & $-0.0196803$ & $0.0371255$ & $-0.00490389$ & $-0.0030637$ & $0.00352935$ & $0.00191917$ & $0.00194407$ & $-0.00958266$ & $-0.0239791$ & $-0.011203$ & $0.0224924$ & $-0.0396682$ & $-0.0223983$ & $1$ & $0.0403622$ & $-0.0411061$ & $0.053963$ & $-0.00858914$ & $-0.0445661$ & $-0.0204426$ & $-0.0699427$ \\
eHgagaint & $0.0296167$ & $0.0559186$ & $0.196289$ & $0.206263$ & $0.103188$ & $-0.0392843$ & $-0.0679463$ & $0.0236181$ & $0.0523559$ & $-0.0142407$ & $-0.0161703$ & $0.0140041$ & $0.0218977$ & $0.00220448$ & $-0.00172892$ & $0.00402607$ & $-0.0171909$ & $-0.0138361$ & $-0.0147249$ & $0.0146906$ & $0.0215637$ & $0.0175336$ & $-0.0223905$ & $-0.0312639$ & $-0.0266105$ & $-0.00725596$ & $-0.00511425$ & $-0.0187061$ & $-0.0341883$ & $0.00605762$ & $0.0280102$ & $-0.0169476$ & $0.0109012$ & $0.0182002$ & $0.377154$ & $0.308156$ & $-0.207705$ & $0.0781732$ & $-0.0467721$ & $-0.0617458$ & $-0.0641926$ & $0.0403622$ & $1$ & $0.088592$ & $0.189794$ & $0.287596$ & $0.14902$ & $-0.105343$ & $-0.00605798$ \\
eHmumuint & $-0.253392$ & $-0.108086$ & $0.165338$ & $-0.257248$ & $0.0156674$ & $0.0185069$ & $-0.151537$ & $0.0296846$ & $0.0204273$ & $-0.0286605$ & $-0.00897362$ & $0.0152374$ & $0.0506826$ & $-0.0243747$ & $0.00394285$ & $-0.0499631$ & $-0.030451$ & $-0.0419995$ & $0.0037624$ & $0.00337038$ & $0.014537$ & $0.0117463$ & $0.0206016$ & $-0.0425345$ & $0.00224579$ & $-0.00595939$ & $0.0510728$ & $0.0191387$ & $0.0200151$ & $-0.0135305$ & $-0.0521656$ & $-0.159732$ & $-0.0663173$ & $0.01511$ & $0.107872$ & $-0.0706134$ & $-0.165047$ & $0.0231246$ & $0.208296$ & $-0.0452478$ & $-0.0811702$ & $-0.0411061$ & $0.088592$ & $1$ & $0.206461$ & $0.0718615$ & $-0.231677$ & $-0.0516897$ & $-0.189674$ \\
eHtautauint & $-0.125003$ & $-0.100957$ & $0.176596$ & $0.0147907$ & $0.0412099$ & $-0.00332889$ & $-0.021055$ & $0.0509652$ & $0.0636405$ & $-0.0554031$ & $-0.0194807$ & $0.0708069$ & $0.0943526$ & $-0.0391065$ & $0.0111487$ & $-0.00316271$ & $-0.0523637$ & $-0.0639803$ & $-0.0504714$ & $0.0139008$ & $0.0251699$ & $0.0116125$ & $0.0462557$ & $-0.0528578$ & $-0.0413015$ & $-0.0486448$ & $0.034254$ & $0.0279384$ & $-0.0156222$ & $0.105327$ & $-0.0110873$ & $-0.0131233$ & $0.0347896$ & $0.0296214$ & $0.0364044$ & $-0.065361$ & $-0.0320157$ & $0.0229993$ & $0.142994$ & $-0.0668349$ & $-0.330362$ & $0.053963$ & $0.189794$ & $0.206461$ & $1$ & $0.118711$ & $-0.113051$ & $-0.216892$ & $-0.0173564$ \\
eHccint & $0.10202$ & $0.226558$ & $-0.0558302$ & $-0.196115$ & $-0.0124535$ & $0.00744811$ & $-0.0725038$ & $0.0231428$ & $0.0294721$ & $-0.0419233$ & $0.00384761$ & $0.0458294$ & $0.0569835$ & $-0.0466723$ & $0.022594$ & $-0.0287623$ & $-0.0618107$ & $-0.0720512$ & $-0.0340638$ & $-0.0020763$ & $0.00208239$ & $0.000699868$ & $0.00217962$ & $-0.0512181$ & $-0.0609628$ & $-0.0170478$ & $0.00618007$ & $-0.0428759$ & $-0.0129314$ & $-0.00891558$ & $-0.00793046$ & $-0.0448537$ & $0.0338944$ & $0.000969187$ & $0.348305$ & $0.195096$ & $0.0481964$ & $-0.0714459$ & $0.170725$ & $0.0223766$ & $0.0901396$ & $-0.00858914$ & $0.287596$ & $0.0718615$ & $0.118711$ & $1$ & $-0.117086$ & $-0.0963118$ & $0.152192$ \\
eHccpar & $0.00103426$ & $-0.160919$ & $-0.173625$ & $-0.00931403$ & $0.00792663$ & $-0.00110197$ & $0.0650243$ & $0.0120555$ & $0.0116082$ & $0.0235308$ & $-0.0245892$ & $-0.00783815$ & $-0.024295$ & $0.0361969$ & $-0.0359878$ & $0.0686792$ & $0.0161319$ & $0.053307$ & $-0.0289483$ & $0.0226666$ & $0.0185271$ & $0.0114474$ & $-0.00708763$ & $0.00679585$ & $0.0335875$ & $-0.0136878$ & $0.0162028$ & $-0.0351149$ & $-0.0438973$ & $0.0208967$ & $0.198195$ & $0.0912081$ & $0.0710826$ & $0.0369494$ & $0.118588$ & $0.30191$ & $-0.312648$ & $-0.0229915$ & $-0.23084$ & $-0.0285287$ & $0.237915$ & $-0.0445661$ & $0.14902$ & $-0.231677$ & $-0.113051$ & $-0.117086$ & $1$ & $0.145991$ & $0.0663609$ \\
eHbbint & $-0.0922194$ & $0.150737$ & $0.100696$ & $0.0381492$ & $-0.0340016$ & $-0.021356$ & $-0.0579569$ & $0.0513502$ & $0.0430401$ & $-0.0511331$ & $-0.0392821$ & $0.0192707$ & $0.0452069$ & $-0.0259591$ & $0.0281717$ & $0.0484177$ & $-0.0272229$ & $-0.0453291$ & $-0.0578454$ & $0.0432527$ & $0.0396623$ & $0.0387837$ & $0.00557164$ & $-0.0556983$ & $-0.0425818$ & $-0.022105$ & $0.000618808$ & $-0.0243465$ & $0.0424583$ & $0.0138554$ & $0.073428$ & $-0.0640683$ & $0.157621$ & $0.025771$ & $-0.170625$ & $-0.163364$ & $-0.0217634$ & $-0.0122474$ & $-0.10939$ & $0.0514569$ & $0.256046$ & $-0.0204426$ & $-0.105343$ & $-0.0516897$ & $-0.216892$ & $-0.0963118$ & $0.145991$ & $1$ & $0.00656992$ \\
eHbbpar & $-0.0534419$ & $-0.190887$ & $0.228818$ & $-0.100666$ & $0.0102208$ & $0.0225208$ & $0.0609841$ & $0.0158776$ & $0.0206166$ & $-0.031535$ & $-0.00678253$ & $-0.0228833$ & $-0.0016441$ & $0.000679994$ & $0.00755513$ & $0.0402883$ & $-0.022419$ & $-0.0154553$ & $-0.0435016$ & $0.00420869$ & $0.00211326$ & $-0.000196079$ & $-0.016519$ & $-0.0109616$ & $-0.0351256$ & $-0.0139894$ & $-0.0318743$ & $-0.0728873$ & $-0.0515698$ & $0.018609$ & $-0.0231805$ & $0.0774658$ & $0.323483$ & $-0.000828487$ & $0.138162$ & $-0.0415949$ & $-0.0932286$ & $-0.0429244$ & $-0.0179878$ & $0.0235835$ & $0.236162$ & $-0.0699427$ & $-0.00605798$ & $-0.189674$ & $-0.0173564$ & $0.152192$ & $0.0663609$ & $0.00656992$ & $1$ \\
