 & AlsMz & dAle5Mz & mtop & mHl & Mz & CW & CHG & CHWB & CHWHB_gaga & CHWHB_gagaorth & CHD & CHbox & CH & CHL1_11 & CHL1_22 & CHL1_33 & CHL3_11 & CHL3_22 & CHL3_33 & CHe_11 & CHe_22 & CHe_33 & CHQ1_11 & CHQ1_33 & CHQ3_11 & CHu_11 & CHd_11 & CHd_33 & CeH_22r & CeH_33r & CuH_22r & CuH_33r & CdH_33r & CLL_1221 & eHggint & eHggpar & eHWWint & eHWWpar & eHZZint & eHZZpar & eHZgaint & eHZgapar & eHgagaint & eHmumuint & eHtautauint & eHccint & eHccpar & eHbbint & eHbbpar \\
AlsMz & $1$ & $-0.079153$ & $0.0121594$ & $-0.00962557$ & $0.0498163$ & $-0.0223321$ & $0.00431877$ & $0.00884383$ & $0.00326432$ & $-0.020848$ & $-0.0235867$ & $-0.0167023$ & $0.0127277$ & $0.036029$ & $0.0111932$ & $-0.0233955$ & $0.00239648$ & $0.002701$ & $0.0298378$ & $0.0095467$ & $0.012639$ & $0.0073817$ & $-0.0213908$ & $-0.0563999$ & $-0.120802$ & $-0.0530524$ & $-0.0336509$ & $0.0299356$ & $0.022313$ & $0.0488553$ & $-0.0427385$ & $-0.00273318$ & $0.0411465$ & $-0.0181792$ & $-0.0365228$ & $0.024741$ & $-0.0200501$ & $-0.023952$ & $-0.0416982$ & $-0.0398155$ & $-0.0102054$ & $-0.0414848$ & $-0.0480774$ & $0.0147416$ & $0.0264053$ & $0.00162972$ & $-0.0712912$ & $0.0203526$ & $0.0353794$ \\
dAle5Mz & $-0.079153$ & $1$ & $0.0238679$ & $-0.00302144$ & $-0.0330656$ & $0.0440713$ & $0.0120056$ & $-0.0849132$ & $-0.0786483$ & $0.0373083$ & $0.0658194$ & $0.0540405$ & $-0.00574746$ & $-0.0278705$ & $-0.00815561$ & $0.00109695$ & $0.0162111$ & $0.0111184$ & $0.00937613$ & $-0.0338858$ & $-0.0395212$ & $-0.0292761$ & $0.0339841$ & $0.0193774$ & $0.0116627$ & $0.00360146$ & $-0.0298588$ & $-0.0607187$ & $-0.00749521$ & $0.00468511$ & $0.00914317$ & $0.0141171$ & $0.0442573$ & $0.00840371$ & $0.00517156$ & $0.00215536$ & $-0.0129669$ & $-0.0265157$ & $0.0183018$ & $0.0110211$ & $0.00155375$ & $-0.0148953$ & $0.0249481$ & $-0.0371261$ & $-0.0209461$ & $0.0301664$ & $0.000174479$ & $0.0127609$ & $0.0638389$ \\
mtop & $0.0121594$ & $0.0238679$ & $1$ & $0.0191935$ & $-0.0149741$ & $0.000293626$ & $0.0468043$ & $0.0136028$ & $0.00675224$ & $-0.0161794$ & $0.00113987$ & $-0.00216149$ & $0.00191987$ & $-0.014271$ & $0.04057$ & $0.00869499$ & $-0.0127863$ & $-0.0404227$ & $-0.01353$ & $0.00900634$ & $0.00557606$ & $-0.00169529$ & $0.00404119$ & $-0.00481842$ & $-0.0267418$ & $-0.00891901$ & $-0.0090024$ & $-0.0299368$ & $0.00779872$ & $0.00713433$ & $-0.00908345$ & $0.0546$ & $-0.0141431$ & $-0.017686$ & $0.0576067$ & $0.0231832$ & $0.0167934$ & $0.00101319$ & $0.0385869$ & $-0.0404137$ & $-0.0158338$ & $-0.0123177$ & $-0.0236474$ & $0.0399173$ & $-0.0397557$ & $0.00120818$ & $-0.0517676$ & $-0.044556$ & $0.0229208$ \\
mHl & $-0.00962557$ & $-0.00302144$ & $0.0191935$ & $1$ & $-0.0120479$ & $-0.000659862$ & $0.019718$ & $0.0256381$ & $0.0266972$ & $0.011241$ & $-0.0363457$ & $0.00979935$ & $0.0147363$ & $0.0148435$ & $0.044061$ & $0.0429092$ & $0.0206766$ & $-0.0100364$ & $-0.00532426$ & $0.040874$ & $0.032482$ & $0.0363018$ & $0.0126922$ & $0.00278543$ & $0.00152924$ & $-0.0344964$ & $-0.0123335$ & $0.014356$ & $0.0468415$ & $-0.0103986$ & $0.0238376$ & $0.0131722$ & $-0.0228419$ & $-0.0128821$ & $-0.0179469$ & $0.00142038$ & $0.0373216$ & $0.0390363$ & $-0.0241932$ & $-0.043482$ & $-0.0385593$ & $0.0292286$ & $-0.0220193$ & $0.0263773$ & $-0.00616844$ & $-0.0226652$ & $0.0625934$ & $0.00794088$ & $-0.0237972$ \\
Mz & $0.0498163$ & $-0.0330656$ & $-0.0149741$ & $-0.0120479$ & $1$ & $-0.0165504$ & $-0.0121802$ & $-0.000918495$ & $0.00113927$ & $0.012159$ & $0.0102242$ & $0.0167918$ & $1.62845e-05$ & $0.00731549$ & $0.0215033$ & $-0.0120849$ & $-0.00598908$ & $-0.0184938$ & $0.00795187$ & $-0.00426663$ & $-0.00291468$ & $-0.00992515$ & $-0.0205641$ & $-0.00662655$ & $-0.0139878$ & $0.0082649$ & $-0.0129741$ & $0.0213534$ & $0.0362587$ & $-0.0236902$ & $-0.00741146$ & $-0.0155536$ & $-0.0215205$ & $-0.0265015$ & $0.00470113$ & $-0.00874568$ & $0.0094614$ & $0.011173$ & $-0.000762729$ & $-0.0335175$ & $-0.00598308$ & $-0.0109394$ & $0.0410014$ & $0.0126802$ & $-0.0130614$ & $-0.0116014$ & $0.0257922$ & $0.0243987$ & $-0.0245543$ \\
CW & $-0.0223321$ & $0.0440713$ & $0.000293626$ & $-0.000659862$ & $-0.0165504$ & $1$ & $-0.012484$ & $-0.138195$ & $-0.135625$ & $0.0140914$ & $0.179872$ & $0.0275511$ & $-0.00403698$ & $0.0464304$ & $-0.0924696$ & $-0.0898683$ & $-0.213897$ & $-0.00305312$ & $-0.00944216$ & $-0.175128$ & $-0.180106$ & $-0.172375$ & $-0.0264275$ & $0.0340986$ & $-0.0469846$ & $0.11703$ & $-0.0722583$ & $-0.0724481$ & $0.00547798$ & $0.00156288$ & $-5.14124e-05$ & $-0.0170537$ & $-0.0151578$ & $-0.110573$ & $0.00717649$ & $0.0302694$ & $-0.0215966$ & $0.00122579$ & $0.00644563$ & $-0.0241653$ & $-0.00185$ & $-0.0171111$ & $-0.0122507$ & $-0.0105586$ & $-0.0175191$ & $-0.0195968$ & $-0.00604951$ & $-0.0220925$ & $-0.0175379$ \\
CHG & $0.00431877$ & $0.0120056$ & $0.0468043$ & $0.019718$ & $-0.0121802$ & $-0.012484$ & $1$ & $-0.101589$ & $-0.0495287$ & $0.0517934$ & $0.0456691$ & $-0.0533886$ & $-0.314057$ & $0.0918847$ & $0.00968058$ & $0.0195048$ & $0.0929655$ & $0.0990726$ & $0.0997834$ & $-0.0397854$ & $-0.054921$ & $-0.0462216$ & $-0.0122408$ & $0.128171$ & $0.0933461$ & $0.0288844$ & $-0.0739093$ & $-0.0135046$ & $0.0369625$ & $-0.121803$ & $-0.0660953$ & $0.938378$ & $-0.153154$ & $-0.0956419$ & $-0.0231698$ & $-0.0297019$ & $-0.00252461$ & $-0.0188709$ & $-0.00709945$ & $-0.0473374$ & $-0.0246572$ & $-0.0161382$ & $-0.00983835$ & $-0.00884646$ & $0.018455$ & $0.0323805$ & $-0.00888383$ & $-0.0164799$ & $-0.00254054$ \\
CHWB & $0.00884383$ & $-0.0849132$ & $0.0136028$ & $0.0256381$ & $-0.000918495$ & $-0.138195$ & $-0.101589$ & $1$ & $0.981498$ & $-0.561423$ & $-0.879605$ & $-0.222819$ & $0.372143$ & $0.0865179$ & $0.309761$ & $0.264631$ & $-0.244204$ & $-0.444829$ & $-0.428465$ & $0.850297$ & $0.897261$ & $0.879529$ & $0.066837$ & $-0.685391$ & $-0.402914$ & $-0.506844$ & $0.429395$ & $0.304556$ & $0.0259729$ & $0.121039$ & $0.0441374$ & $-0.0911281$ & $0.164042$ & $0.552174$ & $-0.0111186$ & $-0.0138677$ & $0.000637322$ & $-0.00601672$ & $-0.0183755$ & $-0.0160393$ & $-0.0110503$ & $0.0353953$ & $0.0120089$ & $0.00148121$ & $-0.0272187$ & $-0.012742$ & $-0.0216882$ & $0.0492074$ & $0.0426625$ \\
CHWHB_gaga & $0.00326432$ & $-0.0786483$ & $0.00675224$ & $0.0266972$ & $0.00113927$ & $-0.135625$ & $-0.0495287$ & $0.981498$ & $1$ & $-0.547709$ & $-0.859386$ & $-0.198962$ & $0.364502$ & $0.0782395$ & $0.301872$ & $0.257534$ & $-0.248898$ & $-0.44209$ & $-0.426985$ & $0.830782$ & $0.8769$ & $0.859513$ & $0.0648897$ & $-0.677073$ & $-0.399124$ & $-0.490687$ & $0.425269$ & $0.301254$ & $0.0379677$ & $0.146415$ & $0.0577666$ & $-0.0481777$ & $0.185905$ & $0.54353$ & $-0.0304908$ & $-0.0264089$ & $-0.0138141$ & $-0.00972296$ & $-0.0193175$ & $-0.0181617$ & $-0.0141563$ & $0.030375$ & $0.0969343$ & $-0.0035079$ & $-0.0247221$ & $-0.0100825$ & $-0.0280714$ & $0.0464591$ & $0.042598$ \\
CHWHB_gagaorth & $-0.020848$ & $0.0373083$ & $-0.0161794$ & $0.011241$ & $0.012159$ & $0.0140914$ & $0.0517934$ & $-0.561423$ & $-0.547709$ & $1$ & $0.353356$ & $0.59813$ & $-0.245267$ & $0.221001$ & $-0.14351$ & $-0.100009$ & $0.43232$ & $0.484041$ & $0.472639$ & $-0.341271$ & $-0.367043$ & $-0.360108$ & $-0.0594915$ & $0.544042$ & $0.465852$ & $0.210833$ & $-0.236403$ & $-0.142414$ & $-0.00726666$ & $-0.140733$ & $-0.0570237$ & $0.0611435$ & $-0.16547$ & $-0.322464$ & $0.0384712$ & $0.0516439$ & $-0.00372673$ & $0.00103351$ & $0.00470069$ & $0.00840212$ & $-0.0548141$ & $0.00138065$ & $-0.00464247$ & $-0.00791279$ & $0.00403244$ & $0.0134151$ & $-0.00970833$ & $-0.0202454$ & $-0.0344332$ \\
CHD & $-0.0235867$ & $0.0658194$ & $0.00113987$ & $-0.0363457$ & $0.0102242$ & $0.179872$ & $0.0456691$ & $-0.879605$ & $-0.859386$ & $0.353356$ & $1$ & $0.274924$ & $-0.186796$ & $-0.503031$ & $-0.419731$ & $-0.399561$ & $-0.210809$ & $0.0797007$ & $0.064008$ & $-0.990227$ & $-0.991093$ & $-0.972035$ & $-0.00860033$ & $0.325871$ & $0.0263584$ & $0.557168$ & $-0.300496$ & $-0.336501$ & $-0.0341325$ & $-0.0782316$ & $-0.0280448$ & $0.0529386$ & $-0.114082$ & $-0.36599$ & $0.0274198$ & $0.0325004$ & $-0.000875736$ & $0.00151887$ & $0.0295451$ & $0.0186845$ & $0.0385209$ & $-0.0114371$ & $0.00220482$ & $0.0134762$ & $0.0408656$ & $0.012151$ & $0.00713808$ & $-0.0426144$ & $-0.0426064$ \\
CHbox & $-0.0167023$ & $0.0540405$ & $-0.00216149$ & $0.00979935$ & $0.0167918$ & $0.0275511$ & $-0.0533886$ & $-0.222819$ & $-0.198962$ & $0.59813$ & $0.274924$ & $1$ & $0.10675$ & $-0.193522$ & $-0.0411747$ & $-0.0241518$ & $-0.109668$ & $-0.0601657$ & $-0.0748987$ & $-0.254978$ & $-0.279803$ & $-0.272625$ & $-0.0210028$ & $0.0703872$ & $-0.0653124$ & $0.154205$ & $-0.143491$ & $-0.0950354$ & $0.0179794$ & $0.195402$ & $0.0118425$ & $0.0319431$ & $0.204207$ & $-0.146332$ & $0.11744$ & $0.0660192$ & $0.00594489$ & $-0.0184963$ & $-0.00625197$ & $0.00333134$ & $-0.0437266$ & $0.0203242$ & $-0.0162548$ & $0.0204932$ & $0.00830662$ & $0.0172038$ & $-0.0596077$ & $-0.00517697$ & $-0.0124553$ \\
CH & $0.0127277$ & $-0.00574746$ & $0.00191987$ & $0.0147363$ & $1.62845e-05$ & $-0.00403698$ & $-0.314057$ & $0.372143$ & $0.364502$ & $-0.245267$ & $-0.186796$ & $0.10675$ & $1$ & $-0.248505$ & $0.0912306$ & $0.0629737$ & $-0.377157$ & $-0.404891$ & $-0.397958$ & $0.180804$ & $0.198594$ & $0.198856$ & $0.0229046$ & $-0.422517$ & $-0.394062$ & $-0.104548$ & $0.142207$ & $0.0786527$ & $0.0503891$ & $0.261355$ & $0.116223$ & $-0.264781$ & $0.31471$ & $0.218878$ & $0.0436965$ & $0.0105016$ & $-0.00161925$ & $0.00259286$ & $-0.0236651$ & $-0.00776448$ & $-0.0032152$ & $0.0240194$ & $0.00974984$ & $0.00329586$ & $-0.0108169$ & $0.00803309$ & $-0.00128311$ & $0.0169625$ & $0.0136315$ \\
CHL1_11 & $0.036029$ & $-0.0278705$ & $-0.014271$ & $0.0148435$ & $0.00731549$ & $0.0464304$ & $0.0918847$ & $0.0865179$ & $0.0782395$ & $0.221001$ & $-0.503031$ & $-0.193522$ & $-0.248505$ & $1$ & $0.244846$ & $0.281977$ & $0.663913$ & $0.59972$ & $0.601882$ & $0.522074$ & $0.461564$ & $0.452165$ & $-0.0907978$ & $0.466121$ & $0.59632$ & $-0.251392$ & $-0.0971258$ & $0.161131$ & $0.0259455$ & $-0.0456087$ & $-0.0259872$ & $0.0580099$ & $-0.0559158$ & $-0.203355$ & $-0.0332872$ & $-0.0443943$ & $-0.0143439$ & $0.00355617$ & $-0.0368565$ & $-0.0257808$ & $-0.0549106$ & $-0.0352951$ & $-0.0331036$ & $-0.0265417$ & $-0.0515098$ & $0.00530258$ & $0.004069$ & $-0.0133079$ & $-0.00590063$ \\
CHL1_22 & $0.0111932$ & $-0.00815561$ & $0.04057$ & $0.044061$ & $0.0215033$ & $-0.0924696$ & $0.00968058$ & $0.309761$ & $0.301872$ & $-0.14351$ & $-0.419731$ & $-0.0411747$ & $0.0912306$ & $0.244846$ & $1$ & $0.433615$ & $0.143509$ & $-0.475335$ & $-0.0396951$ & $0.484905$ & $0.339006$ & $0.337029$ & $-0.180807$ & $0.076155$ & $-0.159888$ & $-0.198282$ & $-0.386742$ & $0.137061$ & $0.0377104$ & $0.0405248$ & $0.0133617$ & $0.00741565$ & $0.0520289$ & $-0.591345$ & $0.00713481$ & $-0.0388348$ & $0.00289952$ & $-0.00282389$ & $-0.0588325$ & $-0.0140538$ & $-0.0192034$ & $-0.0150142$ & $-0.00762636$ & $0.0052525$ & $-0.0347527$ & $-0.00640375$ & $0.008872$ & $0.0031609$ & $0.0208707$ \\
CHL1_33 & $-0.0233955$ & $0.00109695$ & $0.00869499$ & $0.0429092$ & $-0.0120849$ & $-0.0898683$ & $0.0195048$ & $0.264631$ & $0.257534$ & $-0.100009$ & $-0.399561$ & $-0.0241518$ & $0.0629737$ & $0.281977$ & $0.433615$ & $1$ & $0.181105$ & $-0.00360296$ & $-0.411472$ & $0.464829$ & $0.318188$ & $0.340995$ & $-0.192858$ & $0.12703$ & $-0.0973554$ & $-0.166771$ & $-0.388745$ & $0.120521$ & $0.0258486$ & $0.0563289$ & $-0.0107361$ & $0.0193419$ & $0.0625646$ & $-0.120686$ & $0.00183313$ & $-0.0344005$ & $-0.00304474$ & $0.0117305$ & $0.00401975$ & $0.0110226$ & $-0.0330772$ & $-0.035366$ & $-0.00460017$ & $-0.00516525$ & $0.0182239$ & $0.0262827$ & $-0.00919057$ & $-0.00560995$ & $0.0589867$ \\
CHL3_11 & $0.00239648$ & $0.0162111$ & $-0.0127863$ & $0.0206766$ & $-0.00598908$ & $-0.213897$ & $0.0929655$ & $-0.244204$ & $-0.248898$ & $0.43232$ & $-0.210809$ & $-0.109668$ & $-0.377157$ & $0.663913$ & $0.143509$ & $0.181105$ & $1$ & $0.73106$ & $0.737191$ & $0.233618$ & $0.177113$ & $0.172807$ & $-0.0759894$ & $0.673328$ & $0.774619$ & $-0.0972913$ & $-0.156946$ & $0.0538315$ & $0.00982766$ & $-0.0959314$ & $-0.0210946$ & $0.0607828$ & $-0.102342$ & $-0.239568$ & $-0.0326847$ & $-0.0277954$ & $0.0193534$ & $0.00745406$ & $2.0227e-05$ & $-0.000371096$ & $-0.0481215$ & $-0.03984$ & $-0.0158944$ & $-0.0301394$ & $-0.0158886$ & $-0.0100491$ & $0.0403746$ & $0.000767086$ & $0.00964466$ \\
CHL3_22 & $0.002701$ & $0.0111184$ & $-0.0404227$ & $-0.0100364$ & $-0.0184938$ & $-0.00305312$ & $0.0990726$ & $-0.444829$ & $-0.44209$ & $0.484041$ & $0.0797007$ & $-0.0601657$ & $-0.404891$ & $0.59972$ & $-0.475335$ & $-0.00360296$ & $0.73106$ & $1$ & $0.668612$ & $-0.0823562$ & $-0.0767266$ & $-0.0754375$ & $0.0052061$ & $0.625648$ & $0.794092$ & $0.0523261$ & $-0.00403668$ & $-0.0390837$ & $-0.00993854$ & $-0.10652$ & $-0.0395836$ & $0.0682294$ & $-0.131674$ & $0.0493068$ & $-0.0306181$ & $-0.00905138$ & $-0.00118161$ & $0.00607642$ & $0.0211678$ & $0.00364923$ & $-0.0384828$ & $-0.0360471$ & $-0.0182052$ & $-0.0314912$ & $0.00238898$ & $0.0074487$ & $0.0208669$ & $-0.0203172$ & $-0.0157144$ \\
CHL3_33 & $0.0298378$ & $0.00937613$ & $-0.01353$ & $-0.00532426$ & $0.00795187$ & $-0.00944216$ & $0.0997834$ & $-0.428465$ & $-0.426985$ & $0.472639$ & $0.064008$ & $-0.0748987$ & $-0.397958$ & $0.601882$ & $-0.0396951$ & $-0.411472$ & $0.737191$ & $0.668612$ & $1$ & $-0.0656886$ & $-0.0610457$ & $-0.058929$ & $0.0091346$ & $0.617582$ & $0.783171$ & $0.0347359$ & $-0.00689325$ & $-0.0319582$ & $-0.000130148$ & $-0.120447$ & $-0.0238126$ & $0.0670559$ & $-0.139715$ & $-0.330396$ & $-0.0289958$ & $-0.0101385$ & $0.00940017$ & $-0.00533226$ & $-0.0214183$ & $-0.0135063$ & $-0.0287929$ & $-0.0215829$ & $-0.0208301$ & $-0.0211256$ & $-0.0361434$ & $-0.016271$ & $0.028185$ & $-0.0124294$ & $-0.0379272$ \\
CHe_11 & $0.0095467$ & $-0.0338858$ & $0.00900634$ & $0.040874$ & $-0.00426663$ & $-0.175128$ & $-0.0397854$ & $0.850297$ & $0.830782$ & $-0.341271$ & $-0.990227$ & $-0.254978$ & $0.180804$ & $0.522074$ & $0.484905$ & $0.464829$ & $0.233618$ & $-0.0823562$ & $-0.0656886$ & $1$ & $0.972985$ & $0.95541$ & $-0.0161087$ & $-0.271319$ & $-0.0190426$ & $-0.547049$ & $0.225802$ & $0.330927$ & $0.0348546$ & $0.0786739$ & $0.0259079$ & $-0.047294$ & $0.112198$ & $0.286632$ & $-0.0228835$ & $-0.0347934$ & $-0.00200214$ & $-0.00518302$ & $-0.0346333$ & $-0.0160953$ & $-0.0445121$ & $0.0041603$ & $-0.00297448$ & $-0.0170706$ & $-0.039177$ & $-0.00939463$ & $-0.0053391$ & $0.0378338$ & $0.0439885$ \\
CHe_22 & $0.012639$ & $-0.0395212$ & $0.00557606$ & $0.032482$ & $-0.00291468$ & $-0.180106$ & $-0.054921$ & $0.897261$ & $0.8769$ & $-0.367043$ & $-0.991093$ & $-0.279803$ & $0.198594$ & $0.461564$ & $0.339006$ & $0.318188$ & $0.177113$ & $-0.0767266$ & $-0.0610457$ & $0.972985$ & $1$ & $0.975997$ & $0.0386343$ & $-0.38145$ & $-0.0333932$ & $-0.560609$ & $0.379516$ & $0.333068$ & $0.0307687$ & $0.0797116$ & $0.0321527$ & $-0.0605683$ & $0.117079$ & $0.451934$ & $-0.028763$ & $-0.0286544$ & $-0.00111502$ & $-0.00457223$ & $-0.0240764$ & $-0.0187378$ & $-0.033672$ & $0.0164486$ & $0.000183181$ & $-0.0163035$ & $-0.0412574$ & $-0.0116954$ & $-0.0073023$ & $0.0451489$ & $0.0429321$ \\
CHe_33 & $0.0073817$ & $-0.0292761$ & $-0.00169529$ & $0.0363018$ & $-0.00992515$ & $-0.172375$ & $-0.0462216$ & $0.879529$ & $0.859513$ & $-0.360108$ & $-0.972035$ & $-0.272625$ & $0.198856$ & $0.452165$ & $0.337029$ & $0.340995$ & $0.172807$ & $-0.0754375$ & $-0.058929$ & $0.95541$ & $0.975997$ & $1$ & $0.0385328$ & $-0.372276$ & $-0.0316193$ & $-0.549558$ & $0.369199$ & $0.324521$ & $0.0287601$ & $0.0808965$ & $0.0285107$ & $-0.0509422$ & $0.117877$ & $0.441935$ & $-0.0230078$ & $-0.0276411$ & $0.00019035$ & $-0.00548748$ & $-0.0195394$ & $-0.0145208$ & $-0.0395842$ & $0.0137346$ & $0.00103117$ & $-0.0135016$ & $-0.0368392$ & $-0.0033464$ & $-0.0178094$ & $0.0483081$ & $0.0452295$ \\
CHQ1_11 & $-0.0213908$ & $0.0339841$ & $0.00404119$ & $0.0126922$ & $-0.0205641$ & $-0.0264275$ & $-0.0122408$ & $0.066837$ & $0.0648897$ & $-0.0594915$ & $-0.00860033$ & $-0.0210028$ & $0.0229046$ & $-0.0907978$ & $-0.180807$ & $-0.192858$ & $-0.0759894$ & $0.0052061$ & $0.0091346$ & $-0.0161087$ & $0.0386343$ & $0.0385328$ & $1$ & $-0.14151$ & $0.0917341$ & $-0.677174$ & $0.370729$ & $0.0271098$ & $0.0113995$ & $0.0222781$ & $-0.0191463$ & $-0.00835548$ & $-0.00433567$ & $0.214864$ & $-0.0123604$ & $0.0467981$ & $0.0115505$ & $-0.00929129$ & $0.0412952$ & $0.00659162$ & $0.00248669$ & $0.0114649$ & $0.00752872$ & $-0.000840277$ & $0.00897175$ & $0.00821997$ & $-0.0255733$ & $-0.0367123$ & $-0.00489989$ \\
CHQ1_33 & $-0.0563999$ & $0.0193774$ & $-0.00481842$ & $0.00278543$ & $-0.00662655$ & $0.0340986$ & $0.128171$ & $-0.685391$ & $-0.677073$ & $0.544042$ & $0.325871$ & $0.0703872$ & $-0.422517$ & $0.466121$ & $0.076155$ & $0.12703$ & $0.673328$ & $0.625648$ & $0.617582$ & $-0.271319$ & $-0.38145$ & $-0.372276$ & $-0.14151$ & $1$ & $0.643215$ & $0.220189$ & $-0.425347$ & $-0.0183791$ & $-0.00326335$ & $-0.110596$ & $-0.0418494$ & $0.102185$ & $-0.141576$ & $-0.6199$ & $-0.000787149$ & $-0.0199333$ & $0.00146555$ & $0.00664702$ & $-0.0118921$ & $0.00608474$ & $-0.0314793$ & $-0.0475878$ & $-0.00370998$ & $-0.0305487$ & $-0.00286775$ & $0.0201512$ & $0.0424032$ & $-0.0347979$ & $-0.0157947$ \\
CHQ3_11 & $-0.120802$ & $0.0116627$ & $-0.0267418$ & $0.00152924$ & $-0.0139878$ & $-0.0469846$ & $0.0933461$ & $-0.402914$ & $-0.399124$ & $0.465852$ & $0.0263584$ & $-0.0653124$ & $-0.394062$ & $0.59632$ & $-0.159888$ & $-0.0973554$ & $0.774619$ & $0.794092$ & $0.783171$ & $-0.0190426$ & $-0.0333932$ & $-0.0316193$ & $0.0917341$ & $0.643215$ & $1$ & $0.0228426$ & $0.209872$ & $-0.022877$ & $-0.0043278$ & $-0.114995$ & $-0.0323327$ & $0.0615579$ & $-0.1308$ & $-0.177986$ & $-0.0181346$ & $-0.00514969$ & $0.0077614$ & $0.0118876$ & $0.0237226$ & $0.0187441$ & $-0.0333704$ & $-0.0223072$ & $-0.00730361$ & $-0.00723813$ & $-0.00879062$ & $-0.0029078$ & $0.0280646$ & $-0.0197075$ & $-0.015774$ \\
CHu_11 & $-0.0530524$ & $0.00360146$ & $-0.00891901$ & $-0.0344964$ & $0.0082649$ & $0.11703$ & $0.0288844$ & $-0.506844$ & $-0.490687$ & $0.210833$ & $0.557168$ & $0.154205$ & $-0.104548$ & $-0.251392$ & $-0.198282$ & $-0.166771$ & $-0.0972913$ & $0.0523261$ & $0.0347359$ & $-0.547049$ & $-0.560609$ & $-0.549558$ & $-0.677174$ & $0.220189$ & $0.0228426$ & $1$ & $-0.19523$ & $-0.201483$ & $-0.0214449$ & $-0.0673253$ & $-0.00393211$ & $0.0295522$ & $-0.0530225$ & $-0.254465$ & $0.0343116$ & $-0.0104695$ & $-0.0105575$ & $0.010703$ & $-0.00647441$ & $-0.00268726$ & $0.0328255$ & $0.000198329$ & $0.0129611$ & $0.0313425$ & $0.00884298$ & $-0.0103892$ & $0.0142281$ & $0.0163652$ & $-0.0141365$ \\
CHd_11 & $-0.0336509$ & $-0.0298588$ & $-0.0090024$ & $-0.0123335$ & $-0.0129741$ & $-0.0722583$ & $-0.0739093$ & $0.429395$ & $0.425269$ & $-0.236403$ & $-0.300496$ & $-0.143491$ & $0.142207$ & $-0.0971258$ & $-0.386742$ & $-0.388745$ & $-0.156946$ & $-0.00403668$ & $-0.00689325$ & $0.225802$ & $0.379516$ & $0.369199$ & $0.370729$ & $-0.425347$ & $0.209872$ & $-0.19523$ & $1$ & $0.10156$ & $-0.00539021$ & $0.0268118$ & $0.0211939$ & $-0.0714382$ & $0.0611302$ & $0.687584$ & $-0.00194236$ & $0.0368446$ & $0.00829569$ & $-0.00290548$ & $0.0407255$ & $0.0100918$ & $0.0121679$ & $0.0514129$ & $0.034196$ & $0.0212721$ & $-0.00387428$ & $-0.0145253$ & $-0.0174546$ & $0.0371457$ & $0.0200506$ \\
CHd_33 & $0.0299356$ & $-0.0607187$ & $-0.0299368$ & $0.014356$ & $0.0213534$ & $-0.0724481$ & $-0.0135046$ & $0.304556$ & $0.301254$ & $-0.142414$ & $-0.336501$ & $-0.0950354$ & $0.0786527$ & $0.161131$ & $0.137061$ & $0.120521$ & $0.0538315$ & $-0.0390837$ & $-0.0319582$ & $0.330927$ & $0.333068$ & $0.324521$ & $0.0271098$ & $-0.0183791$ & $-0.022877$ & $-0.201483$ & $0.10156$ & $1$ & $0.0147539$ & $0.0509757$ & $-0.0290766$ & $-0.0132668$ & $0.0738242$ & $0.129395$ & $-0.0170076$ & $-0.00130057$ & $0.0147397$ & $0.000478113$ & $-0.0427391$ & $-0.0180325$ & $-0.0163868$ & $-0.00605269$ & $0.0261382$ & $-0.0115969$ & $-0.00758591$ & $-0.0190991$ & $-0.0177995$ & $0.037179$ & $0.0323542$ \\
CeH_22r & $0.022313$ & $-0.00749521$ & $0.00779872$ & $0.0468415$ & $0.0362587$ & $0.00547798$ & $0.0369625$ & $0.0259729$ & $0.0379677$ & $-0.00726666$ & $-0.0341325$ & $0.0179794$ & $0.0503891$ & $0.0259455$ & $0.0377104$ & $0.0258486$ & $0.00982766$ & $-0.00993854$ & $-0.000130148$ & $0.0348546$ & $0.0307687$ & $0.0287601$ & $0.0113995$ & $-0.00326335$ & $-0.0043278$ & $-0.0214449$ & $-0.00539021$ & $0.0147539$ & $1$ & $0.0516313$ & $0.0270135$ & $0.0142592$ & $0.0261736$ & $-0.0118699$ & $-0.0212984$ & $-0.0386352$ & $-0.00260653$ & $-0.0259129$ & $-0.0217192$ & $-0.0187599$ & $-0.0178153$ & $0.0212643$ & $0.00241696$ & $-0.00264543$ & $-0.0417641$ & $-0.00349174$ & $-0.0273385$ & $-0.00899425$ & $-0.0316384$ \\
CeH_33r & $0.0488553$ & $0.00468511$ & $0.00713433$ & $-0.0103986$ & $-0.0236902$ & $0.00156288$ & $-0.121803$ & $0.121039$ & $0.146415$ & $-0.140733$ & $-0.0782316$ & $0.195402$ & $0.261355$ & $-0.0456087$ & $0.0405248$ & $0.0563289$ & $-0.0959314$ & $-0.10652$ & $-0.120447$ & $0.0786739$ & $0.0797116$ & $0.0808965$ & $0.0222781$ & $-0.110596$ & $-0.114995$ & $-0.0673253$ & $0.0268118$ & $0.0509757$ & $0.0516313$ & $1$ & $0.31322$ & $0.0203474$ & $0.624925$ & $0.0606683$ & $-0.050641$ & $-0.0477169$ & $-0.1754$ & $-0.066403$ & $-0.041286$ & $0.00701321$ & $-0.00309263$ & $0.00105266$ & $0.0105614$ & $-0.00837509$ & $0.0543255$ & $-0.0068736$ & $-0.0392863$ & $0.000554225$ & $0.00774756$ \\
CuH_22r & $-0.0427385$ & $0.00914317$ & $-0.00908345$ & $0.0238376$ & $-0.00741146$ & $-5.14124e-05$ & $-0.0660953$ & $0.0441374$ & $0.0577666$ & $-0.0570237$ & $-0.0280448$ & $0.0118425$ & $0.116223$ & $-0.0259872$ & $0.0133617$ & $-0.0107361$ & $-0.0210946$ & $-0.0395836$ & $-0.0238126$ & $0.0259079$ & $0.0321527$ & $0.0285107$ & $-0.0191463$ & $-0.0418494$ & $-0.0323327$ & $-0.00393211$ & $0.0211939$ & $-0.0290766$ & $0.0270135$ & $0.31322$ & $1$ & $0.0129929$ & $0.326158$ & $0.0309636$ & $-0.0311644$ & $-0.0202943$ & $-0.101244$ & $0.0028681$ & $-0.0583192$ & $0.013068$ & $0.0471115$ & $0.00763221$ & $-0.000188335$ & $-0.0225648$ & $0.0333433$ & $0.0460404$ & $0.392778$ & $-0.00156712$ & $0.00476893$ \\
CuH_33r & $-0.00273318$ & $0.0141171$ & $0.0546$ & $0.0131722$ & $-0.0155536$ & $-0.0170537$ & $0.938378$ & $-0.0911281$ & $-0.0481777$ & $0.0611435$ & $0.0529386$ & $0.0319431$ & $-0.264781$ & $0.0580099$ & $0.00741565$ & $0.0193419$ & $0.0607828$ & $0.0682294$ & $0.0670559$ & $-0.047294$ & $-0.0605683$ & $-0.0509422$ & $-0.00835548$ & $0.102185$ & $0.0615579$ & $0.0295522$ & $-0.0714382$ & $-0.0132668$ & $0.0142592$ & $0.0203474$ & $0.0129929$ & $1$ & $0.0166144$ & $-0.084351$ & $0.060382$ & $0.0149145$ & $-0.0366729$ & $-0.0216046$ & $0.0102606$ & $-0.0531565$ & $-0.0285824$ & $9.40808e-05$ & $-0.0113008$ & $0.00103233$ & $0.0102303$ & $0.0358971$ & $-0.0188164$ & $-0.0018719$ & $0.0202448$ \\
CdH_33r & $0.0411465$ & $0.0442573$ & $-0.0141431$ & $-0.0228419$ & $-0.0215205$ & $-0.0151578$ & $-0.153154$ & $0.164042$ & $0.185905$ & $-0.16547$ & $-0.114082$ & $0.204207$ & $0.31471$ & $-0.0559158$ & $0.0520289$ & $0.0625646$ & $-0.102342$ & $-0.131674$ & $-0.139715$ & $0.112198$ & $0.117079$ & $0.117877$ & $-0.00433567$ & $-0.141576$ & $-0.1308$ & $-0.0530225$ & $0.0611302$ & $0.0738242$ & $0.0261736$ & $0.624925$ & $0.326158$ & $0.0166144$ & $1$ & $0.093972$ & $-0.0439364$ & $-0.0335326$ & $-0.204519$ & $-0.00860221$ & $-0.00341681$ & $-0.00551435$ & $-0.00666178$ & $0.0170359$ & $0.0401369$ & $-0.0300344$ & $-0.0178954$ & $-0.0001645$ & $-0.0269874$ & $0.177302$ & $0.508465$ \\
CLL_1221 & $-0.0181792$ & $0.00840371$ & $-0.017686$ & $-0.0128821$ & $-0.0265015$ & $-0.110573$ & $-0.0956419$ & $0.552174$ & $0.54353$ & $-0.322464$ & $-0.36599$ & $-0.146332$ & $0.218878$ & $-0.203355$ & $-0.591345$ & $-0.120686$ & $-0.239568$ & $0.0493068$ & $-0.330396$ & $0.286632$ & $0.451934$ & $0.441935$ & $0.214864$ & $-0.6199$ & $-0.177986$ & $-0.254465$ & $0.687584$ & $0.129395$ & $-0.0118699$ & $0.0606683$ & $0.0309636$ & $-0.084351$ & $0.093972$ & $1$ & $-0.0141141$ & $0.0240873$ & $0.00826975$ & $-0.00685623$ & $0.0463743$ & $0.00236445$ & $0.00751512$ & $0.0420188$ & $0.026552$ & $-0.00826022$ & $0.0138925$ & $-0.00720836$ & $-0.017333$ & $0.0442706$ & $0.0329934$ \\
eHggint & $-0.0365228$ & $0.00517156$ & $0.0576067$ & $-0.0179469$ & $0.00470113$ & $0.00717649$ & $-0.0231698$ & $-0.0111186$ & $-0.0304908$ & $0.0384712$ & $0.0274198$ & $0.11744$ & $0.0436965$ & $-0.0332872$ & $0.00713481$ & $0.00183313$ & $-0.0326847$ & $-0.0306181$ & $-0.0289958$ & $-0.0228835$ & $-0.028763$ & $-0.0230078$ & $-0.0123604$ & $-0.000787149$ & $-0.0181346$ & $0.0343116$ & $-0.00194236$ & $-0.0170076$ & $-0.0212984$ & $-0.050641$ & $-0.0311644$ & $0.060382$ & $-0.0439364$ & $-0.0141141$ & $1$ & $-0.0814459$ & $0.0482078$ & $-0.0107315$ & $0.00568875$ & $-0.0414516$ & $-0.0459845$ & $0.0641759$ & $-0.0156714$ & $0.00177624$ & $-0.0325443$ & $0.0214351$ & $-0.00688656$ & $-0.0164861$ & $0.00584953$ \\
eHggpar & $0.024741$ & $0.00215536$ & $0.0231832$ & $0.00142038$ & $-0.00874568$ & $0.0302694$ & $-0.0297019$ & $-0.0138677$ & $-0.0264089$ & $0.0516439$ & $0.0325004$ & $0.0660192$ & $0.0105016$ & $-0.0443943$ & $-0.0388348$ & $-0.0344005$ & $-0.0277954$ & $-0.00905138$ & $-0.0101385$ & $-0.0347934$ & $-0.0286544$ & $-0.0276411$ & $0.0467981$ & $-0.0199333$ & $-0.00514969$ & $-0.0104695$ & $0.0368446$ & $-0.00130057$ & $-0.0386352$ & $-0.0477169$ & $-0.0202943$ & $0.0149145$ & $-0.0335326$ & $0.0240873$ & $-0.0814459$ & $1$ & $0.00464774$ & $-0.00538634$ & $0.0382092$ & $0.00244625$ & $0.0155061$ & $0.00409498$ & $0.0087361$ & $-0.0221917$ & $0.00260494$ & $-0.0187631$ & $0.00777891$ & $0.0312717$ & $0.0454773$ \\
eHWWint & $-0.0200501$ & $-0.0129669$ & $0.0167934$ & $0.0373216$ & $0.0094614$ & $-0.0215966$ & $-0.00252461$ & $0.000637322$ & $-0.0138141$ & $-0.00372673$ & $-0.000875736$ & $0.00594489$ & $-0.00161925$ & $-0.0143439$ & $0.00289952$ & $-0.00304474$ & $0.0193534$ & $-0.00118161$ & $0.00940017$ & $-0.00200214$ & $-0.00111502$ & $0.00019035$ & $0.0115505$ & $0.00146555$ & $0.0077614$ & $-0.0105575$ & $0.00829569$ & $0.0147397$ & $-0.00260653$ & $-0.1754$ & $-0.101244$ & $-0.0366729$ & $-0.204519$ & $0.00826975$ & $0.0482078$ & $0.00464774$ & $1$ & $0.0255982$ & $-0.00188632$ & $-0.0270711$ & $-0.042262$ & $-0.017397$ & $-0.0328497$ & $0.0770838$ & $-0.0160784$ & $-0.0182$ & $0.0392598$ & $-0.0105815$ & $0.00611937$ \\
eHWWpar & $-0.023952$ & $-0.0265157$ & $0.00101319$ & $0.0390363$ & $0.011173$ & $0.00122579$ & $-0.0188709$ & $-0.00601672$ & $-0.00972296$ & $0.00103351$ & $0.00151887$ & $-0.0184963$ & $0.00259286$ & $0.00355617$ & $-0.00282389$ & $0.0117305$ & $0.00745406$ & $0.00607642$ & $-0.00533226$ & $-0.00518302$ & $-0.00457223$ & $-0.00548748$ & $-0.00929129$ & $0.00664702$ & $0.0118876$ & $0.010703$ & $-0.00290548$ & $0.000478113$ & $-0.0259129$ & $-0.066403$ & $0.0028681$ & $-0.0216046$ & $-0.00860221$ & $-0.00685623$ & $-0.0107315$ & $-0.00538634$ & $0.0255982$ & $1$ & $0.0162464$ & $0.0111707$ & $-0.0137109$ & $-0.00759757$ & $-0.0137888$ & $0.0190959$ & $0.0176359$ & $0.00324175$ & $0.0189095$ & $0.0244978$ & $0.0198744$ \\
eHZZint & $-0.0416982$ & $0.0183018$ & $0.0385869$ & $-0.0241932$ & $-0.000762729$ & $0.00644563$ & $-0.00709945$ & $-0.0183755$ & $-0.0193175$ & $0.00470069$ & $0.0295451$ & $-0.00625197$ & $-0.0236651$ & $-0.0368565$ & $-0.0588325$ & $0.00401975$ & $2.0227e-05$ & $0.0211678$ & $-0.0214183$ & $-0.0346333$ & $-0.0240764$ & $-0.0195394$ & $0.0412952$ & $-0.0118921$ & $0.0237226$ & $-0.00647441$ & $0.0407255$ & $-0.0427391$ & $-0.0217192$ & $-0.041286$ & $-0.0583192$ & $0.0102606$ & $-0.00341681$ & $0.0463743$ & $0.00568875$ & $0.0382092$ & $-0.00188632$ & $0.0162464$ & $1$ & $0.0307033$ & $0.01063$ & $0.00397398$ & $0.0348288$ & $0.0125672$ & $0.0132357$ & $0.0217286$ & $-0.0902532$ & $0.0153596$ & $0.0749732$ \\
eHZZpar & $-0.0398155$ & $0.0110211$ & $-0.0404137$ & $-0.043482$ & $-0.0335175$ & $-0.0241653$ & $-0.0473374$ & $-0.0160393$ & $-0.0181617$ & $0.00840212$ & $0.0186845$ & $0.00333134$ & $-0.00776448$ & $-0.0257808$ & $-0.0140538$ & $0.0110226$ & $-0.000371096$ & $0.00364923$ & $-0.0135063$ & $-0.0160953$ & $-0.0187378$ & $-0.0145208$ & $0.00659162$ & $0.00608474$ & $0.0187441$ & $-0.00268726$ & $0.0100918$ & $-0.0180325$ & $-0.0187599$ & $0.00701321$ & $0.013068$ & $-0.0531565$ & $-0.00551435$ & $0.00236445$ & $-0.0414516$ & $0.00244625$ & $-0.0270711$ & $0.0111707$ & $0.0307033$ & $1$ & $-0.0409079$ & $0.016011$ & $0.00101377$ & $-0.0346193$ & $-0.0521935$ & $-0.0464675$ & $-0.00885727$ & $0.0370772$ & $-0.0125236$ \\
eHZgaint & $-0.0102054$ & $0.00155375$ & $-0.0158338$ & $-0.0385593$ & $-0.00598308$ & $-0.00185$ & $-0.0246572$ & $-0.0110503$ & $-0.0141563$ & $-0.0548141$ & $0.0385209$ & $-0.0437266$ & $-0.0032152$ & $-0.0549106$ & $-0.0192034$ & $-0.0330772$ & $-0.0481215$ & $-0.0384828$ & $-0.0287929$ & $-0.0445121$ & $-0.033672$ & $-0.0395842$ & $0.00248669$ & $-0.0314793$ & $-0.0333704$ & $0.0328255$ & $0.0121679$ & $-0.0163868$ & $-0.0178153$ & $-0.00309263$ & $0.0471115$ & $-0.0285824$ & $-0.00666178$ & $0.00751512$ & $-0.0459845$ & $0.0155061$ & $-0.042262$ & $-0.0137109$ & $0.01063$ & $-0.0409079$ & $1$ & $-0.00291299$ & $-0.00864598$ & $0.00679467$ & $0.0140756$ & $-0.03944$ & $0.0580211$ & $-0.0424031$ & $-0.0243933$ \\
eHZgapar & $-0.0414848$ & $-0.0148953$ & $-0.0123177$ & $0.0292286$ & $-0.0109394$ & $-0.0171111$ & $-0.0161382$ & $0.0353953$ & $0.030375$ & $0.00138065$ & $-0.0114371$ & $0.0203242$ & $0.0240194$ & $-0.0352951$ & $-0.0150142$ & $-0.035366$ & $-0.03984$ & $-0.0360471$ & $-0.0215829$ & $0.0041603$ & $0.0164486$ & $0.0137346$ & $0.0114649$ & $-0.0475878$ & $-0.0223072$ & $0.000198329$ & $0.0514129$ & $-0.00605269$ & $0.0212643$ & $0.00105266$ & $0.00763221$ & $9.40808e-05$ & $0.0170359$ & $0.0420188$ & $0.0641759$ & $0.00409498$ & $-0.017397$ & $-0.00759757$ & $0.00397398$ & $0.016011$ & $-0.00291299$ & $1$ & $0.00783402$ & $-0.0408646$ & $-0.00754172$ & $-0.0353359$ & $-0.00123926$ & $0.0196782$ & $0.0159214$ \\
eHgagaint & $-0.0480774$ & $0.0249481$ & $-0.0236474$ & $-0.0220193$ & $0.0410014$ & $-0.0122507$ & $-0.00983835$ & $0.0120089$ & $0.0969343$ & $-0.00464247$ & $0.00220482$ & $-0.0162548$ & $0.00974984$ & $-0.0331036$ & $-0.00762636$ & $-0.00460017$ & $-0.0158944$ & $-0.0182052$ & $-0.0208301$ & $-0.00297448$ & $0.000183181$ & $0.00103117$ & $0.00752872$ & $-0.00370998$ & $-0.00730361$ & $0.0129611$ & $0.034196$ & $0.0261382$ & $0.00241696$ & $0.0105614$ & $-0.000188335$ & $-0.0113008$ & $0.0401369$ & $0.026552$ & $-0.0156714$ & $0.0087361$ & $-0.0328497$ & $-0.0137888$ & $0.0348288$ & $0.00101377$ & $-0.00864598$ & $0.00783402$ & $1$ & $-0.0666154$ & $-0.000965936$ & $-0.00183677$ & $-0.010507$ & $-0.0331856$ & $0.0552469$ \\
eHmumuint & $0.0147416$ & $-0.0371261$ & $0.0399173$ & $0.0263773$ & $0.0126802$ & $-0.0105586$ & $-0.00884646$ & $0.00148121$ & $-0.0035079$ & $-0.00791279$ & $0.0134762$ & $0.0204932$ & $0.00329586$ & $-0.0265417$ & $0.0052525$ & $-0.00516525$ & $-0.0301394$ & $-0.0314912$ & $-0.0211256$ & $-0.0170706$ & $-0.0163035$ & $-0.0135016$ & $-0.000840277$ & $-0.0305487$ & $-0.00723813$ & $0.0313425$ & $0.0212721$ & $-0.0115969$ & $-0.00264543$ & $-0.00837509$ & $-0.0225648$ & $0.00103233$ & $-0.0300344$ & $-0.00826022$ & $0.00177624$ & $-0.0221917$ & $0.0770838$ & $0.0190959$ & $0.0125672$ & $-0.0346193$ & $0.00679467$ & $-0.0408646$ & $-0.0666154$ & $1$ & $0.029263$ & $0.00978263$ & $-0.042688$ & $-0.0403061$ & $-0.0506452$ \\
eHtautauint & $0.0264053$ & $-0.0209461$ & $-0.0397557$ & $-0.00616844$ & $-0.0130614$ & $-0.0175191$ & $0.018455$ & $-0.0272187$ & $-0.0247221$ & $0.00403244$ & $0.0408656$ & $0.00830662$ & $-0.0108169$ & $-0.0515098$ & $-0.0347527$ & $0.0182239$ & $-0.0158886$ & $0.00238898$ & $-0.0361434$ & $-0.039177$ & $-0.0412574$ & $-0.0368392$ & $0.00897175$ & $-0.00286775$ & $-0.00879062$ & $0.00884298$ & $-0.00387428$ & $-0.00758591$ & $-0.0417641$ & $0.0543255$ & $0.0333433$ & $0.0102303$ & $-0.0178954$ & $0.0138925$ & $-0.0325443$ & $0.00260494$ & $-0.0160784$ & $0.0176359$ & $0.0132357$ & $-0.0521935$ & $0.0140756$ & $-0.00754172$ & $-0.000965936$ & $0.029263$ & $1$ & $0.0253245$ & $0.0420387$ & $0.00572813$ & $-0.0107361$ \\
eHccint & $0.00162972$ & $0.0301664$ & $0.00120818$ & $-0.0226652$ & $-0.0116014$ & $-0.0195968$ & $0.0323805$ & $-0.012742$ & $-0.0100825$ & $0.0134151$ & $0.012151$ & $0.0172038$ & $0.00803309$ & $0.00530258$ & $-0.00640375$ & $0.0262827$ & $-0.0100491$ & $0.0074487$ & $-0.016271$ & $-0.00939463$ & $-0.0116954$ & $-0.0033464$ & $0.00821997$ & $0.0201512$ & $-0.0029078$ & $-0.0103892$ & $-0.0145253$ & $-0.0190991$ & $-0.00349174$ & $-0.0068736$ & $0.0460404$ & $0.0358971$ & $-0.0001645$ & $-0.00720836$ & $0.0214351$ & $-0.0187631$ & $-0.0182$ & $0.00324175$ & $0.0217286$ & $-0.0464675$ & $-0.03944$ & $-0.0353359$ & $-0.00183677$ & $0.00978263$ & $0.0253245$ & $1$ & $-0.0477747$ & $-0.000158062$ & $-0.0209802$ \\
eHccpar & $-0.0712912$ & $0.000174479$ & $-0.0517676$ & $0.0625934$ & $0.0257922$ & $-0.00604951$ & $-0.00888383$ & $-0.0216882$ & $-0.0280714$ & $-0.00970833$ & $0.00713808$ & $-0.0596077$ & $-0.00128311$ & $0.004069$ & $0.008872$ & $-0.00919057$ & $0.0403746$ & $0.0208669$ & $0.028185$ & $-0.0053391$ & $-0.0073023$ & $-0.0178094$ & $-0.0255733$ & $0.0424032$ & $0.0280646$ & $0.0142281$ & $-0.0174546$ & $-0.0177995$ & $-0.0273385$ & $-0.0392863$ & $0.392778$ & $-0.0188164$ & $-0.0269874$ & $-0.017333$ & $-0.00688656$ & $0.00777891$ & $0.0392598$ & $0.0189095$ & $-0.0902532$ & $-0.00885727$ & $0.0580211$ & $-0.00123926$ & $-0.010507$ & $-0.042688$ & $0.0420387$ & $-0.0477747$ & $1$ & $0.00648045$ & $0.00570883$ \\
eHbbint & $0.0203526$ & $0.0127609$ & $-0.044556$ & $0.00794088$ & $0.0243987$ & $-0.0220925$ & $-0.0164799$ & $0.0492074$ & $0.0464591$ & $-0.0202454$ & $-0.0426144$ & $-0.00517697$ & $0.0169625$ & $-0.0133079$ & $0.0031609$ & $-0.00560995$ & $0.000767086$ & $-0.0203172$ & $-0.0124294$ & $0.0378338$ & $0.0451489$ & $0.0483081$ & $-0.0367123$ & $-0.0347979$ & $-0.0197075$ & $0.0163652$ & $0.0371457$ & $0.037179$ & $-0.00899425$ & $0.000554225$ & $-0.00156712$ & $-0.0018719$ & $0.177302$ & $0.0442706$ & $-0.0164861$ & $0.0312717$ & $-0.0105815$ & $0.0244978$ & $0.0153596$ & $0.0370772$ & $-0.0424031$ & $0.0196782$ & $-0.0331856$ & $-0.0403061$ & $0.00572813$ & $-0.000158062$ & $0.00648045$ & $1$ & $-0.0150555$ \\
eHbbpar & $0.0353794$ & $0.0638389$ & $0.0229208$ & $-0.0237972$ & $-0.0245543$ & $-0.0175379$ & $-0.00254054$ & $0.0426625$ & $0.042598$ & $-0.0344332$ & $-0.0426064$ & $-0.0124553$ & $0.0136315$ & $-0.00590063$ & $0.0208707$ & $0.0589867$ & $0.00964466$ & $-0.0157144$ & $-0.0379272$ & $0.0439885$ & $0.0429321$ & $0.0452295$ & $-0.00489989$ & $-0.0157947$ & $-0.015774$ & $-0.0141365$ & $0.0200506$ & $0.0323542$ & $-0.0316384$ & $0.00774756$ & $0.00476893$ & $0.0202448$ & $0.508465$ & $0.0329934$ & $0.00584953$ & $0.0454773$ & $0.00611937$ & $0.0198744$ & $0.0749732$ & $-0.0125236$ & $-0.0243933$ & $0.0159214$ & $0.0552469$ & $-0.0506452$ & $-0.0107361$ & $-0.0209802$ & $0.00570883$ & $-0.0150555$ & $1$ \\
