 & AlsMz & dAle5Mz & mtop & mHl & Mz & CW & CHG & CHWB & CHWHB_gaga & CHWHB_gagaorth & CHD & CHbox & CH & CHL1_11 & CHL1_22 & CHL1_33 & CHL3_11 & CHL3_22 & CHL3_33 & CHe_11 & CHe_22 & CHe_33 & CHQ1_11 & CHQ1_33 & CHQ3_11 & CHu_11 & CHd_11 & CHd_33 & CeH_22r & CeH_33r & CuH_22r & CuH_33r & CdH_33r & CLL_1221 & eHggint & eHggpar & eHWWint & eHWWpar & eHZZint & eHZZpar & eHZgaint & eHZgapar & eHgagaint & eHmumuint & eHtautauint & eHccint & eHccpar & eHbbint & eHbbpar \\
AlsMz & $1$ & $-0.0462259$ & $0.0223359$ & $-0.0842291$ & $0.00900119$ & $0.00577018$ & $0.0174685$ & $0.00465458$ & $0.00152299$ & $0.00276577$ & $-0.0163411$ & $-0.0157973$ & $-0.0212706$ & $0.00097$ & $0.00856769$ & $0.00234037$ & $0.0139297$ & $0.00055627$ & $0.0082715$ & $0.00465113$ & $0.00560118$ & $0.00687099$ & $0.0095017$ & $-0.0590843$ & $-0.112622$ & $-0.0581438$ & $-0.0341024$ & $0.0203606$ & $-0.029504$ & $-0.00317009$ & $-0.0163$ & $0.0259774$ & $0.0619493$ & $-0.00295237$ & $-0.00203048$ & $-0.033773$ & $-0.0501057$ & $0.00120352$ & $0.108891$ & $-0.0167092$ & $0.00152614$ & $-0.0104982$ & $-0.0232315$ & $-0.0219358$ & $-0.0630969$ & $-0.0441706$ & $-0.0122398$ & $0.0163243$ & $0.106709$ \\
dAle5Mz & $-0.0462259$ & $1$ & $0.115516$ & $-0.0298008$ & $-0.00901983$ & $0.0296968$ & $-0.0015195$ & $-0.0808967$ & $-0.0748051$ & $0.0094805$ & $0.0587681$ & $-0.00208088$ & $-0.00161954$ & $-0.0174946$ & $-0.028019$ & $-0.0146965$ & $0.0373148$ & $0.0336462$ & $0.0237405$ & $-0.0345266$ & $-0.0312231$ & $-0.0350108$ & $-0.00216798$ & $0.042457$ & $0.0388707$ & $0.0203217$ & $0.00453405$ & $0.00357163$ & $0.012015$ & $0.0101476$ & $-0.0303287$ & $-0.000922802$ & $0.0134578$ & $0.0270934$ & $-7.53197e-05$ & $0.0105259$ & $-0.0241754$ & $0.00712479$ & $0.00137247$ & $-0.00938715$ & $0.0329008$ & $0.00663813$ & $0.0346134$ & $-0.00808619$ & $-0.0156336$ & $-0.0202806$ & $-0.0436402$ & $-0.0201283$ & $0.0306614$ \\
mtop & $0.0223359$ & $0.115516$ & $1$ & $0.0545408$ & $-0.0221428$ & $-0.0147456$ & $0.00480875$ & $-0.0036149$ & $0.00763395$ & $0.00239734$ & $0.0210153$ & $0.0192889$ & $0.0187581$ & $-0.0319203$ & $-0.0343787$ & $-0.0261622$ & $-0.00997047$ & $0.000102723$ & $-0.00667853$ & $-0.0131649$ & $-0.00647506$ & $-0.00989486$ & $0.0347085$ & $-0.0213607$ & $-0.012948$ & $-0.0235895$ & $0.0177064$ & $-0.0129336$ & $-0.00896707$ & $0.0277286$ & $0.0419723$ & $0.0204389$ & $0.0425234$ & $0.0390234$ & $0.0497647$ & $0.0511598$ & $-0.0524471$ & $-0.0065174$ & $0.00601397$ & $-0.00445895$ & $-0.086232$ & $0.0245622$ & $0.122874$ & $-0.041204$ & $0.0105589$ & $0.0592454$ & $0.0376147$ & $0.00774335$ & $0.042708$ \\
mHl & $-0.0842291$ & $-0.0298008$ & $0.0545408$ & $1$ & $0.00404363$ & $-0.00285788$ & $-0.0427621$ & $0.0276724$ & $0.021343$ & $-0.011291$ & $-0.0164232$ & $0.0249422$ & $0.0274239$ & $-0.00221535$ & $-0.00384543$ & $0.0124521$ & $-0.0239332$ & $-0.0162755$ & $-0.0246484$ & $0.0149654$ & $0.0196918$ & $0.0176956$ & $-0.0124607$ & $-0.020882$ & $-0.0117287$ & $0.00273036$ & $0.0132838$ & $0.0038199$ & $0.0120149$ & $0.0162175$ & $0.00574207$ & $-0.0256899$ & $0.0411522$ & $0.0207931$ & $0.0898078$ & $0.0178243$ & $-0.00461037$ & $0.0051841$ & $-0.0566187$ & $-0.0128705$ & $0.036564$ & $-0.0234514$ & $-0.0322351$ & $0.0291482$ & $0.0231454$ & $0.0532333$ & $-0.0153926$ & $0.0383862$ & $0.0457749$ \\
Mz & $0.00900119$ & $-0.00901983$ & $-0.0221428$ & $0.00404363$ & $1$ & $-0.00883747$ & $0.0109851$ & $0.0093245$ & $0.0084466$ & $0.00875704$ & $-0.00475664$ & $-0.0227692$ & $-0.0237393$ & $0.0129605$ & $0.00406231$ & $-0.00832792$ & $0.00650112$ & $0.00283704$ & $0.0114551$ & $0.0114653$ & $0.0137538$ & $0.0133939$ & $-0.0129742$ & $-0.00258708$ & $0.0015889$ & $0.00226843$ & $0.00569201$ & $0.00556212$ & $-0.00466226$ & $0.000716027$ & $-0.0138537$ & $0.00572683$ & $-0.0139469$ & $0.00191091$ & $-0.0132697$ & $-0.0162359$ & $-0.00383797$ & $0.00715055$ & $-0.0280301$ & $0.0240316$ & $-0.0168037$ & $0.00135858$ & $-0.00679908$ & $0.0162451$ & $-0.00984571$ & $-0.00918122$ & $-0.000942439$ & $0.0116071$ & $-0.0043009$ \\
CW & $0.00577018$ & $0.0296968$ & $-0.0147456$ & $-0.00285788$ & $-0.00883747$ & $1$ & $-0.00545473$ & $-0.13615$ & $-0.13226$ & $0.00829126$ & $0.198761$ & $0.068491$ & $0.0348372$ & $0.00886891$ & $-0.0952193$ & $-0.0804111$ & $-0.261232$ & $-0.0448168$ & $-0.0556588$ & $-0.195569$ & $-0.200289$ & $-0.198504$ & $0.0085187$ & $-9.46829e-05$ & $-0.0873829$ & $0.100835$ & $-0.0804524$ & $-0.0716409$ & $0.00724326$ & $0.0160821$ & $-0.00199397$ & $-0.00165823$ & $0.0195983$ & $-0.120713$ & $0.00684743$ & $-0.0127981$ & $0.00144064$ & $0.00721303$ & $-0.0339203$ & $-0.00205911$ & $0.00095794$ & $0.0118312$ & $0.000809035$ & $0.0221839$ & $-0.0153153$ & $0.0146474$ & $-0.00145975$ & $0.027961$ & $-0.00819375$ \\
CHG & $0.0174685$ & $-0.0015195$ & $0.00480875$ & $-0.0427621$ & $0.0109851$ & $-0.00545473$ & $1$ & $-0.120323$ & $-0.0615796$ & $0.0757065$ & $0.0745093$ & $-0.240945$ & $-0.306477$ & $0.0519518$ & $-0.0266122$ & $-0.0464731$ & $0.0943597$ & $0.103537$ & $0.118305$ & $-0.0727966$ & $-0.0768143$ & $-0.0791067$ & $-0.0106923$ & $0.112723$ & $0.107354$ & $0.0414423$ & $-0.0401028$ & $-0.0328725$ & $0.0115956$ & $-0.119341$ & $-0.039652$ & $0.936677$ & $-0.155592$ & $-0.0773015$ & $-0.012948$ & $-0.0146038$ & $0.00668254$ & $-0.00187424$ & $0.0319485$ & $0.0190199$ & $0.0229524$ & $0.0182038$ & $0.0375678$ & $-0.0217647$ & $-0.0180312$ & $0.0168583$ & $-0.00497544$ & $-0.0095679$ & $-0.00127351$ \\
CHWB & $0.00465458$ & $-0.0808967$ & $-0.0036149$ & $0.0276724$ & $0.0093245$ & $-0.13615$ & $-0.120323$ & $1$ & $0.981376$ & $-0.594701$ & $-0.878843$ & $0.081538$ & $0.363628$ & $0.0844558$ & $0.310514$ & $0.297041$ & $-0.254803$ & $-0.452933$ & $-0.441883$ & $0.850471$ & $0.894574$ & $0.879432$ & $0.0949262$ & $-0.685134$ & $-0.411296$ & $-0.516117$ & $0.42196$ & $0.308479$ & $0.00880916$ & $0.124509$ & $0.0615016$ & $-0.10234$ & $0.141409$ & $0.568255$ & $0.00896877$ & $0.00980277$ & $0.00810643$ & $-0.0123356$ & $0.0189251$ & $0.000284306$ & $0.0127553$ & $-0.0266999$ & $-0.00970725$ & $-0.010188$ & $0.00657871$ & $-0.0414316$ & $0.0253218$ & $0.0164194$ & $0.00914745$ \\
CHWHB_gaga & $0.00152299$ & $-0.0748051$ & $0.00763395$ & $0.021343$ & $0.0084466$ & $-0.13226$ & $-0.0615796$ & $0.981376$ & $1$ & $-0.582$ & $-0.858312$ & $0.0919499$ & $0.356756$ & $0.0744731$ & $0.303291$ & $0.287785$ & $-0.257799$ & $-0.451315$ & $-0.438864$ & $0.830795$ & $0.874386$ & $0.858617$ & $0.0962606$ & $-0.676012$ & $-0.408929$ & $-0.505434$ & $0.416651$ & $0.304171$ & $0.0160036$ & $0.146271$ & $0.0748223$ & $-0.0533924$ & $0.164733$ & $0.558853$ & $-0.0144974$ & $0.00517674$ & $-0.00903196$ & $-0.0137823$ & $0.0163257$ & $-7.74154e-05$ & $0.0117571$ & $-0.0267617$ & $0.0605652$ & $-0.00852076$ & $0.00107061$ & $-0.0336554$ & $0.0211264$ & $0.0184816$ & $0.0106047$ \\
CHWHB_gagaorth & $0.00276577$ & $0.0094805$ & $0.00239734$ & $-0.011291$ & $0.00875704$ & $0.00829126$ & $0.0757065$ & $-0.594701$ & $-0.582$ & $1$ & $0.388259$ & $0.210949$ & $-0.274271$ & $0.207962$ & $-0.15413$ & $-0.156699$ & $0.433115$ & $0.497435$ & $0.494141$ & $-0.376388$ & $-0.401398$ & $-0.40041$ & $-0.0730786$ & $0.558991$ & $0.481356$ & $0.241758$ & $-0.228023$ & $-0.147064$ & $-0.0239452$ & $-0.153255$ & $-0.063322$ & $0.074966$ & $-0.15444$ & $-0.35097$ & $0.0105839$ & $0.00562657$ & $-0.0100942$ & $-0.00967474$ & $-0.0197014$ & $-0.00204202$ & $-0.0336723$ & $0.0217498$ & $0.00200572$ & $0.0352534$ & $-0.0104279$ & $0.0263232$ & $-0.00242134$ & $-0.0164366$ & $0.0121487$ \\
CHD & $-0.0163411$ & $0.0587681$ & $0.0210153$ & $-0.0164232$ & $-0.00475664$ & $0.198761$ & $0.0745093$ & $-0.878843$ & $-0.858312$ & $0.388259$ & $1$ & $0.0843521$ & $-0.172021$ & $-0.501808$ & $-0.43106$ & $-0.410757$ & $-0.203043$ & $0.0827154$ & $0.0733002$ & $-0.990267$ & $-0.991149$ & $-0.970508$ & $-0.0323344$ & $0.322603$ & $0.0315954$ & $0.564815$ & $-0.298399$ & $-0.339882$ & $-5.16614e-05$ & $-0.0697075$ & $-0.0336201$ & $0.0727324$ & $-0.0910004$ & $-0.375876$ & $0.0141324$ & $0.000459844$ & $-0.0188341$ & $0.0169874$ & $-0.0120618$ & $0.00628417$ & $-0.00170937$ & $0.0312025$ & $0.022243$ & $0.0115223$ & $-0.000800475$ & $0.0480079$ & $-0.0194488$ & $-0.00677498$ & $-0.0266471$ \\
CHbox & $-0.0157973$ & $-0.00208088$ & $0.0192889$ & $0.0249422$ & $-0.0227692$ & $0.068491$ & $-0.240945$ & $0.081538$ & $0.0919499$ & $0.210949$ & $0.0843521$ & $1$ & $0.760364$ & $-0.313335$ & $0.00713133$ & $0.0138056$ & $-0.340565$ & $-0.312024$ & $-0.31229$ & $-0.0744927$ & $-0.0810562$ & $-0.0748296$ & $-0.000326745$ & $-0.232644$ & $-0.298404$ & $0.0517485$ & $0.00791203$ & $-0.0258419$ & $0.0244827$ & $0.325093$ & $0.115263$ & $-0.146974$ & $0.359389$ & $0.0489492$ & $0.0876591$ & $0.0324155$ & $-0.0165328$ & $-0.0251478$ & $0.0101311$ & $-0.00135972$ & $-0.00157997$ & $0.00069212$ & $0.00556178$ & $0.00253331$ & $0.0226304$ & $-0.0125438$ & $0.00684179$ & $0.0194153$ & $-0.0240755$ \\
CH & $-0.0212706$ & $-0.00161954$ & $0.0187581$ & $0.0274239$ & $-0.0237393$ & $0.0348372$ & $-0.306477$ & $0.363628$ & $0.356756$ & $-0.274271$ & $-0.172021$ & $0.760364$ & $1$ & $-0.261196$ & $0.0702498$ & $0.0693083$ & $-0.393119$ & $-0.409989$ & $-0.403732$ & $0.166896$ & $0.183989$ & $0.187038$ & $0.0481336$ & $-0.417867$ & $-0.390098$ & $-0.111417$ & $0.151547$ & $0.0676328$ & $0.0225177$ & $0.269426$ & $0.118317$ & $-0.246197$ & $0.301111$ & $0.230758$ & $0.0468002$ & $0.0154582$ & $0.00339522$ & $-0.0236023$ & $0.0247853$ & $-0.0186169$ & $0.0185756$ & $-0.00984338$ & $0.0114293$ & $-0.0170938$ & $0.038094$ & $-0.0224402$ & $0.0120519$ & $0.0168294$ & $-0.0419744$ \\
CHL1_11 & $0.00097$ & $-0.0174946$ & $-0.0319203$ & $-0.00221535$ & $0.0129605$ & $0.00886891$ & $0.0519518$ & $0.0844558$ & $0.0744731$ & $0.207962$ & $-0.501808$ & $-0.313335$ & $-0.261196$ & $1$ & $0.264422$ & $0.249979$ & $0.664163$ & $0.603866$ & $0.600782$ & $0.519178$ & $0.464369$ & $0.446576$ & $-0.0789419$ & $0.469629$ & $0.599706$ & $-0.254189$ & $-0.0876341$ & $0.154909$ & $-0.0165808$ & $-0.0667049$ & $-0.0295661$ & $0.0260666$ & $-0.0557806$ & $-0.211525$ & $-0.0366823$ & $-0.0201608$ & $0.0193775$ & $-0.0129467$ & $-0.0146812$ & $0.00161671$ & $-0.013262$ & $-0.0114262$ & $-0.023234$ & $0.00362607$ & $-0.00552968$ & $-0.0184826$ & $0.0101285$ & $-0.00228896$ & $0.0273857$ \\
CHL1_22 & $0.00856769$ & $-0.028019$ & $-0.0343787$ & $-0.00384543$ & $0.00406231$ & $-0.0952193$ & $-0.0266122$ & $0.310514$ & $0.303291$ & $-0.15413$ & $-0.43106$ & $0.00713133$ & $0.0702498$ & $0.264422$ & $1$ & $0.456794$ & $0.155504$ & $-0.445089$ & $-0.0515184$ & $0.495114$ & $0.347765$ & $0.339977$ & $-0.169889$ & $0.0892255$ & $-0.146075$ & $-0.191196$ & $-0.384015$ & $0.11208$ & $0.0261447$ & $0.028315$ & $0.0254872$ & $-0.0252397$ & $0.0348216$ & $-0.574163$ & $-0.0237393$ & $-0.0166768$ & $0.0223223$ & $-0.00810387$ & $0.00774854$ & $0.011263$ & $0.00548944$ & $-0.0336821$ & $-0.0273032$ & $-0.0245121$ & $-0.00790405$ & $-0.0174239$ & $0.0141574$ & $-0.00932929$ & $0.0015956$ \\
CHL1_33 & $0.00234037$ & $-0.0146965$ & $-0.0261622$ & $0.0124521$ & $-0.00832792$ & $-0.0804111$ & $-0.0464731$ & $0.297041$ & $0.287785$ & $-0.156699$ & $-0.410757$ & $0.0138056$ & $0.0693083$ & $0.249979$ & $0.456794$ & $1$ & $0.137963$ & $-0.049539$ & $-0.445467$ & $0.474957$ & $0.32985$ & $0.349766$ & $-0.170777$ & $0.0843717$ & $-0.150167$ & $-0.184295$ & $-0.388191$ & $0.0958745$ & $0.0180609$ & $0.0415311$ & $0.0179959$ & $-0.0381679$ & $0.0500614$ & $-0.101827$ & $-0.004118$ & $-0.0188225$ & $0.00844292$ & $-0.00985142$ & $-0.00159152$ & $0.0021918$ & $-0.0209364$ & $-0.0206037$ & $-0.0135532$ & $0.00038741$ & $0.0135036$ & $-0.0104852$ & $0.0116775$ & $0.0333104$ & $0.0113247$ \\
CHL3_11 & $0.0139297$ & $0.0373148$ & $-0.00997047$ & $-0.0239332$ & $0.00650112$ & $-0.261232$ & $0.0943597$ & $-0.254803$ & $-0.257799$ & $0.433115$ & $-0.203043$ & $-0.340565$ & $-0.393119$ & $0.664163$ & $0.155504$ & $0.137963$ & $1$ & $0.745056$ & $0.747677$ & $0.225181$ & $0.173216$ & $0.163392$ & $-0.0857482$ & $0.682517$ & $0.7805$ & $-0.090803$ & $-0.149354$ & $0.0570487$ & $-0.0187167$ & $-0.121699$ & $-0.0573581$ & $0.0589292$ & $-0.112773$ & $-0.252998$ & $-0.0535467$ & $-0.0119969$ & $0.0216391$ & $-0.00629748$ & $-0.0114927$ & $-0.026695$ & $-0.0272961$ & $-0.00739502$ & $-0.0256373$ & $-0.00554122$ & $-0.0163553$ & $-0.00819488$ & $-0.0159077$ & $-0.0319586$ & $0.0345389$ \\
CHL3_22 & $0.00055627$ & $0.0336462$ & $0.000102723$ & $-0.0162755$ & $0.00283704$ & $-0.0448168$ & $0.103537$ & $-0.452933$ & $-0.451315$ & $0.497435$ & $0.0827154$ & $-0.312024$ & $-0.409989$ & $0.603866$ & $-0.445089$ & $-0.049539$ & $0.745056$ & $1$ & $0.696669$ & $-0.0842685$ & $-0.0759923$ & $-0.0782086$ & $-0.0117517$ & $0.636614$ & $0.802762$ & $0.0485251$ & $-0.00709984$ & $-0.0256957$ & $-0.0312784$ & $-0.123089$ & $-0.0672319$ & $0.0724382$ & $-0.121987$ & $0.0126249$ & $-0.0276603$ & $-0.00911251$ & $0.00628597$ & $-0.00230126$ & $-0.0201754$ & $-0.0187764$ & $-0.0277737$ & $0.0157402$ & $-0.00540489$ & $0.0139489$ & $-0.00397766$ & $0.00367366$ & $-0.018874$ & $-0.00888736$ & $0.0269768$ \\
CHL3_33 & $0.0082715$ & $0.0237405$ & $-0.00667853$ & $-0.0246484$ & $0.0114551$ & $-0.0556588$ & $0.118305$ & $-0.441883$ & $-0.438864$ & $0.494141$ & $0.0733002$ & $-0.31229$ & $-0.403732$ & $0.600782$ & $-0.0515184$ & $-0.445467$ & $0.747677$ & $0.696669$ & $1$ & $-0.0765441$ & $-0.0653988$ & $-0.0684348$ & $-0.00542599$ & $0.628794$ & $0.80273$ & $0.0459599$ & $0.0104503$ & $-0.0158319$ & $-0.0233319$ & $-0.129598$ & $-0.0577332$ & $0.0820972$ & $-0.131215$ & $-0.332022$ & $-0.0431564$ & $-0.00316972$ & $0.0185575$ & $0.000438325$ & $-0.0134284$ & $-0.0113686$ & $-0.00691874$ & $0.00665804$ & $-0.0183386$ & $-0.000503363$ & $-0.0187118$ & $5.99376e-05$ & $-0.0103545$ & $-0.0399524$ & $0.0192445$ \\
CHe_11 & $0.00465113$ & $-0.0345266$ & $-0.0131649$ & $0.0149654$ & $0.0114653$ & $-0.195569$ & $-0.0727966$ & $0.850471$ & $0.830795$ & $-0.376388$ & $-0.990267$ & $-0.0744927$ & $0.166896$ & $0.519178$ & $0.495114$ & $0.474957$ & $0.225181$ & $-0.0842685$ & $-0.0765441$ & $1$ & $0.973129$ & $0.953166$ & $0.00599148$ & $-0.269587$ & $-0.0250965$ & $-0.553774$ & $0.224555$ & $0.332942$ & $0.00474644$ & $0.0694623$ & $0.0334906$ & $-0.0703137$ & $0.0888915$ & $0.298414$ & $-0.0133855$ & $-0.00261201$ & $0.0211836$ & $-0.0150887$ & $0.0106626$ & $-0.00348257$ & $0.0015233$ & $-0.0322628$ & $-0.0224066$ & $-0.0136366$ & $0.00315205$ & $-0.047741$ & $0.017343$ & $0.00803674$ & $0.025921$ \\
CHe_22 & $0.00560118$ & $-0.0312231$ & $-0.00647506$ & $0.0196918$ & $0.0137538$ & $-0.200289$ & $-0.0768143$ & $0.894574$ & $0.874386$ & $-0.401398$ & $-0.991149$ & $-0.0810562$ & $0.183989$ & $0.464369$ & $0.347765$ & $0.32985$ & $0.173216$ & $-0.0759923$ & $-0.0653988$ & $0.973129$ & $1$ & $0.975253$ & $0.0622951$ & $-0.374658$ & $-0.0342031$ & $-0.569599$ & $0.377568$ & $0.343644$ & $-0.00130274$ & $0.0712743$ & $0.0343776$ & $-0.0746796$ & $0.0917071$ & $0.46112$ & $-0.0108314$ & $0.00271987$ & $0.016379$ & $-0.015006$ & $0.0133749$ & $-0.00834199$ & $0.00479295$ & $-0.0280317$ & $-0.0194461$ & $-0.0107492$ & $0.00215053$ & $-0.0467485$ & $0.0188009$ & $0.00512049$ & $0.0251256$ \\
CHe_33 & $0.00687099$ & $-0.0350108$ & $-0.00989486$ & $0.0176956$ & $0.0133939$ & $-0.198504$ & $-0.0791067$ & $0.879432$ & $0.858617$ & $-0.40041$ & $-0.970508$ & $-0.0748296$ & $0.187038$ & $0.446576$ & $0.339977$ & $0.349766$ & $0.163392$ & $-0.0782086$ & $-0.0684348$ & $0.953166$ & $0.975253$ & $1$ & $0.0614997$ & $-0.371624$ & $-0.0374264$ & $-0.558405$ & $0.371676$ & $0.335974$ & $0.00314203$ & $0.0746688$ & $0.0358585$ & $-0.0765486$ & $0.0924256$ & $0.457604$ & $-0.0164926$ & $0.00905427$ & $0.025278$ & $-0.018462$ & $0.00767707$ & $-0.00643936$ & $0.0057282$ & $-0.0279921$ & $-0.0223656$ & $-0.00772249$ & $-0.00072615$ & $-0.0492483$ & $0.0212323$ & $0.00459814$ & $0.0269894$ \\
CHQ1_11 & $0.0095017$ & $-0.00216798$ & $0.0347085$ & $-0.0124607$ & $-0.0129742$ & $0.0085187$ & $-0.0106923$ & $0.0949262$ & $0.0962606$ & $-0.0730786$ & $-0.0323344$ & $-0.000326745$ & $0.0481336$ & $-0.0789419$ & $-0.169889$ & $-0.170777$ & $-0.0857482$ & $-0.0117517$ & $-0.00542599$ & $0.00599148$ & $0.0622951$ & $0.0614997$ & $1$ & $-0.162469$ & $0.0592633$ & $-0.695096$ & $0.357258$ & $0.0332509$ & $0.00126054$ & $0.000254726$ & $0.0140263$ & $-0.0106515$ & $0.0016898$ & $0.224814$ & $0.00628796$ & $-0.0079138$ & $-0.00520114$ & $0.0187904$ & $0.03445$ & $-0.0214084$ & $0.0123208$ & $0.0181192$ & $-0.00596408$ & $-0.000281019$ & $0.0212532$ & $0.00174547$ & $0.0108691$ & $0.0079687$ & $-0.0359456$ \\
CHQ1_33 & $-0.0590843$ & $0.042457$ & $-0.0213607$ & $-0.020882$ & $-0.00258708$ & $-9.46829e-05$ & $0.112723$ & $-0.685134$ & $-0.676012$ & $0.558991$ & $0.322603$ & $-0.232644$ & $-0.417867$ & $0.469629$ & $0.0892255$ & $0.0843717$ & $0.682517$ & $0.636614$ & $0.628794$ & $-0.269587$ & $-0.374658$ & $-0.371624$ & $-0.162469$ & $1$ & $0.650212$ & $0.228975$ & $-0.413303$ & $-0.0421699$ & $-0.0100989$ & $-0.129891$ & $-0.0624275$ & $0.0828125$ & $-0.141539$ & $-0.633339$ & $-0.0251575$ & $-0.0266948$ & $0.00664408$ & $-0.000156565$ & $-0.0262994$ & $-0.0138858$ & $-0.03012$ & $0.00866696$ & $-0.00516425$ & $0.00583861$ & $-0.00234329$ & $0.0273982$ & $-0.0181195$ & $-0.0114224$ & $-0.000451149$ \\
CHQ3_11 & $-0.112622$ & $0.0388707$ & $-0.012948$ & $-0.0117287$ & $0.0015889$ & $-0.0873829$ & $0.107354$ & $-0.411296$ & $-0.408929$ & $0.481356$ & $0.0315954$ & $-0.298404$ & $-0.390098$ & $0.599706$ & $-0.146075$ & $-0.150167$ & $0.7805$ & $0.802762$ & $0.80273$ & $-0.0250965$ & $-0.0342031$ & $-0.0374264$ & $0.0592633$ & $0.650212$ & $1$ & $0.0334364$ & $0.215637$ & $-0.00765178$ & $-0.0160643$ & $-0.128366$ & $-0.0568198$ & $0.0684141$ & $-0.135604$ & $-0.19724$ & $-0.0388686$ & $-0.00906982$ & $0.0186016$ & $-0.000273175$ & $-0.0327436$ & $-0.00458268$ & $-0.0239478$ & $0.0196334$ & $-0.0208578$ & $0.0070249$ & $0.00405383$ & $0.00159117$ & $-0.0150325$ & $-0.0233895$ & $0.00162767$ \\
CHu_11 & $-0.0581438$ & $0.0203217$ & $-0.0235895$ & $0.00273036$ & $0.00226843$ & $0.100835$ & $0.0414423$ & $-0.516117$ & $-0.505434$ & $0.241758$ & $0.564815$ & $0.0517485$ & $-0.111417$ & $-0.254189$ & $-0.191196$ & $-0.184295$ & $-0.090803$ & $0.0485251$ & $0.0459599$ & $-0.553774$ & $-0.569599$ & $-0.558405$ & $-0.695096$ & $0.228975$ & $0.0334364$ & $1$ & $-0.195876$ & $-0.191718$ & $0.00254627$ & $-0.0347351$ & $-0.0309864$ & $0.0415458$ & $-0.0491977$ & $-0.277892$ & $0.00909434$ & $0.00907421$ & $0.000534821$ & $-0.01065$ & $-0.0298225$ & $0.0261441$ & $-0.0181025$ & $0.013007$ & $0.0208864$ & $0.00478598$ & $-0.0150068$ & $0.0207728$ & $-0.0187123$ & $-0.00502827$ & $0.00474306$ \\
CHd_11 & $-0.0341024$ & $0.00453405$ & $0.0177064$ & $0.0132838$ & $0.00569201$ & $-0.0804524$ & $-0.0401028$ & $0.42196$ & $0.416651$ & $-0.228023$ & $-0.298399$ & $0.00791203$ & $0.151547$ & $-0.0876341$ & $-0.384015$ & $-0.388191$ & $-0.149354$ & $-0.00709984$ & $0.0104503$ & $0.224555$ & $0.377568$ & $0.371676$ & $0.357258$ & $-0.413303$ & $0.215637$ & $-0.195876$ & $1$ & $0.13495$ & $-0.00614752$ & $0.0351788$ & $0.0187202$ & $-0.0431355$ & $0.0380666$ & $0.682063$ & $0.0108833$ & $0.0151421$ & $-0.00422499$ & $-0.00212953$ & $0.00473283$ & $-0.00276731$ & $0.00217376$ & $0.0210485$ & $-0.003318$ & $0.00326909$ & $0.0127473$ & $-0.022068$ & $0.00582687$ & $0.00226114$ & $-0.0118622$ \\
CHd_33 & $0.0203606$ & $0.00357163$ & $-0.0129336$ & $0.0038199$ & $0.00556212$ & $-0.0716409$ & $-0.0328725$ & $0.308479$ & $0.304171$ & $-0.147064$ & $-0.339882$ & $-0.0258419$ & $0.0676328$ & $0.154909$ & $0.11208$ & $0.0958745$ & $0.0570487$ & $-0.0256957$ & $-0.0158319$ & $0.332942$ & $0.343644$ & $0.335974$ & $0.0332509$ & $-0.0421699$ & $-0.00765178$ & $-0.191718$ & $0.13495$ & $1$ & $-0.00398706$ & $0.0444707$ & $-0.000370769$ & $-0.0322153$ & $0.0437936$ & $0.166856$ & $0.000584503$ & $0.00407341$ & $0.0155083$ & $0.00371487$ & $-0.00405904$ & $-0.00300758$ & $-0.0128463$ & $-0.0301455$ & $0.00686412$ & $-0.0052001$ & $-0.0156065$ & $-0.0315964$ & $-0.0314869$ & $0.0223939$ & $0.0087275$ \\
CeH_22r & $-0.029504$ & $0.012015$ & $-0.00896707$ & $0.0120149$ & $-0.00466226$ & $0.00724326$ & $0.0115956$ & $0.00880916$ & $0.0160036$ & $-0.0239452$ & $-5.16614e-05$ & $0.0244827$ & $0.0225177$ & $-0.0165808$ & $0.0261447$ & $0.0180609$ & $-0.0187167$ & $-0.0312784$ & $-0.0233319$ & $0.00474644$ & $-0.00130274$ & $0.00314203$ & $0.00126054$ & $-0.0100989$ & $-0.0160643$ & $0.00254627$ & $-0.00614752$ & $-0.00398706$ & $1$ & $0.0337963$ & $0.0184089$ & $-0.00832524$ & $0.0252864$ & $-0.0127629$ & $-0.0582156$ & $0.0127306$ & $-0.0137214$ & $0.00129336$ & $-0.00649016$ & $-0.000895204$ & $0.0265397$ & $0.00346949$ & $-0.00931464$ & $0.000810962$ & $-4.36388e-05$ & $-0.0454757$ & $0.0093326$ & $0.0354797$ & $-0.0114171$ \\
CeH_33r & $-0.00317009$ & $0.0101476$ & $0.0277286$ & $0.0162175$ & $0.000716027$ & $0.0160821$ & $-0.119341$ & $0.124509$ & $0.146271$ & $-0.153255$ & $-0.0697075$ & $0.325093$ & $0.269426$ & $-0.0667049$ & $0.028315$ & $0.0415311$ & $-0.121699$ & $-0.123089$ & $-0.129598$ & $0.0694623$ & $0.0712743$ & $0.0746688$ & $0.000254726$ & $-0.129891$ & $-0.128366$ & $-0.0347351$ & $0.0351788$ & $0.0444707$ & $0.0337963$ & $1$ & $0.304587$ & $0.0297861$ & $0.649191$ & $0.0735329$ & $-0.0306218$ & $-0.0226018$ & $-0.205273$ & $-0.0327891$ & $-0.0168261$ & $-0.0165876$ & $-0.0295056$ & $-0.0150788$ & $0.0138595$ & $0.0374738$ & $0.084352$ & $-0.0183179$ & $-0.0335004$ & $0.0104406$ & $0.0214708$ \\
CuH_22r & $-0.0163$ & $-0.0303287$ & $0.0419723$ & $0.00574207$ & $-0.0138537$ & $-0.00199397$ & $-0.039652$ & $0.0615016$ & $0.0748223$ & $-0.063322$ & $-0.0336201$ & $0.115263$ & $0.118317$ & $-0.0295661$ & $0.0254872$ & $0.0179959$ & $-0.0573581$ & $-0.0672319$ & $-0.0577332$ & $0.0334906$ & $0.0343776$ & $0.0358585$ & $0.0140263$ & $-0.0624275$ & $-0.0568198$ & $-0.0309864$ & $0.0187202$ & $-0.000370769$ & $0.0184089$ & $0.304587$ & $1$ & $0.0367778$ & $0.306378$ & $0.0254893$ & $-0.0174659$ & $-0.0173999$ & $-0.0587133$ & $-0.0195139$ & $-0.00367218$ & $-0.034312$ & $-0.0122213$ & $-0.0230103$ & $0.0178656$ & $0.0305465$ & $0.0353943$ & $0.0851227$ & $0.37541$ & $-0.0207121$ & $-0.0177881$ \\
CuH_33r & $0.0259774$ & $-0.000922802$ & $0.0204389$ & $-0.0256899$ & $0.00572683$ & $-0.00165823$ & $0.936677$ & $-0.10234$ & $-0.0533924$ & $0.074966$ & $0.0727324$ & $-0.146974$ & $-0.246197$ & $0.0260666$ & $-0.0252397$ & $-0.0381679$ & $0.0589292$ & $0.0724382$ & $0.0820972$ & $-0.0703137$ & $-0.0746796$ & $-0.0765486$ & $-0.0106515$ & $0.0828125$ & $0.0684141$ & $0.0415458$ & $-0.0431355$ & $-0.0322153$ & $-0.00832524$ & $0.0297861$ & $0.0367778$ & $1$ & $0.0234575$ & $-0.0655418$ & $0.0765101$ & $0.0195939$ & $-0.0335823$ & $-0.0107507$ & $0.0406471$ & $0.0199008$ & $0.0292879$ & $0.0226559$ & $0.0447729$ & $-0.0151411$ & $-0.00830388$ & $0.0135016$ & $-0.0209647$ & $-0.0128652$ & $0.0183281$ \\
CdH_33r & $0.0619493$ & $0.0134578$ & $0.0425234$ & $0.0411522$ & $-0.0139469$ & $0.0195983$ & $-0.155592$ & $0.141409$ & $0.164733$ & $-0.15444$ & $-0.0910004$ & $0.359389$ & $0.301111$ & $-0.0557806$ & $0.0348216$ & $0.0500614$ & $-0.112773$ & $-0.121987$ & $-0.131215$ & $0.0888915$ & $0.0917071$ & $0.0924256$ & $0.0016898$ & $-0.141539$ & $-0.135604$ & $-0.0491977$ & $0.0380666$ & $0.0437936$ & $0.0252864$ & $0.649191$ & $0.306378$ & $0.0234575$ & $1$ & $0.0834432$ & $-0.0298091$ & $-0.0112014$ & $-0.257855$ & $-0.0461757$ & $0.0332725$ & $-0.00154418$ & $-0.026521$ & $-0.0146627$ & $0.0560334$ & $0.053065$ & $0.00651989$ & $-0.0558446$ & $-0.0827221$ & $0.211367$ & $0.481945$ \\
CLL_1221 & $-0.00295237$ & $0.0270934$ & $0.0390234$ & $0.0207931$ & $0.00191091$ & $-0.120713$ & $-0.0773015$ & $0.568255$ & $0.558853$ & $-0.35097$ & $-0.375876$ & $0.0489492$ & $0.230758$ & $-0.211525$ & $-0.574163$ & $-0.101827$ & $-0.252998$ & $0.0126249$ & $-0.332022$ & $0.298414$ & $0.46112$ & $0.457604$ & $0.224814$ & $-0.633339$ & $-0.19724$ & $-0.277892$ & $0.682063$ & $0.166856$ & $-0.0127629$ & $0.0735329$ & $0.0254893$ & $-0.0655418$ & $0.0834432$ & $1$ & $0.0201312$ & $0.025255$ & $-0.0119923$ & $-0.00331922$ & $0.0118588$ & $-0.0187628$ & $0.00313247$ & $0.00523283$ & $0.0134912$ & $0.00762888$ & $0.00706977$ & $-0.0218231$ & $0.00256002$ & $0.014282$ & $0.0109577$ \\
eHggint & $-0.00203048$ & $-7.53197e-05$ & $0.0497647$ & $0.0898078$ & $-0.0132697$ & $0.00684743$ & $-0.012948$ & $0.00896877$ & $-0.0144974$ & $0.0105839$ & $0.0141324$ & $0.0876591$ & $0.0468002$ & $-0.0366823$ & $-0.0237393$ & $-0.004118$ & $-0.0535467$ & $-0.0276603$ & $-0.0431564$ & $-0.0133855$ & $-0.0108314$ & $-0.0164926$ & $0.00628796$ & $-0.0251575$ & $-0.0388686$ & $0.00909434$ & $0.0108833$ & $0.000584503$ & $-0.0582156$ & $-0.0306218$ & $-0.0174659$ & $0.0765101$ & $-0.0298091$ & $0.0201312$ & $1$ & $-0.137981$ & $0.0220354$ & $-0.00610281$ & $0.0131694$ & $0.00695456$ & $0.0321734$ & $0.022294$ & $-0.022609$ & $-0.0266598$ & $0.133566$ & $0.0598208$ & $-0.0175375$ & $-0.0436308$ & $0.0329345$ \\
eHggpar & $-0.033773$ & $0.0105259$ & $0.0511598$ & $0.0178243$ & $-0.0162359$ & $-0.0127981$ & $-0.0146038$ & $0.00980277$ & $0.00517674$ & $0.00562657$ & $0.000459844$ & $0.0324155$ & $0.0154582$ & $-0.0201608$ & $-0.0166768$ & $-0.0188225$ & $-0.0119969$ & $-0.00911251$ & $-0.00316972$ & $-0.00261201$ & $0.00271987$ & $0.00905427$ & $-0.0079138$ & $-0.0266948$ & $-0.00906982$ & $0.00907421$ & $0.0151421$ & $0.00407341$ & $0.0127306$ & $-0.0226018$ & $-0.0173999$ & $0.0195939$ & $-0.0112014$ & $0.025255$ & $-0.137981$ & $1$ & $0.0522079$ & $0.0165792$ & $0.0133567$ & $-0.0061827$ & $0.0263489$ & $0.0104098$ & $0.050473$ & $0.00431624$ & $-0.0762041$ & $-0.141466$ & $-0.00150752$ & $-0.10388$ & $0.055482$ \\
eHWWint & $-0.0501057$ & $-0.0241754$ & $-0.0524471$ & $-0.00461037$ & $-0.00383797$ & $0.00144064$ & $0.00668254$ & $0.00810643$ & $-0.00903196$ & $-0.0100942$ & $-0.0188341$ & $-0.0165328$ & $0.00339522$ & $0.0193775$ & $0.0223223$ & $0.00844292$ & $0.0216391$ & $0.00628597$ & $0.0185575$ & $0.0211836$ & $0.016379$ & $0.025278$ & $-0.00520114$ & $0.00664408$ & $0.0186016$ & $0.000534821$ & $-0.00422499$ & $0.0155083$ & $-0.0137214$ & $-0.205273$ & $-0.0587133$ & $-0.0335823$ & $-0.257855$ & $-0.0119923$ & $0.0220354$ & $0.0522079$ & $1$ & $-0.0200145$ & $0.0820374$ & $0.0220915$ & $0.055272$ & $0.00558039$ & $-0.0172901$ & $-0.118858$ & $-0.106364$ & $-0.0182023$ & $0.102817$ & $0.0150605$ & $-0.0972592$ \\
eHWWpar & $0.00120352$ & $0.00712479$ & $-0.0065174$ & $0.0051841$ & $0.00715055$ & $0.00721303$ & $-0.00187424$ & $-0.0123356$ & $-0.0137823$ & $-0.00967474$ & $0.0169874$ & $-0.0251478$ & $-0.0236023$ & $-0.0129467$ & $-0.00810387$ & $-0.00985142$ & $-0.00629748$ & $-0.00230126$ & $0.000438325$ & $-0.0150887$ & $-0.015006$ & $-0.018462$ & $0.0187904$ & $-0.000156565$ & $-0.000273175$ & $-0.01065$ & $-0.00212953$ & $0.00371487$ & $0.00129336$ & $-0.0327891$ & $-0.0195139$ & $-0.0107507$ & $-0.0461757$ & $-0.00331922$ & $-0.00610281$ & $0.0165792$ & $-0.0200145$ & $1$ & $-0.00477311$ & $0.00253036$ & $0.00352296$ & $0.0204193$ & $-0.0189741$ & $0.00813173$ & $0.0156152$ & $-0.00297965$ & $0.00167642$ & $-0.0282922$ & $-0.0140645$ \\
eHZZint & $0.108891$ & $0.00137247$ & $0.00601397$ & $-0.0566187$ & $-0.0280301$ & $-0.0339203$ & $0.0319485$ & $0.0189251$ & $0.0163257$ & $-0.0197014$ & $-0.0120618$ & $0.0101311$ & $0.0247853$ & $-0.0146812$ & $0.00774854$ & $-0.00159152$ & $-0.0114927$ & $-0.0201754$ & $-0.0134284$ & $0.0106626$ & $0.0133749$ & $0.00767707$ & $0.03445$ & $-0.0262994$ & $-0.0327436$ & $-0.0298225$ & $0.00473283$ & $-0.00405904$ & $-0.00649016$ & $-0.0168261$ & $-0.00367218$ & $0.0406471$ & $0.0332725$ & $0.0118588$ & $0.0131694$ & $0.0133567$ & $0.0820374$ & $-0.00477311$ & $1$ & $-0.00217736$ & $0.0149241$ & $0.0295714$ & $-0.0273743$ & $0.0190814$ & $-0.00742271$ & $-0.0887898$ & $0.0308018$ & $0.0767523$ & $0.0954356$ \\
eHZZpar & $-0.0167092$ & $-0.00938715$ & $-0.00445895$ & $-0.0128705$ & $0.0240316$ & $-0.00205911$ & $0.0190199$ & $0.000284306$ & $-7.74154e-05$ & $-0.00204202$ & $0.00628417$ & $-0.00135972$ & $-0.0186169$ & $0.00161671$ & $0.011263$ & $0.0021918$ & $-0.026695$ & $-0.0187764$ & $-0.0113686$ & $-0.00348257$ & $-0.00834199$ & $-0.00643936$ & $-0.0214084$ & $-0.0138858$ & $-0.00458268$ & $0.0261441$ & $-0.00276731$ & $-0.00300758$ & $-0.000895204$ & $-0.0165876$ & $-0.034312$ & $0.0199008$ & $-0.00154418$ & $-0.0187628$ & $0.00695456$ & $-0.0061827$ & $0.0220915$ & $0.00253036$ & $-0.00217736$ & $1$ & $-0.00887922$ & $0.0125747$ & $0.0221485$ & $-0.0220737$ & $0.0155798$ & $-0.0398453$ & $-0.021796$ & $0.00622459$ & $0.0191078$ \\
eHZgaint & $0.00152614$ & $0.0329008$ & $-0.086232$ & $0.036564$ & $-0.0168037$ & $0.00095794$ & $0.0229524$ & $0.0127553$ & $0.0117571$ & $-0.0336723$ & $-0.00170937$ & $-0.00157997$ & $0.0185756$ & $-0.013262$ & $0.00548944$ & $-0.0209364$ & $-0.0272961$ & $-0.0277737$ & $-0.00691874$ & $0.0015233$ & $0.00479295$ & $0.0057282$ & $0.0123208$ & $-0.03012$ & $-0.0239478$ & $-0.0181025$ & $0.00217376$ & $-0.0128463$ & $0.0265397$ & $-0.0295056$ & $-0.0122213$ & $0.0292879$ & $-0.026521$ & $0.00313247$ & $0.0321734$ & $0.0263489$ & $0.055272$ & $0.00352296$ & $0.0149241$ & $-0.00887922$ & $1$ & $0.00912612$ & $-0.0224946$ & $0.0173819$ & $-0.0683697$ & $0.057332$ & $-0.00998496$ & $-0.0780457$ & $-0.0174404$ \\
eHZgapar & $-0.0104982$ & $0.00663813$ & $0.0245622$ & $-0.0234514$ & $0.00135858$ & $0.0118312$ & $0.0182038$ & $-0.0266999$ & $-0.0267617$ & $0.0217498$ & $0.0312025$ & $0.00069212$ & $-0.00984338$ & $-0.0114262$ & $-0.0336821$ & $-0.0206037$ & $-0.00739502$ & $0.0157402$ & $0.00665804$ & $-0.0322628$ & $-0.0280317$ & $-0.0279921$ & $0.0181192$ & $0.00866696$ & $0.0196334$ & $0.013007$ & $0.0210485$ & $-0.0301455$ & $0.00346949$ & $-0.0150788$ & $-0.0230103$ & $0.0226559$ & $-0.0146627$ & $0.00523283$ & $0.022294$ & $0.0104098$ & $0.00558039$ & $0.0204193$ & $0.0295714$ & $0.0125747$ & $0.00912612$ & $1$ & $0.0318204$ & $-0.000645424$ & $-0.028662$ & $-0.000366357$ & $-0.00728816$ & $-0.0192271$ & $0.00655666$ \\
eHgagaint & $-0.0232315$ & $0.0346134$ & $0.122874$ & $-0.0322351$ & $-0.00679908$ & $0.000809035$ & $0.0375678$ & $-0.00970725$ & $0.0605652$ & $0.00200572$ & $0.022243$ & $0.00556178$ & $0.0114293$ & $-0.023234$ & $-0.0273032$ & $-0.0135532$ & $-0.0256373$ & $-0.00540489$ & $-0.0183386$ & $-0.0224066$ & $-0.0194461$ & $-0.0223656$ & $-0.00596408$ & $-0.00516425$ & $-0.0208578$ & $0.0208864$ & $-0.003318$ & $0.00686412$ & $-0.00931464$ & $0.0138595$ & $0.0178656$ & $0.0447729$ & $0.0560334$ & $0.0134912$ & $-0.022609$ & $0.050473$ & $-0.0172901$ & $-0.0189741$ & $-0.0273743$ & $0.0221485$ & $-0.0224946$ & $0.0318204$ & $1$ & $0.0186798$ & $-0.0502624$ & $0.0539793$ & $-0.00995591$ & $0.049786$ & $0.0474081$ \\
eHmumuint & $-0.0219358$ & $-0.00808619$ & $-0.041204$ & $0.0291482$ & $0.0162451$ & $0.0221839$ & $-0.0217647$ & $-0.010188$ & $-0.00852076$ & $0.0352534$ & $0.0115223$ & $0.00253331$ & $-0.0170938$ & $0.00362607$ & $-0.0245121$ & $0.00038741$ & $-0.00554122$ & $0.0139489$ & $-0.000503363$ & $-0.0136366$ & $-0.0107492$ & $-0.00772249$ & $-0.000281019$ & $0.00583861$ & $0.0070249$ & $0.00478598$ & $0.00326909$ & $-0.0052001$ & $0.000810962$ & $0.0374738$ & $0.0305465$ & $-0.0151411$ & $0.053065$ & $0.00762888$ & $-0.0266598$ & $0.00431624$ & $-0.118858$ & $0.00813173$ & $0.0190814$ & $-0.0220737$ & $0.0173819$ & $-0.000645424$ & $0.0186798$ & $1$ & $-0.0293732$ & $-0.0292573$ & $0.0239479$ & $0.0737814$ & $0.0198806$ \\
eHtautauint & $-0.0630969$ & $-0.0156336$ & $0.0105589$ & $0.0231454$ & $-0.00984571$ & $-0.0153153$ & $-0.0180312$ & $0.00657871$ & $0.00107061$ & $-0.0104279$ & $-0.000800475$ & $0.0226304$ & $0.038094$ & $-0.00552968$ & $-0.00790405$ & $0.0135036$ & $-0.0163553$ & $-0.00397766$ & $-0.0187118$ & $0.00315205$ & $0.00215053$ & $-0.00072615$ & $0.0212532$ & $-0.00234329$ & $0.00405383$ & $-0.0150068$ & $0.0127473$ & $-0.0156065$ & $-4.36388e-05$ & $0.084352$ & $0.0353943$ & $-0.00830388$ & $0.00651989$ & $0.00706977$ & $0.133566$ & $-0.0762041$ & $-0.106364$ & $0.0156152$ & $-0.00742271$ & $0.0155798$ & $-0.0683697$ & $-0.028662$ & $-0.0502624$ & $-0.0293732$ & $1$ & $0.0156808$ & $0.0621027$ & $0.0342105$ & $-0.017319$ \\
eHccint & $-0.0441706$ & $-0.0202806$ & $0.0592454$ & $0.0532333$ & $-0.00918122$ & $0.0146474$ & $0.0168583$ & $-0.0414316$ & $-0.0336554$ & $0.0263232$ & $0.0480079$ & $-0.0125438$ & $-0.0224402$ & $-0.0184826$ & $-0.0174239$ & $-0.0104852$ & $-0.00819488$ & $0.00367366$ & $5.99376e-05$ & $-0.047741$ & $-0.0467485$ & $-0.0492483$ & $0.00174547$ & $0.0273982$ & $0.00159117$ & $0.0207728$ & $-0.022068$ & $-0.0315964$ & $-0.0454757$ & $-0.0183179$ & $0.0851227$ & $0.0135016$ & $-0.0558446$ & $-0.0218231$ & $0.0598208$ & $-0.141466$ & $-0.0182023$ & $-0.00297965$ & $-0.0887898$ & $-0.0398453$ & $0.057332$ & $-0.000366357$ & $0.0539793$ & $-0.0292573$ & $0.0156808$ & $1$ & $0.0488243$ & $-0.0828425$ & $-0.0645244$ \\
eHccpar & $-0.0122398$ & $-0.0436402$ & $0.0376147$ & $-0.0153926$ & $-0.000942439$ & $-0.00145975$ & $-0.00497544$ & $0.0253218$ & $0.0211264$ & $-0.00242134$ & $-0.0194488$ & $0.00684179$ & $0.0120519$ & $0.0101285$ & $0.0141574$ & $0.0116775$ & $-0.0159077$ & $-0.018874$ & $-0.0103545$ & $0.017343$ & $0.0188009$ & $0.0212323$ & $0.0108691$ & $-0.0181195$ & $-0.0150325$ & $-0.0187123$ & $0.00582687$ & $-0.0314869$ & $0.0093326$ & $-0.0335004$ & $0.37541$ & $-0.0209647$ & $-0.0827221$ & $0.00256002$ & $-0.0175375$ & $-0.00150752$ & $0.102817$ & $0.00167642$ & $0.0308018$ & $-0.021796$ & $-0.00998496$ & $-0.00728816$ & $-0.00995591$ & $0.0239479$ & $0.0621027$ & $0.0488243$ & $1$ & $-0.0557905$ & $-0.0802536$ \\
eHbbint & $0.0163243$ & $-0.0201283$ & $0.00774335$ & $0.0383862$ & $0.0116071$ & $0.027961$ & $-0.0095679$ & $0.0164194$ & $0.0184816$ & $-0.0164366$ & $-0.00677498$ & $0.0194153$ & $0.0168294$ & $-0.00228896$ & $-0.00932929$ & $0.0333104$ & $-0.0319586$ & $-0.00888736$ & $-0.0399524$ & $0.00803674$ & $0.00512049$ & $0.00459814$ & $0.0079687$ & $-0.0114224$ & $-0.0233895$ & $-0.00502827$ & $0.00226114$ & $0.0223939$ & $0.0354797$ & $0.0104406$ & $-0.0207121$ & $-0.0128652$ & $0.211367$ & $0.014282$ & $-0.0436308$ & $-0.10388$ & $0.0150605$ & $-0.0282922$ & $0.0767523$ & $0.00622459$ & $-0.0780457$ & $-0.0192271$ & $0.049786$ & $0.0737814$ & $0.0342105$ & $-0.0828425$ & $-0.0557905$ & $1$ & $0.0727817$ \\
eHbbpar & $0.106709$ & $0.0306614$ & $0.042708$ & $0.0457749$ & $-0.0043009$ & $-0.00819375$ & $-0.00127351$ & $0.00914745$ & $0.0106047$ & $0.0121487$ & $-0.0266471$ & $-0.0240755$ & $-0.0419744$ & $0.0273857$ & $0.0015956$ & $0.0113247$ & $0.0345389$ & $0.0269768$ & $0.0192445$ & $0.025921$ & $0.0251256$ & $0.0269894$ & $-0.0359456$ & $-0.000451149$ & $0.00162767$ & $0.00474306$ & $-0.0118622$ & $0.0087275$ & $-0.0114171$ & $0.0214708$ & $-0.0177881$ & $0.0183281$ & $0.481945$ & $0.0109577$ & $0.0329345$ & $0.055482$ & $-0.0972592$ & $-0.0140645$ & $0.0954356$ & $0.0191078$ & $-0.0174404$ & $0.00655666$ & $0.0474081$ & $0.0198806$ & $-0.017319$ & $-0.0645244$ & $-0.0802536$ & $0.0727817$ & $1$ \\
