 & AlsMz & dAle5Mz & mtop & mHl & Mz & CW & CHG & CHWB & CHWHB_gaga & CHWHB_gagaorth & CHD & CHbox & CH & CHL1_11 & CHL1_22 & CHL1_33 & CHL3_11 & CHL3_22 & CHL3_33 & CHe_11 & CHe_22 & CHe_33 & CHQ1_11 & CHQ1_33 & CHQ3_11 & CHu_11 & CHd_11 & CHd_33 & CeH_22r & CeH_33r & CuH_22r & CuH_33r & CdH_33r & CLL_1221 & eHggint & eHggpar & eHWWint & eHWWpar & eHZZint & eHZZpar & eHZgaint & eHZgapar & eHgagaint & eHmumuint & eHtautauint & eHccint & eHccpar & eHbbint & eHbbpar \\
AlsMz & $1$ & $-0.0378516$ & $-0.0149098$ & $0.0467$ & $0.00242131$ & $0.010302$ & $-0.0358569$ & $0.0040962$ & $0.00268484$ & $0.00826178$ & $-0.0161259$ & $0.0411742$ & $0.0402239$ & $0.00655338$ & $-0.00860929$ & $-0.0143718$ & $0.00343725$ & $0.0111708$ & $0.0159502$ & $0.00831269$ & $0.00738028$ & $0.00597501$ & $0.0171899$ & $-0.0737144$ & $-0.114985$ & $-0.0538933$ & $-0.0288094$ & $-0.0171366$ & $-0.00439607$ & $0.0103121$ & $-0.0113881$ & $-0.0354708$ & $0.0431394$ & $0.00277724$ & $0.0207863$ & $0.0154911$ & $-0.0201625$ & $-0.0186454$ & $-0.00296106$ & $-0.0189736$ & $-0.0527998$ & $-0.0270611$ & $0.00942331$ & $-0.00849205$ & $0.00226775$ & $-0.0262523$ & $-0.0123084$ & $-0.0158597$ & $0.0788223$ \\
dAle5Mz & $-0.0378516$ & $1$ & $0.105864$ & $-0.106224$ & $0.033929$ & $0.0117424$ & $0.0137381$ & $-0.0762601$ & $-0.072635$ & $0.0219292$ & $0.0602011$ & $-0.00236917$ & $-0.0323642$ & $-0.0183154$ & $-0.0152058$ & $0.00994309$ & $0.0190992$ & $0.0190352$ & $-0.00170792$ & $-0.0341786$ & $-0.0360824$ & $-0.0354258$ & $-0.00422906$ & $0.0422929$ & $0.0100364$ & $0.0241647$ & $-0.0180433$ & $-0.0157444$ & $0.0171394$ & $0.01025$ & $0.017357$ & $0.0139077$ & $0.0156115$ & $0.01799$ & $-0.0588002$ & $0.0297364$ & $-0.0706788$ & $0.00785796$ & $0.0138189$ & $-0.0132466$ & $-0.0157406$ & $-0.0106067$ & $-0.0128754$ & $-0.0351564$ & $-0.0326662$ & $0.106861$ & $0.0607416$ & $-0.0446723$ & $-0.00114501$ \\
mtop & $-0.0149098$ & $0.105864$ & $1$ & $-0.0540143$ & $0.0101121$ & $-0.0233379$ & $-0.015496$ & $-0.002907$ & $-0.00608145$ & $-0.00786028$ & $0.0137876$ & $0.00558586$ & $0.01474$ & $-0.0147352$ & $0.0234845$ & $-0.0049207$ & $-0.00163593$ & $-0.0243669$ & $0.00045629$ & $-0.00267748$ & $-0.00355661$ & $-0.00113265$ & $0.00370949$ & $0.0140672$ & $-0.0209497$ & $-0.00823368$ & $-0.0172646$ & $0.012804$ & $0.0331269$ & $0.0299946$ & $0.0259007$ & $-0.0179689$ & $0.00634773$ & $-0.0105446$ & $-0.102215$ & $0.00563799$ & $-0.000768438$ & $-0.00616897$ & $0.0332511$ & $-0.0202372$ & $-0.140591$ & $0.00361508$ & $-0.0588856$ & $-0.0692245$ & $0.0510335$ & $-0.0148854$ & $0.0207546$ & $0.0470528$ & $-0.0486053$ \\
mHl & $0.0467$ & $-0.106224$ & $-0.0540143$ & $1$ & $0.00645445$ & $-0.0161857$ & $-0.0213478$ & $-0.0146712$ & $-0.00692535$ & $0.037171$ & $-0.00470248$ & $-0.030923$ & $-0.0317789$ & $0.0327408$ & $0.00519098$ & $-0.0104793$ & $0.0398005$ & $0.0326685$ & $0.0449911$ & $0.00162229$ & $-0.000127674$ & $0.000843263$ & $-0.0044688$ & $0.0348356$ & $0.0314007$ & $-0.00445765$ & $-0.00976772$ & $0.0435102$ & $-0.0396556$ & $-0.0400143$ & $-0.0287787$ & $-0.0238812$ & $-0.0138232$ & $-0.0227529$ & $-0.0380213$ & $-0.0379731$ & $0.00383157$ & $0.0148236$ & $0.0715227$ & $0.00128875$ & $0.000507113$ & $0.0318134$ & $0.134876$ & $-0.104984$ & $0.00518256$ & $-0.0622417$ & $-0.0421013$ & $0.0197502$ & $0.00740275$ \\
Mz & $0.00242131$ & $0.033929$ & $0.0101121$ & $0.00645445$ & $1$ & $0.0105218$ & $-0.0011849$ & $0.0120115$ & $0.0123209$ & $-0.0194297$ & $-0.00237057$ & $0.000842297$ & $0.0183047$ & $0.00324694$ & $0.0139713$ & $0.00437267$ & $-0.00710909$ & $-0.0153363$ & $-0.00729022$ & $0.011403$ & $0.0124173$ & $0.0140088$ & $0.0211882$ & $-0.0107145$ & $-0.00954653$ & $-0.0258065$ & $0.00107945$ & $0.0203839$ & $0.0112104$ & $-0.00333439$ & $-0.00538899$ & $-0.000913676$ & $0.00615036$ & $-0.00387076$ & $-0.0281366$ & $0.0276574$ & $0.0292521$ & $0.0166805$ & $0.0287296$ & $0.0115608$ & $-0.00573791$ & $0.00246739$ & $0.0118709$ & $-0.0186894$ & $-0.0140359$ & $0.0397934$ & $0.0158344$ & $-0.00229223$ & $0.00960709$ \\
CW & $0.010302$ & $0.0117424$ & $-0.0233379$ & $-0.0161857$ & $0.0105218$ & $1$ & $0.0123155$ & $-0.138308$ & $-0.131135$ & $0.0216168$ & $0.195642$ & $0.0340812$ & $-0.0022995$ & $0.0311021$ & $-0.0957959$ & $-0.090261$ & $-0.263099$ & $-0.0326943$ & $-0.0401377$ & $-0.193209$ & $-0.198404$ & $-0.198596$ & $-0.00872032$ & $0.0101903$ & $-0.0797296$ & $0.112541$ & $-0.0787486$ & $-0.0727567$ & $0.0155473$ & $-0.00544439$ & $0.00766406$ & $0.0137133$ & $-0.00123672$ & $-0.119869$ & $0.00575614$ & $0.0031627$ & $0.0167777$ & $0.00527993$ & $0.00741413$ & $0.00505457$ & $0.00904337$ & $-0.00644562$ & $-0.00117224$ & $-0.00949395$ & $-0.00956359$ & $-0.00547179$ & $0.0320975$ & $0.00693561$ & $-0.00569632$ \\
CHG & $-0.0358569$ & $0.0137381$ & $-0.015496$ & $-0.0213478$ & $-0.0011849$ & $0.0123155$ & $1$ & $-0.120201$ & $-0.0638674$ & $0.0671584$ & $0.0836468$ & $-0.216115$ & $-0.295673$ & $0.0398405$ & $-0.0232309$ & $-0.0145373$ & $0.0688491$ & $0.0896219$ & $0.0775651$ & $-0.0803246$ & $-0.0890676$ & $-0.0895567$ & $-0.0182533$ & $0.102584$ & $0.085679$ & $0.0505125$ & $-0.0648392$ & $-0.015109$ & $-0.00658864$ & $-0.117108$ & $-0.0691317$ & $0.936957$ & $-0.146387$ & $-0.0762808$ & $-0.0577513$ & $0.00517493$ & $0.00694783$ & $-0.00338858$ & $0.00527093$ & $-0.0026767$ & $-0.00593319$ & $0.00215199$ & $-0.000749182$ & $-0.0303249$ & $-0.0102857$ & $0.0130057$ & $0.00317407$ & $-0.00325058$ & $-0.0157185$ \\
CHWB & $0.0040962$ & $-0.0762601$ & $-0.002907$ & $-0.0146712$ & $0.0120115$ & $-0.138308$ & $-0.120201$ & $1$ & $0.981975$ & $-0.578233$ & $-0.883071$ & $0.05355$ & $0.347807$ & $0.0932818$ & $0.283689$ & $0.302976$ & $-0.243121$ & $-0.43735$ & $-0.450796$ & $0.853847$ & $0.900893$ & $0.881717$ & $0.0650159$ & $-0.679641$ & $-0.414429$ & $-0.524983$ & $0.409686$ & $0.313501$ & $0.0144813$ & $0.0995441$ & $0.0379595$ & $-0.113865$ & $0.0992985$ & $0.567036$ & $0.0288499$ & $-0.0311209$ & $-0.016256$ & $0.0138634$ & $-0.0225834$ & $0.00707094$ & $-0.0209145$ & $-0.00516271$ & $0.000247542$ & $0.0407605$ & $-0.0111832$ & $-0.0143349$ & $-0.0165435$ & $0.0264098$ & $0.00245663$ \\
CHWHB_gaga & $0.00268484$ & $-0.072635$ & $-0.00608145$ & $-0.00692535$ & $0.0123209$ & $-0.131135$ & $-0.0638674$ & $0.981975$ & $1$ & $-0.567082$ & $-0.863333$ & $0.0662415$ & $0.343391$ & $0.0858057$ & $0.275923$ & $0.299032$ & $-0.248348$ & $-0.434426$ & $-0.451842$ & $0.834833$ & $0.880795$ & $0.861348$ & $0.060884$ & $-0.671938$ & $-0.414388$ & $-0.511734$ & $0.400196$ & $0.308713$ & $0.0254559$ & $0.120855$ & $0.0454436$ & $-0.0667941$ & $0.118339$ & $0.558382$ & $0.00403208$ & $-0.0360919$ & $-0.0311176$ & $0.0112844$ & $-0.0277387$ & $0.00888908$ & $-0.0176789$ & $-0.00207454$ & $0.0719182$ & $0.0389386$ & $-0.0146051$ & $-0.0199866$ & $-0.0185927$ & $0.0189844$ & $0.000614933$ \\
CHWHB_gagaorth & $0.00826178$ & $0.0219292$ & $-0.00786028$ & $0.037171$ & $-0.0194297$ & $0.0216168$ & $0.0671584$ & $-0.578233$ & $-0.567082$ & $1$ & $0.37446$ & $0.269617$ & $-0.241656$ & $0.217677$ & $-0.108998$ & $-0.145817$ & $0.418123$ & $0.470051$ & $0.495607$ & $-0.359674$ & $-0.391879$ & $-0.387203$ & $-0.0541675$ & $0.557784$ & $0.4632$ & $0.230706$ & $-0.24072$ & $-0.127194$ & $-0.00974335$ & $-0.121111$ & $-0.0682426$ & $0.0842131$ & $-0.125506$ & $-0.367212$ & $0.0118276$ & $0.0448357$ & $0.00144129$ & $0.00596145$ & $0.0274662$ & $0.0103729$ & $-0.0489506$ & $0.000296494$ & $-0.00536622$ & $-0.0399994$ & $0.011891$ & $-0.00996685$ & $0.00912929$ & $-0.0240497$ & $-0.0103096$ \\
CHD & $-0.0161259$ & $0.0602011$ & $0.0137876$ & $-0.00470248$ & $-0.00237057$ & $0.195642$ & $0.0836468$ & $-0.883071$ & $-0.863333$ & $0.37446$ & $1$ & $0.0913048$ & $-0.175369$ & $-0.50166$ & $-0.41334$ & $-0.424623$ & $-0.205111$ & $0.0843418$ & $0.0951367$ & $-0.990333$ & $-0.991024$ & $-0.969812$ & $-0.0175016$ & $0.326047$ & $0.0489852$ & $0.586496$ & $-0.275343$ & $-0.34153$ & $-0.000685605$ & $-0.0491321$ & $-0.0142963$ & $0.0905447$ & $-0.0489576$ & $-0.371735$ & $-0.00630195$ & $0.0407091$ & $0.0228052$ & $-0.0275723$ & $0.0156266$ & $-0.0052665$ & $0.0227436$ & $-0.0011242$ & $0.000228272$ & $-0.0249257$ & $0.0185709$ & $0.00664244$ & $0.012336$ & $-0.027837$ & $0.00651541$ \\
CHbox & $0.0411742$ & $-0.00236917$ & $0.00558586$ & $-0.030923$ & $0.000842297$ & $0.0340812$ & $-0.216115$ & $0.05355$ & $0.0662415$ & $0.269617$ & $0.0913048$ & $1$ & $0.738642$ & $-0.281929$ & $0.00722995$ & $0.00588827$ & $-0.305553$ & $-0.27725$ & $-0.271439$ & $-0.0811484$ & $-0.0888144$ & $-0.085325$ & $-0.00121083$ & $-0.191506$ & $-0.278388$ & $0.0559205$ & $-0.0121101$ & $-0.0272376$ & $0.0745293$ & $0.332456$ & $0.0981895$ & $-0.121995$ & $0.366411$ & $0.0257261$ & $0.114909$ & $0.068175$ & $-0.0200439$ & $-0.0027618$ & $-0.00467197$ & $0.0062276$ & $-0.0348722$ & $-0.00565433$ & $-0.00482759$ & $0.0133989$ & $-0.0122762$ & $-0.0172824$ & $-0.00324064$ & $-0.0173378$ & $0.00864895$ \\
CH & $0.0402239$ & $-0.0323642$ & $0.01474$ & $-0.0317789$ & $0.0183047$ & $-0.0022995$ & $-0.295673$ & $0.347807$ & $0.343391$ & $-0.241656$ & $-0.175369$ & $0.738642$ & $1$ & $-0.235109$ & $0.0539707$ & $0.0737682$ & $-0.353764$ & $-0.36841$ & $-0.37875$ & $0.168896$ & $0.187227$ & $0.186148$ & $0.0243682$ & $-0.396386$ & $-0.369115$ & $-0.106864$ & $0.137801$ & $0.0688014$ & $0.0755033$ & $0.272058$ & $0.10445$ & $-0.241837$ & $0.305438$ & $0.225796$ & $0.0717431$ & $0.0214213$ & $-0.00980779$ & $0.00479769$ & $-0.0123889$ & $0.00329224$ & $-0.0169989$ & $-0.000350943$ & $0.0183302$ & $0.0301905$ & $-0.0144057$ & $-0.0263292$ & $-0.0207963$ & $-0.00415665$ & $0.00621801$ \\
CHL1_11 & $0.00655338$ & $-0.0183154$ & $-0.0147352$ & $0.0327408$ & $0.00324694$ & $0.0311021$ & $0.0398405$ & $0.0932818$ & $0.0858057$ & $0.217677$ & $-0.50166$ & $-0.281929$ & $-0.235109$ & $1$ & $0.279913$ & $0.27316$ & $0.655748$ & $0.583689$ & $0.581043$ & $0.521817$ & $0.459567$ & $0.44636$ & $-0.0620019$ & $0.461973$ & $0.578023$ & $-0.288787$ & $-0.116611$ & $0.154254$ & $-0.0281363$ & $-0.0769317$ & $-0.0315549$ & $0.0141531$ & $-0.0768774$ & $-0.220403$ & $-0.024788$ & $-0.0312683$ & $-0.0156207$ & $0.0299051$ & $0.00366256$ & $0.00623833$ & $-0.0123958$ & $0.00714466$ & $0.0174363$ & $-0.0190065$ & $-0.0205864$ & $0.00515444$ & $0.000915449$ & $0.0215091$ & $-0.0313445$ \\
CHL1_22 & $-0.00860929$ & $-0.0152058$ & $0.0234845$ & $0.00519098$ & $0.0139713$ & $-0.0957959$ & $-0.0232309$ & $0.283689$ & $0.275923$ & $-0.108998$ & $-0.41334$ & $0.00722995$ & $0.0539707$ & $0.279913$ & $1$ & $0.453617$ & $0.181323$ & $-0.453142$ & $-0.026857$ & $0.479656$ & $0.328726$ & $0.324309$ & $-0.153259$ & $0.118181$ & $-0.134643$ & $-0.218223$ & $-0.418078$ & $0.106648$ & $0.00633833$ & $0.0375449$ & $0.0179208$ & $-0.0236652$ & $0.0341939$ & $-0.599055$ & $-0.0195829$ & $-0.0166919$ & $-0.0452904$ & $0.0252166$ & $-0.0158838$ & $0.00188015$ & $-0.0091642$ & $0.00225092$ & $-0.0333989$ & $-0.0178767$ & $-0.0178012$ & $0.0112877$ & $-0.00689381$ & $0.00706712$ & $0.00554403$ \\
CHL1_33 & $-0.0143718$ & $0.00994309$ & $-0.0049207$ & $-0.0104793$ & $0.00437267$ & $-0.090261$ & $-0.0145373$ & $0.302976$ & $0.299032$ & $-0.145817$ & $-0.424623$ & $0.00588827$ & $0.0737682$ & $0.27316$ & $0.453617$ & $1$ & $0.162666$ & $-0.0398569$ & $-0.44204$ & $0.489508$ & $0.34414$ & $0.361779$ & $-0.162132$ & $0.0999377$ & $-0.14182$ & $-0.210844$ & $-0.389187$ & $0.128029$ & $0.00533972$ & $0.0419123$ & $0.00878664$ & $-0.0148172$ & $0.0418921$ & $-0.0978352$ & $-0.0310901$ & $-0.0161182$ & $-0.0312718$ & $0.00322241$ & $-0.0146882$ & $-0.00967042$ & $-0.010731$ & $-0.011538$ & $-0.00227722$ & $0.0112526$ & $-0.0103765$ & $-0.00929939$ & $-0.0124243$ & $0.000440697$ & $0.00912887$ \\
CHL3_11 & $0.00343725$ & $0.0190992$ & $-0.00163593$ & $0.0398005$ & $-0.00710909$ & $-0.263099$ & $0.0688491$ & $-0.243121$ & $-0.248348$ & $0.418123$ & $-0.205111$ & $-0.305553$ & $-0.353764$ & $0.655748$ & $0.181323$ & $0.162666$ & $1$ & $0.721496$ & $0.730304$ & $0.229022$ & $0.170741$ & $0.168243$ & $-0.0687977$ & $0.672986$ & $0.76544$ & $-0.108294$ & $-0.169691$ & $0.0548991$ & $-0.025614$ & $-0.100588$ & $-0.0548502$ & $0.0424011$ & $-0.105146$ & $-0.262708$ & $-0.0514024$ & $-0.0197833$ & $-0.00606226$ & $0.0240645$ & $0.0200545$ & $-0.00542417$ & $-0.00709816$ & $0.012801$ & $-0.0113449$ & $-0.0267996$ & $-0.0049014$ & $0.0181627$ & $0.00577622$ & $-0.00193782$ & $-0.0169997$ \\
CHL3_22 & $0.0111708$ & $0.0190352$ & $-0.0243669$ & $0.0326685$ & $-0.0153363$ & $-0.0326943$ & $0.0896219$ & $-0.43735$ & $-0.434426$ & $0.470051$ & $0.0843418$ & $-0.27725$ & $-0.36841$ & $0.583689$ & $-0.453142$ & $-0.0398569$ & $0.721496$ & $1$ & $0.668015$ & $-0.0870132$ & $-0.0789766$ & $-0.0769842$ & $0.00676605$ & $0.610323$ & $0.785708$ & $0.0478559$ & $0.00562567$ & $-0.0267896$ & $-0.0304606$ & $-0.120672$ & $-0.0584264$ & $0.0650955$ & $-0.119695$ & $0.0380237$ & $-0.0312913$ & $-0.00797627$ & $0.0208889$ & $0.00692654$ & $0.0251709$ & $-0.00472014$ & $0.00260631$ & $0.00864667$ & $0.0231256$ & $-0.0169999$ & $-0.00118557$ & $0.00184912$ & $0.00967811$ & $-0.00121181$ & $-0.0223002$ \\
CHL3_33 & $0.0159502$ & $-0.00170792$ & $0.00045629$ & $0.0449911$ & $-0.00729022$ & $-0.0401377$ & $0.0775651$ & $-0.450796$ & $-0.451842$ & $0.495607$ & $0.0951367$ & $-0.271439$ & $-0.37875$ & $0.581043$ & $-0.026857$ & $-0.44204$ & $0.730304$ & $0.668015$ & $1$ & $-0.0965989$ & $-0.0917656$ & $-0.0852529$ & $0.0113663$ & $0.620388$ & $0.790288$ & $0.046258$ & $-0.0103978$ & $-0.0428147$ & $-0.0305988$ & $-0.12291$ & $-0.0484802$ & $0.0537191$ & $-0.124865$ & $-0.354398$ & $-0.015322$ & $-0.0120997$ & $0.00400813$ & $0.022257$ & $0.0221351$ & $0.00887806$ & $-0.000814545$ & $0.0177731$ & $-0.00440014$ & $-0.0347089$ & $-0.00690589$ & $0.0189431$ & $0.0145374$ & $0.00101679$ & $-0.0254842$ \\
CHe_11 & $0.00831269$ & $-0.0341786$ & $-0.00267748$ & $0.00162229$ & $0.011403$ & $-0.193209$ & $-0.0803246$ & $0.853847$ & $0.834833$ & $-0.359674$ & $-0.990333$ & $-0.0811484$ & $0.168896$ & $0.521817$ & $0.479656$ & $0.489508$ & $0.229022$ & $-0.0870132$ & $-0.0965989$ & $1$ & $0.972545$ & $0.952964$ & $-0.00656746$ & $-0.270288$ & $-0.0421718$ & $-0.577018$ & $0.200021$ & $0.335054$ & $0.0015862$ & $0.0509014$ & $0.0140376$ & $-0.0868806$ & $0.0496221$ & $0.292762$ & $0.00332669$ & $-0.0409346$ & $-0.0284845$ & $0.030192$ & $-0.0144341$ & $0.00489109$ & $-0.0217493$ & $0.00150031$ & $-0.00403165$ & $0.0208898$ & $-0.0233544$ & $-0.00581465$ & $-0.0106712$ & $0.0254692$ & $-0.006635$ \\
CHe_22 & $0.00738028$ & $-0.0360824$ & $-0.00355661$ & $-0.000127674$ & $0.0124173$ & $-0.198404$ & $-0.0890676$ & $0.900893$ & $0.880795$ & $-0.391879$ & $-0.991024$ & $-0.0888144$ & $0.187227$ & $0.459567$ & $0.328726$ & $0.34414$ & $0.170741$ & $-0.0789766$ & $-0.0917656$ & $0.972545$ & $1$ & $0.974838$ & $0.0417572$ & $-0.382188$ & $-0.0548625$ & $-0.585493$ & $0.357089$ & $0.343726$ & $0.00203483$ & $0.0512358$ & $0.0146608$ & $-0.0955931$ & $0.0496504$ & $0.459071$ & $0.0098914$ & $-0.0412932$ & $-0.0211069$ & $0.0264117$ & $-0.0136707$ & $0.00555908$ & $-0.0246568$ & $0.000389434$ & $-2.53738e-05$ & $0.0273853$ & $-0.0182646$ & $-0.00422552$ & $-0.0116849$ & $0.0280483$ & $-0.00928734$ \\
CHe_33 & $0.00597501$ & $-0.0354258$ & $-0.00113265$ & $0.000843263$ & $0.0140088$ & $-0.198596$ & $-0.0895567$ & $0.881717$ & $0.861348$ & $-0.387203$ & $-0.969812$ & $-0.085325$ & $0.186148$ & $0.44636$ & $0.324309$ & $0.361779$ & $0.168243$ & $-0.0769842$ & $-0.0852529$ & $0.952964$ & $0.974838$ & $1$ & $0.0384218$ & $-0.371366$ & $-0.0503738$ & $-0.570864$ & $0.351253$ & $0.335541$ & $0.00284361$ & $0.0518136$ & $0.0172379$ & $-0.0952684$ & $0.0493221$ & $0.450251$ & $0.0112336$ & $-0.0428466$ & $-0.0218478$ & $0.0207717$ & $-0.0176728$ & $0.00222664$ & $-0.0209685$ & $-0.00101582$ & $7.95437e-05$ & $0.025894$ & $-0.0202525$ & $-0.00566711$ & $-0.00776916$ & $0.0240966$ & $-0.0101589$ \\
CHQ1_11 & $0.0171899$ & $-0.00422906$ & $0.00370949$ & $-0.0044688$ & $0.0211882$ & $-0.00872032$ & $-0.0182533$ & $0.0650159$ & $0.060884$ & $-0.0541675$ & $-0.0175016$ & $-0.00121083$ & $0.0243682$ & $-0.0620019$ & $-0.153259$ & $-0.162132$ & $-0.0687977$ & $0.00676605$ & $0.0113663$ & $-0.00656746$ & $0.0417572$ & $0.0384218$ & $1$ & $-0.130937$ & $0.0867256$ & $-0.664196$ & $0.337889$ & $0.000720048$ & $-0.00221982$ & $0.00794529$ & $0.00362299$ & $-0.00821471$ & $0.0268694$ & $0.178335$ & $0.0181436$ & $-0.0165353$ & $0.00980027$ & $0.00180029$ & $-0.0141721$ & $0.00372917$ & $0.0135122$ & $0.00738601$ & $0.0150591$ & $0.0343696$ & $-0.00411329$ & $-0.00461211$ & $-0.0278505$ & $0.00476511$ & $0.033949$ \\
CHQ1_33 & $-0.0737144$ & $0.0422929$ & $0.0140672$ & $0.0348356$ & $-0.0107145$ & $0.0101903$ & $0.102584$ & $-0.679641$ & $-0.671938$ & $0.557784$ & $0.326047$ & $-0.191506$ & $-0.396386$ & $0.461973$ & $0.118181$ & $0.0999377$ & $0.672986$ & $0.610323$ & $0.620388$ & $-0.270288$ & $-0.382188$ & $-0.371366$ & $-0.130937$ & $1$ & $0.635207$ & $0.218662$ & $-0.426922$ & $-0.0289184$ & $-0.0306927$ & $-0.101664$ & $-0.0505992$ & $0.0879833$ & $-0.107136$ & $-0.635922$ & $-0.0380869$ & $0.00133632$ & $0.00407352$ & $0.012692$ & $0.020654$ & $-0.0104637$ & $0.0145173$ & $0.0117059$ & $-0.00297235$ & $-0.0434493$ & $0.00211799$ & $0.0157442$ & $0.00531427$ & $-0.00720331$ & $-0.0154826$ \\
CHQ3_11 & $-0.114985$ & $0.0100364$ & $-0.0209497$ & $0.0314007$ & $-0.00954653$ & $-0.0797296$ & $0.085679$ & $-0.414429$ & $-0.414388$ & $0.4632$ & $0.0489852$ & $-0.278388$ & $-0.369115$ & $0.578023$ & $-0.134643$ & $-0.14182$ & $0.76544$ & $0.785708$ & $0.790288$ & $-0.0421718$ & $-0.0548625$ & $-0.0503738$ & $0.0867256$ & $0.635207$ & $1$ & $0.0345784$ & $0.211324$ & $-0.0204624$ & $-0.0192808$ & $-0.12255$ & $-0.049333$ & $0.0565152$ & $-0.126524$ & $-0.204286$ & $-0.0330327$ & $-0.0169835$ & $0.0229589$ & $0.0154602$ & $0.0186402$ & $0.0104735$ & $0.0162535$ & $0.0194389$ & $0.0040416$ & $-0.0217986$ & $-0.00805494$ & $0.0310837$ & $0.0112611$ & $0.0108466$ & $-0.0321251$ \\
CHu_11 & $-0.0538933$ & $0.0241647$ & $-0.00823368$ & $-0.00445765$ & $-0.0258065$ & $0.112541$ & $0.0505125$ & $-0.524983$ & $-0.511734$ & $0.230706$ & $0.586496$ & $0.0559205$ & $-0.106864$ & $-0.288787$ & $-0.218223$ & $-0.210844$ & $-0.108294$ & $0.0478559$ & $0.046258$ & $-0.577018$ & $-0.585493$ & $-0.570864$ & $-0.664196$ & $0.218662$ & $0.0345784$ & $1$ & $-0.161078$ & $-0.185048$ & $0.00468519$ & $-0.029084$ & $-0.00511727$ & $0.0483894$ & $-0.0437686$ & $-0.242665$ & $-0.00643185$ & $0.0252333$ & $0.0214173$ & $-0.0202479$ & $0.0161159$ & $-0.0043243$ & $0.0202443$ & $0.00580153$ & $-0.0138584$ & $-0.0268486$ & $0.0157787$ & $0.0111108$ & $0.0231175$ & $-0.00848573$ & $-0.0258188$ \\
CHd_11 & $-0.0288094$ & $-0.0180433$ & $-0.0172646$ & $-0.00976772$ & $0.00107945$ & $-0.0787486$ & $-0.0648392$ & $0.409686$ & $0.400196$ & $-0.24072$ & $-0.275343$ & $-0.0121101$ & $0.137801$ & $-0.116611$ & $-0.418078$ & $-0.389187$ & $-0.169691$ & $0.00562567$ & $-0.0103978$ & $0.200021$ & $0.357089$ & $0.351253$ & $0.337889$ & $-0.426922$ & $0.211324$ & $-0.161078$ & $1$ & $0.117802$ & $0.0105098$ & $0.0196096$ & $0.0125112$ & $-0.0671113$ & $0.0222935$ & $0.685698$ & $0.0362387$ & $-0.0181216$ & $0.0366928$ & $-0.0030098$ & $-0.00587033$ & $0.0166674$ & $0.0105097$ & $0.00831059$ & $0.00943134$ & $0.0374645$ & $0.0018078$ & $0.0151147$ & $-0.00612867$ & $0.0265274$ & $-0.00439447$ \\
CHd_33 & $-0.0171366$ & $-0.0157444$ & $0.012804$ & $0.0435102$ & $0.0203839$ & $-0.0727567$ & $-0.015109$ & $0.313501$ & $0.308713$ & $-0.127194$ & $-0.34153$ & $-0.0272376$ & $0.0688014$ & $0.154254$ & $0.106648$ & $0.128029$ & $0.0548991$ & $-0.0267896$ & $-0.0428147$ & $0.335054$ & $0.343726$ & $0.335541$ & $0.000720048$ & $-0.0289184$ & $-0.0204624$ & $-0.185048$ & $0.117802$ & $1$ & $-0.00397645$ & $0.0244282$ & $-0.00607404$ & $-0.0123711$ & $0.0111521$ & $0.167406$ & $0.0318801$ & $-0.0276227$ & $-0.0153927$ & $0.00447355$ & $0.00424944$ & $-0.0172734$ & $-0.0231678$ & $0.010225$ & $0.026718$ & $0.0104681$ & $-0.0113822$ & $0.00627569$ & $-0.0126323$ & $0.00845143$ & $-0.0270443$ \\
CeH_22r & $-0.00439607$ & $0.0171394$ & $0.0331269$ & $-0.0396556$ & $0.0112104$ & $0.0155473$ & $-0.00658864$ & $0.0144813$ & $0.0254559$ & $-0.00974335$ & $-0.000685605$ & $0.0745293$ & $0.0755033$ & $-0.0281363$ & $0.00633833$ & $0.00533972$ & $-0.025614$ & $-0.0304606$ & $-0.0305988$ & $0.0015862$ & $0.00203483$ & $0.00284361$ & $-0.00221982$ & $-0.0306927$ & $-0.0192808$ & $0.00468519$ & $0.0105098$ & $-0.00397645$ & $1$ & $0.0708538$ & $0.037838$ & $-0.017237$ & $0.0634526$ & $0.00878911$ & $-0.0403805$ & $-0.0194055$ & $-0.0223214$ & $0.00143461$ & $-0.0198179$ & $-0.000220236$ & $0.0160348$ & $0.000340887$ & $0.0313947$ & $-0.00425736$ & $0.00248223$ & $-0.00889804$ & $0.0190568$ & $0.00465223$ & $-0.00759219$ \\
CeH_33r & $0.0103121$ & $0.01025$ & $0.0299946$ & $-0.0400143$ & $-0.00333439$ & $-0.00544439$ & $-0.117108$ & $0.0995441$ & $0.120855$ & $-0.121111$ & $-0.0491321$ & $0.332456$ & $0.272058$ & $-0.0769317$ & $0.0375449$ & $0.0419123$ & $-0.100588$ & $-0.120672$ & $-0.12291$ & $0.0509014$ & $0.0512358$ & $0.0518136$ & $0.00794529$ & $-0.101664$ & $-0.12255$ & $-0.029084$ & $0.0196096$ & $0.0244282$ & $0.0708538$ & $1$ & $0.300443$ & $0.0339773$ & $0.633682$ & $0.0513149$ & $-0.0236367$ & $-0.0267529$ & $-0.208868$ & $-0.0202018$ & $-0.0377034$ & $-0.0113544$ & $-0.011852$ & $0.0308425$ & $-0.00557334$ & $0.0243176$ & $0.0660028$ & $0.0342673$ & $0.00508954$ & $0.0271713$ & $-0.0300636$ \\
CuH_22r & $-0.0113881$ & $0.017357$ & $0.0259007$ & $-0.0287787$ & $-0.00538899$ & $0.00766406$ & $-0.0691317$ & $0.0379595$ & $0.0454436$ & $-0.0682426$ & $-0.0142963$ & $0.0981895$ & $0.10445$ & $-0.0315549$ & $0.0179208$ & $0.00878664$ & $-0.0548502$ & $-0.0584264$ & $-0.0484802$ & $0.0140376$ & $0.0146608$ & $0.0172379$ & $0.00362299$ & $-0.0505992$ & $-0.049333$ & $-0.00511727$ & $0.0125112$ & $-0.00607404$ & $0.037838$ & $0.300443$ & $1$ & $0.0161527$ & $0.320539$ & $0.0130352$ & $-0.0387952$ & $0.00590432$ & $-0.112531$ & $-0.0288954$ & $-0.0094654$ & $-0.0009501$ & $0.0392053$ & $0.0084798$ & $-0.0269884$ & $0.0119876$ & $0.0401843$ & $0.084717$ & $0.367761$ & $0.0319148$ & $-0.0513654$ \\
CuH_33r & $-0.0354708$ & $0.0139077$ & $-0.0179689$ & $-0.0238812$ & $-0.000913676$ & $0.0137133$ & $0.936957$ & $-0.113865$ & $-0.0667941$ & $0.0842131$ & $0.0905447$ & $-0.121995$ & $-0.241837$ & $0.0141531$ & $-0.0236652$ & $-0.0148172$ & $0.0424011$ & $0.0650955$ & $0.0537191$ & $-0.0868806$ & $-0.0955931$ & $-0.0952684$ & $-0.00821471$ & $0.0879833$ & $0.0565152$ & $0.0483894$ & $-0.0671113$ & $-0.0123711$ & $-0.017237$ & $0.0339773$ & $0.0161527$ & $1$ & $0.0276338$ & $-0.071032$ & $0.0300367$ & $0.0456651$ & $-0.0454516$ & $-0.0134633$ & $0.0123182$ & $0.00174722$ & $-0.0119842$ & $0.000583971$ & $-0.00287098$ & $-0.0204732$ & $-0.0101932$ & $0.0265319$ & $-0.00364332$ & $-0.0123751$ & $-0.00950399$ \\
CdH_33r & $0.0431394$ & $0.0156115$ & $0.00634773$ & $-0.0138232$ & $0.00615036$ & $-0.00123672$ & $-0.146387$ & $0.0992985$ & $0.118339$ & $-0.125506$ & $-0.0489576$ & $0.366411$ & $0.305438$ & $-0.0768774$ & $0.0341939$ & $0.0418921$ & $-0.105146$ & $-0.119695$ & $-0.124865$ & $0.0496221$ & $0.0496504$ & $0.0493221$ & $0.0268694$ & $-0.107136$ & $-0.126524$ & $-0.0437686$ & $0.0222935$ & $0.0111521$ & $0.0634526$ & $0.633682$ & $0.320539$ & $0.0276338$ & $1$ & $0.0531276$ & $-0.0574041$ & $0.00634636$ & $-0.165144$ & $-0.0547057$ & $-0.0148004$ & $-0.0174677$ & $0.024841$ & $0.00126269$ & $-0.0140608$ & $-0.0164943$ & $-0.0331674$ & $-0.0103682$ & $-0.0801556$ & $0.15813$ & $0.4758$ \\
CLL_1221 & $0.00277724$ & $0.01799$ & $-0.0105446$ & $-0.0227529$ & $-0.00387076$ & $-0.119869$ & $-0.0762808$ & $0.567036$ & $0.558382$ & $-0.367212$ & $-0.371735$ & $0.0257261$ & $0.225796$ & $-0.220403$ & $-0.599055$ & $-0.0978352$ & $-0.262708$ & $0.0380237$ & $-0.354398$ & $0.292762$ & $0.459071$ & $0.450251$ & $0.178335$ & $-0.635922$ & $-0.204286$ & $-0.242665$ & $0.685698$ & $0.167406$ & $0.00878911$ & $0.0513149$ & $0.0130352$ & $-0.071032$ & $0.0531276$ & $1$ & $0.0273406$ & $-0.00970183$ & $0.0208299$ & $-0.0110731$ & $-0.00244883$ & $0.000320915$ & $-0.0116044$ & $-0.0079948$ & $0.0217146$ & $0.0474603$ & $0.00770222$ & $-0.012569$ & $-0.00619498$ & $0.00842527$ & $0.00141637$ \\
eHggint & $0.0207863$ & $-0.0588002$ & $-0.102215$ & $-0.0380213$ & $-0.0281366$ & $0.00575614$ & $-0.0577513$ & $0.0288499$ & $0.00403208$ & $0.0118276$ & $-0.00630195$ & $0.114909$ & $0.0717431$ & $-0.024788$ & $-0.0195829$ & $-0.0310901$ & $-0.0514024$ & $-0.0312913$ & $-0.015322$ & $0.00332669$ & $0.0098914$ & $0.0112336$ & $0.0181436$ & $-0.0380869$ & $-0.0330327$ & $-0.00643185$ & $0.0362387$ & $0.0318801$ & $-0.0403805$ & $-0.0236367$ & $-0.0387952$ & $0.0300367$ & $-0.0574041$ & $0.0273406$ & $1$ & $-0.0800973$ & $-0.0537099$ & $-0.0231351$ & $-0.0234089$ & $0.0380335$ & $-0.0309808$ & $-0.0254038$ & $-0.05103$ & $0.0658569$ & $-0.0152295$ & $0.0393202$ & $-0.055305$ & $-0.0691833$ & $-0.0548436$ \\
eHggpar & $0.0154911$ & $0.0297364$ & $0.00563799$ & $-0.0379731$ & $0.0276574$ & $0.0031627$ & $0.00517493$ & $-0.0311209$ & $-0.0360919$ & $0.0448357$ & $0.0407091$ & $0.068175$ & $0.0214213$ & $-0.0312683$ & $-0.0166919$ & $-0.0161182$ & $-0.0197833$ & $-0.00797627$ & $-0.0120997$ & $-0.0409346$ & $-0.0412932$ & $-0.0428466$ & $-0.0165353$ & $0.00133632$ & $-0.0169835$ & $0.0252333$ & $-0.0181216$ & $-0.0276227$ & $-0.0194055$ & $-0.0267529$ & $0.00590432$ & $0.0456651$ & $0.00634636$ & $-0.00970183$ & $-0.0800973$ & $1$ & $0.0807704$ & $-0.030065$ & $0.124905$ & $-0.00643569$ & $0.124149$ & $-0.0346808$ & $-0.000557326$ & $-0.0468048$ & $0.089616$ & $-0.00764849$ & $0.0512195$ & $-0.107722$ & $0.100631$ \\
eHWWint & $-0.0201625$ & $-0.0706788$ & $-0.000768438$ & $0.00383157$ & $0.0292521$ & $0.0167777$ & $0.00694783$ & $-0.016256$ & $-0.0311176$ & $0.00144129$ & $0.0228052$ & $-0.0200439$ & $-0.00980779$ & $-0.0156207$ & $-0.0452904$ & $-0.0312718$ & $-0.00606226$ & $0.0208889$ & $0.00400813$ & $-0.0284845$ & $-0.0211069$ & $-0.0218478$ & $0.00980027$ & $0.00407352$ & $0.0229589$ & $0.0214173$ & $0.0366928$ & $-0.0153927$ & $-0.0223214$ & $-0.208868$ & $-0.112531$ & $-0.0454516$ & $-0.165144$ & $0.0208299$ & $-0.0537099$ & $0.0807704$ & $1$ & $-0.0113782$ & $0.072688$ & $-0.0165052$ & $0.0734523$ & $-0.0622039$ & $-0.0916596$ & $-0.102636$ & $0.012603$ & $-0.00508235$ & $-0.018625$ & $-0.0123848$ & $0.113578$ \\
eHWWpar & $-0.0186454$ & $0.00785796$ & $-0.00616897$ & $0.0148236$ & $0.0166805$ & $0.00527993$ & $-0.00338858$ & $0.0138634$ & $0.0112844$ & $0.00596145$ & $-0.0275723$ & $-0.0027618$ & $0.00479769$ & $0.0299051$ & $0.0252166$ & $0.00322241$ & $0.0240645$ & $0.00692654$ & $0.022257$ & $0.030192$ & $0.0264117$ & $0.0207717$ & $0.00180029$ & $0.012692$ & $0.0154602$ & $-0.0202479$ & $-0.0030098$ & $0.00447355$ & $0.00143461$ & $-0.0202018$ & $-0.0288954$ & $-0.0134633$ & $-0.0547057$ & $-0.0110731$ & $-0.0231351$ & $-0.030065$ & $-0.0113782$ & $1$ & $0.0248264$ & $0.0321861$ & $0.000278108$ & $0.0167028$ & $0.0219275$ & $-0.0560356$ & $0.0117734$ & $0.0391623$ & $0.0147675$ & $-0.000963553$ & $-0.0199091$ \\
eHZZint & $-0.00296106$ & $0.0138189$ & $0.0332511$ & $0.0715227$ & $0.0287296$ & $0.00741413$ & $0.00527093$ & $-0.0225834$ & $-0.0277387$ & $0.0274662$ & $0.0156266$ & $-0.00467197$ & $-0.0123889$ & $0.00366256$ & $-0.0158838$ & $-0.0146882$ & $0.0200545$ & $0.0251709$ & $0.0221351$ & $-0.0144341$ & $-0.0136707$ & $-0.0176728$ & $-0.0141721$ & $0.020654$ & $0.0186402$ & $0.0161159$ & $-0.00587033$ & $0.00424944$ & $-0.0198179$ & $-0.0377034$ & $-0.0094654$ & $0.0123182$ & $-0.0148004$ & $-0.00244883$ & $-0.0234089$ & $0.124905$ & $0.072688$ & $0.0248264$ & $1$ & $-0.01478$ & $0.034306$ & $-0.00377983$ & $0.00421712$ & $-0.0333449$ & $0.0110022$ & $0.00808322$ & $0.0232312$ & $0.025186$ & $0.0269625$ \\
eHZZpar & $-0.0189736$ & $-0.0132466$ & $-0.0202372$ & $0.00128875$ & $0.0115608$ & $0.00505457$ & $-0.0026767$ & $0.00707094$ & $0.00888908$ & $0.0103729$ & $-0.0052665$ & $0.0062276$ & $0.00329224$ & $0.00623833$ & $0.00188015$ & $-0.00967042$ & $-0.00542417$ & $-0.00472014$ & $0.00887806$ & $0.00489109$ & $0.00555908$ & $0.00222664$ & $0.00372917$ & $-0.0104637$ & $0.0104735$ & $-0.0043243$ & $0.0166674$ & $-0.0172734$ & $-0.000220236$ & $-0.0113544$ & $-0.0009501$ & $0.00174722$ & $-0.0174677$ & $0.000320915$ & $0.0380335$ & $-0.00643569$ & $-0.0165052$ & $0.0321861$ & $-0.01478$ & $1$ & $0.00864161$ & $-0.0263295$ & $0.0223262$ & $-0.000392592$ & $-0.00788864$ & $-0.00683728$ & $0.031978$ & $0.018288$ & $-0.0408019$ \\
eHZgaint & $-0.0527998$ & $-0.0157406$ & $-0.140591$ & $0.000507113$ & $-0.00573791$ & $0.00904337$ & $-0.00593319$ & $-0.0209145$ & $-0.0176789$ & $-0.0489506$ & $0.0227436$ & $-0.0348722$ & $-0.0169989$ & $-0.0123958$ & $-0.0091642$ & $-0.010731$ & $-0.00709816$ & $0.00260631$ & $-0.000814545$ & $-0.0217493$ & $-0.0246568$ & $-0.0209685$ & $0.0135122$ & $0.0145173$ & $0.0162535$ & $0.0202443$ & $0.0105097$ & $-0.0231678$ & $0.0160348$ & $-0.011852$ & $0.0392053$ & $-0.0119842$ & $0.024841$ & $-0.0116044$ & $-0.0309808$ & $0.124149$ & $0.0734523$ & $0.000278108$ & $0.034306$ & $0.00864161$ & $1$ & $0.00331204$ & $0.0174097$ & $-0.0318111$ & $0.0432163$ & $0.0449165$ & $0.0692488$ & $0.0719489$ & $0.0677229$ \\
eHZgapar & $-0.0270611$ & $-0.0106067$ & $0.00361508$ & $0.0318134$ & $0.00246739$ & $-0.00644562$ & $0.00215199$ & $-0.00516271$ & $-0.00207454$ & $0.000296494$ & $-0.0011242$ & $-0.00565433$ & $-0.000350943$ & $0.00714466$ & $0.00225092$ & $-0.011538$ & $0.012801$ & $0.00864667$ & $0.0177731$ & $0.00150031$ & $0.000389434$ & $-0.00101582$ & $0.00738601$ & $0.0117059$ & $0.0194389$ & $0.00580153$ & $0.00831059$ & $0.010225$ & $0.000340887$ & $0.0308425$ & $0.0084798$ & $0.000583971$ & $0.00126269$ & $-0.0079948$ & $-0.0254038$ & $-0.0346808$ & $-0.0622039$ & $0.0167028$ & $-0.00377983$ & $-0.0263295$ & $0.00331204$ & $1$ & $0.0398201$ & $-0.0434401$ & $-0.0167857$ & $0.0132216$ & $0.00742482$ & $0.000679925$ & $-0.0280129$ \\
eHgagaint & $0.00942331$ & $-0.0128754$ & $-0.0588856$ & $0.134876$ & $0.0118709$ & $-0.00117224$ & $-0.000749182$ & $0.000247542$ & $0.0719182$ & $-0.00536622$ & $0.000228272$ & $-0.00482759$ & $0.0183302$ & $0.0174363$ & $-0.0333989$ & $-0.00227722$ & $-0.0113449$ & $0.0231256$ & $-0.00440014$ & $-0.00403165$ & $-2.53738e-05$ & $7.95437e-05$ & $0.0150591$ & $-0.00297235$ & $0.0040416$ & $-0.0138584$ & $0.00943134$ & $0.026718$ & $0.0313947$ & $-0.00557334$ & $-0.0269884$ & $-0.00287098$ & $-0.0140608$ & $0.0217146$ & $-0.05103$ & $-0.000557326$ & $-0.0916596$ & $0.0219275$ & $0.00421712$ & $0.0223262$ & $0.0174097$ & $0.0398201$ & $1$ & $-0.0578854$ & $-0.0465322$ & $-0.0756562$ & $-0.057251$ & $-0.111545$ & $-0.00900538$ \\
eHmumuint & $-0.00849205$ & $-0.0351564$ & $-0.0692245$ & $-0.104984$ & $-0.0186894$ & $-0.00949395$ & $-0.0303249$ & $0.0407605$ & $0.0389386$ & $-0.0399994$ & $-0.0249257$ & $0.0133989$ & $0.0301905$ & $-0.0190065$ & $-0.0178767$ & $0.0112526$ & $-0.0267996$ & $-0.0169999$ & $-0.0347089$ & $0.0208898$ & $0.0273853$ & $0.025894$ & $0.0343696$ & $-0.0434493$ & $-0.0217986$ & $-0.0268486$ & $0.0374645$ & $0.0104681$ & $-0.00425736$ & $0.0243176$ & $0.0119876$ & $-0.0204732$ & $-0.0164943$ & $0.0474603$ & $0.0658569$ & $-0.0468048$ & $-0.102636$ & $-0.0560356$ & $-0.0333449$ & $-0.000392592$ & $-0.0318111$ & $-0.0434401$ & $-0.0578854$ & $1$ & $-0.00612703$ & $-0.213583$ & $0.0275101$ & $-0.0772617$ & $-0.0673803$ \\
eHtautauint & $0.00226775$ & $-0.0326662$ & $0.0510335$ & $0.00518256$ & $-0.0140359$ & $-0.00956359$ & $-0.0102857$ & $-0.0111832$ & $-0.0146051$ & $0.011891$ & $0.0185709$ & $-0.0122762$ & $-0.0144057$ & $-0.0205864$ & $-0.0178012$ & $-0.0103765$ & $-0.0049014$ & $-0.00118557$ & $-0.00690589$ & $-0.0233544$ & $-0.0182646$ & $-0.0202525$ & $-0.00411329$ & $0.00211799$ & $-0.00805494$ & $0.0157787$ & $0.0018078$ & $-0.0113822$ & $0.00248223$ & $0.0660028$ & $0.0401843$ & $-0.0101932$ & $-0.0331674$ & $0.00770222$ & $-0.0152295$ & $0.089616$ & $0.012603$ & $0.0117734$ & $0.0110022$ & $-0.00788864$ & $0.0432163$ & $-0.0167857$ & $-0.0465322$ & $-0.00612703$ & $1$ & $0.0776567$ & $0.0656178$ & $0.00826756$ & $-0.0414982$ \\
eHccint & $-0.0262523$ & $0.106861$ & $-0.0148854$ & $-0.0622417$ & $0.0397934$ & $-0.00547179$ & $0.0130057$ & $-0.0143349$ & $-0.0199866$ & $-0.00996685$ & $0.00664244$ & $-0.0172824$ & $-0.0263292$ & $0.00515444$ & $0.0112877$ & $-0.00929939$ & $0.0181627$ & $0.00184912$ & $0.0189431$ & $-0.00581465$ & $-0.00422552$ & $-0.00566711$ & $-0.00461211$ & $0.0157442$ & $0.0310837$ & $0.0111108$ & $0.0151147$ & $0.00627569$ & $-0.00889804$ & $0.0342673$ & $0.084717$ & $0.0265319$ & $-0.0103682$ & $-0.012569$ & $0.0393202$ & $-0.00764849$ & $-0.00508235$ & $0.0391623$ & $0.00808322$ & $-0.00683728$ & $0.0449165$ & $0.0132216$ & $-0.0756562$ & $-0.213583$ & $0.0776567$ & $1$ & $0.0199679$ & $-0.0169649$ & $-0.0566124$ \\
eHccpar & $-0.0123084$ & $0.0607416$ & $0.0207546$ & $-0.0421013$ & $0.0158344$ & $0.0320975$ & $0.00317407$ & $-0.0165435$ & $-0.0185927$ & $0.00912929$ & $0.012336$ & $-0.00324064$ & $-0.0207963$ & $0.000915449$ & $-0.00689381$ & $-0.0124243$ & $0.00577622$ & $0.00967811$ & $0.0145374$ & $-0.0106712$ & $-0.0116849$ & $-0.00776916$ & $-0.0278505$ & $0.00531427$ & $0.0112611$ & $0.0231175$ & $-0.00612867$ & $-0.0126323$ & $0.0190568$ & $0.00508954$ & $0.367761$ & $-0.00364332$ & $-0.0801556$ & $-0.00619498$ & $-0.055305$ & $0.0512195$ & $-0.018625$ & $0.0147675$ & $0.0232312$ & $0.031978$ & $0.0692488$ & $0.00742482$ & $-0.057251$ & $0.0275101$ & $0.0656178$ & $0.0199679$ & $1$ & $0.00902702$ & $-0.169824$ \\
eHbbint & $-0.0158597$ & $-0.0446723$ & $0.0470528$ & $0.0197502$ & $-0.00229223$ & $0.00693561$ & $-0.00325058$ & $0.0264098$ & $0.0189844$ & $-0.0240497$ & $-0.027837$ & $-0.0173378$ & $-0.00415665$ & $0.0215091$ & $0.00706712$ & $0.000440697$ & $-0.00193782$ & $-0.00121181$ & $0.00101679$ & $0.0254692$ & $0.0280483$ & $0.0240966$ & $0.00476511$ & $-0.00720331$ & $0.0108466$ & $-0.00848573$ & $0.0265274$ & $0.00845143$ & $0.00465223$ & $0.0271713$ & $0.0319148$ & $-0.0123751$ & $0.15813$ & $0.00842527$ & $-0.0691833$ & $-0.107722$ & $-0.0123848$ & $-0.000963553$ & $0.025186$ & $0.018288$ & $0.0719489$ & $0.000679925$ & $-0.111545$ & $-0.0772617$ & $0.00826756$ & $-0.0169649$ & $0.00902702$ & $1$ & $-0.0300769$ \\
eHbbpar & $0.0788223$ & $-0.00114501$ & $-0.0486053$ & $0.00740275$ & $0.00960709$ & $-0.00569632$ & $-0.0157185$ & $0.00245663$ & $0.000614933$ & $-0.0103096$ & $0.00651541$ & $0.00864895$ & $0.00621801$ & $-0.0313445$ & $0.00554403$ & $0.00912887$ & $-0.0169997$ & $-0.0223002$ & $-0.0254842$ & $-0.006635$ & $-0.00928734$ & $-0.0101589$ & $0.033949$ & $-0.0154826$ & $-0.0321251$ & $-0.0258188$ & $-0.00439447$ & $-0.0270443$ & $-0.00759219$ & $-0.0300636$ & $-0.0513654$ & $-0.00950399$ & $0.4758$ & $0.00141637$ & $-0.0548436$ & $0.100631$ & $0.113578$ & $-0.0199091$ & $0.0269625$ & $-0.0408019$ & $0.0677229$ & $-0.0280129$ & $-0.00900538$ & $-0.0673803$ & $-0.0414982$ & $-0.0566124$ & $-0.169824$ & $-0.0300769$ & $1$ \\
