 & AlsMz & dAle5Mz & mtop & mHl & Mz & CW & CHG & CHWB & CHWHB_gaga & CHWHB_gagaorth & CHD & CHbox & CH & CHL1_11 & CHL1_22 & CHL1_33 & CHL3_11 & CHL3_22 & CHL3_33 & CHe_11 & CHe_22 & CHe_33 & CHQ1_11 & CHQ1_33 & CHQ3_11 & CHu_11 & CHd_11 & CHd_33 & CeH_22r & CeH_33r & CuH_22r & CuH_33r & CdH_33r & CLL_1221 & eHggint & eHggpar & eHWWint & eHWWpar & eHZZint & eHZZpar & eHZgaint & eHZgapar & eHgagaint & eHmumuint & eHtautauint & eHccint & eHccpar & eHbbint & eHbbpar \\
AlsMz & $1$ & $-0.193947$ & $0.0666835$ & $0.0200987$ & $0.0247699$ & $-0.0177264$ & $-0.00981045$ & $-0.0168978$ & $-0.0299404$ & $-0.000180832$ & $0.00775818$ & $0.0137725$ & $-0.0333419$ & $-0.0127558$ & $0.0283169$ & $0.00996263$ & $0.0197144$ & $-0.00728086$ & $0.0124716$ & $-0.0137992$ & $-0.0203942$ & $-0.0131989$ & $-0.0502875$ & $-0.0152259$ & $-0.120908$ & $0.00250422$ & $-0.0851108$ & $0.0289719$ & $-0.00139328$ & $0.00301697$ & $0.0217601$ & $-0.0115183$ & $-0.00825343$ & $-0.0409833$ & $-0.0139732$ & $0.0789026$ & $0.00286877$ & $-0.0348531$ & $0.0329223$ & $-0.0226894$ & $-0.0632377$ & $0.027676$ & $-0.114865$ & $0.076539$ & $-0.151613$ & $0.134555$ & $-0.0110169$ & $0.195028$ & $-0.059882$ \\
dAle5Mz & $-0.193947$ & $1$ & $0.0161441$ & $-0.0465477$ & $-0.0558508$ & $0.0227373$ & $0.0197493$ & $-0.0871436$ & $-0.0914931$ & $-0.00230811$ & $0.084944$ & $0.00119658$ & $-0.00749548$ & $-0.0393677$ & $-0.0426563$ & $-0.0548506$ & $-0.00450215$ & $0.0139203$ & $0.0194499$ & $-0.0671136$ & $-0.0613495$ & $-0.0605248$ & $0.0363441$ & $0.0283701$ & $0.0261514$ & $0.0168835$ & $0.00378904$ & $-0.0293228$ & $0.0248383$ & $-0.0319549$ & $0.0066339$ & $0.0219079$ & $-0.0209503$ & $0.0170938$ & $0.137897$ & $-0.0808846$ & $0.0357711$ & $0.0153385$ & $-0.0102164$ & $0.00549506$ & $0.0124577$ & $-0.00785363$ & $-0.0485319$ & $0.0441283$ & $-0.0803163$ & $-0.048363$ & $0.0593336$ & $0.0415907$ & $-0.00253566$ \\
mtop & $0.0666835$ & $0.0161441$ & $1$ & $-0.0572165$ & $-0.00397069$ & $0.0386383$ & $0.0130063$ & $-0.00756598$ & $-0.0154834$ & $0.0184726$ & $0.00284345$ & $0.024441$ & $-0.00636261$ & $0.0162983$ & $0.0346314$ & $0.0263537$ & $0.0149356$ & $-0.00215577$ & $-0.00512106$ & $0.00667255$ & $-0.00238993$ & $-0.00464781$ & $-0.0617186$ & $0.030356$ & $-0.0279705$ & $0.0305768$ & $-0.0624561$ & $-0.0256619$ & $0.00451714$ & $-0.0182057$ & $-0.0797561$ & $0.018459$ & $0.0361391$ & $-0.0327971$ & $0.070591$ & $0.0762534$ & $0.062602$ & $0.00806976$ & $0.0844944$ & $0.0274045$ & $0.0953049$ & $-0.0052014$ & $-0.0616438$ & $0.0189067$ & $-0.0309007$ & $0.102433$ & $-0.0904379$ & $0.164526$ & $0.103218$ \\
mHl & $0.0200987$ & $-0.0465477$ & $-0.0572165$ & $1$ & $-0.0138218$ & $0.0100828$ & $0.0223271$ & $0.0441698$ & $0.0533322$ & $-0.0383133$ & $-0.0217121$ & $-0.0165495$ & $-0.000224811$ & $-0.0398882$ & $-0.00526117$ & $-0.000993926$ & $-0.0367752$ & $-0.0415245$ & $-0.0384025$ & $0.0175659$ & $0.0234608$ & $0.0312513$ & $0.0227482$ & $-0.0791067$ & $-0.0392029$ & $-0.00991797$ & $0.0315322$ & $-0.0465104$ & $0.0140165$ & $0.020692$ & $-0.0319013$ & $0.00465206$ & $-0.0247229$ & $0.0404615$ & $-0.202823$ & $-0.0759491$ & $-0.0170472$ & $-0.00359976$ & $0.00609237$ & $-0.0589681$ & $-0.028814$ & $-0.0399107$ & $0.0212733$ & $-0.0601784$ & $0.147838$ & $0.0434153$ & $-0.111225$ & $-0.0806417$ & $-0.0914841$ \\
Mz & $0.0247699$ & $-0.0558508$ & $-0.00397069$ & $-0.0138218$ & $1$ & $0.000698762$ & $0.0245361$ & $-0.0176843$ & $-0.0196995$ & $0.0160427$ & $0.0202853$ & $-0.0125512$ & $0.0243538$ & $0.00455633$ & $0.0143659$ & $0.0184569$ & $0.0049664$ & $0.00033844$ & $-0.00590092$ & $-0.0117397$ & $-0.0165302$ & $-0.0169346$ & $-0.0306929$ & $0.0212704$ & $-0.00528672$ & $0.0254378$ & $-0.0330354$ & $-0.00525815$ & $-0.00399617$ & $-0.00526893$ & $0.000847806$ & $0.0268732$ & $-0.00295567$ & $-0.0321295$ & $0.0387457$ & $0.0063556$ & $-0.0485982$ & $0.0192779$ & $0.00487306$ & $-0.02516$ & $-0.00506062$ & $-0.0137154$ & $0.00596275$ & $0.0287219$ & $0.00617455$ & $-0.00822201$ & $0.0137599$ & $-0.017514$ & $0.0190745$ \\
CW & $-0.0177264$ & $0.0227373$ & $0.0386383$ & $0.0100828$ & $0.000698762$ & $1$ & $0.00851999$ & $-0.138711$ & $-0.133905$ & $0.0116778$ & $0.202712$ & $0.059465$ & $-0.00754011$ & $0.00986865$ & $-0.105277$ & $-0.059038$ & $-0.270705$ & $-0.0352001$ & $-0.0710986$ & $-0.198613$ & $-0.205605$ & $-0.197027$ & $0.000389313$ & $0.00914093$ & $-0.0771923$ & $0.10626$ & $-0.0758795$ & $-0.0773702$ & $-0.0214813$ & $-0.000315577$ & $-0.00257531$ & $0.017336$ & $-0.0142159$ & $-0.110404$ & $0.0271484$ & $0.0237632$ & $0.0145105$ & $-0.0179391$ & $0.018227$ & $0.00674314$ & $0.062181$ & $0.0245082$ & $-0.00334378$ & $-0.0486307$ & $0.00681355$ & $0.0343558$ & $-0.0107543$ & $-0.016901$ & $-0.0165666$ \\
CHG & $-0.00981045$ & $0.0197493$ & $0.0130063$ & $0.0223271$ & $0.0245361$ & $0.00851999$ & $1$ & $-0.115583$ & $-0.0642677$ & $0.0613325$ & $0.0800601$ & $0.141571$ & $-0.293044$ & $0.027445$ & $-0.0286015$ & $-0.033507$ & $0.0886844$ & $0.0887442$ & $0.0884988$ & $-0.0786238$ & $-0.0814893$ & $-0.0854111$ & $0.0267779$ & $0.100365$ & $0.0813345$ & $0.0250523$ & $-0.0559866$ & $-0.031155$ & $0.011317$ & $-0.119068$ & $-0.063655$ & $0.933561$ & $-0.151106$ & $-0.0627997$ & $-0.0308074$ & $-0.0117268$ & $0.0317083$ & $-0.00495203$ & $-0.0356223$ & $0.018312$ & $-0.0546947$ & $0.00671093$ & $-0.0172992$ & $-0.00208824$ & $0.00673263$ & $-0.012096$ & $-0.0149963$ & $-0.0122932$ & $-0.0297778$ \\
CHWB & $-0.0168978$ & $-0.0871436$ & $-0.00756598$ & $0.0441698$ & $-0.0176843$ & $-0.138711$ & $-0.115583$ & $1$ & $0.98397$ & $-0.587123$ & $-0.885487$ & $-0.42744$ & $0.340619$ & $0.0739178$ & $0.317628$ & $0.318241$ & $-0.238194$ & $-0.45335$ & $-0.458856$ & $0.859258$ & $0.901059$ & $0.884339$ & $0.0821027$ & $-0.687207$ & $-0.428431$ & $-0.530891$ & $0.420256$ & $0.285692$ & $0.0136096$ & $0.106326$ & $0.0619861$ & $-0.108547$ & $0.103011$ & $0.569718$ & $-0.0470894$ & $-0.00691459$ & $0.0538915$ & $0.0155511$ & $-0.00569998$ & $0.00484304$ & $-0.0213687$ & $0.0113352$ & $-0.00435918$ & $-0.0209278$ & $0.00143868$ & $-0.0221565$ & $0.0288106$ & $-0.0253352$ & $-0.00446385$ \\
CHWHB_gaga & $-0.0299404$ & $-0.0914931$ & $-0.0154834$ & $0.0533322$ & $-0.0196995$ & $-0.133905$ & $-0.0642677$ & $0.98397$ & $1$ & $-0.581074$ & $-0.866149$ & $-0.408452$ & $0.337863$ & $0.0624901$ & $0.30972$ & $0.309453$ & $-0.244052$ & $-0.453805$ & $-0.458261$ & $0.839968$ & $0.881826$ & $0.86527$ & $0.0858183$ & $-0.682304$ & $-0.428837$ & $-0.521656$ & $0.414449$ & $0.276136$ & $0.0219441$ & $0.127562$ & $0.0788624$ & $-0.0683686$ & $0.124916$ & $0.562501$ & $-0.0619399$ & $-0.00593595$ & $0.0431328$ & $0.0154479$ & $-0.0117443$ & $0.00385762$ & $-0.0286176$ & $0.0100653$ & $0.063113$ & $-0.0164146$ & $-0.00382836$ & $-0.0151363$ & $0.0297527$ & $-0.0270373$ & $-0.01231$ \\
CHWHB_gagaorth & $-0.000180832$ & $-0.00230811$ & $0.0184726$ & $-0.0383133$ & $0.0160427$ & $0.0116778$ & $0.0613325$ & $-0.587123$ & $-0.581074$ & $1$ & $0.3823$ & $0.683996$ & $-0.255053$ & $0.223872$ & $-0.148786$ & $-0.144658$ & $0.433853$ & $0.49783$ & $0.498124$ & $-0.370837$ & $-0.398134$ & $-0.39079$ & $-0.0426393$ & $0.562622$ & $0.502244$ & $0.226442$ & $-0.223252$ & $-0.135765$ & $-0.0241842$ & $-0.126911$ & $-0.0860943$ & $0.0813893$ & $-0.157087$ & $-0.354734$ & $0.060239$ & $0.043415$ & $-0.0264193$ & $0.0291841$ & $0.0239127$ & $-0.000352114$ & $-0.0568324$ & $-0.00554158$ & $-0.00686742$ & $0.0192041$ & $0.0322446$ & $0.0360077$ & $-0.0400107$ & $-0.00458176$ & $-0.0439163$ \\
CHD & $0.00775818$ & $0.084944$ & $0.00284345$ & $-0.0217121$ & $0.0202853$ & $0.202712$ & $0.0800601$ & $-0.885487$ & $-0.866149$ & $0.3823$ & $1$ & $0.352857$ & $-0.16712$ & $-0.48238$ & $-0.430645$ & $-0.432142$ & $-0.204875$ & $0.0985929$ & $0.106338$ & $-0.990603$ & $-0.991487$ & $-0.970706$ & $-0.0344059$ & $0.340254$ & $0.0555427$ & $0.581897$ & $-0.301752$ & $-0.315018$ & $-0.00755321$ & $-0.061667$ & $-0.0326998$ & $0.0786437$ & $-0.0475399$ & $-0.384842$ & $0.033085$ & $-0.00128902$ & $-0.0412842$ & $-0.0201657$ & $-0.0113859$ & $-0.00823204$ & $0.0454622$ & $-0.0163036$ & $-0.0173374$ & $-0.00961059$ & $0.000600037$ & $0.0205149$ & $-0.0145775$ & $0.0427551$ & $0.0154406$ \\
CHbox & $0.0137725$ & $0.00119658$ & $0.024441$ & $-0.0165495$ & $-0.0125512$ & $0.059465$ & $0.141571$ & $-0.42744$ & $-0.408452$ & $0.683996$ & $0.352857$ & $1$ & $-0.530599$ & $0.00642815$ & $-0.108068$ & $-0.0997101$ & $0.153452$ & $0.224309$ & $0.21864$ & $-0.336224$ & $-0.365968$ & $-0.360934$ & $-0.00891818$ & $0.320079$ & $0.228097$ & $0.19159$ & $-0.187288$ & $-0.122573$ & $0.00796394$ & $0.0268301$ & $-0.0332431$ & $0.187192$ & $-0.00789182$ & $-0.265143$ & $0.0655676$ & $0.0490815$ & $-0.0190637$ & $0.0207585$ & $0.00509222$ & $0.0209985$ & $-0.0205305$ & $-0.00724217$ & $-0.0365405$ & $0.0160111$ & $0.0104835$ & $0.036145$ & $-0.0210344$ & $-0.0100336$ & $-0.0581364$ \\
CH & $-0.0333419$ & $-0.00749548$ & $-0.00636261$ & $-0.000224811$ & $0.0243538$ & $-0.00754011$ & $-0.293044$ & $0.340619$ & $0.337863$ & $-0.255053$ & $-0.16712$ & $-0.530599$ & $1$ & $-0.248208$ & $0.100226$ & $0.0799638$ & $-0.363212$ & $-0.398733$ & $-0.381209$ & $0.166298$ & $0.176729$ & $0.17727$ & $0.0149983$ & $-0.380039$ & $-0.381038$ & $-0.0979561$ & $0.120669$ & $0.0437526$ & $0.0248175$ & $0.247189$ & $0.120352$ & $-0.242958$ & $0.332498$ & $0.191462$ & $0.0153313$ & $0.0232201$ & $0.0189605$ & $-0.00383958$ & $-0.000678542$ & $-0.0332258$ & $-0.0023195$ & $-0.00267959$ & $0.0127152$ & $-0.0458204$ & $0.00159319$ & $-0.0072378$ & $0.0574322$ & $0.0206837$ & $0.0290299$ \\
CHL1_11 & $-0.0127558$ & $-0.0393677$ & $0.0162983$ & $-0.0398882$ & $0.00455633$ & $0.00986865$ & $0.027445$ & $0.0739178$ & $0.0624901$ & $0.223872$ & $-0.48238$ & $0.00642815$ & $-0.248208$ & $1$ & $0.254768$ & $0.276274$ & $0.66445$ & $0.600701$ & $0.578755$ & $0.500325$ & $0.44309$ & $0.429135$ & $-0.0605673$ & $0.470408$ & $0.607544$ & $-0.258824$ & $-0.0960837$ & $0.144276$ & $-0.0143674$ & $-0.0556318$ & $-0.0406018$ & $0.0174668$ & $-0.0771837$ & $-0.215075$ & $0.0224518$ & $0.0106213$ & $-0.00540894$ & $0.0218794$ & $0.031252$ & $0.01018$ & $-0.0506888$ & $0.0229347$ & $0.0506128$ & $0.0517302$ & $0.000140321$ & $0.00598662$ & $-0.0176384$ & $-0.0587406$ & $-0.00544405$ \\
CHL1_22 & $0.0283169$ & $-0.0426563$ & $0.0346314$ & $-0.00526117$ & $0.0143659$ & $-0.105277$ & $-0.0286015$ & $0.317628$ & $0.30972$ & $-0.148786$ & $-0.430645$ & $-0.108068$ & $0.100226$ & $0.254768$ & $1$ & $0.453481$ & $0.144467$ & $-0.468041$ & $-0.0641513$ & $0.495948$ & $0.3491$ & $0.336841$ & $-0.165495$ & $0.0776445$ & $-0.154625$ & $-0.201848$ & $-0.387947$ & $0.10537$ & $-0.0336269$ & $0.00821903$ & $0.00194857$ & $-0.0107521$ & $0.0285351$ & $-0.569402$ & $0.0172556$ & $0.0355512$ & $-0.00141782$ & $0.0172773$ & $-0.000224329$ & $0.0142704$ & $-0.0539487$ & $0.0168962$ & $0.0569342$ & $-0.0134455$ & $-0.0389448$ & $0.0380738$ & $0.0102598$ & $-0.018554$ & $-0.00466386$ \\
CHL1_33 & $0.00996263$ & $-0.0548506$ & $0.0263537$ & $-0.000993926$ & $0.0184569$ & $-0.059038$ & $-0.033507$ & $0.318241$ & $0.309453$ & $-0.144658$ & $-0.432142$ & $-0.0997101$ & $0.0799638$ & $0.276274$ & $0.453481$ & $1$ & $0.135788$ & $-0.0474275$ & $-0.454836$ & $0.495833$ & $0.35264$ & $0.363352$ & $-0.134392$ & $0.0746769$ & $-0.135047$ & $-0.217224$ & $-0.368026$ & $0.126813$ & $-0.0439549$ & $-0.00122183$ & $0.00551578$ & $-0.0203666$ & $-0.0153199$ & $-0.0891645$ & $0.0159105$ & $0.0147521$ & $0.00451147$ & $-0.000771766$ & $0.0287088$ & $0.00150796$ & $-0.0380471$ & $0.0349045$ & $0.0265562$ & $0.018247$ & $-0.0420929$ & $0.0259695$ & $-0.00330459$ & $-0.0144338$ & $-0.0378982$ \\
CHL3_11 & $0.0197144$ & $-0.00450215$ & $0.0149356$ & $-0.0367752$ & $0.0049664$ & $-0.270705$ & $0.0886844$ & $-0.238194$ & $-0.244052$ & $0.433853$ & $-0.204875$ & $0.153452$ & $-0.363212$ & $0.66445$ & $0.144467$ & $0.135788$ & $1$ & $0.73217$ & $0.739014$ & $0.221696$ & $0.176496$ & $0.16891$ & $-0.063097$ & $0.660813$ & $0.780052$ & $-0.0944812$ & $-0.134946$ & $0.0539137$ & $0.000937585$ & $-0.0906859$ & $-0.0653858$ & $0.0728683$ & $-0.114574$ & $-0.237524$ & $0.0130792$ & $0.010749$ & $-0.0223752$ & $0.0066285$ & $0.0309149$ & $0.00606399$ & $-0.0452548$ & $-0.00617018$ & $0.0295705$ & $0.0688049$ & $0.00425138$ & $-0.00738647$ & $-0.0407318$ & $-0.0262344$ & $-0.0262025$ \\
CHL3_22 & $-0.00728086$ & $0.0139203$ & $-0.00215577$ & $-0.0415245$ & $0.00033844$ & $-0.0352001$ & $0.0887442$ & $-0.45335$ & $-0.453805$ & $0.49783$ & $0.0985929$ & $0.224309$ & $-0.398733$ & $0.600701$ & $-0.468041$ & $-0.0474275$ & $0.73217$ & $1$ & $0.681891$ & $-0.104585$ & $-0.0917649$ & $-0.088985$ & $0.0138067$ & $0.623882$ & $0.805782$ & $0.055$ & $0.00530164$ & $-0.0231699$ & $0.00795079$ & $-0.0941744$ & $-0.0577137$ & $0.0661504$ & $-0.128023$ & $0.0241541$ & $0.0157658$ & $-0.00594222$ & $-0.0223101$ & $-0.00340157$ & $0.0358529$ & $-0.00516176$ & $-0.00695503$ & $-0.00146177$ & $0.00369266$ & $0.0665048$ & $0.0244127$ & $-0.0191007$ & $-0.0360514$ & $-0.0212474$ & $-0.0154888$ \\
CHL3_33 & $0.0124716$ & $0.0194499$ & $-0.00512106$ & $-0.0384025$ & $-0.00590092$ & $-0.0710986$ & $0.0884988$ & $-0.458856$ & $-0.458261$ & $0.498124$ & $0.106338$ & $0.21864$ & $-0.381209$ & $0.578755$ & $-0.0641513$ & $-0.454836$ & $0.739014$ & $0.681891$ & $1$ & $-0.112478$ & $-0.0984382$ & $-0.0925837$ & $-0.00862368$ & $0.623078$ & $0.797876$ & $0.0705932$ & $0.00173686$ & $-0.0456512$ & $0.0125063$ & $-0.0835067$ & $-0.0626839$ & $0.0702249$ & $-0.0940823$ & $-0.338073$ & $0.0165355$ & $0.00898192$ & $-0.0296821$ & $0.00696491$ & $0.00929305$ & $0.00540433$ & $-0.0245384$ & $-0.0151723$ & $0.0280862$ & $0.0440662$ & $0.01844$ & $-0.00613673$ & $-0.0297306$ & $-0.0285453$ & $0.00325294$ \\
CHe_11 & $-0.0137992$ & $-0.0671136$ & $0.00667255$ & $0.0175659$ & $-0.0117397$ & $-0.198613$ & $-0.0786238$ & $0.859258$ & $0.839968$ & $-0.370837$ & $-0.990603$ & $-0.336224$ & $0.166298$ & $0.500325$ & $0.495948$ & $0.495833$ & $0.221696$ & $-0.104585$ & $-0.112478$ & $1$ & $0.973284$ & $0.952601$ & $0.01209$ & $-0.289298$ & $-0.0506589$ & $-0.573024$ & $0.22772$ & $0.308203$ & $0.00222165$ & $0.0569702$ & $0.034224$ & $-0.074871$ & $0.0448277$ & $0.306282$ & $-0.0250655$ & $0.00532306$ & $0.0389069$ & $0.019946$ & $0.0158348$ & $0.0083628$ & $-0.0452673$ & $0.0191623$ & $0.0208166$ & $0.00653307$ & $-0.00378213$ & $-0.0173823$ & $0.0173857$ & $-0.0390841$ & $-0.0165119$ \\
CHe_22 & $-0.0203942$ & $-0.0613495$ & $-0.00238993$ & $0.0234608$ & $-0.0165302$ & $-0.205605$ & $-0.0814893$ & $0.901059$ & $0.881826$ & $-0.398134$ & $-0.991487$ & $-0.365968$ & $0.176729$ & $0.44309$ & $0.3491$ & $0.35264$ & $0.176496$ & $-0.0917649$ & $-0.0984382$ & $0.973284$ & $1$ & $0.976159$ & $0.0604338$ & $-0.3921$ & $-0.0609168$ & $-0.584166$ & $0.380283$ & $0.314811$ & $0.0141244$ & $0.0681075$ & $0.0348697$ & $-0.0814071$ & $0.0537279$ & $0.468915$ & $-0.0354614$ & $-0.00533194$ & $0.044816$ & $0.0206962$ & $0.00831896$ & $0.00758668$ & $-0.0396594$ & $0.012167$ & $0.00863506$ & $0.0091757$ & $0.00365391$ & $-0.0279978$ & $0.0160815$ & $-0.0398927$ & $-0.0117829$ \\
CHe_33 & $-0.0131989$ & $-0.0605248$ & $-0.00464781$ & $0.0312513$ & $-0.0169346$ & $-0.197027$ & $-0.0854111$ & $0.884339$ & $0.86527$ & $-0.39079$ & $-0.970706$ & $-0.360934$ & $0.17727$ & $0.429135$ & $0.336841$ & $0.363352$ & $0.16891$ & $-0.088985$ & $-0.0925837$ & $0.952601$ & $0.976159$ & $1$ & $0.0551716$ & $-0.390358$ & $-0.0603102$ & $-0.569133$ & $0.377085$ & $0.303701$ & $0.00947568$ & $0.0667295$ & $0.0303764$ & $-0.0863547$ & $0.0504098$ & $0.467162$ & $-0.0370827$ & $-0.00763149$ & $0.0345495$ & $0.018537$ & $-0.000114316$ & $0.0116455$ & $-0.0435589$ & $0.013616$ & $0.00841069$ & $0.00691538$ & $-0.00867988$ & $-0.0240862$ & $0.0126294$ & $-0.0444426$ & $-0.0165811$ \\
CHQ1_11 & $-0.0502875$ & $0.0363441$ & $-0.0617186$ & $0.0227482$ & $-0.0306929$ & $0.000389313$ & $0.0267779$ & $0.0821027$ & $0.0858183$ & $-0.0426393$ & $-0.0344059$ & $-0.00891818$ & $0.0149983$ & $-0.0605673$ & $-0.165495$ & $-0.134392$ & $-0.063097$ & $0.0138067$ & $-0.00862368$ & $0.01209$ & $0.0604338$ & $0.0551716$ & $1$ & $-0.131954$ & $0.0686114$ & $-0.682106$ & $0.336662$ & $0.0422295$ & $-0.0192048$ & $0.0307257$ & $0.020139$ & $0.0307048$ & $0.0238103$ & $0.212763$ & $-0.0377431$ & $0.00145637$ & $0.022981$ & $-0.0267695$ & $-0.0363491$ & $0.00867701$ & $0.0335982$ & $-0.0187269$ & $-0.0194179$ & $-0.00728029$ & $0.0244307$ & $-0.0400041$ & $0.0119486$ & $-0.0229415$ & $0.00168066$ \\
CHQ1_33 & $-0.0152259$ & $0.0283701$ & $0.030356$ & $-0.0791067$ & $0.0212704$ & $0.00914093$ & $0.100365$ & $-0.687207$ & $-0.682304$ & $0.562622$ & $0.340254$ & $0.320079$ & $-0.380039$ & $0.470408$ & $0.0776445$ & $0.0746769$ & $0.660813$ & $0.623882$ & $0.623078$ & $-0.289298$ & $-0.3921$ & $-0.390358$ & $-0.131954$ & $1$ & $0.650834$ & $0.234637$ & $-0.416692$ & $-0.0267198$ & $-0.0246912$ & $-0.115079$ & $-0.0675264$ & $0.0967276$ & $-0.120159$ & $-0.634549$ & $0.0478146$ & $0.0124378$ & $-0.0456089$ & $-0.00801112$ & $0.0256221$ & $0.0187506$ & $-0.0235859$ & $-0.010098$ & $0.0417104$ & $0.0419181$ & $-0.00257299$ & $-0.00058022$ & $-0.0469971$ & $-0.0166938$ & $-0.006497$ \\
CHQ3_11 & $-0.120908$ & $0.0261514$ & $-0.0279705$ & $-0.0392029$ & $-0.00528672$ & $-0.0771923$ & $0.0813345$ & $-0.428431$ & $-0.428837$ & $0.502244$ & $0.0555427$ & $0.228097$ & $-0.381038$ & $0.607544$ & $-0.154625$ & $-0.135047$ & $0.780052$ & $0.805782$ & $0.797876$ & $-0.0506589$ & $-0.0609168$ & $-0.0603102$ & $0.0686114$ & $0.650834$ & $1$ & $0.0460945$ & $0.192122$ & $-0.0239601$ & $0.00146447$ & $-0.0957201$ & $-0.0701798$ & $0.0687171$ & $-0.114882$ & $-0.213088$ & $0.0412215$ & $-0.0151009$ & $-0.0132965$ & $0.0225411$ & $0.024523$ & $0.0222976$ & $-0.00126408$ & $-0.012236$ & $0.0299433$ & $0.0430574$ & $0.0310737$ & $-0.033638$ & $-0.0353425$ & $-0.0450988$ & $-0.00829944$ \\
CHu_11 & $0.00250422$ & $0.0168835$ & $0.0305768$ & $-0.00991797$ & $0.0254378$ & $0.10626$ & $0.0250523$ & $-0.530891$ & $-0.521656$ & $0.226442$ & $0.581897$ & $0.19159$ & $-0.0979561$ & $-0.258824$ & $-0.201848$ & $-0.217224$ & $-0.0944812$ & $0.055$ & $0.0705932$ & $-0.573024$ & $-0.584166$ & $-0.569133$ & $-0.682106$ & $0.234637$ & $0.0460945$ & $1$ & $-0.186704$ & $-0.217376$ & $0.0179727$ & $-0.0470476$ & $-0.0418257$ & $0.0211228$ & $-0.0444424$ & $-0.279716$ & $0.0322479$ & $-0.0100447$ & $-0.0260309$ & $0.0213159$ & $0.0240474$ & $-0.000315491$ & $0.0112121$ & $0.000719237$ & $0.0184832$ & $0.0044656$ & $-0.00104123$ & $0.00514328$ & $-0.0236934$ & $0.0356335$ & $-0.00798487$ \\
CHd_11 & $-0.0851108$ & $0.00378904$ & $-0.0624561$ & $0.0315322$ & $-0.0330354$ & $-0.0758795$ & $-0.0559866$ & $0.420256$ & $0.414449$ & $-0.223252$ & $-0.301752$ & $-0.187288$ & $0.120669$ & $-0.0960837$ & $-0.387947$ & $-0.368026$ & $-0.134946$ & $0.00530164$ & $0.00173686$ & $0.22772$ & $0.380283$ & $0.377085$ & $0.336662$ & $-0.416692$ & $0.192122$ & $-0.186704$ & $1$ & $0.0971$ & $0.0386186$ & $0.0580707$ & $0.0205231$ & $-0.0583833$ & $0.0480356$ & $0.688573$ & $-0.0205478$ & $-0.0473534$ & $0.0606887$ & $0.0223062$ & $-0.00871389$ & $0.0285687$ & $0.0340816$ & $-0.0290695$ & $-0.0309254$ & $-0.00939878$ & $0.0334929$ & $-0.080512$ & $-0.000907214$ & $-0.0128944$ & $-0.00202251$ \\
CHd_33 & $0.0289719$ & $-0.0293228$ & $-0.0256619$ & $-0.0465104$ & $-0.00525815$ & $-0.0773702$ & $-0.031155$ & $0.285692$ & $0.276136$ & $-0.135765$ & $-0.315018$ & $-0.122573$ & $0.0437526$ & $0.144276$ & $0.10537$ & $0.126813$ & $0.0539137$ & $-0.0231699$ & $-0.0456512$ & $0.308203$ & $0.314811$ & $0.303701$ & $0.0422295$ & $-0.0267198$ & $-0.0239601$ & $-0.217376$ & $0.0971$ & $1$ & $0.00838037$ & $0.0151934$ & $0.0512343$ & $-0.0253177$ & $0.0106677$ & $0.15275$ & $-0.0230815$ & $0.0161651$ & $-0.0269787$ & $0.0137023$ & $-0.018947$ & $0.00674328$ & $-0.0223122$ & $0.0326237$ & $-0.0415696$ & $-0.0232233$ & $0.0546163$ & $-0.0121127$ & $0.0731833$ & $-0.0583316$ & $-0.00894871$ \\
CeH_22r & $-0.00139328$ & $0.0248383$ & $0.00451714$ & $0.0140165$ & $-0.00399617$ & $-0.0214813$ & $0.011317$ & $0.0136096$ & $0.0219441$ & $-0.0241842$ & $-0.00755321$ & $0.00796394$ & $0.0248175$ & $-0.0143674$ & $-0.0336269$ & $-0.0439549$ & $0.000937585$ & $0.00795079$ & $0.0125063$ & $0.00222165$ & $0.0141244$ & $0.00947568$ & $-0.0192048$ & $-0.0246912$ & $0.00146447$ & $0.0179727$ & $0.0386186$ & $0.00838037$ & $1$ & $0.0696994$ & $0.0393105$ & $0.00296908$ & $0.0989442$ & $0.0443599$ & $-0.0262773$ & $0.0142895$ & $-0.00566329$ & $0.0346303$ & $0.0628235$ & $0.0536029$ & $0.0020898$ & $0.0328578$ & $0.00271949$ & $-0.0235405$ & $0.0331889$ & $0.0133377$ & $0.00264533$ & $0.0299205$ & $0.0480825$ \\
CeH_33r & $0.00301697$ & $-0.0319549$ & $-0.0182057$ & $0.020692$ & $-0.00526893$ & $-0.000315577$ & $-0.119068$ & $0.106326$ & $0.127562$ & $-0.126911$ & $-0.061667$ & $0.0268301$ & $0.247189$ & $-0.0556318$ & $0.00821903$ & $-0.00122183$ & $-0.0906859$ & $-0.0941744$ & $-0.0835067$ & $0.0569702$ & $0.0681075$ & $0.0667295$ & $0.0307257$ & $-0.115079$ & $-0.0957201$ & $-0.0470476$ & $0.0580707$ & $0.0151934$ & $0.0696994$ & $1$ & $0.309402$ & $0.0232523$ & $0.638332$ & $0.0755464$ & $-0.0993784$ & $-0.0264352$ & $-0.136364$ & $-0.0306887$ & $-0.031583$ & $-0.018093$ & $0.00671533$ & $-0.0417095$ & $-0.00679507$ & $0.00955021$ & $0.0550315$ & $0.00946881$ & $0.024223$ & $0.0176918$ & $-0.0248444$ \\
CuH_22r & $0.0217601$ & $0.0066339$ & $-0.0797561$ & $-0.0319013$ & $0.000847806$ & $-0.00257531$ & $-0.063655$ & $0.0619861$ & $0.0788624$ & $-0.0860943$ & $-0.0326998$ & $-0.0332431$ & $0.120352$ & $-0.0406018$ & $0.00194857$ & $0.00551578$ & $-0.0653858$ & $-0.0577137$ & $-0.0626839$ & $0.034224$ & $0.0348697$ & $0.0303764$ & $0.020139$ & $-0.0675264$ & $-0.0701798$ & $-0.0418257$ & $0.0205231$ & $0.0512343$ & $0.0393105$ & $0.309402$ & $1$ & $0.0245613$ & $0.326361$ & $0.0472675$ & $0.0572281$ & $0.00609496$ & $-0.055058$ & $0.00540988$ & $-0.0355113$ & $-0.0119016$ & $-0.0201179$ & $-0.0107523$ & $0.00591075$ & $-0.0293423$ & $-0.00353577$ & $0.0192068$ & $0.370699$ & $-0.0331134$ & $-0.0366357$ \\
CuH_33r & $-0.0115183$ & $0.0219079$ & $0.018459$ & $0.00465206$ & $0.0268732$ & $0.017336$ & $0.933561$ & $-0.108547$ & $-0.0683686$ & $0.0813893$ & $0.0786437$ & $0.187192$ & $-0.242958$ & $0.0174668$ & $-0.0107521$ & $-0.0203666$ & $0.0728683$ & $0.0661504$ & $0.0702249$ & $-0.074871$ & $-0.0814071$ & $-0.0863547$ & $0.0307048$ & $0.0967276$ & $0.0687171$ & $0.0211228$ & $-0.0583833$ & $-0.0253177$ & $0.00296908$ & $0.0232523$ & $0.0245613$ & $1$ & $0.0164419$ & $-0.0734794$ & $0.0430725$ & $0.0234618$ & $0.00237227$ & $-0.0126493$ & $-0.0133387$ & $0.0113491$ & $-0.0369605$ & $0.00611096$ & $-0.020638$ & $-0.0159601$ & $0.00768179$ & $0.00157489$ & $9.91805e-05$ & $-0.00386247$ & $-0.0416793$ \\
CdH_33r & $-0.00825343$ & $-0.0209503$ & $0.0361391$ & $-0.0247229$ & $-0.00295567$ & $-0.0142159$ & $-0.151106$ & $0.103011$ & $0.124916$ & $-0.157087$ & $-0.0475399$ & $-0.00789182$ & $0.332498$ & $-0.0771837$ & $0.0285351$ & $-0.0153199$ & $-0.114574$ & $-0.128023$ & $-0.0940823$ & $0.0448277$ & $0.0537279$ & $0.0504098$ & $0.0238103$ & $-0.120159$ & $-0.114882$ & $-0.0444424$ & $0.0480356$ & $0.0106677$ & $0.0989442$ & $0.638332$ & $0.326361$ & $0.0164419$ & $1$ & $0.05495$ & $-0.0848991$ & $0.0116196$ & $-0.194533$ & $-0.0449116$ & $0.0569319$ & $-0.00929442$ & $0.0355399$ & $-0.0177057$ & $-0.0303123$ & $-0.0790861$ & $-0.0381359$ & $0.116857$ & $-0.0465016$ & $0.184088$ & $0.418238$ \\
CLL_1221 & $-0.0409833$ & $0.0170938$ & $-0.0327971$ & $0.0404615$ & $-0.0321295$ & $-0.110404$ & $-0.0627997$ & $0.569718$ & $0.562501$ & $-0.354734$ & $-0.384842$ & $-0.265143$ & $0.191462$ & $-0.215075$ & $-0.569402$ & $-0.0891645$ & $-0.237524$ & $0.0241541$ & $-0.338073$ & $0.306282$ & $0.468915$ & $0.467162$ & $0.212763$ & $-0.634549$ & $-0.213088$ & $-0.279716$ & $0.688573$ & $0.15275$ & $0.0443599$ & $0.0755464$ & $0.0472675$ & $-0.0734794$ & $0.05495$ & $1$ & $-0.0519965$ & $-0.0409731$ & $0.0513824$ & $-0.0026323$ & $-0.00389471$ & $-0.00889275$ & $0.0250966$ & $-0.0117344$ & $-0.0597284$ & $0.00205792$ & $0.0296311$ & $-0.0564304$ & $0.0130575$ & $0.000694568$ & $-0.0061974$ \\
eHggint & $-0.0139732$ & $0.137897$ & $0.070591$ & $-0.202823$ & $0.0387457$ & $0.0271484$ & $-0.0308074$ & $-0.0470894$ & $-0.0619399$ & $0.060239$ & $0.033085$ & $0.0655676$ & $0.0153313$ & $0.0224518$ & $0.0172556$ & $0.0159105$ & $0.0130792$ & $0.0157658$ & $0.0165355$ & $-0.0250655$ & $-0.0354614$ & $-0.0370827$ & $-0.0377431$ & $0.0478146$ & $0.0412215$ & $0.0322479$ & $-0.0205478$ & $-0.0230815$ & $-0.0262773$ & $-0.0993784$ & $0.0572281$ & $0.0430725$ & $-0.0848991$ & $-0.0519965$ & $1$ & $0.0537156$ & $-0.00304989$ & $0.0190834$ & $0.0979232$ & $-0.00488397$ & $0.0994404$ & $-0.0209526$ & $0.0632815$ & $0.0176736$ & $-0.0903875$ & $-0.0409475$ & $0.19533$ & $0.0441978$ & $-0.0473759$ \\
eHggpar & $0.0789026$ & $-0.0808846$ & $0.0762534$ & $-0.0759491$ & $0.0063556$ & $0.0237632$ & $-0.0117268$ & $-0.00691459$ & $-0.00593595$ & $0.043415$ & $-0.00128902$ & $0.0490815$ & $0.0232201$ & $0.0106213$ & $0.0355512$ & $0.0147521$ & $0.010749$ & $-0.00594222$ & $0.00898192$ & $0.00532306$ & $-0.00533194$ & $-0.00763149$ & $0.00145637$ & $0.0124378$ & $-0.0151009$ & $-0.0100447$ & $-0.0473534$ & $0.0161651$ & $0.0142895$ & $-0.0264352$ & $0.00609496$ & $0.0234618$ & $0.0116196$ & $-0.0409731$ & $0.0537156$ & $1$ & $0.0816031$ & $-0.00246637$ & $0.0410184$ & $0.0331511$ & $0.012423$ & $0.0574716$ & $0.130775$ & $0.0627751$ & $0.0639806$ & $-0.03888$ & $0.150011$ & $0.0622285$ & $0.106364$ \\
eHWWint & $0.00286877$ & $0.0357711$ & $0.062602$ & $-0.0170472$ & $-0.0485982$ & $0.0145105$ & $0.0317083$ & $0.0538915$ & $0.0431328$ & $-0.0264193$ & $-0.0412842$ & $-0.0190637$ & $0.0189605$ & $-0.00540894$ & $-0.00141782$ & $0.00451147$ & $-0.0223752$ & $-0.0223101$ & $-0.0296821$ & $0.0389069$ & $0.044816$ & $0.0345495$ & $0.022981$ & $-0.0456089$ & $-0.0132965$ & $-0.0260309$ & $0.0606887$ & $-0.0269787$ & $-0.00566329$ & $-0.136364$ & $-0.055058$ & $0.00237227$ & $-0.194533$ & $0.0513824$ & $-0.00304989$ & $0.0816031$ & $1$ & $0.0279943$ & $-0.0752069$ & $0.0101744$ & $-0.0551988$ & $4.55468e-05$ & $-0.10109$ & $0.0657674$ & $0.0651888$ & $-0.0813598$ & $0.0822732$ & $-0.0349297$ & $-0.058506$ \\
eHWWpar & $-0.0348531$ & $0.0153385$ & $0.00806976$ & $-0.00359976$ & $0.0192779$ & $-0.0179391$ & $-0.00495203$ & $0.0155511$ & $0.0154479$ & $0.0291841$ & $-0.0201657$ & $0.0207585$ & $-0.00383958$ & $0.0218794$ & $0.0172773$ & $-0.000771766$ & $0.0066285$ & $-0.00340157$ & $0.00696491$ & $0.019946$ & $0.0206962$ & $0.018537$ & $-0.0267695$ & $-0.00801112$ & $0.0225411$ & $0.0213159$ & $0.0223062$ & $0.0137023$ & $0.0346303$ & $-0.0306887$ & $0.00540988$ & $-0.0126493$ & $-0.0449116$ & $-0.0026323$ & $0.0190834$ & $-0.00246637$ & $0.0279943$ & $1$ & $0.0581951$ & $0.0433326$ & $-0.0197714$ & $-0.0148374$ & $0.00741648$ & $0.0267974$ & $0.0631526$ & $0.00795256$ & $0.0280892$ & $-0.0224817$ & $0.00334757$ \\
eHZZint & $0.0329223$ & $-0.0102164$ & $0.0844944$ & $0.00609237$ & $0.00487306$ & $0.018227$ & $-0.0356223$ & $-0.00569998$ & $-0.0117443$ & $0.0239127$ & $-0.0113859$ & $0.00509222$ & $-0.000678542$ & $0.031252$ & $-0.000224329$ & $0.0287088$ & $0.0309149$ & $0.0358529$ & $0.00929305$ & $0.0158348$ & $0.00831896$ & $-0.000114316$ & $-0.0363491$ & $0.0256221$ & $0.024523$ & $0.0240474$ & $-0.00871389$ & $-0.018947$ & $0.0628235$ & $-0.031583$ & $-0.0355113$ & $-0.0133387$ & $0.0569319$ & $-0.00389471$ & $0.0979232$ & $0.0410184$ & $-0.0752069$ & $0.0581951$ & $1$ & $-0.0150785$ & $0.135635$ & $0.011309$ & $0.0121673$ & $-0.0392752$ & $0.0398404$ & $0.00720627$ & $-0.0700559$ & $-0.0634593$ & $0.195893$ \\
eHZZpar & $-0.0226894$ & $0.00549506$ & $0.0274045$ & $-0.0589681$ & $-0.02516$ & $0.00674314$ & $0.018312$ & $0.00484304$ & $0.00385762$ & $-0.000352114$ & $-0.00823204$ & $0.0209985$ & $-0.0332258$ & $0.01018$ & $0.0142704$ & $0.00150796$ & $0.00606399$ & $-0.00516176$ & $0.00540433$ & $0.0083628$ & $0.00758668$ & $0.0116455$ & $0.00867701$ & $0.0187506$ & $0.0222976$ & $-0.000315491$ & $0.0285687$ & $0.00674328$ & $0.0536029$ & $-0.018093$ & $-0.0119016$ & $0.0113491$ & $-0.00929442$ & $-0.00889275$ & $-0.00488397$ & $0.0331511$ & $0.0101744$ & $0.0433326$ & $-0.0150785$ & $1$ & $0.0129102$ & $0.00728111$ & $-0.0139209$ & $-0.0506047$ & $-0.00643318$ & $0.00590932$ & $-0.0493933$ & $0.0690803$ & $-0.00717106$ \\
eHZgaint & $-0.0632377$ & $0.0124577$ & $0.0953049$ & $-0.028814$ & $-0.00506062$ & $0.062181$ & $-0.0546947$ & $-0.0213687$ & $-0.0286176$ & $-0.0568324$ & $0.0454622$ & $-0.0205305$ & $-0.0023195$ & $-0.0506888$ & $-0.0539487$ & $-0.0380471$ & $-0.0452548$ & $-0.00695503$ & $-0.0245384$ & $-0.0452673$ & $-0.0396594$ & $-0.0435589$ & $0.0335982$ & $-0.0235859$ & $-0.00126408$ & $0.0112121$ & $0.0340816$ & $-0.0223122$ & $0.0020898$ & $0.00671533$ & $-0.0201179$ & $-0.0369605$ & $0.0355399$ & $0.0250966$ & $0.0994404$ & $0.012423$ & $-0.0551988$ & $-0.0197714$ & $0.135635$ & $0.0129102$ & $1$ & $-0.0350757$ & $-0.0278006$ & $-0.0251116$ & $0.0114634$ & $-0.0714578$ & $-0.051502$ & $0.110776$ & $0.0321585$ \\
eHZgapar & $0.027676$ & $-0.00785363$ & $-0.0052014$ & $-0.0399107$ & $-0.0137154$ & $0.0245082$ & $0.00671093$ & $0.0113352$ & $0.0100653$ & $-0.00554158$ & $-0.0163036$ & $-0.00724217$ & $-0.00267959$ & $0.0229347$ & $0.0168962$ & $0.0349045$ & $-0.00617018$ & $-0.00146177$ & $-0.0151723$ & $0.0191623$ & $0.012167$ & $0.013616$ & $-0.0187269$ & $-0.010098$ & $-0.012236$ & $0.000719237$ & $-0.0290695$ & $0.0326237$ & $0.0328578$ & $-0.0417095$ & $-0.0107523$ & $0.00611096$ & $-0.0177057$ & $-0.0117344$ & $-0.0209526$ & $0.0574716$ & $4.55468e-05$ & $-0.0148374$ & $0.011309$ & $0.00728111$ & $-0.0350757$ & $1$ & $-0.000857062$ & $0.0130391$ & $0.0275563$ & $0.0666736$ & $0.0093389$ & $-0.0464095$ & $0.0677961$ \\
eHgagaint & $-0.114865$ & $-0.0485319$ & $-0.0616438$ & $0.0212733$ & $0.00596275$ & $-0.00334378$ & $-0.0172992$ & $-0.00435918$ & $0.063113$ & $-0.00686742$ & $-0.0173374$ & $-0.0365405$ & $0.0127152$ & $0.0506128$ & $0.0569342$ & $0.0265562$ & $0.0295705$ & $0.00369266$ & $0.0280862$ & $0.0208166$ & $0.00863506$ & $0.00841069$ & $-0.0194179$ & $0.0417104$ & $0.0299433$ & $0.0184832$ & $-0.0309254$ & $-0.0415696$ & $0.00271949$ & $-0.00679507$ & $0.00591075$ & $-0.020638$ & $-0.0303123$ & $-0.0597284$ & $0.0632815$ & $0.130775$ & $-0.10109$ & $0.00741648$ & $0.0121673$ & $-0.0139209$ & $-0.0278006$ & $-0.000857062$ & $1$ & $0.0575692$ & $-0.0868108$ & $0.0884955$ & $-0.00966751$ & $0.0269157$ & $-0.101355$ \\
eHmumuint & $0.076539$ & $0.0441283$ & $0.0189067$ & $-0.0601784$ & $0.0287219$ & $-0.0486307$ & $-0.00208824$ & $-0.0209278$ & $-0.0164146$ & $0.0192041$ & $-0.00961059$ & $0.0160111$ & $-0.0458204$ & $0.0517302$ & $-0.0134455$ & $0.018247$ & $0.0688049$ & $0.0665048$ & $0.0440662$ & $0.00653307$ & $0.0091757$ & $0.00691538$ & $-0.00728029$ & $0.0419181$ & $0.0430574$ & $0.0044656$ & $-0.00939878$ & $-0.0232233$ & $-0.0235405$ & $0.00955021$ & $-0.0293423$ & $-0.0159601$ & $-0.0790861$ & $0.00205792$ & $0.0176736$ & $0.0627751$ & $0.0657674$ & $0.0267974$ & $-0.0392752$ & $-0.0506047$ & $-0.0251116$ & $0.0130391$ & $0.0575692$ & $1$ & $-0.0426173$ & $0.0210014$ & $-0.0278504$ & $-0.0729386$ & $-0.0786982$ \\
eHtautauint & $-0.151613$ & $-0.0803163$ & $-0.0309007$ & $0.147838$ & $0.00617455$ & $0.00681355$ & $0.00673263$ & $0.00143868$ & $-0.00382836$ & $0.0322446$ & $0.000600037$ & $0.0104835$ & $0.00159319$ & $0.000140321$ & $-0.0389448$ & $-0.0420929$ & $0.00425138$ & $0.0244127$ & $0.01844$ & $-0.00378213$ & $0.00365391$ & $-0.00867988$ & $0.0244307$ & $-0.00257299$ & $0.0310737$ & $-0.00104123$ & $0.0334929$ & $0.0546163$ & $0.0331889$ & $0.0550315$ & $-0.00353577$ & $0.00768179$ & $-0.0381359$ & $0.0296311$ & $-0.0903875$ & $0.0639806$ & $0.0651888$ & $0.0631526$ & $0.0398404$ & $-0.00643318$ & $0.0114634$ & $0.0275563$ & $-0.0868108$ & $-0.0426173$ & $1$ & $-0.204811$ & $0.0566021$ & $-0.0381888$ & $-0.0471491$ \\
eHccint & $0.134555$ & $-0.048363$ & $0.102433$ & $0.0434153$ & $-0.00822201$ & $0.0343558$ & $-0.012096$ & $-0.0221565$ & $-0.0151363$ & $0.0360077$ & $0.0205149$ & $0.036145$ & $-0.0072378$ & $0.00598662$ & $0.0380738$ & $0.0259695$ & $-0.00738647$ & $-0.0191007$ & $-0.00613673$ & $-0.0173823$ & $-0.0279978$ & $-0.0240862$ & $-0.0400041$ & $-0.00058022$ & $-0.033638$ & $0.00514328$ & $-0.080512$ & $-0.0121127$ & $0.0133377$ & $0.00946881$ & $0.0192068$ & $0.00157489$ & $0.116857$ & $-0.0564304$ & $-0.0409475$ & $-0.03888$ & $-0.0813598$ & $0.00795256$ & $0.00720627$ & $0.00590932$ & $-0.0714578$ & $0.0666736$ & $0.0884955$ & $0.0210014$ & $-0.204811$ & $1$ & $-0.124852$ & $0.0237547$ & $0.201944$ \\
eHccpar & $-0.0110169$ & $0.0593336$ & $-0.0904379$ & $-0.111225$ & $0.0137599$ & $-0.0107543$ & $-0.0149963$ & $0.0288106$ & $0.0297527$ & $-0.0400107$ & $-0.0145775$ & $-0.0210344$ & $0.0574322$ & $-0.0176384$ & $0.0102598$ & $-0.00330459$ & $-0.0407318$ & $-0.0360514$ & $-0.0297306$ & $0.0173857$ & $0.0160815$ & $0.0126294$ & $0.0119486$ & $-0.0469971$ & $-0.0353425$ & $-0.0236934$ & $-0.000907214$ & $0.0731833$ & $0.00264533$ & $0.024223$ & $0.370699$ & $9.91805e-05$ & $-0.0465016$ & $0.0130575$ & $0.19533$ & $0.150011$ & $0.0822732$ & $0.0280892$ & $-0.0700559$ & $-0.0493933$ & $-0.051502$ & $0.0093389$ & $-0.00966751$ & $-0.0278504$ & $0.0566021$ & $-0.124852$ & $1$ & $-0.128641$ & $-0.0844822$ \\
eHbbint & $0.195028$ & $0.0415907$ & $0.164526$ & $-0.0806417$ & $-0.017514$ & $-0.016901$ & $-0.0122932$ & $-0.0253352$ & $-0.0270373$ & $-0.00458176$ & $0.0427551$ & $-0.0100336$ & $0.0206837$ & $-0.0587406$ & $-0.018554$ & $-0.0144338$ & $-0.0262344$ & $-0.0212474$ & $-0.0285453$ & $-0.0390841$ & $-0.0398927$ & $-0.0444426$ & $-0.0229415$ & $-0.0166938$ & $-0.0450988$ & $0.0356335$ & $-0.0128944$ & $-0.0583316$ & $0.0299205$ & $0.0176918$ & $-0.0331134$ & $-0.00386247$ & $0.184088$ & $0.000694568$ & $0.0441978$ & $0.0622285$ & $-0.0349297$ & $-0.0224817$ & $-0.0634593$ & $0.0690803$ & $0.110776$ & $-0.0464095$ & $0.0269157$ & $-0.0729386$ & $-0.0381888$ & $0.0237547$ & $-0.128641$ & $1$ & $0.068189$ \\
eHbbpar & $-0.059882$ & $-0.00253566$ & $0.103218$ & $-0.0914841$ & $0.0190745$ & $-0.0165666$ & $-0.0297778$ & $-0.00446385$ & $-0.01231$ & $-0.0439163$ & $0.0154406$ & $-0.0581364$ & $0.0290299$ & $-0.00544405$ & $-0.00466386$ & $-0.0378982$ & $-0.0262025$ & $-0.0154888$ & $0.00325294$ & $-0.0165119$ & $-0.0117829$ & $-0.0165811$ & $0.00168066$ & $-0.006497$ & $-0.00829944$ & $-0.00798487$ & $-0.00202251$ & $-0.00894871$ & $0.0480825$ & $-0.0248444$ & $-0.0366357$ & $-0.0416793$ & $0.418238$ & $-0.0061974$ & $-0.0473759$ & $0.106364$ & $-0.058506$ & $0.00334757$ & $0.195893$ & $-0.00717106$ & $0.0321585$ & $0.0677961$ & $-0.101355$ & $-0.0786982$ & $-0.0471491$ & $0.201944$ & $-0.0844822$ & $0.068189$ & $1$ \\
