 & AlsMz & dAle5Mz & mtop & mHl & Mz & CW & CHG & CHWB & CHWHB_gaga & CHWHB_gagaorth & CHD & CHbox & CH & CHL1_11 & CHL1_22 & CHL1_33 & CHL3_11 & CHL3_22 & CHL3_33 & CHe_11 & CHe_22 & CHe_33 & CHQ1_11 & CHQ1_33 & CHQ3_11 & CHu_11 & CHd_11 & CHd_33 & CeH_22r & CeH_33r & CuH_22r & CuH_33r & CdH_33r & CLL_1221 & eHggint & eHggpar & eHWWint & eHWWpar & eHZZint & eHZZpar & eHZgaint & eHZgapar & eHgagaint & eHmumuint & eHtautauint & eHccint & eHccpar & eHbbint & eHbbpar \\
AlsMz & $1$ & $0.0136742$ & $-0.0363422$ & $0.00358453$ & $0.0641575$ & $0.0067619$ & $-0.0258307$ & $-0.0544867$ & $-0.0580274$ & $0.0273208$ & $0.0315503$ & $-0.0297612$ & $0.0320636$ & $0.00482934$ & $-0.0287953$ & $-0.0690251$ & $0.0365441$ & $0.0437704$ & $0.0663785$ & $-0.0399554$ & $-0.035574$ & $-0.0349052$ & $-0.0106084$ & $-0.0306146$ & $-0.00897049$ & $0.0180702$ & $0.0112832$ & $-0.049833$ & $-0.00872786$ & $-0.0093628$ & $0.0477383$ & $-0.0249291$ & $0.011842$ & $-0.0256682$ & $0.134364$ & $0.0477825$ & $-0.063935$ & $-0.000901289$ & $0.0119128$ & $-0.0178063$ & $0.0314915$ & $-0.0270854$ & $0.0276663$ & $0.0481459$ & $0.0158905$ & $0.0653144$ & $0.0333108$ & $0.00289282$ & $-0.0453627$ \\
dAle5Mz & $0.0136742$ & $1$ & $0.00209554$ & $-0.0983388$ & $0.015586$ & $-0.0136183$ & $0.0322153$ & $-0.0645316$ & $-0.0619811$ & $0.0653734$ & $0.0336583$ & $0.0267987$ & $-0.0251753$ & $-0.0142754$ & $0.0122892$ & $0.0151622$ & $0.0547767$ & $0.0278028$ & $0.0235996$ & $-0.0126179$ & $-0.0187834$ & $-0.0165472$ & $-0.0141864$ & $0.0626364$ & $0.0399177$ & $0.0189875$ & $-0.00839799$ & $-0.0130321$ & $0.0487428$ & $-0.0325272$ & $-0.0243558$ & $0.0360652$ & $-0.0235461$ & $0.00104241$ & $0.0623853$ & $-0.00609369$ & $0.035555$ & $0.0067622$ & $0.0254009$ & $0.0207057$ & $-0.00177316$ & $-0.00965301$ & $0.0544639$ & $0.0491622$ & $0.0127026$ & $0.13726$ & $-0.0634759$ & $-0.0201257$ & $-0.0048749$ \\
mtop & $-0.0363422$ & $0.00209554$ & $1$ & $0.0779776$ & $0.0367184$ & $0.0657779$ & $-0.0319392$ & $-0.00983677$ & $-0.00576875$ & $0.00673013$ & $0.0281214$ & $-0.0449622$ & $0.030122$ & $-0.0232607$ & $-0.0556991$ & $-0.0766047$ & $-0.0212779$ & $0.00273773$ & $0.0239507$ & $-0.0269751$ & $-0.0154326$ & $-0.0103433$ & $0.0275092$ & $-0.0199447$ & $0.0138715$ & $0.00162115$ & $0.0619318$ & $0.0175911$ & $0.0174453$ & $-0.00241184$ & $-0.0578279$ & $-0.0351696$ & $-0.0235835$ & $0.0369511$ & $-0.00972057$ & $-0.0166534$ & $0.05655$ & $0.0193496$ & $-0.0371981$ & $0.0457395$ & $-0.11123$ & $0.0235604$ & $0.00024854$ & $-0.0440306$ & $0.00620055$ & $0.0138548$ & $-0.0694485$ & $0.118266$ & $-0.0894644$ \\
mHl & $0.00358453$ & $-0.0983388$ & $0.0779776$ & $1$ & $0.0228281$ & $0.0143036$ & $-0.073354$ & $-0.0385593$ & $-0.0466626$ & $0.0258888$ & $0.0304893$ & $-0.0708042$ & $0.0665854$ & $-0.00282799$ & $-0.0262267$ & $-0.0021042$ & $0.0163965$ & $0.032166$ & $0.0119233$ & $-0.0304882$ & $-0.0335154$ & $-0.0304063$ & $0.067974$ & $0.0328858$ & $0.0305058$ & $-0.00944745$ & $-0.00191663$ & $-0.0221345$ & $-0.0231948$ & $0.0399354$ & $0.00666487$ & $-0.0526368$ & $0.0456963$ & $-0.0186123$ & $0.108613$ & $0.0566982$ & $-0.00917724$ & $-0.0255513$ & $-0.14706$ & $-0.00976654$ & $0.042049$ & $0.0381018$ & $-0.101376$ & $-0.0396006$ & $-0.0575677$ & $0.0114796$ & $-0.0585839$ & $0.0891799$ & $0.016061$ \\
Mz & $0.0641575$ & $0.015586$ & $0.0367184$ & $0.0228281$ & $1$ & $0.0294334$ & $-0.0246112$ & $0.00394819$ & $0.00334926$ & $-0.0127081$ & $0.00954203$ & $-0.0480167$ & $0.0463589$ & $-0.00594187$ & $-0.0188966$ & $-0.0249206$ & $-0.0136223$ & $-0.00747545$ & $5.80281e-05$ & $-0.00704323$ & $0.00171$ & $-0.0002745$ & $0.0324716$ & $-0.0192639$ & $-0.00289168$ & $-0.0145737$ & $0.0393063$ & $-0.00442889$ & $0.014407$ & $0.0167461$ & $0.0200194$ & $-0.0213599$ & $0.0184088$ & $0.0176877$ & $0.0093367$ & $0.084178$ & $0.00217331$ & $0.00281802$ & $-0.0059185$ & $-0.0188049$ & $-0.0161031$ & $-0.0124094$ & $-0.0386651$ & $0.0278171$ & $0.0100915$ & $-0.0107131$ & $-0.0231378$ & $-0.0440767$ & $-2.63712e-05$ \\
CW & $0.0067619$ & $-0.0136183$ & $0.0657779$ & $0.0143036$ & $0.0294334$ & $1$ & $0.040619$ & $-0.0358619$ & $-0.0313104$ & $0.0352396$ & $0.155596$ & $0.0796435$ & $-0.054028$ & $-0.0395281$ & $-0.106698$ & $-0.119688$ & $-0.384754$ & $-0.173339$ & $-0.16284$ & $-0.154255$ & $-0.155635$ & $-0.156233$ & $-0.0145969$ & $-0.141792$ & $-0.213372$ & $0.117881$ & $-0.0365442$ & $-0.0585781$ & $-0.00395646$ & $-0.0700646$ & $-0.0126126$ & $0.0467407$ & $-0.0316738$ & $-0.0793773$ & $0.00859844$ & $-0.0289101$ & $-0.00781658$ & $-0.0532086$ & $0.000873813$ & $-0.0235968$ & $-0.023843$ & $-0.0435448$ & $0.000434784$ & $0.0061258$ & $-0.0139505$ & $0.00446875$ & $0.00820458$ & $0.0943835$ & $-0.016665$ \\
CHG & $-0.0258307$ & $0.0322153$ & $-0.0319392$ & $-0.073354$ & $-0.0246112$ & $0.040619$ & $1$ & $-0.0113975$ & $0.00455221$ & $0.160331$ & $0.0780345$ & $0.748651$ & $-0.781987$ & $-0.128333$ & $-0.00339307$ & $-0.0549096$ & $-0.136205$ & $-0.13768$ & $-0.106319$ & $-0.0767053$ & $-0.0769916$ & $-0.0859453$ & $0.0258669$ & $-0.0918923$ & $-0.142603$ & $0.0331125$ & $-0.0477621$ & $-0.037304$ & $-0.140949$ & $-0.587846$ & $-0.382305$ & $0.950809$ & $-0.584327$ & $-0.0184983$ & $-0.116051$ & $-0.150669$ & $-0.0652663$ & $-0.0394904$ & $0.0460432$ & $0.00051968$ & $0.0363667$ & $-0.0174839$ & $-0.0117676$ & $0.0319239$ & $0.0588303$ & $0.0745568$ & $-0.0170566$ & $0.0226591$ & $-0.00797144$ \\
CHWB & $-0.0544867$ & $-0.0645316$ & $-0.00983677$ & $-0.0385593$ & $0.00394819$ & $-0.0358619$ & $-0.0113975$ & $1$ & $0.99047$ & $-0.541925$ & $-0.875202$ & $-0.0591731$ & $0.00746533$ & $0.264817$ & $0.496717$ & $0.50063$ & $-0.244176$ & $-0.447338$ & $-0.443539$ & $0.860004$ & $0.88751$ & $0.877737$ & $0.00860908$ & $-0.633966$ & $-0.401334$ & $-0.621818$ & $0.369696$ & $0.359657$ & $0.0550131$ & $0.00672812$ & $0.0386217$ & $-0.0276268$ & $-0.0118613$ & $0.507685$ & $-0.00973563$ & $-0.0177605$ & $0.0615428$ & $-0.00989729$ & $0.0376338$ & $-0.0186397$ & $0.0178066$ & $-0.0218415$ & $-0.0250591$ & $0.0401444$ & $0.0383319$ & $0.00127331$ & $0.0157113$ & $-0.020809$ & $-0.0195197$ \\
CHWHB_gaga & $-0.0580274$ & $-0.0619811$ & $-0.00576875$ & $-0.0466626$ & $0.00334926$ & $-0.0313104$ & $0.00455221$ & $0.99047$ & $1$ & $-0.538405$ & $-0.865795$ & $-0.0636385$ & $0.0169314$ & $0.261953$ & $0.488271$ & $0.493219$ & $-0.245586$ & $-0.443061$ & $-0.440089$ & $0.850843$ & $0.878231$ & $0.868398$ & $0.0120941$ & $-0.629327$ & $-0.397972$ & $-0.618125$ & $0.368665$ & $0.357282$ & $0.0645226$ & $0.0288728$ & $0.0532662$ & $-0.0130126$ & $0.0128866$ & $0.50466$ & $-0.0186232$ & $-0.0214441$ & $0.0493245$ & $-0.00623802$ & $0.0421438$ & $-0.025162$ & $0.0067201$ & $-0.0244831$ & $0.0236348$ & $0.0408438$ & $0.0428404$ & $-9.66421e-06$ & $0.0136805$ & $-0.0159595$ & $-0.0188666$ \\
CHWHB_gagaorth & $0.0273208$ & $0.0653734$ & $0.00673013$ & $0.0258888$ & $-0.0127081$ & $0.0352396$ & $0.160331$ & $-0.541925$ & $-0.538405$ & $1$ & $0.462136$ & $0.309414$ & $-0.198121$ & $-0.117908$ & $-0.232647$ & $-0.254529$ & $0.149829$ & $0.245103$ & $0.249459$ & $-0.452285$ & $-0.471548$ & $-0.469991$ & $-0.0552491$ & $0.363982$ & $0.22712$ & $0.346306$ & $-0.232376$ & $-0.193681$ & $-0.0886873$ & $-0.181052$ & $-0.119805$ & $0.182189$ & $-0.189918$ & $-0.308556$ & $0.0216458$ & $-0.00261756$ & $-0.0314622$ & $-0.0427738$ & $-0.0408765$ & $0.00591645$ & $-0.0721788$ & $0.00664693$ & $0.0165442$ & $0.00581478$ & $0.026898$ & $0.0326921$ & $-0.0309947$ & $0.0410035$ & $0.0106461$ \\
CHD & $0.0315503$ & $0.0336583$ & $0.0281214$ & $0.0304893$ & $0.00954203$ & $0.155596$ & $0.0780345$ & $-0.875202$ & $-0.865795$ & $0.462136$ & $1$ & $0.150367$ & $-0.0797243$ & $-0.65722$ & $-0.61438$ & $-0.603409$ & $-0.227457$ & $0.0284578$ & $0.0236456$ & $-0.995055$ & $-0.995145$ & $-0.983195$ & $0.0485292$ & $0.223215$ & $-0.0289032$ & $0.696613$ & $-0.24454$ & $-0.407436$ & $-0.0619712$ & $-0.0767996$ & $-0.0846383$ & $0.0938979$ & $-0.065927$ & $-0.29701$ & $0.0247711$ & $0.0198261$ & $-0.0405905$ & $-0.00484371$ & $-0.0473244$ & $0.0276011$ & $0.0053536$ & $0.0290106$ & $0.0227779$ & $-0.0394346$ & $-0.0163286$ & $-0.0296637$ & $-0.00401484$ & $0.0388328$ & $-0.00104195$ \\
CHbox & $-0.0297612$ & $0.0267987$ & $-0.0449622$ & $-0.0708042$ & $-0.0480167$ & $0.0796435$ & $0.748651$ & $-0.0591731$ & $-0.0636385$ & $0.309414$ & $0.150367$ & $1$ & $-0.954344$ & $-0.195867$ & $-0.0270392$ & $-0.0796223$ & $-0.187154$ & $-0.177078$ & $-0.141208$ & $-0.146564$ & $-0.150974$ & $-0.153997$ & $-0.0148716$ & $-0.0929653$ & $-0.186199$ & $0.116283$ & $-0.0806877$ & $-0.0743171$ & $-0.188892$ & $-0.653489$ & $-0.402541$ & $0.681351$ & $-0.640565$ & $-0.048128$ & $-0.105541$ & $-0.13349$ & $-0.0584572$ & $-0.0482352$ & $0.093428$ & $-0.0101777$ & $-0.0185384$ & $0.00780862$ & $-0.0122468$ & $0.0377719$ & $0.0530116$ & $0.141704$ & $-0.0359997$ & $-0.000825828$ & $-0.00334951$ \\
CH & $0.0320636$ & $-0.0251753$ & $0.030122$ & $0.0665854$ & $0.0463589$ & $-0.054028$ & $-0.781987$ & $0.00746533$ & $0.0169314$ & $-0.198121$ & $-0.0797243$ & $-0.954344$ & $1$ & $0.138841$ & $-0.00191271$ & $0.0536563$ & $0.143034$ & $0.151598$ & $0.113159$ & $0.0788173$ & $0.0788227$ & $0.0818783$ & $0.0106819$ & $0.0914238$ & $0.154599$ & $-0.066686$ & $0.0452304$ & $0.0404005$ & $0.192444$ & $0.713863$ & $0.424769$ & $-0.696264$ & $0.704039$ & $0.0174068$ & $0.12047$ & $0.137378$ & $0.0515779$ & $0.0320648$ & $-0.0851271$ & $0.00364154$ & $-0.000545354$ & $-0.00883628$ & $0.0117424$ & $-0.0412959$ & $-0.050662$ & $-0.129277$ & $0.0177896$ & $0.00289292$ & $0.00470981$ \\
CHL1_11 & $0.00482934$ & $-0.0142754$ & $-0.0232607$ & $-0.00282799$ & $-0.00594187$ & $-0.0395281$ & $-0.128333$ & $0.264817$ & $0.261953$ & $-0.117908$ & $-0.65722$ & $-0.195867$ & $0.138841$ & $1$ & $0.429216$ & $0.397591$ & $0.629302$ & $0.567271$ & $0.574494$ & $0.666035$ & $0.630824$ & $0.620284$ & $-0.104185$ & $0.445471$ & $0.583572$ & $-0.448935$ & $-0.0628336$ & $0.282105$ & $0.0524014$ & $0.130753$ & $0.107937$ & $-0.134721$ & $0.142961$ & $-0.202338$ & $-0.0533543$ & $-0.023339$ & $-0.0247865$ & $0.010767$ & $0.0384004$ & $-0.0242128$ & $-0.0369286$ & $-0.02823$ & $-0.00612698$ & $0.0278308$ & $-0.0370111$ & $0.0383835$ & $-0.0167633$ & $-0.025344$ & $0.0372106$ \\
CHL1_22 & $-0.0287953$ & $0.0122892$ & $-0.0556991$ & $-0.0262267$ & $-0.0188966$ & $-0.106698$ & $-0.00339307$ & $0.496717$ & $0.488271$ & $-0.232647$ & $-0.61438$ & $-0.0270392$ & $-0.00191271$ & $0.429216$ & $1$ & $0.580216$ & $0.166822$ & $-0.318814$ & $-0.0335221$ & $0.655824$ & $0.560038$ & $0.554237$ & $-0.190917$ & $0.0112665$ & $-0.0901011$ & $-0.389091$ & $-0.312503$ & $0.21329$ & $0.017499$ & $-0.00100382$ & $0.0265504$ & $-0.0194244$ & $-0.0230372$ & $-0.452341$ & $-0.0383668$ & $-0.0353143$ & $0.0461986$ & $-0.00331229$ & $0.0492835$ & $-0.0261175$ & $-0.00652775$ & $-0.00421406$ & $0.0030665$ & $-0.00875618$ & $0.0195477$ & $0.0936918$ & $0.00822377$ & $-0.0160551$ & $-0.0449052$ \\
CHL1_33 & $-0.0690251$ & $0.0151622$ & $-0.0766047$ & $-0.0021042$ & $-0.0249206$ & $-0.119688$ & $-0.0549096$ & $0.50063$ & $0.493219$ & $-0.254529$ & $-0.603409$ & $-0.0796223$ & $0.0536563$ & $0.397591$ & $0.580216$ & $1$ & $0.147589$ & $-0.0572281$ & $-0.33246$ & $0.642684$ & $0.552485$ & $0.556576$ & $-0.200401$ & $-0.0014591$ & $-0.0994183$ & $-0.365502$ & $-0.281637$ & $0.234882$ & $0.034151$ & $0.0641927$ & $0.0704753$ & $-0.0603274$ & $0.038573$ & $-0.0162497$ & $-0.034699$ & $-0.0103939$ & $0.0328174$ & $0.0184214$ & $0.0439646$ & $-0.0111501$ & $-0.0289725$ & $-0.0121373$ & $-0.0112964$ & $-0.0272771$ & $0.0223335$ & $0.0963579$ & $0.000470007$ & $-0.0145808$ & $-0.0460511$ \\
CHL3_11 & $0.0365441$ & $0.0547767$ & $-0.0212779$ & $0.0163965$ & $-0.0136223$ & $-0.384754$ & $-0.136205$ & $-0.244176$ & $-0.245586$ & $0.149829$ & $-0.227457$ & $-0.187154$ & $0.143034$ & $0.629302$ & $0.166822$ & $0.147589$ & $1$ & $0.821439$ & $0.817517$ & $0.237489$ & $0.20674$ & $0.203458$ & $-0.0751999$ & $0.764518$ & $0.854965$ & $-0.14007$ & $-0.148368$ & $0.0794982$ & $0.00792759$ & $0.139136$ & $0.0862378$ & $-0.138616$ & $0.148853$ & $-0.269142$ & $-0.0205902$ & $0.00962734$ & $-0.0260952$ & $0.038027$ & $0.00178757$ & $-0.0185194$ & $-0.0409359$ & $-0.0138516$ & $-0.00565739$ & $-0.00562369$ & $-0.0289712$ & $0.042258$ & $-0.015686$ & $-0.0552843$ & $0.0434183$ \\
CHL3_22 & $0.0437704$ & $0.0278028$ & $0.00273773$ & $0.032166$ & $-0.00747545$ & $-0.173339$ & $-0.13768$ & $-0.447338$ & $-0.443061$ & $0.245103$ & $0.0284578$ & $-0.177078$ & $0.151598$ & $0.567271$ & $-0.318814$ & $-0.0572281$ & $0.821439$ & $1$ & $0.802443$ & $-0.0315893$ & $-0.0302178$ & $-0.0312638$ & $-0.00649748$ & $0.762109$ & $0.877849$ & $0.0212526$ & $-0.0407181$ & $0.00629301$ & $0.0130072$ & $0.146487$ & $0.0839472$ & $-0.128683$ & $0.171892$ & $-0.0940236$ & $-0.0133174$ & $0.0164423$ & $-0.0635878$ & $0.0310417$ & $-0.00789409$ & $-0.00337258$ & $-0.0446231$ & $-0.0138299$ & $-0.00215012$ & $0.00361213$ & $-0.0507831$ & $-0.000315548$ & $-0.0284344$ & $-0.0287327$ & $0.0634183$ \\
CHL3_33 & $0.0663785$ & $0.0235996$ & $0.0239507$ & $0.0119233$ & $5.80281e-05$ & $-0.16284$ & $-0.106319$ & $-0.443539$ & $-0.440089$ & $0.249459$ & $0.0236456$ & $-0.141208$ & $0.113159$ & $0.574494$ & $-0.0335221$ & $-0.33246$ & $0.817517$ & $0.802443$ & $1$ & $-0.0253985$ & $-0.0263329$ & $-0.0218906$ & $0.00283414$ & $0.755092$ & $0.870882$ & $0.00973564$ & $-0.0519439$ & $-0.00962565$ & $0.00109379$ & $0.103266$ & $0.0566955$ & $-0.105127$ & $0.129305$ & $-0.387723$ & $-0.0178395$ & $-0.00139247$ & $-0.0474039$ & $0.0211412$ & $-0.00323272$ & $-0.0121649$ & $-0.0247462$ & $-0.010652$ & $0.0101312$ & $0.0175534$ & $-0.0552017$ & $-0.00150781$ & $-0.0141693$ & $-0.0325367$ & $0.066559$ \\
CHe_11 & $-0.0399554$ & $-0.0126179$ & $-0.0269751$ & $-0.0304882$ & $-0.00704323$ & $-0.154255$ & $-0.0767053$ & $0.860004$ & $0.850843$ & $-0.452285$ & $-0.995055$ & $-0.146564$ & $0.0788173$ & $0.666035$ & $0.655824$ & $0.642684$ & $0.237489$ & $-0.0315893$ & $-0.0253985$ & $1$ & $0.985665$ & $0.974188$ & $-0.0682027$ & $-0.192249$ & $0.0322462$ & $-0.687319$ & $0.193008$ & $0.402521$ & $0.0627034$ & $0.0763299$ & $0.0850258$ & $-0.0915209$ & $0.0651423$ & $0.241367$ & $-0.0269733$ & $-0.0219012$ & $0.0404374$ & $0.00535346$ & $0.0538929$ & $-0.0264655$ & $-0.00713319$ & $-0.0280895$ & $-0.020707$ & $0.0367372$ & $0.0141527$ & $0.041127$ & $-0.000331134$ & $-0.0364814$ & $-0.00382155$ \\
CHe_22 & $-0.035574$ & $-0.0187834$ & $-0.0154326$ & $-0.0335154$ & $0.00171$ & $-0.155635$ & $-0.0769916$ & $0.88751$ & $0.878231$ & $-0.471548$ & $-0.995145$ & $-0.150974$ & $0.0788227$ & $0.630824$ & $0.560038$ & $0.552485$ & $0.20674$ & $-0.0302178$ & $-0.0263329$ & $0.985665$ & $1$ & $0.986345$ & $-0.0241456$ & $-0.261129$ & $0.021323$ & $-0.700878$ & $0.306626$ & $0.409608$ & $0.0649342$ & $0.0745984$ & $0.0821517$ & $-0.0930662$ & $0.0645264$ & $0.36359$ & $-0.0227992$ & $-0.0164209$ & $0.0413634$ & $0.00613627$ & $0.0451811$ & $-0.0269984$ & $-0.00290699$ & $-0.0320316$ & $-0.025104$ & $0.0461867$ & $0.0166572$ & $0.0216925$ & $0.00372789$ & $-0.0411623$ & $0.00420052$ \\
CHe_33 & $-0.0349052$ & $-0.0165472$ & $-0.0103433$ & $-0.0304063$ & $-0.0002745$ & $-0.156233$ & $-0.0859453$ & $0.877737$ & $0.868398$ & $-0.469991$ & $-0.983195$ & $-0.153997$ & $0.0818783$ & $0.620284$ & $0.554237$ & $0.556576$ & $0.203458$ & $-0.0312638$ & $-0.0218906$ & $0.974188$ & $0.986345$ & $1$ & $-0.0231148$ & $-0.258551$ & $0.0215068$ & $-0.68987$ & $0.307409$ & $0.403022$ & $0.0674537$ & $0.0788306$ & $0.0869261$ & $-0.100138$ & $0.0713614$ & $0.361342$ & $-0.016096$ & $-0.0158888$ & $0.0497597$ & $0.00757139$ & $0.044129$ & $-0.0262482$ & $-0.00747863$ & $-0.0324334$ & $-0.0207948$ & $0.0459109$ & $0.00971171$ & $0.0260474$ & $0.00553885$ & $-0.0462841$ & $0.00971511$ \\
CHQ1_11 & $-0.0106084$ & $-0.0141864$ & $0.0275092$ & $0.067974$ & $0.0324716$ & $-0.0145969$ & $0.0258669$ & $0.00860908$ & $0.0120941$ & $-0.0552491$ & $0.0485292$ & $-0.0148716$ & $0.0106819$ & $-0.104185$ & $-0.190917$ & $-0.200401$ & $-0.0751999$ & $-0.00649748$ & $0.00283414$ & $-0.0682027$ & $-0.0241456$ & $-0.0231148$ & $1$ & $-0.104737$ & $0.0532415$ & $-0.556642$ & $0.354696$ & $0.00915883$ & $0.0059175$ & $0.0167862$ & $-0.00824656$ & $0.0323967$ & $0.0394788$ & $0.191167$ & $0.0501283$ & $-0.0346513$ & $-0.00430178$ & $-0.0447162$ & $-0.0155223$ & $-0.0418222$ & $0.0210625$ & $0.0280344$ & $0.0029984$ & $0.0171651$ & $-0.0398598$ & $-0.0564472$ & $0.00929334$ & $0.055415$ & $0.0491056$ \\
CHQ1_33 & $-0.0306146$ & $0.0626364$ & $-0.0199447$ & $0.0328858$ & $-0.0192639$ & $-0.141792$ & $-0.0918923$ & $-0.633966$ & $-0.629327$ & $0.363982$ & $0.223215$ & $-0.0929653$ & $0.0914238$ & $0.445471$ & $0.0112665$ & $-0.0014591$ & $0.764518$ & $0.762109$ & $0.755092$ & $-0.192249$ & $-0.261129$ & $-0.258551$ & $-0.104737$ & $1$ & $0.769745$ & $0.180548$ & $-0.381687$ & $-0.00118236$ & $-0.0145442$ & $0.0949605$ & $0.0456508$ & $-0.0854229$ & $0.109275$ & $-0.604512$ & $-0.0468833$ & $0.00427635$ & $-0.0556083$ & $0.023791$ & $-0.0019442$ & $0.00600088$ & $-0.0484783$ & $0.0154055$ & $0.0206593$ & $-0.025812$ & $-0.0391969$ & $0.0333577$ & $-0.0195859$ & $-0.0256721$ & $0.03656$ \\
CHQ3_11 & $-0.00897049$ & $0.0399177$ & $0.0138715$ & $0.0305058$ & $-0.00289168$ & $-0.213372$ & $-0.142603$ & $-0.401334$ & $-0.397972$ & $0.22712$ & $-0.0289032$ & $-0.186199$ & $0.154599$ & $0.583572$ & $-0.0901011$ & $-0.0994183$ & $0.854965$ & $0.877849$ & $0.870882$ & $0.0322462$ & $0.021323$ & $0.0215068$ & $0.0532415$ & $0.769745$ & $1$ & $-0.0203721$ & $0.126006$ & $0.0104387$ & $0.0169455$ & $0.142068$ & $0.0683131$ & $-0.138572$ & $0.159139$ & $-0.258117$ & $-0.0203505$ & $0.0104757$ & $-0.0419056$ & $0.0264632$ & $-0.0057762$ & $0.00722547$ & $-0.0438882$ & $0.004343$ & $0.0320943$ & $-0.0127153$ & $-0.0480322$ & $-0.00526985$ & $-0.0217334$ & $-0.0441013$ & $0.0661044$ \\
CHu_11 & $0.0180702$ & $0.0189875$ & $0.00162115$ & $-0.00944745$ & $-0.0145737$ & $0.117881$ & $0.0331125$ & $-0.621818$ & $-0.618125$ & $0.346306$ & $0.696613$ & $0.116283$ & $-0.066686$ & $-0.448935$ & $-0.389091$ & $-0.365502$ & $-0.14007$ & $0.0212526$ & $0.00973564$ & $-0.687319$ & $-0.700878$ & $-0.68987$ & $-0.556642$ & $0.180548$ & $-0.0203721$ & $1$ & $-0.211769$ & $-0.30641$ & $-0.0335034$ & $-0.0644728$ & $-0.0544158$ & $0.0379339$ & $-0.0786921$ & $-0.253167$ & $-0.024222$ & $0.0282117$ & $-0.0234202$ & $0.0273766$ & $-0.0467304$ & $0.0479867$ & $0.00147779$ & $0.00481464$ & $0.0356222$ & $-0.0345968$ & $0.0070021$ & $-0.0198863$ & $-0.00732273$ & $-0.0132161$ & $-0.0384575$ \\
CHd_11 & $0.0112832$ & $-0.00839799$ & $0.0619318$ & $-0.00191663$ & $0.0393063$ & $-0.0365442$ & $-0.0477621$ & $0.369696$ & $0.368665$ & $-0.232376$ & $-0.24454$ & $-0.0806877$ & $0.0452304$ & $-0.0628336$ & $-0.312503$ & $-0.281637$ & $-0.148368$ & $-0.0407181$ & $-0.0519439$ & $0.193008$ & $0.306626$ & $0.307409$ & $0.354696$ & $-0.381687$ & $0.126006$ & $-0.211769$ & $1$ & $0.104983$ & $0.0456776$ & $0.0304968$ & $0.00677814$ & $-0.0532863$ & $0.0298459$ & $0.680939$ & $0.027355$ & $0.0155463$ & $0.0214579$ & $-0.00689557$ & $-0.0212793$ & $0.0261014$ & $0.0194406$ & $0.0111572$ & $0.0400211$ & $0.0330408$ & $0.0161529$ & $-0.10891$ & $0.0149666$ & $-0.0410613$ & $0.0434562$ \\
CHd_33 & $-0.049833$ & $-0.0130321$ & $0.0175911$ & $-0.0221345$ & $-0.00442889$ & $-0.0585781$ & $-0.037304$ & $0.359657$ & $0.357282$ & $-0.193681$ & $-0.407436$ & $-0.0743171$ & $0.0404005$ & $0.282105$ & $0.21329$ & $0.234882$ & $0.0794982$ & $0.00629301$ & $-0.00962565$ & $0.402521$ & $0.409608$ & $0.403022$ & $0.00915883$ & $-0.00118236$ & $0.0104387$ & $-0.30641$ & $0.104983$ & $1$ & $0.0474141$ & $0.0422282$ & $0.0293551$ & $-0.0391011$ & $0.0344296$ & $0.149638$ & $-0.00458817$ & $0.00689688$ & $0.0292318$ & $-0.00723879$ & $-0.00781158$ & $-0.0275155$ & $0.0234442$ & $0.036876$ & $-0.00921002$ & $0.0046977$ & $-0.0196191$ & $0.0278613$ & $-0.0103462$ & $-0.00896783$ & $-0.00302541$ \\
CeH_22r & $-0.00872786$ & $0.0487428$ & $0.0174453$ & $-0.0231948$ & $0.014407$ & $-0.00395646$ & $-0.140949$ & $0.0550131$ & $0.0645226$ & $-0.0886873$ & $-0.0619712$ & $-0.188892$ & $0.192444$ & $0.0524014$ & $0.017499$ & $0.034151$ & $0.00792759$ & $0.0130072$ & $0.00109379$ & $0.0627034$ & $0.0649342$ & $0.0674537$ & $0.0059175$ & $-0.0145442$ & $0.0169455$ & $-0.0335034$ & $0.0456776$ & $0.0474141$ & $1$ & $0.154846$ & $0.0697099$ & $-0.131792$ & $0.149818$ & $0.0390452$ & $-0.0274398$ & $0.0476512$ & $-0.00661856$ & $0.0533243$ & $-0.0177667$ & $-0.0377648$ & $-0.0176342$ & $-0.01493$ & $0.0229729$ & $0.0193445$ & $0.0533515$ & $-0.0142346$ & $0.000324362$ & $-0.0464341$ & $-0.0412239$ \\
CeH_33r & $-0.0093628$ & $-0.0325272$ & $-0.00241184$ & $0.0399354$ & $0.0167461$ & $-0.0700646$ & $-0.587846$ & $0.00672812$ & $0.0288728$ & $-0.181052$ & $-0.0767996$ & $-0.653489$ & $0.713863$ & $0.130753$ & $-0.00100382$ & $0.0641927$ & $0.139136$ & $0.146487$ & $0.103266$ & $0.0763299$ & $0.0745984$ & $0.0788306$ & $0.0167862$ & $0.0949605$ & $0.142068$ & $-0.0644728$ & $0.0304968$ & $0.0422282$ & $0.154846$ & $1$ & $0.490583$ & $-0.443826$ & $0.837053$ & $0.0172546$ & $0.0341624$ & $0.0792688$ & $-0.0799676$ & $0.0210361$ & $-0.0507229$ & $-0.00425959$ & $-0.00934801$ & $0.00223361$ & $-0.0296402$ & $-0.06886$ & $-0.029889$ & $-0.101315$ & $-0.0063068$ & $0.0284336$ & $0.0526882$ \\
CuH_22r & $0.0477383$ & $-0.0243558$ & $-0.0578279$ & $0.00666487$ & $0.0200194$ & $-0.0126126$ & $-0.382305$ & $0.0386217$ & $0.0532662$ & $-0.119805$ & $-0.0846383$ & $-0.402541$ & $0.424769$ & $0.107937$ & $0.0265504$ & $0.0704753$ & $0.0862378$ & $0.0839472$ & $0.0566955$ & $0.0850258$ & $0.0821517$ & $0.0869261$ & $-0.00824656$ & $0.0456508$ & $0.0683131$ & $-0.0544158$ & $0.00677814$ & $0.0293551$ & $0.0697099$ & $0.490583$ & $1$ & $-0.281687$ & $0.511952$ & $0.0166975$ & $0.0321629$ & $0.0372553$ & $-0.0147128$ & $0.0038584$ & $-0.0307821$ & $-0.00580445$ & $0.0429422$ & $-0.0288969$ & $-0.0224895$ & $0.0382018$ & $-0.0453656$ & $0.0104924$ & $0.294272$ & $0.0644448$ & $-0.0364159$ \\
CuH_33r & $-0.0249291$ & $0.0360652$ & $-0.0351696$ & $-0.0526368$ & $-0.0213599$ & $0.0467407$ & $0.950809$ & $-0.0276268$ & $-0.0130126$ & $0.182189$ & $0.0938979$ & $0.681351$ & $-0.696264$ & $-0.134721$ & $-0.0194244$ & $-0.0603274$ & $-0.138616$ & $-0.128683$ & $-0.105127$ & $-0.0915209$ & $-0.0930662$ & $-0.100138$ & $0.0323967$ & $-0.0854229$ & $-0.138572$ & $0.0379339$ & $-0.0532863$ & $-0.0391011$ & $-0.131792$ & $-0.443826$ & $-0.281687$ & $1$ & $-0.423088$ & $-0.0213982$ & $-0.0524684$ & $-0.122547$ & $-0.0799412$ & $-0.0473415$ & $0.0338745$ & $0.0101925$ & $0.0399518$ & $-0.0197324$ & $-0.00976606$ & $0.0308614$ & $0.0366081$ & $0.0654637$ & $-0.00272608$ & $0.0355834$ & $-0.0118106$ \\
CdH_33r & $0.011842$ & $-0.0235461$ & $-0.0235835$ & $0.0456963$ & $0.0184088$ & $-0.0316738$ & $-0.584327$ & $-0.0118613$ & $0.0128866$ & $-0.189918$ & $-0.065927$ & $-0.640565$ & $0.704039$ & $0.142961$ & $-0.0230372$ & $0.038573$ & $0.148853$ & $0.171892$ & $0.129305$ & $0.0651423$ & $0.0645264$ & $0.0713614$ & $0.0394788$ & $0.109275$ & $0.159139$ & $-0.0786921$ & $0.0298459$ & $0.0344296$ & $0.149818$ & $0.837053$ & $0.511952$ & $-0.423088$ & $1$ & $0.0143783$ & $0.0351778$ & $0.0254316$ & $-0.0904638$ & $-0.0122312$ & $-0.0358144$ & $-0.0121697$ & $0.0356053$ & $-0.00547332$ & $-0.00345712$ & $-0.0138978$ & $-0.0834115$ & $-0.155638$ & $-0.0202093$ & $0.116749$ & $0.319076$ \\
CLL_1221 & $-0.0256682$ & $0.00104241$ & $0.0369511$ & $-0.0186123$ & $0.0176877$ & $-0.0793773$ & $-0.0184983$ & $0.507685$ & $0.50466$ & $-0.308556$ & $-0.29701$ & $-0.048128$ & $0.0174068$ & $-0.202338$ & $-0.452341$ & $-0.0162497$ & $-0.269142$ & $-0.0940236$ & $-0.387723$ & $0.241367$ & $0.36359$ & $0.361342$ & $0.191167$ & $-0.604512$ & $-0.258117$ & $-0.253167$ & $0.680939$ & $0.149638$ & $0.0390452$ & $0.0172546$ & $0.0166975$ & $-0.0213982$ & $0.0143783$ & $1$ & $0.0364884$ & $0.0257029$ & $0.029765$ & $0.00326964$ & $-0.019414$ & $0.00571697$ & $0.0218905$ & $-0.0175502$ & $-0.0305838$ & $0.0409722$ & $0.0341295$ & $-0.074016$ & $0.00653503$ & $-0.0262875$ & $0.0211026$ \\
eHggint & $0.134364$ & $0.0623853$ & $-0.00972057$ & $0.108613$ & $0.0093367$ & $0.00859844$ & $-0.116051$ & $-0.00973563$ & $-0.0186232$ & $0.0216458$ & $0.0247711$ & $-0.105541$ & $0.12047$ & $-0.0533543$ & $-0.0383668$ & $-0.034699$ & $-0.0205902$ & $-0.0133174$ & $-0.0178395$ & $-0.0269733$ & $-0.0227992$ & $-0.016096$ & $0.0501283$ & $-0.0468833$ & $-0.0203505$ & $-0.024222$ & $0.027355$ & $-0.00458817$ & $-0.0274398$ & $0.0341624$ & $0.0321629$ & $-0.0524684$ & $0.0351778$ & $0.0364884$ & $1$ & $0.00770805$ & $0.0974764$ & $-0.00893282$ & $-0.0713791$ & $-0.02184$ & $-0.0356682$ & $-0.0718001$ & $0.0185128$ & $-0.0455696$ & $0.00624297$ & $0.0181997$ & $0.0564572$ & $0.0145576$ & $-0.0656899$ \\
eHggpar & $0.0477825$ & $-0.00609369$ & $-0.0166534$ & $0.0566982$ & $0.084178$ & $-0.0289101$ & $-0.150669$ & $-0.0177605$ & $-0.0214441$ & $-0.00261756$ & $0.0198261$ & $-0.13349$ & $0.137378$ & $-0.023339$ & $-0.0353143$ & $-0.0103939$ & $0.00962734$ & $0.0164423$ & $-0.00139247$ & $-0.0219012$ & $-0.0164209$ & $-0.0158888$ & $-0.0346513$ & $0.00427635$ & $0.0104757$ & $0.0282117$ & $0.0155463$ & $0.00689688$ & $0.0476512$ & $0.0792688$ & $0.0372553$ & $-0.122547$ & $0.0254316$ & $0.0257029$ & $0.00770805$ & $1$ & $0.110018$ & $0.107733$ & $-0.109994$ & $0.0408758$ & $-0.0344102$ & $-0.0564513$ & $0.0178428$ & $-0.0353223$ & $-0.0405612$ & $-0.0567537$ & $0.0240578$ & $-0.124794$ & $-0.0772538$ \\
eHWWint & $-0.063935$ & $0.035555$ & $0.05655$ & $-0.00917724$ & $0.00217331$ & $-0.00781658$ & $-0.0652663$ & $0.0615428$ & $0.0493245$ & $-0.0314622$ & $-0.0405905$ & $-0.0584572$ & $0.0515779$ & $-0.0247865$ & $0.0461986$ & $0.0328174$ & $-0.0260952$ & $-0.0635878$ & $-0.0474039$ & $0.0404374$ & $0.0413634$ & $0.0497597$ & $-0.00430178$ & $-0.0556083$ & $-0.0419056$ & $-0.0234202$ & $0.0214579$ & $0.0292318$ & $-0.00661856$ & $-0.0799676$ & $-0.0147128$ & $-0.0799412$ & $-0.0904638$ & $0.029765$ & $0.0974764$ & $0.110018$ & $1$ & $0.0316615$ & $-0.107799$ & $0.0476531$ & $0.0155405$ & $-0.0243282$ & $0.0391162$ & $-0.0324553$ & $0.0322814$ & $0.0208686$ & $0.144044$ & $-0.10863$ & $0.0820422$ \\
eHWWpar & $-0.000901289$ & $0.0067622$ & $0.0193496$ & $-0.0255513$ & $0.00281802$ & $-0.0532086$ & $-0.0394904$ & $-0.00989729$ & $-0.00623802$ & $-0.0427738$ & $-0.00484371$ & $-0.0482352$ & $0.0320648$ & $0.010767$ & $-0.00331229$ & $0.0184214$ & $0.038027$ & $0.0310417$ & $0.0211412$ & $0.00535346$ & $0.00613627$ & $0.00757139$ & $-0.0447162$ & $0.023791$ & $0.0264632$ & $0.0273766$ & $-0.00689557$ & $-0.00723879$ & $0.0533243$ & $0.0210361$ & $0.0038584$ & $-0.0473415$ & $-0.0122312$ & $0.00326964$ & $-0.00893282$ & $0.107733$ & $0.0316615$ & $1$ & $-0.00242797$ & $0.027049$ & $-0.0152693$ & $-0.0178223$ & $0.0106564$ & $0.0509969$ & $-0.0135289$ & $0.0159073$ & $0.0463367$ & $-0.0582642$ & $-0.0343974$ \\
eHZZint & $0.0119128$ & $0.0254009$ & $-0.0371981$ & $-0.14706$ & $-0.0059185$ & $0.000873813$ & $0.0460432$ & $0.0376338$ & $0.0421438$ & $-0.0408765$ & $-0.0473244$ & $0.093428$ & $-0.0851271$ & $0.0384004$ & $0.0492835$ & $0.0439646$ & $0.00178757$ & $-0.00789409$ & $-0.00323272$ & $0.0538929$ & $0.0451811$ & $0.044129$ & $-0.0155223$ & $-0.0019442$ & $-0.0057762$ & $-0.0467304$ & $-0.0212793$ & $-0.00781158$ & $-0.0177667$ & $-0.0507229$ & $-0.0307821$ & $0.0338745$ & $-0.0358144$ & $-0.019414$ & $-0.0713791$ & $-0.109994$ & $-0.107799$ & $-0.00242797$ & $1$ & $-0.0451945$ & $-0.0957581$ & $0.00983481$ & $0.0895219$ & $0.0584298$ & $0.0883638$ & $0.148413$ & $-0.028627$ & $-0.0492108$ & $0.0732992$ \\
eHZZpar & $-0.0178063$ & $0.0207057$ & $0.0457395$ & $-0.00976654$ & $-0.0188049$ & $-0.0235968$ & $0.00051968$ & $-0.0186397$ & $-0.025162$ & $0.00591645$ & $0.0276011$ & $-0.0101777$ & $0.00364154$ & $-0.0242128$ & $-0.0261175$ & $-0.0111501$ & $-0.0185194$ & $-0.00337258$ & $-0.0121649$ & $-0.0264655$ & $-0.0269984$ & $-0.0262482$ & $-0.0418222$ & $0.00600088$ & $0.00722547$ & $0.0479867$ & $0.0261014$ & $-0.0275155$ & $-0.0377648$ & $-0.00425959$ & $-0.00580445$ & $0.0101925$ & $-0.0121697$ & $0.00571697$ & $-0.02184$ & $0.0408758$ & $0.0476531$ & $0.027049$ & $-0.0451945$ & $1$ & $0.0156294$ & $-0.00957637$ & $-0.0100733$ & $0.00815548$ & $-0.00617744$ & $-0.0356407$ & $0.00766561$ & $0.0280524$ & $-0.0363501$ \\
eHZgaint & $0.0314915$ & $-0.00177316$ & $-0.11123$ & $0.042049$ & $-0.0161031$ & $-0.023843$ & $0.0363667$ & $0.0178066$ & $0.0067201$ & $-0.0721788$ & $0.0053536$ & $-0.0185384$ & $-0.000545354$ & $-0.0369286$ & $-0.00652775$ & $-0.0289725$ & $-0.0409359$ & $-0.0446231$ & $-0.0247462$ & $-0.00713319$ & $-0.00290699$ & $-0.00747863$ & $0.0210625$ & $-0.0484783$ & $-0.0438882$ & $0.00147779$ & $0.0194406$ & $0.0234442$ & $-0.0176342$ & $-0.00934801$ & $0.0429422$ & $0.0399518$ & $0.0356053$ & $0.0218905$ & $-0.0356682$ & $-0.0344102$ & $0.0155405$ & $-0.0152693$ & $-0.0957581$ & $0.0156294$ & $1$ & $-0.00189528$ & $-0.11132$ & $0.0371289$ & $-0.0349594$ & $-0.00927059$ & $0.0813995$ & $0.000299289$ & $0.106624$ \\
eHZgapar & $-0.0270854$ & $-0.00965301$ & $0.0235604$ & $0.0381018$ & $-0.0124094$ & $-0.0435448$ & $-0.0174839$ & $-0.0218415$ & $-0.0244831$ & $0.00664693$ & $0.0290106$ & $0.00780862$ & $-0.00883628$ & $-0.02823$ & $-0.00421406$ & $-0.0121373$ & $-0.0138516$ & $-0.0138299$ & $-0.010652$ & $-0.0280895$ & $-0.0320316$ & $-0.0324334$ & $0.0280344$ & $0.0154055$ & $0.004343$ & $0.00481464$ & $0.0111572$ & $0.036876$ & $-0.01493$ & $0.00223361$ & $-0.0288969$ & $-0.0197324$ & $-0.00547332$ & $-0.0175502$ & $-0.0718001$ & $-0.0564513$ & $-0.0243282$ & $-0.0178223$ & $0.00983481$ & $-0.00957637$ & $-0.00189528$ & $1$ & $0.0014193$ & $0.0254534$ & $-0.0507762$ & $0.0254541$ & $-0.0327079$ & $-0.0429119$ & $0.018662$ \\
eHgagaint & $0.0276663$ & $0.0544639$ & $0.00024854$ & $-0.101376$ & $-0.0386651$ & $0.000434784$ & $-0.0117676$ & $-0.0250591$ & $0.0236348$ & $0.0165442$ & $0.0227779$ & $-0.0122468$ & $0.0117424$ & $-0.00612698$ & $0.0030665$ & $-0.0112964$ & $-0.00565739$ & $-0.00215012$ & $0.0101312$ & $-0.020707$ & $-0.025104$ & $-0.0207948$ & $0.0029984$ & $0.0206593$ & $0.0320943$ & $0.0356222$ & $0.0400211$ & $-0.00921002$ & $0.0229729$ & $-0.0296402$ & $-0.0224895$ & $-0.00976606$ & $-0.00345712$ & $-0.0305838$ & $0.0185128$ & $0.0178428$ & $0.0391162$ & $0.0106564$ & $0.0895219$ & $-0.0100733$ & $-0.11132$ & $0.0014193$ & $1$ & $0.0813404$ & $0.112846$ & $0.0462685$ & $-0.0143244$ & $-0.0488886$ & $0.0140839$ \\
eHmumuint & $0.0481459$ & $0.0491622$ & $-0.0440306$ & $-0.0396006$ & $0.0278171$ & $0.0061258$ & $0.0319239$ & $0.0401444$ & $0.0408438$ & $0.00581478$ & $-0.0394346$ & $0.0377719$ & $-0.0412959$ & $0.0278308$ & $-0.00875618$ & $-0.0272771$ & $-0.00562369$ & $0.00361213$ & $0.0175534$ & $0.0367372$ & $0.0461867$ & $0.0459109$ & $0.0171651$ & $-0.025812$ & $-0.0127153$ & $-0.0345968$ & $0.0330408$ & $0.0046977$ & $0.0193445$ & $-0.06886$ & $0.0382018$ & $0.0308614$ & $-0.0138978$ & $0.0409722$ & $-0.0455696$ & $-0.0353223$ & $-0.0324553$ & $0.0509969$ & $0.0584298$ & $0.00815548$ & $0.0371289$ & $0.0254534$ & $0.0813404$ & $1$ & $0.0733485$ & $-0.122494$ & $0.0364795$ & $-0.0360257$ & $0.0749187$ \\
eHtautauint & $0.0158905$ & $0.0127026$ & $0.00620055$ & $-0.0575677$ & $0.0100915$ & $-0.0139505$ & $0.0588303$ & $0.0383319$ & $0.0428404$ & $0.026898$ & $-0.0163286$ & $0.0530116$ & $-0.050662$ & $-0.0370111$ & $0.0195477$ & $0.0223335$ & $-0.0289712$ & $-0.0507831$ & $-0.0552017$ & $0.0141527$ & $0.0166572$ & $0.00971171$ & $-0.0398598$ & $-0.0391969$ & $-0.0480322$ & $0.0070021$ & $0.0161529$ & $-0.0196191$ & $0.0533515$ & $-0.029889$ & $-0.0453656$ & $0.0366081$ & $-0.0834115$ & $0.0341295$ & $0.00624297$ & $-0.0405612$ & $0.0322814$ & $-0.0135289$ & $0.0883638$ & $-0.00617744$ & $-0.0349594$ & $-0.0507762$ & $0.112846$ & $0.0733485$ & $1$ & $0.0444964$ & $-0.00725209$ & $-0.0924387$ & $0.00490111$ \\
eHccint & $0.0653144$ & $0.13726$ & $0.0138548$ & $0.0114796$ & $-0.0107131$ & $0.00446875$ & $0.0745568$ & $0.00127331$ & $-9.66421e-06$ & $0.0326921$ & $-0.0296637$ & $0.141704$ & $-0.129277$ & $0.0383835$ & $0.0936918$ & $0.0963579$ & $0.042258$ & $-0.000315548$ & $-0.00150781$ & $0.041127$ & $0.0216925$ & $0.0260474$ & $-0.0564472$ & $0.0333577$ & $-0.00526985$ & $-0.0198863$ & $-0.10891$ & $0.0278613$ & $-0.0142346$ & $-0.101315$ & $0.0104924$ & $0.0654637$ & $-0.155638$ & $-0.074016$ & $0.0181997$ & $-0.0567537$ & $0.0208686$ & $0.0159073$ & $0.148413$ & $-0.0356407$ & $-0.00927059$ & $0.0254541$ & $0.0462685$ & $-0.122494$ & $0.0444964$ & $1$ & $-0.0245976$ & $-0.0964426$ & $-0.178437$ \\
eHccpar & $0.0333108$ & $-0.0634759$ & $-0.0694485$ & $-0.0585839$ & $-0.0231378$ & $0.00820458$ & $-0.0170566$ & $0.0157113$ & $0.0136805$ & $-0.0309947$ & $-0.00401484$ & $-0.0359997$ & $0.0177896$ & $-0.0167633$ & $0.00822377$ & $0.000470007$ & $-0.015686$ & $-0.0284344$ & $-0.0141693$ & $-0.000331134$ & $0.00372789$ & $0.00553885$ & $0.00929334$ & $-0.0195859$ & $-0.0217334$ & $-0.00732273$ & $0.0149666$ & $-0.0103462$ & $0.000324362$ & $-0.0063068$ & $0.294272$ & $-0.00272608$ & $-0.0202093$ & $0.00653503$ & $0.0564572$ & $0.0240578$ & $0.144044$ & $0.0463367$ & $-0.028627$ & $0.00766561$ & $0.0813995$ & $-0.0327079$ & $-0.0143244$ & $0.0364795$ & $-0.00725209$ & $-0.0245976$ & $1$ & $0.075577$ & $-0.132516$ \\
eHbbint & $0.00289282$ & $-0.0201257$ & $0.118266$ & $0.0891799$ & $-0.0440767$ & $0.0943835$ & $0.0226591$ & $-0.020809$ & $-0.0159595$ & $0.0410035$ & $0.0388328$ & $-0.000825828$ & $0.00289292$ & $-0.025344$ & $-0.0160551$ & $-0.0145808$ & $-0.0552843$ & $-0.0287327$ & $-0.0325367$ & $-0.0364814$ & $-0.0411623$ & $-0.0462841$ & $0.055415$ & $-0.0256721$ & $-0.0441013$ & $-0.0132161$ & $-0.0410613$ & $-0.00896783$ & $-0.0464341$ & $0.0284336$ & $0.0644448$ & $0.0355834$ & $0.116749$ & $-0.0262875$ & $0.0145576$ & $-0.124794$ & $-0.10863$ & $-0.0582642$ & $-0.0492108$ & $0.0280524$ & $0.000299289$ & $-0.0429119$ & $-0.0488886$ & $-0.0360257$ & $-0.0924387$ & $-0.0964426$ & $0.075577$ & $1$ & $-0.0538855$ \\
eHbbpar & $-0.0453627$ & $-0.0048749$ & $-0.0894644$ & $0.016061$ & $-2.63712e-05$ & $-0.016665$ & $-0.00797144$ & $-0.0195197$ & $-0.0188666$ & $0.0106461$ & $-0.00104195$ & $-0.00334951$ & $0.00470981$ & $0.0372106$ & $-0.0449052$ & $-0.0460511$ & $0.0434183$ & $0.0634183$ & $0.066559$ & $-0.00382155$ & $0.00420052$ & $0.00971511$ & $0.0491056$ & $0.03656$ & $0.0661044$ & $-0.0384575$ & $0.0434562$ & $-0.00302541$ & $-0.0412239$ & $0.0526882$ & $-0.0364159$ & $-0.0118106$ & $0.319076$ & $0.0211026$ & $-0.0656899$ & $-0.0772538$ & $0.0820422$ & $-0.0343974$ & $0.0732992$ & $-0.0363501$ & $0.106624$ & $0.018662$ & $0.0140839$ & $0.0749187$ & $0.00490111$ & $-0.178437$ & $-0.132516$ & $-0.0538855$ & $1$ \\
