 & AlsMz & dAle5Mz & mtop & mHl & Mz & CW & CHG & CHWB & CHWHB_gaga & CHWHB_gagaorth & CHD & CHbox & CH & CHL1_11 & CHL1_22 & CHL1_33 & CHL3_11 & CHL3_22 & CHL3_33 & CHe_11 & CHe_22 & CHe_33 & CHQ1_11 & CHQ1_33 & CHQ3_11 & CHu_11 & CHd_11 & CHd_33 & CeH_22r & CeH_33r & CuH_22r & CuH_33r & CdH_33r & CLL_1221 & eHggint & eHggpar & eHWWint & eHWWpar & eHZZint & eHZZpar & eHZgaint & eHZgapar & eHgagaint & eHmumuint & eHtautauint & eHccint & eHccpar & eHbbint & eHbbpar \\
AlsMz & $1$ & $-0.135466$ & $-0.0216042$ & $0.0258595$ & $0.0101988$ & $-0.0364657$ & $0.0285312$ & $-0.0258754$ & $-0.0227235$ & $0.0793932$ & $-0.00599686$ & $0.0806313$ & $-0.0642417$ & $0.013651$ & $-0.0469845$ & $-0.0580341$ & $0.0602504$ & $0.0711885$ & $0.0731143$ & $-0.0123437$ & $-0.00583894$ & $-0.00594587$ & $0.0609275$ & $-0.0486237$ & $-0.0320918$ & $-0.0621065$ & $0.0270926$ & $-0.0296638$ & $0.0407817$ & $-0.0120772$ & $-0.0723762$ & $0.0305201$ & $-0.0350888$ & $0.0129631$ & $0.0544819$ & $0.00424863$ & $0.0731432$ & $-0.0148334$ & $0.0582007$ & $-0.0240432$ & $0.00375973$ & $-0.0107621$ & $0.0207924$ & $-0.0249182$ & $-0.0176491$ & $0.0416578$ & $-0.100789$ & $-0.00917933$ & $0.00508177$ \\
dAle5Mz & $-0.135466$ & $1$ & $0.125631$ & $0.0046834$ & $0.0390763$ & $-0.0056324$ & $0.0043969$ & $-0.154303$ & $-0.157716$ & $0.088952$ & $0.127087$ & $0.0454736$ & $-0.035732$ & $-0.0231433$ & $-0.00697672$ & $-0.0400789$ & $0.0378849$ & $0.0314387$ & $0.068352$ & $-0.0922297$ & $-0.101172$ & $-0.08387$ & $0.000246394$ & $0.0989411$ & $0.0326227$ & $0.0289073$ & $-0.0829616$ & $-0.00851919$ & $-0.0162217$ & $-0.0834881$ & $0.0298027$ & $-0.0113907$ & $-0.0467325$ & $-0.0559749$ & $-0.0455026$ & $0.0622281$ & $-0.0113107$ & $0.0625112$ & $0.100894$ & $-0.0312575$ & $-0.0503407$ & $-0.0394399$ & $-0.00318168$ & $-0.00529901$ & $-0.157688$ & $0.0126857$ & $0.103275$ & $-0.0271464$ & $0.0406808$ \\
mtop & $-0.0216042$ & $0.125631$ & $1$ & $0.0700473$ & $-0.0665996$ & $-0.030411$ & $-0.0046001$ & $-0.0403337$ & $-0.0322692$ & $0.037135$ & $0.0269962$ & $0.0751289$ & $-0.0786845$ & $0.0255158$ & $-0.0250041$ & $-0.0164755$ & $0.0465583$ & $0.056301$ & $0.038005$ & $-0.0174413$ & $-0.0170835$ & $-0.0272066$ & $-0.0153365$ & $0.0635688$ & $0.0277216$ & $0.0309102$ & $-0.0125602$ & $-0.018418$ & $0.00264161$ & $-0.0200708$ & $-0.0209106$ & $-0.0250151$ & $0.0198864$ & $0.00461369$ & $-0.0174485$ & $-0.0572325$ & $0.0559709$ & $0.0650188$ & $0.0693349$ & $-0.00705521$ & $-0.048939$ & $-0.0457654$ & $0.0516254$ & $0.00187901$ & $-0.0509523$ & $0.0393447$ & $-0.0627868$ & $0.0209929$ & $0.135113$ \\
mHl & $0.0258595$ & $0.0046834$ & $0.0700473$ & $1$ & $-0.00719093$ & $0.00968564$ & $0.00925387$ & $-0.00967573$ & $-0.00742239$ & $-0.00367779$ & $0.0275916$ & $-0.0061249$ & $0.00289538$ & $-0.0270088$ & $-0.0146019$ & $-0.0381388$ & $-0.0404634$ & $-0.0220791$ & $0.00459103$ & $-0.0279389$ & $-0.0219787$ & $-0.0216484$ & $-0.0188556$ & $-0.0473766$ & $-0.0668892$ & $0.0396609$ & $-0.0489953$ & $-0.0419223$ & $0.0568939$ & $-0.0750179$ & $-0.0727121$ & $-0.00350183$ & $1.37795e-05$ & $-0.0011004$ & $-0.0271025$ & $-0.0471305$ & $0.00431922$ & $-0.0439789$ & $-0.054195$ & $-0.105879$ & $-0.123922$ & $-0.00347894$ & $0.0033578$ & $0.0740261$ & $-0.115508$ & $-0.0399522$ & $0.0159324$ & $-0.0064778$ & $0.068943$ \\
Mz & $0.0101988$ & $0.0390763$ & $-0.0665996$ & $-0.00719093$ & $1$ & $0.0296388$ & $0.00438773$ & $0.0218998$ & $0.0207585$ & $-0.00141718$ & $-0.00837771$ & $-0.043464$ & $0.0481135$ & $-0.00224206$ & $-0.0754428$ & $0.00909041$ & $-0.00575558$ & $0.0420251$ & $-0.0214518$ & $0.00933267$ & $0.0260289$ & $0.0338987$ & $0.0136439$ & $-0.0483844$ & $0.0116394$ & $-0.025174$ & $0.0536494$ & $-0.04292$ & $0.0577984$ & $0.0393446$ & $-0.0129906$ & $0.0243119$ & $0.0312033$ & $0.0838749$ & $0.0961037$ & $-0.0276625$ & $-0.0377033$ & $0.0363215$ & $0.0330865$ & $0.0183101$ & $-0.00329286$ & $0.0272801$ & $-0.0370317$ & $-0.028699$ & $0.0594008$ & $0.0849516$ & $-0.0338389$ & $-0.015425$ & $-0.0019474$ \\
CW & $-0.0364657$ & $-0.0056324$ & $-0.030411$ & $0.00968564$ & $0.0296388$ & $1$ & $-0.0142334$ & $-0.108915$ & $-0.105542$ & $-0.0252774$ & $0.170691$ & $-0.0158742$ & $0.0185265$ & $0.0266374$ & $-0.0395062$ & $-0.0751712$ & $-0.26697$ & $-0.0797161$ & $-0.0480349$ & $-0.166481$ & $-0.176446$ & $-0.172771$ & $-0.0282965$ & $-0.0251946$ & $-0.0950504$ & $0.129758$ & $-0.0915878$ & $-0.057781$ & $-0.0202283$ & $-0.0557447$ & $0.0232927$ & $-0.0184262$ & $0.0218244$ & $-0.141887$ & $0.0064802$ & $-0.0817152$ & $-0.00101648$ & $0.0907083$ & $0.0248506$ & $0.0542451$ & $-0.0580147$ & $-0.0188778$ & $0.0382627$ & $-0.0162637$ & $-0.00413491$ & $0.0690295$ & $0.0235138$ & $0.0505726$ & $0.020744$ \\
CHG & $0.0285312$ & $0.0043969$ & $-0.0046001$ & $0.00925387$ & $0.00438773$ & $-0.0142334$ & $1$ & $-0.09844$ & $-0.0433305$ & $0.0687005$ & $0.0444051$ & $0.294793$ & $-0.317391$ & $0.0646222$ & $-0.00664403$ & $-0.00552527$ & $0.12118$ & $0.104602$ & $0.101348$ & $-0.042617$ & $-0.049367$ & $-0.0435751$ & $0.0588181$ & $0.124406$ & $0.129778$ & $-0.0237168$ & $-0.0138062$ & $0.00499681$ & $0.00717991$ & $-0.156078$ & $-0.105167$ & $0.930562$ & $-0.20012$ & $-0.0669645$ & $-0.0328968$ & $0.00445269$ & $0.0320174$ & $0.0137329$ & $-0.0295145$ & $-0.0566785$ & $-0.00733324$ & $0.0290696$ & $0.00507895$ & $0.00911762$ & $0.00486765$ & $-0.0263611$ & $-0.0487693$ & $-0.00464555$ & $-0.0469414$ \\
CHWB & $-0.0258754$ & $-0.154303$ & $-0.0403337$ & $-0.00967573$ & $0.0218998$ & $-0.108915$ & $-0.09844$ & $1$ & $0.982001$ & $-0.576869$ & $-0.877865$ & $-0.423178$ & $0.357561$ & $0.0729857$ & $0.259833$ & $0.299983$ & $-0.26163$ & $-0.441145$ & $-0.474526$ & $0.843434$ & $0.896514$ & $0.87435$ & $0.0834191$ & $-0.669033$ & $-0.426365$ & $-0.526542$ & $0.406813$ & $0.298073$ & $0.014586$ & $0.0831664$ & $0.0314204$ & $-0.100467$ & $0.110073$ & $0.565897$ & $0.0264726$ & $-0.0154374$ & $-0.0389155$ & $-0.0106458$ & $0.0573225$ & $0.000569833$ & $0.0939509$ & $0.0229674$ & $0.0147437$ & $0.0547648$ & $0.00278052$ & $0.0144842$ & $0.00813068$ & $0.0120493$ & $0.0282079$ \\
CHWHB_gaga & $-0.0227235$ & $-0.157716$ & $-0.0322692$ & $-0.00742239$ & $0.0207585$ & $-0.105542$ & $-0.0433305$ & $0.982001$ & $1$ & $-0.562803$ & $-0.858966$ & $-0.39924$ & $0.340453$ & $0.0615141$ & $0.251518$ & $0.303778$ & $-0.260287$ & $-0.435525$ & $-0.475428$ & $0.825377$ & $0.877068$ & $0.859116$ & $0.0919231$ & $-0.659914$ & $-0.421354$ & $-0.522741$ & $0.402313$ & $0.283388$ & $0.0173985$ & $0.0827644$ & $0.027652$ & $-0.0585985$ & $0.123258$ & $0.560333$ & $0.0154272$ & $-0.0439495$ & $-0.0513063$ & $-0.0180033$ & $0.0552983$ & $0.00538642$ & $0.094978$ & $0.0264413$ & $0.10769$ & $0.0514733$ & $0.00559006$ & $0.00840502$ & $-0.00440284$ & $0.00360512$ & $0.0340307$ \\
CHWHB_gagaorth & $0.0793932$ & $0.088952$ & $0.037135$ & $-0.00367779$ & $-0.00141718$ & $-0.0252774$ & $0.0687005$ & $-0.576869$ & $-0.562803$ & $1$ & $0.353447$ & $0.420079$ & $-0.240936$ & $0.231223$ & $-0.0948012$ & $-0.111703$ & $0.469499$ & $0.499265$ & $0.504437$ & $-0.336278$ & $-0.374848$ & $-0.36272$ & $-0.0189389$ & $0.572241$ & $0.506867$ & $0.201544$ & $-0.203599$ & $-0.140716$ & $-0.00643021$ & $-0.117267$ & $0.00375732$ & $0.0951738$ & $-0.0925359$ & $-0.354101$ & $0.040427$ & $0.0261039$ & $0.0325818$ & $-0.0169129$ & $-0.0233351$ & $0.0368975$ & $-0.0499089$ & $-0.0309648$ & $0.0269277$ & $-0.00756573$ & $-0.0451469$ & $0.0126674$ & $0.0712178$ & $-0.0179927$ & $0.0229615$ \\
CHD & $-0.00599686$ & $0.127087$ & $0.0269962$ & $0.0275916$ & $-0.00837771$ & $0.170691$ & $0.0444051$ & $-0.877865$ & $-0.858966$ & $0.353447$ & $1$ & $0.276237$ & $-0.198805$ & $-0.492475$ & $-0.405266$ & $-0.426075$ & $-0.195136$ & $0.084923$ & $0.11$ & $-0.989083$ & $-0.990188$ & $-0.967006$ & $-0.0235155$ & $0.292283$ & $0.0476093$ & $0.578638$ & $-0.27808$ & $-0.343498$ & $0.00145726$ & $-0.0415562$ & $-0.023603$ & $0.0575912$ & $-0.0562441$ & $-0.352348$ & $-0.0441777$ & $0.0273558$ & $-0.014185$ & $0.00195436$ & $-0.053979$ & $-0.0344852$ & $-0.0799325$ & $-0.022087$ & $-0.0166376$ & $-0.067372$ & $0.0101219$ & $-0.046932$ & $-0.0199111$ & $-0.00714096$ & $-0.015177$ \\
CHbox & $0.0806313$ & $0.0454736$ & $0.0751289$ & $-0.0061249$ & $-0.043464$ & $-0.0158742$ & $0.294793$ & $-0.423178$ & $-0.39924$ & $0.420079$ & $0.276237$ & $1$ & $-0.950983$ & $0.147535$ & $-0.0954789$ & $-0.10565$ & $0.309383$ & $0.352615$ & $0.354519$ & $-0.266159$ & $-0.287795$ & $-0.276925$ & $-0.0236382$ & $0.420973$ & $0.355043$ & $0.14869$ & $-0.129886$ & $-0.0829646$ & $-0.0407492$ & $-0.192746$ & $-0.0515659$ & $0.276642$ & $-0.220018$ & $-0.244489$ & $-0.0719915$ & $0.0319912$ & $0.0504857$ & $0.0588669$ & $-0.0164094$ & $0.0607644$ & $-0.0398555$ & $-0.0605927$ & $0.0663125$ & $-0.00686866$ & $-0.00888206$ & $0.0249406$ & $0.0488186$ & $0.00523836$ & $0.0145882$ \\
CH & $-0.0642417$ & $-0.035732$ & $-0.0786845$ & $0.00289538$ & $0.0481135$ & $0.0185265$ & $-0.317391$ & $0.357561$ & $0.340453$ & $-0.240936$ & $-0.198805$ & $-0.950983$ & $1$ & $-0.204857$ & $0.0927896$ & $0.0988282$ & $-0.330133$ & $-0.369684$ & $-0.367804$ & $0.195668$ & $0.207115$ & $0.196835$ & $0.0181294$ & $-0.39654$ & $-0.368297$ & $-0.0980654$ & $0.0923791$ & $0.0367831$ & $0.0519202$ & $0.273225$ & $0.0934759$ & $-0.26286$ & $0.319446$ & $0.198069$ & $0.108385$ & $-0.0148604$ & $-0.0624281$ & $-0.064938$ & $0.00879755$ & $-0.0602871$ & $0.0218841$ & $0.0469553$ & $-0.0684513$ & $0.00442556$ & $0.00681748$ & $-0.0204026$ & $-0.0268506$ & $-0.0128852$ & $-0.00732824$ \\
CHL1_11 & $0.013651$ & $-0.0231433$ & $0.0255158$ & $-0.0270088$ & $-0.00224206$ & $0.0266374$ & $0.0646222$ & $0.0729857$ & $0.0615141$ & $0.231223$ & $-0.492475$ & $0.147535$ & $-0.204857$ & $1$ & $0.29204$ & $0.257359$ & $0.6512$ & $0.582153$ & $0.589839$ & $0.517932$ & $0.450139$ & $0.43658$ & $-0.102198$ & $0.508556$ & $0.592425$ & $-0.245245$ & $-0.110552$ & $0.221177$ & $-0.0239151$ & $-0.075219$ & $-0.00142609$ & $0.0323612$ & $-0.0839624$ & $-0.257637$ & $0.0191918$ & $-0.0129825$ & $0.0811777$ & $0.0351419$ & $0.00891785$ & $0.0762474$ & $0.0223959$ & $0.0172687$ & $0.005046$ & $0.0403379$ & $-0.00525834$ & $0.0637848$ & $0.0230654$ & $-0.0115523$ & $-0.0317245$ \\
CHL1_22 & $-0.0469845$ & $-0.00697672$ & $-0.0250041$ & $-0.0146019$ & $-0.0754428$ & $-0.0395062$ & $-0.00664403$ & $0.259833$ & $0.251518$ & $-0.0948012$ & $-0.405266$ & $-0.0954789$ & $0.0927896$ & $0.29204$ & $1$ & $0.47579$ & $0.201939$ & $-0.440697$ & $-0.0174723$ & $0.476814$ & $0.316834$ & $0.296636$ & $-0.207117$ & $0.155945$ & $-0.112265$ & $-0.167314$ & $-0.440319$ & $0.0749037$ & $-0.0331894$ & $0.0630052$ & $0.0241638$ & $0.00726877$ & $0.0672451$ & $-0.618997$ & $0.0582597$ & $-0.021361$ & $-0.0207621$ & $0.0271656$ & $-0.00901784$ & $0.0320112$ & $0.00406343$ & $-0.0141016$ & $-0.0146408$ & $0.011136$ & $-0.0115249$ & $-0.00300181$ & $0.0574135$ & $0.0476088$ & $-0.0101273$ \\
CHL1_33 & $-0.0580341$ & $-0.0400789$ & $-0.0164755$ & $-0.0381388$ & $0.00909041$ & $-0.0751712$ & $-0.00552527$ & $0.299983$ & $0.303778$ & $-0.111703$ & $-0.426075$ & $-0.10565$ & $0.0988282$ & $0.257359$ & $0.47579$ & $1$ & $0.17034$ & $-0.0559508$ & $-0.437347$ & $0.494324$ & $0.339577$ & $0.356586$ & $-0.192537$ & $0.107379$ & $-0.133127$ & $-0.187323$ & $-0.396436$ & $0.0695091$ & $0.0012147$ & $0.0361724$ & $0.0270088$ & $0.00636975$ & $0.0310359$ & $-0.12113$ & $0.00761075$ & $-0.00835129$ & $-0.0134887$ & $-0.014193$ & $-0.00784207$ & $0.0374121$ & $0.0170189$ & $-0.00459427$ & $0.0602024$ & $-0.0170023$ & $0.0115142$ & $0.056034$ & $-0.00281854$ & $0.0188067$ & $0.00312871$ \\
CHL3_11 & $0.0602504$ & $0.0378849$ & $0.0465583$ & $-0.0404634$ & $-0.00575558$ & $-0.26697$ & $0.12118$ & $-0.26163$ & $-0.260287$ & $0.469499$ & $-0.195136$ & $0.309383$ & $-0.330133$ & $0.6512$ & $0.201939$ & $0.17034$ & $1$ & $0.715661$ & $0.729537$ & $0.224766$ & $0.157768$ & $0.161498$ & $-0.0637418$ & $0.707992$ & $0.776678$ & $-0.09984$ & $-0.155486$ & $0.0619873$ & $-0.028673$ & $-0.0740088$ & $-0.0324673$ & $0.0997587$ & $-0.0961477$ & $-0.294376$ & $0.0422436$ & $-0.0303462$ & $0.122243$ & $-0.00490309$ & $-0.00909331$ & $0.0558321$ & $-0.0479766$ & $-0.0109402$ & $0.013489$ & $0.0281348$ & $-0.0180341$ & $0.0539736$ & $-0.00190557$ & $0.000122619$ & $0.00288377$ \\
CHL3_22 & $0.0711885$ & $0.0314387$ & $0.056301$ & $-0.0220791$ & $0.0420251$ & $-0.0797161$ & $0.104602$ & $-0.441145$ & $-0.435525$ & $0.499265$ & $0.084923$ & $0.352615$ & $-0.369684$ & $0.582153$ & $-0.440697$ & $-0.0559508$ & $0.715661$ & $1$ & $0.674371$ & $-0.0846002$ & $-0.0790625$ & $-0.0644074$ & $0.0214409$ & $0.623314$ & $0.792398$ & $0.0413756$ & $0.0336692$ & $0.0189666$ & $-0.00805707$ & $-0.118388$ & $-0.0347221$ & $0.0746261$ & $-0.143901$ & $0.024047$ & $-0.00409356$ & $-0.0129653$ & $0.119067$ & $-0.00236211$ & $-0.0072118$ & $0.0424651$ & $-0.0316978$ & $0.00734464$ & $0.0193367$ & $0.0186665$ & $-0.00845505$ & $0.061473$ & $-0.0251621$ & $-0.0395169$ & $-0.00963509$ \\
CHL3_33 & $0.0731143$ & $0.068352$ & $0.038005$ & $0.00459103$ & $-0.0214518$ & $-0.0480349$ & $0.101348$ & $-0.474526$ & $-0.475428$ & $0.504437$ & $0.11$ & $0.354519$ & $-0.367804$ & $0.589839$ & $-0.0174723$ & $-0.437347$ & $0.729537$ & $0.674371$ & $1$ & $-0.105947$ & $-0.105277$ & $-0.0969371$ & $0.0182805$ & $0.654582$ & $0.797436$ & $0.0538477$ & $-0.00818594$ & $0.02586$ & $-0.0365409$ & $-0.101533$ & $-0.0412138$ & $0.0729064$ & $-0.12101$ & $-0.378152$ & $0.0229548$ & $-0.0137617$ & $0.115141$ & $0.029392$ & $-0.0224211$ & $0.0397487$ & $-0.0491895$ & $-0.00756345$ & $-0.0392982$ & $0.0268612$ & $-0.0327674$ & $0.00812231$ & $0.0106037$ & $-0.0200937$ & $-0.0355753$ \\
CHe_11 & $-0.0123437$ & $-0.0922297$ & $-0.0174413$ & $-0.0279389$ & $0.00933267$ & $-0.166481$ & $-0.042617$ & $0.843434$ & $0.825377$ & $-0.336278$ & $-0.989083$ & $-0.266159$ & $0.195668$ & $0.517932$ & $0.476814$ & $0.494324$ & $0.224766$ & $-0.0846002$ & $-0.105947$ & $1$ & $0.969818$ & $0.946536$ & $-0.00479086$ & $-0.229972$ & $-0.0368492$ & $-0.564893$ & $0.194402$ & $0.33097$ & $-0.00936185$ & $0.0456503$ & $0.0250167$ & $-0.0540157$ & $0.0592408$ & $0.265645$ & $0.050451$ & $-0.0335872$ & $0.0160801$ & $0.00425036$ & $0.0530404$ & $0.0353818$ & $0.0732777$ & $0.0168261$ & $0.0131307$ & $0.0670057$ & $-0.0190496$ & $0.0477071$ & $0.024876$ & $0.00951857$ & $0.0146738$ \\
CHe_22 & $-0.00583894$ & $-0.101172$ & $-0.0170835$ & $-0.0219787$ & $0.0260289$ & $-0.176446$ & $-0.049367$ & $0.896514$ & $0.877068$ & $-0.374848$ & $-0.990188$ & $-0.287795$ & $0.207115$ & $0.450139$ & $0.316834$ & $0.339577$ & $0.157768$ & $-0.0790625$ & $-0.105277$ & $0.969818$ & $1$ & $0.974302$ & $0.0589036$ & $-0.350232$ & $-0.0554631$ & $-0.587456$ & $0.361249$ & $0.354117$ & $0.00260798$ & $0.0424824$ & $0.0271507$ & $-0.064522$ & $0.0608624$ & $0.442029$ & $0.0383874$ & $-0.0229709$ & $0.0124033$ & $-0.00176202$ & $0.0585342$ & $0.0266852$ & $0.0791319$ & $0.0194102$ & $0.0165678$ & $0.0662436$ & $-0.0188577$ & $0.043593$ & $0.0180013$ & $0.00141787$ & $0.0217135$ \\
CHe_33 & $-0.00594587$ & $-0.08387$ & $-0.0272066$ & $-0.0216484$ & $0.0338987$ & $-0.172771$ & $-0.0435751$ & $0.87435$ & $0.859116$ & $-0.36272$ & $-0.967006$ & $-0.276925$ & $0.196835$ & $0.43658$ & $0.296636$ & $0.356586$ & $0.161498$ & $-0.0644074$ & $-0.0969371$ & $0.946536$ & $0.974302$ & $1$ & $0.0726251$ & $-0.341732$ & $-0.0429377$ & $-0.583972$ & $0.364022$ & $0.349915$ & $-0.00758263$ & $0.0277615$ & $0.00322996$ & $-0.0609035$ & $0.0461902$ & $0.447011$ & $0.0321078$ & $-0.0317754$ & $0.0282425$ & $-0.00859698$ & $0.0492143$ & $0.0243971$ & $0.0685768$ & $0.0149223$ & $0.026458$ & $0.0706416$ & $-0.0150829$ & $0.0296736$ & $0.00673953$ & $0.00539807$ & $0.0200556$ \\
CHQ1_11 & $0.0609275$ & $0.000246394$ & $-0.0153365$ & $-0.0188556$ & $0.0136439$ & $-0.0282965$ & $0.0588181$ & $0.0834191$ & $0.0919231$ & $-0.0189389$ & $-0.0235155$ & $-0.0236382$ & $0.0181294$ & $-0.102198$ & $-0.207117$ & $-0.192537$ & $-0.0637418$ & $0.0214409$ & $0.0182805$ & $-0.00479086$ & $0.0589036$ & $0.0726251$ & $1$ & $-0.149207$ & $0.0801532$ & $-0.684554$ & $0.387725$ & $0.0741151$ & $0.00220161$ & $-0.0755811$ & $-0.0257938$ & $0.0433738$ & $-0.0555308$ & $0.247459$ & $0.00758118$ & $-0.0212769$ & $0.0180232$ & $0.0234382$ & $-0.000545586$ & $0.00848916$ & $-0.0360202$ & $0.0197673$ & $0.0255622$ & $-0.00692374$ & $0.0156987$ & $-0.0318847$ & $0.0184886$ & $-0.0446723$ & $0.0367738$ \\
CHQ1_33 & $-0.0486237$ & $0.0989411$ & $0.0635688$ & $-0.0473766$ & $-0.0483844$ & $-0.0251946$ & $0.124406$ & $-0.669033$ & $-0.659914$ & $0.572241$ & $0.292283$ & $0.420973$ & $-0.39654$ & $0.508556$ & $0.155945$ & $0.107379$ & $0.707992$ & $0.623314$ & $0.654582$ & $-0.229972$ & $-0.350232$ & $-0.341732$ & $-0.149207$ & $1$ & $0.679101$ & $0.211536$ & $-0.405298$ & $-0.0177075$ & $-0.00478829$ & $-0.0774385$ & $-0.00108049$ & $0.110829$ & $-0.126583$ & $-0.648707$ & $-0.000486468$ & $0.00783363$ & $0.109596$ & $0.0307115$ & $-0.0367285$ & $0.0413354$ & $-0.0675559$ & $-0.0125502$ & $0.0131136$ & $0.00530546$ & $0.00870503$ & $0.0222874$ & $0.0381003$ & $-0.0240046$ & $-0.0373792$ \\
CHQ3_11 & $-0.0320918$ & $0.0326227$ & $0.0277216$ & $-0.0668892$ & $0.0116394$ & $-0.0950504$ & $0.129778$ & $-0.426365$ & $-0.421354$ & $0.506867$ & $0.0476093$ & $0.355043$ & $-0.368297$ & $0.592425$ & $-0.112265$ & $-0.133127$ & $0.776678$ & $0.792398$ & $0.797436$ & $-0.0368492$ & $-0.0554631$ & $-0.0429377$ & $0.0801532$ & $0.679101$ & $1$ & $0.0408361$ & $0.210671$ & $0.0248468$ & $-0.0323358$ & $-0.131373$ & $-0.0342541$ & $0.0964507$ & $-0.133596$ & $-0.231057$ & $-0.000136001$ & $-0.015329$ & $0.140639$ & $0.0292366$ & $-0.0325616$ & $0.053707$ & $-0.0266776$ & $0.0300419$ & $-0.0019081$ & $0.0161255$ & $0.00183455$ & $0.0380327$ & $0.00185471$ & $-0.0094064$ & $-0.00453224$ \\
CHu_11 & $-0.0621065$ & $0.0289073$ & $0.0309102$ & $0.0396609$ & $-0.025174$ & $0.129758$ & $-0.0237168$ & $-0.526542$ & $-0.522741$ & $0.201544$ & $0.578638$ & $0.14869$ & $-0.0980654$ & $-0.245245$ & $-0.167314$ & $-0.187323$ & $-0.09984$ & $0.0413756$ & $0.0538477$ & $-0.564893$ & $-0.587456$ & $-0.583972$ & $-0.684554$ & $0.211536$ & $0.0408361$ & $1$ & $-0.20513$ & $-0.231356$ & $0.00153524$ & $0.0478374$ & $0.0160933$ & $-0.00137968$ & $0.0237089$ & $-0.28278$ & $-0.0177979$ & $0.036597$ & $-0.0116507$ & $-0.00289907$ & $-0.0534588$ & $-0.020067$ & $0.0110386$ & $0.0114333$ & $-0.0316979$ & $-0.0115984$ & $0.00120652$ & $0.021322$ & $-0.00798374$ & $0.0196924$ & $-0.0263696$ \\
CHd_11 & $0.0270926$ & $-0.0829616$ & $-0.0125602$ & $-0.0489953$ & $0.0536494$ & $-0.0915878$ & $-0.0138062$ & $0.406813$ & $0.402313$ & $-0.203599$ & $-0.27808$ & $-0.129886$ & $0.0923791$ & $-0.110552$ & $-0.440319$ & $-0.396436$ & $-0.155486$ & $0.0336692$ & $-0.00818594$ & $0.194402$ & $0.361249$ & $0.364022$ & $0.387725$ & $-0.405298$ & $0.210671$ & $-0.20513$ & $1$ & $0.136061$ & $0.021688$ & $-0.0325941$ & $-0.00359241$ & $-0.037929$ & $0.00136063$ & $0.690994$ & $-0.011956$ & $0.0050652$ & $0.0656077$ & $0.017384$ & $0.0268579$ & $-0.0159922$ & $0.0676391$ & $0.0670959$ & $0.00583568$ & $0.043654$ & $0.0238939$ & $0.00188322$ & $-0.0119742$ & $-0.0166784$ & $0.0437349$ \\
CHd_33 & $-0.0296638$ & $-0.00851919$ & $-0.018418$ & $-0.0419223$ & $-0.04292$ & $-0.057781$ & $0.00499681$ & $0.298073$ & $0.283388$ & $-0.140716$ & $-0.343498$ & $-0.0829646$ & $0.0367831$ & $0.221177$ & $0.0749037$ & $0.0695091$ & $0.0619873$ & $0.0189666$ & $0.02586$ & $0.33097$ & $0.354117$ & $0.349915$ & $0.0741151$ & $-0.0177075$ & $0.0248468$ & $-0.231356$ & $0.136061$ & $1$ & $0.055361$ & $0.0312372$ & $-0.00689093$ & $0.00414201$ & $-0.0480865$ & $0.157636$ & $-0.0293848$ & $0.0767117$ & $-0.000394027$ & $-0.0232343$ & $-0.00513058$ & $0.0181565$ & $0.0371756$ & $0.00214399$ & $0.00124969$ & $0.0989047$ & $-0.077836$ & $-0.0011683$ & $0.0636983$ & $-0.0659722$ & $-0.040051$ \\
CeH_22r & $0.0407817$ & $-0.0162217$ & $0.00264161$ & $0.0568939$ & $0.0577984$ & $-0.0202283$ & $0.00717991$ & $0.014586$ & $0.0173985$ & $-0.00643021$ & $0.00145726$ & $-0.0407492$ & $0.0519202$ & $-0.0239151$ & $-0.0331894$ & $0.0012147$ & $-0.028673$ & $-0.00805707$ & $-0.0365409$ & $-0.00936185$ & $0.00260798$ & $-0.00758263$ & $0.00220161$ & $-0.00478829$ & $-0.0323358$ & $0.00153524$ & $0.021688$ & $0.055361$ & $1$ & $0.0808801$ & $-0.00279833$ & $-0.00196049$ & $0.114273$ & $0.0379727$ & $-0.138893$ & $-0.0588316$ & $-0.0398007$ & $0.037753$ & $0.08502$ & $0.00221297$ & $0.0374175$ & $-0.0356447$ & $0.00557341$ & $0.00804369$ & $-0.0971555$ & $-0.055813$ & $-0.0796285$ & $0.0171324$ & $0.0490696$ \\
CeH_33r & $-0.0120772$ & $-0.0834881$ & $-0.0200708$ & $-0.0750179$ & $0.0393446$ & $-0.0557447$ & $-0.156078$ & $0.0831664$ & $0.0827644$ & $-0.117267$ & $-0.0415562$ & $-0.192746$ & $0.273225$ & $-0.075219$ & $0.0630052$ & $0.0361724$ & $-0.0740088$ & $-0.118388$ & $-0.101533$ & $0.0456503$ & $0.0424824$ & $0.0277615$ & $-0.0755811$ & $-0.0774385$ & $-0.131373$ & $0.0478374$ & $-0.0325941$ & $0.0312372$ & $0.0808801$ & $1$ & $0.304731$ & $0.00383525$ & $0.618822$ & $0.0154487$ & $-0.00283124$ & $0.0171721$ & $-0.144462$ & $-0.0495143$ & $-0.041214$ & $0.0145164$ & $-0.0732427$ & $-0.0120205$ & $-0.0708971$ & $-0.0379305$ & $0.135967$ & $0.0120252$ & $-0.0154171$ & $-0.0610288$ & $-0.0163836$ \\
CuH_22r & $-0.0723762$ & $0.0298027$ & $-0.0209106$ & $-0.0727121$ & $-0.0129906$ & $0.0232927$ & $-0.105167$ & $0.0314204$ & $0.027652$ & $0.00375732$ & $-0.023603$ & $-0.0515659$ & $0.0934759$ & $-0.00142609$ & $0.0241638$ & $0.0270088$ & $-0.0324673$ & $-0.0347221$ & $-0.0412138$ & $0.0250167$ & $0.0271507$ & $0.00322996$ & $-0.0257938$ & $-0.00108049$ & $-0.0342541$ & $0.0160933$ & $-0.00359241$ & $-0.00689093$ & $-0.00279833$ & $0.304731$ & $1$ & $0.00402243$ & $0.338976$ & $-0.0016634$ & $0.0213907$ & $0.0497292$ & $-0.0855136$ & $0.0779715$ & $-0.0395338$ & $-0.0119912$ & $0.00233647$ & $0.0326597$ & $0.0157709$ & $-0.0604821$ & $-0.000768829$ & $0.132847$ & $0.347329$ & $-0.0627273$ & $-0.00889171$ \\
CuH_33r & $0.0305201$ & $-0.0113907$ & $-0.0250151$ & $-0.00350183$ & $0.0243119$ & $-0.0184262$ & $0.930562$ & $-0.100467$ & $-0.0585985$ & $0.0951738$ & $0.0575912$ & $0.276642$ & $-0.26286$ & $0.0323612$ & $0.00726877$ & $0.00636975$ & $0.0997587$ & $0.0746261$ & $0.0729064$ & $-0.0540157$ & $-0.064522$ & $-0.0609035$ & $0.0433738$ & $0.110829$ & $0.0964507$ & $-0.00137968$ & $-0.037929$ & $0.00414201$ & $-0.00196049$ & $0.00383525$ & $0.00402243$ & $1$ & $-0.0101489$ & $-0.0794531$ & $0.0565301$ & $0.0528224$ & $-0.0152492$ & $-0.00860582$ & $-0.0254044$ & $-0.0549492$ & $-0.0230558$ & $0.0354905$ & $-0.0124538$ & $0.00676041$ & $0.00554184$ & $-0.0117636$ & $-0.00812876$ & $-0.0102014$ & $-0.0333201$ \\
CdH_33r & $-0.0350888$ & $-0.0467325$ & $0.0198864$ & $1.37795e-05$ & $0.0312033$ & $0.0218244$ & $-0.20012$ & $0.110073$ & $0.123258$ & $-0.0925359$ & $-0.0562441$ & $-0.220018$ & $0.319446$ & $-0.0839624$ & $0.0672451$ & $0.0310359$ & $-0.0961477$ & $-0.143901$ & $-0.12101$ & $0.0592408$ & $0.0608624$ & $0.0461902$ & $-0.0555308$ & $-0.126583$ & $-0.133596$ & $0.0237089$ & $0.00136063$ & $-0.0480865$ & $0.114273$ & $0.618822$ & $0.338976$ & $-0.0101489$ & $1$ & $0.0364338$ & $0.026894$ & $-0.130016$ & $-0.198442$ & $-0.0730736$ & $0.00614411$ & $-4.16496e-05$ & $-0.0881487$ & $-0.00944356$ & $0.0242023$ & $-0.020606$ & $0.009781$ & $-0.00255206$ & $0.0449091$ & $0.156841$ & $0.468466$ \\
CLL_1221 & $0.0129631$ & $-0.0559749$ & $0.00461369$ & $-0.0011004$ & $0.0838749$ & $-0.141887$ & $-0.0669645$ & $0.565897$ & $0.560333$ & $-0.354101$ & $-0.352348$ & $-0.244489$ & $0.198069$ & $-0.257637$ & $-0.618997$ & $-0.12113$ & $-0.294376$ & $0.024047$ & $-0.378152$ & $0.265645$ & $0.442029$ & $0.447011$ & $0.247459$ & $-0.648707$ & $-0.231057$ & $-0.28278$ & $0.690994$ & $0.157636$ & $0.0379727$ & $0.0154487$ & $-0.0016634$ & $-0.0794531$ & $0.0364338$ & $1$ & $-0.0202322$ & $0.0034143$ & $-0.00278084$ & $-0.0375921$ & $0.0574216$ & $-0.0322806$ & $0.0581892$ & $0.0231055$ & $0.0330869$ & $0.0410394$ & $0.00480461$ & $0.0119344$ & $-0.0429519$ & $-0.024832$ & $0.0532119$ \\
eHggint & $0.0544819$ & $-0.0455026$ & $-0.0174485$ & $-0.0271025$ & $0.0961037$ & $0.0064802$ & $-0.0328968$ & $0.0264726$ & $0.0154272$ & $0.040427$ & $-0.0441777$ & $-0.0719915$ & $0.108385$ & $0.0191918$ & $0.0582597$ & $0.00761075$ & $0.0422436$ & $-0.00409356$ & $0.0229548$ & $0.050451$ & $0.0383874$ & $0.0321078$ & $0.00758118$ & $-0.000486468$ & $-0.000136001$ & $-0.0177979$ & $-0.011956$ & $-0.0293848$ & $-0.138893$ & $-0.00283124$ & $0.0213907$ & $0.0565301$ & $0.026894$ & $-0.0202322$ & $1$ & $-0.0618734$ & $0.00406643$ & $-0.0350809$ & $-0.00625892$ & $0.0146874$ & $-0.0309197$ & $0.0265443$ & $-0.0556716$ & $-0.00773894$ & $0.154463$ & $0.125705$ & $-0.0444103$ & $-0.0180783$ & $0.0554542$ \\
eHggpar & $0.00424863$ & $0.0622281$ & $-0.0572325$ & $-0.0471305$ & $-0.0276625$ & $-0.0817152$ & $0.00445269$ & $-0.0154374$ & $-0.0439495$ & $0.0261039$ & $0.0273558$ & $0.0319912$ & $-0.0148604$ & $-0.0129825$ & $-0.021361$ & $-0.00835129$ & $-0.0303462$ & $-0.0129653$ & $-0.0137617$ & $-0.0335872$ & $-0.0229709$ & $-0.0317754$ & $-0.0212769$ & $0.00783363$ & $-0.015329$ & $0.036597$ & $0.0050652$ & $0.0767117$ & $-0.0588316$ & $0.0171721$ & $0.0497292$ & $0.0528224$ & $-0.130016$ & $0.0034143$ & $-0.0618734$ & $1$ & $0.0747822$ & $0.0417304$ & $-0.0740549$ & $-0.033042$ & $-0.000545524$ & $-0.0569759$ & $-0.0979559$ & $0.0291572$ & $0.0173406$ & $0.0135554$ & $0.0425141$ & $-0.122713$ & $-0.149118$ \\
eHWWint & $0.0731432$ & $-0.0113107$ & $0.0559709$ & $0.00431922$ & $-0.0377033$ & $-0.00101648$ & $0.0320174$ & $-0.0389155$ & $-0.0513063$ & $0.0325818$ & $-0.014185$ & $0.0504857$ & $-0.0624281$ & $0.0811777$ & $-0.0207621$ & $-0.0134887$ & $0.122243$ & $0.119067$ & $0.115141$ & $0.0160801$ & $0.0124033$ & $0.0282425$ & $0.0180232$ & $0.109596$ & $0.140639$ & $-0.0116507$ & $0.0656077$ & $-0.000394027$ & $-0.0398007$ & $-0.144462$ & $-0.0855136$ & $-0.0152492$ & $-0.198442$ & $-0.00278084$ & $0.00406643$ & $0.0747822$ & $1$ & $0.0107937$ & $0.0184765$ & $-0.0639599$ & $0.0136481$ & $0.00240343$ & $-0.0247668$ & $0.16246$ & $-0.0225971$ & $0.0752853$ & $-0.100564$ & $0.0246517$ & $0.00303166$ \\
eHWWpar & $-0.0148334$ & $0.0625112$ & $0.0650188$ & $-0.0439789$ & $0.0363215$ & $0.0907083$ & $0.0137329$ & $-0.0106458$ & $-0.0180033$ & $-0.0169129$ & $0.00195436$ & $0.0588669$ & $-0.064938$ & $0.0351419$ & $0.0271656$ & $-0.014193$ & $-0.00490309$ & $-0.00236211$ & $0.029392$ & $0.00425036$ & $-0.00176202$ & $-0.00859698$ & $0.0234382$ & $0.0307115$ & $0.0292366$ & $-0.00289907$ & $0.017384$ & $-0.0232343$ & $0.037753$ & $-0.0495143$ & $0.0779715$ & $-0.00860582$ & $-0.0730736$ & $-0.0375921$ & $-0.0350809$ & $0.0417304$ & $0.0107937$ & $1$ & $0.0534314$ & $0.0255912$ & $-0.0485157$ & $-0.0324667$ & $-0.00435257$ & $0.026359$ & $-0.0203688$ & $0.0361845$ & $0.0299542$ & $-0.0879314$ & $-0.0581165$ \\
eHZZint & $0.0582007$ & $0.100894$ & $0.0693349$ & $-0.054195$ & $0.0330865$ & $0.0248506$ & $-0.0295145$ & $0.0573225$ & $0.0552983$ & $-0.0233351$ & $-0.053979$ & $-0.0164094$ & $0.00879755$ & $0.00891785$ & $-0.00901784$ & $-0.00784207$ & $-0.00909331$ & $-0.0072118$ & $-0.0224211$ & $0.0530404$ & $0.0585342$ & $0.0492143$ & $-0.000545586$ & $-0.0367285$ & $-0.0325616$ & $-0.0534588$ & $0.0268579$ & $-0.00513058$ & $0.08502$ & $-0.041214$ & $-0.0395338$ & $-0.0254044$ & $0.00614411$ & $0.0574216$ & $-0.00625892$ & $-0.0740549$ & $0.0184765$ & $0.0534314$ & $1$ & $-0.0327702$ & $0.101748$ & $-0.02555$ & $-0.0195748$ & $0.00416045$ & $-0.119334$ & $0.038963$ & $0.00506361$ & $-0.0384227$ & $0.0971245$ \\
eHZZpar & $-0.0240432$ & $-0.0312575$ & $-0.00705521$ & $-0.105879$ & $0.0183101$ & $0.0542451$ & $-0.0566785$ & $0.000569833$ & $0.00538642$ & $0.0368975$ & $-0.0344852$ & $0.0607644$ & $-0.0602871$ & $0.0762474$ & $0.0320112$ & $0.0374121$ & $0.0558321$ & $0.0424651$ & $0.0397487$ & $0.0353818$ & $0.0266852$ & $0.0243971$ & $0.00848916$ & $0.0413354$ & $0.053707$ & $-0.020067$ & $-0.0159922$ & $0.0181565$ & $0.00221297$ & $0.0145164$ & $-0.0119912$ & $-0.0549492$ & $-4.16496e-05$ & $-0.0322806$ & $0.0146874$ & $-0.033042$ & $-0.0639599$ & $0.0255912$ & $-0.0327702$ & $1$ & $-0.00323168$ & $0.039156$ & $0.0823508$ & $-0.0247041$ & $0.0391329$ & $0.0727968$ & $-0.0065349$ & $0.026107$ & $0.0217925$ \\
eHZgaint & $0.00375973$ & $-0.0503407$ & $-0.048939$ & $-0.123922$ & $-0.00329286$ & $-0.0580147$ & $-0.00733324$ & $0.0939509$ & $0.094978$ & $-0.0499089$ & $-0.0799325$ & $-0.0398555$ & $0.0218841$ & $0.0223959$ & $0.00406343$ & $0.0170189$ & $-0.0479766$ & $-0.0316978$ & $-0.0491895$ & $0.0732777$ & $0.0791319$ & $0.0685768$ & $-0.0360202$ & $-0.0675559$ & $-0.0266776$ & $0.0110386$ & $0.0676391$ & $0.0371756$ & $0.0374175$ & $-0.0732427$ & $0.00233647$ & $-0.0230558$ & $-0.0881487$ & $0.0581892$ & $-0.0309197$ & $-0.000545524$ & $0.0136481$ & $-0.0485157$ & $0.101748$ & $-0.00323168$ & $1$ & $-0.0201822$ & $0.104735$ & $0.00823227$ & $0.00391058$ & $-0.00236372$ & $0.0662579$ & $0.00587837$ & $-0.028225$ \\
eHZgapar & $-0.0107621$ & $-0.0394399$ & $-0.0457654$ & $-0.00347894$ & $0.0272801$ & $-0.0188778$ & $0.0290696$ & $0.0229674$ & $0.0264413$ & $-0.0309648$ & $-0.022087$ & $-0.0605927$ & $0.0469553$ & $0.0172687$ & $-0.0141016$ & $-0.00459427$ & $-0.0109402$ & $0.00734464$ & $-0.00756345$ & $0.0168261$ & $0.0194102$ & $0.0149223$ & $0.0197673$ & $-0.0125502$ & $0.0300419$ & $0.0114333$ & $0.0670959$ & $0.00214399$ & $-0.0356447$ & $-0.0120205$ & $0.0326597$ & $0.0354905$ & $-0.00944356$ & $0.0231055$ & $0.0265443$ & $-0.0569759$ & $0.00240343$ & $-0.0324667$ & $-0.02555$ & $0.039156$ & $-0.0201822$ & $1$ & $-0.0278003$ & $-0.0339069$ & $0.0378394$ & $-0.073557$ & $-0.00785879$ & $-0.0360111$ & $-0.0110576$ \\
eHgagaint & $0.0207924$ & $-0.00318168$ & $0.0516254$ & $0.0033578$ & $-0.0370317$ & $0.0382627$ & $0.00507895$ & $0.0147437$ & $0.10769$ & $0.0269277$ & $-0.0166376$ & $0.0663125$ & $-0.0684513$ & $0.005046$ & $-0.0146408$ & $0.0602024$ & $0.013489$ & $0.0193367$ & $-0.0392982$ & $0.0131307$ & $0.0165678$ & $0.026458$ & $0.0255622$ & $0.0131136$ & $-0.0019081$ & $-0.0316979$ & $0.00583568$ & $0.00124969$ & $0.00557341$ & $-0.0708971$ & $0.0157709$ & $-0.0124538$ & $0.0242023$ & $0.0330869$ & $-0.0556716$ & $-0.0979559$ & $-0.0247668$ & $-0.00435257$ & $-0.0195748$ & $0.0823508$ & $0.104735$ & $-0.0278003$ & $1$ & $-0.0213983$ & $0.0221299$ & $0.0818464$ & $0.111724$ & $0.00648436$ & $0.133024$ \\
eHmumuint & $-0.0249182$ & $-0.00529901$ & $0.00187901$ & $0.0740261$ & $-0.028699$ & $-0.0162637$ & $0.00911762$ & $0.0547648$ & $0.0514733$ & $-0.00756573$ & $-0.067372$ & $-0.00686866$ & $0.00442556$ & $0.0403379$ & $0.011136$ & $-0.0170023$ & $0.0281348$ & $0.0186665$ & $0.0268612$ & $0.0670057$ & $0.0662436$ & $0.0706416$ & $-0.00692374$ & $0.00530546$ & $0.0161255$ & $-0.0115984$ & $0.043654$ & $0.0989047$ & $0.00804369$ & $-0.0379305$ & $-0.0604821$ & $0.00676041$ & $-0.020606$ & $0.0410394$ & $-0.00773894$ & $0.0291572$ & $0.16246$ & $0.026359$ & $0.00416045$ & $-0.0247041$ & $0.00823227$ & $-0.0339069$ & $-0.0213983$ & $1$ & $0.0178964$ & $0.00327725$ & $-0.00134618$ & $-0.0278308$ & $0.0316049$ \\
eHtautauint & $-0.0176491$ & $-0.157688$ & $-0.0509523$ & $-0.115508$ & $0.0594008$ & $-0.00413491$ & $0.00486765$ & $0.00278052$ & $0.00559006$ & $-0.0451469$ & $0.0101219$ & $-0.00888206$ & $0.00681748$ & $-0.00525834$ & $-0.0115249$ & $0.0115142$ & $-0.0180341$ & $-0.00845505$ & $-0.0327674$ & $-0.0190496$ & $-0.0188577$ & $-0.0150829$ & $0.0156987$ & $0.00870503$ & $0.00183455$ & $0.00120652$ & $0.0238939$ & $-0.077836$ & $-0.0971555$ & $0.135967$ & $-0.000768829$ & $0.00554184$ & $0.009781$ & $0.00480461$ & $0.154463$ & $0.0173406$ & $-0.0225971$ & $-0.0203688$ & $-0.119334$ & $0.0391329$ & $0.00391058$ & $0.0378394$ & $0.0221299$ & $0.0178964$ & $1$ & $0.0104295$ & $0.00372592$ & $-0.0139657$ & $-0.0759786$ \\
eHccint & $0.0416578$ & $0.0126857$ & $0.0393447$ & $-0.0399522$ & $0.0849516$ & $0.0690295$ & $-0.0263611$ & $0.0144842$ & $0.00840502$ & $0.0126674$ & $-0.046932$ & $0.0249406$ & $-0.0204026$ & $0.0637848$ & $-0.00300181$ & $0.056034$ & $0.0539736$ & $0.061473$ & $0.00812231$ & $0.0477071$ & $0.043593$ & $0.0296736$ & $-0.0318847$ & $0.0222874$ & $0.0380327$ & $0.021322$ & $0.00188322$ & $-0.0011683$ & $-0.055813$ & $0.0120252$ & $0.132847$ & $-0.0117636$ & $-0.00255206$ & $0.0119344$ & $0.125705$ & $0.0135554$ & $0.0752853$ & $0.0361845$ & $0.038963$ & $0.0727968$ & $-0.00236372$ & $-0.073557$ & $0.0818464$ & $0.00327725$ & $0.0104295$ & $1$ & $0.0541479$ & $-0.0556729$ & $-0.0109059$ \\
eHccpar & $-0.100789$ & $0.103275$ & $-0.0627868$ & $0.0159324$ & $-0.0338389$ & $0.0235138$ & $-0.0487693$ & $0.00813068$ & $-0.00440284$ & $0.0712178$ & $-0.0199111$ & $0.0488186$ & $-0.0268506$ & $0.0230654$ & $0.0574135$ & $-0.00281854$ & $-0.00190557$ & $-0.0251621$ & $0.0106037$ & $0.024876$ & $0.0180013$ & $0.00673953$ & $0.0184886$ & $0.0381003$ & $0.00185471$ & $-0.00798374$ & $-0.0119742$ & $0.0636983$ & $-0.0796285$ & $-0.0154171$ & $0.347329$ & $-0.00812876$ & $0.0449091$ & $-0.0429519$ & $-0.0444103$ & $0.0425141$ & $-0.100564$ & $0.0299542$ & $0.00506361$ & $-0.0065349$ & $0.0662579$ & $-0.00785879$ & $0.111724$ & $-0.00134618$ & $0.00372592$ & $0.0541479$ & $1$ & $0.0167652$ & $0.0644323$ \\
eHbbint & $-0.00917933$ & $-0.0271464$ & $0.0209929$ & $-0.0064778$ & $-0.015425$ & $0.0505726$ & $-0.00464555$ & $0.0120493$ & $0.00360512$ & $-0.0179927$ & $-0.00714096$ & $0.00523836$ & $-0.0128852$ & $-0.0115523$ & $0.0476088$ & $0.0188067$ & $0.000122619$ & $-0.0395169$ & $-0.0200937$ & $0.00951857$ & $0.00141787$ & $0.00539807$ & $-0.0446723$ & $-0.0240046$ & $-0.0094064$ & $0.0196924$ & $-0.0166784$ & $-0.0659722$ & $0.0171324$ & $-0.0610288$ & $-0.0627273$ & $-0.0102014$ & $0.156841$ & $-0.024832$ & $-0.0180783$ & $-0.122713$ & $0.0246517$ & $-0.0879314$ & $-0.0384227$ & $0.026107$ & $0.00587837$ & $-0.0360111$ & $0.00648436$ & $-0.0278308$ & $-0.0139657$ & $-0.0556729$ & $0.0167652$ & $1$ & $0.0366738$ \\
eHbbpar & $0.00508177$ & $0.0406808$ & $0.135113$ & $0.068943$ & $-0.0019474$ & $0.020744$ & $-0.0469414$ & $0.0282079$ & $0.0340307$ & $0.0229615$ & $-0.015177$ & $0.0145882$ & $-0.00732824$ & $-0.0317245$ & $-0.0101273$ & $0.00312871$ & $0.00288377$ & $-0.00963509$ & $-0.0355753$ & $0.0146738$ & $0.0217135$ & $0.0200556$ & $0.0367738$ & $-0.0373792$ & $-0.00453224$ & $-0.0263696$ & $0.0437349$ & $-0.040051$ & $0.0490696$ & $-0.0163836$ & $-0.00889171$ & $-0.0333201$ & $0.468466$ & $0.0532119$ & $0.0554542$ & $-0.149118$ & $0.00303166$ & $-0.0581165$ & $0.0971245$ & $0.0217925$ & $-0.028225$ & $-0.0110576$ & $0.133024$ & $0.0316049$ & $-0.0759786$ & $-0.0109059$ & $0.0644323$ & $0.0366738$ & $1$ \\
