 & AlsMz & dAle5Mz & mtop & mHl & Mz & CW & CHG & CHWB & CHWHB_gaga & CHWHB_gagaorth & CHD & CHbox & CH & CHL1_11 & CHL1_22 & CHL1_33 & CHL3_11 & CHL3_22 & CHL3_33 & CHe_11 & CHe_22 & CHe_33 & CHQ1_11 & CHQ1_33 & CHQ3_11 & CHu_11 & CHd_11 & CHd_33 & CeH_22r & CeH_33r & CuH_22r & CuH_33r & CdH_33r & CLL_1221 & eHggint & eHggpar & eHWWint & eHWWpar & eHZZint & eHZZpar & eHZgaint & eHZgapar & eHgagaint & eHmumuint & eHtautauint & eHccint & eHccpar & eHbbint & eHbbpar \\
AlsMz & $1$ & $0.00277692$ & $0.0473598$ & $0.0169086$ & $-0.000154576$ & $0.00310859$ & $0.013904$ & $-0.0109829$ & $-0.00972223$ & $0.00874464$ & $0.000112629$ & $0.0117602$ & $-0.00770412$ & $0.00487516$ & $-0.0124045$ & $-0.00726784$ & $0.00323479$ & $0.012971$ & $0.00928549$ & $-0.00868831$ & $-0.00810162$ & $-0.00811649$ & $0.00534069$ & $-0.0504707$ & $-0.110678$ & $-0.0374701$ & $-0.029826$ & $0.0197646$ & $0.00228717$ & $0.00447723$ & $0.0101942$ & $0.00552751$ & $0.00928469$ & $-0.00159503$ & $0.00202048$ & $-0.0722302$ & $0.00927508$ & $-0.0156004$ & $0.0209291$ & $0.00808778$ & $0.00246999$ & $0.00909057$ & $0.0232133$ & $0.033809$ & $-0.0425174$ & $0.0183245$ & $0.0412328$ & $-0.0168232$ & $0.00759485$ \\
dAle5Mz & $0.00277692$ & $1$ & $-0.0208431$ & $0.00826326$ & $0.00369979$ & $0.0104367$ & $-0.00991768$ & $-0.0948438$ & $-0.0915156$ & $0.0399254$ & $0.0650026$ & $0.0161657$ & $-0.00356812$ & $-0.0109648$ & $-0.0147221$ & $-0.00377691$ & $0.0425054$ & $0.0352441$ & $0.0299929$ & $-0.0367105$ & $-0.0392762$ & $-0.0345966$ & $-0.00399298$ & $0.0458499$ & $0.037776$ & $0.027102$ & $-0.0140237$ & $-0.0106125$ & $-0.00775861$ & $0.00684866$ & $-0.0087826$ & $-0.00342195$ & $0.0146042$ & $0.0079391$ & $-0.00376861$ & $0.0107705$ & $-0.00477791$ & $-0.00169244$ & $-0.00432754$ & $-0.00548365$ & $0.0322797$ & $0.011049$ & $0.0185682$ & $-0.0169217$ & $0.013103$ & $-0.0107253$ & $0.0147885$ & $0.0360724$ & $0.00981922$ \\
mtop & $0.0473598$ & $-0.0208431$ & $1$ & $0.0213273$ & $0.00016931$ & $-0.00452942$ & $-0.00511905$ & $0.0108581$ & $0.011982$ & $0.00546261$ & $-0.00809298$ & $-0.00253208$ & $0.00354973$ & $0.0131122$ & $0.0145965$ & $0.00219242$ & $0.0108397$ & $6.36756e-05$ & $0.00794115$ & $0.0156978$ & $0.0148392$ & $0.0135147$ & $-0.0119665$ & $0.00861534$ & $0.001264$ & $-0.00423958$ & $0.00183932$ & $0.0028333$ & $0.00916172$ & $0.00497469$ & $0.00872658$ & $-0.00838708$ & $0.0107541$ & $-0.00246113$ & $-0.0210409$ & $0.00656345$ & $-0.023007$ & $-0.00132211$ & $-0.0157965$ & $-0.00801667$ & $-0.0257551$ & $0.0130324$ & $0.000553219$ & $0.0261631$ & $0.0277245$ & $-0.0022297$ & $0.0145299$ & $-0.0380607$ & $0.0218109$ \\
mHl & $0.0169086$ & $0.00826326$ & $0.0213273$ & $1$ & $0.00241139$ & $0.00451074$ & $0.000924574$ & $-0.00969636$ & $-0.0115802$ & $-0.00156725$ & $0.0168833$ & $0.00479045$ & $-0.00338256$ & $-0.0123675$ & $-0.00947517$ & $-0.00116746$ & $-0.0164503$ & $-0.00630329$ & $-0.0122663$ & $-0.017889$ & $-0.0168449$ & $-0.0147829$ & $0.00885196$ & $0.00434357$ & $-0.0169964$ & $-0.00102051$ & $-0.00727747$ & $-0.00264826$ & $-0.00627633$ & $0.00112331$ & $-0.0152687$ & $0.000868974$ & $0.0241258$ & $-0.000157423$ & $0.0124651$ & $0.00640367$ & $-0.0202488$ & $0.00496433$ & $-0.0223323$ & $0.00306722$ & $0.00378083$ & $-0.00244001$ & $-0.0274002$ & $-0.003842$ & $-0.00684391$ & $-0.00575975$ & $-0.0396649$ & $0.0100926$ & $0.0422526$ \\
Mz & $-0.000154576$ & $0.00369979$ & $0.00016931$ & $0.00241139$ & $1$ & $-0.00278106$ & $0.00700809$ & $-0.00524161$ & $-0.00650244$ & $0.00338122$ & $0.00872223$ & $0.00609151$ & $-0.00543678$ & $0.00848841$ & $-0.000428341$ & $0.00810087$ & $0.00528825$ & $0.00712743$ & $0.000155262$ & $-0.00120543$ & $-0.00148983$ & $-0.00167638$ & $-0.00611702$ & $0.00803529$ & $-0.000414449$ & $0.0012313$ & $-0.0115025$ & $0.0030578$ & $0.00208307$ & $-0.0052309$ & $-0.0193037$ & $0.00399217$ & $-0.00511925$ & $-0.00516244$ & $2.11639e-05$ & $9.82773e-05$ & $-0.00203751$ & $-0.00166531$ & $-0.00342876$ & $-0.000153771$ & $-0.00437342$ & $-0.00960805$ & $-0.0134643$ & $0.00090006$ & $-0.000802122$ & $0.0045512$ & $-0.0112285$ & $-0.00216302$ & $-0.00663127$ \\
CW & $0.00310859$ & $0.0104367$ & $-0.00452942$ & $0.00451074$ & $-0.00278106$ & $1$ & $-0.0114983$ & $-0.133204$ & $-0.129687$ & $0.0190874$ & $0.189779$ & $0.0294448$ & $-0.00746522$ & $0.0249243$ & $-0.0854383$ & $-0.0877885$ & $-0.251032$ & $-0.0395147$ & $-0.0354839$ & $-0.186748$ & $-0.191972$ & $-0.187656$ & $-0.00936336$ & $0.0105048$ & $-0.0787382$ & $0.108678$ & $-0.0793847$ & $-0.069241$ & $0.00580062$ & $0.0045523$ & $-0.00812352$ & $-0.010104$ & $-0.000766822$ & $-0.125255$ & $0.00112828$ & $-0.00324953$ & $-0.00860841$ & $0.000413378$ & $0.00149605$ & $0.00332444$ & $0.00341483$ & $-0.00583444$ & $0.0122111$ & $-0.00623036$ & $0.00973218$ & $0.0100285$ & $-0.00520968$ & $-0.00619555$ & $0.010091$ \\
CHG & $0.013904$ & $-0.00991768$ & $-0.00511905$ & $0.000924574$ & $0.00700809$ & $-0.0114983$ & $1$ & $-0.105895$ & $-0.0569414$ & $0.0825998$ & $0.0583445$ & $0.28957$ & $-0.322646$ & $0.0574292$ & $-0.026482$ & $-0.0229793$ & $0.0990361$ & $0.107936$ & $0.105429$ & $-0.0574712$ & $-0.0617366$ & $-0.0606165$ & $-0.00593959$ & $0.113801$ & $0.102342$ & $0.0302488$ & $-0.0408273$ & $-0.0210296$ & $0.00599588$ & $-0.13429$ & $-0.0711374$ & $0.925464$ & $-0.157579$ & $-0.0626265$ & $-0.0384569$ & $-0.0221732$ & $0.0211236$ & $0.00789828$ & $-0.0135635$ & $-0.00261183$ & $-0.00146784$ & $0.00154289$ & $0.000352078$ & $0.00954221$ & $0.0025876$ & $-0.00186216$ & $-0.00730782$ & $-0.00322629$ & $-0.000571341$ \\
CHWB & $-0.0109829$ & $-0.0948438$ & $0.0108581$ & $-0.00969636$ & $-0.00524161$ & $-0.133204$ & $-0.105895$ & $1$ & $0.98311$ & $-0.560375$ & $-0.878429$ & $-0.418756$ & $0.342204$ & $0.0878414$ & $0.298829$ & $0.293873$ & $-0.250248$ & $-0.443076$ & $-0.440591$ & $0.849237$ & $0.894988$ & $0.877848$ & $0.0822562$ & $-0.678923$ & $-0.404141$ & $-0.516126$ & $0.435671$ & $0.299586$ & $0.00590014$ & $0.105862$ & $0.0455301$ & $-0.101137$ & $0.110284$ & $0.570432$ & $-0.00187335$ & $-0.0107266$ & $0.00200719$ & $-0.00241596$ & $0.0079779$ & $-0.00404309$ & $-0.0112879$ & $0.0180946$ & $0.00774994$ & $-0.00104292$ & $-0.00673749$ & $-0.00364213$ & $-0.00231754$ & $-0.000856595$ & $-0.00275911$ \\
CHWHB_gaga & $-0.00972223$ & $-0.0915156$ & $0.011982$ & $-0.0115802$ & $-0.00650244$ & $-0.129687$ & $-0.0569414$ & $0.98311$ & $1$ & $-0.548988$ & $-0.861426$ & $-0.402449$ & $0.335808$ & $0.0816573$ & $0.292792$ & $0.289076$ & $-0.250461$ & $-0.438947$ & $-0.437603$ & $0.832899$ & $0.877745$ & $0.861031$ & $0.0807259$ & $-0.66995$ & $-0.401197$ & $-0.506146$ & $0.428212$ & $0.292869$ & $0.0130065$ & $0.130344$ & $0.0581924$ & $-0.0622223$ & $0.135348$ & $0.561688$ & $-0.0221465$ & $-0.0196383$ & $-0.0133526$ & $-0.00416422$ & $0.00215291$ & $-0.00259096$ & $-0.0118682$ & $0.0154379$ & $0.0836228$ & $-0.00176975$ & $-0.00148115$ & $-0.00501756$ & $-0.00306254$ & $0.000242761$ & $-0.00150123$ \\
CHWHB_gagaorth & $0.00874464$ & $0.0399254$ & $0.00546261$ & $-0.00156725$ & $0.00338122$ & $0.0190874$ & $0.0825998$ & $-0.560375$ & $-0.548988$ & $1$ & $0.337372$ & $0.499283$ & $-0.253636$ & $0.255061$ & $-0.124091$ & $-0.123441$ & $0.453217$ & $0.507622$ & $0.503851$ & $-0.323996$ & $-0.352685$ & $-0.348136$ & $-0.0593243$ & $0.560917$ & $0.491632$ & $0.209538$ & $-0.23318$ & $-0.124606$ & $-0.00464538$ & $-0.12638$ & $-0.0613498$ & $0.101852$ & $-0.130014$ & $-0.346448$ & $0.0467041$ & $0.017631$ & $-0.0029017$ & $-0.000908311$ & $0.00068605$ & $0.00797029$ & $-0.0397856$ & $-0.011004$ & $0.000222986$ & $-0.0104842$ & $0.000728181$ & $-0.00676968$ & $-0.000693013$ & $-0.0144253$ & $0.0188416$ \\
CHD & $0.000112629$ & $0.0650026$ & $-0.00809298$ & $0.0168833$ & $0.00872223$ & $0.189779$ & $0.0583445$ & $-0.878429$ & $-0.861426$ & $0.337372$ & $1$ & $0.275561$ & $-0.174079$ & $-0.50693$ & $-0.423692$ & $-0.413799$ & $-0.208487$ & $0.0724899$ & $0.0720389$ & $-0.990308$ & $-0.991273$ & $-0.97075$ & $-0.03031$ & $0.314145$ & $0.0204586$ & $0.576433$ & $-0.305032$ & $-0.329041$ & $0.00144249$ & $-0.065023$ & $-0.0307217$ & $0.0643804$ & $-0.066022$ & $-0.373832$ & $0.00730641$ & $0.0197162$ & $-0.00501379$ & $0.00106391$ & $-0.0118461$ & $0.000237473$ & $0.0178207$ & $-0.0179751$ & $-0.00918211$ & $0.00502445$ & $0.00629333$ & $0.00877656$ & $-0.00491271$ & $0.00399772$ & $0.00305552$ \\
CHbox & $0.0117602$ & $0.0161657$ & $-0.00253208$ & $0.00479045$ & $0.00609151$ & $0.0294448$ & $0.28957$ & $-0.418756$ & $-0.402449$ & $0.499283$ & $0.275561$ & $1$ & $-0.899737$ & $0.145415$ & $-0.0875489$ & $-0.0857126$ & $0.285443$ & $0.332883$ & $0.331289$ & $-0.262905$ & $-0.288523$ & $-0.283581$ & $-0.0480178$ & $0.394812$ & $0.316436$ & $0.167685$ & $-0.193677$ & $-0.0984201$ & $-0.0284315$ & $-0.156003$ & $-0.0814371$ & $0.281576$ & $-0.18038$ & $-0.268133$ & $0.0122024$ & $0.0102014$ & $-0.00156623$ & $0.00828341$ & $0.000289191$ & $0.00217185$ & $-0.0108543$ & $0.00531047$ & $-0.00418242$ & $0.00382687$ & $0.0010685$ & $-0.00229984$ & $-0.00247936$ & $-0.0125681$ & $0.0223565$ \\
CH & $-0.00770412$ & $-0.00356812$ & $0.00354973$ & $-0.00338256$ & $-0.00543678$ & $-0.00746522$ & $-0.322646$ & $0.342204$ & $0.335808$ & $-0.253636$ & $-0.174079$ & $-0.899737$ & $1$ & $-0.225203$ & $0.0761381$ & $0.0762499$ & $-0.339857$ & $-0.368657$ & $-0.368242$ & $0.169863$ & $0.184219$ & $0.182365$ & $0.0326082$ & $-0.378292$ & $-0.353385$ & $-0.102777$ & $0.140318$ & $0.0604654$ & $0.0463067$ & $0.269841$ & $0.105587$ & $-0.26779$ & $0.309938$ & $0.212843$ & $0.0385318$ & $0.013122$ & $-0.00383634$ & $-0.00750154$ & $-0.00316283$ & $0.00167664$ & $-0.00312784$ & $-0.00815573$ & $-0.00217934$ & $-0.00500744$ & $-0.000714774$ & $0.000706784$ & $-0.00272814$ & $0.00746521$ & $-0.0170089$ \\
CHL1_11 & $0.00487516$ & $-0.0109648$ & $0.0131122$ & $-0.0123675$ & $0.00848841$ & $0.0249243$ & $0.0574292$ & $0.0878414$ & $0.0816573$ & $0.255061$ & $-0.50693$ & $0.145415$ & $-0.225203$ & $1$ & $0.274712$ & $0.262334$ & $0.669667$ & $0.604184$ & $0.602527$ & $0.526139$ & $0.46812$ & $0.454631$ & $-0.0675012$ & $0.475622$ & $0.608958$ & $-0.277127$ & $-0.0952326$ & $0.151356$ & $-0.0130029$ & $-0.0453692$ & $-0.019127$ & $0.0357243$ & $-0.052212$ & $-0.219046$ & $-0.0160749$ & $-0.0246071$ & $0.00396128$ & $0.00105001$ & $0.00949957$ & $0.00523842$ & $-0.0209853$ & $0.00747435$ & $0.00140377$ & $-0.00810685$ & $0.00798641$ & $-0.0100092$ & $0.0161718$ & $-0.00955349$ & $0.0025$ \\
CHL1_22 & $-0.0124045$ & $-0.0147221$ & $0.0145965$ & $-0.00947517$ & $-0.000428341$ & $-0.0854383$ & $-0.026482$ & $0.298829$ & $0.292792$ & $-0.124091$ & $-0.423692$ & $-0.0875489$ & $0.0761381$ & $0.274712$ & $1$ & $0.449649$ & $0.164633$ & $-0.438168$ & $-0.0324949$ & $0.488945$ & $0.341528$ & $0.334468$ & $-0.167529$ & $0.103241$ & $-0.128542$ & $-0.207627$ & $-0.390339$ & $0.113872$ & $0.00878096$ & $0.0417387$ & $0.0169302$ & $-0.0213031$ & $0.0450943$ & $-0.582188$ & $0.00158583$ & $-0.00516228$ & $-0.010078$ & $0.0049691$ & $-0.0113392$ & $0.000558225$ & $-0.0111897$ & $0.00418594$ & $-0.00774902$ & $0.00632879$ & $-0.00195081$ & $-0.00867656$ & $-0.00090092$ & $0.00788498$ & $-0.000856037$ \\
CHL1_33 & $-0.00726784$ & $-0.00377691$ & $0.00219242$ & $-0.00116746$ & $0.00810087$ & $-0.0877885$ & $-0.0229793$ & $0.293873$ & $0.289076$ & $-0.123441$ & $-0.413799$ & $-0.0857126$ & $0.0762499$ & $0.262334$ & $0.449649$ & $1$ & $0.156275$ & $-0.0312199$ & $-0.435131$ & $0.478974$ & $0.334246$ & $0.352988$ & $-0.159477$ & $0.0977895$ & $-0.127095$ & $-0.203083$ & $-0.379315$ & $0.106293$ & $0.00216188$ & $0.0412975$ & $0.0193195$ & $-0.0186857$ & $0.0320241$ & $-0.0967944$ & $0.00221003$ & $0.00363089$ & $-0.00488584$ & $0.00231517$ & $-0.00464411$ & $0.00455838$ & $-0.00990332$ & $-0.00260122$ & $0.00676907$ & $0.015266$ & $0.00487407$ & $-0.014716$ & $-0.00111514$ & $-0.00629147$ & $-0.0160524$ \\
CHL3_11 & $0.00323479$ & $0.0425054$ & $0.0108397$ & $-0.0164503$ & $0.00528825$ & $-0.251032$ & $0.0990361$ & $-0.250248$ & $-0.250461$ & $0.453217$ & $-0.208487$ & $0.285443$ & $-0.339857$ & $0.669667$ & $0.164633$ & $0.156275$ & $1$ & $0.744606$ & $0.740853$ & $0.231838$ & $0.176897$ & $0.170241$ & $-0.0683801$ & $0.683834$ & $0.784574$ & $-0.110061$ & $-0.163646$ & $0.0560297$ & $-0.0165385$ & $-0.0883767$ & $-0.0309706$ & $0.0768214$ & $-0.0947886$ & $-0.259238$ & $-0.010317$ & $-0.0158415$ & $0.00818468$ & $0.00481539$ & $0.00897616$ & $0.0057521$ & $-0.012252$ & $-0.000928969$ & $0.00461841$ & $-0.0104966$ & $-0.00399079$ & $-0.00936342$ & $0.0109243$ & $-0.00811008$ & $-0.00227835$ \\
CHL3_22 & $0.012971$ & $0.0352441$ & $6.36756e-05$ & $-0.00630329$ & $0.00712743$ & $-0.0395147$ & $0.107936$ & $-0.443076$ & $-0.438947$ & $0.507622$ & $0.0724899$ & $0.332883$ & $-0.368657$ & $0.604184$ & $-0.438168$ & $-0.0312199$ & $0.744606$ & $1$ & $0.685269$ & $-0.0736381$ & $-0.0677605$ & $-0.0669215$ & $0.00501812$ & $0.632342$ & $0.801498$ & $0.0369518$ & $-0.0139804$ & $-0.0283974$ & $-0.0199038$ & $-0.104617$ & $-0.0390635$ & $0.084532$ & $-0.1144$ & $0.0133844$ & $-0.0106475$ & $-0.0110181$ & $0.0110321$ & $-0.00013411$ & $0.0140277$ & $0.00699015$ & $-0.00603836$ & $-0.00464703$ & $0.00672451$ & $-0.00951533$ & $0.00481755$ & $-0.004581$ & $0.0131236$ & $-0.0133791$ & $-0.00142605$ \\
CHL3_33 & $0.00928549$ & $0.0299929$ & $0.00794115$ & $-0.0122663$ & $0.000155262$ & $-0.0354839$ & $0.105429$ & $-0.440591$ & $-0.437603$ & $0.503851$ & $0.0720389$ & $0.331289$ & $-0.368242$ & $0.602527$ & $-0.0324949$ & $-0.435131$ & $0.740853$ & $0.685269$ & $1$ & $-0.0743375$ & $-0.0667364$ & $-0.064732$ & $0.00428599$ & $0.628173$ & $0.798869$ & $0.0367864$ & $-0.0104501$ & $-0.0235368$ & $-0.0156983$ & $-0.104085$ & $-0.0414309$ & $0.0824653$ & $-0.104123$ & $-0.349246$ & $-0.012526$ & $-0.0190694$ & $0.00806361$ & $0.000762287$ & $0.0074751$ & $0.00220086$ & $-0.008239$ & $0.000744438$ & $-0.00373695$ & $-0.0171632$ & $-0.00177484$ & $-0.00040533$ & $0.0155231$ & $-0.00340152$ & $0.0121164$ \\
CHe_11 & $-0.00868831$ & $-0.0367105$ & $0.0156978$ & $-0.017889$ & $-0.00120543$ & $-0.186748$ & $-0.0574712$ & $0.849237$ & $0.832899$ & $-0.323996$ & $-0.990308$ & $-0.262905$ & $0.169863$ & $0.526139$ & $0.488945$ & $0.478974$ & $0.231838$ & $-0.0736381$ & $-0.0743375$ & $1$ & $0.973162$ & $0.953794$ & $0.00459195$ & $-0.260152$ & $-0.0130237$ & $-0.566476$ & $0.229687$ & $0.32153$ & $-0.000706143$ & $0.0651409$ & $0.0318571$ & $-0.0624714$ & $0.0659631$ & $0.295651$ & $-0.00610263$ & $-0.0174274$ & $0.00342076$ & $-0.0011315$ & $0.010086$ & $0.000842963$ & $-0.0167795$ & $0.0174906$ & $0.00831569$ & $-0.00377911$ & $-0.00379384$ & $-0.0112475$ & $0.0055158$ & $-0.00344962$ & $-0.00463473$ \\
CHe_22 & $-0.00810162$ & $-0.0392762$ & $0.0148392$ & $-0.0168449$ & $-0.00148983$ & $-0.191972$ & $-0.0617366$ & $0.894988$ & $0.877745$ & $-0.352685$ & $-0.991273$ & $-0.288523$ & $0.184219$ & $0.46812$ & $0.341528$ & $0.334246$ & $0.176897$ & $-0.0677605$ & $-0.0667364$ & $0.973162$ & $1$ & $0.975546$ & $0.0580253$ & $-0.367604$ & $-0.0252457$ & $-0.577933$ & $0.384903$ & $0.331657$ & $-0.00232189$ & $0.0650786$ & $0.0301458$ & $-0.0682391$ & $0.0667486$ & $0.45839$ & $-0.00889257$ & $-0.0200177$ & $0.00600756$ & $-0.00149938$ & $0.0128806$ & $-0.00148414$ & $-0.016562$ & $0.0198989$ & $0.010082$ & $-0.00734202$ & $-0.00630204$ & $-0.00840411$ & $0.00585877$ & $-0.00350237$ & $-0.00255807$ \\
CHe_33 & $-0.00811649$ & $-0.0345966$ & $0.0135147$ & $-0.0147829$ & $-0.00167638$ & $-0.187656$ & $-0.0606165$ & $0.877848$ & $0.861031$ & $-0.348136$ & $-0.97075$ & $-0.283581$ & $0.182365$ & $0.454631$ & $0.334468$ & $0.352988$ & $0.170241$ & $-0.0669215$ & $-0.064732$ & $0.953794$ & $0.975546$ & $1$ & $0.057882$ & $-0.361631$ & $-0.0261377$ & $-0.566761$ & $0.376902$ & $0.324167$ & $-0.0023571$ & $0.066764$ & $0.0291537$ & $-0.0668169$ & $0.0675616$ & $0.452731$ & $-0.00818441$ & $-0.0186234$ & $0.00351801$ & $-0.00295187$ & $0.0117129$ & $-0.00240113$ & $-0.0179291$ & $0.0192004$ & $0.0109305$ & $-0.00762095$ & $-0.00575021$ & $-0.00771144$ & $0.00514545$ & $-0.00422545$ & $-0.00208764$ \\
CHQ1_11 & $0.00534069$ & $-0.00399298$ & $-0.0119665$ & $0.00885196$ & $-0.00611702$ & $-0.00936336$ & $-0.00593959$ & $0.0822562$ & $0.0807259$ & $-0.0593243$ & $-0.03031$ & $-0.0480178$ & $0.0326082$ & $-0.0675012$ & $-0.167529$ & $-0.159477$ & $-0.0683801$ & $0.00501812$ & $0.00428599$ & $0.00459195$ & $0.0580253$ & $0.057882$ & $1$ & $-0.143219$ & $0.0722177$ & $-0.681135$ & $0.345115$ & $0.0274329$ & $-0.00411709$ & $-0.00677675$ & $-0.0109897$ & $-0.0139659$ & $-0.00209309$ & $0.208809$ & $-0.0076291$ & $-0.00723846$ & $0.00620652$ & $-0.00779849$ & $0.0063832$ & $-0.011913$ & $0.00474076$ & $0.00894205$ & $-0.00307642$ & $-0.000228326$ & $-0.00293596$ & $0.00134784$ & $-0.00561416$ & $0.00618186$ & $0.00350116$ \\
CHQ1_33 & $-0.0504707$ & $0.0458499$ & $0.00861534$ & $0.00434357$ & $0.00803529$ & $0.0105048$ & $0.113801$ & $-0.678923$ & $-0.66995$ & $0.560917$ & $0.314145$ & $0.394812$ & $-0.378292$ & $0.475622$ & $0.103241$ & $0.0977895$ & $0.683834$ & $0.632342$ & $0.628173$ & $-0.260152$ & $-0.367604$ & $-0.361631$ & $-0.143219$ & $1$ & $0.650689$ & $0.208252$ & $-0.429374$ & $-0.0322982$ & $-0.00996059$ & $-0.101282$ & $-0.0408513$ & $0.0992557$ & $-0.109356$ & $-0.636402$ & $-0.00459532$ & $-0.00463752$ & $0.00303446$ & $0.0022219$ & $-0.00398965$ & $0.00274549$ & $-0.00864901$ & $-0.0143213$ & $-0.00971838$ & $-0.00463312$ & $0.00477266$ & $-0.00324031$ & $0.00223977$ & $-0.00419442$ & $-0.00272344$ \\
CHQ3_11 & $-0.110678$ & $0.037776$ & $0.001264$ & $-0.0169964$ & $-0.000414449$ & $-0.0787382$ & $0.102342$ & $-0.404141$ & $-0.401197$ & $0.491632$ & $0.0204586$ & $0.316436$ & $-0.353385$ & $0.608958$ & $-0.128542$ & $-0.127095$ & $0.784574$ & $0.801498$ & $0.798869$ & $-0.0130237$ & $-0.0252457$ & $-0.0261377$ & $0.0722177$ & $0.650689$ & $1$ & $0.0188937$ & $0.191965$ & $-0.0113852$ & $-0.0143672$ & $-0.104121$ & $-0.0431482$ & $0.0806236$ & $-0.10523$ & $-0.208137$ & $-0.00996554$ & $-0.0102351$ & $0.0119095$ & $-0.00239764$ & $0.0113503$ & $-0.000803491$ & $-0.00424298$ & $-0.00030387$ & $-0.00325956$ & $-0.0158352$ & $0.00763872$ & $-0.00608627$ & $0.00531232$ & $-0.00335722$ & $0.00346222$ \\
CHu_11 & $-0.0374701$ & $0.027102$ & $-0.00423958$ & $-0.00102051$ & $0.0012313$ & $0.108678$ & $0.0302488$ & $-0.516126$ & $-0.506146$ & $0.209538$ & $0.576433$ & $0.167685$ & $-0.102777$ & $-0.277127$ & $-0.207627$ & $-0.203083$ & $-0.110061$ & $0.0369518$ & $0.0367864$ & $-0.566476$ & $-0.577933$ & $-0.566761$ & $-0.681135$ & $0.208252$ & $0.0188937$ & $1$ & $-0.182344$ & $-0.194956$ & $0.00881819$ & $-0.0319498$ & $-0.0111949$ & $0.0406374$ & $-0.0341481$ & $-0.256542$ & $0.0132758$ & $0.0227594$ & $-0.00351754$ & $0.00688109$ & $-0.00797447$ & $0.00389439$ & $0.00270538$ & $-0.0125705$ & $-0.00499615$ & $-0.0019606$ & $0.00736817$ & $0.00342883$ & $-0.00530822$ & $-0.00219354$ & $-0.00242706$ \\
CHd_11 & $-0.029826$ & $-0.0140237$ & $0.00183932$ & $-0.00727747$ & $-0.0115025$ & $-0.0793847$ & $-0.0408273$ & $0.435671$ & $0.428212$ & $-0.23318$ & $-0.305032$ & $-0.193677$ & $0.140318$ & $-0.0952326$ & $-0.390339$ & $-0.379315$ & $-0.163646$ & $-0.0139804$ & $-0.0104501$ & $0.229687$ & $0.384903$ & $0.376902$ & $0.345115$ & $-0.429374$ & $0.191965$ & $-0.182344$ & $1$ & $0.122015$ & $0.001049$ & $0.0226596$ & $0.00586634$ & $-0.0448645$ & $0.0335322$ & $0.690343$ & $-0.00142928$ & $-0.0131847$ & $0.0159681$ & $-0.0108123$ & $0.0174509$ & $-0.014783$ & $0.00180137$ & $0.01586$ & $0.00251837$ & $-0.0148416$ & $-0.00560759$ & $0.0067056$ & $-0.0064139$ & $0.00159372$ & $0.00533468$ \\
CHd_33 & $0.0197646$ & $-0.0106125$ & $0.0028333$ & $-0.00264826$ & $0.0030578$ & $-0.069241$ & $-0.0210296$ & $0.299586$ & $0.292869$ & $-0.124606$ & $-0.329041$ & $-0.0984201$ & $0.0604654$ & $0.151356$ & $0.113872$ & $0.106293$ & $0.0560297$ & $-0.0283974$ & $-0.0235368$ & $0.32153$ & $0.331657$ & $0.324167$ & $0.0274329$ & $-0.0322982$ & $-0.0113852$ & $-0.194956$ & $0.122015$ & $1$ & $-0.000384181$ & $0.023795$ & $0.0176122$ & $-0.0242148$ & $0.0237547$ & $0.154949$ & $-0.0113036$ & $-0.00218212$ & $0.00823067$ & $-0.00670018$ & $0.00883013$ & $0.00281658$ & $-0.0071291$ & $-0.00142226$ & $0.00470232$ & $0.0082688$ & $-0.00834991$ & $-0.00836345$ & $0.00937786$ & $0.00748643$ & $-9.26907e-05$ \\
CeH_22r & $0.00228717$ & $-0.00775861$ & $0.00916172$ & $-0.00627633$ & $0.00208307$ & $0.00580062$ & $0.00599588$ & $0.00590014$ & $0.0130065$ & $-0.00464538$ & $0.00144249$ & $-0.0284315$ & $0.0463067$ & $-0.0130029$ & $0.00878096$ & $0.00216188$ & $-0.0165385$ & $-0.0199038$ & $-0.0156983$ & $-0.000706143$ & $-0.00232189$ & $-0.0023571$ & $-0.00411709$ & $-0.00996059$ & $-0.0143672$ & $0.00881819$ & $0.001049$ & $-0.000384181$ & $1$ & $0.0473713$ & $0.0301566$ & $-0.0108684$ & $0.0482027$ & $-0.00444743$ & $-0.0299288$ & $-0.0196048$ & $-0.0070707$ & $-0.00982373$ & $-0.0164122$ & $-0.00864312$ & $0.00528899$ & $0.001201$ & $-0.000378807$ & $0.0178599$ & $0.00533667$ & $-0.0150817$ & $0.00706541$ & $0.00904095$ & $0.00328022$ \\
CeH_33r & $0.00447723$ & $0.00684866$ & $0.00497469$ & $0.00112331$ & $-0.0052309$ & $0.0045523$ & $-0.13429$ & $0.105862$ & $0.130344$ & $-0.12638$ & $-0.065023$ & $-0.156003$ & $0.269841$ & $-0.0453692$ & $0.0417387$ & $0.0412975$ & $-0.0883767$ & $-0.104617$ & $-0.104085$ & $0.0651409$ & $0.0650786$ & $0.066764$ & $-0.00677675$ & $-0.101282$ & $-0.104121$ & $-0.0319498$ & $0.0226596$ & $0.023795$ & $0.0473713$ & $1$ & $0.300125$ & $0.0236996$ & $0.643714$ & $0.0508335$ & $-0.0549077$ & $-0.023088$ & $-0.18635$ & $-0.00855625$ & $-0.0220274$ & $0.0081008$ & $0.00958069$ & $-0.00681037$ & $0.00717215$ & $0.00442087$ & $0.0728784$ & $-0.00675094$ & $-0.00869448$ & $0.00839254$ & $-0.00323132$ \\
CuH_22r & $0.0101942$ & $-0.0087826$ & $0.00872658$ & $-0.0152687$ & $-0.0193037$ & $-0.00812352$ & $-0.0711374$ & $0.0455301$ & $0.0581924$ & $-0.0613498$ & $-0.0307217$ & $-0.0814371$ & $0.105587$ & $-0.019127$ & $0.0169302$ & $0.0193195$ & $-0.0309706$ & $-0.0390635$ & $-0.0414309$ & $0.0318571$ & $0.0301458$ & $0.0291537$ & $-0.0109897$ & $-0.0408513$ & $-0.0431482$ & $-0.0111949$ & $0.00586634$ & $0.0176122$ & $0.0301566$ & $0.300125$ & $1$ & $0.0197041$ & $0.325584$ & $0.0231232$ & $-0.0299003$ & $-0.00672551$ & $-0.0827789$ & $-0.0012317$ & $-0.0270485$ & $0.0032469$ & $0.00989804$ & $-0.00261246$ & $0.00689386$ & $0.00254573$ & $-0.0151938$ & $0.0607278$ & $0.372158$ & $0.00154512$ & $-0.00330503$ \\
CuH_33r & $0.00552751$ & $-0.00342195$ & $-0.00838708$ & $0.000868974$ & $0.00399217$ & $-0.010104$ & $0.925464$ & $-0.101137$ & $-0.0622223$ & $0.101852$ & $0.0643804$ & $0.281576$ & $-0.26779$ & $0.0357243$ & $-0.0213031$ & $-0.0186857$ & $0.0768214$ & $0.084532$ & $0.0824653$ & $-0.0624714$ & $-0.0682391$ & $-0.0668169$ & $-0.0139659$ & $0.0992557$ & $0.0806236$ & $0.0406374$ & $-0.0448645$ & $-0.0242148$ & $-0.0108684$ & $0.0236996$ & $0.0197041$ & $1$ & $0.0271825$ & $-0.0626045$ & $0.0443608$ & $0.018865$ & $-0.0152203$ & $0.00502612$ & $0.000808207$ & $-0.00158066$ & $-0.00480123$ & $0.00170685$ & $0.00178876$ & $0.010874$ & $0.0034708$ & $0.00463235$ & $-0.0105377$ & $-0.0031722$ & $-0.00170558$ \\
CdH_33r & $0.00928469$ & $0.0146042$ & $0.0107541$ & $0.0241258$ & $-0.00511925$ & $-0.000766822$ & $-0.157579$ & $0.110284$ & $0.135348$ & $-0.130014$ & $-0.066022$ & $-0.18038$ & $0.309938$ & $-0.052212$ & $0.0450943$ & $0.0320241$ & $-0.0947886$ & $-0.1144$ & $-0.104123$ & $0.0659631$ & $0.0667486$ & $0.0675616$ & $-0.00209309$ & $-0.109356$ & $-0.10523$ & $-0.0341481$ & $0.0335322$ & $0.0237547$ & $0.0482027$ & $0.643714$ & $0.325584$ & $0.0271825$ & $1$ & $0.0518773$ & $-0.0630143$ & $-0.03246$ & $-0.198915$ & $-0.00712748$ & $-0.00744675$ & $-0.000366284$ & $0.0170678$ & $-0.00805244$ & $0.00754166$ & $0.0130305$ & $-0.000585992$ & $0.000618271$ & $-0.0075297$ & $0.155257$ & $0.468574$ \\
CLL_1221 & $-0.00159503$ & $0.0079391$ & $-0.00246113$ & $-0.000157423$ & $-0.00516244$ & $-0.125255$ & $-0.0626265$ & $0.570432$ & $0.561688$ & $-0.346448$ & $-0.373832$ & $-0.268133$ & $0.212843$ & $-0.219046$ & $-0.582188$ & $-0.0967944$ & $-0.259238$ & $0.0133844$ & $-0.349246$ & $0.295651$ & $0.45839$ & $0.452731$ & $0.208809$ & $-0.636402$ & $-0.208137$ & $-0.256542$ & $0.690343$ & $0.154949$ & $-0.00444743$ & $0.0508335$ & $0.0231232$ & $-0.0626045$ & $0.0518773$ & $1$ & $-0.00175632$ & $-0.00207036$ & $0.0102687$ & $-0.00454768$ & $0.0162888$ & $-0.00475039$ & $0.00275252$ & $0.0108401$ & $0.0157816$ & $-0.00678763$ & $-0.00597634$ & $0.0030405$ & $-0.00188146$ & $-0.00512197$ & $-0.00300704$ \\
eHggint & $0.00202048$ & $-0.00376861$ & $-0.0210409$ & $0.0124651$ & $2.11639e-05$ & $0.00112828$ & $-0.0384569$ & $-0.00187335$ & $-0.0221465$ & $0.0467041$ & $0.00730641$ & $0.0122024$ & $0.0385318$ & $-0.0160749$ & $0.00158583$ & $0.00221003$ & $-0.010317$ & $-0.0106475$ & $-0.012526$ & $-0.00610263$ & $-0.00889257$ & $-0.00818441$ & $-0.0076291$ & $-0.00459532$ & $-0.00996554$ & $0.0132758$ & $-0.00142928$ & $-0.0113036$ & $-0.0299288$ & $-0.0549077$ & $-0.0299003$ & $0.0443608$ & $-0.0630143$ & $-0.00175632$ & $1$ & $-0.0887226$ & $0.0178991$ & $-0.0101166$ & $0.0154773$ & $-0.00237244$ & $-0.040407$ & $0.0106241$ & $-0.00784481$ & $-0.0392264$ & $0.0192216$ & $0.0267446$ & $-0.00567055$ & $-0.00284832$ & $-0.026346$ \\
eHggpar & $-0.0722302$ & $0.0107705$ & $0.00656345$ & $0.00640367$ & $9.82773e-05$ & $-0.00324953$ & $-0.0221732$ & $-0.0107266$ & $-0.0196383$ & $0.017631$ & $0.0197162$ & $0.0102014$ & $0.013122$ & $-0.0246071$ & $-0.00516228$ & $0.00363089$ & $-0.0158415$ & $-0.0110181$ & $-0.0190694$ & $-0.0174274$ & $-0.0200177$ & $-0.0186234$ & $-0.00723846$ & $-0.00463752$ & $-0.0102351$ & $0.0227594$ & $-0.0131847$ & $-0.00218212$ & $-0.0196048$ & $-0.023088$ & $-0.00672551$ & $0.018865$ & $-0.03246$ & $-0.00207036$ & $-0.0887226$ & $1$ & $-0.00949256$ & $-0.0110871$ & $0.0250791$ & $0.0067917$ & $-0.0138323$ & $-0.00142517$ & $-0.0021056$ & $0.00411764$ & $-0.0131095$ & $-0.00144942$ & $0.0173238$ & $-0.0105264$ & $-0.0149245$ \\
eHWWint & $0.00927508$ & $-0.00477791$ & $-0.023007$ & $-0.0202488$ & $-0.00203751$ & $-0.00860841$ & $0.0211236$ & $0.00200719$ & $-0.0133526$ & $-0.0029017$ & $-0.00501379$ & $-0.00156623$ & $-0.00383634$ & $0.00396128$ & $-0.010078$ & $-0.00488584$ & $0.00818468$ & $0.0110321$ & $0.00806361$ & $0.00342076$ & $0.00600756$ & $0.00351801$ & $0.00620652$ & $0.00303446$ & $0.0119095$ & $-0.00351754$ & $0.0159681$ & $0.00823067$ & $-0.0070707$ & $-0.18635$ & $-0.0827789$ & $-0.0152203$ & $-0.198915$ & $0.0102687$ & $0.0178991$ & $-0.00949256$ & $1$ & $-0.00934292$ & $0.0103173$ & $-0.00563501$ & $-0.0261002$ & $0.00442501$ & $-0.0387954$ & $0.00572667$ & $0.00213512$ & $-0.00277007$ & $-0.000293487$ & $-0.0448676$ & $-0.00399819$ \\
eHWWpar & $-0.0156004$ & $-0.00169244$ & $-0.00132211$ & $0.00496433$ & $-0.00166531$ & $0.000413378$ & $0.00789828$ & $-0.00241596$ & $-0.00416422$ & $-0.000908311$ & $0.00106391$ & $0.00828341$ & $-0.00750154$ & $0.00105001$ & $0.0049691$ & $0.00231517$ & $0.00481539$ & $-0.00013411$ & $0.000762287$ & $-0.0011315$ & $-0.00149938$ & $-0.00295187$ & $-0.00779849$ & $0.0022219$ & $-0.00239764$ & $0.00688109$ & $-0.0108123$ & $-0.00670018$ & $-0.00982373$ & $-0.00855625$ & $-0.0012317$ & $0.00502612$ & $-0.00712748$ & $-0.00454768$ & $-0.0101166$ & $-0.0110871$ & $-0.00934292$ & $1$ & $-0.00317281$ & $-0.00513108$ & $-0.00620864$ & $0.00235867$ & $-0.0109693$ & $-0.0122505$ & $0.001568$ & $-0.0136287$ & $-0.00183015$ & $-0.00278527$ & $-0.00338885$ \\
eHZZint & $0.0209291$ & $-0.00432754$ & $-0.0157965$ & $-0.0223323$ & $-0.00342876$ & $0.00149605$ & $-0.0135635$ & $0.0079779$ & $0.00215291$ & $0.00068605$ & $-0.0118461$ & $0.000289191$ & $-0.00316283$ & $0.00949957$ & $-0.0113392$ & $-0.00464411$ & $0.00897616$ & $0.0140277$ & $0.0074751$ & $0.010086$ & $0.0128806$ & $0.0117129$ & $0.0063832$ & $-0.00398965$ & $0.0113503$ & $-0.00797447$ & $0.0174509$ & $0.00883013$ & $-0.0164122$ & $-0.0220274$ & $-0.0270485$ & $0.000808207$ & $-0.00744675$ & $0.0162888$ & $0.0154773$ & $0.0250791$ & $0.0103173$ & $-0.00317281$ & $1$ & $-0.00790484$ & $-0.0303597$ & $0.00616888$ & $-0.0196856$ & $0.00714076$ & $0.00561901$ & $0.000677016$ & $-0.0394872$ & $0.00916839$ & $0.0207301$ \\
eHZZpar & $0.00808778$ & $-0.00548365$ & $-0.00801667$ & $0.00306722$ & $-0.000153771$ & $0.00332444$ & $-0.00261183$ & $-0.00404309$ & $-0.00259096$ & $0.00797029$ & $0.000237473$ & $0.00217185$ & $0.00167664$ & $0.00523842$ & $0.000558225$ & $0.00455838$ & $0.0057521$ & $0.00699015$ & $0.00220086$ & $0.000842963$ & $-0.00148414$ & $-0.00240113$ & $-0.011913$ & $0.00274549$ & $-0.000803491$ & $0.00389439$ & $-0.014783$ & $0.00281658$ & $-0.00864312$ & $0.0081008$ & $0.0032469$ & $-0.00158066$ & $-0.000366284$ & $-0.00475039$ & $-0.00237244$ & $0.0067917$ & $-0.00563501$ & $-0.00513108$ & $-0.00790484$ & $1$ & $0.00500953$ & $-0.00332437$ & $-0.000423241$ & $0.0151264$ & $-0.00273694$ & $0.0107866$ & $-0.004268$ & $0.00332518$ & $-0.00975445$ \\
eHZgaint & $0.00246999$ & $0.0322797$ & $-0.0257551$ & $0.00378083$ & $-0.00437342$ & $0.00341483$ & $-0.00146784$ & $-0.0112879$ & $-0.0118682$ & $-0.0397856$ & $0.0178207$ & $-0.0108543$ & $-0.00312784$ & $-0.0209853$ & $-0.0111897$ & $-0.00990332$ & $-0.012252$ & $-0.00603836$ & $-0.008239$ & $-0.0167795$ & $-0.016562$ & $-0.0179291$ & $0.00474076$ & $-0.00864901$ & $-0.00424298$ & $0.00270538$ & $0.00180137$ & $-0.0071291$ & $0.00528899$ & $0.00958069$ & $0.00989804$ & $-0.00480123$ & $0.0170678$ & $0.00275252$ & $-0.040407$ & $-0.0138323$ & $-0.0261002$ & $-0.00620864$ & $-0.0303597$ & $0.00500953$ & $1$ & $-0.0163792$ & $-0.00528492$ & $-0.00762186$ & $-0.00160058$ & $0.0249187$ & $-0.0017898$ & $0.023164$ & $0.0111969$ \\
eHZgapar & $0.00909057$ & $0.011049$ & $0.0130324$ & $-0.00244001$ & $-0.00960805$ & $-0.00583444$ & $0.00154289$ & $0.0180946$ & $0.0154379$ & $-0.011004$ & $-0.0179751$ & $0.00531047$ & $-0.00815573$ & $0.00747435$ & $0.00418594$ & $-0.00260122$ & $-0.000928969$ & $-0.00464703$ & $0.000744438$ & $0.0174906$ & $0.0198989$ & $0.0192004$ & $0.00894205$ & $-0.0143213$ & $-0.00030387$ & $-0.0125705$ & $0.01586$ & $-0.00142226$ & $0.001201$ & $-0.00681037$ & $-0.00261246$ & $0.00170685$ & $-0.00805244$ & $0.0108401$ & $0.0106241$ & $-0.00142517$ & $0.00442501$ & $0.00235867$ & $0.00616888$ & $-0.00332437$ & $-0.0163792$ & $1$ & $-0.0128444$ & $-0.000787102$ & $0.000233465$ & $0.0030432$ & $0.00481215$ & $-0.0119724$ & $-0.00106143$ \\
eHgagaint & $0.0232133$ & $0.0185682$ & $0.000553219$ & $-0.0274002$ & $-0.0134643$ & $0.0122111$ & $0.000352078$ & $0.00774994$ & $0.0836228$ & $0.000222986$ & $-0.00918211$ & $-0.00418242$ & $-0.00217934$ & $0.00140377$ & $-0.00774902$ & $0.00676907$ & $0.00461841$ & $0.00672451$ & $-0.00373695$ & $0.00831569$ & $0.010082$ & $0.0109305$ & $-0.00307642$ & $-0.00971838$ & $-0.00325956$ & $-0.00499615$ & $0.00251837$ & $0.00470232$ & $-0.000378807$ & $0.00717215$ & $0.00689386$ & $0.00178876$ & $0.00754166$ & $0.0157816$ & $-0.00784481$ & $-0.0021056$ & $-0.0387954$ & $-0.0109693$ & $-0.0196856$ & $-0.000423241$ & $-0.00528492$ & $-0.0128444$ & $1$ & $0.000896817$ & $0.0481064$ & $0.00881507$ & $0.00245462$ & $0.000675295$ & $0.00481841$ \\
eHmumuint & $0.033809$ & $-0.0169217$ & $0.0261631$ & $-0.003842$ & $0.00090006$ & $-0.00623036$ & $0.00954221$ & $-0.00104292$ & $-0.00176975$ & $-0.0104842$ & $0.00502445$ & $0.00382687$ & $-0.00500744$ & $-0.00810685$ & $0.00632879$ & $0.015266$ & $-0.0104966$ & $-0.00951533$ & $-0.0171632$ & $-0.00377911$ & $-0.00734202$ & $-0.00762095$ & $-0.000228326$ & $-0.00463312$ & $-0.0158352$ & $-0.0019606$ & $-0.0148416$ & $0.0082688$ & $0.0178599$ & $0.00442087$ & $0.00254573$ & $0.010874$ & $0.0130305$ & $-0.00678763$ & $-0.0392264$ & $0.00411764$ & $0.00572667$ & $-0.0122505$ & $0.00714076$ & $0.0151264$ & $-0.00762186$ & $-0.000787102$ & $0.000896817$ & $1$ & $0.0320905$ & $0.0315826$ & $0.00390542$ & $-0.00398007$ & $0.015717$ \\
eHtautauint & $-0.0425174$ & $0.013103$ & $0.0277245$ & $-0.00684391$ & $-0.000802122$ & $0.00973218$ & $0.0025876$ & $-0.00673749$ & $-0.00148115$ & $0.000728181$ & $0.00629333$ & $0.0010685$ & $-0.000714774$ & $0.00798641$ & $-0.00195081$ & $0.00487407$ & $-0.00399079$ & $0.00481755$ & $-0.00177484$ & $-0.00379384$ & $-0.00630204$ & $-0.00575021$ & $-0.00293596$ & $0.00477266$ & $0.00763872$ & $0.00736817$ & $-0.00560759$ & $-0.00834991$ & $0.00533667$ & $0.0728784$ & $-0.0151938$ & $0.0034708$ & $-0.000585992$ & $-0.00597634$ & $0.0192216$ & $-0.0131095$ & $0.00213512$ & $0.001568$ & $0.00561901$ & $-0.00273694$ & $-0.00160058$ & $0.000233465$ & $0.0481064$ & $0.0320905$ & $1$ & $0.00144479$ & $-0.0230324$ & $-0.0138367$ & $0.00510538$ \\
eHccint & $0.0183245$ & $-0.0107253$ & $-0.0022297$ & $-0.00575975$ & $0.0045512$ & $0.0100285$ & $-0.00186216$ & $-0.00364213$ & $-0.00501756$ & $-0.00676968$ & $0.00877656$ & $-0.00229984$ & $0.000706784$ & $-0.0100092$ & $-0.00867656$ & $-0.014716$ & $-0.00936342$ & $-0.004581$ & $-0.00040533$ & $-0.0112475$ & $-0.00840411$ & $-0.00771144$ & $0.00134784$ & $-0.00324031$ & $-0.00608627$ & $0.00342883$ & $0.0067056$ & $-0.00836345$ & $-0.0150817$ & $-0.00675094$ & $0.0607278$ & $0.00463235$ & $0.000618271$ & $0.0030405$ & $0.0267446$ & $-0.00144942$ & $-0.00277007$ & $-0.0136287$ & $0.000677016$ & $0.0107866$ & $0.0249187$ & $0.0030432$ & $0.00881507$ & $0.0315826$ & $0.00144479$ & $1$ & $-0.014436$ & $-0.00822265$ & $0.00327506$ \\
eHccpar & $0.0412328$ & $0.0147885$ & $0.0145299$ & $-0.0396649$ & $-0.0112285$ & $-0.00520968$ & $-0.00730782$ & $-0.00231754$ & $-0.00306254$ & $-0.000693013$ & $-0.00491271$ & $-0.00247936$ & $-0.00272814$ & $0.0161718$ & $-0.00090092$ & $-0.00111514$ & $0.0109243$ & $0.0131236$ & $0.0155231$ & $0.0055158$ & $0.00585877$ & $0.00514545$ & $-0.00561416$ & $0.00223977$ & $0.00531232$ & $-0.00530822$ & $-0.0064139$ & $0.00937786$ & $0.00706541$ & $-0.00869448$ & $0.372158$ & $-0.0105377$ & $-0.0075297$ & $-0.00188146$ & $-0.00567055$ & $0.0173238$ & $-0.000293487$ & $-0.00183015$ & $-0.0394872$ & $-0.004268$ & $-0.0017898$ & $0.00481215$ & $0.00245462$ & $0.00390542$ & $-0.0230324$ & $-0.014436$ & $1$ & $0.00116177$ & $0.00198143$ \\
eHbbint & $-0.0168232$ & $0.0360724$ & $-0.0380607$ & $0.0100926$ & $-0.00216302$ & $-0.00619555$ & $-0.00322629$ & $-0.000856595$ & $0.000242761$ & $-0.0144253$ & $0.00399772$ & $-0.0125681$ & $0.00746521$ & $-0.00955349$ & $0.00788498$ & $-0.00629147$ & $-0.00811008$ & $-0.0133791$ & $-0.00340152$ & $-0.00344962$ & $-0.00350237$ & $-0.00422545$ & $0.00618186$ & $-0.00419442$ & $-0.00335722$ & $-0.00219354$ & $0.00159372$ & $0.00748643$ & $0.00904095$ & $0.00839254$ & $0.00154512$ & $-0.0031722$ & $0.155257$ & $-0.00512197$ & $-0.00284832$ & $-0.0105264$ & $-0.0448676$ & $-0.00278527$ & $0.00916839$ & $0.00332518$ & $0.023164$ & $-0.0119724$ & $0.000675295$ & $-0.00398007$ & $-0.0138367$ & $-0.00822265$ & $0.00116177$ & $1$ & $-0.0138348$ \\
eHbbpar & $0.00759485$ & $0.00981922$ & $0.0218109$ & $0.0422526$ & $-0.00663127$ & $0.010091$ & $-0.000571341$ & $-0.00275911$ & $-0.00150123$ & $0.0188416$ & $0.00305552$ & $0.0223565$ & $-0.0170089$ & $0.0025$ & $-0.000856037$ & $-0.0160524$ & $-0.00227835$ & $-0.00142605$ & $0.0121164$ & $-0.00463473$ & $-0.00255807$ & $-0.00208764$ & $0.00350116$ & $-0.00272344$ & $0.00346222$ & $-0.00242706$ & $0.00533468$ & $-9.26907e-05$ & $0.00328022$ & $-0.00323132$ & $-0.00330503$ & $-0.00170558$ & $0.468574$ & $-0.00300704$ & $-0.026346$ & $-0.0149245$ & $-0.00399819$ & $-0.00338885$ & $0.0207301$ & $-0.00975445$ & $0.0111969$ & $-0.00106143$ & $0.00481841$ & $0.015717$ & $0.00510538$ & $0.00327506$ & $0.00198143$ & $-0.0138348$ & $1$ \\
