 & AlsMz & dAle5Mz & mtop & mHl & Mz & CW & CHG & CHWB & CHWHB_gaga & CHWHB_gagaorth & CHD & CHbox & CH & CHL1_11 & CHL1_22 & CHL1_33 & CHL3_11 & CHL3_22 & CHL3_33 & CHe_11 & CHe_22 & CHe_33 & CHQ1_11 & CHQ1_33 & CHQ3_11 & CHu_11 & CHd_11 & CHd_33 & CeH_22r & CeH_33r & CuH_22r & CuH_33r & CdH_33r & CLL_1221 & eHggint & eHggpar & eHWWint & eHWWpar & eHZZint & eHZZpar & eHZgaint & eHZgapar & eHgagaint & eHmumuint & eHtautauint & eHccint & eHccpar & eHbbint & eHbbpar \\
AlsMz & $1$ & $-0.05889$ & $-0.128993$ & $-0.136316$ & $-0.0122377$ & $-0.0203515$ & $0.00468604$ & $-0.0431645$ & $-0.0492364$ & $0.017123$ & $0.0328748$ & $0.0480483$ & $-0.0551312$ & $0.00840123$ & $-0.0766027$ & $-0.068561$ & $0.0413219$ & $0.0707279$ & $0.0745705$ & $-0.0523174$ & $-0.0302467$ & $-0.0430194$ & $0.104014$ & $-0.0404704$ & $0.0604287$ & $-0.00496904$ & $0.170895$ & $-0.0143721$ & $0.00940268$ & $-0.0125178$ & $0.00244042$ & $-0.019579$ & $0.0378603$ & $0.0235514$ & $-0.565203$ & $0.230907$ & $-0.112489$ & $-0.21682$ & $-0.0729966$ & $0.0375832$ & $-0.240274$ & $0.1065$ & $-0.250906$ & $0.0656883$ & $-0.0126332$ & $-0.3531$ & $-0.144281$ & $0.0622873$ & $0.253347$ \\
dAle5Mz & $-0.05889$ & $1$ & $-0.285894$ & $0.00942412$ & $0.00464753$ & $-0.00174692$ & $0.0576791$ & $-0.139389$ & $-0.142166$ & $0.00995789$ & $0.156132$ & $0.119142$ & $-0.134667$ & $-0.0690504$ & $0.0394496$ & $0.0114682$ & $0.0220048$ & $-0.0294204$ & $-0.000270118$ & $-0.122034$ & $-0.0942596$ & $-0.0985883$ & $-0.0315255$ & $0.0484464$ & $-0.0281983$ & $0.0327478$ & $-0.100972$ & $0.0340188$ & $-0.0180808$ & $-0.0936611$ & $-0.029779$ & $0.0277999$ & $-0.0684632$ & $-0.0358395$ & $-0.0209019$ & $-0.257191$ & $0.210362$ & $-0.0390452$ & $0.0897846$ & $-0.286056$ & $-0.0977807$ & $-0.215579$ & $-0.0535284$ & $-0.0413876$ & $-0.271174$ & $-0.307955$ & $0.245102$ & $-0.468381$ & $0.324867$ \\
mtop & $-0.128993$ & $-0.285894$ & $1$ & $-0.141579$ & $0.0204857$ & $-0.024423$ & $-0.203833$ & $0.153432$ & $0.147831$ & $-0.135101$ & $-0.103477$ & $-0.261861$ & $0.261812$ & $-0.081171$ & $-0.0708702$ & $-0.0967233$ & $-0.127009$ & $-0.0555139$ & $-0.0405799$ & $0.106976$ & $0.0997612$ & $0.0783276$ & $0.097654$ & $-0.11208$ & $-0.0298284$ & $-0.14718$ & $0.191268$ & $0.0467378$ & $0.046267$ & $0.143361$ & $0.0170182$ & $-0.174938$ & $0.113307$ & $0.122032$ & $0.00800412$ & $0.30634$ & $-0.229425$ & $-0.134651$ & $-0.16342$ & $0.127055$ & $0.301054$ & $0.292568$ & $-0.0782724$ & $0.396115$ & $0.401322$ & $-0.0960764$ & $-0.346864$ & $0.308585$ & $-0.296956$ \\
mHl & $-0.136316$ & $0.00942412$ & $-0.141579$ & $1$ & $-0.00383622$ & $0.00567276$ & $-0.133637$ & $-0.0324428$ & $-0.0356961$ & $0.0401765$ & $0.0122925$ & $-0.190491$ & $0.22863$ & $0.0388398$ & $0.014824$ & $-0.0103757$ & $0.0533591$ & $0.0475135$ & $0.063282$ & $-0.0171693$ & $-0.00858524$ & $-0.019785$ & $-0.0212335$ & $0.10201$ & $0.0714551$ & $-0.00330259$ & $0.000553664$ & $0.0599598$ & $0.0108819$ & $0.0796596$ & $0.0634688$ & $-0.127481$ & $0.0768716$ & $-0.00608942$ & $0.242118$ & $-0.31757$ & $0.207456$ & $-0.121601$ & $-0.230841$ & $0.0976655$ & $0.207147$ & $-0.218308$ & $0.0249931$ & $-0.255941$ & $-0.0966035$ & $0.197763$ & $0.351239$ & $-0.142774$ & $0.0758621$ \\
Mz & $-0.0122377$ & $0.00464753$ & $0.0204857$ & $-0.00383622$ & $1$ & $0.0130042$ & $0.0163417$ & $0.0158817$ & $0.0148292$ & $-0.0496628$ & $0.0487072$ & $0.0370213$ & $-0.0471463$ & $-0.0242073$ & $0.00485113$ & $-0.00191986$ & $-0.0466637$ & $-0.0454018$ & $-0.0410745$ & $0.00244588$ & $0.0214513$ & $-0.0139501$ & $-0.0322362$ & $-0.0327502$ & $-0.0697743$ & $0.0261108$ & $-0.0356387$ & $0.0479965$ & $0.0122911$ & $-0.0425279$ & $-0.0286013$ & $0.00830191$ & $-0.0388727$ & $-0.0126009$ & $0.0690124$ & $-0.0108934$ & $0.000313471$ & $0.0214557$ & $-0.0828799$ & $0.00310889$ & $0.0181984$ & $0.0704635$ & $0.0322053$ & $0.0625907$ & $0.0299585$ & $-0.0171684$ & $-0.0386043$ & $0.080156$ & $-0.0287384$ \\
CW & $-0.0203515$ & $-0.00174692$ & $-0.024423$ & $0.00567276$ & $0.0130042$ & $1$ & $0.0331135$ & $-0.0518223$ & $-0.0535349$ & $0.0415105$ & $0.0348608$ & $0.0728419$ & $-0.0847796$ & $0.245992$ & $0.00883835$ & $0.00995064$ & $-0.128316$ & $0.0399182$ & $0.0305521$ & $-0.0404678$ & $-0.0319908$ & $-0.0434387$ & $-0.00788966$ & $0.0420146$ & $0.0218642$ & $0.0120041$ & $-0.0575418$ & $-0.00246521$ & $-0.0315375$ & $-0.0339958$ & $-0.0287277$ & $0.0263729$ & $-0.0448226$ & $-0.11257$ & $-0.0607566$ & $0.0287236$ & $-0.0432428$ & $0.0650574$ & $0.0302155$ & $0.0238877$ & $0.0314744$ & $0.0149832$ & $-0.0136368$ & $0.0236351$ & $0.0392441$ & $-0.00642319$ & $-0.00347883$ & $-0.00143518$ & $-0.0132905$ \\
CHG & $0.00468604$ & $0.0576791$ & $-0.203833$ & $-0.133637$ & $0.0163417$ & $0.0331135$ & $1$ & $-0.0631107$ & $-0.027832$ & $0.0969943$ & $0.0152511$ & $0.518007$ & $-0.573371$ & $0.11345$ & $0.0100277$ & $-0.0230459$ & $0.118877$ & $0.0736525$ & $0.10031$ & $-0.0439595$ & $-0.0115902$ & $-0.0127075$ & $-0.0319087$ & $0.0405748$ & $0.076983$ & $0.0547866$ & $-0.0328236$ & $-0.0204423$ & $-0.0663241$ & $-0.319323$ & $-0.191583$ & $0.924844$ & $-0.338172$ & $-0.0346143$ & $-0.0718103$ & $0.121004$ & $-0.123203$ & $0.149507$ & $0.111115$ & $0.00437115$ & $-0.11755$ & $-0.0275867$ & $0.1594$ & $-0.0916558$ & $-0.0432864$ & $-0.0710699$ & $-0.0883433$ & $-0.0321305$ & $0.00841548$ \\
CHWB & $-0.0431645$ & $-0.139389$ & $0.153432$ & $-0.0324428$ & $0.0158817$ & $-0.0518223$ & $-0.0631107$ & $1$ & $0.991961$ & $-0.474471$ & $-0.882536$ & $-0.19212$ & $0.12986$ & $-0.194891$ & $0.134524$ & $0.128162$ & $-0.575686$ & $-0.531691$ & $-0.532761$ & $0.842171$ & $0.581728$ & $0.556942$ & $-0.0154053$ & $-0.593022$ & $-0.611593$ & $-0.193707$ & $0.19731$ & $0.096463$ & $0.00272409$ & $0.0829991$ & $0.0650055$ & $-0.0447852$ & $0.0889023$ & $0.597899$ & $0.076559$ & $-0.0154136$ & $-0.0212324$ & $0.0307979$ & $-0.0938947$ & $0.0559403$ & $0.0597707$ & $0.0314463$ & $0.0112962$ & $-0.00784555$ & $-0.0416194$ & $0.0446107$ & $0.0265959$ & $0.0913377$ & $0.0194132$ \\
CHWHB_gaga & $-0.0492364$ & $-0.142166$ & $0.147831$ & $-0.0356961$ & $0.0148292$ & $-0.0535349$ & $-0.027832$ & $0.991961$ & $1$ & $-0.470267$ & $-0.876573$ & $-0.173008$ & $0.117245$ & $-0.194646$ & $0.133116$ & $0.125608$ & $-0.571628$ & $-0.52694$ & $-0.526396$ & $0.839209$ & $0.577592$ & $0.554277$ & $-0.0185365$ & $-0.589802$ & $-0.605$ & $-0.18947$ & $0.196739$ & $0.092036$ & $0.00583139$ & $0.0955923$ & $0.0738633$ & $-0.0131145$ & $0.105971$ & $0.591232$ & $0.0820665$ & $-0.0160057$ & $-0.0377585$ & $0.0375218$ & $-0.0969022$ & $0.0604293$ & $0.0564386$ & $0.0302587$ & $0.0427638$ & $-0.0203558$ & $-0.054209$ & $0.0570311$ & $0.0293002$ & $0.0907509$ & $0.0229007$ \\
CHWHB_gagaorth & $0.017123$ & $0.00995789$ & $-0.135101$ & $0.0401765$ & $-0.0496628$ & $0.0415105$ & $0.0969943$ & $-0.474471$ & $-0.470267$ & $1$ & $0.124437$ & $0.287195$ & $-0.149974$ & $0.681894$ & $-0.00827268$ & $0.000301602$ & $0.766628$ & $0.583943$ & $0.565213$ & $-0.197904$ & $-0.0918298$ & $-0.0729661$ & $-0.0282638$ & $0.512784$ & $0.659671$ & $0.0953217$ & $-0.115315$ & $-0.0435019$ & $-0.0323384$ & $-0.108232$ & $-0.0720219$ & $0.100318$ & $-0.127665$ & $-0.300899$ & $-0.0701499$ & $0.0712654$ & $-0.0464951$ & $-0.0223799$ & $0.111915$ & $0.0152656$ & $-0.0244898$ & $-0.0299221$ & $0.0137449$ & $-0.041227$ & $0.0504321$ & $0.0316088$ & $-0.0249754$ & $-0.0350706$ & $-0.038$ \\
CHD & $0.0328748$ & $0.156132$ & $-0.103477$ & $0.0122925$ & $0.0487072$ & $0.0348608$ & $0.0152511$ & $-0.882536$ & $-0.876573$ & $0.124437$ & $1$ & $0.0976844$ & $-0.0593765$ & $-0.175554$ & $-0.16825$ & $-0.166594$ & $0.220047$ & $0.279293$ & $0.286874$ & $-0.879745$ & $-0.634765$ & $-0.611459$ & $0.0343657$ & $0.382791$ & $0.326477$ & $0.182807$ & $-0.145774$ & $-0.0783455$ & $0.0192795$ & $-0.0373501$ & $-0.0435514$ & $0.00302479$ & $-0.0409138$ & $-0.468017$ & $-0.0358408$ & $-0.0178143$ & $0.0533354$ & $-0.0231791$ & $0.0423721$ & $-0.0678434$ & $-0.0553985$ & $-0.0329475$ & $-0.0230141$ & $0.0304851$ & $0.0231031$ & $-0.0704673$ & $-0.0217739$ & $-0.0843842$ & $0.00631657$ \\
CHbox & $0.0480483$ & $0.119142$ & $-0.261861$ & $-0.190491$ & $0.0370213$ & $0.0728419$ & $0.518007$ & $-0.19212$ & $-0.173008$ & $0.287195$ & $0.0976844$ & $1$ & $-0.920547$ & $0.153686$ & $0.0165239$ & $-0.00399358$ & $0.18078$ & $0.150903$ & $0.159259$ & $-0.0454821$ & $-0.0645345$ & $-0.0395995$ & $-0.0430887$ & $0.143191$ & $0.15251$ & $0.0763399$ & $-0.0830136$ & $-0.0488979$ & $-0.118132$ & $-0.348332$ & $-0.215664$ & $0.47574$ & $-0.386692$ & $-0.165487$ & $-0.0463686$ & $0.142439$ & $-0.237837$ & $0.165976$ & $0.204428$ & $0.0478063$ & $-0.142823$ & $0.0208396$ & $0.270539$ & $-0.121817$ & $-0.0319853$ & $-0.0710782$ & $-0.0609936$ & $-0.0399092$ & $-0.045795$ \\
CH & $-0.0551312$ & $-0.134667$ & $0.261812$ & $0.22863$ & $-0.0471463$ & $-0.0847796$ & $-0.573371$ & $0.12986$ & $0.117245$ & $-0.149974$ & $-0.0593765$ & $-0.920547$ & $1$ & $-0.173998$ & $-0.0206727$ & $0.00363843$ & $-0.167826$ & $-0.114311$ & $-0.132469$ & $0.0909524$ & $0.0560012$ & $0.0414789$ & $0.0464697$ & $-0.115143$ & $-0.113064$ & $-0.0694009$ & $0.0882539$ & $0.0490761$ & $0.145943$ & $0.472897$ & $0.254707$ & $-0.479192$ & $0.508415$ & $0.0874849$ & $0.0622001$ & $-0.137872$ & $0.258899$ & $-0.203968$ & $-0.201077$ & $-0.0506914$ & $0.139966$ & $-0.0403051$ & $-0.303427$ & $0.105185$ & $0.0317249$ & $0.0808126$ & $0.0776211$ & $0.0142291$ & $0.057085$ \\
CHL1_11 & $0.00840123$ & $-0.0690504$ & $-0.081171$ & $0.0388398$ & $-0.0242073$ & $0.245992$ & $0.11345$ & $-0.194891$ & $-0.194646$ & $0.681894$ & $-0.175554$ & $0.153686$ & $-0.173998$ & $1$ & $0.054659$ & $0.0607316$ & $0.585873$ & $0.494468$ & $0.473745$ & $-0.0314367$ & $0.0845481$ & $0.08062$ & $-0.0596336$ & $0.411927$ & $0.537783$ & $0.0495966$ & $-0.132888$ & $-0.0378736$ & $-0.0530355$ & $-0.110579$ & $-0.0511537$ & $0.0861545$ & $-0.118136$ & $-0.192383$ & $-0.0967334$ & $0.0941077$ & $-0.0973278$ & $0.0120546$ & $0.086221$ & $0.0578858$ & $0.0125442$ & $0.0371367$ & $0.0386278$ & $-0.0267646$ & $0.0568642$ & $0.0701535$ & $-0.0340806$ & $0.0316433$ & $-0.0759743$ \\
CHL1_22 & $-0.0766027$ & $0.0394496$ & $-0.0708702$ & $0.014824$ & $0.00485113$ & $0.00883835$ & $0.0100277$ & $0.134524$ & $0.133116$ & $-0.00827268$ & $-0.16825$ & $0.0165239$ & $-0.0206727$ & $0.054659$ & $1$ & $0.263377$ & $-0.058083$ & $-0.539583$ & $-0.173559$ & $0.185816$ & $-0.0428735$ & $-0.00942772$ & $-0.0426403$ & $0.114077$ & $-0.20029$ & $0.0275841$ & $-0.35648$ & $-0.0273653$ & $-0.00794258$ & $-0.0321498$ & $-0.0326528$ & $0.00402086$ & $-0.0490489$ & $-0.463344$ & $0.0161308$ & $-0.0688679$ & $0.0458887$ & $0.0822608$ & $0.0722915$ & $-0.0427476$ & $-0.000865358$ & $-0.0126718$ & $0.0163284$ & $-0.00697552$ & $-0.0398386$ & $0.0658527$ & $0.0118733$ & $-0.0225816$ & $-0.0231932$ \\
CHL1_33 & $-0.068561$ & $0.0114682$ & $-0.0967233$ & $-0.0103757$ & $-0.00191986$ & $0.00995064$ & $-0.0230459$ & $0.128162$ & $0.125608$ & $0.000301602$ & $-0.166594$ & $-0.00399358$ & $0.00363843$ & $0.0607316$ & $0.263377$ & $1$ & $-0.0410885$ & $-0.158446$ & $-0.523824$ & $0.17826$ & $0.0193946$ & $-0.084342$ & $-0.0719608$ & $0.097399$ & $-0.200908$ & $0.067517$ & $-0.378273$ & $-0.0124788$ & $0.00546133$ & $0.0034901$ & $0.000814613$ & $-0.0227173$ & $-0.0132316$ & $-0.0945221$ & $0.00705716$ & $-0.0708701$ & $0.0528201$ & $0.108822$ & $0.120312$ & $-0.0374585$ & $0.0230703$ & $-0.0151746$ & $-0.0205739$ & $-0.00387882$ & $-0.0196374$ & $0.0175923$ & $-0.0240187$ & $-0.0232232$ & $-0.0539271$ \\
CHL3_11 & $0.0413219$ & $0.0220048$ & $-0.127009$ & $0.0533591$ & $-0.0466637$ & $-0.128316$ & $0.118877$ & $-0.575686$ & $-0.571628$ & $0.766628$ & $0.220047$ & $0.18078$ & $-0.167826$ & $0.585873$ & $-0.058083$ & $-0.0410885$ & $1$ & $0.666768$ & $0.65738$ & $-0.374978$ & $-0.160624$ & $-0.142097$ & $-0.00407061$ & $0.581449$ & $0.762549$ & $0.0904886$ & $-0.0979589$ & $-0.0544882$ & $-0.0403432$ & $-0.116737$ & $-0.0639255$ & $0.0880512$ & $-0.121868$ & $-0.240426$ & $-0.0760841$ & $0.0740636$ & $-0.0468598$ & $-0.0376753$ & $0.100461$ & $0.0180425$ & $-0.0412937$ & $-0.0125368$ & $0.033661$ & $-0.0429611$ & $0.0511999$ & $0.0246983$ & $-0.0225857$ & $-0.0198636$ & $-0.047121$ \\
CHL3_22 & $0.0707279$ & $-0.0294204$ & $-0.0555139$ & $0.0475135$ & $-0.0454018$ & $0.0399182$ & $0.0736525$ & $-0.531691$ & $-0.52694$ & $0.583943$ & $0.279293$ & $0.150903$ & $-0.114311$ & $0.494468$ & $-0.539583$ & $-0.158446$ & $0.666768$ & $1$ & $0.618967$ & $-0.366022$ & $-0.169236$ & $-0.146556$ & $0.018899$ & $0.425676$ & $0.750826$ & $0.0715789$ & $0.124118$ & $-0.0473282$ & $-0.023163$ & $-0.0668806$ & $-0.0225497$ & $0.0654318$ & $-0.0600078$ & $0.183657$ & $-0.0626683$ & $0.101598$ & $-0.0693645$ & $-0.0627726$ & $0.0281974$ & $0.05353$ & $-0.00531445$ & $0.00616309$ & $0.0211756$ & $-0.0196208$ & $0.0807587$ & $-0.000759421$ & $-0.0191093$ & $0.00467592$ & $-0.0350349$ \\
CHL3_33 & $0.0745705$ & $-0.000270118$ & $-0.0405799$ & $0.063282$ & $-0.0410745$ & $0.0305521$ & $0.10031$ & $-0.532761$ & $-0.526396$ & $0.565213$ & $0.286874$ & $0.159259$ & $-0.132469$ & $0.473745$ & $-0.173559$ & $-0.523824$ & $0.65738$ & $0.618967$ & $1$ & $-0.368231$ & $-0.174801$ & $-0.160828$ & $0.0392008$ & $0.422714$ & $0.751987$ & $0.0379344$ & $0.136837$ & $-0.046782$ & $-0.0264637$ & $-0.0932542$ & $-0.0482384$ & $0.0799145$ & $-0.0881208$ & $-0.186271$ & $-0.088742$ & $0.120139$ & $-0.0853899$ & $-0.0916628$ & $0.0183423$ & $0.0425787$ & $-0.0277142$ & $-0.00645232$ & $0.0326687$ & $-0.0216798$ & $0.0771082$ & $0.0107282$ & $-0.0154137$ & $-0.0196167$ & $-0.0223529$ \\
CHe_11 & $-0.0523174$ & $-0.122034$ & $0.106976$ & $-0.0171693$ & $0.00244588$ & $-0.0404678$ & $-0.0439595$ & $0.842171$ & $0.839209$ & $-0.197904$ & $-0.879745$ & $-0.0454821$ & $0.0909524$ & $-0.0314367$ & $0.185816$ & $0.17826$ & $-0.374978$ & $-0.366022$ & $-0.368231$ & $1$ & $0.60947$ & $0.587545$ & $-0.0355674$ & $-0.433914$ & $-0.41454$ & $-0.179629$ & $0.145566$ & $0.0796371$ & $-0.00699036$ & $0.0610097$ & $0.0441195$ & $-0.0100265$ & $0.0577449$ & $0.370267$ & $0.0657495$ & $-0.0147424$ & $-0.0276391$ & $0.0210698$ & $-0.0426867$ & $0.0370643$ & $0.0610869$ & $0.0213629$ & $0.0112622$ & $-0.0229459$ & $-0.0334897$ & $0.0498697$ & $0.0346031$ & $0.0599933$ & $0.00419174$ \\
CHe_22 & $-0.0302467$ & $-0.0942596$ & $0.0997612$ & $-0.00858524$ & $0.0214513$ & $-0.0319908$ & $-0.0115902$ & $0.581728$ & $0.577592$ & $-0.0918298$ & $-0.634765$ & $-0.0645345$ & $0.0560012$ & $0.0845481$ & $-0.0428735$ & $0.0193946$ & $-0.160624$ & $-0.169236$ & $-0.174801$ & $0.60947$ & $1$ & $0.487265$ & $-0.0310809$ & $-0.360634$ & $-0.239038$ & $-0.152899$ & $0.208946$ & $0.0769411$ & $-0.0104355$ & $0.0436097$ & $0.0343894$ & $-0.000445972$ & $0.0401758$ & $0.329542$ & $0.0470276$ & $-0.00677535$ & $-0.0373071$ & $0.00164326$ & $-0.056602$ & $0.0638582$ & $0.0762702$ & $0.0215347$ & $-0.00480404$ & $-0.0112452$ & $-0.00327761$ & $0.0270026$ & $0.0538718$ & $0.037349$ & $0.0018631$ \\
CHe_33 & $-0.0430194$ & $-0.0985883$ & $0.0783276$ & $-0.019785$ & $-0.0139501$ & $-0.0434387$ & $-0.0127075$ & $0.556942$ & $0.554277$ & $-0.0729661$ & $-0.611459$ & $-0.0395995$ & $0.0414789$ & $0.08062$ & $-0.00942772$ & $-0.084342$ & $-0.142097$ & $-0.146556$ & $-0.160828$ & $0.587545$ & $0.487265$ & $1$ & $-0.0313918$ & $-0.342309$ & $-0.211129$ & $-0.140413$ & $0.227164$ & $0.0797636$ & $-0.0308746$ & $0.0288314$ & $0.0382899$ & $0.0042221$ & $0.0379248$ & $0.329584$ & $0.0682778$ & $-0.00118083$ & $-0.0549387$ & $0.000785254$ & $-0.0607894$ & $0.0782677$ & $0.0294702$ & $0.0406655$ & $0.0367833$ & $-0.06598$ & $-0.0409211$ & $0.0536318$ & $0.0734923$ & $0.068375$ & $0.00949582$ \\
CHQ1_11 & $0.104014$ & $-0.0315255$ & $0.097654$ & $-0.0212335$ & $-0.0322362$ & $-0.00788966$ & $-0.0319087$ & $-0.0154053$ & $-0.0185365$ & $-0.0282638$ & $0.0343657$ & $-0.0430887$ & $0.0464697$ & $-0.0596336$ & $-0.0426403$ & $-0.0719608$ & $-0.00407061$ & $0.018899$ & $0.0392008$ & $-0.0355674$ & $-0.0310809$ & $-0.0313918$ & $1$ & $-0.0292653$ & $0.0642988$ & $-0.604858$ & $0.246039$ & $-0.0141041$ & $0.0272786$ & $0.0187847$ & $0.0302936$ & $-0.0369138$ & $0.0215803$ & $0.0358725$ & $-0.0966841$ & $0.0738171$ & $-0.0722755$ & $-0.0724187$ & $-0.0790131$ & $0.0200729$ & $0.0367557$ & $0.0278736$ & $-0.043971$ & $0.0490399$ & $0.0404706$ & $0.00475678$ & $-0.0248314$ & $0.0398111$ & $0.0379361$ \\
CHQ1_33 & $-0.0404704$ & $0.0484464$ & $-0.11208$ & $0.10201$ & $-0.0327502$ & $0.0420146$ & $0.0405748$ & $-0.593022$ & $-0.589802$ & $0.512784$ & $0.382791$ & $0.143191$ & $-0.115143$ & $0.411927$ & $0.114077$ & $0.097399$ & $0.581449$ & $0.425676$ & $0.422714$ & $-0.433914$ & $-0.360634$ & $-0.342309$ & $-0.0292653$ & $1$ & $0.526234$ & $0.135566$ & $-0.184698$ & $0.0444333$ & $-0.03164$ & $-0.0846769$ & $-0.0621439$ & $0.0168398$ & $-0.095468$ & $-0.409217$ & $-0.00776507$ & $-0.00199195$ & $0.0071076$ & $-0.028771$ & $0.104209$ & $-0.0297518$ & $-0.00799926$ & $-0.0323883$ & $0.0122072$ & $-0.0247772$ & $0.0502365$ & $0.00352804$ & $-0.0278376$ & $-0.0445945$ & $-0.0463775$ \\
CHQ3_11 & $0.0604287$ & $-0.0281983$ & $-0.0298284$ & $0.0714551$ & $-0.0697743$ & $0.0218642$ & $0.076983$ & $-0.611593$ & $-0.605$ & $0.659671$ & $0.326477$ & $0.15251$ & $-0.113064$ & $0.537783$ & $-0.20029$ & $-0.200908$ & $0.762549$ & $0.750826$ & $0.751987$ & $-0.41454$ & $-0.239038$ & $-0.211129$ & $0.0642988$ & $0.526234$ & $1$ & $0.0557374$ & $0.234091$ & $-0.0702752$ & $-0.0294123$ & $-0.0876872$ & $-0.0354507$ & $0.0584183$ & $-0.079036$ & $-0.178221$ & $-0.0636147$ & $0.126175$ & $-0.0791015$ & $-0.122605$ & $0.0069301$ & $0.040913$ & $0.00426245$ & $-0.0236419$ & $0.0413387$ & $-0.0261831$ & $0.106392$ & $0.0127148$ & $-0.00159419$ & $-0.00526121$ & $-0.0378033$ \\
CHu_11 & $-0.00496904$ & $0.0327478$ & $-0.14718$ & $-0.00330259$ & $0.0261108$ & $0.0120041$ & $0.0547866$ & $-0.193707$ & $-0.18947$ & $0.0953217$ & $0.182807$ & $0.0763399$ & $-0.0694009$ & $0.0495966$ & $0.0275841$ & $0.067517$ & $0.0904886$ & $0.0715789$ & $0.0379344$ & $-0.179629$ & $-0.152899$ & $-0.140413$ & $-0.604858$ & $0.135566$ & $0.0557374$ & $1$ & $0.0247602$ & $-0.00429596$ & $-0.00915085$ & $-0.0297646$ & $-0.0266155$ & $0.0537155$ & $-0.0332788$ & $-0.137024$ & $0.131812$ & $-0.0543971$ & $0.0774901$ & $-0.03113$ & $0.0512998$ & $-0.038193$ & $-0.0763947$ & $-0.0806356$ & $0.0547299$ & $-0.0654881$ & $0.0182233$ & $-0.0738578$ & $0.0322089$ & $-0.0947027$ & $0.0247985$ \\
CHd_11 & $0.170895$ & $-0.100972$ & $0.191268$ & $0.000553664$ & $-0.0356387$ & $-0.0575418$ & $-0.0328236$ & $0.19731$ & $0.196739$ & $-0.115315$ & $-0.145774$ & $-0.0830136$ & $0.0882539$ & $-0.132888$ & $-0.35648$ & $-0.378273$ & $-0.0979589$ & $0.124118$ & $0.136837$ & $0.145566$ & $0.208946$ & $0.227164$ & $0.246039$ & $-0.184698$ & $0.234091$ & $0.0247602$ & $1$ & $0.0252311$ & $0.0227694$ & $0.0607578$ & $0.0748469$ & $-0.0231713$ & $0.0898982$ & $0.397352$ & $0.0423845$ & $0.132005$ & $-0.0742244$ & $-0.270508$ & $-0.242752$ & $0.0720885$ & $0.041613$ & $-0.0554229$ & $0.0118652$ & $-0.0182862$ & $0.0808214$ & $-0.106191$ & $0.0789778$ & $0.0280244$ & $0.137209$ \\
CHd_33 & $-0.0143721$ & $0.0340188$ & $0.0467378$ & $0.0599598$ & $0.0479965$ & $-0.00246521$ & $-0.0204423$ & $0.096463$ & $0.092036$ & $-0.0435019$ & $-0.0783455$ & $-0.0488979$ & $0.0490761$ & $-0.0378736$ & $-0.0273653$ & $-0.0124788$ & $-0.0544882$ & $-0.0473282$ & $-0.046782$ & $0.0796371$ & $0.0769411$ & $0.0797636$ & $-0.0141041$ & $0.0444333$ & $-0.0702752$ & $-0.00429596$ & $0.0252311$ & $1$ & $-0.00925173$ & $0.0476704$ & $0.0120166$ & $-0.0113658$ & $0.0372261$ & $0.0758287$ & $0.0128624$ & $-0.0428874$ & $0.0677301$ & $-0.00143494$ & $0.0570101$ & $-0.0422466$ & $0.0182264$ & $-0.0331389$ & $-0.122795$ & $0.0468771$ & $0.0398673$ & $-0.0635735$ & $0.0188705$ & $-0.00415282$ & $0.0253194$ \\
CeH_22r & $0.00940268$ & $-0.0180808$ & $0.046267$ & $0.0108819$ & $0.0122911$ & $-0.0315375$ & $-0.0663241$ & $0.00272409$ & $0.00583139$ & $-0.0323384$ & $0.0192795$ & $-0.118132$ & $0.145943$ & $-0.0530355$ & $-0.00794258$ & $0.00546133$ & $-0.0403432$ & $-0.023163$ & $-0.0264637$ & $-0.00699036$ & $-0.0104355$ & $-0.0308746$ & $0.0272786$ & $-0.03164$ & $-0.0294123$ & $-0.00915085$ & $0.0227694$ & $-0.00925173$ & $1$ & $0.10383$ & $0.0675778$ & $-0.0742086$ & $0.0999894$ & $0.00360509$ & $0.000437103$ & $-0.00618422$ & $0.0368675$ & $-0.0738623$ & $-0.00485046$ & $-0.0246031$ & $0.0226402$ & $0.0104468$ & $-0.0640601$ & $0.0316748$ & $0.0147747$ & $-0.030036$ & $0.00734361$ & $-0.032406$ & $0.0179853$ \\
CeH_33r & $-0.0125178$ & $-0.0936611$ & $0.143361$ & $0.0796596$ & $-0.0425279$ & $-0.0339958$ & $-0.319323$ & $0.0829991$ & $0.0955923$ & $-0.108232$ & $-0.0373501$ & $-0.348332$ & $0.472897$ & $-0.110579$ & $-0.0321498$ & $0.0034901$ & $-0.116737$ & $-0.0668806$ & $-0.0932542$ & $0.0610097$ & $0.0436097$ & $0.0288314$ & $0.0187847$ & $-0.0846769$ & $-0.0876872$ & $-0.0297646$ & $0.0607578$ & $0.0476704$ & $0.10383$ & $1$ & $0.367606$ & $-0.119268$ & $0.762664$ & $0.0601539$ & $-0.00721287$ & $-0.0723547$ & $0.076575$ & $-0.139924$ & $-0.0655815$ & $-0.0552669$ & $0.0654935$ & $-0.0485284$ & $-0.16285$ & $0.0547259$ & $-0.000958553$ & $0.00444353$ & $0.032915$ & $-0.00545093$ & $0.0660627$ \\
CuH_22r & $0.00244042$ & $-0.029779$ & $0.0170182$ & $0.0634688$ & $-0.0286013$ & $-0.0287277$ & $-0.191583$ & $0.0650055$ & $0.0738633$ & $-0.0720219$ & $-0.0435514$ & $-0.215664$ & $0.254707$ & $-0.0511537$ & $-0.0326528$ & $0.000814613$ & $-0.0639255$ & $-0.0225497$ & $-0.0482384$ & $0.0441195$ & $0.0343894$ & $0.0382899$ & $0.0302936$ & $-0.0621439$ & $-0.0354507$ & $-0.0266155$ & $0.0748469$ & $0.0120166$ & $0.0675778$ & $0.367606$ & $1$ & $-0.0741659$ & $0.426354$ & $0.0673128$ & $0.017258$ & $-0.0822576$ & $0.033976$ & $-0.0697311$ & $-0.0693694$ & $-0.0284403$ & $0.0304955$ & $-0.0207589$ & $-0.0342443$ & $-0.0424972$ & $-0.0498672$ & $0.062878$ & $0.175809$ & $-0.0120299$ & $0.0585007$ \\
CuH_33r & $-0.019579$ & $0.0277999$ & $-0.174938$ & $-0.127481$ & $0.00830191$ & $0.0263729$ & $0.924844$ & $-0.0447852$ & $-0.0131145$ & $0.100318$ & $0.00302479$ & $0.47574$ & $-0.479192$ & $0.0861545$ & $0.00402086$ & $-0.0227173$ & $0.0880512$ & $0.0654318$ & $0.0799145$ & $-0.0100265$ & $-0.000445972$ & $0.0042221$ & $-0.0369138$ & $0.0168398$ & $0.0584183$ & $0.0537155$ & $-0.0231713$ & $-0.0113658$ & $-0.0742086$ & $-0.119268$ & $-0.0741659$ & $1$ & $-0.0957803$ & $-0.025892$ & $-0.0566945$ & $0.125195$ & $-0.120801$ & $0.132619$ & $0.105321$ & $0.00409449$ & $-0.112526$ & $-0.0483036$ & $0.131994$ & $-0.0859386$ & $-0.0401466$ & $-0.0668$ & $-0.0944784$ & $-0.0314203$ & $0.0195939$ \\
CdH_33r & $0.0378603$ & $-0.0684632$ & $0.113307$ & $0.0768716$ & $-0.0388727$ & $-0.0448226$ & $-0.338172$ & $0.0889023$ & $0.105971$ & $-0.127665$ & $-0.0409138$ & $-0.386692$ & $0.508415$ & $-0.118136$ & $-0.0490489$ & $-0.0132316$ & $-0.121868$ & $-0.0600078$ & $-0.0881208$ & $0.0577449$ & $0.0401758$ & $0.0379248$ & $0.0215803$ & $-0.095468$ & $-0.079036$ & $-0.0332788$ & $0.0898982$ & $0.0372261$ & $0.0999894$ & $0.762664$ & $0.426354$ & $-0.0957803$ & $1$ & $0.0817645$ & $-0.0587184$ & $-0.070544$ & $0.0667894$ & $-0.141056$ & $-0.174305$ & $-0.0947213$ & $0.0121413$ & $-0.0358265$ & $-0.153263$ & $0.0366956$ & $-0.126872$ & $0.0333933$ & $0.054043$ & $0.0473852$ & $0.276212$ \\
CLL_1221 & $0.0235514$ & $-0.0358395$ & $0.122032$ & $-0.00608942$ & $-0.0126009$ & $-0.11257$ & $-0.0346143$ & $0.597899$ & $0.591232$ & $-0.300899$ & $-0.468017$ & $-0.165487$ & $0.0874849$ & $-0.192383$ & $-0.463344$ & $-0.0945221$ & $-0.240426$ & $0.183657$ & $-0.186271$ & $0.370267$ & $0.329542$ & $0.329584$ & $0.0358725$ & $-0.409217$ & $-0.178221$ & $-0.137024$ & $0.397352$ & $0.0758287$ & $0.00360509$ & $0.0601539$ & $0.0673128$ & $-0.025892$ & $0.0817645$ & $1$ & $0.0565412$ & $0.0225891$ & $-0.0260646$ & $-0.0367735$ & $-0.118391$ & $0.0675664$ & $0.0362862$ & $0.00143452$ & $0.0127731$ & $-0.0150081$ & $-0.017981$ & $-0.0233346$ & $0.0425807$ & $0.0511411$ & $0.0623255$ \\
eHggint & $-0.565203$ & $-0.0209019$ & $0.00800412$ & $0.242118$ & $0.0690124$ & $-0.0607566$ & $-0.0718103$ & $0.076559$ & $0.0820665$ & $-0.0701499$ & $-0.0358408$ & $-0.0463686$ & $0.0622001$ & $-0.0967334$ & $0.0161308$ & $0.00705716$ & $-0.0760841$ & $-0.0626683$ & $-0.088742$ & $0.0657495$ & $0.0470276$ & $0.0682778$ & $-0.0966841$ & $-0.00776507$ & $-0.0636147$ & $0.131812$ & $0.0423845$ & $0.0128624$ & $0.000437103$ & $-0.00721287$ & $0.017258$ & $-0.0566945$ & $-0.0587184$ & $0.0565412$ & $1$ & $-0.405087$ & $0.204761$ & $-0.00134621$ & $-0.084821$ & $0.0890397$ & $0.0320176$ & $-0.119215$ & $0.377183$ & $-0.328591$ & $-0.116158$ & $0.284372$ & $0.198853$ & $-0.0909068$ & $-0.215761$ \\
eHggpar & $0.230907$ & $-0.257191$ & $0.30634$ & $-0.31757$ & $-0.0108934$ & $0.0287236$ & $0.121004$ & $-0.0154136$ & $-0.0160057$ & $0.0712654$ & $-0.0178143$ & $0.142439$ & $-0.137872$ & $0.0941077$ & $-0.0688679$ & $-0.0708701$ & $0.0740636$ & $0.101598$ & $0.120139$ & $-0.0147424$ & $-0.00677535$ & $-0.00118083$ & $0.0738171$ & $-0.00199195$ & $0.126175$ & $-0.0543971$ & $0.132005$ & $-0.0428874$ & $-0.00618422$ & $-0.0723547$ & $-0.0822576$ & $0.125195$ & $-0.070544$ & $0.0225891$ & $-0.405087$ & $1$ & $-0.414155$ & $0.0137062$ & $0.0251837$ & $0.217785$ & $0.125266$ & $0.0452639$ & $-0.100489$ & $0.308776$ & $0.418982$ & $0.00532127$ & $-0.338978$ & $0.336464$ & $-0.144179$ \\
eHWWint & $-0.112489$ & $0.210362$ & $-0.229425$ & $0.207456$ & $0.000313471$ & $-0.0432428$ & $-0.123203$ & $-0.0212324$ & $-0.0377585$ & $-0.0464951$ & $0.0533354$ & $-0.237837$ & $0.258899$ & $-0.0973278$ & $0.0458887$ & $0.0528201$ & $-0.0468598$ & $-0.0693645$ & $-0.0853899$ & $-0.0276391$ & $-0.0373071$ & $-0.0549387$ & $-0.0722755$ & $0.0071076$ & $-0.0791015$ & $0.0774901$ & $-0.0742244$ & $0.0677301$ & $0.0368675$ & $0.076575$ & $0.033976$ & $-0.120801$ & $0.0667894$ & $-0.0260646$ & $0.204761$ & $-0.414155$ & $1$ & $-0.101123$ & $0.0430567$ & $-0.355855$ & $-0.206722$ & $-0.111833$ & $-0.423489$ & $0.0340983$ & $-0.153408$ & $-0.206682$ & $0.0770782$ & $-0.283709$ & $0.0821292$ \\
eHWWpar & $-0.21682$ & $-0.0390452$ & $-0.134651$ & $-0.121601$ & $0.0214557$ & $0.0650574$ & $0.149507$ & $0.0307979$ & $0.0375218$ & $-0.0223799$ & $-0.0231791$ & $0.165976$ & $-0.203968$ & $0.0120546$ & $0.0822608$ & $0.108822$ & $-0.0376753$ & $-0.0627726$ & $-0.0916628$ & $0.0210698$ & $0.00164326$ & $0.000785254$ & $-0.0724187$ & $-0.028771$ & $-0.122605$ & $-0.03113$ & $-0.270508$ & $-0.00143494$ & $-0.0738623$ & $-0.139924$ & $-0.0697311$ & $0.132619$ & $-0.141056$ & $-0.0367735$ & $-0.00134621$ & $0.0137062$ & $-0.101123$ & $1$ & $-0.0575312$ & $0.00909322$ & $0.113164$ & $0.0701484$ & $0.193726$ & $0.137118$ & $-0.145123$ & $0.132385$ & $-0.00104107$ & $0.1091$ & $-0.0816985$ \\
eHZZint & $-0.0729966$ & $0.0897846$ & $-0.16342$ & $-0.230841$ & $-0.0828799$ & $0.0302155$ & $0.111115$ & $-0.0938947$ & $-0.0969022$ & $0.111915$ & $0.0423721$ & $0.204428$ & $-0.201077$ & $0.086221$ & $0.0722915$ & $0.120312$ & $0.100461$ & $0.0281974$ & $0.0183423$ & $-0.0426867$ & $-0.056602$ & $-0.0607894$ & $-0.0790131$ & $0.104209$ & $0.0069301$ & $0.0512998$ & $-0.242752$ & $0.0570101$ & $-0.00485046$ & $-0.0655815$ & $-0.0693694$ & $0.105321$ & $-0.174305$ & $-0.118391$ & $-0.084821$ & $0.0251837$ & $0.0430567$ & $-0.0575312$ & $1$ & $-0.0386546$ & $-0.153826$ & $-0.0481889$ & $-0.182405$ & $-0.0822013$ & $0.320352$ & $-0.273457$ & $-0.171915$ & $-0.374734$ & $-0.34787$ \\
eHZZpar & $0.0375832$ & $-0.286056$ & $0.127055$ & $0.0976655$ & $0.00310889$ & $0.0238877$ & $0.00437115$ & $0.0559403$ & $0.0604293$ & $0.0152656$ & $-0.0678434$ & $0.0478063$ & $-0.0506914$ & $0.0578858$ & $-0.0427476$ & $-0.0374585$ & $0.0180425$ & $0.05353$ & $0.0425787$ & $0.0370643$ & $0.0638582$ & $0.0782677$ & $0.0200729$ & $-0.0297518$ & $0.040913$ & $-0.038193$ & $0.0720885$ & $-0.0422466$ & $-0.0246031$ & $-0.0552669$ & $-0.0284403$ & $0.00409449$ & $-0.0947213$ & $0.0675664$ & $0.0890397$ & $0.217785$ & $-0.355855$ & $0.00909322$ & $-0.0386546$ & $1$ & $0.0223458$ & $-0.060316$ & $0.282361$ & $-0.249436$ & $0.180152$ & $0.164846$ & $-0.0381955$ & $0.142534$ & $-0.308234$ \\
eHZgaint & $-0.240274$ & $-0.0977807$ & $0.301054$ & $0.207147$ & $0.0181984$ & $0.0314744$ & $-0.11755$ & $0.0597707$ & $0.0564386$ & $-0.0244898$ & $-0.0553985$ & $-0.142823$ & $0.139966$ & $0.0125442$ & $-0.000865358$ & $0.0230703$ & $-0.0412937$ & $-0.00531445$ & $-0.0277142$ & $0.0610869$ & $0.0762702$ & $0.0294702$ & $0.0367557$ & $-0.00799926$ & $0.00426245$ & $-0.0763947$ & $0.041613$ & $0.0182264$ & $0.0226402$ & $0.0654935$ & $0.0304955$ & $-0.112526$ & $0.0121413$ & $0.0362862$ & $0.0320176$ & $0.125266$ & $-0.206722$ & $0.113164$ & $-0.153826$ & $0.0223458$ & $1$ & $0.0501358$ & $-0.0597702$ & $0.460391$ & $0.362641$ & $0.182133$ & $0.154444$ & $0.0784882$ & $-0.244289$ \\
eHZgapar & $0.1065$ & $-0.215579$ & $0.292568$ & $-0.218308$ & $0.0704635$ & $0.0149832$ & $-0.0275867$ & $0.0314463$ & $0.0302587$ & $-0.0299221$ & $-0.0329475$ & $0.0208396$ & $-0.0403051$ & $0.0371367$ & $-0.0126718$ & $-0.0151746$ & $-0.0125368$ & $0.00616309$ & $-0.00645232$ & $0.0213629$ & $0.0215347$ & $0.0406655$ & $0.0278736$ & $-0.0323883$ & $-0.0236419$ & $-0.0806356$ & $-0.0554229$ & $-0.0331389$ & $0.0104468$ & $-0.0485284$ & $-0.0207589$ & $-0.0483036$ & $-0.0358265$ & $0.00143452$ & $-0.119215$ & $0.0452639$ & $-0.111833$ & $0.0701484$ & $-0.0481889$ & $-0.060316$ & $0.0501358$ & $1$ & $-0.00834547$ & $0.224409$ & $-0.0651043$ & $0.0565695$ & $-0.101557$ & $0.178089$ & $-0.098933$ \\
eHgagaint & $-0.250906$ & $-0.0535284$ & $-0.0782724$ & $0.0249931$ & $0.0322053$ & $-0.0136368$ & $0.1594$ & $0.0112962$ & $0.0427638$ & $0.0137449$ & $-0.0230141$ & $0.270539$ & $-0.303427$ & $0.0386278$ & $0.0163284$ & $-0.0205739$ & $0.033661$ & $0.0211756$ & $0.0326687$ & $0.0112622$ & $-0.00480404$ & $0.0367833$ & $-0.043971$ & $0.0122072$ & $0.0413387$ & $0.0547299$ & $0.0118652$ & $-0.122795$ & $-0.0640601$ & $-0.16285$ & $-0.0342443$ & $0.131994$ & $-0.153263$ & $0.0127731$ & $0.377183$ & $-0.100489$ & $-0.423489$ & $0.193726$ & $-0.182405$ & $0.282361$ & $-0.0597702$ & $-0.00834547$ & $1$ & $-0.431138$ & $-0.328518$ & $0.482287$ & $0.155156$ & $0.03203$ & $-0.0205779$ \\
eHmumuint & $0.0656883$ & $-0.0413876$ & $0.396115$ & $-0.255941$ & $0.0625907$ & $0.0236351$ & $-0.0916558$ & $-0.00784555$ & $-0.0203558$ & $-0.041227$ & $0.0304851$ & $-0.121817$ & $0.105185$ & $-0.0267646$ & $-0.00697552$ & $-0.00387882$ & $-0.0429611$ & $-0.0196208$ & $-0.0216798$ & $-0.0229459$ & $-0.0112452$ & $-0.06598$ & $0.0490399$ & $-0.0247772$ & $-0.0261831$ & $-0.0654881$ & $-0.0182862$ & $0.0468771$ & $0.0316748$ & $0.0547259$ & $-0.0424972$ & $-0.0859386$ & $0.0366956$ & $-0.0150081$ & $-0.328591$ & $0.308776$ & $0.0340983$ & $0.137118$ & $-0.0822013$ & $-0.249436$ & $0.460391$ & $0.224409$ & $-0.431138$ & $1$ & $0.391384$ & $-0.294544$ & $-0.36738$ & $0.24526$ & $-0.17626$ \\
eHtautauint & $-0.0126332$ & $-0.271174$ & $0.401322$ & $-0.0966035$ & $0.0299585$ & $0.0392441$ & $-0.0432864$ & $-0.0416194$ & $-0.054209$ & $0.0504321$ & $0.0231031$ & $-0.0319853$ & $0.0317249$ & $0.0568642$ & $-0.0398386$ & $-0.0196374$ & $0.0511999$ & $0.0807587$ & $0.0771082$ & $-0.0334897$ & $-0.00327761$ & $-0.0409211$ & $0.0404706$ & $0.0502365$ & $0.106392$ & $0.0182233$ & $0.0808214$ & $0.0398673$ & $0.0147747$ & $-0.000958553$ & $-0.0498672$ & $-0.0401466$ & $-0.126872$ & $-0.017981$ & $-0.116158$ & $0.418982$ & $-0.153408$ & $-0.145123$ & $0.320352$ & $0.180152$ & $0.362641$ & $-0.0651043$ & $-0.328518$ & $0.391384$ & $1$ & $-0.208974$ & $-0.227623$ & $0.0799114$ & $-0.569668$ \\
eHccint & $-0.3531$ & $-0.307955$ & $-0.0960764$ & $0.197763$ & $-0.0171684$ & $-0.00642319$ & $-0.0710699$ & $0.0446107$ & $0.0570311$ & $0.0316088$ & $-0.0704673$ & $-0.0710782$ & $0.0808126$ & $0.0701535$ & $0.0658527$ & $0.0175923$ & $0.0246983$ & $-0.000759421$ & $0.0107282$ & $0.0498697$ & $0.0270026$ & $0.0536318$ & $0.00475678$ & $0.00352804$ & $0.0127148$ & $-0.0738578$ & $-0.106191$ & $-0.0635735$ & $-0.030036$ & $0.00444353$ & $0.062878$ & $-0.0668$ & $0.0333933$ & $-0.0233346$ & $0.284372$ & $0.00532127$ & $-0.206682$ & $0.132385$ & $-0.273457$ & $0.164846$ & $0.182133$ & $0.0565695$ & $0.482287$ & $-0.294544$ & $-0.208974$ & $1$ & $0.402543$ & $0.294725$ & $-0.026249$ \\
eHccpar & $-0.144281$ & $0.245102$ & $-0.346864$ & $0.351239$ & $-0.0386043$ & $-0.00347883$ & $-0.0883433$ & $0.0265959$ & $0.0293002$ & $-0.0249754$ & $-0.0217739$ & $-0.0609936$ & $0.0776211$ & $-0.0340806$ & $0.0118733$ & $-0.0240187$ & $-0.0225857$ & $-0.0191093$ & $-0.0154137$ & $0.0346031$ & $0.0538718$ & $0.0734923$ & $-0.0248314$ & $-0.0278376$ & $-0.00159419$ & $0.0322089$ & $0.0789778$ & $0.0188705$ & $0.00734361$ & $0.032915$ & $0.175809$ & $-0.0944784$ & $0.054043$ & $0.0425807$ & $0.198853$ & $-0.338978$ & $0.0770782$ & $-0.00104107$ & $-0.171915$ & $-0.0381955$ & $0.154444$ & $-0.101557$ & $0.155156$ & $-0.36738$ & $-0.227623$ & $0.402543$ & $1$ & $-0.157875$ & $0.191875$ \\
eHbbint & $0.0622873$ & $-0.468381$ & $0.308585$ & $-0.142774$ & $0.080156$ & $-0.00143518$ & $-0.0321305$ & $0.0913377$ & $0.0907509$ & $-0.0350706$ & $-0.0843842$ & $-0.0399092$ & $0.0142291$ & $0.0316433$ & $-0.0225816$ & $-0.0232232$ & $-0.0198636$ & $0.00467592$ & $-0.0196167$ & $0.0599933$ & $0.037349$ & $0.068375$ & $0.0398111$ & $-0.0445945$ & $-0.00526121$ & $-0.0947027$ & $0.0280244$ & $-0.00415282$ & $-0.032406$ & $-0.00545093$ & $-0.0120299$ & $-0.0314203$ & $0.0473852$ & $0.0511411$ & $-0.0909068$ & $0.336464$ & $-0.283709$ & $0.1091$ & $-0.374734$ & $0.142534$ & $0.0784882$ & $0.178089$ & $0.03203$ & $0.24526$ & $0.0799114$ & $0.294725$ & $-0.157875$ & $1$ & $-0.0941979$ \\
eHbbpar & $0.253347$ & $0.324867$ & $-0.296956$ & $0.0758621$ & $-0.0287384$ & $-0.0132905$ & $0.00841548$ & $0.0194132$ & $0.0229007$ & $-0.038$ & $0.00631657$ & $-0.045795$ & $0.057085$ & $-0.0759743$ & $-0.0231932$ & $-0.0539271$ & $-0.047121$ & $-0.0350349$ & $-0.0223529$ & $0.00419174$ & $0.0018631$ & $0.00949582$ & $0.0379361$ & $-0.0463775$ & $-0.0378033$ & $0.0247985$ & $0.137209$ & $0.0253194$ & $0.0179853$ & $0.0660627$ & $0.0585007$ & $0.0195939$ & $0.276212$ & $0.0623255$ & $-0.215761$ & $-0.144179$ & $0.0821292$ & $-0.0816985$ & $-0.34787$ & $-0.308234$ & $-0.244289$ & $-0.098933$ & $-0.0205779$ & $-0.17626$ & $-0.569668$ & $-0.026249$ & $0.191875$ & $-0.0941979$ & $1$ \\
