 & AlsMz & dAle5Mz & mtop & mHl & Mz & CW & CHG & CHWB & CHWHB_gaga & CHWHB_gagaorth & CHD & CHbox & CH & CHL1_11 & CHL1_22 & CHL1_33 & CHL3_11 & CHL3_22 & CHL3_33 & CHe_11 & CHe_22 & CHe_33 & CHQ1_11 & CHQ1_33 & CHQ3_11 & CHu_11 & CHd_11 & CHd_33 & CeH_22r & CeH_33r & CuH_22r & CuH_33r & CdH_33r & CLL_1221 & eHggint & eHggpar & eHWWint & eHWWpar & eHZZint & eHZZpar & eHZgaint & eHZgapar & eHgagaint & eHmumuint & eHtautauint & eHccint & eHccpar & eHbbint & eHbbpar \\
AlsMz & $1$ & $-0.0296482$ & $0.0898952$ & $0.23788$ & $-0.0249142$ & $-0.0141623$ & $-0.0856136$ & $0.0273766$ & $0.0245137$ & $-0.0439351$ & $-0.0372067$ & $-0.0345545$ & $0.130314$ & $0.0234849$ & $0.036334$ & $0.011691$ & $0.0141115$ & $-0.00727416$ & $0.00920131$ & $0.0316492$ & $0.0315574$ & $0.0302819$ & $-0.0103076$ & $-0.0386333$ & $-0.0646026$ & $-0.0497525$ & $-0.0276004$ & $0.0277004$ & $0.0410265$ & $0.146477$ & $0.0265047$ & $-0.0819877$ & $0.138205$ & $-0.00614844$ & $-0.0404791$ & $-0.158086$ & $-0.244855$ & $-0.0173188$ & $-0.070995$ & $0.00340689$ & $-0.0508327$ & $-0.0141866$ & $-0.246191$ & $-0.145185$ & $0.119738$ & $-0.114129$ & $-0.166426$ & $0.00886861$ & $0.012892$ \\
dAle5Mz & $-0.0296482$ & $1$ & $-0.0883381$ & $-0.00443082$ & $0.0340139$ & $0.0125219$ & $0.0826368$ & $-0.0510845$ & $-0.0527229$ & $0.0666288$ & $0.0579064$ & $0.0773201$ & $-0.0580533$ & $-0.0591458$ & $-0.0403975$ & $-0.0594324$ & $-0.0121729$ & $-0.0122584$ & $-0.00330618$ & $-0.047747$ & $-0.0412405$ & $-0.0406147$ & $-0.0368306$ & $-0.0154089$ & $-0.0157693$ & $0.0562491$ & $0.00391325$ & $-0.00404784$ & $-0.0445015$ & $-0.0957574$ & $-0.00791773$ & $0.0992907$ & $-0.104974$ & $0.0390433$ & $0.268684$ & $0.302978$ & $0.230991$ & $-0.00884731$ & $-0.16833$ & $-0.0270771$ & $-0.0721357$ & $0.000356622$ & $-0.0859386$ & $0.206086$ & $-0.200127$ & $0.0398521$ & $0.195992$ & $0.0961043$ & $-0.139311$ \\
mtop & $0.0898952$ & $-0.0883381$ & $1$ & $0.225794$ & $0.04605$ & $0.00573195$ & $-0.109003$ & $0.0235918$ & $0.0285151$ & $-0.0587485$ & $-0.0211437$ & $-0.0177584$ & $0.106783$ & $0.0243268$ & $0.00832223$ & $-0.00257683$ & $-0.00704727$ & $0.000183668$ & $0.00399171$ & $0.0246979$ & $0.0244149$ & $0.0226369$ & $0.0133851$ & $-0.0127707$ & $-0.0159724$ & $-0.0299015$ & $-0.00698589$ & $-0.0075905$ & $0.0405724$ & $0.080055$ & $0.0211245$ & $-0.111856$ & $0.0979378$ & $0.00135151$ & $-0.117705$ & $-0.253489$ & $-0.0318943$ & $-0.0523968$ & $0.0175547$ & $-0.00942516$ & $0.235913$ & $0.00284216$ & $0.11376$ & $-0.0370945$ & $-0.0202488$ & $-0.226034$ & $-0.0845587$ & $-0.119556$ & $0.0662373$ \\
mHl & $0.23788$ & $-0.00443082$ & $0.225794$ & $1$ & $-0.00439827$ & $-0.012994$ & $-0.0865216$ & $0.00329628$ & $-0.00277939$ & $-0.0121295$ & $0.00810485$ & $0.0118975$ & $0.117616$ & $-0.00695025$ & $-0.0200087$ & $-0.0229243$ & $-0.0329866$ & $-0.0111535$ & $-0.0121127$ & $-0.00932611$ & $-0.00768441$ & $-0.00331122$ & $-0.0184615$ & $-0.00993357$ & $-0.0438719$ & $0.00935311$ & $-0.00450748$ & $0.0296949$ & $-0.00948946$ & $0.083295$ & $-0.000738392$ & $-0.0749323$ & $0.0142025$ & $0.0108976$ & $0.371244$ & $-0.225775$ & $-0.109923$ & $-0.0328364$ & $-0.191659$ & $-0.0187332$ & $0.239877$ & $-0.0073222$ & $-0.155667$ & $-0.295207$ & $0.0813762$ & $-0.0504141$ & $-0.222207$ & $-0.0770412$ & $-0.284669$ \\
Mz & $-0.0249142$ & $0.0340139$ & $0.04605$ & $-0.00439827$ & $1$ & $-0.00794169$ & $-0.00084377$ & $-0.0106639$ & $-0.0119828$ & $0.00626832$ & $0.0193036$ & $0.00581472$ & $-0.0168665$ & $-0.0181351$ & $0.000683785$ & $0.00345522$ & $-0.000945373$ & $-0.00698992$ & $-0.0127003$ & $-0.0126463$ & $-0.0127749$ & $-0.0114107$ & $-0.0154564$ & $-0.00207627$ & $-0.0191297$ & $0.0270886$ & $-0.0264667$ & $-0.00884439$ & $0.00457976$ & $-0.0144443$ & $0.0256427$ & $-0.00347248$ & $-0.00647806$ & $-0.00538846$ & $0.00868755$ & $-0.0218212$ & $0.017799$ & $-0.00636911$ & $0.0586084$ & $-0.056837$ & $-0.0033069$ & $-0.0118186$ & $0.0219571$ & $0.0634321$ & $0.0418399$ & $0.00373409$ & $0.050313$ & $-0.0492595$ & $0.0429601$ \\
CW & $-0.0141623$ & $0.0125219$ & $0.00573195$ & $-0.012994$ & $-0.00794169$ & $1$ & $0.0147215$ & $-0.0315326$ & $-0.0278804$ & $0.00832736$ & $0.14746$ & $0.0651917$ & $-0.025444$ & $-0.0441854$ & $-0.0857211$ & $-0.0744744$ & $-0.376907$ & $-0.178911$ & $-0.18413$ & $-0.14646$ & $-0.147451$ & $-0.14296$ & $0.00179344$ & $-0.141292$ & $-0.222166$ & $0.0983211$ & $-0.0594333$ & $-0.0836934$ & $0.0090053$ & $-0.0228429$ & $-0.0276842$ & $0.00722892$ & $-0.0348956$ & $-0.0803729$ & $-0.0225251$ & $0.0156586$ & $-0.00320682$ & $0.0127159$ & $-0.00910011$ & $0.00720469$ & $0.0298837$ & $0.000897735$ & $-0.0388134$ & $-0.0457213$ & $0.0123893$ & $-0.00719292$ & $-0.00743974$ & $-0.000907513$ & $-0.00783952$ \\
CHG & $-0.0856136$ & $0.0826368$ & $-0.109003$ & $-0.0865216$ & $-0.00084377$ & $0.0147215$ & $1$ & $-0.0670037$ & $-0.0461178$ & $0.234818$ & $0.112479$ & $0.0384471$ & $-0.774551$ & $-0.125358$ & $-0.0277541$ & $-0.0398005$ & $-0.0951685$ & $-0.083338$ & $-0.0785336$ & $-0.104638$ & $-0.113483$ & $-0.112443$ & $-0.0159435$ & $-0.0213869$ & $-0.0888232$ & $0.0849581$ & $-0.0602327$ & $-0.0517094$ & $-0.123276$ & $-0.577971$ & $-0.34955$ & $0.951148$ & $-0.611709$ & $-0.0398037$ & $-0.0200341$ & $0.0817677$ & $0.139908$ & $-0.0051932$ & $0.0425142$ & $0.0308083$ & $-0.0730881$ & $-0.0246341$ & $0.0688113$ & $0.153794$ & $-0.0270638$ & $0.055681$ & $0.114915$ & $0.0538693$ & $0.0272596$ \\
CHWB & $0.0273766$ & $-0.0510845$ & $0.0235918$ & $0.00329628$ & $-0.0106639$ & $-0.0315326$ & $-0.0670037$ & $1$ & $0.99073$ & $-0.540285$ & $-0.877073$ & $-0.170325$ & $0.0662157$ & $0.277601$ & $0.441182$ & $0.429314$ & $-0.226275$ & $-0.396984$ & $-0.393464$ & $0.861297$ & $0.890993$ & $0.880907$ & $0.0203745$ & $-0.647425$ & $-0.367206$ & $-0.601572$ & $0.423163$ & $0.347287$ & $0.0208697$ & $0.0448776$ & $0.0202622$ & $-0.0707727$ & $0.0437773$ & $0.54473$ & $-0.00146071$ & $-0.0458731$ & $-0.0248401$ & $-0.0290512$ & $0.00229014$ & $-0.0298368$ & $-0.0357273$ & $-0.00937257$ & $-0.00727714$ & $0.0211918$ & $0.00857218$ & $-0.0315674$ & $0.0123209$ & $-0.0802997$ & $-0.0125418$ \\
CHWHB_gaga & $0.0245137$ & $-0.0527229$ & $0.0285151$ & $-0.00277939$ & $-0.0119828$ & $-0.0278804$ & $-0.0461178$ & $0.99073$ & $1$ & $-0.533024$ & $-0.866042$ & $-0.156839$ & $0.0707734$ & $0.270446$ & $0.435803$ & $0.423326$ & $-0.230345$ & $-0.398258$ & $-0.394385$ & $0.850551$ & $0.879958$ & $0.869669$ & $0.0209968$ & $-0.644448$ & $-0.368822$ & $-0.593348$ & $0.419911$ & $0.340284$ & $0.0273118$ & $0.0622325$ & $0.0316979$ & $-0.0532206$ & $0.061834$ & $0.539966$ & $-0.00850319$ & $-0.0448169$ & $-0.0333597$ & $-0.0296582$ & $0.00126593$ & $-0.0299599$ & $-0.0402346$ & $-0.00748372$ & $0.0274437$ & $0.0277946$ & $0.0112573$ & $-0.0283171$ & $0.00579686$ & $-0.0872331$ & $-0.0113212$ \\
CHWHB_gagaorth & $-0.0439351$ & $0.0666288$ & $-0.0587485$ & $-0.0121295$ & $0.00626832$ & $0.00832736$ & $0.234818$ & $-0.540285$ & $-0.533024$ & $1$ & $0.462587$ & $0.427854$ & $-0.282695$ & $-0.130165$ & $-0.230186$ & $-0.237573$ & $0.143392$ & $0.232184$ & $0.238874$ & $-0.452131$ & $-0.469858$ & $-0.465801$ & $-0.0164878$ & $0.361115$ & $0.220682$ & $0.31793$ & $-0.229698$ & $-0.160617$ & $-0.0548492$ & $-0.242839$ & $-0.147179$ & $0.236612$ & $-0.266724$ & $-0.299251$ & $0.00389633$ & $0.0917215$ & $0.0837491$ & $0.0430798$ & $0.0186064$ & $0.00900767$ & $-0.0353202$ & $0.0240679$ & $0.032716$ & $0.0240894$ & $-0.0308541$ & $0.0239436$ & $0.0616441$ & $0.0773878$ & $-0.00520258$ \\
CHD & $-0.0372067$ & $0.0579064$ & $-0.0211437$ & $0.00810485$ & $0.0193036$ & $0.14746$ & $0.112479$ & $-0.877073$ & $-0.866042$ & $0.462587$ & $1$ & $0.251818$ & $-0.118759$ & $-0.664564$ & $-0.552473$ & $-0.544403$ & $-0.241418$ & $-0.0198038$ & $-0.0239038$ & $-0.994968$ & $-0.995119$ & $-0.983011$ & $0.0473382$ & $0.249798$ & $-0.0594742$ & $0.666348$ & $-0.296631$ & $-0.397785$ & $-0.0437463$ & $-0.0820735$ & $-0.0418252$ & $0.124265$ & $-0.0971992$ & $-0.346079$ & $0.00488218$ & $0.0682932$ & $0.0447685$ & $0.0384593$ & $-0.0177028$ & $0.0328048$ & $0.0453116$ & $-0.00762333$ & $0.0127291$ & $-0.0422845$ & $-0.0103644$ & $0.0250643$ & $0.00933603$ & $0.0718715$ & $-0.00512392$ \\
CHbox & $-0.0345545$ & $0.0773201$ & $-0.0177584$ & $0.0118975$ & $0.00581472$ & $0.0651917$ & $0.0384471$ & $-0.170325$ & $-0.156839$ & $0.427854$ & $0.251818$ & $1$ & $-0.0313219$ & $-0.237051$ & $-0.100422$ & $-0.0971054$ & $-0.174425$ & $-0.122332$ & $-0.126342$ & $-0.241657$ & $-0.251709$ & $-0.247563$ & $0.0208372$ & $-0.0145952$ & $-0.130484$ & $0.156477$ & $-0.0885967$ & $-0.103471$ & $-0.000479481$ & $0.0621402$ & $0.0355764$ & $0.0932145$ & $0.0594088$ & $-0.0824537$ & $0.0925869$ & $0.0406744$ & $0.125584$ & $0.0550801$ & $0.00398968$ & $-0.00900853$ & $-0.0694857$ & $-0.00864789$ & $-0.00615457$ & $0.0371799$ & $-0.0671234$ & $0.0100967$ & $0.116171$ & $0.0468841$ & $-0.0363647$ \\
CH & $0.130314$ & $-0.0580533$ & $0.106783$ & $0.117616$ & $-0.0168665$ & $-0.025444$ & $-0.774551$ & $0.0662157$ & $0.0707734$ & $-0.282695$ & $-0.118759$ & $-0.0313219$ & $1$ & $0.140846$ & $0.0429502$ & $0.0554805$ & $0.103824$ & $0.0879809$ & $0.0817888$ & $0.111694$ & $0.117853$ & $0.114051$ & $0.000121623$ & $0.0325485$ & $0.0824486$ & $-0.0826856$ & $0.0339744$ & $0.0462124$ & $0.161735$ & $0.714729$ & $0.42103$ & $-0.684274$ & $0.743352$ & $0.0251953$ & $0.113934$ & $-0.104307$ & $-0.152828$ & $0.00462227$ & $-0.0329485$ & $-0.0429679$ & $0.092149$ & $0.0412452$ & $-0.0829692$ & $-0.138626$ & $0.0611303$ & $-0.0180119$ & $-0.146271$ & $-0.0669731$ & $-0.0717299$ \\
CHL1_11 & $0.0234849$ & $-0.0591458$ & $0.0243268$ & $-0.00695025$ & $-0.0181351$ & $-0.0441854$ & $-0.125358$ & $0.277601$ & $0.270446$ & $-0.130165$ & $-0.664564$ & $-0.237051$ & $0.140846$ & $1$ & $0.384424$ & $0.397027$ & $0.631152$ & $0.593831$ & $0.587766$ & $0.673839$ & $0.637$ & $0.62846$ & $-0.112874$ & $0.402217$ & $0.588869$ & $-0.421146$ & $-0.0372744$ & $0.259875$ & $0.0533689$ & $0.0950565$ & $0.0602001$ & $-0.147028$ & $0.12181$ & $-0.142508$ & $-0.0182191$ & $-0.0853852$ & $-0.0527182$ & $-0.027288$ & $0.0301117$ & $-0.0222882$ & $-0.0270445$ & $0.0262239$ & $-0.0210147$ & $0.0416769$ & $0.015559$ & $-0.00109145$ & $-0.0286079$ & $-0.0349821$ & $0.0203729$ \\
CHL1_22 & $0.036334$ & $-0.0403975$ & $0.00832223$ & $-0.0200087$ & $0.000683785$ & $-0.0857211$ & $-0.0277541$ & $0.441182$ & $0.435803$ & $-0.230186$ & $-0.552473$ & $-0.100422$ & $0.0429502$ & $0.384424$ & $1$ & $0.528571$ & $0.172213$ & $-0.323385$ & $-0.0071274$ & $0.596032$ & $0.495931$ & $0.483807$ & $-0.179988$ & $0.04066$ & $-0.0773824$ & $-0.345422$ & $-0.293899$ & $0.218238$ & $0.0166512$ & $0.0434536$ & $0.00361248$ & $-0.025163$ & $0.0597573$ & $-0.47269$ & $-0.0101194$ & $-0.0354004$ & $-0.0132705$ & $-0.0334324$ & $0.0307537$ & $-0.0162787$ & $-0.0285141$ & $0.00550854$ & $-0.020345$ & $0.0180276$ & $0.00295287$ & $-0.0185241$ & $-0.0380269$ & $-0.0193361$ & $0.0392461$ \\
CHL1_33 & $0.011691$ & $-0.0594324$ & $-0.00257683$ & $-0.0229243$ & $0.00345522$ & $-0.0744744$ & $-0.0398005$ & $0.429314$ & $0.423326$ & $-0.237573$ & $-0.544403$ & $-0.0971054$ & $0.0554805$ & $0.397027$ & $0.528571$ & $1$ & $0.172832$ & $0.00583267$ & $-0.301619$ & $0.587269$ & $0.488839$ & $0.499686$ & $-0.203908$ & $0.0456861$ & $-0.0627412$ & $-0.326288$ & $-0.298082$ & $0.222601$ & $0.0313166$ & $0.0557609$ & $0.0299219$ & $-0.0353102$ & $0.0655439$ & $-0.0375002$ & $-0.0104691$ & $-0.0485688$ & $-0.00990109$ & $-0.0164533$ & $0.0439642$ & $-0.0385229$ & $-0.0269486$ & $-0.000351654$ & $-0.0445495$ & $0.022602$ & $0.0269256$ & $-0.0342717$ & $-0.022908$ & $-0.0109999$ & $0.0204533$ \\
CHL3_11 & $0.0141115$ & $-0.0121729$ & $-0.00704727$ & $-0.0329866$ & $-0.000945373$ & $-0.376907$ & $-0.0951685$ & $-0.226275$ & $-0.230345$ & $0.143392$ & $-0.241418$ & $-0.174425$ & $0.103824$ & $0.631152$ & $0.172213$ & $0.172832$ & $1$ & $0.813142$ & $0.82059$ & $0.252453$ & $0.216963$ & $0.212803$ & $-0.103032$ & $0.738219$ & $0.85279$ & $-0.134019$ & $-0.149412$ & $0.100402$ & $0.0432362$ & $0.0724847$ & $0.0379258$ & $-0.109412$ & $0.10669$ & $-0.254378$ & $-0.00523521$ & $-0.0303266$ & $-0.0387717$ & $-0.0200825$ & $0.0338861$ & $-0.00273922$ & $-0.0222016$ & $0.0303797$ & $0.00715842$ & $0.0471865$ & $-0.000432366$ & $0.0125652$ & $-0.0432731$ & $0.0164176$ & $0.0381048$ \\
CHL3_22 & $-0.00727416$ & $-0.0122584$ & $0.000183668$ & $-0.0111535$ & $-0.00698992$ & $-0.178911$ & $-0.083338$ & $-0.396984$ & $-0.398258$ & $0.232184$ & $-0.0198038$ & $-0.122332$ & $0.0879809$ & $0.593831$ & $-0.323385$ & $0.00583267$ & $0.813142$ & $1$ & $0.782743$ & $0.0172202$ & $0.0156917$ & $0.0191236$ & $-0.0329526$ & $0.712428$ & $0.863026$ & $0.00593083$ & $-0.0501438$ & $0.0118808$ & $0.0402005$ & $0.0552664$ & $0.0458265$ & $-0.101467$ & $0.0784007$ & $-0.0539068$ & $-0.00697312$ & $-0.0356127$ & $-0.0340783$ & $-0.00200631$ & $0.0199949$ & $-0.00223628$ & $-0.00445032$ & $0.0292146$ & $0.00147609$ & $0.0311028$ & $0.00715417$ & $0.0186453$ & $-0.0198722$ & $0.0182697$ & $0.0140316$ \\
CHL3_33 & $0.00920131$ & $-0.00330618$ & $0.00399171$ & $-0.0121127$ & $-0.0127003$ & $-0.18413$ & $-0.0785336$ & $-0.393464$ & $-0.394385$ & $0.238874$ & $-0.0239038$ & $-0.126342$ & $0.0817888$ & $0.587766$ & $-0.0071274$ & $-0.301619$ & $0.82059$ & $0.782743$ & $1$ & $0.0212395$ & $0.0200455$ & $0.0208537$ & $-0.0130892$ & $0.714183$ & $0.863759$ & $-0.00790965$ & $-0.0422078$ & $0.00674297$ & $0.0268452$ & $0.0488962$ & $0.0263983$ & $-0.0984547$ & $0.0789241$ & $-0.351518$ & $-0.00773959$ & $-0.0251608$ & $-0.0423296$ & $-0.011651$ & $0.00891967$ & $0.0183945$ & $-0.00732837$ & $0.0381349$ & $0.0186027$ & $0.025052$ & $-0.00945771$ & $0.0325219$ & $-0.0343441$ & $0.0128154$ & $0.026928$ \\
CHe_11 & $0.0316492$ & $-0.047747$ & $0.0246979$ & $-0.00932611$ & $-0.0126463$ & $-0.14646$ & $-0.104638$ & $0.861297$ & $0.850551$ & $-0.452131$ & $-0.994968$ & $-0.241657$ & $0.111694$ & $0.673839$ & $0.596032$ & $0.587269$ & $0.252453$ & $0.0172202$ & $0.0212395$ & $1$ & $0.985128$ & $0.973118$ & $-0.0655116$ & $-0.216135$ & $0.0626374$ & $-0.659722$ & $0.244405$ & $0.397797$ & $0.0444803$ & $0.0782032$ & $0.0399287$ & $-0.115308$ & $0.0936175$ & $0.290221$ & $-0.00174407$ & $-0.0664012$ & $-0.0389248$ & $-0.0397364$ & $0.0197497$ & $-0.0345575$ & $-0.0451667$ & $0.0087608$ & $-0.0147116$ & $0.0455644$ & $0.00809144$ & $-0.0263214$ & $-0.00912149$ & $-0.0707341$ & $0.00634292$ \\
CHe_22 & $0.0315574$ & $-0.0412405$ & $0.0244149$ & $-0.00768441$ & $-0.0127749$ & $-0.147451$ & $-0.113483$ & $0.890993$ & $0.879958$ & $-0.469858$ & $-0.995119$ & $-0.251709$ & $0.117853$ & $0.637$ & $0.495931$ & $0.488839$ & $0.216963$ & $0.0156917$ & $0.0200455$ & $0.985128$ & $1$ & $0.986112$ & $-0.025412$ & $-0.292343$ & $0.0489504$ & $-0.667337$ & $0.357487$ & $0.395457$ & $0.0425163$ & $0.0791339$ & $0.0408121$ & $-0.125647$ & $0.0923171$ & $0.412106$ & $-0.000163829$ & $-0.062015$ & $-0.0410721$ & $-0.0381134$ & $0.01181$ & $-0.0311575$ & $-0.0441933$ & $0.00603361$ & $-0.00912833$ & $0.0449302$ & $0.00625092$ & $-0.0238908$ & $-0.00401691$ & $-0.0745053$ & $-0.00117933$ \\
CHe_33 & $0.0302819$ & $-0.0406147$ & $0.0226369$ & $-0.00331122$ & $-0.0114107$ & $-0.14296$ & $-0.112443$ & $0.880907$ & $0.869669$ & $-0.465801$ & $-0.983011$ & $-0.247563$ & $0.114051$ & $0.62846$ & $0.483807$ & $0.499686$ & $0.212803$ & $0.0191236$ & $0.0208537$ & $0.973118$ & $0.986112$ & $1$ & $-0.0204833$ & $-0.291657$ & $0.0493654$ & $-0.662967$ & $0.355655$ & $0.38804$ & $0.0366757$ & $0.0753887$ & $0.0416044$ & $-0.125465$ & $0.091642$ & $0.41478$ & $0.000289741$ & $-0.0613955$ & $-0.0417933$ & $-0.0358994$ & $0.0102231$ & $-0.0323636$ & $-0.0491551$ & $0.00898846$ & $-0.00914478$ & $0.0433554$ & $0.00492316$ & $-0.023028$ & $0.00203727$ & $-0.0711637$ & $-0.000261471$ \\
CHQ1_11 & $-0.0103076$ & $-0.0368306$ & $0.0133851$ & $-0.0184615$ & $-0.0154564$ & $0.00179344$ & $-0.0159435$ & $0.0203745$ & $0.0209968$ & $-0.0164878$ & $0.0473382$ & $0.0208372$ & $0.000121623$ & $-0.112874$ & $-0.179988$ & $-0.203908$ & $-0.103032$ & $-0.0329526$ & $-0.0130892$ & $-0.0655116$ & $-0.025412$ & $-0.0204833$ & $1$ & $-0.135378$ & $0.0420049$ & $-0.56943$ & $0.351829$ & $-0.0689735$ & $0.00788036$ & $-0.00537925$ & $-0.00901185$ & $-0.0243423$ & $-0.0102664$ & $0.17865$ & $0.00792258$ & $-0.0396016$ & $-0.00703242$ & $0.0153056$ & $0.00745063$ & $0.0174716$ & $0.019362$ & $0.0283344$ & $0.00232251$ & $-0.00737609$ & $-0.00516627$ & $0.0317467$ & $0.00766031$ & $0.0202392$ & $-0.0192231$ \\
CHQ1_33 & $-0.0386333$ & $-0.0154089$ & $-0.0127707$ & $-0.00993357$ & $-0.00207627$ & $-0.141292$ & $-0.0213869$ & $-0.647425$ & $-0.644448$ & $0.361115$ & $0.249798$ & $-0.0145952$ & $0.0325485$ & $0.402217$ & $0.04066$ & $0.0456861$ & $0.738219$ & $0.712428$ & $0.714183$ & $-0.216135$ & $-0.292343$ & $-0.291657$ & $-0.135378$ & $1$ & $0.731477$ & $0.205815$ & $-0.414335$ & $-0.0103286$ & $0.0178995$ & $0.027993$ & $0.018053$ & $-0.0283739$ & $0.0492831$ & $-0.625667$ & $-0.00166735$ & $-0.0136551$ & $-0.000384364$ & $0.00300252$ & $0.0347647$ & $0.0114666$ & $0.0179666$ & $0.026081$ & $0.00815411$ & $0.00906211$ & $0.00745846$ & $0.0259609$ & $-0.0421929$ & $0.0498773$ & $0.0372403$ \\
CHQ3_11 & $-0.0646026$ & $-0.0157693$ & $-0.0159724$ & $-0.0438719$ & $-0.0191297$ & $-0.222166$ & $-0.0888232$ & $-0.367206$ & $-0.368822$ & $0.220682$ & $-0.0594742$ & $-0.130484$ & $0.0824486$ & $0.588869$ & $-0.0773824$ & $-0.0627412$ & $0.85279$ & $0.863026$ & $0.863759$ & $0.0626374$ & $0.0489504$ & $0.0493654$ & $0.0420049$ & $0.731477$ & $1$ & $-0.0248034$ & $0.128408$ & $0.01754$ & $0.0388169$ & $0.0440834$ & $0.0336879$ & $-0.105621$ & $0.0709291$ & $-0.234943$ & $0.00787432$ & $-0.00912439$ & $-0.0198177$ & $0.00367911$ & $0.0291424$ & $0.00573837$ & $0.000185271$ & $0.0336609$ & $0.0297236$ & $0.0412338$ & $0.00297971$ & $0.0382741$ & $-0.0411754$ & $0.00573472$ & $0.0172221$ \\
CHu_11 & $-0.0497525$ & $0.0562491$ & $-0.0299015$ & $0.00935311$ & $0.0270886$ & $0.0983211$ & $0.0849581$ & $-0.601572$ & $-0.593348$ & $0.31793$ & $0.666348$ & $0.156477$ & $-0.0826856$ & $-0.421146$ & $-0.345422$ & $-0.326288$ & $-0.134019$ & $0.00593083$ & $-0.00790965$ & $-0.659722$ & $-0.667337$ & $-0.662967$ & $-0.56943$ & $0.205815$ & $-0.0248034$ & $1$ & $-0.219323$ & $-0.239436$ & $-0.040704$ & $-0.0570265$ & $-0.0236354$ & $0.100061$ & $-0.0698643$ & $-0.267246$ & $0.0143161$ & $0.0862274$ & $0.0244462$ & $0.0277961$ & $-0.0240246$ & $0.00819987$ & $0.0328016$ & $-0.0300726$ & $0.0202406$ & $-0.032616$ & $-0.00857443$ & $-0.00531214$ & $-0.0106576$ & $0.00488343$ & $-0.00376282$ \\
CHd_11 & $-0.0276004$ & $0.00391325$ & $-0.00698589$ & $-0.00450748$ & $-0.0264667$ & $-0.0594333$ & $-0.0602327$ & $0.423163$ & $0.419911$ & $-0.229698$ & $-0.296631$ & $-0.0885967$ & $0.0339744$ & $-0.0372744$ & $-0.293899$ & $-0.298082$ & $-0.149412$ & $-0.0501438$ & $-0.0422078$ & $0.244405$ & $0.357487$ & $0.355655$ & $0.351829$ & $-0.414335$ & $0.128408$ & $-0.219323$ & $1$ & $0.0920424$ & $0.00691899$ & $-0.000384296$ & $0.00467251$ & $-0.0671845$ & $-0.0100552$ & $0.68326$ & $0.0392676$ & $0.0223703$ & $-0.00974792$ & $0.0153647$ & $-0.0218837$ & $0.00289866$ & $0.00212928$ & $-0.00224113$ & $0.0415424$ & $0.0101719$ & $0.00512327$ & $0.0170252$ & $0.00308947$ & $-0.0688851$ & $-0.0460336$ \\
CHd_33 & $0.0277004$ & $-0.00404784$ & $-0.0075905$ & $0.0296949$ & $-0.00884439$ & $-0.0836934$ & $-0.0517094$ & $0.347287$ & $0.340284$ & $-0.160617$ & $-0.397785$ & $-0.103471$ & $0.0462124$ & $0.259875$ & $0.218238$ & $0.222601$ & $0.100402$ & $0.0118808$ & $0.00674297$ & $0.397797$ & $0.395457$ & $0.38804$ & $-0.0689735$ & $-0.0103286$ & $0.01754$ & $-0.239436$ & $0.0920424$ & $1$ & $0.0112543$ & $0.0368533$ & $0.0268026$ & $-0.0505615$ & $0.0448083$ & $0.141115$ & $0.0138184$ & $-0.00140427$ & $0.0202918$ & $-0.0218409$ & $0.000986298$ & $-0.023504$ & $0.00629182$ & $0.0185005$ & $-0.0215381$ & $-0.0130115$ & $-0.0217217$ & $-0.00195883$ & $-0.0209022$ & $-0.0176583$ & $-0.0118511$ \\
CeH_22r & $0.0410265$ & $-0.0445015$ & $0.0405724$ & $-0.00948946$ & $0.00457976$ & $0.0090053$ & $-0.123276$ & $0.0208697$ & $0.0273118$ & $-0.0548492$ & $-0.0437463$ & $-0.000479481$ & $0.161735$ & $0.0533689$ & $0.0166512$ & $0.0313166$ & $0.0432362$ & $0.0402005$ & $0.0268452$ & $0.0444803$ & $0.0425163$ & $0.0366757$ & $0.00788036$ & $0.0178995$ & $0.0388169$ & $-0.040704$ & $0.00691899$ & $0.0112543$ & $1$ & $0.132903$ & $0.0858191$ & $-0.130052$ & $0.152089$ & $0.00413565$ & $0.0116539$ & $-0.0368946$ & $-0.03624$ & $-0.0365372$ & $0.00874206$ & $0.0195713$ & $0.014378$ & $0.0274304$ & $-0.0109042$ & $-0.0309842$ & $0.016261$ & $-0.00300823$ & $-0.0323496$ & $0.0282327$ & $0.0251959$ \\
CeH_33r & $0.146477$ & $-0.0957574$ & $0.080055$ & $0.083295$ & $-0.0144443$ & $-0.0228429$ & $-0.577971$ & $0.0448776$ & $0.0622325$ & $-0.242839$ & $-0.0820735$ & $0.0621402$ & $0.714729$ & $0.0950565$ & $0.0434536$ & $0.0557609$ & $0.0724847$ & $0.0552664$ & $0.0488962$ & $0.0782032$ & $0.0791339$ & $0.0753887$ & $-0.00537925$ & $0.027993$ & $0.0440834$ & $-0.0570265$ & $-0.000384296$ & $0.0368533$ & $0.132903$ & $1$ & $0.491937$ & $-0.43496$ & $0.848416$ & $0.00244697$ & $0.0354718$ & $-0.12527$ & $-0.209145$ & $-0.009237$ & $-0.0246526$ & $-0.0325841$ & $0.0897993$ & $0.0273459$ & $-0.0746954$ & $-0.126045$ & $0.0794955$ & $-0.0177568$ & $-0.149656$ & $-0.0424933$ & $-0.041582$ \\
CuH_22r & $0.0265047$ & $-0.00791773$ & $0.0211245$ & $-0.000738392$ & $0.0256427$ & $-0.0276842$ & $-0.34955$ & $0.0202622$ & $0.0316979$ & $-0.147179$ & $-0.0418252$ & $0.0355764$ & $0.42103$ & $0.0602001$ & $0.00361248$ & $0.0299219$ & $0.0379258$ & $0.0458265$ & $0.0263983$ & $0.0399287$ & $0.0408121$ & $0.0416044$ & $-0.00901185$ & $0.018053$ & $0.0336879$ & $-0.0236354$ & $0.00467251$ & $0.0268026$ & $0.0858191$ & $0.491937$ & $1$ & $-0.244316$ & $0.547385$ & $0.0146674$ & $-0.000877291$ & $-0.0436097$ & $-0.0125202$ & $0.00384773$ & $0.0308461$ & $-0.0230761$ & $-0.0380591$ & $0.0336096$ & $-0.0809537$ & $-0.0133803$ & $0.00294252$ & $-0.00136356$ & $0.15861$ & $-0.00212973$ & $0.0136852$ \\
CuH_33r & $-0.0819877$ & $0.0992907$ & $-0.111856$ & $-0.0749323$ & $-0.00347248$ & $0.00722892$ & $0.951148$ & $-0.0707727$ & $-0.0532206$ & $0.236612$ & $0.124265$ & $0.0932145$ & $-0.684274$ & $-0.147028$ & $-0.025163$ & $-0.0353102$ & $-0.109412$ & $-0.101467$ & $-0.0984547$ & $-0.115308$ & $-0.125647$ & $-0.125465$ & $-0.0243423$ & $-0.0283739$ & $-0.105621$ & $0.100061$ & $-0.0671845$ & $-0.0505615$ & $-0.130052$ & $-0.43496$ & $-0.244316$ & $1$ & $-0.447709$ & $-0.0432109$ & $0.043044$ & $0.101142$ & $0.128274$ & $0.0049278$ & $0.0437013$ & $0.0127243$ & $-0.0705365$ & $-0.0213102$ & $0.0686515$ & $0.158265$ & $-0.0241406$ & $0.0549002$ & $0.0986041$ & $0.0471814$ & $0.0044057$ \\
CdH_33r & $0.138205$ & $-0.104974$ & $0.0979378$ & $0.0142025$ & $-0.00647806$ & $-0.0348956$ & $-0.611709$ & $0.0437773$ & $0.061834$ & $-0.266724$ & $-0.0971992$ & $0.0594088$ & $0.743352$ & $0.12181$ & $0.0597573$ & $0.0655439$ & $0.10669$ & $0.0784007$ & $0.0789241$ & $0.0936175$ & $0.0923171$ & $0.091642$ & $-0.0102664$ & $0.0492831$ & $0.0709291$ & $-0.0698643$ & $-0.0100552$ & $0.0448083$ & $0.152089$ & $0.848416$ & $0.547385$ & $-0.447709$ & $1$ & $-0.00996824$ & $-0.0343287$ & $-0.145847$ & $-0.190383$ & $-0.0051057$ & $-0.016318$ & $-0.0328866$ & $0.0640963$ & $0.0386994$ & $-0.0349001$ & $-0.119388$ & $0.0820005$ & $0.0282076$ & $-0.125521$ & $0.0552196$ & $0.16772$ \\
CLL_1221 & $-0.00614844$ & $0.0390433$ & $0.00135151$ & $0.0108976$ & $-0.00538846$ & $-0.0803729$ & $-0.0398037$ & $0.54473$ & $0.539966$ & $-0.299251$ & $-0.346079$ & $-0.0824537$ & $0.0251953$ & $-0.142508$ & $-0.47269$ & $-0.0375002$ & $-0.254378$ & $-0.0539068$ & $-0.351518$ & $0.290221$ & $0.412106$ & $0.41478$ & $0.17865$ & $-0.625667$ & $-0.234943$ & $-0.267246$ & $0.68326$ & $0.141115$ & $0.00413565$ & $0.00244697$ & $0.0146674$ & $-0.0432109$ & $-0.00996824$ & $1$ & $0.0216995$ & $0.0135518$ & $0.00132237$ & $-0.000392934$ & $-0.0272356$ & $-0.0153906$ & $-0.0190873$ & $-0.0141468$ & $0.0133621$ & $0.0190798$ & $-0.00604767$ & $-0.0114495$ & $0.0524153$ & $-0.0462279$ & $-0.0479979$ \\
eHggint & $-0.0404791$ & $0.268684$ & $-0.117705$ & $0.371244$ & $0.00868755$ & $-0.0225251$ & $-0.0200341$ & $-0.00146071$ & $-0.00850319$ & $0.00389633$ & $0.00488218$ & $0.0925869$ & $0.113934$ & $-0.0182191$ & $-0.0101194$ & $-0.0104691$ & $-0.00523521$ & $-0.00697312$ & $-0.00773959$ & $-0.00174407$ & $-0.000163829$ & $0.000289741$ & $0.00792258$ & $-0.00166735$ & $0.00787432$ & $0.0143161$ & $0.0392676$ & $0.0138184$ & $0.0116539$ & $0.0354718$ & $-0.000877291$ & $0.043044$ & $-0.0343287$ & $0.0216995$ & $1$ & $0.0499199$ & $0.0854487$ & $0.00740838$ & $-0.0691568$ & $-0.0993055$ & $0.0849299$ & $-0.0109683$ & $-0.0497046$ & $0.149294$ & $0.0172646$ & $0.196077$ & $-0.169239$ & $-0.0716164$ & $-0.386769$ \\
eHggpar & $-0.158086$ & $0.302978$ & $-0.253489$ & $-0.225775$ & $-0.0218212$ & $0.0156586$ & $0.0817677$ & $-0.0458731$ & $-0.0448169$ & $0.0917215$ & $0.0682932$ & $0.0406744$ & $-0.104307$ & $-0.0853852$ & $-0.0354004$ & $-0.0485688$ & $-0.0303266$ & $-0.0356127$ & $-0.0251608$ & $-0.0664012$ & $-0.062015$ & $-0.0613955$ & $-0.0396016$ & $-0.0136551$ & $-0.00912439$ & $0.0862274$ & $0.0223703$ & $-0.00140427$ & $-0.0368946$ & $-0.12527$ & $-0.0436097$ & $0.101142$ & $-0.145847$ & $0.0135518$ & $0.0499199$ & $1$ & $0.212382$ & $0.0249544$ & $-0.0496181$ & $0.00178574$ & $-0.236363$ & $-0.00231629$ & $0.101626$ & $0.0668413$ & $-0.118483$ & $-0.109745$ & $0.0820369$ & $0.0180567$ & $-0.181659$ \\
eHWWint & $-0.244855$ & $0.230991$ & $-0.0318943$ & $-0.109923$ & $0.017799$ & $-0.00320682$ & $0.139908$ & $-0.0248401$ & $-0.0333597$ & $0.0837491$ & $0.0447685$ & $0.125584$ & $-0.152828$ & $-0.0527182$ & $-0.0132705$ & $-0.00990109$ & $-0.0387717$ & $-0.0340783$ & $-0.0423296$ & $-0.0389248$ & $-0.0410721$ & $-0.0417933$ & $-0.00703242$ & $-0.000384364$ & $-0.0198177$ & $0.0244462$ & $-0.00974792$ & $0.0202918$ & $-0.03624$ & $-0.209145$ & $-0.0125202$ & $0.128274$ & $-0.190383$ & $0.00132237$ & $0.0854487$ & $0.212382$ & $1$ & $-0.0302757$ & $0.24164$ & $0.0430462$ & $0.15918$ & $-0.00554725$ & $-0.0661108$ & $0.239372$ & $-0.0640488$ & $0.0119798$ & $0.448252$ & $0.195106$ & $0.0655949$ \\
eHWWpar & $-0.0173188$ & $-0.00884731$ & $-0.0523968$ & $-0.0328364$ & $-0.00636911$ & $0.0127159$ & $-0.0051932$ & $-0.0290512$ & $-0.0296582$ & $0.0430798$ & $0.0384593$ & $0.0550801$ & $0.00462227$ & $-0.027288$ & $-0.0334324$ & $-0.0164533$ & $-0.0200825$ & $-0.00200631$ & $-0.011651$ & $-0.0397364$ & $-0.0381134$ & $-0.0358994$ & $0.0153056$ & $0.00300252$ & $0.00367911$ & $0.0277961$ & $0.0153647$ & $-0.0218409$ & $-0.0365372$ & $-0.009237$ & $0.00384773$ & $0.0049278$ & $-0.0051057$ & $-0.000392934$ & $0.00740838$ & $0.0249544$ & $-0.0302757$ & $1$ & $0.0532561$ & $-0.0138184$ & $-0.0383153$ & $0.0115313$ & $-0.034528$ & $0.00606167$ & $-0.0179996$ & $-0.0970068$ & $0.0190504$ & $-0.0412012$ & $-0.047797$ \\
eHZZint & $-0.070995$ & $-0.16833$ & $0.0175547$ & $-0.191659$ & $0.0586084$ & $-0.00910011$ & $0.0425142$ & $0.00229014$ & $0.00126593$ & $0.0186064$ & $-0.0177028$ & $0.00398968$ & $-0.0329485$ & $0.0301117$ & $0.0307537$ & $0.0439642$ & $0.0338861$ & $0.0199949$ & $0.00891967$ & $0.0197497$ & $0.01181$ & $0.0102231$ & $0.00745063$ & $0.0347647$ & $0.0291424$ & $-0.0240246$ & $-0.0218837$ & $0.000986298$ & $0.00874206$ & $-0.0246526$ & $0.0308461$ & $0.0437013$ & $-0.016318$ & $-0.0272356$ & $-0.0691568$ & $-0.0496181$ & $0.24164$ & $0.0532561$ & $1$ & $-0.0102711$ & $-0.113456$ & $-0.0146434$ & $0.0290976$ & $0.197831$ & $0.259742$ & $-0.202456$ & $0.292656$ & $-0.0499704$ & $0.122924$ \\
eHZZpar & $0.00340689$ & $-0.0270771$ & $-0.00942516$ & $-0.0187332$ & $-0.056837$ & $0.00720469$ & $0.0308083$ & $-0.0298368$ & $-0.0299599$ & $0.00900767$ & $0.0328048$ & $-0.00900853$ & $-0.0429679$ & $-0.0222882$ & $-0.0162787$ & $-0.0385229$ & $-0.00273922$ & $-0.00223628$ & $0.0183945$ & $-0.0345575$ & $-0.0311575$ & $-0.0323636$ & $0.0174716$ & $0.0114666$ & $0.00573837$ & $0.00819987$ & $0.00289866$ & $-0.023504$ & $0.0195713$ & $-0.0325841$ & $-0.0230761$ & $0.0127243$ & $-0.0328866$ & $-0.0153906$ & $-0.0993055$ & $0.00178574$ & $0.0430462$ & $-0.0138184$ & $-0.0102711$ & $1$ & $0.0247863$ & $-0.0183088$ & $0.0241342$ & $-0.0577143$ & $0.07348$ & $-0.00134602$ & $-0.0368964$ & $0.042768$ & $0.0903061$ \\
eHZgaint & $-0.0508327$ & $-0.0721357$ & $0.235913$ & $0.239877$ & $-0.0033069$ & $0.0298837$ & $-0.0730881$ & $-0.0357273$ & $-0.0402346$ & $-0.0353202$ & $0.0453116$ & $-0.0694857$ & $0.092149$ & $-0.0270445$ & $-0.0285141$ & $-0.0269486$ & $-0.0222016$ & $-0.00445032$ & $-0.00732837$ & $-0.0451667$ & $-0.0441933$ & $-0.0491551$ & $0.019362$ & $0.0179666$ & $0.000185271$ & $0.0328016$ & $0.00212928$ & $0.00629182$ & $0.014378$ & $0.0897993$ & $-0.0380591$ & $-0.0705365$ & $0.0640963$ & $-0.0190873$ & $0.0849299$ & $-0.236363$ & $0.15918$ & $-0.0383153$ & $-0.113456$ & $0.0247863$ & $1$ & $-0.0579308$ & $-0.128523$ & $-0.127859$ & $0.125467$ & $-0.084176$ & $-0.267937$ & $0.0189019$ & $-0.0560959$ \\
eHZgapar & $-0.0141866$ & $0.000356622$ & $0.00284216$ & $-0.0073222$ & $-0.0118186$ & $0.000897735$ & $-0.0246341$ & $-0.00937257$ & $-0.00748372$ & $0.0240679$ & $-0.00762333$ & $-0.00864789$ & $0.0412452$ & $0.0262239$ & $0.00550854$ & $-0.000351654$ & $0.0303797$ & $0.0292146$ & $0.0381349$ & $0.0087608$ & $0.00603361$ & $0.00898846$ & $0.0283344$ & $0.026081$ & $0.0336609$ & $-0.0300726$ & $-0.00224113$ & $0.0185005$ & $0.0274304$ & $0.0273459$ & $0.0336096$ & $-0.0213102$ & $0.0386994$ & $-0.0141468$ & $-0.0109683$ & $-0.00231629$ & $-0.00554725$ & $0.0115313$ & $-0.0146434$ & $-0.0183088$ & $-0.0579308$ & $1$ & $0.000882962$ & $-9.92207e-05$ & $-0.0489759$ & $0.00462838$ & $0.0381936$ & $-0.00412754$ & $-0.0142992$ \\
eHgagaint & $-0.246191$ & $-0.0859386$ & $0.11376$ & $-0.155667$ & $0.0219571$ & $-0.0388134$ & $0.0688113$ & $-0.00727714$ & $0.0274437$ & $0.032716$ & $0.0127291$ & $-0.00615457$ & $-0.0829692$ & $-0.0210147$ & $-0.020345$ & $-0.0445495$ & $0.00715842$ & $0.00147609$ & $0.0186027$ & $-0.0147116$ & $-0.00912833$ & $-0.00914478$ & $0.00232251$ & $0.00815411$ & $0.0297236$ & $0.0202406$ & $0.0415424$ & $-0.0215381$ & $-0.0109042$ & $-0.0746954$ & $-0.0809537$ & $0.0686515$ & $-0.0349001$ & $0.0133621$ & $-0.0497046$ & $0.101626$ & $-0.0661108$ & $-0.034528$ & $0.0290976$ & $0.0241342$ & $-0.128523$ & $0.000882962$ & $1$ & $0.200977$ & $0.0742143$ & $0.1453$ & $-0.115475$ & $-0.103658$ & $0.196049$ \\
eHmumuint & $-0.145185$ & $0.206086$ & $-0.0370945$ & $-0.295207$ & $0.0634321$ & $-0.0457213$ & $0.153794$ & $0.0211918$ & $0.0277946$ & $0.0240894$ & $-0.0422845$ & $0.0371799$ & $-0.138626$ & $0.0416769$ & $0.0180276$ & $0.022602$ & $0.0471865$ & $0.0311028$ & $0.025052$ & $0.0455644$ & $0.0449302$ & $0.0433554$ & $-0.00737609$ & $0.00906211$ & $0.0412338$ & $-0.032616$ & $0.0101719$ & $-0.0130115$ & $-0.0309842$ & $-0.126045$ & $-0.0133803$ & $0.158265$ & $-0.119388$ & $0.0190798$ & $0.149294$ & $0.0668413$ & $0.239372$ & $0.00606167$ & $0.197831$ & $-0.0577143$ & $-0.127859$ & $-9.92207e-05$ & $0.200977$ & $1$ & $0.0563512$ & $-0.01466$ & $0.250386$ & $-0.118657$ & $0.0790252$ \\
eHtautauint & $0.119738$ & $-0.200127$ & $-0.0202488$ & $0.0813762$ & $0.0418399$ & $0.0123893$ & $-0.0270638$ & $0.00857218$ & $0.0112573$ & $-0.0308541$ & $-0.0103644$ & $-0.0671234$ & $0.0611303$ & $0.015559$ & $0.00295287$ & $0.0269256$ & $-0.000432366$ & $0.00715417$ & $-0.00945771$ & $0.00809144$ & $0.00625092$ & $0.00492316$ & $-0.00516627$ & $0.00745846$ & $0.00297971$ & $-0.00857443$ & $0.00512327$ & $-0.0217217$ & $0.016261$ & $0.0794955$ & $0.00294252$ & $-0.0241406$ & $0.0820005$ & $-0.00604767$ & $0.0172646$ & $-0.118483$ & $-0.0640488$ & $-0.0179996$ & $0.259742$ & $0.07348$ & $0.125467$ & $-0.0489759$ & $0.0742143$ & $0.0563512$ & $1$ & $0.0319702$ & $-0.0648319$ & $0.160333$ & $0.126223$ \\
eHccint & $-0.114129$ & $0.0398521$ & $-0.226034$ & $-0.0504141$ & $0.00373409$ & $-0.00719292$ & $0.055681$ & $-0.0315674$ & $-0.0283171$ & $0.0239436$ & $0.0250643$ & $0.0100967$ & $-0.0180119$ & $-0.00109145$ & $-0.0185241$ & $-0.0342717$ & $0.0125652$ & $0.0186453$ & $0.0325219$ & $-0.0263214$ & $-0.0238908$ & $-0.023028$ & $0.0317467$ & $0.0259609$ & $0.0382741$ & $-0.00531214$ & $0.0170252$ & $-0.00195883$ & $-0.00300823$ & $-0.0177568$ & $-0.00136356$ & $0.0549002$ & $0.0282076$ & $-0.0114495$ & $0.196077$ & $-0.109745$ & $0.0119798$ & $-0.0970068$ & $-0.202456$ & $-0.00134602$ & $-0.084176$ & $0.00462838$ & $0.1453$ & $-0.01466$ & $0.0319702$ & $1$ & $-0.08126$ & $0.340115$ & $0.143448$ \\
eHccpar & $-0.166426$ & $0.195992$ & $-0.0845587$ & $-0.222207$ & $0.050313$ & $-0.00743974$ & $0.114915$ & $0.0123209$ & $0.00579686$ & $0.0616441$ & $0.00933603$ & $0.116171$ & $-0.146271$ & $-0.0286079$ & $-0.0380269$ & $-0.022908$ & $-0.0432731$ & $-0.0198722$ & $-0.0343441$ & $-0.00912149$ & $-0.00401691$ & $0.00203727$ & $0.00766031$ & $-0.0421929$ & $-0.0411754$ & $-0.0106576$ & $0.00308947$ & $-0.0209022$ & $-0.0323496$ & $-0.149656$ & $0.15861$ & $0.0986041$ & $-0.125521$ & $0.0524153$ & $-0.169239$ & $0.0820369$ & $0.448252$ & $0.0190504$ & $0.292656$ & $-0.0368964$ & $-0.267937$ & $0.0381936$ & $-0.115475$ & $0.250386$ & $-0.0648319$ & $-0.08126$ & $1$ & $0.0647149$ & $0.11308$ \\
eHbbint & $0.00886861$ & $0.0961043$ & $-0.119556$ & $-0.0770412$ & $-0.0492595$ & $-0.000907513$ & $0.0538693$ & $-0.0802997$ & $-0.0872331$ & $0.0773878$ & $0.0718715$ & $0.0468841$ & $-0.0669731$ & $-0.0349821$ & $-0.0193361$ & $-0.0109999$ & $0.0164176$ & $0.0182697$ & $0.0128154$ & $-0.0707341$ & $-0.0745053$ & $-0.0711637$ & $0.0202392$ & $0.0498773$ & $0.00573472$ & $0.00488343$ & $-0.0688851$ & $-0.0176583$ & $0.0282327$ & $-0.0424933$ & $-0.00212973$ & $0.0471814$ & $0.0552196$ & $-0.0462279$ & $-0.0716164$ & $0.0180567$ & $0.195106$ & $-0.0412012$ & $-0.0499704$ & $0.042768$ & $0.0189019$ & $-0.00412754$ & $-0.103658$ & $-0.118657$ & $0.160333$ & $0.340115$ & $0.0647149$ & $1$ & $0.220502$ \\
eHbbpar & $0.012892$ & $-0.139311$ & $0.0662373$ & $-0.284669$ & $0.0429601$ & $-0.00783952$ & $0.0272596$ & $-0.0125418$ & $-0.0113212$ & $-0.00520258$ & $-0.00512392$ & $-0.0363647$ & $-0.0717299$ & $0.0203729$ & $0.0392461$ & $0.0204533$ & $0.0381048$ & $0.0140316$ & $0.026928$ & $0.00634292$ & $-0.00117933$ & $-0.000261471$ & $-0.0192231$ & $0.0372403$ & $0.0172221$ & $-0.00376282$ & $-0.0460336$ & $-0.0118511$ & $0.0251959$ & $-0.041582$ & $0.0136852$ & $0.0044057$ & $0.16772$ & $-0.0479979$ & $-0.386769$ & $-0.181659$ & $0.0655949$ & $-0.047797$ & $0.122924$ & $0.0903061$ & $-0.0560959$ & $-0.0142992$ & $0.196049$ & $0.0790252$ & $0.126223$ & $0.143448$ & $0.11308$ & $0.220502$ & $1$ \\
