 & AlsMz & dAle5Mz & mtop & mHl & Mz & CW & CHG & CHWB & CHWHB_gaga & CHWHB_gagaorth & CHD & CHbox & CH & CHL1_11 & CHL1_22 & CHL1_33 & CHL3_11 & CHL3_22 & CHL3_33 & CHe_11 & CHe_22 & CHe_33 & CHQ1_11 & CHQ1_33 & CHQ3_11 & CHu_11 & CHd_11 & CHd_33 & CeH_22r & CeH_33r & CuH_22r & CuH_33r & CdH_33r & CLL_1221 & eHggint & eHggpar & eHWWint & eHWWpar & eHZZint & eHZZpar & eHZgaint & eHZgapar & eHgagaint & eHmumuint & eHtautauint & eHccint & eHccpar & eHbbint & eHbbpar \\
AlsMz & $1$ & $0.0558821$ & $0.0287481$ & $0.0252646$ & $0.0144562$ & $0.00878529$ & $0.0157335$ & $-0.0118804$ & $-0.0185483$ & $-0.00887013$ & $0.00627042$ & $0.000913369$ & $-0.0127941$ & $-0.00972014$ & $-0.00568272$ & $0.00319968$ & $-0.00790158$ & $-0.00205547$ & $-0.00716943$ & $-0.0131797$ & $-0.0139131$ & $-0.0113812$ & $-0.00834098$ & $-0.060397$ & $-0.13071$ & $-0.0312522$ & $-0.0487401$ & $0.0113412$ & $0.00207723$ & $0.0200613$ & $0.00510775$ & $0.00703335$ & $-0.0185597$ & $-0.0034$ & $-0.0956463$ & $-0.0248359$ & $-0.101534$ & $0.0031668$ & $-0.0670295$ & $-0.00213624$ & $0.00552961$ & $-0.0190748$ & $-0.128633$ & $0.0177261$ & $-0.0148381$ & $-0.0841069$ & $-0.00122574$ & $0.00182211$ & $-0.0896895$ \\
dAle5Mz & $0.0558821$ & $1$ & $-0.0184223$ & $-0.0760832$ & $0.0125888$ & $0.0188384$ & $0.012608$ & $-0.0854739$ & $-0.0832491$ & $0.0356629$ & $0.0666708$ & $0.0314294$ & $-0.00511505$ & $-0.0236087$ & $-0.0229703$ & $-0.0199758$ & $0.0219633$ & $0.0216155$ & $0.0192214$ & $-0.0433864$ & $-0.0421041$ & $-0.0407859$ & $-0.00634391$ & $0.0256807$ & $0.0169552$ & $0.0345036$ & $-0.00619717$ & $-0.00565678$ & $0.00728731$ & $0.00207117$ & $-0.05941$ & $0.0150634$ & $-0.031424$ & $0.0148511$ & $0.00513518$ & $0.0552544$ & $-0.0323329$ & $-0.0191465$ & $-0.0620721$ & $-0.00692137$ & $0.0720477$ & $-0.00882519$ & $-0.0117471$ & $0.0171435$ & $0.100653$ & $-0.0168614$ & $-0.136525$ & $0.00940949$ & $-0.069381$ \\
mtop & $0.0287481$ & $-0.0184223$ & $1$ & $0.191245$ & $-0.00434073$ & $0.000853128$ & $-0.0126023$ & $0.0151931$ & $0.026826$ & $-0.0111768$ & $-0.00284309$ & $-0.0151103$ & $0.00631415$ & $-0.00118471$ & $0.00838483$ & $-0.00484354$ & $-0.0109855$ & $-0.0150531$ & $-0.00534514$ & $0.00892451$ & $0.0104441$ & $0.00921636$ & $-0.0104471$ & $-0.0135713$ & $-0.0140371$ & $0.00364195$ & $0.00493309$ & $0.00587676$ & $-0.0122988$ & $0.0242876$ & $0.0185375$ & $-0.0251597$ & $0.0325704$ & $0.00492578$ & $-0.0940853$ & $-0.106907$ & $-0.0449046$ & $-0.0147606$ & $-0.0810259$ & $0.0135792$ & $-0.116981$ & $0.0130476$ & $0.149931$ & $0.0153842$ & $0.0749579$ & $-0.0171847$ & $0.0455705$ & $-0.0543233$ & $0.0558931$ \\
mHl & $0.0252646$ & $-0.0760832$ & $0.191245$ & $1$ & $0.00502509$ & $0.00432484$ & $-0.00628685$ & $0.00966491$ & $0.0076726$ & $-0.00102974$ & $-0.00948978$ & $0.00646567$ & $-0.00711805$ & $0.0113972$ & $0.00677048$ & $-0.00109891$ & $-0.000820059$ & $-0.000246516$ & $0.00401206$ & $0.0092225$ & $0.00868454$ & $0.00846155$ & $0.00097241$ & $-0.00429109$ & $-0.00645555$ & $-0.0110096$ & $-0.00771609$ & $-0.000571354$ & $-0.000875458$ & $0.0225641$ & $0.00495011$ & $-0.00659274$ & $0.0911275$ & $-0.00440661$ & $-0.0402127$ & $0.00175352$ & $-0.0334204$ & $0.0161092$ & $-0.0200273$ & $0.00947479$ & $-0.00368769$ & $0.0106404$ & $-0.0226211$ & $-0.128379$ & $0.0555236$ & $-0.0905442$ & $0.0207556$ & $0.140972$ & $0.134879$ \\
Mz & $0.0144562$ & $0.0125888$ & $-0.00434073$ & $0.00502509$ & $1$ & $-0.00141085$ & $0.00719314$ & $-0.00537377$ & $-0.00465287$ & $-0.00238151$ & $0.0110112$ & $-0.00201746$ & $-0.00112293$ & $0.00139229$ & $0.00123361$ & $0.00116707$ & $0.00263553$ & $0.00104645$ & $0.00110374$ & $-0.00303141$ & $-0.00230952$ & $-0.00446673$ & $-0.00242147$ & $0.00502347$ & $-0.001191$ & $0.00365918$ & $-0.00352865$ & $0.00071364$ & $0.00065177$ & $0.00312509$ & $-1.17195e-05$ & $0.00883435$ & $0.00464269$ & $-0.0060886$ & $-0.00369606$ & $-0.00908155$ & $-0.00320684$ & $-0.00296752$ & $-0.00557398$ & $0.00671496$ & $0.00333289$ & $0.00149289$ & $-0.0009563$ & $0.00835592$ & $0.00892224$ & $-0.00162605$ & $2.30283e-05$ & $0.0123483$ & $0.000701258$ \\
CW & $0.00878529$ & $0.0188384$ & $0.000853128$ & $0.00432484$ & $-0.00141085$ & $1$ & $0.00962362$ & $-0.121198$ & $-0.11555$ & $0.0119991$ & $0.183255$ & $0.0586259$ & $0.00683373$ & $0.0108344$ & $-0.0826248$ & $-0.0888185$ & $-0.259228$ & $-0.0540637$ & $-0.0489896$ & $-0.181797$ & $-0.185258$ & $-0.181313$ & $-0.0157327$ & $-0.00451038$ & $-0.0873267$ & $0.109429$ & $-0.0689826$ & $-0.0633613$ & $0.0101763$ & $0.0108081$ & $-0.00107634$ & $0.014269$ & $0.0119023$ & $-0.113775$ & $-0.00425042$ & $0.00269516$ & $-0.0198501$ & $0.00909386$ & $0.0185173$ & $-0.0105766$ & $0.0166508$ & $0.00438259$ & $0.00333793$ & $-0.000587288$ & $-0.00303332$ & $-0.00580115$ & $-0.000381508$ & $0.00635987$ & $-0.0121539$ \\
CHG & $0.0157335$ & $0.012608$ & $-0.0126023$ & $-0.00628685$ & $0.00719314$ & $0.00962362$ & $1$ & $-0.110466$ & $-0.0614151$ & $0.072959$ & $0.0634837$ & $0.0773315$ & $-0.303854$ & $0.0596157$ & $-0.0265556$ & $-0.0346615$ & $0.0945865$ & $0.106131$ & $0.109283$ & $-0.0626716$ & $-0.0661252$ & $-0.0657718$ & $-0.00973814$ & $0.114162$ & $0.101843$ & $0.0354244$ & $-0.0417611$ & $-0.0252446$ & $0.00234617$ & $-0.128251$ & $-0.0777501$ & $0.934654$ & $-0.160108$ & $-0.0671089$ & $-0.0274874$ & $-0.00511734$ & $0.0151154$ & $0.00973269$ & $-0.000462511$ & $1.01126e-05$ & $-0.00581929$ & $-0.0106849$ & $-0.0178514$ & $0.00631239$ & $-0.00451072$ & $-0.0343052$ & $0.00416038$ & $0.00193772$ & $-0.00746677$ \\
CHWB & $-0.0118804$ & $-0.0854739$ & $0.0151931$ & $0.00966491$ & $-0.00537377$ & $-0.121198$ & $-0.110466$ & $1$ & $0.983558$ & $-0.574084$ & $-0.880685$ & $-0.364913$ & $0.351782$ & $0.0960755$ & $0.301451$ & $0.303657$ & $-0.242194$ & $-0.437523$ & $-0.43873$ & $0.852422$ & $0.896856$ & $0.879306$ & $0.0661297$ & $-0.677915$ & $-0.399716$ & $-0.512378$ & $0.434431$ & $0.284027$ & $0.013014$ & $0.112639$ & $0.0568881$ & $-0.104802$ & $0.11294$ & $0.569046$ & $-0.00672202$ & $-0.0136546$ & $0.0173804$ & $-0.00371782$ & $0.0252577$ & $-0.00115915$ & $-0.00172791$ & $0.00518424$ & $-0.0198593$ & $0.00669176$ & $-0.0131711$ & $-0.00355893$ & $0.0132542$ & $-0.0122302$ & $-0.00601497$ \\
CHWHB_gaga & $-0.0185483$ & $-0.0832491$ & $0.026826$ & $0.0076726$ & $-0.00465287$ & $-0.11555$ & $-0.0614151$ & $0.983558$ & $1$ & $-0.565878$ & $-0.862048$ & $-0.342662$ & $0.347639$ & $0.0868677$ & $0.29624$ & $0.297767$ & $-0.24718$ & $-0.437655$ & $-0.438449$ & $0.834732$ & $0.878157$ & $0.861177$ & $0.0641535$ & $-0.670857$ & $-0.399272$ & $-0.500738$ & $0.426901$ & $0.278448$ & $0.0198623$ & $0.132855$ & $0.066929$ & $-0.0650492$ & $0.135408$ & $0.559317$ & $-0.0206589$ & $-0.0244905$ & $0.00726769$ & $-0.00511739$ & $0.0241956$ & $-0.00228932$ & $0.00125954$ & $0.00491636$ & $0.0451787$ & $0.00379255$ & $-0.0144362$ & $0.000702902$ & $0.0113754$ & $-0.016283$ & $-0.00353283$ \\
CHWHB_gagaorth & $-0.00887013$ & $0.0356629$ & $-0.0111768$ & $-0.00102974$ & $-0.00238151$ & $0.0119991$ & $0.072959$ & $-0.574084$ & $-0.565878$ & $1$ & $0.36074$ & $0.681929$ & $-0.253531$ & $0.231151$ & $-0.127473$ & $-0.137834$ & $0.433966$ & $0.491273$ & $0.49597$ & $-0.348045$ & $-0.376173$ & $-0.369753$ & $-0.041983$ & $0.562016$ & $0.48027$ & $0.208302$ & $-0.239211$ & $-0.105871$ & $-0.0053192$ & $-0.150175$ & $-0.0719618$ & $0.0874565$ & $-0.147865$ & $-0.356097$ & $0.0560967$ & $0.0231284$ & $0.00633354$ & $0.00997514$ & $-0.0298998$ & $0.000690832$ & $-0.0371734$ & $-6.67395e-05$ & $0.00907539$ & $-0.0166226$ & $-0.00255873$ & $-0.00756649$ & $-0.0185986$ & $0.00571518$ & $0.0128031$ \\
CHD & $0.00627042$ & $0.0666708$ & $-0.00284309$ & $-0.00948978$ & $0.0110112$ & $0.183255$ & $0.0634837$ & $-0.880685$ & $-0.862048$ & $0.36074$ & $1$ & $0.343557$ & $-0.173788$ & $-0.509589$ & $-0.423998$ & $-0.41821$ & $-0.211978$ & $0.0716486$ & $0.0724591$ & $-0.990433$ & $-0.99131$ & $-0.970772$ & $-0.0148176$ & $0.316689$ & $0.0199027$ & $0.570505$ & $-0.307153$ & $-0.324847$ & $-0.0034892$ & $-0.0571658$ & $-0.0366959$ & $0.0693254$ & $-0.0614551$ & $-0.375106$ & $0.00647747$ & $0.0141506$ & $-0.0153335$ & $0.0037639$ & $-0.0209951$ & $0.00302296$ & $0.00871378$ & $-0.0042581$ & $0.0237057$ & $-0.00415932$ & $0.0126169$ & $-0.00392275$ & $-0.00708205$ & $0.00577169$ & $-0.001542$ \\
CHbox & $0.000913369$ & $0.0314294$ & $-0.0151103$ & $0.00646567$ & $-0.00201746$ & $0.0586259$ & $0.0773315$ & $-0.364913$ & $-0.342662$ & $0.681929$ & $0.343557$ & $1$ & $-0.266586$ & $-0.0896712$ & $-0.0680708$ & $-0.0737427$ & $0.0313099$ & $0.0918847$ & $0.0955756$ & $-0.322203$ & $-0.355546$ & $-0.34782$ & $-0.0347528$ & $0.232158$ & $0.086798$ & $0.20071$ & $-0.200385$ & $-0.107532$ & $0.0129735$ & $0.0953267$ & $-0.00941765$ & $0.139737$ & $0.112108$ & $-0.246236$ & $0.0771264$ & $0.0483558$ & $-0.0145913$ & $0.00742693$ & $-0.0317606$ & $0.00511354$ & $-0.0233698$ & $-0.00185002$ & $-0.00527487$ & $-0.0189372$ & $0.0131123$ & $-0.0254901$ & $-0.00902566$ & $0.00783178$ & $-0.00274531$ \\
CH & $-0.0127941$ & $-0.00511505$ & $0.00631415$ & $-0.00711805$ & $-0.00112293$ & $0.00683373$ & $-0.303854$ & $0.351782$ & $0.347639$ & $-0.253531$ & $-0.173788$ & $-0.266586$ & $1$ & $-0.240848$ & $0.0722617$ & $0.0826303$ & $-0.363156$ & $-0.385204$ & $-0.388943$ & $0.17014$ & $0.184435$ & $0.183177$ & $0.0322397$ & $-0.395169$ & $-0.373911$ & $-0.102634$ & $0.142616$ & $0.0527786$ & $0.0549709$ & $0.275447$ & $0.116745$ & $-0.248075$ & $0.325338$ & $0.22154$ & $0.0367915$ & $0.0198145$ & $0.0162367$ & $-0.00737556$ & $0.00735715$ & $-0.00574799$ & $0.0115665$ & $-0.00144131$ & $0.0045119$ & $-0.000581889$ & $-0.00250702$ & $-0.0070829$ & $4.05864e-05$ & $-0.00581177$ & $-0.00736044$ \\
CHL1_11 & $-0.00972014$ & $-0.0236087$ & $-0.00118471$ & $0.0113972$ & $0.00139229$ & $0.0108344$ & $0.0596157$ & $0.0960755$ & $0.0868677$ & $0.231151$ & $-0.509589$ & $-0.0896712$ & $-0.240848$ & $1$ & $0.273432$ & $0.255254$ & $0.666766$ & $0.599601$ & $0.60206$ & $0.527035$ & $0.471656$ & $0.458357$ & $-0.0723806$ & $0.467618$ & $0.606744$ & $-0.276512$ & $-0.0873801$ & $0.168517$ & $-0.0118876$ & $-0.0730879$ & $-0.0219478$ & $0.0385691$ & $-0.0583656$ & $-0.212324$ & $-0.00380423$ & $-0.012711$ & $0.0031933$ & $0.00357128$ & $0.00558555$ & $-0.00902502$ & $-0.0122867$ & $0.0011223$ & $-0.00674516$ & $-0.00460791$ & $-0.0122957$ & $0.0120195$ & $-0.00270667$ & $0.0102971$ & $0.0239062$ \\
CHL1_22 & $-0.00568272$ & $-0.0229703$ & $0.00838483$ & $0.00677048$ & $0.00123361$ & $-0.0826248$ & $-0.0265556$ & $0.301451$ & $0.29624$ & $-0.127473$ & $-0.423998$ & $-0.0680708$ & $0.0722617$ & $0.273432$ & $1$ & $0.447882$ & $0.163533$ & $-0.444074$ & $-0.0330389$ & $0.489153$ & $0.341487$ & $0.333227$ & $-0.164317$ & $0.0975445$ & $-0.127996$ & $-0.203568$ & $-0.38631$ & $0.114333$ & $-0.000917877$ & $0.0255917$ & $0.0261718$ & $-0.0231183$ & $0.0326837$ & $-0.582324$ & $-0.000413747$ & $-0.00481166$ & $-0.000929161$ & $-0.00309347$ & $0.00229633$ & $0.000764881$ & $0.00120663$ & $-0.00118922$ & $0.00841171$ & $-0.00831011$ & $0.000205727$ & $-0.00197015$ & $-0.000727189$ & $0.0119744$ & $-0.0105187$ \\
CHL1_33 & $0.00319968$ & $-0.0199758$ & $-0.00484354$ & $-0.00109891$ & $0.00116707$ & $-0.0888185$ & $-0.0346615$ & $0.303657$ & $0.297767$ & $-0.137834$ & $-0.41821$ & $-0.0737427$ & $0.0826303$ & $0.255254$ & $0.447882$ & $1$ & $0.151301$ & $-0.0390827$ & $-0.439687$ & $0.481932$ & $0.339163$ & $0.356311$ & $-0.166531$ & $0.090149$ & $-0.13437$ & $-0.198328$ & $-0.371208$ & $0.11684$ & $0.00346032$ & $0.0375214$ & $0.0295842$ & $-0.0269236$ & $0.043879$ & $-0.0886733$ & $0.00526662$ & $0.00744549$ & $-0.00649769$ & $-0.0108181$ & $-0.00055643$ & $-0.00559286$ & $-0.00292595$ & $-0.007228$ & $-0.00190765$ & $-0.0162491$ & $0.00109668$ & $0.000424827$ & $-0.00546656$ & $0.0135092$ & $-0.00975911$ \\
CHL3_11 & $-0.00790158$ & $0.0219633$ & $-0.0109855$ & $-0.000820059$ & $0.00263553$ & $-0.259228$ & $0.0945865$ & $-0.242194$ & $-0.24718$ & $0.433966$ & $-0.211978$ & $0.0313099$ & $-0.363156$ & $0.666766$ & $0.163533$ & $0.151301$ & $1$ & $0.741109$ & $0.740761$ & $0.234238$ & $0.181103$ & $0.175582$ & $-0.067761$ & $0.680773$ & $0.78216$ & $-0.109789$ & $-0.15633$ & $0.0787624$ & $-0.0229782$ & $-0.117199$ & $-0.0428406$ & $0.0686661$ & $-0.113608$ & $-0.253464$ & $0.000589585$ & $-0.00456842$ & $0.00107074$ & $-0.00160698$ & $-0.0096648$ & $0.00176379$ & $-0.0246217$ & $-0.000539769$ & $-0.00792028$ & $-0.000889379$ & $0.00351894$ & $0.0202927$ & $-0.00807678$ & $0.00552748$ & $0.0168638$ \\
CHL3_22 & $-0.00205547$ & $0.0216155$ & $-0.0150531$ & $-0.000246516$ & $0.00104645$ & $-0.0540637$ & $0.106131$ & $-0.437523$ & $-0.437655$ & $0.491273$ & $0.0716486$ & $0.0918847$ & $-0.385204$ & $0.599601$ & $-0.444074$ & $-0.0390827$ & $0.741109$ & $1$ & $0.684523$ & $-0.0744381$ & $-0.0655361$ & $-0.0632506$ & $0.00495827$ & $0.629748$ & $0.797772$ & $0.0352835$ & $-0.0071136$ & $-0.00386467$ & $-0.0175505$ & $-0.12176$ & $-0.0538108$ & $0.0825751$ & $-0.117238$ & $0.0227262$ & $0.000729595$ & $0.000509453$ & $-0.00217289$ & $0.00213167$ & $-0.00811205$ & $-0.00421657$ & $-0.0174934$ & $-0.000918728$ & $-0.0079786$ & $-0.000629661$ & $-0.0010874$ & $0.0165084$ & $-0.0064283$ & $0.00424747$ & $0.025478$ \\
CHL3_33 & $-0.00716943$ & $0.0192214$ & $-0.00534514$ & $0.00401206$ & $0.00110374$ & $-0.0489896$ & $0.109283$ & $-0.43873$ & $-0.438449$ & $0.49597$ & $0.0724591$ & $0.0955756$ & $-0.388943$ & $0.60206$ & $-0.0330389$ & $-0.439687$ & $0.740761$ & $0.684523$ & $1$ & $-0.0749607$ & $-0.0668393$ & $-0.0631106$ & $0.0106148$ & $0.627586$ & $0.799072$ & $0.0330683$ & $-0.00918153$ & $-0.00818049$ & $-0.02087$ & $-0.130715$ & $-0.057049$ & $0.0831387$ & $-0.124117$ & $-0.347748$ & $-0.00288912$ & $-0.00965579$ & $0.00173034$ & $0.00694239$ & $-0.00691481$ & $0.0011359$ & $-0.015689$ & $0.00375307$ & $-0.000312738$ & $0.00439325$ & $-0.00192854$ & $0.0131275$ & $-0.00602496$ & $0.00218378$ & $0.0248068$ \\
CHe_11 & $-0.0131797$ & $-0.0433864$ & $0.00892451$ & $0.0092225$ & $-0.00303141$ & $-0.181797$ & $-0.0626716$ & $0.852422$ & $0.834732$ & $-0.348045$ & $-0.990433$ & $-0.322203$ & $0.17014$ & $0.527035$ & $0.489153$ & $0.481932$ & $0.234238$ & $-0.0744381$ & $-0.0749607$ & $1$ & $0.973279$ & $0.953642$ & $-0.00927407$ & $-0.263853$ & $-0.0131735$ & $-0.560616$ & $0.233059$ & $0.320296$ & $0.0033991$ & $0.0572067$ & $0.0367463$ & $-0.0671882$ & $0.0621249$ & $0.297257$ & $-0.00548738$ & $-0.0110443$ & $0.0130283$ & $-0.00477348$ & $0.0189194$ & $-0.00376691$ & $-0.00664304$ & $0.00344701$ & $-0.0196069$ & $0.00239146$ & $-0.00764975$ & $0.00372844$ & $0.00364225$ & $-0.00362911$ & $6.41371e-05$ \\
CHe_22 & $-0.0139131$ & $-0.0421041$ & $0.0104441$ & $0.00868454$ & $-0.00230952$ & $-0.185258$ & $-0.0661252$ & $0.896856$ & $0.878157$ & $-0.376173$ & $-0.99131$ & $-0.355546$ & $0.184435$ & $0.471656$ & $0.341487$ & $0.339163$ & $0.181103$ & $-0.0655361$ & $-0.0668393$ & $0.973279$ & $1$ & $0.975613$ & $0.0415781$ & $-0.36982$ & $-0.0245937$ & $-0.572351$ & $0.386077$ & $0.325461$ & $0.00399661$ & $0.0595085$ & $0.0341024$ & $-0.0724827$ & $0.0622527$ & $0.459541$ & $-0.00703462$ & $-0.0147723$ & $0.0163062$ & $-0.00370351$ & $0.0210357$ & $-0.00247246$ & $-0.00825587$ & $0.00486716$ & $-0.0232669$ & $0.00624626$ & $-0.0103179$ & $0.00404889$ & $0.00438086$ & $-0.00868708$ & $0.00193822$ \\
CHe_33 & $-0.0113812$ & $-0.0407859$ & $0.00921636$ & $0.00846155$ & $-0.00446673$ & $-0.181313$ & $-0.0657718$ & $0.879306$ & $0.861177$ & $-0.369753$ & $-0.970772$ & $-0.34782$ & $0.183177$ & $0.458357$ & $0.333227$ & $0.356311$ & $0.175582$ & $-0.0632506$ & $-0.0631106$ & $0.953642$ & $0.975613$ & $1$ & $0.0423718$ & $-0.363455$ & $-0.023567$ & $-0.560829$ & $0.380016$ & $0.319103$ & $0.00522119$ & $0.0589963$ & $0.0327906$ & $-0.0715864$ & $0.0630253$ & $0.454492$ & $-0.0077935$ & $-0.0111015$ & $0.0159852$ & $-0.00387369$ & $0.0182569$ & $-0.00221595$ & $-0.00883585$ & $0.00491753$ & $-0.0234439$ & $0.00440693$ & $-0.00822496$ & $0.00183013$ & $0.00215211$ & $-0.00842688$ & $0.00244337$ \\
CHQ1_11 & $-0.00834098$ & $-0.00634391$ & $-0.0104471$ & $0.00097241$ & $-0.00242147$ & $-0.0157327$ & $-0.00973814$ & $0.0661297$ & $0.0641535$ & $-0.041983$ & $-0.0148176$ & $-0.0347528$ & $0.0322397$ & $-0.0723806$ & $-0.164317$ & $-0.166531$ & $-0.067761$ & $0.00495827$ & $0.0106148$ & $-0.00927407$ & $0.0415781$ & $0.0423718$ & $1$ & $-0.132943$ & $0.082433$ & $-0.675468$ & $0.343527$ & $0.00807626$ & $-0.00118736$ & $-0.00162198$ & $-0.00442264$ & $-0.0111144$ & $0.00191766$ & $0.192495$ & $0.00406516$ & $-0.000616368$ & $0.0161991$ & $-0.00173241$ & $0.0201557$ & $-0.0146569$ & $-0.00846966$ & $0.00822292$ & $-0.00638065$ & $0.00341606$ & $-0.00691431$ & $0.00411189$ & $-0.00166698$ & $-0.0054409$ & $0.0124506$ \\
CHQ1_33 & $-0.060397$ & $0.0256807$ & $-0.0135713$ & $-0.00429109$ & $0.00502347$ & $-0.00451038$ & $0.114162$ & $-0.677915$ & $-0.670857$ & $0.562016$ & $0.316689$ & $0.232158$ & $-0.395169$ & $0.467618$ & $0.0975445$ & $0.090149$ & $0.680773$ & $0.629748$ & $0.627586$ & $-0.263853$ & $-0.36982$ & $-0.363455$ & $-0.132943$ & $1$ & $0.648858$ & $0.20784$ & $-0.42602$ & $-0.00557208$ & $-0.0187925$ & $-0.12612$ & $-0.0487046$ & $0.100122$ & $-0.116141$ & $-0.632057$ & $0.0154318$ & $0.00765986$ & $-0.00530862$ & $0.00732833$ & $-0.0130071$ & $-0.000750712$ & $-0.0076577$ & $-0.00341437$ & $0.0179686$ & $-0.0173174$ & $0.00207089$ & $0.0164806$ & $-0.0163219$ & $0.0151207$ & $0.0181811$ \\
CHQ3_11 & $-0.13071$ & $0.0169552$ & $-0.0140371$ & $-0.00645555$ & $-0.001191$ & $-0.0873267$ & $0.101843$ & $-0.399716$ & $-0.399272$ & $0.48027$ & $0.0199027$ & $0.086798$ & $-0.373911$ & $0.606744$ & $-0.127996$ & $-0.13437$ & $0.78216$ & $0.797772$ & $0.799072$ & $-0.0131735$ & $-0.0245937$ & $-0.023567$ & $0.082433$ & $0.648858$ & $1$ & $0.0128478$ & $0.198885$ & $0.00957489$ & $-0.0178071$ & $-0.126475$ & $-0.053432$ & $0.0783025$ & $-0.11567$ & $-0.206822$ & $0.010174$ & $1.76032e-05$ & $0.0221734$ & $0.0021936$ & $0.00436326$ & $0.000749357$ & $-0.020265$ & $0.00565645$ & $0.00799784$ & $-0.00207917$ & $0.00425318$ & $0.0220151$ & $-0.0164395$ & $0.000419058$ & $0.0359325$ \\
CHu_11 & $-0.0312522$ & $0.0345036$ & $0.00364195$ & $-0.0110096$ & $0.00365918$ & $0.109429$ & $0.0354244$ & $-0.512378$ & $-0.500738$ & $0.208302$ & $0.570505$ & $0.20071$ & $-0.102634$ & $-0.276512$ & $-0.203568$ & $-0.198328$ & $-0.109789$ & $0.0352835$ & $0.0330683$ & $-0.560616$ & $-0.572351$ & $-0.560829$ & $-0.675468$ & $0.20784$ & $0.0128478$ & $1$ & $-0.18867$ & $-0.184589$ & $0.0028037$ & $-0.0260103$ & $-0.0148932$ & $0.0392918$ & $-0.0326419$ & $-0.255125$ & $0.00483584$ & $0.0091134$ & $-0.00999266$ & $0.0035463$ & $-0.0195423$ & $0.0155812$ & $0.00744973$ & $-0.00348433$ & $0.015021$ & $-0.00260063$ & $0.0163748$ & $-0.00634528$ & $-0.00508789$ & $0.00427875$ & $-0.00733624$ \\
CHd_11 & $-0.0487401$ & $-0.00619717$ & $0.00493309$ & $-0.00771609$ & $-0.00352865$ & $-0.0689826$ & $-0.0417611$ & $0.434431$ & $0.426901$ & $-0.239211$ & $-0.307153$ & $-0.200385$ & $0.142616$ & $-0.0873801$ & $-0.38631$ & $-0.371208$ & $-0.15633$ & $-0.0071136$ & $-0.00918153$ & $0.233059$ & $0.386077$ & $0.380016$ & $0.343527$ & $-0.42602$ & $0.198885$ & $-0.18867$ & $1$ & $0.108763$ & $0.00778942$ & $0.0348228$ & $0.00820741$ & $-0.0460491$ & $0.0301478$ & $0.687071$ & $-0.0022009$ & $-0.00644097$ & $0.0329838$ & $0.00222769$ & $0.0218455$ & $0.00462069$ & $-0.00508193$ & $0.0117843$ & $-0.0218903$ & $0.0126415$ & $-0.00309276$ & $-0.00270301$ & $-0.00942646$ & $-0.0248804$ & $0.0090296$ \\
CHd_33 & $0.0113412$ & $-0.00565678$ & $0.00587676$ & $-0.000571354$ & $0.00071364$ & $-0.0633613$ & $-0.0252446$ & $0.284027$ & $0.278448$ & $-0.105871$ & $-0.324847$ & $-0.107532$ & $0.0527786$ & $0.168517$ & $0.114333$ & $0.11684$ & $0.0787624$ & $-0.00386467$ & $-0.00818049$ & $0.320296$ & $0.325461$ & $0.319103$ & $0.00807626$ & $-0.00557208$ & $0.00957489$ & $-0.184589$ & $0.108763$ & $1$ & $0.00537778$ & $0.0165112$ & $0.00679169$ & $-0.0282127$ & $0.0159668$ & $0.142552$ & $0.00549057$ & $-0.0184079$ & $0.00370992$ & $0.00262604$ & $0.00488287$ & $0.00112849$ & $-0.0112853$ & $0.00685253$ & $0.00018572$ & $0.00092692$ & $-0.0109093$ & $0.00248022$ & $-0.00538118$ & $-0.00268563$ & $-0.00367596$ \\
CeH_22r & $0.00207723$ & $0.00728731$ & $-0.0122988$ & $-0.000875458$ & $0.00065177$ & $0.0101763$ & $0.00234617$ & $0.013014$ & $0.0198623$ & $-0.0053192$ & $-0.0034892$ & $0.0129735$ & $0.0549709$ & $-0.0118876$ & $-0.000917877$ & $0.00346032$ & $-0.0229782$ & $-0.0175505$ & $-0.02087$ & $0.0033991$ & $0.00399661$ & $0.00522119$ & $-0.00118736$ & $-0.0187925$ & $-0.0178071$ & $0.0028037$ & $0.00778942$ & $0.00537778$ & $1$ & $0.036344$ & $0.0117751$ & $-0.0137408$ & $0.0415563$ & $0.00973281$ & $-0.0144046$ & $-0.020435$ & $-0.00608787$ & $-0.0181533$ & $-0.0131379$ & $-0.00248043$ & $0.00485069$ & $0.011032$ & $0.0110455$ & $0.00120914$ & $-0.0158224$ & $-0.00347119$ & $-0.0162443$ & $-0.00764546$ & $-0.000412491$ \\
CeH_33r & $0.0200613$ & $0.00207117$ & $0.0242876$ & $0.0225641$ & $0.00312509$ & $0.0108081$ & $-0.128251$ & $0.112639$ & $0.132855$ & $-0.150175$ & $-0.0571658$ & $0.0953267$ & $0.275447$ & $-0.0730879$ & $0.0255917$ & $0.0375214$ & $-0.117199$ & $-0.12176$ & $-0.130715$ & $0.0572067$ & $0.0595085$ & $0.0589963$ & $-0.00162198$ & $-0.12612$ & $-0.126475$ & $-0.0260103$ & $0.0348228$ & $0.0165112$ & $0.036344$ & $1$ & $0.305736$ & $0.021984$ & $0.65799$ & $0.0677916$ & $-0.0745977$ & $-0.00730603$ & $-0.201485$ & $-0.023911$ & $-0.0251893$ & $0.00832362$ & $-0.00623481$ & $-0.00970162$ & $-0.0120432$ & $-0.00103653$ & $0.0710136$ & $-0.000768135$ & $0.00900587$ & $-0.00689852$ & $-0.0117262$ \\
CuH_22r & $0.00510775$ & $-0.05941$ & $0.0185375$ & $0.00495011$ & $-1.17195e-05$ & $-0.00107634$ & $-0.0777501$ & $0.0568881$ & $0.066929$ & $-0.0719618$ & $-0.0366959$ & $-0.00941765$ & $0.116745$ & $-0.0219478$ & $0.0261718$ & $0.0295842$ & $-0.0428406$ & $-0.0538108$ & $-0.057049$ & $0.0367463$ & $0.0341024$ & $0.0327906$ & $-0.00442264$ & $-0.0487046$ & $-0.053432$ & $-0.0148932$ & $0.00820741$ & $0.00679169$ & $0.0117751$ & $0.305736$ & $1$ & $0.0062125$ & $0.345561$ & $0.0200257$ & $-0.065593$ & $0.00620073$ & $-0.0964854$ & $-0.00412149$ & $0.0387391$ & $-0.0153342$ & $0.0267302$ & $-0.00529998$ & $-0.018373$ & $0.0398699$ & $-0.02406$ & $0.117805$ & $0.389599$ & $0.011953$ & $0.00112139$ \\
CuH_33r & $0.00703335$ & $0.0150634$ & $-0.0251597$ & $-0.00659274$ & $0.00883435$ & $0.014269$ & $0.934654$ & $-0.104802$ & $-0.0650492$ & $0.0874565$ & $0.0693254$ & $0.139737$ & $-0.248075$ & $0.0385691$ & $-0.0231183$ & $-0.0269236$ & $0.0686661$ & $0.0825751$ & $0.0831387$ & $-0.0671882$ & $-0.0724827$ & $-0.0715864$ & $-0.0111144$ & $0.100122$ & $0.0783025$ & $0.0392918$ & $-0.0460491$ & $-0.0282127$ & $-0.0137408$ & $0.021984$ & $0.0062125$ & $1$ & $0.0190155$ & $-0.066552$ & $0.0393239$ & $0.0342862$ & $-0.0133938$ & $0.00456414$ & $0.00327455$ & $-0.000581631$ & $-0.00427268$ & $-0.00864021$ & $-0.0210262$ & $0.00264917$ & $0.00551913$ & $-0.039035$ & $0.00983931$ & $0.00168851$ & $-0.00474896$ \\
CdH_33r & $-0.0185597$ & $-0.031424$ & $0.0325704$ & $0.0911275$ & $0.00464269$ & $0.0119023$ & $-0.160108$ & $0.11294$ & $0.135408$ & $-0.147865$ & $-0.0614551$ & $0.112108$ & $0.325338$ & $-0.0583656$ & $0.0326837$ & $0.043879$ & $-0.113608$ & $-0.117238$ & $-0.124117$ & $0.0621249$ & $0.0622527$ & $0.0630253$ & $0.00191766$ & $-0.116141$ & $-0.11567$ & $-0.0326419$ & $0.0301478$ & $0.0159668$ & $0.0415563$ & $0.65799$ & $0.345561$ & $0.0190155$ & $1$ & $0.056997$ & $-0.0998218$ & $0.0284968$ & $-0.155957$ & $-0.0247409$ & $-0.0299584$ & $-0.00432138$ & $-0.129123$ & $-0.0101331$ & $0.00810666$ & $0.0210998$ & $0.00854001$ & $0.0574432$ & $0.0312491$ & $0.135889$ & $0.429224$ \\
CLL_1221 & $-0.0034$ & $0.0148511$ & $0.00492578$ & $-0.00440661$ & $-0.0060886$ & $-0.113775$ & $-0.0671089$ & $0.569046$ & $0.559317$ & $-0.356097$ & $-0.375106$ & $-0.246236$ & $0.22154$ & $-0.212324$ & $-0.582324$ & $-0.0886733$ & $-0.253464$ & $0.0227262$ & $-0.347748$ & $0.297257$ & $0.459541$ & $0.454492$ & $0.192495$ & $-0.632057$ & $-0.206822$ & $-0.255125$ & $0.687071$ & $0.142552$ & $0.00973281$ & $0.0677916$ & $0.0200257$ & $-0.066552$ & $0.056997$ & $1$ & $-0.00475691$ & $-0.00347251$ & $0.0144632$ & $-0.00356392$ & $0.0127869$ & $0.000578018$ & $-0.00254916$ & $0.00431154$ & $-0.0260674$ & $0.0146221$ & $-0.00294376$ & $-0.000228449$ & $0.00308187$ & $-0.0214772$ & $-0.0022684$ \\
eHggint & $-0.0956463$ & $0.00513518$ & $-0.0940853$ & $-0.0402127$ & $-0.00369606$ & $-0.00425042$ & $-0.0274874$ & $-0.00672202$ & $-0.0206589$ & $0.0560967$ & $0.00647747$ & $0.0771264$ & $0.0367915$ & $-0.00380423$ & $-0.000413747$ & $0.00526662$ & $0.000589585$ & $0.000729595$ & $-0.00288912$ & $-0.00548738$ & $-0.00703462$ & $-0.0077935$ & $0.00406516$ & $0.0154318$ & $0.010174$ & $0.00483584$ & $-0.0022009$ & $0.00549057$ & $-0.0144046$ & $-0.0745977$ & $-0.065593$ & $0.0393239$ & $-0.0998218$ & $-0.00475691$ & $1$ & $-0.0995206$ & $0.162272$ & $-0.00377421$ & $-0.0235012$ & $0.00522943$ & $0.0641874$ & $0.022656$ & $0.0508292$ & $-0.0398634$ & $0.0517988$ & $-0.0954912$ & $-0.0637175$ & $-0.0151461$ & $-0.0455574$ \\
eHggpar & $-0.0248359$ & $0.0552544$ & $-0.106907$ & $0.00175352$ & $-0.00908155$ & $0.00269516$ & $-0.00511734$ & $-0.0136546$ & $-0.0244905$ & $0.0231284$ & $0.0141506$ & $0.0483558$ & $0.0198145$ & $-0.012711$ & $-0.00481166$ & $0.00744549$ & $-0.00456842$ & $0.000509453$ & $-0.00965579$ & $-0.0110443$ & $-0.0147723$ & $-0.0111015$ & $-0.000616368$ & $0.00765986$ & $1.76032e-05$ & $0.0091134$ & $-0.00644097$ & $-0.0184079$ & $-0.020435$ & $-0.00730603$ & $0.00620073$ & $0.0342862$ & $0.0284968$ & $-0.00347251$ & $-0.0995206$ & $1$ & $0.0137426$ & $-0.0161238$ & $0.00520888$ & $-0.0123276$ & $0.0156472$ & $-0.0031378$ & $-0.0849232$ & $0.0109672$ & $0.0886538$ & $-0.0894008$ & $0.0386103$ & $0.0314976$ & $0.06866$ \\
eHWWint & $-0.101534$ & $-0.0323329$ & $-0.0449046$ & $-0.0334204$ & $-0.00320684$ & $-0.0198501$ & $0.0151154$ & $0.0173804$ & $0.00726769$ & $0.00633354$ & $-0.0153335$ & $-0.0145913$ & $0.0162367$ & $0.0031933$ & $-0.000929161$ & $-0.00649769$ & $0.00107074$ & $-0.00217289$ & $0.00173034$ & $0.0130283$ & $0.0163062$ & $0.0159852$ & $0.0161991$ & $-0.00530862$ & $0.0221734$ & $-0.00999266$ & $0.0329838$ & $0.00370992$ & $-0.00608787$ & $-0.201485$ & $-0.0964854$ & $-0.0133938$ & $-0.155957$ & $0.0144632$ & $0.162272$ & $0.0137426$ & $1$ & $-0.000966887$ & $0.0946096$ & $0.00424379$ & $-0.00860143$ & $0.0140951$ & $0.0308486$ & $-0.00878275$ & $0.0114538$ & $-0.0350725$ & $0.00513099$ & $0.0721497$ & $0.111665$ \\
eHWWpar & $0.0031668$ & $-0.0191465$ & $-0.0147606$ & $0.0161092$ & $-0.00296752$ & $0.00909386$ & $0.00973269$ & $-0.00371782$ & $-0.00511739$ & $0.00997514$ & $0.0037639$ & $0.00742693$ & $-0.00737556$ & $0.00357128$ & $-0.00309347$ & $-0.0108181$ & $-0.00160698$ & $0.00213167$ & $0.00694239$ & $-0.00477348$ & $-0.00370351$ & $-0.00387369$ & $-0.00173241$ & $0.00732833$ & $0.0021936$ & $0.0035463$ & $0.00222769$ & $0.00262604$ & $-0.0181533$ & $-0.023911$ & $-0.00412149$ & $0.00456414$ & $-0.0247409$ & $-0.00356392$ & $-0.00377421$ & $-0.0161238$ & $-0.000966887$ & $1$ & $0.00993241$ & $0.00992354$ & $0.00138836$ & $-0.00507132$ & $-0.00386533$ & $0.00138501$ & $0.00342487$ & $-0.00941339$ & $0.000408647$ & $-0.0243601$ & $0.00443182$ \\
eHZZint & $-0.0670295$ & $-0.0620721$ & $-0.0810259$ & $-0.0200273$ & $-0.00557398$ & $0.0185173$ & $-0.000462511$ & $0.0252577$ & $0.0241956$ & $-0.0298998$ & $-0.0209951$ & $-0.0317606$ & $0.00735715$ & $0.00558555$ & $0.00229633$ & $-0.00055643$ & $-0.0096648$ & $-0.00811205$ & $-0.00691481$ & $0.0189194$ & $0.0210357$ & $0.0182569$ & $0.0201557$ & $-0.0130071$ & $0.00436326$ & $-0.0195423$ & $0.0218455$ & $0.00488287$ & $-0.0131379$ & $-0.0251893$ & $0.0387391$ & $0.00327455$ & $-0.0299584$ & $0.0127869$ & $-0.0235012$ & $0.00520888$ & $0.0946096$ & $0.00993241$ & $1$ & $0.000974883$ & $0.0577599$ & $0.0153564$ & $0.0420672$ & $0.00909243$ & $0.0077413$ & $0.0386252$ & $0.126152$ & $-0.0854667$ & $0.0238663$ \\
eHZZpar & $-0.00213624$ & $-0.00692137$ & $0.0135792$ & $0.00947479$ & $0.00671496$ & $-0.0105766$ & $1.01126e-05$ & $-0.00115915$ & $-0.00228932$ & $0.000690832$ & $0.00302296$ & $0.00511354$ & $-0.00574799$ & $-0.00902502$ & $0.000764881$ & $-0.00559286$ & $0.00176379$ & $-0.00421657$ & $0.0011359$ & $-0.00376691$ & $-0.00247246$ & $-0.00221595$ & $-0.0146569$ & $-0.000750712$ & $0.000749357$ & $0.0155812$ & $0.00462069$ & $0.00112849$ & $-0.00248043$ & $0.00832362$ & $-0.0153342$ & $-0.000581631$ & $-0.00432138$ & $0.000578018$ & $0.00522943$ & $-0.0123276$ & $0.00424379$ & $0.00992354$ & $0.000974883$ & $1$ & $-0.00404355$ & $-3.01757e-05$ & $0.0122929$ & $-0.0203311$ & $-0.0116288$ & $-0.00995882$ & $-0.0191828$ & $0.00469468$ & $-0.00159492$ \\
eHZgaint & $0.00552961$ & $0.0720477$ & $-0.116981$ & $-0.00368769$ & $0.00333289$ & $0.0166508$ & $-0.00581929$ & $-0.00172791$ & $0.00125954$ & $-0.0371734$ & $0.00871378$ & $-0.0233698$ & $0.0115665$ & $-0.0122867$ & $0.00120663$ & $-0.00292595$ & $-0.0246217$ & $-0.0174934$ & $-0.015689$ & $-0.00664304$ & $-0.00825587$ & $-0.00883585$ & $-0.00846966$ & $-0.0076577$ & $-0.020265$ & $0.00744973$ & $-0.00508193$ & $-0.0112853$ & $0.00485069$ & $-0.00623481$ & $0.0267302$ & $-0.00427268$ & $-0.129123$ & $-0.00254916$ & $0.0641874$ & $0.0156472$ & $-0.00860143$ & $0.00138836$ & $0.0577599$ & $-0.00404355$ & $1$ & $-0.0113001$ & $0.0692328$ & $-0.0614855$ & $-0.0417154$ & $0.110112$ & $0.0579744$ & $-0.0924171$ & $-0.254431$ \\
eHZgapar & $-0.0190748$ & $-0.00882519$ & $0.0130476$ & $0.0106404$ & $0.00149289$ & $0.00438259$ & $-0.0106849$ & $0.00518424$ & $0.00491636$ & $-6.67395e-05$ & $-0.0042581$ & $-0.00185002$ & $-0.00144131$ & $0.0011223$ & $-0.00118922$ & $-0.007228$ & $-0.000539769$ & $-0.000918728$ & $0.00375307$ & $0.00344701$ & $0.00486716$ & $0.00491753$ & $0.00822292$ & $-0.00341437$ & $0.00565645$ & $-0.00348433$ & $0.0117843$ & $0.00685253$ & $0.011032$ & $-0.00970162$ & $-0.00529998$ & $-0.00864021$ & $-0.0101331$ & $0.00431154$ & $0.022656$ & $-0.0031378$ & $0.0140951$ & $-0.00507132$ & $0.0153564$ & $-3.01757e-05$ & $-0.0113001$ & $1$ & $0.00535618$ & $-0.0178022$ & $-0.0142357$ & $-0.00543103$ & $-0.00250051$ & $-0.00717802$ & $-0.00965371$ \\
eHgagaint & $-0.128633$ & $-0.0117471$ & $0.149931$ & $-0.0226211$ & $-0.0009563$ & $0.00333793$ & $-0.0178514$ & $-0.0198593$ & $0.0451787$ & $0.00907539$ & $0.0237057$ & $-0.00527487$ & $0.0045119$ & $-0.00674516$ & $0.00841171$ & $-0.00190765$ & $-0.00792028$ & $-0.0079786$ & $-0.000312738$ & $-0.0196069$ & $-0.0232669$ & $-0.0234439$ & $-0.00638065$ & $0.0179686$ & $0.00799784$ & $0.015021$ & $-0.0218903$ & $0.00018572$ & $0.0110455$ & $-0.0120432$ & $-0.018373$ & $-0.0210262$ & $0.00810666$ & $-0.0260674$ & $0.0508292$ & $-0.0849232$ & $0.0308486$ & $-0.00386533$ & $0.0420672$ & $0.0122929$ & $0.0692328$ & $0.00535618$ & $1$ & $-0.0528297$ & $0.00459237$ & $0.0723362$ & $-0.0477224$ & $-0.0461099$ & $0.0604417$ \\
eHmumuint & $0.0177261$ & $0.0171435$ & $0.0153842$ & $-0.128379$ & $0.00835592$ & $-0.000587288$ & $0.00631239$ & $0.00669176$ & $0.00379255$ & $-0.0166226$ & $-0.00415932$ & $-0.0189372$ & $-0.000581889$ & $-0.00460791$ & $-0.00831011$ & $-0.0162491$ & $-0.000889379$ & $-0.000629661$ & $0.00439325$ & $0.00239146$ & $0.00624626$ & $0.00440693$ & $0.00341606$ & $-0.0173174$ & $-0.00207917$ & $-0.00260063$ & $0.0126415$ & $0.00092692$ & $0.00120914$ & $-0.00103653$ & $0.0398699$ & $0.00264917$ & $0.0210998$ & $0.0146221$ & $-0.0398634$ & $0.0109672$ & $-0.00878275$ & $0.00138501$ & $0.00909243$ & $-0.0203311$ & $-0.0614855$ & $-0.0178022$ & $-0.0528297$ & $1$ & $0.0418426$ & $0.0891839$ & $0.0865067$ & $-0.0219797$ & $0.0518464$ \\
eHtautauint & $-0.0148381$ & $0.100653$ & $0.0749579$ & $0.0555236$ & $0.00892224$ & $-0.00303332$ & $-0.00451072$ & $-0.0131711$ & $-0.0144362$ & $-0.00255873$ & $0.0126169$ & $0.0131123$ & $-0.00250702$ & $-0.0122957$ & $0.000205727$ & $0.00109668$ & $0.00351894$ & $-0.0010874$ & $-0.00192854$ & $-0.00764975$ & $-0.0103179$ & $-0.00822496$ & $-0.00691431$ & $0.00207089$ & $0.00425318$ & $0.0163748$ & $-0.00309276$ & $-0.0109093$ & $-0.0158224$ & $0.0710136$ & $-0.02406$ & $0.00551913$ & $0.00854001$ & $-0.00294376$ & $0.0517988$ & $0.0886538$ & $0.0114538$ & $0.00342487$ & $0.0077413$ & $-0.0116288$ & $-0.0417154$ & $-0.0142357$ & $0.00459237$ & $0.0418426$ & $1$ & $-0.0406123$ & $-0.0609319$ & $0.0104282$ & $0.0173699$ \\
eHccint & $-0.0841069$ & $-0.0168614$ & $-0.0171847$ & $-0.0905442$ & $-0.00162605$ & $-0.00580115$ & $-0.0343052$ & $-0.00355893$ & $0.000702902$ & $-0.00756649$ & $-0.00392275$ & $-0.0254901$ & $-0.0070829$ & $0.0120195$ & $-0.00197015$ & $0.000424827$ & $0.0202927$ & $0.0165084$ & $0.0131275$ & $0.00372844$ & $0.00404889$ & $0.00183013$ & $0.00411189$ & $0.0164806$ & $0.0220151$ & $-0.00634528$ & $-0.00270301$ & $0.00248022$ & $-0.00347119$ & $-0.000768135$ & $0.117805$ & $-0.039035$ & $0.0574432$ & $-0.000228449$ & $-0.0954912$ & $-0.0894008$ & $-0.0350725$ & $-0.00941339$ & $0.0386252$ & $-0.00995882$ & $0.110112$ & $-0.00543103$ & $0.0723362$ & $0.0891839$ & $-0.0406123$ & $1$ & $0.105191$ & $0.0433839$ & $0.0877571$ \\
eHccpar & $-0.00122574$ & $-0.136525$ & $0.0455705$ & $0.0207556$ & $2.30283e-05$ & $-0.000381508$ & $0.00416038$ & $0.0132542$ & $0.0113754$ & $-0.0185986$ & $-0.00708205$ & $-0.00902566$ & $4.05864e-05$ & $-0.00270667$ & $-0.000727189$ & $-0.00546656$ & $-0.00807678$ & $-0.0064283$ & $-0.00602496$ & $0.00364225$ & $0.00438086$ & $0.00215211$ & $-0.00166698$ & $-0.0163219$ & $-0.0164395$ & $-0.00508789$ & $-0.00942646$ & $-0.00538118$ & $-0.0162443$ & $0.00900587$ & $0.389599$ & $0.00983931$ & $0.0312491$ & $0.00308187$ & $-0.0637175$ & $0.0386103$ & $0.00513099$ & $0.000408647$ & $0.126152$ & $-0.0191828$ & $0.0579744$ & $-0.00250051$ & $-0.0477224$ & $0.0865067$ & $-0.0609319$ & $0.105191$ & $1$ & $0.0565185$ & $0.0224316$ \\
eHbbint & $0.00182211$ & $0.00940949$ & $-0.0543233$ & $0.140972$ & $0.0123483$ & $0.00635987$ & $0.00193772$ & $-0.0122302$ & $-0.016283$ & $0.00571518$ & $0.00577169$ & $0.00783178$ & $-0.00581177$ & $0.0102971$ & $0.0119744$ & $0.0135092$ & $0.00552748$ & $0.00424747$ & $0.00218378$ & $-0.00362911$ & $-0.00868708$ & $-0.00842688$ & $-0.0054409$ & $0.0151207$ & $0.000419058$ & $0.00427875$ & $-0.0248804$ & $-0.00268563$ & $-0.00764546$ & $-0.00689852$ & $0.011953$ & $0.00168851$ & $0.135889$ & $-0.0214772$ & $-0.0151461$ & $0.0314976$ & $0.0721497$ & $-0.0243601$ & $-0.0854667$ & $0.00469468$ & $-0.0924171$ & $-0.00717802$ & $-0.0461099$ & $-0.0219797$ & $0.0104282$ & $0.0433839$ & $0.0565185$ & $1$ & $0.0169693$ \\
eHbbpar & $-0.0896895$ & $-0.069381$ & $0.0558931$ & $0.134879$ & $0.000701258$ & $-0.0121539$ & $-0.00746677$ & $-0.00601497$ & $-0.00353283$ & $0.0128031$ & $-0.001542$ & $-0.00274531$ & $-0.00736044$ & $0.0239062$ & $-0.0105187$ & $-0.00975911$ & $0.0168638$ & $0.025478$ & $0.0248068$ & $6.41371e-05$ & $0.00193822$ & $0.00244337$ & $0.0124506$ & $0.0181811$ & $0.0359325$ & $-0.00733624$ & $0.0090296$ & $-0.00367596$ & $-0.000412491$ & $-0.0117262$ & $0.00112139$ & $-0.00474896$ & $0.429224$ & $-0.0022684$ & $-0.0455574$ & $0.06866$ & $0.111665$ & $0.00443182$ & $0.0238663$ & $-0.00159492$ & $-0.254431$ & $-0.00965371$ & $0.0604417$ & $0.0518464$ & $0.0173699$ & $0.0877571$ & $0.0224316$ & $0.0169693$ & $1$ \\
