 & AlsMz & dAle5Mz & mtop & mHl & Mz & CW & CHG & CHWB & CHWHB_gaga & CHWHB_gagaorth & CHD & CHbox & CH & CHL1_11 & CHL1_22 & CHL1_33 & CHL3_11 & CHL3_22 & CHL3_33 & CHe_11 & CHe_22 & CHe_33 & CHQ1_11 & CHQ1_33 & CHQ3_11 & CHu_11 & CHd_11 & CHd_33 & CeH_22r & CeH_33r & CuH_22r & CuH_33r & CdH_33r & CLL_1221 & eHggint & eHggpar & eHWWint & eHWWpar & eHZZint & eHZZpar & eHZgaint & eHZgapar & eHgagaint & eHmumuint & eHtautauint & eHccint & eHccpar & eHbbint & eHbbpar \\
AlsMz & $1$ & $-0.0508442$ & $0.081605$ & $0.0480631$ & $-0.0241394$ & $0.0271354$ & $-0.0512358$ & $0.028614$ & $0.0181269$ & $0.0261341$ & $-0.051993$ & $0.0294396$ & $0.0718973$ & $0.0478804$ & $0.0348668$ & $0.0348123$ & $0.0370457$ & $0.0232594$ & $0.0229972$ & $0.0468311$ & $0.0439998$ & $0.0401247$ & $0.00258483$ & $-0.0194337$ & $-0.0397627$ & $-0.0494141$ & $-0.00877598$ & $0.0353308$ & $0.0110052$ & $0.0750537$ & $0.0289936$ & $-0.0217989$ & $0.0719211$ & $-0.00534947$ & $0.0646513$ & $-0.0166318$ & $-0.208255$ & $-0.0272912$ & $0.0866607$ & $-0.029578$ & $0.0667112$ & $-0.00683955$ & $-0.204502$ & $-0.0765227$ & $-0.0702844$ & $-0.0435107$ & $0.00835198$ & $0.144264$ & $-0.0762536$ \\
dAle5Mz & $-0.0508442$ & $1$ & $0.0295438$ & $0.0495381$ & $0.00873121$ & $0.0469848$ & $-0.00951958$ & $-0.041973$ & $-0.0408395$ & $0.0379637$ & $0.0558942$ & $-0.0302451$ & $0.0372328$ & $-0.0468045$ & $-0.023201$ & $-0.057336$ & $-0.0495024$ & $-0.0423547$ & $-0.0214662$ & $-0.0440504$ & $-0.0378212$ & $-0.0438034$ & $-0.0131418$ & $-0.0302096$ & $-0.0418413$ & $0.0383761$ & $-0.00484025$ & $-0.0122649$ & $-0.00353626$ & $0.0239214$ & $-0.0285848$ & $0.00439155$ & $0.0286306$ & $0.0200839$ & $0.0194625$ & $0.0557866$ & $0.102999$ & $0.00586783$ & $-0.0412322$ & $-0.00847968$ & $-0.0195549$ & $0.00743546$ & $0.06765$ & $-0.174813$ & $0.0331071$ & $-0.0519908$ & $-0.0660752$ & $-0.0712591$ & $0.116638$ \\
mtop & $0.081605$ & $0.0295438$ & $1$ & $0.192249$ & $0.0177611$ & $0.0247533$ & $0.0133913$ & $-0.0492453$ & $-0.0597199$ & $0.019608$ & $0.0223053$ & $-0.00689592$ & $0.0050846$ & $0.0412898$ & $0.0152702$ & $-0.0342262$ & $0.0411518$ & $0.042923$ & $0.0697432$ & $-0.0147411$ & $-0.0214676$ & $-0.0243562$ & $0.00977337$ & $0.0628751$ & $0.0387929$ & $-0.00318599$ & $-0.0497048$ & $0.0228483$ & $-0.0153972$ & $-0.00659569$ & $0.00138782$ & $0.0113218$ & $0.0377096$ & $-0.0693337$ & $-0.0013492$ & $0.00163429$ & $0.0303419$ & $0.0335779$ & $0.0922633$ & $-0.0426382$ & $-0.153018$ & $0.0296378$ & $-0.264057$ & $-0.0471974$ & $-0.0568734$ & $-0.120686$ & $0.00788796$ & $0.12672$ & $0.203443$ \\
mHl & $0.0480631$ & $0.0495381$ & $0.192249$ & $1$ & $0.0030816$ & $-0.0252787$ & $0.0274804$ & $-0.0174175$ & $-0.0173755$ & $-0.00112774$ & $-0.00037994$ & $0.0294128$ & $-0.0667657$ & $0.027816$ & $0.00039053$ & $-0.0320716$ & $0.0344471$ & $0.0328847$ & $0.0559149$ & $0.000106291$ & $0.0017702$ & $0.0034924$ & $-0.00949072$ & $0.0361347$ & $0.0490276$ & $0.0148689$ & $0.03357$ & $-0.00112617$ & $-0.0527056$ & $-0.0720232$ & $-0.0148725$ & $0.0120357$ & $-0.0955378$ & $-0.013075$ & $-0.146794$ & $0.132936$ & $0.134378$ & $-0.000856064$ & $0.20023$ & $0.0124815$ & $-0.155261$ & $0.0779854$ & $0.0255022$ & $0.0707044$ & $-0.236629$ & $-0.0777006$ & $0.0464629$ & $0.107115$ & $-0.139788$ \\
Mz & $-0.0241394$ & $0.00873121$ & $0.0177611$ & $0.0030816$ & $1$ & $0.0100665$ & $0.00389385$ & $-0.014265$ & $-0.0155384$ & $0.00861299$ & $0.0337307$ & $0.00826705$ & $-0.00439564$ & $-0.0395313$ & $-0.0222312$ & $-0.00757644$ & $-0.0170272$ & $-0.0161145$ & $-0.0253043$ & $-0.0272708$ & $-0.0245474$ & $-0.0245899$ & $0.0129198$ & $-0.0097782$ & $-0.00935583$ & $0.0253278$ & $0.0232276$ & $-0.0499743$ & $0.0168413$ & $-0.000294458$ & $0.0061571$ & $0.0115029$ & $0.013524$ & $0.011302$ & $0.027507$ & $-0.0264613$ & $0.0499255$ & $-0.0419672$ & $-0.00681245$ & $-0.0397357$ & $-0.0476126$ & $0.00671331$ & $0.0161542$ & $0.013093$ & $-0.0157679$ & $0.0189218$ & $-0.0361751$ & $0.002297$ & $0.00135606$ \\
CW & $0.0271354$ & $0.0469848$ & $0.0247533$ & $-0.0252787$ & $0.0100665$ & $1$ & $0.0365901$ & $-0.0227111$ & $-0.0188204$ & $-0.00669224$ & $0.14543$ & $0.0516649$ & $-0.0225425$ & $-0.0474716$ & $-0.0880895$ & $-0.075452$ & $-0.378994$ & $-0.194291$ & $-0.195927$ & $-0.145105$ & $-0.145352$ & $-0.145068$ & $-0.0387113$ & $-0.154223$ & $-0.237036$ & $0.116274$ & $-0.0593118$ & $-0.0789864$ & $0.0160736$ & $-0.00489101$ & $-0.00297808$ & $0.0337041$ & $-0.028255$ & $-0.0734071$ & $0.00564778$ & $-0.0288399$ & $-0.0332203$ & $0.00267732$ & $0.0151812$ & $-0.00674314$ & $-0.0346971$ & $-0.0158773$ & $-0.00762916$ & $-0.033987$ & $0.0210647$ & $-0.00424317$ & $0.0378953$ & $0.013289$ & $-0.0112409$ \\
CHG & $-0.0512358$ & $-0.00951958$ & $0.0133913$ & $0.0274804$ & $0.00389385$ & $0.0365901$ & $1$ & $-0.0543578$ & $-0.0363644$ & $0.195105$ & $0.131554$ & $0.548509$ & $-0.78394$ & $-0.159793$ & $-0.0679924$ & $-0.0407225$ & $-0.159289$ & $-0.122306$ & $-0.134048$ & $-0.128554$ & $-0.129974$ & $-0.125089$ & $-0.0028381$ & $-0.0856838$ & $-0.13293$ & $0.086328$ & $-0.0420794$ & $-0.0546352$ & $-0.166002$ & $-0.60708$ & $-0.388762$ & $0.953754$ & $-0.637576$ & $-0.00463903$ & $-0.0664754$ & $-0.123396$ & $0.0564716$ & $0.00881546$ & $0.0196271$ & $0.0113083$ & $-0.0805371$ & $-0.0130349$ & $0.0387782$ & $0.0255346$ & $0.0440545$ & $-0.062379$ & $-0.032158$ & $-0.00284469$ & $-0.00654652$ \\
CHWB & $0.028614$ & $-0.041973$ & $-0.0492453$ & $-0.0174175$ & $-0.014265$ & $-0.0227111$ & $-0.0543578$ & $1$ & $0.989605$ & $-0.571137$ & $-0.869476$ & $-0.188071$ & $0.0726087$ & $0.29504$ & $0.453884$ & $0.467515$ & $-0.19524$ & $-0.372064$ & $-0.370637$ & $0.855181$ & $0.88202$ & $0.875601$ & $0.0297014$ & $-0.602706$ & $-0.350878$ & $-0.599491$ & $0.404238$ & $0.389457$ & $-0.0210914$ & $0.06008$ & $0.0653629$ & $-0.0593726$ & $0.0713197$ & $0.526659$ & $0.0485558$ & $-0.0195943$ & $-0.0247832$ & $-0.000423948$ & $0.0438753$ & $-0.0163271$ & $-0.0834623$ & $-0.00163889$ & $-0.000365973$ & $0.0214849$ & $-0.00705854$ & $0.0616697$ & $0.0315293$ & $-0.0659773$ & $0.031907$ \\
CHWHB_gaga & $0.0181269$ & $-0.0408395$ & $-0.0597199$ & $-0.0173755$ & $-0.0155384$ & $-0.0188204$ & $-0.0363644$ & $0.989605$ & $1$ & $-0.566785$ & $-0.856907$ & $-0.188524$ & $0.0826392$ & $0.285039$ & $0.44582$ & $0.458339$ & $-0.199503$ & $-0.373533$ & $-0.371537$ & $0.842756$ & $0.869666$ & $0.863484$ & $0.0283753$ & $-0.601174$ & $-0.353733$ & $-0.589857$ & $0.399612$ & $0.385548$ & $-0.0159694$ & $0.0825247$ & $0.0838182$ & $-0.0417577$ & $0.0939668$ & $0.524052$ & $0.045$ & $-0.0272257$ & $-0.0274656$ & $0.00419382$ & $0.0387364$ & $-0.0202556$ & $-0.0863622$ & $-0.0063666$ & $0.0414607$ & $0.0251428$ & $-0.00112833$ & $0.068736$ & $0.0334832$ & $-0.0744078$ & $0.0310821$ \\
CHWHB_gagaorth & $0.0261341$ & $0.0379637$ & $0.019608$ & $-0.00112774$ & $0.00861299$ & $-0.00669224$ & $0.195105$ & $-0.571137$ & $-0.566785$ & $1$ & $0.490156$ & $0.470699$ & $-0.259967$ & $-0.150451$ & $-0.251949$ & $-0.257394$ & $0.120296$ & $0.221417$ & $0.21762$ & $-0.48253$ & $-0.498298$ & $-0.497386$ & $-0.0248474$ & $0.358167$ & $0.212378$ & $0.344233$ & $-0.225238$ & $-0.214142$ & $-0.0455879$ & $-0.231353$ & $-0.159824$ & $0.203346$ & $-0.255701$ & $-0.307838$ & $-0.0136735$ & $0.0168233$ & $0.0329156$ & $0.0169496$ & $-0.030418$ & $0.0296261$ & $0.00203956$ & $0.00135733$ & $-0.00129621$ & $0.0240743$ & $-0.0117567$ & $-0.039635$ & $-0.0462648$ & $0.0731538$ & $0.00571253$ \\
CHD & $-0.051993$ & $0.0558942$ & $0.0223053$ & $-0.00037994$ & $0.0337307$ & $0.14543$ & $0.131554$ & $-0.869476$ & $-0.856907$ & $0.490156$ & $1$ & $0.288876$ & $-0.149602$ & $-0.687964$ & $-0.577399$ & $-0.560654$ & $-0.288698$ & $-0.064694$ & $-0.0671335$ & $-0.995011$ & $-0.99525$ & $-0.983365$ & $0.0158447$ & $0.175684$ & $-0.100123$ & $0.682477$ & $-0.287622$ & $-0.436688$ & $0.0164102$ & $-0.112192$ & $-0.102997$ & $0.140376$ & $-0.142379$ & $-0.316158$ & $-0.0327831$ & $-0.0185464$ & $0.0236521$ & $0.013556$ & $-0.0588307$ & $0.00364756$ & $0.0645403$ & $0.00792087$ & $0.0226556$ & $-0.0279291$ & $0.0261262$ & $-0.0624218$ & $-0.0326492$ & $0.0154233$ & $-0.0232696$ \\
CHbox & $0.0294396$ & $-0.0302451$ & $-0.00689592$ & $0.0294128$ & $0.00826705$ & $0.0516649$ & $0.548509$ & $-0.188071$ & $-0.188524$ & $0.470699$ & $0.288876$ & $1$ & $-0.684072$ & $-0.274851$ & $-0.134492$ & $-0.0776158$ & $-0.218298$ & $-0.150934$ & $-0.180445$ & $-0.280383$ & $-0.291546$ & $-0.288647$ & $-0.0193322$ & $-0.05814$ & $-0.163162$ & $0.211773$ & $-0.101986$ & $-0.150226$ & $-0.125493$ & $-0.466239$ & $-0.332273$ & $0.513563$ & $-0.507949$ & $-0.0777992$ & $0.00195048$ & $-0.0792442$ & $0.0142735$ & $0.0218902$ & $0.0397258$ & $0.020094$ & $-0.0650229$ & $-0.00335247$ & $0.0218281$ & $-0.000825065$ & $-0.0206984$ & $-0.0612701$ & $-0.029875$ & $0.0292887$ & $-0.0277611$ \\
CH & $0.0718973$ & $0.0372328$ & $0.0050846$ & $-0.0667657$ & $-0.00439564$ & $-0.0225425$ & $-0.78394$ & $0.0726087$ & $0.0826392$ & $-0.259967$ & $-0.149602$ & $-0.684072$ & $1$ & $0.165806$ & $0.0646596$ & $0.0295888$ & $0.161986$ & $0.124877$ & $0.142439$ & $0.146737$ & $0.150425$ & $0.148585$ & $0.0108796$ & $0.0727952$ & $0.127216$ & $-0.106867$ & $0.0520478$ & $0.0887529$ & $0.218684$ & $0.748115$ & $0.475117$ & $-0.694848$ & $0.770079$ & $0.0263519$ & $0.103204$ & $0.124054$ & $-0.0252648$ & $0.00105769$ & $-0.0500675$ & $-0.0397711$ & $0.0938405$ & $-0.00233729$ & $-0.0215362$ & $0.00283458$ & $0.0118877$ & $0.0529645$ & $0.0191774$ & $-0.0342431$ & $0.0038357$ \\
CHL1_11 & $0.0478804$ & $-0.0468045$ & $0.0412898$ & $0.027816$ & $-0.0395313$ & $-0.0474716$ & $-0.159793$ & $0.29504$ & $0.285039$ & $-0.150451$ & $-0.687964$ & $-0.274851$ & $0.165806$ & $1$ & $0.425705$ & $0.37267$ & $0.651091$ & $0.6033$ & $0.606914$ & $0.693898$ & $0.663924$ & $0.648884$ & $-0.0746054$ & $0.438481$ & $0.607952$ & $-0.465023$ & $-0.0160047$ & $0.282479$ & $-0.00601399$ & $0.123424$ & $0.100008$ & $-0.172594$ & $0.158915$ & $-0.155331$ & $-0.00442786$ & $0.0683373$ & $-0.0109931$ & $-0.0261799$ & $0.0513607$ & $0.00820082$ & $-0.0247439$ & $-0.0156164$ & $-0.0371923$ & $0.0155789$ & $-0.0573531$ & $0.0412123$ & $0.0246923$ & $0.0573507$ & $-0.00114967$ \\
CHL1_22 & $0.0348668$ & $-0.023201$ & $0.0152702$ & $0.00039053$ & $-0.0222312$ & $-0.0880895$ & $-0.0679924$ & $0.453884$ & $0.44582$ & $-0.251949$ & $-0.577399$ & $-0.134492$ & $0.0646596$ & $0.425705$ & $1$ & $0.53048$ & $0.208304$ & $-0.271822$ & $0.0378015$ & $0.620533$ & $0.522622$ & $0.514286$ & $-0.16647$ & $0.0802992$ & $-0.0226467$ & $-0.348074$ & $-0.281713$ & $0.252844$ & $-0.00889706$ & $0.0634126$ & $0.0511558$ & $-0.0692731$ & $0.0791965$ & $-0.477978$ & $0.0206778$ & $0.0445862$ & $-0.000184044$ & $-0.0321309$ & $0.0240319$ & $0.0304578$ & $-0.0023603$ & $0.00717913$ & $0.00325184$ & $-0.00851241$ & $-0.00572822$ & $0.0349332$ & $0.0119078$ & $0.0379786$ & $-0.000868141$ \\
CHL1_33 & $0.0348123$ & $-0.057336$ & $-0.0342262$ & $-0.0320716$ & $-0.00757644$ & $-0.075452$ & $-0.0407225$ & $0.467515$ & $0.458339$ & $-0.257394$ & $-0.560654$ & $-0.0776158$ & $0.0295888$ & $0.37267$ & $0.53048$ & $1$ & $0.156552$ & $-0.0116332$ & $-0.314509$ & $0.601706$ & $0.508029$ & $0.513019$ & $-0.133584$ & $0.0275396$ & $-0.0621693$ & $-0.362274$ & $-0.255189$ & $0.234038$ & $-0.0145364$ & $0.0381547$ & $0.0338002$ & $-0.0448024$ & $0.0439549$ & $-0.0051293$ & $0.0426171$ & $0.00148317$ & $0.0080212$ & $-0.00761808$ & $0.031489$ & $0.0179043$ & $-0.0417621$ & $-0.0415392$ & $-0.0135546$ & $0.0393565$ & $0.0182255$ & $0.0110299$ & $0.0265087$ & $-0.0167694$ & $0.0138999$ \\
CHL3_11 & $0.0370457$ & $-0.0495024$ & $0.0411518$ & $0.0344471$ & $-0.0170272$ & $-0.378994$ & $-0.159289$ & $-0.19524$ & $-0.199503$ & $0.120296$ & $-0.288698$ & $-0.218298$ & $0.161986$ & $0.651091$ & $0.208304$ & $0.156552$ & $1$ & $0.826148$ & $0.826366$ & $0.296866$ & $0.267395$ & $0.258166$ & $-0.049128$ & $0.762301$ & $0.868376$ & $-0.193401$ & $-0.108626$ & $0.111942$ & $0.00946015$ & $0.103671$ & $0.0809391$ & $-0.165571$ & $0.144687$ & $-0.248804$ & $-0.0337551$ & $0.0582811$ & $-0.00159466$ & $-0.015412$ & $0.0294782$ & $0.02499$ & $0.0376945$ & $-0.00531661$ & $-0.0490693$ & $0.0216517$ & $-0.0301888$ & $0.000333078$ & $0.00432879$ & $0.0942983$ & $-0.0149304$ \\
CHL3_22 & $0.0232594$ & $-0.0423547$ & $0.042923$ & $0.0328847$ & $-0.0161145$ & $-0.194291$ & $-0.122306$ & $-0.372064$ & $-0.373533$ & $0.221417$ & $-0.064694$ & $-0.150934$ & $0.124877$ & $0.6033$ & $-0.271822$ & $-0.0116332$ & $0.826148$ & $1$ & $0.788751$ & $0.0589693$ & $0.0626453$ & $0.0563672$ & $0.00766103$ & $0.730208$ & $0.87237$ & $-0.0611954$ & $-0.0202463$ & $0.008843$ & $0.0102555$ & $0.0746494$ & $0.0547881$ & $-0.130792$ & $0.10462$ & $-0.0545928$ & $-0.0364295$ & $0.0462313$ & $0.00030184$ & $-0.00677764$ & $0.0232794$ & $0.00503141$ & $0.0210607$ & $-0.0178956$ & $-0.0482571$ & $0.0262623$ & $-0.0379249$ & $-0.00859756$ & $0.00101681$ & $0.0696778$ & $-0.0126227$ \\
CHL3_33 & $0.0229972$ & $-0.0214662$ & $0.0697432$ & $0.0559149$ & $-0.0253043$ & $-0.195927$ & $-0.134048$ & $-0.370637$ & $-0.371537$ & $0.21762$ & $-0.0671335$ & $-0.180445$ & $0.142439$ & $0.606914$ & $0.0378015$ & $-0.314509$ & $0.826366$ & $0.788751$ & $1$ & $0.0623439$ & $0.0652485$ & $0.06236$ & $-0.0136278$ & $0.733323$ & $0.866449$ & $-0.0430637$ & $-0.0276472$ & $0.0201015$ & $0.016325$ & $0.0889965$ & $0.064529$ & $-0.140169$ & $0.123404$ & $-0.360334$ & $-0.0474014$ & $0.0778386$ & $-0.00415385$ & $-0.0242752$ & $0.023578$ & $0.0102613$ & $0.0484724$ & $0.013347$ & $-0.0370397$ & $-0.00487491$ & $-0.0505002$ & $0.00591094$ & $-0.00800035$ & $0.102426$ & $-0.0220999$ \\
CHe_11 & $0.0468311$ & $-0.0440504$ & $-0.0147411$ & $0.000106291$ & $-0.0272708$ & $-0.145105$ & $-0.128554$ & $0.855181$ & $0.842756$ & $-0.48253$ & $-0.995011$ & $-0.280383$ & $0.146737$ & $0.693898$ & $0.620533$ & $0.601706$ & $0.296866$ & $0.0589693$ & $0.0623439$ & $1$ & $0.985586$ & $0.973653$ & $-0.0332594$ & $-0.146108$ & $0.102175$ & $-0.674956$ & $0.236797$ & $0.435075$ & $-0.0160469$ & $0.111728$ & $0.0998141$ & $-0.136958$ & $0.141692$ & $0.261567$ & $0.0355275$ & $0.0233757$ & $-0.0191074$ & $-0.0175751$ & $0.0583836$ & $-0.00109331$ & $-0.0659348$ & $-0.00872759$ & $-0.0206642$ & $0.0274021$ & $-0.0233764$ & $0.05945$ & $0.0282531$ & $-0.01504$ & $0.0262394$ \\
CHe_22 & $0.0439998$ & $-0.0378212$ & $-0.0214676$ & $0.0017702$ & $-0.0245474$ & $-0.145352$ & $-0.129974$ & $0.88202$ & $0.869666$ & $-0.498298$ & $-0.99525$ & $-0.291546$ & $0.150425$ & $0.663924$ & $0.522622$ & $0.508029$ & $0.267395$ & $0.0626453$ & $0.0652485$ & $0.985586$ & $1$ & $0.986665$ & $0.00320226$ & $-0.214985$ & $0.0901733$ & $-0.683608$ & $0.34591$ & $0.436508$ & $-0.0152264$ & $0.111653$ & $0.102915$ & $-0.138615$ & $0.14226$ & $0.380239$ & $0.0311788$ & $0.0155867$ & $-0.0240247$ & $-0.0108181$ & $0.0588288$ & $-0.0068205$ & $-0.0706445$ & $-0.0052723$ & $-0.0206086$ & $0.0257637$ & $-0.0259158$ & $0.061818$ & $0.0315555$ & $-0.0217765$ & $0.0282072$ \\
CHe_33 & $0.0401247$ & $-0.0438034$ & $-0.0243562$ & $0.0034924$ & $-0.0245899$ & $-0.145068$ & $-0.125089$ & $0.875601$ & $0.863484$ & $-0.497386$ & $-0.983365$ & $-0.288647$ & $0.148585$ & $0.648884$ & $0.514286$ & $0.513019$ & $0.258166$ & $0.0563672$ & $0.06236$ & $0.973653$ & $0.986665$ & $1$ & $0.0066917$ & $-0.219418$ & $0.0830556$ & $-0.677206$ & $0.345862$ & $0.433244$ & $-0.0109029$ & $0.107877$ & $0.0992149$ & $-0.133384$ & $0.137129$ & $0.38326$ & $0.0408435$ & $0.0155254$ & $-0.0203866$ & $-0.0124978$ & $0.0565837$ & $-0.00490926$ & $-0.0709778$ & $-0.00551007$ & $-0.0156571$ & $0.0278243$ & $-0.0270885$ & $0.0634597$ & $0.0344239$ & $-0.0231622$ & $0.0276185$ \\
CHQ1_11 & $0.00258483$ & $-0.0131418$ & $0.00977337$ & $-0.00949072$ & $0.0129198$ & $-0.0387113$ & $-0.0028381$ & $0.0297014$ & $0.0283753$ & $-0.0248474$ & $0.0158447$ & $-0.0193322$ & $0.0108796$ & $-0.0746054$ & $-0.16647$ & $-0.133584$ & $-0.049128$ & $0.00766103$ & $-0.0136278$ & $-0.0332594$ & $0.00320226$ & $0.0066917$ & $1$ & $-0.100756$ & $0.0507265$ & $-0.581761$ & $0.328682$ & $-0.0398968$ & $-0.032105$ & $-0.0207905$ & $0.0181546$ & $-0.0052658$ & $-0.00815349$ & $0.192522$ & $-0.00397423$ & $0.0241382$ & $0.0246923$ & $0.00722618$ & $-0.0546821$ & $-0.0055977$ & $-0.0382002$ & $-0.0306173$ & $-0.0446641$ & $-0.0413592$ & $-0.0137822$ & $-0.00820724$ & $0.00718075$ & $-0.0347858$ & $0.0148642$ \\
CHQ1_33 & $-0.0194337$ & $-0.0302096$ & $0.0628751$ & $0.0361347$ & $-0.0097782$ & $-0.154223$ & $-0.0856838$ & $-0.602706$ & $-0.601174$ & $0.358167$ & $0.175684$ & $-0.05814$ & $0.0727952$ & $0.438481$ & $0.0802992$ & $0.0275396$ & $0.762301$ & $0.730208$ & $0.733323$ & $-0.146108$ & $-0.214985$ & $-0.219418$ & $-0.100756$ & $1$ & $0.7651$ & $0.137163$ & $-0.364965$ & $-0.0233011$ & $0.0206148$ & $0.0540717$ & $0.0227124$ & $-0.0891458$ & $0.0674361$ & $-0.605981$ & $-0.0469158$ & $0.0633765$ & $0.0209179$ & $-0.0182874$ & $-0.00586356$ & $0.0321679$ & $0.0556935$ & $-0.0109838$ & $-0.0264235$ & $-0.000744918$ & $-0.0369976$ & $-0.0311712$ & $-0.0253514$ & $0.108248$ & $-0.0270364$ \\
CHQ3_11 & $-0.0397627$ & $-0.0418413$ & $0.0387929$ & $0.0490276$ & $-0.00935583$ & $-0.237036$ & $-0.13293$ & $-0.350878$ & $-0.353733$ & $0.212378$ & $-0.100123$ & $-0.163162$ & $0.127216$ & $0.607952$ & $-0.0226467$ & $-0.0621693$ & $0.868376$ & $0.87237$ & $0.866449$ & $0.102175$ & $0.0901733$ & $0.0830556$ & $0.0507265$ & $0.7651$ & $1$ & $-0.0649789$ & $0.133304$ & $0.034591$ & $0.00724741$ & $0.0770902$ & $0.0583816$ & $-0.139676$ & $0.109883$ & $-0.252821$ & $-0.0390386$ & $0.0653803$ & $0.020543$ & $-0.00472023$ & $0.020513$ & $0.0230799$ & $0.0275929$ & $-0.0165462$ & $-0.0405792$ & $0.0231153$ & $-0.0612865$ & $-0.00459322$ & $-0.00591114$ & $0.0739144$ & $-0.00768315$ \\
CHu_11 & $-0.0494141$ & $0.0383761$ & $-0.00318599$ & $0.0148689$ & $0.0253278$ & $0.116274$ & $0.086328$ & $-0.599491$ & $-0.589857$ & $0.344233$ & $0.682477$ & $0.211773$ & $-0.106867$ & $-0.465023$ & $-0.348074$ & $-0.362274$ & $-0.193401$ & $-0.0611954$ & $-0.0430637$ & $-0.674956$ & $-0.683608$ & $-0.677206$ & $-0.581761$ & $0.137163$ & $-0.0649789$ & $1$ & $-0.201215$ & $-0.26274$ & $0.0241474$ & $-0.0611747$ & $-0.0841138$ & $0.0970983$ & $-0.0884707$ & $-0.267052$ & $-0.00156325$ & $-0.0356431$ & $0.00495063$ & $0.0249778$ & $-0.00139994$ & $0.00695052$ & $0.0728798$ & $0.0365198$ & $0.0459883$ & $0.0143301$ & $0.0262734$ & $-0.0342213$ & $-0.0288686$ & $0.0145613$ & $-0.0123148$ \\
CHd_11 & $-0.00877598$ & $-0.00484025$ & $-0.0497048$ & $0.03357$ & $0.0232276$ & $-0.0593118$ & $-0.0420794$ & $0.404238$ & $0.399612$ & $-0.225238$ & $-0.287622$ & $-0.101986$ & $0.0520478$ & $-0.0160047$ & $-0.281713$ & $-0.255189$ & $-0.108626$ & $-0.0202463$ & $-0.0276472$ & $0.236797$ & $0.34591$ & $0.345862$ & $0.328682$ & $-0.364965$ & $0.133304$ & $-0.201215$ & $1$ & $0.13546$ & $-0.0140828$ & $0.0272379$ & $0.031888$ & $-0.0406147$ & $0.0320067$ & $0.667484$ & $0.017541$ & $-0.021273$ & $-0.0046345$ & $0.036742$ & $0.0207503$ & $-0.022257$ & $-0.0502953$ & $-0.00636281$ & $-0.023838$ & $0.0104227$ & $-0.0652584$ & $0.0215849$ & $-0.00611502$ & $-0.0650617$ & $0.0339583$ \\
CHd_33 & $0.0353308$ & $-0.0122649$ & $0.0228483$ & $-0.00112617$ & $-0.0499743$ & $-0.0789864$ & $-0.0546352$ & $0.389457$ & $0.385548$ & $-0.214142$ & $-0.436688$ & $-0.150226$ & $0.0887529$ & $0.282479$ & $0.252844$ & $0.234038$ & $0.111942$ & $0.008843$ & $0.0201015$ & $0.435075$ & $0.436508$ & $0.433244$ & $-0.0398968$ & $-0.0233011$ & $0.034591$ & $-0.26274$ & $0.13546$ & $1$ & $0.022432$ & $0.0638987$ & $0.0407917$ & $-0.0493948$ & $0.073508$ & $0.149338$ & $0.024161$ & $-0.000624107$ & $-0.0282281$ & $0.00368263$ & $0.0352834$ & $0.0146599$ & $-0.0433162$ & $0.0326179$ & $0.0104777$ & $0.00822089$ & $0.0299886$ & $0.0320942$ & $0.0277947$ & $0.0334573$ & $0.0120528$ \\
CeH_22r & $0.0110052$ & $-0.00353626$ & $-0.0153972$ & $-0.0527056$ & $0.0168413$ & $0.0160736$ & $-0.166002$ & $-0.0210914$ & $-0.0159694$ & $-0.0455879$ & $0.0164102$ & $-0.125493$ & $0.218684$ & $-0.00601399$ & $-0.00889706$ & $-0.0145364$ & $0.00946015$ & $0.0102555$ & $0.016325$ & $-0.0160469$ & $-0.0152264$ & $-0.0109029$ & $-0.032105$ & $0.0206148$ & $0.00724741$ & $0.0241474$ & $-0.0140828$ & $0.022432$ & $1$ & $0.205471$ & $0.127921$ & $-0.154502$ & $0.200175$ & $-0.0118895$ & $0.0408242$ & $0.0417827$ & $-0.0625368$ & $-0.00769869$ & $-0.0296083$ & $0.0106121$ & $0.0661542$ & $0.0146986$ & $-0.00977456$ & $0.0162553$ & $0.0209849$ & $0.0120039$ & $0.00389434$ & $-0.0332466$ & $0.00207032$ \\
CeH_33r & $0.0750537$ & $0.0239214$ & $-0.00659569$ & $-0.0720232$ & $-0.000294458$ & $-0.00489101$ & $-0.60708$ & $0.06008$ & $0.0825247$ & $-0.231353$ & $-0.112192$ & $-0.466239$ & $0.748115$ & $0.123424$ & $0.0634126$ & $0.0381547$ & $0.103671$ & $0.0746494$ & $0.0889965$ & $0.111728$ & $0.111653$ & $0.107877$ & $-0.0207905$ & $0.0540717$ & $0.0770902$ & $-0.0611747$ & $0.0272379$ & $0.0638987$ & $0.205471$ & $1$ & $0.554807$ & $-0.467074$ & $0.853014$ & $0.00497344$ & $0.0396677$ & $0.0616224$ & $-0.103711$ & $0.00234021$ & $-0.0377299$ & $-0.0289263$ & $0.0798957$ & $0.00133568$ & $-0.0126277$ & $-0.0398995$ & $0.0546855$ & $0.0744027$ & $0.0288732$ & $-0.0158732$ & $0.00568072$ \\
CuH_22r & $0.0289936$ & $-0.0285848$ & $0.00138782$ & $-0.0148725$ & $0.0061571$ & $-0.00297808$ & $-0.388762$ & $0.0653629$ & $0.0838182$ & $-0.159824$ & $-0.102997$ & $-0.332273$ & $0.475117$ & $0.100008$ & $0.0511558$ & $0.0338002$ & $0.0809391$ & $0.0547881$ & $0.064529$ & $0.0998141$ & $0.102915$ & $0.0992149$ & $0.0181546$ & $0.0227124$ & $0.0583816$ & $-0.0841138$ & $0.031888$ & $0.0407917$ & $0.127921$ & $0.554807$ & $1$ & $-0.285446$ & $0.603431$ & $0.020105$ & $-0.00473459$ & $-0.0468364$ & $-0.144845$ & $-0.0182452$ & $-0.0302256$ & $-0.0281903$ & $-0.0165621$ & $-0.0302865$ & $-0.00807864$ & $-0.029155$ & $0.0631958$ & $0.0839739$ & $0.253981$ & $0.0509171$ & $0.0273305$ \\
CuH_33r & $-0.0217989$ & $0.00439155$ & $0.0113218$ & $0.0120357$ & $0.0115029$ & $0.0337041$ & $0.953754$ & $-0.0593726$ & $-0.0417577$ & $0.203346$ & $0.140376$ & $0.513563$ & $-0.694848$ & $-0.172594$ & $-0.0692731$ & $-0.0448024$ & $-0.165571$ & $-0.130792$ & $-0.140169$ & $-0.136958$ & $-0.138615$ & $-0.133384$ & $-0.0052658$ & $-0.0891458$ & $-0.139676$ & $0.0970983$ & $-0.0406147$ & $-0.0493948$ & $-0.154502$ & $-0.467074$ & $-0.285446$ & $1$ & $-0.474833$ & $-0.00664977$ & $-0.0237881$ & $-0.100553$ & $0.0444507$ & $0.00564682$ & $0.0130732$ & $0.00398936$ & $-0.0726095$ & $-0.00918861$ & $0.0444284$ & $0.0267267$ & $0.0578825$ & $-0.0595874$ & $-0.0370085$ & $-0.00286691$ & $0.00440902$ \\
CdH_33r & $0.0719211$ & $0.0286306$ & $0.0377096$ & $-0.0955378$ & $0.013524$ & $-0.028255$ & $-0.637576$ & $0.0713197$ & $0.0939668$ & $-0.255701$ & $-0.142379$ & $-0.507949$ & $0.770079$ & $0.158915$ & $0.0791965$ & $0.0439549$ & $0.144687$ & $0.10462$ & $0.123404$ & $0.141692$ & $0.14226$ & $0.137129$ & $-0.00815349$ & $0.0674361$ & $0.109883$ & $-0.0884707$ & $0.0320067$ & $0.073508$ & $0.200175$ & $0.853014$ & $0.603431$ & $-0.474833$ & $1$ & $0.00583516$ & $0.0646491$ & $0.0567219$ & $-0.12687$ & $-0.0178775$ & $-0.0436039$ & $-0.0356048$ & $0.0344437$ & $-0.00180982$ & $-0.00916208$ & $-0.0362677$ & $0.0669839$ & $0.106938$ & $0.0426105$ & $0.019576$ & $0.219144$ \\
CLL_1221 & $-0.00534947$ & $0.0200839$ & $-0.0693337$ & $-0.013075$ & $0.011302$ & $-0.0734071$ & $-0.00463903$ & $0.526659$ & $0.524052$ & $-0.307838$ & $-0.316158$ & $-0.0777992$ & $0.0263519$ & $-0.155331$ & $-0.477978$ & $-0.0051293$ & $-0.248804$ & $-0.0545928$ & $-0.360334$ & $0.261567$ & $0.380239$ & $0.38326$ & $0.192522$ & $-0.605981$ & $-0.252821$ & $-0.267052$ & $0.667484$ & $0.149338$ & $-0.0118895$ & $0.00497344$ & $0.020105$ & $-0.00664977$ & $0.00583516$ & $1$ & $0.0236439$ & $-0.0635187$ & $-0.0180259$ & $0.0360588$ & $0.0170511$ & $-0.0389045$ & $-0.0706479$ & $-0.00443262$ & $-0.0056213$ & $0.025564$ & $0.00515496$ & $0.0212923$ & $0.0151708$ & $-0.0952163$ & $0.0355567$ \\
eHggint & $0.0646513$ & $0.0194625$ & $-0.0013492$ & $-0.146794$ & $0.027507$ & $0.00564778$ & $-0.0664754$ & $0.0485558$ & $0.045$ & $-0.0136735$ & $-0.0327831$ & $0.00195048$ & $0.103204$ & $-0.00442786$ & $0.0206778$ & $0.0426171$ & $-0.0337551$ & $-0.0364295$ & $-0.0474014$ & $0.0355275$ & $0.0311788$ & $0.0408435$ & $-0.00397423$ & $-0.0469158$ & $-0.0390386$ & $-0.00156325$ & $0.017541$ & $0.024161$ & $0.0408242$ & $0.0396677$ & $-0.00473459$ & $-0.0237881$ & $0.0646491$ & $0.0236439$ & $1$ & $0.193996$ & $0.0695232$ & $-0.091978$ & $-0.114645$ & $0.041982$ & $-0.0365201$ & $0.0380962$ & $0.0324321$ & $0.110726$ & $0.00397173$ & $0.0054304$ & $-0.015151$ & $-0.206249$ & $0.246623$ \\
eHggpar & $-0.0166318$ & $0.0557866$ & $0.00163429$ & $0.132936$ & $-0.0264613$ & $-0.0288399$ & $-0.123396$ & $-0.0195943$ & $-0.0272257$ & $0.0168233$ & $-0.0185464$ & $-0.0792442$ & $0.124054$ & $0.0683373$ & $0.0445862$ & $0.00148317$ & $0.0582811$ & $0.0462313$ & $0.0778386$ & $0.0233757$ & $0.0155867$ & $0.0155254$ & $0.0241382$ & $0.0633765$ & $0.0653803$ & $-0.0356431$ & $-0.021273$ & $-0.000624107$ & $0.0417827$ & $0.0616224$ & $-0.0468364$ & $-0.100553$ & $0.0567219$ & $-0.0635187$ & $0.193996$ & $1$ & $0.169707$ & $-0.0062629$ & $0.12383$ & $0.0228877$ & $0.19369$ & $0.0649049$ & $-0.0521609$ & $-0.0687547$ & $-0.0712894$ & $-0.164586$ & $-0.234463$ & $0.0324531$ & $-0.0133615$ \\
eHWWint & $-0.208255$ & $0.102999$ & $0.0303419$ & $0.134378$ & $0.0499255$ & $-0.0332203$ & $0.0564716$ & $-0.0247832$ & $-0.0274656$ & $0.0329156$ & $0.0236521$ & $0.0142735$ & $-0.0252648$ & $-0.0109931$ & $-0.000184044$ & $0.0080212$ & $-0.00159466$ & $0.00030184$ & $-0.00415385$ & $-0.0191074$ & $-0.0240247$ & $-0.0203866$ & $0.0246923$ & $0.0209179$ & $0.020543$ & $0.00495063$ & $-0.0046345$ & $-0.0282281$ & $-0.0625368$ & $-0.103711$ & $-0.144845$ & $0.0444507$ & $-0.12687$ & $-0.0180259$ & $0.0695232$ & $0.169707$ & $1$ & $-0.0635769$ & $0.00199754$ & $-0.0287822$ & $-0.0259607$ & $0.0241708$ & $0.00637847$ & $0.119075$ & $0.0739306$ & $-0.0437184$ & $-0.197831$ & $-0.103592$ & $0.00988978$ \\
eHWWpar & $-0.0272912$ & $0.00586783$ & $0.0335779$ & $-0.000856064$ & $-0.0419672$ & $0.00267732$ & $0.00881546$ & $-0.000423948$ & $0.00419382$ & $0.0169496$ & $0.013556$ & $0.0218902$ & $0.00105769$ & $-0.0261799$ & $-0.0321309$ & $-0.00761808$ & $-0.015412$ & $-0.00677764$ & $-0.0242752$ & $-0.0175751$ & $-0.0108181$ & $-0.0124978$ & $0.00722618$ & $-0.0182874$ & $-0.00472023$ & $0.0249778$ & $0.036742$ & $0.00368263$ & $-0.00769869$ & $0.00234021$ & $-0.0182452$ & $0.00564682$ & $-0.0178775$ & $0.0360588$ & $-0.091978$ & $-0.0062629$ & $-0.0635769$ & $1$ & $0.0104531$ & $-0.012987$ & $-0.00641481$ & $0.00948172$ & $0.0110024$ & $-0.0556854$ & $0.0545819$ & $0.0162862$ & $0.0410108$ & $-0.0253816$ & $-0.04461$ \\
eHZZint & $0.0866607$ & $-0.0412322$ & $0.0922633$ & $0.20023$ & $-0.00681245$ & $0.0151812$ & $0.0196271$ & $0.0438753$ & $0.0387364$ & $-0.030418$ & $-0.0588307$ & $0.0397258$ & $-0.0500675$ & $0.0513607$ & $0.0240319$ & $0.031489$ & $0.0294782$ & $0.0232794$ & $0.023578$ & $0.0583836$ & $0.0588288$ & $0.0565837$ & $-0.0546821$ & $-0.00586356$ & $0.020513$ & $-0.00139994$ & $0.0207503$ & $0.0352834$ & $-0.0296083$ & $-0.0377299$ & $-0.0302256$ & $0.0130732$ & $-0.0436039$ & $0.0170511$ & $-0.114645$ & $0.12383$ & $0.00199754$ & $0.0104531$ & $1$ & $-0.0569223$ & $0.000952485$ & $0.00624978$ & $0.0208278$ & $0.0203624$ & $-0.085995$ & $-0.154693$ & $-0.0335874$ & $-0.0505681$ & $0.0409124$ \\
eHZZpar & $-0.029578$ & $-0.00847968$ & $-0.0426382$ & $0.0124815$ & $-0.0397357$ & $-0.00674314$ & $0.0113083$ & $-0.0163271$ & $-0.0202556$ & $0.0296261$ & $0.00364756$ & $0.020094$ & $-0.0397711$ & $0.00820082$ & $0.0304578$ & $0.0179043$ & $0.02499$ & $0.00503141$ & $0.0102613$ & $-0.00109331$ & $-0.0068205$ & $-0.00490926$ & $-0.0055977$ & $0.0321679$ & $0.0230799$ & $0.00695052$ & $-0.022257$ & $0.0146599$ & $0.0106121$ & $-0.0289263$ & $-0.0281903$ & $0.00398936$ & $-0.0356048$ & $-0.0389045$ & $0.041982$ & $0.0228877$ & $-0.0287822$ & $-0.012987$ & $-0.0569223$ & $1$ & $0.0229144$ & $0.0281839$ & $-0.0281135$ & $0.0375369$ & $0.00476535$ & $-0.00436748$ & $-0.0252904$ & $-0.00450161$ & $-0.0222041$ \\
eHZgaint & $0.0667112$ & $-0.0195549$ & $-0.153018$ & $-0.155261$ & $-0.0476126$ & $-0.0346971$ & $-0.0805371$ & $-0.0834623$ & $-0.0863622$ & $0.00203956$ & $0.0645403$ & $-0.0650229$ & $0.0938405$ & $-0.0247439$ & $-0.0023603$ & $-0.0417621$ & $0.0376945$ & $0.0210607$ & $0.0484724$ & $-0.0659348$ & $-0.0706445$ & $-0.0709778$ & $-0.0382002$ & $0.0556935$ & $0.0275929$ & $0.0728798$ & $-0.0502953$ & $-0.0433162$ & $0.0661542$ & $0.0798957$ & $-0.0165621$ & $-0.0726095$ & $0.0344437$ & $-0.0706479$ & $-0.0365201$ & $0.19369$ & $-0.0259607$ & $-0.00641481$ & $0.000952485$ & $0.0229144$ & $1$ & $-0.039202$ & $-0.084615$ & $-0.0433604$ & $-0.0290782$ & $-0.132263$ & $-0.198194$ & $0.062899$ & $-0.227643$ \\
eHZgapar & $-0.00683955$ & $0.00743546$ & $0.0296378$ & $0.0779854$ & $0.00671331$ & $-0.0158773$ & $-0.0130349$ & $-0.00163889$ & $-0.0063666$ & $0.00135733$ & $0.00792087$ & $-0.00335247$ & $-0.00233729$ & $-0.0156164$ & $0.00717913$ & $-0.0415392$ & $-0.00531661$ & $-0.0178956$ & $0.013347$ & $-0.00872759$ & $-0.0052723$ & $-0.00551007$ & $-0.0306173$ & $-0.0109838$ & $-0.0165462$ & $0.0365198$ & $-0.00636281$ & $0.0326179$ & $0.0146986$ & $0.00133568$ & $-0.0302865$ & $-0.00918861$ & $-0.00180982$ & $-0.00443262$ & $0.0380962$ & $0.0649049$ & $0.0241708$ & $0.00948172$ & $0.00624978$ & $0.0281839$ & $-0.039202$ & $1$ & $0.0425861$ & $0.0559559$ & $-0.00863314$ & $-0.0822267$ & $-0.0644924$ & $-0.00485191$ & $-0.020501$ \\
eHgagaint & $-0.204502$ & $0.06765$ & $-0.264057$ & $0.0255022$ & $0.0161542$ & $-0.00762916$ & $0.0387782$ & $-0.000365973$ & $0.0414607$ & $-0.00129621$ & $0.0226556$ & $0.0218281$ & $-0.0215362$ & $-0.0371923$ & $0.00325184$ & $-0.0135546$ & $-0.0490693$ & $-0.0482571$ & $-0.0370397$ & $-0.0206642$ & $-0.0206086$ & $-0.0156571$ & $-0.0446641$ & $-0.0264235$ & $-0.0405792$ & $0.0459883$ & $-0.023838$ & $0.0104777$ & $-0.00977456$ & $-0.0126277$ & $-0.00807864$ & $0.0444284$ & $-0.00916208$ & $-0.0056213$ & $0.0324321$ & $-0.0521609$ & $0.00637847$ & $0.0110024$ & $0.0208278$ & $-0.0281135$ & $-0.084615$ & $0.0425861$ & $1$ & $0.183592$ & $-0.0143248$ & $0.111787$ & $-8.15831e-05$ & $-0.16068$ & $0.039978$ \\
eHmumuint & $-0.0765227$ & $-0.174813$ & $-0.0471974$ & $0.0707044$ & $0.013093$ & $-0.033987$ & $0.0255346$ & $0.0214849$ & $0.0251428$ & $0.0240743$ & $-0.0279291$ & $-0.000825065$ & $0.00283458$ & $0.0155789$ & $-0.00851241$ & $0.0393565$ & $0.0216517$ & $0.0262623$ & $-0.00487491$ & $0.0274021$ & $0.0257637$ & $0.0278243$ & $-0.0413592$ & $-0.000744918$ & $0.0231153$ & $0.0143301$ & $0.0104227$ & $0.00822089$ & $0.0162553$ & $-0.0398995$ & $-0.029155$ & $0.0267267$ & $-0.0362677$ & $0.025564$ & $0.110726$ & $-0.0687547$ & $0.119075$ & $-0.0556854$ & $0.0203624$ & $0.0375369$ & $-0.0433604$ & $0.0559559$ & $0.183592$ & $1$ & $-0.198004$ & $0.13527$ & $-0.0804739$ & $-0.0850788$ & $-0.0110461$ \\
eHtautauint & $-0.0702844$ & $0.0331071$ & $-0.0568734$ & $-0.236629$ & $-0.0157679$ & $0.0210647$ & $0.0440545$ & $-0.00705854$ & $-0.00112833$ & $-0.0117567$ & $0.0261262$ & $-0.0206984$ & $0.0118877$ & $-0.0573531$ & $-0.00572822$ & $0.0182255$ & $-0.0301888$ & $-0.0379249$ & $-0.0505002$ & $-0.0233764$ & $-0.0259158$ & $-0.0270885$ & $-0.0137822$ & $-0.0369976$ & $-0.0612865$ & $0.0262734$ & $-0.0652584$ & $0.0299886$ & $0.0209849$ & $0.0546855$ & $0.0631958$ & $0.0578825$ & $0.0669839$ & $0.00515496$ & $0.00397173$ & $-0.0712894$ & $0.0739306$ & $0.0545819$ & $-0.085995$ & $0.00476535$ & $-0.0290782$ & $-0.00863314$ & $-0.0143248$ & $-0.198004$ & $1$ & $0.0264541$ & $0.240781$ & $0.0107364$ & $0.145466$ \\
eHccint & $-0.0435107$ & $-0.0519908$ & $-0.120686$ & $-0.0777006$ & $0.0189218$ & $-0.00424317$ & $-0.062379$ & $0.0616697$ & $0.068736$ & $-0.039635$ & $-0.0624218$ & $-0.0612701$ & $0.0529645$ & $0.0412123$ & $0.0349332$ & $0.0110299$ & $0.000333078$ & $-0.00859756$ & $0.00591094$ & $0.05945$ & $0.061818$ & $0.0634597$ & $-0.00820724$ & $-0.0311712$ & $-0.00459322$ & $-0.0342213$ & $0.0215849$ & $0.0320942$ & $0.0120039$ & $0.0744027$ & $0.0839739$ & $-0.0595874$ & $0.106938$ & $0.0212923$ & $0.0054304$ & $-0.164586$ & $-0.0437184$ & $0.0162862$ & $-0.154693$ & $-0.00436748$ & $-0.132263$ & $-0.0822267$ & $0.111787$ & $0.13527$ & $0.0264541$ & $1$ & $-0.00593339$ & $-0.00751492$ & $0.166327$ \\
eHccpar & $0.00835198$ & $-0.0660752$ & $0.00788796$ & $0.0464629$ & $-0.0361751$ & $0.0378953$ & $-0.032158$ & $0.0315293$ & $0.0334832$ & $-0.0462648$ & $-0.0326492$ & $-0.029875$ & $0.0191774$ & $0.0246923$ & $0.0119078$ & $0.0265087$ & $0.00432879$ & $0.00101681$ & $-0.00800035$ & $0.0282531$ & $0.0315555$ & $0.0344239$ & $0.00718075$ & $-0.0253514$ & $-0.00591114$ & $-0.0288686$ & $-0.00611502$ & $0.0277947$ & $0.00389434$ & $0.0288732$ & $0.253981$ & $-0.0370085$ & $0.0426105$ & $0.0151708$ & $-0.015151$ & $-0.234463$ & $-0.197831$ & $0.0410108$ & $-0.0335874$ & $-0.0252904$ & $-0.198194$ & $-0.0644924$ & $-8.15831e-05$ & $-0.0804739$ & $0.240781$ & $-0.00593339$ & $1$ & $0.0679171$ & $0.0536515$ \\
eHbbint & $0.144264$ & $-0.0712591$ & $0.12672$ & $0.107115$ & $0.002297$ & $0.013289$ & $-0.00284469$ & $-0.0659773$ & $-0.0744078$ & $0.0731538$ & $0.0154233$ & $0.0292887$ & $-0.0342431$ & $0.0573507$ & $0.0379786$ & $-0.0167694$ & $0.0942983$ & $0.0696778$ & $0.102426$ & $-0.01504$ & $-0.0217765$ & $-0.0231622$ & $-0.0347858$ & $0.108248$ & $0.0739144$ & $0.0145613$ & $-0.0650617$ & $0.0334573$ & $-0.0332466$ & $-0.0158732$ & $0.0509171$ & $-0.00286691$ & $0.019576$ & $-0.0952163$ & $-0.206249$ & $0.0324531$ & $-0.103592$ & $-0.0253816$ & $-0.0505681$ & $-0.00450161$ & $0.062899$ & $-0.00485191$ & $-0.16068$ & $-0.0850788$ & $0.0107364$ & $-0.00751492$ & $0.0679171$ & $1$ & $-0.199906$ \\
eHbbpar & $-0.0762536$ & $0.116638$ & $0.203443$ & $-0.139788$ & $0.00135606$ & $-0.0112409$ & $-0.00654652$ & $0.031907$ & $0.0310821$ & $0.00571253$ & $-0.0232696$ & $-0.0277611$ & $0.0038357$ & $-0.00114967$ & $-0.000868141$ & $0.0138999$ & $-0.0149304$ & $-0.0126227$ & $-0.0220999$ & $0.0262394$ & $0.0282072$ & $0.0276185$ & $0.0148642$ & $-0.0270364$ & $-0.00768315$ & $-0.0123148$ & $0.0339583$ & $0.0120528$ & $0.00207032$ & $0.00568072$ & $0.0273305$ & $0.00440902$ & $0.219144$ & $0.0355567$ & $0.246623$ & $-0.0133615$ & $0.00988978$ & $-0.04461$ & $0.0409124$ & $-0.0222041$ & $-0.227643$ & $-0.020501$ & $0.039978$ & $-0.0110461$ & $0.145466$ & $0.166327$ & $0.0536515$ & $-0.199906$ & $1$ \\
