 & AlsMz & dAle5Mz & mtop & mHl & Mz & CW & CHG & CHWB & CHWHB_gaga & CHWHB_gagaorth & CHD & CHbox & CH & CHL1_11 & CHL1_22 & CHL1_33 & CHL3_11 & CHL3_22 & CHL3_33 & CHe_11 & CHe_22 & CHe_33 & CHQ1_11 & CHQ1_33 & CHQ3_11 & CHu_11 & CHd_11 & CHd_33 & CeH_22r & CeH_33r & CuH_22r & CuH_33r & CdH_33r & CLL_1221 & eHggint & eHggpar & eHWWint & eHWWpar & eHZZint & eHZZpar & eHZgaint & eHZgapar & eHgagaint & eHmumuint & eHtautauint & eHccint & eHccpar & eHbbint & eHbbpar \\
AlsMz & $1$ & $0.104417$ & $-0.0571639$ & $0.0210878$ & $0.01591$ & $-0.0526212$ & $-0.0276682$ & $-0.0281971$ & $-0.0265195$ & $0.0765839$ & $-0.0261281$ & $0.0431555$ & $-0.0230127$ & $0.0558037$ & $0.0046483$ & $-0.000799249$ & $0.106689$ & $0.0839063$ & $0.0834148$ & $0.0271563$ & $0.0191605$ & $0.0175541$ & $-0.0797171$ & $0.0213751$ & $-0.00869374$ & $0.0148033$ & $-0.0328709$ & $0.0430105$ & $-0.00632614$ & $0.0232408$ & $-0.0504003$ & $-0.036989$ & $0.0984769$ & $-0.00974492$ & $-0.103568$ & $-0.116943$ & $-0.147159$ & $0.0276022$ & $0.035519$ & $-0.00563112$ & $-0.0665976$ & $-0.0263913$ & $-0.0382641$ & $0.142937$ & $0.0941675$ & $0.0518589$ & $-0.163781$ & $-0.0527061$ & $0.185325$ \\
dAle5Mz & $0.104417$ & $1$ & $-0.0435948$ & $0.0925927$ & $0.00191255$ & $0.000369497$ & $-0.00393755$ & $-0.0723087$ & $-0.0646999$ & $0.0702089$ & $0.0445107$ & $0.0550962$ & $-0.0355889$ & $0.0209545$ & $-0.0527367$ & $-0.0531491$ & $0.0402046$ & $0.0635603$ & $0.0677779$ & $-0.0288108$ & $-0.0189489$ & $-0.0192141$ & $-0.0331158$ & $0.00934729$ & $0.0500376$ & $0.0339042$ & $0.0188276$ & $-0.0388509$ & $-0.0283864$ & $-0.0129223$ & $-0.00393396$ & $-0.0224913$ & $-0.0515713$ & $0.0358235$ & $-0.012881$ & $-0.0683116$ & $0.136004$ & $0.0534138$ & $-0.0458201$ & $-0.0450125$ & $-0.252342$ & $0.0637838$ & $0.132991$ & $0.00204071$ & $-0.031645$ & $-0.0143579$ & $-0.0263401$ & $0.123184$ & $-0.0670025$ \\
mtop & $-0.0571639$ & $-0.0435948$ & $1$ & $-0.035681$ & $-0.0527017$ & $0.0680695$ & $-0.0170802$ & $0.0364705$ & $0.0276251$ & $-0.0396654$ & $-0.0295443$ & $-0.0453686$ & $0.0139598$ & $0.0340072$ & $0.0228787$ & $0.0237433$ & $-0.015742$ & $-0.0138146$ & $-0.0149384$ & $0.0337115$ & $0.0349277$ & $0.0235443$ & $0.0812903$ & $-0.00231479$ & $-0.0180465$ & $-0.0952777$ & $-0.00868715$ & $0.033072$ & $0.0262208$ & $0.0404021$ & $0.0153113$ & $-0.0141598$ & $0.00269624$ & $0.00320454$ & $0.0750977$ & $-0.170865$ & $-0.100763$ & $0.0246315$ & $-0.0835651$ & $-0.0269716$ & $-0.0366749$ & $-0.0454324$ & $-0.0240396$ & $-0.0255431$ & $0.0465493$ & $0.203969$ & $-0.0597566$ & $0.0184537$ & $-0.0746519$ \\
mHl & $0.0210878$ & $0.0925927$ & $-0.035681$ & $1$ & $0.0187154$ & $0.0159575$ & $0.0487391$ & $-0.0116984$ & $-0.015317$ & $0.0205934$ & $-0.00379892$ & $0.00174036$ & $-0.00419381$ & $0.0312638$ & $0.000816625$ & $0.0112187$ & $0.0218976$ & $0.0271151$ & $0.0183971$ & $0.00493425$ & $0.00359173$ & $0.00456146$ & $0.00381349$ & $0.0135101$ & $0.0259068$ & $0.0085067$ & $-0.0011654$ & $-0.0116057$ & $-0.0176987$ & $-0.0211744$ & $-0.00633115$ & $0.0475787$ & $-0.0701777$ & $-0.00736274$ & $0.0161838$ & $-0.0897726$ & $0.00514104$ & $-0.0226675$ & $-0.0454278$ & $0.00430061$ & $-0.164699$ & $-0.0203403$ & $-0.0899787$ & $0.123769$ & $-0.082433$ & $-0.0469272$ & $0.0341253$ & $-0.189962$ & $-0.0809026$ \\
Mz & $0.01591$ & $0.00191255$ & $-0.0527017$ & $0.0187154$ & $1$ & $0.00455449$ & $-0.0166011$ & $0.033816$ & $0.0298537$ & $-0.011861$ & $-0.0337162$ & $-0.016677$ & $0.00597878$ & $0.0223788$ & $0.0293472$ & $0.0311744$ & $0.0163249$ & $-0.00469852$ & $-0.00363258$ & $0.043514$ & $0.0405631$ & $0.0470892$ & $-0.0298731$ & $-0.0159815$ & $-0.0105924$ & $-5.42169e-07$ & $-0.009617$ & $0.0267434$ & $-0.0380152$ & $-0.00427712$ & $-0.027721$ & $-0.012554$ & $-0.00478664$ & $0.00607018$ & $0.00438413$ & $0.0611154$ & $-0.0145221$ & $0.0136554$ & $-0.017974$ & $0.0241438$ & $-0.0133108$ & $0.00209047$ & $-0.0105194$ & $0.0323809$ & $-0.0666026$ & $-0.0457948$ & $0.0184908$ & $0.0442891$ & $-0.00692689$ \\
CW & $-0.0526212$ & $0.000369497$ & $0.0680695$ & $0.0159575$ & $0.00455449$ & $1$ & $-0.0283265$ & $-0.138354$ & $-0.131908$ & $0.0286484$ & $0.190878$ & $0.0486073$ & $-0.0112364$ & $0.0361215$ & $-0.0579131$ & $-0.0959464$ & $-0.237167$ & $-0.0443342$ & $-0.0199194$ & $-0.185076$ & $-0.19448$ & $-0.194765$ & $-0.0183282$ & $0.0282256$ & $-0.0656701$ & $0.123183$ & $-0.088888$ & $-0.0476614$ & $0.0350099$ & $-0.0112556$ & $-0.0246451$ & $-0.0219781$ & $-0.0325938$ & $-0.147574$ & $-0.00778278$ & $0.0154628$ & $0.0141409$ & $0.0208904$ & $0.011466$ & $-0.0134542$ & $-0.0360567$ & $-0.00551698$ & $0.037408$ & $-0.0438306$ & $-0.024267$ & $-0.0255275$ & $0.00555776$ & $0.0145993$ & $-0.0264078$ \\
CHG & $-0.0276682$ & $-0.00393755$ & $-0.0170802$ & $0.0487391$ & $-0.0166011$ & $-0.0283265$ & $1$ & $-0.10197$ & $-0.054256$ & $0.0651695$ & $0.0706455$ & $0.158289$ & $-0.312448$ & $0.0160409$ & $-0.0362635$ & $-0.0202176$ & $0.0849065$ & $0.0870356$ & $0.074907$ & $-0.070231$ & $-0.0702167$ & $-0.0717637$ & $-0.0257105$ & $0.0924759$ & $0.0733455$ & $0.0655906$ & $-0.0432658$ & $-0.0190557$ & $-0.0217396$ & $-0.162109$ & $-0.0530486$ & $0.930681$ & $-0.186615$ & $-0.0414539$ & $-0.0158685$ & $0.00914033$ & $0.00494293$ & $0.016902$ & $-0.0321331$ & $0.0155131$ & $0.000865181$ & $0.00155547$ & $-0.0275561$ & $-0.00886471$ & $-0.0145523$ & $0.00315407$ & $0.0263778$ & $-0.015836$ & $-0.032141$ \\
CHWB & $-0.0281971$ & $-0.0723087$ & $0.0364705$ & $-0.0116984$ & $0.033816$ & $-0.138354$ & $-0.10197$ & $1$ & $0.985053$ & $-0.56834$ & $-0.876534$ & $-0.402594$ & $0.342182$ & $0.0528226$ & $0.248148$ & $0.280975$ & $-0.284361$ & $-0.442725$ & $-0.465937$ & $0.847127$ & $0.89539$ & $0.880615$ & $0.0932959$ & $-0.694024$ & $-0.432713$ & $-0.519118$ & $0.440474$ & $0.26525$ & $0.0254367$ & $0.0996948$ & $0.0514061$ & $-0.0970785$ & $0.113634$ & $0.592774$ & $0.00954014$ & $0.0182554$ & $0.00817332$ & $0.00238542$ & $0.00981027$ & $0.0266928$ & $0.0214979$ & $0.00807078$ & $-0.00931044$ & $-0.0285843$ & $0.0296427$ & $0.00698905$ & $0.00170115$ & $0.00961755$ & $0.0130238$ \\
CHWHB_gaga & $-0.0265195$ & $-0.0646999$ & $0.0276251$ & $-0.015317$ & $0.0298537$ & $-0.131908$ & $-0.054256$ & $0.985053$ & $1$ & $-0.556683$ & $-0.862541$ & $-0.377777$ & $0.333851$ & $0.0478397$ & $0.245272$ & $0.280939$ & $-0.280566$ & $-0.438255$ & $-0.462782$ & $0.834202$ & $0.881232$ & $0.867948$ & $0.0891206$ & $-0.686433$ & $-0.428683$ & $-0.506269$ & $0.432243$ & $0.260989$ & $0.0297465$ & $0.118298$ & $0.0565632$ & $-0.0592752$ & $0.133811$ & $0.584664$ & $-0.0111681$ & $0.0113582$ & $0.0101546$ & $0.00317316$ & $0.000625441$ & $0.0272139$ & $0.0190073$ & $0.00450307$ & $0.0450103$ & $-0.024092$ & $0.0296133$ & $-0.00199577$ & $-0.0135872$ & $0.0107312$ & $0.0149406$ \\
CHWHB_gagaorth & $0.0765839$ & $0.0702089$ & $-0.0396654$ & $0.0205934$ & $-0.011861$ & $0.0286484$ & $0.0651695$ & $-0.56834$ & $-0.556683$ & $1$ & $0.342533$ & $0.682281$ & $-0.265191$ & $0.268914$ & $-0.108739$ & $-0.0910169$ & $0.466515$ & $0.514689$ & $0.494396$ & $-0.326633$ & $-0.361347$ & $-0.353005$ & $-0.0805386$ & $0.56783$ & $0.492544$ & $0.219773$ & $-0.250792$ & $-0.0935352$ & $-0.0144857$ & $-0.121601$ & $-0.0816424$ & $0.0808987$ & $-0.145424$ & $-0.35139$ & $0.0221194$ & $-0.0463578$ & $-0.0303916$ & $0.0190562$ & $0.00356073$ & $-0.021986$ & $-0.0432094$ & $0.0130407$ & $0.0425738$ & $0.0301038$ & $-0.0279839$ & $-0.0254203$ & $-0.0287205$ & $-0.0469108$ & $-0.00281151$ \\
CHD & $-0.0261281$ & $0.0445107$ & $-0.0295443$ & $-0.00379892$ & $-0.0337162$ & $0.190878$ & $0.0706455$ & $-0.876534$ & $-0.862541$ & $0.342533$ & $1$ & $0.315234$ & $-0.163466$ & $-0.479733$ & $-0.382706$ & $-0.400524$ & $-0.177259$ & $0.0743209$ & $0.0975532$ & $-0.990605$ & $-0.990877$ & $-0.970011$ & $-0.0355135$ & $0.329626$ & $0.049144$ & $0.574029$ & $-0.311565$ & $-0.313446$ & $-0.00630241$ & $-0.058962$ & $-0.0186793$ & $0.0782999$ & $-0.0589808$ & $-0.393409$ & $0.0122638$ & $0.0111639$ & $0.0129571$ & $-0.0135934$ & $-0.0109861$ & $-0.00235283$ & $-0.00925653$ & $-0.0218145$ & $-0.0166299$ & $0.0148326$ & $-0.0184906$ & $-0.00632143$ & $0.0225693$ & $0.00677172$ & $0.00169157$ \\
CHbox & $0.0431555$ & $0.0550962$ & $-0.0453686$ & $0.00174036$ & $-0.016677$ & $0.0486073$ & $0.158289$ & $-0.402594$ & $-0.377777$ & $0.682281$ & $0.315234$ & $1$ & $-0.536638$ & $0.0390441$ & $-0.0746613$ & $-0.0542538$ & $0.178338$ & $0.229994$ & $0.214216$ & $-0.295343$ & $-0.327929$ & $-0.321872$ & $-0.0650956$ & $0.331036$ & $0.20972$ & $0.190329$ & $-0.212448$ & $-0.10711$ & $-0.00884869$ & $0.0124142$ & $-0.0328573$ & $0.20387$ & $0.00762189$ & $-0.258212$ & $0.0587299$ & $0.00237803$ & $-0.0494401$ & $0.0203237$ & $0.0205572$ & $0.0013593$ & $-0.014458$ & $-0.0256946$ & $0.0104259$ & $0.0296586$ & $-0.0176092$ & $-0.0224904$ & $-0.00493444$ & $-0.0181443$ & $-0.0206264$ \\
CH & $-0.0230127$ & $-0.0355889$ & $0.0139598$ & $-0.00419381$ & $0.00597878$ & $-0.0112364$ & $-0.312448$ & $0.342182$ & $0.333851$ & $-0.265191$ & $-0.163466$ & $-0.536638$ & $1$ & $-0.255412$ & $0.064255$ & $0.0877656$ & $-0.36763$ & $-0.384203$ & $-0.395062$ & $0.159959$ & $0.172225$ & $0.179658$ & $0.0432298$ & $-0.394593$ & $-0.379866$ & $-0.103714$ & $0.125901$ & $0.0556615$ & $0.0659479$ & $0.287219$ & $0.121689$ & $-0.258546$ & $0.347545$ & $0.214239$ & $0.0194325$ & $-0.0114859$ & $0.0366002$ & $-0.0269981$ & $-0.0307617$ & $0.00728051$ & $0.0117826$ & $0.0110008$ & $-0.0173576$ & $-0.0250143$ & $0.0105155$ & $-0.0240943$ & $-0.00307504$ & $-0.0144923$ & $0.039538$ \\
CHL1_11 & $0.0558037$ & $0.0209545$ & $0.0340072$ & $0.0312638$ & $0.0223788$ & $0.0361215$ & $0.0160409$ & $0.0528226$ & $0.0478397$ & $0.268914$ & $-0.479733$ & $0.0390441$ & $-0.255412$ & $1$ & $0.269058$ & $0.244029$ & $0.667502$ & $0.6092$ & $0.603563$ & $0.501597$ & $0.437357$ & $0.416641$ & $-0.0698822$ & $0.486177$ & $0.610839$ & $-0.258578$ & $-0.104891$ & $0.172949$ & $-0.0131148$ & $-0.0549933$ & $-0.0486778$ & $-0.005932$ & $-0.0899223$ & $-0.232655$ & $-0.0316109$ & $-0.0317933$ & $-0.0352018$ & $0.0333948$ & $0.00988241$ & $-0.0423628$ & $-0.0323606$ & $0.0230859$ & $0.049459$ & $0.00621423$ & $-0.018139$ & $-0.00120831$ & $-0.0359144$ & $-0.0179189$ & $-0.0454891$ \\
CHL1_22 & $0.0046483$ & $-0.0527367$ & $0.0228787$ & $0.000816625$ & $0.0293472$ & $-0.0579131$ & $-0.0362635$ & $0.248148$ & $0.245272$ & $-0.108739$ & $-0.382706$ & $-0.0746613$ & $0.064255$ & $0.269058$ & $1$ & $0.417192$ & $0.169365$ & $-0.434531$ & $-0.000596778$ & $0.44886$ & $0.296205$ & $0.296215$ & $-0.168483$ & $0.131329$ & $-0.116035$ & $-0.18669$ & $-0.409868$ & $0.0985339$ & $0.00234232$ & $0.0299925$ & $0.0209039$ & $-0.0331726$ & $0.0683828$ & $-0.604824$ & $-0.0190506$ & $-0.0085832$ & $-0.0350148$ & $0.0154933$ & $-0.00391887$ & $-0.0168335$ & $0.0522563$ & $-0.00840067$ & $-0.0215026$ & $-0.0551238$ & $-0.016465$ & $-0.021475$ & $-0.0115547$ & $0.00610638$ & $0.0329139$ \\
CHL1_33 & $-0.000799249$ & $-0.0531491$ & $0.0237433$ & $0.0112187$ & $0.0311744$ & $-0.0959464$ & $-0.0202176$ & $0.280975$ & $0.280939$ & $-0.0910169$ & $-0.400524$ & $-0.0542538$ & $0.0877656$ & $0.244029$ & $0.417192$ & $1$ & $0.147692$ & $-0.0201797$ & $-0.444588$ & $0.464526$ & $0.319206$ & $0.341529$ & $-0.156161$ & $0.100032$ & $-0.141001$ & $-0.205456$ & $-0.383452$ & $0.100806$ & $-0.00894575$ & $0.0600942$ & $0.0349627$ & $-0.0126845$ & $0.0537435$ & $-0.0769377$ & $-0.0260184$ & $0.0155315$ & $-0.0599227$ & $0.00603076$ & $0.020507$ & $0.0180613$ & $0.0278923$ & $-0.0218081$ & $-0.0142694$ & $0.0295909$ & $0.0094761$ & $-0.00446033$ & $-0.0322791$ & $-0.00571864$ & $-0.0208741$ \\
CHL3_11 & $0.106689$ & $0.0402046$ & $-0.015742$ & $0.0218976$ & $0.0163249$ & $-0.237167$ & $0.0849065$ & $-0.284361$ & $-0.280566$ & $0.466515$ & $-0.177259$ & $0.178338$ & $-0.36763$ & $0.667502$ & $0.169365$ & $0.147692$ & $1$ & $0.744256$ & $0.742052$ & $0.201889$ & $0.140898$ & $0.130697$ & $-0.0857372$ & $0.694746$ & $0.783939$ & $-0.073192$ & $-0.172182$ & $0.07313$ & $-0.0521089$ & $-0.0908447$ & $-0.0674825$ & $0.0563927$ & $-0.113303$ & $-0.281958$ & $-0.0385476$ & $-0.0674641$ & $-0.0377677$ & $0.00739761$ & $-0.00797595$ & $-0.046277$ & $-0.0184154$ & $0.0324885$ & $0.0495753$ & $0.0378587$ & $-0.0211115$ & $0.0103882$ & $-0.0425025$ & $-0.0419918$ & $-0.0190259$ \\
CHL3_22 & $0.0839063$ & $0.0635603$ & $-0.0138146$ & $0.0271151$ & $-0.00469852$ & $-0.0443342$ & $0.0870356$ & $-0.442725$ & $-0.438255$ & $0.514689$ & $0.0743209$ & $0.229994$ & $-0.384203$ & $0.6092$ & $-0.434531$ & $-0.0201797$ & $0.744256$ & $1$ & $0.667046$ & $-0.0746031$ & $-0.0711104$ & $-0.0796981$ & $-0.00158377$ & $0.625582$ & $0.795782$ & $0.0471468$ & $-0.00869127$ & $0.00680439$ & $-0.0378335$ & $-0.0965213$ & $-0.0737484$ & $0.0633206$ & $-0.150057$ & $0.0124355$ & $-0.026813$ & $-0.0452394$ & $-0.024041$ & $0.0072355$ & $0.00446296$ & $-0.0346488$ & $-0.0553383$ & $0.0270553$ & $0.0569055$ & $0.0683853$ & $-0.0115433$ & $0.014948$ & $-0.0362105$ & $-0.0351576$ & $-0.0540371$ \\
CHL3_33 & $0.0834148$ & $0.0677779$ & $-0.0149384$ & $0.0183971$ & $-0.00363258$ & $-0.0199194$ & $0.074907$ & $-0.465937$ & $-0.462782$ & $0.494396$ & $0.0975532$ & $0.214216$ & $-0.395062$ & $0.603563$ & $-0.000596778$ & $-0.444588$ & $0.742052$ & $0.667046$ & $1$ & $-0.0971944$ & $-0.0954034$ & $-0.10015$ & $-0.0125215$ & $0.636015$ & $0.802882$ & $0.0703894$ & $-0.0181188$ & $0.00526645$ & $-0.0299381$ & $-0.119328$ & $-0.0815094$ & $0.0460561$ & $-0.134837$ & $-0.38185$ & $-0.021467$ & $-0.0597723$ & $-0.000226446$ & $0.0116748$ & $-0.0195451$ & $-0.0532976$ & $-0.0363453$ & $0.0351983$ & $0.0580243$ & $0.00205485$ & $-0.0352447$ & $0.00290794$ & $-0.0169418$ & $-0.0239261$ & $-0.00755824$ \\
CHe_11 & $0.0271563$ & $-0.0288108$ & $0.0337115$ & $0.00493425$ & $0.043514$ & $-0.185076$ & $-0.070231$ & $0.847127$ & $0.834202$ & $-0.326633$ & $-0.990605$ & $-0.295343$ & $0.159959$ & $0.501597$ & $0.44886$ & $0.464526$ & $0.201889$ & $-0.0746031$ & $-0.0971944$ & $1$ & $0.97253$ & $0.95297$ & $0.0100267$ & $-0.274829$ & $-0.0419044$ & $-0.565971$ & $0.235714$ & $0.308341$ & $0.00386094$ & $0.0621902$ & $0.019292$ & $-0.0764488$ & $0.0631414$ & $0.315904$ & $-0.0163756$ & $-0.0140709$ & $-0.0169386$ & $0.0143065$ & $0.010731$ & $0.00050876$ & $0.0073284$ & $0.0200097$ & $0.0185621$ & $-0.0132603$ & $0.0146651$ & $0.00520099$ & $-0.0276995$ & $-0.00317819$ & $-0.00214788$ \\
CHe_22 & $0.0191605$ & $-0.0189489$ & $0.0349277$ & $0.00359173$ & $0.0405631$ & $-0.19448$ & $-0.0702167$ & $0.89539$ & $0.881232$ & $-0.361347$ & $-0.990877$ & $-0.327929$ & $0.172225$ & $0.437357$ & $0.296205$ & $0.319206$ & $0.140898$ & $-0.0711104$ & $-0.0954034$ & $0.97253$ & $1$ & $0.974696$ & $0.0606958$ & $-0.387725$ & $-0.0569238$ & $-0.572858$ & $0.393618$ & $0.313434$ & $0.00538015$ & $0.05869$ & $0.0182934$ & $-0.0792227$ & $0.0560036$ & $0.47955$ & $-0.00615835$ & $-0.0135859$ & $-0.00269691$ & $0.0123669$ & $0.00863004$ & $0.00434355$ & $-0.00111015$ & $0.0257418$ & $0.0235186$ & $-0.0143998$ & $0.0182328$ & $0.0107567$ & $-0.0188435$ & $-0.00311754$ & $-0.00421725$ \\
CHe_33 & $0.0175541$ & $-0.0192141$ & $0.0235443$ & $0.00456146$ & $0.0470892$ & $-0.194765$ & $-0.0717637$ & $0.880615$ & $0.867948$ & $-0.353005$ & $-0.970011$ & $-0.321872$ & $0.179658$ & $0.416641$ & $0.296215$ & $0.341529$ & $0.130697$ & $-0.0796981$ & $-0.10015$ & $0.95297$ & $0.974696$ & $1$ & $0.0560029$ & $-0.382948$ & $-0.0623489$ & $-0.558651$ & $0.385455$ & $0.304385$ & $0.00550309$ & $0.05811$ & $0.0261356$ & $-0.0793681$ & $0.0607672$ & $0.470734$ & $-0.00667872$ & $-0.00974225$ & $0.00356112$ & $0.0128794$ & $0.000646595$ & $0.00144071$ & $0.00504661$ & $0.0233621$ & $0.0283011$ & $-0.0154839$ & $0.0187385$ & $0.00860952$ & $-0.0150741$ & $-0.0004271$ & $0.000148711$ \\
CHQ1_11 & $-0.0797171$ & $-0.0331158$ & $0.0812903$ & $0.00381349$ & $-0.0298731$ & $-0.0183282$ & $-0.0257105$ & $0.0932959$ & $0.0891206$ & $-0.0805386$ & $-0.0355135$ & $-0.0650956$ & $0.0432298$ & $-0.0698822$ & $-0.168483$ & $-0.156161$ & $-0.0857372$ & $-0.00158377$ & $-0.0125215$ & $0.0100267$ & $0.0606958$ & $0.0560029$ & $1$ & $-0.150345$ & $0.0699891$ & $-0.682748$ & $0.34908$ & $0.00918654$ & $0.0260218$ & $0.0140225$ & $0.00723152$ & $-0.0285531$ & $0.00489505$ & $0.207914$ & $0.0119081$ & $0.0128432$ & $-0.00846857$ & $0.00176996$ & $-0.00413188$ & $0.0248409$ & $0.00212733$ & $-0.00552516$ & $0.00568655$ & $0.0127697$ & $0.0231975$ & $0.0102324$ & $0.00909963$ & $0.0298692$ & $-0.0104103$ \\
CHQ1_33 & $0.0213751$ & $0.00934729$ & $-0.00231479$ & $0.0135101$ & $-0.0159815$ & $0.0282256$ & $0.0924759$ & $-0.694024$ & $-0.686433$ & $0.56783$ & $0.329626$ & $0.331036$ & $-0.394593$ & $0.486177$ & $0.131329$ & $0.100032$ & $0.694746$ & $0.625582$ & $0.636015$ & $-0.274829$ & $-0.387725$ & $-0.382948$ & $-0.150345$ & $1$ & $0.660699$ & $0.219784$ & $-0.431657$ & $-0.000850499$ & $-0.0367628$ & $-0.0916355$ & $-0.0480261$ & $0.0777897$ & $-0.113268$ & $-0.650523$ & $-0.0415186$ & $-0.0179426$ & $-0.0591832$ & $0.0212428$ & $-0.0146454$ & $-0.0424724$ & $0.00741328$ & $-0.00301016$ & $0.0275759$ & $0.0381255$ & $-0.0188916$ & $-0.00852029$ & $-0.0298866$ & $-0.0232023$ & $-0.0204104$ \\
CHQ3_11 & $-0.00869374$ & $0.0500376$ & $-0.0180465$ & $0.0259068$ & $-0.0105924$ & $-0.0656701$ & $0.0733455$ & $-0.432713$ & $-0.428683$ & $0.492544$ & $0.049144$ & $0.20972$ & $-0.379866$ & $0.610839$ & $-0.116035$ & $-0.141001$ & $0.783939$ & $0.795782$ & $0.802882$ & $-0.0419044$ & $-0.0569238$ & $-0.0623489$ & $0.0699891$ & $0.660699$ & $1$ & $0.0375415$ & $0.186204$ & $0.02808$ & $-0.0458982$ & $-0.104558$ & $-0.0611631$ & $0.0451887$ & $-0.144608$ & $-0.235085$ & $-0.0139199$ & $-0.0568611$ & $-0.0281424$ & $-0.00107974$ & $-0.0111535$ & $-0.040826$ & $-0.0355108$ & $0.022232$ & $0.0560151$ & $0.0223786$ & $-0.0425865$ & $-0.00487997$ & $-0.00576457$ & $-0.0447726$ & $-0.0491001$ \\
CHu_11 & $0.0148033$ & $0.0339042$ & $-0.0952777$ & $0.0085067$ & $-5.42169e-07$ & $0.123183$ & $0.0655906$ & $-0.519118$ & $-0.506269$ & $0.219773$ & $0.574029$ & $0.190329$ & $-0.103714$ & $-0.258578$ & $-0.18669$ & $-0.205456$ & $-0.073192$ & $0.0471468$ & $0.0703894$ & $-0.565971$ & $-0.572858$ & $-0.558651$ & $-0.682748$ & $0.219784$ & $0.0375415$ & $1$ & $-0.186611$ & $-0.172567$ & $-0.0154077$ & $-0.0396308$ & $-0.0167229$ & $0.0697034$ & $-0.0452848$ & $-0.263909$ & $0.00230521$ & $-0.0149736$ & $0.008972$ & $-0.0204955$ & $-0.0156852$ & $-0.0157028$ & $0.001731$ & $-0.00411868$ & $-0.0117812$ & $-0.00374196$ & $-0.0311132$ & $-0.0148453$ & $0.0206305$ & $-0.0352818$ & $0.00341364$ \\
CHd_11 & $-0.0328709$ & $0.0188276$ & $-0.00868715$ & $-0.0011654$ & $-0.009617$ & $-0.088888$ & $-0.0432658$ & $0.440474$ & $0.432243$ & $-0.250792$ & $-0.311565$ & $-0.212448$ & $0.125901$ & $-0.104891$ & $-0.409868$ & $-0.383452$ & $-0.172182$ & $-0.00869127$ & $-0.0181188$ & $0.235714$ & $0.393618$ & $0.385455$ & $0.34908$ & $-0.431657$ & $0.186204$ & $-0.186611$ & $1$ & $0.116314$ & $0.00313952$ & $0.021152$ & $0.0172949$ & $-0.0537221$ & $0.00850209$ & $0.686263$ & $0.020807$ & $-0.0107345$ & $0.00740506$ & $-0.0162917$ & $-0.0141669$ & $0.0168749$ & $-0.0202572$ & $0.0110727$ & $0.0164874$ & $-0.000486985$ & $0.00952628$ & $0.00503675$ & $0.0303571$ & $-0.0189863$ & $-0.00499314$ \\
CHd_33 & $0.0430105$ & $-0.0388509$ & $0.033072$ & $-0.0116057$ & $0.0267434$ & $-0.0476614$ & $-0.0190557$ & $0.26525$ & $0.260989$ & $-0.0935352$ & $-0.313446$ & $-0.10711$ & $0.0556615$ & $0.172949$ & $0.0985339$ & $0.100806$ & $0.07313$ & $0.00680439$ & $0.00526645$ & $0.308341$ & $0.313434$ & $0.304385$ & $0.00918654$ & $-0.000850499$ & $0.02808$ & $-0.172567$ & $0.116314$ & $1$ & $0.00844544$ & $0.0392993$ & $0.0237188$ & $-0.0273882$ & $0.048111$ & $0.126227$ & $-0.037501$ & $-0.0191316$ & $0.0180869$ & $0.03485$ & $-0.0273781$ & $0.00585943$ & $-0.00042112$ & $-0.0023589$ & $0.0334607$ & $0.00831471$ & $0.0190406$ & $-0.00312058$ & $-0.0357453$ & $0.0119012$ & $0.0247155$ \\
CeH_22r & $-0.00632614$ & $-0.0283864$ & $0.0262208$ & $-0.0176987$ & $-0.0380152$ & $0.0350099$ & $-0.0217396$ & $0.0254367$ & $0.0297465$ & $-0.0144857$ & $-0.00630241$ & $-0.00884869$ & $0.0659479$ & $-0.0131148$ & $0.00234232$ & $-0.00894575$ & $-0.0521089$ & $-0.0378335$ & $-0.0299381$ & $0.00386094$ & $0.00538015$ & $0.00550309$ & $0.0260218$ & $-0.0367628$ & $-0.0458982$ & $-0.0154077$ & $0.00313952$ & $0.00844544$ & $1$ & $0.0713639$ & $0.0467258$ & $-0.0258181$ & $0.0811313$ & $0.00925213$ & $-0.0523934$ & $0.0022667$ & $-0.0384727$ & $-0.0052618$ & $0.00352732$ & $-0.0020587$ & $0.00867696$ & $0.0231658$ & $-0.029862$ & $-0.0177151$ & $0.00770861$ & $-0.00608596$ & $0.0166789$ & $0.0269169$ & $0.000459593$ \\
CeH_33r & $0.0232408$ & $-0.0129223$ & $0.0404021$ & $-0.0211744$ & $-0.00427712$ & $-0.0112556$ & $-0.162109$ & $0.0996948$ & $0.118298$ & $-0.121601$ & $-0.058962$ & $0.0124142$ & $0.287219$ & $-0.0549933$ & $0.0299925$ & $0.0600942$ & $-0.0908447$ & $-0.0965213$ & $-0.119328$ & $0.0621902$ & $0.05869$ & $0.05811$ & $0.0140225$ & $-0.0916355$ & $-0.104558$ & $-0.0396308$ & $0.021152$ & $0.0392993$ & $0.0713639$ & $1$ & $0.334879$ & $-0.0119189$ & $0.652049$ & $0.0534447$ & $-0.0721227$ & $-0.010349$ & $-0.126442$ & $-0.0522712$ & $-0.0600805$ & $-0.0108156$ & $0.00997444$ & $-0.0377188$ & $-0.0364364$ & $0.0152879$ & $0.0636498$ & $-0.0477181$ & $-0.0292675$ & $-0.0388873$ & $-0.0121815$ \\
CuH_22r & $-0.0504003$ & $-0.00393396$ & $0.0153113$ & $-0.00633115$ & $-0.027721$ & $-0.0246451$ & $-0.0530486$ & $0.0514061$ & $0.0565632$ & $-0.0816424$ & $-0.0186793$ & $-0.0328573$ & $0.121689$ & $-0.0486778$ & $0.0209039$ & $0.0349627$ & $-0.0674825$ & $-0.0737484$ & $-0.0815094$ & $0.019292$ & $0.0182934$ & $0.0261356$ & $0.00723152$ & $-0.0480261$ & $-0.0611631$ & $-0.0167229$ & $0.0172949$ & $0.0237188$ & $0.0467258$ & $0.334879$ & $1$ & $0.0419431$ & $0.358547$ & $0.0246967$ & $-0.00422521$ & $0.0203956$ & $-0.0456525$ & $-0.0264214$ & $-0.0510198$ & $0.0306273$ & $-0.00870579$ & $-0.0310024$ & $-0.0758107$ & $-0.0566189$ & $0.00687118$ & $0.0941596$ & $0.282266$ & $-0.0343349$ & $0.014925$ \\
CuH_33r & $-0.036989$ & $-0.0224913$ & $-0.0141598$ & $0.0475787$ & $-0.012554$ & $-0.0219781$ & $0.930681$ & $-0.0970785$ & $-0.0592752$ & $0.0808987$ & $0.0782999$ & $0.20387$ & $-0.258546$ & $-0.005932$ & $-0.0331726$ & $-0.0126845$ & $0.0563927$ & $0.0633206$ & $0.0460561$ & $-0.0764488$ & $-0.0792227$ & $-0.0793681$ & $-0.0285531$ & $0.0777897$ & $0.0451887$ & $0.0697034$ & $-0.0537221$ & $-0.0273882$ & $-0.0258181$ & $-0.0119189$ & $0.0419431$ & $1$ & $-0.00172945$ & $-0.0425569$ & $0.0512631$ & $0.0223215$ & $-0.0259859$ & $0.00365317$ & $-0.0315285$ & $0.0147437$ & $0.0104001$ & $-0.0126756$ & $-0.0299956$ & $-0.00280829$ & $-0.0205898$ & $0.00351091$ & $0.0330382$ & $-0.025174$ & $-0.0326616$ \\
CdH_33r & $0.0984769$ & $-0.0515713$ & $0.00269624$ & $-0.0701777$ & $-0.00478664$ & $-0.0325938$ & $-0.186615$ & $0.113634$ & $0.133811$ & $-0.145424$ & $-0.0589808$ & $0.00762189$ & $0.347545$ & $-0.0899223$ & $0.0683828$ & $0.0537435$ & $-0.113303$ & $-0.150057$ & $-0.134837$ & $0.0631414$ & $0.0560036$ & $0.0607672$ & $0.00489505$ & $-0.113268$ & $-0.144608$ & $-0.0452848$ & $0.00850209$ & $0.048111$ & $0.0811313$ & $0.652049$ & $0.358547$ & $-0.00172945$ & $1$ & $0.0343115$ & $-0.0724126$ & $0.00609349$ & $-0.04825$ & $-0.0381381$ & $-0.120504$ & $0.00418703$ & $0.0130905$ & $-0.0274099$ & $-0.0399366$ & $-0.00175762$ & $0.0622456$ & $0.0341764$ & $0.00212932$ & $0.170799$ & $0.425491$ \\
CLL_1221 & $-0.00974492$ & $0.0358235$ & $0.00320454$ & $-0.00736274$ & $0.00607018$ & $-0.147574$ & $-0.0414539$ & $0.592774$ & $0.584664$ & $-0.35139$ & $-0.393409$ & $-0.258212$ & $0.214239$ & $-0.232655$ & $-0.604824$ & $-0.0769377$ & $-0.281958$ & $0.0124355$ & $-0.38185$ & $0.315904$ & $0.47955$ & $0.470734$ & $0.207914$ & $-0.650523$ & $-0.235085$ & $-0.263909$ & $0.686263$ & $0.126227$ & $0.00925213$ & $0.0534447$ & $0.0246967$ & $-0.0425569$ & $0.0343115$ & $1$ & $0.0196389$ & $0.0112066$ & $0.0375796$ & $-0.0149703$ & $0.0038466$ & $0.0305312$ & $-0.0356258$ & $0.0189982$ & $0.0132482$ & $0.0308474$ & $0.0366675$ & $0.0262323$ & $0.00778037$ & $0.00395164$ & $-0.0154578$ \\
eHggint & $-0.103568$ & $-0.012881$ & $0.0750977$ & $0.0161838$ & $0.00438413$ & $-0.00778278$ & $-0.0158685$ & $0.00954014$ & $-0.0111681$ & $0.0221194$ & $0.0122638$ & $0.0587299$ & $0.0194325$ & $-0.0316109$ & $-0.0190506$ & $-0.0260184$ & $-0.0385476$ & $-0.026813$ & $-0.021467$ & $-0.0163756$ & $-0.00615835$ & $-0.00667872$ & $0.0119081$ & $-0.0415186$ & $-0.0139199$ & $0.00230521$ & $0.020807$ & $-0.037501$ & $-0.0523934$ & $-0.0721227$ & $-0.00422521$ & $0.0512631$ & $-0.0724126$ & $0.0196389$ & $1$ & $-0.165059$ & $-0.00738813$ & $-0.0291069$ & $0.0344955$ & $-0.0234001$ & $0.0362453$ & $0.0207134$ & $0.0456348$ & $-0.0630871$ & $0.0185783$ & $0.0441416$ & $0.0552636$ & $-0.0599757$ & $-0.0471639$ \\
eHggpar & $-0.116943$ & $-0.0683116$ & $-0.170865$ & $-0.0897726$ & $0.0611154$ & $0.0154628$ & $0.00914033$ & $0.0182554$ & $0.0113582$ & $-0.0463578$ & $0.0111639$ & $0.00237803$ & $-0.0114859$ & $-0.0317933$ & $-0.0085832$ & $0.0155315$ & $-0.0674641$ & $-0.0452394$ & $-0.0597723$ & $-0.0140709$ & $-0.0135859$ & $-0.00974225$ & $0.0128432$ & $-0.0179426$ & $-0.0568611$ & $-0.0149736$ & $-0.0107345$ & $-0.0191316$ & $0.0022667$ & $-0.010349$ & $0.0203956$ & $0.0223215$ & $0.00609349$ & $0.0112066$ & $-0.165059$ & $1$ & $-0.0587416$ & $0.0430523$ & $-0.0675426$ & $0.0690865$ & $0.090286$ & $-0.0496656$ & $-0.0261183$ & $0.048519$ & $0.0497565$ & $0.00386137$ & $0.122027$ & $0.250524$ & $0.0181894$ \\
eHWWint & $-0.147159$ & $0.136004$ & $-0.100763$ & $0.00514104$ & $-0.0145221$ & $0.0141409$ & $0.00494293$ & $0.00817332$ & $0.0101546$ & $-0.0303916$ & $0.0129571$ & $-0.0494401$ & $0.0366002$ & $-0.0352018$ & $-0.0350148$ & $-0.0599227$ & $-0.0377677$ & $-0.024041$ & $-0.000226446$ & $-0.0169386$ & $-0.00269691$ & $0.00356112$ & $-0.00846857$ & $-0.0591832$ & $-0.0281424$ & $0.008972$ & $0.00740506$ & $0.0180869$ & $-0.0384727$ & $-0.126442$ & $-0.0456525$ & $-0.0259859$ & $-0.04825$ & $0.0375796$ & $-0.00738813$ & $-0.0587416$ & $1$ & $0.00241113$ & $-0.0104965$ & $-0.0480827$ & $-0.135537$ & $0.0991658$ & $0.140304$ & $-0.0482776$ & $0.0749475$ & $0.0904309$ & $0.157197$ & $0.047461$ & $0.207035$ \\
eHWWpar & $0.0276022$ & $0.0534138$ & $0.0246315$ & $-0.0226675$ & $0.0136554$ & $0.0208904$ & $0.016902$ & $0.00238542$ & $0.00317316$ & $0.0190562$ & $-0.0135934$ & $0.0203237$ & $-0.0269981$ & $0.0333948$ & $0.0154933$ & $0.00603076$ & $0.00739761$ & $0.0072355$ & $0.0116748$ & $0.0143065$ & $0.0123669$ & $0.0128794$ & $0.00176996$ & $0.0212428$ & $-0.00107974$ & $-0.0204955$ & $-0.0162917$ & $0.03485$ & $-0.0052618$ & $-0.0522712$ & $-0.0264214$ & $0.00365317$ & $-0.0381381$ & $-0.0149703$ & $-0.0291069$ & $0.0430523$ & $0.00241113$ & $1$ & $0.0152935$ & $0.00693938$ & $-0.0244877$ & $0.00444268$ & $0.02927$ & $0.0169826$ & $0.0136882$ & $-0.0120086$ & $-0.0047887$ & $0.041815$ & $0.00181949$ \\
eHZZint & $0.035519$ & $-0.0458201$ & $-0.0835651$ & $-0.0454278$ & $-0.017974$ & $0.011466$ & $-0.0321331$ & $0.00981027$ & $0.000625441$ & $0.00356073$ & $-0.0109861$ & $0.0205572$ & $-0.0307617$ & $0.00988241$ & $-0.00391887$ & $0.020507$ & $-0.00797595$ & $0.00446296$ & $-0.0195451$ & $0.010731$ & $0.00863004$ & $0.000646595$ & $-0.00413188$ & $-0.0146454$ & $-0.0111535$ & $-0.0156852$ & $-0.0141669$ & $-0.0273781$ & $0.00352732$ & $-0.0600805$ & $-0.0510198$ & $-0.0315285$ & $-0.120504$ & $0.0038466$ & $0.0344955$ & $-0.0675426$ & $-0.0104965$ & $0.0152935$ & $1$ & $0.00317731$ & $0.00653673$ & $-0.0313551$ & $-0.0434342$ & $0.0816808$ & $0.0596021$ & $0.00373912$ & $-0.0892808$ & $-0.00637949$ & $-0.152667$ \\
eHZZpar & $-0.00563112$ & $-0.0450125$ & $-0.0269716$ & $0.00430061$ & $0.0241438$ & $-0.0134542$ & $0.0155131$ & $0.0266928$ & $0.0272139$ & $-0.021986$ & $-0.00235283$ & $0.0013593$ & $0.00728051$ & $-0.0423628$ & $-0.0168335$ & $0.0180613$ & $-0.046277$ & $-0.0346488$ & $-0.0532976$ & $0.00050876$ & $0.00434355$ & $0.00144071$ & $0.0248409$ & $-0.0424724$ & $-0.040826$ & $-0.0157028$ & $0.0168749$ & $0.00585943$ & $-0.0020587$ & $-0.0108156$ & $0.0306273$ & $0.0147437$ & $0.00418703$ & $0.0305312$ & $-0.0234001$ & $0.0690865$ & $-0.0480827$ & $0.00693938$ & $0.00317731$ & $1$ & $0.00287506$ & $-0.0297769$ & $-0.0223392$ & $-0.000684179$ & $0.056635$ & $-0.0490868$ & $0.0276028$ & $0.0243158$ & $0.0137671$ \\
eHZgaint & $-0.0665976$ & $-0.252342$ & $-0.0366749$ & $-0.164699$ & $-0.0133108$ & $-0.0360567$ & $0.000865181$ & $0.0214979$ & $0.0190073$ & $-0.0432094$ & $-0.00925653$ & $-0.014458$ & $0.0117826$ & $-0.0323606$ & $0.0522563$ & $0.0278923$ & $-0.0184154$ & $-0.0553383$ & $-0.0363453$ & $0.0073284$ & $-0.00111015$ & $0.00504661$ & $0.00212733$ & $0.00741328$ & $-0.0355108$ & $0.001731$ & $-0.0202572$ & $-0.00042112$ & $0.00867696$ & $0.00997444$ & $-0.00870579$ & $0.0104001$ & $0.0130905$ & $-0.0356258$ & $0.0362453$ & $0.090286$ & $-0.135537$ & $-0.0244877$ & $0.00653673$ & $0.00287506$ & $1$ & $-0.0393014$ & $-0.0678686$ & $-0.0470137$ & $0.0309669$ & $-0.0634725$ & $-0.0216184$ & $0.0324422$ & $-0.0525958$ \\
eHZgapar & $-0.0263913$ & $0.0637838$ & $-0.0454324$ & $-0.0203403$ & $0.00209047$ & $-0.00551698$ & $0.00155547$ & $0.00807078$ & $0.00450307$ & $0.0130407$ & $-0.0218145$ & $-0.0256946$ & $0.0110008$ & $0.0230859$ & $-0.00840067$ & $-0.0218081$ & $0.0324885$ & $0.0270553$ & $0.0351983$ & $0.0200097$ & $0.0257418$ & $0.0233621$ & $-0.00552516$ & $-0.00301016$ & $0.022232$ & $-0.00411868$ & $0.0110727$ & $-0.0023589$ & $0.0231658$ & $-0.0377188$ & $-0.0310024$ & $-0.0126756$ & $-0.0274099$ & $0.0189982$ & $0.0207134$ & $-0.0496656$ & $0.0991658$ & $0.00444268$ & $-0.0313551$ & $-0.0297769$ & $-0.0393014$ & $1$ & $0.00408046$ & $-0.0191735$ & $-0.0809645$ & $-0.0553741$ & $0.00243604$ & $0.0184546$ & $-0.00283027$ \\
eHgagaint & $-0.0382641$ & $0.132991$ & $-0.0240396$ & $-0.0899787$ & $-0.0105194$ & $0.037408$ & $-0.0275561$ & $-0.00931044$ & $0.0450103$ & $0.0425738$ & $-0.0166299$ & $0.0104259$ & $-0.0173576$ & $0.049459$ & $-0.0215026$ & $-0.0142694$ & $0.0495753$ & $0.0569055$ & $0.0580243$ & $0.0185621$ & $0.0235186$ & $0.0283011$ & $0.00568655$ & $0.0275759$ & $0.0560151$ & $-0.0117812$ & $0.0164874$ & $0.0334607$ & $-0.029862$ & $-0.0364364$ & $-0.0758107$ & $-0.0299956$ & $-0.0399366$ & $0.0132482$ & $0.0456348$ & $-0.0261183$ & $0.140304$ & $0.02927$ & $-0.0434342$ & $-0.0223392$ & $-0.0678686$ & $0.00408046$ & $1$ & $0.0523422$ & $0.0248589$ & $0.0523201$ & $-0.318689$ & $-0.00280201$ & $-0.00700841$ \\
eHmumuint & $0.142937$ & $0.00204071$ & $-0.0255431$ & $0.123769$ & $0.0323809$ & $-0.0438306$ & $-0.00886471$ & $-0.0285843$ & $-0.024092$ & $0.0301038$ & $0.0148326$ & $0.0296586$ & $-0.0250143$ & $0.00621423$ & $-0.0551238$ & $0.0295909$ & $0.0378587$ & $0.0683853$ & $0.00205485$ & $-0.0132603$ & $-0.0143998$ & $-0.0154839$ & $0.0127697$ & $0.0381255$ & $0.0223786$ & $-0.00374196$ & $-0.000486985$ & $0.00831471$ & $-0.0177151$ & $0.0152879$ & $-0.0566189$ & $-0.00280829$ & $-0.00175762$ & $0.0308474$ & $-0.0630871$ & $0.048519$ & $-0.0482776$ & $0.0169826$ & $0.0816808$ & $-0.000684179$ & $-0.0470137$ & $-0.0191735$ & $0.0523422$ & $1$ & $0.134611$ & $0.081277$ & $-0.187089$ & $0.0425879$ & $-0.0336612$ \\
eHtautauint & $0.0941675$ & $-0.031645$ & $0.0465493$ & $-0.082433$ & $-0.0666026$ & $-0.024267$ & $-0.0145523$ & $0.0296427$ & $0.0296133$ & $-0.0279839$ & $-0.0184906$ & $-0.0176092$ & $0.0105155$ & $-0.018139$ & $-0.016465$ & $0.0094761$ & $-0.0211115$ & $-0.0115433$ & $-0.0352447$ & $0.0146651$ & $0.0182328$ & $0.0187385$ & $0.0231975$ & $-0.0188916$ & $-0.0425865$ & $-0.0311132$ & $0.00952628$ & $0.0190406$ & $0.00770861$ & $0.0636498$ & $0.00687118$ & $-0.0205898$ & $0.0622456$ & $0.0366675$ & $0.0185783$ & $0.0497565$ & $0.0749475$ & $0.0136882$ & $0.0596021$ & $0.056635$ & $0.0309669$ & $-0.0809645$ & $0.0248589$ & $0.134611$ & $1$ & $0.0725504$ & $-0.146202$ & $0.06826$ & $0.130522$ \\
eHccint & $0.0518589$ & $-0.0143579$ & $0.203969$ & $-0.0469272$ & $-0.0457948$ & $-0.0255275$ & $0.00315407$ & $0.00698905$ & $-0.00199577$ & $-0.0254203$ & $-0.00632143$ & $-0.0224904$ & $-0.0240943$ & $-0.00120831$ & $-0.021475$ & $-0.00446033$ & $0.0103882$ & $0.014948$ & $0.00290794$ & $0.00520099$ & $0.0107567$ & $0.00860952$ & $0.0102324$ & $-0.00852029$ & $-0.00487997$ & $-0.0148453$ & $0.00503675$ & $-0.00312058$ & $-0.00608596$ & $-0.0477181$ & $0.0941596$ & $0.00351091$ & $0.0341764$ & $0.0262323$ & $0.0441416$ & $0.00386137$ & $0.0904309$ & $-0.0120086$ & $0.00373912$ & $-0.0490868$ & $-0.0634725$ & $-0.0553741$ & $0.0523201$ & $0.081277$ & $0.0725504$ & $1$ & $0.0789751$ & $0.0184558$ & $0.148967$ \\
eHccpar & $-0.163781$ & $-0.0263401$ & $-0.0597566$ & $0.0341253$ & $0.0184908$ & $0.00555776$ & $0.0263778$ & $0.00170115$ & $-0.0135872$ & $-0.0287205$ & $0.0225693$ & $-0.00493444$ & $-0.00307504$ & $-0.0359144$ & $-0.0115547$ & $-0.0322791$ & $-0.0425025$ & $-0.0362105$ & $-0.0169418$ & $-0.0276995$ & $-0.0188435$ & $-0.0150741$ & $0.00909963$ & $-0.0298866$ & $-0.00576457$ & $0.0206305$ & $0.0303571$ & $-0.0357453$ & $0.0166789$ & $-0.0292675$ & $0.282266$ & $0.0330382$ & $0.00212932$ & $0.00778037$ & $0.0552636$ & $0.122027$ & $0.157197$ & $-0.0047887$ & $-0.0892808$ & $0.0276028$ & $-0.0216184$ & $0.00243604$ & $-0.318689$ & $-0.187089$ & $-0.146202$ & $0.0789751$ & $1$ & $-0.00710129$ & $0.0913687$ \\
eHbbint & $-0.0527061$ & $0.123184$ & $0.0184537$ & $-0.189962$ & $0.0442891$ & $0.0145993$ & $-0.015836$ & $0.00961755$ & $0.0107312$ & $-0.0469108$ & $0.00677172$ & $-0.0181443$ & $-0.0144923$ & $-0.0179189$ & $0.00610638$ & $-0.00571864$ & $-0.0419918$ & $-0.0351576$ & $-0.0239261$ & $-0.00317819$ & $-0.00311754$ & $-0.0004271$ & $0.0298692$ & $-0.0232023$ & $-0.0447726$ & $-0.0352818$ & $-0.0189863$ & $0.0119012$ & $0.0269169$ & $-0.0388873$ & $-0.0343349$ & $-0.025174$ & $0.170799$ & $0.00395164$ & $-0.0599757$ & $0.250524$ & $0.047461$ & $0.041815$ & $-0.00637949$ & $0.0243158$ & $0.0324422$ & $0.0184546$ & $-0.00280201$ & $0.0425879$ & $0.06826$ & $0.0184558$ & $-0.00710129$ & $1$ & $0.140132$ \\
eHbbpar & $0.185325$ & $-0.0670025$ & $-0.0746519$ & $-0.0809026$ & $-0.00692689$ & $-0.0264078$ & $-0.032141$ & $0.0130238$ & $0.0149406$ & $-0.00281151$ & $0.00169157$ & $-0.0206264$ & $0.039538$ & $-0.0454891$ & $0.0329139$ & $-0.0208741$ & $-0.0190259$ & $-0.0540371$ & $-0.00755824$ & $-0.00214788$ & $-0.00421725$ & $0.000148711$ & $-0.0104103$ & $-0.0204104$ & $-0.0491001$ & $0.00341364$ & $-0.00499314$ & $0.0247155$ & $0.000459593$ & $-0.0121815$ & $0.014925$ & $-0.0326616$ & $0.425491$ & $-0.0154578$ & $-0.0471639$ & $0.0181894$ & $0.207035$ & $0.00181949$ & $-0.152667$ & $0.0137671$ & $-0.0525958$ & $-0.00283027$ & $-0.00700841$ & $-0.0336612$ & $0.130522$ & $0.148967$ & $0.0913687$ & $0.140132$ & $1$ \\
