 & AlsMz & dAle5Mz & mtop & mHl & Mz & CW & CHG & CHWB & CHWHB_gaga & CHWHB_gagaorth & CHD & CHbox & CH & CHL1_11 & CHL1_22 & CHL1_33 & CHL3_11 & CHL3_22 & CHL3_33 & CHe_11 & CHe_22 & CHe_33 & CHQ1_11 & CHQ1_33 & CHQ3_11 & CHu_11 & CHd_11 & CHd_33 & CeH_22r & CeH_33r & CuH_22r & CuH_33r & CdH_33r & CLL_1221 & eHggint & eHggpar & eHWWint & eHWWpar & eHZZint & eHZZpar & eHZgaint & eHZgapar & eHgagaint & eHmumuint & eHtautauint & eHccint & eHccpar & eHbbint & eHbbpar \\
AlsMz & $1$ & $0.0242982$ & $-0.00459141$ & $0.00331756$ & $-0.0701598$ & $-0.022804$ & $0.0430463$ & $0.0221523$ & $0.0243467$ & $-0.0255742$ & $-0.0252527$ & $0.0117872$ & $-0.0208113$ & $-0.0289636$ & $0.0176828$ & $0.0442843$ & $-0.000128932$ & $-0.0219076$ & $-0.03848$ & $0.0171975$ & $0.0133386$ & $0.0111924$ & $-0.00774057$ & $-0.0799083$ & $-0.155599$ & $-0.0565713$ & $-0.0486596$ & $0.0236044$ & $-0.0579039$ & $-0.0232193$ & $0.0105831$ & $0.0154165$ & $-0.0722562$ & $0.0161405$ & $0.0412967$ & $-0.0382397$ & $0.0556403$ & $0.0520779$ & $-0.0769333$ & $-0.0158702$ & $-0.0399654$ & $-0.0369679$ & $0.0173087$ & $0.0186668$ & $-0.0303518$ & $-0.0154483$ & $0.0231712$ & $-0.000491767$ & $-0.0634097$ \\
dAle5Mz & $0.0242982$ & $1$ & $-0.0397643$ & $0.0334951$ & $0.0159712$ & $0.0414241$ & $-0.0102811$ & $-0.108847$ & $-0.109238$ & $0.0518298$ & $0.0770047$ & $0.0253371$ & $-0.0123876$ & $0.00453785$ & $-0.0223459$ & $-0.0255486$ & $0.0427733$ & $0.047566$ & $0.0540688$ & $-0.0517763$ & $-0.048748$ & $-0.052058$ & $-0.00124166$ & $0.0568451$ & $0.0436804$ & $0.0221872$ & $-0.0176221$ & $-0.0233652$ & $0.0260566$ & $-0.0237773$ & $-0.0227791$ & $-0.00935775$ & $-0.019596$ & $-0.00028207$ & $-0.00581136$ & $0.043186$ & $0.0410035$ & $0.0153755$ & $-0.0289491$ & $-0.0381841$ & $-0.0230509$ & $0.00318523$ & $0.00455487$ & $-0.0407437$ & $0.0376525$ & $0.0345869$ & $0.0211196$ & $0.0628285$ & $-0.0293879$ \\
mtop & $-0.00459141$ & $-0.0397643$ & $1$ & $0.0123807$ & $0.0408819$ & $0.0335256$ & $-0.0342319$ & $-0.00890219$ & $-0.0163835$ & $-0.00554278$ & $0.0217198$ & $-0.0327498$ & $0.0314509$ & $0.00442178$ & $-0.00528809$ & $-0.0149186$ & $-0.00620581$ & $0.000212501$ & $0.013185$ & $-0.0157092$ & $-0.0117986$ & $-0.0135037$ & $0.00243288$ & $0.00858526$ & $0.0123699$ & $0.00894163$ & $0.0139966$ & $-0.0307118$ & $0.0056619$ & $0.00878863$ & $-0.0051351$ & $-0.0328308$ & $0.0139167$ & $-0.00472208$ & $-0.0413952$ & $0.0911703$ & $0.0113531$ & $0.0107542$ & $-0.0230473$ & $0.0113797$ & $0.00747774$ & $0.0201597$ & $-0.0437943$ & $0.00796467$ & $0.041726$ & $-0.00177563$ & $-0.0351152$ & $-0.0532795$ & $-0.00517786$ \\
mHl & $0.00331756$ & $0.0334951$ & $0.0123807$ & $1$ & $0.0441893$ & $-0.00706813$ & $-0.00375691$ & $0.0530622$ & $0.0402485$ & $-0.0228131$ & $-0.0553126$ & $-0.0302705$ & $0.00687904$ & $0.0195116$ & $-0.010128$ & $0.0117611$ & $0.00771374$ & $0.00929769$ & $-0.0050196$ & $0.0518623$ & $0.0620497$ & $0.0557529$ & $-0.0203706$ & $-0.0504041$ & $0.00627224$ & $-0.0356421$ & $0.0328181$ & $0.0240052$ & $-0.0230872$ & $-0.0146755$ & $0.0109403$ & $-0.00545857$ & $-0.0299041$ & $0.0579943$ & $0.014635$ & $0.0174065$ & $-0.00544199$ & $0.0524938$ & $0.0404809$ & $-0.00957911$ & $0.0055974$ & $-0.00796978$ & $-0.0150861$ & $-0.0135499$ & $-0.0581199$ & $0.0323911$ & $0.00873529$ & $0.00323658$ & $0.00487473$ \\
Mz & $-0.0701598$ & $0.0159712$ & $0.0408819$ & $0.0441893$ & $1$ & $-0.00238764$ & $-0.000730993$ & $0.0284356$ & $0.0237663$ & $-0.0183615$ & $-0.0233118$ & $-0.0540595$ & $0.0481935$ & $0.0334607$ & $0.0405602$ & $0.0159165$ & $-0.0149016$ & $-0.0227645$ & $-0.00129089$ & $0.0360284$ & $0.0308322$ & $0.0413786$ & $-0.0126051$ & $-0.0199344$ & $0.022763$ & $0.000593615$ & $0.0221082$ & $0.024496$ & $-0.00556974$ & $-0.0164478$ & $-0.0154435$ & $0.000220961$ & $0.0165891$ & $-0.019687$ & $0.0148795$ & $-0.00336297$ & $-0.0195691$ & $0.000295015$ & $0.0315146$ & $-0.0181794$ & $0.00821715$ & $0.0131614$ & $-0.0318271$ & $0.045616$ & $-0.0394081$ & $-0.0291777$ & $-0.0261658$ & $0.0342237$ & $0.0118515$ \\
CW & $-0.022804$ & $0.0414241$ & $0.0335256$ & $-0.00706813$ & $-0.00238764$ & $1$ & $0.0723509$ & $-0.110809$ & $-0.102235$ & $0.0026445$ & $0.186652$ & $0.0268864$ & $0.0042437$ & $0.00186532$ & $-0.091473$ & $-0.106799$ & $-0.289516$ & $-0.0702207$ & $-0.0587445$ & $-0.185436$ & $-0.181941$ & $-0.173827$ & $-0.0499077$ & $-0.0395968$ & $-0.133635$ & $0.12956$ & $-0.10448$ & $-0.0465717$ & $-0.005472$ & $-0.0328661$ & $-0.0340442$ & $0.0667522$ & $-0.0423401$ & $-0.101323$ & $0.0117441$ & $0.00783133$ & $0.0197595$ & $-2.77667e-05$ & $-0.000427219$ & $-0.0236521$ & $0.0275537$ & $0.00646329$ & $-0.0125926$ & $-0.00839001$ & $0.0254098$ & $-0.0316395$ & $0.00427201$ & $-0.0230036$ & $-0.00534218$ \\
CHG & $0.0430463$ & $-0.0102811$ & $-0.0342319$ & $-0.00375691$ & $-0.000730993$ & $0.0723509$ & $1$ & $-0.107909$ & $-0.0587045$ & $0.0501029$ & $0.0685476$ & $0.21727$ & $-0.319926$ & $0.0603752$ & $-0.0106922$ & $-0.0250659$ & $0.0781201$ & $0.08411$ & $0.10033$ & $-0.0728111$ & $-0.0753878$ & $-0.073509$ & $-0.00876836$ & $0.103108$ & $0.0912272$ & $0.0485159$ & $-0.0427865$ & $-0.00345747$ & $-0.000716319$ & $-0.156131$ & $-0.0790217$ & $0.928747$ & $-0.180248$ & $-0.0808248$ & $-0.0169542$ & $-0.0455622$ & $0.038182$ & $-0.0084556$ & $0.0221377$ & $-0.0309055$ & $0.00380252$ & $-0.0450884$ & $0.0697765$ & $-0.00580586$ & $-0.0491355$ & $-0.00865428$ & $0.0427884$ & $0.0178406$ & $-0.00704061$ \\
CHWB & $0.0221523$ & $-0.108847$ & $-0.00890219$ & $0.0530622$ & $0.0284356$ & $-0.110809$ & $-0.107909$ & $1$ & $0.983051$ & $-0.583044$ & $-0.8852$ & $-0.45769$ & $0.362741$ & $0.07322$ & $0.269324$ & $0.297297$ & $-0.271903$ & $-0.439826$ & $-0.473029$ & $0.859159$ & $0.901003$ & $0.886889$ & $0.0873516$ & $-0.707192$ & $-0.435368$ & $-0.527752$ & $0.438156$ & $0.31817$ & $0.0399586$ & $0.1375$ & $0.060242$ & $-0.0967742$ & $0.114432$ & $0.59434$ & $-0.0431981$ & $-0.0256768$ & $0.00401721$ & $0.0384179$ & $0.0107038$ & $0.0152123$ & $0.0228552$ & $0.0264815$ & $-0.0283797$ & $0.0141885$ & $0.0036488$ & $0.0041666$ & $-0.0261186$ & $-0.025557$ & $-0.00173176$ \\
CHWHB_gaga & $0.0243467$ & $-0.109238$ & $-0.0163835$ & $0.0402485$ & $0.0237663$ & $-0.102235$ & $-0.0587045$ & $0.983051$ & $1$ & $-0.576663$ & $-0.864709$ & $-0.437729$ & $0.355414$ & $0.0604047$ & $0.26892$ & $0.290087$ & $-0.278804$ & $-0.445452$ & $-0.474052$ & $0.839249$ & $0.879611$ & $0.867308$ & $0.0845169$ & $-0.700772$ & $-0.44003$ & $-0.515384$ & $0.427028$ & $0.310712$ & $0.0433726$ & $0.153909$ & $0.0606535$ & $-0.0575587$ & $0.123938$ & $0.580715$ & $-0.0496609$ & $-0.0405449$ & $-0.0140799$ & $0.0327213$ & $0.00446345$ & $0.0197013$ & $0.0187385$ & $0.022506$ & $0.0503556$ & $0.0192107$ & $0.00962191$ & $0.00937196$ & $-0.0253269$ & $-0.0310421$ & $-0.0185274$ \\
CHWHB_gagaorth & $-0.0255742$ & $0.0518298$ & $-0.00554278$ & $-0.0228131$ & $-0.0183615$ & $0.0026445$ & $0.0501029$ & $-0.583044$ & $-0.576663$ & $1$ & $0.37085$ & $0.624081$ & $-0.282347$ & $0.248142$ & $-0.135336$ & $-0.1139$ & $0.456208$ & $0.511827$ & $0.506664$ & $-0.358332$ & $-0.385787$ & $-0.378415$ & $-0.104137$ & $0.570788$ & $0.485205$ & $0.256597$ & $-0.27454$ & $-0.148106$ & $-0.0600662$ & $-0.157749$ & $-0.0831164$ & $0.0650587$ & $-0.146528$ & $-0.354744$ & $0.0729632$ & $0.0102071$ & $0.036506$ & $0.00356542$ & $-0.0225064$ & $0.0119584$ & $-0.0580497$ & $-0.0441603$ & $0.0302872$ & $0.0203675$ & $-0.00599082$ & $-0.0206157$ & $0.00714764$ & $0.0236791$ & $0.00121765$ \\
CHD & $-0.0252527$ & $0.0770047$ & $0.0217198$ & $-0.0553126$ & $-0.0233118$ & $0.186652$ & $0.0685476$ & $-0.8852$ & $-0.864709$ & $0.37085$ & $1$ & $0.336684$ & $-0.188583$ & $-0.479715$ & $-0.385358$ & $-0.422125$ & $-0.173045$ & $0.0858701$ & $0.12339$ & $-0.990824$ & $-0.991094$ & $-0.97029$ & $-0.0311039$ & $0.36515$ & $0.0737785$ & $0.579754$ & $-0.303539$ & $-0.345992$ & $-0.0269391$ & $-0.0899231$ & $-0.0377799$ & $0.0707502$ & $-0.0598709$ & $-0.416748$ & $0.0498539$ & $0.0367239$ & $-0.0445603$ & $-0.0488705$ & $-0.00445527$ & $-0.0119846$ & $0.0139286$ & $-0.0297921$ & $0.0241347$ & $-0.00971445$ & $-0.00893385$ & $-0.00831742$ & $0.0267812$ & $0.0284901$ & $0.00908472$ \\
CHbox & $0.0117872$ & $0.0253371$ & $-0.0327498$ & $-0.0302705$ & $-0.0540595$ & $0.0268864$ & $0.21727$ & $-0.45769$ & $-0.437729$ & $0.624081$ & $0.336684$ & $1$ & $-0.764747$ & $0.105807$ & $-0.100021$ & $-0.0727325$ & $0.247577$ & $0.312946$ & $0.3015$ & $-0.323614$ & $-0.35303$ & $-0.347284$ & $-0.0997814$ & $0.406078$ & $0.283581$ & $0.233001$ & $-0.24405$ & $-0.110296$ & $-0.0497956$ & $-0.114501$ & $-0.0632051$ & $0.227983$ & $-0.121586$ & $-0.293871$ & $0.0914855$ & $-0.00785031$ & $0.0104131$ & $-0.0150298$ & $-0.00894652$ & $-0.0137028$ & $-0.0208996$ & $-0.0469684$ & $-0.00107938$ & $-0.000662384$ & $-0.0333247$ & $-0.0487741$ & $0.0160082$ & $0.0197448$ & $-0.0184031$ \\
CH & $-0.0208113$ & $-0.0123876$ & $0.0314509$ & $0.00687904$ & $0.0481935$ & $0.0042437$ & $-0.319926$ & $0.362741$ & $0.355414$ & $-0.282347$ & $-0.188583$ & $-0.764747$ & $1$ & $-0.249502$ & $0.0880107$ & $0.0654545$ & $-0.362473$ & $-0.397101$ & $-0.387357$ & $0.189315$ & $0.202183$ & $0.203093$ & $0.0693005$ & $-0.409859$ & $-0.374193$ & $-0.138537$ & $0.156766$ & $0.0467347$ & $0.0469225$ & $0.296268$ & $0.0947927$ & $-0.26398$ & $0.321931$ & $0.219469$ & $0.00479123$ & $0.0300458$ & $-0.0182716$ & $0.0179026$ & $0.00734805$ & $0.0302631$ & $0.00500457$ & $0.018171$ & $0.0128769$ & $0.0314703$ & $0.0309581$ & $0.036033$ & $-0.0109765$ & $0.00170936$ & $0.000957662$ \\
CHL1_11 & $-0.0289636$ & $0.00453785$ & $0.00442178$ & $0.0195116$ & $0.0334607$ & $0.00186532$ & $0.0603752$ & $0.07322$ & $0.0604047$ & $0.248142$ & $-0.479715$ & $0.105807$ & $-0.249502$ & $1$ & $0.243045$ & $0.255401$ & $0.653186$ & $0.599215$ & $0.59144$ & $0.498034$ & $0.443688$ & $0.425905$ & $-0.0963828$ & $0.451942$ & $0.588149$ & $-0.252478$ & $-0.118007$ & $0.154976$ & $-0.0245983$ & $-0.064393$ & $-0.0170343$ & $0.0386791$ & $-0.0662572$ & $-0.196688$ & $-0.0353685$ & $-0.0205288$ & $0.0752533$ & $0.0322444$ & $-0.0130365$ & $0.00326777$ & $-0.0723121$ & $0.0267343$ & $-0.013537$ & $-0.0129293$ & $0.024864$ & $0.0201074$ & $-0.00478026$ & $-0.0170748$ & $-0.00195937$ \\
CHL1_22 & $0.0176828$ & $-0.0223459$ & $-0.00528809$ & $-0.010128$ & $0.0405602$ & $-0.091473$ & $-0.0106922$ & $0.269324$ & $0.26892$ & $-0.135336$ & $-0.385358$ & $-0.100021$ & $0.0880107$ & $0.243045$ & $1$ & $0.434263$ & $0.143292$ & $-0.464355$ & $-0.0470724$ & $0.450103$ & $0.300389$ & $0.286257$ & $-0.160071$ & $0.092675$ & $-0.154942$ & $-0.190005$ & $-0.401805$ & $0.0646099$ & $0.0685647$ & $0.0409054$ & $0.00300411$ & $-0.0371615$ & $0.0197439$ & $-0.582631$ & $-0.0109636$ & $-0.0458618$ & $0.0174675$ & $0.0281944$ & $0.0180704$ & $3.55068e-05$ & $0.00787781$ & $0.0102951$ & $-0.00136941$ & $0.0368934$ & $-0.0466628$ & $0.0309612$ & $-0.0220065$ & $0.0331122$ & $-0.0544591$ \\
CHL1_33 & $0.0442843$ & $-0.0255486$ & $-0.0149186$ & $0.0117611$ & $0.0159165$ & $-0.106799$ & $-0.0250659$ & $0.297297$ & $0.290087$ & $-0.1139$ & $-0.422125$ & $-0.0727325$ & $0.0654545$ & $0.255401$ & $0.434263$ & $1$ & $0.178$ & $-0.0229514$ & $-0.442604$ & $0.48195$ & $0.342114$ & $0.349194$ & $-0.14956$ & $0.0957202$ & $-0.134416$ & $-0.233053$ & $-0.365785$ & $0.13762$ & $0.0164295$ & $0.0524005$ & $0.00363974$ & $-0.0289067$ & $0.0104246$ & $-0.0631195$ & $0.00325606$ & $-0.0457555$ & $0.034703$ & $0.00976527$ & $-0.00878875$ & $0.0373518$ & $-0.0333632$ & $0.0305816$ & $-0.0217075$ & $0.0197896$ & $0.0187977$ & $0.0369743$ & $0.00760973$ & $0.0171822$ & $-0.0586104$ \\
CHL3_11 & $-0.000128932$ & $0.0427733$ & $-0.00620581$ & $0.00771374$ & $-0.0149016$ & $-0.289516$ & $0.0781201$ & $-0.271903$ & $-0.278804$ & $0.456208$ & $-0.173045$ & $0.247577$ & $-0.362473$ & $0.653186$ & $0.143292$ & $0.178$ & $1$ & $0.741836$ & $0.720758$ & $0.192008$ & $0.138366$ & $0.126548$ & $-0.0803186$ & $0.677235$ & $0.765771$ & $-0.0698363$ & $-0.191023$ & $0.0402385$ & $-0.0252177$ & $-0.108077$ & $-0.050815$ & $0.0492002$ & $-0.12438$ & $-0.24916$ & $-0.0101435$ & $-0.0165399$ & $0.0803394$ & $0.0206709$ & $-0.00860571$ & $-0.00578568$ & $-0.066706$ & $-0.0107493$ & $0.00872225$ & $-0.00741496$ & $-0.00422745$ & $0.000372362$ & $-0.00452187$ & $-0.010299$ & $-0.0154178$ \\
CHL3_22 & $-0.0219076$ & $0.047566$ & $0.000212501$ & $0.00929769$ & $-0.0227645$ & $-0.0702207$ & $0.08411$ & $-0.439826$ & $-0.445452$ & $0.511827$ & $0.0858701$ & $0.312946$ & $-0.397101$ & $0.599215$ & $-0.464355$ & $-0.0229514$ & $0.741836$ & $1$ & $0.674652$ & $-0.0912499$ & $-0.0782223$ & $-0.0783341$ & $-0.0151486$ & $0.618963$ & $0.79182$ & $0.0580422$ & $-0.024111$ & $-0.00886304$ & $-0.0732366$ & $-0.121784$ & $-0.0457524$ & $0.0772069$ & $-0.121025$ & $0.0338081$ & $-0.00151803$ & $0.00936335$ & $0.0612906$ & $-0.00497003$ & $-0.0238826$ & $-0.00387078$ & $-0.0766931$ & $0.00146767$ & $0.0053929$ & $-0.0314142$ & $0.0452179$ & $-0.00732189$ & $0.0199025$ & $-0.0266839$ & $0.014927$ \\
CHL3_33 & $-0.03848$ & $0.0540688$ & $0.013185$ & $-0.0050196$ & $-0.00129089$ & $-0.0587445$ & $0.10033$ & $-0.473029$ & $-0.474052$ & $0.506664$ & $0.12339$ & $0.3015$ & $-0.387357$ & $0.59144$ & $-0.0470724$ & $-0.442604$ & $0.720758$ & $0.674652$ & $1$ & $-0.125913$ & $-0.117849$ & $-0.114581$ & $-0.0125525$ & $0.627554$ & $0.792518$ & $0.0945681$ & $-0.0397719$ & $-0.0546435$ & $-0.0393817$ & $-0.131695$ & $-0.0396615$ & $0.0771739$ & $-0.111406$ & $-0.363657$ & $-0.00972445$ & $0.011899$ & $0.0511793$ & $0.00872545$ & $-0.0114248$ & $-0.0325496$ & $-0.0512675$ & $-0.0188331$ & $0.0214381$ & $-0.0276997$ & $-0.0050608$ & $-0.0122863$ & $-0.00441611$ & $-0.0136802$ & $0.0281599$ \\
CHe_11 & $0.0171975$ & $-0.0517763$ & $-0.0157092$ & $0.0518623$ & $0.0360284$ & $-0.185436$ & $-0.0728111$ & $0.859159$ & $0.839249$ & $-0.358332$ & $-0.990824$ & $-0.323614$ & $0.189315$ & $0.498034$ & $0.450103$ & $0.48195$ & $0.192008$ & $-0.0912499$ & $-0.125913$ & $1$ & $0.974125$ & $0.953126$ & $0.00626394$ & $-0.314735$ & $-0.0681009$ & $-0.571614$ & $0.233838$ & $0.334773$ & $0.0277951$ & $0.0924708$ & $0.0368174$ & $-0.0740803$ & $0.0592097$ & $0.342536$ & $-0.045219$ & $-0.0384965$ & $0.0442664$ & $0.0462378$ & $0.00585243$ & $0.0105177$ & $-0.0187437$ & $0.0351044$ & $-0.0235321$ & $0.012908$ & $0.0131792$ & $0.0145446$ & $-0.0211798$ & $-0.023648$ & $-0.0185037$ \\
CHe_22 & $0.0133386$ & $-0.048748$ & $-0.0117986$ & $0.0620497$ & $0.0308322$ & $-0.181941$ & $-0.0753878$ & $0.901003$ & $0.879611$ & $-0.385787$ & $-0.991094$ & $-0.35303$ & $0.202183$ & $0.443688$ & $0.300389$ & $0.342114$ & $0.138366$ & $-0.0782223$ & $-0.117849$ & $0.974125$ & $1$ & $0.97584$ & $0.0570854$ & $-0.417206$ & $-0.0763608$ & $-0.578593$ & $0.384403$ & $0.350104$ & $0.0237789$ & $0.089609$ & $0.0413557$ & $-0.0745188$ & $0.0641492$ & $0.499095$ & $-0.049451$ & $-0.0283236$ & $0.0407392$ & $0.0492052$ & $0.00372347$ & $0.0116505$ & $-0.0110394$ & $0.0285401$ & $-0.0267991$ & $0.00682016$ & $0.0114537$ & $0.00719273$ & $-0.0263533$ & $-0.0334394$ & $-0.00227891$ \\
CHe_33 & $0.0111924$ & $-0.052058$ & $-0.0135037$ & $0.0557529$ & $0.0413786$ & $-0.173827$ & $-0.073509$ & $0.886889$ & $0.867308$ & $-0.378415$ & $-0.97029$ & $-0.347284$ & $0.203093$ & $0.425905$ & $0.286257$ & $0.349194$ & $0.126548$ & $-0.0783341$ & $-0.114581$ & $0.953126$ & $0.97584$ & $1$ & $0.0605849$ & $-0.41504$ & $-0.0779352$ & $-0.569075$ & $0.38586$ & $0.348341$ & $0.0137011$ & $0.0921276$ & $0.0469907$ & $-0.0723594$ & $0.0649157$ & $0.500748$ & $-0.0445669$ & $-0.0292054$ & $0.0372148$ & $0.0442611$ & $-0.00780962$ & $0.0105219$ & $-0.0106503$ & $0.0241419$ & $-0.0191689$ & $0.00524119$ & $0.017861$ & $0.00574526$ & $-0.026891$ & $-0.0326396$ & $0.000816744$ \\
CHQ1_11 & $-0.00774057$ & $-0.00124166$ & $0.00243288$ & $-0.0203706$ & $-0.0126051$ & $-0.0499077$ & $-0.00876836$ & $0.0873516$ & $0.0845169$ & $-0.104137$ & $-0.0311039$ & $-0.0997814$ & $0.0693005$ & $-0.0963828$ & $-0.160071$ & $-0.14956$ & $-0.0803186$ & $-0.0151486$ & $-0.0125525$ & $0.00626394$ & $0.0570854$ & $0.0605849$ & $1$ & $-0.138959$ & $0.0620565$ & $-0.671465$ & $0.360257$ & $0.0144454$ & $0.0271072$ & $0.0620487$ & $0.0511425$ & $0.0105491$ & $0.0517376$ & $0.200829$ & $-0.00696099$ & $0.0318868$ & $-0.0353815$ & $-0.0398771$ & $-0.0319283$ & $-0.0142281$ & $0.0270243$ & $0.0539295$ & $-0.0235662$ & $0.0125731$ & $0.0187398$ & $-0.0184591$ & $-0.0207494$ & $-0.0102274$ & $0.0277511$ \\
CHQ1_33 & $-0.0799083$ & $0.0568451$ & $0.00858526$ & $-0.0504041$ & $-0.0199344$ & $-0.0395968$ & $0.103108$ & $-0.707192$ & $-0.700772$ & $0.570788$ & $0.36515$ & $0.406078$ & $-0.409859$ & $0.451942$ & $0.092675$ & $0.0957202$ & $0.677235$ & $0.618963$ & $0.627554$ & $-0.314735$ & $-0.417206$ & $-0.41504$ & $-0.138959$ & $1$ & $0.650973$ & $0.237009$ & $-0.446426$ & $-0.0866471$ & $-0.034454$ & $-0.131167$ & $-0.0535188$ & $0.0809376$ & $-0.126078$ & $-0.639294$ & $0.00952736$ & $-0.0239427$ & $0.0523143$ & $-0.0119117$ & $-0.0205954$ & $0.0171715$ & $-0.0533011$ & $-0.0037677$ & $0.0324855$ & $-0.0296152$ & $0.0140673$ & $-0.00640703$ & $0.0302839$ & $0.00832067$ & $-0.00918647$ \\
CHQ3_11 & $-0.155599$ & $0.0436804$ & $0.0123699$ & $0.00627224$ & $0.022763$ & $-0.133635$ & $0.0912272$ & $-0.435368$ & $-0.44003$ & $0.485205$ & $0.0737785$ & $0.283581$ & $-0.374193$ & $0.588149$ & $-0.154942$ & $-0.134416$ & $0.765771$ & $0.79182$ & $0.792518$ & $-0.0681009$ & $-0.0763608$ & $-0.0779352$ & $0.0620565$ & $0.650973$ & $1$ & $0.06964$ & $0.176969$ & $-0.0130496$ & $-0.0315511$ & $-0.132715$ & $-0.0577789$ & $0.0800807$ & $-0.110009$ & $-0.214634$ & $-0.0106966$ & $0.0146529$ & $0.0399859$ & $-0.0254705$ & $-0.0206344$ & $-0.00791524$ & $-0.0823392$ & $-0.000553062$ & $0.00132511$ & $-0.0250857$ & $0.0174405$ & $-0.0183315$ & $-0.0189242$ & $0.00718677$ & $-6.94348e-05$ \\
CHu_11 & $-0.0565713$ & $0.0221872$ & $0.00894163$ & $-0.0356421$ & $0.000593615$ & $0.12956$ & $0.0485159$ & $-0.527752$ & $-0.515384$ & $0.256597$ & $0.579754$ & $0.233001$ & $-0.138537$ & $-0.252478$ & $-0.190005$ & $-0.233053$ & $-0.0698363$ & $0.0580422$ & $0.0945681$ & $-0.571614$ & $-0.578593$ & $-0.569075$ & $-0.671465$ & $0.237009$ & $0.06964$ & $1$ & $-0.178668$ & $-0.194256$ & $-0.0150111$ & $-0.12718$ & $-0.0447043$ & $0.0415509$ & $-0.0737451$ & $-0.279183$ & $0.0285315$ & $0.0118466$ & $0.0071367$ & $-0.00383392$ & $0.0125689$ & $-0.00128397$ & $-0.00283757$ & $-0.0613007$ & $0.0309004$ & $-0.0206741$ & $-0.019499$ & $-0.000990591$ & $0.0434216$ & $0.0172329$ & $-0.0137983$ \\
CHd_11 & $-0.0486596$ & $-0.0176221$ & $0.0139966$ & $0.0328181$ & $0.0221082$ & $-0.10448$ & $-0.0427865$ & $0.438156$ & $0.427028$ & $-0.27454$ & $-0.303539$ & $-0.24405$ & $0.156766$ & $-0.118007$ & $-0.401805$ & $-0.365785$ & $-0.191023$ & $-0.024111$ & $-0.0397719$ & $0.233838$ & $0.384403$ & $0.38586$ & $0.360257$ & $-0.446426$ & $0.176969$ & $-0.178668$ & $1$ & $0.143376$ & $0.00934459$ & $0.0193782$ & $0.0287734$ & $-0.0204588$ & $0.0484546$ & $0.685199$ & $-0.0343467$ & $0.0245924$ & $-0.0110849$ & $-0.0193434$ & $-0.026352$ & $0.00446341$ & $-0.00527537$ & $0.00486903$ & $-0.0127705$ & $-0.0245223$ & $0.0196267$ & $-0.0482245$ & $-0.0255278$ & $-0.016119$ & $0.0253923$ \\
CHd_33 & $0.0236044$ & $-0.0233652$ & $-0.0307118$ & $0.0240052$ & $0.024496$ & $-0.0465717$ & $-0.00345747$ & $0.31817$ & $0.310712$ & $-0.148106$ & $-0.345992$ & $-0.110296$ & $0.0467347$ & $0.154976$ & $0.0646099$ & $0.13762$ & $0.0402385$ & $-0.00886304$ & $-0.0546435$ & $0.334773$ & $0.350104$ & $0.348341$ & $0.0144454$ & $-0.0866471$ & $-0.0130496$ & $-0.194256$ & $0.143376$ & $1$ & $-0.0299734$ & $0.0369441$ & $0.018103$ & $0.00446637$ & $0.0267137$ & $0.207132$ & $-0.0326094$ & $-0.0173882$ & $-0.0250423$ & $0.0341142$ & $-0.0228426$ & $0.0109146$ & $-0.00663394$ & $-0.00123582$ & $-0.021376$ & $-0.0578838$ & $-0.0146555$ & $-0.0401133$ & $-0.033033$ & $-0.00651163$ & $-0.014173$ \\
CeH_22r & $-0.0579039$ & $0.0260566$ & $0.0056619$ & $-0.0230872$ & $-0.00556974$ & $-0.005472$ & $-0.000716319$ & $0.0399586$ & $0.0433726$ & $-0.0600662$ & $-0.0269391$ & $-0.0497956$ & $0.0469225$ & $-0.0245983$ & $0.0685647$ & $0.0164295$ & $-0.0252177$ & $-0.0732366$ & $-0.0393817$ & $0.0277951$ & $0.0237789$ & $0.0137011$ & $0.0271072$ & $-0.034454$ & $-0.0315511$ & $-0.0150111$ & $0.00934459$ & $-0.0299734$ & $1$ & $0.037268$ & $-0.0205118$ & $-0.0222315$ & $0.0251138$ & $-0.0174855$ & $-0.0674849$ & $0.00759484$ & $-0.0148913$ & $0.0316383$ & $-0.0135096$ & $0.00813657$ & $0.0366656$ & $0.00203972$ & $-0.0193843$ & $-0.0293887$ & $0.000156904$ & $0.0283543$ & $-0.0358102$ & $0.007348$ & $0.00994126$ \\
CeH_33r & $-0.0232193$ & $-0.0237773$ & $0.00878863$ & $-0.0146755$ & $-0.0164478$ & $-0.0328661$ & $-0.156131$ & $0.1375$ & $0.153909$ & $-0.157749$ & $-0.0899231$ & $-0.114501$ & $0.296268$ & $-0.064393$ & $0.0409054$ & $0.0524005$ & $-0.108077$ & $-0.121784$ & $-0.131695$ & $0.0924708$ & $0.089609$ & $0.0921276$ & $0.0620487$ & $-0.131167$ & $-0.132715$ & $-0.12718$ & $0.0193782$ & $0.0369441$ & $0.037268$ & $1$ & $0.279669$ & $-5.51066e-05$ & $0.603488$ & $0.0735508$ & $-0.00465789$ & $-0.0258906$ & $-0.19605$ & $-0.0170859$ & $0.00527301$ & $0.0181287$ & $-0.0145856$ & $-0.00484216$ & $-0.0160426$ & $0.0539175$ & $0.0937432$ & $-0.00486143$ & $-0.0222975$ & $-0.0426121$ & $-0.0221991$ \\
CuH_22r & $0.0105831$ & $-0.0227791$ & $-0.0051351$ & $0.0109403$ & $-0.0154435$ & $-0.0340442$ & $-0.0790217$ & $0.060242$ & $0.0606535$ & $-0.0831164$ & $-0.0377799$ & $-0.0632051$ & $0.0947927$ & $-0.0170343$ & $0.00300411$ & $0.00363974$ & $-0.050815$ & $-0.0457524$ & $-0.0396615$ & $0.0368174$ & $0.0413557$ & $0.0469907$ & $0.0511425$ & $-0.0535188$ & $-0.0577789$ & $-0.0447043$ & $0.0287734$ & $0.018103$ & $-0.0205118$ & $0.279669$ & $1$ & $0.0261597$ & $0.317883$ & $0.040802$ & $-0.0275881$ & $-0.00411047$ & $-0.0820287$ & $0.00705024$ & $-0.00292093$ & $0.0419598$ & $-0.0124172$ & $-0.0236393$ & $-0.00553298$ & $0.0228633$ & $-0.0394689$ & $0.0619606$ & $0.408078$ & $-0.00958807$ & $-0.0114366$ \\
CuH_33r & $0.0154165$ & $-0.00935775$ & $-0.0328308$ & $-0.00545857$ & $0.000220961$ & $0.0667522$ & $0.928747$ & $-0.0967742$ & $-0.0575587$ & $0.0650587$ & $0.0707502$ & $0.227983$ & $-0.26398$ & $0.0386791$ & $-0.0371615$ & $-0.0289067$ & $0.0492002$ & $0.0772069$ & $0.0771739$ & $-0.0740803$ & $-0.0745188$ & $-0.0723594$ & $0.0105491$ & $0.0809376$ & $0.0800807$ & $0.0415509$ & $-0.0204588$ & $0.00446637$ & $-0.0222315$ & $-5.51066e-05$ & $0.0261597$ & $1$ & $-0.000919108$ & $-0.0533895$ & $0.0629689$ & $-0.0108482$ & $0.00312348$ & $-0.0234964$ & $0.0326076$ & $-0.0181428$ & $-0.0137158$ & $-0.049861$ & $0.074443$ & $-0.015396$ & $-0.0590719$ & $-0.0237929$ & $0.0470233$ & $0.0192483$ & $0.00235514$ \\
CdH_33r & $-0.0722562$ & $-0.019596$ & $0.0139167$ & $-0.0299041$ & $0.0165891$ & $-0.0423401$ & $-0.180248$ & $0.114432$ & $0.123938$ & $-0.146528$ & $-0.0598709$ & $-0.121586$ & $0.321931$ & $-0.0662572$ & $0.0197439$ & $0.0104246$ & $-0.12438$ & $-0.121025$ & $-0.111406$ & $0.0592097$ & $0.0641492$ & $0.0649157$ & $0.0517376$ & $-0.126078$ & $-0.110009$ & $-0.0737451$ & $0.0484546$ & $0.0267137$ & $0.0251138$ & $0.603488$ & $0.317883$ & $-0.000919108$ & $1$ & $0.0646002$ & $-0.0360517$ & $-0.0245507$ & $-0.19559$ & $-0.0223388$ & $0.00984784$ & $0.0398428$ & $-0.0110564$ & $-0.0205758$ & $0.00360185$ & $0.0324666$ & $-0.0401838$ & $-0.0316203$ & $-0.0309634$ & $0.175116$ & $0.491794$ \\
CLL_1221 & $0.0161405$ & $-0.00028207$ & $-0.00472208$ & $0.0579943$ & $-0.019687$ & $-0.101323$ & $-0.0808248$ & $0.59434$ & $0.580715$ & $-0.354744$ & $-0.416748$ & $-0.293871$ & $0.219469$ & $-0.196688$ & $-0.582631$ & $-0.0631195$ & $-0.24916$ & $0.0338081$ & $-0.363657$ & $0.342536$ & $0.499095$ & $0.500748$ & $0.200829$ & $-0.639294$ & $-0.214634$ & $-0.279183$ & $0.685199$ & $0.207132$ & $-0.0174855$ & $0.0735508$ & $0.040802$ & $-0.0533895$ & $0.0646002$ & $1$ & $-0.025899$ & $0.0167374$ & $-0.00288471$ & $0.0100169$ & $-0.00785199$ & $0.0105177$ & $0.0120224$ & $0.00620147$ & $-0.0215383$ & $-0.0177714$ & $0.0381392$ & $-0.0181452$ & $-0.000110258$ & $-0.0433412$ & $0.0298098$ \\
eHggint & $0.0412967$ & $-0.00581136$ & $-0.0413952$ & $0.014635$ & $0.0148795$ & $0.0117441$ & $-0.0169542$ & $-0.0431981$ & $-0.0496609$ & $0.0729632$ & $0.0498539$ & $0.0914855$ & $0.00479123$ & $-0.0353685$ & $-0.0109636$ & $0.00325606$ & $-0.0101435$ & $-0.00151803$ & $-0.00972445$ & $-0.045219$ & $-0.049451$ & $-0.0445669$ & $-0.00696099$ & $0.00952736$ & $-0.0106966$ & $0.0285315$ & $-0.0343467$ & $-0.0326094$ & $-0.0674849$ & $-0.00465789$ & $-0.0275881$ & $0.0629689$ & $-0.0360517$ & $-0.025899$ & $1$ & $-0.138976$ & $0.0183384$ & $-0.00503701$ & $0.0369116$ & $-0.0623522$ & $-0.0386585$ & $-0.0477203$ & $0.0262792$ & $0.00468027$ & $0.033991$ & $0.000551675$ & $-0.00470208$ & $-0.0109829$ & $0.00392956$ \\
eHggpar & $-0.0382397$ & $0.043186$ & $0.0911703$ & $0.0174065$ & $-0.00336297$ & $0.00783133$ & $-0.0455622$ & $-0.0256768$ & $-0.0405449$ & $0.0102071$ & $0.0367239$ & $-0.00785031$ & $0.0300458$ & $-0.0205288$ & $-0.0458618$ & $-0.0457555$ & $-0.0165399$ & $0.00936335$ & $0.011899$ & $-0.0384965$ & $-0.0283236$ & $-0.0292054$ & $0.0318868$ & $-0.0239427$ & $0.0146529$ & $0.0118466$ & $0.0245924$ & $-0.0173882$ & $0.00759484$ & $-0.0258906$ & $-0.00411047$ & $-0.0108482$ & $-0.0245507$ & $0.0167374$ & $-0.138976$ & $1$ & $0.0712148$ & $0.0150902$ & $-0.00822587$ & $0.00959471$ & $0.00251086$ & $0.03269$ & $-0.0756297$ & $-0.0363101$ & $-0.0102331$ & $-0.0284074$ & $0.00330653$ & $-0.0116649$ & $0.0111572$ \\
eHWWint & $0.0556403$ & $0.0410035$ & $0.0113531$ & $-0.00544199$ & $-0.0195691$ & $0.0197595$ & $0.038182$ & $0.00401721$ & $-0.0140799$ & $0.036506$ & $-0.0445603$ & $0.0104131$ & $-0.0182716$ & $0.0752533$ & $0.0174675$ & $0.034703$ & $0.0803394$ & $0.0612906$ & $0.0511793$ & $0.0442664$ & $0.0407392$ & $0.0372148$ & $-0.0353815$ & $0.0523143$ & $0.0399859$ & $0.0071367$ & $-0.0110849$ & $-0.0250423$ & $-0.0148913$ & $-0.19605$ & $-0.0820287$ & $0.00312348$ & $-0.19559$ & $-0.00288471$ & $0.0183384$ & $0.0712148$ & $1$ & $0.0369521$ & $-0.0152101$ & $-0.0270855$ & $0.00753147$ & $-0.0330497$ & $-0.0401182$ & $-0.0231796$ & $0.0500539$ & $0.0347268$ & $0.00935772$ & $-0.00241471$ & $0.00541419$ \\
eHWWpar & $0.0520779$ & $0.0153755$ & $0.0107542$ & $0.0524938$ & $0.000295015$ & $-2.77667e-05$ & $-0.0084556$ & $0.0384179$ & $0.0327213$ & $0.00356542$ & $-0.0488705$ & $-0.0150298$ & $0.0179026$ & $0.0322444$ & $0.0281944$ & $0.00976527$ & $0.0206709$ & $-0.00497003$ & $0.00872545$ & $0.0462378$ & $0.0492052$ & $0.0442611$ & $-0.0398771$ & $-0.0119117$ & $-0.0254705$ & $-0.00383392$ & $-0.0193434$ & $0.0341142$ & $0.0316383$ & $-0.0170859$ & $0.00705024$ & $-0.0234964$ & $-0.0223388$ & $0.0100169$ & $-0.00503701$ & $0.0150902$ & $0.0369521$ & $1$ & $-0.0340461$ & $-0.0137523$ & $0.0397951$ & $-0.00428514$ & $-0.0312419$ & $-0.0342154$ & $-0.00647929$ & $0.0104751$ & $-0.0285094$ & $-0.0175864$ & $-0.00485516$ \\
eHZZint & $-0.0769333$ & $-0.0289491$ & $-0.0230473$ & $0.0404809$ & $0.0315146$ & $-0.000427219$ & $0.0221377$ & $0.0107038$ & $0.00446345$ & $-0.0225064$ & $-0.00445527$ & $-0.00894652$ & $0.00734805$ & $-0.0130365$ & $0.0180704$ & $-0.00878875$ & $-0.00860571$ & $-0.0238826$ & $-0.0114248$ & $0.00585243$ & $0.00372347$ & $-0.00780962$ & $-0.0319283$ & $-0.0205954$ & $-0.0206344$ & $0.0125689$ & $-0.026352$ & $-0.0228426$ & $-0.0135096$ & $0.00527301$ & $-0.00292093$ & $0.0326076$ & $0.00984784$ & $-0.00785199$ & $0.0369116$ & $-0.00822587$ & $-0.0152101$ & $-0.0340461$ & $1$ & $-0.0330169$ & $-0.0304247$ & $0.0108843$ & $0.0264958$ & $0.0560272$ & $-0.0105554$ & $0.0378477$ & $0.00537856$ & $-0.000106905$ & $0.00313337$ \\
eHZZpar & $-0.0158702$ & $-0.0381841$ & $0.0113797$ & $-0.00957911$ & $-0.0181794$ & $-0.0236521$ & $-0.0309055$ & $0.0152123$ & $0.0197013$ & $0.0119584$ & $-0.0119846$ & $-0.0137028$ & $0.0302631$ & $0.00326777$ & $3.55068e-05$ & $0.0373518$ & $-0.00578568$ & $-0.00387078$ & $-0.0325496$ & $0.0105177$ & $0.0116505$ & $0.0105219$ & $-0.0142281$ & $0.0171715$ & $-0.00791524$ & $-0.00128397$ & $0.00446341$ & $0.0109146$ & $0.00813657$ & $0.0181287$ & $0.0419598$ & $-0.0181428$ & $0.0398428$ & $0.0105177$ & $-0.0623522$ & $0.00959471$ & $-0.0270855$ & $-0.0137523$ & $-0.0330169$ & $1$ & $-0.0124304$ & $-0.00380411$ & $-0.00330704$ & $0.0225012$ & $-0.0142123$ & $-0.0276034$ & $0.0329883$ & $-0.0378879$ & $-0.0147213$ \\
eHZgaint & $-0.0399654$ & $-0.0230509$ & $0.00747774$ & $0.0055974$ & $0.00821715$ & $0.0275537$ & $0.00380252$ & $0.0228552$ & $0.0187385$ & $-0.0580497$ & $0.0139286$ & $-0.0208996$ & $0.00500457$ & $-0.0723121$ & $0.00787781$ & $-0.0333632$ & $-0.066706$ & $-0.0766931$ & $-0.0512675$ & $-0.0187437$ & $-0.0110394$ & $-0.0106503$ & $0.0270243$ & $-0.0533011$ & $-0.0823392$ & $-0.00283757$ & $-0.00527537$ & $-0.00663394$ & $0.0366656$ & $-0.0145856$ & $-0.0124172$ & $-0.0137158$ & $-0.0110564$ & $0.0120224$ & $-0.0386585$ & $0.00251086$ & $0.00753147$ & $0.0397951$ & $-0.0304247$ & $-0.0124304$ & $1$ & $0.0404227$ & $-0.0493268$ & $0.000609409$ & $-0.0329139$ & $0.0111567$ & $-0.0132573$ & $0.0310825$ & $0.0212274$ \\
eHZgapar & $-0.0369679$ & $0.00318523$ & $0.0201597$ & $-0.00796978$ & $0.0131614$ & $0.00646329$ & $-0.0450884$ & $0.0264815$ & $0.022506$ & $-0.0441603$ & $-0.0297921$ & $-0.0469684$ & $0.018171$ & $0.0267343$ & $0.0102951$ & $0.0305816$ & $-0.0107493$ & $0.00146767$ & $-0.0188331$ & $0.0351044$ & $0.0285401$ & $0.0241419$ & $0.0539295$ & $-0.0037677$ & $-0.000553062$ & $-0.0613007$ & $0.00486903$ & $-0.00123582$ & $0.00203972$ & $-0.00484216$ & $-0.0236393$ & $-0.049861$ & $-0.0205758$ & $0.00620147$ & $-0.0477203$ & $0.03269$ & $-0.0330497$ & $-0.00428514$ & $0.0108843$ & $-0.00380411$ & $0.0404227$ & $1$ & $-0.0170558$ & $0.0125095$ & $0.0613577$ & $0.0153581$ & $-0.0237509$ & $0.0230839$ & $-0.0284938$ \\
eHgagaint & $0.0173087$ & $0.00455487$ & $-0.0437943$ & $-0.0150861$ & $-0.0318271$ & $-0.0125926$ & $0.0697765$ & $-0.0283797$ & $0.0503556$ & $0.0302872$ & $0.0241347$ & $-0.00107938$ & $0.0128769$ & $-0.013537$ & $-0.00136941$ & $-0.0217075$ & $0.00872225$ & $0.0053929$ & $0.0214381$ & $-0.0235321$ & $-0.0267991$ & $-0.0191689$ & $-0.0235662$ & $0.0324855$ & $0.00132511$ & $0.0309004$ & $-0.0127705$ & $-0.021376$ & $-0.0193843$ & $-0.0160426$ & $-0.00553298$ & $0.074443$ & $0.00360185$ & $-0.0215383$ & $0.0262792$ & $-0.0756297$ & $-0.0401182$ & $-0.0312419$ & $0.0264958$ & $-0.00330704$ & $-0.0493268$ & $-0.0170558$ & $1$ & $-0.0124457$ & $0.054073$ & $-0.0169652$ & $-0.00516049$ & $-0.0338073$ & $-0.0233149$ \\
eHmumuint & $0.0186668$ & $-0.0407437$ & $0.00796467$ & $-0.0135499$ & $0.045616$ & $-0.00839001$ & $-0.00580586$ & $0.0141885$ & $0.0192107$ & $0.0203675$ & $-0.00971445$ & $-0.000662384$ & $0.0314703$ & $-0.0129293$ & $0.0368934$ & $0.0197896$ & $-0.00741496$ & $-0.0314142$ & $-0.0276997$ & $0.012908$ & $0.00682016$ & $0.00524119$ & $0.0125731$ & $-0.0296152$ & $-0.0250857$ & $-0.0206741$ & $-0.0245223$ & $-0.0578838$ & $-0.0293887$ & $0.0539175$ & $0.0228633$ & $-0.015396$ & $0.0324666$ & $-0.0177714$ & $0.00468027$ & $-0.0363101$ & $-0.0231796$ & $-0.0342154$ & $0.0560272$ & $0.0225012$ & $0.000609409$ & $0.0125095$ & $-0.0124457$ & $1$ & $0.0285205$ & $0.00855699$ & $0.000143169$ & $0.0300597$ & $-0.0158853$ \\
eHtautauint & $-0.0303518$ & $0.0376525$ & $0.041726$ & $-0.0581199$ & $-0.0394081$ & $0.0254098$ & $-0.0491355$ & $0.0036488$ & $0.00962191$ & $-0.00599082$ & $-0.00893385$ & $-0.0333247$ & $0.0309581$ & $0.024864$ & $-0.0466628$ & $0.0187977$ & $-0.00422745$ & $0.0452179$ & $-0.0050608$ & $0.0131792$ & $0.0114537$ & $0.017861$ & $0.0187398$ & $0.0140673$ & $0.0174405$ & $-0.019499$ & $0.0196267$ & $-0.0146555$ & $0.000156904$ & $0.0937432$ & $-0.0394689$ & $-0.0590719$ & $-0.0401838$ & $0.0381392$ & $0.033991$ & $-0.0102331$ & $0.0500539$ & $-0.00647929$ & $-0.0105554$ & $-0.0142123$ & $-0.0329139$ & $0.0613577$ & $0.054073$ & $0.0285205$ & $1$ & $0.0208067$ & $-0.00635099$ & $-0.015578$ & $-0.0426136$ \\
eHccint & $-0.0154483$ & $0.0345869$ & $-0.00177563$ & $0.0323911$ & $-0.0291777$ & $-0.0316395$ & $-0.00865428$ & $0.0041666$ & $0.00937196$ & $-0.0206157$ & $-0.00831742$ & $-0.0487741$ & $0.036033$ & $0.0201074$ & $0.0309612$ & $0.0369743$ & $0.000372362$ & $-0.00732189$ & $-0.0122863$ & $0.0145446$ & $0.00719273$ & $0.00574526$ & $-0.0184591$ & $-0.00640703$ & $-0.0183315$ & $-0.000990591$ & $-0.0482245$ & $-0.0401133$ & $0.0283543$ & $-0.00486143$ & $0.0619606$ & $-0.0237929$ & $-0.0316203$ & $-0.0181452$ & $0.000551675$ & $-0.0284074$ & $0.0347268$ & $0.0104751$ & $0.0378477$ & $-0.0276034$ & $0.0111567$ & $0.0153581$ & $-0.0169652$ & $0.00855699$ & $0.0208067$ & $1$ & $0.0465656$ & $0.00317402$ & $-0.0447733$ \\
eHccpar & $0.0231712$ & $0.0211196$ & $-0.0351152$ & $0.00873529$ & $-0.0261658$ & $0.00427201$ & $0.0427884$ & $-0.0261186$ & $-0.0253269$ & $0.00714764$ & $0.0267812$ & $0.0160082$ & $-0.0109765$ & $-0.00478026$ & $-0.0220065$ & $0.00760973$ & $-0.00452187$ & $0.0199025$ & $-0.00441611$ & $-0.0211798$ & $-0.0263533$ & $-0.026891$ & $-0.0207494$ & $0.0302839$ & $-0.0189242$ & $0.0434216$ & $-0.0255278$ & $-0.033033$ & $-0.0358102$ & $-0.0222975$ & $0.408078$ & $0.0470233$ & $-0.0309634$ & $-0.000110258$ & $-0.00470208$ & $0.00330653$ & $0.00935772$ & $-0.0285094$ & $0.00537856$ & $0.0329883$ & $-0.0132573$ & $-0.0237509$ & $-0.00516049$ & $0.000143169$ & $-0.00635099$ & $0.0465656$ & $1$ & $-0.00794432$ & $-0.0640717$ \\
eHbbint & $-0.000491767$ & $0.0628285$ & $-0.0532795$ & $0.00323658$ & $0.0342237$ & $-0.0230036$ & $0.0178406$ & $-0.025557$ & $-0.0310421$ & $0.0236791$ & $0.0284901$ & $0.0197448$ & $0.00170936$ & $-0.0170748$ & $0.0331122$ & $0.0171822$ & $-0.010299$ & $-0.0266839$ & $-0.0136802$ & $-0.023648$ & $-0.0334394$ & $-0.0326396$ & $-0.0102274$ & $0.00832067$ & $0.00718677$ & $0.0172329$ & $-0.016119$ & $-0.00651163$ & $0.007348$ & $-0.0426121$ & $-0.00958807$ & $0.0192483$ & $0.175116$ & $-0.0433412$ & $-0.0109829$ & $-0.0116649$ & $-0.00241471$ & $-0.0175864$ & $-0.000106905$ & $-0.0378879$ & $0.0310825$ & $0.0230839$ & $-0.0338073$ & $0.0300597$ & $-0.015578$ & $0.00317402$ & $-0.00794432$ & $1$ & $0.0122149$ \\
eHbbpar & $-0.0634097$ & $-0.0293879$ & $-0.00517786$ & $0.00487473$ & $0.0118515$ & $-0.00534218$ & $-0.00704061$ & $-0.00173176$ & $-0.0185274$ & $0.00121765$ & $0.00908472$ & $-0.0184031$ & $0.000957662$ & $-0.00195937$ & $-0.0544591$ & $-0.0586104$ & $-0.0154178$ & $0.014927$ & $0.0281599$ & $-0.0185037$ & $-0.00227891$ & $0.000816744$ & $0.0277511$ & $-0.00918647$ & $-6.94348e-05$ & $-0.0137983$ & $0.0253923$ & $-0.014173$ & $0.00994126$ & $-0.0221991$ & $-0.0114366$ & $0.00235514$ & $0.491794$ & $0.0298098$ & $0.00392956$ & $0.0111572$ & $0.00541419$ & $-0.00485516$ & $0.00313337$ & $-0.0147213$ & $0.0212274$ & $-0.0284938$ & $-0.0233149$ & $-0.0158853$ & $-0.0426136$ & $-0.0447733$ & $-0.0640717$ & $0.0122149$ & $1$ \\
