 & AlsMz & dAle5Mz & mtop & mHl & Mz & CW & CHG & CHWB & CHWHB_gaga & CHWHB_gagaorth & CHD & CHbox & CH & CHL1_11 & CHL1_22 & CHL1_33 & CHL3_11 & CHL3_22 & CHL3_33 & CHe_11 & CHe_22 & CHe_33 & CHQ1_11 & CHQ1_33 & CHQ3_11 & CHu_11 & CHd_11 & CHd_33 & CeH_22r & CeH_33r & CuH_22r & CuH_33r & CdH_33r & CLL_1221 & eHggint & eHggpar & eHWWint & eHWWpar & eHZZint & eHZZpar & eHZgaint & eHZgapar & eHgagaint & eHmumuint & eHtautauint & eHccint & eHccpar & eHbbint & eHbbpar \\
AlsMz & $1$ & $-0.0193847$ & $-0.092542$ & $-0.000789158$ & $-0.0107835$ & $-0.00879865$ & $-0.000843005$ & $0.0119186$ & $0.0150562$ & $-0.00599855$ & $-0.0291051$ & $-0.0200414$ & $0.00468911$ & $0.0161185$ & $0.0111781$ & $0.0163649$ & $0.0162252$ & $0.00874344$ & $0.00625467$ & $0.0210931$ & $0.0176368$ & $0.0199075$ & $0.00287371$ & $-0.0510687$ & $-0.107725$ & $-0.0589522$ & $-0.0331325$ & $0.0251198$ & $0.0141609$ & $0.00477513$ & $-0.0239835$ & $-0.0115582$ & $0.00694471$ & $-0.00068241$ & $-0.0647935$ & $-0.0290319$ & $0.0227652$ & $0.00627357$ & $-0.0613679$ & $-0.00827435$ & $0.0520335$ & $0.0129612$ & $0.0416574$ & $-0.0211261$ & $0.059817$ & $0.00739887$ & $-0.0850299$ & $0.0998662$ & $-0.00825519$ \\
dAle5Mz & $-0.0193847$ & $1$ & $0.0166584$ & $-0.0970629$ & $-0.00599351$ & $0.00831907$ & $0.000588369$ & $-0.0620505$ & $-0.0696317$ & $0.0248135$ & $0.0495966$ & $0.0355641$ & $0.00203027$ & $-0.0246515$ & $-0.0280925$ & $-0.0410361$ & $0.0115768$ & $0.0120209$ & $0.0214603$ & $-0.0277241$ & $-0.0210006$ & $-0.0199734$ & $0.0207373$ & $0.0026841$ & $0.0255093$ & $0.00753269$ & $0.0284732$ & $-0.00951849$ & $0.000975809$ & $-0.00115722$ & $0.00342002$ & $0.0110514$ & $-0.0422906$ & $0.037556$ & $0.0344888$ & $0.106965$ & $-0.0113826$ & $-0.00133881$ & $-0.0578263$ & $0.0055791$ & $0.0635747$ & $0.0089027$ & $-0.122956$ & $-0.00305572$ & $-0.0368379$ & $0.0709381$ & $0.00517934$ & $0.0122757$ & $-0.101755$ \\
mtop & $-0.092542$ & $0.0166584$ & $1$ & $-0.0763023$ & $-0.0131736$ & $0.0103752$ & $0.00713391$ & $-0.0369595$ & $-0.0411007$ & $0.0197911$ & $0.0370807$ & $0.0214155$ & $-0.0118926$ & $-0.000796644$ & $0.0238738$ & $0.0169802$ & $0.0140578$ & $0.000571599$ & $0.0037294$ & $-0.02382$ & $-0.033475$ & $-0.0330779$ & $-0.0295229$ & $0.0411153$ & $0.00058287$ & $0.0238691$ & $-0.0631892$ & $-0.0207815$ & $-0.0137499$ & $0.0133943$ & $0.0150472$ & $0.0212484$ & $0.0403043$ & $-0.0460376$ & $0.0907729$ & $-0.0158025$ & $-0.0570941$ & $-0.0105281$ & $0.0865152$ & $-0.0154097$ & $-0.0974398$ & $0.00311096$ & $-0.0379451$ & $0.0092495$ & $0.0758942$ & $0.0729241$ & $0.0200772$ & $0.0146655$ & $0.062612$ \\
mHl & $-0.000789158$ & $-0.0970629$ & $-0.0763023$ & $1$ & $-0.0181405$ & $-0.000702001$ & $-0.00162138$ & $0.0208985$ & $0.0277115$ & $-0.0188051$ & $-0.016559$ & $-0.0189405$ & $0.00424005$ & $0.00172215$ & $-0.00978091$ & $-0.00250073$ & $-0.0064796$ & $-0.000118545$ & $-0.0070701$ & $0.010748$ & $0.014828$ & $0.0118743$ & $0.0079082$ & $-0.01365$ & $0.0018074$ & $-0.00716401$ & $0.0254069$ & $0.00972532$ & $0.00102485$ & $0.00402456$ & $-0.0215668$ & $-0.00134026$ & $-0.0632304$ & $0.019713$ & $0.0609053$ & $-0.0483039$ & $-0.0187186$ & $0.0148375$ & $-0.0172396$ & $-0.00550429$ & $0.0735599$ & $-0.00520231$ & $0.125679$ & $0.0116413$ & $0.0392622$ & $-0.0210186$ & $-0.0703123$ & $-0.0751345$ & $-0.105893$ \\
Mz & $-0.0107835$ & $-0.00599351$ & $-0.0131736$ & $-0.0181405$ & $1$ & $-0.00161136$ & $-0.0043227$ & $-0.00157818$ & $-0.00225987$ & $0.00612658$ & $0.0110063$ & $-0.00297397$ & $-0.00118343$ & $0.00920208$ & $-0.00133991$ & $0.00395308$ & $0.00578454$ & $0.00507733$ & $0.00189119$ & $0.000496759$ & $0.00261541$ & $0.00358374$ & $-0.0103984$ & $0.0050848$ & $0.000542591$ & $0.00187779$ & $-0.00573021$ & $0.008257$ & $-0.0019348$ & $-0.00641642$ & $0.00792913$ & $-8.63485e-05$ & $-0.00747397$ & $-0.00291495$ & $-0.00101628$ & $0.00508523$ & $0.000327051$ & $0.00579983$ & $0.00289846$ & $-0.00457148$ & $0.00699822$ & $-0.00612675$ & $-0.00604585$ & $-0.000138372$ & $-0.0017304$ & $0.0135792$ & $0.00905695$ & $-0.0104049$ & $-0.00199563$ \\
CW & $-0.00879865$ & $0.00831907$ & $0.0103752$ & $-0.000702001$ & $-0.00161136$ & $1$ & $-0.00958418$ & $-0.120343$ & $-0.117442$ & $0.00680638$ & $0.180897$ & $0.0419348$ & $0.00173636$ & $0.01576$ & $-0.0807871$ & $-0.0815268$ & $-0.256414$ & $-0.0507265$ & $-0.051379$ & $-0.178298$ & $-0.18332$ & $-0.180738$ & $-0.0122543$ & $-0.000563592$ & $-0.0855488$ & $0.108557$ & $-0.0698454$ & $-0.0602359$ & $-0.00124002$ & $-0.00295347$ & $0.00318901$ & $-0.00688324$ & $0.00205373$ & $-0.114024$ & $0.0107648$ & $-0.0159939$ & $-0.00509538$ & $0.00452116$ & $0.00626444$ & $-0.00277222$ & $-0.000684005$ & $-0.00122814$ & $0.000817351$ & $0.0123135$ & $-0.00811995$ & $-0.00250524$ & $0.00452528$ & $0.00637276$ & $0.00223908$ \\
CHG & $-0.000843005$ & $0.000588369$ & $0.00713391$ & $-0.00162138$ & $-0.0043227$ & $-0.00958418$ & $1$ & $-0.112076$ & $-0.0627144$ & $0.0827362$ & $0.060751$ & $0.120652$ & $-0.312947$ & $0.0611726$ & $-0.0137306$ & $-0.0249658$ & $0.102155$ & $0.103986$ & $0.111583$ & $-0.0579711$ & $-0.0649719$ & $-0.0637735$ & $-0.0136672$ & $0.120144$ & $0.105535$ & $0.0357943$ & $-0.0506728$ & $-0.0207072$ & $-0.000403861$ & $-0.134754$ & $-0.0665862$ & $0.92895$ & $-0.157761$ & $-0.0772238$ & $-0.0454323$ & $-0.0241696$ & $0.0313279$ & $0.00268703$ & $-0.00502733$ & $0.00408615$ & $-0.00373826$ & $-0.00288463$ & $-0.00985892$ & $-0.00215539$ & $0.0110219$ & $0.00688539$ & $0.00462912$ & $-0.0133847$ & $0.00435998$ \\
CHWB & $0.0119186$ & $-0.0620505$ & $-0.0369595$ & $0.0208985$ & $-0.00157818$ & $-0.120343$ & $-0.112076$ & $1$ & $0.983622$ & $-0.566315$ & $-0.87574$ & $-0.379506$ & $0.345521$ & $0.0891498$ & $0.298902$ & $0.301758$ & $-0.242749$ & $-0.435145$ & $-0.43792$ & $0.846736$ & $0.893262$ & $0.875183$ & $0.0622192$ & $-0.673193$ & $-0.404643$ & $-0.50047$ & $0.420463$ & $0.294299$ & $0.0163977$ & $0.109399$ & $0.0578572$ & $-0.105351$ & $0.110512$ & $0.559513$ & $-0.0081848$ & $0.0135298$ & $0.00345815$ & $0.00122046$ & $0.00620881$ & $-0.00506543$ & $0.00264053$ & $0.00325603$ & $0.0200019$ & $-0.0343501$ & $-0.00102345$ & $0.00101657$ & $0.0003921$ & $-0.0168634$ & $-0.00518556$ \\
CHWHB_gaga & $0.0150562$ & $-0.0696317$ & $-0.0411007$ & $0.0277115$ & $-0.00225987$ & $-0.117442$ & $-0.0627144$ & $0.983622$ & $1$ & $-0.556538$ & $-0.858758$ & $-0.355443$ & $0.339447$ & $0.0819986$ & $0.293747$ & $0.296786$ & $-0.244404$ & $-0.432632$ & $-0.435383$ & $0.830499$ & $0.875709$ & $0.85792$ & $0.0610633$ & $-0.664755$ & $-0.402178$ & $-0.491267$ & $0.413505$ & $0.287656$ & $0.0219013$ & $0.132258$ & $0.0709898$ & $-0.0657264$ & $0.131426$ & $0.549614$ & $-0.0235931$ & $0.00460112$ & $-0.0133851$ & $-0.000434481$ & $-0.00521003$ & $-0.00464869$ & $0.00321598$ & $0.00340557$ & $0.0899008$ & $-0.027139$ & $0.00777543$ & $0.000657663$ & $-0.000205056$ & $-0.00993904$ & $-0.0123717$ \\
CHWHB_gagaorth & $-0.00599855$ & $0.0248135$ & $0.0197911$ & $-0.0188051$ & $0.00612658$ & $0.00680638$ & $0.0827362$ & $-0.566315$ & $-0.556538$ & $1$ & $0.345379$ & $0.675615$ & $-0.24682$ & $0.23887$ & $-0.122886$ & $-0.125486$ & $0.440025$ & $0.492603$ & $0.493112$ & $-0.33155$ & $-0.361849$ & $-0.355834$ & $-0.0466499$ & $0.556279$ & $0.482$ & $0.200034$ & $-0.234366$ & $-0.114484$ & $-0.0184926$ & $-0.130284$ & $-0.0749081$ & $0.0981211$ & $-0.132547$ & $-0.346173$ & $0.035896$ & $0.0111646$ & $0.0120968$ & $0.00207395$ & $0.00644459$ & $0.00413245$ & $-0.0524462$ & $0.00129361$ & $-0.0166762$ & $0.0248549$ & $0.00212688$ & $-0.00690031$ & $-0.00169378$ & $0.0119383$ & $0.0107171$ \\
CHD & $-0.0291051$ & $0.0495966$ & $0.0370807$ & $-0.016559$ & $0.0110063$ & $0.180897$ & $0.060751$ & $-0.87574$ & $-0.858758$ & $0.345379$ & $1$ & $0.335001$ & $-0.171612$ & $-0.512414$ & $-0.424028$ & $-0.421501$ & $-0.220692$ & $0.060375$ & $0.062652$ & $-0.990275$ & $-0.990959$ & $-0.969794$ & $-0.00551645$ & $0.302605$ & $0.018933$ & $0.560085$ & $-0.283647$ & $-0.33063$ & $-0.00708428$ & $-0.0622449$ & $-0.0330331$ & $0.0674658$ & $-0.0618292$ & $-0.358832$ & $0.0223599$ & $-0.0089676$ & $-0.0115454$ & $0.00263756$ & $-0.00747094$ & $0.00150945$ & $0.0100577$ & $-0.00208124$ & $-0.0138526$ & $0.0298035$ & $0.00160421$ & $0.00186326$ & $-0.000586205$ & $0.0128684$ & $0.00766873$ \\
CHbox & $-0.0200414$ & $0.0355641$ & $0.0214155$ & $-0.0189405$ & $-0.00297397$ & $0.0419348$ & $0.120652$ & $-0.379506$ & $-0.355443$ & $0.675615$ & $0.335001$ & $1$ & $-0.385779$ & $-0.0509943$ & $-0.0715062$ & $-0.0748318$ & $0.0781145$ & $0.133965$ & $0.136119$ & $-0.313012$ & $-0.346754$ & $-0.339676$ & $-0.0320822$ & $0.261415$ & $0.133407$ & $0.191137$ & $-0.193782$ & $-0.10983$ & $0.000309329$ & $0.0738231$ & $-0.0178434$ & $0.179688$ & $0.077459$ & $-0.247999$ & $0.0793266$ & $0.0338208$ & $0.00434714$ & $0.00466079$ & $-2.20102e-05$ & $0.00568212$ & $-0.0296418$ & $0.0057231$ & $-0.0208719$ & $0.0159749$ & $0.00701105$ & $-0.00555316$ & $0.00406119$ & $0.00980493$ & $0.0114257$ \\
CH & $0.00468911$ & $0.00203027$ & $-0.0118926$ & $0.00424005$ & $-0.00118343$ & $0.00173636$ & $-0.312947$ & $0.345521$ & $0.339447$ & $-0.24682$ & $-0.171612$ & $-0.385779$ & $1$ & $-0.229484$ & $0.0747085$ & $0.076887$ & $-0.345851$ & $-0.372106$ & $-0.372678$ & $0.167662$ & $0.182345$ & $0.179953$ & $0.0322854$ & $-0.383886$ & $-0.361979$ & $-0.103173$ & $0.13577$ & $0.0595738$ & $0.0519717$ & $0.270841$ & $0.117597$ & $-0.257249$ & $0.315213$ & $0.211682$ & $0.0403884$ & $0.0213105$ & $-0.011838$ & $-0.00439755$ & $-0.00481489$ & $-0.000984941$ & $0.00798124$ & $-0.00115679$ & $0.00416493$ & $-0.0183626$ & $-0.00182785$ & $0.000682517$ & $0.00514446$ & $0.0024688$ & $-0.00479257$ \\
CHL1_11 & $0.0161185$ & $-0.0246515$ & $-0.000796644$ & $0.00172215$ & $0.00920208$ & $0.01576$ & $0.0611726$ & $0.0891498$ & $0.0819986$ & $0.23887$ & $-0.512414$ & $-0.0509943$ & $-0.229484$ & $1$ & $0.274744$ & $0.265126$ & $0.670734$ & $0.605204$ & $0.604986$ & $0.530659$ & $0.472439$ & $0.458461$ & $-0.0873317$ & $0.478494$ & $0.602937$ & $-0.267999$ & $-0.108932$ & $0.160762$ & $-0.0135846$ & $-0.0569743$ & $-0.0321284$ & $0.0362526$ & $-0.0564178$ & $-0.223365$ & $-0.0268067$ & $-0.0116936$ & $0.0186292$ & $-0.00779616$ & $0.00856342$ & $-7.3603e-05$ & $-0.025312$ & $-0.00221441$ & $-0.00510774$ & $0.000881145$ & $-0.00444621$ & $-0.0072945$ & $0.00147673$ & $0.00250172$ & $-0.000402736$ \\
CHL1_22 & $0.0111781$ & $-0.0280925$ & $0.0238738$ & $-0.00978091$ & $-0.00133991$ & $-0.0807871$ & $-0.0137306$ & $0.298902$ & $0.293747$ & $-0.122886$ & $-0.424028$ & $-0.0715062$ & $0.0747085$ & $0.274744$ & $1$ & $0.447461$ & $0.166073$ & $-0.440252$ & $-0.0281829$ & $0.489415$ & $0.340171$ & $0.331315$ & $-0.181243$ & $0.105279$ & $-0.133469$ & $-0.197731$ & $-0.400913$ & $0.113138$ & $0.00997406$ & $0.0349713$ & $0.0195603$ & $-0.0146747$ & $0.0363852$ & $-0.593451$ & $-0.00632951$ & $-0.0114766$ & $0.00541842$ & $-0.000777751$ & $-0.00253515$ & $0.0060275$ & $-0.00619199$ & $-0.00160676$ & $-0.00521375$ & $-0.00015521$ & $0.00131441$ & $0.00282535$ & $0.00815508$ & $0.000490091$ & $0.00396274$ \\
CHL1_33 & $0.0163649$ & $-0.0410361$ & $0.0169802$ & $-0.00250073$ & $0.00395308$ & $-0.0815268$ & $-0.0249658$ & $0.301758$ & $0.296786$ & $-0.125486$ & $-0.421501$ & $-0.0748318$ & $0.076887$ & $0.265126$ & $0.447461$ & $1$ & $0.159221$ & $-0.0296373$ & $-0.430736$ & $0.484671$ & $0.34051$ & $0.358197$ & $-0.17549$ & $0.0983139$ & $-0.131872$ & $-0.192648$ & $-0.38121$ & $0.111216$ & $0.00676851$ & $0.0314576$ & $0.0187278$ & $-0.0248246$ & $0.0303172$ & $-0.0976415$ & $-0.00340343$ & $-0.00145878$ & $0.0109667$ & $-0.0112363$ & $-0.00799389$ & $0.0123985$ & $-0.0113217$ & $0.00403676$ & $0.00251748$ & $0.0013442$ & $-0.00163089$ & $0.00543479$ & $0.00093732$ & $-0.000636884$ & $0.000549964$ \\
CHL3_11 & $0.0162252$ & $0.0115768$ & $0.0140578$ & $-0.0064796$ & $0.00578454$ & $-0.256414$ & $0.102155$ & $-0.242749$ & $-0.244404$ & $0.440025$ & $-0.220692$ & $0.0781145$ & $-0.345851$ & $0.670734$ & $0.166073$ & $0.159221$ & $1$ & $0.742016$ & $0.741914$ & $0.243061$ & $0.187604$ & $0.182563$ & $-0.0721256$ & $0.680421$ & $0.777588$ & $-0.116607$ & $-0.168576$ & $0.0690042$ & $-0.0200113$ & $-0.0955615$ & $-0.0483508$ & $0.0757795$ & $-0.0995214$ & $-0.255906$ & $-0.028915$ & $-0.00448316$ & $0.0124721$ & $-0.00656324$ & $0.00836766$ & $0.00739596$ & $-0.0312807$ & $-0.00271753$ & $-0.0101999$ & $0.00546981$ & $0.00227926$ & $-0.00379625$ & $-0.000241329$ & $0.00399015$ & $-0.0039678$ \\
CHL3_22 & $0.00874344$ & $0.0120209$ & $0.000571599$ & $-0.000118545$ & $0.00507733$ & $-0.0507265$ & $0.103986$ & $-0.435145$ & $-0.432632$ & $0.492603$ & $0.060375$ & $0.133965$ & $-0.372106$ & $0.605204$ & $-0.440252$ & $-0.0296373$ & $0.742016$ & $1$ & $0.683822$ & $-0.062946$ & $-0.0558639$ & $-0.0533095$ & $0.00691805$ & $0.6275$ & $0.797871$ & $0.0275814$ & $-0.00935698$ & $-0.0122886$ & $-0.0242929$ & $-0.110922$ & $-0.0582627$ & $0.0800282$ & $-0.113019$ & $0.026581$ & $-0.0192738$ & $-0.00392044$ & $0.0110713$ & $-0.00756699$ & $0.00754154$ & $0.0023737$ & $-0.0238116$ & $-0.00142457$ & $-0.00558505$ & $0.0100029$ & $-0.000567546$ & $-0.00751976$ & $-0.00341341$ & $0.00581611$ & $-0.00332143$ \\
CHL3_33 & $0.00625467$ & $0.0214603$ & $0.0037294$ & $-0.0070701$ & $0.00189119$ & $-0.051379$ & $0.111583$ & $-0.43792$ & $-0.435383$ & $0.493112$ & $0.062652$ & $0.136119$ & $-0.372678$ & $0.604986$ & $-0.0281829$ & $-0.430736$ & $0.741914$ & $0.683822$ & $1$ & $-0.0642421$ & $-0.0582338$ & $-0.0549102$ & $0.00664167$ & $0.627849$ & $0.796772$ & $0.0256323$ & $-0.0154885$ & $-0.0120439$ & $-0.0209473$ & $-0.109449$ & $-0.0596244$ & $0.0859503$ & $-0.109394$ & $-0.346872$ & $-0.0237809$ & $-0.0130093$ & $0.0070621$ & $0.00149743$ & $0.0112709$ & $-0.00339116$ & $-0.0211894$ & $-0.00448239$ & $-0.0107874$ & $0.00615621$ & $-0.000133146$ & $-0.00686507$ & $-0.00108129$ & $0.00673079$ & $0.000124284$ \\
CHe_11 & $0.0210931$ & $-0.0277241$ & $-0.02382$ & $0.010748$ & $0.000496759$ & $-0.178298$ & $-0.0579711$ & $0.846736$ & $0.830499$ & $-0.33155$ & $-0.990275$ & $-0.313012$ & $0.167662$ & $0.530659$ & $0.489415$ & $0.484671$ & $0.243061$ & $-0.062946$ & $-0.0642421$ & $1$ & $0.972539$ & $0.952307$ & $-0.0195091$ & $-0.248765$ & $-0.0120993$ & $-0.550264$ & $0.208972$ & $0.324311$ & $0.00750556$ & $0.0614716$ & $0.0334948$ & $-0.0637387$ & $0.0607694$ & $0.279778$ & $-0.0183545$ & $0.0104595$ & $0.0100526$ & $-0.00256121$ & $0.00666811$ & $0.000261563$ & $-0.0100391$ & $0.00244824$ & $0.0104434$ & $-0.0280507$ & $-0.00156969$ & $3.12453e-05$ & $0.00240519$ & $-0.012222$ & $-0.00956677$ \\
CHe_22 & $0.0176368$ & $-0.0210006$ & $-0.033475$ & $0.014828$ & $0.00261541$ & $-0.18332$ & $-0.0649719$ & $0.893262$ & $0.875709$ & $-0.361849$ & $-0.990959$ & $-0.346754$ & $0.182345$ & $0.472439$ & $0.340171$ & $0.34051$ & $0.187604$ & $-0.0558639$ & $-0.0582338$ & $0.972539$ & $1$ & $0.974992$ & $0.0350639$ & $-0.358096$ & $-0.024201$ & $-0.562929$ & $0.365489$ & $0.331658$ & $0.00646605$ & $0.0641058$ & $0.0343175$ & $-0.0707426$ & $0.0629601$ & $0.445928$ & $-0.0200821$ & $0.014385$ & $0.009676$ & $-0.00175674$ & $0.0090718$ & $-0.00273793$ & $-0.00853727$ & $0.00228668$ & $0.011248$ & $-0.0322481$ & $-0.00263648$ & $0.000701778$ & $0.000324381$ & $-0.0144824$ & $-0.010056$ \\
CHe_33 & $0.0199075$ & $-0.0199734$ & $-0.0330779$ & $0.0118743$ & $0.00358374$ & $-0.180738$ & $-0.0637735$ & $0.875183$ & $0.85792$ & $-0.355834$ & $-0.969794$ & $-0.339676$ & $0.179953$ & $0.458461$ & $0.331315$ & $0.358197$ & $0.182563$ & $-0.0533095$ & $-0.0549102$ & $0.952307$ & $0.974992$ & $1$ & $0.0355792$ & $-0.350913$ & $-0.0234104$ & $-0.550682$ & $0.359624$ & $0.324359$ & $0.008183$ & $0.0609693$ & $0.0321377$ & $-0.0701494$ & $0.0615585$ & $0.441538$ & $-0.0225834$ & $0.0130364$ & $0.0105293$ & $0.000721307$ & $0.00887554$ & $-0.00328828$ & $-0.00804445$ & $0.00350086$ & $0.00890073$ & $-0.032759$ & $-0.00373611$ & $0.0029696$ & $-0.00121211$ & $-0.0136571$ & $-0.00841471$ \\
CHQ1_11 & $0.00287371$ & $0.0207373$ & $-0.0295229$ & $0.0079082$ & $-0.0103984$ & $-0.0122543$ & $-0.0136672$ & $0.0622192$ & $0.0610633$ & $-0.0466499$ & $-0.00551645$ & $-0.0320822$ & $0.0322854$ & $-0.0873317$ & $-0.181243$ & $-0.17549$ & $-0.0721256$ & $0.00691805$ & $0.00664167$ & $-0.0195091$ & $0.0350639$ & $0.0355792$ & $1$ & $-0.139739$ & $0.0789935$ & $-0.674258$ & $0.349552$ & $0.0161077$ & $-0.00576866$ & $0.00531184$ & $-0.000288704$ & $-0.0135066$ & $0.00632211$ & $0.207138$ & $-0.00270148$ & $0.0132635$ & $0.00036731$ & $-0.00167985$ & $0.00236833$ & $0.000747801$ & $0.00565101$ & $0.000915194$ & $-0.00189984$ & $-0.00160369$ & $-0.00862766$ & $0.000908626$ & $0.00951118$ & $-0.00517413$ & $-0.00760934$ \\
CHQ1_33 & $-0.0510687$ & $0.0026841$ & $0.0411153$ & $-0.01365$ & $0.0050848$ & $-0.000563592$ & $0.120144$ & $-0.673193$ & $-0.664755$ & $0.556279$ & $0.302605$ & $0.261415$ & $-0.383886$ & $0.478494$ & $0.105279$ & $0.0983139$ & $0.680421$ & $0.6275$ & $0.627849$ & $-0.248765$ & $-0.358096$ & $-0.350913$ & $-0.139739$ & $1$ & $0.64448$ & $0.198462$ & $-0.427916$ & $-0.0188479$ & $-0.0162996$ & $-0.112176$ & $-0.0544491$ & $0.100861$ & $-0.111684$ & $-0.630791$ & $-0.0122607$ & $-0.012524$ & $0.00721368$ & $-0.0037431$ & $0.00555589$ & $0.0120861$ & $-0.0235792$ & $-0.0083058$ & $-0.0154216$ & $0.0295658$ & $-0.000564473$ & $-0.00155525$ & $0.00739708$ & $0.00635498$ & $0.00600546$ \\
CHQ3_11 & $-0.107725$ & $0.0255093$ & $0.00058287$ & $0.0018074$ & $0.000542591$ & $-0.0855488$ & $0.105535$ & $-0.404643$ & $-0.402178$ & $0.482$ & $0.018933$ & $0.133407$ & $-0.361979$ & $0.602937$ & $-0.133469$ & $-0.131872$ & $0.777588$ & $0.797871$ & $0.796772$ & $-0.0120993$ & $-0.024201$ & $-0.0234104$ & $0.0789935$ & $0.64448$ & $1$ & $0.0123617$ & $0.198978$ & $-0.00507945$ & $-0.0239689$ & $-0.108917$ & $-0.0501341$ & $0.0822675$ & $-0.106948$ & $-0.201522$ & $-0.0137562$ & $-0.00125051$ & $0.00539576$ & $-0.00534723$ & $0.0203986$ & $-8.18579e-05$ & $-0.0246069$ & $-0.00498701$ & $-0.0087922$ & $0.00529619$ & $-0.00716239$ & $0.000334924$ & $0.00697355$ & $-0.00222467$ & $-0.000272073$ \\
CHu_11 & $-0.0589522$ & $0.00753269$ & $0.0238691$ & $-0.00716401$ & $0.00187779$ & $0.108557$ & $0.0357943$ & $-0.50047$ & $-0.491267$ & $0.200034$ & $0.560085$ & $0.191137$ & $-0.103173$ & $-0.267999$ & $-0.197731$ & $-0.192648$ & $-0.116607$ & $0.0275814$ & $0.0256323$ & $-0.550264$ & $-0.562929$ & $-0.550682$ & $-0.674258$ & $0.198462$ & $0.0123617$ & $1$ & $-0.172777$ & $-0.194664$ & $-5.79708e-05$ & $-0.036957$ & $-0.0172739$ & $0.040236$ & $-0.0352236$ & $-0.246774$ & $0.014305$ & $-0.0133694$ & $-0.0114227$ & $0.00843959$ & $-0.00283271$ & $-0.00324101$ & $0.00237442$ & $-0.0029939$ & $-0.00486788$ & $0.00818217$ & $0.000221468$ & $0.004338$ & $-0.0117309$ & $0.0103637$ & $0.0111021$ \\
CHd_11 & $-0.0331325$ & $0.0284732$ & $-0.0631892$ & $0.0254069$ & $-0.00573021$ & $-0.0698454$ & $-0.0506728$ & $0.420463$ & $0.413505$ & $-0.234366$ & $-0.283647$ & $-0.193782$ & $0.13577$ & $-0.108932$ & $-0.400913$ & $-0.38121$ & $-0.168576$ & $-0.00935698$ & $-0.0154885$ & $0.208972$ & $0.365489$ & $0.359624$ & $0.349552$ & $-0.427916$ & $0.198978$ & $-0.172777$ & $1$ & $0.104101$ & $0.00148861$ & $0.0313213$ & $0.0220542$ & $-0.0493633$ & $0.03483$ & $0.6873$ & $-0.005893$ & $0.0240613$ & $-0.00701588$ & $0.00602594$ & $0.0160868$ & $-0.0130613$ & $0.0108781$ & $-0.00101612$ & $0.0154299$ & $-0.0332797$ & $-0.00624147$ & $0.0124355$ & $-0.0046467$ & $-0.0105862$ & $-0.00894205$ \\
CHd_33 & $0.0251198$ & $-0.00951849$ & $-0.0207815$ & $0.00972532$ & $0.008257$ & $-0.0602359$ & $-0.0207072$ & $0.294299$ & $0.287656$ & $-0.114484$ & $-0.33063$ & $-0.10983$ & $0.0595738$ & $0.160762$ & $0.113138$ & $0.111216$ & $0.0690042$ & $-0.0122886$ & $-0.0120439$ & $0.324311$ & $0.331658$ & $0.324359$ & $0.0161077$ & $-0.0188479$ & $-0.00507945$ & $-0.194664$ & $0.104101$ & $1$ & $0.00242279$ & $0.0221104$ & $0.0153583$ & $-0.0214879$ & $0.0278977$ & $0.14598$ & $-0.00573265$ & $0.00703551$ & $0.0129233$ & $0.00671706$ & $-0.00032283$ & $0.000811525$ & $0.0114642$ & $0.00260708$ & $0.000560804$ & $-0.00758516$ & $0.00243417$ & $-0.00588292$ & $0.00386383$ & $-0.00202945$ & $0.00288804$ \\
CeH_22r & $0.0141609$ & $0.000975809$ & $-0.0137499$ & $0.00102485$ & $-0.0019348$ & $-0.00124002$ & $-0.000403861$ & $0.0163977$ & $0.0219013$ & $-0.0184926$ & $-0.00708428$ & $0.000309329$ & $0.0519717$ & $-0.0135846$ & $0.00997406$ & $0.00676851$ & $-0.0200113$ & $-0.0242929$ & $-0.0209473$ & $0.00750556$ & $0.00646605$ & $0.008183$ & $-0.00576866$ & $-0.0162996$ & $-0.0239689$ & $-5.79708e-05$ & $0.00148861$ & $0.00242279$ & $1$ & $0.0538034$ & $0.0268939$ & $-0.00960195$ & $0.053802$ & $0.00405875$ & $-0.0340461$ & $-0.0212301$ & $-0.00781515$ & $-0.00548392$ & $0.00285417$ & $-0.00610729$ & $-0.00875378$ & $0.00538508$ & $-0.00334995$ & $0.0123029$ & $-0.000192708$ & $0.00721902$ & $-0.00849953$ & $-0.00677205$ & $6.49526e-05$ \\
CeH_33r & $0.00477513$ & $-0.00115722$ & $0.0133943$ & $0.00402456$ & $-0.00641642$ & $-0.00295347$ & $-0.134754$ & $0.109399$ & $0.132258$ & $-0.130284$ & $-0.0622449$ & $0.0738231$ & $0.270841$ & $-0.0569743$ & $0.0349713$ & $0.0314576$ & $-0.0955615$ & $-0.110922$ & $-0.109449$ & $0.0614716$ & $0.0641058$ & $0.0609693$ & $0.00531184$ & $-0.112176$ & $-0.108917$ & $-0.036957$ & $0.0313213$ & $0.0221104$ & $0.0538034$ & $1$ & $0.312557$ & $0.0214728$ & $0.638171$ & $0.0571724$ & $-0.0519564$ & $-0.0225295$ & $-0.173314$ & $-0.0227193$ & $-0.0146377$ & $0.00540849$ & $0.0105768$ & $0.00564758$ & $0.0118914$ & $-0.0113938$ & $0.0868363$ & $-0.021157$ & $0.0141552$ & $-0.0068946$ & $-0.0111869$ \\
CuH_22r & $-0.0239835$ & $0.00342002$ & $0.0150472$ & $-0.0215668$ & $0.00792913$ & $0.00318901$ & $-0.0665862$ & $0.0578572$ & $0.0709898$ & $-0.0749081$ & $-0.0330331$ & $-0.0178434$ & $0.117597$ & $-0.0321284$ & $0.0195603$ & $0.0187278$ & $-0.0483508$ & $-0.0582627$ & $-0.0596244$ & $0.0334948$ & $0.0343175$ & $0.0321377$ & $-0.000288704$ & $-0.0544491$ & $-0.0501341$ & $-0.0172739$ & $0.0220542$ & $0.0153583$ & $0.0268939$ & $0.312557$ & $1$ & $0.023612$ & $0.325441$ & $0.0310745$ & $-0.00217891$ & $-0.0581472$ & $-0.106589$ & $0.00590523$ & $-0.018008$ & $0.00162161$ & $0.0329819$ & $0.0132662$ & $0.0165642$ & $-0.018651$ & $-0.00305856$ & $0.0769591$ & $0.390018$ & $-0.0271361$ & $-0.0209603$ \\
CuH_33r & $-0.0115582$ & $0.0110514$ & $0.0212484$ & $-0.00134026$ & $-8.63485e-05$ & $-0.00688324$ & $0.92895$ & $-0.105351$ & $-0.0657264$ & $0.0981211$ & $0.0674658$ & $0.179688$ & $-0.257249$ & $0.0362526$ & $-0.0146747$ & $-0.0248246$ & $0.0757795$ & $0.0800282$ & $0.0859503$ & $-0.0637387$ & $-0.0707426$ & $-0.0701494$ & $-0.0135066$ & $0.100861$ & $0.0822675$ & $0.040236$ & $-0.0493633$ & $-0.0214879$ & $-0.00960195$ & $0.0214728$ & $0.023612$ & $1$ & $0.0296462$ & $-0.0707596$ & $0.0424242$ & $0.0164755$ & $-0.00270028$ & $0.000831753$ & $0.0034416$ & $0.00604765$ & $-0.00719329$ & $-0.00109846$ & $-0.00542815$ & $-0.00769339$ & $0.0173573$ & $-0.000462766$ & $0.0136562$ & $-0.00419172$ & $0.018551$ \\
CdH_33r & $0.00694471$ & $-0.0422906$ & $0.0403043$ & $-0.0632304$ & $-0.00747397$ & $0.00205373$ & $-0.157761$ & $0.110512$ & $0.131426$ & $-0.132547$ & $-0.0618292$ & $0.077459$ & $0.315213$ & $-0.0564178$ & $0.0363852$ & $0.0303172$ & $-0.0995214$ & $-0.113019$ & $-0.109394$ & $0.0607694$ & $0.0629601$ & $0.0615585$ & $0.00632211$ & $-0.111684$ & $-0.106948$ & $-0.0352236$ & $0.03483$ & $0.0278977$ & $0.053802$ & $0.638171$ & $0.325441$ & $0.0296462$ & $1$ & $0.0531411$ & $-0.0194392$ & $-0.0195239$ & $-0.181225$ & $-0.0175741$ & $-0.0154089$ & $-0.0080362$ & $0.0156746$ & $0.00117868$ & $-0.0104379$ & $-0.017509$ & $0.00175772$ & $-0.0257546$ & $-0.0111975$ & $0.15236$ & $0.472033$ \\
CLL_1221 & $-0.00068241$ & $0.037556$ & $-0.0460376$ & $0.019713$ & $-0.00291495$ & $-0.114024$ & $-0.0772238$ & $0.559513$ & $0.549614$ & $-0.346173$ & $-0.358832$ & $-0.247999$ & $0.211682$ & $-0.223365$ & $-0.593451$ & $-0.0976415$ & $-0.255906$ & $0.026581$ & $-0.346872$ & $0.279778$ & $0.445928$ & $0.441538$ & $0.207138$ & $-0.630791$ & $-0.201522$ & $-0.246774$ & $0.6873$ & $0.14598$ & $0.00405875$ & $0.0571724$ & $0.0310745$ & $-0.0707596$ & $0.0531411$ & $1$ & $-0.000768339$ & $0.0298089$ & $-0.00278317$ & $0.000705288$ & $0.00413377$ & $-0.00745361$ & $0.00848804$ & $0.00469104$ & $0.0127351$ & $-0.0287$ & $-0.00297715$ & $0.00463734$ & $-0.00615519$ & $-0.0142782$ & $-0.0150627$ \\
eHggint & $-0.0647935$ & $0.0344888$ & $0.0907729$ & $0.0609053$ & $-0.00101628$ & $0.0107648$ & $-0.0454323$ & $-0.0081848$ & $-0.0235931$ & $0.035896$ & $0.0223599$ & $0.0793266$ & $0.0403884$ & $-0.0268067$ & $-0.00632951$ & $-0.00340343$ & $-0.028915$ & $-0.0192738$ & $-0.0237809$ & $-0.0183545$ & $-0.0200821$ & $-0.0225834$ & $-0.00270148$ & $-0.0122607$ & $-0.0137562$ & $0.014305$ & $-0.005893$ & $-0.00573265$ & $-0.0340461$ & $-0.0519564$ & $-0.00217891$ & $0.0424242$ & $-0.0194392$ & $-0.000768339$ & $1$ & $-0.0376194$ & $0.00205368$ & $0.00539515$ & $-0.0101957$ & $0.0107287$ & $0.0101459$ & $-0.00712784$ & $0.039182$ & $-0.0601327$ & $-0.0190974$ & $-0.0203733$ & $0.0772737$ & $0.0783434$ & $0.0263078$ \\
eHggpar & $-0.0290319$ & $0.106965$ & $-0.0158025$ & $-0.0483039$ & $0.00508523$ & $-0.0159939$ & $-0.0241696$ & $0.0135298$ & $0.00460112$ & $0.0111646$ & $-0.0089676$ & $0.0338208$ & $0.0213105$ & $-0.0116936$ & $-0.0114766$ & $-0.00145878$ & $-0.00448316$ & $-0.00392044$ & $-0.0130093$ & $0.0104595$ & $0.014385$ & $0.0130364$ & $0.0132635$ & $-0.012524$ & $-0.00125051$ & $-0.0133694$ & $0.0240613$ & $0.00703551$ & $-0.0212301$ & $-0.0225295$ & $-0.0581472$ & $0.0164755$ & $-0.0195239$ & $0.0298089$ & $-0.0376194$ & $1$ & $0.0488536$ & $0.00195445$ & $0.0303745$ & $-0.00645575$ & $0.0126761$ & $0.00220967$ & $0.0185743$ & $0.0196312$ & $0.114719$ & $-0.0432642$ & $-0.103078$ & $0.0598458$ & $-0.00424559$ \\
eHWWint & $0.0227652$ & $-0.0113826$ & $-0.0570941$ & $-0.0187186$ & $0.000327051$ & $-0.00509538$ & $0.0313279$ & $0.00345815$ & $-0.0133851$ & $0.0120968$ & $-0.0115454$ & $0.00434714$ & $-0.011838$ & $0.0186292$ & $0.00541842$ & $0.0109667$ & $0.0124721$ & $0.0110713$ & $0.0070621$ & $0.0100526$ & $0.009676$ & $0.0105293$ & $0.00036731$ & $0.00721368$ & $0.00539576$ & $-0.0114227$ & $-0.00701588$ & $0.0129233$ & $-0.00781515$ & $-0.173314$ & $-0.106589$ & $-0.00270028$ & $-0.181225$ & $-0.00278317$ & $0.00205368$ & $0.0488536$ & $1$ & $-0.0289924$ & $0.0163784$ & $-0.0183915$ & $-0.030297$ & $0.00102079$ & $-0.0888431$ & $-0.0371833$ & $-0.0489393$ & $0.0886451$ & $-0.052606$ & $-0.0245049$ & $0.0198036$ \\
eHWWpar & $0.00627357$ & $-0.00133881$ & $-0.0105281$ & $0.0148375$ & $0.00579983$ & $0.00452116$ & $0.00268703$ & $0.00122046$ & $-0.000434481$ & $0.00207395$ & $0.00263756$ & $0.00466079$ & $-0.00439755$ & $-0.00779616$ & $-0.000777751$ & $-0.0112363$ & $-0.00656324$ & $-0.00756699$ & $0.00149743$ & $-0.00256121$ & $-0.00175674$ & $0.000721307$ & $-0.00167985$ & $-0.0037431$ & $-0.00534723$ & $0.00843959$ & $0.00602594$ & $0.00671706$ & $-0.00548392$ & $-0.0227193$ & $0.00590523$ & $0.000831753$ & $-0.0175741$ & $0.000705288$ & $0.00539515$ & $0.00195445$ & $-0.0289924$ & $1$ & $0.0030241$ & $-0.0085482$ & $0.0106636$ & $0.00224041$ & $0.00545011$ & $-0.0118003$ & $-0.00171999$ & $0.0168895$ & $0.000244497$ & $0.00614701$ & $0.00372684$ \\
eHZZint & $-0.0613679$ & $-0.0578263$ & $0.0865152$ & $-0.0172396$ & $0.00289846$ & $0.00626444$ & $-0.00502733$ & $0.00620881$ & $-0.00521003$ & $0.00644459$ & $-0.00747094$ & $-2.20102e-05$ & $-0.00481489$ & $0.00856342$ & $-0.00253515$ & $-0.00799389$ & $0.00836766$ & $0.00754154$ & $0.0112709$ & $0.00666811$ & $0.0090718$ & $0.00887554$ & $0.00236833$ & $0.00555589$ & $0.0203986$ & $-0.00283271$ & $0.0160868$ & $-0.00032283$ & $0.00285417$ & $-0.0146377$ & $-0.018008$ & $0.0034416$ & $-0.0154089$ & $0.00413377$ & $-0.0101957$ & $0.0303745$ & $0.0163784$ & $0.0030241$ & $1$ & $0.00792734$ & $-0.0833127$ & $-0.00328091$ & $-0.0954149$ & $0.00070068$ & $-0.0171682$ & $0.0494474$ & $-0.0224454$ & $-0.0935478$ & $0.0483319$ \\
eHZZpar & $-0.00827435$ & $0.0055791$ & $-0.0154097$ & $-0.00550429$ & $-0.00457148$ & $-0.00277222$ & $0.00408615$ & $-0.00506543$ & $-0.00464869$ & $0.00413245$ & $0.00150945$ & $0.00568212$ & $-0.000984941$ & $-7.3603e-05$ & $0.0060275$ & $0.0123985$ & $0.00739596$ & $0.0023737$ & $-0.00339116$ & $0.000261563$ & $-0.00273793$ & $-0.00328828$ & $0.000747801$ & $0.0120861$ & $-8.18579e-05$ & $-0.00324101$ & $-0.0130613$ & $0.000811525$ & $-0.00610729$ & $0.00540849$ & $0.00162161$ & $0.00604765$ & $-0.0080362$ & $-0.00745361$ & $0.0107287$ & $-0.00645575$ & $-0.0183915$ & $-0.0085482$ & $0.00792734$ & $1$ & $0.00219782$ & $-0.00019346$ & $0.00695382$ & $-0.00123024$ & $-0.00649558$ & $-0.000112649$ & $0.0109003$ & $-0.0109407$ & $-0.0138245$ \\
eHZgaint & $0.0520335$ & $0.0635747$ & $-0.0974398$ & $0.0735599$ & $0.00699822$ & $-0.000684005$ & $-0.00373826$ & $0.00264053$ & $0.00321598$ & $-0.0524462$ & $0.0100577$ & $-0.0296418$ & $0.00798124$ & $-0.025312$ & $-0.00619199$ & $-0.0113217$ & $-0.0312807$ & $-0.0238116$ & $-0.0211894$ & $-0.0100391$ & $-0.00853727$ & $-0.00804445$ & $0.00565101$ & $-0.0235792$ & $-0.0246069$ & $0.00237442$ & $0.0108781$ & $0.0114642$ & $-0.00875378$ & $0.0105768$ & $0.0329819$ & $-0.00719329$ & $0.0156746$ & $0.00848804$ & $0.0101459$ & $0.0126761$ & $-0.030297$ & $0.0106636$ & $-0.0833127$ & $0.00219782$ & $1$ & $-0.00955339$ & $0.0176353$ & $-0.0887564$ & $0.0122853$ & $-0.0879208$ & $0.0580173$ & $-0.00123231$ & $0.0129197$ \\
eHZgapar & $0.0129612$ & $0.0089027$ & $0.00311096$ & $-0.00520231$ & $-0.00612675$ & $-0.00122814$ & $-0.00288463$ & $0.00325603$ & $0.00340557$ & $0.00129361$ & $-0.00208124$ & $0.0057231$ & $-0.00115679$ & $-0.00221441$ & $-0.00160676$ & $0.00403676$ & $-0.00271753$ & $-0.00142457$ & $-0.00448239$ & $0.00244824$ & $0.00228668$ & $0.00350086$ & $0.000915194$ & $-0.0083058$ & $-0.00498701$ & $-0.0029939$ & $-0.00101612$ & $0.00260708$ & $0.00538508$ & $0.00564758$ & $0.0132662$ & $-0.00109846$ & $0.00117868$ & $0.00469104$ & $-0.00712784$ & $0.00220967$ & $0.00102079$ & $0.00224041$ & $-0.00328091$ & $-0.00019346$ & $-0.00955339$ & $1$ & $-0.00300501$ & $-0.0117534$ & $-0.00965087$ & $-0.00540282$ & $0.00978119$ & $-0.00167628$ & $-0.0025781$ \\
eHgagaint & $0.0416574$ & $-0.122956$ & $-0.0379451$ & $0.125679$ & $-0.00604585$ & $0.000817351$ & $-0.00985892$ & $0.0200019$ & $0.0899008$ & $-0.0166762$ & $-0.0138526$ & $-0.0208719$ & $0.00416493$ & $-0.00510774$ & $-0.00521375$ & $0.00251748$ & $-0.0101999$ & $-0.00558505$ & $-0.0107874$ & $0.0104434$ & $0.011248$ & $0.00890073$ & $-0.00189984$ & $-0.0154216$ & $-0.0087922$ & $-0.00486788$ & $0.0154299$ & $0.000560804$ & $-0.00334995$ & $0.0118914$ & $0.0165642$ & $-0.00542815$ & $-0.0104379$ & $0.0127351$ & $0.039182$ & $0.0185743$ & $-0.0888431$ & $0.00545011$ & $-0.0954149$ & $0.00695382$ & $0.0176353$ & $-0.00300501$ & $1$ & $0.0804718$ & $0.113552$ & $-0.00654019$ & $0.0043392$ & $0.116644$ & $-0.083648$ \\
eHmumuint & $-0.0211261$ & $-0.00305572$ & $0.0092495$ & $0.0116413$ & $-0.000138372$ & $0.0123135$ & $-0.00215539$ & $-0.0343501$ & $-0.027139$ & $0.0248549$ & $0.0298035$ & $0.0159749$ & $-0.0183626$ & $0.000881145$ & $-0.00015521$ & $0.0013442$ & $0.00546981$ & $0.0100029$ & $0.00615621$ & $-0.0280507$ & $-0.0322481$ & $-0.032759$ & $-0.00160369$ & $0.0295658$ & $0.00529619$ & $0.00818217$ & $-0.0332797$ & $-0.00758516$ & $0.0123029$ & $-0.0113938$ & $-0.018651$ & $-0.00769339$ & $-0.017509$ & $-0.0287$ & $-0.0601327$ & $0.0196312$ & $-0.0371833$ & $-0.0118003$ & $0.00070068$ & $-0.00123024$ & $-0.0887564$ & $-0.0117534$ & $0.0804718$ & $1$ & $-0.0885575$ & $-0.106335$ & $-0.011806$ & $0.0833898$ & $-0.061136$ \\
eHtautauint & $0.059817$ & $-0.0368379$ & $0.0758942$ & $0.0392622$ & $-0.0017304$ & $-0.00811995$ & $0.0110219$ & $-0.00102345$ & $0.00777543$ & $0.00212688$ & $0.00160421$ & $0.00701105$ & $-0.00182785$ & $-0.00444621$ & $0.00131441$ & $-0.00163089$ & $0.00227926$ & $-0.000567546$ & $-0.000133146$ & $-0.00156969$ & $-0.00263648$ & $-0.00373611$ & $-0.00862766$ & $-0.000564473$ & $-0.00716239$ & $0.000221468$ & $-0.00624147$ & $0.00243417$ & $-0.000192708$ & $0.0868363$ & $-0.00305856$ & $0.0173573$ & $0.00175772$ & $-0.00297715$ & $-0.0190974$ & $0.114719$ & $-0.0489393$ & $-0.00171999$ & $-0.0171682$ & $-0.00649558$ & $0.0122853$ & $-0.00965087$ & $0.113552$ & $-0.0885575$ & $1$ & $-0.0677796$ & $-0.0144526$ & $-0.0475127$ & $0.000971081$ \\
eHccint & $0.00739887$ & $0.0709381$ & $0.0729241$ & $-0.0210186$ & $0.0135792$ & $-0.00250524$ & $0.00688539$ & $0.00101657$ & $0.000657663$ & $-0.00690031$ & $0.00186326$ & $-0.00555316$ & $0.000682517$ & $-0.0072945$ & $0.00282535$ & $0.00543479$ & $-0.00379625$ & $-0.00751976$ & $-0.00686507$ & $3.12453e-05$ & $0.000701778$ & $0.0029696$ & $0.000908626$ & $-0.00155525$ & $0.000334924$ & $0.004338$ & $0.0124355$ & $-0.00588292$ & $0.00721902$ & $-0.021157$ & $0.0769591$ & $-0.000462766$ & $-0.0257546$ & $0.00463734$ & $-0.0203733$ & $-0.0432642$ & $0.0886451$ & $0.0168895$ & $0.0494474$ & $-0.000112649$ & $-0.0879208$ & $-0.00540282$ & $-0.00654019$ & $-0.106335$ & $-0.0677796$ & $1$ & $0.0264167$ & $0.024842$ & $-0.0210294$ \\
eHccpar & $-0.0850299$ & $0.00517934$ & $0.0200772$ & $-0.0703123$ & $0.00905695$ & $0.00452528$ & $0.00462912$ & $0.0003921$ & $-0.000205056$ & $-0.00169378$ & $-0.000586205$ & $0.00406119$ & $0.00514446$ & $0.00147673$ & $0.00815508$ & $0.00093732$ & $-0.000241329$ & $-0.00341341$ & $-0.00108129$ & $0.00240519$ & $0.000324381$ & $-0.00121211$ & $0.00951118$ & $0.00739708$ & $0.00697355$ & $-0.0117309$ & $-0.0046467$ & $0.00386383$ & $-0.00849953$ & $0.0141552$ & $0.390018$ & $0.0136562$ & $-0.0111975$ & $-0.00615519$ & $0.0772737$ & $-0.103078$ & $-0.052606$ & $0.000244497$ & $-0.0224454$ & $0.0109003$ & $0.0580173$ & $0.00978119$ & $0.0043392$ & $-0.011806$ & $-0.0144526$ & $0.0264167$ & $1$ & $-0.088742$ & $-0.0369226$ \\
eHbbint & $0.0998662$ & $0.0122757$ & $0.0146655$ & $-0.0751345$ & $-0.0104049$ & $0.00637276$ & $-0.0133847$ & $-0.0168634$ & $-0.00993904$ & $0.0119383$ & $0.0128684$ & $0.00980493$ & $0.0024688$ & $0.00250172$ & $0.000490091$ & $-0.000636884$ & $0.00399015$ & $0.00581611$ & $0.00673079$ & $-0.012222$ & $-0.0144824$ & $-0.0136571$ & $-0.00517413$ & $0.00635498$ & $-0.00222467$ & $0.0103637$ & $-0.0105862$ & $-0.00202945$ & $-0.00677205$ & $-0.0068946$ & $-0.0271361$ & $-0.00419172$ & $0.15236$ & $-0.0142782$ & $0.0783434$ & $0.0598458$ & $-0.0245049$ & $0.00614701$ & $-0.0935478$ & $-0.0109407$ & $-0.00123231$ & $-0.00167628$ & $0.116644$ & $0.0833898$ & $-0.0475127$ & $0.024842$ & $-0.088742$ & $1$ & $-0.0220836$ \\
eHbbpar & $-0.00825519$ & $-0.101755$ & $0.062612$ & $-0.105893$ & $-0.00199563$ & $0.00223908$ & $0.00435998$ & $-0.00518556$ & $-0.0123717$ & $0.0107171$ & $0.00766873$ & $0.0114257$ & $-0.00479257$ & $-0.000402736$ & $0.00396274$ & $0.000549964$ & $-0.0039678$ & $-0.00332143$ & $0.000124284$ & $-0.00956677$ & $-0.010056$ & $-0.00841471$ & $-0.00760934$ & $0.00600546$ & $-0.000272073$ & $0.0111021$ & $-0.00894205$ & $0.00288804$ & $6.49526e-05$ & $-0.0111869$ & $-0.0209603$ & $0.018551$ & $0.472033$ & $-0.0150627$ & $0.0263078$ & $-0.00424559$ & $0.0198036$ & $0.00372684$ & $0.0483319$ & $-0.0138245$ & $0.0129197$ & $-0.0025781$ & $-0.083648$ & $-0.061136$ & $0.000971081$ & $-0.0210294$ & $-0.0369226$ & $-0.0220836$ & $1$ \\
