 & AlsMz & dAle5Mz & mtop & mHl & Mz & CW & CHG & CHWB & CHWHB_gaga & CHWHB_gagaorth & CHD & CHbox & CH & CHL1_11 & CHL1_22 & CHL1_33 & CHL3_11 & CHL3_22 & CHL3_33 & CHe_11 & CHe_22 & CHe_33 & CHQ1_11 & CHQ1_33 & CHQ3_11 & CHu_11 & CHd_11 & CHd_33 & CeH_22r & CeH_33r & CuH_22r & CuH_33r & CdH_33r & CLL_1221 & eHggint & eHggpar & eHWWint & eHWWpar & eHZZint & eHZZpar & eHZgaint & eHZgapar & eHgagaint & eHmumuint & eHtautauint & eHccint & eHccpar & eHbbint & eHbbpar \\
AlsMz & $1$ & $-0.0476966$ & $0.0307147$ & $-0.0580164$ & $0.00339502$ & $-0.00214465$ & $0.0290769$ & $-0.00847459$ & $-0.0095991$ & $0.0164325$ & $-0.0132736$ & $-0.00385491$ & $-0.00167939$ & $0.0283651$ & $0.0175397$ & $-0.000953007$ & $0.0275799$ & $0.0162706$ & $0.034306$ & $0.00532199$ & $0.00206886$ & $0.00520997$ & $-0.00222778$ & $-0.0350974$ & $-0.0720779$ & $-0.0361554$ & $-0.0195391$ & $0.0199758$ & $0.0183409$ & $0.0188326$ & $0.000785603$ & $0.0304048$ & $0.0334306$ & $-0.025822$ & $-0.00404128$ & $-0.0859437$ & $-0.101259$ & $0.000739636$ & $-0.159185$ & $-0.0161859$ & $-0.0226142$ & $0.0247496$ & $-0.0641253$ & $-0.0725567$ & $-0.0233233$ & $-0.0702528$ & $-0.0453281$ & $-0.0333974$ & $0.0236883$ \\
dAle5Mz & $-0.0476966$ & $1$ & $0.138719$ & $-0.0436307$ & $0.0209141$ & $0.0127592$ & $-0.0317852$ & $-0.083403$ & $-0.0898673$ & $0.0437451$ & $0.071063$ & $0.00902052$ & $-0.0362331$ & $-0.0226909$ & $-0.043275$ & $-0.0288612$ & $0.00887823$ & $0.0260042$ & $0.0155548$ & $-0.0479366$ & $-0.0429635$ & $-0.0458756$ & $-0.0269561$ & $0.0192089$ & $0.0225344$ & $0.061521$ & $0.00260255$ & $-0.0149952$ & $-0.0185525$ & $0.00521503$ & $-0.00483458$ & $-0.0128855$ & $-0.04563$ & $0.029129$ & $0.0669074$ & $0.0869428$ & $-0.0233742$ & $-0.0172526$ & $-0.0431658$ & $-0.0248361$ & $0.0189969$ & $0.0172527$ & $-0.0355409$ & $-0.0828713$ & $0.0876432$ & $0.00732607$ & $-0.0580086$ & $0.00572031$ & $-0.104522$ \\
mtop & $0.0307147$ & $0.138719$ & $1$ & $-0.0103573$ & $-0.0116002$ & $0.0197259$ & $-0.062997$ & $-0.00189705$ & $-0.00773026$ & $-0.00583238$ & $0.0129919$ & $0.0141693$ & $0.0176324$ & $-0.00815933$ & $-0.0380969$ & $-0.00351773$ & $-0.00666762$ & $0.0146772$ & $-0.0103788$ & $-0.00586768$ & $0.000942463$ & $0.00466064$ & $-0.0146705$ & $-0.0151756$ & $-0.0138957$ & $0.00968262$ & $0.00423187$ & $-0.000240188$ & $0.0170253$ & $0.00123827$ & $-0.026484$ & $-0.0713349$ & $-0.0218$ & $0.0409294$ & $-0.00868408$ & $0.0959786$ & $0.0464786$ & $0.00815637$ & $-0.00162001$ & $-0.0239913$ & $0.0758393$ & $0.00399078$ & $0.00499791$ & $0.019059$ & $0.0668008$ & $0.115976$ & $-0.0658758$ & $0.116678$ & $-0.0620328$ \\
mHl & $-0.0580164$ & $-0.0436307$ & $-0.0103573$ & $1$ & $0.0111378$ & $-0.0107525$ & $0.0116855$ & $0.0271925$ & $0.028694$ & $-0.0113295$ & $-0.0166426$ & $-0.00738177$ & $-0.0124921$ & $-0.00786553$ & $-0.0261571$ & $-0.0162467$ & $-0.0142935$ & $-0.00093743$ & $-0.0105009$ & $0.0113954$ & $0.0206086$ & $0.0174821$ & $0.0071308$ & $-0.0289845$ & $0.00716818$ & $-0.0194447$ & $0.0410313$ & $0.0213017$ & $-0.0195949$ & $-0.0208668$ & $0.00607308$ & $0.0239031$ & $-0.0459352$ & $0.0419589$ & $0.156074$ & $0.010995$ & $0.0272812$ & $-0.00286957$ & $0.0743333$ & $-0.0154746$ & $0.10616$ & $-0.000863259$ & $0.0603325$ & $0.107499$ & $-0.0935614$ & $-0.0245238$ & $0.0516193$ & $-0.0628727$ & $-0.0351118$ \\
Mz & $0.00339502$ & $0.0209141$ & $-0.0116002$ & $0.0111378$ & $1$ & $0.0237523$ & $-0.00199786$ & $0.00647807$ & $0.0113486$ & $0.00629864$ & $0.00577572$ & $0.0197855$ & $0.0099014$ & $0.00537245$ & $-0.00212427$ & $-0.00967303$ & $-0.0193285$ & $-0.00850258$ & $-0.000197144$ & $0.00410195$ & $0.00428672$ & $0.00513571$ & $0.0031996$ & $-0.0156133$ & $-0.00796969$ & $-0.00733221$ & $0.00843928$ & $-0.0239034$ & $0.0145607$ & $0.00465$ & $-0.000107146$ & $0.00199855$ & $0.00604862$ & $-0.000855933$ & $0.0217411$ & $-0.00951076$ & $0.00169148$ & $0.00292258$ & $-0.00764373$ & $0.00731988$ & $-0.00309693$ & $-0.0221973$ & $0.0083111$ & $-0.0271852$ & $0.0125095$ & $-0.0353686$ & $-0.0142043$ & $-0.0157131$ & $0.0119294$ \\
CW & $-0.00214465$ & $0.0127592$ & $0.0197259$ & $-0.0107525$ & $0.0237523$ & $1$ & $0.00732592$ & $-0.135977$ & $-0.135923$ & $0.0148282$ & $0.193316$ & $0.0271934$ & $-0.00505118$ & $0.0243994$ & $-0.0872545$ & $-0.0841888$ & $-0.259413$ & $-0.0399816$ & $-0.0406859$ & $-0.188166$ & $-0.195858$ & $-0.192157$ & $-0.0222191$ & $0.0103445$ & $-0.0812368$ & $0.121206$ & $-0.0836134$ & $-0.0671274$ & $0.00469097$ & $0.00277609$ & $-0.0102856$ & $0.00657084$ & $-0.0142873$ & $-0.125584$ & $-0.0331777$ & $0.0358336$ & $-0.00592736$ & $0.00398606$ & $-0.00297191$ & $-0.00425626$ & $0.0219405$ & $0.0128142$ & $-0.0165589$ & $0.00552475$ & $0.0146885$ & $-0.0172157$ & $-0.0190605$ & $0.0112715$ & $-0.0205617$ \\
CHG & $0.0290769$ & $-0.0317852$ & $-0.062997$ & $0.0116855$ & $-0.00199786$ & $0.00732592$ & $1$ & $-0.0826852$ & $-0.0330241$ & $0.0392693$ & $0.0363934$ & $-0.254717$ & $-0.288246$ & $0.062804$ & $-0.0284357$ & $-0.0215487$ & $0.0945066$ & $0.106986$ & $0.0950323$ & $-0.0367289$ & $-0.0401685$ & $-0.0425947$ & $-0.0124658$ & $0.101359$ & $0.0943759$ & $0.0219747$ & $-0.0298017$ & $-0.00903271$ & $-0.00814013$ & $-0.146847$ & $-0.08572$ & $0.938585$ & $-0.146804$ & $-0.043836$ & $-0.0502692$ & $-0.00468684$ & $0.0212451$ & $-0.00710243$ & $-0.0029476$ & $-0.00818111$ & $0.0259701$ & $0.0220493$ & $-0.00599353$ & $0.00968343$ & $-0.00789099$ & $0.000800162$ & $-0.0448305$ & $0.017$ & $0.0225014$ \\
CHWB & $-0.00847459$ & $-0.083403$ & $-0.00189705$ & $0.0271925$ & $0.00647807$ & $-0.135977$ & $-0.0826852$ & $1$ & $0.982413$ & $-0.573405$ & $-0.881859$ & $0.0930283$ & $0.357727$ & $0.0970388$ & $0.304108$ & $0.319113$ & $-0.234657$ & $-0.434319$ & $-0.445496$ & $0.854322$ & $0.898604$ & $0.882247$ & $0.0679046$ & $-0.67287$ & $-0.410535$ & $-0.523567$ & $0.407294$ & $0.30018$ & $0.00829477$ & $0.125927$ & $0.0686443$ & $-0.0748183$ & $0.120298$ & $0.561973$ & $-0.00297602$ & $0.00528664$ & $-0.00528659$ & $0.018085$ & $0.0211799$ & $0.017954$ & $0.0199206$ & $0.0072283$ & $0.00155602$ & $-0.00109347$ & $-0.0169965$ & $0.0241007$ & $-0.00253267$ & $-0.0103745$ & $0.00328661$ \\
CHWHB_gaga & $-0.0095991$ & $-0.0898673$ & $-0.00773026$ & $0.028694$ & $0.0113486$ & $-0.135923$ & $-0.0330241$ & $0.982413$ & $1$ & $-0.563112$ & $-0.863459$ & $0.103271$ & $0.35311$ & $0.088159$ & $0.300628$ & $0.314035$ & $-0.236095$ & $-0.433055$ & $-0.443456$ & $0.837183$ & $0.879702$ & $0.863135$ & $0.0665846$ & $-0.66331$ & $-0.406942$ & $-0.513659$ & $0.399735$ & $0.297252$ & $0.0133198$ & $0.145797$ & $0.0793944$ & $-0.0338391$ & $0.143601$ & $0.550028$ & $-0.011572$ & $-0.00495618$ & $-0.020627$ & $0.0173073$ & $0.0274039$ & $0.0183003$ & $0.0191455$ & $0.00910909$ & $0.0689141$ & $-0.00555388$ & $-0.0184498$ & $0.0228251$ & $0.000614864$ & $-0.00969215$ & $0.0083016$ \\
CHWHB_gagaorth & $0.0164325$ & $0.0437451$ & $-0.00583238$ & $-0.0113295$ & $0.00629864$ & $0.0148282$ & $0.0392693$ & $-0.573405$ & $-0.563112$ & $1$ & $0.366036$ & $0.222409$ & $-0.246432$ & $0.21585$ & $-0.128895$ & $-0.154899$ & $0.423208$ & $0.479506$ & $0.493772$ & $-0.352543$ & $-0.380832$ & $-0.378198$ & $-0.0568914$ & $0.54651$ & $0.479676$ & $0.232554$ & $-0.220522$ & $-0.123556$ & $-0.016789$ & $-0.145729$ & $-0.0736772$ & $0.0536647$ & $-0.141591$ & $-0.350608$ & $0.0331097$ & $0.00210002$ & $0.00199303$ & $-0.00212498$ & $-0.0175423$ & $0.00923449$ & $-0.053233$ & $-0.0200804$ & $-0.0127715$ & $-0.00686603$ & $-0.000447613$ & $-0.010744$ & $-0.0127081$ & $0.00267004$ & $-0.00120679$ \\
CHD & $-0.0132736$ & $0.071063$ & $0.0129919$ & $-0.0166426$ & $0.00577572$ & $0.193316$ & $0.0363934$ & $-0.881859$ & $-0.863459$ & $0.366036$ & $1$ & $0.0714551$ & $-0.170534$ & $-0.507532$ & $-0.427371$ & $-0.434686$ & $-0.215684$ & $0.0731939$ & $0.0847773$ & $-0.990561$ & $-0.991047$ & $-0.97055$ & $-0.0120549$ & $0.316146$ & $0.037373$ & $0.575184$ & $-0.276323$ & $-0.327779$ & $0.00480553$ & $-0.0728806$ & $-0.045193$ & $0.0413786$ & $-0.0661802$ & $-0.367178$ & $0.0161949$ & $-0.00247778$ & $0.00215968$ & $-0.017286$ & $-0.0145558$ & $-0.0283905$ & $-0.00275351$ & $-0.0127718$ & $-0.00477899$ & $0.00662889$ & $0.00462601$ & $-0.0196716$ & $-0.0023101$ & $0.00420068$ & $-0.0114671$ \\
CHbox & $-0.00385491$ & $0.00902052$ & $0.0141693$ & $-0.00738177$ & $0.0197855$ & $0.0271934$ & $-0.254717$ & $0.0930283$ & $0.103271$ & $0.222409$ & $0.0714551$ & $1$ & $0.769177$ & $-0.312505$ & $0.0147106$ & $0.00924217$ & $-0.339$ & $-0.318883$ & $-0.309826$ & $-0.0615277$ & $-0.066562$ & $-0.0612547$ & $0.00207736$ & $-0.234827$ & $-0.313332$ & $0.0393866$ & $0.00888703$ & $-0.0126226$ & $0.0455429$ & $0.33923$ & $0.107328$ & $-0.161734$ & $0.376167$ & $0.0558679$ & $0.0907265$ & $0.0306992$ & $-0.0223201$ & $0.00466357$ & $0.00230815$ & $0.0233991$ & $-0.000365332$ & $-0.0291206$ & $-0.00314725$ & $-0.0250858$ & $-0.0583021$ & $-0.0121022$ & $-0.00491739$ & $-0.0103643$ & $-0.0224376$ \\
CH & $-0.00167939$ & $-0.0362331$ & $0.0176324$ & $-0.0124921$ & $0.0099014$ & $-0.00505118$ & $-0.288246$ & $0.357727$ & $0.35311$ & $-0.246432$ & $-0.170534$ & $0.769177$ & $1$ & $-0.258417$ & $0.0653474$ & $0.0825452$ & $-0.377239$ & $-0.396929$ & $-0.403031$ & $0.164881$ & $0.182596$ & $0.182694$ & $0.0250247$ & $-0.407168$ & $-0.400946$ & $-0.104678$ & $0.131298$ & $0.0701951$ & $0.0536788$ & $0.294504$ & $0.120227$ & $-0.233195$ & $0.325528$ & $0.230177$ & $0.0346416$ & $0.0157879$ & $-0.0307794$ & $0.00952681$ & $0.00098587$ & $0.0376867$ & $0.0276649$ & $-0.00891289$ & $0.0120349$ & $-0.0236887$ & $-0.0619405$ & $-0.00508482$ & $0.00124786$ & $-0.00578045$ & $-0.0222561$ \\
CHL1_11 & $0.0283651$ & $-0.0226909$ & $-0.00815933$ & $-0.00786553$ & $0.00537245$ & $0.0243994$ & $0.062804$ & $0.0970388$ & $0.088159$ & $0.21585$ & $-0.507532$ & $-0.312505$ & $-0.258417$ & $1$ & $0.274285$ & $0.264648$ & $0.659041$ & $0.595128$ & $0.590323$ & $0.525369$ & $0.46846$ & $0.453042$ & $-0.0764559$ & $0.464946$ & $0.590944$ & $-0.269995$ & $-0.103244$ & $0.14497$ & $-0.0219641$ & $-0.0714962$ & $-0.0339577$ & $0.0365081$ & $-0.0771049$ & $-0.217094$ & $-0.0336376$ & $0.00546484$ & $0.015782$ & $0.00353291$ & $-0.0106763$ & $0.0270463$ & $-0.0175802$ & $0.0158121$ & $-0.00100605$ & $-0.00583666$ & $0.0202385$ & $0.000841075$ & $0.00541979$ & $0.00812987$ & $0.0193643$ \\
CHL1_22 & $0.0175397$ & $-0.043275$ & $-0.0380969$ & $-0.0261571$ & $-0.00212427$ & $-0.0872545$ & $-0.0284357$ & $0.304108$ & $0.300628$ & $-0.128895$ & $-0.427371$ & $0.0147106$ & $0.0653474$ & $0.274285$ & $1$ & $0.453262$ & $0.167482$ & $-0.449705$ & $-0.035835$ & $0.49016$ & $0.343202$ & $0.336241$ & $-0.180493$ & $0.100049$ & $-0.146312$ & $-0.199602$ & $-0.406763$ & $0.106099$ & $0.00560809$ & $0.0526782$ & $0.0295454$ & $-0.025588$ & $0.0500505$ & $-0.586727$ & $0.00418345$ & $-0.012603$ & $-0.0199602$ & $0.0141732$ & $0.0103652$ & $0.00835511$ & $-0.0146142$ & $-0.0148231$ & $0.0124524$ & $-0.0357013$ & $0.00347709$ & $0.0128902$ & $0.00928274$ & $0.0257852$ & $0.0290961$ \\
CHL1_33 & $-0.000953007$ & $-0.0288612$ & $-0.00351773$ & $-0.0162467$ & $-0.00967303$ & $-0.0841888$ & $-0.0215487$ & $0.319113$ & $0.314035$ & $-0.154899$ & $-0.434686$ & $0.00924217$ & $0.0825452$ & $0.264648$ & $0.453262$ & $1$ & $0.153673$ & $-0.0404957$ & $-0.446582$ & $0.49805$ & $0.354915$ & $0.370446$ & $-0.167124$ & $0.082709$ & $-0.149507$ & $-0.211446$ & $-0.384712$ & $0.106877$ & $0.00153041$ & $0.0391716$ & $0.0431606$ & $-0.0168214$ & $0.0483256$ & $-0.0852285$ & $-0.0186716$ & $-0.0230479$ & $-0.0353723$ & $0.0171764$ & $5.08822e-05$ & $0.0329653$ & $-0.0310306$ & $0.0197945$ & $0.0239523$ & $-0.00230533$ & $-0.0255042$ & $0.0359337$ & $0.0279081$ & $0.0185028$ & $0.00669174$ \\
CHL3_11 & $0.0275799$ & $0.00887823$ & $-0.00666762$ & $-0.0142935$ & $-0.0193285$ & $-0.259413$ & $0.0945066$ & $-0.234657$ & $-0.236095$ & $0.423208$ & $-0.215684$ & $-0.339$ & $-0.377239$ & $0.659041$ & $0.167482$ & $0.153673$ & $1$ & $0.731563$ & $0.731062$ & $0.235723$ & $0.183493$ & $0.175122$ & $-0.0736678$ & $0.667135$ & $0.774114$ & $-0.100932$ & $-0.155758$ & $0.061929$ & $-0.0235625$ & $-0.108116$ & $-0.0433371$ & $0.068831$ & $-0.110329$ & $-0.249762$ & $-0.0284416$ & $-0.00699561$ & $0.0033923$ & $-0.00286886$ & $-0.00446599$ & $0.0158893$ & $-0.0334094$ & $0.0118854$ & $0.0121197$ & $-0.00504056$ & $0.0275168$ & $-0.00347372$ & $0.00976792$ & $0.00888845$ & $0.012254$ \\
CHL3_22 & $0.0162706$ & $0.0260042$ & $0.0146772$ & $-0.00093743$ & $-0.00850258$ & $-0.0399816$ & $0.106986$ & $-0.434319$ & $-0.433055$ & $0.479506$ & $0.0731939$ & $-0.318883$ & $-0.396929$ & $0.595128$ & $-0.449705$ & $-0.0404957$ & $0.731563$ & $1$ & $0.674725$ & $-0.0759929$ & $-0.0670454$ & $-0.0678985$ & $0.0120118$ & $0.617847$ & $0.798614$ & $0.0400135$ & $0.0052076$ & $-0.0223496$ & $-0.0261513$ & $-0.137965$ & $-0.0635627$ & $0.0799134$ & $-0.136525$ & $0.0325741$ & $-0.0335885$ & $0.00140113$ & $0.0199994$ & $-0.00865376$ & $-0.0177554$ & $0.0149419$ & $-0.0236336$ & $0.0221507$ & $0.000163662$ & $0.0191076$ & $0.0182026$ & $-0.0134678$ & $0.00746311$ & $-0.00283675$ & $-0.00358014$ \\
CHL3_33 & $0.034306$ & $0.0155548$ & $-0.0103788$ & $-0.0105009$ & $-0.000197144$ & $-0.0406859$ & $0.0950323$ & $-0.445496$ & $-0.443456$ & $0.493772$ & $0.0847773$ & $-0.309826$ & $-0.403031$ & $0.590323$ & $-0.035835$ & $-0.446582$ & $0.731062$ & $0.674725$ & $1$ & $-0.0888546$ & $-0.0794989$ & $-0.0764851$ & $0.00343804$ & $0.621497$ & $0.798062$ & $0.0560042$ & $6.4378e-05$ & $-0.0225122$ & $-0.0243842$ & $-0.125985$ & $-0.0749817$ & $0.0669642$ & $-0.133131$ & $-0.35065$ & $-0.0117883$ & $0.00774042$ & $0.0294523$ & $-0.0128988$ & $-0.0108062$ & $-0.00202723$ & $-0.0129095$ & $-0.0068935$ & $-0.00870945$ & $-0.0108348$ & $0.0392849$ & $-0.0323523$ & $-0.0119526$ & $0.00237378$ & $0.0144718$ \\
CHe_11 & $0.00532199$ & $-0.0479366$ & $-0.00586768$ & $0.0113954$ & $0.00410195$ & $-0.188166$ & $-0.0367289$ & $0.854322$ & $0.837183$ & $-0.352543$ & $-0.990561$ & $-0.0615277$ & $0.164881$ & $0.525369$ & $0.49016$ & $0.49805$ & $0.235723$ & $-0.0759929$ & $-0.0888546$ & $1$ & $0.972996$ & $0.953642$ & $-0.0128678$ & $-0.263952$ & $-0.032698$ & $-0.565338$ & $0.202268$ & $0.320699$ & $-0.00389437$ & $0.07224$ & $0.0455586$ & $-0.0413523$ & $0.0661647$ & $0.291169$ & $-0.0157622$ & $0.00244511$ & $-0.00193771$ & $0.0189915$ & $0.0129888$ & $0.0280896$ & $-4.2619e-05$ & $0.0112099$ & $0.00679361$ & $-0.0101389$ & $-0.00447246$ & $0.0205194$ & $0.00482368$ & $0.00141681$ & $0.0112851$ \\
CHe_22 & $0.00206886$ & $-0.0429635$ & $0.000942463$ & $0.0206086$ & $0.00428672$ & $-0.195858$ & $-0.0401685$ & $0.898604$ & $0.879702$ & $-0.380832$ & $-0.991047$ & $-0.066562$ & $0.182596$ & $0.46846$ & $0.343202$ & $0.354915$ & $0.183493$ & $-0.0670454$ & $-0.0794989$ & $0.972996$ & $1$ & $0.975611$ & $0.0398246$ & $-0.370381$ & $-0.0403656$ & $-0.576421$ & $0.35951$ & $0.330661$ & $-0.00464366$ & $0.0740835$ & $0.0447115$ & $-0.0445393$ & $0.0661051$ & $0.453921$ & $-0.0135387$ & $0.00905531$ & $0.00101525$ & $0.0156798$ & $0.0149542$ & $0.0247073$ & $0.008282$ & $0.0121136$ & $0.00280483$ & $-0.00493202$ & $-0.00147402$ & $0.0213233$ & $-0.0020855$ & $-0.00745102$ & $0.0057725$ \\
CHe_33 & $0.00520997$ & $-0.0458756$ & $0.00466064$ & $0.0174821$ & $0.00513571$ & $-0.192157$ & $-0.0425947$ & $0.882247$ & $0.863135$ & $-0.378198$ & $-0.97055$ & $-0.0612547$ & $0.182694$ & $0.453042$ & $0.336241$ & $0.370446$ & $0.175122$ & $-0.0678985$ & $-0.0764851$ & $0.953642$ & $0.975611$ & $1$ & $0.0374569$ & $-0.36513$ & $-0.0422695$ & $-0.561045$ & $0.353613$ & $0.328139$ & $-0.00958511$ & $0.0749361$ & $0.0439306$ & $-0.046794$ & $0.068671$ & $0.448154$ & $-0.00995699$ & $0.00599233$ & $-0.00193913$ & $0.0169541$ & $0.0148378$ & $0.0254155$ & $0.00272578$ & $0.00909396$ & $0.00219511$ & $-0.0115228$ & $-0.00201248$ & $0.0156966$ & $-0.00517079$ & $-0.00318724$ & $0.00788688$ \\
CHQ1_11 & $-0.00222778$ & $-0.0269561$ & $-0.0146705$ & $0.0071308$ & $0.0031996$ & $-0.0222191$ & $-0.0124658$ & $0.0679046$ & $0.0665846$ & $-0.0568914$ & $-0.0120549$ & $0.00207736$ & $0.0250247$ & $-0.0764559$ & $-0.180493$ & $-0.167124$ & $-0.0736678$ & $0.0120118$ & $0.00343804$ & $-0.0128678$ & $0.0398246$ & $0.0374569$ & $1$ & $-0.131816$ & $0.0842477$ & $-0.67036$ & $0.355631$ & $0.0415133$ & $0.00595211$ & $0.0262516$ & $0.0133642$ & $-0.00866755$ & $0.0094294$ & $0.207905$ & $0.00775408$ & $-0.0107594$ & $-0.00367093$ & $0.0115631$ & $-0.00779903$ & $-0.0099667$ & $-0.00414186$ & $0.00960379$ & $-0.00178114$ & $0.0383202$ & $-0.0113664$ & $-0.00918907$ & $0.0140105$ & $-0.0154058$ & $-0.0125595$ \\
CHQ1_33 & $-0.0350974$ & $0.0192089$ & $-0.0151756$ & $-0.0289845$ & $-0.0156133$ & $0.0103445$ & $0.101359$ & $-0.67287$ & $-0.66331$ & $0.54651$ & $0.316146$ & $-0.234827$ & $-0.407168$ & $0.464946$ & $0.100049$ & $0.082709$ & $0.667135$ & $0.617847$ & $0.621497$ & $-0.263952$ & $-0.370381$ & $-0.36513$ & $-0.131816$ & $1$ & $0.639656$ & $0.213397$ & $-0.415386$ & $-0.0292901$ & $-0.0248434$ & $-0.124337$ & $-0.0546635$ & $0.0831082$ & $-0.118332$ & $-0.630044$ & $-0.0192932$ & $-0.0084307$ & $0.00179634$ & $-0.014132$ & $-0.00657901$ & $0.0023995$ & $-0.0326045$ & $-0.000875677$ & $0.0104229$ & $0.00418213$ & $0.0217277$ & $-0.0096597$ & $0.0223712$ & $0.0228187$ & $0.0135814$ \\
CHQ3_11 & $-0.0720779$ & $0.0225344$ & $-0.0138957$ & $0.00716818$ & $-0.00796969$ & $-0.0812368$ & $0.0943759$ & $-0.410535$ & $-0.406942$ & $0.479676$ & $0.037373$ & $-0.313332$ & $-0.400946$ & $0.590944$ & $-0.146312$ & $-0.149507$ & $0.774114$ & $0.798614$ & $0.798062$ & $-0.032698$ & $-0.0403656$ & $-0.0422695$ & $0.0842477$ & $0.639656$ & $1$ & $0.0309072$ & $0.210792$ & $-0.0137692$ & $-0.024413$ & $-0.134781$ & $-0.0728819$ & $0.0669212$ & $-0.134095$ & $-0.197558$ & $-0.0197894$ & $0.0122434$ & $0.0240025$ & $-0.0119571$ & $0.00130954$ & $0.00529332$ & $-0.0114497$ & $0.00744758$ & $0.0190178$ & $0.0066778$ & $0.0308927$ & $-0.0124302$ & $-0.00734519$ & $-0.00539401$ & $0.00864437$ \\
CHu_11 & $-0.0361554$ & $0.061521$ & $0.00968262$ & $-0.0194447$ & $-0.00733221$ & $0.121206$ & $0.0219747$ & $-0.523567$ & $-0.513659$ & $0.232554$ & $0.575184$ & $0.0393866$ & $-0.104678$ & $-0.269995$ & $-0.199602$ & $-0.211446$ & $-0.100932$ & $0.0400135$ & $0.0560042$ & $-0.565338$ & $-0.576421$ & $-0.561045$ & $-0.67036$ & $0.213397$ & $0.0309072$ & $1$ & $-0.178074$ & $-0.20919$ & $-0.0102146$ & $-0.0619894$ & $-0.0379268$ & $0.0217338$ & $-0.049767$ & $-0.263237$ & $0.00560479$ & $0.0061318$ & $0.0208238$ & $-0.0250351$ & $0.00715781$ & $-0.0125183$ & $0.0103149$ & $-0.0121503$ & $-0.00449255$ & $-0.0235235$ & $0.0190937$ & $-0.00629098$ & $-0.0164276$ & $0.015251$ & $-0.00762867$ \\
CHd_11 & $-0.0195391$ & $0.00260255$ & $0.00423187$ & $0.0410313$ & $0.00843928$ & $-0.0836134$ & $-0.0298017$ & $0.407294$ & $0.399735$ & $-0.220522$ & $-0.276323$ & $0.00888703$ & $0.131298$ & $-0.103244$ & $-0.406763$ & $-0.384712$ & $-0.155758$ & $0.0052076$ & $6.4378e-05$ & $0.202268$ & $0.35951$ & $0.353613$ & $0.355631$ & $-0.415386$ & $0.210792$ & $-0.178074$ & $1$ & $0.120566$ & $-0.00386881$ & $0.0282039$ & $0.00270837$ & $-0.0302096$ & $0.0239529$ & $0.683881$ & $0.00917313$ & $0.0200466$ & $0.0133181$ & $-0.00896774$ & $0.00928086$ & $-0.00912066$ & $0.0393817$ & $0.00640469$ & $0.000486804$ & $0.0111396$ & $0.00639786$ & $-0.00610934$ & $-0.0295756$ & $-0.0364639$ & $-0.0152212$ \\
CHd_33 & $0.0199758$ & $-0.0149952$ & $-0.000240188$ & $0.0213017$ & $-0.0239034$ & $-0.0671274$ & $-0.00903271$ & $0.30018$ & $0.297252$ & $-0.123556$ & $-0.327779$ & $-0.0126226$ & $0.0701951$ & $0.14497$ & $0.106099$ & $0.106877$ & $0.061929$ & $-0.0223496$ & $-0.0225122$ & $0.320699$ & $0.330661$ & $0.328139$ & $0.0415133$ & $-0.0292901$ & $-0.0137692$ & $-0.20919$ & $0.120566$ & $1$ & $-0.00454508$ & $0.0473286$ & $0.0239689$ & $-0.0113515$ & $0.0258645$ & $0.163274$ & $-0.0213045$ & $-0.00368154$ & $-0.00950173$ & $-0.00902635$ & $0.0142473$ & $0.00220067$ & $-0.00087618$ & $0.0217741$ & $0.0102331$ & $0.00124139$ & $-0.0118143$ & $-0.00430384$ & $-0.0219622$ & $-0.0124895$ & $0.00281956$ \\
CeH_22r & $0.0183409$ & $-0.0185525$ & $0.0170253$ & $-0.0195949$ & $0.0145607$ & $0.00469097$ & $-0.00814013$ & $0.00829477$ & $0.0133198$ & $-0.016789$ & $0.00480553$ & $0.0455429$ & $0.0536788$ & $-0.0219641$ & $0.00560809$ & $0.00153041$ & $-0.0235625$ & $-0.0261513$ & $-0.0243842$ & $-0.00389437$ & $-0.00464366$ & $-0.00958511$ & $0.00595211$ & $-0.0248434$ & $-0.024413$ & $-0.0102146$ & $-0.00386881$ & $-0.00454508$ & $1$ & $0.0490771$ & $0.0207975$ & $-0.0231096$ & $0.0375561$ & $0.00203044$ & $-0.0444897$ & $-0.0193345$ & $-0.0200973$ & $0.00576939$ & $0.0174646$ & $-0.0133079$ & $0.014697$ & $-0.015257$ & $0.00372828$ & $0.0081203$ & $-0.00994501$ & $0.0115396$ & $0.0150745$ & $-0.00205424$ & $-0.018388$ \\
CeH_33r & $0.0188326$ & $0.00521503$ & $0.00123827$ & $-0.0208668$ & $0.00465$ & $0.00277609$ & $-0.146847$ & $0.125927$ & $0.145797$ & $-0.145729$ & $-0.0728806$ & $0.33923$ & $0.294504$ & $-0.0714962$ & $0.0526782$ & $0.0391716$ & $-0.108116$ & $-0.137965$ & $-0.125985$ & $0.07224$ & $0.0740835$ & $0.0749361$ & $0.0262516$ & $-0.124337$ & $-0.134781$ & $-0.0619894$ & $0.0282039$ & $0.0473286$ & $0.0490771$ & $1$ & $0.299792$ & $-0.00765816$ & $0.630354$ & $0.0583697$ & $-0.0386367$ & $0.00552148$ & $-0.173302$ & $-0.0437551$ & $0.00997499$ & $0.0221436$ & $0.0237575$ & $-0.0289305$ & $0.0226369$ & $-0.0183224$ & $0.0736441$ & $0.00694774$ & $0.00121303$ & $0.00293445$ & $-0.00844168$ \\
CuH_22r & $0.000785603$ & $-0.00483458$ & $-0.026484$ & $0.00607308$ & $-0.000107146$ & $-0.0102856$ & $-0.08572$ & $0.0686443$ & $0.0793944$ & $-0.0736772$ & $-0.045193$ & $0.107328$ & $0.120227$ & $-0.0339577$ & $0.0295454$ & $0.0431606$ & $-0.0433371$ & $-0.0635627$ & $-0.0749817$ & $0.0455586$ & $0.0447115$ & $0.0439306$ & $0.0133642$ & $-0.0546635$ & $-0.0728819$ & $-0.0379268$ & $0.00270837$ & $0.0239689$ & $0.0207975$ & $0.299792$ & $1$ & $-0.00203344$ & $0.348844$ & $0.0350469$ & $-0.0106341$ & $-0.0212884$ & $-0.101766$ & $0.002846$ & $-0.00837328$ & $0.0318087$ & $-0.0131363$ & $-0.0191922$ & $0.0255745$ & $0.0256252$ & $-0.00932027$ & $0.0715574$ & $0.353145$ & $0.0213022$ & $0.0284583$ \\
CuH_33r & $0.0304048$ & $-0.0128855$ & $-0.0713349$ & $0.0239031$ & $0.00199855$ & $0.00657084$ & $0.938585$ & $-0.0748183$ & $-0.0338391$ & $0.0536647$ & $0.0413786$ & $-0.161734$ & $-0.233195$ & $0.0365081$ & $-0.025588$ & $-0.0168214$ & $0.068831$ & $0.0799134$ & $0.0669642$ & $-0.0413523$ & $-0.0445393$ & $-0.046794$ & $-0.00866755$ & $0.0831082$ & $0.0669212$ & $0.0217338$ & $-0.0302096$ & $-0.0113515$ & $-0.0231096$ & $-0.00765816$ & $-0.00203344$ & $1$ & $0.0259922$ & $-0.0383083$ & $0.0305796$ & $0.0383424$ & $-0.0207993$ & $-0.0114557$ & $0.00761939$ & $0.00027759$ & $0.031147$ & $0.0199201$ & $0.00771306$ & $-0.00100298$ & $-0.00602884$ & $-0.000292868$ & $-0.0385953$ & $0.0144879$ & $0.0385529$ \\
CdH_33r & $0.0334306$ & $-0.04563$ & $-0.0218$ & $-0.0459352$ & $0.00604862$ & $-0.0142873$ & $-0.146804$ & $0.120298$ & $0.143601$ & $-0.141591$ & $-0.0661802$ & $0.376167$ & $0.325528$ & $-0.0771049$ & $0.0500505$ & $0.0483256$ & $-0.110329$ & $-0.136525$ & $-0.133131$ & $0.0661647$ & $0.0661051$ & $0.068671$ & $0.0094294$ & $-0.118332$ & $-0.134095$ & $-0.049767$ & $0.0239529$ & $0.0258645$ & $0.0375561$ & $0.630354$ & $0.348844$ & $0.0259922$ & $1$ & $0.0524057$ & $-0.02952$ & $0.0274877$ & $-0.215644$ & $-0.0269298$ & $-0.023678$ & $0.0202885$ & $-0.00482538$ & $-0.0119079$ & $0.0363553$ & $0.0417178$ & $-0.00880632$ & $0.00804271$ & $0.0424228$ & $0.130336$ & $0.486048$ \\
CLL_1221 & $-0.025822$ & $0.029129$ & $0.0409294$ & $0.0419589$ & $-0.000855933$ & $-0.125584$ & $-0.043836$ & $0.561973$ & $0.550028$ & $-0.350608$ & $-0.367178$ & $0.0558679$ & $0.230177$ & $-0.217094$ & $-0.586727$ & $-0.0852285$ & $-0.249762$ & $0.0325741$ & $-0.35065$ & $0.291169$ & $0.453921$ & $0.448154$ & $0.207905$ & $-0.630044$ & $-0.197558$ & $-0.263237$ & $0.683881$ & $0.163274$ & $0.00203044$ & $0.0583697$ & $0.0350469$ & $-0.0383083$ & $0.0524057$ & $1$ & $-0.00412121$ & $0.0163857$ & $0.00417449$ & $0.00286014$ & $0.00923561$ & $0.00590078$ & $0.0260982$ & $0.0221244$ & $-0.00732274$ & $0.0251553$ & $-0.0115317$ & $0.0128801$ & $-0.0100587$ & $-0.0292853$ & $-0.0317412$ \\
eHggint & $-0.00404128$ & $0.0669074$ & $-0.00868408$ & $0.156074$ & $0.0217411$ & $-0.0331777$ & $-0.0502692$ & $-0.00297602$ & $-0.011572$ & $0.0331097$ & $0.0161949$ & $0.0907265$ & $0.0346416$ & $-0.0336376$ & $0.00418345$ & $-0.0186716$ & $-0.0284416$ & $-0.0335885$ & $-0.0117883$ & $-0.0157622$ & $-0.0135387$ & $-0.00995699$ & $0.00775408$ & $-0.0192932$ & $-0.0197894$ & $0.00560479$ & $0.00917313$ & $-0.0213045$ & $-0.0444897$ & $-0.0386367$ & $-0.0106341$ & $0.0305796$ & $-0.02952$ & $-0.00412121$ & $1$ & $-0.122931$ & $-0.0507907$ & $0.0318755$ & $-0.0596074$ & $-0.0215013$ & $-0.0691881$ & $0.0169401$ & $0.0692426$ & $-0.0869052$ & $-0.0885686$ & $-0.0951723$ & $0.061706$ & $0.0292295$ & $-0.021361$ \\
eHggpar & $-0.0859437$ & $0.0869428$ & $0.0959786$ & $0.010995$ & $-0.00951076$ & $0.0358336$ & $-0.00468684$ & $0.00528664$ & $-0.00495618$ & $0.00210002$ & $-0.00247778$ & $0.0306992$ & $0.0157879$ & $0.00546484$ & $-0.012603$ & $-0.0230479$ & $-0.00699561$ & $0.00140113$ & $0.00774042$ & $0.00244511$ & $0.00905531$ & $0.00599233$ & $-0.0107594$ & $-0.0084307$ & $0.0122434$ & $0.0061318$ & $0.0200466$ & $-0.00368154$ & $-0.0193345$ & $0.00552148$ & $-0.0212884$ & $0.0383424$ & $0.0274877$ & $0.0163857$ & $-0.122931$ & $1$ & $0.0212526$ & $-0.000468453$ & $0.0307295$ & $-0.0127941$ & $0.0754016$ & $0.0595696$ & $-0.0110913$ & $-0.0350232$ & $0.0909457$ & $0.0710819$ & $-0.106091$ & $-0.0617047$ & $0.0647892$ \\
eHWWint & $-0.101259$ & $-0.0233742$ & $0.0464786$ & $0.0272812$ & $0.00169148$ & $-0.00592736$ & $0.0212451$ & $-0.00528659$ & $-0.020627$ & $0.00199303$ & $0.00215968$ & $-0.0223201$ & $-0.0307794$ & $0.015782$ & $-0.0199602$ & $-0.0353723$ & $0.0033923$ & $0.0199994$ & $0.0294523$ & $-0.00193771$ & $0.00101525$ & $-0.00193913$ & $-0.00367093$ & $0.00179634$ & $0.0240025$ & $0.0208238$ & $0.0133181$ & $-0.00950173$ & $-0.0200973$ & $-0.173302$ & $-0.101766$ & $-0.0207993$ & $-0.215644$ & $0.00417449$ & $-0.0507907$ & $0.0212526$ & $1$ & $0.00688734$ & $-0.029535$ & $-0.00351625$ & $0.043123$ & $0.00956054$ & $-0.0653629$ & $0.0845049$ & $-0.0285883$ & $-0.0489342$ & $-0.0505065$ & $-0.122974$ & $-0.0439171$ \\
eHWWpar & $0.000739636$ & $-0.0172526$ & $0.00815637$ & $-0.00286957$ & $0.00292258$ & $0.00398606$ & $-0.00710243$ & $0.018085$ & $0.0173073$ & $-0.00212498$ & $-0.017286$ & $0.00466357$ & $0.00952681$ & $0.00353291$ & $0.0141732$ & $0.0171764$ & $-0.00286886$ & $-0.00865376$ & $-0.0128988$ & $0.0189915$ & $0.0156798$ & $0.0169541$ & $0.0115631$ & $-0.014132$ & $-0.0119571$ & $-0.0250351$ & $-0.00896774$ & $-0.00902635$ & $0.00576939$ & $-0.0437551$ & $0.002846$ & $-0.0114557$ & $-0.0269298$ & $0.00286014$ & $0.0318755$ & $-0.000468453$ & $0.00688734$ & $1$ & $-0.00722351$ & $-0.0152644$ & $-0.0120396$ & $0.00013415$ & $0.00159449$ & $0.00943032$ & $-0.00320556$ & $-0.0197249$ & $0.0253619$ & $0.0299784$ & $0.00974162$ \\
eHZZint & $-0.159185$ & $-0.0431658$ & $-0.00162001$ & $0.0743333$ & $-0.00764373$ & $-0.00297191$ & $-0.0029476$ & $0.0211799$ & $0.0274039$ & $-0.0175423$ & $-0.0145558$ & $0.00230815$ & $0.00098587$ & $-0.0106763$ & $0.0103652$ & $5.08822e-05$ & $-0.00446599$ & $-0.0177554$ & $-0.0108062$ & $0.0129888$ & $0.0149542$ & $0.0148378$ & $-0.00779903$ & $-0.00657901$ & $0.00130954$ & $0.00715781$ & $0.00928086$ & $0.0142473$ & $0.0174646$ & $0.00997499$ & $-0.00837328$ & $0.00761939$ & $-0.023678$ & $0.00923561$ & $-0.0596074$ & $0.0307295$ & $-0.029535$ & $-0.00722351$ & $1$ & $0.0308048$ & $0.0186113$ & $0.0340914$ & $0.122653$ & $0.0518365$ & $0.0861374$ & $0.0854906$ & $-0.000133495$ & $-0.0725291$ & $-0.0322565$ \\
eHZZpar & $-0.0161859$ & $-0.0248361$ & $-0.0239913$ & $-0.0154746$ & $0.00731988$ & $-0.00425626$ & $-0.00818111$ & $0.017954$ & $0.0183003$ & $0.00923449$ & $-0.0283905$ & $0.0233991$ & $0.0376867$ & $0.0270463$ & $0.00835511$ & $0.0329653$ & $0.0158893$ & $0.0149419$ & $-0.00202723$ & $0.0280896$ & $0.0247073$ & $0.0254155$ & $-0.0099667$ & $0.0023995$ & $0.00529332$ & $-0.0125183$ & $-0.00912066$ & $0.00220067$ & $-0.0133079$ & $0.0221436$ & $0.0318087$ & $0.00027759$ & $0.0202885$ & $0.00590078$ & $-0.0215013$ & $-0.0127941$ & $-0.00351625$ & $-0.0152644$ & $0.0308048$ & $1$ & $0.00469514$ & $-0.000333575$ & $-0.0166913$ & $0.00683287$ & $0.024366$ & $0.00857932$ & $0.0100718$ & $0.0108826$ & $-0.00140203$ \\
eHZgaint & $-0.0226142$ & $0.0189969$ & $0.0758393$ & $0.10616$ & $-0.00309693$ & $0.0219405$ & $0.0259701$ & $0.0199206$ & $0.0191455$ & $-0.053233$ & $-0.00275351$ & $-0.000365332$ & $0.0276649$ & $-0.0175802$ & $-0.0146142$ & $-0.0310306$ & $-0.0334094$ & $-0.0236336$ & $-0.0129095$ & $-4.2619e-05$ & $0.008282$ & $0.00272578$ & $-0.00414186$ & $-0.0326045$ & $-0.0114497$ & $0.0103149$ & $0.0393817$ & $-0.00087618$ & $0.014697$ & $0.0237575$ & $-0.0131363$ & $0.031147$ & $-0.00482538$ & $0.0260982$ & $-0.0691881$ & $0.0754016$ & $0.043123$ & $-0.0120396$ & $0.0186113$ & $0.00469514$ & $1$ & $0.00437187$ & $0.0242167$ & $0.200362$ & $-0.0167846$ & $0.027059$ & $-0.0732121$ & $-0.0841701$ & $-0.0189775$ \\
eHZgapar & $0.0247496$ & $0.0172527$ & $0.00399078$ & $-0.000863259$ & $-0.0221973$ & $0.0128142$ & $0.0220493$ & $0.0072283$ & $0.00910909$ & $-0.0200804$ & $-0.0127718$ & $-0.0291206$ & $-0.00891289$ & $0.0158121$ & $-0.0148231$ & $0.0197945$ & $0.0118854$ & $0.0221507$ & $-0.0068935$ & $0.0112099$ & $0.0121136$ & $0.00909396$ & $0.00960379$ & $-0.000875677$ & $0.00744758$ & $-0.0121503$ & $0.00640469$ & $0.0217741$ & $-0.015257$ & $-0.0289305$ & $-0.0191922$ & $0.0199201$ & $-0.0119079$ & $0.0221244$ & $0.0169401$ & $0.0595696$ & $0.00956054$ & $0.00013415$ & $0.0340914$ & $-0.000333575$ & $0.00437187$ & $1$ & $0.0127285$ & $-0.0030301$ & $-0.00702107$ & $-0.000717422$ & $-0.0148081$ & $-0.0393168$ & $0.0315724$ \\
eHgagaint & $-0.0641253$ & $-0.0355409$ & $0.00499791$ & $0.0603325$ & $0.0083111$ & $-0.0165589$ & $-0.00599353$ & $0.00155602$ & $0.0689141$ & $-0.0127715$ & $-0.00477899$ & $-0.00314725$ & $0.0120349$ & $-0.00100605$ & $0.0124524$ & $0.0239523$ & $0.0121197$ & $0.000163662$ & $-0.00870945$ & $0.00679361$ & $0.00280483$ & $0.00219511$ & $-0.00178114$ & $0.0104229$ & $0.0190178$ & $-0.00449255$ & $0.000486804$ & $0.0102331$ & $0.00372828$ & $0.0226369$ & $0.0255745$ & $0.00771306$ & $0.0363553$ & $-0.00732274$ & $0.0692426$ & $-0.0110913$ & $-0.0653629$ & $0.00159449$ & $0.122653$ & $-0.0166913$ & $0.0242167$ & $0.0127285$ & $1$ & $-0.10561$ & $-0.0300613$ & $-0.0191402$ & $0.0727035$ & $-0.0509158$ & $0.0413983$ \\
eHmumuint & $-0.0725567$ & $-0.0828713$ & $0.019059$ & $0.107499$ & $-0.0271852$ & $0.00552475$ & $0.00968343$ & $-0.00109347$ & $-0.00555388$ & $-0.00686603$ & $0.00662889$ & $-0.0250858$ & $-0.0236887$ & $-0.00583666$ & $-0.0357013$ & $-0.00230533$ & $-0.00504056$ & $0.0191076$ & $-0.0108348$ & $-0.0101389$ & $-0.00493202$ & $-0.0115228$ & $0.0383202$ & $0.00418213$ & $0.0066778$ & $-0.0235235$ & $0.0111396$ & $0.00124139$ & $0.0081203$ & $-0.0183224$ & $0.0256252$ & $-0.00100298$ & $0.0417178$ & $0.0251553$ & $-0.0869052$ & $-0.0350232$ & $0.0845049$ & $0.00943032$ & $0.0518365$ & $0.00683287$ & $0.200362$ & $-0.0030301$ & $-0.10561$ & $1$ & $0.093024$ & $0.105981$ & $0.0583646$ & $-0.0481028$ & $0.154848$ \\
eHtautauint & $-0.0233233$ & $0.0876432$ & $0.0668008$ & $-0.0935614$ & $0.0125095$ & $0.0146885$ & $-0.00789099$ & $-0.0169965$ & $-0.0184498$ & $-0.000447613$ & $0.00462601$ & $-0.0583021$ & $-0.0619405$ & $0.0202385$ & $0.00347709$ & $-0.0255042$ & $0.0275168$ & $0.0182026$ & $0.0392849$ & $-0.00447246$ & $-0.00147402$ & $-0.00201248$ & $-0.0113664$ & $0.0217277$ & $0.0308927$ & $0.0190937$ & $0.00639786$ & $-0.0118143$ & $-0.00994501$ & $0.0736441$ & $-0.00932027$ & $-0.00602884$ & $-0.00880632$ & $-0.0115317$ & $-0.0885686$ & $0.0909457$ & $-0.0285883$ & $-0.00320556$ & $0.0861374$ & $0.024366$ & $-0.0167846$ & $-0.00702107$ & $-0.0300613$ & $0.093024$ & $1$ & $-0.0200389$ & $-0.067519$ & $-0.0491486$ & $0.00410915$ \\
eHccint & $-0.0702528$ & $0.00732607$ & $0.115976$ & $-0.0245238$ & $-0.0353686$ & $-0.0172157$ & $0.000800162$ & $0.0241007$ & $0.0228251$ & $-0.010744$ & $-0.0196716$ & $-0.0121022$ & $-0.00508482$ & $0.000841075$ & $0.0128902$ & $0.0359337$ & $-0.00347372$ & $-0.0134678$ & $-0.0323523$ & $0.0205194$ & $0.0213233$ & $0.0156966$ & $-0.00918907$ & $-0.0096597$ & $-0.0124302$ & $-0.00629098$ & $-0.00610934$ & $-0.00430384$ & $0.0115396$ & $0.00694774$ & $0.0715574$ & $-0.000292868$ & $0.00804271$ & $0.0128801$ & $-0.0951723$ & $0.0710819$ & $-0.0489342$ & $-0.0197249$ & $0.0854906$ & $0.00857932$ & $0.027059$ & $-0.000717422$ & $-0.0191402$ & $0.105981$ & $-0.0200389$ & $1$ & $0.0140624$ & $0.0232743$ & $0.01529$ \\
eHccpar & $-0.0453281$ & $-0.0580086$ & $-0.0658758$ & $0.0516193$ & $-0.0142043$ & $-0.0190605$ & $-0.0448305$ & $-0.00253267$ & $0.000614864$ & $-0.0127081$ & $-0.0023101$ & $-0.00491739$ & $0.00124786$ & $0.00541979$ & $0.00928274$ & $0.0279081$ & $0.00976792$ & $0.00746311$ & $-0.0119526$ & $0.00482368$ & $-0.0020855$ & $-0.00517079$ & $0.0140105$ & $0.0223712$ & $-0.00734519$ & $-0.0164276$ & $-0.0295756$ & $-0.0219622$ & $0.0150745$ & $0.00121303$ & $0.353145$ & $-0.0385953$ & $0.0424228$ & $-0.0100587$ & $0.061706$ & $-0.106091$ & $-0.0505065$ & $0.0253619$ & $-0.000133495$ & $0.0100718$ & $-0.0732121$ & $-0.0148081$ & $0.0727035$ & $0.0583646$ & $-0.067519$ & $0.0140624$ & $1$ & $0.0856901$ & $0.0231167$ \\
eHbbint & $-0.0333974$ & $0.00572031$ & $0.116678$ & $-0.0628727$ & $-0.0157131$ & $0.0112715$ & $0.017$ & $-0.0103745$ & $-0.00969215$ & $0.00267004$ & $0.00420068$ & $-0.0103643$ & $-0.00578045$ & $0.00812987$ & $0.0257852$ & $0.0185028$ & $0.00888845$ & $-0.00283675$ & $0.00237378$ & $0.00141681$ & $-0.00745102$ & $-0.00318724$ & $-0.0154058$ & $0.0228187$ & $-0.00539401$ & $0.015251$ & $-0.0364639$ & $-0.0124895$ & $-0.00205424$ & $0.00293445$ & $0.0213022$ & $0.0144879$ & $0.130336$ & $-0.0292853$ & $0.0292295$ & $-0.0617047$ & $-0.122974$ & $0.0299784$ & $-0.0725291$ & $0.0108826$ & $-0.0841701$ & $-0.0393168$ & $-0.0509158$ & $-0.0481028$ & $-0.0491486$ & $0.0232743$ & $0.0856901$ & $1$ & $-0.0476476$ \\
eHbbpar & $0.0236883$ & $-0.104522$ & $-0.0620328$ & $-0.0351118$ & $0.0119294$ & $-0.0205617$ & $0.0225014$ & $0.00328661$ & $0.0083016$ & $-0.00120679$ & $-0.0114671$ & $-0.0224376$ & $-0.0222561$ & $0.0193643$ & $0.0290961$ & $0.00669174$ & $0.012254$ & $-0.00358014$ & $0.0144718$ & $0.0112851$ & $0.0057725$ & $0.00788688$ & $-0.0125595$ & $0.0135814$ & $0.00864437$ & $-0.00762867$ & $-0.0152212$ & $0.00281956$ & $-0.018388$ & $-0.00844168$ & $0.0284583$ & $0.0385529$ & $0.486048$ & $-0.0317412$ & $-0.021361$ & $0.0647892$ & $-0.0439171$ & $0.00974162$ & $-0.0322565$ & $-0.00140203$ & $-0.0189775$ & $0.0315724$ & $0.0413983$ & $0.154848$ & $0.00410915$ & $0.01529$ & $0.0231167$ & $-0.0476476$ & $1$ \\
