 & AlsMz & dAle5Mz & mtop & mHl & Mz & CW & CHG & CHWB & CHWHB_gaga & CHWHB_gagaorth & CHD & CHbox & CH & CHL1_11 & CHL1_22 & CHL1_33 & CHL3_11 & CHL3_22 & CHL3_33 & CHe_11 & CHe_22 & CHe_33 & CHQ1_11 & CHQ1_33 & CHQ3_11 & CHu_11 & CHd_11 & CHd_33 & CeH_22r & CeH_33r & CuH_22r & CuH_33r & CdH_33r & CLL_1221 & eHggint & eHggpar & eHWWint & eHWWpar & eHZZint & eHZZpar & eHZgaint & eHZgapar & eHgagaint & eHmumuint & eHtautauint & eHccint & eHccpar & eHbbint & eHbbpar \\
AlsMz & $1$ & $-0.00629796$ & $0.024377$ & $-0.0758608$ & $0.026979$ & $-0.0264719$ & $0.0156284$ & $-0.0373962$ & $-0.0405722$ & $0.0329714$ & $0.034757$ & $0.0330048$ & $-0.0412873$ & $-0.0296011$ & $-0.0262193$ & $-0.0548946$ & $0.00580322$ & $0.00367437$ & $0.0217701$ & $-0.0436493$ & $-0.0373829$ & $-0.0394687$ & $0.00612996$ & $-0.037559$ & $-0.0801666$ & $-0.0132684$ & $-0.0345136$ & $-0.0013037$ & $-0.0120658$ & $-0.026023$ & $-0.0405506$ & $0.016846$ & $-0.0127071$ & $-0.00880478$ & $0.0217813$ & $0.0158313$ & $0.0653305$ & $-0.0316518$ & $0.00832744$ & $-0.0111457$ & $0.0329079$ & $-0.0216789$ & $0.014777$ & $0.0119137$ & $0.113348$ & $0.0380659$ & $0.0203777$ & $0.077198$ & $0.0473501$ \\
dAle5Mz & $-0.00629796$ & $1$ & $-0.00289676$ & $0.0634721$ & $0.0306784$ & $0.0294796$ & $0.0613214$ & $-0.12483$ & $-0.116357$ & $0.0684338$ & $0.123062$ & $0.0448343$ & $-0.0872493$ & $-0.0792256$ & $-0.055111$ & $-0.051741$ & $-0.0171798$ & $-0.00132705$ & $0.00261784$ & $-0.104796$ & $-0.105759$ & $-0.100386$ & $0.00457212$ & $0.03399$ & $0.0112597$ & $0.0932049$ & $-0.00538978$ & $-0.100497$ & $-0.0469851$ & $-0.0815737$ & $-0.0141736$ & $0.0519176$ & $-0.0687774$ & $-0.0173078$ & $-0.0166292$ & $-0.0636957$ & $0.172107$ & $0.00248796$ & $-0.00587537$ & $-0.014381$ & $-0.113238$ & $0.0648274$ & $0.109754$ & $-0.0382245$ & $-0.0404172$ & $0.0490824$ & $0.0760435$ & $0.0389924$ & $0.0101422$ \\
mtop & $0.024377$ & $-0.00289676$ & $1$ & $0.0183577$ & $0.00539932$ & $0.00365867$ & $0.0648263$ & $0.0122085$ & $0.0071505$ & $0.0199201$ & $-0.00943981$ & $0.0540286$ & $-0.074634$ & $-0.00614244$ & $0.0521314$ & $0.00763493$ & $0.00539117$ & $-0.027135$ & $0.000143991$ & $0.0192306$ & $0.0115889$ & $0.0105505$ & $-0.0197666$ & $0.00338977$ & $-0.00963955$ & $0.00424425$ & $-0.0161209$ & $0.0209751$ & $-0.0415208$ & $-0.0776905$ & $-0.0999998$ & $0.0631929$ & $-0.0963245$ & $-0.0324312$ & $0.0450425$ & $-0.00959057$ & $0.0533255$ & $-0.00641666$ & $-0.0250102$ & $0.027006$ & $-0.00791806$ & $-0.0216675$ & $-0.0603405$ & $0.136734$ & $-0.11256$ & $0.0124293$ & $-0.06874$ & $-0.0424537$ & $-0.0395961$ \\
mHl & $-0.0758608$ & $0.0634721$ & $0.0183577$ & $1$ & $-0.043893$ & $-0.0410977$ & $0.0285885$ & $-0.0367852$ & $-0.0350485$ & $0.0184074$ & $0.0064516$ & $-0.018767$ & $-0.0521872$ & $0.0297692$ & $-0.0076487$ & $0.027015$ & $0.0635831$ & $0.0637316$ & $0.0391242$ & $-0.00351799$ & $-0.00763865$ & $-0.00979212$ & $-0.0483953$ & $0.06235$ & $0.0630408$ & $0.0205654$ & $-0.0264727$ & $-0.0241087$ & $-0.0264788$ & $-0.00642198$ & $0.00119758$ & $0.0317445$ & $-0.0420405$ & $-0.0147758$ & $-0.0361213$ & $-0.0290992$ & $-0.128773$ & $0.00982772$ & $-0.0383797$ & $-0.00277703$ & $0.0395971$ & $-0.0315754$ & $0.0336235$ & $0.0417586$ & $0.0140979$ & $0.00171914$ & $0.0331458$ & $-0.00312027$ & $-0.11887$ \\
Mz & $0.026979$ & $0.0306784$ & $0.00539932$ & $-0.043893$ & $1$ & $0.02332$ & $-0.0102008$ & $0.00196214$ & $0.00046624$ & $-0.00456055$ & $0.00338765$ & $-0.0235726$ & $0.00271293$ & $0.00568565$ & $0.0142241$ & $0.0117602$ & $-0.00321344$ & $-0.0080619$ & $-0.00468255$ & $0.00316601$ & $0.00351292$ & $0.0057324$ & $0.00118543$ & $0.0035667$ & $0.000292582$ & $0.000711736$ & $0.00623027$ & $0.00379301$ & $0.0193089$ & $0.00888152$ & $0.0275475$ & $-0.0125018$ & $0.0160633$ & $-0.0119847$ & $-0.0335353$ & $-0.0337714$ & $-0.00265827$ & $0.0158747$ & $0.00421465$ & $-0.0122533$ & $-0.0324269$ & $-0.000146436$ & $-0.00709697$ & $-0.0245205$ & $0.0347701$ & $0.015677$ & $0.0821698$ & $0.00110425$ & $-0.00888121$ \\
CW & $-0.0264719$ & $0.0294796$ & $0.00365867$ & $-0.0410977$ & $0.02332$ & $1$ & $0.0142002$ & $-0.0827839$ & $-0.0812423$ & $0.0370824$ & $0.181851$ & $0.0743392$ & $-0.0179678$ & $-0.0505056$ & $-0.0766586$ & $-0.0571227$ & $-0.356279$ & $-0.160896$ & $-0.170094$ & $-0.173989$ & $-0.188912$ & $-0.186642$ & $0.00964879$ & $-0.078469$ & $-0.199293$ & $0.120234$ & $-0.105758$ & $-0.107737$ & $0.0291292$ & $-0.0329401$ & $-0.000447359$ & $0.0194077$ & $-0.000436919$ & $-0.141382$ & $0.0211071$ & $-0.0349096$ & $0.0380072$ & $-0.00520074$ & $-0.0195686$ & $-0.0143748$ & $0.020269$ & $-0.00473526$ & $-0.0255714$ & $-0.0255736$ & $-0.0257693$ & $0.0162812$ & $0.034304$ & $-0.00930191$ & $0.0818781$ \\
CHG & $0.0156284$ & $0.0613214$ & $0.0648263$ & $0.0285885$ & $-0.0102008$ & $0.0142002$ & $1$ & $-0.0661525$ & $-0.0452175$ & $0.232118$ & $0.104067$ & $-0.168231$ & $-0.768054$ & $-0.108153$ & $-0.0357612$ & $-0.0759728$ & $-0.0752992$ & $-0.0673551$ & $-0.0378148$ & $-0.102715$ & $-0.100357$ & $-0.0971932$ & $0.013346$ & $-0.0262583$ & $-0.0525011$ & $0.0856019$ & $-0.00449854$ & $-0.0705071$ & $-0.143438$ & $-0.605476$ & $-0.387584$ & $0.955588$ & $-0.59434$ & $-0.0321166$ & $-0.124184$ & $-0.0714233$ & $0.0221746$ & $-0.0179974$ & $-0.0164527$ & $-0.00196908$ & $-0.00546591$ & $-0.0133406$ & $-0.0308628$ & $-0.0380847$ & $-0.0533415$ & $0.0219782$ & $0.00116977$ & $-0.043155$ & $0.0106028$ \\
CHWB & $-0.0373962$ & $-0.12483$ & $0.0122085$ & $-0.0367852$ & $0.00196214$ & $-0.0827839$ & $-0.0661525$ & $1$ & $0.989967$ & $-0.572004$ & $-0.880469$ & $-0.169762$ & $0.0913832$ & $0.269528$ & $0.480609$ & $0.488582$ & $-0.195651$ & $-0.398336$ & $-0.41369$ & $0.865244$ & $0.892005$ & $0.885172$ & $0.0685009$ & $-0.635835$ & $-0.357122$ & $-0.639662$ & $0.428025$ & $0.428838$ & $0.0305888$ & $0.0636083$ & $0.0578743$ & $-0.0767711$ & $0.0541446$ & $0.547547$ & $-0.0243985$ & $0.00104775$ & $0.0331331$ & $0.0298007$ & $0.00267755$ & $0.0174888$ & $-0.0536949$ & $-0.000371706$ & $-0.00908226$ & $-0.0267404$ & $-0.0334643$ & $-0.0259311$ & $0.0135386$ & $0.0892839$ & $-0.049967$ \\
CHWHB_gaga & $-0.0405722$ & $-0.116357$ & $0.0071505$ & $-0.0350485$ & $0.00046624$ & $-0.0812423$ & $-0.0452175$ & $0.989967$ & $1$ & $-0.566878$ & $-0.871235$ & $-0.156495$ & $0.097631$ & $0.264114$ & $0.476936$ & $0.489494$ & $-0.194269$ & $-0.395898$ & $-0.414228$ & $0.856821$ & $0.882486$ & $0.875367$ & $0.0649568$ & $-0.630342$ & $-0.356102$ & $-0.63089$ & $0.419605$ & $0.425793$ & $0.035632$ & $0.0819303$ & $0.0694941$ & $-0.0581745$ & $0.0732793$ & $0.542035$ & $-0.0364522$ & $-0.00297824$ & $0.0237886$ & $0.0319868$ & $0.00316199$ & $0.0200911$ & $-0.0568981$ & $0.00376977$ & $0.0369822$ & $-0.0340242$ & $-0.032045$ & $-0.0270284$ & $0.0144792$ & $0.0936234$ & $-0.0496554$ \\
CHWHB_gagaorth & $0.0329714$ & $0.0684338$ & $0.0199201$ & $0.0184074$ & $-0.00456055$ & $0.0370824$ & $0.232118$ & $-0.572004$ & $-0.566878$ & $1$ & $0.507525$ & $0.33386$ & $-0.312092$ & $-0.163502$ & $-0.263659$ & $-0.297092$ & $0.110076$ & $0.214806$ & $0.242842$ & $-0.497747$ & $-0.512112$ & $-0.506063$ & $-0.0326938$ & $0.357$ & $0.20217$ & $0.36029$ & $-0.241002$ & $-0.24648$ & $-0.0566368$ & $-0.274832$ & $-0.20525$ & $0.23131$ & $-0.273422$ & $-0.320268$ & $0.0461025$ & $-0.0296186$ & $-0.0117908$ & $-0.0194901$ & $-0.00358567$ & $-0.0167874$ & $0.0161409$ & $0.000178798$ & $0.00167415$ & $0.0408213$ & $-0.0147955$ & $0.028135$ & $-0.0348685$ & $-0.0768388$ & $0.0554608$ \\
CHD & $0.034757$ & $0.123062$ & $-0.00943981$ & $0.0064516$ & $0.00338765$ & $0.181851$ & $0.104067$ & $-0.880469$ & $-0.871235$ & $0.507525$ & $1$ & $0.242515$ & $-0.131418$ & $-0.656371$ & $-0.583016$ & $-0.590472$ & $-0.265083$ & $-0.0176693$ & $-0.000449538$ & $-0.995125$ & $-0.995574$ & $-0.983493$ & $0.00190303$ & $0.236093$ & $-0.0688639$ & $0.707734$ & $-0.310091$ & $-0.470398$ & $-0.0275623$ & $-0.0991056$ & $-0.0733461$ & $0.12366$ & $-0.0922673$ & $-0.354851$ & $0.046041$ & $0.00742363$ & $-0.0323419$ & $-0.0369261$ & $-0.00168669$ & $-0.00991023$ & $0.0314759$ & $-0.0113718$ & $0.00931022$ & $3.38382e-05$ & $0.0445455$ & $0.0358468$ & $0.0114255$ & $-0.0793487$ & $0.0645402$ \\
CHbox & $0.0330048$ & $0.0448343$ & $0.0540286$ & $-0.018767$ & $-0.0235726$ & $0.0743392$ & $-0.168231$ & $-0.169762$ & $-0.156495$ & $0.33386$ & $0.242515$ & $1$ & $0.19795$ & $-0.225824$ & $-0.0972311$ & $-0.139886$ & $-0.155685$ & $-0.115009$ & $-0.0807056$ & $-0.234871$ & $-0.241403$ & $-0.234844$ & $0.0712379$ & $-0.0313749$ & $-0.106232$ & $0.13547$ & $-0.0674291$ & $-0.098702$ & $0.0630813$ & $0.195447$ & $0.12162$ & $-0.10104$ & $0.230952$ & $-0.0887993$ & $0.131914$ & $0.0390777$ & $0.0536711$ & $-0.0232197$ & $0.00210724$ & $0.0165005$ & $0.0441016$ & $0.0239068$ & $0.0295166$ & $-0.0116143$ & $-0.0246411$ & $0.0571996$ & $0.0564955$ & $0.0277637$ & $0.0732428$ \\
CH & $-0.0412873$ & $-0.0872493$ & $-0.074634$ & $-0.0521872$ & $0.00271293$ & $-0.0179678$ & $-0.768054$ & $0.0913832$ & $0.097631$ & $-0.312092$ & $-0.131418$ & $0.19795$ & $1$ & $0.12054$ & $0.049374$ & $0.100703$ & $0.0828767$ & $0.0657094$ & $0.0266769$ & $0.128523$ & $0.12685$ & $0.117281$ & $-0.0152345$ & $0.0178464$ & $0.05425$ & $-0.0958844$ & $0.0150786$ & $0.0927118$ & $0.21539$ & $0.74381$ & $0.467562$ & $-0.683192$ & $0.732042$ & $0.0453966$ & $0.140564$ & $0.0812035$ & $0.0155111$ & $0.0389733$ & $0.025949$ & $-0.00295209$ & $-0.0458203$ & $0.0120525$ & $0.0412331$ & $-0.0104531$ & $0.0587541$ & $-0.0533555$ & $0.0213471$ & $0.0757049$ & $-0.00861886$ \\
CHL1_11 & $-0.0296011$ & $-0.0792256$ & $-0.00614244$ & $0.0297692$ & $0.00568565$ & $-0.0505056$ & $-0.108153$ & $0.269528$ & $0.264114$ & $-0.163502$ & $-0.656371$ & $-0.225824$ & $0.12054$ & $1$ & $0.405937$ & $0.408716$ & $0.656877$ & $0.600555$ & $0.589299$ & $0.667062$ & $0.630585$ & $0.615474$ & $-0.113422$ & $0.439708$ & $0.612782$ & $-0.437321$ & $-0.034379$ & $0.287833$ & $0.00793595$ & $0.100274$ & $0.0580086$ & $-0.132698$ & $0.104167$ & $-0.157567$ & $-0.0515489$ & $-0.0304977$ & $0.0180865$ & $0.0245388$ & $-0.0184946$ & $-0.00220158$ & $0.0207283$ & $0.015886$ & $-0.0110578$ & $0.0315982$ & $-0.0238359$ & $-0.030941$ & $-0.0361398$ & $0.0196316$ & $-0.0373916$ \\
CHL1_22 & $-0.0262193$ & $-0.055111$ & $0.0521314$ & $-0.0076487$ & $0.0142241$ & $-0.0766586$ & $-0.0357612$ & $0.480609$ & $0.476936$ & $-0.263659$ & $-0.583016$ & $-0.0972311$ & $0.049374$ & $0.405937$ & $1$ & $0.54188$ & $0.161434$ & $-0.317529$ & $-0.0200219$ & $0.62322$ & $0.531821$ & $0.521354$ & $-0.131966$ & $0.00304742$ & $-0.0647089$ & $-0.391828$ & $-0.247949$ & $0.258962$ & $0.00972819$ & $0.0339182$ & $0.0301251$ & $-0.0464247$ & $0.026323$ & $-0.431257$ & $-0.0707735$ & $0.00344576$ & $0.0670977$ & $0.0204077$ & $0.0307665$ & $-0.0174225$ & $0.00976437$ & $0.0337868$ & $-0.0200952$ & $0.022967$ & $-0.0559907$ & $-0.0423036$ & $0.0167696$ & $0.0352194$ & $-0.0467169$ \\
CHL1_33 & $-0.0548946$ & $-0.051741$ & $0.00763493$ & $0.027015$ & $0.0117602$ & $-0.0571227$ & $-0.0759728$ & $0.488582$ & $0.489494$ & $-0.297092$ & $-0.590472$ & $-0.139886$ & $0.100703$ & $0.408716$ & $0.54188$ & $1$ & $0.16344$ & $-0.00945619$ & $-0.31499$ & $0.629866$ & $0.540601$ & $0.549591$ & $-0.132231$ & $-0.00642658$ & $-0.0645166$ & $-0.400254$ & $-0.241071$ & $0.201931$ & $0.0188877$ & $0.0871064$ & $0.0598271$ & $-0.0833912$ & $0.0825463$ & $0.0201356$ & $-0.0724373$ & $-0.0294978$ & $0.0323357$ & $0.033057$ & $0.00350188$ & $-0.0163293$ & $0.0124703$ & $0.0431479$ & $0.0186969$ & $-0.00206527$ & $-0.0448023$ & $-0.0300099$ & $0.0203414$ & $0.0693933$ & $-0.0383076$ \\
CHL3_11 & $0.00580322$ & $-0.0171798$ & $0.00539117$ & $0.0635831$ & $-0.00321344$ & $-0.356279$ & $-0.0752992$ & $-0.195651$ & $-0.194269$ & $0.110076$ & $-0.265083$ & $-0.155685$ & $0.0828767$ & $0.656877$ & $0.161434$ & $0.16344$ & $1$ & $0.823702$ & $0.818647$ & $0.27431$ & $0.246038$ & $0.237393$ & $-0.100686$ & $0.740569$ & $0.858696$ & $-0.16404$ & $-0.117438$ & $0.111438$ & $-0.00817898$ & $0.0693904$ & $0.0290244$ & $-0.0927779$ & $0.0705512$ & $-0.223983$ & $-0.0375006$ & $-0.00101107$ & $-0.0132702$ & $0.0193841$ & $0.00713439$ & $-0.0123282$ & $0.0344105$ & $0.0148241$ & $0.000644942$ & $0.0507232$ & $-0.028861$ & $-0.0188437$ & $-0.0646343$ & $-0.0183787$ & $-0.0421638$ \\
CHL3_22 & $0.00367437$ & $-0.00132705$ & $-0.027135$ & $0.0637316$ & $-0.0080619$ & $-0.160896$ & $-0.0673551$ & $-0.398336$ & $-0.395898$ & $0.214806$ & $-0.0176693$ & $-0.115009$ & $0.0657094$ & $0.600555$ & $-0.317529$ & $-0.00945619$ & $0.823702$ & $1$ & $0.791307$ & $0.0164427$ & $0.0149882$ & $0.0108598$ & $-0.0643487$ & $0.744119$ & $0.865085$ & $0.00644157$ & $-0.0593213$ & $-0.0129494$ & $-0.00814178$ & $0.0625959$ & $0.0234667$ & $-0.0809974$ & $0.0697206$ & $-0.0688105$ & $-0.00528808$ & $-0.0211637$ & $-0.0410887$ & $0.00821261$ & $-0.0223618$ & $-0.00357956$ & $0.0377245$ & $0.00351876$ & $0.00756969$ & $0.0381265$ & $0.00427142$ & $0.000951787$ & $-0.0588558$ & $-0.0314632$ & $-0.0116929$ \\
CHL3_33 & $0.0217701$ & $0.00261784$ & $0.000143991$ & $0.0391242$ & $-0.00468255$ & $-0.170094$ & $-0.0378148$ & $-0.41369$ & $-0.414228$ & $0.242842$ & $-0.000449538$ & $-0.0807056$ & $0.0266769$ & $0.589299$ & $-0.0200219$ & $-0.31499$ & $0.818647$ & $0.791307$ & $1$ & $-0.00056076$ & $-0.00195117$ & $-0.00651563$ & $-0.0592746$ & $0.7504$ & $0.867048$ & $0.0219712$ & $-0.0581095$ & $0.0199799$ & $-0.0190514$ & $0.0233718$ & $0.0017844$ & $-0.0541264$ & $0.0285059$ & $-0.374466$ & $-0.00599073$ & $-0.00226026$ & $-0.0180832$ & $0.00203819$ & $-0.00607399$ & $-0.00552765$ & $0.0342777$ & $0.0056684$ & $-0.0155604$ & $0.0543965$ & $-0.00929639$ & $-0.00352706$ & $-0.0661042$ & $-0.058272$ & $-0.0180974$ \\
CHe_11 & $-0.0436493$ & $-0.104796$ & $0.0192306$ & $-0.00351799$ & $0.00316601$ & $-0.173989$ & $-0.102715$ & $0.865244$ & $0.856821$ & $-0.497747$ & $-0.995125$ & $-0.234871$ & $0.128523$ & $0.667062$ & $0.62322$ & $0.629866$ & $0.27431$ & $0.0164427$ & $-0.00056076$ & $1$ & $0.986378$ & $0.974418$ & $-0.0182378$ & $-0.205723$ & $0.0731959$ & $-0.701963$ & $0.259174$ & $0.461754$ & $0.0269573$ & $0.0971074$ & $0.0757219$ & $-0.121806$ & $0.0902622$ & $0.30107$ & $-0.0485891$ & $-0.0109904$ & $0.0379292$ & $0.0371746$ & $0.00308686$ & $0.00754096$ & $-0.02989$ & $0.0181918$ & $-0.0100689$ & $0.00469928$ & $-0.0509254$ & $-0.0365018$ & $-0.00610258$ & $0.078555$ & $-0.0669493$ \\
CHe_22 & $-0.0373829$ & $-0.105759$ & $0.0115889$ & $-0.00763865$ & $0.00351292$ & $-0.188912$ & $-0.100357$ & $0.892005$ & $0.882486$ & $-0.512112$ & $-0.995574$ & $-0.241403$ & $0.12685$ & $0.630585$ & $0.531821$ & $0.540601$ & $0.246038$ & $0.0149882$ & $-0.00195117$ & $0.986378$ & $1$ & $0.986621$ & $0.0172443$ & $-0.272269$ & $0.060191$ & $-0.708312$ & $0.366646$ & $0.47418$ & $0.025566$ & $0.0939682$ & $0.0710283$ & $-0.120501$ & $0.0866778$ & $0.415801$ & $-0.0416312$ & $-0.00676739$ & $0.0324629$ & $0.0361294$ & $-0.000175786$ & $0.0119158$ & $-0.0401297$ & $0.00950068$ & $-0.00783192$ & $-0.0028122$ & $-0.042663$ & $-0.0314775$ & $-0.0138937$ & $0.0783234$ & $-0.0648553$ \\
CHe_33 & $-0.0394687$ & $-0.100386$ & $0.0105505$ & $-0.00979212$ & $0.0057324$ & $-0.186642$ & $-0.0971932$ & $0.885172$ & $0.875367$ & $-0.506063$ & $-0.983493$ & $-0.234844$ & $0.117281$ & $0.615474$ & $0.521354$ & $0.549591$ & $0.237393$ & $0.0108598$ & $-0.00651563$ & $0.974418$ & $0.986621$ & $1$ & $0.021726$ & $-0.277092$ & $0.0555402$ & $-0.699741$ & $0.369551$ & $0.471192$ & $0.0177777$ & $0.0864947$ & $0.0720509$ & $-0.117349$ & $0.0806082$ & $0.421531$ & $-0.0391827$ & $-0.0106848$ & $0.0300744$ & $0.0401086$ & $0.00267922$ & $0.0114259$ & $-0.0337202$ & $0.0118668$ & $-0.0065399$ & $-0.000308466$ & $-0.0514143$ & $-0.0291717$ & $-0.0115608$ & $0.0748224$ & $-0.0656363$ \\
CHQ1_11 & $0.00612996$ & $0.00457212$ & $-0.0197666$ & $-0.0483953$ & $0.00118543$ & $0.00964879$ & $0.013346$ & $0.0685009$ & $0.0649568$ & $-0.0326938$ & $0.00190303$ & $0.0712379$ & $-0.0152345$ & $-0.113422$ & $-0.131966$ & $-0.132231$ & $-0.100686$ & $-0.0643487$ & $-0.0592746$ & $-0.0182378$ & $0.0172443$ & $0.021726$ & $1$ & $-0.151165$ & $-0.00339131$ & $-0.563664$ & $0.33165$ & $0.0460143$ & $0.0203581$ & $0.00495389$ & $0.0287202$ & $0.0210751$ & $0.00291392$ & $0.197024$ & $-0.0213716$ & $0.0136266$ & $-0.0625516$ & $-0.0253612$ & $-0.0498085$ & $0.0249307$ & $0.0156235$ & $-0.0179322$ & $-0.0266468$ & $-0.0357752$ & $-0.000413311$ & $0.015442$ & $-0.0101748$ & $0.00302315$ & $0.00136626$ \\
CHQ1_33 & $-0.037559$ & $0.03399$ & $0.00338977$ & $0.06235$ & $0.0035667$ & $-0.078469$ & $-0.0262583$ & $-0.635835$ & $-0.630342$ & $0.357$ & $0.236093$ & $-0.0313749$ & $0.0178464$ & $0.439708$ & $0.00304742$ & $-0.00642658$ & $0.740569$ & $0.744119$ & $0.7504$ & $-0.205723$ & $-0.272269$ & $-0.277092$ & $-0.151165$ & $1$ & $0.75585$ & $0.199945$ & $-0.396358$ & $-0.0710987$ & $-0.0248453$ & $0.0330607$ & $-0.00819311$ & $-0.0306572$ & $0.0379173$ & $-0.607774$ & $-0.0343403$ & $-0.0177871$ & $-0.0127317$ & $-0.0016765$ & $-0.00212814$ & $-0.0240095$ & $0.0622271$ & $0.0155245$ & $0.00383822$ & $0.0497345$ & $-0.0118084$ & $-0.00586921$ & $-0.0510506$ & $-0.0602936$ & $0.00887848$ \\
CHQ3_11 & $-0.0801666$ & $0.0112597$ & $-0.00963955$ & $0.0630408$ & $0.000292582$ & $-0.199293$ & $-0.0525011$ & $-0.357122$ & $-0.356102$ & $0.20217$ & $-0.0688639$ & $-0.106232$ & $0.05425$ & $0.612782$ & $-0.0647089$ & $-0.0645166$ & $0.858696$ & $0.865085$ & $0.867048$ & $0.0731959$ & $0.060191$ & $0.0555402$ & $-0.00339131$ & $0.75585$ & $1$ & $-0.0167377$ & $0.121711$ & $0.0264041$ & $-0.0100349$ & $0.0473161$ & $0.0226154$ & $-0.0705004$ & $0.0492642$ & $-0.247949$ & $-0.0160071$ & $-0.0085632$ & $-0.0207906$ & $0.00813469$ & $-0.00751382$ & $0.0121863$ & $0.0322912$ & $0.00806518$ & $-0.0199273$ & $0.0276605$ & $-0.00981187$ & $-0.00101701$ & $-0.0668968$ & $-0.0555712$ & $-0.0255067$ \\
CHu_11 & $-0.0132684$ & $0.0932049$ & $0.00424425$ & $0.0205654$ & $0.000711736$ & $0.120234$ & $0.0856019$ & $-0.639662$ & $-0.63089$ & $0.36029$ & $0.707734$ & $0.13547$ & $-0.0958844$ & $-0.437321$ & $-0.391828$ & $-0.400254$ & $-0.16404$ & $0.00644157$ & $0.0219712$ & $-0.701963$ & $-0.708312$ & $-0.699741$ & $-0.563664$ & $0.199945$ & $-0.0167377$ & $1$ & $-0.215287$ & $-0.343486$ & $-0.0353838$ & $-0.0897662$ & $-0.0740524$ & $0.0948801$ & $-0.0822532$ & $-0.290493$ & $0.0670138$ & $-0.0119358$ & $0.0232447$ & $-0.0254543$ & $0.0285294$ & $0.00754343$ & $0.00919084$ & $-0.0204467$ & $0.0313968$ & $0.0170034$ & $0.0413556$ & $0.0244079$ & $0.0109007$ & $-0.0668971$ & $0.0375254$ \\
CHd_11 & $-0.0345136$ & $-0.00538978$ & $-0.0161209$ & $-0.0264727$ & $0.00623027$ & $-0.105758$ & $-0.00449854$ & $0.428025$ & $0.419605$ & $-0.241002$ & $-0.310091$ & $-0.0674291$ & $0.0150786$ & $-0.034379$ & $-0.247949$ & $-0.241071$ & $-0.117438$ & $-0.0593213$ & $-0.0581095$ & $0.259174$ & $0.366646$ & $0.369551$ & $0.33165$ & $-0.396358$ & $0.121711$ & $-0.215287$ & $1$ & $0.193748$ & $0.00630377$ & $0.00308341$ & $0.0169345$ & $-0.0127575$ & $-0.00526605$ & $0.67487$ & $0.0368058$ & $0.00918315$ & $0.00289733$ & $0.00439114$ & $-0.0106922$ & $0.0622159$ & $-0.0588768$ & $-0.038425$ & $-0.0193302$ & $-0.0571333$ & $0.0161351$ & $0.021195$ & $-0.026201$ & $0.00752221$ & $-0.0213337$ \\
CHd_33 & $-0.0013037$ & $-0.100497$ & $0.0209751$ & $-0.0241087$ & $0.00379301$ & $-0.107737$ & $-0.0705071$ & $0.428838$ & $0.425793$ & $-0.24648$ & $-0.470398$ & $-0.098702$ & $0.0927118$ & $0.287833$ & $0.258962$ & $0.201931$ & $0.111438$ & $-0.0129494$ & $0.0199799$ & $0.461754$ & $0.47418$ & $0.471192$ & $0.0460143$ & $-0.0710987$ & $0.0264041$ & $-0.343486$ & $0.193748$ & $1$ & $0.0244951$ & $0.0865559$ & $0.0454982$ & $-0.0736614$ & $0.0892536$ & $0.196098$ & $-0.0426966$ & $0.00618907$ & $-0.00619499$ & $-0.0233537$ & $-0.00331183$ & $0.00863205$ & $-0.0230159$ & $-0.00137239$ & $-0.0298701$ & $-0.00660113$ & $-0.0212862$ & $0.0228944$ & $-0.0544408$ & $0.0555672$ & $-0.00910422$ \\
CeH_22r & $-0.0120658$ & $-0.0469851$ & $-0.0415208$ & $-0.0264788$ & $0.0193089$ & $0.0291292$ & $-0.143438$ & $0.0305888$ & $0.035632$ & $-0.0566368$ & $-0.0275623$ & $0.0630813$ & $0.21539$ & $0.00793595$ & $0.00972819$ & $0.0188877$ & $-0.00817898$ & $-0.00814178$ & $-0.0190514$ & $0.0269573$ & $0.025566$ & $0.0177777$ & $0.0203581$ & $-0.0248453$ & $-0.0100349$ & $-0.0353838$ & $0.00630377$ & $0.0244951$ & $1$ & $0.158978$ & $0.0926373$ & $-0.140176$ & $0.184484$ & $0.0162477$ & $-0.015469$ & $0.0434653$ & $-0.0364297$ & $-0.0117112$ & $0.0298509$ & $-0.0107393$ & $-0.0215318$ & $0.026516$ & $-0.036341$ & $-0.00295858$ & $-0.00513324$ & $-0.013368$ & $-0.0116841$ & $0.00588384$ & $0.044988$ \\
CeH_33r & $-0.026023$ & $-0.0815737$ & $-0.0776905$ & $-0.00642198$ & $0.00888152$ & $-0.0329401$ & $-0.605476$ & $0.0636083$ & $0.0819303$ & $-0.274832$ & $-0.0991056$ & $0.195447$ & $0.74381$ & $0.100274$ & $0.0339182$ & $0.0871064$ & $0.0693904$ & $0.0625959$ & $0.0233718$ & $0.0971074$ & $0.0939682$ & $0.0864947$ & $0.00495389$ & $0.0330607$ & $0.0473161$ & $-0.0897662$ & $0.00308341$ & $0.0865559$ & $0.158978$ & $1$ & $0.539568$ & $-0.468301$ & $0.827757$ & $0.0297865$ & $0.0508387$ & $0.0605368$ & $-0.124516$ & $0.0034776$ & $-0.0105546$ & $-0.0162849$ & $-0.0189386$ & $0.0190378$ & $0.0315592$ & $-0.0364682$ & $0.0941286$ & $-0.0380686$ & $0.0306448$ & $0.0440675$ & $-0.00496379$ \\
CuH_22r & $-0.0405506$ & $-0.0141736$ & $-0.0999998$ & $0.00119758$ & $0.0275475$ & $-0.000447359$ & $-0.387584$ & $0.0578743$ & $0.0694941$ & $-0.20525$ & $-0.0733461$ & $0.12162$ & $0.467562$ & $0.0580086$ & $0.0301251$ & $0.0598271$ & $0.0290244$ & $0.0234667$ & $0.0017844$ & $0.0757219$ & $0.0710283$ & $0.0720509$ & $0.0287202$ & $-0.00819311$ & $0.0226154$ & $-0.0740524$ & $0.0169345$ & $0.0454982$ & $0.0926373$ & $0.539568$ & $1$ & $-0.283993$ & $0.535263$ & $0.0301015$ & $0.0402353$ & $0.0633441$ & $-0.0654235$ & $-0.00142404$ & $0.0136371$ & $-0.00540111$ & $-0.0378148$ & $0.0328837$ & $0.0271073$ & $-0.0220999$ & $0.0463681$ & $0.0362168$ & $0.312387$ & $0.064105$ & $-0.0657255$ \\
CuH_33r & $0.016846$ & $0.0519176$ & $0.0631929$ & $0.0317445$ & $-0.0125018$ & $0.0194077$ & $0.955588$ & $-0.0767711$ & $-0.0581745$ & $0.23131$ & $0.12366$ & $-0.10104$ & $-0.683192$ & $-0.132698$ & $-0.0464247$ & $-0.0833912$ & $-0.0927779$ & $-0.0809974$ & $-0.0541264$ & $-0.121806$ & $-0.120501$ & $-0.117349$ & $0.0210751$ & $-0.0306572$ & $-0.0705004$ & $0.0948801$ & $-0.0127575$ & $-0.0736614$ & $-0.140176$ & $-0.468301$ & $-0.283993$ & $1$ & $-0.442638$ & $-0.0337798$ & $-0.0633397$ & $-0.0487335$ & $0.011948$ & $-0.0266537$ & $-0.0114472$ & $-0.00794015$ & $-0.0161355$ & $-0.0111001$ & $-0.0261291$ & $-0.0439063$ & $-0.0424756$ & $0.0224412$ & $0.0226199$ & $-0.0363923$ & $0.0143232$ \\
CdH_33r & $-0.0127071$ & $-0.0687774$ & $-0.0963245$ & $-0.0420405$ & $0.0160633$ & $-0.000436919$ & $-0.59434$ & $0.0541446$ & $0.0732793$ & $-0.273422$ & $-0.0922673$ & $0.230952$ & $0.732042$ & $0.104167$ & $0.026323$ & $0.0825463$ & $0.0705512$ & $0.0697206$ & $0.0285059$ & $0.0902622$ & $0.0866778$ & $0.0806082$ & $0.00291392$ & $0.0379173$ & $0.0492642$ & $-0.0822532$ & $-0.00526605$ & $0.0892536$ & $0.184484$ & $0.827757$ & $0.535263$ & $-0.442638$ & $1$ & $0.0246171$ & $0.0347279$ & $0.0566926$ & $-0.102482$ & $0.00192848$ & $0.00852595$ & $-0.023954$ & $-0.0248168$ & $-0.00758942$ & $0.0233121$ & $-0.0314605$ & $0.0237737$ & $-0.0108932$ & $-0.00932777$ & $0.167573$ & $0.323757$ \\
CLL_1221 & $-0.00880478$ & $-0.0173078$ & $-0.0324312$ & $-0.0147758$ & $-0.0119847$ & $-0.141382$ & $-0.0321166$ & $0.547547$ & $0.542035$ & $-0.320268$ & $-0.354851$ & $-0.0887993$ & $0.0453966$ & $-0.157567$ & $-0.431257$ & $0.0201356$ & $-0.223983$ & $-0.0688105$ & $-0.374466$ & $0.30107$ & $0.415801$ & $0.421531$ & $0.197024$ & $-0.607774$ & $-0.247949$ & $-0.290493$ & $0.67487$ & $0.196098$ & $0.0162477$ & $0.0297865$ & $0.0301015$ & $-0.0337798$ & $0.0246171$ & $1$ & $0.0380602$ & $0.00285211$ & $-0.0241069$ & $0.0171536$ & $-0.0185549$ & $0.0293196$ & $-0.0685838$ & $-0.0295068$ & $0.01986$ & $-0.0488614$ & $0.00805009$ & $0.0150565$ & $-0.00584886$ & $0.0594036$ & $-0.0192461$ \\
eHggint & $0.0217813$ & $-0.0166292$ & $0.0450425$ & $-0.0361213$ & $-0.0335353$ & $0.0211071$ & $-0.124184$ & $-0.0243985$ & $-0.0364522$ & $0.0461025$ & $0.046041$ & $0.131914$ & $0.140564$ & $-0.0515489$ & $-0.0707735$ & $-0.0724373$ & $-0.0375006$ & $-0.00528808$ & $-0.00599073$ & $-0.0485891$ & $-0.0416312$ & $-0.0391827$ & $-0.0213716$ & $-0.0343403$ & $-0.0160071$ & $0.0670138$ & $0.0368058$ & $-0.0426966$ & $-0.015469$ & $0.0508387$ & $0.0402353$ & $-0.0633397$ & $0.0347279$ & $0.0380602$ & $1$ & $-0.0518181$ & $0.0821328$ & $0.0103726$ & $-0.0052728$ & $0.00205498$ & $0.0379495$ & $0.0406481$ & $0.0690228$ & $0.0370041$ & $0.0773544$ & $0.0748269$ & $0.0928797$ & $-0.0177861$ & $0.00287844$ \\
eHggpar & $0.0158313$ & $-0.0636957$ & $-0.00959057$ & $-0.0290992$ & $-0.0337714$ & $-0.0349096$ & $-0.0714233$ & $0.00104775$ & $-0.00297824$ & $-0.0296186$ & $0.00742363$ & $0.0390777$ & $0.0812035$ & $-0.0304977$ & $0.00344576$ & $-0.0294978$ & $-0.00101107$ & $-0.0211637$ & $-0.00226026$ & $-0.0109904$ & $-0.00676739$ & $-0.0106848$ & $0.0136266$ & $-0.0177871$ & $-0.0085632$ & $-0.0119358$ & $0.00918315$ & $0.00618907$ & $0.0434653$ & $0.0605368$ & $0.0633441$ & $-0.0487335$ & $0.0566926$ & $0.00285211$ & $-0.0518181$ & $1$ & $-0.0537204$ & $0.024861$ & $0.011816$ & $-0.00294764$ & $-0.0803372$ & $0.0245662$ & $0.0422598$ & $0.0542398$ & $0.0557613$ & $-0.031762$ & $0.0692433$ & $0.021445$ & $0.0051323$ \\
eHWWint & $0.0653305$ & $0.172107$ & $0.0533255$ & $-0.128773$ & $-0.00265827$ & $0.0380072$ & $0.0221746$ & $0.0331331$ & $0.0237886$ & $-0.0117908$ & $-0.0323419$ & $0.0536711$ & $0.0155111$ & $0.0180865$ & $0.0670977$ & $0.0323357$ & $-0.0132702$ & $-0.0410887$ & $-0.0180832$ & $0.0379292$ & $0.0324629$ & $0.0300744$ & $-0.0625516$ & $-0.0127317$ & $-0.0207906$ & $0.0232447$ & $0.00289733$ & $-0.00619499$ & $-0.0364297$ & $-0.124516$ & $-0.0654235$ & $0.011948$ & $-0.102482$ & $-0.0241069$ & $0.0821328$ & $-0.0537204$ & $1$ & $0.0367073$ & $0.0787569$ & $0.00216888$ & $-0.119514$ & $0.0196332$ & $0.0124149$ & $0.0793564$ & $-0.10429$ & $-0.0157082$ & $-0.031393$ & $0.022499$ & $0.0481248$ \\
eHWWpar & $-0.0316518$ & $0.00248796$ & $-0.00641666$ & $0.00982772$ & $0.0158747$ & $-0.00520074$ & $-0.0179974$ & $0.0298007$ & $0.0319868$ & $-0.0194901$ & $-0.0369261$ & $-0.0232197$ & $0.0389733$ & $0.0245388$ & $0.0204077$ & $0.033057$ & $0.0193841$ & $0.00821261$ & $0.00203819$ & $0.0371746$ & $0.0361294$ & $0.0401086$ & $-0.0253612$ & $-0.0016765$ & $0.00813469$ & $-0.0254543$ & $0.00439114$ & $-0.0233537$ & $-0.0117112$ & $0.0034776$ & $-0.00142404$ & $-0.0266537$ & $0.00192848$ & $0.0171536$ & $0.0103726$ & $0.024861$ & $0.0367073$ & $1$ & $0.0209957$ & $-0.00679316$ & $-0.0468666$ & $0.0173935$ & $0.0526617$ & $-0.0017012$ & $-0.0363222$ & $-0.0303872$ & $0.0121284$ & $0.0206056$ & $-0.0032482$ \\
eHZZint & $0.00832744$ & $-0.00587537$ & $-0.0250102$ & $-0.0383797$ & $0.00421465$ & $-0.0195686$ & $-0.0164527$ & $0.00267755$ & $0.00316199$ & $-0.00358567$ & $-0.00168669$ & $0.00210724$ & $0.025949$ & $-0.0184946$ & $0.0307665$ & $0.00350188$ & $0.00713439$ & $-0.0223618$ & $-0.00607399$ & $0.00308686$ & $-0.000175786$ & $0.00267922$ & $-0.0498085$ & $-0.00212814$ & $-0.00751382$ & $0.0285294$ & $-0.0106922$ & $-0.00331183$ & $0.0298509$ & $-0.0105546$ & $0.0136371$ & $-0.0114472$ & $0.00852595$ & $-0.0185549$ & $-0.0052728$ & $0.011816$ & $0.0787569$ & $0.0209957$ & $1$ & $-0.0142297$ & $-0.0232319$ & $-0.00997901$ & $0.0427885$ & $0.0933122$ & $0.0142$ & $0.00750043$ & $0.13992$ & $0.0787725$ & $0.0732409$ \\
eHZZpar & $-0.0111457$ & $-0.014381$ & $0.027006$ & $-0.00277703$ & $-0.0122533$ & $-0.0143748$ & $-0.00196908$ & $0.0174888$ & $0.0200911$ & $-0.0167874$ & $-0.00991023$ & $0.0165005$ & $-0.00295209$ & $-0.00220158$ & $-0.0174225$ & $-0.0163293$ & $-0.0123282$ & $-0.00357956$ & $-0.00552765$ & $0.00754096$ & $0.0119158$ & $0.0114259$ & $0.0249307$ & $-0.0240095$ & $0.0121863$ & $0.00754343$ & $0.0622159$ & $0.00863205$ & $-0.0107393$ & $-0.0162849$ & $-0.00540111$ & $-0.00794015$ & $-0.023954$ & $0.0293196$ & $0.00205498$ & $-0.00294764$ & $0.00216888$ & $-0.00679316$ & $-0.0142297$ & $1$ & $0.00715836$ & $-0.00432164$ & $0.0203622$ & $0.00660569$ & $0.0314151$ & $0.0207581$ & $-0.0347106$ & $-0.0198482$ & $-0.0407461$ \\
eHZgaint & $0.0329079$ & $-0.113238$ & $-0.00791806$ & $0.0395971$ & $-0.0324269$ & $0.020269$ & $-0.00546591$ & $-0.0536949$ & $-0.0568981$ & $0.0161409$ & $0.0314759$ & $0.0441016$ & $-0.0458203$ & $0.0207283$ & $0.00976437$ & $0.0124703$ & $0.0344105$ & $0.0377245$ & $0.0342777$ & $-0.02989$ & $-0.0401297$ & $-0.0337202$ & $0.0156235$ & $0.0622271$ & $0.0322912$ & $0.00919084$ & $-0.0588768$ & $-0.0230159$ & $-0.0215318$ & $-0.0189386$ & $-0.0378148$ & $-0.0161355$ & $-0.0248168$ & $-0.0685838$ & $0.0379495$ & $-0.0803372$ & $-0.119514$ & $-0.0468666$ & $-0.0232319$ & $0.00715836$ & $1$ & $-0.0235249$ & $-0.0733698$ & $0.0460964$ & $0.122525$ & $-0.00551506$ & $-0.078674$ & $0.0269478$ & $-0.0450736$ \\
eHZgapar & $-0.0216789$ & $0.0648274$ & $-0.0216675$ & $-0.0315754$ & $-0.000146436$ & $-0.00473526$ & $-0.0133406$ & $-0.000371706$ & $0.00376977$ & $0.000178798$ & $-0.0113718$ & $0.0239068$ & $0.0120525$ & $0.015886$ & $0.0337868$ & $0.0431479$ & $0.0148241$ & $0.00351876$ & $0.0056684$ & $0.0181918$ & $0.00950068$ & $0.0118668$ & $-0.0179322$ & $0.0155245$ & $0.00806518$ & $-0.0204467$ & $-0.038425$ & $-0.00137239$ & $0.026516$ & $0.0190378$ & $0.0328837$ & $-0.0111001$ & $-0.00758942$ & $-0.0295068$ & $0.0406481$ & $0.0245662$ & $0.0196332$ & $0.0173935$ & $-0.00997901$ & $-0.00432164$ & $-0.0235249$ & $1$ & $0.0173532$ & $0.00572651$ & $0.0259589$ & $-0.0204553$ & $0.00959212$ & $0.00777614$ & $-0.0556027$ \\
eHgagaint & $0.014777$ & $0.109754$ & $-0.0603405$ & $0.0336235$ & $-0.00709697$ & $-0.0255714$ & $-0.0308628$ & $-0.00908226$ & $0.0369822$ & $0.00167415$ & $0.00931022$ & $0.0295166$ & $0.0412331$ & $-0.0110578$ & $-0.0200952$ & $0.0186969$ & $0.000644942$ & $0.00756969$ & $-0.0155604$ & $-0.0100689$ & $-0.00783192$ & $-0.0065399$ & $-0.0266468$ & $0.00383822$ & $-0.0199273$ & $0.0313968$ & $-0.0193302$ & $-0.0298701$ & $-0.036341$ & $0.0315592$ & $0.0271073$ & $-0.0261291$ & $0.0233121$ & $0.01986$ & $0.0690228$ & $0.0422598$ & $0.0124149$ & $0.0526617$ & $0.0427885$ & $0.0203622$ & $-0.0733698$ & $0.0173532$ & $1$ & $-0.0748621$ & $0.0670889$ & $-0.0148306$ & $0.0900086$ & $-0.0382245$ & $0.00614441$ \\
eHmumuint & $0.0119137$ & $-0.0382245$ & $0.136734$ & $0.0417586$ & $-0.0245205$ & $-0.0255736$ & $-0.0380847$ & $-0.0267404$ & $-0.0340242$ & $0.0408213$ & $3.38382e-05$ & $-0.0116143$ & $-0.0104531$ & $0.0315982$ & $0.022967$ & $-0.00206527$ & $0.0507232$ & $0.0381265$ & $0.0543965$ & $0.00469928$ & $-0.0028122$ & $-0.000308466$ & $-0.0357752$ & $0.0497345$ & $0.0276605$ & $0.0170034$ & $-0.0571333$ & $-0.00660113$ & $-0.00295858$ & $-0.0364682$ & $-0.0220999$ & $-0.0439063$ & $-0.0314605$ & $-0.0488614$ & $0.0370041$ & $0.0542398$ & $0.0793564$ & $-0.0017012$ & $0.0933122$ & $0.00660569$ & $0.0460964$ & $0.00572651$ & $-0.0748621$ & $1$ & $0.00286674$ & $-0.00960048$ & $-0.00452434$ & $-0.119453$ & $0.0586674$ \\
eHtautauint & $0.113348$ & $-0.0404172$ & $-0.11256$ & $0.0140979$ & $0.0347701$ & $-0.0257693$ & $-0.0533415$ & $-0.0334643$ & $-0.032045$ & $-0.0147955$ & $0.0445455$ & $-0.0246411$ & $0.0587541$ & $-0.0238359$ & $-0.0559907$ & $-0.0448023$ & $-0.028861$ & $0.00427142$ & $-0.00929639$ & $-0.0509254$ & $-0.042663$ & $-0.0514143$ & $-0.000413311$ & $-0.0118084$ & $-0.00981187$ & $0.0413556$ & $0.0161351$ & $-0.0212862$ & $-0.00513324$ & $0.0941286$ & $0.0463681$ & $-0.0424756$ & $0.0237737$ & $0.00805009$ & $0.0773544$ & $0.0557613$ & $-0.10429$ & $-0.0363222$ & $0.0142$ & $0.0314151$ & $0.122525$ & $0.0259589$ & $0.0670889$ & $0.00286674$ & $1$ & $0.105024$ & $0.0395134$ & $0.0163531$ & $-0.0836012$ \\
eHccint & $0.0380659$ & $0.0490824$ & $0.0124293$ & $0.00171914$ & $0.015677$ & $0.0162812$ & $0.0219782$ & $-0.0259311$ & $-0.0270284$ & $0.028135$ & $0.0358468$ & $0.0571996$ & $-0.0533555$ & $-0.030941$ & $-0.0423036$ & $-0.0300099$ & $-0.0188437$ & $0.000951787$ & $-0.00352706$ & $-0.0365018$ & $-0.0314775$ & $-0.0291717$ & $0.015442$ & $-0.00586921$ & $-0.00101701$ & $0.0244079$ & $0.021195$ & $0.0228944$ & $-0.013368$ & $-0.0380686$ & $0.0362168$ & $0.0224412$ & $-0.0108932$ & $0.0150565$ & $0.0748269$ & $-0.031762$ & $-0.0157082$ & $-0.0303872$ & $0.00750043$ & $0.0207581$ & $-0.00551506$ & $-0.0204553$ & $-0.0148306$ & $-0.00960048$ & $0.105024$ & $1$ & $0.00151649$ & $0.00357533$ & $0.105327$ \\
eHccpar & $0.0203777$ & $0.0760435$ & $-0.06874$ & $0.0331458$ & $0.0821698$ & $0.034304$ & $0.00116977$ & $0.0135386$ & $0.0144792$ & $-0.0348685$ & $0.0114255$ & $0.0564955$ & $0.0213471$ & $-0.0361398$ & $0.0167696$ & $0.0203414$ & $-0.0646343$ & $-0.0588558$ & $-0.0661042$ & $-0.00610258$ & $-0.0138937$ & $-0.0115608$ & $-0.0101748$ & $-0.0510506$ & $-0.0668968$ & $0.0109007$ & $-0.026201$ & $-0.0544408$ & $-0.0116841$ & $0.0306448$ & $0.312387$ & $0.0226199$ & $-0.00932777$ & $-0.00584886$ & $0.0928797$ & $0.0692433$ & $-0.031393$ & $0.0121284$ & $0.13992$ & $-0.0347106$ & $-0.078674$ & $0.00959212$ & $0.0900086$ & $-0.00452434$ & $0.0395134$ & $0.00151649$ & $1$ & $0.0246157$ & $-0.100182$ \\
eHbbint & $0.077198$ & $0.0389924$ & $-0.0424537$ & $-0.00312027$ & $0.00110425$ & $-0.00930191$ & $-0.043155$ & $0.0892839$ & $0.0936234$ & $-0.0768388$ & $-0.0793487$ & $0.0277637$ & $0.0757049$ & $0.0196316$ & $0.0352194$ & $0.0693933$ & $-0.0183787$ & $-0.0314632$ & $-0.058272$ & $0.078555$ & $0.0783234$ & $0.0748224$ & $0.00302315$ & $-0.0602936$ & $-0.0555712$ & $-0.0668971$ & $0.00752221$ & $0.0555672$ & $0.00588384$ & $0.0440675$ & $0.064105$ & $-0.0363923$ & $0.167573$ & $0.0594036$ & $-0.0177861$ & $0.021445$ & $0.022499$ & $0.0206056$ & $0.0787725$ & $-0.0198482$ & $0.0269478$ & $0.00777614$ & $-0.0382245$ & $-0.119453$ & $0.0163531$ & $0.00357533$ & $0.0246157$ & $1$ & $0.024091$ \\
eHbbpar & $0.0473501$ & $0.0101422$ & $-0.0395961$ & $-0.11887$ & $-0.00888121$ & $0.0818781$ & $0.0106028$ & $-0.049967$ & $-0.0496554$ & $0.0554608$ & $0.0645402$ & $0.0732428$ & $-0.00861886$ & $-0.0373916$ & $-0.0467169$ & $-0.0383076$ & $-0.0421638$ & $-0.0116929$ & $-0.0180974$ & $-0.0669493$ & $-0.0648553$ & $-0.0656363$ & $0.00136626$ & $0.00887848$ & $-0.0255067$ & $0.0375254$ & $-0.0213337$ & $-0.00910422$ & $0.044988$ & $-0.00496379$ & $-0.0657255$ & $0.0143232$ & $0.323757$ & $-0.0192461$ & $0.00287844$ & $0.0051323$ & $0.0481248$ & $-0.0032482$ & $0.0732409$ & $-0.0407461$ & $-0.0450736$ & $-0.0556027$ & $0.00614441$ & $0.0586674$ & $-0.0836012$ & $0.105327$ & $-0.100182$ & $0.024091$ & $1$ \\
