 & AlsMz & dAle5Mz & mtop & mHl & Mz & CW & CHG & CHWB & CHWHB_gaga & CHWHB_gagaorth & CHD & CHbox & CH & CHL1_11 & CHL1_22 & CHL1_33 & CHL3_11 & CHL3_22 & CHL3_33 & CHe_11 & CHe_22 & CHe_33 & CHQ1_11 & CHQ1_33 & CHQ3_11 & CHu_11 & CHd_11 & CHd_33 & CeH_22r & CeH_33r & CuH_22r & CuH_33r & CdH_33r & CLL_1221 & eHggint & eHggpar & eHWWint & eHWWpar & eHZZint & eHZZpar & eHZgaint & eHZgapar & eHgagaint & eHmumuint & eHtautauint & eHccint & eHccpar & eHbbint & eHbbpar \\
AlsMz & $1$ & $-0.0727555$ & $-0.120023$ & $0.038112$ & $-0.0108486$ & $0.000987694$ & $0.02675$ & $0.0057793$ & $0.00560291$ & $0.00747927$ & $-0.0211887$ & $0.0135442$ & $-0.00782364$ & $0.0147265$ & $0.0122215$ & $0.00737677$ & $0.0137558$ & $0.00551165$ & $0.00889012$ & $0.010914$ & $0.00879844$ & $0.00841453$ & $-0.0105821$ & $-0.0460341$ & $-0.10429$ & $-0.0411118$ & $-0.0372187$ & $0.0245249$ & $0.0143028$ & $0.0164709$ & $0.00544583$ & $0.0237206$ & $0.0283564$ & $-0.010543$ & $-0.0515924$ & $0.0240461$ & $-0.0707484$ & $-0.0025191$ & $-0.0401456$ & $-0.00167603$ & $-0.00105437$ & $-0.00323891$ & $-0.00861555$ & $-0.0730618$ & $-0.0396861$ & $-0.0439411$ & $0.0642503$ & $-0.0333773$ & $0.0415704$ \\
dAle5Mz & $-0.0727555$ & $1$ & $0.0429307$ & $-0.112404$ & $-0.00660106$ & $0.00389773$ & $0.0243243$ & $-0.0700138$ & $-0.0579714$ & $0.0210521$ & $0.0593559$ & $0.0250864$ & $-0.0129292$ & $-0.0223581$ & $-0.0316001$ & $-0.0461658$ & $0.00683958$ & $0.0150703$ & $0.0245276$ & $-0.0378335$ & $-0.0318017$ & $-0.0322397$ & $0.0184243$ & $0.0170294$ & $0.0259832$ & $0.0120948$ & $0.0174445$ & $-0.00863667$ & $0.00350879$ & $-0.0294354$ & $-0.0403593$ & $0.0188093$ & $0.00355378$ & $0.0283852$ & $-0.00212435$ & $-0.0703698$ & $0.132783$ & $-0.0273726$ & $0.0276035$ & $-0.00351623$ & $0.0212273$ & $0.00987622$ & $0.150683$ & $0.115862$ & $0.000896933$ & $-0.0385987$ & $-0.0757931$ & $0.00830862$ & $0.0680583$ \\
mtop & $-0.120023$ & $0.0429307$ & $1$ & $-0.0241187$ & $-0.00189648$ & $-0.00525456$ & $-0.00176684$ & $0.0124745$ & $0.0164824$ & $0.000369823$ & $-0.00581213$ & $-0.0106845$ & $0.0166734$ & $0.00794684$ & $0.00100797$ & $-0.00378453$ & $-0.00270268$ & $-0.000376257$ & $0.00302655$ & $0.0143862$ & $0.0151479$ & $0.0140421$ & $-0.00171116$ & $-0.00297974$ & $0.0121142$ & $-0.0015031$ & $0.0108441$ & $0.00310526$ & $-0.00275218$ & $-0.00824649$ & $-0.000198639$ & $-0.00372166$ & $-0.0540481$ & $0.0109437$ & $-0.0202598$ & $0.074839$ & $0.0706662$ & $0.000952745$ & $-0.0180154$ & $0.00218825$ & $-0.182492$ & $0.00516309$ & $0.0700036$ & $0.103337$ & $0.0769774$ & $0.056974$ & $0.00965338$ & $-0.179841$ & $-0.0503476$ \\
mHl & $0.038112$ & $-0.112404$ & $-0.0241187$ & $1$ & $0.0238906$ & $-0.00828501$ & $-0.0131278$ & $0.00997916$ & $0.00784201$ & $-0.000108778$ & $-0.0139556$ & $-0.00425635$ & $-0.00286005$ & $0.00959253$ & $0.0133345$ & $0.0291699$ & $0.0103189$ & $0.00264283$ & $-0.0107105$ & $0.0126867$ & $0.00815526$ & $0.00816247$ & $0.00433031$ & $0.00532527$ & $0.000373424$ & $-0.00926049$ & $-0.00649764$ & $0.00414805$ & $-0.0100041$ & $-0.00258046$ & $0.0246607$ & $-0.00965787$ & $0.00991775$ & $-0.0061226$ & $-0.0483025$ & $0.12403$ & $0.0201956$ & $-0.0114026$ & $0.120502$ & $-0.00153815$ & $-0.143309$ & $-0.0150694$ & $-0.0152097$ & $-0.129011$ & $0.0440012$ & $0.174363$ & $0.0149286$ & $0.04106$ & $0.0323304$ \\
Mz & $-0.0108486$ & $-0.00660106$ & $-0.00189648$ & $0.0238906$ & $1$ & $0.00597226$ & $0.00998988$ & $0.000615761$ & $0.00236697$ & $0.00218041$ & $0.0142867$ & $0.000172143$ & $0.00588573$ & $-0.0052854$ & $-0.000123196$ & $0.0013662$ & $-0.00401573$ & $-0.00663057$ & $-0.00550887$ & $-0.00322499$ & $-0.00102627$ & $0.00121313$ & $-0.00394654$ & $-0.00739934$ & $-0.00472425$ & $0.0054379$ & $0.00237644$ & $-0.00614473$ & $0.00287002$ & $0.0164836$ & $-0.00201763$ & $0.00955051$ & $0.00740027$ & $-0.000491771$ & $0.0058095$ & $-0.0153916$ & $0.00729749$ & $0.0115932$ & $-0.0217913$ & $0.00173555$ & $0.00238117$ & $-0.00152465$ & $0.0153315$ & $0.00364334$ & $0.0214721$ & $-0.00128026$ & $0.0146271$ & $0.0162538$ & $0.00192557$ \\
CW & $0.000987694$ & $0.00389773$ & $-0.00525456$ & $-0.00828501$ & $0.00597226$ & $1$ & $0.0114891$ & $-0.135794$ & $-0.132968$ & $0.024216$ & $0.191245$ & $0.0567576$ & $-0.00703835$ & $0.0207819$ & $-0.0745256$ & $-0.0815033$ & $-0.248147$ & $-0.0444496$ & $-0.0391009$ & $-0.188299$ & $-0.194999$ & $-0.19194$ & $-0.00791501$ & $0.0110441$ & $-0.0859595$ & $0.110878$ & $-0.0933592$ & $-0.0629306$ & $-9.79342e-05$ & $-0.00314896$ & $-0.00731872$ & $0.0122685$ & $-0.00196855$ & $-0.132031$ & $0.00956215$ & $0.00135028$ & $0.0119701$ & $0.00271192$ & $-0.000554845$ & $0.00173196$ & $0.0109839$ & $0.00997058$ & $-0.00761008$ & $0.0153311$ & $-0.0182923$ & $-0.0150549$ & $-0.00640801$ & $-0.00850335$ & $0.0106033$ \\
CHG & $0.02675$ & $0.0243243$ & $-0.00176684$ & $-0.0131278$ & $0.00998988$ & $0.0114891$ & $1$ & $-0.105964$ & $-0.0563981$ & $0.0761195$ & $0.059287$ & $0.164515$ & $-0.315959$ & $0.0611549$ & $-0.0290671$ & $-0.0320317$ & $0.0925437$ & $0.106236$ & $0.108369$ & $-0.0585976$ & $-0.0614568$ & $-0.060038$ & $-0.000445755$ & $0.104899$ & $0.0988084$ & $0.0301348$ & $-0.0396631$ & $-0.0154518$ & $0.00979888$ & $-0.133014$ & $-0.0743599$ & $0.929222$ & $-0.160881$ & $-0.0599025$ & $-0.020478$ & $-0.0218595$ & $0.0132749$ & $-0.00637725$ & $0.000932711$ & $-0.00954259$ & $-0.0139473$ & $-0.00896058$ & $0.017827$ & $-6.58924e-05$ & $0.00178984$ & $0.000669336$ & $-0.00656978$ & $0.0102528$ & $-0.00423735$ \\
CHWB & $0.0057793$ & $-0.0700138$ & $0.0124745$ & $0.00997916$ & $0.000615761$ & $-0.135794$ & $-0.105964$ & $1$ & $0.984299$ & $-0.574249$ & $-0.878473$ & $-0.415146$ & $0.346058$ & $0.0852977$ & $0.291324$ & $0.292728$ & $-0.244866$ & $-0.436038$ & $-0.439151$ & $0.850039$ & $0.895761$ & $0.879035$ & $0.0727494$ & $-0.679725$ & $-0.404488$ & $-0.510684$ & $0.436053$ & $0.304868$ & $0.019901$ & $0.116892$ & $0.0624275$ & $-0.099542$ & $0.116157$ & $0.568705$ & $-0.00304795$ & $0.00497136$ & $-0.00643422$ & $0.00917338$ & $-0.00665843$ & $0.00430107$ & $-0.0024847$ & $0.00474527$ & $-0.0153739$ & $-0.0139318$ & $0.0112637$ & $0.0132461$ & $0.00811935$ & $-0.00729467$ & $-0.00499398$ \\
CHWHB_gaga & $0.00560291$ & $-0.0579714$ & $0.0164824$ & $0.00784201$ & $0.00236697$ & $-0.132968$ & $-0.0563981$ & $0.984299$ & $1$ & $-0.565292$ & $-0.861961$ & $-0.392541$ & $0.340534$ & $0.0789697$ & $0.287371$ & $0.287328$ & $-0.247634$ & $-0.434866$ & $-0.436856$ & $0.8345$ & $0.879259$ & $0.86301$ & $0.0700895$ & $-0.67237$ & $-0.403687$ & $-0.499409$ & $0.42837$ & $0.300293$ & $0.0267509$ & $0.138555$ & $0.0700331$ & $-0.0599941$ & $0.139902$ & $0.559229$ & $-0.0266829$ & $-0.00703087$ & $-0.00754361$ & $0.00594839$ & $-0.0123319$ & $0.00272434$ & $0.00609579$ & $0.00544113$ & $0.0499998$ & $0.00411298$ & $0.0207599$ & $0.0102174$ & $-0.000913402$ & $-0.0063842$ & $-0.00159843$ \\
CHWHB_gagaorth & $0.00747927$ & $0.0210521$ & $0.000369823$ & $-0.000108778$ & $0.00218041$ & $0.024216$ & $0.0761195$ & $-0.574249$ & $-0.565292$ & $1$ & $0.356721$ & $0.663296$ & $-0.250748$ & $0.239897$ & $-0.124257$ & $-0.130025$ & $0.438902$ & $0.494243$ & $0.498004$ & $-0.343501$ & $-0.373133$ & $-0.36986$ & $-0.0586588$ & $0.561896$ & $0.480088$ & $0.216701$ & $-0.246135$ & $-0.131291$ & $-0.0135111$ & $-0.133418$ & $-0.064796$ & $0.0920435$ & $-0.138492$ & $-0.354383$ & $0.0328026$ & $0.0168474$ & $0.00466429$ & $-0.0047949$ & $0.0159839$ & $-0.00132743$ & $-0.0364745$ & $-0.00646528$ & $-0.00400327$ & $-0.00369097$ & $-0.00685203$ & $0.00869581$ & $0.0194394$ & $-0.00820531$ & $0.0091756$ \\
CHD & $-0.0211887$ & $0.0593559$ & $-0.00581213$ & $-0.0139556$ & $0.0142867$ & $0.191245$ & $0.059287$ & $-0.878473$ & $-0.861961$ & $0.356721$ & $1$ & $0.345754$ & $-0.173157$ & $-0.504775$ & $-0.413928$ & $-0.411001$ & $-0.21333$ & $0.0670442$ & $0.0687392$ & $-0.99042$ & $-0.991035$ & $-0.97029$ & $-0.0152037$ & $0.314994$ & $0.0223801$ & $0.567189$ & $-0.303913$ & $-0.332284$ & $-0.00712754$ & $-0.0722915$ & $-0.0411433$ & $0.0647541$ & $-0.0644536$ & $-0.373646$ & $0.00944056$ & $0.00199027$ & $0.00308548$ & $-0.00365547$ & $0.0058895$ & $-0.000873362$ & $0.0189548$ & $-0.00206906$ & $0.0171971$ & $0.0180562$ & $-0.014561$ & $-0.0197015$ & $-0.0134497$ & $0.00954734$ & $0.00308061$ \\
CHbox & $0.0135442$ & $0.0250864$ & $-0.0106845$ & $-0.00425635$ & $0.000172143$ & $0.0567576$ & $0.164515$ & $-0.415146$ & $-0.392541$ & $0.663296$ & $0.345754$ & $1$ & $-0.531049$ & $-0.00552755$ & $-0.0811857$ & $-0.0828351$ & $0.129048$ & $0.191013$ & $0.191528$ & $-0.326001$ & $-0.359116$ & $-0.352767$ & $-0.046268$ & $0.311471$ & $0.1776$ & $0.205991$ & $-0.216407$ & $-0.117111$ & $-0.00355119$ & $0.0219843$ & $-0.0266923$ & $0.210574$ & $0.0211907$ & $-0.270646$ & $0.0537892$ & $0.0229203$ & $-0.00968588$ & $-0.00117253$ & $0.00791789$ & $0.00162281$ & $-0.00527921$ & $-0.00719287$ & $-0.0124253$ & $0.000768554$ & $-0.0204789$ & $0.00538442$ & $0.0138688$ & $-0.0110404$ & $0.0055184$ \\
CH & $-0.00782364$ & $-0.0129292$ & $0.0166734$ & $-0.00286005$ & $0.00588573$ & $-0.00703835$ & $-0.315959$ & $0.346058$ & $0.340534$ & $-0.250748$ & $-0.173157$ & $-0.531049$ & $1$ & $-0.232962$ & $0.0732115$ & $0.0748591$ & $-0.347663$ & $-0.373072$ & $-0.373724$ & $0.169127$ & $0.184225$ & $0.181715$ & $0.0360256$ & $-0.386036$ & $-0.362374$ & $-0.104134$ & $0.140879$ & $0.0569117$ & $0.0514803$ & $0.273784$ & $0.118057$ & $-0.262638$ & $0.328314$ & $0.213499$ & $0.0302817$ & $0.0146366$ & $-0.00144342$ & $0.00446155$ & $0.00345568$ & $0.00269624$ & $-0.00784074$ & $0.00789179$ & $-0.0042996$ & $-0.00995876$ & $0.0073349$ & $-0.00554542$ & $0.00648703$ & $0.000438949$ & $0.00451061$ \\
CHL1_11 & $0.0147265$ & $-0.0223581$ & $0.00794684$ & $0.00959253$ & $-0.0052854$ & $0.0207819$ & $0.0611549$ & $0.0852977$ & $0.0789697$ & $0.239897$ & $-0.504775$ & $-0.00552755$ & $-0.232962$ & $1$ & $0.270225$ & $0.26149$ & $0.669936$ & $0.60277$ & $0.605404$ & $0.523402$ & $0.464366$ & $0.45011$ & $-0.0800366$ & $0.474782$ & $0.603387$ & $-0.269951$ & $-0.104486$ & $0.147214$ & $-0.021553$ & $-0.0534003$ & $-0.0219789$ & $0.0377411$ & $-0.0683435$ & $-0.218097$ & $-0.0131939$ & $-0.0119818$ & $0.00500385$ & $-0.00627099$ & $0.000963932$ & $-0.00594165$ & $-0.03268$ & $-0.00138217$ & $-0.0110861$ & $-0.00870061$ & $0.00531475$ & $0.0181756$ & $0.0159866$ & $-0.0124656$ & $0.000173957$ \\
CHL1_22 & $0.0122215$ & $-0.0316001$ & $0.00100797$ & $0.0133345$ & $-0.000123196$ & $-0.0745256$ & $-0.0290671$ & $0.291324$ & $0.287371$ & $-0.124257$ & $-0.413928$ & $-0.0811857$ & $0.0732115$ & $0.270225$ & $1$ & $0.444791$ & $0.157672$ & $-0.446915$ & $-0.0325229$ & $0.479927$ & $0.329582$ & $0.319458$ & $-0.176312$ & $0.108444$ & $-0.13725$ & $-0.194679$ & $-0.396647$ & $0.109184$ & $0.00603434$ & $0.0355547$ & $0.0132812$ & $-0.0286073$ & $0.0269212$ & $-0.592056$ & $0.00168421$ & $-0.0118959$ & $0.00814341$ & $-0.00335041$ & $0.00434539$ & $-0.00609712$ & $-0.012036$ & $-0.000956148$ & $-0.0132867$ & $-0.00998587$ & $0.00535523$ & $0.0177127$ & $-0.00389546$ & $-0.00149736$ & $-0.00136276$ \\
CHL1_33 & $0.00737677$ & $-0.0461658$ & $-0.00378453$ & $0.0291699$ & $0.0013662$ & $-0.0815033$ & $-0.0320317$ & $0.292728$ & $0.287328$ & $-0.130025$ & $-0.411001$ & $-0.0828351$ & $0.0748591$ & $0.26149$ & $0.444791$ & $1$ & $0.154764$ & $-0.0322615$ & $-0.432593$ & $0.474315$ & $0.329607$ & $0.347888$ & $-0.167422$ & $0.0988134$ & $-0.131635$ & $-0.194817$ & $-0.378187$ & $0.105208$ & $0.000808669$ & $0.0425313$ & $0.0181538$ & $-0.0259997$ & $0.0445411$ & $-0.0990287$ & $0.0106432$ & $-0.00212142$ & $-0.00711189$ & $0.0108157$ & $-0.00424341$ & $-0.00595043$ & $-0.0266277$ & $-0.00401912$ & $-0.0124947$ & $-0.0155484$ & $0.00951688$ & $0.0120331$ & $-0.000587281$ & $0.00574863$ & $0.00843569$ \\
CHL3_11 & $0.0137558$ & $0.00683958$ & $-0.00270268$ & $0.0103189$ & $-0.00401573$ & $-0.248147$ & $0.0925437$ & $-0.244866$ & $-0.247634$ & $0.438902$ & $-0.21333$ & $0.129048$ & $-0.347663$ & $0.669936$ & $0.157672$ & $0.154764$ & $1$ & $0.742585$ & $0.742121$ & $0.235145$ & $0.18064$ & $0.173094$ & $-0.0795504$ & $0.68018$ & $0.782475$ & $-0.103305$ & $-0.159944$ & $0.0530541$ & $-0.0244405$ & $-0.0934445$ & $-0.0430202$ & $0.0684718$ & $-0.108368$ & $-0.250162$ & $-0.014195$ & $-0.00760949$ & $0.00504963$ & $-0.0112967$ & $-0.00099046$ & $-0.00513553$ & $-0.0351242$ & $-0.00869657$ & $-0.00502409$ & $-0.00975198$ & $0.0130497$ & $0.0127683$ & $0.00997435$ & $-0.00187716$ & $-0.000405858$ \\
CHL3_22 & $0.00551165$ & $0.0150703$ & $-0.000376257$ & $0.00264283$ & $-0.00663057$ & $-0.0444496$ & $0.106236$ & $-0.436038$ & $-0.434866$ & $0.494243$ & $0.0670442$ & $0.191013$ & $-0.373072$ & $0.60277$ & $-0.446915$ & $-0.0322615$ & $0.742585$ & $1$ & $0.684026$ & $-0.070362$ & $-0.0619556$ & $-0.0598987$ & $0.00271007$ & $0.622989$ & $0.800018$ & $0.0354733$ & $-0.00841105$ & $-0.0283681$ & $-0.0289693$ & $-0.107203$ & $-0.0482037$ & $0.0844374$ & $-0.115452$ & $0.0288945$ & $-0.0117085$ & $-0.00238149$ & $-0.000597196$ & $-0.00685548$ & $-0.002794$ & $-0.00288023$ & $-0.0265701$ & $-0.00537771$ & $0.00206948$ & $-0.00210749$ & $0.00437296$ & $0.00246732$ & $0.014393$ & $-0.0031146$ & $0.00206281$ \\
CHL3_33 & $0.00889012$ & $0.0245276$ & $0.00302655$ & $-0.0107105$ & $-0.00550887$ & $-0.0391009$ & $0.108369$ & $-0.439151$ & $-0.436856$ & $0.498004$ & $0.0687392$ & $0.191528$ & $-0.373724$ & $0.605404$ & $-0.0325229$ & $-0.432593$ & $0.742121$ & $0.684026$ & $1$ & $-0.070549$ & $-0.0641954$ & $-0.0629833$ & $-4.33993e-05$ & $0.628193$ & $0.798378$ & $0.0379821$ & $-0.0155865$ & $-0.0274252$ & $-0.023686$ & $-0.113042$ & $-0.0537144$ & $0.0823986$ & $-0.128434$ & $-0.344117$ & $-0.0185949$ & $-0.00834318$ & $0.0120584$ & $-0.0156668$ & $0.00591715$ & $-0.00257821$ & $-0.0160085$ & $-0.00116455$ & $0.00165354$ & $0.00292052$ & $0.00415542$ & $0.00675454$ & $0.00822134$ & $-0.00763895$ & $-0.00543691$ \\
CHe_11 & $0.010914$ & $-0.0378335$ & $0.0143862$ & $0.0126867$ & $-0.00322499$ & $-0.188299$ & $-0.0585976$ & $0.850039$ & $0.8345$ & $-0.343501$ & $-0.99042$ & $-0.326001$ & $0.169127$ & $0.523402$ & $0.479927$ & $0.474315$ & $0.235145$ & $-0.070362$ & $-0.070549$ & $1$ & $0.972777$ & $0.952762$ & $-0.00982949$ & $-0.2612$ & $-0.0157561$ & $-0.557348$ & $0.229756$ & $0.325304$ & $0.00654809$ & $0.0719325$ & $0.0388319$ & $-0.0630186$ & $0.0640926$ & $0.295039$ & $-0.00719983$ & $-0.00455522$ & $0.00193778$ & $0.00268536$ & $-0.00489666$ & $0.000444375$ & $-0.0215684$ & $0.00244718$ & $-0.0124616$ & $-0.0146964$ & $0.0158993$ & $0.0203814$ & $0.0109424$ & $-0.00893199$ & $-0.00182467$ \\
CHe_22 & $0.00879844$ & $-0.0318017$ & $0.0151479$ & $0.00815526$ & $-0.00102627$ & $-0.194999$ & $-0.0614568$ & $0.895761$ & $0.879259$ & $-0.373133$ & $-0.991035$ & $-0.359116$ & $0.184225$ & $0.464366$ & $0.329582$ & $0.329607$ & $0.18064$ & $-0.0619556$ & $-0.0641954$ & $0.972777$ & $1$ & $0.975467$ & $0.0437544$ & $-0.370376$ & $-0.0273361$ & $-0.569111$ & $0.385264$ & $0.334746$ & $0.00764038$ & $0.0730121$ & $0.0415894$ & $-0.0669403$ & $0.0660707$ & $0.460085$ & $-0.0102042$ & $-0.00169001$ & $0.00106265$ & $0.00285781$ & $-0.0053797$ & $0.00317408$ & $-0.0170135$ & $0.00245769$ & $-0.0111889$ & $-0.0130677$ & $0.01604$ & $0.0181096$ & $0.0116912$ & $-0.0105242$ & $-0.00300124$ \\
CHe_33 & $0.00841453$ & $-0.0322397$ & $0.0140421$ & $0.00816247$ & $0.00121313$ & $-0.19194$ & $-0.060038$ & $0.879035$ & $0.86301$ & $-0.36986$ & $-0.97029$ & $-0.352767$ & $0.181715$ & $0.45011$ & $0.319458$ & $0.347888$ & $0.173094$ & $-0.0598987$ & $-0.0629833$ & $0.952762$ & $0.975467$ & $1$ & $0.044992$ & $-0.364649$ & $-0.0276016$ & $-0.557073$ & $0.380567$ & $0.327163$ & $0.00938612$ & $0.0729651$ & $0.0403923$ & $-0.0647016$ & $0.0654484$ & $0.457299$ & $-0.0119255$ & $-0.00213642$ & $0.00334101$ & $0.00448884$ & $-0.00603925$ & $0.00097309$ & $-0.0147202$ & $0.00565968$ & $-0.00850078$ & $-0.0133639$ & $0.0175865$ & $0.0191365$ & $0.0101198$ & $-0.00767838$ & $-0.00569874$ \\
CHQ1_11 & $-0.0105821$ & $0.0184243$ & $-0.00171116$ & $0.00433031$ & $-0.00394654$ & $-0.00791501$ & $-0.000445755$ & $0.0727494$ & $0.0700895$ & $-0.0586588$ & $-0.0152037$ & $-0.046268$ & $0.0360256$ & $-0.0800366$ & $-0.176312$ & $-0.167422$ & $-0.0795504$ & $0.00271007$ & $-4.33993e-05$ & $-0.00982949$ & $0.0437544$ & $0.044992$ & $1$ & $-0.14374$ & $0.0676537$ & $-0.676498$ & $0.341348$ & $0.0290411$ & $0.00396301$ & $0.00635937$ & $-0.00241048$ & $-0.000304237$ & $0.00790802$ & $0.207779$ & $0.0173848$ & $-0.00612291$ & $-0.00793165$ & $0.00436042$ & $0.00493106$ & $-0.00291607$ & $0.0108326$ & $0.000447156$ & $-0.00751158$ & $0.000398225$ & $0.0023084$ & $0.0039695$ & $-0.00782699$ & $0.00461575$ & $-0.00384209$ \\
CHQ1_33 & $-0.0460341$ & $0.0170294$ & $-0.00297974$ & $0.00532527$ & $-0.00739934$ & $0.0110441$ & $0.104899$ & $-0.679725$ & $-0.67237$ & $0.561896$ & $0.314994$ & $0.311471$ & $-0.386036$ & $0.474782$ & $0.108444$ & $0.0988134$ & $0.68018$ & $0.622989$ & $0.628193$ & $-0.2612$ & $-0.370376$ & $-0.364649$ & $-0.14374$ & $1$ & $0.645362$ & $0.210079$ & $-0.434446$ & $-0.0360965$ & $-0.027227$ & $-0.113037$ & $-0.0544883$ & $0.0890107$ & $-0.125569$ & $-0.635924$ & $-0.00103669$ & $-0.0198542$ & $0.0128643$ & $-0.00907305$ & $0.00444039$ & $-0.00596052$ & $-0.0239343$ & $-0.00395509$ & $0.00395799$ & $0.00508548$ & $-0.000458191$ & $0.00743476$ & $0.000119709$ & $0.00453913$ & $-0.00531523$ \\
CHQ3_11 & $-0.10429$ & $0.0259832$ & $0.0121142$ & $0.000373424$ & $-0.00472425$ & $-0.0859595$ & $0.0988084$ & $-0.404488$ & $-0.403687$ & $0.480088$ & $0.0223801$ & $0.1776$ & $-0.362374$ & $0.603387$ & $-0.13725$ & $-0.131635$ & $0.782475$ & $0.800018$ & $0.798378$ & $-0.0157561$ & $-0.0273361$ & $-0.0276016$ & $0.0676537$ & $0.645362$ & $1$ & $0.0265992$ & $0.1955$ & $-0.0175749$ & $-0.0245674$ & $-0.111233$ & $-0.052199$ & $0.0744686$ & $-0.128943$ & $-0.19792$ & $-0.00644883$ & $-0.0103555$ & $0.0182709$ & $-0.00295169$ & $0.0100556$ & $-0.000312928$ & $-0.0262557$ & $-0.00348505$ & $-0.00399894$ & $0.00273669$ & $0.00615296$ & $0.00935031$ & $0.00287621$ & $-0.00814409$ & $-0.0130582$ \\
CHu_11 & $-0.0411118$ & $0.0120948$ & $-0.0015031$ & $-0.00926049$ & $0.0054379$ & $0.110878$ & $0.0301348$ & $-0.510684$ & $-0.499409$ & $0.216701$ & $0.567189$ & $0.205991$ & $-0.104134$ & $-0.269951$ & $-0.194679$ & $-0.194817$ & $-0.103305$ & $0.0354733$ & $0.0379821$ & $-0.557348$ & $-0.569111$ & $-0.557073$ & $-0.676498$ & $0.210079$ & $0.0265992$ & $1$ & $-0.176988$ & $-0.20416$ & $-0.00818376$ & $-0.040332$ & $-0.0182576$ & $0.0342344$ & $-0.0417315$ & $-0.256886$ & $-0.00336998$ & $0.00742194$ & $0.0148354$ & $0.00128853$ & $-0.00472506$ & $0.0096098$ & $0.00225946$ & $-0.00182351$ & $0.0154547$ & $0.013031$ & $-0.0127015$ & $-0.00958445$ & $-0.00169024$ & $-0.000706141$ & $-0.00571673$ \\
CHd_11 & $-0.0372187$ & $0.0174445$ & $0.0108441$ & $-0.00649764$ & $0.00237644$ & $-0.0933592$ & $-0.0396631$ & $0.436053$ & $0.42837$ & $-0.246135$ & $-0.303913$ & $-0.216407$ & $0.140879$ & $-0.104486$ & $-0.396647$ & $-0.378187$ & $-0.159944$ & $-0.00841105$ & $-0.0155865$ & $0.229756$ & $0.385264$ & $0.380567$ & $0.341348$ & $-0.434446$ & $0.1955$ & $-0.176988$ & $1$ & $0.121203$ & $0.0101191$ & $0.0321808$ & $0.0215673$ & $-0.0422037$ & $0.0269485$ & $0.694049$ & $-0.00496246$ & $0.0019816$ & $0.0106628$ & $0.0139531$ & $-0.000526358$ & $0.0128459$ & $0.00646768$ & $0.00691843$ & $-0.00202027$ & $0.00196799$ & $0.000653997$ & $-0.00151709$ & $0.00264143$ & $-0.0131203$ & $-0.0188028$ \\
CHd_33 & $0.0245249$ & $-0.00863667$ & $0.00310526$ & $0.00414805$ & $-0.00614473$ & $-0.0629306$ & $-0.0154518$ & $0.304868$ & $0.300293$ & $-0.131291$ & $-0.332284$ & $-0.117111$ & $0.0569117$ & $0.147214$ & $0.109184$ & $0.105208$ & $0.0530541$ & $-0.0283681$ & $-0.0274252$ & $0.325304$ & $0.334746$ & $0.327163$ & $0.0290411$ & $-0.0360965$ & $-0.0175749$ & $-0.20416$ & $0.121203$ & $1$ & $0.0153843$ & $0.0224715$ & $0.0116665$ & $-0.0201472$ & $0.0156345$ & $0.160213$ & $-0.00480569$ & $-0.0140147$ & $0.00258407$ & $-0.00838122$ & $0.00112244$ & $-0.00677206$ & $-0.00406949$ & $-0.00298971$ & $-0.00117567$ & $0.00193488$ & $0.00564945$ & $0.00272253$ & $0.00295306$ & $-0.00629152$ & $-0.00814828$ \\
CeH_22r & $0.0143028$ & $0.00350879$ & $-0.00275218$ & $-0.0100041$ & $0.00287002$ & $-9.79342e-05$ & $0.00979888$ & $0.019901$ & $0.0267509$ & $-0.0135111$ & $-0.00712754$ & $-0.00355119$ & $0.0514803$ & $-0.021553$ & $0.00603434$ & $0.000808669$ & $-0.0244405$ & $-0.0289693$ & $-0.023686$ & $0.00654809$ & $0.00764038$ & $0.00938612$ & $0.00396301$ & $-0.027227$ & $-0.0245674$ & $-0.00818376$ & $0.0101191$ & $0.0153843$ & $1$ & $0.0448781$ & $0.0143106$ & $-0.00756441$ & $0.0533714$ & $0.0114867$ & $-0.025368$ & $-0.0166016$ & $-0.00821337$ & $-0.00125029$ & $-0.0255479$ & $0.00108671$ & $-0.00223906$ & $-0.00239568$ & $0.0126568$ & $0.00958809$ & $0.00725919$ & $0.00446951$ & $-0.0121039$ & $-0.0013641$ & $0.0111363$ \\
CeH_33r & $0.0164709$ & $-0.0294354$ & $-0.00824649$ & $-0.00258046$ & $0.0164836$ & $-0.00314896$ & $-0.133014$ & $0.116892$ & $0.138555$ & $-0.133418$ & $-0.0722915$ & $0.0219843$ & $0.273784$ & $-0.0534003$ & $0.0355547$ & $0.0425313$ & $-0.0934445$ & $-0.107203$ & $-0.113042$ & $0.0719325$ & $0.0730121$ & $0.0729651$ & $0.00635937$ & $-0.113037$ & $-0.111233$ & $-0.040332$ & $0.0321808$ & $0.0224715$ & $0.0448781$ & $1$ & $0.299837$ & $0.0222674$ & $0.669509$ & $0.061289$ & $-0.0461473$ & $-0.000758691$ & $-0.163855$ & $-0.016169$ & $-0.0317899$ & $0.00607624$ & $-0.00377399$ & $-0.00094118$ & $-0.0170976$ & $-0.0308083$ & $0.0753157$ & $0.00322748$ & $-0.0144541$ & $-0.00965663$ & $0.0407029$ \\
CuH_22r & $0.00544583$ & $-0.0403593$ & $-0.000198639$ & $0.0246607$ & $-0.00201763$ & $-0.00731872$ & $-0.0743599$ & $0.0624275$ & $0.0700331$ & $-0.064796$ & $-0.0411433$ & $-0.0266923$ & $0.118057$ & $-0.0219789$ & $0.0132812$ & $0.0181538$ & $-0.0430202$ & $-0.0482037$ & $-0.0537144$ & $0.0388319$ & $0.0415894$ & $0.0403923$ & $-0.00241048$ & $-0.0544883$ & $-0.052199$ & $-0.0182576$ & $0.0215673$ & $0.0116665$ & $0.0143106$ & $0.299837$ & $1$ & $0.0215348$ & $0.337873$ & $0.0366169$ & $0.00625161$ & $0.0332747$ & $-0.0631549$ & $-0.011057$ & $0.00589396$ & $-0.00790477$ & $-0.0055328$ & $-0.000643829$ & $-0.0524809$ & $-0.0805992$ & $-0.0340766$ & $0.0629553$ & $0.325686$ & $-0.0273349$ & $-0.0146161$ \\
CuH_33r & $0.0237206$ & $0.0188093$ & $-0.00372166$ & $-0.00965787$ & $0.00955051$ & $0.0122685$ & $0.929222$ & $-0.099542$ & $-0.0599941$ & $0.0920435$ & $0.0647541$ & $0.210574$ & $-0.262638$ & $0.0377411$ & $-0.0286073$ & $-0.0259997$ & $0.0684718$ & $0.0844374$ & $0.0823986$ & $-0.0630186$ & $-0.0669403$ & $-0.0647016$ & $-0.000304237$ & $0.0890107$ & $0.0744686$ & $0.0342344$ & $-0.0422037$ & $-0.0201472$ & $-0.00756441$ & $0.0222674$ & $0.0215348$ & $1$ & $0.0288238$ & $-0.0556261$ & $0.0519577$ & $0.00834858$ & $-0.025032$ & $-0.00822472$ & $0.0158256$ & $-0.00616922$ & $-0.0186126$ & $-0.0103455$ & $0.00484034$ & $-0.00637736$ & $-0.0104606$ & $-0.000116247$ & $0.00256487$ & $0.00344134$ & $0.00391502$ \\
CdH_33r & $0.0283564$ & $0.00355378$ & $-0.0540481$ & $0.00991775$ & $0.00740027$ & $-0.00196855$ & $-0.160881$ & $0.116157$ & $0.139902$ & $-0.138492$ & $-0.0644536$ & $0.0211907$ & $0.328314$ & $-0.0683435$ & $0.0269212$ & $0.0445411$ & $-0.108368$ & $-0.115452$ & $-0.128434$ & $0.0640926$ & $0.0660707$ & $0.0654484$ & $0.00790802$ & $-0.125569$ & $-0.128943$ & $-0.0417315$ & $0.0269485$ & $0.0156345$ & $0.0533714$ & $0.669509$ & $0.337873$ & $0.0288238$ & $1$ & $0.0699967$ & $-0.055498$ & $-0.0203387$ & $-0.213555$ & $-0.0239182$ & $0.00750208$ & $0.00137784$ & $-0.0573058$ & $0.00321548$ & $-0.0177277$ & $-0.0103766$ & $0.0857095$ & $0.0149359$ & $-0.0540155$ & $0.13041$ & $0.438533$ \\
CLL_1221 & $-0.010543$ & $0.0283852$ & $0.0109437$ & $-0.0061226$ & $-0.000491771$ & $-0.132031$ & $-0.0599025$ & $0.568705$ & $0.559229$ & $-0.354383$ & $-0.373646$ & $-0.270646$ & $0.213499$ & $-0.218097$ & $-0.592056$ & $-0.0990287$ & $-0.250162$ & $0.0288945$ & $-0.344117$ & $0.295039$ & $0.460085$ & $0.457299$ & $0.207779$ & $-0.635924$ & $-0.19792$ & $-0.256886$ & $0.694049$ & $0.160213$ & $0.0114867$ & $0.061289$ & $0.0366169$ & $-0.0556261$ & $0.0699967$ & $1$ & $-0.00498892$ & $0.0117076$ & $-0.00443405$ & $0.0083918$ & $-0.00964212$ & $0.00762884$ & $0.00645392$ & $0.00269845$ & $0.00599224$ & $0.00163346$ & $0.00819319$ & $-0.00596793$ & $0.00490883$ & $-0.00090163$ & $0.000421087$ \\
eHggint & $-0.0515924$ & $-0.00212435$ & $-0.0202598$ & $-0.0483025$ & $0.0058095$ & $0.00956215$ & $-0.020478$ & $-0.00304795$ & $-0.0266829$ & $0.0328026$ & $0.00944056$ & $0.0537892$ & $0.0302817$ & $-0.0131939$ & $0.00168421$ & $0.0106432$ & $-0.014195$ & $-0.0117085$ & $-0.0185949$ & $-0.00719983$ & $-0.0102042$ & $-0.0119255$ & $0.0173848$ & $-0.00103669$ & $-0.00644883$ & $-0.00336998$ & $-0.00496246$ & $-0.00480569$ & $-0.025368$ & $-0.0461473$ & $0.00625161$ & $0.0519577$ & $-0.055498$ & $-0.00498892$ & $1$ & $-0.0991163$ & $-0.0494778$ & $-0.00768776$ & $0.0602654$ & $0.00545784$ & $-0.00997363$ & $-0.00881641$ & $-0.0976396$ & $0.0483746$ & $-0.1712$ & $-0.0710486$ & $0.0791588$ & $-0.0508561$ & $-0.0378119$ \\
eHggpar & $0.0240461$ & $-0.0703698$ & $0.074839$ & $0.12403$ & $-0.0153916$ & $0.00135028$ & $-0.0218595$ & $0.00497136$ & $-0.00703087$ & $0.0168474$ & $0.00199027$ & $0.0229203$ & $0.0146366$ & $-0.0119818$ & $-0.0118959$ & $-0.00212142$ & $-0.00760949$ & $-0.00238149$ & $-0.00834318$ & $-0.00455522$ & $-0.00169001$ & $-0.00213642$ & $-0.00612291$ & $-0.0198542$ & $-0.0103555$ & $0.00742194$ & $0.0019816$ & $-0.0140147$ & $-0.0166016$ & $-0.000758691$ & $0.0332747$ & $0.00834858$ & $-0.0203387$ & $0.0117076$ & $-0.0991163$ & $1$ & $-0.0243004$ & $-0.0190458$ & $0.0539789$ & $-0.000268895$ & $-0.000162509$ & $-0.000537018$ & $-0.0706115$ & $-0.0848028$ & $0.0236746$ & $0.0708765$ & $0.0667424$ & $-0.0661769$ & $-0.00975759$ \\
eHWWint & $-0.0707484$ & $0.132783$ & $0.0706662$ & $0.0201956$ & $0.00729749$ & $0.0119701$ & $0.0132749$ & $-0.00643422$ & $-0.00754361$ & $0.00466429$ & $0.00308548$ & $-0.00968588$ & $-0.00144342$ & $0.00500385$ & $0.00814341$ & $-0.00711189$ & $0.00504963$ & $-0.000597196$ & $0.0120584$ & $0.00193778$ & $0.00106265$ & $0.00334101$ & $-0.00793165$ & $0.0128643$ & $0.0182709$ & $0.0148354$ & $0.0106628$ & $0.00258407$ & $-0.00821337$ & $-0.163855$ & $-0.0631549$ & $-0.025032$ & $-0.213555$ & $-0.00443405$ & $-0.0494778$ & $-0.0243004$ & $1$ & $-0.00918862$ & $0.0485861$ & $-0.0155317$ & $-0.0366636$ & $0.0214873$ & $0.119663$ & $0.107872$ & $-0.00490382$ & $-0.0760345$ & $0.0694778$ & $0.0330698$ & $-0.0956863$ \\
eHWWpar & $-0.0025191$ & $-0.0273726$ & $0.000952745$ & $-0.0114026$ & $0.0115932$ & $0.00271192$ & $-0.00637725$ & $0.00917338$ & $0.00594839$ & $-0.0047949$ & $-0.00365547$ & $-0.00117253$ & $0.00446155$ & $-0.00627099$ & $-0.00335041$ & $0.0108157$ & $-0.0112967$ & $-0.00685548$ & $-0.0156668$ & $0.00268536$ & $0.00285781$ & $0.00448884$ & $0.00436042$ & $-0.00907305$ & $-0.00295169$ & $0.00128853$ & $0.0139531$ & $-0.00838122$ & $-0.00125029$ & $-0.016169$ & $-0.011057$ & $-0.00822472$ & $-0.0239182$ & $0.0083918$ & $-0.00768776$ & $-0.0190458$ & $-0.00918862$ & $1$ & $0.0126912$ & $-0.00130547$ & $-0.0042617$ & $0.00279251$ & $-0.0134854$ & $-0.00442206$ & $0.0118846$ & $-0.0173816$ & $0.00438751$ & $-0.0166345$ & $-0.0111041$ \\
eHZZint & $-0.0401456$ & $0.0276035$ & $-0.0180154$ & $0.120502$ & $-0.0217913$ & $-0.000554845$ & $0.000932711$ & $-0.00665843$ & $-0.0123319$ & $0.0159839$ & $0.0058895$ & $0.00791789$ & $0.00345568$ & $0.000963932$ & $0.00434539$ & $-0.00424341$ & $-0.00099046$ & $-0.002794$ & $0.00591715$ & $-0.00489666$ & $-0.0053797$ & $-0.00603925$ & $0.00493106$ & $0.00444039$ & $0.0100556$ & $-0.00472506$ & $-0.000526358$ & $0.00112244$ & $-0.0255479$ & $-0.0317899$ & $0.00589396$ & $0.0158256$ & $0.00750208$ & $-0.00964212$ & $0.0602654$ & $0.0539789$ & $0.0485861$ & $0.0126912$ & $1$ & $-0.031438$ & $-0.00642518$ & $-0.0119083$ & $-0.0284628$ & $-0.133803$ & $-0.00125326$ & $0.0940791$ & $0.0328604$ & $-0.0711527$ & $0.116011$ \\
eHZZpar & $-0.00167603$ & $-0.00351623$ & $0.00218825$ & $-0.00153815$ & $0.00173555$ & $0.00173196$ & $-0.00954259$ & $0.00430107$ & $0.00272434$ & $-0.00132743$ & $-0.000873362$ & $0.00162281$ & $0.00269624$ & $-0.00594165$ & $-0.00609712$ & $-0.00595043$ & $-0.00513553$ & $-0.00288023$ & $-0.00257821$ & $0.000444375$ & $0.00317408$ & $0.00097309$ & $-0.00291607$ & $-0.00596052$ & $-0.000312928$ & $0.0096098$ & $0.0128459$ & $-0.00677206$ & $0.00108671$ & $0.00607624$ & $-0.00790477$ & $-0.00616922$ & $0.00137784$ & $0.00762884$ & $0.00545784$ & $-0.000268895$ & $-0.0155317$ & $-0.00130547$ & $-0.031438$ & $1$ & $0.0172347$ & $-0.00717373$ & $0.00328157$ & $0.0161916$ & $0.00749364$ & $0.00262854$ & $-0.0316541$ & $-0.0195653$ & $0.00720671$ \\
eHZgaint & $-0.00105437$ & $0.0212273$ & $-0.182492$ & $-0.143309$ & $0.00238117$ & $0.0109839$ & $-0.0139473$ & $-0.0024847$ & $0.00609579$ & $-0.0364745$ & $0.0189548$ & $-0.00527921$ & $-0.00784074$ & $-0.03268$ & $-0.012036$ & $-0.0266277$ & $-0.0351242$ & $-0.0265701$ & $-0.0160085$ & $-0.0215684$ & $-0.0170135$ & $-0.0147202$ & $0.0108326$ & $-0.0239343$ & $-0.0262557$ & $0.00225946$ & $0.00646768$ & $-0.00406949$ & $-0.00223906$ & $-0.00377399$ & $-0.0055328$ & $-0.0186126$ & $-0.0573058$ & $0.00645392$ & $-0.00997363$ & $-0.000162509$ & $-0.0366636$ & $-0.0042617$ & $-0.00642518$ & $0.0172347$ & $1$ & $-0.00155108$ & $0.0934482$ & $0.0658807$ & $-0.106676$ & $-0.184086$ & $-0.00226973$ & $-0.0453745$ & $-0.133903$ \\
eHZgapar & $-0.00323891$ & $0.00987622$ & $0.00516309$ & $-0.0150694$ & $-0.00152465$ & $0.00997058$ & $-0.00896058$ & $0.00474527$ & $0.00544113$ & $-0.00646528$ & $-0.00206906$ & $-0.00719287$ & $0.00789179$ & $-0.00138217$ & $-0.000956148$ & $-0.00401912$ & $-0.00869657$ & $-0.00537771$ & $-0.00116455$ & $0.00244718$ & $0.00245769$ & $0.00565968$ & $0.000447156$ & $-0.00395509$ & $-0.00348505$ & $-0.00182351$ & $0.00691843$ & $-0.00298971$ & $-0.00239568$ & $-0.00094118$ & $-0.000643829$ & $-0.0103455$ & $0.00321548$ & $0.00269845$ & $-0.00881641$ & $-0.000537018$ & $0.0214873$ & $0.00279251$ & $-0.0119083$ & $-0.00717373$ & $-0.00155108$ & $1$ & $0.0202904$ & $-0.00069353$ & $-0.0017877$ & $-0.0171775$ & $0.00876508$ & $0.000716084$ & $0.00767133$ \\
eHgagaint & $-0.00861555$ & $0.150683$ & $0.0700036$ & $-0.0152097$ & $0.0153315$ & $-0.00761008$ & $0.017827$ & $-0.0153739$ & $0.0499998$ & $-0.00400327$ & $0.0171971$ & $-0.0124253$ & $-0.0042996$ & $-0.0110861$ & $-0.0132867$ & $-0.0124947$ & $-0.00502409$ & $0.00206948$ & $0.00165354$ & $-0.0124616$ & $-0.0111889$ & $-0.00850078$ & $-0.00751158$ & $0.00395799$ & $-0.00399894$ & $0.0154547$ & $-0.00202027$ & $-0.00117567$ & $0.0126568$ & $-0.0170976$ & $-0.0524809$ & $0.00484034$ & $-0.0177277$ & $0.00599224$ & $-0.0976396$ & $-0.0706115$ & $0.119663$ & $-0.0134854$ & $-0.0284628$ & $0.00328157$ & $0.0934482$ & $0.0202904$ & $1$ & $0.288139$ & $0.103391$ & $-0.0581829$ & $-0.0936455$ & $-0.0409571$ & $0.0148351$ \\
eHmumuint & $-0.0730618$ & $0.115862$ & $0.103337$ & $-0.129011$ & $0.00364334$ & $0.0153311$ & $-6.58924e-05$ & $-0.0139318$ & $0.00411298$ & $-0.00369097$ & $0.0180562$ & $0.000768554$ & $-0.00995876$ & $-0.00870061$ & $-0.00998587$ & $-0.0155484$ & $-0.00975198$ & $-0.00210749$ & $0.00292052$ & $-0.0146964$ & $-0.0130677$ & $-0.0133639$ & $0.000398225$ & $0.00508548$ & $0.00273669$ & $0.013031$ & $0.00196799$ & $0.00193488$ & $0.00958809$ & $-0.0308083$ & $-0.0805992$ & $-0.00637736$ & $-0.0103766$ & $0.00163346$ & $0.0483746$ & $-0.0848028$ & $0.107872$ & $-0.00442206$ & $-0.133803$ & $0.0161916$ & $0.0658807$ & $-0.00069353$ & $0.288139$ & $1$ & $-0.0366277$ & $-0.0872062$ & $-0.151831$ & $-0.0598104$ & $0.0659435$ \\
eHtautauint & $-0.0396861$ & $0.000896933$ & $0.0769774$ & $0.0440012$ & $0.0214721$ & $-0.0182923$ & $0.00178984$ & $0.0112637$ & $0.0207599$ & $-0.00685203$ & $-0.014561$ & $-0.0204789$ & $0.0073349$ & $0.00531475$ & $0.00535523$ & $0.00951688$ & $0.0130497$ & $0.00437296$ & $0.00415542$ & $0.0158993$ & $0.01604$ & $0.0175865$ & $0.0023084$ & $-0.000458191$ & $0.00615296$ & $-0.0127015$ & $0.000653997$ & $0.00564945$ & $0.00725919$ & $0.0753157$ & $-0.0340766$ & $-0.0104606$ & $0.0857095$ & $0.00819319$ & $-0.1712$ & $0.0236746$ & $-0.00490382$ & $0.0118846$ & $-0.00125326$ & $0.00749364$ & $-0.106676$ & $-0.0017877$ & $0.103391$ & $-0.0366277$ & $1$ & $-0.0450276$ & $-0.106917$ & $0.106978$ & $0.142402$ \\
eHccint & $-0.0439411$ & $-0.0385987$ & $0.056974$ & $0.174363$ & $-0.00128026$ & $-0.0150549$ & $0.000669336$ & $0.0132461$ & $0.0102174$ & $0.00869581$ & $-0.0197015$ & $0.00538442$ & $-0.00554542$ & $0.0181756$ & $0.0177127$ & $0.0120331$ & $0.0127683$ & $0.00246732$ & $0.00675454$ & $0.0203814$ & $0.0181096$ & $0.0191365$ & $0.0039695$ & $0.00743476$ & $0.00935031$ & $-0.00958445$ & $-0.00151709$ & $0.00272253$ & $0.00446951$ & $0.00322748$ & $0.0629553$ & $-0.000116247$ & $0.0149359$ & $-0.00596793$ & $-0.0710486$ & $0.0708765$ & $-0.0760345$ & $-0.0173816$ & $0.0940791$ & $0.00262854$ & $-0.184086$ & $-0.0171775$ & $-0.0581829$ & $-0.0872062$ & $-0.0450276$ & $1$ & $-0.0249016$ & $0.0258224$ & $0.0102858$ \\
eHccpar & $0.0642503$ & $-0.0757931$ & $0.00965338$ & $0.0149286$ & $0.0146271$ & $-0.00640801$ & $-0.00656978$ & $0.00811935$ & $-0.000913402$ & $0.0194394$ & $-0.0134497$ & $0.0138688$ & $0.00648703$ & $0.0159866$ & $-0.00389546$ & $-0.000587281$ & $0.00997435$ & $0.014393$ & $0.00822134$ & $0.0109424$ & $0.0116912$ & $0.0101198$ & $-0.00782699$ & $0.000119709$ & $0.00287621$ & $-0.00169024$ & $0.00264143$ & $0.00295306$ & $-0.0121039$ & $-0.0144541$ & $0.325686$ & $0.00256487$ & $-0.0540155$ & $0.00490883$ & $0.0791588$ & $0.0667424$ & $0.0694778$ & $0.00438751$ & $0.0328604$ & $-0.0316541$ & $-0.00226973$ & $0.00876508$ & $-0.0936455$ & $-0.151831$ & $-0.106917$ & $-0.0249016$ & $1$ & $-0.103045$ & $-0.0709726$ \\
eHbbint & $-0.0333773$ & $0.00830862$ & $-0.179841$ & $0.04106$ & $0.0162538$ & $-0.00850335$ & $0.0102528$ & $-0.00729467$ & $-0.0063842$ & $-0.00820531$ & $0.00954734$ & $-0.0110404$ & $0.000438949$ & $-0.0124656$ & $-0.00149736$ & $0.00574863$ & $-0.00187716$ & $-0.0031146$ & $-0.00763895$ & $-0.00893199$ & $-0.0105242$ & $-0.00767838$ & $0.00461575$ & $0.00453913$ & $-0.00814409$ & $-0.000706141$ & $-0.0131203$ & $-0.00629152$ & $-0.0013641$ & $-0.00965663$ & $-0.0273349$ & $0.00344134$ & $0.13041$ & $-0.00090163$ & $-0.0508561$ & $-0.0661769$ & $0.0330698$ & $-0.0166345$ & $-0.0711527$ & $-0.0195653$ & $-0.0453745$ & $0.000716084$ & $-0.0409571$ & $-0.0598104$ & $0.106978$ & $0.0258224$ & $-0.103045$ & $1$ & $-0.0333256$ \\
eHbbpar & $0.0415704$ & $0.0680583$ & $-0.0503476$ & $0.0323304$ & $0.00192557$ & $0.0106033$ & $-0.00423735$ & $-0.00499398$ & $-0.00159843$ & $0.0091756$ & $0.00308061$ & $0.0055184$ & $0.00451061$ & $0.000173957$ & $-0.00136276$ & $0.00843569$ & $-0.000405858$ & $0.00206281$ & $-0.00543691$ & $-0.00182467$ & $-0.00300124$ & $-0.00569874$ & $-0.00384209$ & $-0.00531523$ & $-0.0130582$ & $-0.00571673$ & $-0.0188028$ & $-0.00814828$ & $0.0111363$ & $0.0407029$ & $-0.0146161$ & $0.00391502$ & $0.438533$ & $0.000421087$ & $-0.0378119$ & $-0.00975759$ & $-0.0956863$ & $-0.0111041$ & $0.116011$ & $0.00720671$ & $-0.133903$ & $0.00767133$ & $0.0148351$ & $0.0659435$ & $0.142402$ & $0.0102858$ & $-0.0709726$ & $-0.0333256$ & $1$ \\
