 & AlsMz & dAle5Mz & mtop & mHl & Mz & CW & CHG & CHWB & CHWHB_gaga & CHWHB_gagaorth & CHD & CHbox & CH & CHL1_11 & CHL1_22 & CHL1_33 & CHL3_11 & CHL3_22 & CHL3_33 & CHe_11 & CHe_22 & CHe_33 & CHQ1_11 & CHQ1_33 & CHQ3_11 & CHu_11 & CHd_11 & CHd_33 & CeH_22r & CeH_33r & CuH_22r & CuH_33r & CdH_33r & CLL_1221 & eHggint & eHggpar & eHWWint & eHWWpar & eHZZint & eHZZpar & eHZgaint & eHZgapar & eHgagaint & eHmumuint & eHtautauint & eHccint & eHccpar & eHbbint & eHbbpar \\
AlsMz & $1$ & $0.359151$ & $0.112193$ & $-0.117824$ & $-0.00152296$ & $0.0274806$ & $0.211387$ & $-0.0203317$ & $-0.0282877$ & $0.0608681$ & $0.0501641$ & $-0.228339$ & $-0.279044$ & $-0.072974$ & $-0.00989911$ & $-0.0116636$ & $-0.0660225$ & $-0.0643831$ & $-0.0630772$ & $-0.0486693$ & $-0.0507258$ & $-0.0492801$ & $-0.0189609$ & $-0.0545014$ & $-0.101394$ & $0.0304029$ & $-0.0408017$ & $-0.0164049$ & $-0.0620072$ & $-0.219551$ & $-0.192984$ & $0.196298$ & $-0.268656$ & $-0.00613366$ & $0.307991$ & $0.0527921$ & $-0.0960699$ & $2.30538e-05$ & $0.213315$ & $0.00581825$ & $0.316643$ & $-0.0517642$ & $-0.153416$ & $0.203333$ & $0.261663$ & $-0.298831$ & $-0.324725$ & $-0.185878$ & $-0.265614$ \\
dAle5Mz & $0.359151$ & $1$ & $0.285236$ & $-0.0374607$ & $0.00163922$ & $0.0310402$ & $0.404461$ & $-0.0709294$ & $-0.0773331$ & $0.140522$ & $0.110534$ & $-0.31808$ & $-0.402616$ & $-0.1196$ & $-0.0539699$ & $-0.0517502$ & $-0.0840818$ & $-0.0667158$ & $-0.068107$ & $-0.103583$ & $-0.10389$ & $-0.102302$ & $-0.00196192$ & $-0.0407809$ & $-0.0837208$ & $0.0748574$ & $-0.0265501$ & $-0.0444364$ & $-0.0790448$ & $-0.305452$ & $-0.203026$ & $0.403406$ & $-0.304871$ & $-0.000606538$ & $0.240479$ & $-0.0622614$ & $-0.00764529$ & $0.0864508$ & $0.412436$ & $-0.0478484$ & $0.542507$ & $-0.0503645$ & $-0.34155$ & $0.232775$ & $-0.0561883$ & $-0.0877795$ & $0.0472297$ & $-0.187192$ & $0.116568$ \\
mtop & $0.112193$ & $0.285236$ & $1$ & $-0.361174$ & $-0.00698619$ & $0.0476491$ & $0.424383$ & $-0.0467168$ & $-0.0439282$ & $0.144957$ & $0.109586$ & $-0.399222$ & $-0.469849$ & $-0.138939$ & $-0.0650343$ & $-0.0545328$ & $-0.122752$ & $-0.0948489$ & $-0.0998728$ & $-0.10529$ & $-0.103244$ & $-0.10138$ & $0.0113563$ & $-0.0689096$ & $-0.104144$ & $0.0719368$ & $-0.00387608$ & $-0.0501597$ & $-0.0984204$ & $-0.353091$ & $-0.182867$ & $0.405428$ & $-0.348966$ & $0.014361$ & $-0.0468837$ & $-0.123549$ & $-0.215547$ & $0.199495$ & $0.102239$ & $0.00286856$ & $0.217542$ & $0.137023$ & $0.0863216$ & $-0.0606177$ & $0.260362$ & $0.0273815$ & $0.461686$ & $0.090636$ & $0.103138$ \\
mHl & $-0.117824$ & $-0.0374607$ & $-0.361174$ & $1$ & $-0.00500899$ & $-0.0304952$ & $-0.0966491$ & $0.0341164$ & $0.0308342$ & $-0.0531977$ & $-0.0630423$ & $0.00647206$ & $0.119473$ & $0.0675105$ & $0.0151067$ & $0.0131815$ & $0.062795$ & $0.0536977$ & $0.0539348$ & $0.0598028$ & $0.0638982$ & $0.0633084$ & $0.0323436$ & $0.0241147$ & $0.0684709$ & $-0.0572417$ & $0.0486043$ & $0.04053$ & $0.0333411$ & $0.0875137$ & $0.0771581$ & $-0.0901642$ & $0.0510829$ & $0.0238246$ & $0.244619$ & $-0.203908$ & $0.0543841$ & $0.0481978$ & $0.176255$ & $-0.0295326$ & $-0.287068$ & $-0.107885$ & $-0.0836938$ & $0.142277$ & $-0.198161$ & $0.428048$ & $-0.0197694$ & $-0.048195$ & $-0.297231$ \\
Mz & $-0.00152296$ & $0.00163922$ & $-0.00698619$ & $-0.00500899$ & $1$ & $0.0054442$ & $0.00581556$ & $-0.00393918$ & $-0.0044828$ & $0.00322429$ & $0.0209373$ & $-0.0293535$ & $-0.0300483$ & $-0.0166497$ & $-0.00343017$ & $-1.66094e-05$ & $-0.0202045$ & $-0.0174709$ & $-0.0210636$ & $-0.0124114$ & $-0.0124956$ & $-0.0120366$ & $-0.00424581$ & $-0.012728$ & $-0.0179718$ & $0.0076796$ & $-0.00505618$ & $-0.00720507$ & $-0.0126776$ & $-0.0286987$ & $-0.012512$ & $-0.00164453$ & $-0.033468$ & $-0.00379793$ & $-0.00190476$ & $0.019871$ & $0.0245216$ & $0.0105106$ & $-0.0248532$ & $-0.00149571$ & $-0.0221823$ & $-0.0130434$ & $-0.00219295$ & $-0.0124631$ & $0.00954892$ & $0.00757168$ & $0.00873138$ & $-0.0114637$ & $-0.0163903$ \\
CW & $0.0274806$ & $0.0310402$ & $0.0476491$ & $-0.0304952$ & $0.0054442$ & $1$ & $0.0621743$ & $-0.0401814$ & $-0.0386453$ & $0.0252666$ & $0.152312$ & $-0.0371676$ & $-0.0660188$ & $-0.0407795$ & $-0.0884177$ & $-0.0864621$ & $-0.373072$ & $-0.175234$ & $-0.174959$ & $-0.14991$ & $-0.154061$ & $-0.153027$ & $-0.00657282$ & $-0.12975$ & $-0.215523$ & $0.110875$ & $-0.0573118$ & $-0.0721892$ & $-0.00861679$ & $-0.0526863$ & $-0.0398629$ & $0.0657527$ & $-0.0603465$ & $-0.0918632$ & $-0.0128415$ & $-0.0317008$ & $-0.000863756$ & $0.0329793$ & $0.0250192$ & $0.0113164$ & $0.0418278$ & $-0.00158457$ & $0.0094673$ & $0.00723354$ & $0.0184403$ & $-0.00441505$ & $0.0206788$ & $0.0168293$ & $-0.0242771$ \\
CHG & $0.211387$ & $0.404461$ & $0.424383$ & $-0.0966491$ & $0.00581556$ & $0.0621743$ & $1$ & $-0.106718$ & $-0.0905044$ & $0.281652$ & $0.191603$ & $-0.75601$ & $-0.837952$ & $-0.214527$ & $-0.101524$ & $-0.0960432$ & $-0.172254$ & $-0.130189$ & $-0.132801$ & $-0.186409$ & $-0.186221$ & $-0.184404$ & $0.0128621$ & $-0.076424$ & $-0.14303$ & $0.127548$ & $-0.0294014$ & $-0.0833279$ & $-0.166486$ & $-0.667363$ & $-0.412336$ & $0.968812$ & $-0.715439$ & $-0.0103793$ & $0.0139027$ & $-0.355681$ & $0.0452209$ & $0.21049$ & $0.452851$ & $0.0238508$ & $0.424545$ & $-0.0865951$ & $-0.126354$ & $0.170476$ & $0.12125$ & $0.262846$ & $0.345108$ & $0.00902519$ & $-0.154682$ \\
CHWB & $-0.0203317$ & $-0.0709294$ & $-0.0467168$ & $0.0341164$ & $-0.00393918$ & $-0.0401814$ & $-0.106718$ & $1$ & $0.99144$ & $-0.577471$ & $-0.87436$ & $0.0345717$ & $0.117985$ & $0.288868$ & $0.467568$ & $0.461789$ & $-0.202285$ & $-0.389589$ & $-0.38998$ & $0.858822$ & $0.888461$ & $0.880232$ & $0.031878$ & $-0.618781$ & $-0.355771$ & $-0.612837$ & $0.402657$ & $0.394593$ & $0.0213849$ & $0.103596$ & $0.0628081$ & $-0.10875$ & $0.100937$ & $0.5266$ & $0.032271$ & $0.0653096$ & $-0.0413567$ & $-0.044816$ & $-0.0494428$ & $-0.0114888$ & $-0.0657361$ & $0.00880243$ & $0.012463$ & $0.00522539$ & $-0.0267356$ & $-0.0113174$ & $-0.042451$ & $-0.00753026$ & $-0.0182045$ \\
CHWHB_gaga & $-0.0282877$ & $-0.0773331$ & $-0.0439282$ & $0.0308342$ & $-0.0044828$ & $-0.0386453$ & $-0.0905044$ & $0.99144$ & $1$ & $-0.573658$ & $-0.865284$ & $0.0421097$ & $0.123239$ & $0.283632$ & $0.463497$ & $0.457802$ & $-0.204008$ & $-0.389356$ & $-0.389756$ & $0.850046$ & $0.879225$ & $0.871065$ & $0.0316522$ & $-0.615367$ & $-0.355567$ & $-0.606489$ & $0.398399$ & $0.391271$ & $0.0275119$ & $0.119508$ & $0.0738459$ & $-0.0944397$ & $0.11835$ & $0.521579$ & $0.0264995$ & $0.0620757$ & $-0.0483248$ & $-0.045861$ & $-0.0505496$ & $-0.0105621$ & $-0.0709008$ & $0.0101201$ & $0.0340299$ & $0.0105658$ & $-0.0205605$ & $-0.00568559$ & $-0.0386891$ & $0.00489477$ & $-0.0161868$ \\
CHWHB_gagaorth & $0.0608681$ & $0.140522$ & $0.144957$ & $-0.0531977$ & $0.00322429$ & $0.0252666$ & $0.281652$ & $-0.577471$ & $-0.573658$ & $1$ & $0.51697$ & $-0.136216$ & $-0.333722$ & $-0.191265$ & $-0.282062$ & $-0.272876$ & $0.0958013$ & $0.207343$ & $0.202593$ & $-0.507789$ & $-0.523451$ & $-0.519015$ & $-0.0201411$ & $0.338685$ & $0.186174$ & $0.365327$ & $-0.223587$ & $-0.227959$ & $-0.0641573$ & $-0.30142$ & $-0.194367$ & $0.28301$ & $-0.32609$ & $-0.289774$ & $-0.00659164$ & $-0.123101$ & $0.0575692$ & $0.0922301$ & $0.126274$ & $0.0235955$ & $0.142106$ & $-0.0314361$ & $-0.0391481$ & $0.0331753$ & $0.0484556$ & $0.0633944$ & $0.121481$ & $0.00739635$ & $-0.0307487$ \\
CHD & $0.0501641$ & $0.110534$ & $0.109586$ & $-0.0630423$ & $0.0209373$ & $0.152312$ & $0.191603$ & $-0.87436$ & $-0.865284$ & $0.51697$ & $1$ & $-0.0943594$ & $-0.216094$ & $-0.678505$ & $-0.585482$ & $-0.574737$ & $-0.270714$ & $-0.0366318$ & $-0.0352326$ & $-0.995259$ & $-0.995353$ & $-0.983909$ & $0.0279424$ & $0.202799$ & $-0.0814491$ & $0.689701$ & $-0.271163$ & $-0.444569$ & $-0.0391686$ & $-0.182266$ & $-0.121135$ & $0.195751$ & $-0.196496$ & $-0.316322$ & $-0.0260688$ & $-0.0969275$ & $0.0395313$ & $0.0748114$ & $0.0936985$ & $0.0200361$ & $0.111771$ & $-0.00839986$ & $-0.0150852$ & $0.00289593$ & $0.0547704$ & $0.0177483$ & $0.0724494$ & $0.0153504$ & $-0.017538$ \\
CHbox & $-0.228339$ & $-0.31808$ & $-0.399222$ & $0.00647206$ & $-0.0293535$ & $-0.0371676$ & $-0.75601$ & $0.0345717$ & $0.0421097$ & $-0.136216$ & $-0.0943594$ & $1$ & $0.882583$ & $0.132036$ & $0.0603862$ & $0.0608435$ & $0.114405$ & $0.0931991$ & $0.0926454$ & $0.0930753$ & $0.0883208$ & $0.0876441$ & $-0.0149648$ & $0.0763495$ & $0.102223$ & $-0.0610664$ & $-0.0101428$ & $0.0401425$ & $0.193181$ & $0.709002$ & $0.417713$ & $-0.692689$ & $0.750282$ & $-0.0252912$ & $0.0798516$ & $0.380376$ & $-0.0263644$ & $-0.288298$ & $-0.392154$ & $-0.0232774$ & $-0.347623$ & $0.0855617$ & $0.0640112$ & $-0.0422662$ & $-0.046033$ & $-0.269808$ & $-0.338347$ & $-0.110751$ & $0.173919$ \\
CH & $-0.279044$ & $-0.402616$ & $-0.469849$ & $0.119473$ & $-0.0300483$ & $-0.0660188$ & $-0.837952$ & $0.117985$ & $0.123239$ & $-0.333722$ & $-0.216094$ & $0.882583$ & $1$ & $0.245702$ & $0.116873$ & $0.112474$ & $0.197125$ & $0.149862$ & $0.15171$ & $0.211041$ & $0.209908$ & $0.207071$ & $-0.00642057$ & $0.0925517$ & $0.166459$ & $-0.150273$ & $0.0314602$ & $0.0963209$ & $0.212736$ & $0.77042$ & $0.472623$ & $-0.78146$ & $0.818244$ & $0.0078039$ & $0.000204752$ & $0.306781$ & $0.00963495$ & $-0.254069$ & $-0.410295$ & $-0.0569728$ & $-0.461569$ & $0.0848237$ & $0.0879034$ & $-0.105843$ & $-0.0879909$ & $-0.193298$ & $-0.346877$ & $-0.0324017$ & $0.173195$ \\
CHL1_11 & $-0.072974$ & $-0.1196$ & $-0.138939$ & $0.0675105$ & $-0.0166497$ & $-0.0407795$ & $-0.214527$ & $0.288868$ & $0.283632$ & $-0.191265$ & $-0.678505$ & $0.132036$ & $0.245702$ & $1$ & $0.426381$ & $0.413521$ & $0.646195$ & $0.594698$ & $0.592793$ & $0.688234$ & $0.651121$ & $0.640053$ & $-0.0982787$ & $0.437988$ & $0.603534$ & $-0.454139$ & $-0.0466248$ & $0.292188$ & $0.0450532$ & $0.201472$ & $0.141486$ & $-0.2192$ & $0.231115$ & $-0.170406$ & $-0.0016796$ & $0.0905545$ & $-0.0210977$ & $-0.0765328$ & $-0.11395$ & $-0.0167612$ & $-0.123416$ & $0.00407917$ & $0.0183867$ & $-0.0140566$ & $-0.066419$ & $-0.0197882$ & $-0.076056$ & $-0.0153382$ & $0.0551846$ \\
CHL1_22 & $-0.00989911$ & $-0.0539699$ & $-0.0650343$ & $0.0151067$ & $-0.00343017$ & $-0.0884177$ & $-0.101524$ & $0.467568$ & $0.463497$ & $-0.282062$ & $-0.585482$ & $0.0603862$ & $0.116873$ & $0.426381$ & $1$ & $0.536127$ & $0.192424$ & $-0.290786$ & $0.0173014$ & $0.626515$ & $0.531647$ & $0.523578$ & $-0.174127$ & $0.0479597$ & $-0.0478733$ & $-0.372551$ & $-0.290592$ & $0.242251$ & $0.0200259$ & $0.10484$ & $0.0693985$ & $-0.100185$ & $0.115745$ & $-0.466638$ & $0.0123748$ & $0.070365$ & $-0.0189259$ & $-0.0370685$ & $-0.0574964$ & $-0.0199179$ & $-0.0428876$ & $-0.00671429$ & $-0.00201245$ & $-0.00224236$ & $-0.0315701$ & $-0.0251603$ & $-0.0520464$ & $-0.0202094$ & $0.0296697$ \\
CHL1_33 & $-0.0116636$ & $-0.0517502$ & $-0.0545328$ & $0.0131815$ & $-1.66094e-05$ & $-0.0864621$ & $-0.0960432$ & $0.461789$ & $0.457802$ & $-0.272876$ & $-0.574737$ & $0.0608435$ & $0.112474$ & $0.413521$ & $0.536127$ & $1$ & $0.183413$ & $0.0160637$ & $-0.29296$ & $0.615186$ & $0.52208$ & $0.531711$ & $-0.176602$ & $0.0433784$ & $-0.0515191$ & $-0.359434$ & $-0.284402$ & $0.238358$ & $0.0197043$ & $0.0978349$ & $0.0666627$ & $-0.0961932$ & $0.108249$ & $-0.0162928$ & $3.33624e-05$ & $0.0717443$ & $-0.0286439$ & $-0.0497957$ & $-0.0562675$ & $-0.0131569$ & $-0.0342031$ & $0.00793217$ & $0.00839249$ & $-0.00395069$ & $-0.0280403$ & $-0.0305955$ & $-0.0367766$ & $-0.00326179$ & $0.0389947$ \\
CHL3_11 & $-0.0660225$ & $-0.0840818$ & $-0.122752$ & $0.062795$ & $-0.0202045$ & $-0.373072$ & $-0.172254$ & $-0.202285$ & $-0.204008$ & $0.0958013$ & $-0.270714$ & $0.114405$ & $0.197125$ & $0.646195$ & $0.192424$ & $0.183413$ & $1$ & $0.820897$ & $0.819533$ & $0.281057$ & $0.247209$ & $0.241061$ & $-0.0809178$ & $0.752759$ & $0.858363$ & $-0.176445$ & $-0.1457$ & $0.115836$ & $0.0351262$ & $0.157261$ & $0.117259$ & $-0.177673$ & $0.189766$ & $-0.254036$ & $-0.00915928$ & $0.0627841$ & $0.00587263$ & $-0.0604424$ & $-0.0870202$ & $-0.0203546$ & $-0.099644$ & $0.00245132$ & $0.00525965$ & $-0.01871$ & $-0.0549782$ & $-0.00443899$ & $-0.0558886$ & $-0.0141961$ & $0.0665753$ \\
CHL3_22 & $-0.0643831$ & $-0.0667158$ & $-0.0948489$ & $0.0536977$ & $-0.0174709$ & $-0.175234$ & $-0.130189$ & $-0.389589$ & $-0.389356$ & $0.207343$ & $-0.0366318$ & $0.0931991$ & $0.149862$ & $0.594698$ & $-0.290786$ & $0.0160637$ & $0.820897$ & $1$ & $0.784188$ & $0.0351698$ & $0.0312814$ & $0.0295736$ & $-0.0205277$ & $0.738864$ & $0.868654$ & $-0.0245243$ & $-0.0534969$ & $0.0159361$ & $0.0279616$ & $0.114684$ & $0.0884332$ & $-0.135662$ & $0.142597$ & $-0.0695919$ & $-0.0201101$ & $0.0326529$ & $0.00906996$ & $-0.0459786$ & $-0.0674511$ & $-0.00667663$ & $-0.0821465$ & $0.00529239$ & $0.0123918$ & $-0.0173092$ & $-0.0421814$ & $0.00200876$ & $-0.0328292$ & $-0.00187939$ & $0.054792$ \\
CHL3_33 & $-0.0630772$ & $-0.068107$ & $-0.0998728$ & $0.0539348$ & $-0.0210636$ & $-0.174959$ & $-0.132801$ & $-0.38998$ & $-0.389756$ & $0.202593$ & $-0.0352326$ & $0.0926454$ & $0.15171$ & $0.592793$ & $0.0173014$ & $-0.29296$ & $0.819533$ & $0.784188$ & $1$ & $0.0336782$ & $0.0304087$ & $0.0287284$ & $-0.0147756$ & $0.736749$ & $0.86848$ & $-0.0280501$ & $-0.0506788$ & $0.0150686$ & $0.0279441$ & $0.119043$ & $0.0894336$ & $-0.137213$ & $0.146454$ & $-0.375585$ & $-0.0119105$ & $0.0307744$ & $0.0147798$ & $-0.0370454$ & $-0.0679557$ & $-0.0112394$ & $-0.0880256$ & $-0.00310064$ & $0.0060898$ & $-0.0163289$ & $-0.0441995$ & $0.00513147$ & $-0.0431574$ & $-0.0128357$ & $0.0478424$ \\
CHe_11 & $-0.0486693$ & $-0.103583$ & $-0.10529$ & $0.0598028$ & $-0.0124114$ & $-0.14991$ & $-0.186409$ & $0.858822$ & $0.850046$ & $-0.507789$ & $-0.995259$ & $0.0930753$ & $0.211041$ & $0.688234$ & $0.626515$ & $0.615186$ & $0.281057$ & $0.0351698$ & $0.0336782$ & $1$ & $0.985667$ & $0.974419$ & $-0.0462777$ & $-0.170837$ & $0.0847794$ & $-0.682955$ & $0.218772$ & $0.440527$ & $0.0382038$ & $0.178927$ & $0.119288$ & $-0.190127$ & $0.193582$ & $0.26097$ & $0.0253964$ & $0.0968977$ & $-0.0390644$ & $-0.0734646$ & $-0.0919029$ & $-0.0202125$ & $-0.106311$ & $0.00695963$ & $0.0132416$ & $-0.00186939$ & $-0.0551018$ & $-0.0188669$ & $-0.0697183$ & $-0.0158701$ & $0.0220593$ \\
CHe_22 & $-0.0507258$ & $-0.10389$ & $-0.103244$ & $0.0638982$ & $-0.0124956$ & $-0.154061$ & $-0.186221$ & $0.888461$ & $0.879225$ & $-0.523451$ & $-0.995353$ & $0.0883208$ & $0.209908$ & $0.651121$ & $0.531647$ & $0.52208$ & $0.247209$ & $0.0312814$ & $0.0304087$ & $0.985667$ & $1$ & $0.986726$ & $-0.00609944$ & $-0.24477$ & $0.069951$ & $-0.691601$ & $0.331525$ & $0.445554$ & $0.0379821$ & $0.176928$ & $0.117547$ & $-0.190735$ & $0.190044$ & $0.381291$ & $0.0285268$ & $0.0930975$ & $-0.0395947$ & $-0.0723855$ & $-0.0888055$ & $-0.0194988$ & $-0.109771$ & $0.00901439$ & $0.0138196$ & $-0.00148274$ & $-0.0542014$ & $-0.0149279$ & $-0.0686921$ & $-0.0152983$ & $0.0143471$ \\
CHe_33 & $-0.0492801$ & $-0.102302$ & $-0.10138$ & $0.0633084$ & $-0.0120366$ & $-0.153027$ & $-0.184404$ & $0.880232$ & $0.871065$ & $-0.519015$ & $-0.983909$ & $0.0876441$ & $0.207071$ & $0.640053$ & $0.523578$ & $0.531711$ & $0.241061$ & $0.0295736$ & $0.0287284$ & $0.974419$ & $0.986726$ & $1$ & $-0.00400484$ & $-0.245214$ & $0.0673201$ & $-0.683767$ & $0.330853$ & $0.440681$ & $0.0379252$ & $0.175733$ & $0.115956$ & $-0.188792$ & $0.187895$ & $0.382539$ & $0.0289405$ & $0.0919814$ & $-0.0393937$ & $-0.0720238$ & $-0.0876791$ & $-0.0189241$ & $-0.108931$ & $0.00981202$ & $0.0138582$ & $-0.000886538$ & $-0.0542658$ & $-0.015389$ & $-0.0681632$ & $-0.01517$ & $0.0140949$ \\
CHQ1_11 & $-0.0189609$ & $-0.00196192$ & $0.0113563$ & $0.0323436$ & $-0.00424581$ & $-0.00657282$ & $0.0128621$ & $0.031878$ & $0.0316522$ & $-0.0201411$ & $0.0279424$ & $-0.0149648$ & $-0.00642057$ & $-0.0982787$ & $-0.174127$ & $-0.176602$ & $-0.0809178$ & $-0.0205277$ & $-0.0147756$ & $-0.0462777$ & $-0.00609944$ & $-0.00400484$ & $1$ & $-0.134087$ & $0.0414868$ & $-0.566056$ & $0.347687$ & $-0.00718484$ & $-0.00451785$ & $-0.00573361$ & $-0.00246194$ & $0.0144029$ & $-0.0117418$ & $0.195765$ & $0.0124765$ & $-0.0455969$ & $0.0108214$ & $0.00415899$ & $0.0321457$ & $0.00187049$ & $-0.024374$ & $0.00111242$ & $0.00635674$ & $0.0265955$ & $0.0154798$ & $0.0494384$ & $0.0147462$ & $0.0242015$ & $-0.0341291$ \\
CHQ1_33 & $-0.0545014$ & $-0.0407809$ & $-0.0689096$ & $0.0241147$ & $-0.012728$ & $-0.12975$ & $-0.076424$ & $-0.618781$ & $-0.615367$ & $0.338685$ & $0.202799$ & $0.0763495$ & $0.0925517$ & $0.437988$ & $0.0479597$ & $0.0433784$ & $0.752759$ & $0.738864$ & $0.736749$ & $-0.170837$ & $-0.24477$ & $-0.245214$ & $-0.134087$ & $1$ & $0.749589$ & $0.166207$ & $-0.404906$ & $-0.0267002$ & $0.0162183$ & $0.0700626$ & $0.0590527$ & $-0.0775413$ & $0.0954144$ & $-0.613629$ & $-0.0306201$ & $0.0133698$ & $0.0230235$ & $-0.0205767$ & $-0.0495676$ & $-0.00311219$ & $-0.046224$ & $0.000812414$ & $0.00425043$ & $-0.017618$ & $-0.031522$ & $0.00127945$ & $-0.0177978$ & $-0.00136854$ & $0.0616224$ \\
CHQ3_11 & $-0.101394$ & $-0.0837208$ & $-0.104144$ & $0.0684709$ & $-0.0179718$ & $-0.215523$ & $-0.14303$ & $-0.355771$ & $-0.355567$ & $0.186174$ & $-0.0814491$ & $0.102223$ & $0.166459$ & $0.603534$ & $-0.0478733$ & $-0.0515191$ & $0.858363$ & $0.868654$ & $0.86848$ & $0.0847794$ & $0.069951$ & $0.0673201$ & $0.0414868$ & $0.749589$ & $1$ & $-0.0522566$ & $0.120598$ & $0.0305877$ & $0.029828$ & $0.126903$ & $0.0980638$ & $-0.147636$ & $0.156621$ & $-0.252692$ & $-0.0196109$ & $0.0255625$ & $0.01839$ & $-0.0389738$ & $-0.0706322$ & $-0.00356011$ & $-0.10897$ & $0.00472698$ & $0.0151941$ & $-0.0209356$ & $-0.0509151$ & $0.0253862$ & $-0.0289645$ & $0.0020024$ & $0.0495605$ \\
CHu_11 & $0.0304029$ & $0.0748574$ & $0.0719368$ & $-0.0572417$ & $0.0076796$ & $0.110875$ & $0.127548$ & $-0.612837$ & $-0.606489$ & $0.365327$ & $0.689701$ & $-0.0610664$ & $-0.150273$ & $-0.454139$ & $-0.372551$ & $-0.359434$ & $-0.176445$ & $-0.0245243$ & $-0.0280501$ & $-0.682955$ & $-0.691601$ & $-0.683767$ & $-0.566056$ & $0.166207$ & $-0.0522566$ & $1$ & $-0.201512$ & $-0.306916$ & $-0.0248925$ & $-0.128155$ & $-0.0858033$ & $0.129031$ & $-0.135297$ & $-0.258449$ & $-0.0305444$ & $-0.0467856$ & $0.0244691$ & $0.0549459$ & $0.0482839$ & $0.0199315$ & $0.0846593$ & $-0.00700672$ & $-0.0133079$ & $-0.0214471$ & $0.0273125$ & $-0.00764207$ & $0.0471352$ & $0.000349178$ & $0.000444681$ \\
CHd_11 & $-0.0408017$ & $-0.0265501$ & $-0.00387608$ & $0.0486043$ & $-0.00505618$ & $-0.0573118$ & $-0.0294014$ & $0.402657$ & $0.398399$ & $-0.223587$ & $-0.271163$ & $-0.0101428$ & $0.0314602$ & $-0.0466248$ & $-0.290592$ & $-0.284402$ & $-0.1457$ & $-0.0534969$ & $-0.0506788$ & $0.218772$ & $0.331525$ & $0.330853$ & $0.347687$ & $-0.404906$ & $0.120598$ & $-0.201512$ & $1$ & $0.126044$ & $0.00489067$ & $0.0189413$ & $0.0103982$ & $-0.0331538$ & $0.0118681$ & $0.673811$ & $0.0284414$ & $-0.0200151$ & $-0.00253125$ & $0.000412331$ & $0.0081245$ & $0.0151711$ & $-0.0626362$ & $0.013468$ & $0.009549$ & $0.00845449$ & $-0.00471387$ & $0.044482$ & $0.00107952$ & $0.0108542$ & $-0.0573559$ \\
CHd_33 & $-0.0164049$ & $-0.0444364$ & $-0.0501597$ & $0.04053$ & $-0.00720507$ & $-0.0721892$ & $-0.0833279$ & $0.394593$ & $0.391271$ & $-0.227959$ & $-0.444569$ & $0.0401425$ & $0.0963209$ & $0.292188$ & $0.242251$ & $0.238358$ & $0.115836$ & $0.0159361$ & $0.0150686$ & $0.440527$ & $0.445554$ & $0.440681$ & $-0.00718484$ & $-0.0267002$ & $0.0305877$ & $-0.306916$ & $0.126044$ & $1$ & $0.0136713$ & $0.0806081$ & $0.0565099$ & $-0.0854871$ & $0.0854463$ & $0.16593$ & $0.0214419$ & $0.046695$ & $-0.0285661$ & $-0.0240256$ & $-0.0389151$ & $-0.00927327$ & $-0.0471504$ & $0.00363746$ & $0.0146613$ & $0.000620128$ & $-0.0314067$ & $-0.00974425$ & $-0.0443015$ & $-0.00479826$ & $0.000865847$ \\
CeH_22r & $-0.0620072$ & $-0.0790448$ & $-0.0984204$ & $0.0333411$ & $-0.0126776$ & $-0.00861679$ & $-0.166486$ & $0.0213849$ & $0.0275119$ & $-0.0641573$ & $-0.0391686$ & $0.193181$ & $0.212736$ & $0.0450532$ & $0.0200259$ & $0.0197043$ & $0.0351262$ & $0.0279616$ & $0.0279441$ & $0.0382038$ & $0.0379821$ & $0.0379252$ & $-0.00451785$ & $0.0162183$ & $0.029828$ & $-0.0248925$ & $0.00489067$ & $0.0136713$ & $1$ & $0.180281$ & $0.113045$ & $-0.163019$ & $0.194094$ & $0.00205881$ & $-0.0127281$ & $0.0681241$ & $-0.00704659$ & $-0.0536504$ & $-0.0875306$ & $-0.0233073$ & $-0.0992313$ & $0.0169539$ & $0.0212355$ & $-0.0263837$ & $-0.0196491$ & $-0.0379759$ & $-0.0730227$ & $-0.00573602$ & $0.0404859$ \\
CeH_33r & $-0.219551$ & $-0.305452$ & $-0.353091$ & $0.0875137$ & $-0.0286987$ & $-0.0526863$ & $-0.667363$ & $0.103596$ & $0.119508$ & $-0.30142$ & $-0.182266$ & $0.709002$ & $0.77042$ & $0.201472$ & $0.10484$ & $0.0978349$ & $0.157261$ & $0.114684$ & $0.119043$ & $0.178927$ & $0.176928$ & $0.175733$ & $-0.00573361$ & $0.0700626$ & $0.126903$ & $-0.128155$ & $0.0189413$ & $0.0806081$ & $0.180281$ & $1$ & $0.54405$ & $-0.56101$ & $0.884143$ & $0.00443596$ & $-0.00601104$ & $0.221714$ & $-0.00876575$ & $-0.210172$ & $-0.31139$ & $-0.048414$ & $-0.353953$ & $0.059815$ & $0.0767352$ & $-0.0713205$ & $-0.0600571$ & $-0.141321$ & $-0.26495$ & $-0.0171337$ & $0.134885$ \\
CuH_22r & $-0.192984$ & $-0.203026$ & $-0.182867$ & $0.0771581$ & $-0.012512$ & $-0.0398629$ & $-0.412336$ & $0.0628081$ & $0.0738459$ & $-0.194367$ & $-0.121135$ & $0.417713$ & $0.472623$ & $0.141486$ & $0.0693985$ & $0.0666627$ & $0.117259$ & $0.0884332$ & $0.0894336$ & $0.119288$ & $0.117547$ & $0.115956$ & $-0.00246194$ & $0.0590527$ & $0.0980638$ & $-0.0858033$ & $0.0103982$ & $0.0565099$ & $0.113045$ & $0.54405$ & $1$ & $-0.329581$ & $0.591416$ & $-0.00130918$ & $-0.020485$ & $0.107312$ & $-0.00331168$ & $-0.104415$ & $-0.182592$ & $-0.0154662$ & $-0.223218$ & $0.0393192$ & $0.0543634$ & $-0.0494109$ & $-0.0491404$ & $-0.0189763$ & $-0.0467788$ & $0.0272571$ & $0.0890665$ \\
CuH_33r & $0.196298$ & $0.403406$ & $0.405428$ & $-0.0901642$ & $-0.00164453$ & $0.0657527$ & $0.968812$ & $-0.10875$ & $-0.0944397$ & $0.28301$ & $0.195751$ & $-0.692689$ & $-0.78146$ & $-0.2192$ & $-0.100185$ & $-0.0961932$ & $-0.177673$ & $-0.135662$ & $-0.137213$ & $-0.190127$ & $-0.190735$ & $-0.188792$ & $0.0144029$ & $-0.0775413$ & $-0.147636$ & $0.129031$ & $-0.0331538$ & $-0.0854871$ & $-0.163019$ & $-0.56101$ & $-0.329581$ & $1$ & $-0.596385$ & $-0.01451$ & $0.0331224$ & $-0.358095$ & $0.0527972$ & $0.192639$ & $0.459088$ & $0.0154088$ & $0.408953$ & $-0.0831586$ & $-0.132101$ & $0.192517$ & $0.131462$ & $0.27034$ & $0.334619$ & $0.00221806$ & $-0.153462$ \\
CdH_33r & $-0.268656$ & $-0.304871$ & $-0.348966$ & $0.0510829$ & $-0.033468$ & $-0.0603465$ & $-0.715439$ & $0.100937$ & $0.11835$ & $-0.32609$ & $-0.196496$ & $0.750282$ & $0.818244$ & $0.231115$ & $0.115745$ & $0.108249$ & $0.189766$ & $0.142597$ & $0.146454$ & $0.193582$ & $0.190044$ & $0.187895$ & $-0.0117418$ & $0.0954144$ & $0.156621$ & $-0.135297$ & $0.0118681$ & $0.0854463$ & $0.194094$ & $0.884143$ & $0.591416$ & $-0.596385$ & $1$ & $-0.00638868$ & $-0.0800332$ & $0.26276$ & $-0.0297685$ & $-0.223508$ & $-0.33758$ & $-0.0553613$ & $-0.345073$ & $0.059112$ & $0.0985084$ & $-0.100984$ & $-0.105517$ & $-0.171767$ & $-0.254989$ & $-0.00866572$ & $0.268958$ \\
CLL_1221 & $-0.00613366$ & $-0.000606538$ & $0.014361$ & $0.0238246$ & $-0.00379793$ & $-0.0918632$ & $-0.0103793$ & $0.5266$ & $0.521579$ & $-0.289774$ & $-0.316322$ & $-0.0252912$ & $0.0078039$ & $-0.170406$ & $-0.466638$ & $-0.0162928$ & $-0.254036$ & $-0.0695919$ & $-0.375585$ & $0.26097$ & $0.381291$ & $0.382539$ & $0.195765$ & $-0.613629$ & $-0.252692$ & $-0.258449$ & $0.673811$ & $0.16593$ & $0.00205881$ & $0.00443596$ & $-0.00130918$ & $-0.01451$ & $-0.00638868$ & $1$ & $0.0259745$ & $0.00132352$ & $-0.019621$ & $-0.0117595$ & $0.0116307$ & $0.00194726$ & $-0.0184976$ & $0.0150881$ & $0.00471379$ & $0.0101205$ & $-0.000234025$ & $0.0136113$ & $0.00606229$ & $0.00644833$ & $-0.0382627$ \\
eHggint & $0.307991$ & $0.240479$ & $-0.0468837$ & $0.244619$ & $-0.00190476$ & $-0.0128415$ & $0.0139027$ & $0.032271$ & $0.0264995$ & $-0.00659164$ & $-0.0260688$ & $0.0798516$ & $0.000204752$ & $-0.0016796$ & $0.0123748$ & $3.33624e-05$ & $-0.00915928$ & $-0.0201101$ & $-0.0119105$ & $0.0253964$ & $0.0285268$ & $0.0289405$ & $0.0124765$ & $-0.0306201$ & $-0.0196109$ & $-0.0305444$ & $0.0284414$ & $0.0214419$ & $-0.0127281$ & $-0.00601104$ & $-0.020485$ & $0.0331224$ & $-0.0800332$ & $0.0259745$ & $1$ & $-0.204693$ & $0.0673583$ & $-0.0226828$ & $0.296424$ & $-0.0683197$ & $-0.0470485$ & $0.13046$ & $-0.111195$ & $0.490366$ & $0.196415$ & $-0.00754038$ & $-0.133929$ & $-0.117715$ & $-0.507129$ \\
eHggpar & $0.0527921$ & $-0.0622614$ & $-0.123549$ & $-0.203908$ & $0.019871$ & $-0.0317008$ & $-0.355681$ & $0.0653096$ & $0.0620757$ & $-0.123101$ & $-0.0969275$ & $0.380376$ & $0.306781$ & $0.0905545$ & $0.070365$ & $0.0717443$ & $0.0627841$ & $0.0326529$ & $0.0307744$ & $0.0968977$ & $0.0930975$ & $0.0919814$ & $-0.0455969$ & $0.0133698$ & $0.0255625$ & $-0.0467856$ & $-0.0200151$ & $0.046695$ & $0.0681241$ & $0.221714$ & $0.107312$ & $-0.358095$ & $0.26276$ & $0.00132352$ & $-0.204693$ & $1$ & $-0.243263$ & $-0.162991$ & $-0.330068$ & $-0.0527253$ & $0.14697$ & $0.089838$ & $0.138497$ & $-0.232632$ & $0.014465$ & $-0.478777$ & $-0.243954$ & $-0.19358$ & $0.286082$ \\
eHWWint & $-0.0960699$ & $-0.00764529$ & $-0.215547$ & $0.0543841$ & $0.0245216$ & $-0.000863756$ & $0.0452209$ & $-0.0413567$ & $-0.0483248$ & $0.0575692$ & $0.0395313$ & $-0.0263644$ & $0.00963495$ & $-0.0210977$ & $-0.0189259$ & $-0.0286439$ & $0.00587263$ & $0.00906996$ & $0.0147798$ & $-0.0390644$ & $-0.0395947$ & $-0.0393937$ & $0.0108214$ & $0.0230235$ & $0.01839$ & $0.0244691$ & $-0.00253125$ & $-0.0285661$ & $-0.00704659$ & $-0.00876575$ & $-0.00331168$ & $0.0527972$ & $-0.0297685$ & $-0.019621$ & $0.0673583$ & $-0.243263$ & $1$ & $0.0418345$ & $0.0109628$ & $0.00101769$ & $-0.150393$ & $-0.129815$ & $-0.420638$ & $-0.103232$ & $0.207019$ & $0.229925$ & $0.0823498$ & $-0.0844627$ & $-0.0595065$ \\
eHWWpar & $2.30538e-05$ & $0.0864508$ & $0.199495$ & $0.0481978$ & $0.0105106$ & $0.0329793$ & $0.21049$ & $-0.044816$ & $-0.045861$ & $0.0922301$ & $0.0748114$ & $-0.288298$ & $-0.254069$ & $-0.0765328$ & $-0.0370685$ & $-0.0497957$ & $-0.0604424$ & $-0.0459786$ & $-0.0370454$ & $-0.0734646$ & $-0.0723855$ & $-0.0720238$ & $0.00415899$ & $-0.0205767$ & $-0.0389738$ & $0.0549459$ & $0.000412331$ & $-0.0240256$ & $-0.0536504$ & $-0.210172$ & $-0.104415$ & $0.192639$ & $-0.223508$ & $-0.0117595$ & $-0.0226828$ & $-0.162991$ & $0.0418345$ & $1$ & $0.15256$ & $0.019386$ & $0.14975$ & $-0.0677688$ & $0.0082651$ & $-0.13823$ & $0.0341457$ & $0.104432$ & $0.268386$ & $0.0854783$ & $-0.0595348$ \\
eHZZint & $0.213315$ & $0.412436$ & $0.102239$ & $0.176255$ & $-0.0248532$ & $0.0250192$ & $0.452851$ & $-0.0494428$ & $-0.0505496$ & $0.126274$ & $0.0936985$ & $-0.392154$ & $-0.410295$ & $-0.11395$ & $-0.0574964$ & $-0.0562675$ & $-0.0870202$ & $-0.0674511$ & $-0.0679557$ & $-0.0919029$ & $-0.0888055$ & $-0.0876791$ & $0.0321457$ & $-0.0495676$ & $-0.0706322$ & $0.0482839$ & $0.0081245$ & $-0.0389151$ & $-0.0875306$ & $-0.31139$ & $-0.182592$ & $0.459088$ & $-0.33758$ & $0.0116307$ & $0.296424$ & $-0.330068$ & $0.0109628$ & $0.15256$ & $1$ & $-0.0508123$ & $0.361573$ & $-0.0158713$ & $-0.206559$ & $0.491894$ & $0.109314$ & $0.270565$ & $0.161156$ & $0.0268178$ & $-0.129451$ \\
eHZZpar & $0.00581825$ & $-0.0478484$ & $0.00286856$ & $-0.0295326$ & $-0.00149571$ & $0.0113164$ & $0.0238508$ & $-0.0114888$ & $-0.0105621$ & $0.0235955$ & $0.0200361$ & $-0.0232774$ & $-0.0569728$ & $-0.0167612$ & $-0.0199179$ & $-0.0131569$ & $-0.0203546$ & $-0.00667663$ & $-0.0112394$ & $-0.0202125$ & $-0.0194988$ & $-0.0189241$ & $0.00187049$ & $-0.00311219$ & $-0.00356011$ & $0.0199315$ & $0.0151711$ & $-0.00927327$ & $-0.0233073$ & $-0.048414$ & $-0.0154662$ & $0.0154088$ & $-0.0553613$ & $0.00194726$ & $-0.0683197$ & $-0.0527253$ & $0.00101769$ & $0.019386$ & $-0.0508123$ & $1$ & $-0.0183257$ & $-0.029759$ & $0.0978433$ & $-0.113501$ & $-0.0888888$ & $0.038216$ & $0.164774$ & $0.116092$ & $-0.0644238$ \\
eHZgaint & $0.316643$ & $0.542507$ & $0.217542$ & $-0.287068$ & $-0.0221823$ & $0.0418278$ & $0.424545$ & $-0.0657361$ & $-0.0709008$ & $0.142106$ & $0.111771$ & $-0.347623$ & $-0.461569$ & $-0.123416$ & $-0.0428876$ & $-0.0342031$ & $-0.099644$ & $-0.0821465$ & $-0.0880256$ & $-0.106311$ & $-0.109771$ & $-0.108931$ & $-0.024374$ & $-0.046224$ & $-0.10897$ & $0.0846593$ & $-0.0626362$ & $-0.0471504$ & $-0.0992313$ & $-0.353953$ & $-0.223218$ & $0.408953$ & $-0.345073$ & $-0.0184976$ & $-0.0470485$ & $0.14697$ & $-0.150393$ & $0.14975$ & $0.361573$ & $-0.0183257$ & $1$ & $0.0255472$ & $-0.222135$ & $0.0492619$ & $-0.0777041$ & $-0.274266$ & $0.180437$ & $0.0100297$ & $0.154834$ \\
eHZgapar & $-0.0517642$ & $-0.0503645$ & $0.137023$ & $-0.107885$ & $-0.0130434$ & $-0.00158457$ & $-0.0865951$ & $0.00880243$ & $0.0101201$ & $-0.0314361$ & $-0.00839986$ & $0.0855617$ & $0.0848237$ & $0.00407917$ & $-0.00671429$ & $0.00793217$ & $0.00245132$ & $0.00529239$ & $-0.00310064$ & $0.00695963$ & $0.00901439$ & $0.00981202$ & $0.00111242$ & $0.000812414$ & $0.00472698$ & $-0.00700672$ & $0.013468$ & $0.00363746$ & $0.0169539$ & $0.059815$ & $0.0393192$ & $-0.0831586$ & $0.059112$ & $0.0150881$ & $0.13046$ & $0.089838$ & $-0.129815$ & $-0.0677688$ & $-0.0158713$ & $-0.029759$ & $0.0255472$ & $1$ & $0.142886$ & $0.0665104$ & $0.0371908$ & $-0.0351385$ & $0.0157626$ & $0.149353$ & $-0.063099$ \\
eHgagaint & $-0.153416$ & $-0.34155$ & $0.0863216$ & $-0.0836938$ & $-0.00219295$ & $0.0094673$ & $-0.126354$ & $0.012463$ & $0.0340299$ & $-0.0391481$ & $-0.0150852$ & $0.0640112$ & $0.0879034$ & $0.0183867$ & $-0.00201245$ & $0.00839249$ & $0.00525965$ & $0.0123918$ & $0.0060898$ & $0.0132416$ & $0.0138196$ & $0.0138582$ & $0.00635674$ & $0.00425043$ & $0.0151941$ & $-0.0133079$ & $0.009549$ & $0.0146613$ & $0.0212355$ & $0.0767352$ & $0.0543634$ & $-0.132101$ & $0.0985084$ & $0.00471379$ & $-0.111195$ & $0.138497$ & $-0.420638$ & $0.0082651$ & $-0.206559$ & $0.0978433$ & $-0.222135$ & $0.142886$ & $1$ & $0.0822621$ & $0.168314$ & $0.0225359$ & $0.0319749$ & $0.536808$ & $0.0030348$ \\
eHmumuint & $0.203333$ & $0.232775$ & $-0.0606177$ & $0.142277$ & $-0.0124631$ & $0.00723354$ & $0.170476$ & $0.00522539$ & $0.0105658$ & $0.0331753$ & $0.00289593$ & $-0.0422662$ & $-0.105843$ & $-0.0140566$ & $-0.00224236$ & $-0.00395069$ & $-0.01871$ & $-0.0173092$ & $-0.0163289$ & $-0.00186939$ & $-0.00148274$ & $-0.000886538$ & $0.0265955$ & $-0.017618$ & $-0.0209356$ & $-0.0214471$ & $0.00845449$ & $0.000620128$ & $-0.0263837$ & $-0.0713205$ & $-0.0494109$ & $0.192517$ & $-0.100984$ & $0.0101205$ & $0.490366$ & $-0.232632$ & $-0.103232$ & $-0.13823$ & $0.491894$ & $-0.113501$ & $0.0492619$ & $0.0665104$ & $0.0822621$ & $1$ & $0.0459263$ & $0.0922661$ & $-0.0686868$ & $-0.0766643$ & $-0.203725$ \\
eHtautauint & $0.261663$ & $-0.0561883$ & $0.260362$ & $-0.198161$ & $0.00954892$ & $0.0184403$ & $0.12125$ & $-0.0267356$ & $-0.0205605$ & $0.0484556$ & $0.0547704$ & $-0.046033$ & $-0.0879909$ & $-0.066419$ & $-0.0315701$ & $-0.0280403$ & $-0.0549782$ & $-0.0421814$ & $-0.0441995$ & $-0.0551018$ & $-0.0542014$ & $-0.0542658$ & $0.0154798$ & $-0.031522$ & $-0.0509151$ & $0.0273125$ & $-0.00471387$ & $-0.0314067$ & $-0.0196491$ & $-0.0600571$ & $-0.0491404$ & $0.131462$ & $-0.105517$ & $-0.000234025$ & $0.196415$ & $0.014465$ & $0.207019$ & $0.0341457$ & $0.109314$ & $-0.0888888$ & $-0.0777041$ & $0.0371908$ & $0.168314$ & $0.0459263$ & $1$ & $0.0437201$ & $0.0190031$ & $0.138921$ & $-0.287389$ \\
eHccint & $-0.298831$ & $-0.0877795$ & $0.0273815$ & $0.428048$ & $0.00757168$ & $-0.00441505$ & $0.262846$ & $-0.0113174$ & $-0.00568559$ & $0.0633944$ & $0.0177483$ & $-0.269808$ & $-0.193298$ & $-0.0197882$ & $-0.0251603$ & $-0.0305955$ & $-0.00443899$ & $0.00200876$ & $0.00513147$ & $-0.0188669$ & $-0.0149279$ & $-0.015389$ & $0.0494384$ & $0.00127945$ & $0.0253862$ & $-0.00764207$ & $0.044482$ & $-0.00974425$ & $-0.0379759$ & $-0.141321$ & $-0.0189763$ & $0.27034$ & $-0.171767$ & $0.0136113$ & $-0.00754038$ & $-0.478777$ & $0.229925$ & $0.104432$ & $0.270565$ & $0.038216$ & $-0.274266$ & $-0.0351385$ & $0.0225359$ & $0.0922661$ & $0.0437201$ & $1$ & $0.400561$ & $0.389265$ & $-0.303218$ \\
eHccpar & $-0.324725$ & $0.0472297$ & $0.461686$ & $-0.0197694$ & $0.00873138$ & $0.0206788$ & $0.345108$ & $-0.042451$ & $-0.0386891$ & $0.121481$ & $0.0724494$ & $-0.338347$ & $-0.346877$ & $-0.076056$ & $-0.0520464$ & $-0.0367766$ & $-0.0558886$ & $-0.0328292$ & $-0.0431574$ & $-0.0697183$ & $-0.0686921$ & $-0.0681632$ & $0.0147462$ & $-0.0177978$ & $-0.0289645$ & $0.0471352$ & $0.00107952$ & $-0.0443015$ & $-0.0730227$ & $-0.26495$ & $-0.0467788$ & $0.334619$ & $-0.254989$ & $0.00606229$ & $-0.133929$ & $-0.243954$ & $0.0823498$ & $0.268386$ & $0.161156$ & $0.164774$ & $0.180437$ & $0.0157626$ & $0.0319749$ & $-0.0686868$ & $0.0190031$ & $0.400561$ & $1$ & $0.289689$ & $0.0734064$ \\
eHbbint & $-0.185878$ & $-0.187192$ & $0.090636$ & $-0.048195$ & $-0.0114637$ & $0.0168293$ & $0.00902519$ & $-0.00753026$ & $0.00489477$ & $0.00739635$ & $0.0153504$ & $-0.110751$ & $-0.0324017$ & $-0.0153382$ & $-0.0202094$ & $-0.00326179$ & $-0.0141961$ & $-0.00187939$ & $-0.0128357$ & $-0.0158701$ & $-0.0152983$ & $-0.01517$ & $0.0242015$ & $-0.00136854$ & $0.0020024$ & $0.000349178$ & $0.0108542$ & $-0.00479826$ & $-0.00573602$ & $-0.0171337$ & $0.0272571$ & $0.00221806$ & $-0.00866572$ & $0.00644833$ & $-0.117715$ & $-0.19358$ & $-0.0844627$ & $0.0854783$ & $0.0268178$ & $0.116092$ & $0.0100297$ & $0.149353$ & $0.536808$ & $-0.0766643$ & $0.138921$ & $0.389265$ & $0.289689$ & $1$ & $-0.154644$ \\
eHbbpar & $-0.265614$ & $0.116568$ & $0.103138$ & $-0.297231$ & $-0.0163903$ & $-0.0242771$ & $-0.154682$ & $-0.0182045$ & $-0.0161868$ & $-0.0307487$ & $-0.017538$ & $0.173919$ & $0.173195$ & $0.0551846$ & $0.0296697$ & $0.0389947$ & $0.0665753$ & $0.054792$ & $0.0478424$ & $0.0220593$ & $0.0143471$ & $0.0140949$ & $-0.0341291$ & $0.0616224$ & $0.0495605$ & $0.000444681$ & $-0.0573559$ & $0.000865847$ & $0.0404859$ & $0.134885$ & $0.0890665$ & $-0.153462$ & $0.268958$ & $-0.0382627$ & $-0.507129$ & $0.286082$ & $-0.0595065$ & $-0.0595348$ & $-0.129451$ & $-0.0644238$ & $0.154834$ & $-0.063099$ & $0.0030348$ & $-0.203725$ & $-0.287389$ & $-0.303218$ & $0.0734064$ & $-0.154644$ & $1$ \\
