 & AlsMz & dAle5Mz & mtop & mHl & Mz & CW & CHG & CHWB & CHWHB_gaga & CHWHB_gagaorth & CHD & CHbox & CH & CHL1_11 & CHL1_22 & CHL1_33 & CHL3_11 & CHL3_22 & CHL3_33 & CHe_11 & CHe_22 & CHe_33 & CHQ1_11 & CHQ1_33 & CHQ3_11 & CHu_11 & CHd_11 & CHd_33 & CeH_22r & CeH_33r & CuH_22r & CuH_33r & CdH_33r & CLL_1221 & eHggint & eHggpar & eHWWint & eHWWpar & eHZZint & eHZZpar & eHZgaint & eHZgapar & eHgagaint & eHmumuint & eHtautauint & eHccint & eHccpar & eHbbint & eHbbpar \\
AlsMz & $1$ & $0.325245$ & $0.0233324$ & $0.199471$ & $-0.0204108$ & $0.000618175$ & $0.0092873$ & $-0.081192$ & $-0.0829274$ & $0.0799017$ & $0.0656623$ & $0.019408$ & $-0.00694227$ & $-0.029075$ & $0.0617584$ & $0.0147353$ & $0.00612776$ & $-0.0323272$ & $-0.000544938$ & $-0.057795$ & $-0.0779346$ & $-0.0790527$ & $-0.0863381$ & $0.0118114$ & $-0.131786$ & $0.0418431$ & $-0.161243$ & $0.0183188$ & $0.0113365$ & $-0.0334808$ & $0.0387804$ & $0.0154295$ & $0.0166022$ & $-0.101968$ & $0.279716$ & $-0.183404$ & $0.0839727$ & $-0.0356414$ & $0.0866442$ & $-0.0733693$ & $-0.423836$ & $0.0440781$ & $-0.0107818$ & $-0.0714156$ & $-0.234587$ & $0.234642$ & $0.155805$ & $-0.208054$ & $0.162678$ \\
dAle5Mz & $0.325245$ & $1$ & $-0.289277$ & $0.0899454$ & $0.0236141$ & $0.0462433$ & $0.0662785$ & $-0.116849$ & $-0.136756$ & $0.0614746$ & $0.105726$ & $-0.0027606$ & $-0.0414044$ & $-0.0519268$ & $0.0626336$ & $0.0474974$ & $-0.0211697$ & $-0.0488821$ & $-0.0398702$ & $-0.0785618$ & $-0.106001$ & $-0.102601$ & $-0.0667316$ & $0.0298573$ & $-0.124802$ & $0.047855$ & $-0.216514$ & $-0.0261727$ & $-0.0308573$ & $-0.0251003$ & $0.0249485$ & $0.101074$ & $0.026389$ & $-0.105631$ & $0.357842$ & $0.234754$ & $-0.0765022$ & $0.0937795$ & $0.179221$ & $0.0098005$ & $0.00690843$ & $0.00429058$ & $-0.327099$ & $0.158037$ & $-0.020169$ & $-0.216509$ & $0.209729$ & $-0.0229573$ & $0.132469$ \\
mtop & $0.0233324$ & $-0.289277$ & $1$ & $-0.128337$ & $-0.0312673$ & $0.0308077$ & $0.0253373$ & $-0.00612486$ & $-0.00166329$ & $-2.98722e-06$ & $0.00539969$ & $-0.0203716$ & $-0.0174657$ & $0.0158864$ & $0.0566972$ & $0.0412607$ & $0.00341137$ & $-0.0210232$ & $-0.0105394$ & $-0.00143207$ & $-0.0145133$ & $-0.0217613$ & $-0.00578715$ & $0.027596$ & $-0.0167426$ & $-0.00888475$ & $-0.0679343$ & $0.025189$ & $0.039875$ & $-0.0139101$ & $0.0188399$ & $0.00770006$ & $-0.00877243$ & $-0.0668968$ & $-0.0919936$ & $-0.199159$ & $-0.000218624$ & $-0.0133455$ & $-0.0603444$ & $0.0469902$ & $0.125145$ & $0.0144331$ & $0.0514568$ & $-0.183643$ & $-0.243269$ & $0.218248$ & $0.150076$ & $-0.272738$ & $0.0856734$ \\
mHl & $0.199471$ & $0.0899454$ & $-0.128337$ & $1$ & $-0.00975482$ & $0.0156413$ & $-0.0445178$ & $-0.0675011$ & $-0.0551777$ & $0.0184088$ & $0.0569013$ & $0.00943219$ & $0.00214417$ & $-0.0110816$ & $0.0724045$ & $0.0327573$ & $-0.00542212$ & $-0.0356179$ & $-0.00964201$ & $-0.0462981$ & $-0.070299$ & $-0.0725613$ & $-0.0898068$ & $0.0406583$ & $-0.0717613$ & $0.0657858$ & $-0.162586$ & $-0.012596$ & $-0.0060459$ & $-0.0171327$ & $0.00567147$ & $-0.038533$ & $-0.0487843$ & $-0.11859$ & $0.0111035$ & $0.118945$ & $0.116957$ & $0.0489096$ & $-0.2487$ & $-0.0672223$ & $0.124626$ & $0.0256658$ & $0.300126$ & $-0.14049$ & $-0.0145454$ & $0.159999$ & $0.0348727$ & $0.155291$ & $-0.165368$ \\
Mz & $-0.0204108$ & $0.0236141$ & $-0.0312673$ & $-0.00975482$ & $1$ & $-0.0211236$ & $-0.00831288$ & $0.0239405$ & $0.0223725$ & $-0.0218605$ & $-0.0197878$ & $-0.00553127$ & $0.00635851$ & $0.0163136$ & $0.0304813$ & $-0.00147215$ & $0.0123318$ & $-0.0131261$ & $0.00940215$ & $0.0300112$ & $0.0313732$ & $0.0309061$ & $-0.00646035$ & $-0.00145943$ & $0.00585408$ & $-0.00429372$ & $0.0142697$ & $0.0139887$ & $-0.00136143$ & $0.000321578$ & $0.0138856$ & $-0.00714035$ & $-0.00230925$ & $-0.00662856$ & $-0.00494649$ & $0.033616$ & $0.0123906$ & $0.00856652$ & $-0.0120967$ & $0.0249987$ & $0.0248665$ & $0.00993128$ & $-0.0249747$ & $-0.00693814$ & $0.0351327$ & $-0.00505994$ & $-0.00293271$ & $0.0130447$ & $-0.00315899$ \\
CW & $0.000618175$ & $0.0462433$ & $0.0308077$ & $0.0156413$ & $-0.0211236$ & $1$ & $0.0263453$ & $-0.107838$ & $-0.104296$ & $0.00909702$ & $0.174949$ & $0.0509228$ & $0.0271692$ & $0.00964886$ & $-0.0788133$ & $-0.100144$ & $-0.279311$ & $-0.068982$ & $-0.0544985$ & $-0.173465$ & $-0.17568$ & $-0.173929$ & $0.0189864$ & $-0.0235307$ & $-0.0954706$ & $0.0862397$ & $-0.0504523$ & $-0.0785609$ & $-0.000238781$ & $-0.0199571$ & $-0.0115539$ & $0.0250611$ & $-0.00479108$ & $-0.107832$ & $0.0304085$ & $0.0290393$ & $0.0224749$ & $0.00512773$ & $0.0133118$ & $0.0238496$ & $0.0380435$ & $0.00942863$ & $-0.0142371$ & $0.0094887$ & $-0.0100994$ & $-0.0195197$ & $-0.00756957$ & $0.00378166$ & $0.0283156$ \\
CHG & $0.0092873$ & $0.0662785$ & $0.0253373$ & $-0.0445178$ & $-0.00831288$ & $0.0263453$ & $1$ & $-0.0991445$ & $-0.059184$ & $0.0805486$ & $0.0672329$ & $-0.273926$ & $-0.307884$ & $0.032116$ & $-0.0171232$ & $-0.0226348$ & $0.057281$ & $0.0679502$ & $0.0705236$ & $-0.0652696$ & $-0.0703988$ & $-0.0689101$ & $-0.0129075$ & $0.0924587$ & $0.061382$ & $0.0367249$ & $-0.053469$ & $-0.012733$ & $0.0189188$ & $-0.129358$ & $-0.10761$ & $0.933816$ & $-0.172799$ & $-0.0633687$ & $-0.0152338$ & $0.0394735$ & $-0.0320912$ & $0.00406785$ & $0.000820831$ & $0.00056707$ & $-0.0602704$ & $0.0165225$ & $-0.0369897$ & $-0.000868587$ & $0.00161489$ & $0.00293742$ & $-0.0390757$ & $-0.0329616$ & $0.0306555$ \\
CHWB & $-0.081192$ & $-0.116849$ & $-0.00612486$ & $-0.0675011$ & $0.0239405$ & $-0.107838$ & $-0.0991445$ & $1$ & $0.984427$ & $-0.572739$ & $-0.880027$ & $0.21708$ & $0.346766$ & $0.124797$ & $0.313292$ & $0.320005$ & $-0.215191$ & $-0.413749$ & $-0.419967$ & $0.852555$ & $0.896657$ & $0.878496$ & $0.0516831$ & $-0.661456$ & $-0.393518$ & $-0.514957$ & $0.38967$ & $0.301295$ & $0.00672606$ & $0.101265$ & $0.0384417$ & $-0.0965248$ & $0.0972479$ & $0.545167$ & $-0.010031$ & $0.0352074$ & $0.0195381$ & $-0.0199904$ & $-0.086188$ & $-0.00652907$ & $-0.000209501$ & $0.0130848$ & $-0.0685092$ & $-0.0303358$ & $0.103585$ & $-0.0191697$ & $-0.0817427$ & $0.0131321$ & $-0.0506335$ \\
CHWHB_gaga & $-0.0829274$ & $-0.136756$ & $-0.00166329$ & $-0.0551777$ & $0.0223725$ & $-0.104296$ & $-0.059184$ & $0.984427$ & $1$ & $-0.559551$ & $-0.864055$ & $0.223039$ & $0.3438$ & $0.117528$ & $0.311832$ & $0.317746$ & $-0.217448$ & $-0.413407$ & $-0.418954$ & $0.837777$ & $0.879455$ & $0.861455$ & $0.0470753$ & $-0.653332$ & $-0.392143$ & $-0.502931$ & $0.379331$ & $0.299574$ & $0.0138498$ & $0.119257$ & $0.0477643$ & $-0.0669751$ & $0.112498$ & $0.532056$ & $-0.0366344$ & $0.0169796$ & $0.0188705$ & $-0.0270017$ & $-0.0816762$ & $-0.0158018$ & $0.0073915$ & $0.0139065$ & $-0.0149848$ & $-0.0440951$ & $0.0934333$ & $-0.0120358$ & $-0.0794472$ & $0.0071204$ & $-0.0571724$ \\
CHWHB_gagaorth & $0.0799017$ & $0.0614746$ & $-2.98722e-06$ & $0.0184088$ & $-0.0218605$ & $0.00909702$ & $0.0805486$ & $-0.572739$ & $-0.559551$ & $1$ & $0.363455$ & $0.00465268$ & $-0.247035$ & $0.207368$ & $-0.14527$ & $-0.141783$ & $0.405836$ & $0.475503$ & $0.471005$ & $-0.351892$ & $-0.379556$ & $-0.372153$ & $-0.0445721$ & $0.536861$ & $0.469358$ & $0.227518$ & $-0.209123$ & $-0.130307$ & $-0.0205749$ & $-0.111407$ & $-0.0588959$ & $0.0979976$ & $-0.126106$ & $-0.333571$ & $0.0363279$ & $-0.00232162$ & $-0.0130145$ & $-0.00229563$ & $0.0201789$ & $0.00874449$ & $-0.0412373$ & $-0.0100236$ & $0.0394421$ & $0.0410607$ & $-0.059878$ & $0.0142853$ & $0.0140838$ & $0.000936726$ & $0.0373528$ \\
CHD & $0.0656623$ & $0.105726$ & $0.00539969$ & $0.0569013$ & $-0.0197878$ & $0.174949$ & $0.0672329$ & $-0.880027$ & $-0.864055$ & $0.363455$ & $1$ & $-0.0399208$ & $-0.169254$ & $-0.532215$ & $-0.428675$ & $-0.427953$ & $-0.238086$ & $0.0473915$ & $0.0531415$ & $-0.990146$ & $-0.991599$ & $-0.969662$ & $0.00104887$ & $0.298036$ & $0.0112754$ & $0.566708$ & $-0.263395$ & $-0.332199$ & $0.0170123$ & $-0.0587468$ & $-0.0212169$ & $0.0752939$ & $-0.0391905$ & $-0.353104$ & $0.0272031$ & $-0.0213784$ & $-0.0329461$ & $0.0196941$ & $0.088878$ & $0.0162954$ & $0.00633789$ & $-0.0141955$ & $0.0388508$ & $0.0303243$ & $-0.0702415$ & $0.00201013$ & $0.0585535$ & $-0.00872033$ & $0.0594421$ \\
CHbox & $0.019408$ & $-0.0027606$ & $-0.0203716$ & $0.00943219$ & $-0.00553127$ & $0.0509228$ & $-0.273926$ & $0.21708$ & $0.223039$ & $0.00465268$ & $-0.0399208$ & $1$ & $0.932562$ & $-0.272697$ & $0.0409008$ & $0.0614369$ & $-0.364676$ & $-0.351541$ & $-0.362074$ & $0.0454034$ & $0.0462381$ & $0.0477085$ & $0.0101114$ & $-0.321341$ & $-0.349526$ & $-0.0221549$ & $0.0648817$ & $0.019806$ & $0.0430656$ & $0.328957$ & $0.125596$ & $-0.202553$ & $0.41672$ & $0.129824$ & $0.0589512$ & $0.0228265$ & $-0.0508846$ & $-0.00137906$ & $-0.0448687$ & $0.0145187$ & $-0.0123636$ & $-0.0212008$ & $-0.0418571$ & $0.0299532$ & $0.0192627$ & $-0.0193632$ & $-0.0641084$ & $0.0532786$ & $-0.00677032$ \\
CH & $-0.00694227$ & $-0.0414044$ & $-0.0174657$ & $0.00214417$ & $0.00635851$ & $0.0271692$ & $-0.307884$ & $0.346766$ & $0.3438$ & $-0.247035$ & $-0.169254$ & $0.932562$ & $1$ & $-0.223865$ & $0.0702643$ & $0.0854768$ & $-0.355372$ & $-0.370031$ & $-0.37721$ & $0.166156$ & $0.179674$ & $0.177073$ & $0.0180782$ & $-0.39014$ & $-0.366417$ & $-0.0966516$ & $0.130336$ & $0.0652118$ & $0.0367189$ & $0.282356$ & $0.127297$ & $-0.260319$ & $0.359958$ & $0.211045$ & $0.0325288$ & $0.00951173$ & $-0.031168$ & $0.00526737$ & $-0.0613906$ & $0.00922045$ & $0.00340056$ & $-0.00972909$ & $-0.0382361$ & $0.0159684$ & $0.0337349$ & $-0.0115943$ & $-0.0637663$ & $0.0549286$ & $-0.0202542$ \\
CHL1_11 & $-0.029075$ & $-0.0519268$ & $0.0158864$ & $-0.0110816$ & $0.0163136$ & $0.00964886$ & $0.032116$ & $0.124797$ & $0.117528$ & $0.207368$ & $-0.532215$ & $-0.272697$ & $-0.223865$ & $1$ & $0.261984$ & $0.24548$ & $0.652563$ & $0.594415$ & $0.595994$ & $0.545714$ & $0.496316$ & $0.480305$ & $-0.0791534$ & $0.454029$ & $0.597903$ & $-0.274393$ & $-0.0778933$ & $0.160065$ & $-0.0508302$ & $-0.0518393$ & $-0.0197693$ & $0.0123333$ & $-0.083152$ & $-0.194239$ & $-0.0379567$ & $-0.00744389$ & $0.0504639$ & $-0.0157183$ & $-0.0369683$ & $-0.0124212$ & $0.00286585$ & $0.0210895$ & $0.0307651$ & $0.00392767$ & $-0.0176686$ & $0.0270315$ & $0.0095946$ & $0.00571387$ & $-0.0384428$ \\
CHL1_22 & $0.0617584$ & $0.0626336$ & $0.0566972$ & $0.0724045$ & $0.0304813$ & $-0.0788133$ & $-0.0171232$ & $0.313292$ & $0.311832$ & $-0.14527$ & $-0.428675$ & $0.0409008$ & $0.0702643$ & $0.261984$ & $1$ & $0.431109$ & $0.160277$ & $-0.459184$ & $-0.0317882$ & $0.493993$ & $0.349002$ & $0.339537$ & $-0.143585$ & $0.0822521$ & $-0.1406$ & $-0.220369$ & $-0.403645$ & $0.135581$ & $-0.0111207$ & $0.0276192$ & $0.0276186$ & $-0.0187131$ & $0.0227766$ & $-0.594499$ & $0.00980994$ & $-0.0561172$ & $-0.0474844$ & $0.00931936$ & $0.0470378$ & $-0.0221682$ & $0.0433827$ & $0.00579823$ & $0.0203327$ & $-0.0502399$ & $-0.073071$ & $0.00118531$ & $0.0557017$ & $-0.0480263$ & $-0.0268717$ \\
CHL1_33 & $0.0147353$ & $0.0474974$ & $0.0412607$ & $0.0327573$ & $-0.00147215$ & $-0.100144$ & $-0.0226348$ & $0.320005$ & $0.317746$ & $-0.141783$ & $-0.427953$ & $0.0614369$ & $0.0854768$ & $0.24548$ & $0.431109$ & $1$ & $0.152974$ & $-0.0339117$ & $-0.45326$ & $0.493091$ & $0.352047$ & $0.37014$ & $-0.118244$ & $0.0755009$ & $-0.123288$ & $-0.230789$ & $-0.361906$ & $0.140656$ & $0.0045988$ & $0.0361949$ & $0.00924587$ & $-0.0265999$ & $0.0161684$ & $-0.0660403$ & $-0.00947209$ & $-0.0245191$ & $-0.0334718$ & $0.0197694$ & $0.0413254$ & $0.010125$ & $0.0644526$ & $-0.00876117$ & $0.0207379$ & $-0.0427558$ & $-0.0661179$ & $-0.014288$ & $0.0423521$ & $-0.0172797$ & $-0.0402656$ \\
CHL3_11 & $0.00612776$ & $-0.0211697$ & $0.00341137$ & $-0.00542212$ & $0.0123318$ & $-0.279311$ & $0.057281$ & $-0.215191$ & $-0.217448$ & $0.405836$ & $-0.238086$ & $-0.364676$ & $-0.355372$ & $0.652563$ & $0.160277$ & $0.152974$ & $1$ & $0.729683$ & $0.727331$ & $0.256695$ & $0.207263$ & $0.199988$ & $-0.0711295$ & $0.664083$ & $0.775633$ & $-0.11199$ & $-0.140593$ & $0.061069$ & $-0.0373905$ & $-0.0829304$ & $-0.0350428$ & $0.0334848$ & $-0.115841$ & $-0.228951$ & $-0.0554448$ & $-0.0270136$ & $0.0270643$ & $0.00175655$ & $-0.0350181$ & $-0.0223504$ & $-0.0263325$ & $-0.00416535$ & $0.0557984$ & $-0.00910725$ & $-0.044515$ & $0.0388351$ & $0.0232958$ & $-0.00804206$ & $-0.0163708$ \\
CHL3_22 & $-0.0323272$ & $-0.0488821$ & $-0.0210232$ & $-0.0356179$ & $-0.0131261$ & $-0.068982$ & $0.0679502$ & $-0.413749$ & $-0.413407$ & $0.475503$ & $0.0473915$ & $-0.351541$ & $-0.370031$ & $0.594415$ & $-0.459184$ & $-0.0339117$ & $0.729683$ & $1$ & $0.666957$ & $-0.0536743$ & $-0.0415384$ & $-0.0402492$ & $-0.00243995$ & $0.617864$ & $0.798627$ & $0.0400885$ & $0.0298636$ & $-0.030096$ & $-0.034683$ & $-0.0934375$ & $-0.0510477$ & $0.0481416$ & $-0.12232$ & $0.0640876$ & $-0.0485665$ & $0.00762797$ & $0.0567893$ & $-0.0072955$ & $-0.0385315$ & $0.000946488$ & $-0.031107$ & $-0.00256942$ & $0.0486907$ & $0.0291386$ & $-0.012272$ & $0.0331233$ & $-0.000211912$ & $0.0262257$ & $-0.00234733$ \\
CHL3_33 & $-0.000544938$ & $-0.0398702$ & $-0.0105394$ & $-0.00964201$ & $0.00940215$ & $-0.0544985$ & $0.0705236$ & $-0.419967$ & $-0.418954$ & $0.471005$ & $0.0531415$ & $-0.362074$ & $-0.37721$ & $0.595994$ & $-0.0317882$ & $-0.45326$ & $0.727331$ & $0.666957$ & $1$ & $-0.0602998$ & $-0.0477493$ & $-0.0457574$ & $-0.0173435$ & $0.617171$ & $0.786285$ & $0.0517394$ & $0.0116103$ & $-0.0357612$ & $-0.0453921$ & $-0.0978357$ & $-0.0334977$ & $0.0536992$ & $-0.114761$ & $-0.337373$ & $-0.0334444$ & $-0.0110467$ & $0.0475837$ & $-0.00964496$ & $-0.0384638$ & $-0.0219285$ & $-0.0472342$ & $0.00991221$ & $0.0444363$ & $0.0249328$ & $-0.0159566$ & $0.0444268$ & $0.0102036$ & $0.00505682$ & $0.00497776$ \\
CHe_11 & $-0.057795$ & $-0.0785618$ & $-0.00143207$ & $-0.0462981$ & $0.0300112$ & $-0.173465$ & $-0.0652696$ & $0.852555$ & $0.837777$ & $-0.351892$ & $-0.990146$ & $0.0454034$ & $0.166156$ & $0.545714$ & $0.493993$ & $0.493091$ & $0.256695$ & $-0.0536743$ & $-0.0602998$ & $1$ & $0.972744$ & $0.952123$ & $-0.0200206$ & $-0.246973$ & $-0.00890454$ & $-0.559923$ & $0.186139$ & $0.327364$ & $-0.0180131$ & $0.0606454$ & $0.0218155$ & $-0.0725087$ & $0.0398388$ & $0.274016$ & $-0.0214902$ & $0.0179622$ & $0.0247484$ & $-0.0154749$ & $-0.07304$ & $-0.0149019$ & $0.00589498$ & $0.0102999$ & $-0.0355706$ & $-0.0325284$ & $0.0564435$ & $-0.00608253$ & $-0.0444113$ & $0.00437944$ & $-0.0589508$ \\
CHe_22 & $-0.0779346$ & $-0.106001$ & $-0.0145133$ & $-0.070299$ & $0.0313732$ & $-0.17568$ & $-0.0703988$ & $0.896657$ & $0.879455$ & $-0.379556$ & $-0.991599$ & $0.0462381$ & $0.179674$ & $0.496316$ & $0.349002$ & $0.352047$ & $0.207263$ & $-0.0415384$ & $-0.0477493$ & $0.972744$ & $1$ & $0.974181$ & $0.0193952$ & $-0.350228$ & $-0.0190578$ & $-0.565862$ & $0.339261$ & $0.330278$ & $-0.015262$ & $0.0607212$ & $0.0222942$ & $-0.0772256$ & $0.0431576$ & $0.435662$ & $-0.0237437$ & $0.0345472$ & $0.0370353$ & $-0.0204286$ & $-0.0989016$ & $-0.0148039$ & $-0.00985198$ & $0.0145669$ & $-0.0531851$ & $-0.0226934$ & $0.0869041$ & $-0.0078047$ & $-0.0670003$ & $0.0144195$ & $-0.057128$ \\
CHe_33 & $-0.0790527$ & $-0.102601$ & $-0.0217613$ & $-0.0725613$ & $0.0309061$ & $-0.173929$ & $-0.0689101$ & $0.878496$ & $0.861455$ & $-0.372153$ & $-0.969662$ & $0.0477085$ & $0.177073$ & $0.480305$ & $0.339537$ & $0.37014$ & $0.199988$ & $-0.0402492$ & $-0.0457574$ & $0.952123$ & $0.974181$ & $1$ & $0.0196774$ & $-0.342895$ & $-0.0168643$ & $-0.551036$ & $0.337602$ & $0.321355$ & $-0.0101603$ & $0.060015$ & $0.0227023$ & $-0.0757973$ & $0.0452379$ & $0.431921$ & $-0.0202473$ & $0.0386073$ & $0.0360296$ & $-0.0148396$ & $-0.0962973$ & $-0.0131968$ & $-0.0108744$ & $0.0176145$ & $-0.0545923$ & $-0.0169677$ & $0.0900176$ & $-0.0103512$ & $-0.0709647$ & $0.0224939$ & $-0.0508531$ \\
CHQ1_11 & $-0.0863381$ & $-0.0667316$ & $-0.00578715$ & $-0.0898068$ & $-0.00646035$ & $0.0189864$ & $-0.0129075$ & $0.0516831$ & $0.0470753$ & $-0.0445721$ & $0.00104887$ & $0.0101114$ & $0.0180782$ & $-0.0791534$ & $-0.143585$ & $-0.118244$ & $-0.0711295$ & $-0.00243995$ & $-0.0173435$ & $-0.0200206$ & $0.0193952$ & $0.0196774$ & $1$ & $-0.106117$ & $0.0550463$ & $-0.67073$ & $0.295933$ & $-0.00748852$ & $-0.0133904$ & $0.00506096$ & $-0.0246031$ & $-0.0149259$ & $-0.0104585$ & $0.166369$ & $-0.0166023$ & $0.0299239$ & $0.053953$ & $-0.0334346$ & $-0.0602499$ & $0.0409989$ & $-0.0131311$ & $-0.0228218$ & $-0.0404939$ & $0.0140791$ & $0.0703857$ & $0.0236271$ & $-0.065696$ & $0.00669521$ & $0.000534046$ \\
CHQ1_33 & $0.0118114$ & $0.0298573$ & $0.027596$ & $0.0406583$ & $-0.00145943$ & $-0.0235307$ & $0.0924587$ & $-0.661456$ & $-0.653332$ & $0.536861$ & $0.298036$ & $-0.321341$ & $-0.39014$ & $0.454029$ & $0.0822521$ & $0.0755009$ & $0.664083$ & $0.617864$ & $0.617171$ & $-0.246973$ & $-0.350228$ & $-0.342895$ & $-0.106117$ & $1$ & $0.651792$ & $0.194182$ & $-0.376833$ & $-0.0174782$ & $-0.0248391$ & $-0.0991714$ & $-0.0421048$ & $0.0768353$ & $-0.123491$ & $-0.606009$ & $-0.0519791$ & $-0.0311304$ & $0.00388188$ & $0.00724683$ & $0.0247198$ & $-0.00114039$ & $0.019446$ & $0.00184013$ & $0.0781074$ & $0.00664529$ & $-0.0970631$ & $0.0287624$ & $0.0524878$ & $0.00739832$ & $-0.0105082$ \\
CHQ3_11 & $-0.131786$ & $-0.124802$ & $-0.0167426$ & $-0.0717613$ & $0.00585408$ & $-0.0954706$ & $0.061382$ & $-0.393518$ & $-0.392143$ & $0.469358$ & $0.0112754$ & $-0.349526$ & $-0.366417$ & $0.597903$ & $-0.1406$ & $-0.123288$ & $0.775633$ & $0.798627$ & $0.786285$ & $-0.00890454$ & $-0.0190578$ & $-0.0168643$ & $0.0550463$ & $0.651792$ & $1$ & $0.0340533$ & $0.224622$ & $-0.017933$ & $-0.0401315$ & $-0.0847209$ & $-0.0579476$ & $0.0380767$ & $-0.127742$ & $-0.192871$ & $-0.091647$ & $0.0363236$ & $0.0476535$ & $-0.0118751$ & $-0.0900777$ & $-0.00871147$ & $-0.0268771$ & $0.00427015$ & $0.0445676$ & $0.0231527$ & $0.0373126$ & $0.0204719$ & $-0.0530501$ & $0.0588721$ & $-0.0268547$ \\
CHu_11 & $0.0418431$ & $0.047855$ & $-0.00888475$ & $0.0657858$ & $-0.00429372$ & $0.0862397$ & $0.0367249$ & $-0.514957$ & $-0.502931$ & $0.227518$ & $0.566708$ & $-0.0221549$ & $-0.0966516$ & $-0.274393$ & $-0.220369$ & $-0.230789$ & $-0.11199$ & $0.0400885$ & $0.0517394$ & $-0.559923$ & $-0.565862$ & $-0.551036$ & $-0.67073$ & $0.194182$ & $0.0340533$ & $1$ & $-0.137275$ & $-0.181694$ & $0.0208755$ & $-0.0271329$ & $0.0077981$ & $0.0404127$ & $-0.0181378$ & $-0.236814$ & $-0.00557994$ & $-0.00914166$ & $-0.0440386$ & $0.032918$ & $0.0508874$ & $-0.0206134$ & $0.00263414$ & $0.0206846$ & $0.0469536$ & $0.000595627$ & $-0.0429693$ & $-0.023577$ & $0.0301819$ & $0.0163167$ & $0.0102226$ \\
CHd_11 & $-0.161243$ & $-0.216514$ & $-0.0679343$ & $-0.162586$ & $0.0142697$ & $-0.0504523$ & $-0.053469$ & $0.38967$ & $0.379331$ & $-0.209123$ & $-0.263395$ & $0.0648817$ & $0.130336$ & $-0.0778933$ & $-0.403645$ & $-0.361906$ & $-0.140593$ & $0.0298636$ & $0.0116103$ & $0.186139$ & $0.339261$ & $0.337602$ & $0.295933$ & $-0.376833$ & $0.224622$ & $-0.137275$ & $1$ & $0.0857836$ & $0.00501313$ & $0.0411543$ & $-0.011465$ & $-0.0571195$ & $0.0221795$ & $0.662483$ & $-0.0552946$ & $0.116677$ & $0.0761264$ & $-0.036934$ & $-0.188723$ & $-0.00038845$ & $-0.0899022$ & $0.0218438$ & $-0.0838712$ & $0.0173998$ & $0.202599$ & $-0.00805429$ & $-0.183853$ & $0.0927078$ & $-0.0334297$ \\
CHd_33 & $0.0183188$ & $-0.0261727$ & $0.025189$ & $-0.012596$ & $0.0139887$ & $-0.0785609$ & $-0.012733$ & $0.301295$ & $0.299574$ & $-0.130307$ & $-0.332199$ & $0.019806$ & $0.0652118$ & $0.160065$ & $0.135581$ & $0.140656$ & $0.061069$ & $-0.030096$ & $-0.0357612$ & $0.327364$ & $0.330278$ & $0.321355$ & $-0.00748852$ & $-0.0174782$ & $-0.017933$ & $-0.181694$ & $0.0857836$ & $1$ & $-0.0233455$ & $0.024953$ & $0.0239891$ & $-0.0144624$ & $0.0274932$ & $0.12936$ & $-0.0100937$ & $-0.0281171$ & $-0.0142476$ & $-0.00418415$ & $-0.02592$ & $-0.0243251$ & $-0.0291944$ & $0.0366455$ & $-0.01115$ & $-0.0184906$ & $0.0099286$ & $0.0111715$ & $0.00236732$ & $-0.0152861$ & $0.00031125$ \\
CeH_22r & $0.0113365$ & $-0.0308573$ & $0.039875$ & $-0.0060459$ & $-0.00136143$ & $-0.000238781$ & $0.0189188$ & $0.00672606$ & $0.0138498$ & $-0.0205749$ & $0.0170123$ & $0.0430656$ & $0.0367189$ & $-0.0508302$ & $-0.0111207$ & $0.0045988$ & $-0.0373905$ & $-0.034683$ & $-0.0453921$ & $-0.0180131$ & $-0.015262$ & $-0.0101603$ & $-0.0133904$ & $-0.0248391$ & $-0.0401315$ & $0.0208755$ & $0.00501313$ & $-0.0233455$ & $1$ & $0.0246582$ & $0.0237134$ & $0.00394124$ & $0.0480642$ & $0.0180245$ & $0.0138557$ & $-0.0552602$ & $-0.00540888$ & $0.0212828$ & $0.0156601$ & $-0.00668882$ & $0.00735614$ & $0.0137795$ & $0.0213708$ & $-0.0116665$ & $-0.00468421$ & $0.0236428$ & $-0.00306083$ & $0.0341375$ & $0.01201$ \\
CeH_33r & $-0.0334808$ & $-0.0251003$ & $-0.0139101$ & $-0.0171327$ & $0.000321578$ & $-0.0199571$ & $-0.129358$ & $0.101265$ & $0.119257$ & $-0.111407$ & $-0.0587468$ & $0.328957$ & $0.282356$ & $-0.0518393$ & $0.0276192$ & $0.0361949$ & $-0.0829304$ & $-0.0934375$ & $-0.0978357$ & $0.0606454$ & $0.0607212$ & $0.060015$ & $0.00506096$ & $-0.0991714$ & $-0.0847209$ & $-0.0271329$ & $0.0411543$ & $0.024953$ & $0.0246582$ & $1$ & $0.300156$ & $0.0175789$ & $0.672062$ & $0.0571396$ & $-0.00973149$ & $-0.0199201$ & $-0.130301$ & $-0.0208027$ & $-0.0590094$ & $-0.0197653$ & $-0.0108641$ & $-0.0425849$ & $-0.0206228$ & $-0.0197854$ & $0.0106668$ & $-0.0301319$ & $-0.0559164$ & $0.017306$ & $-0.0211219$ \\
CuH_22r & $0.0387804$ & $0.0249485$ & $0.0188399$ & $0.00567147$ & $0.0138856$ & $-0.0115539$ & $-0.10761$ & $0.0384417$ & $0.0477643$ & $-0.0588959$ & $-0.0212169$ & $0.125596$ & $0.127297$ & $-0.0197693$ & $0.0276186$ & $0.00924587$ & $-0.0350428$ & $-0.0510477$ & $-0.0334977$ & $0.0218155$ & $0.0222942$ & $0.0227023$ & $-0.0246031$ & $-0.0421048$ & $-0.0579476$ & $0.0077981$ & $-0.011465$ & $0.0239891$ & $0.0237134$ & $0.300156$ & $1$ & $-0.0155382$ & $0.365854$ & $0.00736686$ & $-0.0181271$ & $-0.0677104$ & $-0.0386951$ & $0.0113591$ & $0.0248502$ & $-0.0274714$ & $-0.0224892$ & $-0.00102581$ & $0.0160176$ & $-0.0420164$ & $-0.0656119$ & $0.0482316$ & $0.161418$ & $-0.0371478$ & $-0.0205387$ \\
CuH_33r & $0.0154295$ & $0.101074$ & $0.00770006$ & $-0.038533$ & $-0.00714035$ & $0.0250611$ & $0.933816$ & $-0.0965248$ & $-0.0669751$ & $0.0979976$ & $0.0752939$ & $-0.202553$ & $-0.260319$ & $0.0123333$ & $-0.0187131$ & $-0.0265999$ & $0.0334848$ & $0.0481416$ & $0.0536992$ & $-0.0725087$ & $-0.0772256$ & $-0.0757973$ & $-0.0149259$ & $0.0768353$ & $0.0380767$ & $0.0404127$ & $-0.0571195$ & $-0.0144624$ & $0.00394124$ & $0.0175789$ & $-0.0155382$ & $1$ & $0.0273713$ & $-0.060126$ & $0.0473606$ & $0.0753848$ & $-0.0720352$ & $0.00807312$ & $-0.00215823$ & $0.0016674$ & $-0.0760828$ & $0.00541879$ & $-0.0682578$ & $0.029059$ & $0.00804758$ & $-0.0111392$ & $-0.0561607$ & $-0.0106169$ & $0.0425086$ \\
CdH_33r & $0.0166022$ & $0.026389$ & $-0.00877243$ & $-0.0487843$ & $-0.00230925$ & $-0.00479108$ & $-0.172799$ & $0.0972479$ & $0.112498$ & $-0.126106$ & $-0.0391905$ & $0.41672$ & $0.359958$ & $-0.083152$ & $0.0227766$ & $0.0161684$ & $-0.115841$ & $-0.12232$ & $-0.114761$ & $0.0398388$ & $0.0431576$ & $0.0452379$ & $-0.0104585$ & $-0.123491$ & $-0.127742$ & $-0.0181378$ & $0.0221795$ & $0.0274932$ & $0.0480642$ & $0.672062$ & $0.365854$ & $0.0273713$ & $1$ & $0.0585404$ & $0.117112$ & $-0.0716447$ & $-0.114448$ & $-0.00743477$ & $-0.00230718$ & $-0.0158571$ & $-0.109257$ & $-0.0348952$ & $-0.0580162$ & $0.101038$ & $0.0561316$ & $-0.00206286$ & $-0.0880492$ & $0.138585$ & $0.318198$ \\
CLL_1221 & $-0.101968$ & $-0.105631$ & $-0.0668968$ & $-0.11859$ & $-0.00662856$ & $-0.107832$ & $-0.0633687$ & $0.545167$ & $0.532056$ & $-0.333571$ & $-0.353104$ & $0.129824$ & $0.211045$ & $-0.194239$ & $-0.594499$ & $-0.0660403$ & $-0.228951$ & $0.0640876$ & $-0.337373$ & $0.274016$ & $0.435662$ & $0.431921$ & $0.166369$ & $-0.606009$ & $-0.192871$ & $-0.236814$ & $0.662483$ & $0.12936$ & $0.0180245$ & $0.0571396$ & $0.00736686$ & $-0.060126$ & $0.0585404$ & $1$ & $-0.00558573$ & $0.0845792$ & $0.0487907$ & $-0.0164297$ & $-0.108069$ & $0.0123881$ & $-0.0441907$ & $0.00156613$ & $-0.0883565$ & $0.0187576$ & $0.147018$ & $-0.0253602$ & $-0.108544$ & $0.0486142$ & $-0.00932721$ \\
eHggint & $0.279716$ & $0.357842$ & $-0.0919936$ & $0.0111035$ & $-0.00494649$ & $0.0304085$ & $-0.0152338$ & $-0.010031$ & $-0.0366344$ & $0.0363279$ & $0.0272031$ & $0.0589512$ & $0.0325288$ & $-0.0379567$ & $0.00980994$ & $-0.00947209$ & $-0.0554448$ & $-0.0485665$ & $-0.0334444$ & $-0.0214902$ & $-0.0237437$ & $-0.0202473$ & $-0.0166023$ & $-0.0519791$ & $-0.091647$ & $-0.00557994$ & $-0.0552946$ & $-0.0100937$ & $0.0138557$ & $-0.00973149$ & $-0.0181271$ & $0.0473606$ & $0.117112$ & $-0.00558573$ & $1$ & $0.0890563$ & $-0.17947$ & $-0.0457764$ & $0.260901$ & $0.105881$ & $-0.146396$ & $-0.0287624$ & $-0.31007$ & $0.384579$ & $-0.0137584$ & $-0.0154926$ & $-0.00430083$ & $0.150267$ & $0.267842$ \\
eHggpar & $-0.183404$ & $0.234754$ & $-0.199159$ & $0.118945$ & $0.033616$ & $0.0290393$ & $0.0394735$ & $0.0352074$ & $0.0169796$ & $-0.00232162$ & $-0.0213784$ & $0.0228265$ & $0.00951173$ & $-0.00744389$ & $-0.0561172$ & $-0.0245191$ & $-0.0270136$ & $0.00762797$ & $-0.0110467$ & $0.0179622$ & $0.0345472$ & $0.0386073$ & $0.0299239$ & $-0.0311304$ & $0.0363236$ & $-0.00914166$ & $0.116677$ & $-0.0281171$ & $-0.0552602$ & $-0.0199201$ & $-0.0677104$ & $0.0753848$ & $-0.0716447$ & $0.0845792$ & $0.0890563$ & $1$ & $-0.0632297$ & $0.0135227$ & $-0.176453$ & $0.0974118$ & $0.203222$ & $0.0320964$ & $-0.233784$ & $0.0208437$ & $0.205555$ & $-0.327748$ & $-0.175938$ & $0.144607$ & $-0.188669$ \\
eHWWint & $0.0839727$ & $-0.0765022$ & $-0.000218624$ & $0.116957$ & $0.0123906$ & $0.0224749$ & $-0.0320912$ & $0.0195381$ & $0.0188705$ & $-0.0130145$ & $-0.0329461$ & $-0.0508846$ & $-0.031168$ & $0.0504639$ & $-0.0474844$ & $-0.0334718$ & $0.0270643$ & $0.0567893$ & $0.0475837$ & $0.0247484$ & $0.0370353$ & $0.0360296$ & $0.053953$ & $0.00388188$ & $0.0476535$ & $-0.0440386$ & $0.0761264$ & $-0.0142476$ & $-0.00540888$ & $-0.130301$ & $-0.0386951$ & $-0.0720352$ & $-0.114448$ & $0.0487907$ & $-0.17947$ & $-0.0632297$ & $1$ & $-0.00780226$ & $-0.0918861$ & $0.0940254$ & $0.125278$ & $-0.0741162$ & $0.0991449$ & $-0.0862235$ & $0.0441788$ & $0.273375$ & $0.0100135$ & $0.0471764$ & $0.119105$ \\
eHWWpar & $-0.0356414$ & $0.0937795$ & $-0.0133455$ & $0.0489096$ & $0.00856652$ & $0.00512773$ & $0.00406785$ & $-0.0199904$ & $-0.0270017$ & $-0.00229563$ & $0.0196941$ & $-0.00137906$ & $0.00526737$ & $-0.0157183$ & $0.00931936$ & $0.0197694$ & $0.00175655$ & $-0.0072955$ & $-0.00964496$ & $-0.0154749$ & $-0.0204286$ & $-0.0148396$ & $-0.0334346$ & $0.00724683$ & $-0.0118751$ & $0.032918$ & $-0.036934$ & $-0.00418415$ & $0.0212828$ & $-0.0208027$ & $0.0113591$ & $0.00807312$ & $-0.00743477$ & $-0.0164297$ & $-0.0457764$ & $0.0135227$ & $-0.00780226$ & $1$ & $0.0110849$ & $0.0138883$ & $-0.00142378$ & $-0.0268011$ & $0.0439357$ & $0.0333145$ & $-0.00575819$ & $-0.0232196$ & $0.0274416$ & $-0.00054669$ & $0.0442456$ \\
eHZZint & $0.0866442$ & $0.179221$ & $-0.0603444$ & $-0.2487$ & $-0.0120967$ & $0.0133118$ & $0.000820831$ & $-0.086188$ & $-0.0816762$ & $0.0201789$ & $0.088878$ & $-0.0448687$ & $-0.0613906$ & $-0.0369683$ & $0.0470378$ & $0.0413254$ & $-0.0350181$ & $-0.0385315$ & $-0.0384638$ & $-0.07304$ & $-0.0989016$ & $-0.0962973$ & $-0.0602499$ & $0.0247198$ & $-0.0900777$ & $0.0508874$ & $-0.188723$ & $-0.02592$ & $0.0156601$ & $-0.0590094$ & $0.0248502$ & $-0.00215823$ & $-0.00230718$ & $-0.108069$ & $0.260901$ & $-0.176453$ & $-0.0918861$ & $0.0110849$ & $1$ & $0.0473612$ & $0.0108354$ & $-0.00422458$ & $0.10908$ & $0.0840859$ & $0.108538$ & $-0.13673$ & $0.362248$ & $0.0559663$ & $0.145492$ \\
eHZZpar & $-0.0733693$ & $0.0098005$ & $0.0469902$ & $-0.0672223$ & $0.0249987$ & $0.0238496$ & $0.00056707$ & $-0.00652907$ & $-0.0158018$ & $0.00874449$ & $0.0162954$ & $0.0145187$ & $0.00922045$ & $-0.0124212$ & $-0.0221682$ & $0.010125$ & $-0.0223504$ & $0.000946488$ & $-0.0219285$ & $-0.0149019$ & $-0.0148039$ & $-0.0131968$ & $0.0409989$ & $-0.00114039$ & $-0.00871147$ & $-0.0206134$ & $-0.00038845$ & $-0.0243251$ & $-0.00668882$ & $-0.0197653$ & $-0.0274714$ & $0.0016674$ & $-0.0158571$ & $0.0123881$ & $0.105881$ & $0.0974118$ & $0.0940254$ & $0.0138883$ & $0.0473612$ & $1$ & $0.0442972$ & $-0.037811$ & $-0.059581$ & $0.0163795$ & $-0.00435262$ & $-0.0687815$ & $-0.0404237$ & $0.0605507$ & $0.00709432$ \\
eHZgaint & $-0.423836$ & $0.00690843$ & $0.125145$ & $0.124626$ & $0.0248665$ & $0.0380435$ & $-0.0602704$ & $-0.000209501$ & $0.0073915$ & $-0.0412373$ & $0.00633789$ & $-0.0123636$ & $0.00340056$ & $0.00286585$ & $0.0433827$ & $0.0644526$ & $-0.0263325$ & $-0.031107$ & $-0.0472342$ & $0.00589498$ & $-0.00985198$ & $-0.0108744$ & $-0.0131311$ & $0.019446$ & $-0.0268771$ & $0.00263414$ & $-0.0899022$ & $-0.0291944$ & $0.00735614$ & $-0.0108641$ & $-0.0224892$ & $-0.0760828$ & $-0.109257$ & $-0.0441907$ & $-0.146396$ & $0.203222$ & $0.125278$ & $-0.00142378$ & $0.0108354$ & $0.0442972$ & $1$ & $-0.0444859$ & $0.171617$ & $-0.0861464$ & $-0.0135229$ & $-0.266486$ & $0.0984647$ & $0.092311$ & $-0.225355$ \\
eHZgapar & $0.0440781$ & $0.00429058$ & $0.0144331$ & $0.0256658$ & $0.00993128$ & $0.00942863$ & $0.0165225$ & $0.0130848$ & $0.0139065$ & $-0.0100236$ & $-0.0141955$ & $-0.0212008$ & $-0.00972909$ & $0.0210895$ & $0.00579823$ & $-0.00876117$ & $-0.00416535$ & $-0.00256942$ & $0.00991221$ & $0.0102999$ & $0.0145669$ & $0.0176145$ & $-0.0228218$ & $0.00184013$ & $0.00427015$ & $0.0206846$ & $0.0218438$ & $0.0366455$ & $0.0137795$ & $-0.0425849$ & $-0.00102581$ & $0.00541879$ & $-0.0348952$ & $0.00156613$ & $-0.0287624$ & $0.0320964$ & $-0.0741162$ & $-0.0268011$ & $-0.00422458$ & $-0.037811$ & $-0.0444859$ & $1$ & $0.00707691$ & $0.0446178$ & $-0.0187185$ & $0.0171895$ & $0.020175$ & $0.0178428$ & $-0.0209719$ \\
eHgagaint & $-0.0107818$ & $-0.327099$ & $0.0514568$ & $0.300126$ & $-0.0249747$ & $-0.0142371$ & $-0.0369897$ & $-0.0685092$ & $-0.0149848$ & $0.0394421$ & $0.0388508$ & $-0.0418571$ & $-0.0382361$ & $0.0307651$ & $0.0203327$ & $0.0207379$ & $0.0557984$ & $0.0486907$ & $0.0444363$ & $-0.0355706$ & $-0.0531851$ & $-0.0545923$ & $-0.0404939$ & $0.0781074$ & $0.0445676$ & $0.0469536$ & $-0.0838712$ & $-0.01115$ & $0.0213708$ & $-0.0206228$ & $0.0160176$ & $-0.0682578$ & $-0.0580162$ & $-0.0883565$ & $-0.31007$ & $-0.233784$ & $0.0991449$ & $0.0439357$ & $0.10908$ & $-0.059581$ & $0.171617$ & $0.00707691$ & $1$ & $-0.215912$ & $-0.106596$ & $0.144778$ & $0.122165$ & $-0.0499285$ & $-0.0834109$ \\
eHmumuint & $-0.0714156$ & $0.158037$ & $-0.183643$ & $-0.14049$ & $-0.00693814$ & $0.0094887$ & $-0.000868587$ & $-0.0303358$ & $-0.0440951$ & $0.0410607$ & $0.0303243$ & $0.0299532$ & $0.0159684$ & $0.00392767$ & $-0.0502399$ & $-0.0427558$ & $-0.00910725$ & $0.0291386$ & $0.0249328$ & $-0.0325284$ & $-0.0226934$ & $-0.0169677$ & $0.0140791$ & $0.00664529$ & $0.0231527$ & $0.000595627$ & $0.0173998$ & $-0.0184906$ & $-0.0116665$ & $-0.0197854$ & $-0.0420164$ & $0.029059$ & $0.101038$ & $0.0187576$ & $0.384579$ & $0.0208437$ & $-0.0862235$ & $0.0333145$ & $0.0840859$ & $0.0163795$ & $-0.0861464$ & $0.0446178$ & $-0.215912$ & $1$ & $-0.0986272$ & $-0.122248$ & $-0.205843$ & $0.0652427$ & $0.260987$ \\
eHtautauint & $-0.234587$ & $-0.020169$ & $-0.243269$ & $-0.0145454$ & $0.0351327$ & $-0.0100994$ & $0.00161489$ & $0.103585$ & $0.0934333$ & $-0.059878$ & $-0.0702415$ & $0.0192627$ & $0.0337349$ & $-0.0176686$ & $-0.073071$ & $-0.0661179$ & $-0.044515$ & $-0.012272$ & $-0.0159566$ & $0.0564435$ & $0.0869041$ & $0.0900176$ & $0.0703857$ & $-0.0970631$ & $0.0373126$ & $-0.0429693$ & $0.202599$ & $0.0099286$ & $-0.00468421$ & $0.0106668$ & $-0.0656119$ & $0.00804758$ & $0.0561316$ & $0.147018$ & $-0.0137584$ & $0.205555$ & $0.0441788$ & $-0.00575819$ & $0.108538$ & $-0.00435262$ & $-0.0135229$ & $-0.0187185$ & $-0.106596$ & $-0.0986272$ & $1$ & $-0.00374798$ & $-0.2341$ & $0.193258$ & $0.147315$ \\
eHccint & $0.234642$ & $-0.216509$ & $0.218248$ & $0.159999$ & $-0.00505994$ & $-0.0195197$ & $0.00293742$ & $-0.0191697$ & $-0.0120358$ & $0.0142853$ & $0.00201013$ & $-0.0193632$ & $-0.0115943$ & $0.0270315$ & $0.00118531$ & $-0.014288$ & $0.0388351$ & $0.0331233$ & $0.0444268$ & $-0.00608253$ & $-0.0078047$ & $-0.0103512$ & $0.0236271$ & $0.0287624$ & $0.0204719$ & $-0.023577$ & $-0.00805429$ & $0.0111715$ & $0.0236428$ & $-0.0301319$ & $0.0482316$ & $-0.0111392$ & $-0.00206286$ & $-0.0253602$ & $-0.0154926$ & $-0.327748$ & $0.273375$ & $-0.0232196$ & $-0.13673$ & $-0.0687815$ & $-0.266486$ & $0.0171895$ & $0.144778$ & $-0.122248$ & $-0.00374798$ & $1$ & $0.0791479$ & $-0.166234$ & $0.13136$ \\
eHccpar & $0.155805$ & $0.209729$ & $0.150076$ & $0.0348727$ & $-0.00293271$ & $-0.00756957$ & $-0.0390757$ & $-0.0817427$ & $-0.0794472$ & $0.0140838$ & $0.0585535$ & $-0.0641084$ & $-0.0637663$ & $0.0095946$ & $0.0557017$ & $0.0423521$ & $0.0232958$ & $-0.000211912$ & $0.0102036$ & $-0.0444113$ & $-0.0670003$ & $-0.0709647$ & $-0.065696$ & $0.0524878$ & $-0.0530501$ & $0.0301819$ & $-0.183853$ & $0.00236732$ & $-0.00306083$ & $-0.0559164$ & $0.161418$ & $-0.0561607$ & $-0.0880492$ & $-0.108544$ & $-0.00430083$ & $-0.175938$ & $0.0100135$ & $0.0274416$ & $0.362248$ & $-0.0404237$ & $0.0984647$ & $0.020175$ & $0.122165$ & $-0.205843$ & $-0.2341$ & $0.0791479$ & $1$ & $-0.204023$ & $-0.054995$ \\
eHbbint & $-0.208054$ & $-0.0229573$ & $-0.272738$ & $0.155291$ & $0.0130447$ & $0.00378166$ & $-0.0329616$ & $0.0131321$ & $0.0071204$ & $0.000936726$ & $-0.00872033$ & $0.0532786$ & $0.0549286$ & $0.00571387$ & $-0.0480263$ & $-0.0172797$ & $-0.00804206$ & $0.0262257$ & $0.00505682$ & $0.00437944$ & $0.0144195$ & $0.0224939$ & $0.00669521$ & $0.00739832$ & $0.0588721$ & $0.0163167$ & $0.0927078$ & $-0.0152861$ & $0.0341375$ & $0.017306$ & $-0.0371478$ & $-0.0106169$ & $0.138585$ & $0.0486142$ & $0.150267$ & $0.144607$ & $0.0471764$ & $-0.00054669$ & $0.0559663$ & $0.0605507$ & $0.092311$ & $0.0178428$ & $-0.0499285$ & $0.0652427$ & $0.193258$ & $-0.166234$ & $-0.204023$ & $1$ & $0.0721417$ \\
eHbbpar & $0.162678$ & $0.132469$ & $0.0856734$ & $-0.165368$ & $-0.00315899$ & $0.0283156$ & $0.0306555$ & $-0.0506335$ & $-0.0571724$ & $0.0373528$ & $0.0594421$ & $-0.00677032$ & $-0.0202542$ & $-0.0384428$ & $-0.0268717$ & $-0.0402656$ & $-0.0163708$ & $-0.00234733$ & $0.00497776$ & $-0.0589508$ & $-0.057128$ & $-0.0508531$ & $0.000534046$ & $-0.0105082$ & $-0.0268547$ & $0.0102226$ & $-0.0334297$ & $0.00031125$ & $0.01201$ & $-0.0211219$ & $-0.0205387$ & $0.0425086$ & $0.318198$ & $-0.00932721$ & $0.267842$ & $-0.188669$ & $0.119105$ & $0.0442456$ & $0.145492$ & $0.00709432$ & $-0.225355$ & $-0.0209719$ & $-0.0834109$ & $0.260987$ & $0.147315$ & $0.13136$ & $-0.054995$ & $0.0721417$ & $1$ \\
