######################################################################
#--  ILC aTGC: Using Optimal observables analysis (Full)  --
# This is for 1000 GeV
#
ObservablesWithCovarianceInverse OptOobsFullILC1000 6
Observable  deltag1Z_OO_ILC1000          deltag1Z        #delta{g_{1,Z}}           1. -1. MCMC weight  0.  1.  0.
Observable  deltaKgamma_OO_ILC1000       deltaKgamma     #delta#kappa_{#gamma}     1. -1. MCMC weight  0.  1.  0.
Observable  lambdaZ_OO_ILC1000           lambdaZ         #lamdba_{Z}               1. -1. MCMC weight  0.  1.  0.
Observable  deltageL_OO_ILC1000          delgZeL         #delta{g_{L}^{e}}         1. -1. MCMC weight  0.  1.  0.
Observable  deltageR_OO_ILC1000          delgZeR         #delta{g_{R}^{e}}         1. -1. MCMC weight  0.  1.  0.
Observable  deltaUev_OO_ILC1000          deltaUWeve      #delta{U_{{#nu}e}}        1. -1. MCMC weight  0.  1.  0.
512640233.   -68503274.   38532598.   -1168619786.   847628661.   -1170151611.
-68503274.   481449631.   13936755.   -838057268.   -1344474730.   -832604449.
38532598.   13936755.   1124806308.   -140585085.   -2835769.   -141006684.
-1168619786.   -838057268.   -140585085.   4769444096.   676239477.   4762492821.
847628661.   -1344474730.   -2835769.   676239477.   4632833607.   661813933.
-1170151611.   -832604449.   -141006684.   4762492821.   661813933.   4758456678.
#
#
##################################################
 
CorrelatedGaussianObservables BRWleptILC1000 3
Observable  BrWelectron_ILC1000 BrWelectron BR_{We#nu}     1. -1. MCMC weight 0.1083790594484527 0.000171081 0.
Observable  BrWmuon_ILC1000 BrWmuon     BR_{W#mu#nu}     1. -1. MCMC weight 0.1083790594484527 0.000171081 0.
Observable  BrWtau_ILC1000 BrWtau      BR_{W#tau#nu}     1. -1. MCMC weight 0.1083790594484527 0.000171081 0.
1.   -0.121553   -0.121553
-0.121553   1.   -0.121553
-0.121553   -0.121553   1.
