 & AlsMz & dAle5Mz & mtop & mHl & Mz & CW & CHG & CHWB & CHWHB_gaga & CHWHB_gagaorth & CHD & CHbox & CH & CHL1_11 & CHL1_22 & CHL1_33 & CHL3_11 & CHL3_22 & CHL3_33 & CHe_11 & CHe_22 & CHe_33 & CHQ1_11 & CHQ1_33 & CHQ3_11 & CHu_11 & CHd_11 & CHd_33 & CeH_22r & CeH_33r & CuH_22r & CuH_33r & CdH_33r & CLL_1221 & eHggint & eHggpar & eHWWint & eHWWpar & eHZZint & eHZZpar & eHZgaint & eHZgapar & eHgagaint & eHmumuint & eHtautauint & eHccint & eHccpar & eHbbint & eHbbpar \\
AlsMz & $1$ & $0.0346061$ & $-0.0309249$ & $-0.0782499$ & $0.0192805$ & $-0.0227916$ & $0.0485668$ & $0.00529705$ & $0.0065481$ & $-0.0240325$ & $-0.0183919$ & $-0.0467125$ & $-0.0133575$ & $0.00895935$ & $0.0145343$ & $-0.00974093$ & $0.0226705$ & $-0.00110249$ & $0.0181678$ & $0.00933232$ & $0.0142651$ & $0.00549229$ & $0.0163805$ & $-0.0294187$ & $-0.0506562$ & $-0.0330981$ & $0.00649072$ & $0.00425298$ & $-0.00446009$ & $-0.00801605$ & $0.0676191$ & $0.065932$ & $0.0249549$ & $-0.00539416$ & $0.0621549$ & $0.0220858$ & $0.0394909$ & $0.0243713$ & $-0.0246509$ & $0.00754133$ & $-0.233691$ & $-0.0464036$ & $0.143695$ & $0.129322$ & $0.0781711$ & $-0.0270983$ & $0.209603$ & $-0.157871$ & $0.143757$ \\
dAle5Mz & $0.0346061$ & $1$ & $-0.161589$ & $0.0117839$ & $0.00278796$ & $-0.0354005$ & $-0.00882781$ & $-0.0358383$ & $-0.0336227$ & $-0.00893047$ & $0.0281542$ & $-0.0332932$ & $0.0180747$ & $-0.0270845$ & $0.0151155$ & $0.000221518$ & $0.00828807$ & $-0.0169483$ & $-0.00416581$ & $-0.013291$ & $-0.0116964$ & $-0.013132$ & $-0.0499736$ & $0.00388033$ & $-0.0136981$ & $0.0490921$ & $-0.0169719$ & $0.010341$ & $-0.00529026$ & $-0.0220761$ & $-0.0276678$ & $-0.00113123$ & $-0.117222$ & $0.004444$ & $0.13558$ & $-0.0814697$ & $-0.27202$ & $0.0133509$ & $0.0133464$ & $0.104799$ & $0.0842819$ & $0.00888422$ & $0.163506$ & $-0.0104789$ & $0.028497$ & $0.0790267$ & $-0.0813565$ & $-0.172752$ & $-0.277267$ \\
mtop & $-0.0309249$ & $-0.161589$ & $1$ & $0.202054$ & $-0.0877733$ & $-0.0393086$ & $0.0132885$ & $-0.000384539$ & $-0.000684683$ & $0.0193274$ & $0.0097812$ & $0.0560056$ & $-0.000911182$ & $-0.0118221$ & $-0.00012255$ & $-0.00823794$ & $-0.000256254$ & $-0.0086856$ & $-0.00478437$ & $-0.0106485$ & $-0.00773175$ & $-0.00565627$ & $-0.00186327$ & $0.00927941$ & $-0.00669905$ & $0.0116058$ & $-0.00139372$ & $0.00787127$ & $-0.00692194$ & $0.045014$ & $0.0234301$ & $0.049516$ & $0.0569047$ & $-0.00358434$ & $0.00566839$ & $0.12979$ & $-0.172263$ & $-0.00305365$ & $0.0790117$ & $-0.0241388$ & $-0.155914$ & $0.00653266$ & $0.0217676$ & $0.11786$ & $-0.23889$ & $-0.185606$ & $0.0164029$ & $-0.0612607$ & $-0.0290268$ \\
mHl & $-0.0782499$ & $0.0117839$ & $0.202054$ & $1$ & $-0.0458471$ & $0.00375332$ & $-0.00494748$ & $0.0054236$ & $0.0061838$ & $-0.00817749$ & $0.00217429$ & $-0.00264735$ & $-0.00193179$ & $0.00433353$ & $-0.00270512$ & $0.0105427$ & $-0.0234077$ & $-0.00994524$ & $-0.0230881$ & $-0.00231149$ & $-0.000612045$ & $0.000491539$ & $0.0117$ & $-0.00716758$ & $-0.000229434$ & $-0.00833646$ & $0.00346173$ & $0.0354298$ & $0.0266187$ & $0.066406$ & $0.0393664$ & $-0.00374814$ & $0.0369184$ & $0.00152142$ & $-0.0780249$ & $0.0520051$ & $-0.21616$ & $0.0324761$ & $-0.0651712$ & $0.0176934$ & $0.114028$ & $0.0724509$ & $-0.00543425$ & $0.035527$ & $0.0833377$ & $0.0772134$ & $0.0156247$ & $-0.1528$ & $0.0155637$ \\
Mz & $0.0192805$ & $0.00278796$ & $-0.0877733$ & $-0.0458471$ & $1$ & $-0.0150487$ & $-0.0112746$ & $0.000265424$ & $-0.00676469$ & $-0.00641891$ & $0.0187361$ & $-0.00894667$ & $-0.0163662$ & $-0.0143117$ & $-0.0245735$ & $-0.0295929$ & $-0.0222578$ & $-0.0042912$ & $-0.00581121$ & $-0.0129941$ & $-0.00668341$ & $-0.0104327$ & $0.00411659$ & $-0.015839$ & $-0.025144$ & $0.00466984$ & $0.00666363$ & $-0.00426046$ & $0.00339718$ & $-0.0224197$ & $-0.0175367$ & $-0.011544$ & $-0.0281093$ & $0.0180822$ & $-0.00152647$ & $-0.0238431$ & $0.0146278$ & $0.0271693$ & $-0.0360929$ & $0.0265073$ & $-0.0547378$ & $-0.0552047$ & $-0.0183856$ & $-0.0181284$ & $0.0196875$ & $-0.0346084$ & $-0.0264178$ & $-0.0125474$ & $-0.017672$ \\
CW & $-0.0227916$ & $-0.0354005$ & $-0.0393086$ & $0.00375332$ & $-0.0150487$ & $1$ & $0.0235201$ & $-0.126314$ & $-0.122475$ & $0.0305623$ & $0.173993$ & $0.0513562$ & $0.00181944$ & $0.0364643$ & $-0.0615144$ & $-0.0757359$ & $-0.234503$ & $-0.0383584$ & $-0.0319124$ & $-0.173157$ & $-0.179557$ & $-0.178294$ & $-0.0103192$ & $0.0184006$ & $-0.0547136$ & $0.113218$ & $-0.0619735$ & $-0.0619748$ & $0.00326997$ & $0.000882562$ & $0.00273267$ & $0.0260972$ & $0.00529577$ & $-0.129395$ & $-0.020842$ & $-0.0066318$ & $0.0202564$ & $0.00607011$ & $0.0184381$ & $0.0115836$ & $-0.00782988$ & $0.0482331$ & $-0.0099463$ & $0.00565071$ & $0.0182877$ & $0.00229744$ & $-0.00540587$ & $0.0435037$ & $0.0317778$ \\
CHG & $0.0485668$ & $-0.00882781$ & $0.0132885$ & $-0.00494748$ & $-0.0112746$ & $0.0235201$ & $1$ & $-0.0732233$ & $-0.0151828$ & $0.0616386$ & $0.0473735$ & $-0.0200907$ & $-0.273228$ & $0.0342642$ & $-0.00422886$ & $-0.0373062$ & $0.0505485$ & $0.0508607$ & $0.0763099$ & $-0.0469565$ & $-0.049602$ & $-0.0464395$ & $-0.00248267$ & $0.0815047$ & $0.0616872$ & $0.0215133$ & $-0.0189431$ & $-0.0387579$ & $-0.00466466$ & $-0.144638$ & $-0.0730507$ & $0.935868$ & $-0.179056$ & $-0.0574786$ & $0.00239105$ & $-0.071905$ & $0.0159314$ & $0.0131166$ & $0.0300261$ & $0.00838592$ & $-0.0307209$ & $0.0417531$ & $-0.00128847$ & $-0.0278829$ & $-0.025856$ & $0.025055$ & $-0.0289071$ & $-0.00825962$ & $0.00594065$ \\
CHWB & $0.00529705$ & $-0.0358383$ & $-0.000384539$ & $0.0054236$ & $0.000265424$ & $-0.126314$ & $-0.0732233$ & $1$ & $0.98265$ & $-0.565586$ & $-0.882245$ & $-0.220923$ & $0.328986$ & $0.0942222$ & $0.283209$ & $0.299863$ & $-0.236447$ & $-0.433064$ & $-0.440321$ & $0.852008$ & $0.900186$ & $0.881851$ & $0.055683$ & $-0.668103$ & $-0.415006$ & $-0.498894$ & $0.41262$ & $0.31755$ & $0.0108872$ & $0.12078$ & $0.0598771$ & $-0.0703463$ & $0.121843$ & $0.564282$ & $-0.0314545$ & $-0.00088005$ & $0.0242943$ & $0.0295998$ & $-0.00536398$ & $-0.000519806$ & $-0.030534$ & $0.00446002$ & $-0.0126669$ & $0.0138485$ & $0.00275251$ & $0.00141861$ & $0.0264456$ & $-0.00226297$ & $0.00198631$ \\
CHWHB_gaga & $0.0065481$ & $-0.0336227$ & $-0.000684683$ & $0.0061838$ & $-0.00676469$ & $-0.122475$ & $-0.0151828$ & $0.98265$ & $1$ & $-0.553596$ & $-0.866033$ & $-0.195677$ & $0.319886$ & $0.0888795$ & $0.28345$ & $0.296614$ & $-0.234061$ & $-0.430698$ & $-0.434985$ & $0.837385$ & $0.883116$ & $0.866019$ & $0.054141$ & $-0.655151$ & $-0.413804$ & $-0.491961$ & $0.399666$ & $0.30702$ & $0.0165428$ & $0.143462$ & $0.0739326$ & $-0.0214658$ & $0.148275$ & $0.550736$ & $-0.0444097$ & $-0.0188331$ & $0.0157152$ & $0.0270163$ & $-0.00212698$ & $0.00439449$ & $-0.0405961$ & $0.00649907$ & $0.0392717$ & $0.0114655$ & $0.00685389$ & $0.00905473$ & $0.0303089$ & $0.000212664$ & $0.014201$ \\
CHWHB_gagaorth & $-0.0240325$ & $-0.00893047$ & $0.0193274$ & $-0.00817749$ & $-0.00641891$ & $0.0305623$ & $0.0616386$ & $-0.565586$ & $-0.553596$ & $1$ & $0.358749$ & $0.609615$ & $-0.237882$ & $0.230374$ & $-0.126447$ & $-0.141593$ & $0.419134$ & $0.485336$ & $0.492164$ & $-0.345592$ & $-0.372391$ & $-0.367486$ & $-0.0243636$ & $0.538778$ & $0.488976$ & $0.190153$ & $-0.218062$ & $-0.148394$ & $-0.00380219$ & $-0.111158$ & $-0.0411454$ & $0.0733042$ & $-0.119285$ & $-0.344092$ & $0.00685586$ & $-0.0040072$ & $0.010846$ & $-0.00224143$ & $0.0405106$ & $-0.00744225$ & $0.00712845$ & $0.0160852$ & $-0.0155283$ & $-0.000922926$ & $0.0068671$ & $0.0434539$ & $0.0105102$ & $0.0265186$ & $0.042202$ \\
CHD & $-0.0183919$ & $0.0281542$ & $0.0097812$ & $0.00217429$ & $0.0187361$ & $0.173993$ & $0.0473735$ & $-0.882245$ & $-0.866033$ & $0.358749$ & $1$ & $0.260643$ & $-0.170312$ & $-0.503543$ & $-0.414574$ & $-0.420424$ & $-0.211816$ & $0.0794269$ & $0.0841109$ & $-0.989647$ & $-0.99085$ & $-0.968393$ & $-0.0209804$ & $0.310342$ & $0.0462393$ & $0.568273$ & $-0.26957$ & $-0.355915$ & $0.00613057$ & $-0.0975024$ & $-0.0535891$ & $0.054489$ & $-0.0949814$ & $-0.362516$ & $0.0667537$ & $-0.00747428$ & $-0.0234734$ & $-0.0201136$ & $-0.0122652$ & $9.62309e-06$ & $0.0111041$ & $0.0140927$ & $0.00991567$ & $-0.0168857$ & $-0.0297112$ & $-0.0209299$ & $-0.0401568$ & $-0.0076931$ & $-0.0144974$ \\
CHbox & $-0.0467125$ & $-0.0332932$ & $0.0560056$ & $-0.00264735$ & $-0.00894667$ & $0.0513562$ & $-0.0200907$ & $-0.220923$ & $-0.195677$ & $0.609615$ & $0.260643$ & $1$ & $0.109296$ & $-0.160779$ & $-0.032355$ & $-0.0321022$ & $-0.0957571$ & $-0.0434142$ & $-0.042472$ & $-0.239023$ & $-0.267352$ & $-0.2635$ & $-0.0241055$ & $0.084635$ & $-0.0289363$ & $0.153011$ & $-0.124451$ & $-0.110377$ & $0.0348724$ & $0.199543$ & $0.0433301$ & $0.051821$ & $0.266135$ & $-0.157796$ & $0.0786811$ & $0.00450631$ & $0.029677$ & $-0.0172564$ & $0.0137708$ & $-0.0218541$ & $0.00997683$ & $0.0431203$ & $-0.0208774$ & $0.00432694$ & $-0.0284578$ & $0.024263$ & $-0.0171748$ & $0.0402248$ & $0.0404675$ \\
CH & $-0.0133575$ & $0.0180747$ & $-0.000911182$ & $-0.00193179$ & $-0.0163662$ & $0.00181944$ & $-0.273228$ & $0.328986$ & $0.319886$ & $-0.237882$ & $-0.170312$ & $0.109296$ & $1$ & $-0.216193$ & $0.0778812$ & $0.0826748$ & $-0.324778$ & $-0.357827$ & $-0.359375$ & $0.166597$ & $0.17857$ & $0.174795$ & $0.0182436$ & $-0.357077$ & $-0.358785$ & $-0.102227$ & $0.108076$ & $0.0612803$ & $0.0320244$ & $0.2592$ & $0.112475$ & $-0.228558$ & $0.315251$ & $0.194647$ & $0.0295955$ & $0.00247445$ & $-0.0320083$ & $-0.0099027$ & $0.000654076$ & $0.0288736$ & $-0.047445$ & $0.000296254$ & $0.000926992$ & $-0.0180943$ & $-0.0043707$ & $-0.0343991$ & $2.12413e-05$ & $-0.0221208$ & $-0.0277529$ \\
CHL1_11 & $0.00895935$ & $-0.0270845$ & $-0.0118221$ & $0.00433353$ & $-0.0143117$ & $0.0364643$ & $0.0342642$ & $0.0942222$ & $0.0888795$ & $0.230374$ & $-0.503543$ & $-0.160779$ & $-0.216193$ & $1$ & $0.275474$ & $0.26589$ & $0.652123$ & $0.587986$ & $0.581891$ & $0.521589$ & $0.462392$ & $0.445074$ & $-0.0401566$ & $0.468146$ & $0.588421$ & $-0.288883$ & $-0.118449$ & $0.184339$ & $-0.0295015$ & $-0.00238871$ & $0.0239646$ & $0.0180619$ & $-0.011257$ & $-0.225194$ & $-0.0859923$ & $0.0252267$ & $0.0142736$ & $-0.00294131$ & $0.0531373$ & $0.0113957$ & $0.0185772$ & $-0.0250539$ & $-0.00402905$ & $0.014675$ & $0.0552697$ & $0.0433681$ & $0.0434466$ & $0.030096$ & $0.0235306$ \\
CHL1_22 & $0.0145343$ & $0.0151155$ & $-0.00012255$ & $-0.00270512$ & $-0.0245735$ & $-0.0615144$ & $-0.00422886$ & $0.283209$ & $0.28345$ & $-0.126447$ & $-0.414574$ & $-0.032355$ & $0.0778812$ & $0.275474$ & $1$ & $0.462119$ & $0.179928$ & $-0.452641$ & $-0.0335566$ & $0.485286$ & $0.326919$ & $0.310771$ & $-0.157062$ & $0.12324$ & $-0.136555$ & $-0.207811$ & $-0.422396$ & $0.106899$ & $-0.0238271$ & $0.0585499$ & $-0.00369878$ & $-0.00823197$ & $0.0393599$ & $-0.603479$ & $-0.031769$ & $0.00936597$ & $-0.0197177$ & $0.00318016$ & $0.00327222$ & $0.0241062$ & $-0.0319412$ & $-0.0116715$ & $0.0299028$ & $-0.0378706$ & $0.0121474$ & $-0.0431168$ & $-0.0150409$ & $0.00557059$ & $-0.00231325$ \\
CHL1_33 & $-0.00974093$ & $0.000221518$ & $-0.00823794$ & $0.0105427$ & $-0.0295929$ & $-0.0757359$ & $-0.0373062$ & $0.299863$ & $0.296614$ & $-0.141593$ & $-0.420424$ & $-0.0321022$ & $0.0826748$ & $0.26589$ & $0.462119$ & $1$ & $0.157786$ & $-0.0464474$ & $-0.447207$ & $0.488473$ & $0.337281$ & $0.352751$ & $-0.167512$ & $0.111946$ & $-0.158894$ & $-0.198834$ & $-0.412255$ & $0.153482$ & $-0.0247153$ & $0.0606507$ & $0.0191404$ & $-0.035566$ & $0.0509121$ & $-0.113153$ & $-0.0375588$ & $0.0147432$ & $-0.00283125$ & $-0.0478184$ & $-0.0395873$ & $0.00977591$ & $0.0240118$ & $-8.27029e-05$ & $-0.0269977$ & $-0.030935$ & $0.0169692$ & $0.0178116$ & $-0.0285169$ & $-0.00465366$ & $-0.000960491$ \\
CHL3_11 & $0.0226705$ & $0.00828807$ & $-0.000256254$ & $-0.0234077$ & $-0.0222578$ & $-0.234503$ & $0.0505485$ & $-0.236447$ & $-0.234061$ & $0.419134$ & $-0.211816$ & $-0.0957571$ & $-0.324778$ & $0.652123$ & $0.179928$ & $0.157786$ & $1$ & $0.718868$ & $0.728036$ & $0.235337$ & $0.178201$ & $0.17244$ & $-0.042874$ & $0.670521$ & $0.759443$ & $-0.13283$ & $-0.184816$ & $0.0605006$ & $-0.0258991$ & $-0.0566404$ & $-0.0248626$ & $0.0278414$ & $-0.0598115$ & $-0.262281$ & $-0.0700642$ & $0.0102378$ & $0.0076082$ & $-0.0154093$ & $0.0183532$ & $-0.0167718$ & $0.0368478$ & $-0.0456089$ & $0.0018099$ & $0.0137411$ & $0.0419068$ & $0.0381658$ & $0.0252065$ & $0.0132344$ & $0.0304488$ \\
CHL3_22 & $-0.00110249$ & $-0.0169483$ & $-0.0086856$ & $-0.00994524$ & $-0.0042912$ & $-0.0383584$ & $0.0508607$ & $-0.433064$ & $-0.430698$ & $0.485336$ & $0.0794269$ & $-0.0434142$ & $-0.357827$ & $0.587986$ & $-0.452641$ & $-0.0464474$ & $0.718868$ & $1$ & $0.668955$ & $-0.0844292$ & $-0.0720445$ & $-0.0658703$ & $0.034873$ & $0.608336$ & $0.788637$ & $0.0223879$ & $-0.00509362$ & $-0.00482794$ & $-0.0135275$ & $-0.0842705$ & $-0.00963957$ & $0.0352192$ & $-0.0777848$ & $0.0359328$ & $-0.0485956$ & $0.0119387$ & $0.0149426$ & $-0.021398$ & $0.0298755$ & $-0.0183838$ & $0.0624816$ & $-0.0237679$ & $-0.0216072$ & $0.0302633$ & $0.0387268$ & $0.0669037$ & $0.033999$ & $0.020068$ & $0.0263725$ \\
CHL3_33 & $0.0181678$ & $-0.00416581$ & $-0.00478437$ & $-0.0230881$ & $-0.00581121$ & $-0.0319124$ & $0.0763099$ & $-0.440321$ & $-0.434985$ & $0.492164$ & $0.0841109$ & $-0.042472$ & $-0.359375$ & $0.581891$ & $-0.0335566$ & $-0.447207$ & $0.728036$ & $0.668955$ & $1$ & $-0.0877431$ & $-0.0782188$ & $-0.0742573$ & $0.0467939$ & $0.60939$ & $0.800541$ & $0.016391$ & $-0.000493408$ & $-0.0428599$ & $-0.0139161$ & $-0.0890931$ & $-0.0326599$ & $0.0557445$ & $-0.0897415$ & $-0.343034$ & $-0.0462108$ & $0.0118233$ & $0.0120668$ & $0.0166884$ & $0.056112$ & $-0.00490909$ & $0.013902$ & $-0.0308268$ & $0.0307912$ & $0.0300102$ & $0.026594$ & $0.0144452$ & $0.0392196$ & $0.030542$ & $0.0295356$ \\
CHe_11 & $0.00933232$ & $-0.013291$ & $-0.0106485$ & $-0.00231149$ & $-0.0129941$ & $-0.173157$ & $-0.0469565$ & $0.852008$ & $0.837385$ & $-0.345592$ & $-0.989647$ & $-0.239023$ & $0.166597$ & $0.521589$ & $0.485286$ & $0.488473$ & $0.235337$ & $-0.0844292$ & $-0.0877431$ & $1$ & $0.970489$ & $0.9488$ & $-0.00123006$ & $-0.253844$ & $-0.0404528$ & $-0.559945$ & $0.189304$ & $0.351175$ & $-0.00834315$ & $0.0954958$ & $0.0485906$ & $-0.0536921$ & $0.0924856$ & $0.278135$ & $-0.0658143$ & $0.00679548$ & $0.0112618$ & $0.0153839$ & $0.0136427$ & $0.00403547$ & $-0.00552489$ & $-0.0124868$ & $-0.00720357$ & $0.0103614$ & $0.0293098$ & $0.0160997$ & $0.0343075$ & $0.00932479$ & $0.0107743$ \\
CHe_22 & $0.0142651$ & $-0.0116964$ & $-0.00773175$ & $-0.000612045$ & $-0.00668341$ & $-0.179557$ & $-0.049602$ & $0.900186$ & $0.883116$ & $-0.372391$ & $-0.99085$ & $-0.267352$ & $0.17857$ & $0.462392$ & $0.326919$ & $0.337281$ & $0.178201$ & $-0.0720445$ & $-0.0782188$ & $0.970489$ & $1$ & $0.974371$ & $0.0458042$ & $-0.367638$ & $-0.0506597$ & $-0.567265$ & $0.354844$ & $0.354629$ & $-0.00161914$ & $0.0944807$ & $0.0537166$ & $-0.0559654$ & $0.093783$ & $0.451834$ & $-0.062229$ & $0.00394398$ & $0.0206764$ & $0.0243488$ & $0.0144736$ & $-0.00124391$ & $-0.0105059$ & $-0.0133022$ & $-0.00868436$ & $0.0229676$ & $0.0270764$ & $0.0244628$ & $0.0429318$ & $0.00273604$ & $0.0112538$ \\
CHe_33 & $0.00549229$ & $-0.013132$ & $-0.00565627$ & $0.000491539$ & $-0.0104327$ & $-0.178294$ & $-0.0464395$ & $0.881851$ & $0.866019$ & $-0.367486$ & $-0.968393$ & $-0.2635$ & $0.174795$ & $0.445074$ & $0.310771$ & $0.352751$ & $0.17244$ & $-0.0658703$ & $-0.0742573$ & $0.9488$ & $0.974371$ & $1$ & $0.0455736$ & $-0.361232$ & $-0.0498434$ & $-0.551542$ & $0.352645$ & $0.341619$ & $-0.00453701$ & $0.0914866$ & $0.0452954$ & $-0.0551627$ & $0.0830914$ & $0.45399$ & $-0.0646442$ & $0.0139615$ & $0.0292979$ & $0.0233057$ & $0.00116699$ & $-0.0100478$ & $-0.00894991$ & $-0.0106462$ & $-0.00067013$ & $0.0218388$ & $0.0202663$ & $0.0128142$ & $0.0280808$ & $0.0148286$ & $0.00224827$ \\
CHQ1_11 & $0.0163805$ & $-0.0499736$ & $-0.00186327$ & $0.0117$ & $0.00411659$ & $-0.0103192$ & $-0.00248267$ & $0.055683$ & $0.054141$ & $-0.0243636$ & $-0.0209804$ & $-0.0241055$ & $0.0182436$ & $-0.0401566$ & $-0.157062$ & $-0.167512$ & $-0.042874$ & $0.034873$ & $0.0467939$ & $-0.00123006$ & $0.0458042$ & $0.0455736$ & $1$ & $-0.107115$ & $0.103138$ & $-0.684383$ & $0.320597$ & $0.00466037$ & $-0.00731986$ & $-0.00616085$ & $0.0423332$ & $-0.0011552$ & $0.0190891$ & $0.170894$ & $0.024681$ & $-0.00894117$ & $0.0210906$ & $0.0193685$ & $-0.0204142$ & $-0.000111702$ & $0.0363458$ & $-0.0239685$ & $-0.0100296$ & $0.0349394$ & $-0.0177768$ & $0.0361777$ & $0.0437183$ & $-0.00115916$ & $0.023584$ \\
CHQ1_33 & $-0.0294187$ & $0.00388033$ & $0.00927941$ & $-0.00716758$ & $-0.015839$ & $0.0184006$ & $0.0815047$ & $-0.668103$ & $-0.655151$ & $0.538778$ & $0.310342$ & $0.084635$ & $-0.357077$ & $0.468146$ & $0.12324$ & $0.111946$ & $0.670521$ & $0.608336$ & $0.60939$ & $-0.253844$ & $-0.367638$ & $-0.361232$ & $-0.107115$ & $1$ & $0.628396$ & $0.179812$ & $-0.437424$ & $-0.0262609$ & $-0.039949$ & $-0.0796892$ & $-0.0477284$ & $0.0675366$ & $-0.0866739$ & $-0.635105$ & $-0.0182246$ & $0.00838728$ & $-0.0202907$ & $-0.0366602$ & $0.0350162$ & $0.00591644$ & $0.0421123$ & $-0.0382198$ & $0.0193741$ & $0.00743767$ & $0.0260027$ & $0.0237703$ & $0.00269128$ & $0.0407053$ & $0.0179286$ \\
CHQ3_11 & $-0.0506562$ & $-0.0136981$ & $-0.00669905$ & $-0.000229434$ & $-0.025144$ & $-0.0547136$ & $0.0616872$ & $-0.415006$ & $-0.413804$ & $0.488976$ & $0.0462393$ & $-0.0289363$ & $-0.358785$ & $0.588421$ & $-0.136555$ & $-0.158894$ & $0.759443$ & $0.788637$ & $0.800541$ & $-0.0404528$ & $-0.0506597$ & $-0.0498434$ & $0.103138$ & $0.628396$ & $1$ & $0.00998245$ & $0.195983$ & $-0.0198789$ & $-0.0172412$ & $-0.0831272$ & $-0.0214047$ & $0.0418279$ & $-0.0841768$ & $-0.212436$ & $-0.0675988$ & $-0.000562307$ & $0.00543681$ & $0.00581147$ & $0.0516211$ & $-0.0115161$ & $0.0469844$ & $-0.0349926$ & $-0.0161993$ & $0.0272373$ & $0.0415754$ & $0.0350706$ & $0.0389993$ & $0.0269759$ & $0.0200679$ \\
CHu_11 & $-0.0330981$ & $0.0490921$ & $0.0116058$ & $-0.00833646$ & $0.00466984$ & $0.113218$ & $0.0215133$ & $-0.498894$ & $-0.491961$ & $0.190153$ & $0.568273$ & $0.153011$ & $-0.102227$ & $-0.288883$ & $-0.207811$ & $-0.198834$ & $-0.13283$ & $0.0223879$ & $0.016391$ & $-0.559945$ & $-0.567265$ & $-0.551542$ & $-0.684383$ & $0.179812$ & $0.00998245$ & $1$ & $-0.149608$ & $-0.175404$ & $0.01931$ & $-0.0486063$ & $-0.0625321$ & $0.0308287$ & $-0.0542909$ & $-0.226052$ & $0.0185956$ & $0.0224027$ & $-0.0346003$ & $-0.0121717$ & $0.0299541$ & $0.00411502$ & $-0.0276201$ & $0.0279754$ & $0.0221899$ & $-0.0101963$ & $-0.00538274$ & $-0.0615594$ & $-0.0269875$ & $0.010453$ & $-0.0197838$ \\
CHd_11 & $0.00649072$ & $-0.0169719$ & $-0.00139372$ & $0.00346173$ & $0.00666363$ & $-0.0619735$ & $-0.0189431$ & $0.41262$ & $0.399666$ & $-0.218062$ & $-0.26957$ & $-0.124451$ & $0.108076$ & $-0.118449$ & $-0.422396$ & $-0.412255$ & $-0.184816$ & $-0.00509362$ & $-0.000493408$ & $0.189304$ & $0.354844$ & $0.352645$ & $0.320597$ & $-0.437424$ & $0.195983$ & $-0.149608$ & $1$ & $0.0958892$ & $0.0242133$ & $0.0217173$ & $0.0330354$ & $-0.0185029$ & $0.0337361$ & $0.686641$ & $-0.00912083$ & $-0.0175952$ & $0.0220694$ & $0.0564614$ & $0.0286346$ & $-0.0109289$ & $-0.0183059$ & $-0.0143206$ & $-0.00586602$ & $0.0694473$ & $0.00432866$ & $0.00797046$ & $0.0684451$ & $-0.000377868$ & $0.00569646$ \\
CHd_33 & $0.00425298$ & $0.010341$ & $0.00787127$ & $0.0354298$ & $-0.00426046$ & $-0.0619748$ & $-0.0387579$ & $0.31755$ & $0.30702$ & $-0.148394$ & $-0.355915$ & $-0.110377$ & $0.0612803$ & $0.184339$ & $0.106899$ & $0.153482$ & $0.0605006$ & $-0.00482794$ & $-0.0428599$ & $0.351175$ & $0.354629$ & $0.341619$ & $0.00466037$ & $-0.0262609$ & $-0.0198789$ & $-0.175404$ & $0.0958892$ & $1$ & $-0.022424$ & $0.0375708$ & $0.012634$ & $-0.0292619$ & $0.0447529$ & $0.161266$ & $0.0104513$ & $-0.0114386$ & $-0.0157207$ & $0.00584028$ & $0.0615294$ & $-0.000564432$ & $-0.0059557$ & $0.0153457$ & $0.0218097$ & $0.0371956$ & $0.00579494$ & $0.0150733$ & $0.0651404$ & $0.0206524$ & $0.0272305$ \\
CeH_22r & $-0.00446009$ & $-0.00529026$ & $-0.00692194$ & $0.0266187$ & $0.00339718$ & $0.00326997$ & $-0.00466466$ & $0.0108872$ & $0.0165428$ & $-0.00380219$ & $0.00613057$ & $0.0348724$ & $0.0320244$ & $-0.0295015$ & $-0.0238271$ & $-0.0247153$ & $-0.0258991$ & $-0.0135275$ & $-0.0139161$ & $-0.00834315$ & $-0.00161914$ & $-0.00453701$ & $-0.00731986$ & $-0.039949$ & $-0.0172412$ & $0.01931$ & $0.0242133$ & $-0.022424$ & $1$ & $0.0675853$ & $0.0494199$ & $-0.0175127$ & $0.0549834$ & $0.0315014$ & $-0.0657448$ & $-0.0213432$ & $-0.0117353$ & $0.00564493$ & $0.032271$ & $-0.0120645$ & $-0.0105571$ & $0.0065034$ & $0.0358681$ & $0.0136203$ & $0.0185292$ & $0.00149203$ & $0.0603251$ & $-0.0313154$ & $0.012779$ \\
CeH_33r & $-0.00801605$ & $-0.0220761$ & $0.045014$ & $0.066406$ & $-0.0224197$ & $0.000882562$ & $-0.144638$ & $0.12078$ & $0.143462$ & $-0.111158$ & $-0.0975024$ & $0.199543$ & $0.2592$ & $-0.00238871$ & $0.0585499$ & $0.0606507$ & $-0.0566404$ & $-0.0842705$ & $-0.0890931$ & $0.0954958$ & $0.0944807$ & $0.0914866$ & $-0.00616085$ & $-0.0796892$ & $-0.0831272$ & $-0.0486063$ & $0.0217173$ & $0.0375708$ & $0.0675853$ & $1$ & $0.319654$ & $-0.00202311$ & $0.672795$ & $0.044901$ & $-0.0792017$ & $-0.00460844$ & $-0.136922$ & $-0.0245327$ & $0.0218121$ & $0.00864998$ & $-0.0219916$ & $-0.024419$ & $0.0185124$ & $-0.0165679$ & $0.0804099$ & $-0.035475$ & $0.0473957$ & $0.00423827$ & $-0.0434458$ \\
CuH_22r & $0.0676191$ & $-0.0276678$ & $0.0234301$ & $0.0393664$ & $-0.0175367$ & $0.00273267$ & $-0.0730507$ & $0.0598771$ & $0.0739326$ & $-0.0411454$ & $-0.0535891$ & $0.0433301$ & $0.112475$ & $0.0239646$ & $-0.00369878$ & $0.0191404$ & $-0.0248626$ & $-0.00963957$ & $-0.0326599$ & $0.0485906$ & $0.0537166$ & $0.0452954$ & $0.0423332$ & $-0.0477284$ & $-0.0214047$ & $-0.0625321$ & $0.0330354$ & $0.012634$ & $0.0494199$ & $0.319654$ & $1$ & $0.0106139$ & $0.395163$ & $0.0440778$ & $-0.0570684$ & $-0.0322431$ & $-0.142032$ & $-0.0141132$ & $0.0661144$ & $0.0349247$ & $0.00404282$ & $0.0175441$ & $0.0284303$ & $0.0354066$ & $0.0480181$ & $0.118365$ & $0.299529$ & $-0.0260095$ & $0.0592857$ \\
CuH_33r & $0.065932$ & $-0.00113123$ & $0.049516$ & $-0.00374814$ & $-0.011544$ & $0.0260972$ & $0.935868$ & $-0.0703463$ & $-0.0214658$ & $0.0733042$ & $0.054489$ & $0.051821$ & $-0.228558$ & $0.0180619$ & $-0.00823197$ & $-0.035566$ & $0.0278414$ & $0.0352192$ & $0.0557445$ & $-0.0536921$ & $-0.0559654$ & $-0.0551627$ & $-0.0011552$ & $0.0675366$ & $0.0418279$ & $0.0308287$ & $-0.0185029$ & $-0.0292619$ & $-0.0175127$ & $-0.00202311$ & $0.0106139$ & $1$ & $0.00616908$ & $-0.0531641$ & $0.0732239$ & $-0.0333801$ & $-0.000570625$ & $0.000924797$ & $0.0396977$ & $0.00786161$ & $-0.0463955$ & $0.0480637$ & $0.0200668$ & $-0.01749$ & $-0.0485893$ & $0.0193462$ & $-0.0160795$ & $0.0151622$ & $0.00442908$ \\
CdH_33r & $0.0249549$ & $-0.117222$ & $0.0569047$ & $0.0369184$ & $-0.0281093$ & $0.00529577$ & $-0.179056$ & $0.121843$ & $0.148275$ & $-0.119285$ & $-0.0949814$ & $0.266135$ & $0.315251$ & $-0.011257$ & $0.0393599$ & $0.0509121$ & $-0.0598115$ & $-0.0777848$ & $-0.0897415$ & $0.0924856$ & $0.093783$ & $0.0830914$ & $0.0190891$ & $-0.0866739$ & $-0.0841768$ & $-0.0542909$ & $0.0337361$ & $0.0447529$ & $0.0549834$ & $0.672795$ & $0.395163$ & $0.00616908$ & $1$ & $0.0565335$ & $-0.0428306$ & $-0.000399736$ & $-0.0749068$ & $-0.0549878$ & $-0.0361075$ & $-0.0248509$ & $-0.00816137$ & $-0.00611048$ & $0.0468406$ & $0.0494366$ & $0.00109241$ & $-0.0235966$ & $0.0864589$ & $0.189645$ & $0.333902$ \\
CLL_1221 & $-0.00539416$ & $0.004444$ & $-0.00358434$ & $0.00152142$ & $0.0180822$ & $-0.129395$ & $-0.0574786$ & $0.564282$ & $0.550736$ & $-0.344092$ & $-0.362516$ & $-0.157796$ & $0.194647$ & $-0.225194$ & $-0.603479$ & $-0.113153$ & $-0.262281$ & $0.0359328$ & $-0.343034$ & $0.278135$ & $0.451834$ & $0.45399$ & $0.170894$ & $-0.635105$ & $-0.212436$ & $-0.226052$ & $0.686641$ & $0.161266$ & $0.0315014$ & $0.044901$ & $0.0440778$ & $-0.0531641$ & $0.0565335$ & $1$ & $0.0052876$ & $-0.0149362$ & $0.0273397$ & $0.0214272$ & $-0.0182236$ & $-0.0244635$ & $0.00979909$ & $0.00949639$ & $-0.0287742$ & $0.0423997$ & $-0.00967275$ & $0.0428351$ & $0.0271542$ & $-0.0182984$ & $-0.00825829$ \\
eHggint & $0.0621549$ & $0.13558$ & $0.00566839$ & $-0.0780249$ & $-0.00152647$ & $-0.020842$ & $0.00239105$ & $-0.0314545$ & $-0.0444097$ & $0.00685586$ & $0.0667537$ & $0.0786811$ & $0.0295955$ & $-0.0859923$ & $-0.031769$ & $-0.0375588$ & $-0.0700642$ & $-0.0485956$ & $-0.0462108$ & $-0.0658143$ & $-0.062229$ & $-0.0646442$ & $0.024681$ & $-0.0182246$ & $-0.0675988$ & $0.0185956$ & $-0.00912083$ & $0.0104513$ & $-0.0657448$ & $-0.0792017$ & $-0.0570684$ & $0.0732239$ & $-0.0428306$ & $0.0052876$ & $1$ & $0.0861738$ & $0.191818$ & $-0.0782936$ & $0.0181311$ & $-0.0828861$ & $-0.0324792$ & $0.0599678$ & $0.0641044$ & $0.11806$ & $-0.22019$ & $0.0802202$ & $-0.17455$ & $0.170094$ & $-0.00266565$ \\
eHggpar & $0.0220858$ & $-0.0814697$ & $0.12979$ & $0.0520051$ & $-0.0238431$ & $-0.0066318$ & $-0.071905$ & $-0.00088005$ & $-0.0188331$ & $-0.0040072$ & $-0.00747428$ & $0.00450631$ & $0.00247445$ & $0.0252267$ & $0.00936597$ & $0.0147432$ & $0.0102378$ & $0.0119387$ & $0.0118233$ & $0.00679548$ & $0.00394398$ & $0.0139615$ & $-0.00894117$ & $0.00838728$ & $-0.000562307$ & $0.0224027$ & $-0.0175952$ & $-0.0114386$ & $-0.0213432$ & $-0.00460844$ & $-0.0322431$ & $-0.0333801$ & $-0.000399736$ & $-0.0149362$ & $0.0861738$ & $1$ & $0.0849281$ & $0.0277359$ & $-0.113963$ & $-0.0272817$ & $0.00695589$ & $0.000285864$ & $-0.0681931$ & $-0.0694825$ & $0.0290654$ & $-0.299808$ & $0.0440546$ & $0.211787$ & $0.0280063$ \\
eHWWint & $0.0394909$ & $-0.27202$ & $-0.172263$ & $-0.21616$ & $0.0146278$ & $0.0202564$ & $0.0159314$ & $0.0242943$ & $0.0157152$ & $0.010846$ & $-0.0234734$ & $0.029677$ & $-0.0320083$ & $0.0142736$ & $-0.0197177$ & $-0.00283125$ & $0.0076082$ & $0.0149426$ & $0.0120668$ & $0.0112618$ & $0.0206764$ & $0.0292979$ & $0.0210906$ & $-0.0202907$ & $0.00543681$ & $-0.0346003$ & $0.0220694$ & $-0.0157207$ & $-0.0117353$ & $-0.136922$ & $-0.142032$ & $-0.000570625$ & $-0.0749068$ & $0.0273397$ & $0.191818$ & $0.0849281$ & $1$ & $-0.0134943$ & $-0.115076$ & $-0.103061$ & $-0.0384826$ & $-0.0468246$ & $0.0166366$ & $0.0227059$ & $-0.138952$ & $-0.0338349$ & $-0.218966$ & $0.180923$ & $0.221426$ \\
eHWWpar & $0.0243713$ & $0.0133509$ & $-0.00305365$ & $0.0324761$ & $0.0271693$ & $0.00607011$ & $0.0131166$ & $0.0295998$ & $0.0270163$ & $-0.00224143$ & $-0.0201136$ & $-0.0172564$ & $-0.0099027$ & $-0.00294131$ & $0.00318016$ & $-0.0478184$ & $-0.0154093$ & $-0.021398$ & $0.0166884$ & $0.0153839$ & $0.0243488$ & $0.0233057$ & $0.0193685$ & $-0.0366602$ & $0.00581147$ & $-0.0121717$ & $0.0564614$ & $0.00584028$ & $0.00564493$ & $-0.0245327$ & $-0.0141132$ & $0.000924797$ & $-0.0549878$ & $0.0214272$ & $-0.0782936$ & $0.0277359$ & $-0.0134943$ & $1$ & $-0.0126421$ & $0.00517852$ & $-0.000701187$ & $0.0608187$ & $-0.037185$ & $0.0175889$ & $0.0363034$ & $0.0307182$ & $0.0278104$ & $-0.0613099$ & $0.00869574$ \\
eHZZint & $-0.0246509$ & $0.0133464$ & $0.0790117$ & $-0.0651712$ & $-0.0360929$ & $0.0184381$ & $0.0300261$ & $-0.00536398$ & $-0.00212698$ & $0.0405106$ & $-0.0122652$ & $0.0137708$ & $0.000654076$ & $0.0531373$ & $0.00327222$ & $-0.0395873$ & $0.0183532$ & $0.0298755$ & $0.056112$ & $0.0136427$ & $0.0144736$ & $0.00116699$ & $-0.0204142$ & $0.0350162$ & $0.0516211$ & $0.0299541$ & $0.0286346$ & $0.0615294$ & $0.032271$ & $0.0218121$ & $0.0661144$ & $0.0396977$ & $-0.0361075$ & $-0.0182236$ & $0.0181311$ & $-0.113963$ & $-0.115076$ & $-0.0126421$ & $1$ & $0.0280449$ & $-0.0527886$ & $0.00234594$ & $0.0601381$ & $0.175271$ & $0.195839$ & $0.072994$ & $0.242641$ & $0.0715522$ & $-0.152737$ \\
eHZZpar & $0.00754133$ & $0.104799$ & $-0.0241388$ & $0.0176934$ & $0.0265073$ & $0.0115836$ & $0.00838592$ & $-0.000519806$ & $0.00439449$ & $-0.00744225$ & $9.62309e-06$ & $-0.0218541$ & $0.0288736$ & $0.0113957$ & $0.0241062$ & $0.00977591$ & $-0.0167718$ & $-0.0183838$ & $-0.00490909$ & $0.00403547$ & $-0.00124391$ & $-0.0100478$ & $-0.000111702$ & $0.00591644$ & $-0.0115161$ & $0.00411502$ & $-0.0109289$ & $-0.000564432$ & $-0.0120645$ & $0.00864998$ & $0.0349247$ & $0.00786161$ & $-0.0248509$ & $-0.0244635$ & $-0.0828861$ & $-0.0272817$ & $-0.103061$ & $0.00517852$ & $0.0280449$ & $1$ & $-0.0260555$ & $-0.0744743$ & $0.10187$ & $-0.0435166$ & $0.0675513$ & $0.00830416$ & $0.0986697$ & $-0.048173$ & $-0.0782255$ \\
eHZgaint & $-0.233691$ & $0.0842819$ & $-0.155914$ & $0.114028$ & $-0.0547378$ & $-0.00782988$ & $-0.0307209$ & $-0.030534$ & $-0.0405961$ & $0.00712845$ & $0.0111041$ & $0.00997683$ & $-0.047445$ & $0.0185772$ & $-0.0319412$ & $0.0240118$ & $0.0368478$ & $0.0624816$ & $0.013902$ & $-0.00552489$ & $-0.0105059$ & $-0.00894991$ & $0.0363458$ & $0.0421123$ & $0.0469844$ & $-0.0276201$ & $-0.0183059$ & $-0.0059557$ & $-0.0105571$ & $-0.0219916$ & $0.00404282$ & $-0.0463955$ & $-0.00816137$ & $0.00979909$ & $-0.0324792$ & $0.00695589$ & $-0.0384826$ & $-0.000701187$ & $-0.0527886$ & $-0.0260555$ & $1$ & $0.0300405$ & $-0.255459$ & $0.0281626$ & $0.0872281$ & $0.261999$ & $0.00655335$ & $0.0535445$ & $-0.0205435$ \\
eHZgapar & $-0.0464036$ & $0.00888422$ & $0.00653266$ & $0.0724509$ & $-0.0552047$ & $0.0482331$ & $0.0417531$ & $0.00446002$ & $0.00649907$ & $0.0160852$ & $0.0140927$ & $0.0431203$ & $0.000296254$ & $-0.0250539$ & $-0.0116715$ & $-8.27029e-05$ & $-0.0456089$ & $-0.0237679$ & $-0.0308268$ & $-0.0124868$ & $-0.0133022$ & $-0.0106462$ & $-0.0239685$ & $-0.0382198$ & $-0.0349926$ & $0.0279754$ & $-0.0143206$ & $0.0153457$ & $0.0065034$ & $-0.024419$ & $0.0175441$ & $0.0480637$ & $-0.00611048$ & $0.00949639$ & $0.0599678$ & $0.000285864$ & $-0.0468246$ & $0.0608187$ & $0.00234594$ & $-0.0744743$ & $0.0300405$ & $1$ & $-0.00598739$ & $-0.0256701$ & $0.0223016$ & $0.0385744$ & $0.0353658$ & $0.00732089$ & $0.0447243$ \\
eHgagaint & $0.143695$ & $0.163506$ & $0.0217676$ & $-0.00543425$ & $-0.0183856$ & $-0.0099463$ & $-0.00128847$ & $-0.0126669$ & $0.0392717$ & $-0.0155283$ & $0.00991567$ & $-0.0208774$ & $0.000926992$ & $-0.00402905$ & $0.0299028$ & $-0.0269977$ & $0.0018099$ & $-0.0216072$ & $0.0307912$ & $-0.00720357$ & $-0.00868436$ & $-0.00067013$ & $-0.0100296$ & $0.0193741$ & $-0.0161993$ & $0.0221899$ & $-0.00586602$ & $0.0218097$ & $0.0358681$ & $0.0185124$ & $0.0284303$ & $0.0200668$ & $0.0468406$ & $-0.0287742$ & $0.0641044$ & $-0.0681931$ & $0.0166366$ & $-0.037185$ & $0.0601381$ & $0.10187$ & $-0.255459$ & $-0.00598739$ & $1$ & $-0.0490253$ & $0.00681187$ & $0.030625$ & $0.0878195$ & $0.0033863$ & $0.118507$ \\
eHmumuint & $0.129322$ & $-0.0104789$ & $0.11786$ & $0.035527$ & $-0.0181284$ & $0.00565071$ & $-0.0278829$ & $0.0138485$ & $0.0114655$ & $-0.000922926$ & $-0.0168857$ & $0.00432694$ & $-0.0180943$ & $0.014675$ & $-0.0378706$ & $-0.030935$ & $0.0137411$ & $0.0302633$ & $0.0300102$ & $0.0103614$ & $0.0229676$ & $0.0218388$ & $0.0349394$ & $0.00743767$ & $0.0272373$ & $-0.0101963$ & $0.0694473$ & $0.0371956$ & $0.0136203$ & $-0.0165679$ & $0.0354066$ & $-0.01749$ & $0.0494366$ & $0.0423997$ & $0.11806$ & $-0.0694825$ & $0.0227059$ & $0.0175889$ & $0.175271$ & $-0.0435166$ & $0.0281626$ & $-0.0256701$ & $-0.0490253$ & $1$ & $-0.170149$ & $0.10318$ & $0.160952$ & $0.145553$ & $0.121586$ \\
eHtautauint & $0.0781711$ & $0.028497$ & $-0.23889$ & $0.0833377$ & $0.0196875$ & $0.0182877$ & $-0.025856$ & $0.00275251$ & $0.00685389$ & $0.0068671$ & $-0.0297112$ & $-0.0284578$ & $-0.0043707$ & $0.0552697$ & $0.0121474$ & $0.0169692$ & $0.0419068$ & $0.0387268$ & $0.026594$ & $0.0293098$ & $0.0270764$ & $0.0202663$ & $-0.0177768$ & $0.0260027$ & $0.0415754$ & $-0.00538274$ & $0.00432866$ & $0.00579494$ & $0.0185292$ & $0.0804099$ & $0.0480181$ & $-0.0485893$ & $0.00109241$ & $-0.00967275$ & $-0.22019$ & $0.0290654$ & $-0.138952$ & $0.0363034$ & $0.195839$ & $0.0675513$ & $0.0872281$ & $0.0223016$ & $0.00681187$ & $-0.170149$ & $1$ & $-0.138753$ & $0.168126$ & $-0.0144658$ & $-0.0352832$ \\
eHccint & $-0.0270983$ & $0.0790267$ & $-0.185606$ & $0.0772134$ & $-0.0346084$ & $0.00229744$ & $0.025055$ & $0.00141861$ & $0.00905473$ & $0.0434539$ & $-0.0209299$ & $0.024263$ & $-0.0343991$ & $0.0433681$ & $-0.0431168$ & $0.0178116$ & $0.0381658$ & $0.0669037$ & $0.0144452$ & $0.0160997$ & $0.0244628$ & $0.0128142$ & $0.0361777$ & $0.0237703$ & $0.0350706$ & $-0.0615594$ & $0.00797046$ & $0.0150733$ & $0.00149203$ & $-0.035475$ & $0.118365$ & $0.0193462$ & $-0.0235966$ & $0.0428351$ & $0.0802202$ & $-0.299808$ & $-0.0338349$ & $0.0307182$ & $0.072994$ & $0.00830416$ & $0.261999$ & $0.0385744$ & $0.030625$ & $0.10318$ & $-0.138753$ & $1$ & $0.141154$ & $-0.218964$ & $0.0600555$ \\
eHccpar & $0.209603$ & $-0.0813565$ & $0.0164029$ & $0.0156247$ & $-0.0264178$ & $-0.00540587$ & $-0.0289071$ & $0.0264456$ & $0.0303089$ & $0.0105102$ & $-0.0401568$ & $-0.0171748$ & $2.12413e-05$ & $0.0434466$ & $-0.0150409$ & $-0.0285169$ & $0.0252065$ & $0.033999$ & $0.0392196$ & $0.0343075$ & $0.0429318$ & $0.0280808$ & $0.0437183$ & $0.00269128$ & $0.0389993$ & $-0.0269875$ & $0.0684451$ & $0.0651404$ & $0.0603251$ & $0.0473957$ & $0.299529$ & $-0.0160795$ & $0.0864589$ & $0.0271542$ & $-0.17455$ & $0.0440546$ & $-0.218966$ & $0.0278104$ & $0.242641$ & $0.0986697$ & $0.00655335$ & $0.0353658$ & $0.0878195$ & $0.160952$ & $0.168126$ & $0.141154$ & $1$ & $0.0330893$ & $0.117515$ \\
eHbbint & $-0.157871$ & $-0.172752$ & $-0.0612607$ & $-0.1528$ & $-0.0125474$ & $0.0435037$ & $-0.00825962$ & $-0.00226297$ & $0.000212664$ & $0.0265186$ & $-0.0076931$ & $0.0402248$ & $-0.0221208$ & $0.030096$ & $0.00557059$ & $-0.00465366$ & $0.0132344$ & $0.020068$ & $0.030542$ & $0.00932479$ & $0.00273604$ & $0.0148286$ & $-0.00115916$ & $0.0407053$ & $0.0269759$ & $0.010453$ & $-0.000377868$ & $0.0206524$ & $-0.0313154$ & $0.00423827$ & $-0.0260095$ & $0.0151622$ & $0.189645$ & $-0.0182984$ & $0.170094$ & $0.211787$ & $0.180923$ & $-0.0613099$ & $0.0715522$ & $-0.048173$ & $0.0535445$ & $0.00732089$ & $0.0033863$ & $0.145553$ & $-0.0144658$ & $-0.218964$ & $0.0330893$ & $1$ & $0.258186$ \\
eHbbpar & $0.143757$ & $-0.277267$ & $-0.0290268$ & $0.0155637$ & $-0.017672$ & $0.0317778$ & $0.00594065$ & $0.00198631$ & $0.014201$ & $0.042202$ & $-0.0144974$ & $0.0404675$ & $-0.0277529$ & $0.0235306$ & $-0.00231325$ & $-0.000960491$ & $0.0304488$ & $0.0263725$ & $0.0295356$ & $0.0107743$ & $0.0112538$ & $0.00224827$ & $0.023584$ & $0.0179286$ & $0.0200679$ & $-0.0197838$ & $0.00569646$ & $0.0272305$ & $0.012779$ & $-0.0434458$ & $0.0592857$ & $0.00442908$ & $0.333902$ & $-0.00825829$ & $-0.00266565$ & $0.0280063$ & $0.221426$ & $0.00869574$ & $-0.152737$ & $-0.0782255$ & $-0.0205435$ & $0.0447243$ & $0.118507$ & $0.121586$ & $-0.0352832$ & $0.0600555$ & $0.117515$ & $0.258186$ & $1$ \\
