 & AlsMz & dAle5Mz & mtop & mHl & Mz & CW & CHG & CHWB & CHWHB_gaga & CHWHB_gagaorth & CHD & CHbox & CH & CHL1_11 & CHL1_22 & CHL1_33 & CHL3_11 & CHL3_22 & CHL3_33 & CHe_11 & CHe_22 & CHe_33 & CHQ1_11 & CHQ1_33 & CHQ3_11 & CHu_11 & CHd_11 & CHd_33 & CeH_22r & CeH_33r & CuH_22r & CuH_33r & CdH_33r & CLL_1221 & eHggint & eHggpar & eHWWint & eHWWpar & eHZZint & eHZZpar & eHZgaint & eHZgapar & eHgagaint & eHmumuint & eHtautauint & eHccint & eHccpar & eHbbint & eHbbpar \\
AlsMz & $1$ & $-0.0167191$ & $0.441929$ & $-0.204263$ & $-0.0348667$ & $-0.00542809$ & $-0.0543417$ & $-0.0620447$ & $-0.0669101$ & $0.0367088$ & $0.0253316$ & $-0.023739$ & $-0.0594739$ & $0.0386122$ & $0.00999623$ & $0.00472508$ & $0.0622278$ & $0.0550211$ & $0.0536759$ & $-0.0252029$ & $-0.0354268$ & $-0.0325326$ & $0.0124956$ & $0.0286303$ & $-0.0189963$ & $-0.028991$ & $-0.0630121$ & $-0.0212564$ & $-0.0174877$ & $0.0472917$ & $0.0279402$ & $-0.0224654$ & $0.0484801$ & $-0.0533374$ & $0.0415142$ & $0.300501$ & $-0.499313$ & $-0.00401682$ & $0.339349$ & $-0.0543657$ & $-0.0848332$ & $0.0581279$ & $-0.0431702$ & $0.0872736$ & $0.238204$ & $0.107129$ & $-0.0650921$ & $-0.16356$ & $0.113347$ \\
dAle5Mz & $-0.0167191$ & $1$ & $-0.0473567$ & $-0.169652$ & $-0.00752386$ & $-0.0359716$ & $-0.00268905$ & $0.022203$ & $0.0259928$ & $-0.0309333$ & $-0.0140803$ & $-0.00159356$ & $0.0196598$ & $-0.0165543$ & $-0.0652329$ & $-0.0885828$ & $-0.0197323$ & $0.00435968$ & $0.0279763$ & $0.0180186$ & $0.0414528$ & $0.051258$ & $0.0550537$ & $-0.070725$ & $0.0232941$ & $-0.0267091$ & $0.126799$ & $-0.0177976$ & $0.00428692$ & $0.02214$ & $0.0745555$ & $0.00244949$ & $0.125313$ & $0.102794$ & $0.0740133$ & $0.0640523$ & $-0.0965388$ & $0.0154703$ & $0.00850822$ & $-0.0263204$ & $-0.087867$ & $-0.00935083$ & $-0.0186927$ & $0.111735$ & $0.0370885$ & $-0.17576$ & $0.281617$ & $-0.179014$ & $0.3246$ \\
mtop & $0.441929$ & $-0.0473567$ & $1$ & $0.0505211$ & $-0.0466238$ & $-0.0264019$ & $-0.06111$ & $-0.0471013$ & $-0.0458534$ & $0.0316544$ & $0.0186943$ & $-1.28405e-05$ & $-0.0237375$ & $0.0230507$ & $0.093807$ & $0.0954899$ & $0.0486548$ & $-0.00405016$ & $-0.00449289$ & $-0.0035036$ & $-0.0325696$ & $-0.0314537$ & $-0.0505607$ & $0.0558889$ & $-0.06163$ & $-0.000350633$ & $-0.174791$ & $0.00994308$ & $0.000769244$ & $0.0427294$ & $0.0578712$ & $-0.0524544$ & $0.00135534$ & $-0.109524$ & $-0.101969$ & $0.268124$ & $-0.175232$ & $0.081759$ & $0.194973$ & $-0.088956$ & $0.0314546$ & $0.0272987$ & $0.0770534$ & $-0.00446701$ & $0.270571$ & $0.256592$ & $-0.0191151$ & $-0.00256034$ & $-0.0157665$ \\
mHl & $-0.204263$ & $-0.169652$ & $0.0505211$ & $1$ & $-0.0162229$ & $0.0221563$ & $-0.0347034$ & $0.0722637$ & $0.0689437$ & $-0.0894234$ & $-0.0296539$ & $-0.0183061$ & $0.022206$ & $-0.0480717$ & $-0.0171678$ & $-0.0254403$ & $-0.068076$ & $-0.0609475$ & $-0.0607151$ & $0.021451$ & $0.0346806$ & $0.0337811$ & $0.0130142$ & $-0.0673164$ & $-0.0437336$ & $-0.0102116$ & $0.0673032$ & $0.0337084$ & $0.0299541$ & $0.0248538$ & $-0.00607397$ & $-0.0632757$ & $-0.104456$ & $0.0651807$ & $-0.267937$ & $-0.0545962$ & $0.295912$ & $0.0688906$ & $-0.234297$ & $-0.00112412$ & $0.350886$ & $-0.0434077$ & $-0.105663$ & $0.0104466$ & $-0.105736$ & $-0.00460969$ & $0.0136706$ & $-0.216331$ & $-0.183821$ \\
Mz & $-0.0348667$ & $-0.00752386$ & $-0.0466238$ & $-0.0162229$ & $1$ & $0.0214453$ & $0.0236452$ & $0.0140874$ & $0.0147578$ & $-0.0166234$ & $-0.00425096$ & $-0.00368137$ & $0.0156878$ & $0.0157964$ & $0.0307196$ & $0.0264969$ & $-0.0177139$ & $-0.0233113$ & $-0.0155748$ & $0.0139783$ & $0.0109955$ & $0.0158812$ & $-0.0162743$ & $0.00209938$ & $-0.0131494$ & $-0.0133608$ & $-0.0165992$ & $-0.000634892$ & $0.0106415$ & $0.0121026$ & $0.00786563$ & $0.0309612$ & $0.0196747$ & $-0.0235488$ & $-0.017553$ & $-0.019651$ & $0.016163$ & $-0.0239175$ & $0.0106655$ & $0.00176624$ & $0.00380364$ & $0.0161097$ & $-0.0140171$ & $0.0204732$ & $0.0031442$ & $-0.0504611$ & $-0.0137384$ & $-0.0285466$ & $-0.00632155$ \\
CW & $-0.00542809$ & $-0.0359716$ & $-0.0264019$ & $0.0221563$ & $0.0214453$ & $1$ & $0.00228483$ & $-0.117077$ & $-0.114072$ & $0.0101014$ & $0.172442$ & $0.0573099$ & $0.0115631$ & $0.0243379$ & $-0.0726545$ & $-0.0639958$ & $-0.229385$ & $-0.0411687$ & $-0.0447938$ & $-0.171133$ & $-0.175699$ & $-0.169238$ & $0.0423726$ & $0.00237085$ & $-0.0666474$ & $0.0657159$ & $-0.0614111$ & $-0.0451284$ & $-0.0159366$ & $0.0411305$ & $0.0115814$ & $0.0170675$ & $0.0364915$ & $-0.10997$ & $-0.0105367$ & $-0.0681324$ & $0.0609499$ & $0.0577356$ & $0.0479348$ & $-0.0220636$ & $0.0412799$ & $-0.00295133$ & $0.0140687$ & $0.00138881$ & $0.0254774$ & $-0.063664$ & $-0.00193817$ & $-0.0601793$ & $-0.00107952$ \\
CHG & $-0.0543417$ & $-0.00268905$ & $-0.06111$ & $-0.0347034$ & $0.0236452$ & $0.00228483$ & $1$ & $-0.121862$ & $-0.0650093$ & $0.115525$ & $0.0526861$ & $-0.134034$ & $-0.318356$ & $0.0774992$ & $-0.0435238$ & $-0.0392679$ & $0.141422$ & $0.154308$ & $0.142087$ & $-0.0504955$ & $-0.054024$ & $-0.0521801$ & $0.0154$ & $0.154924$ & $0.171995$ & $0.0229799$ & $0.0034227$ & $-0.00880179$ & $0.0418324$ & $-0.127552$ & $-0.10628$ & $0.933433$ & $-0.180725$ & $-0.0507977$ & $-0.0792879$ & $-0.0179361$ & $0.0573739$ & $0.0560927$ & $-0.0233624$ & $-0.0499208$ & $-0.0541045$ & $-0.0387877$ & $0.021894$ & $-0.0390432$ & $-0.00583803$ & $-0.00375054$ & $-0.0491651$ & $-5.7142e-05$ & $-0.0512543$ \\
CHWB & $-0.0620447$ & $0.022203$ & $-0.0471013$ & $0.0722637$ & $0.0140874$ & $-0.117077$ & $-0.121862$ & $1$ & $0.983868$ & $-0.569204$ & $-0.860892$ & $-0.0668202$ & $0.333003$ & $0.0691101$ & $0.244181$ & $0.275214$ & $-0.262644$ & $-0.418546$ & $-0.435002$ & $0.830475$ & $0.881934$ & $0.865598$ & $0.0260414$ & $-0.660751$ & $-0.418525$ & $-0.463173$ & $0.435235$ & $0.30653$ & $-0.0244466$ & $0.128983$ & $0.0692731$ & $-0.113144$ & $0.160378$ & $0.578012$ & $-0.0231051$ & $0.0239362$ & $0.0143881$ & $0.0147997$ & $-0.0297269$ & $0.0696026$ & $0.0109315$ & $-0.0104201$ & $0.0176336$ & $-0.0166093$ & $-0.10058$ & $0.00337727$ & $-0.057236$ & $0.0692055$ & $0.053254$ \\
CHWHB_gaga & $-0.0669101$ & $0.0259928$ & $-0.0458534$ & $0.0689437$ & $0.0147578$ & $-0.114072$ & $-0.0650093$ & $0.983868$ & $1$ & $-0.558524$ & $-0.846298$ & $-0.0488349$ & $0.328098$ & $0.0667649$ & $0.239623$ & $0.274458$ & $-0.261633$ & $-0.412322$ & $-0.43186$ & $0.817522$ & $0.866863$ & $0.851534$ & $0.0286414$ & $-0.649149$ & $-0.413381$ & $-0.459706$ & $0.426517$ & $0.30267$ & $-0.019938$ & $0.147864$ & $0.073651$ & $-0.0661911$ & $0.185578$ & $0.56853$ & $-0.0383779$ & $0.0201582$ & $0.0241031$ & $0.0127541$ & $-0.0262948$ & $0.0706252$ & $0.00711847$ & $-0.0147233$ & $0.061943$ & $-0.025862$ & $-0.108904$ & $0.0108226$ & $-0.0641187$ & $0.0848381$ & $0.0677378$ \\
CHWHB_gagaorth & $0.0367088$ & $-0.0309333$ & $0.0316544$ & $-0.0894234$ & $-0.0166234$ & $0.0101014$ & $0.115525$ & $-0.569204$ & $-0.558524$ & $1$ & $0.336249$ & $0.400198$ & $-0.274822$ & $0.234963$ & $-0.0846002$ & $-0.127858$ & $0.451954$ & $0.477483$ & $0.494034$ & $-0.32383$ & $-0.353921$ & $-0.350428$ & $-0.0231187$ & $0.557626$ & $0.486644$ & $0.177645$ & $-0.244222$ & $-0.120246$ & $-0.000647031$ & $-0.171003$ & $-0.100565$ & $0.113686$ & $-0.207579$ & $-0.358469$ & $-0.00171482$ & $0.0533158$ & $-0.0386062$ & $-0.00611488$ & $-0.0248823$ & $-0.0385703$ & $-0.0810381$ & $0.0274001$ & $-0.00040787$ & $0.0235285$ & $0.0412259$ & $0.0434732$ & $0.0235787$ & $-0.0423637$ & $-0.0420096$ \\
CHD & $0.0253316$ & $-0.0140803$ & $0.0186943$ & $-0.0296539$ & $-0.00425096$ & $0.172442$ & $0.0526861$ & $-0.860892$ & $-0.846298$ & $0.336249$ & $1$ & $0.207317$ & $-0.123187$ & $-0.520868$ & $-0.3922$ & $-0.39377$ & $-0.230595$ & $0.0157481$ & $0.0293492$ & $-0.989979$ & $-0.990706$ & $-0.967957$ & $0.0433707$ & $0.257545$ & $-0.00310082$ & $0.521302$ & $-0.279383$ & $-0.336355$ & $0.0297282$ & $-0.068206$ & $-0.0346337$ & $0.0580408$ & $-0.0858863$ & $-0.354178$ & $0.0216444$ & $-0.0116282$ & $0.0226141$ & $-0.0185549$ & $0.00850887$ & $-0.0855875$ & $0.0124229$ & $0.00604554$ & $-0.0204885$ & $0.00176277$ & $0.126664$ & $-0.0268503$ & $0.035255$ & $-0.0710255$ & $-0.0318145$ \\
CHbox & $-0.023739$ & $-0.00159356$ & $-1.28405e-05$ & $-0.0183061$ & $-0.00368137$ & $0.0573099$ & $-0.134034$ & $-0.0668202$ & $-0.0488349$ & $0.400198$ & $0.207317$ & $1$ & $0.476154$ & $-0.301782$ & $-0.0111784$ & $-0.0202213$ & $-0.26283$ & $-0.241261$ & $-0.224776$ & $-0.192289$ & $-0.207561$ & $-0.19659$ & $0.0120804$ & $-0.105431$ & $-0.22526$ & $0.104888$ & $-0.0553289$ & $-0.0788002$ & $0.0512982$ & $0.296669$ & $0.0738704$ & $-0.0474874$ & $0.340852$ & $-0.0454121$ & $0.052379$ & $0.0873992$ & $-0.0282514$ & $-0.00529255$ & $-0.0390488$ & $0.00606441$ & $-0.0295597$ & $0.0315826$ & $0.00623525$ & $-0.0127373$ & $0.0700098$ & $0.0311861$ & $0.026098$ & $-0.027126$ & $-0.00777045$ \\
CH & $-0.0594739$ & $0.0196598$ & $-0.0237375$ & $0.022206$ & $0.0156878$ & $0.0115631$ & $-0.318356$ & $0.333003$ & $0.328098$ & $-0.274822$ & $-0.123187$ & $0.476154$ & $1$ & $-0.279856$ & $0.0465825$ & $0.0675138$ & $-0.398174$ & $-0.407785$ & $-0.40505$ & $0.12021$ & $0.136889$ & $0.137672$ & $0.0132182$ & $-0.396764$ & $-0.406469$ & $-0.0673314$ & $0.13155$ & $0.0416969$ & $0.0491378$ & $0.276505$ & $0.132424$ & $-0.269047$ & $0.353103$ & $0.211521$ & $0.0124582$ & $0.000219295$ & $0.02061$ & $0.0156757$ & $-0.00695999$ & $0.00906139$ & $0.0479218$ & $0.00118098$ & $0.00233065$ & $-0.0097912$ & $-0.0337751$ & $-0.0166618$ & $-0.0135354$ & $0.00657535$ & $0.0125877$ \\
CHL1_11 & $0.0386122$ & $-0.0165543$ & $0.0230507$ & $-0.0480717$ & $0.0157964$ & $0.0243379$ & $0.0774992$ & $0.0691101$ & $0.0667649$ & $0.234963$ & $-0.520868$ & $-0.301782$ & $-0.279856$ & $1$ & $0.287283$ & $0.244139$ & $0.687012$ & $0.630461$ & $0.629336$ & $0.539333$ & $0.477735$ & $0.458703$ & $-0.0994021$ & $0.510317$ & $0.630322$ & $-0.267085$ & $-0.129288$ & $0.151599$ & $-0.0186937$ & $-0.0644807$ & $-0.033352$ & $0.0556434$ & $-0.0810037$ & $-0.240996$ & $0.00106654$ & $-0.0321451$ & $-0.0555413$ & $0.0236524$ & $0.0334277$ & $0.0573178$ & $-0.0290893$ & $-0.000300952$ & $0.0179689$ & $0.0194084$ & $-0.0719548$ & $0.0457086$ & $0.0155465$ & $0.0173602$ & $-0.0280471$ \\
CHL1_22 & $0.00999623$ & $-0.0652329$ & $0.093807$ & $-0.0171678$ & $0.0307196$ & $-0.0726545$ & $-0.0435238$ & $0.244181$ & $0.239623$ & $-0.0846002$ & $-0.3922$ & $-0.0111784$ & $0.0465825$ & $0.287283$ & $1$ & $0.417185$ & $0.198656$ & $-0.396227$ & $0.0279602$ & $0.460664$ & $0.304363$ & $0.295535$ & $-0.189052$ & $0.169299$ & $-0.0672792$ & $-0.145522$ & $-0.401868$ & $0.105285$ & $0.012913$ & $0.0249973$ & $-0.00159854$ & $-0.0402487$ & $0.0243506$ & $-0.622264$ & $-0.0200034$ & $-0.0616655$ & $-0.034577$ & $-0.0271034$ & $0.0314025$ & $0.0468818$ & $0.0266175$ & $0.0193119$ & $0.0376335$ & $-0.0524396$ & $-0.0142441$ & $0.0683604$ & $0.0443391$ & $0.0342933$ & $-0.0458926$ \\
CHL1_33 & $0.00472508$ & $-0.0885828$ & $0.0954899$ & $-0.0254403$ & $0.0264969$ & $-0.0639958$ & $-0.0392679$ & $0.275214$ & $0.274458$ & $-0.127858$ & $-0.39377$ & $-0.0202213$ & $0.0675138$ & $0.244139$ & $0.417185$ & $1$ & $0.147956$ & $-0.0105466$ & $-0.423319$ & $0.458977$ & $0.31124$ & $0.329428$ & $-0.162498$ & $0.106901$ & $-0.11646$ & $-0.172937$ & $-0.388164$ & $0.0850967$ & $0.00904172$ & $0.0487396$ & $0.0223142$ & $-0.0328646$ & $0.0364482$ & $-0.0943995$ & $-0.0689977$ & $-0.0503343$ & $-0.0309089$ & $-0.0249057$ & $0.0530258$ & $0.0417827$ & $0.0551586$ & $0.0430414$ & $0.0650048$ & $-0.0203921$ & $-0.012392$ & $0.0369974$ & $0.0350283$ & $0.0433271$ & $-0.0401681$ \\
CHL3_11 & $0.0622278$ & $-0.0197323$ & $0.0486548$ & $-0.068076$ & $-0.0177139$ & $-0.229385$ & $0.141422$ & $-0.262644$ & $-0.261633$ & $0.451954$ & $-0.230595$ & $-0.26283$ & $-0.398174$ & $0.687012$ & $0.198656$ & $0.147956$ & $1$ & $0.753205$ & $0.756507$ & $0.253462$ & $0.192668$ & $0.181757$ & $-0.105828$ & $0.70612$ & $0.796695$ & $-0.0940913$ & $-0.200787$ & $0.0494018$ & $-0.0119334$ & $-0.127381$ & $-0.0741513$ & $0.111835$ & $-0.155783$ & $-0.290316$ & $0.00493477$ & $-0.00284401$ & $-0.0583188$ & $0.00286238$ & $0.0267196$ & $0.0236062$ & $-0.052583$ & $0.00786315$ & $-0.0135502$ & $0.0409786$ & $-0.0568914$ & $0.035027$ & $0.0274214$ & $0.00768278$ & $-0.0429361$ \\
CHL3_22 & $0.0550211$ & $0.00435968$ & $-0.00405016$ & $-0.0609475$ & $-0.0233113$ & $-0.0411687$ & $0.154308$ & $-0.418546$ & $-0.412322$ & $0.477483$ & $0.0157481$ & $-0.241261$ & $-0.407785$ & $0.630461$ & $-0.396227$ & $-0.0105466$ & $0.753205$ & $1$ & $0.682519$ & $-0.0181478$ & $-0.0148982$ & $-0.0180198$ & $-0.00647428$ & $0.625232$ & $0.797961$ & $-0.00487427$ & $-0.0423139$ & $-0.0222903$ & $-0.017491$ & $-0.124178$ & $-0.0621873$ & $0.126905$ & $-0.153338$ & $0.00810874$ & $0.0101673$ & $0.0118471$ & $-0.0395827$ & $0.0242327$ & $0.0198345$ & $-0.00138135$ & $-0.0522408$ & $-0.00262878$ & $-0.0163483$ & $0.0585521$ & $-0.0362675$ & $-0.00137003$ & $0.00637336$ & $-0.017575$ & $-0.0192591$ \\
CHL3_33 & $0.0536759$ & $0.0279763$ & $-0.00449289$ & $-0.0607151$ & $-0.0155748$ & $-0.0447938$ & $0.142087$ & $-0.435002$ & $-0.43186$ & $0.494034$ & $0.0293492$ & $-0.224776$ & $-0.40505$ & $0.629336$ & $0.0279602$ & $-0.423319$ & $0.756507$ & $0.682519$ & $1$ & $-0.0296511$ & $-0.0295403$ & $-0.0311253$ & $-0.0179031$ & $0.646359$ & $0.807009$ & $0.0163775$ & $-0.0440026$ & $-0.00913134$ & $-0.0132591$ & $-0.137943$ & $-0.0778123$ & $0.114219$ & $-0.152695$ & $-0.374934$ & $0.0442862$ & $0.00755792$ & $-0.0406133$ & $0.0188215$ & $0.000218262$ & $-0.00102852$ & $-0.0759373$ & $-0.0176223$ & $-0.0347917$ & $0.030387$ & $-0.035223$ & $0.0207319$ & $0.0120389$ & $-0.0185999$ & $-0.0155207$ \\
CHe_11 & $-0.0252029$ & $0.0180186$ & $-0.0035036$ & $0.021451$ & $0.0139783$ & $-0.171133$ & $-0.0504955$ & $0.830475$ & $0.817522$ & $-0.32383$ & $-0.989979$ & $-0.192289$ & $0.12021$ & $0.539333$ & $0.460664$ & $0.458977$ & $0.253462$ & $-0.0181478$ & $-0.0296511$ & $1$ & $0.970968$ & $0.949691$ & $-0.0667579$ & $-0.203402$ & $0.0131496$ & $-0.50892$ & $0.204367$ & $0.328518$ & $-0.0278475$ & $0.0703763$ & $0.0351276$ & $-0.055027$ & $0.0881115$ & $0.27296$ & $-0.0282151$ & $0.00412358$ & $-0.0281375$ & $0.0158422$ & $-0.00302995$ & $0.0851127$ & $-0.0107288$ & $-0.00200362$ & $0.0282289$ & $-0.00777648$ & $-0.122987$ & $0.0304114$ & $-0.0233989$ & $0.0708884$ & $0.0309008$ \\
CHe_22 & $-0.0354268$ & $0.0414528$ & $-0.0325696$ & $0.0346806$ & $0.0109955$ & $-0.175699$ & $-0.054024$ & $0.881934$ & $0.866863$ & $-0.353921$ & $-0.990706$ & $-0.207561$ & $0.136889$ & $0.477735$ & $0.304363$ & $0.31124$ & $0.192668$ & $-0.0148982$ & $-0.0295403$ & $0.970968$ & $1$ & $0.973676$ & $-0.0160582$ & $-0.31799$ & $-0.00985147$ & $-0.52475$ & $0.362669$ & $0.340203$ & $-0.032565$ & $0.0700317$ & $0.0385825$ & $-0.0595251$ & $0.0921041$ & $0.4434$ & $-0.0175245$ & $0.0220588$ & $-0.0149434$ & $0.0233947$ & $-0.0175962$ & $0.0819121$ & $-0.0181307$ & $-0.0107568$ & $0.0146458$ & $0.0051446$ & $-0.129922$ & $0.0181038$ & $-0.0399539$ & $0.069511$ & $0.045189$ \\
CHe_33 & $-0.0325326$ & $0.051258$ & $-0.0314537$ & $0.0337811$ & $0.0158812$ & $-0.169238$ & $-0.0521801$ & $0.865598$ & $0.851534$ & $-0.350428$ & $-0.967957$ & $-0.19659$ & $0.137672$ & $0.458703$ & $0.295535$ & $0.329428$ & $0.181757$ & $-0.0180198$ & $-0.0311253$ & $0.949691$ & $0.973676$ & $1$ & $-0.0125894$ & $-0.318518$ & $-0.014949$ & $-0.514075$ & $0.35628$ & $0.329771$ & $-0.0289622$ & $0.0773023$ & $0.0352043$ & $-0.0555247$ & $0.101506$ & $0.441093$ & $-0.0210517$ & $0.0251772$ & $-0.0226719$ & $0.0155339$ & $-0.0175608$ & $0.0820708$ & $-0.0153113$ & $-0.0091162$ & $0.0132319$ & $0.00165411$ & $-0.128729$ & $0.0133346$ & $-0.0418791$ & $0.0643106$ & $0.053668$ \\
CHQ1_11 & $0.0124956$ & $0.0550537$ & $-0.0505607$ & $0.0130142$ & $-0.0162743$ & $0.0423726$ & $0.0154$ & $0.0260414$ & $0.0286414$ & $-0.0231187$ & $0.0433707$ & $0.0120804$ & $0.0132182$ & $-0.0994021$ & $-0.189052$ & $-0.162498$ & $-0.105828$ & $-0.00647428$ & $-0.0179031$ & $-0.0667579$ & $-0.0160582$ & $-0.0125894$ & $1$ & $-0.11987$ & $0.0416527$ & $-0.671754$ & $0.305899$ & $0.0229729$ & $-0.0425189$ & $0.00724756$ & $-0.00567241$ & $0.00684959$ & $-0.0103575$ & $0.173349$ & $-0.0248786$ & $0.0157759$ & $-0.0058121$ & $0.025285$ & $-0.0202066$ & $-0.0136047$ & $-0.0289172$ & $-0.0252541$ & $-0.0271897$ & $-0.00464161$ & $-0.0311881$ & $-0.00912147$ & $-0.0512834$ & $-0.0120976$ & $0.000467915$ \\
CHQ1_33 & $0.0286303$ & $-0.070725$ & $0.0558889$ & $-0.0673164$ & $0.00209938$ & $0.00237085$ & $0.154924$ & $-0.660751$ & $-0.649149$ & $0.557626$ & $0.257545$ & $-0.105431$ & $-0.396764$ & $0.510317$ & $0.169299$ & $0.106901$ & $0.70612$ & $0.625232$ & $0.646359$ & $-0.203402$ & $-0.31799$ & $-0.318518$ & $-0.11987$ & $1$ & $0.67661$ & $0.170887$ & $-0.428737$ & $-0.0202582$ & $-0.000688076$ & $-0.12717$ & $-0.0744265$ & $0.134106$ & $-0.159997$ & $-0.648547$ & $-0.00101814$ & $-0.0482394$ & $-0.00484533$ & $-0.00673784$ & $0.0237489$ & $-0.0287102$ & $-0.0401674$ & $0.0210688$ & $0.0170073$ & $-0.0016744$ & $0.0229647$ & $0.0211602$ & $0.0570177$ & $-0.015521$ & $-0.0643617$ \\
CHQ3_11 & $-0.0189963$ & $0.0232941$ & $-0.06163$ & $-0.0437336$ & $-0.0131494$ & $-0.0666474$ & $0.171995$ & $-0.418525$ & $-0.413381$ & $0.486644$ & $-0.00310082$ & $-0.22526$ & $-0.406469$ & $0.630322$ & $-0.0672792$ & $-0.11646$ & $0.796695$ & $0.797961$ & $0.807009$ & $0.0131496$ & $-0.00985147$ & $-0.014949$ & $0.0416527$ & $0.67661$ & $1$ & $0.0124594$ & $0.143859$ & $-0.00812133$ & $-0.0121128$ & $-0.141128$ & $-0.0851026$ & $0.13835$ & $-0.165108$ & $-0.256465$ & $0.0452627$ & $-0.0169967$ & $0.0162918$ & $0.0310498$ & $-0.00680079$ & $-0.0103446$ & $-0.0646626$ & $-0.0081173$ & $-0.04232$ & $0.0473369$ & $-0.0649427$ & $-0.0195771$ & $-0.00239442$ & $-0.0248508$ & $-0.0227679$ \\
CHu_11 & $-0.028991$ & $-0.0267091$ & $-0.000350633$ & $-0.0102116$ & $-0.0133608$ & $0.0657159$ & $0.0229799$ & $-0.463173$ & $-0.459706$ & $0.177645$ & $0.521302$ & $0.104888$ & $-0.0673314$ & $-0.267085$ & $-0.145522$ & $-0.172937$ & $-0.0940913$ & $-0.00487427$ & $0.0163775$ & $-0.50892$ & $-0.52475$ & $-0.514075$ & $-0.671754$ & $0.170887$ & $0.0124594$ & $1$ & $-0.149883$ & $-0.206066$ & $0.0338585$ & $-0.0585582$ & $-0.0167125$ & $0.0266579$ & $-0.0399525$ & $-0.240358$ & $0.0548186$ & $-0.0324262$ & $0.0561196$ & $-0.0294553$ & $0.0175712$ & $-0.0437988$ & $0.0182244$ & $0.0290637$ & $0.0114751$ & $0.00500509$ & $0.052355$ & $-0.0368167$ & $0.0287071$ & $-0.0231769$ & $0.0200119$ \\
CHd_11 & $-0.0630121$ & $0.126799$ & $-0.174791$ & $0.0673032$ & $-0.0165992$ & $-0.0614111$ & $0.0034227$ & $0.435235$ & $0.426517$ & $-0.244222$ & $-0.279383$ & $-0.0553289$ & $0.13155$ & $-0.129288$ & $-0.401868$ & $-0.388164$ & $-0.200787$ & $-0.0423139$ & $-0.0440026$ & $0.204367$ & $0.362669$ & $0.35628$ & $0.305899$ & $-0.428737$ & $0.143859$ & $-0.149883$ & $1$ & $0.123752$ & $-0.037979$ & $0.031004$ & $0.0155322$ & $-0.00502193$ & $0.0624513$ & $0.674465$ & $0.062091$ & $0.0624605$ & $0.0795333$ & $0.0503868$ & $-0.0572417$ & $-0.0151196$ & $-0.0645627$ & $-0.0264812$ & $-0.0593064$ & $0.0340266$ & $-0.0891898$ & $-0.0919006$ & $-0.101799$ & $-0.0101033$ & $0.101337$ \\
CHd_33 & $-0.0212564$ & $-0.0177976$ & $0.00994308$ & $0.0337084$ & $-0.000634892$ & $-0.0451284$ & $-0.00880179$ & $0.30653$ & $0.30267$ & $-0.120246$ & $-0.336355$ & $-0.0788002$ & $0.0416969$ & $0.151599$ & $0.105285$ & $0.0850967$ & $0.0494018$ & $-0.0222903$ & $-0.00913134$ & $0.328518$ & $0.340203$ & $0.329771$ & $0.0229729$ & $-0.0202582$ & $-0.00812133$ & $-0.206066$ & $0.123752$ & $1$ & $-0.014786$ & $-0.00120326$ & $-0.00238611$ & $-0.015031$ & $0.0252032$ & $0.148317$ & $-0.060508$ & $0.0476907$ & $0.0171075$ & $-0.00262311$ & $-0.0449367$ & $-0.0191165$ & $0.0112991$ & $-0.00485073$ & $0.0330302$ & $-0.0229359$ & $-0.0628775$ & $0.0139884$ & $-0.0211898$ & $0.0491802$ & $0.0501707$ \\
CeH_22r & $-0.0174877$ & $0.00428692$ & $0.000769244$ & $0.0299541$ & $0.0106415$ & $-0.0159366$ & $0.0418324$ & $-0.0244466$ & $-0.019938$ & $-0.000647031$ & $0.0297282$ & $0.0512982$ & $0.0491378$ & $-0.0186937$ & $0.012913$ & $0.00904172$ & $-0.0119334$ & $-0.017491$ & $-0.0132591$ & $-0.0278475$ & $-0.032565$ & $-0.0289622$ & $-0.0425189$ & $-0.000688076$ & $-0.0121128$ & $0.0338585$ & $-0.037979$ & $-0.014786$ & $1$ & $0.0585161$ & $0.0105035$ & $0.0347601$ & $0.0353659$ & $-0.0296004$ & $0.0347163$ & $-0.019218$ & $0.00331272$ & $0.01528$ & $0.0128819$ & $-0.0214216$ & $0.0246285$ & $-0.00017503$ & $-0.0621293$ & $0.0402971$ & $0.0671182$ & $-0.00940056$ & $0.0306102$ & $-0.0389378$ & $-0.0268266$ \\
CeH_33r & $0.0472917$ & $0.02214$ & $0.0427294$ & $0.0248538$ & $0.0121026$ & $0.0411305$ & $-0.127552$ & $0.128983$ & $0.147864$ & $-0.171003$ & $-0.068206$ & $0.296669$ & $0.276505$ & $-0.0644807$ & $0.0249973$ & $0.0487396$ & $-0.127381$ & $-0.124178$ & $-0.137943$ & $0.0703763$ & $0.0700317$ & $0.0773023$ & $0.00724756$ & $-0.12717$ & $-0.141128$ & $-0.0585582$ & $0.031004$ & $-0.00120326$ & $0.0585161$ & $1$ & $0.31263$ & $0.0320001$ & $0.663349$ & $0.0728829$ & $-0.0107959$ & $0.0735711$ & $-0.0937083$ & $0.0221343$ & $-0.0108601$ & $0.040259$ & $-0.0349886$ & $-0.0168855$ & $-0.0238739$ & $-0.0526531$ & $0.132232$ & $0.0143113$ & $0.0205256$ & $-0.00228653$ & $0.0137397$ \\
CuH_22r & $0.0279402$ & $0.0745555$ & $0.0578712$ & $-0.00607397$ & $0.00786563$ & $0.0115814$ & $-0.10628$ & $0.0692731$ & $0.073651$ & $-0.100565$ & $-0.0346337$ & $0.0738704$ & $0.132424$ & $-0.033352$ & $-0.00159854$ & $0.0223142$ & $-0.0741513$ & $-0.0621873$ & $-0.0778123$ & $0.0351276$ & $0.0385825$ & $0.0352043$ & $-0.00567241$ & $-0.0744265$ & $-0.0851026$ & $-0.0167125$ & $0.0155322$ & $-0.00238611$ & $0.0105035$ & $0.31263$ & $1$ & $-0.0118382$ & $0.358246$ & $0.0510772$ & $0.0474393$ & $0.0895709$ & $-0.13356$ & $0.0100986$ & $-0.0867585$ & $0.0243137$ & $-0.11875$ & $-0.00670039$ & $0.000900605$ & $0.0121552$ & $0.0507727$ & $0.0695716$ & $0.235617$ & $-0.0100186$ & $0.0222947$ \\
CuH_33r & $-0.0224654$ & $0.00244949$ & $-0.0524544$ & $-0.0632757$ & $0.0309612$ & $0.0170675$ & $0.933433$ & $-0.113144$ & $-0.0661911$ & $0.113686$ & $0.0580408$ & $-0.0474874$ & $-0.269047$ & $0.0556434$ & $-0.0402487$ & $-0.0328646$ & $0.111835$ & $0.126905$ & $0.114219$ & $-0.055027$ & $-0.0595251$ & $-0.0555247$ & $0.00684959$ & $0.134106$ & $0.13835$ & $0.0266579$ & $-0.00502193$ & $-0.015031$ & $0.0347601$ & $0.0320001$ & $-0.0118382$ & $1$ & $0.0145496$ & $-0.0485092$ & $-0.0275731$ & $0.0311637$ & $0.00547959$ & $0.0648151$ & $-0.0188461$ & $-0.0393447$ & $-0.0699777$ & $-0.0325767$ & $0.0119599$ & $-0.0375119$ & $0.0255377$ & $0.0118415$ & $-0.0353479$ & $-0.00781626$ & $-0.0347417$ \\
CdH_33r & $0.0484801$ & $0.125313$ & $0.00135534$ & $-0.104456$ & $0.0196747$ & $0.0364915$ & $-0.180725$ & $0.160378$ & $0.185578$ & $-0.207579$ & $-0.0858863$ & $0.340852$ & $0.353103$ & $-0.0810037$ & $0.0243506$ & $0.0364482$ & $-0.155783$ & $-0.153338$ & $-0.152695$ & $0.0881115$ & $0.0921041$ & $0.101506$ & $-0.0103575$ & $-0.159997$ & $-0.165108$ & $-0.0399525$ & $0.0624513$ & $0.0252032$ & $0.0353659$ & $0.663349$ & $0.358246$ & $0.0145496$ & $1$ & $0.0979069$ & $-0.0518296$ & $0.142197$ & $-0.110685$ & $0.0236478$ & $-0.0195046$ & $0.0257799$ & $-0.112926$ & $0.0121848$ & $0.149476$ & $-0.0707426$ & $-0.0173234$ & $0.0714715$ & $-0.0441021$ & $0.240377$ & $0.435763$ \\
CLL_1221 & $-0.0533374$ & $0.102794$ & $-0.109524$ & $0.0651807$ & $-0.0235488$ & $-0.10997$ & $-0.0507977$ & $0.578012$ & $0.56853$ & $-0.358469$ & $-0.354178$ & $-0.0454121$ & $0.211521$ & $-0.240996$ & $-0.622264$ & $-0.0943995$ & $-0.290316$ & $0.00810874$ & $-0.374934$ & $0.27296$ & $0.4434$ & $0.441093$ & $0.173349$ & $-0.648547$ & $-0.256465$ & $-0.240358$ & $0.674465$ & $0.148317$ & $-0.0296004$ & $0.0728829$ & $0.0510772$ & $-0.0485092$ & $0.0979069$ & $1$ & $-0.000461397$ & $0.0769903$ & $0.0349446$ & $0.0300826$ & $-0.0488465$ & $0.0143739$ & $-0.0172827$ & $-0.0210226$ & $-0.0247333$ & $0.0401009$ & $-0.0691998$ & $-0.063676$ & $-0.0717309$ & $0.0196646$ & $0.0855537$ \\
eHggint & $0.0415142$ & $0.0740133$ & $-0.101969$ & $-0.267937$ & $-0.017553$ & $-0.0105367$ & $-0.0792879$ & $-0.0231051$ & $-0.0383779$ & $-0.00171482$ & $0.0216444$ & $0.052379$ & $0.0124582$ & $0.00106654$ & $-0.0200034$ & $-0.0689977$ & $0.00493477$ & $0.0101673$ & $0.0442862$ & $-0.0282151$ & $-0.0175245$ & $-0.0210517$ & $-0.0248786$ & $-0.00101814$ & $0.0452627$ & $0.0548186$ & $0.062091$ & $-0.060508$ & $0.0347163$ & $-0.0107959$ & $0.0474393$ & $-0.0275731$ & $-0.0518296$ & $-0.000461397$ & $1$ & $-0.0344872$ & $-0.140134$ & $-0.0625601$ & $0.206202$ & $0.0554597$ & $-0.0921348$ & $0.0176085$ & $-0.0775284$ & $0.141927$ & $0.194616$ & $-0.0740161$ & $0.279894$ & $-0.248053$ & $-0.106181$ \\
eHggpar & $0.300501$ & $0.0640523$ & $0.268124$ & $-0.0545962$ & $-0.019651$ & $-0.0681324$ & $-0.0179361$ & $0.0239362$ & $0.0201582$ & $0.0533158$ & $-0.0116282$ & $0.0873992$ & $0.000219295$ & $-0.0321451$ & $-0.0616655$ & $-0.0503343$ & $-0.00284401$ & $0.0118471$ & $0.00755792$ & $0.00412358$ & $0.0220588$ & $0.0251772$ & $0.0157759$ & $-0.0482394$ & $-0.0169967$ & $-0.0324262$ & $0.0624605$ & $0.0476907$ & $-0.019218$ & $0.0735711$ & $0.0895709$ & $0.0311637$ & $0.142197$ & $0.0769903$ & $-0.0344872$ & $1$ & $-0.439302$ & $0.0388285$ & $-0.293554$ & $-0.0217538$ & $-0.303479$ & $0.0813439$ & $-0.0838756$ & $0.0386088$ & $0.25512$ & $0.292623$ & $0.122694$ & $-0.0219801$ & $0.15842$ \\
eHWWint & $-0.499313$ & $-0.0965388$ & $-0.175232$ & $0.295912$ & $0.016163$ & $0.0609499$ & $0.0573739$ & $0.0143881$ & $0.0241031$ & $-0.0386062$ & $0.0226141$ & $-0.0282514$ & $0.02061$ & $-0.0555413$ & $-0.034577$ & $-0.0309089$ & $-0.0583188$ & $-0.0395827$ & $-0.0406133$ & $-0.0281375$ & $-0.0149434$ & $-0.0226719$ & $-0.0058121$ & $-0.00484533$ & $0.0162918$ & $0.0561196$ & $0.0795333$ & $0.0171075$ & $0.00331272$ & $-0.0937083$ & $-0.13356$ & $0.00547959$ & $-0.110685$ & $0.0349446$ & $-0.140134$ & $-0.439302$ & $1$ & $0.0182351$ & $0.0088363$ & $-0.0635572$ & $0.218695$ & $-0.065671$ & $0.204527$ & $0.0597927$ & $-0.316038$ & $-0.171715$ & $-0.259876$ & $0.165003$ & $-0.0476403$ \\
eHWWpar & $-0.00401682$ & $0.0154703$ & $0.081759$ & $0.0688906$ & $-0.0239175$ & $0.0577356$ & $0.0560927$ & $0.0147997$ & $0.0127541$ & $-0.00611488$ & $-0.0185549$ & $-0.00529255$ & $0.0156757$ & $0.0236524$ & $-0.0271034$ & $-0.0249057$ & $0.00286238$ & $0.0242327$ & $0.0188215$ & $0.0158422$ & $0.0233947$ & $0.0155339$ & $0.025285$ & $-0.00673784$ & $0.0310498$ & $-0.0294553$ & $0.0503868$ & $-0.00262311$ & $0.01528$ & $0.0221343$ & $0.0100986$ & $0.0648151$ & $0.0236478$ & $0.0300826$ & $-0.0625601$ & $0.0388285$ & $0.0182351$ & $1$ & $-0.0108317$ & $-0.0105834$ & $0.0195042$ & $0.0225143$ & $0.0535794$ & $-0.035771$ & $0.0530432$ & $0.0208784$ & $-0.0308701$ & $0.0213282$ & $0.0353372$ \\
eHZZint & $0.339349$ & $0.00850822$ & $0.194973$ & $-0.234297$ & $0.0106655$ & $0.0479348$ & $-0.0233624$ & $-0.0297269$ & $-0.0262948$ & $-0.0248823$ & $0.00850887$ & $-0.0390488$ & $-0.00695999$ & $0.0334277$ & $0.0314025$ & $0.0530258$ & $0.0267196$ & $0.0198345$ & $0.000218262$ & $-0.00302995$ & $-0.0175962$ & $-0.0175608$ & $-0.0202066$ & $0.0237489$ & $-0.00680079$ & $0.0175712$ & $-0.0572417$ & $-0.0449367$ & $0.0128819$ & $-0.0108601$ & $-0.0867585$ & $-0.0188461$ & $-0.0195046$ & $-0.0488465$ & $0.206202$ & $-0.293554$ & $0.0088363$ & $-0.0108317$ & $1$ & $-0.00869412$ & $0.271003$ & $0.0459931$ & $0.19576$ & $0.395983$ & $-0.0147872$ & $-0.316025$ & $-0.344829$ & $-0.166458$ & $0.0770904$ \\
eHZZpar & $-0.0543657$ & $-0.0263204$ & $-0.088956$ & $-0.00112412$ & $0.00176624$ & $-0.0220636$ & $-0.0499208$ & $0.0696026$ & $0.0706252$ & $-0.0385703$ & $-0.0855875$ & $0.00606441$ & $0.00906139$ & $0.0573178$ & $0.0468818$ & $0.0417827$ & $0.0236062$ & $-0.00138135$ & $-0.00102852$ & $0.0851127$ & $0.0819121$ & $0.0820708$ & $-0.0136047$ & $-0.0287102$ & $-0.0103446$ & $-0.0437988$ & $-0.0151196$ & $-0.0191165$ & $-0.0214216$ & $0.040259$ & $0.0243137$ & $-0.0393447$ & $0.0257799$ & $0.0143739$ & $0.0554597$ & $-0.0217538$ & $-0.0635572$ & $-0.0105834$ & $-0.00869412$ & $1$ & $-0.00533103$ & $-0.0228454$ & $0.0163086$ & $0.0232615$ & $-0.0600478$ & $0.0162057$ & $0.0967214$ & $0.101695$ & $-0.0435937$ \\
eHZgaint & $-0.0848332$ & $-0.087867$ & $0.0314546$ & $0.350886$ & $0.00380364$ & $0.0412799$ & $-0.0541045$ & $0.0109315$ & $0.00711847$ & $-0.0810381$ & $0.0124229$ & $-0.0295597$ & $0.0479218$ & $-0.0290893$ & $0.0266175$ & $0.0551586$ & $-0.052583$ & $-0.0522408$ & $-0.0759373$ & $-0.0107288$ & $-0.0181307$ & $-0.0153113$ & $-0.0289172$ & $-0.0401674$ & $-0.0646626$ & $0.0182244$ & $-0.0645627$ & $0.0112991$ & $0.0246285$ & $-0.0349886$ & $-0.11875$ & $-0.0699777$ & $-0.112926$ & $-0.0172827$ & $-0.0921348$ & $-0.303479$ & $0.218695$ & $0.0195042$ & $0.271003$ & $-0.00533103$ & $1$ & $-0.0243839$ & $-0.0477657$ & $0.0944986$ & $-0.109323$ & $-0.235889$ & $-0.334831$ & $-0.240749$ & $-0.12125$ \\
eHZgapar & $0.0581279$ & $-0.00935083$ & $0.0272987$ & $-0.0434077$ & $0.0161097$ & $-0.00295133$ & $-0.0387877$ & $-0.0104201$ & $-0.0147233$ & $0.0274001$ & $0.00604554$ & $0.0315826$ & $0.00118098$ & $-0.000300952$ & $0.0193119$ & $0.0430414$ & $0.00786315$ & $-0.00262878$ & $-0.0176223$ & $-0.00200362$ & $-0.0107568$ & $-0.0091162$ & $-0.0252541$ & $0.0210688$ & $-0.0081173$ & $0.0290637$ & $-0.0264812$ & $-0.00485073$ & $-0.00017503$ & $-0.0168855$ & $-0.00670039$ & $-0.0325767$ & $0.0121848$ & $-0.0210226$ & $0.0176085$ & $0.0813439$ & $-0.065671$ & $0.0225143$ & $0.0459931$ & $-0.0228454$ & $-0.0243839$ & $1$ & $0.0385804$ & $-0.0228666$ & $0.0603741$ & $-0.0316112$ & $0.0455929$ & $-0.0294027$ & $0.0808854$ \\
eHgagaint & $-0.0431702$ & $-0.0186927$ & $0.0770534$ & $-0.105663$ & $-0.0140171$ & $0.0140687$ & $0.021894$ & $0.0176336$ & $0.061943$ & $-0.00040787$ & $-0.0204885$ & $0.00623525$ & $0.00233065$ & $0.0179689$ & $0.0376335$ & $0.0650048$ & $-0.0135502$ & $-0.0163483$ & $-0.0347917$ & $0.0282289$ & $0.0146458$ & $0.0132319$ & $-0.0271897$ & $0.0170073$ & $-0.04232$ & $0.0114751$ & $-0.0593064$ & $0.0330302$ & $-0.0621293$ & $-0.0238739$ & $0.000900605$ & $0.0119599$ & $0.149476$ & $-0.0247333$ & $-0.0775284$ & $-0.0838756$ & $0.204527$ & $0.0535794$ & $0.19576$ & $0.0163086$ & $-0.0477657$ & $0.0385804$ & $1$ & $-0.097513$ & $-0.252319$ & $0.151224$ & $-0.158663$ & $0.366548$ & $0.359662$ \\
eHmumuint & $0.0872736$ & $0.111735$ & $-0.00446701$ & $0.0104466$ & $0.0204732$ & $0.00138881$ & $-0.0390432$ & $-0.0166093$ & $-0.025862$ & $0.0235285$ & $0.00176277$ & $-0.0127373$ & $-0.0097912$ & $0.0194084$ & $-0.0524396$ & $-0.0203921$ & $0.0409786$ & $0.0585521$ & $0.030387$ & $-0.00777648$ & $0.0051446$ & $0.00165411$ & $-0.00464161$ & $-0.0016744$ & $0.0473369$ & $0.00500509$ & $0.0340266$ & $-0.0229359$ & $0.0402971$ & $-0.0526531$ & $0.0121552$ & $-0.0375119$ & $-0.0707426$ & $0.0401009$ & $0.141927$ & $0.0386088$ & $0.0597927$ & $-0.035771$ & $0.395983$ & $0.0232615$ & $0.0944986$ & $-0.0228666$ & $-0.097513$ & $1$ & $-0.156281$ & $-0.16364$ & $0.106826$ & $-0.118352$ & $-0.0813382$ \\
eHtautauint & $0.238204$ & $0.0370885$ & $0.270571$ & $-0.105736$ & $0.0031442$ & $0.0254774$ & $-0.00583803$ & $-0.10058$ & $-0.108904$ & $0.0412259$ & $0.126664$ & $0.0700098$ & $-0.0337751$ & $-0.0719548$ & $-0.0142441$ & $-0.012392$ & $-0.0568914$ & $-0.0362675$ & $-0.035223$ & $-0.122987$ & $-0.129922$ & $-0.128729$ & $-0.0311881$ & $0.0229647$ & $-0.0649427$ & $0.052355$ & $-0.0891898$ & $-0.0628775$ & $0.0671182$ & $0.132232$ & $0.0507727$ & $0.0255377$ & $-0.0173234$ & $-0.0691998$ & $0.194616$ & $0.25512$ & $-0.316038$ & $0.0530432$ & $-0.0147872$ & $-0.0600478$ & $-0.109323$ & $0.0603741$ & $-0.252319$ & $-0.156281$ & $1$ & $-0.12043$ & $0.168021$ & $-0.201213$ & $-0.146316$ \\
eHccint & $0.107129$ & $-0.17576$ & $0.256592$ & $-0.00460969$ & $-0.0504611$ & $-0.063664$ & $-0.00375054$ & $0.00337727$ & $0.0108226$ & $0.0434732$ & $-0.0268503$ & $0.0311861$ & $-0.0166618$ & $0.0457086$ & $0.0683604$ & $0.0369974$ & $0.035027$ & $-0.00137003$ & $0.0207319$ & $0.0304114$ & $0.0181038$ & $0.0133346$ & $-0.00912147$ & $0.0211602$ & $-0.0195771$ & $-0.0368167$ & $-0.0919006$ & $0.0139884$ & $-0.00940056$ & $0.0143113$ & $0.0695716$ & $0.0118415$ & $0.0714715$ & $-0.063676$ & $-0.0740161$ & $0.292623$ & $-0.171715$ & $0.0208784$ & $-0.316025$ & $0.0162057$ & $-0.235889$ & $-0.0316112$ & $0.151224$ & $-0.16364$ & $-0.12043$ & $1$ & $-0.0150316$ & $0.431967$ & $-0.0388385$ \\
eHccpar & $-0.0650921$ & $0.281617$ & $-0.0191151$ & $0.0136706$ & $-0.0137384$ & $-0.00193817$ & $-0.0491651$ & $-0.057236$ & $-0.0641187$ & $0.0235787$ & $0.035255$ & $0.026098$ & $-0.0135354$ & $0.0155465$ & $0.0443391$ & $0.0350283$ & $0.0274214$ & $0.00637336$ & $0.0120389$ & $-0.0233989$ & $-0.0399539$ & $-0.0418791$ & $-0.0512834$ & $0.0570177$ & $-0.00239442$ & $0.0287071$ & $-0.101799$ & $-0.0211898$ & $0.0306102$ & $0.0205256$ & $0.235617$ & $-0.0353479$ & $-0.0441021$ & $-0.0717309$ & $0.279894$ & $0.122694$ & $-0.259876$ & $-0.0308701$ & $-0.344829$ & $0.0967214$ & $-0.334831$ & $0.0455929$ & $-0.158663$ & $0.106826$ & $0.168021$ & $-0.0150316$ & $1$ & $-0.204781$ & $-0.144245$ \\
eHbbint & $-0.16356$ & $-0.179014$ & $-0.00256034$ & $-0.216331$ & $-0.0285466$ & $-0.0601793$ & $-5.7142e-05$ & $0.0692055$ & $0.0848381$ & $-0.0423637$ & $-0.0710255$ & $-0.027126$ & $0.00657535$ & $0.0173602$ & $0.0342933$ & $0.0433271$ & $0.00768278$ & $-0.017575$ & $-0.0185999$ & $0.0708884$ & $0.069511$ & $0.0643106$ & $-0.0120976$ & $-0.015521$ & $-0.0248508$ & $-0.0231769$ & $-0.0101033$ & $0.0491802$ & $-0.0389378$ & $-0.00228653$ & $-0.0100186$ & $-0.00781626$ & $0.240377$ & $0.0196646$ & $-0.248053$ & $-0.0219801$ & $0.165003$ & $0.0213282$ & $-0.166458$ & $0.101695$ & $-0.240749$ & $-0.0294027$ & $0.366548$ & $-0.118352$ & $-0.201213$ & $0.431967$ & $-0.204781$ & $1$ & $0.278197$ \\
eHbbpar & $0.113347$ & $0.3246$ & $-0.0157665$ & $-0.183821$ & $-0.00632155$ & $-0.00107952$ & $-0.0512543$ & $0.053254$ & $0.0677378$ & $-0.0420096$ & $-0.0318145$ & $-0.00777045$ & $0.0125877$ & $-0.0280471$ & $-0.0458926$ & $-0.0401681$ & $-0.0429361$ & $-0.0192591$ & $-0.0155207$ & $0.0309008$ & $0.045189$ & $0.053668$ & $0.000467915$ & $-0.0643617$ & $-0.0227679$ & $0.0200119$ & $0.101337$ & $0.0501707$ & $-0.0268266$ & $0.0137397$ & $0.0222947$ & $-0.0347417$ & $0.435763$ & $0.0855537$ & $-0.106181$ & $0.15842$ & $-0.0476403$ & $0.0353372$ & $0.0770904$ & $-0.0435937$ & $-0.12125$ & $0.0808854$ & $0.359662$ & $-0.0813382$ & $-0.146316$ & $-0.0388385$ & $-0.144245$ & $0.278197$ & $1$ \\
