 & AlsMz & dAle5Mz & mtop & mHl & Mz & CW & CHG & CHWB & CHWHB_gaga & CHWHB_gagaorth & CHD & CHbox & CH & CHL1_11 & CHL1_22 & CHL1_33 & CHL3_11 & CHL3_22 & CHL3_33 & CHe_11 & CHe_22 & CHe_33 & CHQ1_11 & CHQ1_33 & CHQ3_11 & CHu_11 & CHd_11 & CHd_33 & CeH_22r & CeH_33r & CuH_22r & CuH_33r & CdH_33r & CLL_1221 & eHggint & eHggpar & eHWWint & eHWWpar & eHZZint & eHZZpar & eHZgaint & eHZgapar & eHgagaint & eHmumuint & eHtautauint & eHccint & eHccpar & eHbbint & eHbbpar \\
AlsMz & $1$ & $-0.224054$ & $-0.0440396$ & $0.198192$ & $0.012011$ & $-0.0194354$ & $0.20996$ & $0.0122971$ & $0.0239539$ & $0.0462806$ & $0.00157041$ & $-0.263313$ & $-0.20938$ & $-0.0307981$ & $-0.0491518$ & $-0.0278738$ & $-0.0201156$ & $-0.00322658$ & $-0.0163589$ & $-0.0121643$ & $-0.00252734$ & $-0.00122256$ & $0.0132779$ & $-0.0684847$ & $-0.0545744$ & $-0.0069307$ & $0.0600907$ & $0.00611993$ & $-0.018245$ & $-0.133049$ & $0.00589816$ & $0.186973$ & $-0.0860633$ & $0.0569535$ & $-0.359249$ & $-0.519447$ & $-0.00838773$ & $-0.0465413$ & $-0.426233$ & $0.0526931$ & $-0.343221$ & $-0.0318638$ & $0.173249$ & $0.280841$ & $0.0861305$ & $-0.249458$ & $0.405032$ & $-0.0211723$ & $0.430103$ \\
dAle5Mz & $-0.224054$ & $1$ & $0.367598$ & $-0.207383$ & $0.000383061$ & $-0.0137133$ & $-0.0774591$ & $-0.0723524$ & $-0.0763917$ & $0.0314515$ & $0.0758611$ & $0.0534066$ & $0.0609513$ & $-0.0556018$ & $-0.0811073$ & $-0.0794326$ & $0.00472296$ & $0.0236948$ & $0.0225955$ & $-0.0700237$ & $-0.0593446$ & $-0.0593825$ & $0.0354701$ & $0.0186905$ & $0.0465218$ & $0.0448132$ & $0.0739811$ & $-0.0307616$ & $0.0367894$ & $0.0152367$ & $-0.0777347$ & $-0.0729172$ & $0.00921343$ & $0.0444251$ & $0.167016$ & $0.204842$ & $0.198776$ & $-0.0232835$ & $0.357146$ & $0.0384572$ & $0.182336$ & $0.042855$ & $-0.00141745$ & $-0.00227559$ & $-0.184744$ & $-0.0215875$ & $-0.409185$ & $0.0287043$ & $-0.102379$ \\
mtop & $-0.0440396$ & $0.367598$ & $1$ & $-0.452528$ & $0.000965881$ & $0.0130749$ & $0.0218161$ & $0.0239887$ & $0.0201863$ & $0.00848292$ & $0.0208294$ & $-0.0458815$ & $-0.0625076$ & $-0.063453$ & $-0.0630251$ & $-0.0608554$ & $-0.0680331$ & $-0.045206$ & $-0.0469664$ & $-0.0212992$ & $-0.00536571$ & $-0.00504145$ & $0.0552976$ & $-0.0789782$ & $-0.036654$ & $-0.00975076$ & $0.111327$ & $-0.0101818$ & $-0.0147452$ & $-0.0456755$ & $-0.0724484$ & $0.0196066$ & $-0.0759255$ & $0.0945126$ & $-0.110328$ & $0.315225$ & $-0.408899$ & $0.0162883$ & $0.335474$ & $-0.0150187$ & $-0.195276$ & $0.035416$ & $-0.0532673$ & $-0.106928$ & $-0.0680369$ & $-0.0540727$ & $-0.183974$ & $-0.168486$ & $-0.15847$ \\
mHl & $0.198192$ & $-0.207383$ & $-0.452528$ & $1$ & $-0.01102$ & $0.0265769$ & $0.211781$ & $-0.0144346$ & $-0.00686671$ & $0.0386458$ & $0.0227792$ & $-0.21121$ & $-0.203083$ & $-0.0206201$ & $0.011222$ & $0.0178539$ & $-0.0294501$ & $-0.026376$ & $-0.0310074$ & $-0.023336$ & $-0.0305839$ & $-0.0310643$ & $-0.0468293$ & $-0.00432845$ & $-0.0523597$ & $0.0353464$ & $-0.0739352$ & $0.0174111$ & $-0.0407031$ & $-0.136861$ & $-0.00199399$ & $0.194934$ & $-0.0761113$ & $-0.037416$ & $-0.302827$ & $-0.449981$ & $0.188611$ & $-0.0053326$ & $-0.247663$ & $0.0200677$ & $0.133572$ & $-0.0605832$ & $0.0764781$ & $-0.121251$ & $0.16581$ & $-0.482216$ & $0.496692$ & $0.480974$ & $0.325535$ \\
Mz & $0.012011$ & $0.000383061$ & $0.000965881$ & $-0.01102$ & $1$ & $-0.0112386$ & $-0.0048215$ & $-0.00563565$ & $-0.00662599$ & $0.00361329$ & $0.00462034$ & $-0.00147814$ & $0.000705713$ & $0.0128342$ & $0.000301893$ & $0.00763534$ & $0.0109978$ & $0.012251$ & $0.00729832$ & $0.00102865$ & $0.00135679$ & $0.000784833$ & $-0.0103871$ & $0.00903101$ & $0.00733198$ & $0.000901703$ & $-0.012864$ & $-0.00250897$ & $-0.00233172$ & $-0.0078991$ & $0.00640699$ & $-0.00645864$ & $-0.00609915$ & $-0.00746695$ & $-0.0177989$ & $0.00190567$ & $-0.000753255$ & $0.00470974$ & $-0.00454022$ & $-0.00430129$ & $-0.00628902$ & $0.0017009$ & $0.000958068$ & $-0.0134664$ & $-0.0175575$ & $0.00917706$ & $0.000899833$ & $-0.00328574$ & $-0.0217326$ \\
CW & $-0.0194354$ & $-0.0137133$ & $0.0130749$ & $0.0265769$ & $-0.0112386$ & $1$ & $0.0542764$ & $-0.0554926$ & $-0.0505817$ & $0.0323076$ & $0.173337$ & $-0.0256321$ & $-0.0560265$ & $-0.045954$ & $-0.0941695$ & $-0.102453$ & $-0.381326$ & $-0.174819$ & $-0.166886$ & $-0.170256$ & $-0.176374$ & $-0.172363$ & $-0.000812537$ & $-0.124322$ & $-0.211645$ & $0.119037$ & $-0.0680045$ & $-0.0808376$ & $-0.0189579$ & $-0.0433953$ & $-0.030966$ & $0.0582185$ & $-0.0541758$ & $-0.108843$ & $-0.00457043$ & $-0.0342576$ & $0.00885401$ & $0.0425584$ & $-0.0260005$ & $0.00910503$ & $-0.0386466$ & $-0.000473818$ & $0.0403485$ & $0.0270633$ & $0.0379263$ & $-0.0470236$ & $0.0119428$ & $-0.0380656$ & $-0.0248531$ \\
CHG & $0.20996$ & $-0.0774591$ & $0.0218161$ & $0.211781$ & $-0.0048215$ & $0.0542764$ & $1$ & $-0.00934471$ & $0.0191653$ & $0.18371$ & $0.0905428$ & $-0.744102$ & $-0.808881$ & $-0.146019$ & $-0.0268835$ & $-0.0213243$ & $-0.166454$ & $-0.144604$ & $-0.14855$ & $-0.0889833$ & $-0.0925265$ & $-0.0902946$ & $-0.0252193$ & $-0.110268$ & $-0.171434$ & $0.0678713$ & $-0.0536225$ & $-0.0206877$ & $-0.155291$ & $-0.61607$ & $-0.399725$ & $0.961468$ & $-0.645395$ & $-0.0014452$ & $-0.16244$ & $-0.360995$ & $0.0564528$ & $0.0701239$ & $-0.208186$ & $0.0506034$ & $0.0647877$ & $0.0497925$ & $0.191836$ & $-0.0668657$ & $0.0345457$ & $-0.276637$ & $0.0741554$ & $0.0903431$ & $0.171204$ \\
CHWB & $0.0122971$ & $-0.0723524$ & $0.0239887$ & $-0.0144346$ & $-0.00563565$ & $-0.0554926$ & $-0.00934471$ & $1$ & $0.990125$ & $-0.552701$ & $-0.869861$ & $-0.0557138$ & $0.0219535$ & $0.270862$ & $0.502846$ & $0.509759$ & $-0.21502$ & $-0.412963$ & $-0.422283$ & $0.856007$ & $0.881506$ & $0.872712$ & $-0.0154892$ & $-0.61537$ & $-0.409853$ & $-0.599849$ & $0.322707$ & $0.376759$ & $-0.000465165$ & $0.0299831$ & $0.0354051$ & $-0.0159515$ & $0.0269734$ & $0.486238$ & $-0.0309505$ & $0.113477$ & $-0.0750313$ & $-0.00682837$ & $0.0190997$ & $0.00263891$ & $0.00844016$ & $0.00324914$ & $0.0218938$ & $0.0225521$ & $-0.0466713$ & $0.0450118$ & $0.0666876$ & $0.0549884$ & $-0.0145968$ \\
CHWHB_gaga & $0.0239539$ & $-0.0763917$ & $0.0201863$ & $-0.00686671$ & $-0.00662599$ & $-0.0505817$ & $0.0191653$ & $0.990125$ & $1$ & $-0.545491$ & $-0.858376$ & $-0.0545141$ & $0.0201645$ & $0.263354$ & $0.496582$ & $0.503455$ & $-0.219133$ & $-0.413853$ & $-0.42299$ & $0.844693$ & $0.869856$ & $0.861402$ & $-0.0163538$ & $-0.613693$ & $-0.411472$ & $-0.591341$ & $0.319195$ & $0.37216$ & $0.00362051$ & $0.0420844$ & $0.0462793$ & $0.0105349$ & $0.0397927$ & $0.481687$ & $-0.0317842$ & $0.0875206$ & $-0.0657598$ & $-0.00641126$ & $0.00121154$ & $0.002173$ & $0.0103535$ & $0.00551766$ & $0.061199$ & $0.0253202$ & $-0.0378596$ & $0.0250611$ & $0.0785813$ & $0.0581324$ & $-0.0174993$ \\
CHWHB_gagaorth & $0.0462806$ & $0.0314515$ & $0.00848292$ & $0.0386458$ & $0.00361329$ & $0.0323076$ & $0.18371$ & $-0.552701$ & $-0.545491$ & $1$ & $0.473474$ & $-0.0628889$ & $-0.240503$ & $-0.137526$ & $-0.266555$ & $-0.269772$ & $0.131399$ & $0.235893$ & $0.240282$ & $-0.465006$ & $-0.481429$ & $-0.476249$ & $-0.0123766$ & $0.349317$ & $0.232447$ & $0.336356$ & $-0.191561$ & $-0.200229$ & $-0.0432666$ & $-0.224036$ & $-0.161676$ & $0.190917$ & $-0.246574$ & $-0.279216$ & $-0.0236461$ & $-0.133113$ & $0.0489389$ & $0.0142147$ & $-0.0364159$ & $0.0287535$ & $-0.0022144$ & $0.00856552$ & $0.0165631$ & $-0.0138809$ & $0.0352098$ & $-0.0911448$ & $-0.03511$ & $-0.00882863$ & $0.0411594$ \\
CHD & $0.00157041$ & $0.0758611$ & $0.0208294$ & $0.0227792$ & $0.00462034$ & $0.173337$ & $0.0905428$ & $-0.869861$ & $-0.858376$ & $0.473474$ & $1$ & $-0.00702489$ & $-0.116217$ & $-0.66772$ & $-0.602231$ & $-0.60649$ & $-0.265662$ & $-0.0207505$ & $-0.0115344$ & $-0.995157$ & $-0.995304$ & $-0.982982$ & $0.0635237$ & $0.193311$ & $-0.0432781$ & $0.674705$ & $-0.211277$ & $-0.418279$ & $-0.0150809$ & $-0.104647$ & $-0.0860577$ & $0.10079$ & $-0.117924$ & $-0.287018$ & $0.0206577$ & $-0.106207$ & $0.0448158$ & $0.0286078$ & $-0.0215742$ & $-0.00205869$ & $-0.00375621$ & $-0.00642014$ & $0.0197308$ & $-0.0128826$ & $0.0463751$ & $-0.0970119$ & $-0.0398972$ & $-0.0410271$ & $-0.00197667$ \\
CHbox & $-0.263313$ & $0.0534066$ & $-0.0458815$ & $-0.21121$ & $-0.00147814$ & $-0.0256321$ & $-0.744102$ & $-0.0557138$ & $-0.0545141$ & $-0.0628889$ & $-0.00702489$ & $1$ & $0.916881$ & $0.0823484$ & $0.00689697$ & $-0.0088235$ & $0.121674$ & $0.111955$ & $0.123365$ & $0.00973244$ & $0.00629451$ & $0.00560759$ & $0.0210439$ & $0.119741$ & $0.140527$ & $-0.0117738$ & $-0.00149631$ & $-0.0162564$ & $0.196295$ & $0.70505$ & $0.436516$ & $-0.662373$ & $0.728924$ & $-0.0510958$ & $0.259868$ & $0.358832$ & $-0.0139442$ & $-0.0303929$ & $0.204969$ & $-0.0807637$ & $-0.0325228$ & $-0.0390841$ & $-0.168778$ & $0.0840143$ & $-0.0215661$ & $0.285841$ & $-0.088851$ & $-0.0649498$ & $-0.216722$ \\
CH & $-0.20938$ & $0.0609513$ & $-0.0625076$ & $-0.203083$ & $0.000705713$ & $-0.0560265$ & $-0.808881$ & $0.0219535$ & $0.0201645$ & $-0.240503$ & $-0.116217$ & $0.916881$ & $1$ & $0.17687$ & $0.0457156$ & $0.0387445$ & $0.189886$ & $0.16069$ & $0.166146$ & $0.114638$ & $0.117103$ & $0.115065$ & $0.0195243$ & $0.123199$ & $0.185465$ & $-0.0828386$ & $0.0440121$ & $0.0295857$ & $0.205263$ & $0.739677$ & $0.473061$ & $-0.737915$ & $0.768725$ & $-0.00452592$ & $0.216943$ & $0.337443$ & $-0.0172379$ & $-0.0653375$ & $0.196698$ & $-0.072933$ & $-0.0552081$ & $-0.0342452$ & $-0.140335$ & $0.116387$ & $-0.00816991$ & $0.265907$ & $-0.0664183$ & $-0.0761182$ & $-0.197848$ \\
CHL1_11 & $-0.0307981$ & $-0.0556018$ & $-0.063453$ & $-0.0206201$ & $0.0128342$ & $-0.045954$ & $-0.146019$ & $0.270862$ & $0.263354$ & $-0.137526$ & $-0.66772$ & $0.0823484$ & $0.17687$ & $1$ & $0.399636$ & $0.39279$ & $0.633486$ & $0.58851$ & $0.58752$ & $0.674881$ & $0.643744$ & $0.632572$ & $-0.104074$ & $0.447041$ & $0.595924$ & $-0.429009$ & $-0.0542279$ & $0.258759$ & $0.0243725$ & $0.145268$ & $0.109557$ & $-0.156071$ & $0.174348$ & $-0.17994$ & $0.00292126$ & $0.0418375$ & $0.00780535$ & $-0.0362165$ & $0.0113751$ & $-0.00462828$ & $-0.0169444$ & $0.00712073$ & $-0.0595001$ & $-0.00420612$ & $-0.0150091$ & $0.108444$ & $-0.0108406$ & $-0.00480579$ & $0.0157134$ \\
CHL1_22 & $-0.0491518$ & $-0.0811073$ & $-0.0630251$ & $0.011222$ & $0.000301893$ & $-0.0941695$ & $-0.0268835$ & $0.502846$ & $0.496582$ & $-0.266555$ & $-0.602231$ & $0.00689697$ & $0.0457156$ & $0.399636$ & $1$ & $0.524526$ & $0.154301$ & $-0.331492$ & $-0.0161384$ & $0.640638$ & $0.550958$ & $0.543063$ & $-0.182767$ & $0.00721045$ & $-0.0737827$ & $-0.361078$ & $-0.296485$ & $0.240295$ & $0.00827965$ & $0.0534695$ & $0.0376234$ & $-0.0308456$ & $0.0571581$ & $-0.468059$ & $-0.0188128$ & $0.0128401$ & $0.0217058$ & $-0.0250998$ & $-0.0182266$ & $0.0225991$ & $-0.0298355$ & $-0.0092436$ & $-0.0353088$ & $0.00783775$ & $0.0331584$ & $0.0461241$ & $0.00343269$ & $0.0243939$ & $0.0170529$ \\
CHL1_33 & $-0.0278738$ & $-0.0794326$ & $-0.0608554$ & $0.0178539$ & $0.00763534$ & $-0.102453$ & $-0.0213243$ & $0.509759$ & $0.503455$ & $-0.269772$ & $-0.60649$ & $-0.0088235$ & $0.0387445$ & $0.39279$ & $0.524526$ & $1$ & $0.156183$ & $-0.0137196$ & $-0.324702$ & $0.643102$ & $0.557796$ & $0.568215$ & $-0.166466$ & $-0.000198211$ & $-0.0692868$ & $-0.367073$ & $-0.264457$ & $0.237353$ & $0.0119641$ & $0.0446594$ & $0.0364913$ & $-0.0266922$ & $0.053006$ & $0.0314049$ & $-0.0244819$ & $0.00391838$ & $0.0222923$ & $-0.0236663$ & $-0.0290389$ & $0.0139918$ & $-0.0418519$ & $-0.0122998$ & $-0.0356859$ & $0.00891894$ & $0.0267143$ & $0.0379466$ & $0.0057292$ & $0.0049656$ & $0.0356252$ \\
CHL3_11 & $-0.0201156$ & $0.00472296$ & $-0.0680331$ & $-0.0294501$ & $0.0109978$ & $-0.381326$ & $-0.166454$ & $-0.21502$ & $-0.219133$ & $0.131399$ & $-0.265662$ & $0.121674$ & $0.189886$ & $0.633486$ & $0.154301$ & $0.156183$ & $1$ & $0.818106$ & $0.813966$ & $0.272846$ & $0.247222$ & $0.239804$ & $-0.0565226$ & $0.752105$ & $0.864757$ & $-0.169565$ & $-0.110973$ & $0.0939542$ & $0.0331983$ & $0.149715$ & $0.0996377$ & $-0.173822$ & $0.178643$ & $-0.22553$ & $0.0210806$ & $0.0119249$ & $0.0460595$ & $-0.043891$ & $0.0198007$ & $-0.00177619$ & $0.00776455$ & $0.00871941$ & $-0.0783706$ & $-0.024675$ & $-0.0183437$ & $0.111749$ & $-0.0495697$ & $-0.0190798$ & $0.0238378$ \\
CHL3_22 & $-0.00322658$ & $0.0236948$ & $-0.045206$ & $-0.026376$ & $0.012251$ & $-0.174819$ & $-0.144604$ & $-0.412963$ & $-0.413853$ & $0.235893$ & $-0.0207505$ & $0.111955$ & $0.16069$ & $0.58851$ & $-0.331492$ & $-0.0137196$ & $0.818106$ & $1$ & $0.782963$ & $0.017007$ & $0.0196479$ & $0.0175307$ & $0.00621244$ & $0.743923$ & $0.873373$ & $-0.0164195$ & $-0.0140929$ & $-0.00809928$ & $0.0257733$ & $0.118928$ & $0.0818671$ & $-0.150244$ & $0.147958$ & $-0.039255$ & $0.0266247$ & $-0.0045733$ & $0.0332873$ & $-0.0275277$ & $0.0179689$ & $-0.0149389$ & $0.00662381$ & $0.0113597$ & $-0.0597438$ & $-0.0238026$ & $-0.0228632$ & $0.0818744$ & $-0.0459628$ & $-0.0376412$ & $0.0184526$ \\
CHL3_33 & $-0.0163589$ & $0.0225955$ & $-0.0469664$ & $-0.0310074$ & $0.00729832$ & $-0.166886$ & $-0.14855$ & $-0.422283$ & $-0.42299$ & $0.240282$ & $-0.0115344$ & $0.123365$ & $0.166146$ & $0.58752$ & $-0.0161384$ & $-0.324702$ & $0.813966$ & $0.782963$ & $1$ & $0.0088227$ & $0.00972194$ & $0.00792032$ & $-0.00120732$ & $0.748276$ & $0.871484$ & $-0.00906271$ & $-0.0301139$ & $-0.0077929$ & $0.0239724$ & $0.125631$ & $0.0823227$ & $-0.152891$ & $0.151396$ & $-0.378283$ & $0.0305946$ & $0.00116909$ & $0.0315655$ & $-0.0275037$ & $0.0246309$ & $-0.0090936$ & $0.0155122$ & $0.0135267$ & $-0.0583869$ & $-0.0240237$ & $-0.0192777$ & $0.0861263$ & $-0.048013$ & $-0.023229$ & $0.00496182$ \\
CHe_11 & $-0.0121643$ & $-0.0700237$ & $-0.0212992$ & $-0.023336$ & $0.00102865$ & $-0.170256$ & $-0.0889833$ & $0.856007$ & $0.844693$ & $-0.465006$ & $-0.995157$ & $0.00973244$ & $0.114638$ & $0.674881$ & $0.640638$ & $0.643102$ & $0.272846$ & $0.017007$ & $0.0088227$ & $1$ & $0.985936$ & $0.974086$ & $-0.0795406$ & $-0.164449$ & $0.0478631$ & $-0.666545$ & $0.161855$ & $0.41469$ & $0.015242$ & $0.103957$ & $0.0829654$ & $-0.0987461$ & $0.116793$ & $0.233732$ & $-0.0187347$ & $0.103069$ & $-0.0386122$ & $-0.0292953$ & $0.022899$ & $0.00372843$ & $0.00200032$ & $0.005775$ & $-0.0245609$ & $0.0107474$ & $-0.0414969$ & $0.096253$ & $0.0308052$ & $0.0387502$ & $0.00202876$ \\
CHe_22 & $-0.00252734$ & $-0.0593446$ & $-0.00536571$ & $-0.0305839$ & $0.00135679$ & $-0.176374$ & $-0.0925265$ & $0.881506$ & $0.869856$ & $-0.481429$ & $-0.995304$ & $0.00629451$ & $0.117103$ & $0.643744$ & $0.550958$ & $0.557796$ & $0.247222$ & $0.0196479$ & $0.00972194$ & $0.985936$ & $1$ & $0.985474$ & $-0.0438515$ & $-0.230486$ & $0.0324787$ & $-0.67852$ & $0.268705$ & $0.419189$ & $0.0148156$ & $0.103801$ & $0.0845928$ & $-0.102762$ & $0.116043$ & $0.350227$ & $-0.0174415$ & $0.119795$ & $-0.0517975$ & $-0.0271588$ & $0.0329362$ & $0.000156649$ & $0.0111611$ & $0.00875829$ & $-0.0165297$ & $0.0113627$ & $-0.0562372$ & $0.0981145$ & $0.0371295$ & $0.0431235$ & $-0.00507799$ \\
CHe_33 & $-0.00122256$ & $-0.0593825$ & $-0.00504145$ & $-0.0310643$ & $0.000784833$ & $-0.172363$ & $-0.0902946$ & $0.872712$ & $0.861402$ & $-0.476249$ & $-0.982982$ & $0.00560759$ & $0.115065$ & $0.632572$ & $0.543063$ & $0.568215$ & $0.239804$ & $0.0175307$ & $0.00792032$ & $0.974086$ & $0.985474$ & $1$ & $-0.043226$ & $-0.230541$ & $0.0290719$ & $-0.669531$ & $0.26661$ & $0.416018$ & $0.0160346$ & $0.102118$ & $0.0828138$ & $-0.10016$ & $0.113765$ & $0.350398$ & $-0.018018$ & $0.116434$ & $-0.0506451$ & $-0.0259913$ & $0.0286575$ & $0.00128173$ & $0.0100647$ & $0.00746129$ & $-0.0126499$ & $0.012786$ & $-0.0555976$ & $0.0946871$ & $0.0354844$ & $0.0418375$ & $-0.00642308$ \\
CHQ1_11 & $0.0132779$ & $0.0354701$ & $0.0552976$ & $-0.0468293$ & $-0.0103871$ & $-0.000812537$ & $-0.0252193$ & $-0.0154892$ & $-0.0163538$ & $-0.0123766$ & $0.0635237$ & $0.0210439$ & $0.0195243$ & $-0.104074$ & $-0.182767$ & $-0.166466$ & $-0.0565226$ & $0.00621244$ & $-0.00120732$ & $-0.0795406$ & $-0.0438515$ & $-0.043226$ & $1$ & $-0.0901113$ & $0.0461888$ & $-0.562303$ & $0.329793$ & $-0.0194581$ & $-0.00408991$ & $0.0160895$ & $0.00882153$ & $-0.0193663$ & $0.0174919$ & $0.170661$ & $0.0339402$ & $0.0625841$ & $-0.0500282$ & $0.012298$ & $0.0324521$ & $-0.0186701$ & $0.0322444$ & $0.0187941$ & $-0.0069777$ & $0.0350972$ & $-0.0523794$ & $0.0150498$ & $-0.0162429$ & $-0.015058$ & $0.000166554$ \\
CHQ1_33 & $-0.0684847$ & $0.0186905$ & $-0.0789782$ & $-0.00432845$ & $0.00903101$ & $-0.124322$ & $-0.110268$ & $-0.61537$ & $-0.613693$ & $0.349317$ & $0.193311$ & $0.119741$ & $0.123199$ & $0.447041$ & $0.00721045$ & $-0.000198211$ & $0.752105$ & $0.743923$ & $0.748276$ & $-0.164449$ & $-0.230486$ & $-0.230541$ & $-0.0901113$ & $1$ & $0.783677$ & $0.160576$ & $-0.335817$ & $-0.0251753$ & $0.0171225$ & $0.0930315$ & $0.0540798$ & $-0.110423$ & $0.115253$ & $-0.576843$ & $0.0370346$ & $-0.040116$ & $0.0732413$ & $-0.0190141$ & $0.00354868$ & $-0.00243775$ & $-0.00429015$ & $0.010016$ & $-0.084896$ & $-0.0300385$ & $0.0265397$ & $0.0576931$ & $-0.0790822$ & $-0.0436731$ & $0.0175663$ \\
CHQ3_11 & $-0.0545744$ & $0.0465218$ & $-0.036654$ & $-0.0523597$ & $0.00733198$ & $-0.211645$ & $-0.171434$ & $-0.409853$ & $-0.411472$ & $0.232447$ & $-0.0432781$ & $0.140527$ & $0.185465$ & $0.595924$ & $-0.0737827$ & $-0.0692868$ & $0.864757$ & $0.873373$ & $0.871484$ & $0.0478631$ & $0.0324787$ & $0.0290719$ & $0.0461888$ & $0.783677$ & $1$ & $-0.0273934$ & $0.116586$ & $-0.00292941$ & $0.0263888$ & $0.136412$ & $0.087978$ & $-0.175013$ & $0.162775$ & $-0.275406$ & $0.0460032$ & $0.0559505$ & $0.0226927$ & $-0.025691$ & $0.0656058$ & $-0.0166769$ & $0.041745$ & $0.0273445$ & $-0.0720094$ & $-0.0352838$ & $-0.0500425$ & $0.10938$ & $-0.0659289$ & $-0.0155875$ & $-0.0164851$ \\
CHu_11 & $-0.0069307$ & $0.0448132$ & $-0.00975076$ & $0.0353464$ & $0.000901703$ & $0.119037$ & $0.0678713$ & $-0.599849$ & $-0.591341$ & $0.336356$ & $0.674705$ & $-0.0117738$ & $-0.0828386$ & $-0.429009$ & $-0.361078$ & $-0.367073$ & $-0.169565$ & $-0.0164195$ & $-0.00906271$ & $-0.666545$ & $-0.67852$ & $-0.669531$ & $-0.562303$ & $0.160576$ & $-0.0273934$ & $1$ & $-0.179636$ & $-0.28676$ & $-0.00488278$ & $-0.0819739$ & $-0.0646794$ & $0.0710243$ & $-0.0934329$ & $-0.255893$ & $-0.00109882$ & $-0.0799552$ & $0.0463441$ & $0.0158026$ & $-0.0130005$ & $0.0110328$ & $0.00103965$ & $-0.00554276$ & $0.0238747$ & $-0.040408$ & $0.0437342$ & $-0.067166$ & $-0.0157428$ & $-0.00426147$ & $-0.0218245$ \\
CHd_11 & $0.0600907$ & $0.0739811$ & $0.111327$ & $-0.0739352$ & $-0.012864$ & $-0.0680045$ & $-0.0536225$ & $0.322707$ & $0.319195$ & $-0.191561$ & $-0.211277$ & $-0.00149631$ & $0.0440121$ & $-0.0542279$ & $-0.296485$ & $-0.264457$ & $-0.110973$ & $-0.0140929$ & $-0.0301139$ & $0.161855$ & $0.268705$ & $0.26661$ & $0.329793$ & $-0.335817$ & $0.116586$ & $-0.179636$ & $1$ & $0.0916541$ & $-0.00402042$ & $0.0217298$ & $0.0254287$ & $-0.054562$ & $0.0204011$ & $0.625396$ & $0.00920045$ & $0.184522$ & $-0.121029$ & $0.0195121$ & $0.110228$ & $-0.0261178$ & $0.092616$ & $0.0513314$ & $0.0406499$ & $0.0111748$ & $-0.147101$ & $0.0444708$ & $0.0443888$ & $0.0599131$ & $-0.0641442$ \\
CHd_33 & $0.00611993$ & $-0.0307616$ & $-0.0101818$ & $0.0174111$ & $-0.00250897$ & $-0.0808376$ & $-0.0206877$ & $0.376759$ & $0.37216$ & $-0.200229$ & $-0.418279$ & $-0.0162564$ & $0.0295857$ & $0.258759$ & $0.240295$ & $0.237353$ & $0.0939542$ & $-0.00809928$ & $-0.0077929$ & $0.41469$ & $0.419189$ & $0.416018$ & $-0.0194581$ & $-0.0251753$ & $-0.00292941$ & $-0.28676$ & $0.0916541$ & $1$ & $-0.00589828$ & $0.0282085$ & $0.0282762$ & $-0.0253806$ & $0.0370704$ & $0.146952$ & $-0.01891$ & $0.0423877$ & $-0.00337525$ & $-0.000168372$ & $-0.0128178$ & $0.00606518$ & $0.0284982$ & $0.00456192$ & $-0.00743496$ & $0.00791861$ & $-0.0223629$ & $0.0315363$ & $0.0215363$ & $0.0305906$ & $-0.00156984$ \\
CeH_22r & $-0.018245$ & $0.0367894$ & $-0.0147452$ & $-0.0407031$ & $-0.00233172$ & $-0.0189579$ & $-0.155291$ & $-0.000465165$ & $0.00362051$ & $-0.0432666$ & $-0.0150809$ & $0.196295$ & $0.205263$ & $0.0243725$ & $0.00827965$ & $0.0119641$ & $0.0331983$ & $0.0257733$ & $0.0239724$ & $0.015242$ & $0.0148156$ & $0.0160346$ & $-0.00408991$ & $0.0171225$ & $0.0263888$ & $-0.00488278$ & $-0.00402042$ & $-0.00589828$ & $1$ & $0.175874$ & $0.12326$ & $-0.148426$ & $0.18148$ & $-0.00176243$ & $0.0243781$ & $0.0587214$ & $0.0316268$ & $-0.0258189$ & $0.0409876$ & $-0.00273063$ & $-0.0305301$ & $-0.0128158$ & $-0.0320908$ & $0.0232613$ & $-0.0141891$ & $0.0402589$ & $-0.0102865$ & $-0.0120677$ & $-0.0241326$ \\
CeH_33r & $-0.133049$ & $0.0152367$ & $-0.0456755$ & $-0.136861$ & $-0.0078991$ & $-0.0433953$ & $-0.61607$ & $0.0299831$ & $0.0420844$ & $-0.224036$ & $-0.104647$ & $0.70505$ & $0.739677$ & $0.145268$ & $0.0534695$ & $0.0446594$ & $0.149715$ & $0.118928$ & $0.125631$ & $0.103957$ & $0.103801$ & $0.102118$ & $0.0160895$ & $0.0930315$ & $0.136412$ & $-0.0819739$ & $0.0217298$ & $0.0282085$ & $0.175874$ & $1$ & $0.541577$ & $-0.491495$ & $0.864792$ & $-0.00874147$ & $0.140078$ & $0.215222$ & $-0.0413472$ & $-0.0632159$ & $0.127006$ & $-0.0592343$ & $-0.0614729$ & $-0.0350775$ & $-0.105975$ & $0.108578$ & $0.0164633$ & $0.158141$ & $-0.0158604$ & $-0.0483063$ & $-0.12188$ \\
CuH_22r & $0.00589816$ & $-0.0777347$ & $-0.0724484$ & $-0.00199399$ & $0.00640699$ & $-0.030966$ & $-0.399725$ & $0.0354051$ & $0.0462793$ & $-0.161676$ & $-0.0860577$ & $0.436516$ & $0.473061$ & $0.109557$ & $0.0376234$ & $0.0364913$ & $0.0996377$ & $0.0818671$ & $0.0823227$ & $0.0829654$ & $0.0845928$ & $0.0828138$ & $0.00882153$ & $0.0540798$ & $0.087978$ & $-0.0646794$ & $0.0254287$ & $0.0282762$ & $0.12326$ & $0.541577$ & $1$ & $-0.310078$ & $0.595561$ & $0.00299782$ & $-0.00224849$ & $0.0935601$ & $-0.00613009$ & $-0.0324884$ & $0.0459158$ & $-0.0130988$ & $-0.10306$ & $-0.0194697$ & $-0.0300188$ & $0.0620643$ & $-0.00370035$ & $0.0567861$ & $0.165137$ & $0.0106417$ & $-0.0325355$ \\
CuH_33r & $0.186973$ & $-0.0729172$ & $0.0196066$ & $0.194934$ & $-0.00645864$ & $0.0582185$ & $0.961468$ & $-0.0159515$ & $0.0105349$ & $0.190917$ & $0.10079$ & $-0.662373$ & $-0.737915$ & $-0.156071$ & $-0.0308456$ & $-0.0266922$ & $-0.173822$ & $-0.150244$ & $-0.152891$ & $-0.0987461$ & $-0.102762$ & $-0.10016$ & $-0.0193663$ & $-0.110423$ & $-0.175013$ & $0.0710243$ & $-0.054562$ & $-0.0253806$ & $-0.148426$ & $-0.491495$ & $-0.310078$ & $1$ & $-0.502452$ & $-0.00459571$ & $-0.122843$ & $-0.338735$ & $0.0562341$ & $0.0672596$ & $-0.191876$ & $0.040716$ & $0.0642604$ & $0.0516377$ & $0.19029$ & $-0.0461568$ & $0.0384247$ & $-0.268557$ & $0.0687099$ & $0.0895367$ & $0.153061$ \\
CdH_33r & $-0.0860633$ & $0.00921343$ & $-0.0759255$ & $-0.0761113$ & $-0.00609915$ & $-0.0541758$ & $-0.645395$ & $0.0269734$ & $0.0397927$ & $-0.246574$ & $-0.117924$ & $0.728924$ & $0.768725$ & $0.174348$ & $0.0571581$ & $0.053006$ & $0.178643$ & $0.147958$ & $0.151396$ & $0.116793$ & $0.116043$ & $0.113765$ & $0.0174919$ & $0.115253$ & $0.162775$ & $-0.0934329$ & $0.0204011$ & $0.0370704$ & $0.18148$ & $0.864792$ & $0.595561$ & $-0.502452$ & $1$ & $-0.0147412$ & $0.100623$ & $0.182743$ & $-0.0668962$ & $-0.0760823$ & $0.132965$ & $-0.0571162$ & $-0.0625902$ & $-0.0413598$ & $-0.143625$ & $0.100866$ & $0.0168539$ & $0.142042$ & $0.0173469$ & $0.0152792$ & $0.021363$ \\
CLL_1221 & $0.0569535$ & $0.0444251$ & $0.0945126$ & $-0.037416$ & $-0.00746695$ & $-0.108843$ & $-0.0014452$ & $0.486238$ & $0.481687$ & $-0.279216$ & $-0.287018$ & $-0.0510958$ & $-0.00452592$ & $-0.17994$ & $-0.468059$ & $0.0314049$ & $-0.22553$ & $-0.039255$ & $-0.378283$ & $0.233732$ & $0.350227$ & $0.350398$ & $0.170661$ & $-0.576843$ & $-0.275406$ & $-0.255893$ & $0.625396$ & $0.146952$ & $-0.00176243$ & $-0.00874147$ & $0.00299782$ & $-0.00459571$ & $-0.0147412$ & $1$ & $-0.00577554$ & $0.113502$ & $-0.0844641$ & $0.0117194$ & $0.0522085$ & $-0.0164123$ & $0.0512299$ & $0.0136523$ & $0.0498452$ & $0.00954856$ & $-0.0916709$ & $0.0121312$ & $0.046267$ & $0.033476$ & $-0.0314579$ \\
eHggint & $-0.359249$ & $0.167016$ & $-0.110328$ & $-0.302827$ & $-0.0177989$ & $-0.00457043$ & $-0.16244$ & $-0.0309505$ & $-0.0317842$ & $-0.0236461$ & $0.0206577$ & $0.259868$ & $0.216943$ & $0.00292126$ & $-0.0188128$ & $-0.0244819$ & $0.0210806$ & $0.0266247$ & $0.0305946$ & $-0.0187347$ & $-0.0174415$ & $-0.018018$ & $0.0339402$ & $0.0370346$ & $0.0460032$ & $-0.00109882$ & $0.00920045$ & $-0.01891$ & $0.0243781$ & $0.140078$ & $-0.00224849$ & $-0.122843$ & $0.100623$ & $-0.00577554$ & $1$ & $0.173732$ & $0.100046$ & $-0.0145112$ & $0.0517885$ & $-0.072932$ & $0.225978$ & $0.0108166$ & $0.114752$ & $0.23215$ & $0.0591093$ & $0.221997$ & $-0.425797$ & $-0.305875$ & $-0.269975$ \\
eHggpar & $-0.519447$ & $0.204842$ & $0.315225$ & $-0.449981$ & $0.00190567$ & $-0.0342576$ & $-0.360995$ & $0.113477$ & $0.0875206$ & $-0.133113$ & $-0.106207$ & $0.358832$ & $0.337443$ & $0.0418375$ & $0.0128401$ & $0.00391838$ & $0.0119249$ & $-0.0045733$ & $0.00116909$ & $0.103069$ & $0.119795$ & $0.116434$ & $0.0625841$ & $-0.040116$ & $0.0559505$ & $-0.0799552$ & $0.184522$ & $0.0423877$ & $0.0587214$ & $0.215222$ & $0.0935601$ & $-0.338735$ & $0.182743$ & $0.113502$ & $0.173732$ & $1$ & $-0.114176$ & $-0.00885336$ & $0.612714$ & $-0.0730577$ & $0.00450695$ & $0.0281277$ & $-0.428718$ & $-0.136117$ & $-0.141544$ & $0.526511$ & $-0.246105$ & $0.0822775$ & $-0.39134$ \\
eHWWint & $-0.00838773$ & $0.198776$ & $-0.408899$ & $0.188611$ & $-0.000753255$ & $0.00885401$ & $0.0564528$ & $-0.0750313$ & $-0.0657598$ & $0.0489389$ & $0.0448158$ & $-0.0139442$ & $-0.0172379$ & $0.00780535$ & $0.0217058$ & $0.0222923$ & $0.0460595$ & $0.0332873$ & $0.0315655$ & $-0.0386122$ & $-0.0517975$ & $-0.0506451$ & $-0.0500282$ & $0.0732413$ & $0.0226927$ & $0.0463441$ & $-0.121029$ & $-0.00337525$ & $0.0316268$ & $-0.0413472$ & $-0.00613009$ & $0.0562341$ & $-0.0668962$ & $-0.0844641$ & $0.100046$ & $-0.114176$ & $1$ & $-0.0414126$ & $-0.178745$ & $-0.022049$ & $0.121946$ & $-0.0203668$ & $0.239569$ & $0.0216747$ & $-0.122145$ & $0.136262$ & $-0.0412165$ & $0.0272602$ & $-0.115544$ \\
eHWWpar & $-0.0465413$ & $-0.0232835$ & $0.0162883$ & $-0.0053326$ & $0.00470974$ & $0.0425584$ & $0.0701239$ & $-0.00682837$ & $-0.00641126$ & $0.0142147$ & $0.0286078$ & $-0.0303929$ & $-0.0653375$ & $-0.0362165$ & $-0.0250998$ & $-0.0236663$ & $-0.043891$ & $-0.0275277$ & $-0.0275037$ & $-0.0292953$ & $-0.0271588$ & $-0.0259913$ & $0.012298$ & $-0.0190141$ & $-0.025691$ & $0.0158026$ & $0.0195121$ & $-0.000168372$ & $-0.0258189$ & $-0.0632159$ & $-0.0324884$ & $0.0672596$ & $-0.0760823$ & $0.0117194$ & $-0.0145112$ & $-0.00885336$ & $-0.0414126$ & $1$ & $-0.00460461$ & $0.0150756$ & $0.0180127$ & $0.00792324$ & $0.00833002$ & $-0.0129868$ & $0.0147144$ & $0.0169491$ & $-0.0397946$ & $-0.0207251$ & $-0.0567026$ \\
eHZZint & $-0.426233$ & $0.357146$ & $0.335474$ & $-0.247663$ & $-0.00454022$ & $-0.0260005$ & $-0.208186$ & $0.0190997$ & $0.00121154$ & $-0.0364159$ & $-0.0215742$ & $0.204969$ & $0.196698$ & $0.0113751$ & $-0.0182266$ & $-0.0290389$ & $0.0198007$ & $0.0179689$ & $0.0246309$ & $0.022899$ & $0.0329362$ & $0.0286575$ & $0.0324521$ & $0.00354868$ & $0.0656058$ & $-0.0130005$ & $0.110228$ & $-0.0128178$ & $0.0409876$ & $0.127006$ & $0.0459158$ & $-0.191876$ & $0.132965$ & $0.0522085$ & $0.0517885$ & $0.612714$ & $-0.178745$ & $-0.00460461$ & $1$ & $-0.0909164$ & $0.0463826$ & $0.00473087$ & $-0.353958$ & $-0.194373$ & $0.0140514$ & $0.229008$ & $-0.110518$ & $0.222804$ & $-0.126182$ \\
eHZZpar & $0.0526931$ & $0.0384572$ & $-0.0150187$ & $0.0200677$ & $-0.00430129$ & $0.00910503$ & $0.0506034$ & $0.00263891$ & $0.002173$ & $0.0287535$ & $-0.00205869$ & $-0.0807637$ & $-0.072933$ & $-0.00462828$ & $0.0225991$ & $0.0139918$ & $-0.00177619$ & $-0.0149389$ & $-0.0090936$ & $0.00372843$ & $0.000156649$ & $0.00128173$ & $-0.0186701$ & $-0.00243775$ & $-0.0166769$ & $0.0110328$ & $-0.0261178$ & $0.00606518$ & $-0.00273063$ & $-0.0592343$ & $-0.0130988$ & $0.040716$ & $-0.0571162$ & $-0.0164123$ & $-0.072932$ & $-0.0730577$ & $-0.022049$ & $0.0150756$ & $-0.0909164$ & $1$ & $0.0377747$ & $0.00870235$ & $0.0091401$ & $0.0370722$ & $-0.0845066$ & $-0.0835719$ & $0.0237091$ & $-0.0271608$ & $0.0355724$ \\
eHZgaint & $-0.343221$ & $0.182336$ & $-0.195276$ & $0.133572$ & $-0.00628902$ & $-0.0386466$ & $0.0647877$ & $0.00844016$ & $0.0103535$ & $-0.0022144$ & $-0.00375621$ & $-0.0325228$ & $-0.0552081$ & $-0.0169444$ & $-0.0298355$ & $-0.0418519$ & $0.00776455$ & $0.00662381$ & $0.0155122$ & $0.00200032$ & $0.0111611$ & $0.0100647$ & $0.0322444$ & $-0.00429015$ & $0.041745$ & $0.00103965$ & $0.092616$ & $0.0284982$ & $-0.0305301$ & $-0.0614729$ & $-0.10306$ & $0.0642604$ & $-0.0625902$ & $0.0512299$ & $0.225978$ & $0.00450695$ & $0.121946$ & $0.0180127$ & $0.0463826$ & $0.0377747$ & $1$ & $0.00595823$ & $0.110695$ & $-0.131174$ & $-0.31532$ & $0.0827687$ & $-0.265043$ & $0.338847$ & $-0.123483$ \\
eHZgapar & $-0.0318638$ & $0.042855$ & $0.035416$ & $-0.0605832$ & $0.0017009$ & $-0.000473818$ & $0.0497925$ & $0.00324914$ & $0.00551766$ & $0.00856552$ & $-0.00642014$ & $-0.0390841$ & $-0.0342452$ & $0.00712073$ & $-0.0092436$ & $-0.0122998$ & $0.00871941$ & $0.0113597$ & $0.0135267$ & $0.005775$ & $0.00875829$ & $0.00746129$ & $0.0187941$ & $0.010016$ & $0.0273445$ & $-0.00554276$ & $0.0513314$ & $0.00456192$ & $-0.0128158$ & $-0.0350775$ & $-0.0194697$ & $0.0516377$ & $-0.0413598$ & $0.0136523$ & $0.0108166$ & $0.0281277$ & $-0.0203668$ & $0.00792324$ & $0.00473087$ & $0.00870235$ & $0.00595823$ & $1$ & $0.0225893$ & $-0.018254$ & $-0.0346953$ & $-0.00280724$ & $-0.0116725$ & $-0.0619437$ & $-0.072405$ \\
eHgagaint & $0.173249$ & $-0.00141745$ & $-0.0532673$ & $0.0764781$ & $0.000958068$ & $0.0403485$ & $0.191836$ & $0.0218938$ & $0.061199$ & $0.0165631$ & $0.0197308$ & $-0.168778$ & $-0.140335$ & $-0.0595001$ & $-0.0353088$ & $-0.0356859$ & $-0.0783706$ & $-0.0597438$ & $-0.0583869$ & $-0.0245609$ & $-0.0165297$ & $-0.0126499$ & $-0.0069777$ & $-0.084896$ & $-0.0720094$ & $0.0238747$ & $0.0406499$ & $-0.00743496$ & $-0.0320908$ & $-0.105975$ & $-0.0300188$ & $0.19029$ & $-0.143625$ & $0.0498452$ & $0.114752$ & $-0.428718$ & $0.239569$ & $0.00833002$ & $-0.353958$ & $0.0091401$ & $0.110695$ & $0.0225893$ & $1$ & $0.0257578$ & $0.149712$ & $-0.365865$ & $0.231712$ & $0.0284142$ & $-0.195649$ \\
eHmumuint & $0.280841$ & $-0.00227559$ & $-0.106928$ & $-0.121251$ & $-0.0134664$ & $0.0270633$ & $-0.0668657$ & $0.0225521$ & $0.0253202$ & $-0.0138809$ & $-0.0128826$ & $0.0840143$ & $0.116387$ & $-0.00420612$ & $0.00783775$ & $0.00891894$ & $-0.024675$ & $-0.0238026$ & $-0.0240237$ & $0.0107474$ & $0.0113627$ & $0.012786$ & $0.0350972$ & $-0.0300385$ & $-0.0352838$ & $-0.040408$ & $0.0111748$ & $0.00791861$ & $0.0232613$ & $0.108578$ & $0.0620643$ & $-0.0461568$ & $0.100866$ & $0.00954856$ & $0.23215$ & $-0.136117$ & $0.0216747$ & $-0.0129868$ & $-0.194373$ & $0.0370722$ & $-0.131174$ & $-0.018254$ & $0.0257578$ & $1$ & $0.100147$ & $-0.0672317$ & $-0.103887$ & $-0.278116$ & $0.0178156$ \\
eHtautauint & $0.0861305$ & $-0.184744$ & $-0.0680369$ & $0.16581$ & $-0.0175575$ & $0.0379263$ & $0.0345457$ & $-0.0466713$ & $-0.0378596$ & $0.0352098$ & $0.0463751$ & $-0.0215661$ & $-0.00816991$ & $-0.0150091$ & $0.0331584$ & $0.0267143$ & $-0.0183437$ & $-0.0228632$ & $-0.0192777$ & $-0.0414969$ & $-0.0562372$ & $-0.0555976$ & $-0.0523794$ & $0.0265397$ & $-0.0500425$ & $0.0437342$ & $-0.147101$ & $-0.0223629$ & $-0.0141891$ & $0.0164633$ & $-0.00370035$ & $0.0384247$ & $0.0168539$ & $-0.0916709$ & $0.0591093$ & $-0.141544$ & $-0.122145$ & $0.0147144$ & $0.0140514$ & $-0.0845066$ & $-0.31532$ & $-0.0346953$ & $0.149712$ & $0.100147$ & $1$ & $-0.199776$ & $0.140922$ & $0.056378$ & $0.110117$ \\
eHccint & $-0.249458$ & $-0.0215875$ & $-0.0540727$ & $-0.482216$ & $0.00917706$ & $-0.0470236$ & $-0.276637$ & $0.0450118$ & $0.0250611$ & $-0.0911448$ & $-0.0970119$ & $0.285841$ & $0.265907$ & $0.108444$ & $0.0461241$ & $0.0379466$ & $0.111749$ & $0.0818744$ & $0.0861263$ & $0.096253$ & $0.0981145$ & $0.0946871$ & $0.0150498$ & $0.0576931$ & $0.10938$ & $-0.067166$ & $0.0444708$ & $0.0315363$ & $0.0402589$ & $0.158141$ & $0.0567861$ & $-0.268557$ & $0.142042$ & $0.0121312$ & $0.221997$ & $0.526511$ & $0.136262$ & $0.0169491$ & $0.229008$ & $-0.0835719$ & $0.0827687$ & $-0.00280724$ & $-0.365865$ & $-0.0672317$ & $-0.199776$ & $1$ & $-0.39886$ & $-0.257142$ & $-0.136153$ \\
eHccpar & $0.405032$ & $-0.409185$ & $-0.183974$ & $0.496692$ & $0.000899833$ & $0.0119428$ & $0.0741554$ & $0.0666876$ & $0.0785813$ & $-0.03511$ & $-0.0398972$ & $-0.088851$ & $-0.0664183$ & $-0.0108406$ & $0.00343269$ & $0.0057292$ & $-0.0495697$ & $-0.0459628$ & $-0.048013$ & $0.0308052$ & $0.0371295$ & $0.0354844$ & $-0.0162429$ & $-0.0790822$ & $-0.0659289$ & $-0.0157428$ & $0.0443888$ & $0.0215363$ & $-0.0102865$ & $-0.0158604$ & $0.165137$ & $0.0687099$ & $0.0173469$ & $0.046267$ & $-0.425797$ & $-0.246105$ & $-0.0412165$ & $-0.0397946$ & $-0.110518$ & $0.0237091$ & $-0.265043$ & $-0.0116725$ & $0.231712$ & $-0.103887$ & $0.140922$ & $-0.39886$ & $1$ & $0.294047$ & $0.193258$ \\
eHbbint & $-0.0211723$ & $0.0287043$ & $-0.168486$ & $0.480974$ & $-0.00328574$ & $-0.0380656$ & $0.0903431$ & $0.0549884$ & $0.0581324$ & $-0.00882863$ & $-0.0410271$ & $-0.0649498$ & $-0.0761182$ & $-0.00480579$ & $0.0243939$ & $0.0049656$ & $-0.0190798$ & $-0.0376412$ & $-0.023229$ & $0.0387502$ & $0.0431235$ & $0.0418375$ & $-0.015058$ & $-0.0436731$ & $-0.0155875$ & $-0.00426147$ & $0.0599131$ & $0.0305906$ & $-0.0120677$ & $-0.0483063$ & $0.0106417$ & $0.0895367$ & $0.0152792$ & $0.033476$ & $-0.305875$ & $0.0822775$ & $0.0272602$ & $-0.0207251$ & $0.222804$ & $-0.0271608$ & $0.338847$ & $-0.0619437$ & $0.0284142$ & $-0.278116$ & $0.056378$ & $-0.257142$ & $0.294047$ & $1$ & $0.0995208$ \\
eHbbpar & $0.430103$ & $-0.102379$ & $-0.15847$ & $0.325535$ & $-0.0217326$ & $-0.0248531$ & $0.171204$ & $-0.0145968$ & $-0.0174993$ & $0.0411594$ & $-0.00197667$ & $-0.216722$ & $-0.197848$ & $0.0157134$ & $0.0170529$ & $0.0356252$ & $0.0238378$ & $0.0184526$ & $0.00496182$ & $0.00202876$ & $-0.00507799$ & $-0.00642308$ & $0.000166554$ & $0.0175663$ & $-0.0164851$ & $-0.0218245$ & $-0.0641442$ & $-0.00156984$ & $-0.0241326$ & $-0.12188$ & $-0.0325355$ & $0.153061$ & $0.021363$ & $-0.0314579$ & $-0.269975$ & $-0.39134$ & $-0.115544$ & $-0.0567026$ & $-0.126182$ & $0.0355724$ & $-0.123483$ & $-0.072405$ & $-0.195649$ & $0.0178156$ & $0.110117$ & $-0.136153$ & $0.193258$ & $0.0995208$ & $1$ \\
