 & AlsMz & dAle5Mz & mtop & mHl & Mz & CW & CHG & CHWB & CHWHB_gaga & CHWHB_gagaorth & CHD & CHbox & CH & CHL1_11 & CHL1_22 & CHL1_33 & CHL3_11 & CHL3_22 & CHL3_33 & CHe_11 & CHe_22 & CHe_33 & CHQ1_11 & CHQ1_33 & CHQ3_11 & CHu_11 & CHd_11 & CHd_33 & CeH_22r & CeH_33r & CuH_22r & CuH_33r & CdH_33r & CLL_1221 & eHggint & eHggpar & eHWWint & eHWWpar & eHZZint & eHZZpar & eHZgaint & eHZgapar & eHgagaint & eHmumuint & eHtautauint & eHccint & eHccpar & eHbbint & eHbbpar \\
AlsMz & $1$ & $-0.00650619$ & $-0.00201061$ & $0.029218$ & $-0.00925738$ & $0.00222074$ & $-0.0143269$ & $-0.013041$ & $-0.011618$ & $-0.00540342$ & $0.00436418$ & $0.022097$ & $0.0321751$ & $0.00789121$ & $0.00242153$ & $0.00341361$ & $0.00932792$ & $0.00694937$ & $0.00475907$ & $-0.0170321$ & $-0.0266073$ & $-0.00833675$ & $-0.00325709$ & $0.00798416$ & $-0.0635929$ & $-0.00469193$ & $-0.0235104$ & $0.0482627$ & $0.0206198$ & $0.0403268$ & $0.026618$ & $-0.0119376$ & $0.0248162$ & $-0.0110949$ & $-0.0279974$ & $-0.0381672$ & $-0.0448259$ & $0.0221229$ & $0.00479072$ & $-0.0268319$ & $-0.0772656$ & $0.0218941$ & $0.0679766$ & $0.0438783$ & $-0.00548832$ & $-0.0111324$ & $0.0246846$ & $0.00676815$ & $0.0275741$ \\
dAle5Mz & $-0.00650619$ & $1$ & $-0.00656721$ & $0.0235067$ & $-0.00750707$ & $0.0395975$ & $0.00668275$ & $-0.242122$ & $-0.242367$ & $0.108343$ & $0.254101$ & $0.0659284$ & $0.00162618$ & $-0.0347395$ & $-0.0203977$ & $-0.032652$ & $0.0845376$ & $0.0511564$ & $0.0586507$ & $-0.214312$ & $-0.125303$ & $-0.127431$ & $0.00588503$ & $0.0832801$ & $0.0577272$ & $0.0388703$ & $-0.0574626$ & $-0.0302878$ & $0.0140553$ & $0.00466966$ & $-0.0125685$ & $0.0100412$ & $-0.00630943$ & $0.00911362$ & $-0.010013$ & $-0.00342418$ & $0.040674$ & $0.0245374$ & $0.0403383$ & $-0.0364001$ & $-0.0163215$ & $-0.00280457$ & $0.000355843$ & $0.00145894$ & $0.0038888$ & $-0.0140751$ & $-0.0512083$ & $-0.0174385$ & $0.0180395$ \\
mtop & $-0.00201061$ & $-0.00656721$ & $1$ & $0.0143143$ & $0.00465398$ & $-0.027162$ & $0.0230189$ & $0.0388643$ & $0.0381538$ & $-0.0312406$ & $0.0821701$ & $-0.00657007$ & $0.0120935$ & $-0.00662765$ & $0.0208154$ & $-0.00236163$ & $-0.0274925$ & $-0.0241929$ & $-0.0266204$ & $0.0489634$ & $0.0197743$ & $0.0406699$ & $0.0112148$ & $0.0109184$ & $-0.0381784$ & $-0.000169481$ & $0.0134604$ & $-0.00337123$ & $-0.00909241$ & $0.000411157$ & $0.0255431$ & $0.0105598$ & $-0.0305862$ & $0.0297648$ & $-0.0235675$ & $0.0270094$ & $-0.0195845$ & $-0.00121758$ & $-0.0133013$ & $0.00529391$ & $-0.00112503$ & $-0.00452341$ & $-0.0239024$ & $0.0109077$ & $0.0293856$ & $-0.00199332$ & $0.0114084$ & $-0.0242645$ & $-0.0343448$ \\
mHl & $0.029218$ & $0.0235067$ & $0.0143143$ & $1$ & $-0.0178766$ & $-0.0108273$ & $0.0186791$ & $-0.00547256$ & $-0.00312764$ & $-0.000274549$ & $0.00342143$ & $-0.0186863$ & $-0.0275994$ & $-0.00432671$ & $-0.0153043$ & $-0.00349127$ & $0.0114672$ & $0.012044$ & $0.00963767$ & $-0.00119627$ & $-0.00421912$ & $-0.00172402$ & $0.00548885$ & $-0.0019954$ & $0.0135635$ & $-0.00647937$ & $0.00444636$ & $0.00267328$ & $-0.0153282$ & $-0.00624496$ & $0.00671799$ & $0.0125451$ & $-0.028821$ & $0.00798463$ & $-0.0382293$ & $0.0281614$ & $-0.0172603$ & $0.0228302$ & $-0.0449069$ & $0.0185321$ & $-0.0745516$ & $-0.00739916$ & $0.041871$ & $-0.00829813$ & $-0.0357887$ & $-0.0115658$ & $0.0467523$ & $-0.00529519$ & $-0.0142375$ \\
Mz & $-0.00925738$ & $-0.00750707$ & $0.00465398$ & $-0.0178766$ & $1$ & $-0.0113263$ & $-0.00246799$ & $0.0219595$ & $0.0217407$ & $-0.00848266$ & $0.0135522$ & $0.00546121$ & $0.0165073$ & $0.00524624$ & $0.00163868$ & $-0.0141549$ & $-0.0065332$ & $-0.000539922$ & $-0.0109938$ & $0.0347172$ & $0.027107$ & $0.0106793$ & $-0.000338162$ & $-0.0103069$ & $-0.00862602$ & $-0.031413$ & $0.00560763$ & $-0.000311079$ & $0.0253646$ & $0.0148501$ & $0.0271426$ & $0.00335$ & $0.00514712$ & $0.0127287$ & $-0.045834$ & $-0.0252521$ & $-0.0196884$ & $0.00410027$ & $-0.0308891$ & $0.00880485$ & $0.00426087$ & $-0.0205545$ & $0.0335196$ & $-0.00164222$ & $0.000928346$ & $-0.0293444$ & $0.0289265$ & $0.00247414$ & $-0.00926027$ \\
CW & $0.00222074$ & $0.0395975$ & $-0.027162$ & $-0.0108273$ & $-0.0113263$ & $1$ & $-0.00209111$ & $-0.0756917$ & $-0.0756754$ & $0.0293687$ & $0.0739821$ & $0.015182$ & $0.0100695$ & $0.230032$ & $0.0433231$ & $0.0266758$ & $-0.128028$ & $0.000713694$ & $0.0131975$ & $-0.0855772$ & $-0.0897923$ & $-0.0633416$ & $-0.028808$ & $0.0537912$ & $-0.0187132$ & $0.0345059$ & $-0.101491$ & $-0.0316025$ & $0.0223051$ & $0.0093131$ & $0.0165028$ & $0.00159137$ & $0.015677$ & $-0.149732$ & $0.00527362$ & $0.0199856$ & $0.00890656$ & $-3.41104e-05$ & $-0.0113975$ & $0.00643205$ & $-0.0128093$ & $-0.0033597$ & $-0.0176419$ & $0.012945$ & $0.00564135$ & $-0.000404747$ & $-0.0243011$ & $-0.0214004$ & $-0.00175428$ \\
CHG & $-0.0143269$ & $0.00668275$ & $0.0230189$ & $0.0186791$ & $-0.00246799$ & $-0.00209111$ & $1$ & $-0.00243044$ & $0.0221831$ & $-0.000555889$ & $0.018512$ & $-0.417545$ & $-0.571793$ & $-0.0324997$ & $-0.00845306$ & $0.0169044$ & $-0.030991$ & $-0.00749513$ & $-0.019779$ & $0.0138556$ & $0.000954171$ & $-0.0238832$ & $-0.00467282$ & $-0.0121933$ & $-0.00951786$ & $0.00532925$ & $-0.00526217$ & $0.0234208$ & $-0.0414513$ & $-0.285905$ & $-0.139933$ & $0.922825$ & $-0.301539$ & $-0.00251043$ & $-0.0531466$ & $-0.0123656$ & $0.0203666$ & $0.0204972$ & $-0.00736655$ & $-0.00241472$ & $0.0102584$ & $-0.00470467$ & $-0.00831964$ & $0.00257365$ & $0.0147922$ & $0.0354069$ & $0.023557$ & $-0.010972$ & $0.0104651$ \\
CHWB & $-0.013041$ & $-0.242122$ & $0.0388643$ & $-0.00547256$ & $0.0219595$ & $-0.0756917$ & $-0.00243044$ & $1$ & $0.994333$ & $-0.578333$ & $-0.889848$ & $-0.145767$ & $-0.0246432$ & $-0.299684$ & $-0.030878$ & $-0.0161979$ & $-0.660074$ & $-0.566559$ & $-0.566367$ & $0.881072$ & $0.685047$ & $0.656574$ & $0.0402385$ & $-0.687642$ & $-0.614788$ & $-0.16988$ & $0.440112$ & $0.170882$ & $-0.00782056$ & $-0.000531028$ & $0.00519034$ & $-0.0138376$ & $-0.039845$ & $0.663816$ & $-0.0202378$ & $0.0067031$ & $-0.00454987$ & $-0.0103289$ & $-0.00603766$ & $0.0230102$ & $-0.00471696$ & $0.0332011$ & $0.0144346$ & $0.0285229$ & $0.0179664$ & $0.0294989$ & $0.00560707$ & $0.0134094$ & $-0.0159555$ \\
CHWHB_gaga & $-0.011618$ & $-0.242367$ & $0.0381538$ & $-0.00312764$ & $0.0217407$ & $-0.0756754$ & $0.0221831$ & $0.994333$ & $1$ & $-0.578607$ & $-0.883812$ & $-0.140093$ & $-0.0312872$ & $-0.303267$ & $-0.0333969$ & $-0.015903$ & $-0.660087$ & $-0.56467$ & $-0.564977$ & $0.87906$ & $0.681799$ & $0.655141$ & $0.0400409$ & $-0.686654$ & $-0.612649$ & $-0.167177$ & $0.440683$ & $0.169354$ & $-0.00378692$ & $0.0165878$ & $0.0156773$ & $0.00798274$ & $-0.0223589$ & $0.658855$ & $-0.0275771$ & $0.00347659$ & $-0.00893603$ & $-0.0154974$ & $-0.0091509$ & $0.0214579$ & $-0.00401312$ & $0.0350308$ & $0.0538428$ & $0.0260787$ & $0.0184576$ & $0.0297939$ & $0.00793564$ & $0.0137056$ & $-0.0164579$ \\
CHWHB_gagaorth & $-0.00540342$ & $0.108343$ & $-0.0312406$ & $-0.000274549$ & $-0.00848266$ & $0.0293687$ & $-0.000555889$ & $-0.578333$ & $-0.578607$ & $1$ & $0.269958$ & $0.238834$ & $-0.013099$ & $0.660794$ & $0.137357$ & $0.116851$ & $0.764749$ & $0.575426$ & $0.576666$ & $-0.341106$ & $-0.265846$ & $-0.251015$ & $-0.0587632$ & $0.595521$ & $0.638088$ & $0.0371538$ & $-0.34881$ & $-0.0675526$ & $0.00633954$ & $-0.032369$ & $-0.017871$ & $0.0292237$ & $-0.0198248$ & $-0.452014$ & $0.0381305$ & $-0.00238999$ & $-0.00792424$ & $-0.00146362$ & $0.0254925$ & $-0.0136269$ & $-0.0324986$ & $-0.0254882$ & $-0.0288639$ & $-0.0106823$ & $-0.0196806$ & $-0.0242869$ & $-0.00407187$ & $-0.00472094$ & $0.00257258$ \\
CHD & $0.00436418$ & $0.254101$ & $0.0821701$ & $0.00342143$ & $0.0135522$ & $0.0739821$ & $0.018512$ & $-0.889848$ & $-0.883812$ & $0.269958$ & $1$ & $0.112269$ & $0.0149476$ & $-0.0578644$ & $-0.0557303$ & $-0.067884$ & $0.332655$ & $0.333939$ & $0.33869$ & $-0.893696$ & $-0.702308$ & $-0.674767$ & $-0.00917921$ & $0.479358$ & $0.360447$ & $0.191352$ & $-0.321919$ & $-0.172872$ & $0.00266826$ & $0.000763287$ & $-0.00432578$ & $0.0249156$ & $0.0301786$ & $-0.520403$ & $0.0107223$ & $-0.00242126$ & $0.00434164$ & $0.00831033$ & $-0.00529109$ & $-0.0164592$ & $0.0174159$ & $-0.0278924$ & $-0.00950566$ & $-0.0221746$ & $-0.00385759$ & $-0.0222195$ & $-0.000309499$ & $-0.0164668$ & $0.0176546$ \\
CHbox & $0.022097$ & $0.0659284$ & $-0.00657007$ & $-0.0186863$ & $0.00546121$ & $0.015182$ & $-0.417545$ & $-0.145767$ & $-0.140093$ & $0.238834$ & $0.112269$ & $1$ & $0.734766$ & $-0.0112731$ & $0.0280691$ & $0.0133264$ & $0.0530237$ & $0.0497913$ & $0.0637932$ & $-0.00908829$ & $-0.0625052$ & $-0.0488575$ & $-0.00585148$ & $0.102776$ & $0.072102$ & $0.00121279$ & $-0.0440269$ & $-0.0237607$ & $0.0997613$ & $0.457386$ & $0.188229$ & $-0.264508$ & $0.443194$ & $-0.1684$ & $0.131101$ & $0.0305682$ & $-0.0148765$ & $-0.0113038$ & $0.00321898$ & $-0.0445483$ & $0.00355653$ & $0.00809538$ & $-0.0246686$ & $-0.00945193$ & $-0.00109288$ & $-0.0144192$ & $-0.00191259$ & $-0.0146749$ & $0.0033396$ \\
CH & $0.0321751$ & $0.00162618$ & $0.0120935$ & $-0.0275994$ & $0.0165073$ & $0.0100695$ & $-0.571793$ & $-0.0246432$ & $-0.0312872$ & $-0.013099$ & $0.0149476$ & $0.734766$ & $1$ & $0.0376619$ & $-0.00787534$ & $-0.0192372$ & $0.0471288$ & $0.0319875$ & $0.0447293$ & $-0.05106$ & $-0.0193872$ & $-0.00154618$ & $0.0138847$ & $0.0374663$ & $0.0377504$ & $-0.014183$ & $0.00368719$ & $-0.0282259$ & $0.0994979$ & $0.403641$ & $0.192358$ & $-0.486545$ & $0.396659$ & $0.00166155$ & $0.0814136$ & $0.0333856$ & $-0.00419242$ & $-0.00526755$ & $-0.00180882$ & $-0.0242871$ & $0.0133744$ & $0.00862258$ & $-0.0118199$ & $-0.0146748$ & $-0.00668078$ & $-0.0318549$ & $0.010056$ & $-0.0063733$ & $-0.0103738$ \\
CHL1_11 & $0.00789121$ & $-0.0347395$ & $-0.00662765$ & $-0.00432671$ & $0.00524624$ & $0.230032$ & $-0.0324997$ & $-0.299684$ & $-0.303267$ & $0.660794$ & $-0.0578644$ & $-0.0112731$ & $0.0376619$ & $1$ & $0.192691$ & $0.179359$ & $0.619628$ & $0.510336$ & $0.505376$ & $-0.147038$ & $-0.0730981$ & $-0.0557877$ & $-0.0718593$ & $0.510431$ & $0.538385$ & $-0.0154343$ & $-0.336561$ & $-0.0292955$ & $0.00769777$ & $0.0104072$ & $0.0115448$ & $-0.0347661$ & $0.0183697$ & $-0.338246$ & $0.0109189$ & $-0.00147544$ & $-0.00359971$ & $0.000902287$ & $0.0187617$ & $0.00709451$ & $-0.046634$ & $-0.0205092$ & $-0.0173011$ & $-0.010585$ & $-0.0164931$ & $-0.0281278$ & $-0.0189284$ & $-0.0150882$ & $-0.0262715$ \\
CHL1_22 & $0.00242153$ & $-0.0203977$ & $0.0208154$ & $-0.0153043$ & $0.00163868$ & $0.0433231$ & $-0.00845306$ & $-0.030878$ & $-0.0333969$ & $0.137357$ & $-0.0557303$ & $0.0280691$ & $-0.00787534$ & $0.192691$ & $1$ & $0.358139$ & $0.094985$ & $-0.416286$ & $-0.0855497$ & $0.0547404$ & $-0.146398$ & $-0.134986$ & $-0.120364$ & $0.251137$ & $-0.143977$ & $0.0105624$ & $-0.503152$ & $-0.0217193$ & $0.00956616$ & $0.00406651$ & $0.00780836$ & $-0.00200439$ & $-0.0198631$ & $-0.545644$ & $0.020294$ & $-0.0039266$ & $-0.0105565$ & $0.014708$ & $0.0100016$ & $-0.00832263$ & $0.0011977$ & $-0.00300736$ & $-0.0161986$ & $0.00931142$ & $0.000507876$ & $0.0155697$ & $0.0107788$ & $-0.0105656$ & $-0.0370593$ \\
CHL1_33 & $0.00341361$ & $-0.032652$ & $-0.00236163$ & $-0.00349127$ & $-0.0141549$ & $0.0266758$ & $0.0169044$ & $-0.0161979$ & $-0.015903$ & $0.116851$ & $-0.067884$ & $0.0133264$ & $-0.0192372$ & $0.179359$ & $0.358139$ & $1$ & $0.0771712$ & $-0.0956123$ & $-0.429796$ & $0.068756$ & $-0.0871746$ & $-0.178406$ & $-0.115037$ & $0.231858$ & $-0.146406$ & $0.00157874$ & $-0.481283$ & $-0.00386357$ & $0.00254607$ & $-0.00424106$ & $0.0108626$ & $0.0255907$ & $-0.00199573$ & $-0.238276$ & $0.0271688$ & $-0.00458388$ & $-0.00970809$ & $0.00956115$ & $-0.0107434$ & $0.000884062$ & $-0.00237878$ & $-0.0126588$ & $0.0128158$ & $-0.0124009$ & $-0.0122938$ & $-0.000408967$ & $0.00679775$ & $-0.0171643$ & $-0.0146199$ \\
CHL3_11 & $0.00932792$ & $0.0845376$ & $-0.0274925$ & $0.0114672$ & $-0.0065332$ & $-0.128028$ & $-0.030991$ & $-0.660074$ & $-0.660087$ & $0.764749$ & $0.332655$ & $0.0530237$ & $0.0471288$ & $0.619628$ & $0.094985$ & $0.0771712$ & $1$ & $0.696555$ & $0.69606$ & $-0.494256$ & $-0.319202$ & $-0.303973$ & $-0.0322024$ & $0.67026$ & $0.769429$ & $0.0466673$ & $-0.337873$ & $-0.0832573$ & $0.00482063$ & $0.000983746$ & $-0.00363789$ & $-0.0300593$ & $0.0341675$ & $-0.381263$ & $-0.00168439$ & $-0.000716269$ & $-0.000710392$ & $0.00279506$ & $0.0168599$ & $-0.0225215$ & $-0.0128127$ & $-0.0276537$ & $-0.0183365$ & $-0.0164229$ & $-0.0158963$ & $-0.0357872$ & $-0.000101322$ & $0.0091586$ & $-0.00317774$ \\
CHL3_22 & $0.00694937$ & $0.0511564$ & $-0.0241929$ & $0.012044$ & $-0.000539922$ & $0.000713694$ & $-0.00749513$ & $-0.566559$ & $-0.56467$ & $0.575426$ & $0.333939$ & $0.0497913$ & $0.0319875$ & $0.510336$ & $-0.416286$ & $-0.0956123$ & $0.696555$ & $1$ & $0.654274$ & $-0.437383$ & $-0.265818$ & $-0.235892$ & $0.0207477$ & $0.48365$ & $0.77472$ & $0.051519$ & $-0.0400387$ & $-0.0772053$ & $0.00390705$ & $-0.0121387$ & $-0.00494786$ & $-0.0111073$ & $0.0310009$ & $0.0448303$ & $-0.0107601$ & $0.00559179$ & $-0.00387398$ & $-0.010407$ & $0.00102807$ & $-0.00537965$ & $-0.0201046$ & $-0.0160312$ & $-0.0166347$ & $-0.0245798$ & $-0.0177826$ & $-0.0390404$ & $-0.0185527$ & $-0.006303$ & $0.012287$ \\
CHL3_33 & $0.00475907$ & $0.0586507$ & $-0.0266204$ & $0.00963767$ & $-0.0109938$ & $0.0131975$ & $-0.019779$ & $-0.566367$ & $-0.564977$ & $0.576666$ & $0.33869$ & $0.0637932$ & $0.0447293$ & $0.505376$ & $-0.0855497$ & $-0.429796$ & $0.69606$ & $0.654274$ & $1$ & $-0.446869$ & $-0.267337$ & $-0.246372$ & $0.0307323$ & $0.476542$ & $0.77061$ & $0.0589138$ & $-0.037758$ & $-0.0807871$ & $0.00614121$ & $-0.0017981$ & $0.00263357$ & $-0.0214642$ & $0.0324405$ & $-0.2553$ & $-0.013771$ & $0.0068229$ & $-0.00767871$ & $0.00101139$ & $0.0218879$ & $-0.0226584$ & $-0.0192038$ & $-0.0144003$ & $-0.0173391$ & $-0.0151832$ & $-0.0102445$ & $-0.0391823$ & $-0.0048368$ & $-0.00667255$ & $0.00908766$ \\
CHe_11 & $-0.0170321$ & $-0.214312$ & $0.0489634$ & $-0.00119627$ & $0.0347172$ & $-0.0855772$ & $0.0138556$ & $0.881072$ & $0.87906$ & $-0.341106$ & $-0.893696$ & $-0.00908829$ & $-0.05106$ & $-0.147038$ & $0.0547404$ & $0.068756$ & $-0.494256$ & $-0.437383$ & $-0.446869$ & $1$ & $0.696935$ & $0.668908$ & $0.008048$ & $-0.548034$ & $-0.470516$ & $-0.184934$ & $0.347581$ & $0.174655$ & $-0.000464677$ & $-0.00968426$ & $0.00834861$ & $0.0221789$ & $-0.0505606$ & $0.467454$ & $-0.00652757$ & $0.00789779$ & $-0.00803481$ & $-0.0061415$ & $0.00149744$ & $0.0131908$ & $-0.00454711$ & $0.023199$ & $0.0130277$ & $0.0161769$ & $0.00580836$ & $0.0355144$ & $0.00360306$ & $0.00590684$ & $-0.0197658$ \\
CHe_22 & $-0.0266073$ & $-0.125303$ & $0.0197743$ & $-0.00421912$ & $0.027107$ & $-0.0897923$ & $0.000954171$ & $0.685047$ & $0.681799$ & $-0.265846$ & $-0.702308$ & $-0.0625052$ & $-0.0193872$ & $-0.0730981$ & $-0.146398$ & $-0.0871746$ & $-0.319202$ & $-0.265818$ & $-0.267337$ & $0.696935$ & $1$ & $0.591268$ & $0.0552303$ & $-0.495416$ & $-0.304512$ & $-0.160899$ & $0.420109$ & $0.147852$ & $0.00169251$ & $0.0106858$ & $0.0119944$ & $-0.00039351$ & $-0.0251299$ & $0.462023$ & $-0.0344039$ & $-0.0105437$ & $0.00994549$ & $-0.0185197$ & $0.0303758$ & $-0.00493491$ & $-0.011852$ & $0.0107744$ & $-0.00249281$ & $0.0102385$ & $0.00153698$ & $0.0180663$ & $-0.00488087$ & $0.0161901$ & $-0.0202294$ \\
CHe_33 & $-0.00833675$ & $-0.127431$ & $0.0406699$ & $-0.00172402$ & $0.0106793$ & $-0.0633416$ & $-0.0238832$ & $0.656574$ & $0.655141$ & $-0.251015$ & $-0.674767$ & $-0.0488575$ & $-0.00154618$ & $-0.0557877$ & $-0.134986$ & $-0.178406$ & $-0.303973$ & $-0.235892$ & $-0.246372$ & $0.668908$ & $0.591268$ & $1$ & $0.0474356$ & $-0.485614$ & $-0.272999$ & $-0.156242$ & $0.420759$ & $0.132018$ & $-0.00789063$ & $0.0287308$ & $0.0136248$ & $-0.0261347$ & $-0.00567898$ & $0.452602$ & $-0.0226884$ & $-0.0204391$ & $-0.00088782$ & $-0.0127828$ & $0.0120601$ & $0.0119565$ & $-0.00237724$ & $0.0188102$ & $0.00471452$ & $0.0142017$ & $0.00152519$ & $0.0338264$ & $-0.00977936$ & $0.0247677$ & $-0.0157151$ \\
CHQ1_11 & $-0.00325709$ & $0.00588503$ & $0.0112148$ & $0.00548885$ & $-0.000338162$ & $-0.028808$ & $-0.00467282$ & $0.0402385$ & $0.0400409$ & $-0.0587632$ & $-0.00917921$ & $-0.00585148$ & $0.0138847$ & $-0.0718593$ & $-0.120364$ & $-0.115037$ & $-0.0322024$ & $0.0207477$ & $0.0307323$ & $0.008048$ & $0.0552303$ & $0.0474356$ & $1$ & $-0.0811448$ & $0.0546329$ & $-0.569014$ & $0.264185$ & $-0.000105221$ & $0.00983621$ & $0.0247296$ & $0.00731508$ & $-0.00376203$ & $0.0150354$ & $0.112737$ & $-0.00950683$ & $0.00325894$ & $0.0155106$ & $-0.0349408$ & $-0.00281919$ & $0.0111662$ & $0.0129935$ & $0.019327$ & $-0.0135309$ & $0.00374681$ & $0.00223465$ & $-0.0134108$ & $0.00906193$ & $-0.0111734$ & $0.0271714$ \\
CHQ1_33 & $0.00798416$ & $0.0832801$ & $0.0109184$ & $-0.0019954$ & $-0.0103069$ & $0.0537912$ & $-0.0121933$ & $-0.687642$ & $-0.686654$ & $0.595521$ & $0.479358$ & $0.102776$ & $0.0374663$ & $0.510431$ & $0.251137$ & $0.231858$ & $0.67026$ & $0.48365$ & $0.476542$ & $-0.548034$ & $-0.495416$ & $-0.485614$ & $-0.0811448$ & $1$ & $0.546492$ & $0.107941$ & $-0.445169$ & $-0.0326654$ & $0.0118412$ & $0.000878758$ & $0.00682923$ & $-0.00385573$ & $0.037818$ & $-0.548346$ & $0.0365654$ & $-0.0125102$ & $-0.0139865$ & $0.0214868$ & $0.0052555$ & $-0.0272882$ & $-0.0036714$ & $-0.0305094$ & $-0.0185546$ & $-0.0253565$ & $-0.0168357$ & $-0.0213538$ & $0.00021559$ & $-0.0146236$ & $0.000614124$ \\
CHQ3_11 & $-0.0635929$ & $0.0577272$ & $-0.0381784$ & $0.0135635$ & $-0.00862602$ & $-0.0187132$ & $-0.00951786$ & $-0.614788$ & $-0.612649$ & $0.638088$ & $0.360447$ & $0.072102$ & $0.0377504$ & $0.538385$ & $-0.143977$ & $-0.146406$ & $0.769429$ & $0.77472$ & $0.77061$ & $-0.470516$ & $-0.304512$ & $-0.272999$ & $0.0546329$ & $0.546492$ & $1$ & $0.0670029$ & $0.0623962$ & $-0.0811221$ & $0.0116493$ & $0.00216409$ & $-0.00903545$ & $-0.0102159$ & $0.0359029$ & $-0.226047$ & $0.00535614$ & $0.000528338$ & $-0.0106372$ & $-0.00425397$ & $0.0110982$ & $-0.0155486$ & $-0.0070258$ & $-0.0269209$ & $-0.0239222$ & $-0.0220382$ & $-0.0114759$ & $-0.0393127$ & $-0.0137626$ & $-0.00552143$ & $0.00677927$ \\
CHu_11 & $-0.00469193$ & $0.0388703$ & $-0.000169481$ & $-0.00647937$ & $-0.031413$ & $0.0345059$ & $0.00532925$ & $-0.16988$ & $-0.167177$ & $0.0371538$ & $0.191352$ & $0.00121279$ & $-0.014183$ & $-0.0154343$ & $0.0105624$ & $0.00157874$ & $0.0466673$ & $0.051519$ & $0.0589138$ & $-0.184934$ & $-0.160899$ & $-0.156242$ & $-0.569014$ & $0.107941$ & $0.0670029$ & $1$ & $0.0848751$ & $-0.0359908$ & $-0.0100206$ & $-0.0180176$ & $-0.0127257$ & $-0.00279224$ & $0.00184264$ & $-0.105871$ & $0.00450574$ & $0.000283153$ & $-0.00658871$ & $0.037483$ & $-0.0143158$ & $-0.00951486$ & $-0.00474369$ & $-0.030958$ & $0.00763263$ & $0.00679837$ & $-0.01464$ & $0.0123288$ & $-0.0146442$ & $0.00626171$ & $-0.00676777$ \\
CHd_11 & $-0.0235104$ & $-0.0574626$ & $0.0134604$ & $0.00444636$ & $0.00560763$ & $-0.101491$ & $-0.00526217$ & $0.440112$ & $0.440683$ & $-0.34881$ & $-0.321919$ & $-0.0440269$ & $0.00368719$ & $-0.336561$ & $-0.503152$ & $-0.481283$ & $-0.337873$ & $-0.0400387$ & $-0.037758$ & $0.347581$ & $0.420109$ & $0.420759$ & $0.264185$ & $-0.445169$ & $0.0623962$ & $0.0848751$ & $1$ & $0.0686027$ & $0.00767919$ & $0.00989755$ & $0.000918095$ & $-0.0165744$ & $0.00124197$ & $0.602863$ & $-0.0264988$ & $0.00475394$ & $-0.0133581$ & $-0.0163665$ & $-0.0086992$ & $-0.00135984$ & $0.016303$ & $0.0174542$ & $-0.0013737$ & $0.0220026$ & $0.00893073$ & $0.00938899$ & $-0.00722255$ & $0.0108997$ & $0.019054$ \\
CHd_33 & $0.0482627$ & $-0.0302878$ & $-0.00337123$ & $0.00267328$ & $-0.000311079$ & $-0.0316025$ & $0.0234208$ & $0.170882$ & $0.169354$ & $-0.0675526$ & $-0.172872$ & $-0.0237607$ & $-0.0282259$ & $-0.0292955$ & $-0.0217193$ & $-0.00386357$ & $-0.0832573$ & $-0.0772053$ & $-0.0807871$ & $0.174655$ & $0.147852$ & $0.132018$ & $-0.000105221$ & $-0.0326654$ & $-0.0811221$ & $-0.0359908$ & $0.0686027$ & $1$ & $-0.00412788$ & $-0.00592319$ & $-0.00724007$ & $0.0235548$ & $-0.00255805$ & $0.109933$ & $-0.00795778$ & $0.00157559$ & $0.00143707$ & $0.00212824$ & $0.00833914$ & $0.01219$ & $-0.00200646$ & $0.00116868$ & $0.00731052$ & $-0.000830766$ & $0.00561839$ & $0.0375284$ & $0.0132103$ & $0.0114868$ & $0.0184414$ \\
CeH_22r & $0.0206198$ & $0.0140553$ & $-0.00909241$ & $-0.0153282$ & $0.0253646$ & $0.0223051$ & $-0.0414513$ & $-0.00782056$ & $-0.00378692$ & $0.00633954$ & $0.00266826$ & $0.0997613$ & $0.0994979$ & $0.00769777$ & $0.00956616$ & $0.00254607$ & $0.00482063$ & $0.00390705$ & $0.00614121$ & $-0.000464677$ & $0.00169251$ & $-0.00789063$ & $0.00983621$ & $0.0118412$ & $0.0116493$ & $-0.0100206$ & $0.00767919$ & $-0.00412788$ & $1$ & $0.0754282$ & $0.0545729$ & $-0.0467513$ & $0.0902947$ & $-0.0100665$ & $-0.0369605$ & $-0.00472252$ & $-0.0375244$ & $-0.0388113$ & $-0.00922441$ & $-0.0157672$ & $0.0204258$ & $-0.0207277$ & $0.00219134$ & $0.0165163$ & $0.0235626$ & $-0.00850723$ & $0.0227684$ & $0.00242768$ & $0.0112521$ \\
CeH_33r & $0.0403268$ & $0.00466966$ & $0.000411157$ & $-0.00624496$ & $0.0148501$ & $0.0093131$ & $-0.285905$ & $-0.000531028$ & $0.0165878$ & $-0.032369$ & $0.000763287$ & $0.457386$ & $0.403641$ & $0.0104072$ & $0.00406651$ & $-0.00424106$ & $0.000983746$ & $-0.0121387$ & $-0.0017981$ & $-0.00968426$ & $0.0106858$ & $0.0287308$ & $0.0247296$ & $0.000878758$ & $0.00216409$ & $-0.0180176$ & $0.00989755$ & $-0.00592319$ & $0.0754282$ & $1$ & $0.34566$ & $-0.0928399$ & $0.700617$ & $-0.00805214$ & $-0.0161645$ & $-0.0152526$ & $-0.141675$ & $-0.0585544$ & $-0.0218585$ & $-0.0174375$ & $-0.0147157$ & $0.0196293$ & $0.011099$ & $0.000902434$ & $0.0595549$ & $-0.00634364$ & $-0.0163798$ & $-0.00524072$ & $-0.0112698$ \\
CuH_22r & $0.026618$ & $-0.0125685$ & $0.0255431$ & $0.00671799$ & $0.0271426$ & $0.0165028$ & $-0.139933$ & $0.00519034$ & $0.0156773$ & $-0.017871$ & $-0.00432578$ & $0.188229$ & $0.192358$ & $0.0115448$ & $0.00780836$ & $0.0108626$ & $-0.00363789$ & $-0.00494786$ & $0.00263357$ & $0.00834861$ & $0.0119944$ & $0.0136248$ & $0.00731508$ & $0.00682923$ & $-0.00903545$ & $-0.0127257$ & $0.000918095$ & $-0.00724007$ & $0.0545729$ & $0.34566$ & $1$ & $-0.0295015$ & $0.368781$ & $-0.00618233$ & $-0.0219177$ & $0.0211096$ & $-0.0921289$ & $-0.0370053$ & $-0.0427653$ & $0.0213101$ & $0.00156201$ & $0.00830317$ & $0.0235801$ & $-0.0191893$ & $0.00981273$ & $0.0460959$ & $0.296706$ & $0.0133906$ & $-0.0288638$ \\
CuH_33r & $-0.0119376$ & $0.0100412$ & $0.0105598$ & $0.0125451$ & $0.00335$ & $0.00159137$ & $0.922825$ & $-0.0138376$ & $0.00798274$ & $0.0292237$ & $0.0249156$ & $-0.264508$ & $-0.486545$ & $-0.0347661$ & $-0.00200439$ & $0.0255907$ & $-0.0300593$ & $-0.0111073$ & $-0.0214642$ & $0.0221789$ & $-0.00039351$ & $-0.0261347$ & $-0.00376203$ & $-0.00385573$ & $-0.0102159$ & $-0.00279224$ & $-0.0165744$ & $0.0235548$ & $-0.0467513$ & $-0.0928399$ & $-0.0295015$ & $1$ & $-0.0671263$ & $-0.0268404$ & $-0.011702$ & $3.86626e-05$ & $-0.0105909$ & $0.00368905$ & $0.00660631$ & $0.00590655$ & $0.0133686$ & $-0.00120607$ & $-0.0141752$ & $0.00808334$ & $0.0253487$ & $0.0337395$ & $0.0204323$ & $-0.0117578$ & $0.0199725$ \\
CdH_33r & $0.0248162$ & $-0.00630943$ & $-0.0305862$ & $-0.028821$ & $0.00514712$ & $0.015677$ & $-0.301539$ & $-0.039845$ & $-0.0223589$ & $-0.0198248$ & $0.0301786$ & $0.443194$ & $0.396659$ & $0.0183697$ & $-0.0198631$ & $-0.00199573$ & $0.0341675$ & $0.0310009$ & $0.0324405$ & $-0.0505606$ & $-0.0251299$ & $-0.00567898$ & $0.0150354$ & $0.037818$ & $0.0359029$ & $0.00184264$ & $0.00124197$ & $-0.00255805$ & $0.0902947$ & $0.700617$ & $0.368781$ & $-0.0671263$ & $1$ & $-0.0187833$ & $-0.0222298$ & $-0.0421926$ & $-0.140514$ & $-0.0650835$ & $-0.033873$ & $-0.00964025$ & $-0.00435929$ & $0.0137631$ & $-0.0144544$ & $-0.00935824$ & $0.014539$ & $-0.00162288$ & $-0.0287115$ & $0.121148$ & $0.347061$ \\
CLL_1221 & $-0.0110949$ & $0.00911362$ & $0.0297648$ & $0.00798463$ & $0.0127287$ & $-0.149732$ & $-0.00251043$ & $0.663816$ & $0.658855$ & $-0.452014$ & $-0.520403$ & $-0.1684$ & $0.00166155$ & $-0.338246$ & $-0.545644$ & $-0.238276$ & $-0.381263$ & $0.0448303$ & $-0.2553$ & $0.467454$ & $0.462023$ & $0.452602$ & $0.112737$ & $-0.548346$ & $-0.226047$ & $-0.105871$ & $0.602863$ & $0.109933$ & $-0.0100665$ & $-0.00805214$ & $-0.00618233$ & $-0.0268404$ & $-0.0187833$ & $1$ & $-0.0491141$ & $0.0135621$ & $0.00308732$ & $-0.0206217$ & $-0.0080815$ & $0.014077$ & $-0.0103917$ & $0.0302456$ & $0.0077269$ & $0.0188094$ & $0.0202269$ & $-9.82867e-07$ & $-0.0129887$ & $0.0107594$ & $0.00681358$ \\
eHggint & $-0.0279974$ & $-0.010013$ & $-0.0235675$ & $-0.0382293$ & $-0.045834$ & $0.00527362$ & $-0.0531466$ & $-0.0202378$ & $-0.0275771$ & $0.0381305$ & $0.0107223$ & $0.131101$ & $0.0814136$ & $0.0109189$ & $0.020294$ & $0.0271688$ & $-0.00168439$ & $-0.0107601$ & $-0.013771$ & $-0.00652757$ & $-0.0344039$ & $-0.0226884$ & $-0.00950683$ & $0.0365654$ & $0.00535614$ & $0.00450574$ & $-0.0264988$ & $-0.00795778$ & $-0.0369605$ & $-0.0161645$ & $-0.0219177$ & $-0.011702$ & $-0.0222298$ & $-0.0491141$ & $1$ & $-0.0361557$ & $0.0030327$ & $0.0107506$ & $0.017004$ & $0.00921152$ & $0.0745249$ & $0.00735522$ & $-0.011686$ & $0.000738349$ & $-0.0251222$ & $0.0105644$ & $-0.0499033$ & $-0.0137894$ & $-0.0388187$ \\
eHggpar & $-0.0381672$ & $-0.00342418$ & $0.0270094$ & $0.0281614$ & $-0.0252521$ & $0.0199856$ & $-0.0123656$ & $0.0067031$ & $0.00347659$ & $-0.00238999$ & $-0.00242126$ & $0.0305682$ & $0.0333856$ & $-0.00147544$ & $-0.0039266$ & $-0.00458388$ & $-0.000716269$ & $0.00559179$ & $0.0068229$ & $0.00789779$ & $-0.0105437$ & $-0.0204391$ & $0.00325894$ & $-0.0125102$ & $0.000528338$ & $0.000283153$ & $0.00475394$ & $0.00157559$ & $-0.00472252$ & $-0.0152526$ & $0.0211096$ & $3.86626e-05$ & $-0.0421926$ & $0.0135621$ & $-0.0361557$ & $1$ & $-0.00678965$ & $-0.00354556$ & $-0.0384864$ & $0.000118973$ & $-0.0110854$ & $-0.0303638$ & $0.0273867$ & $-0.0324539$ & $0.0613351$ & $-0.0125519$ & $0.0821183$ & $-0.00537734$ & $-0.0626482$ \\
eHWWint & $-0.0448259$ & $0.040674$ & $-0.0195845$ & $-0.0172603$ & $-0.0196884$ & $0.00890656$ & $0.0203666$ & $-0.00454987$ & $-0.00893603$ & $-0.00792424$ & $0.00434164$ & $-0.0148765$ & $-0.00419242$ & $-0.00359971$ & $-0.0105565$ & $-0.00970809$ & $-0.000710392$ & $-0.00387398$ & $-0.00767871$ & $-0.00803481$ & $0.00994549$ & $-0.00088782$ & $0.0155106$ & $-0.0139865$ & $-0.0106372$ & $-0.00658871$ & $-0.0133581$ & $0.00143707$ & $-0.0375244$ & $-0.141675$ & $-0.0921289$ & $-0.0105909$ & $-0.140514$ & $0.00308732$ & $0.0030327$ & $-0.00678965$ & $1$ & $-0.00156231$ & $0.000706683$ & $0.00894853$ & $0.0342308$ & $0.0381587$ & $0.00942039$ & $-0.00871199$ & $-0.0206238$ & $0.0175539$ & $-0.0256594$ & $-0.00624619$ & $0.0402337$ \\
eHWWpar & $0.0221229$ & $0.0245374$ & $-0.00121758$ & $0.0228302$ & $0.00410027$ & $-3.41104e-05$ & $0.0204972$ & $-0.0103289$ & $-0.0154974$ & $-0.00146362$ & $0.00831033$ & $-0.0113038$ & $-0.00526755$ & $0.000902287$ & $0.014708$ & $0.00956115$ & $0.00279506$ & $-0.010407$ & $0.00101139$ & $-0.0061415$ & $-0.0185197$ & $-0.0127828$ & $-0.0349408$ & $0.0214868$ & $-0.00425397$ & $0.037483$ & $-0.0163665$ & $0.00212824$ & $-0.0388113$ & $-0.0585544$ & $-0.0370053$ & $0.00368905$ & $-0.0650835$ & $-0.0206217$ & $0.0107506$ & $-0.00354556$ & $-0.00156231$ & $1$ & $-0.00336165$ & $0.0183384$ & $-0.022863$ & $0.00971865$ & $-0.0060123$ & $-0.00724689$ & $0.0334265$ & $-0.0109514$ & $0.0247683$ & $0.0322034$ & $-0.0219863$ \\
eHZZint & $0.00479072$ & $0.0403383$ & $-0.0133013$ & $-0.0449069$ & $-0.0308891$ & $-0.0113975$ & $-0.00736655$ & $-0.00603766$ & $-0.0091509$ & $0.0254925$ & $-0.00529109$ & $0.00321898$ & $-0.00180882$ & $0.0187617$ & $0.0100016$ & $-0.0107434$ & $0.0168599$ & $0.00102807$ & $0.0218879$ & $0.00149744$ & $0.0303758$ & $0.0120601$ & $-0.00281919$ & $0.0052555$ & $0.0110982$ & $-0.0143158$ & $-0.0086992$ & $0.00833914$ & $-0.00922441$ & $-0.0218585$ & $-0.0427653$ & $0.00660631$ & $-0.033873$ & $-0.0080815$ & $0.017004$ & $-0.0384864$ & $0.000706683$ & $-0.00336165$ & $1$ & $0.00180519$ & $0.0552321$ & $0.0149588$ & $-0.0185228$ & $0.0315865$ & $0.0176602$ & $-0.0121396$ & $-0.0408519$ & $-0.00870394$ & $-0.0399038$ \\
eHZZpar & $-0.0268319$ & $-0.0364001$ & $0.00529391$ & $0.0185321$ & $0.00880485$ & $0.00643205$ & $-0.00241472$ & $0.0230102$ & $0.0214579$ & $-0.0136269$ & $-0.0164592$ & $-0.0445483$ & $-0.0242871$ & $0.00709451$ & $-0.00832263$ & $0.000884062$ & $-0.0225215$ & $-0.00537965$ & $-0.0226584$ & $0.0131908$ & $-0.00493491$ & $0.0119565$ & $0.0111662$ & $-0.0272882$ & $-0.0155486$ & $-0.00951486$ & $-0.00135984$ & $0.01219$ & $-0.0157672$ & $-0.0174375$ & $0.0213101$ & $0.00590655$ & $-0.00964025$ & $0.014077$ & $0.00921152$ & $0.000118973$ & $0.00894853$ & $0.0183384$ & $0.00180519$ & $1$ & $-0.0201799$ & $-0.0160355$ & $0.00360283$ & $0.00326951$ & $0.0150751$ & $-0.00103185$ & $0.0299246$ & $0.0492434$ & $-0.0159967$ \\
eHZgaint & $-0.0772656$ & $-0.0163215$ & $-0.00112503$ & $-0.0745516$ & $0.00426087$ & $-0.0128093$ & $0.0102584$ & $-0.00471696$ & $-0.00401312$ & $-0.0324986$ & $0.0174159$ & $0.00355653$ & $0.0133744$ & $-0.046634$ & $0.0011977$ & $-0.00237878$ & $-0.0128127$ & $-0.0201046$ & $-0.0192038$ & $-0.00454711$ & $-0.011852$ & $-0.00237724$ & $0.0129935$ & $-0.0036714$ & $-0.0070258$ & $-0.00474369$ & $0.016303$ & $-0.00200646$ & $0.0204258$ & $-0.0147157$ & $0.00156201$ & $0.0133686$ & $-0.00435929$ & $-0.0103917$ & $0.0745249$ & $-0.0110854$ & $0.0342308$ & $-0.022863$ & $0.0552321$ & $-0.0201799$ & $1$ & $0.0414082$ & $-0.0330275$ & $-0.0291924$ & $0.0358114$ & $0.0113285$ & $-0.0539204$ & $-0.0142844$ & $0.00105844$ \\
eHZgapar & $0.0218941$ & $-0.00280457$ & $-0.00452341$ & $-0.00739916$ & $-0.0205545$ & $-0.0033597$ & $-0.00470467$ & $0.0332011$ & $0.0350308$ & $-0.0254882$ & $-0.0278924$ & $0.00809538$ & $0.00862258$ & $-0.0205092$ & $-0.00300736$ & $-0.0126588$ & $-0.0276537$ & $-0.0160312$ & $-0.0144003$ & $0.023199$ & $0.0107744$ & $0.0188102$ & $0.019327$ & $-0.0305094$ & $-0.0269209$ & $-0.030958$ & $0.0174542$ & $0.00116868$ & $-0.0207277$ & $0.0196293$ & $0.00830317$ & $-0.00120607$ & $0.0137631$ & $0.0302456$ & $0.00735522$ & $-0.0303638$ & $0.0381587$ & $0.00971865$ & $0.0149588$ & $-0.0160355$ & $0.0414082$ & $1$ & $-0.019764$ & $-0.00156584$ & $0.0156444$ & $0.0356099$ & $0.00574658$ & $-0.018989$ & $0.011772$ \\
eHgagaint & $0.0679766$ & $0.000355843$ & $-0.0239024$ & $0.041871$ & $0.0335196$ & $-0.0176419$ & $-0.00831964$ & $0.0144346$ & $0.0538428$ & $-0.0288639$ & $-0.00950566$ & $-0.0246686$ & $-0.0118199$ & $-0.0173011$ & $-0.0161986$ & $0.0128158$ & $-0.0183365$ & $-0.0166347$ & $-0.0173391$ & $0.0130277$ & $-0.00249281$ & $0.00471452$ & $-0.0135309$ & $-0.0185546$ & $-0.0239222$ & $0.00763263$ & $-0.0013737$ & $0.00731052$ & $0.00219134$ & $0.011099$ & $0.0235801$ & $-0.0141752$ & $-0.0144544$ & $0.0077269$ & $-0.011686$ & $0.0273867$ & $0.00942039$ & $-0.0060123$ & $-0.0185228$ & $0.00360283$ & $-0.0330275$ & $-0.019764$ & $1$ & $-0.00688729$ & $0.0278968$ & $-0.0205772$ & $0.0784215$ & $0.0542659$ & $-0.032628$ \\
eHmumuint & $0.0438783$ & $0.00145894$ & $0.0109077$ & $-0.00829813$ & $-0.00164222$ & $0.012945$ & $0.00257365$ & $0.0285229$ & $0.0260787$ & $-0.0106823$ & $-0.0221746$ & $-0.00945193$ & $-0.0146748$ & $-0.010585$ & $0.00931142$ & $-0.0124009$ & $-0.0164229$ & $-0.0245798$ & $-0.0151832$ & $0.0161769$ & $0.0102385$ & $0.0142017$ & $0.00374681$ & $-0.0253565$ & $-0.0220382$ & $0.00679837$ & $0.0220026$ & $-0.000830766$ & $0.0165163$ & $0.000902434$ & $-0.0191893$ & $0.00808334$ & $-0.00935824$ & $0.0188094$ & $0.000738349$ & $-0.0324539$ & $-0.00871199$ & $-0.00724689$ & $0.0315865$ & $0.00326951$ & $-0.0291924$ & $-0.00156584$ & $-0.00688729$ & $1$ & $0.0425642$ & $0.0232596$ & $-0.0149638$ & $0.0134127$ & $-0.0173095$ \\
eHtautauint & $-0.00548832$ & $0.0038888$ & $0.0293856$ & $-0.0357887$ & $0.000928346$ & $0.00564135$ & $0.0147922$ & $0.0179664$ & $0.0184576$ & $-0.0196806$ & $-0.00385759$ & $-0.00109288$ & $-0.00668078$ & $-0.0164931$ & $0.000507876$ & $-0.0122938$ & $-0.0158963$ & $-0.0177826$ & $-0.0102445$ & $0.00580836$ & $0.00153698$ & $0.00152519$ & $0.00223465$ & $-0.0168357$ & $-0.0114759$ & $-0.01464$ & $0.00893073$ & $0.00561839$ & $0.0235626$ & $0.0595549$ & $0.00981273$ & $0.0253487$ & $0.014539$ & $0.0202269$ & $-0.0251222$ & $0.0613351$ & $-0.0206238$ & $0.0334265$ & $0.0176602$ & $0.0150751$ & $0.0358114$ & $0.0156444$ & $0.0278968$ & $0.0425642$ & $1$ & $-0.0112169$ & $0.00956784$ & $-0.0365642$ & $0.00342944$ \\
eHccint & $-0.0111324$ & $-0.0140751$ & $-0.00199332$ & $-0.0115658$ & $-0.0293444$ & $-0.000404747$ & $0.0354069$ & $0.0294989$ & $0.0297939$ & $-0.0242869$ & $-0.0222195$ & $-0.0144192$ & $-0.0318549$ & $-0.0281278$ & $0.0155697$ & $-0.000408967$ & $-0.0357872$ & $-0.0390404$ & $-0.0391823$ & $0.0355144$ & $0.0180663$ & $0.0338264$ & $-0.0134108$ & $-0.0213538$ & $-0.0393127$ & $0.0123288$ & $0.00938899$ & $0.0375284$ & $-0.00850723$ & $-0.00634364$ & $0.0460959$ & $0.0337395$ & $-0.00162288$ & $-9.82867e-07$ & $0.0105644$ & $-0.0125519$ & $0.0175539$ & $-0.0109514$ & $-0.0121396$ & $-0.00103185$ & $0.0113285$ & $0.0356099$ & $-0.0205772$ & $0.0232596$ & $-0.0112169$ & $1$ & $-0.0178731$ & $0.0319076$ & $0.0234641$ \\
eHccpar & $0.0246846$ & $-0.0512083$ & $0.0114084$ & $0.0467523$ & $0.0289265$ & $-0.0243011$ & $0.023557$ & $0.00560707$ & $0.00793564$ & $-0.00407187$ & $-0.000309499$ & $-0.00191259$ & $0.010056$ & $-0.0189284$ & $0.0107788$ & $0.00679775$ & $-0.000101322$ & $-0.0185527$ & $-0.0048368$ & $0.00360306$ & $-0.00488087$ & $-0.00977936$ & $0.00906193$ & $0.00021559$ & $-0.0137626$ & $-0.0146442$ & $-0.00722255$ & $0.0132103$ & $0.0227684$ & $-0.0163798$ & $0.296706$ & $0.0204323$ & $-0.0287115$ & $-0.0129887$ & $-0.0499033$ & $0.0821183$ & $-0.0256594$ & $0.0247683$ & $-0.0408519$ & $0.0299246$ & $-0.0539204$ & $0.00574658$ & $0.0784215$ & $-0.0149638$ & $0.00956784$ & $-0.0178731$ & $1$ & $-0.00675371$ & $-0.0424712$ \\
eHbbint & $0.00676815$ & $-0.0174385$ & $-0.0242645$ & $-0.00529519$ & $0.00247414$ & $-0.0214004$ & $-0.010972$ & $0.0134094$ & $0.0137056$ & $-0.00472094$ & $-0.0164668$ & $-0.0146749$ & $-0.0063733$ & $-0.0150882$ & $-0.0105656$ & $-0.0171643$ & $0.0091586$ & $-0.006303$ & $-0.00667255$ & $0.00590684$ & $0.0161901$ & $0.0247677$ & $-0.0111734$ & $-0.0146236$ & $-0.00552143$ & $0.00626171$ & $0.0108997$ & $0.0114868$ & $0.00242768$ & $-0.00524072$ & $0.0133906$ & $-0.0117578$ & $0.121148$ & $0.0107594$ & $-0.0137894$ & $-0.00537734$ & $-0.00624619$ & $0.0322034$ & $-0.00870394$ & $0.0492434$ & $-0.0142844$ & $-0.018989$ & $0.0542659$ & $0.0134127$ & $-0.0365642$ & $0.0319076$ & $-0.00675371$ & $1$ & $-0.00589246$ \\
eHbbpar & $0.0275741$ & $0.0180395$ & $-0.0343448$ & $-0.0142375$ & $-0.00926027$ & $-0.00175428$ & $0.0104651$ & $-0.0159555$ & $-0.0164579$ & $0.00257258$ & $0.0176546$ & $0.0033396$ & $-0.0103738$ & $-0.0262715$ & $-0.0370593$ & $-0.0146199$ & $-0.00317774$ & $0.012287$ & $0.00908766$ & $-0.0197658$ & $-0.0202294$ & $-0.0157151$ & $0.0271714$ & $0.000614124$ & $0.00677927$ & $-0.00676777$ & $0.019054$ & $0.0184414$ & $0.0112521$ & $-0.0112698$ & $-0.0288638$ & $0.0199725$ & $0.347061$ & $0.00681358$ & $-0.0388187$ & $-0.0626482$ & $0.0402337$ & $-0.0219863$ & $-0.0399038$ & $-0.0159967$ & $0.00105844$ & $0.011772$ & $-0.032628$ & $-0.0173095$ & $0.00342944$ & $0.0234641$ & $-0.0424712$ & $-0.00589246$ & $1$ \\
