 & AlsMz & dAle5Mz & mtop & mHl & Mz & CW & CHG & CHWB & CHWHB_gaga & CHWHB_gagaorth & CHD & CHbox & CH & CHL1_11 & CHL1_22 & CHL1_33 & CHL3_11 & CHL3_22 & CHL3_33 & CHe_11 & CHe_22 & CHe_33 & CHQ1_11 & CHQ1_33 & CHQ3_11 & CHu_11 & CHd_11 & CHd_33 & CeH_22r & CeH_33r & CuH_22r & CuH_33r & CdH_33r & CLL_1221 & eHggpar & eHWWpar & eHZZpar & eHZgapar & eHccpar & eHbbpar \\
AlsMz & $1$ & $0.0673303$ & $-0.084797$ & $0.0628198$ & $0.00222118$ & $-0.0145589$ & $0.0293211$ & $-0.0525936$ & $-0.049257$ & $0.0202628$ & $0.0407631$ & $0.0250379$ & $-0.0288319$ & $-0.0147084$ & $-0.00956765$ & $0.0211155$ & $0.0163678$ & $0.022082$ & $0.00696471$ & $-0.0446867$ & $-0.0447658$ & $-0.0349403$ & $0.0037481$ & $0.00347576$ & $-0.0493288$ & $0.00262305$ & $-0.0257839$ & $0.0236636$ & $-0.0125343$ & $-0.00238178$ & $0.00701232$ & $0.0314457$ & $-0.0280981$ & $-0.0180721$ & $-0.0135914$ & $-0.0115094$ & $-0.0581678$ & $-0.00831124$ & $-0.00583197$ & $-0.0535596$ \\
dAle5Mz & $0.0673303$ & $1$ & $0.00307188$ & $0.00709299$ & $-0.0143295$ & $0.0288936$ & $-0.0239501$ & $-0.258559$ & $-0.258344$ & $0.124633$ & $0.267846$ & $0.0921495$ & $-0.00363382$ & $-0.0386214$ & $-0.0474521$ & $-0.0354003$ & $0.0859092$ & $0.0857254$ & $0.0763949$ & $-0.218142$ & $-0.149369$ & $-0.131813$ & $-0.00762352$ & $0.0676367$ & $0.0845273$ & $0.0442332$ & $-0.028256$ & $-0.0181602$ & $-0.00826419$ & $0.015733$ & $0.00937076$ & $-0.0118809$ & $0.0134684$ & $0.0145518$ & $0.0190759$ & $-0.0428178$ & $-0.0105481$ & $-0.0286182$ & $-0.0290235$ & $0.00172869$ \\
mtop & $-0.084797$ & $0.00307188$ & $1$ & $-0.0285297$ & $0.0327332$ & $-0.0242039$ & $0.00284217$ & $0.0245841$ & $0.0242057$ & $-0.0183261$ & $0.103344$ & $-0.0165962$ & $-0.022519$ & $0.00214107$ & $-0.0146763$ & $-0.0247269$ & $-0.018913$ & $-0.00542305$ & $0.00382938$ & $0.0281961$ & $0.0304541$ & $0.0130854$ & $-0.00339579$ & $0.0220947$ & $-0.00792383$ & $-0.0141088$ & $0.0114787$ & $0.0124624$ & $0.0145409$ & $-0.009716$ & $-0.0191705$ & $0.000849316$ & $-0.0131949$ & $0.0327543$ & $-0.0267941$ & $0.034967$ & $0.0522132$ & $-0.00362768$ & $-0.06037$ & $0.0318982$ \\
mHl & $0.0628198$ & $0.00709299$ & $-0.0285297$ & $1$ & $-0.00222309$ & $-0.00731677$ & $0.0122883$ & $0.0162523$ & $0.0147486$ & $-0.00258358$ & $-0.0240846$ & $-0.0143651$ & $-0.00739737$ & $0.013943$ & $0.00449565$ & $0.0102569$ & $0.00484783$ & $0.000257101$ & $-0.0146358$ & $0.00945635$ & $0.0186241$ & $0.0261597$ & $0.0230283$ & $-0.00466365$ & $-0.000661568$ & $-0.0220236$ & $0.00689998$ & $0.0104343$ & $-0.0174851$ & $-0.0119619$ & $-0.0228221$ & $0.00416647$ & $0.006145$ & $0.0157661$ & $-0.00363145$ & $0.00858725$ & $0.0107201$ & $-0.0101154$ & $-0.0817261$ & $0.0400502$ \\
Mz & $0.00222118$ & $-0.0143295$ & $0.0327332$ & $-0.00222309$ & $1$ & $0.00709932$ & $0.01425$ & $0.00204258$ & $0.00231591$ & $0.0135266$ & $0.0315443$ & $0.028285$ & $-0.0173606$ & $0.0162456$ & $0.0367328$ & $0.0346576$ & $0.00969274$ & $-0.0115633$ & $-0.0126202$ & $0.0202574$ & $0.0050986$ & $0.00613527$ & $-0.0229154$ & $0.00772541$ & $-0.0165985$ & $0.000798744$ & $-0.033763$ & $0.00450513$ & $0.00788328$ & $0.0079357$ & $-0.0177119$ & $0.0100324$ & $-0.0060772$ & $-0.0276721$ & $0.00796194$ & $-0.000335357$ & $-0.0191147$ & $-0.021274$ & $-0.00513429$ & $-0.000409575$ \\
CW & $-0.0145589$ & $0.0288936$ & $-0.0242039$ & $-0.00731677$ & $0.00709932$ & $1$ & $-0.0278222$ & $-0.0942514$ & $-0.0941275$ & $0.0167841$ & $0.099234$ & $0.00277801$ & $0.0205465$ & $0.215157$ & $0.0509642$ & $0.0466972$ & $-0.147375$ & $-0.0250546$ & $-0.0108178$ & $-0.101387$ & $-0.092626$ & $-0.0869577$ & $-0.0456006$ & $0.0703784$ & $-0.0311643$ & $0.0415167$ & $-0.129495$ & $-0.0141086$ & $-0.0136967$ & $0.0171173$ & $0.0156254$ & $-0.0268126$ & $0.0202359$ & $-0.191613$ & $0.0154484$ & $-0.0402773$ & $-8.61376e-05$ & $-0.00536753$ & $0.00908277$ & $0.0166049$ \\
CHG & $0.0293211$ & $-0.0239501$ & $0.00284217$ & $0.0122883$ & $0.01425$ & $-0.0278222$ & $1$ & $0.0359872$ & $0.0605866$ & $0.0156283$ & $-0.0360518$ & $0.139609$ & $-0.608869$ & $-0.0174685$ & $0.00979862$ & $0.0164671$ & $-0.0202741$ & $-0.00919909$ & $-0.0166698$ & $0.0585282$ & $0.0328124$ & $0.0182635$ & $0.00101161$ & $-0.0173002$ & $-0.0107371$ & $-0.0104776$ & $0.0131359$ & $0.0112304$ & $-0.0234157$ & $-0.305705$ & $-0.1707$ & $0.929967$ & $-0.331829$ & $0.0185918$ & $-0.0458378$ & $0.017545$ & $0.00963208$ & $0.0206304$ & $-0.0272543$ & $-0.0232175$ \\
CHWB & $-0.0525936$ & $-0.258559$ & $0.0245841$ & $0.0162523$ & $0.00204258$ & $-0.0942514$ & $0.0359872$ & $1$ & $0.994977$ & $-0.565605$ & $-0.891118$ & $-0.150557$ & $-0.0424294$ & $-0.295122$ & $-0.0139851$ & $-0.018871$ & $-0.648758$ & $-0.551157$ & $-0.552098$ & $0.883818$ & $0.680167$ & $0.658085$ & $0.0720834$ & $-0.683335$ & $-0.603355$ & $-0.195913$ & $0.439605$ & $0.13491$ & $0.0190926$ & $-0.0269858$ & $-0.0276906$ & $0.0244793$ & $-0.0512878$ & $0.654433$ & $-0.0286918$ & $0.0149827$ & $0.00113774$ & $-0.0122838$ & $0.000732054$ & $0.00268572$ \\
CHWHB_gaga & $-0.049257$ & $-0.258344$ & $0.0242057$ & $0.0147486$ & $0.00231591$ & $-0.0941275$ & $0.0605866$ & $0.994977$ & $1$ & $-0.565024$ & $-0.886231$ & $-0.134237$ & $-0.0459129$ & $-0.297433$ & $-0.0120008$ & $-0.0178582$ & $-0.64852$ & $-0.55129$ & $-0.551373$ & $0.882114$ & $0.676524$ & $0.653793$ & $0.0721835$ & $-0.680114$ & $-0.601598$ & $-0.195312$ & $0.437243$ & $0.135296$ & $0.0233666$ & $-0.00975431$ & $-0.0190765$ & $0.0468039$ & $-0.0336657$ & $0.647964$ & $-0.0327532$ & $0.00971251$ & $0.000238784$ & $-0.011281$ & $-0.00182307$ & $0.00188587$ \\
CHWHB_gagaorth & $0.0202628$ & $0.124633$ & $-0.0183261$ & $-0.00258358$ & $0.0135266$ & $0.0167841$ & $0.0156283$ & $-0.565605$ & $-0.565024$ & $1$ & $0.255166$ & $0.32532$ & $-0.0394925$ & $0.668896$ & $0.12035$ & $0.127194$ & $0.771068$ & $0.578258$ & $0.57619$ & $-0.333607$ & $-0.240863$ & $-0.237816$ & $-0.0886147$ & $0.589518$ & $0.636407$ & $0.0799726$ & $-0.342351$ & $-0.0601897$ & $-0.0172074$ & $-0.0410203$ & $-0.013427$ & $0.0372833$ & $-0.0217343$ & $-0.420529$ & $0.017117$ & $-0.0100926$ & $-0.00221256$ & $0.000780241$ & $-0.00183502$ & $-6.94101e-05$ \\
CHD & $0.0407631$ & $0.267846$ & $0.103344$ & $-0.0240846$ & $0.0315443$ & $0.099234$ & $-0.0360518$ & $-0.891118$ & $-0.886231$ & $0.255166$ & $1$ & $0.120628$ & $0.0453855$ & $-0.0591877$ & $-0.0709811$ & $-0.0644919$ & $0.321695$ & $0.322499$ & $0.323391$ & $-0.895363$ & $-0.702334$ & $-0.680428$ & $-0.0404931$ & $0.472913$ & $0.350928$ & $0.203767$ & $-0.324756$ & $-0.135618$ & $-0.0181953$ & $0.0324634$ & $0.0295921$ & $-0.0253354$ & $0.0461179$ & $-0.517459$ & $0.0218204$ & $-0.0113389$ & $0.00490807$ & $0.00819237$ & $-0.00151066$ & $-0.00497444$ \\
CHbox & $0.0250379$ & $0.0921495$ & $-0.0165962$ & $-0.0143651$ & $0.028285$ & $0.00277801$ & $0.139609$ & $-0.150557$ & $-0.134237$ & $0.32532$ & $0.120628$ & $1$ & $-0.223485$ & $-0.0794035$ & $0.0362309$ & $0.0625118$ & $0.00396198$ & $0.0322396$ & $0.0125902$ & $0.0725$ & $-0.0570961$ & $-0.0653339$ & $0.0138573$ & $0.0635696$ & $0.0379394$ & $0.00216435$ & $-0.0581514$ & $-0.0243131$ & $0.0150949$ & $0.135509$ & $0.00551582$ & $0.235413$ & $0.107597$ & $-0.202211$ & $0.0401149$ & $-0.0118355$ & $-0.0327638$ & $0.00816625$ & $-0.00636459$ & $-0.0221562$ \\
CH & $-0.0288319$ & $-0.00363382$ & $-0.022519$ & $-0.00739737$ & $-0.0173606$ & $0.0205465$ & $-0.608869$ & $-0.0424294$ & $-0.0459129$ & $-0.0394925$ & $0.0453855$ & $-0.223485$ & $1$ & $0.00477369$ & $-0.00765035$ & $-0.00717252$ & $0.022337$ & $0.00213608$ & $0.00430173$ & $-0.0728767$ & $-0.0329166$ & $-0.0290772$ & $0.0104387$ & $0.0239709$ & $0.0130217$ & $0.00898553$ & $-0.00971383$ & $-0.00518565$ & $0.0833174$ & $0.443198$ & $0.219189$ & $-0.52574$ & $0.446333$ & $-0.0276604$ & $0.0641943$ & $-0.0218317$ & $-0.0203343$ & $-0.0185864$ & $0.00708443$ & $0.00402738$ \\
CHL1_11 & $-0.0147084$ & $-0.0386214$ & $0.00214107$ & $0.013943$ & $0.0162456$ & $0.215157$ & $-0.0174685$ & $-0.295122$ & $-0.297433$ & $0.668896$ & $-0.0591877$ & $-0.0794035$ & $0.00477369$ & $1$ & $0.181992$ & $0.174275$ & $0.617981$ & $0.505915$ & $0.518134$ & $-0.143207$ & $-0.0442568$ & $-0.0483586$ & $-0.0924388$ & $0.519855$ & $0.544389$ & $0.0225099$ & $-0.326913$ & $-0.0261269$ & $-0.0118701$ & $-0.0144657$ & $-7.4361e-05$ & $-0.0284127$ & $0.0165798$ & $-0.327401$ & $0.00610749$ & $-0.00101378$ & $0.00505327$ & $-0.00388969$ & $-0.00721401$ & $0.0148906$ \\
CHL1_22 & $-0.00956765$ & $-0.0474521$ & $-0.0146763$ & $0.00449565$ & $0.0367328$ & $0.0509642$ & $0.00979862$ & $-0.0139851$ & $-0.0120008$ & $0.12035$ & $-0.0709811$ & $0.0362309$ & $-0.00765035$ & $0.181992$ & $1$ & $0.363613$ & $0.0821642$ & $-0.446867$ & $-0.109536$ & $0.0678428$ & $-0.137732$ & $-0.0883319$ & $-0.110139$ & $0.225102$ & $-0.152159$ & $0.0149016$ & $-0.483809$ & $-0.0264286$ & $-0.0172216$ & $0.00159368$ & $-0.00345883$ & $0.0113046$ & $0.00790029$ & $-0.550594$ & $-0.0177955$ & $0.0229591$ & $-0.0134973$ & $-0.00860597$ & $0.000442831$ & $0.0074038$ \\
CHL1_33 & $0.0211155$ & $-0.0354003$ & $-0.0247269$ & $0.0102569$ & $0.0346576$ & $0.0466972$ & $0.0164671$ & $-0.018871$ & $-0.0178582$ & $0.127194$ & $-0.0644919$ & $0.0625118$ & $-0.00717252$ & $0.174275$ & $0.363613$ & $1$ & $0.0723982$ & $-0.105598$ & $-0.434703$ & $0.0694471$ & $-0.099163$ & $-0.168587$ & $-0.0978639$ & $0.224478$ & $-0.149964$ & $0.0262452$ & $-0.471861$ & $-0.0194368$ & $0.00954936$ & $-0.00509643$ & $0.00521629$ & $0.021075$ & $-0.0037387$ & $-0.247638$ & $-0.00898418$ & $0.0174695$ & $-0.0275929$ & $-0.0097128$ & $0.0196937$ & $0.0150524$ \\
CHL3_11 & $0.0163678$ & $0.0859092$ & $-0.018913$ & $0.00484783$ & $0.00969274$ & $-0.147375$ & $-0.0202741$ & $-0.648758$ & $-0.64852$ & $0.771068$ & $0.321695$ & $0.00396198$ & $0.022337$ & $0.617981$ & $0.0821642$ & $0.0723982$ & $1$ & $0.684717$ & $0.689897$ & $-0.487361$ & $-0.298655$ & $-0.287313$ & $-0.0678895$ & $0.671782$ & $0.764099$ & $0.0850235$ & $-0.330426$ & $-0.0665345$ & $-0.0161599$ & $-0.00486663$ & $0.013169$ & $-0.0234323$ & $0.030755$ & $-0.362722$ & $0.0132653$ & $0.00213339$ & $0.0150865$ & $0.00377551$ & $-0.000965732$ & $0.00646527$ \\
CHL3_22 & $0.022082$ & $0.0857254$ & $-0.00542305$ & $0.000257101$ & $-0.0115633$ & $-0.0250546$ & $-0.00919909$ & $-0.551157$ & $-0.55129$ & $0.578258$ & $0.322499$ & $0.0322396$ & $0.00213608$ & $0.505915$ & $-0.446867$ & $-0.105598$ & $0.684717$ & $1$ & $0.654029$ & $-0.424335$ & $-0.23374$ & $-0.229925$ & $0.00933562$ & $0.47897$ & $0.77181$ & $0.0735667$ & $-0.0233188$ & $-0.0540393$ & $0.00331149$ & $-0.0169578$ & $0.00652297$ & $-0.0145256$ & $0.00669762$ & $0.0822276$ & $0.0334959$ & $-0.00940993$ & $0.0157015$ & $0.0102656$ & $-0.014271$ & $0.00158411$ \\
CHL3_33 & $0.00696471$ & $0.0763949$ & $0.00382938$ & $-0.0146358$ & $-0.0126202$ & $-0.0108178$ & $-0.0166698$ & $-0.552098$ & $-0.551373$ & $0.57619$ & $0.323391$ & $0.0125902$ & $0.00430173$ & $0.518134$ & $-0.109536$ & $-0.434703$ & $0.689897$ & $0.654029$ & $1$ & $-0.433936$ & $-0.231433$ & $-0.227536$ & $-0.0033231$ & $0.480327$ & $0.772376$ & $0.0670096$ & $-0.0332475$ & $-0.0611004$ & $-0.0184462$ & $-0.0134692$ & $0.00572748$ & $-0.0196241$ & $0.0164165$ & $-0.230884$ & $0.0214662$ & $-0.0037216$ & $0.0241751$ & $0.00890658$ & $-0.00956744$ & $-0.00470733$ \\
CHe_11 & $-0.0446867$ & $-0.218142$ & $0.0281961$ & $0.00945635$ & $0.0202574$ & $-0.101387$ & $0.0585282$ & $0.883818$ & $0.882114$ & $-0.333607$ & $-0.895363$ & $0.0725$ & $-0.0728767$ & $-0.143207$ & $0.0678428$ & $0.0694471$ & $-0.487361$ & $-0.424335$ & $-0.433936$ & $1$ & $0.69092$ & $0.670715$ & $0.0551368$ & $-0.546359$ & $-0.46147$ & $-0.211383$ & $0.345807$ & $0.139263$ & $0.0214738$ & $-0.0396402$ & $-0.0444649$ & $0.0614202$ & $-0.0693235$ & $0.468622$ & $-0.0205258$ & $0.00986635$ & $-0.00873429$ & $-0.00780803$ & $-0.00807509$ & $0.00316349$ \\
CHe_22 & $-0.0447658$ & $-0.149369$ & $0.0304541$ & $0.0186241$ & $0.0050986$ & $-0.092626$ & $0.0328124$ & $0.680167$ & $0.676524$ & $-0.240863$ & $-0.702334$ & $-0.0570961$ & $-0.0329166$ & $-0.0442568$ & $-0.137732$ & $-0.099163$ & $-0.298655$ & $-0.23374$ & $-0.231433$ & $0.69092$ & $1$ & $0.581435$ & $0.0612484$ & $-0.478747$ & $-0.278052$ & $-0.176992$ & $0.415695$ & $0.126639$ & $0.0196007$ & $-0.0163777$ & $-0.0305195$ & $0.0318661$ & $-0.031057$ & $0.459128$ & $-0.00428108$ & $0.00303178$ & $0.00184455$ & $-0.00791184$ & $-0.0299847$ & $0.0186556$ \\
CHe_33 & $-0.0349403$ & $-0.131813$ & $0.0130854$ & $0.0261597$ & $0.00613527$ & $-0.0869577$ & $0.0182635$ & $0.658085$ & $0.653793$ & $-0.237816$ & $-0.680428$ & $-0.0653339$ & $-0.0290772$ & $-0.0483586$ & $-0.0883319$ & $-0.168587$ & $-0.287313$ & $-0.229925$ & $-0.227536$ & $0.670715$ & $0.581435$ & $1$ & $0.0818994$ & $-0.460697$ & $-0.267982$ & $-0.170983$ & $0.412194$ & $0.120886$ & $0.0143222$ & $-0.0162262$ & $-0.0304437$ & $0.0137987$ & $-0.032505$ & $0.444843$ & $-0.0283826$ & $0.00306224$ & $-0.00281413$ & $-0.0148285$ & $0.000762257$ & $0.0093303$ \\
CHQ1_11 & $0.0037481$ & $-0.00762352$ & $-0.00339579$ & $0.0230283$ & $-0.0229154$ & $-0.0456006$ & $0.00101161$ & $0.0720834$ & $0.0721835$ & $-0.0886147$ & $-0.0404931$ & $0.0138573$ & $0.0104387$ & $-0.0924388$ & $-0.110139$ & $-0.0978639$ & $-0.0678895$ & $0.00933562$ & $-0.0033231$ & $0.0551368$ & $0.0612484$ & $0.0818994$ & $1$ & $-0.114147$ & $0.039042$ & $-0.596069$ & $0.271815$ & $0.0100244$ & $0.0141783$ & $0.0177187$ & $0.000793481$ & $0.00334338$ & $-0.00538379$ & $0.128643$ & $0.0120847$ & $0.0172409$ & $0.0184726$ & $-0.00416771$ & $0.00129442$ & $-0.00584758$ \\
CHQ1_33 & $0.00347576$ & $0.0676367$ & $0.0220947$ & $-0.00466365$ & $0.00772541$ & $0.0703784$ & $-0.0173002$ & $-0.683335$ & $-0.680114$ & $0.589518$ & $0.472913$ & $0.0635696$ & $0.0239709$ & $0.519855$ & $0.225102$ & $0.224478$ & $0.671782$ & $0.47897$ & $0.480327$ & $-0.546359$ & $-0.478747$ & $-0.460697$ & $-0.114147$ & $1$ & $0.553622$ & $0.141758$ & $-0.43851$ & $0.01433$ & $-0.00827114$ & $0.0145709$ & $0.0101049$ & $-0.0167604$ & $0.0246409$ & $-0.539551$ & $0.0127311$ & $0.00664167$ & $-0.0141099$ & $-0.000113097$ & $-0.015334$ & $-0.0127417$ \\
CHQ3_11 & $-0.0493288$ & $0.0845273$ & $-0.00792383$ & $-0.000661568$ & $-0.0165985$ & $-0.0311643$ & $-0.0107371$ & $-0.603355$ & $-0.601598$ & $0.636407$ & $0.350928$ & $0.0379394$ & $0.0130217$ & $0.544389$ & $-0.152159$ & $-0.149964$ & $0.764099$ & $0.77181$ & $0.772376$ & $-0.46147$ & $-0.278052$ & $-0.267982$ & $0.039042$ & $0.553622$ & $1$ & $0.0814389$ & $0.0700633$ & $-0.0703087$ & $-0.00416638$ & $-0.0164681$ & $0.0129049$ & $-0.0104089$ & $0.0247468$ & $-0.199239$ & $0.0306874$ & $-0.00468263$ & $0.0189962$ & $0.0100263$ & $-0.0151469$ & $0.0103003$ \\
CHu_11 & $0.00262305$ & $0.0442332$ & $-0.0141088$ & $-0.0220236$ & $0.000798744$ & $0.0415167$ & $-0.0104776$ & $-0.195913$ & $-0.195312$ & $0.0799726$ & $0.203767$ & $0.00216435$ & $0.00898553$ & $0.0225099$ & $0.0149016$ & $0.0262452$ & $0.0850235$ & $0.0735667$ & $0.0670096$ & $-0.211383$ & $-0.176992$ & $-0.170983$ & $-0.596069$ & $0.141758$ & $0.0814389$ & $1$ & $0.0588586$ & $-0.0399981$ & $-0.0236701$ & $0.00762692$ & $0.022602$ & $-0.00422218$ & $0.0216901$ & $-0.121651$ & $-0.00634856$ & $-0.0221309$ & $-0.0166305$ & $0.00644119$ & $-0.00171635$ & $-0.0109813$ \\
CHd_11 & $-0.0257839$ & $-0.028256$ & $0.0114787$ & $0.00689998$ & $-0.033763$ & $-0.129495$ & $0.0131359$ & $0.439605$ & $0.437243$ & $-0.342351$ & $-0.324756$ & $-0.0581514$ & $-0.00971383$ & $-0.326913$ & $-0.483809$ & $-0.471861$ & $-0.330426$ & $-0.0233188$ & $-0.0332475$ & $0.345807$ & $0.415695$ & $0.412194$ & $0.271815$ & $-0.43851$ & $0.0700633$ & $0.0588586$ & $1$ & $0.0660773$ & $0.0130689$ & $-0.00991235$ & $-0.00243874$ & $0.0133199$ & $-0.0161639$ & $0.610222$ & $0.00872368$ & $-0.00375671$ & $0.0194735$ & $-0.002229$ & $-0.0141075$ & $-0.00414302$ \\
CHd_33 & $0.0236636$ & $-0.0181602$ & $0.0124624$ & $0.0104343$ & $0.00450513$ & $-0.0141086$ & $0.0112304$ & $0.13491$ & $0.135296$ & $-0.0601897$ & $-0.135618$ & $-0.0243131$ & $-0.00518565$ & $-0.0261269$ & $-0.0264286$ & $-0.0194368$ & $-0.0665345$ & $-0.0540393$ & $-0.0611004$ & $0.139263$ & $0.126639$ & $0.120886$ & $0.0100244$ & $0.01433$ & $-0.0703087$ & $-0.0399981$ & $0.0660773$ & $1$ & $0.00598153$ & $0.00522966$ & $0.00623779$ & $0.014818$ & $-0.000976593$ & $0.0897886$ & $-0.00287162$ & $0.00847378$ & $-0.00217307$ & $0.00495492$ & $0.00843169$ & $-0.00440424$ \\
CeH_22r & $-0.0125343$ & $-0.00826419$ & $0.0145409$ & $-0.0174851$ & $0.00788328$ & $-0.0136967$ & $-0.0234157$ & $0.0190926$ & $0.0233666$ & $-0.0172074$ & $-0.0181953$ & $0.0150949$ & $0.0833174$ & $-0.0118701$ & $-0.0172216$ & $0.00954936$ & $-0.0161599$ & $0.00331149$ & $-0.0184462$ & $0.0214738$ & $0.0196007$ & $0.0143222$ & $0.0141783$ & $-0.00827114$ & $-0.00416638$ & $-0.0236701$ & $0.0130689$ & $0.00598153$ & $1$ & $0.0682327$ & $0.0206228$ & $-0.0289934$ & $0.0758917$ & $0.0208474$ & $-0.0177208$ & $-0.00431534$ & $-0.0136525$ & $-0.00103728$ & $-0.0197202$ & $0.00959516$ \\
CeH_33r & $-0.00238178$ & $0.015733$ & $-0.009716$ & $-0.0119619$ & $0.0079357$ & $0.0171173$ & $-0.305705$ & $-0.0269858$ & $-0.00975431$ & $-0.0410203$ & $0.0324634$ & $0.135509$ & $0.443198$ & $-0.0144657$ & $0.00159368$ & $-0.00509643$ & $-0.00486663$ & $-0.0169578$ & $-0.0134692$ & $-0.0396402$ & $-0.0163777$ & $-0.0162262$ & $0.0177187$ & $0.0145709$ & $-0.0164681$ & $0.00762692$ & $-0.00991235$ & $0.00522966$ & $0.0682327$ & $1$ & $0.358296$ & $-0.120794$ & $0.712657$ & $-0.0310101$ & $0.00793967$ & $-0.0737377$ & $-0.0190146$ & $-0.00801167$ & $-0.00210308$ & $-0.00778217$ \\
CuH_22r & $0.00701232$ & $0.00937076$ & $-0.0191705$ & $-0.0228221$ & $-0.0177119$ & $0.0156254$ & $-0.1707$ & $-0.0276906$ & $-0.0190765$ & $-0.013427$ & $0.0295921$ & $0.00551582$ & $0.219189$ & $-7.4361e-05$ & $-0.00345883$ & $0.00521629$ & $0.013169$ & $0.00652297$ & $0.00572748$ & $-0.0444649$ & $-0.0305195$ & $-0.0304437$ & $0.000793481$ & $0.0101049$ & $0.0129049$ & $0.022602$ & $-0.00243874$ & $0.00623779$ & $0.0206228$ & $0.358296$ & $1$ & $-0.054973$ & $0.400909$ & $-0.0100183$ & $-0.00274289$ & $-0.0508744$ & $0.012137$ & $-0.00782726$ & $0.271654$ & $0.0128753$ \\
CuH_33r & $0.0314457$ & $-0.0118809$ & $0.000849316$ & $0.00416647$ & $0.0100324$ & $-0.0268126$ & $0.929967$ & $0.0244793$ & $0.0468039$ & $0.0372833$ & $-0.0253354$ & $0.235413$ & $-0.52574$ & $-0.0284127$ & $0.0113046$ & $0.021075$ & $-0.0234323$ & $-0.0145256$ & $-0.0196241$ & $0.0614202$ & $0.0318661$ & $0.0137987$ & $0.00334338$ & $-0.0167604$ & $-0.0104089$ & $-0.00422218$ & $0.0133199$ & $0.014818$ & $-0.0289934$ & $-0.120794$ & $-0.054973$ & $1$ & $-0.107417$ & $0.000133307$ & $-0.016248$ & $0.000426725$ & $0.0153312$ & $0.0213122$ & $-0.020843$ & $-0.0237703$ \\
CdH_33r & $-0.0280981$ & $0.0134684$ & $-0.0131949$ & $0.006145$ & $-0.0060772$ & $0.0202359$ & $-0.331829$ & $-0.0512878$ & $-0.0336657$ & $-0.0217343$ & $0.0461179$ & $0.107597$ & $0.446333$ & $0.0165798$ & $0.00790029$ & $-0.0037387$ & $0.030755$ & $0.00669762$ & $0.0164165$ & $-0.0693235$ & $-0.031057$ & $-0.032505$ & $-0.00538379$ & $0.0246409$ & $0.0247468$ & $0.0216901$ & $-0.0161639$ & $-0.000976593$ & $0.0758917$ & $0.712657$ & $0.400909$ & $-0.107417$ & $1$ & $-0.0440827$ & $0.0191021$ & $-0.0930623$ & $-0.00597191$ & $0.000497421$ & $0.0152035$ & $0.3445$ \\
CLL_1221 & $-0.0180721$ & $0.0145518$ & $0.0327543$ & $0.0157661$ & $-0.0276721$ & $-0.191613$ & $0.0185918$ & $0.654433$ & $0.647964$ & $-0.420529$ & $-0.517459$ & $-0.202211$ & $-0.0276604$ & $-0.327401$ & $-0.550594$ & $-0.247638$ & $-0.362722$ & $0.0822276$ & $-0.230884$ & $0.468622$ & $0.459128$ & $0.444843$ & $0.128643$ & $-0.539551$ & $-0.199239$ & $-0.121651$ & $0.610222$ & $0.0897886$ & $0.0208474$ & $-0.0310101$ & $-0.0100183$ & $0.000133307$ & $-0.0440827$ & $1$ & $-0.00361924$ & $0.00105633$ & $0.0201717$ & $-0.0147803$ & $-0.00664761$ & $-0.00183142$ \\
eHggpar & $-0.0135914$ & $0.0190759$ & $-0.0267941$ & $-0.00363145$ & $0.00796194$ & $0.0154484$ & $-0.0458378$ & $-0.0286918$ & $-0.0327532$ & $0.017117$ & $0.0218204$ & $0.0401149$ & $0.0641943$ & $0.00610749$ & $-0.0177955$ & $-0.00898418$ & $0.0132653$ & $0.0334959$ & $0.0214662$ & $-0.0205258$ & $-0.00428108$ & $-0.0283826$ & $0.0120847$ & $0.0127311$ & $0.0306874$ & $-0.00634856$ & $0.00872368$ & $-0.00287162$ & $-0.0177208$ & $0.00793967$ & $-0.00274289$ & $-0.016248$ & $0.0191021$ & $-0.00361924$ & $1$ & $0.0499262$ & $0.0140545$ & $0.00089232$ & $-0.045168$ & $0.0156028$ \\
eHWWpar & $-0.0115094$ & $-0.0428178$ & $0.034967$ & $0.00858725$ & $-0.000335357$ & $-0.0402773$ & $0.017545$ & $0.0149827$ & $0.00971251$ & $-0.0100926$ & $-0.0113389$ & $-0.0118355$ & $-0.0218317$ & $-0.00101378$ & $0.0229591$ & $0.0174695$ & $0.00213339$ & $-0.00940993$ & $-0.0037216$ & $0.00986635$ & $0.00303178$ & $0.00306224$ & $0.0172409$ & $0.00664167$ & $-0.00468263$ & $-0.0221309$ & $-0.00375671$ & $0.00847378$ & $-0.00431534$ & $-0.0737377$ & $-0.0508744$ & $0.000426725$ & $-0.0930623$ & $0.00105633$ & $0.0499262$ & $1$ & $-0.005306$ & $-0.017785$ & $0.0218047$ & $-0.0118416$ \\
eHZZpar & $-0.0581678$ & $-0.0105481$ & $0.0522132$ & $0.0107201$ & $-0.0191147$ & $-8.61376e-05$ & $0.00963208$ & $0.00113774$ & $0.000238784$ & $-0.00221256$ & $0.00490807$ & $-0.0327638$ & $-0.0203343$ & $0.00505327$ & $-0.0134973$ & $-0.0275929$ & $0.0150865$ & $0.0157015$ & $0.0241751$ & $-0.00873429$ & $0.00184455$ & $-0.00281413$ & $0.0184726$ & $-0.0141099$ & $0.0189962$ & $-0.0166305$ & $0.0194735$ & $-0.00217307$ & $-0.0136525$ & $-0.0190146$ & $0.012137$ & $0.0153312$ & $-0.00597191$ & $0.0201717$ & $0.0140545$ & $-0.005306$ & $1$ & $-0.00532702$ & $0.0567058$ & $0.0288125$ \\
eHZgapar & $-0.00831124$ & $-0.0286182$ & $-0.00362768$ & $-0.0101154$ & $-0.021274$ & $-0.00536753$ & $0.0206304$ & $-0.0122838$ & $-0.011281$ & $0.000780241$ & $0.00819237$ & $0.00816625$ & $-0.0185864$ & $-0.00388969$ & $-0.00860597$ & $-0.0097128$ & $0.00377551$ & $0.0102656$ & $0.00890658$ & $-0.00780803$ & $-0.00791184$ & $-0.0148285$ & $-0.00416771$ & $-0.000113097$ & $0.0100263$ & $0.00644119$ & $-0.002229$ & $0.00495492$ & $-0.00103728$ & $-0.00801167$ & $-0.00782726$ & $0.0213122$ & $0.000497421$ & $-0.0147803$ & $0.00089232$ & $-0.017785$ & $-0.00532702$ & $1$ & $-0.0192143$ & $-0.00252782$ \\
eHccpar & $-0.00583197$ & $-0.0290235$ & $-0.06037$ & $-0.0817261$ & $-0.00513429$ & $0.00908277$ & $-0.0272543$ & $0.000732054$ & $-0.00182307$ & $-0.00183502$ & $-0.00151066$ & $-0.00636459$ & $0.00708443$ & $-0.00721401$ & $0.000442831$ & $0.0196937$ & $-0.000965732$ & $-0.014271$ & $-0.00956744$ & $-0.00807509$ & $-0.0299847$ & $0.000762257$ & $0.00129442$ & $-0.015334$ & $-0.0151469$ & $-0.00171635$ & $-0.0141075$ & $0.00843169$ & $-0.0197202$ & $-0.00210308$ & $0.271654$ & $-0.020843$ & $0.0152035$ & $-0.00664761$ & $-0.045168$ & $0.0218047$ & $0.0567058$ & $-0.0192143$ & $1$ & $0.0341828$ \\
eHbbpar & $-0.0535596$ & $0.00172869$ & $0.0318982$ & $0.0400502$ & $-0.000409575$ & $0.0166049$ & $-0.0232175$ & $0.00268572$ & $0.00188587$ & $-6.94101e-05$ & $-0.00497444$ & $-0.0221562$ & $0.00402738$ & $0.0148906$ & $0.0074038$ & $0.0150524$ & $0.00646527$ & $0.00158411$ & $-0.00470733$ & $0.00316349$ & $0.0186556$ & $0.0093303$ & $-0.00584758$ & $-0.0127417$ & $0.0103003$ & $-0.0109813$ & $-0.00414302$ & $-0.00440424$ & $0.00959516$ & $-0.00778217$ & $0.0128753$ & $-0.0237703$ & $0.3445$ & $-0.00183142$ & $0.0156028$ & $-0.0118416$ & $0.0288125$ & $-0.00252782$ & $0.0341828$ & $1$ \\
