 & AlsMz & dAle5Mz & mtop & mHl & Mz & CW & CHG & CHWB & CHWHB_gaga & CHWHB_gagaorth & CHD & CHbox & CH & CHL1_11 & CHL1_22 & CHL1_33 & CHL3_11 & CHL3_22 & CHL3_33 & CHe_11 & CHe_22 & CHe_33 & CHQ1_11 & CHQ1_33 & CHQ3_11 & CHu_11 & CHd_11 & CHd_33 & CeH_22r & CeH_33r & CuH_22r & CuH_33r & CdH_33r & CLL_1221 & eHggint & eHggpar & eHWWint & eHWWpar & eHZZint & eHZZpar & eHZgaint & eHZgapar & eHgagaint & eHmumuint & eHtautauint & eHccint & eHccpar & eHbbint & eHbbpar \\
AlsMz & $1$ & $-0.086914$ & $0.0295813$ & $0.00585958$ & $-0.0220091$ & $-0.00867676$ & $-0.0234722$ & $-0.00435637$ & $-0.0101723$ & $0.022051$ & $-0.0187715$ & $0.00539797$ & $-0.00459292$ & $0.0261067$ & $-0.00781561$ & $-0.00445919$ & $0.0318342$ & $0.032567$ & $0.0318885$ & $0.00881363$ & $0.00854245$ & $0.0117604$ & $-0.0206135$ & $-0.0381511$ & $-0.0733193$ & $-0.0306179$ & $-0.0252552$ & $0.0149817$ & $0.00162415$ & $0.0178927$ & $-0.0122255$ & $-0.0316197$ & $-0.0273183$ & $-0.00216185$ & $0.00922393$ & $-0.142465$ & $0.0502737$ & $0.034976$ & $-0.0824424$ & $-0.00156801$ & $-0.0835381$ & $0.00463113$ & $-0.0392424$ & $0.0804517$ & $0.0765892$ & $0.0607755$ & $-0.0177409$ & $-0.0603403$ & $-0.0549249$ \\
dAle5Mz & $-0.086914$ & $1$ & $-0.0668053$ & $0.0493796$ & $0.0139847$ & $-0.00441291$ & $0.0213411$ & $-0.0689738$ & $-0.0653945$ & $0.0244785$ & $0.0418598$ & $0.0117415$ & $0.00258349$ & $0.00312767$ & $-0.01307$ & $0.00889391$ & $0.0386122$ & $0.0353157$ & $0.0220176$ & $-0.0209594$ & $-0.0214959$ & $-0.0202988$ & $0.003162$ & $0.0341897$ & $0.0313831$ & $0.00363561$ & $-0.0261108$ & $-0.0217223$ & $0.00764691$ & $0.0230075$ & $0.00540474$ & $0.0366129$ & $0.0195392$ & $0.0120332$ & $-0.0156078$ & $0.104508$ & $-0.131998$ & $-0.0063441$ & $0.138241$ & $-0.0331648$ & $-0.00841697$ & $0.0209852$ & $0.0509164$ & $-0.0678065$ & $-0.0565142$ & $0.101175$ & $-0.00498389$ & $0.0629032$ & $-0.0495312$ \\
mtop & $0.0295813$ & $-0.0668053$ & $1$ & $-0.0932618$ & $-0.0140749$ & $-0.0135787$ & $0.0106406$ & $-0.012623$ & $-0.0226919$ & $0.0229347$ & $0.0386837$ & $0.00863991$ & $-0.0152969$ & $-0.0433182$ & $-0.0256268$ & $0.00335797$ & $-0.0261013$ & $-0.0141479$ & $-0.03027$ & $-0.0349317$ & $-0.0327749$ & $-0.0259014$ & $0.0129668$ & $-0.0231685$ & $-0.0274987$ & $0.0114972$ & $-0.0075105$ & $-0.0129533$ & $0.00066309$ & $-0.0297513$ & $0.000502657$ & $0.000892121$ & $-0.0753598$ & $0.013691$ & $0.0429305$ & $-0.0486591$ & $0.0535132$ & $-0.0300566$ & $-0.0318215$ & $0.00262186$ & $-0.00117844$ & $0.02669$ & $-0.155835$ & $0.0109665$ & $0.0112126$ & $-0.14065$ & $0.139305$ & $-0.0760364$ & $-0.0752576$ \\
mHl & $0.00585958$ & $0.0493796$ & $-0.0932618$ & $1$ & $-0.0132523$ & $-0.0201077$ & $-0.0616922$ & $-0.0356547$ & $-0.0334676$ & $0.0422285$ & $0.0257906$ & $-0.00547811$ & $-0.0267529$ & $-0.0118817$ & $-0.00929034$ & $-0.00554045$ & $0.0270661$ & $0.019587$ & $0.0178771$ & $-0.0244164$ & $-0.0255821$ & $-0.0279279$ & $0.00964321$ & $0.0291232$ & $0.0103964$ & $-0.000561063$ & $-0.0248415$ & $0.00695497$ & $0.0174303$ & $-0.0257308$ & $-0.00742032$ & $-0.06235$ & $-0.00925855$ & $-0.0122793$ & $0.0243821$ & $0.0141832$ & $-0.0804471$ & $-0.00270553$ & $-0.045876$ & $0.00217047$ & $-0.121029$ & $0.0133714$ & $0.0296574$ & $-0.0913654$ & $-0.0646398$ & $-0.0404934$ & $0.00301509$ & $0.0385803$ & $-0.0414476$ \\
Mz & $-0.0220091$ & $0.0139847$ & $-0.0140749$ & $-0.0132523$ & $1$ & $0.0100933$ & $-0.0139818$ & $-0.0326125$ & $-0.0364245$ & $0.0217657$ & $0.0353849$ & $0.00425968$ & $3.24095e-06$ & $0.010631$ & $-0.00216666$ & $-0.00926389$ & $0.00742326$ & $0.0130304$ & $0.0159299$ & $-0.0248154$ & $-0.0255191$ & $-0.0265233$ & $0.0107952$ & $0.0275429$ & $0.015793$ & $0.00228567$ & $-0.0161649$ & $-0.0029227$ & $0.0171902$ & $0.0104436$ & $0.0267815$ & $-0.00901188$ & $0.000270515$ & $-0.0272398$ & $0.00604861$ & $0.0266121$ & $-0.0101552$ & $0.018402$ & $0.0254001$ & $-0.00914379$ & $0.00586483$ & $-0.0129554$ & $0.00140323$ & $0.0382978$ & $0.00785041$ & $-0.00167515$ & $0.0204831$ & $-0.0127837$ & $-0.00960121$ \\
CW & $-0.00867676$ & $-0.00441291$ & $-0.0135787$ & $-0.0201077$ & $0.0100933$ & $1$ & $0.0189683$ & $-0.115705$ & $-0.113503$ & $0.0173858$ & $0.183848$ & $0.0433706$ & $0.00780793$ & $0.00994163$ & $-0.0733802$ & $-0.0775811$ & $-0.261455$ & $-0.0649945$ & $-0.060362$ & $-0.180727$ & $-0.186141$ & $-0.182316$ & $-0.0103417$ & $-0.0114551$ & $-0.100145$ & $0.106994$ & $-0.0797908$ & $-0.0551537$ & $0.00160315$ & $0.0208905$ & $0.0157566$ & $0.0212407$ & $1.71139e-05$ & $-0.118535$ & $0.0022727$ & $-0.00448494$ & $-0.000956534$ & $0.00449813$ & $0.00076799$ & $-0.00232341$ & $0.0173367$ & $-0.0266714$ & $-0.0024246$ & $-0.00398538$ & $0.00199659$ & $-0.00579944$ & $-0.0150005$ & $0.0082128$ & $-0.0027876$ \\
CHG & $-0.0234722$ & $0.0213411$ & $0.0106406$ & $-0.0616922$ & $-0.0139818$ & $0.0189683$ & $1$ & $-0.00761779$ & $0.045955$ & $0.0136492$ & $0.0141003$ & $-0.0691565$ & $-0.155153$ & $-0.00918066$ & $-0.0089935$ & $-0.00593435$ & $-0.0150178$ & $-0.00651655$ & $-0.00647186$ & $-0.0146212$ & $-0.0120512$ & $-0.00958934$ & $0.0152094$ & $-0.00244441$ & $-0.00239717$ & $-0.0117321$ & $0.00276083$ & $-0.0177284$ & $3.97407e-05$ & $-0.0503833$ & $-0.0424065$ & $0.935579$ & $-0.0866128$ & $-0.000946746$ & $-0.00534094$ & $-0.0500051$ & $0.00248722$ & $0.0146463$ & $0.00798485$ & $-0.017858$ & $0.0325758$ & $0.00595405$ & $-0.0512339$ & $-0.0279777$ & $0.0172114$ & $-0.0116944$ & $-0.0139795$ & $0.00395936$ & $-0.00822461$ \\
CHWB & $-0.00435637$ & $-0.0689738$ & $-0.012623$ & $-0.0356547$ & $-0.0326125$ & $-0.115705$ & $-0.00761779$ & $1$ & $0.981634$ & $-0.524962$ & $-0.862649$ & $-0.137035$ & $0.0366218$ & $0.0574257$ & $0.287351$ & $0.295506$ & $-0.252044$ & $-0.435783$ & $-0.440753$ & $0.834249$ & $0.880977$ & $0.861677$ & $0.0656012$ & $-0.673796$ & $-0.399881$ & $-0.493222$ & $0.428733$ & $0.301455$ & $0.000372031$ & $0.0203649$ & $0.00786504$ & $-0.0154386$ & $0.0234231$ & $0.563505$ & $-0.00488657$ & $-0.0172394$ & $0.028357$ & $0.000415291$ & $-0.0300486$ & $-0.00506765$ & $0.0104302$ & $-0.0121505$ & $-0.0304607$ & $0.0360551$ & $-0.00243925$ & $0.0014923$ & $-0.042394$ & $-0.0173751$ & $0.0265546$ \\
CHWHB_gaga & $-0.0101723$ & $-0.0653945$ & $-0.0226919$ & $-0.0334676$ & $-0.0364245$ & $-0.113503$ & $0.045955$ & $0.981634$ & $1$ & $-0.516458$ & $-0.842964$ & $-0.106301$ & $0.0330731$ & $0.0492133$ & $0.281161$ & $0.289006$ & $-0.255094$ & $-0.434149$ & $-0.438372$ & $0.815337$ & $0.861268$ & $0.842521$ & $0.0669557$ & $-0.66511$ & $-0.39797$ & $-0.483884$ & $0.421652$ & $0.290099$ & $0.00643041$ & $0.0478317$ & $0.021295$ & $0.0317765$ & $0.0523667$ & $0.553499$ & $-0.0108996$ & $-0.0213688$ & $0.0111261$ & $0.000565796$ & $-0.0280536$ & $-0.00622065$ & $0.0151112$ & $-0.0153777$ & $0.033207$ & $0.032622$ & $0.00107801$ & $0.00276733$ & $-0.0450669$ & $-0.0160946$ & $0.0259475$ \\
CHWHB_gagaorth & $0.022051$ & $0.0244785$ & $0.0229347$ & $0.0422285$ & $0.0217657$ & $0.0173858$ & $0.0136492$ & $-0.524962$ & $-0.516458$ & $1$ & $0.338424$ & $0.374052$ & $-0.0578481$ & $0.187513$ & $-0.115244$ & $-0.132431$ & $0.347894$ & $0.407436$ & $0.418575$ & $-0.326259$ & $-0.351579$ & $-0.341291$ & $-0.0359615$ & $0.477426$ & $0.39831$ & $0.189791$ & $-0.215462$ & $-0.128008$ & $-0.0139677$ & $-0.110999$ & $-0.0272926$ & $0.0328344$ & $-0.120537$ & $-0.320796$ & $0.043623$ & $0.0189223$ & $0.00423106$ & $0.00762204$ & $0.018856$ & $0.00823764$ & $-0.0511102$ & $-0.00632635$ & $0.0106406$ & $-0.0193151$ & $-0.0126332$ & $-0.00262615$ & $0.0237267$ & $-0.00216791$ & $-0.00786751$ \\
CHD & $-0.0187715$ & $0.0418598$ & $0.0386837$ & $0.0257906$ & $0.0353849$ & $0.183848$ & $0.0141003$ & $-0.862649$ & $-0.842964$ & $0.338424$ & $1$ & $0.165883$ & $-0.0200057$ & $-0.508567$ & $-0.415482$ & $-0.410583$ & $-0.239266$ & $0.0334368$ & $0.0340941$ & $-0.99017$ & $-0.991233$ & $-0.97097$ & $-0.0137337$ & $0.278686$ & $-0.0180445$ & $0.561403$ & $-0.296539$ & $-0.330403$ & $0.00329339$ & $-0.0416582$ & $-0.0194702$ & $0.0212096$ & $-0.0497966$ & $-0.354712$ & $0.0151395$ & $0.0178325$ & $-0.0231141$ & $-0.00262244$ & $0.0318029$ & $0.00660719$ & $0.0116129$ & $-4.40216e-05$ & $0.0321321$ & $-0.0270475$ & $0.00272746$ & $-0.00750282$ & $0.0387531$ & $0.00504722$ & $-0.0203373$ \\
CHbox & $0.00539797$ & $0.0117415$ & $0.00863991$ & $-0.00547811$ & $0.00425968$ & $0.0433706$ & $-0.0691565$ & $-0.137035$ & $-0.106301$ & $0.374052$ & $0.165883$ & $1$ & $0.398195$ & $-0.0991337$ & $-0.0172572$ & $-0.0237838$ & $-0.0670726$ & $-0.0368655$ & $-0.0307768$ & $-0.151792$ & $-0.170543$ & $-0.164907$ & $-0.00480586$ & $0.0492581$ & $-0.0269793$ & $0.0832774$ & $-0.0794046$ & $-0.0429983$ & $0.0455037$ & $0.296887$ & $0.0858233$ & $0.0340772$ & $0.347554$ & $-0.102566$ & $0.0819605$ & $0.0540938$ & $-0.00407619$ & $-0.00391017$ & $0.0142104$ & $-0.0105096$ & $-0.00086271$ & $-0.0104924$ & $0.00757802$ & $0.00190466$ & $0.00757925$ & $-0.00236002$ & $0.0245974$ & $0.000527723$ & $-0.00617747$ \\
CH & $-0.00459292$ & $0.00258349$ & $-0.0152969$ & $-0.0267529$ & $3.24095e-06$ & $0.00780793$ & $-0.155153$ & $0.0366218$ & $0.0330731$ & $-0.0578481$ & $-0.0200057$ & $0.398195$ & $1$ & $-0.0172866$ & $7.49212e-05$ & $0.00602405$ & $-0.0323168$ & $-0.0298382$ & $-0.0353561$ & $0.0189698$ & $0.0227582$ & $0.0220931$ & $-0.00316237$ & $-0.0335394$ & $-0.025941$ & $-0.00322961$ & $0.0268563$ & $0.0209274$ & $0.0234216$ & $0.151793$ & $0.0735875$ & $-0.136216$ & $0.161705$ & $0.0277224$ & $-0.0186651$ & $0.0101248$ & $0.00169757$ & $-0.00467016$ & $0.0172754$ & $0.0101902$ & $-0.00610688$ & $0.00395415$ & $0.0043552$ & $0.00896401$ & $0.043233$ & $0.0290072$ & $-0.0210905$ & $-0.000902335$ & $-0.0318875$ \\
CHL1_11 & $0.0261067$ & $0.00312767$ & $-0.0433182$ & $-0.0118817$ & $0.010631$ & $0.00994163$ & $-0.00918066$ & $0.0574257$ & $0.0492133$ & $0.187513$ & $-0.508567$ & $-0.0991337$ & $-0.0172866$ & $1$ & $0.261819$ & $0.23296$ & $0.698964$ & $0.634696$ & $0.646153$ & $0.524687$ & $0.469767$ & $0.460793$ & $-0.0729696$ & $0.505648$ & $0.648059$ & $-0.269937$ & $-0.0857178$ & $0.14832$ & $0.00340215$ & $0.0504481$ & $0.0260084$ & $-0.0110514$ & $0.0589406$ & $-0.228327$ & $-0.0230795$ & $-0.00110038$ & $0.00494982$ & $0.00389136$ & $-0.0102766$ & $-0.00472516$ & $-0.0381647$ & $0.0125875$ & $-0.011186$ & $-0.00350053$ & $-0.00124577$ & $0.0102402$ & $-0.00847113$ & $0.0177431$ & $-0.00369066$ \\
CHL1_22 & $-0.00781561$ & $-0.01307$ & $-0.0256268$ & $-0.00929034$ & $-0.00216666$ & $-0.0733802$ & $-0.0089935$ & $0.287351$ & $0.281161$ & $-0.115244$ & $-0.415482$ & $-0.0172572$ & $7.49212e-05$ & $0.261819$ & $1$ & $0.439398$ & $0.165503$ & $-0.424824$ & $-0.0163205$ & $0.482224$ & $0.33219$ & $0.326485$ & $-0.158326$ & $0.111995$ & $-0.11945$ & $-0.203479$ & $-0.401692$ & $0.107765$ & $-0.00927286$ & $0.026254$ & $0.00756107$ & $-0.00671126$ & $0.0191692$ & $-0.599801$ & $0.00910052$ & $0.0109786$ & $0.0109493$ & $0.000121646$ & $-0.0134684$ & $-0.00203342$ & $-0.00345828$ & $0.00854189$ & $-0.0247478$ & $0.00917924$ & $-0.000770293$ & $0.00708311$ & $-0.0140361$ & $-0.0152996$ & $0.00950827$ \\
CHL1_33 & $-0.00445919$ & $0.00889391$ & $0.00335797$ & $-0.00554045$ & $-0.00926389$ & $-0.0775811$ & $-0.00593435$ & $0.295506$ & $0.289006$ & $-0.132431$ & $-0.410583$ & $-0.0237838$ & $0.00602405$ & $0.23296$ & $0.439398$ & $1$ & $0.153983$ & $-0.0352233$ & $-0.418974$ & $0.475229$ & $0.332594$ & $0.354687$ & $-0.163652$ & $0.090672$ & $-0.125642$ & $-0.193667$ & $-0.374991$ & $0.111117$ & $-0.0133397$ & $0.040524$ & $0.00975721$ & $-0.00207489$ & $0.0402678$ & $-0.0877584$ & $-0.00968505$ & $0.000193974$ & $0.00115197$ & $-0.00554923$ & $-0.0244837$ & $-0.0172918$ & $0.0304415$ & $0.00197$ & $-0.0314208$ & $0.01007$ & $-0.00583207$ & $0.0142218$ & $-0.0217306$ & $0.00838992$ & $0.029994$ \\
CHL3_11 & $0.0318342$ & $0.0386122$ & $-0.0261013$ & $0.0270661$ & $0.00742326$ & $-0.261455$ & $-0.0150178$ & $-0.252044$ & $-0.255094$ & $0.347894$ & $-0.239266$ & $-0.0670726$ & $-0.0323168$ & $0.698964$ & $0.165503$ & $0.153983$ & $1$ & $0.759226$ & $0.757272$ & $0.259466$ & $0.206117$ & $0.203716$ & $-0.0600871$ & $0.694349$ & $0.795346$ & $-0.127109$ & $-0.15711$ & $0.0540589$ & $-0.0153733$ & $0.0306438$ & $0.0212344$ & $-0.0148661$ & $0.039819$ & $-0.258531$ & $-0.0137504$ & $-0.0104663$ & $-0.0113741$ & $0.00575738$ & $-0.000391619$ & $-0.00046785$ & $-0.043872$ & $0.0244568$ & $-0.00627783$ & $-0.0210367$ & $0.00187977$ & $0.000161682$ & $0.0146122$ & $0.0173917$ & $-0.0196752$ \\
CHL3_22 & $0.032567$ & $0.0353157$ & $-0.0141479$ & $0.019587$ & $0.0130304$ & $-0.0649945$ & $-0.00651655$ & $-0.435783$ & $-0.434149$ & $0.407436$ & $0.0334368$ & $-0.0368655$ & $-0.0298382$ & $0.634696$ & $-0.424824$ & $-0.0352233$ & $0.759226$ & $1$ & $0.704449$ & $-0.0381608$ & $-0.0294449$ & $-0.0248422$ & $0.00272514$ & $0.638776$ & $0.814372$ & $0.017213$ & $0.004315$ & $-0.0205637$ & $-0.00205855$ & $0.0220141$ & $0.0149123$ & $-0.00648964$ & $0.0338$ & $0.0204744$ & $-0.0237275$ & $-0.00911641$ & $-0.0135665$ & $0.000530528$ & $0.00450098$ & $-0.00192247$ & $-0.0331588$ & $0.0164761$ & $0.0084218$ & $-0.0228985$ & $0.00218803$ & $-0.000991129$ & $0.0159684$ & $0.0302669$ & $-0.0167444$ \\
CHL3_33 & $0.0318885$ & $0.0220176$ & $-0.03027$ & $0.0178771$ & $0.0159299$ & $-0.060362$ & $-0.00647186$ & $-0.440753$ & $-0.438372$ & $0.418575$ & $0.0340941$ & $-0.0307768$ & $-0.0353561$ & $0.646153$ & $-0.0163205$ & $-0.418974$ & $0.757272$ & $0.704449$ & $1$ & $-0.0368178$ & $-0.0329532$ & $-0.0285044$ & $0.0102521$ & $0.647847$ & $0.811617$ & $0.0105398$ & $-0.0139201$ & $-0.0252697$ & $0.00103873$ & $0.00797074$ & $0.013256$ & $-0.00906439$ & $0.0142413$ & $-0.355159$ & $-0.0078629$ & $-0.00304463$ & $-0.00431$ & $0.00461109$ & $0.00781087$ & $0.0077352$ & $-0.055653$ & $0.0201206$ & $0.011658$ & $-0.0261702$ & $0.00727428$ & $-0.00583879$ & $0.0232223$ & $0.0135377$ & $-0.0352514$ \\
CHe_11 & $0.00881363$ & $-0.0209594$ & $-0.0349317$ & $-0.0244164$ & $-0.0248154$ & $-0.180727$ & $-0.0146212$ & $0.834249$ & $0.815337$ & $-0.326259$ & $-0.99017$ & $-0.151792$ & $0.0189698$ & $0.524687$ & $0.482224$ & $0.475229$ & $0.259466$ & $-0.0381608$ & $-0.0368178$ & $1$ & $0.972614$ & $0.95422$ & $-0.00932192$ & $-0.226622$ & $0.0228005$ & $-0.553107$ & $0.220833$ & $0.322849$ & $-0.00373947$ & $0.0438584$ & $0.0191923$ & $-0.0205105$ & $0.0503806$ & $0.275407$ & $-0.0130235$ & $-0.0140645$ & $0.0212741$ & $-0.000883895$ & $-0.0298214$ & $-0.00812944$ & $-0.00925571$ & $0.00364529$ & $-0.0336753$ & $0.0241963$ & $-0.00460004$ & $0.0066011$ & $-0.0380655$ & $-0.00432257$ & $0.0214431$ \\
CHe_22 & $0.00854245$ & $-0.0214959$ & $-0.0327749$ & $-0.0255821$ & $-0.0255191$ & $-0.186141$ & $-0.0120512$ & $0.880977$ & $0.861268$ & $-0.351579$ & $-0.991233$ & $-0.170543$ & $0.0227582$ & $0.469767$ & $0.33219$ & $0.332594$ & $0.206117$ & $-0.0294449$ & $-0.0329532$ & $0.972614$ & $1$ & $0.975227$ & $0.041526$ & $-0.333777$ & $0.0108693$ & $-0.563701$ & $0.375799$ & $0.332397$ & $-0.00294889$ & $0.0387464$ & $0.019393$ & $-0.019857$ & $0.0459371$ & $0.440576$ & $-0.0152624$ & $-0.0178695$ & $0.0194921$ & $0.00262194$ & $-0.0256015$ & $-0.00716644$ & $-0.0117312$ & $-0.000936861$ & $-0.0300461$ & $0.0243923$ & $-0.00483537$ & $0.00700117$ & $-0.0373635$ & $-0.00468575$ & $0.0159037$ \\
CHe_33 & $0.0117604$ & $-0.0202988$ & $-0.0259014$ & $-0.0279279$ & $-0.0265233$ & $-0.182316$ & $-0.00958934$ & $0.861677$ & $0.842521$ & $-0.341291$ & $-0.97097$ & $-0.164907$ & $0.0220931$ & $0.460793$ & $0.326485$ & $0.354687$ & $0.203716$ & $-0.0248422$ & $-0.0285044$ & $0.95422$ & $0.975227$ & $1$ & $0.0401362$ & $-0.322658$ & $0.012235$ & $-0.553249$ & $0.363842$ & $0.325353$ & $-0.00715107$ & $0.0358301$ & $0.0202136$ & $-0.0178951$ & $0.0425575$ & $0.432061$ & $-0.0146383$ & $-0.0223971$ & $0.0251121$ & $-0.00161134$ & $-0.0292872$ & $-0.00608097$ & $-0.0108668$ & $-0.00227241$ & $-0.0340729$ & $0.0263955$ & $0.00166272$ & $0.00596335$ & $-0.0363042$ & $-0.00573232$ & $0.0120212$ \\
CHQ1_11 & $-0.0206135$ & $0.003162$ & $0.0129668$ & $0.00964321$ & $0.0107952$ & $-0.0103417$ & $0.0152094$ & $0.0656012$ & $0.0669557$ & $-0.0359615$ & $-0.0137337$ & $-0.00480586$ & $-0.00316237$ & $-0.0729696$ & $-0.158326$ & $-0.163652$ & $-0.0600871$ & $0.00272514$ & $0.0102521$ & $-0.00932192$ & $0.041526$ & $0.0401362$ & $1$ & $-0.124997$ & $0.0768959$ & $-0.680726$ & $0.336063$ & $0.0142314$ & $0.0048537$ & $-0.00703435$ & $0.00440808$ & $0.0118271$ & $-0.00536485$ & $0.187744$ & $-0.00974464$ & $-0.014292$ & $0.00882949$ & $0.0122575$ & $0.00873898$ & $0.00356011$ & $-0.000597778$ & $0.00357378$ & $-0.00802746$ & $0.00994457$ & $-0.0239438$ & $-0.0213559$ & $0.0243327$ & $-0.0330961$ & $0.0102743$ \\
CHQ1_33 & $-0.0381511$ & $0.0341897$ & $-0.0231685$ & $0.0291232$ & $0.0275429$ & $-0.0114551$ & $-0.00244441$ & $-0.673796$ & $-0.66511$ & $0.477426$ & $0.278686$ & $0.0492581$ & $-0.0335394$ & $0.505648$ & $0.111995$ & $0.090672$ & $0.694349$ & $0.638776$ & $0.647847$ & $-0.226622$ & $-0.333777$ & $-0.322658$ & $-0.124997$ & $1$ & $0.659131$ & $0.179139$ & $-0.414154$ & $-0.0273891$ & $-0.00420892$ & $0.00913863$ & $0.00613028$ & $0.00264455$ & $0.024317$ & $-0.626569$ & $-0.00227902$ & $0.00713955$ & $-0.0165117$ & $0.0024853$ & $0.0119588$ & $0.00814018$ & $-0.0188884$ & $0.0237455$ & $0.0153965$ & $-0.0341464$ & $-0.00390825$ & $-0.00559686$ & $0.0194425$ & $0.0304955$ & $-0.0118817$ \\
CHQ3_11 & $-0.0733193$ & $0.0313831$ & $-0.0274987$ & $0.0103964$ & $0.015793$ & $-0.100145$ & $-0.00239717$ & $-0.399881$ & $-0.39797$ & $0.39831$ & $-0.0180445$ & $-0.0269793$ & $-0.025941$ & $0.648059$ & $-0.11945$ & $-0.125642$ & $0.795346$ & $0.814372$ & $0.811617$ & $0.0228005$ & $0.0108693$ & $0.012235$ & $0.0768959$ & $0.659131$ & $1$ & $-0.00435577$ & $0.197507$ & $-0.0114374$ & $0.00600358$ & $0.0157775$ & $0.0185488$ & $0.000158549$ & $0.0308748$ & $-0.20527$ & $-0.00442679$ & $0.0163133$ & $-0.0134599$ & $-0.00213433$ & $0.0264066$ & $0.00199069$ & $-0.0336581$ & $0.0130351$ & $0.0203497$ & $-0.0336817$ & $-0.0193105$ & $-0.0187295$ & $0.0393918$ & $0.0263462$ & $-0.0220821$ \\
CHu_11 & $-0.0306179$ & $0.00363561$ & $0.0114972$ & $-0.000561063$ & $0.00228567$ & $0.106994$ & $-0.0117321$ & $-0.493222$ & $-0.483884$ & $0.189791$ & $0.561403$ & $0.0832774$ & $-0.00322961$ & $-0.269937$ & $-0.203479$ & $-0.193667$ & $-0.127109$ & $0.017213$ & $0.0105398$ & $-0.553107$ & $-0.563701$ & $-0.553249$ & $-0.680726$ & $0.179139$ & $-0.00435577$ & $1$ & $-0.169592$ & $-0.187054$ & $0.00519963$ & $-0.0307264$ & $-0.0180689$ & $-0.00691367$ & $-0.0359509$ & $-0.233314$ & $0.0134498$ & $0.0237361$ & $-0.0179062$ & $-0.0138089$ & $0.0300031$ & $0.0039409$ & $0.00266893$ & $-0.00971752$ & $0.0349402$ & $-0.027424$ & $0.0271083$ & $0.0105118$ & $0.00769454$ & $0.0237012$ & $-0.024063$ \\
CHd_11 & $-0.0252552$ & $-0.0261108$ & $-0.0075105$ & $-0.0248415$ & $-0.0161649$ & $-0.0797908$ & $0.00276083$ & $0.428733$ & $0.421652$ & $-0.215462$ & $-0.296539$ & $-0.0794046$ & $0.0268563$ & $-0.0857178$ & $-0.401692$ & $-0.374991$ & $-0.15711$ & $0.004315$ & $-0.0139201$ & $0.220833$ & $0.375799$ & $0.363842$ & $0.336063$ & $-0.414154$ & $0.197507$ & $-0.169592$ & $1$ & $0.114498$ & $0.0209559$ & $-0.0184047$ & $0.00140588$ & $-0.0038774$ & $-0.00494764$ & $0.683799$ & $0.00807976$ & $-0.00925026$ & $0.0124326$ & $0.000738485$ & $0.017344$ & $0.00619838$ & $-0.00624149$ & $-0.0158973$ & $0.0192008$ & $0.0043176$ & $-0.016845$ & $-0.0229601$ & $0.0107132$ & $-0.0041826$ & $-0.00816543$ \\
CHd_33 & $0.0149817$ & $-0.0217223$ & $-0.0129533$ & $0.00695497$ & $-0.0029227$ & $-0.0551537$ & $-0.0177284$ & $0.301455$ & $0.290099$ & $-0.128008$ & $-0.330403$ & $-0.0429983$ & $0.0209274$ & $0.14832$ & $0.107765$ & $0.111117$ & $0.0540589$ & $-0.0205637$ & $-0.0252697$ & $0.322849$ & $0.332397$ & $0.325353$ & $0.0142314$ & $-0.0273891$ & $-0.0114374$ & $-0.187054$ & $0.114498$ & $1$ & $-0.00366608$ & $0.0300224$ & $0.00748035$ & $-0.00960325$ & $0.022974$ & $0.15533$ & $0.0102752$ & $0.00647133$ & $0.0051251$ & $0.00725537$ & $0.00292767$ & $0.00453487$ & $-0.0233649$ & $0.00280287$ & $-0.0152023$ & $0.0179189$ & $0.00620573$ & $0.0177055$ & $-0.0379803$ & $0.00985111$ & $-0.0150141$ \\
CeH_22r & $0.00162415$ & $0.00764691$ & $0.00066309$ & $0.0174303$ & $0.0171902$ & $0.00160315$ & $3.97407e-05$ & $0.000372031$ & $0.00643041$ & $-0.0139677$ & $0.00329339$ & $0.0455037$ & $0.0234216$ & $0.00340215$ & $-0.00927286$ & $-0.0133397$ & $-0.0153733$ & $-0.00205855$ & $0.00103873$ & $-0.00373947$ & $-0.00294889$ & $-0.00715107$ & $0.0048537$ & $-0.00420892$ & $0.00600358$ & $0.00519963$ & $0.0209559$ & $-0.00366608$ & $1$ & $0.0570817$ & $0.0389535$ & $-0.0110597$ & $0.0597721$ & $0.0013338$ & $-0.00500311$ & $-0.00427531$ & $-0.0294675$ & $-0.00320065$ & $-0.0161357$ & $-0.00754627$ & $-0.0181709$ & $-0.00099415$ & $-0.00320623$ & $0.0171914$ & $-0.00373169$ & $0.00128024$ & $0.0295714$ & $0.0109757$ & $0.0102756$ \\
CeH_33r & $0.0178927$ & $0.0230075$ & $-0.0297513$ & $-0.0257308$ & $0.0104436$ & $0.0208905$ & $-0.0503833$ & $0.0203649$ & $0.0478317$ & $-0.110999$ & $-0.0416582$ & $0.296887$ & $0.151793$ & $0.0504481$ & $0.026254$ & $0.040524$ & $0.0306438$ & $0.0220141$ & $0.00797074$ & $0.0438584$ & $0.0387464$ & $0.0358301$ & $-0.00703435$ & $0.00913863$ & $0.0157775$ & $-0.0307264$ & $-0.0184047$ & $0.0300224$ & $0.0570817$ & $1$ & $0.317002$ & $0.102909$ & $0.633687$ & $-0.00537109$ & $-0.0188121$ & $-0.0206957$ & $-0.201136$ & $-0.0250078$ & $-0.00630645$ & $-0.0123344$ & $0.0284138$ & $-0.0125197$ & $0.0134751$ & $-0.00595899$ & $0.0696476$ & $0.0308067$ & $0.00978593$ & $-0.0187436$ & $0.000654485$ \\
CuH_22r & $-0.0122255$ & $0.00540474$ & $0.000502657$ & $-0.00742032$ & $0.0267815$ & $0.0157566$ & $-0.0424065$ & $0.00786504$ & $0.021295$ & $-0.0272926$ & $-0.0194702$ & $0.0858233$ & $0.0735875$ & $0.0260084$ & $0.00756107$ & $0.00975721$ & $0.0212344$ & $0.0149123$ & $0.013256$ & $0.0191923$ & $0.019393$ & $0.0202136$ & $0.00440808$ & $0.00613028$ & $0.0185488$ & $-0.0180689$ & $0.00140588$ & $0.00748035$ & $0.0389535$ & $0.317002$ & $1$ & $0.0417218$ & $0.353291$ & $6.15306e-05$ & $-0.0222577$ & $-0.0415935$ & $-0.128973$ & $-0.00722346$ & $-0.0295067$ & $-0.0178111$ & $-0.00584043$ & $-4.07032e-05$ & $-0.00221267$ & $-0.00984382$ & $0.0158504$ & $0.027148$ & $0.340342$ & $0.0290623$ & $0.00739857$ \\
CuH_33r & $-0.0316197$ & $0.0366129$ & $0.000892121$ & $-0.06235$ & $-0.00901188$ & $0.0212407$ & $0.935579$ & $-0.0154386$ & $0.0317765$ & $0.0328344$ & $0.0212096$ & $0.0340772$ & $-0.136216$ & $-0.0110514$ & $-0.00671126$ & $-0.00207489$ & $-0.0148661$ & $-0.00648964$ & $-0.00906439$ & $-0.0205105$ & $-0.019857$ & $-0.0178951$ & $0.0118271$ & $0.00264455$ & $0.000158549$ & $-0.00691367$ & $-0.0038774$ & $-0.00960325$ & $-0.0110597$ & $0.102909$ & $0.0417218$ & $1$ & $0.0965595$ & $-0.00807799$ & $0.0781684$ & $-0.0199031$ & $-0.0434569$ & $0.00554723$ & $0.0204613$ & $-0.0142555$ & $0.028835$ & $-0.00140576$ & $-0.0378302$ & $-0.0345007$ & $0.0112859$ & $-0.00818339$ & $-0.012259$ & $0.0071153$ & $0.00160621$ \\
CdH_33r & $-0.0273183$ & $0.0195392$ & $-0.0753598$ & $-0.00925855$ & $0.000270515$ & $1.71139e-05$ & $-0.0866128$ & $0.0234231$ & $0.0523667$ & $-0.120537$ & $-0.0497966$ & $0.347554$ & $0.161705$ & $0.0589406$ & $0.0191692$ & $0.0402678$ & $0.039819$ & $0.0338$ & $0.0142413$ & $0.0503806$ & $0.0459371$ & $0.0425575$ & $-0.00536485$ & $0.024317$ & $0.0308748$ & $-0.0359509$ & $-0.00494764$ & $0.022974$ & $0.0597721$ & $0.633687$ & $0.353291$ & $0.0965595$ & $1$ & $0.00260866$ & $-0.0490087$ & $-0.0220095$ & $-0.209919$ & $-0.0302573$ & $-0.0401636$ & $-0.00626141$ & $0.0949309$ & $0.00615685$ & $0.0104382$ & $-0.0225864$ & $-0.0496382$ & $-0.00851907$ & $0.0255523$ & $0.108078$ & $0.458306$ \\
CLL_1221 & $-0.00216185$ & $0.0120332$ & $0.013691$ & $-0.0122793$ & $-0.0272398$ & $-0.118535$ & $-0.000946746$ & $0.563505$ & $0.553499$ & $-0.320796$ & $-0.354712$ & $-0.102566$ & $0.0277224$ & $-0.228327$ & $-0.599801$ & $-0.0877584$ & $-0.258531$ & $0.0204744$ & $-0.355159$ & $0.275407$ & $0.440576$ & $0.432061$ & $0.187744$ & $-0.626569$ & $-0.20527$ & $-0.233314$ & $0.683799$ & $0.15533$ & $0.0013338$ & $-0.00537109$ & $6.15306e-05$ & $-0.00807799$ & $0.00260866$ & $1$ & $-0.0113781$ & $-0.0220371$ & $0.004666$ & $-0.000223562$ & $-0.00425428$ & $-0.00380062$ & $0.0102028$ & $-0.0132524$ & $-0.00419211$ & $0.0144669$ & $-0.00192739$ & $-0.003386$ & $-0.0216218$ & $0.000776957$ & $0.00734172$ \\
eHggint & $0.00922393$ & $-0.0156078$ & $0.0429305$ & $0.0243821$ & $0.00604861$ & $0.0022727$ & $-0.00534094$ & $-0.00488657$ & $-0.0108996$ & $0.043623$ & $0.0151395$ & $0.0819605$ & $-0.0186651$ & $-0.0230795$ & $0.00910052$ & $-0.00968505$ & $-0.0137504$ & $-0.0237275$ & $-0.0078629$ & $-0.0130235$ & $-0.0152624$ & $-0.0146383$ & $-0.00974464$ & $-0.00227902$ & $-0.00442679$ & $0.0134498$ & $0.00807976$ & $0.0102752$ & $-0.00500311$ & $-0.0188121$ & $-0.0222577$ & $0.0781684$ & $-0.0490087$ & $-0.0113781$ & $1$ & $-0.165048$ & $-0.0173893$ & $-0.0253407$ & $0.0330503$ & $-0.0264122$ & $-0.0877408$ & $-0.0192702$ & $0.0721389$ & $-0.100596$ & $-0.0408823$ & $-0.0744502$ & $0.00858585$ & $0.0271897$ & $-0.0486312$ \\
eHggpar & $-0.142465$ & $0.104508$ & $-0.0486591$ & $0.0141832$ & $0.0266121$ & $-0.00448494$ & $-0.0500051$ & $-0.0172394$ & $-0.0213688$ & $0.0189223$ & $0.0178325$ & $0.0540938$ & $0.0101248$ & $-0.00110038$ & $0.0109786$ & $0.000193974$ & $-0.0104663$ & $-0.00911641$ & $-0.00304463$ & $-0.0140645$ & $-0.0178695$ & $-0.0223971$ & $-0.014292$ & $0.00713955$ & $0.0163133$ & $0.0237361$ & $-0.00925026$ & $0.00647133$ & $-0.00427531$ & $-0.0206957$ & $-0.0415935$ & $-0.0199031$ & $-0.0220095$ & $-0.0220371$ & $-0.165048$ & $1$ & $-0.0418649$ & $-0.00223786$ & $0.00296145$ & $-0.0115801$ & $0.0153171$ & $-0.0145892$ & $0.0331433$ & $0.0418651$ & $-0.00558704$ & $0.0487151$ & $-0.0558587$ & $-0.0227297$ & $-0.022086$ \\
eHWWint & $0.0502737$ & $-0.131998$ & $0.0535132$ & $-0.0804471$ & $-0.0101552$ & $-0.000956534$ & $0.00248722$ & $0.028357$ & $0.0111261$ & $0.00423106$ & $-0.0231141$ & $-0.00407619$ & $0.00169757$ & $0.00494982$ & $0.0109493$ & $0.00115197$ & $-0.0113741$ & $-0.0135665$ & $-0.00431$ & $0.0212741$ & $0.0194921$ & $0.0251121$ & $0.00882949$ & $-0.0165117$ & $-0.0134599$ & $-0.0179062$ & $0.0124326$ & $0.0051251$ & $-0.0294675$ & $-0.201136$ & $-0.128973$ & $-0.0434569$ & $-0.209919$ & $0.004666$ & $-0.0173893$ & $-0.0418649$ & $1$ & $0.00911901$ & $-0.021051$ & $0.053968$ & $-0.101574$ & $-0.00320364$ & $-0.106696$ & $0.101682$ & $0.00593558$ & $-0.0553232$ & $-0.0316922$ & $0.0646298$ & $0.0190146$ \\
eHWWpar & $0.034976$ & $-0.0063441$ & $-0.0300566$ & $-0.00270553$ & $0.018402$ & $0.00449813$ & $0.0146463$ & $0.000415291$ & $0.000565796$ & $0.00762204$ & $-0.00262244$ & $-0.00391017$ & $-0.00467016$ & $0.00389136$ & $0.000121646$ & $-0.00554923$ & $0.00575738$ & $0.000530528$ & $0.00461109$ & $-0.000883895$ & $0.00262194$ & $-0.00161134$ & $0.0122575$ & $0.0024853$ & $-0.00213433$ & $-0.0138089$ & $0.000738485$ & $0.00725537$ & $-0.00320065$ & $-0.0250078$ & $-0.00722346$ & $0.00554723$ & $-0.0302573$ & $-0.000223562$ & $-0.0253407$ & $-0.00223786$ & $0.00911901$ & $1$ & $0.00436041$ & $0.0176283$ & $-0.00187238$ & $0.00234877$ & $0.0164839$ & $-0.00416462$ & $-0.00156685$ & $9.55632e-05$ & $0.0516127$ & $0.0319324$ & $-0.0135708$ \\
eHZZint & $-0.0824424$ & $0.138241$ & $-0.0318215$ & $-0.045876$ & $0.0254001$ & $0.00076799$ & $0.00798485$ & $-0.0300486$ & $-0.0280536$ & $0.018856$ & $0.0318029$ & $0.0142104$ & $0.0172754$ & $-0.0102766$ & $-0.0134684$ & $-0.0244837$ & $-0.000391619$ & $0.00450098$ & $0.00781087$ & $-0.0298214$ & $-0.0256015$ & $-0.0292872$ & $0.00873898$ & $0.0119588$ & $0.0264066$ & $0.0300031$ & $0.017344$ & $0.00292767$ & $-0.0161357$ & $-0.00630645$ & $-0.0295067$ & $0.0204613$ & $-0.0401636$ & $-0.00425428$ & $0.0330503$ & $0.00296145$ & $-0.021051$ & $0.00436041$ & $1$ & $-0.0328771$ & $-0.10033$ & $-0.0339775$ & $0.0658768$ & $-0.105982$ & $-0.0157847$ & $0.0608849$ & $-0.122165$ & $0.00513535$ & $-0.0599385$ \\
eHZZpar & $-0.00156801$ & $-0.0331648$ & $0.00262186$ & $0.00217047$ & $-0.00914379$ & $-0.00232341$ & $-0.017858$ & $-0.00506765$ & $-0.00622065$ & $0.00823764$ & $0.00660719$ & $-0.0105096$ & $0.0101902$ & $-0.00472516$ & $-0.00203342$ & $-0.0172918$ & $-0.00046785$ & $-0.00192247$ & $0.0077352$ & $-0.00812944$ & $-0.00716644$ & $-0.00608097$ & $0.00356011$ & $0.00814018$ & $0.00199069$ & $0.0039409$ & $0.00619838$ & $0.00453487$ & $-0.00754627$ & $-0.0123344$ & $-0.0178111$ & $-0.0142555$ & $-0.00626141$ & $-0.00380062$ & $-0.0264122$ & $-0.0115801$ & $0.053968$ & $0.0176283$ & $-0.0328771$ & $1$ & $-0.0365331$ & $0.0301832$ & $-0.0216922$ & $0.00919589$ & $0.0201652$ & $-0.0262609$ & $-0.0179663$ & $-0.00334685$ & $0.0190906$ \\
eHZgaint & $-0.0835381$ & $-0.00841697$ & $-0.00117844$ & $-0.121029$ & $0.00586483$ & $0.0173367$ & $0.0325758$ & $0.0104302$ & $0.0151112$ & $-0.0511102$ & $0.0116129$ & $-0.00086271$ & $-0.00610688$ & $-0.0381647$ & $-0.00345828$ & $0.0304415$ & $-0.043872$ & $-0.0331588$ & $-0.055653$ & $-0.00925571$ & $-0.0117312$ & $-0.0108668$ & $-0.000597778$ & $-0.0188884$ & $-0.0336581$ & $0.00266893$ & $-0.00624149$ & $-0.0233649$ & $-0.0181709$ & $0.0284138$ & $-0.00584043$ & $0.028835$ & $0.0949309$ & $0.0102028$ & $-0.0877408$ & $0.0153171$ & $-0.101574$ & $-0.00187238$ & $-0.10033$ & $-0.0365331$ & $1$ & $-0.0308604$ & $0.000289514$ & $0.0886668$ & $-0.0596714$ & $0.0903274$ & $-0.0793503$ & $0.0410103$ & $0.115594$ \\
eHZgapar & $0.00463113$ & $0.0209852$ & $0.02669$ & $0.0133714$ & $-0.0129554$ & $-0.0266714$ & $0.00595405$ & $-0.0121505$ & $-0.0153777$ & $-0.00632635$ & $-4.40216e-05$ & $-0.0104924$ & $0.00395415$ & $0.0125875$ & $0.00854189$ & $0.00197$ & $0.0244568$ & $0.0164761$ & $0.0201206$ & $0.00364529$ & $-0.000936861$ & $-0.00227241$ & $0.00357378$ & $0.0237455$ & $0.0130351$ & $-0.00971752$ & $-0.0158973$ & $0.00280287$ & $-0.00099415$ & $-0.0125197$ & $-4.07032e-05$ & $-0.00140576$ & $0.00615685$ & $-0.0132524$ & $-0.0192702$ & $-0.0145892$ & $-0.00320364$ & $0.00234877$ & $-0.0339775$ & $0.0301832$ & $-0.0308604$ & $1$ & $-0.00475886$ & $-0.00861751$ & $6.97925e-05$ & $-0.0114162$ & $0.0201194$ & $0.0172234$ & $0.033322$ \\
eHgagaint & $-0.0392424$ & $0.0509164$ & $-0.155835$ & $0.0296574$ & $0.00140323$ & $-0.0024246$ & $-0.0512339$ & $-0.0304607$ & $0.033207$ & $0.0106406$ & $0.0321321$ & $0.00757802$ & $0.0043552$ & $-0.011186$ & $-0.0247478$ & $-0.0314208$ & $-0.00627783$ & $0.0084218$ & $0.011658$ & $-0.0336753$ & $-0.0300461$ & $-0.0340729$ & $-0.00802746$ & $0.0153965$ & $0.0203497$ & $0.0349402$ & $0.0192008$ & $-0.0152023$ & $-0.00320623$ & $0.0134751$ & $-0.00221267$ & $-0.0378302$ & $0.0104382$ & $-0.00419211$ & $0.0721389$ & $0.0331433$ & $-0.106696$ & $0.0164839$ & $0.0658768$ & $-0.0216922$ & $0.000289514$ & $-0.00475886$ & $1$ & $-0.0442968$ & $0.0110933$ & $0.0428585$ & $-0.0867199$ & $0.0536058$ & $-0.0267514$ \\
eHmumuint & $0.0804517$ & $-0.0678065$ & $0.0109665$ & $-0.0913654$ & $0.0382978$ & $-0.00398538$ & $-0.0279777$ & $0.0360551$ & $0.032622$ & $-0.0193151$ & $-0.0270475$ & $0.00190466$ & $0.00896401$ & $-0.00350053$ & $0.00917924$ & $0.01007$ & $-0.0210367$ & $-0.0228985$ & $-0.0261702$ & $0.0241963$ & $0.0243923$ & $0.0263955$ & $0.00994457$ & $-0.0341464$ & $-0.0336817$ & $-0.027424$ & $0.0043176$ & $0.0179189$ & $0.0171914$ & $-0.00595899$ & $-0.00984382$ & $-0.0345007$ & $-0.0225864$ & $0.0144669$ & $-0.100596$ & $0.0418651$ & $0.101682$ & $-0.00416462$ & $-0.105982$ & $0.00919589$ & $0.0886668$ & $-0.00861751$ & $-0.0442968$ & $1$ & $0.0194178$ & $0.0824565$ & $-0.0492054$ & $0.0394735$ & $-0.0408832$ \\
eHtautauint & $0.0765892$ & $-0.0565142$ & $0.0112126$ & $-0.0646398$ & $0.00785041$ & $0.00199659$ & $0.0172114$ & $-0.00243925$ & $0.00107801$ & $-0.0126332$ & $0.00272746$ & $0.00757925$ & $0.043233$ & $-0.00124577$ & $-0.000770293$ & $-0.00583207$ & $0.00187977$ & $0.00218803$ & $0.00727428$ & $-0.00460004$ & $-0.00483537$ & $0.00166272$ & $-0.0239438$ & $-0.00390825$ & $-0.0193105$ & $0.0271083$ & $-0.016845$ & $0.00620573$ & $-0.00373169$ & $0.0696476$ & $0.0158504$ & $0.0112859$ & $-0.0496382$ & $-0.00192739$ & $-0.0408823$ & $-0.00558704$ & $0.00593558$ & $-0.00156685$ & $-0.0157847$ & $0.0201652$ & $-0.0596714$ & $6.97925e-05$ & $0.0110933$ & $0.0194178$ & $1$ & $0.182719$ & $0.0650601$ & $-0.0282678$ & $-0.146549$ \\
eHccint & $0.0607755$ & $0.101175$ & $-0.14065$ & $-0.0404934$ & $-0.00167515$ & $-0.00579944$ & $-0.0116944$ & $0.0014923$ & $0.00276733$ & $-0.00262615$ & $-0.00750282$ & $-0.00236002$ & $0.0290072$ & $0.0102402$ & $0.00708311$ & $0.0142218$ & $0.000161682$ & $-0.000991129$ & $-0.00583879$ & $0.0066011$ & $0.00700117$ & $0.00596335$ & $-0.0213559$ & $-0.00559686$ & $-0.0187295$ & $0.0105118$ & $-0.0229601$ & $0.0177055$ & $0.00128024$ & $0.0308067$ & $0.027148$ & $-0.00818339$ & $-0.00851907$ & $-0.003386$ & $-0.0744502$ & $0.0487151$ & $-0.0553232$ & $9.55632e-05$ & $0.0608849$ & $-0.0262609$ & $0.0903274$ & $-0.0114162$ & $0.0428585$ & $0.0824565$ & $0.182719$ & $1$ & $-0.142481$ & $0.0260709$ & $-0.0828118$ \\
eHccpar & $-0.0177409$ & $-0.00498389$ & $0.139305$ & $0.00301509$ & $0.0204831$ & $-0.0150005$ & $-0.0139795$ & $-0.042394$ & $-0.0450669$ & $0.0237267$ & $0.0387531$ & $0.0245974$ & $-0.0210905$ & $-0.00847113$ & $-0.0140361$ & $-0.0217306$ & $0.0146122$ & $0.0159684$ & $0.0232223$ & $-0.0380655$ & $-0.0373635$ & $-0.0363042$ & $0.0243327$ & $0.0194425$ & $0.0393918$ & $0.00769454$ & $0.0107132$ & $-0.0379803$ & $0.0295714$ & $0.00978593$ & $0.340342$ & $-0.012259$ & $0.0255523$ & $-0.0216218$ & $0.00858585$ & $-0.0558587$ & $-0.0316922$ & $0.0516127$ & $-0.122165$ & $-0.0179663$ & $-0.0793503$ & $0.0201194$ & $-0.0867199$ & $-0.0492054$ & $0.0650601$ & $-0.142481$ & $1$ & $0.0687072$ & $0.0039457$ \\
eHbbint & $-0.0603403$ & $0.0629032$ & $-0.0760364$ & $0.0385803$ & $-0.0127837$ & $0.0082128$ & $0.00395936$ & $-0.0173751$ & $-0.0160946$ & $-0.00216791$ & $0.00504722$ & $0.000527723$ & $-0.000902335$ & $0.0177431$ & $-0.0152996$ & $0.00838992$ & $0.0173917$ & $0.0302669$ & $0.0135377$ & $-0.00432257$ & $-0.00468575$ & $-0.00573232$ & $-0.0330961$ & $0.0304955$ & $0.0263462$ & $0.0237012$ & $-0.0041826$ & $0.00985111$ & $0.0109757$ & $-0.0187436$ & $0.0290623$ & $0.0071153$ & $0.108078$ & $0.000776957$ & $0.0271897$ & $-0.0227297$ & $0.0646298$ & $0.0319324$ & $0.00513535$ & $-0.00334685$ & $0.0410103$ & $0.0172234$ & $0.0536058$ & $0.0394735$ & $-0.0282678$ & $0.0260709$ & $0.0687072$ & $1$ & $-0.0768045$ \\
eHbbpar & $-0.0549249$ & $-0.0495312$ & $-0.0752576$ & $-0.0414476$ & $-0.00960121$ & $-0.0027876$ & $-0.00822461$ & $0.0265546$ & $0.0259475$ & $-0.00786751$ & $-0.0203373$ & $-0.00617747$ & $-0.0318875$ & $-0.00369066$ & $0.00950827$ & $0.029994$ & $-0.0196752$ & $-0.0167444$ & $-0.0352514$ & $0.0214431$ & $0.0159037$ & $0.0120212$ & $0.0102743$ & $-0.0118817$ & $-0.0220821$ & $-0.024063$ & $-0.00816543$ & $-0.0150141$ & $0.0102756$ & $0.000654485$ & $0.00739857$ & $0.00160621$ & $0.458306$ & $0.00734172$ & $-0.0486312$ & $-0.022086$ & $0.0190146$ & $-0.0135708$ & $-0.0599385$ & $0.0190906$ & $0.115594$ & $0.033322$ & $-0.0267514$ & $-0.0408832$ & $-0.146549$ & $-0.0828118$ & $0.0039457$ & $-0.0768045$ & $1$ \\
