 & AlsMz & dAle5Mz & mtop & mHl & Mz & CW & CHG & CHWB & CHWHB_gaga & CHWHB_gagaorth & CHD & CHbox & CH & CHL1_11 & CHL1_22 & CHL1_33 & CHL3_11 & CHL3_22 & CHL3_33 & CHe_11 & CHe_22 & CHe_33 & CHQ1_11 & CHQ1_33 & CHQ3_11 & CHu_11 & CHd_11 & CHd_33 & CeH_22r & CeH_33r & CuH_22r & CuH_33r & CdH_33r & CLL_1221 & eHggint & eHggpar & eHWWint & eHWWpar & eHZZint & eHZZpar & eHZgaint & eHZgapar & eHgagaint & eHmumuint & eHtautauint & eHccint & eHccpar & eHbbint & eHbbpar \\
AlsMz & $1$ & $-0.0179675$ & $0.084591$ & $-0.0121195$ & $-0.0135283$ & $-0.0171922$ & $0.0606124$ & $-5.20937e-05$ & $-0.00108802$ & $0.00170346$ & $0.00280439$ & $-0.0419176$ & $-0.0514939$ & $-0.0138488$ & $-0.0085967$ & $-0.0155482$ & $-0.0173088$ & $-0.0116018$ & $-0.00791624$ & $-0.0139094$ & $-0.00793101$ & $-0.00514055$ & $0.0158551$ & $-0.0605061$ & $-0.116609$ & $-0.0423107$ & $-0.0252906$ & $0.0271332$ & $-0.00712035$ & $-0.00313167$ & $0.0334462$ & $0.0696998$ & $-0.0601521$ & $0.00524209$ & $-0.0804997$ & $0.161785$ & $-0.00884617$ & $0.0285361$ & $0.0443513$ & $-0.0146837$ & $0.0824691$ & $-0.0229862$ & $-0.047421$ & $-0.0710454$ & $0.00102393$ & $-0.0355215$ & $0.089448$ & $-0.0537982$ & $-0.0871796$ \\
dAle5Mz & $-0.0179675$ & $1$ & $0.0592709$ & $-0.0745972$ & $-0.0243344$ & $0.0308359$ & $0.0334621$ & $-0.0538983$ & $-0.0555725$ & $0.0173601$ & $0.0415851$ & $0.00632215$ & $-0.00138626$ & $-0.0200577$ & $0.0285922$ & $-0.0164827$ & $0.0124172$ & $-0.0174435$ & $0.0113266$ & $-0.0202871$ & $-0.0223542$ & $-0.0236172$ & $-0.0165563$ & $0.0135267$ & $-0.00306594$ & $0.0146212$ & $-0.0276067$ & $-0.00215256$ & $0.00270702$ & $-0.037163$ & $0.0557209$ & $0.0327054$ & $-0.0684577$ & $-0.0107279$ & $0.0838583$ & $0.0204159$ & $0.122712$ & $0.0243542$ & $-0.00898976$ & $0.0448877$ & $0.0422765$ & $0.0142103$ & $0.0251758$ & $0.0846543$ & $-0.0860913$ & $0.0863958$ & $0.215543$ & $-0.0233903$ & $-0.0492117$ \\
mtop & $0.084591$ & $0.0592709$ & $1$ & $0.0229784$ & $-0.015158$ & $0.00928898$ & $0.0374801$ & $-0.0165041$ & $-0.0201163$ & $0.027153$ & $0.0202944$ & $0.0324449$ & $0.0174109$ & $-0.00441319$ & $0.0150735$ & $0.0136604$ & $-0.00117063$ & $-0.00337518$ & $-0.00477592$ & $-0.0063392$ & $-0.0145395$ & $-0.0177412$ & $-0.00367588$ & $0.00759864$ & $-0.0167569$ & $-0.00103639$ & $-0.0386138$ & $0.00518306$ & $-0.00529408$ & $-0.0102689$ & $-0.00298639$ & $0.042261$ & $-0.0865133$ & $-0.023001$ & $0.00241295$ & $0.113301$ & $0.076425$ & $0.00993043$ & $0.103171$ & $-0.028992$ & $0.10466$ & $-0.0250635$ & $-0.0109064$ & $-0.093605$ & $0.0131834$ & $0.0412332$ & $0.0440507$ & $0.013369$ & $-0.155148$ \\
mHl & $-0.0121195$ & $-0.0745972$ & $0.0229784$ & $1$ & $-0.0200812$ & $-0.0226444$ & $0.0288733$ & $0.00955394$ & $0.0176333$ & $0.0124088$ & $-0.00922237$ & $-0.0266827$ & $-0.017043$ & $0.00641966$ & $-0.00475338$ & $0.00606611$ & $-0.00367306$ & $0.00428997$ & $-0.00440013$ & $0.00868411$ & $0.00637765$ & $0.00667321$ & $0.0048233$ & $-0.0113984$ & $-5.42976e-05$ & $-0.00334885$ & $0.00186833$ & $-0.000273572$ & $0.0117012$ & $0.00245532$ & $0.00395136$ & $0.0178882$ & $-0.0556755$ & $0.00649248$ & $-0.0185487$ & $-0.135164$ & $-0.1111$ & $0.000239041$ & $0.0201882$ & $0.0387089$ & $-0.158085$ & $-0.0123235$ & $0.122089$ & $-0.103512$ & $0.136492$ & $0.0538647$ & $0.0148155$ & $-0.0945002$ & $-0.0749455$ \\
Mz & $-0.0135283$ & $-0.0243344$ & $-0.015158$ & $-0.0200812$ & $1$ & $0.0123358$ & $0.0187418$ & $-0.0158132$ & $-0.012845$ & $0.0124733$ & $0.0365742$ & $0.00855568$ & $-0.00326101$ & $-0.0281345$ & $-0.0135624$ & $-0.0129508$ & $-0.0202759$ & $-0.0130947$ & $-0.0135257$ & $-0.0291889$ & $-0.0263302$ & $-0.0267214$ & $0.0121807$ & $-0.00811621$ & $-0.00365857$ & $0.00421309$ & $0.00705591$ & $0.000908913$ & $-0.0132468$ & $-0.0122721$ & $0.00800612$ & $0.0184573$ & $-0.00822061$ & $-0.00429386$ & $0.0111241$ & $0.0151588$ & $-0.0124238$ & $-0.0161155$ & $-0.00791254$ & $0.0107949$ & $0.0255362$ & $0.00222279$ & $0.0071328$ & $-0.0145402$ & $-0.00617125$ & $-0.00227029$ & $0.00482357$ & $0.0182447$ & $-0.0126858$ \\
CW & $-0.0171922$ & $0.0308359$ & $0.00928898$ & $-0.0226444$ & $0.0123358$ & $1$ & $0.0122524$ & $-0.114756$ & $-0.11375$ & $0.00309646$ & $0.184495$ & $0.0123882$ & $-0.0149002$ & $0.00447264$ & $-0.0833299$ & $-0.078164$ & $-0.261766$ & $-0.0615186$ & $-0.0634048$ & $-0.182078$ & $-0.185875$ & $-0.182654$ & $-0.0167106$ & $-0.011942$ & $-0.0976145$ & $0.109281$ & $-0.0742883$ & $-0.0729837$ & $0.00609186$ & $-0.0224703$ & $-0.0285232$ & $0.0147372$ & $-0.0207264$ & $-0.111266$ & $0.0532969$ & $0.0065513$ & $0.0121533$ & $0.00927522$ & $-0.0341213$ & $-0.00102105$ & $0.0129762$ & $0.0125228$ & $-0.010035$ & $0.00962095$ & $-0.0129864$ & $0.0090704$ & $-0.0106385$ & $0.0235374$ & $0.0105227$ \\
CHG & $0.0606124$ & $0.0334621$ & $0.0374801$ & $0.0288733$ & $0.0187418$ & $0.0122524$ & $1$ & $-0.0610185$ & $-0.00520203$ & $0.096231$ & $0.0615766$ & $-0.331019$ & $-0.439853$ & $-0.0194272$ & $-0.0355993$ & $-0.0194303$ & $0.00180741$ & $0.0228475$ & $0.0152941$ & $-0.0606995$ & $-0.059514$ & $-0.0602813$ & $0.00835519$ & $0.0283524$ & $0.0175838$ & $0.0318223$ & $-0.00757035$ & $-0.00163451$ & $-0.0172798$ & $-0.19655$ & $-0.110914$ & $0.944707$ & $-0.255634$ & $-0.0190734$ & $-0.0507208$ & $-0.0108183$ & $0.0108552$ & $0.0161923$ & $-0.0114069$ & $0.030456$ & $-0.0399344$ & $-0.0267876$ & $-0.0101701$ & $-0.038998$ & $0.0272764$ & $0.00978171$ & $0.0429433$ & $-0.0139402$ & $-0.020306$ \\
CHWB & $-5.20937e-05$ & $-0.0538983$ & $-0.0165041$ & $0.00955394$ & $-0.0158132$ & $-0.114756$ & $-0.0610185$ & $1$ & $0.982717$ & $-0.55577$ & $-0.867935$ & $0.0250631$ & $0.171256$ & $0.0425123$ & $0.310933$ & $0.29363$ & $-0.27115$ & $-0.466261$ & $-0.45451$ & $0.83954$ & $0.885349$ & $0.869915$ & $0.0552906$ & $-0.693375$ & $-0.422147$ & $-0.498077$ & $0.435325$ & $0.29334$ & $0.0279722$ & $0.0851815$ & $0.0441788$ & $-0.0573572$ & $0.0910595$ & $0.572265$ & $0.00739152$ & $-0.00804398$ & $0.00789772$ & $-0.00530904$ & $-0.00193637$ & $-0.00819665$ & $-0.0284627$ & $0.00219804$ & $-0.0146571$ & $0.0128284$ & $0.023592$ & $0.0115693$ & $-0.00773509$ & $-0.0121207$ & $0.0263341$ \\
CHWHB_gaga & $-0.00108802$ & $-0.0555725$ & $-0.0201163$ & $0.0176333$ & $-0.012845$ & $-0.11375$ & $-0.00520203$ & $0.982717$ & $1$ & $-0.546963$ & $-0.851764$ & $0.0310379$ & $0.15487$ & $0.0387989$ & $0.30589$ & $0.288863$ & $-0.26873$ & $-0.460325$ & $-0.448637$ & $0.824513$ & $0.868869$ & $0.853835$ & $0.0542388$ & $-0.683559$ & $-0.414797$ & $-0.487827$ & $0.429353$ & $0.287889$ & $0.0354225$ & $0.10383$ & $0.0475594$ & $-0.00948363$ & $0.106387$ & $0.561864$ & $-0.0139509$ & $-0.0236829$ & $-0.00313568$ & $-0.00300939$ & $-0.00377397$ & $-0.0046816$ & $-0.032152$ & $0.00215706$ & $0.0459355$ & $0.0113078$ & $0.0334853$ & $-0.000251551$ & $-0.012581$ & $-0.0120558$ & $0.0219589$ \\
CHWHB_gagaorth & $0.00170346$ & $0.0173601$ & $0.027153$ & $0.0124088$ & $0.0124733$ & $0.00309646$ & $0.096231$ & $-0.55577$ & $-0.546963$ & $1$ & $0.369584$ & $0.0848691$ & $-0.245025$ & $0.187421$ & $-0.141186$ & $-0.137168$ & $0.371759$ & $0.437586$ & $0.43247$ & $-0.357065$ & $-0.383956$ & $-0.380271$ & $-0.0303846$ & $0.510428$ & $0.420424$ & $0.206927$ & $-0.233334$ & $-0.11462$ & $-0.0259247$ & $-0.196882$ & $-0.0815363$ & $0.096458$ & $-0.210409$ & $-0.335259$ & $0.00455282$ & $0.0308032$ & $-0.00260243$ & $0.0171362$ & $-0.00727408$ & $-0.00116947$ & $-0.0588179$ & $-0.00340308$ & $-0.00391752$ & $-0.0362115$ & $-0.000606215$ & $-0.00853272$ & $0.0159769$ & $0.012275$ & $-0.0229191$ \\
CHD & $0.00280439$ & $0.0415851$ & $0.0202944$ & $-0.00922237$ & $0.0365742$ & $0.184495$ & $0.0615766$ & $-0.867935$ & $-0.851764$ & $0.369584$ & $1$ & $0.022433$ & $-0.132881$ & $-0.489033$ & $-0.430845$ & $-0.409762$ & $-0.210463$ & $0.0717451$ & $0.0588016$ & $-0.990362$ & $-0.991526$ & $-0.970831$ & $-1.22287e-05$ & $0.309081$ & $0.0148344$ & $0.563561$ & $-0.3018$ & $-0.332121$ & $-0.0193584$ & $-0.088477$ & $-0.0543226$ & $0.0615475$ & $-0.100189$ & $-0.369353$ & $0.00715719$ & $0.0174639$ & $-0.00529247$ & $0.00557901$ & $0.00659198$ & $0.0157218$ & $0.0514225$ & $-0.00794745$ & $0.00973975$ & $-0.0141565$ & $-0.043103$ & $-0.0197302$ & $0.00526216$ & $0.00964509$ & $-0.0204354$ \\
CHbox & $-0.0419176$ & $0.00632215$ & $0.0324449$ & $-0.0266827$ & $0.00855568$ & $0.0123882$ & $-0.331019$ & $0.0250631$ & $0.0310379$ & $0.0848691$ & $0.022433$ & $1$ & $0.756804$ & $-0.0967548$ & $0.0325609$ & $0.0213945$ & $-0.0943327$ & $-0.101946$ & $-0.0972435$ & $-0.0116558$ & $-0.0236128$ & $-0.0216896$ & $0.00537309$ & $-0.0545433$ & $-0.087014$ & $0.00682334$ & $-0.0127424$ & $-0.000141399$ & $0.0782342$ & $0.440614$ & $0.162525$ & $-0.245692$ & $0.49553$ & $-0.00672238$ & $0.0991421$ & $0.03689$ & $0.0026874$ & $-0.0199594$ & $-0.0492622$ & $-0.0223138$ & $0.0281604$ & $0.0112335$ & $-0.0189268$ & $0.0100366$ & $-0.0372208$ & $-0.00177804$ & $-0.00807648$ & $0.00955325$ & $-0.0156919$ \\
CH & $-0.0514939$ & $-0.00138626$ & $0.0174109$ & $-0.017043$ & $-0.00326101$ & $-0.0149002$ & $-0.439853$ & $0.171256$ & $0.15487$ & $-0.245025$ & $-0.132881$ & $0.756804$ & $1$ & $-0.0284882$ & $0.0555162$ & $0.0489166$ & $-0.0731708$ & $-0.106565$ & $-0.106029$ & $0.131584$ & $0.136907$ & $0.134119$ & $0.0145793$ & $-0.13049$ & $-0.0979886$ & $-0.0803896$ & $0.0661868$ & $0.0408665$ & $0.0730096$ & $0.372199$ & $0.181698$ & $-0.401636$ & $0.434596$ & $0.0990147$ & $0.0331016$ & $-0.018851$ & $-0.0107612$ & $-0.0226488$ & $-0.031377$ & $-0.0274804$ & $0.0340038$ & $-0.00228581$ & $0.00441385$ & $0.0304639$ & $-0.0157153$ & $-0.00447945$ & $-0.0211814$ & $0.00234547$ & $0.002726$ \\
CHL1_11 & $-0.0138488$ & $-0.0200577$ & $-0.00441319$ & $0.00641966$ & $-0.0281345$ & $0.00447264$ & $-0.0194272$ & $0.0425123$ & $0.0387989$ & $0.187421$ & $-0.489033$ & $-0.0967548$ & $-0.0284882$ & $1$ & $0.258824$ & $0.241681$ & $0.701163$ & $0.630496$ & $0.63897$ & $0.507413$ & $0.450126$ & $0.432842$ & $-0.0804169$ & $0.510576$ & $0.640087$ & $-0.26219$ & $-0.107006$ & $0.155164$ & $-0.00475698$ & $0.0255016$ & $0.0246926$ & $-0.0272258$ & $0.0413481$ & $-0.238213$ & $-0.0241815$ & $-0.0241738$ & $-0.00967091$ & $-0.000259605$ & $-0.0119833$ & $-0.0204453$ & $-0.0624212$ & $0.00908848$ & $0.00995987$ & $-0.00224494$ & $0.0567763$ & $0.0107598$ & $-0.000830347$ & $0.00676244$ & $0.00244012$ \\
CHL1_22 & $-0.0085967$ & $0.0285922$ & $0.0150735$ & $-0.00475338$ & $-0.0135624$ & $-0.0833299$ & $-0.0355993$ & $0.310933$ & $0.30589$ & $-0.141186$ & $-0.430845$ & $0.0325609$ & $0.0555162$ & $0.258824$ & $1$ & $0.444998$ & $0.142036$ & $-0.434942$ & $-0.0376258$ & $0.495551$ & $0.350287$ & $0.345669$ & $-0.182138$ & $0.0731642$ & $-0.144959$ & $-0.207395$ & $-0.389297$ & $0.117465$ & $0.00942199$ & $0.0411228$ & $0.0195427$ & $-0.035884$ & $0.034229$ & $-0.571959$ & $0.00811161$ & $-0.0210588$ & $0.0142869$ & $-0.0136059$ & $-0.0156591$ & $-0.0144623$ & $0.00817526$ & $0.00691463$ & $-0.00278969$ & $0.0185898$ & $0.00734639$ & $0.0174433$ & $-0.00562302$ & $0.00185893$ & $-0.0148284$ \\
CHL1_33 & $-0.0155482$ & $-0.0164827$ & $0.0136604$ & $0.00606611$ & $-0.0129508$ & $-0.078164$ & $-0.0194303$ & $0.29363$ & $0.288863$ & $-0.137168$ & $-0.409762$ & $0.0213945$ & $0.0489166$ & $0.241681$ & $0.444998$ & $1$ & $0.144225$ & $-0.0396737$ & $-0.419921$ & $0.472647$ & $0.330638$ & $0.349449$ & $-0.172047$ & $0.0822024$ & $-0.129858$ & $-0.192408$ & $-0.373003$ & $0.113522$ & $-0.00273331$ & $0.0413287$ & $0.0214049$ & $-0.020685$ & $0.0353484$ & $-0.0906023$ & $-0.010204$ & $-0.0248422$ & $0.00272026$ & $-0.00493883$ & $-0.00633393$ & $0.00359384$ & $0.00633305$ & $-0.00541896$ & $-0.0134086$ & $0.0060711$ & $0.0103117$ & $0.0259928$ & $-0.00159774$ & $-0.0138235$ & $-0.00940908$ \\
CHL3_11 & $-0.0173088$ & $0.0124172$ & $-0.00117063$ & $-0.00367306$ & $-0.0202759$ & $-0.261766$ & $0.00180741$ & $-0.27115$ & $-0.26873$ & $0.371759$ & $-0.210463$ & $-0.0943327$ & $-0.0731708$ & $0.701163$ & $0.142036$ & $0.144225$ & $1$ & $0.767215$ & $0.763951$ & $0.231627$ & $0.178755$ & $0.169552$ & $-0.0711515$ & $0.702403$ & $0.800816$ & $-0.111322$ & $-0.167605$ & $0.0661925$ & $-0.0206854$ & $0.00193009$ & $0.0180118$ & $-0.00495722$ & $0.0161432$ & $-0.264975$ & $-0.0319114$ & $-0.0111306$ & $0.00082311$ & $-0.00094083$ & $-0.00387524$ & $-0.0144053$ & $-0.0420875$ & $0.0123389$ & $0.00904763$ & $-0.00303154$ & $0.0308912$ & $0.0132341$ & $0.00130776$ & $0.00954623$ & $-0.00794914$ \\
CHL3_22 & $-0.0116018$ & $-0.0174435$ & $-0.00337518$ & $0.00428997$ & $-0.0130947$ & $-0.0615186$ & $0.0228475$ & $-0.466261$ & $-0.460325$ & $0.437586$ & $0.0717451$ & $-0.101946$ & $-0.106565$ & $0.630496$ & $-0.434942$ & $-0.0396737$ & $0.767215$ & $1$ & $0.711491$ & $-0.0733786$ & $-0.069067$ & $-0.0729226$ & $0.00934717$ & $0.665281$ & $0.822006$ & $0.0353931$ & $-0.0240252$ & $-0.0159865$ & $-0.023386$ & $-0.0213336$ & $0.00250378$ & $0.0162716$ & $-0.00653457$ & $-0.0117115$ & $-0.0327895$ & $-0.00531667$ & $-0.0144386$ & $0.00619699$ & $0.00365928$ & $-0.00642886$ & $-0.0452913$ & $0.00470222$ & $0.0111522$ & $-0.0150717$ & $0.0309433$ & $-0.000104874$ & $0.00438867$ & $0.0062953$ & $-0.0020647$ \\
CHL3_33 & $-0.00791624$ & $0.0113266$ & $-0.00477592$ & $-0.00440013$ & $-0.0135257$ & $-0.0634048$ & $0.0152941$ & $-0.45451$ & $-0.448637$ & $0.43247$ & $0.0588016$ & $-0.0972435$ & $-0.106029$ & $0.63897$ & $-0.0376258$ & $-0.419921$ & $0.763951$ & $0.711491$ & $1$ & $-0.0597084$ & $-0.0558554$ & $-0.056085$ & $0.00376162$ & $0.657466$ & $0.814366$ & $0.0268066$ & $-0.0281761$ & $-0.0140413$ & $-0.0164235$ & $-0.0213744$ & $1.92423e-05$ & $0.00981019$ & $-0.00630304$ & $-0.359829$ & $-0.019847$ & $-0.00325378$ & $-0.0113488$ & $0.00335823$ & $-0.00775168$ & $-0.0193206$ & $-0.0372105$ & $0.0124321$ & $0.0200076$ & $-0.00600335$ & $0.0268405$ & $-0.00422822$ & $-0.00391589$ & $0.0143695$ & $-0.00432412$ \\
CHe_11 & $-0.0139094$ & $-0.0202871$ & $-0.0063392$ & $0.00868411$ & $-0.0291889$ & $-0.182078$ & $-0.0606995$ & $0.83954$ & $0.824513$ & $-0.357065$ & $-0.990362$ & $-0.0116558$ & $0.131584$ & $0.507413$ & $0.495551$ & $0.472647$ & $0.231627$ & $-0.0733786$ & $-0.0597084$ & $1$ & $0.973238$ & $0.953779$ & $-0.0263016$ & $-0.258169$ & $-0.00859453$ & $-0.553028$ & $0.226115$ & $0.327675$ & $0.0184004$ & $0.090219$ & $0.0554548$ & $-0.0602558$ & $0.0991851$ & $0.290598$ & $-0.0030312$ & $-0.020286$ & $0.00864342$ & $-0.00861951$ & $-0.00662474$ & $-0.0161109$ & $-0.0471691$ & $0.00679254$ & $-0.0089655$ & $0.0165178$ & $0.0403856$ & $0.0228857$ & $-0.000716013$ & $-0.00942735$ & $0.0137217$ \\
CHe_22 & $-0.00793101$ & $-0.0223542$ & $-0.0145395$ & $0.00637765$ & $-0.0263302$ & $-0.185875$ & $-0.059514$ & $0.885349$ & $0.868869$ & $-0.383956$ & $-0.991526$ & $-0.0236128$ & $0.136907$ & $0.450126$ & $0.350287$ & $0.330638$ & $0.178755$ & $-0.069067$ & $-0.0558554$ & $0.973238$ & $1$ & $0.975298$ & $0.0268042$ & $-0.361741$ & $-0.0210398$ & $-0.565051$ & $0.380742$ & $0.334204$ & $0.0200684$ & $0.0861788$ & $0.0545521$ & $-0.0591987$ & $0.0987765$ & $0.452925$ & $-0.00332394$ & $-0.0124354$ & $0.00830876$ & $-0.00431558$ & $-0.00416912$ & $-0.0146856$ & $-0.0517868$ & $0.00807248$ & $-0.00875186$ & $0.0143857$ & $0.0398035$ & $0.0197081$ & $-0.00193971$ & $-0.00986353$ & $0.0224377$ \\
CHe_33 & $-0.00514055$ & $-0.0236172$ & $-0.0177412$ & $0.00667321$ & $-0.0267214$ & $-0.182654$ & $-0.0602813$ & $0.869915$ & $0.853835$ & $-0.380271$ & $-0.970831$ & $-0.0216896$ & $0.134119$ & $0.432842$ & $0.345669$ & $0.349449$ & $0.169552$ & $-0.0729226$ & $-0.056085$ & $0.953779$ & $0.975298$ & $1$ & $0.0270237$ & $-0.357455$ & $-0.0243554$ & $-0.552293$ & $0.374536$ & $0.330218$ & $0.0178257$ & $0.0892194$ & $0.054723$ & $-0.0585426$ & $0.0994557$ & $0.446299$ & $0.0022015$ & $-0.0149396$ & $0.00358428$ & $-0.0043826$ & $-0.0105169$ & $-0.0142308$ & $-0.0475911$ & $0.00819898$ & $-0.00550312$ & $0.0129761$ & $0.0370106$ & $0.0180519$ & $-0.00240578$ & $-0.0114042$ & $0.0197279$ \\
CHQ1_11 & $0.0158551$ & $-0.0165563$ & $-0.00367588$ & $0.0048233$ & $0.0121807$ & $-0.0167106$ & $0.00835519$ & $0.0552906$ & $0.0542388$ & $-0.0303846$ & $-1.22287e-05$ & $0.00537309$ & $0.0145793$ & $-0.0804169$ & $-0.182138$ & $-0.172047$ & $-0.0711515$ & $0.00934717$ & $0.00376162$ & $-0.0263016$ & $0.0268042$ & $0.0270237$ & $1$ & $-0.128689$ & $0.0726777$ & $-0.666953$ & $0.339543$ & $0.00193949$ & $-0.000631159$ & $0.0125685$ & $-0.00353575$ & $0.0111168$ & $0.017515$ & $0.200124$ & $0.00021579$ & $-0.023533$ & $0.00534101$ & $0.0115558$ & $0.0173507$ & $-0.0253459$ & $-0.02343$ & $-0.000658964$ & $0.0227401$ & $0.0171621$ & $-0.00815722$ & $-0.0239132$ & $-0.0178635$ & $0.0114499$ & $0.016934$ \\
CHQ1_33 & $-0.0605061$ & $0.0135267$ & $0.00759864$ & $-0.0113984$ & $-0.00811621$ & $-0.011942$ & $0.0283524$ & $-0.693375$ & $-0.683559$ & $0.510428$ & $0.309081$ & $-0.0545433$ & $-0.13049$ & $0.510576$ & $0.0731642$ & $0.0822024$ & $0.702403$ & $0.665281$ & $0.657466$ & $-0.258169$ & $-0.361741$ & $-0.357455$ & $-0.128689$ & $1$ & $0.674061$ & $0.199432$ & $-0.42547$ & $-0.0279466$ & $-0.0324093$ & $-0.0404239$ & $-0.0124255$ & $0.0213729$ & $-0.0302314$ & $-0.631165$ & $-0.0117258$ & $-0.0201199$ & $-0.0103519$ & $-0.000845176$ & $-0.00442587$ & $-0.00185391$ & $-0.00985096$ & $0.00665432$ & $0.00909309$ & $0.00214616$ & $0.00559903$ & $0.00152887$ & $-0.00140071$ & $0.0168024$ & $-0.0162381$ \\
CHQ3_11 & $-0.116609$ & $-0.00306594$ & $-0.0167569$ & $-5.42976e-05$ & $-0.00365857$ & $-0.0976145$ & $0.0175838$ & $-0.422147$ & $-0.414797$ & $0.420424$ & $0.0148344$ & $-0.087014$ & $-0.0979886$ & $0.640087$ & $-0.144959$ & $-0.129858$ & $0.800816$ & $0.822006$ & $0.814366$ & $-0.00859453$ & $-0.0210398$ & $-0.0243554$ & $0.0726777$ & $0.674061$ & $1$ & $0.013299$ & $0.175756$ & $-0.00194256$ & $-0.0185015$ & $-0.0128147$ & $0.00590511$ & $0.0123053$ & $0.00308399$ & $-0.214479$ & $-0.0174552$ & $-0.0237871$ & $-0.00177732$ & $-0.00209653$ & $0.00448846$ & $-0.0232724$ & $-0.0483657$ & $0.0150332$ & $0.0257254$ & $-0.00295029$ & $0.0310028$ & $0.00856105$ & $-0.0188028$ & $0.0137455$ & $0.00399248$ \\
CHu_11 & $-0.0423107$ & $0.0146212$ & $-0.00103639$ & $-0.00334885$ & $0.00421309$ & $0.109281$ & $0.0318223$ & $-0.498077$ & $-0.487827$ & $0.206927$ & $0.563561$ & $0.00682334$ & $-0.0803896$ & $-0.26219$ & $-0.207395$ & $-0.192408$ & $-0.111322$ & $0.0353931$ & $0.0268066$ & $-0.553028$ & $-0.565051$ & $-0.552293$ & $-0.666953$ & $0.199432$ & $0.013299$ & $1$ & $-0.175929$ & $-0.186719$ & $-0.00079198$ & $-0.0601283$ & $-0.0268135$ & $0.0310446$ & $-0.0666778$ & $-0.247733$ & $0.00939604$ & $0.0277804$ & $-0.00909215$ & $-0.0141743$ & $-0.00368613$ & $0.0227459$ & $0.0298594$ & $-0.00323114$ & $-0.00953129$ & $-0.0262519$ & $-0.0153901$ & $-0.000170212$ & $0.0110283$ & $-0.00383268$ & $-0.0211584$ \\
CHd_11 & $-0.0252906$ & $-0.0276067$ & $-0.0386138$ & $0.00186833$ & $0.00705591$ & $-0.0742883$ & $-0.00757035$ & $0.435325$ & $0.429353$ & $-0.233334$ & $-0.3018$ & $-0.0127424$ & $0.0661868$ & $-0.107006$ & $-0.389297$ & $-0.373003$ & $-0.167605$ & $-0.0240252$ & $-0.0281761$ & $0.226115$ & $0.380742$ & $0.374536$ & $0.339543$ & $-0.42547$ & $0.175756$ & $-0.175929$ & $1$ & $0.111571$ & $0.0138304$ & $0.0295734$ & $0.0242662$ & $-0.00348482$ & $0.0397676$ & $0.694281$ & $0.00890415$ & $0.00616656$ & $0.00871783$ & $0.00191293$ & $0.0219419$ & $-0.0167126$ & $-0.0329406$ & $0.00766949$ & $0.00804462$ & $0.000878174$ & $0.00988791$ & $-0.00530773$ & $-0.0143439$ & $-0.00584749$ & $0.0315926$ \\
CHd_33 & $0.0271332$ & $-0.00215256$ & $0.00518306$ & $-0.000273572$ & $0.000908913$ & $-0.0729837$ & $-0.00163451$ & $0.29334$ & $0.287889$ & $-0.11462$ & $-0.332121$ & $-0.000141399$ & $0.0408665$ & $0.155164$ & $0.117465$ & $0.113522$ & $0.0661925$ & $-0.0159865$ & $-0.0140413$ & $0.327675$ & $0.334204$ & $0.330218$ & $0.00193949$ & $-0.0279466$ & $-0.00194256$ & $-0.186719$ & $0.111571$ & $1$ & $-0.000854694$ & $0.0373408$ & $0.0504054$ & $0.00581652$ & $0.055491$ & $0.150332$ & $0.00141427$ & $-0.00418074$ & $-0.0109497$ & $-0.0231742$ & $-0.0128493$ & $-0.0112707$ & $-0.0236362$ & $0.0118757$ & $-0.0187543$ & $0.0210832$ & $0.0196436$ & $0.0168551$ & $0.0204198$ & $0.0196506$ & $0.0156078$ \\
CeH_22r & $-0.00712035$ & $0.00270702$ & $-0.00529408$ & $0.0117012$ & $-0.0132468$ & $0.00609186$ & $-0.0172798$ & $0.0279722$ & $0.0354225$ & $-0.0259247$ & $-0.0193584$ & $0.0782342$ & $0.0730096$ & $-0.00475698$ & $0.00942199$ & $-0.00273331$ & $-0.0206854$ & $-0.023386$ & $-0.0164235$ & $0.0184004$ & $0.0200684$ & $0.0178257$ & $-0.000631159$ & $-0.0324093$ & $-0.0185015$ & $-0.00079198$ & $0.0138304$ & $-0.000854694$ & $1$ & $0.0545094$ & $0.0444363$ & $-0.025093$ & $0.0605384$ & $0.0126223$ & $-0.0246637$ & $-0.00947842$ & $-0.00155956$ & $0.00399569$ & $0.0193349$ & $-0.0113853$ & $-0.00270839$ & $0.00467289$ & $0.0199894$ & $-0.0164886$ & $0.00131883$ & $0.00717997$ & $0.030544$ & $-0.00145154$ & $-0.00906444$ \\
CeH_33r & $-0.00313167$ & $-0.037163$ & $-0.0102689$ & $0.00245532$ & $-0.0122721$ & $-0.0224703$ & $-0.19655$ & $0.0851815$ & $0.10383$ & $-0.196882$ & $-0.088477$ & $0.440614$ & $0.372199$ & $0.0255016$ & $0.0411228$ & $0.0413287$ & $0.00193009$ & $-0.0213336$ & $-0.0213744$ & $0.090219$ & $0.0861788$ & $0.0892194$ & $0.0125685$ & $-0.0404239$ & $-0.0128147$ & $-0.0601283$ & $0.0295734$ & $0.0373408$ & $0.0545094$ & $1$ & $0.327273$ & $-0.0538372$ & $0.68095$ & $0.0352735$ & $-0.0318044$ & $-0.0659557$ & $-0.18055$ & $-0.0506345$ & $-0.0687697$ & $-0.0384088$ & $0.0146324$ & $0.0393167$ & $0.027604$ & $-0.0436562$ & $0.0751817$ & $-0.0370882$ & $-0.00566959$ & $-0.0152525$ & $-0.0078852$ \\
CuH_22r & $0.0334462$ & $0.0557209$ & $-0.00298639$ & $0.00395136$ & $0.00800612$ & $-0.0285232$ & $-0.110914$ & $0.0441788$ & $0.0475594$ & $-0.0815363$ & $-0.0543226$ & $0.162525$ & $0.181698$ & $0.0246926$ & $0.0195427$ & $0.0214049$ & $0.0180118$ & $0.00250378$ & $1.92423e-05$ & $0.0554548$ & $0.0545521$ & $0.054723$ & $-0.00353575$ & $-0.0124255$ & $0.00590511$ & $-0.0268135$ & $0.0242662$ & $0.0504054$ & $0.0444363$ & $0.327273$ & $1$ & $-0.0294148$ & $0.348638$ & $0.0258017$ & $-0.0681853$ & $0.0272077$ & $-0.061696$ & $-0.0330321$ & $-0.00583454$ & $-0.0167105$ & $-0.0389493$ & $0.0287547$ & $-0.0603896$ & $-0.00455649$ & $0.0195016$ & $0.00785743$ & $0.380199$ & $0.0367056$ & $-0.0495273$ \\
CuH_33r & $0.0696998$ & $0.0327054$ & $0.042261$ & $0.0178882$ & $0.0184573$ & $0.0147372$ & $0.944707$ & $-0.0573572$ & $-0.00948363$ & $0.096458$ & $0.0615475$ & $-0.245692$ & $-0.401636$ & $-0.0272258$ & $-0.035884$ & $-0.020685$ & $-0.00495722$ & $0.0162716$ & $0.00981019$ & $-0.0602558$ & $-0.0591987$ & $-0.0585426$ & $0.0111168$ & $0.0213729$ & $0.0123053$ & $0.0310446$ & $-0.00348482$ & $0.00581652$ & $-0.025093$ & $-0.0538372$ & $-0.0294148$ & $1$ & $-0.0861962$ & $-0.0159018$ & $0.0200932$ & $0.0293772$ & $-0.0167334$ & $0.00219994$ & $-0.0304118$ & $0.0279814$ & $-0.0289012$ & $-0.0209726$ & $-0.0204158$ & $-0.0504162$ & $0.0161032$ & $0.00702878$ & $0.0415657$ & $-0.00843545$ & $-0.00842571$ \\
CdH_33r & $-0.0601521$ & $-0.0684577$ & $-0.0865133$ & $-0.0556755$ & $-0.00822061$ & $-0.0207264$ & $-0.255634$ & $0.0910595$ & $0.106387$ & $-0.210409$ & $-0.100189$ & $0.49553$ & $0.434596$ & $0.0413481$ & $0.034229$ & $0.0353484$ & $0.0161432$ & $-0.00653457$ & $-0.00630304$ & $0.0991851$ & $0.0987765$ & $0.0994557$ & $0.017515$ & $-0.0302314$ & $0.00308399$ & $-0.0666778$ & $0.0397676$ & $0.055491$ & $0.0605384$ & $0.68095$ & $0.348638$ & $-0.0861962$ & $1$ & $0.0453459$ & $0.0316237$ & $-0.100958$ & $-0.182499$ & $-0.066526$ & $-0.0407741$ & $-0.0230138$ & $0.0496421$ & $0.0378384$ & $-0.00644493$ & $0.03271$ & $0.00420211$ & $-0.0832963$ & $-0.0419535$ & $0.139092$ & $0.41345$ \\
CLL_1221 & $0.00524209$ & $-0.0107279$ & $-0.023001$ & $0.00649248$ & $-0.00429386$ & $-0.111266$ & $-0.0190734$ & $0.572265$ & $0.561864$ & $-0.335259$ & $-0.369353$ & $-0.00672238$ & $0.0990147$ & $-0.238213$ & $-0.571959$ & $-0.0906023$ & $-0.264975$ & $-0.0117115$ & $-0.359829$ & $0.290598$ & $0.452925$ & $0.446299$ & $0.200124$ & $-0.631165$ & $-0.214479$ & $-0.247733$ & $0.694281$ & $0.150332$ & $0.0126223$ & $0.0352735$ & $0.0258017$ & $-0.0159018$ & $0.0453459$ & $1$ & $-4.82754e-05$ & $0.0138538$ & $0.00650924$ & $0.00724208$ & $0.013691$ & $0.00700561$ & $-0.0273623$ & $-0.00206841$ & $-0.00907246$ & $-0.00255147$ & $0.00496954$ & $-0.000601959$ & $0.0110746$ & $-0.0113137$ & $0.0321708$ \\
eHggint & $-0.0804997$ & $0.0838583$ & $0.00241295$ & $-0.0185487$ & $0.0111241$ & $0.0532969$ & $-0.0507208$ & $0.00739152$ & $-0.0139509$ & $0.00455282$ & $0.00715719$ & $0.0991421$ & $0.0331016$ & $-0.0241815$ & $0.00811161$ & $-0.010204$ & $-0.0319114$ & $-0.0327895$ & $-0.019847$ & $-0.0030312$ & $-0.00332394$ & $0.0022015$ & $0.00021579$ & $-0.0117258$ & $-0.0174552$ & $0.00939604$ & $0.00890415$ & $0.00141427$ & $-0.0246637$ & $-0.0318044$ & $-0.0681853$ & $0.0200932$ & $0.0316237$ & $-4.82754e-05$ & $1$ & $0.0585789$ & $0.0627132$ & $-0.0303961$ & $-0.224767$ & $0.0132724$ & $0.101735$ & $0.0263746$ & $-0.0752236$ & $0.141935$ & $-0.0661932$ & $0.0480187$ & $-0.12203$ & $0.205303$ & $0.0899363$ \\
eHggpar & $0.161785$ & $0.0204159$ & $0.113301$ & $-0.135164$ & $0.0151588$ & $0.0065513$ & $-0.0108183$ & $-0.00804398$ & $-0.0236829$ & $0.0308032$ & $0.0174639$ & $0.03689$ & $-0.018851$ & $-0.0241738$ & $-0.0210588$ & $-0.0248422$ & $-0.0111306$ & $-0.00531667$ & $-0.00325378$ & $-0.020286$ & $-0.0124354$ & $-0.0149396$ & $-0.023533$ & $-0.0201199$ & $-0.0237871$ & $0.0277804$ & $0.00616656$ & $-0.00418074$ & $-0.00947842$ & $-0.0659557$ & $0.0272077$ & $0.0293772$ & $-0.100958$ & $0.0138538$ & $0.0585789$ & $1$ & $0.0752584$ & $-0.00585752$ & $0.0387228$ & $-0.0216359$ & $0.0601178$ & $-0.0339095$ & $-0.0481716$ & $-0.160965$ & $-0.0665726$ & $0.0980577$ & $0.173945$ & $-0.0880914$ & $-0.0650072$ \\
eHWWint & $-0.00884617$ & $0.122712$ & $0.076425$ & $-0.1111$ & $-0.0124238$ & $0.0121533$ & $0.0108552$ & $0.00789772$ & $-0.00313568$ & $-0.00260243$ & $-0.00529247$ & $0.0026874$ & $-0.0107612$ & $-0.00967091$ & $0.0142869$ & $0.00272026$ & $0.00082311$ & $-0.0144386$ & $-0.0113488$ & $0.00864342$ & $0.00830876$ & $0.00358428$ & $0.00534101$ & $-0.0103519$ & $-0.00177732$ & $-0.00909215$ & $0.00871783$ & $-0.0109497$ & $-0.00155956$ & $-0.18055$ & $-0.061696$ & $-0.0167334$ & $-0.182499$ & $0.00650924$ & $0.0627132$ & $0.0752584$ & $1$ & $-0.00911413$ & $0.176698$ & $0.00979769$ & $0.035841$ & $-0.0460992$ & $-0.0348714$ & $0.166818$ & $0.0200294$ & $0.139142$ & $0.066575$ & $0.126927$ & $-0.0503206$ \\
eHWWpar & $0.0285361$ & $0.0243542$ & $0.00993043$ & $0.000239041$ & $-0.0161155$ & $0.00927522$ & $0.0161923$ & $-0.00530904$ & $-0.00300939$ & $0.0171362$ & $0.00557901$ & $-0.0199594$ & $-0.0226488$ & $-0.000259605$ & $-0.0136059$ & $-0.00493883$ & $-0.00094083$ & $0.00619699$ & $0.00335823$ & $-0.00861951$ & $-0.00431558$ & $-0.0043826$ & $0.0115558$ & $-0.000845176$ & $-0.00209653$ & $-0.0141743$ & $0.00191293$ & $-0.0231742$ & $0.00399569$ & $-0.0506345$ & $-0.0330321$ & $0.00219994$ & $-0.066526$ & $0.00724208$ & $-0.0303961$ & $-0.00585752$ & $-0.00911413$ & $1$ & $0.0150984$ & $0.0241348$ & $0.00437314$ & $-0.0121074$ & $0.052877$ & $-0.0252075$ & $0.025458$ & $-0.0203473$ & $-0.0196245$ & $-0.011363$ & $-0.0266224$ \\
eHZZint & $0.0443513$ & $-0.00898976$ & $0.103171$ & $0.0201882$ & $-0.00791254$ & $-0.0341213$ & $-0.0114069$ & $-0.00193637$ & $-0.00377397$ & $-0.00727408$ & $0.00659198$ & $-0.0492622$ & $-0.031377$ & $-0.0119833$ & $-0.0156591$ & $-0.00633393$ & $-0.00387524$ & $0.00365928$ & $-0.00775168$ & $-0.00662474$ & $-0.00416912$ & $-0.0105169$ & $0.0173507$ & $-0.00442587$ & $0.00448846$ & $-0.00368613$ & $0.0219419$ & $-0.0128493$ & $0.0193349$ & $-0.0687697$ & $-0.00583454$ & $-0.0304118$ & $-0.0407741$ & $0.013691$ & $-0.224767$ & $0.0387228$ & $0.176698$ & $0.0150984$ & $1$ & $-0.0212644$ & $-0.0551656$ & $-0.0713385$ & $0.0348178$ & $-0.0437662$ & $0.00414841$ & $-0.066794$ & $0.0946845$ & $-0.1083$ & $0.0986529$ \\
eHZZpar & $-0.0146837$ & $0.0448877$ & $-0.028992$ & $0.0387089$ & $0.0107949$ & $-0.00102105$ & $0.030456$ & $-0.00819665$ & $-0.0046816$ & $-0.00116947$ & $0.0157218$ & $-0.0223138$ & $-0.0274804$ & $-0.0204453$ & $-0.0144623$ & $0.00359384$ & $-0.0144053$ & $-0.00642886$ & $-0.0193206$ & $-0.0161109$ & $-0.0146856$ & $-0.0142308$ & $-0.0253459$ & $-0.00185391$ & $-0.0232724$ & $0.0227459$ & $-0.0167126$ & $-0.0112707$ & $-0.0113853$ & $-0.0384088$ & $-0.0167105$ & $0.0279814$ & $-0.0230138$ & $0.00700561$ & $0.0132724$ & $-0.0216359$ & $0.00979769$ & $0.0241348$ & $-0.0212644$ & $1$ & $-0.00910817$ & $-0.00746827$ & $0.0554466$ & $7.83126e-05$ & $0.0162016$ & $-0.00544617$ & $-0.00382903$ & $0.00825877$ & $0.00234706$ \\
eHZgaint & $0.0824691$ & $0.0422765$ & $0.10466$ & $-0.158085$ & $0.0255362$ & $0.0129762$ & $-0.0399344$ & $-0.0284627$ & $-0.032152$ & $-0.0588179$ & $0.0514225$ & $0.0281604$ & $0.0340038$ & $-0.0624212$ & $0.00817526$ & $0.00633305$ & $-0.0420875$ & $-0.0452913$ & $-0.0372105$ & $-0.0471691$ & $-0.0517868$ & $-0.0475911$ & $-0.02343$ & $-0.00985096$ & $-0.0483657$ & $0.0298594$ & $-0.0329406$ & $-0.0236362$ & $-0.00270839$ & $0.0146324$ & $-0.0389493$ & $-0.0289012$ & $0.0496421$ & $-0.0273623$ & $0.101735$ & $0.0601178$ & $0.035841$ & $0.00437314$ & $-0.0551656$ & $-0.00910817$ & $1$ & $-0.0367299$ & $-0.0280296$ & $0.135612$ & $-0.122374$ & $0.130234$ & $-0.133749$ & $0.0135437$ & $0.0820354$ \\
eHZgapar & $-0.0229862$ & $0.0142103$ & $-0.0250635$ & $-0.0123235$ & $0.00222279$ & $0.0125228$ & $-0.0267876$ & $0.00219804$ & $0.00215706$ & $-0.00340308$ & $-0.00794745$ & $0.0112335$ & $-0.00228581$ & $0.00908848$ & $0.00691463$ & $-0.00541896$ & $0.0123389$ & $0.00470222$ & $0.0124321$ & $0.00679254$ & $0.00807248$ & $0.00819898$ & $-0.000658964$ & $0.00665432$ & $0.0150332$ & $-0.00323114$ & $0.00766949$ & $0.0118757$ & $0.00467289$ & $0.0393167$ & $0.0287547$ & $-0.0209726$ & $0.0378384$ & $-0.00206841$ & $0.0263746$ & $-0.0339095$ & $-0.0460992$ & $-0.0121074$ & $-0.0713385$ & $-0.00746827$ & $-0.0367299$ & $1$ & $0.00545454$ & $-0.00289584$ & $0.0281748$ & $-0.0073361$ & $0.00340217$ & $0.0158931$ & $0.0194917$ \\
eHgagaint & $-0.047421$ & $0.0251758$ & $-0.0109064$ & $0.122089$ & $0.0071328$ & $-0.010035$ & $-0.0101701$ & $-0.0146571$ & $0.0459355$ & $-0.00391752$ & $0.00973975$ & $-0.0189268$ & $0.00441385$ & $0.00995987$ & $-0.00278969$ & $-0.0134086$ & $0.00904763$ & $0.0111522$ & $0.0200076$ & $-0.0089655$ & $-0.00875186$ & $-0.00550312$ & $0.0227401$ & $0.00909309$ & $0.0257254$ & $-0.00953129$ & $0.00804462$ & $-0.0187543$ & $0.0199894$ & $0.027604$ & $-0.0603896$ & $-0.0204158$ & $-0.00644493$ & $-0.00907246$ & $-0.0752236$ & $-0.0481716$ & $-0.0348714$ & $0.052877$ & $0.0348178$ & $0.0554466$ & $-0.0280296$ & $0.00545454$ & $1$ & $-0.00757516$ & $0.177991$ & $-0.156081$ & $-0.144312$ & $-0.00970317$ & $-0.0172881$ \\
eHmumuint & $-0.0710454$ & $0.0846543$ & $-0.093605$ & $-0.103512$ & $-0.0145402$ & $0.00962095$ & $-0.038998$ & $0.0128284$ & $0.0113078$ & $-0.0362115$ & $-0.0141565$ & $0.0100366$ & $0.0304639$ & $-0.00224494$ & $0.0185898$ & $0.0060711$ & $-0.00303154$ & $-0.0150717$ & $-0.00600335$ & $0.0165178$ & $0.0143857$ & $0.0129761$ & $0.0171621$ & $0.00214616$ & $-0.00295029$ & $-0.0262519$ & $0.000878174$ & $0.0210832$ & $-0.0164886$ & $-0.0436562$ & $-0.00455649$ & $-0.0504162$ & $0.03271$ & $-0.00255147$ & $0.141935$ & $-0.160965$ & $0.166818$ & $-0.0252075$ & $-0.0437662$ & $7.83126e-05$ & $0.135612$ & $-0.00289584$ & $-0.00757516$ & $1$ & $-0.107052$ & $0.14989$ & $0.00924816$ & $-0.0438868$ & $0.167882$ \\
eHtautauint & $0.00102393$ & $-0.0860913$ & $0.0131834$ & $0.136492$ & $-0.00617125$ & $-0.0129864$ & $0.0272764$ & $0.023592$ & $0.0334853$ & $-0.000606215$ & $-0.043103$ & $-0.0372208$ & $-0.0157153$ & $0.0567763$ & $0.00734639$ & $0.0103117$ & $0.0308912$ & $0.0309433$ & $0.0268405$ & $0.0403856$ & $0.0398035$ & $0.0370106$ & $-0.00815722$ & $0.00559903$ & $0.0310028$ & $-0.0153901$ & $0.00988791$ & $0.0196436$ & $0.00131883$ & $0.0751817$ & $0.0195016$ & $0.0161032$ & $0.00420211$ & $0.00496954$ & $-0.0661932$ & $-0.0665726$ & $0.0200294$ & $0.025458$ & $0.00414841$ & $0.0162016$ & $-0.122374$ & $0.0281748$ & $0.177991$ & $-0.107052$ & $1$ & $0.0306527$ & $0.076162$ & $0.122126$ & $-0.0275294$ \\
eHccint & $-0.0355215$ & $0.0863958$ & $0.0412332$ & $0.0538647$ & $-0.00227029$ & $0.0090704$ & $0.00978171$ & $0.0115693$ & $-0.000251551$ & $-0.00853272$ & $-0.0197302$ & $-0.00177804$ & $-0.00447945$ & $0.0107598$ & $0.0174433$ & $0.0259928$ & $0.0132341$ & $-0.000104874$ & $-0.00422822$ & $0.0228857$ & $0.0197081$ & $0.0180519$ & $-0.0239132$ & $0.00152887$ & $0.00856105$ & $-0.000170212$ & $-0.00530773$ & $0.0168551$ & $0.00717997$ & $-0.0370882$ & $0.00785743$ & $0.00702878$ & $-0.0832963$ & $-0.000601959$ & $0.0480187$ & $0.0980577$ & $0.139142$ & $-0.0203473$ & $-0.066794$ & $-0.00544617$ & $0.130234$ & $-0.0073361$ & $-0.156081$ & $0.14989$ & $0.0306527$ & $1$ & $-0.0270478$ & $-0.069717$ & $-0.0616137$ \\
eHccpar & $0.089448$ & $0.215543$ & $0.0440507$ & $0.0148155$ & $0.00482357$ & $-0.0106385$ & $0.0429433$ & $-0.00773509$ & $-0.012581$ & $0.0159769$ & $0.00526216$ & $-0.00807648$ & $-0.0211814$ & $-0.000830347$ & $-0.00562302$ & $-0.00159774$ & $0.00130776$ & $0.00438867$ & $-0.00391589$ & $-0.000716013$ & $-0.00193971$ & $-0.00240578$ & $-0.0178635$ & $-0.00140071$ & $-0.0188028$ & $0.0110283$ & $-0.0143439$ & $0.0204198$ & $0.030544$ & $-0.00566959$ & $0.380199$ & $0.0415657$ & $-0.0419535$ & $0.0110746$ & $-0.12203$ & $0.173945$ & $0.066575$ & $-0.0196245$ & $0.0946845$ & $-0.00382903$ & $-0.133749$ & $0.00340217$ & $-0.144312$ & $0.00924816$ & $0.076162$ & $-0.0270478$ & $1$ & $0.111769$ & $-0.114646$ \\
eHbbint & $-0.0537982$ & $-0.0233903$ & $0.013369$ & $-0.0945002$ & $0.0182447$ & $0.0235374$ & $-0.0139402$ & $-0.0121207$ & $-0.0120558$ & $0.012275$ & $0.00964509$ & $0.00955325$ & $0.00234547$ & $0.00676244$ & $0.00185893$ & $-0.0138235$ & $0.00954623$ & $0.0062953$ & $0.0143695$ & $-0.00942735$ & $-0.00986353$ & $-0.0114042$ & $0.0114499$ & $0.0168024$ & $0.0137455$ & $-0.00383268$ & $-0.00584749$ & $0.0196506$ & $-0.00145154$ & $-0.0152525$ & $0.0367056$ & $-0.00843545$ & $0.139092$ & $-0.0113137$ & $0.205303$ & $-0.0880914$ & $0.126927$ & $-0.011363$ & $-0.1083$ & $0.00825877$ & $0.0135437$ & $0.0158931$ & $-0.00970317$ & $-0.0438868$ & $0.122126$ & $-0.069717$ & $0.111769$ & $1$ & $0.00080841$ \\
eHbbpar & $-0.0871796$ & $-0.0492117$ & $-0.155148$ & $-0.0749455$ & $-0.0126858$ & $0.0105227$ & $-0.020306$ & $0.0263341$ & $0.0219589$ & $-0.0229191$ & $-0.0204354$ & $-0.0156919$ & $0.002726$ & $0.00244012$ & $-0.0148284$ & $-0.00940908$ & $-0.00794914$ & $-0.0020647$ & $-0.00432412$ & $0.0137217$ & $0.0224377$ & $0.0197279$ & $0.016934$ & $-0.0162381$ & $0.00399248$ & $-0.0211584$ & $0.0315926$ & $0.0156078$ & $-0.00906444$ & $-0.0078852$ & $-0.0495273$ & $-0.00842571$ & $0.41345$ & $0.0321708$ & $0.0899363$ & $-0.0650072$ & $-0.0503206$ & $-0.0266224$ & $0.0986529$ & $0.00234706$ & $0.0820354$ & $0.0194917$ & $-0.0172881$ & $0.167882$ & $-0.0275294$ & $-0.0616137$ & $-0.114646$ & $0.00080841$ & $1$ \\
