 & AlsMz & dAle5Mz & mtop & mHl & Mz & CW & CHG & CHWB & CHWHB_gaga & CHWHB_gagaorth & CHD & CHbox & CH & CHL1_11 & CHL1_22 & CHL1_33 & CHL3_11 & CHL3_22 & CHL3_33 & CHe_11 & CHe_22 & CHe_33 & CHQ1_11 & CHQ1_33 & CHQ3_11 & CHu_11 & CHd_11 & CHd_33 & CeH_22r & CeH_33r & CuH_22r & CuH_33r & CdH_33r & CLL_1221 & eHggint & eHggpar & eHWWint & eHWWpar & eHZZint & eHZZpar & eHZgaint & eHZgapar & eHgagaint & eHmumuint & eHtautauint & eHccint & eHccpar & eHbbint & eHbbpar \\
AlsMz & $1$ & $-0.0383034$ & $0.0325041$ & $0.173254$ & $-0.0122394$ & $-0.0125019$ & $0.0450737$ & $-0.0116813$ & $-0.00537616$ & $0.016684$ & $0.0113901$ & $0.017747$ & $-0.0104147$ & $-0.025412$ & $-0.0287572$ & $-0.0363299$ & $-0.00337723$ & $0.00395225$ & $0.0164711$ & $-0.022191$ & $-0.0145065$ & $-0.0107186$ & $-0.00555664$ & $-0.065691$ & $-0.106737$ & $-0.011027$ & $-0.00771887$ & $0.0198519$ & $-0.0187667$ & $-0.00585392$ & $0.0506387$ & $0.0575061$ & $-0.00963016$ & $0.0122869$ & $0.0492959$ & $0.0516382$ & $-0.0237276$ & $0.0241239$ & $-0.0423278$ & $-0.0287044$ & $-0.0249712$ & $0.0206952$ & $0.0584833$ & $-0.0630106$ & $-0.118667$ & $-0.0316115$ & $0.0622641$ & $-0.0256527$ & $-0.039425$ \\
dAle5Mz & $-0.0383034$ & $1$ & $0.0205956$ & $-0.0397532$ & $-0.0181518$ & $-0.00501546$ & $0.017791$ & $-0.0585862$ & $-0.0534698$ & $0.0383619$ & $0.0405622$ & $0.0405787$ & $-0.0218847$ & $-0.00871991$ & $-0.0143357$ & $-0.0105415$ & $0.0235628$ & $0.0178373$ & $0.0148028$ & $-0.0188489$ & $-0.0157897$ & $-0.0158507$ & $0.0021911$ & $0.0331766$ & $0.0221793$ & $0.00763801$ & $0.00473073$ & $0.0227204$ & $-0.00447402$ & $-0.0229418$ & $-0.00948672$ & $0.0341383$ & $-0.0492121$ & $0.0262373$ & $0.139033$ & $0.108976$ & $0.0535859$ & $0.0183613$ & $0.03063$ & $0.0125576$ & $0.0360723$ & $-0.029746$ & $0.0632487$ & $0.0130198$ & $0.0073224$ & $-0.0526946$ & $0.0280709$ & $-0.105288$ & $-0.0208221$ \\
mtop & $0.0325041$ & $0.0205956$ & $1$ & $-0.0971824$ & $0.011352$ & $3.25015e-05$ & $-0.00981103$ & $0.0300295$ & $0.029886$ & $0.00232773$ & $-0.0232515$ & $0.00259814$ & $-0.00261819$ & $0.00501571$ & $0.0196832$ & $0.0116985$ & $0.00509357$ & $-0.0140299$ & $-0.0124581$ & $0.0311665$ & $0.0317732$ & $0.0260985$ & $0.0123059$ & $-0.0111385$ & $-0.0139996$ & $-0.0217732$ & $0.00879924$ & $-0.00397993$ & $0.00728575$ & $0.00846496$ & $0.023437$ & $0.000104902$ & $0.00335731$ & $0.0135139$ & $0.0460394$ & $0.028056$ & $-0.145814$ & $-0.0170001$ & $0.00703379$ & $-0.00141249$ & $-0.0410024$ & $0.0102109$ & $-0.0166617$ & $0.0435559$ & $-0.00345484$ & $-0.0990617$ & $0.0569218$ & $-0.00519324$ & $-0.00724227$ \\
mHl & $0.173254$ & $-0.0397532$ & $-0.0971824$ & $1$ & $-0.0410629$ & $-0.0191936$ & $0.0234602$ & $-0.00817864$ & $-0.00368581$ & $-0.0152666$ & $0.0172703$ & $-0.0292086$ & $0.0235653$ & $-0.0341236$ & $-0.00962994$ & $-0.0186389$ & $-0.0141211$ & $-0.0150906$ & $-0.00923167$ & $-0.0223193$ & $-0.0193008$ & $-0.0143488$ & $-0.00204973$ & $-0.0184219$ & $-0.0385092$ & $0.00379295$ & $-0.00971665$ & $0.00681443$ & $-0.00240791$ & $0.00485863$ & $0.041511$ & $0.021225$ & $0.039762$ & $0.00230683$ & $-0.0714272$ & $0.019149$ & $0.0101791$ & $-0.00884158$ & $-0.067988$ & $0.00163788$ & $-0.0107965$ & $0.00805554$ & $0.00263576$ & $-0.0887778$ & $-0.0262156$ & $0.0715547$ & $0.0480627$ & $0.00357647$ & $0.0493918$ \\
Mz & $-0.0122394$ & $-0.0181518$ & $0.011352$ & $-0.0410629$ & $1$ & $-0.00496314$ & $-0.0062524$ & $0.00437288$ & $0.0029807$ & $0.00442053$ & $1.12128e-05$ & $0.00553615$ & $-0.00994849$ & $0.0144691$ & $-0.00250507$ & $0.0042415$ & $0.00999395$ & $0.0106457$ & $0.00322735$ & $0.00778514$ & $0.0101272$ & $0.0050981$ & $2.64287e-05$ & $0.00171738$ & $0.00401754$ & $-0.00916347$ & $-0.00178848$ & $0.00629976$ & $0.0245721$ & $0.00248881$ & $0.000804494$ & $-0.0131359$ & $-0.0069178$ & $0.00396492$ & $-0.0122518$ & $0.000345532$ & $0.0124191$ & $0.023508$ & $-0.00572261$ & $0.00282159$ & $0.00904764$ & $-0.00162282$ & $-0.0140448$ & $-0.0291996$ & $0.00583632$ & $0.00298653$ & $0.0155099$ & $0.00417653$ & $0.00218609$ \\
CW & $-0.0125019$ & $-0.00501546$ & $3.25015e-05$ & $-0.0191936$ & $-0.00496314$ & $1$ & $-0.00983802$ & $-0.136378$ & $-0.13281$ & $0.0052931$ & $0.196744$ & $0.0378297$ & $-0.000864375$ & $0.0047556$ & $-0.0721472$ & $-0.0662963$ & $-0.254144$ & $-0.0534152$ & $-0.0542984$ & $-0.193259$ & $-0.200414$ & $-0.199412$ & $-0.00194143$ & $0.0130059$ & $-0.0915588$ & $0.105584$ & $-0.0974973$ & $-0.0640401$ & $0.0115229$ & $0.0215595$ & $-0.00452282$ & $-0.0021855$ & $0.0225387$ & $-0.135133$ & $0.0280716$ & $-0.0180404$ & $-0.00472015$ & $-0.00269056$ & $0.0167305$ & $0.00328354$ & $0.00579625$ & $-0.00574309$ & $0.00950291$ & $-0.00529729$ & $0.00908355$ & $0.0140918$ & $0.00332106$ & $-0.0161025$ & $0.00628911$ \\
CHG & $0.0450737$ & $0.017791$ & $-0.00981103$ & $0.0234602$ & $-0.0062524$ & $-0.00983802$ & $1$ & $-0.0988887$ & $-0.0454952$ & $0.0672491$ & $0.0639528$ & $0.233374$ & $-0.283191$ & $0.0380854$ & $-0.0429694$ & $-0.0463453$ & $0.0766103$ & $0.0922968$ & $0.0963824$ & $-0.0655868$ & $-0.0641255$ & $-0.0637832$ & $-0.00339571$ & $0.0929742$ & $0.0947645$ & $0.0494372$ & $-0.00646346$ & $-0.00628054$ & $0.0133431$ & $-0.122408$ & $-0.0968832$ & $0.936332$ & $-0.133028$ & $-0.0442861$ & $-0.00679805$ & $-0.0465609$ & $0.025038$ & $0.00287064$ & $-0.00730054$ & $0.00441368$ & $0.0185273$ & $0.00187145$ & $-0.00232979$ & $-0.00660552$ & $-0.00776842$ & $-0.01109$ & $-0.038373$ & $-0.0319019$ & $0.0191687$ \\
CHWB & $-0.0116813$ & $-0.0585862$ & $0.0300295$ & $-0.00817864$ & $0.00437288$ & $-0.136378$ & $-0.0988887$ & $1$ & $0.98267$ & $-0.579082$ & $-0.882696$ & $-0.4563$ & $0.357786$ & $0.0783876$ & $0.294162$ & $0.278032$ & $-0.248793$ & $-0.44395$ & $-0.437774$ & $0.854474$ & $0.898971$ & $0.88199$ & $0.0703285$ & $-0.693178$ & $-0.401386$ & $-0.507804$ & $0.44616$ & $0.308925$ & $0.0109735$ & $0.113984$ & $0.0630431$ & $-0.0968837$ & $0.129567$ & $0.584037$ & $-0.0430266$ & $-0.026192$ & $-0.00761952$ & $-0.0256762$ & $0.0230336$ & $-0.00282614$ & $-0.00109952$ & $-0.00221561$ & $0.0114028$ & $0.0322842$ & $0.00435268$ & $0.0103441$ & $0.00339061$ & $-0.00111864$ & $0.00887847$ \\
CHWHB_gaga & $-0.00537616$ & $-0.0534698$ & $0.029886$ & $-0.00368581$ & $0.0029807$ & $-0.13281$ & $-0.0454952$ & $0.98267$ & $1$ & $-0.568703$ & $-0.8641$ & $-0.440014$ & $0.353238$ & $0.0709059$ & $0.291008$ & $0.273478$ & $-0.252654$ & $-0.443979$ & $-0.43631$ & $0.836649$ & $0.880138$ & $0.864197$ & $0.0651747$ & $-0.685634$ & $-0.400566$ & $-0.492663$ & $0.43793$ & $0.304296$ & $0.0143912$ & $0.13501$ & $0.0725871$ & $-0.0526854$ & $0.155333$ & $0.571641$ & $-0.0630115$ & $-0.0437303$ & $-0.0144003$ & $-0.027895$ & $0.0202332$ & $-0.00141564$ & $-0.00192925$ & $0.000649094$ & $0.0802185$ & $0.027957$ & $0.00724165$ & $0.00596299$ & $0.00533499$ & $-0.00506938$ & $0.0150841$ \\
CHWHB_gagaorth & $0.016684$ & $0.0383619$ & $0.00232773$ & $-0.0152666$ & $0.00442053$ & $0.0052931$ & $0.0672491$ & $-0.579082$ & $-0.568703$ & $1$ & $0.364698$ & $0.577998$ & $-0.263728$ & $0.245234$ & $-0.130518$ & $-0.126809$ & $0.444312$ & $0.498936$ & $0.499088$ & $-0.351384$ & $-0.379767$ & $-0.374974$ & $-0.0401487$ & $0.567598$ & $0.48233$ & $0.205666$ & $-0.247532$ & $-0.122551$ & $-0.00675925$ & $-0.159898$ & $-0.0931678$ & $0.0848462$ & $-0.157177$ & $-0.362497$ & $0.0757176$ & $0.0428781$ & $0.00296006$ & $0.0174992$ & $-0.0148695$ & $-0.00489661$ & $-0.0305961$ & $-0.00280409$ & $-0.026948$ & $-0.0139582$ & $-0.0366074$ & $0.0226614$ & $-0.00401473$ & $0.0109003$ & $-0.00331789$ \\
CHD & $0.0113901$ & $0.0405622$ & $-0.0232515$ & $0.0172703$ & $1.12128e-05$ & $0.196744$ & $0.0639528$ & $-0.882696$ & $-0.8641$ & $0.364698$ & $1$ & $0.329145$ & $-0.185964$ & $-0.491416$ & $-0.406297$ & $-0.393268$ & $-0.201142$ & $0.0809369$ & $0.0776707$ & $-0.990553$ & $-0.991461$ & $-0.97108$ & $-0.0168087$ & $0.34284$ & $0.0272011$ & $0.557269$ & $-0.324966$ & $-0.337323$ & $-0.00346286$ & $-0.060061$ & $-0.0361831$ & $0.0704256$ & $-0.0731689$ & $-0.400318$ & $0.0347846$ & $0.012551$ & $0.00131754$ & $0.0178945$ & $-0.0285473$ & $0.0248432$ & $0.0124751$ & $-0.00414793$ & $-0.00952661$ & $-0.0299475$ & $0.0128051$ & $-0.0223963$ & $-0.00339934$ & $-0.00657247$ & $-0.00781923$ \\
CHbox & $0.017747$ & $0.0405787$ & $0.00259814$ & $-0.0292086$ & $0.00553615$ & $0.0378297$ & $0.233374$ & $-0.4563$ & $-0.440014$ & $0.577998$ & $0.329145$ & $1$ & $-0.824088$ & $0.109059$ & $-0.0969599$ & $-0.096791$ & $0.253067$ & $0.311715$ & $0.31205$ & $-0.314296$ & $-0.342629$ & $-0.336843$ & $-0.0270879$ & $0.393574$ & $0.29735$ & $0.182967$ & $-0.216378$ & $-0.115722$ & $-0.0225161$ & $-0.146106$ & $-0.127036$ & $0.229302$ & $-0.176703$ & $-0.297016$ & $0.0774002$ & $0.00505294$ & $-0.000530392$ & $0.011173$ & $-0.00274664$ & $-0.0017202$ & $-0.0150148$ & $-0.00651746$ & $-0.0204993$ & $-0.00789963$ & $-0.0151286$ & $-0.00463782$ & $-0.0390399$ & $-0.0182907$ & $0.00285393$ \\
CH & $-0.0104147$ & $-0.0218847$ & $-0.00261819$ & $0.0235653$ & $-0.00994849$ & $-0.000864375$ & $-0.283191$ & $0.357786$ & $0.353238$ & $-0.263728$ & $-0.185964$ & $-0.824088$ & $1$ & $-0.236995$ & $0.100342$ & $0.0847699$ & $-0.353313$ & $-0.392951$ & $-0.381235$ & $0.183363$ & $0.194925$ & $0.192774$ & $0.0173457$ & $-0.383561$ & $-0.372187$ & $-0.108166$ & $0.134596$ & $0.0708524$ & $0.0440582$ & $0.287764$ & $0.153804$ & $-0.226306$ & $0.347269$ & $0.20747$ & $-0.00910852$ & $0.0227499$ & $-0.0212846$ & $-0.015799$ & $-0.0107313$ & $0.00868467$ & $0.00366302$ & $-0.000726427$ & $0.000700911$ & $0.00113706$ & $-3.21705e-06$ & $0.0135292$ & $0.0419146$ & $0.0340907$ & $-0.00517332$ \\
CHL1_11 & $-0.025412$ & $-0.00871991$ & $0.00501571$ & $-0.0341236$ & $0.0144691$ & $0.0047556$ & $0.0380854$ & $0.0783876$ & $0.0709059$ & $0.245234$ & $-0.491416$ & $0.109059$ & $-0.236995$ & $1$ & $0.242113$ & $0.244232$ & $0.668092$ & $0.60957$ & $0.605959$ & $0.51032$ & $0.453136$ & $0.440012$ & $-0.0742084$ & $0.460978$ & $0.609084$ & $-0.251107$ & $-0.083163$ & $0.147708$ & $-0.00780054$ & $-0.0734691$ & $-0.0421154$ & $0.0192297$ & $-0.0661256$ & $-0.198655$ & $0.00367166$ & $0.00544553$ & $0.00150484$ & $0.0105946$ & $0.0269135$ & $-0.0375211$ & $-0.0197829$ & $0.00611639$ & $0.00780248$ & $0.00577821$ & $-0.0238224$ & $0.0330684$ & $-0.00831059$ & $0.0301099$ & $0.00776388$ \\
CHL1_22 & $-0.0287572$ & $-0.0143357$ & $0.0196832$ & $-0.00962994$ & $-0.00250507$ & $-0.0721472$ & $-0.0429694$ & $0.294162$ & $0.291008$ & $-0.130518$ & $-0.406297$ & $-0.0969599$ & $0.100342$ & $0.242113$ & $1$ & $0.43904$ & $0.145354$ & $-0.460835$ & $-0.0514017$ & $0.472269$ & $0.324442$ & $0.317032$ & $-0.200806$ & $0.0823288$ & $-0.151693$ & $-0.165627$ & $-0.383905$ & $0.103033$ & $0.0132344$ & $0.0671341$ & $0.0176388$ & $-0.0364922$ & $0.0555276$ & $-0.573676$ & $-0.0234354$ & $0.00686729$ & $-0.0241496$ & $-0.0233542$ & $-0.000796411$ & $-0.0515154$ & $-0.0215199$ & $0.0313625$ & $-0.00112225$ & $0.0221458$ & $0.014784$ & $0.00706621$ & $-0.00773746$ & $0.012911$ & $-0.0195719$ \\
CHL1_33 & $-0.0363299$ & $-0.0105415$ & $0.0116985$ & $-0.0186389$ & $0.0042415$ & $-0.0662963$ & $-0.0463453$ & $0.278032$ & $0.273478$ & $-0.126809$ & $-0.393268$ & $-0.096791$ & $0.0847699$ & $0.244232$ & $0.43904$ & $1$ & $0.152944$ & $-0.035062$ & $-0.444981$ & $0.457948$ & $0.313485$ & $0.326632$ & $-0.19645$ & $0.0974862$ & $-0.136684$ & $-0.16069$ & $-0.38042$ & $0.0940266$ & $0.00864068$ & $0.0435288$ & $0.0235924$ & $-0.0448763$ & $0.0483673$ & $-0.0948976$ & $-0.0123513$ & $0.00419914$ & $-0.0203483$ & $-0.0243302$ & $0.00800803$ & $-0.0234707$ & $-0.0130367$ & $0.00778439$ & $0.0171658$ & $0.0279084$ & $0.00567101$ & $0.0104458$ & $0.00984608$ & $0.0144269$ & $0.0134003$ \\
CHL3_11 & $-0.00337723$ & $0.0235628$ & $0.00509357$ & $-0.0141211$ & $0.00999395$ & $-0.254144$ & $0.0766103$ & $-0.248793$ & $-0.252654$ & $0.444312$ & $-0.201142$ & $0.253067$ & $-0.353313$ & $0.668092$ & $0.145354$ & $0.152944$ & $1$ & $0.741071$ & $0.735459$ & $0.224084$ & $0.169415$ & $0.163333$ & $-0.0696598$ & $0.670586$ & $0.778487$ & $-0.0924639$ & $-0.15201$ & $0.0530599$ & $-0.0207539$ & $-0.11766$ & $-0.0529627$ & $0.057396$ & $-0.128058$ & $-0.244206$ & $0.00741071$ & $0.0310704$ & $0.0182611$ & $0.0167313$ & $0.00114153$ & $-0.0440334$ & $-0.0205281$ & $0.0156828$ & $-0.0135736$ & $-0.00160637$ & $-0.0409143$ & $0.020554$ & $0.0040082$ & $0.00574463$ & $-0.0052556$ \\
CHL3_22 & $0.00395225$ & $0.0178373$ & $-0.0140299$ & $-0.0150906$ & $0.0106457$ & $-0.0534152$ & $0.0922968$ & $-0.44395$ & $-0.443979$ & $0.498936$ & $0.0809369$ & $0.311715$ & $-0.392951$ & $0.60957$ & $-0.460835$ & $-0.035062$ & $0.741071$ & $1$ & $0.683969$ & $-0.0833292$ & $-0.0759117$ & $-0.074961$ & $0.0211659$ & $0.625265$ & $0.799393$ & $0.0372225$ & $-0.00846069$ & $-0.028954$ & $-0.0228974$ & $-0.146359$ & $-0.0618827$ & $0.071894$ & $-0.141257$ & $0.0216708$ & $0.028194$ & $0.017816$ & $0.022534$ & $0.0299523$ & $0.00953868$ & $-0.0078399$ & $-0.00683575$ & $-0.00798963$ & $-0.0040535$ & $-0.0163734$ & $-0.0390757$ & $0.0189421$ & $0.00471875$ & $0.0110321$ & $0.0134507$ \\
CHL3_33 & $0.0164711$ & $0.0148028$ & $-0.0124581$ & $-0.00923167$ & $0.00322735$ & $-0.0542984$ & $0.0963824$ & $-0.437774$ & $-0.43631$ & $0.499088$ & $0.0776707$ & $0.31205$ & $-0.381235$ & $0.605959$ & $-0.0514017$ & $-0.444981$ & $0.735459$ & $0.683969$ & $1$ & $-0.0803824$ & $-0.0718431$ & $-0.0663128$ & $0.0202789$ & $0.614535$ & $0.79724$ & $0.037405$ & $0.000485097$ & $-0.0236465$ & $-0.0194344$ & $-0.127269$ & $-0.0639567$ & $0.0793267$ & $-0.136773$ & $-0.336348$ & $0.0208529$ & $0.0205713$ & $0.0233727$ & $0.0277132$ & $0.00212491$ & $-0.0266705$ & $-0.0109984$ & $0.0143937$ & $-0.01933$ & $-0.0204731$ & $-0.0336743$ & $0.0197678$ & $-0.00477702$ & $0.00918817$ & $-0.010954$ \\
CHe_11 & $-0.022191$ & $-0.0188489$ & $0.0311665$ & $-0.0223193$ & $0.00778514$ & $-0.193259$ & $-0.0655868$ & $0.854474$ & $0.836649$ & $-0.351384$ & $-0.990553$ & $-0.314296$ & $0.183363$ & $0.51032$ & $0.472269$ & $0.457948$ & $0.224084$ & $-0.0833292$ & $-0.0803824$ & $1$ & $0.973434$ & $0.953509$ & $-0.0117125$ & $-0.289961$ & $-0.0206231$ & $-0.544992$ & $0.25103$ & $0.330175$ & $0.00537417$ & $0.0616077$ & $0.0374249$ & $-0.070199$ & $0.0748716$ & $0.322337$ & $-0.0303269$ & $-0.00825668$ & $-0.00361681$ & $-0.0179411$ & $0.0299497$ & $-0.0302958$ & $-0.0126873$ & $0.00604319$ & $0.00937864$ & $0.0303842$ & $-0.0111754$ & $0.0217203$ & $0.00589281$ & $0.00845484$ & $0.00762083$ \\
CHe_22 & $-0.0145065$ & $-0.0157897$ & $0.0317732$ & $-0.0193008$ & $0.0101272$ & $-0.200414$ & $-0.0641255$ & $0.898971$ & $0.880138$ & $-0.379767$ & $-0.991461$ & $-0.342629$ & $0.194925$ & $0.453136$ & $0.324442$ & $0.313485$ & $0.169415$ & $-0.0759117$ & $-0.0718431$ & $0.973434$ & $1$ & $0.975991$ & $0.0485816$ & $-0.395092$ & $-0.0311474$ & $-0.563211$ & $0.403543$ & $0.341672$ & $0.00282232$ & $0.058404$ & $0.0380301$ & $-0.0709758$ & $0.0723503$ & $0.483105$ & $-0.0324727$ & $-0.0119348$ & $0.00226861$ & $-0.0154042$ & $0.0299362$ & $-0.0197029$ & $-0.00859753$ & $0.0020706$ & $0.0108094$ & $0.0287801$ & $-0.0141364$ & $0.0195302$ & $0.00568828$ & $0.00296109$ & $0.00966526$ \\
CHe_33 & $-0.0107186$ & $-0.0158507$ & $0.0260985$ & $-0.0143488$ & $0.0050981$ & $-0.199412$ & $-0.0637832$ & $0.88199$ & $0.864197$ & $-0.374974$ & $-0.97108$ & $-0.336843$ & $0.192774$ & $0.440012$ & $0.317032$ & $0.326632$ & $0.163333$ & $-0.074961$ & $-0.0663128$ & $0.953509$ & $0.975991$ & $1$ & $0.0430248$ & $-0.390058$ & $-0.0304119$ & $-0.547841$ & $0.397969$ & $0.334639$ & $-0.00216277$ & $0.0595549$ & $0.0389646$ & $-0.0700457$ & $0.0740088$ & $0.477407$ & $-0.0321198$ & $-0.00880708$ & $0.00318632$ & $-0.0202685$ & $0.0285991$ & $-0.0175035$ & $-0.00339589$ & $0.0029716$ & $0.011052$ & $0.0330678$ & $-0.0105163$ & $0.0236639$ & $0.00800511$ & $0.00144925$ & $0.00994892$ \\
CHQ1_11 & $-0.00555664$ & $0.0021911$ & $0.0123059$ & $-0.00204973$ & $2.64287e-05$ & $-0.00194143$ & $-0.00339571$ & $0.0703285$ & $0.0651747$ & $-0.0401487$ & $-0.0168087$ & $-0.0270879$ & $0.0173457$ & $-0.0742084$ & $-0.200806$ & $-0.19645$ & $-0.0696598$ & $0.0211659$ & $0.0202789$ & $-0.0117125$ & $0.0485816$ & $0.0430248$ & $1$ & $-0.141625$ & $0.0971504$ & $-0.684117$ & $0.372443$ & $0.0266738$ & $-0.00542516$ & $0.012489$ & $0.018346$ & $-0.00460728$ & $0.0144439$ & $0.223566$ & $-0.0195327$ & $0.0237594$ & $0.00107854$ & $-0.003946$ & $-0.00899235$ & $0.0127708$ & $0.00121967$ & $-0.0270822$ & $-0.036683$ & $0.0125308$ & $0.0138809$ & $0.00503276$ & $0.00431004$ & $-0.00724271$ & $0.00929942$ \\
CHQ1_33 & $-0.065691$ & $0.0331766$ & $-0.0111385$ & $-0.0184219$ & $0.00171738$ & $0.0130059$ & $0.0929742$ & $-0.693178$ & $-0.685634$ & $0.567598$ & $0.34284$ & $0.393574$ & $-0.383561$ & $0.460978$ & $0.0823288$ & $0.0974862$ & $0.670586$ & $0.625265$ & $0.614535$ & $-0.289961$ & $-0.395092$ & $-0.390058$ & $-0.141625$ & $1$ & $0.637328$ & $0.234384$ & $-0.428283$ & $-0.0437087$ & $-0.00898993$ & $-0.119233$ & $-0.0651884$ & $0.0825174$ & $-0.123857$ & $-0.634055$ & $0.0216696$ & $0.0215286$ & $-0.00109102$ & $0.0170632$ & $-0.00494064$ & $-0.0320765$ & $-0.0159905$ & $0.0150752$ & $-0.0204334$ & $-0.0103142$ & $-0.00616818$ & $0.0154582$ & $-0.0154157$ & $0.0204305$ & $0.00593783$ \\
CHQ3_11 & $-0.106737$ & $0.0221793$ & $-0.0139996$ & $-0.0385092$ & $0.00401754$ & $-0.0915588$ & $0.0947645$ & $-0.401386$ & $-0.400566$ & $0.48233$ & $0.0272011$ & $0.29735$ & $-0.372187$ & $0.609084$ & $-0.151693$ & $-0.136684$ & $0.778487$ & $0.799393$ & $0.79724$ & $-0.0206231$ & $-0.0311474$ & $-0.0304119$ & $0.0971504$ & $0.637328$ & $1$ & $0.0131957$ & $0.206881$ & $-0.0197097$ & $-0.0177941$ & $-0.135143$ & $-0.0643542$ & $0.0731139$ & $-0.137619$ & $-0.192678$ & $0.0134964$ & $0.0218034$ & $0.0249677$ & $0.0208344$ & $0.00186361$ & $-0.0150725$ & $-0.0160171$ & $0.000838352$ & $-0.0219997$ & $-0.0221009$ & $-0.0192392$ & $0.0183902$ & $0.00359756$ & $0.0235243$ & $0.00247065$ \\
CHu_11 & $-0.011027$ & $0.00763801$ & $-0.0217732$ & $0.00379295$ & $-0.00916347$ & $0.105584$ & $0.0494372$ & $-0.507804$ & $-0.492663$ & $0.205666$ & $0.557269$ & $0.182967$ & $-0.108166$ & $-0.251107$ & $-0.165627$ & $-0.16069$ & $-0.0924639$ & $0.0372225$ & $0.037405$ & $-0.544992$ & $-0.563211$ & $-0.547841$ & $-0.684117$ & $0.234384$ & $0.0131957$ & $1$ & $-0.216605$ & $-0.204004$ & $0.000301727$ & $-0.0493736$ & $-0.0413834$ & $0.0507655$ & $-0.0616274$ & $-0.287393$ & $0.0323743$ & $-0.010587$ & $-0.00922783$ & $0.00826424$ & $-0.0159236$ & $0.0129389$ & $-0.000292114$ & $0.0126293$ & $0.0235515$ & $-0.0406805$ & $0.00340789$ & $-0.0254757$ & $-0.00981301$ & $0.00332818$ & $-0.0173839$ \\
CHd_11 & $-0.00771887$ & $0.00473073$ & $0.00879924$ & $-0.00971665$ & $-0.00178848$ & $-0.0974973$ & $-0.00646346$ & $0.44616$ & $0.43793$ & $-0.247532$ & $-0.324966$ & $-0.216378$ & $0.134596$ & $-0.083163$ & $-0.383905$ & $-0.38042$ & $-0.15201$ & $-0.00846069$ & $0.000485097$ & $0.25103$ & $0.403543$ & $0.397969$ & $0.372443$ & $-0.428283$ & $0.206881$ & $-0.216605$ & $1$ & $0.129858$ & $-0.0048888$ & $0.0115976$ & $0.0237768$ & $-0.0134016$ & $0.0238455$ & $0.692367$ & $-0.0151583$ & $-0.00950008$ & $0.0167011$ & $-0.000196515$ & $0.00387612$ & $0.0319914$ & $0.00295758$ & $-0.0190171$ & $-0.00762673$ & $-0.0118704$ & $-0.00025886$ & $-0.00290741$ & $0.0115808$ & $-0.00318477$ & $0.00747548$ \\
CHd_33 & $0.0198519$ & $0.0227204$ & $-0.00397993$ & $0.00681443$ & $0.00629976$ & $-0.0640401$ & $-0.00628054$ & $0.308925$ & $0.304296$ & $-0.122551$ & $-0.337323$ & $-0.115722$ & $0.0708524$ & $0.147708$ & $0.103033$ & $0.0940266$ & $0.0530599$ & $-0.028954$ & $-0.0236465$ & $0.330175$ & $0.341672$ & $0.334639$ & $0.0266738$ & $-0.0437087$ & $-0.0197097$ & $-0.204004$ & $0.129858$ & $1$ & $0.00603284$ & $0.0134762$ & $-0.00270868$ & $-0.0062846$ & $0.0283245$ & $0.17418$ & $-0.0123546$ & $0.0171413$ & $-0.0055979$ & $-0.0309134$ & $0.0100453$ & $-0.0364112$ & $0.0130231$ & $0.0150019$ & $-0.0159696$ & $-0.00882368$ & $-0.00962911$ & $0.0086109$ & $-0.0120449$ & $0.00542069$ & $0.00411713$ \\
CeH_22r & $-0.0187667$ & $-0.00447402$ & $0.00728575$ & $-0.00240791$ & $0.0245721$ & $0.0115229$ & $0.0133431$ & $0.0109735$ & $0.0143912$ & $-0.00675925$ & $-0.00346286$ & $-0.0225161$ & $0.0440582$ & $-0.00780054$ & $0.0132344$ & $0.00864068$ & $-0.0207539$ & $-0.0228974$ & $-0.0194344$ & $0.00537417$ & $0.00282232$ & $-0.00216277$ & $-0.00542516$ & $-0.00898993$ & $-0.0177941$ & $0.000301727$ & $-0.0048888$ & $0.00603284$ & $1$ & $0.0300663$ & $0.016218$ & $0.00327928$ & $0.0323764$ & $-0.00610596$ & $-0.0145474$ & $0.00543142$ & $-0.0251004$ & $0.013977$ & $-0.0178102$ & $0.011398$ & $-0.0265933$ & $0.00576931$ & $0.00307259$ & $0.0148497$ & $0.0143664$ & $0.0120295$ & $0.00298181$ & $0.00241683$ & $-0.0121319$ \\
CeH_33r & $-0.00585392$ & $-0.0229418$ & $0.00846496$ & $0.00485863$ & $0.00248881$ & $0.0215595$ & $-0.122408$ & $0.113984$ & $0.13501$ & $-0.159898$ & $-0.060061$ & $-0.146106$ & $0.287764$ & $-0.0734691$ & $0.0671341$ & $0.0435288$ & $-0.11766$ & $-0.146359$ & $-0.127269$ & $0.0616077$ & $0.058404$ & $0.0595549$ & $0.012489$ & $-0.119233$ & $-0.135143$ & $-0.0493736$ & $0.0115976$ & $0.0134762$ & $0.0300663$ & $1$ & $0.310656$ & $0.0242268$ & $0.656764$ & $0.0342981$ & $-0.0430964$ & $-0.0521646$ & $-0.186131$ & $-0.0404836$ & $-0.0152283$ & $0.0187005$ & $0.00250637$ & $0.00126788$ & $-0.00557457$ & $-0.0304893$ & $0.0937462$ & $-0.0163072$ & $0.0218413$ & $0.0177857$ & $0.0102087$ \\
CuH_22r & $0.0506387$ & $-0.00948672$ & $0.023437$ & $0.041511$ & $0.000804494$ & $-0.00452282$ & $-0.0968832$ & $0.0630431$ & $0.0725871$ & $-0.0931678$ & $-0.0361831$ & $-0.127036$ & $0.153804$ & $-0.0421154$ & $0.0176388$ & $0.0235924$ & $-0.0529627$ & $-0.0618827$ & $-0.0639567$ & $0.0374249$ & $0.0380301$ & $0.0389646$ & $0.018346$ & $-0.0651884$ & $-0.0643542$ & $-0.0413834$ & $0.0237768$ & $-0.00270868$ & $0.016218$ & $0.310656$ & $1$ & $-0.00546545$ & $0.360129$ & $0.0392499$ & $-0.0155472$ & $0.00649605$ & $-0.0995094$ & $-0.0394267$ & $-0.0368824$ & $0.0162693$ & $0.00211357$ & $-0.0141779$ & $0.0240744$ & $0.0192951$ & $0.00118593$ & $0.0740959$ & $0.375481$ & $0.0423352$ & $0.0137835$ \\
CuH_33r & $0.0575061$ & $0.0341383$ & $0.000104902$ & $0.021225$ & $-0.0131359$ & $-0.0021855$ & $0.936332$ & $-0.0968837$ & $-0.0526854$ & $0.0848462$ & $0.0704256$ & $0.229302$ & $-0.226306$ & $0.0192297$ & $-0.0364922$ & $-0.0448763$ & $0.057396$ & $0.071894$ & $0.0793267$ & $-0.070199$ & $-0.0709758$ & $-0.0700457$ & $-0.00460728$ & $0.0825174$ & $0.0731139$ & $0.0507655$ & $-0.0134016$ & $-0.0062846$ & $0.00327928$ & $0.0242268$ & $-0.00546545$ & $1$ & $0.0409935$ & $-0.0473779$ & $0.0666734$ & $-0.00265563$ & $-0.0251779$ & $-0.00789688$ & $0.000232184$ & $0.0108625$ & $0.01675$ & $-0.0093151$ & $-0.0113829$ & $-0.00813176$ & $-0.0170613$ & $-0.00737285$ & $-0.0194823$ & $-0.0228068$ & $0.0175041$ \\
CdH_33r & $-0.00963016$ & $-0.0492121$ & $0.00335731$ & $0.039762$ & $-0.0069178$ & $0.0225387$ & $-0.133028$ & $0.129567$ & $0.155333$ & $-0.157177$ & $-0.0731689$ & $-0.176703$ & $0.347269$ & $-0.0661256$ & $0.0555276$ & $0.0483673$ & $-0.128058$ & $-0.141257$ & $-0.136773$ & $0.0748716$ & $0.0723503$ & $0.0740088$ & $0.0144439$ & $-0.123857$ & $-0.137619$ & $-0.0616274$ & $0.0238455$ & $0.0283245$ & $0.0323764$ & $0.656764$ & $0.360129$ & $0.0409935$ & $1$ & $0.0523834$ & $-0.0611595$ & $-0.0448947$ & $-0.244718$ & $-0.0394157$ & $-0.0366675$ & $0.0143504$ & $0.0080156$ & $0.0151053$ & $0.0231934$ & $-0.00469828$ & $0.00322191$ & $0.0463311$ & $0.0392621$ & $0.126971$ & $0.450496$ \\
CLL_1221 & $0.0122869$ & $0.0262373$ & $0.0135139$ & $0.00230683$ & $0.00396492$ & $-0.135133$ & $-0.0442861$ & $0.584037$ & $0.571641$ & $-0.362497$ & $-0.400318$ & $-0.297016$ & $0.20747$ & $-0.198655$ & $-0.573676$ & $-0.0948976$ & $-0.244206$ & $0.0216708$ & $-0.336348$ & $0.322337$ & $0.483105$ & $0.477407$ & $0.223566$ & $-0.634055$ & $-0.192678$ & $-0.287393$ & $0.692367$ & $0.17418$ & $-0.00610596$ & $0.0342981$ & $0.0392499$ & $-0.0473779$ & $0.0523834$ & $1$ & $-0.0113575$ & $-0.0167274$ & $0.0184794$ & $-0.00194872$ & $0.0161617$ & $0.0374245$ & $0.0189874$ & $-0.0266708$ & $0.0118104$ & $0.0140095$ & $-0.0112636$ & $-0.00187989$ & $0.0132475$ & $-0.0233747$ & $0.0195725$ \\
eHggint & $0.0492959$ & $0.139033$ & $0.0460394$ & $-0.0714272$ & $-0.0122518$ & $0.0280716$ & $-0.00679805$ & $-0.0430266$ & $-0.0630115$ & $0.0757176$ & $0.0347846$ & $0.0774002$ & $-0.00910852$ & $0.00367166$ & $-0.0234354$ & $-0.0123513$ & $0.00741071$ & $0.028194$ & $0.0208529$ & $-0.0303269$ & $-0.0324727$ & $-0.0321198$ & $-0.0195327$ & $0.0216696$ & $0.0134964$ & $0.0323743$ & $-0.0151583$ & $-0.0123546$ & $-0.0145474$ & $-0.0430964$ & $-0.0155472$ & $0.0666734$ & $-0.0611595$ & $-0.0113575$ & $1$ & $-0.0784074$ & $-0.0413528$ & $0.0219469$ & $-0.0298544$ & $0.0536144$ & $-0.110201$ & $-0.0482208$ & $-0.109868$ & $0.0207923$ & $-0.0522531$ & $0.032442$ & $0.0328957$ & $0.0488452$ & $-0.0503103$ \\
eHggpar & $0.0516382$ & $0.108976$ & $0.028056$ & $0.019149$ & $0.000345532$ & $-0.0180404$ & $-0.0465609$ & $-0.026192$ & $-0.0437303$ & $0.0428781$ & $0.012551$ & $0.00505294$ & $0.0227499$ & $0.00544553$ & $0.00686729$ & $0.00419914$ & $0.0310704$ & $0.017816$ & $0.0205713$ & $-0.00825668$ & $-0.0119348$ & $-0.00880708$ & $0.0237594$ & $0.0215286$ & $0.0218034$ & $-0.010587$ & $-0.00950008$ & $0.0171413$ & $0.00543142$ & $-0.0521646$ & $0.00649605$ & $-0.00265563$ & $-0.0448947$ & $-0.0167274$ & $-0.0784074$ & $1$ & $0.0316657$ & $-0.0285176$ & $0.0247272$ & $-0.0267331$ & $0.0848444$ & $-0.0238083$ & $-0.0528154$ & $0.0728235$ & $-0.0760257$ & $0.0749037$ & $0.0293094$ & $-0.0097106$ & $-0.00215249$ \\
eHWWint & $-0.0237276$ & $0.0535859$ & $-0.145814$ & $0.0101791$ & $0.0124191$ & $-0.00472015$ & $0.025038$ & $-0.00761952$ & $-0.0144003$ & $0.00296006$ & $0.00131754$ & $-0.000530392$ & $-0.0212846$ & $0.00150484$ & $-0.0241496$ & $-0.0203483$ & $0.0182611$ & $0.022534$ & $0.0233727$ & $-0.00361681$ & $0.00226861$ & $0.00318632$ & $0.00107854$ & $-0.00109102$ & $0.0249677$ & $-0.00922783$ & $0.0167011$ & $-0.0055979$ & $-0.0251004$ & $-0.186131$ & $-0.0995094$ & $-0.0251779$ & $-0.244718$ & $0.0184794$ & $-0.0413528$ & $0.0316657$ & $1$ & $0.0152177$ & $0.0400889$ & $-0.0453921$ & $0.0573607$ & $-0.0134444$ & $0.0287572$ & $0.0189472$ & $-0.0271895$ & $0.0423476$ & $-0.0105686$ & $-0.0913272$ & $-0.0367279$ \\
eHWWpar & $0.0241239$ & $0.0183613$ & $-0.0170001$ & $-0.00884158$ & $0.023508$ & $-0.00269056$ & $0.00287064$ & $-0.0256762$ & $-0.027895$ & $0.0174992$ & $0.0178945$ & $0.011173$ & $-0.015799$ & $0.0105946$ & $-0.0233542$ & $-0.0243302$ & $0.0167313$ & $0.0299523$ & $0.0277132$ & $-0.0179411$ & $-0.0154042$ & $-0.0202685$ & $-0.003946$ & $0.0170632$ & $0.0208344$ & $0.00826424$ & $-0.000196515$ & $-0.0309134$ & $0.013977$ & $-0.0404836$ & $-0.0394267$ & $-0.00789688$ & $-0.0394157$ & $-0.00194872$ & $0.0219469$ & $-0.0285176$ & $0.0152177$ & $1$ & $0.0332158$ & $0.0102522$ & $0.0245204$ & $-0.0325182$ & $0.00896711$ & $0.00496977$ & $0.0290924$ & $-0.0151582$ & $-0.0103084$ & $0.00599408$ & $0.0155976$ \\
eHZZint & $-0.0423278$ & $0.03063$ & $0.00703379$ & $-0.067988$ & $-0.00572261$ & $0.0167305$ & $-0.00730054$ & $0.0230336$ & $0.0202332$ & $-0.0148695$ & $-0.0285473$ & $-0.00274664$ & $-0.0107313$ & $0.0269135$ & $-0.000796411$ & $0.00800803$ & $0.00114153$ & $0.00953868$ & $0.00212491$ & $0.0299497$ & $0.0299362$ & $0.0285991$ & $-0.00899235$ & $-0.00494064$ & $0.00186361$ & $-0.0159236$ & $0.00387612$ & $0.0100453$ & $-0.0178102$ & $-0.0152283$ & $-0.0368824$ & $0.000232184$ & $-0.0366675$ & $0.0161617$ & $-0.0298544$ & $0.0247272$ & $0.0400889$ & $0.0332158$ & $1$ & $0.0213842$ & $-0.007742$ & $0.00212606$ & $0.0255482$ & $0.12032$ & $0.0758294$ & $-0.0438565$ & $-0.00870945$ & $0.0194301$ & $-0.0234311$ \\
eHZZpar & $-0.0287044$ & $0.0125576$ & $-0.00141249$ & $0.00163788$ & $0.00282159$ & $0.00328354$ & $0.00441368$ & $-0.00282614$ & $-0.00141564$ & $-0.00489661$ & $0.0248432$ & $-0.0017202$ & $0.00868467$ & $-0.0375211$ & $-0.0515154$ & $-0.0234707$ & $-0.0440334$ & $-0.0078399$ & $-0.0266705$ & $-0.0302958$ & $-0.0197029$ & $-0.0175035$ & $0.0127708$ & $-0.0320765$ & $-0.0150725$ & $0.0129389$ & $0.0319914$ & $-0.0364112$ & $0.011398$ & $0.0187005$ & $0.0162693$ & $0.0108625$ & $0.0143504$ & $0.0374245$ & $0.0536144$ & $-0.0267331$ & $-0.0453921$ & $0.0102522$ & $0.0213842$ & $1$ & $-0.00492364$ & $-0.0141302$ & $-0.0135662$ & $0.0184022$ & $-0.00212185$ & $-0.0176494$ & $0.0231041$ & $-0.00735475$ & $0.0132997$ \\
eHZgaint & $-0.0249712$ & $0.0360723$ & $-0.0410024$ & $-0.0107965$ & $0.00904764$ & $0.00579625$ & $0.0185273$ & $-0.00109952$ & $-0.00192925$ & $-0.0305961$ & $0.0124751$ & $-0.0150148$ & $0.00366302$ & $-0.0197829$ & $-0.0215199$ & $-0.0130367$ & $-0.0205281$ & $-0.00683575$ & $-0.0109984$ & $-0.0126873$ & $-0.00859753$ & $-0.00339589$ & $0.00121967$ & $-0.0159905$ & $-0.0160171$ & $-0.000292114$ & $0.00295758$ & $0.0130231$ & $-0.0265933$ & $0.00250637$ & $0.00211357$ & $0.01675$ & $0.0080156$ & $0.0189874$ & $-0.110201$ & $0.0848444$ & $0.0573607$ & $0.0245204$ & $-0.007742$ & $-0.00492364$ & $1$ & $0.0196414$ & $0.0145649$ & $-0.0633764$ & $-0.0226718$ & $0.042332$ & $0.00756626$ & $-0.0629413$ & $0.037742$ \\
eHZgapar & $0.0206952$ & $-0.029746$ & $0.0102109$ & $0.00805554$ & $-0.00162282$ & $-0.00574309$ & $0.00187145$ & $-0.00221561$ & $0.000649094$ & $-0.00280409$ & $-0.00414793$ & $-0.00651746$ & $-0.000726427$ & $0.00611639$ & $0.0313625$ & $0.00778439$ & $0.0156828$ & $-0.00798963$ & $0.0143937$ & $0.00604319$ & $0.0020706$ & $0.0029716$ & $-0.0270822$ & $0.0150752$ & $0.000838352$ & $0.0126293$ & $-0.0190171$ & $0.0150019$ & $0.00576931$ & $0.00126788$ & $-0.0141779$ & $-0.0093151$ & $0.0151053$ & $-0.0266708$ & $-0.0482208$ & $-0.0238083$ & $-0.0134444$ & $-0.0325182$ & $0.00212606$ & $-0.0141302$ & $0.0196414$ & $1$ & $0.0255643$ & $0.00922096$ & $0.00699048$ & $0.0325292$ & $-0.022631$ & $0.0241081$ & $0.0352109$ \\
eHgagaint & $0.0584833$ & $0.0632487$ & $-0.0166617$ & $0.00263576$ & $-0.0140448$ & $0.00950291$ & $-0.00232979$ & $0.0114028$ & $0.0802185$ & $-0.026948$ & $-0.00952661$ & $-0.0204993$ & $0.000700911$ & $0.00780248$ & $-0.00112225$ & $0.0171658$ & $-0.0135736$ & $-0.0040535$ & $-0.01933$ & $0.00937864$ & $0.0108094$ & $0.011052$ & $-0.036683$ & $-0.0204334$ & $-0.0219997$ & $0.0235515$ & $-0.00762673$ & $-0.0159696$ & $0.00307259$ & $-0.00557457$ & $0.0240744$ & $-0.0113829$ & $0.0231934$ & $0.0118104$ & $-0.109868$ & $-0.0528154$ & $0.0287572$ & $0.00896711$ & $0.0255482$ & $-0.0135662$ & $0.0145649$ & $0.0255643$ & $1$ & $0.0215847$ & $0.0277891$ & $-0.0841841$ & $0.0848515$ & $-0.0763282$ & $0.0514313$ \\
eHmumuint & $-0.0630106$ & $0.0130198$ & $0.0435559$ & $-0.0887778$ & $-0.0291996$ & $-0.00529729$ & $-0.00660552$ & $0.0322842$ & $0.027957$ & $-0.0139582$ & $-0.0299475$ & $-0.00789963$ & $0.00113706$ & $0.00577821$ & $0.0221458$ & $0.0279084$ & $-0.00160637$ & $-0.0163734$ & $-0.0204731$ & $0.0303842$ & $0.0287801$ & $0.0330678$ & $0.0125308$ & $-0.0103142$ & $-0.0221009$ & $-0.0406805$ & $-0.0118704$ & $-0.00882368$ & $0.0148497$ & $-0.0304893$ & $0.0192951$ & $-0.00813176$ & $-0.00469828$ & $0.0140095$ & $0.0207923$ & $0.0728235$ & $0.0189472$ & $0.00496977$ & $0.12032$ & $0.0184022$ & $-0.0633764$ & $0.00922096$ & $0.0215847$ & $1$ & $-0.0187043$ & $0.0181697$ & $0.0792651$ & $-0.0357656$ & $0.0378622$ \\
eHtautauint & $-0.118667$ & $0.0073224$ & $-0.00345484$ & $-0.0262156$ & $0.00583632$ & $0.00908355$ & $-0.00776842$ & $0.00435268$ & $0.00724165$ & $-0.0366074$ & $0.0128051$ & $-0.0151286$ & $-3.21705e-06$ & $-0.0238224$ & $0.014784$ & $0.00567101$ & $-0.0409143$ & $-0.0390757$ & $-0.0336743$ & $-0.0111754$ & $-0.0141364$ & $-0.0105163$ & $0.0138809$ & $-0.00616818$ & $-0.0192392$ & $0.00340789$ & $-0.00025886$ & $-0.00962911$ & $0.0143664$ & $0.0937462$ & $0.00118593$ & $-0.0170613$ & $0.00322191$ & $-0.0112636$ & $-0.0522531$ & $-0.0760257$ & $-0.0271895$ & $0.0290924$ & $0.0758294$ & $-0.00212185$ & $-0.0226718$ & $0.00699048$ & $0.0277891$ & $-0.0187043$ & $1$ & $-0.0996729$ & $0.0421117$ & $0.00382657$ & $-0.0116736$ \\
eHccint & $-0.0316115$ & $-0.0526946$ & $-0.0990617$ & $0.0715547$ & $0.00298653$ & $0.0140918$ & $-0.01109$ & $0.0103441$ & $0.00596299$ & $0.0226614$ & $-0.0223963$ & $-0.00463782$ & $0.0135292$ & $0.0330684$ & $0.00706621$ & $0.0104458$ & $0.020554$ & $0.0189421$ & $0.0197678$ & $0.0217203$ & $0.0195302$ & $0.0236639$ & $0.00503276$ & $0.0154582$ & $0.0183902$ & $-0.0254757$ & $-0.00290741$ & $0.0086109$ & $0.0120295$ & $-0.0163072$ & $0.0740959$ & $-0.00737285$ & $0.0463311$ & $-0.00187989$ & $0.032442$ & $0.0749037$ & $0.0423476$ & $-0.0151582$ & $-0.0438565$ & $-0.0176494$ & $0.042332$ & $0.0325292$ & $-0.0841841$ & $0.0181697$ & $-0.0996729$ & $1$ & $-0.0173017$ & $-0.0136518$ & $0.106988$ \\
eHccpar & $0.0622641$ & $0.0280709$ & $0.0569218$ & $0.0480627$ & $0.0155099$ & $0.00332106$ & $-0.038373$ & $0.00339061$ & $0.00533499$ & $-0.00401473$ & $-0.00339934$ & $-0.0390399$ & $0.0419146$ & $-0.00831059$ & $-0.00773746$ & $0.00984608$ & $0.0040082$ & $0.00471875$ & $-0.00477702$ & $0.00589281$ & $0.00568828$ & $0.00800511$ & $0.00431004$ & $-0.0154157$ & $0.00359756$ & $-0.00981301$ & $0.0115808$ & $-0.0120449$ & $0.00298181$ & $0.0218413$ & $0.375481$ & $-0.0194823$ & $0.0392621$ & $0.0132475$ & $0.0328957$ & $0.0293094$ & $-0.0105686$ & $-0.0103084$ & $-0.00870945$ & $0.0231041$ & $0.00756626$ & $-0.022631$ & $0.0848515$ & $0.0792651$ & $0.0421117$ & $-0.0173017$ & $1$ & $0.0774902$ & $0.00234249$ \\
eHbbint & $-0.0256527$ & $-0.105288$ & $-0.00519324$ & $0.00357647$ & $0.00417653$ & $-0.0161025$ & $-0.0319019$ & $-0.00111864$ & $-0.00506938$ & $0.0109003$ & $-0.00657247$ & $-0.0182907$ & $0.0340907$ & $0.0301099$ & $0.012911$ & $0.0144269$ & $0.00574463$ & $0.0110321$ & $0.00918817$ & $0.00845484$ & $0.00296109$ & $0.00144925$ & $-0.00724271$ & $0.0204305$ & $0.0235243$ & $0.00332818$ & $-0.00318477$ & $0.00542069$ & $0.00241683$ & $0.0177857$ & $0.0423352$ & $-0.0228068$ & $0.126971$ & $-0.0233747$ & $0.0488452$ & $-0.0097106$ & $-0.0913272$ & $0.00599408$ & $0.0194301$ & $-0.00735475$ & $-0.0629413$ & $0.0241081$ & $-0.0763282$ & $-0.0357656$ & $0.00382657$ & $-0.0136518$ & $0.0774902$ & $1$ & $-0.0973203$ \\
eHbbpar & $-0.039425$ & $-0.0208221$ & $-0.00724227$ & $0.0493918$ & $0.00218609$ & $0.00628911$ & $0.0191687$ & $0.00887847$ & $0.0150841$ & $-0.00331789$ & $-0.00781923$ & $0.00285393$ & $-0.00517332$ & $0.00776388$ & $-0.0195719$ & $0.0134003$ & $-0.0052556$ & $0.0134507$ & $-0.010954$ & $0.00762083$ & $0.00966526$ & $0.00994892$ & $0.00929942$ & $0.00593783$ & $0.00247065$ & $-0.0173839$ & $0.00747548$ & $0.00411713$ & $-0.0121319$ & $0.0102087$ & $0.0137835$ & $0.0175041$ & $0.450496$ & $0.0195725$ & $-0.0503103$ & $-0.00215249$ & $-0.0367279$ & $0.0155976$ & $-0.0234311$ & $0.0132997$ & $0.037742$ & $0.0352109$ & $0.0514313$ & $0.0378622$ & $-0.0116736$ & $0.106988$ & $0.00234249$ & $-0.0973203$ & $1$ \\
