 & AlsMz & dAle5Mz & mtop & mHl & Mz & CW & CHG & CHWB & CHWHB_gaga & CHWHB_gagaorth & CHD & CHbox & CH & CHL1_11 & CHL1_22 & CHL1_33 & CHL3_11 & CHL3_22 & CHL3_33 & CHe_11 & CHe_22 & CHe_33 & CHQ1_11 & CHQ1_33 & CHQ3_11 & CHu_11 & CHd_11 & CHd_33 & CeH_22r & CeH_33r & CuH_22r & CuH_33r & CdH_33r & CLL_1221 & eHggint & eHggpar & eHWWint & eHWWpar & eHZZint & eHZZpar & eHZgaint & eHZgapar & eHgagaint & eHmumuint & eHtautauint & eHccint & eHccpar & eHbbint & eHbbpar \\
AlsMz & $1$ & $0.0630424$ & $-0.0410323$ & $0.00141667$ & $-0.0238045$ & $0.0194781$ & $0.0351748$ & $0.00317653$ & $0.00367121$ & $0.0200585$ & $-0.0102994$ & $0.0114926$ & $-0.00147949$ & $-0.00929104$ & $0.00711925$ & $-0.0215226$ & $-0.0119545$ & $-0.0186314$ & $0.0139136$ & $0.00124796$ & $0.00448607$ & $-0.00783203$ & $0.0619406$ & $-0.0916215$ & $-0.111351$ & $-0.0684673$ & $0.010468$ & $0.0377677$ & $0.0333504$ & $-0.0433237$ & $-0.00874619$ & $0.0269972$ & $-0.046847$ & $-0.00613382$ & $0.0201689$ & $-0.0322132$ & $0.0288645$ & $-0.0394857$ & $0.0129498$ & $-0.00768316$ & $-0.0145025$ & $0.0277805$ & $-0.0466875$ & $0.0651361$ & $-0.0495738$ & $-0.0235247$ & $-0.0038553$ & $0.0377806$ & $-0.0530318$ \\
dAle5Mz & $0.0630424$ & $1$ & $0.060981$ & $-0.0161624$ & $0.0227512$ & $0.0051074$ & $0.0252312$ & $-0.0426285$ & $-0.052284$ & $-0.00359043$ & $0.00200942$ & $-9.44386e-05$ & $-0.0101282$ & $0.0194342$ & $0.0217797$ & $-0.0187664$ & $0.0600907$ & $0.0214882$ & $0.0491064$ & $0.0228802$ & $0.0250562$ & $0.0242586$ & $0.0389119$ & $0.0044453$ & $0.0238728$ & $-0.0355195$ & $0.000811335$ & $-0.0170737$ & $0.0292878$ & $0.00866442$ & $-0.00329901$ & $0.0295914$ & $-0.0108262$ & $0.0194763$ & $-0.0321139$ & $0.0215024$ & $0.045209$ & $0.0098207$ & $0.0491575$ & $-0.00807503$ & $0.0224544$ & $0.0390188$ & $-0.0626195$ & $0.0182791$ & $-0.0423292$ & $-0.0148889$ & $0.0195764$ & $0.0626586$ & $-0.0243596$ \\
mtop & $-0.0410323$ & $0.060981$ & $1$ & $-0.00906545$ & $-0.00816006$ & $0.0201726$ & $-0.0503868$ & $0.0360192$ & $0.0252276$ & $-0.0382839$ & $-0.0165676$ & $-0.0382028$ & $0.0367413$ & $-0.016203$ & $-0.0017572$ & $0.055599$ & $-0.0207605$ & $-0.0249117$ & $-0.0597084$ & $0.0188214$ & $0.0260009$ & $0.0350713$ & $0.0309798$ & $-0.0168136$ & $-0.0163107$ & $-0.0105127$ & $0.0369395$ & $-0.011891$ & $0.0179413$ & $0.0443221$ & $0.00659767$ & $-0.032086$ & $0.050125$ & $0.0386769$ & $0.000210277$ & $-0.0336328$ & $0.018977$ & $0.00597272$ & $0.00714704$ & $0.047851$ & $-0.035367$ & $0.0189676$ & $0.036515$ & $-0.00105823$ & $0.016068$ & $0.0332477$ & $0.0029564$ & $-0.0108954$ & $-0.016539$ \\
mHl & $0.00141667$ & $-0.0161624$ & $-0.00906545$ & $1$ & $0.00489341$ & $-0.0306294$ & $-0.00566015$ & $0.0198595$ & $0.0147427$ & $-0.0128214$ & $-0.0250872$ & $-0.0556269$ & $0.0420308$ & $0.00473004$ & $-0.0270283$ & $0.000931211$ & $0.0267879$ & $0.0295135$ & $0.00509372$ & $0.0226965$ & $0.0289496$ & $0.026984$ & $0.0147719$ & $-0.0182277$ & $-0.00184508$ & $-0.0381141$ & $0.00365017$ & $-0.0251405$ & $-0.0160272$ & $0.00250879$ & $-0.0376012$ & $-0.0212421$ & $-0.0359726$ & $0.0459255$ & $-0.0449217$ & $0.037198$ & $0.0719153$ & $-0.0358843$ & $0.00911557$ & $0.0105512$ & $-0.00803592$ & $0.0208597$ & $-0.000721156$ & $-0.00610328$ & $-0.0571473$ & $0.0207933$ & $-0.0519067$ & $-0.0153418$ & $-0.0185081$ \\
Mz & $-0.0238045$ & $0.0227512$ & $-0.00816006$ & $0.00489341$ & $1$ & $-0.00779698$ & $-0.00495731$ & $0.0183027$ & $0.0235428$ & $-0.0222691$ & $-0.0121682$ & $0.00272425$ & $-0.00676626$ & $-0.000952639$ & $-0.0204226$ & $0.00483716$ & $0.00667099$ & $0.014586$ & $-0.00492089$ & $0.0199472$ & $0.0237034$ & $0.0316953$ & $0.0161319$ & $-0.0182097$ & $-0.00070867$ & $-0.0247767$ & $0.0163693$ & $-0.037808$ & $-0.000597583$ & $-0.012452$ & $0.0300974$ & $-0.00551117$ & $0.00776069$ & $0.0337856$ & $0.0151072$ & $0.00528151$ & $0.0302702$ & $-0.0255249$ & $-0.00241767$ & $0.0488068$ & $0.00891163$ & $0.0140174$ & $-0.00160876$ & $-0.0284819$ & $-0.00376732$ & $0.00927201$ & $-0.0189064$ & $-0.018867$ & $0.016869$ \\
CW & $0.0194781$ & $0.0051074$ & $0.0201726$ & $-0.0306294$ & $-0.00779698$ & $1$ & $0.0169893$ & $-0.109798$ & $-0.105843$ & $-0.0025796$ & $0.180597$ & $0.0564521$ & $-0.033012$ & $-0.00265743$ & $-0.0672933$ & $-0.05269$ & $-0.276268$ & $-0.0752677$ & $-0.0861865$ & $-0.176058$ & $-0.185363$ & $-0.175119$ & $-0.00240952$ & $-0.0132839$ & $-0.0968487$ & $0.0890367$ & $-0.0651261$ & $-0.0628452$ & $0.0201456$ & $0.0217025$ & $0.0258178$ & $0.0341787$ & $0.0309627$ & $-0.110544$ & $0.0538186$ & $-0.041664$ & $-0.0409776$ & $-0.0170006$ & $-0.0329826$ & $-0.0596889$ & $0.0057721$ & $-0.0599484$ & $0.0075991$ & $-0.0339915$ & $-0.00837277$ & $-0.0271763$ & $-0.00613205$ & $0.0367922$ & $0.0322355$ \\
CHG & $0.0351748$ & $0.0252312$ & $-0.0503868$ & $-0.00566015$ & $-0.00495731$ & $0.0169893$ & $1$ & $-0.0960415$ & $-0.0462156$ & $0.104184$ & $0.0443388$ & $0.29956$ & $-0.326926$ & $0.078452$ & $0.00560707$ & $-0.0143039$ & $0.100412$ & $0.0935316$ & $0.111108$ & $-0.0420538$ & $-0.0495558$ & $-0.0509479$ & $-0.00422497$ & $0.112974$ & $0.109163$ & $0.0374352$ & $-0.0261077$ & $-0.040525$ & $0.040307$ & $-0.0977362$ & $-0.0767092$ & $0.935654$ & $-0.163336$ & $-0.0782954$ & $-0.0385537$ & $-0.0326303$ & $0.0354637$ & $-0.00894621$ & $0.00863171$ & $0.0157515$ & $0.0171722$ & $-0.0137758$ & $-0.0155537$ & $0.00995618$ & $-0.0282226$ & $-0.0306186$ & $-0.0642329$ & $-0.021728$ & $-0.0331588$ \\
CHWB & $0.00317653$ & $-0.0426285$ & $0.0360192$ & $0.0198595$ & $0.0183027$ & $-0.109798$ & $-0.0960415$ & $1$ & $0.983313$ & $-0.586119$ & $-0.87931$ & $-0.423947$ & $0.340374$ & $0.0998409$ & $0.258982$ & $0.279546$ & $-0.258287$ & $-0.438267$ & $-0.438322$ & $0.848165$ & $0.897836$ & $0.885471$ & $0.0658276$ & $-0.67917$ & $-0.413345$ & $-0.503925$ & $0.430822$ & $0.270313$ & $0.0220297$ & $0.106711$ & $0.00955325$ & $-0.101173$ & $0.0781031$ & $0.564154$ & $-0.00658816$ & $-0.0462264$ & $-0.0252501$ & $0.0054643$ & $0.0258497$ & $-0.0162364$ & $0.0388538$ & $-0.0163094$ & $-0.0136048$ & $-0.0153552$ & $-0.00449434$ & $-0.00756255$ & $-0.0179676$ & $-0.0506769$ & $-0.0205229$ \\
CHWHB_gaga & $0.00367121$ & $-0.052284$ & $0.0252276$ & $0.0147427$ & $0.0235428$ & $-0.105843$ & $-0.0462156$ & $0.983313$ & $1$ & $-0.57599$ & $-0.859679$ & $-0.408937$ & $0.332694$ & $0.0937235$ & $0.24922$ & $0.276845$ & $-0.267401$ & $-0.435304$ & $-0.441195$ & $0.829441$ & $0.877661$ & $0.865808$ & $0.066471$ & $-0.672141$ & $-0.414464$ & $-0.493641$ & $0.423085$ & $0.262336$ & $0.0274206$ & $0.123618$ & $0.0260295$ & $-0.0620332$ & $0.0943751$ & $0.556361$ & $-0.0228162$ & $-0.0532815$ & $-0.0482164$ & $-0.000770134$ & $0.0303563$ & $-0.00651523$ & $0.0303327$ & $-0.0201587$ & $0.0637773$ & $-0.0116203$ & $-0.0136226$ & $-0.0153179$ & $-0.0190623$ & $-0.0511513$ & $-0.0196866$ \\
CHWHB_gagaorth & $0.0200585$ & $-0.00359043$ & $-0.0382839$ & $-0.0128214$ & $-0.0222691$ & $-0.0025796$ & $0.104184$ & $-0.586119$ & $-0.57599$ & $1$ & $0.376488$ & $0.525097$ & $-0.279583$ & $0.209926$ & $-0.101225$ & $-0.116162$ & $0.434102$ & $0.484062$ & $0.483869$ & $-0.363046$ & $-0.393151$ & $-0.39862$ & $-0.0787345$ & $0.546604$ & $0.484571$ & $0.250009$ & $-0.241459$ & $-0.104201$ & $-0.00953321$ & $-0.167821$ & $-0.0650445$ & $0.129446$ & $-0.117795$ & $-0.364094$ & $0.0771234$ & $0.0404167$ & $0.00206282$ & $0.0188908$ & $0.00366121$ & $-0.0108172$ & $-0.0764748$ & $0.00710846$ & $-0.000557485$ & $0.0109859$ & $-0.0170496$ & $0.0257123$ & $-0.0196627$ & $0.0326559$ & $0.0478814$ \\
CHD & $-0.0102994$ & $0.00200942$ & $-0.0165676$ & $-0.0250872$ & $-0.0121682$ & $0.180597$ & $0.0443388$ & $-0.87931$ & $-0.859679$ & $0.376488$ & $1$ & $0.28789$ & $-0.172961$ & $-0.510913$ & $-0.41205$ & $-0.404569$ & $-0.198122$ & $0.0857507$ & $0.0703907$ & $-0.990111$ & $-0.990632$ & $-0.969088$ & $0.0119118$ & $0.317231$ & $0.0442233$ & $0.547875$ & $-0.288524$ & $-0.28926$ & $-0.0299323$ & $-0.0559381$ & $0.0021379$ & $0.0581816$ & $-0.0347722$ & $-0.354239$ & $0.0256199$ & $0.0504753$ & $0.0268396$ & $-0.00261158$ & $-0.0368906$ & $0.00823087$ & $-0.0402601$ & $0.0147226$ & $0.0298822$ & $-0.000355346$ & $0.0200691$ & $0.0210463$ & $-0.00867996$ & $0.054341$ & $0.0260975$ \\
CHbox & $0.0114926$ & $-9.44386e-05$ & $-0.0382028$ & $-0.0556269$ & $0.00272425$ & $0.0564521$ & $0.29956$ & $-0.423947$ & $-0.408937$ & $0.525097$ & $0.28789$ & $1$ & $-0.901165$ & $0.132505$ & $-0.0675459$ & $-0.0946343$ & $0.270655$ & $0.315126$ & $0.335754$ & $-0.275895$ & $-0.299906$ & $-0.30374$ & $-0.103701$ & $0.377585$ & $0.312283$ & $0.223554$ & $-0.190722$ & $-0.101573$ & $-0.0419107$ & $-0.181216$ & $-0.059926$ & $0.302226$ & $-0.162089$ & $-0.276722$ & $0.0289747$ & $-0.0036235$ & $-0.0055438$ & $0.0231172$ & $-0.0186502$ & $-0.000665555$ & $-0.0329814$ & $-0.00564238$ & $-0.0173916$ & $-0.0178751$ & $-0.035305$ & $0.0259732$ & $-0.0114211$ & $0.0167724$ & $-0.00442585$ \\
CH & $-0.00147949$ & $-0.0101282$ & $0.0367413$ & $0.0420308$ & $-0.00676626$ & $-0.033012$ & $-0.326926$ & $0.340374$ & $0.332694$ & $-0.279583$ & $-0.172961$ & $-0.901165$ & $1$ & $-0.229727$ & $0.0486339$ & $0.0826909$ & $-0.335894$ & $-0.358831$ & $-0.382771$ & $0.16878$ & $0.182501$ & $0.190369$ & $0.0933025$ & $-0.369913$ & $-0.35113$ & $-0.153064$ & $0.141656$ & $0.0771307$ & $0.0500716$ & $0.272817$ & $0.0773179$ & $-0.284788$ & $0.276879$ & $0.222823$ & $0.0418198$ & $0.0153759$ & $-0.00940581$ & $-0.0105055$ & $0.019652$ & $-0.0110192$ & $-0.000229982$ & $0.00780603$ & $0.0134664$ & $0.0219296$ & $0.0337382$ & $-0.00951818$ & $-0.0116902$ & $-0.000276664$ & $0.0172477$ \\
CHL1_11 & $-0.00929104$ & $0.0194342$ & $-0.016203$ & $0.00473004$ & $-0.000952639$ & $-0.00265743$ & $0.078452$ & $0.0998409$ & $0.0937235$ & $0.209926$ & $-0.510913$ & $0.132505$ & $-0.229727$ & $1$ & $0.331333$ & $0.277946$ & $0.645723$ & $0.556821$ & $0.58923$ & $0.532652$ & $0.467012$ & $0.443763$ & $-0.133348$ & $0.467591$ & $0.568395$ & $-0.23084$ & $-0.118207$ & $0.104182$ & $0.0172234$ & $-0.0608624$ & $-0.0230847$ & $0.0534604$ & $-0.0597929$ & $-0.251152$ & $-0.0367208$ & $-0.0376414$ & $-0.0271085$ & $-0.0143161$ & $0.0350523$ & $0.00620552$ & $0.00423587$ & $-0.0205142$ & $-0.0205472$ & $0.0055108$ & $-0.0451785$ & $-0.0277648$ & $0.0539159$ & $-0.00642928$ & $-0.0288746$ \\
CHL1_22 & $0.00711925$ & $0.0217797$ & $-0.0017572$ & $-0.0270283$ & $-0.0204226$ & $-0.0672933$ & $0.00560707$ & $0.258982$ & $0.24922$ & $-0.101225$ & $-0.41205$ & $-0.0675459$ & $0.0486339$ & $0.331333$ & $1$ & $0.452149$ & $0.198988$ & $-0.42816$ & $0.017836$ & $0.48144$ & $0.323046$ & $0.308472$ & $-0.160279$ & $0.160675$ & $-0.11096$ & $-0.224142$ & $-0.431815$ & $0.102489$ & $0.0225475$ & $0.0301969$ & $-0.00778515$ & $-0.000994344$ & $-0.00832382$ & $-0.623179$ & $0.00731918$ & $-0.0650243$ & $0.00250536$ & $0.0203077$ & $0.00879269$ & $-0.0407291$ & $-0.0302183$ & $-0.0637164$ & $-0.0754585$ & $0.051705$ & $0.0276265$ & $-0.000634261$ & $0.0372569$ & $-0.0304838$ & $-0.0186175$ \\
CHL1_33 & $-0.0215226$ & $-0.0187664$ & $0.055599$ & $0.000931211$ & $0.00483716$ & $-0.05269$ & $-0.0143039$ & $0.279546$ & $0.276845$ & $-0.116162$ & $-0.404569$ & $-0.0946343$ & $0.0826909$ & $0.277946$ & $0.452149$ & $1$ & $0.162824$ & $-0.0374006$ & $-0.422725$ & $0.468913$ & $0.321961$ & $0.343584$ & $-0.15844$ & $0.104448$ & $-0.126538$ & $-0.210683$ & $-0.388079$ & $0.054746$ & $0.00208205$ & $0.0103133$ & $0.0321009$ & $-0.0241176$ & $0.0335227$ & $-0.123044$ & $0.0195925$ & $-0.0555274$ & $-0.0539227$ & $-0.0117756$ & $0.0218459$ & $0.00660339$ & $-0.00579699$ & $-0.0193263$ & $-0.00363303$ & $-0.00135434$ & $-0.0180894$ & $-0.00771502$ & $0.0385854$ & $-0.0263466$ & $0.00909946$ \\
CHL3_11 & $-0.0119545$ & $0.0600907$ & $-0.0207605$ & $0.0267879$ & $0.00667099$ & $-0.276268$ & $0.100412$ & $-0.258287$ & $-0.267401$ & $0.434102$ & $-0.198122$ & $0.270655$ & $-0.335894$ & $0.645723$ & $0.198988$ & $0.162824$ & $1$ & $0.728744$ & $0.742387$ & $0.224229$ & $0.162543$ & $0.146046$ & $-0.109697$ & $0.683331$ & $0.764996$ & $-0.0814159$ & $-0.187807$ & $0.0498377$ & $0.0127517$ & $-0.117607$ & $-0.0300834$ & $0.0832219$ & $-0.0927156$ & $-0.279253$ & $-0.0443346$ & $0.00308043$ & $0.0152684$ & $-0.00650984$ & $0.00912891$ & $0.023828$ & $0.00883016$ & $0.0153153$ & $-0.0273385$ & $0.0352017$ & $-0.0221207$ & $-0.0288352$ & $0.0457494$ & $-0.0195905$ & $-0.00118386$ \\
CHL3_22 & $-0.0186314$ & $0.0214882$ & $-0.0249117$ & $0.0295135$ & $0.014586$ & $-0.0752677$ & $0.0935316$ & $-0.438267$ & $-0.435304$ & $0.484062$ & $0.0857507$ & $0.315126$ & $-0.358831$ & $0.556821$ & $-0.42816$ & $-0.0374006$ & $0.728744$ & $1$ & $0.667261$ & $-0.0890659$ & $-0.0787309$ & $-0.0819564$ & $-0.0421711$ & $0.603386$ & $0.789064$ & $0.0895421$ & $0.0050559$ & $-0.0522009$ & $-0.00497462$ & $-0.122861$ & $-0.0128832$ & $0.0801075$ & $-0.0772575$ & $0.0324934$ & $-0.0391271$ & $0.0344233$ & $-0.0103289$ & $-0.0237994$ & $0.0149397$ & $0.0538046$ & $0.0174486$ & $0.0465026$ & $0.0267879$ & $-0.0139596$ & $-0.0526867$ & $-0.0245732$ & $0.0318898$ & $0.0120867$ & $0.00243505$ \\
CHL3_33 & $0.0139136$ & $0.0491064$ & $-0.0597084$ & $0.00509372$ & $-0.00492089$ & $-0.0861865$ & $0.111108$ & $-0.438322$ & $-0.441195$ & $0.483869$ & $0.0703907$ & $0.335754$ & $-0.382771$ & $0.58923$ & $0.017836$ & $-0.422725$ & $0.742387$ & $0.667261$ & $1$ & $-0.068966$ & $-0.0689422$ & $-0.0804266$ & $-0.0452471$ & $0.630397$ & $0.78311$ & $0.0743753$ & $-0.0319286$ & $-0.0114229$ & $0.0125942$ & $-0.100699$ & $-0.0388984$ & $0.103042$ & $-0.106926$ & $-0.363135$ & $-0.0451504$ & $0.0204621$ & $0.0247457$ & $0.0045173$ & $0.00283625$ & $0.00478242$ & $-0.000896607$ & $0.002792$ & $-0.0296865$ & $0.0311393$ & $-0.0134797$ & $-0.0164317$ & $0.029177$ & $0.0131725$ & $-0.0261391$ \\
CHe_11 & $0.00124796$ & $0.0228802$ & $0.0188214$ & $0.0226965$ & $0.0199472$ & $-0.176058$ & $-0.0420538$ & $0.848165$ & $0.829441$ & $-0.363046$ & $-0.990111$ & $-0.275895$ & $0.16878$ & $0.532652$ & $0.48144$ & $0.468913$ & $0.224229$ & $-0.0890659$ & $-0.068966$ & $1$ & $0.971769$ & $0.950578$ & $-0.0339484$ & $-0.260212$ & $-0.0347922$ & $-0.541273$ & $0.212798$ & $0.278454$ & $0.0315768$ & $0.0624713$ & $0.00243123$ & $-0.054845$ & $0.0354634$ & $0.272063$ & $-0.0272018$ & $-0.0512714$ & $-0.0310202$ & $0.0011845$ & $0.0444875$ & $-0.00348897$ & $0.0359492$ & $-0.014578$ & $-0.0378734$ & $0.00179671$ & $-0.0214543$ & $-0.0192729$ & $0.0163863$ & $-0.0531102$ & $-0.0273562$ \\
CHe_22 & $0.00448607$ & $0.0250562$ & $0.0260009$ & $0.0289496$ & $0.0237034$ & $-0.185363$ & $-0.0495558$ & $0.897836$ & $0.877661$ & $-0.393151$ & $-0.990632$ & $-0.299906$ & $0.182501$ & $0.467012$ & $0.323046$ & $0.321961$ & $0.162543$ & $-0.0787309$ & $-0.0689422$ & $0.971769$ & $1$ & $0.97512$ & $0.016704$ & $-0.376211$ & $-0.0514709$ & $-0.547149$ & $0.370985$ & $0.29217$ & $0.0294362$ & $0.0595587$ & $-0.00261752$ & $-0.063405$ & $0.03585$ & $0.444756$ & $-0.0304003$ & $-0.0445331$ & $-0.0238559$ & $0.00239148$ & $0.0380764$ & $-0.00548524$ & $0.0432123$ & $-0.00968277$ & $-0.0255482$ & $-0.0072146$ & $-0.02277$ & $-0.020629$ & $0.000396891$ & $-0.0512217$ & $-0.0250117$ \\
CHe_33 & $-0.00783203$ & $0.0242586$ & $0.0350713$ & $0.026984$ & $0.0316953$ & $-0.175119$ & $-0.0509479$ & $0.885471$ & $0.865808$ & $-0.39862$ & $-0.969088$ & $-0.30374$ & $0.190369$ & $0.443763$ & $0.308472$ & $0.343584$ & $0.146046$ & $-0.0819564$ & $-0.0804266$ & $0.950578$ & $0.97512$ & $1$ & $0.00908633$ & $-0.379708$ & $-0.0586946$ & $-0.529928$ & $0.367518$ & $0.284482$ & $0.0369134$ & $0.0631344$ & $-0.00206821$ & $-0.0587919$ & $0.0444558$ & $0.450298$ & $-0.0190341$ & $-0.0499207$ & $-0.0258207$ & $0.0104977$ & $0.0415465$ & $-0.00743941$ & $0.0347233$ & $-0.00640439$ & $-0.0303146$ & $0.00194241$ & $-0.0219561$ & $-0.017205$ & $0.0130746$ & $-0.052389$ & $-0.033762$ \\
CHQ1_11 & $0.0619406$ & $0.0389119$ & $0.0309798$ & $0.0147719$ & $0.0161319$ & $-0.00240952$ & $-0.00422497$ & $0.0658276$ & $0.066471$ & $-0.0787345$ & $0.0119118$ & $-0.103701$ & $0.0933025$ & $-0.133348$ & $-0.160279$ & $-0.15844$ & $-0.109697$ & $-0.0421711$ & $-0.0452471$ & $-0.0339484$ & $0.016704$ & $0.00908633$ & $1$ & $-0.162298$ & $0.0529401$ & $-0.665292$ & $0.353652$ & $0.0626708$ & $-0.0204619$ & $-0.00959247$ & $-0.0202586$ & $-0.00238922$ & $0.0206198$ & $0.194824$ & $0.00438772$ & $-0.036902$ & $0.0431974$ & $-0.0173798$ & $0.0343163$ & $-0.000820731$ & $-0.0166103$ & $0.00194762$ & $-0.0079294$ & $0.0452438$ & $0.0196308$ & $-0.0391752$ & $0.0192756$ & $0.00736118$ & $0.0286592$ \\
CHQ1_33 & $-0.0916215$ & $0.0044453$ & $-0.0168136$ & $-0.0182277$ & $-0.0182097$ & $-0.0132839$ & $0.112974$ & $-0.67917$ & $-0.672141$ & $0.546604$ & $0.317231$ & $0.377585$ & $-0.369913$ & $0.467591$ & $0.160675$ & $0.104448$ & $0.683331$ & $0.603386$ & $0.630397$ & $-0.260212$ & $-0.376211$ & $-0.379708$ & $-0.162298$ & $1$ & $0.639534$ & $0.208835$ & $-0.448643$ & $-0.0345129$ & $0.000147036$ & $-0.102769$ & $-0.0219948$ & $0.103952$ & $-0.0881606$ & $-0.655163$ & $-0.0157255$ & $0.0125332$ & $0.0105744$ & $0.0121939$ & $-0.00790017$ & $0.0337391$ & $-0.014345$ & $-0.0184644$ & $-0.00275491$ & $0.0161548$ & $-0.0158071$ & $0.00665744$ & $0.0555587$ & $-0.00111847$ & $0.00533595$ \\
CHQ3_11 & $-0.111351$ & $0.0238728$ & $-0.0163107$ & $-0.00184508$ & $-0.00070867$ & $-0.0968487$ & $0.109163$ & $-0.413345$ & $-0.414464$ & $0.484571$ & $0.0442233$ & $0.312283$ & $-0.35113$ & $0.568395$ & $-0.11096$ & $-0.126538$ & $0.764996$ & $0.789064$ & $0.78311$ & $-0.0347922$ & $-0.0514709$ & $-0.0586946$ & $0.0529401$ & $0.639534$ & $1$ & $0.0461089$ & $0.197093$ & $-0.0238771$ & $0.000756619$ & $-0.111374$ & $-0.0463079$ & $0.101045$ & $-0.0978802$ & $-0.209429$ & $-0.0295227$ & $0.0164159$ & $0.0209656$ & $-0.0120749$ & $0.001596$ & $0.0449021$ & $-0.000325059$ & $0.0322302$ & $0.0281516$ & $0.0367221$ & $-0.0173663$ & $-0.00817468$ & $0.0173625$ & $0.0137088$ & $-0.018671$ \\
CHu_11 & $-0.0684673$ & $-0.0355195$ & $-0.0105127$ & $-0.0381141$ & $-0.0247767$ & $0.0890367$ & $0.0374352$ & $-0.503925$ & $-0.493641$ & $0.250009$ & $0.547875$ & $0.223554$ & $-0.153064$ & $-0.23084$ & $-0.224142$ & $-0.210683$ & $-0.0814159$ & $0.0895421$ & $0.0743753$ & $-0.541273$ & $-0.547149$ & $-0.529928$ & $-0.665292$ & $0.208835$ & $0.0461089$ & $1$ & $-0.177342$ & $-0.197287$ & $0.0171508$ & $-0.039824$ & $0.0105276$ & $0.038929$ & $-0.0579743$ & $-0.223395$ & $0.0238231$ & $0.0961149$ & $0.014842$ & $-0.000396617$ & $-0.0534782$ & $0.00117761$ & $-0.0222851$ & $0.0102732$ & $0.0509385$ & $-0.00833595$ & $-0.0115426$ & $0.0376728$ & $-0.0182148$ & $0.0518006$ & $-0.0299076$ \\
CHd_11 & $0.010468$ & $0.000811335$ & $0.0369395$ & $0.00365017$ & $0.0163693$ & $-0.0651261$ & $-0.0261077$ & $0.430822$ & $0.423085$ & $-0.241459$ & $-0.288524$ & $-0.190722$ & $0.141656$ & $-0.118207$ & $-0.431815$ & $-0.388079$ & $-0.187807$ & $0.0050559$ & $-0.0319286$ & $0.212798$ & $0.370985$ & $0.367518$ & $0.353652$ & $-0.448643$ & $0.197093$ & $-0.177342$ & $1$ & $0.118425$ & $0.0134059$ & $0.027582$ & $-0.0320724$ & $-0.0231849$ & $0.00930274$ & $0.700049$ & $-0.00440059$ & $0.0178497$ & $0.0376313$ & $-0.00489536$ & $-0.00445094$ & $0.0299799$ & $0.0353479$ & $0.0338616$ & $0.0605422$ & $0.0111482$ & $-0.00771799$ & $0.00643463$ & $-0.0493789$ & $0.00348271$ & $-0.0370633$ \\
CHd_33 & $0.0377677$ & $-0.0170737$ & $-0.011891$ & $-0.0251405$ & $-0.037808$ & $-0.0628452$ & $-0.040525$ & $0.270313$ & $0.262336$ & $-0.104201$ & $-0.28926$ & $-0.101573$ & $0.0771307$ & $0.104182$ & $0.102489$ & $0.054746$ & $0.0498377$ & $-0.0522009$ & $-0.0114229$ & $0.278454$ & $0.29217$ & $0.284482$ & $0.0626708$ & $-0.0345129$ & $-0.0238771$ & $-0.197287$ & $0.118425$ & $1$ & $0.019206$ & $0.0444355$ & $-0.0162982$ & $-0.0382927$ & $0.025423$ & $0.13366$ & $0.0236821$ & $2.30652e-05$ & $-0.0153706$ & $0.037084$ & $0.0274563$ & $-0.0374454$ & $0.0272554$ & $0.00155837$ & $-0.0262759$ & $0.0486989$ & $0.00108248$ & $0.031213$ & $-0.00127145$ & $-0.0442861$ & $-0.000480819$ \\
CeH_22r & $0.0333504$ & $0.0292878$ & $0.0179413$ & $-0.0160272$ & $-0.000597583$ & $0.0201456$ & $0.040307$ & $0.0220297$ & $0.0274206$ & $-0.00953321$ & $-0.0299323$ & $-0.0419107$ & $0.0500716$ & $0.0172234$ & $0.0225475$ & $0.00208205$ & $0.0127517$ & $-0.00497462$ & $0.0125942$ & $0.0315768$ & $0.0294362$ & $0.0369134$ & $-0.0204619$ & $0.000147036$ & $0.000756619$ & $0.0171508$ & $0.0134059$ & $0.019206$ & $1$ & $0.00434398$ & $-0.015706$ & $0.0294037$ & $0.0303339$ & $-0.000115086$ & $-0.0376824$ & $-0.0610412$ & $0.0501952$ & $0.0223815$ & $-0.0581682$ & $0.00862317$ & $0.0120639$ & $0.0155261$ & $-0.00247534$ & $0.0718824$ & $-0.030724$ & $-0.0021896$ & $-0.00800156$ & $0.00996954$ & $0.0089369$ \\
CeH_33r & $-0.0433237$ & $0.00866442$ & $0.0443221$ & $0.00250879$ & $-0.012452$ & $0.0217025$ & $-0.0977362$ & $0.106711$ & $0.123618$ & $-0.167821$ & $-0.0559381$ & $-0.181216$ & $0.272817$ & $-0.0608624$ & $0.0301969$ & $0.0103133$ & $-0.117607$ & $-0.122861$ & $-0.100699$ & $0.0624713$ & $0.0595587$ & $0.0631344$ & $-0.00959247$ & $-0.102769$ & $-0.111374$ & $-0.039824$ & $0.027582$ & $0.0444355$ & $0.00434398$ & $1$ & $0.293543$ & $0.0420715$ & $0.566871$ & $0.046039$ & $-0.0577173$ & $-0.0873609$ & $-0.24251$ & $-0.00151116$ & $-0.0328339$ & $-0.00490622$ & $2.52867e-05$ & $0.0127957$ & $0.0304996$ & $0.0133037$ & $0.0920049$ & $0.011047$ & $-0.00374835$ & $0.026502$ & $-0.0801856$ \\
CuH_22r & $-0.00874619$ & $-0.00329901$ & $0.00659767$ & $-0.0376012$ & $0.0300974$ & $0.0258178$ & $-0.0767092$ & $0.00955325$ & $0.0260295$ & $-0.0650445$ & $0.0021379$ & $-0.059926$ & $0.0773179$ & $-0.0230847$ & $-0.00778515$ & $0.0321009$ & $-0.0300834$ & $-0.0128832$ & $-0.0388984$ & $0.00243123$ & $-0.00261752$ & $-0.00206821$ & $-0.0202586$ & $-0.0219948$ & $-0.0463079$ & $0.0105276$ & $-0.0320724$ & $-0.0162982$ & $-0.015706$ & $0.293543$ & $1$ & $0.0169401$ & $0.311198$ & $0.0125151$ & $-0.0119086$ & $-0.0363069$ & $-0.127086$ & $-0.11421$ & $-0.0227185$ & $0.0242075$ & $-0.000691512$ & $0.0123094$ & $0.0428067$ & $0.0031695$ & $-0.0228099$ & $0.0510999$ & $0.371497$ & $0.0237784$ & $-0.0368032$ \\
CuH_33r & $0.0269972$ & $0.0295914$ & $-0.032086$ & $-0.0212421$ & $-0.00551117$ & $0.0341787$ & $0.935654$ & $-0.101173$ & $-0.0620332$ & $0.129446$ & $0.0581816$ & $0.302226$ & $-0.284788$ & $0.0534604$ & $-0.000994344$ & $-0.0241176$ & $0.0832219$ & $0.0801075$ & $0.103042$ & $-0.054845$ & $-0.063405$ & $-0.0587919$ & $-0.00238922$ & $0.103952$ & $0.101045$ & $0.038929$ & $-0.0231849$ & $-0.0382927$ & $0.0294037$ & $0.0420715$ & $0.0169401$ & $1$ & $0.0146212$ & $-0.0778665$ & $0.0665224$ & $-0.023452$ & $-0.0125884$ & $-0.0166723$ & $0.0171579$ & $0.0196901$ & $-0.00263754$ & $0.00364449$ & $-0.0183703$ & $0.00515524$ & $-0.0202842$ & $-0.0204553$ & $-0.0483303$ & $0.00363589$ & $-0.0127153$ \\
CdH_33r & $-0.046847$ & $-0.0108262$ & $0.050125$ & $-0.0359726$ & $0.00776069$ & $0.0309627$ & $-0.163336$ & $0.0781031$ & $0.0943751$ & $-0.117795$ & $-0.0347722$ & $-0.162089$ & $0.276879$ & $-0.0597929$ & $-0.00832382$ & $0.0335227$ & $-0.0927156$ & $-0.0772575$ & $-0.106926$ & $0.0354634$ & $0.03585$ & $0.0444558$ & $0.0206198$ & $-0.0881606$ & $-0.0978802$ & $-0.0579743$ & $0.00930274$ & $0.025423$ & $0.0303339$ & $0.566871$ & $0.311198$ & $0.0146212$ & $1$ & $0.0631264$ & $-0.0157594$ & $-0.102081$ & $-0.235091$ & $-0.0546275$ & $-0.0213074$ & $0.00406197$ & $-0.0206716$ & $0.0296251$ & $0.0379584$ & $0.0254312$ & $0.00329184$ & $-0.0301222$ & $1.64533e-05$ & $0.240298$ & $0.508538$ \\
CLL_1221 & $-0.00613382$ & $0.0194763$ & $0.0386769$ & $0.0459255$ & $0.0337856$ & $-0.110544$ & $-0.0782954$ & $0.564154$ & $0.556361$ & $-0.364094$ & $-0.354239$ & $-0.276722$ & $0.222823$ & $-0.251152$ & $-0.623179$ & $-0.123044$ & $-0.279253$ & $0.0324934$ & $-0.363135$ & $0.272063$ & $0.444756$ & $0.450298$ & $0.194824$ & $-0.655163$ & $-0.209429$ & $-0.223395$ & $0.700049$ & $0.13366$ & $-0.000115086$ & $0.046039$ & $0.0125151$ & $-0.0778665$ & $0.0631264$ & $1$ & $-0.0139457$ & $0.0200969$ & $-0.0112738$ & $-0.0115967$ & $0.0116302$ & $0.027528$ & $0.057662$ & $0.0477001$ & $0.0449741$ & $-0.0492252$ & $-0.0274688$ & $-0.00889036$ & $-0.0412647$ & $-0.0197897$ & $0.00215069$ \\
eHggint & $0.0201689$ & $-0.0321139$ & $0.000210277$ & $-0.0449217$ & $0.0151072$ & $0.0538186$ & $-0.0385537$ & $-0.00658816$ & $-0.0228162$ & $0.0771234$ & $0.0256199$ & $0.0289747$ & $0.0418198$ & $-0.0367208$ & $0.00731918$ & $0.0195925$ & $-0.0443346$ & $-0.0391271$ & $-0.0451504$ & $-0.0272018$ & $-0.0304003$ & $-0.0190341$ & $0.00438772$ & $-0.0157255$ & $-0.0295227$ & $0.0238231$ & $-0.00440059$ & $0.0236821$ & $-0.0376824$ & $-0.0577173$ & $-0.0119086$ & $0.0665224$ & $-0.0157594$ & $-0.0139457$ & $1$ & $-0.0876023$ & $-0.0654184$ & $0.0237234$ & $0.0168208$ & $-0.0311213$ & $-0.0177449$ & $-0.0422053$ & $-0.0065702$ & $0.022558$ & $-0.0309721$ & $0.023317$ & $-0.0543307$ & $-0.0289549$ & $0.0232647$ \\
eHggpar & $-0.0322132$ & $0.0215024$ & $-0.0336328$ & $0.037198$ & $0.00528151$ & $-0.041664$ & $-0.0326303$ & $-0.0462264$ & $-0.0532815$ & $0.0404167$ & $0.0504753$ & $-0.0036235$ & $0.0153759$ & $-0.0376414$ & $-0.0650243$ & $-0.0555274$ & $0.00308043$ & $0.0344233$ & $0.0204621$ & $-0.0512714$ & $-0.0445331$ & $-0.0499207$ & $-0.036902$ & $0.0125332$ & $0.0164159$ & $0.0961149$ & $0.0178497$ & $2.30652e-05$ & $-0.0610412$ & $-0.0873609$ & $-0.0363069$ & $-0.023452$ & $-0.102081$ & $0.0200969$ & $-0.0876023$ & $1$ & $0.0572719$ & $-0.0157817$ & $0.0135522$ & $0.0169034$ & $0.0178994$ & $0.0178717$ & $0.0397926$ & $0.0334266$ & $-0.00643445$ & $0.0215091$ & $-0.00393923$ & $0.0274727$ & $-0.0165352$ \\
eHWWint & $0.0288645$ & $0.045209$ & $0.018977$ & $0.0719153$ & $0.0302702$ & $-0.0409776$ & $0.0354637$ & $-0.0252501$ & $-0.0482164$ & $0.00206282$ & $0.0268396$ & $-0.0055438$ & $-0.00940581$ & $-0.0271085$ & $0.00250536$ & $-0.0539227$ & $0.0152684$ & $-0.0103289$ & $0.0247457$ & $-0.0310202$ & $-0.0238559$ & $-0.0258207$ & $0.0431974$ & $0.0105744$ & $0.0209656$ & $0.014842$ & $0.0376313$ & $-0.0153706$ & $0.0501952$ & $-0.24251$ & $-0.127086$ & $-0.0125884$ & $-0.235091$ & $-0.0112738$ & $-0.0654184$ & $0.0572719$ & $1$ & $-0.0518763$ & $-0.0190781$ & $-0.0402547$ & $-0.00257146$ & $0.00486207$ & $-0.0771036$ & $0.00903162$ & $0.0232848$ & $-0.0428073$ & $-0.0131447$ & $0.0342129$ & $-0.0121213$ \\
eHWWpar & $-0.0394857$ & $0.0098207$ & $0.00597272$ & $-0.0358843$ & $-0.0255249$ & $-0.0170006$ & $-0.00894621$ & $0.0054643$ & $-0.000770134$ & $0.0188908$ & $-0.00261158$ & $0.0231172$ & $-0.0105055$ & $-0.0143161$ & $0.0203077$ & $-0.0117756$ & $-0.00650984$ & $-0.0237994$ & $0.0045173$ & $0.0011845$ & $0.00239148$ & $0.0104977$ & $-0.0173798$ & $0.0121939$ & $-0.0120749$ & $-0.000396617$ & $-0.00489536$ & $0.037084$ & $0.0223815$ & $-0.00151116$ & $-0.11421$ & $-0.0166723$ & $-0.0546275$ & $-0.0115967$ & $0.0237234$ & $-0.0157817$ & $-0.0518763$ & $1$ & $0.0427244$ & $-0.000880204$ & $0.00553136$ & $-0.0437765$ & $-0.0240686$ & $0.0451753$ & $0.0206211$ & $0.0165005$ & $-0.0462346$ & $-0.0195616$ & $-0.0208072$ \\
eHZZint & $0.0129498$ & $0.0491575$ & $0.00714704$ & $0.00911557$ & $-0.00241767$ & $-0.0329826$ & $0.00863171$ & $0.0258497$ & $0.0303563$ & $0.00366121$ & $-0.0368906$ & $-0.0186502$ & $0.019652$ & $0.0350523$ & $0.00879269$ & $0.0218459$ & $0.00912891$ & $0.0149397$ & $0.00283625$ & $0.0444875$ & $0.0380764$ & $0.0415465$ & $0.0343163$ & $-0.00790017$ & $0.001596$ & $-0.0534782$ & $-0.00445094$ & $0.0274563$ & $-0.0581682$ & $-0.0328339$ & $-0.0227185$ & $0.0171579$ & $-0.0213074$ & $0.0116302$ & $0.0168208$ & $0.0135522$ & $-0.0190781$ & $0.0427244$ & $1$ & $0.033332$ & $-0.0133529$ & $0.0227098$ & $0.00570668$ & $-0.000484222$ & $0.0523677$ & $0.0104117$ & $-0.0148345$ & $0.00369676$ & $-0.00882621$ \\
eHZZpar & $-0.00768316$ & $-0.00807503$ & $0.047851$ & $0.0105512$ & $0.0488068$ & $-0.0596889$ & $0.0157515$ & $-0.0162364$ & $-0.00651523$ & $-0.0108172$ & $0.00823087$ & $-0.000665555$ & $-0.0110192$ & $0.00620552$ & $-0.0407291$ & $0.00660339$ & $0.023828$ & $0.0538046$ & $0.00478242$ & $-0.00348897$ & $-0.00548524$ & $-0.00743941$ & $-0.000820731$ & $0.0337391$ & $0.0449021$ & $0.00117761$ & $0.0299799$ & $-0.0374454$ & $0.00862317$ & $-0.00490622$ & $0.0242075$ & $0.0196901$ & $0.00406197$ & $0.027528$ & $-0.0311213$ & $0.0169034$ & $-0.0402547$ & $-0.000880204$ & $0.033332$ & $1$ & $-0.0202027$ & $-0.0101468$ & $0.0393919$ & $-0.0392387$ & $-0.028037$ & $-0.0219095$ & $0.0136712$ & $-0.0119253$ & $-0.00356381$ \\
eHZgaint & $-0.0145025$ & $0.0224544$ & $-0.035367$ & $-0.00803592$ & $0.00891163$ & $0.0057721$ & $0.0171722$ & $0.0388538$ & $0.0303327$ & $-0.0764748$ & $-0.0402601$ & $-0.0329814$ & $-0.000229982$ & $0.00423587$ & $-0.0302183$ & $-0.00579699$ & $0.00883016$ & $0.0174486$ & $-0.000896607$ & $0.0359492$ & $0.0432123$ & $0.0347233$ & $-0.0166103$ & $-0.014345$ & $-0.000325059$ & $-0.0222851$ & $0.0353479$ & $0.0272554$ & $0.0120639$ & $2.52867e-05$ & $-0.000691512$ & $-0.00263754$ & $-0.0206716$ & $0.057662$ & $-0.0177449$ & $0.0178994$ & $-0.00257146$ & $0.00553136$ & $-0.0133529$ & $-0.0202027$ & $1$ & $-0.0293389$ & $-0.0440619$ & $-0.0100557$ & $-0.0255161$ & $-0.00628209$ & $0.00380863$ & $-0.0068198$ & $0.00946275$ \\
eHZgapar & $0.0277805$ & $0.0390188$ & $0.0189676$ & $0.0208597$ & $0.0140174$ & $-0.0599484$ & $-0.0137758$ & $-0.0163094$ & $-0.0201587$ & $0.00710846$ & $0.0147226$ & $-0.00564238$ & $0.00780603$ & $-0.0205142$ & $-0.0637164$ & $-0.0193263$ & $0.0153153$ & $0.0465026$ & $0.002792$ & $-0.014578$ & $-0.00968277$ & $-0.00640439$ & $0.00194762$ & $-0.0184644$ & $0.0322302$ & $0.0102732$ & $0.0338616$ & $0.00155837$ & $0.0155261$ & $0.0127957$ & $0.0123094$ & $0.00364449$ & $0.0296251$ & $0.0477001$ & $-0.0422053$ & $0.0178717$ & $0.00486207$ & $-0.0437765$ & $0.0227098$ & $-0.0101468$ & $-0.0293389$ & $1$ & $0.00546677$ & $0.00494736$ & $-0.0331502$ & $0.0732191$ & $0.0154907$ & $0.0502731$ & $0.00813448$ \\
eHgagaint & $-0.0466875$ & $-0.0626195$ & $0.036515$ & $-0.000721156$ & $-0.00160876$ & $0.0075991$ & $-0.0155537$ & $-0.0136048$ & $0.0637773$ & $-0.000557485$ & $0.0298822$ & $-0.0173916$ & $0.0134664$ & $-0.0205472$ & $-0.0754585$ & $-0.00363303$ & $-0.0273385$ & $0.0267879$ & $-0.0296865$ & $-0.0378734$ & $-0.0255482$ & $-0.0303146$ & $-0.0079294$ & $-0.00275491$ & $0.0281516$ & $0.0509385$ & $0.0605422$ & $-0.0262759$ & $-0.00247534$ & $0.0304996$ & $0.0428067$ & $-0.0183703$ & $0.0379584$ & $0.0449741$ & $-0.0065702$ & $0.0397926$ & $-0.0771036$ & $-0.0240686$ & $0.00570668$ & $0.0393919$ & $-0.0440619$ & $0.00546677$ & $1$ & $0.0199426$ & $0.020224$ & $-0.0247013$ & $-0.00711417$ & $0.0403174$ & $-0.00186724$ \\
eHmumuint & $0.0651361$ & $0.0182791$ & $-0.00105823$ & $-0.00610328$ & $-0.0284819$ & $-0.0339915$ & $0.00995618$ & $-0.0153552$ & $-0.0116203$ & $0.0109859$ & $-0.000355346$ & $-0.0178751$ & $0.0219296$ & $0.0055108$ & $0.051705$ & $-0.00135434$ & $0.0352017$ & $-0.0139596$ & $0.0311393$ & $0.00179671$ & $-0.0072146$ & $0.00194241$ & $0.0452438$ & $0.0161548$ & $0.0367221$ & $-0.00833595$ & $0.0111482$ & $0.0486989$ & $0.0718824$ & $0.0133037$ & $0.0031695$ & $0.00515524$ & $0.0254312$ & $-0.0492252$ & $0.022558$ & $0.0334266$ & $0.00903162$ & $0.0451753$ & $-0.000484222$ & $-0.0392387$ & $-0.0100557$ & $0.00494736$ & $0.0199426$ & $1$ & $0.039883$ & $0.0113954$ & $0.0131782$ & $0.0804117$ & $-0.00062413$ \\
eHtautauint & $-0.0495738$ & $-0.0423292$ & $0.016068$ & $-0.0571473$ & $-0.00376732$ & $-0.00837277$ & $-0.0282226$ & $-0.00449434$ & $-0.0136226$ & $-0.0170496$ & $0.0200691$ & $-0.035305$ & $0.0337382$ & $-0.0451785$ & $0.0276265$ & $-0.0180894$ & $-0.0221207$ & $-0.0526867$ & $-0.0134797$ & $-0.0214543$ & $-0.02277$ & $-0.0219561$ & $0.0196308$ & $-0.0158071$ & $-0.0173663$ & $-0.0115426$ & $-0.00771799$ & $0.00108248$ & $-0.030724$ & $0.0920049$ & $-0.0228099$ & $-0.0202842$ & $0.00329184$ & $-0.0274688$ & $-0.0309721$ & $-0.00643445$ & $0.0232848$ & $0.0206211$ & $0.0523677$ & $-0.028037$ & $-0.0255161$ & $-0.0331502$ & $0.020224$ & $0.039883$ & $1$ & $-0.0463442$ & $0.0370225$ & $-0.00871555$ & $-0.00463131$ \\
eHccint & $-0.0235247$ & $-0.0148889$ & $0.0332477$ & $0.0207933$ & $0.00927201$ & $-0.0271763$ & $-0.0306186$ & $-0.00756255$ & $-0.0153179$ & $0.0257123$ & $0.0210463$ & $0.0259732$ & $-0.00951818$ & $-0.0277648$ & $-0.000634261$ & $-0.00771502$ & $-0.0288352$ & $-0.0245732$ & $-0.0164317$ & $-0.0192729$ & $-0.020629$ & $-0.017205$ & $-0.0391752$ & $0.00665744$ & $-0.00817468$ & $0.0376728$ & $0.00643463$ & $0.031213$ & $-0.0021896$ & $0.011047$ & $0.0510999$ & $-0.0204553$ & $-0.0301222$ & $-0.00889036$ & $0.023317$ & $0.0215091$ & $-0.0428073$ & $0.0165005$ & $0.0104117$ & $-0.0219095$ & $-0.00628209$ & $0.0732191$ & $-0.0247013$ & $0.0113954$ & $-0.0463442$ & $1$ & $-0.0400239$ & $0.0384862$ & $-0.0593841$ \\
eHccpar & $-0.0038553$ & $0.0195764$ & $0.0029564$ & $-0.0519067$ & $-0.0189064$ & $-0.00613205$ & $-0.0642329$ & $-0.0179676$ & $-0.0190623$ & $-0.0196627$ & $-0.00867996$ & $-0.0114211$ & $-0.0116902$ & $0.0539159$ & $0.0372569$ & $0.0385854$ & $0.0457494$ & $0.0318898$ & $0.029177$ & $0.0163863$ & $0.000396891$ & $0.0130746$ & $0.0192756$ & $0.0555587$ & $0.0173625$ & $-0.0182148$ & $-0.0493789$ & $-0.00127145$ & $-0.00800156$ & $-0.00374835$ & $0.371497$ & $-0.0483303$ & $1.64533e-05$ & $-0.0412647$ & $-0.0543307$ & $-0.00393923$ & $-0.0131447$ & $-0.0462346$ & $-0.0148345$ & $0.0136712$ & $0.00380863$ & $0.0154907$ & $-0.00711417$ & $0.0131782$ & $0.0370225$ & $-0.0400239$ & $1$ & $0.00808264$ & $-0.00754313$ \\
eHbbint & $0.0377806$ & $0.0626586$ & $-0.0108954$ & $-0.0153418$ & $-0.018867$ & $0.0367922$ & $-0.021728$ & $-0.0506769$ & $-0.0511513$ & $0.0326559$ & $0.054341$ & $0.0167724$ & $-0.000276664$ & $-0.00642928$ & $-0.0304838$ & $-0.0263466$ & $-0.0195905$ & $0.0120867$ & $0.0131725$ & $-0.0531102$ & $-0.0512217$ & $-0.052389$ & $0.00736118$ & $-0.00111847$ & $0.0137088$ & $0.0518006$ & $0.00348271$ & $-0.0442861$ & $0.00996954$ & $0.026502$ & $0.0237784$ & $0.00363589$ & $0.240298$ & $-0.0197897$ & $-0.0289549$ & $0.0274727$ & $0.0342129$ & $-0.0195616$ & $0.00369676$ & $-0.0119253$ & $-0.0068198$ & $0.0502731$ & $0.0403174$ & $0.0804117$ & $-0.00871555$ & $0.0384862$ & $0.00808264$ & $1$ & $0.0659277$ \\
eHbbpar & $-0.0530318$ & $-0.0243596$ & $-0.016539$ & $-0.0185081$ & $0.016869$ & $0.0322355$ & $-0.0331588$ & $-0.0205229$ & $-0.0196866$ & $0.0478814$ & $0.0260975$ & $-0.00442585$ & $0.0172477$ & $-0.0288746$ & $-0.0186175$ & $0.00909946$ & $-0.00118386$ & $0.00243505$ & $-0.0261391$ & $-0.0273562$ & $-0.0250117$ & $-0.033762$ & $0.0286592$ & $0.00533595$ & $-0.018671$ & $-0.0299076$ & $-0.0370633$ & $-0.000480819$ & $0.0089369$ & $-0.0801856$ & $-0.0368032$ & $-0.0127153$ & $0.508538$ & $0.00215069$ & $0.0232647$ & $-0.0165352$ & $-0.0121213$ & $-0.0208072$ & $-0.00882621$ & $-0.00356381$ & $0.00946275$ & $0.00813448$ & $-0.00186724$ & $-0.00062413$ & $-0.00463131$ & $-0.0593841$ & $-0.00754313$ & $0.0659277$ & $1$ \\
