 & AlsMz & dAle5Mz & mtop & mHl & Mz & CW & CHG & CHWB & CHWHB_gaga & CHWHB_gagaorth & CHD & CHbox & CH & CHL1_11 & CHL1_22 & CHL1_33 & CHL3_11 & CHL3_22 & CHL3_33 & CHe_11 & CHe_22 & CHe_33 & CHQ1_11 & CHQ1_33 & CHQ3_11 & CHu_11 & CHd_11 & CHd_33 & CeH_22r & CeH_33r & CuH_22r & CuH_33r & CdH_33r & CLL_1221 & eHggint & eHggpar & eHWWint & eHWWpar & eHZZint & eHZZpar & eHZgaint & eHZgapar & eHgagaint & eHmumuint & eHtautauint & eHccint & eHccpar & eHbbint & eHbbpar \\
AlsMz & $1$ & $0.282724$ & $0.204088$ & $-0.0617765$ & $0.00365874$ & $0.028245$ & $0.0207581$ & $-0.044856$ & $-0.0528421$ & $0.0108327$ & $0.0291706$ & $-0.0122828$ & $-0.0443416$ & $0.00864675$ & $-0.0188175$ & $0.0119257$ & $0.0118411$ & $0.032177$ & $0.0106235$ & $-0.0271934$ & $-0.0316292$ & $-0.0338991$ & $-0.0207591$ & $-0.00573438$ & $-0.0625977$ & $-0.00321861$ & $-0.0493434$ & $-0.00159348$ & $-0.00609304$ & $-0.0306401$ & $-0.00184678$ & $0.00464796$ & $0.0374171$ & $-0.0129163$ & $-0.0648345$ & $-0.108885$ & $-0.0494305$ & $-0.0104813$ & $0.0933464$ & $0.00327803$ & $-0.103047$ & $0.114758$ & $-0.311644$ & $-0.131581$ & $0.00797353$ & $-0.102835$ & $0.0150894$ & $0.25924$ & $0.106699$ \\
dAle5Mz & $0.282724$ & $1$ & $0.0504304$ & $0.124601$ & $-0.0243321$ & $0.0277945$ & $0.0860249$ & $-0.0656208$ & $-0.0704112$ & $0.00830767$ & $0.0520513$ & $0.0221181$ & $-0.0154865$ & $-0.0172176$ & $0.016212$ & $0.011175$ & $0.0113229$ & $-0.00235224$ & $-0.00507493$ & $-0.0362129$ & $-0.0437921$ & $-0.0456833$ & $0.00672755$ & $0.0162299$ & $-0.0375792$ & $-0.0119019$ & $-0.0708214$ & $-0.0331442$ & $0.0525051$ & $0.0299211$ & $0.0141515$ & $0.0740422$ & $0.0675634$ & $-0.0274974$ & $-0.0795199$ & $-0.248965$ & $-0.0296558$ & $0.051594$ & $-0.174442$ & $0.0358121$ & $-0.0626742$ & $0.0578922$ & $-0.35885$ & $-0.079069$ & $-0.00616129$ & $-0.235243$ & $-0.00242884$ & $0.110329$ & $0.0914989$ \\
mtop & $0.204088$ & $0.0504304$ & $1$ & $-0.268986$ & $0.0075731$ & $-0.00678128$ & $0.00317146$ & $0.0218643$ & $0.0149092$ & $-0.0143192$ & $-0.017159$ & $-0.00859767$ & $0.0138779$ & $-0.00539812$ & $0.00435505$ & $0.0345568$ & $0.00686141$ & $-0.00203447$ & $-0.0235587$ & $0.0225003$ & $0.0212803$ & $0.0195137$ & $-0.0300132$ & $-0.0155627$ & $-0.0369058$ & $-0.00428138$ & $-0.0170267$ & $0.00258799$ & $-0.00642392$ & $0.0184654$ & $0.0738136$ & $0.0120899$ & $0.041303$ & $0.0245423$ & $0.197385$ & $-0.416068$ & $-0.0174999$ & $0.0381231$ & $-0.234038$ & $0.0092971$ & $0.0986228$ & $-0.0212562$ & $-0.0507394$ & $-0.119462$ & $0.00444271$ & $-0.0279504$ & $0.286428$ & $0.0216623$ & $0.07319$ \\
mHl & $-0.0617765$ & $0.124601$ & $-0.268986$ & $1$ & $-0.0530979$ & $0.0190013$ & $0.0133112$ & $-0.0209203$ & $-0.0192062$ & $-0.0383444$ & $0.0151894$ & $-0.0403149$ & $-0.000850917$ & $-0.00406908$ & $0.0115196$ & $-0.0129357$ & $-0.00138642$ & $-0.00373429$ & $0.010367$ & $-0.011665$ & $-0.0180971$ & $-0.0149482$ & $0.0422147$ & $0.008622$ & $0.00846683$ & $-0.0148181$ & $-0.0115306$ & $0.00405885$ & $0.0343856$ & $0.0131233$ & $0.065846$ & $0.0178174$ & $0.00090436$ & $-0.0262218$ & $-0.109152$ & $0.0576824$ & $0.0149617$ & $-0.0799927$ & $0.0226545$ & $-0.0945197$ & $0.249376$ & $-0.057612$ & $-0.0317159$ & $-0.0245554$ & $-0.0585462$ & $0.270835$ & $0.0193007$ & $-0.174516$ & $0.024511$ \\
Mz & $0.00365874$ & $-0.0243321$ & $0.0075731$ & $-0.0530979$ & $1$ & $0.018797$ & $-0.0202119$ & $0.000805715$ & $-4.62226e-05$ & $-0.00991528$ & $0.0122768$ & $-0.011179$ & $-0.00215324$ & $-0.0057051$ & $0.015859$ & $-0.000542258$ & $-0.0155653$ & $-0.0226567$ & $-0.00554521$ & $-0.00486386$ & $-0.00431741$ & $-0.00356419$ & $0.0026892$ & $0.00320629$ & $-0.0143011$ & $-0.0102432$ & $-0.00544431$ & $0.0128421$ & $-0.00788867$ & $-0.0338771$ & $-0.0319185$ & $-0.0203034$ & $-0.0109178$ & $-0.0186447$ & $0.0253246$ & $0.0446581$ & $0.0315051$ & $0.00531238$ & $0.0238812$ & $0.0233876$ & $-0.0385434$ & $0.0270322$ & $0.0179934$ & $-0.0174578$ & $0.0229795$ & $-0.0122728$ & $-0.0562012$ & $0.00345334$ & $0.0114638$ \\
CW & $0.028245$ & $0.0277945$ & $-0.00678128$ & $0.0190013$ & $0.018797$ & $1$ & $-0.0301107$ & $-0.137194$ & $-0.135565$ & $0.0259169$ & $0.187628$ & $0.068398$ & $0.013471$ & $0.0433939$ & $-0.0594445$ & $-0.0580307$ & $-0.248732$ & $-0.0427872$ & $-0.0461047$ & $-0.180855$ & $-0.193311$ & $-0.196969$ & $-0.000449141$ & $0.0221007$ & $-0.0819587$ & $0.0916818$ & $-0.102992$ & $-0.073952$ & $0.00870368$ & $0.0207671$ & $-0.018169$ & $-0.0207031$ & $0.0188275$ & $-0.150085$ & $-0.00227717$ & $-0.0152054$ & $0.0242015$ & $-0.00803743$ & $0.0444733$ & $-0.0092408$ & $0.00706817$ & $0.0251641$ & $-0.00520228$ & $0.00330772$ & $-0.00747336$ & $-0.00706714$ & $0.000120924$ & $-0.000640097$ & $0.00158904$ \\
CHG & $0.0207581$ & $0.0860249$ & $0.00317146$ & $0.0133112$ & $-0.0202119$ & $-0.0301107$ & $1$ & $-0.121805$ & $-0.0697449$ & $0.0829888$ & $0.0752196$ & $-0.109063$ & $-0.334876$ & $0.035685$ & $-0.0595328$ & $-0.0571241$ & $0.11185$ & $0.122054$ & $0.121018$ & $-0.0770996$ & $-0.0712104$ & $-0.0686257$ & $0.0121673$ & $0.110501$ & $0.121274$ & $0.0501983$ & $-0.00552146$ & $-0.0166373$ & $0.0308841$ & $-0.120728$ & $-0.0745549$ & $0.938321$ & $-0.131815$ & $-0.035362$ & $-0.0307862$ & $0.0255703$ & $-0.0516744$ & $0.0458085$ & $0.0155811$ & $-0.023213$ & $0.015713$ & $0.0230585$ & $-0.00175334$ & $-0.0260235$ & $-0.0366447$ & $-0.0617518$ & $0.0458102$ & $0.0242326$ & $0.0192347$ \\
CHWB & $-0.044856$ & $-0.0656208$ & $0.0218643$ & $-0.0209203$ & $0.000805715$ & $-0.137194$ & $-0.121805$ & $1$ & $0.985511$ & $-0.564688$ & $-0.87612$ & $-0.11077$ & $0.340213$ & $0.0791636$ & $0.304314$ & $0.298534$ & $-0.246065$ & $-0.44528$ & $-0.436305$ & $0.848326$ & $0.89363$ & $0.874046$ & $0.0520758$ & $-0.671431$ & $-0.408876$ & $-0.496123$ & $0.411306$ & $0.303915$ & $0.0171494$ & $0.123433$ & $0.0507088$ & $-0.114298$ & $0.113712$ & $0.551913$ & $0.0401143$ & $-0.0057867$ & $0.0271831$ & $-0.0354948$ & $-0.0347449$ & $0.0162354$ & $-0.02657$ & $0.00435459$ & $0.0149411$ & $-0.0243969$ & $0.0161587$ & $0.0215845$ & $-0.0114088$ & $-0.0440581$ & $-0.0173305$ \\
CHWHB_gaga & $-0.0528421$ & $-0.0704112$ & $0.0149092$ & $-0.0192062$ & $-4.62226e-05$ & $-0.135565$ & $-0.0697449$ & $0.985511$ & $1$ & $-0.553103$ & $-0.861743$ & $-0.0886919$ & $0.334533$ & $0.0739318$ & $0.302761$ & $0.293086$ & $-0.246542$ & $-0.444$ & $-0.43322$ & $0.834707$ & $0.878734$ & $0.858766$ & $0.0491861$ & $-0.663085$ & $-0.406664$ & $-0.486273$ & $0.402973$ & $0.299509$ & $0.0234602$ & $0.142374$ & $0.0617597$ & $-0.0708738$ & $0.136503$ & $0.540837$ & $0.0241955$ & $-0.00790802$ & $0.0208696$ & $-0.0368862$ & $-0.02327$ & $0.0141334$ & $-0.0296775$ & $0.0037992$ & $0.0588177$ & $-0.0218492$ & $0.00557792$ & $0.0185549$ & $-0.0161719$ & $-0.0435759$ & $-0.0148621$ \\
CHWHB_gagaorth & $0.0108327$ & $0.00830767$ & $-0.0143192$ & $-0.0383444$ & $-0.00991528$ & $0.0259169$ & $0.0829888$ & $-0.564688$ & $-0.553103$ & $1$ & $0.341063$ & $0.489963$ & $-0.24265$ & $0.249937$ & $-0.119922$ & $-0.140881$ & $0.448556$ & $0.495031$ & $0.505718$ & $-0.330038$ & $-0.356919$ & $-0.350863$ & $-0.0317696$ & $0.557125$ & $0.491649$ & $0.200486$ & $-0.217327$ & $-0.132839$ & $-0.0193575$ & $-0.122961$ & $-0.0404845$ & $0.101687$ & $-0.113807$ & $-0.344499$ & $-0.00167509$ & $0.0382652$ & $-0.0217861$ & $-0.00684302$ & $0.0056641$ & $-0.0147071$ & $-0.0513333$ & $-0.00352662$ & $-0.000512726$ & $-0.0236094$ & $0.0232479$ & $0.0038227$ & $0.0039185$ & $-1.58767e-05$ & $0.0333229$ \\
CHD & $0.0291706$ & $0.0520513$ & $-0.017159$ & $0.0151894$ & $0.0122768$ & $0.187628$ & $0.0752196$ & $-0.87612$ & $-0.861743$ & $0.341063$ & $1$ & $0.19808$ & $-0.162829$ & $-0.500954$ & $-0.426237$ & $-0.410055$ & $-0.215757$ & $0.0745012$ & $0.0595492$ & $-0.990242$ & $-0.991342$ & $-0.969328$ & $0.0003394$ & $0.299553$ & $0.0236803$ & $0.555115$ & $-0.282251$ & $-0.337521$ & $-0.00757986$ & $-0.0763949$ & $-0.0349276$ & $0.0771814$ & $-0.0593282$ & $-0.35512$ & $-0.0442898$ & $0.0171554$ & $-0.0246736$ & $0.0204823$ & $0.034677$ & $-0.0147476$ & $0.0410811$ & $-0.00507548$ & $-0.00815843$ & $0.0110365$ & $-0.0400712$ & $-0.0219691$ & $0.0327481$ & $0.0289044$ & $0.0287607$ \\
CHbox & $-0.0122828$ & $0.0221181$ & $-0.00859767$ & $-0.0403149$ & $-0.011179$ & $0.068398$ & $-0.109063$ & $-0.11077$ & $-0.0886919$ & $0.489963$ & $0.19808$ & $1$ & $0.389599$ & $-0.220293$ & $0.00928734$ & $-0.0166856$ & $-0.186426$ & $-0.162527$ & $-0.144923$ & $-0.179361$ & $-0.203183$ & $-0.20248$ & $0.00224372$ & $-0.0325211$ & $-0.14951$ & $0.103913$ & $-0.0987147$ & $-0.0804259$ & $0.0614192$ & $0.297767$ & $0.092664$ & $-0.0148983$ & $0.388034$ & $-0.105991$ & $0.0319409$ & $0.0316998$ & $-0.019338$ & $-0.0396217$ & $-0.0152403$ & $-0.0120501$ & $-0.041621$ & $-0.025295$ & $-0.0093901$ & $-0.0536308$ & $0.0228247$ & $-0.0134692$ & $-0.000792653$ & $-0.0250259$ & $0.0366713$ \\
CH & $-0.0443416$ & $-0.0154865$ & $0.0138779$ & $-0.000850917$ & $-0.00215324$ & $0.013471$ & $-0.334876$ & $0.340213$ & $0.334533$ & $-0.24265$ & $-0.162829$ & $0.389599$ & $1$ & $-0.239433$ & $0.0819264$ & $0.0864924$ & $-0.357676$ & $-0.382235$ & $-0.382207$ & $0.161253$ & $0.171924$ & $0.164724$ & $0.0205176$ & $-0.373086$ & $-0.365841$ & $-0.0937683$ & $0.126726$ & $0.0664601$ & $0.0517894$ & $0.284908$ & $0.111951$ & $-0.285538$ & $0.361043$ & $0.195868$ & $0.0401911$ & $-0.013198$ & $-0.00482486$ & $-0.0186302$ & $-0.0342458$ & $0.0264886$ & $0.00712426$ & $-0.0135201$ & $-0.00199642$ & $-0.0383138$ & $0.00977755$ & $-0.0300732$ & $-0.0298595$ & $-0.0196975$ & $-0.00206256$ \\
CHL1_11 & $0.00864675$ & $-0.0172176$ & $-0.00539812$ & $-0.00406908$ & $-0.0057051$ & $0.0433939$ & $0.035685$ & $0.0791636$ & $0.0739318$ & $0.249937$ & $-0.500954$ & $-0.220293$ & $-0.239433$ & $1$ & $0.269774$ & $0.243401$ & $0.660459$ & $0.595021$ & $0.611029$ & $0.518257$ & $0.46089$ & $0.448057$ & $-0.061751$ & $0.485649$ & $0.597736$ & $-0.284281$ & $-0.107693$ & $0.171957$ & $-0.0218479$ & $-0.0515809$ & $-0.0163559$ & $0.0219319$ & $-0.0611851$ & $-0.22812$ & $0.00758372$ & $-0.0179035$ & $0.0080681$ & $0.0184643$ & $-0.00244191$ & $-0.0129275$ & $-0.0368397$ & $-0.000118826$ & $0.00689952$ & $0.0206946$ & $0.0287477$ & $0.00495801$ & $-0.0413729$ & $0.0233774$ & $-0.0304316$ \\
CHL1_22 & $-0.0188175$ & $0.016212$ & $0.00435505$ & $0.0115196$ & $0.015859$ & $-0.0594445$ & $-0.0595328$ & $0.304314$ & $0.302761$ & $-0.119922$ & $-0.426237$ & $0.00928734$ & $0.0819264$ & $0.269774$ & $1$ & $0.463537$ & $0.150645$ & $-0.45589$ & $-0.0469628$ & $0.493623$ & $0.342567$ & $0.327967$ & $-0.196413$ & $0.100906$ & $-0.157645$ & $-0.191413$ & $-0.419146$ & $0.109914$ & $0.0204478$ & $0.0526907$ & $0.0267835$ & $-0.0580826$ & $0.0417905$ & $-0.597833$ & $0.0392839$ & $-0.0415514$ & $-0.0139961$ & $0.0260167$ & $0.0155929$ & $0.0304718$ & $0.0139878$ & $0.023203$ & $0.0135531$ & $-0.0139623$ & $0.030811$ & $0.00288588$ & $-0.0397503$ & $-0.00592301$ & $-0.00922603$ \\
CHL1_33 & $0.0119257$ & $0.011175$ & $0.0345568$ & $-0.0129357$ & $-0.000542258$ & $-0.0580307$ & $-0.0571241$ & $0.298534$ & $0.293086$ & $-0.140881$ & $-0.410055$ & $-0.0166856$ & $0.0864924$ & $0.243401$ & $0.463537$ & $1$ & $0.132018$ & $-0.0653626$ & $-0.440988$ & $0.47797$ & $0.32963$ & $0.342578$ & $-0.197673$ & $0.0955654$ & $-0.162537$ & $-0.18069$ & $-0.400935$ & $0.10798$ & $0.0281115$ & $0.0352888$ & $0.0173305$ & $-0.0522635$ & $0.034338$ & $-0.120625$ & $0.0238746$ & $-0.0264329$ & $-0.0111289$ & $0.000584988$ & $0.0114885$ & $-0.00327278$ & $-0.0356772$ & $0.00989882$ & $-0.0158049$ & $-0.0264352$ & $0.0174002$ & $0.0472256$ & $-0.0495412$ & $-0.000366469$ & $-0.0352261$ \\
CHL3_11 & $0.0118411$ & $0.0113229$ & $0.00686141$ & $-0.00138642$ & $-0.0155653$ & $-0.248732$ & $0.11185$ & $-0.246065$ & $-0.246542$ & $0.448556$ & $-0.215757$ & $-0.186426$ & $-0.357676$ & $0.660459$ & $0.150645$ & $0.132018$ & $1$ & $0.739538$ & $0.750501$ & $0.234426$ & $0.18508$ & $0.181792$ & $-0.0773454$ & $0.680486$ & $0.783991$ & $-0.0928692$ & $-0.142571$ & $0.0580701$ & $-0.021347$ & $-0.105353$ & $-0.0321177$ & $0.0905258$ & $-0.125826$ & $-0.241831$ & $0.0177056$ & $-0.0205109$ & $-0.0040036$ & $0.0227943$ & $-0.0165651$ & $0.00537296$ & $-0.0273528$ & $0.00479093$ & $-0.00979077$ & $0.0263781$ & $0.0619331$ & $0.00408212$ & $-0.0285434$ & $0.0168891$ & $-0.0148081$ \\
CHL3_22 & $0.032177$ & $-0.00235224$ & $-0.00203447$ & $-0.00373429$ & $-0.0226567$ & $-0.0427872$ & $0.122054$ & $-0.44528$ & $-0.444$ & $0.495031$ & $0.0745012$ & $-0.162527$ & $-0.382235$ & $0.595021$ & $-0.45589$ & $-0.0653626$ & $0.739538$ & $1$ & $0.696714$ & $-0.0807007$ & $-0.0679541$ & $-0.0602345$ & $0.0282015$ & $0.628982$ & $0.808127$ & $0.0291357$ & $0.0202805$ & $-0.016961$ & $-0.0329135$ & $-0.123533$ & $-0.0458117$ & $0.105055$ & $-0.130141$ & $0.0393968$ & $-0.0158328$ & $0.00686302$ & $0.00401898$ & $0.00951399$ & $-0.00628689$ & $-0.0246033$ & $-0.0343567$ & $-0.0162569$ & $-0.015665$ & $0.0346446$ & $0.0214122$ & $0.00672666$ & $-0.0100698$ & $0.0303952$ & $-0.0196174$ \\
CHL3_33 & $0.0106235$ & $-0.00507493$ & $-0.0235587$ & $0.010367$ & $-0.00554521$ & $-0.0461047$ & $0.121018$ & $-0.436305$ & $-0.43322$ & $0.505718$ & $0.0595492$ & $-0.144923$ & $-0.382207$ & $0.611029$ & $-0.0469628$ & $-0.440988$ & $0.750501$ & $0.696714$ & $1$ & $-0.0658816$ & $-0.0544991$ & $-0.0477103$ & $0.029718$ & $0.629982$ & $0.809892$ & $0.0201144$ & $0.0100542$ & $-0.0167399$ & $-0.0400709$ & $-0.110706$ & $-0.0340627$ & $0.102002$ & $-0.124804$ & $-0.323171$ & $-0.00429651$ & $0.00242888$ & $-0.00276086$ & $0.0386093$ & $-0.00761479$ & $-0.00128884$ & $-0.00247531$ & $-0.0049388$ & $0.00315067$ & $0.0476573$ & $0.0332633$ & $-0.0257593$ & $-8.15147e-05$ & $0.0255858$ & $-0.000361765$ \\
CHe_11 & $-0.0271934$ & $-0.0362129$ & $0.0225003$ & $-0.011665$ & $-0.00486386$ & $-0.180855$ & $-0.0770996$ & $0.848326$ & $0.834707$ & $-0.330038$ & $-0.990242$ & $-0.179361$ & $0.161253$ & $0.518257$ & $0.493623$ & $0.47797$ & $0.234426$ & $-0.0807007$ & $-0.0658816$ & $1$ & $0.972137$ & $0.95066$ & $-0.0255561$ & $-0.245618$ & $-0.0226801$ & $-0.546512$ & $0.204199$ & $0.329581$ & $0.00968526$ & $0.0789499$ & $0.0370144$ & $-0.0774643$ & $0.0617497$ & $0.273695$ & $0.047098$ & $-0.025789$ & $0.0219445$ & $-0.0138054$ & $-0.0313687$ & $0.0148802$ & $-0.040044$ & $0.00430639$ & $0.00309842$ & $-0.0103152$ & $0.0415168$ & $0.0236898$ & $-0.0358237$ & $-0.0250734$ & $-0.0338597$ \\
CHe_22 & $-0.0316292$ & $-0.0437921$ & $0.0212803$ & $-0.0180971$ & $-0.00431741$ & $-0.193311$ & $-0.0712104$ & $0.89363$ & $0.878734$ & $-0.356919$ & $-0.991342$ & $-0.203183$ & $0.171924$ & $0.46089$ & $0.342567$ & $0.32963$ & $0.18508$ & $-0.0679541$ & $-0.0544991$ & $0.972137$ & $1$ & $0.974764$ & $0.0294326$ & $-0.355249$ & $-0.0272029$ & $-0.557434$ & $0.364363$ & $0.339875$ & $0.00561086$ & $0.0771579$ & $0.0351955$ & $-0.0729237$ & $0.0611053$ & $0.442061$ & $0.0424488$ & $-0.0174381$ & $0.0287234$ & $-0.0234822$ & $-0.0431678$ & $0.0148354$ & $-0.0420125$ & $0.00496611$ & $0.00516013$ & $-0.0121801$ & $0.0388785$ & $0.0168894$ & $-0.0258778$ & $-0.0277274$ & $-0.0260905$ \\
CHe_33 & $-0.0338991$ & $-0.0456833$ & $0.0195137$ & $-0.0149482$ & $-0.00356419$ & $-0.196969$ & $-0.0686257$ & $0.874046$ & $0.858766$ & $-0.350863$ & $-0.969328$ & $-0.20248$ & $0.164724$ & $0.448057$ & $0.327967$ & $0.342578$ & $0.181792$ & $-0.0602345$ & $-0.0477103$ & $0.95066$ & $0.974764$ & $1$ & $0.0365661$ & $-0.346548$ & $-0.0218314$ & $-0.549221$ & $0.363417$ & $0.327769$ & $0.00284909$ & $0.0701363$ & $0.0374899$ & $-0.0702161$ & $0.0535082$ & $0.441152$ & $0.0466505$ & $-0.0126356$ & $0.023283$ & $-0.0161107$ & $-0.0355203$ & $0.0139913$ & $-0.0366211$ & $0.00436233$ & $0.00414605$ & $-0.0024742$ & $0.0423033$ & $0.0266089$ & $-0.0205797$ & $-0.0361247$ & $-0.0264675$ \\
CHQ1_11 & $-0.0207591$ & $0.00672755$ & $-0.0300132$ & $0.0422147$ & $0.0026892$ & $-0.000449141$ & $0.0121673$ & $0.0520758$ & $0.0491861$ & $-0.0317696$ & $0.0003394$ & $0.00224372$ & $0.0205176$ & $-0.061751$ & $-0.196413$ & $-0.197673$ & $-0.0773454$ & $0.0282015$ & $0.029718$ & $-0.0255561$ & $0.0294326$ & $0.0365661$ & $1$ & $-0.135111$ & $0.0936388$ & $-0.668814$ & $0.352184$ & $0.0117915$ & $0.0113499$ & $0.00828377$ & $-0.0183434$ & $0.0188546$ & $0.014002$ & $0.203001$ & $0.0114336$ & $0.0197765$ & $0.0416819$ & $0.00307994$ & $-0.00546181$ & $0.021513$ & $0.030969$ & $0.000962634$ & $-0.0149083$ & $0.00279977$ & $0.0192087$ & $0.0012218$ & $-0.00821033$ & $-0.0327554$ & $0.00518439$ \\
CHQ1_33 & $-0.00573438$ & $0.0162299$ & $-0.0155627$ & $0.008622$ & $0.00320629$ & $0.0221007$ & $0.110501$ & $-0.671431$ & $-0.663085$ & $0.557125$ & $0.299553$ & $-0.0325211$ & $-0.373086$ & $0.485649$ & $0.100906$ & $0.0955654$ & $0.680486$ & $0.628982$ & $0.629982$ & $-0.245618$ & $-0.355249$ & $-0.346548$ & $-0.135111$ & $1$ & $0.644032$ & $0.191669$ & $-0.418059$ & $-0.0148368$ & $-0.019829$ & $-0.108178$ & $-0.0411763$ & $0.100604$ & $-0.125265$ & $-0.624165$ & $-0.0167292$ & $-0.00448526$ & $-0.0175566$ & $0.0355103$ & $0.035309$ & $-0.0160204$ & $0.00401493$ & $0.00134517$ & $0.00763447$ & $0.024095$ & $0.00453305$ & $-0.00877285$ & $-0.0292013$ & $0.0333124$ & $-0.0260993$ \\
CHQ3_11 & $-0.0625977$ & $-0.0375792$ & $-0.0369058$ & $0.00846683$ & $-0.0143011$ & $-0.0819587$ & $0.121274$ & $-0.408876$ & $-0.406664$ & $0.491649$ & $0.0236803$ & $-0.14951$ & $-0.365841$ & $0.597736$ & $-0.157645$ & $-0.162537$ & $0.783991$ & $0.808127$ & $0.809892$ & $-0.0226801$ & $-0.0272029$ & $-0.0218314$ & $0.0936388$ & $0.644032$ & $1$ & $0.015899$ & $0.219428$ & $-0.00111636$ & $-0.0286635$ & $-0.116358$ & $-0.0545048$ & $0.1046$ & $-0.133847$ & $-0.179251$ & $0.00341166$ & $0.024504$ & $0.0135707$ & $0.032718$ & $-0.000896489$ & $0.00198432$ & $-0.0109529$ & $-0.00728253$ & $0.0316176$ & $0.0551364$ & $0.0184792$ & $-0.0134998$ & $-0.0145499$ & $-0.0136101$ & $-0.0276314$ \\
CHu_11 & $-0.00321861$ & $-0.0119019$ & $-0.00428138$ & $-0.0148181$ & $-0.0102432$ & $0.0916818$ & $0.0501983$ & $-0.496123$ & $-0.486273$ & $0.200486$ & $0.555115$ & $0.103913$ & $-0.0937683$ & $-0.284281$ & $-0.191413$ & $-0.18069$ & $-0.0928692$ & $0.0291357$ & $0.0201144$ & $-0.546512$ & $-0.557434$ & $-0.549221$ & $-0.668814$ & $0.191669$ & $0.015899$ & $1$ & $-0.167895$ & $-0.184709$ & $-0.019285$ & $-0.0516534$ & $-0.0107022$ & $0.0459076$ & $-0.0516362$ & $-0.236263$ & $-0.0242886$ & $0.0313951$ & $-0.0453431$ & $0.000148101$ & $0.045907$ & $-0.0235993$ & $-0.0121881$ & $-0.007876$ & $0.0251568$ & $0.00320636$ & $-0.0507253$ & $-0.0160939$ & $0.0269464$ & $0.0108642$ & $0.011938$ \\
CHd_11 & $-0.0493434$ & $-0.0708214$ & $-0.0170267$ & $-0.0115306$ & $-0.00544431$ & $-0.102992$ & $-0.00552146$ & $0.411306$ & $0.402973$ & $-0.217327$ & $-0.282251$ & $-0.0987147$ & $0.126726$ & $-0.107693$ & $-0.419146$ & $-0.400935$ & $-0.142571$ & $0.0202805$ & $0.0100542$ & $0.204199$ & $0.364363$ & $0.363417$ & $0.352184$ & $-0.418059$ & $0.219428$ & $-0.167895$ & $1$ & $0.123702$ & $-0.00902529$ & $0.0303904$ & $-0.00387357$ & $-0.00431157$ & $0.0178608$ & $0.699036$ & $0.00961165$ & $0.0507732$ & $0.0402921$ & $-0.0219401$ & $-0.0195919$ & $0.0132244$ & $-0.0166557$ & $0.00040138$ & $0.0260486$ & $0.0117183$ & $-0.0234033$ & $-0.0293762$ & $0.0229498$ & $-0.060577$ & $-0.00898784$ \\
CHd_33 & $-0.00159348$ & $-0.0331442$ & $0.00258799$ & $0.00405885$ & $0.0128421$ & $-0.073952$ & $-0.0166373$ & $0.303915$ & $0.299509$ & $-0.132839$ & $-0.337521$ & $-0.0804259$ & $0.0664601$ & $0.171957$ & $0.109914$ & $0.10798$ & $0.0580701$ & $-0.016961$ & $-0.0167399$ & $0.329581$ & $0.339875$ & $0.327769$ & $0.0117915$ & $-0.0148368$ & $-0.00111636$ & $-0.184709$ & $0.123702$ & $1$ & $0.0131756$ & $0.0389392$ & $-0.00108754$ & $-0.00991541$ & $0.0414793$ & $0.150953$ & $-0.0142706$ & $0.0162854$ & $0.00748417$ & $-0.0390459$ & $-0.023533$ & $0.0268167$ & $-0.024264$ & $-0.00933131$ & $0.00633623$ & $-0.0322771$ & $0.00717275$ & $-0.0171096$ & $-0.0271994$ & $-0.0187114$ & $-0.00263491$ \\
CeH_22r & $-0.00609304$ & $0.0525051$ & $-0.00642392$ & $0.0343856$ & $-0.00788867$ & $0.00870368$ & $0.0308841$ & $0.0171494$ & $0.0234602$ & $-0.0193575$ & $-0.00757986$ & $0.0614192$ & $0.0517894$ & $-0.0218479$ & $0.0204478$ & $0.0281115$ & $-0.021347$ & $-0.0329135$ & $-0.0400709$ & $0.00968526$ & $0.00561086$ & $0.00284909$ & $0.0113499$ & $-0.019829$ & $-0.0286635$ & $-0.019285$ & $-0.00902529$ & $0.0131756$ & $1$ & $0.056425$ & $0.00541769$ & $0.0154472$ & $0.0418118$ & $-0.000532169$ & $-0.0100269$ & $-0.028416$ & $0.0128516$ & $0.0230926$ & $-0.0170765$ & $-0.0188982$ & $0.0101433$ & $0.0167361$ & $-0.0276654$ & $0.0160476$ & $0.0180513$ & $-0.0190746$ & $0.0150929$ & $0.00726343$ & $-0.0425615$ \\
CeH_33r & $-0.0306401$ & $0.0299211$ & $0.0184654$ & $0.0131233$ & $-0.0338771$ & $0.0207671$ & $-0.120728$ & $0.123433$ & $0.142374$ & $-0.122961$ & $-0.0763949$ & $0.297767$ & $0.284908$ & $-0.0515809$ & $0.0526907$ & $0.0352888$ & $-0.105353$ & $-0.123533$ & $-0.110706$ & $0.0789499$ & $0.0771579$ & $0.0701363$ & $0.00828377$ & $-0.108178$ & $-0.116358$ & $-0.0516534$ & $0.0303904$ & $0.0389392$ & $0.056425$ & $1$ & $0.31846$ & $0.0262012$ & $0.683642$ & $0.0500333$ & $-0.0286158$ & $-0.00121888$ & $-0.0902118$ & $-0.0299058$ & $-0.0788448$ & $-0.0106168$ & $0.0121904$ & $-0.0294954$ & $-0.0152861$ & $-0.0323349$ & $0.0301331$ & $-0.0767154$ & $0.0444936$ & $-0.0121545$ & $0.0154074$ \\
CuH_22r & $-0.00184678$ & $0.0141515$ & $0.0738136$ & $0.065846$ & $-0.0319185$ & $-0.018169$ & $-0.0745549$ & $0.0507088$ & $0.0617597$ & $-0.0404845$ & $-0.0349276$ & $0.092664$ & $0.111951$ & $-0.0163559$ & $0.0267835$ & $0.0173305$ & $-0.0321177$ & $-0.0458117$ & $-0.0340627$ & $0.0370144$ & $0.0351955$ & $0.0374899$ & $-0.0183434$ & $-0.0411763$ & $-0.0545048$ & $-0.0107022$ & $-0.00387357$ & $-0.00108754$ & $0.00541769$ & $0.31846$ & $1$ & $0.00873306$ & $0.388308$ & $0.0198782$ & $-0.0738263$ & $0.0271097$ & $-0.173495$ & $0.0113918$ & $-0.0675612$ & $0.000568513$ & $0.0629448$ & $-0.0277001$ & $-0.0426826$ & $-0.0109585$ & $0.0145735$ & $0.0434692$ & $0.295408$ & $-0.0375398$ & $0.0690495$ \\
CuH_33r & $0.00464796$ & $0.0740422$ & $0.0120899$ & $0.0178174$ & $-0.0203034$ & $-0.0207031$ & $0.938321$ & $-0.114298$ & $-0.0708738$ & $0.101687$ & $0.0771814$ & $-0.0148983$ & $-0.285538$ & $0.0219319$ & $-0.0580826$ & $-0.0522635$ & $0.0905258$ & $0.105055$ & $0.102002$ & $-0.0774643$ & $-0.0729237$ & $-0.0702161$ & $0.0188546$ & $0.100604$ & $0.1046$ & $0.0459076$ & $-0.00431157$ & $-0.00991541$ & $0.0154472$ & $0.0262012$ & $0.00873306$ & $1$ & $0.0541057$ & $-0.0322899$ & $0.0202409$ & $0.0403787$ & $-0.0609497$ & $0.0289654$ & $0.016724$ & $-0.0216562$ & $0.0167337$ & $0.0151544$ & $0.00209552$ & $-0.041467$ & $-0.0358737$ & $-0.0661111$ & $0.0423519$ & $0.00805084$ & $0.037436$ \\
CdH_33r & $0.0374171$ & $0.0675634$ & $0.041303$ & $0.00090436$ & $-0.0109178$ & $0.0188275$ & $-0.131815$ & $0.113712$ & $0.136503$ & $-0.113807$ & $-0.0593282$ & $0.388034$ & $0.361043$ & $-0.0611851$ & $0.0417905$ & $0.034338$ & $-0.125826$ & $-0.130141$ & $-0.124804$ & $0.0617497$ & $0.0611053$ & $0.0535082$ & $0.014002$ & $-0.125265$ & $-0.133847$ & $-0.0516362$ & $0.0178608$ & $0.0414793$ & $0.0418118$ & $0.683642$ & $0.388308$ & $0.0541057$ & $1$ & $0.0482522$ & $-0.0243486$ & $-0.00190976$ & $-0.151442$ & $-0.0615278$ & $-0.124497$ & $-0.00110043$ & $0.0603323$ & $-0.0338036$ & $-0.0216026$ & $-0.0435788$ & $0.00550529$ & $-0.0517016$ & $0.0747441$ & $0.0734746$ & $0.33752$ \\
CLL_1221 & $-0.0129163$ & $-0.0274974$ & $0.0245423$ & $-0.0262218$ & $-0.0186447$ & $-0.150085$ & $-0.035362$ & $0.551913$ & $0.540837$ & $-0.344499$ & $-0.35512$ & $-0.105991$ & $0.195868$ & $-0.22812$ & $-0.597833$ & $-0.120625$ & $-0.241831$ & $0.0393968$ & $-0.323171$ & $0.273695$ & $0.442061$ & $0.441152$ & $0.203001$ & $-0.624165$ & $-0.179251$ & $-0.236263$ & $0.699036$ & $0.150953$ & $-0.000532169$ & $0.0500333$ & $0.0198782$ & $-0.0322899$ & $0.0482522$ & $1$ & $0.0028075$ & $0.0173624$ & $0.0305107$ & $-0.0521834$ & $-0.0538803$ & $-0.00468359$ & $-0.0365401$ & $-0.011296$ & $-0.0159799$ & $-0.0126753$ & $-0.00348963$ & $0.00979394$ & $0.0271807$ & $-0.0326151$ & $-0.00121661$ \\
eHggint & $-0.0648345$ & $-0.0795199$ & $0.197385$ & $-0.109152$ & $0.0253246$ & $-0.00227717$ & $-0.0307862$ & $0.0401143$ & $0.0241955$ & $-0.00167509$ & $-0.0442898$ & $0.0319409$ & $0.0401911$ & $0.00758372$ & $0.0392839$ & $0.0238746$ & $0.0177056$ & $-0.0158328$ & $-0.00429651$ & $0.047098$ & $0.0424488$ & $0.0466505$ & $0.0114336$ & $-0.0167292$ & $0.00341166$ & $-0.0242886$ & $0.00961165$ & $-0.0142706$ & $-0.0100269$ & $-0.0286158$ & $-0.0738263$ & $0.0202409$ & $-0.0243486$ & $0.0028075$ & $1$ & $-0.25351$ & $0.117606$ & $-0.047265$ & $0.0299627$ & $0.0534837$ & $-0.054859$ & $-0.0359095$ & $0.0370294$ & $0.0965294$ & $0.255954$ & $0.0634834$ & $-0.2241$ & $-0.271198$ & $0.121219$ \\
eHggpar & $-0.108885$ & $-0.248965$ & $-0.416068$ & $0.0576824$ & $0.0446581$ & $-0.0152054$ & $0.0255703$ & $-0.0057867$ & $-0.00790802$ & $0.0382652$ & $0.0171554$ & $0.0316998$ & $-0.013198$ & $-0.0179035$ & $-0.0415514$ & $-0.0264329$ & $-0.0205109$ & $0.00686302$ & $0.00242888$ & $-0.025789$ & $-0.0174381$ & $-0.0126356$ & $0.0197765$ & $-0.00448526$ & $0.024504$ & $0.0313951$ & $0.0507732$ & $0.0162854$ & $-0.028416$ & $-0.00121888$ & $0.0271097$ & $0.0403787$ & $-0.00190976$ & $0.0173624$ & $-0.25351$ & $1$ & $-0.0426838$ & $0.0363819$ & $0.0647428$ & $-0.0462571$ & $-0.144004$ & $-0.0350284$ & $0.0127658$ & $-0.278433$ & $0.00388393$ & $-0.0792297$ & $0.0418397$ & $-0.0481084$ & $0.0392279$ \\
eHWWint & $-0.0494305$ & $-0.0296558$ & $-0.0174999$ & $0.0149617$ & $0.0315051$ & $0.0242015$ & $-0.0516744$ & $0.0271831$ & $0.0208696$ & $-0.0217861$ & $-0.0246736$ & $-0.019338$ & $-0.00482486$ & $0.0080681$ & $-0.0139961$ & $-0.0111289$ & $-0.0040036$ & $0.00401898$ & $-0.00276086$ & $0.0219445$ & $0.0287234$ & $0.023283$ & $0.0416819$ & $-0.0175566$ & $0.0135707$ & $-0.0453431$ & $0.0402921$ & $0.00748417$ & $0.0128516$ & $-0.0902118$ & $-0.173495$ & $-0.0609497$ & $-0.151442$ & $0.0305107$ & $0.117606$ & $-0.0426838$ & $1$ & $0.016014$ & $0.00685065$ & $-0.00854629$ & $0.0164796$ & $-0.0677886$ & $0.0293217$ & $0.0450656$ & $0.0570035$ & $0.0580736$ & $-0.41311$ & $0.0153533$ & $-0.0938379$ \\
eHWWpar & $-0.0104813$ & $0.051594$ & $0.0381231$ & $-0.0799927$ & $0.00531238$ & $-0.00803743$ & $0.0458085$ & $-0.0354948$ & $-0.0368862$ & $-0.00684302$ & $0.0204823$ & $-0.0396217$ & $-0.0186302$ & $0.0184643$ & $0.0260167$ & $0.000584988$ & $0.0227943$ & $0.00951399$ & $0.0386093$ & $-0.0138054$ & $-0.0234822$ & $-0.0161107$ & $0.00307994$ & $0.0355103$ & $0.032718$ & $0.000148101$ & $-0.0219401$ & $-0.0390459$ & $0.0230926$ & $-0.0299058$ & $0.0113918$ & $0.0289654$ & $-0.0615278$ & $-0.0521834$ & $-0.047265$ & $0.0363819$ & $0.016014$ & $1$ & $-0.0314781$ & $0.00768948$ & $-0.023596$ & $-0.0314502$ & $0.0120397$ & $0.0183716$ & $0.0432261$ & $0.00259062$ & $0.107742$ & $0.0129556$ & $-0.0212074$ \\
eHZZint & $0.0933464$ & $-0.174442$ & $-0.234038$ & $0.0226545$ & $0.0238812$ & $0.0444733$ & $0.0155811$ & $-0.0347449$ & $-0.02327$ & $0.0056641$ & $0.034677$ & $-0.0152403$ & $-0.0342458$ & $-0.00244191$ & $0.0155929$ & $0.0114885$ & $-0.0165651$ & $-0.00628689$ & $-0.00761479$ & $-0.0313687$ & $-0.0431678$ & $-0.0355203$ & $-0.00546181$ & $0.035309$ & $-0.000896489$ & $0.045907$ & $-0.0195919$ & $-0.023533$ & $-0.0170765$ & $-0.0788448$ & $-0.0675612$ & $0.016724$ & $-0.124497$ & $-0.0538803$ & $0.0299627$ & $0.0647428$ & $0.00685065$ & $-0.0314781$ & $1$ & $-0.0168022$ & $-0.0270843$ & $0.0815425$ & $0.171877$ & $0.0224096$ & $-0.115811$ & $0.146757$ & $-0.170243$ & $0.105572$ & $-0.260323$ \\
eHZZpar & $0.00327803$ & $0.0358121$ & $0.0092971$ & $-0.0945197$ & $0.0233876$ & $-0.0092408$ & $-0.023213$ & $0.0162354$ & $0.0141334$ & $-0.0147071$ & $-0.0147476$ & $-0.0120501$ & $0.0264886$ & $-0.0129275$ & $0.0304718$ & $-0.00327278$ & $0.00537296$ & $-0.0246033$ & $-0.00128884$ & $0.0148802$ & $0.0148354$ & $0.0139913$ & $0.021513$ & $-0.0160204$ & $0.00198432$ & $-0.0235993$ & $0.0132244$ & $0.0268167$ & $-0.0188982$ & $-0.0106168$ & $0.000568513$ & $-0.0216562$ & $-0.00110043$ & $-0.00468359$ & $0.0534837$ & $-0.0462571$ & $-0.00854629$ & $0.00768948$ & $-0.0168022$ & $1$ & $-0.0390595$ & $0.00455931$ & $-0.0309469$ & $0.0859316$ & $0.0304943$ & $-0.0360492$ & $-0.046687$ & $-0.0670956$ & $0.0315484$ \\
eHZgaint & $-0.103047$ & $-0.0626742$ & $0.0986228$ & $0.249376$ & $-0.0385434$ & $0.00706817$ & $0.015713$ & $-0.02657$ & $-0.0296775$ & $-0.0513333$ & $0.0410811$ & $-0.041621$ & $0.00712426$ & $-0.0368397$ & $0.0139878$ & $-0.0356772$ & $-0.0273528$ & $-0.0343567$ & $-0.00247531$ & $-0.040044$ & $-0.0420125$ & $-0.0366211$ & $0.030969$ & $0.00401493$ & $-0.0109529$ & $-0.0121881$ & $-0.0166557$ & $-0.024264$ & $0.0101433$ & $0.0121904$ & $0.0629448$ & $0.0167337$ & $0.0603323$ & $-0.0365401$ & $-0.054859$ & $-0.144004$ & $0.0164796$ & $-0.023596$ & $-0.0270843$ & $-0.0390595$ & $1$ & $-0.0757026$ & $-0.0472328$ & $0.00532852$ & $-0.0513608$ & $0.091907$ & $0.189415$ & $0.0326935$ & $0.0740162$ \\
eHZgapar & $0.114758$ & $0.0578922$ & $-0.0212562$ & $-0.057612$ & $0.0270322$ & $0.0251641$ & $0.0230585$ & $0.00435459$ & $0.0037992$ & $-0.00352662$ & $-0.00507548$ & $-0.025295$ & $-0.0135201$ & $-0.000118826$ & $0.023203$ & $0.00989882$ & $0.00479093$ & $-0.0162569$ & $-0.0049388$ & $0.00430639$ & $0.00496611$ & $0.00436233$ & $0.000962634$ & $0.00134517$ & $-0.00728253$ & $-0.007876$ & $0.00040138$ & $-0.00933131$ & $0.0167361$ & $-0.0294954$ & $-0.0277001$ & $0.0151544$ & $-0.0338036$ & $-0.011296$ & $-0.0359095$ & $-0.0350284$ & $-0.0677886$ & $-0.0314502$ & $0.0815425$ & $0.00455931$ & $-0.0757026$ & $1$ & $-0.0543949$ & $0.0465641$ & $-0.0398197$ & $0.0483472$ & $0.0264611$ & $0.0756144$ & $-0.04281$ \\
eHgagaint & $-0.311644$ & $-0.35885$ & $-0.0507394$ & $-0.0317159$ & $0.0179934$ & $-0.00520228$ & $-0.00175334$ & $0.0149411$ & $0.0588177$ & $-0.000512726$ & $-0.00815843$ & $-0.0093901$ & $-0.00199642$ & $0.00689952$ & $0.0135531$ & $-0.0158049$ & $-0.00979077$ & $-0.015665$ & $0.00315067$ & $0.00309842$ & $0.00516013$ & $0.00414605$ & $-0.0149083$ & $0.00763447$ & $0.0316176$ & $0.0251568$ & $0.0260486$ & $0.00633623$ & $-0.0276654$ & $-0.0152861$ & $-0.0426826$ & $0.00209552$ & $-0.0216026$ & $-0.0159799$ & $0.0370294$ & $0.0127658$ & $0.0293217$ & $0.0120397$ & $0.171877$ & $-0.0309469$ & $-0.0472328$ & $-0.0543949$ & $1$ & $-0.0156498$ & $-0.119915$ & $0.0883697$ & $-0.172958$ & $-0.17112$ & $0.0691541$ \\
eHmumuint & $-0.131581$ & $-0.079069$ & $-0.119462$ & $-0.0245554$ & $-0.0174578$ & $0.00330772$ & $-0.0260235$ & $-0.0243969$ & $-0.0218492$ & $-0.0236094$ & $0.0110365$ & $-0.0536308$ & $-0.0383138$ & $0.0206946$ & $-0.0139623$ & $-0.0264352$ & $0.0263781$ & $0.0346446$ & $0.0476573$ & $-0.0103152$ & $-0.0121801$ & $-0.0024742$ & $0.00279977$ & $0.024095$ & $0.0551364$ & $0.00320636$ & $0.0117183$ & $-0.0322771$ & $0.0160476$ & $-0.0323349$ & $-0.0109585$ & $-0.041467$ & $-0.0435788$ & $-0.0126753$ & $0.0965294$ & $-0.278433$ & $0.0450656$ & $0.0183716$ & $0.0224096$ & $0.0859316$ & $0.00532852$ & $0.0465641$ & $-0.0156498$ & $1$ & $-0.0586858$ & $0.153088$ & $0.0176668$ & $0.0380756$ & $-0.0689332$ \\
eHtautauint & $0.00797353$ & $-0.00616129$ & $0.00444271$ & $-0.0585462$ & $0.0229795$ & $-0.00747336$ & $-0.0366447$ & $0.0161587$ & $0.00557792$ & $0.0232479$ & $-0.0400712$ & $0.0228247$ & $0.00977755$ & $0.0287477$ & $0.030811$ & $0.0174002$ & $0.0619331$ & $0.0214122$ & $0.0332633$ & $0.0415168$ & $0.0388785$ & $0.0423033$ & $0.0192087$ & $0.00453305$ & $0.0184792$ & $-0.0507253$ & $-0.0234033$ & $0.00717275$ & $0.0180513$ & $0.0301331$ & $0.0145735$ & $-0.0358737$ & $0.00550529$ & $-0.00348963$ & $0.255954$ & $0.00388393$ & $0.0570035$ & $0.0432261$ & $-0.115811$ & $0.0304943$ & $-0.0513608$ & $-0.0398197$ & $-0.119915$ & $-0.0586858$ & $1$ & $-0.0555223$ & $0.0680278$ & $-0.204486$ & $0.189197$ \\
eHccint & $-0.102835$ & $-0.235243$ & $-0.0279504$ & $0.270835$ & $-0.0122728$ & $-0.00706714$ & $-0.0617518$ & $0.0215845$ & $0.0185549$ & $0.0038227$ & $-0.0219691$ & $-0.0134692$ & $-0.0300732$ & $0.00495801$ & $0.00288588$ & $0.0472256$ & $0.00408212$ & $0.00672666$ & $-0.0257593$ & $0.0236898$ & $0.0168894$ & $0.0266089$ & $0.0012218$ & $-0.00877285$ & $-0.0134998$ & $-0.0160939$ & $-0.0293762$ & $-0.0171096$ & $-0.0190746$ & $-0.0767154$ & $0.0434692$ & $-0.0661111$ & $-0.0517016$ & $0.00979394$ & $0.0634834$ & $-0.0792297$ & $0.0580736$ & $0.00259062$ & $0.146757$ & $-0.0360492$ & $0.091907$ & $0.0483472$ & $0.0883697$ & $0.153088$ & $-0.0555223$ & $1$ & $0.0755965$ & $-0.0786589$ & $0.0148552$ \\
eHccpar & $0.0150894$ & $-0.00242884$ & $0.286428$ & $0.0193007$ & $-0.0562012$ & $0.000120924$ & $0.0458102$ & $-0.0114088$ & $-0.0161719$ & $0.0039185$ & $0.0327481$ & $-0.000792653$ & $-0.0298595$ & $-0.0413729$ & $-0.0397503$ & $-0.0495412$ & $-0.0285434$ & $-0.0100698$ & $-8.15147e-05$ & $-0.0358237$ & $-0.0258778$ & $-0.0205797$ & $-0.00821033$ & $-0.0292013$ & $-0.0145499$ & $0.0269464$ & $0.0229498$ & $-0.0271994$ & $0.0150929$ & $0.0444936$ & $0.295408$ & $0.0423519$ & $0.0747441$ & $0.0271807$ & $-0.2241$ & $0.0418397$ & $-0.41311$ & $0.107742$ & $-0.170243$ & $-0.046687$ & $0.189415$ & $0.0264611$ & $-0.172958$ & $0.0176668$ & $0.0680278$ & $0.0755965$ & $1$ & $-0.0228339$ & $0.0989702$ \\
eHbbint & $0.25924$ & $0.110329$ & $0.0216623$ & $-0.174516$ & $0.00345334$ & $-0.000640097$ & $0.0242326$ & $-0.0440581$ & $-0.0435759$ & $-1.58767e-05$ & $0.0289044$ & $-0.0250259$ & $-0.0196975$ & $0.0233774$ & $-0.00592301$ & $-0.000366469$ & $0.0168891$ & $0.0303952$ & $0.0255858$ & $-0.0250734$ & $-0.0277274$ & $-0.0361247$ & $-0.0327554$ & $0.0333124$ & $-0.0136101$ & $0.0108642$ & $-0.060577$ & $-0.0187114$ & $0.00726343$ & $-0.0121545$ & $-0.0375398$ & $0.00805084$ & $0.0734746$ & $-0.0326151$ & $-0.271198$ & $-0.0481084$ & $0.0153533$ & $0.0129556$ & $0.105572$ & $-0.0670956$ & $0.0326935$ & $0.0756144$ & $-0.17112$ & $0.0380756$ & $-0.204486$ & $-0.0786589$ & $-0.0228339$ & $1$ & $-0.17122$ \\
eHbbpar & $0.106699$ & $0.0914989$ & $0.07319$ & $0.024511$ & $0.0114638$ & $0.00158904$ & $0.0192347$ & $-0.0173305$ & $-0.0148621$ & $0.0333229$ & $0.0287607$ & $0.0366713$ & $-0.00206256$ & $-0.0304316$ & $-0.00922603$ & $-0.0352261$ & $-0.0148081$ & $-0.0196174$ & $-0.000361765$ & $-0.0338597$ & $-0.0260905$ & $-0.0264675$ & $0.00518439$ & $-0.0260993$ & $-0.0276314$ & $0.011938$ & $-0.00898784$ & $-0.00263491$ & $-0.0425615$ & $0.0154074$ & $0.0690495$ & $0.037436$ & $0.33752$ & $-0.00121661$ & $0.121219$ & $0.0392279$ & $-0.0938379$ & $-0.0212074$ & $-0.260323$ & $0.0315484$ & $0.0740162$ & $-0.04281$ & $0.0691541$ & $-0.0689332$ & $0.189197$ & $0.0148552$ & $0.0989702$ & $-0.17122$ & $1$ \\
