 & AlsMz & dAle5Mz & mtop & mHl & Mz & CW & CHG & CHWB & CHWHB_gaga & CHWHB_gagaorth & CHD & CHbox & CH & CHL1_11 & CHL1_22 & CHL1_33 & CHL3_11 & CHL3_22 & CHL3_33 & CHe_11 & CHe_22 & CHe_33 & CHQ1_11 & CHQ1_33 & CHQ3_11 & CHu_11 & CHd_11 & CHd_33 & CeH_22r & CeH_33r & CuH_22r & CuH_33r & CdH_33r & CLL_1221 & eHggint & eHggpar & eHWWint & eHWWpar & eHZZint & eHZZpar & eHZgaint & eHZgapar & eHgagaint & eHmumuint & eHtautauint & eHccint & eHccpar & eHbbint & eHbbpar \\
AlsMz & $1$ & $0.0732482$ & $0.1692$ & $0.0117504$ & $-0.0508542$ & $-0.0216679$ & $-0.0367282$ & $0.0836815$ & $0.0819535$ & $-0.104048$ & $-0.0385994$ & $0.0205276$ & $0.0237601$ & $-0.103753$ & $-0.0764355$ & $-0.059718$ & $-0.112855$ & $-0.0461541$ & $-0.0558545$ & $0.044422$ & $0.0308241$ & $0.0519255$ & $0.0683924$ & $-0.134184$ & $-0.0694932$ & $0.040515$ & $0.210142$ & $-0.065849$ & $-0.0119447$ & $0.0456695$ & $-0.00813573$ & $-0.0352098$ & $0.0140162$ & $0.109136$ & $0.15605$ & $-0.240965$ & $-0.114177$ & $-0.270405$ & $0.0280569$ & $-0.00575744$ & $0.243489$ & $0.196475$ & $-0.0968612$ & $-0.135397$ & $-0.232862$ & $0.125171$ & $-0.187748$ & $-0.112294$ & $-0.0403354$ \\
dAle5Mz & $0.0732482$ & $1$ & $0.289551$ & $-0.0435269$ & $0.0447521$ & $0.0198801$ & $-0.0634953$ & $-0.0309212$ & $-0.0337422$ & $0.0193248$ & $0.042995$ & $-0.0800512$ & $0.0921693$ & $-0.000951326$ & $-0.0266039$ & $-0.00620209$ & $-0.00369272$ & $0.0165656$ & $-0.0029562$ & $-0.0355211$ & $0.0148461$ & $-0.0510164$ & $0.0808008$ & $-0.0259357$ & $-0.00801197$ & $-0.0614905$ & $0.0165322$ & $-0.0210981$ & $0.0148492$ & $0.040749$ & $-0.0208056$ & $-0.0679239$ & $0.0596334$ & $0.0907274$ & $-0.205029$ & $-0.338381$ & $-0.105423$ & $-0.0448605$ & $-0.378503$ & $-0.127585$ & $-0.280993$ & $-0.163679$ & $-0.222941$ & $0.1887$ & $0.192243$ & $-0.259907$ & $-0.244971$ & $0.30152$ & $-0.0376963$ \\
mtop & $0.1692$ & $0.289551$ & $1$ & $0.0847957$ & $-0.0881075$ & $-0.0170386$ & $-0.0535221$ & $0.0113986$ & $0.00579272$ & $-0.031205$ & $0.0117301$ & $0.0168567$ & $-0.0148757$ & $-0.052081$ & $-0.0373165$ & $0.0165261$ & $-0.0339873$ & $-0.0138239$ & $-0.0372519$ & $-0.00974716$ & $-0.0073595$ & $-0.0295462$ & $0.014665$ & $-0.0850146$ & $-0.0363324$ & $0.0273988$ & $0.0238387$ & $-0.0767952$ & $0.00896172$ & $-0.0152872$ & $-0.11254$ & $-0.0539556$ & $-0.0318144$ & $0.0592163$ & $0.307932$ & $0.281619$ & $0.0608047$ & $-0.102402$ & $-0.379063$ & $-0.060022$ & $0.398287$ & $-0.153874$ & $-0.0707645$ & $0.344877$ & $0.0467352$ & $0.19694$ & $-0.701852$ & $-0.407655$ & $0.118242$ \\
mHl & $0.0117504$ & $-0.0435269$ & $0.0847957$ & $1$ & $-0.000548364$ & $0.0405459$ & $0.192506$ & $-0.128404$ & $-0.129378$ & $0.139898$ & $0.0649345$ & $0.280984$ & $-0.305078$ & $0.160279$ & $0.152834$ & $0.11414$ & $0.125827$ & $0.013487$ & $0.0288718$ & $-0.0795492$ & $-0.12072$ & $-0.0594561$ & $-0.114021$ & $0.13812$ & $-0.00664877$ & $0.0467233$ & $-0.373704$ & $-0.00686574$ & $-0.0551389$ & $-0.148745$ & $-0.0983475$ & $0.17577$ & $-0.183192$ & $-0.207423$ & $0.13954$ & $-0.18825$ & $-0.205591$ & $-0.0359177$ & $0.330187$ & $0.0845452$ & $0.208159$ & $0.121037$ & $-0.0945088$ & $0.12951$ & $-0.0552697$ & $-0.0546446$ & $0.0120255$ & $-0.0262257$ & $-0.162095$ \\
Mz & $-0.0508542$ & $0.0447521$ & $-0.0881075$ & $-0.000548364$ & $1$ & $-0.0167958$ & $0.0205545$ & $-0.0317439$ & $-0.0301136$ & $0.0258421$ & $0.0668671$ & $0.0340144$ & $-0.0044991$ & $0.0111681$ & $0.0731517$ & $0.0343096$ & $0.01637$ & $-0.0200257$ & $0.00208769$ & $0.00751694$ & $-0.0143516$ & $-0.0128279$ & $-0.00297888$ & $0.0355374$ & $-0.0161196$ & $-0.0492683$ & $-0.121101$ & $0.0499324$ & $-0.00914016$ & $-0.00557554$ & $-0.0127397$ & $0.0298916$ & $-0.0054029$ & $-0.0713089$ & $-0.0651745$ & $0.0335507$ & $-0.00541904$ & $0.048365$ & $0.0117579$ & $-0.0147921$ & $-0.145978$ & $-0.0620588$ & $0.0677415$ & $-0.0751888$ & $0.0522338$ & $-0.0349805$ & $0.0121795$ & $0.0715911$ & $-0.0183226$ \\
CW & $-0.0216679$ & $0.0198801$ & $-0.0170386$ & $0.0405459$ & $-0.0167958$ & $1$ & $-0.00732984$ & $-0.0976545$ & $-0.0975878$ & $0.010266$ & $0.09995$ & $-0.0128719$ & $0.0155662$ & $0.194357$ & $0.035517$ & $0.0236447$ & $-0.125618$ & $0.00770489$ & $0.0117359$ & $-0.10125$ & $-0.0964378$ & $-0.0548671$ & $-0.0398464$ & $0.054561$ & $0.00810043$ & $0.0445842$ & $-0.0951189$ & $-0.0440676$ & $0.0160133$ & $-0.0112024$ & $0.00360818$ & $-0.0117016$ & $-0.00284551$ & $-0.158566$ & $-0.0445085$ & $-0.0101732$ & $-0.00666123$ & $0.02584$ & $-0.0363784$ & $0.0198416$ & $-0.0306926$ & $0.00518138$ & $0.0126077$ & $0.00391839$ & $0.0263456$ & $-0.115451$ & $0.0297856$ & $0.0241814$ & $-0.00157918$ \\
CHG & $-0.0367282$ & $-0.0634953$ & $-0.0535221$ & $0.192506$ & $0.0205545$ & $-0.00732984$ & $1$ & $-0.109733$ & $-0.0792475$ & $0.134887$ & $0.0429648$ & $0.512235$ & $-0.615388$ & $0.142236$ & $0.0214123$ & $0.0100602$ & $0.158583$ & $0.116088$ & $0.110337$ & $-0.0618259$ & $-0.0431954$ & $-0.0247704$ & $-0.0615979$ & $0.124115$ & $0.123519$ & $0.0442951$ & $-0.0905381$ & $0.0312511$ & $-0.0654992$ & $-0.324082$ & $-0.182873$ & $0.932783$ & $-0.325637$ & $-0.0876237$ & $-0.0542444$ & $0.112245$ & $-0.0296122$ & $0.0121956$ & $0.0559554$ & $0.0429538$ & $0.0269533$ & $0.05389$ & $0.0237382$ & $0.0662384$ & $0.0217735$ & $-0.0749149$ & $-0.0252617$ & $0.0707697$ & $0.0614801$ \\
CHWB & $0.0836815$ & $-0.0309212$ & $0.0113986$ & $-0.128404$ & $-0.0317439$ & $-0.0976545$ & $-0.109733$ & $1$ & $0.992843$ & $-0.515922$ & $-0.881946$ & $-0.237918$ & $0.16596$ & $-0.278027$ & $0.0415478$ & $0.0800525$ & $-0.604518$ & $-0.550933$ & $-0.557447$ & $0.844936$ & $0.603426$ & $0.585882$ & $0.0595012$ & $-0.619831$ & $-0.644534$ & $-0.188618$ & $0.387876$ & $0.0880313$ & $0.0101507$ & $0.0909817$ & $0.0538105$ & $-0.103214$ & $0.0620835$ & $0.65738$ & $-0.0676896$ & $-0.0240567$ & $0.113691$ & $-0.0740644$ & $0.0212178$ & $-0.0424378$ & $0.0321237$ & $-0.0719564$ & $0.000554009$ & $0.0300031$ & $-0.105092$ & $0.16766$ & $0.0807087$ & $-0.0164164$ & $-0.103119$ \\
CHWHB_gaga & $0.0819535$ & $-0.0337422$ & $0.00579272$ & $-0.129378$ & $-0.0301136$ & $-0.0975878$ & $-0.0792475$ & $0.992843$ & $1$ & $-0.512238$ & $-0.876165$ & $-0.220335$ & $0.158647$ & $-0.278948$ & $0.0400572$ & $0.0802916$ & $-0.601638$ & $-0.546262$ & $-0.55456$ & $0.843063$ & $0.601386$ & $0.584306$ & $0.0575724$ & $-0.616582$ & $-0.640306$ & $-0.186997$ & $0.386168$ & $0.0892319$ & $0.0138994$ & $0.10698$ & $0.0618204$ & $-0.0767049$ & $0.0813319$ & $0.651755$ & $-0.0756818$ & $-0.0220636$ & $0.117061$ & $-0.0796857$ & $0.018409$ & $-0.043323$ & $0.0260388$ & $-0.0750317$ & $0.0205659$ & $0.0332349$ & $-0.100325$ & $0.16082$ & $0.0803586$ & $-0.00790359$ & $-0.10086$ \\
CHWHB_gagaorth & $-0.104048$ & $0.0193248$ & $-0.031205$ & $0.139898$ & $0.0258421$ & $0.010266$ & $0.134887$ & $-0.515922$ & $-0.512238$ & $1$ & $0.167659$ & $0.389077$ & $-0.232214$ & $0.708216$ & $0.120875$ & $0.0883694$ & $0.786947$ & $0.561359$ & $0.577859$ & $-0.245017$ & $-0.155411$ & $-0.16822$ & $-0.0856686$ & $0.557862$ & $0.660255$ & $0.0522472$ & $-0.353911$ & $-0.00900978$ & $0.00870837$ & $-0.125344$ & $-0.0878802$ & $0.136607$ & $-0.128096$ & $-0.405558$ & $0.045639$ & $0.0518496$ & $-0.0834391$ & $0.0347789$ & $0.00552546$ & $0.0235245$ & $-0.0691709$ & $0.0650434$ & $0.0303385$ & $-0.00635611$ & $0.0748006$ & $-0.142321$ & $-0.0755431$ & $0.0611212$ & $0.0737425$ \\
CHD & $-0.0385994$ & $0.042995$ & $0.0117301$ & $0.0649345$ & $0.0668671$ & $0.09995$ & $0.0429648$ & $-0.881946$ & $-0.876165$ & $0.167659$ & $1$ & $0.0997274$ & $-0.0454387$ & $-0.0965294$ & $-0.115442$ & $-0.157349$ & $0.247705$ & $0.304954$ & $0.317597$ & $-0.880524$ & $-0.641992$ & $-0.612617$ & $-0.0260206$ & $0.395208$ & $0.362665$ & $0.204522$ & $-0.25642$ & $-0.107064$ & $-0.0126232$ & $-0.0333792$ & $-0.0184709$ & $0.0434463$ & $-0.00485916$ & $-0.507573$ & $0.0517972$ & $0.000524497$ & $-0.0873991$ & $0.0628745$ & $-0.0342747$ & $0.0365656$ & $-0.0135929$ & $0.0418421$ & $-0.0140693$ & $-0.0421226$ & $0.0811818$ & $-0.120569$ & $-0.0608082$ & $-0.010324$ & $0.0805886$ \\
CHbox & $0.0205276$ & $-0.0800512$ & $0.0168567$ & $0.280984$ & $0.0340144$ & $-0.0128719$ & $0.512235$ & $-0.237918$ & $-0.220335$ & $0.389077$ & $0.0997274$ & $1$ & $-0.840769$ & $0.204002$ & $0.0722781$ & $0.0235287$ & $0.254753$ & $0.184647$ & $0.210912$ & $-0.0240351$ & $-0.0753372$ & $-0.0594856$ & $-0.0613427$ & $0.221559$ & $0.225002$ & $0.0403712$ & $-0.167432$ & $0.0431251$ & $-0.0498311$ & $-0.223067$ & $-0.144987$ & $0.513154$ & $-0.23864$ & $-0.268232$ & $-0.0156679$ & $0.0863624$ & $-0.136523$ & $-0.0621535$ & $0.115872$ & $0.0566414$ & $0.0878742$ & $0.101326$ & $0.0180504$ & $0.00604297$ & $0.034644$ & $-0.117992$ & $-0.0723674$ & $0.069439$ & $0.0900389$ \\
CH & $0.0237601$ & $0.0921693$ & $-0.0148757$ & $-0.305078$ & $-0.0044991$ & $0.0155662$ & $-0.615388$ & $0.16596$ & $0.158647$ & $-0.232214$ & $-0.0454387$ & $-0.840769$ & $1$ & $-0.252155$ & $-0.0634298$ & $-0.0110569$ & $-0.257601$ & $-0.166302$ & $-0.19224$ & $0.0795399$ & $0.0678032$ & $0.029806$ & $0.0849758$ & $-0.199489$ & $-0.192169$ & $-0.0501921$ & $0.173413$ & $-0.0577025$ & $0.0891926$ & $0.423796$ & $0.22038$ & $-0.549922$ & $0.433992$ & $0.164753$ & $0.0418549$ & $-0.0817949$ & $0.156871$ & $0.0237684$ & $-0.114517$ & $-0.0919002$ & $-0.117563$ & $-0.0989308$ & $0.0143658$ & $-0.0258012$ & $-0.0319201$ & $0.130343$ & $0.0901688$ & $-0.0603174$ & $-0.0870334$ \\
CHL1_11 & $-0.103753$ & $-0.000951326$ & $-0.052081$ & $0.160279$ & $0.0111681$ & $0.194357$ & $0.142236$ & $-0.278027$ & $-0.278948$ & $0.708216$ & $-0.0965294$ & $0.204002$ & $-0.252155$ & $1$ & $0.146502$ & $0.140255$ & $0.630104$ & $0.501556$ & $0.496881$ & $-0.104423$ & $-0.0101437$ & $-0.0088542$ & $-0.105369$ & $0.483715$ & $0.565651$ & $0.0190939$ & $-0.332981$ & $0.00542787$ & $0.0189436$ & $-0.130296$ & $-0.0711327$ & $0.116277$ & $-0.12245$ & $-0.292591$ & $0.0110891$ & $0.0342403$ & $-0.0802626$ & $0.0180036$ & $0.0185819$ & $0.0365226$ & $-0.0650167$ & $0.0408191$ & $0.0232042$ & $0.0172572$ & $0.0816682$ & $-0.139696$ & $-0.0532702$ & $0.07662$ & $0.0491616$ \\
CHL1_22 & $-0.0764355$ & $-0.0266039$ & $-0.0373165$ & $0.152834$ & $0.0731517$ & $0.035517$ & $0.0214123$ & $0.0415478$ & $0.0400572$ & $0.120875$ & $-0.115442$ & $0.0722781$ & $-0.0634298$ & $0.146502$ & $1$ & $0.251173$ & $0.0663194$ & $-0.447146$ & $-0.0659312$ & $0.124329$ & $-0.0989172$ & $-0.0293049$ & $-0.0409722$ & $0.224269$ & $-0.08191$ & $0.0451178$ & $-0.34659$ & $-0.0167025$ & $-0.0244236$ & $-0.036431$ & $-0.0618129$ & $0.0201762$ & $-0.0525403$ & $-0.478127$ & $-0.0444295$ & $0.0789438$ & $0.0511014$ & $0.0892339$ & $-0.0152598$ & $0.0361067$ & $-0.0502503$ & $0.0686233$ & $0.0709485$ & $-0.0323569$ & $0.135295$ & $-0.0871439$ & $-0.0273244$ & $0.045748$ & $-0.0041905$ \\
CHL1_33 & $-0.059718$ & $-0.00620209$ & $0.0165261$ & $0.11414$ & $0.0343096$ & $0.0236447$ & $0.0100602$ & $0.0800525$ & $0.0802916$ & $0.0883694$ & $-0.157349$ & $0.0235287$ & $-0.0110569$ & $0.140255$ & $0.251173$ & $1$ & $0.0562047$ & $-0.0852018$ & $-0.454237$ & $0.15641$ & $-0.0124426$ & $-0.107337$ & $-0.0443259$ & $0.172177$ & $-0.0915245$ & $0.0416172$ & $-0.316681$ & $-0.0209946$ & $0.0231876$ & $0.00583341$ & $-0.0271677$ & $0.0151387$ & $-0.00163407$ & $-0.10224$ & $-0.013809$ & $0.0653033$ & $-0.0237057$ & $-0.00615019$ & $-0.0183751$ & $0.0859938$ & $0.00861555$ & $0.0602057$ & $0.0192976$ & $-0.0293611$ & $0.0867499$ & $-0.0110647$ & $-0.087497$ & $0.00460873$ & $0.0683977$ \\
CHL3_11 & $-0.112855$ & $-0.00369272$ & $-0.0339873$ & $0.125827$ & $0.01637$ & $-0.125618$ & $0.158583$ & $-0.604518$ & $-0.601638$ & $0.786947$ & $0.247705$ & $0.254753$ & $-0.257601$ & $0.630104$ & $0.0663194$ & $0.0562047$ & $1$ & $0.661162$ & $0.655685$ & $-0.400911$ & $-0.212478$ & $-0.223149$ & $-0.0646236$ & $0.62437$ & $0.765723$ & $0.0509983$ & $-0.351549$ & $-0.00486969$ & $-0.0172506$ & $-0.131923$ & $-0.0823112$ & $0.137464$ & $-0.105254$ & $-0.341261$ & $0.0787233$ & $0.0640867$ & $-0.0926022$ & $0.0399118$ & $0.0213164$ & $0.00990526$ & $-0.0415823$ & $0.0636071$ & $0.018472$ & $0.00925219$ & $0.0831935$ & $-0.117016$ & $-0.0806074$ & $0.0281603$ & $0.0938778$ \\
CHL3_22 & $-0.0461541$ & $0.0165656$ & $-0.0138239$ & $0.013487$ & $-0.0200257$ & $0.00770489$ & $0.116088$ & $-0.550933$ & $-0.546262$ & $0.561359$ & $0.304954$ & $0.184647$ & $-0.166302$ & $0.501556$ & $-0.447146$ & $-0.0852018$ & $0.661162$ & $1$ & $0.604367$ & $-0.392487$ & $-0.200997$ & $-0.215316$ & $-0.0277168$ & $0.42679$ & $0.739347$ & $0.0326426$ & $-0.1031$ & $-0.010062$ & $0.00469904$ & $-0.083802$ & $-0.021533$ & $0.102543$ & $-0.0526525$ & $0.0921924$ & $0.0713329$ & $0.0253861$ & $-0.0872795$ & $-0.00856325$ & $0.0187498$ & $-0.019958$ & $-0.0267639$ & $0.00847061$ & $-0.0286911$ & $0.0302934$ & $0.017291$ & $-0.0775601$ & $-0.0593422$ & $0.017988$ & $0.0847481$ \\
CHL3_33 & $-0.0558545$ & $-0.0029562$ & $-0.0372519$ & $0.0288718$ & $0.00208769$ & $0.0117359$ & $0.110337$ & $-0.557447$ & $-0.55456$ & $0.577859$ & $0.317597$ & $0.210912$ & $-0.19224$ & $0.496881$ & $-0.0659312$ & $-0.454237$ & $0.655685$ & $0.604367$ & $1$ & $-0.399083$ & $-0.216209$ & $-0.217867$ & $-0.034491$ & $0.44772$ & $0.737267$ & $0.0481024$ & $-0.0963453$ & $-0.00130437$ & $-0.0152571$ & $-0.105727$ & $-0.0505972$ & $0.0950889$ & $-0.081686$ & $-0.274659$ & $0.0662937$ & $0.0327108$ & $-0.0405788$ & $0.0500141$ & $0.0348277$ & $-0.0685444$ & $-0.0533184$ & $0.0213164$ & $-0.00898179$ & $0.00428318$ & $0.0290049$ & $-0.109718$ & $-0.00427878$ & $0.0159353$ & $0.0202388$ \\
CHe_11 & $0.044422$ & $-0.0355211$ & $-0.00974716$ & $-0.0795492$ & $0.00751694$ & $-0.10125$ & $-0.0618259$ & $0.844936$ & $0.843063$ & $-0.245017$ & $-0.880524$ & $-0.0240351$ & $0.0795399$ & $-0.104423$ & $0.124329$ & $0.15641$ & $-0.400911$ & $-0.392487$ & $-0.399083$ & $1$ & $0.620255$ & $0.587286$ & $0.0416589$ & $-0.448854$ & $-0.453085$ & $-0.207752$ & $0.269932$ & $0.109746$ & $0.0115461$ & $0.049373$ & $0.0239884$ & $-0.0452622$ & $0.00889256$ & $0.417114$ & $-0.072086$ & $0.00326921$ & $0.108217$ & $-0.0597741$ & $0.0170498$ & $-0.0396699$ & $0.000488906$ & $-0.0449195$ & $0.0223056$ & $0.0184753$ & $-0.0817209$ & $0.115303$ & $0.0675128$ & $0.0207157$ & $-0.0931931$ \\
CHe_22 & $0.0308241$ & $0.0148461$ & $-0.0073595$ & $-0.12072$ & $-0.0143516$ & $-0.0964378$ & $-0.0431954$ & $0.603426$ & $0.601386$ & $-0.155411$ & $-0.641992$ & $-0.0753372$ & $0.0678032$ & $-0.0101437$ & $-0.0989172$ & $-0.0124426$ & $-0.212478$ & $-0.200997$ & $-0.216209$ & $0.620255$ & $1$ & $0.487347$ & $0.0310763$ & $-0.385575$ & $-0.282087$ & $-0.19547$ & $0.322392$ & $0.124751$ & $0.0112943$ & $0.0335112$ & $0.0293803$ & $-0.0406167$ & $0.0226341$ & $0.388024$ & $-0.0668174$ & $-0.0378379$ & $0.0672227$ & $-0.0794995$ & $0.00447677$ & $-0.0527602$ & $-0.0233746$ & $-0.0827888$ & $0.0173402$ & $0.0618283$ & $-0.099441$ & $0.109445$ & $0.0764916$ & $0.0373174$ & $-0.0761331$ \\
CHe_33 & $0.0519255$ & $-0.0510164$ & $-0.0295462$ & $-0.0594561$ & $-0.0128279$ & $-0.0548671$ & $-0.0247704$ & $0.585882$ & $0.584306$ & $-0.16822$ & $-0.612617$ & $-0.0594856$ & $0.029806$ & $-0.0088542$ & $-0.0293049$ & $-0.107337$ & $-0.223149$ & $-0.215316$ & $-0.217867$ & $0.587286$ & $0.487347$ & $1$ & $0.029396$ & $-0.388206$ & $-0.296714$ & $-0.186427$ & $0.286277$ & $0.0899724$ & $0.000630648$ & $0.0176171$ & $0.0167087$ & $-0.0337207$ & $0.000289832$ & $0.361055$ & $-0.0587187$ & $-0.0268741$ & $0.0522878$ & $-0.0391129$ & $0.0369376$ & $-0.0322941$ & $0.0342341$ & $-0.0482998$ & $0.0382363$ & $0.030796$ & $-0.0818413$ & $0.0863195$ & $0.0890958$ & $0.0197473$ & $-0.0617211$ \\
CHQ1_11 & $0.0683924$ & $0.0808008$ & $0.014665$ & $-0.114021$ & $-0.00297888$ & $-0.0398464$ & $-0.0615979$ & $0.0595012$ & $0.0575724$ & $-0.0856686$ & $-0.0260206$ & $-0.0613427$ & $0.0849758$ & $-0.105369$ & $-0.0409722$ & $-0.0443259$ & $-0.0646236$ & $-0.0277168$ & $-0.034491$ & $0.0416589$ & $0.0310763$ & $0.029396$ & $1$ & $-0.0919085$ & $-0.00475586$ & $-0.6182$ & $0.243847$ & $0.0219208$ & $-0.0179523$ & $0.0620317$ & $0.0515347$ & $-0.042693$ & $0.0642537$ & $0.0913823$ & $0.0113517$ & $0.0141242$ & $0.057761$ & $-0.0659907$ & $0.0210864$ & $-0.124657$ & $-0.0484968$ & $-0.0422298$ & $-0.0180449$ & $0.09066$ & $-0.00439593$ & $0.134359$ & $0.00291966$ & $0.0274187$ & $0.0175684$ \\
CHQ1_33 & $-0.134184$ & $-0.0259357$ & $-0.0850146$ & $0.13812$ & $0.0355374$ & $0.054561$ & $0.124115$ & $-0.619831$ & $-0.616582$ & $0.557862$ & $0.395208$ & $0.221559$ & $-0.199489$ & $0.483715$ & $0.224269$ & $0.172177$ & $0.62437$ & $0.42679$ & $0.44772$ & $-0.448854$ & $-0.385575$ & $-0.388206$ & $-0.0919085$ & $1$ & $0.552749$ & $0.120001$ & $-0.389891$ & $0.0452456$ & $-0.0080995$ & $-0.105812$ & $-0.0753465$ & $0.111039$ & $-0.0936294$ & $-0.503129$ & $0.0556066$ & $0.0727058$ & $-0.0465088$ & $0.0777748$ & $0.0195923$ & $0.0204391$ & $-0.0754267$ & $0.089179$ & $0.0674693$ & $-0.0286474$ & $0.124144$ & $-0.164013$ & $-0.0463063$ & $0.0466539$ & $0.0796977$ \\
CHQ3_11 & $-0.0694932$ & $-0.00801197$ & $-0.0363324$ & $-0.00664877$ & $-0.0161196$ & $0.00810043$ & $0.123519$ & $-0.644534$ & $-0.640306$ & $0.660255$ & $0.362665$ & $0.225002$ & $-0.192169$ & $0.565651$ & $-0.08191$ & $-0.0915245$ & $0.765723$ & $0.739347$ & $0.737267$ & $-0.453085$ & $-0.282087$ & $-0.296714$ & $-0.00475586$ & $0.552749$ & $1$ & $0.0462325$ & $-0.034081$ & $-0.0130609$ & $0.0030382$ & $-0.104638$ & $-0.0469497$ & $0.112204$ & $-0.0802875$ & $-0.283022$ & $0.087115$ & $0.0578552$ & $-0.0182405$ & $0.0254709$ & $0.0337511$ & $-0.0548873$ & $-0.0642223$ & $0.00765403$ & $-0.0167889$ & $0.0146883$ & $-0.00342533$ & $-0.0722526$ & $-0.0250987$ & $-0.00170016$ & $0.0413129$ \\
CHu_11 & $0.040515$ & $-0.0614905$ & $0.0273988$ & $0.0467233$ & $-0.0492683$ & $0.0445842$ & $0.0442951$ & $-0.188618$ & $-0.186997$ & $0.0522472$ & $0.204522$ & $0.0403712$ & $-0.0501921$ & $0.0190939$ & $0.0451178$ & $0.0416172$ & $0.0509983$ & $0.0326426$ & $0.0481024$ & $-0.207752$ & $-0.19547$ & $-0.186427$ & $-0.6182$ & $0.120001$ & $0.0462325$ & $1$ & $0.0301071$ & $-0.0271779$ & $0.0205787$ & $-0.02477$ & $-0.0270233$ & $0.0406503$ & $-0.0354035$ & $-0.151902$ & $0.078252$ & $-0.0153698$ & $0.0245579$ & $0.047264$ & $-0.00136502$ & $0.052516$ & $0.0541028$ & $0.060922$ & $-0.0387564$ & $-0.0636724$ & $-0.0842843$ & $-0.072331$ & $0.00194594$ & $-0.0973053$ & $-0.0415644$ \\
CHd_11 & $0.210142$ & $0.0165322$ & $0.0238387$ & $-0.373704$ & $-0.121101$ & $-0.0951189$ & $-0.0905381$ & $0.387876$ & $0.386168$ & $-0.353911$ & $-0.25642$ & $-0.167432$ & $0.173413$ & $-0.332981$ & $-0.34659$ & $-0.316681$ & $-0.351549$ & $-0.1031$ & $-0.0963453$ & $0.269932$ & $0.322392$ & $0.286277$ & $0.243847$ & $-0.389891$ & $-0.034081$ & $0.0301071$ & $1$ & $0.0558707$ & $0.0241518$ & $0.0962384$ & $0.0943893$ & $-0.069838$ & $0.0721846$ & $0.478503$ & $0.0440634$ & $-0.0510747$ & $0.216658$ & $-0.099225$ & $0.0341326$ & $-0.186076$ & $-0.0169218$ & $-0.124012$ & $-0.0591177$ & $0.0590468$ & $-0.311238$ & $0.231872$ & $0.160803$ & $-0.0947369$ & $-0.175541$ \\
CHd_33 & $-0.065849$ & $-0.0210981$ & $-0.0767952$ & $-0.00686574$ & $0.0499324$ & $-0.0440676$ & $0.0312511$ & $0.0880313$ & $0.0892319$ & $-0.00900978$ & $-0.107064$ & $0.0431251$ & $-0.0577025$ & $0.00542787$ & $-0.0167025$ & $-0.0209946$ & $-0.00486969$ & $-0.010062$ & $-0.00130437$ & $0.109746$ & $0.124751$ & $0.0899724$ & $0.0219208$ & $0.0452456$ & $-0.0130609$ & $-0.0271779$ & $0.0558707$ & $1$ & $0.0038511$ & $-0.00476012$ & $0.00301978$ & $0.0360773$ & $-0.0146733$ & $0.0560226$ & $-0.0665568$ & $0.00650972$ & $0.0354089$ & $0.0409828$ & $0.0273907$ & $-0.0481845$ & $-0.0281471$ & $-0.0370848$ & $0.0580353$ & $0.0452407$ & $0.019015$ & $-0.0848748$ & $0.04474$ & $0.0507356$ & $-0.0345316$ \\
CeH_22r & $-0.0119447$ & $0.0148492$ & $0.00896172$ & $-0.0551389$ & $-0.00914016$ & $0.0160133$ & $-0.0654992$ & $0.0101507$ & $0.0138994$ & $0.00870837$ & $-0.0126232$ & $-0.0498311$ & $0.0891926$ & $0.0189436$ & $-0.0244236$ & $0.0231876$ & $-0.0172506$ & $0.00469904$ & $-0.0152571$ & $0.0115461$ & $0.0112943$ & $0.000630648$ & $-0.0179523$ & $-0.0080995$ & $0.0030382$ & $0.0205787$ & $0.0241518$ & $0.0038511$ & $1$ & $0.0781034$ & $0.0473509$ & $-0.0688075$ & $0.089876$ & $0.00677549$ & $-0.00736054$ & $-0.00540328$ & $0.00918608$ & $-0.0165543$ & $-0.00718451$ & $-0.0229743$ & $-0.0444658$ & $-0.0293138$ & $-0.0144158$ & $0.0141568$ & $0.0159306$ & $0.03157$ & $0.00697736$ & $-0.0240664$ & $-0.010204$ \\
CeH_33r & $0.0456695$ & $0.040749$ & $-0.0152872$ & $-0.148745$ & $-0.00557554$ & $-0.0112024$ & $-0.324082$ & $0.0909817$ & $0.10698$ & $-0.125344$ & $-0.0333792$ & $-0.223067$ & $0.423796$ & $-0.130296$ & $-0.036431$ & $0.00583341$ & $-0.131923$ & $-0.083802$ & $-0.105727$ & $0.049373$ & $0.0335112$ & $0.0176171$ & $0.0620317$ & $-0.105812$ & $-0.104638$ & $-0.02477$ & $0.0962384$ & $-0.00476012$ & $0.0781034$ & $1$ & $0.3702$ & $-0.148381$ & $0.747216$ & $0.0884377$ & $0.000592587$ & $-0.0558767$ & $0.0152568$ & $-0.0656096$ & $-0.0223478$ & $-0.0493552$ & $-0.0105275$ & $-0.0581947$ & $0.0246287$ & $-0.0425827$ & $0.0365134$ & $0.0556187$ & $0.0162714$ & $0.018281$ & $0.0131057$ \\
CuH_22r & $-0.00813573$ & $-0.0208056$ & $-0.11254$ & $-0.0983475$ & $-0.0127397$ & $0.00360818$ & $-0.182873$ & $0.0538105$ & $0.0618204$ & $-0.0878802$ & $-0.0184709$ & $-0.144987$ & $0.22038$ & $-0.0711327$ & $-0.0618129$ & $-0.0271677$ & $-0.0823112$ & $-0.021533$ & $-0.0505972$ & $0.0239884$ & $0.0293803$ & $0.0167087$ & $0.0515347$ & $-0.0753465$ & $-0.0469497$ & $-0.0270233$ & $0.0943893$ & $0.00301978$ & $0.0473509$ & $0.3702$ & $1$ & $-0.0712926$ & $0.409977$ & $0.0756526$ & $-0.0161784$ & $-0.0189936$ & $0.0385329$ & $-0.0285774$ & $0.0643843$ & $-0.066256$ & $-0.0373267$ & $0.00364501$ & $0.0097956$ & $-0.0270405$ & $-0.0778769$ & $0.09409$ & $0.17354$ & $0.0283319$ & $-0.0458554$ \\
CuH_33r & $-0.0352098$ & $-0.0679239$ & $-0.0539556$ & $0.17577$ & $0.0298916$ & $-0.0117016$ & $0.932783$ & $-0.103214$ & $-0.0767049$ & $0.136607$ & $0.0434463$ & $0.513154$ & $-0.549922$ & $0.116277$ & $0.0201762$ & $0.0151387$ & $0.137464$ & $0.102543$ & $0.0950889$ & $-0.0452622$ & $-0.0406167$ & $-0.0337207$ & $-0.042693$ & $0.111039$ & $0.112204$ & $0.0406503$ & $-0.069838$ & $0.0360773$ & $-0.0688075$ & $-0.148381$ & $-0.0712926$ & $1$ & $-0.101117$ & $-0.0891329$ & $-0.0281131$ & $0.134957$ & $-0.0150176$ & $-0.00379566$ & $0.059586$ & $0.0389067$ & $0.0285775$ & $0.0457631$ & $0.039107$ & $0.0675816$ & $0.0163286$ & $-0.0399479$ & $-0.021828$ & $0.0624274$ & $0.0818093$ \\
CdH_33r & $0.0140162$ & $0.0596334$ & $-0.0318144$ & $-0.183192$ & $-0.0054029$ & $-0.00284551$ & $-0.325637$ & $0.0620835$ & $0.0813319$ & $-0.128096$ & $-0.00485916$ & $-0.23864$ & $0.433992$ & $-0.12245$ & $-0.0525403$ & $-0.00163407$ & $-0.105254$ & $-0.0526525$ & $-0.081686$ & $0.00889256$ & $0.0226341$ & $0.000289832$ & $0.0642537$ & $-0.0936294$ & $-0.0802875$ & $-0.0354035$ & $0.0721846$ & $-0.0146733$ & $0.089876$ & $0.747216$ & $0.409977$ & $-0.101117$ & $1$ & $0.0936768$ & $0.0230887$ & $-0.0583389$ & $-0.0452844$ & $-0.108966$ & $-0.033378$ & $-0.017959$ & $0.00264211$ & $-0.10948$ & $0.0176966$ & $-0.068938$ & $0.102593$ & $0.0832087$ & $-0.0306506$ & $0.0572728$ & $0.199615$ \\
CLL_1221 & $0.109136$ & $0.0907274$ & $0.0592163$ & $-0.207423$ & $-0.0713089$ & $-0.158566$ & $-0.0876237$ & $0.65738$ & $0.651755$ & $-0.405558$ & $-0.507573$ & $-0.268232$ & $0.164753$ & $-0.292591$ & $-0.478127$ & $-0.10224$ & $-0.341261$ & $0.0921924$ & $-0.274659$ & $0.417114$ & $0.388024$ & $0.361055$ & $0.0913823$ & $-0.503129$ & $-0.283022$ & $-0.151902$ & $0.478503$ & $0.0560226$ & $0.00677549$ & $0.0884377$ & $0.0756526$ & $-0.0891329$ & $0.0936768$ & $1$ & $-0.024553$ & $-0.0624698$ & $0.0534363$ & $-0.105532$ & $-0.00492537$ & $-0.0881128$ & $0.0179041$ & $-0.111844$ & $-0.0708051$ & $0.0719229$ & $-0.11061$ & $0.146943$ & $0.0259079$ & $-0.0168673$ & $-0.0515858$ \\
eHggint & $0.15605$ & $-0.205029$ & $0.307932$ & $0.13954$ & $-0.0651745$ & $-0.0445085$ & $-0.0542444$ & $-0.0676896$ & $-0.0756818$ & $0.045639$ & $0.0517972$ & $-0.0156679$ & $0.0418549$ & $0.0110891$ & $-0.0444295$ & $-0.013809$ & $0.0787233$ & $0.0713329$ & $0.0662937$ & $-0.072086$ & $-0.0668174$ & $-0.0587187$ & $0.0113517$ & $0.0556066$ & $0.087115$ & $0.078252$ & $0.0440634$ & $-0.0665568$ & $-0.00736054$ & $0.000592587$ & $-0.0161784$ & $-0.0281131$ & $0.0230887$ & $-0.024553$ & $1$ & $0.238107$ & $-0.133761$ & $-0.12396$ & $0.208241$ & $0.0849447$ & $0.336202$ & $0.119995$ & $-0.0808347$ & $0.0613452$ & $-0.352622$ & $0.475299$ & $-0.248652$ & $-0.563161$ & $0.26966$ \\
eHggpar & $-0.240965$ & $-0.338381$ & $0.281619$ & $-0.18825$ & $0.0335507$ & $-0.0101732$ & $0.112245$ & $-0.0240567$ & $-0.0220636$ & $0.0518496$ & $0.000524497$ & $0.0863624$ & $-0.0817949$ & $0.0342403$ & $0.0789438$ & $0.0653033$ & $0.0640867$ & $0.0253861$ & $0.0327108$ & $0.00326921$ & $-0.0378379$ & $-0.0268741$ & $0.0141242$ & $0.0727058$ & $0.0578552$ & $-0.0153698$ & $-0.0510747$ & $0.00650972$ & $-0.00540328$ & $-0.0558767$ & $-0.0189936$ & $0.134957$ & $-0.0583389$ & $-0.0624698$ & $0.238107$ & $1$ & $0.46271$ & $0.130339$ & $-0.0697108$ & $-0.162875$ & $0.0789515$ & $-0.0766949$ & $0.214483$ & $0.199663$ & $0.0694334$ & $0.288384$ & $-0.238953$ & $-0.417131$ & $0.174827$ \\
eHWWint & $-0.114177$ & $-0.105423$ & $0.0608047$ & $-0.205591$ & $-0.00541904$ & $-0.00666123$ & $-0.0296122$ & $0.113691$ & $0.117061$ & $-0.0834391$ & $-0.0873991$ & $-0.136523$ & $0.156871$ & $-0.0802626$ & $0.0511014$ & $-0.0237057$ & $-0.0926022$ & $-0.0872795$ & $-0.0405788$ & $0.108217$ & $0.0672227$ & $0.0522878$ & $0.057761$ & $-0.0465088$ & $-0.0182405$ & $0.0245579$ & $0.216658$ & $0.0354089$ & $0.00918608$ & $0.0152568$ & $0.0385329$ & $-0.0150176$ & $-0.0452844$ & $0.0534363$ & $-0.133761$ & $0.46271$ & $1$ & $0.218655$ & $-0.261806$ & $-0.276447$ & $-0.215514$ & $0.00572848$ & $0.317245$ & $0.361937$ & $-0.00306313$ & $0.110949$ & $0.0485679$ & $-0.165075$ & $-0.279296$ \\
eHWWpar & $-0.270405$ & $-0.0448605$ & $-0.102402$ & $-0.0359177$ & $0.048365$ & $0.02584$ & $0.0121956$ & $-0.0740644$ & $-0.0796857$ & $0.0347789$ & $0.0628745$ & $-0.0621535$ & $0.0237684$ & $0.0180036$ & $0.0892339$ & $-0.00615019$ & $0.0399118$ & $-0.00856325$ & $0.0500141$ & $-0.0597741$ & $-0.0794995$ & $-0.0391129$ & $-0.0659907$ & $0.0777748$ & $0.0254709$ & $0.047264$ & $-0.099225$ & $0.0409828$ & $-0.0165543$ & $-0.0656096$ & $-0.0285774$ & $-0.00379566$ & $-0.108966$ & $-0.105532$ & $-0.12396$ & $0.130339$ & $0.218655$ & $1$ & $-0.072464$ & $-0.168014$ & $-0.0164281$ & $0.00660309$ & $-0.125387$ & $0.0556402$ & $-0.0127759$ & $-0.245829$ & $0.277743$ & $-0.125064$ & $-0.151635$ \\
eHZZint & $0.0280569$ & $-0.378503$ & $-0.379063$ & $0.330187$ & $0.0117579$ & $-0.0363784$ & $0.0559554$ & $0.0212178$ & $0.018409$ & $0.00552546$ & $-0.0342747$ & $0.115872$ & $-0.114517$ & $0.0185819$ & $-0.0152598$ & $-0.0183751$ & $0.0213164$ & $0.0187498$ & $0.0348277$ & $0.0170498$ & $0.00447677$ & $0.0369376$ & $0.0210864$ & $0.0195923$ & $0.0337511$ & $-0.00136502$ & $0.0341326$ & $0.0273907$ & $-0.00718451$ & $-0.0223478$ & $0.0643843$ & $0.059586$ & $-0.033378$ & $-0.00492537$ & $0.208241$ & $-0.0697108$ & $-0.261806$ & $-0.072464$ & $1$ & $0.00829289$ & $0.121902$ & $0.144065$ & $-0.141273$ & $-0.19495$ & $-0.316734$ & $0.234053$ & $0.349729$ & $-0.119479$ & $-0.032807$ \\
eHZZpar & $-0.00575744$ & $-0.127585$ & $-0.060022$ & $0.0845452$ & $-0.0147921$ & $0.0198416$ & $0.0429538$ & $-0.0424378$ & $-0.043323$ & $0.0235245$ & $0.0365656$ & $0.0566414$ & $-0.0919002$ & $0.0365226$ & $0.0361067$ & $0.0859938$ & $0.00990526$ & $-0.019958$ & $-0.0685444$ & $-0.0396699$ & $-0.0527602$ & $-0.0322941$ & $-0.124657$ & $0.0204391$ & $-0.0548873$ & $0.052516$ & $-0.186076$ & $-0.0481845$ & $-0.0229743$ & $-0.0493552$ & $-0.066256$ & $0.0389067$ & $-0.017959$ & $-0.0881128$ & $0.0849447$ & $-0.162875$ & $-0.276447$ & $-0.168014$ & $0.00829289$ & $1$ & $0.0825364$ & $0.109319$ & $0.0121882$ & $-0.414377$ & $-0.0570247$ & $0.0578505$ & $-0.10434$ & $-0.111157$ & $0.225272$ \\
eHZgaint & $0.243489$ & $-0.280993$ & $0.398287$ & $0.208159$ & $-0.145978$ & $-0.0306926$ & $0.0269533$ & $0.0321237$ & $0.0260388$ & $-0.0691709$ & $-0.0135929$ & $0.0878742$ & $-0.117563$ & $-0.0650167$ & $-0.0502503$ & $0.00861555$ & $-0.0415823$ & $-0.0267639$ & $-0.0533184$ & $0.000488906$ & $-0.0233746$ & $0.0342341$ & $-0.0484968$ & $-0.0754267$ & $-0.0642223$ & $0.0541028$ & $-0.0169218$ & $-0.0281471$ & $-0.0444658$ & $-0.0105275$ & $-0.0373267$ & $0.0285775$ & $0.00264211$ & $0.0179041$ & $0.336202$ & $0.0789515$ & $-0.215514$ & $-0.0164281$ & $0.121902$ & $0.0825364$ & $1$ & $0.119152$ & $-0.231396$ & $-0.106367$ & $-0.0703281$ & $0.211168$ & $-0.203422$ & $-0.425376$ & $0.287643$ \\
eHZgapar & $0.196475$ & $-0.163679$ & $-0.153874$ & $0.121037$ & $-0.0620588$ & $0.00518138$ & $0.05389$ & $-0.0719564$ & $-0.0750317$ & $0.0650434$ & $0.0418421$ & $0.101326$ & $-0.0989308$ & $0.0408191$ & $0.0686233$ & $0.0602057$ & $0.0636071$ & $0.00847061$ & $0.0213164$ & $-0.0449195$ & $-0.0827888$ & $-0.0482998$ & $-0.0422298$ & $0.089179$ & $0.00765403$ & $0.060922$ & $-0.124012$ & $-0.0370848$ & $-0.0293138$ & $-0.0581947$ & $0.00364501$ & $0.0457631$ & $-0.10948$ & $-0.111844$ & $0.119995$ & $-0.0766949$ & $0.00572848$ & $0.00660309$ & $0.144065$ & $0.109319$ & $0.119152$ & $1$ & $-0.119879$ & $-0.286293$ & $-0.239233$ & $0.10248$ & $0.130702$ & $-0.0121081$ & $-0.225126$ \\
eHgagaint & $-0.0968612$ & $-0.222941$ & $-0.0707645$ & $-0.0945088$ & $0.0677415$ & $0.0126077$ & $0.0237382$ & $0.000554009$ & $0.0205659$ & $0.0303385$ & $-0.0140693$ & $0.0180504$ & $0.0143658$ & $0.0232042$ & $0.0709485$ & $0.0192976$ & $0.018472$ & $-0.0286911$ & $-0.00898179$ & $0.0223056$ & $0.0173402$ & $0.0382363$ & $-0.0180449$ & $0.0674693$ & $-0.0167889$ & $-0.0387564$ & $-0.0591177$ & $0.0580353$ & $-0.0144158$ & $0.0246287$ & $0.0097956$ & $0.039107$ & $0.0176966$ & $-0.0708051$ & $-0.0808347$ & $0.214483$ & $0.317245$ & $-0.125387$ & $-0.141273$ & $0.0121882$ & $-0.231396$ & $-0.119879$ & $1$ & $0.183247$ & $0.011625$ & $-0.121119$ & $-0.043204$ & $0.0776313$ & $0.00767819$ \\
eHmumuint & $-0.135397$ & $0.1887$ & $0.344877$ & $0.12951$ & $-0.0751888$ & $0.00391839$ & $0.0662384$ & $0.0300031$ & $0.0332349$ & $-0.00635611$ & $-0.0421226$ & $0.00604297$ & $-0.0258012$ & $0.0172572$ & $-0.0323569$ & $-0.0293611$ & $0.00925219$ & $0.0302934$ & $0.00428318$ & $0.0184753$ & $0.0618283$ & $0.030796$ & $0.09066$ & $-0.0286474$ & $0.0146883$ & $-0.0636724$ & $0.0590468$ & $0.0452407$ & $0.0141568$ & $-0.0425827$ & $-0.0270405$ & $0.0675816$ & $-0.068938$ & $0.0719229$ & $0.0613452$ & $0.199663$ & $0.361937$ & $0.0556402$ & $-0.19495$ & $-0.414377$ & $-0.106367$ & $-0.286293$ & $0.183247$ & $1$ & $-0.0172992$ & $0.0834648$ & $-0.202911$ & $-0.108998$ & $-0.127699$ \\
eHtautauint & $-0.232862$ & $0.192243$ & $0.0467352$ & $-0.0552697$ & $0.0522338$ & $0.0263456$ & $0.0217735$ & $-0.105092$ & $-0.100325$ & $0.0748006$ & $0.0811818$ & $0.034644$ & $-0.0319201$ & $0.0816682$ & $0.135295$ & $0.0867499$ & $0.0831935$ & $0.017291$ & $0.0290049$ & $-0.0817209$ & $-0.099441$ & $-0.0818413$ & $-0.00439593$ & $0.124144$ & $-0.00342533$ & $-0.0842843$ & $-0.311238$ & $0.019015$ & $0.0159306$ & $0.0365134$ & $-0.0778769$ & $0.0163286$ & $0.102593$ & $-0.11061$ & $-0.352622$ & $0.0694334$ & $-0.00306313$ & $-0.0127759$ & $-0.316734$ & $-0.0570247$ & $-0.0703281$ & $-0.239233$ & $0.011625$ & $-0.0172992$ & $1$ & $-0.353316$ & $-0.216429$ & $0.331792$ & $0.291355$ \\
eHccint & $0.125171$ & $-0.259907$ & $0.19694$ & $-0.0546446$ & $-0.0349805$ & $-0.115451$ & $-0.0749149$ & $0.16766$ & $0.16082$ & $-0.142321$ & $-0.120569$ & $-0.117992$ & $0.130343$ & $-0.139696$ & $-0.0871439$ & $-0.0110647$ & $-0.117016$ & $-0.0775601$ & $-0.109718$ & $0.115303$ & $0.109445$ & $0.0863195$ & $0.134359$ & $-0.164013$ & $-0.0722526$ & $-0.072331$ & $0.231872$ & $-0.0848748$ & $0.03157$ & $0.0556187$ & $0.09409$ & $-0.0399479$ & $0.0832087$ & $0.146943$ & $0.475299$ & $0.288384$ & $0.110949$ & $-0.245829$ & $0.234053$ & $0.0578505$ & $0.211168$ & $0.10248$ & $-0.121119$ & $0.0834648$ & $-0.353316$ & $1$ & $-0.12718$ & $-0.540733$ & $0.212981$ \\
eHccpar & $-0.187748$ & $-0.244971$ & $-0.701852$ & $0.0120255$ & $0.0121795$ & $0.0297856$ & $-0.0252617$ & $0.0807087$ & $0.0803586$ & $-0.0755431$ & $-0.0608082$ & $-0.0723674$ & $0.0901688$ & $-0.0532702$ & $-0.0273244$ & $-0.087497$ & $-0.0806074$ & $-0.0593422$ & $-0.00427878$ & $0.0675128$ & $0.0764916$ & $0.0890958$ & $0.00291966$ & $-0.0463063$ & $-0.0250987$ & $0.00194594$ & $0.160803$ & $0.04474$ & $0.00697736$ & $0.0162714$ & $0.17354$ & $-0.021828$ & $-0.0306506$ & $0.0259079$ & $-0.248652$ & $-0.238953$ & $0.0485679$ & $0.277743$ & $0.349729$ & $-0.10434$ & $-0.203422$ & $0.130702$ & $-0.043204$ & $-0.202911$ & $-0.216429$ & $-0.12718$ & $1$ & $0.25187$ & $-0.433988$ \\
eHbbint & $-0.112294$ & $0.30152$ & $-0.407655$ & $-0.0262257$ & $0.0715911$ & $0.0241814$ & $0.0707697$ & $-0.0164164$ & $-0.00790359$ & $0.0611212$ & $-0.010324$ & $0.069439$ & $-0.0603174$ & $0.07662$ & $0.045748$ & $0.00460873$ & $0.0281603$ & $0.017988$ & $0.0159353$ & $0.0207157$ & $0.0373174$ & $0.0197473$ & $0.0274187$ & $0.0466539$ & $-0.00170016$ & $-0.0973053$ & $-0.0947369$ & $0.0507356$ & $-0.0240664$ & $0.018281$ & $0.0283319$ & $0.0624274$ & $0.0572728$ & $-0.0168673$ & $-0.563161$ & $-0.417131$ & $-0.165075$ & $-0.125064$ & $-0.119479$ & $-0.111157$ & $-0.425376$ & $-0.0121081$ & $0.0776313$ & $-0.108998$ & $0.331792$ & $-0.540733$ & $0.25187$ & $1$ & $-0.119758$ \\
eHbbpar & $-0.0403354$ & $-0.0376963$ & $0.118242$ & $-0.162095$ & $-0.0183226$ & $-0.00157918$ & $0.0614801$ & $-0.103119$ & $-0.10086$ & $0.0737425$ & $0.0805886$ & $0.0900389$ & $-0.0870334$ & $0.0491616$ & $-0.0041905$ & $0.0683977$ & $0.0938778$ & $0.0847481$ & $0.0202388$ & $-0.0931931$ & $-0.0761331$ & $-0.0617211$ & $0.0175684$ & $0.0796977$ & $0.0413129$ & $-0.0415644$ & $-0.175541$ & $-0.0345316$ & $-0.010204$ & $0.0131057$ & $-0.0458554$ & $0.0818093$ & $0.199615$ & $-0.0515858$ & $0.26966$ & $0.174827$ & $-0.279296$ & $-0.151635$ & $-0.032807$ & $0.225272$ & $0.287643$ & $-0.225126$ & $0.00767819$ & $-0.127699$ & $0.291355$ & $0.212981$ & $-0.433988$ & $-0.119758$ & $1$ \\
