 & AlsMz & dAle5Mz & mtop & mHl & Mz & CW & CHG & CHWB & CHWHB_gaga & CHWHB_gagaorth & CHD & CHbox & CH & CHL1_11 & CHL1_22 & CHL1_33 & CHL3_11 & CHL3_22 & CHL3_33 & CHe_11 & CHe_22 & CHe_33 & CHQ1_11 & CHQ1_33 & CHQ3_11 & CHu_11 & CHd_11 & CHd_33 & CeH_22r & CeH_33r & CuH_22r & CuH_33r & CdH_33r & CLL_1221 & eHggint & eHggpar & eHWWint & eHWWpar & eHZZint & eHZZpar & eHZgaint & eHZgapar & eHgagaint & eHmumuint & eHtautauint & eHccint & eHccpar & eHbbint & eHbbpar \\
AlsMz & $1$ & $-0.0102144$ & $-0.000495656$ & $-0.0359981$ & $-0.0151139$ & $0.0147078$ & $0.0196844$ & $-0.0126424$ & $-0.016064$ & $0.0517063$ & $-0.00618509$ & $0.035031$ & $-0.0209802$ & $0.000597301$ & $-0.0192773$ & $-0.0246545$ & $0.0275189$ & $0.0259354$ & $0.0312934$ & $-0.00612395$ & $-0.0025899$ & $-0.00451037$ & $0.0103521$ & $-0.053217$ & $-0.118727$ & $-0.0493074$ & $-0.0366615$ & $-0.00134627$ & $-0.0101894$ & $0.0105891$ & $0.00640295$ & $0.0214933$ & $0.00467256$ & $0.0063593$ & $0.0857724$ & $-0.0425841$ & $-0.0510417$ & $-0.0195906$ & $0.00864782$ & $0.00293969$ & $0.00419962$ & $-0.0575911$ & $0.0383886$ & $0.0290769$ & $-0.00588412$ & $-0.00310922$ & $-0.0264463$ & $-0.0481004$ & $0.0372695$ \\
dAle5Mz & $-0.0102144$ & $1$ & $0.026479$ & $0.00476878$ & $-0.0182797$ & $0.0208893$ & $-0.0348601$ & $-0.0695783$ & $-0.0713206$ & $0.0464061$ & $0.0368904$ & $0.0231729$ & $-0.0220167$ & $0.00814241$ & $0.0152304$ & $0.00504102$ & $0.042796$ & $0.0179655$ & $0.0268468$ & $-0.00969041$ & $-0.01242$ & $-0.0102728$ & $-0.0369431$ & $0.0409694$ & $0.0315248$ & $0.0316643$ & $-0.0115513$ & $-0.0297849$ & $0.0223331$ & $-0.0137355$ & $0.02821$ & $-0.0433449$ & $-0.0276125$ & $0.00235468$ & $-0.00914222$ & $-0.00375169$ & $-0.00132161$ & $0.0335004$ & $0.000946714$ & $0.0709985$ & $-0.0628108$ & $-0.0281976$ & $-0.0484899$ & $-0.0457345$ & $-0.0390185$ & $0.0464335$ & $0.00283693$ & $-0.00402818$ & $-0.0127288$ \\
mtop & $-0.000495656$ & $0.026479$ & $1$ & $0.025036$ & $-0.0175353$ & $-0.0166565$ & $-0.00673229$ & $0.0280117$ & $0.0258314$ & $-0.0114006$ & $-0.016104$ & $-0.0202464$ & $0.0257601$ & $0.00657016$ & $-0.0338785$ & $-0.0270681$ & $-0.00112079$ & $0.015044$ & $0.0140431$ & $0.0200179$ & $0.0315734$ & $0.0357637$ & $0.0294026$ & $-0.0213443$ & $0.00915151$ & $-0.0274096$ & $0.0512095$ & $-0.00213315$ & $-0.0203976$ & $-0.0094547$ & $0.0105823$ & $-0.0075372$ & $0.0486942$ & $0.0541484$ & $-0.0262963$ & $0.0205125$ & $0.0215451$ & $-0.00291808$ & $-0.0377415$ & $-0.0188572$ & $-0.010667$ & $0.000901576$ & $-0.00753235$ & $0.00175119$ & $-0.0143958$ & $0.0385405$ & $-0.0160952$ & $0.0155742$ & $0.0685135$ \\
mHl & $-0.0359981$ & $0.00476878$ & $0.025036$ & $1$ & $-0.0106802$ & $-0.020377$ & $-0.0192476$ & $-0.0345153$ & $-0.0352101$ & $0.0124537$ & $0.0433678$ & $0.0165466$ & $-0.00597541$ & $-0.0211604$ & $-0.0484998$ & $-0.0534285$ & $-0.0194078$ & $0.0136752$ & $0.0179035$ & $-0.0473186$ & $-0.0381151$ & $-0.0370791$ & $-0.0381737$ & $0.000811511$ & $0.00305245$ & $0.0635589$ & $0.00582106$ & $0.0069575$ & $-0.0381837$ & $0.0337302$ & $0.0116826$ & $-0.0205701$ & $0.0178999$ & $0.00836214$ & $-0.0133141$ & $0.0122912$ & $0.00393064$ & $-0.00157754$ & $-0.0270902$ & $-0.000920687$ & $0.0387518$ & $0.0101582$ & $0.0077005$ & $0.0362554$ & $0.00206191$ & $-0.00776449$ & $0.023154$ & $0.0148538$ & $0.00721592$ \\
Mz & $-0.0151139$ & $-0.0182797$ & $-0.0175353$ & $-0.0106802$ & $1$ & $0.0078957$ & $-0.0348418$ & $0.0171107$ & $0.0131629$ & $0.00310258$ & $-0.00932669$ & $0.0184892$ & $0.00182319$ & $0.0100671$ & $0.0288918$ & $0.0109165$ & $-0.00363855$ & $-0.0211047$ & $-0.00852367$ & $0.0173765$ & $0.0145528$ & $0.0194046$ & $-0.0250114$ & $-0.00995548$ & $-0.0254079$ & $-0.00382939$ & $-0.0296787$ & $-0.00552634$ & $0.0187774$ & $0.0259942$ & $-0.00801035$ & $-0.0276383$ & $0.00651131$ & $-0.0161628$ & $-0.0108381$ & $0.00943819$ & $0.00447039$ & $-0.00996323$ & $-0.0244235$ & $0.0136995$ & $0.0241683$ & $-0.00134083$ & $-0.0096879$ & $0.000405664$ & $0.00823634$ & $-0.0123209$ & $-0.0147004$ & $-0.0236929$ & $-0.0205952$ \\
CW & $0.0147078$ & $0.0208893$ & $-0.0166565$ & $-0.020377$ & $0.0078957$ & $1$ & $0.0353904$ & $-0.129516$ & $-0.118499$ & $0.00104867$ & $0.183852$ & $0.0324907$ & $-0.00467161$ & $0.0287781$ & $-0.0668354$ & $-0.0779557$ & $-0.260294$ & $-0.051391$ & $-0.0481124$ & $-0.177389$ & $-0.187061$ & $-0.188108$ & $0.00616943$ & $0.0172392$ & $-0.0975006$ & $0.094874$ & $-0.0981572$ & $-0.0727529$ & $0.0273966$ & $-0.0347379$ & $-0.0221709$ & $0.0253634$ & $-0.0104615$ & $-0.137606$ & $-0.0318693$ & $-0.0269788$ & $0.00500056$ & $0.0197597$ & $-0.0182986$ & $-0.0219282$ & $0.019282$ & $0.00653834$ & $0.0101188$ & $0.00536029$ & $0.0304814$ & $-0.0346933$ & $-0.0197626$ & $-0.00916484$ & $-0.000970554$ \\
CHG & $0.0196844$ & $-0.0348601$ & $-0.00673229$ & $-0.0192476$ & $-0.0348418$ & $0.0353904$ & $1$ & $-0.116482$ & $-0.0649943$ & $0.0924718$ & $0.0665519$ & $-0.0375804$ & $-0.297747$ & $0.0737565$ & $-0.0206149$ & $-0.0270146$ & $0.0940571$ & $0.108306$ & $0.113327$ & $-0.0635722$ & $-0.0708689$ & $-0.0677215$ & $-0.0194042$ & $0.113152$ & $0.10619$ & $0.0499047$ & $-0.0526424$ & $-0.0300488$ & $-0.0160955$ & $-0.112036$ & $-0.0596367$ & $0.938532$ & $-0.151845$ & $-0.0811432$ & $-0.0203573$ & $0.0115857$ & $-0.00337883$ & $0.0185658$ & $0.0164149$ & $-0.0181727$ & $-0.0262321$ & $0.0324537$ & $0.00831886$ & $-0.00250225$ & $0.00152401$ & $-0.0307087$ & $-0.0164031$ & $0.0115992$ & $-0.0227533$ \\
CHWB & $-0.0126424$ & $-0.0695783$ & $0.0280117$ & $-0.0345153$ & $0.0171107$ & $-0.129516$ & $-0.116482$ & $1$ & $0.981994$ & $-0.562711$ & $-0.879065$ & $-0.229076$ & $0.346879$ & $0.0941906$ & $0.307662$ & $0.311041$ & $-0.224293$ & $-0.425111$ & $-0.434676$ & $0.850294$ & $0.89505$ & $0.880073$ & $0.055329$ & $-0.66617$ & $-0.385199$ & $-0.502002$ & $0.419293$ & $0.297429$ & $0.0203305$ & $0.103715$ & $0.0624536$ & $-0.107614$ & $0.117418$ & $0.55052$ & $-0.0174538$ & $0.00730082$ & $-0.0133403$ & $-0.0130905$ & $0.00738566$ & $-0.011428$ & $0.0521147$ & $0.0406229$ & $0.0152065$ & $0.011648$ & $-0.00343936$ & $-0.0147425$ & $0.00435583$ & $0.0222671$ & $-0.00156692$ \\
CHWHB_gaga & $-0.016064$ & $-0.0713206$ & $0.0258314$ & $-0.0352101$ & $0.0131629$ & $-0.118499$ & $-0.0649943$ & $0.981994$ & $1$ & $-0.558289$ & $-0.860765$ & $-0.216122$ & $0.340012$ & $0.0880668$ & $0.302844$ & $0.306805$ & $-0.227198$ & $-0.422001$ & $-0.433312$ & $0.833054$ & $0.875996$ & $0.861692$ & $0.0580497$ & $-0.656123$ & $-0.381082$ & $-0.491534$ & $0.412927$ & $0.292264$ & $0.0236896$ & $0.128801$ & $0.0717666$ & $-0.0643255$ & $0.138701$ & $0.539254$ & $-0.0424172$ & $0.000445589$ & $-0.0277005$ & $-0.0118799$ & $0.00566697$ & $-0.0125695$ & $0.0525099$ & $0.047289$ & $0.0876657$ & $0.0207159$ & $0.00163119$ & $-0.0179222$ & $0.00293756$ & $0.0171883$ & $0.00139496$ \\
CHWHB_gagaorth & $0.0517063$ & $0.0464061$ & $-0.0114006$ & $0.0124537$ & $0.00310258$ & $0.00104867$ & $0.0924718$ & $-0.562711$ & $-0.558289$ & $1$ & $0.343817$ & $0.6103$ & $-0.249967$ & $0.234426$ & $-0.117776$ & $-0.136388$ & $0.434882$ & $0.478146$ & $0.493025$ & $-0.32961$ & $-0.358447$ & $-0.361919$ & $-0.034188$ & $0.54371$ & $0.466651$ & $0.200756$ & $-0.228797$ & $-0.128471$ & $-0.00960027$ & $-0.112898$ & $-0.07208$ & $0.109658$ & $-0.139101$ & $-0.346447$ & $0.0836324$ & $-0.00435125$ & $0.0278961$ & $0.00604966$ & $0.0243682$ & $0.0286573$ & $-0.115045$ & $-0.0259599$ & $-0.0382002$ & $-0.0236863$ & $-0.0336385$ & $-0.00500038$ & $-0.0176763$ & $-0.0201869$ & $-0.00343383$ \\
CHD & $-0.00618509$ & $0.0368904$ & $-0.016104$ & $0.0433678$ & $-0.00932669$ & $0.183852$ & $0.0665519$ & $-0.879065$ & $-0.860765$ & $0.343817$ & $1$ & $0.268578$ & $-0.161341$ & $-0.5099$ & $-0.427032$ & $-0.425641$ & $-0.231309$ & $0.0599506$ & $0.0669895$ & $-0.990538$ & $-0.99118$ & $-0.969942$ & $-0.00486029$ & $0.30096$ & $0.00437322$ & $0.549036$ & $-0.297803$ & $-0.337406$ & $-0.00159135$ & $-0.0693724$ & $-0.0404049$ & $0.0702929$ & $-0.0763217$ & $-0.356854$ & $0.0265117$ & $-0.00662852$ & $-0.00876551$ & $0.0222936$ & $-0.011476$ & $0.0143695$ & $-0.026158$ & $-0.0449834$ & $-0.0125426$ & $-0.00497828$ & $0.0289827$ & $0.0233858$ & $0.0105457$ & $-0.0334034$ & $-0.00974663$ \\
CHbox & $0.035031$ & $0.0231729$ & $-0.0202464$ & $0.0165466$ & $0.0184892$ & $0.0324907$ & $-0.0375804$ & $-0.229076$ & $-0.216122$ & $0.6103$ & $0.268578$ & $1$ & $0.124861$ & $-0.178445$ & $-0.0134956$ & $-0.0406081$ & $-0.0955384$ & $-0.0663425$ & $-0.0478936$ & $-0.2468$ & $-0.277638$ & $-0.277537$ & $-0.0137262$ & $0.074325$ & $-0.0616288$ & $0.148343$ & $-0.159044$ & $-0.0982527$ & $0.0195979$ & $0.221413$ & $0.030713$ & $0.0528761$ & $0.215699$ & $-0.178063$ & $0.143233$ & $0.0344418$ & $-0.00902559$ & $0.00810573$ & $0.0104843$ & $0.0306244$ & $-0.100471$ & $-0.0294505$ & $-0.0483957$ & $0.00422382$ & $-0.0237544$ & $-0.000202813$ & $-0.00483926$ & $-0.0299755$ & $-0.0289086$ \\
CH & $-0.0209802$ & $-0.0220167$ & $0.0257601$ & $-0.00597541$ & $0.00182319$ & $-0.00467161$ & $-0.297747$ & $0.346879$ & $0.340012$ & $-0.249967$ & $-0.161341$ & $0.124861$ & $1$ & $-0.25695$ & $0.0719496$ & $0.087841$ & $-0.368631$ & $-0.388084$ & $-0.401424$ & $0.157474$ & $0.170657$ & $0.16972$ & $0.0242297$ & $-0.395136$ & $-0.390415$ & $-0.100561$ & $0.115403$ & $0.0538181$ & $0.054162$ & $0.263039$ & $0.0998559$ & $-0.243899$ & $0.3057$ & $0.214344$ & $0.0272224$ & $0.00734587$ & $-0.015434$ & $0.00359027$ & $0.00545187$ & $0.00397629$ & $0.021162$ & $0.00947391$ & $0.00152236$ & $0.00779519$ & $0.027763$ & $-0.0266728$ & $0.00181685$ & $-0.0242373$ & $0.0158623$ \\
CHL1_11 & $0.000597301$ & $0.00814241$ & $0.00657016$ & $-0.0211604$ & $0.0100671$ & $0.0287781$ & $0.0737565$ & $0.0941906$ & $0.0880668$ & $0.234426$ & $-0.5099$ & $-0.178445$ & $-0.25695$ & $1$ & $0.267235$ & $0.245338$ & $0.666186$ & $0.597925$ & $0.607797$ & $0.528214$ & $0.472794$ & $0.453095$ & $-0.059274$ & $0.477676$ & $0.615532$ & $-0.258751$ & $-0.0705104$ & $0.168585$ & $-0.0203921$ & $-0.0425712$ & $-0.025341$ & $0.0496697$ & $-0.0432802$ & $-0.215983$ & $-0.0259614$ & $-0.00907734$ & $0.0534483$ & $-0.0190313$ & $-0.00966165$ & $-0.0101991$ & $-0.0302406$ & $0.0272152$ & $0.0114345$ & $-0.015769$ & $-0.0400145$ & $-0.0293301$ & $-0.020239$ & $0.0426513$ & $0.0321939$ \\
CHL1_22 & $-0.0192773$ & $0.0152304$ & $-0.0338785$ & $-0.0484998$ & $0.0288918$ & $-0.0668354$ & $-0.0206149$ & $0.307662$ & $0.302844$ & $-0.117776$ & $-0.427032$ & $-0.0134956$ & $0.0719496$ & $0.267235$ & $1$ & $0.428324$ & $0.155542$ & $-0.460153$ & $-0.0349677$ & $0.489575$ & $0.345084$ & $0.336571$ & $-0.165268$ & $0.100707$ & $-0.139879$ & $-0.192023$ & $-0.392462$ & $0.124167$ & $0.0394317$ & $0.0733974$ & $-0.00242779$ & $-0.0121264$ & $0.0587697$ & $-0.594411$ & $-0.0267784$ & $0.00188326$ & $-0.00330831$ & $0.00023848$ & $0.0115318$ & $0.0190218$ & $0.00153568$ & $0.0190296$ & $-0.00515016$ & $-0.00639018$ & $-0.00801206$ & $-0.0148953$ & $-0.0267093$ & $0.0186275$ & $-0.00168521$ \\
CHL1_33 & $-0.0246545$ & $0.00504102$ & $-0.0270681$ & $-0.0534285$ & $0.0109165$ & $-0.0779557$ & $-0.0270146$ & $0.311041$ & $0.306805$ & $-0.136388$ & $-0.425641$ & $-0.0406081$ & $0.087841$ & $0.245338$ & $0.428324$ & $1$ & $0.160839$ & $-0.028244$ & $-0.444275$ & $0.489392$ & $0.348202$ & $0.373071$ & $-0.173959$ & $0.0881214$ & $-0.118456$ & $-0.183149$ & $-0.355839$ & $0.118368$ & $0.00180641$ & $0.0370814$ & $0.0286194$ & $-0.0211096$ & $0.0426926$ & $-0.071871$ & $-0.00809326$ & $-0.00340465$ & $0.0323639$ & $0.000727047$ & $-0.00326081$ & $0.000140524$ & $-0.000670735$ & $0.000138064$ & $0.0109566$ & $-0.00527742$ & $0.000326183$ & $-0.00256059$ & $-0.000754668$ & $0.00203884$ & $0.010354$ \\
CHL3_11 & $0.0275189$ & $0.042796$ & $-0.00112079$ & $-0.0194078$ & $-0.00363855$ & $-0.260294$ & $0.0940571$ & $-0.224293$ & $-0.227198$ & $0.434882$ & $-0.231309$ & $-0.0955384$ & $-0.368631$ & $0.666186$ & $0.155542$ & $0.160839$ & $1$ & $0.733886$ & $0.731158$ & $0.254048$ & $0.202055$ & $0.191062$ & $-0.0696029$ & $0.666527$ & $0.770983$ & $-0.0966422$ & $-0.137197$ & $0.085786$ & $-0.0480809$ & $-0.071193$ & $-0.0399857$ & $0.0708948$ & $-0.0844887$ & $-0.231234$ & $-0.021792$ & $0.0123103$ & $0.037519$ & $-0.0258465$ & $0.0224326$ & $-0.00389497$ & $-0.0424969$ & $0.00727319$ & $-0.015543$ & $-0.00901846$ & $-0.0556655$ & $-0.00896689$ & $-0.0272557$ & $0.0129354$ & $0.0170093$ \\
CHL3_22 & $0.0259354$ & $0.0179655$ & $0.015044$ & $0.0136752$ & $-0.0211047$ & $-0.051391$ & $0.108306$ & $-0.425111$ & $-0.422001$ & $0.478146$ & $0.0599506$ & $-0.0663425$ & $-0.388084$ & $0.597925$ & $-0.460153$ & $-0.028244$ & $0.733886$ & $1$ & $0.673513$ & $-0.0616061$ & $-0.0520963$ & $-0.0550208$ & $0.0125216$ & $0.612296$ & $0.795775$ & $0.04035$ & $0.0254235$ & $-0.006428$ & $-0.062869$ & $-0.114782$ & $-0.0376465$ & $0.0794045$ & $-0.113079$ & $0.0557187$ & $-0.00310511$ & $-0.0031083$ & $0.0492422$ & $-0.0168475$ & $-0.0056753$ & $-0.0178588$ & $-0.0461182$ & $-0.00244984$ & $0.00357474$ & $-0.00854293$ & $-0.0408985$ & $-0.00619145$ & $-0.00685244$ & $0.00624808$ & $0.0263489$ \\
CHL3_33 & $0.0312934$ & $0.0268468$ & $0.0140431$ & $0.0179035$ & $-0.00852367$ & $-0.0481124$ & $0.113327$ & $-0.434676$ & $-0.433312$ & $0.493025$ & $0.0669895$ & $-0.0478936$ & $-0.401424$ & $0.607797$ & $-0.0349677$ & $-0.444275$ & $0.731158$ & $0.673513$ & $1$ & $-0.0700453$ & $-0.0606724$ & $-0.0677748$ & $0.0226303$ & $0.626083$ & $0.784699$ & $0.0363922$ & $0.00427314$ & $-0.00153808$ & $-0.0347916$ & $-0.0888427$ & $-0.0679914$ & $0.0870422$ & $-0.100779$ & $-0.340319$ & $-0.0157808$ & $0.0049378$ & $0.0248696$ & $-0.0202144$ & $0.00581356$ & $-0.00403503$ & $-0.0438774$ & $0.0115984$ & $-0.0136029$ & $-0.0115286$ & $-0.0471087$ & $-0.0127543$ & $-0.0234127$ & $0.0130104$ & $0.0226924$ \\
CHe_11 & $-0.00612395$ & $-0.00969041$ & $0.0200179$ & $-0.0473186$ & $0.0173765$ & $-0.177389$ & $-0.0635722$ & $0.850294$ & $0.833054$ & $-0.32961$ & $-0.990538$ & $-0.2468$ & $0.157474$ & $0.528214$ & $0.489575$ & $0.489392$ & $0.254048$ & $-0.0616061$ & $-0.0700453$ & $1$ & $0.973475$ & $0.953212$ & $-0.0201525$ & $-0.246818$ & $0.00279127$ & $-0.537484$ & $0.223581$ & $0.333411$ & $0.001955$ & $0.0726164$ & $0.0397625$ & $-0.0665583$ & $0.0777987$ & $0.280754$ & $-0.0282811$ & $0.005096$ & $0.0105735$ & $-0.0177131$ & $0.00693346$ & $-0.0131447$ & $0.0223413$ & $0.0457522$ & $0.0120494$ & $0.00285275$ & $-0.0294578$ & $-0.0233134$ & $-0.0126293$ & $0.0300785$ & $0.00953643$ \\
CHe_22 & $-0.0025899$ & $-0.01242$ & $0.0315734$ & $-0.0381151$ & $0.0145528$ & $-0.187061$ & $-0.0708689$ & $0.89505$ & $0.875996$ & $-0.358447$ & $-0.99118$ & $-0.277638$ & $0.170657$ & $0.472794$ & $0.345084$ & $0.348202$ & $0.202055$ & $-0.0520963$ & $-0.0606724$ & $0.973475$ & $1$ & $0.974912$ & $0.0303667$ & $-0.354232$ & $-0.00817902$ & $-0.552022$ & $0.376154$ & $0.33661$ & $-0.000806152$ & $0.0676058$ & $0.0433032$ & $-0.074432$ & $0.0753367$ & $0.442289$ & $-0.0242036$ & $0.00633341$ & $0.0079909$ & $-0.0220705$ & $0.00935583$ & $-0.0137995$ & $0.0282634$ & $0.0443073$ & $0.00913946$ & $0.00412813$ & $-0.0300943$ & $-0.0218185$ & $-0.00740178$ & $0.0323801$ & $0.00734307$ \\
CHe_33 & $-0.00451037$ & $-0.0102728$ & $0.0357637$ & $-0.0370791$ & $0.0194046$ & $-0.188108$ & $-0.0677215$ & $0.880073$ & $0.861692$ & $-0.361919$ & $-0.969942$ & $-0.277537$ & $0.16972$ & $0.453095$ & $0.336571$ & $0.373071$ & $0.191062$ & $-0.0550208$ & $-0.0677748$ & $0.953212$ & $0.974912$ & $1$ & $0.0345247$ & $-0.35079$ & $-0.0161605$ & $-0.544066$ & $0.366562$ & $0.332931$ & $-0.00160521$ & $0.05899$ & $0.0408887$ & $-0.071565$ & $0.0739537$ & $0.441203$ & $-0.0275663$ & $0.00388995$ & $0.0221285$ & $-0.0203845$ & $0.00973317$ & $-0.0129725$ & $0.0286626$ & $0.0438294$ & $0.010321$ & $0.000734051$ & $-0.0339395$ & $-0.0179081$ & $-0.00488292$ & $0.0203739$ & $0.0177334$ \\
CHQ1_11 & $0.0103521$ & $-0.0369431$ & $0.0294026$ & $-0.0381737$ & $-0.0250114$ & $0.00616943$ & $-0.0194042$ & $0.055329$ & $0.0580497$ & $-0.034188$ & $-0.00486029$ & $-0.0137262$ & $0.0242297$ & $-0.059274$ & $-0.165268$ & $-0.173959$ & $-0.0696029$ & $0.0125216$ & $0.0226303$ & $-0.0201525$ & $0.0303667$ & $0.0345247$ & $1$ & $-0.131874$ & $0.0751885$ & $-0.687137$ & $0.319751$ & $0.0126669$ & $0.0054317$ & $-0.00500035$ & $-0.00395176$ & $-0.0203777$ & $0.0129443$ & $0.179674$ & $-0.00743694$ & $-0.0350072$ & $-0.0139979$ & $-0.0076643$ & $0.0115449$ & $-0.0113352$ & $-0.0235873$ & $0.0154369$ & $0.0458939$ & $0.0214836$ & $-0.0354399$ & $-0.0166525$ & $0.0267209$ & $-0.00435786$ & $0.0158166$ \\
CHQ1_33 & $-0.053217$ & $0.0409694$ & $-0.0213443$ & $0.000811511$ & $-0.00995548$ & $0.0172392$ & $0.113152$ & $-0.66617$ & $-0.656123$ & $0.54371$ & $0.30096$ & $0.074325$ & $-0.395136$ & $0.477676$ & $0.100707$ & $0.0881214$ & $0.666527$ & $0.612296$ & $0.626083$ & $-0.246818$ & $-0.354232$ & $-0.35079$ & $-0.131874$ & $1$ & $0.640101$ & $0.218933$ & $-0.40338$ & $-0.00974605$ & $-0.0338194$ & $-0.0934812$ & $-0.0611705$ & $0.0946551$ & $-0.111985$ & $-0.623255$ & $0.00431533$ & $-0.0088356$ & $0.0578729$ & $-0.00167145$ & $-0.00475617$ & $0.017591$ & $-0.0638981$ & $-0.0360203$ & $-0.00949799$ & $-0.0150125$ & $-0.0219689$ & $0.00319012$ & $-0.0265554$ & $0.00195811$ & $0.0131842$ \\
CHQ3_11 & $-0.118727$ & $0.0315248$ & $0.00915151$ & $0.00305245$ & $-0.0254079$ & $-0.0975006$ & $0.10619$ & $-0.385199$ & $-0.381082$ & $0.466651$ & $0.00437322$ & $-0.0616288$ & $-0.390415$ & $0.615532$ & $-0.139879$ & $-0.118456$ & $0.770983$ & $0.795775$ & $0.784699$ & $0.00279127$ & $-0.00817902$ & $-0.0161605$ & $0.0751885$ & $0.640101$ & $1$ & $0.0297745$ & $0.228369$ & $0.0295757$ & $-0.0459358$ & $-0.113946$ & $-0.0425317$ & $0.0722946$ & $-0.114105$ & $-0.181583$ & $-0.0493953$ & $-0.00502324$ & $0.0527003$ & $-0.0139775$ & $0.0104703$ & $-0.0179324$ & $-0.0506462$ & $0.00677356$ & $3.55258e-05$ & $-0.0121048$ & $-0.0607238$ & $-0.0121458$ & $0.00614$ & $0.0290019$ & $0.00849364$ \\
CHu_11 & $-0.0493074$ & $0.0316643$ & $-0.0274096$ & $0.0635589$ & $-0.00382939$ & $0.094874$ & $0.0499047$ & $-0.502002$ & $-0.491534$ & $0.200756$ & $0.549036$ & $0.148343$ & $-0.100561$ & $-0.258751$ & $-0.192023$ & $-0.183149$ & $-0.0966422$ & $0.04035$ & $0.0363922$ & $-0.537484$ & $-0.552022$ & $-0.544066$ & $-0.687137$ & $0.218933$ & $0.0297745$ & $1$ & $-0.167292$ & $-0.205994$ & $-0.00994196$ & $-0.0468389$ & $-0.00681606$ & $0.0499429$ & $-0.0451661$ & $-0.245568$ & $0.00677342$ & $0.0213944$ & $0.0114427$ & $0.0126967$ & $-0.0047757$ & $0.0137679$ & $-0.00873463$ & $-0.0472261$ & $-0.0356535$ & $-0.0067523$ & $0.022406$ & $0.0234144$ & $-0.0198678$ & $-0.00695298$ & $-0.0144125$ \\
CHd_11 & $-0.0366615$ & $-0.0115513$ & $0.0512095$ & $0.00582106$ & $-0.0296787$ & $-0.0981572$ & $-0.0526424$ & $0.419293$ & $0.412927$ & $-0.228797$ & $-0.297803$ & $-0.159044$ & $0.115403$ & $-0.0705104$ & $-0.392462$ & $-0.355839$ & $-0.137197$ & $0.0254235$ & $0.00427314$ & $0.223581$ & $0.376154$ & $0.366562$ & $0.319751$ & $-0.40338$ & $0.228369$ & $-0.167292$ & $1$ & $0.123864$ & $-0.012715$ & $-0.0132921$ & $0.0393955$ & $-0.0663081$ & $0.0119263$ & $0.679394$ & $-0.0323365$ & $-0.00723783$ & $0.00276614$ & $-0.0166007$ & $0.0172386$ & $-0.0158153$ & $0.0138741$ & $0.00637512$ & $0.0173585$ & $0.0162054$ & $-0.0365693$ & $-0.00314051$ & $0.0353337$ & $0.020621$ & $-0.00768823$ \\
CHd_33 & $-0.00134627$ & $-0.0297849$ & $-0.00213315$ & $0.0069575$ & $-0.00552634$ & $-0.0727529$ & $-0.0300488$ & $0.297429$ & $0.292264$ & $-0.128471$ & $-0.337406$ & $-0.0982527$ & $0.0538181$ & $0.168585$ & $0.124167$ & $0.118368$ & $0.085786$ & $-0.006428$ & $-0.00153808$ & $0.333411$ & $0.33661$ & $0.332931$ & $0.0126669$ & $-0.00974605$ & $0.0295757$ & $-0.205994$ & $0.123864$ & $1$ & $-0.0288313$ & $0.0343837$ & $-0.00155088$ & $-0.0299362$ & $0.0137831$ & $0.139506$ & $-0.030526$ & $0.0122115$ & $0.00328823$ & $0.0210011$ & $0.0124285$ & $-0.00431367$ & $0.0226933$ & $-0.0115354$ & $0.0336375$ & $-0.00637986$ & $-0.0248386$ & $0.00695191$ & $-0.00915777$ & $-0.00518558$ & $-0.025529$ \\
CeH_22r & $-0.0101894$ & $0.0223331$ & $-0.0203976$ & $-0.0381837$ & $0.0187774$ & $0.0273966$ & $-0.0160955$ & $0.0203305$ & $0.0236896$ & $-0.00960027$ & $-0.00159135$ & $0.0195979$ & $0.054162$ & $-0.0203921$ & $0.0394317$ & $0.00180641$ & $-0.0480809$ & $-0.062869$ & $-0.0347916$ & $0.001955$ & $-0.000806152$ & $-0.00160521$ & $0.0054317$ & $-0.0338194$ & $-0.0459358$ & $-0.00994196$ & $-0.012715$ & $-0.0288313$ & $1$ & $0.0576142$ & $-0.0112651$ & $-0.0280099$ & $0.0674565$ & $-0.0209704$ & $-0.0182986$ & $-0.0186542$ & $-0.0943058$ & $-0.000817648$ & $-0.0190932$ & $-0.00592001$ & $0.0212258$ & $0.0128685$ & $-0.043411$ & $0.0512097$ & $0.0108905$ & $-0.0308148$ & $-4.08592e-05$ & $0.00782974$ & $0.0330067$ \\
CeH_33r & $0.0105891$ & $-0.0137355$ & $-0.0094547$ & $0.0337302$ & $0.0259942$ & $-0.0347379$ & $-0.112036$ & $0.103715$ & $0.128801$ & $-0.112898$ & $-0.0693724$ & $0.221413$ & $0.263039$ & $-0.0425712$ & $0.0733974$ & $0.0370814$ & $-0.071193$ & $-0.114782$ & $-0.0888427$ & $0.0726164$ & $0.0676058$ & $0.05899$ & $-0.00500035$ & $-0.0934812$ & $-0.113946$ & $-0.0468389$ & $-0.0132921$ & $0.0343837$ & $0.0576142$ & $1$ & $0.279209$ & $0.0332786$ & $0.64106$ & $0.019404$ & $-0.0697782$ & $-0.0100927$ & $-0.162108$ & $-0.0169988$ & $0.0143829$ & $0.0078073$ & $-0.016542$ & $-0.00234317$ & $-0.00329406$ & $0.0264395$ & $0.0940877$ & $-0.0155348$ & $0.0128578$ & $-0.0119153$ & $0.0315461$ \\
CuH_22r & $0.00640295$ & $0.02821$ & $0.0105823$ & $0.0116826$ & $-0.00801035$ & $-0.0221709$ & $-0.0596367$ & $0.0624536$ & $0.0717666$ & $-0.07208$ & $-0.0404049$ & $0.030713$ & $0.0998559$ & $-0.025341$ & $-0.00242779$ & $0.0286194$ & $-0.0399857$ & $-0.0376465$ & $-0.0679914$ & $0.0397625$ & $0.0433032$ & $0.0408887$ & $-0.00395176$ & $-0.0611705$ & $-0.0425317$ & $-0.00681606$ & $0.0393955$ & $-0.00155088$ & $-0.0112651$ & $0.279209$ & $1$ & $0.0269601$ & $0.321273$ & $0.0578693$ & $-0.056241$ & $0.0168059$ & $-0.0729257$ & $-0.0110436$ & $-0.0430228$ & $0.0274883$ & $0.0703357$ & $-0.0310662$ & $-0.0322529$ & $-0.000173234$ & $0.00423069$ & $0.0823282$ & $0.40679$ & $0.0131134$ & $0.0144397$ \\
CuH_33r & $0.0214933$ & $-0.0433449$ & $-0.0075372$ & $-0.0205701$ & $-0.0276383$ & $0.0253634$ & $0.938532$ & $-0.107614$ & $-0.0643255$ & $0.109658$ & $0.0702929$ & $0.0528761$ & $-0.243899$ & $0.0496697$ & $-0.0121264$ & $-0.0211096$ & $0.0708948$ & $0.0794045$ & $0.0870422$ & $-0.0665583$ & $-0.074432$ & $-0.071565$ & $-0.0203777$ & $0.0946551$ & $0.0722946$ & $0.0499429$ & $-0.0663081$ & $-0.0299362$ & $-0.0280099$ & $0.0332786$ & $0.0269601$ & $1$ & $0.0202126$ & $-0.0812602$ & $0.0580628$ & $0.0495897$ & $-0.0333958$ & $0.0106473$ & $0.0312022$ & $-0.00141514$ & $-0.0210851$ & $0.0138164$ & $0.00319454$ & $-0.00314846$ & $0.0098969$ & $-0.0352893$ & $-0.0151478$ & $0.0179988$ & $-0.00838393$ \\
CdH_33r & $0.00467256$ & $-0.0276125$ & $0.0486942$ & $0.0178999$ & $0.00651131$ & $-0.0104615$ & $-0.151845$ & $0.117418$ & $0.138701$ & $-0.139101$ & $-0.0763217$ & $0.215699$ & $0.3057$ & $-0.0432802$ & $0.0587697$ & $0.0426926$ & $-0.0844887$ & $-0.113079$ & $-0.100779$ & $0.0777987$ & $0.0753367$ & $0.0739537$ & $0.0129443$ & $-0.111985$ & $-0.114105$ & $-0.0451661$ & $0.0119263$ & $0.0137831$ & $0.0674565$ & $0.64106$ & $0.321273$ & $0.0202126$ & $1$ & $0.042512$ & $-0.0858783$ & $0.00440918$ & $-0.210215$ & $-0.0595124$ & $-0.0331128$ & $-0.000221312$ & $-0.00414099$ & $-0.000600691$ & $-0.0159226$ & $0.0336868$ & $0.0487432$ & $-0.0390446$ & $0.022254$ & $0.130256$ & $0.517638$ \\
CLL_1221 & $0.0063593$ & $0.00235468$ & $0.0541484$ & $0.00836214$ & $-0.0161628$ & $-0.137606$ & $-0.0811432$ & $0.55052$ & $0.539254$ & $-0.346447$ & $-0.356854$ & $-0.178063$ & $0.214344$ & $-0.215983$ & $-0.594411$ & $-0.071871$ & $-0.231234$ & $0.0557187$ & $-0.340319$ & $0.280754$ & $0.442289$ & $0.441203$ & $0.179674$ & $-0.623255$ & $-0.181583$ & $-0.245568$ & $0.679394$ & $0.139506$ & $-0.0209704$ & $0.019404$ & $0.0578693$ & $-0.0812602$ & $0.042512$ & $1$ & $0.00327313$ & $0.0108057$ & $-0.00921451$ & $-0.0128856$ & $0.00433138$ & $-0.0151454$ & $0.0375653$ & $0.0131457$ & $0.0103457$ & $0.0130494$ & $-0.00489579$ & $0.00896168$ & $0.0286264$ & $-0.00377155$ & $-0.00116822$ \\
eHggint & $0.0857724$ & $-0.00914222$ & $-0.0262963$ & $-0.0133141$ & $-0.0108381$ & $-0.0318693$ & $-0.0203573$ & $-0.0174538$ & $-0.0424172$ & $0.0836324$ & $0.0265117$ & $0.143233$ & $0.0272224$ & $-0.0259614$ & $-0.0267784$ & $-0.00809326$ & $-0.021792$ & $-0.00310511$ & $-0.0157808$ & $-0.0282811$ & $-0.0242036$ & $-0.0275663$ & $-0.00743694$ & $0.00431533$ & $-0.0493953$ & $0.00677342$ & $-0.0323365$ & $-0.030526$ & $-0.0182986$ & $-0.0697782$ & $-0.056241$ & $0.0580628$ & $-0.0858783$ & $0.00327313$ & $1$ & $-0.0602537$ & $0.0277708$ & $-0.00254283$ & $0.0130887$ & $0.0251408$ & $0.0321016$ & $-0.0189415$ & $-0.038151$ & $0.00891305$ & $0.00188451$ & $-0.013459$ & $-0.0426902$ & $-0.00142143$ & $-0.0553085$ \\
eHggpar & $-0.0425841$ & $-0.00375169$ & $0.0205125$ & $0.0122912$ & $0.00943819$ & $-0.0269788$ & $0.0115857$ & $0.00730082$ & $0.000445589$ & $-0.00435125$ & $-0.00662852$ & $0.0344418$ & $0.00734587$ & $-0.00907734$ & $0.00188326$ & $-0.00340465$ & $0.0123103$ & $-0.0031083$ & $0.0049378$ & $0.005096$ & $0.00633341$ & $0.00388995$ & $-0.0350072$ & $-0.0088356$ & $-0.00502324$ & $0.0213944$ & $-0.00723783$ & $0.0122115$ & $-0.0186542$ & $-0.0100927$ & $0.0168059$ & $0.0495897$ & $0.00440918$ & $0.0108057$ & $-0.0602537$ & $1$ & $-0.0321158$ & $-0.0125$ & $-0.0419096$ & $0.00849267$ & $0.0414486$ & $-0.022224$ & $0.0277386$ & $-0.000305085$ & $-0.0251663$ & $0.0387604$ & $-0.017429$ & $0.073383$ & $-0.0161312$ \\
eHWWint & $-0.0510417$ & $-0.00132161$ & $0.0215451$ & $0.00393064$ & $0.00447039$ & $0.00500056$ & $-0.00337883$ & $-0.0133403$ & $-0.0277005$ & $0.0278961$ & $-0.00876551$ & $-0.00902559$ & $-0.015434$ & $0.0534483$ & $-0.00330831$ & $0.0323639$ & $0.037519$ & $0.0492422$ & $0.0248696$ & $0.0105735$ & $0.0079909$ & $0.0221285$ & $-0.0139979$ & $0.0578729$ & $0.0527003$ & $0.0114427$ & $0.00276614$ & $0.00328823$ & $-0.0943058$ & $-0.162108$ & $-0.0729257$ & $-0.0333958$ & $-0.210215$ & $-0.00921451$ & $0.0277708$ & $-0.0321158$ & $1$ & $0.0227271$ & $-0.00463613$ & $0.0172769$ & $-0.00860537$ & $0.0194859$ & $0.0215956$ & $-0.0490787$ & $-0.0421772$ & $-0.0050116$ & $-0.00264346$ & $-0.031283$ & $-0.030068$ \\
eHWWpar & $-0.0195906$ & $0.0335004$ & $-0.00291808$ & $-0.00157754$ & $-0.00996323$ & $0.0197597$ & $0.0185658$ & $-0.0130905$ & $-0.0118799$ & $0.00604966$ & $0.0222936$ & $0.00810573$ & $0.00359027$ & $-0.0190313$ & $0.00023848$ & $0.000727047$ & $-0.0258465$ & $-0.0168475$ & $-0.0202144$ & $-0.0177131$ & $-0.0220705$ & $-0.0203845$ & $-0.0076643$ & $-0.00167145$ & $-0.0139775$ & $0.0126967$ & $-0.0166007$ & $0.0210011$ & $-0.000817648$ & $-0.0169988$ & $-0.0110436$ & $0.0106473$ & $-0.0595124$ & $-0.0128856$ & $-0.00254283$ & $-0.0125$ & $0.0227271$ & $1$ & $0.0014$ & $-0.0014969$ & $-0.0187629$ & $0.0162599$ & $0.0163435$ & $0.0146901$ & $-0.00745028$ & $0.0161565$ & $-0.0145754$ & $-0.0254625$ & $-0.00877778$ \\
eHZZint & $0.00864782$ & $0.000946714$ & $-0.0377415$ & $-0.0270902$ & $-0.0244235$ & $-0.0182986$ & $0.0164149$ & $0.00738566$ & $0.00566697$ & $0.0243682$ & $-0.011476$ & $0.0104843$ & $0.00545187$ & $-0.00966165$ & $0.0115318$ & $-0.00326081$ & $0.0224326$ & $-0.0056753$ & $0.00581356$ & $0.00693346$ & $0.00935583$ & $0.00973317$ & $0.0115449$ & $-0.00475617$ & $0.0104703$ & $-0.0047757$ & $0.0172386$ & $0.0124285$ & $-0.0190932$ & $0.0143829$ & $-0.0430228$ & $0.0312022$ & $-0.0331128$ & $0.00433138$ & $0.0130887$ & $-0.0419096$ & $-0.00463613$ & $0.0014$ & $1$ & $-0.00901008$ & $-0.0130201$ & $0.0190773$ & $-0.00308525$ & $-0.0148991$ & $0.0084217$ & $-0.00280107$ & $-0.0945652$ & $-0.00449624$ & $-0.0368695$ \\
eHZZpar & $0.00293969$ & $0.0709985$ & $-0.0188572$ & $-0.000920687$ & $0.0136995$ & $-0.0219282$ & $-0.0181727$ & $-0.011428$ & $-0.0125695$ & $0.0286573$ & $0.0143695$ & $0.0306244$ & $0.00397629$ & $-0.0101991$ & $0.0190218$ & $0.000140524$ & $-0.00389497$ & $-0.0178588$ & $-0.00403503$ & $-0.0131447$ & $-0.0137995$ & $-0.0129725$ & $-0.0113352$ & $0.017591$ & $-0.0179324$ & $0.0137679$ & $-0.0158153$ & $-0.00431367$ & $-0.00592001$ & $0.0078073$ & $0.0274883$ & $-0.00141514$ & $-0.000221312$ & $-0.0151454$ & $0.0251408$ & $0.00849267$ & $0.0172769$ & $-0.0014969$ & $-0.00901008$ & $1$ & $-0.0483298$ & $-0.0282608$ & $-0.0280971$ & $-0.0178529$ & $-0.0104497$ & $0.0072842$ & $0.00268407$ & $-0.0304642$ & $-0.00792495$ \\
eHZgaint & $0.00419962$ & $-0.0628108$ & $-0.010667$ & $0.0387518$ & $0.0241683$ & $0.019282$ & $-0.0262321$ & $0.0521147$ & $0.0525099$ & $-0.115045$ & $-0.026158$ & $-0.100471$ & $0.021162$ & $-0.0302406$ & $0.00153568$ & $-0.000670735$ & $-0.0424969$ & $-0.0461182$ & $-0.0438774$ & $0.0223413$ & $0.0282634$ & $0.0286626$ & $-0.0235873$ & $-0.0638981$ & $-0.0506462$ & $-0.00873463$ & $0.0138741$ & $0.0226933$ & $0.0212258$ & $-0.016542$ & $0.0703357$ & $-0.0210851$ & $-0.00414099$ & $0.0375653$ & $0.0321016$ & $0.0414486$ & $-0.00860537$ & $-0.0187629$ & $-0.0130201$ & $-0.0483298$ & $1$ & $0.00549919$ & $0.0330315$ & $0.0219786$ & $0.0249288$ & $-0.0547182$ & $0.0055048$ & $-0.0290046$ & $0.00416355$ \\
eHZgapar & $-0.0575911$ & $-0.0281976$ & $0.000901576$ & $0.0101582$ & $-0.00134083$ & $0.00653834$ & $0.0324537$ & $0.0406229$ & $0.047289$ & $-0.0259599$ & $-0.0449834$ & $-0.0294505$ & $0.00947391$ & $0.0272152$ & $0.0190296$ & $0.000138064$ & $0.00727319$ & $-0.00244984$ & $0.0115984$ & $0.0457522$ & $0.0443073$ & $0.0438294$ & $0.0154369$ & $-0.0360203$ & $0.00677356$ & $-0.0472261$ & $0.00637512$ & $-0.0115354$ & $0.0128685$ & $-0.00234317$ & $-0.0310662$ & $0.0138164$ & $-0.000600691$ & $0.0131457$ & $-0.0189415$ & $-0.022224$ & $0.0194859$ & $0.0162599$ & $0.0190773$ & $-0.0282608$ & $0.00549919$ & $1$ & $-0.0147991$ & $-0.000283121$ & $0.00233544$ & $-0.0200523$ & $9.17312e-05$ & $0.0422179$ & $0.00525402$ \\
eHgagaint & $0.0383886$ & $-0.0484899$ & $-0.00753235$ & $0.0077005$ & $-0.0096879$ & $0.0101188$ & $0.00831886$ & $0.0152065$ & $0.0876657$ & $-0.0382002$ & $-0.0125426$ & $-0.0483957$ & $0.00152236$ & $0.0114345$ & $-0.00515016$ & $0.0109566$ & $-0.015543$ & $0.00357474$ & $-0.0136029$ & $0.0120494$ & $0.00913946$ & $0.010321$ & $0.0458939$ & $-0.00949799$ & $3.55258e-05$ & $-0.0356535$ & $0.0173585$ & $0.0336375$ & $-0.043411$ & $-0.00329406$ & $-0.0322529$ & $0.00319454$ & $-0.0159226$ & $0.0103457$ & $-0.038151$ & $0.0277386$ & $0.0215956$ & $0.0163435$ & $-0.00308525$ & $-0.0280971$ & $0.0330315$ & $-0.0147991$ & $1$ & $0.0612056$ & $0.00453462$ & $0.00157888$ & $-0.0569098$ & $-0.0175217$ & $-0.00582502$ \\
eHmumuint & $0.0290769$ & $-0.0457345$ & $0.00175119$ & $0.0362554$ & $0.000405664$ & $0.00536029$ & $-0.00250225$ & $0.011648$ & $0.0207159$ & $-0.0236863$ & $-0.00497828$ & $0.00422382$ & $0.00779519$ & $-0.015769$ & $-0.00639018$ & $-0.00527742$ & $-0.00901846$ & $-0.00854293$ & $-0.0115286$ & $0.00285275$ & $0.00412813$ & $0.000734051$ & $0.0214836$ & $-0.0150125$ & $-0.0121048$ & $-0.0067523$ & $0.0162054$ & $-0.00637986$ & $0.0512097$ & $0.0264395$ & $-0.000173234$ & $-0.00314846$ & $0.0336868$ & $0.0130494$ & $0.00891305$ & $-0.000305085$ & $-0.0490787$ & $0.0146901$ & $-0.0148991$ & $-0.0178529$ & $0.0219786$ & $-0.000283121$ & $0.0612056$ & $1$ & $0.0524786$ & $-0.0687225$ & $0.0163322$ & $-0.0659681$ & $0.0381019$ \\
eHtautauint & $-0.00588412$ & $-0.0390185$ & $-0.0143958$ & $0.00206191$ & $0.00823634$ & $0.0304814$ & $0.00152401$ & $-0.00343936$ & $0.00163119$ & $-0.0336385$ & $0.0289827$ & $-0.0237544$ & $0.027763$ & $-0.0400145$ & $-0.00801206$ & $0.000326183$ & $-0.0556655$ & $-0.0408985$ & $-0.0471087$ & $-0.0294578$ & $-0.0300943$ & $-0.0339395$ & $-0.0354399$ & $-0.0219689$ & $-0.0607238$ & $0.022406$ & $-0.0365693$ & $-0.0248386$ & $0.0108905$ & $0.0940877$ & $0.00423069$ & $0.0098969$ & $0.0487432$ & $-0.00489579$ & $0.00188451$ & $-0.0251663$ & $-0.0421772$ & $-0.00745028$ & $0.0084217$ & $-0.0104497$ & $0.0249288$ & $0.00233544$ & $0.00453462$ & $0.0524786$ & $1$ & $-0.035795$ & $0.0108725$ & $-0.0167195$ & $0.0543634$ \\
eHccint & $-0.00310922$ & $0.0464335$ & $0.0385405$ & $-0.00776449$ & $-0.0123209$ & $-0.0346933$ & $-0.0307087$ & $-0.0147425$ & $-0.0179222$ & $-0.00500038$ & $0.0233858$ & $-0.000202813$ & $-0.0266728$ & $-0.0293301$ & $-0.0148953$ & $-0.00256059$ & $-0.00896689$ & $-0.00619145$ & $-0.0127543$ & $-0.0233134$ & $-0.0218185$ & $-0.0179081$ & $-0.0166525$ & $0.00319012$ & $-0.0121458$ & $0.0234144$ & $-0.00314051$ & $0.00695191$ & $-0.0308148$ & $-0.0155348$ & $0.0823282$ & $-0.0352893$ & $-0.0390446$ & $0.00896168$ & $-0.013459$ & $0.0387604$ & $-0.0050116$ & $0.0161565$ & $-0.00280107$ & $0.0072842$ & $-0.0547182$ & $-0.0200523$ & $0.00157888$ & $-0.0687225$ & $-0.035795$ & $1$ & $0.0077018$ & $-0.00964746$ & $-0.0267846$ \\
eHccpar & $-0.0264463$ & $0.00283693$ & $-0.0160952$ & $0.023154$ & $-0.0147004$ & $-0.0197626$ & $-0.0164031$ & $0.00435583$ & $0.00293756$ & $-0.0176763$ & $0.0105457$ & $-0.00483926$ & $0.00181685$ & $-0.020239$ & $-0.0267093$ & $-0.000754668$ & $-0.0272557$ & $-0.00685244$ & $-0.0234127$ & $-0.0126293$ & $-0.00740178$ & $-0.00488292$ & $0.0267209$ & $-0.0265554$ & $0.00614$ & $-0.0198678$ & $0.0353337$ & $-0.00915777$ & $-4.08592e-05$ & $0.0128578$ & $0.40679$ & $-0.0151478$ & $0.022254$ & $0.0286264$ & $-0.0426902$ & $-0.017429$ & $-0.00264346$ & $-0.0145754$ & $-0.0945652$ & $0.00268407$ & $0.0055048$ & $9.17312e-05$ & $-0.0569098$ & $0.0163322$ & $0.0108725$ & $0.0077018$ & $1$ & $-0.00608512$ & $-0.00413026$ \\
eHbbint & $-0.0481004$ & $-0.00402818$ & $0.0155742$ & $0.0148538$ & $-0.0236929$ & $-0.00916484$ & $0.0115992$ & $0.0222671$ & $0.0171883$ & $-0.0201869$ & $-0.0334034$ & $-0.0299755$ & $-0.0242373$ & $0.0426513$ & $0.0186275$ & $0.00203884$ & $0.0129354$ & $0.00624808$ & $0.0130104$ & $0.0300785$ & $0.0323801$ & $0.0203739$ & $-0.00435786$ & $0.00195811$ & $0.0290019$ & $-0.00695298$ & $0.020621$ & $-0.00518558$ & $0.00782974$ & $-0.0119153$ & $0.0131134$ & $0.0179988$ & $0.130256$ & $-0.00377155$ & $-0.00142143$ & $0.073383$ & $-0.031283$ & $-0.0254625$ & $-0.00449624$ & $-0.0304642$ & $-0.0290046$ & $0.0422179$ & $-0.0175217$ & $-0.0659681$ & $-0.0167195$ & $-0.00964746$ & $-0.00608512$ & $1$ & $-0.0728067$ \\
eHbbpar & $0.0372695$ & $-0.0127288$ & $0.0685135$ & $0.00721592$ & $-0.0205952$ & $-0.000970554$ & $-0.0227533$ & $-0.00156692$ & $0.00139496$ & $-0.00343383$ & $-0.00974663$ & $-0.0289086$ & $0.0158623$ & $0.0321939$ & $-0.00168521$ & $0.010354$ & $0.0170093$ & $0.0263489$ & $0.0226924$ & $0.00953643$ & $0.00734307$ & $0.0177334$ & $0.0158166$ & $0.0131842$ & $0.00849364$ & $-0.0144125$ & $-0.00768823$ & $-0.025529$ & $0.0330067$ & $0.0315461$ & $0.0144397$ & $-0.00838393$ & $0.517638$ & $-0.00116822$ & $-0.0553085$ & $-0.0161312$ & $-0.030068$ & $-0.00877778$ & $-0.0368695$ & $-0.00792495$ & $0.00416355$ & $0.00525402$ & $-0.00582502$ & $0.0381019$ & $0.0543634$ & $-0.0267846$ & $-0.00413026$ & $-0.0728067$ & $1$ \\
