 & AlsMz & dAle5Mz & mtop & mHl & Mz & CW & CHG & CHWB & CHWHB_gaga & CHWHB_gagaorth & CHD & CHbox & CH & CHL1_11 & CHL1_22 & CHL1_33 & CHL3_11 & CHL3_22 & CHL3_33 & CHe_11 & CHe_22 & CHe_33 & CHQ1_11 & CHQ1_33 & CHQ3_11 & CHu_11 & CHd_11 & CHd_33 & CeH_22r & CeH_33r & CuH_22r & CuH_33r & CdH_33r & CLL_1221 & eHggint & eHggpar & eHWWint & eHWWpar & eHZZint & eHZZpar & eHZgaint & eHZgapar & eHgagaint & eHmumuint & eHtautauint & eHccint & eHccpar & eHbbint & eHbbpar \\
AlsMz & $1$ & $0.0778761$ & $0.0500437$ & $0.0966581$ & $0.0147344$ & $0.0168544$ & $-0.0107931$ & $-0.00684184$ & $-0.000915877$ & $0.00497011$ & $0.000615874$ & $0.026672$ & $0.0188745$ & $-0.000398098$ & $-0.00972957$ & $0.0195524$ & $-0.0111609$ & $0.00569281$ & $-0.0146308$ & $-0.00402125$ & $-0.00809288$ & $-0.00551432$ & $-0.0209084$ & $-0.0523206$ & $-0.114843$ & $-0.0259637$ & $-0.0415071$ & $0.0199689$ & $-0.015153$ & $-0.0291439$ & $0.0113249$ & $-0.00767536$ & $-0.00113741$ & $0.00422919$ & $0.0657251$ & $0.0406813$ & $0.132072$ & $0.0390597$ & $-0.0133323$ & $0.0364076$ & $0.0116995$ & $-0.00945826$ & $0.0908546$ & $0.11613$ & $0.0390233$ & $0.0187835$ & $0.0370092$ & $-0.0614142$ & $0.0648819$ \\
dAle5Mz & $0.0778761$ & $1$ & $-0.0051896$ & $0.145659$ & $-0.00174212$ & $0.0180234$ & $-0.0201959$ & $-0.0741631$ & $-0.0712539$ & $0.0286445$ & $0.0561377$ & $0.0391846$ & $0.0187835$ & $-0.0251753$ & $-0.0267941$ & $-0.023231$ & $0.0172155$ & $0.0206156$ & $0.0199975$ & $-0.0331511$ & $-0.0321218$ & $-0.0260067$ & $0.0142585$ & $0.0283409$ & $0.0146662$ & $0.00287301$ & $0.00835578$ & $0.00653231$ & $0.00195374$ & $-0.0235977$ & $-0.00133852$ & $-0.0107979$ & $-0.00153558$ & $0.025806$ & $0.0431458$ & $0.17416$ & $-0.0133503$ & $0.00871336$ & $0.0990821$ & $0.0138811$ & $-0.165491$ & $-0.0286806$ & $0.0484723$ & $0.173946$ & $0.0543447$ & $-0.0221138$ & $-0.0314145$ & $0.134791$ & $0.00767361$ \\
mtop & $0.0500437$ & $-0.0051896$ & $1$ & $0.0847149$ & $-0.00577385$ & $-0.00474588$ & $-0.039051$ & $-0.0123626$ & $-0.0121994$ & $0.0218183$ & $0.0167766$ & $0.0242968$ & $0.00085637$ & $0.00166448$ & $0.00874038$ & $0.00508492$ & $-0.00376797$ & $-0.00282365$ & $0.00089032$ & $-0.00887733$ & $-0.0132165$ & $-0.0172292$ & $0.02931$ & $0.0190131$ & $-0.0161833$ & $-0.0321083$ & $-0.0262214$ & $-0.00114307$ & $0.00313765$ & $-0.0512416$ & $-0.0307266$ & $-0.0295574$ & $-0.0816883$ & $-0.0182132$ & $0.124705$ & $0.0339036$ & $0.19465$ & $-0.00156426$ & $0.116809$ & $0.00477753$ & $-0.097321$ & $0.0256515$ & $0.0974913$ & $0.0815938$ & $0.0372782$ & $0.137041$ & $-0.0740857$ & $0.00816197$ & $-0.0911167$ \\
mHl & $0.0966581$ & $0.145659$ & $0.0847149$ & $1$ & $0.0135905$ & $0.0185641$ & $-0.0149993$ & $-0.0381825$ & $-0.0423765$ & $0.0132315$ & $0.0365676$ & $0.0335025$ & $0.0222038$ & $-0.0199255$ & $-0.0179313$ & $-0.00605312$ & $-0.00259321$ & $0.00987907$ & $-0.00456916$ & $-0.031391$ & $-0.0346803$ & $-0.0366851$ & $0.00446965$ & $0.00559341$ & $-0.00536419$ & $0.00777216$ & $-0.0163215$ & $-0.0106264$ & $-0.00331266$ & $0.00762671$ & $-0.011909$ & $0.00182308$ & $-0.00729573$ & $-0.00605625$ & $0.156406$ & $-0.0393881$ & $-0.0245524$ & $0.0254797$ & $-5.49781e-05$ & $0.0365554$ & $-0.144673$ & $0.0461511$ & $-0.0198766$ & $0.115896$ & $-0.0379122$ & $0.12046$ & $-0.0431866$ & $-0.092437$ & $0.0201462$ \\
Mz & $0.0147344$ & $-0.00174212$ & $-0.00577385$ & $0.0135905$ & $1$ & $-0.000347779$ & $0.00981436$ & $0.0065453$ & $0.00662634$ & $-0.00991279$ & $0.00509145$ & $-0.00397438$ & $0.00388533$ & $-0.00239534$ & $0.00574845$ & $-0.00179113$ & $-0.00533038$ & $-0.0110612$ & $-0.00327138$ & $0.0034321$ & $0.00509432$ & $0.00507156$ & $0.00475315$ & $-0.00409229$ & $-0.0113755$ & $-0.00372423$ & $0.00286387$ & $0.0044245$ & $0.0178328$ & $0.00604134$ & $0.0158293$ & $0.0109778$ & $0.0223065$ & $-0.00190983$ & $-0.00683421$ & $-0.0256711$ & $0.00766897$ & $0.0170355$ & $-0.0302996$ & $-0.00140527$ & $0.0227395$ & $-0.0291426$ & $-0.0556744$ & $-0.00277284$ & $-0.00728753$ & $-0.031107$ & $0.035625$ & $0.000901711$ & $0.0205707$ \\
CW & $0.0168544$ & $0.0180234$ & $-0.00474588$ & $0.0185641$ & $-0.000347779$ & $1$ & $-0.0149789$ & $-0.127103$ & $-0.125714$ & $0.0238447$ & $0.177221$ & $0.0635987$ & $0.0222445$ & $0.0289124$ & $-0.060882$ & $-0.0741285$ & $-0.262251$ & $-0.0573226$ & $-0.0440444$ & $-0.171865$ & $-0.181911$ & $-0.177629$ & $-0.0206891$ & $0.00364145$ & $-0.0919868$ & $0.111127$ & $-0.0861686$ & $-0.0726894$ & $0.0127233$ & $-0.0112981$ & $0.00770809$ & $-0.00564854$ & $0.00304753$ & $-0.136174$ & $-0.00187948$ & $-0.00753117$ & $-0.0179712$ & $-0.00688855$ & $-0.0190388$ & $0.0117613$ & $-0.00896658$ & $-0.0110326$ & $-0.00691244$ & $0.0375171$ & $-0.0212294$ & $0.00518615$ & $-0.00238939$ & $-0.00368656$ & $-0.00550941$ \\
CHG & $-0.0107931$ & $-0.0201959$ & $-0.039051$ & $-0.0149993$ & $0.00981436$ & $-0.0149789$ & $1$ & $-0.0389271$ & $0.0173437$ & $0.00819052$ & $0.0335545$ & $-0.0911751$ & $-0.138287$ & $-0.00630788$ & $-0.0238722$ & $-9.29283e-05$ & $0.0132919$ & $0.0275884$ & $0.00648627$ & $-0.034294$ & $-0.0344259$ & $-0.0345685$ & $-0.00425798$ & $0.0329666$ & $0.00995227$ & $0.0124719$ & $-0.0237992$ & $-0.0164256$ & $0.00717796$ & $-0.0658311$ & $-0.0477579$ & $0.934257$ & $-0.0888172$ & $-0.008263$ & $-0.0412557$ & $-0.00855345$ & $-0.0178903$ & $-0.0113796$ & $-0.0104442$ & $-0.0239334$ & $0.0172097$ & $0.0171033$ & $-0.0141732$ & $-0.0370096$ & $0.0435132$ & $-0.0438832$ & $-0.0280803$ & $0.0061074$ & $-0.0214033$ \\
CHWB & $-0.00684184$ & $-0.0741631$ & $-0.0123626$ & $-0.0381825$ & $0.0065453$ & $-0.127103$ & $-0.0389271$ & $1$ & $0.980884$ & $-0.550498$ & $-0.885274$ & $-0.162673$ & $0.18231$ & $0.174325$ & $0.281497$ & $0.275771$ & $-0.160228$ & $-0.364907$ & $-0.363723$ & $0.854865$ & $0.901318$ & $0.884107$ & $0.0490629$ & $-0.631793$ & $-0.325904$ & $-0.498189$ & $0.426962$ & $0.301217$ & $0.00590269$ & $0.0412985$ & $0.0392496$ & $-0.0467717$ & $0.0320878$ & $0.552261$ & $-0.000202607$ & $-0.0152551$ & $0.01943$ & $0.0028157$ & $-0.0086909$ & $-0.0233231$ & $-0.00267569$ & $0.0204704$ & $-0.0427034$ & $-0.0185021$ & $-0.00813317$ & $-0.00196067$ & $0.0116775$ & $-0.00361509$ & $-0.00447126$ \\
CHWHB_gaga & $-0.000915877$ & $-0.0712539$ & $-0.0121994$ & $-0.0423765$ & $0.00662634$ & $-0.125714$ & $0.0173437$ & $0.980884$ & $1$ & $-0.537486$ & $-0.864046$ & $-0.141657$ & $0.177938$ & $0.163342$ & $0.275406$ & $0.272155$ & $-0.167581$ & $-0.365562$ & $-0.366126$ & $0.834677$ & $0.879593$ & $0.862201$ & $0.0463879$ & $-0.625524$ & $-0.330497$ & $-0.482947$ & $0.415752$ & $0.291414$ & $0.0112499$ & $0.0654785$ & $0.0471815$ & $-0.000492054$ & $0.0605964$ & $0.5418$ & $-0.0151695$ & $-0.0224243$ & $0.00618505$ & $0.00164943$ & $-0.00456678$ & $-0.0271004$ & $-0.00476726$ & $0.0187457$ & $0.014606$ & $-0.0206133$ & $-0.00764881$ & $0.00323018$ & $0.0010286$ & $-0.00085706$ & $0.00519722$ \\
CHWHB_gagaorth & $0.00497011$ & $0.0286445$ & $0.0218183$ & $0.0132315$ & $-0.00991279$ & $0.0238447$ & $0.00819052$ & $-0.550498$ & $-0.537486$ & $1$ & $0.349729$ & $0.512095$ & $-0.101779$ & $0.174346$ & $-0.10246$ & $-0.116361$ & $0.375046$ & $0.432449$ & $0.440558$ & $-0.334436$ & $-0.365721$ & $-0.35962$ & $-0.0555967$ & $0.518606$ & $0.41637$ & $0.205737$ & $-0.240817$ & $-0.118515$ & $-0.0149454$ & $-0.0916412$ & $-0.0440505$ & $0.0310236$ & $-0.0685861$ & $-0.340657$ & $0.0454214$ & $0.0314772$ & $-0.00300529$ & $0.00914688$ & $0.0262626$ & $0.0371759$ & $-0.0389947$ & $-0.0126988$ & $0.0574724$ & $0.00241695$ & $0.0136561$ & $0.0259291$ & $0.0254983$ & $0.0118371$ & $0.0238056$ \\
CHD & $0.000615874$ & $0.0561377$ & $0.0167766$ & $0.0365676$ & $0.00509145$ & $0.177221$ & $0.0335545$ & $-0.885274$ & $-0.864046$ & $0.349729$ & $1$ & $0.227742$ & $-0.088413$ & $-0.562212$ & $-0.407218$ & $-0.392433$ & $-0.278795$ & $0.0110184$ & $0.0111583$ & $-0.989947$ & $-0.990915$ & $-0.969366$ & $0.0116015$ & $0.27318$ & $-0.0390806$ & $0.545514$ & $-0.298861$ & $-0.337356$ & $0.0121193$ & $-0.0261179$ & $-0.0253291$ & $0.047231$ & $-0.0244583$ & $-0.36231$ & $0.0112536$ & $0.00578498$ & $-0.0310336$ & $-0.00720043$ & $-0.0139302$ & $0.016879$ & $0.00792439$ & $-0.0174656$ & $0.0331394$ & $0.0138731$ & $0.002422$ & $-0.00243544$ & $-0.0204817$ & $-0.00335745$ & $-0.00396225$ \\
CHbox & $0.026672$ & $0.0391846$ & $0.0242968$ & $0.0335025$ & $-0.00397438$ & $0.0635987$ & $-0.0911751$ & $-0.162673$ & $-0.141657$ & $0.512095$ & $0.227742$ & $1$ & $0.529265$ & $-0.204768$ & $-0.0139744$ & $-0.0197528$ & $-0.168071$ & $-0.127006$ & $-0.11988$ & $-0.207365$ & $-0.23435$ & $-0.228876$ & $-0.0138633$ & $0.00714992$ & $-0.12278$ & $0.122839$ & $-0.119583$ & $-0.0728564$ & $0.0195154$ & $0.210382$ & $0.0469524$ & $-0.0102404$ & $0.259309$ & $-0.126303$ & $0.111721$ & $0.0397005$ & $0.00875731$ & $0.00743614$ & $-0.00289384$ & $0.017097$ & $-0.020931$ & $-0.00163414$ & $0.0341067$ & $0.0127157$ & $0.00107692$ & $0.0146841$ & $0.0119213$ & $-0.00572988$ & $0.0234633$ \\
CH & $0.0188745$ & $0.0187835$ & $0.00085637$ & $0.0222038$ & $0.00388533$ & $0.0222445$ & $-0.138287$ & $0.18231$ & $0.177938$ & $-0.101779$ & $-0.088413$ & $0.529265$ & $1$ & $-0.111961$ & $0.0336382$ & $0.0358805$ & $-0.191451$ & $-0.198479$ & $-0.198364$ & $0.0877094$ & $0.0930167$ & $0.0922936$ & $0.0313358$ & $-0.212371$ & $-0.187667$ & $-0.0622217$ & $0.0758637$ & $0.0425972$ & $0.0130433$ & $0.118093$ & $0.0412867$ & $-0.110314$ & $0.153311$ & $0.107703$ & $0.0550898$ & $-0.0169885$ & $0.0225954$ & $0.00843266$ & $0.00283085$ & $0.0145662$ & $0.0148404$ & $-0.00249965$ & $-0.0186088$ & $-0.00388982$ & $-0.0191714$ & $-0.00320482$ & $-0.00261258$ & $-0.012387$ & $0.0102897$ \\
CHL1_11 & $-0.000398098$ & $-0.0251753$ & $0.00166448$ & $-0.0199255$ & $-0.00239534$ & $0.0289124$ & $-0.00630788$ & $0.174325$ & $0.163342$ & $0.174346$ & $-0.562212$ & $-0.204768$ & $-0.111961$ & $1$ & $0.29569$ & $0.274569$ & $0.633824$ & $0.572718$ & $0.572816$ & $0.581125$ & $0.52392$ & $0.508045$ & $-0.0945684$ & $0.429872$ & $0.575598$ & $-0.280878$ & $-0.0650421$ & $0.180967$ & $-0.0413322$ & $-0.0129099$ & $-0.00692486$ & $-0.0199198$ & $0.00939402$ & $-0.180331$ & $-0.0255992$ & $0.00986794$ & $0.0175056$ & $0.00461226$ & $0.0410827$ & $0.00759243$ & $0.00318909$ & $0.0094819$ & $-0.000248017$ & $0.00328677$ & $-0.0027601$ & $0.016248$ & $0.0312886$ & $0.0131279$ & $0.024125$ \\
CHL1_22 & $-0.00972957$ & $-0.0267941$ & $0.00874038$ & $-0.0179313$ & $0.00574845$ & $-0.060882$ & $-0.0238722$ & $0.281497$ & $0.275406$ & $-0.10246$ & $-0.407218$ & $-0.0139744$ & $0.0336382$ & $0.29569$ & $1$ & $0.443354$ & $0.194$ & $-0.443901$ & $-0.0104133$ & $0.47392$ & $0.321537$ & $0.313908$ & $-0.172755$ & $0.147949$ & $-0.109946$ & $-0.184467$ & $-0.397722$ & $0.10775$ & $-0.0160137$ & $0.0159306$ & $0.00353872$ & $-0.0270709$ & $0.0226236$ & $-0.612719$ & $0.000213947$ & $-0.005789$ & $0.00710161$ & $0.00562093$ & $0.0179643$ & $-0.0095362$ & $0.000847135$ & $0.00847087$ & $-0.00190379$ & $-0.00757081$ & $0.00605632$ & $-0.0122257$ & $-0.00105038$ & $-0.00602629$ & $0.0262443$ \\
CHL1_33 & $0.0195524$ & $-0.023231$ & $0.00508492$ & $-0.00605312$ & $-0.00179113$ & $-0.0741285$ & $-9.29283e-05$ & $0.275771$ & $0.272155$ & $-0.116361$ & $-0.392433$ & $-0.0197528$ & $0.0358805$ & $0.274569$ & $0.443354$ & $1$ & $0.172976$ & $-0.0134089$ & $-0.446615$ & $0.459177$ & $0.309305$ & $0.328302$ & $-0.182206$ & $0.13491$ & $-0.129807$ & $-0.165443$ & $-0.40035$ & $0.0931094$ & $-0.0101159$ & $0.0222624$ & $-0.00202399$ & $-0.00376908$ & $-0.00358369$ & $-0.121084$ & $-0.0156538$ & $0.00930667$ & $0.0153648$ & $0.0173965$ & $0.0235669$ & $-0.0211876$ & $0.0140912$ & $0.00914176$ & $-0.00101689$ & $0.0131931$ & $0.0195389$ & $-0.0112242$ & $0.00345735$ & $-0.00271501$ & $-0.00988997$ \\
CHL3_11 & $-0.0111609$ & $0.0172155$ & $-0.00376797$ & $-0.00259321$ & $-0.00533038$ & $-0.262251$ & $0.0132919$ & $-0.160228$ & $-0.167581$ & $0.375046$ & $-0.278795$ & $-0.168071$ & $-0.191451$ & $0.633824$ & $0.194$ & $0.172976$ & $1$ & $0.710322$ & $0.711$ & $0.300714$ & $0.249562$ & $0.239056$ & $-0.0786999$ & $0.640678$ & $0.752609$ & $-0.137071$ & $-0.124064$ & $0.0993014$ & $-0.0257465$ & $-0.0321788$ & $-0.0255796$ & $-0.00162718$ & $-0.0252732$ & $-0.198972$ & $-0.0154101$ & $0.00808737$ & $0.0313631$ & $0.00801971$ & $0.047309$ & $0.00903836$ & $-0.020351$ & $-0.0136158$ & $0.0138868$ & $-0.00668668$ & $0.00814907$ & $0.00629678$ & $0.0120577$ & $0.0167475$ & $0.0042813$ \\
CHL3_22 & $0.00569281$ & $0.0206156$ & $-0.00282365$ & $0.00987907$ & $-0.0110612$ & $-0.0573226$ & $0.0275884$ & $-0.364907$ & $-0.365562$ & $0.432449$ & $0.0110184$ & $-0.127006$ & $-0.198479$ & $0.572718$ & $-0.443901$ & $-0.0134089$ & $0.710322$ & $1$ & $0.64354$ & $-0.0140397$ & $-0.00141522$ & $-0.00288608$ & $-0.000893424$ & $0.572541$ & $0.76746$ & $0.00853015$ & $0.0307219$ & $0.00920441$ & $-0.0262227$ & $-0.0375784$ & $-0.0271212$ & $0.0180008$ & $-0.0315568$ & $0.096601$ & $-0.0218936$ & $0.0180801$ & $0.0201135$ & $0.00594556$ & $0.0309196$ & $0.0160657$ & $-0.00503636$ & $-0.0112344$ & $0.0182388$ & $0.00956026$ & $0.0055998$ & $0.0187745$ & $0.0193338$ & $0.0149099$ & $-0.00513827$ \\
CHL3_33 & $-0.0146308$ & $0.0199975$ & $0.00089032$ & $-0.00456916$ & $-0.00327138$ & $-0.0440444$ & $0.00648627$ & $-0.363723$ & $-0.366126$ & $0.440558$ & $0.0111583$ & $-0.11988$ & $-0.198364$ & $0.572816$ & $-0.0104133$ & $-0.446615$ & $0.711$ & $0.64354$ & $1$ & $-0.015369$ & $-0.000706178$ & $-0.00125533$ & $0.0111742$ & $0.57085$ & $0.778303$ & $0.00212918$ & $0.0452487$ & $0.0155965$ & $-0.02931$ & $-0.044226$ & $-0.0202714$ & $-0.00166651$ & $-0.00956869$ & $-0.293124$ & $-0.00442029$ & $0.00697477$ & $0.00862445$ & $-0.00424409$ & $0.027351$ & $0.0244223$ & $-0.0149596$ & $-0.0133929$ & $0.0156457$ & $-0.00801309$ & $-0.00888575$ & $0.0173035$ & $0.0154149$ & $0.0160803$ & $0.0233544$ \\
CHe_11 & $-0.00402125$ & $-0.0331511$ & $-0.00887733$ & $-0.031391$ & $0.0034321$ & $-0.171865$ & $-0.034294$ & $0.854865$ & $0.834677$ & $-0.334436$ & $-0.989947$ & $-0.207365$ & $0.0877094$ & $0.581125$ & $0.47392$ & $0.459177$ & $0.300714$ & $-0.0140397$ & $-0.015369$ & $1$ & $0.971783$ & $0.951326$ & $-0.0357671$ & $-0.215041$ & $0.0439136$ & $-0.536055$ & $0.222349$ & $0.330727$ & $-0.0149284$ & $0.026603$ & $0.0232423$ & $-0.0466948$ & $0.0245514$ & $0.281362$ & $-0.0106714$ & $0.000367736$ & $0.0335977$ & $0.00900466$ & $0.0178562$ & $-0.0176277$ & $-0.0103198$ & $0.0154892$ & $-0.0291393$ & $-0.00766416$ & $0.00293348$ & $0.00232527$ & $0.018938$ & $0.00580188$ & $0.0049671$ \\
CHe_22 & $-0.00809288$ & $-0.0321218$ & $-0.0132165$ & $-0.0346803$ & $0.00509432$ & $-0.181911$ & $-0.0344259$ & $0.901318$ & $0.879593$ & $-0.365721$ & $-0.990915$ & $-0.23435$ & $0.0930167$ & $0.52392$ & $0.321537$ & $0.309305$ & $0.249562$ & $-0.00141522$ & $-0.000706178$ & $0.971783$ & $1$ & $0.974671$ & $0.0189146$ & $-0.328532$ & $0.037965$ & $-0.550097$ & $0.380279$ & $0.339271$ & $-0.010071$ & $0.0264531$ & $0.0277487$ & $-0.0476774$ & $0.0248752$ & $0.449427$ & $-0.00922729$ & $-0.00411276$ & $0.0308715$ & $0.00522583$ & $0.015122$ & $-0.016559$ & $-0.0135191$ & $0.0145768$ & $-0.0364245$ & $-0.0123418$ & $-0.00303185$ & $0.00364558$ & $0.0194824$ & $0.00850537$ & $-9.90472e-05$ \\
CHe_33 & $-0.00551432$ & $-0.0260067$ & $-0.0172292$ & $-0.0366851$ & $0.00507156$ & $-0.177629$ & $-0.0345685$ & $0.884107$ & $0.862201$ & $-0.35962$ & $-0.969366$ & $-0.228876$ & $0.0922936$ & $0.508045$ & $0.313908$ & $0.328302$ & $0.239056$ & $-0.00288608$ & $-0.00125533$ & $0.951326$ & $0.974671$ & $1$ & $0.0197984$ & $-0.326001$ & $0.0357118$ & $-0.537702$ & $0.374543$ & $0.329607$ & $-0.0110609$ & $0.0230892$ & $0.0271733$ & $-0.0462304$ & $0.0235139$ & $0.444968$ & $-0.00289881$ & $-0.00194034$ & $0.0236434$ & $0.00337925$ & $0.0153748$ & $-0.0173879$ & $-0.0150493$ & $0.0107075$ & $-0.0356738$ & $-0.0157505$ & $-0.00508896$ & $0.000435501$ & $0.0218927$ & $0.00737744$ & $0.00285777$ \\
CHQ1_11 & $-0.0209084$ & $0.0142585$ & $0.02931$ & $0.00446965$ & $0.00475315$ & $-0.0206891$ & $-0.00425798$ & $0.0490629$ & $0.0463879$ & $-0.0555967$ & $0.0116015$ & $-0.0138633$ & $0.0313358$ & $-0.0945684$ & $-0.172755$ & $-0.182206$ & $-0.0786999$ & $-0.000893424$ & $0.0111742$ & $-0.0357671$ & $0.0189146$ & $0.0197984$ & $1$ & $-0.128701$ & $0.0861624$ & $-0.675441$ & $0.342064$ & $0.0169459$ & $-0.00611996$ & $0.010223$ & $0.011058$ & $-0.00137362$ & $-0.00679531$ & $0.188386$ & $0.0271599$ & $0.00998159$ & $-0.00424628$ & $0.00365221$ & $-0.00280519$ & $-0.0164926$ & $-0.0212255$ & $-0.0136561$ & $0.00765488$ & $-0.00420962$ & $-0.00590239$ & $-0.013544$ & $0.0131895$ & $0.0117263$ & $-0.022574$ \\
CHQ1_33 & $-0.0523206$ & $0.0283409$ & $0.0190131$ & $0.00559341$ & $-0.00409229$ & $0.00364145$ & $0.0329666$ & $-0.631793$ & $-0.625524$ & $0.518606$ & $0.27318$ & $0.00714992$ & $-0.212371$ & $0.429872$ & $0.147949$ & $0.13491$ & $0.640678$ & $0.572541$ & $0.57085$ & $-0.215041$ & $-0.328532$ & $-0.326001$ & $-0.128701$ & $1$ & $0.592088$ & $0.178256$ & $-0.41323$ & $0.00406372$ & $-0.0318258$ & $-0.0388982$ & $-0.0448709$ & $0.0282507$ & $-0.0285335$ & $-0.615067$ & $-0.0166229$ & $0.0101998$ & $-0.00427$ & $0.0022035$ & $0.0300935$ & $0.00682341$ & $0.00426504$ & $-0.00373357$ & $0.0252936$ & $5.90871e-05$ & $0.0242944$ & $-0.0021314$ & $-0.00997867$ & $0.0141121$ & $0.00476508$ \\
CHQ3_11 & $-0.114843$ & $0.0146662$ & $-0.0161833$ & $-0.00536419$ & $-0.0113755$ & $-0.0919868$ & $0.00995227$ & $-0.325904$ & $-0.330497$ & $0.41637$ & $-0.0390806$ & $-0.12278$ & $-0.187667$ & $0.575598$ & $-0.109946$ & $-0.129807$ & $0.752609$ & $0.76746$ & $0.778303$ & $0.0439136$ & $0.037965$ & $0.0357118$ & $0.0861624$ & $0.592088$ & $1$ & $-0.0146497$ & $0.263342$ & $0.0157056$ & $-0.0382478$ & $-0.0341762$ & $-0.0304178$ & $-0.000810111$ & $-0.0216948$ & $-0.149359$ & $-0.00797655$ & $0.00710669$ & $0.0160488$ & $-0.00551824$ & $0.0263473$ & $0.0168737$ & $-0.00978007$ & $-0.0206024$ & $-0.000518052$ & $-0.0134184$ & $0.000240101$ & $-0.00646294$ & $0.00945752$ & $0.01221$ & $0.00347618$ \\
CHu_11 & $-0.0259637$ & $0.00287301$ & $-0.0321083$ & $0.00777216$ & $-0.00372423$ & $0.111127$ & $0.0124719$ & $-0.498189$ & $-0.482947$ & $0.205737$ & $0.545514$ & $0.122839$ & $-0.0622217$ & $-0.280878$ & $-0.184467$ & $-0.165443$ & $-0.137071$ & $0.00853015$ & $0.00212918$ & $-0.536055$ & $-0.550097$ & $-0.537702$ & $-0.675441$ & $0.178256$ & $-0.0146497$ & $1$ & $-0.185456$ & $-0.200079$ & $0.0182853$ & $-0.025134$ & $-0.0144184$ & $0.0175245$ & $-0.00672797$ & $-0.246983$ & $-0.0245704$ & $-0.0166686$ & $-0.0128501$ & $-0.0221879$ & $-0.0186433$ & $0.0338455$ & $0.0183919$ & $-0.00417556$ & $0.00721142$ & $-0.00307146$ & $-0.00596476$ & $0.00182655$ & $-0.0157907$ & $-0.0147669$ & $0.0148483$ \\
CHd_11 & $-0.0415071$ & $0.00835578$ & $-0.0262214$ & $-0.0163215$ & $0.00286387$ & $-0.0861686$ & $-0.0237992$ & $0.426962$ & $0.415752$ & $-0.240817$ & $-0.298861$ & $-0.119583$ & $0.0758637$ & $-0.0650421$ & $-0.397722$ & $-0.40035$ & $-0.124064$ & $0.0307219$ & $0.0452487$ & $0.222349$ & $0.380279$ & $0.374543$ & $0.342064$ & $-0.41323$ & $0.263342$ & $-0.185456$ & $1$ & $0.112035$ & $-0.00128771$ & $0.00452847$ & $0.0166924$ & $-0.0295106$ & $0.00605734$ & $0.679539$ & $0.0192669$ & $-0.00899257$ & $0.0175503$ & $-0.0155401$ & $-0.026268$ & $0.00170357$ & $-0.0140199$ & $-0.00654105$ & $-0.0339992$ & $-0.0180313$ & $-0.00889981$ & $-0.0190687$ & $-0.000324088$ & $0.00229711$ & $-0.0116826$ \\
CHd_33 & $0.0199689$ & $0.00653231$ & $-0.00114307$ & $-0.0106264$ & $0.0044245$ & $-0.0726894$ & $-0.0164256$ & $0.301217$ & $0.291414$ & $-0.118515$ & $-0.337356$ & $-0.0728564$ & $0.0425972$ & $0.180967$ & $0.10775$ & $0.0931094$ & $0.0993014$ & $0.00920441$ & $0.0155965$ & $0.330727$ & $0.339271$ & $0.329607$ & $0.0169459$ & $0.00406372$ & $0.0157056$ & $-0.200079$ & $0.112035$ & $1$ & $-0.00883179$ & $0.0191178$ & $0.00887337$ & $-0.0143409$ & $0.0144161$ & $0.152428$ & $-0.0027487$ & $-9.24176e-05$ & $0.0147384$ & $0.0100209$ & $0.015831$ & $-0.0294175$ & $-0.00400203$ & $0.0162501$ & $-0.022358$ & $-0.0119827$ & $-0.00324216$ & $0.007637$ & $0.00127409$ & $-0.00397129$ & $0.00385714$ \\
CeH_22r & $-0.015153$ & $0.00195374$ & $0.00313765$ & $-0.00331266$ & $0.0178328$ & $0.0127233$ & $0.00717796$ & $0.00590269$ & $0.0112499$ & $-0.0149454$ & $0.0121193$ & $0.0195154$ & $0.0130433$ & $-0.0413322$ & $-0.0160137$ & $-0.0101159$ & $-0.0257465$ & $-0.0262227$ & $-0.02931$ & $-0.0149284$ & $-0.010071$ & $-0.0110609$ & $-0.00611996$ & $-0.0318258$ & $-0.0382478$ & $0.0182853$ & $-0.00128771$ & $-0.00883179$ & $1$ & $0.0335125$ & $-0.00138761$ & $-0.00872441$ & $0.033365$ & $0.0207663$ & $-0.0379908$ & $0.00484471$ & $-0.0241167$ & $-0.00774701$ & $0.00518692$ & $-0.0163282$ & $0.0232985$ & $-0.0101438$ & $0.0153$ & $0.00204137$ & $0.00589008$ & $-0.0202994$ & $-0.0114441$ & $0.0205176$ & $0.00760021$ \\
CeH_33r & $-0.0291439$ & $-0.0235977$ & $-0.0512416$ & $0.00762671$ & $0.00604134$ & $-0.0112981$ & $-0.0658311$ & $0.0412985$ & $0.0654785$ & $-0.0916412$ & $-0.0261179$ & $0.210382$ & $0.118093$ & $-0.0129099$ & $0.0159306$ & $0.0222624$ & $-0.0321788$ & $-0.0375784$ & $-0.044226$ & $0.026603$ & $0.0264531$ & $0.0230892$ & $0.010223$ & $-0.0388982$ & $-0.0341762$ & $-0.025134$ & $0.00452847$ & $0.0191178$ & $0.0335125$ & $1$ & $0.296807$ & $0.0768966$ & $0.6278$ & $0.0162253$ & $-0.0856452$ & $-0.0295469$ & $-0.185963$ & $-0.0300961$ & $-0.040266$ & $-0.0151974$ & $0.0229254$ & $0.000794147$ & $0.00355887$ & $-0.0297524$ & $0.0178086$ & $0.0413787$ & $0.0255522$ & $0.0038001$ & $0.0242674$ \\
CuH_22r & $0.0113249$ & $-0.00133852$ & $-0.0307266$ & $-0.011909$ & $0.0158293$ & $0.00770809$ & $-0.0477579$ & $0.0392496$ & $0.0471815$ & $-0.0440505$ & $-0.0253291$ & $0.0469524$ & $0.0412867$ & $-0.00692486$ & $0.00353872$ & $-0.00202399$ & $-0.0255796$ & $-0.0271212$ & $-0.0202714$ & $0.0232423$ & $0.0277487$ & $0.0271733$ & $0.011058$ & $-0.0448709$ & $-0.0304178$ & $-0.0144184$ & $0.0166924$ & $0.00887337$ & $-0.00138761$ & $0.296807$ & $1$ & $0.0403891$ & $0.359568$ & $0.026842$ & $0.0132527$ & $-0.0697713$ & $-0.113786$ & $0.00361266$ & $-0.0250621$ & $0.00182067$ & $0.00146522$ & $-0.0218214$ & $-0.0126725$ & $0.00212202$ & $-0.0318527$ & $0.114894$ & $0.353186$ & $0.0170003$ & $0.0698916$ \\
CuH_33r & $-0.00767536$ & $-0.0107979$ & $-0.0295574$ & $0.00182308$ & $0.0109778$ & $-0.00564854$ & $0.934257$ & $-0.0467717$ & $-0.000492054$ & $0.0310236$ & $0.047231$ & $-0.0102404$ & $-0.110314$ & $-0.0199198$ & $-0.0270709$ & $-0.00376908$ & $-0.00162718$ & $0.0180008$ & $-0.00166651$ & $-0.0466948$ & $-0.0476774$ & $-0.0462304$ & $-0.00137362$ & $0.0282507$ & $-0.000810111$ & $0.0175245$ & $-0.0295106$ & $-0.0143409$ & $-0.00872441$ & $0.0768966$ & $0.0403891$ & $1$ & $0.0818618$ & $-0.0127918$ & $0.043602$ & $0.0276585$ & $-0.059189$ & $-0.0133911$ & $0.00410317$ & $-0.0207641$ & $0.00934326$ & $0.0115265$ & $0.00820277$ & $-0.0332507$ & $0.030392$ & $-0.0326139$ & $-0.0118605$ & $0.0130054$ & $-0.0190493$ \\
CdH_33r & $-0.00113741$ & $-0.00153558$ & $-0.0816883$ & $-0.00729573$ & $0.0223065$ & $0.00304753$ & $-0.0888172$ & $0.0320878$ & $0.0605964$ & $-0.0685861$ & $-0.0244583$ & $0.259309$ & $0.153311$ & $0.00939402$ & $0.0226236$ & $-0.00358369$ & $-0.0252732$ & $-0.0315568$ & $-0.00956869$ & $0.0245514$ & $0.0248752$ & $0.0235139$ & $-0.00679531$ & $-0.0285335$ & $-0.0216948$ & $-0.00672797$ & $0.00605734$ & $0.0144161$ & $0.033365$ & $0.6278$ & $0.359568$ & $0.0818618$ & $1$ & $-0.00152352$ & $-0.0579119$ & $-0.114274$ & $-0.269161$ & $-0.0388719$ & $-0.0487236$ & $-0.0259965$ & $0.109056$ & $-0.00581539$ & $0.0623966$ & $-0.0344278$ & $-0.145871$ & $0.0164191$ & $0.0910787$ & $0.138619$ & $0.50991$ \\
CLL_1221 & $0.00422919$ & $0.025806$ & $-0.0182132$ & $-0.00605625$ & $-0.00190983$ & $-0.136174$ & $-0.008263$ & $0.552261$ & $0.5418$ & $-0.340657$ & $-0.36231$ & $-0.126303$ & $0.107703$ & $-0.180331$ & $-0.612719$ & $-0.121084$ & $-0.198972$ & $0.096601$ & $-0.293124$ & $0.281362$ & $0.449427$ & $0.444968$ & $0.188386$ & $-0.615067$ & $-0.149359$ & $-0.246983$ & $0.679539$ & $0.152428$ & $0.0207663$ & $0.0162253$ & $0.026842$ & $-0.0127918$ & $-0.00152352$ & $1$ & $0.0052396$ & $0.000804485$ & $0.013423$ & $-0.00030491$ & $-0.0128338$ & $-0.0117212$ & $-0.0176518$ & $0.00289748$ & $-0.0269771$ & $-0.00210023$ & $-0.00670337$ & $0.00431407$ & $0.00413185$ & $0.0112935$ & $-0.0307398$ \\
eHggint & $0.0657251$ & $0.0431458$ & $0.124705$ & $0.156406$ & $-0.00683421$ & $-0.00187948$ & $-0.0412557$ & $-0.000202607$ & $-0.0151695$ & $0.0454214$ & $0.0112536$ & $0.111721$ & $0.0550898$ & $-0.0255992$ & $0.000213947$ & $-0.0156538$ & $-0.0154101$ & $-0.0218936$ & $-0.00442029$ & $-0.0106714$ & $-0.00922729$ & $-0.00289881$ & $0.0271599$ & $-0.0166229$ & $-0.00797655$ & $-0.0245704$ & $0.0192669$ & $-0.0027487$ & $-0.0379908$ & $-0.0856452$ & $0.0132527$ & $0.043602$ & $-0.0579119$ & $0.0052396$ & $1$ & $-0.0506277$ & $0.0606063$ & $0.0270651$ & $0.0765331$ & $0.00600483$ & $-0.132824$ & $-0.00678994$ & $0.132298$ & $0.00938015$ & $-0.00750628$ & $-0.012078$ & $0.131406$ & $0.040327$ & $-0.000389266$ \\
eHggpar & $0.0406813$ & $0.17416$ & $0.0339036$ & $-0.0393881$ & $-0.0256711$ & $-0.00753117$ & $-0.00855345$ & $-0.0152551$ & $-0.0224243$ & $0.0314772$ & $0.00578498$ & $0.0397005$ & $-0.0169885$ & $0.00986794$ & $-0.005789$ & $0.00930667$ & $0.00808737$ & $0.0180801$ & $0.00697477$ & $0.000367736$ & $-0.00411276$ & $-0.00194034$ & $0.00998159$ & $0.0101998$ & $0.00710669$ & $-0.0166686$ & $-0.00899257$ & $-9.24176e-05$ & $0.00484471$ & $-0.0295469$ & $-0.0697713$ & $0.0276585$ & $-0.114274$ & $0.000804485$ & $-0.0506277$ & $1$ & $-0.0294782$ & $0.0246644$ & $-0.0347163$ & $0.00218687$ & $-0.0217207$ & $0.0254741$ & $-0.00934666$ & $0.0427172$ & $0.00463019$ & $-0.0204438$ & $-0.158687$ & $-0.101854$ & $-0.166089$ \\
eHWWint & $0.132072$ & $-0.0133503$ & $0.19465$ & $-0.0245524$ & $0.00766897$ & $-0.0179712$ & $-0.0178903$ & $0.01943$ & $0.00618505$ & $-0.00300529$ & $-0.0310336$ & $0.00875731$ & $0.0225954$ & $0.0175056$ & $0.00710161$ & $0.0153648$ & $0.0313631$ & $0.0201135$ & $0.00862445$ & $0.0335977$ & $0.0308715$ & $0.0236434$ & $-0.00424628$ & $-0.00427$ & $0.0160488$ & $-0.0128501$ & $0.0175503$ & $0.0147384$ & $-0.0241167$ & $-0.185963$ & $-0.113786$ & $-0.059189$ & $-0.269161$ & $0.013423$ & $0.0606063$ & $-0.0294782$ & $1$ & $-0.003481$ & $0.0787045$ & $0.0430693$ & $-0.0597873$ & $0.0243464$ & $-0.011993$ & $0.0884286$ & $0.211983$ & $-0.0829466$ & $-0.0527925$ & $-0.113839$ & $-0.101831$ \\
eHWWpar & $0.0390597$ & $0.00871336$ & $-0.00156426$ & $0.0254797$ & $0.0170355$ & $-0.00688855$ & $-0.0113796$ & $0.0028157$ & $0.00164943$ & $0.00914688$ & $-0.00720043$ & $0.00743614$ & $0.00843266$ & $0.00461226$ & $0.00562093$ & $0.0173965$ & $0.00801971$ & $0.00594556$ & $-0.00424409$ & $0.00900466$ & $0.00522583$ & $0.00337925$ & $0.00365221$ & $0.0022035$ & $-0.00551824$ & $-0.0221879$ & $-0.0155401$ & $0.0100209$ & $-0.00774701$ & $-0.0300961$ & $0.00361266$ & $-0.0133911$ & $-0.0388719$ & $-0.00030491$ & $0.0270651$ & $0.0246644$ & $-0.003481$ & $1$ & $0.00874497$ & $-0.00698413$ & $-0.0203216$ & $-0.00449082$ & $0.046107$ & $0.00343744$ & $0.0414891$ & $0.017572$ & $0.0330032$ & $-0.00843191$ & $-0.0108979$ \\
eHZZint & $-0.0133323$ & $0.0990821$ & $0.116809$ & $-5.49781e-05$ & $-0.0302996$ & $-0.0190388$ & $-0.0104442$ & $-0.0086909$ & $-0.00456678$ & $0.0262626$ & $-0.0139302$ & $-0.00289384$ & $0.00283085$ & $0.0410827$ & $0.0179643$ & $0.0235669$ & $0.047309$ & $0.0309196$ & $0.027351$ & $0.0178562$ & $0.015122$ & $0.0153748$ & $-0.00280519$ & $0.0300935$ & $0.0263473$ & $-0.0186433$ & $-0.026268$ & $0.015831$ & $0.00518692$ & $-0.040266$ & $-0.0250621$ & $0.00410317$ & $-0.0487236$ & $-0.0128338$ & $0.0765331$ & $-0.0347163$ & $0.0787045$ & $0.00874497$ & $1$ & $0.0251788$ & $0.00796142$ & $-0.00527421$ & $0.217336$ & $0.00439553$ & $-0.0496122$ & $0.122492$ & $-0.10711$ & $0.0954978$ & $-0.0558884$ \\
eHZZpar & $0.0364076$ & $0.0138811$ & $0.00477753$ & $0.0365554$ & $-0.00140527$ & $0.0117613$ & $-0.0239334$ & $-0.0233231$ & $-0.0271004$ & $0.0371759$ & $0.016879$ & $0.017097$ & $0.0145662$ & $0.00759243$ & $-0.0095362$ & $-0.0211876$ & $0.00903836$ & $0.0160657$ & $0.0244223$ & $-0.0176277$ & $-0.016559$ & $-0.0173879$ & $-0.0164926$ & $0.00682341$ & $0.0168737$ & $0.0338455$ & $0.00170357$ & $-0.0294175$ & $-0.0163282$ & $-0.0151974$ & $0.00182067$ & $-0.0207641$ & $-0.0259965$ & $-0.0117212$ & $0.00600483$ & $0.00218687$ & $0.0430693$ & $-0.00698413$ & $0.0251788$ & $1$ & $0.0323734$ & $-0.0351942$ & $0.0188917$ & $-0.00280882$ & $0.0168062$ & $0.0358856$ & $0.0343985$ & $-0.019688$ & $0.00526311$ \\
eHZgaint & $0.0116995$ & $-0.165491$ & $-0.097321$ & $-0.144673$ & $0.0227395$ & $-0.00896658$ & $0.0172097$ & $-0.00267569$ & $-0.00476726$ & $-0.0389947$ & $0.00792439$ & $-0.020931$ & $0.0148404$ & $0.00318909$ & $0.000847135$ & $0.0140912$ & $-0.020351$ & $-0.00503636$ & $-0.0149596$ & $-0.0103198$ & $-0.0135191$ & $-0.0150493$ & $-0.0212255$ & $0.00426504$ & $-0.00978007$ & $0.0183919$ & $-0.0140199$ & $-0.00400203$ & $0.0232985$ & $0.0229254$ & $0.00146522$ & $0.00934326$ & $0.109056$ & $-0.0176518$ & $-0.132824$ & $-0.0217207$ & $-0.0597873$ & $-0.0203216$ & $0.00796142$ & $0.0323734$ & $1$ & $0.0062451$ & $-0.0978973$ & $-0.0998205$ & $0.0485074$ & $-0.0935449$ & $-0.0254505$ & $0.00669688$ & $0.167624$ \\
eHZgapar & $-0.00945826$ & $-0.0286806$ & $0.0256515$ & $0.0461511$ & $-0.0291426$ & $-0.0110326$ & $0.0171033$ & $0.0204704$ & $0.0187457$ & $-0.0126988$ & $-0.0174656$ & $-0.00163414$ & $-0.00249965$ & $0.0094819$ & $0.00847087$ & $0.00914176$ & $-0.0136158$ & $-0.0112344$ & $-0.0133929$ & $0.0154892$ & $0.0145768$ & $0.0107075$ & $-0.0136561$ & $-0.00373357$ & $-0.0206024$ & $-0.00417556$ & $-0.00654105$ & $0.0162501$ & $-0.0101438$ & $0.000794147$ & $-0.0218214$ & $0.0115265$ & $-0.00581539$ & $0.00289748$ & $-0.00678994$ & $0.0254741$ & $0.0243464$ & $-0.00449082$ & $-0.00527421$ & $-0.0351942$ & $0.0062451$ & $1$ & $-0.0499819$ & $-0.00339284$ & $0.0317372$ & $0.0142624$ & $-0.0131348$ & $0.00417014$ & $0.00231776$ \\
eHgagaint & $0.0908546$ & $0.0484723$ & $0.0974913$ & $-0.0198766$ & $-0.0556744$ & $-0.00691244$ & $-0.0141732$ & $-0.0427034$ & $0.014606$ & $0.0574724$ & $0.0331394$ & $0.0341067$ & $-0.0186088$ & $-0.000248017$ & $-0.00190379$ & $-0.00101689$ & $0.0138868$ & $0.0182388$ & $0.0156457$ & $-0.0291393$ & $-0.0364245$ & $-0.0356738$ & $0.00765488$ & $0.0252936$ & $-0.000518052$ & $0.00721142$ & $-0.0339992$ & $-0.022358$ & $0.0153$ & $0.00355887$ & $-0.0126725$ & $0.00820277$ & $0.0623966$ & $-0.0269771$ & $0.132298$ & $-0.00934666$ & $-0.011993$ & $0.046107$ & $0.217336$ & $0.0188917$ & $-0.0978973$ & $-0.0499819$ & $1$ & $-0.00979444$ & $0.00738878$ & $0.0409074$ & $-0.0726063$ & $0.0292948$ & $0.116807$ \\
eHmumuint & $0.11613$ & $0.173946$ & $0.0815938$ & $0.115896$ & $-0.00277284$ & $0.0375171$ & $-0.0370096$ & $-0.0185021$ & $-0.0206133$ & $0.00241695$ & $0.0138731$ & $0.0127157$ & $-0.00388982$ & $0.00328677$ & $-0.00757081$ & $0.0131931$ & $-0.00668668$ & $0.00956026$ & $-0.00801309$ & $-0.00766416$ & $-0.0123418$ & $-0.0157505$ & $-0.00420962$ & $5.90871e-05$ & $-0.0134184$ & $-0.00307146$ & $-0.0180313$ & $-0.0119827$ & $0.00204137$ & $-0.0297524$ & $0.00212202$ & $-0.0332507$ & $-0.0344278$ & $-0.00210023$ & $0.00938015$ & $0.0427172$ & $0.0884286$ & $0.00343744$ & $0.00439553$ & $-0.00280882$ & $-0.0998205$ & $-0.00339284$ & $-0.00979444$ & $1$ & $-0.0612411$ & $0.0330779$ & $0.0115266$ & $-0.0265126$ & $-0.0496796$ \\
eHtautauint & $0.0390233$ & $0.0543447$ & $0.0372782$ & $-0.0379122$ & $-0.00728753$ & $-0.0212294$ & $0.0435132$ & $-0.00813317$ & $-0.00764881$ & $0.0136561$ & $0.002422$ & $0.00107692$ & $-0.0191714$ & $-0.0027601$ & $0.00605632$ & $0.0195389$ & $0.00814907$ & $0.0055998$ & $-0.00888575$ & $0.00293348$ & $-0.00303185$ & $-0.00508896$ & $-0.00590239$ & $0.0242944$ & $0.000240101$ & $-0.00596476$ & $-0.00889981$ & $-0.00324216$ & $0.00589008$ & $0.0178086$ & $-0.0318527$ & $0.030392$ & $-0.145871$ & $-0.00670337$ & $-0.00750628$ & $0.00463019$ & $0.211983$ & $0.0414891$ & $-0.0496122$ & $0.0168062$ & $0.0485074$ & $0.0317372$ & $0.00738878$ & $-0.0612411$ & $1$ & $0.0357396$ & $-0.0210749$ & $-0.0921216$ & $-0.172816$ \\
eHccint & $0.0187835$ & $-0.0221138$ & $0.137041$ & $0.12046$ & $-0.031107$ & $0.00518615$ & $-0.0438832$ & $-0.00196067$ & $0.00323018$ & $0.0259291$ & $-0.00243544$ & $0.0146841$ & $-0.00320482$ & $0.016248$ & $-0.0122257$ & $-0.0112242$ & $0.00629678$ & $0.0187745$ & $0.0173035$ & $0.00232527$ & $0.00364558$ & $0.000435501$ & $-0.013544$ & $-0.0021314$ & $-0.00646294$ & $0.00182655$ & $-0.0190687$ & $0.007637$ & $-0.0202994$ & $0.0413787$ & $0.114894$ & $-0.0326139$ & $0.0164191$ & $0.00431407$ & $-0.012078$ & $-0.0204438$ & $-0.0829466$ & $0.017572$ & $0.122492$ & $0.0358856$ & $-0.0935449$ & $0.0142624$ & $0.0409074$ & $0.0330779$ & $0.0357396$ & $1$ & $0.0537045$ & $-0.19085$ & $0.0280951$ \\
eHccpar & $0.0370092$ & $-0.0314145$ & $-0.0740857$ & $-0.0431866$ & $0.035625$ & $-0.00238939$ & $-0.0280803$ & $0.0116775$ & $0.0010286$ & $0.0254983$ & $-0.0204817$ & $0.0119213$ & $-0.00261258$ & $0.0312886$ & $-0.00105038$ & $0.00345735$ & $0.0120577$ & $0.0193338$ & $0.0154149$ & $0.018938$ & $0.0194824$ & $0.0218927$ & $0.0131895$ & $-0.00997867$ & $0.00945752$ & $-0.0157907$ & $-0.000324088$ & $0.00127409$ & $-0.0114441$ & $0.0255522$ & $0.353186$ & $-0.0118605$ & $0.0910787$ & $0.00413185$ & $0.131406$ & $-0.158687$ & $-0.0527925$ & $0.0330032$ & $-0.10711$ & $0.0343985$ & $-0.0254505$ & $-0.0131348$ & $-0.0726063$ & $0.0115266$ & $-0.0210749$ & $0.0537045$ & $1$ & $0.0356206$ & $0.150267$ \\
eHbbint & $-0.0614142$ & $0.134791$ & $0.00816197$ & $-0.092437$ & $0.000901711$ & $-0.00368656$ & $0.0061074$ & $-0.00361509$ & $-0.00085706$ & $0.0118371$ & $-0.00335745$ & $-0.00572988$ & $-0.012387$ & $0.0131279$ & $-0.00602629$ & $-0.00271501$ & $0.0167475$ & $0.0149099$ & $0.0160803$ & $0.00580188$ & $0.00850537$ & $0.00737744$ & $0.0117263$ & $0.0141121$ & $0.01221$ & $-0.0147669$ & $0.00229711$ & $-0.00397129$ & $0.0205176$ & $0.0038001$ & $0.0170003$ & $0.0130054$ & $0.138619$ & $0.0112935$ & $0.040327$ & $-0.101854$ & $-0.113839$ & $-0.00843191$ & $0.0954978$ & $-0.019688$ & $0.00669688$ & $0.00417014$ & $0.0292948$ & $-0.0265126$ & $-0.0921216$ & $-0.19085$ & $0.0356206$ & $1$ & $-0.0183856$ \\
eHbbpar & $0.0648819$ & $0.00767361$ & $-0.0911167$ & $0.0201462$ & $0.0205707$ & $-0.00550941$ & $-0.0214033$ & $-0.00447126$ & $0.00519722$ & $0.0238056$ & $-0.00396225$ & $0.0234633$ & $0.0102897$ & $0.024125$ & $0.0262443$ & $-0.00988997$ & $0.0042813$ & $-0.00513827$ & $0.0233544$ & $0.0049671$ & $-9.90472e-05$ & $0.00285777$ & $-0.022574$ & $0.00476508$ & $0.00347618$ & $0.0148483$ & $-0.0116826$ & $0.00385714$ & $0.00760021$ & $0.0242674$ & $0.0698916$ & $-0.0190493$ & $0.50991$ & $-0.0307398$ & $-0.000389266$ & $-0.166089$ & $-0.101831$ & $-0.0108979$ & $-0.0558884$ & $0.00526311$ & $0.167624$ & $0.00231776$ & $0.116807$ & $-0.0496796$ & $-0.172816$ & $0.0280951$ & $0.150267$ & $-0.0183856$ & $1$ \\
