 & AlsMz & dAle5Mz & mtop & mHl & Mz & CW & CHG & CHWB & CHWHB_gaga & CHWHB_gagaorth & CHD & CHbox & CH & CHL1_11 & CHL1_22 & CHL1_33 & CHL3_11 & CHL3_22 & CHL3_33 & CHe_11 & CHe_22 & CHe_33 & CHQ1_11 & CHQ1_33 & CHQ3_11 & CHu_11 & CHd_11 & CHd_33 & CeH_22r & CeH_33r & CuH_22r & CuH_33r & CdH_33r & CLL_1221 & eHggint & eHggpar & eHWWint & eHWWpar & eHZZint & eHZZpar & eHZgaint & eHZgapar & eHgagaint & eHmumuint & eHtautauint & eHccint & eHccpar & eHbbint & eHbbpar \\
AlsMz & $1$ & $-0.134518$ & $-0.0664928$ & $-0.143003$ & $0.00687385$ & $0.00150166$ & $0.00454946$ & $-0.00686919$ & $-0.0172323$ & $-0.00675895$ & $0.00767486$ & $0.00157466$ & $-0.00576597$ & $-0.0124767$ & $-0.0177516$ & $-0.0154592$ & $-0.0106199$ & $0.00106126$ & $0.000355727$ & $-0.0172109$ & $-0.0149733$ & $-0.0157794$ & $0.00186027$ & $-0.0478773$ & $-0.085283$ & $-0.0165905$ & $-0.0162728$ & $-0.00816577$ & $-0.00904173$ & $-0.0040966$ & $-0.0207192$ & $0.0156567$ & $-0.0588536$ & $0.0015706$ & $0.0901386$ & $0.202249$ & $-0.0823058$ & $-0.00788509$ & $-0.178346$ & $0.000756879$ & $0.140984$ & $-0.0354599$ & $-0.122355$ & $-0.254177$ & $-0.0569786$ & $0.0612475$ & $-0.103112$ & $-0.110814$ & $-0.131823$ \\
dAle5Mz & $-0.134518$ & $1$ & $0.124542$ & $-0.00394824$ & $0.00875759$ & $0.00914633$ & $0.00694507$ & $-0.0681486$ & $-0.0706575$ & $0.0509147$ & $0.0540496$ & $0.0468685$ & $-0.00653595$ & $-0.0116853$ & $-0.0198555$ & $-0.0152358$ & $0.0220682$ & $0.0234513$ & $0.0211059$ & $-0.0367045$ & $-0.0354555$ & $-0.0318654$ & $-0.00738561$ & $0.0348567$ & $0.0303627$ & $0.0249836$ & $-0.0113269$ & $-0.00850699$ & $-0.0103164$ & $-0.0149788$ & $0.0281457$ & $0.0130409$ & $0.0639912$ & $0.00600948$ & $0.0529859$ & $-0.0256639$ & $0.0618914$ & $-0.00861697$ & $-0.132581$ & $-0.0491043$ & $-0.270204$ & $0.00248698$ & $-0.0767693$ & $0.0755658$ & $-0.0922664$ & $0.0808604$ & $0.164084$ & $0.135985$ & $0.155657$ \\
mtop & $-0.0664928$ & $0.124542$ & $1$ & $0.0885782$ & $0.00730537$ & $0.00547616$ & $0.00898482$ & $-0.0200512$ & $-0.0302295$ & $0.0117438$ & $0.0282629$ & $0.0144629$ & $-0.0151872$ & $-0.0120451$ & $-0.0269394$ & $-0.0169572$ & $-0.00283218$ & $0.0105632$ & $0.00582687$ & $-0.0236339$ & $-0.0189791$ & $-0.014261$ & $-0.000412649$ & $0.00907515$ & $0.0110984$ & $0.0216959$ & $0.0123055$ & $-0.00162294$ & $0.00237663$ & $-0.00729028$ & $0.00256934$ & $0.0115392$ & $-0.00862033$ & $0.0133173$ & $0.0764898$ & $-0.0300711$ & $-0.0553531$ & $-0.0204364$ & $-0.051039$ & $0.00440928$ & $-0.128929$ & $-0.0228817$ & $-0.210781$ & $-0.0713789$ & $-0.0719731$ & $0.0764497$ & $-0.000533742$ & $-0.0283187$ & $-0.00546994$ \\
mHl & $-0.143003$ & $-0.00394824$ & $0.0885782$ & $1$ & $-0.0371061$ & $-0.00330427$ & $-0.00648113$ & $0.00498414$ & $0.00519652$ & $-0.0081629$ & $-0.000503028$ & $-0.00556531$ & $0.00704045$ & $-0.00240027$ & $0.00365844$ & $-0.0108564$ & $-0.00666201$ & $-0.00919688$ & $0.000676537$ & $0.00076583$ & $0.00272878$ & $0.00482054$ & $0.00617928$ & $-0.000509878$ & $0.000219333$ & $-0.000596344$ & $-0.000477347$ & $0.0134052$ & $0.00335344$ & $-0.0168136$ & $0.00770618$ & $-0.00909813$ & $0.00961564$ & $0.000194951$ & $-0.0398874$ & $0.0629172$ & $0.157671$ & $-0.00443236$ & $-0.137917$ & $-0.00198508$ & $0.07976$ & $-0.0438643$ & $0.0199592$ & $-0.0547411$ & $-0.134923$ & $0.26049$ & $-0.00123017$ & $0.027201$ & $0.0522085$ \\
Mz & $0.00687385$ & $0.00875759$ & $0.00730537$ & $-0.0371061$ & $1$ & $-0.00162978$ & $0.00258356$ & $-0.0096222$ & $-0.0087958$ & $0.00309863$ & $0.0158772$ & $-0.00823343$ & $-0.00954826$ & $0.0028435$ & $0.00863054$ & $0.00120487$ & $0.0112723$ & $0.00110223$ & $0.00610518$ & $-0.00505172$ & $-0.0052117$ & $-0.00216009$ & $-0.0104958$ & $0.00938088$ & $0.00583485$ & $0.00872723$ & $-0.00665497$ & $-0.000696091$ & $0.00288433$ & $-0.00505743$ & $-0.00320872$ & $0.00579927$ & $-0.0067947$ & $-0.0133542$ & $0.00946546$ & $0.00169433$ & $-0.0143412$ & $0.00161085$ & $0.000569702$ & $-0.00648491$ & $-0.00287251$ & $-0.0170442$ & $0.00305186$ & $0.00978214$ & $-0.00448354$ & $0.0100483$ & $0.00639075$ & $-0.0135885$ & $-0.00998846$ \\
CW & $0.00150166$ & $0.00914633$ & $0.00547616$ & $-0.00330427$ & $-0.00162978$ & $1$ & $-0.00358775$ & $-0.119879$ & $-0.11819$ & $0.0227778$ & $0.176206$ & $0.0522962$ & $-0.00567352$ & $0.0347844$ & $-0.0811933$ & $-0.0767904$ & $-0.254909$ & $-0.0408947$ & $-0.0419754$ & $-0.174257$ & $-0.178706$ & $-0.172589$ & $-0.0087893$ & $0.00601334$ & $-0.0816913$ & $0.099544$ & $-0.0745309$ & $-0.0648406$ & $-0.00360441$ & $-0.00259046$ & $-0.00918938$ & $-0.000978447$ & $-0.00753645$ & $-0.117524$ & $0.0110404$ & $0.0120607$ & $0.0216651$ & $0.00582084$ & $-0.00625255$ & $0.00196261$ & $0.0014801$ & $-0.00320972$ & $0.00799125$ & $0.00163996$ & $0.0029038$ & $-0.00663123$ & $0.000645504$ & $0.00840103$ & $0.00243235$ \\
CHG & $0.00454946$ & $0.00694507$ & $0.00898482$ & $-0.00648113$ & $0.00258356$ & $-0.00358775$ & $1$ & $-0.110565$ & $-0.0634389$ & $0.0731088$ & $0.0630924$ & $-0.121817$ & $-0.308756$ & $0.0585609$ & $-0.0215354$ & $-0.0296722$ & $0.0963417$ & $0.103922$ & $0.109361$ & $-0.0606794$ & $-0.0659455$ & $-0.0666712$ & $0.00542703$ & $0.115741$ & $0.10171$ & $0.0228803$ & $-0.046808$ & $-0.0156579$ & $0.00153506$ & $-0.136761$ & $-0.0813144$ & $0.93341$ & $-0.168921$ & $-0.0714007$ & $-0.021518$ & $-0.0352106$ & $0.00623545$ & $0.0126035$ & $-0.00172708$ & $-0.00909806$ & $0.000347334$ & $0.0065996$ & $-0.0516169$ & $-0.0178538$ & $0.000191215$ & $0.0254182$ & $0.00240228$ & $-0.00581136$ & $0.0108626$ \\
CHWB & $-0.00686919$ & $-0.0681486$ & $-0.0200512$ & $0.00498414$ & $-0.0096222$ & $-0.119879$ & $-0.110565$ & $1$ & $0.985326$ & $-0.585173$ & $-0.879915$ & $-0.133035$ & $0.351224$ & $0.0840842$ & $0.297402$ & $0.305325$ & $-0.253281$ & $-0.443543$ & $-0.451579$ & $0.851145$ & $0.897348$ & $0.880409$ & $0.0598207$ & $-0.677972$ & $-0.408817$ & $-0.501775$ & $0.429475$ & $0.296482$ & $0.0122087$ & $0.110564$ & $0.0545318$ & $-0.10277$ & $0.115531$ & $0.569192$ & $-0.00429584$ & $0.0104657$ & $-0.0107578$ & $0.00130769$ & $0.0212214$ & $0.029476$ & $0.0288604$ & $0.0112753$ & $0.0113342$ & $-0.0134573$ & $0.0223958$ & $-0.00981137$ & $-0.00303839$ & $-0.00677815$ & $-0.0103266$ \\
CHWHB_gaga & $-0.0172323$ & $-0.0706575$ & $-0.0302295$ & $0.00519652$ & $-0.0087958$ & $-0.11819$ & $-0.0634389$ & $0.985326$ & $1$ & $-0.575098$ & $-0.864314$ & $-0.112252$ & $0.347691$ & $0.0766479$ & $0.294075$ & $0.301125$ & $-0.255162$ & $-0.442707$ & $-0.45013$ & $0.836419$ & $0.881298$ & $0.864333$ & $0.0583622$ & $-0.670648$ & $-0.407234$ & $-0.491686$ & $0.42198$ & $0.290984$ & $0.0174624$ & $0.13101$ & $0.0661793$ & $-0.0648803$ & $0.136097$ & $0.559639$ & $-0.0209785$ & $0.00296557$ & $-0.0151448$ & $0.000886643$ & $0.0192869$ & $0.0273097$ & $0.0239493$ & $0.0135535$ & $0.0602063$ & $-0.0129738$ & $0.0243784$ & $0.00076367$ & $-0.00441247$ & $-0.00571924$ & $-0.0147547$ \\
CHWHB_gagaorth & $-0.00675895$ & $0.0509147$ & $0.0117438$ & $-0.0081629$ & $0.00309863$ & $0.0227778$ & $0.0731088$ & $-0.585173$ & $-0.575098$ & $1$ & $0.374905$ & $0.495002$ & $-0.254022$ & $0.224911$ & $-0.13062$ & $-0.134987$ & $0.430252$ & $0.489701$ & $0.491839$ & $-0.359994$ & $-0.391114$ & $-0.384688$ & $-0.0518905$ & $0.556933$ & $0.475794$ & $0.220541$ & $-0.249924$ & $-0.128547$ & $-0.0128997$ & $-0.1337$ & $-0.0612242$ & $0.0869884$ & $-0.143458$ & $-0.360319$ & $0.0554258$ & $0.0113286$ & $0.00600863$ & $-0.00525937$ & $-0.0107251$ & $-0.00754001$ & $-0.0461558$ & $-0.0109256$ & $-0.0100646$ & $0.0413431$ & $-0.0164599$ & $0.0127826$ & $0.024973$ & $0.0163629$ & $0.00221984$ \\
CHD & $0.00767486$ & $0.0540496$ & $0.0282629$ & $-0.000503028$ & $0.0158772$ & $0.176206$ & $0.0630924$ & $-0.879915$ & $-0.864314$ & $0.374905$ & $1$ & $0.224647$ & $-0.172546$ & $-0.500001$ & $-0.421312$ & $-0.42456$ & $-0.200755$ & $0.0777081$ & $0.0886105$ & $-0.990406$ & $-0.99123$ & $-0.969815$ & $-0.00714123$ & $0.315339$ & $0.0296583$ & $0.559796$ & $-0.296341$ & $-0.333378$ & $-0.00119438$ & $-0.0634158$ & $-0.0355747$ & $0.0685825$ & $-0.0645967$ & $-0.372667$ & $0.0123273$ & $-0.0160722$ & $0.00618941$ & $-0.000610971$ & $-0.018962$ & $-0.0305214$ & $-0.0191607$ & $-0.0063886$ & $-0.0110306$ & $0.00561581$ & $-0.0207481$ & $0.00123367$ & $-0.0072534$ & $0.00249454$ & $0.00221573$ \\
CHbox & $0.00157466$ & $0.0468685$ & $0.0144629$ & $-0.00556531$ & $-0.00823343$ & $0.0522962$ & $-0.121817$ & $-0.133035$ & $-0.112252$ & $0.495002$ & $0.224647$ & $1$ & $0.379997$ & $-0.239573$ & $-0.0185428$ & $-0.019247$ & $-0.194588$ & $-0.152866$ & $-0.148473$ & $-0.204794$ & $-0.228905$ & $-0.221468$ & $-0.0267531$ & $-0.0317015$ & $-0.153619$ & $0.135486$ & $-0.109925$ & $-0.0810886$ & $0.0430635$ & $0.282701$ & $0.0855902$ & $-0.0260293$ & $0.337914$ & $-0.0992049$ & $0.110859$ & $0.0273795$ & $3.05234e-05$ & $-0.00553542$ & $-0.0285551$ & $-0.00874485$ & $-0.0423486$ & $-0.00676198$ & $-0.00563317$ & $0.0462162$ & $-0.00668423$ & $-0.00425642$ & $0.0206321$ & $0.0232352$ & $-0.0112095$ \\
CH & $-0.00576597$ & $-0.00653595$ & $-0.0151872$ & $0.00704045$ & $-0.00954826$ & $-0.00567352$ & $-0.308756$ & $0.351224$ & $0.347691$ & $-0.254022$ & $-0.172546$ & $0.379997$ & $1$ & $-0.248339$ & $0.0767655$ & $0.0822506$ & $-0.361663$ & $-0.390055$ & $-0.390096$ & $0.168555$ & $0.183171$ & $0.182993$ & $0.0219874$ & $-0.395699$ & $-0.377822$ & $-0.0953533$ & $0.137945$ & $0.0626752$ & $0.0509285$ & $0.278262$ & $0.120767$ & $-0.252744$ & $0.343098$ & $0.218051$ & $0.0516028$ & $0.0192718$ & $-0.00184425$ & $0.00245917$ & $-0.0134161$ & $0.00603764$ & $-0.0044978$ & $0.0005428$ & $0.0273853$ & $0.0217855$ & $0.0129742$ & $-0.0194245$ & $-0.00860759$ & $0.0146425$ & $-0.00736637$ \\
CHL1_11 & $-0.0124767$ & $-0.0116853$ & $-0.0120451$ & $-0.00240027$ & $0.0028435$ & $0.0347844$ & $0.0585609$ & $0.0840842$ & $0.0766479$ & $0.224911$ & $-0.500001$ & $-0.239573$ & $-0.248339$ & $1$ & $0.272367$ & $0.263578$ & $0.657119$ & $0.598454$ & $0.591816$ & $0.519306$ & $0.459895$ & $0.444431$ & $-0.0741015$ & $0.475284$ & $0.601538$ & $-0.26946$ & $-0.105767$ & $0.158966$ & $-0.0184187$ & $-0.0600933$ & $-0.0206709$ & $0.0328042$ & $-0.0707116$ & $-0.22456$ & $-0.0212344$ & $0.0093618$ & $0.00939219$ & $0.0020215$ & $0.011998$ & $0.0190146$ & $-0.00422109$ & $-0.00581464$ & $-0.000426125$ & $0.00515064$ & $0.00740694$ & $0.0130155$ & $0.0151832$ & $0.0016367$ & $0.00841371$ \\
CHL1_22 & $-0.0177516$ & $-0.0198555$ & $-0.0269394$ & $0.00365844$ & $0.00863054$ & $-0.0811933$ & $-0.0215354$ & $0.297402$ & $0.294075$ & $-0.13062$ & $-0.421312$ & $-0.0185428$ & $0.0767655$ & $0.272367$ & $1$ & $0.454014$ & $0.159129$ & $-0.445891$ & $-0.0408357$ & $0.486663$ & $0.33745$ & $0.329257$ & $-0.175758$ & $0.102117$ & $-0.136949$ & $-0.194752$ & $-0.395893$ & $0.120975$ & $0.00208924$ & $0.0372549$ & $0.0184564$ & $-0.0214272$ & $0.0327709$ & $-0.586252$ & $-0.0100317$ & $0.0118416$ & $0.0121929$ & $0.00276456$ & $0.0041763$ & $0.00627559$ & $0.00578057$ & $-0.00739725$ & $0.0151485$ & $0.0146781$ & $0.0157576$ & $-0.00247108$ & $0.0164356$ & $0.00943331$ & $-0.0039262$ \\
CHL1_33 & $-0.0154592$ & $-0.0152358$ & $-0.0169572$ & $-0.0108564$ & $0.00120487$ & $-0.0767904$ & $-0.0296722$ & $0.305325$ & $0.301125$ & $-0.134987$ & $-0.42456$ & $-0.019247$ & $0.0822506$ & $0.263578$ & $0.454014$ & $1$ & $0.152792$ & $-0.0380761$ & $-0.444087$ & $0.489066$ & $0.34396$ & $0.360996$ & $-0.172398$ & $0.0936$ & $-0.136142$ & $-0.195286$ & $-0.376594$ & $0.12293$ & $0.00580145$ & $0.0446721$ & $0.0161977$ & $-0.0280024$ & $0.0369031$ & $-0.0940333$ & $-0.00694504$ & $0.00593982$ & $0.000149611$ & $-0.0135603$ & $-0.00899172$ & $0.0113677$ & $0.00273185$ & $-0.00676673$ & $0.0107177$ & $0.00871758$ & $0.0199024$ & $-0.0107579$ & $0.0141249$ & $-0.00576132$ & $-0.00786231$ \\
CHL3_11 & $-0.0106199$ & $0.0220682$ & $-0.00283218$ & $-0.00666201$ & $0.0112723$ & $-0.254909$ & $0.0963417$ & $-0.253281$ & $-0.255162$ & $0.430252$ & $-0.200755$ & $-0.194588$ & $-0.361663$ & $0.657119$ & $0.159129$ & $0.152792$ & $1$ & $0.739507$ & $0.734061$ & $0.223274$ & $0.168209$ & $0.15987$ & $-0.0716644$ & $0.683672$ & $0.778665$ & $-0.102021$ & $-0.168618$ & $0.0697557$ & $-0.0221139$ & $-0.10114$ & $-0.0404733$ & $0.0699763$ & $-0.103683$ & $-0.257315$ & $-0.0133677$ & $0.0085198$ & $0.0031493$ & $-0.00361372$ & $-0.00254751$ & $-0.00178737$ & $-0.018988$ & $-0.00853124$ & $-0.00324459$ & $0.0198599$ & $-0.00673418$ & $0.0169698$ & $0.0192478$ & $0.0106025$ & $0.0195828$ \\
CHL3_22 & $0.00106126$ & $0.0234513$ & $0.0105632$ & $-0.00919688$ & $0.00110223$ & $-0.0408947$ & $0.103922$ & $-0.443543$ & $-0.442707$ & $0.489701$ & $0.0777081$ & $-0.152866$ & $-0.390055$ & $0.598454$ & $-0.445891$ & $-0.0380761$ & $0.739507$ & $1$ & $0.681411$ & $-0.0793863$ & $-0.0728088$ & $-0.0729753$ & $0.0103792$ & $0.629604$ & $0.799337$ & $0.0343001$ & $-0.0133371$ & $-0.0187874$ & $-0.0211397$ & $-0.113555$ & $-0.0488584$ & $0.0790502$ & $-0.119451$ & $0.0193346$ & $-0.0103414$ & $-0.000757217$ & $-0.00115186$ & $-0.00382682$ & $-0.00425601$ & $-0.00134445$ & $-0.0194742$ & $-0.00463451$ & $-0.010615$ & $0.00533046$ & $-0.0116419$ & $0.0147728$ & $0.00619461$ & $-0.00189326$ & $0.0149968$ \\
CHL3_33 & $0.000355727$ & $0.0211059$ & $0.00582687$ & $0.000676537$ & $0.00610518$ & $-0.0419754$ & $0.109361$ & $-0.451579$ & $-0.45013$ & $0.491839$ & $0.0886105$ & $-0.148473$ & $-0.390096$ & $0.591816$ & $-0.0408357$ & $-0.444087$ & $0.734061$ & $0.681411$ & $1$ & $-0.0908537$ & $-0.0833069$ & $-0.0815642$ & $0.0123914$ & $0.627928$ & $0.797983$ & $0.0404479$ & $-0.0138478$ & $-0.0235432$ & $-0.024696$ & $-0.117206$ & $-0.0474587$ & $0.0840295$ & $-0.120164$ & $-0.351252$ & $-0.0114898$ & $0.00316023$ & $0.00838848$ & $0.00823002$ & $0.0073384$ & $-0.00678449$ & $-0.0182687$ & $-0.00710291$ & $-0.00950298$ & $0.00861306$ & $-0.0143266$ & $0.0210002$ & $0.00707679$ & $0.0118392$ & $0.0198703$ \\
CHe_11 & $-0.0172109$ & $-0.0367045$ & $-0.0236339$ & $0.00076583$ & $-0.00505172$ & $-0.174257$ & $-0.0606794$ & $0.851145$ & $0.836419$ & $-0.359994$ & $-0.990406$ & $-0.204794$ & $0.168555$ & $0.519306$ & $0.486663$ & $0.489066$ & $0.223274$ & $-0.0793863$ & $-0.0908537$ & $1$ & $0.97257$ & $0.95225$ & $-0.0181056$ & $-0.261493$ & $-0.0228206$ & $-0.549388$ & $0.221013$ & $0.328034$ & $0.00247298$ & $0.064679$ & $0.035481$ & $-0.0656201$ & $0.0654923$ & $0.293391$ & $-0.0126746$ & $0.0143556$ & $-0.00408705$ & $0.000777401$ & $0.0148765$ & $0.0276595$ & $0.0113439$ & $0.00546903$ & $0.0117088$ & $-0.00168035$ & $0.0205669$ & $-0.000441397$ & $0.0113171$ & $-0.00110132$ & $-0.000324419$ \\
CHe_22 & $-0.0149733$ & $-0.0354555$ & $-0.0189791$ & $0.00272878$ & $-0.0052117$ & $-0.178706$ & $-0.0659455$ & $0.897348$ & $0.881298$ & $-0.391114$ & $-0.99123$ & $-0.228905$ & $0.183171$ & $0.459895$ & $0.33745$ & $0.34396$ & $0.168209$ & $-0.0728088$ & $-0.0833069$ & $0.97257$ & $1$ & $0.974982$ & $0.0349635$ & $-0.370146$ & $-0.0349852$ & $-0.561977$ & $0.377188$ & $0.334294$ & $0.0017851$ & $0.0639361$ & $0.0367216$ & $-0.0711953$ & $0.0680271$ & $0.458404$ & $-0.0106208$ & $0.013563$ & $-0.00577055$ & $0.00116064$ & $0.018506$ & $0.0297852$ & $0.0136656$ & $0.00825073$ & $0.00786551$ & $-0.00535248$ & $0.0182729$ & $0.000721291$ & $0.0084669$ & $-0.000505907$ & $0.00141729$ \\
CHe_33 & $-0.0157794$ & $-0.0318654$ & $-0.014261$ & $0.00482054$ & $-0.00216009$ & $-0.172589$ & $-0.0666712$ & $0.880409$ & $0.864333$ & $-0.384688$ & $-0.969815$ & $-0.221468$ & $0.182993$ & $0.444431$ & $0.329257$ & $0.360996$ & $0.15987$ & $-0.0729753$ & $-0.0815642$ & $0.95225$ & $0.974982$ & $1$ & $0.0349538$ & $-0.364913$ & $-0.0354157$ & $-0.548541$ & $0.372637$ & $0.326368$ & $0.000987867$ & $0.062699$ & $0.0347777$ & $-0.070877$ & $0.0666934$ & $0.453824$ & $-0.0101282$ & $0.0120888$ & $-0.00582007$ & $-0.00164689$ & $0.0189886$ & $0.0281972$ & $0.0122864$ & $0.00421331$ & $0.00561143$ & $-0.00555878$ & $0.019091$ & $0.00168485$ & $0.00764482$ & $0.00237178$ & $0.00212584$ \\
CHQ1_11 & $0.00186027$ & $-0.00738561$ & $-0.000412649$ & $0.00617928$ & $-0.0104958$ & $-0.0087893$ & $0.00542703$ & $0.0598207$ & $0.0583622$ & $-0.0518905$ & $-0.00714123$ & $-0.0267531$ & $0.0219874$ & $-0.0741015$ & $-0.175758$ & $-0.172398$ & $-0.0716644$ & $0.0103792$ & $0.0123914$ & $-0.0181056$ & $0.0349635$ & $0.0349538$ & $1$ & $-0.12858$ & $0.0819506$ & $-0.678204$ & $0.341406$ & $0.0158256$ & $0.00779766$ & $0.000939186$ & $0.00129049$ & $0.00483331$ & $-0.00228918$ & $0.195257$ & $-0.00454821$ & $-0.000416326$ & $-0.00667193$ & $-0.000478185$ & $0.00480229$ & $0.015101$ & $0.00695875$ & $0.00194395$ & $-0.00222218$ & $-0.0082052$ & $0.00554248$ & $0.00437844$ & $0.00079222$ & $-0.00331505$ & $0.00215129$ \\
CHQ1_33 & $-0.0478773$ & $0.0348567$ & $0.00907515$ & $-0.000509878$ & $0.00938088$ & $0.00601334$ & $0.115741$ & $-0.677972$ & $-0.670648$ & $0.556933$ & $0.315339$ & $-0.0317015$ & $-0.395699$ & $0.475284$ & $0.102117$ & $0.0936$ & $0.683672$ & $0.629604$ & $0.627928$ & $-0.261493$ & $-0.370146$ & $-0.364913$ & $-0.12858$ & $1$ & $0.646304$ & $0.199862$ & $-0.427513$ & $-0.0172974$ & $-0.0156771$ & $-0.113416$ & $-0.052929$ & $0.0958006$ & $-0.119122$ & $-0.632764$ & $-0.00974993$ & $-0.00884781$ & $0.0188098$ & $-0.00534529$ & $-0.00278508$ & $-0.0140446$ & $-0.0248977$ & $-0.0126864$ & $-0.00137435$ & $0.0319671$ & $-0.00716578$ & $0.00995574$ & $0.0125667$ & $0.0119279$ & $0.0197603$ \\
CHQ3_11 & $-0.085283$ & $0.0303627$ & $0.0110984$ & $0.000219333$ & $0.00583485$ & $-0.0816913$ & $0.10171$ & $-0.408817$ & $-0.407234$ & $0.475794$ & $0.0296583$ & $-0.153619$ & $-0.377822$ & $0.601538$ & $-0.136949$ & $-0.136142$ & $0.778665$ & $0.799337$ & $0.797983$ & $-0.0228206$ & $-0.0349852$ & $-0.0354157$ & $0.0819506$ & $0.646304$ & $1$ & $0.0164116$ & $0.197181$ & $-0.00373607$ & $-0.0168543$ & $-0.111449$ & $-0.04582$ & $0.0755943$ & $-0.114395$ & $-0.206022$ & $-0.019237$ & $-0.0143851$ & $0.00976483$ & $-0.000609801$ & $0.0174005$ & $-0.00220281$ & $-0.0315021$ & $-0.000353115$ & $0.000236493$ & $0.0313873$ & $-0.00457585$ & $0.0120428$ & $0.0125951$ & $0.0119068$ & $0.0209397$ \\
CHu_11 & $-0.0165905$ & $0.0249836$ & $0.0216959$ & $-0.000596344$ & $0.00872723$ & $0.099544$ & $0.0228803$ & $-0.501775$ & $-0.491686$ & $0.220541$ & $0.559796$ & $0.135486$ & $-0.0953533$ & $-0.26946$ & $-0.194752$ & $-0.195286$ & $-0.102021$ & $0.0343001$ & $0.0404479$ & $-0.549388$ & $-0.561977$ & $-0.548541$ & $-0.678204$ & $0.199862$ & $0.0164116$ & $1$ & $-0.178421$ & $-0.18769$ & $-0.000321458$ & $-0.0314241$ & $-0.0154286$ & $0.0277779$ & $-0.0317364$ & $-0.250972$ & $0.0115897$ & $-0.0157697$ & $0.00821083$ & $0.00355907$ & $-0.00304498$ & $-0.0262354$ & $-0.0109771$ & $0.00195947$ & $-0.000210081$ & $0.0188534$ & $-0.011048$ & $-0.00702628$ & $-0.00986135$ & $0.00362212$ & $-0.0092677$ \\
CHd_11 & $-0.0162728$ & $-0.0113269$ & $0.0123055$ & $-0.000477347$ & $-0.00665497$ & $-0.0745309$ & $-0.046808$ & $0.429475$ & $0.42198$ & $-0.249924$ & $-0.296341$ & $-0.109925$ & $0.137945$ & $-0.105767$ & $-0.395893$ & $-0.376594$ & $-0.168618$ & $-0.0133371$ & $-0.0138478$ & $0.221013$ & $0.377188$ & $0.372637$ & $0.341406$ & $-0.427513$ & $0.197181$ & $-0.178421$ & $1$ & $0.107497$ & $0.00864454$ & $0.0288717$ & $0.0185263$ & $-0.0452197$ & $0.0371749$ & $0.687983$ & $0.00440095$ & $-0.00426234$ & $-0.0110634$ & $0.00154046$ & $0.0236305$ & $0.0139522$ & $0.00770461$ & $0.017211$ & $-0.00594821$ & $-0.00642072$ & $0.00143077$ & $0.000922671$ & $-0.0159191$ & $-0.00207972$ & $-0.00246011$ \\
CHd_33 & $-0.00816577$ & $-0.00850699$ & $-0.00162294$ & $0.0134052$ & $-0.000696091$ & $-0.0648406$ & $-0.0156579$ & $0.296482$ & $0.290984$ & $-0.128547$ & $-0.333378$ & $-0.0810886$ & $0.0626752$ & $0.158966$ & $0.120975$ & $0.12293$ & $0.0697557$ & $-0.0187874$ & $-0.0235432$ & $0.328034$ & $0.334294$ & $0.326368$ & $0.0158256$ & $-0.0172974$ & $-0.00373607$ & $-0.18769$ & $0.107497$ & $1$ & $0.00760052$ & $0.0284416$ & $0.0170116$ & $-0.0157693$ & $0.0321466$ & $0.146659$ & $-0.00762077$ & $-0.004035$ & $0.00874404$ & $-0.00975779$ & $0.000651645$ & $0.0165729$ & $-0.00318516$ & $0.00576433$ & $0.00055779$ & $-0.00778421$ & $0.00901144$ & $-0.0099929$ & $0.00418813$ & $0.0066639$ & $0.0102218$ \\
CeH_22r & $-0.00904173$ & $-0.0103164$ & $0.00237663$ & $0.00335344$ & $0.00288433$ & $-0.00360441$ & $0.00153506$ & $0.0122087$ & $0.0174624$ & $-0.0128997$ & $-0.00119438$ & $0.0430635$ & $0.0509285$ & $-0.0184187$ & $0.00208924$ & $0.00580145$ & $-0.0221139$ & $-0.0211397$ & $-0.024696$ & $0.00247298$ & $0.0017851$ & $0.000987867$ & $0.00779766$ & $-0.0156771$ & $-0.0168543$ & $-0.000321458$ & $0.00864454$ & $0.00760052$ & $1$ & $0.037959$ & $0.0226472$ & $-0.00973013$ & $0.0467977$ & $0.00735663$ & $-0.0161503$ & $-0.00989817$ & $0.00867247$ & $0.00369341$ & $-0.014747$ & $-0.00367968$ & $-0.00761426$ & $-0.00296708$ & $0.00232766$ & $0.00343742$ & $-0.00121834$ & $0.0085222$ & $-0.0109627$ & $-0.0138643$ & $0.00235377$ \\
CeH_33r & $-0.0040966$ & $-0.0149788$ & $-0.00729028$ & $-0.0168136$ & $-0.00505743$ & $-0.00259046$ & $-0.136761$ & $0.110564$ & $0.13101$ & $-0.1337$ & $-0.0634158$ & $0.282701$ & $0.278262$ & $-0.0600933$ & $0.0372549$ & $0.0446721$ & $-0.10114$ & $-0.113555$ & $-0.117206$ & $0.064679$ & $0.0639361$ & $0.062699$ & $0.000939186$ & $-0.113416$ & $-0.111449$ & $-0.0314241$ & $0.0288717$ & $0.0284416$ & $0.037959$ & $1$ & $0.308857$ & $0.0151591$ & $0.677952$ & $0.056138$ & $-0.0230167$ & $-0.0401907$ & $-0.118522$ & $-0.0267935$ & $-0.0306832$ & $0.00338139$ & $0.00907591$ & $-0.00776489$ & $0.00425249$ & $-0.0195113$ & $0.0502936$ & $-0.0151619$ & $-0.0150456$ & $0.0122593$ & $0.00934764$ \\
CuH_22r & $-0.0207192$ & $0.0281457$ & $0.00256934$ & $0.00770618$ & $-0.00320872$ & $-0.00918938$ & $-0.0813144$ & $0.0545318$ & $0.0661793$ & $-0.0612242$ & $-0.0355747$ & $0.0855902$ & $0.120767$ & $-0.0206709$ & $0.0184564$ & $0.0161977$ & $-0.0404733$ & $-0.0488584$ & $-0.0474587$ & $0.035481$ & $0.0367216$ & $0.0347777$ & $0.00129049$ & $-0.052929$ & $-0.04582$ & $-0.0154286$ & $0.0185263$ & $0.0170116$ & $0.0226472$ & $0.308857$ & $1$ & $0.012353$ & $0.353196$ & $0.0299445$ & $0.0383191$ & $0.0439266$ & $-0.0379131$ & $-0.0152332$ & $-0.0133492$ & $0.00736858$ & $-0.0173586$ & $0.00515209$ & $0.0465303$ & $-0.0198334$ & $0.0346832$ & $0.0666756$ & $0.231165$ & $0.0205089$ & $-0.0326116$ \\
CuH_33r & $0.0156567$ & $0.0130409$ & $0.0115392$ & $-0.00909813$ & $0.00579927$ & $-0.000978447$ & $0.93341$ & $-0.10277$ & $-0.0648803$ & $0.0869884$ & $0.0685825$ & $-0.0260293$ & $-0.252744$ & $0.0328042$ & $-0.0214272$ & $-0.0280024$ & $0.0699763$ & $0.0790502$ & $0.0840295$ & $-0.0656201$ & $-0.0711953$ & $-0.070877$ & $0.00483331$ & $0.0958006$ & $0.0755943$ & $0.0277779$ & $-0.0452197$ & $-0.0157693$ & $-0.00973013$ & $0.0151591$ & $0.012353$ & $1$ & $0.0224428$ & $-0.0647904$ & $0.0537717$ & $-0.00765409$ & $-0.0128038$ & $0.00357451$ & $-0.00819809$ & $-0.0102615$ & $0.00172765$ & $0.00743635$ & $-0.053069$ & $0.00304426$ & $-0.00246481$ & $0.0236151$ & $0.0206176$ & $0.0230123$ & $0.00799825$ \\
CdH_33r & $-0.0588536$ & $0.0639912$ & $-0.00862033$ & $0.00961564$ & $-0.0067947$ & $-0.00753645$ & $-0.168921$ & $0.115531$ & $0.136097$ & $-0.143458$ & $-0.0645967$ & $0.337914$ & $0.343098$ & $-0.0707116$ & $0.0327709$ & $0.0369031$ & $-0.103683$ & $-0.119451$ & $-0.120164$ & $0.0654923$ & $0.0680271$ & $0.0666934$ & $-0.00228918$ & $-0.119122$ & $-0.114395$ & $-0.0317364$ & $0.0371749$ & $0.0321466$ & $0.0467977$ & $0.677952$ & $0.353196$ & $0.0224428$ & $1$ & $0.0697238$ & $-0.0349833$ & $-0.044149$ & $-0.119369$ & $-0.0361194$ & $-0.0418183$ & $-0.00698525$ & $0.0122684$ & $-0.0143097$ & $-0.0417583$ & $-0.0286603$ & $0.0276952$ & $0.00121379$ & $-0.0772802$ & $0.158498$ & $0.372885$ \\
CLL_1221 & $0.0015706$ & $0.00600948$ & $0.0133173$ & $0.000194951$ & $-0.0133542$ & $-0.117524$ & $-0.0714007$ & $0.569192$ & $0.559639$ & $-0.360319$ & $-0.372667$ & $-0.0992049$ & $0.218051$ & $-0.22456$ & $-0.586252$ & $-0.0940333$ & $-0.257315$ & $0.0193346$ & $-0.351252$ & $0.293391$ & $0.458404$ & $0.453824$ & $0.195257$ & $-0.632764$ & $-0.206022$ & $-0.250972$ & $0.687983$ & $0.146659$ & $0.00735663$ & $0.056138$ & $0.0299445$ & $-0.0647904$ & $0.0697238$ & $1$ & $0.00793714$ & $-0.00223704$ & $-0.0194338$ & $-0.00420493$ & $0.00659745$ & $0.0153462$ & $0.00703458$ & $0.0152577$ & $-0.00756771$ & $-0.0170295$ & $-0.000517321$ & $-0.00318499$ & $-0.00746236$ & $-0.00608989$ & $0.00329026$ \\
eHggint & $0.0901386$ & $0.0529859$ & $0.0764898$ & $-0.0398874$ & $0.00946546$ & $0.0110404$ & $-0.021518$ & $-0.00429584$ & $-0.0209785$ & $0.0554258$ & $0.0123273$ & $0.110859$ & $0.0516028$ & $-0.0212344$ & $-0.0100317$ & $-0.00694504$ & $-0.0133677$ & $-0.0103414$ & $-0.0114898$ & $-0.0126746$ & $-0.0106208$ & $-0.0101282$ & $-0.00454821$ & $-0.00974993$ & $-0.019237$ & $0.0115897$ & $0.00440095$ & $-0.00762077$ & $-0.0161503$ & $-0.0230167$ & $0.0383191$ & $0.0537717$ & $-0.0349833$ & $0.00793714$ & $1$ & $0.0445871$ & $-0.0249252$ & $-0.00995818$ & $-0.13409$ & $-0.0054397$ & $-0.057296$ & $-0.000574051$ & $-0.033703$ & $0.312417$ & $-0.0751694$ & $-0.0756269$ & $0.211578$ & $0.27925$ & $-0.140957$ \\
eHggpar & $0.202249$ & $-0.0256639$ & $-0.0300711$ & $0.0629172$ & $0.00169433$ & $0.0120607$ & $-0.0352106$ & $0.0104657$ & $0.00296557$ & $0.0113286$ & $-0.0160722$ & $0.0273795$ & $0.0192718$ & $0.0093618$ & $0.0118416$ & $0.00593982$ & $0.0085198$ & $-0.000757217$ & $0.00316023$ & $0.0143556$ & $0.013563$ & $0.0120888$ & $-0.000416326$ & $-0.00884781$ & $-0.0143851$ & $-0.0157697$ & $-0.00426234$ & $-0.004035$ & $-0.00989817$ & $-0.0401907$ & $0.0439266$ & $-0.00765409$ & $-0.044149$ & $-0.00223704$ & $0.0445871$ & $1$ & $0.188432$ & $-0.00652134$ & $0.0119339$ & $-0.00809801$ & $0.0899607$ & $-0.0066839$ & $0.0896722$ & $0.0261639$ & $0.0718807$ & $0.156332$ & $0.23773$ & $0.0735577$ & $-0.0167933$ \\
eHWWint & $-0.0823058$ & $0.0618914$ & $-0.0553531$ & $0.157671$ & $-0.0143412$ & $0.0216651$ & $0.00623545$ & $-0.0107578$ & $-0.0151448$ & $0.00600863$ & $0.00618941$ & $3.05234e-05$ & $-0.00184425$ & $0.00939219$ & $0.0121929$ & $0.000149611$ & $0.0031493$ & $-0.00115186$ & $0.00838848$ & $-0.00408705$ & $-0.00577055$ & $-0.00582007$ & $-0.00667193$ & $0.0188098$ & $0.00976483$ & $0.00821083$ & $-0.0110634$ & $0.00874404$ & $0.00867247$ & $-0.118522$ & $-0.0379131$ & $-0.0128038$ & $-0.119369$ & $-0.0194338$ & $-0.0249252$ & $0.188432$ & $1$ & $0.000827916$ & $0.122332$ & $-0.0167371$ & $0.016574$ & $-0.0083779$ & $0.0715682$ & $0.0443584$ & $0.0841741$ & $0.0597895$ & $0.100685$ & $-0.119556$ & $0.0879113$ \\
eHWWpar & $-0.00788509$ & $-0.00861697$ & $-0.0204364$ & $-0.00443236$ & $0.00161085$ & $0.00582084$ & $0.0126035$ & $0.00130769$ & $0.000886643$ & $-0.00525937$ & $-0.000610971$ & $-0.00553542$ & $0.00245917$ & $0.0020215$ & $0.00276456$ & $-0.0135603$ & $-0.00361372$ & $-0.00382682$ & $0.00823002$ & $0.000777401$ & $0.00116064$ & $-0.00164689$ & $-0.000478185$ & $-0.00534529$ & $-0.000609801$ & $0.00355907$ & $0.00154046$ & $-0.00975779$ & $0.00369341$ & $-0.0267935$ & $-0.0152332$ & $0.00357451$ & $-0.0361194$ & $-0.00420493$ & $-0.00995818$ & $-0.00652134$ & $0.000827916$ & $1$ & $-0.0235501$ & $-0.0117725$ & $0.00561587$ & $0.00593994$ & $0.00461371$ & $0.00589532$ & $-0.0072022$ & $0.0312823$ & $-0.00629488$ & $-0.0297324$ & $-0.0058287$ \\
eHZZint & $-0.178346$ & $-0.132581$ & $-0.051039$ & $-0.137917$ & $0.000569702$ & $-0.00625255$ & $-0.00172708$ & $0.0212214$ & $0.0192869$ & $-0.0107251$ & $-0.018962$ & $-0.0285551$ & $-0.0134161$ & $0.011998$ & $0.0041763$ & $-0.00899172$ & $-0.00254751$ & $-0.00425601$ & $0.0073384$ & $0.0148765$ & $0.018506$ & $0.0189886$ & $0.00480229$ & $-0.00278508$ & $0.0174005$ & $-0.00304498$ & $0.0236305$ & $0.000651645$ & $-0.014747$ & $-0.0306832$ & $-0.0133492$ & $-0.00819809$ & $-0.0418183$ & $0.00659745$ & $-0.13409$ & $0.0119339$ & $0.122332$ & $-0.0235501$ & $1$ & $0.0452339$ & $0.109243$ & $0.021064$ & $0.0326972$ & $0.0140549$ & $-0.0160161$ & $0.024607$ & $-0.047083$ & $-0.0467972$ & $-0.00988399$ \\
eHZZpar & $0.000756879$ & $-0.0491043$ & $0.00440928$ & $-0.00198508$ & $-0.00648491$ & $0.00196261$ & $-0.00909806$ & $0.029476$ & $0.0273097$ & $-0.00754001$ & $-0.0305214$ & $-0.00874485$ & $0.00603764$ & $0.0190146$ & $0.00627559$ & $0.0113677$ & $-0.00178737$ & $-0.00134445$ & $-0.00678449$ & $0.0276595$ & $0.0297852$ & $0.0281972$ & $0.015101$ & $-0.0140446$ & $-0.00220281$ & $-0.0262354$ & $0.0139522$ & $0.0165729$ & $-0.00367968$ & $0.00338139$ & $0.00736858$ & $-0.0102615$ & $-0.00698525$ & $0.0153462$ & $-0.0054397$ & $-0.00809801$ & $-0.0167371$ & $-0.0117725$ & $0.0452339$ & $1$ & $0.0253857$ & $0.00714997$ & $-0.0286897$ & $-0.0236614$ & $-0.00231904$ & $0.00575873$ & $0.00062531$ & $-0.0182612$ & $-0.0139963$ \\
eHZgaint & $0.140984$ & $-0.270204$ & $-0.128929$ & $0.07976$ & $-0.00287251$ & $0.0014801$ & $0.000347334$ & $0.0288604$ & $0.0239493$ & $-0.0461558$ & $-0.0191607$ & $-0.0423486$ & $-0.0044978$ & $-0.00422109$ & $0.00578057$ & $0.00273185$ & $-0.018988$ & $-0.0194742$ & $-0.0182687$ & $0.0113439$ & $0.0136656$ & $0.0122864$ & $0.00695875$ & $-0.0248977$ & $-0.0315021$ & $-0.0109771$ & $0.00770461$ & $-0.00318516$ & $-0.00761426$ & $0.00907591$ & $-0.0173586$ & $0.00172765$ & $0.0122684$ & $0.00703458$ & $-0.057296$ & $0.0899607$ & $0.016574$ & $0.00561587$ & $0.109243$ & $0.0253857$ & $1$ & $-0.00856713$ & $-0.0279779$ & $-0.0561348$ & $-0.0101$ & $-0.166654$ & $-0.010693$ & $0.122072$ & $-0.0100668$ \\
eHZgapar & $-0.0354599$ & $0.00248698$ & $-0.0228817$ & $-0.0438643$ & $-0.0170442$ & $-0.00320972$ & $0.0065996$ & $0.0112753$ & $0.0135535$ & $-0.0109256$ & $-0.0063886$ & $-0.00676198$ & $0.0005428$ & $-0.00581464$ & $-0.00739725$ & $-0.00676673$ & $-0.00853124$ & $-0.00463451$ & $-0.00710291$ & $0.00546903$ & $0.00825073$ & $0.00421331$ & $0.00194395$ & $-0.0126864$ & $-0.000353115$ & $0.00195947$ & $0.017211$ & $0.00576433$ & $-0.00296708$ & $-0.00776489$ & $0.00515209$ & $0.00743635$ & $-0.0143097$ & $0.0152577$ & $-0.000574051$ & $-0.0066839$ & $-0.0083779$ & $0.00593994$ & $0.021064$ & $0.00714997$ & $-0.00856713$ & $1$ & $0.0208171$ & $-0.00642961$ & $-0.0111013$ & $0.0250957$ & $0.0175765$ & $-0.0389589$ & $-0.0192549$ \\
eHgagaint & $-0.122355$ & $-0.0767693$ & $-0.210781$ & $0.0199592$ & $0.00305186$ & $0.00799125$ & $-0.0516169$ & $0.0113342$ & $0.0602063$ & $-0.0100646$ & $-0.0110306$ & $-0.00563317$ & $0.0273853$ & $-0.000426125$ & $0.0151485$ & $0.0107177$ & $-0.00324459$ & $-0.010615$ & $-0.00950298$ & $0.0117088$ & $0.00786551$ & $0.00561143$ & $-0.00222218$ & $-0.00137435$ & $0.000236493$ & $-0.000210081$ & $-0.00594821$ & $0.00055779$ & $0.00232766$ & $0.00425249$ & $0.0465303$ & $-0.053069$ & $-0.0417583$ & $-0.00756771$ & $-0.033703$ & $0.0896722$ & $0.0715682$ & $0.00461371$ & $0.0326972$ & $-0.0286897$ & $-0.0279779$ & $0.0208171$ & $1$ & $0.0992772$ & $0.0197641$ & $0.202692$ & $0.104846$ & $0.0746499$ & $-0.135296$ \\
eHmumuint & $-0.254177$ & $0.0755658$ & $-0.0713789$ & $-0.0547411$ & $0.00978214$ & $0.00163996$ & $-0.0178538$ & $-0.0134573$ & $-0.0129738$ & $0.0413431$ & $0.00561581$ & $0.0462162$ & $0.0217855$ & $0.00515064$ & $0.0146781$ & $0.00871758$ & $0.0198599$ & $0.00533046$ & $0.00861306$ & $-0.00168035$ & $-0.00535248$ & $-0.00555878$ & $-0.0082052$ & $0.0319671$ & $0.0313873$ & $0.0188534$ & $-0.00642072$ & $-0.00778421$ & $0.00343742$ & $-0.0195113$ & $-0.0198334$ & $0.00304426$ & $-0.0286603$ & $-0.0170295$ & $0.312417$ & $0.0261639$ & $0.0443584$ & $0.00589532$ & $0.0140549$ & $-0.0236614$ & $-0.0561348$ & $-0.00642961$ & $0.0992772$ & $1$ & $-0.0257636$ & $0.169089$ & $-0.0899744$ & $0.254169$ & $-0.121608$ \\
eHtautauint & $-0.0569786$ & $-0.0922664$ & $-0.0719731$ & $-0.134923$ & $-0.00448354$ & $0.0029038$ & $0.000191215$ & $0.0223958$ & $0.0243784$ & $-0.0164599$ & $-0.0207481$ & $-0.00668423$ & $0.0129742$ & $0.00740694$ & $0.0157576$ & $0.0199024$ & $-0.00673418$ & $-0.0116419$ & $-0.0143266$ & $0.0205669$ & $0.0182729$ & $0.019091$ & $0.00554248$ & $-0.00716578$ & $-0.00457585$ & $-0.011048$ & $0.00143077$ & $0.00901144$ & $-0.00121834$ & $0.0502936$ & $0.0346832$ & $-0.00246481$ & $0.0276952$ & $-0.000517321$ & $-0.0751694$ & $0.0718807$ & $0.0841741$ & $-0.0072022$ & $-0.0160161$ & $-0.00231904$ & $-0.0101$ & $-0.0111013$ & $0.0197641$ & $-0.0257636$ & $1$ & $0.0440863$ & $0.0979008$ & $-0.0419186$ & $0.106129$ \\
eHccint & $0.0612475$ & $0.0808604$ & $0.0764497$ & $0.26049$ & $0.0100483$ & $-0.00663123$ & $0.0254182$ & $-0.00981137$ & $0.00076367$ & $0.0127826$ & $0.00123367$ & $-0.00425642$ & $-0.0194245$ & $0.0130155$ & $-0.00247108$ & $-0.0107579$ & $0.0169698$ & $0.0147728$ & $0.0210002$ & $-0.000441397$ & $0.000721291$ & $0.00168485$ & $0.00437844$ & $0.00995574$ & $0.0120428$ & $-0.00702628$ & $0.000922671$ & $-0.0099929$ & $0.0085222$ & $-0.0151619$ & $0.0666756$ & $0.0236151$ & $0.00121379$ & $-0.00318499$ & $-0.0756269$ & $0.156332$ & $0.0597895$ & $0.0312823$ & $0.024607$ & $0.00575873$ & $-0.166654$ & $0.0250957$ & $0.202692$ & $0.169089$ & $0.0440863$ & $1$ & $0.0466528$ & $-0.0728554$ & $0.067564$ \\
eHccpar & $-0.103112$ & $0.164084$ & $-0.000533742$ & $-0.00123017$ & $0.00639075$ & $0.000645504$ & $0.00240228$ & $-0.00303839$ & $-0.00441247$ & $0.024973$ & $-0.0072534$ & $0.0206321$ & $-0.00860759$ & $0.0151832$ & $0.0164356$ & $0.0141249$ & $0.0192478$ & $0.00619461$ & $0.00707679$ & $0.0113171$ & $0.0084669$ & $0.00764482$ & $0.00079222$ & $0.0125667$ & $0.0125951$ & $-0.00986135$ & $-0.0159191$ & $0.00418813$ & $-0.0109627$ & $-0.0150456$ & $0.231165$ & $0.0206176$ & $-0.0772802$ & $-0.00746236$ & $0.211578$ & $0.23773$ & $0.100685$ & $-0.00629488$ & $-0.047083$ & $0.00062531$ & $-0.010693$ & $0.0175765$ & $0.104846$ & $-0.0899744$ & $0.0979008$ & $0.0466528$ & $1$ & $0.0587016$ & $-0.157975$ \\
eHbbint & $-0.110814$ & $0.135985$ & $-0.0283187$ & $0.027201$ & $-0.0135885$ & $0.00840103$ & $-0.00581136$ & $-0.00677815$ & $-0.00571924$ & $0.0163629$ & $0.00249454$ & $0.0232352$ & $0.0146425$ & $0.0016367$ & $0.00943331$ & $-0.00576132$ & $0.0106025$ & $-0.00189326$ & $0.0118392$ & $-0.00110132$ & $-0.000505907$ & $0.00237178$ & $-0.00331505$ & $0.0119279$ & $0.0119068$ & $0.00362212$ & $-0.00207972$ & $0.0066639$ & $-0.0138643$ & $0.0122593$ & $0.0205089$ & $0.0230123$ & $0.158498$ & $-0.00608989$ & $0.27925$ & $0.0735577$ & $-0.119556$ & $-0.0297324$ & $-0.0467972$ & $-0.0182612$ & $0.122072$ & $-0.0389589$ & $0.0746499$ & $0.254169$ & $-0.0419186$ & $-0.0728554$ & $0.0587016$ & $1$ & $0.0940093$ \\
eHbbpar & $-0.131823$ & $0.155657$ & $-0.00546994$ & $0.0522085$ & $-0.00998846$ & $0.00243235$ & $0.0108626$ & $-0.0103266$ & $-0.0147547$ & $0.00221984$ & $0.00221573$ & $-0.0112095$ & $-0.00736637$ & $0.00841371$ & $-0.0039262$ & $-0.00786231$ & $0.0195828$ & $0.0149968$ & $0.0198703$ & $-0.000324419$ & $0.00141729$ & $0.00212584$ & $0.00215129$ & $0.0197603$ & $0.0209397$ & $-0.0092677$ & $-0.00246011$ & $0.0102218$ & $0.00235377$ & $0.00934764$ & $-0.0326116$ & $0.00799825$ & $0.372885$ & $0.00329026$ & $-0.140957$ & $-0.0167933$ & $0.0879113$ & $-0.0058287$ & $-0.00988399$ & $-0.0139963$ & $-0.0100668$ & $-0.0192549$ & $-0.135296$ & $-0.121608$ & $0.106129$ & $0.067564$ & $-0.157975$ & $0.0940093$ & $1$ \\
