 & AlsMz & dAle5Mz & mtop & mHl & Mz & CW & CHG & CHWB & CHWHB_gaga & CHWHB_gagaorth & CHD & CHbox & CH & CHL1_11 & CHL1_22 & CHL1_33 & CHL3_11 & CHL3_22 & CHL3_33 & CHe_11 & CHe_22 & CHe_33 & CHQ1_11 & CHQ1_33 & CHQ3_11 & CHu_11 & CHd_11 & CHd_33 & CeH_22r & CeH_33r & CuH_22r & CuH_33r & CdH_33r & CLL_1221 & eHggint & eHggpar & eHWWint & eHWWpar & eHZZint & eHZZpar & eHZgaint & eHZgapar & eHgagaint & eHmumuint & eHtautauint & eHccint & eHccpar & eHbbint & eHbbpar \\
AlsMz & $1$ & $0.0178945$ & $-0.060532$ & $-0.0829452$ & $0.103663$ & $-0.0159091$ & $0.0360145$ & $-0.0426167$ & $-0.0443683$ & $0.0320534$ & $0.0485319$ & $0.0303386$ & $0.0160008$ & $-0.00894355$ & $-0.0465678$ & $-0.0652312$ & $-0.023334$ & $0.0123958$ & $0.0303087$ & $-0.0590637$ & $-0.0479286$ & $-0.0532685$ & $0.0341138$ & $-0.0408601$ & $-0.0475586$ & $-0.0122328$ & $0.017421$ & $-0.0303416$ & $-0.0589086$ & $-0.00392457$ & $0.04298$ & $0.0412175$ & $-0.083283$ & $-0.00443433$ & $0.141504$ & $-0.177984$ & $-0.0820319$ & $0.0137946$ & $0.119721$ & $0.0838708$ & $0.246068$ & $-0.00541358$ & $0.017036$ & $0.115796$ & $-0.0491185$ & $-0.123754$ & $0.0482817$ & $-0.173064$ & $-0.195478$ \\
dAle5Mz & $0.0178945$ & $1$ & $-0.0554383$ & $0.0596068$ & $0.0745432$ & $-0.0345108$ & $0.120304$ & $0.0123096$ & $0.0291282$ & $-0.0351316$ & $-0.0160501$ & $-0.0301316$ & $-0.00648128$ & $-0.000881433$ & $-0.0321784$ & $-0.00985684$ & $0.000470571$ & $0.00735973$ & $-0.00572721$ & $0.0245534$ & $0.0373588$ & $0.0295942$ & $0.00416301$ & $-0.0267178$ & $0.00229674$ & $-0.0154347$ & $0.0587137$ & $0.013399$ & $0.0299909$ & $0.073249$ & $-0.0281648$ & $0.125626$ & $0.05319$ & $0.0802789$ & $-0.230321$ & $0.11207$ & $-0.100615$ & $-0.017225$ & $-0.178468$ & $-0.0444355$ & $0.0608507$ & $0.00401738$ & $0.143855$ & $-0.0708599$ & $0.324701$ & $-0.0849627$ & $-0.248271$ & $0.0119008$ & $-0.0209855$ \\
mtop & $-0.060532$ & $-0.0554383$ & $1$ & $0.0376605$ & $0.0236083$ & $0.073582$ & $0.0868016$ & $0.0718743$ & $0.0786154$ & $-0.0422986$ & $-0.0217884$ & $0.0511277$ & $0.023654$ & $-0.0536075$ & $-0.0180363$ & $0.000691838$ & $-0.1019$ & $-0.0738531$ & $-0.0925251$ & $0.0166051$ & $0.0292585$ & $0.0342208$ & $0.00479395$ & $-0.114564$ & $-0.0715056$ & $-0.00324751$ & $0.0478618$ & $0.0249373$ & $-0.00525912$ & $0.0318095$ & $0.00766426$ & $0.0875591$ & $0.0625934$ & $0.0646187$ & $-0.104927$ & $0.301813$ & $0.0731229$ & $0.0592318$ & $-0.0832478$ & $0.0425796$ & $0.038923$ & $0.0340981$ & $0.056544$ & $-0.142561$ & $0.119076$ & $-0.169026$ & $0.0508509$ & $0.185328$ & $0.0552096$ \\
mHl & $-0.0829452$ & $0.0596068$ & $0.0376605$ & $1$ & $-0.00362764$ & $0.0325551$ & $0.0573796$ & $0.0362758$ & $0.0279902$ & $-0.00409405$ & $-0.00386964$ & $0.0156512$ & $-0.0331779$ & $-0.0390792$ & $0.0152673$ & $0.0180381$ & $-0.0702872$ & $-0.0663557$ & $-0.0664041$ & $0.00699064$ & $0.00831826$ & $0.00215891$ & $0.00760423$ & $-0.0480267$ & $-0.0617321$ & $-0.0240492$ & $-0.00114078$ & $0.000453569$ & $0.0311873$ & $-0.00143671$ & $-0.125623$ & $0.0850771$ & $0.0739531$ & $0.0166612$ & $0.0893514$ & $0.450506$ & $-0.079515$ & $-0.00573268$ & $-0.212882$ & $-0.0608342$ & $0.337495$ & $-0.0465577$ & $-0.0821185$ & $-0.272593$ & $0.220184$ & $-0.282534$ & $-0.159668$ & $0.234364$ & $0.0529178$ \\
Mz & $0.103663$ & $0.0745432$ & $0.0236083$ & $-0.00362764$ & $1$ & $0.0112779$ & $0.0678092$ & $-0.0371188$ & $-0.0363321$ & $0.0158166$ & $0.0538379$ & $0.0297094$ & $0.0255146$ & $0.000121639$ & $-0.0588227$ & $-0.029687$ & $-0.0356197$ & $0.022946$ & $-0.00699701$ & $-0.0452634$ & $-0.0387982$ & $-0.0455678$ & $-0.00407187$ & $-0.00970333$ & $-0.0171219$ & $0.0322405$ & $-0.0164558$ & $0.0178539$ & $0.00612392$ & $0.020252$ & $0.0644524$ & $0.0801569$ & $-0.00845924$ & $0.00289623$ & $0.00163711$ & $0.0526616$ & $-0.00312343$ & $0.0290517$ & $-0.0484805$ & $0.0046594$ & $0.038471$ & $-0.0112497$ & $-0.0389918$ & $0.0050529$ & $0.0499437$ & $-0.0601648$ & $0.0784824$ & $-0.0147753$ & $-0.00572031$ \\
CW & $-0.0159091$ & $-0.0345108$ & $0.073582$ & $0.0325551$ & $0.0112779$ & $1$ & $0.0257256$ & $-0.122299$ & $-0.117585$ & $0.0332511$ & $0.190171$ & $0.0763954$ & $0.0321454$ & $0.0231834$ & $-0.057006$ & $-0.0817691$ & $-0.258325$ & $-0.0674042$ & $-0.042857$ & $-0.187298$ & $-0.192915$ & $-0.184784$ & $0.00565727$ & $0.0182152$ & $-0.10294$ & $0.0867857$ & $-0.0930496$ & $-0.0943566$ & $-0.00177639$ & $-0.00350647$ & $0.00841874$ & $0.0376238$ & $0.0289775$ & $-0.13991$ & $0.0419137$ & $0.0520952$ & $-0.0172295$ & $0.046785$ & $-0.069288$ & $-0.0322762$ & $-0.0094066$ & $-0.0318969$ & $0.0762755$ & $0.00387224$ & $-0.0124559$ & $-0.0277772$ & $0.00523478$ & $-9.68453e-05$ & $0.0507624$ \\
CHG & $0.0360145$ & $0.120304$ & $0.0868016$ & $0.0573796$ & $0.0678092$ & $0.0257256$ & $1$ & $-0.0822773$ & $-0.0319885$ & $0.0420117$ & $0.0654565$ & $-0.228559$ & $-0.292866$ & $0.00961234$ & $-0.0717961$ & $-0.035883$ & $0.0464403$ & $0.0826027$ & $0.0589032$ & $-0.0658066$ & $-0.0612928$ & $-0.0559634$ & $0.0241869$ & $0.0553496$ & $0.0597616$ & $0.0104652$ & $-0.00442582$ & $-0.0291669$ & $-0.0148452$ & $-0.126129$ & $-0.0833149$ & $0.940972$ & $-0.211035$ & $0.00152748$ & $0.00263847$ & $0.0794792$ & $-0.0352863$ & $-0.00267327$ & $0.0524556$ & $0.0126403$ & $0.125296$ & $0.046107$ & $-0.0146969$ & $-0.0419584$ & $0.120673$ & $-0.00994883$ & $-0.108366$ & $0.103919$ & $-0.10033$ \\
CHWB & $-0.0426167$ & $0.0123096$ & $0.0718743$ & $0.0362758$ & $-0.0371188$ & $-0.122299$ & $-0.0822773$ & $1$ & $0.984738$ & $-0.576613$ & $-0.876212$ & $0.108371$ & $0.361467$ & $0.0327596$ & $0.263198$ & $0.283644$ & $-0.304418$ & $-0.461537$ & $-0.483239$ & $0.849786$ & $0.894918$ & $0.877361$ & $0.0945743$ & $-0.70553$ & $-0.443176$ & $-0.514821$ & $0.452794$ & $0.317984$ & $0.0576999$ & $0.139165$ & $0.0474848$ & $-0.0726899$ & $0.125018$ & $0.598286$ & $0.0583621$ & $-0.0183094$ & $0.0351508$ & $0.0156932$ & $-0.00491807$ & $-0.00740595$ & $0.025235$ & $0.0403803$ & $-0.0176324$ & $-0.0468823$ & $-0.0405927$ & $-0.0202026$ & $-0.0446454$ & $-0.0496638$ & $-0.00505068$ \\
CHWHB_gaga & $-0.0443683$ & $0.0291282$ & $0.0786154$ & $0.0279902$ & $-0.0363321$ & $-0.117585$ & $-0.0319885$ & $0.984738$ & $1$ & $-0.566861$ & $-0.859323$ & $0.118158$ & $0.35417$ & $0.0263932$ & $0.25982$ & $0.282168$ & $-0.309388$ & $-0.461471$ & $-0.483916$ & $0.834432$ & $0.877839$ & $0.859693$ & $0.100916$ & $-0.699451$ & $-0.440521$ & $-0.511524$ & $0.446823$ & $0.312508$ & $0.0646036$ & $0.161659$ & $0.0544616$ & $-0.0307648$ & $0.142734$ & $0.587701$ & $0.0384606$ & $-0.00981006$ & $0.0265125$ & $0.00242413$ & $-0.0188088$ & $0.00108706$ & $0.0388186$ & $0.040696$ & $0.0322383$ & $-0.0392552$ & $-0.025952$ & $-0.0273395$ & $-0.0485051$ & $-0.0343547$ & $-0.0155792$ \\
CHWHB_gagaorth & $0.0320534$ & $-0.0351316$ & $-0.0422986$ & $-0.00409405$ & $0.0158166$ & $0.0332511$ & $0.0420117$ & $-0.576613$ & $-0.566861$ & $1$ & $0.353215$ & $0.206882$ & $-0.242311$ & $0.274304$ & $-0.0871927$ & $-0.0996391$ & $0.466833$ & $0.497281$ & $0.506826$ & $-0.338639$ & $-0.374159$ & $-0.372351$ & $-0.0582718$ & $0.580968$ & $0.493914$ & $0.20902$ & $-0.273269$ & $-0.138739$ & $-0.0606686$ & $-0.156152$ & $-0.0673312$ & $0.0519737$ & $-0.175594$ & $-0.387157$ & $0.00720699$ & $0.00829033$ & $0.0113827$ & $0.0137051$ & $0.056691$ & $-0.0197086$ & $-0.0435374$ & $-0.0121022$ & $-0.0017842$ & $0.0325919$ & $0.0351491$ & $-0.0453042$ & $0.00252264$ & $-0.00946384$ & $-0.014925$ \\
CHD & $0.0485319$ & $-0.0160501$ & $-0.0217884$ & $-0.00386964$ & $0.0538379$ & $0.190171$ & $0.0654565$ & $-0.876212$ & $-0.859323$ & $0.353215$ & $1$ & $0.0477261$ & $-0.181575$ & $-0.462255$ & $-0.384121$ & $-0.405478$ & $-0.157925$ & $0.0863174$ & $0.112323$ & $-0.990546$ & $-0.99085$ & $-0.970646$ & $-0.0399488$ & $0.341157$ & $0.0559116$ & $0.559252$ & $-0.32429$ & $-0.35348$ & $-0.0279564$ & $-0.0884682$ & $-0.0360425$ & $0.0692298$ & $-0.0656475$ & $-0.411955$ & $-0.0468603$ & $0.0452042$ & $-0.0499872$ & $-0.0329425$ & $-0.0217765$ & $0.0140749$ & $-0.00296835$ & $-0.0429134$ & $0.0072727$ & $0.0311355$ & $0.0388077$ & $0.0187814$ & $0.0492386$ & $0.0608438$ & $-0.00052082$ \\
CHbox & $0.0303386$ & $-0.0301316$ & $0.0511277$ & $0.0156512$ & $0.0297094$ & $0.0763954$ & $-0.228559$ & $0.108371$ & $0.118158$ & $0.206882$ & $0.0477261$ & $1$ & $0.768149$ & $-0.280896$ & $0.0702041$ & $0.0900574$ & $-0.336141$ & $-0.326701$ & $-0.347046$ & $-0.0333765$ & $-0.0524228$ & $-0.0526614$ & $0.0219778$ & $-0.223806$ & $-0.315865$ & $0.00175066$ & $-0.0258978$ & $-0.00817531$ & $0.0652648$ & $0.336678$ & $0.0910005$ & $-0.139791$ & $0.416214$ & $0.0143424$ & $0.0873644$ & $0.0625738$ & $0.0459342$ & $-0.0427932$ & $-0.0216154$ & $0.0267792$ & $-0.00343035$ & $-0.0329511$ & $0.0417846$ & $-0.0116736$ & $0.00998634$ & $-0.073137$ & $-0.00180835$ & $-0.0714191$ & $0.0261693$ \\
CH & $0.0160008$ & $-0.00648128$ & $0.023654$ & $-0.0331779$ & $0.0255146$ & $0.0321454$ & $-0.292866$ & $0.361467$ & $0.35417$ & $-0.242311$ & $-0.181575$ & $0.768149$ & $1$ & $-0.240556$ & $0.0804651$ & $0.121804$ & $-0.392743$ & $-0.394054$ & $-0.430832$ & $0.179529$ & $0.18817$ & $0.190414$ & $0.049776$ & $-0.412478$ & $-0.39461$ & $-0.133176$ & $0.12229$ & $0.0818008$ & $0.0754342$ & $0.302663$ & $0.0801692$ & $-0.234974$ & $0.369667$ & $0.211624$ & $0.0876951$ & $0.00909765$ & $0.0557321$ & $-0.037692$ & $-0.0327551$ & $0.0446745$ & $-0.0108974$ & $-0.03765$ & $0.0498054$ & $0.00505475$ & $-0.0336197$ & $-0.00209734$ & $-0.035419$ & $-0.0719577$ & $0.0459821$ \\
CHL1_11 & $-0.00894355$ & $-0.000881433$ & $-0.0536075$ & $-0.0390792$ & $0.000121639$ & $0.0231834$ & $0.00961234$ & $0.0327596$ & $0.0263932$ & $0.274304$ & $-0.462255$ & $-0.280896$ & $-0.240556$ & $1$ & $0.252997$ & $0.251398$ & $0.665266$ & $0.615275$ & $0.609693$ & $0.480642$ & $0.418521$ & $0.408938$ & $-0.0805033$ & $0.495986$ & $0.609706$ & $-0.216318$ & $-0.120442$ & $0.149349$ & $-0.0431374$ & $-0.0725734$ & $-0.0147565$ & $-0.0146781$ & $-0.0973737$ & $-0.229673$ & $0.0162666$ & $-0.054131$ & $0.0445976$ & $0.0682805$ & $0.0483076$ & $-0.0182613$ & $-0.0260661$ & $0.0140333$ & $0.0399488$ & $0.0357005$ & $-0.0115321$ & $-0.022943$ & $-0.0276043$ & $-0.0420035$ & $0.0119536$ \\
CHL1_22 & $-0.0465678$ & $-0.0321784$ & $-0.0180363$ & $0.0152673$ & $-0.0588227$ & $-0.057006$ & $-0.0717961$ & $0.263198$ & $0.25982$ & $-0.0871927$ & $-0.384121$ & $0.0702041$ & $0.0804651$ & $0.252997$ & $1$ & $0.454735$ & $0.125136$ & $-0.442346$ & $-0.0555729$ & $0.451393$ & $0.296097$ & $0.284909$ & $-0.186442$ & $0.104495$ & $-0.164262$ & $-0.176376$ & $-0.430419$ & $0.113496$ & $0.00310009$ & $0.0221599$ & $0.00782432$ & $-0.0756984$ & $0.0339947$ & $-0.586551$ & $-0.0141271$ & $0.0274347$ & $0.0250286$ & $-0.011525$ & $-0.0108848$ & $0.0609892$ & $-0.0100985$ & $-0.0238337$ & $0.0442545$ & $-0.0650554$ & $0.00785241$ & $-0.0465584$ & $0.00587831$ & $-0.0301672$ & $0.0316105$ \\
CHL1_33 & $-0.0652312$ & $-0.00985684$ & $0.000691838$ & $0.0180381$ & $-0.029687$ & $-0.0817691$ & $-0.035883$ & $0.283644$ & $0.282168$ & $-0.0996391$ & $-0.405478$ & $0.0900574$ & $0.121804$ & $0.251398$ & $0.454735$ & $1$ & $0.128613$ & $-0.0440644$ & $-0.434947$ & $0.471822$ & $0.320645$ & $0.335226$ & $-0.137575$ & $0.0884691$ & $-0.13845$ & $-0.196845$ & $-0.373742$ & $0.128116$ & $-0.000379955$ & $0.0708869$ & $0.00175042$ & $-0.0436174$ & $0.0606178$ & $-0.102702$ & $-0.0346699$ & $0.0636411$ & $0.0113322$ & $-0.025347$ & $-0.0398513$ & $0.0296929$ & $0.00559184$ & $-0.00880371$ & $0.029257$ & $-0.0640479$ & $0.0308919$ & $-0.0110723$ & $-0.0109825$ & $-0.0167656$ & $0.024951$ \\
CHL3_11 & $-0.023334$ & $0.000470571$ & $-0.1019$ & $-0.0702872$ & $-0.0356197$ & $-0.258325$ & $0.0464403$ & $-0.304418$ & $-0.309388$ & $0.466833$ & $-0.157925$ & $-0.336141$ & $-0.392743$ & $0.665266$ & $0.125136$ & $0.128613$ & $1$ & $0.766716$ & $0.757245$ & $0.175715$ & $0.122776$ & $0.118358$ & $-0.0771951$ & $0.705205$ & $0.802654$ & $-0.048937$ & $-0.169788$ & $0.0475516$ & $-0.0573834$ & $-0.111681$ & $-0.0246933$ & $0.0188597$ & $-0.125894$ & $-0.258917$ & $-0.029892$ & $-0.063574$ & $0.0238004$ & $0.029196$ & $0.0594978$ & $-0.0163375$ & $-0.0461402$ & $0.00920918$ & $-0.0167715$ & $0.0342147$ & $-0.00282767$ & $0.0228853$ & $0.00658652$ & $-0.00334352$ & $0.00688568$ \\
CHL3_22 & $0.0123958$ & $0.00735973$ & $-0.0738531$ & $-0.0663557$ & $0.022946$ & $-0.0674042$ & $0.0826027$ & $-0.461537$ & $-0.461471$ & $0.497281$ & $0.0863174$ & $-0.326701$ & $-0.394054$ & $0.615275$ & $-0.442346$ & $-0.0440644$ & $0.766716$ & $1$ & $0.706858$ & $-0.0913553$ & $-0.0836686$ & $-0.0767369$ & $0.00807505$ & $0.64545$ & $0.824894$ & $0.0697515$ & $-0.00870253$ & $-0.0283538$ & $-0.0605522$ & $-0.115893$ & $-0.031025$ & $0.0600244$ & $-0.137474$ & $0.00213003$ & $-0.0123816$ & $-0.0578123$ & $0.0112729$ & $0.0388068$ & $0.055436$ & $-0.0517549$ & $-0.0346775$ & $0.017095$ & $-0.0101056$ & $0.0721452$ & $-0.00112623$ & $0.0333115$ & $-0.00661242$ & $0.00633586$ & $-0.00619549$ \\
CHL3_33 & $0.0303087$ & $-0.00572721$ & $-0.0925251$ & $-0.0664041$ & $-0.00699701$ & $-0.042857$ & $0.0589032$ & $-0.483239$ & $-0.483916$ & $0.506826$ & $0.112323$ & $-0.347046$ & $-0.430832$ & $0.609693$ & $-0.0555729$ & $-0.434947$ & $0.757245$ & $0.706858$ & $1$ & $-0.117647$ & $-0.10919$ & $-0.103164$ & $-0.0296209$ & $0.656328$ & $0.807993$ & $0.0932106$ & $-0.0420436$ & $-0.0416361$ & $-0.0561249$ & $-0.151323$ & $-0.0265523$ & $0.0383171$ & $-0.158163$ & $-0.352027$ & $-0.0028051$ & $-0.0903566$ & $0.0171724$ & $0.0555529$ & $0.0696448$ & $-0.0290406$ & $-0.0522866$ & $0.00417049$ & $0.00538834$ & $0.0748261$ & $-0.0182043$ & $0.0104586$ & $0.00346108$ & $0.00323876$ & $-0.00699727$ \\
CHe_11 & $-0.0590637$ & $0.0245534$ & $0.0166051$ & $0.00699064$ & $-0.0452634$ & $-0.187298$ & $-0.0658066$ & $0.849786$ & $0.834432$ & $-0.338639$ & $-0.990546$ & $-0.0333765$ & $0.179529$ & $0.480642$ & $0.451393$ & $0.471822$ & $0.175715$ & $-0.0913553$ & $-0.117647$ & $1$ & $0.972079$ & $0.95309$ & $0.0155985$ & $-0.291127$ & $-0.0542185$ & $-0.54984$ & $0.247891$ & $0.350094$ & $0.0255208$ & $0.0900921$ & $0.0329659$ & $-0.0691623$ & $0.0687094$ & $0.334685$ & $0.0380007$ & $-0.034565$ & $0.0472216$ & $0.0244199$ & $0.0163724$ & $-0.011465$ & $-0.00186613$ & $0.0397378$ & $0.00416775$ & $-0.0396895$ & $-0.0300615$ & $-0.0224857$ & $-0.0553371$ & $-0.0593336$ & $0.00351471$ \\
CHe_22 & $-0.0479286$ & $0.0373588$ & $0.0292585$ & $0.00831826$ & $-0.0387982$ & $-0.192915$ & $-0.0612928$ & $0.894918$ & $0.877839$ & $-0.374159$ & $-0.99085$ & $-0.0524228$ & $0.18817$ & $0.418521$ & $0.296097$ & $0.320645$ & $0.122776$ & $-0.0836686$ & $-0.10919$ & $0.972079$ & $1$ & $0.975828$ & $0.0678224$ & $-0.396886$ & $-0.0631501$ & $-0.561431$ & $0.408242$ & $0.356203$ & $0.0307061$ & $0.0909299$ & $0.0394743$ & $-0.0635475$ & $0.0668783$ & $0.498486$ & $0.0465792$ & $-0.0478452$ & $0.046757$ & $0.0387169$ & $0.0182915$ & $-0.022052$ & $0.00505798$ & $0.0483212$ & $-0.0119677$ & $-0.0270356$ & $-0.0359689$ & $-0.0186254$ & $-0.0528219$ & $-0.057069$ & $-0.00498167$ \\
CHe_33 & $-0.0532685$ & $0.0295942$ & $0.0342208$ & $0.00215891$ & $-0.0455678$ & $-0.184784$ & $-0.0559634$ & $0.877361$ & $0.859693$ & $-0.372351$ & $-0.970646$ & $-0.0526614$ & $0.190414$ & $0.408938$ & $0.284909$ & $0.335226$ & $0.118358$ & $-0.0767369$ & $-0.103164$ & $0.95309$ & $0.975828$ & $1$ & $0.054995$ & $-0.389521$ & $-0.0593788$ & $-0.538786$ & $0.402215$ & $0.351463$ & $0.0382134$ & $0.0885483$ & $0.0401954$ & $-0.0599938$ & $0.0649494$ & $0.495152$ & $0.0447898$ & $-0.0514413$ & $0.0487991$ & $0.0387788$ & $0.0207109$ & $-0.0252469$ & $-0.0107413$ & $0.0495466$ & $-0.0227693$ & $-0.0230629$ & $-0.0421244$ & $-0.00545975$ & $-0.0538187$ & $-0.0552165$ & $-0.00503223$ \\
CHQ1_11 & $0.0341138$ & $0.00416301$ & $0.00479395$ & $0.00760423$ & $-0.00407187$ & $0.00565727$ & $0.0241869$ & $0.0945743$ & $0.100916$ & $-0.0582718$ & $-0.0399488$ & $0.0219778$ & $0.049776$ & $-0.0805033$ & $-0.186442$ & $-0.137575$ & $-0.0771951$ & $0.00807505$ & $-0.0296209$ & $0.0155985$ & $0.0678224$ & $0.054995$ & $1$ & $-0.158369$ & $0.0748701$ & $-0.695972$ & $0.358016$ & $0.0194986$ & $-0.00384647$ & $0.0184163$ & $0.0139006$ & $0.0304408$ & $0.00929832$ & $0.227135$ & $0.0727407$ & $-0.0633338$ & $0.0520614$ & $-0.0550164$ & $0.0475994$ & $-0.013892$ & $0.019658$ & $0.00545099$ & $-0.0197309$ & $0.0215847$ & $-0.0421203$ & $0.0359897$ & $0.000341131$ & $0.0327291$ & $0.0303098$ \\
CHQ1_33 & $-0.0408601$ & $-0.0267178$ & $-0.114564$ & $-0.0480267$ & $-0.00970333$ & $0.0182152$ & $0.0553496$ & $-0.70553$ & $-0.699451$ & $0.580968$ & $0.341157$ & $-0.223806$ & $-0.412478$ & $0.495986$ & $0.104495$ & $0.0884691$ & $0.705205$ & $0.64545$ & $0.656328$ & $-0.291127$ & $-0.396886$ & $-0.389521$ & $-0.158369$ & $1$ & $0.66458$ & $0.246439$ & $-0.4484$ & $-0.0454084$ & $-0.0696168$ & $-0.130573$ & $-0.0399277$ & $0.029931$ & $-0.125559$ & $-0.642327$ & $-0.066166$ & $-0.0130947$ & $0.00624955$ & $0.0031719$ & $0.0381426$ & $0.0154037$ & $-0.0575073$ & $-0.0372355$ & $0.016461$ & $0.028093$ & $0.00944752$ & $0.0120179$ & $0.0460556$ & $0.0293275$ & $0.0296948$ \\
CHQ3_11 & $-0.0475586$ & $0.00229674$ & $-0.0715056$ & $-0.0617321$ & $-0.0171219$ & $-0.10294$ & $0.0597616$ & $-0.443176$ & $-0.440521$ & $0.493914$ & $0.0559116$ & $-0.315865$ & $-0.39461$ & $0.609706$ & $-0.164262$ & $-0.13845$ & $0.802654$ & $0.824894$ & $0.807993$ & $-0.0542185$ & $-0.0631501$ & $-0.0593788$ & $0.0748701$ & $0.66458$ & $1$ & $0.0540582$ & $0.167923$ & $-0.022398$ & $-0.0550324$ & $-0.109412$ & $-0.0123293$ & $0.0429295$ & $-0.105734$ & $-0.20161$ & $-0.0175084$ & $-0.0760879$ & $0.0299975$ & $0.0513762$ & $0.0802871$ & $-0.0460262$ & $-0.0619062$ & $0.0221443$ & $-0.0179693$ & $0.0292942$ & $0.000288718$ & $0.0428918$ & $-0.00918195$ & $0.0132519$ & $0.0368902$ \\
CHu_11 & $-0.0122328$ & $-0.0154347$ & $-0.00324751$ & $-0.0240492$ & $0.0322405$ & $0.0867857$ & $0.0104652$ & $-0.514821$ & $-0.511524$ & $0.20902$ & $0.559252$ & $0.00175066$ & $-0.133176$ & $-0.216318$ & $-0.176376$ & $-0.196845$ & $-0.048937$ & $0.0697515$ & $0.0932106$ & $-0.54984$ & $-0.561431$ & $-0.538786$ & $-0.695972$ & $0.246439$ & $0.0540582$ & $1$ & $-0.201772$ & $-0.201418$ & $0.00722101$ & $-0.0476786$ & $-0.0158824$ & $0.00959236$ & $-0.033442$ & $-0.283068$ & $-0.0584222$ & $0.049126$ & $-0.0605881$ & $0.0359974$ & $-0.0209548$ & $0.029608$ & $-0.0104381$ & $-0.0109455$ & $-0.0125859$ & $-0.0095613$ & $0.0260197$ & $-0.0204708$ & $0.0253191$ & $0.0140548$ & $-0.00639119$ \\
CHd_11 & $0.017421$ & $0.0587137$ & $0.0478618$ & $-0.00114078$ & $-0.0164558$ & $-0.0930496$ & $-0.00442582$ & $0.452794$ & $0.446823$ & $-0.273269$ & $-0.32429$ & $-0.0258978$ & $0.12229$ & $-0.120442$ & $-0.430419$ & $-0.373742$ & $-0.169788$ & $-0.00870253$ & $-0.0420436$ & $0.247891$ & $0.408242$ & $0.402215$ & $0.358016$ & $-0.4484$ & $0.167923$ & $-0.201772$ & $1$ & $0.121135$ & $0.0347359$ & $0.0746849$ & $0.0518105$ & $0.0090092$ & $0.0726309$ & $0.723222$ & $0.0573811$ & $-0.0928539$ & $0.0246212$ & $0.0433892$ & $0.0652463$ & $-0.0460759$ & $0.00664706$ & $0.0549862$ & $-0.0745487$ & $-0.0128141$ & $-0.0464802$ & $0.0266989$ & $-0.0323572$ & $-0.00864569$ & $0.0118952$ \\
CHd_33 & $-0.0303416$ & $0.013399$ & $0.0249373$ & $0.000453569$ & $0.0178539$ & $-0.0943566$ & $-0.0291669$ & $0.317984$ & $0.312508$ & $-0.138739$ & $-0.35348$ & $-0.00817531$ & $0.0818008$ & $0.149349$ & $0.113496$ & $0.128116$ & $0.0475516$ & $-0.0283538$ & $-0.0416361$ & $0.350094$ & $0.356203$ & $0.351463$ & $0.0194986$ & $-0.0454084$ & $-0.022398$ & $-0.201418$ & $0.121135$ & $1$ & $0.0300975$ & $0.0184278$ & $0.0107578$ & $-0.0374741$ & $0.0347291$ & $0.173555$ & $-0.00917804$ & $-0.00668467$ & $0.0177232$ & $0.0049393$ & $0.0202872$ & $-0.00746346$ & $0.0441934$ & $0.0255585$ & $0.0259874$ & $0.00584057$ & $-0.0366746$ & $0.00973037$ & $-0.0354005$ & $-0.00183893$ & $0.00169206$ \\
CeH_22r & $-0.0589086$ & $0.0299909$ & $-0.00525912$ & $0.0311873$ & $0.00612392$ & $-0.00177639$ & $-0.0148452$ & $0.0576999$ & $0.0646036$ & $-0.0606686$ & $-0.0279564$ & $0.0652648$ & $0.0754342$ & $-0.0431374$ & $0.00310009$ & $-0.000379955$ & $-0.0573834$ & $-0.0605522$ & $-0.0561249$ & $0.0255208$ & $0.0307061$ & $0.0382134$ & $-0.00384647$ & $-0.0696168$ & $-0.0550324$ & $0.00722101$ & $0.0347359$ & $0.0300975$ & $1$ & $0.114058$ & $0.0272428$ & $-0.0273971$ & $0.105153$ & $0.0448193$ & $-0.0553813$ & $0.0119242$ & $-0.00897389$ & $0.0107499$ & $-0.0417556$ & $-0.0487067$ & $0.0354481$ & $0.00643308$ & $0.0818928$ & $0.0149481$ & $0.0281144$ & $-0.014126$ & $0.00274773$ & $0.10012$ & $-0.00209111$ \\
CeH_33r & $-0.00392457$ & $0.073249$ & $0.0318095$ & $-0.00143671$ & $0.020252$ & $-0.00350647$ & $-0.126129$ & $0.139165$ & $0.161659$ & $-0.156152$ & $-0.0884682$ & $0.336678$ & $0.302663$ & $-0.0725734$ & $0.0221599$ & $0.0708869$ & $-0.111681$ & $-0.115893$ & $-0.151323$ & $0.0900921$ & $0.0909299$ & $0.0885483$ & $0.0184163$ & $-0.130573$ & $-0.109412$ & $-0.0476786$ & $0.0746849$ & $0.0184278$ & $0.114058$ & $1$ & $0.325809$ & $0.0191481$ & $0.691583$ & $0.0947971$ & $-0.0583417$ & $0.0379376$ & $-0.110431$ & $-0.0864735$ & $-0.0716513$ & $0.00474698$ & $-0.00190755$ & $-0.00574371$ & $0.0552792$ & $-0.0137241$ & $0.0291932$ & $0.0305829$ & $-0.015372$ & $-0.0069242$ & $0.0139679$ \\
CuH_22r & $0.04298$ & $-0.0281648$ & $0.00766426$ & $-0.125623$ & $0.0644524$ & $0.00841874$ & $-0.0833149$ & $0.0474848$ & $0.0544616$ & $-0.0673312$ & $-0.0360425$ & $0.0910005$ & $0.0801692$ & $-0.0147565$ & $0.00782432$ & $0.00175042$ & $-0.0246933$ & $-0.031025$ & $-0.0265523$ & $0.0329659$ & $0.0394743$ & $0.0401954$ & $0.0139006$ & $-0.0399277$ & $-0.0123293$ & $-0.0158824$ & $0.0518105$ & $0.0107578$ & $0.0272428$ & $0.325809$ & $1$ & $0.00282413$ & $0.355991$ & $0.0283208$ & $-0.0836666$ & $-0.0445547$ & $-0.0449189$ & $-0.0478231$ & $-0.0898433$ & $-0.00908274$ & $-0.0361009$ & $-0.0186537$ & $0.014465$ & $0.0212072$ & $-0.0178373$ & $0.0113679$ & $0.274119$ & $-0.0674329$ & $-0.0225776$ \\
CuH_33r & $0.0412175$ & $0.125626$ & $0.0875591$ & $0.0850771$ & $0.0801569$ & $0.0376238$ & $0.940972$ & $-0.0726899$ & $-0.0307648$ & $0.0519737$ & $0.0692298$ & $-0.139791$ & $-0.234974$ & $-0.0146781$ & $-0.0756984$ & $-0.0436174$ & $0.0188597$ & $0.0600244$ & $0.0383171$ & $-0.0691623$ & $-0.0635475$ & $-0.0599938$ & $0.0304408$ & $0.029931$ & $0.0429295$ & $0.00959236$ & $0.0090092$ & $-0.0374741$ & $-0.0273971$ & $0.0191481$ & $0.00282413$ & $1$ & $-0.0366672$ & $0.0105046$ & $0.0567451$ & $0.104645$ & $-0.0523997$ & $-0.0171183$ & $0.0482446$ & $0.0143555$ & $0.12799$ & $0.0518428$ & $-0.0400356$ & $-0.0556565$ & $0.117407$ & $-0.00369646$ & $-0.113161$ & $0.0803682$ & $-0.109832$ \\
CdH_33r & $-0.083283$ & $0.05319$ & $0.0625934$ & $0.0739531$ & $-0.00845924$ & $0.0289775$ & $-0.211035$ & $0.125018$ & $0.142734$ & $-0.175594$ & $-0.0656475$ & $0.416214$ & $0.369667$ & $-0.0973737$ & $0.0339947$ & $0.0606178$ & $-0.125894$ & $-0.137474$ & $-0.158163$ & $0.0687094$ & $0.0668783$ & $0.0649494$ & $0.00929832$ & $-0.125559$ & $-0.105734$ & $-0.033442$ & $0.0726309$ & $0.0347291$ & $0.105153$ & $0.691583$ & $0.355991$ & $-0.0366672$ & $1$ & $0.0740045$ & $-0.0839947$ & $0.0674949$ & $-0.0265245$ & $-0.0761781$ & $-0.0225214$ & $0.0144159$ & $0.0427688$ & $-0.0654369$ & $0.00541053$ & $-0.0457394$ & $-0.0095716$ & $0.0368603$ & $-0.0443338$ & $0.0756026$ & $0.347125$ \\
CLL_1221 & $-0.00443433$ & $0.0802789$ & $0.0646187$ & $0.0166612$ & $0.00289623$ & $-0.13991$ & $0.00152748$ & $0.598286$ & $0.587701$ & $-0.387157$ & $-0.411955$ & $0.0143424$ & $0.211624$ & $-0.229673$ & $-0.586551$ & $-0.102702$ & $-0.258917$ & $0.00213003$ & $-0.352027$ & $0.334685$ & $0.498486$ & $0.495152$ & $0.227135$ & $-0.642327$ & $-0.20161$ & $-0.283068$ & $0.723222$ & $0.173555$ & $0.0448193$ & $0.0947971$ & $0.0283208$ & $0.0105046$ & $0.0740045$ & $1$ & $0.0427471$ & $-0.0351451$ & $0.00375606$ & $0.016722$ & $0.00253507$ & $-0.057565$ & $0.0313645$ & $0.0535669$ & $-0.062482$ & $0.00727293$ & $-0.0257389$ & $0.0261487$ & $-0.0468806$ & $-0.00888847$ & $-0.0290007$ \\
eHggint & $0.141504$ & $-0.230321$ & $-0.104927$ & $0.0893514$ & $0.00163711$ & $0.0419137$ & $0.00263847$ & $0.0583621$ & $0.0384606$ & $0.00720699$ & $-0.0468603$ & $0.0873644$ & $0.0876951$ & $0.0162666$ & $-0.0141271$ & $-0.0346699$ & $-0.029892$ & $-0.0123816$ & $-0.0028051$ & $0.0380007$ & $0.0465792$ & $0.0447898$ & $0.0727407$ & $-0.066166$ & $-0.0175084$ & $-0.0584222$ & $0.0573811$ & $-0.00917804$ & $-0.0553813$ & $-0.0583417$ & $-0.0836666$ & $0.0567451$ & $-0.0839947$ & $0.0427471$ & $1$ & $-0.231279$ & $0.194534$ & $0.0919226$ & $0.194852$ & $0.104185$ & $0.00782681$ & $0.0370915$ & $-0.223781$ & $0.0470303$ & $-0.128643$ & $-0.135628$ & $-0.105143$ & $-0.177289$ & $-0.0471718$ \\
eHggpar & $-0.177984$ & $0.11207$ & $0.301813$ & $0.450506$ & $0.0526616$ & $0.0520952$ & $0.0794792$ & $-0.0183094$ & $-0.00981006$ & $0.00829033$ & $0.0452042$ & $0.0625738$ & $0.00909765$ & $-0.054131$ & $0.0274347$ & $0.0636411$ & $-0.063574$ & $-0.0578123$ & $-0.0903566$ & $-0.034565$ & $-0.0478452$ & $-0.0514413$ & $-0.0633338$ & $-0.0130947$ & $-0.0760879$ & $0.049126$ & $-0.0928539$ & $-0.00668467$ & $0.0119242$ & $0.0379376$ & $-0.0445547$ & $0.104645$ & $0.0674949$ & $-0.0351451$ & $-0.231279$ & $1$ & $-0.136957$ & $0.0364933$ & $-0.392003$ & $-0.0252581$ & $0.211914$ & $-0.00900206$ & $0.107687$ & $-0.301223$ & $0.316152$ & $-0.0922196$ & $-0.0421307$ & $0.177902$ & $0.0285478$ \\
eHWWint & $-0.0820319$ & $-0.100615$ & $0.0731229$ & $-0.079515$ & $-0.00312343$ & $-0.0172295$ & $-0.0352863$ & $0.0351508$ & $0.0265125$ & $0.0113827$ & $-0.0499872$ & $0.0459342$ & $0.0557321$ & $0.0445976$ & $0.0250286$ & $0.0113322$ & $0.0238004$ & $0.0112729$ & $0.0171724$ & $0.0472216$ & $0.046757$ & $0.0487991$ & $0.0520614$ & $0.00624955$ & $0.0299975$ & $-0.0605881$ & $0.0246212$ & $0.0177232$ & $-0.00897389$ & $-0.110431$ & $-0.0449189$ & $-0.0523997$ & $-0.0265245$ & $0.00375606$ & $0.194534$ & $-0.136957$ & $1$ & $0.0327298$ & $0.155755$ & $0.0387433$ & $-0.0728464$ & $-0.0566069$ & $-0.00307862$ & $0.122396$ & $-0.0713991$ & $-0.0947276$ & $0.12834$ & $0.232049$ & $0.16464$ \\
eHWWpar & $0.0137946$ & $-0.017225$ & $0.0592318$ & $-0.00573268$ & $0.0290517$ & $0.046785$ & $-0.00267327$ & $0.0156932$ & $0.00242413$ & $0.0137051$ & $-0.0329425$ & $-0.0427932$ & $-0.037692$ & $0.0682805$ & $-0.011525$ & $-0.025347$ & $0.029196$ & $0.0388068$ & $0.0555529$ & $0.0244199$ & $0.0387169$ & $0.0387788$ & $-0.0550164$ & $0.0031719$ & $0.0513762$ & $0.0359974$ & $0.0433892$ & $0.0049393$ & $0.0107499$ & $-0.0864735$ & $-0.0478231$ & $-0.0171183$ & $-0.0761781$ & $0.016722$ & $0.0919226$ & $0.0364933$ & $0.0327298$ & $1$ & $0.0153379$ & $-0.0346666$ & $0.0106339$ & $0.0423933$ & $-0.0958292$ & $-0.00915196$ & $0.0758362$ & $-0.143188$ & $0.0286612$ & $-0.106497$ & $0.0891525$ \\
eHZZint & $0.119721$ & $-0.178468$ & $-0.0832478$ & $-0.212882$ & $-0.0484805$ & $-0.069288$ & $0.0524556$ & $-0.00491807$ & $-0.0188088$ & $0.056691$ & $-0.0217765$ & $-0.0216154$ & $-0.0327551$ & $0.0483076$ & $-0.0108848$ & $-0.0398513$ & $0.0594978$ & $0.055436$ & $0.0696448$ & $0.0163724$ & $0.0182915$ & $0.0207109$ & $0.0475994$ & $0.0381426$ & $0.0802871$ & $-0.0209548$ & $0.0652463$ & $0.0202872$ & $-0.0417556$ & $-0.0716513$ & $-0.0898433$ & $0.0482446$ & $-0.0225214$ & $0.00253507$ & $0.194852$ & $-0.392003$ & $0.155755$ & $0.0153379$ & $1$ & $-0.0360151$ & $-0.153902$ & $0.031033$ & $-0.294381$ & $0.0601303$ & $-0.339563$ & $-0.000406635$ & $-0.224305$ & $-0.0572938$ & $0.1834$ \\
eHZZpar & $0.0838708$ & $-0.0444355$ & $0.0425796$ & $-0.0608342$ & $0.0046594$ & $-0.0322762$ & $0.0126403$ & $-0.00740595$ & $0.00108706$ & $-0.0197086$ & $0.0140749$ & $0.0267792$ & $0.0446745$ & $-0.0182613$ & $0.0609892$ & $0.0296929$ & $-0.0163375$ & $-0.0517549$ & $-0.0290406$ & $-0.011465$ & $-0.022052$ & $-0.0252469$ & $-0.013892$ & $0.0154037$ & $-0.0460262$ & $0.029608$ & $-0.0460759$ & $-0.00746346$ & $-0.0487067$ & $0.00474698$ & $-0.00908274$ & $0.0143555$ & $0.0144159$ & $-0.057565$ & $0.104185$ & $-0.0252581$ & $0.0387433$ & $-0.0346666$ & $-0.0360151$ & $1$ & $0.0472032$ & $-0.127397$ & $0.0113174$ & $-0.0142855$ & $-0.0136892$ & $-0.0559794$ & $0.00592818$ & $-0.0223186$ & $0.028397$ \\
eHZgaint & $0.246068$ & $0.0608507$ & $0.038923$ & $0.337495$ & $0.038471$ & $-0.0094066$ & $0.125296$ & $0.025235$ & $0.0388186$ & $-0.0435374$ & $-0.00296835$ & $-0.00343035$ & $-0.0108974$ & $-0.0260661$ & $-0.0100985$ & $0.00559184$ & $-0.0461402$ & $-0.0346775$ & $-0.0522866$ & $-0.00186613$ & $0.00505798$ & $-0.0107413$ & $0.019658$ & $-0.0575073$ & $-0.0619062$ & $-0.0104381$ & $0.00664706$ & $0.0441934$ & $0.0354481$ & $-0.00190755$ & $-0.0361009$ & $0.12799$ & $0.0427688$ & $0.0313645$ & $0.00782681$ & $0.211914$ & $-0.0728464$ & $0.0106339$ & $-0.153902$ & $0.0472032$ & $1$ & $-0.0119413$ & $0.116112$ & $-0.0753102$ & $0.327698$ & $-0.428389$ & $0.128004$ & $0.219121$ & $-0.0353634$ \\
eHZgapar & $-0.00541358$ & $0.00401738$ & $0.0340981$ & $-0.0465577$ & $-0.0112497$ & $-0.0318969$ & $0.046107$ & $0.0403803$ & $0.040696$ & $-0.0121022$ & $-0.0429134$ & $-0.0329511$ & $-0.03765$ & $0.0140333$ & $-0.0238337$ & $-0.00880371$ & $0.00920918$ & $0.017095$ & $0.00417049$ & $0.0397378$ & $0.0483212$ & $0.0495466$ & $0.00545099$ & $-0.0372355$ & $0.0221443$ & $-0.0109455$ & $0.0549862$ & $0.0255585$ & $0.00643308$ & $-0.00574371$ & $-0.0186537$ & $0.0518428$ & $-0.0654369$ & $0.0535669$ & $0.0370915$ & $-0.00900206$ & $-0.0566069$ & $0.0423933$ & $0.031033$ & $-0.127397$ & $-0.0119413$ & $1$ & $-0.0565716$ & $-0.0164333$ & $0.0347074$ & $0.0511486$ & $-0.0419174$ & $-0.145001$ & $-0.0849349$ \\
eHgagaint & $0.017036$ & $0.143855$ & $0.056544$ & $-0.0821185$ & $-0.0389918$ & $0.0762755$ & $-0.0146969$ & $-0.0176324$ & $0.0322383$ & $-0.0017842$ & $0.0072727$ & $0.0417846$ & $0.0498054$ & $0.0399488$ & $0.0442545$ & $0.029257$ & $-0.0167715$ & $-0.0101056$ & $0.00538834$ & $0.00416775$ & $-0.0119677$ & $-0.0227693$ & $-0.0197309$ & $0.016461$ & $-0.0179693$ & $-0.0125859$ & $-0.0745487$ & $0.0259874$ & $0.0818928$ & $0.0552792$ & $0.014465$ & $-0.0400356$ & $0.00541053$ & $-0.062482$ & $-0.223781$ & $0.107687$ & $-0.00307862$ & $-0.0958292$ & $-0.294381$ & $0.0113174$ & $0.116112$ & $-0.0565716$ & $1$ & $0.205906$ & $0.110451$ & $-0.0505714$ & $-0.0840154$ & $0.187475$ & $-0.151226$ \\
eHmumuint & $0.115796$ & $-0.0708599$ & $-0.142561$ & $-0.272593$ & $0.0050529$ & $0.00387224$ & $-0.0419584$ & $-0.0468823$ & $-0.0392552$ & $0.0325919$ & $0.0311355$ & $-0.0116736$ & $0.00505475$ & $0.0357005$ & $-0.0650554$ & $-0.0640479$ & $0.0342147$ & $0.0721452$ & $0.0748261$ & $-0.0396895$ & $-0.0270356$ & $-0.0230629$ & $0.0215847$ & $0.028093$ & $0.0292942$ & $-0.0095613$ & $-0.0128141$ & $0.00584057$ & $0.0149481$ & $-0.0137241$ & $0.0212072$ & $-0.0556565$ & $-0.0457394$ & $0.00727293$ & $0.0470303$ & $-0.301223$ & $0.122396$ & $-0.00915196$ & $0.0601303$ & $-0.0142855$ & $-0.0753102$ & $-0.0164333$ & $0.205906$ & $1$ & $-0.13346$ & $0.025714$ & $0.141006$ & $-0.0997818$ & $0.0121743$ \\
eHtautauint & $-0.0491185$ & $0.324701$ & $0.119076$ & $0.220184$ & $0.0499437$ & $-0.0124559$ & $0.120673$ & $-0.0405927$ & $-0.025952$ & $0.0351491$ & $0.0388077$ & $0.00998634$ & $-0.0336197$ & $-0.0115321$ & $0.00785241$ & $0.0308919$ & $-0.00282767$ & $-0.00112623$ & $-0.0182043$ & $-0.0300615$ & $-0.0359689$ & $-0.0421244$ & $-0.0421203$ & $0.00944752$ & $0.000288718$ & $0.0260197$ & $-0.0464802$ & $-0.0366746$ & $0.0281144$ & $0.0291932$ & $-0.0178373$ & $0.117407$ & $-0.0095716$ & $-0.0257389$ & $-0.128643$ & $0.316152$ & $-0.0713991$ & $0.0758362$ & $-0.339563$ & $-0.0136892$ & $0.327698$ & $0.0347074$ & $0.110451$ & $-0.13346$ & $1$ & $-0.359292$ & $-0.13731$ & $0.32746$ & $-0.169471$ \\
eHccint & $-0.123754$ & $-0.0849627$ & $-0.169026$ & $-0.282534$ & $-0.0601648$ & $-0.0277772$ & $-0.00994883$ & $-0.0202026$ & $-0.0273395$ & $-0.0453042$ & $0.0187814$ & $-0.073137$ & $-0.00209734$ & $-0.022943$ & $-0.0465584$ & $-0.0110723$ & $0.0228853$ & $0.0333115$ & $0.0104586$ & $-0.0224857$ & $-0.0186254$ & $-0.00545975$ & $0.0359897$ & $0.0120179$ & $0.0428918$ & $-0.0204708$ & $0.0266989$ & $0.00973037$ & $-0.014126$ & $0.0305829$ & $0.0113679$ & $-0.00369646$ & $0.0368603$ & $0.0261487$ & $-0.135628$ & $-0.0922196$ & $-0.0947276$ & $-0.143188$ & $-0.000406635$ & $-0.0559794$ & $-0.428389$ & $0.0511486$ & $-0.0505714$ & $0.025714$ & $-0.359292$ & $1$ & $-0.172003$ & $-0.164348$ & $0.0750468$ \\
eHccpar & $0.0482817$ & $-0.248271$ & $0.0508509$ & $-0.159668$ & $0.0784824$ & $0.00523478$ & $-0.108366$ & $-0.0446454$ & $-0.0485051$ & $0.00252264$ & $0.0492386$ & $-0.00180835$ & $-0.035419$ & $-0.0276043$ & $0.00587831$ & $-0.0109825$ & $0.00658652$ & $-0.00661242$ & $0.00346108$ & $-0.0553371$ & $-0.0528219$ & $-0.0538187$ & $0.000341131$ & $0.0460556$ & $-0.00918195$ & $0.0253191$ & $-0.0323572$ & $-0.0354005$ & $0.00274773$ & $-0.015372$ & $0.274119$ & $-0.113161$ & $-0.0443338$ & $-0.0468806$ & $-0.105143$ & $-0.0421307$ & $0.12834$ & $0.0286612$ & $-0.224305$ & $0.00592818$ & $0.128004$ & $-0.0419174$ & $-0.0840154$ & $0.141006$ & $-0.13731$ & $-0.172003$ & $1$ & $-0.0931138$ & $-0.0835196$ \\
eHbbint & $-0.173064$ & $0.0119008$ & $0.185328$ & $0.234364$ & $-0.0147753$ & $-9.68453e-05$ & $0.103919$ & $-0.0496638$ & $-0.0343547$ & $-0.00946384$ & $0.0608438$ & $-0.0714191$ & $-0.0719577$ & $-0.0420035$ & $-0.0301672$ & $-0.0167656$ & $-0.00334352$ & $0.00633586$ & $0.00323876$ & $-0.0593336$ & $-0.057069$ & $-0.0552165$ & $0.0327291$ & $0.0293275$ & $0.0132519$ & $0.0140548$ & $-0.00864569$ & $-0.00183893$ & $0.10012$ & $-0.0069242$ & $-0.0674329$ & $0.0803682$ & $0.0756026$ & $-0.00888847$ & $-0.177289$ & $0.177902$ & $0.232049$ & $-0.106497$ & $-0.0572938$ & $-0.0223186$ & $0.219121$ & $-0.145001$ & $0.187475$ & $-0.0997818$ & $0.32746$ & $-0.164348$ & $-0.0931138$ & $1$ & $-0.0641917$ \\
eHbbpar & $-0.195478$ & $-0.0209855$ & $0.0552096$ & $0.0529178$ & $-0.00572031$ & $0.0507624$ & $-0.10033$ & $-0.00505068$ & $-0.0155792$ & $-0.014925$ & $-0.00052082$ & $0.0261693$ & $0.0459821$ & $0.0119536$ & $0.0316105$ & $0.024951$ & $0.00688568$ & $-0.00619549$ & $-0.00699727$ & $0.00351471$ & $-0.00498167$ & $-0.00503223$ & $0.0303098$ & $0.0296948$ & $0.0368902$ & $-0.00639119$ & $0.0118952$ & $0.00169206$ & $-0.00209111$ & $0.0139679$ & $-0.0225776$ & $-0.109832$ & $0.347125$ & $-0.0290007$ & $-0.0471718$ & $0.0285478$ & $0.16464$ & $0.0891525$ & $0.1834$ & $0.028397$ & $-0.0353634$ & $-0.0849349$ & $-0.151226$ & $0.0121743$ & $-0.169471$ & $0.0750468$ & $-0.0835196$ & $-0.0641917$ & $1$ \\
