 & AlsMz & dAle5Mz & mtop & mHl & Mz & CW & CHG & CHWB & CHWHB_gaga & CHWHB_gagaorth & CHD & CHbox & CH & CHL1_11 & CHL1_22 & CHL1_33 & CHL3_11 & CHL3_22 & CHL3_33 & CHe_11 & CHe_22 & CHe_33 & CHQ1_11 & CHQ1_33 & CHQ3_11 & CHu_11 & CHd_11 & CHd_33 & CeH_22r & CeH_33r & CuH_22r & CuH_33r & CdH_33r & CLL_1221 & eHggpar & eHWWpar & eHZZpar & eHZgapar & eHccpar & eHbbpar \\
AlsMz & $1$ & $-0.0317055$ & $0.0246803$ & $-0.00402775$ & $0.00758392$ & $0.00052412$ & $-0.0156509$ & $-0.0181671$ & $-0.017712$ & $0.0267535$ & $0.00154041$ & $-0.0269076$ & $0.0306402$ & $0.0311858$ & $0.0131034$ & $0.0272123$ & $0.0291486$ & $0.0172778$ & $0.00609218$ & $-0.0130928$ & $-0.0306734$ & $-0.00333505$ & $0.00390193$ & $0.0038644$ & $-0.0562486$ & $-0.0126376$ & $-0.0365012$ & $0.0155257$ & $-0.000928229$ & $0.0203322$ & $0.00662357$ & $-0.00965672$ & $0.0255926$ & $-0.025645$ & $0.0181525$ & $-0.0311432$ & $0.0402311$ & $-0.00828195$ & $0.0538948$ & $0.00493514$ \\
dAle5Mz & $-0.0317055$ & $1$ & $0.0268148$ & $0.0159837$ & $-0.00655001$ & $0.0169259$ & $0.0417045$ & $-0.219647$ & $-0.214702$ & $0.0881454$ & $0.234424$ & $0.0416573$ & $-0.033422$ & $-0.0420519$ & $-0.0249036$ & $-0.0379134$ & $0.0753426$ & $0.0393905$ & $0.0649464$ & $-0.188279$ & $-0.095679$ & $-0.120802$ & $-0.00756366$ & $0.0731668$ & $0.0530529$ & $0.0387402$ & $-0.0405574$ & $-0.0219491$ & $-0.0152734$ & $-0.0133592$ & $-0.0236337$ & $0.0345162$ & $-0.037863$ & $0.0153777$ & $-0.0403596$ & $-0.0329638$ & $-0.00247137$ & $0.0039818$ & $-0.00995414$ & $-0.029175$ \\
mtop & $0.0246803$ & $0.0268148$ & $1$ & $0.03051$ & $-0.0042126$ & $-0.00973802$ & $0.0093435$ & $0.0031934$ & $0.00167032$ & $-0.00946762$ & $0.117068$ & $0.0347042$ & $-0.0217109$ & $0.000810865$ & $0.00387714$ & $-0.00071818$ & $0.00128979$ & $-0.00830944$ & $0.0158604$ & $0.00645082$ & $0.00296201$ & $0.00468443$ & $-0.00701485$ & $0.0425541$ & $-0.0109482$ & $-0.0144871$ & $-0.00869998$ & $0.00500528$ & $-0.00380532$ & $-0.00342901$ & $0.0195465$ & $0.00889418$ & $-0.0146898$ & $0.0147102$ & $-0.036258$ & $-0.00720261$ & $0.00385342$ & $-0.00858624$ & $0.0508992$ & $-0.0147855$ \\
mHl & $-0.00402775$ & $0.0159837$ & $0.03051$ & $1$ & $0.000918405$ & $0.00151986$ & $0.0500207$ & $-0.00873455$ & $-0.00796604$ & $0.00851006$ & $0.0161728$ & $0.072274$ & $-0.0772187$ & $-0.00494212$ & $-0.00892951$ & $-0.0153908$ & $-0.000532203$ & $0.00737263$ & $0.00556185$ & $-0.00643781$ & $-0.0100308$ & $-0.0227174$ & $0.022962$ & $0.000408056$ & $0.00169034$ & $-0.0339209$ & $-0.00722601$ & $0.0106462$ & $-0.0191345$ & $-0.0323323$ & $-0.0462639$ & $0.0341767$ & $-0.0648908$ & $0.0025837$ & $-0.0620185$ & $-0.0213256$ & $-0.00750814$ & $0.0268985$ & $-0.0269459$ & $-0.0491658$ \\
Mz & $0.00758392$ & $-0.00655001$ & $-0.0042126$ & $0.000918405$ & $1$ & $-0.00951245$ & $0.00812885$ & $0.0409271$ & $0.0421622$ & $-0.0365702$ & $0.012591$ & $-0.00600268$ & $0.0150247$ & $-0.0304855$ & $-0.00960911$ & $-0.0153113$ & $-0.0522394$ & $-0.0254853$ & $-0.0366881$ & $0.0469854$ & $0.0239642$ & $0.0292274$ & $0.00294067$ & $-0.0421405$ & $-0.040693$ & $-0.0129455$ & $0.0266007$ & $0.0171484$ & $-0.00694536$ & $0.017189$ & $0.0138014$ & $0.012905$ & $0.0159141$ & $0.0278994$ & $-0.00375047$ & $-0.0152958$ & $-0.017884$ & $-0.00909728$ & $0.018469$ & $-0.00469265$ \\
CW & $0.00052412$ & $0.0169259$ & $-0.00973802$ & $0.00151986$ & $-0.00951245$ & $1$ & $0.00083279$ & $-0.0679745$ & $-0.0673896$ & $0.0181171$ & $0.0751237$ & $-0.0134475$ & $0.00822751$ & $0.21663$ & $0.0442678$ & $0.0300501$ & $-0.135352$ & $-0.0101017$ & $-0.0129822$ & $-0.0864067$ & $-0.0662588$ & $-0.0705176$ & $-0.0330565$ & $0.0476044$ & $-0.0329809$ & $0.019798$ & $-0.109815$ & $-0.0274191$ & $0.0277362$ & $0.0207387$ & $0.00691628$ & $0.00318149$ & $0.0128109$ & $-0.147136$ & $-0.0249398$ & $0.0238766$ & $0.0161414$ & $0.00923925$ & $-0.0101826$ & $0.00461718$ \\
CHG & $-0.0156509$ & $0.0417045$ & $0.0093435$ & $0.0500207$ & $0.00812885$ & $0.00083279$ & $1$ & $0.0501079$ & $0.072791$ & $0.0120549$ & $-0.0297623$ & $0.744754$ & $-0.783238$ & $-0.0830543$ & $-0.0193556$ & $-0.0133128$ & $-0.0825905$ & $-0.0455901$ & $-0.0418338$ & $0.088792$ & $0.029533$ & $0.0323461$ & $-0.0174222$ & $-0.0433253$ & $-0.0427056$ & $0.00943061$ & $0.0464973$ & $0.00881076$ & $-0.136205$ & $-0.536856$ & $-0.291709$ & $0.951638$ & $-0.5376$ & $0.0304621$ & $-0.0323135$ & $-0.0224757$ & $0.026334$ & $-0.00539051$ & $-0.00862038$ & $0.0195361$ \\
CHWB & $-0.0181671$ & $-0.219647$ & $0.0031934$ & $-0.00873455$ & $0.0409271$ & $-0.0679745$ & $0.0501079$ & $1$ & $0.995002$ & $-0.579562$ & $-0.886748$ & $0.0319587$ & $-0.0610582$ & $-0.312382$ & $-0.0264123$ & $-0.0263999$ & $-0.664589$ & $-0.559849$ & $-0.557265$ & $0.877169$ & $0.680535$ & $0.655525$ & $0.0871137$ & $-0.69959$ & $-0.605863$ & $-0.21607$ & $0.454302$ & $0.133495$ & $-0.014612$ & $-0.0446383$ & $-0.0124865$ & $0.04405$ & $-0.0582056$ & $0.667274$ & $0.00906358$ & $0.0220381$ & $-0.0204769$ & $0.00502548$ & $0.000363636$ & $0.0208701$ \\
CHWHB_gaga & $-0.017712$ & $-0.214702$ & $0.00167032$ & $-0.00796604$ & $0.0421622$ & $-0.0673896$ & $0.072791$ & $0.995002$ & $1$ & $-0.578422$ & $-0.881351$ & $0.039278$ & $-0.0655188$ & $-0.314861$ & $-0.0274943$ & $-0.0248168$ & $-0.664662$ & $-0.557617$ & $-0.556998$ & $0.874773$ & $0.676689$ & $0.651749$ & $0.0855397$ & $-0.696951$ & $-0.604205$ & $-0.214075$ & $0.45226$ & $0.131831$ & $-0.00960664$ & $-0.0327408$ & $-0.00591121$ & $0.0650012$ & $-0.044841$ & $0.664632$ & $0.00481053$ & $0.0181399$ & $-0.0211871$ & $0.00326298$ & $0.000547647$ & $0.0213445$ \\
CHWHB_gagaorth & $0.0267535$ & $0.0881454$ & $-0.00946762$ & $0.00851006$ & $-0.0365702$ & $0.0181171$ & $0.0120549$ & $-0.579562$ & $-0.578422$ & $1$ & $0.263094$ & $0.0964502$ & $-0.0293808$ & $0.668493$ & $0.109309$ & $0.111457$ & $0.771676$ & $0.5911$ & $0.590514$ & $-0.33769$ & $-0.25464$ & $-0.252203$ & $-0.0942421$ & $0.604743$ & $0.642679$ & $0.090234$ & $-0.351017$ & $-0.0513591$ & $-0.00250084$ & $-0.0300579$ & $-0.0197992$ & $0.0291654$ & $-0.0250316$ & $-0.43791$ & $0.0349968$ & $0.00848288$ & $0.0166092$ & $-0.00892281$ & $-0.00867924$ & $-0.00885806$ \\
CHD & $0.00154041$ & $0.234424$ & $0.117068$ & $0.0161728$ & $0.012591$ & $0.0751237$ & $-0.0297623$ & $-0.886748$ & $-0.881351$ & $0.263094$ & $1$ & $-0.0230467$ & $0.045718$ & $-0.0493531$ & $-0.0499897$ & $-0.0555146$ & $0.333237$ & $0.321344$ & $0.325085$ & $-0.89093$ & $-0.702554$ & $-0.674049$ & $-0.0538953$ & $0.486423$ & $0.342773$ & $0.219322$ & $-0.339819$ & $-0.134074$ & $0.00389642$ & $0.0367746$ & $0.0106169$ & $-0.0242827$ & $0.0424793$ & $-0.52515$ & $-0.0297118$ & $-0.0264249$ & $0.0172877$ & $-0.00761959$ & $0.0186387$ & $-0.00980007$ \\
CHbox & $-0.0269076$ & $0.0416573$ & $0.0347042$ & $0.072274$ & $-0.00600268$ & $-0.0134475$ & $0.744754$ & $0.0319587$ & $0.039278$ & $0.0964502$ & $-0.0230467$ & $1$ & $-0.952827$ & $-0.0941378$ & $-0.00725584$ & $0.00047564$ & $-0.0861682$ & $-0.0402727$ & $-0.0346339$ & $0.13594$ & $0.0352016$ & $0.0337241$ & $-0.0193932$ & $-0.04216$ & $-0.0341175$ & $-0.008079$ & $0.0301267$ & $0.0132532$ & $-0.178186$ & $-0.5726$ & $-0.310174$ & $0.700076$ & $-0.567362$ & $-0.0153312$ & $-0.0362367$ & $-0.0413531$ & $0.0327701$ & $0.017118$ & $-0.00070819$ & $0.047367$ \\
CH & $0.0306402$ & $-0.033422$ & $-0.0217109$ & $-0.0772187$ & $0.0150247$ & $0.00822751$ & $-0.783238$ & $-0.0610582$ & $-0.0655188$ & $-0.0293808$ & $0.045718$ & $-0.952827$ & $1$ & $0.0823172$ & $0.0205468$ & $0.00459862$ & $0.0876351$ & $0.0480627$ & $0.043939$ & $-0.116197$ & $-0.0391013$ & $-0.0421503$ & $0.022246$ & $0.0552244$ & $0.0419982$ & $0.00728602$ & $-0.0440182$ & $-0.0181$ & $0.18988$ & $0.645192$ & $0.343218$ & $-0.716199$ & $0.629017$ & $-0.0291235$ & $0.0420209$ & $0.0421728$ & $-0.0421308$ & $-0.0213056$ & $0.00531466$ & $-0.0497569$ \\
CHL1_11 & $0.0311858$ & $-0.0420519$ & $0.000810865$ & $-0.00494212$ & $-0.0304855$ & $0.21663$ & $-0.0830543$ & $-0.312382$ & $-0.314861$ & $0.668493$ & $-0.0493531$ & $-0.0941378$ & $0.0823172$ & $1$ & $0.160396$ & $0.164581$ & $0.625557$ & $0.520708$ & $0.520967$ & $-0.166145$ & $-0.0572424$ & $-0.0613096$ & $-0.0840398$ & $0.522721$ & $0.558955$ & $0.0149382$ & $-0.325179$ & $-0.0090993$ & $0.0373431$ & $0.0508822$ & $0.0288325$ & $-0.0878837$ & $0.0711456$ & $-0.332488$ & $0.0329404$ & $0.0109026$ & $0.0127336$ & $0.00478895$ & $-0.0223909$ & $-0.0165362$ \\
CHL1_22 & $0.0131034$ & $-0.0249036$ & $0.00387714$ & $-0.00892951$ & $-0.00960911$ & $0.0442678$ & $-0.0193556$ & $-0.0264123$ & $-0.0274943$ & $0.109309$ & $-0.0499897$ & $-0.00725584$ & $0.0205468$ & $0.160396$ & $1$ & $0.349263$ & $0.0607081$ & $-0.444227$ & $-0.106085$ & $0.0584613$ & $-0.153684$ & $-0.109581$ & $-0.122044$ & $0.234847$ & $-0.156371$ & $0.0149996$ & $-0.485662$ & $-0.0284665$ & $0.00763957$ & $0.00393816$ & $-0.000185326$ & $-0.011337$ & $0.0142056$ & $-0.551939$ & $0.0485207$ & $0.0362145$ & $0.0089626$ & $-0.00114915$ & $-0.00726945$ & $0.0116737$ \\
CHL1_33 & $0.0272123$ & $-0.0379134$ & $-0.00071818$ & $-0.0153908$ & $-0.0153113$ & $0.0300501$ & $-0.0133128$ & $-0.0263999$ & $-0.0248168$ & $0.111457$ & $-0.0555146$ & $0.00047564$ & $0.00459862$ & $0.164581$ & $0.349263$ & $1$ & $0.0749877$ & $-0.100276$ & $-0.437034$ & $0.0532505$ & $-0.104894$ & $-0.191073$ & $-0.129486$ & $0.221191$ & $-0.147756$ & $0.0374389$ & $-0.472623$ & $-0.0195074$ & $-0.00799623$ & $0.00321358$ & $-0.00876249$ & $-0.00472648$ & $0.0197203$ & $-0.246223$ & $-0.0148255$ & $0.0118722$ & $0.0220543$ & $0.00703694$ & $-0.00617592$ & $0.0113438$ \\
CHL3_11 & $0.0291486$ & $0.0753426$ & $0.00128979$ & $-0.000532203$ & $-0.0522394$ & $-0.135352$ & $-0.0825905$ & $-0.664589$ & $-0.664662$ & $0.771676$ & $0.333237$ & $-0.0861682$ & $0.0876351$ & $0.625557$ & $0.0607081$ & $0.0749877$ & $1$ & $0.701394$ & $0.693654$ & $-0.498797$ & $-0.308063$ & $-0.299671$ & $-0.0804943$ & $0.680339$ & $0.767548$ & $0.108438$ & $-0.338915$ & $-0.0636586$ & $0.018444$ & $0.0495494$ & $0.0280279$ & $-0.0845774$ & $0.0731226$ & $-0.372945$ & $0.01772$ & $-0.0123672$ & $0.0249413$ & $-0.0112796$ & $-0.0120234$ & $-0.0214303$ \\
CHL3_22 & $0.0172778$ & $0.0393905$ & $-0.00830944$ & $0.00737263$ & $-0.0254853$ & $-0.0101017$ & $-0.0455901$ & $-0.559849$ & $-0.557617$ & $0.5911$ & $0.321344$ & $-0.0402727$ & $0.0480627$ & $0.520708$ & $-0.444227$ & $-0.100276$ & $0.701394$ & $1$ & $0.656393$ & $-0.427211$ & $-0.238372$ & $-0.231556$ & $-0.000346218$ & $0.482069$ & $0.777772$ & $0.0856909$ & $-0.0402015$ & $-0.0461285$ & $0.0198911$ & $0.0297791$ & $0.0142539$ & $-0.0478507$ & $0.0453882$ & $0.054746$ & $-0.00318336$ & $-0.0240491$ & $0.0171086$ & $-0.00396368$ & $-0.0135366$ & $-0.0247313$ \\
CHL3_33 & $0.00609218$ & $0.0649464$ & $0.0158604$ & $0.00556185$ & $-0.0366881$ & $-0.0129822$ & $-0.0418338$ & $-0.557265$ & $-0.556998$ & $0.590514$ & $0.325085$ & $-0.0346339$ & $0.043939$ & $0.520967$ & $-0.106085$ & $-0.437034$ & $0.693654$ & $0.656393$ & $1$ & $-0.425722$ & $-0.239086$ & $-0.219856$ & $0.00715451$ & $0.4861$ & $0.775892$ & $0.0688303$ & $-0.0393263$ & $-0.0526601$ & $0.0177992$ & $0.033042$ & $0.0227829$ & $-0.0435074$ & $0.0417524$ & $-0.243404$ & $0.0149851$ & $-0.00649783$ & $0.0109383$ & $-0.00756122$ & $0.00247143$ & $-0.0300047$ \\
CHe_11 & $-0.0130928$ & $-0.188279$ & $0.00645082$ & $-0.00643781$ & $0.0469854$ & $-0.0864067$ & $0.088792$ & $0.877169$ & $0.874773$ & $-0.33769$ & $-0.89093$ & $0.13594$ & $-0.116197$ & $-0.166145$ & $0.0584613$ & $0.0532505$ & $-0.498797$ & $-0.427211$ & $-0.425722$ & $1$ & $0.684752$ & $0.664756$ & $0.0603933$ & $-0.555769$ & $-0.453655$ & $-0.217434$ & $0.363101$ & $0.127943$ & $-0.0204742$ & $-0.0775959$ & $-0.0302725$ & $0.0942301$ & $-0.094358$ & $0.471275$ & $0.0150316$ & $0.0227918$ & $-0.0221236$ & $0.00824719$ & $-0.00149709$ & $0.0105686$ \\
CHe_22 & $-0.0306734$ & $-0.095679$ & $0.00296201$ & $-0.0100308$ & $0.0239642$ & $-0.0662588$ & $0.029533$ & $0.680535$ & $0.676689$ & $-0.25464$ & $-0.702554$ & $0.0352016$ & $-0.0391013$ & $-0.0572424$ & $-0.153684$ & $-0.104894$ & $-0.308063$ & $-0.238372$ & $-0.239086$ & $0.684752$ & $1$ & $0.584745$ & $0.0755257$ & $-0.496354$ & $-0.274096$ & $-0.178621$ & $0.436301$ & $0.100952$ & $1.9655e-05$ & $-0.0199983$ & $-0.00161262$ & $0.0249189$ & $-0.0382239$ & $0.475929$ & $0.0215159$ & $0.00301608$ & $-0.0294444$ & $0.010361$ & $-0.0094243$ & $0.0106867$ \\
CHe_33 & $-0.00333505$ & $-0.120802$ & $0.00468443$ & $-0.0227174$ & $0.0292274$ & $-0.0705176$ & $0.0323461$ & $0.655525$ & $0.651749$ & $-0.252203$ & $-0.674049$ & $0.0337241$ & $-0.0421503$ & $-0.0613096$ & $-0.109581$ & $-0.191073$ & $-0.299671$ & $-0.231556$ & $-0.219856$ & $0.664756$ & $0.584745$ & $1$ & $0.0819759$ & $-0.470352$ & $-0.266952$ & $-0.180851$ & $0.423935$ & $0.10654$ & $-0.00836645$ & $-0.0353552$ & $-0.00890027$ & $0.0291373$ & $-0.0488839$ & $0.451883$ & $0.0185952$ & $-0.00558115$ & $-0.0174299$ & $0.00968711$ & $-0.00560858$ & $0.00705954$ \\
CHQ1_11 & $0.00390193$ & $-0.00756366$ & $-0.00701485$ & $0.022962$ & $0.00294067$ & $-0.0330565$ & $-0.0174222$ & $0.0871137$ & $0.0855397$ & $-0.0942421$ & $-0.0538953$ & $-0.0193932$ & $0.022246$ & $-0.0840398$ & $-0.122044$ & $-0.129486$ & $-0.0804943$ & $-0.000346218$ & $0.00715451$ & $0.0603933$ & $0.0755257$ & $0.0819759$ & $1$ & $-0.122695$ & $0.0333946$ & $-0.578361$ & $0.288797$ & $0.00890444$ & $0.011543$ & $0.0193385$ & $0.0126668$ & $-0.018209$ & $0.00733931$ & $0.136811$ & $0.0114545$ & $0.00823347$ & $-0.0289782$ & $-0.0024852$ & $0.0160571$ & $0.0065467$ \\
CHQ1_33 & $0.0038644$ & $0.0731668$ & $0.0425541$ & $0.000408056$ & $-0.0421405$ & $0.0476044$ & $-0.0433253$ & $-0.69959$ & $-0.696951$ & $0.604743$ & $0.486423$ & $-0.04216$ & $0.0552244$ & $0.522721$ & $0.234847$ & $0.221191$ & $0.680339$ & $0.482069$ & $0.4861$ & $-0.555769$ & $-0.496354$ & $-0.470352$ & $-0.122695$ & $1$ & $0.557514$ & $0.148019$ & $-0.457172$ & $0.00470724$ & $0.0130205$ & $0.0359293$ & $0.0110032$ & $-0.0420033$ & $0.0566973$ & $-0.55737$ & $0.0158984$ & $-0.00346893$ & $0.0297692$ & $-0.00504583$ & $-0.01122$ & $-0.0138543$ \\
CHQ3_11 & $-0.0562486$ & $0.0530529$ & $-0.0109482$ & $0.00169034$ & $-0.040693$ & $-0.0329809$ & $-0.0427056$ & $-0.605863$ & $-0.604205$ & $0.642679$ & $0.342773$ & $-0.0341175$ & $0.0419982$ & $0.558955$ & $-0.156371$ & $-0.147756$ & $0.767548$ & $0.777772$ & $0.775892$ & $-0.453655$ & $-0.274096$ & $-0.266952$ & $0.0333946$ & $0.557514$ & $1$ & $0.0978269$ & $0.0614545$ & $-0.0625451$ & $0.017823$ & $0.0228262$ & $0.0128473$ & $-0.0453355$ & $0.0454646$ & $-0.215652$ & $0.00465092$ & $-0.0140439$ & $0.0113402$ & $-0.00774904$ & $-0.0122679$ & $-0.0216272$ \\
CHu_11 & $-0.0126376$ & $0.0387402$ & $-0.0144871$ & $-0.0339209$ & $-0.0129455$ & $0.019798$ & $0.00943061$ & $-0.21607$ & $-0.214075$ & $0.090234$ & $0.219322$ & $-0.008079$ & $0.00728602$ & $0.0149382$ & $0.0149996$ & $0.0374389$ & $0.108438$ & $0.0856909$ & $0.0688303$ & $-0.217434$ & $-0.178621$ & $-0.180851$ & $-0.578361$ & $0.148019$ & $0.0978269$ & $1$ & $0.0502894$ & $-0.0487568$ & $-0.000206098$ & $-0.00805992$ & $0.00468918$ & $0.00781743$ & $0.00983858$ & $-0.137171$ & $0.00516197$ & $-0.0130542$ & $0.0370368$ & $0.00467464$ & $0.0067789$ & $0.00124816$ \\
CHd_11 & $-0.0365012$ & $-0.0405574$ & $-0.00869998$ & $-0.00722601$ & $0.0266007$ & $-0.109815$ & $0.0464973$ & $0.454302$ & $0.45226$ & $-0.351017$ & $-0.339819$ & $0.0301267$ & $-0.0440182$ & $-0.325179$ & $-0.485662$ & $-0.472623$ & $-0.338915$ & $-0.0402015$ & $-0.0393263$ & $0.363101$ & $0.436301$ & $0.423935$ & $0.288797$ & $-0.457172$ & $0.0614545$ & $0.0502894$ & $1$ & $0.0520068$ & $-0.0156613$ & $-0.0331803$ & $-0.00546941$ & $0.0395687$ & $-0.0467906$ & $0.608356$ & $-0.00612757$ & $-0.00985346$ & $-0.02757$ & $-0.00668543$ & $0.0162939$ & $0.00757692$ \\
CHd_33 & $0.0155257$ & $-0.0219491$ & $0.00500528$ & $0.0106462$ & $0.0171484$ & $-0.0274191$ & $0.00881076$ & $0.133495$ & $0.131831$ & $-0.0513591$ & $-0.134074$ & $0.0132532$ & $-0.0181$ & $-0.0090993$ & $-0.0284665$ & $-0.0195074$ & $-0.0636586$ & $-0.0461285$ & $-0.0526601$ & $0.127943$ & $0.100952$ & $0.10654$ & $0.00890444$ & $0.00470724$ & $-0.0625451$ & $-0.0487568$ & $0.0520068$ & $1$ & $0.00905373$ & $-0.0102179$ & $-0.0139217$ & $0.00227254$ & $-0.0188063$ & $0.0967968$ & $0.028804$ & $-0.0230499$ & $-0.00997106$ & $0.014427$ & $-0.00132381$ & $0.00395788$ \\
CeH_22r & $-0.000928229$ & $-0.0152734$ & $-0.00380532$ & $-0.0191345$ & $-0.00694536$ & $0.0277362$ & $-0.136205$ & $-0.014612$ & $-0.00960664$ & $-0.00250084$ & $0.00389642$ & $-0.178186$ & $0.18988$ & $0.0373431$ & $0.00763957$ & $-0.00799623$ & $0.018444$ & $0.0198911$ & $0.0177992$ & $-0.0204742$ & $1.9655e-05$ & $-0.00836645$ & $0.011543$ & $0.0130205$ & $0.017823$ & $-0.000206098$ & $-0.0156613$ & $0.00905373$ & $1$ & $0.144513$ & $0.0970794$ & $-0.14139$ & $0.154034$ & $-0.0136896$ & $-0.0333646$ & $-0.0061522$ & $-0.0128365$ & $-0.00893081$ & $0.023242$ & $-0.0157762$ \\
CeH_33r & $0.0203322$ & $-0.0133592$ & $-0.00342901$ & $-0.0323323$ & $0.017189$ & $0.0207387$ & $-0.536856$ & $-0.0446383$ & $-0.0327408$ & $-0.0300579$ & $0.0367746$ & $-0.5726$ & $0.645192$ & $0.0508822$ & $0.00393816$ & $0.00321358$ & $0.0495494$ & $0.0297791$ & $0.033042$ & $-0.0775959$ & $-0.0199983$ & $-0.0353552$ & $0.0193385$ & $0.0359293$ & $0.0228262$ & $-0.00805992$ & $-0.0331803$ & $-0.0102179$ & $0.144513$ & $1$ & $0.43244$ & $-0.389973$ & $0.78001$ & $-0.0255816$ & $0.00673581$ & $-0.0356909$ & $-0.0284899$ & $-0.0147714$ & $0.00839042$ & $-0.0454802$ \\
CuH_22r & $0.00662357$ & $-0.0236337$ & $0.0195465$ & $-0.0462639$ & $0.0138014$ & $0.00691628$ & $-0.291709$ & $-0.0124865$ & $-0.00591121$ & $-0.0197992$ & $0.0106169$ & $-0.310174$ & $0.343218$ & $0.0288325$ & $-0.000185326$ & $-0.00876249$ & $0.0280279$ & $0.0142539$ & $0.0227829$ & $-0.0302725$ & $-0.00161262$ & $-0.00890027$ & $0.0126668$ & $0.0110032$ & $0.0128473$ & $0.00468918$ & $-0.00546941$ & $-0.0139217$ & $0.0970794$ & $0.43244$ & $1$ & $-0.190486$ & $0.472337$ & $-0.0066259$ & $0.0116052$ & $-0.013057$ & $-0.0229955$ & $0.00809414$ & $0.269116$ & $-0.0211175$ \\
CuH_33r & $-0.00965672$ & $0.0345162$ & $0.00889418$ & $0.0341767$ & $0.012905$ & $0.00318149$ & $0.951638$ & $0.04405$ & $0.0650012$ & $0.0291654$ & $-0.0242827$ & $0.700076$ & $-0.716199$ & $-0.0878837$ & $-0.011337$ & $-0.00472648$ & $-0.0845774$ & $-0.0478507$ & $-0.0435074$ & $0.0942301$ & $0.0249189$ & $0.0291373$ & $-0.018209$ & $-0.0420033$ & $-0.0453355$ & $0.00781743$ & $0.0395687$ & $0.00227254$ & $-0.14139$ & $-0.389973$ & $-0.190486$ & $1$ & $-0.364069$ & $0.0161762$ & $-0.0137687$ & $-0.0255098$ & $0.0273238$ & $-0.00387431$ & $-0.00386908$ & $0.0160008$ \\
CdH_33r & $0.0255926$ & $-0.037863$ & $-0.0146898$ & $-0.0648908$ & $0.0159141$ & $0.0128109$ & $-0.5376$ & $-0.0582056$ & $-0.044841$ & $-0.0250316$ & $0.0424793$ & $-0.567362$ & $0.629017$ & $0.0711456$ & $0.0142056$ & $0.0197203$ & $0.0731226$ & $0.0453882$ & $0.0417524$ & $-0.094358$ & $-0.0382239$ & $-0.0488839$ & $0.00733931$ & $0.0566973$ & $0.0454646$ & $0.00983858$ & $-0.0467906$ & $-0.0188063$ & $0.154034$ & $0.78001$ & $0.472337$ & $-0.364069$ & $1$ & $-0.0369488$ & $0.00845597$ & $-0.0343043$ & $-0.0175758$ & $0.00396976$ & $0.0077848$ & $0.266239$ \\
CLL_1221 & $-0.025645$ & $0.0153777$ & $0.0147102$ & $0.0025837$ & $0.0278994$ & $-0.147136$ & $0.0304621$ & $0.667274$ & $0.664632$ & $-0.43791$ & $-0.52515$ & $-0.0153312$ & $-0.0291235$ & $-0.332488$ & $-0.551939$ & $-0.246223$ & $-0.372945$ & $0.054746$ & $-0.243404$ & $0.471275$ & $0.475929$ & $0.451883$ & $0.136811$ & $-0.55737$ & $-0.215652$ & $-0.137171$ & $0.608356$ & $0.0967968$ & $-0.0136896$ & $-0.0255816$ & $-0.0066259$ & $0.0161762$ & $-0.0369488$ & $1$ & $-0.019537$ & $-0.0116373$ & $-0.00637746$ & $-0.00203102$ & $0.0012443$ & $0.00852593$ \\
eHggpar & $0.0181525$ & $-0.0403596$ & $-0.036258$ & $-0.0620185$ & $-0.00375047$ & $-0.0249398$ & $-0.0323135$ & $0.00906358$ & $0.00481053$ & $0.0349968$ & $-0.0297118$ & $-0.0362367$ & $0.0420209$ & $0.0329404$ & $0.0485207$ & $-0.0148255$ & $0.01772$ & $-0.00318336$ & $0.0149851$ & $0.0150316$ & $0.0215159$ & $0.0185952$ & $0.0114545$ & $0.0158984$ & $0.00465092$ & $0.00516197$ & $-0.00612757$ & $0.028804$ & $-0.0333646$ & $0.00673581$ & $0.0116052$ & $-0.0137687$ & $0.00845597$ & $-0.019537$ & $1$ & $0.0309377$ & $-0.0268987$ & $-0.00787773$ & $0.0150429$ & $0.0251093$ \\
eHWWpar & $-0.0311432$ & $-0.0329638$ & $-0.00720261$ & $-0.0213256$ & $-0.0152958$ & $0.0238766$ & $-0.0224757$ & $0.0220381$ & $0.0181399$ & $0.00848288$ & $-0.0264249$ & $-0.0413531$ & $0.0421728$ & $0.0109026$ & $0.0362145$ & $0.0118722$ & $-0.0123672$ & $-0.0240491$ & $-0.00649783$ & $0.0227918$ & $0.00301608$ & $-0.00558115$ & $0.00823347$ & $-0.00346893$ & $-0.0140439$ & $-0.0130542$ & $-0.00985346$ & $-0.0230499$ & $-0.0061522$ & $-0.0356909$ & $-0.013057$ & $-0.0255098$ & $-0.0343043$ & $-0.0116373$ & $0.0309377$ & $1$ & $-0.000605615$ & $-0.0155894$ & $-0.0333377$ & $-0.0265398$ \\
eHZZpar & $0.0402311$ & $-0.00247137$ & $0.00385342$ & $-0.00750814$ & $-0.017884$ & $0.0161414$ & $0.026334$ & $-0.0204769$ & $-0.0211871$ & $0.0166092$ & $0.0172877$ & $0.0327701$ & $-0.0421308$ & $0.0127336$ & $0.0089626$ & $0.0220543$ & $0.0249413$ & $0.0171086$ & $0.0109383$ & $-0.0221236$ & $-0.0294444$ & $-0.0174299$ & $-0.0289782$ & $0.0297692$ & $0.0113402$ & $0.0370368$ & $-0.02757$ & $-0.00997106$ & $-0.0128365$ & $-0.0284899$ & $-0.0229955$ & $0.0273238$ & $-0.0175758$ & $-0.00637746$ & $-0.0268987$ & $-0.000605615$ & $1$ & $-0.00447023$ & $0.0225693$ & $0.0266762$ \\
eHZgapar & $-0.00828195$ & $0.0039818$ & $-0.00858624$ & $0.0268985$ & $-0.00909728$ & $0.00923925$ & $-0.00539051$ & $0.00502548$ & $0.00326298$ & $-0.00892281$ & $-0.00761959$ & $0.017118$ & $-0.0213056$ & $0.00478895$ & $-0.00114915$ & $0.00703694$ & $-0.0112796$ & $-0.00396368$ & $-0.00756122$ & $0.00824719$ & $0.010361$ & $0.00968711$ & $-0.0024852$ & $-0.00504583$ & $-0.00774904$ & $0.00467464$ & $-0.00668543$ & $0.014427$ & $-0.00893081$ & $-0.0147714$ & $0.00809414$ & $-0.00387431$ & $0.00396976$ & $-0.00203102$ & $-0.00787773$ & $-0.0155894$ & $-0.00447023$ & $1$ & $0.0202265$ & $0.0155539$ \\
eHccpar & $0.0538948$ & $-0.00995414$ & $0.0508992$ & $-0.0269459$ & $0.018469$ & $-0.0101826$ & $-0.00862038$ & $0.000363636$ & $0.000547647$ & $-0.00867924$ & $0.0186387$ & $-0.00070819$ & $0.00531466$ & $-0.0223909$ & $-0.00726945$ & $-0.00617592$ & $-0.0120234$ & $-0.0135366$ & $0.00247143$ & $-0.00149709$ & $-0.0094243$ & $-0.00560858$ & $0.0160571$ & $-0.01122$ & $-0.0122679$ & $0.0067789$ & $0.0162939$ & $-0.00132381$ & $0.023242$ & $0.00839042$ & $0.269116$ & $-0.00386908$ & $0.0077848$ & $0.0012443$ & $0.0150429$ & $-0.0333377$ & $0.0225693$ & $0.0202265$ & $1$ & $0.0126556$ \\
eHbbpar & $0.00493514$ & $-0.029175$ & $-0.0147855$ & $-0.0491658$ & $-0.00469265$ & $0.00461718$ & $0.0195361$ & $0.0208701$ & $0.0213445$ & $-0.00885806$ & $-0.00980007$ & $0.047367$ & $-0.0497569$ & $-0.0165362$ & $0.0116737$ & $0.0113438$ & $-0.0214303$ & $-0.0247313$ & $-0.0300047$ & $0.0105686$ & $0.0106867$ & $0.00705954$ & $0.0065467$ & $-0.0138543$ & $-0.0216272$ & $0.00124816$ & $0.00757692$ & $0.00395788$ & $-0.0157762$ & $-0.0454802$ & $-0.0211175$ & $0.0160008$ & $0.266239$ & $0.00852593$ & $0.0251093$ & $-0.0265398$ & $0.0266762$ & $0.0155539$ & $0.0126556$ & $1$ \\
