 & AlsMz & dAle5Mz & mtop & mHl & Mz & CW & CHG & CHWB & CHWHB_gaga & CHWHB_gagaorth & CHD & CHbox & CH & CHL1_11 & CHL1_22 & CHL1_33 & CHL3_11 & CHL3_22 & CHL3_33 & CHe_11 & CHe_22 & CHe_33 & CHQ1_11 & CHQ1_33 & CHQ3_11 & CHu_11 & CHd_11 & CHd_33 & CeH_22r & CeH_33r & CuH_22r & CuH_33r & CdH_33r & CLL_1221 & eHggint & eHggpar & eHWWint & eHWWpar & eHZZint & eHZZpar & eHZgaint & eHZgapar & eHgagaint & eHmumuint & eHtautauint & eHccint & eHccpar & eHbbint & eHbbpar \\
AlsMz & $1$ & $-0.226309$ & $0.110265$ & $-0.0188155$ & $-0.00016033$ & $0.00187928$ & $-0.00373569$ & $0.0292374$ & $0.018983$ & $-0.012914$ & $-0.0273464$ & $0.00530556$ & $0.00205019$ & $0.000898517$ & $0.00112836$ & $0.00123583$ & $-0.0106387$ & $-0.00935467$ & $-0.0126543$ & $0.0160895$ & $0.0172443$ & $0.0139637$ & $-0.00567868$ & $-0.0675885$ & $-0.099796$ & $-0.0322204$ & $-0.00722184$ & $0.00721609$ & $-0.00965674$ & $-0.00116451$ & $-0.0336463$ & $0.00677058$ & $-0.0673011$ & $0.0116036$ & $0.131141$ & $-0.0578353$ & $-0.0762464$ & $-0.0135427$ & $-0.0527496$ & $0.00783871$ & $0.0378603$ & $-0.0184113$ & $-0.116052$ & $0.0574808$ & $-0.102075$ & $0.0308185$ & $-0.130256$ & $-0.0686416$ & $-0.167344$ \\
dAle5Mz & $-0.226309$ & $1$ & $-0.273993$ & $0.103053$ & $-0.0067643$ & $0.0107033$ & $0.0123125$ & $-0.0940555$ & $-0.0780839$ & $0.0343161$ & $0.0712802$ & $0.0170087$ & $-0.0123259$ & $-0.00985341$ & $-0.0227632$ & $-0.0102371$ & $0.0264202$ & $0.0348859$ & $0.0240972$ & $-0.0505446$ & $-0.0540108$ & $-0.0545456$ & $-0.0101783$ & $0.0555455$ & $0.0454364$ & $0.0420374$ & $-0.0269854$ & $-0.0264222$ & $-0.0109995$ & $-0.00465304$ & $0.0326838$ & $0.0200001$ & $0.0283363$ & $-0.00820759$ & $-0.0504109$ & $0.209978$ & $0.0422696$ & $0.0287036$ & $0.0297548$ & $0.0255135$ & $0.0713235$ & $-0.0315754$ & $0.24076$ & $-0.0812801$ & $0.00722964$ & $0.103586$ & $0.0762669$ & $0.082896$ & $0.0657564$ \\
mtop & $0.110265$ & $-0.273993$ & $1$ & $-0.0716771$ & $0.00840575$ & $-0.0154483$ & $0.00464331$ & $0.0308955$ & $0.0158517$ & $0.0164953$ & $-0.033205$ & $0.00982899$ & $-0.000218702$ & $0.0325407$ & $0.000357755$ & $0.0133229$ & $0.0223478$ & $0.0230479$ & $0.0139414$ & $0.0341499$ & $0.0343176$ & $0.0355048$ & $0.00456618$ & $0.00129099$ & $0.00616284$ & $-0.0260352$ & $0.00944994$ & $0.0135857$ & $-0.00428501$ & $-0.0228048$ & $-0.103108$ & $0.0115279$ & $0.0175206$ & $0.0140663$ & $0.173408$ & $-0.0381662$ & $0.0819729$ & $-0.0341828$ & $-0.156648$ & $-0.0172785$ & $-0.399389$ & $0.00268459$ & $-0.193304$ & $0.272344$ & $0.0201823$ & $-0.0331566$ & $-0.231215$ & $-0.0988514$ & $0.148273$ \\
mHl & $-0.0188155$ & $0.103053$ & $-0.0716771$ & $1$ & $-0.0205054$ & $0.0110676$ & $0.011134$ & $-0.00475$ & $-0.00441788$ & $0.0182082$ & $0.000201339$ & $0.014114$ & $0.0044705$ & $0.00672416$ & $-0.00924235$ & $-0.0141481$ & $0.00701176$ & $0.010668$ & $0.0134239$ & $-0.000449178$ & $0.00237808$ & $0.00178202$ & $-0.00562703$ & $0.00215604$ & $0.0159049$ & $0.00454863$ & $0.0129011$ & $0.00986254$ & $-0.00476451$ & $-0.0103517$ & $0.0332037$ & $0.011547$ & $-0.0524205$ & $0.00844963$ & $0.0348513$ & $0.0210563$ & $0.00772986$ & $0.0295599$ & $-0.0109632$ & $0.0370547$ & $-0.132508$ & $0.0248827$ & $0.0122592$ & $-0.10783$ & $-0.088024$ & $-0.0386481$ & $0.133753$ & $0.12085$ & $-0.147029$ \\
Mz & $-0.00016033$ & $-0.0067643$ & $0.00840575$ & $-0.0205054$ & $1$ & $0.00263031$ & $0.00919672$ & $0.000887288$ & $0.000600064$ & $-0.00147089$ & $0.00920688$ & $-0.006557$ & $-0.00267433$ & $0.000604412$ & $0.00229256$ & $-0.0036827$ & $-0.00186048$ & $-0.00464693$ & $-0.00096962$ & $-0.000656387$ & $0.00114957$ & $0.000169051$ & $0.00641918$ & $-0.00450968$ & $-0.00527201$ & $-0.00982029$ & $-0.00311417$ & $0.00114689$ & $0.00126795$ & $-0.00641456$ & $-0.0114718$ & $0.00616421$ & $-0.00857311$ & $-0.00325175$ & $0.00646296$ & $-0.00822031$ & $-0.00790663$ & $0.00270332$ & $-0.00588057$ & $-8.32664e-05$ & $-0.00414225$ & $0.00711115$ & $-0.00285191$ & $0.000686501$ & $-0.00370263$ & $-0.0122041$ & $0.000124583$ & $-0.0097926$ & $0.00200269$ \\
CW & $0.00187928$ & $0.0107033$ & $-0.0154483$ & $0.0110676$ & $0.00263031$ & $1$ & $-0.00281699$ & $-0.115194$ & $-0.113725$ & $0.00305091$ & $0.176896$ & $0.0485987$ & $0.00741117$ & $0.0129337$ & $-0.0708884$ & $-0.0699981$ & $-0.265351$ & $-0.061132$ & $-0.0622169$ & $-0.173877$ & $-0.180401$ & $-0.178381$ & $-0.00698914$ & $-0.00592169$ & $-0.100908$ & $0.0974678$ & $-0.0822236$ & $-0.0613847$ & $-0.00656928$ & $0.000366936$ & $0.000594208$ & $0.00274838$ & $-0.00361709$ & $-0.119258$ & $0.0208291$ & $-0.0199121$ & $-0.0121348$ & $0.01016$ & $0.0166466$ & $0.00108346$ & $0.0107875$ & $0.00812462$ & $0.00847225$ & $-0.00689876$ & $0.0109059$ & $0.0014223$ & $0.00978027$ & $0.0111915$ & $-0.013929$ \\
CHG & $-0.00373569$ & $0.0123125$ & $0.00464331$ & $0.011134$ & $0.00919672$ & $-0.00281699$ & $1$ & $-0.0997825$ & $-0.048968$ & $0.0725041$ & $0.0579074$ & $-0.115137$ & $-0.302589$ & $0.049822$ & $-0.0331139$ & $-0.0353834$ & $0.0881672$ & $0.100216$ & $0.101031$ & $-0.0580936$ & $-0.0592805$ & $-0.0580607$ & $-0.00789746$ & $0.0933594$ & $0.0921594$ & $0.030926$ & $-0.0381083$ & $-0.0233475$ & $0.00248588$ & $-0.136157$ & $-0.0674713$ & $0.93236$ & $-0.154117$ & $-0.0498393$ & $-0.0213571$ & $-0.000519304$ & $0.0114353$ & $0.00138311$ & $-0.0169502$ & $-0.00267127$ & $-0.0282014$ & $-0.00683432$ & $0.013703$ & $-0.00554897$ & $0.00981989$ & $-0.0241342$ & $0.0217964$ & $-0.0232715$ & $0.0393207$ \\
CHWB & $0.0292374$ & $-0.0940555$ & $0.0308955$ & $-0.00475$ & $0.000887288$ & $-0.115194$ & $-0.0997825$ & $1$ & $0.98421$ & $-0.562026$ & $-0.880654$ & $-0.139031$ & $0.33222$ & $0.108511$ & $0.3079$ & $0.298039$ & $-0.229458$ & $-0.428443$ & $-0.426554$ & $0.852363$ & $0.896834$ & $0.879778$ & $0.0628068$ & $-0.668869$ & $-0.393817$ & $-0.507881$ & $0.419423$ & $0.307327$ & $0.0180757$ & $0.0994044$ & $0.0402756$ & $-0.0986074$ & $0.100972$ & $0.558053$ & $-0.0110065$ & $0.00344467$ & $0.0225955$ & $-0.00931912$ & $-0.0292824$ & $0.00413279$ & $-0.0258626$ & $0.00300772$ & $-0.0628627$ & $0.0268543$ & $-0.018502$ & $-0.00836376$ & $-0.00863949$ & $-0.0159941$ & $-0.0118537$ \\
CHWHB_gaga & $0.018983$ & $-0.0780839$ & $0.0158517$ & $-0.00441788$ & $0.000600064$ & $-0.113725$ & $-0.048968$ & $0.98421$ & $1$ & $-0.553655$ & $-0.864821$ & $-0.121749$ & $0.326644$ & $0.102224$ & $0.304535$ & $0.293959$ & $-0.230553$ & $-0.426589$ & $-0.424336$ & $0.837599$ & $0.880825$ & $0.864023$ & $0.0612147$ & $-0.661308$ & $-0.39094$ & $-0.498611$ & $0.411613$ & $0.300157$ & $0.0236042$ & $0.121035$ & $0.0578205$ & $-0.0572455$ & $0.130475$ & $0.548506$ & $-0.0335556$ & $0.00585379$ & $0.00705621$ & $-0.00838724$ & $-0.0282883$ & $0.000829064$ & $-0.0194409$ & $0.000312953$ & $0.0019565$ & $0.0105633$ & $-0.0153053$ & $-0.00963489$ & $0.00562702$ & $-0.0140653$ & $0.00496309$ \\
CHWHB_gagaorth & $-0.012914$ & $0.0343161$ & $0.0164953$ & $0.0182082$ & $-0.00147089$ & $0.00305091$ & $0.0725041$ & $-0.562026$ & $-0.553655$ & $1$ & $0.349689$ & $0.513639$ & $-0.236133$ & $0.223078$ & $-0.125448$ & $-0.129123$ & $0.426237$ & $0.47897$ & $0.484647$ & $-0.336122$ & $-0.365$ & $-0.35962$ & $-0.0443292$ & $0.547747$ & $0.469916$ & $0.204457$ & $-0.229361$ & $-0.12937$ & $-0.00884837$ & $-0.124424$ & $-0.0675258$ & $0.0905015$ & $-0.137087$ & $-0.345592$ & $0.0310269$ & $0.0164322$ & $-0.00328276$ & $0.00209624$ & $-0.00521188$ & $0.00166849$ & $-0.0323965$ & $-0.00508488$ & $0.0201337$ & $-0.000760772$ & $0.0188861$ & $0.00107346$ & $-0.00989594$ & $-0.000853849$ & $0.00594186$ \\
CHD & $-0.0273464$ & $0.0712802$ & $-0.033205$ & $0.000201339$ & $0.00920688$ & $0.176896$ & $0.0579074$ & $-0.880654$ & $-0.864821$ & $0.349689$ & $1$ & $0.222195$ & $-0.160254$ & $-0.519433$ & $-0.425683$ & $-0.417286$ & $-0.224098$ & $0.0628914$ & $0.0634117$ & $-0.990571$ & $-0.99133$ & $-0.970193$ & $-0.00945265$ & $0.305628$ & $0.0148905$ & $0.563922$ & $-0.292609$ & $-0.341738$ & $-0.010091$ & $-0.0580301$ & $-0.024862$ & $0.0681633$ & $-0.0560957$ & $-0.366597$ & $0.0231542$ & $-0.00116966$ & $-0.0223523$ & $0.0100757$ & $0.0201203$ & $-0.00174557$ & $0.0298616$ & $-0.00365972$ & $0.0439808$ & $-0.0277067$ & $0.0177006$ & $0.0043618$ & $0.00559718$ & $0.016046$ & $0.0025423$ \\
CHbox & $0.00530556$ & $0.0170087$ & $0.00982899$ & $0.014114$ & $-0.006557$ & $0.0485987$ & $-0.115137$ & $-0.139031$ & $-0.121749$ & $0.513639$ & $0.222195$ & $1$ & $0.351064$ & $-0.227328$ & $-0.0139319$ & $-0.0254288$ & $-0.181832$ & $-0.143983$ & $-0.135418$ & $-0.203899$ & $-0.22796$ & $-0.220765$ & $-0.00885513$ & $-0.0146521$ & $-0.139484$ & $0.122943$ & $-0.10679$ & $-0.0818894$ & $0.0435112$ & $0.269169$ & $0.0594215$ & $-0.0172995$ & $0.313645$ & $-0.109509$ & $0.0831779$ & $0.0373598$ & $0.00261343$ & $0.00200346$ & $-0.0278392$ & $-0.00167584$ & $-0.023988$ & $-0.0123576$ & $-0.0225728$ & $0.0113625$ & $0.00935349$ & $-0.00557318$ & $-0.0313274$ & $0.00127893$ & $-0.0158959$ \\
CH & $0.00205019$ & $-0.0123259$ & $-0.000218702$ & $0.0044705$ & $-0.00267433$ & $0.00741117$ & $-0.302589$ & $0.33222$ & $0.326644$ & $-0.236133$ & $-0.160254$ & $0.351064$ & $1$ & $-0.231871$ & $0.0715823$ & $0.0738765$ & $-0.344956$ & $-0.367289$ & $-0.37033$ & $0.15659$ & $0.170047$ & $0.170078$ & $0.0350966$ & $-0.377094$ & $-0.355958$ & $-0.100735$ & $0.130751$ & $0.0593848$ & $0.0493058$ & $0.2664$ & $0.107399$ & $-0.250472$ & $0.31705$ & $0.205916$ & $0.015888$ & $0.0191316$ & $0.0110863$ & $-0.000939453$ & $-0.0135626$ & $-0.00471557$ & $-0.00148585$ & $-0.00732453$ & $-0.0234386$ & $0.00384186$ & $-0.016056$ & $-0.0129367$ & $-0.0117592$ & $0.000830266$ & $-0.022047$ \\
CHL1_11 & $0.000898517$ & $-0.00985341$ & $0.0325407$ & $0.00672416$ & $0.000604412$ & $0.0129337$ & $0.049822$ & $0.108511$ & $0.102224$ & $0.223078$ & $-0.519433$ & $-0.227328$ & $-0.231871$ & $1$ & $0.265657$ & $0.265124$ & $0.662159$ & $0.597551$ & $0.593132$ & $0.536875$ & $0.482528$ & $0.467253$ & $-0.0751974$ & $0.465436$ & $0.598073$ & $-0.277833$ & $-0.0846468$ & $0.172002$ & $-0.0119539$ & $-0.0490709$ & $-0.0231416$ & $0.0260355$ & $-0.0575523$ & $-0.199777$ & $-0.0187751$ & $-0.0163792$ & $0.0120652$ & $-0.00287004$ & $0.01261$ & $-0.00111298$ & $-0.024192$ & $0.00696469$ & $0.0089216$ & $0.01476$ & $5.02184e-05$ & $-0.00131582$ & $-0.0024379$ & $-0.00692697$ & $0.0116705$ \\
CHL1_22 & $0.00112836$ & $-0.0227632$ & $0.000357755$ & $-0.00924235$ & $0.00229256$ & $-0.0708884$ & $-0.0331139$ & $0.3079$ & $0.304535$ & $-0.125448$ & $-0.425683$ & $-0.0139319$ & $0.0715823$ & $0.265657$ & $1$ & $0.445232$ & $0.160855$ & $-0.454406$ & $-0.0409345$ & $0.489868$ & $0.343183$ & $0.333016$ & $-0.173298$ & $0.0978138$ & $-0.139786$ & $-0.200466$ & $-0.388425$ & $0.124798$ & $0.00853197$ & $0.0304223$ & $0.0193124$ & $-0.0322311$ & $0.0263895$ & $-0.588337$ & $0.00470847$ & $-0.0117833$ & $-0.000527267$ & $-0.00561286$ & $-0.0110605$ & $-0.00618816$ & $-0.0096988$ & $0.00176609$ & $0.00566038$ & $0.0134177$ & $0.00790656$ & $0.00207995$ & $0.00263888$ & $0.00690739$ & $-0.0150931$ \\
CHL1_33 & $0.00123583$ & $-0.0102371$ & $0.0133229$ & $-0.0141481$ & $-0.0036827$ & $-0.0699981$ & $-0.0353834$ & $0.298039$ & $0.293959$ & $-0.129123$ & $-0.417286$ & $-0.0254288$ & $0.0738765$ & $0.265124$ & $0.445232$ & $1$ & $0.165138$ & $-0.0267384$ & $-0.439879$ & $0.481029$ & $0.337019$ & $0.35442$ & $-0.170122$ & $0.104597$ & $-0.128591$ & $-0.196516$ & $-0.38115$ & $0.118446$ & $0.0127596$ & $0.0314318$ & $0.0157562$ & $-0.0351653$ & $0.025839$ & $-0.0952425$ & $-0.00161162$ & $-0.00746125$ & $7.65081e-05$ & $-0.00124462$ & $0.00193384$ & $-0.00927334$ & $-0.00185202$ & $0.0026976$ & $-0.0103251$ & $0.0221999$ & $0.00178234$ & $0.00849806$ & $-0.00140924$ & $-0.0035571$ & $-0.00390472$ \\
CHL3_11 & $-0.0106387$ & $0.0264202$ & $0.0223478$ & $0.00701176$ & $-0.00186048$ & $-0.265351$ & $0.0881672$ & $-0.229458$ & $-0.230553$ & $0.426237$ & $-0.224098$ & $-0.181832$ & $-0.344956$ & $0.662159$ & $0.160855$ & $0.165138$ & $1$ & $0.734585$ & $0.73124$ & $0.24639$ & $0.193426$ & $0.185965$ & $-0.0693597$ & $0.673544$ & $0.775825$ & $-0.11442$ & $-0.151334$ & $0.0670702$ & $-0.0156052$ & $-0.0853471$ & $-0.0318458$ & $0.0648208$ & $-0.0893045$ & $-0.241158$ & $-0.0290859$ & $0.000460205$ & $-0.00163722$ & $-0.003934$ & $0.00911176$ & $-0.00436454$ & $-0.016641$ & $0.000590924$ & $0.0282683$ & $0.00472139$ & $-0.000471805$ & $0.00478629$ & $0.0053465$ & $-0.00674331$ & $0.0280607$ \\
CHL3_22 & $-0.00935467$ & $0.0348859$ & $0.0230479$ & $0.010668$ & $-0.00464693$ & $-0.061132$ & $0.100216$ & $-0.428443$ & $-0.426589$ & $0.47897$ & $0.0628914$ & $-0.143983$ & $-0.367289$ & $0.597551$ & $-0.454406$ & $-0.0267384$ & $0.734585$ & $1$ & $0.674626$ & $-0.0654162$ & $-0.0558174$ & $-0.0541948$ & $0.00985169$ & $0.620326$ & $0.794565$ & $0.0300657$ & $0.00377047$ & $-0.0189993$ & $-0.0201987$ & $-0.0969356$ & $-0.0430153$ & $0.078346$ & $-0.100513$ & $0.0445308$ & $-0.0223936$ & $-0.00225838$ & $-0.000261881$ & $0.00211322$ & $0.0237789$ & $-0.00155835$ & $-0.00827321$ & $0.00120899$ & $0.0250094$ & $-0.00195621$ & $-0.00134661$ & $0.0040743$ & $0.00036286$ & $-0.00732469$ & $0.0301658$ \\
CHL3_33 & $-0.0126543$ & $0.0240972$ & $0.0139414$ & $0.0134239$ & $-0.00096962$ & $-0.0622169$ & $0.101031$ & $-0.426554$ & $-0.424336$ & $0.484647$ & $0.0634117$ & $-0.135418$ & $-0.37033$ & $0.593132$ & $-0.0409345$ & $-0.439879$ & $0.73124$ & $0.674626$ & $1$ & $-0.0666217$ & $-0.0555545$ & $-0.0539804$ & $0.011553$ & $0.615167$ & $0.794617$ & $0.0307954$ & $0.0103178$ & $-0.0172639$ & $-0.0228125$ & $-0.0999939$ & $-0.0413682$ & $0.079577$ & $-0.102656$ & $-0.330935$ & $-0.0177694$ & $-0.00482853$ & $0.00128474$ & $-0.00131439$ & $0.0136464$ & $-0.000298664$ & $-0.013329$ & $0.000831799$ & $0.0360688$ & $-0.0103675$ & $0.00448032$ & $-0.00260939$ & $0.00399887$ & $-0.000440279$ & $0.0223479$ \\
CHe_11 & $0.0160895$ & $-0.0505446$ & $0.0341499$ & $-0.000449178$ & $-0.000656387$ & $-0.173877$ & $-0.0580936$ & $0.852363$ & $0.837599$ & $-0.336122$ & $-0.990571$ & $-0.203899$ & $0.15659$ & $0.536875$ & $0.489868$ & $0.481029$ & $0.24639$ & $-0.0654162$ & $-0.0666217$ & $1$ & $0.97316$ & $0.952655$ & $-0.0156427$ & $-0.251903$ & $-0.00839553$ & $-0.553557$ & $0.218828$ & $0.336433$ & $0.0104636$ & $0.0575527$ & $0.0260696$ & $-0.0672764$ & $0.0566699$ & $0.288383$ & $-0.0217456$ & $0.00338576$ & $0.0221988$ & $-0.00961045$ & $-0.018717$ & $0.000244794$ & $-0.0304795$ & $0.00239055$ & $-0.0362667$ & $0.0278415$ & $-0.0152479$ & $-0.00125563$ & $-0.00480568$ & $-0.0129234$ & $0.000537699$ \\
CHe_22 & $0.0172443$ & $-0.0540108$ & $0.0343176$ & $0.00237808$ & $0.00114957$ & $-0.180401$ & $-0.0592805$ & $0.896834$ & $0.880825$ & $-0.365$ & $-0.99133$ & $-0.22796$ & $0.170047$ & $0.482528$ & $0.343183$ & $0.337019$ & $0.193426$ & $-0.0558174$ & $-0.0555545$ & $0.97316$ & $1$ & $0.975146$ & $0.03707$ & $-0.358875$ & $-0.0179102$ & $-0.565794$ & $0.372032$ & $0.342718$ & $0.00949691$ & $0.0591763$ & $0.0248335$ & $-0.0695271$ & $0.0594324$ & $0.451036$ & $-0.0254457$ & $0.00719794$ & $0.0256743$ & $-0.00995816$ & $-0.0216906$ & $0.00367946$ & $-0.0323297$ & $0.00317254$ & $-0.043005$ & $0.0261137$ & $-0.0185297$ & $-0.00461055$ & $-0.00518871$ & $-0.0165461$ & $0.0020152$ \\
CHe_33 & $0.0139637$ & $-0.0545456$ & $0.0355048$ & $0.00178202$ & $0.000169051$ & $-0.178381$ & $-0.0580607$ & $0.879778$ & $0.864023$ & $-0.35962$ & $-0.970193$ & $-0.220765$ & $0.170078$ & $0.467253$ & $0.333016$ & $0.35442$ & $0.185965$ & $-0.0541948$ & $-0.0539804$ & $0.952655$ & $0.975146$ & $1$ & $0.0378316$ & $-0.353771$ & $-0.0179633$ & $-0.553795$ & $0.367376$ & $0.334879$ & $0.0104905$ & $0.0580802$ & $0.024643$ & $-0.0677305$ & $0.0594892$ & $0.448369$ & $-0.0251894$ & $0.00801937$ & $0.0270714$ & $-0.00936383$ & $-0.0192504$ & $0.00300664$ & $-0.0313292$ & $0.00334974$ & $-0.0445883$ & $0.0247809$ & $-0.016029$ & $-0.00339389$ & $-0.00389575$ & $-0.0145761$ & $0.00417658$ \\
CHQ1_11 & $-0.00567868$ & $-0.0101783$ & $0.00456618$ & $-0.00562703$ & $0.00641918$ & $-0.00698914$ & $-0.00789746$ & $0.0628068$ & $0.0612147$ & $-0.0443292$ & $-0.00945265$ & $-0.00885513$ & $0.0350966$ & $-0.0751974$ & $-0.173298$ & $-0.170122$ & $-0.0693597$ & $0.00985169$ & $0.011553$ & $-0.0156427$ & $0.03707$ & $0.0378316$ & $1$ & $-0.133443$ & $0.0849755$ & $-0.674248$ & $0.346021$ & $0.00944605$ & $-0.0125949$ & $0.00854583$ & $-0.00329979$ & $-0.00720172$ & $0.0139158$ & $0.19965$ & $0.00257697$ & $0.00849858$ & $0.00203748$ & $-0.00642683$ & $-0.00925321$ & $-0.00365474$ & $0.00998064$ & $0.00446978$ & $-0.0191313$ & $0.00176759$ & $-0.00848755$ & $0.00522363$ & $0.00499935$ & $0.00576801$ & $0.000487249$ \\
CHQ1_33 & $-0.0675885$ & $0.0555455$ & $0.00129099$ & $0.00215604$ & $-0.00450968$ & $-0.00592169$ & $0.0933594$ & $-0.668869$ & $-0.661308$ & $0.547747$ & $0.305628$ & $-0.0146521$ & $-0.377094$ & $0.465436$ & $0.0978138$ & $0.104597$ & $0.673544$ & $0.620326$ & $0.615167$ & $-0.251903$ & $-0.358875$ & $-0.353771$ & $-0.133443$ & $1$ & $0.637645$ & $0.19848$ & $-0.417328$ & $-0.0193041$ & $-0.0152606$ & $-0.0982985$ & $-0.0365877$ & $0.0802031$ & $-0.099772$ & $-0.624316$ & $-0.0160832$ & $-0.0140328$ & $-0.00763521$ & $0.000280882$ & $0.0303449$ & $-0.0100106$ & $0.00127551$ & $0.000129799$ & $0.0519297$ & $-0.00706677$ & $0.017307$ & $0.00697475$ & $0.0125317$ & $0.0125621$ & $0.0238574$ \\
CHQ3_11 & $-0.099796$ & $0.0454364$ & $0.00616284$ & $0.0159049$ & $-0.00527201$ & $-0.100908$ & $0.0921594$ & $-0.393817$ & $-0.39094$ & $0.469916$ & $0.0148905$ & $-0.139484$ & $-0.355958$ & $0.598073$ & $-0.139786$ & $-0.128591$ & $0.775825$ & $0.794565$ & $0.794617$ & $-0.00839553$ & $-0.0179102$ & $-0.0179633$ & $0.0849755$ & $0.637645$ & $1$ & $0.0114703$ & $0.219206$ & $-0.00747438$ & $-0.0203134$ & $-0.100555$ & $-0.0355711$ & $0.0674803$ & $-0.0942245$ & $-0.189025$ & $-0.0352787$ & $0.00517886$ & $0.018611$ & $-0.00549081$ & $0.0261348$ & $1.79116e-05$ & $-0.0102534$ & $0.00379886$ & $0.0399789$ & $-0.0114616$ & $0.00616124$ & $0.00459504$ & $0.011433$ & $0.00616818$ & $0.0427278$ \\
CHu_11 & $-0.0322204$ & $0.0420374$ & $-0.0260352$ & $0.00454863$ & $-0.00982029$ & $0.0974678$ & $0.030926$ & $-0.507881$ & $-0.498611$ & $0.204457$ & $0.563922$ & $0.122943$ & $-0.100735$ & $-0.277833$ & $-0.200466$ & $-0.196516$ & $-0.11442$ & $0.0300657$ & $0.0307954$ & $-0.553557$ & $-0.565794$ & $-0.553795$ & $-0.674248$ & $0.19848$ & $0.0114703$ & $1$ & $-0.1756$ & $-0.196532$ & $0.00323734$ & $-0.039387$ & $-0.010516$ & $0.0346844$ & $-0.037057$ & $-0.250995$ & $0.00206442$ & $-0.00581625$ & $-0.00213662$ & $0.00597771$ & $0.0205088$ & $0.0046949$ & $0.0123347$ & $-0.00682928$ & $0.0328089$ & $-0.0218478$ & $0.0123639$ & $-0.000884748$ & $-0.00149107$ & $0.00671525$ & $0.0079526$ \\
CHd_11 & $-0.00722184$ & $-0.0269854$ & $0.00944994$ & $0.0129011$ & $-0.00311417$ & $-0.0822236$ & $-0.0381083$ & $0.419423$ & $0.411613$ & $-0.229361$ & $-0.292609$ & $-0.10679$ & $0.130751$ & $-0.0846468$ & $-0.388425$ & $-0.38115$ & $-0.151334$ & $0.00377047$ & $0.0103178$ & $0.218828$ & $0.372032$ & $0.367376$ & $0.346021$ & $-0.417328$ & $0.219206$ & $-0.1756$ & $1$ & $0.105842$ & $-9.21202e-05$ & $0.0235768$ & $0.0114423$ & $-0.043821$ & $0.0366353$ & $0.677749$ & $-0.0244692$ & $0.0209606$ & $0.0370046$ & $-0.012984$ & $-0.00857326$ & $0.0114364$ & $-0.00829662$ & $0.00091868$ & $-0.0357158$ & $-0.00133113$ & $-0.0215862$ & $0.000358279$ & $-0.00477753$ & $-0.00519415$ & $0.0125058$ \\
CHd_33 & $0.00721609$ & $-0.0264222$ & $0.0135857$ & $0.00986254$ & $0.00114689$ & $-0.0613847$ & $-0.0233475$ & $0.307327$ & $0.300157$ & $-0.12937$ & $-0.341738$ & $-0.0818894$ & $0.0593848$ & $0.172002$ & $0.124798$ & $0.118446$ & $0.0670702$ & $-0.0189993$ & $-0.0172639$ & $0.336433$ & $0.342718$ & $0.334879$ & $0.00944605$ & $-0.0193041$ & $-0.00747438$ & $-0.196532$ & $0.105842$ & $1$ & $0.00446801$ & $0.0226536$ & $0.00961341$ & $-0.0254116$ & $0.02333$ & $0.147406$ & $-0.00787081$ & $0.00277936$ & $0.00756385$ & $-0.0100936$ & $-0.00261041$ & $-0.00474878$ & $-0.013631$ & $-0.00308522$ & $-0.0191257$ & $0.0027268$ & $-0.01195$ & $-0.00968294$ & $-0.0063092$ & $-0.00429434$ & $0.000177224$ \\
CeH_22r & $-0.00965674$ & $-0.0109995$ & $-0.00428501$ & $-0.00476451$ & $0.00126795$ & $-0.00656928$ & $0.00248588$ & $0.0180757$ & $0.0236042$ & $-0.00884837$ & $-0.010091$ & $0.0435112$ & $0.0493058$ & $-0.0119539$ & $0.00853197$ & $0.0127596$ & $-0.0156052$ & $-0.0201987$ & $-0.0228125$ & $0.0104636$ & $0.00949691$ & $0.0104905$ & $-0.0125949$ & $-0.0152606$ & $-0.0203134$ & $0.00323734$ & $-9.21202e-05$ & $0.00446801$ & $1$ & $0.0472025$ & $0.0210868$ & $-0.0135885$ & $0.043752$ & $0.00725507$ & $-0.0133208$ & $-0.0284929$ & $-0.0132966$ & $-0.00515586$ & $-0.00817411$ & $0.00380638$ & $-0.0108548$ & $0.00288076$ & $-0.0153481$ & $0.00656189$ & $-0.0057042$ & $0.00301388$ & $-0.00229878$ & $-0.00573619$ & $-0.0156028$ \\
CeH_33r & $-0.00116451$ & $-0.00465304$ & $-0.0228048$ & $-0.0103517$ & $-0.00641456$ & $0.000366936$ & $-0.136157$ & $0.0994044$ & $0.121035$ & $-0.124424$ & $-0.0580301$ & $0.269169$ & $0.2664$ & $-0.0490709$ & $0.0304223$ & $0.0314318$ & $-0.0853471$ & $-0.0969356$ & $-0.0999939$ & $0.0575527$ & $0.0591763$ & $0.0580802$ & $0.00854583$ & $-0.0982985$ & $-0.100555$ & $-0.039387$ & $0.0235768$ & $0.0226536$ & $0.0472025$ & $1$ & $0.316134$ & $0.015474$ & $0.66547$ & $0.0540151$ & $-0.0575064$ & $-0.0302477$ & $-0.167821$ & $-0.00956242$ & $-0.0175485$ & $-0.014259$ & $0.0182077$ & $-0.00895491$ & $-0.00213595$ & $-0.0109394$ & $0.0680051$ & $0.00402302$ & $0.033892$ & $0.00943842$ & $-0.00444984$ \\
CuH_22r & $-0.0336463$ & $0.0326838$ & $-0.103108$ & $0.0332037$ & $-0.0114718$ & $0.000594208$ & $-0.0674713$ & $0.0402756$ & $0.0578205$ & $-0.0675258$ & $-0.024862$ & $0.0594215$ & $0.107399$ & $-0.0231416$ & $0.0193124$ & $0.0157562$ & $-0.0318458$ & $-0.0430153$ & $-0.0413682$ & $0.0260696$ & $0.0248335$ & $0.024643$ & $-0.00329979$ & $-0.0365877$ & $-0.0355711$ & $-0.010516$ & $0.0114423$ & $0.00961341$ & $0.0210868$ & $0.316134$ & $1$ & $0.0147314$ & $0.386804$ & $0.0190808$ & $-0.123635$ & $0.00138918$ & $-0.138437$ & $0.00835743$ & $0.077512$ & $-0.00368422$ & $0.0981593$ & $-0.00980429$ & $0.0562701$ & $-0.106351$ & $0.042909$ & $0.128479$ & $0.368876$ & $0.0428992$ & $0.0459059$ \\
CuH_33r & $0.00677058$ & $0.0200001$ & $0.0115279$ & $0.011547$ & $0.00616421$ & $0.00274838$ & $0.93236$ & $-0.0986074$ & $-0.0572455$ & $0.0905015$ & $0.0681633$ & $-0.0172995$ & $-0.250472$ & $0.0260355$ & $-0.0322311$ & $-0.0351653$ & $0.0648208$ & $0.078346$ & $0.079577$ & $-0.0672764$ & $-0.0695271$ & $-0.0677305$ & $-0.00720172$ & $0.0802031$ & $0.0674803$ & $0.0346844$ & $-0.043821$ & $-0.0254116$ & $-0.0135885$ & $0.015474$ & $0.0147314$ & $1$ & $0.0332461$ & $-0.0495597$ & $0.0455573$ & $0.0210482$ & $-0.00922385$ & $-0.00061016$ & $-0.0225982$ & $-0.00254379$ & $-0.0237938$ & $-0.00908804$ & $0.012256$ & $-0.00695837$ & $0.0155544$ & $-0.0175047$ & $0.00573545$ & $-0.0277754$ & $0.0457433$ \\
CdH_33r & $-0.0673011$ & $0.0283363$ & $0.0175206$ & $-0.0524205$ & $-0.00857311$ & $-0.00361709$ & $-0.154117$ & $0.100972$ & $0.130475$ & $-0.137087$ & $-0.0560957$ & $0.313645$ & $0.31705$ & $-0.0575523$ & $0.0263895$ & $0.025839$ & $-0.0893045$ & $-0.100513$ & $-0.102656$ & $0.0566699$ & $0.0594324$ & $0.0594892$ & $0.0139158$ & $-0.099772$ & $-0.0942245$ & $-0.037057$ & $0.0366353$ & $0.02333$ & $0.043752$ & $0.66547$ & $0.386804$ & $0.0332461$ & $1$ & $0.0613298$ & $-0.131901$ & $0.0694721$ & $-0.176312$ & $-0.00914013$ & $0.0173933$ & $-0.0245991$ & $0.0537921$ & $-0.0083151$ & $0.105733$ & $0.0168231$ & $0.0210006$ & $0.0525128$ & $0.096642$ & $0.138081$ & $0.400692$ \\
CLL_1221 & $0.0116036$ & $-0.00820759$ & $0.0140663$ & $0.00844963$ & $-0.00325175$ & $-0.119258$ & $-0.0498393$ & $0.558053$ & $0.548506$ & $-0.345592$ & $-0.366597$ & $-0.109509$ & $0.205916$ & $-0.199777$ & $-0.588337$ & $-0.0952425$ & $-0.241158$ & $0.0445308$ & $-0.330935$ & $0.288383$ & $0.451036$ & $0.448369$ & $0.19965$ & $-0.624316$ & $-0.189025$ & $-0.250995$ & $0.677749$ & $0.147406$ & $0.00725507$ & $0.0540151$ & $0.0190808$ & $-0.0495597$ & $0.0613298$ & $1$ & $-0.0185025$ & $0.0268582$ & $0.0189528$ & $-0.00210686$ & $-0.0161677$ & $0.00940635$ & $-0.0112489$ & $-0.00125478$ & $-0.0455123$ & $0.00777593$ & $-0.0219958$ & $-0.00206044$ & $-0.00452397$ & $-0.0168701$ & $0.0100585$ \\
eHggint & $0.131141$ & $-0.0504109$ & $0.173408$ & $0.0348513$ & $0.00646296$ & $0.0208291$ & $-0.0213571$ & $-0.0110065$ & $-0.0335556$ & $0.0310269$ & $0.0231542$ & $0.0831779$ & $0.015888$ & $-0.0187751$ & $0.00470847$ & $-0.00161162$ & $-0.0290859$ & $-0.0223936$ & $-0.0177694$ & $-0.0217456$ & $-0.0254457$ & $-0.0251894$ & $0.00257697$ & $-0.0160832$ & $-0.0352787$ & $0.00206442$ & $-0.0244692$ & $-0.00787081$ & $-0.0133208$ & $-0.0575064$ & $-0.123635$ & $0.0455573$ & $-0.131901$ & $-0.0185025$ & $1$ & $-0.207069$ & $0.0835069$ & $-0.000152409$ & $0.0429848$ & $0.00342439$ & $-0.0110541$ & $-0.00282893$ & $-0.0961433$ & $0.0243906$ & $-0.00670447$ & $0.0304061$ & $-0.29422$ & $-0.139254$ & $-0.142579$ \\
eHggpar & $-0.0578353$ & $0.209978$ & $-0.0381662$ & $0.0210563$ & $-0.00822031$ & $-0.0199121$ & $-0.000519304$ & $0.00344467$ & $0.00585379$ & $0.0164322$ & $-0.00116966$ & $0.0373598$ & $0.0191316$ & $-0.0163792$ & $-0.0117833$ & $-0.00746125$ & $0.000460205$ & $-0.00225838$ & $-0.00482853$ & $0.00338576$ & $0.00719794$ & $0.00801937$ & $0.00849858$ & $-0.0140328$ & $0.00517886$ & $-0.00581625$ & $0.0209606$ & $0.00277936$ & $-0.0284929$ & $-0.0302477$ & $0.00138918$ & $0.0210482$ & $0.0694721$ & $0.0268582$ & $-0.207069$ & $1$ & $0.126115$ & $0.0218592$ & $-0.361776$ & $0.00147176$ & $-0.0810093$ & $0.000631019$ & $0.144896$ & $0.0507812$ & $0.157247$ & $-0.00168428$ & $0.0612669$ & $0.0846835$ & $0.229965$ \\
eHWWint & $-0.0762464$ & $0.0422696$ & $0.0819729$ & $0.00772986$ & $-0.00790663$ & $-0.0121348$ & $0.0114353$ & $0.0225955$ & $0.00705621$ & $-0.00328276$ & $-0.0223523$ & $0.00261343$ & $0.0110863$ & $0.0120652$ & $-0.000527267$ & $7.65081e-05$ & $-0.00163722$ & $-0.000261881$ & $0.00128474$ & $0.0221988$ & $0.0256743$ & $0.0270714$ & $0.00203748$ & $-0.00763521$ & $0.018611$ & $-0.00213662$ & $0.0370046$ & $0.00756385$ & $-0.0132966$ & $-0.167821$ & $-0.138437$ & $-0.00922385$ & $-0.176312$ & $0.0189528$ & $0.0835069$ & $0.126115$ & $1$ & $-0.0255498$ & $0.0451079$ & $0.0230651$ & $-0.135709$ & $0.00228279$ & $-0.0738397$ & $0.120839$ & $-0.131402$ & $-0.089802$ & $-0.17231$ & $-0.0229884$ & $-0.00585513$ \\
eHWWpar & $-0.0135427$ & $0.0287036$ & $-0.0341828$ & $0.0295599$ & $0.00270332$ & $0.01016$ & $0.00138311$ & $-0.00931912$ & $-0.00838724$ & $0.00209624$ & $0.0100757$ & $0.00200346$ & $-0.000939453$ & $-0.00287004$ & $-0.00561286$ & $-0.00124462$ & $-0.003934$ & $0.00211322$ & $-0.00131439$ & $-0.00961045$ & $-0.00995816$ & $-0.00936383$ & $-0.00642683$ & $0.000280882$ & $-0.00549081$ & $0.00597771$ & $-0.012984$ & $-0.0100936$ & $-0.00515586$ & $-0.00956242$ & $0.00835743$ & $-0.00061016$ & $-0.00914013$ & $-0.00210686$ & $-0.000152409$ & $0.0218592$ & $-0.0255498$ & $1$ & $0.00894419$ & $-0.0102543$ & $0.00958926$ & $0.00760221$ & $0.0402789$ & $-0.0148962$ & $0.0225003$ & $0.00371049$ & $0.0223231$ & $0.0164369$ & $-0.00785229$ \\
eHZZint & $-0.0527496$ & $0.0297548$ & $-0.156648$ & $-0.0109632$ & $-0.00588057$ & $0.0166466$ & $-0.0169502$ & $-0.0292824$ & $-0.0282883$ & $-0.00521188$ & $0.0201203$ & $-0.0278392$ & $-0.0135626$ & $0.01261$ & $-0.0110605$ & $0.00193384$ & $0.00911176$ & $0.0237789$ & $0.0136464$ & $-0.018717$ & $-0.0216906$ & $-0.0192504$ & $-0.00925321$ & $0.0303449$ & $0.0261348$ & $0.0205088$ & $-0.00857326$ & $-0.00261041$ & $-0.00817411$ & $-0.0175485$ & $0.077512$ & $-0.0225982$ & $0.0173933$ & $-0.0161677$ & $0.0429848$ & $-0.361776$ & $0.0451079$ & $0.00894419$ & $1$ & $-0.0122391$ & $0.383803$ & $0.0036544$ & $0.0366725$ & $-0.214073$ & $-0.138914$ & $0.113199$ & $0.199212$ & $0.0957922$ & $0.0284166$ \\
eHZZpar & $0.00783871$ & $0.0255135$ & $-0.0172785$ & $0.0370547$ & $-8.32664e-05$ & $0.00108346$ & $-0.00267127$ & $0.00413279$ & $0.000829064$ & $0.00166849$ & $-0.00174557$ & $-0.00167584$ & $-0.00471557$ & $-0.00111298$ & $-0.00618816$ & $-0.00927334$ & $-0.00436454$ & $-0.00155835$ & $-0.000298664$ & $0.000244794$ & $0.00367946$ & $0.00300664$ & $-0.00365474$ & $-0.0100106$ & $1.79116e-05$ & $0.0046949$ & $0.0114364$ & $-0.00474878$ & $0.00380638$ & $-0.014259$ & $-0.00368422$ & $-0.00254379$ & $-0.0245991$ & $0.00940635$ & $0.00342439$ & $0.00147176$ & $0.0230651$ & $-0.0102543$ & $-0.0122391$ & $1$ & $0.00544114$ & $0.00849626$ & $-0.0174182$ & $-0.0264967$ & $-0.0221108$ & $-0.00554935$ & $-0.0125486$ & $0.0165654$ & $-0.0352842$ \\
eHZgaint & $0.0378603$ & $0.0713235$ & $-0.399389$ & $-0.132508$ & $-0.00414225$ & $0.0107875$ & $-0.0282014$ & $-0.0258626$ & $-0.0194409$ & $-0.0323965$ & $0.0298616$ & $-0.023988$ & $-0.00148585$ & $-0.024192$ & $-0.0096988$ & $-0.00185202$ & $-0.016641$ & $-0.00827321$ & $-0.013329$ & $-0.0304795$ & $-0.0323297$ & $-0.0313292$ & $0.00998064$ & $0.00127551$ & $-0.0102534$ & $0.0123347$ & $-0.00829662$ & $-0.013631$ & $-0.0108548$ & $0.0182077$ & $0.0981593$ & $-0.0237938$ & $0.0537921$ & $-0.0112489$ & $-0.0110541$ & $-0.0810093$ & $-0.135709$ & $0.00958926$ & $0.383803$ & $0.00544114$ & $1$ & $-0.0161331$ & $0.112436$ & $-0.167855$ & $-0.00299524$ & $0.0952124$ & $0.209492$ & $0.0684956$ & $0.0537646$ \\
eHZgapar & $-0.0184113$ & $-0.0315754$ & $0.00268459$ & $0.0248827$ & $0.00711115$ & $0.00812462$ & $-0.00683432$ & $0.00300772$ & $0.000312953$ & $-0.00508488$ & $-0.00365972$ & $-0.0123576$ & $-0.00732453$ & $0.00696469$ & $0.00176609$ & $0.0026976$ & $0.000590924$ & $0.00120899$ & $0.000831799$ & $0.00239055$ & $0.00317254$ & $0.00334974$ & $0.00446978$ & $0.000129799$ & $0.00379886$ & $-0.00682928$ & $0.00091868$ & $-0.00308522$ & $0.00288076$ & $-0.00895491$ & $-0.00980429$ & $-0.00908804$ & $-0.0083151$ & $-0.00125478$ & $-0.00282893$ & $0.000631019$ & $0.00228279$ & $0.00760221$ & $0.0036544$ & $0.00849626$ & $-0.0161331$ & $1$ & $-0.00736311$ & $-0.00318845$ & $-0.0224791$ & $-0.0114378$ & $-0.0210375$ & $0.0031126$ & $0.0123783$ \\
eHgagaint & $-0.116052$ & $0.24076$ & $-0.193304$ & $0.0122592$ & $-0.00285191$ & $0.00847225$ & $0.013703$ & $-0.0628627$ & $0.0019565$ & $0.0201337$ & $0.0439808$ & $-0.0225728$ & $-0.0234386$ & $0.0089216$ & $0.00566038$ & $-0.0103251$ & $0.0282683$ & $0.0250094$ & $0.0360688$ & $-0.0362667$ & $-0.043005$ & $-0.0445883$ & $-0.0191313$ & $0.0519297$ & $0.0399789$ & $0.0328089$ & $-0.0357158$ & $-0.0191257$ & $-0.0153481$ & $-0.00213595$ & $0.0562701$ & $0.012256$ & $0.105733$ & $-0.0455123$ & $-0.0961433$ & $0.144896$ & $-0.0738397$ & $0.0402789$ & $0.0366725$ & $-0.0174182$ & $0.112436$ & $-0.00736311$ & $1$ & $-0.242824$ & $0.026139$ & $0.0136548$ & $0.143166$ & $0.0510656$ & $0.244698$ \\
eHmumuint & $0.0574808$ & $-0.0812801$ & $0.272344$ & $-0.10783$ & $0.000686501$ & $-0.00689876$ & $-0.00554897$ & $0.0268543$ & $0.0105633$ & $-0.000760772$ & $-0.0277067$ & $0.0113625$ & $0.00384186$ & $0.01476$ & $0.0134177$ & $0.0221999$ & $0.00472139$ & $-0.00195621$ & $-0.0103675$ & $0.0278415$ & $0.0261137$ & $0.0247809$ & $0.00176759$ & $-0.00706677$ & $-0.0114616$ & $-0.0218478$ & $-0.00133113$ & $0.0027268$ & $0.00656189$ & $-0.0109394$ & $-0.106351$ & $-0.00695837$ & $0.0168231$ & $0.00777593$ & $0.0243906$ & $0.0507812$ & $0.120839$ & $-0.0148962$ & $-0.214073$ & $-0.0264967$ & $-0.167855$ & $-0.00318845$ & $-0.242824$ & $1$ & $0.0397111$ & $0.0197969$ & $-0.264402$ & $0.0828714$ & $0.0563819$ \\
eHtautauint & $-0.102075$ & $0.00722964$ & $0.0201823$ & $-0.088024$ & $-0.00370263$ & $0.0109059$ & $0.00981989$ & $-0.018502$ & $-0.0153053$ & $0.0188861$ & $0.0177006$ & $0.00935349$ & $-0.016056$ & $5.02184e-05$ & $0.00790656$ & $0.00178234$ & $-0.000471805$ & $-0.00134661$ & $0.00448032$ & $-0.0152479$ & $-0.0185297$ & $-0.016029$ & $-0.00848755$ & $0.017307$ & $0.00616124$ & $0.0123639$ & $-0.0215862$ & $-0.01195$ & $-0.0057042$ & $0.0680051$ & $0.042909$ & $0.0155544$ & $0.0210006$ & $-0.0219958$ & $-0.00670447$ & $0.157247$ & $-0.131402$ & $0.0225003$ & $-0.138914$ & $-0.0221108$ & $-0.00299524$ & $-0.0224791$ & $0.026139$ & $0.0397111$ & $1$ & $0.0801334$ & $0.133866$ & $0.060106$ & $0.0296148$ \\
eHccint & $0.0308185$ & $0.103586$ & $-0.0331566$ & $-0.0386481$ & $-0.0122041$ & $0.0014223$ & $-0.0241342$ & $-0.00836376$ & $-0.00963489$ & $0.00107346$ & $0.0043618$ & $-0.00557318$ & $-0.0129367$ & $-0.00131582$ & $0.00207995$ & $0.00849806$ & $0.00478629$ & $0.0040743$ & $-0.00260939$ & $-0.00125563$ & $-0.00461055$ & $-0.00339389$ & $0.00522363$ & $0.00697475$ & $0.00459504$ & $-0.000884748$ & $0.000358279$ & $-0.00968294$ & $0.00301388$ & $0.00402302$ & $0.128479$ & $-0.0175047$ & $0.0525128$ & $-0.00206044$ & $0.0304061$ & $-0.00168428$ & $-0.089802$ & $0.00371049$ & $0.113199$ & $-0.00554935$ & $0.0952124$ & $-0.0114378$ & $0.0136548$ & $0.0197969$ & $0.0801334$ & $1$ & $0.236138$ & $0.0830489$ & $0.106062$ \\
eHccpar & $-0.130256$ & $0.0762669$ & $-0.231215$ & $0.133753$ & $0.000124583$ & $0.00978027$ & $0.0217964$ & $-0.00863949$ & $0.00562702$ & $-0.00989594$ & $0.00559718$ & $-0.0313274$ & $-0.0117592$ & $-0.0024379$ & $0.00263888$ & $-0.00140924$ & $0.0053465$ & $0.00036286$ & $0.00399887$ & $-0.00480568$ & $-0.00518871$ & $-0.00389575$ & $0.00499935$ & $0.0125317$ & $0.011433$ & $-0.00149107$ & $-0.00477753$ & $-0.0063092$ & $-0.00229878$ & $0.033892$ & $0.368876$ & $0.00573545$ & $0.096642$ & $-0.00452397$ & $-0.29422$ & $0.0612669$ & $-0.17231$ & $0.0223231$ & $0.199212$ & $-0.0125486$ & $0.209492$ & $-0.0210375$ & $0.143166$ & $-0.264402$ & $0.133866$ & $0.236138$ & $1$ & $0.0961285$ & $0.141309$ \\
eHbbint & $-0.0686416$ & $0.082896$ & $-0.0988514$ & $0.12085$ & $-0.0097926$ & $0.0111915$ & $-0.0232715$ & $-0.0159941$ & $-0.0140653$ & $-0.000853849$ & $0.016046$ & $0.00127893$ & $0.000830266$ & $-0.00692697$ & $0.00690739$ & $-0.0035571$ & $-0.00674331$ & $-0.00732469$ & $-0.000440279$ & $-0.0129234$ & $-0.0165461$ & $-0.0145761$ & $0.00576801$ & $0.0125621$ & $0.00616818$ & $0.00671525$ & $-0.00519415$ & $-0.00429434$ & $-0.00573619$ & $0.00943842$ & $0.0428992$ & $-0.0277754$ & $0.138081$ & $-0.0168701$ & $-0.139254$ & $0.0846835$ & $-0.0229884$ & $0.0164369$ & $0.0957922$ & $0.0165654$ & $0.0684956$ & $0.0031126$ & $0.0510656$ & $0.0828714$ & $0.060106$ & $0.0830489$ & $0.0961285$ & $1$ & $-0.0214844$ \\
eHbbpar & $-0.167344$ & $0.0657564$ & $0.148273$ & $-0.147029$ & $0.00200269$ & $-0.013929$ & $0.0393207$ & $-0.0118537$ & $0.00496309$ & $0.00594186$ & $0.0025423$ & $-0.0158959$ & $-0.022047$ & $0.0116705$ & $-0.0150931$ & $-0.00390472$ & $0.0280607$ & $0.0301658$ & $0.0223479$ & $0.000537699$ & $0.0020152$ & $0.00417658$ & $0.000487249$ & $0.0238574$ & $0.0427278$ & $0.0079526$ & $0.0125058$ & $0.000177224$ & $-0.0156028$ & $-0.00444984$ & $0.0459059$ & $0.0457433$ & $0.400692$ & $0.0100585$ & $-0.142579$ & $0.229965$ & $-0.00585513$ & $-0.00785229$ & $0.0284166$ & $-0.0352842$ & $0.0537646$ & $0.0123783$ & $0.244698$ & $0.0563819$ & $0.0296148$ & $0.106062$ & $0.141309$ & $-0.0214844$ & $1$ \\
