 & AlsMz & dAle5Mz & mtop & mHl & Mz & CW & CHG & CHWB & CHWHB_gaga & CHWHB_gagaorth & CHD & CHbox & CH & CHL1_11 & CHL1_22 & CHL1_33 & CHL3_11 & CHL3_22 & CHL3_33 & CHe_11 & CHe_22 & CHe_33 & CHQ1_11 & CHQ1_33 & CHQ3_11 & CHu_11 & CHd_11 & CHd_33 & CeH_22r & CeH_33r & CuH_22r & CuH_33r & CdH_33r & CLL_1221 & eHggint & eHggpar & eHWWint & eHWWpar & eHZZint & eHZZpar & eHZgaint & eHZgapar & eHgagaint & eHmumuint & eHtautauint & eHccint & eHccpar & eHbbint & eHbbpar \\
AlsMz & $1$ & $0.0661014$ & $-0.285602$ & $0.00794051$ & $0.0238596$ & $-0.0223578$ & $0.0562881$ & $-0.00784704$ & $0.0161093$ & $0.042599$ & $-0.0136758$ & $0.006325$ & $0.000602233$ & $0.0231003$ & $-0.0214216$ & $-0.00312642$ & $0.0323911$ & $0.0437517$ & $0.0228266$ & $0.00725198$ & $0.00638786$ & $0.000690111$ & $0.00784287$ & $-0.0336116$ & $-0.0632702$ & $-0.036773$ & $-0.0285707$ & $0.0608731$ & $0.0103824$ & $-3.01747e-05$ & $-0.0130384$ & $0.042994$ & $-0.0260475$ & $0.0166618$ & $-0.190929$ & $-0.137856$ & $-0.155576$ & $0.0575828$ & $0.225712$ & $-0.00644668$ & $-0.025531$ & $0.0462819$ & $0.294522$ & $-0.0967264$ & $0.223624$ & $0.129119$ & $0.00652392$ & $-0.174693$ & $-0.0498619$ \\
dAle5Mz & $0.0661014$ & $1$ & $-0.474797$ & $0.442064$ & $0.0206905$ & $0.0128364$ & $0.029244$ & $-0.0786785$ & $-0.0791508$ & $0.0524204$ & $0.0556665$ & $0.0151604$ & $-0.0185605$ & $0.00390138$ & $-0.000718175$ & $0.0155973$ & $0.0256162$ & $0.0301352$ & $0.00952865$ & $-0.038294$ & $-0.0501558$ & $-0.0524677$ & $-0.00794778$ & $0.0401301$ & $0.0218287$ & $0.0176902$ & $-0.0487067$ & $0.0108689$ & $-0.0137193$ & $-0.0103204$ & $0.0774832$ & $0.0308455$ & $-0.0428612$ & $-0.0264574$ & $-0.0421371$ & $-0.00271592$ & $0.0898602$ & $-0.0470442$ & $-0.108272$ & $0.057017$ & $-0.138948$ & $-0.0210206$ & $-0.140395$ & $-0.26342$ & $-0.0558226$ & $0.383523$ & $0.195238$ & $0.0881014$ & $-0.113854$ \\
mtop & $-0.285602$ & $-0.474797$ & $1$ & $0.0639156$ & $0.0231149$ & $-0.0280863$ & $-0.0541035$ & $0.0281355$ & $0.0112856$ & $-0.0235586$ & $-0.00987063$ & $0.0527986$ & $0.0797$ & $-0.0161085$ & $0.0279022$ & $0.042346$ & $-0.0153291$ & $-0.0321033$ & $-0.0350315$ & $0.0128342$ & $0.00855301$ & $0.0178806$ & $0.00549212$ & $0.00476664$ & $-0.0006914$ & $0.00852845$ & $0.00275742$ & $-0.0422711$ & $-0.0117141$ & $0.0100154$ & $-0.00651319$ & $-0.0392328$ & $0.13965$ & $-0.0118081$ & $0.0512018$ & $0.152457$ & $0.072607$ & $0.0209875$ & $0.0440262$ & $-0.0651894$ & $-0.0339359$ & $-0.090254$ & $-0.10415$ & $0.196507$ & $-0.144254$ & $-0.37221$ & $0.0134673$ & $0.42507$ & $0.198173$ \\
mHl & $0.00794051$ & $0.442064$ & $0.0639156$ & $1$ & $0.00409691$ & $-0.00247755$ & $0.019058$ & $0.0414808$ & $0.037494$ & $0.0151329$ & $-0.0567425$ & $0.0312418$ & $0.0504714$ & $0.0276002$ & $0.048838$ & $0.0452743$ & $0.0286971$ & $-0.00800162$ & $-0.0122911$ & $0.0659914$ & $0.0592748$ & $0.0574004$ & $0.00095603$ & $-0.0119585$ & $0.00524113$ & $-0.029728$ & $0.0106519$ & $0.0262884$ & $-0.0596856$ & $-0.0594003$ & $0.076532$ & $0.00851582$ & $-0.0527903$ & $0.0168842$ & $-0.111147$ & $-0.0498821$ & $0.348387$ & $-0.0273357$ & $0.0216541$ & $-0.0336962$ & $-0.259747$ & $-0.0845121$ & $-0.0522673$ & $-0.323725$ & $-0.421245$ & $0.264841$ & $0.32242$ & $0.0798905$ & $-0.0603705$ \\
Mz & $0.0238596$ & $0.0206905$ & $0.0231149$ & $0.00409691$ & $1$ & $-0.0272055$ & $-0.0194176$ & $0.0365301$ & $0.0382732$ & $-0.048676$ & $-0.0164014$ & $-0.0147115$ & $0.0303404$ & $-0.00540971$ & $0.0133418$ & $0.0400899$ & $-0.0282637$ & $-0.031026$ & $-0.0452211$ & $0.024174$ & $0.0247183$ & $0.0296827$ & $-0.00525551$ & $-0.0388525$ & $-0.0392015$ & $0.00257623$ & $0.00461759$ & $0.00745914$ & $-0.0241528$ & $0.00062392$ & $-0.00849312$ & $-0.0202193$ & $0.0206657$ & $0.0189289$ & $-0.0114858$ & $0.00807867$ & $0.00787763$ & $0.0292101$ & $0.0311005$ & $-0.0043742$ & $-0.00175606$ & $0.018902$ & $0.0302003$ & $-0.00593355$ & $0.0554326$ & $0.00314792$ & $-0.0195051$ & $0.0276412$ & $0.0257825$ \\
CW & $-0.0223578$ & $0.0128364$ & $-0.0280863$ & $-0.00247755$ & $-0.0272055$ & $1$ & $0.0399791$ & $-0.149731$ & $-0.148325$ & $0.0304975$ & $0.214978$ & $0.0640175$ & $-0.0118018$ & $-0.00659485$ & $-0.096447$ & $-0.10646$ & $-0.272494$ & $-0.0551066$ & $-0.0472827$ & $-0.212332$ & $-0.216717$ & $-0.213912$ & $-0.0175459$ & $0.00108389$ & $-0.104326$ & $0.130358$ & $-0.10341$ & $-0.06067$ & $-0.0208068$ & $-0.00144121$ & $-0.00147007$ & $0.0483164$ & $0.00230177$ & $-0.132234$ & $0.0337431$ & $-0.0221764$ & $-0.0230914$ & $-0.0234278$ & $0.00644365$ & $0.00769115$ & $0.0454849$ & $0.0302344$ & $-0.0107834$ & $0.0076929$ & $-0.021209$ & $0.0198134$ & $-0.0105453$ & $0.00593217$ & $0.00630799$ \\
CHG & $0.0562881$ & $0.029244$ & $-0.0541035$ & $0.019058$ & $-0.0194176$ & $0.0399791$ & $1$ & $-0.0893314$ & $-0.0415593$ & $0.0852669$ & $0.0505336$ & $-0.188138$ & $-0.279263$ & $0.0467136$ & $-0.0200021$ & $-0.0288917$ & $0.0824146$ & $0.0873197$ & $0.0937526$ & $-0.0527828$ & $-0.0529182$ & $-0.0432661$ & $0.00523485$ & $0.0897381$ & $0.090082$ & $0.0201823$ & $-0.0248116$ & $0.00692196$ & $0.0112077$ & $-0.118001$ & $-0.0596762$ & $0.935697$ & $-0.159997$ & $-0.0512668$ & $0.0384043$ & $0.0822542$ & $-0.0812735$ & $-0.00773167$ & $0.103801$ & $-0.0424695$ & $0.0782216$ & $-0.00933152$ & $0.0425679$ & $-0.0207366$ & $-0.00614859$ & $0.0549194$ & $-0.0290065$ & $0.018765$ & $-0.0279322$ \\
CHWB & $-0.00784704$ & $-0.0786785$ & $0.0281355$ & $0.0414808$ & $0.0365301$ & $-0.149731$ & $-0.0893314$ & $1$ & $0.986318$ & $-0.607789$ & $-0.880574$ & $-0.00946859$ & $0.329229$ & $0.0922683$ & $0.292274$ & $0.315692$ & $-0.222256$ & $-0.428444$ & $-0.447462$ & $0.852015$ & $0.898993$ & $0.881096$ & $0.0638982$ & $-0.68253$ & $-0.407939$ & $-0.513572$ & $0.434212$ & $0.291062$ & $0.0380415$ & $0.120922$ & $0.0699467$ & $-0.0814458$ & $0.149524$ & $0.593638$ & $-0.0485914$ & $-0.0144308$ & $0.0397901$ & $0.0280446$ & $0.0231284$ & $-0.00438915$ & $0.00855474$ & $0.0501744$ & $0.0823884$ & $0.0586397$ & $-0.000207903$ & $-0.0447704$ & $-0.0204498$ & $-0.0104857$ & $0.0204344$ \\
CHWHB_gaga & $0.0161093$ & $-0.0791508$ & $0.0112856$ & $0.037494$ & $0.0382732$ & $-0.148325$ & $-0.0415593$ & $0.986318$ & $1$ & $-0.593449$ & $-0.864687$ & $0.0111619$ & $0.327972$ & $0.0822859$ & $0.285823$ & $0.308187$ & $-0.226782$ & $-0.428699$ & $-0.446837$ & $0.836176$ & $0.883005$ & $0.865682$ & $0.0627604$ & $-0.679624$ & $-0.40947$ & $-0.505402$ & $0.429714$ & $0.290896$ & $0.0416177$ & $0.140377$ & $0.0738054$ & $-0.0420641$ & $0.165422$ & $0.587575$ & $-0.054996$ & $-0.0163862$ & $0.0391475$ & $0.0377456$ & $0.0377618$ & $-0.00751482$ & $0.00605647$ & $0.0522366$ & $0.128659$ & $0.055104$ & $0.0146862$ & $-0.0339694$ & $-0.0334489$ & $-0.0247504$ & $0.0125512$ \\
CHWHB_gagaorth & $0.042599$ & $0.0524204$ & $-0.0235586$ & $0.0151329$ & $-0.048676$ & $0.0304975$ & $0.0852669$ & $-0.607789$ & $-0.593449$ & $1$ & $0.392065$ & $0.299945$ & $-0.247987$ & $0.219573$ & $-0.118152$ & $-0.139276$ & $0.434724$ & $0.495941$ & $0.504953$ & $-0.376748$ & $-0.41039$ & $-0.402758$ & $-0.0402462$ & $0.58386$ & $0.49101$ & $0.220189$ & $-0.267271$ & $-0.117404$ & $-0.0341308$ & $-0.139105$ & $-0.0719003$ & $0.0894881$ & $-0.177264$ & $-0.393637$ & $0.09161$ & $-0.0171985$ & $-0.0200873$ & $-0.00171444$ & $0.0511281$ & $-0.0140889$ & $-0.0478084$ & $-0.0437369$ & $-0.0261263$ & $-0.0673566$ & $-0.0149219$ & $0.0765097$ & $0.0620177$ & $-0.0391724$ & $-0.0562235$ \\
CHD & $-0.0136758$ & $0.0556665$ & $-0.00987063$ & $-0.0567425$ & $-0.0164014$ & $0.214978$ & $0.0505336$ & $-0.880574$ & $-0.864687$ & $0.392065$ & $1$ & $0.151179$ & $-0.147367$ & $-0.508792$ & $-0.426971$ & $-0.447526$ & $-0.233361$ & $0.0574437$ & $0.0830036$ & $-0.991274$ & $-0.992121$ & $-0.971623$ & $-0.0236799$ & $0.321304$ & $0.0269127$ & $0.588436$ & $-0.291491$ & $-0.324542$ & $-0.00771638$ & $-0.0590932$ & $-0.0438206$ & $0.0603646$ & $-0.0780383$ & $-0.392757$ & $0.0618418$ & $0.019842$ & $-0.0502639$ & $-0.0133334$ & $-0.0369819$ & $0.00735513$ & $-0.0127775$ & $-0.0466912$ & $-0.0609678$ & $-0.0296549$ & $0.010661$ & $0.0282171$ & $0.00498483$ & $0.0266358$ & $-0.0244514$ \\
CHbox & $0.006325$ & $0.0151604$ & $0.0527986$ & $0.0312418$ & $-0.0147115$ & $0.0640175$ & $-0.188138$ & $-0.00946859$ & $0.0111619$ & $0.299945$ & $0.151179$ & $1$ & $0.692014$ & $-0.30393$ & $-0.00107844$ & $-0.0187716$ & $-0.288215$ & $-0.269458$ & $-0.255291$ & $-0.140415$ & $-0.148824$ & $-0.141807$ & $0.0196917$ & $-0.150904$ & $-0.260222$ & $0.0648198$ & $-0.0397559$ & $-0.0383308$ & $0.0642997$ & $0.357674$ & $0.119186$ & $-0.0878722$ & $0.40422$ & $-0.0112195$ & $0.124205$ & $0.0129326$ & $0.0180684$ & $0.0577459$ & $0.03471$ & $0.000984069$ & $-0.128086$ & $-0.051305$ & $0.00591782$ & $0.02719$ & $0.027356$ & $0.0140694$ & $0.0603379$ & $0.00966414$ & $-0.0675868$ \\
CH & $0.000602233$ & $-0.0185605$ & $0.0797$ & $0.0504714$ & $0.0303404$ & $-0.0118018$ & $-0.279263$ & $0.329229$ & $0.327972$ & $-0.247987$ & $-0.147367$ & $0.692014$ & $1$ & $-0.267106$ & $0.0605322$ & $0.0684253$ & $-0.353878$ & $-0.389677$ & $-0.393092$ & $0.143084$ & $0.159776$ & $0.158754$ & $0.0493567$ & $-0.390768$ & $-0.38607$ & $-0.106907$ & $0.129545$ & $0.0634426$ & $0.0537448$ & $0.311362$ & $0.13697$ & $-0.208389$ & $0.38165$ & $0.221786$ & $0.0244158$ & $0.00256301$ & $0.0507544$ & $0.0600671$ & $0.00765878$ & $0.0158032$ & $-0.083486$ & $-0.0222759$ & $0.00945217$ & $0.0746264$ & $0.0336248$ & $-0.0560162$ & $0.0534935$ & $0.0270351$ & $-0.00340532$ \\
CHL1_11 & $0.0231003$ & $0.00390138$ & $-0.0161085$ & $0.0276002$ & $-0.00540971$ & $-0.00659485$ & $0.0467136$ & $0.0922683$ & $0.0822859$ & $0.219573$ & $-0.508792$ & $-0.30393$ & $-0.267106$ & $1$ & $0.298614$ & $0.296377$ & $0.684033$ & $0.61236$ & $0.598071$ & $0.529724$ & $0.468318$ & $0.455712$ & $-0.052919$ & $0.471955$ & $0.604265$ & $-0.306384$ & $-0.124616$ & $0.158431$ & $-0.0444078$ & $-0.0920259$ & $-0.0350589$ & $0.0148261$ & $-0.0936033$ & $-0.222039$ & $-0.0376956$ & $-0.015663$ & $0.0421168$ & $-0.0279057$ & $0.0327632$ & $0.000164338$ & $0.0371817$ & $0.0196243$ & $-0.0195817$ & $-0.034793$ & $-0.0301082$ & $0.0176867$ & $0.0223885$ & $-0.0440982$ & $0.0187958$ \\
CHL1_22 & $-0.0214216$ & $-0.000718175$ & $0.0279022$ & $0.048838$ & $0.0133418$ & $-0.096447$ & $-0.0200021$ & $0.292274$ & $0.285823$ & $-0.118152$ & $-0.426971$ & $-0.00107844$ & $0.0605322$ & $0.298614$ & $1$ & $0.453615$ & $0.19839$ & $-0.407838$ & $-0.0096778$ & $0.49045$ & $0.348964$ & $0.338356$ & $-0.159212$ & $0.116629$ & $-0.102352$ & $-0.227738$ & $-0.388218$ & $0.108602$ & $-0.000989998$ & $0.0351632$ & $0.00925968$ & $-0.0222922$ & $0.0375145$ & $-0.567341$ & $-0.018514$ & $0.0230735$ & $0.0608339$ & $0.0202346$ & $0.00167875$ & $-0.0491706$ & $-0.062316$ & $0.00723402$ & $0.0158986$ & $-0.0253764$ & $0.00529391$ & $-0.00327439$ & $0.0082371$ & $-0.0205214$ & $0.0295755$ \\
CHL1_33 & $-0.00312642$ & $0.0155973$ & $0.042346$ & $0.0452743$ & $0.0400899$ & $-0.10646$ & $-0.0288917$ & $0.315692$ & $0.308187$ & $-0.139276$ & $-0.447526$ & $-0.0187716$ & $0.0684253$ & $0.296377$ & $0.453615$ & $1$ & $0.198187$ & $-0.000687679$ & $-0.413316$ & $0.507271$ & $0.370887$ & $0.384559$ & $-0.144453$ & $0.0943401$ & $-0.112848$ & $-0.243371$ & $-0.36913$ & $0.0968267$ & $0.00389809$ & $0.0218669$ & $0.0263768$ & $-0.0282049$ & $0.0499186$ & $-0.0687167$ & $-0.0354393$ & $0.0233438$ & $0.00248392$ & $0.0609285$ & $-0.0224592$ & $-0.0196726$ & $-0.0252588$ & $0.00832621$ & $0.00231874$ & $0.00099336$ & $-0.0152004$ & $-0.0435355$ & $-0.0122758$ & $0.0360301$ & $0.0415743$ \\
CHL3_11 & $0.0323911$ & $0.0256162$ & $-0.0153291$ & $0.0286971$ & $-0.0282637$ & $-0.272494$ & $0.0824146$ & $-0.222256$ & $-0.226782$ & $0.434724$ & $-0.233361$ & $-0.288215$ & $-0.353878$ & $0.684033$ & $0.19839$ & $0.198187$ & $1$ & $0.744777$ & $0.730255$ & $0.258662$ & $0.198711$ & $0.194732$ & $-0.0501977$ & $0.674297$ & $0.782067$ & $-0.15091$ & $-0.177774$ & $0.0713417$ & $-0.064406$ & $-0.121698$ & $-0.0497737$ & $0.0461346$ & $-0.138733$ & $-0.261985$ & $-0.0228716$ & $-0.0119354$ & $0.0134634$ & $-0.0245865$ & $0.0308114$ & $-0.0105441$ & $0.0019111$ & $-0.0134429$ & $-0.0420847$ & $-0.0497602$ & $-0.0207145$ & $0.0178897$ & $0.0254853$ & $-0.0187866$ & $0.0100971$ \\
CHL3_22 & $0.0437517$ & $0.0301352$ & $-0.0321033$ & $-0.00800162$ & $-0.031026$ & $-0.0551066$ & $0.0873197$ & $-0.428444$ & $-0.428699$ & $0.495941$ & $0.0574437$ & $-0.269458$ & $-0.389677$ & $0.61236$ & $-0.407838$ & $-0.000687679$ & $0.744777$ & $1$ & $0.682244$ & $-0.0560867$ & $-0.0580187$ & $-0.0535675$ & $0.0198443$ & $0.63069$ & $0.797785$ & $0.00990448$ & $-0.0399639$ & $-0.010252$ & $-0.0597719$ & $-0.143297$ & $-0.0565976$ & $0.0558604$ & $-0.158971$ & $-0.00689361$ & $-0.00822232$ & $-0.0205307$ & $-0.0226418$ & $-0.0374758$ & $0.0258031$ & $0.0265663$ & $0.0485951$ & $-0.0112399$ & $-0.0540838$ & $-0.0323493$ & $-0.0290317$ & $0.0226601$ & $0.0232358$ & $-0.0111173$ & $-0.00576569$ \\
CHL3_33 & $0.0228266$ & $0.00952865$ & $-0.0350315$ & $-0.0122911$ & $-0.0452211$ & $-0.0472827$ & $0.0937526$ & $-0.447462$ & $-0.446837$ & $0.504953$ & $0.0830036$ & $-0.255291$ & $-0.393092$ & $0.598071$ & $-0.0096778$ & $-0.413316$ & $0.730255$ & $0.682244$ & $1$ & $-0.0804823$ & $-0.0811247$ & $-0.0749674$ & $0.015632$ & $0.635908$ & $0.802266$ & $0.028683$ & $-0.036975$ & $-0.00554952$ & $-0.0608758$ & $-0.130373$ & $-0.067715$ & $0.0602669$ & $-0.167285$ & $-0.376751$ & $0.0126751$ & $-0.0199161$ & $0.0229019$ & $-0.0654016$ & $0.0344034$ & $0.00457774$ & $0.025577$ & $-0.0143297$ & $-0.0448858$ & $-0.048541$ & $-0.0128239$ & $0.0456298$ & $0.0305541$ & $-0.0468863$ & $-0.0201606$ \\
CHe_11 & $0.00725198$ & $-0.038294$ & $0.0128342$ & $0.0659914$ & $0.024174$ & $-0.212332$ & $-0.0527828$ & $0.852015$ & $0.836176$ & $-0.376748$ & $-0.991274$ & $-0.140415$ & $0.143084$ & $0.529724$ & $0.49045$ & $0.507271$ & $0.258662$ & $-0.0560867$ & $-0.0804823$ & $1$ & $0.975102$ & $0.955086$ & $0.00142408$ & $-0.268259$ & $-0.017161$ & $-0.581531$ & $0.218623$ & $0.319098$ & $0.00434872$ & $0.0585361$ & $0.0436338$ & $-0.0616553$ & $0.0769644$ & $0.316236$ & $-0.0570009$ & $-0.0139919$ & $0.0521783$ & $0.0119981$ & $0.0338242$ & $-0.00874657$ & $0.00387882$ & $0.044428$ & $0.0527888$ & $0.0263973$ & $-0.0134912$ & $-0.0265212$ & $0.000420237$ & $-0.0183247$ & $0.0265542$ \\
CHe_22 & $0.00638786$ & $-0.0501558$ & $0.00855301$ & $0.0592748$ & $0.0247183$ & $-0.216717$ & $-0.0529182$ & $0.898993$ & $0.883005$ & $-0.41039$ & $-0.992121$ & $-0.148824$ & $0.159776$ & $0.468318$ & $0.348964$ & $0.370887$ & $0.198711$ & $-0.0580187$ & $-0.0811247$ & $0.975102$ & $1$ & $0.976228$ & $0.0456504$ & $-0.374885$ & $-0.0365101$ & $-0.585475$ & $0.367956$ & $0.328622$ & $0.00846558$ & $0.0627191$ & $0.0457534$ & $-0.061614$ & $0.081998$ & $0.472421$ & $-0.0579257$ & $-0.0204494$ & $0.0500474$ & $0.0091111$ & $0.0367522$ & $-0.00225668$ & $0.0174814$ & $0.0483955$ & $0.0599053$ & $0.0331482$ & $-0.0120778$ & $-0.0264461$ & $-0.00573677$ & $-0.0230057$ & $0.0197028$ \\
CHe_33 & $0.000690111$ & $-0.0524677$ & $0.0178806$ & $0.0574004$ & $0.0296827$ & $-0.213912$ & $-0.0432661$ & $0.881096$ & $0.865682$ & $-0.402758$ & $-0.971623$ & $-0.141807$ & $0.158754$ & $0.455712$ & $0.338356$ & $0.384559$ & $0.194732$ & $-0.0535675$ & $-0.0749674$ & $0.955086$ & $0.976228$ & $1$ & $0.0511654$ & $-0.368104$ & $-0.0324392$ & $-0.576683$ & $0.364575$ & $0.318902$ & $0.0109674$ & $0.0671297$ & $0.0495664$ & $-0.0512524$ & $0.0839043$ & $0.468693$ & $-0.0575977$ & $-0.017383$ & $0.0488131$ & $0.0132802$ & $0.0296848$ & $-0.0103971$ & $0.0158178$ & $0.0413015$ & $0.0564147$ & $0.0286231$ & $-0.014742$ & $-0.0319532$ & $-0.0132971$ & $-0.017848$ & $0.017355$ \\
CHQ1_11 & $0.00784287$ & $-0.00794778$ & $0.00549212$ & $0.00095603$ & $-0.00525551$ & $-0.0175459$ & $0.00523485$ & $0.0638982$ & $0.0627604$ & $-0.0402462$ & $-0.0236799$ & $0.0196917$ & $0.0493567$ & $-0.052919$ & $-0.159212$ & $-0.144453$ & $-0.0501977$ & $0.0198443$ & $0.015632$ & $0.00142408$ & $0.0456504$ & $0.0511654$ & $1$ & $-0.112228$ & $0.109425$ & $-0.657106$ & $0.355641$ & $0.0116638$ & $0.00657465$ & $0.0352803$ & $0.024778$ & $0.010019$ & $0.0496611$ & $0.18309$ & $-0.020869$ & $0.00174159$ & $0.0137798$ & $-0.0185456$ & $-0.0137953$ & $0.0276658$ & $0.0223531$ & $-0.0359598$ & $0.0121906$ & $0.062348$ & $-0.023601$ & $-0.0107434$ & $-0.00474258$ & $0.0614528$ & $0.0110738$ \\
CHQ1_33 & $-0.0336116$ & $0.0401301$ & $0.00476664$ & $-0.0119585$ & $-0.0388525$ & $0.00108389$ & $0.0897381$ & $-0.68253$ & $-0.679624$ & $0.58386$ & $0.321304$ & $-0.150904$ & $-0.390768$ & $0.471955$ & $0.116629$ & $0.0943401$ & $0.674297$ & $0.63069$ & $0.635908$ & $-0.268259$ & $-0.374885$ & $-0.368104$ & $-0.112228$ & $1$ & $0.654988$ & $0.180448$ & $-0.441485$ & $-0.0292239$ & $-0.0672846$ & $-0.142566$ & $-0.0822489$ & $0.0622235$ & $-0.162903$ & $-0.652089$ & $0.0219071$ & $0.0089151$ & $0.00387856$ & $-0.0287851$ & $-0.0122766$ & $-0.00350897$ & $-0.00687513$ & $-0.0414329$ & $-0.0868908$ & $-0.0492837$ & $-0.0292984$ & $0.0291158$ & $0.0265277$ & $0.0042476$ & $0.00125653$ \\
CHQ3_11 & $-0.0632702$ & $0.0218287$ & $-0.0006914$ & $0.00524113$ & $-0.0392015$ & $-0.104326$ & $0.090082$ & $-0.407939$ & $-0.40947$ & $0.49101$ & $0.0269127$ & $-0.260222$ & $-0.38607$ & $0.604265$ & $-0.102352$ & $-0.112848$ & $0.782067$ & $0.797785$ & $0.802266$ & $-0.017161$ & $-0.0365101$ & $-0.0324392$ & $0.109425$ & $0.654988$ & $1$ & $-0.00774114$ & $0.17131$ & $-0.0168635$ & $-0.0625654$ & $-0.136525$ & $-0.0629373$ & $0.0561119$ & $-0.149966$ & $-0.236084$ & $0.00146672$ & $0.00354746$ & $0.0399301$ & $-0.0569781$ & $-0.00102664$ & $0.0139733$ & $0.0316635$ & $-0.0131736$ & $-0.0649952$ & $-0.0355174$ & $-0.0349155$ & $0.0243341$ & $0.0134816$ & $-0.00269331$ & $0.0145269$ \\
CHu_11 & $-0.036773$ & $0.0176902$ & $0.00852845$ & $-0.029728$ & $0.00257623$ & $0.130358$ & $0.0201823$ & $-0.513572$ & $-0.505402$ & $0.220189$ & $0.588436$ & $0.0648198$ & $-0.106907$ & $-0.306384$ & $-0.227738$ & $-0.243371$ & $-0.15091$ & $0.00990448$ & $0.028683$ & $-0.581531$ & $-0.585475$ & $-0.576683$ & $-0.657106$ & $0.180448$ & $-0.00774114$ & $1$ & $-0.171599$ & $-0.188544$ & $-0.0127167$ & $-0.0597716$ & $-0.0409324$ & $0.0235785$ & $-0.0671928$ & $-0.248485$ & $0.044618$ & $0.0188399$ & $-0.0233512$ & $-0.00641367$ & $-0.00685206$ & $-0.00208081$ & $-0.0138233$ & $-0.00258889$ & $-0.0370403$ & $-0.0351459$ & $0.0246955$ & $0.00289316$ & $0.00993477$ & $-0.0201309$ & $0.00548488$ \\
CHd_11 & $-0.0285707$ & $-0.0487067$ & $0.00275742$ & $0.0106519$ & $0.00461759$ & $-0.10341$ & $-0.0248116$ & $0.434212$ & $0.429714$ & $-0.267271$ & $-0.291491$ & $-0.0397559$ & $0.129545$ & $-0.124616$ & $-0.388218$ & $-0.36913$ & $-0.177774$ & $-0.0399639$ & $-0.036975$ & $0.218623$ & $0.367956$ & $0.364575$ & $0.355641$ & $-0.441485$ & $0.17131$ & $-0.171599$ & $1$ & $0.101899$ & $0.0111746$ & $0.042674$ & $0.0243148$ & $-0.026951$ & $0.0625861$ & $0.68491$ & $-0.0244716$ & $-0.0187552$ & $0.0410615$ & $-0.0288497$ & $0.00646019$ & $0.0373474$ & $0.0423167$ & $0.0269634$ & $0.0496981$ & $0.053412$ & $-0.00208446$ & $-0.00996977$ & $-0.021734$ & $0.00834973$ & $0.0119531$ \\
CHd_33 & $0.0608731$ & $0.0108689$ & $-0.0422711$ & $0.0262884$ & $0.00745914$ & $-0.06067$ & $0.00692196$ & $0.291062$ & $0.290896$ & $-0.117404$ & $-0.324542$ & $-0.0383308$ & $0.0634426$ & $0.158431$ & $0.108602$ & $0.0968267$ & $0.0713417$ & $-0.010252$ & $-0.00554952$ & $0.319098$ & $0.328622$ & $0.318902$ & $0.0116638$ & $-0.0292239$ & $-0.0168635$ & $-0.188544$ & $0.101899$ & $1$ & $-0.0070966$ & $0.00419061$ & $0.0151274$ & $0.00106686$ & $-0.00443734$ & $0.157076$ & $-0.0427264$ & $-0.0169029$ & $0.0285266$ & $0.0244018$ & $0.0529324$ & $-0.0170408$ & $0.00486195$ & $-0.0157341$ & $0.0331431$ & $0.0334445$ & $0.00613402$ & $0.0287646$ & $0.0402516$ & $-0.0266779$ & $-0.0232529$ \\
CeH_22r & $0.0103824$ & $-0.0137193$ & $-0.0117141$ & $-0.0596856$ & $-0.0241528$ & $-0.0208068$ & $0.0112077$ & $0.0380415$ & $0.0416177$ & $-0.0341308$ & $-0.00771638$ & $0.0642997$ & $0.0537448$ & $-0.0444078$ & $-0.000989998$ & $0.00389809$ & $-0.064406$ & $-0.0597719$ & $-0.0608758$ & $0.00434872$ & $0.00846558$ & $0.0109674$ & $0.00657465$ & $-0.0672846$ & $-0.0625654$ & $-0.0127167$ & $0.0111746$ & $-0.0070966$ & $1$ & $0.0500548$ & $0.0265838$ & $-0.00383066$ & $0.0424569$ & $0.0280648$ & $-0.0092836$ & $-0.0506438$ & $-0.0356361$ & $0.0149819$ & $0.0150111$ & $-0.0212623$ & $-0.018947$ & $-0.00579577$ & $0.0166975$ & $0.0590474$ & $0.0224916$ & $-0.0291289$ & $0.0208208$ & $0.0122945$ & $0.0209265$ \\
CeH_33r & $-3.01747e-05$ & $-0.0103204$ & $0.0100154$ & $-0.0594003$ & $0.00062392$ & $-0.00144121$ & $-0.118001$ & $0.120922$ & $0.140377$ & $-0.139105$ & $-0.0590932$ & $0.357674$ & $0.311362$ & $-0.0920259$ & $0.0351632$ & $0.0218669$ & $-0.121698$ & $-0.143297$ & $-0.130373$ & $0.0585361$ & $0.0627191$ & $0.0671297$ & $0.0352803$ & $-0.142566$ & $-0.136525$ & $-0.0597716$ & $0.042674$ & $0.00419061$ & $0.0500548$ & $1$ & $0.3093$ & $0.0402774$ & $0.677988$ & $0.0705966$ & $-0.00215243$ & $0.0258044$ & $-0.0446713$ & $0.0129412$ & $-0.0453723$ & $-0.0126181$ & $-0.023781$ & $0.000715752$ & $-0.0193935$ & $0.0532511$ & $0.0500656$ & $-0.0318013$ & $-0.0475218$ & $0.0291258$ & $-0.0270025$ \\
CuH_22r & $-0.0130384$ & $0.0774832$ & $-0.00651319$ & $0.076532$ & $-0.00849312$ & $-0.00147007$ & $-0.0596762$ & $0.0699467$ & $0.0738054$ & $-0.0719003$ & $-0.0438206$ & $0.119186$ & $0.13697$ & $-0.0350589$ & $0.00925968$ & $0.0263768$ & $-0.0497737$ & $-0.0565976$ & $-0.067715$ & $0.0436338$ & $0.0457534$ & $0.0495664$ & $0.024778$ & $-0.0822489$ & $-0.0629373$ & $-0.0409324$ & $0.0243148$ & $0.0151274$ & $0.0265838$ & $0.3093$ & $1$ & $0.0400156$ & $0.381798$ & $0.0565449$ & $0.0237036$ & $-0.0605129$ & $-0.00971931$ & $0.010441$ & $0.0150805$ & $0.0315535$ & $-0.0623079$ & $-0.0159608$ & $-0.103833$ & $0.00917059$ & $-0.0563668$ & $0.0315459$ & $0.194705$ & $0.0545857$ & $0.0155746$ \\
CuH_33r & $0.042994$ & $0.0308455$ & $-0.0392328$ & $0.00851582$ & $-0.0202193$ & $0.0483164$ & $0.935697$ & $-0.0814458$ & $-0.0420641$ & $0.0894881$ & $0.0603646$ & $-0.0878722$ & $-0.208389$ & $0.0148261$ & $-0.0222922$ & $-0.0282049$ & $0.0461346$ & $0.0558604$ & $0.0602669$ & $-0.0616553$ & $-0.061614$ & $-0.0512524$ & $0.010019$ & $0.0622235$ & $0.0561119$ & $0.0235785$ & $-0.026951$ & $0.00106686$ & $-0.00383066$ & $0.0402774$ & $0.0400156$ & $1$ & $0.0275027$ & $-0.0435498$ & $0.105$ & $0.114453$ & $-0.104139$ & $0.00762654$ & $0.114138$ & $-0.0569118$ & $0.0732084$ & $-0.0144665$ & $0.0325384$ & $-0.00953829$ & $-0.0129482$ & $0.0470119$ & $-0.0342144$ & $0.0308929$ & $-0.0472496$ \\
CdH_33r & $-0.0260475$ & $-0.0428612$ & $0.13965$ & $-0.0527903$ & $0.0206657$ & $0.00230177$ & $-0.159997$ & $0.149524$ & $0.165422$ & $-0.177264$ & $-0.0780383$ & $0.40422$ & $0.38165$ & $-0.0936033$ & $0.0375145$ & $0.0499186$ & $-0.138733$ & $-0.158971$ & $-0.167285$ & $0.0769644$ & $0.081998$ & $0.0839043$ & $0.0496611$ & $-0.162903$ & $-0.149966$ & $-0.0671928$ & $0.0625861$ & $-0.00443734$ & $0.0424569$ & $0.677988$ & $0.381798$ & $0.0275027$ & $1$ & $0.0928626$ & $-0.103622$ & $-0.0531411$ & $-0.035086$ & $0.00525527$ & $-0.0801427$ & $-0.0364265$ & $0.00771586$ & $-0.0386537$ & $-0.106753$ & $0.099127$ & $0.0624455$ & $-0.208333$ & $0.0420765$ & $0.222635$ & $0.3621$ \\
CLL_1221 & $0.0166618$ & $-0.0264574$ & $-0.0118081$ & $0.0168842$ & $0.0189289$ & $-0.132234$ & $-0.0512668$ & $0.593638$ & $0.587575$ & $-0.393637$ & $-0.392757$ & $-0.0112195$ & $0.221786$ & $-0.222039$ & $-0.567341$ & $-0.0687167$ & $-0.261985$ & $-0.00689361$ & $-0.376751$ & $0.316236$ & $0.472421$ & $0.468693$ & $0.18309$ & $-0.652089$ & $-0.236084$ & $-0.248485$ & $0.68491$ & $0.157076$ & $0.0280648$ & $0.0705966$ & $0.0565449$ & $-0.0435498$ & $0.0928626$ & $1$ & $-0.0276549$ & $-0.0306748$ & $-0.0184382$ & $0.012433$ & $0.016194$ & $0.0343592$ & $0.041628$ & $0.0311396$ & $0.0510271$ & $0.0580545$ & $-0.00796999$ & $-0.0247322$ & $-0.0151251$ & $0.0168526$ & $-0.00840242$ \\
eHggint & $-0.190929$ & $-0.0421371$ & $0.0512018$ & $-0.111147$ & $-0.0114858$ & $0.0337431$ & $0.0384043$ & $-0.0485914$ & $-0.054996$ & $0.09161$ & $0.0618418$ & $0.124205$ & $0.0244158$ & $-0.0376956$ & $-0.018514$ & $-0.0354393$ & $-0.0228716$ & $-0.00822232$ & $0.0126751$ & $-0.0570009$ & $-0.0579257$ & $-0.0575977$ & $-0.020869$ & $0.0219071$ & $0.00146672$ & $0.044618$ & $-0.0244716$ & $-0.0427264$ & $-0.0092836$ & $-0.00215243$ & $0.0237036$ & $0.105$ & $-0.103622$ & $-0.0276549$ & $1$ & $0.0114246$ & $-0.20976$ & $0.0536593$ & $0.254306$ & $-0.0462167$ & $-0.057683$ & $0.0359262$ & $0.0199738$ & $0.0840951$ & $-0.119919$ & $-0.0310262$ & $0.118786$ & $-0.0499968$ & $-0.280407$ \\
eHggpar & $-0.137856$ & $-0.00271592$ & $0.152457$ & $-0.0498821$ & $0.00807867$ & $-0.0221764$ & $0.0822542$ & $-0.0144308$ & $-0.0163862$ & $-0.0171985$ & $0.019842$ & $0.0129326$ & $0.00256301$ & $-0.015663$ & $0.0230735$ & $0.0233438$ & $-0.0119354$ & $-0.0205307$ & $-0.0199161$ & $-0.0139919$ & $-0.0204494$ & $-0.017383$ & $0.00174159$ & $0.0089151$ & $0.00354746$ & $0.0188399$ & $-0.0187552$ & $-0.0169029$ & $-0.0506438$ & $0.0258044$ & $-0.0605129$ & $0.114453$ & $-0.0531411$ & $-0.0306748$ & $0.0114246$ & $1$ & $0.184568$ & $0.0655875$ & $-0.103606$ & $-0.0019524$ & $-0.225707$ & $0.00349399$ & $-0.023586$ & $0.00821052$ & $0.108055$ & $0.0422527$ & $-0.304015$ & $0.0746385$ & $-0.161262$ \\
eHWWint & $-0.155576$ & $0.0898602$ & $0.072607$ & $0.348387$ & $0.00787763$ & $-0.0230914$ & $-0.0812735$ & $0.0397901$ & $0.0391475$ & $-0.0200873$ & $-0.0502639$ & $0.0180684$ & $0.0507544$ & $0.0421168$ & $0.0608339$ & $0.00248392$ & $0.0134634$ & $-0.0226418$ & $0.0229019$ & $0.0521783$ & $0.0500474$ & $0.0488131$ & $0.0137798$ & $0.00387856$ & $0.0399301$ & $-0.0233512$ & $0.0410615$ & $0.0285266$ & $-0.0356361$ & $-0.0446713$ & $-0.00971931$ & $-0.104139$ & $-0.035086$ & $-0.0184382$ & $-0.20976$ & $0.184568$ & $1$ & $-0.00631564$ & $-0.123328$ & $0.0089166$ & $-0.0626285$ & $-0.0505309$ & $0.117626$ & $-0.0668367$ & $-0.0393427$ & $0.116735$ & $0.101351$ & $0.165084$ & $0.0153347$ \\
eHWWpar & $0.0575828$ & $-0.0470442$ & $0.0209875$ & $-0.0273357$ & $0.0292101$ & $-0.0234278$ & $-0.00773167$ & $0.0280446$ & $0.0377456$ & $-0.00171444$ & $-0.0133334$ & $0.0577459$ & $0.0600671$ & $-0.0279057$ & $0.0202346$ & $0.0609285$ & $-0.0245865$ & $-0.0374758$ & $-0.0654016$ & $0.0119981$ & $0.0091111$ & $0.0132802$ & $-0.0185456$ & $-0.0287851$ & $-0.0569781$ & $-0.00641367$ & $-0.0288497$ & $0.0244018$ & $0.0149819$ & $0.0129412$ & $0.010441$ & $0.00762654$ & $0.00525527$ & $0.012433$ & $0.0536593$ & $0.0655875$ & $-0.00631564$ & $1$ & $0.0891157$ & $0.0419441$ & $-0.0709607$ & $-0.0173806$ & $0.164139$ & $-0.000993256$ & $-0.0557353$ & $0.0596534$ & $-0.0537674$ & $-0.0286726$ & $-0.0407314$ \\
eHZZint & $0.225712$ & $-0.108272$ & $0.0440262$ & $0.0216541$ & $0.0311005$ & $0.00644365$ & $0.103801$ & $0.0231284$ & $0.0377618$ & $0.0511281$ & $-0.0369819$ & $0.03471$ & $0.00765878$ & $0.0327632$ & $0.00167875$ & $-0.0224592$ & $0.0308114$ & $0.0258031$ & $0.0344034$ & $0.0338242$ & $0.0367522$ & $0.0296848$ & $-0.0137953$ & $-0.0122766$ & $-0.00102664$ & $-0.00685206$ & $0.00646019$ & $0.0529324$ & $0.0150111$ & $-0.0453723$ & $0.0150805$ & $0.114138$ & $-0.0801427$ & $0.016194$ & $0.254306$ & $-0.103606$ & $-0.123328$ & $0.0891157$ & $1$ & $-0.0358203$ & $-0.0153801$ & $0.0221311$ & $0.34807$ & $0.0554701$ & $-0.0251613$ & $0.0747619$ & $0.291399$ & $-0.290622$ & $-0.0566112$ \\
eHZZpar & $-0.00644668$ & $0.057017$ & $-0.0651894$ & $-0.0336962$ & $-0.0043742$ & $0.00769115$ & $-0.0424695$ & $-0.00438915$ & $-0.00751482$ & $-0.0140889$ & $0.00735513$ & $0.000984069$ & $0.0158032$ & $0.000164338$ & $-0.0491706$ & $-0.0196726$ & $-0.0105441$ & $0.0265663$ & $0.00457774$ & $-0.00874657$ & $-0.00225668$ & $-0.0103971$ & $0.0276658$ & $-0.00350897$ & $0.0139733$ & $-0.00208081$ & $0.0373474$ & $-0.0170408$ & $-0.0212623$ & $-0.0126181$ & $0.0315535$ & $-0.0569118$ & $-0.0364265$ & $0.0343592$ & $-0.0462167$ & $-0.0019524$ & $0.0089166$ & $0.0419441$ & $-0.0358203$ & $1$ & $-0.0060938$ & $0.06629$ & $-0.0100689$ & $-0.0396619$ & $-0.015794$ & $0.0848086$ & $0.00176732$ & $-0.0436592$ & $0.00235395$ \\
eHZgaint & $-0.025531$ & $-0.138948$ & $-0.0339359$ & $-0.259747$ & $-0.00175606$ & $0.0454849$ & $0.0782216$ & $0.00855474$ & $0.00605647$ & $-0.0478084$ & $-0.0127775$ & $-0.128086$ & $-0.083486$ & $0.0371817$ & $-0.062316$ & $-0.0252588$ & $0.0019111$ & $0.0485951$ & $0.025577$ & $0.00387882$ & $0.0174814$ & $0.0158178$ & $0.0223531$ & $-0.00687513$ & $0.0316635$ & $-0.0138233$ & $0.0423167$ & $0.00486195$ & $-0.018947$ & $-0.023781$ & $-0.0623079$ & $0.0732084$ & $0.00771586$ & $0.041628$ & $-0.057683$ & $-0.225707$ & $-0.0626285$ & $-0.0709607$ & $-0.0153801$ & $-0.0060938$ & $1$ & $0.0426407$ & $-0.0133195$ & $0.0708831$ & $0.125486$ & $-0.269327$ & $-0.214015$ & $-0.0697799$ & $0.0817929$ \\
eHZgapar & $0.0462819$ & $-0.0210206$ & $-0.090254$ & $-0.0845121$ & $0.018902$ & $0.0302344$ & $-0.00933152$ & $0.0501744$ & $0.0522366$ & $-0.0437369$ & $-0.0466912$ & $-0.051305$ & $-0.0222759$ & $0.0196243$ & $0.00723402$ & $0.00832621$ & $-0.0134429$ & $-0.0112399$ & $-0.0143297$ & $0.044428$ & $0.0483955$ & $0.0413015$ & $-0.0359598$ & $-0.0414329$ & $-0.0131736$ & $-0.00258889$ & $0.0269634$ & $-0.0157341$ & $-0.00579577$ & $0.000715752$ & $-0.0159608$ & $-0.0144665$ & $-0.0386537$ & $0.0311396$ & $0.0359262$ & $0.00349399$ & $-0.0505309$ & $-0.0173806$ & $0.0221311$ & $0.06629$ & $0.0426407$ & $1$ & $0.0752352$ & $0.00232242$ & $0.0371189$ & $0.00856971$ & $-0.114232$ & $-0.052959$ & $-0.0422964$ \\
eHgagaint & $0.294522$ & $-0.140395$ & $-0.10415$ & $-0.0522673$ & $0.0302003$ & $-0.0107834$ & $0.0425679$ & $0.0823884$ & $0.128659$ & $-0.0261263$ & $-0.0609678$ & $0.00591782$ & $0.00945217$ & $-0.0195817$ & $0.0158986$ & $0.00231874$ & $-0.0420847$ & $-0.0540838$ & $-0.0448858$ & $0.0527888$ & $0.0599053$ & $0.0564147$ & $0.0121906$ & $-0.0868908$ & $-0.0649952$ & $-0.0370403$ & $0.0496981$ & $0.0331431$ & $0.0166975$ & $-0.0193935$ & $-0.103833$ & $0.0325384$ & $-0.106753$ & $0.0510271$ & $0.0199738$ & $-0.023586$ & $0.117626$ & $0.164139$ & $0.34807$ & $-0.0100689$ & $-0.0133195$ & $0.0752352$ & $1$ & $-0.0642685$ & $0.270504$ & $0.109906$ & $-0.250682$ & $-0.312879$ & $-0.115624$ \\
eHmumuint & $-0.0967264$ & $-0.26342$ & $0.196507$ & $-0.323725$ & $-0.00593355$ & $0.0076929$ & $-0.0207366$ & $0.0586397$ & $0.055104$ & $-0.0673566$ & $-0.0296549$ & $0.02719$ & $0.0746264$ & $-0.034793$ & $-0.0253764$ & $0.00099336$ & $-0.0497602$ & $-0.0323493$ & $-0.048541$ & $0.0263973$ & $0.0331482$ & $0.0286231$ & $0.062348$ & $-0.0492837$ & $-0.0355174$ & $-0.0351459$ & $0.053412$ & $0.0334445$ & $0.0590474$ & $0.0532511$ & $0.00917059$ & $-0.00953829$ & $0.099127$ & $0.0580545$ & $0.0840951$ & $0.00821052$ & $-0.0668367$ & $-0.000993256$ & $0.0554701$ & $-0.0396619$ & $0.0708831$ & $0.00232242$ & $-0.0642685$ & $1$ & $0.0347801$ & $-0.217932$ & $-0.00384561$ & $0.385177$ & $0.0197804$ \\
eHtautauint & $0.223624$ & $-0.0558226$ & $-0.144254$ & $-0.421245$ & $0.0554326$ & $-0.021209$ & $-0.00614859$ & $-0.000207903$ & $0.0146862$ & $-0.0149219$ & $0.010661$ & $0.027356$ & $0.0336248$ & $-0.0301082$ & $0.00529391$ & $-0.0152004$ & $-0.0207145$ & $-0.0290317$ & $-0.0128239$ & $-0.0134912$ & $-0.0120778$ & $-0.014742$ & $-0.023601$ & $-0.0292984$ & $-0.0349155$ & $0.0246955$ & $-0.00208446$ & $0.00613402$ & $0.0224916$ & $0.0500656$ & $-0.0563668$ & $-0.0129482$ & $0.0624455$ & $-0.00796999$ & $-0.119919$ & $0.108055$ & $-0.0393427$ & $-0.0557353$ & $-0.0251613$ & $-0.015794$ & $0.125486$ & $0.0371189$ & $0.270504$ & $0.0347801$ & $1$ & $-0.217997$ & $-0.17638$ & $-0.1634$ & $0.167645$ \\
eHccint & $0.129119$ & $0.383523$ & $-0.37221$ & $0.264841$ & $0.00314792$ & $0.0198134$ & $0.0549194$ & $-0.0447704$ & $-0.0339694$ & $0.0765097$ & $0.0282171$ & $0.0140694$ & $-0.0560162$ & $0.0176867$ & $-0.00327439$ & $-0.0435355$ & $0.0178897$ & $0.0226601$ & $0.0456298$ & $-0.0265212$ & $-0.0264461$ & $-0.0319532$ & $-0.0107434$ & $0.0291158$ & $0.0243341$ & $0.00289316$ & $-0.00996977$ & $0.0287646$ & $-0.0291289$ & $-0.0318013$ & $0.0315459$ & $0.0470119$ & $-0.208333$ & $-0.0247322$ & $-0.0310262$ & $0.0422527$ & $0.116735$ & $0.0596534$ & $0.0747619$ & $0.0848086$ & $-0.269327$ & $0.00856971$ & $0.109906$ & $-0.217932$ & $-0.217997$ & $1$ & $0.0508018$ & $-0.195391$ & $-0.408686$ \\
eHccpar & $0.00652392$ & $0.195238$ & $0.0134673$ & $0.32242$ & $-0.0195051$ & $-0.0105453$ & $-0.0290065$ & $-0.0204498$ & $-0.0334489$ & $0.0620177$ & $0.00498483$ & $0.0603379$ & $0.0534935$ & $0.0223885$ & $0.0082371$ & $-0.0122758$ & $0.0254853$ & $0.0232358$ & $0.0305541$ & $0.000420237$ & $-0.00573677$ & $-0.0132971$ & $-0.00474258$ & $0.0265277$ & $0.0134816$ & $0.00993477$ & $-0.021734$ & $0.0402516$ & $0.0208208$ & $-0.0475218$ & $0.194705$ & $-0.0342144$ & $0.0420765$ & $-0.0151251$ & $0.118786$ & $-0.304015$ & $0.101351$ & $-0.0537674$ & $0.291399$ & $0.00176732$ & $-0.214015$ & $-0.114232$ & $-0.250682$ & $-0.00384561$ & $-0.17638$ & $0.0508018$ & $1$ & $0.164008$ & $0.120312$ \\
eHbbint & $-0.174693$ & $0.0881014$ & $0.42507$ & $0.0798905$ & $0.0276412$ & $0.00593217$ & $0.018765$ & $-0.0104857$ & $-0.0247504$ & $-0.0391724$ & $0.0266358$ & $0.00966414$ & $0.0270351$ & $-0.0440982$ & $-0.0205214$ & $0.0360301$ & $-0.0187866$ & $-0.0111173$ & $-0.0468863$ & $-0.0183247$ & $-0.0230057$ & $-0.017848$ & $0.0614528$ & $0.0042476$ & $-0.00269331$ & $-0.0201309$ & $0.00834973$ & $-0.0266779$ & $0.0122945$ & $0.0291258$ & $0.0545857$ & $0.0308929$ & $0.222635$ & $0.0168526$ & $-0.0499968$ & $0.0746385$ & $0.165084$ & $-0.0286726$ & $-0.290622$ & $-0.0436592$ & $-0.0697799$ & $-0.052959$ & $-0.312879$ & $0.385177$ & $-0.1634$ & $-0.195391$ & $0.164008$ & $1$ & $0.231238$ \\
eHbbpar & $-0.0498619$ & $-0.113854$ & $0.198173$ & $-0.0603705$ & $0.0257825$ & $0.00630799$ & $-0.0279322$ & $0.0204344$ & $0.0125512$ & $-0.0562235$ & $-0.0244514$ & $-0.0675868$ & $-0.00340532$ & $0.0187958$ & $0.0295755$ & $0.0415743$ & $0.0100971$ & $-0.00576569$ & $-0.0201606$ & $0.0265542$ & $0.0197028$ & $0.017355$ & $0.0110738$ & $0.00125653$ & $0.0145269$ & $0.00548488$ & $0.0119531$ & $-0.0232529$ & $0.0209265$ & $-0.0270025$ & $0.0155746$ & $-0.0472496$ & $0.3621$ & $-0.00840242$ & $-0.280407$ & $-0.161262$ & $0.0153347$ & $-0.0407314$ & $-0.0566112$ & $0.00235395$ & $0.0817929$ & $-0.0422964$ & $-0.115624$ & $0.0197804$ & $0.167645$ & $-0.408686$ & $0.120312$ & $0.231238$ & $1$ \\
