 & AlsMz & dAle5Mz & mtop & mHl & Mz & CW & CHG & CHWB & CHWHB_gaga & CHWHB_gagaorth & CHD & CHbox & CH & CHL1_11 & CHL1_22 & CHL1_33 & CHL3_11 & CHL3_22 & CHL3_33 & CHe_11 & CHe_22 & CHe_33 & CHQ1_11 & CHQ1_33 & CHQ3_11 & CHu_11 & CHd_11 & CHd_33 & CeH_22r & CeH_33r & CuH_22r & CuH_33r & CdH_33r & CLL_1221 & eHggint & eHggpar & eHWWint & eHWWpar & eHZZint & eHZZpar & eHZgaint & eHZgapar & eHgagaint & eHmumuint & eHtautauint & eHccint & eHccpar & eHbbint & eHbbpar \\
AlsMz & $1$ & $-0.0184286$ & $-0.131594$ & $0.204568$ & $-0.0156976$ & $0.0283484$ & $0.0332817$ & $0.00374118$ & $-0.0018995$ & $-0.0309488$ & $-0.0087175$ & $-0.041437$ & $-0.028955$ & $0.00669516$ & $0.00222076$ & $-0.00103548$ & $-0.012008$ & $-0.00327941$ & $0.00397533$ & $0.00293502$ & $0.0014998$ & $0.0117503$ & $-0.0532536$ & $-0.0300332$ & $-0.0785282$ & $0.0131199$ & $-0.0130088$ & $0.0147604$ & $-0.0306003$ & $-0.040971$ & $-0.00943691$ & $0.0210584$ & $-0.0177252$ & $-0.00498755$ & $-0.0823405$ & $0.0810887$ & $0.176931$ & $-0.0257498$ & $-0.0670817$ & $-0.0858318$ & $-0.101677$ & $-0.0334067$ & $-0.0876808$ & $-0.145418$ & $-0.000515866$ & $-0.401442$ & $0.0598033$ & $-0.0368716$ & $0.0925749$ \\
dAle5Mz & $-0.0184286$ & $1$ & $0.10616$ & $-0.0375263$ & $0.00407873$ & $-0.0298325$ & $-0.0062564$ & $-0.0873403$ & $-0.0768183$ & $0.0496316$ & $0.0580877$ & $0.0231407$ & $-0.00375281$ & $0.00397467$ & $0.0224801$ & $-0.0264475$ & $0.046697$ & $0.0204519$ & $0.0552322$ & $-0.0386237$ & $-0.0461069$ & $-0.050585$ & $-0.0325904$ & $0.0594042$ & $0.047119$ & $0.0382331$ & $-0.0320835$ & $-0.0456139$ & $8.19071e-05$ & $0.0631662$ & $-0.0166819$ & $-0.00332872$ & $0.0895745$ & $-0.0512147$ & $0.00482886$ & $-0.130897$ & $0.0183733$ & $0.0288564$ & $-0.198378$ & $-0.0372864$ & $0.0710754$ & $-0.0335202$ & $0.147177$ & $0.0212529$ & $0.178837$ & $0.0549129$ & $-0.131282$ & $0.0895867$ & $0.202302$ \\
mtop & $-0.131594$ & $0.10616$ & $1$ & $0.0731118$ & $-0.028935$ & $0.00887694$ & $0.0201355$ & $-0.0225129$ & $-0.00824383$ & $0.00345694$ & $0.0426659$ & $0.0426098$ & $0.0267659$ & $-0.0333434$ & $0.0211309$ & $-0.0129137$ & $-0.0330719$ & $-0.0381177$ & $-0.0189022$ & $-0.0325542$ & $-0.036739$ & $-0.0468869$ & $-0.00423433$ & $0.0267179$ & $-0.0181741$ & $0.0319947$ & $-0.0113753$ & $0.000416099$ & $-0.0337125$ & $0.0265774$ & $0.0439349$ & $0.0252826$ & $0.143137$ & $-0.030937$ & $0.129685$ & $-0.182242$ & $-0.00645064$ & $-0.0113366$ & $0.0366852$ & $0.0295208$ & $-0.024649$ & $0.0590777$ & $0.108199$ & $-0.0765598$ & $0.0885152$ & $0.12223$ & $-0.0499456$ & $-0.00609386$ & $0.330619$ \\
mHl & $0.204568$ & $-0.0375263$ & $0.0731118$ & $1$ & $-0.0289096$ & $-0.0134511$ & $0.0372649$ & $0.0113443$ & $0.00393261$ & $-0.00747339$ & $-0.0049272$ & $0.0102576$ & $-0.0108044$ & $-0.00681078$ & $-0.0309703$ & $-0.0322593$ & $-0.0119371$ & $0.00834987$ & $0.01355$ & $0.00190952$ & $0.00908511$ & $0.0184854$ & $0.00930889$ & $-0.0226859$ & $-0.0044648$ & $0.00413066$ & $0.0448274$ & $0.0160063$ & $0.0287018$ & $-0.0240107$ & $0.0083344$ & $0.0593934$ & $-0.0239103$ & $0.0332807$ & $0.259167$ & $0.153727$ & $0.15661$ & $-0.0346391$ & $-0.0924275$ & $-0.0603476$ & $0.00915205$ & $-0.0495763$ & $-0.0823301$ & $-0.0840275$ & $0.0727632$ & $-0.408309$ & $0.144418$ & $0.0384155$ & $0.0813974$ \\
Mz & $-0.0156976$ & $0.00407873$ & $-0.028935$ & $-0.0289096$ & $1$ & $-0.00991099$ & $0.0150474$ & $0.0095061$ & $0.0161136$ & $0.0136141$ & $-0.00183665$ & $0.0246889$ & $-0.00495441$ & $0.00523883$ & $0.0236549$ & $0.00795329$ & $0.00326034$ & $-0.0154143$ & $0.00660844$ & $0.0134196$ & $0.0115201$ & $0.016362$ & $0.0064855$ & $0.00395875$ & $-0.000344243$ & $-0.0122058$ & $0.00368172$ & $0.0274047$ & $-0.00081859$ & $0.0210007$ & $0.0510558$ & $0.0223277$ & $0.00981434$ & $-0.0143125$ & $0.0272056$ & $0.00344538$ & $-0.0417118$ & $0.0461384$ & $0.0228054$ & $0.0168632$ & $0.0363069$ & $0.0198958$ & $0.0524462$ & $-0.0120834$ & $0.0478401$ & $0.0104501$ & $0.0840456$ & $-0.0293221$ & $0.0329577$ \\
CW & $0.0283484$ & $-0.0298325$ & $0.00887694$ & $-0.0134511$ & $-0.00991099$ & $1$ & $-0.0164506$ & $-0.117396$ & $-0.110739$ & $-0.00636597$ & $0.184673$ & $0.0377252$ & $0.0057059$ & $0.0118945$ & $-0.0872656$ & $-0.103788$ & $-0.265046$ & $-0.0558931$ & $-0.0481532$ & $-0.187275$ & $-0.186015$ & $-0.183785$ & $-0.032866$ & $-0.0175445$ & $-0.0968822$ & $0.114513$ & $-0.0732967$ & $-0.0479949$ & $0.0183541$ & $-0.0149156$ & $0.0159424$ & $-0.0224748$ & $-0.0129067$ & $-0.109888$ & $0.00637609$ & $0.0260998$ & $0.00824765$ & $7.12923e-05$ & $0.0163673$ & $-0.00839277$ & $0.0176743$ & $-0.026144$ & $-0.00108793$ & $-0.0126841$ & $-0.0105907$ & $0.0104819$ & $0.0671462$ & $-0.0134649$ & $0.0156405$ \\
CHG & $0.0332817$ & $-0.0062564$ & $0.0201355$ & $0.0372649$ & $0.0150474$ & $-0.0164506$ & $1$ & $-0.105872$ & $-0.0554337$ & $0.0855711$ & $0.0561199$ & $-0.0949192$ & $-0.318663$ & $0.0669629$ & $-0.0203301$ & $-0.0280885$ & $0.101001$ & $0.10674$ & $0.118577$ & $-0.0539734$ & $-0.0599002$ & $-0.049274$ & $-0.0101093$ & $0.129242$ & $0.110254$ & $0.0200106$ & $-0.0369917$ & $0.0354981$ & $0.0283097$ & $-0.128297$ & $-0.0467533$ & $0.932631$ & $-0.171759$ & $-0.0672941$ & $-0.0655064$ & $-0.0785492$ & $-0.0112809$ & $-0.0507145$ & $-0.115066$ & $-0.0110907$ & $-0.110861$ & $0.0445475$ & $-0.0324805$ & $0.0430727$ & $-0.101543$ & $-0.000592983$ & $0.0125709$ & $-0.0284362$ & $-0.0483373$ \\
CHWB & $0.00374118$ & $-0.0873403$ & $-0.0225129$ & $0.0113443$ & $0.0095061$ & $-0.117396$ & $-0.105872$ & $1$ & $0.985804$ & $-0.581519$ & $-0.87755$ & $-0.130464$ & $0.355887$ & $0.0757512$ & $0.290948$ & $0.273677$ & $-0.257404$ & $-0.441091$ & $-0.441003$ & $0.84856$ & $0.894368$ & $0.877908$ & $0.0462744$ & $-0.69079$ & $-0.41198$ & $-0.480021$ & $0.440846$ & $0.295472$ & $-0.0318693$ & $0.0843135$ & $0.04788$ & $-0.0893319$ & $0.101438$ & $0.570893$ & $0.0171555$ & $0.0244913$ & $-0.00434438$ & $0.0117327$ & $0.0388377$ & $-0.0220634$ & $0.0197844$ & $0.00892113$ & $-0.0382723$ & $0.000141099$ & $-0.0503564$ & $-0.0108119$ & $-0.0164171$ & $0.00557341$ & $-0.0398753$ \\
CHWHB_gaga & $-0.0018995$ & $-0.0768183$ & $-0.00824383$ & $0.00393261$ & $0.0161136$ & $-0.110739$ & $-0.0554337$ & $0.985804$ & $1$ & $-0.572395$ & $-0.860362$ & $-0.111038$ & $0.350787$ & $0.0647443$ & $0.283248$ & $0.270352$ & $-0.261806$ & $-0.440722$ & $-0.443635$ & $0.831969$ & $0.87741$ & $0.861626$ & $0.0413238$ & $-0.683913$ & $-0.41376$ & $-0.469441$ & $0.434388$ & $0.29615$ & $-0.0260545$ & $0.105471$ & $0.0658611$ & $-0.0478338$ & $0.125736$ & $0.566612$ & $0.0036133$ & $0.00323054$ & $-0.0206523$ & $0.00598664$ & $0.0312932$ & $-0.0224182$ & $0.017653$ & $0.00685764$ & $0.00393374$ & $0.0156325$ & $-0.0487728$ & $-0.00569265$ & $-0.0224712$ & $-0.00353998$ & $-0.0338519$ \\
CHWHB_gagaorth & $-0.0309488$ & $0.0496316$ & $0.00345694$ & $-0.00747339$ & $0.0136141$ & $-0.00636597$ & $0.0855711$ & $-0.581519$ & $-0.572395$ & $1$ & $0.363107$ & $0.486029$ & $-0.240509$ & $0.240603$ & $-0.153073$ & $-0.115339$ & $0.446965$ & $0.511759$ & $0.496574$ & $-0.349185$ & $-0.376896$ & $-0.371932$ & $-0.0471429$ & $0.566819$ & $0.49037$ & $0.212001$ & $-0.243072$ & $-0.134948$ & $0.0268796$ & $-0.083955$ & $-0.0586432$ & $0.0975737$ & $-0.118067$ & $-0.333561$ & $0.0495676$ & $-0.0118028$ & $-0.0232098$ & $0.00138659$ & $-0.0112226$ & $0.0497668$ & $-0.0253841$ & $0.0152207$ & $0.0157002$ & $0.0168688$ & $0.0229178$ & $0.029898$ & $0.0356645$ & $-0.0314346$ & $0.0106693$ \\
CHD & $-0.0087175$ & $0.0580877$ & $0.0426659$ & $-0.0049272$ & $-0.00183665$ & $0.184673$ & $0.0561199$ & $-0.87755$ & $-0.860362$ & $0.363107$ & $1$ & $0.228026$ & $-0.182597$ & $-0.497957$ & $-0.403426$ & $-0.397646$ & $-0.204573$ & $0.0700775$ & $0.0693217$ & $-0.990312$ & $-0.991541$ & $-0.969191$ & $-0.00599467$ & $0.32881$ & $0.0280713$ & $0.545891$ & $-0.310061$ & $-0.324812$ & $0.0519225$ & $-0.0321814$ & $-0.0226077$ & $0.05351$ & $-0.0396938$ & $-0.385761$ & $-0.0275948$ & $-0.0192124$ & $0.00481231$ & $-0.00145688$ & $-0.0245503$ & $0.0173005$ & $-0.0276984$ & $-0.0113392$ & $0.0301737$ & $0.0014048$ & $0.0332205$ & $0.0130033$ & $0.00658043$ & $0.00615404$ & $0.0459522$ \\
CHbox & $-0.041437$ & $0.0231407$ & $0.0426098$ & $0.0102576$ & $0.0246889$ & $0.0377252$ & $-0.0949192$ & $-0.130464$ & $-0.111038$ & $0.486029$ & $0.228026$ & $1$ & $0.394202$ & $-0.252407$ & $-0.0460254$ & $-0.0112123$ & $-0.199951$ & $-0.137709$ & $-0.166253$ & $-0.209391$ & $-0.230169$ & $-0.218175$ & $-0.0318347$ & $-0.0267003$ & $-0.149691$ & $0.143863$ & $-0.0905082$ & $-0.105137$ & $0.0753366$ & $0.337813$ & $0.105752$ & $0.00674615$ & $0.393675$ & $-0.0740281$ & $0.0733665$ & $3.79129e-05$ & $-0.0388496$ & $-0.012291$ & $0.0107279$ & $0.0361519$ & $-0.0471129$ & $-0.0108889$ & $0.00142759$ & $0.0188274$ & $-0.0367218$ & $0.0476846$ & $0.0247796$ & $-0.00381688$ & $0.0217377$ \\
CH & $-0.028955$ & $-0.00375281$ & $0.0267659$ & $-0.0108044$ & $-0.00495441$ & $0.0057059$ & $-0.318663$ & $0.355887$ & $0.350787$ & $-0.240509$ & $-0.182597$ & $0.394202$ & $1$ & $-0.239141$ & $0.0821135$ & $0.0660964$ & $-0.345867$ & $-0.377168$ & $-0.376418$ & $0.177554$ & $0.194549$ & $0.192505$ & $0.0154751$ & $-0.396273$ & $-0.365306$ & $-0.0943238$ & $0.144293$ & $0.0488551$ & $0.0368092$ & $0.27107$ & $0.119661$ & $-0.258431$ & $0.350765$ & $0.216136$ & $0.0228026$ & $0.0386161$ & $-0.0120289$ & $-0.0218662$ & $0.0190429$ & $0.0189237$ & $-0.0246036$ & $-0.0195619$ & $-0.0269512$ & $0.0206143$ & $-0.0465461$ & $0.0457948$ & $-0.0239414$ & $-0.0120417$ & $-0.0091383$ \\
CHL1_11 & $0.00669516$ & $0.00397467$ & $-0.0333434$ & $-0.00681078$ & $0.00523883$ & $0.0118945$ & $0.0669629$ & $0.0757512$ & $0.0647443$ & $0.240603$ & $-0.497957$ & $-0.252407$ & $-0.239141$ & $1$ & $0.239102$ & $0.254401$ & $0.677131$ & $0.611107$ & $0.614178$ & $0.515906$ & $0.460198$ & $0.443414$ & $-0.0634341$ & $0.465859$ & $0.607285$ & $-0.267766$ & $-0.098549$ & $0.155397$ & $-0.0503047$ & $-0.0955225$ & $-0.0311065$ & $0.0418535$ & $-0.100456$ & $-0.193095$ & $0.0257987$ & $0.0100167$ & $0.0137345$ & $-0.000220612$ & $-0.00492703$ & $0.00468604$ & $0.0315759$ & $0.00697043$ & $-0.00411636$ & $-0.012717$ & $0.0204965$ & $-0.00686024$ & $0.0320242$ & $-0.0269283$ & $-0.014088$ \\
CHL1_22 & $0.00222076$ & $0.0224801$ & $0.0211309$ & $-0.0309703$ & $0.0236549$ & $-0.0872656$ & $-0.0203301$ & $0.290948$ & $0.283248$ & $-0.153073$ & $-0.403426$ & $-0.0460254$ & $0.0821135$ & $0.239102$ & $1$ & $0.434409$ & $0.139068$ & $-0.465282$ & $-0.0453173$ & $0.47176$ & $0.32138$ & $0.309987$ & $-0.157541$ & $0.0843497$ & $-0.148338$ & $-0.197529$ & $-0.381957$ & $0.0879305$ & $-0.0285648$ & $0.011627$ & $0.0275388$ & $-0.0221497$ & $0.0304512$ & $-0.592194$ & $-0.0370524$ & $-0.0271402$ & $0.00435709$ & $0.0229929$ & $-0.0334229$ & $-0.00522037$ & $-0.0273$ & $-0.00358858$ & $-0.0538081$ & $0.0390677$ & $-0.0200731$ & $0.0429667$ & $-0.0233845$ & $-0.0322761$ & $-0.00390643$ \\
CHL1_33 & $-0.00103548$ & $-0.0264475$ & $-0.0129137$ & $-0.0322593$ & $0.00795329$ & $-0.103788$ & $-0.0280885$ & $0.273677$ & $0.270352$ & $-0.115339$ & $-0.397646$ & $-0.0112123$ & $0.0660964$ & $0.254401$ & $0.434409$ & $1$ & $0.167456$ & $-0.0214113$ & $-0.421394$ & $0.462297$ & $0.317665$ & $0.338955$ & $-0.177407$ & $0.118016$ & $-0.125799$ & $-0.182695$ & $-0.382641$ & $0.0858656$ & $-0.0307282$ & $0.0265443$ & $0.00323895$ & $-0.0240192$ & $0.0457998$ & $-0.102142$ & $-0.00532455$ & $-0.0406691$ & $-0.0443513$ & $-0.0289055$ & $0.0257601$ & $-0.0027367$ & $0.00262192$ & $-0.0108338$ & $-0.00770466$ & $-0.00882111$ & $-0.0326946$ & $0.000982444$ & $-0.019186$ & $0.0541495$ & $0.00299052$ \\
CHL3_11 & $-0.012008$ & $0.046697$ & $-0.0330719$ & $-0.0119371$ & $0.00326034$ & $-0.265046$ & $0.101001$ & $-0.257404$ & $-0.261806$ & $0.446965$ & $-0.204573$ & $-0.199951$ & $-0.345867$ & $0.677131$ & $0.139068$ & $0.167456$ & $1$ & $0.746592$ & $0.743879$ & $0.228503$ & $0.17304$ & $0.16083$ & $-0.037305$ & $0.683269$ & $0.78557$ & $-0.120897$ & $-0.166156$ & $0.0509498$ & $-0.0374296$ & $-0.0955565$ & $-0.0547284$ & $0.0741838$ & $-0.12462$ & $-0.243051$ & $0.0225132$ & $-0.0201618$ & $-0.0082114$ & $-0.0263407$ & $-0.0280705$ & $0.00913701$ & $0.0178918$ & $0.0136872$ & $0.0235041$ & $0.00262515$ & $0.0374732$ & $-0.0059869$ & $0.00837558$ & $-0.0231425$ & $-0.0263292$ \\
CHL3_22 & $-0.00327941$ & $0.0204519$ & $-0.0381177$ & $0.00834987$ & $-0.0154143$ & $-0.0558931$ & $0.10674$ & $-0.441091$ & $-0.440722$ & $0.511759$ & $0.0700775$ & $-0.137709$ & $-0.377168$ & $0.611107$ & $-0.465282$ & $-0.0214113$ & $0.746592$ & $1$ & $0.685004$ & $-0.0740582$ & $-0.0639797$ & $-0.0639865$ & $0.0228801$ & $0.627237$ & $0.796536$ & $0.0250142$ & $-0.0171335$ & $-0.0139814$ & $-0.0183522$ & $-0.106036$ & $-0.0640885$ & $0.0829637$ & $-0.133104$ & $0.0445027$ & $0.0443795$ & $0.00522333$ & $-0.00660311$ & $-0.0360399$ & $0.0035342$ & $0.0136748$ & $0.0322958$ & $0.00707092$ & $0.0516725$ & $-0.0287804$ & $0.0435727$ & $-0.0299271$ & $0.0341211$ & $0.002754$ & $-0.00593248$ \\
CHL3_33 & $0.00397533$ & $0.0552322$ & $-0.0189022$ & $0.01355$ & $0.00660844$ & $-0.0481532$ & $0.118577$ & $-0.441003$ & $-0.443635$ & $0.496574$ & $0.0693217$ & $-0.166253$ & $-0.376418$ & $0.614178$ & $-0.0453173$ & $-0.421394$ & $0.743879$ & $0.685004$ & $1$ & $-0.0700205$ & $-0.0640621$ & $-0.0665148$ & $0.0355915$ & $0.618777$ & $0.799579$ & $0.0174546$ & $-0.0200054$ & $-0.0140418$ & $-0.0140795$ & $-0.117948$ & $-0.0500104$ & $0.0881977$ & $-0.149448$ & $-0.332522$ & $0.014115$ & $0.0182832$ & $0.028918$ & $0.00251266$ & $-0.0439342$ & $0.00854988$ & $0.00470751$ & $0.0128046$ & $0.0113822$ & $0.00178575$ & $0.0524085$ & $-0.00305091$ & $0.0257721$ & $-0.0614288$ & $-0.0158561$ \\
CHe_11 & $0.00293502$ & $-0.0386237$ & $-0.0325542$ & $0.00190952$ & $0.0134196$ & $-0.187275$ & $-0.0539734$ & $0.84856$ & $0.831969$ & $-0.349185$ & $-0.990312$ & $-0.209391$ & $0.177554$ & $0.515906$ & $0.47176$ & $0.462297$ & $0.228503$ & $-0.0740582$ & $-0.0700205$ & $1$ & $0.972839$ & $0.951314$ & $-0.0201016$ & $-0.274106$ & $-0.0209558$ & $-0.536771$ & $0.235113$ & $0.314676$ & $-0.0522429$ & $0.0344198$ & $0.0233487$ & $-0.0506473$ & $0.0444162$ & $0.304298$ & $0.0266685$ & $0.0159362$ & $-0.0104768$ & $-0.000857365$ & $0.021333$ & $-0.0169048$ & $0.0242421$ & $0.00783474$ & $-0.025789$ & $0.00115298$ & $-0.0326212$ & $-0.00392526$ & $-0.00920707$ & $-0.0042669$ & $-0.0387189$ \\
CHe_22 & $0.0014998$ & $-0.0461069$ & $-0.036739$ & $0.00908511$ & $0.0115201$ & $-0.186015$ & $-0.0599002$ & $0.894368$ & $0.87741$ & $-0.376896$ & $-0.991541$ & $-0.230169$ & $0.194549$ & $0.460198$ & $0.32138$ & $0.317665$ & $0.17304$ & $-0.0639797$ & $-0.0640621$ & $0.972839$ & $1$ & $0.973619$ & $0.031215$ & $-0.382224$ & $-0.0328055$ & $-0.54572$ & $0.387822$ & $0.328894$ & $-0.0502165$ & $0.0367337$ & $0.0232937$ & $-0.0560599$ & $0.0435958$ & $0.46898$ & $0.0313303$ & $0.0214625$ & $-0.00382203$ & $0.00385621$ & $0.0247758$ & $-0.0184642$ & $0.0346434$ & $0.0120495$ & $-0.0235476$ & $-0.00298642$ & $-0.0282266$ & $-0.0144801$ & $-0.00838414$ & $-0.00549824$ & $-0.0435819$ \\
CHe_33 & $0.0117503$ & $-0.050585$ & $-0.0468869$ & $0.0184854$ & $0.016362$ & $-0.183785$ & $-0.049274$ & $0.877908$ & $0.861626$ & $-0.371932$ & $-0.969191$ & $-0.218175$ & $0.192505$ & $0.443414$ & $0.309987$ & $0.338955$ & $0.16083$ & $-0.0639865$ & $-0.0665148$ & $0.951314$ & $0.973619$ & $1$ & $0.0322611$ & $-0.380615$ & $-0.038603$ & $-0.532719$ & $0.379892$ & $0.323226$ & $-0.0500999$ & $0.0371565$ & $0.0205252$ & $-0.0465422$ & $0.040733$ & $0.466833$ & $0.0308309$ & $0.0194099$ & $-0.00517366$ & $0.00222485$ & $0.0219956$ & $-0.0214102$ & $0.0156415$ & $0.0128506$ & $-0.0298074$ & $-0.0141469$ & $-0.0396373$ & $-0.024706$ & $-0.0112174$ & $-0.00332873$ & $-0.0475447$ \\
CHQ1_11 & $-0.0532536$ & $-0.0325904$ & $-0.00423433$ & $0.00930889$ & $0.0064855$ & $-0.032866$ & $-0.0101093$ & $0.0462744$ & $0.0413238$ & $-0.0471429$ & $-0.00599467$ & $-0.0318347$ & $0.0154751$ & $-0.0634341$ & $-0.157541$ & $-0.177407$ & $-0.037305$ & $0.0228801$ & $0.0355915$ & $-0.0201016$ & $0.031215$ & $0.0322611$ & $1$ & $-0.107025$ & $0.104901$ & $-0.675241$ & $0.328768$ & $0.0195599$ & $0.0203751$ & $0.0243119$ & $-0.0101821$ & $0.00273438$ & $0.0107138$ & $0.175108$ & $0.00883058$ & $0.0643833$ & $0.00340206$ & $0.0389527$ & $-0.00109303$ & $0.0235887$ & $0.0682323$ & $0.0301938$ & $-0.000357$ & $-0.0598327$ & $-0.00127551$ & $0.0444382$ & $0.0133735$ & $-0.00210887$ & $0.00704746$ \\
CHQ1_33 & $-0.0300332$ & $0.0594042$ & $0.0267179$ & $-0.0226859$ & $0.00395875$ & $-0.0175445$ & $0.129242$ & $-0.69079$ & $-0.683913$ & $0.566819$ & $0.32881$ & $-0.0267003$ & $-0.396273$ & $0.465859$ & $0.0843497$ & $0.118016$ & $0.683269$ & $0.627237$ & $0.618777$ & $-0.274106$ & $-0.382224$ & $-0.380615$ & $-0.107025$ & $1$ & $0.643862$ & $0.192053$ & $-0.432687$ & $-0.0294884$ & $0.00121508$ & $-0.0949296$ & $-0.0521084$ & $0.101842$ & $-0.125642$ & $-0.620765$ & $0.00848086$ & $-0.0508196$ & $-0.00462976$ & $-0.0103172$ & $-0.0278518$ & $0.0099919$ & $-0.00528196$ & $0.0124391$ & $0.0285854$ & $-0.0111155$ & $0.0383864$ & $0.0276621$ & $0.0143975$ & $-0.00550964$ & $0.0212978$ \\
CHQ3_11 & $-0.0785282$ & $0.047119$ & $-0.0181741$ & $-0.0044648$ & $-0.000344243$ & $-0.0968822$ & $0.110254$ & $-0.41198$ & $-0.41376$ & $0.49037$ & $0.0280713$ & $-0.149691$ & $-0.365306$ & $0.607285$ & $-0.148338$ & $-0.125799$ & $0.78557$ & $0.796536$ & $0.799579$ & $-0.0209558$ & $-0.0328055$ & $-0.038603$ & $0.104901$ & $0.643862$ & $1$ & $0.00804836$ & $0.194379$ & $0.00132007$ & $-0.0120785$ & $-0.104211$ & $-0.0463596$ & $0.0816095$ & $-0.138806$ & $-0.191625$ & $0.032912$ & $-0.000494825$ & $-0.00153859$ & $-0.0141925$ & $-0.0159433$ & $0.0208867$ & $0.0458623$ & $0.0285476$ & $0.0300374$ & $0.0130578$ & $0.0473216$ & $0.00577496$ & $0.0399219$ & $-0.0332849$ & $-0.0255438$ \\
CHu_11 & $0.0131199$ & $0.0382331$ & $0.0319947$ & $0.00413066$ & $-0.0122058$ & $0.114513$ & $0.0200106$ & $-0.480021$ & $-0.469441$ & $0.212001$ & $0.545891$ & $0.143863$ & $-0.0943238$ & $-0.267766$ & $-0.197529$ & $-0.182695$ & $-0.120897$ & $0.0250142$ & $0.0174546$ & $-0.536771$ & $-0.54572$ & $-0.532719$ & $-0.675241$ & $0.192053$ & $0.00804836$ & $1$ & $-0.158132$ & $-0.171693$ & $0.0200527$ & $-0.0249534$ & $0.00188975$ & $0.00980555$ & $-0.0237994$ & $-0.234388$ & $-0.0129258$ & $-0.0426004$ & $-0.0133783$ & $-0.0225731$ & $0.000658324$ & $0.00697029$ & $-0.0504047$ & $-0.00732353$ & $0.0218216$ & $0.0470629$ & $0.0118265$ & $-0.0343842$ & $0.00324141$ & $0.0165888$ & $0.0217776$ \\
CHd_11 & $-0.0130088$ & $-0.0320835$ & $-0.0113753$ & $0.0448274$ & $0.00368172$ & $-0.0732967$ & $-0.0369917$ & $0.440846$ & $0.434388$ & $-0.243072$ & $-0.310061$ & $-0.0905082$ & $0.144293$ & $-0.098549$ & $-0.381957$ & $-0.382641$ & $-0.166156$ & $-0.0171335$ & $-0.0200054$ & $0.235113$ & $0.387822$ & $0.379892$ & $0.328768$ & $-0.432687$ & $0.194379$ & $-0.158132$ & $1$ & $0.14506$ & $0.00956319$ & $0.0426774$ & $0.0225533$ & $-0.0336918$ & $0.0213779$ & $0.685597$ & $0.0364225$ & $0.0361917$ & $0.0132093$ & $0.0149601$ & $0.0258017$ & $-0.00806802$ & $0.0539919$ & $0.0447488$ & $-0.001217$ & $-0.00388402$ & $-0.00413093$ & $-0.0369061$ & $0.0201736$ & $-0.00820472$ & $-0.0328479$ \\
CHd_33 & $0.0147604$ & $-0.0456139$ & $0.000416099$ & $0.0160063$ & $0.0274047$ & $-0.0479949$ & $0.0354981$ & $0.295472$ & $0.29615$ & $-0.134948$ & $-0.324812$ & $-0.105137$ & $0.0488551$ & $0.155397$ & $0.0879305$ & $0.0858656$ & $0.0509498$ & $-0.0139814$ & $-0.0140418$ & $0.314676$ & $0.328894$ & $0.323226$ & $0.0195599$ & $-0.0294884$ & $0.00132007$ & $-0.171693$ & $0.14506$ & $1$ & $-0.00255136$ & $0.00939922$ & $0.00887441$ & $0.0328277$ & $-0.000839131$ & $0.166473$ & $0.0277399$ & $-0.00885915$ & $0.03234$ & $0.00796892$ & $0.0276665$ & $-0.0325434$ & $0.0215072$ & $0.0170945$ & $-0.00643643$ & $-0.0549137$ & $-0.0140017$ & $-0.0204346$ & $0.0254262$ & $-0.000278123$ & $-0.013204$ \\
CeH_22r & $-0.0306003$ & $8.19071e-05$ & $-0.0337125$ & $0.0287018$ & $-0.00081859$ & $0.0183541$ & $0.0283097$ & $-0.0318693$ & $-0.0260545$ & $0.0268796$ & $0.0519225$ & $0.0753366$ & $0.0368092$ & $-0.0503047$ & $-0.0285648$ & $-0.0307282$ & $-0.0374296$ & $-0.0183522$ & $-0.0140795$ & $-0.0522429$ & $-0.0502165$ & $-0.0500999$ & $0.0203751$ & $0.00121508$ & $-0.0120785$ & $0.0200527$ & $0.00956319$ & $-0.00255136$ & $1$ & $0.0408641$ & $0.014127$ & $0.0211027$ & $0.0446866$ & $-0.00494411$ & $-0.00746596$ & $-0.00509469$ & $-0.0280311$ & $0.00059096$ & $-0.0126989$ & $0.0261891$ & $0.00570523$ & $0.00104818$ & $0.0462044$ & $0.0114531$ & $-0.0236003$ & $-0.0105241$ & $0.0189067$ & $-0.0254409$ & $-0.0230473$ \\
CeH_33r & $-0.040971$ & $0.0631662$ & $0.0265774$ & $-0.0240107$ & $0.0210007$ & $-0.0149156$ & $-0.128297$ & $0.0843135$ & $0.105471$ & $-0.083955$ & $-0.0321814$ & $0.337813$ & $0.27107$ & $-0.0955225$ & $0.011627$ & $0.0265443$ & $-0.0955565$ & $-0.106036$ & $-0.117948$ & $0.0344198$ & $0.0367337$ & $0.0371565$ & $0.0243119$ & $-0.0949296$ & $-0.104211$ & $-0.0249534$ & $0.0426774$ & $0.00939922$ & $0.0408641$ & $1$ & $0.293052$ & $0.0292304$ & $0.688828$ & $0.0641314$ & $-0.0111362$ & $-0.0253438$ & $-0.0927615$ & $-0.0404423$ & $-0.0312364$ & $-0.00603598$ & $0.0181184$ & $-0.0257238$ & $0.0353588$ & $0.00889492$ & $-0.000239971$ & $0.0489851$ & $-0.00356618$ & $0.0133188$ & $-0.0106229$ \\
CuH_22r & $-0.00943691$ & $-0.0166819$ & $0.0439349$ & $0.0083344$ & $0.0510558$ & $0.0159424$ & $-0.0467533$ & $0.04788$ & $0.0658611$ & $-0.0586432$ & $-0.0226077$ & $0.105752$ & $0.119661$ & $-0.0311065$ & $0.0275388$ & $0.00323895$ & $-0.0547284$ & $-0.0640885$ & $-0.0500104$ & $0.0233487$ & $0.0232937$ & $0.0205252$ & $-0.0101821$ & $-0.0521084$ & $-0.0463596$ & $0.00188975$ & $0.0225533$ & $0.00887441$ & $0.014127$ & $0.293052$ & $1$ & $0.0494871$ & $0.402322$ & $0.0113401$ & $0.0392158$ & $0.00473748$ & $-0.0967399$ & $-0.0287087$ & $0.00105673$ & $0.00356886$ & $0.0134794$ & $-0.0259757$ & $0.0702662$ & $0.0243779$ & $0.0106693$ & $0.0654585$ & $0.229151$ & $0.0193914$ & $0.0695611$ \\
CuH_33r & $0.0210584$ & $-0.00332872$ & $0.0252826$ & $0.0593934$ & $0.0223277$ & $-0.0224748$ & $0.932631$ & $-0.0893319$ & $-0.0478338$ & $0.0975737$ & $0.05351$ & $0.00674615$ & $-0.258431$ & $0.0418535$ & $-0.0221497$ & $-0.0240192$ & $0.0741838$ & $0.0829637$ & $0.0881977$ & $-0.0506473$ & $-0.0560599$ & $-0.0465422$ & $0.00273438$ & $0.101842$ & $0.0816095$ & $0.00980555$ & $-0.0336918$ & $0.0328277$ & $0.0211027$ & $0.0292304$ & $0.0494871$ & $1$ & $0.0311669$ & $-0.051944$ & $0.00907068$ & $-0.0553474$ & $-0.0348753$ & $-0.0549258$ & $-0.101716$ & $-0.00144227$ & $-0.114609$ & $0.0265657$ & $-0.00509751$ & $0.0256636$ & $-0.104912$ & $0.00799836$ & $0.042312$ & $-0.0245483$ & $-0.0337314$ \\
CdH_33r & $-0.0177252$ & $0.0895745$ & $0.143137$ & $-0.0239103$ & $0.00981434$ & $-0.0129067$ & $-0.171759$ & $0.101438$ & $0.125736$ & $-0.118067$ & $-0.0396938$ & $0.393675$ & $0.350765$ & $-0.100456$ & $0.0304512$ & $0.0457998$ & $-0.12462$ & $-0.133104$ & $-0.149448$ & $0.0444162$ & $0.0435958$ & $0.040733$ & $0.0107138$ & $-0.125642$ & $-0.138806$ & $-0.0237994$ & $0.0213779$ & $-0.000839131$ & $0.0446866$ & $0.688828$ & $0.402322$ & $0.0311669$ & $1$ & $0.0599956$ & $-0.00573293$ & $-0.0330532$ & $-0.165253$ & $-0.0237644$ & $0.0594971$ & $0.0035054$ & $-0.00469288$ & $-0.0363366$ & $0.0976204$ & $-0.0283963$ & $-0.0532798$ & $0.0297906$ & $0.039501$ & $0.120813$ & $0.310173$ \\
CLL_1221 & $-0.00498755$ & $-0.0512147$ & $-0.030937$ & $0.0332807$ & $-0.0143125$ & $-0.109888$ & $-0.0672941$ & $0.570893$ & $0.566612$ & $-0.333561$ & $-0.385761$ & $-0.0740281$ & $0.216136$ & $-0.193095$ & $-0.592194$ & $-0.102142$ & $-0.243051$ & $0.0445027$ & $-0.332522$ & $0.304298$ & $0.46898$ & $0.466833$ & $0.175108$ & $-0.620765$ & $-0.191625$ & $-0.234388$ & $0.685597$ & $0.166473$ & $-0.00494411$ & $0.0641314$ & $0.0113401$ & $-0.051944$ & $0.0599956$ & $1$ & $0.0449695$ & $0.0262611$ & $-0.0101398$ & $-0.0146931$ & $0.0506612$ & $-0.0165827$ & $0.0413419$ & $0.0121212$ & $0.0226632$ & $-0.0277429$ & $-0.0154578$ & $-0.0466452$ & $-0.00906192$ & $0.0386513$ & $-0.0281864$ \\
eHggint & $-0.0823405$ & $0.00482886$ & $0.129685$ & $0.259167$ & $0.0272056$ & $0.00637609$ & $-0.0655064$ & $0.0171555$ & $0.0036133$ & $0.0495676$ & $-0.0275948$ & $0.0733665$ & $0.0228026$ & $0.0257987$ & $-0.0370524$ & $-0.00532455$ & $0.0225132$ & $0.0443795$ & $0.014115$ & $0.0266685$ & $0.0313303$ & $0.0308309$ & $0.00883058$ & $0.00848086$ & $0.032912$ & $-0.0129258$ & $0.0364225$ & $0.0277399$ & $-0.00746596$ & $-0.0111362$ & $0.0392158$ & $0.00907068$ & $-0.00573293$ & $0.0449695$ & $1$ & $-0.103553$ & $-0.0435582$ & $0.0599968$ & $0.25298$ & $0.0477511$ & $0.0828553$ & $-0.0734286$ & $0.211911$ & $-0.171959$ & $0.0605229$ & $-0.136554$ & $0.327428$ & $0.0328144$ & $0.10366$ \\
eHggpar & $0.0810887$ & $-0.130897$ & $-0.182242$ & $0.153727$ & $0.00344538$ & $0.0260998$ & $-0.0785492$ & $0.0244913$ & $0.00323054$ & $-0.0118028$ & $-0.0192124$ & $3.79129e-05$ & $0.0386161$ & $0.0100167$ & $-0.0271402$ & $-0.0406691$ & $-0.0201618$ & $0.00522333$ & $0.0182832$ & $0.0159362$ & $0.0214625$ & $0.0194099$ & $0.0643833$ & $-0.0508196$ & $-0.000494825$ & $-0.0426004$ & $0.0361917$ & $-0.00885915$ & $-0.00509469$ & $-0.0253438$ & $0.00473748$ & $-0.0553474$ & $-0.0330532$ & $0.0262611$ & $-0.103553$ & $1$ & $0.113803$ & $-0.0812531$ & $-0.00334817$ & $-0.0341622$ & $-0.0796368$ & $-0.0227466$ & $-0.2308$ & $-0.141249$ & $-0.0073332$ & $0.189966$ & $0.101374$ & $-0.100665$ & $0.0437974$ \\
eHWWint & $0.176931$ & $0.0183733$ & $-0.00645064$ & $0.15661$ & $-0.0417118$ & $0.00824765$ & $-0.0112809$ & $-0.00434438$ & $-0.0206523$ & $-0.0232098$ & $0.00481231$ & $-0.0388496$ & $-0.0120289$ & $0.0137345$ & $0.00435709$ & $-0.0443513$ & $-0.0082114$ & $-0.00660311$ & $0.028918$ & $-0.0104768$ & $-0.00382203$ & $-0.00517366$ & $0.00340206$ & $-0.00462976$ & $-0.00153859$ & $-0.0133783$ & $0.0132093$ & $0.03234$ & $-0.0280311$ & $-0.0927615$ & $-0.0967399$ & $-0.0348753$ & $-0.165253$ & $-0.0101398$ & $-0.0435582$ & $0.113803$ & $1$ & $0.00410114$ & $0.114116$ & $0.00172038$ & $-0.0120083$ & $-0.00255861$ & $-0.249515$ & $0.00839904$ & $0.165257$ & $-0.212805$ & $-0.133155$ & $-0.204926$ & $-0.0762994$ \\
eHWWpar & $-0.0257498$ & $0.0288564$ & $-0.0113366$ & $-0.0346391$ & $0.0461384$ & $7.12923e-05$ & $-0.0507145$ & $0.0117327$ & $0.00598664$ & $0.00138659$ & $-0.00145688$ & $-0.012291$ & $-0.0218662$ & $-0.000220612$ & $0.0229929$ & $-0.0289055$ & $-0.0263407$ & $-0.0360399$ & $0.00251266$ & $-0.000857365$ & $0.00385621$ & $0.00222485$ & $0.0389527$ & $-0.0103172$ & $-0.0141925$ & $-0.0225731$ & $0.0149601$ & $0.00796892$ & $0.00059096$ & $-0.0404423$ & $-0.0287087$ & $-0.0549258$ & $-0.0237644$ & $-0.0146931$ & $0.0599968$ & $-0.0812531$ & $0.00410114$ & $1$ & $0.0575958$ & $-0.0373319$ & $0.0574081$ & $-0.00732703$ & $0.0454082$ & $-0.0546202$ & $-0.028068$ & $-0.00265903$ & $-0.0572694$ & $-0.0337082$ & $0.0898696$ \\
eHZZint & $-0.0670817$ & $-0.198378$ & $0.0366852$ & $-0.0924275$ & $0.0228054$ & $0.0163673$ & $-0.115066$ & $0.0388377$ & $0.0312932$ & $-0.0112226$ & $-0.0245503$ & $0.0107279$ & $0.0190429$ & $-0.00492703$ & $-0.0334229$ & $0.0257601$ & $-0.0280705$ & $0.0035342$ & $-0.0439342$ & $0.021333$ & $0.0247758$ & $0.0219956$ & $-0.00109303$ & $-0.0278518$ & $-0.0159433$ & $0.000658324$ & $0.0258017$ & $0.0276665$ & $-0.0126989$ & $-0.0312364$ & $0.00105673$ & $-0.101716$ & $0.0594971$ & $0.0506612$ & $0.25298$ & $-0.00334817$ & $0.114116$ & $0.0575958$ & $1$ & $-0.00894993$ & $0.0129989$ & $0.038787$ & $0.0360982$ & $-0.231926$ & $-0.00628117$ & $-0.244477$ & $-0.00673978$ & $0.0682372$ & $0.275183$ \\
eHZZpar & $-0.0858318$ & $-0.0372864$ & $0.0295208$ & $-0.0603476$ & $0.0168632$ & $-0.00839277$ & $-0.0110907$ & $-0.0220634$ & $-0.0224182$ & $0.0497668$ & $0.0173005$ & $0.0361519$ & $0.0189237$ & $0.00468604$ & $-0.00522037$ & $-0.0027367$ & $0.00913701$ & $0.0136748$ & $0.00854988$ & $-0.0169048$ & $-0.0184642$ & $-0.0214102$ & $0.0235887$ & $0.0099919$ & $0.0208867$ & $0.00697029$ & $-0.00806802$ & $-0.0325434$ & $0.0261891$ & $-0.00603598$ & $0.00356886$ & $-0.00144227$ & $0.0035054$ & $-0.0165827$ & $0.0477511$ & $-0.0341622$ & $0.00172038$ & $-0.0373319$ & $-0.00894993$ & $1$ & $-0.0150758$ & $0.0122551$ & $0.0642611$ & $0.0461665$ & $-0.0332121$ & $0.0551405$ & $0.0137663$ & $-0.0342548$ & $-0.0186314$ \\
eHZgaint & $-0.101677$ & $0.0710754$ & $-0.024649$ & $0.00915205$ & $0.0363069$ & $0.0176743$ & $-0.110861$ & $0.0197844$ & $0.017653$ & $-0.0253841$ & $-0.0276984$ & $-0.0471129$ & $-0.0246036$ & $0.0315759$ & $-0.0273$ & $0.00262192$ & $0.0178918$ & $0.0322958$ & $0.00470751$ & $0.0242421$ & $0.0346434$ & $0.0156415$ & $0.0682323$ & $-0.00528196$ & $0.0458623$ & $-0.0504047$ & $0.0539919$ & $0.0215072$ & $0.00570523$ & $0.0181184$ & $0.0134794$ & $-0.114609$ & $-0.00469288$ & $0.0413419$ & $0.0828553$ & $-0.0796368$ & $-0.0120083$ & $0.0574081$ & $0.0129989$ & $-0.0150758$ & $1$ & $-0.0147141$ & $0.0149792$ & $-0.0967883$ & $0.23387$ & $-0.0527563$ & $0.00591839$ & $-0.00315911$ & $0.0585046$ \\
eHZgapar & $-0.0334067$ & $-0.0335202$ & $0.0590777$ & $-0.0495763$ & $0.0198958$ & $-0.026144$ & $0.0445475$ & $0.00892113$ & $0.00685764$ & $0.0152207$ & $-0.0113392$ & $-0.0108889$ & $-0.0195619$ & $0.00697043$ & $-0.00358858$ & $-0.0108338$ & $0.0136872$ & $0.00707092$ & $0.0128046$ & $0.00783474$ & $0.0120495$ & $0.0128506$ & $0.0301938$ & $0.0124391$ & $0.0285476$ & $-0.00732353$ & $0.0447488$ & $0.0170945$ & $0.00104818$ & $-0.0257238$ & $-0.0259757$ & $0.0265657$ & $-0.0363366$ & $0.0121212$ & $-0.0734286$ & $-0.0227466$ & $-0.00255861$ & $-0.00732703$ & $0.038787$ & $0.0122551$ & $-0.0147141$ & $1$ & $-0.0651338$ & $-0.0014947$ & $-0.0591671$ & $-0.00977569$ & $0.0838601$ & $0.0169779$ & $-0.0259495$ \\
eHgagaint & $-0.0876808$ & $0.147177$ & $0.108199$ & $-0.0823301$ & $0.0524462$ & $-0.00108793$ & $-0.0324805$ & $-0.0382723$ & $0.00393374$ & $0.0157002$ & $0.0301737$ & $0.00142759$ & $-0.0269512$ & $-0.00411636$ & $-0.0538081$ & $-0.00770466$ & $0.0235041$ & $0.0516725$ & $0.0113822$ & $-0.025789$ & $-0.0235476$ & $-0.0298074$ & $-0.000357$ & $0.0285854$ & $0.0300374$ & $0.0218216$ & $-0.001217$ & $-0.00643643$ & $0.0462044$ & $0.0353588$ & $0.0702662$ & $-0.00509751$ & $0.0976204$ & $0.0226632$ & $0.211911$ & $-0.2308$ & $-0.249515$ & $0.0454082$ & $0.0360982$ & $0.0642611$ & $0.0149792$ & $-0.0651338$ & $1$ & $0.0996876$ & $0.140108$ & $-0.0345019$ & $0.0751091$ & $-0.101265$ & $0.193457$ \\
eHmumuint & $-0.145418$ & $0.0212529$ & $-0.0765598$ & $-0.0840275$ & $-0.0120834$ & $-0.0126841$ & $0.0430727$ & $0.000141099$ & $0.0156325$ & $0.0168688$ & $0.0014048$ & $0.0188274$ & $0.0206143$ & $-0.012717$ & $0.0390677$ & $-0.00882111$ & $0.00262515$ & $-0.0287804$ & $0.00178575$ & $0.00115298$ & $-0.00298642$ & $-0.0141469$ & $-0.0598327$ & $-0.0111155$ & $0.0130578$ & $0.0470629$ & $-0.00388402$ & $-0.0549137$ & $0.0114531$ & $0.00889492$ & $0.0243779$ & $0.0256636$ & $-0.0283963$ & $-0.0277429$ & $-0.171959$ & $-0.141249$ & $0.00839904$ & $-0.0546202$ & $-0.231926$ & $0.0461665$ & $-0.0967883$ & $-0.0014947$ & $0.0996876$ & $1$ & $-0.0334174$ & $0.0621587$ & $0.0156896$ & $-0.174762$ & $-0.0691871$ \\
eHtautauint & $-0.000515866$ & $0.178837$ & $0.0885152$ & $0.0727632$ & $0.0478401$ & $-0.0105907$ & $-0.101543$ & $-0.0503564$ & $-0.0487728$ & $0.0229178$ & $0.0332205$ & $-0.0367218$ & $-0.0465461$ & $0.0204965$ & $-0.0200731$ & $-0.0326946$ & $0.0374732$ & $0.0435727$ & $0.0524085$ & $-0.0326212$ & $-0.0282266$ & $-0.0396373$ & $-0.00127551$ & $0.0383864$ & $0.0473216$ & $0.0118265$ & $-0.00413093$ & $-0.0140017$ & $-0.0236003$ & $-0.000239971$ & $0.0106693$ & $-0.104912$ & $-0.0532798$ & $-0.0154578$ & $0.0605229$ & $-0.0073332$ & $0.165257$ & $-0.028068$ & $-0.00628117$ & $-0.0332121$ & $0.23387$ & $-0.0591671$ & $0.140108$ & $-0.0334174$ & $1$ & $-0.0836942$ & $-0.0187865$ & $-0.21872$ & $0.0431848$ \\
eHccint & $-0.401442$ & $0.0549129$ & $0.12223$ & $-0.408309$ & $0.0104501$ & $0.0104819$ & $-0.000592983$ & $-0.0108119$ & $-0.00569265$ & $0.029898$ & $0.0130033$ & $0.0476846$ & $0.0457948$ & $-0.00686024$ & $0.0429667$ & $0.000982444$ & $-0.0059869$ & $-0.0299271$ & $-0.00305091$ & $-0.00392526$ & $-0.0144801$ & $-0.024706$ & $0.0444382$ & $0.0276621$ & $0.00577496$ & $-0.0343842$ & $-0.0369061$ & $-0.0204346$ & $-0.0105241$ & $0.0489851$ & $0.0654585$ & $0.00799836$ & $0.0297906$ & $-0.0466452$ & $-0.136554$ & $0.189966$ & $-0.212805$ & $-0.00265903$ & $-0.244477$ & $0.0551405$ & $-0.0527563$ & $-0.00977569$ & $-0.0345019$ & $0.0621587$ & $-0.0836942$ & $1$ & $-0.0719705$ & $-0.0951592$ & $-0.0534382$ \\
eHccpar & $0.0598033$ & $-0.131282$ & $-0.0499456$ & $0.144418$ & $0.0840456$ & $0.0671462$ & $0.0125709$ & $-0.0164171$ & $-0.0224712$ & $0.0356645$ & $0.00658043$ & $0.0247796$ & $-0.0239414$ & $0.0320242$ & $-0.0233845$ & $-0.019186$ & $0.00837558$ & $0.0341211$ & $0.0257721$ & $-0.00920707$ & $-0.00838414$ & $-0.0112174$ & $0.0133735$ & $0.0143975$ & $0.0399219$ & $0.00324141$ & $0.0201736$ & $0.0254262$ & $0.0189067$ & $-0.00356618$ & $0.229151$ & $0.042312$ & $0.039501$ & $-0.00906192$ & $0.327428$ & $0.101374$ & $-0.133155$ & $-0.0572694$ & $-0.00673978$ & $0.0137663$ & $0.00591839$ & $0.0838601$ & $0.0751091$ & $0.0156896$ & $-0.0187865$ & $-0.0719705$ & $1$ & $0.109197$ & $0.133468$ \\
eHbbint & $-0.0368716$ & $0.0895867$ & $-0.00609386$ & $0.0384155$ & $-0.0293221$ & $-0.0134649$ & $-0.0284362$ & $0.00557341$ & $-0.00353998$ & $-0.0314346$ & $0.00615404$ & $-0.00381688$ & $-0.0120417$ & $-0.0269283$ & $-0.0322761$ & $0.0541495$ & $-0.0231425$ & $0.002754$ & $-0.0614288$ & $-0.0042669$ & $-0.00549824$ & $-0.00332873$ & $-0.00210887$ & $-0.00550964$ & $-0.0332849$ & $0.0165888$ & $-0.00820472$ & $-0.000278123$ & $-0.0254409$ & $0.0133188$ & $0.0193914$ & $-0.0245483$ & $0.120813$ & $0.0386513$ & $0.0328144$ & $-0.100665$ & $-0.204926$ & $-0.0337082$ & $0.0682372$ & $-0.0342548$ & $-0.00315911$ & $0.0169779$ & $-0.101265$ & $-0.174762$ & $-0.21872$ & $-0.0951592$ & $0.109197$ & $1$ & $-0.00736298$ \\
eHbbpar & $0.0925749$ & $0.202302$ & $0.330619$ & $0.0813974$ & $0.0329577$ & $0.0156405$ & $-0.0483373$ & $-0.0398753$ & $-0.0338519$ & $0.0106693$ & $0.0459522$ & $0.0217377$ & $-0.0091383$ & $-0.014088$ & $-0.00390643$ & $0.00299052$ & $-0.0263292$ & $-0.00593248$ & $-0.0158561$ & $-0.0387189$ & $-0.0435819$ & $-0.0475447$ & $0.00704746$ & $0.0212978$ & $-0.0255438$ & $0.0217776$ & $-0.0328479$ & $-0.013204$ & $-0.0230473$ & $-0.0106229$ & $0.0695611$ & $-0.0337314$ & $0.310173$ & $-0.0281864$ & $0.10366$ & $0.0437974$ & $-0.0762994$ & $0.0898696$ & $0.275183$ & $-0.0186314$ & $0.0585046$ & $-0.0259495$ & $0.193457$ & $-0.0691871$ & $0.0431848$ & $-0.0534382$ & $0.133468$ & $-0.00736298$ & $1$ \\
