 & AlsMz & dAle5Mz & mtop & mHl & Mz & CW & CHG & CHWB & CHWHB_gaga & CHWHB_gagaorth & CHD & CHbox & CH & CHL1_11 & CHL1_22 & CHL1_33 & CHL3_11 & CHL3_22 & CHL3_33 & CHe_11 & CHe_22 & CHe_33 & CHQ1_11 & CHQ1_33 & CHQ3_11 & CHu_11 & CHd_11 & CHd_33 & CeH_22r & CeH_33r & CuH_22r & CuH_33r & CdH_33r & CLL_1221 & eHggint & eHggpar & eHWWint & eHWWpar & eHZZint & eHZZpar & eHZgaint & eHZgapar & eHgagaint & eHmumuint & eHtautauint & eHccint & eHccpar & eHbbint & eHbbpar \\
AlsMz & $1$ & $-0.560346$ & $-0.14533$ & $0.128029$ & $0.0940547$ & $-0.187152$ & $0.0407651$ & $-0.0878305$ & $-0.070142$ & $0.285686$ & $-0.0455875$ & $0.0100592$ & $-0.17757$ & $0.228405$ & $0.300996$ & $0.331953$ & $0.293193$ & $0.0947342$ & $0.113844$ & $0.0147677$ & $-0.137326$ & $-0.0903807$ & $0.0947352$ & $0.359196$ & $0.112914$ & $0.218426$ & $-0.205612$ & $0.201473$ & $0.127657$ & $-0.0134935$ & $-0.179976$ & $0.0355046$ & $-0.166966$ & $-0.296363$ & $-0.235762$ & $0.362768$ & $-0.52018$ & $-0.644242$ & $0.20046$ & $0.284608$ & $0.124148$ & $-0.496838$ & $0.532106$ & $-0.300838$ & $-0.365855$ & $0.202288$ & $-0.419773$ & $-0.415699$ & $-0.275745$ \\
dAle5Mz & $-0.560346$ & $1$ & $-0.440746$ & $0.143687$ & $-0.194817$ & $0.461675$ & $0.565054$ & $-0.276561$ & $-0.268866$ & $0.0123958$ & $0.303425$ & $-0.525344$ & $-0.546859$ & $0.0768023$ & $-0.4956$ & $-0.33974$ & $0.0319968$ & $0.364919$ & $0.244138$ & $-0.291755$ & $-0.0834504$ & $-0.0423705$ & $-0.176778$ & $-0.185443$ & $0.286629$ & $-0.164915$ & $0.150533$ & $-0.528829$ & $-0.214135$ & $-0.438035$ & $-0.274863$ & $0.560729$ & $-0.424947$ & $0.285137$ & $0.13463$ & $-0.265085$ & $0.516563$ & $0.0390758$ & $0.342039$ & $-0.409519$ & $-0.142386$ & $0.568439$ & $-0.0233736$ & $-0.186872$ & $0.101628$ & $-0.167404$ & $-0.112859$ & $0.0317284$ & $-0.233688$ \\
mtop & $-0.14533$ & $-0.440746$ & $1$ & $-0.439239$ & $-0.153249$ & $-0.1406$ & $-0.617313$ & $0.128154$ & $0.105975$ & $-0.201416$ & $-0.0566843$ & $0.343166$ & $0.597441$ & $-0.202882$ & $0.287259$ & $0.1963$ & $-0.184803$ & $-0.398044$ & $-0.343498$ & $0.0623398$ & $-0.0247475$ & $-0.11584$ & $0.245917$ & $-0.0522329$ & $-0.361344$ & $-0.222878$ & $-0.263521$ & $0.216831$ & $0.135717$ & $0.387658$ & $0.272434$ & $-0.644599$ & $0.458528$ & $-0.226266$ & $-0.00485982$ & $-0.310033$ & $-0.089358$ & $0.424594$ & $-0.520772$ & $0.055921$ & $-0.239822$ & $-0.10522$ & $-0.416108$ & $0.473988$ & $-0.0965955$ & $-0.0288987$ & $0.268172$ & $0.627681$ & $0.208683$ \\
mHl & $0.128029$ & $0.143687$ & $-0.439239$ & $1$ & $0.178095$ & $-0.13948$ & $0.218996$ & $0.240586$ & $0.253924$ & $0.0276546$ & $-0.269035$ & $-0.0338012$ & $-0.153925$ & $0.0235435$ & $-0.124629$ & $-0.237707$ & $-0.054243$ & $0.0594156$ & $0.0803694$ & $0.253436$ & $0.267158$ & $0.401964$ & $-0.279092$ & $-0.110959$ & $0.0315445$ & $0.435268$ & $0.407584$ & $0.223291$ & $0.0625925$ & $-0.144332$ & $-0.120706$ & $0.205554$ & $0.00455076$ & $0.323363$ & $-0.308726$ & $-0.251376$ & $-0.179772$ & $-0.0268545$ & $0.220231$ & $-0.295603$ & $0.239418$ & $-0.261202$ & $0.071757$ & $-0.0528764$ & $0.122506$ & $-0.219586$ & $-0.189402$ & $-0.493971$ & $0.476203$ \\
Mz & $0.0940547$ & $-0.194817$ & $-0.153249$ & $0.178095$ & $1$ & $-0.26044$ & $0.039736$ & $0.135898$ & $0.143696$ & $0.112074$ & $-0.15053$ & $0.15086$ & $0.0349284$ & $0.0349956$ & $0.0370077$ & $-0.0416346$ & $0.0710221$ & $0.0394498$ & $0.118323$ & $0.188237$ & $0.15993$ & $0.131673$ & $-0.172693$ & $0.072277$ & $0.0353954$ & $0.296103$ & $0.102874$ & $0.301072$ & $0.092483$ & $0.00547059$ & $0.00594567$ & $0.0259678$ & $-0.00130962$ & $0.0823449$ & $-0.159851$ & $0.0442267$ & $-0.0798879$ & $-0.101908$ & $0.188057$ & $0.0748348$ & $0.247311$ & $-0.154221$ & $0.121356$ & $0.122114$ & $0.356096$ & $0.318907$ & $0.0165257$ & $-0.343296$ & $0.155352$ \\
CW & $-0.187152$ & $0.461675$ & $-0.1406$ & $-0.13948$ & $-0.26044$ & $1$ & $0.186672$ & $-0.304538$ & $-0.30687$ & $0.0391364$ & $0.323116$ & $-0.240704$ & $-0.23501$ & $0.193453$ & $-0.183998$ & $-0.0219179$ & $-0.0481035$ & $0.184076$ & $0.0831633$ & $-0.299104$ & $-0.265473$ & $-0.194023$ & $0.156057$ & $0.036598$ & $0.138572$ & $-0.308844$ & $-0.104054$ & $-0.394464$ & $-0.147081$ & $-0.12969$ & $-0.0992622$ & $0.208531$ & $-0.196254$ & $-0.087883$ & $0.327719$ & $-0.0244409$ & $0.138545$ & $0.000964073$ & $-0.0124867$ & $-0.0930596$ & $-0.212808$ & $0.332936$ & $-0.0792776$ & $-0.241369$ & $-0.301102$ & $-0.336704$ & $-0.0232676$ & $0.252038$ & $-0.337091$ \\
CHG & $0.0407651$ & $0.565054$ & $-0.617313$ & $0.218996$ & $0.039736$ & $0.186672$ & $1$ & $-0.192063$ & $-0.157844$ & $0.171718$ & $0.108753$ & $-0.757356$ & $-0.864037$ & $0.281568$ & $-0.378189$ & $-0.256993$ & $0.251188$ & $0.479583$ & $0.400507$ & $-0.170677$ & $-0.0144788$ & $0.030414$ & $-0.288022$ & $-0.000428533$ & $0.422911$ & $0.137114$ & $0.199273$ & $-0.316586$ & $-0.184488$ & $-0.646344$ & $-0.475809$ & $0.961764$ & $-0.738009$ & $0.259012$ & $-0.259724$ & $0.104264$ & $0.379079$ & $-0.442714$ & $0.66002$ & $-0.17357$ & $0.0628739$ & $0.246845$ & $0.413769$ & $-0.355476$ & $0.116864$ & $0.27485$ & $-0.467623$ & $-0.500869$ & $-0.324466$ \\
CHWB & $-0.0878305$ & $-0.276561$ & $0.128154$ & $0.240586$ & $0.135898$ & $-0.304538$ & $-0.192063$ & $1$ & $0.995004$ & $-0.566676$ & $-0.911849$ & $0.20694$ & $0.326289$ & $-0.372453$ & $-0.0185034$ & $-0.247772$ & $-0.660282$ & $-0.564459$ & $-0.488795$ & $0.883657$ & $0.72777$ & $0.708308$ & $-0.157126$ & $-0.601746$ & $-0.59532$ & $0.138076$ & $0.589399$ & $0.395463$ & $-0.000697128$ & $0.0865179$ & $0.227749$ & $-0.227094$ & $0.24951$ & $0.650228$ & $-0.267826$ & $-0.0721095$ & $0.16199$ & $0.399474$ & $-0.272339$ & $-0.181204$ & $-0.134558$ & $-0.0662137$ & $-0.199862$ & $0.408755$ & $0.37779$ & $0.141421$ & $0.320946$ & $-0.119415$ & $0.59981$ \\
CHWHB_gaga & $-0.070142$ & $-0.268866$ & $0.105975$ & $0.253924$ & $0.143696$ & $-0.30687$ & $-0.157844$ & $0.995004$ & $1$ & $-0.556454$ & $-0.911356$ & $0.192455$ & $0.299257$ & $-0.364533$ & $-0.0249617$ & $-0.252822$ & $-0.650448$ & $-0.548666$ & $-0.474216$ & $0.883072$ & $0.727888$ & $0.709798$ & $-0.165525$ & $-0.599575$ & $-0.580353$ & $0.149868$ & $0.595065$ & $0.391552$ & $0.00258027$ & $0.0795593$ & $0.215796$ & $-0.195836$ & $0.236353$ & $0.655184$ & $-0.285307$ & $-0.0670788$ & $0.162439$ & $0.372145$ & $-0.245585$ & $-0.186104$ & $-0.126164$ & $-0.0683509$ & $-0.167436$ & $0.394099$ & $0.379728$ & $0.155089$ & $0.297456$ & $-0.142655$ & $0.586593$ \\
CHWHB_gagaorth & $0.285686$ & $0.0123958$ & $-0.201416$ & $0.0276546$ & $0.112074$ & $0.0391364$ & $0.171718$ & $-0.566676$ & $-0.556454$ & $1$ & $0.269169$ & $-0.0743229$ & $-0.283135$ & $0.733894$ & $0.113672$ & $0.261809$ & $0.820271$ & $0.613361$ & $0.589563$ & $-0.315968$ & $-0.28628$ & $-0.264786$ & $-0.0528451$ & $0.611404$ & $0.679863$ & $0.118641$ & $-0.343796$ & $-0.0492747$ & $0.0941203$ & $-0.138373$ & $-0.229668$ & $0.18475$ & $-0.244361$ & $-0.423692$ & $0.0110889$ & $0.107861$ & $-0.219235$ & $-0.42492$ & $0.332606$ & $0.183364$ & $0.218599$ & $-0.179173$ & $0.308634$ & $-0.272221$ & $-0.127037$ & $0.0840937$ & $-0.304364$ & $-0.213507$ & $-0.334179$ \\
CHD & $-0.0455875$ & $0.303425$ & $-0.0566843$ & $-0.269035$ & $-0.15053$ & $0.323116$ & $0.108753$ & $-0.911849$ & $-0.911356$ & $0.269169$ & $1$ & $-0.131494$ & $-0.201278$ & $0.0443537$ & $-0.0464887$ & $0.143021$ & $0.363797$ & $0.35445$ & $0.28942$ & $-0.910508$ & $-0.726794$ & $-0.716661$ & $0.197217$ & $0.401653$ & $0.361055$ & $-0.182954$ & $-0.513966$ & $-0.421029$ & $-0.0123768$ & $-0.0130664$ & $-0.13572$ & $0.147763$ & $-0.145783$ & $-0.545161$ & $0.324847$ & $0.0206388$ & $-0.102776$ & $-0.23213$ & $0.136053$ & $0.1137$ & $0.0527734$ & $0.158333$ & $0.0732686$ & $-0.316657$ & $-0.355668$ & $-0.216626$ & $-0.188701$ & $0.241407$ & $-0.507909$ \\
CHbox & $0.0100592$ & $-0.525344$ & $0.343166$ & $-0.0338012$ & $0.15086$ & $-0.240704$ & $-0.757356$ & $0.20694$ & $0.192455$ & $-0.0743229$ & $-0.131494$ & $1$ & $0.881914$ & $-0.310444$ & $0.34943$ & $0.210138$ & $-0.266371$ & $-0.42854$ & $-0.350873$ & $0.262048$ & $0.0777102$ & $0.0603197$ & $0.23193$ & $0.0137728$ & $-0.389926$ & $-0.0473988$ & $-0.102276$ & $0.34621$ & $0.213263$ & $0.72588$ & $0.565569$ & $-0.664675$ & $0.760807$ & $-0.219315$ & $0.394836$ & $-0.107678$ & $-0.48876$ & $0.34145$ & $-0.565311$ & $0.17761$ & $0.0334994$ & $-0.221515$ & $-0.340541$ & $0.391526$ & $0.0451062$ & $-0.247008$ & $0.567223$ & $0.301183$ & $0.290836$ \\
CH & $-0.17757$ & $-0.546859$ & $0.597441$ & $-0.153925$ & $0.0349284$ & $-0.23501$ & $-0.864037$ & $0.326289$ & $0.299257$ & $-0.283135$ & $-0.201278$ & $0.881914$ & $1$ & $-0.383281$ & $0.334591$ & $0.146718$ & $-0.380516$ & $-0.562715$ & $-0.459965$ & $0.268809$ & $0.129823$ & $0.0905677$ & $0.268109$ & $-0.116886$ & $-0.514123$ & $-0.124425$ & $-0.0594793$ & $0.369285$ & $0.177302$ & $0.702696$ & $0.611949$ & $-0.812522$ & $0.822337$ & $-0.134391$ & $0.329288$ & $-0.191465$ & $-0.341101$ & $0.601033$ & $-0.754214$ & $0.0968753$ & $-0.0964458$ & $-0.172831$ & $-0.533518$ & $0.523452$ & $0.0597779$ & $-0.28569$ & $0.667638$ & $0.513907$ & $0.457928$ \\
CHL1_11 & $0.228405$ & $0.0768023$ & $-0.202882$ & $0.0235435$ & $0.0349956$ & $0.193453$ & $0.281568$ & $-0.372453$ & $-0.364533$ & $0.733894$ & $0.0443537$ & $-0.310444$ & $-0.383281$ & $1$ & $0.0948248$ & $0.208689$ & $0.692573$ & $0.568913$ & $0.546539$ & $-0.205937$ & $-0.145773$ & $-0.117693$ & $-0.0716229$ & $0.525767$ & $0.620079$ & $0.077906$ & $-0.256952$ & $-0.0566525$ & $-0.027502$ & $-0.236104$ & $-0.274409$ & $0.267054$ & $-0.318133$ & $-0.285675$ & $-0.0879844$ & $0.129543$ & $-0.0658129$ & $-0.40736$ & $0.380315$ & $0.173282$ & $0.224001$ & $-0.143261$ & $0.28878$ & $-0.308986$ & $-0.115998$ & $0.124391$ & $-0.38066$ & $-0.24616$ & $-0.299318$ \\
CHL1_22 & $0.300996$ & $-0.4956$ & $0.287259$ & $-0.124629$ & $0.0370077$ & $-0.183998$ & $-0.378189$ & $-0.0185034$ & $-0.0249617$ & $0.113672$ & $-0.0464887$ & $0.34943$ & $0.334591$ & $0.0948248$ & $1$ & $0.505259$ & $0.101413$ & $-0.466586$ & $-0.187347$ & $0.0468241$ & $-0.221217$ & $-0.185421$ & $0.193065$ & $0.373057$ & $-0.223017$ & $-0.0268787$ & $-0.522016$ & $0.26098$ & $0.0982128$ & $0.348679$ & $0.183104$ & $-0.344229$ & $0.285818$ & $-0.611644$ & $0.10678$ & $0.0684255$ & $-0.530177$ & $-0.104094$ & $-0.140028$ & $0.332272$ & $0.254054$ & $-0.419298$ & $-0.0351541$ & $0.0378922$ & $-0.182764$ & $-0.0571525$ & $0.00671115$ & $0.0760435$ & $-0.0452175$ \\
CHL1_33 & $0.331953$ & $-0.33974$ & $0.1963$ & $-0.237707$ & $-0.0416346$ & $-0.0219179$ & $-0.256993$ & $-0.247772$ & $-0.252822$ & $0.261809$ & $0.143021$ & $0.210138$ & $0.146718$ & $0.208689$ & $0.505259$ & $1$ & $0.252819$ & $-0.0908264$ & $-0.31794$ & $-0.121074$ & $-0.320432$ & $-0.396459$ & $0.241842$ & $0.498597$ & $-0.0634724$ & $-0.121878$ & $-0.64255$ & $0.0759227$ & $0.133923$ & $0.238198$ & $0.00683302$ & $-0.217184$ & $0.116004$ & $-0.561372$ & $0.238902$ & $0.134325$ & $-0.522689$ & $-0.239192$ & $-0.0699424$ & $0.38761$ & $0.212256$ & $-0.296085$ & $0.0470291$ & $-0.157636$ & $-0.340207$ & $-0.135058$ & $-0.086059$ & $0.124532$ & $-0.294918$ \\
CHL3_11 & $0.293193$ & $0.0319968$ & $-0.184803$ & $-0.054243$ & $0.0710221$ & $-0.0481035$ & $0.251188$ & $-0.660282$ & $-0.650448$ & $0.820271$ & $0.363797$ & $-0.266371$ & $-0.380516$ & $0.692573$ & $0.101413$ & $0.252819$ & $1$ & $0.68033$ & $0.662669$ & $-0.488415$ & $-0.357623$ & $-0.366898$ & $-0.0629258$ & $0.678701$ & $0.763187$ & $0.108045$ & $-0.395725$ & $-0.0988171$ & $0.0348467$ & $-0.191385$ & $-0.294073$ & $0.242344$ & $-0.313855$ & $-0.410709$ & $-0.0721859$ & $0.144336$ & $-0.156497$ & $-0.497825$ & $0.424779$ & $0.20077$ & $0.261202$ & $-0.181779$ & $0.360359$ & $-0.337034$ & $-0.145704$ & $0.163505$ & $-0.424332$ & $-0.224119$ & $-0.397614$ \\
CHL3_22 & $0.0947342$ & $0.364919$ & $-0.398044$ & $0.0594156$ & $0.0394498$ & $0.184076$ & $0.479583$ & $-0.564459$ & $-0.548666$ & $0.613361$ & $0.35445$ & $-0.42854$ & $-0.562715$ & $0.568913$ & $-0.466586$ & $-0.0908264$ & $0.68033$ & $1$ & $0.704371$ & $-0.411282$ & $-0.220941$ & $-0.215421$ & $-0.150516$ & $0.374862$ & $0.83175$ & $0.0886533$ & $-0.00809653$ & $-0.268687$ & $-0.0245185$ & $-0.386389$ & $-0.36764$ & $0.464288$ & $-0.469834$ & $0.0899768$ & $-0.0874406$ & $0.106848$ & $0.172694$ & $-0.413935$ & $0.479685$ & $-0.0183473$ & $0.0642129$ & $0.122373$ & $0.368377$ & $-0.353292$ & $-0.0353813$ & $0.156487$ & $-0.380321$ & $-0.272019$ & $-0.356654$ \\
CHL3_33 & $0.113844$ & $0.244138$ & $-0.343498$ & $0.0803694$ & $0.118323$ & $0.0831633$ & $0.400507$ & $-0.488795$ & $-0.474216$ & $0.589563$ & $0.28942$ & $-0.350873$ & $-0.459965$ & $0.546539$ & $-0.187347$ & $-0.31794$ & $0.662669$ & $0.704371$ & $1$ & $-0.361645$ & $-0.18333$ & $-0.166476$ & $-0.155233$ & $0.35192$ & $0.784721$ & $0.158457$ & $0.00916156$ & $-0.168254$ & $-0.0289827$ & $-0.335375$ & $-0.283736$ & $0.378256$ & $-0.390923$ & $-0.0861252$ & $-0.151187$ & $0.0872608$ & $0.133331$ & $-0.389317$ & $0.455994$ & $-0.000543737$ & $0.11692$ & $0.044343$ & $0.354674$ & $-0.259245$ & $0.0325841$ & $0.220912$ & $-0.350385$ & $-0.300708$ & $-0.264051$ \\
CHe_11 & $0.0147677$ & $-0.291755$ & $0.0623398$ & $0.253436$ & $0.188237$ & $-0.299104$ & $-0.170677$ & $0.883657$ & $0.883072$ & $-0.315968$ & $-0.910508$ & $0.262048$ & $0.268809$ & $-0.205937$ & $0.0468241$ & $-0.121074$ & $-0.488415$ & $-0.411282$ & $-0.361645$ & $1$ & $0.706549$ & $0.699622$ & $-0.147304$ & $-0.433592$ & $-0.440077$ & $0.133901$ & $0.497672$ & $0.414639$ & $0.0400193$ & $0.0727418$ & $0.183914$ & $-0.183215$ & $0.196909$ & $0.487317$ & $-0.223392$ & $-0.0410298$ & $0.0520434$ & $0.266694$ & $-0.196165$ & $-0.111377$ & $-0.0789035$ & $-0.122088$ & $-0.106263$ & $0.343632$ & $0.344318$ & $0.15639$ & $0.272337$ & $-0.185886$ & $0.490931$ \\
CHe_22 & $-0.137326$ & $-0.0834504$ & $-0.0247475$ & $0.267158$ & $0.15993$ & $-0.265473$ & $-0.0144788$ & $0.72777$ & $0.727888$ & $-0.28628$ & $-0.726794$ & $0.0777102$ & $0.129823$ & $-0.145773$ & $-0.221217$ & $-0.320432$ & $-0.357623$ & $-0.220941$ & $-0.18333$ & $0.706549$ & $1$ & $0.638676$ & $-0.242089$ & $-0.487374$ & $-0.269021$ & $0.171164$ & $0.602989$ & $0.296288$ & $-0.0250827$ & $-0.0668241$ & $0.0788773$ & $-0.0509306$ & $0.0797584$ & $0.591389$ & $-0.299378$ & $-0.0736589$ & $0.262623$ & $0.275095$ & $-0.0609948$ & $-0.206693$ & $-0.0828$ & $-0.0178245$ & $-0.067972$ & $0.31279$ & $0.439326$ & $0.227727$ & $0.200979$ & $-0.212625$ & $0.475558$ \\
CHe_33 & $-0.0903807$ & $-0.0423705$ & $-0.11584$ & $0.401964$ & $0.131673$ & $-0.194023$ & $0.030414$ & $0.708308$ & $0.709798$ & $-0.264786$ & $-0.716661$ & $0.0603197$ & $0.0905677$ & $-0.117693$ & $-0.185421$ & $-0.396459$ & $-0.366898$ & $-0.215421$ & $-0.166476$ & $0.699622$ & $0.638676$ & $1$ & $-0.255537$ & $-0.477999$ & $-0.245379$ & $0.17909$ & $0.623401$ & $0.259988$ & $-0.0611462$ & $-0.0525344$ & $0.104362$ & $0.00161949$ & $0.0786225$ & $0.570271$ & $-0.230094$ & $-0.125219$ & $0.175243$ & $0.253937$ & $-0.100501$ & $-0.252263$ & $-0.101945$ & $0.000722025$ & $-0.0991533$ & $0.281124$ & $0.36469$ & $0.0846664$ & $0.217494$ & $-0.229734$ & $0.491746$ \\
CHQ1_11 & $0.0947352$ & $-0.176778$ & $0.245917$ & $-0.279092$ & $-0.172693$ & $0.156057$ & $-0.288022$ & $-0.157126$ & $-0.165525$ & $-0.0528451$ & $0.197217$ & $0.23193$ & $0.268109$ & $-0.0716229$ & $0.193065$ & $0.241842$ & $-0.0629258$ & $-0.150516$ & $-0.155233$ & $-0.147304$ & $-0.242089$ & $-0.255537$ & $1$ & $0.113167$ & $-0.120722$ & $-0.638347$ & $-0.222688$ & $-0.125453$ & $0.0732529$ & $0.304353$ & $0.229025$ & $-0.230219$ & $0.232972$ & $-0.317706$ & $0.39023$ & $-0.00714637$ & $-0.324454$ & $0.0208778$ & $-0.331329$ & $0.164187$ & $-0.180714$ & $0.0169581$ & $-0.132893$ & $-0.0222004$ & $-0.420266$ & $-0.305699$ & $0.165459$ & $0.435724$ & $-0.253424$ \\
CHQ1_33 & $0.359196$ & $-0.185443$ & $-0.0522329$ & $-0.110959$ & $0.072277$ & $0.036598$ & $-0.000428533$ & $-0.601746$ & $-0.599575$ & $0.611404$ & $0.401653$ & $0.0137728$ & $-0.116886$ & $0.525767$ & $0.373057$ & $0.498597$ & $0.678701$ & $0.374862$ & $0.35192$ & $-0.433592$ & $-0.487374$ & $-0.477999$ & $0.113167$ & $1$ & $0.448759$ & $0.00500713$ & $-0.569136$ & $0.0778053$ & $0.0925447$ & $0.0544382$ & $-0.125267$ & $0.0323694$ & $-0.0684763$ & $-0.609894$ & $0.11174$ & $0.157018$ & $-0.430255$ & $-0.451597$ & $0.218297$ & $0.371607$ & $0.353811$ & $-0.317492$ & $0.220611$ & $-0.299734$ & $-0.238186$ & $0.0121039$ & $-0.288162$ & $-0.115442$ & $-0.354918$ \\
CHQ3_11 & $0.112914$ & $0.286629$ & $-0.361344$ & $0.0315445$ & $0.0353954$ & $0.138572$ & $0.422911$ & $-0.59532$ & $-0.580353$ & $0.679863$ & $0.361055$ & $-0.389926$ & $-0.514123$ & $0.620079$ & $-0.223017$ & $-0.0634724$ & $0.763187$ & $0.83175$ & $0.784721$ & $-0.440077$ & $-0.269021$ & $-0.245379$ & $-0.120722$ & $0.448759$ & $1$ & $0.0816577$ & $0.000291332$ & $-0.235661$ & $-0.0375844$ & $-0.365888$ & $-0.321742$ & $0.399209$ & $-0.44166$ & $-0.118993$ & $-0.0858545$ & $0.119074$ & $0.132076$ & $-0.417099$ & $0.461301$ & $0.0219857$ & $0.0946887$ & $0.0651421$ & $0.373164$ & $-0.335597$ & $-0.0288057$ & $0.170769$ & $-0.365346$ & $-0.272301$ & $-0.346682$ \\
CHu_11 & $0.218426$ & $-0.164915$ & $-0.222878$ & $0.435268$ & $0.296103$ & $-0.308844$ & $0.137114$ & $0.138076$ & $0.149868$ & $0.118641$ & $-0.182954$ & $-0.0473988$ & $-0.124425$ & $0.077906$ & $-0.0268787$ & $-0.121878$ & $0.108045$ & $0.0886533$ & $0.158457$ & $0.133901$ & $0.171164$ & $0.17909$ & $-0.638347$ & $0.00500713$ & $0.0816577$ & $1$ & $0.278176$ & $0.283564$ & $0.0788094$ & $-0.146525$ & $-0.198941$ & $0.0847031$ & $-0.0861148$ & $0.150421$ & $-0.494502$ & $0.0500952$ & $0.0210584$ & $-0.132021$ & $0.286908$ & $-0.0708251$ & $0.286036$ & $-0.283401$ & $0.252631$ & $0.0129858$ & $0.296366$ & $0.302572$ & $-0.23082$ & $-0.516486$ & $0.33049$ \\
CHd_11 & $-0.205612$ & $0.150533$ & $-0.263521$ & $0.407584$ & $0.102874$ & $-0.104054$ & $0.199273$ & $0.589399$ & $0.595065$ & $-0.343796$ & $-0.513966$ & $-0.102276$ & $-0.0594793$ & $-0.256952$ & $-0.522016$ & $-0.64255$ & $-0.395725$ & $-0.00809653$ & $0.00916156$ & $0.497672$ & $0.602989$ & $0.623401$ & $-0.222688$ & $-0.569136$ & $0.000291332$ & $0.278176$ & $1$ & $0.0671323$ & $-0.061042$ & $-0.232236$ & $0.032933$ & $0.151824$ & $-0.0537803$ & $0.767712$ & $-0.321514$ & $-0.0864746$ & $0.481133$ & $0.285947$ & $-0.033827$ & $-0.419004$ & $-0.2567$ & $0.221716$ & $-0.0154801$ & $0.218532$ & $0.421995$ & $0.151212$ & $0.189914$ & $-0.2703$ & $0.497635$ \\
CHd_33 & $0.201473$ & $-0.528829$ & $0.216831$ & $0.223291$ & $0.301072$ & $-0.394464$ & $-0.316586$ & $0.395463$ & $0.391552$ & $-0.0492747$ & $-0.421029$ & $0.34621$ & $0.369285$ & $-0.0566525$ & $0.26098$ & $0.0759227$ & $-0.0988171$ & $-0.268687$ & $-0.168254$ & $0.414639$ & $0.296288$ & $0.259988$ & $-0.125453$ & $0.0778053$ & $-0.235661$ & $0.283564$ & $0.0671323$ & $1$ & $0.101841$ & $0.222384$ & $0.147575$ & $-0.326827$ & $0.303599$ & $0.0419857$ & $-0.268747$ & $-0.0409818$ & $-0.272777$ & $0.0896423$ & $-0.0861282$ & $0.103607$ & $0.23659$ & $-0.456133$ & $-0.0418958$ & $0.272847$ & $0.234768$ & $0.17984$ & $0.0763681$ & $-0.171978$ & $0.422131$ \\
CeH_22r & $0.127657$ & $-0.214135$ & $0.135717$ & $0.0625925$ & $0.092483$ & $-0.147081$ & $-0.184488$ & $-0.000697128$ & $0.00258027$ & $0.0941203$ & $-0.0123768$ & $0.213263$ & $0.177302$ & $-0.027502$ & $0.0982128$ & $0.133923$ & $0.0348467$ & $-0.0245185$ & $-0.0289827$ & $0.0400193$ & $-0.0250827$ & $-0.0611462$ & $0.0732529$ & $0.0925447$ & $-0.0375844$ & $0.0788094$ & $-0.061042$ & $0.101841$ & $1$ & $0.153542$ & $0.00351831$ & $-0.196827$ & $0.18556$ & $-0.0944509$ & $-0.0479185$ & $-0.0243677$ & $-0.193409$ & $0.0024816$ & $-0.0905545$ & $0.0808357$ & $0.0838566$ & $-0.208948$ & $-0.0194196$ & $0.0295097$ & $-0.0626671$ & $-0.054398$ & $-0.0101503$ & $0.0235549$ & $0.111214$ \\
CeH_33r & $-0.0134935$ & $-0.438035$ & $0.387658$ & $-0.144332$ & $0.00547059$ & $-0.12969$ & $-0.646344$ & $0.0865179$ & $0.0795593$ & $-0.138373$ & $-0.0130664$ & $0.72588$ & $0.702696$ & $-0.236104$ & $0.348679$ & $0.238198$ & $-0.191385$ & $-0.386389$ & $-0.335375$ & $0.0727418$ & $-0.0668241$ & $-0.0525344$ & $0.304353$ & $0.0544382$ & $-0.365888$ & $-0.146525$ & $-0.232236$ & $0.222384$ & $0.153542$ & $1$ & $0.55067$ & $-0.52118$ & $0.825438$ & $-0.275065$ & $0.348616$ & $-0.120541$ & $-0.473515$ & $0.274458$ & $-0.521757$ & $0.154075$ & $0.029316$ & $-0.193777$ & $-0.35297$ & $0.288481$ & $-0.080562$ & $-0.280866$ & $0.430671$ & $0.382295$ & $0.186744$ \\
CuH_22r & $-0.179976$ & $-0.274863$ & $0.272434$ & $-0.120706$ & $0.00594567$ & $-0.0992622$ & $-0.475809$ & $0.227749$ & $0.215796$ & $-0.229668$ & $-0.13572$ & $0.565569$ & $0.611949$ & $-0.274409$ & $0.183104$ & $0.00683302$ & $-0.294073$ & $-0.36764$ & $-0.283736$ & $0.183914$ & $0.0788773$ & $0.104362$ & $0.229025$ & $-0.125267$ & $-0.321742$ & $-0.198941$ & $0.032933$ & $0.147575$ & $0.00351831$ & $0.55067$ & $1$ & $-0.377373$ & $0.620601$ & $-0.0407495$ & $0.378041$ & $-0.144396$ & $-0.162464$ & $0.420234$ & $-0.549695$ & $-0.026994$ & $-0.189752$ & $0.0784696$ & $-0.43472$ & $0.453717$ & $0.150136$ & $-0.174692$ & $0.627867$ & $0.339358$ & $0.244582$ \\
CuH_33r & $0.0355046$ & $0.560729$ & $-0.644599$ & $0.205554$ & $0.0259678$ & $0.208531$ & $0.961764$ & $-0.227094$ & $-0.195836$ & $0.18475$ & $0.147763$ & $-0.664675$ & $-0.812522$ & $0.267054$ & $-0.344229$ & $-0.217184$ & $0.242344$ & $0.464288$ & $0.378256$ & $-0.183215$ & $-0.0509306$ & $0.00161949$ & $-0.230219$ & $0.0323694$ & $0.399209$ & $0.0847031$ & $0.151824$ & $-0.326827$ & $-0.196827$ & $-0.52118$ & $-0.377373$ & $1$ & $-0.621863$ & $0.203506$ & $-0.135601$ & $0.11983$ & $0.30398$ & $-0.440527$ & $0.614892$ & $-0.140942$ & $0.0869652$ & $0.256276$ & $0.37729$ & $-0.362856$ & $0.0871217$ & $0.205594$ & $-0.404988$ & $-0.47559$ & $-0.359166$ \\
CdH_33r & $-0.166966$ & $-0.424947$ & $0.458528$ & $0.00455076$ & $-0.00130962$ & $-0.196254$ & $-0.738009$ & $0.24951$ & $0.236353$ & $-0.244361$ & $-0.145783$ & $0.760807$ & $0.822337$ & $-0.318133$ & $0.285818$ & $0.116004$ & $-0.313855$ & $-0.469834$ & $-0.390923$ & $0.196909$ & $0.0797584$ & $0.0786225$ & $0.232972$ & $-0.0684763$ & $-0.44166$ & $-0.0861148$ & $-0.0537803$ & $0.303599$ & $0.18556$ & $0.825438$ & $0.620601$ & $-0.621863$ & $1$ & $-0.127031$ & $0.253683$ & $-0.215338$ & $-0.37198$ & $0.522007$ & $-0.662229$ & $0.0331993$ & $0.00517747$ & $-0.18034$ & $-0.522171$ & $0.391961$ & $0.0174268$ & $-0.375592$ & $0.530575$ & $0.407607$ & $0.503083$ \\
CLL_1221 & $-0.296363$ & $0.285137$ & $-0.226266$ & $0.323363$ & $0.0823449$ & $-0.087883$ & $0.259012$ & $0.650228$ & $0.655184$ & $-0.423692$ & $-0.545161$ & $-0.219315$ & $-0.134391$ & $-0.285675$ & $-0.611644$ & $-0.561372$ & $-0.410709$ & $0.0899768$ & $-0.0861252$ & $0.487317$ & $0.591389$ & $0.570271$ & $-0.317706$ & $-0.609894$ & $-0.118993$ & $0.150421$ & $0.767712$ & $0.0419857$ & $-0.0944509$ & $-0.275065$ & $-0.0407495$ & $0.203506$ & $-0.127031$ & $1$ & $-0.304742$ & $-0.113871$ & $0.533685$ & $0.278946$ & $0.0552819$ & $-0.406478$ & $-0.222051$ & $0.266118$ & $-0.0445778$ & $0.203183$ & $0.440398$ & $0.178882$ & $0.127843$ & $-0.228902$ & $0.407109$ \\
eHggint & $-0.235762$ & $0.13463$ & $-0.00485982$ & $-0.308726$ & $-0.159851$ & $0.327719$ & $-0.259724$ & $-0.267826$ & $-0.285307$ & $0.0110889$ & $0.324847$ & $0.394836$ & $0.329288$ & $-0.0879844$ & $0.10678$ & $0.238902$ & $-0.0721859$ & $-0.0874406$ & $-0.151187$ & $-0.223392$ & $-0.299378$ & $-0.230094$ & $0.39023$ & $0.11174$ & $-0.0858545$ & $-0.494502$ & $-0.321514$ & $-0.268747$ & $-0.0479185$ & $0.348616$ & $0.378041$ & $-0.135601$ & $0.253683$ & $-0.304742$ & $1$ & $-0.0265891$ & $-0.310584$ & $0.188835$ & $-0.438693$ & $0.161754$ & $-0.152442$ & $0.317233$ & $-0.377736$ & $0.0587003$ & $-0.210367$ & $-0.542369$ & $0.575024$ & $0.480656$ & $-0.338748$ \\
eHggpar & $0.362768$ & $-0.265085$ & $-0.310033$ & $-0.251376$ & $0.0442267$ & $-0.0244409$ & $0.104264$ & $-0.0721095$ & $-0.0670788$ & $0.107861$ & $0.0206388$ & $-0.107678$ & $-0.191465$ & $0.129543$ & $0.0684255$ & $0.134325$ & $0.144336$ & $0.106848$ & $0.0872608$ & $-0.0410298$ & $-0.0736589$ & $-0.125219$ & $-0.00714637$ & $0.157018$ & $0.119074$ & $0.0500952$ & $-0.0864746$ & $-0.0409818$ & $-0.0243677$ & $-0.120541$ & $-0.144396$ & $0.11983$ & $-0.215338$ & $-0.113871$ & $-0.0265891$ & $1$ & $0.0266086$ & $-0.376162$ & $0.139788$ & $0.568902$ & $0.348375$ & $-0.150194$ & $0.458665$ & $-0.620308$ & $-0.313144$ & $0.134242$ & $-0.310642$ & $-0.427464$ & $-0.190592$ \\
eHWWint & $-0.52018$ & $0.516563$ & $-0.089358$ & $-0.179772$ & $-0.0798879$ & $0.138545$ & $0.379079$ & $0.16199$ & $0.162439$ & $-0.219235$ & $-0.102776$ & $-0.48876$ & $-0.341101$ & $-0.0658129$ & $-0.530177$ & $-0.522689$ & $-0.156497$ & $0.172694$ & $0.133331$ & $0.0520434$ & $0.262623$ & $0.175243$ & $-0.324454$ & $-0.430255$ & $0.132076$ & $0.0210584$ & $0.481133$ & $-0.272777$ & $-0.193409$ & $-0.473515$ & $-0.162464$ & $0.30398$ & $-0.37198$ & $0.533685$ & $-0.310584$ & $0.0266086$ & $1$ & $0.254156$ & $0.205546$ & $-0.36534$ & $-0.318502$ & $0.521625$ & $0.00285113$ & $0.0781828$ & $0.382106$ & $0.385273$ & $-0.0180034$ & $-0.0492623$ & $0.0761964$ \\
eHWWpar & $-0.644242$ & $0.0390758$ & $0.424594$ & $-0.0268545$ & $-0.101908$ & $0.000964073$ & $-0.442714$ & $0.399474$ & $0.372145$ & $-0.42492$ & $-0.23213$ & $0.34145$ & $0.601033$ & $-0.40736$ & $-0.104094$ & $-0.239192$ & $-0.497825$ & $-0.413935$ & $-0.389317$ & $0.266694$ & $0.275095$ & $0.253937$ & $0.0208778$ & $-0.451597$ & $-0.417099$ & $-0.132021$ & $0.285947$ & $0.0896423$ & $0.0024816$ & $0.274458$ & $0.420234$ & $-0.440527$ & $0.522007$ & $0.278946$ & $0.188835$ & $-0.376162$ & $0.254156$ & $1$ & $-0.689912$ & $-0.334336$ & $-0.357109$ & $0.230959$ & $-0.710789$ & $0.59714$ & $0.294065$ & $-0.308961$ & $0.715877$ & $0.514646$ & $0.622328$ \\
eHZZint & $0.20046$ & $0.342039$ & $-0.520772$ & $0.220231$ & $0.188057$ & $-0.0124867$ & $0.66002$ & $-0.272339$ & $-0.245585$ & $0.332606$ & $0.136053$ & $-0.565311$ & $-0.754214$ & $0.380315$ & $-0.140028$ & $-0.0699424$ & $0.424779$ & $0.479685$ & $0.455994$ & $-0.196165$ & $-0.0609948$ & $-0.100501$ & $-0.331329$ & $0.218297$ & $0.461301$ & $0.286908$ & $-0.033827$ & $-0.0861282$ & $-0.0905545$ & $-0.521757$ & $-0.549695$ & $0.614892$ & $-0.662229$ & $0.0552819$ & $-0.438693$ & $0.139788$ & $0.205546$ & $-0.689912$ & $1$ & $0.0104989$ & $0.395548$ & $-0.0901863$ & $0.590614$ & $-0.423789$ & $0.141738$ & $0.53004$ & $-0.741229$ & $-0.624223$ & $-0.409415$ \\
eHZZpar & $0.284608$ & $-0.409519$ & $0.055921$ & $-0.295603$ & $0.0748348$ & $-0.0930596$ & $-0.17357$ & $-0.181204$ & $-0.186104$ & $0.183364$ & $0.1137$ & $0.17761$ & $0.0968753$ & $0.173282$ & $0.332272$ & $0.38761$ & $0.20077$ & $-0.0183473$ & $-0.000543737$ & $-0.111377$ & $-0.206693$ & $-0.252263$ & $0.164187$ & $0.371607$ & $0.0219857$ & $-0.0708251$ & $-0.419004$ & $0.103607$ & $0.0808357$ & $0.154075$ & $-0.026994$ & $-0.140942$ & $0.0331993$ & $-0.406478$ & $0.161754$ & $0.568902$ & $-0.36534$ & $-0.334336$ & $0.0104989$ & $1$ & $0.50294$ & $-0.335563$ & $0.17557$ & $-0.422299$ & $-0.363287$ & $-0.0245557$ & $-0.234636$ & $-0.0986354$ & $-0.194294$ \\
eHZgaint & $0.124148$ & $-0.142386$ & $-0.239822$ & $0.239418$ & $0.247311$ & $-0.212808$ & $0.0628739$ & $-0.134558$ & $-0.126164$ & $0.218599$ & $0.0527734$ & $0.0334994$ & $-0.0964458$ & $0.224001$ & $0.254054$ & $0.212256$ & $0.261202$ & $0.0642129$ & $0.11692$ & $-0.0789035$ & $-0.0828$ & $-0.101945$ & $-0.180714$ & $0.353811$ & $0.0946887$ & $0.286036$ & $-0.2567$ & $0.23659$ & $0.0838566$ & $0.029316$ & $-0.189752$ & $0.0869652$ & $0.00517747$ & $-0.222051$ & $-0.152442$ & $0.348375$ & $-0.318502$ & $-0.357109$ & $0.395548$ & $0.50294$ & $1$ & $-0.510969$ & $0.295972$ & $-0.478508$ & $-0.0728091$ & $-0.00322333$ & $-0.484298$ & $-0.48514$ & $0.0833134$ \\
eHZgapar & $-0.496838$ & $0.568439$ & $-0.10522$ & $-0.261202$ & $-0.154221$ & $0.332936$ & $0.246845$ & $-0.0662137$ & $-0.0683509$ & $-0.179173$ & $0.158333$ & $-0.221515$ & $-0.172831$ & $-0.143261$ & $-0.419298$ & $-0.296085$ & $-0.181779$ & $0.122373$ & $0.044343$ & $-0.122088$ & $-0.0178245$ & $0.000722025$ & $0.0169581$ & $-0.317492$ & $0.0651421$ & $-0.283401$ & $0.221716$ & $-0.456133$ & $-0.208948$ & $-0.193777$ & $0.0784696$ & $0.256276$ & $-0.18034$ & $0.266118$ & $0.317233$ & $-0.150194$ & $0.521625$ & $0.230959$ & $-0.0901863$ & $-0.335563$ & $-0.510969$ & $1$ & $-0.159493$ & $0.183982$ & $0.190096$ & $-0.0164344$ & $0.332805$ & $0.34185$ & $-0.20556$ \\
eHgagaint & $0.532106$ & $-0.0233736$ & $-0.416108$ & $0.071757$ & $0.121356$ & $-0.0792776$ & $0.413769$ & $-0.199862$ & $-0.167436$ & $0.308634$ & $0.0732686$ & $-0.340541$ & $-0.533518$ & $0.28878$ & $-0.0351541$ & $0.0470291$ & $0.360359$ & $0.368377$ & $0.354674$ & $-0.106263$ & $-0.067972$ & $-0.0991533$ & $-0.132893$ & $0.220611$ & $0.373164$ & $0.252631$ & $-0.0154801$ & $-0.0418958$ & $-0.0194196$ & $-0.35297$ & $-0.43472$ & $0.37729$ & $-0.522171$ & $-0.0445778$ & $-0.377736$ & $0.458665$ & $0.00285113$ & $-0.710789$ & $0.590614$ & $0.17557$ & $0.295972$ & $-0.159493$ & $1$ & $-0.517043$ & $-0.143016$ & $0.383451$ & $-0.641785$ & $-0.546562$ & $-0.414822$ \\
eHmumuint & $-0.300838$ & $-0.186872$ & $0.473988$ & $-0.0528764$ & $0.122114$ & $-0.241369$ & $-0.355476$ & $0.408755$ & $0.394099$ & $-0.272221$ & $-0.316657$ & $0.391526$ & $0.523452$ & $-0.308986$ & $0.0378922$ & $-0.157636$ & $-0.337034$ & $-0.353292$ & $-0.259245$ & $0.343632$ & $0.31279$ & $0.281124$ & $-0.0222004$ & $-0.299734$ & $-0.335597$ & $0.0129858$ & $0.218532$ & $0.272847$ & $0.0295097$ & $0.288481$ & $0.453717$ & $-0.362856$ & $0.391961$ & $0.203183$ & $0.0587003$ & $-0.620308$ & $0.0781828$ & $0.59714$ & $-0.423789$ & $-0.422299$ & $-0.478508$ & $0.183982$ & $-0.517043$ & $1$ & $0.612691$ & $0.221999$ & $0.722336$ & $0.381015$ & $0.36447$ \\
eHtautauint & $-0.365855$ & $0.101628$ & $-0.0965955$ & $0.122506$ & $0.356096$ & $-0.301102$ & $0.116864$ & $0.37779$ & $0.379728$ & $-0.127037$ & $-0.355668$ & $0.0451062$ & $0.0597779$ & $-0.115998$ & $-0.182764$ & $-0.340207$ & $-0.145704$ & $-0.0353813$ & $0.0325841$ & $0.344318$ & $0.439326$ & $0.36469$ & $-0.420266$ & $-0.238186$ & $-0.0288057$ & $0.296366$ & $0.421995$ & $0.234768$ & $-0.0626671$ & $-0.080562$ & $0.150136$ & $0.0871217$ & $0.0174268$ & $0.440398$ & $-0.210367$ & $-0.313144$ & $0.382106$ & $0.294065$ & $0.141738$ & $-0.363287$ & $-0.0728091$ & $0.190096$ & $-0.143016$ & $0.612691$ & $1$ & $0.539195$ & $0.389028$ & $-0.218218$ & $0.364051$ \\
eHccint & $0.202288$ & $-0.167404$ & $-0.0288987$ & $-0.219586$ & $0.318907$ & $-0.336704$ & $0.27485$ & $0.141421$ & $0.155089$ & $0.0840937$ & $-0.216626$ & $-0.247008$ & $-0.28569$ & $0.124391$ & $-0.0571525$ & $-0.135058$ & $0.163505$ & $0.156487$ & $0.220912$ & $0.15639$ & $0.227727$ & $0.0846664$ & $-0.305699$ & $0.0121039$ & $0.170769$ & $0.302572$ & $0.151212$ & $0.17984$ & $-0.054398$ & $-0.280866$ & $-0.174692$ & $0.205594$ & $-0.375592$ & $0.178882$ & $-0.542369$ & $0.134242$ & $0.385273$ & $-0.308961$ & $0.53004$ & $-0.0245557$ & $-0.00322333$ & $-0.0164344$ & $0.383451$ & $0.221999$ & $0.539195$ & $1$ & $-0.219289$ & $-0.410132$ & $-0.153605$ \\
eHccpar & $-0.419773$ & $-0.112859$ & $0.268172$ & $-0.189402$ & $0.0165257$ & $-0.0232676$ & $-0.467623$ & $0.320946$ & $0.297456$ & $-0.304364$ & $-0.188701$ & $0.567223$ & $0.667638$ & $-0.38066$ & $0.00671115$ & $-0.086059$ & $-0.424332$ & $-0.380321$ & $-0.350385$ & $0.272337$ & $0.200979$ & $0.217494$ & $0.165459$ & $-0.288162$ & $-0.365346$ & $-0.23082$ & $0.189914$ & $0.0763681$ & $-0.0101503$ & $0.430671$ & $0.627867$ & $-0.404988$ & $0.530575$ & $0.127843$ & $0.575024$ & $-0.310642$ & $-0.0180034$ & $0.715877$ & $-0.741229$ & $-0.234636$ & $-0.484298$ & $0.332805$ & $-0.641785$ & $0.722336$ & $0.389028$ & $-0.219289$ & $1$ & $0.500428$ & $0.307371$ \\
eHbbint & $-0.415699$ & $0.0317284$ & $0.627681$ & $-0.493971$ & $-0.343296$ & $0.252038$ & $-0.500869$ & $-0.119415$ & $-0.142655$ & $-0.213507$ & $0.241407$ & $0.301183$ & $0.513907$ & $-0.24616$ & $0.0760435$ & $0.124532$ & $-0.224119$ & $-0.272019$ & $-0.300708$ & $-0.185886$ & $-0.212625$ & $-0.229734$ & $0.435724$ & $-0.115442$ & $-0.272301$ & $-0.516486$ & $-0.2703$ & $-0.171978$ & $0.0235549$ & $0.382295$ & $0.339358$ & $-0.47559$ & $0.407607$ & $-0.228902$ & $0.480656$ & $-0.427464$ & $-0.0492623$ & $0.514646$ & $-0.624223$ & $-0.0986354$ & $-0.48514$ & $0.34185$ & $-0.546562$ & $0.381015$ & $-0.218218$ & $-0.410132$ & $0.500428$ & $1$ & $-0.0902968$ \\
eHbbpar & $-0.275745$ & $-0.233688$ & $0.208683$ & $0.476203$ & $0.155352$ & $-0.337091$ & $-0.324466$ & $0.59981$ & $0.586593$ & $-0.334179$ & $-0.507909$ & $0.290836$ & $0.457928$ & $-0.299318$ & $-0.0452175$ & $-0.294918$ & $-0.397614$ & $-0.356654$ & $-0.264051$ & $0.490931$ & $0.475558$ & $0.491746$ & $-0.253424$ & $-0.354918$ & $-0.346682$ & $0.33049$ & $0.497635$ & $0.422131$ & $0.111214$ & $0.186744$ & $0.244582$ & $-0.359166$ & $0.503083$ & $0.407109$ & $-0.338748$ & $-0.190592$ & $0.0761964$ & $0.622328$ & $-0.409415$ & $-0.194294$ & $0.0833134$ & $-0.20556$ & $-0.414822$ & $0.36447$ & $0.364051$ & $-0.153605$ & $0.307371$ & $-0.0902968$ & $1$ \\
