 & AlsMz & dAle5Mz & mtop & mHl & Mz & CW & CHG & CHWB & CHWHB_gaga & CHWHB_gagaorth & CHD & CHbox & CH & CHL1_11 & CHL1_22 & CHL1_33 & CHL3_11 & CHL3_22 & CHL3_33 & CHe_11 & CHe_22 & CHe_33 & CHQ1_11 & CHQ1_33 & CHQ3_11 & CHu_11 & CHd_11 & CHd_33 & CeH_22r & CeH_33r & CuH_22r & CuH_33r & CdH_33r & CLL_1221 & eHggint & eHggpar & eHWWint & eHWWpar & eHZZint & eHZZpar & eHZgaint & eHZgapar & eHgagaint & eHmumuint & eHtautauint & eHccint & eHccpar & eHbbint & eHbbpar \\
AlsMz & $1$ & $0.0313808$ & $-0.0139643$ & $0.0739121$ & $-0.0131838$ & $-0.00562292$ & $0.0606455$ & $-0.0194821$ & $-0.0195544$ & $0.0212904$ & $0.00760495$ & $-0.0134846$ & $-0.0291328$ & $-0.000865411$ & $0.00971892$ & $-0.0271531$ & $0.00956271$ & $-0.00267234$ & $0.0228053$ & $-0.0186587$ & $-0.0169893$ & $-0.0184134$ & $-0.024915$ & $-0.0448963$ & $-0.114217$ & $-0.0141919$ & $-0.0421217$ & $-0.00283564$ & $0.000665438$ & $0.0189928$ & $0.0172279$ & $0.0570469$ & $0.013973$ & $-0.0215945$ & $-0.0469612$ & $-0.0398426$ & $-0.0835457$ & $-0.0156172$ & $-0.0491251$ & $0.0200929$ & $-0.02719$ & $-0.0219357$ & $-0.0712916$ & $0.15375$ & $0.110071$ & $0.222723$ & $-0.0470968$ & $0.0225492$ & $0.0238229$ \\
dAle5Mz & $0.0313808$ & $1$ & $0.0968997$ & $0.100092$ & $0.000880412$ & $-0.0231314$ & $-0.061087$ & $-0.0538346$ & $-0.0550476$ & $0.0084095$ & $0.0518694$ & $0.0199028$ & $0.0125521$ & $-0.051714$ & $-0.0334923$ & $-0.0266312$ & $0.00596838$ & $-8.75214e-05$ & $-0.00442286$ & $-0.0338495$ & $-0.024013$ & $-0.0267409$ & $0.0288422$ & $-0.0221262$ & $-0.00433838$ & $-0.00937728$ & $0.014029$ & $-0.0352274$ & $-0.00505182$ & $-0.00227697$ & $0.0355834$ & $-0.0575025$ & $-0.092666$ & $0.0521251$ & $0.0140211$ & $0.110974$ & $0.0577867$ & $0.0325965$ & $-0.024544$ & $-0.0211856$ & $0.0250341$ & $-0.0174668$ & $0.00357484$ & $-0.0149528$ & $0.00460529$ & $-0.0933616$ & $0.0923929$ & $0.0305848$ & $-0.225475$ \\
mtop & $-0.0139643$ & $0.0968997$ & $1$ & $-0.0447752$ & $0.00990114$ & $-0.0145311$ & $0.0452595$ & $0.00971447$ & $0.00884807$ & $-0.011337$ & $0.00460329$ & $-0.0177018$ & $-0.0128677$ & $-0.0171296$ & $0.00296969$ & $-0.00887565$ & $-0.0103895$ & $-0.0168629$ & $-0.00875991$ & $0.00638526$ & $0.00641108$ & $0.00921278$ & $0.0270013$ & $-0.0152121$ & $-0.00302512$ & $-0.0189533$ & $0.0200677$ & $0.0136322$ & $0.000496924$ & $0.00104601$ & $-0.0223137$ & $0.0422087$ & $-0.0338668$ & $0.0144737$ & $0.0212857$ & $-0.0864077$ & $0.0961303$ & $0.0207302$ & $0.00233731$ & $0.0163427$ & $0.192091$ & $0.0365018$ & $-0.0086218$ & $0.216182$ & $-0.0590574$ & $-0.0302789$ & $-0.00643377$ & $0.111315$ & $-0.0801767$ \\
mHl & $0.0739121$ & $0.100092$ & $-0.0447752$ & $1$ & $0.0216807$ & $0.0141868$ & $0.00963892$ & $0.0169711$ & $0.0137562$ & $-0.0137367$ & $-0.0204309$ & $0.00850604$ & $0.0170864$ & $0.00538995$ & $0.00195845$ & $0.0246721$ & $-0.000749085$ & $-0.000883492$ & $-0.0211945$ & $0.0202627$ & $0.0208513$ & $0.0172654$ & $0.00998177$ & $-0.0155709$ & $-0.0198663$ & $-0.0215616$ & $-0.00432251$ & $0.0192691$ & $0.0180736$ & $0.0051395$ & $-0.0170619$ & $0.017037$ & $-0.0417044$ & $0.0167255$ & $0.142094$ & $0.0334149$ & $-0.0143023$ & $-0.00183514$ & $-0.0658151$ & $-0.0439856$ & $-0.192439$ & $-0.00572037$ & $-0.0666627$ & $-0.0300483$ & $0.119321$ & $0.0232346$ & $-0.0771096$ & $-0.0868261$ & $-0.0682353$ \\
Mz & $-0.0131838$ & $0.000880412$ & $0.00990114$ & $0.0216807$ & $1$ & $0.0183222$ & $0.00177403$ & $0.0154662$ & $0.016494$ & $-0.013705$ & $-0.00448676$ & $0.0039695$ & $0.00807519$ & $0.00849821$ & $0.0124596$ & $0.00619403$ & $-0.012166$ & $-0.013552$ & $-0.0124485$ & $0.0136843$ & $0.0140255$ & $0.00831748$ & $-0.000616317$ & $-0.00723964$ & $-0.0181347$ & $-0.0132994$ & $-0.00809976$ & $-2.5156e-05$ & $-0.0189568$ & $0.0187314$ & $0.00863834$ & $0.000137691$ & $0.0168315$ & $-0.00338271$ & $-0.00697205$ & $-0.0379673$ & $0.00684029$ & $-0.00749317$ & $-0.00301461$ & $-0.00402954$ & $-0.00948997$ & $0.0199148$ & $-0.0071219$ & $0.0104761$ & $-0.0179651$ & $-0.0368958$ & $0.00111192$ & $0.012033$ & $-0.0127977$ \\
CW & $-0.00562292$ & $-0.0231314$ & $-0.0145311$ & $0.0141868$ & $0.0183222$ & $1$ & $0.00305196$ & $-0.134465$ & $-0.130836$ & $0.0117196$ & $0.200656$ & $0.0301697$ & $-0.00607932$ & $0.00676041$ & $-0.0996855$ & $-0.087506$ & $-0.266083$ & $-0.0472314$ & $-0.0539974$ & $-0.200574$ & $-0.202744$ & $-0.198507$ & $-0.0260709$ & $-0.00177217$ & $-0.0934012$ & $0.131425$ & $-0.0801962$ & $-0.0832107$ & $0.0098129$ & $-0.026283$ & $-0.0174008$ & $-0.00207226$ & $-0.00980824$ & $-0.115298$ & $0.0144787$ & $-0.0191414$ & $0.0256531$ & $0.00238024$ & $-0.0114536$ & $0.00914109$ & $0.0254719$ & $0.0112285$ & $-0.0138526$ & $-0.00125903$ & $-0.0141467$ & $0.00177821$ & $0.00110983$ & $-0.0224802$ & $0.0332632$ \\
CHG & $0.0606455$ & $-0.061087$ & $0.0452595$ & $0.00963892$ & $0.00177403$ & $0.00305196$ & $1$ & $-0.118551$ & $-0.0676915$ & $0.0804606$ & $0.0586214$ & $-0.248816$ & $-0.312365$ & $0.085958$ & $-0.0181881$ & $-0.019059$ & $0.113329$ & $0.1263$ & $0.12459$ & $-0.0563222$ & $-0.0651254$ & $-0.0689177$ & $0.000510813$ & $0.138217$ & $0.116681$ & $0.0294108$ & $-0.0512755$ & $-0.0288002$ & $0.0188797$ & $-0.13347$ & $-0.0651955$ & $0.940678$ & $-0.155908$ & $-0.0869068$ & $-0.0324937$ & $-0.0464257$ & $0.0422071$ & $-0.0169644$ & $-0.027052$ & $-0.0083395$ & $0.0234015$ & $-0.0223733$ & $-0.0307474$ & $0.0283207$ & $0.0236839$ & $0.0382375$ & $0.0274778$ & $-0.0257815$ & $0.0264629$ \\
CHWB & $-0.0194821$ & $-0.0538346$ & $0.00971447$ & $0.0169711$ & $0.0154662$ & $-0.134465$ & $-0.118551$ & $1$ & $0.982644$ & $-0.573992$ & $-0.875661$ & $0.0955738$ & $0.355082$ & $0.0789598$ & $0.305754$ & $0.308648$ & $-0.247841$ & $-0.446147$ & $-0.44588$ & $0.847952$ & $0.893437$ & $0.877542$ & $0.0771951$ & $-0.670753$ & $-0.403619$ & $-0.519113$ & $0.424029$ & $0.304986$ & $0.027025$ & $0.121785$ & $0.0598903$ & $-0.109325$ & $0.132498$ & $0.565595$ & $0.0193467$ & $-0.0138902$ & $-0.0365597$ & $0.00302815$ & $-0.00372464$ & $-0.000567918$ & $-0.00666873$ & $0.0197608$ & $-0.00411955$ & $0.0147544$ & $-0.00547809$ & $0.0267806$ & $-0.0130262$ & $0.0126353$ & $-0.00189174$ \\
CHWHB_gaga & $-0.0195544$ & $-0.0550476$ & $0.00884807$ & $0.0137562$ & $0.016494$ & $-0.130836$ & $-0.0676915$ & $0.982644$ & $1$ & $-0.564454$ & $-0.854684$ & $0.107762$ & $0.350047$ & $0.0662876$ & $0.294947$ & $0.30167$ & $-0.255184$ & $-0.445239$ & $-0.447781$ & $0.827437$ & $0.872226$ & $0.856675$ & $0.0772156$ & $-0.664519$ & $-0.404645$ & $-0.506894$ & $0.419576$ & $0.299056$ & $0.0304543$ & $0.144703$ & $0.0760504$ & $-0.0652516$ & $0.161919$ & $0.559818$ & $0.00753718$ & $-0.0159466$ & $-0.0491687$ & $0.000795019$ & $-0.0156689$ & $0.00265982$ & $-0.00866463$ & $0.0160772$ & $0.0576413$ & $0.013119$ & $0.00262939$ & $0.0233619$ & $-0.00851951$ & $0.0145676$ & $0.011494$ \\
CHWHB_gagaorth & $0.0212904$ & $0.0084095$ & $-0.011337$ & $-0.0137367$ & $-0.013705$ & $0.0117196$ & $0.0804606$ & $-0.573992$ & $-0.564454$ & $1$ & $0.362191$ & $0.204207$ & $-0.256819$ & $0.22383$ & $-0.136457$ & $-0.142606$ & $0.427743$ & $0.489603$ & $0.488266$ & $-0.351489$ & $-0.378313$ & $-0.371478$ & $-0.0539487$ & $0.547989$ & $0.472108$ & $0.214362$ & $-0.228604$ & $-0.123536$ & $-0.0266276$ & $-0.156223$ & $-0.0886018$ & $0.0898709$ & $-0.158935$ & $-0.345684$ & $0.0196117$ & $0.0329311$ & $0.0351624$ & $0.000836154$ & $0.00217091$ & $-0.0186783$ & $-0.0734581$ & $-0.0133057$ & $0.00671628$ & $-0.0129647$ & $-0.0212938$ & $-0.0498555$ & $-0.038845$ & $-0.000916976$ & $0.00860001$ \\
CHD & $0.00760495$ & $0.0518694$ & $0.00460329$ & $-0.0204309$ & $-0.00448676$ & $0.200656$ & $0.0586214$ & $-0.875661$ & $-0.854684$ & $0.362191$ & $1$ & $0.0815912$ & $-0.159758$ & $-0.503574$ & $-0.43384$ & $-0.424638$ & $-0.217021$ & $0.0704046$ & $0.0699215$ & $-0.990345$ & $-0.991173$ & $-0.970281$ & $-0.0268742$ & $0.299071$ & $0.0144698$ & $0.580598$ & $-0.29421$ & $-0.342932$ & $-0.0133769$ & $-0.0699107$ & $-0.0448823$ & $0.0609723$ & $-0.0737192$ & $-0.36209$ & $-0.00339925$ & $0.021811$ & $0.0319289$ & $0.00147282$ & $-0.00398939$ & $-0.00363929$ & $0.0195923$ & $-0.0072905$ & $0.0237292$ & $-0.0239259$ & $-0.00593631$ & $-0.0274851$ & $0.00509402$ & $-0.010949$ & $0.000844471$ \\
CHbox & $-0.0134846$ & $0.0199028$ & $-0.0177018$ & $0.00850604$ & $0.0039695$ & $0.0301697$ & $-0.248816$ & $0.0955738$ & $0.107762$ & $0.204207$ & $0.0815912$ & $1$ & $0.77558$ & $-0.33813$ & $0.0239508$ & $0.0238086$ & $-0.34981$ & $-0.342308$ & $-0.33588$ & $-0.0720262$ & $-0.078011$ & $-0.0691579$ & $-1.89923e-05$ & $-0.249594$ & $-0.334207$ & $0.0484052$ & $-0.00520681$ & $-0.0171071$ & $0.0421539$ & $0.302023$ & $0.0799153$ & $-0.166791$ & $0.370952$ & $0.0561078$ & $0.0823284$ & $0.0724776$ & $0.00485736$ & $0.0319644$ & $-0.0150874$ & $-0.0180563$ & $-0.0439641$ & $0.0192014$ & $0.0319124$ & $-0.0601041$ & $-0.0563487$ & $-0.0601652$ & $-0.0438673$ & $0.00762879$ & $-0.0114574$ \\
CH & $-0.0291328$ & $0.0125521$ & $-0.0128677$ & $0.0170864$ & $0.00807519$ & $-0.00607932$ & $-0.312365$ & $0.355082$ & $0.350047$ & $-0.256819$ & $-0.159758$ & $0.77558$ & $1$ & $-0.281052$ & $0.0885067$ & $0.0931897$ & $-0.38318$ & $-0.422682$ & $-0.419578$ & $0.157135$ & $0.170228$ & $0.173191$ & $0.0225024$ & $-0.411768$ & $-0.405197$ & $-0.0876495$ & $0.122184$ & $0.0702495$ & $0.0480731$ & $0.254947$ & $0.0883002$ & $-0.268376$ & $0.316751$ & $0.216406$ & $0.0419872$ & $0.037169$ & $-0.00721918$ & $0.0346993$ & $-0.00116924$ & $-0.0207808$ & $-0.00603436$ & $0.0304117$ & $0.0311924$ & $-0.0508697$ & $-0.0381556$ & $-0.0224184$ & $-0.0160441$ & $0.00834654$ & $-0.0161333$ \\
CHL1_11 & $-0.000865411$ & $-0.051714$ & $-0.0171296$ & $0.00538995$ & $0.00849821$ & $0.00676041$ & $0.085958$ & $0.0789598$ & $0.0662876$ & $0.22383$ & $-0.503574$ & $-0.33813$ & $-0.281052$ & $1$ & $0.27252$ & $0.25211$ & $0.675509$ & $0.612345$ & $0.61137$ & $0.518928$ & $0.464032$ & $0.448846$ & $-0.0636296$ & $0.488727$ & $0.613799$ & $-0.277645$ & $-0.0958547$ & $0.167387$ & $-0.0225409$ & $-0.0765468$ & $-0.0219758$ & $0.0624726$ & $-0.0829066$ & $-0.227363$ & $-0.0215105$ & $-0.0208295$ & $0.011631$ & $-0.00837118$ & $0.00991509$ & $0.00932397$ & $-0.0203293$ & $-0.0188689$ & $-0.0310782$ & $0.0267675$ & $0.0122087$ & $0.0127945$ & $0.0139236$ & $-0.00772757$ & $0.0165265$ \\
CHL1_22 & $0.00971892$ & $-0.0334923$ & $0.00296969$ & $0.00195845$ & $0.0124596$ & $-0.0996855$ & $-0.0181881$ & $0.305754$ & $0.294947$ & $-0.136457$ & $-0.43384$ & $0.0239508$ & $0.0885067$ & $0.27252$ & $1$ & $0.452763$ & $0.174972$ & $-0.432421$ & $-0.0280237$ & $0.498891$ & $0.351156$ & $0.346537$ & $-0.159096$ & $0.0984211$ & $-0.123958$ & $-0.21489$ & $-0.391092$ & $0.126505$ & $0.0172716$ & $0.0434329$ & $0.0394569$ & $-0.0135893$ & $0.0606094$ & $-0.581672$ & $-0.011947$ & $-0.0174663$ & $-0.00552089$ & $0.017407$ & $-0.0245023$ & $0.014501$ & $0.0062627$ & $0.0247511$ & $-0.0469877$ & $0.00755294$ & $0.00042321$ & $0.0278906$ & $0.00645785$ & $0.0244222$ & $0.015709$ \\
CHL1_33 & $-0.0271531$ & $-0.0266312$ & $-0.00887565$ & $0.0246721$ & $0.00619403$ & $-0.087506$ & $-0.019059$ & $0.308648$ & $0.30167$ & $-0.142606$ & $-0.424638$ & $0.0238086$ & $0.0931897$ & $0.25211$ & $0.452763$ & $1$ & $0.152806$ & $-0.0406151$ & $-0.43634$ & $0.488013$ & $0.345814$ & $0.363346$ & $-0.1536$ & $0.0919432$ & $-0.127663$ & $-0.209946$ & $-0.369243$ & $0.12274$ & $0.00457483$ & $0.0388678$ & $0.0306859$ & $-0.0124055$ & $0.0536717$ & $-0.090161$ & $0.00845702$ & $-0.0106271$ & $-0.0146191$ & $-0.000503118$ & $-0.0130604$ & $0.00714562$ & $0.00205965$ & $-0.0198906$ & $-0.0294709$ & $-0.0143115$ & $-0.0121275$ & $0.0234754$ & $-0.00668452$ & $0.000659789$ & $0.0141088$ \\
CHL3_11 & $0.00956271$ & $0.00596838$ & $-0.0103895$ & $-0.000749085$ & $-0.012166$ & $-0.266083$ & $0.113329$ & $-0.247841$ & $-0.255184$ & $0.427743$ & $-0.217021$ & $-0.34981$ & $-0.38318$ & $0.675509$ & $0.174972$ & $0.152806$ & $1$ & $0.742912$ & $0.743514$ & $0.238567$ & $0.183171$ & $0.173115$ & $-0.0669824$ & $0.687035$ & $0.785294$ & $-0.115345$ & $-0.158886$ & $0.0717995$ & $-0.0250938$ & $-0.0967818$ & $-0.031538$ & $0.0912655$ & $-0.114472$ & $-0.268656$ & $-0.0329809$ & $-0.02096$ & $0.00076105$ & $-0.0101426$ & $0.0228277$ & $0.00690733$ & $-0.0314351$ & $-0.0218535$ & $-0.037507$ & $0.0219554$ & $0.0195277$ & $-0.0062474$ & $0.010716$ & $0.00142156$ & $-0.007531$ \\
CHL3_22 & $-0.00267234$ & $-8.75214e-05$ & $-0.0168629$ & $-0.000883492$ & $-0.013552$ & $-0.0472314$ & $0.1263$ & $-0.446147$ & $-0.445239$ & $0.489603$ & $0.0704046$ & $-0.342308$ & $-0.422682$ & $0.612345$ & $-0.432421$ & $-0.0406151$ & $0.742912$ & $1$ & $0.690546$ & $-0.0740838$ & $-0.0669484$ & $-0.0708625$ & $0.00342511$ & $0.641431$ & $0.803411$ & $0.0370167$ & $-0.00709609$ & $-0.0178265$ & $-0.0370999$ & $-0.127395$ & $-0.0578073$ & $0.101768$ & $-0.147784$ & $0.00635816$ & $-0.0214641$ & $-0.00781531$ & $0.0163101$ & $-0.0192534$ & $0.0324912$ & $-0.000207983$ & $-0.0247109$ & $-0.0405659$ & $-0.00577168$ & $0.0119711$ & $0.0153299$ & $-0.0192495$ & $0.00914714$ & $-0.0194507$ & $-0.00075192$ \\
CHL3_33 & $0.0228053$ & $-0.00442286$ & $-0.00875991$ & $-0.0211945$ & $-0.0124485$ & $-0.0539974$ & $0.12459$ & $-0.44588$ & $-0.447781$ & $0.488266$ & $0.0699215$ & $-0.33588$ & $-0.419578$ & $0.61137$ & $-0.0280237$ & $-0.43634$ & $0.743514$ & $0.690546$ & $1$ & $-0.073295$ & $-0.067039$ & $-0.066603$ & $0.00359288$ & $0.633588$ & $0.797055$ & $0.0358715$ & $-0.0136742$ & $-0.0167454$ & $-0.0284536$ & $-0.122663$ & $-0.0512098$ & $0.0993203$ & $-0.1426$ & $-0.35856$ & $-0.0284803$ & $-0.0132506$ & $0.0218154$ & $-0.00733997$ & $0.0191843$ & $0.00178007$ & $-0.0202881$ & $-0.00599977$ & $-0.0107754$ & $0.0250599$ & $0.0257805$ & $-0.0193493$ & $0.01881$ & $-0.00181019$ & $-0.00176865$ \\
CHe_11 & $-0.0186587$ & $-0.0338495$ & $0.00638526$ & $0.0202627$ & $0.0136843$ & $-0.200574$ & $-0.0563222$ & $0.847952$ & $0.827437$ & $-0.351489$ & $-0.990345$ & $-0.0720262$ & $0.157135$ & $0.518928$ & $0.498891$ & $0.488013$ & $0.238567$ & $-0.0740838$ & $-0.073295$ & $1$ & $0.973101$ & $0.953149$ & $0.00395379$ & $-0.248326$ & $-0.00818358$ & $-0.571749$ & $0.220382$ & $0.335619$ & $0.0145049$ & $0.0692724$ & $0.0462085$ & $-0.0574941$ & $0.0736141$ & $0.284495$ & $0.00358245$ & $-0.0211237$ & $-0.026475$ & $0.0011514$ & $0.00246854$ & $0.00537616$ & $-0.0155236$ & $0.00702614$ & $-0.0255944$ & $0.0208417$ & $0.00532659$ & $0.0218612$ & $-0.00192067$ & $0.014547$ & $-0.00278219$ \\
CHe_22 & $-0.0169893$ & $-0.024013$ & $0.00641108$ & $0.0208513$ & $0.0140255$ & $-0.202744$ & $-0.0651254$ & $0.893437$ & $0.872226$ & $-0.378313$ & $-0.991173$ & $-0.078011$ & $0.170228$ & $0.464032$ & $0.351156$ & $0.345814$ & $0.183171$ & $-0.0669484$ & $-0.067039$ & $0.973101$ & $1$ & $0.975185$ & $0.0532354$ & $-0.354509$ & $-0.0212169$ & $-0.582812$ & $0.374015$ & $0.343107$ & $0.013815$ & $0.0711856$ & $0.0429823$ & $-0.0673968$ & $0.0714505$ & $0.448314$ & $0.00646485$ & $-0.0183167$ & $-0.0295687$ & $-0.00197433$ & $0.0063501$ & $0.000753803$ & $-0.0189434$ & $0.00770882$ & $-0.018304$ & $0.0248602$ & $0.00293179$ & $0.0199009$ & $-0.00405228$ & $0.0126575$ & $-0.00957727$ \\
CHe_33 & $-0.0184134$ & $-0.0267409$ & $0.00921278$ & $0.0172654$ & $0.00831748$ & $-0.198507$ & $-0.0689177$ & $0.877542$ & $0.856675$ & $-0.371478$ & $-0.970281$ & $-0.0691579$ & $0.173191$ & $0.448846$ & $0.346537$ & $0.363346$ & $0.173115$ & $-0.0708625$ & $-0.066603$ & $0.953149$ & $0.975185$ & $1$ & $0.0515064$ & $-0.35045$ & $-0.0257032$ & $-0.569498$ & $0.364995$ & $0.338019$ & $0.0112649$ & $0.0718726$ & $0.040232$ & $-0.0697984$ & $0.0713226$ & $0.440697$ & $0.0134276$ & $-0.0216088$ & $-0.029067$ & $-0.00663283$ & $0.0070609$ & $-0.000514005$ & $-0.0178092$ & $0.00828978$ & $-0.0135295$ & $0.0270413$ & $0.00279375$ & $0.0152305$ & $-0.00264243$ & $0.00993963$ & $-0.00692192$ \\
CHQ1_11 & $-0.024915$ & $0.0288422$ & $0.0270013$ & $0.00998177$ & $-0.000616317$ & $-0.0260709$ & $0.000510813$ & $0.0771951$ & $0.0772156$ & $-0.0539487$ & $-0.0268742$ & $-1.89923e-05$ & $0.0225024$ & $-0.0636296$ & $-0.159096$ & $-0.1536$ & $-0.0669824$ & $0.00342511$ & $0.00359288$ & $0.00395379$ & $0.0532354$ & $0.0515064$ & $1$ & $-0.12712$ & $0.0782818$ & $-0.679368$ & $0.344163$ & $0.0244289$ & $-0.000291883$ & $0.0294085$ & $0.00733629$ & $0.00622241$ & $0.00908866$ & $0.198749$ & $-0.00767759$ & $-0.00309026$ & $-0.0329655$ & $0.00852269$ & $0.0041355$ & $-1.23609e-05$ & $-0.00187725$ & $0.0164611$ & $-0.00311737$ & $0.0136511$ & $-0.010381$ & $-0.0191407$ & $-0.0149665$ & $-0.0273336$ & $-0.0298685$ \\
CHQ1_33 & $-0.0448963$ & $-0.0221262$ & $-0.0152121$ & $-0.0155709$ & $-0.00723964$ & $-0.00177217$ & $0.138217$ & $-0.670753$ & $-0.664519$ & $0.547989$ & $0.299071$ & $-0.249594$ & $-0.411768$ & $0.488727$ & $0.0984211$ & $0.0919432$ & $0.687035$ & $0.641431$ & $0.633588$ & $-0.248326$ & $-0.354509$ & $-0.35045$ & $-0.12712$ & $1$ & $0.654877$ & $0.197598$ & $-0.412067$ & $-0.00880278$ & $-0.0225923$ & $-0.121094$ & $-0.0521865$ & $0.120608$ & $-0.12812$ & $-0.62934$ & $-0.0261451$ & $-0.00516347$ & $0.0229941$ & $0.00332561$ & $0.024574$ & $0.00728494$ & $-0.00568221$ & $-0.0227744$ & $-0.0188361$ & $-0.00380968$ & $0.00914807$ & $-0.0231479$ & $0.0171595$ & $-0.00624657$ & $0.0133812$ \\
CHQ3_11 & $-0.114217$ & $-0.00433838$ & $-0.00302512$ & $-0.0198663$ & $-0.0181347$ & $-0.0934012$ & $0.116681$ & $-0.403619$ & $-0.404645$ & $0.472108$ & $0.0144698$ & $-0.334207$ & $-0.405197$ & $0.613799$ & $-0.123958$ & $-0.127663$ & $0.785294$ & $0.803411$ & $0.797055$ & $-0.00818358$ & $-0.0212169$ & $-0.0257032$ & $0.0782818$ & $0.654877$ & $1$ & $0.0104498$ & $0.200649$ & $-6.26464e-05$ & $-0.0314565$ & $-0.119575$ & $-0.0488622$ & $0.0916988$ & $-0.145009$ & $-0.212472$ & $-0.0119391$ & $-0.0136063$ & $0.0167977$ & $-0.0153247$ & $0.0353904$ & $-0.00201438$ & $-0.0177445$ & $-0.0192131$ & $-0.00542912$ & $0.00830778$ & $0.00673007$ & $-0.0494094$ & $0.0131358$ & $-0.00461547$ & $-0.0174128$ \\
CHu_11 & $-0.0141919$ & $-0.00937728$ & $-0.0189533$ & $-0.0215616$ & $-0.0132994$ & $0.131425$ & $0.0294108$ & $-0.519113$ & $-0.506894$ & $0.214362$ & $0.580598$ & $0.0484052$ & $-0.0876495$ & $-0.277645$ & $-0.21489$ & $-0.209946$ & $-0.115345$ & $0.0370167$ & $0.0358715$ & $-0.571749$ & $-0.582812$ & $-0.569498$ & $-0.679368$ & $0.197598$ & $0.0104498$ & $1$ & $-0.186169$ & $-0.201828$ & $7.66791e-05$ & $-0.0573943$ & $-0.0295416$ & $0.0255407$ & $-0.0442489$ & $-0.254417$ & $0.00508738$ & $0.0101059$ & $0.0231648$ & $-0.00545745$ & $0.00993002$ & $-0.0147812$ & $0.0189985$ & $-0.0114337$ & $0.0229887$ & $-0.0233116$ & $0.0115656$ & $-0.00660955$ & $0.0180336$ & $0.00895941$ & $0.0165696$ \\
CHd_11 & $-0.0421217$ & $0.014029$ & $0.0200677$ & $-0.00432251$ & $-0.00809976$ & $-0.0801962$ & $-0.0512755$ & $0.424029$ & $0.419576$ & $-0.228604$ & $-0.29421$ & $-0.00520681$ & $0.122184$ & $-0.0958547$ & $-0.391092$ & $-0.369243$ & $-0.158886$ & $-0.00709609$ & $-0.0136742$ & $0.220382$ & $0.374015$ & $0.364995$ & $0.344163$ & $-0.412067$ & $0.200649$ & $-0.186169$ & $1$ & $0.116525$ & $0.009422$ & $0.0405205$ & $0.0105916$ & $-0.0548317$ & $0.0200527$ & $0.684964$ & $0.0220834$ & $-0.00522046$ & $-0.0340513$ & $-0.00860504$ & $0.0300901$ & $-0.0165313$ & $-0.00739799$ & $0.011238$ & $0.0313408$ & $0.021564$ & $0.00466325$ & $-0.022995$ & $-0.00875419$ & $0.00581387$ & $-0.0414032$ \\
CHd_33 & $-0.00283564$ & $-0.0352274$ & $0.0136322$ & $0.0192691$ & $-2.5156e-05$ & $-0.0832107$ & $-0.0288002$ & $0.304986$ & $0.299056$ & $-0.123536$ & $-0.342932$ & $-0.0171071$ & $0.0702495$ & $0.167387$ & $0.126505$ & $0.12274$ & $0.0717995$ & $-0.0178265$ & $-0.0167454$ & $0.335619$ & $0.343107$ & $0.338019$ & $0.0244289$ & $-0.00880278$ & $-6.26464e-05$ & $-0.201828$ & $0.116525$ & $1$ & $-0.00206444$ & $0.0304912$ & $0.0159787$ & $-0.0284271$ & $0.022416$ & $0.147152$ & $0.031471$ & $-0.0132926$ & $-0.0142234$ & $0.0189138$ & $0.0252512$ & $-0.00909371$ & $0.00326282$ & $0.0135865$ & $-0.00720924$ & $0.0122278$ & $0.00500996$ & $-0.00491748$ & $-0.0155614$ & $0.0138605$ & $0.000312406$ \\
CeH_22r & $0.000665438$ & $-0.00505182$ & $0.000496924$ & $0.0180736$ & $-0.0189568$ & $0.0098129$ & $0.0188797$ & $0.027025$ & $0.0304543$ & $-0.0266276$ & $-0.0133769$ & $0.0421539$ & $0.0480731$ & $-0.0225409$ & $0.0172716$ & $0.00457483$ & $-0.0250938$ & $-0.0370999$ & $-0.0284536$ & $0.0145049$ & $0.013815$ & $0.0112649$ & $-0.000291883$ & $-0.0225923$ & $-0.0314565$ & $7.66791e-05$ & $0.009422$ & $-0.00206444$ & $1$ & $0.0447154$ & $0.0179199$ & $0.0115136$ & $0.0531041$ & $0.00810075$ & $0.00541497$ & $-0.0164016$ & $0.00198224$ & $-0.0181538$ & $-0.00579276$ & $0.00804233$ & $0.00140141$ & $-0.0167308$ & $-0.00628691$ & $0.00486206$ & $0.00611286$ & $0.0259864$ & $0.0180042$ & $0.00245335$ & $0.0146667$ \\
CeH_33r & $0.0189928$ & $-0.00227697$ & $0.00104601$ & $0.0051395$ & $0.0187314$ & $-0.026283$ & $-0.13347$ & $0.121785$ & $0.144703$ & $-0.156223$ & $-0.0699107$ & $0.302023$ & $0.254947$ & $-0.0765468$ & $0.0434329$ & $0.0388678$ & $-0.0967818$ & $-0.127395$ & $-0.122663$ & $0.0692724$ & $0.0711856$ & $0.0718726$ & $0.0294085$ & $-0.121094$ & $-0.119575$ & $-0.0573943$ & $0.0405205$ & $0.0304912$ & $0.0447154$ & $1$ & $0.327552$ & $0.0109511$ & $0.650514$ & $0.0662753$ & $-0.0450428$ & $-0.0359441$ & $-0.17798$ & $-0.016165$ & $-0.0295313$ & $-3.60054e-05$ & $-0.00138939$ & $0.00243789$ & $0.0301132$ & $-0.00807966$ & $0.0298705$ & $-0.0140211$ & $0.0153868$ & $-0.00676312$ & $-0.0189906$ \\
CuH_22r & $0.0172279$ & $0.0355834$ & $-0.0223137$ & $-0.0170619$ & $0.00863834$ & $-0.0174008$ & $-0.0651955$ & $0.0598903$ & $0.0760504$ & $-0.0886018$ & $-0.0448823$ & $0.0799153$ & $0.0883002$ & $-0.0219758$ & $0.0394569$ & $0.0306859$ & $-0.031538$ & $-0.0578073$ & $-0.0512098$ & $0.0462085$ & $0.0429823$ & $0.040232$ & $0.00733629$ & $-0.0521865$ & $-0.0488622$ & $-0.0295416$ & $0.0105916$ & $0.0159787$ & $0.0179199$ & $0.327552$ & $1$ & $0.0234663$ & $0.362993$ & $0.0191084$ & $-0.0158968$ & $-0.0394951$ & $-0.115087$ & $-0.0228666$ & $-0.0134972$ & $0.00501927$ & $0.0132347$ & $-0.0318986$ & $0.00523856$ & $0.0373653$ & $-0.00354839$ & $0.110396$ & $0.316469$ & $-0.0200599$ & $-0.00408304$ \\
CuH_33r & $0.0570469$ & $-0.0575025$ & $0.0422087$ & $0.017037$ & $0.000137691$ & $-0.00207226$ & $0.940678$ & $-0.109325$ & $-0.0652516$ & $0.0898709$ & $0.0609723$ & $-0.166791$ & $-0.268376$ & $0.0624726$ & $-0.0135893$ & $-0.0124055$ & $0.0912655$ & $0.101768$ & $0.0993203$ & $-0.0574941$ & $-0.0673968$ & $-0.0697984$ & $0.00622241$ & $0.120608$ & $0.0916988$ & $0.0255407$ & $-0.0548317$ & $-0.0284271$ & $0.0115136$ & $0.0109511$ & $0.0234663$ & $1$ & $0.0140283$ & $-0.0826513$ & $0.0415124$ & $0.00246878$ & $0.0105707$ & $-0.0181679$ & $-0.0315131$ & $-0.0101617$ & $0.00993096$ & $-0.0257834$ & $-0.00782982$ & $0.0130487$ & $0.0164681$ & $0.0204689$ & $0.0227758$ & $-0.0214576$ & $0.0261703$ \\
CdH_33r & $0.013973$ & $-0.092666$ & $-0.0338668$ & $-0.0417044$ & $0.0168315$ & $-0.00980824$ & $-0.155908$ & $0.132498$ & $0.161919$ & $-0.158935$ & $-0.0737192$ & $0.370952$ & $0.316751$ & $-0.0829066$ & $0.0606094$ & $0.0536717$ & $-0.114472$ & $-0.147784$ & $-0.1426$ & $0.0736141$ & $0.0714505$ & $0.0713226$ & $0.00908866$ & $-0.12812$ & $-0.145009$ & $-0.0442489$ & $0.0200527$ & $0.022416$ & $0.0531041$ & $0.650514$ & $0.362993$ & $0.0140283$ & $1$ & $0.0539744$ & $-0.0749276$ & $-0.0394794$ & $-0.161785$ & $-0.029542$ & $-0.0797579$ & $0.0195761$ & $0.0419138$ & $-0.0112524$ & $0.116206$ & $-0.00245759$ & $-0.0732974$ & $-0.0347134$ & $0.0539779$ & $0.140817$ & $0.430045$ \\
CLL_1221 & $-0.0215945$ & $0.0521251$ & $0.0144737$ & $0.0167255$ & $-0.00338271$ & $-0.115298$ & $-0.0869068$ & $0.565595$ & $0.559818$ & $-0.345684$ & $-0.36209$ & $0.0561078$ & $0.216406$ & $-0.227363$ & $-0.581672$ & $-0.090161$ & $-0.268656$ & $0.00635816$ & $-0.35856$ & $0.284495$ & $0.448314$ & $0.440697$ & $0.198749$ & $-0.62934$ & $-0.212472$ & $-0.254417$ & $0.684964$ & $0.147152$ & $0.00810075$ & $0.0662753$ & $0.0191084$ & $-0.0826513$ & $0.0539744$ & $1$ & $0.0233828$ & $0.00719273$ & $-0.0270767$ & $-0.00982034$ & $0.0198451$ & $-0.0133962$ & $-0.0130805$ & $-0.00646835$ & $0.0305264$ & $0.00639848$ & $-0.00590979$ & $-0.00788883$ & $-0.0120248$ & $-0.00491997$ & $-0.0326539$ \\
eHggint & $-0.0469612$ & $0.0140211$ & $0.0212857$ & $0.142094$ & $-0.00697205$ & $0.0144787$ & $-0.0324937$ & $0.0193467$ & $0.00753718$ & $0.0196117$ & $-0.00339925$ & $0.0823284$ & $0.0419872$ & $-0.0215105$ & $-0.011947$ & $0.00845702$ & $-0.0329809$ & $-0.0214641$ & $-0.0284803$ & $0.00358245$ & $0.00646485$ & $0.0134276$ & $-0.00767759$ & $-0.0261451$ & $-0.0119391$ & $0.00508738$ & $0.0220834$ & $0.031471$ & $0.00541497$ & $-0.0450428$ & $-0.0158968$ & $0.0415124$ & $-0.0749276$ & $0.0233828$ & $1$ & $0.0323328$ & $0.0705548$ & $0.00975771$ & $0.061623$ & $-0.0216863$ & $-0.013748$ & $0.0154197$ & $0.139402$ & $0.0122916$ & $0.0194776$ & $-0.136142$ & $-0.0338624$ & $0.115462$ & $-0.102472$ \\
eHggpar & $-0.0398426$ & $0.110974$ & $-0.0864077$ & $0.0334149$ & $-0.0379673$ & $-0.0191414$ & $-0.0464257$ & $-0.0138902$ & $-0.0159466$ & $0.0329311$ & $0.021811$ & $0.0724776$ & $0.037169$ & $-0.0208295$ & $-0.0174663$ & $-0.0106271$ & $-0.02096$ & $-0.00781531$ & $-0.0132506$ & $-0.0211237$ & $-0.0183167$ & $-0.0216088$ & $-0.00309026$ & $-0.00516347$ & $-0.0136063$ & $0.0101059$ & $-0.00522046$ & $-0.0132926$ & $-0.0164016$ & $-0.0359441$ & $-0.0394951$ & $0.00246878$ & $-0.0394794$ & $0.00719273$ & $0.0323328$ & $1$ & $0.105009$ & $-0.0148754$ & $-0.117112$ & $-0.03633$ & $-0.162876$ & $-0.0228587$ & $0.103832$ & $-0.264448$ & $0.0514621$ & $-0.0561671$ & $-0.0744366$ & $0.0256966$ & $-0.026321$ \\
eHWWint & $-0.0835457$ & $0.0577867$ & $0.0961303$ & $-0.0143023$ & $0.00684029$ & $0.0256531$ & $0.0422071$ & $-0.0365597$ & $-0.0491687$ & $0.0351624$ & $0.0319289$ & $0.00485736$ & $-0.00721918$ & $0.011631$ & $-0.00552089$ & $-0.0146191$ & $0.00076105$ & $0.0163101$ & $0.0218154$ & $-0.026475$ & $-0.0295687$ & $-0.029067$ & $-0.0329655$ & $0.0229941$ & $0.0167977$ & $0.0231648$ & $-0.0340513$ & $-0.0142234$ & $0.00198224$ & $-0.17798$ & $-0.115087$ & $0.0105707$ & $-0.161785$ & $-0.0270767$ & $0.0705548$ & $0.105009$ & $1$ & $0.0228073$ & $0.0349209$ & $0.0122837$ & $0.0770812$ & $0.0034089$ & $-0.0650479$ & $-0.00545494$ & $0.026847$ & $-0.0379483$ & $-0.0373516$ & $0.0028647$ & $0.102533$ \\
eHWWpar & $-0.0156172$ & $0.0325965$ & $0.0207302$ & $-0.00183514$ & $-0.00749317$ & $0.00238024$ & $-0.0169644$ & $0.00302815$ & $0.000795019$ & $0.000836154$ & $0.00147282$ & $0.0319644$ & $0.0346993$ & $-0.00837118$ & $0.017407$ & $-0.000503118$ & $-0.0101426$ & $-0.0192534$ & $-0.00733997$ & $0.0011514$ & $-0.00197433$ & $-0.00663283$ & $0.00852269$ & $0.00332561$ & $-0.0153247$ & $-0.00545745$ & $-0.00860504$ & $0.0189138$ & $-0.0181538$ & $-0.016165$ & $-0.0228666$ & $-0.0181679$ & $-0.029542$ & $-0.00982034$ & $0.00975771$ & $-0.0148754$ & $0.0228073$ & $1$ & $0.013988$ & $0.00369076$ & $0.026435$ & $0.0215187$ & $0.0075521$ & $-0.00242234$ & $-0.0163433$ & $-0.00271591$ & $-0.0313374$ & $-7.26329e-06$ & $-0.0254417$ \\
eHZZint & $-0.0491251$ & $-0.024544$ & $0.00233731$ & $-0.0658151$ & $-0.00301461$ & $-0.0114536$ & $-0.027052$ & $-0.00372464$ & $-0.0156689$ & $0.00217091$ & $-0.00398939$ & $-0.0150874$ & $-0.00116924$ & $0.00991509$ & $-0.0245023$ & $-0.0130604$ & $0.0228277$ & $0.0324912$ & $0.0191843$ & $0.00246854$ & $0.0063501$ & $0.0070609$ & $0.0041355$ & $0.024574$ & $0.0353904$ & $0.00993002$ & $0.0300901$ & $0.0252512$ & $-0.00579276$ & $-0.0295313$ & $-0.0134972$ & $-0.0315131$ & $-0.0797579$ & $0.0198451$ & $0.061623$ & $-0.117112$ & $0.0349209$ & $0.013988$ & $1$ & $-0.0599379$ & $-0.0414055$ & $0.0554732$ & $-0.0907033$ & $0.0395118$ & $0.0121445$ & $-0.0525572$ & $0.0213367$ & $-0.0686479$ & $-0.0721514$ \\
eHZZpar & $0.0200929$ & $-0.0211856$ & $0.0163427$ & $-0.0439856$ & $-0.00402954$ & $0.00914109$ & $-0.0083395$ & $-0.000567918$ & $0.00265982$ & $-0.0186783$ & $-0.00363929$ & $-0.0180563$ & $-0.0207808$ & $0.00932397$ & $0.014501$ & $0.00714562$ & $0.00690733$ & $-0.000207983$ & $0.00178007$ & $0.00537616$ & $0.000753803$ & $-0.000514005$ & $-1.23609e-05$ & $0.00728494$ & $-0.00201438$ & $-0.0147812$ & $-0.0165313$ & $-0.00909371$ & $0.00804233$ & $-3.60054e-05$ & $0.00501927$ & $-0.0101617$ & $0.0195761$ & $-0.0133962$ & $-0.0216863$ & $-0.03633$ & $0.0122837$ & $0.00369076$ & $-0.0599379$ & $1$ & $0.0459298$ & $0.00416969$ & $0.0105532$ & $0.0246959$ & $-0.0154282$ & $-0.0232054$ & $0.0384474$ & $-0.0108748$ & $0.0311533$ \\
eHZgaint & $-0.02719$ & $0.0250341$ & $0.192091$ & $-0.192439$ & $-0.00948997$ & $0.0254719$ & $0.0234015$ & $-0.00666873$ & $-0.00866463$ & $-0.0734581$ & $0.0195923$ & $-0.0439641$ & $-0.00603436$ & $-0.0203293$ & $0.0062627$ & $0.00205965$ & $-0.0314351$ & $-0.0247109$ & $-0.0202881$ & $-0.0155236$ & $-0.0189434$ & $-0.0178092$ & $-0.00187725$ & $-0.00568221$ & $-0.0177445$ & $0.0189985$ & $-0.00739799$ & $0.00326282$ & $0.00140141$ & $-0.00138939$ & $0.0132347$ & $0.00993096$ & $0.0419138$ & $-0.0130805$ & $-0.013748$ & $-0.162876$ & $0.0770812$ & $0.026435$ & $-0.0414055$ & $0.0459298$ & $1$ & $0.01365$ & $-0.045136$ & $0.0550874$ & $-0.0287554$ & $-0.0254716$ & $0.106107$ & $0.168523$ & $0.0697556$ \\
eHZgapar & $-0.0219357$ & $-0.0174668$ & $0.0365018$ & $-0.00572037$ & $0.0199148$ & $0.0112285$ & $-0.0223733$ & $0.0197608$ & $0.0160772$ & $-0.0133057$ & $-0.0072905$ & $0.0192014$ & $0.0304117$ & $-0.0188689$ & $0.0247511$ & $-0.0198906$ & $-0.0218535$ & $-0.0405659$ & $-0.00599977$ & $0.00702614$ & $0.00770882$ & $0.00828978$ & $0.0164611$ & $-0.0227744$ & $-0.0192131$ & $-0.0114337$ & $0.011238$ & $0.0135865$ & $-0.0167308$ & $0.00243789$ & $-0.0318986$ & $-0.0257834$ & $-0.0112524$ & $-0.00646835$ & $0.0154197$ & $-0.0228587$ & $0.0034089$ & $0.0215187$ & $0.0554732$ & $0.00416969$ & $0.01365$ & $1$ & $0.00772628$ & $-0.0209146$ & $-0.0394096$ & $-0.0196447$ & $-0.0531819$ & $0.0323005$ & $-0.0176441$ \\
eHgagaint & $-0.0712916$ & $0.00357484$ & $-0.0086218$ & $-0.0666627$ & $-0.0071219$ & $-0.0138526$ & $-0.0307474$ & $-0.00411955$ & $0.0576413$ & $0.00671628$ & $0.0237292$ & $0.0319124$ & $0.0311924$ & $-0.0310782$ & $-0.0469877$ & $-0.0294709$ & $-0.037507$ & $-0.00577168$ & $-0.0107754$ & $-0.0255944$ & $-0.018304$ & $-0.0135295$ & $-0.00311737$ & $-0.0188361$ & $-0.00542912$ & $0.0229887$ & $0.0313408$ & $-0.00720924$ & $-0.00628691$ & $0.0301132$ & $0.00523856$ & $-0.00782982$ & $0.116206$ & $0.0305264$ & $0.139402$ & $0.103832$ & $-0.0650479$ & $0.0075521$ & $-0.0907033$ & $0.0105532$ & $-0.045136$ & $0.00772628$ & $1$ & $-0.131966$ & $0.112908$ & $-0.061329$ & $0.0152036$ & $0.0966488$ & $0.197026$ \\
eHmumuint & $0.15375$ & $-0.0149528$ & $0.216182$ & $-0.0300483$ & $0.0104761$ & $-0.00125903$ & $0.0283207$ & $0.0147544$ & $0.013119$ & $-0.0129647$ & $-0.0239259$ & $-0.0601041$ & $-0.0508697$ & $0.0267675$ & $0.00755294$ & $-0.0143115$ & $0.0219554$ & $0.0119711$ & $0.0250599$ & $0.0208417$ & $0.0248602$ & $0.0270413$ & $0.0136511$ & $-0.00380968$ & $0.00830778$ & $-0.0233116$ & $0.021564$ & $0.0122278$ & $0.00486206$ & $-0.00807966$ & $0.0373653$ & $0.0130487$ & $-0.00245759$ & $0.00639848$ & $0.0122916$ & $-0.264448$ & $-0.00545494$ & $-0.00242234$ & $0.0395118$ & $0.0246959$ & $0.0550874$ & $-0.0209146$ & $-0.131966$ & $1$ & $-0.00757018$ & $0.133845$ & $0.0549602$ & $-0.0543476$ & $0.0461332$ \\
eHtautauint & $0.110071$ & $0.00460529$ & $-0.0590574$ & $0.119321$ & $-0.0179651$ & $-0.0141467$ & $0.0236839$ & $-0.00547809$ & $0.00262939$ & $-0.0212938$ & $-0.00593631$ & $-0.0563487$ & $-0.0381556$ & $0.0122087$ & $0.00042321$ & $-0.0121275$ & $0.0195277$ & $0.0153299$ & $0.0257805$ & $0.00532659$ & $0.00293179$ & $0.00279375$ & $-0.010381$ & $0.00914807$ & $0.00673007$ & $0.0115656$ & $0.00466325$ & $0.00500996$ & $0.00611286$ & $0.0298705$ & $-0.00354839$ & $0.0164681$ & $-0.0732974$ & $-0.00590979$ & $0.0194776$ & $0.0514621$ & $0.026847$ & $-0.0163433$ & $0.0121445$ & $-0.0154282$ & $-0.0287554$ & $-0.0394096$ & $0.112908$ & $-0.00757018$ & $1$ & $0.0539829$ & $0.0878419$ & $0.0543154$ & $-0.0877516$ \\
eHccint & $0.222723$ & $-0.0933616$ & $-0.0302789$ & $0.0232346$ & $-0.0368958$ & $0.00177821$ & $0.0382375$ & $0.0267806$ & $0.0233619$ & $-0.0498555$ & $-0.0274851$ & $-0.0601652$ & $-0.0224184$ & $0.0127945$ & $0.0278906$ & $0.0234754$ & $-0.0062474$ & $-0.0192495$ & $-0.0193493$ & $0.0218612$ & $0.0199009$ & $0.0152305$ & $-0.0191407$ & $-0.0231479$ & $-0.0494094$ & $-0.00660955$ & $-0.022995$ & $-0.00491748$ & $0.0259864$ & $-0.0140211$ & $0.110396$ & $0.0204689$ & $-0.0347134$ & $-0.00788883$ & $-0.136142$ & $-0.0561671$ & $-0.0379483$ & $-0.00271591$ & $-0.0525572$ & $-0.0232054$ & $-0.0254716$ & $-0.0196447$ & $-0.061329$ & $0.133845$ & $0.0539829$ & $1$ & $0.159581$ & $-0.0504342$ & $-0.0167998$ \\
eHccpar & $-0.0470968$ & $0.0923929$ & $-0.00643377$ & $-0.0771096$ & $0.00111192$ & $0.00110983$ & $0.0274778$ & $-0.0130262$ & $-0.00851951$ & $-0.038845$ & $0.00509402$ & $-0.0438673$ & $-0.0160441$ & $0.0139236$ & $0.00645785$ & $-0.00668452$ & $0.010716$ & $0.00914714$ & $0.01881$ & $-0.00192067$ & $-0.00405228$ & $-0.00264243$ & $-0.0149665$ & $0.0171595$ & $0.0131358$ & $0.0180336$ & $-0.00875419$ & $-0.0155614$ & $0.0180042$ & $0.0153868$ & $0.316469$ & $0.0227758$ & $0.0539779$ & $-0.0120248$ & $-0.0338624$ & $-0.0744366$ & $-0.0373516$ & $-0.0313374$ & $0.0213367$ & $0.0384474$ & $0.106107$ & $-0.0531819$ & $0.0152036$ & $0.0549602$ & $0.0878419$ & $0.159581$ & $1$ & $0.0430746$ & $0.0855247$ \\
eHbbint & $0.0225492$ & $0.0305848$ & $0.111315$ & $-0.0868261$ & $0.012033$ & $-0.0224802$ & $-0.0257815$ & $0.0126353$ & $0.0145676$ & $-0.000916976$ & $-0.010949$ & $0.00762879$ & $0.00834654$ & $-0.00772757$ & $0.0244222$ & $0.000659789$ & $0.00142156$ & $-0.0194507$ & $-0.00181019$ & $0.014547$ & $0.0126575$ & $0.00993963$ & $-0.0273336$ & $-0.00624657$ & $-0.00461547$ & $0.00895941$ & $0.00581387$ & $0.0138605$ & $0.00245335$ & $-0.00676312$ & $-0.0200599$ & $-0.0214576$ & $0.140817$ & $-0.00491997$ & $0.115462$ & $0.0256966$ & $0.0028647$ & $-7.26329e-06$ & $-0.0686479$ & $-0.0108748$ & $0.168523$ & $0.0323005$ & $0.0966488$ & $-0.0543476$ & $0.0543154$ & $-0.0504342$ & $0.0430746$ & $1$ & $0.00312077$ \\
eHbbpar & $0.0238229$ & $-0.225475$ & $-0.0801767$ & $-0.0682353$ & $-0.0127977$ & $0.0332632$ & $0.0264629$ & $-0.00189174$ & $0.011494$ & $0.00860001$ & $0.000844471$ & $-0.0114574$ & $-0.0161333$ & $0.0165265$ & $0.015709$ & $0.0141088$ & $-0.007531$ & $-0.00075192$ & $-0.00176865$ & $-0.00278219$ & $-0.00957727$ & $-0.00692192$ & $-0.0298685$ & $0.0133812$ & $-0.0174128$ & $0.0165696$ & $-0.0414032$ & $0.000312406$ & $0.0146667$ & $-0.0189906$ & $-0.00408304$ & $0.0261703$ & $0.430045$ & $-0.0326539$ & $-0.102472$ & $-0.026321$ & $0.102533$ & $-0.0254417$ & $-0.0721514$ & $0.0311533$ & $0.0697556$ & $-0.0176441$ & $0.197026$ & $0.0461332$ & $-0.0877516$ & $-0.0167998$ & $0.0855247$ & $0.00312077$ & $1$ \\
