 & AlsMz & dAle5Mz & mtop & mHl & Mz & CW & CHG & CHWB & CHWHB_gaga & CHWHB_gagaorth & CHD & CHbox & CH & CHL1_11 & CHL1_22 & CHL1_33 & CHL3_11 & CHL3_22 & CHL3_33 & CHe_11 & CHe_22 & CHe_33 & CHQ1_11 & CHQ1_33 & CHQ3_11 & CHu_11 & CHd_11 & CHd_33 & CeH_22r & CeH_33r & CuH_22r & CuH_33r & CdH_33r & CLL_1221 & eHggint & eHggpar & eHWWint & eHWWpar & eHZZint & eHZZpar & eHZgaint & eHZgapar & eHgagaint & eHmumuint & eHtautauint & eHccint & eHccpar & eHbbint & eHbbpar \\
AlsMz & $1$ & $0.103516$ & $-0.0679064$ & $-0.0579145$ & $0.00484194$ & $0.00044875$ & $0.0174129$ & $0.00179639$ & $-0.00310067$ & $-0.0207684$ & $-0.00904866$ & $-0.0305332$ & $-0.012353$ & $-0.00929741$ & $-0.00932483$ & $-0.00777158$ & $-0.00504407$ & $-0.00188986$ & $-0.00144693$ & $0.000167898$ & $0.00266999$ & $0.00315869$ & $0.0012683$ & $-0.0922957$ & $-0.140209$ & $-0.0393851$ & $-0.0172664$ & $0.0132872$ & $-0.0064147$ & $0.0172796$ & $-0.0290488$ & $0.0183721$ & $-0.00441684$ & $0.0163072$ & $-0.0807111$ & $0.0336276$ & $-0.0377592$ & $-0.0123257$ & $-0.0412568$ & $0.0283648$ & $0.0754133$ & $0.0293938$ & $-0.060827$ & $-0.00715744$ & $-0.00143922$ & $-0.110004$ & $-0.0282954$ & $-0.116973$ & $0.00295833$ \\
dAle5Mz & $0.103516$ & $1$ & $-0.0144518$ & $-0.037402$ & $0.00570828$ & $0.0431891$ & $0.0162516$ & $-0.102694$ & $-0.0960094$ & $0.0213902$ & $0.0808743$ & $-0.00749559$ & $-0.0596633$ & $-0.0162694$ & $-0.00554644$ & $-0.0402542$ & $0.00175446$ & $0.00407187$ & $0.0305051$ & $-0.0550418$ & $-0.055797$ & $-0.0597218$ & $-0.00496189$ & $0.00839976$ & $-0.00631584$ & $0.0381659$ & $-0.0343124$ & $-0.0194068$ & $-0.0180253$ & $0.00956355$ & $0.0161836$ & $0.0142729$ & $0.0246419$ & $-0.0138933$ & $-0.0165161$ & $0.0421975$ & $-0.0080659$ & $0.00240642$ & $-0.0792508$ & $0.0243532$ & $0.0338855$ & $0.0154238$ & $0.0351041$ & $0.0675008$ & $-0.0505874$ & $-0.00228958$ & $0.0247719$ & $-0.0516142$ & $0.0749938$ \\
mtop & $-0.0679064$ & $-0.0144518$ & $1$ & $-0.0616703$ & $-0.0162796$ & $-0.000364898$ & $0.0441213$ & $0.00189405$ & $0.0127438$ & $0.0147277$ & $0.0122267$ & $0.00164036$ & $-0.0332368$ & $-0.00769963$ & $0.0123264$ & $-0.0145396$ & $-0.00793175$ & $-0.0203085$ & $0.00525188$ & $-0.00459904$ & $-0.00358978$ & $-0.00201664$ & $0.000343833$ & $0.00321358$ & $-0.00385079$ & $0.00722468$ & $-0.00160834$ & $0.00485055$ & $0.00279114$ & $-0.0285527$ & $0.00957707$ & $0.0298429$ & $-0.0168195$ & $-0.00869583$ & $-0.0450208$ & $-0.00814562$ & $0.13228$ & $0.0236034$ & $0.0326131$ & $-0.0203222$ & $-0.0393908$ & $-0.00528454$ & $0.0950626$ & $0.11384$ & $-0.0351834$ & $0.0369564$ & $0.056381$ & $0.0164604$ & $0.0332468$ \\
mHl & $-0.0579145$ & $-0.037402$ & $-0.0616703$ & $1$ & $-0.0047869$ & $-0.0235039$ & $0.0114475$ & $0.0113941$ & $0.00823623$ & $0.0164115$ & $-0.0263956$ & $-0.00750685$ & $-0.00375289$ & $0.0305736$ & $-0.0067105$ & $0.0136415$ & $0.0341946$ & $0.0361047$ & $0.0160189$ & $0.0247957$ & $0.0238927$ & $0.0228876$ & $-0.00475156$ & $0.0311567$ & $0.0333794$ & $-0.00858227$ & $0.0104144$ & $0.0181393$ & $0.0317604$ & $0.0023069$ & $0.0125185$ & $0.00858205$ & $0.0268105$ & $0.0134023$ & $0.00012647$ & $-0.00393266$ & $-0.0124463$ & $-0.0231403$ & $0.0103093$ & $-0.0124551$ & $-0.0895183$ & $-0.0163614$ & $-0.0200698$ & $-0.0696886$ & $0.019004$ & $0.084314$ & $0.00380784$ & $0.160348$ & $0.00870865$ \\
Mz & $0.00484194$ & $0.00570828$ & $-0.0162796$ & $-0.0047869$ & $1$ & $0.0034114$ & $-0.00928215$ & $-0.0319368$ & $-0.031952$ & $0.0160618$ & $0.0425469$ & $0.000172562$ & $-0.00958836$ & $-0.0186957$ & $-0.0210946$ & $-0.0182287$ & $-0.00153419$ & $0.00767143$ & $0.00882548$ & $-0.035163$ & $-0.0308082$ & $-0.031041$ & $0.0101041$ & $0.0120155$ & $0.00937239$ & $0.0202997$ & $0.00818736$ & $-0.0262444$ & $0.00371698$ & $-0.0245778$ & $-0.0192753$ & $-0.0160929$ & $-0.00884866$ & $-0.0059419$ & $0.00289305$ & $-0.0151759$ & $-0.0101404$ & $0.00703809$ & $-0.00763304$ & $-0.0142493$ & $0.00011412$ & $0.0243164$ & $0.00851586$ & $-0.00227894$ & $-0.00812817$ & $-0.00764597$ & $-0.00372169$ & $0.0157359$ & $0.0107056$ \\
CW & $0.00044875$ & $0.0431891$ & $-0.000364898$ & $-0.0235039$ & $0.0034114$ & $1$ & $-0.0061342$ & $-0.135838$ & $-0.134458$ & $-0.00271799$ & $0.191918$ & $0.0374967$ & $0.0136495$ & $0.0153506$ & $-0.086165$ & $-0.0776337$ & $-0.28007$ & $-0.0527809$ & $-0.0579686$ & $-0.189535$ & $-0.194747$ & $-0.188579$ & $-0.0108741$ & $-0.00223339$ & $-0.107172$ & $0.10693$ & $-0.0914963$ & $-0.0529757$ & $-0.00977699$ & $-0.0175405$ & $-0.0158063$ & $-0.00122904$ & $-0.00798067$ & $-0.115114$ & $0.0148101$ & $0.00640068$ & $0.00694294$ & $0.00158352$ & $0.0209831$ & $0.00766298$ & $-0.00539522$ & $0.00604048$ & $0.0302505$ & $0.0147541$ & $-0.0371929$ & $-0.000655727$ & $0.0188308$ & $0.00316165$ & $0.00370752$ \\
CHG & $0.0174129$ & $0.0162516$ & $0.0441213$ & $0.0114475$ & $-0.00928215$ & $-0.0061342$ & $1$ & $-0.0125622$ & $0.0423377$ & $-0.00591214$ & $0.00534972$ & $-0.113327$ & $-0.164562$ & $0.0172682$ & $0.00958497$ & $0.00673707$ & $0.00896444$ & $0.00667161$ & $0.010418$ & $-0.00478947$ & $-0.00712294$ & $-0.00407428$ & $0.0082954$ & $0.0232327$ & $0.00510813$ & $-0.0137888$ & $-0.0154601$ & $0.00489796$ & $0.0154262$ & $-0.074858$ & $-0.0428343$ & $0.934341$ & $-0.0883628$ & $-0.0181607$ & $-0.0319997$ & $-0.019576$ & $0.0156309$ & $-0.0120311$ & $0.00750955$ & $0.00473217$ & $0.0122321$ & $0.0156223$ & $-0.00691275$ & $0.0316903$ & $-0.00300743$ & $0.0044901$ & $0.00729223$ & $-0.00607423$ & $-0.00321439$ \\
CHWB & $0.00179639$ & $-0.102694$ & $0.00189405$ & $0.0113941$ & $-0.0319368$ & $-0.135838$ & $-0.0125622$ & $1$ & $0.979932$ & $-0.543122$ & $-0.888036$ & $-0.166192$ & $0.186471$ & $0.187802$ & $0.264196$ & $0.288819$ & $-0.14311$ & $-0.339098$ & $-0.35877$ & $0.85849$ & $0.90466$ & $0.886458$ & $0.0814929$ & $-0.636308$ & $-0.305079$ & $-0.51835$ & $0.431074$ & $0.319508$ & $0.0041186$ & $0.0468865$ & $0.0250309$ & $-0.0188178$ & $0.0444654$ & $0.550425$ & $-0.00511004$ & $-0.029205$ & $0.000366833$ & $0.0183038$ & $-0.00767296$ & $-0.0110534$ & $0.0168749$ & $-0.00227016$ & $-0.00517635$ & $0.0122065$ & $0.0163401$ & $-0.0140461$ & $-0.0149973$ & $0.0122837$ & $-0.00187119$ \\
CHWHB_gaga & $-0.00310067$ & $-0.0960094$ & $0.0127438$ & $0.00823623$ & $-0.031952$ & $-0.134458$ & $0.0423377$ & $0.979932$ & $1$ & $-0.529077$ & $-0.867537$ & $-0.145954$ & $0.183063$ & $0.178535$ & $0.25861$ & $0.283071$ & $-0.145661$ & $-0.337362$ & $-0.355948$ & $0.838897$ & $0.884204$ & $0.866766$ & $0.0797814$ & $-0.625599$ & $-0.30249$ & $-0.507921$ & $0.422674$ & $0.316991$ & $0.0119908$ & $0.0674661$ & $0.0366333$ & $0.0260588$ & $0.0688625$ & $0.539862$ & $-0.0226832$ & $-0.0439912$ & $-0.00804677$ & $0.0172036$ & $-0.00701127$ & $-0.0166309$ & $0.00918028$ & $-0.00215982$ & $0.0679075$ & $0.0108231$ & $0.00658644$ & $-0.00784693$ & $-0.0136024$ & $0.0122656$ & $0.000212483$ \\
CHWHB_gagaorth & $-0.0207684$ & $0.0213902$ & $0.0147277$ & $0.0164115$ & $0.0160618$ & $-0.00271799$ & $-0.00591214$ & $-0.543122$ & $-0.529077$ & $1$ & $0.34411$ & $0.51655$ & $-0.110646$ & $0.171003$ & $-0.101748$ & $-0.108214$ & $0.375351$ & $0.429397$ & $0.431421$ & $-0.33142$ & $-0.360505$ & $-0.355068$ & $-0.0507692$ & $0.521999$ & $0.417604$ & $0.207786$ & $-0.228492$ & $-0.136184$ & $0.00862483$ & $-0.0952788$ & $-0.0488971$ & $0.0181811$ & $-0.0968808$ & $-0.326363$ & $0.053563$ & $0.0302729$ & $0.0160997$ & $-0.022483$ & $0.00756712$ & $0.0125074$ & $-0.0688435$ & $-0.00605054$ & $0.0149987$ & $-0.017157$ & $0.00701775$ & $-0.00609413$ & $-0.00377253$ & $-0.0132523$ & $-0.0112002$ \\
CHD & $-0.00904866$ & $0.0808743$ & $0.0122267$ & $-0.0263956$ & $0.0425469$ & $0.191918$ & $0.00534972$ & $-0.888036$ & $-0.867537$ & $0.34411$ & $1$ & $0.231826$ & $-0.0932439$ & $-0.570374$ & $-0.393313$ & $-0.408879$ & $-0.290024$ & $-0.00392402$ & $0.00996732$ & $-0.990165$ & $-0.991021$ & $-0.970543$ & $-0.0250685$ & $0.286397$ & $-0.0514163$ & $0.567148$ & $-0.300633$ & $-0.335217$ & $-0.00833359$ & $-0.0302294$ & $-0.0165353$ & $0.01967$ & $-0.0291608$ & $-0.360553$ & $0.0139973$ & $0.0295909$ & $-0.0106101$ & $-0.0151011$ & $0.0102413$ & $0.0114149$ & $-0.00029579$ & $0.00990369$ & $0.00785528$ & $-0.0140458$ & $-0.0083201$ & $0.0164325$ & $0.0170042$ & $-0.00365803$ & $0.00487076$ \\
CHbox & $-0.0305332$ & $-0.00749559$ & $0.00164036$ & $-0.00750685$ & $0.000172562$ & $0.0374967$ & $-0.113327$ & $-0.166192$ & $-0.145954$ & $0.51655$ & $0.231826$ & $1$ & $0.518257$ & $-0.210977$ & $-0.0280843$ & $-0.0227338$ & $-0.165562$ & $-0.119643$ & $-0.122455$ & $-0.215322$ & $-0.237544$ & $-0.232927$ & $-0.0183824$ & $0.0239846$ & $-0.11236$ & $0.142879$ & $-0.10384$ & $-0.0660978$ & $0.0252723$ & $0.216218$ & $0.029291$ & $-0.0238522$ & $0.242297$ & $-0.113485$ & $0.122889$ & $0.0536271$ & $-0.000550582$ & $-0.0142094$ & $0.00220191$ & $0.00347913$ & $-0.0448197$ & $-0.00191105$ & $0.0342185$ & $-0.0306359$ & $0.00778793$ & $-0.0274194$ & $-0.0168318$ & $0.000253414$ & $-0.00766891$ \\
CH & $-0.012353$ & $-0.0596633$ & $-0.0332368$ & $-0.00375289$ & $-0.00958836$ & $0.0136495$ & $-0.164562$ & $0.186471$ & $0.183063$ & $-0.110646$ & $-0.0932439$ & $0.518257$ & $1$ & $-0.109986$ & $0.0213106$ & $0.0465942$ & $-0.181823$ & $-0.185487$ & $-0.205674$ & $0.0892447$ & $0.0977359$ & $0.0939645$ & $0.0217554$ & $-0.195149$ & $-0.183144$ & $-0.0588876$ & $0.0785728$ & $0.0471015$ & $0.0226623$ & $0.141385$ & $0.0352171$ & $-0.134434$ & $0.166075$ & $0.118003$ & $0.0326863$ & $0.00263952$ & $-0.0274797$ & $0.00181383$ & $0.017886$ & $-0.000668924$ & $-0.0118298$ & $-0.0123799$ & $0.0081036$ & $-0.0288864$ & $0.00065738$ & $-0.0352075$ & $-0.0269259$ & $0.0198432$ & $0.0130558$ \\
CHL1_11 & $-0.00929741$ & $-0.0162694$ & $-0.00769963$ & $0.0305736$ & $-0.0186957$ & $0.0153506$ & $0.0172682$ & $0.187802$ & $0.178535$ & $0.171003$ & $-0.570374$ & $-0.210977$ & $-0.109986$ & $1$ & $0.298086$ & $0.293287$ & $0.64127$ & $0.569902$ & $0.571295$ & $0.588084$ & $0.531417$ & $0.52018$ & $-0.0802344$ & $0.415037$ & $0.569226$ & $-0.29282$ & $-0.070625$ & $0.159656$ & $0.0089386$ & $-0.0206795$ & $-0.0112208$ & $-0.00147681$ & $-0.0122161$ & $-0.171339$ & $-0.0196319$ & $-0.0163377$ & $0.0268669$ & $-0.00395088$ & $0.00786916$ & $-0.00718771$ & $-0.0417183$ & $-0.00571235$ & $-0.00883505$ & $0.00883556$ & $-0.0102481$ & $-0.00438822$ & $-0.000105763$ & $-0.00688066$ & $-0.00425881$ \\
CHL1_22 & $-0.00932483$ & $-0.00554644$ & $0.0123264$ & $-0.0067105$ & $-0.0210946$ & $-0.086165$ & $0.00958497$ & $0.264196$ & $0.25861$ & $-0.101748$ & $-0.393313$ & $-0.0280843$ & $0.0213106$ & $0.298086$ & $1$ & $0.428799$ & $0.205386$ & $-0.45085$ & $0.0149348$ & $0.462941$ & $0.309065$ & $0.300728$ & $-0.173081$ & $0.165381$ & $-0.102281$ & $-0.187032$ & $-0.412024$ & $0.103099$ & $0.00487836$ & $0.0122916$ & $0.00605143$ & $0.0040277$ & $0.00927922$ & $-0.630181$ & $-0.00652645$ & $-0.00304926$ & $0.0212899$ & $-0.00970527$ & $-0.00464544$ & $0.000892375$ & $0.0254907$ & $-0.0116074$ & $0.00719631$ & $0.00177133$ & $-0.0179705$ & $0.00831684$ & $0.00217837$ & $0.0158465$ & $-0.00943571$ \\
CHL1_33 & $-0.00777158$ & $-0.0402542$ & $-0.0145396$ & $0.0136415$ & $-0.0182287$ & $-0.0776337$ & $0.00673707$ & $0.288819$ & $0.283071$ & $-0.108214$ & $-0.408879$ & $-0.0227338$ & $0.0465942$ & $0.293287$ & $0.428799$ & $1$ & $0.194919$ & $0.0046657$ & $-0.433309$ & $0.472163$ & $0.327711$ & $0.349611$ & $-0.163727$ & $0.132775$ & $-0.10037$ & $-0.189175$ & $-0.373348$ & $0.106174$ & $0.00501966$ & $0.0155231$ & $-0.0128514$ & $0.00319794$ & $0.00468105$ & $-0.103254$ & $-0.00289925$ & $0.00794069$ & $0.017626$ & $0.0122987$ & $-0.0207529$ & $0.00692959$ & $-0.00784328$ & $-0.0215654$ & $0.00343848$ & $0.0206569$ & $-0.00689452$ & $0.0043136$ & $-0.0366288$ & $-0.0127767$ & $-0.0139231$ \\
CHL3_11 & $-0.00504407$ & $0.00175446$ & $-0.00793175$ & $0.0341946$ & $-0.00153419$ & $-0.28007$ & $0.00896444$ & $-0.14311$ & $-0.145661$ & $0.375351$ & $-0.290024$ & $-0.165562$ & $-0.181823$ & $0.64127$ & $0.205386$ & $0.194919$ & $1$ & $0.699643$ & $0.703816$ & $0.31185$ & $0.258559$ & $0.250662$ & $-0.0635265$ & $0.625462$ & $0.74853$ & $-0.154611$ & $-0.122999$ & $0.053706$ & $0.0126831$ & $-0.026096$ & $-0.00619594$ & $-0.00991794$ & $-0.0283788$ & $-0.199117$ & $-0.0190044$ & $-0.0118023$ & $0.0193977$ & $0.00458867$ & $-0.00864255$ & $-0.00510941$ & $-0.0279129$ & $-0.0187595$ & $-0.0066597$ & $0.00151852$ & $-0.000899202$ & $-0.00470046$ & $-0.00494777$ & $-0.0113836$ & $-0.00556644$ \\
CHL3_22 & $-0.00188986$ & $0.00407187$ & $-0.0203085$ & $0.0361047$ & $0.00767143$ & $-0.0527809$ & $0.00667161$ & $-0.339098$ & $-0.337362$ & $0.429397$ & $-0.00392402$ & $-0.119643$ & $-0.185487$ & $0.569902$ & $-0.45085$ & $0.0046657$ & $0.699643$ & $1$ & $0.622733$ & $-0.00394352$ & $0.0127715$ & $0.0160776$ & $0.0114593$ & $0.54165$ & $0.75842$ & $0.00125622$ & $0.050344$ & $-0.021403$ & $0.00646387$ & $-0.0402689$ & $-0.0216521$ & $-0.00596401$ & $-0.0359225$ & $0.125583$ & $-0.0112024$ & $-0.00254658$ & $0.0083698$ & $0.0051693$ & $0.00105418$ & $-0.00340302$ & $-0.0537179$ & $-0.00805711$ & $-0.0117062$ & $0.00211213$ & $0.00180873$ & $-0.00748518$ & $-0.00516317$ & $-0.0225567$ & $-0.00146069$ \\
CHL3_33 & $-0.00144693$ & $0.0305051$ & $0.00525188$ & $0.0160189$ & $0.00882548$ & $-0.0579686$ & $0.010418$ & $-0.35877$ & $-0.355948$ & $0.431421$ & $0.00996732$ & $-0.122455$ & $-0.205674$ & $0.571295$ & $0.0149348$ & $-0.433309$ & $0.703816$ & $0.622733$ & $1$ & $-0.0120986$ & $-0.00266326$ & $-0.00134157$ & $0.00457858$ & $0.564927$ & $0.757946$ & $0.00549969$ & $0.0225713$ & $-0.0258256$ & $0.00735508$ & $-0.0390871$ & $-0.00274199$ & $-0.00304688$ & $-0.033208$ & $-0.307782$ & $-0.0167529$ & $-0.0140761$ & $0.0145961$ & $-0.0161879$ & $0.0187444$ & $-0.00763766$ & $-0.0270406$ & $-7.81333e-05$ & $-0.00530621$ & $-0.0118755$ & $-0.00748797$ & $-0.00353467$ & $0.0286319$ & $-0.0046428$ & $-0.0025427$ \\
CHe_11 & $0.000167898$ & $-0.0550418$ & $-0.00459904$ & $0.0247957$ & $-0.035163$ & $-0.189535$ & $-0.00478947$ & $0.85849$ & $0.838897$ & $-0.33142$ & $-0.990165$ & $-0.215322$ & $0.0892447$ & $0.588084$ & $0.462941$ & $0.472163$ & $0.31185$ & $-0.00394352$ & $-0.0120986$ & $1$ & $0.972545$ & $0.953242$ & $-0.000323907$ & $-0.230137$ & $0.0573135$ & $-0.55605$ & $0.226458$ & $0.328909$ & $0.00756195$ & $0.0262314$ & $0.0138243$ & $-0.0190371$ & $0.0264889$ & $0.278972$ & $-0.0116942$ & $-0.0248544$ & $0.0161221$ & $0.0140357$ & $-0.0125071$ & $-0.00977814$ & $0.000934316$ & $-0.0129976$ & $-0.00552757$ & $0.0155138$ & $0.00331991$ & $-0.0134437$ & $-0.0149593$ & $0.00482382$ & $-0.00494912$ \\
CHe_22 & $0.00266999$ & $-0.055797$ & $-0.00358978$ & $0.0238927$ & $-0.0308082$ & $-0.194747$ & $-0.00712294$ & $0.90466$ & $0.884204$ & $-0.360505$ & $-0.991021$ & $-0.237544$ & $0.0977359$ & $0.531417$ & $0.309065$ & $0.327711$ & $0.258559$ & $0.0127715$ & $-0.00266326$ & $0.972545$ & $1$ & $0.975251$ & $0.0547715$ & $-0.343814$ & $0.0492971$ & $-0.569786$ & $0.381797$ & $0.337486$ & $0.00863157$ & $0.0308869$ & $0.0200745$ & $-0.0215518$ & $0.0316886$ & $0.446724$ & $-0.013942$ & $-0.03021$ & $0.0103692$ & $0.0162715$ & $-0.0097382$ & $-0.0132454$ & $-0.000150344$ & $-0.00710942$ & $-0.0068755$ & $0.014779$ & $0.0103389$ & $-0.0174063$ & $-0.0129219$ & $0.0032137$ & $0.000157804$ \\
CHe_33 & $0.00315869$ & $-0.0597218$ & $-0.00201664$ & $0.0228876$ & $-0.031041$ & $-0.188579$ & $-0.00407428$ & $0.886458$ & $0.866766$ & $-0.355068$ & $-0.970543$ & $-0.232927$ & $0.0939645$ & $0.52018$ & $0.300728$ & $0.349611$ & $0.250662$ & $0.0160776$ & $-0.00134157$ & $0.953242$ & $0.975251$ & $1$ & $0.0526027$ & $-0.338189$ & $0.0469413$ & $-0.555212$ & $0.370622$ & $0.324973$ & $0.0118367$ & $0.0320685$ & $0.0197689$ & $-0.0176071$ & $0.0286485$ & $0.440892$ & $-0.0144132$ & $-0.0373174$ & $0.0120097$ & $0.0204371$ & $-0.0129796$ & $-0.0108898$ & $0.00142107$ & $-0.0107258$ & $-0.00611749$ & $0.0183188$ & $0.0127398$ & $-0.0131928$ & $-0.0106528$ & $0.000829579$ & $-0.00476911$ \\
CHQ1_11 & $0.0012683$ & $-0.00496189$ & $0.000343833$ & $-0.00475156$ & $0.0101041$ & $-0.0108741$ & $0.0082954$ & $0.0814929$ & $0.0797814$ & $-0.0507692$ & $-0.0250685$ & $-0.0183824$ & $0.0217554$ & $-0.0802344$ & $-0.173081$ & $-0.163727$ & $-0.0635265$ & $0.0114593$ & $0.00457858$ & $-0.000323907$ & $0.0547715$ & $0.0526027$ & $1$ & $-0.143681$ & $0.0962475$ & $-0.682358$ & $0.36311$ & $0.0367571$ & $-0.0024023$ & $-0.0100096$ & $0.00154046$ & $0.0125819$ & $-0.00699616$ & $0.214779$ & $0.00825287$ & $-0.0172665$ & $0.00876812$ & $0.0136751$ & $0.023455$ & $-0.0061878$ & $0.00297234$ & $0.00264971$ & $-0.00659567$ & $0.00854293$ & $0.00668091$ & $-0.0107568$ & $0.00724236$ & $0.0230927$ & $-0.00680112$ \\
CHQ1_33 & $-0.0922957$ & $0.00839976$ & $0.00321358$ & $0.0311567$ & $0.0120155$ & $-0.00223339$ & $0.0232327$ & $-0.636308$ & $-0.625599$ & $0.521999$ & $0.286397$ & $0.0239846$ & $-0.195149$ & $0.415037$ & $0.165381$ & $0.132775$ & $0.625462$ & $0.54165$ & $0.564927$ & $-0.230137$ & $-0.343814$ & $-0.338189$ & $-0.143681$ & $1$ & $0.577626$ & $0.194552$ & $-0.428272$ & $-0.0302208$ & $0.00281401$ & $-0.0446157$ & $-0.0240716$ & $0.0150463$ & $-0.0400684$ & $-0.627028$ & $-0.00253181$ & $0.0189202$ & $0.0180219$ & $-0.0204499$ & $-0.00410657$ & $0.0011076$ & $-0.043317$ & $-0.0187893$ & $0.00727226$ & $-0.00507805$ & $-0.0152782$ & $0.0291641$ & $-0.00394943$ & $-0.00119901$ & $0.000853272$ \\
CHQ3_11 & $-0.140209$ & $-0.00631584$ & $-0.00385079$ & $0.0333794$ & $0.00937239$ & $-0.107172$ & $0.00510813$ & $-0.305079$ & $-0.30249$ & $0.417604$ & $-0.0514163$ & $-0.11236$ & $-0.183144$ & $0.569226$ & $-0.102281$ & $-0.10037$ & $0.74853$ & $0.75842$ & $0.757946$ & $0.0573135$ & $0.0492971$ & $0.0469413$ & $0.0962475$ & $0.577626$ & $1$ & $-0.0208158$ & $0.268555$ & $-0.00387012$ & $0.00621266$ & $-0.0454273$ & $-0.00672913$ & $-0.00628274$ & $-0.0400942$ & $-0.136039$ & $-0.00171674$ & $-0.000873134$ & $0.0177088$ & $0.0104892$ & $0.014635$ & $-0.00226183$ & $-0.0498295$ & $-0.00106435$ & $0.00291725$ & $-0.0075489$ & $-0.00246534$ & $0.000668029$ & $0.0106968$ & $-0.00438253$ & $-0.0190766$ \\
CHu_11 & $-0.0393851$ & $0.0381659$ & $0.00722468$ & $-0.00858227$ & $0.0202997$ & $0.10693$ & $-0.0137888$ & $-0.51835$ & $-0.507921$ & $0.207786$ & $0.567148$ & $0.142879$ & $-0.0588876$ & $-0.29282$ & $-0.187032$ & $-0.189175$ & $-0.154611$ & $0.00125622$ & $0.00549969$ & $-0.55605$ & $-0.569786$ & $-0.555212$ & $-0.682358$ & $0.194552$ & $-0.0208158$ & $1$ & $-0.190679$ & $-0.193849$ & $-0.00637922$ & $-0.00358791$ & $-0.0135211$ & $-0.00523653$ & $-0.00418531$ & $-0.253377$ & $0.000643762$ & $0.0227627$ & $-0.00931442$ & $-0.00760144$ & $-0.00530205$ & $0.00164119$ & $-0.00102252$ & $0.00489824$ & $0.0143883$ & $-0.013941$ & $0.00053164$ & $0.00587071$ & $0.000172122$ & $-0.0136031$ & $0.00565081$ \\
CHd_11 & $-0.0172664$ & $-0.0343124$ & $-0.00160834$ & $0.0104144$ & $0.00818736$ & $-0.0914963$ & $-0.0154601$ & $0.431074$ & $0.422674$ & $-0.228492$ & $-0.300633$ & $-0.10384$ & $0.0785728$ & $-0.070625$ & $-0.412024$ & $-0.373348$ & $-0.122999$ & $0.050344$ & $0.0225713$ & $0.226458$ & $0.381797$ & $0.370622$ & $0.36311$ & $-0.428272$ & $0.268555$ & $-0.190679$ & $1$ & $0.135729$ & $-0.00431168$ & $0.0131394$ & $0.0190956$ & $-0.0149296$ & $0.0143379$ & $0.687639$ & $-0.00189449$ & $-0.0122865$ & $-0.0150676$ & $0.0264815$ & $0.0060264$ & $-0.00741928$ & $-0.00241499$ & $0.0178907$ & $-0.00152179$ & $-0.00416112$ & $0.0253811$ & $-0.0217345$ & $0.000195648$ & $-0.000834933$ & $-0.00572952$ \\
CHd_33 & $0.0132872$ & $-0.0194068$ & $0.00485055$ & $0.0181393$ & $-0.0262444$ & $-0.0529757$ & $0.00489796$ & $0.319508$ & $0.316991$ & $-0.136184$ & $-0.335217$ & $-0.0660978$ & $0.0471015$ & $0.159656$ & $0.103099$ & $0.106174$ & $0.053706$ & $-0.021403$ & $-0.0258256$ & $0.328909$ & $0.337486$ & $0.324973$ & $0.0367571$ & $-0.0302208$ & $-0.00387012$ & $-0.193849$ & $0.135729$ & $1$ & $0.00242207$ & $0.0147785$ & $0.0289309$ & $0.00356346$ & $0.0104443$ & $0.159407$ & $-0.0061141$ & $0.0022422$ & $0.0171004$ & $-0.000391591$ & $0.00214899$ & $0.00162398$ & $-0.0100333$ & $0.00279778$ & $0.0118354$ & $0.0112417$ & $0.003388$ & $-0.0171249$ & $-0.011248$ & $-0.0157906$ & $-0.00171353$ \\
CeH_22r & $-0.0064147$ & $-0.0180253$ & $0.00279114$ & $0.0317604$ & $0.00371698$ & $-0.00977699$ & $0.0154262$ & $0.0041186$ & $0.0119908$ & $0.00862483$ & $-0.00833359$ & $0.0252723$ & $0.0226623$ & $0.0089386$ & $0.00487836$ & $0.00501966$ & $0.0126831$ & $0.00646387$ & $0.00735508$ & $0.00756195$ & $0.00863157$ & $0.0118367$ & $-0.0024023$ & $0.00281401$ & $0.00621266$ & $-0.00637922$ & $-0.00431168$ & $0.00242207$ & $1$ & $0.0247222$ & $0.01794$ & $-0.00493758$ & $0.0281673$ & $4.45418e-06$ & $-0.0495083$ & $-0.0343499$ & $-0.0341962$ & $-0.00282589$ & $-0.0269398$ & $0.00877726$ & $-0.0263163$ & $0.0124065$ & $0.00872705$ & $0.0184274$ & $0.0106158$ & $0.0262319$ & $0.00657882$ & $0.0145078$ & $-0.00250883$ \\
CeH_33r & $0.0172796$ & $0.00956355$ & $-0.0285527$ & $0.0023069$ & $-0.0245778$ & $-0.0175405$ & $-0.074858$ & $0.0468865$ & $0.0674661$ & $-0.0952788$ & $-0.0302294$ & $0.216218$ & $0.141385$ & $-0.0206795$ & $0.0122916$ & $0.0155231$ & $-0.026096$ & $-0.0402689$ & $-0.0390871$ & $0.0262314$ & $0.0308869$ & $0.0320685$ & $-0.0100096$ & $-0.0446157$ & $-0.0454273$ & $-0.00358791$ & $0.0131394$ & $0.0147785$ & $0.0247222$ & $1$ & $0.294795$ & $0.0667858$ & $0.609124$ & $0.0303882$ & $-0.0428392$ & $-0.0496708$ & $-0.214244$ & $-0.012371$ & $-0.0544907$ & $-0.00697362$ & $0.0102733$ & $-0.0146646$ & $-0.0137065$ & $-0.0144957$ & $0.0777518$ & $0.0053861$ & $-0.00969649$ & $0.0150591$ & $-0.00854955$ \\
CuH_22r & $-0.0290488$ & $0.0161836$ & $0.00957707$ & $0.0125185$ & $-0.0192753$ & $-0.0158063$ & $-0.0428343$ & $0.0250309$ & $0.0366333$ & $-0.0488971$ & $-0.0165353$ & $0.029291$ & $0.0352171$ & $-0.0112208$ & $0.00605143$ & $-0.0128514$ & $-0.00619594$ & $-0.0216521$ & $-0.00274199$ & $0.0138243$ & $0.0200745$ & $0.0197689$ & $0.00154046$ & $-0.0240716$ & $-0.00672913$ & $-0.0135211$ & $0.0190956$ & $0.0289309$ & $0.01794$ & $0.294795$ & $1$ & $0.0386805$ & $0.314492$ & $0.0176234$ & $-0.00533901$ & $-0.0230939$ & $-0.0727445$ & $-0.0173729$ & $-0.0105504$ & $0.00825009$ & $-0.00517314$ & $0.0137557$ & $0.0124983$ & $-0.0202594$ & $0.0171315$ & $0.0692414$ & $0.384553$ & $-0.0183561$ & $0.0154571$ \\
CuH_33r & $0.0183721$ & $0.0142729$ & $0.0298429$ & $0.00858205$ & $-0.0160929$ & $-0.00122904$ & $0.934341$ & $-0.0188178$ & $0.0260588$ & $0.0181811$ & $0.01967$ & $-0.0238522$ & $-0.134434$ & $-0.00147681$ & $0.0040277$ & $0.00319794$ & $-0.00991794$ & $-0.00596401$ & $-0.00304688$ & $-0.0190371$ & $-0.0215518$ & $-0.0176071$ & $0.0125819$ & $0.0150463$ & $-0.00628274$ & $-0.00523653$ & $-0.0149296$ & $0.00356346$ & $-0.00493758$ & $0.0667858$ & $0.0386805$ & $1$ & $0.0768774$ & $-0.0194664$ & $0.0661419$ & $0.0235467$ & $-0.0133019$ & $-0.0127268$ & $0.0235142$ & $0.00525186$ & $0.0108916$ & $0.013186$ & $0.00366121$ & $0.0238506$ & $-0.00557963$ & $0.00065135$ & $0.0103585$ & $-0.00457189$ & $-0.003718$ \\
CdH_33r & $-0.00441684$ & $0.0246419$ & $-0.0168195$ & $0.0268105$ & $-0.00884866$ & $-0.00798067$ & $-0.0883628$ & $0.0444654$ & $0.0688625$ & $-0.0968808$ & $-0.0291608$ & $0.242297$ & $0.166075$ & $-0.0122161$ & $0.00927922$ & $0.00468105$ & $-0.0283788$ & $-0.0359225$ & $-0.033208$ & $0.0264889$ & $0.0316886$ & $0.0286485$ & $-0.00699616$ & $-0.0400684$ & $-0.0400942$ & $-0.00418531$ & $0.0143379$ & $0.0104443$ & $0.0281673$ & $0.609124$ & $0.314492$ & $0.0768774$ & $1$ & $0.0277829$ & $-0.0732796$ & $-0.0469614$ & $-0.205379$ & $-0.0144842$ & $-0.0523914$ & $-0.0124756$ & $0.0246258$ & $-0.00868789$ & $-0.0126904$ & $-0.0461199$ & $-0.0104728$ & $-0.032808$ & $-0.0223169$ & $0.158299$ & $0.508844$ \\
CLL_1221 & $0.0163072$ & $-0.0138933$ & $-0.00869583$ & $0.0134023$ & $-0.0059419$ & $-0.115114$ & $-0.0181607$ & $0.550425$ & $0.539862$ & $-0.326363$ & $-0.360553$ & $-0.113485$ & $0.118003$ & $-0.171339$ & $-0.630181$ & $-0.103254$ & $-0.199117$ & $0.125583$ & $-0.307782$ & $0.278972$ & $0.446724$ & $0.440892$ & $0.214779$ & $-0.627028$ & $-0.136039$ & $-0.253377$ & $0.687639$ & $0.159407$ & $4.45418e-06$ & $0.0303882$ & $0.0176234$ & $-0.0194664$ & $0.0277829$ & $1$ & $-0.00120257$ & $-0.0195313$ & $-0.0205827$ & $0.0290976$ & $-0.0120538$ & $-0.00820078$ & $-0.000726907$ & $0.00589792$ & $-0.0093025$ & $0.0113257$ & $0.0309739$ & $-0.0177539$ & $-0.0145983$ & $-0.0059535$ & $0.0109444$ \\
eHggint & $-0.0807111$ & $-0.0165161$ & $-0.0450208$ & $0.00012647$ & $0.00289305$ & $0.0148101$ & $-0.0319997$ & $-0.00511004$ & $-0.0226832$ & $0.053563$ & $0.0139973$ & $0.122889$ & $0.0326863$ & $-0.0196319$ & $-0.00652645$ & $-0.00289925$ & $-0.0190044$ & $-0.0112024$ & $-0.0167529$ & $-0.0116942$ & $-0.013942$ & $-0.0144132$ & $0.00825287$ & $-0.00253181$ & $-0.00171674$ & $0.000643762$ & $-0.00189449$ & $-0.0061141$ & $-0.0495083$ & $-0.0428392$ & $-0.00533901$ & $0.0661419$ & $-0.0732796$ & $-0.00120257$ & $1$ & $-0.064841$ & $0.0497588$ & $-0.0153157$ & $0.0709891$ & $-0.0165634$ & $-0.0438978$ & $0.0120148$ & $0.0657152$ & $-0.0243265$ & $0.00376813$ & $0.0130609$ & $0.0383074$ & $0.0289559$ & $-0.0779685$ \\
eHggpar & $0.0336276$ & $0.0421975$ & $-0.00814562$ & $-0.00393266$ & $-0.0151759$ & $0.00640068$ & $-0.019576$ & $-0.029205$ & $-0.0439912$ & $0.0302729$ & $0.0295909$ & $0.0536271$ & $0.00263952$ & $-0.0163377$ & $-0.00304926$ & $0.00794069$ & $-0.0118023$ & $-0.00254658$ & $-0.0140761$ & $-0.0248544$ & $-0.03021$ & $-0.0373174$ & $-0.0172665$ & $0.0189202$ & $-0.000873134$ & $0.0227627$ & $-0.0122865$ & $0.0022422$ & $-0.0343499$ & $-0.0496708$ & $-0.0230939$ & $0.0235467$ & $-0.0469614$ & $-0.0195313$ & $-0.064841$ & $1$ & $0.061676$ & $0.0216591$ & $0.0115058$ & $0.00612973$ & $0.0349788$ & $-0.00448423$ & $-0.0225066$ & $-0.029147$ & $0.0170989$ & $-0.00850157$ & $0.00793357$ & $-0.0991225$ & $0.0306806$ \\
eHWWint & $-0.0377592$ & $-0.0080659$ & $0.13228$ & $-0.0124463$ & $-0.0101404$ & $0.00694294$ & $0.0156309$ & $0.000366833$ & $-0.00804677$ & $0.0160997$ & $-0.0106101$ & $-0.000550582$ & $-0.0274797$ & $0.0268669$ & $0.0212899$ & $0.017626$ & $0.0193977$ & $0.0083698$ & $0.0145961$ & $0.0161221$ & $0.0103692$ & $0.0120097$ & $0.00876812$ & $0.0180219$ & $0.0177088$ & $-0.00931442$ & $-0.0150676$ & $0.0171004$ & $-0.0341962$ & $-0.214244$ & $-0.0727445$ & $-0.0133019$ & $-0.205379$ & $-0.0205827$ & $0.0497588$ & $0.061676$ & $1$ & $-0.0310369$ & $0.0667537$ & $-0.0258246$ & $-0.0222637$ & $-0.0159929$ & $0.0755464$ & $0.00190709$ & $-0.0691294$ & $0.00609825$ & $0.0733329$ & $-0.0132421$ & $0.00386065$ \\
eHWWpar & $-0.0123257$ & $0.00240642$ & $0.0236034$ & $-0.0231403$ & $0.00703809$ & $0.00158352$ & $-0.0120311$ & $0.0183038$ & $0.0172036$ & $-0.022483$ & $-0.0151011$ & $-0.0142094$ & $0.00181383$ & $-0.00395088$ & $-0.00970527$ & $0.0122987$ & $0.00458867$ & $0.0051693$ & $-0.0161879$ & $0.0140357$ & $0.0162715$ & $0.0204371$ & $0.0136751$ & $-0.0204499$ & $0.0104892$ & $-0.00760144$ & $0.0264815$ & $-0.000391591$ & $-0.00282589$ & $-0.012371$ & $-0.0173729$ & $-0.0127268$ & $-0.0144842$ & $0.0290976$ & $-0.0153157$ & $0.0216591$ & $-0.0310369$ & $1$ & $0.0267996$ & $0.00485475$ & $0.00748725$ & $-0.0077211$ & $0.0224064$ & $-0.0149901$ & $0.0010979$ & $0.00132936$ & $0.0173296$ & $0.010799$ & $-0.00260263$ \\
eHZZint & $-0.0412568$ & $-0.0792508$ & $0.0326131$ & $0.0103093$ & $-0.00763304$ & $0.0209831$ & $0.00750955$ & $-0.00767296$ & $-0.00701127$ & $0.00756712$ & $0.0102413$ & $0.00220191$ & $0.017886$ & $0.00786916$ & $-0.00464544$ & $-0.0207529$ & $-0.00864255$ & $0.00105418$ & $0.0187444$ & $-0.0125071$ & $-0.0097382$ & $-0.0129796$ & $0.023455$ & $-0.00410657$ & $0.014635$ & $-0.00530205$ & $0.0060264$ & $0.00214899$ & $-0.0269398$ & $-0.0544907$ & $-0.0105504$ & $0.0235142$ & $-0.0523914$ & $-0.0120538$ & $0.0709891$ & $0.0115058$ & $0.0667537$ & $0.0267996$ & $1$ & $-0.00171522$ & $-0.0619113$ & $-0.022132$ & $0.0524172$ & $-0.018717$ & $-0.0758814$ & $-0.0323227$ & $0.0511138$ & $0.0417213$ & $-0.0234021$ \\
eHZZpar & $0.0283648$ & $0.0243532$ & $-0.0203222$ & $-0.0124551$ & $-0.0142493$ & $0.00766298$ & $0.00473217$ & $-0.0110534$ & $-0.0166309$ & $0.0125074$ & $0.0114149$ & $0.00347913$ & $-0.000668924$ & $-0.00718771$ & $0.000892375$ & $0.00692959$ & $-0.00510941$ & $-0.00340302$ & $-0.00763766$ & $-0.00977814$ & $-0.0132454$ & $-0.0108898$ & $-0.0061878$ & $0.0011076$ & $-0.00226183$ & $0.00164119$ & $-0.00741928$ & $0.00162398$ & $0.00877726$ & $-0.00697362$ & $0.00825009$ & $0.00525186$ & $-0.0124756$ & $-0.00820078$ & $-0.0165634$ & $0.00612973$ & $-0.0258246$ & $0.00485475$ & $-0.00171522$ & $1$ & $-0.030069$ & $-0.00602264$ & $-0.0322198$ & $0.0113902$ & $-0.0147611$ & $0.0238163$ & $-0.00384042$ & $-0.00370999$ & $-0.00089874$ \\
eHZgaint & $0.0754133$ & $0.0338855$ & $-0.0393908$ & $-0.0895183$ & $0.00011412$ & $-0.00539522$ & $0.0122321$ & $0.0168749$ & $0.00918028$ & $-0.0688435$ & $-0.00029579$ & $-0.0448197$ & $-0.0118298$ & $-0.0417183$ & $0.0254907$ & $-0.00784328$ & $-0.0279129$ & $-0.0537179$ & $-0.0270406$ & $0.000934316$ & $-0.000150344$ & $0.00142107$ & $0.00297234$ & $-0.043317$ & $-0.0498295$ & $-0.00102252$ & $-0.00241499$ & $-0.0100333$ & $-0.0263163$ & $0.0102733$ & $-0.00517314$ & $0.0108916$ & $0.0246258$ & $-0.000726907$ & $-0.0438978$ & $0.0349788$ & $-0.0222637$ & $0.00748725$ & $-0.0619113$ & $-0.030069$ & $1$ & $-0.0110508$ & $-0.119152$ & $0.0163823$ & $0.015812$ & $0.00483585$ & $-0.00359004$ & $0.117793$ & $0.0289337$ \\
eHZgapar & $0.0293938$ & $0.0154238$ & $-0.00528454$ & $-0.0163614$ & $0.0243164$ & $0.00604048$ & $0.0156223$ & $-0.00227016$ & $-0.00215982$ & $-0.00605054$ & $0.00990369$ & $-0.00191105$ & $-0.0123799$ & $-0.00571235$ & $-0.0116074$ & $-0.0215654$ & $-0.0187595$ & $-0.00805711$ & $-7.81333e-05$ & $-0.0129976$ & $-0.00710942$ & $-0.0107258$ & $0.00264971$ & $-0.0187893$ & $-0.00106435$ & $0.00489824$ & $0.0178907$ & $0.00279778$ & $0.0124065$ & $-0.0146646$ & $0.0137557$ & $0.013186$ & $-0.00868789$ & $0.00589792$ & $0.0120148$ & $-0.00448423$ & $-0.0159929$ & $-0.0077211$ & $-0.022132$ & $-0.00602264$ & $-0.0110508$ & $1$ & $-0.0105994$ & $0.00540163$ & $-0.0277752$ & $0.0127394$ & $-0.0046382$ & $-0.0282223$ & $-0.00649838$ \\
eHgagaint & $-0.060827$ & $0.0351041$ & $0.0950626$ & $-0.0200698$ & $0.00851586$ & $0.0302505$ & $-0.00691275$ & $-0.00517635$ & $0.0679075$ & $0.0149987$ & $0.00785528$ & $0.0342185$ & $0.0081036$ & $-0.00883505$ & $0.00719631$ & $0.00343848$ & $-0.0066597$ & $-0.0117062$ & $-0.00530621$ & $-0.00552757$ & $-0.0068755$ & $-0.00611749$ & $-0.00659567$ & $0.00727226$ & $0.00291725$ & $0.0143883$ & $-0.00152179$ & $0.0118354$ & $0.00872705$ & $-0.0137065$ & $0.0124983$ & $0.00366121$ & $-0.0126904$ & $-0.0093025$ & $0.0657152$ & $-0.0225066$ & $0.0755464$ & $0.0224064$ & $0.0524172$ & $-0.0322198$ & $-0.119152$ & $-0.0105994$ & $1$ & $-0.0770563$ & $-0.13322$ & $0.0623345$ & $0.0223573$ & $0.0107136$ & $-0.0380093$ \\
eHmumuint & $-0.00715744$ & $0.0675008$ & $0.11384$ & $-0.0696886$ & $-0.00227894$ & $0.0147541$ & $0.0316903$ & $0.0122065$ & $0.0108231$ & $-0.017157$ & $-0.0140458$ & $-0.0306359$ & $-0.0288864$ & $0.00883556$ & $0.00177133$ & $0.0206569$ & $0.00151852$ & $0.00211213$ & $-0.0118755$ & $0.0155138$ & $0.014779$ & $0.0183188$ & $0.00854293$ & $-0.00507805$ & $-0.0075489$ & $-0.013941$ & $-0.00416112$ & $0.0112417$ & $0.0184274$ & $-0.0144957$ & $-0.0202594$ & $0.0238506$ & $-0.0461199$ & $0.0113257$ & $-0.0243265$ & $-0.029147$ & $0.00190709$ & $-0.0149901$ & $-0.018717$ & $0.0113902$ & $0.0163823$ & $0.00540163$ & $-0.0770563$ & $1$ & $-0.0504124$ & $-0.0477657$ & $-0.0567941$ & $-0.0727845$ & $-0.0531021$ \\
eHtautauint & $-0.00143922$ & $-0.0505874$ & $-0.0351834$ & $0.019004$ & $-0.00812817$ & $-0.0371929$ & $-0.00300743$ & $0.0163401$ & $0.00658644$ & $0.00701775$ & $-0.0083201$ & $0.00778793$ & $0.00065738$ & $-0.0102481$ & $-0.0179705$ & $-0.00689452$ & $-0.000899202$ & $0.00180873$ & $-0.00748797$ & $0.00331991$ & $0.0103389$ & $0.0127398$ & $0.00668091$ & $-0.0152782$ & $-0.00246534$ & $0.00053164$ & $0.0253811$ & $0.003388$ & $0.0106158$ & $0.0777518$ & $0.0171315$ & $-0.00557963$ & $-0.0104728$ & $0.0309739$ & $0.00376813$ & $0.0170989$ & $-0.0691294$ & $0.0010979$ & $-0.0758814$ & $-0.0147611$ & $0.015812$ & $-0.0277752$ & $-0.13322$ & $-0.0504124$ & $1$ & $0.0546472$ & $0.0376736$ & $0.075138$ & $-0.0607715$ \\
eHccint & $-0.110004$ & $-0.00228958$ & $0.0369564$ & $0.084314$ & $-0.00764597$ & $-0.000655727$ & $0.0044901$ & $-0.0140461$ & $-0.00784693$ & $-0.00609413$ & $0.0164325$ & $-0.0274194$ & $-0.0352075$ & $-0.00438822$ & $0.00831684$ & $0.0043136$ & $-0.00470046$ & $-0.00748518$ & $-0.00353467$ & $-0.0134437$ & $-0.0174063$ & $-0.0131928$ & $-0.0107568$ & $0.0291641$ & $0.000668029$ & $0.00587071$ & $-0.0217345$ & $-0.0171249$ & $0.0262319$ & $0.0053861$ & $0.0692414$ & $0.00065135$ & $-0.032808$ & $-0.0177539$ & $0.0130609$ & $-0.00850157$ & $0.00609825$ & $0.00132936$ & $-0.0323227$ & $0.0238163$ & $0.00483585$ & $0.0127394$ & $0.0623345$ & $-0.0477657$ & $0.0546472$ & $1$ & $0.0344798$ & $0.044457$ & $-0.0623441$ \\
eHccpar & $-0.0282954$ & $0.0247719$ & $0.056381$ & $0.00380784$ & $-0.00372169$ & $0.0188308$ & $0.00729223$ & $-0.0149973$ & $-0.0136024$ & $-0.00377253$ & $0.0170042$ & $-0.0168318$ & $-0.0269259$ & $-0.000105763$ & $0.00217837$ & $-0.0366288$ & $-0.00494777$ & $-0.00516317$ & $0.0286319$ & $-0.0149593$ & $-0.0129219$ & $-0.0106528$ & $0.00724236$ & $-0.00394943$ & $0.0106968$ & $0.000172122$ & $0.000195648$ & $-0.011248$ & $0.00657882$ & $-0.00969649$ & $0.384553$ & $0.0103585$ & $-0.0223169$ & $-0.0145983$ & $0.0383074$ & $0.00793357$ & $0.0733329$ & $0.0173296$ & $0.0511138$ & $-0.00384042$ & $-0.00359004$ & $-0.0046382$ & $0.0223573$ & $-0.0567941$ & $0.0376736$ & $0.0344798$ & $1$ & $-0.024185$ & $0.00173129$ \\
eHbbint & $-0.116973$ & $-0.0516142$ & $0.0164604$ & $0.160348$ & $0.0157359$ & $0.00316165$ & $-0.00607423$ & $0.0122837$ & $0.0122656$ & $-0.0132523$ & $-0.00365803$ & $0.000253414$ & $0.0198432$ & $-0.00688066$ & $0.0158465$ & $-0.0127767$ & $-0.0113836$ & $-0.0225567$ & $-0.0046428$ & $0.00482382$ & $0.0032137$ & $0.000829579$ & $0.0230927$ & $-0.00119901$ & $-0.00438253$ & $-0.0136031$ & $-0.000834933$ & $-0.0157906$ & $0.0145078$ & $0.0150591$ & $-0.0183561$ & $-0.00457189$ & $0.158299$ & $-0.0059535$ & $0.0289559$ & $-0.0991225$ & $-0.0132421$ & $0.010799$ & $0.0417213$ & $-0.00370999$ & $0.117793$ & $-0.0282223$ & $0.0107136$ & $-0.0727845$ & $0.075138$ & $0.044457$ & $-0.024185$ & $1$ & $-0.0301692$ \\
eHbbpar & $0.00295833$ & $0.0749938$ & $0.0332468$ & $0.00870865$ & $0.0107056$ & $0.00370752$ & $-0.00321439$ & $-0.00187119$ & $0.000212483$ & $-0.0112002$ & $0.00487076$ & $-0.00766891$ & $0.0130558$ & $-0.00425881$ & $-0.00943571$ & $-0.0139231$ & $-0.00556644$ & $-0.00146069$ & $-0.0025427$ & $-0.00494912$ & $0.000157804$ & $-0.00476911$ & $-0.00680112$ & $0.000853272$ & $-0.0190766$ & $0.00565081$ & $-0.00572952$ & $-0.00171353$ & $-0.00250883$ & $-0.00854955$ & $0.0154571$ & $-0.003718$ & $0.508844$ & $0.0109444$ & $-0.0779685$ & $0.0306806$ & $0.00386065$ & $-0.00260263$ & $-0.0234021$ & $-0.00089874$ & $0.0289337$ & $-0.00649838$ & $-0.0380093$ & $-0.0531021$ & $-0.0607715$ & $-0.0623441$ & $0.00173129$ & $-0.0301692$ & $1$ \\
