 & AlsMz & dAle5Mz & mtop & mHl & Mz & CW & CHG & CHWB & CHWHB_gaga & CHWHB_gagaorth & CHD & CHbox & CH & CHL1_11 & CHL1_22 & CHL1_33 & CHL3_11 & CHL3_22 & CHL3_33 & CHe_11 & CHe_22 & CHe_33 & CHQ1_11 & CHQ1_33 & CHQ3_11 & CHu_11 & CHd_11 & CHd_33 & CeH_22r & CeH_33r & CuH_22r & CuH_33r & CdH_33r & CLL_1221 & eHggint & eHggpar & eHWWint & eHWWpar & eHZZint & eHZZpar & eHZgaint & eHZgapar & eHgagaint & eHmumuint & eHtautauint & eHccint & eHccpar & eHbbint & eHbbpar \\
AlsMz & $1$ & $-0.00935184$ & $0.0117753$ & $-0.0202363$ & $-0.00191947$ & $-0.00123518$ & $0.00989603$ & $-0.00427435$ & $-0.0105189$ & $0.00732569$ & $-0.00654816$ & $-0.00444435$ & $-0.0112474$ & $0.00782554$ & $0.00478084$ & $0.0184643$ & $-0.00318044$ & $0.003202$ & $-0.00520157$ & $0.000771607$ & $-0.00398592$ & $-0.00383513$ & $-0.00999486$ & $-0.0547743$ & $-0.125134$ & $-0.0436885$ & $-0.0575881$ & $0.0100176$ & $-0.0090981$ & $-0.00889942$ & $-0.0134619$ & $0.0116697$ & $0.000105849$ & $-0.0124381$ & $-0.0173148$ & $0.0239648$ & $-0.00758053$ & $-0.0137026$ & $-0.0277603$ & $-0.00527885$ & $0.0200163$ & $-0.00632443$ & $-0.049087$ & $-0.0372589$ & $0.0271356$ & $-0.0293389$ & $-0.0411574$ & $0.0147703$ & $-0.00121204$ \\
dAle5Mz & $-0.00935184$ & $1$ & $-0.00819648$ & $-0.0106307$ & $0.00429519$ & $0.0055194$ & $-0.00714344$ & $-0.083614$ & $-0.0808411$ & $0.0412301$ & $0.0662755$ & $-0.00467863$ & $-0.0260823$ & $-0.0255061$ & $-0.0405552$ & $-0.0266467$ & $0.0213538$ & $0.0287768$ & $0.0159844$ & $-0.0410011$ & $-0.0363177$ & $-0.0400779$ & $-0.0121412$ & $0.0152545$ & $0.0240545$ & $0.0317853$ & $0.00396715$ & $-0.0351733$ & $0.00552005$ & $-0.00404262$ & $-0.0133606$ & $-0.0105729$ & $-0.0495115$ & $0.0389315$ & $-0.0120129$ & $-0.00161745$ & $0.00764804$ & $0.0052613$ & $0.0172233$ & $0.00284703$ & $0.0283526$ & $-0.000172528$ & $0.00935423$ & $-0.0405455$ & $0.0385164$ & $0.0221219$ & $-0.0249089$ & $-0.0526798$ & $-0.0435176$ \\
mtop & $0.0117753$ & $-0.00819648$ & $1$ & $0.0834395$ & $-0.000943955$ & $0.012649$ & $-0.0100699$ & $0.0109831$ & $0.010843$ & $-0.0128537$ & $0.0149352$ & $0.0414045$ & $0.0197052$ & $-0.0200261$ & $0.00944584$ & $0.00122781$ & $-0.0419598$ & $-0.0372084$ & $-0.0282109$ & $-0.00460961$ & $-0.00621868$ & $-0.00467933$ & $-0.000942365$ & $-0.0147715$ & $-0.0276958$ & $0.00393995$ & $0.00589437$ & $0.00777224$ & $-0.0038358$ & $0.010575$ & $-0.00351536$ & $-0.00843383$ & $0.00464633$ & $-0.00452818$ & $0.00207236$ & $0.00573463$ & $0.0225071$ & $0.0138885$ & $-0.0254365$ & $0.0158874$ & $-0.0028723$ & $-0.0149418$ & $0.0182129$ & $0.00305444$ & $0.0201527$ & $0.000835883$ & $-0.0392843$ & $0.0371611$ & $-0.0312632$ \\
mHl & $-0.0202363$ & $-0.0106307$ & $0.0834395$ & $1$ & $0.00966105$ & $-0.000455917$ & $-0.0213156$ & $-0.0161246$ & $-0.0133556$ & $0.01077$ & $0.00598108$ & $0.01024$ & $0.00285867$ & $0.0214108$ & $0.00892682$ & $-0.01573$ & $0.0172097$ & $0.0135245$ & $0.0327443$ & $-0.0042834$ & $-0.00491404$ & $-0.007631$ & $-0.00024985$ & $0.00752318$ & $0.0286534$ & $-0.00298049$ & $-0.00851838$ & $-0.0115889$ & $0.026074$ & $0.0031308$ & $0.00167032$ & $-0.0221288$ & $0.0184595$ & $-0.0246227$ & $-0.0360629$ & $0.0117191$ & $-0.000740531$ & $0.0234496$ & $0.00111378$ & $-0.00668469$ & $0.0201238$ & $-0.00373362$ & $0.0109657$ & $0.0326074$ & $-0.00843586$ & $0.00606117$ & $-0.0381187$ & $0.028637$ & $0.00623449$ \\
Mz & $-0.00191947$ & $0.00429519$ & $-0.000943955$ & $0.00966105$ & $1$ & $-0.00522629$ & $-0.0107026$ & $0.0367629$ & $0.033539$ & $-0.0131572$ & $-0.0297015$ & $-0.0159887$ & $-0.00721343$ & $0.0168464$ & $0.0227462$ & $0.0168875$ & $0.0060577$ & $-0.0121554$ & $-0.00740497$ & $0.0357105$ & $0.0397546$ & $0.0423892$ & $0.00270623$ & $-0.0154825$ & $-0.0131082$ & $-0.0264642$ & $0.00709344$ & $0.00485032$ & $-0.00594826$ & $-0.00121602$ & $0.0158776$ & $-0.0157989$ & $-0.00231099$ & $0.0138079$ & $-0.0100067$ & $0.0020136$ & $-0.0162485$ & $0.00034013$ & $0.00820237$ & $0.0144682$ & $-0.0198717$ & $0.0264021$ & $-0.00546001$ & $-0.0151458$ & $-0.0259256$ & $-0.0195264$ & $0.00566174$ & $-0.00165574$ & $0.000290037$ \\
CW & $-0.00123518$ & $0.0055194$ & $0.012649$ & $-0.000455917$ & $-0.00522629$ & $1$ & $0.018312$ & $-0.121966$ & $-0.121943$ & $0.0246766$ & $0.190193$ & $0.00374139$ & $-0.0145297$ & $-0.00139488$ & $-0.0730934$ & $-0.0735788$ & $-0.25954$ & $-0.0668464$ & $-0.0655031$ & $-0.187982$ & $-0.193386$ & $-0.189752$ & $-0.00768401$ & $-0.00248001$ & $-0.100144$ & $0.100313$ & $-0.0825627$ & $-0.0645793$ & $-0.0189423$ & $-0.01953$ & $-0.00633501$ & $0.0164258$ & $-0.0262709$ & $-0.121962$ & $0.00573918$ & $-0.0126304$ & $0.00245808$ & $0.00335251$ & $-0.0100202$ & $-0.012641$ & $-0.00389253$ & $-0.00359202$ & $-0.00744383$ & $0.0021443$ & $-0.0300856$ & $0.00635905$ & $-0.00183525$ & $-0.000262078$ & $-0.00661233$ \\
CHG & $0.00989603$ & $-0.00714344$ & $-0.0100699$ & $-0.0213156$ & $-0.0107026$ & $0.018312$ & $1$ & $-0.0606394$ & $-0.00366987$ & $0.0823887$ & $0.0637403$ & $-0.270346$ & $-0.386785$ & $-0.0210763$ & $-0.0345322$ & $-0.0408223$ & $-0.00382575$ & $0.0168648$ & $0.0188037$ & $-0.0652383$ & $-0.062831$ & $-0.061858$ & $0.00529611$ & $0.026769$ & $0.0112303$ & $0.033344$ & $-0.0119024$ & $-0.0318005$ & $0.00171769$ & $-0.167399$ & $-0.0738841$ & $0.942553$ & $-0.185363$ & $-0.0215546$ & $-0.00111588$ & $0.0275767$ & $0.0137912$ & $0.0150992$ & $0.010973$ & $-0.0348303$ & $-0.00181977$ & $-0.006168$ & $0.0164194$ & $-0.00349219$ & $-0.00479109$ & $-0.0153277$ & $0.0359817$ & $-0.00384569$ & $-0.000366795$ \\
CHWB & $-0.00427435$ & $-0.083614$ & $0.0109831$ & $-0.0161246$ & $0.0367629$ & $-0.121966$ & $-0.0606394$ & $1$ & $0.980858$ & $-0.530984$ & $-0.865999$ & $-0.00708627$ & $0.143446$ & $0.0737469$ & $0.304122$ & $0.300146$ & $-0.254889$ & $-0.438781$ & $-0.438075$ & $0.838851$ & $0.88343$ & $0.866542$ & $0.0799143$ & $-0.676837$ & $-0.39925$ & $-0.505041$ & $0.427967$ & $0.286211$ & $0.0095342$ & $0.0508681$ & $0.0177055$ & $-0.0586971$ & $0.0647871$ & $0.560047$ & $0.0243849$ & $-0.0131247$ & $0.0143755$ & $-0.0163894$ & $0.0224047$ & $-0.0266227$ & $0.0150909$ & $0.00258134$ & $0.0114924$ & $0.00544268$ & $-0.013738$ & $0.0117897$ & $0.0117698$ & $0.0126484$ & $0.0320274$ \\
CHWHB_gaga & $-0.0105189$ & $-0.0808411$ & $0.010843$ & $-0.0133556$ & $0.033539$ & $-0.121943$ & $-0.00366987$ & $0.980858$ & $1$ & $-0.521477$ & $-0.849587$ & $0.00468517$ & $0.129392$ & $0.0710849$ & $0.30042$ & $0.293941$ & $-0.248472$ & $-0.43149$ & $-0.42909$ & $0.823198$ & $0.866869$ & $0.850431$ & $0.0823547$ & $-0.662749$ & $-0.389272$ & $-0.497167$ & $0.422185$ & $0.278997$ & $0.0184015$ & $0.0747869$ & $0.0300382$ & $-0.00886305$ & $0.0868587$ & $0.548435$ & $0.00400541$ & $-0.016462$ & $0.00137353$ & $-0.0117011$ & $0.0196013$ & $-0.0289646$ & $0.0132252$ & $0.00110168$ & $0.0882444$ & $0.0107137$ & $-0.0170674$ & $0.0150618$ & $0.0170139$ & $0.0133467$ & $0.0311411$ \\
CHWHB_gagaorth & $0.00732569$ & $0.0412301$ & $-0.0128537$ & $0.01077$ & $-0.0131572$ & $0.0246766$ & $0.0823887$ & $-0.530984$ & $-0.521477$ & $1$ & $0.348634$ & $0.143498$ & $-0.210061$ & $0.170223$ & $-0.131647$ & $-0.110275$ & $0.349943$ & $0.413387$ & $0.400376$ & $-0.334901$ & $-0.362402$ & $-0.35879$ & $-0.0495591$ & $0.486526$ & $0.384707$ & $0.205024$ & $-0.234565$ & $-0.124421$ & $0.0126558$ & $-0.165068$ & $-0.0562071$ & $0.0936516$ & $-0.178987$ & $-0.314652$ & $0.0246522$ & $0.0573059$ & $-0.00657872$ & $-0.0196391$ & $-0.00969866$ & $0.0212642$ & $-0.0563474$ & $0.00916898$ & $0.0159259$ & $-0.00526488$ & $0.00823347$ & $0.00335935$ & $-0.0134288$ & $-0.0304192$ & $-0.0131973$ \\
CHD & $-0.00654816$ & $0.0662755$ & $0.0149352$ & $0.00598108$ & $-0.0297015$ & $0.190193$ & $0.0637403$ & $-0.865999$ & $-0.849587$ & $0.348634$ & $1$ & $0.0617373$ & $-0.0941119$ & $-0.518396$ & $-0.424227$ & $-0.418175$ & $-0.229622$ & $0.038747$ & $0.0362063$ & $-0.990518$ & $-0.991156$ & $-0.97048$ & $-0.029663$ & $0.287136$ & $-0.0112231$ & $0.573049$ & $-0.296312$ & $-0.323244$ & $-0.0164266$ & $-0.0440811$ & $-0.0150036$ & $0.0690823$ & $-0.0617324$ & $-0.356196$ & $-0.0227077$ & $-0.0113537$ & $-0.0140562$ & $0.0195455$ & $-0.0202254$ & $0.0286359$ & $0.0026362$ & $0.00448869$ & $-0.0219684$ & $-0.0157224$ & $0.0146082$ & $-0.0247658$ & $-0.0123034$ & $-0.00893246$ & $-0.0255249$ \\
CHbox & $-0.00444435$ & $-0.00467863$ & $0.0414045$ & $0.01024$ & $-0.0159887$ & $0.00374139$ & $-0.270346$ & $-0.00708627$ & $0.00468517$ & $0.143498$ & $0.0617373$ & $1$ & $0.717156$ & $-0.125737$ & $0.0266008$ & $0.0264353$ & $-0.101702$ & $-0.111089$ & $-0.111677$ & $-0.0508397$ & $-0.0652129$ & $-0.0634305$ & $-0.0270491$ & $-0.0451531$ & $-0.10452$ & $0.0524772$ & $-0.0400488$ & $-0.0262387$ & $0.0708062$ & $0.419917$ & $0.138111$ & $-0.172016$ & $0.43682$ & $-0.0251792$ & $0.0902472$ & $0.0500493$ & $-0.0026208$ & $-0.0074352$ & $-0.0143688$ & $0.0134038$ & $0.0073586$ & $-0.0103501$ & $-0.00537771$ & $-0.019478$ & $0.0313964$ & $-0.00114139$ & $-0.0182973$ & $-0.000735064$ & $-0.0227203$ \\
CH & $-0.0112474$ & $-0.0260823$ & $0.0197052$ & $0.00285867$ & $-0.00721343$ & $-0.0145297$ & $-0.386785$ & $0.143446$ & $0.129392$ & $-0.210061$ & $-0.0941119$ & $0.717156$ & $1$ & $-0.0542778$ & $0.0470889$ & $0.0511492$ & $-0.0890769$ & $-0.116263$ & $-0.118517$ & $0.0931071$ & $0.0960869$ & $0.0969505$ & $-0.00489074$ & $-0.119973$ & $-0.105539$ & $-0.0361728$ & $0.0572418$ & $0.0460021$ & $0.0554178$ & $0.331118$ & $0.136576$ & $-0.350188$ & $0.347151$ & $0.0794279$ & $-0.000121215$ & $-0.00409372$ & $0.00967254$ & $-0.00839469$ & $-0.0073097$ & $0.00114823$ & $0.0212231$ & $-0.0149939$ & $-0.0176588$ & $-0.00471804$ & $0.00698307$ & $-0.00164667$ & $-0.00715266$ & $0.00770032$ & $-0.0242693$ \\
CHL1_11 & $0.00782554$ & $-0.0255061$ & $-0.0200261$ & $0.0214108$ & $0.0168464$ & $-0.00139488$ & $-0.0210763$ & $0.0737469$ & $0.0710849$ & $0.170223$ & $-0.518396$ & $-0.125737$ & $-0.0542778$ & $1$ & $0.26204$ & $0.256833$ & $0.69481$ & $0.63204$ & $0.635351$ & $0.533938$ & $0.479676$ & $0.46564$ & $-0.0554159$ & $0.498185$ & $0.628316$ & $-0.296706$ & $-0.0984795$ & $0.160089$ & $0.0089902$ & $-0.00322617$ & $-0.0061131$ & $-0.0381217$ & $0.00755229$ & $-0.219535$ & $-0.000393265$ & $0.0429742$ & $-0.00107185$ & $-0.0163292$ & $-0.00288866$ & $-0.0145536$ & $-0.0354318$ & $-0.0208061$ & $0.0166763$ & $0.013011$ & $-0.0119734$ & $0.0303151$ & $9.70028e-05$ & $0.00273094$ & $-0.00645237$ \\
CHL1_22 & $0.00478084$ & $-0.0405552$ & $0.00944584$ & $0.00892682$ & $0.0227462$ & $-0.0730934$ & $-0.0345322$ & $0.304122$ & $0.30042$ & $-0.131647$ & $-0.424227$ & $0.0266008$ & $0.0470889$ & $0.26204$ & $1$ & $0.437055$ & $0.15007$ & $-0.429064$ & $-0.0228275$ & $0.487855$ & $0.341646$ & $0.333632$ & $-0.156825$ & $0.0872037$ & $-0.124674$ & $-0.207261$ & $-0.379924$ & $0.0976334$ & $0.0124507$ & $0.0149659$ & $0.0098335$ & $-0.0323194$ & $0.0440011$ & $-0.588269$ & $0.00967532$ & $0.0117467$ & $0.0169308$ & $0.0197837$ & $0.0101354$ & $0.010869$ & $-0.0138198$ & $-0.00527887$ & $0.0297767$ & $0.0227624$ & $0.00660825$ & $0.0022512$ & $0.0136925$ & $0.0206319$ & $0.0282426$ \\
CHL1_33 & $0.0184643$ & $-0.0266467$ & $0.00122781$ & $-0.01573$ & $0.0168875$ & $-0.0735788$ & $-0.0408223$ & $0.300146$ & $0.293941$ & $-0.110275$ & $-0.418175$ & $0.0264353$ & $0.0511492$ & $0.256833$ & $0.437055$ & $1$ & $0.150582$ & $-0.0233706$ & $-0.409818$ & $0.479122$ & $0.339268$ & $0.357229$ & $-0.172688$ & $0.0929497$ & $-0.127953$ & $-0.192437$ & $-0.374191$ & $0.116043$ & $0.00944917$ & $0.0142248$ & $0.00308251$ & $-0.0347706$ & $0.0230405$ & $-0.0857996$ & $0.0156832$ & $0.0190503$ & $0.0187502$ & $0.001388$ & $0.00194401$ & $-0.0224598$ & $-0.0181761$ & $-0.014173$ & $0.0139129$ & $0.0188317$ & $0.00301132$ & $0.0273713$ & $-0.00672016$ & $0.00352594$ & $0.00198206$ \\
CHL3_11 & $-0.00318044$ & $0.0213538$ & $-0.0419598$ & $0.0172097$ & $0.0060577$ & $-0.25954$ & $-0.00382575$ & $-0.254889$ & $-0.248472$ & $0.349943$ & $-0.229622$ & $-0.101702$ & $-0.0890769$ & $0.69481$ & $0.15007$ & $0.150582$ & $1$ & $0.763897$ & $0.764428$ & $0.248154$ & $0.197719$ & $0.19143$ & $-0.0658375$ & $0.697182$ & $0.798117$ & $-0.114576$ & $-0.152065$ & $0.0707149$ & $0.0184128$ & $-0.00617664$ & $0.000782398$ & $-0.0152223$ & $0.00209865$ & $-0.255489$ & $0.000690407$ & $0.0434476$ & $-0.00170762$ & $-0.00539592$ & $-0.00189405$ & $-0.00393363$ & $-0.023918$ & $-0.00248115$ & $0.0284644$ & $0.0217286$ & $-0.00342328$ & $0.0193953$ & $0.00436156$ & $-0.00903046$ & $-0.00564109$ \\
CHL3_22 & $0.003202$ & $0.0287768$ & $-0.0372084$ & $0.0135245$ & $-0.0121554$ & $-0.0668464$ & $0.0168648$ & $-0.438781$ & $-0.43149$ & $0.413387$ & $0.038747$ & $-0.111089$ & $-0.116263$ & $0.63204$ & $-0.429064$ & $-0.0233706$ & $0.763897$ & $1$ & $0.705197$ & $-0.0429146$ & $-0.03514$ & $-0.0344502$ & $0.00183095$ & $0.652007$ & $0.807104$ & $0.0161983$ & $-0.0152682$ & $0.00216886$ & $0.00427035$ & $-0.0214861$ & $-0.0103864$ & $0.00286147$ & $-0.032751$ & $0.0136968$ & $-0.0101702$ & $0.0362231$ & $-0.0132657$ & $-0.0195175$ & $-0.0111064$ & $-0.0127297$ & $-0.0250023$ & $-0.008953$ & $6.59044e-05$ & $0.0045704$ & $-0.00694996$ & $0.0225569$ & $-0.00934566$ & $-0.0175339$ & $-0.0298406$ \\
CHL3_33 & $-0.00520157$ & $0.0159844$ & $-0.0282109$ & $0.0327443$ & $-0.00740497$ & $-0.0655031$ & $0.0188037$ & $-0.438075$ & $-0.42909$ & $0.400376$ & $0.0362063$ & $-0.111677$ & $-0.118517$ & $0.635351$ & $-0.0228275$ & $-0.409818$ & $0.764428$ & $0.705197$ & $1$ & $-0.038668$ & $-0.0342979$ & $-0.0317507$ & $0.0161619$ & $0.649392$ & $0.812612$ & $0.00601644$ & $-0.0168435$ & $-0.0113039$ & $0.00621078$ & $-0.0227734$ & $-0.00813876$ & $0.00223648$ & $-0.0170295$ & $-0.353854$ & $-0.0145793$ & $0.0317667$ & $-0.0117614$ & $-0.0112238$ & $-0.00641985$ & $0.00753872$ & $-0.0252266$ & $-0.00594979$ & $0.00995871$ & $0.0098362$ & $-0.00967083$ & $0.00997129$ & $0.0010459$ & $-0.00592205$ & $-0.0105383$ \\
CHe_11 & $0.000771607$ & $-0.0410011$ & $-0.00460961$ & $-0.0042834$ & $0.0357105$ & $-0.187982$ & $-0.0652383$ & $0.838851$ & $0.823198$ & $-0.334901$ & $-0.990518$ & $-0.0508397$ & $0.0931071$ & $0.533938$ & $0.487855$ & $0.479122$ & $0.248154$ & $-0.0429146$ & $-0.038668$ & $1$ & $0.973562$ & $0.953435$ & $0.0038849$ & $-0.238188$ & $0.0165224$ & $-0.562808$ & $0.22534$ & $0.315542$ & $0.0187988$ & $0.0426221$ & $0.0149084$ & $-0.0703907$ & $0.0587399$ & $0.280164$ & $0.0201827$ & $0.0125819$ & $0.0140645$ & $-0.0186392$ & $0.019931$ & $-0.0292771$ & $-0.00536877$ & $-0.00600685$ & $0.023428$ & $0.0168776$ & $-0.012962$ & $0.0264838$ & $0.0111585$ & $0.00712115$ & $0.0226873$ \\
CHe_22 & $-0.00398592$ & $-0.0363177$ & $-0.00621868$ & $-0.00491404$ & $0.0397546$ & $-0.193386$ & $-0.062831$ & $0.88343$ & $0.866869$ & $-0.362402$ & $-0.991156$ & $-0.0652129$ & $0.0960869$ & $0.479676$ & $0.341646$ & $0.339268$ & $0.197719$ & $-0.03514$ & $-0.0342979$ & $0.973562$ & $1$ & $0.975385$ & $0.0568474$ & $-0.340827$ & $0.00532086$ & $-0.574359$ & $0.376329$ & $0.325663$ & $0.0163057$ & $0.0448069$ & $0.014487$ & $-0.068725$ & $0.0588987$ & $0.44246$ & $0.0220619$ & $0.00816659$ & $0.012395$ & $-0.0216471$ & $0.0220215$ & $-0.0297583$ & $0.000259556$ & $-0.00277152$ & $0.0226339$ & $0.0130017$ & $-0.0156729$ & $0.0249441$ & $0.0133694$ & $0.00655164$ & $0.0238564$ \\
CHe_33 & $-0.00383513$ & $-0.0400779$ & $-0.00467933$ & $-0.007631$ & $0.0423892$ & $-0.189752$ & $-0.061858$ & $0.866542$ & $0.850431$ & $-0.35879$ & $-0.97048$ & $-0.0634305$ & $0.0969505$ & $0.46564$ & $0.333632$ & $0.357229$ & $0.19143$ & $-0.0344502$ & $-0.0317507$ & $0.953435$ & $0.975385$ & $1$ & $0.0565155$ & $-0.334993$ & $0.00355803$ & $-0.562279$ & $0.368655$ & $0.319871$ & $0.0167055$ & $0.0437166$ & $0.0129553$ & $-0.0667447$ & $0.0622126$ & $0.437698$ & $0.0201184$ & $0.010116$ & $0.0107993$ & $-0.0274025$ & $0.0160424$ & $-0.0336889$ & $-0.00247232$ & $-0.00603778$ & $0.0178562$ & $0.0162066$ & $-0.015273$ & $0.0298665$ & $0.00217315$ & $0.00468855$ & $0.0244419$ \\
CHQ1_11 & $-0.00999486$ & $-0.0121412$ & $-0.000942365$ & $-0.00024985$ & $0.00270623$ & $-0.00768401$ & $0.00529611$ & $0.0799143$ & $0.0823547$ & $-0.0495591$ & $-0.029663$ & $-0.0270491$ & $-0.00489074$ & $-0.0554159$ & $-0.156825$ & $-0.172688$ & $-0.0658375$ & $0.00183095$ & $0.0161619$ & $0.0038849$ & $0.0568474$ & $0.0565155$ & $1$ & $-0.131066$ & $0.0784676$ & $-0.681864$ & $0.349565$ & $0.0121375$ & $0.00544947$ & $-0.0113098$ & $-0.00573723$ & $-0.00402115$ & $-0.0331732$ & $0.194392$ & $0.00312467$ & $-0.0192601$ & $0.0216296$ & $-0.00937613$ & $0.0162595$ & $0.000575681$ & $0.0102077$ & $-0.00170817$ & $0.0132085$ & $0.00255882$ & $-0.00372639$ & $0.0127842$ & $0.0161291$ & $0.00312379$ & $-0.0145236$ \\
CHQ1_33 & $-0.0547743$ & $0.0152545$ & $-0.0147715$ & $0.00752318$ & $-0.0154825$ & $-0.00248001$ & $0.026769$ & $-0.676837$ & $-0.662749$ & $0.486526$ & $0.287136$ & $-0.0451531$ & $-0.119973$ & $0.498185$ & $0.0872037$ & $0.0929497$ & $0.697182$ & $0.652007$ & $0.649392$ & $-0.238188$ & $-0.340827$ & $-0.334993$ & $-0.131066$ & $1$ & $0.659904$ & $0.189942$ & $-0.417111$ & $-0.00856712$ & $0.00868519$ & $-0.0351254$ & $-0.0137705$ & $0.0170716$ & $-0.0362127$ & $-0.620091$ & $-0.0163269$ & $0.0391431$ & $0.00859391$ & $0.00851742$ & $-0.0104238$ & $0.0143035$ & $-0.0493111$ & $-0.0187741$ & $0.0113241$ & $0.0261138$ & $0.00851111$ & $0.0192411$ & $0.000617084$ & $-0.0130017$ & $-0.0198631$ \\
CHQ3_11 & $-0.125134$ & $0.0240545$ & $-0.0276958$ & $0.0286534$ & $-0.0131082$ & $-0.100144$ & $0.0112303$ & $-0.39925$ & $-0.389272$ & $0.384707$ & $-0.0112231$ & $-0.10452$ & $-0.105539$ & $0.628316$ & $-0.124674$ & $-0.127953$ & $0.798117$ & $0.807104$ & $0.812612$ & $0.0165224$ & $0.00532086$ & $0.00355803$ & $0.0784676$ & $0.659904$ & $1$ & $-0.00222542$ & $0.198648$ & $0.00475174$ & $-0.000985093$ & $-0.0229184$ & $-0.0137901$ & $-0.00298049$ & $-0.024853$ & $-0.205778$ & $-0.0195579$ & $0.027903$ & $0.00827612$ & $-0.0118999$ & $-0.00586624$ & $-0.00873926$ & $-0.0242187$ & $-0.0134622$ & $0.0282151$ & $0.0166081$ & $0.00724285$ & $0.0259338$ & $-0.00384958$ & $-0.0147379$ & $-0.0189864$ \\
CHu_11 & $-0.0436885$ & $0.0317853$ & $0.00393995$ & $-0.00298049$ & $-0.0264642$ & $0.100313$ & $0.033344$ & $-0.505041$ & $-0.497167$ & $0.205024$ & $0.573049$ & $0.0524772$ & $-0.0361728$ & $-0.296706$ & $-0.207261$ & $-0.192437$ & $-0.114576$ & $0.0161983$ & $0.00601644$ & $-0.562808$ & $-0.574359$ & $-0.562279$ & $-0.681864$ & $0.189942$ & $-0.00222542$ & $1$ & $-0.1781$ & $-0.174205$ & $-0.0158176$ & $-0.0136509$ & $-0.00723609$ & $0.0437198$ & $-0.00821168$ & $-0.237493$ & $-0.0143112$ & $-0.000755866$ & $-0.02776$ & $0.0079814$ & $-0.022441$ & $0.0209623$ & $-0.00685759$ & $-0.000183653$ & $-0.0315846$ & $-0.0163662$ & $0.0252861$ & $-0.024767$ & $-0.0231485$ & $-0.0176981$ & $-0.00427299$ \\
CHd_11 & $-0.0575881$ & $0.00396715$ & $0.00589437$ & $-0.00851838$ & $0.00709344$ & $-0.0825627$ & $-0.0119024$ & $0.427967$ & $0.422185$ & $-0.234565$ & $-0.296312$ & $-0.0400488$ & $0.0572418$ & $-0.0984795$ & $-0.379924$ & $-0.374191$ & $-0.152065$ & $-0.0152682$ & $-0.0168435$ & $0.22534$ & $0.376329$ & $0.368655$ & $0.349565$ & $-0.417111$ & $0.198648$ & $-0.1781$ & $1$ & $0.112237$ & $-0.00982009$ & $0.01873$ & $-0.00393754$ & $-0.0152904$ & $0.0109468$ & $0.678289$ & $-0.00813564$ & $-0.0232007$ & $0.0213758$ & $-0.0270989$ & $0.013101$ & $-0.0225622$ & $0.0191676$ & $-0.0029946$ & $0.00739484$ & $-0.00504166$ & $0.00929588$ & $0.0139417$ & $-0.00406125$ & $-0.0128639$ & $0.00587926$ \\
CHd_33 & $0.0100176$ & $-0.0351733$ & $0.00777224$ & $-0.0115889$ & $0.00485032$ & $-0.0645793$ & $-0.0318005$ & $0.286211$ & $0.278997$ & $-0.124421$ & $-0.323244$ & $-0.0262387$ & $0.0460021$ & $0.160089$ & $0.0976334$ & $0.116043$ & $0.0707149$ & $0.00216886$ & $-0.0113039$ & $0.315542$ & $0.325663$ & $0.319871$ & $0.0121375$ & $-0.00856712$ & $0.00475174$ & $-0.174205$ & $0.112237$ & $1$ & $0.0110513$ & $0.00630425$ & $0.00243657$ & $-0.0384552$ & $0.026071$ & $0.153997$ & $0.00251141$ & $0.00165287$ & $0.0280727$ & $-0.0143834$ & $0.0176153$ & $-0.00330526$ & $-0.0284336$ & $-0.0129556$ & $-0.00189935$ & $0.0197621$ & $-4.2326e-06$ & $0.00634942$ & $0.0106945$ & $0.0210222$ & $0.0251041$ \\
CeH_22r & $-0.0090981$ & $0.00552005$ & $-0.0038358$ & $0.026074$ & $-0.00594826$ & $-0.0189423$ & $0.00171769$ & $0.0095342$ & $0.0184015$ & $0.0126558$ & $-0.0164266$ & $0.0708062$ & $0.0554178$ & $0.0089902$ & $0.0124507$ & $0.00944917$ & $0.0184128$ & $0.00427035$ & $0.00621078$ & $0.0187988$ & $0.0163057$ & $0.0167055$ & $0.00544947$ & $0.00868519$ & $-0.000985093$ & $-0.0158176$ & $-0.00982009$ & $0.0110513$ & $1$ & $0.0585002$ & $0.0403959$ & $-0.0101166$ & $0.0527197$ & $0.00113269$ & $-0.0452203$ & $-0.0290356$ & $-0.0346677$ & $0.0230098$ & $0.00943126$ & $-0.0166021$ & $-0.00325275$ & $-0.00205045$ & $0.010869$ & $0.0153868$ & $0.0076801$ & $0.0100915$ & $0.0179984$ & $-0.00641996$ & $-0.00430495$ \\
CeH_33r & $-0.00889942$ & $-0.00404262$ & $0.010575$ & $0.0031308$ & $-0.00121602$ & $-0.01953$ & $-0.167399$ & $0.0508681$ & $0.0747869$ & $-0.165068$ & $-0.0440811$ & $0.419917$ & $0.331118$ & $-0.00322617$ & $0.0149659$ & $0.0142248$ & $-0.00617664$ & $-0.0214861$ & $-0.0227734$ & $0.0426221$ & $0.0448069$ & $0.0437166$ & $-0.0113098$ & $-0.0351254$ & $-0.0229184$ & $-0.0136509$ & $0.01873$ & $0.00630425$ & $0.0585002$ & $1$ & $0.306452$ & $-0.026317$ & $0.640789$ & $0.0339882$ & $-0.0500147$ & $-0.0349368$ & $-0.203113$ & $-0.0262569$ & $-0.0196847$ & $0.00912504$ & $0.0189886$ & $-0.0129004$ & $0.00541137$ & $-0.00638836$ & $0.0733602$ & $-0.0196724$ & $-0.00847585$ & $0.0133411$ & $-0.00319757$ \\
CuH_22r & $-0.0134619$ & $-0.0133606$ & $-0.00351536$ & $0.00167032$ & $0.0158776$ & $-0.00633501$ & $-0.0738841$ & $0.0177055$ & $0.0300382$ & $-0.0562071$ & $-0.0150036$ & $0.138111$ & $0.136576$ & $-0.0061131$ & $0.0098335$ & $0.00308251$ & $0.000782398$ & $-0.0103864$ & $-0.00813876$ & $0.0149084$ & $0.014487$ & $0.0129553$ & $-0.00573723$ & $-0.0137705$ & $-0.0137901$ & $-0.00723609$ & $-0.00393754$ & $0.00243657$ & $0.0403959$ & $0.306452$ & $1$ & $0.00219886$ & $0.304148$ & $0.00944042$ & $-0.0326849$ & $-0.0276621$ & $-0.0740777$ & $-0.0130359$ & $0.0216988$ & $-0.017813$ & $-0.0250831$ & $-0.00471149$ & $0.0275417$ & $0.00897309$ & $0.0272574$ & $0.0455337$ & $0.393133$ & $0.0145102$ & $-0.0259469$ \\
CuH_33r & $0.0116697$ & $-0.0105729$ & $-0.00843383$ & $-0.0221288$ & $-0.0157989$ & $0.0164258$ & $0.942553$ & $-0.0586971$ & $-0.00886305$ & $0.0936516$ & $0.0690823$ & $-0.172016$ & $-0.350188$ & $-0.0381217$ & $-0.0323194$ & $-0.0347706$ & $-0.0152223$ & $0.00286147$ & $0.00223648$ & $-0.0703907$ & $-0.068725$ & $-0.0667447$ & $-0.00402115$ & $0.0170716$ & $-0.00298049$ & $0.0437198$ & $-0.0152904$ & $-0.0384552$ & $-0.0101166$ & $-0.026317$ & $0.00219886$ & $1$ & $-0.0244241$ & $-0.0198477$ & $0.0834734$ & $0.0684903$ & $-0.025441$ & $0.00249589$ & $0.0197976$ & $-0.0232142$ & $0.0028438$ & $-0.00431621$ & $0.0245814$ & $-0.00531468$ & $0.00044464$ & $-0.0193606$ & $0.0293128$ & $-0.0051773$ & $0.0123976$ \\
CdH_33r & $0.000105849$ & $-0.0495115$ & $0.00464633$ & $0.0184595$ & $-0.00231099$ & $-0.0262709$ & $-0.185363$ & $0.0647871$ & $0.0868587$ & $-0.178987$ & $-0.0617324$ & $0.43682$ & $0.347151$ & $0.00755229$ & $0.0440011$ & $0.0230405$ & $0.00209865$ & $-0.032751$ & $-0.0170295$ & $0.0587399$ & $0.0588987$ & $0.0622126$ & $-0.0331732$ & $-0.0362127$ & $-0.024853$ & $-0.00821168$ & $0.0109468$ & $0.026071$ & $0.0527197$ & $0.640789$ & $0.304148$ & $-0.0244241$ & $1$ & $0.0194892$ & $-0.04431$ & $-0.00329912$ & $-0.196922$ & $-0.0178848$ & $-0.0221398$ & $0.0263548$ & $0.0155416$ & $-0.00602216$ & $0.00502717$ & $-0.00438112$ & $-0.0035086$ & $-0.0106682$ & $-0.0495515$ & $0.188772$ & $0.514122$ \\
CLL_1221 & $-0.0124381$ & $0.0389315$ & $-0.00452818$ & $-0.0246227$ & $0.0138079$ & $-0.121962$ & $-0.0215546$ & $0.560047$ & $0.548435$ & $-0.314652$ & $-0.356196$ & $-0.0251792$ & $0.0794279$ & $-0.219535$ & $-0.588269$ & $-0.0857996$ & $-0.255489$ & $0.0136968$ & $-0.353854$ & $0.280164$ & $0.44246$ & $0.437698$ & $0.194392$ & $-0.620091$ & $-0.205778$ & $-0.237493$ & $0.678289$ & $0.153997$ & $0.00113269$ & $0.0339882$ & $0.00944042$ & $-0.0198477$ & $0.0194892$ & $1$ & $0.014216$ & $-0.0205468$ & $-0.00229228$ & $-0.0286803$ & $0.0132162$ & $-0.0316196$ & $0.0304905$ & $0.0124188$ & $-0.0090338$ & $-0.0152119$ & $-0.0127301$ & $0.00797048$ & $-0.00299976$ & $-0.0115047$ & $0.00343184$ \\
eHggint & $-0.0173148$ & $-0.0120129$ & $0.00207236$ & $-0.0360629$ & $-0.0100067$ & $0.00573918$ & $-0.00111588$ & $0.0243849$ & $0.00400541$ & $0.0246522$ & $-0.0227077$ & $0.0902472$ & $-0.000121215$ & $-0.000393265$ & $0.00967532$ & $0.0156832$ & $0.000690407$ & $-0.0101702$ & $-0.0145793$ & $0.0201827$ & $0.0220619$ & $0.0201184$ & $0.00312467$ & $-0.0163269$ & $-0.0195579$ & $-0.0143112$ & $-0.00813564$ & $0.00251141$ & $-0.0452203$ & $-0.0500147$ & $-0.0326849$ & $0.0834734$ & $-0.04431$ & $0.014216$ & $1$ & $-0.0805246$ & $0.0290241$ & $0.00695181$ & $0.0368883$ & $0.0300517$ & $0.0446804$ & $0.00890328$ & $-0.00395548$ & $-0.0210807$ & $-0.00503099$ & $-0.0358275$ & $0.0244193$ & $-0.00986675$ & $0.0113018$ \\
eHggpar & $0.0239648$ & $-0.00161745$ & $0.00573463$ & $0.0117191$ & $0.0020136$ & $-0.0126304$ & $0.0275767$ & $-0.0131247$ & $-0.016462$ & $0.0573059$ & $-0.0113537$ & $0.0500493$ & $-0.00409372$ & $0.0429742$ & $0.0117467$ & $0.0190503$ & $0.0434476$ & $0.0362231$ & $0.0317667$ & $0.0125819$ & $0.00816659$ & $0.010116$ & $-0.0192601$ & $0.0391431$ & $0.027903$ & $-0.000755866$ & $-0.0232007$ & $0.00165287$ & $-0.0290356$ & $-0.0349368$ & $-0.0276621$ & $0.0684903$ & $-0.00329912$ & $-0.0205468$ & $-0.0805246$ & $1$ & $0.0121604$ & $-0.0300775$ & $-0.0503084$ & $-0.00279308$ & $0.00476385$ & $-0.0272806$ & $0.0213779$ & $0.0104586$ & $-0.00812696$ & $-0.00965994$ & $-0.0337728$ & $0.021439$ & $0.0220011$ \\
eHWWint & $-0.00758053$ & $0.00764804$ & $0.0225071$ & $-0.000740531$ & $-0.0162485$ & $0.00245808$ & $0.0137912$ & $0.0143755$ & $0.00137353$ & $-0.00657872$ & $-0.0140562$ & $-0.0026208$ & $0.00967254$ & $-0.00107185$ & $0.0169308$ & $0.0187502$ & $-0.00170762$ & $-0.0132657$ & $-0.0117614$ & $0.0140645$ & $0.012395$ & $0.0107993$ & $0.0216296$ & $0.00859391$ & $0.00827612$ & $-0.02776$ & $0.0213758$ & $0.0280727$ & $-0.0346677$ & $-0.203113$ & $-0.0740777$ & $-0.025441$ & $-0.196922$ & $-0.00229228$ & $0.0290241$ & $0.0121604$ & $1$ & $0.017383$ & $0.043331$ & $-0.00255151$ & $-0.0238587$ & $-0.0299543$ & $0.0218072$ & $0.0400996$ & $-0.00172618$ & $0.0113495$ & $0.0528185$ & $0.00491061$ & $0.024952$ \\
eHWWpar & $-0.0137026$ & $0.0052613$ & $0.0138885$ & $0.0234496$ & $0.00034013$ & $0.00335251$ & $0.0150992$ & $-0.0163894$ & $-0.0117011$ & $-0.0196391$ & $0.0195455$ & $-0.0074352$ & $-0.00839469$ & $-0.0163292$ & $0.0197837$ & $0.001388$ & $-0.00539592$ & $-0.0195175$ & $-0.0112238$ & $-0.0186392$ & $-0.0216471$ & $-0.0274025$ & $-0.00937613$ & $0.00851742$ & $-0.0118999$ & $0.0079814$ & $-0.0270989$ & $-0.0143834$ & $0.0230098$ & $-0.0262569$ & $-0.0130359$ & $0.00249589$ & $-0.0178848$ & $-0.0286803$ & $0.00695181$ & $-0.0300775$ & $0.017383$ & $1$ & $0.0108068$ & $-0.00904822$ & $0.0185584$ & $-0.0229196$ & $0.00103145$ & $0.00690078$ & $-0.00656463$ & $-0.00871751$ & $-0.00104984$ & $0.00611516$ & $0.0171456$ \\
eHZZint & $-0.0277603$ & $0.0172233$ & $-0.0254365$ & $0.00111378$ & $0.00820237$ & $-0.0100202$ & $0.010973$ & $0.0224047$ & $0.0196013$ & $-0.00969866$ & $-0.0202254$ & $-0.0143688$ & $-0.0073097$ & $-0.00288866$ & $0.0101354$ & $0.00194401$ & $-0.00189405$ & $-0.0111064$ & $-0.00641985$ & $0.019931$ & $0.0220215$ & $0.0160424$ & $0.0162595$ & $-0.0104238$ & $-0.00586624$ & $-0.022441$ & $0.013101$ & $0.0176153$ & $0.00943126$ & $-0.0196847$ & $0.0216988$ & $0.0197976$ & $-0.0221398$ & $0.0132162$ & $0.0368883$ & $-0.0503084$ & $0.043331$ & $0.0108068$ & $1$ & $-0.0019222$ & $-0.00282475$ & $0.00990157$ & $0.0178288$ & $0.0367235$ & $0.0120653$ & $-0.0204336$ & $0.00450605$ & $-0.0267807$ & $0.0150888$ \\
eHZZpar & $-0.00527885$ & $0.00284703$ & $0.0158874$ & $-0.00668469$ & $0.0144682$ & $-0.012641$ & $-0.0348303$ & $-0.0266227$ & $-0.0289646$ & $0.0212642$ & $0.0286359$ & $0.0134038$ & $0.00114823$ & $-0.0145536$ & $0.010869$ & $-0.0224598$ & $-0.00393363$ & $-0.0127297$ & $0.00753872$ & $-0.0292771$ & $-0.0297583$ & $-0.0336889$ & $0.000575681$ & $0.0143035$ & $-0.00873926$ & $0.0209623$ & $-0.0225622$ & $-0.00330526$ & $-0.0166021$ & $0.00912504$ & $-0.017813$ & $-0.0232142$ & $0.0263548$ & $-0.0316196$ & $0.0300517$ & $-0.00279308$ & $-0.00255151$ & $-0.00904822$ & $-0.0019222$ & $1$ & $0.00745764$ & $0.0175774$ & $0.00202669$ & $-0.0132834$ & $0.00489952$ & $0.0103403$ & $-0.024948$ & $0.0190871$ & $0.0115631$ \\
eHZgaint & $0.0200163$ & $0.0283526$ & $-0.0028723$ & $0.0201238$ & $-0.0198717$ & $-0.00389253$ & $-0.00181977$ & $0.0150909$ & $0.0132252$ & $-0.0563474$ & $0.0026362$ & $0.0073586$ & $0.0212231$ & $-0.0354318$ & $-0.0138198$ & $-0.0181761$ & $-0.023918$ & $-0.0250023$ & $-0.0252266$ & $-0.00536877$ & $0.000259556$ & $-0.00247232$ & $0.0102077$ & $-0.0493111$ & $-0.0242187$ & $-0.00685759$ & $0.0191676$ & $-0.0284336$ & $-0.00325275$ & $0.0189886$ & $-0.0250831$ & $0.0028438$ & $0.0155416$ & $0.0304905$ & $0.0446804$ & $0.00476385$ & $-0.0238587$ & $0.0185584$ & $-0.00282475$ & $0.00745764$ & $1$ & $-0.0147265$ & $0.0157736$ & $0.0207773$ & $-0.00479689$ & $-0.0122215$ & $-0.0287035$ & $-0.0333202$ & $-0.0116546$ \\
eHZgapar & $-0.00632443$ & $-0.000172528$ & $-0.0149418$ & $-0.00373362$ & $0.0264021$ & $-0.00359202$ & $-0.006168$ & $0.00258134$ & $0.00110168$ & $0.00916898$ & $0.00448869$ & $-0.0103501$ & $-0.0149939$ & $-0.0208061$ & $-0.00527887$ & $-0.014173$ & $-0.00248115$ & $-0.008953$ & $-0.00594979$ & $-0.00600685$ & $-0.00277152$ & $-0.00603778$ & $-0.00170817$ & $-0.0187741$ & $-0.0134622$ & $-0.000183653$ & $-0.0029946$ & $-0.0129556$ & $-0.00205045$ & $-0.0129004$ & $-0.00471149$ & $-0.00431621$ & $-0.00602216$ & $0.0124188$ & $0.00890328$ & $-0.0272806$ & $-0.0299543$ & $-0.0229196$ & $0.00990157$ & $0.0175774$ & $-0.0147265$ & $1$ & $-0.012676$ & $-0.0222857$ & $0.0262291$ & $0.0121857$ & $0.0133019$ & $0.029715$ & $0.00151379$ \\
eHgagaint & $-0.049087$ & $0.00935423$ & $0.0182129$ & $0.0109657$ & $-0.00546001$ & $-0.00744383$ & $0.0164194$ & $0.0114924$ & $0.0882444$ & $0.0159259$ & $-0.0219684$ & $-0.00537771$ & $-0.0176588$ & $0.0166763$ & $0.0297767$ & $0.0139129$ & $0.0284644$ & $6.59044e-05$ & $0.00995871$ & $0.023428$ & $0.0226339$ & $0.0178562$ & $0.0132085$ & $0.0113241$ & $0.0282151$ & $-0.0315846$ & $0.00739484$ & $-0.00189935$ & $0.010869$ & $0.00541137$ & $0.0275417$ & $0.0245814$ & $0.00502717$ & $-0.0090338$ & $-0.00395548$ & $0.0213779$ & $0.0218072$ & $0.00103145$ & $0.0178288$ & $0.00202669$ & $0.0157736$ & $-0.012676$ & $1$ & $0.0523165$ & $-0.0141824$ & $0.0158327$ & $0.0639754$ & $0.00486684$ & $0.00681828$ \\
eHmumuint & $-0.0372589$ & $-0.0405455$ & $0.00305444$ & $0.0326074$ & $-0.0151458$ & $0.0021443$ & $-0.00349219$ & $0.00544268$ & $0.0107137$ & $-0.00526488$ & $-0.0157224$ & $-0.019478$ & $-0.00471804$ & $0.013011$ & $0.0227624$ & $0.0188317$ & $0.0217286$ & $0.0045704$ & $0.0098362$ & $0.0168776$ & $0.0130017$ & $0.0162066$ & $0.00255882$ & $0.0261138$ & $0.0166081$ & $-0.0163662$ & $-0.00504166$ & $0.0197621$ & $0.0153868$ & $-0.00638836$ & $0.00897309$ & $-0.00531468$ & $-0.00438112$ & $-0.0152119$ & $-0.0210807$ & $0.0104586$ & $0.0400996$ & $0.00690078$ & $0.0367235$ & $-0.0132834$ & $0.0207773$ & $-0.0222857$ & $0.0523165$ & $1$ & $-0.0241463$ & $-0.0371643$ & $0.00405194$ & $0.0233435$ & $0.00492143$ \\
eHtautauint & $0.0271356$ & $0.0385164$ & $0.0201527$ & $-0.00843586$ & $-0.0259256$ & $-0.0300856$ & $-0.00479109$ & $-0.013738$ & $-0.0170674$ & $0.00823347$ & $0.0146082$ & $0.0313964$ & $0.00698307$ & $-0.0119734$ & $0.00660825$ & $0.00301132$ & $-0.00342328$ & $-0.00694996$ & $-0.00967083$ & $-0.012962$ & $-0.0156729$ & $-0.015273$ & $-0.00372639$ & $0.00851111$ & $0.00724285$ & $0.0252861$ & $0.00929588$ & $-4.2326e-06$ & $0.0076801$ & $0.0733602$ & $0.0272574$ & $0.00044464$ & $-0.0035086$ & $-0.0127301$ & $-0.00503099$ & $-0.00812696$ & $-0.00172618$ & $-0.00656463$ & $0.0120653$ & $0.00489952$ & $-0.00479689$ & $0.0262291$ & $-0.0141824$ & $-0.0241463$ & $1$ & $-0.0332576$ & $0.0458652$ & $-0.0451062$ & $-0.0101408$ \\
eHccint & $-0.0293389$ & $0.0221219$ & $0.000835883$ & $0.00606117$ & $-0.0195264$ & $0.00635905$ & $-0.0153277$ & $0.0117897$ & $0.0150618$ & $0.00335935$ & $-0.0247658$ & $-0.00114139$ & $-0.00164667$ & $0.0303151$ & $0.0022512$ & $0.0273713$ & $0.0193953$ & $0.0225569$ & $0.00997129$ & $0.0264838$ & $0.0249441$ & $0.0298665$ & $0.0127842$ & $0.0192411$ & $0.0259338$ & $-0.024767$ & $0.0139417$ & $0.00634942$ & $0.0100915$ & $-0.0196724$ & $0.0455337$ & $-0.0193606$ & $-0.0106682$ & $0.00797048$ & $-0.0358275$ & $-0.00965994$ & $0.0113495$ & $-0.00871751$ & $-0.0204336$ & $0.0103403$ & $-0.0122215$ & $0.0121857$ & $0.0158327$ & $-0.0371643$ & $-0.0332576$ & $1$ & $-0.0672577$ & $-0.0106348$ & $-0.00488747$ \\
eHccpar & $-0.0411574$ & $-0.0249089$ & $-0.0392843$ & $-0.0381187$ & $0.00566174$ & $-0.00183525$ & $0.0359817$ & $0.0117698$ & $0.0170139$ & $-0.0134288$ & $-0.0123034$ & $-0.0182973$ & $-0.00715266$ & $9.70028e-05$ & $0.0136925$ & $-0.00672016$ & $0.00436156$ & $-0.00934566$ & $0.0010459$ & $0.0111585$ & $0.0133694$ & $0.00217315$ & $0.0161291$ & $0.000617084$ & $-0.00384958$ & $-0.0231485$ & $-0.00406125$ & $0.0106945$ & $0.0179984$ & $-0.00847585$ & $0.393133$ & $0.0293128$ & $-0.0495515$ & $-0.00299976$ & $0.0244193$ & $-0.0337728$ & $0.0528185$ & $-0.00104984$ & $0.00450605$ & $-0.024948$ & $-0.0287035$ & $0.0133019$ & $0.0639754$ & $0.00405194$ & $0.0458652$ & $-0.0672577$ & $1$ & $0.00606263$ & $-0.0580885$ \\
eHbbint & $0.0147703$ & $-0.0526798$ & $0.0371611$ & $0.028637$ & $-0.00165574$ & $-0.000262078$ & $-0.00384569$ & $0.0126484$ & $0.0133467$ & $-0.0304192$ & $-0.00893246$ & $-0.000735064$ & $0.00770032$ & $0.00273094$ & $0.0206319$ & $0.00352594$ & $-0.00903046$ & $-0.0175339$ & $-0.00592205$ & $0.00712115$ & $0.00655164$ & $0.00468855$ & $0.00312379$ & $-0.0130017$ & $-0.0147379$ & $-0.0176981$ & $-0.0128639$ & $0.0210222$ & $-0.00641996$ & $0.0133411$ & $0.0145102$ & $-0.0051773$ & $0.188772$ & $-0.0115047$ & $-0.00986675$ & $0.021439$ & $0.00491061$ & $0.00611516$ & $-0.0267807$ & $0.0190871$ & $-0.0333202$ & $0.029715$ & $0.00486684$ & $0.0233435$ & $-0.0451062$ & $-0.0106348$ & $0.00606263$ & $1$ & $0.0252941$ \\
eHbbpar & $-0.00121204$ & $-0.0435176$ & $-0.0312632$ & $0.00623449$ & $0.000290037$ & $-0.00661233$ & $-0.000366795$ & $0.0320274$ & $0.0311411$ & $-0.0131973$ & $-0.0255249$ & $-0.0227203$ & $-0.0242693$ & $-0.00645237$ & $0.0282426$ & $0.00198206$ & $-0.00564109$ & $-0.0298406$ & $-0.0105383$ & $0.0226873$ & $0.0238564$ & $0.0244419$ & $-0.0145236$ & $-0.0198631$ & $-0.0189864$ & $-0.00427299$ & $0.00587926$ & $0.0251041$ & $-0.00430495$ & $-0.00319757$ & $-0.0259469$ & $0.0123976$ & $0.514122$ & $0.00343184$ & $0.0113018$ & $0.0220011$ & $0.024952$ & $0.0171456$ & $0.0150888$ & $0.0115631$ & $-0.0116546$ & $0.00151379$ & $0.00681828$ & $0.00492143$ & $-0.0101408$ & $-0.00488747$ & $-0.0580885$ & $0.0252941$ & $1$ \\
