 & AlsMz & dAle5Mz & mtop & mHl & Mz & CW & CHG & CHWB & CHWHB_gaga & CHWHB_gagaorth & CHD & CHbox & CH & CHL1_11 & CHL1_22 & CHL1_33 & CHL3_11 & CHL3_22 & CHL3_33 & CHe_11 & CHe_22 & CHe_33 & CHQ1_11 & CHQ1_33 & CHQ3_11 & CHu_11 & CHd_11 & CHd_33 & CeH_22r & CeH_33r & CuH_22r & CuH_33r & CdH_33r & CLL_1221 & eHggint & eHggpar & eHWWint & eHWWpar & eHZZint & eHZZpar & eHZgaint & eHZgapar & eHgagaint & eHmumuint & eHtautauint & eHccint & eHccpar & eHbbint & eHbbpar \\
AlsMz & $1$ & $-0.0666764$ & $-0.113847$ & $0.0491897$ & $0.0102332$ & $-0.018928$ & $-0.00403905$ & $-0.0169266$ & $-0.0328715$ & $0.050514$ & $-0.00496751$ & $0.0363819$ & $-0.0186433$ & $0.0188093$ & $-0.0580114$ & $-0.00673327$ & $0.0374632$ & $0.0681025$ & $0.0308325$ & $-0.0059143$ & $-0.000344511$ & $0.00269062$ & $5.14486e-05$ & $-0.0149153$ & $-0.0555499$ & $-0.0324035$ & $-0.000800176$ & $0.0437706$ & $-0.000207633$ & $-0.0658233$ & $0.0677475$ & $-0.0103728$ & $-0.0357747$ & $0.0361901$ & $0.062514$ & $0.129565$ & $-0.0166809$ & $-0.0398229$ & $0.092566$ & $-0.0176026$ & $0.0856459$ & $-0.00483528$ & $-0.175558$ & $0.1323$ & $-0.376121$ & $0.110698$ & $0.259442$ & $-0.0445663$ & $0.0194267$ \\
dAle5Mz & $-0.0666764$ & $1$ & $-0.0123477$ & $-0.189413$ & $-0.0265086$ & $0.0109494$ & $0.00857358$ & $0.000396499$ & $0.00427234$ & $-0.00750552$ & $-0.00690894$ & $0.0115197$ & $0.00750807$ & $0.00247401$ & $-0.0426486$ & $-0.021747$ & $0.00223856$ & $0.0192262$ & $-0.00368067$ & $0.01872$ & $0.0317055$ & $0.0266327$ & $0.0609591$ & $-0.0270889$ & $0.00504761$ & $-0.0574001$ & $0.045466$ & $0.0100286$ & $0.014288$ & $-0.0135961$ & $0.00775995$ & $0.0099793$ & $-0.0476105$ & $0.0871411$ & $0.0451809$ & $0.180318$ & $0.111931$ & $-0.0471934$ & $-0.154486$ & $0.0138229$ & $-0.103503$ & $-0.0168547$ & $0.00880984$ & $0.109628$ & $-0.196678$ & $0.0104357$ & $0.118309$ & $0.00695976$ & $-0.0891075$ \\
mtop & $-0.113847$ & $-0.0123477$ & $1$ & $-0.105133$ & $-0.00932372$ & $0.00114458$ & $-0.00531301$ & $0.0444576$ & $0.0498555$ & $-0.00855388$ & $-0.025747$ & $0.023103$ & $0.02319$ & $-0.0170619$ & $-0.018298$ & $0.00680937$ & $-0.00744731$ & $-0.00700993$ & $-0.0233405$ & $0.0280939$ & $0.036618$ & $0.0357977$ & $0.0271263$ & $-0.0317246$ & $-0.00240688$ & $-0.0261918$ & $0.0508162$ & $-0.0208173$ & $0.0337626$ & $0.00714589$ & $-0.00825277$ & $-0.00136354$ & $-0.116973$ & $0.0614631$ & $0.0467977$ & $0.0742562$ & $-0.077703$ & $0.030003$ & $-0.054743$ & $0.0143302$ & $-0.195588$ & $0.0438468$ & $0.0829755$ & $-0.0391015$ & $-0.0573865$ & $0.06689$ & $0.0294767$ & $-0.0810751$ & $-0.265205$ \\
mHl & $0.0491897$ & $-0.189413$ & $-0.105133$ & $1$ & $-0.0107495$ & $-0.00851945$ & $0.0681223$ & $-0.000569384$ & $0.00701511$ & $0.0102187$ & $0.00937397$ & $0.00692262$ & $-0.00302114$ & $-0.0171406$ & $-0.0140146$ & $-0.0238723$ & $-0.0152292$ & $-0.00502778$ & $0.00608077$ & $-0.0139741$ & $-0.0122713$ & $-0.0134751$ & $0.0169194$ & $0.0133019$ & $0.0377371$ & $0.00638611$ & $0.0762346$ & $0.0673816$ & $0.0368936$ & $-0.00171836$ & $-0.0550718$ & $0.0641019$ & $0.0190002$ & $0.00131066$ & $-0.0560486$ & $-0.0625823$ & $0.0183666$ & $0.0276913$ & $-0.238152$ & $-0.0224883$ & $-0.059695$ & $0.0695964$ & $0.0766864$ & $-0.030186$ & $0.115314$ & $0.0487797$ & $-0.163043$ & $-0.0421136$ & $0.0566224$ \\
Mz & $0.0102332$ & $-0.0265086$ & $-0.00932372$ & $-0.0107495$ & $1$ & $0.0160703$ & $-0.00572485$ & $-0.0352136$ & $-0.0381926$ & $0.0156315$ & $0.0375092$ & $-0.00599652$ & $-0.0279626$ & $0.0091532$ & $-0.0454555$ & $-0.0373184$ & $0.0147252$ & $0.0400949$ & $0.0329248$ & $-0.0338782$ & $-0.0250218$ & $-0.0205211$ & $-0.0220689$ & $0.0147973$ & $0.0312761$ & $0.0367288$ & $0.0138769$ & $-0.0177801$ & $-0.0384939$ & $0.00170195$ & $0.00303406$ & $-0.00211914$ & $-0.00795194$ & $0.00608783$ & $0.00202112$ & $-0.0223207$ & $-0.00772954$ & $0.024761$ & $-0.0423797$ & $0.0107838$ & $0.000235308$ & $0.00999834$ & $-0.0156163$ & $-0.0165215$ & $-0.0112514$ & $0.0326565$ & $0.0334583$ & $0.00778783$ & $0.012028$ \\
CW & $-0.018928$ & $0.0109494$ & $0.00114458$ & $-0.00851945$ & $0.0160703$ & $1$ & $-0.0160836$ & $-0.148803$ & $-0.143555$ & $0.0236473$ & $0.20481$ & $0.0505725$ & $-0.0177259$ & $0.0228884$ & $-0.0885634$ & $-0.0835294$ & $-0.267187$ & $-0.0395938$ & $-0.0457918$ & $-0.201306$ & $-0.208781$ & $-0.205168$ & $-0.010438$ & $0.0230971$ & $-0.0717903$ & $0.107643$ & $-0.0886145$ & $-0.051423$ & $0.00339231$ & $-0.00981759$ & $-0.014543$ & $-0.0150096$ & $-0.000886329$ & $-0.137013$ & $-0.0165404$ & $-0.0279365$ & $0.0116093$ & $-0.0305763$ & $0.025012$ & $-0.0103911$ & $-0.0337782$ & $0.00598685$ & $-0.0181046$ & $0.0067855$ & $0.025891$ & $-0.0340555$ & $-0.0242956$ & $0.0151839$ & $0.00237911$ \\
CHG & $-0.00403905$ & $0.00857358$ & $-0.00531301$ & $0.0681223$ & $-0.00572485$ & $-0.0160836$ & $1$ & $-0.0478159$ & $0.00495749$ & $0.026086$ & $0.0174385$ & $0.0330476$ & $-0.231026$ & $0.0464497$ & $-0.0128169$ & $-0.0117868$ & $0.0598171$ & $0.0654842$ & $0.0657379$ & $-0.0174518$ & $-0.0191992$ & $-0.0146725$ & $-0.00853484$ & $0.0635542$ & $0.0654619$ & $0.0282072$ & $-0.00636533$ & $-0.00677275$ & $-0.00763792$ & $-0.0997401$ & $-0.037718$ & $0.93237$ & $-0.110962$ & $-0.0262529$ & $-0.032583$ & $-0.010765$ & $0.00951333$ & $-0.000346279$ & $-0.0180121$ & $-0.0050269$ & $-0.00926873$ & $0.0162599$ & $0.00776941$ & $0.0127798$ & $0.00655424$ & $-0.00720292$ & $0.031833$ & $-0.0117774$ & $-0.00849429$ \\
CHWB & $-0.0169266$ & $0.000396499$ & $0.0444576$ & $-0.000569384$ & $-0.0352136$ & $-0.148803$ & $-0.0478159$ & $1$ & $0.983485$ & $-0.542064$ & $-0.883181$ & $-0.305075$ & $0.294768$ & $0.108003$ & $0.336858$ & $0.344048$ & $-0.208481$ & $-0.425003$ & $-0.42709$ & $0.860107$ & $0.896984$ & $0.880352$ & $0.059501$ & $-0.658303$ & $-0.402546$ & $-0.516664$ & $0.390592$ & $0.271653$ & $0.0226189$ & $0.0858547$ & $0.0594434$ & $-0.0479125$ & $0.0881507$ & $0.542263$ & $0.00905059$ & $-0.025715$ & $-0.0356715$ & $-0.00237594$ & $-0.0202982$ & $-0.0303164$ & $0.0629907$ & $0.0389025$ & $-0.0115261$ & $0.0685515$ & $-0.004295$ & $0.0438439$ & $0.0601176$ & $0.0142868$ & $-0.0156211$ \\
CHWHB_gaga & $-0.0328715$ & $0.00427234$ & $0.0498555$ & $0.00701511$ & $-0.0381926$ & $-0.143555$ & $0.00495749$ & $0.983485$ & $1$ & $-0.529632$ & $-0.867429$ & $-0.280098$ & $0.284852$ & $0.105239$ & $0.330945$ & $0.339468$ & $-0.208483$ & $-0.419345$ & $-0.422615$ & $0.845092$ & $0.881031$ & $0.865772$ & $0.0599327$ & $-0.646293$ & $-0.394201$ & $-0.504902$ & $0.388216$ & $0.267765$ & $0.0235029$ & $0.102862$ & $0.068728$ & $-0.00528631$ & $0.10922$ & $0.533481$ & $-0.0149732$ & $-0.0284411$ & $-0.0361384$ & $-0.00120222$ & $-0.0335482$ & $-0.0296647$ & $0.0573767$ & $0.0402682$ & $0.0440141$ & $0.0683714$ & $-0.0020175$ & $0.0355452$ & $0.0523174$ & $0.0233675$ & $-0.0151189$ \\
CHWHB_gagaorth & $0.050514$ & $-0.00750552$ & $-0.00855388$ & $0.0102187$ & $0.0156315$ & $0.0236473$ & $0.026086$ & $-0.542064$ & $-0.529632$ & $1$ & $0.326298$ & $0.669449$ & $-0.204884$ & $0.235242$ & $-0.125794$ & $-0.146657$ & $0.42948$ & $0.47144$ & $0.489093$ & $-0.317751$ & $-0.340488$ & $-0.333372$ & $-0.0312867$ & $0.545991$ & $0.484203$ & $0.187102$ & $-0.186277$ & $-0.101582$ & $-0.016438$ & $-0.132658$ & $-0.0589465$ & $0.0350873$ & $-0.142806$ & $-0.333746$ & $0.033935$ & $0.0342612$ & $0.0321836$ & $0.011832$ & $0.00255264$ & $0.0582413$ & $-0.0382171$ & $-0.0128408$ & $0.0178198$ & $-0.0764747$ & $-0.0220673$ & $-0.0221801$ & $-0.0338433$ & $0.0187113$ & $0.00250406$ \\
CHD & $-0.00496751$ & $-0.00690894$ & $-0.025747$ & $0.00937397$ & $0.0375092$ & $0.20481$ & $0.0174385$ & $-0.883181$ & $-0.867429$ & $0.326298$ & $1$ & $0.282002$ & $-0.147131$ & $-0.514693$ & $-0.43707$ & $-0.440151$ & $-0.239181$ & $0.0626423$ & $0.0614304$ & $-0.991354$ & $-0.991649$ & $-0.97057$ & $-0.0169671$ & $0.300392$ & $0.0193425$ & $0.569586$ & $-0.291493$ & $-0.306823$ & $-0.00185216$ & $-0.0453045$ & $-0.0545829$ & $0.0285354$ & $-0.0460361$ & $-0.362324$ & $-0.0256428$ & $0.019782$ & $0.00951871$ & $-0.0139709$ & $0.00988927$ & $0.0224644$ & $-0.0651839$ & $-0.0420601$ & $0.00736793$ & $-0.0534474$ & $0.0140756$ & $-0.0457067$ & $-0.0746959$ & $-0.00928335$ & $0.024128$ \\
CHbox & $0.0363819$ & $0.0115197$ & $0.023103$ & $0.00692262$ & $-0.00599652$ & $0.0505725$ & $0.0330476$ & $-0.305075$ & $-0.280098$ & $0.669449$ & $0.282002$ & $1$ & $-0.243108$ & $-0.0744516$ & $-0.0380486$ & $-0.0460509$ & $0.0229399$ & $0.0639102$ & $0.0734309$ & $-0.261912$ & $-0.294865$ & $-0.282488$ & $-0.00827502$ & $0.207841$ & $0.0726645$ & $0.150537$ & $-0.167582$ & $-0.102626$ & $0.0175414$ & $0.135398$ & $-0.00433528$ & $0.0911855$ & $0.143196$ & $-0.223463$ & $0.0775097$ & $0.0410042$ & $-0.0217415$ & $-0.000426126$ & $-0.010567$ & $0.052999$ & $-0.0160705$ & $-0.0134861$ & $-0.00497549$ & $-0.106879$ & $-0.0261183$ & $-0.0242413$ & $-0.038939$ & $0.0410128$ & $0.0291537$ \\
CH & $-0.0186433$ & $0.00750807$ & $0.02319$ & $-0.00302114$ & $-0.0279626$ & $-0.0177259$ & $-0.231026$ & $0.294768$ & $0.284852$ & $-0.204884$ & $-0.147131$ & $-0.243108$ & $1$ & $-0.198441$ & $0.0624065$ & $0.0782507$ & $-0.290028$ & $-0.310676$ & $-0.317214$ & $0.143346$ & $0.156713$ & $0.157796$ & $0.0224954$ & $-0.334435$ & $-0.313981$ & $-0.0893588$ & $0.101834$ & $0.0313017$ & $0.0317237$ & $0.226386$ & $0.108229$ & $-0.18556$ & $0.251218$ & $0.187278$ & $0.0185638$ & $0.0171794$ & $-0.0155562$ & $-0.0160928$ & $-0.0131624$ & $-0.0195642$ & $0.0265057$ & $0.0208251$ & $-0.0222672$ & $0.046218$ & $0.00837012$ & $0.012477$ & $0.0198442$ & $-0.0111706$ & $-0.0324688$ \\
CHL1_11 & $0.0188093$ & $0.00247401$ & $-0.0170619$ & $-0.0171406$ & $0.0091532$ & $0.0228884$ & $0.0464497$ & $0.108003$ & $0.105239$ & $0.235242$ & $-0.514693$ & $-0.0744516$ & $-0.198441$ & $1$ & $0.24667$ & $0.235169$ & $0.663517$ & $0.597916$ & $0.607522$ & $0.526928$ & $0.481874$ & $0.466012$ & $-0.0608751$ & $0.465065$ & $0.612585$ & $-0.274097$ & $-0.0461679$ & $0.167554$ & $-0.0287835$ & $-0.0525392$ & $0.017941$ & $0.0222943$ & $-0.0460675$ & $-0.191522$ & $0.0293207$ & $-0.006422$ & $0.0254452$ & $0.0424497$ & $0.0096004$ & $-0.00149244$ & $0.00821776$ & $0.0193718$ & $0.013456$ & $0.00455475$ & $-0.0122065$ & $0.0247518$ & $0.0462752$ & $0.00361718$ & $-0.0163568$ \\
CHL1_22 & $-0.0580114$ & $-0.0426486$ & $-0.018298$ & $-0.0140146$ & $-0.0454555$ & $-0.0885634$ & $-0.0128169$ & $0.336858$ & $0.330945$ & $-0.125794$ & $-0.43707$ & $-0.0380486$ & $0.0624065$ & $0.24667$ & $1$ & $0.447186$ & $0.138496$ & $-0.482454$ & $-0.0593235$ & $0.495796$ & $0.35819$ & $0.347558$ & $-0.152096$ & $0.0724882$ & $-0.140785$ & $-0.202763$ & $-0.370097$ & $0.0932958$ & $-0.0067316$ & $0.0353601$ & $0.014822$ & $-0.0130096$ & $0.0120185$ & $-0.578575$ & $0.0186767$ & $-0.0129702$ & $0.0345239$ & $-0.00150121$ & $0.0247117$ & $0.00641277$ & $-0.0112723$ & $-0.0139727$ & $0.00526496$ & $-0.014352$ & $0.0104915$ & $-0.100165$ & $0.022082$ & $2.45219e-05$ & $-0.0235184$ \\
CHL1_33 & $-0.00673327$ & $-0.021747$ & $0.00680937$ & $-0.0238723$ & $-0.0373184$ & $-0.0835294$ & $-0.0117868$ & $0.344048$ & $0.339468$ & $-0.146657$ & $-0.440151$ & $-0.0460509$ & $0.0782507$ & $0.235169$ & $0.447186$ & $1$ & $0.136543$ & $-0.0668081$ & $-0.462046$ & $0.497237$ & $0.363001$ & $0.386288$ & $-0.141801$ & $0.0620025$ & $-0.141856$ & $-0.204556$ & $-0.340621$ & $0.0777399$ & $-0.0257504$ & $0.0572095$ & $0.0271832$ & $-0.0114255$ & $0.0294712$ & $-0.0603964$ & $0.0516458$ & $0.0358696$ & $-2.07797e-05$ & $0.00699655$ & $-0.0014373$ & $0.0319171$ & $0.0141112$ & $-0.0232473$ & $0.015632$ & $-0.0368458$ & $0.0220359$ & $-0.0134848$ & $0.032908$ & $0.00256234$ & $-0.0232223$ \\
CHL3_11 & $0.0374632$ & $0.00223856$ & $-0.00744731$ & $-0.0152292$ & $0.0147252$ & $-0.267187$ & $0.0598171$ & $-0.208481$ & $-0.208483$ & $0.42948$ & $-0.239181$ & $0.0229399$ & $-0.290028$ & $0.663517$ & $0.138496$ & $0.136543$ & $1$ & $0.728445$ & $0.730399$ & $0.253234$ & $0.21266$ & $0.203251$ & $-0.0534174$ & $0.660684$ & $0.780197$ & $-0.116825$ & $-0.0940563$ & $0.0700111$ & $-0.0401748$ & $-0.0829739$ & $-0.0108873$ & $0.0394496$ & $-0.0883821$ & $-0.211338$ & $0.0314853$ & $0.00109637$ & $0.056986$ & $0.0263224$ & $0.0209834$ & $0.017854$ & $0.0155085$ & $0.0177812$ & $0.00445089$ & $-0.0345792$ & $-0.0205292$ & $0.0123586$ & $0.0300671$ & $-0.013107$ & $-0.0221933$ \\
CHL3_22 & $0.0681025$ & $0.0192262$ & $-0.00700993$ & $-0.00502778$ & $0.0400949$ & $-0.0395938$ & $0.0654842$ & $-0.425003$ & $-0.419345$ & $0.47144$ & $0.0626423$ & $0.0639102$ & $-0.310676$ & $0.597916$ & $-0.482454$ & $-0.0668081$ & $0.728445$ & $1$ & $0.679873$ & $-0.0704593$ & $-0.0524715$ & $-0.0511296$ & $0.0155036$ & $0.61169$ & $0.793154$ & $0.0325951$ & $0.0524228$ & $0.0049049$ & $-0.0358951$ & $-0.095242$ & $-0.0184309$ & $0.0463538$ & $-0.0827319$ & $0.0710622$ & $0.018599$ & $0.0186334$ & $0.0190099$ & $0.0354527$ & $0.00350014$ & $0.0131552$ & $0.0115017$ & $0.0154845$ & $0.0099044$ & $-0.0280272$ & $-0.0168344$ & $0.0745419$ & $0.00856195$ & $-0.0075299$ & $-0.00199943$ \\
CHL3_33 & $0.0308325$ & $-0.00368067$ & $-0.0233405$ & $0.00608077$ & $0.0329248$ & $-0.0457918$ & $0.0657379$ & $-0.42709$ & $-0.422615$ & $0.489093$ & $0.0614304$ & $0.0734309$ & $-0.317214$ & $0.607522$ & $-0.0593235$ & $-0.462046$ & $0.730399$ & $0.679873$ & $1$ & $-0.0677437$ & $-0.0515435$ & $-0.0548058$ & $0.00806081$ & $0.61781$ & $0.797295$ & $0.0330924$ & $0.0352096$ & $0.0201825$ & $-0.0272678$ & $-0.109346$ & $-0.0252531$ & $0.0458093$ & $-0.0919394$ & $-0.326034$ & $-0.000871757$ & $-0.0298743$ & $0.0414217$ & $0.0288091$ & $0.0217639$ & $-0.0057689$ & $-0.00922238$ & $0.0279416$ & $-0.00192807$ & $-0.00578391$ & $-0.0235071$ & $0.00773637$ & $-0.00636587$ & $-0.0099898$ & $-0.000597422$ \\
CHe_11 & $-0.0059143$ & $0.01872$ & $0.0280939$ & $-0.0139741$ & $-0.0338782$ & $-0.201306$ & $-0.0174518$ & $0.860107$ & $0.845092$ & $-0.317751$ & $-0.991354$ & $-0.261912$ & $0.143346$ & $0.526928$ & $0.495796$ & $0.497237$ & $0.253234$ & $-0.0704593$ & $-0.0677437$ & $1$ & $0.975367$ & $0.955264$ & $-0.00423819$ & $-0.254144$ & $-0.0157497$ & $-0.55845$ & $0.225402$ & $0.301349$ & $1.99728e-05$ & $0.0463885$ & $0.0495744$ & $-0.0280583$ & $0.0429625$ & $0.291058$ & $0.0303799$ & $-0.0127368$ & $-0.0069687$ & $0.0156902$ & $-0.00956287$ & $-0.0207949$ & $0.0579977$ & $0.0362524$ & $-0.00360638$ & $0.044396$ & $-0.0122464$ & $0.0383424$ & $0.0712196$ & $0.00919052$ & $-0.0276243$ \\
CHe_22 & $-0.000344511$ & $0.0317055$ & $0.036618$ & $-0.0122713$ & $-0.0250218$ & $-0.208781$ & $-0.0191992$ & $0.896984$ & $0.881031$ & $-0.340488$ & $-0.991649$ & $-0.294865$ & $0.156713$ & $0.481874$ & $0.35819$ & $0.363001$ & $0.21266$ & $-0.0524715$ & $-0.0515435$ & $0.975367$ & $1$ & $0.974705$ & $0.0399586$ & $-0.350075$ & $-0.0236668$ & $-0.571326$ & $0.36575$ & $0.30942$ & $0.00691286$ & $0.0444683$ & $0.0564556$ & $-0.0297216$ & $0.0477011$ & $0.443222$ & $0.0242786$ & $-0.0216059$ & $-0.0118296$ & $0.0117854$ & $-0.0171943$ & $-0.0294104$ & $0.0643842$ & $0.0474119$ & $-0.00730464$ & $0.0613086$ & $-0.0180645$ & $0.0550007$ & $0.0766601$ & $0.0110837$ & $-0.0245224$ \\
CHe_33 & $0.00269062$ & $0.0266327$ & $0.0357977$ & $-0.0134751$ & $-0.0205211$ & $-0.205168$ & $-0.0146725$ & $0.880352$ & $0.865772$ & $-0.333372$ & $-0.97057$ & $-0.282488$ & $0.157796$ & $0.466012$ & $0.347558$ & $0.386288$ & $0.203251$ & $-0.0511296$ & $-0.0548058$ & $0.955264$ & $0.974705$ & $1$ & $0.0403349$ & $-0.346475$ & $-0.0275057$ & $-0.557961$ & $0.356676$ & $0.305611$ & $-0.00237677$ & $0.0484534$ & $0.0596898$ & $-0.0241286$ & $0.0526248$ & $0.440918$ & $0.0339227$ & $-0.0287817$ & $-0.0149607$ & $0.0159486$ & $-0.0149582$ & $-0.0194379$ & $0.0715217$ & $0.0484172$ & $-0.00837331$ & $0.054807$ & $-0.0212264$ & $0.0612633$ & $0.0716138$ & $0.011562$ & $-0.0239645$ \\
CHQ1_11 & $5.14486e-05$ & $0.0609591$ & $0.0271263$ & $0.0169194$ & $-0.0220689$ & $-0.010438$ & $-0.00853484$ & $0.059501$ & $0.0599327$ & $-0.0312867$ & $-0.0169671$ & $-0.00827502$ & $0.0224954$ & $-0.0608751$ & $-0.152096$ & $-0.141801$ & $-0.0534174$ & $0.0155036$ & $0.00806081$ & $-0.00423819$ & $0.0399586$ & $0.0403349$ & $1$ & $-0.122006$ & $0.0911555$ & $-0.681249$ & $0.343713$ & $0.0416767$ & $-0.00208988$ & $0.0269726$ & $0.00585984$ & $0.00214524$ & $0.0370371$ & $0.185209$ & $-0.0289385$ & $-0.0138747$ & $-0.0315484$ & $-0.00262581$ & $-0.0478613$ & $-0.0256324$ & $-0.0230945$ & $0.0218622$ & $0.0388537$ & $0.0279937$ & $-0.00162997$ & $0.109995$ & $0.0024398$ & $0.0227646$ & $0.0157909$ \\
CHQ1_33 & $-0.0149153$ & $-0.0270889$ & $-0.0317246$ & $0.0133019$ & $0.0147973$ & $0.0230971$ & $0.0635542$ & $-0.658303$ & $-0.646293$ & $0.545991$ & $0.300392$ & $0.207841$ & $-0.334435$ & $0.465065$ & $0.0724882$ & $0.0620025$ & $0.660684$ & $0.61169$ & $0.61781$ & $-0.254144$ & $-0.350075$ & $-0.346475$ & $-0.122006$ & $1$ & $0.646111$ & $0.204975$ & $-0.373361$ & $-0.00493307$ & $-0.0323659$ & $-0.0806699$ & $-0.0477706$ & $0.0483923$ & $-0.0926054$ & $-0.606424$ & $0.0116798$ & $0.0112065$ & $0.0522884$ & $0.0207049$ & $0.0232483$ & $0.0355923$ & $-0.0366861$ & $-0.0126545$ & $0.0251394$ & $-0.0633362$ & $0.00986556$ & $-0.0382356$ & $-0.035452$ & $-0.010732$ & $-0.00401261$ \\
CHQ3_11 & $-0.0555499$ & $0.00504761$ & $-0.00240688$ & $0.0377371$ & $0.0312761$ & $-0.0717903$ & $0.0654619$ & $-0.402546$ & $-0.394201$ & $0.484203$ & $0.0193425$ & $0.0726645$ & $-0.313981$ & $0.612585$ & $-0.140785$ & $-0.141856$ & $0.780197$ & $0.793154$ & $0.797295$ & $-0.0157497$ & $-0.0236668$ & $-0.0275057$ & $0.0911555$ & $0.646111$ & $1$ & $0.0134103$ & $0.241827$ & $0.0174568$ & $-0.0287936$ & $-0.0962692$ & $-0.0423561$ & $0.0428468$ & $-0.0841117$ & $-0.202352$ & $0.000629763$ & $-0.0359816$ & $0.0237297$ & $0.0284162$ & $-0.0277792$ & $0.00284986$ & $-0.00320835$ & $0.0249864$ & $0.0327545$ & $-0.0221646$ & $0.0348733$ & $0.0596829$ & $-0.0351121$ & $-0.0111928$ & $0.0113035$ \\
CHu_11 & $-0.0324035$ & $-0.0574001$ & $-0.0261918$ & $0.00638611$ & $0.0367288$ & $0.107643$ & $0.0282072$ & $-0.516664$ & $-0.504902$ & $0.187102$ & $0.569586$ & $0.150537$ & $-0.0893588$ & $-0.274097$ & $-0.202763$ & $-0.204556$ & $-0.116825$ & $0.0325951$ & $0.0330924$ & $-0.55845$ & $-0.571326$ & $-0.557961$ & $-0.681249$ & $0.204975$ & $0.0134103$ & $1$ & $-0.189935$ & $-0.201357$ & $-0.0027563$ & $-0.0420514$ & $-0.0441316$ & $0.0307879$ & $-0.024775$ & $-0.260373$ & $0.00318455$ & $-0.00638736$ & $0.00212627$ & $-0.0105193$ & $0.0461294$ & $0.0115326$ & $0.0046345$ & $-0.0286405$ & $-0.0122065$ & $-0.0431747$ & $0.022569$ & $-0.0909283$ & $-0.0648292$ & $-0.0193896$ & $0.0428433$ \\
CHd_11 & $-0.000800176$ & $0.045466$ & $0.0508162$ & $0.0762346$ & $0.0138769$ & $-0.0886145$ & $-0.00636533$ & $0.390592$ & $0.388216$ & $-0.186277$ & $-0.291493$ & $-0.167582$ & $0.101834$ & $-0.0461679$ & $-0.370097$ & $-0.340621$ & $-0.0940563$ & $0.0524228$ & $0.0352096$ & $0.225402$ & $0.36575$ & $0.356676$ & $0.343713$ & $-0.373361$ & $0.241827$ & $-0.189935$ & $1$ & $0.125695$ & $0.0261204$ & $0.00717328$ & $-0.000297346$ & $-0.0127374$ & $0.0429969$ & $0.652922$ & $-0.0286414$ & $-0.0623713$ & $-0.0583274$ & $-0.0108826$ & $-0.0693033$ & $-0.0475026$ & $0.0537073$ & $0.0665468$ & $0.00236903$ & $0.0916222$ & $-0.00103601$ & $0.139508$ & $-0.0050375$ & $0.00322144$ & $0.0373341$ \\
CHd_33 & $0.0437706$ & $0.0100286$ & $-0.0208173$ & $0.0673816$ & $-0.0177801$ & $-0.051423$ & $-0.00677275$ & $0.271653$ & $0.267765$ & $-0.101582$ & $-0.306823$ & $-0.102626$ & $0.0313017$ & $0.167554$ & $0.0932958$ & $0.0777399$ & $0.0700111$ & $0.0049049$ & $0.0201825$ & $0.301349$ & $0.30942$ & $0.305611$ & $0.0416767$ & $-0.00493307$ & $0.0174568$ & $-0.201357$ & $0.125695$ & $1$ & $0.0239459$ & $-0.0119045$ & $0.00888029$ & $-0.0181161$ & $0.00482914$ & $0.142384$ & $-0.021727$ & $-0.0362406$ & $0.0030182$ & $-0.000931245$ & $-0.0346626$ & $0.0215273$ & $0.0704782$ & $0.0294507$ & $-0.0118015$ & $0.0490102$ & $-0.0244746$ & $0.0604224$ & $0.00880793$ & $-0.0219177$ & $0.00202265$ \\
CeH_22r & $-0.000207633$ & $0.014288$ & $0.0337626$ & $0.0368936$ & $-0.0384939$ & $0.00339231$ & $-0.00763792$ & $0.0226189$ & $0.0235029$ & $-0.016438$ & $-0.00185216$ & $0.0175414$ & $0.0317237$ & $-0.0287835$ & $-0.0067316$ & $-0.0257504$ & $-0.0401748$ & $-0.0358951$ & $-0.0272678$ & $1.99728e-05$ & $0.00691286$ & $-0.00237677$ & $-0.00208988$ & $-0.0323659$ & $-0.0287936$ & $-0.0027563$ & $0.0261204$ & $0.0239459$ & $1$ & $0.0263895$ & $-0.00594137$ & $-0.0242769$ & $0.0226411$ & $0.0223224$ & $-0.0276099$ & $-0.00875546$ & $0.0138184$ & $-0.00374372$ & $-0.0168523$ & $-0.0277705$ & $-0.0554373$ & $-0.0108654$ & $0.0274889$ & $0.0529135$ & $0.0260075$ & $0.0127288$ & $-0.0338309$ & $-0.00162515$ & $-0.0312107$ \\
CeH_33r & $-0.0658233$ & $-0.0135961$ & $0.00714589$ & $-0.00171836$ & $0.00170195$ & $-0.00981759$ & $-0.0997401$ & $0.0858547$ & $0.102862$ & $-0.132658$ & $-0.0453045$ & $0.135398$ & $0.226386$ & $-0.0525392$ & $0.0353601$ & $0.0572095$ & $-0.0829739$ & $-0.095242$ & $-0.109346$ & $0.0463885$ & $0.0444683$ & $0.0484534$ & $0.0269726$ & $-0.0806699$ & $-0.0962692$ & $-0.0420514$ & $0.00717328$ & $-0.0119045$ & $0.0263895$ & $1$ & $0.2721$ & $0.0558954$ & $0.654571$ & $0.038598$ & $-0.00109811$ & $-0.00904491$ & $-0.167219$ & $-0.0317615$ & $-0.0442409$ & $-0.0014068$ & $0.04675$ & $0.0417216$ & $-0.0707701$ & $-0.0443964$ & $0.0760345$ & $0.0201369$ & $-0.0107622$ & $0.0401622$ & $0.0544369$ \\
CuH_22r & $0.0677475$ & $0.00775995$ & $-0.00825277$ & $-0.0550718$ & $0.00303406$ & $-0.014543$ & $-0.037718$ & $0.0594434$ & $0.068728$ & $-0.0589465$ & $-0.0545829$ & $-0.00433528$ & $0.108229$ & $0.017941$ & $0.014822$ & $0.0271832$ & $-0.0108873$ & $-0.0184309$ & $-0.0252531$ & $0.0495744$ & $0.0564556$ & $0.0596898$ & $0.00585984$ & $-0.0477706$ & $-0.0423561$ & $-0.0441316$ & $-0.000297346$ & $0.00888029$ & $-0.00594137$ & $0.2721$ & $1$ & $0.0425583$ & $0.295315$ & $0.0365002$ & $-0.00844606$ & $0.0410576$ & $-0.0462225$ & $-0.0141429$ & $0.00814556$ & $-0.00699414$ & $0.00689213$ & $0.015062$ & $-0.0223809$ & $-0.00290493$ & $-0.069173$ & $0.024519$ & $0.312297$ & $0.0136305$ & $-0.0550545$ \\
CuH_33r & $-0.0103728$ & $0.0099793$ & $-0.00136354$ & $0.0641019$ & $-0.00211914$ & $-0.0150096$ & $0.93237$ & $-0.0479125$ & $-0.00528631$ & $0.0350873$ & $0.0285354$ & $0.0911855$ & $-0.18556$ & $0.0222943$ & $-0.0130096$ & $-0.0114255$ & $0.0394496$ & $0.0463538$ & $0.0458093$ & $-0.0280583$ & $-0.0297216$ & $-0.0241286$ & $0.00214524$ & $0.0483923$ & $0.0428468$ & $0.0307879$ & $-0.0127374$ & $-0.0181161$ & $-0.0242769$ & $0.0558954$ & $0.0425583$ & $1$ & $0.079011$ & $-0.0244354$ & $0.0257645$ & $0.00858124$ & $-0.0282647$ & $-0.00498759$ & $0.00626502$ & $0.00136991$ & $-0.0132835$ & $0.0304372$ & $-0.00998072$ & $-0.0070779$ & $0.0104171$ & $-0.00731167$ & $0.0337688$ & $-0.00096809$ & $0.00657706$ \\
CdH_33r & $-0.0357747$ & $-0.0476105$ & $-0.116973$ & $0.0190002$ & $-0.00795194$ & $-0.000886329$ & $-0.110962$ & $0.0881507$ & $0.10922$ & $-0.142806$ & $-0.0460361$ & $0.143196$ & $0.251218$ & $-0.0460675$ & $0.0120185$ & $0.0294712$ & $-0.0883821$ & $-0.0827319$ & $-0.0919394$ & $0.0429625$ & $0.0477011$ & $0.0526248$ & $0.0370371$ & $-0.0926054$ & $-0.0841117$ & $-0.024775$ & $0.0429969$ & $0.00482914$ & $0.0226411$ & $0.654571$ & $0.295315$ & $0.079011$ & $1$ & $0.0567444$ & $0.0415174$ & $-0.124354$ & $-0.240338$ & $-0.0217786$ & $-0.061233$ & $-0.0291689$ & $0.131222$ & $0.0263443$ & $-0.0562683$ & $-0.0655627$ & $0.0770001$ & $-0.0930075$ & $-0.090777$ & $0.162539$ & $0.479374$ \\
CLL_1221 & $0.0361901$ & $0.0871411$ & $0.0614631$ & $0.00131066$ & $0.00608783$ & $-0.137013$ & $-0.0262529$ & $0.542263$ & $0.533481$ & $-0.333746$ & $-0.362324$ & $-0.223463$ & $0.187278$ & $-0.191522$ & $-0.578575$ & $-0.0603964$ & $-0.211338$ & $0.0710622$ & $-0.326034$ & $0.291058$ & $0.443222$ & $0.440918$ & $0.185209$ & $-0.606424$ & $-0.202352$ & $-0.260373$ & $0.652922$ & $0.142384$ & $0.0223224$ & $0.038598$ & $0.0365002$ & $-0.0244354$ & $0.0567444$ & $1$ & $-0.00457735$ & $0.000760995$ & $-0.0486531$ & $-0.00633639$ & $-0.0444875$ & $-0.0230892$ & $0.0634623$ & $0.0461282$ & $-0.0141786$ & $0.06657$ & $-0.0262139$ & $0.124669$ & $0.0400747$ & $0.0103351$ & $-0.00236073$ \\
eHggint & $0.062514$ & $0.0451809$ & $0.0467977$ & $-0.0560486$ & $0.00202112$ & $-0.0165404$ & $-0.032583$ & $0.00905059$ & $-0.0149732$ & $0.033935$ & $-0.0256428$ & $0.0775097$ & $0.0185638$ & $0.0293207$ & $0.0186767$ & $0.0516458$ & $0.0314853$ & $0.018599$ & $-0.000871757$ & $0.0303799$ & $0.0242786$ & $0.0339227$ & $-0.0289385$ & $0.0116798$ & $0.000629763$ & $0.00318455$ & $-0.0286414$ & $-0.021727$ & $-0.0276099$ & $-0.00109811$ & $-0.00844606$ & $0.0257645$ & $0.0415174$ & $-0.00457735$ & $1$ & $-0.216813$ & $0.0618497$ & $0.0286726$ & $0.0278092$ & $0.0575442$ & $0.0420425$ & $-0.0307963$ & $-0.157164$ & $-0.0840088$ & $-0.0858229$ & $0.137686$ & $0.0587812$ & $0.00734953$ & $0.138549$ \\
eHggpar & $0.129565$ & $0.180318$ & $0.0742562$ & $-0.0625823$ & $-0.0223207$ & $-0.0279365$ & $-0.010765$ & $-0.025715$ & $-0.0284411$ & $0.0342612$ & $0.019782$ & $0.0410042$ & $0.0171794$ & $-0.006422$ & $-0.0129702$ & $0.0358696$ & $0.00109637$ & $0.0186334$ & $-0.0298743$ & $-0.0127368$ & $-0.0216059$ & $-0.0287817$ & $-0.0138747$ & $0.0112065$ & $-0.0359816$ & $-0.00638736$ & $-0.0623713$ & $-0.0362406$ & $-0.00875546$ & $-0.00904491$ & $0.0410576$ & $0.00858124$ & $-0.124354$ & $0.000760995$ & $-0.216813$ & $1$ & $-0.0368694$ & $-0.0357609$ & $-0.0208181$ & $0.00901327$ & $0.0211592$ & $-0.0131546$ & $0.0897006$ & $-0.0275681$ & $-0.0620963$ & $-0.0445715$ & $0.176457$ & $-0.0898513$ & $-0.222233$ \\
eHWWint & $-0.0166809$ & $0.111931$ & $-0.077703$ & $0.0183666$ & $-0.00772954$ & $0.0116093$ & $0.00951333$ & $-0.0356715$ & $-0.0361384$ & $0.0321836$ & $0.00951871$ & $-0.0217415$ & $-0.0155562$ & $0.0254452$ & $0.0345239$ & $-2.07797e-05$ & $0.056986$ & $0.0190099$ & $0.0414217$ & $-0.0069687$ & $-0.0118296$ & $-0.0149607$ & $-0.0315484$ & $0.0522884$ & $0.0237297$ & $0.00212627$ & $-0.0583274$ & $0.0030182$ & $0.0138184$ & $-0.167219$ & $-0.0462225$ & $-0.0282647$ & $-0.240338$ & $-0.0486531$ & $0.0618497$ & $-0.0368694$ & $1$ & $-0.027714$ & $-0.0836151$ & $-0.0474934$ & $-0.0297348$ & $-0.0154852$ & $0.15807$ & $0.141096$ & $-0.0736331$ & $-0.200326$ & $0.0426242$ & $-0.0210144$ & $-0.127709$ \\
eHWWpar & $-0.0398229$ & $-0.0471934$ & $0.030003$ & $0.0276913$ & $0.024761$ & $-0.0305763$ & $-0.000346279$ & $-0.00237594$ & $-0.00120222$ & $0.011832$ & $-0.0139709$ & $-0.000426126$ & $-0.0160928$ & $0.0424497$ & $-0.00150121$ & $0.00699655$ & $0.0263224$ & $0.0354527$ & $0.0288091$ & $0.0156902$ & $0.0117854$ & $0.0159486$ & $-0.00262581$ & $0.0207049$ & $0.0284162$ & $-0.0105193$ & $-0.0108826$ & $-0.000931245$ & $-0.00374372$ & $-0.0317615$ & $-0.0141429$ & $-0.00498759$ & $-0.0217786$ & $-0.00633639$ & $0.0286726$ & $-0.0357609$ & $-0.027714$ & $1$ & $-0.00610497$ & $0.00815599$ & $-0.0534958$ & $-0.0483289$ & $0.012274$ & $-0.0251681$ & $0.00787582$ & $0.00587518$ & $-0.000307371$ & $0.0284253$ & $-0.0126217$ \\
eHZZint & $0.092566$ & $-0.154486$ & $-0.054743$ & $-0.238152$ & $-0.0423797$ & $0.025012$ & $-0.0180121$ & $-0.0202982$ & $-0.0335482$ & $0.00255264$ & $0.00988927$ & $-0.010567$ & $-0.0131624$ & $0.0096004$ & $0.0247117$ & $-0.0014373$ & $0.0209834$ & $0.00350014$ & $0.0217639$ & $-0.00956287$ & $-0.0171943$ & $-0.0149582$ & $-0.0478613$ & $0.0232483$ & $-0.0277792$ & $0.0461294$ & $-0.0693033$ & $-0.0346626$ & $-0.0168523$ & $-0.0442409$ & $0.00814556$ & $0.00626502$ & $-0.061233$ & $-0.0444875$ & $0.0278092$ & $-0.0208181$ & $-0.0836151$ & $-0.00610497$ & $1$ & $0.0400781$ & $0.144616$ & $-0.0242539$ & $-0.0768765$ & $0.0346356$ & $-0.089714$ & $-0.117391$ & $-0.00766313$ & $0.00636515$ & $-0.120889$ \\
eHZZpar & $-0.0176026$ & $0.0138229$ & $0.0143302$ & $-0.0224883$ & $0.0107838$ & $-0.0103911$ & $-0.0050269$ & $-0.0303164$ & $-0.0296647$ & $0.0582413$ & $0.0224644$ & $0.052999$ & $-0.0195642$ & $-0.00149244$ & $0.00641277$ & $0.0319171$ & $0.017854$ & $0.0131552$ & $-0.0057689$ & $-0.0207949$ & $-0.0294104$ & $-0.0194379$ & $-0.0256324$ & $0.0355923$ & $0.00284986$ & $0.0115326$ & $-0.0475026$ & $0.0215273$ & $-0.0277705$ & $-0.0014068$ & $-0.00699414$ & $0.00136991$ & $-0.0291689$ & $-0.0230892$ & $0.0575442$ & $0.00901327$ & $-0.0474934$ & $0.00815599$ & $0.0400781$ & $1$ & $-0.0231827$ & $-0.0283244$ & $0.0165112$ & $-0.0674425$ & $0.00354778$ & $-0.00490952$ & $0.0155021$ & $0.0463509$ & $-0.0445592$ \\
eHZgaint & $0.0856459$ & $-0.103503$ & $-0.195588$ & $-0.059695$ & $0.000235308$ & $-0.0337782$ & $-0.00926873$ & $0.0629907$ & $0.0573767$ & $-0.0382171$ & $-0.0651839$ & $-0.0160705$ & $0.0265057$ & $0.00821776$ & $-0.0112723$ & $0.0141112$ & $0.0155085$ & $0.0115017$ & $-0.00922238$ & $0.0579977$ & $0.0643842$ & $0.0715217$ & $-0.0230945$ & $-0.0366861$ & $-0.00320835$ & $0.0046345$ & $0.0537073$ & $0.0704782$ & $-0.0554373$ & $0.04675$ & $0.00689213$ & $-0.0132835$ & $0.131222$ & $0.0634623$ & $0.0420425$ & $0.0211592$ & $-0.0297348$ & $-0.0534958$ & $0.144616$ & $-0.0231827$ & $1$ & $0.0388428$ & $-0.0496173$ & $0.0154524$ & $-0.0244464$ & $-0.068889$ & $0.0261877$ & $0.0497937$ & $0.235668$ \\
eHZgapar & $-0.00483528$ & $-0.0168547$ & $0.0438468$ & $0.0695964$ & $0.00999834$ & $0.00598685$ & $0.0162599$ & $0.0389025$ & $0.0402682$ & $-0.0128408$ & $-0.0420601$ & $-0.0134861$ & $0.0208251$ & $0.0193718$ & $-0.0139727$ & $-0.0232473$ & $0.0177812$ & $0.0154845$ & $0.0279416$ & $0.0362524$ & $0.0474119$ & $0.0484172$ & $0.0218622$ & $-0.0126545$ & $0.0249864$ & $-0.0286405$ & $0.0665468$ & $0.0294507$ & $-0.0108654$ & $0.0417216$ & $0.015062$ & $0.0304372$ & $0.0263443$ & $0.0461282$ & $-0.0307963$ & $-0.0131546$ & $-0.0154852$ & $-0.0483289$ & $-0.0242539$ & $-0.0283244$ & $0.0388428$ & $1$ & $0.00325076$ & $-0.0179359$ & $-0.0226584$ & $0.0284036$ & $-0.00501033$ & $0.0066326$ & $-0.0231192$ \\
eHgagaint & $-0.175558$ & $0.00880984$ & $0.0829755$ & $0.0766864$ & $-0.0156163$ & $-0.0181046$ & $0.00776941$ & $-0.0115261$ & $0.0440141$ & $0.0178198$ & $0.00736793$ & $-0.00497549$ & $-0.0222672$ & $0.013456$ & $0.00526496$ & $0.015632$ & $0.00445089$ & $0.0099044$ & $-0.00192807$ & $-0.00360638$ & $-0.00730464$ & $-0.00837331$ & $0.0388537$ & $0.0251394$ & $0.0327545$ & $-0.0122065$ & $0.00236903$ & $-0.0118015$ & $0.0274889$ & $-0.0707701$ & $-0.0223809$ & $-0.00998072$ & $-0.0562683$ & $-0.0141786$ & $-0.157164$ & $0.0897006$ & $0.15807$ & $0.012274$ & $-0.0768765$ & $0.0165112$ & $-0.0496173$ & $0.00325076$ & $1$ & $0.09341$ & $0.0195906$ & $-0.0397138$ & $-0.0986997$ & $0.107785$ & $-0.0740142$ \\
eHmumuint & $0.1323$ & $0.109628$ & $-0.0391015$ & $-0.030186$ & $-0.0165215$ & $0.0067855$ & $0.0127798$ & $0.0685515$ & $0.0683714$ & $-0.0764747$ & $-0.0534474$ & $-0.106879$ & $0.046218$ & $0.00455475$ & $-0.014352$ & $-0.0368458$ & $-0.0345792$ & $-0.0280272$ & $-0.00578391$ & $0.044396$ & $0.0613086$ & $0.054807$ & $0.0279937$ & $-0.0633362$ & $-0.0221646$ & $-0.0431747$ & $0.0916222$ & $0.0490102$ & $0.0529135$ & $-0.0443964$ & $-0.00290493$ & $-0.0070779$ & $-0.0655627$ & $0.06657$ & $-0.0840088$ & $-0.0275681$ & $0.141096$ & $-0.0251681$ & $0.0346356$ & $-0.0674425$ & $0.0154524$ & $-0.0179359$ & $0.09341$ & $1$ & $-0.0512476$ & $-0.05944$ & $-0.0160509$ & $-0.186141$ & $-0.0362695$ \\
eHtautauint & $-0.376121$ & $-0.196678$ & $-0.0573865$ & $0.115314$ & $-0.0112514$ & $0.025891$ & $0.00655424$ & $-0.004295$ & $-0.0020175$ & $-0.0220673$ & $0.0140756$ & $-0.0261183$ & $0.00837012$ & $-0.0122065$ & $0.0104915$ & $0.0220359$ & $-0.0205292$ & $-0.0168344$ & $-0.0235071$ & $-0.0122464$ & $-0.0180645$ & $-0.0212264$ & $-0.00162997$ & $0.00986556$ & $0.0348733$ & $0.022569$ & $-0.00103601$ & $-0.0244746$ & $0.0260075$ & $0.0760345$ & $-0.069173$ & $0.0104171$ & $0.0770001$ & $-0.0262139$ & $-0.0858229$ & $-0.0620963$ & $-0.0736331$ & $0.00787582$ & $-0.089714$ & $0.00354778$ & $-0.0244464$ & $-0.0226584$ & $0.0195906$ & $-0.0512476$ & $1$ & $0.110095$ & $-0.261621$ & $0.0996946$ & $0.0798852$ \\
eHccint & $0.110698$ & $0.0104357$ & $0.06689$ & $0.0487797$ & $0.0326565$ & $-0.0340555$ & $-0.00720292$ & $0.0438439$ & $0.0355452$ & $-0.0221801$ & $-0.0457067$ & $-0.0242413$ & $0.012477$ & $0.0247518$ & $-0.100165$ & $-0.0134848$ & $0.0123586$ & $0.0745419$ & $0.00773637$ & $0.0383424$ & $0.0550007$ & $0.0612633$ & $0.109995$ & $-0.0382356$ & $0.0596829$ & $-0.0909283$ & $0.139508$ & $0.0604224$ & $0.0127288$ & $0.0201369$ & $0.024519$ & $-0.00731167$ & $-0.0930075$ & $0.124669$ & $0.137686$ & $-0.0445715$ & $-0.200326$ & $0.00587518$ & $-0.117391$ & $-0.00490952$ & $-0.068889$ & $0.0284036$ & $-0.0397138$ & $-0.05944$ & $0.110095$ & $1$ & $0.0319299$ & $-0.0878432$ & $-0.170253$ \\
eHccpar & $0.259442$ & $0.118309$ & $0.0294767$ & $-0.163043$ & $0.0334583$ & $-0.0242956$ & $0.031833$ & $0.0601176$ & $0.0523174$ & $-0.0338433$ & $-0.0746959$ & $-0.038939$ & $0.0198442$ & $0.0462752$ & $0.022082$ & $0.032908$ & $0.0300671$ & $0.00856195$ & $-0.00636587$ & $0.0712196$ & $0.0766601$ & $0.0716138$ & $0.0024398$ & $-0.035452$ & $-0.0351121$ & $-0.0648292$ & $-0.0050375$ & $0.00880793$ & $-0.0338309$ & $-0.0107622$ & $0.312297$ & $0.0337688$ & $-0.090777$ & $0.0400747$ & $0.0587812$ & $0.176457$ & $0.0426242$ & $-0.000307371$ & $-0.00766313$ & $0.0155021$ & $0.0261877$ & $-0.00501033$ & $-0.0986997$ & $-0.0160509$ & $-0.261621$ & $0.0319299$ & $1$ & $0.00966507$ & $-0.18368$ \\
eHbbint & $-0.0445663$ & $0.00695976$ & $-0.0810751$ & $-0.0421136$ & $0.00778783$ & $0.0151839$ & $-0.0117774$ & $0.0142868$ & $0.0233675$ & $0.0187113$ & $-0.00928335$ & $0.0410128$ & $-0.0111706$ & $0.00361718$ & $2.45219e-05$ & $0.00256234$ & $-0.013107$ & $-0.0075299$ & $-0.0099898$ & $0.00919052$ & $0.0110837$ & $0.011562$ & $0.0227646$ & $-0.010732$ & $-0.0111928$ & $-0.0193896$ & $0.00322144$ & $-0.0219177$ & $-0.00162515$ & $0.0401622$ & $0.0136305$ & $-0.00096809$ & $0.162539$ & $0.0103351$ & $0.00734953$ & $-0.0898513$ & $-0.0210144$ & $0.0284253$ & $0.00636515$ & $0.0463509$ & $0.0497937$ & $0.0066326$ & $0.107785$ & $-0.186141$ & $0.0996946$ & $-0.0878432$ & $0.00966507$ & $1$ & $0.00568221$ \\
eHbbpar & $0.0194267$ & $-0.0891075$ & $-0.265205$ & $0.0566224$ & $0.012028$ & $0.00237911$ & $-0.00849429$ & $-0.0156211$ & $-0.0151189$ & $0.00250406$ & $0.024128$ & $0.0291537$ & $-0.0324688$ & $-0.0163568$ & $-0.0235184$ & $-0.0232223$ & $-0.0221933$ & $-0.00199943$ & $-0.000597422$ & $-0.0276243$ & $-0.0245224$ & $-0.0239645$ & $0.0157909$ & $-0.00401261$ & $0.0113035$ & $0.0428433$ & $0.0373341$ & $0.00202265$ & $-0.0312107$ & $0.0544369$ & $-0.0550545$ & $0.00657706$ & $0.479374$ & $-0.00236073$ & $0.138549$ & $-0.222233$ & $-0.127709$ & $-0.0126217$ & $-0.120889$ & $-0.0445592$ & $0.235668$ & $-0.0231192$ & $-0.0740142$ & $-0.0362695$ & $0.0798852$ & $-0.170253$ & $-0.18368$ & $0.00568221$ & $1$ \\
