 & AlsMz & dAle5Mz & mtop & mHl & Mz & CW & CHG & CHWB & CHWHB_gaga & CHWHB_gagaorth & CHD & CHbox & CH & CHL1_11 & CHL1_22 & CHL1_33 & CHL3_11 & CHL3_22 & CHL3_33 & CHe_11 & CHe_22 & CHe_33 & CHQ1_11 & CHQ1_33 & CHQ3_11 & CHu_11 & CHd_11 & CHd_33 & CeH_22r & CeH_33r & CuH_22r & CuH_33r & CdH_33r & CLL_1221 & eHggint & eHggpar & eHWWint & eHWWpar & eHZZint & eHZZpar & eHZgaint & eHZgapar & eHgagaint & eHmumuint & eHtautauint & eHccint & eHccpar & eHbbint & eHbbpar \\
AlsMz & $1$ & $0.0188932$ & $-0.13601$ & $0.157555$ & $0.0106362$ & $0.00880678$ & $0.00351127$ & $0.00325548$ & $0.00235831$ & $0.0069388$ & $-0.0155981$ & $0.00945424$ & $0.00402089$ & $0.0143412$ & $-0.00585501$ & $0.00472089$ & $0.00998336$ & $0.0162288$ & $0.0100578$ & $0.00932016$ & $0.00975213$ & $0.0100127$ & $0.00317771$ & $-0.0425973$ & $-0.0709591$ & $-0.0427003$ & $-0.0220735$ & $0.0112662$ & $0.00658644$ & $0.00358762$ & $0.0356007$ & $0.0115219$ & $-0.0655271$ & $0.00743598$ & $0.148024$ & $0.00949039$ & $-0.0527189$ & $-0.0186623$ & $-0.00265041$ & $0.0310759$ & $0.0128938$ & $-0.00107561$ & $-0.0037645$ & $-0.00527669$ & $-0.0871545$ & $0.00219571$ & $0.102515$ & $-0.0354685$ & $-0.269999$ \\
dAle5Mz & $0.0188932$ & $1$ & $0.0785013$ & $-0.201838$ & $-0.011549$ & $0.0185905$ & $-0.00616231$ & $-0.0478014$ & $-0.0498414$ & $0.0306638$ & $0.0488956$ & $0.0361308$ & $-0.000588709$ & $-0.0459153$ & $0.00730903$ & $0.0124968$ & $-0.0183387$ & $-0.0310035$ & $-0.0340116$ & $-0.0301812$ & $-0.0352908$ & $-0.033387$ & $-0.0149523$ & $-0.00554265$ & $-0.0382702$ & $0.0250095$ & $-0.045095$ & $-0.0287715$ & $0.0109991$ & $0.0111939$ & $0.0142052$ & $-0.00465919$ & $0.00884237$ & $0.00234538$ & $-0.0160448$ & $0.0791113$ & $-0.0749553$ & $-0.00221637$ & $-0.235788$ & $-0.0186021$ & $-0.168956$ & $0.00876587$ & $-0.123304$ & $0.0571595$ & $0.0321623$ & $0.244117$ & $-0.0446761$ & $0.0896234$ & $-0.0486098$ \\
mtop & $-0.13601$ & $0.0785013$ & $1$ & $0.0155799$ & $0.00319906$ & $-0.0250879$ & $-0.0236799$ & $0.0252356$ & $0.0162432$ & $-0.00894563$ & $-0.0190653$ & $0.00626395$ & $0.0304797$ & $0.00769224$ & $0.00504764$ & $-0.00384617$ & $0.00767259$ & $-0.00166471$ & $0.004454$ & $0.0245581$ & $0.0290221$ & $0.0291005$ & $-0.00336952$ & $-0.00095374$ & $0.0206987$ & $-0.00217511$ & $0.0446185$ & $0.0131103$ & $0.0175022$ & $0.00901055$ & $0.0544881$ & $-0.0237378$ & $0.0285031$ & $0.0295033$ & $0.0100144$ & $-0.054179$ & $0.0697126$ & $0.0282555$ & $-0.240556$ & $0.000773663$ & $-0.215916$ & $0.0214468$ & $-0.175984$ & $-0.1756$ & $-0.0812356$ & $-0.0391037$ & $0.12841$ & $0.0709381$ & $0.0162505$ \\
mHl & $0.157555$ & $-0.201838$ & $0.0155799$ & $1$ & $0.0168669$ & $-0.00745388$ & $-0.0464864$ & $0.0243053$ & $0.0241957$ & $-0.00404309$ & $-0.0333775$ & $0.0109264$ & $0.0487269$ & $0.0323497$ & $-0.00433152$ & $0.00275932$ & $0.0221721$ & $0.0262711$ & $0.0215741$ & $0.0274896$ & $0.0311109$ & $0.0301955$ & $0.00542124$ & $-0.00596314$ & $0.0127397$ & $-0.0295583$ & $0.0200206$ & $0.0195458$ & $-0.00708654$ & $0.0243145$ & $0.026624$ & $-0.0252685$ & $0.0579772$ & $0.0175586$ & $0.299589$ & $0.0134367$ & $-0.100729$ & $-0.0256397$ & $0.0813842$ & $0.0382707$ & $-0.137733$ & $0.00737697$ & $0.0908316$ & $-0.0985628$ & $-0.0918905$ & $0.0520053$ & $0.0077901$ & $0.113454$ & $0.0617909$ \\
Mz & $0.0106362$ & $-0.011549$ & $0.00319906$ & $0.0168669$ & $1$ & $-0.00217027$ & $-0.000378077$ & $0.000486634$ & $-0.000825539$ & $-0.00276313$ & $0.00492267$ & $0.0016022$ & $0.00224146$ & $0.0022762$ & $-0.000182658$ & $0.00637725$ & $-0.00246284$ & $-0.000712626$ & $-0.00563345$ & $7.08606e-05$ & $0.000330859$ & $0.000306997$ & $-0.00170939$ & $0.000538048$ & $-0.00443098$ & $-0.002633$ & $-0.00469593$ & $0.00773268$ & $-6.01085e-05$ & $-0.00368559$ & $0.00192095$ & $0.000207383$ & $-0.00326716$ & $-0.00226745$ & $0.01128$ & $-0.00517666$ & $0.0077805$ & $-0.00116168$ & $-0.00358396$ & $0.00475599$ & $0.00319393$ & $0.0028143$ & $-0.00280179$ & $-0.0138691$ & $-0.00366202$ & $-0.00868105$ & $0.0115615$ & $0.00489309$ & $-0.00630337$ \\
CW & $0.00880678$ & $0.0185905$ & $-0.0250879$ & $-0.00745388$ & $-0.00217027$ & $1$ & $0.0402177$ & $-0.0521274$ & $-0.0502372$ & $0.0217367$ & $0.159549$ & $0.0471836$ & $-0.0507555$ & $-0.0346566$ & $-0.0929445$ & $-0.0813623$ & $-0.365942$ & $-0.159669$ & $-0.168073$ & $-0.157023$ & $-0.162336$ & $-0.160141$ & $0.000623804$ & $-0.119707$ & $-0.205427$ & $0.107217$ & $-0.0686636$ & $-0.0786125$ & $-0.0085051$ & $-0.0343859$ & $-0.0316702$ & $0.0424544$ & $-0.0391325$ & $-0.0971945$ & $-0.00706328$ & $0.000479221$ & $-0.0162234$ & $-0.00989936$ & $0.0204712$ & $0.00714647$ & $0.0162127$ & $-0.00161784$ & $0.00948554$ & $0.0158892$ & $0.012668$ & $-0.00799222$ & $-0.0177848$ & $0.00325215$ & $-0.0022319$ \\
CHG & $0.00351127$ & $-0.00616231$ & $-0.0236799$ & $-0.0464864$ & $-0.000378077$ & $0.0402177$ & $1$ & $-0.0329857$ & $-0.0140954$ & $0.174626$ & $0.0883174$ & $-0.306573$ & $-0.781117$ & $-0.122863$ & $-0.0286329$ & $-0.0271707$ & $-0.110772$ & $-0.0985541$ & $-0.0999014$ & $-0.0854178$ & $-0.088954$ & $-0.0886037$ & $-0.0079004$ & $-0.0616049$ & $-0.103948$ & $0.0682491$ & $-0.0320106$ & $-0.0414949$ & $-0.144376$ & $-0.585778$ & $-0.364256$ & $0.954388$ & $-0.609772$ & $-0.0108634$ & $-0.130129$ & $-0.0746235$ & $0.0251455$ & $0.0032927$ & $0.0470225$ & $-0.00903545$ & $0.0178394$ & $0.0113104$ & $-0.0256168$ & $0.0136722$ & $-0.0340546$ & $0.00195493$ & $-0.0129154$ & $-0.110102$ & $-0.00952656$ \\
CHWB & $0.00325548$ & $-0.0478014$ & $0.0252356$ & $0.0243053$ & $0.000486634$ & $-0.0521274$ & $-0.0329857$ & $1$ & $0.990128$ & $-0.548103$ & $-0.87348$ & $-0.156909$ & $0.0484319$ & $0.278765$ & $0.469267$ & $0.464075$ & $-0.210371$ & $-0.398347$ & $-0.397979$ & $0.857511$ & $0.887064$ & $0.878351$ & $0.0233879$ & $-0.619518$ & $-0.370995$ & $-0.608104$ & $0.381122$ & $0.387968$ & $0.0178871$ & $0.0295224$ & $0.0185585$ & $-0.0398709$ & $0.0337394$ & $0.515928$ & $0.0503177$ & $-0.0252369$ & $0.0187324$ & $0.0013571$ & $-0.00940444$ & $0.0140028$ & $-0.0028424$ & $-0.000227864$ & $-0.0169474$ & $0.00498679$ & $-0.0393106$ & $0.0131495$ & $3.91546e-05$ & $0.0124792$ & $0.000884076$ \\
CHWHB_gaga & $0.00235831$ & $-0.0498414$ & $0.0162432$ & $0.0241957$ & $-0.000825539$ & $-0.0502372$ & $-0.0140954$ & $0.990128$ & $1$ & $-0.544344$ & $-0.863538$ & $-0.143805$ & $0.0555273$ & $0.273384$ & $0.466571$ & $0.460956$ & $-0.211501$ & $-0.398185$ & $-0.397638$ & $0.848006$ & $0.876645$ & $0.867998$ & $0.0221576$ & $-0.614767$ & $-0.371291$ & $-0.600984$ & $0.373872$ & $0.38426$ & $0.0253549$ & $0.0509078$ & $0.0318572$ & $-0.0228376$ & $0.0543117$ & $0.508597$ & $0.0430674$ & $-0.0279343$ & $0.00636921$ & $0.000307188$ & $-0.00323398$ & $0.0132786$ & $0.0013853$ & $-0.000638428$ & $0.0288912$ & $0.00235962$ & $-0.0329432$ & $0.00932584$ & $-0.000876192$ & $0.00841614$ & $-0.000787488$ \\
CHWHB_gagaorth & $0.0069388$ & $0.0306638$ & $-0.00894563$ & $-0.00404309$ & $-0.00276313$ & $0.0217367$ & $0.174626$ & $-0.548103$ & $-0.544344$ & $1$ & $0.467008$ & $0.298529$ & $-0.235761$ & $-0.133208$ & $-0.250196$ & $-0.245334$ & $0.139293$ & $0.237918$ & $0.236084$ & $-0.457899$ & $-0.475106$ & $-0.470193$ & $-0.020591$ & $0.354024$ & $0.224573$ & $0.328463$ & $-0.210004$ & $-0.206519$ & $-0.0505749$ & $-0.209425$ & $-0.133968$ & $0.18343$ & $-0.224614$ & $-0.286565$ & $-0.0122915$ & $0.0212344$ & $-0.000621165$ & $-0.00103367$ & $6.63563e-05$ & $-0.0166356$ & $-0.0597478$ & $-0.000523711$ & $-0.00676772$ & $-0.0141151$ & $0.00769261$ & $-0.0115961$ & $0.00398692$ & $-0.00812013$ & $0.0080862$ \\
CHD & $-0.0155981$ & $0.0488956$ & $-0.0190653$ & $-0.0333775$ & $0.00492267$ & $0.159549$ & $0.0883174$ & $-0.87348$ & $-0.863538$ & $0.467008$ & $1$ & $0.206531$ & $-0.111807$ & $-0.671183$ & $-0.581269$ & $-0.574639$ & $-0.263387$ & $-0.0269109$ & $-0.0272634$ & $-0.994908$ & $-0.995136$ & $-0.983134$ & $0.0373588$ & $0.203968$ & $-0.0631632$ & $0.684899$ & $-0.252059$ & $-0.437946$ & $-0.0293069$ & $-0.0782495$ & $-0.0581432$ & $0.100427$ & $-0.0932564$ & $-0.309157$ & $-0.028304$ & $0.0210644$ & $-0.0158785$ & $-0.00739511$ & $-0.00515239$ & $-0.0149713$ & $0.00577271$ & $0.00101568$ & $0.0124446$ & $0.00387991$ & $0.0289362$ & $-0.00844941$ & $-0.00693468$ & $-0.00658526$ & $-0.00889436$ \\
CHbox & $0.00945424$ & $0.0361308$ & $0.00626395$ & $0.0109264$ & $0.0016022$ & $0.0471836$ & $-0.306573$ & $-0.156909$ & $-0.143805$ & $0.298529$ & $0.206531$ & $1$ & $0.391498$ & $-0.172405$ & $-0.10075$ & $-0.0890509$ & $-0.107521$ & $-0.0609448$ & $-0.0667889$ & $-0.200956$ & $-0.206654$ & $-0.202031$ & $0.00630483$ & $0.00083387$ & $-0.0651648$ & $0.141227$ & $-0.0584113$ & $-0.0959023$ & $0.0882277$ & $0.366172$ & $0.185488$ & $-0.229532$ & $0.370402$ & $-0.063682$ & $0.101355$ & $0.0869496$ & $0.00158673$ & $-0.00928208$ & $-0.0291521$ & $-0.0049008$ & $-0.047605$ & $-0.0137933$ & $-0.00107285$ & $-0.027206$ & $0.0452875$ & $-0.015958$ & $0.00840984$ & $0.0659911$ & $0.00430824$ \\
CH & $0.00402089$ & $-0.000588709$ & $0.0304797$ & $0.0487269$ & $0.00224146$ & $-0.0507555$ & $-0.781117$ & $0.0484319$ & $0.0555273$ & $-0.235761$ & $-0.111807$ & $0.391498$ & $1$ & $0.144987$ & $0.0399394$ & $0.0356538$ & $0.128405$ & $0.10995$ & $0.113848$ & $0.108175$ & $0.112625$ & $0.111924$ & $0.0138971$ & $0.0666644$ & $0.118424$ & $-0.0888226$ & $0.0433132$ & $0.0505564$ & $0.201603$ & $0.71697$ & $0.432399$ & $-0.697104$ & $0.741439$ & $0.0164358$ & $0.148667$ & $0.107425$ & $-0.00172045$ & $-0.00158049$ & $-0.0565514$ & $0.00925231$ & $-0.0283107$ & $-0.0165122$ & $0.0261384$ & $-0.0303991$ & $0.0444131$ & $-0.00276649$ & $0.0103707$ & $0.112884$ & $0.0192169$ \\
CHL1_11 & $0.0143412$ & $-0.0459153$ & $0.00769224$ & $0.0323497$ & $0.0022762$ & $-0.0346566$ & $-0.122863$ & $0.278765$ & $0.273384$ & $-0.133208$ & $-0.671183$ & $-0.172405$ & $0.144987$ & $1$ & $0.408333$ & $0.404172$ & $0.640548$ & $0.59278$ & $0.591428$ & $0.680498$ & $0.644023$ & $0.632632$ & $-0.101362$ & $0.441227$ & $0.593225$ & $-0.447922$ & $-0.0551915$ & $0.287276$ & $0.0297162$ & $0.107565$ & $0.0834324$ & $-0.136702$ & $0.131817$ & $-0.17293$ & $-0.0149746$ & $-0.00530044$ & $0.00496509$ & $0.0109659$ & $0.0270384$ & $0.015161$ & $-0.00280918$ & $-0.00213315$ & $0.00125106$ & $-0.0172392$ & $0.00261271$ & $-0.0102655$ & $0.0128081$ & $-0.000917657$ & $0.0262946$ \\
CHL1_22 & $-0.00585501$ & $0.00730903$ & $0.00504764$ & $-0.00433152$ & $-0.000182658$ & $-0.0929445$ & $-0.0286329$ & $0.469267$ & $0.466571$ & $-0.250196$ & $-0.581269$ & $-0.10075$ & $0.0399394$ & $0.408333$ & $1$ & $0.531539$ & $0.177062$ & $-0.313068$ & $0.00143975$ & $0.622831$ & $0.527144$ & $0.518544$ & $-0.183598$ & $0.0359061$ & $-0.0708443$ & $-0.363624$ & $-0.303275$ & $0.22437$ & $0.0135534$ & $0.0350661$ & $0.0292661$ & $-0.0357571$ & $0.0426512$ & $-0.473789$ & $-0.0408209$ & $0.0291062$ & $0.0125036$ & $0.00562027$ & $0.0360208$ & $0.00668271$ & $-0.0115397$ & $-0.0155834$ & $0.0138814$ & $0.0144694$ & $0.00545359$ & $0.00332683$ & $-0.00329603$ & $-0.00817884$ & $0.00535199$ \\
CHL1_33 & $0.00472089$ & $0.0124968$ & $-0.00384617$ & $0.00275932$ & $0.00637725$ & $-0.0813623$ & $-0.0271707$ & $0.464075$ & $0.460956$ & $-0.245334$ & $-0.574639$ & $-0.0890509$ & $0.0356538$ & $0.404172$ & $0.531539$ & $1$ & $0.173854$ & $0.00456146$ & $-0.303844$ & $0.61638$ & $0.522573$ & $0.530177$ & $-0.176092$ & $0.0352766$ & $-0.065906$ & $-0.362605$ & $-0.291865$ & $0.223223$ & $0.0110788$ & $0.0353308$ & $0.030426$ & $-0.0328473$ & $0.037585$ & $-0.0150364$ & $-0.0332321$ & $0.0147142$ & $0.017847$ & $0.0144697$ & $0.0267727$ & $-0.000166186$ & $-0.00401441$ & $-0.0105353$ & $0.0129772$ & $0.014567$ & $0.000262554$ & $0.0160072$ & $0.0154298$ & $-0.0201936$ & $0.00452205$ \\
CHL3_11 & $0.00998336$ & $-0.0183387$ & $0.00767259$ & $0.0221721$ & $-0.00246284$ & $-0.365942$ & $-0.110772$ & $-0.210371$ & $-0.211501$ & $0.139293$ & $-0.263387$ & $-0.107521$ & $0.128405$ & $0.640548$ & $0.177062$ & $0.173854$ & $1$ & $0.815945$ & $0.81724$ & $0.273719$ & $0.240743$ & $0.23461$ & $-0.0825078$ & $0.752679$ & $0.85136$ & $-0.168384$ & $-0.140664$ & $0.111849$ & $0.023151$ & $0.0943633$ & $0.0763832$ & $-0.121054$ & $0.11635$ & $-0.248045$ & $-0.0326532$ & $-0.00234417$ & $-0.00271791$ & $0.0128421$ & $0.0193404$ & $-0.00052955$ & $-0.00794469$ & $0.00120804$ & $0.00148763$ & $-0.0218798$ & $0.0104115$ & $-0.0098819$ & $0.0146596$ & $-0.00986745$ & $0.0128089$ \\
CHL3_22 & $0.0162288$ & $-0.0310035$ & $-0.00166471$ & $0.0262711$ & $-0.000712626$ & $-0.159669$ & $-0.0985541$ & $-0.398347$ & $-0.398185$ & $0.237918$ & $-0.0269109$ & $-0.0609448$ & $0.10995$ & $0.59278$ & $-0.313068$ & $0.00456146$ & $0.815945$ & $1$ & $0.782055$ & $0.0249279$ & $0.0228376$ & $0.0213115$ & $-0.0148388$ & $0.73742$ & $0.864193$ & $-0.0201303$ & $-0.0416425$ & $0.0195174$ & $0.0165369$ & $0.0805774$ & $0.0648277$ & $-0.105849$ & $0.0991538$ & $-0.056872$ & $-0.0156831$ & $-0.0139563$ & $-0.00726874$ & $0.0100478$ & $0.00917047$ & $0.000190542$ & $0.00179988$ & $0.00734981$ & $0.000155151$ & $-0.0284033$ & $0.0120549$ & $-0.0147832$ & $0.0181$ & $-0.0072149$ & $0.0169833$ \\
CHL3_33 & $0.0100578$ & $-0.0340116$ & $0.004454$ & $0.0215741$ & $-0.00563345$ & $-0.168073$ & $-0.0999014$ & $-0.397979$ & $-0.397638$ & $0.236084$ & $-0.0272634$ & $-0.0667889$ & $0.113848$ & $0.591428$ & $0.00143975$ & $-0.303844$ & $0.81724$ & $0.782055$ & $1$ & $0.0249035$ & $0.022891$ & $0.0227977$ & $-0.0172724$ & $0.737549$ & $0.86332$ & $-0.0186122$ & $-0.0434784$ & $0.0199088$ & $0.0191821$ & $0.0808764$ & $0.0645918$ & $-0.107794$ & $0.102723$ & $-0.370094$ & $-0.0191157$ & $-0.00472464$ & $-0.0119887$ & $0.00352761$ & $0.0153728$ & $0.00517973$ & $-0.00326572$ & $0.00433866$ & $-0.000379572$ & $-0.0282408$ & $0.015571$ & $-0.0230581$ & $0.004961$ & $0.00142215$ & $0.0161143$ \\
CHe_11 & $0.00932016$ & $-0.0301812$ & $0.0245581$ & $0.0274896$ & $7.08606e-05$ & $-0.157023$ & $-0.0854178$ & $0.857511$ & $0.848006$ & $-0.457899$ & $-0.994908$ & $-0.200956$ & $0.108175$ & $0.680498$ & $0.622831$ & $0.61638$ & $0.273719$ & $0.0249279$ & $0.0249035$ & $1$ & $0.985313$ & $0.973557$ & $-0.056323$ & $-0.171599$ & $0.0662455$ & $-0.678169$ & $0.198255$ & $0.432878$ & $0.0286506$ & $0.0770047$ & $0.0585372$ & $-0.0972456$ & $0.0921153$ & $0.253562$ & $0.0206942$ & $-0.0164679$ & $0.016064$ & $0.007828$ & $0.0036001$ & $0.013979$ & $-0.0102707$ & $-0.00217373$ & $-0.0122216$ & $-0.00285298$ & $-0.0256377$ & $0.0120622$ & $0.0067269$ & $0.00594652$ & $0.00958441$ \\
CHe_22 & $0.00975213$ & $-0.0352908$ & $0.0290221$ & $0.0311109$ & $0.000330859$ & $-0.162336$ & $-0.088954$ & $0.887064$ & $0.876645$ & $-0.475106$ & $-0.995136$ & $-0.206654$ & $0.112625$ & $0.644023$ & $0.527144$ & $0.522573$ & $0.240743$ & $0.0228376$ & $0.022891$ & $0.985313$ & $1$ & $0.986268$ & $-0.0153513$ & $-0.244823$ & $0.0528773$ & $-0.686746$ & $0.31255$ & $0.440228$ & $0.0296681$ & $0.0774973$ & $0.0571415$ & $-0.100789$ & $0.0930258$ & $0.375118$ & $0.0350916$ & $-0.0242056$ & $0.0147891$ & $0.00657368$ & $-0.00481495$ & $0.0150896$ & $-0.0102578$ & $0.000831734$ & $-0.0185622$ & $-0.00600798$ & $-0.0311898$ & $0.0123299$ & $0.00582883$ & $0.0109865$ & $0.00937038$ \\
CHe_33 & $0.0100127$ & $-0.033387$ & $0.0291005$ & $0.0301955$ & $0.000306997$ & $-0.160141$ & $-0.0886037$ & $0.878351$ & $0.867998$ & $-0.470193$ & $-0.983134$ & $-0.202031$ & $0.111924$ & $0.632632$ & $0.518544$ & $0.530177$ & $0.23461$ & $0.0213115$ & $0.0227977$ & $0.973557$ & $0.986268$ & $1$ & $-0.0138035$ & $-0.244767$ & $0.0506341$ & $-0.67883$ & $0.312601$ & $0.436436$ & $0.0301954$ & $0.0763865$ & $0.056147$ & $-0.100299$ & $0.091298$ & $0.376488$ & $0.0363352$ & $-0.024141$ & $0.0140003$ & $0.00688562$ & $-0.00448636$ & $0.0152367$ & $-0.00923813$ & $0.000871427$ & $-0.0187203$ & $-0.00399543$ & $-0.0319065$ & $0.0128366$ & $0.00449296$ & $0.0113946$ & $0.00799278$ \\
CHQ1_11 & $0.00317771$ & $-0.0149523$ & $-0.00336952$ & $0.00542124$ & $-0.00170939$ & $0.000623804$ & $-0.0079004$ & $0.0233879$ & $0.0221576$ & $-0.020591$ & $0.0373588$ & $0.00630483$ & $0.0138971$ & $-0.101362$ & $-0.183598$ & $-0.176092$ & $-0.0825078$ & $-0.0148388$ & $-0.0172724$ & $-0.056323$ & $-0.0153513$ & $-0.0138035$ & $1$ & $-0.128011$ & $0.0487264$ & $-0.561187$ & $0.357479$ & $-0.00603545$ & $0.00599152$ & $0.00137876$ & $-0.0020518$ & $-0.00569412$ & $0.00240532$ & $0.197076$ & $0.0422257$ & $-0.0265697$ & $-0.00253015$ & $-0.00362076$ & $-0.0315586$ & $0.00602196$ & $0.0182864$ & $0.012093$ & $-0.0211574$ & $-0.00947431$ & $-0.012171$ & $0.00126471$ & $-0.00350389$ & $0.0126097$ & $-0.000417399$ \\
CHQ1_33 & $-0.0425973$ & $-0.00554265$ & $-0.00095374$ & $-0.00596314$ & $0.000538048$ & $-0.119707$ & $-0.0616049$ & $-0.619518$ & $-0.614767$ & $0.354024$ & $0.203968$ & $0.00083387$ & $0.0666644$ & $0.441227$ & $0.0359061$ & $0.0352766$ & $0.752679$ & $0.73742$ & $0.737549$ & $-0.171599$ & $-0.244823$ & $-0.244767$ & $-0.128011$ & $1$ & $0.75325$ & $0.165913$ & $-0.386306$ & $-0.0275846$ & $0.0100472$ & $0.0574418$ & $0.0486391$ & $-0.0664224$ & $0.0727664$ & $-0.602268$ & $-0.0648678$ & $0.0185341$ & $-0.00337329$ & $0.00869079$ & $0.0278402$ & $-0.00751586$ & $-0.000599104$ & $-0.00109764$ & $0.0133332$ & $-0.0174755$ & $0.0394435$ & $-0.0198438$ & $0.00922121$ & $-0.0213543$ & $0.0262396$ \\
CHQ3_11 & $-0.0709591$ & $-0.0382702$ & $0.0206987$ & $0.0127397$ & $-0.00443098$ & $-0.205427$ & $-0.103948$ & $-0.370995$ & $-0.371291$ & $0.224573$ & $-0.0631632$ & $-0.0651648$ & $0.118424$ & $0.593225$ & $-0.0708443$ & $-0.065906$ & $0.85136$ & $0.864193$ & $0.86332$ & $0.0662455$ & $0.0528773$ & $0.0506341$ & $0.0487264$ & $0.75325$ & $1$ & $-0.0388145$ & $0.133487$ & $0.0321249$ & $0.0186289$ & $0.0792567$ & $0.0597076$ & $-0.113873$ & $0.108123$ & $-0.246163$ & $-0.0118494$ & $-0.0220903$ & $0.00272074$ & $0.00967009$ & $-0.00587921$ & $-0.000257552$ & $-0.00341743$ & $0.0109714$ & $-0.0177067$ & $-0.0291089$ & $0.0111978$ & $-0.0145812$ & $-0.00183853$ & $0.00790276$ & $0.0369132$ \\
CHu_11 & $-0.0427003$ & $0.0250095$ & $-0.00217511$ & $-0.0295583$ & $-0.002633$ & $0.107217$ & $0.0682491$ & $-0.608104$ & $-0.600984$ & $0.328463$ & $0.684899$ & $0.141227$ & $-0.0888226$ & $-0.447922$ & $-0.363624$ & $-0.362605$ & $-0.168384$ & $-0.0201303$ & $-0.0186122$ & $-0.678169$ & $-0.686746$ & $-0.67883$ & $-0.561187$ & $0.165913$ & $-0.0388145$ & $1$ & $-0.189732$ & $-0.302561$ & $-0.0241203$ & $-0.0597105$ & $-0.0450732$ & $0.0743466$ & $-0.0688828$ & $-0.254988$ & $-0.0296222$ & $0.0159622$ & $-0.00937775$ & $-0.00848628$ & $0.00215109$ & $-0.0201814$ & $-0.00624692$ & $-0.00315514$ & $0.0102419$ & $0.00588687$ & $0.0189725$ & $-0.00713839$ & $-0.00738247$ & $-0.00509805$ & $-0.00104551$ \\
CHd_11 & $-0.0220735$ & $-0.045095$ & $0.0446185$ & $0.0200206$ & $-0.00469593$ & $-0.0686636$ & $-0.0320106$ & $0.381122$ & $0.373872$ & $-0.210004$ & $-0.252059$ & $-0.0584113$ & $0.0433132$ & $-0.0551915$ & $-0.303275$ & $-0.291865$ & $-0.140664$ & $-0.0416425$ & $-0.0434784$ & $0.198255$ & $0.31255$ & $0.312601$ & $0.357479$ & $-0.386306$ & $0.133487$ & $-0.189732$ & $1$ & $0.131697$ & $0.0127361$ & $0.00911199$ & $-0.00176128$ & $-0.0358753$ & $0.0174984$ & $0.66603$ & $0.113503$ & $-0.0694331$ & $0.00974712$ & $-0.00835746$ & $-0.0808027$ & $0.00693967$ & $-0.000362051$ & $0.0249074$ & $-0.0665002$ & $-0.0195605$ & $-0.0510344$ & $0.0111471$ & $-0.0148008$ & $0.0414554$ & $-0.000145133$ \\
CHd_33 & $0.0112662$ & $-0.0287715$ & $0.0131103$ & $0.0195458$ & $0.00773268$ & $-0.0786125$ & $-0.0414949$ & $0.387968$ & $0.38426$ & $-0.206519$ & $-0.437946$ & $-0.0959023$ & $0.0505564$ & $0.287276$ & $0.22437$ & $0.223223$ & $0.111849$ & $0.0195174$ & $0.0199088$ & $0.432878$ & $0.440228$ & $0.436436$ & $-0.00603545$ & $-0.0275846$ & $0.0321249$ & $-0.302561$ & $0.131697$ & $1$ & $0.00665414$ & $0.0292705$ & $0.0276388$ & $-0.0489892$ & $0.0371495$ & $0.169761$ & $0.0125831$ & $-0.0216677$ & $0.00740518$ & $0.00138748$ & $-0.000456347$ & $-0.00440794$ & $0.000772541$ & $0.00594612$ & $-0.00414831$ & $0.000171873$ & $-0.00637535$ & $-0.000256256$ & $0.0192094$ & $-0.00784333$ & $-0.0056606$ \\
CeH_22r & $0.00658644$ & $0.0109991$ & $0.0175022$ & $-0.00708654$ & $-6.01085e-05$ & $-0.0085051$ & $-0.144376$ & $0.0178871$ & $0.0253549$ & $-0.0505749$ & $-0.0293069$ & $0.0882277$ & $0.201603$ & $0.0297162$ & $0.0135534$ & $0.0110788$ & $0.023151$ & $0.0165369$ & $0.0191821$ & $0.0286506$ & $0.0296681$ & $0.0301954$ & $0.00599152$ & $0.0100472$ & $0.0186289$ & $-0.0241203$ & $0.0127361$ & $0.00665414$ & $1$ & $0.170499$ & $0.108694$ & $-0.138902$ & $0.179379$ & $0.00611229$ & $-0.00767811$ & $0.00351173$ & $0.00281637$ & $0.00115449$ & $-0.0414625$ & $0.000652653$ & $0.00303993$ & $-0.000205833$ & $0.00424356$ & $0.0171295$ & $-0.00124353$ & $0.00256289$ & $0.00433117$ & $0.0317925$ & $0.00515192$ \\
CeH_33r & $0.00358762$ & $0.0111939$ & $0.00901055$ & $0.0243145$ & $-0.00368559$ & $-0.0343859$ & $-0.585778$ & $0.0295224$ & $0.0509078$ & $-0.209425$ & $-0.0782495$ & $0.366172$ & $0.71697$ & $0.107565$ & $0.0350661$ & $0.0353308$ & $0.0943633$ & $0.0805774$ & $0.0808764$ & $0.0770047$ & $0.0774973$ & $0.0763865$ & $0.00137876$ & $0.0574418$ & $0.0792567$ & $-0.0597105$ & $0.00911199$ & $0.0292705$ & $0.170499$ & $1$ & $0.492649$ & $-0.447427$ & $0.835919$ & $-0.000241434$ & $0.0698429$ & $0.0690525$ & $-0.0946872$ & $-0.0102231$ & $-0.0204397$ & $0.00456797$ & $-0.00793194$ & $-0.0161186$ & $0.0303935$ & $-0.025835$ & $0.0709204$ & $-0.0157433$ & $-0.0110532$ & $0.0937009$ & $0.0175141$ \\
CuH_22r & $0.0356007$ & $0.0142052$ & $0.0544881$ & $0.026624$ & $0.00192095$ & $-0.0316702$ & $-0.364256$ & $0.0185585$ & $0.0318572$ & $-0.133968$ & $-0.0581432$ & $0.185488$ & $0.432399$ & $0.0834324$ & $0.0292661$ & $0.030426$ & $0.0763832$ & $0.0648277$ & $0.0645918$ & $0.0585372$ & $0.0571415$ & $0.056147$ & $-0.0020518$ & $0.0486391$ & $0.0597076$ & $-0.0450732$ & $-0.00176128$ & $0.0276388$ & $0.108694$ & $0.492649$ & $1$ & $-0.269179$ & $0.534696$ & $-0.00548844$ & $0.0600338$ & $-0.0277906$ & $0.0167389$ & $-0.0121279$ & $-0.0813021$ & $0.0158038$ & $-0.0345342$ & $-0.0193461$ & $0.0180085$ & $-0.0750791$ & $0.0298819$ & $0.067887$ & $0.297379$ & $0.0838$ & $0.0309495$ \\
CuH_33r & $0.0115219$ & $-0.00465919$ & $-0.0237378$ & $-0.0252685$ & $0.000207383$ & $0.0424544$ & $0.954388$ & $-0.0398709$ & $-0.0228376$ & $0.18343$ & $0.100427$ & $-0.229532$ & $-0.697104$ & $-0.136702$ & $-0.0357571$ & $-0.0328473$ & $-0.121054$ & $-0.105849$ & $-0.107794$ & $-0.0972456$ & $-0.100789$ & $-0.100299$ & $-0.00569412$ & $-0.0664224$ & $-0.113873$ & $0.0743466$ & $-0.0358753$ & $-0.0489892$ & $-0.138902$ & $-0.447427$ & $-0.269179$ & $1$ & $-0.452069$ & $-0.0112521$ & $-0.0707548$ & $-0.0299131$ & $0.001788$ & $-0.000240723$ & $0.0510007$ & $-0.00691127$ & $0.00924743$ & $0.00791557$ & $-0.0146664$ & $-0.00574679$ & $-0.0345312$ & $-0.00698182$ & $-0.017869$ & $-0.0915493$ & $-0.00330971$ \\
CdH_33r & $-0.0655271$ & $0.00884237$ & $0.0285031$ & $0.0579772$ & $-0.00326716$ & $-0.0391325$ & $-0.609772$ & $0.0337394$ & $0.0543117$ & $-0.224614$ & $-0.0932564$ & $0.370402$ & $0.741439$ & $0.131817$ & $0.0426512$ & $0.037585$ & $0.11635$ & $0.0991538$ & $0.102723$ & $0.0921153$ & $0.0930258$ & $0.091298$ & $0.00240532$ & $0.0727664$ & $0.108123$ & $-0.0688828$ & $0.0174984$ & $0.0371495$ & $0.179379$ & $0.835919$ & $0.534696$ & $-0.452069$ & $1$ & $-0.00270345$ & $0.0840434$ & $0.102743$ & $-0.0971008$ & $-0.0118048$ & $-0.0569759$ & $0.0148559$ & $-0.0873959$ & $-0.0260875$ & $0.0107256$ & $-0.0653523$ & $0.0708229$ & $-0.010054$ & $0.0189638$ & $0.231438$ & $0.28694$ \\
CLL_1221 & $0.00743598$ & $0.00234538$ & $0.0295033$ & $0.0175586$ & $-0.00226745$ & $-0.0971945$ & $-0.0108634$ & $0.515928$ & $0.508597$ & $-0.286565$ & $-0.309157$ & $-0.063682$ & $0.0164358$ & $-0.17293$ & $-0.473789$ & $-0.0150364$ & $-0.248045$ & $-0.056872$ & $-0.370094$ & $0.253562$ & $0.375118$ & $0.376488$ & $0.197076$ & $-0.602268$ & $-0.246163$ & $-0.254988$ & $0.66603$ & $0.169761$ & $0.00611229$ & $-0.000241434$ & $-0.00548844$ & $-0.0112521$ & $-0.00270345$ & $1$ & $0.0857226$ & $-0.0500796$ & $0.00316126$ & $-0.00212854$ & $-0.0584639$ & $0.00358813$ & $-0.00314709$ & $0.0154382$ & $-0.0378763$ & $-0.00643214$ & $-0.0450398$ & $0.0247041$ & $0.00267923$ & $0.0223982$ & $-0.0109062$ \\
eHggint & $0.148024$ & $-0.0160448$ & $0.0100144$ & $0.299589$ & $0.01128$ & $-0.00706328$ & $-0.130129$ & $0.0503177$ & $0.0430674$ & $-0.0122915$ & $-0.028304$ & $0.101355$ & $0.148667$ & $-0.0149746$ & $-0.0408209$ & $-0.0332321$ & $-0.0326532$ & $-0.0156831$ & $-0.0191157$ & $0.0206942$ & $0.0350916$ & $0.0363352$ & $0.0422257$ & $-0.0648678$ & $-0.0118494$ & $-0.0296222$ & $0.113503$ & $0.0125831$ & $-0.00767811$ & $0.0698429$ & $0.0600338$ & $-0.0707548$ & $0.0840434$ & $0.0857226$ & $1$ & $0.0557234$ & $-0.0446049$ & $-0.00906456$ & $-0.0962992$ & $0.0189234$ & $-0.0509956$ & $-0.00776687$ & $0.106517$ & $-0.259956$ & $-0.0742454$ & $-0.214957$ & $0.0855348$ & $0.190752$ & $-0.0436515$ \\
eHggpar & $0.00949039$ & $0.0791113$ & $-0.054179$ & $0.0134367$ & $-0.00517666$ & $0.000479221$ & $-0.0746235$ & $-0.0252369$ & $-0.0279343$ & $0.0212344$ & $0.0210644$ & $0.0869496$ & $0.107425$ & $-0.00530044$ & $0.0291062$ & $0.0147142$ & $-0.00234417$ & $-0.0139563$ & $-0.00472464$ & $-0.0164679$ & $-0.0242056$ & $-0.024141$ & $-0.0265697$ & $0.0185341$ & $-0.0220903$ & $0.0159622$ & $-0.0694331$ & $-0.0216677$ & $0.00351173$ & $0.0690525$ & $-0.0277906$ & $-0.0299131$ & $0.102743$ & $-0.0500796$ & $0.0557234$ & $1$ & $-0.0759188$ & $-0.0177127$ & $0.120523$ & $-0.0267175$ & $-0.105542$ & $-0.000754315$ & $0.0459462$ & $0.0457017$ & $0.015282$ & $0.091286$ & $-0.211483$ & $0.027306$ & $0.118988$ \\
eHWWint & $-0.0527189$ & $-0.0749553$ & $0.0697126$ & $-0.100729$ & $0.0077805$ & $-0.0162234$ & $0.0251455$ & $0.0187324$ & $0.00636921$ & $-0.000621165$ & $-0.0158785$ & $0.00158673$ & $-0.00172045$ & $0.00496509$ & $0.0125036$ & $0.017847$ & $-0.00271791$ & $-0.00726874$ & $-0.0119887$ & $0.016064$ & $0.0147891$ & $0.0140003$ & $-0.00253015$ & $-0.00337329$ & $0.00272074$ & $-0.00937775$ & $0.00974712$ & $0.00740518$ & $0.00281637$ & $-0.0946872$ & $0.0167389$ & $0.001788$ & $-0.0971008$ & $0.00316126$ & $-0.0446049$ & $-0.0759188$ & $1$ & $-0.0112188$ & $-0.201358$ & $-0.00329091$ & $-0.101325$ & $0.00105975$ & $-0.125831$ & $0.145171$ & $0.0500816$ & $0.149886$ & $0.232821$ & $-0.116484$ & $0.101514$ \\
eHWWpar & $-0.0186623$ & $-0.00221637$ & $0.0282555$ & $-0.0256397$ & $-0.00116168$ & $-0.00989936$ & $0.0032927$ & $0.0013571$ & $0.000307188$ & $-0.00103367$ & $-0.00739511$ & $-0.00928208$ & $-0.00158049$ & $0.0109659$ & $0.00562027$ & $0.0144697$ & $0.0128421$ & $0.0100478$ & $0.00352761$ & $0.007828$ & $0.00657368$ & $0.00688562$ & $-0.00362076$ & $0.00869079$ & $0.00967009$ & $-0.00848628$ & $-0.00835746$ & $0.00138748$ & $0.00115449$ & $-0.0102231$ & $-0.0121279$ & $-0.000240723$ & $-0.0118048$ & $-0.00212854$ & $-0.00906456$ & $-0.0177127$ & $-0.0112188$ & $1$ & $0.00070177$ & $-0.0171689$ & $-0.0019764$ & $0.0144567$ & $-0.00269848$ & $0.000424083$ & $-0.003688$ & $0.00713694$ & $-0.0171583$ & $-0.0268879$ & $0.00484131$ \\
eHZZint & $-0.00265041$ & $-0.235788$ & $-0.240556$ & $0.0813842$ & $-0.00358396$ & $0.0204712$ & $0.0470225$ & $-0.00940444$ & $-0.00323398$ & $6.63563e-05$ & $-0.00515239$ & $-0.0291521$ & $-0.0565514$ & $0.0270384$ & $0.0360208$ & $0.0267727$ & $0.0193404$ & $0.00917047$ & $0.0153728$ & $0.0036001$ & $-0.00481495$ & $-0.00448636$ & $-0.0315586$ & $0.0278402$ & $-0.00587921$ & $0.00215109$ & $-0.0808027$ & $-0.000456347$ & $-0.0414625$ & $-0.0204397$ & $-0.0813021$ & $0.0510007$ & $-0.0569759$ & $-0.0584639$ & $-0.0962992$ & $0.120523$ & $-0.201358$ & $0.00070177$ & $1$ & $-0.0380984$ & $0.0893687$ & $-0.00495913$ & $0.173731$ & $0.133147$ & $0.0607445$ & $0.0781796$ & $-0.193163$ & $-0.211011$ & $-0.0401483$ \\
eHZZpar & $0.0310759$ & $-0.0186021$ & $0.000773663$ & $0.0382707$ & $0.00475599$ & $0.00714647$ & $-0.00903545$ & $0.0140028$ & $0.0132786$ & $-0.0166356$ & $-0.0149713$ & $-0.0049008$ & $0.00925231$ & $0.015161$ & $0.00668271$ & $-0.000166186$ & $-0.00052955$ & $0.000190542$ & $0.00517973$ & $0.013979$ & $0.0150896$ & $0.0152367$ & $0.00602196$ & $-0.00751586$ & $-0.000257552$ & $-0.0201814$ & $0.00693967$ & $-0.00440794$ & $0.000652653$ & $0.00456797$ & $0.0158038$ & $-0.00691127$ & $0.0148559$ & $0.00358813$ & $0.0189234$ & $-0.0267175$ & $-0.00329091$ & $-0.0171689$ & $-0.0380984$ & $1$ & $0.00366384$ & $-0.00848147$ & $-0.0140662$ & $-0.049531$ & $-0.00700555$ & $-0.0174613$ & $0.0315759$ & $0.0152874$ & $0.0118694$ \\
eHZgaint & $0.0128938$ & $-0.168956$ & $-0.215916$ & $-0.137733$ & $0.00319393$ & $0.0162127$ & $0.0178394$ & $-0.0028424$ & $0.0013853$ & $-0.0597478$ & $0.00577271$ & $-0.047605$ & $-0.0283107$ & $-0.00280918$ & $-0.0115397$ & $-0.00401441$ & $-0.00794469$ & $0.00179988$ & $-0.00326572$ & $-0.0102707$ & $-0.0102578$ & $-0.00923813$ & $0.0182864$ & $-0.000599104$ & $-0.00341743$ & $-0.00624692$ & $-0.000362051$ & $0.000772541$ & $0.00303993$ & $-0.00793194$ & $-0.0345342$ & $0.00924743$ & $-0.0873959$ & $-0.00314709$ & $-0.0509956$ & $-0.105542$ & $-0.101325$ & $-0.0019764$ & $0.0893687$ & $0.00366384$ & $1$ & $-0.00800249$ & $0.0865389$ & $0.100932$ & $-0.115337$ & $-0.141418$ & $-0.0793919$ & $-0.135331$ & $-0.268217$ \\
eHZgapar & $-0.00107561$ & $0.00876587$ & $0.0214468$ & $0.00737697$ & $0.0028143$ & $-0.00161784$ & $0.0113104$ & $-0.000227864$ & $-0.000638428$ & $-0.000523711$ & $0.00101568$ & $-0.0137933$ & $-0.0165122$ & $-0.00213315$ & $-0.0155834$ & $-0.0105353$ & $0.00120804$ & $0.00734981$ & $0.00433866$ & $-0.00217373$ & $0.000831734$ & $0.000871427$ & $0.012093$ & $-0.00109764$ & $0.0109714$ & $-0.00315514$ & $0.0249074$ & $0.00594612$ & $-0.000205833$ & $-0.0161186$ & $-0.0193461$ & $0.00791557$ & $-0.0260875$ & $0.0154382$ & $-0.00776687$ & $-0.000754315$ & $0.00105975$ & $0.0144567$ & $-0.00495913$ & $-0.00848147$ & $-0.00800249$ & $1$ & $0.000909142$ & $-0.00249774$ & $-0.0097672$ & $0.0123668$ & $-0.033306$ & $-0.0233809$ & $-0.0349108$ \\
eHgagaint & $-0.0037645$ & $-0.123304$ & $-0.175984$ & $0.0908316$ & $-0.00280179$ & $0.00948554$ & $-0.0256168$ & $-0.0169474$ & $0.0288912$ & $-0.00676772$ & $0.0124446$ & $-0.00107285$ & $0.0261384$ & $0.00125106$ & $0.0138814$ & $0.0129772$ & $0.00148763$ & $0.000155151$ & $-0.000379572$ & $-0.0122216$ & $-0.0185622$ & $-0.0187203$ & $-0.0211574$ & $0.0133332$ & $-0.0177067$ & $0.0102419$ & $-0.0665002$ & $-0.00414831$ & $0.00424356$ & $0.0303935$ & $0.0180085$ & $-0.0146664$ & $0.0107256$ & $-0.0378763$ & $0.106517$ & $0.0459462$ & $-0.125831$ & $-0.00269848$ & $0.173731$ & $-0.0140662$ & $0.0865389$ & $0.000909142$ & $1$ & $-0.084482$ & $0.129597$ & $-0.0908649$ & $0.0217721$ & $-0.0928259$ & $-0.0195829$ \\
eHmumuint & $-0.00527669$ & $0.0571595$ & $-0.1756$ & $-0.0985628$ & $-0.0138691$ & $0.0158892$ & $0.0136722$ & $0.00498679$ & $0.00235962$ & $-0.0141151$ & $0.00387991$ & $-0.027206$ & $-0.0303991$ & $-0.0172392$ & $0.0144694$ & $0.014567$ & $-0.0218798$ & $-0.0284033$ & $-0.0282408$ & $-0.00285298$ & $-0.00600798$ & $-0.00399543$ & $-0.00947431$ & $-0.0174755$ & $-0.0291089$ & $0.00588687$ & $-0.0195605$ & $0.000171873$ & $0.0171295$ & $-0.025835$ & $-0.0750791$ & $-0.00574679$ & $-0.0653523$ & $-0.00643214$ & $-0.259956$ & $0.0457017$ & $0.145171$ & $0.000424083$ & $0.133147$ & $-0.049531$ & $0.100932$ & $-0.00249774$ & $-0.084482$ & $1$ & $-0.0154435$ & $0.104479$ & $-0.223839$ & $-0.125405$ & $-0.0918047$ \\
eHtautauint & $-0.0871545$ & $0.0321623$ & $-0.0812356$ & $-0.0918905$ & $-0.00366202$ & $0.012668$ & $-0.0340546$ & $-0.0393106$ & $-0.0329432$ & $0.00769261$ & $0.0289362$ & $0.0452875$ & $0.0444131$ & $0.00261271$ & $0.00545359$ & $0.000262554$ & $0.0104115$ & $0.0120549$ & $0.015571$ & $-0.0256377$ & $-0.0311898$ & $-0.0319065$ & $-0.012171$ & $0.0394435$ & $0.0111978$ & $0.0189725$ & $-0.0510344$ & $-0.00637535$ & $-0.00124353$ & $0.0709204$ & $0.0298819$ & $-0.0345312$ & $0.0708229$ & $-0.0450398$ & $-0.0742454$ & $0.015282$ & $0.0500816$ & $-0.003688$ & $0.0607445$ & $-0.00700555$ & $-0.115337$ & $-0.0097672$ & $0.129597$ & $-0.0154435$ & $1$ & $-0.0612206$ & $0.0747601$ & $-0.0445315$ & $0.184937$ \\
eHccint & $0.00219571$ & $0.244117$ & $-0.0391037$ & $0.0520053$ & $-0.00868105$ & $-0.00799222$ & $0.00195493$ & $0.0131495$ & $0.00932584$ & $-0.0115961$ & $-0.00844941$ & $-0.015958$ & $-0.00276649$ & $-0.0102655$ & $0.00332683$ & $0.0160072$ & $-0.0098819$ & $-0.0147832$ & $-0.0230581$ & $0.0120622$ & $0.0123299$ & $0.0128366$ & $0.00126471$ & $-0.0198438$ & $-0.0145812$ & $-0.00713839$ & $0.0111471$ & $-0.000256256$ & $0.00256289$ & $-0.0157433$ & $0.067887$ & $-0.00698182$ & $-0.010054$ & $0.0247041$ & $-0.214957$ & $0.091286$ & $0.149886$ & $0.00713694$ & $0.0781796$ & $-0.0174613$ & $-0.141418$ & $0.0123668$ & $-0.0908649$ & $0.104479$ & $-0.0612206$ & $1$ & $0.0380439$ & $-0.114264$ & $0.0545638$ \\
eHccpar & $0.102515$ & $-0.0446761$ & $0.12841$ & $0.0077901$ & $0.0115615$ & $-0.0177848$ & $-0.0129154$ & $3.91546e-05$ & $-0.000876192$ & $0.00398692$ & $-0.00693468$ & $0.00840984$ & $0.0103707$ & $0.0128081$ & $-0.00329603$ & $0.0154298$ & $0.0146596$ & $0.0181$ & $0.004961$ & $0.0067269$ & $0.00582883$ & $0.00449296$ & $-0.00350389$ & $0.00922121$ & $-0.00183853$ & $-0.00738247$ & $-0.0148008$ & $0.0192094$ & $0.00433117$ & $-0.0110532$ & $0.297379$ & $-0.017869$ & $0.0189638$ & $0.00267923$ & $0.0855348$ & $-0.211483$ & $0.232821$ & $-0.0171583$ & $-0.193163$ & $0.0315759$ & $-0.0793919$ & $-0.033306$ & $0.0217721$ & $-0.223839$ & $0.0747601$ & $0.0380439$ & $1$ & $0.103527$ & $0.0832154$ \\
eHbbint & $-0.0354685$ & $0.0896234$ & $0.0709381$ & $0.113454$ & $0.00489309$ & $0.00325215$ & $-0.110102$ & $0.0124792$ & $0.00841614$ & $-0.00812013$ & $-0.00658526$ & $0.0659911$ & $0.112884$ & $-0.000917657$ & $-0.00817884$ & $-0.0201936$ & $-0.00986745$ & $-0.0072149$ & $0.00142215$ & $0.00594652$ & $0.0109865$ & $0.0113946$ & $0.0126097$ & $-0.0213543$ & $0.00790276$ & $-0.00509805$ & $0.0414554$ & $-0.00784333$ & $0.0317925$ & $0.0937009$ & $0.0838$ & $-0.0915493$ & $0.231438$ & $0.0223982$ & $0.190752$ & $0.027306$ & $-0.116484$ & $-0.0268879$ & $-0.211011$ & $0.0152874$ & $-0.135331$ & $-0.0233809$ & $-0.0928259$ & $-0.125405$ & $-0.0445315$ & $-0.114264$ & $0.103527$ & $1$ & $0.173011$ \\
eHbbpar & $-0.269999$ & $-0.0486098$ & $0.0162505$ & $0.0617909$ & $-0.00630337$ & $-0.0022319$ & $-0.00952656$ & $0.000884076$ & $-0.000787488$ & $0.0080862$ & $-0.00889436$ & $0.00430824$ & $0.0192169$ & $0.0262946$ & $0.00535199$ & $0.00452205$ & $0.0128089$ & $0.0169833$ & $0.0161143$ & $0.00958441$ & $0.00937038$ & $0.00799278$ & $-0.000417399$ & $0.0262396$ & $0.0369132$ & $-0.00104551$ & $-0.000145133$ & $-0.0056606$ & $0.00515192$ & $0.0175141$ & $0.0309495$ & $-0.00330971$ & $0.28694$ & $-0.0109062$ & $-0.0436515$ & $0.118988$ & $0.101514$ & $0.00484131$ & $-0.0401483$ & $0.0118694$ & $-0.268217$ & $-0.0349108$ & $-0.0195829$ & $-0.0918047$ & $0.184937$ & $0.0545638$ & $0.0832154$ & $0.173011$ & $1$ \\
