 & AlsMz & dAle5Mz & mtop & mHl & Mz & CW & CHG & CHWB & CHWHB_gaga & CHWHB_gagaorth & CHD & CHbox & CH & CHL1_11 & CHL1_22 & CHL1_33 & CHL3_11 & CHL3_22 & CHL3_33 & CHe_11 & CHe_22 & CHe_33 & CHQ1_11 & CHQ1_33 & CHQ3_11 & CHu_11 & CHd_11 & CHd_33 & CeH_22r & CeH_33r & CuH_22r & CuH_33r & CdH_33r & CLL_1221 & eHggint & eHggpar & eHWWint & eHWWpar & eHZZint & eHZZpar & eHZgaint & eHZgapar & eHgagaint & eHmumuint & eHtautauint & eHccint & eHccpar & eHbbint & eHbbpar \\
AlsMz & $1$ & $0.102022$ & $0.0916207$ & $-0.0829859$ & $-0.00872518$ & $-0.0120764$ & $-0.0106518$ & $0.00101705$ & $0.00911745$ & $0.00551394$ & $-0.0215403$ & $0.0144636$ & $0.0199279$ & $0.0273563$ & $0.00730348$ & $-0.000425529$ & $0.0266118$ & $0.0240157$ & $0.0302113$ & $0.0177188$ & $0.0179372$ & $0.0179799$ & $0.00796891$ & $-0.0297684$ & $-0.0554223$ & $-0.0459491$ & $-0.0130542$ & $0.0431854$ & $-0.0235091$ & $0.0115225$ & $0.00153992$ & $-0.0182244$ & $-0.0537961$ & $-0.000759546$ & $-0.0874873$ & $-0.0551592$ & $0.108256$ & $0.000517345$ & $0.201737$ & $0.0139498$ & $-0.0731704$ & $-0.0255108$ & $0.128134$ & $0.0260167$ & $-0.0745499$ & $-0.0266496$ & $0.0544394$ & $-0.00633342$ & $-0.159669$ \\
dAle5Mz & $0.102022$ & $1$ & $-0.117748$ & $-0.0520755$ & $-0.0172112$ & $0.0135323$ & $-0.0051177$ & $-0.064312$ & $-0.0591257$ & $0.0459987$ & $0.0401618$ & $0.0203028$ & $0.019699$ & $-0.0163332$ & $0.00875411$ & $0.0252857$ & $0.0304251$ & $0.0129408$ & $0.00367486$ & $-0.0209464$ & $-0.0265573$ & $-0.023962$ & $-0.0154495$ & $0.0303696$ & $-0.00557297$ & $0.00219501$ & $-0.059786$ & $0.00726983$ & $-0.0177$ & $0.0305705$ & $0.00694498$ & $-0.00449473$ & $0.00808386$ & $-0.00139069$ & $-0.01835$ & $-0.0682837$ & $-0.148068$ & $-0.0109523$ & $-0.0385618$ & $0.0423195$ & $0.0308044$ & $-0.0055382$ & $0.0444951$ & $0.130829$ & $0.0479306$ & $-0.0871553$ & $0.0258824$ & $-0.0652855$ & $-0.0615946$ \\
mtop & $0.0916207$ & $-0.117748$ & $1$ & $-0.137776$ & $0.0159031$ & $0.00865618$ & $0.0174317$ & $0.00695896$ & $0.00518276$ & $0.0061578$ & $-0.00139234$ & $-0.0206222$ & $-0.0240534$ & $0.00879234$ & $-0.00806193$ & $-0.00640544$ & $-0.00457738$ & $0.00599193$ & $0.00110488$ & $0.00366697$ & $0.00410612$ & $0.000396855$ & $0.00456999$ & $0.00366243$ & $-0.00722267$ & $0.0024003$ & $0.00716468$ & $0.0181481$ & $0.00833806$ & $-0.0169678$ & $-0.0265184$ & $0.00254334$ & $-0.0440252$ & $0.00381958$ & $-0.0716257$ & $-0.0995476$ & $0.0479024$ & $-0.0146264$ & $-0.00886538$ & $-0.00127747$ & $-0.051295$ & $-0.0277677$ & $-0.0648882$ & $0.0324346$ & $0.024539$ & $-0.0143506$ & $-0.0608149$ & $-0.100241$ & $-0.00109913$ \\
mHl & $-0.0829859$ & $-0.0520755$ & $-0.137776$ & $1$ & $-0.0122076$ & $0.00604593$ & $-0.0772876$ & $0.0265449$ & $0.0258709$ & $-0.0327532$ & $-0.0288454$ & $0.0926052$ & $0.0941319$ & $0.0240115$ & $0.0232989$ & $0.0151234$ & $0.00289287$ & $-0.00509246$ & $0.00110227$ & $0.0274936$ & $0.0275566$ & $0.0257155$ & $-0.0200438$ & $-0.00208577$ & $0.00130654$ & $-0.00229047$ & $-0.000583931$ & $0.01071$ & $0.018269$ & $0.0689185$ & $0.0104766$ & $-0.0692906$ & $0.10129$ & $-0.0015707$ & $-7.7511e-07$ & $0.0480566$ & $-0.0489048$ & $-0.00100908$ & $-0.025616$ & $0.00739863$ & $-0.0167126$ & $0.00248477$ & $0.0347712$ & $0.0107281$ & $0.0563479$ & $-0.207046$ & $-0.0635498$ & $0.0190534$ & $0.0933894$ \\
Mz & $-0.00872518$ & $-0.0172112$ & $0.0159031$ & $-0.0122076$ & $1$ & $-0.000542455$ & $-0.0086419$ & $-0.0177723$ & $-0.0188471$ & $-0.00246432$ & $0.0272337$ & $0.00194788$ & $0.0128875$ & $-0.0153229$ & $-0.00757841$ & $-0.0165538$ & $-0.00333717$ & $-0.00544092$ & $-0.00110259$ & $-0.0221674$ & $-0.0193055$ & $-0.0198745$ & $-0.019868$ & $-0.00398082$ & $0.00280978$ & $0.0374137$ & $-9.97626e-05$ & $0.0100484$ & $0.0086201$ & $0.00470091$ & $-0.0088769$ & $-0.0103178$ & $0.00813564$ & $-0.0104863$ & $0.00216438$ & $-0.0218531$ & $-0.0101869$ & $0.0100447$ & $-0.00155026$ & $-0.0202323$ & $-0.0316034$ & $-0.00303144$ & $-0.032381$ & $0.0155442$ & $0.00172848$ & $-0.0111341$ & $-0.0183369$ & $0.0142442$ & $0.0178979$ \\
CW & $-0.0120764$ & $0.0135323$ & $0.00865618$ & $0.00604593$ & $-0.000542455$ & $1$ & $0.0475518$ & $-0.0132503$ & $-0.0104091$ & $0.00846068$ & $0.125866$ & $-0.0359695$ & $-0.0621497$ & $-0.0280618$ & $-0.0727077$ & $-0.0654856$ & $-0.372023$ & $-0.180494$ & $-0.183714$ & $-0.124744$ & $-0.128455$ & $-0.130812$ & $-0.0302002$ & $-0.143491$ & $-0.222266$ & $0.109868$ & $-0.0545423$ & $-0.0640123$ & $0.0142143$ & $-0.0440799$ & $-0.02931$ & $0.0508537$ & $-0.0569424$ & $-0.0767261$ & $0.0378617$ & $-0.0140481$ & $0.00488866$ & $-0.0156447$ & $0.0236777$ & $0.010327$ & $0.000264383$ & $0.00952612$ & $0.0158508$ & $0.014838$ & $0.0365219$ & $-0.00300117$ & $0.0137288$ & $-0.0213008$ & $-0.00955349$ \\
CHG & $-0.0106518$ & $-0.0051177$ & $0.0174317$ & $-0.0772876$ & $-0.0086419$ & $0.0475518$ & $1$ & $-0.0292087$ & $-0.0124487$ & $0.154593$ & $0.104655$ & $-0.702074$ & $-0.744078$ & $-0.152858$ & $-0.0367223$ & $-0.0420272$ & $-0.150716$ & $-0.134749$ & $-0.130308$ & $-0.101889$ & $-0.103635$ & $-0.105079$ & $-0.00922434$ & $-0.0926962$ & $-0.131142$ & $0.0898304$ & $-0.0161905$ & $-0.0251033$ & $-0.141092$ & $-0.57408$ & $-0.329927$ & $0.956671$ & $-0.58091$ & $-0.0016515$ & $-0.0291881$ & $-0.0966573$ & $0.0161625$ & $-0.00822718$ & $-0.0125258$ & $-0.0453877$ & $-0.0127886$ & $0.0092578$ & $-0.121626$ & $0.0241859$ & $-0.00148864$ & $-0.0431405$ & $0.0622585$ & $-0.0147594$ & $0.0232451$ \\
CHWB & $0.00101705$ & $-0.064312$ & $0.00695896$ & $0.0265449$ & $-0.0177723$ & $-0.0132503$ & $-0.0292087$ & $1$ & $0.988818$ & $-0.564088$ & $-0.873546$ & $-0.0517943$ & $0.0314765$ & $0.296129$ & $0.458303$ & $0.469132$ & $-0.209192$ & $-0.380819$ & $-0.390748$ & $0.857319$ & $0.886335$ & $0.877866$ & $0.0120974$ & $-0.615555$ & $-0.348708$ & $-0.593815$ & $0.393182$ & $0.400866$ & $0.00972635$ & $0.0318118$ & $0.0130881$ & $-0.0416854$ & $0.040029$ & $0.518727$ & $-0.0392474$ & $0.0493769$ & $0.0317322$ & $-0.0189742$ & $0.00244595$ & $-0.0123517$ & $-0.00473634$ & $-0.0049446$ & $-0.0022366$ & $-0.0131136$ & $0.0292561$ & $0.011909$ & $-0.0263$ & $0.00355111$ & $0.0353642$ \\
CHWHB_gaga & $0.00911745$ & $-0.0591257$ & $0.00518276$ & $0.0258709$ & $-0.0188471$ & $-0.0104091$ & $-0.0124487$ & $0.988818$ & $1$ & $-0.562107$ & $-0.862525$ & $-0.0322717$ & $0.0474133$ & $0.291496$ & $0.453899$ & $0.464571$ & $-0.211141$ & $-0.37969$ & $-0.389184$ & $0.846772$ & $0.874937$ & $0.866836$ & $0.0136382$ & $-0.610007$ & $-0.348353$ & $-0.587633$ & $0.387929$ & $0.398294$ & $0.0174568$ & $0.0552005$ & $0.0316174$ & $-0.0269538$ & $0.0628542$ & $0.511316$ & $-0.0516686$ & $0.0548751$ & $0.0339775$ & $-0.0179662$ & $0.00216756$ & $-0.011179$ & $0.00288025$ & $-0.00550708$ & $0.0464039$ & $-0.0191351$ & $0.0338205$ & $0.0100548$ & $-0.0208968$ & $0.00262045$ & $0.0309543$ \\
CHWHB_gagaorth & $0.00551394$ & $0.0459987$ & $0.0061578$ & $-0.0327532$ & $-0.00246432$ & $0.00846068$ & $0.154593$ & $-0.564088$ & $-0.562107$ & $1$ & $0.482942$ & $-0.0515254$ & $-0.2273$ & $-0.153033$ & $-0.252755$ & $-0.240874$ & $0.136837$ & $0.231365$ & $0.224487$ & $-0.47341$ & $-0.492408$ & $-0.486415$ & $-0.0149996$ & $0.361437$ & $0.208582$ & $0.330343$ & $-0.232349$ & $-0.218745$ & $-0.0327085$ & $-0.211235$ & $-0.141353$ & $0.162284$ & $-0.232004$ & $-0.2944$ & $0.0480776$ & $-0.0449024$ & $-0.0362034$ & $0.02593$ & $-0.0433618$ & $0.000805677$ & $-0.0289798$ & $0.00585091$ & $-0.0237372$ & $-0.0169296$ & $0.0149364$ & $-0.0256709$ & $0.0250788$ & $-0.0096729$ & $-0.0195802$ \\
CHD & $-0.0215403$ & $0.0401618$ & $-0.00139234$ & $-0.0288454$ & $0.0272337$ & $0.125866$ & $0.104655$ & $-0.873546$ & $-0.862525$ & $0.482942$ & $1$ & $-0.00228878$ & $-0.113932$ & $-0.684559$ & $-0.57397$ & $-0.574059$ & $-0.26495$ & $-0.0456202$ & $-0.0342601$ & $-0.994796$ & $-0.995123$ & $-0.983486$ & $0.0305418$ & $0.199625$ & $-0.0865999$ & $0.681972$ & $-0.271083$ & $-0.441285$ & $-0.023643$ & $-0.0995843$ & $-0.0563904$ & $0.122755$ & $-0.111558$ & $-0.311147$ & $0.0615419$ & $-0.0506191$ & $-0.0217755$ & $0.0133565$ & $-0.0132718$ & $0.0130408$ & $0.00326789$ & $0.00117759$ & $-0.0098294$ & $0.0217464$ & $-0.0234374$ & $-0.0125762$ & $0.0409865$ & $-0.00756381$ & $-0.020685$ \\
CHbox & $0.0144636$ & $0.0203028$ & $-0.0206222$ & $0.0926052$ & $0.00194788$ & $-0.0359695$ & $-0.702074$ & $-0.0517943$ & $-0.0322717$ & $-0.0515254$ & $-0.00228878$ & $1$ & $0.935775$ & $0.0796267$ & $-0.0033121$ & $-0.000616679$ & $0.0962217$ & $0.103802$ & $0.101907$ & $0.00380813$ & $5.43909e-05$ & $0.00282761$ & $0.00565171$ & $0.101154$ & $0.0958233$ & $-0.0176109$ & $-0.0311192$ & $-0.00528695$ & $0.188895$ & $0.696429$ & $0.380624$ & $-0.611477$ & $0.703819$ & $-0.0469992$ & $0.0545321$ & $0.152173$ & $0.0314554$ & $0.00387934$ & $0.0298444$ & $0.0761169$ & $0.00908769$ & $-0.0115886$ & $0.162311$ & $0.00208446$ & $0.00650438$ & $0.0546667$ & $-0.0971674$ & $0.0331507$ & $-0.016055$ \\
CH & $0.0199279$ & $0.019699$ & $-0.0240534$ & $0.0941319$ & $0.0128875$ & $-0.0621497$ & $-0.744078$ & $0.0314765$ & $0.0474133$ & $-0.2273$ & $-0.113932$ & $0.935775$ & $1$ & $0.174725$ & $0.038697$ & $0.0307927$ & $0.161561$ & $0.147618$ & $0.15115$ & $0.110775$ & $0.114024$ & $0.113782$ & $0.019957$ & $0.100238$ & $0.145093$ & $-0.101456$ & $0.0228823$ & $0.0447531$ & $0.196665$ & $0.720258$ & $0.407082$ & $-0.662509$ & $0.732765$ & $-0.000428254$ & $0.0401247$ & $0.125159$ & $0.0175736$ & $-0.00352107$ & $0.0344038$ & $0.0637801$ & $0.00336802$ & $-0.0112166$ & $0.144611$ & $0.000733147$ & $0.000136848$ & $0.0584097$ & $-0.10469$ & $0.0229524$ & $-0.00213709$ \\
CHL1_11 & $0.0273563$ & $-0.0163332$ & $0.00879234$ & $0.0240115$ & $-0.0153229$ & $-0.0280618$ & $-0.152858$ & $0.296129$ & $0.291496$ & $-0.153033$ & $-0.684559$ & $0.0796267$ & $0.174725$ & $1$ & $0.419648$ & $0.406273$ & $0.637883$ & $0.592857$ & $0.58394$ & $0.693346$ & $0.658234$ & $0.646021$ & $-0.0779841$ & $0.432483$ & $0.598797$ & $-0.463606$ & $-0.0273498$ & $0.281947$ & $0.0388305$ & $0.142076$ & $0.086328$ & $-0.169511$ & $0.155618$ & $-0.164372$ & $-0.0654993$ & $0.0284922$ & $0.00849849$ & $-0.00523532$ & $0.0309185$ & $-0.00508397$ & $0.00677162$ & $0.0124885$ & $0.0226516$ & $-0.0304038$ & $0.00675617$ & $0.0144998$ & $-0.0501702$ & $0.00677475$ & $-0.00563614$ \\
CHL1_22 & $0.00730348$ & $0.00875411$ & $-0.00806193$ & $0.0232989$ & $-0.00757841$ & $-0.0727077$ & $-0.0367223$ & $0.458303$ & $0.453899$ & $-0.252755$ & $-0.57397$ & $-0.0033121$ & $0.038697$ & $0.419648$ & $1$ & $0.541358$ & $0.181399$ & $-0.298201$ & $0.00270379$ & $0.616999$ & $0.518166$ & $0.51109$ & $-0.182658$ & $0.0482687$ & $-0.0555354$ & $-0.368838$ & $-0.306452$ & $0.221367$ & $0.0176657$ & $0.0349545$ & $0.0301736$ & $-0.046602$ & $0.0398938$ & $-0.481632$ & $-0.0318386$ & $0.0552209$ & $0.0023491$ & $0.00910729$ & $0.00744658$ & $-0.00907677$ & $-0.000803594$ & $-0.0153811$ & $0.0123187$ & $0.00963122$ & $0.0113774$ & $-0.0164632$ & $-0.0157617$ & $0.0193484$ & $0.00766362$ \\
CHL1_33 & $-0.000425529$ & $0.0252857$ & $-0.00640544$ & $0.0151234$ & $-0.0165538$ & $-0.0654856$ & $-0.0420272$ & $0.469132$ & $0.464571$ & $-0.240874$ & $-0.574059$ & $-0.000616679$ & $0.0307927$ & $0.406273$ & $0.541358$ & $1$ & $0.161288$ & $-0.00218667$ & $-0.314048$ & $0.617138$ & $0.521544$ & $0.530534$ & $-0.170035$ & $0.0281362$ & $-0.0682258$ & $-0.368798$ & $-0.286794$ & $0.216888$ & $0.00527513$ & $0.0381068$ & $0.0254408$ & $-0.0505523$ & $0.0418665$ & $-0.0208817$ & $-0.0307275$ & $0.0584486$ & $0.00221549$ & $-0.0192492$ & $0.00706647$ & $0.00236126$ & $-0.00226553$ & $0.011055$ & $0.0227409$ & $0.0158247$ & $0.00521001$ & $-0.00921399$ & $-0.0105672$ & $0.0013592$ & $0.0132215$ \\
CHL3_11 & $0.0266118$ & $0.0304251$ & $-0.00457738$ & $0.00289287$ & $-0.00333717$ & $-0.372023$ & $-0.150716$ & $-0.209192$ & $-0.211141$ & $0.136837$ & $-0.26495$ & $0.0962217$ & $0.161561$ & $0.637883$ & $0.181399$ & $0.161288$ & $1$ & $0.821237$ & $0.819849$ & $0.27551$ & $0.243888$ & $0.238374$ & $-0.0478956$ & $0.752727$ & $0.855485$ & $-0.192064$ & $-0.127368$ & $0.0931997$ & $0.0201441$ & $0.132137$ & $0.0834816$ & $-0.162842$ & $0.14186$ & $-0.24906$ & $-0.0423213$ & $-0.000434156$ & $-0.0210076$ & $0.0124193$ & $0.0100639$ & $-0.00824002$ & $-0.0065729$ & $0.000737309$ & $0.0142912$ & $-0.0166126$ & $-0.0111047$ & $-0.00208566$ & $-0.0269947$ & $0.0100916$ & $-0.0228861$ \\
CHL3_22 & $0.0240157$ & $0.0129408$ & $0.00599193$ & $-0.00509246$ & $-0.00544092$ & $-0.180494$ & $-0.134749$ & $-0.380819$ & $-0.37969$ & $0.231365$ & $-0.0456202$ & $0.103802$ & $0.147618$ & $0.592857$ & $-0.298201$ & $-0.00218667$ & $0.821237$ & $1$ & $0.784763$ & $0.0431089$ & $0.043546$ & $0.0412779$ & $0.0185281$ & $0.731777$ & $0.864802$ & $-0.0469357$ & $-0.0221084$ & $0.00888819$ & $0.0196447$ & $0.119629$ & $0.0705596$ & $-0.14221$ & $0.127088$ & $-0.0515145$ & $-0.0305876$ & $-0.0205124$ & $-0.013993$ & $0.00122949$ & $0.018332$ & $0.00110467$ & $0.000733087$ & $0.0174373$ & $0.0153456$ & $-0.0255595$ & $-0.0148603$ & $0.0148392$ & $-0.0280891$ & $-0.00200226$ & $-0.0263795$ \\
CHL3_33 & $0.0302113$ & $0.00367486$ & $0.00110488$ & $0.00110227$ & $-0.00110259$ & $-0.183714$ & $-0.130308$ & $-0.390748$ & $-0.389184$ & $0.224487$ & $-0.0342601$ & $0.101907$ & $0.15115$ & $0.58394$ & $0.00270379$ & $-0.314048$ & $0.819849$ & $0.784763$ & $1$ & $0.0308378$ & $0.0318899$ & $0.0308066$ & $0.0153676$ & $0.733445$ & $0.865019$ & $-0.0392971$ & $-0.022185$ & $0.00701562$ & $0.027636$ & $0.116604$ & $0.0732494$ & $-0.138157$ & $0.124579$ & $-0.359558$ & $-0.0327264$ & $-0.0251046$ & $-0.0136185$ & $0.0182119$ & $0.0181507$ & $-0.00546297$ & $0.00510052$ & $0.00287439$ & $0.00992934$ & $-0.0309709$ & $-0.00939316$ & $0.00887114$ & $-0.027639$ & $0.00951377$ & $-0.0271705$ \\
CHe_11 & $0.0177188$ & $-0.0209464$ & $0.00366697$ & $0.0274936$ & $-0.0221674$ & $-0.124744$ & $-0.101889$ & $0.857319$ & $0.846772$ & $-0.47341$ & $-0.994796$ & $0.00380813$ & $0.110775$ & $0.693346$ & $0.616999$ & $0.617138$ & $0.27551$ & $0.0431089$ & $0.0308378$ & $1$ & $0.985069$ & $0.973811$ & $-0.0487001$ & $-0.167069$ & $0.0890129$ & $-0.677069$ & $0.21609$ & $0.436101$ & $0.0237257$ & $0.0979806$ & $0.0550979$ & $-0.119432$ & $0.109745$ & $0.254844$ & $-0.0595042$ & $0.0516514$ & $0.017859$ & $-0.012159$ & $0.0127753$ & $-0.0127465$ & $-0.00208799$ & $-0.0018176$ & $0.0105032$ & $-0.0164669$ & $0.0227149$ & $0.011304$ & $-0.0418746$ & $0.0066776$ & $0.0206341$ \\
CHe_22 & $0.0179372$ & $-0.0265573$ & $0.00410612$ & $0.0275566$ & $-0.0193055$ & $-0.128455$ & $-0.103635$ & $0.886335$ & $0.874937$ & $-0.492408$ & $-0.995123$ & $5.43909e-05$ & $0.114024$ & $0.658234$ & $0.518166$ & $0.521544$ & $0.243888$ & $0.043546$ & $0.0318899$ & $0.985069$ & $1$ & $0.986367$ & $-0.0101156$ & $-0.239499$ & $0.0781559$ & $-0.681987$ & $0.331892$ & $0.444349$ & $0.0222736$ & $0.0991432$ & $0.0541589$ & $-0.121668$ & $0.111399$ & $0.377525$ & $-0.0608265$ & $0.0454392$ & $0.020392$ & $-0.014292$ & $0.0110178$ & $-0.0129167$ & $-0.00408159$ & $-0.00129816$ & $0.00721135$ & $-0.0217206$ & $0.0249675$ & $0.0136729$ & $-0.0410604$ & $0.00486191$ & $0.0222752$ \\
CHe_33 & $0.0179799$ & $-0.023962$ & $0.000396855$ & $0.0257155$ & $-0.0198745$ & $-0.130812$ & $-0.105079$ & $0.877866$ & $0.866836$ & $-0.486415$ & $-0.983486$ & $0.00282761$ & $0.113782$ & $0.646021$ & $0.51109$ & $0.530534$ & $0.238374$ & $0.0412779$ & $0.0308066$ & $0.973811$ & $0.986367$ & $1$ & $-0.0086105$ & $-0.239923$ & $0.0756728$ & $-0.67359$ & $0.331283$ & $0.440132$ & $0.0206926$ & $0.0987969$ & $0.0553981$ & $-0.122892$ & $0.111072$ & $0.378547$ & $-0.0615776$ & $0.0470923$ & $0.0211053$ & $-0.0160707$ & $0.011402$ & $-0.00997142$ & $-0.00103313$ & $0.00214919$ & $0.0117147$ & $-0.0196639$ & $0.0287715$ & $0.0137546$ & $-0.0404755$ & $0.0061506$ & $0.0222442$ \\
CHQ1_11 & $0.00796891$ & $-0.0154495$ & $0.00456999$ & $-0.0200438$ & $-0.019868$ & $-0.0302002$ & $-0.00922434$ & $0.0120974$ & $0.0136382$ & $-0.0149996$ & $0.0305418$ & $0.00565171$ & $0.019957$ & $-0.0779841$ & $-0.182658$ & $-0.170035$ & $-0.0478956$ & $0.0185281$ & $0.0153676$ & $-0.0487001$ & $-0.0101156$ & $-0.0086105$ & $1$ & $-0.091485$ & $0.0757726$ & $-0.565045$ & $0.340258$ & $0.00615477$ & $8.17613e-05$ & $0.0102971$ & $0.0195357$ & $-0.00956835$ & $0.0117253$ & $0.186108$ & $0.0240099$ & $-0.00229667$ & $0.013003$ & $-0.00981466$ & $0.00634887$ & $0.00968626$ & $-0.000320524$ & $-0.0082253$ & $-0.0067125$ & $0.00290807$ & $0.000277112$ & $0.00230153$ & $0.0100697$ & $-0.0224442$ & $0.0219434$ \\
CHQ1_33 & $-0.0297684$ & $0.0303696$ & $0.00366243$ & $-0.00208577$ & $-0.00398082$ & $-0.143491$ & $-0.0926962$ & $-0.615555$ & $-0.610007$ & $0.361437$ & $0.199625$ & $0.101154$ & $0.100238$ & $0.432483$ & $0.0482687$ & $0.0281362$ & $0.752727$ & $0.731777$ & $0.733445$ & $-0.167069$ & $-0.239499$ & $-0.239923$ & $-0.091485$ & $1$ & $0.746756$ & $0.136872$ & $-0.378169$ & $-0.0526951$ & $0.00863413$ & $0.085508$ & $0.0531774$ & $-0.0923009$ & $0.0867384$ & $-0.604076$ & $-0.00467392$ & $-0.00885969$ & $-0.0375761$ & $0.0201941$ & $-0.0103861$ & $0.00244618$ & $0.00398913$ & $0.00277403$ & $0.00871635$ & $-0.00505527$ & $-0.0156214$ & $-0.00966859$ & $-0.0135245$ & $-0.000217804$ & $-0.0314621$ \\
CHQ3_11 & $-0.0554223$ & $-0.00557297$ & $-0.00722267$ & $0.00130654$ & $0.00280978$ & $-0.222266$ & $-0.131142$ & $-0.348708$ & $-0.348353$ & $0.208582$ & $-0.0865999$ & $0.0958233$ & $0.145093$ & $0.598797$ & $-0.0555354$ & $-0.0682258$ & $0.855485$ & $0.864802$ & $0.865019$ & $0.0890129$ & $0.0781559$ & $0.0756728$ & $0.0757726$ & $0.746756$ & $1$ & $-0.0671104$ & $0.150756$ & $0.0244667$ & $0.024179$ & $0.114356$ & $0.0727731$ & $-0.141557$ & $0.123426$ & $-0.236933$ & $-0.0243485$ & $-0.016495$ & $-0.0162434$ & $0.00723636$ & $0.0026088$ & $-0.0116504$ & $0.0159717$ & $0.00784759$ & $0.0109672$ & $-0.0209948$ & $-0.00425226$ & $0.0247399$ & $-0.0343523$ & $-0.00134614$ & $-0.0152633$ \\
CHu_11 & $-0.0459491$ & $0.00219501$ & $0.0024003$ & $-0.00229047$ & $0.0374137$ & $0.109868$ & $0.0898304$ & $-0.593815$ & $-0.587633$ & $0.330343$ & $0.681972$ & $-0.0176109$ & $-0.101456$ & $-0.463606$ & $-0.368838$ & $-0.368798$ & $-0.192064$ & $-0.0469357$ & $-0.0392971$ & $-0.677069$ & $-0.681987$ & $-0.67359$ & $-0.565045$ & $0.136872$ & $-0.0671104$ & $1$ & $-0.180444$ & $-0.30318$ & $-0.0143929$ & $-0.0816452$ & $-0.0663689$ & $0.101435$ & $-0.0912964$ & $-0.237325$ & $0.0362646$ & $-0.0476618$ & $-0.0190326$ & $0.0182066$ & $-0.0287297$ & $-0.00401294$ & $0.00368924$ & $0.00603751$ & $-0.0139117$ & $0.00275311$ & $-0.00951333$ & $-0.0128831$ & $0.0068397$ & $0.0139316$ & $-0.0208622$ \\
CHd_11 & $-0.0130542$ & $-0.059786$ & $0.00716468$ & $-0.000583931$ & $-9.97626e-05$ & $-0.0545423$ & $-0.0161905$ & $0.393182$ & $0.387929$ & $-0.232349$ & $-0.271083$ & $-0.0311192$ & $0.0228823$ & $-0.0273498$ & $-0.306452$ & $-0.286794$ & $-0.127368$ & $-0.0221084$ & $-0.022185$ & $0.21609$ & $0.331892$ & $0.331283$ & $0.340258$ & $-0.378169$ & $0.150756$ & $-0.180444$ & $1$ & $0.153209$ & $-0.0026803$ & $0.0181352$ & $-0.00192001$ & $-0.0237777$ & $0.0150887$ & $0.6715$ & $-0.00588225$ & $-0.0217369$ & $0.025406$ & $-0.0121837$ & $-0.0139677$ & $-0.0202024$ & $0.0102536$ & $-0.00631215$ & $-0.00806243$ & $-0.0168973$ & $0.0238596$ & $0.0343007$ & $-0.0222297$ & $-0.0190702$ & $0.0144448$ \\
CHd_33 & $0.0431854$ & $0.00726983$ & $0.0181481$ & $0.01071$ & $0.0100484$ & $-0.0640123$ & $-0.0251033$ & $0.400866$ & $0.398294$ & $-0.218745$ & $-0.441285$ & $-0.00528695$ & $0.0447531$ & $0.281947$ & $0.221367$ & $0.216888$ & $0.0931997$ & $0.00888819$ & $0.00701562$ & $0.436101$ & $0.444349$ & $0.440132$ & $0.00615477$ & $-0.0526951$ & $0.0244667$ & $-0.30318$ & $0.153209$ & $1$ & $0.0029098$ & $0.0401123$ & $0.024161$ & $-0.0332301$ & $0.0405257$ & $0.182722$ & $-0.0215595$ & $0.0075697$ & $-0.0159806$ & $-0.0259003$ & $-0.0119893$ & $-0.00399635$ & $-0.00566822$ & $-0.0163951$ & $0.0116939$ & $-0.00575259$ & $0.0357661$ & $-0.00764407$ & $-0.00316643$ & $0.0174889$ & $-0.00622525$ \\
CeH_22r & $-0.0235091$ & $-0.0177$ & $0.00833806$ & $0.018269$ & $0.0086201$ & $0.0142143$ & $-0.141092$ & $0.00972635$ & $0.0174568$ & $-0.0327085$ & $-0.023643$ & $0.188895$ & $0.196665$ & $0.0388305$ & $0.0176657$ & $0.00527513$ & $0.0201441$ & $0.0196447$ & $0.027636$ & $0.0237257$ & $0.0222736$ & $0.0206926$ & $8.17613e-05$ & $0.00863413$ & $0.024179$ & $-0.0143929$ & $-0.0026803$ & $0.0029098$ & $1$ & $0.162761$ & $0.0759034$ & $-0.137714$ & $0.164145$ & $-0.0129692$ & $-0.0100794$ & $0.00896738$ & $0.00829868$ & $-0.00304125$ & $0.000626423$ & $-0.00869574$ & $-0.000840429$ & $0.0168443$ & $0.0388853$ & $-0.0130008$ & $-0.00792635$ & $-0.00274401$ & $-0.0306246$ & $0.00311236$ & $-0.00297644$ \\
CeH_33r & $0.0115225$ & $0.0305705$ & $-0.0169678$ & $0.0689185$ & $0.00470091$ & $-0.0440799$ & $-0.57408$ & $0.0318118$ & $0.0552005$ & $-0.211235$ & $-0.0995843$ & $0.696429$ & $0.720258$ & $0.142076$ & $0.0349545$ & $0.0381068$ & $0.132137$ & $0.119629$ & $0.116604$ & $0.0979806$ & $0.0991432$ & $0.0987969$ & $0.0102971$ & $0.085508$ & $0.114356$ & $-0.0816452$ & $0.0181352$ & $0.0401123$ & $0.162761$ & $1$ & $0.488515$ & $-0.439965$ & $0.831155$ & $0.00348774$ & $-0.0144945$ & $0.0731296$ & $-0.0799892$ & $-0.00702961$ & $0.0100935$ & $0.0507091$ & $0.00760977$ & $-0.0045458$ & $0.0953206$ & $4.17461e-05$ & $0.0517588$ & $0.0379175$ & $-0.0593934$ & $0.00834801$ & $0.00849406$ \\
CuH_22r & $0.00153992$ & $0.00694498$ & $-0.0265184$ & $0.0104766$ & $-0.0088769$ & $-0.02931$ & $-0.329927$ & $0.0130881$ & $0.0316174$ & $-0.141353$ & $-0.0563904$ & $0.380624$ & $0.407082$ & $0.086328$ & $0.0301736$ & $0.0254408$ & $0.0834816$ & $0.0705596$ & $0.0732494$ & $0.0550979$ & $0.0541589$ & $0.0553981$ & $0.0195357$ & $0.0531774$ & $0.0727731$ & $-0.0663689$ & $-0.00192001$ & $0.024161$ & $0.0759034$ & $0.488515$ & $1$ & $-0.234992$ & $0.531205$ & $-0.0118014$ & $-0.0214822$ & $0.0268327$ & $-0.0974737$ & $-0.0160806$ & $0.0644712$ & $0.0281047$ & $0.0442974$ & $-0.000838574$ & $0.110186$ & $0.00198535$ & $0.0137036$ & $0.0738355$ & $0.268828$ & $0.0315226$ & $0.00606417$ \\
CuH_33r & $-0.0182244$ & $-0.00449473$ & $0.00254334$ & $-0.0692906$ & $-0.0103178$ & $0.0508537$ & $0.956671$ & $-0.0416854$ & $-0.0269538$ & $0.162284$ & $0.122755$ & $-0.611477$ & $-0.662509$ & $-0.169511$ & $-0.046602$ & $-0.0505523$ & $-0.162842$ & $-0.14221$ & $-0.138157$ & $-0.119432$ & $-0.121668$ & $-0.122892$ & $-0.00956835$ & $-0.0923009$ & $-0.141557$ & $0.101435$ & $-0.0237777$ & $-0.0332301$ & $-0.137714$ & $-0.439965$ & $-0.234992$ & $1$ & $-0.4268$ & $-0.00564852$ & $0.0235892$ & $-0.0649451$ & $0.00468541$ & $-0.0143095$ & $-0.00530301$ & $-0.0351091$ & $-0.0089817$ & $0.00952309$ & $-0.114034$ & $0.0362953$ & $0.0044541$ & $-0.0380635$ & $0.0621761$ & $-0.00559274$ & $0.0338551$ \\
CdH_33r & $-0.0537961$ & $0.00808386$ & $-0.0440252$ & $0.10129$ & $0.00813564$ & $-0.0569424$ & $-0.58091$ & $0.040029$ & $0.0628542$ & $-0.232004$ & $-0.111558$ & $0.703819$ & $0.732765$ & $0.155618$ & $0.0398938$ & $0.0418665$ & $0.14186$ & $0.127088$ & $0.124579$ & $0.109745$ & $0.111399$ & $0.111072$ & $0.0117253$ & $0.0867384$ & $0.123426$ & $-0.0912964$ & $0.0150887$ & $0.0405257$ & $0.164145$ & $0.831155$ & $0.531205$ & $-0.4268$ & $1$ & $0.00649828$ & $-0.00417824$ & $0.0650566$ & $-0.108729$ & $-0.0206046$ & $0.0489216$ & $0.0541936$ & $0.0325807$ & $-0.00468148$ & $0.0765299$ & $0.0335331$ & $0.0194856$ & $0.000393941$ & $-0.0337958$ & $0.123534$ & $0.288952$ \\
CLL_1221 & $-0.000759546$ & $-0.00139069$ & $0.00381958$ & $-0.0015707$ & $-0.0104863$ & $-0.0767261$ & $-0.0016515$ & $0.518727$ & $0.511316$ & $-0.2944$ & $-0.311147$ & $-0.0469992$ & $-0.000428254$ & $-0.164372$ & $-0.481632$ & $-0.0208817$ & $-0.24906$ & $-0.0515145$ & $-0.359558$ & $0.254844$ & $0.377525$ & $0.378547$ & $0.186108$ & $-0.604076$ & $-0.236933$ & $-0.237325$ & $0.6715$ & $0.182722$ & $-0.0129692$ & $0.00348774$ & $-0.0118014$ & $-0.00564852$ & $0.00649828$ & $1$ & $-0.00930579$ & $-0.00754953$ & $0.0142029$ & $-0.0264143$ & $-0.0128208$ & $-0.00405658$ & $-0.0100349$ & $0.00485565$ & $-0.0122092$ & $-0.00941743$ & $0.0192442$ & $0.0152321$ & $-0.00646537$ & $-0.0155391$ & $0.02138$ \\
eHggint & $-0.0874873$ & $-0.01835$ & $-0.0716257$ & $-7.7511e-07$ & $0.00216438$ & $0.0378617$ & $-0.0291881$ & $-0.0392474$ & $-0.0516686$ & $0.0480776$ & $0.0615419$ & $0.0545321$ & $0.0401247$ & $-0.0654993$ & $-0.0318386$ & $-0.0307275$ & $-0.0423213$ & $-0.0305876$ & $-0.0327264$ & $-0.0595042$ & $-0.0608265$ & $-0.0615776$ & $0.0240099$ & $-0.00467392$ & $-0.0243485$ & $0.0362646$ & $-0.00588225$ & $-0.0215595$ & $-0.0100794$ & $-0.0144945$ & $-0.0214822$ & $0.0235892$ & $-0.00417824$ & $-0.00930579$ & $1$ & $-0.0685707$ & $0.0242856$ & $0.00168486$ & $-0.0811051$ & $0.000614152$ & $-0.059028$ & $-0.0181552$ & $-0.0730207$ & $0.16287$ & $0.0492965$ & $0.00106585$ & $-0.0624556$ & $0.0561282$ & $-0.0331366$ \\
eHggpar & $-0.0551592$ & $-0.0682837$ & $-0.0995476$ & $0.0480566$ & $-0.0218531$ & $-0.0140481$ & $-0.0966573$ & $0.0493769$ & $0.0548751$ & $-0.0449024$ & $-0.0506191$ & $0.152173$ & $0.125159$ & $0.0284922$ & $0.0552209$ & $0.0584486$ & $-0.000434156$ & $-0.0205124$ & $-0.0251046$ & $0.0516514$ & $0.0454392$ & $0.0470923$ & $-0.00229667$ & $-0.00885969$ & $-0.016495$ & $-0.0476618$ & $-0.0217369$ & $0.0075697$ & $0.00896738$ & $0.0731296$ & $0.0268327$ & $-0.0649451$ & $0.0650566$ & $-0.00754953$ & $-0.0685707$ & $1$ & $0.0751814$ & $0.0169863$ & $-0.0572874$ & $-0.0155163$ & $0.147945$ & $0.0127432$ & $0.188433$ & $-0.0317905$ & $-0.0702958$ & $-0.0429202$ & $-0.0727751$ & $-0.0104546$ & $-0.0167727$ \\
eHWWint & $0.108256$ & $-0.148068$ & $0.0479024$ & $-0.0489048$ & $-0.0101869$ & $0.00488866$ & $0.0161625$ & $0.0317322$ & $0.0339775$ & $-0.0362034$ & $-0.0217755$ & $0.0314554$ & $0.0175736$ & $0.00849849$ & $0.0023491$ & $0.00221549$ & $-0.0210076$ & $-0.013993$ & $-0.0136185$ & $0.017859$ & $0.020392$ & $0.0211053$ & $0.013003$ & $-0.0375761$ & $-0.0162434$ & $-0.0190326$ & $0.025406$ & $-0.0159806$ & $0.00829868$ & $-0.0799892$ & $-0.0974737$ & $0.00468541$ & $-0.108729$ & $0.0142029$ & $0.0242856$ & $0.0751814$ & $1$ & $-0.0205776$ & $0.131461$ & $0.0154401$ & $0.0504816$ & $0.00349827$ & $0.143761$ & $-0.0106945$ & $-0.0512156$ & $0.0530184$ & $-0.10349$ & $0.0357185$ & $-0.048514$ \\
eHWWpar & $0.000517345$ & $-0.0109523$ & $-0.0146264$ & $-0.00100908$ & $0.0100447$ & $-0.0156447$ & $-0.00822718$ & $-0.0189742$ & $-0.0179662$ & $0.02593$ & $0.0133565$ & $0.00387934$ & $-0.00352107$ & $-0.00523532$ & $0.00910729$ & $-0.0192492$ & $0.0124193$ & $0.00122949$ & $0.0182119$ & $-0.012159$ & $-0.014292$ & $-0.0160707$ & $-0.00981466$ & $0.0201941$ & $0.00723636$ & $0.0182066$ & $-0.0121837$ & $-0.0259003$ & $-0.00304125$ & $-0.00702961$ & $-0.0160806$ & $-0.0143095$ & $-0.0206046$ & $-0.0264143$ & $0.00168486$ & $0.0169863$ & $-0.0205776$ & $1$ & $-0.0146669$ & $-0.0051278$ & $0.0165473$ & $0.0171557$ & $-0.00462284$ & $-0.0137645$ & $-0.0257038$ & $-0.0131228$ & $0.0227705$ & $-0.00125461$ & $-0.0522079$ \\
eHZZint & $0.201737$ & $-0.0385618$ & $-0.00886538$ & $-0.025616$ & $-0.00155026$ & $0.0236777$ & $-0.0125258$ & $0.00244595$ & $0.00216756$ & $-0.0433618$ & $-0.0132718$ & $0.0298444$ & $0.0344038$ & $0.0309185$ & $0.00744658$ & $0.00706647$ & $0.0100639$ & $0.018332$ & $0.0181507$ & $0.0127753$ & $0.0110178$ & $0.011402$ & $0.00634887$ & $-0.0103861$ & $0.0026088$ & $-0.0287297$ & $-0.0139677$ & $-0.0119893$ & $0.000626423$ & $0.0100935$ & $0.0644712$ & $-0.00530301$ & $0.0489216$ & $-0.0128208$ & $-0.0811051$ & $-0.0572874$ & $0.131461$ & $-0.0146669$ & $1$ & $0.0342344$ & $0.00481806$ & $0.000352773$ & $0.0498918$ & $0.0709357$ & $-0.0799683$ & $0.137842$ & $0.0822274$ & $0.0184582$ & $0.137344$ \\
eHZZpar & $0.0139498$ & $0.0423195$ & $-0.00127747$ & $0.00739863$ & $-0.0202323$ & $0.010327$ & $-0.0453877$ & $-0.0123517$ & $-0.011179$ & $0.000805677$ & $0.0130408$ & $0.0761169$ & $0.0637801$ & $-0.00508397$ & $-0.00907677$ & $0.00236126$ & $-0.00824002$ & $0.00110467$ & $-0.00546297$ & $-0.0127465$ & $-0.0129167$ & $-0.00997142$ & $0.00968626$ & $0.00244618$ & $-0.0116504$ & $-0.00401294$ & $-0.0202024$ & $-0.00399635$ & $-0.00869574$ & $0.0507091$ & $0.0281047$ & $-0.0351091$ & $0.0541936$ & $-0.00405658$ & $0.000614152$ & $-0.0155163$ & $0.0154401$ & $-0.0051278$ & $0.0342344$ & $1$ & $-0.00160718$ & $0.0104319$ & $-0.00593012$ & $0.0352917$ & $-0.00883378$ & $-0.000729833$ & $-0.0234387$ & $-0.0348292$ & $0.00973911$ \\
eHZgaint & $-0.0731704$ & $0.0308044$ & $-0.051295$ & $-0.0167126$ & $-0.0316034$ & $0.000264383$ & $-0.0127886$ & $-0.00473634$ & $0.00288025$ & $-0.0289798$ & $0.00326789$ & $0.00908769$ & $0.00336802$ & $0.00677162$ & $-0.000803594$ & $-0.00226553$ & $-0.0065729$ & $0.000733087$ & $0.00510052$ & $-0.00208799$ & $-0.00408159$ & $-0.00103313$ & $-0.000320524$ & $0.00398913$ & $0.0159717$ & $0.00368924$ & $0.0102536$ & $-0.00566822$ & $-0.000840429$ & $0.00760977$ & $0.0442974$ & $-0.0089817$ & $0.0325807$ & $-0.0100349$ & $-0.059028$ & $0.147945$ & $0.0504816$ & $0.0165473$ & $0.00481806$ & $-0.00160718$ & $1$ & $-0.00652937$ & $0.232053$ & $-0.00648471$ & $0.0724791$ & $-0.0410296$ & $0.0713988$ & $0.0774643$ & $0.0707047$ \\
eHZgapar & $-0.0255108$ & $-0.0055382$ & $-0.0277677$ & $0.00248477$ & $-0.00303144$ & $0.00952612$ & $0.0092578$ & $-0.0049446$ & $-0.00550708$ & $0.00585091$ & $0.00117759$ & $-0.0115886$ & $-0.0112166$ & $0.0124885$ & $-0.0153811$ & $0.011055$ & $0.000737309$ & $0.0174373$ & $0.00287439$ & $-0.0018176$ & $-0.00129816$ & $0.00214919$ & $-0.0082253$ & $0.00277403$ & $0.00784759$ & $0.00603751$ & $-0.00631215$ & $-0.0163951$ & $0.0168443$ & $-0.0045458$ & $-0.000838574$ & $0.00952309$ & $-0.00468148$ & $0.00485565$ & $-0.0181552$ & $0.0127432$ & $0.00349827$ & $0.0171557$ & $0.000352773$ & $0.0104319$ & $-0.00652937$ & $1$ & $-0.00260407$ & $-0.0130555$ & $-0.0164305$ & $-0.0222418$ & $0.0334294$ & $0.0165344$ & $-0.0306373$ \\
eHgagaint & $0.128134$ & $0.0444951$ & $-0.0648882$ & $0.0347712$ & $-0.032381$ & $0.0158508$ & $-0.121626$ & $-0.0022366$ & $0.0464039$ & $-0.0237372$ & $-0.0098294$ & $0.162311$ & $0.144611$ & $0.0226516$ & $0.0123187$ & $0.0227409$ & $0.0142912$ & $0.0153456$ & $0.00992934$ & $0.0105032$ & $0.00721135$ & $0.0117147$ & $-0.0067125$ & $0.00871635$ & $0.0109672$ & $-0.0139117$ & $-0.00806243$ & $0.0116939$ & $0.0388853$ & $0.0953206$ & $0.110186$ & $-0.114034$ & $0.0765299$ & $-0.0122092$ & $-0.0730207$ & $0.188433$ & $0.143761$ & $-0.00462284$ & $0.0498918$ & $-0.00593012$ & $0.232053$ & $-0.00260407$ & $1$ & $-0.109521$ & $0.0739912$ & $-0.0346005$ & $0.156083$ & $-0.0163792$ & $-0.0318724$ \\
eHmumuint & $0.0260167$ & $0.130829$ & $0.0324346$ & $0.0107281$ & $0.0155442$ & $0.014838$ & $0.0241859$ & $-0.0131136$ & $-0.0191351$ & $-0.0169296$ & $0.0217464$ & $0.00208446$ & $0.000733147$ & $-0.0304038$ & $0.00963122$ & $0.0158247$ & $-0.0166126$ & $-0.0255595$ & $-0.0309709$ & $-0.0164669$ & $-0.0217206$ & $-0.0196639$ & $0.00290807$ & $-0.00505527$ & $-0.0209948$ & $0.00275311$ & $-0.0168973$ & $-0.00575259$ & $-0.0130008$ & $4.17461e-05$ & $0.00198535$ & $0.0362953$ & $0.0335331$ & $-0.00941743$ & $0.16287$ & $-0.0317905$ & $-0.0106945$ & $-0.0137645$ & $0.0709357$ & $0.0352917$ & $-0.00648471$ & $-0.0130555$ & $-0.109521$ & $1$ & $0.0428487$ & $0.0369378$ & $-0.0483632$ & $0.0507747$ & $0.112018$ \\
eHtautauint & $-0.0745499$ & $0.0479306$ & $0.024539$ & $0.0563479$ & $0.00172848$ & $0.0365219$ & $-0.00148864$ & $0.0292561$ & $0.0338205$ & $0.0149364$ & $-0.0234374$ & $0.00650438$ & $0.000136848$ & $0.00675617$ & $0.0113774$ & $0.00521001$ & $-0.0111047$ & $-0.0148603$ & $-0.00939316$ & $0.0227149$ & $0.0249675$ & $0.0287715$ & $0.000277112$ & $-0.0156214$ & $-0.00425226$ & $-0.00951333$ & $0.0238596$ & $0.0357661$ & $-0.00792635$ & $0.0517588$ & $0.0137036$ & $0.0044541$ & $0.0194856$ & $0.0192442$ & $0.0492965$ & $-0.0702958$ & $-0.0512156$ & $-0.0257038$ & $-0.0799683$ & $-0.00883378$ & $0.0724791$ & $-0.0164305$ & $0.0739912$ & $0.0428487$ & $1$ & $0.0647521$ & $-0.0163619$ & $-0.055049$ & $0.0625712$ \\
eHccint & $-0.0266496$ & $-0.0871553$ & $-0.0143506$ & $-0.207046$ & $-0.0111341$ & $-0.00300117$ & $-0.0431405$ & $0.011909$ & $0.0100548$ & $-0.0256709$ & $-0.0125762$ & $0.0546667$ & $0.0584097$ & $0.0144998$ & $-0.0164632$ & $-0.00921399$ & $-0.00208566$ & $0.0148392$ & $0.00887114$ & $0.011304$ & $0.0136729$ & $0.0137546$ & $0.00230153$ & $-0.00966859$ & $0.0247399$ & $-0.0128831$ & $0.0343007$ & $-0.00764407$ & $-0.00274401$ & $0.0379175$ & $0.0738355$ & $-0.0380635$ & $0.000393941$ & $0.0152321$ & $0.00106585$ & $-0.0429202$ & $0.0530184$ & $-0.0131228$ & $0.137842$ & $-0.000729833$ & $-0.0410296$ & $-0.0222418$ & $-0.0346005$ & $0.0369378$ & $0.0647521$ & $1$ & $-0.0516918$ & $-0.0413814$ & $-0.133103$ \\
eHccpar & $0.0544394$ & $0.0258824$ & $-0.0608149$ & $-0.0635498$ & $-0.0183369$ & $0.0137288$ & $0.0622585$ & $-0.0263$ & $-0.0208968$ & $0.0250788$ & $0.0409865$ & $-0.0971674$ & $-0.10469$ & $-0.0501702$ & $-0.0157617$ & $-0.0105672$ & $-0.0269947$ & $-0.0280891$ & $-0.027639$ & $-0.0418746$ & $-0.0410604$ & $-0.0404755$ & $0.0100697$ & $-0.0135245$ & $-0.0343523$ & $0.0068397$ & $-0.0222297$ & $-0.00316643$ & $-0.0306246$ & $-0.0593934$ & $0.268828$ & $0.0621761$ & $-0.0337958$ & $-0.00646537$ & $-0.0624556$ & $-0.0727751$ & $-0.10349$ & $0.0227705$ & $0.0822274$ & $-0.0234387$ & $0.0713988$ & $0.0334294$ & $0.156083$ & $-0.0483632$ & $-0.0163619$ & $-0.0516918$ & $1$ & $0.0456563$ & $0.020948$ \\
eHbbint & $-0.00633342$ & $-0.0652855$ & $-0.100241$ & $0.0190534$ & $0.0142442$ & $-0.0213008$ & $-0.0147594$ & $0.00355111$ & $0.00262045$ & $-0.0096729$ & $-0.00756381$ & $0.0331507$ & $0.0229524$ & $0.00677475$ & $0.0193484$ & $0.0013592$ & $0.0100916$ & $-0.00200226$ & $0.00951377$ & $0.0066776$ & $0.00486191$ & $0.0061506$ & $-0.0224442$ & $-0.000217804$ & $-0.00134614$ & $0.0139316$ & $-0.0190702$ & $0.0174889$ & $0.00311236$ & $0.00834801$ & $0.0315226$ & $-0.00559274$ & $0.123534$ & $-0.0155391$ & $0.0561282$ & $-0.0104546$ & $0.0357185$ & $-0.00125461$ & $0.0184582$ & $-0.0348292$ & $0.0774643$ & $0.0165344$ & $-0.0163792$ & $0.0507747$ & $-0.055049$ & $-0.0413814$ & $0.0456563$ & $1$ & $0.0507649$ \\
eHbbpar & $-0.159669$ & $-0.0615946$ & $-0.00109913$ & $0.0933894$ & $0.0178979$ & $-0.00955349$ & $0.0232451$ & $0.0353642$ & $0.0309543$ & $-0.0195802$ & $-0.020685$ & $-0.016055$ & $-0.00213709$ & $-0.00563614$ & $0.00766362$ & $0.0132215$ & $-0.0228861$ & $-0.0263795$ & $-0.0271705$ & $0.0206341$ & $0.0222752$ & $0.0222442$ & $0.0219434$ & $-0.0314621$ & $-0.0152633$ & $-0.0208622$ & $0.0144448$ & $-0.00622525$ & $-0.00297644$ & $0.00849406$ & $0.00606417$ & $0.0338551$ & $0.288952$ & $0.02138$ & $-0.0331366$ & $-0.0167727$ & $-0.048514$ & $-0.0522079$ & $0.137344$ & $0.00973911$ & $0.0707047$ & $-0.0306373$ & $-0.0318724$ & $0.112018$ & $0.0625712$ & $-0.133103$ & $0.020948$ & $0.0507649$ & $1$ \\
