 & AlsMz & dAle5Mz & mtop & mHl & Mz & CW & CHG & CHWB & CHWHB_gaga & CHWHB_gagaorth & CHD & CHbox & CH & CHL1_11 & CHL1_22 & CHL1_33 & CHL3_11 & CHL3_22 & CHL3_33 & CHe_11 & CHe_22 & CHe_33 & CHQ1_11 & CHQ1_33 & CHQ3_11 & CHu_11 & CHd_11 & CHd_33 & CeH_22r & CeH_33r & CuH_22r & CuH_33r & CdH_33r & CLL_1221 & eHggint & eHggpar & eHWWint & eHWWpar & eHZZint & eHZZpar & eHZgaint & eHZgapar & eHgagaint & eHmumuint & eHtautauint & eHccint & eHccpar & eHbbint & eHbbpar \\
AlsMz & $1$ & $-0.271425$ & $0.123349$ & $-0.0883872$ & $0.00233966$ & $-0.0354809$ & $-0.00109819$ & $0.0597114$ & $0.0667771$ & $-0.0265257$ & $-0.0650494$ & $0.00311191$ & $0.0371113$ & $0.0212528$ & $-0.0509648$ & $-0.0168412$ & $0.0184376$ & $0.0362264$ & $0.0106454$ & $0.049203$ & $0.066261$ & $0.0615858$ & $0.0416248$ & $-0.0401093$ & $-0.0304821$ & $-0.0865097$ & $0.0868696$ & $0.0484566$ & $-0.0194381$ & $0.0511671$ & $0.0790569$ & $0.00896713$ & $0.0879729$ & $0.0866723$ & $0.0219036$ & $0.0130078$ & $-0.206616$ & $-0.100203$ & $0.0264616$ & $0.00495081$ & $0.292236$ & $-0.00750059$ & $0.165229$ & $0.10727$ & $0.223707$ & $-0.144035$ & $0.212254$ & $-0.239002$ & $0.126264$ \\
dAle5Mz & $-0.271425$ & $1$ & $-0.140276$ & $0.230464$ & $0.00976076$ & $0.0620574$ & $0.017085$ & $-0.129631$ & $-0.133927$ & $0.0338746$ & $0.115247$ & $-0.0289574$ & $-0.0384245$ & $-0.0189828$ & $-0.0468753$ & $-0.0468271$ & $0.0162196$ & $0.0480456$ & $0.0421454$ & $-0.0973088$ & $-0.101778$ & $-0.106531$ & $-0.00127836$ & $0.0575357$ & $0.0309585$ & $0.0567786$ & $-0.0753028$ & $-0.0800105$ & $-0.00769324$ & $-0.00835802$ & $0.0160477$ & $0.00692844$ & $-0.0195188$ & $-0.0373489$ & $0.049542$ & $-0.0418755$ & $0.0299658$ & $0.0463501$ & $0.0343931$ & $-0.0131955$ & $0.221571$ & $0.0270519$ & $-0.185828$ & $0.140257$ & $-0.0954188$ & $0.126216$ & $0.0480194$ & $0.451888$ & $-0.0852638$ \\
mtop & $0.123349$ & $-0.140276$ & $1$ & $-0.0612882$ & $0.0272427$ & $-0.035828$ & $0.0681989$ & $0.0424759$ & $0.0457463$ & $-0.0201864$ & $-0.0409807$ & $-0.0120937$ & $-0.00770786$ & $0.0173109$ & $0.00250471$ & $-0.00577222$ & $0.0124661$ & $0.00293213$ & $0.00679275$ & $0.0414634$ & $0.0472001$ & $0.041872$ & $-0.0147973$ & $-0.0123225$ & $1.37242e-05$ & $-0.0206724$ & $0.0345325$ & $0.0136056$ & $-0.0217116$ & $-0.0322366$ & $-0.0624405$ & $0.0872094$ & $0.0528227$ & $0.0313429$ & $0.215063$ & $0.00644336$ & $-0.0916505$ & $0.00544222$ & $-0.313775$ & $-0.0633578$ & $-0.0454238$ & $-0.0218617$ & $0.159548$ & $-0.107941$ & $-0.0174399$ & $0.236125$ & $-0.343018$ & $0.0013821$ & $0.182753$ \\
mHl & $-0.0883872$ & $0.230464$ & $-0.0612882$ & $1$ & $-0.0198336$ & $-0.0378343$ & $-0.0171218$ & $0.0114964$ & $0.014013$ & $-0.0275202$ & $-0.00629645$ & $-0.0418463$ & $0.000838688$ & $-0.0200377$ & $-0.029123$ & $0.00122712$ & $0.00880815$ & $0.00667929$ & $-0.0170306$ & $0.00313802$ & $0.013341$ & $0.0153077$ & $-0.0230024$ & $-0.0111715$ & $-0.00334275$ & $0.0296002$ & $0.0349439$ & $-0.0352427$ & $-0.00638303$ & $0.0147266$ & $-0.0592986$ & $-0.0267587$ & $0.0478888$ & $0.0549087$ & $-0.158579$ & $-0.0941539$ & $0.0918365$ & $0.0875067$ & $0.400567$ & $0.000956518$ & $-0.0519334$ & $-0.0909227$ & $-0.0710519$ & $0.0359676$ & $0.119562$ & $-0.143111$ & $-0.227971$ & $0.165459$ & $0.156487$ \\
Mz & $0.00233966$ & $0.00976076$ & $0.0272427$ & $-0.0198336$ & $1$ & $-0.0210293$ & $-0.00461054$ & $0.0439285$ & $0.0371633$ & $-0.0222865$ & $-0.0486747$ & $-0.0528673$ & $-0.00795897$ & $0.0386972$ & $0.0360389$ & $0.0293682$ & $0.021203$ & $-0.00518562$ & $0.0042404$ & $0.0570114$ & $0.0562926$ & $0.0566325$ & $0.0116448$ & $-0.00160672$ & $0.0201724$ & $-0.033986$ & $0.0356851$ & $0.0375631$ & $-0.0192297$ & $-0.0390592$ & $-0.00700466$ & $-0.0160382$ & $-0.0673722$ & $0.00303014$ & $0.03002$ & $-0.01221$ & $0.0787666$ & $0.042911$ & $-0.0888711$ & $0.0275935$ & $0.0189058$ & $-0.0174884$ & $-0.026689$ & $0.0327939$ & $0.0483559$ & $0.00908062$ & $-0.0501673$ & $0.0424013$ & $-0.0175564$ \\
CW & $-0.0354809$ & $0.0620574$ & $-0.035828$ & $-0.0378343$ & $-0.0210293$ & $1$ & $0.0858399$ & $-0.168491$ & $-0.1617$ & $0.0440026$ & $0.221574$ & $0.05626$ & $0.00265883$ & $0.0264952$ & $-0.0987185$ & $-0.0824892$ & $-0.256013$ & $-0.0210004$ & $-0.0286465$ & $-0.214711$ & $-0.226283$ & $-0.226371$ & $-0.0518302$ & $0.0452366$ & $-0.0599188$ & $0.162842$ & $-0.0964641$ & $-0.0892481$ & $0.0144435$ & $-0.00106913$ & $-0.00834497$ & $0.0883072$ & $-0.0147983$ & $-0.148286$ & $-0.0275741$ & $-0.0129372$ & $-0.0113637$ & $0.0062424$ & $-0.0265111$ & $-0.0132842$ & $-0.0333562$ & $0.0130213$ & $-0.0437476$ & $-0.0282072$ & $-0.0262476$ & $0.0121558$ & $0.00988929$ & $0.0292339$ & $-0.112484$ \\
CHG & $-0.00109819$ & $0.017085$ & $0.0681989$ & $-0.0171218$ & $-0.00461054$ & $0.0858399$ & $1$ & $-0.153651$ & $-0.098896$ & $0.112244$ & $0.104267$ & $-0.164334$ & $-0.318565$ & $0.0699426$ & $-0.0152872$ & $-0.00358966$ & $0.0809068$ & $0.11177$ & $0.0963093$ & $-0.0953919$ & $-0.113392$ & $-0.110929$ & $-0.0466373$ & $0.15938$ & $0.0924065$ & $0.0599668$ & $-0.127109$ & $0.0135055$ & $-0.0175726$ & $-0.137709$ & $-0.0921421$ & $0.938494$ & $-0.154849$ & $-0.121405$ & $-0.00161446$ & $-0.0298759$ & $-0.0263576$ & $0.0485522$ & $-0.00556862$ & $-0.00789402$ & $0.0145873$ & $-0.0234151$ & $0.0359035$ & $0.0307433$ & $-0.0728526$ & $-0.0159792$ & $-0.0500775$ & $0.0387044$ & $0.018998$ \\
CHWB & $0.0597114$ & $-0.129631$ & $0.0424759$ & $0.0114964$ & $0.0439285$ & $-0.168491$ & $-0.153651$ & $1$ & $0.984518$ & $-0.597508$ & $-0.882065$ & $-0.0356391$ & $0.36658$ & $0.0708375$ & $0.328416$ & $0.320867$ & $-0.258382$ & $-0.470754$ & $-0.461569$ & $0.853522$ & $0.898006$ & $0.880934$ & $0.0489975$ & $-0.686845$ & $-0.464814$ & $-0.515926$ & $0.41742$ & $0.282082$ & $0.010999$ & $0.0948548$ & $0.0545867$ & $-0.14962$ & $0.118608$ & $0.55699$ & $0.0384676$ & $-0.0352309$ & $-0.0240869$ & $-0.000911629$ & $-0.102056$ & $-0.0271403$ & $0.0151461$ & $0.00848694$ & $0.100983$ & $0.0664095$ & $0.0207158$ & $-0.00222224$ & $0.00411294$ & $-0.0423808$ & $0.0284425$ \\
CHWHB_gaga & $0.0667771$ & $-0.133927$ & $0.0457463$ & $0.014013$ & $0.0371633$ & $-0.1617$ & $-0.098896$ & $0.984518$ & $1$ & $-0.586026$ & $-0.865781$ & $-0.0182557$ & $0.358625$ & $0.0638665$ & $0.323831$ & $0.322418$ & $-0.260695$ & $-0.467946$ & $-0.463753$ & $0.83831$ & $0.881$ & $0.864215$ & $0.0482301$ & $-0.678433$ & $-0.465516$ & $-0.509116$ & $0.404457$ & $0.278183$ & $0.0126473$ & $0.120109$ & $0.0699028$ & $-0.101419$ & $0.151173$ & $0.547823$ & $0.0265548$ & $-0.0355024$ & $-0.04775$ & $-0.00490021$ & $-0.0909985$ & $-0.0243651$ & $0.0309746$ & $0.00915321$ & $0.140024$ & $0.0844893$ & $0.0112761$ & $-0.0211804$ & $0.017923$ & $-0.0587106$ & $0.0500542$ \\
CHWHB_gagaorth & $-0.0265257$ & $0.0338746$ & $-0.0201864$ & $-0.0275202$ & $-0.0222865$ & $0.0440026$ & $0.112244$ & $-0.597508$ & $-0.586026$ & $1$ & $0.389108$ & $0.365543$ & $-0.282242$ & $0.226192$ & $-0.152373$ & $-0.154242$ & $0.440774$ & $0.507492$ & $0.496832$ & $-0.37545$ & $-0.403945$ & $-0.402971$ & $-0.0172818$ & $0.559751$ & $0.510015$ & $0.220114$ & $-0.253319$ & $-0.132111$ & $-0.0332227$ & $-0.114504$ & $-0.066734$ & $0.123594$ & $-0.14971$ & $-0.358627$ & $-0.00606345$ & $0.0476509$ & $0.0348924$ & $-0.00843813$ & $0.0702301$ & $0.0347769$ & $-0.0329049$ & $-0.0197915$ & $-0.0638994$ & $-0.0772007$ & $0.0389177$ & $0.0298933$ & $-0.0134178$ & $0.0184195$ & $-0.0191445$ \\
CHD & $-0.0650494$ & $0.115247$ & $-0.0409807$ & $-0.00629645$ & $-0.0486747$ & $0.221574$ & $0.104267$ & $-0.882065$ & $-0.865781$ & $0.389108$ & $1$ & $0.163532$ & $-0.183749$ & $-0.484541$ & $-0.449542$ & $-0.422379$ & $-0.191582$ & $0.113702$ & $0.102576$ & $-0.990178$ & $-0.991553$ & $-0.968421$ & $-0.000333328$ & $0.335168$ & $0.0768763$ & $0.564891$ & $-0.287085$ & $-0.313177$ & $0.0007583$ & $-0.0463733$ & $-0.0401684$ & $0.110908$ & $-0.0683948$ & $-0.359046$ & $-0.0171783$ & $-0.00111722$ & $0.016007$ & $-0.00111126$ & $0.0589774$ & $-0.00747512$ & $-0.016531$ & $0.0076974$ & $-0.100172$ & $-0.0363439$ & $-0.0186692$ & $-0.00437616$ & $0.00819209$ & $0.04298$ & $-0.0547495$ \\
CHbox & $0.00311191$ & $-0.0289574$ & $-0.0120937$ & $-0.0418463$ & $-0.0528673$ & $0.05626$ & $-0.164334$ & $-0.0356391$ & $-0.0182557$ & $0.365543$ & $0.163532$ & $1$ & $0.558612$ & $-0.290211$ & $-0.0271428$ & $0.0235931$ & $-0.264247$ & $-0.212074$ & $-0.243288$ & $-0.146924$ & $-0.165004$ & $-0.161266$ & $0.0162608$ & $-0.116387$ & $-0.236848$ & $0.0622835$ & $-0.0750706$ & $-0.0668171$ & $0.0285106$ & $0.337433$ & $0.102956$ & $-0.0773731$ & $0.400537$ & $-0.0132994$ & $0.0363754$ & $-0.00739042$ & $0.00654475$ & $-0.0449351$ & $0.000832533$ & $-0.0129315$ & $-0.0116318$ & $0.00739372$ & $-0.0208175$ & $-0.00451406$ & $0.012455$ & $0.00510294$ & $0.0270649$ & $-0.0178569$ & $0.00481084$ \\
CH & $0.0371113$ & $-0.0384245$ & $-0.00770786$ & $0.000838688$ & $-0.00795897$ & $0.00265883$ & $-0.318565$ & $0.36658$ & $0.358625$ & $-0.282242$ & $-0.183749$ & $0.558612$ & $1$ & $-0.260019$ & $0.0578273$ & $0.0818305$ & $-0.375636$ & $-0.388572$ & $-0.393944$ & $0.177673$ & $0.197427$ & $0.197703$ & $0.0328251$ & $-0.410159$ & $-0.399274$ & $-0.128896$ & $0.166721$ & $0.0457834$ & $0.0486211$ & $0.286543$ & $0.137442$ & $-0.268824$ & $0.364677$ & $0.249867$ & $-0.00803403$ & $-0.0301524$ & $-0.0181955$ & $-0.0221827$ & $-0.0410248$ & $-0.022029$ & $0.0441098$ & $0.0185559$ & $0.0446422$ & $0.0742702$ & $0.00565342$ & $-0.0558055$ & $0.0605285$ & $-0.00648322$ & $0.0351885$ \\
CHL1_11 & $0.0212528$ & $-0.0189828$ & $0.0173109$ & $-0.0200377$ & $0.0386972$ & $0.0264952$ & $0.0699426$ & $0.0708375$ & $0.0638665$ & $0.226192$ & $-0.484541$ & $-0.290211$ & $-0.260019$ & $1$ & $0.262529$ & $0.221517$ & $0.657854$ & $0.592533$ & $0.600123$ & $0.502622$ & $0.44836$ & $0.431764$ & $-0.0805549$ & $0.465282$ & $0.620423$ & $-0.239197$ & $-0.0973637$ & $0.143733$ & $-0.0131453$ & $-0.0769269$ & $-0.02342$ & $0.046967$ & $-0.0797171$ & $-0.233954$ & $-0.0313587$ & $0.0566976$ & $0.0190441$ & $0.0181278$ & $0.0306386$ & $0.0562454$ & $-0.00465295$ & $-0.0336272$ & $0.0148455$ & $-0.0445235$ & $-0.00386017$ & $0.0139384$ & $-0.020527$ & $0.00558967$ & $0.0280725$ \\
CHL1_22 & $-0.0509648$ & $-0.0468753$ & $0.00250471$ & $-0.029123$ & $0.0360389$ & $-0.0987185$ & $-0.0152872$ & $0.328416$ & $0.323831$ & $-0.152373$ & $-0.449542$ & $-0.0271428$ & $0.0578273$ & $0.262529$ & $1$ & $0.424576$ & $0.16652$ & $-0.464065$ & $-0.0344912$ & $0.512747$ & $0.369967$ & $0.359855$ & $-0.135611$ & $0.077278$ & $-0.100189$ & $-0.212131$ & $-0.34682$ & $0.0935768$ & $0.00957726$ & $0.00866371$ & $0.0255648$ & $-0.0198363$ & $0.0357683$ & $-0.572219$ & $-0.0142174$ & $0.0372862$ & $-0.00757346$ & $-0.0365556$ & $0.0628607$ & $0.0494246$ & $-0.0252512$ & $-0.00806677$ & $0.039956$ & $-0.0445644$ & $0.00380872$ & $-0.0127871$ & $0.022343$ & $-0.0574628$ & $0.0872326$ \\
CHL1_33 & $-0.0168412$ & $-0.0468271$ & $-0.00577222$ & $0.00122712$ & $0.0293682$ & $-0.0824892$ & $-0.00358966$ & $0.320867$ & $0.322418$ & $-0.154242$ & $-0.422379$ & $0.0235931$ & $0.0818305$ & $0.221517$ & $0.424576$ & $1$ & $0.12347$ & $-0.0581012$ & $-0.475807$ & $0.486918$ & $0.345028$ & $0.360696$ & $-0.138525$ & $0.063338$ & $-0.14329$ & $-0.204629$ & $-0.363793$ & $0.0842082$ & $-0.00607933$ & $0.0707242$ & $0.0632616$ & $0.00371659$ & $0.0940032$ & $-0.0577474$ & $0.0351998$ & $-0.00655125$ & $-0.00658253$ & $-0.039927$ & $0.0684557$ & $0.0101589$ & $-0.022166$ & $-0.0253148$ & $0.0515428$ & $-0.0496868$ & $-0.054779$ & $0.00822866$ & $0.00100112$ & $-0.0673292$ & $0.109608$ \\
CHL3_11 & $0.0184376$ & $0.0162196$ & $0.0124661$ & $0.00880815$ & $0.021203$ & $-0.256013$ & $0.0809068$ & $-0.258382$ & $-0.260695$ & $0.440774$ & $-0.191582$ & $-0.264247$ & $-0.375636$ & $0.657854$ & $0.16652$ & $0.12347$ & $1$ & $0.723119$ & $0.731073$ & $0.214142$ & $0.160597$ & $0.148489$ & $-0.060387$ & $0.670682$ & $0.791595$ & $-0.0881775$ & $-0.179357$ & $0.0624327$ & $-0.0288513$ & $-0.098291$ & $-0.0309964$ & $0.0621565$ & $-0.104863$ & $-0.276114$ & $-0.0443133$ & $0.0732062$ & $0.0087701$ & $0.000250526$ & $0.0827802$ & $0.0624608$ & $0.00742379$ & $-0.0306205$ & $0.0132406$ & $-0.0494278$ & $0.0129895$ & $0.00982333$ & $-0.0416043$ & $-0.0160736$ & $0.0650463$ \\
CHL3_22 & $0.0362264$ & $0.0480456$ & $0.00293213$ & $0.00667929$ & $-0.00518562$ & $-0.0210004$ & $0.11177$ & $-0.470754$ & $-0.467946$ & $0.507492$ & $0.113702$ & $-0.212074$ & $-0.388572$ & $0.592533$ & $-0.464065$ & $-0.0581012$ & $0.723119$ & $1$ & $0.669993$ & $-0.114874$ & $-0.107521$ & $-0.109015$ & $-0.00831857$ & $0.627357$ & $0.793027$ & $0.0705462$ & $-0.0421568$ & $-0.0146044$ & $-0.0291456$ & $-0.0949551$ & $-0.0441019$ & $0.0958178$ & $-0.117959$ & $0.00973652$ & $-0.0270278$ & $0.0403513$ & $0.023223$ & $0.0286531$ & $0.0386056$ & $0.0292296$ & $0.0110423$ & $-0.027523$ & $-0.0301089$ & $-0.035067$ & $-0.0112826$ & $0.0221689$ & $-0.0438632$ & $0.0317117$ & $-0.00639166$ \\
CHL3_33 & $0.0106454$ & $0.0421454$ & $0.00679275$ & $-0.0170306$ & $0.0042404$ & $-0.0286465$ & $0.0963093$ & $-0.461569$ & $-0.463753$ & $0.496832$ & $0.102576$ & $-0.243288$ & $-0.393944$ & $0.600123$ & $-0.0344912$ & $-0.475807$ & $0.731073$ & $0.669993$ & $1$ & $-0.105619$ & $-0.0956625$ & $-0.0936635$ & $0.00480872$ & $0.620061$ & $0.808283$ & $0.0642922$ & $-0.0200031$ & $-0.011244$ & $-0.0202396$ & $-0.135708$ & $-0.0750222$ & $0.0729722$ & $-0.158824$ & $-0.375732$ & $-0.0628318$ & $0.0787735$ & $0.0186627$ & $0.0295555$ & $0.0390579$ & $0.0629876$ & $0.00402715$ & $-0.0120856$ & $-0.0391892$ & $-0.0364459$ & $0.0367311$ & $0.0087303$ & $-0.0286992$ & $0.0407973$ & $-0.0280344$ \\
CHe_11 & $0.049203$ & $-0.0973088$ & $0.0414634$ & $0.00313802$ & $0.0570114$ & $-0.214711$ & $-0.0953919$ & $0.853522$ & $0.83831$ & $-0.37545$ & $-0.990178$ & $-0.146924$ & $0.177673$ & $0.502622$ & $0.512747$ & $0.486918$ & $0.214142$ & $-0.114874$ & $-0.105619$ & $1$ & $0.97275$ & $0.950348$ & $-0.0218004$ & $-0.280777$ & $-0.0649175$ & $-0.555004$ & $0.210243$ & $0.30338$ & $-0.0013397$ & $0.0471201$ & $0.0414749$ & $-0.102522$ & $0.0709101$ & $0.279782$ & $0.0190188$ & $0.00273537$ & $-0.0132986$ & $0.000676912$ & $-0.0490375$ & $0.0134324$ & $0.0147443$ & $-0.00892701$ & $0.0943539$ & $0.0280304$ & $0.00957698$ & $0.00910306$ & $-0.00925824$ & $-0.0387568$ & $0.0622727$ \\
CHe_22 & $0.066261$ & $-0.101778$ & $0.0472001$ & $0.013341$ & $0.0562926$ & $-0.226283$ & $-0.113392$ & $0.898006$ & $0.881$ & $-0.403945$ & $-0.991553$ & $-0.165004$ & $0.197427$ & $0.44836$ & $0.369967$ & $0.345028$ & $0.160597$ & $-0.107521$ & $-0.0956625$ & $0.97275$ & $1$ & $0.973373$ & $0.0246472$ & $-0.388368$ & $-0.0885629$ & $-0.569335$ & $0.362284$ & $0.317928$ & $-0.00143047$ & $0.0478863$ & $0.0367674$ & $-0.119726$ & $0.0670754$ & $0.441182$ & $0.0209369$ & $-0.00191715$ & $-0.016395$ & $0.00710607$ & $-0.0770184$ & $0.00173387$ & $0.023545$ & $-0.00490848$ & $0.0992363$ & $0.047552$ & $0.0215695$ & $0.00685868$ & $-0.0128688$ & $-0.0307566$ & $0.0417971$ \\
CHe_33 & $0.0615858$ & $-0.106531$ & $0.041872$ & $0.0153077$ & $0.0566325$ & $-0.226371$ & $-0.110929$ & $0.880934$ & $0.864215$ & $-0.402971$ & $-0.968421$ & $-0.161266$ & $0.197703$ & $0.431764$ & $0.359855$ & $0.360696$ & $0.148489$ & $-0.109015$ & $-0.0936635$ & $0.950348$ & $0.973373$ & $1$ & $0.0291642$ & $-0.38419$ & $-0.0916239$ & $-0.558414$ & $0.356876$ & $0.309058$ & $-0.00281239$ & $0.0506851$ & $0.0384181$ & $-0.116303$ & $0.0681168$ & $0.436828$ & $0.0161951$ & $0.0013425$ & $-0.0136865$ & $0.00291239$ & $-0.0646334$ & $0.00292891$ & $0.0175528$ & $-0.0102993$ & $0.0981194$ & $0.0421034$ & $0.031225$ & $0.00860035$ & $-0.0120466$ & $-0.0303068$ & $0.0378521$ \\
CHQ1_11 & $0.0416248$ & $-0.00127836$ & $-0.0147973$ & $-0.0230024$ & $0.0116448$ & $-0.0518302$ & $-0.0466373$ & $0.0489975$ & $0.0482301$ & $-0.0172818$ & $-0.000333328$ & $0.0162608$ & $0.0328251$ & $-0.0805549$ & $-0.135611$ & $-0.138525$ & $-0.060387$ & $-0.00831857$ & $0.00480872$ & $-0.0218004$ & $0.0246472$ & $0.0291642$ & $1$ & $-0.133519$ & $0.0325574$ & $-0.680522$ & $0.27839$ & $0.00120595$ & $-0.0445152$ & $0.0573962$ & $0.0277381$ & $-0.0311813$ & $0.00390397$ & $0.161342$ & $0.00514077$ & $0.0396566$ & $0.0460237$ & $-0.0286707$ & $-0.0265073$ & $-0.0238961$ & $0.0830536$ & $0.0259236$ & $0.0455538$ & $0.00683165$ & $0.0781261$ & $-0.0621272$ & $0.0428126$ & $-0.000458686$ & $-0.0834861$ \\
CHQ1_33 & $-0.0401093$ & $0.0575357$ & $-0.0123225$ & $-0.0111715$ & $-0.00160672$ & $0.0452366$ & $0.15938$ & $-0.686845$ & $-0.678433$ & $0.559751$ & $0.335168$ & $-0.116387$ & $-0.410159$ & $0.465282$ & $0.077278$ & $0.063338$ & $0.670682$ & $0.627357$ & $0.620061$ & $-0.280777$ & $-0.388368$ & $-0.38419$ & $-0.133519$ & $1$ & $0.677866$ & $0.236584$ & $-0.426607$ & $-0.0187979$ & $-0.0218739$ & $-0.0997211$ & $-0.0334594$ & $0.145057$ & $-0.10666$ & $-0.637557$ & $-0.0624623$ & $0.0592044$ & $0.0332759$ & $-0.00783759$ & $0.106506$ & $0.0559602$ & $-0.0134456$ & $-0.0227351$ & $-0.0494454$ & $-0.0834284$ & $-0.0323449$ & $0.0176724$ & $-0.0253508$ & $0.0167585$ & $0.0344564$ \\
CHQ3_11 & $-0.0304821$ & $0.0309585$ & $1.37242e-05$ & $-0.00334275$ & $0.0201724$ & $-0.0599188$ & $0.0924065$ & $-0.464814$ & $-0.465516$ & $0.510015$ & $0.0768763$ & $-0.236848$ & $-0.399274$ & $0.620423$ & $-0.100189$ & $-0.14329$ & $0.791595$ & $0.793027$ & $0.808283$ & $-0.0649175$ & $-0.0885629$ & $-0.0916239$ & $0.0325574$ & $0.677866$ & $1$ & $0.0729605$ & $0.123287$ & $-0.0281882$ & $-0.0357308$ & $-0.120408$ & $-0.0573589$ & $0.0632532$ & $-0.161726$ & $-0.294853$ & $-0.0811097$ & $0.0666084$ & $0.0708694$ & $0.0265991$ & $0.0186569$ & $0.0460466$ & $0.024499$ & $-0.0257917$ & $-0.0373509$ & $-0.0114944$ & $0.0171878$ & $0.0180381$ & $-0.057402$ & $0.0779312$ & $-0.0416122$ \\
CHu_11 & $-0.0865097$ & $0.0567786$ & $-0.0206724$ & $0.0296002$ & $-0.033986$ & $0.162842$ & $0.0599668$ & $-0.515926$ & $-0.509116$ & $0.220114$ & $0.564891$ & $0.0622835$ & $-0.128896$ & $-0.239197$ & $-0.212131$ & $-0.204629$ & $-0.0881775$ & $0.0705462$ & $0.0642922$ & $-0.555004$ & $-0.569335$ & $-0.558414$ & $-0.680522$ & $0.236584$ & $0.0729605$ & $1$ & $-0.156865$ & $-0.185816$ & $0.0255132$ & $-0.0803289$ & $-0.0512345$ & $0.0446793$ & $-0.0658248$ & $-0.257159$ & $-0.0401997$ & $-0.0310071$ & $0.0311636$ & $0.0143168$ & $0.0136362$ & $0.0158712$ & $-0.069$ & $-0.00526067$ & $-0.114895$ & $0.0151047$ & $-0.0408673$ & $0.0517602$ & $-0.0608425$ & $0.0664096$ & $-0.0140896$ \\
CHd_11 & $0.0868696$ & $-0.0753028$ & $0.0345325$ & $0.0349439$ & $0.0356851$ & $-0.0964641$ & $-0.127109$ & $0.41742$ & $0.404457$ & $-0.253319$ & $-0.287085$ & $-0.0750706$ & $0.166721$ & $-0.0973637$ & $-0.34682$ & $-0.363793$ & $-0.179357$ & $-0.0421568$ & $-0.0200031$ & $0.210243$ & $0.362284$ & $0.356876$ & $0.27839$ & $-0.426607$ & $0.123287$ & $-0.156865$ & $1$ & $0.101534$ & $-0.0191996$ & $0.0190737$ & $0.00128836$ & $-0.141082$ & $-0.0173391$ & $0.646419$ & $-0.0454102$ & $-0.0229754$ & $0.0602609$ & $0.0262044$ & $-0.179187$ & $-0.0444187$ & $0.0888909$ & $0.0186488$ & $0.0287327$ & $0.148705$ & $0.0754734$ & $0.00554247$ & $-0.0361459$ & $0.0998093$ & $-0.122015$ \\
CHd_33 & $0.0484566$ & $-0.0800105$ & $0.0136056$ & $-0.0352427$ & $0.0375631$ & $-0.0892481$ & $0.0135055$ & $0.282082$ & $0.278183$ & $-0.132111$ & $-0.313177$ & $-0.0668171$ & $0.0457834$ & $0.143733$ & $0.0935768$ & $0.0842082$ & $0.0624327$ & $-0.0146044$ & $-0.011244$ & $0.30338$ & $0.317928$ & $0.309058$ & $0.00120595$ & $-0.0187979$ & $-0.0281882$ & $-0.185816$ & $0.101534$ & $1$ & $-0.0216883$ & $0.0207713$ & $-0.00126134$ & $0.0200617$ & $0.0321914$ & $0.159432$ & $0.0349006$ & $-0.024965$ & $-0.0149505$ & $0.0182104$ & $-0.0640915$ & $-0.027723$ & $0.0160603$ & $0.036981$ & $0.0316061$ & $0.025813$ & $0.00817128$ & $-0.0098645$ & $7.20703e-05$ & $-0.0597367$ & $0.0304132$ \\
CeH_22r & $-0.0194381$ & $-0.00769324$ & $-0.0217116$ & $-0.00638303$ & $-0.0192297$ & $0.0144435$ & $-0.0175726$ & $0.010999$ & $0.0126473$ & $-0.0332227$ & $0.0007583$ & $0.0285106$ & $0.0486211$ & $-0.0131453$ & $0.00957726$ & $-0.00607933$ & $-0.0288513$ & $-0.0291456$ & $-0.0202396$ & $-0.0013397$ & $-0.00143047$ & $-0.00281239$ & $-0.0445152$ & $-0.0218739$ & $-0.0357308$ & $0.0255132$ & $-0.0191996$ & $-0.0216883$ & $1$ & $0.0363663$ & $0.00948836$ & $-0.0304797$ & $0.0699196$ & $-0.00285039$ & $0.0155184$ & $-0.0457002$ & $-0.0645802$ & $0.0147395$ & $0.0578965$ & $0.0508125$ & $-0.00103661$ & $0.00115093$ & $0.00825036$ & $-0.00547529$ & $-0.0512037$ & $-0.0147515$ & $0.0470556$ & $-0.0562686$ & $0.0860527$ \\
CeH_33r & $0.0511671$ & $-0.00835802$ & $-0.0322366$ & $0.0147266$ & $-0.0390592$ & $-0.00106913$ & $-0.137709$ & $0.0948548$ & $0.120109$ & $-0.114504$ & $-0.0463733$ & $0.337433$ & $0.286543$ & $-0.0769269$ & $0.00866371$ & $0.0707242$ & $-0.098291$ & $-0.0949551$ & $-0.135708$ & $0.0471201$ & $0.0478863$ & $0.0506851$ & $0.0573962$ & $-0.0997211$ & $-0.120408$ & $-0.0803289$ & $0.0190737$ & $0.0207713$ & $0.0363663$ & $1$ & $0.327622$ & $0.00733677$ & $0.717075$ & $0.075037$ & $-0.0784632$ & $-0.00650437$ & $-0.0827148$ & $-0.0793892$ & $0.0749455$ & $0.000365091$ & $0.0522428$ & $-0.00226432$ & $0.0422247$ & $0.0609721$ & $0.00470543$ & $-0.0543875$ & $0.0914157$ & $-0.0742952$ & $0.0695445$ \\
CuH_22r & $0.0790569$ & $0.0160477$ & $-0.0624405$ & $-0.0592986$ & $-0.00700466$ & $-0.00834497$ & $-0.0921421$ & $0.0545867$ & $0.0699028$ & $-0.066734$ & $-0.0401684$ & $0.102956$ & $0.137442$ & $-0.02342$ & $0.0255648$ & $0.0632616$ & $-0.0309964$ & $-0.0441019$ & $-0.0750222$ & $0.0414749$ & $0.0367674$ & $0.0384181$ & $0.0277381$ & $-0.0334594$ & $-0.0573589$ & $-0.0512345$ & $0.00128836$ & $-0.00126134$ & $0.00948836$ & $0.327622$ & $1$ & $-0.00117565$ & $0.407149$ & $0.0291948$ & $-0.0484181$ & $0.0295281$ & $-0.154955$ & $-0.0461136$ & $0.0912146$ & $0.0145461$ & $0.0958771$ & $0.0207617$ & $0.151849$ & $0.0441971$ & $-0.0836472$ & $-0.0217777$ & $0.269337$ & $-0.11389$ & $0.125795$ \\
CuH_33r & $0.00896713$ & $0.00692844$ & $0.0872094$ & $-0.0267587$ & $-0.0160382$ & $0.0883072$ & $0.938494$ & $-0.14962$ & $-0.101419$ & $0.123594$ & $0.110908$ & $-0.0773731$ & $-0.268824$ & $0.046967$ & $-0.0198363$ & $0.00371659$ & $0.0621565$ & $0.0958178$ & $0.0729722$ & $-0.102522$ & $-0.119726$ & $-0.116303$ & $-0.0311813$ & $0.145057$ & $0.0632532$ & $0.0446793$ & $-0.141082$ & $0.0200617$ & $-0.0304797$ & $0.00733677$ & $-0.00117565$ & $1$ & $0.039219$ & $-0.112753$ & $0.0546802$ & $-0.0300905$ & $-0.066485$ & $0.0291433$ & $-0.0040226$ & $-0.000483906$ & $0.00158449$ & $-0.0269296$ & $0.0589705$ & $0.00769975$ & $-0.0931431$ & $0.00376869$ & $-0.0435848$ & $0.00800477$ & $0.0431224$ \\
CdH_33r & $0.0879729$ & $-0.0195188$ & $0.0528227$ & $0.0478888$ & $-0.0673722$ & $-0.0147983$ & $-0.154849$ & $0.118608$ & $0.151173$ & $-0.14971$ & $-0.0683948$ & $0.400537$ & $0.364677$ & $-0.0797171$ & $0.0357683$ & $0.0940032$ & $-0.104863$ & $-0.117959$ & $-0.158824$ & $0.0709101$ & $0.0670754$ & $0.0681168$ & $0.00390397$ & $-0.10666$ & $-0.161726$ & $-0.0658248$ & $-0.0173391$ & $0.0321914$ & $0.0699196$ & $0.717075$ & $0.407149$ & $0.039219$ & $1$ & $0.0715411$ & $-0.0583872$ & $-0.0937945$ & $-0.228454$ & $-0.0765961$ & $0.163418$ & $-0.0256424$ & $0.0960233$ & $0.000360442$ & $0.166808$ & $0.146754$ & $-0.156045$ & $-0.0396891$ & $0.0692259$ & $-0.0943321$ & $0.34731$ \\
CLL_1221 & $0.0866723$ & $-0.0373489$ & $0.0313429$ & $0.0549087$ & $0.00303014$ & $-0.148286$ & $-0.121405$ & $0.55699$ & $0.547823$ & $-0.358627$ & $-0.359046$ & $-0.0132994$ & $0.249867$ & $-0.233954$ & $-0.572219$ & $-0.0577474$ & $-0.276114$ & $0.00973652$ & $-0.375732$ & $0.279782$ & $0.441182$ & $0.436828$ & $0.161342$ & $-0.637557$ & $-0.294853$ & $-0.257159$ & $0.646419$ & $0.159432$ & $-0.00285039$ & $0.075037$ & $0.0291948$ & $-0.112753$ & $0.0715411$ & $1$ & $0.0458$ & $-0.0625298$ & $-0.0173613$ & $0.0257792$ & $-0.129296$ & $-0.0684708$ & $0.0443709$ & $0.0133948$ & $0.0539524$ & $0.0997013$ & $0.0163382$ & $0.0113574$ & $-0.0195683$ & $0.0163353$ & $-0.0368113$ \\
eHggint & $0.0219036$ & $0.049542$ & $0.215063$ & $-0.158579$ & $0.03002$ & $-0.0275741$ & $-0.00161446$ & $0.0384676$ & $0.0265548$ & $-0.00606345$ & $-0.0171783$ & $0.0363754$ & $-0.00803403$ & $-0.0313587$ & $-0.0142174$ & $0.0351998$ & $-0.0443133$ & $-0.0270278$ & $-0.0628318$ & $0.0190188$ & $0.0209369$ & $0.0161951$ & $0.00514077$ & $-0.0624623$ & $-0.0811097$ & $-0.0401997$ & $-0.0454102$ & $0.0349006$ & $0.0155184$ & $-0.0784632$ & $-0.0484181$ & $0.0546802$ & $-0.0583872$ & $0.0458$ & $1$ & $-0.307835$ & $-0.199115$ & $0.136283$ & $-0.338312$ & $0.0763932$ & $-0.172699$ & $-0.000564983$ & $-0.00138485$ & $-0.261046$ & $-0.191102$ & $0.148075$ & $-0.0984324$ & $-0.00799222$ & $-0.0410997$ \\
eHggpar & $0.0130078$ & $-0.0418755$ & $0.00644336$ & $-0.0941539$ & $-0.01221$ & $-0.0129372$ & $-0.0298759$ & $-0.0352309$ & $-0.0355024$ & $0.0476509$ & $-0.00111722$ & $-0.00739042$ & $-0.0301524$ & $0.0566976$ & $0.0372862$ & $-0.00655125$ & $0.0732062$ & $0.0403513$ & $0.0787735$ & $0.00273537$ & $-0.00191715$ & $0.0013425$ & $0.0396566$ & $0.0592044$ & $0.0666084$ & $-0.0310071$ & $-0.0229754$ & $-0.024965$ & $-0.0457002$ & $-0.00650437$ & $0.0295281$ & $-0.0300905$ & $-0.0937945$ & $-0.0625298$ & $-0.307835$ & $1$ & $0.215689$ & $-0.180308$ & $0.17985$ & $-0.0363728$ & $0.0269941$ & $0.0603181$ & $0.248209$ & $-0.256259$ & $0.213482$ & $0.114571$ & $0.0813962$ & $0.00194401$ & $-0.264864$ \\
eHWWint & $-0.206616$ & $0.0299658$ & $-0.0916505$ & $0.0918365$ & $0.0787666$ & $-0.0113637$ & $-0.0263576$ & $-0.0240869$ & $-0.04775$ & $0.0348924$ & $0.016007$ & $0.00654475$ & $-0.0181955$ & $0.0190441$ & $-0.00757346$ & $-0.00658253$ & $0.0087701$ & $0.023223$ & $0.0186627$ & $-0.0132986$ & $-0.016395$ & $-0.0136865$ & $0.0460237$ & $0.0332759$ & $0.0708694$ & $0.0311636$ & $0.0602609$ & $-0.0149505$ & $-0.0645802$ & $-0.0827148$ & $-0.154955$ & $-0.066485$ & $-0.228454$ & $-0.0173613$ & $-0.199115$ & $0.215689$ & $1$ & $-0.100968$ & $-0.199939$ & $-0.0368668$ & $-0.00968708$ & $-0.0110512$ & $-0.401453$ & $0.0857052$ & $0.389645$ & $0.169669$ & $-0.365676$ & $0.458927$ & $-0.427642$ \\
eHWWpar & $-0.100203$ & $0.0463501$ & $0.00544222$ & $0.0875067$ & $0.042911$ & $0.0062424$ & $0.0485522$ & $-0.000911629$ & $-0.00490021$ & $-0.00843813$ & $-0.00111126$ & $-0.0449351$ & $-0.0221827$ & $0.0181278$ & $-0.0365556$ & $-0.039927$ & $0.000250526$ & $0.0286531$ & $0.0295555$ & $0.000676912$ & $0.00710607$ & $0.00291239$ & $-0.0286707$ & $-0.00783759$ & $0.0265991$ & $0.0143168$ & $0.0262044$ & $0.0182104$ & $0.0147395$ & $-0.0793892$ & $-0.0461136$ & $0.0291433$ & $-0.0765961$ & $0.0257792$ & $0.136283$ & $-0.180308$ & $-0.100968$ & $1$ & $-0.0604969$ & $0.0100452$ & $-0.113292$ & $-0.0236211$ & $-0.0861211$ & $-0.0354154$ & $-0.138574$ & $0.0457194$ & $-0.0183479$ & $0.0501035$ & $0.00259966$ \\
eHZZint & $0.0264616$ & $0.0343931$ & $-0.313775$ & $0.400567$ & $-0.0888711$ & $-0.0265111$ & $-0.00556862$ & $-0.102056$ & $-0.0909985$ & $0.0702301$ & $0.0589774$ & $0.000832533$ & $-0.0410248$ & $0.0306386$ & $0.0628607$ & $0.0684557$ & $0.0827802$ & $0.0386056$ & $0.0390579$ & $-0.0490375$ & $-0.0770184$ & $-0.0646334$ & $-0.0265073$ & $0.106506$ & $0.0186569$ & $0.0136362$ & $-0.179187$ & $-0.0640915$ & $0.0578965$ & $0.0749455$ & $0.0912146$ & $-0.0040226$ & $0.163418$ & $-0.129296$ & $-0.338312$ & $0.17985$ & $-0.199939$ & $-0.0604969$ & $1$ & $0.0141381$ & $0.0758987$ & $-0.030031$ & $0.135605$ & $-0.0102842$ & $-0.0151113$ & $-0.279959$ & $0.210746$ & $-0.0397566$ & $0.326036$ \\
eHZZpar & $0.00495081$ & $-0.0131955$ & $-0.0633578$ & $0.000956518$ & $0.0275935$ & $-0.0132842$ & $-0.00789402$ & $-0.0271403$ & $-0.0243651$ & $0.0347769$ & $-0.00747512$ & $-0.0129315$ & $-0.022029$ & $0.0562454$ & $0.0494246$ & $0.0101589$ & $0.0624608$ & $0.0292296$ & $0.0629876$ & $0.0134324$ & $0.00173387$ & $0.00292891$ & $-0.0238961$ & $0.0559602$ & $0.0460466$ & $0.0158712$ & $-0.0444187$ & $-0.027723$ & $0.0508125$ & $0.000365091$ & $0.0145461$ & $-0.000483906$ & $-0.0256424$ & $-0.0684708$ & $0.0763932$ & $-0.0363728$ & $-0.0368668$ & $0.0100452$ & $0.0141381$ & $1$ & $-0.0846219$ & $0.0235893$ & $-0.0169902$ & $-0.0511889$ & $-0.00726599$ & $-0.0283519$ & $0.0771461$ & $-0.120969$ & $-0.0304523$ \\
eHZgaint & $0.292236$ & $0.221571$ & $-0.0454238$ & $-0.0519334$ & $0.0189058$ & $-0.0333562$ & $0.0145873$ & $0.0151461$ & $0.0309746$ & $-0.0329049$ & $-0.016531$ & $-0.0116318$ & $0.0441098$ & $-0.00465295$ & $-0.0252512$ & $-0.022166$ & $0.00742379$ & $0.0110423$ & $0.00402715$ & $0.0147443$ & $0.023545$ & $0.0175528$ & $0.0830536$ & $-0.0134456$ & $0.024499$ & $-0.069$ & $0.0888909$ & $0.0160603$ & $-0.00103661$ & $0.0522428$ & $0.0958771$ & $0.00158449$ & $0.0960233$ & $0.0443709$ & $-0.172699$ & $0.0269941$ & $-0.00968708$ & $-0.113292$ & $0.0758987$ & $-0.0846219$ & $1$ & $0.0676196$ & $0.358931$ & $0.613567$ & $0.103976$ & $-0.459891$ & $0.298295$ & $0.0542893$ & $0.248734$ \\
eHZgapar & $-0.00750059$ & $0.0270519$ & $-0.0218617$ & $-0.0909227$ & $-0.0174884$ & $0.0130213$ & $-0.0234151$ & $0.00848694$ & $0.00915321$ & $-0.0197915$ & $0.0076974$ & $0.00739372$ & $0.0185559$ & $-0.0336272$ & $-0.00806677$ & $-0.0253148$ & $-0.0306205$ & $-0.027523$ & $-0.0120856$ & $-0.00892701$ & $-0.00490848$ & $-0.0102993$ & $0.0259236$ & $-0.0227351$ & $-0.0257917$ & $-0.00526067$ & $0.0186488$ & $0.036981$ & $0.00115093$ & $-0.00226432$ & $0.0207617$ & $-0.0269296$ & $0.000360442$ & $0.0133948$ & $-0.000564983$ & $0.0603181$ & $-0.0110512$ & $-0.0236211$ & $-0.030031$ & $0.0235893$ & $0.0676196$ & $1$ & $0.0712771$ & $0.0479343$ & $-0.0289538$ & $-0.0583328$ & $0.0817036$ & $-0.0256286$ & $0.0105561$ \\
eHgagaint & $0.165229$ & $-0.185828$ & $0.159548$ & $-0.0710519$ & $-0.026689$ & $-0.0437476$ & $0.0359035$ & $0.100983$ & $0.140024$ & $-0.0638994$ & $-0.100172$ & $-0.0208175$ & $0.0446422$ & $0.0148455$ & $0.039956$ & $0.0515428$ & $0.0132406$ & $-0.0301089$ & $-0.0391892$ & $0.0943539$ & $0.0992363$ & $0.0981194$ & $0.0455538$ & $-0.0494454$ & $-0.0373509$ & $-0.114895$ & $0.0287327$ & $0.0316061$ & $0.00825036$ & $0.0422247$ & $0.151849$ & $0.0589705$ & $0.166808$ & $0.0539524$ & $-0.00138485$ & $0.248209$ & $-0.401453$ & $-0.0861211$ & $0.135605$ & $-0.0169902$ & $0.358931$ & $0.0712771$ & $1$ & $0.187005$ & $-0.133774$ & $-0.248075$ & $0.354256$ & $-0.400349$ & $0.432727$ \\
eHmumuint & $0.10727$ & $0.140257$ & $-0.107941$ & $0.0359676$ & $0.0327939$ & $-0.0282072$ & $0.0307433$ & $0.0664095$ & $0.0844893$ & $-0.0772007$ & $-0.0363439$ & $-0.00451406$ & $0.0742702$ & $-0.0445235$ & $-0.0445644$ & $-0.0496868$ & $-0.0494278$ & $-0.035067$ & $-0.0364459$ & $0.0280304$ & $0.047552$ & $0.0421034$ & $0.00683165$ & $-0.0834284$ & $-0.0114944$ & $0.0151047$ & $0.148705$ & $0.025813$ & $-0.00547529$ & $0.0609721$ & $0.0441971$ & $0.00769975$ & $0.146754$ & $0.0997013$ & $-0.261046$ & $-0.256259$ & $0.0857052$ & $-0.0354154$ & $-0.0102842$ & $-0.0511889$ & $0.613567$ & $0.0479343$ & $0.187005$ & $1$ & $0.0478463$ & $-0.353722$ & $0.086972$ & $0.18944$ & $0.282537$ \\
eHtautauint & $0.223707$ & $-0.0954188$ & $-0.0174399$ & $0.119562$ & $0.0483559$ & $-0.0262476$ & $-0.0728526$ & $0.0207158$ & $0.0112761$ & $0.0389177$ & $-0.0186692$ & $0.012455$ & $0.00565342$ & $-0.00386017$ & $0.00380872$ & $-0.054779$ & $0.0129895$ & $-0.0112826$ & $0.0367311$ & $0.00957698$ & $0.0215695$ & $0.031225$ & $0.0781261$ & $-0.0323449$ & $0.0171878$ & $-0.0408673$ & $0.0754734$ & $0.00817128$ & $-0.0512037$ & $0.00470543$ & $-0.0836472$ & $-0.0931431$ & $-0.156045$ & $0.0163382$ & $-0.191102$ & $0.213482$ & $0.389645$ & $-0.138574$ & $-0.0151113$ & $-0.00726599$ & $0.103976$ & $-0.0289538$ & $-0.133774$ & $0.0478463$ & $1$ & $-0.0115641$ & $-0.0604774$ & $0.0850422$ & $-0.312528$ \\
eHccint & $-0.144035$ & $0.126216$ & $0.236125$ & $-0.143111$ & $0.00908062$ & $0.0121558$ & $-0.0159792$ & $-0.00222224$ & $-0.0211804$ & $0.0298933$ & $-0.00437616$ & $0.00510294$ & $-0.0558055$ & $0.0139384$ & $-0.0127871$ & $0.00822866$ & $0.00982333$ & $0.0221689$ & $0.0087303$ & $0.00910306$ & $0.00685868$ & $0.00860035$ & $-0.0621272$ & $0.0176724$ & $0.0180381$ & $0.0517602$ & $0.00554247$ & $-0.0098645$ & $-0.0147515$ & $-0.0543875$ & $-0.0217777$ & $0.00376869$ & $-0.0396891$ & $0.0113574$ & $0.148075$ & $0.114571$ & $0.169669$ & $0.0457194$ & $-0.279959$ & $-0.0283519$ & $-0.459891$ & $-0.0583328$ & $-0.248075$ & $-0.353722$ & $-0.0115641$ & $1$ & $-0.279999$ & $0.17399$ & $-0.022449$ \\
eHccpar & $0.212254$ & $0.0480194$ & $-0.343018$ & $-0.227971$ & $-0.0501673$ & $0.00988929$ & $-0.0500775$ & $0.00411294$ & $0.017923$ & $-0.0134178$ & $0.00819209$ & $0.0270649$ & $0.0605285$ & $-0.020527$ & $0.022343$ & $0.00100112$ & $-0.0416043$ & $-0.0438632$ & $-0.0286992$ & $-0.00925824$ & $-0.0128688$ & $-0.0120466$ & $0.0428126$ & $-0.0253508$ & $-0.057402$ & $-0.0608425$ & $-0.0361459$ & $7.20703e-05$ & $0.0470556$ & $0.0914157$ & $0.269337$ & $-0.0435848$ & $0.0692259$ & $-0.0195683$ & $-0.0984324$ & $0.0813962$ & $-0.365676$ & $-0.0183479$ & $0.210746$ & $0.0771461$ & $0.298295$ & $0.0817036$ & $0.354256$ & $0.086972$ & $-0.0604774$ & $-0.279999$ & $1$ & $-0.307188$ & $0.0783142$ \\
eHbbint & $-0.239002$ & $0.451888$ & $0.0013821$ & $0.165459$ & $0.0424013$ & $0.0292339$ & $0.0387044$ & $-0.0423808$ & $-0.0587106$ & $0.0184195$ & $0.04298$ & $-0.0178569$ & $-0.00648322$ & $0.00558967$ & $-0.0574628$ & $-0.0673292$ & $-0.0160736$ & $0.0317117$ & $0.0407973$ & $-0.0387568$ & $-0.0307566$ & $-0.0303068$ & $-0.000458686$ & $0.0167585$ & $0.0779312$ & $0.0664096$ & $0.0998093$ & $-0.0597367$ & $-0.0562686$ & $-0.0742952$ & $-0.11389$ & $0.00800477$ & $-0.0943321$ & $0.0163353$ & $-0.00799222$ & $0.00194401$ & $0.458927$ & $0.0501035$ & $-0.0397566$ & $-0.120969$ & $0.0542893$ & $-0.0256286$ & $-0.400349$ & $0.18944$ & $0.0850422$ & $0.17399$ & $-0.307188$ & $1$ & $-0.288978$ \\
eHbbpar & $0.126264$ & $-0.0852638$ & $0.182753$ & $0.156487$ & $-0.0175564$ & $-0.112484$ & $0.018998$ & $0.0284425$ & $0.0500542$ & $-0.0191445$ & $-0.0547495$ & $0.00481084$ & $0.0351885$ & $0.0280725$ & $0.0872326$ & $0.109608$ & $0.0650463$ & $-0.00639166$ & $-0.0280344$ & $0.0622727$ & $0.0417971$ & $0.0378521$ & $-0.0834861$ & $0.0344564$ & $-0.0416122$ & $-0.0140896$ & $-0.122015$ & $0.0304132$ & $0.0860527$ & $0.0695445$ & $0.125795$ & $0.0431224$ & $0.34731$ & $-0.0368113$ & $-0.0410997$ & $-0.264864$ & $-0.427642$ & $0.00259966$ & $0.326036$ & $-0.0304523$ & $0.248734$ & $0.0105561$ & $0.432727$ & $0.282537$ & $-0.312528$ & $-0.022449$ & $0.0783142$ & $-0.288978$ & $1$ \\
