 & AlsMz & dAle5Mz & mtop & mHl & Mz & CW & CHG & CHWB & CHWHB_gaga & CHWHB_gagaorth & CHD & CHbox & CH & CHL1_11 & CHL1_22 & CHL1_33 & CHL3_11 & CHL3_22 & CHL3_33 & CHe_11 & CHe_22 & CHe_33 & CHQ1_11 & CHQ1_33 & CHQ3_11 & CHu_11 & CHd_11 & CHd_33 & CeH_22r & CeH_33r & CuH_22r & CuH_33r & CdH_33r & CLL_1221 & eHggint & eHggpar & eHWWint & eHWWpar & eHZZint & eHZZpar & eHZgaint & eHZgapar & eHgagaint & eHmumuint & eHtautauint & eHccint & eHccpar & eHbbint & eHbbpar \\
AlsMz & $1$ & $0.000329743$ & $-0.014534$ & $-0.0804857$ & $0.000822616$ & $-0.014356$ & $0.0224774$ & $-0.00837558$ & $-0.00765552$ & $-0.00425954$ & $-0.000229259$ & $-0.0224194$ & $-0.00758903$ & $0.00201489$ & $-0.00795591$ & $-0.00555816$ & $0.00803522$ & $0.0102196$ & $0.00858976$ & $-0.00694924$ & $-0.00594566$ & $-0.00574582$ & $-0.0144406$ & $-0.0413614$ & $-0.0734913$ & $-0.0141379$ & $-0.0195529$ & $0.0108387$ & $0.00696029$ & $0.0241478$ & $0.0322607$ & $-0.00460187$ & $0.0939451$ & $0.000768125$ & $-0.277939$ & $-0.217038$ & $0.112387$ & $0.0232129$ & $-0.0430863$ & $-0.0152771$ & $0.0640573$ & $0.0149187$ & $-0.107991$ & $-0.0983006$ & $0.19014$ & $0.0402623$ & $0.0877947$ & $0.0760959$ & $0.213584$ \\
dAle5Mz & $0.000329743$ & $1$ & $0.3253$ & $-0.215074$ & $0.00160053$ & $-0.0200601$ & $0.0111082$ & $-0.0549916$ & $-0.0510402$ & $0.0361915$ & $0.0477624$ & $0.0384784$ & $-0.0040849$ & $-0.0334852$ & $-0.0279324$ & $-0.0334932$ & $0.0163065$ & $0.0106772$ & $0.0157329$ & $-0.0293849$ & $-0.022082$ & $-0.0208062$ & $0.0149843$ & $0.00814087$ & $0.0221775$ & $0.0101293$ & $0.0308023$ & $-0.00708877$ & $-0.01385$ & $0.0361747$ & $0.0446183$ & $0.0339869$ & $-0.0241047$ & $0.0381277$ & $0.0350147$ & $0.168395$ & $-0.315028$ & $0.0160578$ & $0.0401261$ & $-0.0144059$ & $-0.123137$ & $-0.00892571$ & $0.0217588$ & $-0.143509$ & $-0.0702182$ & $-0.0657487$ & $0.0343064$ & $-0.139573$ & $-0.14411$ \\
mtop & $-0.014534$ & $0.3253$ & $1$ & $-0.180958$ & $-0.00271178$ & $-0.0167223$ & $-0.00827109$ & $-0.0317196$ & $-0.0308488$ & $0.0245617$ & $0.0363539$ & $0.0219792$ & $-0.000603196$ & $-0.0202516$ & $-0.0246778$ & $-0.023362$ & $0.00640227$ & $0.0111387$ & $0.0117355$ & $-0.0263345$ & $-0.0216517$ & $-0.0185454$ & $0.01145$ & $0.00659753$ & $0.0113304$ & $0.0101803$ & $0.0108758$ & $-0.0100901$ & $0.00824029$ & $-0.00195538$ & $0.0309084$ & $0.00535965$ & $-0.0649079$ & $0.0175653$ & $0.143481$ & $0.0369927$ & $-0.186978$ & $0.0217357$ & $-0.137212$ & $-0.0248729$ & $-0.0724205$ & $-0.000237788$ & $0.0527742$ & $0.0240544$ & $-0.211272$ & $-0.23829$ & $0.111796$ & $-0.0873249$ & $-0.175143$ \\
mHl & $-0.0804857$ & $-0.215074$ & $-0.180958$ & $1$ & $-0.0149649$ & $0.00102123$ & $0.00369253$ & $0.0194535$ & $0.0112616$ & $0.0118203$ & $-0.0170834$ & $0.0259742$ & $0.0103714$ & $0.00716106$ & $-0.0127719$ & $-0.00479672$ & $-0.000745564$ & $0.00770938$ & $0.00229755$ & $0.0104242$ & $0.0143245$ & $0.0141026$ & $0.0272278$ & $-0.0041512$ & $0.022877$ & $-0.0188703$ & $0.0373555$ & $-0.016826$ & $-0.00790366$ & $0.0065449$ & $-0.0450412$ & $0.0268881$ & $0.0666106$ & $0.0148209$ & $0.261906$ & $0.228287$ & $0.060192$ & $0.011763$ & $-0.0683172$ & $0.00769944$ & $-0.0330093$ & $0.0177565$ & $-0.0729085$ & $-0.319908$ & $0.400779$ & $0.188529$ & $-0.209585$ & $0.151677$ & $0.17078$ \\
Mz & $0.000822616$ & $0.00160053$ & $-0.00271178$ & $-0.0149649$ & $1$ & $0.00565541$ & $0.00312379$ & $-0.00685049$ & $-0.00555115$ & $0.0081849$ & $0.0131669$ & $0.000607301$ & $-0.00296192$ & $0.00180666$ & $0.004467$ & $0.00636836$ & $0.0035109$ & $0.000106088$ & $-0.00218574$ & $-0.00405076$ & $-0.00496489$ & $-0.00501197$ & $0.00130784$ & $0.00548633$ & $0.00177485$ & $-0.000619488$ & $-0.00722592$ & $0.00902521$ & $-0.00755329$ & $-0.00534981$ & $-0.00626827$ & $1.05449e-05$ & $-0.00433567$ & $-0.0103647$ & $0.00302395$ & $0.00124899$ & $0.0091819$ & $-0.00610871$ & $0.00896552$ & $0.00732614$ & $-0.00754386$ & $0.00556711$ & $0.0104367$ & $0.0023824$ & $0.00179095$ & $-0.0153932$ & $-0.00883897$ & $0.00120272$ & $0.00607554$ \\
CW & $-0.014356$ & $-0.0200601$ & $-0.0167223$ & $0.00102123$ & $0.00565541$ & $1$ & $0.00276612$ & $-0.141696$ & $-0.138657$ & $0.0285497$ & $0.191549$ & $0.0469301$ & $-0.00650985$ & $0.0292439$ & $-0.0688134$ & $-0.079514$ & $-0.24223$ & $-0.039318$ & $-0.032188$ & $-0.187805$ & $-0.196929$ & $-0.193563$ & $-0.0102256$ & $0.0246885$ & $-0.0718015$ & $0.106158$ & $-0.0961505$ & $-0.0675531$ & $0.00192648$ & $-0.00232818$ & $3.15504e-05$ & $0.00331191$ & $-0.00571984$ & $-0.144558$ & $0.000188517$ & $0.00517552$ & $-0.0130184$ & $0.00609424$ & $-0.0107268$ & $-0.0067473$ & $0.00317011$ & $0.0018863$ & $-0.00642531$ & $0.0224158$ & $0.00326938$ & $-0.00504555$ & $0.00730174$ & $-0.00243763$ & $0.00181267$ \\
CHG & $0.0224774$ & $0.0111082$ & $-0.00827109$ & $0.00369253$ & $0.00312379$ & $0.00276612$ & $1$ & $-0.0951664$ & $-0.044625$ & $0.0620179$ & $0.0536159$ & $-0.137588$ & $-0.297395$ & $0.0500595$ & $-0.0228966$ & $-0.0188405$ & $0.0831802$ & $0.0928206$ & $0.0887029$ & $-0.0515477$ & $-0.0560798$ & $-0.0572779$ & $-0.0147896$ & $0.0988362$ & $0.0881598$ & $0.038385$ & $-0.0392428$ & $-0.0145549$ & $0.0173938$ & $-0.124659$ & $-0.0680869$ & $0.933136$ & $-0.15233$ & $-0.0563767$ & $-0.0179227$ & $0.00608396$ & $0.0322833$ & $0.00650018$ & $-0.0207205$ & $-0.00369863$ & $0.0113487$ & $-0.00565225$ & $0.000740622$ & $0.00166157$ & $0.0190355$ & $0.0274607$ & $-0.0180862$ & $-0.00134261$ & $0.019837$ \\
CHWB & $-0.00837558$ & $-0.0549916$ & $-0.0317196$ & $0.0194535$ & $-0.00685049$ & $-0.141696$ & $-0.0951664$ & $1$ & $0.985141$ & $-0.569621$ & $-0.880823$ & $-0.10038$ & $0.337247$ & $0.107044$ & $0.314055$ & $0.310085$ & $-0.234629$ & $-0.434968$ & $-0.431753$ & $0.853726$ & $0.896993$ & $0.87993$ & $0.0574484$ & $-0.670851$ & $-0.406063$ & $-0.50846$ & $0.418564$ & $0.300987$ & $-0.00488001$ & $0.094673$ & $0.04805$ & $-0.0894198$ & $0.101224$ & $0.552355$ & $0.0174546$ & $-0.0268248$ & $0.0232632$ & $-0.000794768$ & $0.0426054$ & $0.0123617$ & $0.0255748$ & $-0.00145294$ & $-0.030041$ & $-0.0351694$ & $-0.00177277$ & $-0.0272618$ & $-0.00452005$ & $-0.00590748$ & $0.0028916$ \\
CHWHB_gaga & $-0.00765552$ & $-0.0510402$ & $-0.0308488$ & $0.0112616$ & $-0.00555115$ & $-0.138657$ & $-0.044625$ & $0.985141$ & $1$ & $-0.558989$ & $-0.865993$ & $-0.0812745$ & $0.331355$ & $0.101237$ & $0.310859$ & $0.307648$ & $-0.235021$ & $-0.432722$ & $-0.430169$ & $0.839816$ & $0.881742$ & $0.865059$ & $0.055602$ & $-0.66265$ & $-0.404153$ & $-0.499181$ & $0.41042$ & $0.296105$ & $0.00222044$ & $0.116804$ & $0.0611359$ & $-0.0480268$ & $0.122201$ & $0.543049$ & $-0.000318526$ & $-0.0335503$ & $0.00851122$ & $-0.000246064$ & $0.0237993$ & $0.0122374$ & $0.0177577$ & $-0.00367348$ & $0.0181239$ & $-0.0205521$ & $-0.00900381$ & $-0.0285509$ & $-0.00369862$ & $-0.00590382$ & $-0.00434321$ \\
CHWHB_gagaorth & $-0.00425954$ & $0.0361915$ & $0.0245617$ & $0.0118203$ & $0.0081849$ & $0.0285497$ & $0.0620179$ & $-0.569621$ & $-0.558989$ & $1$ & $0.357074$ & $0.455417$ & $-0.241809$ & $0.22073$ & $-0.13903$ & $-0.137517$ & $0.429736$ & $0.489144$ & $0.487631$ & $-0.344875$ & $-0.371555$ & $-0.366362$ & $-0.04471$ & $0.550382$ & $0.482459$ & $0.213441$ & $-0.227484$ & $-0.128106$ & $0.0015574$ & $-0.120901$ & $-0.0637128$ & $0.0742713$ & $-0.138605$ & $-0.338316$ & $0.00448754$ & $0.0498576$ & $-0.0282237$ & $0.0090981$ & $-0.0273494$ & $-0.0130564$ & $-0.0635037$ & $0.000595434$ & $0.0151072$ & $0.0122191$ & $-9.47206e-05$ & $0.0190547$ & $0.000556894$ & $-0.00348467$ & $-0.0114673$ \\
CHD & $-0.000229259$ & $0.0477624$ & $0.0363539$ & $-0.0170834$ & $0.0131669$ & $0.191549$ & $0.0536159$ & $-0.880823$ & $-0.865993$ & $0.357074$ & $1$ & $0.203189$ & $-0.16444$ & $-0.518044$ & $-0.431246$ & $-0.421944$ & $-0.218126$ & $0.0701744$ & $0.0644068$ & $-0.990644$ & $-0.991324$ & $-0.970015$ & $-0.00205434$ & $0.309213$ & $0.0229633$ & $0.559771$ & $-0.292705$ & $-0.330797$ & $0.0108156$ & $-0.0528877$ & $-0.0297953$ & $0.0603014$ & $-0.054104$ & $-0.360309$ & $0.00723013$ & $0.0281082$ & $-0.00709787$ & $-0.00348833$ & $-0.0261989$ & $-0.0112413$ & $-0.0093555$ & $-0.000655286$ & $0.0108955$ & $0.0241419$ & $-0.000246645$ & $0.00936865$ & $-0.00593204$ & $0.00738566$ & $-0.00200878$ \\
CHbox & $-0.0224194$ & $0.0384784$ & $0.0219792$ & $0.0259742$ & $0.000607301$ & $0.0469301$ & $-0.137588$ & $-0.10038$ & $-0.0812745$ & $0.455417$ & $0.203189$ & $1$ & $0.445039$ & $-0.255667$ & $-0.0156771$ & $-0.0151602$ & $-0.218151$ & $-0.179095$ & $-0.178168$ & $-0.185186$ & $-0.206102$ & $-0.199127$ & $-0.00564948$ & $-0.0607735$ & $-0.170048$ & $0.117519$ & $-0.0804543$ & $-0.0718136$ & $0.0492232$ & $0.303601$ & $0.0854991$ & $-0.0399424$ & $0.355055$ & $-0.0742502$ & $0.0735354$ & $0.0758881$ & $-0.00492764$ & $-0.00515468$ & $-0.0032192$ & $-0.0131178$ & $-0.0341647$ & $0.00118144$ & $-0.0237365$ & $-0.0240081$ & $0.0223664$ & $-0.00109247$ & $-0.0291376$ & $0.00196465$ & $-0.0132914$ \\
CH & $-0.00758903$ & $-0.0040849$ & $-0.000603196$ & $0.0103714$ & $-0.00296192$ & $-0.00650985$ & $-0.297395$ & $0.337247$ & $0.331355$ & $-0.241809$ & $-0.16444$ & $0.445039$ & $1$ & $-0.232673$ & $0.0757818$ & $0.0752683$ & $-0.34755$ & $-0.372679$ & $-0.371126$ & $0.161187$ & $0.174781$ & $0.173665$ & $0.0334653$ & $-0.382993$ & $-0.35858$ & $-0.0982611$ & $0.140406$ & $0.0570176$ & $0.0472457$ & $0.270522$ & $0.109486$ & $-0.243335$ & $0.331111$ & $0.205938$ & $0.0343792$ & $0.0157927$ & $0.0166063$ & $-0.0114499$ & $0.0145845$ & $0.00291638$ & $0.0146354$ & $0.00165561$ & $-0.0192264$ & $-0.0263255$ & $0.0174544$ & $-0.0144915$ & $-0.0169583$ & $0.0104186$ & $0.00577035$ \\
CHL1_11 & $0.00201489$ & $-0.0334852$ & $-0.0202516$ & $0.00716106$ & $0.00180666$ & $0.0292439$ & $0.0500595$ & $0.107044$ & $0.101237$ & $0.22073$ & $-0.518044$ & $-0.255667$ & $-0.232673$ & $1$ & $0.274159$ & $0.2587$ & $0.658108$ & $0.590054$ & $0.597521$ & $0.534305$ & $0.479822$ & $0.4636$ & $-0.0828554$ & $0.462853$ & $0.600458$ & $-0.26797$ & $-0.0909815$ & $0.161219$ & $-0.0180224$ & $-0.0576332$ & $-0.0214792$ & $0.0257341$ & $-0.0669436$ & $-0.211721$ & $-0.0374953$ & $-0.0159466$ & $-0.0197613$ & $0.00940852$ & $-0.0237316$ & $0.0046702$ & $-0.0219952$ & $0.00810196$ & $0.025617$ & $0.0186414$ & $-0.0022641$ & $0.0216008$ & $0.0228161$ & $-0.0052241$ & $-0.00245355$ \\
CHL1_22 & $-0.00795591$ & $-0.0279324$ & $-0.0246778$ & $-0.0127719$ & $0.004467$ & $-0.0688134$ & $-0.0228966$ & $0.314055$ & $0.310859$ & $-0.13903$ & $-0.431246$ & $-0.0156771$ & $0.0757818$ & $0.274159$ & $1$ & $0.440389$ & $0.152534$ & $-0.456913$ & $-0.0333329$ & $0.494551$ & $0.349305$ & $0.340343$ & $-0.166991$ & $0.0956981$ & $-0.132997$ & $-0.200236$ & $-0.38144$ & $0.1153$ & $0.00471786$ & $0.0424169$ & $0.0275327$ & $-0.0227336$ & $0.0352931$ & $-0.587958$ & $-0.0108314$ & $0.000689242$ & $-0.0120894$ & $0.00665552$ & $-0.0221493$ & $-0.00270098$ & $0.00602057$ & $-0.00338056$ & $0.00926886$ & $0.00928377$ & $0.0257871$ & $0.0332197$ & $0.0169533$ & $-0.00700981$ & $-0.0147034$ \\
CHL1_33 & $-0.00555816$ & $-0.0334932$ & $-0.023362$ & $-0.00479672$ & $0.00636836$ & $-0.079514$ & $-0.0188405$ & $0.310085$ & $0.307648$ & $-0.137517$ & $-0.421944$ & $-0.0151602$ & $0.0752683$ & $0.2587$ & $0.440389$ & $1$ & $0.148559$ & $-0.0386978$ & $-0.441273$ & $0.483757$ & $0.343398$ & $0.362424$ & $-0.162797$ & $0.0891831$ & $-0.131517$ & $-0.194148$ & $-0.368111$ & $0.115533$ & $0.00352554$ & $0.0298161$ & $0.0213645$ & $-0.0156701$ & $0.0272229$ & $-0.0856864$ & $0.000152169$ & $0.0019984$ & $-0.00555087$ & $0.00203047$ & $-0.0192527$ & $0.00263446$ & $-0.0037576$ & $-0.000962475$ & $0.025147$ & $0.0234083$ & $0.0150411$ & $0.0193303$ & $0.00266185$ & $-0.00567151$ & $-0.00808037$ \\
CHL3_11 & $0.00803522$ & $0.0163065$ & $0.00640227$ & $-0.000745564$ & $0.0035109$ & $-0.24223$ & $0.0831802$ & $-0.234629$ & $-0.235021$ & $0.429736$ & $-0.218126$ & $-0.218151$ & $-0.34755$ & $0.658108$ & $0.152534$ & $0.148559$ & $1$ & $0.737312$ & $0.738721$ & $0.23824$ & $0.18813$ & $0.180714$ & $-0.0757367$ & $0.67222$ & $0.783577$ & $-0.10108$ & $-0.148432$ & $0.0558353$ & $-0.0105978$ & $-0.0881427$ & $-0.0416466$ & $0.0579954$ & $-0.0970727$ & $-0.238598$ & $-0.0440998$ & $-0.00164272$ & $-0.0297595$ & $0.0067654$ & $-0.0256054$ & $-0.00392292$ & $-0.0338716$ & $0.00120621$ & $0.0372599$ & $0.0150177$ & $-0.00224151$ & $0.0290588$ & $0.0140206$ & $-0.00126475$ & $-0.00111316$ \\
CHL3_22 & $0.0102196$ & $0.0106772$ & $0.0111387$ & $0.00770938$ & $0.000106088$ & $-0.039318$ & $0.0928206$ & $-0.434968$ & $-0.432722$ & $0.489144$ & $0.0701744$ & $-0.179095$ & $-0.372679$ & $0.590054$ & $-0.456913$ & $-0.0386978$ & $0.737312$ & $1$ & $0.677532$ & $-0.07424$ & $-0.0635077$ & $-0.0630186$ & $0.0014832$ & $0.619193$ & $0.798253$ & $0.0413371$ & $-0.000144989$ & $-0.022902$ & $-0.013964$ & $-0.108431$ & $-0.0538157$ & $0.0696741$ & $-0.113569$ & $0.0418964$ & $-0.0344759$ & $-0.00326789$ & $-0.0184288$ & $0.00317824$ & $-0.0197321$ & $-0.000220928$ & $-0.033904$ & $0.00676471$ & $0.0323113$ & $0.0210719$ & $-0.0158914$ & $0.010239$ & $0.00694628$ & $0.00267802$ & $0.00710261$ \\
CHL3_33 & $0.00858976$ & $0.0157329$ & $0.0117355$ & $0.00229755$ & $-0.00218574$ & $-0.032188$ & $0.0887029$ & $-0.431753$ & $-0.430169$ & $0.487631$ & $0.0644068$ & $-0.178168$ & $-0.371126$ & $0.597521$ & $-0.0333329$ & $-0.441273$ & $0.738721$ & $0.677532$ & $1$ & $-0.0675359$ & $-0.0587881$ & $-0.0583044$ & $0.000353448$ & $0.621822$ & $0.799136$ & $0.0382048$ & $-0.00376919$ & $-0.0229977$ & $-0.0118045$ & $-0.0999871$ & $-0.0485233$ & $0.0625916$ & $-0.107546$ & $-0.34083$ & $-0.042574$ & $-0.00505886$ & $-0.0241831$ & $0.00651918$ & $-0.0204012$ & $-0.00353764$ & $-0.0273968$ & $0.00561317$ & $0.019399$ & $0.010182$ & $-0.00862057$ & $0.018653$ & $0.0176305$ & $0.000380127$ & $0.00345538$ \\
CHe_11 & $-0.00694924$ & $-0.0293849$ & $-0.0263345$ & $0.0104242$ & $-0.00405076$ & $-0.187805$ & $-0.0515477$ & $0.853726$ & $0.839816$ & $-0.344875$ & $-0.990644$ & $-0.185186$ & $0.161187$ & $0.534305$ & $0.494551$ & $0.483757$ & $0.23824$ & $-0.07424$ & $-0.0675359$ & $1$ & $0.973513$ & $0.953044$ & $-0.0207348$ & $-0.257285$ & $-0.016013$ & $-0.5497$ & $0.221416$ & $0.325111$ & $-0.00945789$ & $0.0548563$ & $0.0317109$ & $-0.0567751$ & $0.053724$ & $0.2835$ & $-0.00492303$ & $-0.0220332$ & $-0.00216779$ & $0.00351606$ & $0.0219863$ & $0.0106535$ & $0.00563152$ & $0.00057928$ & $-0.00661956$ & $-0.0217619$ & $-0.00137168$ & $-0.00818417$ & $0.007806$ & $-0.011146$ & $-0.00392455$ \\
CHe_22 & $-0.00594566$ & $-0.022082$ & $-0.0216517$ & $0.0143245$ & $-0.00496489$ & $-0.196929$ & $-0.0560798$ & $0.896993$ & $0.881742$ & $-0.371555$ & $-0.991324$ & $-0.206102$ & $0.174781$ & $0.479822$ & $0.349305$ & $0.343398$ & $0.18813$ & $-0.0635077$ & $-0.0587881$ & $0.973513$ & $1$ & $0.974857$ & $0.0289888$ & $-0.362919$ & $-0.0285777$ & $-0.562704$ & $0.371639$ & $0.333007$ & $-0.0118688$ & $0.0540115$ & $0.030116$ & $-0.0618873$ & $0.0543882$ & $0.44535$ & $-0.00155338$ & $-0.0246975$ & $0.000575095$ & $0.00286212$ & $0.0326039$ & $0.0116025$ & $0.00620957$ & $0.000618137$ & $-0.0132571$ & $-0.0310147$ & $-0.0071074$ & $-0.0181597$ & $0.00482948$ & $-0.0107274$ & $-0.00128452$ \\
CHe_33 & $-0.00574582$ & $-0.0208062$ & $-0.0185454$ & $0.0141026$ & $-0.00501197$ & $-0.193563$ & $-0.0572779$ & $0.87993$ & $0.865059$ & $-0.366362$ & $-0.970015$ & $-0.199127$ & $0.173665$ & $0.4636$ & $0.340343$ & $0.362424$ & $0.180714$ & $-0.0630186$ & $-0.0583044$ & $0.953044$ & $0.974857$ & $1$ & $0.0291827$ & $-0.357924$ & $-0.0291703$ & $-0.549199$ & $0.366692$ & $0.326616$ & $-0.0106445$ & $0.0527237$ & $0.0308762$ & $-0.063608$ & $0.0537826$ & $0.442038$ & $-0.00132942$ & $-0.0238096$ & $-0.00247054$ & $0.00514708$ & $0.0320573$ & $0.0120929$ & $0.00507271$ & $0.00034764$ & $-0.0115562$ & $-0.0290051$ & $-0.00866883$ & $-0.0209245$ & $0.00551888$ & $-0.0124289$ & $-0.000829661$ \\
CHQ1_11 & $-0.0144406$ & $0.0149843$ & $0.01145$ & $0.0272278$ & $0.00130784$ & $-0.0102256$ & $-0.0147896$ & $0.0574484$ & $0.055602$ & $-0.04471$ & $-0.00205434$ & $-0.00564948$ & $0.0334653$ & $-0.0828554$ & $-0.166991$ & $-0.162797$ & $-0.0757367$ & $0.0014832$ & $0.000353448$ & $-0.0207348$ & $0.0289888$ & $0.0291827$ & $1$ & $-0.128603$ & $0.0684189$ & $-0.679812$ & $0.333768$ & $0.0133762$ & $-0.0129984$ & $0.0026311$ & $-0.00625695$ & $-0.0139808$ & $0.0133987$ & $0.190324$ & $0.0031935$ & $0.00756411$ & $-0.00243851$ & $0.00475758$ & $0.0209586$ & $0.015333$ & $0.0197362$ & $0.000180571$ & $-0.021395$ & $-0.0324762$ & $-0.00283689$ & $-0.0239517$ & $-0.0119492$ & $-0.00501508$ & $0.0180146$ \\
CHQ1_33 & $-0.0413614$ & $0.00814087$ & $0.00659753$ & $-0.0041512$ & $0.00548633$ & $0.0246885$ & $0.0988362$ & $-0.670851$ & $-0.66265$ & $0.550382$ & $0.309213$ & $-0.0607735$ & $-0.382993$ & $0.462853$ & $0.0956981$ & $0.0891831$ & $0.67222$ & $0.619193$ & $0.621822$ & $-0.257285$ & $-0.362919$ & $-0.357924$ & $-0.128603$ & $1$ & $0.647521$ & $0.205033$ & $-0.417882$ & $-0.0267907$ & $-0.00455164$ & $-0.0988524$ & $-0.0493236$ & $0.0803763$ & $-0.113166$ & $-0.626402$ & $-0.0268296$ & $0.0202157$ & $-0.0303768$ & $0.00123408$ & $-0.0415928$ & $-0.00582374$ & $-0.0282644$ & $-0.00255954$ & $0.0454635$ & $0.0418944$ & $-0.000438074$ & $0.032728$ & $0.0145017$ & $0.00159205$ & $-0.0115239$ \\
CHQ3_11 & $-0.0734913$ & $0.0221775$ & $0.0113304$ & $0.022877$ & $0.00177485$ & $-0.0718015$ & $0.0881598$ & $-0.406063$ & $-0.404153$ & $0.482459$ & $0.0229633$ & $-0.170048$ & $-0.35858$ & $0.600458$ & $-0.132997$ & $-0.131517$ & $0.783577$ & $0.798253$ & $0.799136$ & $-0.016013$ & $-0.0285777$ & $-0.0291703$ & $0.0684189$ & $0.647521$ & $1$ & $0.0237417$ & $0.199468$ & $-0.0180375$ & $-0.0152494$ & $-0.104059$ & $-0.0510132$ & $0.0655448$ & $-0.109738$ & $-0.205254$ & $-0.0143012$ & $0.0144854$ & $-0.0273283$ & $0.00598748$ & $0.0016977$ & $0.00290961$ & $-0.0341786$ & $-0.00506159$ & $0.0277344$ & $-0.000174557$ & $-0.0280988$ & $0.00491298$ & $0.00261845$ & $-0.00372884$ & $-0.00249098$ \\
CHu_11 & $-0.0141379$ & $0.0101293$ & $0.0101803$ & $-0.0188703$ & $-0.000619488$ & $0.106158$ & $0.038385$ & $-0.50846$ & $-0.499181$ & $0.213441$ & $0.559771$ & $0.117519$ & $-0.0982611$ & $-0.26797$ & $-0.200236$ & $-0.194148$ & $-0.10108$ & $0.0413371$ & $0.0382048$ & $-0.5497$ & $-0.562704$ & $-0.549199$ & $-0.679812$ & $0.205033$ & $0.0237417$ & $1$ & $-0.180034$ & $-0.191404$ & $0.0154957$ & $-0.0327379$ & $-0.0121189$ & $0.0404422$ & $-0.0355706$ & $-0.250635$ & $0.00790848$ & $0.00947292$ & $0.00364998$ & $-0.00531557$ & $-0.0108339$ & $-0.0194023$ & $-0.0212021$ & $-0.00515355$ & $0.0135906$ & $0.0274112$ & $-0.0059942$ & $0.0150253$ & $-0.0037078$ & $0.00638174$ & $-0.00934945$ \\
CHd_11 & $-0.0195529$ & $0.0308023$ & $0.0108758$ & $0.0373555$ & $-0.00722592$ & $-0.0961505$ & $-0.0392428$ & $0.418564$ & $0.41042$ & $-0.227484$ & $-0.292705$ & $-0.0804543$ & $0.140406$ & $-0.0909815$ & $-0.38144$ & $-0.368111$ & $-0.148432$ & $-0.000144989$ & $-0.00376919$ & $0.221416$ & $0.371639$ & $0.366692$ & $0.333768$ & $-0.417882$ & $0.199468$ & $-0.180034$ & $1$ & $0.10458$ & $-0.012174$ & $0.0219343$ & $0.0077393$ & $-0.0411996$ & $0.0372612$ & $0.67626$ & $0.0189732$ & $-0.0134876$ & $0.016338$ & $-0.00119762$ & $0.0795973$ & $0.013672$ & $0.012439$ & $-0.0128102$ & $-0.0440042$ & $-0.076542$ & $-0.0291422$ & $-0.0582402$ & $-0.0171171$ & $-0.00324353$ & $0.021302$ \\
CHd_33 & $0.0108387$ & $-0.00708877$ & $-0.0100901$ & $-0.016826$ & $0.00902521$ & $-0.0675531$ & $-0.0145549$ & $0.300987$ & $0.296105$ & $-0.128106$ & $-0.330797$ & $-0.0718136$ & $0.0570176$ & $0.161219$ & $0.1153$ & $0.115533$ & $0.0558353$ & $-0.022902$ & $-0.0229977$ & $0.325111$ & $0.333007$ & $0.326616$ & $0.0133762$ & $-0.0267907$ & $-0.0180375$ & $-0.191404$ & $0.10458$ & $1$ & $-0.00892967$ & $0.0171844$ & $0.0112596$ & $-0.019477$ & $0.0151759$ & $0.149217$ & $-0.0105131$ & $-0.0124789$ & $0.00662392$ & $-0.00127768$ & $0.018057$ & $0.00365098$ & $0.00632488$ & $-0.00251822$ & $-0.0205136$ & $-0.0037381$ & $-0.000238457$ & $-0.018092$ & $0.0176414$ & $-0.012359$ & $0.00479328$ \\
CeH_22r & $0.00696029$ & $-0.01385$ & $0.00824029$ & $-0.00790366$ & $-0.00755329$ & $0.00192648$ & $0.0173938$ & $-0.00488001$ & $0.00222044$ & $0.0015574$ & $0.0108156$ & $0.0492232$ & $0.0472457$ & $-0.0180224$ & $0.00471786$ & $0.00352554$ & $-0.0105978$ & $-0.013964$ & $-0.0118045$ & $-0.00945789$ & $-0.0118688$ & $-0.0106445$ & $-0.0129984$ & $-0.00455164$ & $-0.0152494$ & $0.0154957$ & $-0.012174$ & $-0.00892967$ & $1$ & $0.0312991$ & $0.0193042$ & $0.000586327$ & $0.045848$ & $-0.00769083$ & $-0.0367721$ & $-0.000709207$ & $-0.0195233$ & $-0.0107393$ & $-0.0128862$ & $-0.00238862$ & $-0.010803$ & $0.00138737$ & $0.00995731$ & $0.0234175$ & $-0.00442628$ & $-0.00688734$ & $0.0152596$ & $0.00424714$ & $0.0094915$ \\
CeH_33r & $0.0241478$ & $0.0361747$ & $-0.00195538$ & $0.0065449$ & $-0.00534981$ & $-0.00232818$ & $-0.124659$ & $0.094673$ & $0.116804$ & $-0.120901$ & $-0.0528877$ & $0.303601$ & $0.270522$ & $-0.0576332$ & $0.0424169$ & $0.0298161$ & $-0.0881427$ & $-0.108431$ & $-0.0999871$ & $0.0548563$ & $0.0540115$ & $0.0527237$ & $0.0026311$ & $-0.0988524$ & $-0.104059$ & $-0.0327379$ & $0.0219343$ & $0.0171844$ & $0.0312991$ & $1$ & $0.319578$ & $0.0302583$ & $0.671216$ & $0.0413365$ & $-0.053855$ & $0.0255844$ & $-0.117207$ & $-0.0292111$ & $-0.036249$ & $-0.0128709$ & $-0.00512438$ & $0.00174945$ & $0.0150166$ & $0.0142785$ & $0.0750309$ & $0.010892$ & $-0.0120187$ & $0.00226969$ & $-0.014061$ \\
CuH_22r & $0.0322607$ & $0.0446183$ & $0.0309084$ & $-0.0450412$ & $-0.00626827$ & $3.15504e-05$ & $-0.0680869$ & $0.04805$ & $0.0611359$ & $-0.0637128$ & $-0.0297953$ & $0.0854991$ & $0.109486$ & $-0.0214792$ & $0.0275327$ & $0.0213645$ & $-0.0416466$ & $-0.0538157$ & $-0.0485233$ & $0.0317109$ & $0.030116$ & $0.0308762$ & $-0.00625695$ & $-0.0493236$ & $-0.0510132$ & $-0.0121189$ & $0.0077393$ & $0.0112596$ & $0.0193042$ & $0.319578$ & $1$ & $0.0195223$ & $0.331929$ & $0.0164523$ & $-0.0765769$ & $-0.0258761$ & $-0.10171$ & $0.00130315$ & $-0.0948804$ & $0.00938647$ & $-0.0545236$ & $-0.00392002$ & $-0.00181915$ & $0.0720073$ & $-0.039295$ & $-0.000434198$ & $0.232345$ & $-0.061919$ & $-0.0856484$ \\
CuH_33r & $-0.00460187$ & $0.0339869$ & $0.00535965$ & $0.0268881$ & $1.05449e-05$ & $0.00331191$ & $0.933136$ & $-0.0894198$ & $-0.0480268$ & $0.0742713$ & $0.0603014$ & $-0.0399424$ & $-0.243335$ & $0.0257341$ & $-0.0227336$ & $-0.0156701$ & $0.0579954$ & $0.0696741$ & $0.0625916$ & $-0.0567751$ & $-0.0618873$ & $-0.063608$ & $-0.0139808$ & $0.0803763$ & $0.0655448$ & $0.0404422$ & $-0.0411996$ & $-0.019477$ & $0.000586327$ & $0.0302583$ & $0.0195223$ & $1$ & $0.0360443$ & $-0.0509065$ & $0.0479556$ & $0.0582218$ & $0.00628621$ & $-0.000686142$ & $-0.0127943$ & $-0.0084157$ & $-0.00178439$ & $-0.00606208$ & $-0.00262557$ & $-0.00508378$ & $0.0292299$ & $0.0124757$ & $-0.0431086$ & $0.00369192$ & $0.0135353$ \\
CdH_33r & $0.0939451$ & $-0.0241047$ & $-0.0649079$ & $0.0666106$ & $-0.00433567$ & $-0.00571984$ & $-0.15233$ & $0.101224$ & $0.122201$ & $-0.138605$ & $-0.054104$ & $0.355055$ & $0.331111$ & $-0.0669436$ & $0.0352931$ & $0.0272229$ & $-0.0970727$ & $-0.113569$ & $-0.107546$ & $0.053724$ & $0.0543882$ & $0.0537826$ & $0.0133987$ & $-0.113166$ & $-0.109738$ & $-0.0355706$ & $0.0372612$ & $0.0151759$ & $0.045848$ & $0.671216$ & $0.331929$ & $0.0360443$ & $1$ & $0.0498814$ & $-0.0432995$ & $0.0111772$ & $-0.0424237$ & $-0.0372647$ & $0.0364566$ & $-0.0170379$ & $-0.0141815$ & $0.00121625$ & $-0.0296809$ & $-0.0317941$ & $0.105103$ & $-0.012525$ & $-0.121746$ & $0.21561$ & $0.38428$ \\
CLL_1221 & $0.000768125$ & $0.0381277$ & $0.0175653$ & $0.0148209$ & $-0.0103647$ & $-0.144558$ & $-0.0563767$ & $0.552355$ & $0.543049$ & $-0.338316$ & $-0.360309$ & $-0.0742502$ & $0.205938$ & $-0.211721$ & $-0.587958$ & $-0.0856864$ & $-0.238598$ & $0.0418964$ & $-0.34083$ & $0.2835$ & $0.44535$ & $0.442038$ & $0.190324$ & $-0.626402$ & $-0.205254$ & $-0.250635$ & $0.67626$ & $0.149217$ & $-0.00769083$ & $0.0413365$ & $0.0164523$ & $-0.0509065$ & $0.0498814$ & $1$ & $0.0248108$ & $-0.0117712$ & $0.0110095$ & $-0.0055998$ & $0.056528$ & $0.0100595$ & $0.00729426$ & $-0.000480504$ & $-0.0292573$ & $-0.0471143$ & $-0.0268443$ & $-0.053157$ & $-0.0191073$ & $-0.00668662$ & $0.00714595$ \\
eHggint & $-0.277939$ & $0.0350147$ & $0.143481$ & $0.261906$ & $0.00302395$ & $0.000188517$ & $-0.0179227$ & $0.0174546$ & $-0.000318526$ & $0.00448754$ & $0.00723013$ & $0.0735354$ & $0.0343792$ & $-0.0374953$ & $-0.0108314$ & $0.000152169$ & $-0.0440998$ & $-0.0344759$ & $-0.042574$ & $-0.00492303$ & $-0.00155338$ & $-0.00132942$ & $0.0031935$ & $-0.0268296$ & $-0.0143012$ & $0.00790848$ & $0.0189732$ & $-0.0105131$ & $-0.0367721$ & $-0.053855$ & $-0.0765769$ & $0.0479556$ & $-0.0432995$ & $0.0248108$ & $1$ & $0.0890424$ & $0.131364$ & $0.00303228$ & $-0.00523174$ & $-0.012677$ & $-0.0173097$ & $-0.0109123$ & $-0.07322$ & $-0.200105$ & $-0.0359615$ & $-0.107804$ & $-0.198797$ & $-0.0272417$ & $0.0254457$ \\
eHggpar & $-0.217038$ & $0.168395$ & $0.0369927$ & $0.228287$ & $0.00124899$ & $0.00517552$ & $0.00608396$ & $-0.0268248$ & $-0.0335503$ & $0.0498576$ & $0.0281082$ & $0.0758881$ & $0.0157927$ & $-0.0159466$ & $0.000689242$ & $0.0019984$ & $-0.00164272$ & $-0.00326789$ & $-0.00505886$ & $-0.0220332$ & $-0.0246975$ & $-0.0238096$ & $0.00756411$ & $0.0202157$ & $0.0144854$ & $0.00947292$ & $-0.0134876$ & $-0.0124789$ & $-0.000709207$ & $0.0255844$ & $-0.0258761$ & $0.0582218$ & $0.0111772$ & $-0.0117712$ & $0.0890424$ & $1$ & $-0.276704$ & $-0.0125825$ & $0.0860948$ & $-0.0377203$ & $-0.258953$ & $0.00230655$ & $-0.0370768$ & $0.0634981$ & $0.162562$ & $-0.0579401$ & $-0.132864$ & $0.126631$ & $-0.0805048$ \\
eHWWint & $0.112387$ & $-0.315028$ & $-0.186978$ & $0.060192$ & $0.0091819$ & $-0.0130184$ & $0.0322833$ & $0.0232632$ & $0.00851122$ & $-0.0282237$ & $-0.00709787$ & $-0.00492764$ & $0.0166063$ & $-0.0197613$ & $-0.0120894$ & $-0.00555087$ & $-0.0297595$ & $-0.0184288$ & $-0.0241831$ & $-0.00216779$ & $0.000575095$ & $-0.00247054$ & $-0.00243851$ & $-0.0303768$ & $-0.0273283$ & $0.00364998$ & $0.016338$ & $0.00662392$ & $-0.0195233$ & $-0.117207$ & $-0.10171$ & $0.00628621$ & $-0.0424237$ & $0.0110095$ & $0.131364$ & $-0.276704$ & $1$ & $-0.019151$ & $0.140001$ & $0.0684697$ & $0.299831$ & $0.00378993$ & $-0.179213$ & $-0.177358$ & $0.104473$ & $0.189414$ & $-0.134285$ & $0.107242$ & $0.212561$ \\
eHWWpar & $0.0232129$ & $0.0160578$ & $0.0217357$ & $0.011763$ & $-0.00610871$ & $0.00609424$ & $0.00650018$ & $-0.000794768$ & $-0.000246064$ & $0.0090981$ & $-0.00348833$ & $-0.00515468$ & $-0.0114499$ & $0.00940852$ & $0.00665552$ & $0.00203047$ & $0.0067654$ & $0.00317824$ & $0.00651918$ & $0.00351606$ & $0.00286212$ & $0.00514708$ & $0.00475758$ & $0.00123408$ & $0.00598748$ & $-0.00531557$ & $-0.00119762$ & $-0.00127768$ & $-0.0107393$ & $-0.0292111$ & $0.00130315$ & $-0.000686142$ & $-0.0372647$ & $-0.0055998$ & $0.00303228$ & $-0.0125825$ & $-0.019151$ & $1$ & $-0.0152503$ & $-0.00844742$ & $0.00587037$ & $-0.00623041$ & $0.0271517$ & $-0.015348$ & $-0.0351961$ & $0.0455479$ & $0.0258395$ & $-0.0218266$ & $-0.0132047$ \\
eHZZint & $-0.0430863$ & $0.0401261$ & $-0.137212$ & $-0.0683172$ & $0.00896552$ & $-0.0107268$ & $-0.0207205$ & $0.0426054$ & $0.0237993$ & $-0.0273494$ & $-0.0261989$ & $-0.0032192$ & $0.0145845$ & $-0.0237316$ & $-0.0221493$ & $-0.0192527$ & $-0.0256054$ & $-0.0197321$ & $-0.0204012$ & $0.0219863$ & $0.0326039$ & $0.0320573$ & $0.0209586$ & $-0.0415928$ & $0.0016977$ & $-0.0108339$ & $0.0795973$ & $0.018057$ & $-0.0128862$ & $-0.036249$ & $-0.0948804$ & $-0.0127943$ & $0.0364566$ & $0.056528$ & $-0.00523174$ & $0.0860948$ & $0.140001$ & $-0.0152503$ & $1$ & $0.00314664$ & $0.138519$ & $-0.0267601$ & $-0.291455$ & $-0.100469$ & $-0.0487144$ & $-0.246965$ & $-0.198691$ & $0.13749$ & $0.132781$ \\
eHZZpar & $-0.0152771$ & $-0.0144059$ & $-0.0248729$ & $0.00769944$ & $0.00732614$ & $-0.0067473$ & $-0.00369863$ & $0.0123617$ & $0.0122374$ & $-0.0130564$ & $-0.0112413$ & $-0.0131178$ & $0.00291638$ & $0.0046702$ & $-0.00270098$ & $0.00263446$ & $-0.00392292$ & $-0.000220928$ & $-0.00353764$ & $0.0106535$ & $0.0116025$ & $0.0120929$ & $0.015333$ & $-0.00582374$ & $0.00290961$ & $-0.0194023$ & $0.013672$ & $0.00365098$ & $-0.00238862$ & $-0.0128709$ & $0.00938647$ & $-0.0084157$ & $-0.0170379$ & $0.0100595$ & $-0.012677$ & $-0.0377203$ & $0.0684697$ & $-0.00844742$ & $0.00314664$ & $1$ & $0.0163397$ & $0.0205017$ & $-0.0216469$ & $0.00623667$ & $-0.036802$ & $-0.000725986$ & $0.0289353$ & $-0.0481707$ & $0.0042343$ \\
eHZgaint & $0.0640573$ & $-0.123137$ & $-0.0724205$ & $-0.0330093$ & $-0.00754386$ & $0.00317011$ & $0.0113487$ & $0.0255748$ & $0.0177577$ & $-0.0635037$ & $-0.0093555$ & $-0.0341647$ & $0.0146354$ & $-0.0219952$ & $0.00602057$ & $-0.0037576$ & $-0.0338716$ & $-0.033904$ & $-0.0273968$ & $0.00563152$ & $0.00620957$ & $0.00507271$ & $0.0197362$ & $-0.0282644$ & $-0.0341786$ & $-0.0212021$ & $0.012439$ & $0.00632488$ & $-0.010803$ & $-0.00512438$ & $-0.0545236$ & $-0.00178439$ & $-0.0141815$ & $0.00729426$ & $-0.0173097$ & $-0.258953$ & $0.299831$ & $0.00587037$ & $0.138519$ & $0.0163397$ & $1$ & $-0.00222237$ & $-0.137479$ & $-0.0397974$ & $0.228563$ & $-0.0380308$ & $-0.104605$ & $0.0653387$ & $0.0109363$ \\
eHZgapar & $0.0149187$ & $-0.00892571$ & $-0.000237788$ & $0.0177565$ & $0.00556711$ & $0.0018863$ & $-0.00565225$ & $-0.00145294$ & $-0.00367348$ & $0.000595434$ & $-0.000655286$ & $0.00118144$ & $0.00165561$ & $0.00810196$ & $-0.00338056$ & $-0.000962475$ & $0.00120621$ & $0.00676471$ & $0.00561317$ & $0.00057928$ & $0.000618137$ & $0.00034764$ & $0.000180571$ & $-0.00255954$ & $-0.00506159$ & $-0.00515355$ & $-0.0128102$ & $-0.00251822$ & $0.00138737$ & $0.00174945$ & $-0.00392002$ & $-0.00606208$ & $0.00121625$ & $-0.000480504$ & $-0.0109123$ & $0.00230655$ & $0.00378993$ & $-0.00623041$ & $-0.0267601$ & $0.0205017$ & $-0.00222237$ & $1$ & $0.0050903$ & $-0.0119843$ & $0.0123994$ & $0.0136247$ & $-0.0028489$ & $0.00230369$ & $0.00120238$ \\
eHgagaint & $-0.107991$ & $0.0217588$ & $0.0527742$ & $-0.0729085$ & $0.0104367$ & $-0.00642531$ & $0.000740622$ & $-0.030041$ & $0.0181239$ & $0.0151072$ & $0.0108955$ & $-0.0237365$ & $-0.0192264$ & $0.025617$ & $0.00926886$ & $0.025147$ & $0.0372599$ & $0.0323113$ & $0.019399$ & $-0.00661956$ & $-0.0132571$ & $-0.0115562$ & $-0.021395$ & $0.0454635$ & $0.0277344$ & $0.0135906$ & $-0.0440042$ & $-0.0205136$ & $0.00995731$ & $0.0150166$ & $-0.00181915$ & $-0.00262557$ & $-0.0296809$ & $-0.0292573$ & $-0.07322$ & $-0.0370768$ & $-0.179213$ & $0.0271517$ & $-0.291455$ & $-0.0216469$ & $-0.137479$ & $0.0050903$ & $1$ & $0.25998$ & $-0.142138$ & $-0.0684453$ & $-0.0685071$ & $0.0225843$ & $-0.163172$ \\
eHmumuint & $-0.0983006$ & $-0.143509$ & $0.0240544$ & $-0.319908$ & $0.0023824$ & $0.0224158$ & $0.00166157$ & $-0.0351694$ & $-0.0205521$ & $0.0122191$ & $0.0241419$ & $-0.0240081$ & $-0.0263255$ & $0.0186414$ & $0.00928377$ & $0.0234083$ & $0.0150177$ & $0.0210719$ & $0.010182$ & $-0.0217619$ & $-0.0310147$ & $-0.0290051$ & $-0.0324762$ & $0.0418944$ & $-0.000174557$ & $0.0274112$ & $-0.076542$ & $-0.0037381$ & $0.0234175$ & $0.0142785$ & $0.0720073$ & $-0.00508378$ & $-0.0317941$ & $-0.0471143$ & $-0.200105$ & $0.0634981$ & $-0.177358$ & $-0.015348$ & $-0.100469$ & $0.00623667$ & $-0.0397974$ & $-0.0119843$ & $0.25998$ & $1$ & $-0.0916509$ & $-0.241318$ & $0.342215$ & $-0.076489$ & $-0.100064$ \\
eHtautauint & $0.19014$ & $-0.0702182$ & $-0.211272$ & $0.400779$ & $0.00179095$ & $0.00326938$ & $0.0190355$ & $-0.00177277$ & $-0.00900381$ & $-9.47206e-05$ & $-0.000246645$ & $0.0223664$ & $0.0174544$ & $-0.0022641$ & $0.0257871$ & $0.0150411$ & $-0.00224151$ & $-0.0158914$ & $-0.00862057$ & $-0.00137168$ & $-0.0071074$ & $-0.00866883$ & $-0.00283689$ & $-0.000438074$ & $-0.0280988$ & $-0.0059942$ & $-0.0291422$ & $-0.000238457$ & $-0.00442628$ & $0.0750309$ & $-0.039295$ & $0.0292299$ & $0.105103$ & $-0.0268443$ & $-0.0359615$ & $0.162562$ & $0.104473$ & $-0.0351961$ & $-0.0487144$ & $-0.036802$ & $0.228563$ & $0.0123994$ & $-0.142138$ & $-0.0916509$ & $1$ & $0.34397$ & $-0.248599$ & $0.164287$ & $0.1863$ \\
eHccint & $0.0402623$ & $-0.0657487$ & $-0.23829$ & $0.188529$ & $-0.0153932$ & $-0.00504555$ & $0.0274607$ & $-0.0272618$ & $-0.0285509$ & $0.0190547$ & $0.00936865$ & $-0.00109247$ & $-0.0144915$ & $0.0216008$ & $0.0332197$ & $0.0193303$ & $0.0290588$ & $0.010239$ & $0.018653$ & $-0.00818417$ & $-0.0181597$ & $-0.0209245$ & $-0.0239517$ & $0.032728$ & $0.00491298$ & $0.0150253$ & $-0.0582402$ & $-0.018092$ & $-0.00688734$ & $0.010892$ & $-0.000434198$ & $0.0124757$ & $-0.012525$ & $-0.053157$ & $-0.107804$ & $-0.0579401$ & $0.189414$ & $0.0455479$ & $-0.246965$ & $-0.000725986$ & $-0.0380308$ & $0.0136247$ & $-0.0684453$ & $-0.241318$ & $0.34397$ & $1$ & $-0.183295$ & $0.00618945$ & $0.00455225$ \\
eHccpar & $0.0877947$ & $0.0343064$ & $0.111796$ & $-0.209585$ & $-0.00883897$ & $0.00730174$ & $-0.0180862$ & $-0.00452005$ & $-0.00369862$ & $0.000556894$ & $-0.00593204$ & $-0.0291376$ & $-0.0169583$ & $0.0228161$ & $0.0169533$ & $0.00266185$ & $0.0140206$ & $0.00694628$ & $0.0176305$ & $0.007806$ & $0.00482948$ & $0.00551888$ & $-0.0119492$ & $0.0145017$ & $0.00261845$ & $-0.0037078$ & $-0.0171171$ & $0.0176414$ & $0.0152596$ & $-0.0120187$ & $0.232345$ & $-0.0431086$ & $-0.121746$ & $-0.0191073$ & $-0.198797$ & $-0.132864$ & $-0.134285$ & $0.0258395$ & $-0.198691$ & $0.0289353$ & $-0.104605$ & $-0.0028489$ & $-0.0685071$ & $0.342215$ & $-0.248599$ & $-0.183295$ & $1$ & $-0.216137$ & $-0.249853$ \\
eHbbint & $0.0760959$ & $-0.139573$ & $-0.0873249$ & $0.151677$ & $0.00120272$ & $-0.00243763$ & $-0.00134261$ & $-0.00590748$ & $-0.00590382$ & $-0.00348467$ & $0.00738566$ & $0.00196465$ & $0.0104186$ & $-0.0052241$ & $-0.00700981$ & $-0.00567151$ & $-0.00126475$ & $0.00267802$ & $0.000380127$ & $-0.011146$ & $-0.0107274$ & $-0.0124289$ & $-0.00501508$ & $0.00159205$ & $-0.00372884$ & $0.00638174$ & $-0.00324353$ & $-0.012359$ & $0.00424714$ & $0.00226969$ & $-0.061919$ & $0.00369192$ & $0.21561$ & $-0.00668662$ & $-0.0272417$ & $0.126631$ & $0.107242$ & $-0.0218266$ & $0.13749$ & $-0.0481707$ & $0.0653387$ & $0.00230369$ & $0.0225843$ & $-0.076489$ & $0.164287$ & $0.00618945$ & $-0.216137$ & $1$ & $0.222691$ \\
eHbbpar & $0.213584$ & $-0.14411$ & $-0.175143$ & $0.17078$ & $0.00607554$ & $0.00181267$ & $0.019837$ & $0.0028916$ & $-0.00434321$ & $-0.0114673$ & $-0.00200878$ & $-0.0132914$ & $0.00577035$ & $-0.00245355$ & $-0.0147034$ & $-0.00808037$ & $-0.00111316$ & $0.00710261$ & $0.00345538$ & $-0.00392455$ & $-0.00128452$ & $-0.000829661$ & $0.0180146$ & $-0.0115239$ & $-0.00249098$ & $-0.00934945$ & $0.021302$ & $0.00479328$ & $0.0094915$ & $-0.014061$ & $-0.0856484$ & $0.0135353$ & $0.38428$ & $0.00714595$ & $0.0254457$ & $-0.0805048$ & $0.212561$ & $-0.0132047$ & $0.132781$ & $0.0042343$ & $0.0109363$ & $0.00120238$ & $-0.163172$ & $-0.100064$ & $0.1863$ & $0.00455225$ & $-0.249853$ & $0.222691$ & $1$ \\
