 & AlsMz & dAle5Mz & mtop & mHl & Mz & CW & CHG & CHWB & CHWHB_gaga & CHWHB_gagaorth & CHD & CHbox & CH & CHL1_11 & CHL1_22 & CHL1_33 & CHL3_11 & CHL3_22 & CHL3_33 & CHe_11 & CHe_22 & CHe_33 & CHQ1_11 & CHQ1_33 & CHQ3_11 & CHu_11 & CHd_11 & CHd_33 & CeH_22r & CeH_33r & CuH_22r & CuH_33r & CdH_33r & CLL_1221 & eHggint & eHggpar & eHWWint & eHWWpar & eHZZint & eHZZpar & eHZgaint & eHZgapar & eHgagaint & eHmumuint & eHtautauint & eHccint & eHccpar & eHbbint & eHbbpar \\
AlsMz & $1$ & $-0.0895265$ & $0.0612206$ & $0.00450629$ & $0.0451485$ & $-0.00293441$ & $0.18243$ & $0.0150922$ & $0.0181391$ & $0.0387053$ & $-0.000574814$ & $-0.18403$ & $-0.220762$ & $-0.0206738$ & $-0.00758025$ & $-0.0170761$ & $-0.0306129$ & $-0.0263327$ & $-0.0176809$ & $-0.00226996$ & $0.000412076$ & $0.00072243$ & $0.0209313$ & $-0.0491539$ & $-0.0457854$ & $-0.0119334$ & $0.0290491$ & $0.00805402$ & $-0.0365678$ & $-0.170786$ & $-0.129167$ & $0.162734$ & $-0.176852$ & $0.0151683$ & $0.0703173$ & $-0.355677$ & $0.289524$ & $-0.0748497$ & $0.147566$ & $-0.107461$ & $-0.0762389$ & $-0.00977757$ & $0.214415$ & $0.213964$ & $0.0369312$ & $-0.0493819$ & $-0.0803089$ & $0.034239$ & $0.0310736$ \\
dAle5Mz & $-0.0895265$ & $1$ & $-0.163809$ & $0.369125$ & $0.0264387$ & $0.0256959$ & $0.170223$ & $-0.0617304$ & $-0.0541406$ & $0.0541522$ & $0.0589357$ & $-0.150221$ & $-0.110227$ & $-0.0302095$ & $-0.0334644$ & $-0.0288343$ & $-0.00689425$ & $0.00629419$ & $0.00432671$ & $-0.0508313$ & $-0.0499492$ & $-0.0502722$ & $0.000811342$ & $0.0196867$ & $0.00908459$ & $0.0405419$ & $-0.00686604$ & $-0.00660332$ & $-0.0145078$ & $-0.0770882$ & $-0.0226978$ & $0.172377$ & $-0.038687$ & $-0.00407426$ & $-0.340428$ & $-0.173554$ & $0.0696124$ & $-0.0480801$ & $0.276895$ & $-0.0101943$ & $0.258944$ & $0.00349696$ & $-0.041697$ & $0.417075$ & $-0.026094$ & $0.0273364$ & $0.100258$ & $-0.181151$ & $0.294683$ \\
mtop & $0.0612206$ & $-0.163809$ & $1$ & $-0.228364$ & $-0.0251725$ & $0.00325134$ & $-0.0628896$ & $0.0302907$ & $0.0177489$ & $-0.0730282$ & $-0.0268555$ & $0.00844611$ & $0.0766713$ & $0.0188042$ & $0.0263469$ & $0.0196219$ & $-0.00602162$ & $-0.0118735$ & $-0.00826977$ & $0.0287715$ & $0.0270307$ & $0.0279059$ & $-0.00534578$ & $-0.0105608$ & $-0.0251531$ & $-0.0240922$ & $-0.0231725$ & $0.0187057$ & $0.00503385$ & $0.057215$ & $0.00538287$ & $-0.0538536$ & $-0.00181739$ & $-0.00285392$ & $0.290556$ & $-0.124313$ & $-0.052463$ & $-0.0199699$ & $0.335818$ & $0.055243$ & $0.133617$ & $0.0481457$ & $-0.449025$ & $-0.0549459$ & $0.381658$ & $-0.292808$ & $-0.17419$ & $0.0449512$ & $-0.433803$ \\
mHl & $0.00450629$ & $0.369125$ & $-0.228364$ & $1$ & $-0.024342$ & $0.0364061$ & $0.363743$ & $-0.0573379$ & $-0.0412256$ & $0.118708$ & $0.0902223$ & $-0.238977$ & $-0.313821$ & $-0.0892936$ & $-0.0453555$ & $-0.0429553$ & $-0.0743651$ & $-0.0524347$ & $-0.0531284$ & $-0.0862517$ & $-0.0863723$ & $-0.0870493$ & $0.00307513$ & $-0.021791$ & $-0.0566808$ & $0.0681654$ & $-0.0168202$ & $-0.0273076$ & $-0.0580301$ & $-0.207897$ & $-0.0652543$ & $0.362166$ & $-0.239428$ & $-0.0117836$ & $-0.143837$ & $-0.262661$ & $0.0151712$ & $-0.0675396$ & $-0.375478$ & $0.0600001$ & $-0.117529$ & $-0.143355$ & $0.264736$ & $0.297479$ & $0.159688$ & $-0.0306911$ & $0.405554$ & $0.00396189$ & $-0.178163$ \\
Mz & $0.0451485$ & $0.0264387$ & $-0.0251725$ & $-0.024342$ & $1$ & $-0.00197214$ & $0.0131391$ & $-0.00854497$ & $-0.00667548$ & $0.000949588$ & $0.00973366$ & $-0.00441232$ & $-0.0178714$ & $0.00379293$ & $-0.000503703$ & $-0.00595221$ & $0.00929502$ & $0.00618527$ & $0.0107336$ & $-0.0047634$ & $-0.00331853$ & $-0.00352152$ & $-0.00273661$ & $0.00767472$ & $0.0126471$ & $0.00670926$ & $0.00821849$ & $-0.000644204$ & $-0.00227295$ & $-0.0104936$ & $-0.00878891$ & $0.00930372$ & $-0.00599542$ & $-0.00706862$ & $-0.0526956$ & $-0.00283145$ & $0.0323655$ & $0.0239266$ & $-0.00539332$ & $-0.0171081$ & $0.0110282$ & $0.00749926$ & $0.0237058$ & $0.00364783$ & $-0.0206842$ & $-0.00868939$ & $-0.00877745$ & $0.0104791$ & $0.0307643$ \\
CW & $-0.00293441$ & $0.0256959$ & $0.00325134$ & $0.0364061$ & $-0.00197214$ & $1$ & $0.0513799$ & $-0.0526717$ & $-0.0504809$ & $0.0350003$ & $0.168453$ & $0.010683$ & $-0.062399$ & $-0.0508069$ & $-0.096245$ & $-0.0959409$ & $-0.380326$ & $-0.177281$ & $-0.176406$ & $-0.165989$ & $-0.170369$ & $-0.168364$ & $0.00957613$ & $-0.124598$ & $-0.221006$ & $0.111342$ & $-0.0655364$ & $-0.0671026$ & $-0.011578$ & $-0.0461495$ & $-0.035651$ & $0.0521553$ & $-0.0625525$ & $-0.0985766$ & $-0.00226711$ & $-0.0166881$ & $0.00811984$ & $-0.0161563$ & $-0.00265099$ & $0.00963156$ & $0.0109507$ & $-0.0108324$ & $-0.00224812$ & $0.0284958$ & $0.00932197$ & $-0.00434686$ & $0.0110087$ & $-0.0111895$ & $-0.0190768$ \\
CHG & $0.18243$ & $0.170223$ & $-0.0628896$ & $0.363743$ & $0.0131391$ & $0.0513799$ & $1$ & $-0.0480262$ & $-0.019075$ & $0.229492$ & $0.121113$ & $-0.54387$ & $-0.785852$ & $-0.161044$ & $-0.0598532$ & $-0.0541973$ & $-0.14918$ & $-0.121492$ & $-0.124572$ & $-0.117656$ & $-0.117633$ & $-0.116776$ & $-0.0240744$ & $-0.0858129$ & $-0.141141$ & $0.102571$ & $-0.0328773$ & $-0.033763$ & $-0.129935$ & $-0.603192$ & $-0.370139$ & $0.965088$ & $-0.652688$ & $0.00268878$ & $-0.14784$ & $-0.251205$ & $0.331399$ & $-0.0453414$ & $-0.0378807$ & $0.0305253$ & $0.08913$ & $-0.08948$ & $0.241189$ & $0.223255$ & $-0.0318323$ & $-0.00711245$ & $0.165656$ & $-0.0068304$ & $-0.114332$ \\
CHWB & $0.0150922$ & $-0.0617304$ & $0.0302907$ & $-0.0573379$ & $-0.00854497$ & $-0.0526717$ & $-0.0480262$ & $1$ & $0.990508$ & $-0.569712$ & $-0.874166$ & $-0.106619$ & $0.0512202$ & $0.277763$ & $0.467679$ & $0.465936$ & $-0.208221$ & $-0.393971$ & $-0.398735$ & $0.858491$ & $0.887359$ & $0.879005$ & $0.0473432$ & $-0.625273$ & $-0.360387$ & $-0.615692$ & $0.401543$ & $0.39002$ & $0.00680888$ & $0.0446501$ & $0.0198602$ & $-0.0562381$ & $0.0523631$ & $0.533057$ & $0.00774761$ & $0.0422493$ & $-0.025671$ & $0.00809677$ & $-0.0167103$ & $-0.0203129$ & $0.011602$ & $0.00588635$ & $0.0195846$ & $-0.0463763$ & $-0.0106457$ & $0.032794$ & $-0.0471508$ & $0.0244889$ & $0.0327651$ \\
CHWHB_gaga & $0.0181391$ & $-0.0541406$ & $0.0177489$ & $-0.0412256$ & $-0.00667548$ & $-0.0504809$ & $-0.019075$ & $0.990508$ & $1$ & $-0.561797$ & $-0.863063$ & $-0.101083$ & $0.0509941$ & $0.269403$ & $0.462551$ & $0.460436$ & $-0.211849$ & $-0.395685$ & $-0.400176$ & $0.847769$ & $0.876211$ & $0.867685$ & $0.046623$ & $-0.622986$ & $-0.36207$ & $-0.607283$ & $0.398165$ & $0.385432$ & $0.0123584$ & $0.056869$ & $0.028595$ & $-0.0287479$ & $0.0659702$ & $0.528493$ & $-0.00120451$ & $0.0383417$ & $-0.00992837$ & $0.00578093$ & $-0.0197957$ & $-0.0183527$ & $0.00821238$ & $0.000357308$ & $0.0490648$ & $-0.0391031$ & $-0.0182743$ & $0.0382208$ & $-0.0422854$ & $0.0330044$ & $0.0330276$ \\
CHWHB_gagaorth & $0.0387053$ & $0.0541522$ & $-0.0730282$ & $0.118708$ & $0.000949588$ & $0.0350003$ & $0.229492$ & $-0.569712$ & $-0.561797$ & $1$ & $0.499347$ & $0.10004$ & $-0.276499$ & $-0.160823$ & $-0.264506$ & $-0.252308$ & $0.11332$ & $0.221087$ & $0.216033$ & $-0.489145$ & $-0.507853$ & $-0.502222$ & $-0.0337783$ & $0.353562$ & $0.196475$ & $0.356468$ & $-0.239473$ & $-0.218547$ & $-0.0564333$ & $-0.236108$ & $-0.152247$ & $0.236332$ & $-0.274889$ & $-0.305611$ & $-0.0142485$ & $-0.108966$ & $0.0782877$ & $-0.0290663$ & $-0.0262944$ & $0.0103704$ & $-0.0467779$ & $-0.030658$ & $0.0349761$ & $0.0599895$ & $-0.0117159$ & $-0.036373$ & $0.0876762$ & $-0.0451481$ & $-0.0698928$ \\
CHD & $-0.000574814$ & $0.0589357$ & $-0.0268555$ & $0.0902223$ & $0.00973366$ & $0.168453$ & $0.121113$ & $-0.874166$ & $-0.863063$ & $0.499347$ & $1$ & $0.100562$ & $-0.134791$ & $-0.669387$ & $-0.579401$ & $-0.57482$ & $-0.264728$ & $-0.0330451$ & $-0.027262$ & $-0.995199$ & $-0.995383$ & $-0.984032$ & $0.0143344$ & $0.21093$ & $-0.0766625$ & $0.692064$ & $-0.277276$ & $-0.436206$ & $-0.0172954$ & $-0.11107$ & $-0.0685121$ & $0.131041$ & $-0.1354$ & $-0.329184$ & $-0.00892289$ & $-0.0565085$ & $0.0458205$ & $-0.0261574$ & $0.0073806$ & $0.0186659$ & $-0.00878549$ & $-0.013382$ & $-0.00712492$ & $0.0562033$ & $0.011356$ & $-0.0310649$ & $0.0538706$ & $-0.0361224$ & $-0.0551935$ \\
CHbox & $-0.18403$ & $-0.150221$ & $0.00844611$ & $-0.238977$ & $-0.00441232$ & $0.010683$ & $-0.54387$ & $-0.106619$ & $-0.101083$ & $0.10004$ & $0.100562$ & $1$ & $0.680936$ & $-0.0463935$ & $-0.0419491$ & $-0.0387082$ & $0.0104428$ & $0.0255009$ & $0.0241869$ & $-0.0981461$ & $-0.104717$ & $-0.101893$ & $0.0159026$ & $0.064146$ & $0.0351631$ & $0.0593543$ & $-0.0422826$ & $-0.0625599$ & $0.145707$ & $0.563577$ & $0.317198$ & $-0.469013$ & $0.587824$ & $-0.0662837$ & $0.119668$ & $0.180312$ & $-0.179983$ & $0.00873759$ & $0.064669$ & $-0.0277603$ & $-0.0479744$ & $0.0490417$ & $-0.150413$ & $-0.07213$ & $0.079527$ & $-0.00786968$ & $-0.111094$ & $-0.00750316$ & $0.0581081$ \\
CH & $-0.220762$ & $-0.110227$ & $0.0766713$ & $-0.313821$ & $-0.0178714$ & $-0.062399$ & $-0.785852$ & $0.0512202$ & $0.0509941$ & $-0.276499$ & $-0.134791$ & $0.680936$ & $1$ & $0.17774$ & $0.0666942$ & $0.0624073$ & $0.172379$ & $0.138331$ & $0.139856$ & $0.131928$ & $0.131675$ & $0.12986$ & $0.0202822$ & $0.100029$ & $0.159244$ & $-0.107714$ & $0.0348821$ & $0.0393217$ & $0.192002$ & $0.746004$ & $0.447503$ & $-0.710247$ & $0.795222$ & $-0.000782489$ & $0.144787$ & $0.244721$ & $-0.255885$ & $0.0491705$ & $0.0732162$ & $-0.00428144$ & $-0.0515069$ & $0.0489208$ & $-0.16714$ & $-0.130929$ & $0.0644451$ & $0.0297034$ & $-0.176294$ & $0.0610625$ & $0.0584557$ \\
CHL1_11 & $-0.0206738$ & $-0.0302095$ & $0.0188042$ & $-0.0892936$ & $0.00379293$ & $-0.0508069$ & $-0.161044$ & $0.277763$ & $0.269403$ & $-0.160823$ & $-0.669387$ & $-0.0463935$ & $0.17774$ & $1$ & $0.407717$ & $0.39864$ & $0.642069$ & $0.599283$ & $0.596085$ & $0.679217$ & $0.643459$ & $0.631462$ & $-0.0890986$ & $0.439669$ & $0.603268$ & $-0.452192$ & $-0.0390208$ & $0.282114$ & $0.0212856$ & $0.14257$ & $0.0976001$ & $-0.169766$ & $0.173121$ & $-0.162189$ & $0.00901914$ & $0.0480643$ & $-0.0479544$ & $0.0324299$ & $0.00395055$ & $-0.0090068$ & $0.00163372$ & $0.0161294$ & $-0.0160735$ & $-0.0439017$ & $0.000296474$ & $0.00947517$ & $-0.0388131$ & $0.0372525$ & $0.0444835$ \\
CHL1_22 & $-0.00758025$ & $-0.0334644$ & $0.0263469$ & $-0.0453555$ & $-0.000503703$ & $-0.096245$ & $-0.0598532$ & $0.467679$ & $0.462551$ & $-0.264506$ & $-0.579401$ & $-0.0419491$ & $0.0666942$ & $0.407717$ & $1$ & $0.542358$ & $0.177894$ & $-0.303101$ & $-0.00370462$ & $0.62075$ & $0.525185$ & $0.518374$ & $-0.165668$ & $0.0297765$ & $-0.0677969$ & $-0.372036$ & $-0.296143$ & $0.232007$ & $0.00685415$ & $0.0595562$ & $0.0401926$ & $-0.0627371$ & $0.0685688$ & $-0.458426$ & $0.0283507$ & $0.0231031$ & $-0.0252835$ & $0.010816$ & $0.0052656$ & $0.00735427$ & $0.0178794$ & $-0.00652812$ & $8.93066e-05$ & $-0.0124567$ & $0.00980661$ & $0.0154591$ & $-0.023404$ & $0.0216783$ & $0.00578284$ \\
CHL1_33 & $-0.0170761$ & $-0.0288343$ & $0.0196219$ & $-0.0429553$ & $-0.00595221$ & $-0.0959409$ & $-0.0541973$ & $0.465936$ & $0.460436$ & $-0.252308$ & $-0.57482$ & $-0.0387082$ & $0.0624073$ & $0.39864$ & $0.542358$ & $1$ & $0.175409$ & $0.000286017$ & $-0.301255$ & $0.615785$ & $0.522693$ & $0.532897$ & $-0.156857$ & $0.0255326$ & $-0.0630875$ & $-0.371111$ & $-0.280279$ & $0.227867$ & $0.0019261$ & $0.0547471$ & $0.0333906$ & $-0.0540814$ & $0.0693304$ & $-0.0111708$ & $0.0247792$ & $0.0330857$ & $-0.0239106$ & $0.0112879$ & $-0.00354166$ & $0.0062925$ & $0.0186231$ & $0.0128947$ & $0.00291611$ & $-0.0109547$ & $-0.0065771$ & $0.023379$ & $-0.0246402$ & $0.0243672$ & $0.0207965$ \\
CHL3_11 & $-0.0306129$ & $-0.00689425$ & $-0.00602162$ & $-0.0743651$ & $0.00929502$ & $-0.380326$ & $-0.14918$ & $-0.208221$ & $-0.211849$ & $0.11332$ & $-0.264728$ & $0.0104428$ & $0.172379$ & $0.642069$ & $0.177894$ & $0.175409$ & $1$ & $0.821454$ & $0.818726$ & $0.275346$ & $0.242668$ & $0.237672$ & $-0.0885156$ & $0.750811$ & $0.858781$ & $-0.167216$ & $-0.13284$ & $0.103243$ & $0.0230789$ & $0.135871$ & $0.0981629$ & $-0.152573$ & $0.171238$ & $-0.242812$ & $0.000276844$ & $0.03547$ & $-0.0452105$ & $0.0402254$ & $0.0176039$ & $0.000601708$ & $-0.0106217$ & $0.0174537$ & $-0.0257439$ & $-0.0312028$ & $-0.00742032$ & $-0.00188679$ & $-0.0170723$ & $0.0222096$ & $0.0526417$ \\
CHL3_22 & $-0.0263327$ & $0.00629419$ & $-0.0118735$ & $-0.0524347$ & $0.00618527$ & $-0.177281$ & $-0.121492$ & $-0.393971$ & $-0.395685$ & $0.221087$ & $-0.0330451$ & $0.0255009$ & $0.138331$ & $0.599283$ & $-0.303101$ & $0.000286017$ & $0.821454$ & $1$ & $0.792204$ & $0.0317302$ & $0.0296319$ & $0.0276117$ & $-0.026449$ & $0.742104$ & $0.872793$ & $-0.019491$ & $-0.038629$ & $0.009538$ & $0.0176004$ & $0.106289$ & $0.0776476$ & $-0.124176$ & $0.135376$ & $-0.0649883$ & $-0.00859345$ & $0.0236634$ & $-0.0303626$ & $0.0320039$ & $0.0117394$ & $-0.00234441$ & $-0.0150867$ & $0.0206826$ & $-0.0251105$ & $-0.0241994$ & $-0.00772703$ & $-0.00977062$ & $-0.00751057$ & $0.016949$ & $0.0418971$ \\
CHL3_33 & $-0.0176809$ & $0.00432671$ & $-0.00826977$ & $-0.0531284$ & $0.0107336$ & $-0.176406$ & $-0.124572$ & $-0.398735$ & $-0.400176$ & $0.216033$ & $-0.027262$ & $0.0241869$ & $0.139856$ & $0.596085$ & $-0.00370462$ & $-0.301255$ & $0.818726$ & $0.792204$ & $1$ & $0.0258095$ & $0.0238255$ & $0.0221819$ & $-0.0288157$ & $0.742575$ & $0.869558$ & $-0.0146333$ & $-0.0430934$ & $0.00943956$ & $0.0207588$ & $0.107854$ & $0.081386$ & $-0.129319$ & $0.133357$ & $-0.365865$ & $-0.00761497$ & $0.0178173$ & $-0.03003$ & $0.030972$ & $0.0165408$ & $-0.000667194$ & $-0.016471$ & $0.00678611$ & $-0.0263467$ & $-0.023444$ & $0.00321467$ & $-0.0148994$ & $-0.00718319$ & $0.0142459$ & $0.0319107$ \\
CHe_11 & $-0.00226996$ & $-0.0508313$ & $0.0287715$ & $-0.0862517$ & $-0.0047634$ & $-0.165989$ & $-0.117656$ & $0.858491$ & $0.847769$ & $-0.489145$ & $-0.995199$ & $-0.0981461$ & $0.131928$ & $0.679217$ & $0.62075$ & $0.615785$ & $0.275346$ & $0.0317302$ & $0.0258095$ & $1$ & $0.985695$ & $0.974738$ & $-0.032503$ & $-0.179494$ & $0.0796243$ & $-0.685804$ & $0.22401$ & $0.431732$ & $0.0166526$ & $0.109642$ & $0.0682443$ & $-0.12687$ & $0.133909$ & $0.273717$ & $0.00950414$ & $0.0535865$ & $-0.0446144$ & $0.0262536$ & $-0.00367415$ & $-0.0157388$ & $0.0130705$ & $0.0125529$ & $0.005538$ & $-0.0503823$ & $-0.00938279$ & $0.0304756$ & $-0.0510981$ & $0.0357359$ & $0.0541111$ \\
CHe_22 & $0.000412076$ & $-0.0499492$ & $0.0270307$ & $-0.0863723$ & $-0.00331853$ & $-0.170369$ & $-0.117633$ & $0.887359$ & $0.876211$ & $-0.507853$ & $-0.995383$ & $-0.104717$ & $0.131675$ & $0.643459$ & $0.525185$ & $0.522693$ & $0.242668$ & $0.0296319$ & $0.0238255$ & $0.985695$ & $1$ & $0.986774$ & $0.00636757$ & $-0.25036$ & $0.0671482$ & $-0.69302$ & $0.336989$ & $0.43801$ & $0.0173478$ & $0.108277$ & $0.0662566$ & $-0.127973$ & $0.132365$ & $0.393435$ & $0.00323012$ & $0.0554877$ & $-0.044758$ & $0.0258007$ & $-0.00517404$ & $-0.0203699$ & $0.010227$ & $0.0134438$ & $0.0067762$ & $-0.054351$ & $-0.0121924$ & $0.0307479$ & $-0.0540906$ & $0.0334391$ & $0.0588117$ \\
CHe_33 & $0.00072243$ & $-0.0502722$ & $0.0279059$ & $-0.0870493$ & $-0.00352152$ & $-0.168364$ & $-0.116776$ & $0.879005$ & $0.867685$ & $-0.502222$ & $-0.984032$ & $-0.101893$ & $0.12986$ & $0.631462$ & $0.518374$ & $0.532897$ & $0.237672$ & $0.0276117$ & $0.0221819$ & $0.974738$ & $0.986774$ & $1$ & $0.00762881$ & $-0.249715$ & $0.0646281$ & $-0.68534$ & $0.335576$ & $0.43289$ & $0.01761$ & $0.106951$ & $0.0655306$ & $-0.126994$ & $0.130436$ & $0.393905$ & $0.00399229$ & $0.0558937$ & $-0.0455905$ & $0.0247309$ & $-0.0047105$ & $-0.0191046$ & $0.00911405$ & $0.0122769$ & $0.00467104$ & $-0.0542252$ & $-0.0112763$ & $0.0288839$ & $-0.0535513$ & $0.0326684$ & $0.0565754$ \\
CHQ1_11 & $0.0209313$ & $0.000811342$ & $-0.00534578$ & $0.00307513$ & $-0.00273661$ & $0.00957613$ & $-0.0240744$ & $0.0473432$ & $0.046623$ & $-0.0337783$ & $0.0143344$ & $0.0159026$ & $0.0202822$ & $-0.0890986$ & $-0.165668$ & $-0.156857$ & $-0.0885156$ & $-0.026449$ & $-0.0288157$ & $-0.032503$ & $0.00636757$ & $0.00762881$ & $1$ & $-0.133559$ & $0.0266388$ & $-0.573746$ & $0.337288$ & $0.00619967$ & $0.00678837$ & $0.0137121$ & $0.00229244$ & $-0.0226973$ & $0.0127389$ & $0.199705$ & $-0.0198732$ & $0.00226359$ & $-0.00867039$ & $-0.0220913$ & $-0.0130242$ & $0.00354365$ & $-0.013148$ & $0.00141233$ & $0.00144561$ & $-0.0131454$ & $-0.00269311$ & $0.0010077$ & $-0.00885954$ & $-0.0213673$ & $0.00875882$ \\
CHQ1_33 & $-0.0491539$ & $0.0196867$ & $-0.0105608$ & $-0.021791$ & $0.00767472$ & $-0.124598$ & $-0.0858129$ & $-0.625273$ & $-0.622986$ & $0.353562$ & $0.21093$ & $0.064146$ & $0.100029$ & $0.439669$ & $0.0297765$ & $0.0255326$ & $0.750811$ & $0.742104$ & $0.742575$ & $-0.179494$ & $-0.25036$ & $-0.249715$ & $-0.133559$ & $1$ & $0.751316$ & $0.169323$ & $-0.388503$ & $-0.0336769$ & $0.0158208$ & $0.0766087$ & $0.0621718$ & $-0.0840642$ & $0.0959323$ & $-0.605399$ & $0.00365033$ & $0.0094103$ & $-0.0256293$ & $0.0211351$ & $0.0114438$ & $0.0157702$ & $-0.0154757$ & $0.00468582$ & $-0.0315095$ & $-0.00270103$ & $0.00701107$ & $-0.0184381$ & $0.00776861$ & $0.00546298$ & $0.00650104$ \\
CHQ3_11 & $-0.0457854$ & $0.00908459$ & $-0.0251531$ & $-0.0566808$ & $0.0126471$ & $-0.221006$ & $-0.141141$ & $-0.360387$ & $-0.36207$ & $0.196475$ & $-0.0766625$ & $0.0351631$ & $0.159244$ & $0.603268$ & $-0.0677969$ & $-0.0630875$ & $0.858781$ & $0.872793$ & $0.869558$ & $0.0796243$ & $0.0671482$ & $0.0646281$ & $0.0266388$ & $0.751316$ & $1$ & $-0.0397438$ & $0.133516$ & $0.0278795$ & $0.0227151$ & $0.119697$ & $0.0877622$ & $-0.144644$ & $0.152157$ & $-0.23728$ & $-0.0213215$ & $0.0399913$ & $-0.0372488$ & $0.0312304$ & $0.00903959$ & $-0.00523771$ & $-0.0175367$ & $0.0152637$ & $-0.0228699$ & $-0.0321545$ & $-0.0142692$ & $-0.0063778$ & $-0.00204009$ & $0.0154886$ & $0.050111$ \\
CHu_11 & $-0.0119334$ & $0.0405419$ & $-0.0240922$ & $0.0681654$ & $0.00670926$ & $0.111342$ & $0.102571$ & $-0.615692$ & $-0.607283$ & $0.356468$ & $0.692064$ & $0.0593543$ & $-0.107714$ & $-0.452192$ & $-0.372036$ & $-0.371111$ & $-0.167216$ & $-0.019491$ & $-0.0146333$ & $-0.685804$ & $-0.69302$ & $-0.68534$ & $-0.573746$ & $0.169323$ & $-0.0397438$ & $1$ & $-0.19394$ & $-0.300566$ & $-0.0152281$ & $-0.0892069$ & $-0.0514016$ & $0.108905$ & $-0.105089$ & $-0.264081$ & $-0.00610436$ & $-0.0389007$ & $0.0410527$ & $-0.00145659$ & $0.0131107$ & $-0.0022409$ & $0.00311265$ & $-0.0131854$ & $0.0015441$ & $0.0466715$ & $0.00642743$ & $-0.0264544$ & $0.047168$ & $-0.0145531$ & $-0.0396281$ \\
CHd_11 & $0.0290491$ & $-0.00686604$ & $-0.0231725$ & $-0.0168202$ & $0.00821849$ & $-0.0655364$ & $-0.0328773$ & $0.401543$ & $0.398165$ & $-0.239473$ & $-0.277276$ & $-0.0422826$ & $0.0348821$ & $-0.0390208$ & $-0.296143$ & $-0.280279$ & $-0.13284$ & $-0.038629$ & $-0.0430934$ & $0.22401$ & $0.336989$ & $0.335576$ & $0.337288$ & $-0.388503$ & $0.133516$ & $-0.19394$ & $1$ & $0.138846$ & $0.0112987$ & $0.0180906$ & $0.00539557$ & $-0.04016$ & $0.0287434$ & $0.680681$ & $-0.0505328$ & $0.0281216$ & $-0.00233743$ & $-0.00101701$ & $-0.012599$ & $-0.0387166$ & $-0.0165919$ & $0.00506603$ & $0.0269238$ & $-0.0349684$ & $-0.0312494$ & $0.0128287$ & $-0.0167156$ & $-0.00138468$ & $0.0541431$ \\
CHd_33 & $0.00805402$ & $-0.00660332$ & $0.0187057$ & $-0.0273076$ & $-0.000644204$ & $-0.0671026$ & $-0.033763$ & $0.39002$ & $0.385432$ & $-0.218547$ & $-0.436206$ & $-0.0625599$ & $0.0393217$ & $0.282114$ & $0.232007$ & $0.227867$ & $0.103243$ & $0.009538$ & $0.00943956$ & $0.431732$ & $0.43801$ & $0.43289$ & $0.00619967$ & $-0.0336769$ & $0.0278795$ & $-0.300566$ & $0.138846$ & $1$ & $0.0167378$ & $0.0341949$ & $0.0273106$ & $-0.0407028$ & $0.040758$ & $0.171342$ & $0.00848232$ & $-0.000153966$ & $-0.0214566$ & $0.00485756$ & $0.00183251$ & $-0.015835$ & $0.00482003$ & $0.00490997$ & $-0.0226075$ & $-0.0136202$ & $0.016772$ & $0.00707905$ & $-0.0239361$ & $0.00519094$ & $0.0071002$ \\
CeH_22r & $-0.0365678$ & $-0.0145078$ & $0.00503385$ & $-0.0580301$ & $-0.00227295$ & $-0.011578$ & $-0.129935$ & $0.00680888$ & $0.0123584$ & $-0.0564333$ & $-0.0172954$ & $0.145707$ & $0.192002$ & $0.0212856$ & $0.00685415$ & $0.0019261$ & $0.0230789$ & $0.0176004$ & $0.0207588$ & $0.0166526$ & $0.0173478$ & $0.01761$ & $0.00678837$ & $0.0158208$ & $0.0227151$ & $-0.0152281$ & $0.0112987$ & $0.0167378$ & $1$ & $0.167178$ & $0.105307$ & $-0.121638$ & $0.179796$ & $0.0018379$ & $0.0148726$ & $0.0397636$ & $-0.0458743$ & $0.0197203$ & $0.0152592$ & $0.00459018$ & $-0.0138552$ & $0.0143309$ & $-0.0213987$ & $-0.0181273$ & $0.00843334$ & $0.00416684$ & $-0.03343$ & $0.00131576$ & $0.0287485$ \\
CeH_33r & $-0.170786$ & $-0.0770882$ & $0.057215$ & $-0.207897$ & $-0.0104936$ & $-0.0461495$ & $-0.603192$ & $0.0446501$ & $0.056869$ & $-0.236108$ & $-0.11107$ & $0.563577$ & $0.746004$ & $0.14257$ & $0.0595562$ & $0.0547471$ & $0.135871$ & $0.106289$ & $0.107854$ & $0.109642$ & $0.108277$ & $0.106951$ & $0.0137121$ & $0.0766087$ & $0.119697$ & $-0.0892069$ & $0.0180906$ & $0.0341949$ & $0.167178$ & $1$ & $0.517663$ & $-0.479338$ & $0.86782$ & $-0.00313751$ & $0.115276$ & $0.162923$ & $-0.211744$ & $0.0273213$ & $0.0437079$ & $-0.00213778$ & $-0.0512065$ & $0.0318248$ & $-0.132293$ & $-0.0793917$ & $0.0812457$ & $0.0217321$ & $-0.106766$ & $0.0388768$ & $0.0189814$ \\
CuH_22r & $-0.129167$ & $-0.0226978$ & $0.00538287$ & $-0.0652543$ & $-0.00878891$ & $-0.035651$ & $-0.370139$ & $0.0198602$ & $0.028595$ & $-0.152247$ & $-0.0685121$ & $0.317198$ & $0.447503$ & $0.0976001$ & $0.0401926$ & $0.0333906$ & $0.0981629$ & $0.0776476$ & $0.081386$ & $0.0682443$ & $0.0662566$ & $0.0655306$ & $0.00229244$ & $0.0621718$ & $0.0877622$ & $-0.0514016$ & $0.00539557$ & $0.0273106$ & $0.105307$ & $0.517663$ & $1$ & $-0.278831$ & $0.569458$ & $-0.0111239$ & $0.101688$ & $0.062014$ & $-0.155915$ & $-0.00500852$ & $-0.00806625$ & $0.00032467$ & $-0.035378$ & $0.00689626$ & $-0.087934$ & $-0.00851427$ & $0.064397$ & $0.0442084$ & $0.101964$ & $0.0732639$ & $-0.00800718$ \\
CuH_33r & $0.162734$ & $0.172377$ & $-0.0538536$ & $0.362166$ & $0.00930372$ & $0.0521553$ & $0.965088$ & $-0.0562381$ & $-0.0287479$ & $0.236332$ & $0.131041$ & $-0.469013$ & $-0.710247$ & $-0.169766$ & $-0.0627371$ & $-0.0540814$ & $-0.152573$ & $-0.124176$ & $-0.129319$ & $-0.12687$ & $-0.127973$ & $-0.126994$ & $-0.0226973$ & $-0.0840642$ & $-0.144644$ & $0.108905$ & $-0.04016$ & $-0.0407028$ & $-0.121638$ & $-0.479338$ & $-0.278831$ & $1$ & $-0.512345$ & $-0.00213378$ & $-0.127522$ & $-0.240094$ & $0.32698$ & $-0.047073$ & $-0.0302155$ & $0.0348258$ & $0.092799$ & $-0.0942664$ & $0.244511$ & $0.240846$ & $-0.0217686$ & $0.00177006$ & $0.161649$ & $0.00950614$ & $-0.131175$ \\
CdH_33r & $-0.176852$ & $-0.038687$ & $-0.00181739$ & $-0.239428$ & $-0.00599542$ & $-0.0625525$ & $-0.652688$ & $0.0523631$ & $0.0659702$ & $-0.274889$ & $-0.1354$ & $0.587824$ & $0.795222$ & $0.173121$ & $0.0685688$ & $0.0693304$ & $0.171238$ & $0.135376$ & $0.133357$ & $0.133909$ & $0.132365$ & $0.130436$ & $0.0127389$ & $0.0959323$ & $0.152157$ & $-0.105089$ & $0.0287434$ & $0.040758$ & $0.179796$ & $0.86782$ & $0.569458$ & $-0.512345$ & $1$ & $0.00185775$ & $0.0801334$ & $0.214199$ & $-0.217663$ & $0.0312611$ & $0.0564726$ & $-0.00446272$ & $-0.0158429$ & $0.048211$ & $-0.0848762$ & $-0.068537$ & $-0.00934215$ & $0.0493137$ & $-0.121884$ & $0.0811091$ & $0.164713$ \\
CLL_1221 & $0.0151683$ & $-0.00407426$ & $-0.00285392$ & $-0.0117836$ & $-0.00706862$ & $-0.0985766$ & $0.00268878$ & $0.533057$ & $0.528493$ & $-0.305611$ & $-0.329184$ & $-0.0662837$ & $-0.000782489$ & $-0.162189$ & $-0.458426$ & $-0.0111708$ & $-0.242812$ & $-0.0649883$ & $-0.365865$ & $0.273717$ & $0.393435$ & $0.393905$ & $0.199705$ & $-0.605399$ & $-0.23728$ & $-0.264081$ & $0.680681$ & $0.171342$ & $0.0018379$ & $-0.00313751$ & $-0.0111239$ & $-0.00213378$ & $0.00185775$ & $1$ & $-0.0296985$ & $0.0201306$ & $-0.00499683$ & $0.00161022$ & $-0.0106021$ & $-0.0266338$ & $0.000366924$ & $0.0147978$ & $0.0159294$ & $-0.027344$ & $-0.0261267$ & $0.0198282$ & $-0.0229175$ & $-0.00110612$ & $0.0459662$ \\
eHggint & $0.0703173$ & $-0.340428$ & $0.290556$ & $-0.143837$ & $-0.0526956$ & $-0.00226711$ & $-0.14784$ & $0.00774761$ & $-0.00120451$ & $-0.0142485$ & $-0.00892289$ & $0.119668$ & $0.144787$ & $0.00901914$ & $0.0283507$ & $0.0247792$ & $0.000276844$ & $-0.00859345$ & $-0.00761497$ & $0.00950414$ & $0.00323012$ & $0.00399229$ & $-0.0198732$ & $0.00365033$ & $-0.0213215$ & $-0.00610436$ & $-0.0505328$ & $0.00848232$ & $0.0148726$ & $0.115276$ & $0.101688$ & $-0.127522$ & $0.0801334$ & $-0.0296985$ & $1$ & $-0.211247$ & $-0.368326$ & $0.0296688$ & $-0.0226857$ & $-0.026044$ & $-0.0904994$ & $-0.0520756$ & $-0.256946$ & $0.129829$ & $0.19482$ & $0.150409$ & $0.0811935$ & $0.30815$ & $-0.36733$ \\
eHggpar & $-0.355677$ & $-0.173554$ & $-0.124313$ & $-0.262661$ & $-0.00283145$ & $-0.0166881$ & $-0.251205$ & $0.0422493$ & $0.0383417$ & $-0.108966$ & $-0.0565085$ & $0.180312$ & $0.244721$ & $0.0480643$ & $0.0231031$ & $0.0330857$ & $0.03547$ & $0.0236634$ & $0.0178173$ & $0.0535865$ & $0.0554877$ & $0.0558937$ & $0.00226359$ & $0.0094103$ & $0.0399913$ & $-0.0389007$ & $0.0281216$ & $-0.000153966$ & $0.0397636$ & $0.162923$ & $0.062014$ & $-0.240094$ & $0.214199$ & $0.0201306$ & $-0.211247$ & $1$ & $-0.100823$ & $0.115529$ & $-0.226989$ & $0.0285343$ & $0.116957$ & $0.0610181$ & $0.0571827$ & $-0.156276$ & $-0.332548$ & $0.289673$ & $-0.297544$ & $0.200306$ & $0.195314$ \\
eHWWint & $0.289524$ & $0.0696124$ & $-0.052463$ & $0.0151712$ & $0.0323655$ & $0.00811984$ & $0.331399$ & $-0.025671$ & $-0.00992837$ & $0.0782877$ & $0.0458205$ & $-0.179983$ & $-0.255885$ & $-0.0479544$ & $-0.0252835$ & $-0.0239106$ & $-0.0452105$ & $-0.0303626$ & $-0.03003$ & $-0.0446144$ & $-0.044758$ & $-0.0455905$ & $-0.00867039$ & $-0.0256293$ & $-0.0372488$ & $0.0410527$ & $-0.00233743$ & $-0.0214566$ & $-0.0458743$ & $-0.211744$ & $-0.155915$ & $0.32698$ & $-0.217663$ & $-0.00499683$ & $-0.368326$ & $-0.100823$ & $1$ & $-0.117089$ & $0.325475$ & $-0.0544176$ & $0.292501$ & $-0.0221006$ & $0.428474$ & $0.0276901$ & $-0.132371$ & $-0.107856$ & $-0.112535$ & $0.0897997$ & $-0.000460088$ \\
eHWWpar & $-0.0748497$ & $-0.0480801$ & $-0.0199699$ & $-0.0675396$ & $0.0239266$ & $-0.0161563$ & $-0.0453414$ & $0.00809677$ & $0.00578093$ & $-0.0290663$ & $-0.0261574$ & $0.00873759$ & $0.0491705$ & $0.0324299$ & $0.010816$ & $0.0112879$ & $0.0402254$ & $0.0320039$ & $0.030972$ & $0.0262536$ & $0.0258007$ & $0.0247309$ & $-0.0220913$ & $0.0211351$ & $0.0312304$ & $-0.00145659$ & $-0.00101701$ & $0.00485756$ & $0.0197203$ & $0.0273213$ & $-0.00500852$ & $-0.047073$ & $0.0312611$ & $0.00161022$ & $0.0296688$ & $0.115529$ & $-0.117089$ & $1$ & $-0.102484$ & $-0.0489946$ & $0.0214064$ & $0.0416685$ & $-0.0824125$ & $-0.025846$ & $-0.0973968$ & $-0.0317969$ & $-0.141003$ & $0.0462542$ & $0.0165325$ \\
eHZZint & $0.147566$ & $0.276895$ & $0.335818$ & $-0.375478$ & $-0.00539332$ & $-0.00265099$ & $-0.0378807$ & $-0.0167103$ & $-0.0197957$ & $-0.0262944$ & $0.0073806$ & $0.064669$ & $0.0732162$ & $0.00395055$ & $0.0052656$ & $-0.00354166$ & $0.0176039$ & $0.0117394$ & $0.0165408$ & $-0.00367415$ & $-0.00517404$ & $-0.0047105$ & $-0.0130242$ & $0.0114438$ & $0.00903959$ & $0.0131107$ & $-0.012599$ & $0.00183251$ & $0.0152592$ & $0.0437079$ & $-0.00806625$ & $-0.0302155$ & $0.0564726$ & $-0.0106021$ & $-0.0226857$ & $-0.226989$ & $0.325475$ & $-0.102484$ & $1$ & $0.021005$ & $0.444011$ & $0.0158616$ & $-0.130714$ & $0.0595103$ & $0.170944$ & $-0.192236$ & $-0.226251$ & $-0.145981$ & $0.12714$ \\
eHZZpar & $-0.107461$ & $-0.0101943$ & $0.055243$ & $0.0600001$ & $-0.0171081$ & $0.00963156$ & $0.0305253$ & $-0.0203129$ & $-0.0183527$ & $0.0103704$ & $0.0186659$ & $-0.0277603$ & $-0.00428144$ & $-0.0090068$ & $0.00735427$ & $0.0062925$ & $0.000601708$ & $-0.00234441$ & $-0.000667194$ & $-0.0157388$ & $-0.0203699$ & $-0.0191046$ & $0.00354365$ & $0.0157702$ & $-0.00523771$ & $-0.0022409$ & $-0.0387166$ & $-0.015835$ & $0.00459018$ & $-0.00213778$ & $0.00032467$ & $0.0348258$ & $-0.00446272$ & $-0.0266338$ & $-0.026044$ & $0.0285343$ & $-0.0544176$ & $-0.0489946$ & $0.021005$ & $1$ & $0.0799397$ & $-0.0514215$ & $-0.0276129$ & $-0.00481686$ & $0.0450513$ & $0.00452094$ & $0.0156158$ & $-0.0469057$ & $0.00194364$ \\
eHZgaint & $-0.0762389$ & $0.258944$ & $0.133617$ & $-0.117529$ & $0.0110282$ & $0.0109507$ & $0.08913$ & $0.011602$ & $0.00821238$ & $-0.0467779$ & $-0.00878549$ & $-0.0479744$ & $-0.0515069$ & $0.00163372$ & $0.0178794$ & $0.0186231$ & $-0.0106217$ & $-0.0150867$ & $-0.016471$ & $0.0130705$ & $0.010227$ & $0.00911405$ & $-0.013148$ & $-0.0154757$ & $-0.0175367$ & $0.00311265$ & $-0.0165919$ & $0.00482003$ & $-0.0138552$ & $-0.0512065$ & $-0.035378$ & $0.092799$ & $-0.0158429$ & $0.000366924$ & $-0.0904994$ & $0.116957$ & $0.292501$ & $0.0214064$ & $0.444011$ & $0.0799397$ & $1$ & $0.092165$ & $-0.131228$ & $0.229383$ & $0.0577401$ & $0.19038$ & $-0.128912$ & $0.260502$ & $0.163381$ \\
eHZgapar & $-0.00977757$ & $0.00349696$ & $0.0481457$ & $-0.143355$ & $0.00749926$ & $-0.0108324$ & $-0.08948$ & $0.00588635$ & $0.000357308$ & $-0.030658$ & $-0.013382$ & $0.0490417$ & $0.0489208$ & $0.0161294$ & $-0.00652812$ & $0.0128947$ & $0.0174537$ & $0.0206826$ & $0.00678611$ & $0.0125529$ & $0.0134438$ & $0.0122769$ & $0.00141233$ & $0.00468582$ & $0.0152637$ & $-0.0131854$ & $0.00506603$ & $0.00490997$ & $0.0143309$ & $0.0318248$ & $0.00689626$ & $-0.0942664$ & $0.048211$ & $0.0147978$ & $-0.0520756$ & $0.0610181$ & $-0.0221006$ & $0.0416685$ & $0.0158616$ & $-0.0514215$ & $0.092165$ & $1$ & $-0.131976$ & $-0.0727821$ & $-0.0241093$ & $-0.0227333$ & $-0.122716$ & $0.00749237$ & $0.086998$ \\
eHgagaint & $0.214415$ & $-0.041697$ & $-0.449025$ & $0.264736$ & $0.0237058$ & $-0.00224812$ & $0.241189$ & $0.0195846$ & $0.0490648$ & $0.0349761$ & $-0.00712492$ & $-0.150413$ & $-0.16714$ & $-0.0160735$ & $8.93066e-05$ & $0.00291611$ & $-0.0257439$ & $-0.0251105$ & $-0.0263467$ & $0.005538$ & $0.0067762$ & $0.00467104$ & $0.00144561$ & $-0.0315095$ & $-0.0228699$ & $0.0015441$ & $0.0269238$ & $-0.0226075$ & $-0.0213987$ & $-0.132293$ & $-0.087934$ & $0.244511$ & $-0.0848762$ & $0.0159294$ & $-0.256946$ & $0.0571827$ & $0.428474$ & $-0.0824125$ & $-0.130714$ & $-0.0276129$ & $-0.131228$ & $-0.131976$ & $1$ & $-0.0506268$ & $-0.426402$ & $0.25432$ & $0.00293147$ & $0.274076$ & $0.222892$ \\
eHmumuint & $0.213964$ & $0.417075$ & $-0.0549459$ & $0.297479$ & $0.00364783$ & $0.0284958$ & $0.223255$ & $-0.0463763$ & $-0.0391031$ & $0.0599895$ & $0.0562033$ & $-0.07213$ & $-0.130929$ & $-0.0439017$ & $-0.0124567$ & $-0.0109547$ & $-0.0312028$ & $-0.0241994$ & $-0.023444$ & $-0.0503823$ & $-0.054351$ & $-0.0542252$ & $-0.0131454$ & $-0.00270103$ & $-0.0321545$ & $0.0466715$ & $-0.0349684$ & $-0.0136202$ & $-0.0181273$ & $-0.0793917$ & $-0.00851427$ & $0.240846$ & $-0.068537$ & $-0.027344$ & $0.129829$ & $-0.156276$ & $0.0276901$ & $-0.025846$ & $0.0595103$ & $-0.00481686$ & $0.229383$ & $-0.0727821$ & $-0.0506268$ & $1$ & $0.258897$ & $0.0438776$ & $0.253379$ & $0.0206711$ & $0.0971708$ \\
eHtautauint & $0.0369312$ & $-0.026094$ & $0.381658$ & $0.159688$ & $-0.0206842$ & $0.00932197$ & $-0.0318323$ & $-0.0106457$ & $-0.0182743$ & $-0.0117159$ & $0.011356$ & $0.079527$ & $0.0644451$ & $0.000296474$ & $0.00980661$ & $-0.0065771$ & $-0.00742032$ & $-0.00772703$ & $0.00321467$ & $-0.00938279$ & $-0.0121924$ & $-0.0112763$ & $-0.00269311$ & $0.00701107$ & $-0.0142692$ & $0.00642743$ & $-0.0312494$ & $0.016772$ & $0.00843334$ & $0.0812457$ & $0.064397$ & $-0.0217686$ & $-0.00934215$ & $-0.0261267$ & $0.19482$ & $-0.332548$ & $-0.132371$ & $-0.0973968$ & $0.170944$ & $0.0450513$ & $0.0577401$ & $-0.0241093$ & $-0.426402$ & $0.258897$ & $1$ & $-0.202326$ & $0.164312$ & $-0.149404$ & $-0.449925$ \\
eHccint & $-0.0493819$ & $0.0273364$ & $-0.292808$ & $-0.0306911$ & $-0.00868939$ & $-0.00434686$ & $-0.00711245$ & $0.032794$ & $0.0382208$ & $-0.036373$ & $-0.0310649$ & $-0.00786968$ & $0.0297034$ & $0.00947517$ & $0.0154591$ & $0.023379$ & $-0.00188679$ & $-0.00977062$ & $-0.0148994$ & $0.0304756$ & $0.0307479$ & $0.0288839$ & $0.0010077$ & $-0.0184381$ & $-0.0063778$ & $-0.0264544$ & $0.0128287$ & $0.00707905$ & $0.00416684$ & $0.0217321$ & $0.0442084$ & $0.00177006$ & $0.0493137$ & $0.0198282$ & $0.150409$ & $0.289673$ & $-0.107856$ & $-0.0317969$ & $-0.192236$ & $0.00452094$ & $0.19038$ & $-0.0227333$ & $0.25432$ & $0.0438776$ & $-0.202326$ & $1$ & $-0.00301881$ & $0.348711$ & $0.0851439$ \\
eHccpar & $-0.0803089$ & $0.100258$ & $-0.17419$ & $0.405554$ & $-0.00877745$ & $0.0110087$ & $0.165656$ & $-0.0471508$ & $-0.0422854$ & $0.0876762$ & $0.0538706$ & $-0.111094$ & $-0.176294$ & $-0.0388131$ & $-0.023404$ & $-0.0246402$ & $-0.0170723$ & $-0.00751057$ & $-0.00718319$ & $-0.0510981$ & $-0.0540906$ & $-0.0535513$ & $-0.00885954$ & $0.00776861$ & $-0.00204009$ & $0.047168$ & $-0.0167156$ & $-0.0239361$ & $-0.03343$ & $-0.106766$ & $0.101964$ & $0.161649$ & $-0.121884$ & $-0.0229175$ & $0.0811935$ & $-0.297544$ & $-0.112535$ & $-0.141003$ & $-0.226251$ & $0.0156158$ & $-0.128912$ & $-0.122716$ & $0.00293147$ & $0.253379$ & $0.164312$ & $-0.00301881$ & $1$ & $0.144115$ & $-0.0977595$ \\
eHbbint & $0.034239$ & $-0.181151$ & $0.0449512$ & $0.00396189$ & $0.0104791$ & $-0.0111895$ & $-0.0068304$ & $0.0244889$ & $0.0330044$ & $-0.0451481$ & $-0.0361224$ & $-0.00750316$ & $0.0610625$ & $0.0372525$ & $0.0216783$ & $0.0243672$ & $0.0222096$ & $0.016949$ & $0.0142459$ & $0.0357359$ & $0.0334391$ & $0.0326684$ & $-0.0213673$ & $0.00546298$ & $0.0154886$ & $-0.0145531$ & $-0.00138468$ & $0.00519094$ & $0.00131576$ & $0.0388768$ & $0.0732639$ & $0.00950614$ & $0.0811091$ & $-0.00110612$ & $0.30815$ & $0.200306$ & $0.0897997$ & $0.0462542$ & $-0.145981$ & $-0.0469057$ & $0.260502$ & $0.00749237$ & $0.274076$ & $0.0206711$ & $-0.149404$ & $0.348711$ & $0.144115$ & $1$ & $-0.0871096$ \\
eHbbpar & $0.0310736$ & $0.294683$ & $-0.433803$ & $-0.178163$ & $0.0307643$ & $-0.0190768$ & $-0.114332$ & $0.0327651$ & $0.0330276$ & $-0.0698928$ & $-0.0551935$ & $0.0581081$ & $0.0584557$ & $0.0444835$ & $0.00578284$ & $0.0207965$ & $0.0526417$ & $0.0418971$ & $0.0319107$ & $0.0541111$ & $0.0588117$ & $0.0565754$ & $0.00875882$ & $0.00650104$ & $0.050111$ & $-0.0396281$ & $0.0541431$ & $0.0071002$ & $0.0287485$ & $0.0189814$ & $-0.00800718$ & $-0.131175$ & $0.164713$ & $0.0459662$ & $-0.36733$ & $0.195314$ & $-0.000460088$ & $0.0165325$ & $0.12714$ & $0.00194364$ & $0.163381$ & $0.086998$ & $0.222892$ & $0.0971708$ & $-0.449925$ & $0.0851439$ & $-0.0977595$ & $-0.0871096$ & $1$ \\
