 & AlsMz & dAle5Mz & mtop & mHl & Mz & CW & CHG & CHWB & CHWHB_gaga & CHWHB_gagaorth & CHD & CHbox & CH & CHL1_11 & CHL1_22 & CHL1_33 & CHL3_11 & CHL3_22 & CHL3_33 & CHe_11 & CHe_22 & CHe_33 & CHQ1_11 & CHQ1_33 & CHQ3_11 & CHu_11 & CHd_11 & CHd_33 & CeH_22r & CeH_33r & CuH_22r & CuH_33r & CdH_33r & CLL_1221 & eHggint & eHggpar & eHWWint & eHWWpar & eHZZint & eHZZpar & eHZgaint & eHZgapar & eHgagaint & eHmumuint & eHtautauint & eHccint & eHccpar & eHbbint & eHbbpar \\
AlsMz & $1$ & $-0.190696$ & $-0.116439$ & $-0.168887$ & $0.026605$ & $0.00548757$ & $0.00555559$ & $0.0510043$ & $0.0547046$ & $-0.00536006$ & $-0.0259027$ & $0.0142651$ & $0.0444729$ & $-0.045025$ & $-0.000270597$ & $-0.0626665$ & $-0.0522818$ & $-0.0646561$ & $-0.0104228$ & $0.00464997$ & $0.0195555$ & $0.0208948$ & $0.00501294$ & $-0.125628$ & $-0.132316$ & $-0.0468616$ & $0.0604179$ & $-0.0319717$ & $0.0168378$ & $0.0487184$ & $-0.045962$ & $0.0226805$ & $0.107702$ & $0.0292361$ & $0.154732$ & $0.0163807$ & $-0.282705$ & $-0.00306775$ & $-0.203979$ & $0.0694585$ & $-0.297453$ & $-0.0117902$ & $0.0251077$ & $0.00152517$ & $-0.0152012$ & $-0.326375$ & $-0.194182$ & $0.173858$ & $0.0446722$ \\
dAle5Mz & $-0.190696$ & $1$ & $0.08439$ & $0.0711721$ & $-0.00991146$ & $-0.00355577$ & $-0.0088013$ & $-0.11303$ & $-0.107903$ & $0.0158489$ & $0.0728676$ & $-0.0174705$ & $-0.0554412$ & $0.0119391$ & $-0.0185326$ & $-0.0430549$ & $0.0745005$ & $0.0637726$ & $0.0843465$ & $-0.0483917$ & $-0.0490995$ & $-0.0470651$ & $0.0301395$ & $0.068512$ & $0.112608$ & $0.0262037$ & $0.00579168$ & $-0.00297559$ & $-0.00422955$ & $-0.0179967$ & $0.0233239$ & $-0.0272098$ & $0.0658976$ & $-0.0183498$ & $-0.147869$ & $-0.0563953$ & $-0.00249805$ & $0.07946$ & $-0.0665659$ & $-0.0524548$ & $0.0204172$ & $0.060716$ & $0.0827351$ & $0.241589$ & $-0.0137544$ & $0.0157229$ & $0.00639723$ & $0.0571407$ & $0.139437$ \\
mtop & $-0.116439$ & $0.08439$ & $1$ & $0.0790122$ & $0.00320452$ & $0.010341$ & $-0.0479594$ & $-0.0340498$ & $-0.0492609$ & $0.0410743$ & $0.0267101$ & $0.0269895$ & $-0.0234934$ & $0.0222558$ & $-0.0324382$ & $-0.0348299$ & $0.0232957$ & $0.0458595$ & $0.0467818$ & $-0.0180833$ & $-0.0154365$ & $-0.0140757$ & $-6.33407e-05$ & $0.0263841$ & $0.0685911$ & $0.0323122$ & $0.0279161$ & $0.015318$ & $0.000325503$ & $0.00432425$ & $0.0325038$ & $-0.0376595$ & $-0.0185257$ & $0.00071264$ & $0.0194833$ & $-0.0763336$ & $0.0390004$ & $0.0493707$ & $0.334081$ & $-0.00294869$ & $0.0609023$ & $0.0127345$ & $-0.160777$ & $0.0109087$ & $-0.0904565$ & $0.269564$ & $0.0164207$ & $0.141443$ & $-0.0620477$ \\
mHl & $-0.168887$ & $0.0711721$ & $0.0790122$ & $1$ & $0.0173449$ & $0.00307617$ & $-0.0571966$ & $0.0160209$ & $0.00558605$ & $-0.0124292$ & $-0.0259673$ & $-0.0121626$ & $-0.00571849$ & $0.033741$ & $-0.0232229$ & $0.0338019$ & $0.02514$ & $0.0404337$ & $-0.00177647$ & $0.0273446$ & $0.0301894$ & $0.0314009$ & $-0.0313944$ & $0.0109644$ & $0.0425834$ & $0.0270627$ & $0.0261159$ & $-0.00908465$ & $-0.0314461$ & $-0.0210967$ & $-0.00940266$ & $-0.0382879$ & $-0.0340559$ & $0.040975$ & $0.100775$ & $0.167678$ & $0.203783$ & $-0.0658501$ & $0.110531$ & $-0.039508$ & $0.222086$ & $0.0207744$ & $-0.0113304$ & $0.11643$ & $-0.111669$ & $0.0385166$ & $0.0129936$ & $0.0392929$ & $0.0133667$ \\
Mz & $0.026605$ & $-0.00991146$ & $0.00320452$ & $0.0173449$ & $1$ & $-0.0341098$ & $-0.0209558$ & $-0.0179486$ & $-0.0131396$ & $0.0187115$ & $0.0249205$ & $0.0212051$ & $-0.0125415$ & $-0.0105263$ & $-0.00935039$ & $-0.00751464$ & $0.0080217$ & $0.00758264$ & $0.00176576$ & $-0.0156029$ & $-0.0156465$ & $-0.0191643$ & $-0.00718624$ & $0.00422504$ & $0.00609199$ & $0.00374859$ & $-0.00436284$ & $-0.0162662$ & $-0.0176379$ & $0.00334263$ & $-0.00219802$ & $-0.0303432$ & $0.00136288$ & $-0.00504802$ & $0.0012811$ & $-0.0187635$ & $0.024315$ & $-0.00778688$ & $-0.0206532$ & $0.0182774$ & $-0.0660301$ & $0.0118679$ & $0.0299039$ & $0.0202808$ & $0.0179128$ & $-0.0240202$ & $0.0180077$ & $-0.00523762$ & $0.0172775$ \\
CW & $0.00548757$ & $-0.00355577$ & $0.010341$ & $0.00307617$ & $-0.0341098$ & $1$ & $-0.0246678$ & $-0.157178$ & $-0.15099$ & $0.0345549$ & $0.207717$ & $0.0425777$ & $-0.00202602$ & $0.0130519$ & $-0.0968114$ & $-0.105828$ & $-0.238459$ & $-0.0254934$ & $-0.0203625$ & $-0.207737$ & $-0.212591$ & $-0.209042$ & $-0.0328096$ & $0.032889$ & $-0.0746215$ & $0.139144$ & $-0.0888255$ & $-0.060755$ & $0.0017512$ & $-0.00677622$ & $-0.0135096$ & $-0.0280109$ & $0.0101228$ & $-0.127831$ & $0.00993937$ & $-0.0371731$ & $-0.00480599$ & $0.0431063$ & $0.0162908$ & $-0.00579072$ & $-0.0181952$ & $0.00811309$ & $0.0432679$ & $-0.0250674$ & $-0.0100949$ & $-0.0516279$ & $-0.0389557$ & $-0.0114213$ & $0.0466251$ \\
CHG & $0.00555559$ & $-0.0088013$ & $-0.0479594$ & $-0.0571966$ & $-0.0209558$ & $-0.0246678$ & $1$ & $-0.0498742$ & $-0.00063701$ & $0.0334813$ & $0.00972189$ & $-0.00291332$ & $-0.250122$ & $0.0528444$ & $-0.0216575$ & $-0.0365557$ & $0.0893612$ & $0.0841366$ & $0.0950144$ & $-0.0107661$ & $-0.00927513$ & $-0.0112468$ & $0.00778615$ & $0.0683465$ & $0.0954697$ & $-0.00116213$ & $0.01345$ & $-0.0102834$ & $0.0227774$ & $-0.103036$ & $-0.0659432$ & $0.930464$ & $-0.117123$ & $-0.0192298$ & $0.0131008$ & $-0.0122647$ & $-0.0461507$ & $-0.027875$ & $-0.0280221$ & $-0.0227578$ & $-0.0192442$ & $0.00664488$ & $-0.0118719$ & $0.0180138$ & $0.0527024$ & $-0.0273115$ & $-0.033283$ & $0.00241798$ & $0.0112979$ \\
CHWB & $0.0510043$ & $-0.11303$ & $-0.0340498$ & $0.0160209$ & $-0.0179486$ & $-0.157178$ & $-0.0498742$ & $1$ & $0.983251$ & $-0.54649$ & $-0.878036$ & $-0.298079$ & $0.295304$ & $0.0925575$ & $0.304715$ & $0.331725$ & $-0.223683$ & $-0.421134$ & $-0.442078$ & $0.848488$ & $0.893412$ & $0.875699$ & $0.0770883$ & $-0.671836$ & $-0.393021$ & $-0.517257$ & $0.414873$ & $0.297816$ & $0.00876159$ & $0.0573811$ & $0.0177118$ & $-0.0527306$ & $0.0732205$ & $0.557418$ & $0.00798716$ & $0.0312343$ & $0.00391503$ & $-0.0107448$ & $0.00322298$ & $0.0184871$ & $-0.0749625$ & $-0.0252325$ & $0.0185551$ & $-0.0244897$ & $0.0649207$ & $-0.00357489$ & $0.00669734$ & $-0.0318664$ & $0.0129739$ \\
CHWHB_gaga & $0.0547046$ & $-0.107903$ & $-0.0492609$ & $0.00558605$ & $-0.0131396$ & $-0.15099$ & $-0.00063701$ & $0.983251$ & $1$ & $-0.540941$ & $-0.85865$ & $-0.27518$ & $0.289731$ & $0.0808119$ & $0.30349$ & $0.324528$ & $-0.22941$ & $-0.425577$ & $-0.442305$ & $0.830306$ & $0.873602$ & $0.856748$ & $0.0783506$ & $-0.666447$ & $-0.39482$ & $-0.507868$ & $0.406982$ & $0.291046$ & $0.0152714$ & $0.0782409$ & $0.0256977$ & $-0.0134573$ & $0.108437$ & $0.545001$ & $-0.0187618$ & $0.0140385$ & $-0.000749616$ & $-0.0110797$ & $-0.0137688$ & $0.00959929$ & $-0.0783626$ & $-0.0266814$ & $0.076553$ & $-0.039029$ & $0.0650133$ & $-0.0264051$ & $-0.00215827$ & $-0.0358844$ & $0.0353114$ \\
CHWHB_gagaorth & $-0.00536006$ & $0.0158489$ & $0.0410743$ & $-0.0124292$ & $0.0187115$ & $0.0345549$ & $0.0334813$ & $-0.54649$ & $-0.540941$ & $1$ & $0.328852$ & $0.667572$ & $-0.213906$ & $0.247471$ & $-0.140142$ & $-0.149592$ & $0.428672$ & $0.491247$ & $0.493155$ & $-0.318252$ & $-0.343228$ & $-0.339352$ & $-0.084977$ & $0.539548$ & $0.481961$ & $0.230312$ & $-0.203636$ & $-0.111403$ & $-0.0306472$ & $-0.125085$ & $-0.0456685$ & $0.0505934$ & $-0.160897$ & $-0.323887$ & $0.0744177$ & $0.00838334$ & $0.02349$ & $0.0120533$ & $0.0424911$ & $0.00126209$ & $0.0149174$ & $0.00583689$ & $-0.0376626$ & $0.00580881$ & $-0.0151273$ & $0.0104997$ & $0.0366741$ & $0.0262363$ & $-0.0405217$ \\
CHD & $-0.0259027$ & $0.0728676$ & $0.0267101$ & $-0.0259673$ & $0.0249205$ & $0.207717$ & $0.00972189$ & $-0.878036$ & $-0.85865$ & $0.328852$ & $1$ & $0.299407$ & $-0.136995$ & $-0.511662$ & $-0.422184$ & $-0.44105$ & $-0.234747$ & $0.0499549$ & $0.0757569$ & $-0.990064$ & $-0.991151$ & $-0.969286$ & $-0.0107854$ & $0.308214$ & $0.00365878$ & $0.565016$ & $-0.284593$ & $-0.330989$ & $0.0118925$ & $-0.00907292$ & $0.00594748$ & $0.0226845$ & $-0.0237171$ & $-0.362056$ & $-0.0175091$ & $-0.0207579$ & $-0.00926899$ & $-0.00878599$ & $-0.00833432$ & $-0.00621292$ & $0.0375594$ & $0.0128497$ & $-0.00739727$ & $0.0105864$ & $-0.0352033$ & $-0.0189497$ & $-0.0106318$ & $0.0132595$ & $0.000631325$ \\
CHbox & $0.0142651$ & $-0.0174705$ & $0.0269895$ & $-0.0121626$ & $0.0212051$ & $0.0425777$ & $-0.00291332$ & $-0.298079$ & $-0.27518$ & $0.667572$ & $0.299407$ & $1$ & $-0.1043$ & $-0.125194$ & $-0.0660564$ & $-0.0670924$ & $-0.00880867$ & $0.0407226$ & $0.0446177$ & $-0.280639$ & $-0.309596$ & $-0.302569$ & $-0.0551388$ & $0.164125$ & $0.0387811$ & $0.19704$ & $-0.154114$ & $-0.0998297$ & $0.00527566$ & $0.16544$ & $0.0221094$ & $0.079825$ & $0.161636$ & $-0.189299$ & $0.0903744$ & $0.0567905$ & $0.0150983$ & $-0.0171304$ & $0.0179256$ & $-0.00330037$ & $-0.0144838$ & $-0.0159207$ & $-0.0290152$ & $-0.00553037$ & $0.0221476$ & $-0.0158261$ & $0.0122123$ & $0.00733168$ & $-0.023076$ \\
CH & $0.0444729$ & $-0.0554412$ & $-0.0234934$ & $-0.00571849$ & $-0.0125415$ & $-0.00202602$ & $-0.250122$ & $0.295304$ & $0.289731$ & $-0.213906$ & $-0.136995$ & $-0.1043$ & $1$ & $-0.216618$ & $0.0551984$ & $0.0747047$ & $-0.315715$ & $-0.325905$ & $-0.335679$ & $0.133232$ & $0.144601$ & $0.142482$ & $0.0306244$ & $-0.339463$ & $-0.325474$ & $-0.0887222$ & $0.116982$ & $0.0378951$ & $0.0476549$ & $0.213871$ & $0.0816798$ & $-0.208505$ & $0.266529$ & $0.186399$ & $0.0414298$ & $0.0290437$ & $-0.0113238$ & $-0.0145145$ & $0.0398907$ & $0.0110296$ & $-0.0304138$ & $-0.00462842$ & $0.0157077$ & $-0.0215$ & $0.0362906$ & $-0.0158542$ & $0.0148864$ & $-0.00815149$ & $-0.0145891$ \\
CHL1_11 & $-0.045025$ & $0.0119391$ & $0.0222558$ & $0.033741$ & $-0.0105263$ & $0.0130519$ & $0.0528444$ & $0.0925575$ & $0.0808119$ & $0.247471$ & $-0.511662$ & $-0.125194$ & $-0.216618$ & $1$ & $0.257811$ & $0.244811$ & $0.67336$ & $0.61171$ & $0.600324$ & $0.528182$ & $0.475668$ & $0.459972$ & $-0.0976596$ & $0.47071$ & $0.621903$ & $-0.254443$ & $-0.090796$ & $0.167038$ & $-0.0313026$ & $-0.0900032$ & $-0.0339328$ & $0.02724$ & $-0.0864778$ & $-0.210499$ & $0.016774$ & $-0.0264073$ & $0.0236668$ & $0.0402086$ & $0.0145639$ & $-0.0219428$ & $0.0526257$ & $0.0121618$ & $-0.0131437$ & $0.000242883$ & $-0.0436545$ & $0.0429476$ & $0.00877679$ & $0.0225603$ & $-0.0211399$ \\
CHL1_22 & $-0.000270597$ & $-0.0185326$ & $-0.0324382$ & $-0.0232229$ & $-0.00935039$ & $-0.0968114$ & $-0.0216575$ & $0.304715$ & $0.30349$ & $-0.140142$ & $-0.422184$ & $-0.0660564$ & $0.0551984$ & $0.257811$ & $1$ & $0.44865$ & $0.163521$ & $-0.45228$ & $-0.046809$ & $0.486265$ & $0.341159$ & $0.32848$ & $-0.190257$ & $0.10564$ & $-0.12613$ & $-0.175308$ & $-0.386112$ & $0.119549$ & $-0.00436852$ & $0.00317443$ & $-0.0415308$ & $-0.0207329$ & $0.0320414$ & $-0.59116$ & $-0.0121242$ & $0.035264$ & $0.0185885$ & $0.0244081$ & $-0.0139591$ & $-0.0123464$ & $0.00384656$ & $0.0158157$ & $0.037808$ & $-0.00227537$ & $0.010678$ & $-0.0275453$ & $-0.00443273$ & $0.0150148$ & $0.0462522$ \\
CHL1_33 & $-0.0626665$ & $-0.0430549$ & $-0.0348299$ & $0.0338019$ & $-0.00751464$ & $-0.105828$ & $-0.0365557$ & $0.331725$ & $0.324528$ & $-0.149592$ & $-0.44105$ & $-0.0670924$ & $0.0747047$ & $0.244811$ & $0.44865$ & $1$ & $0.154292$ & $-0.0431094$ & $-0.463288$ & $0.505359$ & $0.361517$ & $0.376537$ & $-0.19417$ & $0.0876743$ & $-0.136028$ & $-0.182312$ & $-0.370494$ & $0.121204$ & $-0.0173534$ & $0.00285902$ & $-0.0535194$ & $-0.0290181$ & $0.00423959$ & $-0.0702459$ & $-0.00405363$ & $0.0594056$ & $0.0296756$ & $-0.0320015$ & $0.00665085$ & $-0.0215066$ & $0.048095$ & $-0.000683929$ & $0.0328249$ & $-0.0196035$ & $-0.0286998$ & $-0.000447482$ & $0.00519324$ & $-0.0624926$ & $0.0136822$ \\
CHL3_11 & $-0.0522818$ & $0.0745005$ & $0.0232957$ & $0.02514$ & $0.0080217$ & $-0.238459$ & $0.0893612$ & $-0.223683$ & $-0.22941$ & $0.428672$ & $-0.234747$ & $-0.00880867$ & $-0.315715$ & $0.67336$ & $0.163521$ & $0.154292$ & $1$ & $0.734107$ & $0.722681$ & $0.259568$ & $0.20605$ & $0.198418$ & $-0.0951847$ & $0.65858$ & $0.781801$ & $-0.105197$ & $-0.15884$ & $0.065268$ & $-0.0428073$ & $-0.088193$ & $-0.0425782$ & $0.0685644$ & $-0.102788$ & $-0.242185$ & $0.0286763$ & $-0.0119798$ & $0.0100885$ & $0.0309301$ & $0.0191021$ & $-0.0192315$ & $0.0636481$ & $0.028704$ & $-0.0390676$ & $0.0380783$ & $-0.0475247$ & $0.0636481$ & $0.0213504$ & $0.0367611$ & $-0.0453104$ \\
CHL3_22 & $-0.0646561$ & $0.0637726$ & $0.0458595$ & $0.0404337$ & $0.00758264$ & $-0.0254934$ & $0.0841366$ & $-0.421134$ & $-0.425577$ & $0.491247$ & $0.0499549$ & $0.0407226$ & $-0.325905$ & $0.61171$ & $-0.45228$ & $-0.0431094$ & $0.734107$ & $1$ & $0.673391$ & $-0.050776$ & $-0.0426785$ & $-0.0395023$ & $-0.00352239$ & $0.608131$ & $0.796888$ & $0.0265575$ & $-0.00131629$ & $-0.0162116$ & $-0.0348669$ & $-0.0922566$ & $-0.0174635$ & $0.0649137$ & $-0.116927$ & $0.0456759$ & $0.0232089$ & $-0.0420416$ & $0.0039023$ & $0.0158918$ & $0.0255531$ & $-0.0176696$ & $0.074285$ & $0.0132646$ & $-0.0451666$ & $0.0160237$ & $-0.0661248$ & $0.0683758$ & $0.013675$ & $0.0146763$ & $-0.0580952$ \\
CHL3_33 & $-0.0104228$ & $0.0843465$ & $0.0467818$ & $-0.00177647$ & $0.00176576$ & $-0.0203625$ & $0.0950144$ & $-0.442078$ & $-0.442305$ & $0.493155$ & $0.0757569$ & $0.0446177$ & $-0.335679$ & $0.600324$ & $-0.046809$ & $-0.463288$ & $0.722681$ & $0.673391$ & $1$ & $-0.0792706$ & $-0.0655855$ & $-0.0626268$ & $0.00462406$ & $0.60378$ & $0.796194$ & $0.0390606$ & $0.00509923$ & $-0.0189499$ & $-0.0258335$ & $-0.0849135$ & $-0.00497161$ & $0.0720445$ & $-0.0913403$ & $-0.342241$ & $0.018873$ & $-0.0529606$ & $-0.011035$ & $0.0560083$ & $0.00991022$ & $-0.0105156$ & $0.0371635$ & $0.0215896$ & $-0.0484568$ & $0.0429802$ & $-0.0386452$ & $0.0522091$ & $0.00209445$ & $0.0758488$ & $-0.0348035$ \\
CHe_11 & $0.00464997$ & $-0.0483917$ & $-0.0180833$ & $0.0273446$ & $-0.0156029$ & $-0.207737$ & $-0.0107661$ & $0.848488$ & $0.830306$ & $-0.318252$ & $-0.990064$ & $-0.280639$ & $0.133232$ & $0.528182$ & $0.486265$ & $0.505359$ & $0.259568$ & $-0.050776$ & $-0.0792706$ & $1$ & $0.972659$ & $0.951627$ & $-0.0119744$ & $-0.250637$ & $0.00657199$ & $-0.553801$ & $0.210888$ & $0.325548$ & $-0.0134941$ & $0.00925132$ & $-0.00990803$ & $-0.0224918$ & $0.0283577$ & $0.284328$ & $0.00773702$ & $0.0200838$ & $0.0127028$ & $0.0121226$ & $0.00848369$ & $-0.000703144$ & $-0.024956$ & $-0.00985261$ & $0.0135969$ & $-0.00989244$ & $0.0292784$ & $0.0221083$ & $0.00829394$ & $-0.0140344$ & $0.0085582$ \\
CHe_22 & $0.0195555$ & $-0.0490995$ & $-0.0154365$ & $0.0301894$ & $-0.0156465$ & $-0.212591$ & $-0.00927513$ & $0.893412$ & $0.873602$ & $-0.343228$ & $-0.991151$ & $-0.309596$ & $0.144601$ & $0.475668$ & $0.341159$ & $0.361517$ & $0.20605$ & $-0.0426785$ & $-0.0655855$ & $0.972659$ & $1$ & $0.974548$ & $0.0429154$ & $-0.361857$ & $-0.00512347$ & $-0.570871$ & $0.365492$ & $0.333611$ & $-0.00876558$ & $0.0118546$ & $0.00464146$ & $-0.0237218$ & $0.0268009$ & $0.445105$ & $0.0137004$ & $0.0135053$ & $0.00842978$ & $0.00932902$ & $0.00948799$ & $0.00788434$ & $-0.0435036$ & $-0.0137925$ & $0.00361204$ & $-0.00342376$ & $0.0404794$ & $0.0256742$ & $0.0129234$ & $-0.0109369$ & $-0.00112625$ \\
CHe_33 & $0.0208948$ & $-0.0470651$ & $-0.0140757$ & $0.0314009$ & $-0.0191643$ & $-0.209042$ & $-0.0112468$ & $0.875699$ & $0.856748$ & $-0.339352$ & $-0.969286$ & $-0.302569$ & $0.142482$ & $0.459972$ & $0.32848$ & $0.376537$ & $0.198418$ & $-0.0395023$ & $-0.0626268$ & $0.951627$ & $0.974548$ & $1$ & $0.0481424$ & $-0.358728$ & $-0.00607967$ & $-0.561491$ & $0.360401$ & $0.32627$ & $-0.00919037$ & $0.0155786$ & $0.00165334$ & $-0.0250374$ & $0.0288171$ & $0.444442$ & $0.0110118$ & $0.0172862$ & $0.00724704$ & $0.0125552$ & $0.0102727$ & $0.0110267$ & $-0.0427002$ & $-0.0163077$ & $0.00602174$ & $0.00203717$ & $0.0363182$ & $0.0300105$ & $0.00640489$ & $-0.0135142$ & $0.00342556$ \\
CHQ1_11 & $0.00501294$ & $0.0301395$ & $-6.33407e-05$ & $-0.0313944$ & $-0.00718624$ & $-0.0328096$ & $0.00778615$ & $0.0770883$ & $0.0783506$ & $-0.084977$ & $-0.0107854$ & $-0.0551388$ & $0.0306244$ & $-0.0976596$ & $-0.190257$ & $-0.19417$ & $-0.0951847$ & $-0.00352239$ & $0.00462406$ & $-0.0119744$ & $0.0429154$ & $0.0481424$ & $1$ & $-0.159106$ & $0.0611297$ & $-0.671993$ & $0.371414$ & $0.0164734$ & $0.028729$ & $0.0112756$ & $0.0163084$ & $0.000404192$ & $0.029167$ & $0.224827$ & $-0.0492285$ & $-0.0454892$ & $-0.0253782$ & $0.00586908$ & $-0.0404307$ & $0.00450656$ & $0.0261121$ & $-0.0292129$ & $0.00530874$ & $-0.0128282$ & $0.014972$ & $0.0275082$ & $0.003264$ & $0.0193253$ & $0.0134653$ \\
CHQ1_33 & $-0.125628$ & $0.068512$ & $0.0263841$ & $0.0109644$ & $0.00422504$ & $0.032889$ & $0.0683465$ & $-0.671836$ & $-0.666447$ & $0.539548$ & $0.308214$ & $0.164125$ & $-0.339463$ & $0.47071$ & $0.10564$ & $0.0876743$ & $0.65858$ & $0.608131$ & $0.60378$ & $-0.250637$ & $-0.361857$ & $-0.358728$ & $-0.159106$ & $1$ & $0.631595$ & $0.221476$ & $-0.435735$ & $-0.0228567$ & $-0.0166871$ & $-0.109755$ & $-0.0482937$ & $0.0536549$ & $-0.119633$ & $-0.635287$ & $-0.00741534$ & $-0.0233151$ & $0.0117082$ & $0.026473$ & $0.0220971$ & $-0.0203541$ & $0.103651$ & $0.0272485$ & $-0.0336582$ & $0.0180647$ & $-0.0565146$ & $0.062831$ & $0.0272406$ & $0.0259285$ & $-0.0320574$ \\
CHQ3_11 & $-0.132316$ & $0.112608$ & $0.0685911$ & $0.0425834$ & $0.00609199$ & $-0.0746215$ & $0.0954697$ & $-0.393021$ & $-0.39482$ & $0.481961$ & $0.00365878$ & $0.0387811$ & $-0.325474$ & $0.621903$ & $-0.12613$ & $-0.136028$ & $0.781801$ & $0.796888$ & $0.796194$ & $0.00657199$ & $-0.00512347$ & $-0.00607967$ & $0.0611297$ & $0.631595$ & $1$ & $0.0157118$ & $0.199112$ & $-0.00721105$ & $-0.0206034$ & $-0.102354$ & $-0.00247503$ & $0.067884$ & $-0.117827$ & $-0.201671$ & $0.0230591$ & $-0.0321449$ & $0.0323013$ & $0.0107568$ & $0.0405297$ & $-0.00500101$ & $0.0670369$ & $0.0117248$ & $-0.042471$ & $0.0641383$ & $-0.0372939$ & $0.102421$ & $0.0484858$ & $0.0422114$ & $-0.0329192$ \\
CHu_11 & $-0.0468616$ & $0.0262037$ & $0.0323122$ & $0.0270627$ & $0.00374859$ & $0.139144$ & $-0.00116213$ & $-0.517257$ & $-0.507868$ & $0.230312$ & $0.565016$ & $0.19704$ & $-0.0887222$ & $-0.254443$ & $-0.175308$ & $-0.182312$ & $-0.105197$ & $0.0265575$ & $0.0390606$ & $-0.553801$ & $-0.570871$ & $-0.561491$ & $-0.671993$ & $0.221476$ & $0.0157118$ & $1$ & $-0.196824$ & $-0.202275$ & $-0.0112839$ & $-0.0410459$ & $0.00889362$ & $0.00306157$ & $-0.0627606$ & $-0.278002$ & $0.0567244$ & $0.0391106$ & $0.0266233$ & $-0.0118841$ & $0.0595313$ & $0.00839637$ & $-0.0192664$ & $0.0238721$ & $-0.0174196$ & $0.0297324$ & $-0.0141578$ & $-0.000213654$ & $0.00828471$ & $0.000750747$ & $-0.0123868$ \\
CHd_11 & $0.0604179$ & $0.00579168$ & $0.0279161$ & $0.0261159$ & $-0.00436284$ & $-0.0888255$ & $0.01345$ & $0.414873$ & $0.406982$ & $-0.203636$ & $-0.284593$ & $-0.154114$ & $0.116982$ & $-0.090796$ & $-0.386112$ & $-0.370494$ & $-0.15884$ & $-0.00131629$ & $0.00509923$ & $0.210888$ & $0.365492$ & $0.360401$ & $0.371414$ & $-0.435735$ & $0.199112$ & $-0.196824$ & $1$ & $0.0901905$ & $0.0301308$ & $0.00428602$ & $0.0660724$ & $-0.00584646$ & $0.00804743$ & $0.669446$ & $0.0399548$ & $-0.00296583$ & $-0.02203$ & $-0.027084$ & $0.0184361$ & $0.055965$ & $-0.101696$ & $-0.0328574$ & $-0.0255601$ & $0.0569082$ & $0.0707677$ & $0.0485843$ & $0.0404842$ & $0.0286405$ & $-0.00424409$ \\
CHd_33 & $-0.0319717$ & $-0.00297559$ & $0.015318$ & $-0.00908465$ & $-0.0162662$ & $-0.060755$ & $-0.0102834$ & $0.297816$ & $0.291046$ & $-0.111403$ & $-0.330989$ & $-0.0998297$ & $0.0378951$ & $0.167038$ & $0.119549$ & $0.121204$ & $0.065268$ & $-0.0162116$ & $-0.0189499$ & $0.325548$ & $0.333611$ & $0.32627$ & $0.0164734$ & $-0.0228567$ & $-0.00721105$ & $-0.202275$ & $0.0901905$ & $1$ & $0.0315358$ & $-0.00706046$ & $-0.00446244$ & $-0.0195961$ & $0.00242076$ & $0.142135$ & $-0.0154249$ & $-0.00236954$ & $0.00683059$ & $0.00473416$ & $-0.010922$ & $-0.0177785$ & $-0.00928168$ & $-0.00991197$ & $-0.0376472$ & $-0.0187517$ & $0.0474096$ & $0.0393246$ & $-0.0170329$ & $0.0158819$ & $-0.0149984$ \\
CeH_22r & $0.0168378$ & $-0.00422955$ & $0.000325503$ & $-0.0314461$ & $-0.0176379$ & $0.0017512$ & $0.0227774$ & $0.00876159$ & $0.0152714$ & $-0.0306472$ & $0.0118925$ & $0.00527566$ & $0.0476549$ & $-0.0313026$ & $-0.00436852$ & $-0.0173534$ & $-0.0428073$ & $-0.0348669$ & $-0.0258335$ & $-0.0134941$ & $-0.00876558$ & $-0.00919037$ & $0.028729$ & $-0.0166871$ & $-0.0206034$ & $-0.0112839$ & $0.0301308$ & $0.0315358$ & $1$ & $0.0472397$ & $0.0449893$ & $0.0146442$ & $0.0642845$ & $0.00900972$ & $0.00387401$ & $-0.00422235$ & $-0.0508622$ & $0.0302708$ & $-0.0157755$ & $-0.0024488$ & $-0.0183138$ & $-0.000426401$ & $-0.0188891$ & $0.0685595$ & $0.00140931$ & $-0.0425173$ & $-0.0236213$ & $-0.0107287$ & $-0.000627805$ \\
CeH_33r & $0.0487184$ & $-0.0179967$ & $0.00432425$ & $-0.0210967$ & $0.00334263$ & $-0.00677622$ & $-0.103036$ & $0.0573811$ & $0.0782409$ & $-0.125085$ & $-0.00907292$ & $0.16544$ & $0.213871$ & $-0.0900032$ & $0.00317443$ & $0.00285902$ & $-0.088193$ & $-0.0922566$ & $-0.0849135$ & $0.00925132$ & $0.0118546$ & $0.0155786$ & $0.0112756$ & $-0.109755$ & $-0.102354$ & $-0.0410459$ & $0.00428602$ & $-0.00706046$ & $0.0472397$ & $1$ & $0.294124$ & $0.0518199$ & $0.654686$ & $0.0459828$ & $-0.0274604$ & $-0.0323161$ & $-0.154889$ & $-0.0421167$ & $-0.0159139$ & $-0.0117563$ & $-0.00408149$ & $0.00310285$ & $-0.000113775$ & $-0.0486077$ & $0.0689758$ & $0.0352345$ & $-0.0184772$ & $0.0104414$ & $0.00910312$ \\
CuH_22r & $-0.045962$ & $0.0233239$ & $0.0325038$ & $-0.00940266$ & $-0.00219802$ & $-0.0135096$ & $-0.0659432$ & $0.0177118$ & $0.0256977$ & $-0.0456685$ & $0.00594748$ & $0.0221094$ & $0.0816798$ & $-0.0339328$ & $-0.0415308$ & $-0.0535194$ & $-0.0425782$ & $-0.0174635$ & $-0.00497161$ & $-0.00990803$ & $0.00464146$ & $0.00165334$ & $0.0163084$ & $-0.0482937$ & $-0.00247503$ & $0.00889362$ & $0.0660724$ & $-0.00446244$ & $0.0449893$ & $0.294124$ & $1$ & $0.0200507$ & $0.280952$ & $0.0470928$ & $-0.0181239$ & $0.00140394$ & $-0.046078$ & $-0.0151694$ & $0.0927967$ & $0.0421329$ & $-0.00523502$ & $-0.0175638$ & $-0.0554712$ & $0.00029595$ & $-0.0232586$ & $0.0755555$ & $0.28973$ & $-0.0315219$ & $-0.105307$ \\
CuH_33r & $0.0226805$ & $-0.0272098$ & $-0.0376595$ & $-0.0382879$ & $-0.0303432$ & $-0.0280109$ & $0.930464$ & $-0.0527306$ & $-0.0134573$ & $0.0505934$ & $0.0226845$ & $0.079825$ & $-0.208505$ & $0.02724$ & $-0.0207329$ & $-0.0290181$ & $0.0685644$ & $0.0649137$ & $0.0720445$ & $-0.0224918$ & $-0.0237218$ & $-0.0250374$ & $0.000404192$ & $0.0536549$ & $0.067884$ & $0.00306157$ & $-0.00584646$ & $-0.0195961$ & $0.0146442$ & $0.0518199$ & $0.0200507$ & $1$ & $0.0542859$ & $-0.0233779$ & $0.098029$ & $0.0388128$ & $-0.0768507$ & $-0.039766$ & $0.00867276$ & $-0.0153994$ & $-0.00675755$ & $-0.00407344$ & $-0.0255394$ & $0.0157593$ & $0.069223$ & $-0.0240093$ & $-0.0383104$ & $0.0114498$ & $-0.0141745$ \\
CdH_33r & $0.107702$ & $0.0658976$ & $-0.0185257$ & $-0.0340559$ & $0.00136288$ & $0.0101228$ & $-0.117123$ & $0.0732205$ & $0.108437$ & $-0.160897$ & $-0.0237171$ & $0.161636$ & $0.266529$ & $-0.0864778$ & $0.0320414$ & $0.00423959$ & $-0.102788$ & $-0.116927$ & $-0.0913403$ & $0.0283577$ & $0.0268009$ & $0.0288171$ & $0.029167$ & $-0.119633$ & $-0.117827$ & $-0.0627606$ & $0.00804743$ & $0.00242076$ & $0.0642845$ & $0.654686$ & $0.280952$ & $0.0542859$ & $1$ & $0.0336807$ & $-0.151054$ & $-0.0545566$ & $-0.170306$ & $-0.0257122$ & $-0.130919$ & $-0.0390301$ & $-0.0437043$ & $0.0301876$ & $0.132149$ & $-0.0445475$ & $0.00111589$ & $-0.101631$ & $-0.221923$ & $0.148145$ & $0.434235$ \\
CLL_1221 & $0.0292361$ & $-0.0183498$ & $0.00071264$ & $0.040975$ & $-0.00504802$ & $-0.127831$ & $-0.0192298$ & $0.557418$ & $0.545001$ & $-0.323887$ & $-0.362056$ & $-0.189299$ & $0.186399$ & $-0.210499$ & $-0.59116$ & $-0.0702459$ & $-0.242185$ & $0.0456759$ & $-0.342241$ & $0.284328$ & $0.445105$ & $0.444442$ & $0.224827$ & $-0.635287$ & $-0.201671$ & $-0.278002$ & $0.669446$ & $0.142135$ & $0.00900972$ & $0.0459828$ & $0.0470928$ & $-0.0233779$ & $0.0336807$ & $1$ & $0.0116769$ & $0.00113643$ & $-0.0142502$ & $-0.0299975$ & $0.0111074$ & $0.0230508$ & $-0.0646452$ & $-0.0251869$ & $-0.0153008$ & $-0.00042578$ & $0.0453041$ & $0.0275421$ & $0.0160583$ & $-0.0392889$ & $-0.0262551$ \\
eHggint & $0.154732$ & $-0.147869$ & $0.0194833$ & $0.100775$ & $0.0012811$ & $0.00993937$ & $0.0131008$ & $0.00798716$ & $-0.0187618$ & $0.0744177$ & $-0.0175091$ & $0.0903744$ & $0.0414298$ & $0.016774$ & $-0.0121242$ & $-0.00405363$ & $0.0286763$ & $0.0232089$ & $0.018873$ & $0.00773702$ & $0.0137004$ & $0.0110118$ & $-0.0492285$ & $-0.00741534$ & $0.0230591$ & $0.0567244$ & $0.0399548$ & $-0.0154249$ & $0.00387401$ & $-0.0274604$ & $-0.0181239$ & $0.098029$ & $-0.151054$ & $0.0116769$ & $1$ & $0.146938$ & $-0.100986$ & $0.00709952$ & $0.165508$ & $0.0636606$ & $0.0362973$ & $-0.0703307$ & $-0.179671$ & $0.123799$ & $0.0279455$ & $-0.111235$ & $0.0417067$ & $0.210499$ & $-0.34453$ \\
eHggpar & $0.0163807$ & $-0.0563953$ & $-0.0763336$ & $0.167678$ & $-0.0187635$ & $-0.0371731$ & $-0.0122647$ & $0.0312343$ & $0.0140385$ & $0.00838334$ & $-0.0207579$ & $0.0567905$ & $0.0290437$ & $-0.0264073$ & $0.035264$ & $0.0594056$ & $-0.0119798$ & $-0.0420416$ & $-0.0529606$ & $0.0200838$ & $0.0135053$ & $0.0172862$ & $-0.0454892$ & $-0.0233151$ & $-0.0321449$ & $0.0391106$ & $-0.00296583$ & $-0.00236954$ & $-0.00422235$ & $-0.0323161$ & $0.00140394$ & $0.0388128$ & $-0.0545566$ & $0.00113643$ & $0.146938$ & $1$ & $-0.00813966$ & $-0.0404598$ & $0.273652$ & $0.0335578$ & $-0.13828$ & $-0.0578464$ & $-0.0934096$ & $0.000676558$ & $0.0816503$ & $0.0841758$ & $0.0655081$ & $-0.23196$ & $-0.0132011$ \\
eHWWint & $-0.282705$ & $-0.00249805$ & $0.0390004$ & $0.203783$ & $0.024315$ & $-0.00480599$ & $-0.0461507$ & $0.00391503$ & $-0.000749616$ & $0.02349$ & $-0.00926899$ & $0.0150983$ & $-0.0113238$ & $0.0236668$ & $0.0185885$ & $0.0296756$ & $0.0100885$ & $0.0039023$ & $-0.011035$ & $0.0127028$ & $0.00842978$ & $0.00724704$ & $-0.0253782$ & $0.0117082$ & $0.0323013$ & $0.0266233$ & $-0.02203$ & $0.00683059$ & $-0.0508622$ & $-0.154889$ & $-0.046078$ & $-0.0768507$ & $-0.170306$ & $-0.0142502$ & $-0.100986$ & $-0.00813966$ & $1$ & $-0.00969361$ & $0.112571$ & $0.0119189$ & $0.00801174$ & $-0.0011396$ & $0.0492354$ & $0.031547$ & $0.0531656$ & $0.0066518$ & $0.0671385$ & $-0.0696725$ & $0.030147$ \\
eHWWpar & $-0.00306775$ & $0.07946$ & $0.0493707$ & $-0.0658501$ & $-0.00778688$ & $0.0431063$ & $-0.027875$ & $-0.0107448$ & $-0.0110797$ & $0.0120533$ & $-0.00878599$ & $-0.0171304$ & $-0.0145145$ & $0.0402086$ & $0.0244081$ & $-0.0320015$ & $0.0309301$ & $0.0158918$ & $0.0560083$ & $0.0121226$ & $0.00932902$ & $0.0125552$ & $0.00586908$ & $0.026473$ & $0.0107568$ & $-0.0118841$ & $-0.027084$ & $0.00473416$ & $0.0302708$ & $-0.0421167$ & $-0.0151694$ & $-0.039766$ & $-0.0257122$ & $-0.0299975$ & $0.00709952$ & $-0.0404598$ & $-0.00969361$ & $1$ & $-0.0317582$ & $0.0357609$ & $0.0541869$ & $-0.0338754$ & $0.0464939$ & $-0.00761646$ & $-0.0459113$ & $-0.0388412$ & $-0.00764495$ & $0.0297442$ & $0.0115352$ \\
eHZZint & $-0.203979$ & $-0.0665659$ & $0.334081$ & $0.110531$ & $-0.0206532$ & $0.0162908$ & $-0.0280221$ & $0.00322298$ & $-0.0137688$ & $0.0424911$ & $-0.00833432$ & $0.0179256$ & $0.0398907$ & $0.0145639$ & $-0.0139591$ & $0.00665085$ & $0.0191021$ & $0.0255531$ & $0.00991022$ & $0.00848369$ & $0.00948799$ & $0.0102727$ & $-0.0404307$ & $0.0220971$ & $0.0405297$ & $0.0595313$ & $0.0184361$ & $-0.010922$ & $-0.0157755$ & $-0.0159139$ & $0.0927967$ & $0.00867276$ & $-0.130919$ & $0.0111074$ & $0.165508$ & $0.273652$ & $0.112571$ & $-0.0317582$ & $1$ & $0.0568598$ & $0.0281584$ & $-0.0206154$ & $-0.182215$ & $0.0727495$ & $0.103004$ & $0.352638$ & $0.330118$ & $0.106677$ & $-0.246262$ \\
eHZZpar & $0.0694585$ & $-0.0524548$ & $-0.00294869$ & $-0.039508$ & $0.0182774$ & $-0.00579072$ & $-0.0227578$ & $0.0184871$ & $0.00959929$ & $0.00126209$ & $-0.00621292$ & $-0.00330037$ & $0.0110296$ & $-0.0219428$ & $-0.0123464$ & $-0.0215066$ & $-0.0192315$ & $-0.0176696$ & $-0.0105156$ & $-0.000703144$ & $0.00788434$ & $0.0110267$ & $0.00450656$ & $-0.0203541$ & $-0.00500101$ & $0.00839637$ & $0.055965$ & $-0.0177785$ & $-0.0024488$ & $-0.0117563$ & $0.0421329$ & $-0.0153994$ & $-0.0390301$ & $0.0230508$ & $0.0636606$ & $0.0335578$ & $0.0119189$ & $0.0357609$ & $0.0568598$ & $1$ & $-0.0672038$ & $-0.00205399$ & $-0.0548427$ & $0.020907$ & $0.0261916$ & $-0.0278317$ & $0.0326371$ & $-0.0316392$ & $-0.0456584$ \\
eHZgaint & $-0.297453$ & $0.0204172$ & $0.0609023$ & $0.222086$ & $-0.0660301$ & $-0.0181952$ & $-0.0192442$ & $-0.0749625$ & $-0.0783626$ & $0.0149174$ & $0.0375594$ & $-0.0144838$ & $-0.0304138$ & $0.0526257$ & $0.00384656$ & $0.048095$ & $0.0636481$ & $0.074285$ & $0.0371635$ & $-0.024956$ & $-0.0435036$ & $-0.0427002$ & $0.0261121$ & $0.103651$ & $0.0670369$ & $-0.0192664$ & $-0.101696$ & $-0.00928168$ & $-0.0183138$ & $-0.00408149$ & $-0.00523502$ & $-0.00675755$ & $-0.0437043$ & $-0.0646452$ & $0.0362973$ & $-0.13828$ & $0.00801174$ & $0.0541869$ & $0.0281584$ & $-0.0672038$ & $1$ & $0.0185697$ & $-0.041048$ & $-0.131757$ & $-0.242886$ & $0.182503$ & $-0.089609$ & $0.149703$ & $-0.165352$ \\
eHZgapar & $-0.0117902$ & $0.060716$ & $0.0127345$ & $0.0207744$ & $0.0118679$ & $0.00811309$ & $0.00664488$ & $-0.0252325$ & $-0.0266814$ & $0.00583689$ & $0.0128497$ & $-0.0159207$ & $-0.00462842$ & $0.0121618$ & $0.0158157$ & $-0.000683929$ & $0.028704$ & $0.0132646$ & $0.0215896$ & $-0.00985261$ & $-0.0137925$ & $-0.0163077$ & $-0.0292129$ & $0.0272485$ & $0.0117248$ & $0.0238721$ & $-0.0328574$ & $-0.00991197$ & $-0.000426401$ & $0.00310285$ & $-0.0175638$ & $-0.00407344$ & $0.0301876$ & $-0.0251869$ & $-0.0703307$ & $-0.0578464$ & $-0.0011396$ & $-0.0338754$ & $-0.0206154$ & $-0.00205399$ & $0.0185697$ & $1$ & $0.00063181$ & $-0.00286759$ & $0.0110761$ & $0.00096789$ & $-0.0528932$ & $0.0260772$ & $0.059707$ \\
eHgagaint & $0.0251077$ & $0.0827351$ & $-0.160777$ & $-0.0113304$ & $0.0299039$ & $0.0432679$ & $-0.0118719$ & $0.0185551$ & $0.076553$ & $-0.0376626$ & $-0.00739727$ & $-0.0290152$ & $0.0157077$ & $-0.0131437$ & $0.037808$ & $0.0328249$ & $-0.0390676$ & $-0.0451666$ & $-0.0484568$ & $0.0135969$ & $0.00361204$ & $0.00602174$ & $0.00530874$ & $-0.0336582$ & $-0.042471$ & $-0.0174196$ & $-0.0255601$ & $-0.0376472$ & $-0.0188891$ & $-0.000113775$ & $-0.0554712$ & $-0.0255394$ & $0.132149$ & $-0.0153008$ & $-0.179671$ & $-0.0934096$ & $0.0492354$ & $0.0464939$ & $-0.182215$ & $-0.0548427$ & $-0.041048$ & $0.00063181$ & $1$ & $-0.240867$ & $0.0376563$ & $-0.319214$ & $-0.122761$ & $-0.0723458$ & $0.286974$ \\
eHmumuint & $0.00152517$ & $0.241589$ & $0.0109087$ & $0.11643$ & $0.0202808$ & $-0.0250674$ & $0.0180138$ & $-0.0244897$ & $-0.039029$ & $0.00580881$ & $0.0105864$ & $-0.00553037$ & $-0.0215$ & $0.000242883$ & $-0.00227537$ & $-0.0196035$ & $0.0380783$ & $0.0160237$ & $0.0429802$ & $-0.00989244$ & $-0.00342376$ & $0.00203717$ & $-0.0128282$ & $0.0180647$ & $0.0641383$ & $0.0297324$ & $0.0569082$ & $-0.0187517$ & $0.0685595$ & $-0.0486077$ & $0.00029595$ & $0.0157593$ & $-0.0445475$ & $-0.00042578$ & $0.123799$ & $0.000676558$ & $0.031547$ & $-0.00761646$ & $0.0727495$ & $0.020907$ & $-0.131757$ & $-0.00286759$ & $-0.240867$ & $1$ & $-0.0218601$ & $0.0264532$ & $0.00487403$ & $0.0205908$ & $-0.0306833$ \\
eHtautauint & $-0.0152012$ & $-0.0137544$ & $-0.0904565$ & $-0.111669$ & $0.0179128$ & $-0.0100949$ & $0.0527024$ & $0.0649207$ & $0.0650133$ & $-0.0151273$ & $-0.0352033$ & $0.0221476$ & $0.0362906$ & $-0.0436545$ & $0.010678$ & $-0.0286998$ & $-0.0475247$ & $-0.0661248$ & $-0.0386452$ & $0.0292784$ & $0.0404794$ & $0.0363182$ & $0.014972$ & $-0.0565146$ & $-0.0372939$ & $-0.0141578$ & $0.0707677$ & $0.0474096$ & $0.00140931$ & $0.0689758$ & $-0.0232586$ & $0.069223$ & $0.00111589$ & $0.0453041$ & $0.0279455$ & $0.0816503$ & $0.0531656$ & $-0.0459113$ & $0.103004$ & $0.0261916$ & $-0.242886$ & $0.0110761$ & $0.0376563$ & $-0.0218601$ & $1$ & $0.01921$ & $0.0226623$ & $0.0407522$ & $-0.0390246$ \\
eHccint & $-0.326375$ & $0.0157229$ & $0.269564$ & $0.0385166$ & $-0.0240202$ & $-0.0516279$ & $-0.0273115$ & $-0.00357489$ & $-0.0264051$ & $0.0104997$ & $-0.0189497$ & $-0.0158261$ & $-0.0158542$ & $0.0429476$ & $-0.0275453$ & $-0.000447482$ & $0.0636481$ & $0.0683758$ & $0.0522091$ & $0.0221083$ & $0.0256742$ & $0.0300105$ & $0.0275082$ & $0.062831$ & $0.102421$ & $-0.000213654$ & $0.0485843$ & $0.0393246$ & $-0.0425173$ & $0.0352345$ & $0.0755555$ & $-0.0240093$ & $-0.101631$ & $0.0275421$ & $-0.111235$ & $0.0841758$ & $0.0066518$ & $-0.0388412$ & $0.352638$ & $-0.0278317$ & $0.182503$ & $0.00096789$ & $-0.319214$ & $0.0264532$ & $0.01921$ & $1$ & $0.0798354$ & $0.0261266$ & $-0.24491$ \\
eHccpar & $-0.194182$ & $0.00639723$ & $0.0164207$ & $0.0129936$ & $0.0180077$ & $-0.0389557$ & $-0.033283$ & $0.00669734$ & $-0.00215827$ & $0.0366741$ & $-0.0106318$ & $0.0122123$ & $0.0148864$ & $0.00877679$ & $-0.00443273$ & $0.00519324$ & $0.0213504$ & $0.013675$ & $0.00209445$ & $0.00829394$ & $0.0129234$ & $0.00640489$ & $0.003264$ & $0.0272406$ & $0.0484858$ & $0.00828471$ & $0.0404842$ & $-0.0170329$ & $-0.0236213$ & $-0.0184772$ & $0.28973$ & $-0.0383104$ & $-0.221923$ & $0.0160583$ & $0.0417067$ & $0.0655081$ & $0.0671385$ & $-0.00764495$ & $0.330118$ & $0.0326371$ & $-0.089609$ & $-0.0528932$ & $-0.122761$ & $0.00487403$ & $0.0226623$ & $0.0798354$ & $1$ & $-0.156315$ & $-0.402613$ \\
eHbbint & $0.173858$ & $0.0571407$ & $0.141443$ & $0.0392929$ & $-0.00523762$ & $-0.0114213$ & $0.00241798$ & $-0.0318664$ & $-0.0358844$ & $0.0262363$ & $0.0132595$ & $0.00733168$ & $-0.00815149$ & $0.0225603$ & $0.0150148$ & $-0.0624926$ & $0.0367611$ & $0.0146763$ & $0.0758488$ & $-0.0140344$ & $-0.0109369$ & $-0.0135142$ & $0.0193253$ & $0.0259285$ & $0.0422114$ & $0.000750747$ & $0.0286405$ & $0.0158819$ & $-0.0107287$ & $0.0104414$ & $-0.0315219$ & $0.0114498$ & $0.148145$ & $-0.0392889$ & $0.210499$ & $-0.23196$ & $-0.0696725$ & $0.0297442$ & $0.106677$ & $-0.0316392$ & $0.149703$ & $0.0260772$ & $-0.0723458$ & $0.0205908$ & $0.0407522$ & $0.0261266$ & $-0.156315$ & $1$ & $0.0294684$ \\
eHbbpar & $0.0446722$ & $0.139437$ & $-0.0620477$ & $0.0133667$ & $0.0172775$ & $0.0466251$ & $0.0112979$ & $0.0129739$ & $0.0353114$ & $-0.0405217$ & $0.000631325$ & $-0.023076$ & $-0.0145891$ & $-0.0211399$ & $0.0462522$ & $0.0136822$ & $-0.0453104$ & $-0.0580952$ & $-0.0348035$ & $0.0085582$ & $-0.00112625$ & $0.00342556$ & $0.0134653$ & $-0.0320574$ & $-0.0329192$ & $-0.0123868$ & $-0.00424409$ & $-0.0149984$ & $-0.000627805$ & $0.00910312$ & $-0.105307$ & $-0.0141745$ & $0.434235$ & $-0.0262551$ & $-0.34453$ & $-0.0132011$ & $0.030147$ & $0.0115352$ & $-0.246262$ & $-0.0456584$ & $-0.165352$ & $0.059707$ & $0.286974$ & $-0.0306833$ & $-0.0390246$ & $-0.24491$ & $-0.402613$ & $0.0294684$ & $1$ \\
