 & AlsMz & dAle5Mz & mtop & mHl & Mz & CW & CHG & CHWB & CHWHB_gaga & CHWHB_gagaorth & CHD & CHbox & CH & CHL1_11 & CHL1_22 & CHL1_33 & CHL3_11 & CHL3_22 & CHL3_33 & CHe_11 & CHe_22 & CHe_33 & CHQ1_11 & CHQ1_33 & CHQ3_11 & CHu_11 & CHd_11 & CHd_33 & CeH_22r & CeH_33r & CuH_22r & CuH_33r & CdH_33r & CLL_1221 & eHggint & eHggpar & eHWWint & eHWWpar & eHZZint & eHZZpar & eHZgaint & eHZgapar & eHgagaint & eHmumuint & eHtautauint & eHccint & eHccpar & eHbbint & eHbbpar \\
AlsMz & $1$ & $0.170573$ & $-0.231646$ & $0$ & $-0.056474$ & $-0.136707$ & $-0.00386792$ & $-0.240945$ & $-0.250303$ & $0.108883$ & $0.251623$ & $-0.0925838$ & $-0.137465$ & $-0.113266$ & $-0.253482$ & $0.0122554$ & $0.105437$ & $0.194186$ & $-0.000998811$ & $-0.246905$ & $-0.237943$ & $-0.232651$ & $0.165639$ & $0.0650003$ & $0.222941$ & $0.0351795$ & $0.394899$ & $-0.223822$ & $-0.011606$ & $0.00877193$ & $-0.0038966$ & $0.212481$ & $-0.0137922$ & $0.213528$ & $-0.0321714$ & $0.409674$ & $0.204784$ & $0.335922$ & $-0.290784$ & $-0.467488$ & $0.145128$ & $0.127682$ & $0.0161986$ & $0.0411738$ & $0.339129$ & $0.0850515$ & $-0.251841$ & $0.299438$ & $-0.0580894$ \\
dAle5Mz & $0.170573$ & $1$ & $0.0716197$ & $0$ & $-0.468752$ & $-0.0960123$ & $-0.0152373$ & $0.210873$ & $0.19109$ & $-0.115498$ & $0.0353521$ & $0.343134$ & $-0.0113029$ & $-0.327687$ & $0.0326557$ & $0.309495$ & $-0.297404$ & $-0.254546$ & $-0.501387$ & $-0.0167834$ & $-0.0730807$ & $-0.0586027$ & $-0.158636$ & $-0.210032$ & $-0.352221$ & $0.116668$ & $-0.146965$ & $0.0929414$ & $-0.00203052$ & $-0.0362479$ & $-0.0203681$ & $-0.0857817$ & $-0.0247602$ & $0.124825$ & $-0.342342$ & $-0.167405$ & $0.0844315$ & $-0.133274$ & $-0.116247$ & $-0.164173$ & $-0.436$ & $-0.300269$ & $-0.201629$ & $-0.321353$ & $-0.116783$ & $0.0925966$ & $0.190861$ & $-0.118536$ & $-0.138313$ \\
mtop & $-0.231646$ & $0.0716197$ & $1$ & $0$ & $0.465058$ & $0.27486$ & $0.0993194$ & $-0.132307$ & $-0.137778$ & $0.0144052$ & $0.000678733$ & $-0.417533$ & $-0.254759$ & $0.271583$ & $-0.314149$ & $-0.403112$ & $0.137226$ & $0.327305$ & $0.404$ & $-0.062678$ & $0.0844566$ & $0.0271861$ & $-0.143616$ & $0.0285524$ & $0.168427$ & $0.194007$ & $0.114832$ & $0.261004$ & $0.0537014$ & $-0.114861$ & $-0.0164373$ & $0.227747$ & $-0.100536$ & $0.228853$ & $-0.284149$ & $-0.385154$ & $-0.203761$ & $-0.759871$ & $0.702769$ & $-0.0223611$ & $-0.168051$ & $-0.486357$ & $0.398776$ & $-0.252944$ & $0.2318$ & $-0.02431$ & $0.352239$ & $-0.195822$ & $-0.195927$ \\
mHl & $0$ & $0$ & $0$ & $1$ & $0$ & $0$ & $0$ & $0$ & $0$ & $0$ & $0$ & $0$ & $0$ & $0$ & $0$ & $0$ & $0$ & $0$ & $0$ & $0$ & $0$ & $0$ & $0$ & $0$ & $0$ & $0$ & $0$ & $0$ & $0$ & $0$ & $0$ & $0$ & $0$ & $0$ & $0$ & $0$ & $0$ & $0$ & $0$ & $0$ & $0$ & $0$ & $0$ & $0$ & $0$ & $0$ & $0$ & $0$ & $0$ \\
Mz & $-0.056474$ & $-0.468752$ & $0.465058$ & $0$ & $1$ & $0.297408$ & $-0.0093807$ & $-0.0582119$ & $-0.0572912$ & $0.0324496$ & $0.00391106$ & $-0.146306$ & $0.195586$ & $0.185188$ & $0.019235$ & $-0.319688$ & $0.0217242$ & $0.0340733$ & $0.31294$ & $-0.0132468$ & $0.0414402$ & $0.0546268$ & $0.46597$ & $0.0134064$ & $0.208851$ & $-0.338653$ & $0.411381$ & $-0.178294$ & $-0.0383573$ & $0.0153214$ & $0.0111972$ & $0.00237147$ & $-0.00242887$ & $-0.135581$ & $0.470573$ & $0.39872$ & $0.199615$ & $0.158654$ & $0.155942$ & $0.152505$ & $0.0217034$ & $0.390088$ & $0.39235$ & $-0.125702$ & $-0.167626$ & $-0.0156726$ & $0.0826761$ & $0.281766$ & $0.340217$ \\
CW & $-0.136707$ & $-0.0960123$ & $0.27486$ & $0$ & $0.297408$ & $1$ & $0.0207538$ & $-0.106545$ & $-0.111812$ & $-0.0105939$ & $0.218698$ & $0.0725883$ & $0.0705688$ & $0.117372$ & $-0.183978$ & $-0.112539$ & $-0.275298$ & $0.0382024$ & $-0.0141694$ & $-0.218808$ & $-0.204049$ & $-0.173965$ & $0.173005$ & $-0.0410793$ & $-0.117024$ & $-0.0534406$ & $-0.0690715$ & $-0.0193999$ & $-0.0250987$ & $-0.0815863$ & $0.0120165$ & $-0.153888$ & $-0.0770384$ & $0.00612862$ & $0.175433$ & $-0.086655$ & $-0.276996$ & $-0.128156$ & $0.176232$ & $0.0765489$ & $0.00456155$ & $-0.0657736$ & $0.0453493$ & $-0.0162645$ & $-0.234899$ & $0.0560306$ & $0.23816$ & $0.135846$ & $0.202796$ \\
CHG & $-0.00386792$ & $-0.0152373$ & $0.0993194$ & $0$ & $-0.0093807$ & $0.0207538$ & $1$ & $0.0171396$ & $0.103401$ & $-0.00273562$ & $-0.0361202$ & $-0.0999317$ & $-0.0281299$ & $0.0238426$ & $-0.0281645$ & $0.00393811$ & $0.0222173$ & $0.0374603$ & $0.00985338$ & $0.0361564$ & $0.0426449$ & $0.0233516$ & $-0.03048$ & $1.33203e-05$ & $0.00933694$ & $0.0656673$ & $0.0211857$ & $0.0567917$ & $0.0572204$ & $-0.343906$ & $-0.217173$ & $0.0610701$ & $-0.539021$ & $0.0489215$ & $-0.064416$ & $-0.0334728$ & $-0.0310702$ & $-0.101231$ & $0.0570577$ & $0.0199329$ & $0.0280243$ & $-0.0758025$ & $0.0173546$ & $0.00934319$ & $0.0649495$ & $0.00118451$ & $-0.0157407$ & $-0.0146022$ & $-0.0193659$ \\
CHWB & $-0.240945$ & $0.210873$ & $-0.132307$ & $0$ & $-0.0582119$ & $-0.106545$ & $0.0171396$ & $1$ & $0.935088$ & $-0.576031$ & $-0.708346$ & $-0.0622076$ & $0.301131$ & $-0.301863$ & $0.562003$ & $0.0871123$ & $-0.45746$ & $-0.759145$ & $-0.486895$ & $0.676104$ & $0.718158$ & $0.629834$ & $-0.350062$ & $-0.59251$ & $-0.677613$ & $0.0102716$ & $-0.0196344$ & $0.236789$ & $0.00360801$ & $-0.0480601$ & $-0.076582$ & $-0.130427$ & $-0.0866272$ & $-0.0356919$ & $-0.385366$ & $-0.33685$ & $0.545863$ & $0.139919$ & $-0.295653$ & $0.62225$ & $-0.351378$ & $0.0950778$ & $-0.339373$ & $-0.138228$ & $-0.308477$ & $0.179713$ & $0.167387$ & $-0.290713$ & $0.30319$ \\
CHWHB_gaga & $-0.250303$ & $0.19109$ & $-0.137778$ & $0$ & $-0.0572912$ & $-0.111812$ & $0.103401$ & $0.935088$ & $1$ & $-0.559581$ & $-0.654407$ & $-0.0498848$ & $0.309805$ & $-0.301789$ & $0.524963$ & $0.0872244$ & $-0.430027$ & $-0.716719$ & $-0.472448$ & $0.624079$ & $0.662375$ & $0.571985$ & $-0.338053$ & $-0.558715$ & $-0.646414$ & $0.0240795$ & $-0.0298165$ & $0.223941$ & $0.00926443$ & $-0.0250077$ & $-0.0574364$ & $-0.153109$ & $-0.0562153$ & $-0.0268717$ & $-0.367824$ & $-0.340489$ & $0.493865$ & $0.116559$ & $-0.278195$ & $0.607012$ & $-0.315093$ & $0.0856805$ & $-0.325345$ & $-0.131478$ & $-0.298769$ & $0.16632$ & $0.139165$ & $-0.279027$ & $0.302792$ \\
CHWHB_gagaorth & $0.108883$ & $-0.115498$ & $0.0144052$ & $0$ & $0.0324496$ & $-0.0105939$ & $-0.00273562$ & $-0.576031$ & $-0.559581$ & $1$ & $0.137946$ & $0.342161$ & $-0.522674$ & $0.475143$ & $-0.055384$ & $0.00714542$ & $0.564873$ & $0.501569$ & $0.520569$ & $-0.120756$ & $-0.171937$ & $-0.178631$ & $0.250809$ & $0.556145$ & $0.595685$ & $-0.198998$ & $-0.230417$ & $-0.0157803$ & $-0.0253923$ & $-0.0734973$ & $-0.0670154$ & $0.169652$ & $-0.0991929$ & $-0.276634$ & $0.466498$ & $0.250964$ & $-0.327722$ & $-0.028556$ & $0.22523$ & $-0.406502$ & $-0.08596$ & $-0.202001$ & $0.224222$ & $0.00527319$ & $0.196544$ & $-0.378358$ & $-0.0254483$ & $-0.126055$ & $-0.516149$ \\
CHD & $0.251623$ & $0.0353521$ & $0.000678733$ & $0$ & $0.00391106$ & $0.218698$ & $-0.0361202$ & $-0.708346$ & $-0.654407$ & $0.137946$ & $1$ & $0.173094$ & $0.0605784$ & $-0.306164$ & $-0.648414$ & $-0.211919$ & $-0.223421$ & $0.259976$ & $-0.044105$ & $-0.971519$ & $-0.971113$ & $-0.837511$ & $0.469454$ & $0.0422024$ & $0.0449563$ & $-0.0140398$ & $0.211301$ & $-0.330764$ & $0.00248285$ & $0.00242777$ & $0.0616867$ & $-0.249623$ & $0.0265007$ & $0.290952$ & $0.283778$ & $0.143238$ & $-0.460642$ & $0.0217544$ & $0.145762$ & $-0.599339$ & $0.374403$ & $-0.168116$ & $0.35471$ & $-0.130103$ & $-0.0321927$ & $-0.130348$ & $-0.0760883$ & $0.443043$ & $-0.0440025$ \\
CHbox & $-0.0925838$ & $0.343134$ & $-0.417533$ & $0$ & $-0.146306$ & $0.0725883$ & $-0.0999317$ & $-0.0622076$ & $-0.0498848$ & $0.342161$ & $0.173094$ & $1$ & $0.0791681$ & $-0.180715$ & $0.256489$ & $0.306153$ & $-0.154187$ & $-0.252104$ & $-0.302165$ & $-0.101731$ & $-0.266457$ & $-0.260416$ & $0.30758$ & $0.0574058$ & $-0.193864$ & $-0.333784$ & $-0.448412$ & $-0.0373915$ & $-0.0321117$ & $0.0350231$ & $-0.00278677$ & $-0.380194$ & $0.0592833$ & $-0.33827$ & $0.38652$ & $-0.0375736$ & $-0.198478$ & $0.196219$ & $-0.13324$ & $-0.0672383$ & $-0.200308$ & $-0.0230486$ & $-0.0865804$ & $-0.198642$ & $-0.510939$ & $-0.283985$ & $0.0789787$ & $0.0178307$ & $-0.0483252$ \\
CH & $-0.137465$ & $-0.0113029$ & $-0.254759$ & $0$ & $0.195586$ & $0.0705688$ & $-0.0281299$ & $0.301131$ & $0.309805$ & $-0.522674$ & $0.0605784$ & $0.0791681$ & $1$ & $-0.472484$ & $0.113109$ & $0.168142$ & $-0.420444$ & $-0.42885$ & $-0.518723$ & $-0.0313333$ & $-0.0811672$ & $-0.0662395$ & $0.0575728$ & $-0.328864$ & $-0.413898$ & $0.0286934$ & $0.158127$ & $-0.118036$ & $0.00184234$ & $0.0610951$ & $0.0754142$ & $-0.164125$ & $0.093248$ & $0.0748787$ & $-0.0665884$ & $-0.084812$ & $0.0496044$ & $0.257427$ & $-0.0581388$ & $0.349972$ & $0.201406$ & $0.187153$ & $-0.0310335$ & $0.00612945$ & $-0.496578$ & $-0.0349464$ & $-0.128174$ & $0.346286$ & $0.396806$ \\
CHL1_11 & $-0.113266$ & $-0.327687$ & $0.271583$ & $0$ & $0.185188$ & $0.117372$ & $0.0238426$ & $-0.301863$ & $-0.301789$ & $0.475143$ & $-0.306164$ & $-0.180715$ & $-0.472484$ & $1$ & $0.00577899$ & $-0.0235001$ & $0.504135$ & $0.588326$ & $0.670701$ & $0.284963$ & $0.289689$ & $0.233424$ & $-0.109824$ & $0.564624$ & $0.642953$ & $-0.00875178$ & $-0.234963$ & $0.146845$ & $-0.014279$ & $0.0246225$ & $-0.0161099$ & $0.405531$ & $0.0392301$ & $-0.334728$ & $0.127072$ & $0.17489$ & $-0.117465$ & $-0.252213$ & $0.235102$ & $0.0216417$ & $-0.0473638$ & $0.0394884$ & $0.0284614$ & $0.267457$ & $0.384572$ & $-0.0448677$ & $-0.0478333$ & $-0.255717$ & $-0.234865$ \\
CHL1_22 & $-0.253482$ & $0.0326557$ & $-0.314149$ & $0$ & $0.019235$ & $-0.183978$ & $-0.0281645$ & $0.562003$ & $0.524963$ & $-0.055384$ & $-0.648414$ & $0.256489$ & $0.113109$ & $0.00577899$ & $1$ & $0.184916$ & $0.0209674$ & $-0.665102$ & $-0.0864009$ & $0.685759$ & $0.547711$ & $0.442917$ & $-0.168984$ & $-0.00640089$ & $-0.174711$ & $-0.147092$ & $-0.298616$ & $0.240283$ & $-0.00680482$ & $0.0127427$ & $-0.033481$ & $-0.0215716$ & $0.000125608$ & $-0.793233$ & $-0.0245427$ & $-0.0581682$ & $0.411462$ & $0.211302$ & $-0.28206$ & $0.427717$ & $-0.25757$ & $0.304893$ & $-0.268903$ & $-0.0767443$ & $-0.363108$ & $0.0651412$ & $0.252793$ & $-0.261076$ & $0.135876$ \\
CHL1_33 & $0.0122554$ & $0.309495$ & $-0.403112$ & $0$ & $-0.319688$ & $-0.112539$ & $0.00393811$ & $0.0871123$ & $0.0872244$ & $0.00714542$ & $-0.211919$ & $0.306153$ & $0.168142$ & $-0.0235001$ & $0.184916$ & $1$ & $0.131868$ & $0.0284212$ & $-0.545353$ & $0.298276$ & $0.075829$ & $0.14683$ & $-0.111277$ & $0.206116$ & $0.0534467$ & $-0.00795486$ & $-0.341903$ & $-0.0592332$ & $0.00367402$ & $0.0163599$ & $-0.0115443$ & $-0.0263784$ & $0.0288234$ & $-0.0529383$ & $-0.0436384$ & $0.0762842$ & $-0.0787414$ & $0.043078$ & $-0.252278$ & $0.017581$ & $-0.147624$ & $0.124398$ & $-0.400864$ & $0.246605$ & $-0.193457$ & $0.0531183$ & $-0.0989611$ & $-0.0199488$ & $-0.0283587$ \\
CHL3_11 & $0.105437$ & $-0.297404$ & $0.137226$ & $0$ & $0.0217242$ & $-0.275298$ & $0.0222173$ & $-0.45746$ & $-0.430027$ & $0.564873$ & $-0.223421$ & $-0.154187$ & $-0.420444$ & $0.504135$ & $0.0209674$ & $0.131868$ & $1$ & $0.649997$ & $0.649439$ & $0.216921$ & $0.20043$ & $0.165442$ & $-0.0997458$ & $0.660708$ & $0.825612$ & $0.017731$ & $-0.116842$ & $0.0440771$ & $-0.00049997$ & $0.0801333$ & $0.0437317$ & $0.465999$ & $0.104562$ & $-0.138289$ & $0.144614$ & $0.277415$ & $-0.135248$ & $-0.153491$ & $0.196923$ & $-0.142511$ & $0.0388978$ & $0.0659761$ & $0.0472128$ & $0.318024$ & $0.466911$ & $-0.0891394$ & $-0.172323$ & $-0.0710627$ & $-0.374378$ \\
CHL3_22 & $0.194186$ & $-0.254546$ & $0.327305$ & $0$ & $0.0340733$ & $0.0382024$ & $0.0374603$ & $-0.759145$ & $-0.716719$ & $0.501569$ & $0.259976$ & $-0.252104$ & $-0.42885$ & $0.588326$ & $-0.665102$ & $0.0284212$ & $0.649997$ & $1$ & $0.562413$ & $-0.266229$ & $-0.230665$ & $-0.183887$ & $0.0476727$ & $0.578545$ & $0.771936$ & $0.0993196$ & $0.0178412$ & $-0.113188$ & $-0.00194439$ & $0.0382094$ & $0.0433621$ & $0.368046$ & $0.0624023$ & $0.322134$ & $0.156019$ & $0.261136$ & $-0.428028$ & $-0.303774$ & $0.349938$ & $-0.387976$ & $0.18927$ & $-0.14628$ & $0.19168$ & $0.321465$ & $0.579743$ & $-0.108238$ & $-0.281083$ & $0.0754948$ & $-0.360607$ \\
CHL3_33 & $-0.000998811$ & $-0.501387$ & $0.404$ & $0$ & $0.31294$ & $-0.0141694$ & $0.00985338$ & $-0.486895$ & $-0.472448$ & $0.520569$ & $-0.044105$ & $-0.302165$ & $-0.518723$ & $0.670701$ & $-0.0864009$ & $-0.545353$ & $0.649439$ & $0.562413$ & $1$ & $0.00141267$ & $0.102001$ & $0.0796769$ & $0.0220485$ & $0.488395$ & $0.690411$ & $-0.0154474$ & $0.035546$ & $0.095382$ & $-0.00338931$ & $0.0447679$ & $0.0391654$ & $0.424906$ & $0.0599921$ & $-0.24852$ & $0.208907$ & $0.219656$ & $-0.0992631$ & $-0.200217$ & $0.361567$ & $-0.107574$ & $0.118932$ & $0.0152173$ & $0.302066$ & $0.122618$ & $0.492946$ & $-0.0985422$ & $-0.0352436$ & $-0.0825989$ & $-0.264271$ \\
CHe_11 & $-0.246905$ & $-0.0167834$ & $-0.062678$ & $0$ & $-0.0132468$ & $-0.218808$ & $0.0361564$ & $0.676104$ & $0.624079$ & $-0.120756$ & $-0.971519$ & $-0.101731$ & $-0.0313333$ & $0.284963$ & $0.685759$ & $0.298276$ & $0.216921$ & $-0.266229$ & $0.00141267$ & $1$ & $0.929511$ & $0.798843$ & $-0.440406$ & $0.00752221$ & $-0.0269822$ & $-0.00785663$ & $-0.261046$ & $0.310673$ & $-0.00452449$ & $-0.00848843$ & $-0.0566555$ & $0.22719$ & $-0.0396473$ & $-0.357858$ & $-0.247283$ & $-0.110476$ & $0.435334$ & $-0.00523509$ & $-0.176127$ & $0.575943$ & $-0.364133$ & $0.203731$ & $-0.377871$ & $0.140528$ & $-0.0175124$ & $0.128366$ & $0.0798959$ & $-0.414915$ & $0.0583679$ \\
CHe_22 & $-0.237943$ & $-0.0730807$ & $0.0844566$ & $0$ & $0.0414402$ & $-0.204049$ & $0.0426449$ & $0.718158$ & $0.662375$ & $-0.171937$ & $-0.971113$ & $-0.266457$ & $-0.0811672$ & $0.289689$ & $0.547711$ & $0.075829$ & $0.20043$ & $-0.230665$ & $0.102001$ & $0.929511$ & $1$ & $0.848472$ & $-0.465783$ & $-0.116379$ & $-0.0664484$ & $0.0274595$ & $-0.124373$ & $0.333383$ & $-0.000218888$ & $-0.00948053$ & $-0.064138$ & $0.263188$ & $-0.0366394$ & $-0.173115$ & $-0.303312$ & $-0.162018$ & $0.474421$ & $-0.0419339$ & $-0.0974168$ & $0.605653$ & $-0.360659$ & $0.128761$ & $-0.30034$ & $0.108547$ & $0.0907089$ & $0.131798$ & $0.060848$ & $-0.433147$ & $0.0515082$ \\
CHe_33 & $-0.232651$ & $-0.0586027$ & $0.0271861$ & $0$ & $0.0546268$ & $-0.173965$ & $0.0233516$ & $0.629834$ & $0.571985$ & $-0.178631$ & $-0.837511$ & $-0.260416$ & $-0.0662395$ & $0.233424$ & $0.442917$ & $0.14683$ & $0.165442$ & $-0.183887$ & $0.0796769$ & $0.798843$ & $0.848472$ & $1$ & $-0.41891$ & $-0.129304$ & $-0.0766993$ & $0.023925$ & $-0.132925$ & $0.227092$ & $0.0150968$ & $0.00219391$ & $-0.0338674$ & $0.273531$ & $-0.00586166$ & $-0.0951497$ & $-0.289388$ & $-0.0927825$ & $0.409657$ & $-0.0481143$ & $-0.0733757$ & $0.571407$ & $-0.347741$ & $0.173524$ & $-0.315166$ & $0.135315$ & $0.079473$ & $0.161419$ & $0.0244441$ & $-0.340781$ & $0.0812333$ \\
CHQ1_11 & $0.165639$ & $-0.158636$ & $-0.143616$ & $0$ & $0.46597$ & $0.173005$ & $-0.03048$ & $-0.350062$ & $-0.338053$ & $0.250809$ & $0.469454$ & $0.30758$ & $0.0575728$ & $-0.109824$ & $-0.168984$ & $-0.111277$ & $-0.0997458$ & $0.0476727$ & $0.0220485$ & $-0.440406$ & $-0.465783$ & $-0.41891$ & $1$ & $0.0213274$ & $0.079585$ & $-0.691852$ & $0.174165$ & $-0.252215$ & $-0.0135583$ & $-0.0174534$ & $-0.042622$ & $-0.254066$ & $-0.0447082$ & $-0.0522797$ & $0.579123$ & $0.342076$ & $-0.126133$ & $0.244286$ & $0.145891$ & $-0.259059$ & $0.209762$ & $0.117403$ & $0.341879$ & $-0.175112$ & $-0.398587$ & $-0.265096$ & $-0.0980506$ & $0.290104$ & $0.0692855$ \\
CHQ1_33 & $0.0650003$ & $-0.210032$ & $0.0285524$ & $0$ & $0.0134064$ & $-0.0410793$ & $1.33203e-05$ & $-0.59251$ & $-0.558715$ & $0.556145$ & $0.0422024$ & $0.0574058$ & $-0.328864$ & $0.564624$ & $-0.00640089$ & $0.206116$ & $0.660708$ & $0.578545$ & $0.488395$ & $0.00752221$ & $-0.116379$ & $-0.129304$ & $0.0213274$ & $1$ & $0.658374$ & $-0.0241176$ & $-0.189768$ & $0.0552105$ & $-0.00894322$ & $0.0444558$ & $0.0476297$ & $0.295892$ & $0.0783082$ & $-0.34236$ & $0.27006$ & $0.349598$ & $-0.229328$ & $-0.0880386$ & $0.0912209$ & $-0.256824$ & $0.1137$ & $0.121862$ & $0.0261578$ & $0.27585$ & $0.28642$ & $-0.052716$ & $-0.0795054$ & $0.0516304$ & $-0.269685$ \\
CHQ3_11 & $0.222941$ & $-0.352221$ & $0.168427$ & $0$ & $0.208851$ & $-0.117024$ & $0.00933694$ & $-0.677613$ & $-0.646414$ & $0.595685$ & $0.0449563$ & $-0.193864$ & $-0.413898$ & $0.642953$ & $-0.174711$ & $0.0534467$ & $0.825612$ & $0.771936$ & $0.690411$ & $-0.0269822$ & $-0.0664484$ & $-0.0766993$ & $0.079585$ & $0.658374$ & $1$ & $-0.0248822$ & $0.139202$ & $-0.0265761$ & $-0.00316631$ & $0.0745166$ & $0.0584643$ & $0.422542$ & $0.088002$ & $-0.167982$ & $0.274754$ & $0.424865$ & $-0.119768$ & $-0.0844146$ & $0.230869$ & $-0.344763$ & $0.0983272$ & $0.0561215$ & $0.255749$ & $0.239784$ & $0.467373$ & $-0.105553$ & $-0.156842$ & $0.0146199$ & $-0.325491$ \\
CHu_11 & $0.0351795$ & $0.116668$ & $0.194007$ & $0$ & $-0.338653$ & $-0.0534406$ & $0.0656673$ & $0.0102716$ & $0.0240795$ & $-0.198998$ & $-0.0140398$ & $-0.333784$ & $0.0286934$ & $-0.00875178$ & $-0.147092$ & $-0.00795486$ & $0.017731$ & $0.0993196$ & $-0.0154474$ & $-0.00785663$ & $0.0274595$ & $0.023925$ & $-0.691852$ & $-0.0241176$ & $-0.0248822$ & $1$ & $0.14119$ & $0.0910977$ & $0.02528$ & $-0.0169746$ & $0.0423234$ & $0.264053$ & $0.00658605$ & $0.194892$ & $-0.463704$ & $-0.245744$ & $0.00507797$ & $-0.199516$ & $-0.0128304$ & $-0.0414262$ & $-0.00267715$ & $-0.241838$ & $-0.0601738$ & $0.110628$ & $0.423541$ & $0.175474$ & $0.0363469$ & $-0.05387$ & $-0.116711$ \\
CHd_11 & $0.394899$ & $-0.146965$ & $0.114832$ & $0$ & $0.411381$ & $-0.0690715$ & $0.0211857$ & $-0.0196344$ & $-0.0298165$ & $-0.230417$ & $0.211301$ & $-0.448412$ & $0.158127$ & $-0.234963$ & $-0.298616$ & $-0.341903$ & $-0.116842$ & $0.0178412$ & $0.035546$ & $-0.261046$ & $-0.124373$ & $-0.132925$ & $0.174165$ & $-0.189768$ & $0.139202$ & $0.14119$ & $1$ & $-0.13677$ & $0.0131521$ & $-0.0075013$ & $0.0301357$ & $0.0624146$ & $-0.0474417$ & $0.363386$ & $0.00215784$ & $0.237236$ & $0.470069$ & $0.299968$ & $-0.00735787$ & $-0.214843$ & $0.0422963$ & $-0.015884$ & $0.457939$ & $-0.21098$ & $0.150229$ & $0.0395161$ & $-0.0403312$ & $0.20098$ & $0.117891$ \\
CHd_33 & $-0.223822$ & $0.0929414$ & $0.261004$ & $0$ & $-0.178294$ & $-0.0193999$ & $0.0567917$ & $0.236789$ & $0.223941$ & $-0.0157803$ & $-0.330764$ & $-0.0373915$ & $-0.118036$ & $0.146845$ & $0.240283$ & $-0.0592332$ & $0.0440771$ & $-0.113188$ & $0.095382$ & $0.310673$ & $0.333383$ & $0.227092$ & $-0.252215$ & $0.0552105$ & $-0.0265761$ & $0.0910977$ & $-0.13677$ & $1$ & $0.0222927$ & $-0.0357543$ & $-0.0522011$ & $0.05736$ & $-0.0368231$ & $-0.155667$ & $-0.116321$ & $-0.202121$ & $0.147366$ & $-0.0992527$ & $0.0313325$ & $0.328105$ & $-0.124885$ & $-0.088811$ & $-0.216586$ & $-0.00985793$ & $0.0238277$ & $0.107353$ & $0.173926$ & $-0.191036$ & $0.00819861$ \\
CeH_22r & $-0.011606$ & $-0.00203052$ & $0.0537014$ & $0$ & $-0.0383573$ & $-0.0250987$ & $0.0572204$ & $0.00360801$ & $0.00926443$ & $-0.0253923$ & $0.00248285$ & $-0.0321117$ & $0.00184234$ & $-0.014279$ & $-0.00680482$ & $0.00367402$ & $-0.00049997$ & $-0.00194439$ & $-0.00338931$ & $-0.00452449$ & $-0.000218888$ & $0.0150968$ & $-0.0135583$ & $-0.00894322$ & $-0.00316631$ & $0.02528$ & $0.0131521$ & $0.0222927$ & $1$ & $0.0114921$ & $0.00941061$ & $-0.00147767$ & $0.0180334$ & $0.0144986$ & $-0.0311319$ & $-0.0301833$ & $0.00809749$ & $-0.0334775$ & $0.0122796$ & $-0.00873517$ & $0.00530936$ & $-0.0232105$ & $0.0258863$ & $-0.0103621$ & $0.00701414$ & $0.0104598$ & $0.0135359$ & $-0.0205841$ & $-0.0166108$ \\
CeH_33r & $0.00877193$ & $-0.0362479$ & $-0.114861$ & $0$ & $0.0153214$ & $-0.0815863$ & $-0.343906$ & $-0.0480601$ & $-0.0250077$ & $-0.0734973$ & $0.00242777$ & $0.0350231$ & $0.0610951$ & $0.0246225$ & $0.0127427$ & $0.0163599$ & $0.0801333$ & $0.0382094$ & $0.0447679$ & $-0.00848843$ & $-0.00948053$ & $0.00219391$ & $-0.0174534$ & $0.0444558$ & $0.0745166$ & $-0.0169746$ & $-0.0075013$ & $-0.0357543$ & $0.0114921$ & $1$ & $0.289703$ & $0.0446688$ & $0.629393$ & $-0.0231162$ & $0.0314809$ & $0.0758542$ & $0.0508119$ & $0.105198$ & $-0.0667614$ & $0.0342953$ & $0.0649561$ & $0.162982$ & $-0.0418802$ & $0.0689362$ & $0.0232223$ & $0.00502137$ & $-0.104122$ & $0.0516122$ & $0.0167234$ \\
CuH_22r & $-0.0038966$ & $-0.0203681$ & $-0.0164373$ & $0$ & $0.0111972$ & $0.0120165$ & $-0.217173$ & $-0.076582$ & $-0.0574364$ & $-0.0670154$ & $0.0616867$ & $-0.00278677$ & $0.0754142$ & $-0.0161099$ & $-0.033481$ & $-0.0115443$ & $0.0437317$ & $0.0433621$ & $0.0391654$ & $-0.0566555$ & $-0.064138$ & $-0.0338674$ & $-0.042622$ & $0.0476297$ & $0.0584643$ & $0.0423234$ & $0.0301357$ & $-0.0522011$ & $0.00941061$ & $0.289703$ & $1$ & $0.0598263$ & $0.411716$ & $0.00402435$ & $-0.000520277$ & $0.0407763$ & $0.00432438$ & $0.0687521$ & $0.00541137$ & $-0.00572945$ & $0.0452323$ & $0.0817951$ & $0.0128819$ & $0.0471884$ & $0.0158064$ & $-0.00532233$ & $-0.0505249$ & $0.0312309$ & $-0.015569$ \\
CuH_33r & $0.212481$ & $-0.0857817$ & $0.227747$ & $0$ & $0.00237147$ & $-0.153888$ & $0.0610701$ & $-0.130427$ & $-0.153109$ & $0.169652$ & $-0.249623$ & $-0.380194$ & $-0.164125$ & $0.405531$ & $-0.0215716$ & $-0.0263784$ & $0.465999$ & $0.368046$ & $0.424906$ & $0.22719$ & $0.263188$ & $0.273531$ & $-0.254066$ & $0.295892$ & $0.422542$ & $0.264053$ & $0.0624146$ & $0.05736$ & $-0.00147767$ & $0.0446688$ & $0.0598263$ & $1$ & $0.0771174$ & $-0.0273083$ & $-0.318624$ & $0.180037$ & $0.0511819$ & $-0.0876696$ & $0.325866$ & $-0.0401416$ & $0.179095$ & $0.0248595$ & $0.112092$ & $0.226643$ & $0.568072$ & $-0.211917$ & $-0.420491$ & $-0.0425077$ & $-0.402987$ \\
CdH_33r & $-0.0137922$ & $-0.0247602$ & $-0.100536$ & $0$ & $-0.00242887$ & $-0.0770384$ & $-0.539021$ & $-0.0866272$ & $-0.0562153$ & $-0.0991929$ & $0.0265007$ & $0.0592833$ & $0.093248$ & $0.0392301$ & $0.000125608$ & $0.0288234$ & $0.104562$ & $0.0624023$ & $0.0599921$ & $-0.0396473$ & $-0.0366394$ & $-0.00586166$ & $-0.0447082$ & $0.0783082$ & $0.088002$ & $0.00658605$ & $-0.0474417$ & $-0.0368231$ & $0.0180334$ & $0.629393$ & $0.411716$ & $0.0771174$ & $1$ & $-0.0298144$ & $-0.00915854$ & $0.0397753$ & $0.0177169$ & $0.0704332$ & $-0.0253577$ & $0.0390153$ & $0.0624072$ & $0.177928$ & $-0.0385557$ & $0.104124$ & $0.0272631$ & $0.00367312$ & $-0.126155$ & $0.0500181$ & $0.0202757$ \\
CLL_1221 & $0.213528$ & $0.124825$ & $0.228853$ & $0$ & $-0.135581$ & $0.00612862$ & $0.0489215$ & $-0.0356919$ & $-0.0268717$ & $-0.276634$ & $0.290952$ & $-0.33827$ & $0.0748787$ & $-0.334728$ & $-0.793233$ & $-0.0529383$ & $-0.138289$ & $0.322134$ & $-0.24852$ & $-0.357858$ & $-0.173115$ & $-0.0951497$ & $-0.0522797$ & $-0.34236$ & $-0.167982$ & $0.194892$ & $0.363386$ & $-0.155667$ & $0.0144986$ & $-0.0231162$ & $0.00402435$ & $-0.0273083$ & $-0.0298144$ & $1$ & $-0.232454$ & $-0.119911$ & $-0.128445$ & $-0.128834$ & $0.116628$ & $-0.140759$ & $0.0807723$ & $-0.289239$ & $0.074445$ & $0.0363215$ & $0.262248$ & $0.0299242$ & $-0.241104$ & $0.156758$ & $-0.0214266$ \\
eHggint & $-0.0321714$ & $-0.342342$ & $-0.284149$ & $0$ & $0.470573$ & $0.175433$ & $-0.064416$ & $-0.385366$ & $-0.367824$ & $0.466498$ & $0.283778$ & $0.38652$ & $-0.0665884$ & $0.127072$ & $-0.0245427$ & $-0.0436384$ & $0.144614$ & $0.156019$ & $0.208907$ & $-0.247283$ & $-0.303312$ & $-0.289388$ & $0.579123$ & $0.27006$ & $0.274754$ & $-0.463704$ & $0.00215784$ & $-0.116321$ & $-0.0311319$ & $0.0314809$ & $-0.000520277$ & $-0.318624$ & $-0.00915854$ & $-0.232454$ & $1$ & $0.499208$ & $-0.160092$ & $0.371465$ & $-0.127031$ & $-0.133986$ & $0.187862$ & $0.304244$ & $0.12054$ & $0.00169783$ & $-0.329909$ & $-0.131264$ & $0.00434362$ & $0.249003$ & $0.171812$ \\
eHggpar & $0.409674$ & $-0.167405$ & $-0.385154$ & $0$ & $0.39872$ & $-0.086655$ & $-0.0334728$ & $-0.33685$ & $-0.340489$ & $0.250964$ & $0.143238$ & $-0.0375736$ & $-0.084812$ & $0.17489$ & $-0.0581682$ & $0.0762842$ & $0.277415$ & $0.261136$ & $0.219656$ & $-0.110476$ & $-0.162018$ & $-0.0927825$ & $0.342076$ & $0.349598$ & $0.424865$ & $-0.245744$ & $0.237236$ & $-0.202121$ & $-0.0301833$ & $0.0758542$ & $0.0407763$ & $0.180037$ & $0.0397753$ & $-0.119911$ & $0.499208$ & $1$ & $0.166203$ & $0.417522$ & $-0.307846$ & $-0.250632$ & $0.229274$ & $0.628938$ & $-0.129633$ & $0.194799$ & $0.176387$ & $0.228904$ & $-0.14669$ & $0.492781$ & $0.243676$ \\
eHWWint & $0.204784$ & $0.0844315$ & $-0.203761$ & $0$ & $0.199615$ & $-0.276996$ & $-0.0310702$ & $0.545863$ & $0.493865$ & $-0.327722$ & $-0.460642$ & $-0.198478$ & $0.0496044$ & $-0.117465$ & $0.411462$ & $-0.0787414$ & $-0.135248$ & $-0.428028$ & $-0.0992631$ & $0.435334$ & $0.474421$ & $0.409657$ & $-0.126133$ & $-0.229328$ & $-0.119768$ & $0.00507797$ & $0.470069$ & $0.147366$ & $0.00809749$ & $0.0508119$ & $0.00432438$ & $0.0511819$ & $0.0177169$ & $-0.128445$ & $-0.160092$ & $0.166203$ & $1$ & $0.384143$ & $-0.404819$ & $0.285856$ & $-0.260249$ & $0.271925$ & $-0.0245821$ & $-0.290867$ & $-0.0494316$ & $0.204782$ & $0.0761591$ & $-0.210079$ & $0.242868$ \\
eHWWpar & $0.335922$ & $-0.133274$ & $-0.759871$ & $0$ & $0.158654$ & $-0.128156$ & $-0.101231$ & $0.139919$ & $0.116559$ & $-0.028556$ & $0.0217544$ & $0.196219$ & $0.257427$ & $-0.252213$ & $0.211302$ & $0.043078$ & $-0.153491$ & $-0.303774$ & $-0.200217$ & $-0.00523509$ & $-0.0419339$ & $-0.0481143$ & $0.244286$ & $-0.0880386$ & $-0.0844146$ & $-0.199516$ & $0.299968$ & $-0.0992527$ & $-0.0334775$ & $0.105198$ & $0.0687521$ & $-0.0876696$ & $0.0704332$ & $-0.128834$ & $0.371465$ & $0.417522$ & $0.384143$ & $1$ & $-0.577905$ & $-0.0263665$ & $0.254081$ & $0.465865$ & $-0.134924$ & $0.163135$ & $-0.183659$ & $-0.0376423$ & $-0.304498$ & $0.251003$ & $0.160809$ \\
eHZZint & $-0.290784$ & $-0.116247$ & $0.702769$ & $0$ & $0.155942$ & $0.176232$ & $0.0570577$ & $-0.295653$ & $-0.278195$ & $0.22523$ & $0.145762$ & $-0.13324$ & $-0.0581388$ & $0.235102$ & $-0.28206$ & $-0.252278$ & $0.196923$ & $0.349938$ & $0.361567$ & $-0.176127$ & $-0.0974168$ & $-0.0733757$ & $0.145891$ & $0.0912209$ & $0.230869$ & $-0.0128304$ & $-0.00735787$ & $0.0313325$ & $0.0122796$ & $-0.0667614$ & $0.00541137$ & $0.325866$ & $-0.0253577$ & $0.116628$ & $-0.127031$ & $-0.307846$ & $-0.404819$ & $-0.577905$ & $1$ & $-0.0357261$ & $0.0324805$ & $-0.535096$ & $0.597626$ & $-0.250683$ & $0.0454253$ & $-0.532778$ & $-0.0914878$ & $-0.17891$ & $-0.402536$ \\
eHZZpar & $-0.467488$ & $-0.164173$ & $-0.0223611$ & $0$ & $0.152505$ & $0.0765489$ & $0.0199329$ & $0.62225$ & $0.607012$ & $-0.406502$ & $-0.599339$ & $-0.0672383$ & $0.349972$ & $0.0216417$ & $0.427717$ & $0.017581$ & $-0.142511$ & $-0.387976$ & $-0.107574$ & $0.575943$ & $0.605653$ & $0.571407$ & $-0.259059$ & $-0.256824$ & $-0.344763$ & $-0.0414262$ & $-0.214843$ & $0.328105$ & $-0.00873517$ & $0.0342953$ & $-0.00572945$ & $-0.0401416$ & $0.0390153$ & $-0.140759$ & $-0.133986$ & $-0.250632$ & $0.285856$ & $-0.0263665$ & $-0.0357261$ & $1$ & $-0.0821966$ & $0.216336$ & $-0.372709$ & $0.115392$ & $-0.279113$ & $0.15091$ & $-0.0759599$ & $-0.146768$ & $0.428935$ \\
eHZgaint & $0.145128$ & $-0.436$ & $-0.168051$ & $0$ & $0.0217034$ & $0.00456155$ & $0.0280243$ & $-0.351378$ & $-0.315093$ & $-0.08596$ & $0.374403$ & $-0.200308$ & $0.201406$ & $-0.0473638$ & $-0.25757$ & $-0.147624$ & $0.0388978$ & $0.18927$ & $0.118932$ & $-0.364133$ & $-0.360659$ & $-0.347741$ & $0.209762$ & $0.1137$ & $0.0983272$ & $-0.00267715$ & $0.0422963$ & $-0.124885$ & $0.00530936$ & $0.0649561$ & $0.0452323$ & $0.179095$ & $0.0624072$ & $0.0807723$ & $0.187862$ & $0.229274$ & $-0.260249$ & $0.254081$ & $0.0324805$ & $-0.0821966$ & $1$ & $0.264369$ & $0.0458752$ & $0.32171$ & $0.0772727$ & $-0.174914$ & $-0.530027$ & $0.386384$ & $0.0492414$ \\
eHZgapar & $0.127682$ & $-0.300269$ & $-0.486357$ & $0$ & $0.390088$ & $-0.0657736$ & $-0.0758025$ & $0.0950778$ & $0.0856805$ & $-0.202001$ & $-0.168116$ & $-0.0230486$ & $0.187153$ & $0.0394884$ & $0.304893$ & $0.124398$ & $0.0659761$ & $-0.14628$ & $0.0152173$ & $0.203731$ & $0.128761$ & $0.173524$ & $0.117403$ & $0.121862$ & $0.0561215$ & $-0.241838$ & $-0.015884$ & $-0.088811$ & $-0.0232105$ & $0.162982$ & $0.0817951$ & $0.0248595$ & $0.177928$ & $-0.289239$ & $0.304244$ & $0.628938$ & $0.271925$ & $0.465865$ & $-0.535096$ & $0.216336$ & $0.264369$ & $1$ & $-0.429345$ & $0.380948$ & $-0.0511309$ & $0.459136$ & $-0.09632$ & $0.480871$ & $0.572714$ \\
eHgagaint & $0.0161986$ & $-0.201629$ & $0.398776$ & $0$ & $0.39235$ & $0.0453493$ & $0.0173546$ & $-0.339373$ & $-0.325345$ & $0.224222$ & $0.35471$ & $-0.0865804$ & $-0.0310335$ & $0.0284614$ & $-0.268903$ & $-0.400864$ & $0.0472128$ & $0.19168$ & $0.302066$ & $-0.377871$ & $-0.30034$ & $-0.315166$ & $0.341879$ & $0.0261578$ & $0.255749$ & $-0.0601738$ & $0.457939$ & $-0.216586$ & $0.0258863$ & $-0.0418802$ & $0.0128819$ & $0.112092$ & $-0.0385557$ & $0.074445$ & $0.12054$ & $-0.129633$ & $-0.0245821$ & $-0.134924$ & $0.597626$ & $-0.372709$ & $0.0458752$ & $-0.429345$ & $1$ & $-0.498251$ & $-0.0259354$ & $-0.588748$ & $-0.0345018$ & $-0.18913$ & $-0.380411$ \\
eHmumuint & $0.0411738$ & $-0.321353$ & $-0.252944$ & $0$ & $-0.125702$ & $-0.0162645$ & $0.00934319$ & $-0.138228$ & $-0.131478$ & $0.00527319$ & $-0.130103$ & $-0.198642$ & $0.00612945$ & $0.267457$ & $-0.0767443$ & $0.246605$ & $0.318024$ & $0.321465$ & $0.122618$ & $0.140528$ & $0.108547$ & $0.135315$ & $-0.175112$ & $0.27585$ & $0.239784$ & $0.110628$ & $-0.21098$ & $-0.00985793$ & $-0.0103621$ & $0.0689362$ & $0.0471884$ & $0.226643$ & $0.104124$ & $0.0363215$ & $0.00169783$ & $0.194799$ & $-0.290867$ & $0.163135$ & $-0.250683$ & $0.115392$ & $0.32171$ & $0.380948$ & $-0.498251$ & $1$ & $0.334656$ & $0.291224$ & $-0.324842$ & $0.272155$ & $0.100987$ \\
eHtautauint & $0.339129$ & $-0.116783$ & $0.2318$ & $0$ & $-0.167626$ & $-0.234899$ & $0.0649495$ & $-0.308477$ & $-0.298769$ & $0.196544$ & $-0.0321927$ & $-0.510939$ & $-0.496578$ & $0.384572$ & $-0.363108$ & $-0.193457$ & $0.466911$ & $0.579743$ & $0.492946$ & $-0.0175124$ & $0.0907089$ & $0.079473$ & $-0.398587$ & $0.28642$ & $0.467373$ & $0.423541$ & $0.150229$ & $0.0238277$ & $0.00701414$ & $0.0232223$ & $0.0158064$ & $0.568072$ & $0.0272631$ & $0.262248$ & $-0.329909$ & $0.176387$ & $-0.0494316$ & $-0.183659$ & $0.0454253$ & $-0.279113$ & $0.0772727$ & $-0.0511309$ & $-0.0259354$ & $0.334656$ & $1$ & $0.137008$ & $-0.2624$ & $-0.0253146$ & $-0.3227$ \\
eHccint & $0.0850515$ & $0.0925966$ & $-0.02431$ & $0$ & $-0.0156726$ & $0.0560306$ & $0.00118451$ & $0.179713$ & $0.16632$ & $-0.378358$ & $-0.130348$ & $-0.283985$ & $-0.0349464$ & $-0.0448677$ & $0.0651412$ & $0.0531183$ & $-0.0891394$ & $-0.108238$ & $-0.0985422$ & $0.128366$ & $0.131798$ & $0.161419$ & $-0.265096$ & $-0.052716$ & $-0.105553$ & $0.175474$ & $0.0395161$ & $0.107353$ & $0.0104598$ & $0.00502137$ & $-0.00532233$ & $-0.211917$ & $0.00367312$ & $0.0299242$ & $-0.131264$ & $0.228904$ & $0.204782$ & $-0.0376423$ & $-0.532778$ & $0.15091$ & $-0.174914$ & $0.459136$ & $-0.588748$ & $0.291224$ & $0.137008$ & $1$ & $0.407968$ & $0.326174$ & $0.582662$ \\
eHccpar & $-0.251841$ & $0.190861$ & $0.352239$ & $0$ & $0.0826761$ & $0.23816$ & $-0.0157407$ & $0.167387$ & $0.139165$ & $-0.0254483$ & $-0.0760883$ & $0.0789787$ & $-0.128174$ & $-0.0478333$ & $0.252793$ & $-0.0989611$ & $-0.172323$ & $-0.281083$ & $-0.0352436$ & $0.0798959$ & $0.060848$ & $0.0244441$ & $-0.0980506$ & $-0.0795054$ & $-0.156842$ & $0.0363469$ & $-0.0403312$ & $0.173926$ & $0.0135359$ & $-0.104122$ & $-0.0505249$ & $-0.420491$ & $-0.126155$ & $-0.241104$ & $0.00434362$ & $-0.14669$ & $0.0761591$ & $-0.304498$ & $-0.0914878$ & $-0.0759599$ & $-0.530027$ & $-0.09632$ & $-0.0345018$ & $-0.324842$ & $-0.2624$ & $0.407968$ & $1$ & $-0.0652369$ & $0.223121$ \\
eHbbint & $0.299438$ & $-0.118536$ & $-0.195822$ & $0$ & $0.281766$ & $0.135846$ & $-0.0146022$ & $-0.290713$ & $-0.279027$ & $-0.126055$ & $0.443043$ & $0.0178307$ & $0.346286$ & $-0.255717$ & $-0.261076$ & $-0.0199488$ & $-0.0710627$ & $0.0754948$ & $-0.0825989$ & $-0.414915$ & $-0.433147$ & $-0.340781$ & $0.290104$ & $0.0516304$ & $0.0146199$ & $-0.05387$ & $0.20098$ & $-0.191036$ & $-0.0205841$ & $0.0516122$ & $0.0312309$ & $-0.0425077$ & $0.0500181$ & $0.156758$ & $0.249003$ & $0.492781$ & $-0.210079$ & $0.251003$ & $-0.17891$ & $-0.146768$ & $0.386384$ & $0.480871$ & $-0.18913$ & $0.272155$ & $-0.0253146$ & $0.326174$ & $-0.0652369$ & $1$ & $0.397089$ \\
eHbbpar & $-0.0580894$ & $-0.138313$ & $-0.195927$ & $0$ & $0.340217$ & $0.202796$ & $-0.0193659$ & $0.30319$ & $0.302792$ & $-0.516149$ & $-0.0440025$ & $-0.0483252$ & $0.396806$ & $-0.234865$ & $0.135876$ & $-0.0283587$ & $-0.374378$ & $-0.360607$ & $-0.264271$ & $0.0583679$ & $0.0515082$ & $0.0812333$ & $0.0692855$ & $-0.269685$ & $-0.325491$ & $-0.116711$ & $0.117891$ & $0.00819861$ & $-0.0166108$ & $0.0167234$ & $-0.015569$ & $-0.402987$ & $0.0202757$ & $-0.0214266$ & $0.171812$ & $0.243676$ & $0.242868$ & $0.160809$ & $-0.402536$ & $0.428935$ & $0.0492414$ & $0.572714$ & $-0.380411$ & $0.100987$ & $-0.3227$ & $0.582662$ & $0.223121$ & $0.397089$ & $1$ \\
