 & AlsMz & dAle5Mz & mtop & mHl & Mz & CW & CHG & CHWB & CHWHB_gaga & CHWHB_gagaorth & CHD & CHbox & CH & CHL1_11 & CHL1_22 & CHL1_33 & CHL3_11 & CHL3_22 & CHL3_33 & CHe_11 & CHe_22 & CHe_33 & CHQ1_11 & CHQ1_33 & CHQ3_11 & CHu_11 & CHd_11 & CHd_33 & CeH_22r & CeH_33r & CuH_22r & CuH_33r & CdH_33r & CLL_1221 & eHggint & eHggpar & eHWWint & eHWWpar & eHZZint & eHZZpar & eHZgaint & eHZgapar & eHgagaint & eHmumuint & eHtautauint & eHccint & eHccpar & eHbbint & eHbbpar \\
AlsMz & $1$ & $0.103258$ & $-0.626468$ & $0.409072$ & $-0.000769982$ & $-0.0883564$ & $0.0398599$ & $-0.00905314$ & $-0.00401284$ & $0.0473551$ & $0.0156158$ & $-0.0262083$ & $-0.0210599$ & $-0.0564849$ & $-0.0185678$ & $-0.0432155$ & $0.00678127$ & $-0.0148552$ & $0.000199645$ & $-0.0188261$ & $-0.0138039$ & $-0.0165531$ & $0.0113051$ & $-0.0193822$ & $-0.0381105$ & $0.00811803$ & $0.0214273$ & $0.00474673$ & $-0.01528$ & $-0.0104832$ & $0.038981$ & $0.0387183$ & $-0.0412987$ & $0.0245882$ & $0.229624$ & $-0.303577$ & $0.531165$ & $-0.00563193$ & $-0.276738$ & $0.0876576$ & $-0.156099$ & $0.0371221$ & $0.314769$ & $-0.203608$ & $-0.255885$ & $-0.267053$ & $0.292256$ & $0.282712$ & $-0.213939$ \\
dAle5Mz & $0.103258$ & $1$ & $-0.147338$ & $0.363999$ & $-0.027743$ & $-0.058563$ & $-0.0398798$ & $-0.0102815$ & $-0.0119386$ & $-0.0185339$ & $0.00372395$ & $0.105104$ & $0.0628056$ & $0.00124728$ & $-0.0325932$ & $-0.0436721$ & $0.0130787$ & $0.0210546$ & $0.0301915$ & $-0.00284377$ & $0.00487166$ & $0.0100746$ & $0.022568$ & $0.00967047$ & $0.0207042$ & $0.00308797$ & $0.0549044$ & $-0.00652373$ & $-0.00358009$ & $0.0471329$ & $-0.0164416$ & $-0.0327095$ & $0.0449251$ & $0.0383085$ & $-0.0383511$ & $-0.0324194$ & $-0.113571$ & $0.0257286$ & $-0.436978$ & $0.113528$ & $-0.133339$ & $-0.251752$ & $0.0277746$ & $0.394506$ & $-0.388259$ & $-0.189962$ & $-0.0961145$ & $-0.19863$ & $0.1056$ \\
mtop & $-0.626468$ & $-0.147338$ & $1$ & $-0.365398$ & $0.00801699$ & $0.0697231$ & $0.0627861$ & $-0.0251153$ & $-0.0263425$ & $0.00668504$ & $0.0359569$ & $-0.0600467$ & $-0.0900919$ & $-0.014817$ & $-0.0962928$ & $-0.057769$ & $-0.00892669$ & $0.0393783$ & $0.0197017$ & $-0.041031$ & $-0.027535$ & $-0.0232798$ & $0.0460291$ & $0.00380955$ & $0.0569737$ & $0.00587987$ & $0.088302$ & $-0.0358826$ & $0.0101871$ & $-0.0608652$ & $-0.0267492$ & $0.0521254$ & $-0.0674032$ & $0.0589832$ & $-0.328963$ & $-0.226276$ & $-0.40978$ & $-0.200055$ & $0.38048$ & $-0.01657$ & $0.425587$ & $-0.0558311$ & $-0.125617$ & $0.203969$ & $0.0299098$ & $0.30312$ & $0.00350127$ & $-0.446975$ & $0.0912289$ \\
mHl & $0.409072$ & $0.363999$ & $-0.365398$ & $1$ & $0.0472058$ & $-0.0580207$ & $0.108794$ & $-0.0685717$ & $-0.0632169$ & $0.0687235$ & $0.0600606$ & $-0.0407313$ & $-0.0993497$ & $-0.0306948$ & $-0.0162528$ & $-0.0172642$ & $0.0172156$ & $0.0177395$ & $0.0180905$ & $-0.0548761$ & $-0.0606626$ & $-0.0548136$ & $-0.0565354$ & $0.050022$ & $0.00338997$ & $0.0788595$ & $-0.0381382$ & $-0.0310166$ & $-0.0311463$ & $-0.0628297$ & $-0.0211006$ & $0.116905$ & $-0.118277$ & $-0.0379329$ & $0.357063$ & $-0.193004$ & $0.167896$ & $0.0389793$ & $-0.221789$ & $0.0510132$ & $-0.207791$ & $-0.0318362$ & $0.174294$ & $-0.0497797$ & $-0.378543$ & $-0.206657$ & $0.265409$ & $0.253211$ & $-0.49411$ \\
Mz & $-0.000769982$ & $-0.027743$ & $0.00801699$ & $0.0472058$ & $1$ & $-0.0441459$ & $0.0177774$ & $0.00566792$ & $0.00862858$ & $0.00287669$ & $-0.0195469$ & $0.00584127$ & $0.00752003$ & $0.0404057$ & $0.0145541$ & $0.00605844$ & $0.0392557$ & $0.02987$ & $0.0327589$ & $0.0246319$ & $0.0268719$ & $0.0243054$ & $0.0250004$ & $0.0191067$ & $0.0413803$ & $-0.0330555$ & $0.0120648$ & $0.0456399$ & $0.0162664$ & $-0.000927031$ & $0.0223716$ & $0.0203329$ & $-0.00296199$ & $-0.00835718$ & $0.031034$ & $0.00447386$ & $0.0189985$ & $0.0195051$ & $-0.0297316$ & $-0.00643918$ & $-0.0029168$ & $-0.0655108$ & $0.0385618$ & $-0.0127161$ & $0.0431575$ & $-0.0104381$ & $0.0167434$ & $0.00198278$ & $-0.0119837$ \\
CW & $-0.0883564$ & $-0.058563$ & $0.0697231$ & $-0.0580207$ & $-0.0441459$ & $1$ & $0.0288141$ & $-0.046303$ & $-0.0397647$ & $0.018062$ & $0.1426$ & $0.049742$ & $0.00339961$ & $-0.0136549$ & $-0.0788174$ & $-0.0565583$ & $-0.338651$ & $-0.141383$ & $-0.155111$ & $-0.141357$ & $-0.146097$ & $-0.147225$ & $-0.0484516$ & $-0.0960145$ & $-0.184167$ & $0.135655$ & $-0.0729144$ & $-0.0999789$ & $0.0144565$ & $0.0262639$ & $-0.0121198$ & $0.048211$ & $0.0142378$ & $-0.0988525$ & $-0.00194277$ & $-0.00496379$ & $-0.0071157$ & $0.0123681$ & $0.0843587$ & $-0.0217636$ & $0.0227334$ & $-0.00234236$ & $-0.0107596$ & $-0.0274083$ & $0.0179494$ & $0.0599513$ & $0.0108714$ & $-0.0235641$ & $-0.0268851$ \\
CHG & $0.0398599$ & $-0.0398798$ & $0.0627861$ & $0.108794$ & $0.0177774$ & $0.0288141$ & $1$ & $-0.0237971$ & $0.00312293$ & $0.103907$ & $0.0699872$ & $-0.569381$ & $-0.693313$ & $-0.0973147$ & $-0.0169968$ & $-0.0507611$ & $-0.0897592$ & $-0.0857932$ & $-0.0637747$ & $-0.069399$ & $-0.0673846$ & $-0.065283$ & $-0.0101355$ & $-0.0436946$ & $-0.0893742$ & $0.0612103$ & $-0.0211833$ & $-0.0213102$ & $-0.0619528$ & $-0.489576$ & $-0.30612$ & $0.94157$ & $-0.547076$ & $-0.0134675$ & $0.138891$ & $-0.0528065$ & $-0.00451229$ & $-0.0662277$ & $-0.0625324$ & $-0.0268413$ & $0.0313325$ & $-0.18391$ & $0.218007$ & $-0.023171$ & $-0.069537$ & $-0.0296689$ & $0.14285$ & $0.0325279$ & $-0.0845715$ \\
CHWB & $-0.00905314$ & $-0.0102815$ & $-0.0251153$ & $-0.0685717$ & $0.00566792$ & $-0.046303$ & $-0.0237971$ & $1$ & $0.990676$ & $-0.584785$ & $-0.875117$ & $-0.11495$ & $0.0593369$ & $0.252569$ & $0.457373$ & $0.44662$ & $-0.24042$ & $-0.416604$ & $-0.428778$ & $0.858718$ & $0.889104$ & $0.878968$ & $0.0233037$ & $-0.651138$ & $-0.401024$ & $-0.613689$ & $0.398499$ & $0.380693$ & $0.0625511$ & $0.0452198$ & $0.0383649$ & $-0.045973$ & $0.0548686$ & $0.550059$ & $0.0014394$ & $0.0284133$ & $0.021747$ & $-0.0125627$ & $-0.0318594$ & $-0.0237719$ & $-0.00596573$ & $-0.0348192$ & $0.0158819$ & $0.0657894$ & $-0.0614671$ & $0.00731258$ & $0.0099249$ & $0.0149841$ & $0.0953925$ \\
CHWHB_gaga & $-0.00401284$ & $-0.0119386$ & $-0.0263425$ & $-0.0632169$ & $0.00862858$ & $-0.0397647$ & $0.00312293$ & $0.990676$ & $1$ & $-0.578703$ & $-0.864997$ & $-0.0959294$ & $0.0690247$ & $0.248165$ & $0.453251$ & $0.441604$ & $-0.243253$ & $-0.416683$ & $-0.428401$ & $0.848713$ & $0.878941$ & $0.868889$ & $0.0204653$ & $-0.646764$ & $-0.400124$ & $-0.603587$ & $0.395886$ & $0.378475$ & $0.0662012$ & $0.0678228$ & $0.0518803$ & $-0.0208913$ & $0.0771323$ & $0.54358$ & $0.0124671$ & $0.02082$ & $0.0202081$ & $-0.0160158$ & $-0.0353563$ & $-0.0230568$ & $-0.00667037$ & $-0.0368156$ & $0.0371801$ & $0.0595594$ & $-0.0643832$ & $-0.00173671$ & $0.019428$ & $0.0217639$ & $0.0955483$ \\
CHWHB_gagaorth & $0.0473551$ & $-0.0185339$ & $0.00668504$ & $0.0687235$ & $0.00287669$ & $0.018062$ & $0.103907$ & $-0.584785$ & $-0.578703$ & $1$ & $0.478839$ & $0.158936$ & $-0.172705$ & $-0.0899974$ & $-0.246234$ & $-0.244491$ & $0.208915$ & $0.296433$ & $0.308004$ & $-0.470692$ & $-0.487851$ & $-0.481523$ & $-0.00154504$ & $0.428734$ & $0.295079$ & $0.330581$ & $-0.224638$ & $-0.23551$ & $-0.0704773$ & $-0.147298$ & $-0.128699$ & $0.130304$ & $-0.188665$ & $-0.335511$ & $0.0589887$ & $-0.0565602$ & $0.0527987$ & $-0.0168698$ & $0.00258595$ & $-0.0379667$ & $0.0277888$ & $0.0178832$ & $0.0220022$ & $-0.0508119$ & $0.000132858$ & $0.0284797$ & $0.024432$ & $0.015639$ & $-0.0943685$ \\
CHD & $0.0156158$ & $0.00372395$ & $0.0359569$ & $0.0600606$ & $-0.0195469$ & $0.1426$ & $0.0699872$ & $-0.875117$ & $-0.864997$ & $0.478839$ & $1$ & $0.115962$ & $-0.112181$ & $-0.650144$ & $-0.571622$ & $-0.568659$ & $-0.230027$ & $-0.00696185$ & $0.0100472$ & $-0.995017$ & $-0.99514$ & $-0.983692$ & $0.033105$ & $0.244662$ & $-0.0310644$ & $0.688842$ & $-0.265117$ & $-0.412333$ & $-0.0563842$ & $-0.0799272$ & $-0.0634552$ & $0.0942321$ & $-0.109588$ & $-0.341665$ & $-0.00905948$ & $-0.0391186$ & $-0.0391568$ & $0.0139029$ & $0.0456055$ & $0.0126308$ & $0.0163051$ & $0.0137397$ & $0.0149732$ & $-0.00715411$ & $0.0302394$ & $-0.00591419$ & $0.0394163$ & $-0.0203335$ & $-0.10436$ \\
CHbox & $-0.0262083$ & $0.105104$ & $-0.0600467$ & $-0.0407313$ & $0.00584127$ & $0.049742$ & $-0.569381$ & $-0.11495$ & $-0.0959294$ & $0.158936$ & $0.115962$ & $1$ & $0.841245$ & $-0.0519266$ & $-0.0808784$ & $-0.0441264$ & $-0.00789501$ & $0.0357633$ & $0.0124802$ & $-0.112045$ & $-0.115784$ & $-0.117715$ & $0.0270701$ & $0.0549799$ & $0.0330075$ & $0.0592778$ & $-0.0227618$ & $-0.0692365$ & $0.0943833$ & $0.642284$ & $0.30971$ & $-0.43912$ & $0.683638$ & $-0.0397984$ & $-0.0161$ & $0.0296825$ & $-0.0355313$ & $0.0334125$ & $0.024162$ & $0.0288035$ & $-0.139387$ & $0.13994$ & $-0.109278$ & $-0.0576008$ & $0.0316316$ & $0.0264147$ & $-0.111895$ & $0.0772154$ & $0.0846756$ \\
CH & $-0.0210599$ & $0.0628056$ & $-0.0900919$ & $-0.0993497$ & $0.00752003$ & $0.00339961$ & $-0.693313$ & $0.0593369$ & $0.0690247$ & $-0.172705$ & $-0.112181$ & $0.841245$ & $1$ & $0.137292$ & $0.0112672$ & $0.048669$ & $0.099642$ & $0.106889$ & $0.0798066$ & $0.109299$ & $0.113334$ & $0.107189$ & $0.0268393$ & $0.034108$ & $0.110507$ & $-0.0928724$ & $0.0689281$ & $0.0483811$ & $0.123515$ & $0.673621$ & $0.373645$ & $-0.590687$ & $0.737788$ & $0.0496134$ & $-0.083778$ & $0.0625814$ & $0.0127704$ & $0.0599387$ & $0.0495183$ & $0.0202933$ & $-0.123969$ & $0.164118$ & $-0.148874$ & $-0.0508028$ & $0.0683526$ & $-0.0194965$ & $-0.155803$ & $0.0846966$ & $0.146548$ \\
CHL1_11 & $-0.0564849$ & $0.00124728$ & $-0.014817$ & $-0.0306948$ & $0.0404057$ & $-0.0136549$ & $-0.0973147$ & $0.252569$ & $0.248165$ & $-0.0899974$ & $-0.650144$ & $-0.0519266$ & $0.137292$ & $1$ & $0.400517$ & $0.414259$ & $0.637646$ & $0.60102$ & $0.584523$ & $0.661237$ & $0.621775$ & $0.613116$ & $-0.104771$ & $0.437111$ & $0.5958$ & $-0.422629$ & $-0.069071$ & $0.241075$ & $0.0346428$ & $0.104484$ & $0.0702866$ & $-0.107359$ & $0.141651$ & $-0.178804$ & $0.0252305$ & $0.0257665$ & $0.0364753$ & $-0.00339707$ & $-0.0170674$ & $0.00119329$ & $-0.00629907$ & $0.0248768$ & $-0.0624651$ & $-0.0794428$ & $0.0300157$ & $0.0264495$ & $-0.0857136$ & $0.0257405$ & $0.0520808$ \\
CHL1_22 & $-0.0185678$ & $-0.0325932$ & $-0.0962928$ & $-0.0162528$ & $0.0145541$ & $-0.0788174$ & $-0.0169968$ & $0.457373$ & $0.453251$ & $-0.246234$ & $-0.571622$ & $-0.0808784$ & $0.0112672$ & $0.400517$ & $1$ & $0.542244$ & $0.158572$ & $-0.309271$ & $-0.0261318$ & $0.614751$ & $0.515424$ & $0.505162$ & $-0.182699$ & $0.0225179$ & $-0.0795592$ & $-0.356299$ & $-0.302113$ & $0.205167$ & $0.0316621$ & $0.0282585$ & $0.0212376$ & $-0.0243412$ & $0.0470511$ & $-0.453019$ & $-0.0162702$ & $0.107882$ & $0.0399035$ & $-0.0269629$ & $-0.0493895$ & $0.0292612$ & $-0.0576893$ & $-0.0087213$ & $-0.00681992$ & $-0.0377721$ & $0.0444914$ & $-0.0360078$ & $-0.043703$ & $0.0341002$ & $0.0559649$ \\
CHL1_33 & $-0.0432155$ & $-0.0436721$ & $-0.057769$ & $-0.0172642$ & $0.00605844$ & $-0.0565583$ & $-0.0507611$ & $0.44662$ & $0.441604$ & $-0.244491$ & $-0.568659$ & $-0.0441264$ & $0.048669$ & $0.414259$ & $0.542244$ & $1$ & $0.172163$ & $0.0122495$ & $-0.30065$ & $0.612304$ & $0.5137$ & $0.527271$ & $-0.207175$ & $0.0337148$ & $-0.0722942$ & $-0.347087$ & $-0.327524$ & $0.197464$ & $0.0227284$ & $0.0615268$ & $0.0645782$ & $-0.0517535$ & $0.0903722$ & $-0.0298153$ & $0.0466527$ & $0.0558735$ & $0.0386859$ & $0.0166091$ & $-0.0352669$ & $0.00526151$ & $-0.0496549$ & $-0.00670874$ & $0.000805046$ & $-0.0888732$ & $0.0247122$ & $0.019008$ & $-0.0536963$ & $0.0327323$ & $0.0658179$ \\
CHL3_11 & $0.00678127$ & $0.0130787$ & $-0.00892669$ & $0.0172156$ & $0.0392557$ & $-0.338651$ & $-0.0897592$ & $-0.24042$ & $-0.243253$ & $0.208915$ & $-0.230027$ & $-0.00789501$ & $0.099642$ & $0.637646$ & $0.158572$ & $0.172163$ & $1$ & $0.825903$ & $0.819062$ & $0.241731$ & $0.206875$ & $0.204884$ & $-0.067187$ & $0.751972$ & $0.857516$ & $-0.153945$ & $-0.157733$ & $0.0657291$ & $-0.0223852$ & $0.0513101$ & $0.0419012$ & $-0.100073$ & $0.0921115$ & $-0.26454$ & $0.0020758$ & $0.0165136$ & $0.0321967$ & $-0.00984447$ & $-0.034528$ & $0.0209635$ & $-0.0172373$ & $0.0374005$ & $-0.0505366$ & $-0.0947759$ & $0.0529727$ & $-0.0181149$ & $-0.0898094$ & $-0.00650502$ & $0.0273909$ \\
CHL3_22 & $-0.0148552$ & $0.0210546$ & $0.0393783$ & $0.0177395$ & $0.02987$ & $-0.141383$ & $-0.0857932$ & $-0.416604$ & $-0.416683$ & $0.296433$ & $-0.00696185$ & $0.0357633$ & $0.106889$ & $0.60102$ & $-0.309271$ & $0.0122495$ & $0.825903$ & $1$ & $0.794948$ & $0.0066634$ & $0.00207505$ & $0.00582522$ & $-0.0126769$ & $0.744543$ & $0.871779$ & $-0.00408676$ & $-0.0698951$ & $-0.0178672$ & $-0.0240054$ & $0.0605562$ & $0.0438502$ & $-0.086719$ & $0.0915461$ & $-0.0959058$ & $0.0283929$ & $-0.0385111$ & $0.0118276$ & $0.0132371$ & $0.0037636$ & $0.000762986$ & $0.0133261$ & $0.0439143$ & $-0.0573595$ & $-0.0949752$ & $0.0347355$ & $0.0222888$ & $-0.0724204$ & $-0.00658808$ & $-0.00482616$ \\
CHL3_33 & $0.000199645$ & $0.0301915$ & $0.0197017$ & $0.0180905$ & $0.0327589$ & $-0.155111$ & $-0.0637747$ & $-0.428778$ & $-0.428401$ & $0.308004$ & $0.0100472$ & $0.0124802$ & $0.0798066$ & $0.584523$ & $-0.0261318$ & $-0.30065$ & $0.819062$ & $0.794948$ & $1$ & $-0.0118381$ & $-0.0137047$ & $-0.0138626$ & $0.00632294$ & $0.744422$ & $0.878825$ & $0.00352066$ & $-0.0443965$ & $-0.0181506$ & $-0.0175487$ & $0.0362359$ & $0.0113483$ & $-0.0682879$ & $0.0591563$ & $-0.37973$ & $-0.0173443$ & $-0.00786769$ & $0.0126228$ & $-0.0171907$ & $-0.0012091$ & $0.0177344$ & $0.0137705$ & $0.0433693$ & $-0.064605$ & $-0.0594413$ & $0.0494817$ & $-0.00588171$ & $-0.0704907$ & $-0.0131985$ & $-0.0186605$ \\
CHe_11 & $-0.0188261$ & $-0.00284377$ & $-0.041031$ & $-0.0548761$ & $0.0246319$ & $-0.141357$ & $-0.069399$ & $0.858718$ & $0.848713$ & $-0.470692$ & $-0.995017$ & $-0.112045$ & $0.109299$ & $0.661237$ & $0.614751$ & $0.612304$ & $0.241731$ & $0.0066634$ & $-0.0118381$ & $1$ & $0.984878$ & $0.973867$ & $-0.0521633$ & $-0.211768$ & $0.0355867$ & $-0.681679$ & $0.209973$ & $0.405838$ & $0.0542805$ & $0.080781$ & $0.0640239$ & $-0.0916037$ & $0.11165$ & $0.284813$ & $0.0109922$ & $0.0451034$ & $0.0379431$ & $-0.0140629$ & $-0.0496703$ & $-0.00840638$ & $-0.0225278$ & $-0.0149685$ & $-0.0161185$ & $-0.00010807$ & $-0.0237339$ & $0.00365606$ & $-0.0440953$ & $0.02319$ & $0.103134$ \\
CHe_22 & $-0.0138039$ & $0.00487166$ & $-0.027535$ & $-0.0606626$ & $0.0268719$ & $-0.146097$ & $-0.0673846$ & $0.889104$ & $0.878941$ & $-0.487851$ & $-0.99514$ & $-0.115784$ & $0.113334$ & $0.621775$ & $0.515424$ & $0.5137$ & $0.206875$ & $0.00207505$ & $-0.0137047$ & $0.984878$ & $1$ & $0.986436$ & $-0.00891689$ & $-0.285987$ & $0.0204375$ & $-0.69186$ & $0.328235$ & $0.416005$ & $0.0581596$ & $0.0782112$ & $0.0609643$ & $-0.0925021$ & $0.106191$ & $0.407733$ & $0.00786411$ & $0.0316048$ & $0.0351502$ & $-0.0163213$ & $-0.0463304$ & $-0.0151656$ & $-0.0105863$ & $-0.0176688$ & $-0.0125695$ & $0.0210714$ & $-0.0393228$ & $0.00697718$ & $-0.0351175$ & $0.0153554$ & $0.103624$ \\
CHe_33 & $-0.0165531$ & $0.0100746$ & $-0.0232798$ & $-0.0548136$ & $0.0243054$ & $-0.147225$ & $-0.065283$ & $0.878968$ & $0.868889$ & $-0.481523$ & $-0.983692$ & $-0.117715$ & $0.107189$ & $0.613116$ & $0.505162$ & $0.527271$ & $0.204884$ & $0.00582522$ & $-0.0138626$ & $0.973867$ & $0.986436$ & $1$ & $-0.0130019$ & $-0.281456$ & $0.0207392$ & $-0.681078$ & $0.324548$ & $0.412274$ & $0.0540745$ & $0.071662$ & $0.0548424$ & $-0.0912933$ & $0.100909$ & $0.409446$ & $0.00714498$ & $0.0286209$ & $0.0368655$ & $-0.0100408$ & $-0.048685$ & $-0.015729$ & $-0.0140426$ & $-0.0188889$ & $-0.0161714$ & $0.0202105$ & $-0.0406762$ & $0.0101081$ & $-0.0394839$ & $0.0107972$ & $0.104159$ \\
CHQ1_11 & $0.0113051$ & $0.022568$ & $0.0460291$ & $-0.0565354$ & $0.0250004$ & $-0.0484516$ & $-0.0101355$ & $0.0233037$ & $0.0204653$ & $-0.00154504$ & $0.033105$ & $0.0270701$ & $0.0268393$ & $-0.104771$ & $-0.182699$ & $-0.207175$ & $-0.067187$ & $-0.0126769$ & $0.00632294$ & $-0.0521633$ & $-0.00891689$ & $-0.0130019$ & $1$ & $-0.120365$ & $0.0470308$ & $-0.563428$ & $0.350697$ & $-0.0373504$ & $0.00235098$ & $-0.000649909$ & $0.00412417$ & $-0.0163943$ & $-0.00951485$ & $0.195324$ & $-0.0954944$ & $0.00803681$ & $0.00127838$ & $0.0179343$ & $0.00237932$ & $0.0164181$ & $0.0213928$ & $-0.0262099$ & $-0.027928$ & $0.0757414$ & $-0.0180228$ & $-0.0166787$ & $0.0153458$ & $-0.0358931$ & $0.0364513$ \\
CHQ1_33 & $-0.0193822$ & $0.00967047$ & $0.00380955$ & $0.050022$ & $0.0191067$ & $-0.0960145$ & $-0.0436946$ & $-0.651138$ & $-0.646764$ & $0.428734$ & $0.244662$ & $0.0549799$ & $0.034108$ & $0.437111$ & $0.0225179$ & $0.0337148$ & $0.751972$ & $0.744543$ & $0.744422$ & $-0.211768$ & $-0.285987$ & $-0.281456$ & $-0.120365$ & $1$ & $0.755305$ & $0.192381$ & $-0.417873$ & $-0.069236$ & $-0.0437154$ & $0.0301742$ & $0.0210976$ & $-0.0343178$ & $0.0510526$ & $-0.629715$ & $0.0170756$ & $0.00336741$ & $-9.69239e-05$ & $-0.00308875$ & $0.00357717$ & $0.034889$ & $-0.01058$ & $0.046163$ & $-0.0460267$ & $-0.119145$ & $0.0676292$ & $-0.0033159$ & $-0.0628177$ & $-0.00225311$ & $-0.0307555$ \\
CHQ3_11 & $-0.0381105$ & $0.0207042$ & $0.0569737$ & $0.00338997$ & $0.0413803$ & $-0.184167$ & $-0.0893742$ & $-0.401024$ & $-0.400124$ & $0.295079$ & $-0.0310644$ & $0.0330075$ & $0.110507$ & $0.5958$ & $-0.0795592$ & $-0.0722942$ & $0.857516$ & $0.871779$ & $0.878825$ & $0.0355867$ & $0.0204375$ & $0.0207392$ & $0.0470308$ & $0.755305$ & $1$ & $-0.0181756$ & $0.0982643$ & $-0.0177052$ & $-0.0324422$ & $0.0597753$ & $0.0342133$ & $-0.0885579$ & $0.0928617$ & $-0.27751$ & $-0.00284099$ & $-0.00539637$ & $-0.0156213$ & $0.0202949$ & $0.00991565$ & $0.0169876$ & $0.0314981$ & $0.0476114$ & $-0.0597631$ & $-0.0777635$ & $0.0577274$ & $0.00940384$ & $-0.078604$ & $-0.0213761$ & $0.00938146$ \\
CHu_11 & $0.00811803$ & $0.00308797$ & $0.00587987$ & $0.0788595$ & $-0.0330555$ & $0.135655$ & $0.0612103$ & $-0.613689$ & $-0.603587$ & $0.330581$ & $0.688842$ & $0.0592778$ & $-0.0928724$ & $-0.422629$ & $-0.356299$ & $-0.347087$ & $-0.153945$ & $-0.00408676$ & $0.00352066$ & $-0.681679$ & $-0.69186$ & $-0.681078$ & $-0.563428$ & $0.192381$ & $-0.0181756$ & $1$ & $-0.206949$ & $-0.27152$ & $-0.04275$ & $-0.0617918$ & $-0.0526678$ & $0.0812022$ & $-0.0798721$ & $-0.286219$ & $0.0580259$ & $-0.0377317$ & $-0.0192075$ & $-3.15979e-05$ & $0.0233715$ & $0.0119182$ & $0.0160631$ & $0.0366045$ & $0.0438399$ & $-0.0166082$ & $0.0230663$ & $-0.00318089$ & $0.0256154$ & $0.0110127$ & $-0.0853893$ \\
CHd_11 & $0.0214273$ & $0.0549044$ & $0.088302$ & $-0.0381382$ & $0.0120648$ & $-0.0729144$ & $-0.0211833$ & $0.398499$ & $0.395886$ & $-0.224638$ & $-0.265117$ & $-0.0227618$ & $0.0689281$ & $-0.069071$ & $-0.302113$ & $-0.327524$ & $-0.157733$ & $-0.0698951$ & $-0.0443965$ & $0.209973$ & $0.328235$ & $0.324548$ & $0.350697$ & $-0.417873$ & $0.0982643$ & $-0.206949$ & $1$ & $0.124005$ & $0.0072754$ & $0.0214595$ & $0.00839732$ & $-0.0326865$ & $0.0167401$ & $0.676611$ & $-0.0207513$ & $-0.0593667$ & $-0.0385179$ & $0.0250546$ & $0.0135484$ & $-0.0162337$ & $0.0845367$ & $-0.00857904$ & $0.022939$ & $0.117816$ & $-0.0855045$ & $0.00587644$ & $0.0487907$ & $-0.0394562$ & $0.0479037$ \\
CHd_33 & $0.00474673$ & $-0.00652373$ & $-0.0358826$ & $-0.0310166$ & $0.0456399$ & $-0.0999789$ & $-0.0213102$ & $0.380693$ & $0.378475$ & $-0.23551$ & $-0.412333$ & $-0.0692365$ & $0.0483811$ & $0.241075$ & $0.205167$ & $0.197464$ & $0.0657291$ & $-0.0178672$ & $-0.0181506$ & $0.405838$ & $0.416005$ & $0.412274$ & $-0.0373504$ & $-0.069236$ & $-0.0177052$ & $-0.27152$ & $0.124005$ & $1$ & $0.0203219$ & $0.0328013$ & $0.0191985$ & $-0.0433372$ & $0.0386654$ & $0.188793$ & $0.00624233$ & $0.0328431$ & $0.0241101$ & $-0.0280088$ & $-0.0296145$ & $0.0333782$ & $-0.0459722$ & $-0.00566295$ & $0.0150436$ & $0.0408846$ & $-0.0293532$ & $0.00126432$ & $0.020537$ & $0.000788678$ & $0.0618392$ \\
CeH_22r & $-0.01528$ & $-0.00358009$ & $0.0101871$ & $-0.0311463$ & $0.0162664$ & $0.0144565$ & $-0.0619528$ & $0.0625511$ & $0.0662012$ & $-0.0704773$ & $-0.0563842$ & $0.0943833$ & $0.123515$ & $0.0346428$ & $0.0316621$ & $0.0227284$ & $-0.0223852$ & $-0.0240054$ & $-0.0175487$ & $0.0542805$ & $0.0581596$ & $0.0540745$ & $0.00235098$ & $-0.0437154$ & $-0.0324422$ & $-0.04275$ & $0.0072754$ & $0.0203219$ & $1$ & $0.112285$ & $0.0732369$ & $-0.0519247$ & $0.111945$ & $0.0239856$ & $-0.015007$ & $-0.0275931$ & $0.00489104$ & $0.0176651$ & $0.0391983$ & $0.0146227$ & $0.0249421$ & $-0.0142129$ & $-0.00390376$ & $0.015108$ & $0.0120842$ & $0.0289537$ & $-0.0203225$ & $-0.0072155$ & $0.0186396$ \\
CeH_33r & $-0.0104832$ & $0.0471329$ & $-0.0608652$ & $-0.0628297$ & $-0.000927031$ & $0.0262639$ & $-0.489576$ & $0.0452198$ & $0.0678228$ & $-0.147298$ & $-0.0799272$ & $0.642284$ & $0.673621$ & $0.104484$ & $0.0282585$ & $0.0615268$ & $0.0513101$ & $0.0605562$ & $0.0362359$ & $0.080781$ & $0.0782112$ & $0.071662$ & $-0.000649909$ & $0.0301742$ & $0.0597753$ & $-0.0617918$ & $0.0214595$ & $0.0328013$ & $0.112285$ & $1$ & $0.466274$ & $-0.322555$ & $0.842365$ & $0.0118427$ & $-0.0303084$ & $0.0405312$ & $-0.0564405$ & $0.0334983$ & $0.0201663$ & $0.0359424$ & $-0.0668312$ & $0.102399$ & $-0.0496249$ & $-0.0661584$ & $0.0692811$ & $0.00032661$ & $-0.102681$ & $0.0698004$ & $0.0838169$ \\
CuH_22r & $0.038981$ & $-0.0164416$ & $-0.0267492$ & $-0.0211006$ & $0.0223716$ & $-0.0121198$ & $-0.30612$ & $0.0383649$ & $0.0518803$ & $-0.128699$ & $-0.0634552$ & $0.30971$ & $0.373645$ & $0.0702866$ & $0.0212376$ & $0.0645782$ & $0.0419012$ & $0.0438502$ & $0.0113483$ & $0.0640239$ & $0.0609643$ & $0.0548424$ & $0.00412417$ & $0.0210976$ & $0.0342133$ & $-0.0526678$ & $0.00839732$ & $0.0191985$ & $0.0732369$ & $0.466274$ & $1$ & $-0.193015$ & $0.532785$ & $0.0170963$ & $-0.0242883$ & $-0.0202089$ & $0.0166018$ & $0.0472454$ & $0.0329886$ & $0.0142719$ & $-0.0712012$ & $0.0266831$ & $-0.0105071$ & $-0.0464375$ & $0.0140755$ & $0.0194931$ & $0.00408141$ & $0.0730856$ & $0.0616744$ \\
CuH_33r & $0.0387183$ & $-0.0327095$ & $0.0521254$ & $0.116905$ & $0.0203329$ & $0.048211$ & $0.94157$ & $-0.045973$ & $-0.0208913$ & $0.130304$ & $0.0942321$ & $-0.43912$ & $-0.590687$ & $-0.107359$ & $-0.0243412$ & $-0.0517535$ & $-0.100073$ & $-0.086719$ & $-0.0682879$ & $-0.0916037$ & $-0.0925021$ & $-0.0912933$ & $-0.0163943$ & $-0.0343178$ & $-0.0885579$ & $0.0812022$ & $-0.0326865$ & $-0.0433372$ & $-0.0519247$ & $-0.322555$ & $-0.193015$ & $1$ & $-0.351811$ & $-0.0318895$ & $0.159444$ & $-0.059692$ & $-0.0187628$ & $-0.0692496$ & $-0.0561037$ & $-0.019979$ & $0.0173615$ & $-0.183973$ & $0.239623$ & $-0.0533667$ & $-0.062826$ & $-0.029559$ & $0.139235$ & $0.0684166$ & $-0.0816567$ \\
CdH_33r & $-0.0412987$ & $0.0449251$ & $-0.0674032$ & $-0.118277$ & $-0.00296199$ & $0.0142378$ & $-0.547076$ & $0.0548686$ & $0.0771323$ & $-0.188665$ & $-0.109588$ & $0.683638$ & $0.737788$ & $0.141651$ & $0.0470511$ & $0.0903722$ & $0.0921115$ & $0.0915461$ & $0.0591563$ & $0.11165$ & $0.106191$ & $0.100909$ & $-0.00951485$ & $0.0510526$ & $0.0928617$ & $-0.0798721$ & $0.0167401$ & $0.0386654$ & $0.111945$ & $0.842365$ & $0.532785$ & $-0.351811$ & $1$ & $0.00855949$ & $-0.0501965$ & $0.097271$ & $-0.0376594$ & $0.0599646$ & $-0.0215586$ & $0.0357023$ & $-0.142844$ & $0.124043$ & $-0.0633393$ & $-0.0636877$ & $0.0776397$ & $-0.0404429$ & $-0.137176$ & $0.104411$ & $0.225009$ \\
CLL_1221 & $0.0245882$ & $0.0383085$ & $0.0589832$ & $-0.0379329$ & $-0.00835718$ & $-0.0988525$ & $-0.0134675$ & $0.550059$ & $0.54358$ & $-0.335511$ & $-0.341665$ & $-0.0397984$ & $0.0496134$ & $-0.178804$ & $-0.453019$ & $-0.0298153$ & $-0.26454$ & $-0.0959058$ & $-0.37973$ & $0.284813$ & $0.407733$ & $0.409446$ & $0.195324$ & $-0.629715$ & $-0.27751$ & $-0.286219$ & $0.676611$ & $0.188793$ & $0.0239856$ & $0.0118427$ & $0.0170963$ & $-0.0318895$ & $0.00855949$ & $1$ & $0.0093668$ & $-0.0680209$ & $-0.0128048$ & $0.0100662$ & $-0.00529375$ & $-0.0453008$ & $0.0379182$ & $-0.0323382$ & $0.0280873$ & $0.106525$ & $-0.108358$ & $0.0204704$ & $0.0462198$ & $-0.0288697$ & $0.0539299$ \\
eHggint & $0.229624$ & $-0.0383511$ & $-0.328963$ & $0.357063$ & $0.031034$ & $-0.00194277$ & $0.138891$ & $0.0014394$ & $0.0124671$ & $0.0589887$ & $-0.00905948$ & $-0.0161$ & $-0.083778$ & $0.0252305$ & $-0.0162702$ & $0.0466527$ & $0.0020758$ & $0.0283929$ & $-0.0173443$ & $0.0109922$ & $0.00786411$ & $0.00714498$ & $-0.0954944$ & $0.0170756$ & $-0.00284099$ & $0.0580259$ & $-0.0207513$ & $0.00624233$ & $-0.015007$ & $-0.0303084$ & $-0.0242883$ & $0.159444$ & $-0.0501965$ & $0.0093668$ & $1$ & $-0.228111$ & $0.21562$ & $0.099323$ & $-0.275654$ & $-0.0238687$ & $-0.15286$ & $0.0927422$ & $0.456221$ & $-0.333353$ & $-0.232466$ & $-0.0167292$ & $0.26547$ & $0.508927$ & $-0.121016$ \\
eHggpar & $-0.303577$ & $-0.0324194$ & $-0.226276$ & $-0.193004$ & $0.00447386$ & $-0.00496379$ & $-0.0528065$ & $0.0284133$ & $0.02082$ & $-0.0565602$ & $-0.0391186$ & $0.0296825$ & $0.0625814$ & $0.0257665$ & $0.107882$ & $0.0558735$ & $0.0165136$ & $-0.0385111$ & $-0.00786769$ & $0.0451034$ & $0.0316048$ & $0.0286209$ & $0.00803681$ & $0.00336741$ & $-0.00539637$ & $-0.0377317$ & $-0.0593667$ & $0.0328431$ & $-0.0275931$ & $0.0405312$ & $-0.0202089$ & $-0.059692$ & $0.097271$ & $-0.0680209$ & $-0.228111$ & $1$ & $-0.180657$ & $0.188355$ & $-0.182292$ & $-0.00985871$ & $-0.406619$ & $0.0972762$ & $-0.321587$ & $0.172277$ & $0.36725$ & $-0.150093$ & $-0.436965$ & $0.167986$ & $0.346744$ \\
eHWWint & $0.531165$ & $-0.113571$ & $-0.40978$ & $0.167896$ & $0.0189985$ & $-0.0071157$ & $-0.00451229$ & $0.021747$ & $0.0202081$ & $0.0527987$ & $-0.0391568$ & $-0.0355313$ & $0.0127704$ & $0.0364753$ & $0.0399035$ & $0.0386859$ & $0.0321967$ & $0.0118276$ & $0.0126228$ & $0.0379431$ & $0.0351502$ & $0.0368655$ & $0.00127838$ & $-9.69239e-05$ & $-0.0156213$ & $-0.0192075$ & $-0.0385179$ & $0.0241101$ & $0.00489104$ & $-0.0564405$ & $0.0166018$ & $-0.0187628$ & $-0.0376594$ & $-0.0128048$ & $0.21562$ & $-0.180657$ & $1$ & $-0.0360985$ & $-0.0974907$ & $-0.0447972$ & $-0.204381$ & $0.112688$ & $0.100496$ & $-0.196779$ & $-0.159106$ & $-0.0974165$ & $0.0810217$ & $0.24825$ & $0.0511279$ \\
eHWWpar & $-0.00563193$ & $0.0257286$ & $-0.200055$ & $0.0389793$ & $0.0195051$ & $0.0123681$ & $-0.0662277$ & $-0.0125627$ & $-0.0160158$ & $-0.0168698$ & $0.0139029$ & $0.0334125$ & $0.0599387$ & $-0.00339707$ & $-0.0269629$ & $0.0166091$ & $-0.00984447$ & $0.0132371$ & $-0.0171907$ & $-0.0140629$ & $-0.0163213$ & $-0.0100408$ & $0.0179343$ & $-0.00308875$ & $0.0202949$ & $-3.15979e-05$ & $0.0250546$ & $-0.0280088$ & $0.0176651$ & $0.0334983$ & $0.0472454$ & $-0.0692496$ & $0.0599646$ & $0.0100662$ & $0.099323$ & $0.188355$ & $-0.0360985$ & $1$ & $-0.0959447$ & $-0.0926275$ & $-0.10941$ & $0.0414064$ & $-0.0635484$ & $-0.0915167$ & $0.0366587$ & $0.000702952$ & $-0.0867341$ & $0.135937$ & $0.12776$ \\
eHZZint & $-0.276738$ & $-0.436978$ & $0.38048$ & $-0.221789$ & $-0.0297316$ & $0.0843587$ & $-0.0625324$ & $-0.0318594$ & $-0.0353563$ & $0.00258595$ & $0.0456055$ & $0.024162$ & $0.0495183$ & $-0.0170674$ & $-0.0493895$ & $-0.0352669$ & $-0.034528$ & $0.0037636$ & $-0.0012091$ & $-0.0496703$ & $-0.0463304$ & $-0.048685$ & $0.00237932$ & $0.00357717$ & $0.00991565$ & $0.0233715$ & $0.0135484$ & $-0.0296145$ & $0.0391983$ & $0.0201663$ & $0.0329886$ & $-0.0561037$ & $-0.0215586$ & $-0.00529375$ & $-0.275654$ & $-0.182292$ & $-0.0974907$ & $-0.0959447$ & $1$ & $-0.156412$ & $0.385793$ & $-0.0088889$ & $-0.276763$ & $-0.080204$ & $0.125313$ & $0.346258$ & $0.198392$ & $-0.105823$ & $-0.359288$ \\
eHZZpar & $0.0876576$ & $0.113528$ & $-0.01657$ & $0.0510132$ & $-0.00643918$ & $-0.0217636$ & $-0.0268413$ & $-0.0237719$ & $-0.0230568$ & $-0.0379667$ & $0.0126308$ & $0.0288035$ & $0.0202933$ & $0.00119329$ & $0.0292612$ & $0.00526151$ & $0.0209635$ & $0.000762986$ & $0.0177344$ & $-0.00840638$ & $-0.0151656$ & $-0.015729$ & $0.0164181$ & $0.034889$ & $0.0169876$ & $0.0119182$ & $-0.0162337$ & $0.0333782$ & $0.0146227$ & $0.0359424$ & $0.0142719$ & $-0.019979$ & $0.0357023$ & $-0.0453008$ & $-0.0238687$ & $-0.00985871$ & $-0.0447972$ & $-0.0926275$ & $-0.156412$ & $1$ & $-0.00384262$ & $-0.0295419$ & $0.0863266$ & $0.120999$ & $-0.0232257$ & $-0.0938146$ & $0.0397371$ & $0.0423575$ & $0.0019782$ \\
eHZgaint & $-0.156099$ & $-0.133339$ & $0.425587$ & $-0.207791$ & $-0.0029168$ & $0.0227334$ & $0.0313325$ & $-0.00596573$ & $-0.00667037$ & $0.0277888$ & $0.0163051$ & $-0.139387$ & $-0.123969$ & $-0.00629907$ & $-0.0576893$ & $-0.0496549$ & $-0.0172373$ & $0.0133261$ & $0.0137705$ & $-0.0225278$ & $-0.0105863$ & $-0.0140426$ & $0.0213928$ & $-0.01058$ & $0.0314981$ & $0.0160631$ & $0.0845367$ & $-0.0459722$ & $0.0249421$ & $-0.0668312$ & $-0.0712012$ & $0.0173615$ & $-0.142844$ & $0.0379182$ & $-0.15286$ & $-0.406619$ & $-0.204381$ & $-0.10941$ & $0.385793$ & $-0.00384262$ & $1$ & $-0.0768155$ & $0.0857146$ & $-0.0160176$ & $0.0655663$ & $0.114889$ & $-0.0547158$ & $-0.343075$ & $-0.293436$ \\
eHZgapar & $0.0371221$ & $-0.251752$ & $-0.0558311$ & $-0.0318362$ & $-0.0655108$ & $-0.00234236$ & $-0.18391$ & $-0.0348192$ & $-0.0368156$ & $0.0178832$ & $0.0137397$ & $0.13994$ & $0.164118$ & $0.0248768$ & $-0.0087213$ & $-0.00670874$ & $0.0374005$ & $0.0439143$ & $0.0433693$ & $-0.0149685$ & $-0.0176688$ & $-0.0188889$ & $-0.0262099$ & $0.046163$ & $0.0476114$ & $0.0366045$ & $-0.00857904$ & $-0.00566295$ & $-0.0142129$ & $0.102399$ & $0.0266831$ & $-0.183973$ & $0.124043$ & $-0.0323382$ & $0.0927422$ & $0.0972762$ & $0.112688$ & $0.0414064$ & $-0.0088889$ & $-0.0295419$ & $-0.0768155$ & $1$ & $-0.0362124$ & $-0.107689$ & $0.0542665$ & $-0.0499793$ & $-0.0928582$ & $0.111224$ & $0.0519903$ \\
eHgagaint & $0.314769$ & $0.0277746$ & $-0.125617$ & $0.174294$ & $0.0385618$ & $-0.0107596$ & $0.218007$ & $0.0158819$ & $0.0371801$ & $0.0220022$ & $0.0149732$ & $-0.109278$ & $-0.148874$ & $-0.0624651$ & $-0.00681992$ & $0.000805046$ & $-0.0505366$ & $-0.0573595$ & $-0.064605$ & $-0.0161185$ & $-0.0125695$ & $-0.0161714$ & $-0.027928$ & $-0.0460267$ & $-0.0597631$ & $0.0438399$ & $0.022939$ & $0.0150436$ & $-0.00390376$ & $-0.0496249$ & $-0.0105071$ & $0.239623$ & $-0.0633393$ & $0.0280873$ & $0.456221$ & $-0.321587$ & $0.100496$ & $-0.0635484$ & $-0.276763$ & $0.0863266$ & $0.0857146$ & $-0.0362124$ & $1$ & $-0.0333039$ & $-0.308438$ & $-0.185123$ & $0.48127$ & $0.00195441$ & $0.041685$ \\
eHmumuint & $-0.203608$ & $0.394506$ & $0.203969$ & $-0.0497797$ & $-0.0127161$ & $-0.0274083$ & $-0.023171$ & $0.0657894$ & $0.0595594$ & $-0.0508119$ & $-0.00715411$ & $-0.0576008$ & $-0.0508028$ & $-0.0794428$ & $-0.0377721$ & $-0.0888732$ & $-0.0947759$ & $-0.0949752$ & $-0.0594413$ & $-0.00010807$ & $0.0210714$ & $0.0202105$ & $0.0757414$ & $-0.119145$ & $-0.0777635$ & $-0.0166082$ & $0.117816$ & $0.0408846$ & $0.015108$ & $-0.0661584$ & $-0.0464375$ & $-0.0533667$ & $-0.0636877$ & $0.106525$ & $-0.333353$ & $0.172277$ & $-0.196779$ & $-0.0915167$ & $-0.080204$ & $0.120999$ & $-0.0160176$ & $-0.107689$ & $-0.0333039$ & $1$ & $-0.40259$ & $-0.0136548$ & $0.115702$ & $-0.264622$ & $0.148243$ \\
eHtautauint & $-0.255885$ & $-0.388259$ & $0.0299098$ & $-0.378543$ & $0.0431575$ & $0.0179494$ & $-0.069537$ & $-0.0614671$ & $-0.0643832$ & $0.000132858$ & $0.0302394$ & $0.0316316$ & $0.0683526$ & $0.0300157$ & $0.0444914$ & $0.0247122$ & $0.0529727$ & $0.0347355$ & $0.0494817$ & $-0.0237339$ & $-0.0393228$ & $-0.0406762$ & $-0.0180228$ & $0.0676292$ & $0.0577274$ & $0.0230663$ & $-0.0855045$ & $-0.0293532$ & $0.0120842$ & $0.0692811$ & $0.0140755$ & $-0.062826$ & $0.0776397$ & $-0.108358$ & $-0.232466$ & $0.36725$ & $-0.159106$ & $0.0366587$ & $0.125313$ & $-0.0232257$ & $0.0655663$ & $0.0542665$ & $-0.308438$ & $-0.40259$ & $1$ & $0.0911273$ & $-0.609989$ & $-0.0159218$ & $-0.0179242$ \\
eHccint & $-0.267053$ & $-0.189962$ & $0.30312$ & $-0.206657$ & $-0.0104381$ & $0.0599513$ & $-0.0296689$ & $0.00731258$ & $-0.00173671$ & $0.0284797$ & $-0.00591419$ & $0.0264147$ & $-0.0194965$ & $0.0264495$ & $-0.0360078$ & $0.019008$ & $-0.0181149$ & $0.0222888$ & $-0.00588171$ & $0.00365606$ & $0.00697718$ & $0.0101081$ & $-0.0166787$ & $-0.0033159$ & $0.00940384$ & $-0.00318089$ & $0.00587644$ & $0.00126432$ & $0.0289537$ & $0.00032661$ & $0.0194931$ & $-0.029559$ & $-0.0404429$ & $0.0204704$ & $-0.0167292$ & $-0.150093$ & $-0.0974165$ & $0.000702952$ & $0.346258$ & $-0.0938146$ & $0.114889$ & $-0.0499793$ & $-0.185123$ & $-0.0136548$ & $0.0911273$ & $1$ & $-0.0388936$ & $-0.183643$ & $-0.13894$ \\
eHccpar & $0.292256$ & $-0.0961145$ & $0.00350127$ & $0.265409$ & $0.0167434$ & $0.0108714$ & $0.14285$ & $0.0099249$ & $0.019428$ & $0.024432$ & $0.0394163$ & $-0.111895$ & $-0.155803$ & $-0.0857136$ & $-0.043703$ & $-0.0536963$ & $-0.0898094$ & $-0.0724204$ & $-0.0704907$ & $-0.0440953$ & $-0.0351175$ & $-0.0394839$ & $0.0153458$ & $-0.0628177$ & $-0.078604$ & $0.0256154$ & $0.0487907$ & $0.020537$ & $-0.0203225$ & $-0.102681$ & $0.00408141$ & $0.139235$ & $-0.137176$ & $0.0462198$ & $0.26547$ & $-0.436965$ & $0.0810217$ & $-0.0867341$ & $0.198392$ & $0.0397371$ & $-0.0547158$ & $-0.0928582$ & $0.48127$ & $0.115702$ & $-0.609989$ & $-0.0388936$ & $1$ & $0.131293$ & $-0.24036$ \\
eHbbint & $0.282712$ & $-0.19863$ & $-0.446975$ & $0.253211$ & $0.00198278$ & $-0.0235641$ & $0.0325279$ & $0.0149841$ & $0.0217639$ & $0.015639$ & $-0.0203335$ & $0.0772154$ & $0.0846966$ & $0.0257405$ & $0.0341002$ & $0.0327323$ & $-0.00650502$ & $-0.00658808$ & $-0.0131985$ & $0.02319$ & $0.0153554$ & $0.0107972$ & $-0.0358931$ & $-0.00225311$ & $-0.0213761$ & $0.0110127$ & $-0.0394562$ & $0.000788678$ & $-0.0072155$ & $0.0698004$ & $0.0730856$ & $0.0684166$ & $0.104411$ & $-0.0288697$ & $0.508927$ & $0.167986$ & $0.24825$ & $0.135937$ & $-0.105823$ & $0.0423575$ & $-0.343075$ & $0.111224$ & $0.00195441$ & $-0.264622$ & $-0.0159218$ & $-0.183643$ & $0.131293$ & $1$ & $-0.09085$ \\
eHbbpar & $-0.213939$ & $0.1056$ & $0.0912289$ & $-0.49411$ & $-0.0119837$ & $-0.0268851$ & $-0.0845715$ & $0.0953925$ & $0.0955483$ & $-0.0943685$ & $-0.10436$ & $0.0846756$ & $0.146548$ & $0.0520808$ & $0.0559649$ & $0.0658179$ & $0.0273909$ & $-0.00482616$ & $-0.0186605$ & $0.103134$ & $0.103624$ & $0.104159$ & $0.0364513$ & $-0.0307555$ & $0.00938146$ & $-0.0853893$ & $0.0479037$ & $0.0618392$ & $0.0186396$ & $0.0838169$ & $0.0616744$ & $-0.0816567$ & $0.225009$ & $0.0539299$ & $-0.121016$ & $0.346744$ & $0.0511279$ & $0.12776$ & $-0.359288$ & $0.0019782$ & $-0.293436$ & $0.0519903$ & $0.041685$ & $0.148243$ & $-0.0179242$ & $-0.13894$ & $-0.24036$ & $-0.09085$ & $1$ \\
