 & AlsMz & dAle5Mz & mtop & mHl & Mz & CW & CHG & CHWB & CHWHB_gaga & CHWHB_gagaorth & CHD & CHbox & CH & CHL1_11 & CHL1_22 & CHL1_33 & CHL3_11 & CHL3_22 & CHL3_33 & CHe_11 & CHe_22 & CHe_33 & CHQ1_11 & CHQ1_33 & CHQ3_11 & CHu_11 & CHd_11 & CHd_33 & CeH_22r & CeH_33r & CuH_22r & CuH_33r & CdH_33r & CLL_1221 & eHggint & eHggpar & eHWWint & eHWWpar & eHZZint & eHZZpar & eHZgaint & eHZgapar & eHgagaint & eHmumuint & eHtautauint & eHccint & eHccpar & eHbbint & eHbbpar \\
AlsMz & $1$ & $0.0407121$ & $-0.0936776$ & $-0.0277401$ & $-0.0208408$ & $-0.00947245$ & $0.0277391$ & $-0.0334022$ & $-0.0303694$ & $0.0124571$ & $0.0251543$ & $0.020869$ & $-0.0208809$ & $-0.000538406$ & $0.00506731$ & $-0.00789957$ & $-0.00647784$ & $-0.00547758$ & $0.00183464$ & $-0.0336752$ & $-0.0339933$ & $-0.0394532$ & $-0.0280865$ & $-0.0383989$ & $-0.12371$ & $-0.0237624$ & $-0.0808211$ & $-0.0388808$ & $0.042787$ & $-0.024504$ & $0.0297773$ & $0.0209097$ & $-0.136338$ & $-0.0334335$ & $-0.0194126$ & $0.0277312$ & $-0.0713511$ & $-0.0165491$ & $-0.135323$ & $-0.0231987$ & $-0.010219$ & $0.0122531$ & $-0.00293906$ & $-0.00427006$ & $-0.127279$ & $-0.0648152$ & $0.129907$ & $-0.0346498$ & $-0.312078$ \\
dAle5Mz & $0.0407121$ & $1$ & $-0.0450857$ & $0.0886022$ & $0.0264171$ & $-0.0409516$ & $-0.00581506$ & $-0.0657447$ & $-0.0688238$ & $0.0188091$ & $0.0461577$ & $0.0255426$ & $-0.0146961$ & $-0.0324177$ & $-0.0128426$ & $-0.00491686$ & $0.0351194$ & $0.0142332$ & $0.0120719$ & $-0.0228341$ & $-0.0216789$ & $-0.0177295$ & $-0.0173813$ & $0.03797$ & $-0.00310826$ & $0.0173321$ & $-0.0138301$ & $-0.00206523$ & $0.0267929$ & $0.00477001$ & $0.00690011$ & $-0.015305$ & $-0.0242714$ & $0.0289311$ & $0.0273126$ & $-0.0790707$ & $-0.0423591$ & $-0.0025696$ & $-0.149559$ & $0.0529607$ & $0.0354916$ & $-0.0447164$ & $-0.112867$ & $0.0245884$ & $0.069702$ & $0.0273423$ & $-0.0439075$ & $0.0137401$ & $-0.0957869$ \\
mtop & $-0.0936776$ & $-0.0450857$ & $1$ & $-0.0160113$ & $0.0151262$ & $-0.0798032$ & $0.00320633$ & $0.0114241$ & $0.0147844$ & $-0.0486771$ & $8.6524e-05$ & $-0.0353233$ & $0.0168919$ & $-0.0299121$ & $0.00785286$ & $0.00869051$ & $0.0133123$ & $-0.0104784$ & $-0.00907001$ & $0.0076887$ & $0.00781985$ & $0.00607095$ & $0.00751292$ & $-0.00435927$ & $0.030476$ & $0.0156469$ & $0.0416597$ & $0.0180447$ & $0.0174352$ & $0.0484818$ & $0.0312631$ & $0.010183$ & $0.0714966$ & $0.0132971$ & $0.0607534$ & $-0.0105242$ & $-0.0631483$ & $-0.0516808$ & $-0.0579403$ & $0.0200953$ & $-0.144872$ & $-0.0578711$ & $0.0432337$ & $0.00632292$ & $-0.0761576$ & $0.130748$ & $-0.0165667$ & $-0.0416845$ & $0.129806$ \\
mHl & $-0.0277401$ & $0.0886022$ & $-0.0160113$ & $1$ & $0.0304211$ & $0.0316366$ & $0.00509378$ & $-0.000848382$ & $-0.00299409$ & $0.00574767$ & $0.00188188$ & $-0.00124874$ & $0.0120204$ & $0.0050385$ & $0.0277158$ & $-0.021722$ & $-0.0172141$ & $-0.0246449$ & $0.011388$ & $0.00188691$ & $0.000496244$ & $-0.00185109$ & $0.0227366$ & $-0.00314945$ & $-0.0206825$ & $-0.0320753$ & $-0.0252824$ & $-0.0174976$ & $0.0399488$ & $-0.0134174$ & $0.0410083$ & $-0.00317719$ & $0.0153423$ & $-0.0276313$ & $-0.0403915$ & $-0.042679$ & $0.0972388$ & $0.00835285$ & $-0.160677$ & $0.0406099$ & $0.125122$ & $-0.0507073$ & $-0.0139451$ & $-0.0844127$ & $0.116028$ & $0.136993$ & $0.137337$ & $0.137116$ & $-0.0209163$ \\
Mz & $-0.0208408$ & $0.0264171$ & $0.0151262$ & $0.0304211$ & $1$ & $-0.00860591$ & $-0.00275556$ & $0.00159318$ & $0.0024926$ & $-0.0231306$ & $0.00224989$ & $-0.03291$ & $0.0220169$ & $0.0036871$ & $0.0134543$ & $-0.00760184$ & $0.0140257$ & $-0.00434936$ & $0.00806043$ & $0.0047493$ & $0.00862113$ & $0.00179342$ & $0.00487784$ & $0.00560167$ & $-0.00810374$ & $-0.0199058$ & $-0.0160071$ & $-0.019979$ & $-0.00294928$ & $0.0329694$ & $0.0213507$ & $-0.00118167$ & $0.0338164$ & $-0.00734127$ & $-0.00381019$ & $-0.014661$ & $0.0264381$ & $-0.0133628$ & $-0.0278026$ & $0.0100583$ & $-0.0115171$ & $0.0437677$ & $0.00192886$ & $-0.025293$ & $0.0248781$ & $-0.00280492$ & $-0.0392784$ & $-0.0123806$ & $0.0180101$ \\
CW & $-0.00947245$ & $-0.0409516$ & $-0.0798032$ & $0.0316366$ & $-0.00860591$ & $1$ & $0.0180209$ & $-0.115002$ & $-0.109848$ & $0.0164996$ & $0.181813$ & $0.044856$ & $-0.000788565$ & $0.0102701$ & $-0.0349748$ & $-0.0531927$ & $-0.27888$ & $-0.091$ & $-0.0754873$ & $-0.17562$ & $-0.190956$ & $-0.186016$ & $-0.0202908$ & $0.00253022$ & $-0.118432$ & $0.108921$ & $-0.108036$ & $-0.062282$ & $-0.011129$ & $-0.00676907$ & $0.00129348$ & $0.0234139$ & $0.00147833$ & $-0.154259$ & $-0.0220667$ & $0.0471845$ & $-0.00692117$ & $0.0224651$ & $0.0209569$ & $-0.0230646$ & $0.00321847$ & $-0.0077984$ & $0.00784075$ & $0.0010767$ & $0.0611801$ & $0.0156029$ & $-0.0422032$ & $0.000908613$ & $0.0209396$ \\
CHG & $0.0277391$ & $-0.00581506$ & $0.00320633$ & $0.00509378$ & $-0.00275556$ & $0.0180209$ & $1$ & $-0.0994082$ & $-0.0469305$ & $0.0459658$ & $0.0677969$ & $0.220156$ & $-0.286682$ & $0.0256388$ & $-0.010806$ & $-0.016871$ & $0.0611803$ & $0.0647086$ & $0.0708156$ & $-0.0627234$ & $-0.0721089$ & $-0.0697984$ & $-0.0232825$ & $0.103945$ & $0.0650684$ & $0.0471084$ & $-0.0457972$ & $0.00362079$ & $0.0208711$ & $-0.120436$ & $-0.0611945$ & $0.930394$ & $-0.15935$ & $-0.0716652$ & $-0.042969$ & $-0.0199281$ & $-0.00631427$ & $-0.0155903$ & $0.0177041$ & $-0.00168909$ & $-0.00131188$ & $-0.0283329$ & $0.0212242$ & $-0.0229304$ & $0.00474062$ & $0.029309$ & $0.0217825$ & $0.00304188$ & $-0.0510166$ \\
CHWB & $-0.0334022$ & $-0.0657447$ & $0.0114241$ & $-0.000848382$ & $0.00159318$ & $-0.115002$ & $-0.0994082$ & $1$ & $0.983046$ & $-0.561866$ & $-0.87554$ & $-0.426433$ & $0.346721$ & $0.0804174$ & $0.30821$ & $0.299774$ & $-0.234697$ & $-0.439543$ & $-0.429921$ & $0.84828$ & $0.893034$ & $0.875465$ & $0.066177$ & $-0.66083$ & $-0.412928$ & $-0.510513$ & $0.385364$ & $0.305223$ & $0.0315714$ & $0.133011$ & $0.046971$ & $-0.0848935$ & $0.103334$ & $0.548166$ & $0.031074$ & $0.0258762$ & $-0.0181988$ & $-0.0033765$ & $0.0241674$ & $-0.00781155$ & $0.058235$ & $-0.000651986$ & $-0.0452864$ & $-0.0476562$ & $0.0662907$ & $-0.0168643$ & $-0.0118377$ & $0.0149796$ & $-0.0566121$ \\
CHWHB_gaga & $-0.0303694$ & $-0.0688238$ & $0.0147844$ & $-0.00299409$ & $0.0024926$ & $-0.109848$ & $-0.0469305$ & $0.983046$ & $1$ & $-0.557292$ & $-0.855665$ & $-0.4131$ & $0.347065$ & $0.0696083$ & $0.308289$ & $0.301697$ & $-0.241912$ & $-0.444402$ & $-0.435662$ & $0.829634$ & $0.872027$ & $0.8559$ & $0.0610281$ & $-0.654393$ & $-0.417207$ & $-0.496298$ & $0.372198$ & $0.299731$ & $0.0357534$ & $0.16248$ & $0.0567034$ & $-0.0398208$ & $0.135025$ & $0.533773$ & $0.0144895$ & $0.0106285$ & $-0.0271689$ & $-0.00665206$ & $0.0212332$ & $-0.0129679$ & $0.0447218$ & $-0.00841872$ & $0.0244118$ & $-0.0309983$ & $0.060816$ & $-0.0121696$ & $-0.0274554$ & $0.0190112$ & $-0.0562252$ \\
CHWHB_gagaorth & $0.0124571$ & $0.0188091$ & $-0.0486771$ & $0.00574767$ & $-0.0231306$ & $0.0164996$ & $0.0459658$ & $-0.561866$ & $-0.557292$ & $1$ & $0.333763$ & $0.597195$ & $-0.289806$ & $0.262804$ & $-0.134751$ & $-0.121246$ & $0.444286$ & $0.511377$ & $0.487918$ & $-0.323203$ & $-0.352559$ & $-0.351105$ & $-0.0310217$ & $0.558124$ & $0.488399$ & $0.189226$ & $-0.218475$ & $-0.0995359$ & $-0.0395971$ & $-0.16227$ & $-0.0472968$ & $0.0575486$ & $-0.146635$ & $-0.333303$ & $0.0347315$ & $0.0184863$ & $0.0227403$ & $0.0255117$ & $-0.00950709$ & $-0.0204464$ & $-0.0328212$ & $0.0141972$ & $0.00162961$ & $0.027182$ & $0.00180819$ & $-0.00770902$ & $0.0289828$ & $0.0147881$ & $0.0559626$ \\
CHD & $0.0251543$ & $0.0461577$ & $8.6524e-05$ & $0.00188188$ & $0.00224989$ & $0.181813$ & $0.0677969$ & $-0.87554$ & $-0.855665$ & $0.333763$ & $1$ & $0.294268$ & $-0.165742$ & $-0.504584$ & $-0.431984$ & $-0.408912$ & $-0.228619$ & $0.0664654$ & $0.0562385$ & $-0.990159$ & $-0.990537$ & $-0.96927$ & $-0.0175137$ & $0.286145$ & $0.0292089$ & $0.56939$ & $-0.256741$ & $-0.345552$ & $-0.0203635$ & $-0.0866065$ & $-0.0400674$ & $0.0690372$ & $-0.0527009$ & $-0.348229$ & $-0.0266339$ & $-0.0220604$ & $0.029013$ & $-0.00608862$ & $-0.0178732$ & $0.0224229$ & $-0.0534316$ & $0.00557733$ & $0.0500479$ & $0.0432662$ & $-0.0730425$ & $0.0287486$ & $0.00097815$ & $-0.0181595$ & $0.0364773$ \\
CHbox & $0.020869$ & $0.0255426$ & $-0.0353233$ & $-0.00124874$ & $-0.03291$ & $0.044856$ & $0.220156$ & $-0.426433$ & $-0.4131$ & $0.597195$ & $0.294268$ & $1$ & $-0.80902$ & $0.118608$ & $-0.0833545$ & $-0.074166$ & $0.246262$ & $0.298903$ & $0.287513$ & $-0.280967$ & $-0.310385$ & $-0.307924$ & $-0.0520858$ & $0.377833$ & $0.283358$ & $0.177079$ & $-0.201309$ & $-0.0884224$ & $-0.0248644$ & $-0.110876$ & $-0.0460281$ & $0.228671$ & $-0.127215$ & $-0.274299$ & $0.035446$ & $0.0355427$ & $0.019499$ & $0.00281851$ & $-0.0222469$ & $-0.00341736$ & $-0.0157559$ & $-0.0100558$ & $-0.0220162$ & $-0.00714966$ & $-0.0045752$ & $0.0248059$ & $0.00727262$ & $0.0135402$ & $0.00509169$ \\
CH & $-0.0208809$ & $-0.0146961$ & $0.0168919$ & $0.0120204$ & $0.0220169$ & $-0.000788565$ & $-0.286682$ & $0.346721$ & $0.347065$ & $-0.289806$ & $-0.165742$ & $-0.80902$ & $1$ & $-0.246677$ & $0.0820737$ & $0.0872927$ & $-0.3537$ & $-0.384442$ & $-0.3835$ & $0.164718$ & $0.176002$ & $0.175949$ & $0.0400687$ & $-0.386644$ & $-0.37168$ & $-0.105826$ & $0.120615$ & $0.0566721$ & $0.0427668$ & $0.272208$ & $0.0903736$ & $-0.229703$ & $0.317654$ & $0.207411$ & $0.0276221$ & $-0.00204555$ & $0.004421$ & $0.00269455$ & $0.0245946$ & $-0.00840822$ & $0.00968888$ & $0.00630198$ & $0.0195813$ & $0.0204442$ & $0.0131999$ & $-0.0317781$ & $-0.0199246$ & $-0.00676873$ & $-0.00330659$ \\
CHL1_11 & $-0.000538406$ & $-0.0324177$ & $-0.0299121$ & $0.0050385$ & $0.0036871$ & $0.0102701$ & $0.0256388$ & $0.0804174$ & $0.0696083$ & $0.262804$ & $-0.504584$ & $0.118608$ & $-0.246677$ & $1$ & $0.271698$ & $0.23463$ & $0.671529$ & $0.60296$ & $0.61128$ & $0.518246$ & $0.462431$ & $0.449875$ & $-0.0582992$ & $0.49741$ & $0.600318$ & $-0.278935$ & $-0.102803$ & $0.163198$ & $-0.00767985$ & $-0.046998$ & $0.00833814$ & $0.0019722$ & $-0.0551787$ & $-0.231973$ & $-0.00704331$ & $0.00683387$ & $-0.0269768$ & $0.0289678$ & $0.0118901$ & $-0.0490939$ & $0.0200159$ & $-0.00686031$ & $-0.0263366$ & $-0.0162892$ & $0.0444549$ & $-0.0201764$ & $-0.00507017$ & $0.0286457$ & $0.0310109$ \\
CHL1_22 & $0.00506731$ & $-0.0128426$ & $0.00785286$ & $0.0277158$ & $0.0134543$ & $-0.0349748$ & $-0.010806$ & $0.30821$ & $0.308289$ & $-0.134751$ & $-0.431984$ & $-0.0833545$ & $0.0820737$ & $0.271698$ & $1$ & $0.465863$ & $0.158587$ & $-0.448242$ & $-0.0466369$ & $0.501304$ & $0.344718$ & $0.3397$ & $-0.179433$ & $0.0928031$ & $-0.143909$ & $-0.193434$ & $-0.415755$ & $0.117205$ & $0.0386598$ & $0.0934214$ & $0.0321047$ & $-0.00298329$ & $0.0363403$ & $-0.595953$ & $-0.00049098$ & $-0.0169267$ & $0.0252287$ & $-0.0135436$ & $0.00824563$ & $-0.045092$ & $0.00303118$ & $-0.027652$ & $0.0383406$ & $-0.0126435$ & $-0.0268019$ & $-0.0241411$ & $-0.0142986$ & $-0.0165136$ & $-0.058974$ \\
CHL1_33 & $-0.00789957$ & $-0.00491686$ & $0.00869051$ & $-0.021722$ & $-0.00760184$ & $-0.0531927$ & $-0.016871$ & $0.299774$ & $0.301697$ & $-0.121246$ & $-0.408912$ & $-0.074166$ & $0.0872927$ & $0.23463$ & $0.465863$ & $1$ & $0.139817$ & $-0.0614754$ & $-0.455867$ & $0.475365$ & $0.325506$ & $0.346227$ & $-0.161238$ & $0.0806318$ & $-0.161489$ & $-0.190633$ & $-0.413681$ & $0.115216$ & $0.0286015$ & $0.0840838$ & $0.00919972$ & $-0.0016625$ & $0.0707382$ & $-0.111925$ & $0.0483242$ & $-0.010267$ & $-0.0182098$ & $-0.0144122$ & $0.0393408$ & $-0.0304282$ & $-0.0239147$ & $-0.0332942$ & $0.0166922$ & $-0.012987$ & $0.0051464$ & $-0.021101$ & $-0.058598$ & $0.00546674$ & $0.00189162$ \\
CHL3_11 & $-0.00647784$ & $0.0351194$ & $0.0133123$ & $-0.0172141$ & $0.0140257$ & $-0.27888$ & $0.0611803$ & $-0.234697$ & $-0.241912$ & $0.444286$ & $-0.228619$ & $0.246262$ & $-0.3537$ & $0.671529$ & $0.158587$ & $0.139817$ & $1$ & $0.740786$ & $0.736032$ & $0.247565$ & $0.197284$ & $0.187753$ & $-0.0591313$ & $0.677891$ & $0.774028$ & $-0.11215$ & $-0.143321$ & $0.0837627$ & $-0.0285198$ & $-0.0977753$ & $-0.0183284$ & $0.0276548$ & $-0.102846$ & $-0.241731$ & $-0.00429613$ & $-0.00645708$ & $-0.0244751$ & $0.00778333$ & $-0.0205943$ & $-0.00230305$ & $-0.0170472$ & $-0.00295729$ & $-0.01363$ & $0.00976252$ & $0.00645518$ & $-0.0190785$ & $0.0340537$ & $-0.010561$ & $0.0501977$ \\
CHL3_22 & $-0.00547758$ & $0.0142332$ & $-0.0104784$ & $-0.0246449$ & $-0.00434936$ & $-0.091$ & $0.0647086$ & $-0.439543$ & $-0.444402$ & $0.511377$ & $0.0664654$ & $0.298903$ & $-0.384442$ & $0.60296$ & $-0.448242$ & $-0.0614754$ & $0.740786$ & $1$ & $0.686471$ & $-0.0755864$ & $-0.0599475$ & $-0.0607853$ & $0.0250286$ & $0.636791$ & $0.797075$ & $0.0250831$ & $0.0193595$ & $-0.0060603$ & $-0.0450926$ & $-0.144725$ & $-0.0363251$ & $0.032275$ & $-0.109339$ & $0.0363929$ & $-0.00561351$ & $0.00569925$ & $-0.0359988$ & $0.0244939$ & $-0.00676588$ & $0.00213487$ & $-0.0164231$ & $0.0091442$ & $-0.0324231$ & $0.0148188$ & $0.0283792$ & $-0.0038277$ & $0.0207852$ & $0.0180182$ & $0.0892158$ \\
CHL3_33 & $0.00183464$ & $0.0120719$ & $-0.00907001$ & $0.011388$ & $0.00806043$ & $-0.0754873$ & $0.0708156$ & $-0.429921$ & $-0.435662$ & $0.487918$ & $0.0562385$ & $0.287513$ & $-0.3835$ & $0.61128$ & $-0.0466369$ & $-0.455867$ & $0.736032$ & $0.686471$ & $1$ & $-0.0638518$ & $-0.0501555$ & $-0.0492969$ & $0.0225619$ & $0.629081$ & $0.800691$ & $0.0235416$ & $0.0310283$ & $-0.00739307$ & $-0.0394312$ & $-0.136267$ & $-0.0180046$ & $0.0330855$ & $-0.130655$ & $-0.328087$ & $-0.0406936$ & $0.000284264$ & $-0.00331302$ & $0.0238837$ & $-0.0369465$ & $-0.00756234$ & $0.00372017$ & $0.0116999$ & $-0.0089792$ & $0.0246476$ & $0.00527857$ & $-0.0129873$ & $0.051744$ & $0.00187945$ & $0.0455098$ \\
CHe_11 & $-0.0336752$ & $-0.0228341$ & $0.0076887$ & $0.00188691$ & $0.0047493$ & $-0.17562$ & $-0.0627234$ & $0.84828$ & $0.829634$ & $-0.323203$ & $-0.990159$ & $-0.280967$ & $0.164718$ & $0.518246$ & $0.501304$ & $0.475365$ & $0.247565$ & $-0.0755864$ & $-0.0638518$ & $1$ & $0.971384$ & $0.951659$ & $-0.0101884$ & $-0.234893$ & $-0.028787$ & $-0.557064$ & $0.178482$ & $0.34244$ & $0.0228867$ & $0.0913469$ & $0.0400728$ & $-0.0632069$ & $0.0552498$ & $0.267611$ & $0.028547$ & $0.0175219$ & $-0.0278622$ & $0.00594495$ & $0.0178784$ & $-0.0270471$ & $0.0485894$ & $-0.0106543$ & $-0.0459705$ & $-0.039329$ & $0.0711496$ & $-0.0285985$ & $-0.00389178$ & $0.0190219$ & $-0.0367261$ \\
CHe_22 & $-0.0339933$ & $-0.0216789$ & $0.00781985$ & $0.000496244$ & $0.00862113$ & $-0.190956$ & $-0.0721089$ & $0.893034$ & $0.872027$ & $-0.352559$ & $-0.990537$ & $-0.310385$ & $0.176002$ & $0.462431$ & $0.344718$ & $0.325506$ & $0.197284$ & $-0.0599475$ & $-0.0501555$ & $0.971384$ & $1$ & $0.974226$ & $0.0467131$ & $-0.341025$ & $-0.0342693$ & $-0.572767$ & $0.341214$ & $0.346663$ & $0.0174211$ & $0.0841218$ & $0.0405504$ & $-0.0740322$ & $0.0543941$ & $0.439269$ & $0.0266706$ & $0.0224236$ & $-0.0331799$ & $0.00544482$ & $0.0134086$ & $-0.0130053$ & $0.058675$ & $-0.00163229$ & $-0.0581751$ & $-0.0441735$ & $0.0800865$ & $-0.023321$ & $0.000328076$ & $0.0195599$ & $-0.0352473$ \\
CHe_33 & $-0.0394532$ & $-0.0177295$ & $0.00607095$ & $-0.00185109$ & $0.00179342$ & $-0.186016$ & $-0.0697984$ & $0.875465$ & $0.8559$ & $-0.351105$ & $-0.96927$ & $-0.307924$ & $0.175949$ & $0.449875$ & $0.3397$ & $0.346227$ & $0.187753$ & $-0.0607853$ & $-0.0492969$ & $0.951659$ & $0.974226$ & $1$ & $0.0524064$ & $-0.335988$ & $-0.0346354$ & $-0.565593$ & $0.332962$ & $0.337773$ & $0.0126767$ & $0.0823031$ & $0.0377716$ & $-0.0708302$ & $0.0578214$ & $0.431162$ & $0.0305248$ & $0.0223823$ & $-0.0279263$ & $0.0053011$ & $0.0076576$ & $-0.0148963$ & $0.0543657$ & $-0.0153085$ & $-0.0496319$ & $-0.029004$ & $0.0805$ & $-0.0329443$ & $-0.0066899$ & $0.0199757$ & $-0.0243355$ \\
CHQ1_11 & $-0.0280865$ & $-0.0173813$ & $0.00751292$ & $0.0227366$ & $0.00487784$ & $-0.0202908$ & $-0.0232825$ & $0.066177$ & $0.0610281$ & $-0.0310217$ & $-0.0175137$ & $-0.0520858$ & $0.0400687$ & $-0.0582992$ & $-0.179433$ & $-0.161238$ & $-0.0591313$ & $0.0250286$ & $0.0225619$ & $-0.0101884$ & $0.0467131$ & $0.0524064$ & $1$ & $-0.137875$ & $0.0971614$ & $-0.682617$ & $0.347474$ & $0.022391$ & $-0.0295068$ & $-0.0230839$ & $-0.0170062$ & $-0.0217024$ & $0.000304471$ & $0.206003$ & $0.0385052$ & $-0.0341916$ & $-0.00522811$ & $0.0242451$ & $-0.0481616$ & $0.0131589$ & $0.0687382$ & $-0.0113007$ & $-0.0370172$ & $-0.0265978$ & $0.040362$ & $-0.00809455$ & $-0.00788118$ & $0.0117194$ & $0.0311559$ \\
CHQ1_33 & $-0.0383989$ & $0.03797$ & $-0.00435927$ & $-0.00314945$ & $0.00560167$ & $0.00253022$ & $0.103945$ & $-0.66083$ & $-0.654393$ & $0.558124$ & $0.286145$ & $0.377833$ & $-0.386644$ & $0.49741$ & $0.0928031$ & $0.0806318$ & $0.677891$ & $0.636791$ & $0.629081$ & $-0.234893$ & $-0.341025$ & $-0.335988$ & $-0.137875$ & $1$ & $0.653966$ & $0.201431$ & $-0.383504$ & $0.000772054$ & $-0.0313485$ & $-0.116705$ & $-0.0316449$ & $0.0750474$ & $-0.101347$ & $-0.610616$ & $-0.0180191$ & $-0.0196259$ & $-0.0171412$ & $0.014898$ & $-0.00386325$ & $-0.0288239$ & $-0.0376138$ & $-0.0138007$ & $-0.00518739$ & $0.00635132$ & $0.000609577$ & $0.0102126$ & $0.00519231$ & $-0.0170353$ & $0.0762626$ \\
CHQ3_11 & $-0.12371$ & $-0.00310826$ & $0.030476$ & $-0.0206825$ & $-0.00810374$ & $-0.118432$ & $0.0650684$ & $-0.412928$ & $-0.417207$ & $0.488399$ & $0.0292089$ & $0.283358$ & $-0.37168$ & $0.600318$ & $-0.143909$ & $-0.161489$ & $0.774028$ & $0.797075$ & $0.800691$ & $-0.028787$ & $-0.0342693$ & $-0.0346354$ & $0.0971614$ & $0.653966$ & $1$ & $0.0243109$ & $0.230196$ & $0.0137956$ & $-0.0467766$ & $-0.129129$ & $-0.0356449$ & $0.0358504$ & $-0.0965526$ & $-0.199695$ & $-0.0356703$ & $0.00388549$ & $-0.0341487$ & $0.0274709$ & $-0.0137037$ & $0.00939231$ & $-0.00223589$ & $-0.0125484$ & $-0.0250392$ & $0.0196426$ & $0.0275276$ & $0.021579$ & $0.00222281$ & $-0.0145542$ & $0.103016$ \\
CHu_11 & $-0.0237624$ & $0.0173321$ & $0.0156469$ & $-0.0320753$ & $-0.0199058$ & $0.108921$ & $0.0471084$ & $-0.510513$ & $-0.496298$ & $0.189226$ & $0.56939$ & $0.177079$ & $-0.105826$ & $-0.278935$ & $-0.193434$ & $-0.190633$ & $-0.11215$ & $0.0250831$ & $0.0235416$ & $-0.557064$ & $-0.572767$ & $-0.565593$ & $-0.682617$ & $0.201431$ & $0.0243109$ & $1$ & $-0.157624$ & $-0.206299$ & $0.0155532$ & $-0.0424988$ & $-0.00831976$ & $0.048939$ & $-0.0201138$ & $-0.251708$ & $-0.0470117$ & $0.0236096$ & $0.00321926$ & $-0.0101887$ & $0.0204101$ & $0.0209849$ & $-0.0713484$ & $0.00464617$ & $0.0490878$ & $0.0625209$ & $-0.0498417$ & $0.0418251$ & $0.00200448$ & $-0.0201117$ & $0.0193896$ \\
CHd_11 & $-0.0808211$ & $-0.0138301$ & $0.0416597$ & $-0.0252824$ & $-0.0160071$ & $-0.108036$ & $-0.0457972$ & $0.385364$ & $0.372198$ & $-0.218475$ & $-0.256741$ & $-0.201309$ & $0.120615$ & $-0.102803$ & $-0.415755$ & $-0.413681$ & $-0.143321$ & $0.0193595$ & $0.0310283$ & $0.178482$ & $0.341214$ & $0.332962$ & $0.347474$ & $-0.383504$ & $0.230196$ & $-0.157624$ & $1$ & $0.120214$ & $-0.0182505$ & $-0.00848711$ & $0.00232871$ & $-0.0488955$ & $0.0161$ & $0.670618$ & $-0.018597$ & $0.0314197$ & $-0.0530771$ & $0.0205451$ & $-0.0262802$ & $0.0497521$ & $0.0605332$ & $-0.00299255$ & $-0.0842045$ & $-0.0174446$ & $0.0773599$ & $0.0392983$ & $-0.00304114$ & $-0.0193174$ & $0.0133536$ \\
CHd_33 & $-0.0388808$ & $-0.00206523$ & $0.0180447$ & $-0.0174976$ & $-0.019979$ & $-0.062282$ & $0.00362079$ & $0.305223$ & $0.299731$ & $-0.0995359$ & $-0.345552$ & $-0.0884224$ & $0.0566721$ & $0.163198$ & $0.117205$ & $0.115216$ & $0.0837627$ & $-0.0060603$ & $-0.00739307$ & $0.34244$ & $0.346663$ & $0.337773$ & $0.022391$ & $0.000772054$ & $0.0137956$ & $-0.206299$ & $0.120214$ & $1$ & $0.0183764$ & $0.0230726$ & $-0.010661$ & $0.0070348$ & $0.0294491$ & $0.153597$ & $0.0232624$ & $0.0602939$ & $-0.059522$ & $0.00112166$ & $0.00240036$ & $-0.0590739$ & $0.00670876$ & $0.00257229$ & $-0.0378017$ & $-0.0304914$ & $0.067457$ & $0.03193$ & $0.0382829$ & $-9.70563e-05$ & $0.0200505$ \\
CeH_22r & $0.042787$ & $0.0267929$ & $0.0174352$ & $0.0399488$ & $-0.00294928$ & $-0.011129$ & $0.0208711$ & $0.0315714$ & $0.0357534$ & $-0.0395971$ & $-0.0203635$ & $-0.0248644$ & $0.0427668$ & $-0.00767985$ & $0.0386598$ & $0.0286015$ & $-0.0285198$ & $-0.0450926$ & $-0.0394312$ & $0.0228867$ & $0.0174211$ & $0.0126767$ & $-0.0295068$ & $-0.0313485$ & $-0.0467766$ & $0.0155532$ & $-0.0182505$ & $0.0183764$ & $1$ & $0.0472367$ & $0.00863495$ & $0.00771016$ & $0.0425827$ & $-0.00579857$ & $-0.0332816$ & $0.0144649$ & $-0.026953$ & $-0.017222$ & $-0.00817474$ & $-0.00575885$ & $-0.0666567$ & $0.0575437$ & $-0.0510345$ & $-0.0576869$ & $0.00862398$ & $0.00559697$ & $0.0145447$ & $0.00727661$ & $-0.0280018$ \\
CeH_33r & $-0.024504$ & $0.00477001$ & $0.0484818$ & $-0.0134174$ & $0.0329694$ & $-0.00676907$ & $-0.120436$ & $0.133011$ & $0.16248$ & $-0.16227$ & $-0.0866065$ & $-0.110876$ & $0.272208$ & $-0.046998$ & $0.0934214$ & $0.0840838$ & $-0.0977753$ & $-0.144725$ & $-0.136267$ & $0.0913469$ & $0.0841218$ & $0.0823031$ & $-0.0230839$ & $-0.116705$ & $-0.129129$ & $-0.0424988$ & $-0.00848711$ & $0.0230726$ & $0.0472367$ & $1$ & $0.31263$ & $0.0281129$ & $0.675911$ & $0.0275054$ & $-0.0680825$ & $-0.0227436$ & $-0.161784$ & $-0.0103296$ & $-0.0474989$ & $0.00254815$ & $-0.00784314$ & $-0.033003$ & $0.00165372$ & $0.0238931$ & $0.0780163$ & $-0.000320356$ & $-0.0345205$ & $0.0181182$ & $0.0351797$ \\
CuH_22r & $0.0297773$ & $0.00690011$ & $0.0312631$ & $0.0410083$ & $0.0213507$ & $0.00129348$ & $-0.0611945$ & $0.046971$ & $0.0567034$ & $-0.0472968$ & $-0.0400674$ & $-0.0460281$ & $0.0903736$ & $0.00833814$ & $0.0321047$ & $0.00919972$ & $-0.0183284$ & $-0.0363251$ & $-0.0180046$ & $0.0400728$ & $0.0405504$ & $0.0377716$ & $-0.0170062$ & $-0.0316449$ & $-0.0356449$ & $-0.00831976$ & $0.00232871$ & $-0.010661$ & $0.00863495$ & $0.31263$ & $1$ & $0.0319231$ & $0.372204$ & $0.00637107$ & $-0.0379099$ & $-0.0678669$ & $-0.144077$ & $0.0106637$ & $-0.0896793$ & $0.0233555$ & $0.0651926$ & $-0.024078$ & $-0.0659613$ & $-0.0343692$ & $0.00810508$ & $0.10956$ & $0.305096$ & $0.0214456$ & $0.019826$ \\
CuH_33r & $0.0209097$ & $-0.015305$ & $0.010183$ & $-0.00317719$ & $-0.00118167$ & $0.0234139$ & $0.930394$ & $-0.0848935$ & $-0.0398208$ & $0.0575486$ & $0.0690372$ & $0.228671$ & $-0.229703$ & $0.0019722$ & $-0.00298329$ & $-0.0016625$ & $0.0276548$ & $0.032275$ & $0.0330855$ & $-0.0632069$ & $-0.0740322$ & $-0.0708302$ & $-0.0217024$ & $0.0750474$ & $0.0358504$ & $0.048939$ & $-0.0488955$ & $0.0070348$ & $0.00771016$ & $0.0281129$ & $0.0319231$ & $1$ & $0.037915$ & $-0.0681967$ & $0.03103$ & $0.0243864$ & $-0.0236046$ & $-0.0218111$ & $0.0318711$ & $-0.00311738$ & $0.0085747$ & $-0.0331181$ & $0.0252604$ & $-0.000500916$ & $0.010752$ & $0.0459933$ & $0.0160433$ & $0.0167444$ & $-0.0282122$ \\
CdH_33r & $-0.136338$ & $-0.0242714$ & $0.0714966$ & $0.0153423$ & $0.0338164$ & $0.00147833$ & $-0.15935$ & $0.103334$ & $0.135025$ & $-0.146635$ & $-0.0527009$ & $-0.127215$ & $0.317654$ & $-0.0551787$ & $0.0363403$ & $0.0707382$ & $-0.102846$ & $-0.109339$ & $-0.130655$ & $0.0552498$ & $0.0543941$ & $0.0578214$ & $0.000304471$ & $-0.101347$ & $-0.0965526$ & $-0.0201138$ & $0.0161$ & $0.0294491$ & $0.0425827$ & $0.675911$ & $0.372204$ & $0.037915$ & $1$ & $0.0489456$ & $-0.0556521$ & $-0.0722968$ & $-0.204765$ & $-0.00538972$ & $-0.0485384$ & $0.00432238$ & $0.0173686$ & $-0.0351036$ & $0.00648387$ & $0.0271621$ & $0.064933$ & $0.103289$ & $-0.0569534$ & $0.158732$ & $0.433453$ \\
CLL_1221 & $-0.0334335$ & $0.0289311$ & $0.0132971$ & $-0.0276313$ & $-0.00734127$ & $-0.154259$ & $-0.0716652$ & $0.548166$ & $0.533773$ & $-0.333303$ & $-0.348229$ & $-0.274299$ & $0.207411$ & $-0.231973$ & $-0.595953$ & $-0.111925$ & $-0.241731$ & $0.0363929$ & $-0.328087$ & $0.267611$ & $0.439269$ & $0.431162$ & $0.206003$ & $-0.610616$ & $-0.199695$ & $-0.251708$ & $0.670618$ & $0.153597$ & $-0.00579857$ & $0.0275054$ & $0.00637107$ & $-0.0681967$ & $0.0489456$ & $1$ & $0.031794$ & $0.0285681$ & $-0.0398155$ & $0.000996471$ & $0.000181063$ & $0.0480104$ & $0.0394074$ & $0.0191929$ & $-0.0784991$ & $-0.025961$ & $0.0735337$ & $0.00765442$ & $0.00141035$ & $0.0170173$ & $0.00128676$ \\
eHggint & $-0.0194126$ & $0.0273126$ & $0.0607534$ & $-0.0403915$ & $-0.00381019$ & $-0.0220667$ & $-0.042969$ & $0.031074$ & $0.0144895$ & $0.0347315$ & $-0.0266339$ & $0.035446$ & $0.0276221$ & $-0.00704331$ & $-0.00049098$ & $0.0483242$ & $-0.00429613$ & $-0.00561351$ & $-0.0406936$ & $0.028547$ & $0.0266706$ & $0.0305248$ & $0.0385052$ & $-0.0180191$ & $-0.0356703$ & $-0.0470117$ & $-0.018597$ & $0.0232624$ & $-0.0332816$ & $-0.0680825$ & $-0.0379099$ & $0.03103$ & $-0.0556521$ & $0.031794$ & $1$ & $0.0322337$ & $0.150541$ & $0.00789088$ & $0.132167$ & $0.00205028$ & $0.0137168$ & $0.00279918$ & $0.0278844$ & $0.00925734$ & $-0.013715$ & $0.0189141$ & $-0.010836$ & $-0.0282496$ & $0.0362663$ \\
eHggpar & $0.0277312$ & $-0.0790707$ & $-0.0105242$ & $-0.042679$ & $-0.014661$ & $0.0471845$ & $-0.0199281$ & $0.0258762$ & $0.0106285$ & $0.0184863$ & $-0.0220604$ & $0.0355427$ & $-0.00204555$ & $0.00683387$ & $-0.0169267$ & $-0.010267$ & $-0.00645708$ & $0.00569925$ & $0.000284264$ & $0.0175219$ & $0.0224236$ & $0.0223823$ & $-0.0341916$ & $-0.0196259$ & $0.00388549$ & $0.0236096$ & $0.0314197$ & $0.0602939$ & $0.0144649$ & $-0.0227436$ & $-0.0678669$ & $0.0243864$ & $-0.0722968$ & $0.0285681$ & $0.0322337$ & $1$ & $0.0364378$ & $-0.0272329$ & $0.0748327$ & $0.0143103$ & $-0.027135$ & $0.00180573$ & $-0.0604628$ & $0.0770973$ & $0.120579$ & $-0.122637$ & $-0.0763305$ & $-0.0168077$ & $-0.0731226$ \\
eHWWint & $-0.0713511$ & $-0.0423591$ & $-0.0631483$ & $0.0972388$ & $0.0264381$ & $-0.00692117$ & $-0.00631427$ & $-0.0181988$ & $-0.0271689$ & $0.0227403$ & $0.029013$ & $0.019499$ & $0.004421$ & $-0.0269768$ & $0.0252287$ & $-0.0182098$ & $-0.0244751$ & $-0.0359988$ & $-0.00331302$ & $-0.0278622$ & $-0.0331799$ & $-0.0279263$ & $-0.00522811$ & $-0.0171412$ & $-0.0341487$ & $0.00321926$ & $-0.0530771$ & $-0.059522$ & $-0.026953$ & $-0.161784$ & $-0.144077$ & $-0.0236046$ & $-0.204765$ & $-0.0398155$ & $0.150541$ & $0.0364378$ & $1$ & $-0.0168071$ & $0.0741182$ & $0.0562457$ & $0.0947495$ & $-0.00334661$ & $0.101$ & $-0.0848558$ & $-0.0909868$ & $-0.244097$ & $-0.189491$ & $-0.0302734$ & $-0.0416913$ \\
eHWWpar & $-0.0165491$ & $-0.0025696$ & $-0.0516808$ & $0.00835285$ & $-0.0133628$ & $0.0224651$ & $-0.0155903$ & $-0.0033765$ & $-0.00665206$ & $0.0255117$ & $-0.00608862$ & $0.00281851$ & $0.00269455$ & $0.0289678$ & $-0.0135436$ & $-0.0144122$ & $0.00778333$ & $0.0244939$ & $0.0238837$ & $0.00594495$ & $0.00544482$ & $0.0053011$ & $0.0242451$ & $0.014898$ & $0.0274709$ & $-0.0101887$ & $0.0205451$ & $0.00112166$ & $-0.017222$ & $-0.0103296$ & $0.0106637$ & $-0.0218111$ & $-0.00538972$ & $0.000996471$ & $0.00789088$ & $-0.0272329$ & $-0.0168071$ & $1$ & $-0.0258774$ & $-0.0282031$ & $0.00805509$ & $-0.0371238$ & $0.0306863$ & $0.00884292$ & $-0.023889$ & $3.0687e-05$ & $0.0341344$ & $0.0028248$ & $0.0148669$ \\
eHZZint & $-0.135323$ & $-0.149559$ & $-0.0579403$ & $-0.160677$ & $-0.0278026$ & $0.0209569$ & $0.0177041$ & $0.0241674$ & $0.0212332$ & $-0.00950709$ & $-0.0178732$ & $-0.0222469$ & $0.0245946$ & $0.0118901$ & $0.00824563$ & $0.0393408$ & $-0.0205943$ & $-0.00676588$ & $-0.0369465$ & $0.0178784$ & $0.0134086$ & $0.0076576$ & $-0.0481616$ & $-0.00386325$ & $-0.0137037$ & $0.0204101$ & $-0.0262802$ & $0.00240036$ & $-0.00817474$ & $-0.0474989$ & $-0.0896793$ & $0.0318711$ & $-0.0485384$ & $0.000181063$ & $0.132167$ & $0.0748327$ & $0.0741182$ & $-0.0258774$ & $1$ & $-0.0305397$ & $-0.127397$ & $0.0611212$ & $-0.0265527$ & $0.0562361$ & $-0.0459169$ & $-0.139973$ & $-0.0887174$ & $-0.0151234$ & $-0.0173558$ \\
eHZZpar & $-0.0231987$ & $0.0529607$ & $0.0200953$ & $0.0406099$ & $0.0100583$ & $-0.0230646$ & $-0.00168909$ & $-0.00781155$ & $-0.0129679$ & $-0.0204464$ & $0.0224229$ & $-0.00341736$ & $-0.00840822$ & $-0.0490939$ & $-0.045092$ & $-0.0304282$ & $-0.00230305$ & $0.00213487$ & $-0.00756234$ & $-0.0270471$ & $-0.0130053$ & $-0.0148963$ & $0.0131589$ & $-0.0288239$ & $0.00939231$ & $0.0209849$ & $0.0497521$ & $-0.0590739$ & $-0.00575885$ & $0.00254815$ & $0.0233555$ & $-0.00311738$ & $0.00432238$ & $0.0480104$ & $0.00205028$ & $0.0143103$ & $0.0562457$ & $-0.0282031$ & $-0.0305397$ & $1$ & $0.00616813$ & $0.028521$ & $-0.0230296$ & $-0.0024242$ & $-0.0125558$ & $0.00158309$ & $-3.28596e-05$ & $0.0419121$ & $0.0306189$ \\
eHZgaint & $-0.010219$ & $0.0354916$ & $-0.144872$ & $0.125122$ & $-0.0115171$ & $0.00321847$ & $-0.00131188$ & $0.058235$ & $0.0447218$ & $-0.0328212$ & $-0.0534316$ & $-0.0157559$ & $0.00968888$ & $0.0200159$ & $0.00303118$ & $-0.0239147$ & $-0.0170472$ & $-0.0164231$ & $0.00372017$ & $0.0485894$ & $0.058675$ & $0.0543657$ & $0.0687382$ & $-0.0376138$ & $-0.00223589$ & $-0.0713484$ & $0.0605332$ & $0.00670876$ & $-0.0666567$ & $-0.00784314$ & $0.0651926$ & $0.0085747$ & $0.0173686$ & $0.0394074$ & $0.0137168$ & $-0.027135$ & $0.0947495$ & $0.00805509$ & $-0.127397$ & $0.00616813$ & $1$ & $-0.00850371$ & $-0.112743$ & $-0.0771934$ & $0.14712$ & $0.118975$ & $0.110691$ & $-0.0111066$ & $0.0138995$ \\
eHZgapar & $0.0122531$ & $-0.0447164$ & $-0.0578711$ & $-0.0507073$ & $0.0437677$ & $-0.0077984$ & $-0.0283329$ & $-0.000651986$ & $-0.00841872$ & $0.0141972$ & $0.00557733$ & $-0.0100558$ & $0.00630198$ & $-0.00686031$ & $-0.027652$ & $-0.0332942$ & $-0.00295729$ & $0.0091442$ & $0.0116999$ & $-0.0106543$ & $-0.00163229$ & $-0.0153085$ & $-0.0113007$ & $-0.0138007$ & $-0.0125484$ & $0.00464617$ & $-0.00299255$ & $0.00257229$ & $0.0575437$ & $-0.033003$ & $-0.024078$ & $-0.0331181$ & $-0.0351036$ & $0.0191929$ & $0.00279918$ & $0.00180573$ & $-0.00334661$ & $-0.0371238$ & $0.0611212$ & $0.028521$ & $-0.00850371$ & $1$ & $-0.0337641$ & $-0.0525874$ & $0.00724873$ & $-0.0622934$ & $0.0124441$ & $-0.044594$ & $-0.0216136$ \\
eHgagaint & $-0.00293906$ & $-0.112867$ & $0.0432337$ & $-0.0139451$ & $0.00192886$ & $0.00784075$ & $0.0212242$ & $-0.0452864$ & $0.0244118$ & $0.00162961$ & $0.0500479$ & $-0.0220162$ & $0.0195813$ & $-0.0263366$ & $0.0383406$ & $0.0166922$ & $-0.01363$ & $-0.0324231$ & $-0.0089792$ & $-0.0459705$ & $-0.0581751$ & $-0.0496319$ & $-0.0370172$ & $-0.00518739$ & $-0.0250392$ & $0.0490878$ & $-0.0842045$ & $-0.0378017$ & $-0.0510345$ & $0.00165372$ & $-0.0659613$ & $0.0252604$ & $0.00648387$ & $-0.0784991$ & $0.0278844$ & $-0.0604628$ & $0.101$ & $0.0306863$ & $-0.0265527$ & $-0.0230296$ & $-0.112743$ & $-0.0337641$ & $1$ & $0.16759$ & $-0.122361$ & $0.0236906$ & $-0.194296$ & $0.110034$ & $0.0155842$ \\
eHmumuint & $-0.00427006$ & $0.0245884$ & $0.00632292$ & $-0.0844127$ & $-0.025293$ & $0.0010767$ & $-0.0229304$ & $-0.0476562$ & $-0.0309983$ & $0.027182$ & $0.0432662$ & $-0.00714966$ & $0.0204442$ & $-0.0162892$ & $-0.0126435$ & $-0.012987$ & $0.00976252$ & $0.0148188$ & $0.0246476$ & $-0.039329$ & $-0.0441735$ & $-0.029004$ & $-0.0265978$ & $0.00635132$ & $0.0196426$ & $0.0625209$ & $-0.0174446$ & $-0.0304914$ & $-0.0576869$ & $0.0238931$ & $-0.0343692$ & $-0.000500916$ & $0.0271621$ & $-0.025961$ & $0.00925734$ & $0.0770973$ & $-0.0848558$ & $0.00884292$ & $0.0562361$ & $-0.0024242$ & $-0.0771934$ & $-0.0525874$ & $0.16759$ & $1$ & $-0.149799$ & $-0.0482394$ & $-0.124219$ & $0.0441505$ & $-0.023708$ \\
eHtautauint & $-0.127279$ & $0.069702$ & $-0.0761576$ & $0.116028$ & $0.0248781$ & $0.0611801$ & $0.00474062$ & $0.0662907$ & $0.060816$ & $0.00180819$ & $-0.0730425$ & $-0.0045752$ & $0.0131999$ & $0.0444549$ & $-0.0268019$ & $0.0051464$ & $0.00645518$ & $0.0283792$ & $0.00527857$ & $0.0711496$ & $0.0800865$ & $0.0805$ & $0.040362$ & $0.000609577$ & $0.0275276$ & $-0.0498417$ & $0.0773599$ & $0.067457$ & $0.00862398$ & $0.0780163$ & $0.00810508$ & $0.010752$ & $0.064933$ & $0.0735337$ & $-0.013715$ & $0.120579$ & $-0.0909868$ & $-0.023889$ & $-0.0459169$ & $-0.0125558$ & $0.14712$ & $0.00724873$ & $-0.122361$ & $-0.149799$ & $1$ & $0.0564157$ & $-0.00485311$ & $-0.027114$ & $0.121881$ \\
eHccint & $-0.0648152$ & $0.0273423$ & $0.130748$ & $0.136993$ & $-0.00280492$ & $0.0156029$ & $0.029309$ & $-0.0168643$ & $-0.0121696$ & $-0.00770902$ & $0.0287486$ & $0.0248059$ & $-0.0317781$ & $-0.0201764$ & $-0.0241411$ & $-0.021101$ & $-0.0190785$ & $-0.0038277$ & $-0.0129873$ & $-0.0285985$ & $-0.023321$ & $-0.0329443$ & $-0.00809455$ & $0.0102126$ & $0.021579$ & $0.0418251$ & $0.0392983$ & $0.03193$ & $0.00559697$ & $-0.000320356$ & $0.10956$ & $0.0459933$ & $0.103289$ & $0.00765442$ & $0.0189141$ & $-0.122637$ & $-0.244097$ & $3.0687e-05$ & $-0.139973$ & $0.00158309$ & $0.118975$ & $-0.0622934$ & $0.0236906$ & $-0.0482394$ & $0.0564157$ & $1$ & $0.0704287$ & $0.113269$ & $0.125927$ \\
eHccpar & $0.129907$ & $-0.0439075$ & $-0.0165667$ & $0.137337$ & $-0.0392784$ & $-0.0422032$ & $0.0217825$ & $-0.0118377$ & $-0.0274554$ & $0.0289828$ & $0.00097815$ & $0.00727262$ & $-0.0199246$ & $-0.00507017$ & $-0.0142986$ & $-0.058598$ & $0.0340537$ & $0.0207852$ & $0.051744$ & $-0.00389178$ & $0.000328076$ & $-0.0066899$ & $-0.00788118$ & $0.00519231$ & $0.00222281$ & $0.00200448$ & $-0.00304114$ & $0.0382829$ & $0.0145447$ & $-0.0345205$ & $0.305096$ & $0.0160433$ & $-0.0569534$ & $0.00141035$ & $-0.010836$ & $-0.0763305$ & $-0.189491$ & $0.0341344$ & $-0.0887174$ & $-3.28596e-05$ & $0.110691$ & $0.0124441$ & $-0.194296$ & $-0.124219$ & $-0.00485311$ & $0.0704287$ & $1$ & $0.0421626$ & $-0.0912784$ \\
eHbbint & $-0.0346498$ & $0.0137401$ & $-0.0416845$ & $0.137116$ & $-0.0123806$ & $0.000908613$ & $0.00304188$ & $0.0149796$ & $0.0190112$ & $0.0147881$ & $-0.0181595$ & $0.0135402$ & $-0.00676873$ & $0.0286457$ & $-0.0165136$ & $0.00546674$ & $-0.010561$ & $0.0180182$ & $0.00187945$ & $0.0190219$ & $0.0195599$ & $0.0199757$ & $0.0117194$ & $-0.0170353$ & $-0.0145542$ & $-0.0201117$ & $-0.0193174$ & $-9.70563e-05$ & $0.00727661$ & $0.0181182$ & $0.0214456$ & $0.0167444$ & $0.158732$ & $0.0170173$ & $-0.0282496$ & $-0.0168077$ & $-0.0302734$ & $0.0028248$ & $-0.0151234$ & $0.0419121$ & $-0.0111066$ & $-0.044594$ & $0.110034$ & $0.0441505$ & $-0.027114$ & $0.113269$ & $0.0421626$ & $1$ & $0.0434147$ \\
eHbbpar & $-0.312078$ & $-0.0957869$ & $0.129806$ & $-0.0209163$ & $0.0180101$ & $0.0209396$ & $-0.0510166$ & $-0.0566121$ & $-0.0562252$ & $0.0559626$ & $0.0364773$ & $0.00509169$ & $-0.00330659$ & $0.0310109$ & $-0.058974$ & $0.00189162$ & $0.0501977$ & $0.0892158$ & $0.0455098$ & $-0.0367261$ & $-0.0352473$ & $-0.0243355$ & $0.0311559$ & $0.0762626$ & $0.103016$ & $0.0193896$ & $0.0133536$ & $0.0200505$ & $-0.0280018$ & $0.0351797$ & $0.019826$ & $-0.0282122$ & $0.433453$ & $0.00128676$ & $0.0362663$ & $-0.0731226$ & $-0.0416913$ & $0.0148669$ & $-0.0173558$ & $0.0306189$ & $0.0138995$ & $-0.0216136$ & $0.0155842$ & $-0.023708$ & $0.121881$ & $0.125927$ & $-0.0912784$ & $0.0434147$ & $1$ \\
