 & AlsMz & dAle5Mz & mtop & mHl & Mz & CW & CHG & CHWB & CHWHB_gaga & CHWHB_gagaorth & CHD & CHbox & CH & CHL1_11 & CHL1_22 & CHL1_33 & CHL3_11 & CHL3_22 & CHL3_33 & CHe_11 & CHe_22 & CHe_33 & CHQ1_11 & CHQ1_33 & CHQ3_11 & CHu_11 & CHd_11 & CHd_33 & CeH_22r & CeH_33r & CuH_22r & CuH_33r & CdH_33r & CLL_1221 & eHggint & eHggpar & eHWWint & eHWWpar & eHZZint & eHZZpar & eHZgaint & eHZgapar & eHgagaint & eHmumuint & eHtautauint & eHccint & eHccpar & eHbbint & eHbbpar \\
AlsMz & $1$ & $-0.0565884$ & $-0.216407$ & $0.0647573$ & $0.0068564$ & $-0.000759507$ & $0.0169804$ & $-0.0351659$ & $-0.0236389$ & $0.0265977$ & $0.0253853$ & $-0.00526442$ & $-0.028262$ & $-0.00928144$ & $-0.015419$ & $-0.0133824$ & $0.00596455$ & $0.0153556$ & $0.0135979$ & $-0.0338334$ & $-0.0358225$ & $-0.0358894$ & $-0.0261214$ & $-0.0228401$ & $-0.088744$ & $-0.000428966$ & $-0.043693$ & $0.000542778$ & $0.022413$ & $0.0518353$ & $0.0701767$ & $0.0227161$ & $0.0887721$ & $-0.0190955$ & $0.105782$ & $-0.0375662$ & $-0.15722$ & $0.0031481$ & $-0.212222$ & $0.00757058$ & $0.216165$ & $0.0402645$ & $0.130968$ & $0.0145033$ & $0.235698$ & $-0.00512441$ & $0.219407$ & $0.0727684$ & $0.132912$ \\
dAle5Mz & $-0.0565884$ & $1$ & $0.173515$ & $-0.211475$ & $0.0399991$ & $-0.0135993$ & $-0.0460634$ & $-0.0647836$ & $-0.0700394$ & $0.0396366$ & $0.049806$ & $0.032359$ & $0.0093104$ & $-0.0223009$ & $-0.00161707$ & $0.020345$ & $0.0205846$ & $0.0105429$ & $-0.00588441$ & $-0.022497$ & $-0.0275868$ & $-0.0243078$ & $-0.000974548$ & $0.0179682$ & $0.0129743$ & $0.0130175$ & $-0.0267796$ & $-0.0173316$ & $-0.0130448$ & $-0.00853769$ & $0.0222408$ & $-0.0393445$ & $-0.151761$ & $0.0100558$ & $0.074402$ & $0.0696697$ & $0.0634346$ & $-0.0392315$ & $0.00957866$ & $0.0227532$ & $-0.0265878$ & $0.0066289$ & $-0.0398178$ & $-0.0253323$ & $0.0190134$ & $-0.00170903$ & $0.0532074$ & $-0.0563515$ & $-0.258443$ \\
mtop & $-0.216407$ & $0.173515$ & $1$ & $-0.0866773$ & $-0.00419287$ & $-0.0144701$ & $0.00552681$ & $0.0205995$ & $0.003897$ & $-0.0385948$ & $-0.00388398$ & $-0.0127391$ & $0.0118306$ & $-0.0185268$ & $0.00822342$ & $0.00131316$ & $-0.0113149$ & $-0.0245525$ & $-0.0217112$ & $0.015052$ & $0.016921$ & $0.0193658$ & $0.0129165$ & $-0.00239213$ & $0.00201352$ & $-0.0127155$ & $0.02354$ & $0.0285451$ & $-0.0153503$ & $-0.0132598$ & $-0.0166467$ & $-0.0118217$ & $-0.133405$ & $0.0257346$ & $-0.231816$ & $0.0594231$ & $0.0929643$ & $-0.0164703$ & $-0.0735851$ & $0.0154723$ & $0.0705269$ & $-0.0150893$ & $-0.310001$ & $-0.0568473$ & $-0.27889$ & $0.146663$ & $-0.100031$ & $-0.132922$ & $-0.238101$ \\
mHl & $0.0647573$ & $-0.211475$ & $-0.0866773$ & $1$ & $-0.00586304$ & $0.00643109$ & $0.039348$ & $0.000135807$ & $0.0103243$ & $-0.0293951$ & $0.00461854$ & $-0.0130268$ & $0.0146646$ & $-0.0173152$ & $-0.00804555$ & $-0.0207932$ & $-0.00212263$ & $-0.0020109$ & $0.00556849$ & $-0.0117026$ & $-0.0112655$ & $-0.0107301$ & $0.0220116$ & $-0.00107925$ & $-0.00801925$ & $-4.27474e-05$ & $0.00838159$ & $0.00726671$ & $0.00396003$ & $0.0175456$ & $0.06788$ & $0.0336802$ & $0.079428$ & $-0.00161558$ & $-0.0974646$ & $0.0279139$ & $-0.0722271$ & $0.0150485$ & $-0.183142$ & $0.0265829$ & $0.124708$ & $-0.00331122$ & $0.0743561$ & $0.0749826$ & $-0.0234394$ & $0.012459$ & $0.165141$ & $0.0272628$ & $0.101159$ \\
Mz & $0.0068564$ & $0.0399991$ & $-0.00419287$ & $-0.00586304$ & $1$ & $0.0120064$ & $0.0216834$ & $-0.000453881$ & $0.00324805$ & $0.00345125$ & $-3.07619e-05$ & $-0.00744974$ & $-0.000180923$ & $0.0153679$ & $0.00706626$ & $0.0154185$ & $0.0170593$ & $0.0110226$ & $0.00266031$ & $0.00923409$ & $0.00787993$ & $0.00630184$ & $-0.0168987$ & $0.0040953$ & $0.00518402$ & $0.0150921$ & $-0.00792356$ & $-0.00371518$ & $-0.00628455$ & $0.0001729$ & $0.01052$ & $0.0191973$ & $-0.0114125$ & $-0.00330933$ & $-0.0220713$ & $-0.0028399$ & $-0.0225911$ & $0.0216033$ & $0.00312258$ & $0.0180709$ & $0.0176406$ & $0.00288633$ & $0.00534142$ & $0.00598111$ & $0.00637563$ & $0.014997$ & $0.0201271$ & $-0.00918878$ & $-0.0141938$ \\
CW & $-0.000759507$ & $-0.0135993$ & $-0.0144701$ & $0.00643109$ & $0.0120064$ & $1$ & $0.00720553$ & $-0.121797$ & $-0.115376$ & $0.0393598$ & $0.17471$ & $0.035268$ & $-0.0129367$ & $0.0252506$ & $-0.0733132$ & $-0.0773844$ & $-0.243248$ & $-0.0440041$ & $-0.0386851$ & $-0.172224$ & $-0.178072$ & $-0.171315$ & $-0.0279031$ & $0.0132693$ & $-0.0793703$ & $0.110098$ & $-0.0780208$ & $-0.0790611$ & $-0.0115147$ & $-0.00158291$ & $0.00301259$ & $0.0136319$ & $0.00872432$ & $-0.12407$ & $0.00752215$ & $-0.0305158$ & $-0.0203532$ & $0.00229113$ & $0.0275385$ & $0.0189786$ & $-0.016354$ & $0.0235656$ & $0.0130841$ & $-0.00479793$ & $-0.000160595$ & $-0.00448723$ & $0.00598047$ & $0.0169359$ & $0.0216437$ \\
CHG & $0.0169804$ & $-0.0460634$ & $0.00552681$ & $0.039348$ & $0.0216834$ & $0.00720553$ & $1$ & $-0.080012$ & $-0.020723$ & $0.0552531$ & $0.0435826$ & $-0.223425$ & $-0.293072$ & $0.052339$ & $-0.0419323$ & $-0.0453039$ & $0.0769304$ & $0.09653$ & $0.0997328$ & $-0.0477033$ & $-0.0442406$ & $-0.0433117$ & $-0.00227592$ & $0.086797$ & $0.0857977$ & $0.0223805$ & $-0.0137179$ & $0.00779411$ & $0.0181283$ & $-0.126067$ & $-0.0581795$ & $0.940193$ & $-0.127321$ & $-0.0318471$ & $-0.0403143$ & $-0.0654987$ & $0.033914$ & $0.0202719$ & $-0.0308132$ & $-0.0226567$ & $0.0300431$ & $0.0278092$ & $0.0492781$ & $0.0441525$ & $-0.033116$ & $0.0448838$ & $0.0251419$ & $0.0165413$ & $0.0192266$ \\
CHWB & $-0.0351659$ & $-0.0647836$ & $0.0205995$ & $0.000135807$ & $-0.000453881$ & $-0.121797$ & $-0.080012$ & $1$ & $0.982453$ & $-0.567098$ & $-0.880866$ & $0.0759167$ & $0.341047$ & $0.114143$ & $0.311648$ & $0.298131$ & $-0.238771$ & $-0.433334$ & $-0.423198$ & $0.853356$ & $0.8976$ & $0.880169$ & $0.09106$ & $-0.669311$ & $-0.387943$ & $-0.52022$ & $0.428606$ & $0.304574$ & $0.0265699$ & $0.107957$ & $0.051943$ & $-0.0705322$ & $0.129234$ & $0.554879$ & $-0.0336917$ & $0.00915259$ & $0.00359419$ & $0.00696396$ & $-0.0301887$ & $-0.0214654$ & $-0.0124183$ & $-0.020294$ & $0.00138533$ & $-0.0410221$ & $-0.0121261$ & $0.0127761$ & $-0.0363044$ & $0.0146394$ & $-0.000849157$ \\
CHWHB_gaga & $-0.0236389$ & $-0.0700394$ & $0.003897$ & $0.0103243$ & $0.00324805$ & $-0.115376$ & $-0.020723$ & $0.982453$ & $1$ & $-0.555334$ & $-0.8617$ & $0.0873819$ & $0.337316$ & $0.104497$ & $0.301718$ & $0.289066$ & $-0.241891$ & $-0.429936$ & $-0.420429$ & $0.834055$ & $0.878399$ & $0.86133$ & $0.08729$ & $-0.663803$ & $-0.387598$ & $-0.508159$ & $0.422273$ & $0.297814$ & $0.036592$ & $0.12543$ & $0.0608557$ & $-0.0206645$ & $0.155739$ & $0.54836$ & $-0.0491564$ & $0.00624345$ & $0.00594743$ & $0.00571892$ & $-0.0414118$ & $-0.0257263$ & $-0.00893639$ & $-0.0183328$ & $0.0687352$ & $-0.0299433$ & $-0.0149596$ & $0.0071725$ & $-0.0404026$ & $0.0168539$ & $0.0169124$ \\
CHWHB_gagaorth & $0.0265977$ & $0.0396366$ & $-0.0385948$ & $-0.0293951$ & $0.00345125$ & $0.0393598$ & $0.0552531$ & $-0.567098$ & $-0.555334$ & $1$ & $0.351159$ & $0.245339$ & $-0.24307$ & $0.230439$ & $-0.126379$ & $-0.114811$ & $0.435999$ & $0.489717$ & $0.48043$ & $-0.338161$ & $-0.367949$ & $-0.361555$ & $-0.0760509$ & $0.556283$ & $0.471731$ & $0.225544$ & $-0.240515$ & $-0.125266$ & $-0.0268738$ & $-0.112114$ & $-0.072338$ & $0.0663508$ & $-0.132841$ & $-0.348077$ & $0.0656649$ & $-0.00698338$ & $-0.000261427$ & $0.00270032$ & $0.0156493$ & $0.00690299$ & $-0.0481756$ & $0.00881436$ & $-0.0087625$ & $0.00264419$ & $0.0190013$ & $-0.0226231$ & $0.0139601$ & $0.00514651$ & $-0.00746246$ \\
CHD & $0.0253853$ & $0.049806$ & $-0.00388398$ & $0.00461854$ & $-3.07619e-05$ & $0.17471$ & $0.0435826$ & $-0.880866$ & $-0.8617$ & $0.351159$ & $1$ & $0.0695933$ & $-0.171584$ & $-0.525239$ & $-0.432163$ & $-0.415055$ & $-0.215542$ & $0.0682434$ & $0.0571658$ & $-0.99033$ & $-0.99143$ & $-0.970808$ & $-0.035813$ & $0.306979$ & $0.00794655$ & $0.571731$ & $-0.304055$ & $-0.339567$ & $-0.0177329$ & $-0.0686557$ & $-0.0259106$ & $0.0469147$ & $-0.0753431$ & $-0.360692$ & $0.0345544$ & $0.00344823$ & $-0.00932319$ & $-0.00544932$ & $0.0160065$ & $0.0193469$ & $0.0148072$ & $0.0266924$ & $0.0069607$ & $0.0332944$ & $-0.0104109$ & $-0.00390003$ & $0.0274717$ & $-0.0165842$ & $0.00305125$ \\
CHbox & $-0.00526442$ & $0.032359$ & $-0.0127391$ & $-0.0130268$ & $-0.00744974$ & $0.035268$ & $-0.223425$ & $0.0759167$ & $0.0873819$ & $0.245339$ & $0.0695933$ & $1$ & $0.743598$ & $-0.282579$ & $0.0356598$ & $0.0369723$ & $-0.302802$ & $-0.296117$ & $-0.297366$ & $-0.0565271$ & $-0.0691564$ & $-0.0699884$ & $-0.00537959$ & $-0.208427$ & $-0.29519$ & $0.0474364$ & $-0.0256808$ & $-0.0514231$ & $0.0400985$ & $0.332255$ & $0.0942882$ & $-0.13317$ & $0.370464$ & $0.0269135$ & $0.0743922$ & $0.0550595$ & $-0.0270135$ & $-0.0206432$ & $-0.00240047$ & $-0.0156208$ & $-0.0342735$ & $-0.00399795$ & $0.0118876$ & $-0.0205538$ & $-0.00442389$ & $-0.0095005$ & $0.000321897$ & $0.0212458$ & $-0.00313022$ \\
CH & $-0.028262$ & $0.0093104$ & $0.0118306$ & $0.0146646$ & $-0.000180923$ & $-0.0129367$ & $-0.293072$ & $0.341047$ & $0.337316$ & $-0.24307$ & $-0.171584$ & $0.743598$ & $1$ & $-0.231284$ & $0.0899697$ & $0.085347$ & $-0.342495$ & $-0.378708$ & $-0.377469$ & $0.169541$ & $0.180055$ & $0.174901$ & $0.0408951$ & $-0.379244$ & $-0.368454$ & $-0.106104$ & $0.119031$ & $0.0322023$ & $0.0476515$ & $0.273286$ & $0.0920458$ & $-0.243002$ & $0.318588$ & $0.200119$ & $0.00296978$ & $0.0606792$ & $-0.0294624$ & $-0.020027$ & $-0.00679391$ & $-0.0143542$ & $-0.00558818$ & $-0.0132089$ & $0.0268216$ & $-0.00575495$ & $-0.0113179$ & $-0.000717803$ & $-0.0134083$ & $0.0120792$ & $0.00316091$ \\
CHL1_11 & $-0.00928144$ & $-0.0223009$ & $-0.0185268$ & $-0.0173152$ & $0.0153679$ & $0.0252506$ & $0.052339$ & $0.114143$ & $0.104497$ & $0.230439$ & $-0.525239$ & $-0.282579$ & $-0.231284$ & $1$ & $0.275977$ & $0.264631$ & $0.667701$ & $0.594668$ & $0.599534$ & $0.540919$ & $0.487195$ & $0.475077$ & $-0.0778866$ & $0.462927$ & $0.60417$ & $-0.268598$ & $-0.0743665$ & $0.160809$ & $-0.00350155$ & $-0.0428375$ & $-0.0268431$ & $0.0284001$ & $-0.0651326$ & $-0.202369$ & $-0.0235675$ & $-0.0380601$ & $-0.00327829$ & $0.0121081$ & $0.026803$ & $-0.00728743$ & $-0.0140303$ & $-0.0200212$ & $-0.0221296$ & $-0.00358235$ & $0.0331508$ & $-0.0103099$ & $0.0100113$ & $0.0140767$ & $-0.00680644$ \\
CHL1_22 & $-0.015419$ & $-0.00161707$ & $0.00822342$ & $-0.00804555$ & $0.00706626$ & $-0.0733132$ & $-0.0419323$ & $0.311648$ & $0.301718$ & $-0.126379$ & $-0.432163$ & $0.0356598$ & $0.0899697$ & $0.275977$ & $1$ & $0.444597$ & $0.160947$ & $-0.449592$ & $-0.0320618$ & $0.4975$ & $0.351964$ & $0.337817$ & $-0.147882$ & $0.0971676$ & $-0.12996$ & $-0.209998$ & $-0.376559$ & $0.120471$ & $0.00116654$ & $0.0443977$ & $-0.00223079$ & $-0.0325434$ & $0.0222953$ & $-0.588388$ & $-0.0139426$ & $0.0255098$ & $0.014595$ & $-0.0081807$ & $0.00167466$ & $-0.0302855$ & $0.00585306$ & $-0.0256431$ & $-0.0206895$ & $-0.0205812$ & $-0.0197656$ & $0.00561036$ & $-0.0174227$ & $-0.0206273$ & $-0.0150795$ \\
CHL1_33 & $-0.0133824$ & $0.020345$ & $0.00131316$ & $-0.0207932$ & $0.0154185$ & $-0.0773844$ & $-0.0453039$ & $0.298131$ & $0.289066$ & $-0.114811$ & $-0.415055$ & $0.0369723$ & $0.085347$ & $0.264631$ & $0.444597$ & $1$ & $0.154072$ & $-0.0323927$ & $-0.436111$ & $0.479213$ & $0.336381$ & $0.353054$ & $-0.162113$ & $0.0942646$ & $-0.137644$ & $-0.201002$ & $-0.388902$ & $0.133267$ & $0.0162192$ & $0.0490537$ & $-0.00261295$ & $-0.0422065$ & $0.0220218$ & $-0.0977152$ & $-0.00966944$ & $0.0209447$ & $0.00423675$ & $-0.0154009$ & $0.000772725$ & $-0.0264246$ & $0.0108152$ & $-0.0155649$ & $-0.0237311$ & $0.00625308$ & $0.0234212$ & $0.0106505$ & $-0.00087097$ & $-0.0163345$ & $-0.0160316$ \\
CHL3_11 & $0.00596455$ & $0.0205846$ & $-0.0113149$ & $-0.00212263$ & $0.0170593$ & $-0.243248$ & $0.0769304$ & $-0.238771$ & $-0.241891$ & $0.435999$ & $-0.215542$ & $-0.302802$ & $-0.342495$ & $0.667701$ & $0.160947$ & $0.154072$ & $1$ & $0.739784$ & $0.741984$ & $0.235569$ & $0.183895$ & $0.177437$ & $-0.0721413$ & $0.680905$ & $0.783078$ & $-0.101172$ & $-0.14871$ & $0.0779155$ & $-0.020775$ & $-0.0873857$ & $-0.0575929$ & $0.048026$ & $-0.111783$ & $-0.251841$ & $-0.00547349$ & $-0.0153805$ & $0.026415$ & $-0.00742898$ & $0.0232129$ & $0.0100306$ & $-0.0147582$ & $-0.0174926$ & $-0.0246125$ & $0.0152528$ & $0.0351925$ & $-0.0146955$ & $-0.00079482$ & $-0.000149685$ & $-0.00191548$ \\
CHL3_22 & $0.0153556$ & $0.0105429$ & $-0.0245525$ & $-0.0020109$ & $0.0110226$ & $-0.0440041$ & $0.09653$ & $-0.433334$ & $-0.429936$ & $0.489717$ & $0.0682434$ & $-0.296117$ & $-0.378708$ & $0.594668$ & $-0.449592$ & $-0.0323927$ & $0.739784$ & $1$ & $0.679585$ & $-0.0733983$ & $-0.0636388$ & $-0.0576307$ & $-0.0126383$ & $0.623624$ & $0.794321$ & $0.0466471$ & $-0.00128585$ & $-0.0146066$ & $-0.0158598$ & $-0.103669$ & $-0.0489434$ & $0.065354$ & $-0.116281$ & $0.0372299$ & $0.000442094$ & $-0.0397138$ & $0.00043014$ & $0.00198847$ & $0.0274474$ & $0.0223336$ & $-0.0095719$ & $0.00361954$ & $-0.00951616$ & $0.0298429$ & $0.0509996$ & $-0.0162521$ & $0.0239475$ & $0.0146653$ & $0.00732126$ \\
CHL3_33 & $0.0135979$ & $-0.00588441$ & $-0.0217112$ & $0.00556849$ & $0.00266031$ & $-0.0386851$ & $0.0997328$ & $-0.423198$ & $-0.420429$ & $0.48043$ & $0.0571658$ & $-0.297366$ & $-0.377469$ & $0.599534$ & $-0.0320618$ & $-0.436111$ & $0.741984$ & $0.679585$ & $1$ & $-0.0619542$ & $-0.0519825$ & $-0.0489724$ & $-0.000573466$ & $0.622055$ & $0.801422$ & $0.0418831$ & $0.0144882$ & $-0.0274838$ & $-0.0298368$ & $-0.109728$ & $-0.0466539$ & $0.0738444$ & $-0.117724$ & $-0.335187$ & $-0.00147935$ & $-0.0308479$ & $0.00942917$ & $0.00783658$ & $0.0256635$ & $0.0218488$ & $-0.0154395$ & $-0.0020614$ & $-0.00486604$ & $0.00661583$ & $0.0119684$ & $-0.0147603$ & $0.0145576$ & $0.0107672$ & $0.00792954$ \\
CHe_11 & $-0.0338334$ & $-0.022497$ & $0.015052$ & $-0.0117026$ & $0.00923409$ & $-0.172224$ & $-0.0477033$ & $0.853356$ & $0.834055$ & $-0.338161$ & $-0.99033$ & $-0.0565271$ & $0.169541$ & $0.540919$ & $0.4975$ & $0.479213$ & $0.235569$ & $-0.0733983$ & $-0.0619542$ & $1$ & $0.973413$ & $0.953216$ & $0.011345$ & $-0.255418$ & $-0.00439474$ & $-0.562054$ & $0.228977$ & $0.333909$ & $0.0163117$ & $0.0704134$ & $0.0232433$ & $-0.0495135$ & $0.0684945$ & $0.282106$ & $-0.0353146$ & $0.00183679$ & $0.0105336$ & $0.00204064$ & $-0.0130796$ & $-0.020376$ & $-0.0132157$ & $-0.025497$ & $-0.0127856$ & $-0.0323908$ & $0.00952967$ & $0.00673202$ & $-0.0260444$ & $0.0102911$ & $-0.0128496$ \\
CHe_22 & $-0.0358225$ & $-0.0275868$ & $0.016921$ & $-0.0112655$ & $0.00787993$ & $-0.178072$ & $-0.0442406$ & $0.8976$ & $0.878399$ & $-0.367949$ & $-0.99143$ & $-0.0691564$ & $0.180055$ & $0.487195$ & $0.351964$ & $0.336381$ & $0.183895$ & $-0.0636388$ & $-0.0519825$ & $0.973413$ & $1$ & $0.975958$ & $0.0629145$ & $-0.360148$ & $-0.0130619$ & $-0.574039$ & $0.382298$ & $0.340115$ & $0.0177551$ & $0.0686834$ & $0.0292224$ & $-0.0478652$ & $0.0738031$ & $0.444569$ & $-0.0356543$ & $-0.00180501$ & $0.0115613$ & $0.00587794$ & $-0.0167318$ & $-0.0157947$ & $-0.0210472$ & $-0.0244993$ & $-0.0087197$ & $-0.0359547$ & $0.0068908$ & $0.00450221$ & $-0.0291066$ & $0.0173304$ & $-0.0106665$ \\
CHe_33 & $-0.0358894$ & $-0.0243078$ & $0.0193658$ & $-0.0107301$ & $0.00630184$ & $-0.171315$ & $-0.0433117$ & $0.880169$ & $0.86133$ & $-0.361555$ & $-0.970808$ & $-0.0699884$ & $0.174901$ & $0.475077$ & $0.337817$ & $0.353054$ & $0.177437$ & $-0.0576307$ & $-0.0489724$ & $0.953216$ & $0.975958$ & $1$ & $0.06447$ & $-0.354889$ & $-0.0118436$ & $-0.563303$ & $0.378058$ & $0.331049$ & $0.0140994$ & $0.0630029$ & $0.0262514$ & $-0.0472378$ & $0.0699695$ & $0.444686$ & $-0.0374362$ & $0.00458822$ & $0.0118702$ & $0.00554208$ & $-0.0193937$ & $-0.0115952$ & $-0.016034$ & $-0.0240708$ & $-0.00419243$ & $-0.0347247$ & $-0.00197919$ & $0.0102047$ & $-0.0305006$ & $0.0160499$ & $-0.00945905$ \\
CHQ1_11 & $-0.0261214$ & $-0.000974548$ & $0.0129165$ & $0.0220116$ & $-0.0168987$ & $-0.0279031$ & $-0.00227592$ & $0.09106$ & $0.08729$ & $-0.0760509$ & $-0.035813$ & $-0.00537959$ & $0.0408951$ & $-0.0778866$ & $-0.147882$ & $-0.162113$ & $-0.0721413$ & $-0.0126383$ & $-0.000573466$ & $0.011345$ & $0.0629145$ & $0.06447$ & $1$ & $-0.142736$ & $0.0694201$ & $-0.691662$ & $0.351008$ & $0.0349065$ & $-0.00116034$ & $0.00476207$ & $-0.00732573$ & $-0.00674725$ & $0.0121721$ & $0.204406$ & $-0.0164039$ & $0.0050266$ & $-0.00374348$ & $-0.0070192$ & $-0.00971212$ & $-0.00878208$ & $-0.00677348$ & $7.80058e-05$ & $-0.000592771$ & $0.000546509$ & $-0.0166082$ & $-0.023033$ & $-0.016748$ & $-0.0146636$ & $0.0124728$ \\
CHQ1_33 & $-0.0228401$ & $0.0179682$ & $-0.00239213$ & $-0.00107925$ & $0.0040953$ & $0.0132693$ & $0.086797$ & $-0.669311$ & $-0.663803$ & $0.556283$ & $0.306979$ & $-0.208427$ & $-0.379244$ & $0.462927$ & $0.0971676$ & $0.0942646$ & $0.680905$ & $0.623624$ & $0.622055$ & $-0.255418$ & $-0.360148$ & $-0.354889$ & $-0.142736$ & $1$ & $0.637061$ & $0.207857$ & $-0.418366$ & $-0.0109551$ & $-0.0233338$ & $-0.100384$ & $-0.0628158$ & $0.0681262$ & $-0.135286$ & $-0.625684$ & $0.00173398$ & $-0.0209097$ & $0.000916977$ & $0.00179546$ & $0.0381303$ & $0.012255$ & $0.00290682$ & $0.00657368$ & $-0.034334$ & $0.0280632$ & $0.00402058$ & $-0.015821$ & $0.0222814$ & $-0.0161143$ & $-0.0082818$ \\
CHQ3_11 & $-0.088744$ & $0.0129743$ & $0.00201352$ & $-0.00801925$ & $0.00518402$ & $-0.0793703$ & $0.0857977$ & $-0.387943$ & $-0.387598$ & $0.471731$ & $0.00794655$ & $-0.29519$ & $-0.368454$ & $0.60417$ & $-0.12996$ & $-0.137644$ & $0.783078$ & $0.794321$ & $0.801422$ & $-0.00439474$ & $-0.0130619$ & $-0.0118436$ & $0.0694201$ & $0.637061$ & $1$ & $0.0172751$ & $0.217859$ & $-0.00758531$ & $-0.0271482$ & $-0.110052$ & $-0.0548459$ & $0.0546101$ & $-0.127781$ & $-0.193292$ & $-0.0162664$ & $-0.0328264$ & $0.0267354$ & $-0.00485704$ & $0.0448003$ & $0.0224283$ & $-0.046881$ & $-0.0098557$ & $-0.0266717$ & $0.00825194$ & $0.0185085$ & $-0.0119079$ & $0.00287232$ & $-0.000615231$ & $-0.00153301$ \\
CHu_11 & $-0.000428966$ & $0.0130175$ & $-0.0127155$ & $-4.27474e-05$ & $0.0150921$ & $0.110098$ & $0.0223805$ & $-0.52022$ & $-0.508159$ & $0.225544$ & $0.571731$ & $0.0474364$ & $-0.106104$ & $-0.268598$ & $-0.209998$ & $-0.201002$ & $-0.101172$ & $0.0466471$ & $0.0418831$ & $-0.562054$ & $-0.574039$ & $-0.563303$ & $-0.691662$ & $0.207857$ & $0.0172751$ & $1$ & $-0.192833$ & $-0.215166$ & $-0.0145785$ & $-0.0391503$ & $-0.00460262$ & $0.028196$ & $-0.0385728$ & $-0.255054$ & $0.0323412$ & $0.00248265$ & $-0.0121282$ & $0.00898241$ & $0.0130799$ & $0.024716$ & $-0.00119066$ & $0.0212063$ & $0.0105328$ & $0.0136177$ & $0.00618388$ & $0.00991864$ & $0.0215583$ & $-0.00606412$ & $0.00124804$ \\
CHd_11 & $-0.043693$ & $-0.0267796$ & $0.02354$ & $0.00838159$ & $-0.00792356$ & $-0.0780208$ & $-0.0137179$ & $0.428606$ & $0.422273$ & $-0.240515$ & $-0.304055$ & $-0.0256808$ & $0.119031$ & $-0.0743665$ & $-0.376559$ & $-0.388902$ & $-0.14871$ & $-0.00128585$ & $0.0144882$ & $0.228977$ & $0.382298$ & $0.378058$ & $0.351008$ & $-0.418366$ & $0.217859$ & $-0.192833$ & $1$ & $0.105271$ & $0.00198462$ & $0.018649$ & $0.0334418$ & $-0.0196327$ & $0.0495322$ & $0.677658$ & $-0.0199546$ & $-0.0169777$ & $0.00130177$ & $0.00877278$ & $-0.0233565$ & $0.0195488$ & $-0.0394868$ & $0.0014036$ & $0.0071905$ & $-0.0327935$ & $-0.00705332$ & $0.00197914$ & $-0.0101064$ & $0.0123034$ & $0.0139439$ \\
CHd_33 & $0.000542778$ & $-0.0173316$ & $0.0285451$ & $0.00726671$ & $-0.00371518$ & $-0.0790611$ & $0.00779411$ & $0.304574$ & $0.297814$ & $-0.125266$ & $-0.339567$ & $-0.0514231$ & $0.0322023$ & $0.160809$ & $0.120471$ & $0.133267$ & $0.0779155$ & $-0.0146066$ & $-0.0274838$ & $0.333909$ & $0.340115$ & $0.331049$ & $0.0349065$ & $-0.0109551$ & $-0.00758531$ & $-0.215166$ & $0.105271$ & $1$ & $0.0105588$ & $0.0114101$ & $0.0202381$ & $0.0105217$ & $0.00792362$ & $0.15639$ & $-0.0200801$ & $0.00103426$ & $-0.00135713$ & $0.00227328$ & $-0.0204353$ & $0.00238732$ & $-0.00289725$ & $0.000758515$ & $-0.00813397$ & $-0.0136138$ & $0.00503604$ & $0.0293991$ & $-0.00262563$ & $0.0116993$ & $-0.0212983$ \\
CeH_22r & $0.022413$ & $-0.0130448$ & $-0.0153503$ & $0.00396003$ & $-0.00628455$ & $-0.0115147$ & $0.0181283$ & $0.0265699$ & $0.036592$ & $-0.0268738$ & $-0.0177329$ & $0.0400985$ & $0.0476515$ & $-0.00350155$ & $0.00116654$ & $0.0162192$ & $-0.020775$ & $-0.0158598$ & $-0.0298368$ & $0.0163117$ & $0.0177551$ & $0.0140994$ & $-0.00116034$ & $-0.0233338$ & $-0.0271482$ & $-0.0145785$ & $0.00198462$ & $0.0105588$ & $1$ & $0.0399678$ & $0.020412$ & $0.00382111$ & $0.0474359$ & $0.019478$ & $-0.0289061$ & $-0.0111878$ & $-0.00832764$ & $-0.00828209$ & $-0.0271995$ & $-0.0125126$ & $0.0246512$ & $0.00191019$ & $0.0297018$ & $0.0347415$ & $0.0072779$ & $-0.0161168$ & $0.00734809$ & $0.000783241$ & $0.0157776$ \\
CeH_33r & $0.0518353$ & $-0.00853769$ & $-0.0132598$ & $0.0175456$ & $0.0001729$ & $-0.00158291$ & $-0.126067$ & $0.107957$ & $0.12543$ & $-0.112114$ & $-0.0686557$ & $0.332255$ & $0.273286$ & $-0.0428375$ & $0.0443977$ & $0.0490537$ & $-0.0873857$ & $-0.103669$ & $-0.109728$ & $0.0704134$ & $0.0686834$ & $0.0630029$ & $0.00476207$ & $-0.100384$ & $-0.110052$ & $-0.0391503$ & $0.018649$ & $0.0114101$ & $0.0399678$ & $1$ & $0.333125$ & $0.0186119$ & $0.644895$ & $0.0467612$ & $-0.0446628$ & $-0.024469$ & $-0.16977$ & $-0.0373631$ & $-0.0469052$ & $-0.00692547$ & $0.0192101$ & $-0.0175801$ & $-0.0336007$ & $0.0199682$ & $0.0793018$ & $-0.0231146$ & $0.0382234$ & $0.0618216$ & $0.024521$ \\
CuH_22r & $0.0701767$ & $0.0222408$ & $-0.0166467$ & $0.06788$ & $0.01052$ & $0.00301259$ & $-0.0581795$ & $0.051943$ & $0.0608557$ & $-0.072338$ & $-0.0259106$ & $0.0942882$ & $0.0920458$ & $-0.0268431$ & $-0.00223079$ & $-0.00261295$ & $-0.0575929$ & $-0.0489434$ & $-0.0466539$ & $0.0232433$ & $0.0292224$ & $0.0262514$ & $-0.00732573$ & $-0.0628158$ & $-0.0548459$ & $-0.00460262$ & $0.0334418$ & $0.0202381$ & $0.020412$ & $0.333125$ & $1$ & $0.0349513$ & $0.336498$ & $0.0412585$ & $0.0557288$ & $-0.0443755$ & $-0.165204$ & $-0.0226726$ & $-0.075854$ & $0.0136298$ & $0.0436732$ & $-0.0109244$ & $-0.0145308$ & $0.0529711$ & $0.00418615$ & $0.0915115$ & $0.311971$ & $0.0346406$ & $-0.0222449$ \\
CuH_33r & $0.0227161$ & $-0.0393445$ & $-0.0118217$ & $0.0336802$ & $0.0191973$ & $0.0136319$ & $0.940193$ & $-0.0705322$ & $-0.0206645$ & $0.0663508$ & $0.0469147$ & $-0.13317$ & $-0.243002$ & $0.0284001$ & $-0.0325434$ & $-0.0422065$ & $0.048026$ & $0.065354$ & $0.0738444$ & $-0.0495135$ & $-0.0478652$ & $-0.0472378$ & $-0.00674725$ & $0.0681262$ & $0.0546101$ & $0.028196$ & $-0.0196327$ & $0.0105217$ & $0.00382111$ & $0.0186119$ & $0.0349513$ & $1$ & $0.0423887$ & $-0.0334879$ & $0.039355$ & $-0.0476584$ & $-0.0022832$ & $0.00384652$ & $-0.0279168$ & $-0.0175336$ & $0.0244209$ & $0.0280396$ & $0.0506431$ & $0.041394$ & $-0.0360954$ & $0.0451897$ & $0.0385989$ & $0.0286801$ & $0.0259236$ \\
CdH_33r & $0.0887721$ & $-0.151761$ & $-0.133405$ & $0.079428$ & $-0.0114125$ & $0.00872432$ & $-0.127321$ & $0.129234$ & $0.155739$ & $-0.132841$ & $-0.0753431$ & $0.370464$ & $0.318588$ & $-0.0651326$ & $0.0222953$ & $0.0220218$ & $-0.111783$ & $-0.116281$ & $-0.117724$ & $0.0684945$ & $0.0738031$ & $0.0699695$ & $0.0121721$ & $-0.135286$ & $-0.127781$ & $-0.0385728$ & $0.0495322$ & $0.00792362$ & $0.0474359$ & $0.644895$ & $0.336498$ & $0.0423887$ & $1$ & $0.0754985$ & $0.0411735$ & $-0.116754$ & $-0.269238$ & $-0.0461492$ & $-0.0716359$ & $-0.0314593$ & $0.0506987$ & $-0.0167223$ & $0.101844$ & $0.0440141$ & $0.0429584$ & $-0.0468218$ & $0.0592763$ & $0.225233$ & $0.510107$ \\
CLL_1221 & $-0.0190955$ & $0.0100558$ & $0.0257346$ & $-0.00161558$ & $-0.00330933$ & $-0.12407$ & $-0.0318471$ & $0.554879$ & $0.54836$ & $-0.348077$ & $-0.360692$ & $0.0269135$ & $0.200119$ & $-0.202369$ & $-0.588388$ & $-0.0977152$ & $-0.251841$ & $0.0372299$ & $-0.335187$ & $0.282106$ & $0.444569$ & $0.444686$ & $0.204406$ & $-0.625684$ & $-0.193292$ & $-0.255054$ & $0.677658$ & $0.15639$ & $0.019478$ & $0.0467612$ & $0.0412585$ & $-0.0334879$ & $0.0754985$ & $1$ & $-0.0109925$ & $-0.00340036$ & $0.0026986$ & $0.00527549$ & $-0.0289141$ & $0.00983204$ & $-0.019086$ & $0.00155436$ & $0.0116661$ & $-0.0151563$ & $0.00742319$ & $0.00684377$ & $-0.0196791$ & $0.0222285$ & $-0.000913707$ \\
eHggint & $0.105782$ & $0.074402$ & $-0.231816$ & $-0.0974646$ & $-0.0220713$ & $0.00752215$ & $-0.0403143$ & $-0.0336917$ & $-0.0491564$ & $0.0656649$ & $0.0345544$ & $0.0743922$ & $0.00296978$ & $-0.0235675$ & $-0.0139426$ & $-0.00966944$ & $-0.00547349$ & $0.000442094$ & $-0.00147935$ & $-0.0353146$ & $-0.0356543$ & $-0.0374362$ & $-0.0164039$ & $0.00173398$ & $-0.0162664$ & $0.0323412$ & $-0.0199546$ & $-0.0200801$ & $-0.0289061$ & $-0.0446628$ & $0.0557288$ & $0.039355$ & $0.0411735$ & $-0.0109925$ & $1$ & $-0.245518$ & $-0.032427$ & $-0.0196244$ & $0.0411961$ & $-0.0174839$ & $-0.163818$ & $-0.0126497$ & $-0.00882181$ & $-0.0908145$ & $0.0591069$ & $-0.0217935$ & $0.245401$ & $0.00695729$ & $0.157246$ \\
eHggpar & $-0.0375662$ & $0.0696697$ & $0.0594231$ & $0.0279139$ & $-0.0028399$ & $-0.0305158$ & $-0.0654987$ & $0.00915259$ & $0.00624345$ & $-0.00698338$ & $0.00344823$ & $0.0550595$ & $0.0606792$ & $-0.0380601$ & $0.0255098$ & $0.0209447$ & $-0.0153805$ & $-0.0397138$ & $-0.0308479$ & $0.00183679$ & $-0.00180501$ & $0.00458822$ & $0.0050266$ & $-0.0209097$ & $-0.0328264$ & $0.00248265$ & $-0.0169777$ & $0.00103426$ & $-0.0111878$ & $-0.024469$ & $-0.0443755$ & $-0.0476584$ & $-0.116754$ & $-0.00340036$ & $-0.245518$ & $1$ & $0.0414343$ & $-0.00429632$ & $-0.0167177$ & $0.030025$ & $0.0834915$ & $-0.00241253$ & $0.0958531$ & $0.0131739$ & $-0.0854826$ & $-0.0172088$ & $-0.147538$ & $-0.0556128$ & $-0.201667$ \\
eHWWint & $-0.15722$ & $0.0634346$ & $0.0929643$ & $-0.0722271$ & $-0.0225911$ & $-0.0203532$ & $0.033914$ & $0.00359419$ & $0.00594743$ & $-0.000261427$ & $-0.00932319$ & $-0.0270135$ & $-0.0294624$ & $-0.00327829$ & $0.014595$ & $0.00423675$ & $0.026415$ & $0.00043014$ & $0.00942917$ & $0.0105336$ & $0.0115613$ & $0.0118702$ & $-0.00374348$ & $0.000916977$ & $0.0267354$ & $-0.0121282$ & $0.00130177$ & $-0.00135713$ & $-0.00832764$ & $-0.16977$ & $-0.165204$ & $-0.0022832$ & $-0.269238$ & $0.0026986$ & $-0.032427$ & $0.0414343$ & $1$ & $-0.0406796$ & $0.064998$ & $0.00780423$ & $-0.0714417$ & $0.0359717$ & $0.0704573$ & $-0.00282657$ & $-0.000201963$ & $0.079659$ & $-0.228258$ & $-0.127833$ & $-0.142793$ \\
eHWWpar & $0.0031481$ & $-0.0392315$ & $-0.0164703$ & $0.0150485$ & $0.0216033$ & $0.00229113$ & $0.0202719$ & $0.00696396$ & $0.00571892$ & $0.00270032$ & $-0.00544932$ & $-0.0206432$ & $-0.020027$ & $0.0121081$ & $-0.0081807$ & $-0.0154009$ & $-0.00742898$ & $0.00198847$ & $0.00783658$ & $0.00204064$ & $0.00587794$ & $0.00554208$ & $-0.0070192$ & $0.00179546$ & $-0.00485704$ & $0.00898241$ & $0.00877278$ & $0.00227328$ & $-0.00828209$ & $-0.0373631$ & $-0.0226726$ & $0.00384652$ & $-0.0461492$ & $0.00527549$ & $-0.0196244$ & $-0.00429632$ & $-0.0406796$ & $1$ & $0.0497059$ & $-0.0166008$ & $-0.00117308$ & $-0.00118673$ & $-0.0307162$ & $-0.0115784$ & $-0.0186976$ & $-0.032342$ & $0.0182832$ & $-0.0188178$ & $-0.0116928$ \\
eHZZint & $-0.212222$ & $0.00957866$ & $-0.0735851$ & $-0.183142$ & $0.00312258$ & $0.0275385$ & $-0.0308132$ & $-0.0301887$ & $-0.0414118$ & $0.0156493$ & $0.0160065$ & $-0.00240047$ & $-0.00679391$ & $0.026803$ & $0.00167466$ & $0.000772725$ & $0.0232129$ & $0.0274474$ & $0.0256635$ & $-0.0130796$ & $-0.0167318$ & $-0.0193937$ & $-0.00971212$ & $0.0381303$ & $0.0448003$ & $0.0130799$ & $-0.0233565$ & $-0.0204353$ & $-0.0271995$ & $-0.0469052$ & $-0.075854$ & $-0.0279168$ & $-0.0716359$ & $-0.0289141$ & $0.0411961$ & $-0.0167177$ & $0.064998$ & $0.0497059$ & $1$ & $-0.0514942$ & $-0.0774859$ & $0.0288828$ & $-0.103567$ & $-0.167557$ & $0.0231812$ & $-0.0381698$ & $-0.114426$ & $-0.131223$ & $-0.0162492$ \\
eHZZpar & $0.00757058$ & $0.0227532$ & $0.0154723$ & $0.0265829$ & $0.0180709$ & $0.0189786$ & $-0.0226567$ & $-0.0214654$ & $-0.0257263$ & $0.00690299$ & $0.0193469$ & $-0.0156208$ & $-0.0143542$ & $-0.00728743$ & $-0.0302855$ & $-0.0264246$ & $0.0100306$ & $0.0223336$ & $0.0218488$ & $-0.020376$ & $-0.0157947$ & $-0.0115952$ & $-0.00878208$ & $0.012255$ & $0.0224283$ & $0.024716$ & $0.0195488$ & $0.00238732$ & $-0.0125126$ & $-0.00692547$ & $0.0136298$ & $-0.0175336$ & $-0.0314593$ & $0.00983204$ & $-0.0174839$ & $0.030025$ & $0.00780423$ & $-0.0166008$ & $-0.0514942$ & $1$ & $-0.00171668$ & $-0.00829185$ & $-0.0387645$ & $0.00932636$ & $0.00630094$ & $0.0185998$ & $0.025458$ & $0.00896408$ & $-0.0390466$ \\
eHZgaint & $0.216165$ & $-0.0265878$ & $0.0705269$ & $0.124708$ & $0.0176406$ & $-0.016354$ & $0.0300431$ & $-0.0124183$ & $-0.00893639$ & $-0.0481756$ & $0.0148072$ & $-0.0342735$ & $-0.00558818$ & $-0.0140303$ & $0.00585306$ & $0.0108152$ & $-0.0147582$ & $-0.0095719$ & $-0.0154395$ & $-0.0132157$ & $-0.0210472$ & $-0.016034$ & $-0.00677348$ & $0.00290682$ & $-0.046881$ & $-0.00119066$ & $-0.0394868$ & $-0.00289725$ & $0.0246512$ & $0.0192101$ & $0.0436732$ & $0.0244209$ & $0.0506987$ & $-0.019086$ & $-0.163818$ & $0.0834915$ & $-0.0714417$ & $-0.00117308$ & $-0.0774859$ & $-0.00171668$ & $1$ & $0.0309991$ & $0.0604439$ & $0.17873$ & $-0.125045$ & $0.0563986$ & $0.117009$ & $-0.0218669$ & $0.0848399$ \\
eHZgapar & $0.0402645$ & $0.0066289$ & $-0.0150893$ & $-0.00331122$ & $0.00288633$ & $0.0235656$ & $0.0278092$ & $-0.020294$ & $-0.0183328$ & $0.00881436$ & $0.0266924$ & $-0.00399795$ & $-0.0132089$ & $-0.0200212$ & $-0.0256431$ & $-0.0155649$ & $-0.0174926$ & $0.00361954$ & $-0.0020614$ & $-0.025497$ & $-0.0244993$ & $-0.0240708$ & $7.80058e-05$ & $0.00657368$ & $-0.0098557$ & $0.0212063$ & $0.0014036$ & $0.000758515$ & $0.00191019$ & $-0.0175801$ & $-0.0109244$ & $0.0280396$ & $-0.0167223$ & $0.00155436$ & $-0.0126497$ & $-0.00241253$ & $0.0359717$ & $-0.00118673$ & $0.0288828$ & $-0.00829185$ & $0.0309991$ & $1$ & $0.019785$ & $0.0237013$ & $-0.0277936$ & $-0.0217396$ & $0.00250824$ & $-0.0145166$ & $0.0106629$ \\
eHgagaint & $0.130968$ & $-0.0398178$ & $-0.310001$ & $0.0743561$ & $0.00534142$ & $0.0130841$ & $0.0492781$ & $0.00138533$ & $0.0687352$ & $-0.0087625$ & $0.0069607$ & $0.0118876$ & $0.0268216$ & $-0.0221296$ & $-0.0206895$ & $-0.0237311$ & $-0.0246125$ & $-0.00951616$ & $-0.00486604$ & $-0.0127856$ & $-0.0087197$ & $-0.00419243$ & $-0.000592771$ & $-0.034334$ & $-0.0266717$ & $0.0105328$ & $0.0071905$ & $-0.00813397$ & $0.0297018$ & $-0.0336007$ & $-0.0145308$ & $0.0506431$ & $0.101844$ & $0.0116661$ & $-0.00882181$ & $0.0958531$ & $0.0704573$ & $-0.0307162$ & $-0.103567$ & $-0.0387645$ & $0.0604439$ & $0.019785$ & $1$ & $0.141512$ & $0.0143459$ & $-0.104534$ & $-0.0470799$ & $-0.0221445$ & $0.237121$ \\
eHmumuint & $0.0145033$ & $-0.0253323$ & $-0.0568473$ & $0.0749826$ & $0.00598111$ & $-0.00479793$ & $0.0441525$ & $-0.0410221$ & $-0.0299433$ & $0.00264419$ & $0.0332944$ & $-0.0205538$ & $-0.00575495$ & $-0.00358235$ & $-0.0205812$ & $0.00625308$ & $0.0152528$ & $0.0298429$ & $0.00661583$ & $-0.0323908$ & $-0.0359547$ & $-0.0347247$ & $0.000546509$ & $0.0280632$ & $0.00825194$ & $0.0136177$ & $-0.0327935$ & $-0.0136138$ & $0.0347415$ & $0.0199682$ & $0.0529711$ & $0.041394$ & $0.0440141$ & $-0.0151563$ & $-0.0908145$ & $0.0131739$ & $-0.00282657$ & $-0.0115784$ & $-0.167557$ & $0.00932636$ & $0.17873$ & $0.0237013$ & $0.141512$ & $1$ & $0.0337324$ & $0.0655945$ & $0.201033$ & $0.0734675$ & $0.0545771$ \\
eHtautauint & $0.235698$ & $0.0190134$ & $-0.27889$ & $-0.0234394$ & $0.00637563$ & $-0.000160595$ & $-0.033116$ & $-0.0121261$ & $-0.0149596$ & $0.0190013$ & $-0.0104109$ & $-0.00442389$ & $-0.0113179$ & $0.0331508$ & $-0.0197656$ & $0.0234212$ & $0.0351925$ & $0.0509996$ & $0.0119684$ & $0.00952967$ & $0.0068908$ & $-0.00197919$ & $-0.0166082$ & $0.00402058$ & $0.0185085$ & $0.00618388$ & $-0.00705332$ & $0.00503604$ & $0.0072779$ & $0.0793018$ & $0.00418615$ & $-0.0360954$ & $0.0429584$ & $0.00742319$ & $0.0591069$ & $-0.0854826$ & $-0.000201963$ & $-0.0186976$ & $0.0231812$ & $0.00630094$ & $-0.125045$ & $-0.0277936$ & $0.0143459$ & $0.0337324$ & $1$ & $-0.197853$ & $0.0983223$ & $0.110503$ & $0.0658152$ \\
eHccint & $-0.00512441$ & $-0.00170903$ & $0.146663$ & $0.012459$ & $0.014997$ & $-0.00448723$ & $0.0448838$ & $0.0127761$ & $0.0071725$ & $-0.0226231$ & $-0.00390003$ & $-0.0095005$ & $-0.000717803$ & $-0.0103099$ & $0.00561036$ & $0.0106505$ & $-0.0146955$ & $-0.0162521$ & $-0.0147603$ & $0.00673202$ & $0.00450221$ & $0.0102047$ & $-0.023033$ & $-0.015821$ & $-0.0119079$ & $0.00991864$ & $0.00197914$ & $0.0293991$ & $-0.0161168$ & $-0.0231146$ & $0.0915115$ & $0.0451897$ & $-0.0468218$ & $0.00684377$ & $-0.0217935$ & $-0.0172088$ & $0.079659$ & $-0.032342$ & $-0.0381698$ & $0.0185998$ & $0.0563986$ & $-0.0217396$ & $-0.104534$ & $0.0655945$ & $-0.197853$ & $1$ & $0.00316147$ & $-0.107035$ & $-0.0501263$ \\
eHccpar & $0.219407$ & $0.0532074$ & $-0.100031$ & $0.165141$ & $0.0201271$ & $0.00598047$ & $0.0251419$ & $-0.0363044$ & $-0.0404026$ & $0.0139601$ & $0.0274717$ & $0.000321897$ & $-0.0134083$ & $0.0100113$ & $-0.0174227$ & $-0.00087097$ & $-0.00079482$ & $0.0239475$ & $0.0145576$ & $-0.0260444$ & $-0.0291066$ & $-0.0305006$ & $-0.016748$ & $0.0222814$ & $0.00287232$ & $0.0215583$ & $-0.0101064$ & $-0.00262563$ & $0.00734809$ & $0.0382234$ & $0.311971$ & $0.0385989$ & $0.0592763$ & $-0.0196791$ & $0.245401$ & $-0.147538$ & $-0.228258$ & $0.0182832$ & $-0.114426$ & $0.025458$ & $0.117009$ & $0.00250824$ & $-0.0470799$ & $0.201033$ & $0.0983223$ & $0.00316147$ & $1$ & $0.153156$ & $0.0430176$ \\
eHbbint & $0.0727684$ & $-0.0563515$ & $-0.132922$ & $0.0272628$ & $-0.00918878$ & $0.0169359$ & $0.0165413$ & $0.0146394$ & $0.0168539$ & $0.00514651$ & $-0.0165842$ & $0.0212458$ & $0.0120792$ & $0.0140767$ & $-0.0206273$ & $-0.0163345$ & $-0.000149685$ & $0.0146653$ & $0.0107672$ & $0.0102911$ & $0.0173304$ & $0.0160499$ & $-0.0146636$ & $-0.0161143$ & $-0.000615231$ & $-0.00606412$ & $0.0123034$ & $0.0116993$ & $0.000783241$ & $0.0618216$ & $0.0346406$ & $0.0286801$ & $0.225233$ & $0.0222285$ & $0.00695729$ & $-0.0556128$ & $-0.127833$ & $-0.0188178$ & $-0.131223$ & $0.00896408$ & $-0.0218669$ & $-0.0145166$ & $-0.0221445$ & $0.0734675$ & $0.110503$ & $-0.107035$ & $0.153156$ & $1$ & $0.057528$ \\
eHbbpar & $0.132912$ & $-0.258443$ & $-0.238101$ & $0.101159$ & $-0.0141938$ & $0.0216437$ & $0.0192266$ & $-0.000849157$ & $0.0169124$ & $-0.00746246$ & $0.00305125$ & $-0.00313022$ & $0.00316091$ & $-0.00680644$ & $-0.0150795$ & $-0.0160316$ & $-0.00191548$ & $0.00732126$ & $0.00792954$ & $-0.0128496$ & $-0.0106665$ & $-0.00945905$ & $0.0124728$ & $-0.0082818$ & $-0.00153301$ & $0.00124804$ & $0.0139439$ & $-0.0212983$ & $0.0157776$ & $0.024521$ & $-0.0222449$ & $0.0259236$ & $0.510107$ & $-0.000913707$ & $0.157246$ & $-0.201667$ & $-0.142793$ & $-0.0116928$ & $-0.0162492$ & $-0.0390466$ & $0.0848399$ & $0.0106629$ & $0.237121$ & $0.0545771$ & $0.0658152$ & $-0.0501263$ & $0.0430176$ & $0.057528$ & $1$ \\
