 & AlsMz & dAle5Mz & mtop & mHl & Mz & CW & CHG & CHWB & CHWHB_gaga & CHWHB_gagaorth & CHD & CHbox & CH & CHL1_11 & CHL1_22 & CHL1_33 & CHL3_11 & CHL3_22 & CHL3_33 & CHe_11 & CHe_22 & CHe_33 & CHQ1_11 & CHQ1_33 & CHQ3_11 & CHu_11 & CHd_11 & CHd_33 & CeH_22r & CeH_33r & CuH_22r & CuH_33r & CdH_33r & CLL_1221 & eHggint & eHggpar & eHWWint & eHWWpar & eHZZint & eHZZpar & eHZgaint & eHZgapar & eHgagaint & eHmumuint & eHtautauint & eHccint & eHccpar & eHbbint & eHbbpar \\
AlsMz & $1$ & $0.0162879$ & $0.0888802$ & $0.0594146$ & $0.000334472$ & $-0.00926344$ & $0.00109573$ & $-0.014727$ & $-0.028728$ & $0.0167063$ & $3.93194e-05$ & $0.03295$ & $0.00945446$ & $0.00166559$ & $0.0508036$ & $0.0434585$ & $0.0115699$ & $-0.0177765$ & $-0.0162354$ & $0.000729318$ & $-0.0128651$ & $-0.0166837$ & $-0.0289235$ & $-0.0199633$ & $-0.115776$ & $-0.0260005$ & $-0.088135$ & $-0.0257356$ & $-0.0125464$ & $0.00308731$ & $0.0164834$ & $0.0268144$ & $0.040442$ & $-0.0523991$ & $0.173845$ & $0.0374987$ & $0.0327914$ & $0.00195093$ & $0.111259$ & $-0.00465148$ & $0.0285525$ & $0.0274139$ & $-0.131258$ & $-0.0567161$ & $-0.0187014$ & $-0.0516484$ & $0.101342$ & $-0.0587273$ & $0.129205$ \\
dAle5Mz & $0.0162879$ & $1$ & $-0.0783151$ & $-0.0470495$ & $-0.00120579$ & $-0.0212895$ & $0.00268001$ & $-0.0758308$ & $-0.0743768$ & $0.00987456$ & $0.0583469$ & $-0.00169016$ & $-0.0129473$ & $-0.0228548$ & $-0.0256387$ & $-0.024348$ & $0.0195836$ & $0.0206059$ & $0.0241474$ & $-0.0378468$ & $-0.0357875$ & $-0.0302013$ & $-0.00160692$ & $0.0177849$ & $0.0254341$ & $0.0232084$ & $0.00530852$ & $-0.0341001$ & $0.0237888$ & $0.0274058$ & $0.0503356$ & $0.00156612$ & $0.0246292$ & $0.0171544$ & $-0.131428$ & $-0.0424422$ & $-0.0600143$ & $-0.0247114$ & $0.0889163$ & $0.0211726$ & $-0.0564387$ & $0.0136373$ & $-7.43589e-08$ & $-0.0748301$ & $-0.0436959$ & $-0.163692$ & $0.19744$ & $-0.0094917$ & $0.0411011$ \\
mtop & $0.0888802$ & $-0.0783151$ & $1$ & $0.0239863$ & $0.00862777$ & $-0.0434563$ & $-0.0217644$ & $-0.00272449$ & $-0.00503873$ & $0.00117955$ & $-0.00261724$ & $-0.00777454$ & $-0.00484118$ & $0.0204718$ & $0.0320392$ & $0.00425583$ & $0.0219268$ & $0.000954381$ & $0.0182165$ & $0.0115551$ & $0.00490046$ & $0.0074763$ & $-0.00285027$ & $0.0215275$ & $-0.0123129$ & $-0.0144064$ & $-0.040505$ & $-0.00418906$ & $-0.00897685$ & $0.0337306$ & $0.0209125$ & $-0.0289072$ & $0.0329532$ & $-0.0328776$ & $0.00313296$ & $-0.14312$ & $-0.0355583$ & $0.0505068$ & $0.0847351$ & $-0.0253885$ & $0.052937$ & $-0.0159129$ & $-0.064984$ & $-0.0437777$ & $0.19089$ & $0.180164$ & $0.052104$ & $0.026162$ & $0.0780818$ \\
mHl & $0.0594146$ & $-0.0470495$ & $0.0239863$ & $1$ & $-0.00414452$ & $0.00566265$ & $-0.0184617$ & $-0.0124524$ & $-0.0242846$ & $0.00323648$ & $0.00865868$ & $0.00294001$ & $0.000339368$ & $4.21997e-05$ & $0.00850576$ & $0.00829382$ & $0.0107589$ & $0.00144172$ & $0.00212558$ & $-0.00927545$ & $-0.0109828$ & $-0.016859$ & $-0.00367242$ & $0.00967326$ & $0.00576072$ & $0.00578298$ & $-0.00734077$ & $-0.0318976$ & $-0.0124243$ & $0.000510747$ & $-0.0483675$ & $-0.00688497$ & $-0.0707641$ & $-0.0178484$ & $0.0894542$ & $0.0681803$ & $0.0657755$ & $0.00914574$ & $0.0754653$ & $0.0454537$ & $0.104098$ & $0.0176129$ & $-0.0482883$ & $-0.012916$ & $0.0119377$ & $0.0474046$ & $-0.137806$ & $-0.153945$ & $-0.0864257$ \\
Mz & $0.000334472$ & $-0.00120579$ & $0.00862777$ & $-0.00414452$ & $1$ & $0.00152693$ & $0.0237081$ & $0.000910798$ & $0.00517711$ & $0.0384489$ & $-9.38682e-05$ & $0.0352408$ & $0.0270582$ & $0.0203813$ & $0.0135411$ & $0.0370823$ & $0.00896128$ & $0.00494823$ & $-0.0105664$ & $0.00851029$ & $0.00669348$ & $0.00590075$ & $-0.00408001$ & $0.0171436$ & $0.00644988$ & $-0.00438496$ & $-0.0110897$ & $0.0414129$ & $0.0142944$ & $0.0191958$ & $0.00993672$ & $0.0392364$ & $0.042253$ & $-0.01296$ & $0.0106584$ & $0.0566989$ & $0.0268397$ & $0.000117463$ & $0.03222$ & $-0.0233124$ & $0.0316605$ & $0.020399$ & $-0.0176414$ & $-0.0258427$ & $0.00887535$ & $0.0278693$ & $-0.0190015$ & $0.000421998$ & $0.0327634$ \\
CW & $-0.00926344$ & $-0.0212895$ & $-0.0434563$ & $0.00566265$ & $0.00152693$ & $1$ & $-6.18209e-05$ & $-0.115215$ & $-0.11764$ & $-0.0137279$ & $0.18499$ & $0.0338239$ & $-0.0132877$ & $0.000421317$ & $-0.081815$ & $-0.0673339$ & $-0.265425$ & $-0.061691$ & $-0.0700798$ & $-0.183626$ & $-0.190308$ & $-0.183337$ & $-0.0150277$ & $-0.00324851$ & $-0.104549$ & $0.106666$ & $-0.0773595$ & $-0.0646883$ & $-0.0109911$ & $-0.0272269$ & $0.013701$ & $0.00494238$ & $-0.0276505$ & $-0.107048$ & $0.0439166$ & $0.0311791$ & $0.00442459$ & $-0.0175132$ & $-0.0354082$ & $-0.00548194$ & $0.0289166$ & $-0.0250431$ & $-0.0490234$ & $-0.0259721$ & $0.00631753$ & $0.0292861$ & $-0.00702741$ & $-0.00892977$ & $-0.0139642$ \\
CHG & $0.00109573$ & $0.00268001$ & $-0.0217644$ & $-0.0184617$ & $0.0237081$ & $-6.18209e-05$ & $1$ & $-0.130303$ & $-0.0807304$ & $0.0871763$ & $0.0760863$ & $0.109017$ & $-0.331081$ & $0.0683933$ & $-0.00579046$ & $-0.0433583$ & $0.10748$ & $0.10443$ & $0.13107$ & $-0.0739869$ & $-0.0801662$ & $-0.0813743$ & $-0.0128599$ & $0.132745$ & $0.120371$ & $0.0421722$ & $-0.0477889$ & $-0.032776$ & $0.00588917$ & $-0.148598$ & $-0.0603354$ & $0.928857$ & $-0.181737$ & $-0.0991116$ & $-0.0511979$ & $-0.0772466$ & $0.0299496$ & $-0.0111455$ & $-0.00450916$ & $0.00750242$ & $-0.0123015$ & $-0.0147737$ & $0.00477078$ & $0.0339183$ & $0.0143199$ & $-0.034469$ & $0.0166866$ & $0.0217899$ & $0.00354371$ \\
CHWB & $-0.014727$ & $-0.0758308$ & $-0.00272449$ & $-0.0124524$ & $0.000910798$ & $-0.115215$ & $-0.130303$ & $1$ & $0.984043$ & $-0.575898$ & $-0.874032$ & $-0.393659$ & $0.350933$ & $0.0699752$ & $0.297819$ & $0.29779$ & $-0.260885$ & $-0.4476$ & $-0.448404$ & $0.844454$ & $0.890321$ & $0.872185$ & $0.0806793$ & $-0.681757$ & $-0.410354$ & $-0.507458$ & $0.414488$ & $0.293181$ & $0.0215508$ & $0.106113$ & $0.0203026$ & $-0.127482$ & $0.121882$ & $0.562877$ & $-0.0209124$ & $0.0109443$ & $0.0120974$ & $0.0252601$ & $0.0137687$ & $-0.00922684$ & $0.0172097$ & $0.0176015$ & $-0.0108806$ & $0.0098375$ & $0.0156891$ & $-0.000430913$ & $-0.0506277$ & $0.00512026$ & $0.00737432$ \\
CHWHB_gaga & $-0.028728$ & $-0.0743768$ & $-0.00503873$ & $-0.0242846$ & $0.00517711$ & $-0.11764$ & $-0.0807304$ & $0.984043$ & $1$ & $-0.565045$ & $-0.858114$ & $-0.368587$ & $0.345493$ & $0.0644033$ & $0.29611$ & $0.295483$ & $-0.262309$ & $-0.44606$ & $-0.447271$ & $0.829869$ & $0.873692$ & $0.855814$ & $0.0765962$ & $-0.670457$ & $-0.406944$ & $-0.495057$ & $0.406119$ & $0.287266$ & $0.0277478$ & $0.127244$ & $0.0311294$ & $-0.0874815$ & $0.144284$ & $0.550449$ & $-0.0369052$ & $-0.000792652$ & $2.0399e-06$ & $0.0208402$ & $-0.000667488$ & $-0.00779702$ & $-0.00186871$ & $0.02107$ & $0.0518151$ & $0.015847$ & $0.0142165$ & $-0.00381869$ & $-0.0438884$ & $0.0123206$ & $-0.000219385$ \\
CHWHB_gagaorth & $0.0167063$ & $0.00987456$ & $0.00117955$ & $0.00323648$ & $0.0384489$ & $-0.0137279$ & $0.0871763$ & $-0.575898$ & $-0.565045$ & $1$ & $0.354438$ & $0.682082$ & $-0.243475$ & $0.247101$ & $-0.121978$ & $-0.134402$ & $0.446659$ & $0.494711$ & $0.499954$ & $-0.34109$ & $-0.36922$ & $-0.368553$ & $-0.0650472$ & $0.576412$ & $0.483368$ & $0.221196$ & $-0.223689$ & $-0.119886$ & $-0.0135861$ & $-0.131707$ & $-0.0570678$ & $0.108019$ & $-0.13582$ & $-0.357639$ & $0.036003$ & $-0.0144612$ & $-0.00698445$ & $-0.0260893$ & $-0.000420429$ & $0.0036477$ & $-0.0389375$ & $0.00237171$ & $0.0245115$ & $0.029768$ & $-0.00446941$ & $-0.0193349$ & $0.0480944$ & $-0.00762523$ & $0.00626912$ \\
CHD & $3.93194e-05$ & $0.0583469$ & $-0.00261724$ & $0.00865868$ & $-9.38682e-05$ & $0.18499$ & $0.0760863$ & $-0.874032$ & $-0.858114$ & $0.354438$ & $1$ & $0.352128$ & $-0.180272$ & $-0.498948$ & $-0.423206$ & $-0.412683$ & $-0.206865$ & $0.071562$ & $0.0708427$ & $-0.990328$ & $-0.991154$ & $-0.967447$ & $-0.0224595$ & $0.311301$ & $0.0224299$ & $0.562237$ & $-0.285962$ & $-0.333347$ & $-0.008931$ & $-0.0536595$ & $-0.00701064$ & $0.0851224$ & $-0.0764809$ & $-0.362369$ & $0.0330492$ & $-0.00120261$ & $-0.0133853$ & $-0.0236234$ & $-0.0220581$ & $0.0111976$ & $-0.0106979$ & $-0.0239353$ & $0.00514723$ & $-0.00682808$ & $-0.011576$ & $0.00855894$ & $0.0346507$ & $-0.0096815$ & $-0.0215073$ \\
CHbox & $0.03295$ & $-0.00169016$ & $-0.00777454$ & $0.00294001$ & $0.0352408$ & $0.0338239$ & $0.109017$ & $-0.393659$ & $-0.368587$ & $0.682082$ & $0.352128$ & $1$ & $-0.387088$ & $-0.0505826$ & $-0.07457$ & $-0.0840265$ & $0.07762$ & $0.134545$ & $0.142571$ & $-0.332714$ & $-0.364141$ & $-0.360082$ & $-0.052835$ & $0.284917$ & $0.132589$ & $0.216779$ & $-0.187302$ & $-0.114742$ & $0.00889829$ & $0.0633379$ & $-0.00418521$ & $0.167893$ & $0.072956$ & $-0.262838$ & $0.0851784$ & $0.00869198$ & $-0.0287254$ & $-0.0390034$ & $0.0135719$ & $0.00542747$ & $-0.0271715$ & $-0.00963362$ & $0.0183187$ & $0.0427114$ & $-0.00426393$ & $-0.0191725$ & $0.0374184$ & $-0.0230421$ & $-0.00293803$ \\
CH & $0.00945446$ & $-0.0129473$ & $-0.00484118$ & $0.000339368$ & $0.0270582$ & $-0.0132877$ & $-0.331081$ & $0.350933$ & $0.345493$ & $-0.243475$ & $-0.180272$ & $-0.387088$ & $1$ & $-0.229398$ & $0.0727282$ & $0.0754872$ & $-0.338111$ & $-0.364522$ & $-0.364273$ & $0.175982$ & $0.190865$ & $0.188866$ & $0.04944$ & $-0.381981$ & $-0.355809$ & $-0.121724$ & $0.134395$ & $0.0642408$ & $0.0475044$ & $0.277071$ & $0.101611$ & $-0.277098$ & $0.33943$ & $0.218511$ & $0.0218417$ & $0.0466963$ & $0.0120354$ & $0.0034796$ & $-0.0132536$ & $0.000161712$ & $0.0154385$ & $0.0127858$ & $-0.00397946$ & $-0.0233401$ & $0.00589644$ & $0.0200599$ & $-0.0264224$ & $-0.00556235$ & $0.00857531$ \\
CHL1_11 & $0.00166559$ & $-0.0228548$ & $0.0204718$ & $4.21997e-05$ & $0.0203813$ & $0.000421317$ & $0.0683933$ & $0.0699752$ & $0.0644033$ & $0.247101$ & $-0.498948$ & $-0.0505826$ & $-0.229398$ & $1$ & $0.26786$ & $0.256244$ & $0.67575$ & $0.608194$ & $0.604981$ & $0.518561$ & $0.460302$ & $0.442744$ & $-0.0855753$ & $0.484747$ & $0.605573$ & $-0.253878$ & $-0.105818$ & $0.159724$ & $-0.0156773$ & $-0.0776919$ & $-0.0227811$ & $0.0418336$ & $-0.0598032$ & $-0.228202$ & $-0.0206942$ & $-0.0211468$ & $0.0169564$ & $0.00836905$ & $0.0026769$ & $-0.0159427$ & $0.00268346$ & $0.0198204$ & $0.00402317$ & $0.000271295$ & $0.0119576$ & $-0.00116128$ & $0.00744085$ & $0.00975528$ & $0.0280707$ \\
CHL1_22 & $0.0508036$ & $-0.0256387$ & $0.0320392$ & $0.00850576$ & $0.0135411$ & $-0.081815$ & $-0.00579046$ & $0.297819$ & $0.29611$ & $-0.121978$ & $-0.423206$ & $-0.07457$ & $0.0727282$ & $0.26786$ & $1$ & $0.416472$ & $0.160046$ & $-0.444933$ & $-0.017941$ & $0.487096$ & $0.341483$ & $0.3228$ & $-0.145829$ & $0.0935512$ & $-0.136754$ & $-0.214414$ & $-0.390527$ & $0.124856$ & $-0.017741$ & $0.0132007$ & $-0.00054512$ & $-0.0093504$ & $0.0481276$ & $-0.592291$ & $-0.0100777$ & $0.0107302$ & $-0.00514001$ & $-0.0420434$ & $0.00959462$ & $0.0260411$ & $-0.000356434$ & $-0.0103355$ & $-0.00194698$ & $0.0173746$ & $0.0145713$ & $0.00790123$ & $-0.0383664$ & $-0.00899177$ & $0.0343007$ \\
CHL1_33 & $0.0434585$ & $-0.024348$ & $0.00425583$ & $0.00829382$ & $0.0370823$ & $-0.0673339$ & $-0.0433583$ & $0.29779$ & $0.295483$ & $-0.134402$ & $-0.412683$ & $-0.0840265$ & $0.0754872$ & $0.256244$ & $0.416472$ & $1$ & $0.137496$ & $-0.0239214$ & $-0.441478$ & $0.474977$ & $0.33311$ & $0.343473$ & $-0.15369$ & $0.0790976$ & $-0.136069$ & $-0.201963$ & $-0.369665$ & $0.125259$ & $0.00416634$ & $0.0261333$ & $0.0113197$ & $-0.053357$ & $0.0307071$ & $-0.0746268$ & $0.0237405$ & $-0.0277137$ & $-0.0404994$ & $-0.00290744$ & $0.00905784$ & $0.012484$ & $-0.0078486$ & $-0.00372675$ & $0.0414046$ & $-0.00461357$ & $-0.0102223$ & $-0.0200459$ & $-0.0137776$ & $-0.00147813$ & $0.0115328$ \\
CHL3_11 & $0.0115699$ & $0.0195836$ & $0.0219268$ & $0.0107589$ & $0.00896128$ & $-0.265425$ & $0.10748$ & $-0.260885$ & $-0.262309$ & $0.446659$ & $-0.206865$ & $0.07762$ & $-0.338111$ & $0.67575$ & $0.160046$ & $0.137496$ & $1$ & $0.744784$ & $0.751013$ & $0.230564$ & $0.177181$ & $0.169456$ & $-0.0762916$ & $0.685629$ & $0.784884$ & $-0.0928512$ & $-0.152561$ & $0.0758926$ & $-0.0256735$ & $-0.10283$ & $-0.0332486$ & $0.0871166$ & $-0.089161$ & $-0.265145$ & $-0.0339909$ & $-0.0192762$ & $-0.0030795$ & $0.00321043$ & $0.0253596$ & $-0.00281847$ & $-0.0158002$ & $0.0112864$ & $0.00424183$ & $7.78974e-05$ & $-0.013381$ & $-0.0178407$ & $0.0317071$ & $0.0169049$ & $0.0252014$ \\
CHL3_22 & $-0.0177765$ & $0.0206059$ & $0.000954381$ & $0.00144172$ & $0.00494823$ & $-0.061691$ & $0.10443$ & $-0.4476$ & $-0.44606$ & $0.494711$ & $0.071562$ & $0.134545$ & $-0.364522$ & $0.608194$ & $-0.444933$ & $-0.0239214$ & $0.744784$ & $1$ & $0.677285$ & $-0.0718647$ & $-0.0656975$ & $-0.0608079$ & $-0.0164158$ & $0.633583$ & $0.798399$ & $0.0541258$ & $-0.0039381$ & $-0.0161051$ & $-0.0126872$ & $-0.106964$ & $-0.0265247$ & $0.0846732$ & $-0.118369$ & $0.0221924$ & $-0.00911199$ & $-0.0285073$ & $0.00386356$ & $0.0260578$ & $0.00456464$ & $-0.0208709$ & $-0.0133592$ & $0.0164463$ & $0.0148484$ & $-0.0137453$ & $-0.014283$ & $-0.0136632$ & $0.0520923$ & $0.0157939$ & $0.00243296$ \\
CHL3_33 & $-0.0162354$ & $0.0241474$ & $0.0182165$ & $0.00212558$ & $-0.0105664$ & $-0.0700798$ & $0.13107$ & $-0.448404$ & $-0.447271$ & $0.499954$ & $0.0708427$ & $0.142571$ & $-0.364273$ & $0.604981$ & $-0.017941$ & $-0.441478$ & $0.751013$ & $0.677285$ & $1$ & $-0.0706815$ & $-0.0642636$ & $-0.0595867$ & $-0.00474629$ & $0.637108$ & $0.795831$ & $0.0451$ & $-0.00902768$ & $-0.0219435$ & $-0.026583$ & $-0.115503$ & $-0.0360299$ & $0.117298$ & $-0.104765$ & $-0.360533$ & $-0.0329102$ & $0.00067215$ & $0.0245884$ & $-0.0080461$ & $0.00679518$ & $-0.00861386$ & $-0.00943969$ & $0.00865747$ & $-0.0177566$ & $0.00285266$ & $0.00127911$ & $0.00553063$ & $0.031702$ & $0.0103108$ & $0.0114002$ \\
CHe_11 & $0.000729318$ & $-0.0378468$ & $0.0115551$ & $-0.00927545$ & $0.00851029$ & $-0.183626$ & $-0.0739869$ & $0.844454$ & $0.829869$ & $-0.34109$ & $-0.990328$ & $-0.332714$ & $0.175982$ & $0.518561$ & $0.487096$ & $0.474977$ & $0.230564$ & $-0.0718647$ & $-0.0706815$ & $1$ & $0.972793$ & $0.949212$ & $-0.00112229$ & $-0.257884$ & $-0.0148746$ & $-0.552919$ & $0.212319$ & $0.329361$ & $0.00816281$ & $0.0541195$ & $0.00829159$ & $-0.0827882$ & $0.0767576$ & $0.283995$ & $-0.0308779$ & $0.00101651$ & $0.00753035$ & $0.0174794$ & $0.0240535$ & $-0.00683928$ & $0.00726689$ & $0.0212346$ & $9.05872e-05$ & $0.00332341$ & $0.0109524$ & $-0.00752939$ & $-0.0304376$ & $0.00612156$ & $0.0232592$ \\
CHe_22 & $-0.0128651$ & $-0.0357875$ & $0.00490046$ & $-0.0109828$ & $0.00669348$ & $-0.190308$ & $-0.0801662$ & $0.890321$ & $0.873692$ & $-0.36922$ & $-0.991154$ & $-0.364141$ & $0.190865$ & $0.460302$ & $0.341483$ & $0.33311$ & $0.177181$ & $-0.0656975$ & $-0.0642636$ & $0.972793$ & $1$ & $0.974031$ & $0.0494047$ & $-0.363797$ & $-0.0252736$ & $-0.563138$ & $0.365427$ & $0.334809$ & $0.0123977$ & $0.0575839$ & $0.00860842$ & $-0.0880729$ & $0.0802472$ & $0.446309$ & $-0.0398767$ & $0.000675242$ & $0.0147812$ & $0.0267236$ & $0.0251404$ & $-0.0140972$ & $0.0116988$ & $0.0261756$ & $-0.0076514$ & $0.00520979$ & $0.0122769$ & $-0.0112776$ & $-0.0309071$ & $0.0119781$ & $0.0208608$ \\
CHe_33 & $-0.0166837$ & $-0.0302013$ & $0.0074763$ & $-0.016859$ & $0.00590075$ & $-0.183337$ & $-0.0813743$ & $0.872185$ & $0.855814$ & $-0.368553$ & $-0.967447$ & $-0.360082$ & $0.188866$ & $0.442744$ & $0.3228$ & $0.343473$ & $0.169456$ & $-0.0608079$ & $-0.0595867$ & $0.949212$ & $0.974031$ & $1$ & $0.0540318$ & $-0.360021$ & $-0.0228547$ & $-0.553342$ & $0.367452$ & $0.327825$ & $0.0108835$ & $0.0573488$ & $0.00476846$ & $-0.0876851$ & $0.0800427$ & $0.450394$ & $-0.0378431$ & $0.0016879$ & $0.0105664$ & $0.0246953$ & $0.02463$ & $-0.0105137$ & $0.00857153$ & $0.0209255$ & $-0.00302582$ & $0.00475483$ & $0.00729909$ & $-0.0126708$ & $-0.0234952$ & $0.0153885$ & $0.0115508$ \\
CHQ1_11 & $-0.0289235$ & $-0.00160692$ & $-0.00285027$ & $-0.00367242$ & $-0.00408001$ & $-0.0150277$ & $-0.0128599$ & $0.0806793$ & $0.0765962$ & $-0.0650472$ & $-0.0224595$ & $-0.052835$ & $0.04944$ & $-0.0855753$ & $-0.145829$ & $-0.15369$ & $-0.0762916$ & $-0.0164158$ & $-0.00474629$ & $-0.00112229$ & $0.0494047$ & $0.0540318$ & $1$ & $-0.133797$ & $0.0674351$ & $-0.688499$ & $0.343014$ & $0.0400284$ & $-0.0206294$ & $0.0218302$ & $0.00304722$ & $0.000284354$ & $0.0491302$ & $0.1933$ & $0.0454993$ & $0.0184519$ & $-0.00580613$ & $-0.0190603$ & $-0.00457307$ & $0.0199282$ & $-0.00861654$ & $-0.000803596$ & $-0.0313842$ & $-0.021063$ & $0.0300278$ & $-0.0299395$ & $-0.0114349$ & $0.0136574$ & $0.05145$ \\
CHQ1_33 & $-0.0199633$ & $0.0177849$ & $0.0215275$ & $0.00967326$ & $0.0171436$ & $-0.00324851$ & $0.132745$ & $-0.681757$ & $-0.670457$ & $0.576412$ & $0.311301$ & $0.284917$ & $-0.381981$ & $0.484747$ & $0.0935512$ & $0.0790976$ & $0.685629$ & $0.633583$ & $0.637108$ & $-0.257884$ & $-0.363797$ & $-0.360021$ & $-0.133797$ & $1$ & $0.649$ & $0.199924$ & $-0.403135$ & $-0.0119256$ & $-0.0321921$ & $-0.116678$ & $-0.0414133$ & $0.115273$ & $-0.116907$ & $-0.627573$ & $0.00667641$ & $-0.0076581$ & $-0.0162832$ & $-0.0252411$ & $-0.00865115$ & $0.013407$ & $-0.0167156$ & $-0.00807884$ & $0.0281597$ & $-0.0106695$ & $0.00162656$ & $-0.015819$ & $0.0204518$ & $-0.00192995$ & $0.0125434$ \\
CHQ3_11 & $-0.115776$ & $0.0254341$ & $-0.0123129$ & $0.00576072$ & $0.00644988$ & $-0.104549$ & $0.120371$ & $-0.410354$ & $-0.406944$ & $0.483368$ & $0.0224299$ & $0.132589$ & $-0.355809$ & $0.605573$ & $-0.136754$ & $-0.136069$ & $0.784884$ & $0.798399$ & $0.795831$ & $-0.0148746$ & $-0.0252736$ & $-0.0228547$ & $0.0674351$ & $0.649$ & $1$ & $0.0285971$ & $0.219224$ & $0.00692961$ & $-0.0272335$ & $-0.0974292$ & $-0.0277554$ & $0.0974397$ & $-0.105455$ & $-0.200544$ & $-0.0352802$ & $-0.0311097$ & $0.00263414$ & $0.000324253$ & $-0.00418046$ & $-0.00220766$ & $-0.0077363$ & $0.0141277$ & $0.0162638$ & $-0.00678564$ & $-0.011367$ & $-0.000845443$ & $0.0302275$ & $0.0439077$ & $-0.00614496$ \\
CHu_11 & $-0.0260005$ & $0.0232084$ & $-0.0144064$ & $0.00578298$ & $-0.00438496$ & $0.106666$ & $0.0421722$ & $-0.507458$ & $-0.495057$ & $0.221196$ & $0.562237$ & $0.216779$ & $-0.121724$ & $-0.253878$ & $-0.214414$ & $-0.201963$ & $-0.0928512$ & $0.0541258$ & $0.0451$ & $-0.552919$ & $-0.563138$ & $-0.553342$ & $-0.688499$ & $0.199924$ & $0.0285971$ & $1$ & $-0.17283$ & $-0.197402$ & $0.0184$ & $-0.0340275$ & $-0.006437$ & $0.0395601$ & $-0.0754012$ & $-0.239705$ & $-0.0311635$ & $-0.0128299$ & $0.00527049$ & $-0.00146956$ & $-0.00829183$ & $-0.0148357$ & $-0.0154138$ & $-0.018496$ & $0.0320292$ & $0.00136492$ & $-0.0322793$ & $0.0211448$ & $0.0215332$ & $-0.00720052$ & $-0.0578128$ \\
CHd_11 & $-0.088135$ & $0.00530852$ & $-0.040505$ & $-0.00734077$ & $-0.0110897$ & $-0.0773595$ & $-0.0477889$ & $0.414488$ & $0.406119$ & $-0.223689$ & $-0.285962$ & $-0.187302$ & $0.134395$ & $-0.105818$ & $-0.390527$ & $-0.369665$ & $-0.152561$ & $-0.0039381$ & $-0.00902768$ & $0.212319$ & $0.365427$ & $0.367452$ & $0.343014$ & $-0.403135$ & $0.219224$ & $-0.17283$ & $1$ & $0.105325$ & $0.00838875$ & $0.0583611$ & $0.00608994$ & $-0.0452778$ & $0.0440292$ & $0.675647$ & $-0.023823$ & $0.00124663$ & $0.0181913$ & $0.0252921$ & $0.00377811$ & $-0.010775$ & $0.0107006$ & $0.0225162$ & $-0.0158047$ & $-0.010847$ & $0.000389477$ & $-0.0115369$ & $-0.00658494$ & $0.0407927$ & $-0.0189807$ \\
CHd_33 & $-0.0257356$ & $-0.0341001$ & $-0.00418906$ & $-0.0318976$ & $0.0414129$ & $-0.0646883$ & $-0.032776$ & $0.293181$ & $0.287266$ & $-0.119886$ & $-0.333347$ & $-0.114742$ & $0.0642408$ & $0.159724$ & $0.124856$ & $0.125259$ & $0.0758926$ & $-0.0161051$ & $-0.0219435$ & $0.329361$ & $0.334809$ & $0.327825$ & $0.0400284$ & $-0.0119256$ & $0.00692961$ & $-0.197402$ & $0.105325$ & $1$ & $-0.0026175$ & $0.0472486$ & $-0.000705232$ & $-0.0316786$ & $0.0602061$ & $0.137738$ & $-0.057268$ & $0.0154386$ & $-0.008719$ & $-0.0121649$ & $0.0172815$ & $0.0171836$ & $0.00366176$ & $0.0133093$ & $-0.00461372$ & $-0.0660437$ & $0.0142076$ & $-0.0298802$ & $-0.021404$ & $0.0225891$ & $0.0215855$ \\
CeH_22r & $-0.0125464$ & $0.0237888$ & $-0.00897685$ & $-0.0124243$ & $0.0142944$ & $-0.0109911$ & $0.00588917$ & $0.0215508$ & $0.0277478$ & $-0.0135861$ & $-0.008931$ & $0.00889829$ & $0.0475044$ & $-0.0156773$ & $-0.017741$ & $0.00416634$ & $-0.0256735$ & $-0.0126872$ & $-0.026583$ & $0.00816281$ & $0.0123977$ & $0.0108835$ & $-0.0206294$ & $-0.0321921$ & $-0.0272335$ & $0.0184$ & $0.00838875$ & $-0.0026175$ & $1$ & $0.0378335$ & $0.0291398$ & $-0.0120102$ & $0.044187$ & $0.0312132$ & $-0.0257934$ & $-0.0240546$ & $0.0402117$ & $-0.0247762$ & $-0.0228584$ & $-0.00938241$ & $-0.0352955$ & $-0.0113541$ & $0.0207545$ & $0.0151339$ & $-0.0295933$ & $-0.0273112$ & $0.0516044$ & $0.0543854$ & $0.00304926$ \\
CeH_33r & $0.00308731$ & $0.0274058$ & $0.0337306$ & $0.000510747$ & $0.0191958$ & $-0.0272269$ & $-0.148598$ & $0.106113$ & $0.127244$ & $-0.131707$ & $-0.0536595$ & $0.0633379$ & $0.277071$ & $-0.0776919$ & $0.0132007$ & $0.0261333$ & $-0.10283$ & $-0.106964$ & $-0.115503$ & $0.0541195$ & $0.0575839$ & $0.0573488$ & $0.0218302$ & $-0.116678$ & $-0.0974292$ & $-0.0340275$ & $0.0583611$ & $0.0472486$ & $0.0378335$ & $1$ & $0.301404$ & $0.00343012$ & $0.670611$ & $0.0750832$ & $-0.0383514$ & $-0.0190375$ & $-0.153725$ & $0.00756616$ & $0.0123608$ & $0.00250532$ & $-0.0334069$ & $-0.00651694$ & $0.0130387$ & $-0.0167236$ & $0.0639566$ & $0.00633477$ & $-0.00879643$ & $0.0134882$ & $-0.00358245$ \\
CuH_22r & $0.0164834$ & $0.0503356$ & $0.0209125$ & $-0.0483675$ & $0.00993672$ & $0.013701$ & $-0.0603354$ & $0.0203026$ & $0.0311294$ & $-0.0570678$ & $-0.00701064$ & $-0.00418521$ & $0.101611$ & $-0.0227811$ & $-0.00054512$ & $0.0113197$ & $-0.0332486$ & $-0.0265247$ & $-0.0360299$ & $0.00829159$ & $0.00860842$ & $0.00476846$ & $0.00304722$ & $-0.0414133$ & $-0.0277554$ & $-0.006437$ & $0.00608994$ & $-0.000705232$ & $0.0291398$ & $0.301404$ & $1$ & $0.0287954$ & $0.36747$ & $0.0168741$ & $-0.0333673$ & $-0.0547244$ & $-0.0446651$ & $-0.0277991$ & $0.0144056$ & $0.00558172$ & $-0.0484926$ & $0.00485555$ & $0.0269316$ & $-0.0461334$ & $0.00533197$ & $0.0343347$ & $0.270528$ & $0.0847721$ & $-0.00482554$ \\
CuH_33r & $0.0268144$ & $0.00156612$ & $-0.0289072$ & $-0.00688497$ & $0.0392364$ & $0.00494238$ & $0.928857$ & $-0.127482$ & $-0.0874815$ & $0.108019$ & $0.0851224$ & $0.167893$ & $-0.277098$ & $0.0418336$ & $-0.0093504$ & $-0.053357$ & $0.0871166$ & $0.0846732$ & $0.117298$ & $-0.0827882$ & $-0.0880729$ & $-0.0876851$ & $0.000284354$ & $0.115273$ & $0.0974397$ & $0.0395601$ & $-0.0452778$ & $-0.0316786$ & $-0.0120102$ & $0.00343012$ & $0.0287954$ & $1$ & $0.0129623$ & $-0.0934316$ & $0.031538$ & $-0.0254401$ & $0.00324262$ & $-0.0190957$ & $0.0131383$ & $0.0111978$ & $-0.00756174$ & $-0.0185611$ & $0.00847603$ & $0.033094$ & $0.00929383$ & $-0.0354967$ & $0.0154049$ & $0.0121068$ & $0.0181484$ \\
CdH_33r & $0.040442$ & $0.0246292$ & $0.0329532$ & $-0.0707641$ & $0.042253$ & $-0.0276505$ & $-0.181737$ & $0.121882$ & $0.144284$ & $-0.13582$ & $-0.0764809$ & $0.072956$ & $0.33943$ & $-0.0598032$ & $0.0481276$ & $0.0307071$ & $-0.089161$ & $-0.118369$ & $-0.104765$ & $0.0767576$ & $0.0802472$ & $0.0800427$ & $0.0491302$ & $-0.116907$ & $-0.105455$ & $-0.0754012$ & $0.0440292$ & $0.0602061$ & $0.044187$ & $0.670611$ & $0.36747$ & $0.0129623$ & $1$ & $0.0595498$ & $0.00552357$ & $-0.0549735$ & $-0.11073$ & $-0.0325768$ & $-0.0250379$ & $-0.0109089$ & $-0.0295971$ & $0.00542183$ & $-0.0152$ & $-0.0716634$ & $0.0829197$ & $-0.0257029$ & $0.038989$ & $0.157527$ & $0.382481$ \\
CLL_1221 & $-0.0523991$ & $0.0171544$ & $-0.0328776$ & $-0.0178484$ & $-0.01296$ & $-0.107048$ & $-0.0991116$ & $0.562877$ & $0.550449$ & $-0.357639$ & $-0.362369$ & $-0.262838$ & $0.218511$ & $-0.228202$ & $-0.592291$ & $-0.0746268$ & $-0.265145$ & $0.0221924$ & $-0.360533$ & $0.283995$ & $0.446309$ & $0.450394$ & $0.1933$ & $-0.627573$ & $-0.200544$ & $-0.239705$ & $0.675647$ & $0.137738$ & $0.0312132$ & $0.0750832$ & $0.0168741$ & $-0.0934316$ & $0.0595498$ & $1$ & $-0.020839$ & $-0.00553262$ & $0.00583063$ & $0.0572325$ & $0.0139892$ & $-0.025432$ & $0.00512613$ & $0.0228646$ & $-0.00793969$ & $-0.00707906$ & $-0.00801074$ & $-0.0225669$ & $0.00695629$ & $0.0160529$ & $-0.018292$ \\
eHggint & $0.173845$ & $-0.131428$ & $0.00313296$ & $0.0894542$ & $0.0106584$ & $0.0439166$ & $-0.0511979$ & $-0.0209124$ & $-0.0369052$ & $0.036003$ & $0.0330492$ & $0.0851784$ & $0.0218417$ & $-0.0206942$ & $-0.0100777$ & $0.0237405$ & $-0.0339909$ & $-0.00911199$ & $-0.0329102$ & $-0.0308779$ & $-0.0398767$ & $-0.0378431$ & $0.0454993$ & $0.00667641$ & $-0.0352802$ & $-0.0311635$ & $-0.023823$ & $-0.057268$ & $-0.0257934$ & $-0.0383514$ & $-0.0333673$ & $0.031538$ & $0.00552357$ & $-0.020839$ & $1$ & $0.185315$ & $-0.0680027$ & $-0.0356345$ & $-0.0199576$ & $0.0415424$ & $0.247389$ & $-0.0140546$ & $-0.00208353$ & $0.04879$ & $0.0176678$ & $0.0466699$ & $-0.0492894$ & $-0.119918$ & $0.165759$ \\
eHggpar & $0.0374987$ & $-0.0424422$ & $-0.14312$ & $0.0681803$ & $0.0566989$ & $0.0311791$ & $-0.0772466$ & $0.0109443$ & $-0.000792652$ & $-0.0144612$ & $-0.00120261$ & $0.00869198$ & $0.0466963$ & $-0.0211468$ & $0.0107302$ & $-0.0277137$ & $-0.0192762$ & $-0.0285073$ & $0.00067215$ & $0.00101651$ & $0.000675242$ & $0.0016879$ & $0.0184519$ & $-0.0076581$ & $-0.0311097$ & $-0.0128299$ & $0.00124663$ & $0.0154386$ & $-0.0240546$ & $-0.0190375$ & $-0.0547244$ & $-0.0254401$ & $-0.0549735$ & $-0.00553262$ & $0.185315$ & $1$ & $0.0203272$ & $-0.0593072$ & $0.115993$ & $0.0375755$ & $0.0839972$ & $-0.00464141$ & $0.0212748$ & $-0.160774$ & $-0.0715266$ & $0.098614$ & $-0.129262$ & $-0.149447$ & $-0.0627606$ \\
eHWWint & $0.0327914$ & $-0.0600143$ & $-0.0355583$ & $0.0657755$ & $0.0268397$ & $0.00442459$ & $0.0299496$ & $0.0120974$ & $2.0399e-06$ & $-0.00698445$ & $-0.0133853$ & $-0.0287254$ & $0.0120354$ & $0.0169564$ & $-0.00514001$ & $-0.0404994$ & $-0.0030795$ & $0.00386356$ & $0.0245884$ & $0.00753035$ & $0.0147812$ & $0.0105664$ & $-0.00580613$ & $-0.0162832$ & $0.00263414$ & $0.00527049$ & $0.0181913$ & $-0.008719$ & $0.0402117$ & $-0.153725$ & $-0.0446651$ & $0.00324262$ & $-0.11073$ & $0.00583063$ & $-0.0680027$ & $0.0203272$ & $1$ & $-0.00396376$ & $-0.0243322$ & $0.0107306$ & $0.131735$ & $0.0741814$ & $-0.0982484$ & $-0.0852471$ & $-0.0396773$ & $0.0550194$ & $0.0408005$ & $-0.131689$ & $0.10913$ \\
eHWWpar & $0.00195093$ & $-0.0247114$ & $0.0505068$ & $0.00914574$ & $0.000117463$ & $-0.0175132$ & $-0.0111455$ & $0.0252601$ & $0.0208402$ & $-0.0260893$ & $-0.0236234$ & $-0.0390034$ & $0.0034796$ & $0.00836905$ & $-0.0420434$ & $-0.00290744$ & $0.00321043$ & $0.0260578$ & $-0.0080461$ & $0.0174794$ & $0.0267236$ & $0.0246953$ & $-0.0190603$ & $-0.0252411$ & $0.000324253$ & $-0.00146956$ & $0.0252921$ & $-0.0121649$ & $-0.0247762$ & $0.00756616$ & $-0.0277991$ & $-0.0190957$ & $-0.0325768$ & $0.0572325$ & $-0.0356345$ & $-0.0593072$ & $-0.00396376$ & $1$ & $0.0183306$ & $-0.0541822$ & $-0.0166934$ & $-0.000442254$ & $0.0079756$ & $0.0109557$ & $-0.0377203$ & $0.00418537$ & $0.0115169$ & $0.0157897$ & $-0.0465386$ \\
eHZZint & $0.111259$ & $0.0889163$ & $0.0847351$ & $0.0754653$ & $0.03222$ & $-0.0354082$ & $-0.00450916$ & $0.0137687$ & $-0.000667488$ & $-0.000420429$ & $-0.0220581$ & $0.0135719$ & $-0.0132536$ & $0.0026769$ & $0.00959462$ & $0.00905784$ & $0.0253596$ & $0.00456464$ & $0.00679518$ & $0.0240535$ & $0.0251404$ & $0.02463$ & $-0.00457307$ & $-0.00865115$ & $-0.00418046$ & $-0.00829183$ & $0.00377811$ & $0.0172815$ & $-0.0228584$ & $0.0123608$ & $0.0144056$ & $0.0131383$ & $-0.0250379$ & $0.0139892$ & $-0.0199576$ & $0.115993$ & $-0.0243322$ & $0.0183306$ & $1$ & $0.0112422$ & $0.0919127$ & $-0.0210727$ & $-0.108229$ & $-0.00350494$ & $0.0776114$ & $-0.0145827$ & $0.083628$ & $-0.0459581$ & $-0.0349366$ \\
eHZZpar & $-0.00465148$ & $0.0211726$ & $-0.0253885$ & $0.0454537$ & $-0.0233124$ & $-0.00548194$ & $0.00750242$ & $-0.00922684$ & $-0.00779702$ & $0.0036477$ & $0.0111976$ & $0.00542747$ & $0.000161712$ & $-0.0159427$ & $0.0260411$ & $0.012484$ & $-0.00281847$ & $-0.0208709$ & $-0.00861386$ & $-0.00683928$ & $-0.0140972$ & $-0.0105137$ & $0.0199282$ & $0.013407$ & $-0.00220766$ & $-0.0148357$ & $-0.010775$ & $0.0171836$ & $-0.00938241$ & $0.00250532$ & $0.00558172$ & $0.0111978$ & $-0.0109089$ & $-0.025432$ & $0.0415424$ & $0.0375755$ & $0.0107306$ & $-0.0541822$ & $0.0112422$ & $1$ & $-0.0127288$ & $-0.0201882$ & $-0.00492246$ & $-0.0217929$ & $0.000346073$ & $-0.00677964$ & $0.021048$ & $-0.0299986$ & $0.0177657$ \\
eHZgaint & $0.0285525$ & $-0.0564387$ & $0.052937$ & $0.104098$ & $0.0316605$ & $0.0289166$ & $-0.0123015$ & $0.0172097$ & $-0.00186871$ & $-0.0389375$ & $-0.0106979$ & $-0.0271715$ & $0.0154385$ & $0.00268346$ & $-0.000356434$ & $-0.0078486$ & $-0.0158002$ & $-0.0133592$ & $-0.00943969$ & $0.00726689$ & $0.0116988$ & $0.00857153$ & $-0.00861654$ & $-0.0167156$ & $-0.0077363$ & $-0.0154138$ & $0.0107006$ & $0.00366176$ & $-0.0352955$ & $-0.0334069$ & $-0.0484926$ & $-0.00756174$ & $-0.0295971$ & $0.00512613$ & $0.247389$ & $0.0839972$ & $0.131735$ & $-0.0166934$ & $0.0919127$ & $-0.0127288$ & $1$ & $0.0256926$ & $-0.176835$ & $-0.175266$ & $-0.00204835$ & $-0.00886212$ & $-0.0873284$ & $-0.0347854$ & $0.0684656$ \\
eHZgapar & $0.0274139$ & $0.0136373$ & $-0.0159129$ & $0.0176129$ & $0.020399$ & $-0.0250431$ & $-0.0147737$ & $0.0176015$ & $0.02107$ & $0.00237171$ & $-0.0239353$ & $-0.00963362$ & $0.0127858$ & $0.0198204$ & $-0.0103355$ & $-0.00372675$ & $0.0112864$ & $0.0164463$ & $0.00865747$ & $0.0212346$ & $0.0261756$ & $0.0209255$ & $-0.000803596$ & $-0.00807884$ & $0.0141277$ & $-0.018496$ & $0.0225162$ & $0.0133093$ & $-0.0113541$ & $-0.00651694$ & $0.00485555$ & $-0.0185611$ & $0.00542183$ & $0.0228646$ & $-0.0140546$ & $-0.00464141$ & $0.0741814$ & $-0.000442254$ & $-0.0210727$ & $-0.0201882$ & $0.0256926$ & $1$ & $0.0257269$ & $-0.0064014$ & $-0.0185187$ & $-0.0563767$ & $0.0441264$ & $-0.0197732$ & $0.0216552$ \\
eHgagaint & $-0.131258$ & $-7.43589e-08$ & $-0.064984$ & $-0.0482883$ & $-0.0176414$ & $-0.0490234$ & $0.00477078$ & $-0.0108806$ & $0.0518151$ & $0.0245115$ & $0.00514723$ & $0.0183187$ & $-0.00397946$ & $0.00402317$ & $-0.00194698$ & $0.0414046$ & $0.00424183$ & $0.0148484$ & $-0.0177566$ & $9.05872e-05$ & $-0.0076514$ & $-0.00302582$ & $-0.0313842$ & $0.0281597$ & $0.0162638$ & $0.0320292$ & $-0.0158047$ & $-0.00461372$ & $0.0207545$ & $0.0130387$ & $0.0269316$ & $0.00847603$ & $-0.0152$ & $-0.00793969$ & $-0.00208353$ & $0.0212748$ & $-0.0982484$ & $0.0079756$ & $-0.108229$ & $-0.00492246$ & $-0.176835$ & $0.0257269$ & $1$ & $0.0264045$ & $-0.0420785$ & $-0.0983585$ & $0.0633244$ & $-0.00701865$ & $-0.0928226$ \\
eHmumuint & $-0.0567161$ & $-0.0748301$ & $-0.0437777$ & $-0.012916$ & $-0.0258427$ & $-0.0259721$ & $0.0339183$ & $0.0098375$ & $0.015847$ & $0.029768$ & $-0.00682808$ & $0.0427114$ & $-0.0233401$ & $0.000271295$ & $0.0173746$ & $-0.00461357$ & $7.78974e-05$ & $-0.0137453$ & $0.00285266$ & $0.00332341$ & $0.00520979$ & $0.00475483$ & $-0.021063$ & $-0.0106695$ & $-0.00678564$ & $0.00136492$ & $-0.010847$ & $-0.0660437$ & $0.0151339$ & $-0.0167236$ & $-0.0461334$ & $0.033094$ & $-0.0716634$ & $-0.00707906$ & $0.04879$ & $-0.160774$ & $-0.0852471$ & $0.0109557$ & $-0.00350494$ & $-0.0217929$ & $-0.175266$ & $-0.0064014$ & $0.0264045$ & $1$ & $-0.0935931$ & $-0.0802638$ & $-0.134132$ & $0.106547$ & $-0.221543$ \\
eHtautauint & $-0.0187014$ & $-0.0436959$ & $0.19089$ & $0.0119377$ & $0.00887535$ & $0.00631753$ & $0.0143199$ & $0.0156891$ & $0.0142165$ & $-0.00446941$ & $-0.011576$ & $-0.00426393$ & $0.00589644$ & $0.0119576$ & $0.0145713$ & $-0.0102223$ & $-0.013381$ & $-0.014283$ & $0.00127911$ & $0.0109524$ & $0.0122769$ & $0.00729909$ & $0.0300278$ & $0.00162656$ & $-0.011367$ & $-0.0322793$ & $0.000389477$ & $0.0142076$ & $-0.0295933$ & $0.0639566$ & $0.00533197$ & $0.00929383$ & $0.0829197$ & $-0.00801074$ & $0.0176678$ & $-0.0715266$ & $-0.0396773$ & $-0.0377203$ & $0.0776114$ & $0.000346073$ & $-0.00204835$ & $-0.0185187$ & $-0.0420785$ & $-0.0935931$ & $1$ & $-0.0265687$ & $0.0722955$ & $-0.122353$ & $0.251004$ \\
eHccint & $-0.0516484$ & $-0.163692$ & $0.180164$ & $0.0474046$ & $0.0278693$ & $0.0292861$ & $-0.034469$ & $-0.000430913$ & $-0.00381869$ & $-0.0193349$ & $0.00855894$ & $-0.0191725$ & $0.0200599$ & $-0.00116128$ & $0.00790123$ & $-0.0200459$ & $-0.0178407$ & $-0.0136632$ & $0.00553063$ & $-0.00752939$ & $-0.0112776$ & $-0.0126708$ & $-0.0299395$ & $-0.015819$ & $-0.000845443$ & $0.0211448$ & $-0.0115369$ & $-0.0298802$ & $-0.0273112$ & $0.00633477$ & $0.0343347$ & $-0.0354967$ & $-0.0257029$ & $-0.0225669$ & $0.0466699$ & $0.098614$ & $0.0550194$ & $0.00418537$ & $-0.0145827$ & $-0.00677964$ & $-0.00886212$ & $-0.0563767$ & $-0.0983585$ & $-0.0802638$ & $-0.0265687$ & $1$ & $-0.139101$ & $-0.00398004$ & $-0.0901887$ \\
eHccpar & $0.101342$ & $0.19744$ & $0.052104$ & $-0.137806$ & $-0.0190015$ & $-0.00702741$ & $0.0166866$ & $-0.0506277$ & $-0.0438884$ & $0.0480944$ & $0.0346507$ & $0.0374184$ & $-0.0264224$ & $0.00744085$ & $-0.0383664$ & $-0.0137776$ & $0.0317071$ & $0.0520923$ & $0.031702$ & $-0.0304376$ & $-0.0309071$ & $-0.0234952$ & $-0.0114349$ & $0.0204518$ & $0.0302275$ & $0.0215332$ & $-0.00658494$ & $-0.021404$ & $0.0516044$ & $-0.00879643$ & $0.270528$ & $0.0154049$ & $0.038989$ & $0.00695629$ & $-0.0492894$ & $-0.129262$ & $0.0408005$ & $0.0115169$ & $0.083628$ & $0.021048$ & $-0.0873284$ & $0.0441264$ & $0.0633244$ & $-0.134132$ & $0.0722955$ & $-0.139101$ & $1$ & $0.184088$ & $0.07911$ \\
eHbbint & $-0.0587273$ & $-0.0094917$ & $0.026162$ & $-0.153945$ & $0.000421998$ & $-0.00892977$ & $0.0217899$ & $0.00512026$ & $0.0123206$ & $-0.00762523$ & $-0.0096815$ & $-0.0230421$ & $-0.00556235$ & $0.00975528$ & $-0.00899177$ & $-0.00147813$ & $0.0169049$ & $0.0157939$ & $0.0103108$ & $0.00612156$ & $0.0119781$ & $0.0153885$ & $0.0136574$ & $-0.00192995$ & $0.0439077$ & $-0.00720052$ & $0.0407927$ & $0.0225891$ & $0.0543854$ & $0.0134882$ & $0.0847721$ & $0.0121068$ & $0.157527$ & $0.0160529$ & $-0.119918$ & $-0.149447$ & $-0.131689$ & $0.0157897$ & $-0.0459581$ & $-0.0299986$ & $-0.0347854$ & $-0.0197732$ & $-0.00701865$ & $0.106547$ & $-0.122353$ & $-0.00398004$ & $0.184088$ & $1$ & $-0.0249146$ \\
eHbbpar & $0.129205$ & $0.0411011$ & $0.0780818$ & $-0.0864257$ & $0.0327634$ & $-0.0139642$ & $0.00354371$ & $0.00737432$ & $-0.000219385$ & $0.00626912$ & $-0.0215073$ & $-0.00293803$ & $0.00857531$ & $0.0280707$ & $0.0343007$ & $0.0115328$ & $0.0252014$ & $0.00243296$ & $0.0114002$ & $0.0232592$ & $0.0208608$ & $0.0115508$ & $0.05145$ & $0.0125434$ & $-0.00614496$ & $-0.0578128$ & $-0.0189807$ & $0.0215855$ & $0.00304926$ & $-0.00358245$ & $-0.00482554$ & $0.0181484$ & $0.382481$ & $-0.018292$ & $0.165759$ & $-0.0627606$ & $0.10913$ & $-0.0465386$ & $-0.0349366$ & $0.0177657$ & $0.0684656$ & $0.0216552$ & $-0.0928226$ & $-0.221543$ & $0.251004$ & $-0.0901887$ & $0.07911$ & $-0.0249146$ & $1$ \\
