 & AlsMz & dAle5Mz & mtop & mHl & Mz & CW & CHG & CHWB & CHWHB_gaga & CHWHB_gagaorth & CHD & CHbox & CH & CHL1_11 & CHL1_22 & CHL1_33 & CHL3_11 & CHL3_22 & CHL3_33 & CHe_11 & CHe_22 & CHe_33 & CHQ1_11 & CHQ1_33 & CHQ3_11 & CHu_11 & CHd_11 & CHd_33 & CeH_22r & CeH_33r & CuH_22r & CuH_33r & CdH_33r & CLL_1221 & eHggint & eHggpar & eHWWint & eHWWpar & eHZZint & eHZZpar & eHZgaint & eHZgapar & eHgagaint & eHmumuint & eHtautauint & eHccint & eHccpar & eHbbint & eHbbpar \\
AlsMz & $1$ & $0.169482$ & $0.0242056$ & $-0.441719$ & $-0.0927881$ & $-0.132963$ & $0.0616536$ & $0.391603$ & $0.389156$ & $-0.431107$ & $-0.253583$ & $-0.278747$ & $-0.131228$ & $-0.252869$ & $0.0138393$ & $-0.155016$ & $-0.284809$ & $-0.239937$ & $-0.159179$ & $0.23246$ & $0.200412$ & $0.157256$ & $0.214943$ & $-0.233316$ & $-0.200535$ & $-0.0948066$ & $0.393664$ & $0.189552$ & $0.0045229$ & $-0.00529888$ & $0.00943019$ & $0.0560853$ & $-0.000757476$ & $0.278339$ & $0.261695$ & $-0.273592$ & $-0.226833$ & $-0.282048$ & $-0.29911$ & $0.355256$ & $0.309441$ & $0.00706948$ & $-0.24275$ & $0.169957$ & $0.117051$ & $-0.424187$ & $-0.0253745$ & $0.151951$ & $-0.205118$ \\
dAle5Mz & $0.169482$ & $1$ & $0.153801$ & $-0.474587$ & $0.204844$ & $-0.0935414$ & $0.10238$ & $0.0659634$ & $0.0742901$ & $-0.0625613$ & $-0.0621054$ & $0.341663$ & $0.495042$ & $-0.0805981$ & $0.0725333$ & $0.227235$ & $-0.0485331$ & $-0.059376$ & $-0.153875$ & $0.117707$ & $-0.13176$ & $-0.00249536$ & $0.353498$ & $0.0400505$ & $-0.122222$ & $-0.407162$ & $-0.240593$ & $0.0671389$ & $0.0205175$ & $0.0878406$ & $0.0400483$ & $0.309037$ & $0.100226$ & $-0.00144671$ & $0.576382$ & $0.218757$ & $0.0353124$ & $0.380441$ & $-0.360871$ & $-0.301771$ & $-0.188464$ & $0.371387$ & $-0.257732$ & $0.272902$ & $0.368217$ & $-0.191964$ & $0.35576$ & $-0.519607$ & $0.161509$ \\
mtop & $0.0242056$ & $0.153801$ & $1$ & $-0.121569$ & $-0.403176$ & $0.0342795$ & $-0.117807$ & $0.0280789$ & $0.0338705$ & $-0.114236$ & $0.0142629$ & $0.326199$ & $0.359386$ & $-0.118426$ & $0.148532$ & $0.159734$ & $-0.160744$ & $-0.218389$ & $-0.193844$ & $0.0467282$ & $-0.0948608$ & $0.0315741$ & $0.084633$ & $-0.0241235$ & $-0.281423$ & $-0.211819$ & $-0.474945$ & $0.0642458$ & $0.0225041$ & $0.0911383$ & $-0.00772205$ & $-0.131441$ & $0.0827391$ & $-0.1594$ & $0.106646$ & $0.393759$ & $0.235526$ & $0.0052072$ & $0.137206$ & $0.129919$ & $-0.577114$ & $0.589137$ & $0.230964$ & $0.0132768$ & $0.0291783$ & $-0.155066$ & $-0.284024$ & $0.275254$ & $-0.340865$ \\
mHl & $-0.441719$ & $-0.474587$ & $-0.121569$ & $1$ & $-0.419261$ & $0.0141099$ & $-0.142925$ & $-0.086235$ & $-0.0924086$ & $0.0354212$ & $0.0972967$ & $0.0246698$ & $0.0301263$ & $-0.0400277$ & $-0.0629005$ & $-0.0228926$ & $0.021597$ & $0.0545086$ & $0.00543202$ & $-0.0816297$ & $-0.0129874$ & $-0.115025$ & $-0.209698$ & $-0.0739964$ & $-0.00733469$ & $0.180965$ & $-0.0861607$ & $-0.215353$ & $-0.0170825$ & $-0.0472856$ & $-0.0317719$ & $-0.298639$ & $-0.0536222$ & $0.000444006$ & $-0.485357$ & $-0.145605$ & $0.306889$ & $0.289524$ & $0.371094$ & $-0.371902$ & $-0.00613047$ & $-0.0560618$ & $0.0522342$ & $-0.234052$ & $-0.00394717$ & $0.306263$ & $-0.148489$ & $0.352939$ & $-0.35778$ \\
Mz & $-0.0927881$ & $0.204844$ & $-0.403176$ & $-0.419261$ & $1$ & $0.00717678$ & $0.327296$ & $-0.0926702$ & $-0.0949894$ & $0.198321$ & $0.00337562$ & $-0.274743$ & $-0.0886697$ & $0.267799$ & $-0.158842$ & $-0.16013$ & $0.255976$ & $0.252857$ & $0.277992$ & $-0.107613$ & $0.0959225$ & $0.136934$ & $0.254861$ & $0.116659$ & $0.19371$ & $-0.199043$ & $0.0156991$ & $0.0797813$ & $-0.0152512$ & $-0.0609945$ & $0.0210758$ & $0.539804$ & $-0.0517415$ & $0.0690556$ & $0.143914$ & $0.0455969$ & $-0.310756$ & $-0.203135$ & $0.0552883$ & $0.207638$ & $0.265778$ & $-0.223848$ & $-0.098419$ & $0.286601$ & $-0.301121$ & $0.117001$ & $0.508559$ & $-0.473704$ & $0.357049$ \\
CW & $-0.132963$ & $-0.0935414$ & $0.0342795$ & $0.0141099$ & $0.00717678$ & $1$ & $-0.0110909$ & $-0.164983$ & $-0.162405$ & $0.0660928$ & $0.149386$ & $0.0293052$ & $0.00139291$ & $0.258004$ & $-0.0824422$ & $0.0808241$ & $-0.121609$ & $0.100454$ & $-0.0282052$ & $-0.154679$ & $-0.093068$ & $-0.0769222$ & $-0.108175$ & $0.147358$ & $0.0380789$ & $0.163702$ & $-0.0841637$ & $0.0548312$ & $0.00483407$ & $0.0274449$ & $0.011914$ & $0.00608813$ & $0.0492972$ & $-0.144785$ & $-0.0812855$ & $0.0352919$ & $0.111076$ & $-0.0165941$ & $0.0156938$ & $0.0167642$ & $-0.0592015$ & $-0.0453589$ & $0.15697$ & $-0.0819915$ & $-0.101525$ & $0.0188746$ & $-0.098454$ & $0.059535$ & $0.0808563$ \\
CHG & $0.0616536$ & $0.10238$ & $-0.117807$ & $-0.142925$ & $0.327296$ & $-0.0110909$ & $1$ & $-0.124806$ & $-0.0974019$ & $0.0756831$ & $0.110512$ & $-0.218615$ & $-0.0987996$ & $0.0500534$ & $-0.191069$ & $-0.143166$ & $0.112546$ & $0.126216$ & $0.154641$ & $-0.134691$ & $0.0594979$ & $-0.0133053$ & $0.125363$ & $0.0296091$ & $0.0770066$ & $-0.108294$ & $0.00263929$ & $0.0496574$ & $0.0430562$ & $-0.361933$ & $-0.220221$ & $0.529455$ & $-0.494586$ & $0.00555338$ & $0.132892$ & $-0.044738$ & $-0.0696874$ & $-0.117077$ & $0.171519$ & $0.131422$ & $0.191181$ & $-0.156548$ & $0.020255$ & $-0.0184742$ & $-0.12962$ & $0.187817$ & $0.311295$ & $-0.158164$ & $0.101674$ \\
CHWB & $0.391603$ & $0.0659634$ & $0.0280789$ & $-0.086235$ & $-0.0926702$ & $-0.164983$ & $-0.124806$ & $1$ & $0.989585$ & $-0.495365$ & $-0.871875$ & $-0.107088$ & $0.0845116$ & $-0.201493$ & $0.195696$ & $0.0838664$ & $-0.508716$ & $-0.45589$ & $-0.463189$ & $0.822641$ & $0.478216$ & $0.516848$ & $-0.0148581$ & $-0.529651$ & $-0.513747$ & $-0.0503867$ & $0.308758$ & $-0.0611418$ & $0.0150002$ & $0.0179649$ & $0.0117589$ & $-0.227523$ & $-0.00228822$ & $0.562312$ & $0.0607464$ & $-0.0680364$ & $-0.107964$ & $-0.0442319$ & $-0.170342$ & $-0.0567167$ & $-0.0314897$ & $0.13404$ & $-0.293573$ & $0.237474$ & $0.0940955$ & $-0.263293$ & $0.0298017$ & $0.0779223$ & $-0.249005$ \\
CHWHB_gaga & $0.389156$ & $0.0742901$ & $0.0338705$ & $-0.0924086$ & $-0.0949894$ & $-0.162405$ & $-0.0974019$ & $0.989585$ & $1$ & $-0.499093$ & $-0.860625$ & $-0.0866542$ & $0.0876833$ & $-0.207646$ & $0.199837$ & $0.0870576$ & $-0.511648$ & $-0.45859$ & $-0.466087$ & $0.818058$ & $0.466383$ & $0.511025$ & $-0.0136197$ & $-0.526428$ & $-0.513882$ & $-0.0544274$ & $0.300849$ & $-0.0573462$ & $0.0207056$ & $0.0395393$ & $0.0223286$ & $-0.217694$ & $0.0223505$ & $0.549911$ & $0.067015$ & $-0.0667222$ & $-0.100575$ & $-0.0374976$ & $-0.172112$ & $-0.0559092$ & $-0.0379504$ & $0.13938$ & $-0.284837$ & $0.22832$ & $0.0960731$ & $-0.257856$ & $0.0345815$ & $0.0745242$ & $-0.241908$ \\
CHWHB_gagaorth & $-0.431107$ & $-0.0625613$ & $-0.114236$ & $0.0354212$ & $0.198321$ & $0.0660928$ & $0.0756831$ & $-0.495365$ & $-0.499093$ & $1$ & $0.161221$ & $0.100698$ & $-0.0465493$ & $0.651821$ & $-0.0220963$ & $0.0855755$ & $0.739138$ & $0.517772$ & $0.493946$ & $-0.278354$ & $-0.111704$ & $-0.14383$ & $0.0896747$ & $0.511612$ & $0.609525$ & $-0.0837256$ & $-0.176929$ & $0.0302112$ & $-0.028669$ & $-0.125006$ & $-0.0438056$ & $0.0788722$ & $-0.140955$ & $-0.267776$ & $-0.26453$ & $0.29432$ & $0.176086$ & $0.0248928$ & $0.171589$ & $-0.0913024$ & $-0.152852$ & $0.0107173$ & $0.0950336$ & $0.170674$ & $-0.2455$ & $0.0466468$ & $0.0881952$ & $-0.189203$ & $0.14019$ \\
CHD & $-0.253583$ & $-0.0621054$ & $0.0142629$ & $0.0972967$ & $0.00337562$ & $0.149386$ & $0.110512$ & $-0.871875$ & $-0.860625$ & $0.161221$ & $1$ & $0.122153$ & $-0.0732835$ & $-0.161596$ & $-0.209681$ & $-0.158897$ & $0.146222$ & $0.202213$ & $0.222663$ & $-0.846055$ & $-0.517662$ & $-0.541109$ & $-0.02355$ & $0.309212$ & $0.218927$ & $0.11494$ & $-0.265257$ & $0.0726603$ & $-0.00868052$ & $0.0110114$ & $0.00391751$ & $0.237247$ & $0.0320947$ & $-0.445811$ & $0.0697262$ & $-0.0538728$ & $0.0317679$ & $0.0436143$ & $0.132089$ & $0.103479$ & $0.12$ & $-0.183634$ & $0.315802$ & $-0.376052$ & $0.00761238$ & $0.292512$ & $-0.0854645$ & $-0.0141878$ & $0.223036$ \\
CHbox & $-0.278747$ & $0.341663$ & $0.326199$ & $0.0246698$ & $-0.274743$ & $0.0293052$ & $-0.218615$ & $-0.107088$ & $-0.0866542$ & $0.100698$ & $0.122153$ & $1$ & $0.56463$ & $-0.192963$ & $0.375913$ & $0.337785$ & $-0.187265$ & $-0.285294$ & $-0.334337$ & $0.126773$ & $-0.338812$ & $-0.12506$ & $0.123939$ & $0.0691526$ & $-0.255349$ & $-0.149504$ & $-0.502378$ & $0.0448044$ & $0.0360034$ & $0.227617$ & $0.0496702$ & $-0.0494377$ & $0.221733$ & $-0.418077$ & $0.142027$ & $0.300866$ & $0.370725$ & $0.576699$ & $-0.207433$ & $-0.407355$ & $-0.49386$ & $0.46629$ & $0.201818$ & $-0.156056$ & $0.272191$ & $-0.0564962$ & $-0.0233806$ & $-0.226141$ & $0.0934253$ \\
CH & $-0.131228$ & $0.495042$ & $0.359386$ & $0.0301263$ & $-0.0886697$ & $0.00139291$ & $-0.0987996$ & $0.0845116$ & $0.0876833$ & $-0.0465493$ & $-0.0732835$ & $0.56463$ & $1$ & $-0.0563686$ & $0.371929$ & $0.296137$ & $-0.123475$ & $-0.313567$ & $-0.266108$ & $0.132752$ & $-0.179524$ & $-0.0599065$ & $0.157208$ & $-0.00719457$ & $-0.304766$ & $-0.233316$ & $-0.559694$ & $-0.0380648$ & $0.0251362$ & $0.0752524$ & $0.0433452$ & $-0.0794488$ & $0.0796227$ & $-0.24083$ & $0.158377$ & $0.349885$ & $0.249388$ & $0.557792$ & $-0.27753$ & $-0.565485$ & $-0.409559$ & $0.583188$ & $-0.0535038$ & $0.143674$ & $0.26176$ & $-0.300473$ & $-0.0484006$ & $-0.288556$ & $-0.0574897$ \\
CHL1_11 & $-0.252869$ & $-0.0805981$ & $-0.118426$ & $-0.0400277$ & $0.267799$ & $0.258004$ & $0.0500534$ & $-0.201493$ & $-0.207646$ & $0.651821$ & $-0.161596$ & $-0.192963$ & $-0.0563686$ & $1$ & $-0.0448294$ & $0.0855575$ & $0.548869$ & $0.513764$ & $0.47604$ & $-0.0828592$ & $0.0978952$ & $0.0581329$ & $0.0282441$ & $0.42109$ & $0.559045$ & $-0.0384316$ & $-0.0324352$ & $-0.00843995$ & $-0.010946$ & $-0.0421876$ & $-0.0162773$ & $0.00614929$ & $-0.0325752$ & $-0.111206$ & $-0.27022$ & $0.221126$ & $0.0771352$ & $-0.116915$ & $0.120976$ & $-0.00689823$ & $-0.0971132$ & $-0.0110427$ & $-0.0553896$ & $0.305341$ & $-0.279534$ & $-0.0526662$ & $0.0883193$ & $-0.110395$ & $0.0562273$ \\
CHL1_22 & $0.0138393$ & $0.0725333$ & $0.148532$ & $-0.0629005$ & $-0.158842$ & $-0.0824422$ & $-0.191069$ & $0.195696$ & $0.199837$ & $-0.0220963$ & $-0.209681$ & $0.375913$ & $0.371929$ & $-0.0448294$ & $1$ & $0.221277$ & $-0.120172$ & $-0.613576$ & $-0.260969$ & $0.284036$ & $-0.104521$ & $0.0891972$ & $-0.0784249$ & $0.0382374$ & $-0.241787$ & $0.116557$ & $-0.28014$ & $-0.0904861$ & $0.010723$ & $0.0702105$ & $0.0247113$ & $-0.259612$ & $0.0559746$ & $-0.467718$ & $-0.114086$ & $0.150027$ & $0.139061$ & $0.275871$ & $-0.195747$ & $-0.248716$ & $-0.208287$ & $0.420968$ & $0.119715$ & $-0.00888745$ & $0.0313916$ & $-0.322452$ & $-0.160338$ & $0.0273535$ & $-0.0395587$ \\
CHL1_33 & $-0.155016$ & $0.227235$ & $0.159734$ & $-0.0228926$ & $-0.16013$ & $0.0808241$ & $-0.143166$ & $0.0838664$ & $0.0870576$ & $0.0855755$ & $-0.158897$ & $0.337785$ & $0.296137$ & $0.0855575$ & $0.221277$ & $1$ & $-0.0259267$ & $-0.0993888$ & $-0.466483$ & $0.195278$ & $-0.108095$ & $-0.195152$ & $-0.0242117$ & $0.160427$ & $-0.0945486$ & $-0.00731491$ & $-0.307342$ & $-0.115355$ & $0.0156663$ & $0.0484547$ & $0.00690149$ & $-0.17818$ & $0.0443988$ & $-0.133264$ & $0.166674$ & $0.166707$ & $0.0605575$ & $0.336061$ & $-0.238285$ & $-0.247119$ & $-0.322964$ & $0.151711$ & $-0.0484187$ & $-0.00591998$ & $0.247282$ & $-0.0638449$ & $-0.0219668$ & $-0.197149$ & $0.151025$ \\
CHL3_11 & $-0.284809$ & $-0.0485331$ & $-0.160744$ & $0.021597$ & $0.255976$ & $-0.121609$ & $0.112546$ & $-0.508716$ & $-0.511648$ & $0.739138$ & $0.146222$ & $-0.187265$ & $-0.123475$ & $0.548869$ & $-0.120172$ & $-0.0259267$ & $1$ & $0.615651$ & $0.641788$ & $-0.35028$ & $-0.0384692$ & $-0.132845$ & $0.0894852$ & $0.494068$ & $0.730069$ & $-0.124697$ & $-0.053568$ & $-0.0164012$ & $-0.0268883$ & $-0.0772062$ & $-0.0249104$ & $0.0960885$ & $-0.0715999$ & $-0.119209$ & $-0.21268$ & $0.160504$ & $0.0477025$ & $-0.0974747$ & $0.17355$ & $0.00191944$ & $-0.0118102$ & $-0.0679731$ & $-0.0242338$ & $0.213986$ & $-0.215671$ & $0.0515778$ & $0.108282$ & $-0.135412$ & $0.10839$ \\
CHL3_22 & $-0.239937$ & $-0.059376$ & $-0.218389$ & $0.0545086$ & $0.252857$ & $0.100454$ & $0.126216$ & $-0.45589$ & $-0.45859$ & $0.517772$ & $0.202213$ & $-0.285294$ & $-0.313567$ & $0.513764$ & $-0.613576$ & $-0.0993888$ & $0.615651$ & $1$ & $0.603089$ & $-0.342787$ & $-0.0514721$ & $-0.15602$ & $0.127632$ & $0.376654$ & $0.733444$ & $-0.153146$ & $0.182304$ & $0.0527487$ & $-0.0246264$ & $-0.0798782$ & $-0.0324834$ & $0.120572$ & $-0.0720917$ & $0.329679$ & $-0.11378$ & $0.0612412$ & $-0.0104521$ & $-0.239384$ & $0.213346$ & $0.115794$ & $0.0345363$ & $-0.316749$ & $-0.133702$ & $0.236163$ & $-0.165857$ & $0.208375$ & $0.153128$ & $-0.135896$ & $0.113788$ \\
CHL3_33 & $-0.159179$ & $-0.153875$ & $-0.193844$ & $0.00543202$ & $0.277992$ & $-0.0282052$ & $0.154641$ & $-0.463189$ & $-0.466087$ & $0.493946$ & $0.222663$ & $-0.334337$ & $-0.266108$ & $0.47604$ & $-0.260969$ & $-0.466483$ & $0.641788$ & $0.603089$ & $1$ & $-0.363221$ & $-0.0248488$ & $-0.0835594$ & $0.0549262$ & $0.357341$ & $0.692468$ & $-0.0724526$ & $0.124309$ & $0.0425493$ & $-0.0273996$ & $-0.100829$ & $-0.00960222$ & $0.13178$ & $-0.0913226$ & $-0.037781$ & $-0.269273$ & $0.0448903$ & $0.0105256$ & $-0.263399$ & $0.238271$ & $0.137572$ & $0.151323$ & $-0.154665$ & $-0.0171385$ & $0.187743$ & $-0.310411$ & $0.0769833$ & $0.0838144$ & $-0.00287211$ & $0.0291571$ \\
CHe_11 & $0.23246$ & $0.117707$ & $0.0467282$ & $-0.0816297$ & $-0.107613$ & $-0.154679$ & $-0.134691$ & $0.822641$ & $0.818058$ & $-0.278354$ & $-0.846055$ & $0.126773$ & $0.132752$ & $-0.0828592$ & $0.284036$ & $0.195278$ & $-0.35028$ & $-0.342787$ & $-0.363221$ & $1$ & $0.435709$ & $0.519664$ & $0.00791149$ & $-0.372428$ & $-0.3738$ & $-0.0857949$ & $0.178535$ & $-0.0311147$ & $0.0154411$ & $-0.0200197$ & $-0.00707149$ & $-0.226017$ & $-0.042384$ & $0.2996$ & $0.00533742$ & $0.058043$ & $0.0376447$ & $0.0909253$ & $-0.180023$ & $-0.155781$ & $-0.175697$ & $0.242917$ & $-0.224226$ & $0.228647$ & $0.0869571$ & $-0.256863$ & $0.0629232$ & $0.00716002$ & $-0.197458$ \\
CHe_22 & $0.200412$ & $-0.13176$ & $-0.0948608$ & $-0.0129874$ & $0.0959225$ & $-0.093068$ & $0.0594979$ & $0.478216$ & $0.466383$ & $-0.111704$ & $-0.517662$ & $-0.338812$ & $-0.179524$ & $0.0978952$ & $-0.104521$ & $-0.108095$ & $-0.0384692$ & $-0.0514721$ & $-0.0248488$ & $0.435709$ & $1$ & $0.449468$ & $-0.0618391$ & $-0.304693$ & $-0.13964$ & $0.0514906$ & $0.319868$ & $-0.0148999$ & $-0.0101045$ & $-0.0774412$ & $-0.0139265$ & $0.0168399$ & $-0.0817436$ & $0.329696$ & $-0.0942839$ & $-0.0156483$ & $-0.0557182$ & $-0.223467$ & $0.150602$ & $0.109557$ & $0.0806521$ & $-0.0550127$ & $-0.207141$ & $0.153337$ & $-0.0972573$ & $-0.0381778$ & $0.106224$ & $0.0720725$ & $-0.243871$ \\
CHe_33 & $0.157256$ & $-0.00249536$ & $0.0315741$ & $-0.115025$ & $0.136934$ & $-0.0769222$ & $-0.0133053$ & $0.516848$ & $0.511025$ & $-0.14383$ & $-0.541109$ & $-0.12506$ & $-0.0599065$ & $0.0581329$ & $0.0891972$ & $-0.195152$ & $-0.132845$ & $-0.15602$ & $-0.0835594$ & $0.519664$ & $0.449468$ & $1$ & $0.00615709$ & $-0.310654$ & $-0.205705$ & $-0.059977$ & $0.228197$ & $0.0352057$ & $-0.00193694$ & $-0.0220158$ & $0.00565685$ & $-0.037063$ & $-0.0264587$ & $0.25158$ & $-0.0730414$ & $0.0448753$ & $-0.0632655$ & $-0.148119$ & $0.0546191$ & $0.0535986$ & $-0.0744429$ & $0.181104$ & $-0.175364$ & $0.282919$ & $-0.12171$ & $-0.200706$ & $0.11978$ & $0.0631467$ & $-0.224166$ \\
CHQ1_11 & $0.214943$ & $0.353498$ & $0.084633$ & $-0.209698$ & $0.254861$ & $-0.108175$ & $0.125363$ & $-0.0148581$ & $-0.0136197$ & $0.0896747$ & $-0.02355$ & $0.123939$ & $0.157208$ & $0.0282441$ & $-0.0784249$ & $-0.0242117$ & $0.0894852$ & $0.127632$ & $0.0549262$ & $0.00791149$ & $-0.0618391$ & $0.00615709$ & $1$ & $0.0366877$ & $0.0359511$ & $-0.61616$ & $-0.0224523$ & $0.120426$ & $-0.0104547$ & $0.0334872$ & $0.0208486$ & $0.278729$ & $0.0207454$ & $0.0835914$ & $0.224369$ & $0.0370868$ & $-0.162536$ & $0.136935$ & $-0.133586$ & $0.0330016$ & $-0.0140005$ & $0.232639$ & $-0.173321$ & $0.322855$ & $0.0590326$ & $-0.0515936$ & $0.330501$ & $-0.323073$ & $-0.0817591$ \\
CHQ1_33 & $-0.233316$ & $0.0400505$ & $-0.0241235$ & $-0.0739964$ & $0.116659$ & $0.147358$ & $0.0296091$ & $-0.529651$ & $-0.526428$ & $0.511612$ & $0.309212$ & $0.0691526$ & $-0.00719457$ & $0.42109$ & $0.0382374$ & $0.160427$ & $0.494068$ & $0.376654$ & $0.357341$ & $-0.372428$ & $-0.304693$ & $-0.310654$ & $0.0366877$ & $1$ & $0.449735$ & $-0.0121671$ & $-0.195262$ & $0.120872$ & $-0.0113816$ & $-0.00917378$ & $0.0140803$ & $0.0554681$ & $0.00412118$ & $-0.331168$ & $-0.0941831$ & $0.140625$ & $0.0898178$ & $0.0278314$ & $-0.0337633$ & $-0.0156331$ & $-0.0766911$ & $-0.00754772$ & $0.0987609$ & $0.0440851$ & $-0.089079$ & $0.0245875$ & $-0.014145$ & $-0.123564$ & $0.210054$ \\
CHQ3_11 & $-0.200535$ & $-0.122222$ & $-0.281423$ & $-0.00733469$ & $0.19371$ & $0.0380789$ & $0.0770066$ & $-0.513747$ & $-0.513882$ & $0.609525$ & $0.218927$ & $-0.255349$ & $-0.304766$ & $0.559045$ & $-0.241787$ & $-0.0945486$ & $0.730069$ & $0.733444$ & $0.692468$ & $-0.3738$ & $-0.13964$ & $-0.205705$ & $0.0359511$ & $0.449735$ & $1$ & $-0.0887256$ & $0.252353$ & $0.00734726$ & $-0.0256971$ & $-0.071277$ & $-0.0182301$ & $0.0273119$ & $-0.063132$ & $-0.00840047$ & $-0.249247$ & $0.0609016$ & $-0.00265912$ & $-0.222795$ & $0.131372$ & $0.0854636$ & $0.0676443$ & $-0.235716$ & $-0.0879784$ & $0.233236$ & $-0.235244$ & $0.0805212$ & $0.0517103$ & $-0.100146$ & $0.139252$ \\
CHu_11 & $-0.0948066$ & $-0.407162$ & $-0.211819$ & $0.180965$ & $-0.199043$ & $0.163702$ & $-0.108294$ & $-0.0503867$ & $-0.0544274$ & $-0.0837256$ & $0.11494$ & $-0.149504$ & $-0.233316$ & $-0.0384316$ & $0.116557$ & $-0.00731491$ & $-0.124697$ & $-0.153146$ & $-0.0724526$ & $-0.0857949$ & $0.0514906$ & $-0.059977$ & $-0.61616$ & $-0.0121671$ & $-0.0887256$ & $1$ & $0.190875$ & $-0.0723171$ & $0.00175028$ & $-0.0489275$ & $-0.0284757$ & $-0.266347$ & $-0.0504183$ & $-0.14891$ & $-0.264684$ & $-0.0917232$ & $0.0643164$ & $-0.241355$ & $0.151018$ & $0.059349$ & $0.0660646$ & $-0.328863$ & $0.0739805$ & $-0.221038$ & $-0.152187$ & $0.0373321$ & $-0.353375$ & $0.230678$ & $0.0176026$ \\
CHd_11 & $0.393664$ & $-0.240593$ & $-0.474945$ & $-0.0861607$ & $0.0156991$ & $-0.0841637$ & $0.00263929$ & $0.308758$ & $0.300849$ & $-0.176929$ & $-0.265257$ & $-0.502378$ & $-0.559694$ & $-0.0324352$ & $-0.28014$ & $-0.307342$ & $-0.053568$ & $0.182304$ & $0.124309$ & $0.178535$ & $0.319868$ & $0.228197$ & $-0.0224523$ & $-0.195262$ & $0.252353$ & $0.190875$ & $1$ & $0.000697843$ & $-0.016958$ & $-0.0721303$ & $-0.0141314$ & $-0.125617$ & $-0.081558$ & $0.526022$ & $-0.186291$ & $-0.282886$ & $-0.249613$ & $-0.495321$ & $0.000845155$ & $0.244472$ & $0.320312$ & $-0.429995$ & $-0.380107$ & $0.282234$ & $-0.17887$ & $-0.0359201$ & $-0.00797757$ & $0.0684713$ & $-0.105381$ \\
CHd_33 & $0.189552$ & $0.0671389$ & $0.0642458$ & $-0.215353$ & $0.0797813$ & $0.0548312$ & $0.0496574$ & $-0.0611418$ & $-0.0573462$ & $0.0302112$ & $0.0726603$ & $0.0448044$ & $-0.0380648$ & $-0.00843995$ & $-0.0904861$ & $-0.115355$ & $-0.0164012$ & $0.0527487$ & $0.0425493$ & $-0.0311147$ & $-0.0148999$ & $0.0352057$ & $0.120426$ & $0.120872$ & $0.00734726$ & $-0.0723171$ & $0.000697843$ & $1$ & $0.00881974$ & $0.0458985$ & $0.0159728$ & $0.163346$ & $0.0505028$ & $-0.00803227$ & $0.193858$ & $0.108356$ & $0.0117181$ & $-0.0925443$ & $-0.0766906$ & $0.156198$ & $0.0135548$ & $-0.0336099$ & $0.058338$ & $0.0472693$ & $0.0461853$ & $-0.0831312$ & $0.043454$ & $-0.0134047$ & $0.0302456$ \\
CeH_22r & $0.0045229$ & $0.0205175$ & $0.0225041$ & $-0.0170825$ & $-0.0152512$ & $0.00483407$ & $0.0430562$ & $0.0150002$ & $0.0207056$ & $-0.028669$ & $-0.00868052$ & $0.0360034$ & $0.0251362$ & $-0.010946$ & $0.010723$ & $0.0156663$ & $-0.0268883$ & $-0.0246264$ & $-0.0273996$ & $0.0154411$ & $-0.0101045$ & $-0.00193694$ & $-0.0104547$ & $-0.0113816$ & $-0.0256971$ & $0.00175028$ & $-0.016958$ & $0.00881974$ & $1$ & $0.031077$ & $0.019241$ & $-0.00476028$ & $0.0378283$ & $-0.00814212$ & $0.0213968$ & $0.00684585$ & $0.00638168$ & $0.0143307$ & $-0.0194935$ & $-0.00876725$ & $-0.0191359$ & $0.0154478$ & $0.0129559$ & $-0.0113673$ & $0.0250967$ & $-0.0141609$ & $-0.010168$ & $0.000558706$ & $0.00759778$ \\
CeH_33r & $-0.00529888$ & $0.0878406$ & $0.0911383$ & $-0.0472856$ & $-0.0609945$ & $0.0274449$ & $-0.361933$ & $0.0179649$ & $0.0395393$ & $-0.125006$ & $0.0110114$ & $0.227617$ & $0.0752524$ & $-0.0421876$ & $0.0702105$ & $0.0484547$ & $-0.0772062$ & $-0.0798782$ & $-0.100829$ & $-0.0200197$ & $-0.0774412$ & $-0.0220158$ & $0.0334872$ & $-0.00917378$ & $-0.071277$ & $-0.0489275$ & $-0.0721303$ & $0.0458985$ & $0.031077$ & $1$ & $0.282992$ & $-0.00641302$ & $0.68174$ & $-0.0313089$ & $0.0909285$ & $0.00990655$ & $0.0548572$ & $0.0898378$ & $-0.0789681$ & $-0.0230899$ & $-0.0936894$ & $0.0858253$ & $0.0507086$ & $-0.0650505$ & $0.0982436$ & $-0.00402407$ & $-0.00803064$ & $-0.02657$ & $0.0456829$ \\
CuH_22r & $0.00943019$ & $0.0400483$ & $-0.00772205$ & $-0.0317719$ & $0.0210758$ & $0.011914$ & $-0.220221$ & $0.0117589$ & $0.0223286$ & $-0.0438056$ & $0.00391751$ & $0.0496702$ & $0.0433452$ & $-0.0162773$ & $0.0247113$ & $0.00690149$ & $-0.0249104$ & $-0.0324834$ & $-0.00960222$ & $-0.00707149$ & $-0.0139265$ & $0.00565685$ & $0.0208486$ & $0.0140803$ & $-0.0182301$ & $-0.0284757$ & $-0.0141314$ & $0.0159728$ & $0.019241$ & $0.282992$ & $1$ & $0.00209446$ & $0.357361$ & $-0.00526777$ & $0.0364391$ & $-0.0104989$ & $-0.0112289$ & $0.0301856$ & $-0.0610807$ & $-0.0121885$ & $0.0145646$ & $0.0197686$ & $0.01351$ & $-0.0157684$ & $0.0307425$ & $-0.0427533$ & $0.000486721$ & $-0.0311389$ & $0.0317453$ \\
CuH_33r & $0.0560853$ & $0.309037$ & $-0.131441$ & $-0.298639$ & $0.539804$ & $0.00608813$ & $0.529455$ & $-0.227523$ & $-0.217694$ & $0.0788722$ & $0.237247$ & $-0.0494377$ & $-0.0794488$ & $0.00614929$ & $-0.259612$ & $-0.17818$ & $0.0960885$ & $0.120572$ & $0.13178$ & $-0.226017$ & $0.0168399$ & $-0.037063$ & $0.278729$ & $0.0554681$ & $0.0273119$ & $-0.266347$ & $-0.125617$ & $0.163346$ & $-0.00476028$ & $-0.00641302$ & $0.00209446$ & $1$ & $0.00663022$ & $-0.0749355$ & $0.356532$ & $-0.067448$ & $-0.0321504$ & $-0.0403152$ & $0.215716$ & $0.17021$ & $0.236233$ & $-0.169018$ & $0.140361$ & $-0.152457$ & $-0.0979712$ & $0.364953$ & $0.583998$ & $-0.35216$ & $0.271716$ \\
CdH_33r & $-0.000757476$ & $0.100226$ & $0.0827391$ & $-0.0536222$ & $-0.0517415$ & $0.0492972$ & $-0.494586$ & $-0.00228822$ & $0.0223505$ & $-0.140955$ & $0.0320947$ & $0.221733$ & $0.0796227$ & $-0.0325752$ & $0.0559746$ & $0.0443988$ & $-0.0715999$ & $-0.0720917$ & $-0.0913226$ & $-0.042384$ & $-0.0817436$ & $-0.0264587$ & $0.0207454$ & $0.00412118$ & $-0.063132$ & $-0.0504183$ & $-0.081558$ & $0.0505028$ & $0.0378283$ & $0.68174$ & $0.357361$ & $0.00663022$ & $1$ & $-0.0424149$ & $0.0951156$ & $-0.0135332$ & $0.0655959$ & $0.0967006$ & $-0.0930998$ & $-0.0222941$ & $-0.0784431$ & $0.0913742$ & $0.0555954$ & $-0.0752038$ & $0.1042$ & $0.00044339$ & $-0.00540178$ & $-0.0177929$ & $0.0612306$ \\
CLL_1221 & $0.278339$ & $-0.00144671$ & $-0.1594$ & $0.000444006$ & $0.0690556$ & $-0.144785$ & $0.00555338$ & $0.562312$ & $0.549911$ & $-0.267776$ & $-0.445811$ & $-0.418077$ & $-0.24083$ & $-0.111206$ & $-0.467718$ & $-0.133264$ & $-0.119209$ & $0.329679$ & $-0.037781$ & $0.2996$ & $0.329696$ & $0.25158$ & $0.0835914$ & $-0.331168$ & $-0.00840047$ & $-0.14891$ & $0.526022$ & $-0.00803227$ & $-0.00814212$ & $-0.0313089$ & $-0.00526777$ & $-0.0749355$ & $-0.0424149$ & $1$ & $0.0770594$ & $-0.151912$ & $-0.210155$ & $-0.299793$ & $0.0282147$ & $0.12095$ & $0.129745$ & $-0.261292$ & $-0.390757$ & $0.311694$ & $0.0304067$ & $0.00119555$ & $0.11567$ & $0.0130073$ & $-0.147454$ \\
eHggint & $0.261695$ & $0.576382$ & $0.106646$ & $-0.485357$ & $0.143914$ & $-0.0812855$ & $0.132892$ & $0.0607464$ & $0.067015$ & $-0.26453$ & $0.0697262$ & $0.142027$ & $0.158377$ & $-0.27022$ & $-0.114086$ & $0.166674$ & $-0.21268$ & $-0.11378$ & $-0.269273$ & $0.00533742$ & $-0.0942839$ & $-0.0730414$ & $0.224369$ & $-0.0941831$ & $-0.249247$ & $-0.264684$ & $-0.186291$ & $0.193858$ & $0.0213968$ & $0.0909285$ & $0.0364391$ & $0.356532$ & $0.0951156$ & $0.0770594$ & $1$ & $0.107113$ & $-0.314245$ & $0.153658$ & $-0.342792$ & $0.0486337$ & $0.0186524$ & $-0.108726$ & $-0.176286$ & $-0.058891$ & $0.597205$ & $0.00221105$ & $0.315821$ & $-0.509044$ & $0.409481$ \\
eHggpar & $-0.273592$ & $0.218757$ & $0.393759$ & $-0.145605$ & $0.0455969$ & $0.0352919$ & $-0.044738$ & $-0.0680364$ & $-0.0667222$ & $0.29432$ & $-0.0538728$ & $0.300866$ & $0.349885$ & $0.221126$ & $0.150027$ & $0.166707$ & $0.160504$ & $0.0612412$ & $0.0448903$ & $0.058043$ & $-0.0156483$ & $0.0448753$ & $0.0370868$ & $0.140625$ & $0.0609016$ & $-0.0917232$ & $-0.282886$ & $0.108356$ & $0.00684585$ & $0.00990655$ & $-0.0104989$ & $-0.067448$ & $-0.0135332$ & $-0.151912$ & $0.107113$ & $1$ & $0.291802$ & $-0.0830738$ & $0.240235$ & $-0.0354274$ & $-0.707764$ & $0.205343$ & $-0.164124$ & $0.428305$ & $-0.159363$ & $-0.133089$ & $0.101139$ & $-0.358011$ & $-0.0110275$ \\
eHWWint & $-0.226833$ & $0.0353124$ & $0.235526$ & $0.306889$ & $-0.310756$ & $0.111076$ & $-0.0696874$ & $-0.107964$ & $-0.100575$ & $0.176086$ & $0.0317679$ & $0.370725$ & $0.249388$ & $0.0771352$ & $0.139061$ & $0.0605575$ & $0.0477025$ & $-0.0104521$ & $0.0105256$ & $0.0376447$ & $-0.0557182$ & $-0.0632655$ & $-0.162536$ & $0.0898178$ & $-0.00265912$ & $0.0643164$ & $-0.249613$ & $0.0117181$ & $0.00638168$ & $0.0548572$ & $-0.0112289$ & $-0.0321504$ & $0.0655959$ & $-0.210155$ & $-0.314245$ & $0.291802$ & $1$ & $0.176783$ & $0.289622$ & $-0.308656$ & $-0.39805$ & $0.34115$ & $0.123825$ & $-0.0246909$ & $-0.258403$ & $0.0984101$ & $0.0657094$ & $0.209151$ & $-0.158755$ \\
eHWWpar & $-0.282048$ & $0.380441$ & $0.0052072$ & $0.289524$ & $-0.203135$ & $-0.0165941$ & $-0.117077$ & $-0.0442319$ & $-0.0374976$ & $0.0248928$ & $0.0436143$ & $0.576699$ & $0.557792$ & $-0.116915$ & $0.275871$ & $0.336061$ & $-0.0974747$ & $-0.239384$ & $-0.263399$ & $0.0909253$ & $-0.223467$ & $-0.148119$ & $0.136935$ & $0.0278314$ & $-0.222795$ & $-0.241355$ & $-0.495321$ & $-0.0925443$ & $0.0143307$ & $0.0898378$ & $0.0301856$ & $-0.0403152$ & $0.0967006$ & $-0.299793$ & $0.153658$ & $-0.0830738$ & $0.176783$ & $1$ & $-0.393742$ & $-0.706667$ & $-0.0370783$ & $0.420361$ & $0.0885545$ & $-0.217097$ & $0.478441$ & $-0.0158483$ & $0.139102$ & $-0.184057$ & $0.0880958$ \\
eHZZint & $-0.29911$ & $-0.360871$ & $0.137206$ & $0.371094$ & $0.0552883$ & $0.0156938$ & $0.171519$ & $-0.170342$ & $-0.172112$ & $0.171589$ & $0.132089$ & $-0.207433$ & $-0.27753$ & $0.120976$ & $-0.195747$ & $-0.238285$ & $0.17355$ & $0.213346$ & $0.238271$ & $-0.180023$ & $0.150602$ & $0.0546191$ & $-0.133586$ & $-0.0337633$ & $0.131372$ & $0.151018$ & $0.000845155$ & $-0.0766906$ & $-0.0194935$ & $-0.0789681$ & $-0.0610807$ & $0.215716$ & $-0.0930998$ & $0.0282147$ & $-0.342792$ & $0.240235$ & $0.289622$ & $-0.393742$ & $1$ & $0.222562$ & $-0.219708$ & $-0.135328$ & $0.134391$ & $-0.0105242$ & $-0.51754$ & $0.421473$ & $0.0964819$ & $0.196365$ & $-0.324025$ \\
eHZZpar & $0.355256$ & $-0.301771$ & $0.129919$ & $-0.371902$ & $0.207638$ & $0.0167642$ & $0.131422$ & $-0.0567167$ & $-0.0559092$ & $-0.0913024$ & $0.103479$ & $-0.407355$ & $-0.565485$ & $-0.00689823$ & $-0.248716$ & $-0.247119$ & $0.00191944$ & $0.115794$ & $0.137572$ & $-0.155781$ & $0.109557$ & $0.0535986$ & $0.0330016$ & $-0.0156331$ & $0.0854636$ & $0.059349$ & $0.244472$ & $0.156198$ & $-0.00876725$ & $-0.0230899$ & $-0.0121885$ & $0.17021$ & $-0.0222941$ & $0.12095$ & $0.0486337$ & $-0.0354274$ & $-0.308656$ & $-0.706667$ & $0.222562$ & $1$ & $0.176567$ & $-0.333656$ & $0.104383$ & $0.0149631$ & $-0.331312$ & $0.0820427$ & $-0.0351493$ & $0.241803$ & $-0.0163701$ \\
eHZgaint & $0.309441$ & $-0.188464$ & $-0.577114$ & $-0.00613047$ & $0.265778$ & $-0.0592015$ & $0.191181$ & $-0.0314897$ & $-0.0379504$ & $-0.152852$ & $0.12$ & $-0.49386$ & $-0.409559$ & $-0.0971132$ & $-0.208287$ & $-0.322964$ & $-0.0118102$ & $0.0345363$ & $0.151323$ & $-0.175697$ & $0.0806521$ & $-0.0744429$ & $-0.0140005$ & $-0.0766911$ & $0.0676443$ & $0.0660646$ & $0.320312$ & $0.0135548$ & $-0.0191359$ & $-0.0936894$ & $0.0145646$ & $0.236233$ & $-0.0784431$ & $0.129745$ & $0.0186524$ & $-0.707764$ & $-0.39805$ & $-0.0370783$ & $-0.219708$ & $0.176567$ & $1$ & $-0.387705$ & $0.136$ & $-0.348089$ & $0.0404732$ & $0.031086$ & $0.122563$ & $0.178218$ & $0.182392$ \\
eHZgapar & $0.00706948$ & $0.371387$ & $0.589137$ & $-0.0560618$ & $-0.223848$ & $-0.0453589$ & $-0.156548$ & $0.13404$ & $0.13938$ & $0.0107173$ & $-0.183634$ & $0.46629$ & $0.583188$ & $-0.0110427$ & $0.420968$ & $0.151711$ & $-0.0679731$ & $-0.316749$ & $-0.154665$ & $0.242917$ & $-0.0550127$ & $0.181104$ & $0.232639$ & $-0.00754772$ & $-0.235716$ & $-0.328863$ & $-0.429995$ & $-0.0336099$ & $0.0154478$ & $0.0858253$ & $0.0197686$ & $-0.169018$ & $0.0913742$ & $-0.261292$ & $-0.108726$ & $0.205343$ & $0.34115$ & $0.420361$ & $-0.135328$ & $-0.333656$ & $-0.387705$ & $1$ & $0.105398$ & $0.227597$ & $0.0101869$ & $-0.411663$ & $-0.0577905$ & $0.127571$ & $-0.362185$ \\
eHgagaint & $-0.24275$ & $-0.257732$ & $0.230964$ & $0.0522342$ & $-0.098419$ & $0.15697$ & $0.020255$ & $-0.293573$ & $-0.284837$ & $0.0950336$ & $0.315802$ & $0.201818$ & $-0.0535038$ & $-0.0553896$ & $0.119715$ & $-0.0484187$ & $-0.0242338$ & $-0.133702$ & $-0.0171385$ & $-0.224226$ & $-0.207141$ & $-0.175364$ & $-0.173321$ & $0.0987609$ & $-0.0879784$ & $0.0739805$ & $-0.380107$ & $0.058338$ & $0.0129559$ & $0.0507086$ & $0.01351$ & $0.140361$ & $0.0555954$ & $-0.390757$ & $-0.176286$ & $-0.164124$ & $0.123825$ & $0.0885545$ & $0.134391$ & $0.104383$ & $0.136$ & $0.105398$ & $1$ & $-0.661912$ & $-0.103764$ & $0.0878332$ & $-0.276893$ & $0.431084$ & $0.20204$ \\
eHmumuint & $0.169957$ & $0.272902$ & $0.0132768$ & $-0.234052$ & $0.286601$ & $-0.0819915$ & $-0.0184742$ & $0.237474$ & $0.22832$ & $0.170674$ & $-0.376052$ & $-0.156056$ & $0.143674$ & $0.305341$ & $-0.00888745$ & $-0.00591998$ & $0.213986$ & $0.236163$ & $0.187743$ & $0.228647$ & $0.153337$ & $0.282919$ & $0.322855$ & $0.0440851$ & $0.233236$ & $-0.221038$ & $0.282234$ & $0.0472693$ & $-0.0113673$ & $-0.0650505$ & $-0.0157684$ & $-0.152457$ & $-0.0752038$ & $0.311694$ & $-0.058891$ & $0.428305$ & $-0.0246909$ & $-0.217097$ & $-0.0105242$ & $0.0149631$ & $-0.348089$ & $0.227597$ & $-0.661912$ & $1$ & $-0.234638$ & $-0.38094$ & $0.231113$ & $-0.345542$ & $-0.26953$ \\
eHtautauint & $0.117051$ & $0.368217$ & $0.0291783$ & $-0.00394717$ & $-0.301121$ & $-0.101525$ & $-0.12962$ & $0.0940955$ & $0.0960731$ & $-0.2455$ & $0.00761238$ & $0.272191$ & $0.26176$ & $-0.279534$ & $0.0313916$ & $0.247282$ & $-0.215671$ & $-0.165857$ & $-0.310411$ & $0.0869571$ & $-0.0972573$ & $-0.12171$ & $0.0590326$ & $-0.089079$ & $-0.235244$ & $-0.152187$ & $-0.17887$ & $0.0461853$ & $0.0250967$ & $0.0982436$ & $0.0307425$ & $-0.0979712$ & $0.1042$ & $0.0304067$ & $0.597205$ & $-0.159363$ & $-0.258403$ & $0.478441$ & $-0.51754$ & $-0.331312$ & $0.0404732$ & $0.0101869$ & $-0.103764$ & $-0.234638$ & $1$ & $-0.0988518$ & $-0.0489546$ & $-0.220375$ & $0.158361$ \\
eHccint & $-0.424187$ & $-0.191964$ & $-0.155066$ & $0.306263$ & $0.117001$ & $0.0188746$ & $0.187817$ & $-0.263293$ & $-0.257856$ & $0.0466468$ & $0.292512$ & $-0.0564962$ & $-0.300473$ & $-0.0526662$ & $-0.322452$ & $-0.0638449$ & $0.0515778$ & $0.208375$ & $0.0769833$ & $-0.256863$ & $-0.0381778$ & $-0.200706$ & $-0.0515936$ & $0.0245875$ & $0.0805212$ & $0.0373321$ & $-0.0359201$ & $-0.0831312$ & $-0.0141609$ & $-0.00402407$ & $-0.0427533$ & $0.364953$ & $0.00044339$ & $0.00119555$ & $0.00221105$ & $-0.133089$ & $0.0984101$ & $-0.0158483$ & $0.421473$ & $0.0820427$ & $0.031086$ & $-0.411663$ & $0.0878332$ & $-0.38094$ & $-0.0988518$ & $1$ & $0.278775$ & $-0.0742765$ & $0.131361$ \\
eHccpar & $-0.0253745$ & $0.35576$ & $-0.284024$ & $-0.148489$ & $0.508559$ & $-0.098454$ & $0.311295$ & $0.0298017$ & $0.0345815$ & $0.0881952$ & $-0.0854645$ & $-0.0233806$ & $-0.0484006$ & $0.0883193$ & $-0.160338$ & $-0.0219668$ & $0.108282$ & $0.153128$ & $0.0838144$ & $0.0629232$ & $0.106224$ & $0.11978$ & $0.330501$ & $-0.014145$ & $0.0517103$ & $-0.353375$ & $-0.00797757$ & $0.043454$ & $-0.010168$ & $-0.00803064$ & $0.000486721$ & $0.583998$ & $-0.00540178$ & $0.11567$ & $0.315821$ & $0.101139$ & $0.0657094$ & $0.139102$ & $0.0964819$ & $-0.0351493$ & $0.122563$ & $-0.0577905$ & $-0.276893$ & $0.231113$ & $-0.0489546$ & $0.278775$ & $1$ & $-0.496418$ & $0.157232$ \\
eHbbint & $0.151951$ & $-0.519607$ & $0.275254$ & $0.352939$ & $-0.473704$ & $0.059535$ & $-0.158164$ & $0.0779223$ & $0.0745242$ & $-0.189203$ & $-0.0141878$ & $-0.226141$ & $-0.288556$ & $-0.110395$ & $0.0273535$ & $-0.197149$ & $-0.135412$ & $-0.135896$ & $-0.00287211$ & $0.00716002$ & $0.0720725$ & $0.0631467$ & $-0.323073$ & $-0.123564$ & $-0.100146$ & $0.230678$ & $0.0684713$ & $-0.0134047$ & $0.000558706$ & $-0.02657$ & $-0.0311389$ & $-0.35216$ & $-0.0177929$ & $0.0130073$ & $-0.509044$ & $-0.358011$ & $0.209151$ & $-0.184057$ & $0.196365$ & $0.241803$ & $0.178218$ & $0.127571$ & $0.431084$ & $-0.345542$ & $-0.220375$ & $-0.0742765$ & $-0.496418$ & $1$ & $-0.427861$ \\
eHbbpar & $-0.205118$ & $0.161509$ & $-0.340865$ & $-0.35778$ & $0.357049$ & $0.0808563$ & $0.101674$ & $-0.249005$ & $-0.241908$ & $0.14019$ & $0.223036$ & $0.0934253$ & $-0.0574897$ & $0.0562273$ & $-0.0395587$ & $0.151025$ & $0.10839$ & $0.113788$ & $0.0291571$ & $-0.197458$ & $-0.243871$ & $-0.224166$ & $-0.0817591$ & $0.210054$ & $0.139252$ & $0.0176026$ & $-0.105381$ & $0.0302456$ & $0.00759778$ & $0.0456829$ & $0.0317453$ & $0.271716$ & $0.0612306$ & $-0.147454$ & $0.409481$ & $-0.0110275$ & $-0.158755$ & $0.0880958$ & $-0.324025$ & $-0.0163701$ & $0.182392$ & $-0.362185$ & $0.20204$ & $-0.26953$ & $0.158361$ & $0.131361$ & $0.157232$ & $-0.427861$ & $1$ \\
