 & AlsMz & dAle5Mz & mtop & mHl & Mz & CW & CHG & CHWB & CHWHB_gaga & CHWHB_gagaorth & CHD & CHbox & CH & CHL1_11 & CHL1_22 & CHL1_33 & CHL3_11 & CHL3_22 & CHL3_33 & CHe_11 & CHe_22 & CHe_33 & CHQ1_11 & CHQ1_33 & CHQ3_11 & CHu_11 & CHd_11 & CHd_33 & CeH_22r & CeH_33r & CuH_22r & CuH_33r & CdH_33r & CLL_1221 & eHggint & eHggpar & eHWWint & eHWWpar & eHZZint & eHZZpar & eHZgaint & eHZgapar & eHgagaint & eHmumuint & eHtautauint & eHccint & eHccpar & eHbbint & eHbbpar \\
AlsMz & $1$ & $-0.00282768$ & $-0.0174166$ & $0.0313386$ & $-0.000327778$ & $-0.0200716$ & $0.0243015$ & $-0.0202348$ & $-0.0141706$ & $0.0101904$ & $0.00462513$ & $0.016079$ & $-0.0147166$ & $0.00743496$ & $-0.0111086$ & $-0.0165176$ & $0.0180682$ & $0.0220594$ & $0.0242395$ & $-0.0117641$ & $-0.0112809$ & $-0.0141214$ & $0.00530942$ & $-0.0260383$ & $-0.070438$ & $-0.0333868$ & $-0.0311217$ & $0.010258$ & $-0.0131304$ & $-0.0137509$ & $-0.00270912$ & $0.0154853$ & $-0.0314041$ & $-0.0107154$ & $-0.0590318$ & $-0.0245504$ & $0.091569$ & $0.00960212$ & $0.033654$ & $0.00323819$ & $-0.00751304$ & $-0.00953502$ & $0.0877515$ & $0.0343168$ & $0.0104818$ & $0.0463501$ & $0.0165011$ & $-0.0226517$ & $-0.0765892$ \\
dAle5Mz & $-0.00282768$ & $1$ & $0.0146644$ & $-0.0529358$ & $0.00481518$ & $0.0378707$ & $0.0246274$ & $-0.0879498$ & $-0.0866809$ & $0.0595124$ & $0.0723902$ & $0.0296795$ & $-0.0153673$ & $-0.024012$ & $-0.0425852$ & $-0.0283034$ & $0.0068748$ & $0.026149$ & $0.0156135$ & $-0.0547529$ & $-0.0552898$ & $-0.055017$ & $0.00063415$ & $0.0329302$ & $0.0232337$ & $0.0429155$ & $-0.00832614$ & $-0.0306948$ & $-0.00637861$ & $-0.00846409$ & $0.00451394$ & $0.028227$ & $-1.2977e-05$ & $0.0073147$ & $-0.000183204$ & $0.0616836$ & $0.00215688$ & $-0.0146739$ & $-0.00315531$ & $-0.0109699$ & $0.0232382$ & $-0.0105994$ & $-0.0246119$ & $0.0562258$ & $0.0109841$ & $-0.0444012$ & $0.0498505$ & $0.0301003$ & $0.0392937$ \\
mtop & $-0.0174166$ & $0.0146644$ & $1$ & $0.0701829$ & $0.000174809$ & $-0.00337255$ & $0.0202644$ & $0.0184193$ & $0.0124815$ & $-0.0110658$ & $-0.00767352$ & $0.0204363$ & $-0.0228531$ & $-0.00184741$ & $0.0118444$ & $0.0137925$ & $-0.00893085$ & $-0.0145967$ & $-0.0161293$ & $0.0139274$ & $0.0132453$ & $0.0166106$ & $0.00725275$ & $-0.0147268$ & $-0.0067136$ & $-0.00735257$ & $0.0120048$ & $-0.00495407$ & $0.013247$ & $-0.036264$ & $-0.00478151$ & $0.01114$ & $-0.0221482$ & $0.0103206$ & $-9.131e-05$ & $0.00884289$ & $0.0498819$ & $0.0102127$ & $0.125995$ & $0.0283044$ & $0.0373348$ & $-0.0201755$ & $-0.0740866$ & $0.026097$ & $0.0603446$ & $-0.0343442$ & $0.062811$ & $0.132047$ & $0.00834048$ \\
mHl & $0.0313386$ & $-0.0529358$ & $0.0701829$ & $1$ & $-0.00879605$ & $-0.00637091$ & $0.0336608$ & $-0.0128544$ & $-0.0143892$ & $0.0271462$ & $0.0177697$ & $0.0556318$ & $-0.0490185$ & $-0.0215263$ & $0.00700662$ & $0.00504439$ & $-0.0079343$ & $-0.0139141$ & $-0.0119201$ & $-0.015809$ & $-0.0207191$ & $-0.0187735$ & $0.0030713$ & $-0.00323001$ & $-0.0170738$ & $0.00833727$ & $-0.0261589$ & $-0.019408$ & $-0.0265784$ & $-0.0299405$ & $-0.00191979$ & $0.0229751$ & $-0.0401138$ & $-0.0194715$ & $-0.0394829$ & $-0.0136937$ & $-0.0731114$ & $0.0162972$ & $-0.0507616$ & $0.00233703$ & $-0.0208763$ & $-0.0137541$ & $-0.0142689$ & $-0.0541583$ & $0.0426448$ & $-0.0142957$ & $0.052976$ & $-0.0608969$ & $-0.0140688$ \\
Mz & $-0.000327778$ & $0.00481518$ & $0.000174809$ & $-0.00879605$ & $1$ & $-0.0060578$ & $0.0100302$ & $-0.00851911$ & $-0.00813538$ & $0.00713694$ & $0.0136954$ & $0.00203804$ & $-0.00412231$ & $-0.00315729$ & $0.00732471$ & $0.00564324$ & $0.000581332$ & $-0.00432804$ & $-0.00171213$ & $-0.00701686$ & $-0.0078355$ & $-0.00690575$ & $-0.00431791$ & $0.00833748$ & $-0.00216615$ & $0.00381066$ & $-0.0113493$ & $0.00109625$ & $0.00840878$ & $-0.00749125$ & $-0.00151507$ & $0.00951536$ & $-0.0098727$ & $-0.0150332$ & $0.0119746$ & $-0.0032107$ & $0.019314$ & $0.00400869$ & $-0.00630377$ & $-0.00612439$ & $0.00253596$ & $0.00919324$ & $-0.000248772$ & $0.00609944$ & $0.00883264$ & $-0.00128617$ & $0.00523456$ & $0.00984365$ & $-0.00156633$ \\
CW & $-0.0200716$ & $0.0378707$ & $-0.00337255$ & $-0.00637091$ & $-0.0060578$ & $1$ & $0.0382202$ & $-0.0492757$ & $-0.0487443$ & $0.0353706$ & $0.156191$ & $0.0621469$ & $-0.0458973$ & $-0.0354591$ & $-0.0878985$ & $-0.0729758$ & $-0.362784$ & $-0.161597$ & $-0.170254$ & $-0.15252$ & $-0.158988$ & $-0.157232$ & $-0.00115722$ & $-0.111437$ & $-0.201517$ & $0.109037$ & $-0.0636078$ & $-0.0709613$ & $-0.00501047$ & $-0.0369559$ & $-0.0337202$ & $0.0444806$ & $-0.0388592$ & $-0.0961818$ & $0.016878$ & $0.000214641$ & $-0.00810208$ & $-0.00366736$ & $0.00754415$ & $0.0024084$ & $0.00506519$ & $-0.0174703$ & $0.0118366$ & $0.00173669$ & $0.0183603$ & $-0.0236893$ & $0.000660663$ & $0.0111216$ & $0.0112684$ \\
CHG & $0.0243015$ & $0.0246274$ & $0.0202644$ & $0.0336608$ & $0.0100302$ & $0.0382202$ & $1$ & $-0.0463503$ & $-0.0295218$ & $0.211689$ & $0.09494$ & $0.757639$ & $-0.796651$ & $-0.114368$ & $-0.0430294$ & $-0.0295398$ & $-0.100633$ & $-0.0773258$ & $-0.0850905$ & $-0.0910274$ & $-0.0941072$ & $-0.0933752$ & $0.00346313$ & $-0.0431417$ & $-0.0856436$ & $0.0677141$ & $-0.0234149$ & $-0.0444248$ & $-0.148572$ & $-0.598556$ & $-0.356668$ & $0.954721$ & $-0.620113$ & $-0.0103869$ & $-0.0874183$ & $-0.074229$ & $0.0394942$ & $0.00535532$ & $0.0170428$ & $-0.00866591$ & $0.00109296$ & $0.00392683$ & $0.00961702$ & $-0.0266468$ & $0.00394827$ & $0.000747235$ & $0.0304373$ & $-0.0006135$ & $-0.00458655$ \\
CHWB & $-0.0202348$ & $-0.0879498$ & $0.0184193$ & $-0.0128544$ & $-0.00851911$ & $-0.0492757$ & $-0.0463503$ & $1$ & $0.989911$ & $-0.558531$ & $-0.874317$ & $-0.112899$ & $0.0514471$ & $0.266858$ & $0.462722$ & $0.469611$ & $-0.218663$ & $-0.404198$ & $-0.412736$ & $0.857843$ & $0.887562$ & $0.878609$ & $0.0326539$ & $-0.624216$ & $-0.370034$ & $-0.604407$ & $0.407964$ & $0.386034$ & $0.0187292$ & $0.0406526$ & $0.0245843$ & $-0.0553265$ & $0.0492012$ & $0.530857$ & $-0.0201069$ & $-0.0134125$ & $-0.00384768$ & $0.00484496$ & $-0.0366287$ & $0.00527303$ & $0.0141263$ & $0.0058583$ & $0.00102539$ & $0.00169812$ & $-0.0125888$ & $0.00218416$ & $-0.0258071$ & $0.00379121$ & $0.0183627$ \\
CHWHB_gaga & $-0.0141706$ & $-0.0866809$ & $0.0124815$ & $-0.0143892$ & $-0.00813538$ & $-0.0487443$ & $-0.0295218$ & $0.989911$ & $1$ & $-0.556074$ & $-0.864107$ & $-0.118322$ & $0.0601804$ & $0.260735$ & $0.456838$ & $0.464458$ & $-0.219223$ & $-0.402457$ & $-0.411427$ & $0.847844$ & $0.877252$ & $0.868183$ & $0.0316944$ & $-0.620286$ & $-0.369036$ & $-0.596481$ & $0.404831$ & $0.37983$ & $0.0262503$ & $0.0620491$ & $0.0375845$ & $-0.0403634$ & $0.0719577$ & $0.526528$ & $-0.0324628$ & $-0.0169205$ & $-0.0132195$ & $0.00600506$ & $-0.0398609$ & $0.00516342$ & $0.0125881$ & $0.00574734$ & $0.0536287$ & $0.00609312$ & $-0.0126548$ & $0.0050529$ & $-0.0257922$ & $0.0029435$ & $0.0182666$ \\
CHWHB_gagaorth & $0.0101904$ & $0.0595124$ & $-0.0110658$ & $0.0271462$ & $0.00713694$ & $0.0353706$ & $0.211689$ & $-0.558531$ & $-0.556074$ & $1$ & $0.477915$ & $0.37782$ & $-0.261496$ & $-0.129299$ & $-0.242846$ & $-0.252209$ & $0.141374$ & $0.237437$ & $0.246578$ & $-0.467949$ & $-0.486016$ & $-0.480935$ & $-0.0182601$ & $0.362311$ & $0.226557$ & $0.331375$ & $-0.229161$ & $-0.218419$ & $-0.0521527$ & $-0.224979$ & $-0.138793$ & $0.224329$ & $-0.247288$ & $-0.309541$ & $0.0422265$ & $0.00330359$ & $0.0218821$ & $0.00126793$ & $0.025899$ & $-0.00418809$ & $-0.0693407$ & $-0.0123569$ & $-0.009377$ & $-0.0145496$ & $0.00938965$ & $-0.00089946$ & $0.0289242$ & $-0.0102567$ & $-0.00114634$ \\
CHD & $0.00462513$ & $0.0723902$ & $-0.00767352$ & $0.0177697$ & $0.0136954$ & $0.156191$ & $0.09494$ & $-0.874317$ & $-0.864107$ & $0.477915$ & $1$ & $0.189218$ & $-0.110055$ & $-0.661601$ & $-0.576984$ & $-0.576776$ & $-0.254047$ & $-0.0194524$ & $-0.0112549$ & $-0.994913$ & $-0.995141$ & $-0.983527$ & $0.0281723$ & $0.210669$ & $-0.0627488$ & $0.683368$ & $-0.278187$ & $-0.43711$ & $-0.0268077$ & $-0.0855756$ & $-0.0556625$ & $0.110975$ & $-0.100002$ & $-0.323697$ & $0.0299946$ & $0.0152762$ & $0.00393608$ & $-0.0139945$ & $0.0204494$ & $-0.00751972$ & $-0.0044462$ & $-0.00967229$ & $0.00783795$ & $-0.00336025$ & $0.0240369$ & $0.00141909$ & $0.0314159$ & $-0.00153071$ & $-0.00778897$ \\
CHbox & $0.016079$ & $0.0296795$ & $0.0204363$ & $0.0556318$ & $0.00203804$ & $0.0621469$ & $0.757639$ & $-0.112899$ & $-0.118322$ & $0.37782$ & $0.189218$ & $1$ & $-0.951043$ & $-0.197071$ & $-0.0822102$ & $-0.0733289$ & $-0.159529$ & $-0.11827$ & $-0.122408$ & $-0.183364$ & $-0.188531$ & $-0.187066$ & $0.00102477$ & $-0.049581$ & $-0.124439$ & $0.132531$ & $-0.0527055$ & $-0.0842562$ & $-0.192265$ & $-0.656303$ & $-0.389727$ & $0.698495$ & $-0.67804$ & $-0.0434917$ & $-0.0675672$ & $-0.0635169$ & $0.0370949$ & $0.00927829$ & $0.0236767$ & $-0.00151772$ & $-0.0100752$ & $0.004617$ & $-0.00124924$ & $-0.0374869$ & $0.00393054$ & $-0.00383318$ & $0.0422852$ & $-0.00593072$ & $-0.003133$ \\
CH & $-0.0147166$ & $-0.0153673$ & $-0.0228531$ & $-0.0490185$ & $-0.00412231$ & $-0.0458973$ & $-0.796651$ & $0.0514471$ & $0.0601804$ & $-0.261496$ & $-0.110055$ & $-0.951043$ & $1$ & $0.132063$ & $0.0472726$ & $0.0396281$ & $0.121713$ & $0.0956678$ & $0.0997477$ & $0.106637$ & $0.109059$ & $0.108412$ & $0.00134524$ & $0.0532571$ & $0.099073$ & $-0.0798957$ & $0.0229271$ & $0.0449919$ & $0.20485$ & $0.718565$ & $0.417947$ & $-0.717292$ & $0.73933$ & $0.0144448$ & $0.10121$ & $0.0773527$ & $-0.035351$ & $-0.0102667$ & $-0.0302041$ & $0.00103889$ & $0.00270837$ & $-0.00833312$ & $-0.00293225$ & $0.0372367$ & $0.000590671$ & $0.00600768$ & $-0.0386881$ & $0.00101001$ & $0.00562547$ \\
CHL1_11 & $0.00743496$ & $-0.024012$ & $-0.00184741$ & $-0.0215263$ & $-0.00315729$ & $-0.0354591$ & $-0.114368$ & $0.266858$ & $0.260735$ & $-0.129299$ & $-0.661601$ & $-0.197071$ & $0.132063$ & $1$ & $0.404244$ & $0.397185$ & $0.644413$ & $0.59802$ & $0.592047$ & $0.672061$ & $0.634801$ & $0.624421$ & $-0.0989991$ & $0.447532$ & $0.600934$ & $-0.443626$ & $-0.050004$ & $0.283382$ & $0.0314252$ & $0.0989191$ & $0.0654112$ & $-0.132348$ & $0.116254$ & $-0.172119$ & $-0.0202152$ & $-0.00705696$ & $0.000149557$ & $0.0171725$ & $0.0193504$ & $0.00691066$ & $-0.0134915$ & $0.00372755$ & $-0.0146352$ & $0.000976088$ & $-0.0195481$ & $-0.00926268$ & $-0.0227984$ & $-0.00301414$ & $-0.00284203$ \\
CHL1_22 & $-0.0111086$ & $-0.0425852$ & $0.0118444$ & $0.00700662$ & $0.00732471$ & $-0.0878985$ & $-0.0430294$ & $0.462722$ & $0.456838$ & $-0.242846$ & $-0.576984$ & $-0.0822102$ & $0.0472726$ & $0.404244$ & $1$ & $0.541064$ & $0.177411$ & $-0.310747$ & $-0.00674109$ & $0.61902$ & $0.521829$ & $0.512921$ & $-0.182224$ & $0.0394773$ & $-0.071037$ & $-0.357654$ & $-0.299152$ & $0.237093$ & $0.0089288$ & $0.0433919$ & $0.0359275$ & $-0.0500163$ & $0.049446$ & $-0.466284$ & $-0.0044888$ & $-0.00233115$ & $0.000804168$ & $0.013863$ & $-0.00189329$ & $0.00825657$ & $-0.00850438$ & $0.0156519$ & $-0.0242555$ & $0.00236043$ & $-0.0109258$ & $0.00421814$ & $-0.00265646$ & $0.0130059$ & $-0.00859838$ \\
CHL1_33 & $-0.0165176$ & $-0.0283034$ & $0.0137925$ & $0.00504439$ & $0.00564324$ & $-0.0729758$ & $-0.0295398$ & $0.469611$ & $0.464458$ & $-0.252209$ & $-0.576776$ & $-0.0733289$ & $0.0396281$ & $0.397185$ & $0.541064$ & $1$ & $0.163049$ & $-0.0110892$ & $-0.312084$ & $0.618218$ & $0.524538$ & $0.533841$ & $-0.183727$ & $0.0261133$ & $-0.0723639$ & $-0.352518$ & $-0.274867$ & $0.23563$ & $0.0161682$ & $0.0392057$ & $0.0289401$ & $-0.0354688$ & $0.0383695$ & $-0.0132659$ & $-0.00380172$ & $-0.0184657$ & $0.000470377$ & $0.00473043$ & $-0.00248667$ & $0.000824824$ & $-0.0180402$ & $0.0163634$ & $-0.0214236$ & $0.00889833$ & $-0.0110326$ & $-0.00231959$ & $-0.0080237$ & $0.00645318$ & $-0.0114257$ \\
CHL3_11 & $0.0180682$ & $0.0068748$ & $-0.00893085$ & $-0.0079343$ & $0.000581332$ & $-0.362784$ & $-0.100633$ & $-0.218663$ & $-0.219223$ & $0.141374$ & $-0.254047$ & $-0.159529$ & $0.121713$ & $0.644413$ & $0.177411$ & $0.163049$ & $1$ & $0.817729$ & $0.819903$ & $0.265456$ & $0.231428$ & $0.226729$ & $-0.0832558$ & $0.756273$ & $0.85323$ & $-0.167583$ & $-0.148086$ & $0.109343$ & $0.013439$ & $0.093895$ & $0.0640676$ & $-0.114662$ & $0.10442$ & $-0.2577$ & $-0.0254951$ & $-0.00828402$ & $-0.00168267$ & $0.0210241$ & $0.0227435$ & $0.00559082$ & $-0.0127519$ & $0.0105477$ & $-0.0188047$ & $0.00307405$ & $-0.0285091$ & $-0.00489102$ & $-0.0144584$ & $-0.00135423$ & $-0.0234402$ \\
CHL3_22 & $0.0220594$ & $0.026149$ & $-0.0145967$ & $-0.0139141$ & $-0.00432804$ & $-0.161597$ & $-0.0773258$ & $-0.404198$ & $-0.402457$ & $0.237437$ & $-0.0194524$ & $-0.11827$ & $0.0956678$ & $0.59802$ & $-0.310747$ & $-0.0110892$ & $0.817729$ & $1$ & $0.789785$ & $0.0185202$ & $0.016136$ & $0.0164011$ & $-0.0172133$ & $0.740072$ & $0.867846$ & $-0.0206702$ & $-0.0490304$ & $0.00999429$ & $0.0142176$ & $0.0694425$ & $0.0444644$ & $-0.088305$ & $0.0785746$ & $-0.0700726$ & $-0.0191969$ & $-0.00547783$ & $-0.0010724$ & $0.0112608$ & $0.0303122$ & $9.04859e-05$ & $-0.0139887$ & $-0.00075001$ & $-0.00590046$ & $0.000695795$ & $-0.0169331$ & $-0.00951908$ & $-0.0127718$ & $-0.0106647$ & $-0.0141592$ \\
CHL3_33 & $0.0242395$ & $0.0156135$ & $-0.0161293$ & $-0.0119201$ & $-0.00171213$ & $-0.170254$ & $-0.0850905$ & $-0.412736$ & $-0.411427$ & $0.246578$ & $-0.0112549$ & $-0.122408$ & $0.0997477$ & $0.592047$ & $-0.00674109$ & $-0.312084$ & $0.819903$ & $0.789785$ & $1$ & $0.0104245$ & $0.00721995$ & $0.00711383$ & $-0.0124235$ & $0.743848$ & $0.864976$ & $-0.0193808$ & $-0.0608755$ & $0.00796456$ & $0.0113478$ & $0.0718801$ & $0.0480879$ & $-0.0958147$ & $0.0857423$ & $-0.376742$ & $-0.0155866$ & $0.0060068$ & $0.000839483$ & $0.015946$ & $0.0290879$ & $0.00494654$ & $-0.00804915$ & $1.70048e-05$ & $-0.00938792$ & $-0.00329676$ & $-0.0158926$ & $-0.00686841$ & $-0.0126944$ & $-0.00552828$ & $-0.0125525$ \\
CHe_11 & $-0.0117641$ & $-0.0547529$ & $0.0139274$ & $-0.015809$ & $-0.00701686$ & $-0.15252$ & $-0.0910274$ & $0.857843$ & $0.847844$ & $-0.467949$ & $-0.994913$ & $-0.183364$ & $0.106637$ & $0.672061$ & $0.61902$ & $0.618218$ & $0.265456$ & $0.0185202$ & $0.0104245$ & $1$ & $0.98533$ & $0.974115$ & $-0.0473981$ & $-0.177395$ & $0.06749$ & $-0.676095$ & $0.225111$ & $0.432657$ & $0.0256483$ & $0.0835961$ & $0.0556055$ & $-0.106662$ & $0.098107$ & $0.267677$ & $-0.0290081$ & $-0.0132644$ & $-0.00430781$ & $0.0140044$ & $-0.0179624$ & $0.00687629$ & $0.00242264$ & $0.0107351$ & $-0.011211$ & $0.00451089$ & $-0.0229746$ & $-0.00229476$ & $-0.029477$ & $0.00317001$ & $0.00715359$ \\
CHe_22 & $-0.0112809$ & $-0.0552898$ & $0.0132453$ & $-0.0207191$ & $-0.0078355$ & $-0.158988$ & $-0.0941072$ & $0.887562$ & $0.877252$ & $-0.486016$ & $-0.995141$ & $-0.188531$ & $0.109059$ & $0.634801$ & $0.521829$ & $0.524538$ & $0.231428$ & $0.016136$ & $0.00721995$ & $0.98533$ & $1$ & $0.986647$ & $-0.00518162$ & $-0.251185$ & $0.0534986$ & $-0.6856$ & $0.339243$ & $0.437477$ & $0.0269805$ & $0.0840817$ & $0.0541907$ & $-0.110048$ & $0.0991968$ & $0.389591$ & $-0.030707$ & $-0.0145681$ & $-0.00419697$ & $0.0136705$ & $-0.022582$ & $0.00720001$ & $0.00720713$ & $0.00847575$ & $-0.00717705$ & $0.00432511$ & $-0.0233648$ & $-0.00266508$ & $-0.0324077$ & $0.00336751$ & $0.0106629$ \\
CHe_33 & $-0.0141214$ & $-0.055017$ & $0.0166106$ & $-0.0187735$ & $-0.00690575$ & $-0.157232$ & $-0.0933752$ & $0.878609$ & $0.868183$ & $-0.480935$ & $-0.983527$ & $-0.187066$ & $0.108412$ & $0.624421$ & $0.512921$ & $0.533841$ & $0.226729$ & $0.0164011$ & $0.00711383$ & $0.974115$ & $0.986647$ & $1$ & $-0.00319241$ & $-0.250213$ & $0.0522414$ & $-0.678449$ & $0.337685$ & $0.432577$ & $0.0278793$ & $0.084407$ & $0.0535993$ & $-0.108437$ & $0.0996801$ & $0.391022$ & $-0.0275571$ & $-0.0126084$ & $-0.00119233$ & $0.0132807$ & $-0.0250393$ & $0.00756519$ & $0.00763822$ & $0.0103704$ & $-0.00840005$ & $0.00335822$ & $-0.0238588$ & $-0.00353806$ & $-0.0327225$ & $0.00389957$ & $0.0112768$ \\
CHQ1_11 & $0.00530942$ & $0.00063415$ & $0.00725275$ & $0.0030713$ & $-0.00431791$ & $-0.00115722$ & $0.00346313$ & $0.0326539$ & $0.0316944$ & $-0.0182601$ & $0.0281723$ & $0.00102477$ & $0.00134524$ & $-0.0989991$ & $-0.182224$ & $-0.183727$ & $-0.0832558$ & $-0.0172133$ & $-0.0124235$ & $-0.0473981$ & $-0.00518162$ & $-0.00319241$ & $1$ & $-0.132207$ & $0.037582$ & $-0.57135$ & $0.345423$ & $-0.00165417$ & $-0.000210766$ & $-0.00215417$ & $0.00163468$ & $0.00423655$ & $0.000715125$ & $0.20202$ & $-0.0177091$ & $0.0038766$ & $0.00752421$ & $-0.00631296$ & $-0.0014635$ & $0.00243151$ & $0.0216419$ & $-0.0100825$ & $0.0125357$ & $0.00876797$ & $-0.0192841$ & $0.00955413$ & $0.0113927$ & $-0.0215101$ & $0.0319058$ \\
CHQ1_33 & $-0.0260383$ & $0.0329302$ & $-0.0147268$ & $-0.00323001$ & $0.00833748$ & $-0.111437$ & $-0.0431417$ & $-0.624216$ & $-0.620286$ & $0.362311$ & $0.210669$ & $-0.049581$ & $0.0532571$ & $0.447532$ & $0.0394773$ & $0.0261133$ & $0.756273$ & $0.740072$ & $0.743848$ & $-0.177395$ & $-0.251185$ & $-0.250213$ & $-0.132207$ & $1$ & $0.751312$ & $0.165821$ & $-0.404445$ & $-0.0290762$ & $0.00852437$ & $0.0420677$ & $0.0366384$ & $-0.0485288$ & $0.0473614$ & $-0.611631$ & $-0.00313774$ & $0.00328939$ & $-0.00370665$ & $0.0126275$ & $0.0456906$ & $-0.00028911$ & $-0.0192204$ & $0.00742236$ & $-0.0143708$ & $0.000627807$ & $-0.0123546$ & $-0.00520539$ & $0.00767556$ & $-0.00463396$ & $-0.0149093$ \\
CHQ3_11 & $-0.070438$ & $0.0232337$ & $-0.0067136$ & $-0.0170738$ & $-0.00216615$ & $-0.201517$ & $-0.0856436$ & $-0.370034$ & $-0.369036$ & $0.226557$ & $-0.0627488$ & $-0.124439$ & $0.099073$ & $0.600934$ & $-0.071037$ & $-0.0723639$ & $0.85323$ & $0.867846$ & $0.864976$ & $0.06749$ & $0.0534986$ & $0.0522414$ & $0.037582$ & $0.751312$ & $1$ & $-0.0399462$ & $0.120496$ & $0.0176231$ & $0.0127716$ & $0.0703077$ & $0.0479548$ & $-0.0978143$ & $0.0856848$ & $-0.246563$ & $-0.0269058$ & $0.00314283$ & $-0.00854649$ & $0.0152313$ & $0.0265197$ & $0.00533242$ & $-0.00157997$ & $0.00518376$ & $-0.0165927$ & $-0.00278637$ & $-0.024807$ & $-0.0130904$ & $-0.0158776$ & $-0.0092818$ & $0.00213912$ \\
CHu_11 & $-0.0333868$ & $0.0429155$ & $-0.00735257$ & $0.00833727$ & $0.00381066$ & $0.109037$ & $0.0677141$ & $-0.604407$ & $-0.596481$ & $0.331375$ & $0.683368$ & $0.132531$ & $-0.0798957$ & $-0.443626$ & $-0.357654$ & $-0.352518$ & $-0.167583$ & $-0.0206702$ & $-0.0193808$ & $-0.676095$ & $-0.6856$ & $-0.678449$ & $-0.57135$ & $0.165821$ & $-0.0399462$ & $1$ & $-0.202443$ & $-0.307407$ & $-0.018963$ & $-0.0623227$ & $-0.0404993$ & $0.0778042$ & $-0.0733703$ & $-0.262837$ & $0.0221307$ & $0.00901706$ & $-0.0128912$ & $-0.00560111$ & $0.00908725$ & $-0.00282898$ & $-0.0137624$ & $0.00254103$ & $0.00260105$ & $-0.012568$ & $0.0294625$ & $-0.0136215$ & $0.0126982$ & $0.0143775$ & $-0.0198009$ \\
CHd_11 & $-0.0311217$ & $-0.00832614$ & $0.0120048$ & $-0.0261589$ & $-0.0113493$ & $-0.0636078$ & $-0.0234149$ & $0.407964$ & $0.404831$ & $-0.229161$ & $-0.278187$ & $-0.0527055$ & $0.0229271$ & $-0.050004$ & $-0.299152$ & $-0.274867$ & $-0.148086$ & $-0.0490304$ & $-0.0608755$ & $0.225111$ & $0.339243$ & $0.337685$ & $0.345423$ & $-0.404445$ & $0.120496$ & $-0.202443$ & $1$ & $0.112852$ & $0.00783194$ & $0.00777533$ & $0.00460765$ & $-0.0298249$ & $0.0201186$ & $0.686358$ & $-0.0429593$ & $0.00293719$ & $-0.00768029$ & $0.00048244$ & $-0.0266948$ & $0.00525479$ & $0.0412454$ & $-0.00210735$ & $0.0220329$ & $-0.000752347$ & $-0.0163709$ & $-0.00687705$ & $-0.0223479$ & $-0.0136189$ & $0.04525$ \\
CHd_33 & $0.010258$ & $-0.0306948$ & $-0.00495407$ & $-0.019408$ & $0.00109625$ & $-0.0709613$ & $-0.0444248$ & $0.386034$ & $0.37983$ & $-0.218419$ & $-0.43711$ & $-0.0842562$ & $0.0449919$ & $0.283382$ & $0.237093$ & $0.23563$ & $0.109343$ & $0.00999429$ & $0.00796456$ & $0.432657$ & $0.437477$ & $0.432577$ & $-0.00165417$ & $-0.0290762$ & $0.0176231$ & $-0.307407$ & $0.112852$ & $1$ & $0.0191954$ & $0.0390651$ & $0.0247272$ & $-0.0494277$ & $0.0421645$ & $0.161803$ & $-0.0061119$ & $-0.0100472$ & $-0.00999481$ & $0.0119715$ & $-0.0106764$ & $0.00889558$ & $0.00635976$ & $0.00989918$ & $-0.000521823$ & $0.0022833$ & $-0.00600598$ & $0.0107841$ & $-0.0134555$ & $0.00507091$ & $-0.00889159$ \\
CeH_22r & $-0.0131304$ & $-0.00637861$ & $0.013247$ & $-0.0265784$ & $0.00840878$ & $-0.00501047$ & $-0.148572$ & $0.0187292$ & $0.0262503$ & $-0.0521527$ & $-0.0268077$ & $-0.192265$ & $0.20485$ & $0.0314252$ & $0.0089288$ & $0.0161682$ & $0.013439$ & $0.0142176$ & $0.0113478$ & $0.0256483$ & $0.0269805$ & $0.0278793$ & $-0.000210766$ & $0.00852437$ & $0.0127716$ & $-0.018963$ & $0.00783194$ & $0.0191954$ & $1$ & $0.169943$ & $0.103117$ & $-0.145487$ & $0.179542$ & $0.00739846$ & $-0.00614775$ & $0.0133554$ & $-0.0180124$ & $-0.00172538$ & $-0.0107928$ & $0.00127681$ & $0.0150878$ & $-0.00695502$ & $0.00587568$ & $0.00718048$ & $0.00688758$ & $0.00873412$ & $-0.00729824$ & $0.0229478$ & $0.0104183$ \\
CeH_33r & $-0.0137509$ & $-0.00846409$ & $-0.036264$ & $-0.0299405$ & $-0.00749125$ & $-0.0369559$ & $-0.598556$ & $0.0406526$ & $0.0620491$ & $-0.224979$ & $-0.0855756$ & $-0.656303$ & $0.718565$ & $0.0989191$ & $0.0433919$ & $0.0392057$ & $0.093895$ & $0.0694425$ & $0.0718801$ & $0.0835961$ & $0.0840817$ & $0.084407$ & $-0.00215417$ & $0.0420677$ & $0.0703077$ & $-0.0623227$ & $0.00777533$ & $0.0390651$ & $0.169943$ & $1$ & $0.487939$ & $-0.461343$ & $0.836862$ & $0.0077558$ & $0.0392997$ & $0.0491629$ & $-0.122739$ & $-0.0102733$ & $-0.0303888$ & $-0.00534514$ & $0.0125153$ & $-0.00202012$ & $-0.00360067$ & $0.0381916$ & $0.048331$ & $0.0192884$ & $-0.0392468$ & $0.0250334$ & $-0.00553399$ \\
CuH_22r & $-0.00270912$ & $0.00451394$ & $-0.00478151$ & $-0.00191979$ & $-0.00151507$ & $-0.0337202$ & $-0.356668$ & $0.0245843$ & $0.0375845$ & $-0.138793$ & $-0.0556625$ & $-0.389727$ & $0.417947$ & $0.0654112$ & $0.0359275$ & $0.0289401$ & $0.0640676$ & $0.0444644$ & $0.0480879$ & $0.0556055$ & $0.0541907$ & $0.0535993$ & $0.00163468$ & $0.0366384$ & $0.0479548$ & $-0.0404993$ & $0.00460765$ & $0.0247272$ & $0.103117$ & $0.487939$ & $1$ & $-0.262594$ & $0.517603$ & $-0.00256955$ & $0.0153243$ & $0.0227342$ & $-0.058911$ & $-0.00572365$ & $0.00991882$ & $-0.00246883$ & $-0.00079786$ & $-0.00528223$ & $-0.000574667$ & $0.0163368$ & $0.00520338$ & $0.0731903$ & $0.272544$ & $-0.0155531$ & $0.00510579$ \\
CuH_33r & $0.0154853$ & $0.028227$ & $0.01114$ & $0.0229751$ & $0.00951536$ & $0.0444806$ & $0.954721$ & $-0.0553265$ & $-0.0403634$ & $0.224329$ & $0.110975$ & $0.698495$ & $-0.717292$ & $-0.132348$ & $-0.0500163$ & $-0.0354688$ & $-0.114662$ & $-0.088305$ & $-0.0958147$ & $-0.106662$ & $-0.110048$ & $-0.108437$ & $0.00423655$ & $-0.0485288$ & $-0.0978143$ & $0.0778042$ & $-0.0298249$ & $-0.0494277$ & $-0.145487$ & $-0.461343$ & $-0.262594$ & $1$ & $-0.46331$ & $-0.0127924$ & $-0.0392703$ & $-0.0451165$ & $0.0155383$ & $0.00300896$ & $0.0175959$ & $-0.0087972$ & $-0.000414051$ & $0.00216593$ & $0.0101533$ & $-0.0230382$ & $0.00769331$ & $0.00179956$ & $0.0205639$ & $0.00231452$ & $0.00343029$ \\
CdH_33r & $-0.0314041$ & $-1.2977e-05$ & $-0.0221482$ & $-0.0401138$ & $-0.0098727$ & $-0.0388592$ & $-0.620113$ & $0.0492012$ & $0.0719577$ & $-0.247288$ & $-0.100002$ & $-0.67804$ & $0.73933$ & $0.116254$ & $0.049446$ & $0.0383695$ & $0.10442$ & $0.0785746$ & $0.0857423$ & $0.098107$ & $0.0991968$ & $0.0996801$ & $0.000715125$ & $0.0473614$ & $0.0856848$ & $-0.0733703$ & $0.0201186$ & $0.0421645$ & $0.179542$ & $0.836862$ & $0.517603$ & $-0.46331$ & $1$ & $0.00976737$ & $0.0371307$ & $0.0409156$ & $-0.140978$ & $-0.00929379$ & $-0.0127995$ & $0.000576553$ & $0.02145$ & $-0.00700645$ & $-0.00371696$ & $0.0377771$ & $-0.00398482$ & $0.0350346$ & $-0.0512733$ & $0.0876907$ & $0.261017$ \\
CLL_1221 & $-0.0107154$ & $0.0073147$ & $0.0103206$ & $-0.0194715$ & $-0.0150332$ & $-0.0961818$ & $-0.0103869$ & $0.530857$ & $0.526528$ & $-0.309541$ & $-0.323697$ & $-0.0434917$ & $0.0144448$ & $-0.172119$ & $-0.466284$ & $-0.0132659$ & $-0.2577$ & $-0.0700726$ & $-0.376742$ & $0.267677$ & $0.389591$ & $0.391022$ & $0.20202$ & $-0.611631$ & $-0.246563$ & $-0.262837$ & $0.686358$ & $0.161803$ & $0.00739846$ & $0.0077558$ & $-0.00256955$ & $-0.0127924$ & $0.00976737$ & $1$ & $-0.0214686$ & $-0.0110137$ & $-0.00474853$ & $-0.00548264$ & $-0.0386584$ & $-0.00245587$ & $0.0249627$ & $-0.00576713$ & $0.0184256$ & $0.00350912$ & $-0.00745531$ & $-0.00260988$ & $-0.0203617$ & $-0.00512382$ & $0.0226616$ \\
eHggint & $-0.0590318$ & $-0.000183204$ & $-9.131e-05$ & $-0.0394829$ & $0.0119746$ & $0.016878$ & $-0.0874183$ & $-0.0201069$ & $-0.0324628$ & $0.0422265$ & $0.0299946$ & $-0.0675672$ & $0.10121$ & $-0.0202152$ & $-0.0044888$ & $-0.00380172$ & $-0.0254951$ & $-0.0191969$ & $-0.0155866$ & $-0.0290081$ & $-0.030707$ & $-0.0275571$ & $-0.0177091$ & $-0.00313774$ & $-0.0269058$ & $0.0221307$ & $-0.0429593$ & $-0.0061119$ & $-0.00614775$ & $0.0392997$ & $0.0153243$ & $-0.0392703$ & $0.0371307$ & $-0.0214686$ & $1$ & $-0.0697469$ & $0.00451957$ & $-0.00305403$ & $-0.0649173$ & $0.0043903$ & $-0.0620688$ & $-0.0112462$ & $-0.0135783$ & $-0.0082393$ & $0.0499284$ & $-0.100258$ & $-0.0100701$ & $-0.0150188$ & $0.0206609$ \\
eHggpar & $-0.0245504$ & $0.0616836$ & $0.00884289$ & $-0.0136937$ & $-0.0032107$ & $0.000214641$ & $-0.074229$ & $-0.0134125$ & $-0.0169205$ & $0.00330359$ & $0.0152762$ & $-0.0635169$ & $0.0773527$ & $-0.00705696$ & $-0.00233115$ & $-0.0184657$ & $-0.00828402$ & $-0.00547783$ & $0.0060068$ & $-0.0132644$ & $-0.0145681$ & $-0.0126084$ & $0.0038766$ & $0.00328939$ & $0.00314283$ & $0.00901706$ & $0.00293719$ & $-0.0100472$ & $0.0133554$ & $0.0491629$ & $0.0227342$ & $-0.0451165$ & $0.0409156$ & $-0.0110137$ & $-0.0697469$ & $1$ & $-0.0594308$ & $-0.0172566$ & $-0.0637173$ & $0.00856535$ & $0.0586028$ & $7.42831e-05$ & $0.000869461$ & $0.0237238$ & $0.0134262$ & $0.0574596$ & $-0.0518943$ & $-0.0413089$ & $-0.025114$ \\
eHWWint & $0.091569$ & $0.00215688$ & $0.0498819$ & $-0.0731114$ & $0.019314$ & $-0.00810208$ & $0.0394942$ & $-0.00384768$ & $-0.0132195$ & $0.0218821$ & $0.00393608$ & $0.0370949$ & $-0.035351$ & $0.000149557$ & $0.000804168$ & $0.000470377$ & $-0.00168267$ & $-0.0010724$ & $0.000839483$ & $-0.00430781$ & $-0.00419697$ & $-0.00119233$ & $0.00752421$ & $-0.00370665$ & $-0.00854649$ & $-0.0128912$ & $-0.00768029$ & $-0.00999481$ & $-0.0180124$ & $-0.122739$ & $-0.058911$ & $0.0155383$ & $-0.140978$ & $-0.00474853$ & $0.00451957$ & $-0.0594308$ & $1$ & $-0.0140831$ & $0.0331103$ & $0.0184795$ & $0.00729902$ & $-0.0173378$ & $-0.0420456$ & $-0.0956864$ & $-0.043793$ & $-0.0593567$ & $0.0815154$ & $-0.00726301$ & $-0.00152636$ \\
eHWWpar & $0.00960212$ & $-0.0146739$ & $0.0102127$ & $0.0162972$ & $0.00400869$ & $-0.00366736$ & $0.00535532$ & $0.00484496$ & $0.00600506$ & $0.00126793$ & $-0.0139945$ & $0.00927829$ & $-0.0102667$ & $0.0171725$ & $0.013863$ & $0.00473043$ & $0.0210241$ & $0.0112608$ & $0.015946$ & $0.0140044$ & $0.0136705$ & $0.0132807$ & $-0.00631296$ & $0.0126275$ & $0.0152313$ & $-0.00560111$ & $0.00048244$ & $0.0119715$ & $-0.00172538$ & $-0.0102733$ & $-0.00572365$ & $0.00300896$ & $-0.00929379$ & $-0.00548264$ & $-0.00305403$ & $-0.0172566$ & $-0.0140831$ & $1$ & $0.032037$ & $-0.00862114$ & $0.00536867$ & $0.00149536$ & $0.0243673$ & $-0.0145645$ & $0.00328143$ & $-0.0181936$ & $0.000297534$ & $-0.00225865$ & $0.014612$ \\
eHZZint & $0.033654$ & $-0.00315531$ & $0.125995$ & $-0.0507616$ & $-0.00630377$ & $0.00754415$ & $0.0170428$ & $-0.0366287$ & $-0.0398609$ & $0.025899$ & $0.0204494$ & $0.0236767$ & $-0.0302041$ & $0.0193504$ & $-0.00189329$ & $-0.00248667$ & $0.0227435$ & $0.0303122$ & $0.0290879$ & $-0.0179624$ & $-0.022582$ & $-0.0250393$ & $-0.0014635$ & $0.0456906$ & $0.0265197$ & $0.00908725$ & $-0.0266948$ & $-0.0106764$ & $-0.0107928$ & $-0.0303888$ & $0.00991882$ & $0.0175959$ & $-0.0127995$ & $-0.0386584$ & $-0.0649173$ & $-0.0637173$ & $0.0331103$ & $0.032037$ & $1$ & $0.00613723$ & $0.014664$ & $0.00239119$ & $-0.0378211$ & $-0.0511645$ & $-0.00246637$ & $-0.0764365$ & $0.081414$ & $0.00274702$ & $0.0639726$ \\
eHZZpar & $0.00323819$ & $-0.0109699$ & $0.0283044$ & $0.00233703$ & $-0.00612439$ & $0.0024084$ & $-0.00866591$ & $0.00527303$ & $0.00516342$ & $-0.00418809$ & $-0.00751972$ & $-0.00151772$ & $0.00103889$ & $0.00691066$ & $0.00825657$ & $0.000824824$ & $0.00559082$ & $9.04859e-05$ & $0.00494654$ & $0.00687629$ & $0.00720001$ & $0.00756519$ & $0.00243151$ & $-0.00028911$ & $0.00533242$ & $-0.00282898$ & $0.00525479$ & $0.00889558$ & $0.00127681$ & $-0.00534514$ & $-0.00246883$ & $-0.0087972$ & $0.000576553$ & $-0.00245587$ & $0.0043903$ & $0.00856535$ & $0.0184795$ & $-0.00862114$ & $0.00613723$ & $1$ & $0.0259315$ & $-0.00808751$ & $-0.00591092$ & $0.0043291$ & $-0.00437541$ & $0.00413571$ & $-0.000230335$ & $0.00115428$ & $0.0159436$ \\
eHZgaint & $-0.00751304$ & $0.0232382$ & $0.0373348$ & $-0.0208763$ & $0.00253596$ & $0.00506519$ & $0.00109296$ & $0.0141263$ & $0.0125881$ & $-0.0693407$ & $-0.0044462$ & $-0.0100752$ & $0.00270837$ & $-0.0134915$ & $-0.00850438$ & $-0.0180402$ & $-0.0127519$ & $-0.0139887$ & $-0.00804915$ & $0.00242264$ & $0.00720713$ & $0.00763822$ & $0.0216419$ & $-0.0192204$ & $-0.00157997$ & $-0.0137624$ & $0.0412454$ & $0.00635976$ & $0.0150878$ & $0.0125153$ & $-0.00079786$ & $-0.000414051$ & $0.02145$ & $0.0249627$ & $-0.0620688$ & $0.0586028$ & $0.00729902$ & $0.00536867$ & $0.014664$ & $0.0259315$ & $1$ & $0.00119329$ & $-0.0575469$ & $-0.0145303$ & $0.0481879$ & $-0.0537053$ & $-0.0191022$ & $0.00100452$ & $0.0430875$ \\
eHZgapar & $-0.00953502$ & $-0.0105994$ & $-0.0201755$ & $-0.0137541$ & $0.00919324$ & $-0.0174703$ & $0.00392683$ & $0.0058583$ & $0.00574734$ & $-0.0123569$ & $-0.00967229$ & $0.004617$ & $-0.00833312$ & $0.00372755$ & $0.0156519$ & $0.0163634$ & $0.0105477$ & $-0.00075001$ & $1.70048e-05$ & $0.0107351$ & $0.00847575$ & $0.0103704$ & $-0.0100825$ & $0.00742236$ & $0.00518376$ & $0.00254103$ & $-0.00210735$ & $0.00989918$ & $-0.00695502$ & $-0.00202012$ & $-0.00528223$ & $0.00216593$ & $-0.00700645$ & $-0.00576713$ & $-0.0112462$ & $7.42831e-05$ & $-0.0173378$ & $0.00149536$ & $0.00239119$ & $-0.00808751$ & $0.00119329$ & $1$ & $0.00424756$ & $0.0146987$ & $-0.000178591$ & $0.0193064$ & $0.00115425$ & $-0.0052883$ & $-0.0247757$ \\
eHgagaint & $0.0877515$ & $-0.0246119$ & $-0.0740866$ & $-0.0142689$ & $-0.000248772$ & $0.0118366$ & $0.00961702$ & $0.00102539$ & $0.0536287$ & $-0.009377$ & $0.00783795$ & $-0.00124924$ & $-0.00293225$ & $-0.0146352$ & $-0.0242555$ & $-0.0214236$ & $-0.0188047$ & $-0.00590046$ & $-0.00938792$ & $-0.011211$ & $-0.00717705$ & $-0.00840005$ & $0.0125357$ & $-0.0143708$ & $-0.0165927$ & $0.00260105$ & $0.0220329$ & $-0.000521823$ & $0.00587568$ & $-0.00360067$ & $-0.000574667$ & $0.0101533$ & $-0.00371696$ & $0.0184256$ & $-0.0135783$ & $0.000869461$ & $-0.0420456$ & $0.0243673$ & $-0.0378211$ & $-0.00591092$ & $-0.0575469$ & $0.00424756$ & $1$ & $0.0884642$ & $-0.013213$ & $0.0158276$ & $-0.00818804$ & $-0.0476408$ & $-0.0025636$ \\
eHmumuint & $0.0343168$ & $0.0562258$ & $0.026097$ & $-0.0541583$ & $0.00609944$ & $0.00173669$ & $-0.0266468$ & $0.00169812$ & $0.00609312$ & $-0.0145496$ & $-0.00336025$ & $-0.0374869$ & $0.0372367$ & $0.000976088$ & $0.00236043$ & $0.00889833$ & $0.00307405$ & $0.000695795$ & $-0.00329676$ & $0.00451089$ & $0.00432511$ & $0.00335822$ & $0.00876797$ & $0.000627807$ & $-0.00278637$ & $-0.012568$ & $-0.000752347$ & $0.0022833$ & $0.00718048$ & $0.0381916$ & $0.0163368$ & $-0.0230382$ & $0.0377771$ & $0.00350912$ & $-0.0082393$ & $0.0237238$ & $-0.0956864$ & $-0.0145645$ & $-0.0511645$ & $0.0043291$ & $-0.0145303$ & $0.0146987$ & $0.0884642$ & $1$ & $0.0403324$ & $0.00705519$ & $-0.0091272$ & $0.032837$ & $-0.0209397$ \\
eHtautauint & $0.0104818$ & $0.0109841$ & $0.0603446$ & $0.0426448$ & $0.00883264$ & $0.0183603$ & $0.00394827$ & $-0.0125888$ & $-0.0126548$ & $0.00938965$ & $0.0240369$ & $0.00393054$ & $0.000590671$ & $-0.0195481$ & $-0.0109258$ & $-0.0110326$ & $-0.0285091$ & $-0.0169331$ & $-0.0158926$ & $-0.0229746$ & $-0.0233648$ & $-0.0238588$ & $-0.0192841$ & $-0.0123546$ & $-0.024807$ & $0.0294625$ & $-0.0163709$ & $-0.00600598$ & $0.00688758$ & $0.048331$ & $0.00520338$ & $0.00769331$ & $-0.00398482$ & $-0.00745531$ & $0.0499284$ & $0.0134262$ & $-0.043793$ & $0.00328143$ & $-0.00246637$ & $-0.00437541$ & $0.0481879$ & $-0.000178591$ & $-0.013213$ & $0.0403324$ & $1$ & $0.06414$ & $-0.0162825$ & $0.0126428$ & $-0.0208139$ \\
eHccint & $0.0463501$ & $-0.0444012$ & $-0.0343442$ & $-0.0142957$ & $-0.00128617$ & $-0.0236893$ & $0.000747235$ & $0.00218416$ & $0.0050529$ & $-0.00089946$ & $0.00141909$ & $-0.00383318$ & $0.00600768$ & $-0.00926268$ & $0.00421814$ & $-0.00231959$ & $-0.00489102$ & $-0.00951908$ & $-0.00686841$ & $-0.00229476$ & $-0.00266508$ & $-0.00353806$ & $0.00955413$ & $-0.00520539$ & $-0.0130904$ & $-0.0136215$ & $-0.00687705$ & $0.0107841$ & $0.00873412$ & $0.0192884$ & $0.0731903$ & $0.00179956$ & $0.0350346$ & $-0.00260988$ & $-0.100258$ & $0.0574596$ & $-0.0593567$ & $-0.0181936$ & $-0.0764365$ & $0.00413571$ & $-0.0537053$ & $0.0193064$ & $0.0158276$ & $0.00705519$ & $0.06414$ & $1$ & $0.0125022$ & $0.0416153$ & $0.0289022$ \\
eHccpar & $0.0165011$ & $0.0498505$ & $0.062811$ & $0.052976$ & $0.00523456$ & $0.000660663$ & $0.0304373$ & $-0.0258071$ & $-0.0257922$ & $0.0289242$ & $0.0314159$ & $0.0422852$ & $-0.0386881$ & $-0.0227984$ & $-0.00265646$ & $-0.0080237$ & $-0.0144584$ & $-0.0127718$ & $-0.0126944$ & $-0.029477$ & $-0.0324077$ & $-0.0327225$ & $0.0113927$ & $0.00767556$ & $-0.0158776$ & $0.0126982$ & $-0.0223479$ & $-0.0134555$ & $-0.00729824$ & $-0.0392468$ & $0.272544$ & $0.0205639$ & $-0.0512733$ & $-0.0203617$ & $-0.0100701$ & $-0.0518943$ & $0.0815154$ & $0.000297534$ & $0.081414$ & $-0.000230335$ & $-0.0191022$ & $0.00115425$ & $-0.00818804$ & $-0.0091272$ & $-0.0162825$ & $0.0125022$ & $1$ & $-0.111259$ & $0.0252207$ \\
eHbbint & $-0.0226517$ & $0.0301003$ & $0.132047$ & $-0.0608969$ & $0.00984365$ & $0.0111216$ & $-0.0006135$ & $0.00379121$ & $0.0029435$ & $-0.0102567$ & $-0.00153071$ & $-0.00593072$ & $0.00101001$ & $-0.00301414$ & $0.0130059$ & $0.00645318$ & $-0.00135423$ & $-0.0106647$ & $-0.00552828$ & $0.00317001$ & $0.00336751$ & $0.00389957$ & $-0.0215101$ & $-0.00463396$ & $-0.0092818$ & $0.0143775$ & $-0.0136189$ & $0.00507091$ & $0.0229478$ & $0.0250334$ & $-0.0155531$ & $0.00231452$ & $0.0876907$ & $-0.00512382$ & $-0.0150188$ & $-0.0413089$ & $-0.00726301$ & $-0.00225865$ & $0.00274702$ & $0.00115428$ & $0.00100452$ & $-0.0052883$ & $-0.0476408$ & $0.032837$ & $0.0126428$ & $0.0416153$ & $-0.111259$ & $1$ & $-0.11505$ \\
eHbbpar & $-0.0765892$ & $0.0392937$ & $0.00834048$ & $-0.0140688$ & $-0.00156633$ & $0.0112684$ & $-0.00458655$ & $0.0183627$ & $0.0182666$ & $-0.00114634$ & $-0.00778897$ & $-0.003133$ & $0.00562547$ & $-0.00284203$ & $-0.00859838$ & $-0.0114257$ & $-0.0234402$ & $-0.0141592$ & $-0.0125525$ & $0.00715359$ & $0.0106629$ & $0.0112768$ & $0.0319058$ & $-0.0149093$ & $0.00213912$ & $-0.0198009$ & $0.04525$ & $-0.00889159$ & $0.0104183$ & $-0.00553399$ & $0.00510579$ & $0.00343029$ & $0.261017$ & $0.0226616$ & $0.0206609$ & $-0.025114$ & $-0.00152636$ & $0.014612$ & $0.0639726$ & $0.0159436$ & $0.0430875$ & $-0.0247757$ & $-0.0025636$ & $-0.0209397$ & $-0.0208139$ & $0.0289022$ & $0.0252207$ & $-0.11505$ & $1$ \\
