 & AlsMz & dAle5Mz & mtop & mHl & Mz & CW & CHG & CHWB & CHWHB_gaga & CHWHB_gagaorth & CHD & CHbox & CH & CHL1_11 & CHL1_22 & CHL1_33 & CHL3_11 & CHL3_22 & CHL3_33 & CHe_11 & CHe_22 & CHe_33 & CHQ1_11 & CHQ1_33 & CHQ3_11 & CHu_11 & CHd_11 & CHd_33 & CeH_22r & CeH_33r & CuH_22r & CuH_33r & CdH_33r & CLL_1221 & eHggint & eHggpar & eHWWint & eHWWpar & eHZZint & eHZZpar & eHZgaint & eHZgapar & eHgagaint & eHmumuint & eHtautauint & eHccint & eHccpar & eHbbint & eHbbpar \\
AlsMz & $1$ & $-0.0478279$ & $-0.00615791$ & $0.0714725$ & $0.0410092$ & $0.0165768$ & $-0.0828968$ & $-0.0216593$ & $-0.0206724$ & $0.0338708$ & $0.0233375$ & $-0.0683971$ & $0.0778611$ & $-0.0156243$ & $-0.00120999$ & $-0.0252167$ & $-0.0128685$ & $-0.0159589$ & $-0.00165214$ & $-0.0317171$ & $-0.0277106$ & $-0.0497682$ & $-0.0308434$ & $-0.0385939$ & $-0.0759664$ & $-0.0038342$ & $-0.0233104$ & $-0.0241688$ & $0.0215792$ & $0.121885$ & $0.0774453$ & $-0.0732736$ & $0.0537805$ & $-0.028047$ & $0.306271$ & $0.524588$ & $-0.164452$ & $0.0946061$ & $-0.0639548$ & $0.109219$ & $0.0326531$ & $0.00154969$ & $-0.145006$ & $-0.336701$ & $0.0827054$ & $-0.0131465$ & $-0.05737$ & $0.332772$ & $-0.17627$ \\
dAle5Mz & $-0.0478279$ & $1$ & $0.268928$ & $-0.055156$ & $-0.01984$ & $-0.00884617$ & $0.0347373$ & $-0.0670725$ & $-0.0501615$ & $0.0394858$ & $0.0423207$ & $0.0664794$ & $-0.0655143$ & $0.0335478$ & $0.0277058$ & $0.0039693$ & $0.00676162$ & $0.0162884$ & $0.0184399$ & $-0.0138082$ & $-0.029158$ & $-0.0190512$ & $0.0491053$ & $0.0633569$ & $0.00739499$ & $-0.000521811$ & $-0.0622168$ & $0.023196$ & $0.0125324$ & $-0.105149$ & $-0.0740724$ & $0.0117618$ & $-0.0869314$ & $-0.0439492$ & $-0.109415$ & $-0.160739$ & $0.41542$ & $-0.00666174$ & $-0.191152$ & $-0.0481929$ & $-0.0103375$ & $-0.0730897$ & $0.124077$ & $0.0901556$ & $-0.432625$ & $-0.296089$ & $-0.131045$ & $-0.0841911$ & $0.0650742$ \\
mtop & $-0.00615791$ & $0.268928$ & $1$ & $-0.0840607$ & $0.0365484$ & $-0.0251671$ & $-0.0629649$ & $-0.0205147$ & $-0.015894$ & $-0.00485462$ & $-0.000302187$ & $-0.088923$ & $0.0805181$ & $0.0313156$ & $0.0194988$ & $-0.020837$ & $0.0520958$ & $0.0289401$ & $0.0534076$ & $0.00588783$ & $0.0111123$ & $0.00579323$ & $-0.00446424$ & $0.0460813$ & $0.0349615$ & $0.00699436$ & $-0.00182715$ & $-0.0219952$ & $0.0648031$ & $0.100935$ & $0.0237214$ & $-0.0230644$ & $0.147632$ & $-0.0105184$ & $0.0530036$ & $-0.163023$ & $-0.0818607$ & $-0.086933$ & $0.338463$ & $0.0834663$ & $0.267419$ & $-0.0802227$ & $0.333276$ & $0.160562$ & $-0.0597193$ & $0.0813762$ & $0.230156$ & $-0.121373$ & $0.298904$ \\
mHl & $0.0714725$ & $-0.055156$ & $-0.0840607$ & $1$ & $-0.0194332$ & $-0.0236173$ & $0.105105$ & $0.0265858$ & $0.0260764$ & $0.0793674$ & $-0.0209901$ & $0.116283$ & $-0.130131$ & $0.0128602$ & $-0.0308657$ & $0.0350151$ & $-0.03128$ & $0.00987634$ & $-0.0343775$ & $0.0184945$ & $0.0189326$ & $0.0212918$ & $-0.0873227$ & $-0.0273464$ & $-0.0245861$ & $0.0523279$ & $0.00507925$ & $-0.00848291$ & $0.00841674$ & $-0.0294655$ & $-0.0346156$ & $0.0935314$ & $-0.0690681$ & $0.0379775$ & $-0.133811$ & $0.108578$ & $-0.249269$ & $0.138305$ & $0.376358$ & $0.177741$ & $-0.259263$ & $0.12972$ & $0.189247$ & $0.044147$ & $0.382648$ & $0.25029$ & $-0.119094$ & $0.040935$ & $0.0440844$ \\
Mz & $0.0410092$ & $-0.01984$ & $0.0365484$ & $-0.0194332$ & $1$ & $-0.0301654$ & $0.00612118$ & $0.00123578$ & $-0.00962972$ & $0.035491$ & $-0.00894106$ & $0.0346083$ & $-0.0334624$ & $0.035015$ & $-0.0146484$ & $0.0684303$ & $0.0171986$ & $0.0403817$ & $-0.012643$ & $0.0154161$ & $0.0119558$ & $0.0161411$ & $-0.00602579$ & $0.0201614$ & $0.0140799$ & $-0.0173309$ & $-0.0210503$ & $0.0191231$ & $0.0436079$ & $-0.0565108$ & $-0.00138246$ & $0.00396174$ & $-0.0400328$ & $0.00964228$ & $0.0157309$ & $0.0803438$ & $0.00809302$ & $0.0450685$ & $-0.0215999$ & $0.0620933$ & $-0.0417219$ & $-0.00169668$ & $-0.0514752$ & $0.0497362$ & $-0.0896266$ & $-0.105826$ & $0.044441$ & $-0.024238$ & $-0.0463738$ \\
CW & $0.0165768$ & $-0.00884617$ & $-0.0251671$ & $-0.0236173$ & $-0.0301654$ & $1$ & $0.052487$ & $-0.0935523$ & $-0.0880337$ & $0.0099599$ & $0.209178$ & $0.0422186$ & $-0.0426227$ & $-0.04436$ & $-0.0908508$ & $-0.125665$ & $-0.386353$ & $-0.174359$ & $-0.148082$ & $-0.205968$ & $-0.215151$ & $-0.221645$ & $0.000783713$ & $-0.103954$ & $-0.203921$ & $0.13136$ & $-0.0821835$ & $-0.188823$ & $-0.0318891$ & $-0.0174927$ & $0.0194254$ & $0.0696978$ & $-0.037923$ & $-0.155271$ & $0.0454148$ & $0.0119338$ & $-0.0433408$ & $0.0231012$ & $-0.0463963$ & $0.0594516$ & $0.0489647$ & $-0.0207822$ & $0.0712802$ & $-0.0584859$ & $-0.050931$ & $-0.0686614$ & $0.0334409$ & $-0.080788$ & $-0.0634709$ \\
CHG & $-0.0828968$ & $0.0347373$ & $-0.0629649$ & $0.105105$ & $0.00612118$ & $0.052487$ & $1$ & $-0.0407288$ & $-0.0211756$ & $0.213245$ & $0.107928$ & $0.778043$ & $-0.787448$ & $-0.136691$ & $-0.0310859$ & $0.00238463$ & $-0.135028$ & $-0.111745$ & $-0.133714$ & $-0.101519$ & $-0.108595$ & $-0.0997508$ & $-0.0186335$ & $-0.0674061$ & $-0.11845$ & $0.0774893$ & $-0.0571315$ & $-0.0454765$ & $-0.111376$ & $-0.588781$ & $-0.37406$ & $0.942838$ & $-0.601585$ & $-0.0151885$ & $-0.20704$ & $-0.116673$ & $0.084193$ & $0.0234772$ & $0.135341$ & $0.0531542$ & $0.0121366$ & $-0.0365734$ & $0.236805$ & $0.0982069$ & $0.054485$ & $-0.139492$ & $-0.00876692$ & $-0.188083$ & $0.0271657$ \\
CHWB & $-0.0216593$ & $-0.0670725$ & $-0.0205147$ & $0.0265858$ & $0.00123578$ & $-0.0935523$ & $-0.0407288$ & $1$ & $0.990364$ & $-0.529763$ & $-0.871547$ & $-0.0639169$ & $0.0399446$ & $0.253459$ & $0.458187$ & $0.451225$ & $-0.249601$ & $-0.427067$ & $-0.420701$ & $0.855567$ & $0.88373$ & $0.873557$ & $0.0327434$ & $-0.638136$ & $-0.387399$ & $-0.599994$ & $0.386893$ & $0.360128$ & $0.017981$ & $0.035816$ & $0.022026$ & $-0.056643$ & $0.0378158$ & $0.516428$ & $-0.0338446$ & $0.0574795$ & $-0.0252056$ & $0.020008$ & $-0.0298595$ & $-0.0161198$ & $-0.0803401$ & $0.0296402$ & $-0.0246167$ & $0.0525987$ & $0.0357843$ & $-0.00576143$ & $0.0585774$ & $0.0114404$ & $0.031548$ \\
CHWHB_gaga & $-0.0206724$ & $-0.0501615$ & $-0.015894$ & $0.0260764$ & $-0.00962972$ & $-0.0880337$ & $-0.0211756$ & $0.990364$ & $1$ & $-0.522369$ & $-0.861602$ & $-0.0694062$ & $0.0474583$ & $0.248923$ & $0.456383$ & $0.446256$ & $-0.251523$ & $-0.428028$ & $-0.419446$ & $0.845842$ & $0.873515$ & $0.864198$ & $0.0322171$ & $-0.63286$ & $-0.387528$ & $-0.593057$ & $0.383121$ & $0.351533$ & $0.022743$ & $0.0545735$ & $0.0405352$ & $-0.0358623$ & $0.0637174$ & $0.509224$ & $-0.0354247$ & $0.0506795$ & $-0.0223641$ & $0.0174409$ & $-0.0343581$ & $-0.0130402$ & $-0.0773169$ & $0.0254944$ & $-0.00313461$ & $0.0625346$ & $0.0339964$ & $-0.00459704$ & $0.0594989$ & $0.0149385$ & $0.04385$ \\
CHWHB_gagaorth & $0.0338708$ & $0.0394858$ & $-0.00485462$ & $0.0793674$ & $0.035491$ & $0.0099599$ & $0.213245$ & $-0.529763$ & $-0.522369$ & $1$ & $0.449008$ & $0.292299$ & $-0.236976$ & $-0.109875$ & $-0.235147$ & $-0.232847$ & $0.156442$ & $0.248269$ & $0.243486$ & $-0.439344$ & $-0.455243$ & $-0.445175$ & $-0.064686$ & $0.361616$ & $0.225901$ & $0.33682$ & $-0.208561$ & $-0.151426$ & $0.0232383$ & $-0.199421$ & $-0.156393$ & $0.222817$ & $-0.232377$ & $-0.278699$ & $0.0146884$ & $-0.0808126$ & $-0.0333491$ & $0.0448924$ & $0.109084$ & $0.0559162$ & $-0.0288889$ & $-0.0378133$ & $0.0642722$ & $0.0277382$ & $0.00954103$ & $0.0549806$ & $0.00618203$ & $0.00882329$ & $-0.0347649$ \\
CHD & $0.0233375$ & $0.0423207$ & $-0.000302187$ & $-0.0209901$ & $-0.00894106$ & $0.209178$ & $0.107928$ & $-0.871547$ & $-0.861602$ & $0.449008$ & $1$ & $0.157279$ & $-0.124908$ & $-0.649219$ & $-0.569318$ & $-0.550748$ & $-0.226619$ & $0.00209862$ & $-0.00519511$ & $-0.994585$ & $-0.995119$ & $-0.980606$ & $0.016041$ & $0.224601$ & $-0.0488607$ & $0.677617$ & $-0.271904$ & $-0.434689$ & $-0.0260862$ & $-0.0960879$ & $-0.0685747$ & $0.125733$ & $-0.109709$ & $-0.31497$ & $0.0100385$ & $-0.0393231$ & $0.029714$ & $-0.0527215$ & $0.0145384$ & $0.0243218$ & $0.10125$ & $-0.0533125$ & $0.0712321$ & $-0.0436641$ & $-0.0137006$ & $-0.0278229$ & $-0.0382563$ & $-0.0411309$ & $-0.0124177$ \\
CHbox & $-0.0683971$ & $0.0664794$ & $-0.088923$ & $0.116283$ & $0.0346083$ & $0.0422186$ & $0.778043$ & $-0.0639169$ & $-0.0694062$ & $0.292299$ & $0.157279$ & $1$ & $-0.989484$ & $-0.211498$ & $-0.0791782$ & $-0.0100502$ & $-0.183652$ & $-0.13777$ & $-0.185817$ & $-0.14458$ & $-0.156189$ & $-0.14844$ & $-0.00608155$ & $-0.0827579$ & $-0.159725$ & $0.102596$ & $-0.0552324$ & $-0.0427306$ & $-0.117071$ & $-0.68661$ & $-0.43292$ & $0.677216$ & $-0.731817$ & $0.0066454$ & $-0.231791$ & $-0.095753$ & $0.137008$ & $0.075933$ & $0.138038$ & $0.0612769$ & $-0.00941361$ & $-0.103473$ & $0.297155$ & $0.0553068$ & $0.00649223$ & $-0.198479$ & $-0.00910625$ & $-0.222049$ & $-0.0211925$ \\
CH & $0.0778611$ & $-0.0655143$ & $0.0805181$ & $-0.130131$ & $-0.0334624$ & $-0.0426227$ & $-0.787448$ & $0.0399446$ & $0.0474583$ & $-0.236976$ & $-0.124908$ & $-0.989484$ & $1$ & $0.18318$ & $0.0672302$ & $-0.00443598$ & $0.16817$ & $0.126367$ & $0.174711$ & $0.113762$ & $0.123849$ & $0.11523$ & $0.00183182$ & $0.0840865$ & $0.147164$ & $-0.0831527$ & $0.0414187$ & $0.027262$ & $0.127772$ & $0.70819$ & $0.441168$ & $-0.67957$ & $0.747959$ & $-0.0189276$ & $0.242538$ & $0.0969749$ & $-0.130485$ & $-0.0782822$ & $-0.141833$ & $-0.0642264$ & $0.00933743$ & $0.0890577$ & $-0.306394$ & $-0.0602394$ & $-0.00382197$ & $0.194224$ & $0.00602023$ & $0.236264$ & $0.00628867$ \\
CHL1_11 & $-0.0156243$ & $0.0335478$ & $0.0313156$ & $0.0128602$ & $0.035015$ & $-0.04436$ & $-0.136691$ & $0.253459$ & $0.248923$ & $-0.109875$ & $-0.649219$ & $-0.211498$ & $0.18318$ & $1$ & $0.381122$ & $0.358401$ & $0.608512$ & $0.58411$ & $0.588463$ & $0.659384$ & $0.624076$ & $0.614771$ & $-0.0763542$ & $0.431468$ & $0.582795$ & $-0.423744$ & $-0.0375733$ & $0.28216$ & $0.00934377$ & $0.123615$ & $0.084047$ & $-0.147096$ & $0.146571$ & $-0.1728$ & $0.0388306$ & $-0.0127948$ & $-0.0324242$ & $0.0996908$ & $0.00661385$ & $-0.00929339$ & $-0.080472$ & $0.0712829$ & $-0.0919754$ & $0.0323337$ & $-0.0442215$ & $0.0553423$ & $0.00543347$ & $0.0460074$ & $-0.0455325$ \\
CHL1_22 & $-0.00120999$ & $0.0277058$ & $0.0194988$ & $-0.0308657$ & $-0.0146484$ & $-0.0908508$ & $-0.0310859$ & $0.458187$ & $0.456383$ & $-0.235147$ & $-0.569318$ & $-0.0791782$ & $0.0672302$ & $0.381122$ & $1$ & $0.55327$ & $0.153815$ & $-0.335106$ & $-0.0337343$ & $0.615685$ & $0.513264$ & $0.500345$ & $-0.204336$ & $0.030421$ & $-0.0889539$ & $-0.320357$ & $-0.304049$ & $0.20745$ & $0.0378252$ & $0.0570097$ & $0.093884$ & $-0.0266381$ & $0.0960313$ & $-0.481834$ & $0.0256693$ & $0.0509911$ & $-0.0387628$ & $0.0489031$ & $-0.0228929$ & $0.0363787$ & $-0.083247$ & $0.0533245$ & $-0.0411975$ & $0.0549426$ & $-0.0165302$ & $0.0409323$ & $0.0498986$ & $0.098574$ & $0.0786441$ \\
CHL1_33 & $-0.0252167$ & $0.0039693$ & $-0.020837$ & $0.0350151$ & $0.0684303$ & $-0.125665$ & $0.00238463$ & $0.451225$ & $0.446256$ & $-0.232847$ & $-0.550748$ & $-0.0100502$ & $-0.00443598$ & $0.358401$ & $0.55327$ & $1$ & $0.137651$ & $-0.0520863$ & $-0.339453$ & $0.595036$ & $0.497112$ & $0.496056$ & $-0.156308$ & $0.0271014$ & $-0.0988391$ & $-0.338263$ & $-0.29798$ & $0.224265$ & $0.0234059$ & $-0.00983089$ & $0.0259072$ & $-0.0105874$ & $0.020066$ & $-0.0444349$ & $-0.0265904$ & $0.082979$ & $0.0203449$ & $0.0753881$ & $-0.0562218$ & $0.0530382$ & $-0.0934527$ & $0.0552302$ & $-0.0279216$ & $0.0393094$ & $-0.0583276$ & $-0.0238403$ & $0.0344028$ & $-0.0355822$ & $0.0324034$ \\
CHL3_11 & $-0.0128685$ & $0.00676162$ & $0.0520958$ & $-0.03128$ & $0.0171986$ & $-0.386353$ & $-0.135028$ & $-0.249601$ & $-0.251523$ & $0.156442$ & $-0.226619$ & $-0.183652$ & $0.16817$ & $0.608512$ & $0.153815$ & $0.137651$ & $1$ & $0.812971$ & $0.810852$ & $0.23539$ & $0.206463$ & $0.196185$ & $-0.0591349$ & $0.760942$ & $0.854425$ & $-0.148101$ & $-0.126572$ & $0.151919$ & $0.024157$ & $0.126527$ & $0.0839528$ & $-0.137586$ & $0.145521$ & $-0.249398$ & $0.0394028$ & $-0.0406793$ & $-0.00522724$ & $0.0202074$ & $0.0407218$ & $-0.0359998$ & $-0.0158839$ & $0.0309536$ & $-0.0857819$ & $-0.0344911$ & $-0.0103844$ & $0.0802134$ & $-0.0339302$ & $0.0627434$ & $-0.015048$ \\
CHL3_22 & $-0.0159589$ & $0.0162884$ & $0.0289401$ & $0.00987634$ & $0.0403817$ & $-0.174359$ & $-0.111745$ & $-0.427067$ & $-0.428028$ & $0.248269$ & $0.00209862$ & $-0.13777$ & $0.126367$ & $0.58411$ & $-0.335106$ & $-0.0520863$ & $0.812971$ & $1$ & $0.794628$ & $-0.00741582$ & $-0.00238831$ & $-0.00294006$ & $0.0212633$ & $0.738604$ & $0.866559$ & $-0.0181405$ & $-0.024737$ & $0.0565229$ & $-0.00814229$ & $0.0840113$ & $0.0336849$ & $-0.119809$ & $0.084866$ & $-0.0553217$ & $0.0254909$ & $-0.0613745$ & $0.0132079$ & $0.0391095$ & $0.0400462$ & $-0.0350023$ & $0.00156813$ & $0.0209089$ & $-0.0671486$ & $-0.0417625$ & $-0.0332666$ & $0.0422647$ & $-0.0609366$ & $-0.00929224$ & $-0.0796629$ \\
CHL3_33 & $-0.00165214$ & $0.0184399$ & $0.0534076$ & $-0.0343775$ & $-0.012643$ & $-0.148082$ & $-0.133714$ & $-0.420701$ & $-0.419446$ & $0.243486$ & $-0.00519511$ & $-0.185817$ & $0.174711$ & $0.588463$ & $-0.0337343$ & $-0.339453$ & $0.810852$ & $0.794628$ & $1$ & $0.000862016$ & $0.00412285$ & $0.00909183$ & $-0.00377592$ & $0.73409$ & $0.865099$ & $-0.00511819$ & $-0.0218968$ & $0.0436815$ & $-0.00436861$ & $0.127025$ & $0.0745326$ & $-0.129527$ & $0.137994$ & $-0.352742$ & $0.0614612$ & $-0.0919053$ & $-0.0417759$ & $0.0219724$ & $0.0751132$ & $-0.0370104$ & $0.0179716$ & $0.0208558$ & $-0.063989$ & $-0.0306524$ & $0.00123781$ & $0.093258$ & $-0.0386804$ & $0.0758999$ & $-0.0481383$ \\
CHe_11 & $-0.0317171$ & $-0.0138082$ & $0.00588783$ & $0.0184945$ & $0.0154161$ & $-0.205968$ & $-0.101519$ & $0.855567$ & $0.845842$ & $-0.439344$ & $-0.994585$ & $-0.14458$ & $0.113762$ & $0.659384$ & $0.615685$ & $0.595036$ & $0.23539$ & $-0.00741582$ & $0.000862016$ & $1$ & $0.984713$ & $0.970366$ & $-0.0350855$ & $-0.190265$ & $0.0498834$ & $-0.669928$ & $0.216297$ & $0.433407$ & $0.0254534$ & $0.0868339$ & $0.0696166$ & $-0.119969$ & $0.104441$ & $0.255011$ & $-0.0132459$ & $0.0357429$ & $-0.0196744$ & $0.0592625$ & $-0.0217577$ & $-0.0213959$ & $-0.110584$ & $0.0547701$ & $-0.0687313$ & $0.051068$ & $-0.00454624$ & $0.016057$ & $0.0348358$ & $0.0375969$ & $0.0186705$ \\
CHe_22 & $-0.0277106$ & $-0.029158$ & $0.0111123$ & $0.0189326$ & $0.0119558$ & $-0.215151$ & $-0.108595$ & $0.88373$ & $0.873515$ & $-0.455243$ & $-0.995119$ & $-0.156189$ & $0.123849$ & $0.624076$ & $0.513264$ & $0.497112$ & $0.206463$ & $-0.00238831$ & $0.00412285$ & $0.984713$ & $1$ & $0.98477$ & $0.00798177$ & $-0.261705$ & $0.04228$ & $-0.682528$ & $0.33308$ & $0.436311$ & $0.0242894$ & $0.0942862$ & $0.0593239$ & $-0.127511$ & $0.106321$ & $0.381201$ & $-0.0124562$ & $0.0288977$ & $-0.0258387$ & $0.0438851$ & $-0.0130365$ & $-0.0310783$ & $-0.0929833$ & $0.0461322$ & $-0.06333$ & $0.0451613$ & $0.0140657$ & $0.02097$ & $0.0406572$ & $0.037938$ & $0.0151343$ \\
CHe_33 & $-0.0497682$ & $-0.0190512$ & $0.00579323$ & $0.0212918$ & $0.0161411$ & $-0.221645$ & $-0.0997508$ & $0.873557$ & $0.864198$ & $-0.445175$ & $-0.980606$ & $-0.14844$ & $0.11523$ & $0.614771$ & $0.500345$ & $0.496056$ & $0.196185$ & $-0.00294006$ & $0.00909183$ & $0.970366$ & $0.98477$ & $1$ & $0.00857741$ & $-0.257948$ & $0.0367901$ & $-0.67267$ & $0.330359$ & $0.436684$ & $0.0100567$ & $0.0835412$ & $0.0464363$ & $-0.117659$ & $0.0970024$ & $0.382723$ & $-0.016435$ & $-0.00280901$ & $-0.0202017$ & $0.0495427$ & $-0.000259205$ & $-0.0275264$ & $-0.0907484$ & $0.0424251$ & $-0.0486003$ & $0.0495757$ & $0.00908863$ & $0.0333809$ & $0.0356301$ & $0.0329746$ & $0.0114917$ \\
CHQ1_11 & $-0.0308434$ & $0.0491053$ & $-0.00446424$ & $-0.0873227$ & $-0.00602579$ & $0.000783713$ & $-0.0186335$ & $0.0327434$ & $0.0322171$ & $-0.064686$ & $0.016041$ & $-0.00608155$ & $0.00183182$ & $-0.0763542$ & $-0.204336$ & $-0.156308$ & $-0.0591349$ & $0.0212633$ & $-0.00377592$ & $-0.0350855$ & $0.00798177$ & $0.00857741$ & $1$ & $-0.110062$ & $0.0617983$ & $-0.594682$ & $0.348726$ & $0.0199299$ & $-0.0991745$ & $-0.00505419$ & $-0.0534344$ & $-0.0277935$ & $-0.013125$ & $0.226823$ & $-0.0580236$ & $-0.0344797$ & $0.0729122$ & $-0.039316$ & $-0.130066$ & $-0.0705167$ & $0.0132631$ & $-0.08278$ & $-0.0341402$ & $-0.0130216$ & $-0.108152$ & $-0.0628819$ & $0.0120947$ & $-0.0887699$ & $0.00300765$ \\
CHQ1_33 & $-0.0385939$ & $0.0633569$ & $0.0460813$ & $-0.0273464$ & $0.0201614$ & $-0.103954$ & $-0.0674061$ & $-0.638136$ & $-0.63286$ & $0.361616$ & $0.224601$ & $-0.0827579$ & $0.0840865$ & $0.431468$ & $0.030421$ & $0.0271014$ & $0.760942$ & $0.738604$ & $0.73409$ & $-0.190265$ & $-0.261705$ & $-0.257948$ & $-0.110062$ & $1$ & $0.752705$ & $0.175534$ & $-0.375039$ & $0.00246396$ & $-0.0124199$ & $0.0595982$ & $0.0621745$ & $-0.0573134$ & $0.0841787$ & $-0.598289$ & $0.0507882$ & $-0.0818199$ & $6.94706e-05$ & $0.025178$ & $0.0377386$ & $0.00451338$ & $0.0261605$ & $0.00582756$ & $-0.0506409$ & $-0.0335206$ & $-0.0489742$ & $0.053439$ & $-0.033346$ & $0.0251775$ & $-0.00882092$ \\
CHQ3_11 & $-0.0759664$ & $0.00739499$ & $0.0349615$ & $-0.0245861$ & $0.0140799$ & $-0.203921$ & $-0.11845$ & $-0.387399$ & $-0.387528$ & $0.225901$ & $-0.0488607$ & $-0.159725$ & $0.147164$ & $0.582795$ & $-0.0889539$ & $-0.0988391$ & $0.854425$ & $0.866559$ & $0.865099$ & $0.0498834$ & $0.04228$ & $0.0367901$ & $0.0617983$ & $0.752705$ & $1$ & $-0.0248692$ & $0.156092$ & $0.0837551$ & $-0.00988615$ & $0.0996863$ & $0.0477095$ & $-0.11941$ & $0.113677$ & $-0.232898$ & $0.0327446$ & $-0.0859118$ & $-0.0264515$ & $0.00425365$ & $0.0629901$ & $-0.0440822$ & $0.0233422$ & $0.0396063$ & $-0.0682178$ & $-0.0398038$ & $-0.0111496$ & $0.079286$ & $-0.0355747$ & $0.0181098$ & $-0.0386316$ \\
CHu_11 & $-0.0038342$ & $-0.000521811$ & $0.00699436$ & $0.0523279$ & $-0.0173309$ & $0.13136$ & $0.0774893$ & $-0.599994$ & $-0.593057$ & $0.33682$ & $0.677617$ & $0.102596$ & $-0.0831527$ & $-0.423744$ & $-0.320357$ & $-0.338263$ & $-0.148101$ & $-0.0181405$ & $-0.00511819$ & $-0.669928$ & $-0.682528$ & $-0.67267$ & $-0.594682$ & $0.175534$ & $-0.0248692$ & $1$ & $-0.204589$ & $-0.311528$ & $0.0174689$ & $-0.0698229$ & $-0.0326486$ & $0.0976853$ & $-0.0567971$ & $-0.287926$ & $0.0251254$ & $-0.00994273$ & $-0.037562$ & $-0.0473998$ & $0.120388$ & $0.0594103$ & $0.0644564$ & $0.0203605$ & $0.100069$ & $-0.00197913$ & $0.0656424$ & $0.0292506$ & $-0.0168147$ & $0.00677252$ & $0.0240717$ \\
CHd_11 & $-0.0233104$ & $-0.0622168$ & $-0.00182715$ & $0.00507925$ & $-0.0210503$ & $-0.0821835$ & $-0.0571315$ & $0.386893$ & $0.383121$ & $-0.208561$ & $-0.271904$ & $-0.0552324$ & $0.0414187$ & $-0.0375733$ & $-0.304049$ & $-0.29798$ & $-0.126572$ & $-0.024737$ & $-0.0218968$ & $0.216297$ & $0.33308$ & $0.330359$ & $0.348726$ & $-0.375039$ & $0.156092$ & $-0.204589$ & $1$ & $0.147882$ & $-0.0413252$ & $0.0336288$ & $-0.0324554$ & $-0.0622287$ & $0.0156298$ & $0.666676$ & $-0.00772748$ & $-0.0132497$ & $-0.0427535$ & $-0.0842237$ & $0.0359011$ & $-0.0610867$ & $0.0682625$ & $-0.0081758$ & $0.00573994$ & $-0.0561466$ & $0.0659603$ & $0.00918083$ & $0.02892$ & $-0.0194526$ & $-0.00451466$ \\
CHd_33 & $-0.0241688$ & $0.023196$ & $-0.0219952$ & $-0.00848291$ & $0.0191231$ & $-0.188823$ & $-0.0454765$ & $0.360128$ & $0.351533$ & $-0.151426$ & $-0.434689$ & $-0.0427306$ & $0.027262$ & $0.28216$ & $0.20745$ & $0.224265$ & $0.151919$ & $0.0565229$ & $0.0436815$ & $0.433407$ & $0.436311$ & $0.436684$ & $0.0199299$ & $0.00246396$ & $0.0837551$ & $-0.311528$ & $0.147882$ & $1$ & $-0.0228818$ & $0.00100234$ & $-0.0753606$ & $-0.074555$ & $0.0071541$ & $0.173857$ & $-0.0474674$ & $-0.0736544$ & $-0.0171396$ & $-0.00567189$ & $-0.0133549$ & $-0.0530096$ & $-0.0938344$ & $-0.0166864$ & $-0.123722$ & $0.0925758$ & $0.0354928$ & $0.0422482$ & $-0.0544755$ & $0.0285736$ & $0.0131704$ \\
CeH_22r & $0.0215792$ & $0.0125324$ & $0.0648031$ & $0.00841674$ & $0.0436079$ & $-0.0318891$ & $-0.111376$ & $0.017981$ & $0.022743$ & $0.0232383$ & $-0.0260862$ & $-0.117071$ & $0.127772$ & $0.00934377$ & $0.0378252$ & $0.0234059$ & $0.024157$ & $-0.00814229$ & $-0.00436861$ & $0.0254534$ & $0.0242894$ & $0.0100567$ & $-0.0991745$ & $-0.0124199$ & $-0.00988615$ & $0.0174689$ & $-0.0413252$ & $-0.0228818$ & $1$ & $0.106503$ & $0.0448811$ & $-0.117964$ & $0.100717$ & $-0.00962543$ & $-0.00215954$ & $0.0401961$ & $-0.0261826$ & $-0.00555395$ & $0.0526415$ & $0.0255906$ & $0.0766832$ & $-0.00677197$ & $0.00162882$ & $-0.0197858$ & $0.0658571$ & $0.0111694$ & $0.0103102$ & $0.077673$ & $0.00176281$ \\
CeH_33r & $0.121885$ & $-0.105149$ & $0.100935$ & $-0.0294655$ & $-0.0565108$ & $-0.0174927$ & $-0.588781$ & $0.035816$ & $0.0545735$ & $-0.199421$ & $-0.0960879$ & $-0.68661$ & $0.70819$ & $0.123615$ & $0.0570097$ & $-0.00983089$ & $0.126527$ & $0.0840113$ & $0.127025$ & $0.0868339$ & $0.0942862$ & $0.0835412$ & $-0.00505419$ & $0.0595982$ & $0.0996863$ & $-0.0698229$ & $0.0336288$ & $0.00100234$ & $0.106503$ & $1$ & $0.518275$ & $-0.419875$ & $0.842845$ & $-0.0127933$ & $0.148283$ & $0.0777794$ & $-0.205441$ & $-0.106025$ & $-0.0690652$ & $-0.0347736$ & $0.0270929$ & $0.064955$ & $-0.183416$ & $-0.0122823$ & $0.0945306$ & $0.194879$ & $0.020204$ & $0.170004$ & $0.0417353$ \\
CuH_22r & $0.0774453$ & $-0.0740724$ & $0.0237214$ & $-0.0346156$ & $-0.00138246$ & $0.0194254$ & $-0.37406$ & $0.022026$ & $0.0405352$ & $-0.156393$ & $-0.0685747$ & $-0.43292$ & $0.441168$ & $0.084047$ & $0.093884$ & $0.0259072$ & $0.0839528$ & $0.0336849$ & $0.0745326$ & $0.0696166$ & $0.0593239$ & $0.0464363$ & $-0.0534344$ & $0.0621745$ & $0.0477095$ & $-0.0326486$ & $-0.0324554$ & $-0.0753606$ & $0.0448811$ & $0.518275$ & $1$ & $-0.252706$ & $0.550712$ & $-0.0683038$ & $0.120648$ & $0.0467443$ & $-0.137696$ & $0.0332206$ & $-0.127611$ & $-0.0417792$ & $0.00617099$ & $0.0243635$ & $-0.134919$ & $-0.0427323$ & $0.000700526$ & $0.0442484$ & $0.170969$ & $0.0886398$ & $-0.00791328$ \\
CuH_33r & $-0.0732736$ & $0.0117618$ & $-0.0230644$ & $0.0935314$ & $0.00396174$ & $0.0696978$ & $0.942838$ & $-0.056643$ & $-0.0358623$ & $0.222817$ & $0.125733$ & $0.677216$ & $-0.67957$ & $-0.147096$ & $-0.0266381$ & $-0.0105874$ & $-0.137586$ & $-0.119809$ & $-0.129527$ & $-0.119969$ & $-0.127511$ & $-0.117659$ & $-0.0277935$ & $-0.0573134$ & $-0.11941$ & $0.0976853$ & $-0.0622287$ & $-0.074555$ & $-0.117964$ & $-0.419875$ & $-0.252706$ & $1$ & $-0.400171$ & $-0.0357973$ & $-0.136434$ & $-0.125084$ & $0.0164372$ & $0.0131334$ & $0.138009$ & $0.0612355$ & $0.0206188$ & $-0.0232854$ & $0.214209$ & $0.0961355$ & $0.0770982$ & $-0.0889895$ & $0.0253558$ & $-0.158041$ & $0.0649291$ \\
CdH_33r & $0.0537805$ & $-0.0869314$ & $0.147632$ & $-0.0690681$ & $-0.0400328$ & $-0.037923$ & $-0.601585$ & $0.0378158$ & $0.0637174$ & $-0.232377$ & $-0.109709$ & $-0.731817$ & $0.747959$ & $0.146571$ & $0.0960313$ & $0.020066$ & $0.145521$ & $0.084866$ & $0.137994$ & $0.104441$ & $0.106321$ & $0.0970024$ & $-0.013125$ & $0.0841787$ & $0.113677$ & $-0.0567971$ & $0.0156298$ & $0.0071541$ & $0.100717$ & $0.842845$ & $0.550712$ & $-0.400171$ & $1$ & $-0.0464757$ & $0.225897$ & $0.00279002$ & $-0.220416$ & $-0.0696468$ & $-0.0333561$ & $-0.0439498$ & $0.0357402$ & $0.0884697$ & $-0.175291$ & $0.0449834$ & $0.0878835$ & $0.270172$ & $0.0580288$ & $0.23858$ & $0.286526$ \\
CLL_1221 & $-0.028047$ & $-0.0439492$ & $-0.0105184$ & $0.0379775$ & $0.00964228$ & $-0.155271$ & $-0.0151885$ & $0.516428$ & $0.509224$ & $-0.278699$ & $-0.31497$ & $0.0066454$ & $-0.0189276$ & $-0.1728$ & $-0.481834$ & $-0.0444349$ & $-0.249398$ & $-0.0553217$ & $-0.352742$ & $0.255011$ & $0.381201$ & $0.382723$ & $0.226823$ & $-0.598289$ & $-0.232898$ & $-0.287926$ & $0.666676$ & $0.173857$ & $-0.00962543$ & $-0.0127933$ & $-0.0683038$ & $-0.0357973$ & $-0.0464757$ & $1$ & $-0.0674247$ & $-0.0026667$ & $0.0512647$ & $-0.0515948$ & $-0.0145474$ & $-0.061354$ & $0.0131611$ & $-0.0306001$ & $0.0210739$ & $-0.0123747$ & $0.036197$ & $-0.0486783$ & $-0.00189989$ & $-0.0807825$ & $-0.0209743$ \\
eHggint & $0.306271$ & $-0.109415$ & $0.0530036$ & $-0.133811$ & $0.0157309$ & $0.0454148$ & $-0.20704$ & $-0.0338446$ & $-0.0354247$ & $0.0146884$ & $0.0100385$ & $-0.231791$ & $0.242538$ & $0.0388306$ & $0.0256693$ & $-0.0265904$ & $0.0394028$ & $0.0254909$ & $0.0614612$ & $-0.0132459$ & $-0.0124562$ & $-0.016435$ & $-0.0580236$ & $0.0507882$ & $0.0327446$ & $0.0251254$ & $-0.00772748$ & $-0.0474674$ & $-0.00215954$ & $0.148283$ & $0.120648$ & $-0.136434$ & $0.225897$ & $-0.0674247$ & $1$ & $0.0827003$ & $-0.24288$ & $-0.0402744$ & $0.121719$ & $0.0871484$ & $0.0243029$ & $0.120783$ & $-0.0629209$ & $-0.37827$ & $0.0324636$ & $0.261278$ & $0.0605278$ & $0.526427$ & $0.0269149$ \\
eHggpar & $0.524588$ & $-0.160739$ & $-0.163023$ & $0.108578$ & $0.0803438$ & $0.0119338$ & $-0.116673$ & $0.0574795$ & $0.0506795$ & $-0.0808126$ & $-0.0393231$ & $-0.095753$ & $0.0969749$ & $-0.0127948$ & $0.0509911$ & $0.082979$ & $-0.0406793$ & $-0.0613745$ & $-0.0919053$ & $0.0357429$ & $0.0288977$ & $-0.00280901$ & $-0.0344797$ & $-0.0818199$ & $-0.0859118$ & $-0.00994273$ & $-0.0132497$ & $-0.0736544$ & $0.0401961$ & $0.0777794$ & $0.0467443$ & $-0.125084$ & $0.00279002$ & $-0.0026667$ & $0.0827003$ & $1$ & $0.0560118$ & $0.0484991$ & $-0.248629$ & $0.120448$ & $-0.0917605$ & $-0.0325571$ & $-0.099178$ & $-0.208365$ & $0.00387456$ & $-0.24476$ & $-0.127684$ & $0.172761$ & $-0.208685$ \\
eHWWint & $-0.164452$ & $0.41542$ & $-0.0818607$ & $-0.249269$ & $0.00809302$ & $-0.0433408$ & $0.084193$ & $-0.0252056$ & $-0.0223641$ & $-0.0333491$ & $0.029714$ & $0.137008$ & $-0.130485$ & $-0.0324242$ & $-0.0387628$ & $0.0203449$ & $-0.00522724$ & $0.0132079$ & $-0.0417759$ & $-0.0196744$ & $-0.0258387$ & $-0.0202017$ & $0.0729122$ & $6.94706e-05$ & $-0.0264515$ & $-0.037562$ & $-0.0427535$ & $-0.0171396$ & $-0.0261826$ & $-0.205441$ & $-0.137696$ & $0.0164372$ & $-0.220416$ & $0.0512647$ & $-0.24288$ & $0.0560118$ & $1$ & $0.00872734$ & $-0.33138$ & $-0.146944$ & $0.0689937$ & $-0.160811$ & $0.0580267$ & $-0.128859$ & $-0.32709$ & $-0.430002$ & $-0.19408$ & $-0.197503$ & $-0.0827392$ \\
eHWWpar & $0.0946061$ & $-0.00666174$ & $-0.086933$ & $0.138305$ & $0.0450685$ & $0.0231012$ & $0.0234772$ & $0.020008$ & $0.0174409$ & $0.0448924$ & $-0.0527215$ & $0.075933$ & $-0.0782822$ & $0.0996908$ & $0.0489031$ & $0.0753881$ & $0.0202074$ & $0.0391095$ & $0.0219724$ & $0.0592625$ & $0.0438851$ & $0.0495427$ & $-0.039316$ & $0.025178$ & $0.00425365$ & $-0.0473998$ & $-0.0842237$ & $-0.00567189$ & $-0.00555395$ & $-0.106025$ & $0.0332206$ & $0.0131334$ & $-0.0696468$ & $-0.0515948$ & $-0.0402744$ & $0.0484991$ & $0.00872734$ & $1$ & $-0.0189654$ & $0.00308657$ & $-0.174302$ & $-0.0298474$ & $-0.0098497$ & $-0.0147105$ & $-0.0843668$ & $-0.0450793$ & $0.0484737$ & $-0.0244563$ & $-0.00869791$ \\
eHZZint & $-0.0639548$ & $-0.191152$ & $0.338463$ & $0.376358$ & $-0.0215999$ & $-0.0463963$ & $0.135341$ & $-0.0298595$ & $-0.0343581$ & $0.109084$ & $0.0145384$ & $0.138038$ & $-0.141833$ & $0.00661385$ & $-0.0228929$ & $-0.0562218$ & $0.0407218$ & $0.0400462$ & $0.0751132$ & $-0.0217577$ & $-0.0130365$ & $-0.000259205$ & $-0.130066$ & $0.0377386$ & $0.0629901$ & $0.120388$ & $0.0359011$ & $-0.0133549$ & $0.0526415$ & $-0.0690652$ & $-0.127611$ & $0.138009$ & $-0.0333561$ & $-0.0145474$ & $0.121719$ & $-0.248629$ & $-0.33138$ & $-0.0189654$ & $1$ & $0.172147$ & $0.150699$ & $0.0859306$ & $0.300911$ & $0.102531$ & $0.421125$ & $0.418149$ & $-0.0262251$ & $0.204088$ & $0.191984$ \\
eHZZpar & $0.109219$ & $-0.0481929$ & $0.0834663$ & $0.177741$ & $0.0620933$ & $0.0594516$ & $0.0531542$ & $-0.0161198$ & $-0.0130402$ & $0.0559162$ & $0.0243218$ & $0.0612769$ & $-0.0642264$ & $-0.00929339$ & $0.0363787$ & $0.0530382$ & $-0.0359998$ & $-0.0350023$ & $-0.0370104$ & $-0.0213959$ & $-0.0310783$ & $-0.0275264$ & $-0.0705167$ & $0.00451338$ & $-0.0440822$ & $0.0594103$ & $-0.0610867$ & $-0.0530096$ & $0.0255906$ & $-0.0347736$ & $-0.0417792$ & $0.0612355$ & $-0.0439498$ & $-0.061354$ & $0.0871484$ & $0.120448$ & $-0.146944$ & $0.00308657$ & $0.172147$ & $1$ & $0.124493$ & $0.0358355$ & $0.13854$ & $-0.074447$ & $0.02181$ & $-0.00474165$ & $-0.00416472$ & $-0.0507894$ & $0.00540554$ \\
eHZgaint & $0.0326531$ & $-0.0103375$ & $0.267419$ & $-0.259263$ & $-0.0417219$ & $0.0489647$ & $0.0121366$ & $-0.0803401$ & $-0.0773169$ & $-0.0288889$ & $0.10125$ & $-0.00941361$ & $0.00933743$ & $-0.080472$ & $-0.083247$ & $-0.0934527$ & $-0.0158839$ & $0.00156813$ & $0.0179716$ & $-0.110584$ & $-0.0929833$ & $-0.0907484$ & $0.0132631$ & $0.0261605$ & $0.0233422$ & $0.0644564$ & $0.0682625$ & $-0.0938344$ & $0.0766832$ & $0.0270929$ & $0.00617099$ & $0.0206188$ & $0.0357402$ & $0.0131611$ & $0.0243029$ & $-0.0917605$ & $0.0689937$ & $-0.174302$ & $0.150699$ & $0.124493$ & $1$ & $-0.176454$ & $0.301262$ & $-0.150948$ & $0.101859$ & $-0.15336$ & $0.122417$ & $-0.109955$ & $0.121895$ \\
eHZgapar & $0.00154969$ & $-0.0730897$ & $-0.0802227$ & $0.12972$ & $-0.00169668$ & $-0.0207822$ & $-0.0365734$ & $0.0296402$ & $0.0254944$ & $-0.0378133$ & $-0.0533125$ & $-0.103473$ & $0.0890577$ & $0.0712829$ & $0.0533245$ & $0.0552302$ & $0.0309536$ & $0.0209089$ & $0.0208558$ & $0.0547701$ & $0.0461322$ & $0.0424251$ & $-0.08278$ & $0.00582756$ & $0.0396063$ & $0.0203605$ & $-0.0081758$ & $-0.0166864$ & $-0.00677197$ & $0.064955$ & $0.0243635$ & $-0.0232854$ & $0.0884697$ & $-0.0306001$ & $0.120783$ & $-0.0325571$ & $-0.160811$ & $-0.0298474$ & $0.0859306$ & $0.0358355$ & $-0.176454$ & $1$ & $-0.149608$ & $0.0192898$ & $0.108981$ & $0.183985$ & $-0.0188152$ & $0.16118$ & $0.0192077$ \\
eHgagaint & $-0.145006$ & $0.124077$ & $0.333276$ & $0.189247$ & $-0.0514752$ & $0.0712802$ & $0.236805$ & $-0.0246167$ & $-0.00313461$ & $0.0642722$ & $0.0712321$ & $0.297155$ & $-0.306394$ & $-0.0919754$ & $-0.0411975$ & $-0.0279216$ & $-0.0857819$ & $-0.0671486$ & $-0.063989$ & $-0.0687313$ & $-0.06333$ & $-0.0486003$ & $-0.0341402$ & $-0.0506409$ & $-0.0682178$ & $0.100069$ & $0.00573994$ & $-0.123722$ & $0.00162882$ & $-0.183416$ & $-0.134919$ & $0.214209$ & $-0.175291$ & $0.0210739$ & $-0.0629209$ & $-0.099178$ & $0.0580267$ & $-0.0098497$ & $0.300911$ & $0.13854$ & $0.301262$ & $-0.149608$ & $1$ & $0.0485473$ & $0.15828$ & $-0.0806853$ & $0.152962$ & $-0.190538$ & $0.253107$ \\
eHmumuint & $-0.336701$ & $0.0901556$ & $0.160562$ & $0.044147$ & $0.0497362$ & $-0.0584859$ & $0.0982069$ & $0.0525987$ & $0.0625346$ & $0.0277382$ & $-0.0436641$ & $0.0553068$ & $-0.0602394$ & $0.0323337$ & $0.0549426$ & $0.0393094$ & $-0.0344911$ & $-0.0417625$ & $-0.0306524$ & $0.051068$ & $0.0451613$ & $0.0495757$ & $-0.0130216$ & $-0.0335206$ & $-0.0398038$ & $-0.00197913$ & $-0.0561466$ & $0.0925758$ & $-0.0197858$ & $-0.0122823$ & $-0.0427323$ & $0.0961355$ & $0.0449834$ & $-0.0123747$ & $-0.37827$ & $-0.208365$ & $-0.128859$ & $-0.0147105$ & $0.102531$ & $-0.074447$ & $-0.150948$ & $0.0192898$ & $0.0485473$ & $1$ & $-0.0947058$ & $0.100605$ & $0.132358$ & $-0.228239$ & $0.3465$ \\
eHtautauint & $0.0827054$ & $-0.432625$ & $-0.0597193$ & $0.382648$ & $-0.0896266$ & $-0.050931$ & $0.054485$ & $0.0357843$ & $0.0339964$ & $0.00954103$ & $-0.0137006$ & $0.00649223$ & $-0.00382197$ & $-0.0442215$ & $-0.0165302$ & $-0.0583276$ & $-0.0103844$ & $-0.0332666$ & $0.00123781$ & $-0.00454624$ & $0.0140657$ & $0.00908863$ & $-0.108152$ & $-0.0489742$ & $-0.0111496$ & $0.0656424$ & $0.0659603$ & $0.0354928$ & $0.0658571$ & $0.0945306$ & $0.000700526$ & $0.0770982$ & $0.0878835$ & $0.036197$ & $0.0324636$ & $0.00387456$ & $-0.32709$ & $-0.0843668$ & $0.421125$ & $0.02181$ & $0.101859$ & $0.108981$ & $0.15828$ & $-0.0947058$ & $1$ & $0.330585$ & $-0.0594441$ & $0.419473$ & $0.0741144$ \\
eHccint & $-0.0131465$ & $-0.296089$ & $0.0813762$ & $0.25029$ & $-0.105826$ & $-0.0686614$ & $-0.139492$ & $-0.00576143$ & $-0.00459704$ & $0.0549806$ & $-0.0278229$ & $-0.198479$ & $0.194224$ & $0.0553423$ & $0.0409323$ & $-0.0238403$ & $0.0802134$ & $0.0422647$ & $0.093258$ & $0.016057$ & $0.02097$ & $0.0333809$ & $-0.0628819$ & $0.053439$ & $0.079286$ & $0.0292506$ & $0.00918083$ & $0.0422482$ & $0.0111694$ & $0.194879$ & $0.0442484$ & $-0.0889895$ & $0.270172$ & $-0.0486783$ & $0.261278$ & $-0.24476$ & $-0.430002$ & $-0.0450793$ & $0.418149$ & $-0.00474165$ & $-0.15336$ & $0.183985$ & $-0.0806853$ & $0.100605$ & $0.330585$ & $1$ & $-0.139651$ & $0.31771$ & $0.232559$ \\
eHccpar & $-0.05737$ & $-0.131045$ & $0.230156$ & $-0.119094$ & $0.044441$ & $0.0334409$ & $-0.00876692$ & $0.0585774$ & $0.0594989$ & $0.00618203$ & $-0.0382563$ & $-0.00910625$ & $0.00602023$ & $0.00543347$ & $0.0498986$ & $0.0344028$ & $-0.0339302$ & $-0.0609366$ & $-0.0386804$ & $0.0348358$ & $0.0406572$ & $0.0356301$ & $0.0120947$ & $-0.033346$ & $-0.0355747$ & $-0.0168147$ & $0.02892$ & $-0.0544755$ & $0.0103102$ & $0.020204$ & $0.170969$ & $0.0253558$ & $0.0580288$ & $-0.00189989$ & $0.0605278$ & $-0.127684$ & $-0.19408$ & $0.0484737$ & $-0.0262251$ & $-0.00416472$ & $0.122417$ & $-0.0188152$ & $0.152962$ & $0.132358$ & $-0.0594441$ & $-0.139651$ & $1$ & $-0.183155$ & $0.131895$ \\
eHbbint & $0.332772$ & $-0.0841911$ & $-0.121373$ & $0.040935$ & $-0.024238$ & $-0.080788$ & $-0.188083$ & $0.0114404$ & $0.0149385$ & $0.00882329$ & $-0.0411309$ & $-0.222049$ & $0.236264$ & $0.0460074$ & $0.098574$ & $-0.0355822$ & $0.0627434$ & $-0.00929224$ & $0.0758999$ & $0.0375969$ & $0.037938$ & $0.0329746$ & $-0.0887699$ & $0.0251775$ & $0.0181098$ & $0.00677252$ & $-0.0194526$ & $0.0285736$ & $0.077673$ & $0.170004$ & $0.0886398$ & $-0.158041$ & $0.23858$ & $-0.0807825$ & $0.526427$ & $0.172761$ & $-0.197503$ & $-0.0244563$ & $0.204088$ & $-0.0507894$ & $-0.109955$ & $0.16118$ & $-0.190538$ & $-0.228239$ & $0.419473$ & $0.31771$ & $-0.183155$ & $1$ & $0.0222532$ \\
eHbbpar & $-0.17627$ & $0.0650742$ & $0.298904$ & $0.0440844$ & $-0.0463738$ & $-0.0634709$ & $0.0271657$ & $0.031548$ & $0.04385$ & $-0.0347649$ & $-0.0124177$ & $-0.0211925$ & $0.00628867$ & $-0.0455325$ & $0.0786441$ & $0.0324034$ & $-0.015048$ & $-0.0796629$ & $-0.0481383$ & $0.0186705$ & $0.0151343$ & $0.0114917$ & $0.00300765$ & $-0.00882092$ & $-0.0386316$ & $0.0240717$ & $-0.00451466$ & $0.0131704$ & $0.00176281$ & $0.0417353$ & $-0.00791328$ & $0.0649291$ & $0.286526$ & $-0.0209743$ & $0.0269149$ & $-0.208685$ & $-0.0827392$ & $-0.00869791$ & $0.191984$ & $0.00540554$ & $0.121895$ & $0.0192077$ & $0.253107$ & $0.3465$ & $0.0741144$ & $0.232559$ & $0.131895$ & $0.0222532$ & $1$ \\
