 & AlsMz & dAle5Mz & mtop & mHl & Mz & CW & CHG & CHWB & CHWHB_gaga & CHWHB_gagaorth & CHD & CHbox & CH & CHL1_11 & CHL1_22 & CHL1_33 & CHL3_11 & CHL3_22 & CHL3_33 & CHe_11 & CHe_22 & CHe_33 & CHQ1_11 & CHQ1_33 & CHQ3_11 & CHu_11 & CHd_11 & CHd_33 & CeH_22r & CeH_33r & CuH_22r & CuH_33r & CdH_33r & CLL_1221 & eHggint & eHggpar & eHWWint & eHWWpar & eHZZint & eHZZpar & eHZgaint & eHZgapar & eHgagaint & eHmumuint & eHtautauint & eHccint & eHccpar & eHbbint & eHbbpar \\
AlsMz & $1$ & $0.000823872$ & $-0.273581$ & $-0.0648832$ & $0.000521791$ & $-0.00407616$ & $0.0057875$ & $-0.00903274$ & $-0.0130341$ & $0.0266665$ & $-0.0112136$ & $-0.0548842$ & $-0.0552711$ & $0.0060933$ & $0.0111533$ & $0.0214966$ & $0.0427221$ & $0.0261677$ & $0.0202159$ & $0.0093833$ & $0.00559771$ & $0.00477692$ & $0.0265053$ & $0.0166079$ & $-0.00248975$ & $-0.0461868$ & $-0.00901116$ & $0.0346706$ & $0.00968274$ & $-0.0386244$ & $-0.0126895$ & $0.00772865$ & $-0.0748073$ & $-0.00681087$ & $0.0974418$ & $0.207899$ & $0.0129282$ & $-0.0662198$ & $-0.199211$ & $-0.0397523$ & $0.233469$ & $0.0492866$ & $0.0547199$ & $-0.0354219$ & $-0.0513854$ & $0.161272$ & $0.0789925$ & $-0.0367426$ & $-0.119992$ \\
dAle5Mz & $0.000823872$ & $1$ & $-0.0886797$ & $0.132391$ & $-0.0423252$ & $0.0550642$ & $-0.079277$ & $-0.0949224$ & $-0.0981979$ & $0.0324798$ & $0.0910986$ & $0.0684687$ & $0.0913825$ & $-0.0356961$ & $-0.0555807$ & $-0.060831$ & $-0.0103309$ & $0.014759$ & $0.0158484$ & $-0.0859508$ & $-0.0824227$ & $-0.0808547$ & $-0.0121577$ & $0.032533$ & $0.0076098$ & $0.0576233$ & $-0.0248203$ & $-0.0328262$ & $0.0425001$ & $0.0940938$ & $0.074179$ & $-0.063643$ & $0.0652235$ & $-0.018252$ & $0.121549$ & $0.0878572$ & $-0.289771$ & $0.000200117$ & $-0.4022$ & $0.0545963$ & $0.271701$ & $-0.00360316$ & $-0.1741$ & $0.313576$ & $-0.0360608$ & $0.0263434$ & $-0.0698489$ & $-0.0375587$ & $-0.109822$ \\
mtop & $-0.273581$ & $-0.0886797$ & $1$ & $-0.00484287$ & $-0.00216293$ & $-0.00186046$ & $-0.0373248$ & $0.0489157$ & $0.0583218$ & $-0.0440052$ & $-0.065025$ & $0.116233$ & $0.107821$ & $0.0639253$ & $0.0188247$ & $0.0463183$ & $0.0417318$ & $0.0358293$ & $0.0206497$ & $0.0655648$ & $0.0694582$ & $0.071616$ & $-0.0307006$ & $-0.00210237$ & $0.0405841$ & $-0.0117721$ & $0.0205384$ & $0.0180147$ & $0.0247461$ & $0.0838891$ & $0.0478087$ & $-0.0262931$ & $0.181508$ & $0.0324085$ & $-0.00247218$ & $-0.0760383$ & $0.272085$ & $-0.0565635$ & $0.03878$ & $-0.14122$ & $-0.0169328$ & $0.0400277$ & $0.0905858$ & $-0.186626$ & $-0.136158$ & $-0.024437$ & $-0.13241$ & $0.194815$ & $0.365616$ \\
mHl & $-0.0648832$ & $0.132391$ & $-0.00484287$ & $1$ & $-0.00841892$ & $-0.0290035$ & $0.0261893$ & $0.018332$ & $0.0224634$ & $-0.0288009$ & $-0.0141202$ & $-0.0381567$ & $-0.0140815$ & $-0.00388871$ & $0.0303442$ & $0.0081047$ & $-0.00267225$ & $-0.0271838$ & $-0.0117868$ & $0.013765$ & $0.0153152$ & $0.0163764$ & $-0.0168737$ & $-0.0124916$ & $0.00134068$ & $0.0119576$ & $0.0234064$ & $0.0386432$ & $0.0527233$ & $-0.0107228$ & $-0.0198991$ & $0.0352313$ & $0.00882853$ & $-0.00114962$ & $-0.141013$ & $-0.0319967$ & $-0.0565938$ & $-0.0545065$ & $0.157398$ & $-0.0122493$ & $0.0187996$ & $0.0649825$ & $0.144032$ & $0.223998$ & $-0.313133$ & $-0.215485$ & $-0.0459917$ & $0.206758$ & $-0.0487992$ \\
Mz & $0.000521791$ & $-0.0423252$ & $-0.00216293$ & $-0.00841892$ & $1$ & $-0.0220845$ & $0.015205$ & $0.00286512$ & $0.00568178$ & $0.0016814$ & $-0.00313046$ & $0.00103382$ & $0.00417966$ & $0.00239915$ & $-0.000728864$ & $0.00323873$ & $0.0198188$ & $0.012656$ & $0.0134457$ & $0.0083043$ & $0.0103447$ & $0.0140409$ & $-0.0244638$ & $0.00625744$ & $0.0184912$ & $0.0213642$ & $0.0176372$ & $0.0230164$ & $-0.00063022$ & $0.0128967$ & $0.0317039$ & $0.0214183$ & $0.0206223$ & $0.0077616$ & $0.00651624$ & $0.0221163$ & $0.01605$ & $-0.0130272$ & $0.00486396$ & $0.00237271$ & $-0.0365246$ & $-0.0160699$ & $0.0314842$ & $-0.027606$ & $-0.000919858$ & $0.0102209$ & $-0.0135006$ & $0.0222472$ & $-0.00986886$ \\
CW & $-0.00407616$ & $0.0550642$ & $-0.00186046$ & $-0.0290035$ & $-0.0220845$ & $1$ & $0.0220202$ & $0.00729001$ & $0.00370507$ & $-0.0270861$ & $0.128595$ & $-0.0155026$ & $-0.0437244$ & $-0.0573542$ & $-0.0476516$ & $-0.0639519$ & $-0.413048$ & $-0.238461$ & $-0.224608$ & $-0.1254$ & $-0.132002$ & $-0.129735$ & $-0.0130974$ & $-0.1729$ & $-0.267804$ & $0.0916716$ & $-0.0533077$ & $-0.0844527$ & $-0.00290534$ & $-0.045272$ & $-0.0623134$ & $0.0230398$ & $-0.0533012$ & $-0.0888243$ & $0.0382317$ & $-0.0130808$ & $0.00191865$ & $0.0430086$ & $0.0208374$ & $-0.00189167$ & $0.00513495$ & $0.0139943$ & $-0.0295053$ & $0.0511244$ & $-0.0310439$ & $0.038575$ & $-0.0161489$ & $0.0243756$ & $0.0145051$ \\
CHG & $0.0057875$ & $-0.079277$ & $-0.0373248$ & $0.0261893$ & $0.015205$ & $0.0220202$ & $1$ & $-0.0273193$ & $-0.00413563$ & $0.16895$ & $0.0898816$ & $-0.676897$ & $-0.756378$ & $-0.140047$ & $-0.025949$ & $-0.0544301$ & $-0.113631$ & $-0.112939$ & $-0.0923124$ & $-0.0875323$ & $-0.0876149$ & $-0.0862144$ & $-0.00898893$ & $-0.0666066$ & $-0.11739$ & $0.0560761$ & $-0.0300611$ & $-0.0358653$ & $-0.131513$ & $-0.576753$ & $-0.353867$ & $0.953847$ & $-0.582887$ & $-0.00734374$ & $-0.0355228$ & $-0.0554704$ & $0.0466589$ & $0.0122683$ & $0.124768$ & $0.00111276$ & $-0.0175593$ & $-0.00726781$ & $0.125148$ & $0.0327329$ & $-0.0252652$ & $0.00757063$ & $0.0549305$ & $0.0521052$ & $0.0744109$ \\
CHWB & $-0.00903274$ & $-0.0949224$ & $0.0489157$ & $0.018332$ & $0.00286512$ & $0.00729001$ & $-0.0273193$ & $1$ & $0.99095$ & $-0.56898$ & $-0.870521$ & $-0.077967$ & $0.0206435$ & $0.272262$ & $0.446017$ & $0.423274$ & $-0.234404$ & $-0.400526$ & $-0.386963$ & $0.854794$ & $0.884544$ & $0.875408$ & $0.0686488$ & $-0.64222$ & $-0.355248$ & $-0.612131$ & $0.445459$ & $0.367628$ & $0.0057496$ & $0.0213577$ & $0.0397555$ & $-0.0310451$ & $0.0252686$ & $0.542413$ & $0.0481759$ & $-0.0511043$ & $0.0658495$ & $0.00622745$ & $0.00411551$ & $-0.0301416$ & $-0.0212897$ & $0.000795244$ & $0.0272655$ & $-0.011948$ & $-0.0110179$ & $0.0192952$ & $0.0351801$ & $0.0163287$ & $-0.0105632$ \\
CHWHB_gaga & $-0.0130341$ & $-0.0981979$ & $0.0583218$ & $0.0224634$ & $0.00568178$ & $0.00370507$ & $-0.00413563$ & $0.99095$ & $1$ & $-0.562683$ & $-0.861623$ & $-0.0696494$ & $0.0223487$ & $0.266359$ & $0.442577$ & $0.419091$ & $-0.23331$ & $-0.399197$ & $-0.384889$ & $0.846468$ & $0.875611$ & $0.866522$ & $0.0700973$ & $-0.636029$ & $-0.352816$ & $-0.607752$ & $0.442605$ & $0.36928$ & $0.0154656$ & $0.0350597$ & $0.0490613$ & $-0.0111107$ & $0.044273$ & $0.537362$ & $0.0456499$ & $-0.0482589$ & $0.068099$ & $0.00600044$ & $0.00650148$ & $-0.0327656$ & $-0.0239004$ & $-0.00287527$ & $0.0588856$ & $-0.0167961$ & $-0.0220943$ & $0.0178553$ & $0.0341868$ & $0.0241729$ & $0.000727883$ \\
CHWHB_gagaorth & $0.0266665$ & $0.0324798$ & $-0.0440052$ & $-0.0288009$ & $0.0016814$ & $-0.0270861$ & $0.16895$ & $-0.56898$ & $-0.562683$ & $1$ & $0.480107$ & $0.013317$ & $-0.204002$ & $-0.134936$ & $-0.247244$ & $-0.237963$ & $0.166945$ & $0.254343$ & $0.249575$ & $-0.47058$ & $-0.488615$ & $-0.482362$ & $-0.0377497$ & $0.382492$ & $0.232729$ & $0.340967$ & $-0.245986$ & $-0.206901$ & $-0.0297631$ & $-0.202792$ & $-0.128048$ & $0.174169$ & $-0.222575$ & $-0.310188$ & $-0.0347735$ & $0.0251779$ & $-0.0518878$ & $0.00685508$ & $0.00112157$ & $0.0284554$ & $-0.0337584$ & $-0.0159908$ & $-0.00272258$ & $-0.00246924$ & $0.0275417$ & $-0.00864234$ & $0.0109004$ & $0.0154598$ & $-0.00402986$ \\
CHD & $-0.0112136$ & $0.0910986$ & $-0.065025$ & $-0.0141202$ & $-0.00313046$ & $0.128595$ & $0.0898816$ & $-0.870521$ & $-0.861623$ & $0.480107$ & $1$ & $0.026807$ & $-0.108698$ & $-0.67145$ & $-0.566634$ & $-0.539539$ & $-0.246696$ & $-0.033365$ & $-0.0470424$ & $-0.995074$ & $-0.995304$ & $-0.983504$ & $-0.0187032$ & $0.222207$ & $-0.0892094$ & $0.692632$ & $-0.319005$ & $-0.423268$ & $-0.0206113$ & $-0.0874435$ & $-0.0879983$ & $0.0981582$ & $-0.10042$ & $-0.334282$ & $-0.0330803$ & $0.0410301$ & $-0.0775276$ & $0.0178006$ & $0.028233$ & $0.0313487$ & $0.0349959$ & $-0.00414501$ & $-0.0128433$ & $0.00249004$ & $-0.00447521$ & $-0.0228423$ & $-0.03185$ & $-0.00787779$ & $0.0172514$ \\
CHbox & $-0.0548842$ & $0.0684687$ & $0.116233$ & $-0.0381567$ & $0.00103382$ & $-0.0155026$ & $-0.676897$ & $-0.077967$ & $-0.0696494$ & $0.013317$ & $0.026807$ & $1$ & $0.903193$ & $0.0660574$ & $-0.00716459$ & $0.0333559$ & $0.0840502$ & $0.0989368$ & $0.0756894$ & $-0.0223672$ & $-0.0323967$ & $-0.0301341$ & $-0.0103009$ & $0.107034$ & $0.0932378$ & $0.026144$ & $-0.0583266$ & $-0.0128965$ & $0.168083$ & $0.679407$ & $0.408461$ & $-0.577268$ & $0.702471$ & $-0.0693849$ & $0.104415$ & $0.0636454$ & $-0.0306269$ & $-0.0203728$ & $-0.0966692$ & $-0.0373779$ & $-0.027041$ & $0.00253822$ & $-0.0991295$ & $-0.0165384$ & $0.0151998$ & $-0.0411734$ & $-0.0476409$ & $-0.0847933$ & $-0.0347066$ \\
CH & $-0.0552711$ & $0.0913825$ & $0.107821$ & $-0.0140815$ & $0.00417966$ & $-0.0437244$ & $-0.756378$ & $0.0206435$ & $0.0223487$ & $-0.204002$ & $-0.108698$ & $0.903193$ & $1$ & $0.184748$ & $0.0468969$ & $0.0735591$ & $0.16148$ & $0.152209$ & $0.13384$ & $0.108028$ & $0.104236$ & $0.102799$ & $0.000660614$ & $0.104768$ & $0.156043$ & $-0.0696553$ & $0.0063657$ & $0.0500572$ & $0.174906$ & $0.720947$ & $0.443947$ & $-0.670484$ & $0.737204$ & $-0.014843$ & $0.0913347$ & $0.0492572$ & $-0.0298313$ & $-0.0309658$ & $-0.0968445$ & $-0.03897$ & $0.00141883$ & $0.0188104$ & $-0.13338$ & $0.021562$ & $0.0110069$ & $-0.0166268$ & $-0.0558124$ & $-0.086448$ & $-0.0592359$ \\
CHL1_11 & $0.0060933$ & $-0.0356961$ & $0.0639253$ & $-0.00388871$ & $0.00239915$ & $-0.0573542$ & $-0.140047$ & $0.272262$ & $0.266359$ & $-0.134936$ & $-0.67145$ & $0.0660574$ & $0.184748$ & $1$ & $0.414096$ & $0.392331$ & $0.641419$ & $0.599421$ & $0.608833$ & $0.681546$ & $0.644304$ & $0.63583$ & $-0.0623555$ & $0.431941$ & $0.615684$ & $-0.450553$ & $-0.0177504$ & $0.278955$ & $0.0409381$ & $0.13762$ & $0.105692$ & $-0.145967$ & $0.162233$ & $-0.162763$ & $-0.0150279$ & $-0.0137925$ & $0.044691$ & $-0.0394437$ & $-0.0388769$ & $-0.0102327$ & $-0.0609126$ & $0.0105599$ & $-0.0300891$ & $0.0117684$ & $0.0122164$ & $0.0257632$ & $-0.00115804$ & $-0.00741138$ & $-0.0167014$ \\
CHL1_22 & $0.0111533$ & $-0.0555807$ & $0.0188247$ & $0.0303442$ & $-0.000728864$ & $-0.0476516$ & $-0.025949$ & $0.446017$ & $0.442577$ & $-0.247244$ & $-0.566634$ & $-0.00716459$ & $0.0468969$ & $0.414096$ & $1$ & $0.520777$ & $0.175614$ & $-0.289376$ & $0.0263492$ & $0.60927$ & $0.511679$ & $0.502491$ & $-0.168636$ & $0.0372492$ & $-0.0457876$ & $-0.354947$ & $-0.278877$ & $0.191412$ & $0.00851246$ & $0.0377576$ & $0.0336372$ & $-0.031719$ & $0.0491249$ & $-0.469888$ & $0.00378713$ & $-0.00580593$ & $0.0633415$ & $-0.0113027$ & $-0.00885785$ & $-0.0163381$ & $-0.0301693$ & $0.00233635$ & $-0.00818975$ & $0.0247342$ & $0.0459271$ & $0.0290249$ & $0.00490654$ & $0.0286076$ & $0.00286708$ \\
CHL1_33 & $0.0214966$ & $-0.060831$ & $0.0463183$ & $0.0081047$ & $0.00323873$ & $-0.0639519$ & $-0.0544301$ & $0.423274$ & $0.419091$ & $-0.237963$ & $-0.539539$ & $0.0333559$ & $0.0735591$ & $0.392331$ & $0.520777$ & $1$ & $0.169154$ & $0.017469$ & $-0.284714$ & $0.581872$ & $0.484763$ & $0.491461$ & $-0.162267$ & $0.0476549$ & $-0.0475985$ & $-0.327624$ & $-0.280461$ & $0.194282$ & $0.0142701$ & $0.0548199$ & $0.065762$ & $-0.0559998$ & $0.0786372$ & $-0.0327505$ & $-0.00820461$ & $-0.00723008$ & $0.0788299$ & $-0.0389316$ & $-0.0144427$ & $-0.0330154$ & $-0.0395502$ & $0.00948802$ & $-0.010519$ & $0.0292587$ & $0.0307347$ & $0.0170026$ & $3.78194e-05$ & $0.0197127$ & $0.0255822$ \\
CHL3_11 & $0.0427221$ & $-0.0103309$ & $0.0417318$ & $-0.00267225$ & $0.0198188$ & $-0.413048$ & $-0.113631$ & $-0.234404$ & $-0.23331$ & $0.166945$ & $-0.246696$ & $0.0840502$ & $0.16148$ & $0.641419$ & $0.175614$ & $0.169154$ & $1$ & $0.831721$ & $0.830462$ & $0.256476$ & $0.223703$ & $0.217907$ & $-0.0568517$ & $0.764124$ & $0.864709$ & $-0.164696$ & $-0.144781$ & $0.122643$ & $0.023306$ & $0.123482$ & $0.0961145$ & $-0.126068$ & $0.138911$ & $-0.25678$ & $-0.0243069$ & $0.0164923$ & $0.0330079$ & $-0.0439572$ & $-0.0630589$ & $-0.0122704$ & $-0.0104772$ & $0.00406204$ & $-0.00947867$ & $0.0134428$ & $0.0278467$ & $-0.000840781$ & $0.00257368$ & $-0.0141372$ & $-0.00600079$ \\
CHL3_22 & $0.0261677$ & $0.014759$ & $0.0358293$ & $-0.0271838$ & $0.012656$ & $-0.238461$ & $-0.112939$ & $-0.400526$ & $-0.399197$ & $0.254343$ & $-0.033365$ & $0.0989368$ & $0.152209$ & $0.599421$ & $-0.289376$ & $0.017469$ & $0.831721$ & $1$ & $0.790446$ & $0.0316961$ & $0.0282269$ & $0.0285082$ & $-0.00236612$ & $0.750454$ & $0.872474$ & $-0.0252233$ & $-0.0551463$ & $0.0456557$ & $0.025629$ & $0.113301$ & $0.081778$ & $-0.118858$ & $0.127129$ & $-0.0758914$ & $-0.0349461$ & $0.0176399$ & $0.000756715$ & $-0.0422637$ & $-0.0530503$ & $0.0018086$ & $-0.0191555$ & $0.00419539$ & $-0.0200356$ & $0.000635646$ & $0.00478356$ & $-0.0071167$ & $-0.00748563$ & $-0.0296727$ & $-0.0107508$ \\
CHL3_33 & $0.0202159$ & $0.0158484$ & $0.0206497$ & $-0.0117868$ & $0.0134457$ & $-0.224608$ & $-0.0923124$ & $-0.386963$ & $-0.384889$ & $0.249575$ & $-0.0470424$ & $0.0756894$ & $0.13384$ & $0.608833$ & $0.0263492$ & $-0.284714$ & $0.830462$ & $0.790446$ & $1$ & $0.0453372$ & $0.0425734$ & $0.0440131$ & $-0.0048104$ & $0.739994$ & $0.871224$ & $-0.0407659$ & $-0.0518051$ & $0.0387621$ & $0.024935$ & $0.102318$ & $0.0651808$ & $-0.100216$ & $0.108524$ & $-0.368328$ & $-0.0215731$ & $0.0124159$ & $-0.00505559$ & $-0.0287243$ & $-0.0472403$ & $0.0115183$ & $-0.0135778$ & $0.00481975$ & $-0.0161489$ & $-0.00204519$ & $0.013596$ & $0.00116213$ & $-0.00278846$ & $-0.0253628$ & $-0.0261858$ \\
CHe_11 & $0.0093833$ & $-0.0859508$ & $0.0655648$ & $0.013765$ & $0.0083043$ & $-0.1254$ & $-0.0875323$ & $0.854794$ & $0.846468$ & $-0.47058$ & $-0.995074$ & $-0.0223672$ & $0.108028$ & $0.681546$ & $0.60927$ & $0.581872$ & $0.256476$ & $0.0316961$ & $0.0453372$ & $1$ & $0.985294$ & $0.973704$ & $-0.00266937$ & $-0.190376$ & $0.0923486$ & $-0.68407$ & $0.266537$ & $0.417288$ & $0.0194407$ & $0.0885053$ & $0.0883093$ & $-0.095158$ & $0.101031$ & $0.278078$ & $0.0321878$ & $-0.0378766$ & $0.077036$ & $-0.018929$ & $-0.0320803$ & $-0.0300661$ & $-0.036149$ & $0.00366597$ & $0.011804$ & $-0.000643753$ & $0.0103216$ & $0.0230005$ & $0.0312208$ & $0.00991908$ & $-0.0176343$ \\
CHe_22 & $0.00559771$ & $-0.0824227$ & $0.0694582$ & $0.0153152$ & $0.0103447$ & $-0.132002$ & $-0.0876149$ & $0.884544$ & $0.875611$ & $-0.488615$ & $-0.995304$ & $-0.0323967$ & $0.104236$ & $0.644304$ & $0.511679$ & $0.484763$ & $0.223703$ & $0.0282269$ & $0.0425734$ & $0.985294$ & $1$ & $0.986557$ & $0.0413092$ & $-0.263138$ & $0.0785863$ & $-0.695037$ & $0.378998$ & $0.426232$ & $0.019701$ & $0.0849679$ & $0.0886487$ & $-0.0958736$ & $0.0970821$ & $0.398916$ & $0.0369118$ & $-0.0434294$ & $0.0732596$ & $-0.014144$ & $-0.0298231$ & $-0.0308219$ & $-0.0305088$ & $0.00428522$ & $0.0141204$ & $-0.00288986$ & $-0.000258187$ & $0.0217687$ & $0.0333966$ & $0.00688765$ & $-0.0193306$ \\
CHe_33 & $0.00477692$ & $-0.0808547$ & $0.071616$ & $0.0163764$ & $0.0140409$ & $-0.129735$ & $-0.0862144$ & $0.875408$ & $0.866522$ & $-0.482362$ & $-0.983504$ & $-0.0301341$ & $0.102799$ & $0.63583$ & $0.502491$ & $0.491461$ & $0.217907$ & $0.0285082$ & $0.0440131$ & $0.973704$ & $0.986557$ & $1$ & $0.0388201$ & $-0.261471$ & $0.0788097$ & $-0.685051$ & $0.379963$ & $0.423778$ & $0.0228245$ & $0.083795$ & $0.0880406$ & $-0.0940012$ & $0.095293$ & $0.399148$ & $0.0391839$ & $-0.0467683$ & $0.0732371$ & $-0.0165184$ & $-0.0316277$ & $-0.0326154$ & $-0.0268876$ & $0.00669891$ & $0.0190005$ & $-0.00240026$ & $-0.00171626$ & $0.0207005$ & $0.0338412$ & $0.00676463$ & $-0.0184833$ \\
CHQ1_11 & $0.0265053$ & $-0.0121577$ & $-0.0307006$ & $-0.0168737$ & $-0.0244638$ & $-0.0130974$ & $-0.00898893$ & $0.0686488$ & $0.0700973$ & $-0.0377497$ & $-0.0187032$ & $-0.0103009$ & $0.000660614$ & $-0.0623555$ & $-0.168636$ & $-0.162267$ & $-0.0568517$ & $-0.00236612$ & $-0.0048104$ & $-0.00266937$ & $0.0413092$ & $0.0388201$ & $1$ & $-0.138977$ & $0.0495979$ & $-0.602598$ & $0.354466$ & $0.0161918$ & $0.0173535$ & $0.00858391$ & $0.000135883$ & $-0.0102307$ & $0.00476006$ & $0.223121$ & $0.0325745$ & $-0.00405547$ & $-0.00986183$ & $-0.0345972$ & $-0.0132507$ & $-0.0222957$ & $-0.00316174$ & $0.0266668$ & $-0.00664074$ & $0.00839004$ & $-0.0267966$ & $0.0414317$ & $-0.0050885$ & $-0.0429359$ & $-0.0360898$ \\
CHQ1_33 & $0.0166079$ & $0.032533$ & $-0.00210237$ & $-0.0124916$ & $0.00625744$ & $-0.1729$ & $-0.0666066$ & $-0.64222$ & $-0.636029$ & $0.382492$ & $0.222207$ & $0.107034$ & $0.104768$ & $0.431941$ & $0.0372492$ & $0.0476549$ & $0.764124$ & $0.750454$ & $0.739994$ & $-0.190376$ & $-0.263138$ & $-0.261471$ & $-0.138977$ & $1$ & $0.750484$ & $0.182056$ & $-0.418421$ & $-0.0277806$ & $0.0152084$ & $0.0764183$ & $0.0443757$ & $-0.0732891$ & $0.0938774$ & $-0.611035$ & $-0.0530124$ & $0.0458053$ & $0.000270644$ & $-0.0305977$ & $-0.0476881$ & $0.0165037$ & $-0.0100692$ & $0.009452$ & $-0.034779$ & $0.0258627$ & $0.0389336$ & $-0.00316137$ & $-0.0256483$ & $-0.00626074$ & $0.0144445$ \\
CHQ3_11 & $-0.00248975$ & $0.0076098$ & $0.0405841$ & $0.00134068$ & $0.0184912$ & $-0.267804$ & $-0.11739$ & $-0.355248$ & $-0.352816$ & $0.232729$ & $-0.0892094$ & $0.0932378$ & $0.156043$ & $0.615684$ & $-0.0457876$ & $-0.0475985$ & $0.864709$ & $0.872474$ & $0.871224$ & $0.0923486$ & $0.0785863$ & $0.0788097$ & $0.0495979$ & $0.750484$ & $1$ & $-0.0610061$ & $0.118679$ & $0.0622101$ & $0.0264861$ & $0.114585$ & $0.0873338$ & $-0.126826$ & $0.132208$ & $-0.244446$ & $-0.0235188$ & $0.0125562$ & $0.00135524$ & $-0.0392619$ & $-0.0417948$ & $0.0025907$ & $-0.0263725$ & $0.0126612$ & $-0.0180252$ & $-0.00232836$ & $0.00532719$ & $-0.0138926$ & $-0.00674424$ & $-0.0254686$ & $-0.00692325$ \\
CHu_11 & $-0.0461868$ & $0.0576233$ & $-0.0117721$ & $0.0119576$ & $0.0213642$ & $0.0916716$ & $0.0560761$ & $-0.612131$ & $-0.607752$ & $0.340967$ & $0.692632$ & $0.026144$ & $-0.0696553$ & $-0.450553$ & $-0.354947$ & $-0.327624$ & $-0.164696$ & $-0.0252233$ & $-0.0407659$ & $-0.68407$ & $-0.695037$ & $-0.685051$ & $-0.602598$ & $0.182056$ & $-0.0610061$ & $1$ & $-0.244911$ & $-0.292757$ & $-0.0255324$ & $-0.0631114$ & $-0.0541689$ & $0.0619179$ & $-0.0720949$ & $-0.277656$ & $-0.0267549$ & $0.0131402$ & $-0.0398609$ & $0.0496171$ & $0.0496189$ & $0.0440746$ & $0.0189843$ & $-0.00734933$ & $-0.0133773$ & $-0.0130788$ & $0.000292839$ & $-0.0563805$ & $-0.0126165$ & $0.00878117$ & $0.0337439$ \\
CHd_11 & $-0.00901116$ & $-0.0248203$ & $0.0205384$ & $0.0234064$ & $0.0176372$ & $-0.0533077$ & $-0.0300611$ & $0.445459$ & $0.442605$ & $-0.245986$ & $-0.319005$ & $-0.0583266$ & $0.0063657$ & $-0.0177504$ & $-0.278877$ & $-0.280461$ & $-0.144781$ & $-0.0551463$ & $-0.0518051$ & $0.266537$ & $0.378998$ & $0.379963$ & $0.354466$ & $-0.418421$ & $0.118679$ & $-0.244911$ & $1$ & $0.169968$ & $0.00442283$ & $0.00549583$ & $0.0268182$ & $-0.0356431$ & $0.00283382$ & $0.691567$ & $0.0620773$ & $-0.031695$ & $0.000446239$ & $0.0156178$ & $-0.00220715$ & $-0.00525644$ & $0.0151185$ & $0.0189923$ & $0.027354$ & $-0.0353648$ & $-0.0564577$ & $-0.0150286$ & $0.0299093$ & $-0.0192139$ & $-0.0186585$ \\
CHd_33 & $0.0346706$ & $-0.0328262$ & $0.0180147$ & $0.0386432$ & $0.0230164$ & $-0.0844527$ & $-0.0358653$ & $0.367628$ & $0.36928$ & $-0.206901$ & $-0.423268$ & $-0.0128965$ & $0.0500572$ & $0.278955$ & $0.191412$ & $0.194282$ & $0.122643$ & $0.0456557$ & $0.0387621$ & $0.417288$ & $0.426232$ & $0.423778$ & $0.0161918$ & $-0.0277806$ & $0.0622101$ & $-0.292757$ & $0.169968$ & $1$ & $0.00317121$ & $0.0504746$ & $0.0406139$ & $-0.0422159$ & $0.0591085$ & $0.196246$ & $-0.0124733$ & $0.0135537$ & $0.0283774$ & $0.00715866$ & $-0.0303975$ & $-0.000512095$ & $0.0303931$ & $0.00392183$ & $0.0100647$ & $0.0117008$ & $-0.00358562$ & $0.00806134$ & $0.0152295$ & $0.00893481$ & $0.0108258$ \\
CeH_22r & $0.00968274$ & $0.0425001$ & $0.0247461$ & $0.0527233$ & $-0.00063022$ & $-0.00290534$ & $-0.131513$ & $0.0057496$ & $0.0154656$ & $-0.0297631$ & $-0.0206113$ & $0.168083$ & $0.174906$ & $0.0409381$ & $0.00851246$ & $0.0142701$ & $0.023306$ & $0.025629$ & $0.024935$ & $0.0194407$ & $0.019701$ & $0.0228245$ & $0.0173535$ & $0.0152084$ & $0.0264861$ & $-0.0255324$ & $0.00442283$ & $0.00317121$ & $1$ & $0.158329$ & $0.112706$ & $-0.124266$ & $0.159475$ & $-0.00327723$ & $0.0368637$ & $0.0102184$ & $-0.0231117$ & $0.00867095$ & $-0.0578134$ & $0.0268386$ & $-0.0123724$ & $0.0337439$ & $0.00134106$ & $0.00248884$ & $-0.0333802$ & $-0.0363608$ & $0.0124726$ & $0.010258$ & $-0.0390205$ \\
CeH_33r & $-0.0386244$ & $0.0940938$ & $0.0838891$ & $-0.0107228$ & $0.0128967$ & $-0.045272$ & $-0.576753$ & $0.0213577$ & $0.0350597$ & $-0.202792$ & $-0.0874435$ & $0.679407$ & $0.720947$ & $0.13762$ & $0.0377576$ & $0.0548199$ & $0.123482$ & $0.113301$ & $0.102318$ & $0.0885053$ & $0.0849679$ & $0.083795$ & $0.00858391$ & $0.0764183$ & $0.114585$ & $-0.0631114$ & $0.00549583$ & $0.0504746$ & $0.158329$ & $1$ & $0.530292$ & $-0.437095$ & $0.837184$ & $-0.00575983$ & $0.0435828$ & $0.0229394$ & $-0.0629613$ & $-0.0430651$ & $-0.0938732$ & $-0.0455761$ & $0.0240867$ & $0.0440176$ & $-0.116726$ & $0.0299534$ & $0.0328532$ & $-0.00908001$ & $-0.0250182$ & $-0.0741589$ & $-0.0582752$ \\
CuH_22r & $-0.0126895$ & $0.074179$ & $0.0478087$ & $-0.0198991$ & $0.0317039$ & $-0.0623134$ & $-0.353867$ & $0.0397555$ & $0.0490613$ & $-0.128048$ & $-0.0879983$ & $0.408461$ & $0.443947$ & $0.105692$ & $0.0336372$ & $0.065762$ & $0.0961145$ & $0.081778$ & $0.0651808$ & $0.0883093$ & $0.0886487$ & $0.0880406$ & $0.000135883$ & $0.0443757$ & $0.0873338$ & $-0.0541689$ & $0.0268182$ & $0.0406139$ & $0.112706$ & $0.530292$ & $1$ & $-0.251457$ & $0.541086$ & $0.0179911$ & $0.0624702$ & $-0.0612979$ & $-0.0978613$ & $-0.06045$ & $-0.104444$ & $-0.0143755$ & $-0.0064013$ & $0.0185441$ & $-0.0727046$ & $0.0533366$ & $0.0529137$ & $-0.0150373$ & $0.205477$ & $-0.0280524$ & $-0.0796495$ \\
CuH_33r & $0.00772865$ & $-0.063643$ & $-0.0262931$ & $0.0352313$ & $0.0214183$ & $0.0230398$ & $0.953847$ & $-0.0310451$ & $-0.0111107$ & $0.174169$ & $0.0981582$ & $-0.577268$ & $-0.670484$ & $-0.145967$ & $-0.031719$ & $-0.0559998$ & $-0.126068$ & $-0.118858$ & $-0.100216$ & $-0.095158$ & $-0.0958736$ & $-0.0940012$ & $-0.0102307$ & $-0.0732891$ & $-0.126826$ & $0.0619179$ & $-0.0356431$ & $-0.0422159$ & $-0.124266$ & $-0.437095$ & $-0.251457$ & $1$ & $-0.423825$ & $-0.00873145$ & $-0.00267872$ & $-0.0519903$ & $0.0295869$ & $0.00778032$ & $0.124962$ & $-0.010388$ & $-0.0255483$ & $0.00471699$ & $0.117121$ & $0.0455903$ & $-0.0293453$ & $-0.00020473$ & $0.0560406$ & $0.0359415$ & $0.0689258$ \\
CdH_33r & $-0.0748073$ & $0.0652235$ & $0.181508$ & $0.00882853$ & $0.0206223$ & $-0.0533012$ & $-0.582887$ & $0.0252686$ & $0.044273$ & $-0.222575$ & $-0.10042$ & $0.702471$ & $0.737204$ & $0.162233$ & $0.0491249$ & $0.0786372$ & $0.138911$ & $0.127129$ & $0.108524$ & $0.101031$ & $0.0970821$ & $0.095293$ & $0.00476006$ & $0.0938774$ & $0.132208$ & $-0.0720949$ & $0.00283382$ & $0.0591085$ & $0.159475$ & $0.837184$ & $0.541086$ & $-0.423825$ & $1$ & $-0.0135153$ & $0.00605615$ & $0.0391344$ & $-0.040913$ & $-0.0577109$ & $-0.0404206$ & $-0.0476818$ & $0.00645046$ & $0.026338$ & $-0.0399687$ & $-0.0270273$ & $-0.0116768$ & $-0.0540538$ & $-0.0587534$ & $0.0680497$ & $0.202316$ \\
CLL_1221 & $-0.00681087$ & $-0.018252$ & $0.0324085$ & $-0.00114962$ & $0.0077616$ & $-0.0888243$ & $-0.00734374$ & $0.542413$ & $0.537362$ & $-0.310188$ & $-0.334282$ & $-0.0693849$ & $-0.014843$ & $-0.162763$ & $-0.469888$ & $-0.0327505$ & $-0.25678$ & $-0.0758914$ & $-0.368328$ & $0.278078$ & $0.398916$ & $0.399148$ & $0.223121$ & $-0.611035$ & $-0.244446$ & $-0.277656$ & $0.691567$ & $0.196246$ & $-0.00327723$ & $-0.00575983$ & $0.0179911$ & $-0.00873145$ & $-0.0135153$ & $1$ & $0.0431929$ & $-0.0364139$ & $0.00870692$ & $0.0131405$ & $-0.00990863$ & $-0.0205593$ & $0.0279285$ & $-0.00431248$ & $0.0368482$ & $-0.0203242$ & $-0.0482073$ & $-0.0108689$ & $0.0318178$ & $-0.0107424$ & $-0.010838$ \\
eHggint & $0.0974418$ & $0.121549$ & $-0.00247218$ & $-0.141013$ & $0.00651624$ & $0.0382317$ & $-0.0355228$ & $0.0481759$ & $0.0456499$ & $-0.0347735$ & $-0.0330803$ & $0.104415$ & $0.0913347$ & $-0.0150279$ & $0.00378713$ & $-0.00820461$ & $-0.0243069$ & $-0.0349461$ & $-0.0215731$ & $0.0321878$ & $0.0369118$ & $0.0391839$ & $0.0325745$ & $-0.0530124$ & $-0.0235188$ & $-0.0267549$ & $0.0620773$ & $-0.0124733$ & $0.0368637$ & $0.0435828$ & $0.0624702$ & $-0.00267872$ & $0.00605615$ & $0.0431929$ & $1$ & $-0.309803$ & $0.18124$ & $0.0556001$ & $-0.182464$ & $-0.0488835$ & $0.123982$ & $0.0455731$ & $0.0788414$ & $0.00644676$ & $0.0370422$ & $-0.0641095$ & $0.0742791$ & $0.022929$ & $-0.108894$ \\
eHggpar & $0.207899$ & $0.0878572$ & $-0.0760383$ & $-0.0319967$ & $0.0221163$ & $-0.0130808$ & $-0.0554704$ & $-0.0511043$ & $-0.0482589$ & $0.0251779$ & $0.0410301$ & $0.0636454$ & $0.0492572$ & $-0.0137925$ & $-0.00580593$ & $-0.00723008$ & $0.0164923$ & $0.0176399$ & $0.0124159$ & $-0.0378766$ & $-0.0434294$ & $-0.0467683$ & $-0.00405547$ & $0.0458053$ & $0.0125562$ & $0.0131402$ & $-0.031695$ & $0.0135537$ & $0.0102184$ & $0.0229394$ & $-0.0612979$ & $-0.0519903$ & $0.0391344$ & $-0.0364139$ & $-0.309803$ & $1$ & $-0.116862$ & $0.0314359$ & $-0.313396$ & $0.0317344$ & $0.0503442$ & $-0.0285082$ & $0.103937$ & $0.000221381$ & $0.0750986$ & $0.263548$ & $-0.311863$ & $-0.227076$ & $0.0779338$ \\
eHWWint & $0.0129282$ & $-0.289771$ & $0.272085$ & $-0.0565938$ & $0.01605$ & $0.00191865$ & $0.0466589$ & $0.0658495$ & $0.068099$ & $-0.0518878$ & $-0.0775276$ & $-0.0306269$ & $-0.0298313$ & $0.044691$ & $0.0633415$ & $0.0788299$ & $0.0330079$ & $0.000756715$ & $-0.00505559$ & $0.077036$ & $0.0732596$ & $0.0732371$ & $-0.00986183$ & $0.000270644$ & $0.00135524$ & $-0.0398609$ & $0.000446239$ & $0.0283774$ & $-0.0231117$ & $-0.0629613$ & $-0.0978613$ & $0.0295869$ & $-0.040913$ & $0.00870692$ & $0.18124$ & $-0.116862$ & $1$ & $-0.0535419$ & $0.0629813$ & $-0.0862453$ & $0.0405788$ & $-0.00356436$ & $0.164694$ & $-0.149259$ & $-0.099893$ & $0.14841$ & $-0.223344$ & $0.151501$ & $0.181489$ \\
eHWWpar & $-0.0662198$ & $0.000200117$ & $-0.0565635$ & $-0.0545065$ & $-0.0130272$ & $0.0430086$ & $0.0122683$ & $0.00622745$ & $0.00600044$ & $0.00685508$ & $0.0178006$ & $-0.0203728$ & $-0.0309658$ & $-0.0394437$ & $-0.0113027$ & $-0.0389316$ & $-0.0439572$ & $-0.0422637$ & $-0.0287243$ & $-0.018929$ & $-0.014144$ & $-0.0165184$ & $-0.0345972$ & $-0.0305977$ & $-0.0392619$ & $0.0496171$ & $0.0156178$ & $0.00715866$ & $0.00867095$ & $-0.0430651$ & $-0.06045$ & $0.00778032$ & $-0.0577109$ & $0.0131405$ & $0.0556001$ & $0.0314359$ & $-0.0535419$ & $1$ & $-0.047069$ & $-0.0234587$ & $-0.0994019$ & $-0.0265862$ & $0.0600532$ & $0.0531142$ & $-0.0510133$ & $-0.0697063$ & $-0.0202039$ & $-0.0524162$ & $-0.048412$ \\
eHZZint & $-0.199211$ & $-0.4022$ & $0.03878$ & $0.157398$ & $0.00486396$ & $0.0208374$ & $0.124768$ & $0.00411551$ & $0.00650148$ & $0.00112157$ & $0.028233$ & $-0.0966692$ & $-0.0968445$ & $-0.0388769$ & $-0.00885785$ & $-0.0144427$ & $-0.0630589$ & $-0.0530503$ & $-0.0472403$ & $-0.0320803$ & $-0.0298231$ & $-0.0316277$ & $-0.0132507$ & $-0.0476881$ & $-0.0417948$ & $0.0496189$ & $-0.00220715$ & $-0.0303975$ & $-0.0578134$ & $-0.0938732$ & $-0.104444$ & $0.124962$ & $-0.0404206$ & $-0.00990863$ & $-0.182464$ & $-0.313396$ & $0.0629813$ & $-0.047069$ & $1$ & $-0.0179757$ & $-0.128976$ & $0.0696401$ & $0.0132532$ & $0.087236$ & $-0.112163$ & $-0.079071$ & $-0.0406847$ & $-0.0270002$ & $0.173507$ \\
eHZZpar & $-0.0397523$ & $0.0545963$ & $-0.14122$ & $-0.0122493$ & $0.00237271$ & $-0.00189167$ & $0.00111276$ & $-0.0301416$ & $-0.0327656$ & $0.0284554$ & $0.0313487$ & $-0.0373779$ & $-0.03897$ & $-0.0102327$ & $-0.0163381$ & $-0.0330154$ & $-0.0122704$ & $0.0018086$ & $0.0115183$ & $-0.0300661$ & $-0.0308219$ & $-0.0326154$ & $-0.0222957$ & $0.0165037$ & $0.0025907$ & $0.0440746$ & $-0.00525644$ & $-0.000512095$ & $0.0268386$ & $-0.0455761$ & $-0.0143755$ & $-0.010388$ & $-0.0476818$ & $-0.0205593$ & $-0.0488835$ & $0.0317344$ & $-0.0862453$ & $-0.0234587$ & $-0.0179757$ & $1$ & $-0.0222105$ & $0.000800033$ & $-0.00103035$ & $0.0218661$ & $-0.0581416$ & $0.0554047$ & $0.0121685$ & $0.00871178$ & $-0.0685316$ \\
eHZgaint & $0.233469$ & $0.271701$ & $-0.0169328$ & $0.0187996$ & $-0.0365246$ & $0.00513495$ & $-0.0175593$ & $-0.0212897$ & $-0.0239004$ & $-0.0337584$ & $0.0349959$ & $-0.027041$ & $0.00141883$ & $-0.0609126$ & $-0.0301693$ & $-0.0395502$ & $-0.0104772$ & $-0.0191555$ & $-0.0135778$ & $-0.036149$ & $-0.0305088$ & $-0.0268876$ & $-0.00316174$ & $-0.0100692$ & $-0.0263725$ & $0.0189843$ & $0.0151185$ & $0.0303931$ & $-0.0123724$ & $0.0240867$ & $-0.0064013$ & $-0.0255483$ & $0.00645046$ & $0.0279285$ & $0.123982$ & $0.0503442$ & $0.0405788$ & $-0.0994019$ & $-0.128976$ & $-0.0222105$ & $1$ & $-0.0197127$ & $0.046469$ & $0.0499554$ & $0.080789$ & $0.0436881$ & $-0.0422795$ & $-0.0280843$ & $0.08638$ \\
eHZgapar & $0.0492866$ & $-0.00360316$ & $0.0400277$ & $0.0649825$ & $-0.0160699$ & $0.0139943$ & $-0.00726781$ & $0.000795244$ & $-0.00287527$ & $-0.0159908$ & $-0.00414501$ & $0.00253822$ & $0.0188104$ & $0.0105599$ & $0.00233635$ & $0.00948802$ & $0.00406204$ & $0.00419539$ & $0.00481975$ & $0.00366597$ & $0.00428522$ & $0.00669891$ & $0.0266668$ & $0.009452$ & $0.0126612$ & $-0.00734933$ & $0.0189923$ & $0.00392183$ & $0.0337439$ & $0.0440176$ & $0.0185441$ & $0.00471699$ & $0.026338$ & $-0.00431248$ & $0.0455731$ & $-0.0285082$ & $-0.00356436$ & $-0.0265862$ & $0.0696401$ & $0.000800033$ & $-0.0197127$ & $1$ & $-0.0724326$ & $0.00125796$ & $0.0395972$ & $-0.0283947$ & $-0.00868989$ & $-0.0103168$ & $-0.0283467$ \\
eHgagaint & $0.0547199$ & $-0.1741$ & $0.0905858$ & $0.144032$ & $0.0314842$ & $-0.0295053$ & $0.125148$ & $0.0272655$ & $0.0588856$ & $-0.00272258$ & $-0.0128433$ & $-0.0991295$ & $-0.13338$ & $-0.0300891$ & $-0.00818975$ & $-0.010519$ & $-0.00947867$ & $-0.0200356$ & $-0.0161489$ & $0.011804$ & $0.0141204$ & $0.0190005$ & $-0.00664074$ & $-0.034779$ & $-0.0180252$ & $-0.0133773$ & $0.027354$ & $0.0100647$ & $0.00134106$ & $-0.116726$ & $-0.0727046$ & $0.117121$ & $-0.0399687$ & $0.0368482$ & $0.0788414$ & $0.103937$ & $0.164694$ & $0.0600532$ & $0.0132532$ & $-0.00103035$ & $0.046469$ & $-0.0724326$ & $1$ & $-0.188577$ & $-0.407132$ & $-0.0044567$ & $-0.0783713$ & $0.25432$ & $0.19548$ \\
eHmumuint & $-0.0354219$ & $0.313576$ & $-0.186626$ & $0.223998$ & $-0.027606$ & $0.0511244$ & $0.0327329$ & $-0.011948$ & $-0.0167961$ & $-0.00246924$ & $0.00249004$ & $-0.0165384$ & $0.021562$ & $0.0117684$ & $0.0247342$ & $0.0292587$ & $0.0134428$ & $0.000635646$ & $-0.00204519$ & $-0.000643753$ & $-0.00288986$ & $-0.00240026$ & $0.00839004$ & $0.0258627$ & $-0.00232836$ & $-0.0130788$ & $-0.0353648$ & $0.0117008$ & $0.00248884$ & $0.0299534$ & $0.0533366$ & $0.0455903$ & $-0.0270273$ & $-0.0203242$ & $0.00644676$ & $0.000221381$ & $-0.149259$ & $0.0531142$ & $0.087236$ & $0.0218661$ & $0.0499554$ & $0.00125796$ & $-0.188577$ & $1$ & $0.0202509$ & $0.346397$ & $0.061426$ & $-0.0861416$ & $-0.226518$ \\
eHtautauint & $-0.0513854$ & $-0.0360608$ & $-0.136158$ & $-0.313133$ & $-0.000919858$ & $-0.0310439$ & $-0.0252652$ & $-0.0110179$ & $-0.0220943$ & $0.0275417$ & $-0.00447521$ & $0.0151998$ & $0.0110069$ & $0.0122164$ & $0.0459271$ & $0.0307347$ & $0.0278467$ & $0.00478356$ & $0.013596$ & $0.0103216$ & $-0.000258187$ & $-0.00171626$ & $-0.0267966$ & $0.0389336$ & $0.00532719$ & $0.000292839$ & $-0.0564577$ & $-0.00358562$ & $-0.0333802$ & $0.0328532$ & $0.0529137$ & $-0.0293453$ & $-0.0116768$ & $-0.0482073$ & $0.0370422$ & $0.0750986$ & $-0.099893$ & $-0.0510133$ & $-0.112163$ & $-0.0581416$ & $0.080789$ & $0.0395972$ & $-0.407132$ & $0.0202509$ & $1$ & $0.225178$ & $0.0932519$ & $-0.0740114$ & $-0.0272369$ \\
eHccint & $0.161272$ & $0.0263434$ & $-0.024437$ & $-0.215485$ & $0.0102209$ & $0.038575$ & $0.00757063$ & $0.0192952$ & $0.0178553$ & $-0.00864234$ & $-0.0228423$ & $-0.0411734$ & $-0.0166268$ & $0.0257632$ & $0.0290249$ & $0.0170026$ & $-0.000840781$ & $-0.0071167$ & $0.00116213$ & $0.0230005$ & $0.0217687$ & $0.0207005$ & $0.0414317$ & $-0.00316137$ & $-0.0138926$ & $-0.0563805$ & $-0.0150286$ & $0.00806134$ & $-0.0363608$ & $-0.00908001$ & $-0.0150373$ & $-0.00020473$ & $-0.0540538$ & $-0.0108689$ & $-0.0641095$ & $0.263548$ & $0.14841$ & $-0.0697063$ & $-0.079071$ & $0.0554047$ & $0.0436881$ & $-0.0283947$ & $-0.0044567$ & $0.346397$ & $0.225178$ & $1$ & $-0.312956$ & $-0.107878$ & $-0.111877$ \\
eHccpar & $0.0789925$ & $-0.0698489$ & $-0.13241$ & $-0.0459917$ & $-0.0135006$ & $-0.0161489$ & $0.0549305$ & $0.0351801$ & $0.0341868$ & $0.0109004$ & $-0.03185$ & $-0.0476409$ & $-0.0558124$ & $-0.00115804$ & $0.00490654$ & $3.78194e-05$ & $0.00257368$ & $-0.00748563$ & $-0.00278846$ & $0.0312208$ & $0.0333966$ & $0.0338412$ & $-0.0050885$ & $-0.0256483$ & $-0.00674424$ & $-0.0126165$ & $0.0299093$ & $0.0152295$ & $0.0124726$ & $-0.0250182$ & $0.205477$ & $0.0560406$ & $-0.0587534$ & $0.0318178$ & $0.0742791$ & $-0.311863$ & $-0.223344$ & $-0.0202039$ & $-0.0406847$ & $0.0121685$ & $-0.0422795$ & $-0.00868989$ & $-0.0783713$ & $0.061426$ & $0.0932519$ & $-0.312956$ & $1$ & $0.0656778$ & $-0.179708$ \\
eHbbint & $-0.0367426$ & $-0.0375587$ & $0.194815$ & $0.206758$ & $0.0222472$ & $0.0243756$ & $0.0521052$ & $0.0163287$ & $0.0241729$ & $0.0154598$ & $-0.00787779$ & $-0.0847933$ & $-0.086448$ & $-0.00741138$ & $0.0286076$ & $0.0197127$ & $-0.0141372$ & $-0.0296727$ & $-0.0253628$ & $0.00991908$ & $0.00688765$ & $0.00676463$ & $-0.0429359$ & $-0.00626074$ & $-0.0254686$ & $0.00878117$ & $-0.0192139$ & $0.00893481$ & $0.010258$ & $-0.0741589$ & $-0.0280524$ & $0.0359415$ & $0.0680497$ & $-0.0107424$ & $0.022929$ & $-0.227076$ & $0.151501$ & $-0.0524162$ & $-0.0270002$ & $0.00871178$ & $-0.0280843$ & $-0.0103168$ & $0.25432$ & $-0.0861416$ & $-0.0740114$ & $-0.107878$ & $0.0656778$ & $1$ & $0.348323$ \\
eHbbpar & $-0.119992$ & $-0.109822$ & $0.365616$ & $-0.0487992$ & $-0.00986886$ & $0.0145051$ & $0.0744109$ & $-0.0105632$ & $0.000727883$ & $-0.00402986$ & $0.0172514$ & $-0.0347066$ & $-0.0592359$ & $-0.0167014$ & $0.00286708$ & $0.0255822$ & $-0.00600079$ & $-0.0107508$ & $-0.0261858$ & $-0.0176343$ & $-0.0193306$ & $-0.0184833$ & $-0.0360898$ & $0.0144445$ & $-0.00692325$ & $0.0337439$ & $-0.0186585$ & $0.0108258$ & $-0.0390205$ & $-0.0582752$ & $-0.0796495$ & $0.0689258$ & $0.202316$ & $-0.010838$ & $-0.108894$ & $0.0779338$ & $0.181489$ & $-0.048412$ & $0.173507$ & $-0.0685316$ & $0.08638$ & $-0.0283467$ & $0.19548$ & $-0.226518$ & $-0.0272369$ & $-0.111877$ & $-0.179708$ & $0.348323$ & $1$ \\
