 & AlsMz & dAle5Mz & mtop & mHl & Mz & CW & CHG & CHWB & CHWHB_gaga & CHWHB_gagaorth & CHD & CHbox & CH & CHL1_11 & CHL1_22 & CHL1_33 & CHL3_11 & CHL3_22 & CHL3_33 & CHe_11 & CHe_22 & CHe_33 & CHQ1_11 & CHQ1_33 & CHQ3_11 & CHu_11 & CHd_11 & CHd_33 & CeH_22r & CeH_33r & CuH_22r & CuH_33r & CdH_33r & CLL_1221 & eHggint & eHggpar & eHWWint & eHWWpar & eHZZint & eHZZpar & eHZgaint & eHZgapar & eHgagaint & eHmumuint & eHtautauint & eHccint & eHccpar & eHbbint & eHbbpar \\
AlsMz & $1$ & $-0.0271757$ & $0.0270925$ & $0.00242338$ & $0.00666848$ & $0.0114867$ & $0.0546341$ & $0.0142026$ & $0.0225535$ & $-0.011208$ & $-0.0264397$ & $-0.0199917$ & $-0.00239183$ & $0.0199047$ & $0.00380178$ & $0.00741412$ & $-0.00372463$ & $0.00432661$ & $0.00179722$ & $0.0155102$ & $0.0157226$ & $0.0138184$ & $-0.00944736$ & $-0.0717303$ & $-0.124457$ & $-0.0466153$ & $-0.0298631$ & $0.0147411$ & $-0.0109141$ & $0.0553522$ & $0.0477344$ & $0.0464461$ & $0.0128729$ & $-0.00133505$ & $-0.157136$ & $-0.114475$ & $-0.0320156$ & $-0.0332674$ & $-0.0286039$ & $0.00554138$ & $0.0976015$ & $0.0105847$ & $0.0289078$ & $0.0504215$ & $0.0417097$ & $0.0901553$ & $0.0101228$ & $-0.0195253$ & $-0.0451305$ \\
dAle5Mz & $-0.0271757$ & $1$ & $0.0507205$ & $0.102086$ & $-0.00460031$ & $-0.00192194$ & $0.00876906$ & $-0.0736012$ & $-0.0590172$ & $0.0269446$ & $0.0607229$ & $0.0205768$ & $-0.022488$ & $-0.0383579$ & $-0.00445885$ & $0.000336088$ & $0.00760283$ & $-0.00392956$ & $-0.00715562$ & $-0.0336525$ & $-0.0368605$ & $-0.0374097$ & $0.00262789$ & $0.0202847$ & $0.015321$ & $0.0280004$ & $0.00338011$ & $-0.00981399$ & $-0.000508487$ & $0.00547602$ & $-0.0284889$ & $0.0113446$ & $-0.0418915$ & $0.0139326$ & $0.04791$ & $0.0640426$ & $0.00873403$ & $0.0173685$ & $-0.13075$ & $-0.0199382$ & $-0.0299735$ & $0.0165762$ & $0.152983$ & $0.0523339$ & $-0.0274166$ & $0.125248$ & $-0.0862961$ & $-0.0226451$ & $-0.0615115$ \\
mtop & $0.0270925$ & $0.0507205$ & $1$ & $0.0672713$ & $-0.011397$ & $-0.00889099$ & $0.0206047$ & $-0.0104279$ & $-0.00504579$ & $-0.0266277$ & $0.0176588$ & $-0.0445706$ & $-0.0236163$ & $-0.0173465$ & $-0.0116206$ & $-0.000559401$ & $0.00778401$ & $0.006409$ & $0.00281075$ & $-0.00800664$ & $-0.00834095$ & $-0.00626479$ & $-0.00124122$ & $-0.0102308$ & $0.00343162$ & $0.00702163$ & $0.001604$ & $-0.0193401$ & $0.0239971$ & $0.0116679$ & $-0.0441579$ & $0.00879588$ & $-0.00972941$ & $0.0119403$ & $-0.0228993$ & $-0.134126$ & $0.0412103$ & $-0.0123247$ & $-0.0883468$ & $0.00167332$ & $0.0564981$ & $0.0151934$ & $0.0182509$ & $-0.0905522$ & $0.0634902$ & $0.058469$ & $-0.0915159$ & $0.0075479$ & $0.0077284$ \\
mHl & $0.00242338$ & $0.102086$ & $0.0672713$ & $1$ & $0.00888033$ & $0.0173668$ & $0.00831259$ & $-0.0149072$ & $-0.0170198$ & $-0.00311518$ & $0.0167778$ & $0.023821$ & $0.0232518$ & $-0.00841225$ & $-0.00704234$ & $-0.0161078$ & $-0.00587173$ & $-0.000884952$ & $0.00165963$ & $-0.0158279$ & $-0.0131618$ & $-0.0142244$ & $-0.0183884$ & $-0.00204532$ & $-0.00187217$ & $0.00968202$ & $-0.00469784$ & $-0.0128531$ & $0.012374$ & $0.00494957$ & $-0.0201676$ & $-0.000307859$ & $-0.0257461$ & $0.00158911$ & $-0.00501564$ & $0.0595623$ & $0.0123833$ & $0.0136743$ & $-0.155546$ & $0.0033761$ & $0.0430175$ & $-0.00765085$ & $0.00205188$ & $0.00249841$ & $0.0685401$ & $0.134593$ & $-0.0455228$ & $-0.140016$ & $-0.00938354$ \\
Mz & $0.00666848$ & $-0.00460031$ & $-0.011397$ & $0.00888033$ & $1$ & $-0.000274838$ & $0.00639819$ & $0.00562259$ & $0.0054469$ & $0.00560078$ & $0.00211852$ & $0.00351209$ & $0.00533899$ & $0.00924421$ & $-0.00582965$ & $-0.0222756$ & $0.00331077$ & $0.00250184$ & $0.0126061$ & $0.00197122$ & $0.00906985$ & $0.0064503$ & $-0.000575015$ & $-0.0062795$ & $0.00466257$ & $0.00356449$ & $0.0168817$ & $0.019734$ & $-0.0070502$ & $-0.00702406$ & $0.00120341$ & $0.00480601$ & $-0.00240875$ & $0.00668715$ & $-0.0138148$ & $-0.0138066$ & $0.00677837$ & $-0.00544019$ & $0.026287$ & $0.0140796$ & $-0.000726117$ & $-0.0104408$ & $-0.00162602$ & $-0.00439871$ & $0.0060688$ & $-0.0182736$ & $0.0102488$ & $0.0447903$ & $-0.0164203$ \\
CW & $0.0114867$ & $-0.00192194$ & $-0.00889099$ & $0.0173668$ & $-0.000274838$ & $1$ & $0.00549193$ & $-0.135562$ & $-0.130412$ & $0.027584$ & $0.186864$ & $0.0554578$ & $0.00647432$ & $0.0272637$ & $-0.0545347$ & $-0.0896111$ & $-0.262125$ & $-0.0623856$ & $-0.0281369$ & $-0.183584$ & $-0.190476$ & $-0.183015$ & $-0.0309051$ & $-0.000230357$ & $-0.0868286$ & $0.117173$ & $-0.0943505$ & $-0.0690849$ & $-0.000994321$ & $0.00604084$ & $0.00367159$ & $0.00810564$ & $0.00177172$ & $-0.148799$ & $-0.000939556$ & $0.00285678$ & $-0.00373581$ & $0.0268127$ & $-0.00520944$ & $0.00324777$ & $0.00791248$ & $-0.0178878$ & $0.00686318$ & $-0.00320761$ & $0.0239537$ & $-0.00217165$ & $-0.00680995$ & $0.00205391$ & $0.00703834$ \\
CHG & $0.0546341$ & $0.00876906$ & $0.0206047$ & $0.00831259$ & $0.00639819$ & $0.00549193$ & $1$ & $-0.0391683$ & $0.0140875$ & $0.0105314$ & $0.026625$ & $-0.122375$ & $-0.140483$ & $0.0116874$ & $-0.0361108$ & $-0.0189483$ & $0.0221983$ & $0.0462252$ & $0.0292019$ & $-0.0280452$ & $-0.0251079$ & $-0.0290112$ & $-0.00486544$ & $0.0322336$ & $0.0256634$ & $0.0158305$ & $-0.00337399$ & $0.00184635$ & $0.0375701$ & $-0.0500903$ & $-0.0642694$ & $0.937578$ & $-0.0999417$ & $-0.000972141$ & $-0.0596118$ & $-0.0456524$ & $-0.00442326$ & $0.00924791$ & $-0.0529932$ & $0.0136228$ & $0.0407762$ & $0.0173601$ & $-0.0285531$ & $0.00882649$ & $0.0309727$ & $0.00621451$ & $-0.0599101$ & $-0.0238622$ & $-0.0337315$ \\
CHWB & $0.0142026$ & $-0.0736012$ & $-0.0104279$ & $-0.0149072$ & $0.00562259$ & $-0.135562$ & $-0.0391683$ & $1$ & $0.980522$ & $-0.547551$ & $-0.885296$ & $-0.101575$ & $0.178954$ & $0.163877$ & $0.306485$ & $0.302196$ & $-0.174137$ & $-0.388385$ & $-0.382432$ & $0.856477$ & $0.901298$ & $0.884682$ & $0.0520054$ & $-0.638671$ & $-0.350389$ & $-0.507507$ & $0.39688$ & $0.283011$ & $0.00219097$ & $0.0198052$ & $0.0195228$ & $-0.0527609$ & $0.00377758$ & $0.529373$ & $0.00683365$ & $-0.00684972$ & $-0.00704483$ & $-0.00557891$ & $0.00646541$ & $0.0115738$ & $0.00797496$ & $-0.0122294$ & $0.00534557$ & $-0.00108328$ & $0.0226278$ & $0.00244305$ & $0.0151006$ & $-0.00370875$ & $-0.00893406$ \\
CHWHB_gaga & $0.0225535$ & $-0.0590172$ & $-0.00504579$ & $-0.0170198$ & $0.0054469$ & $-0.130412$ & $0.0140875$ & $0.980522$ & $1$ & $-0.534519$ & $-0.864937$ & $-0.0858851$ & $0.176529$ & $0.153917$ & $0.298093$ & $0.298184$ & $-0.177191$ & $-0.38551$ & $-0.382878$ & $0.837082$ & $0.881$ & $0.86486$ & $0.0506468$ & $-0.629715$ & $-0.350847$ & $-0.49567$ & $0.388892$ & $0.279827$ & $0.00687529$ & $0.0466861$ & $0.0256155$ & $-0.00913054$ & $0.0263385$ & $0.521922$ & $-0.00717459$ & $-0.0164354$ & $-0.0233204$ & $-0.00829059$ & $-0.0142261$ & $0.00956152$ & $0.00713794$ & $-0.0058993$ & $0.0743831$ & $-0.00604098$ & $0.0263971$ & $0.00886771$ & $-0.000677014$ & $-0.0113431$ & $-0.0129635$ \\
CHWHB_gagaorth & $-0.011208$ & $0.0269446$ & $-0.0266277$ & $-0.00311518$ & $0.00560078$ & $0.027584$ & $0.0105314$ & $-0.547551$ & $-0.534519$ & $1$ & $0.345271$ & $0.417213$ & $-0.104106$ & $0.187981$ & $-0.136503$ & $-0.119089$ & $0.386136$ & $0.459261$ & $0.440869$ & $-0.333505$ & $-0.360039$ & $-0.35404$ & $-0.0374374$ & $0.520425$ & $0.441384$ & $0.19935$ & $-0.204814$ & $-0.084544$ & $0.00200583$ & $-0.0714357$ & $-0.0424458$ & $0.0434207$ & $-0.0437471$ & $-0.310424$ & $0.0509775$ & $0.0560043$ & $0.00922132$ & $0.0209727$ & $-0.00923724$ & $0.0134044$ & $-0.0417554$ & $0.00613424$ & $0.0174477$ & $-0.0101065$ & $0.0190006$ & $-0.0104367$ & $-0.0201943$ & $0.00574123$ & $0.0167253$ \\
CHD & $-0.0264397$ & $0.0607229$ & $0.0176588$ & $0.0167778$ & $0.00211852$ & $0.186864$ & $0.026625$ & $-0.885296$ & $-0.864937$ & $0.345271$ & $1$ & $0.180065$ & $-0.0819596$ & $-0.555547$ & $-0.427908$ & $-0.416974$ & $-0.265903$ & $0.036857$ & $0.0319767$ & $-0.990199$ & $-0.991093$ & $-0.969445$ & $0.00114634$ & $0.281459$ & $-0.0163998$ & $0.55809$ & $-0.277937$ & $-0.327959$ & $0.00216169$ & $-0.00777808$ & $-0.0121234$ & $0.0422285$ & $-0.00261776$ & $-0.338769$ & $0.00226366$ & $0.00569504$ & $0.00780601$ & $0.00441748$ & $-0.0155661$ & $-0.0201392$ & $0.00234697$ & $0.00758283$ & $0.000370571$ & $0.011456$ & $-0.0322143$ & $0.00394579$ & $-0.00626156$ & $-0.00430419$ & $0.0119068$ \\
CHbox & $-0.0199917$ & $0.0205768$ & $-0.0445706$ & $0.023821$ & $0.00351209$ & $0.0554578$ & $-0.122375$ & $-0.101575$ & $-0.0858851$ & $0.417213$ & $0.180065$ & $1$ & $0.685329$ & $-0.200156$ & $-0.0167284$ & $0.00319761$ & $-0.189163$ & $-0.143072$ & $-0.160409$ & $-0.166426$ & $-0.186209$ & $-0.182846$ & $0.00944613$ & $-0.031536$ & $-0.139519$ & $0.0861965$ & $-0.0827552$ & $-0.0509733$ & $0.0427548$ & $0.218968$ & $0.0527703$ & $-0.045299$ & $0.268509$ & $-0.0749816$ & $0.110007$ & $0.0484746$ & $0.00841721$ & $0.0215141$ & $-0.0161809$ & $0.00214979$ & $-0.018472$ & $-0.0107218$ & $0.0308921$ & $-0.000779988$ & $-0.00153651$ & $0.0138115$ & $-0.017262$ & $-0.0274532$ & $0.00494422$ \\
CH & $-0.00239183$ & $-0.022488$ & $-0.0236163$ & $0.0232518$ & $0.00533899$ & $0.00647432$ & $-0.140483$ & $0.178954$ & $0.176529$ & $-0.104106$ & $-0.0819596$ & $0.685329$ & $1$ & $-0.120806$ & $0.0452246$ & $0.0603977$ & $-0.197649$ & $-0.208521$ & $-0.222088$ & $0.0792922$ & $0.0845793$ & $0.0790419$ & $0.0367432$ & $-0.199896$ & $-0.194109$ & $-0.0695758$ & $0.0625894$ & $0.0191709$ & $0.0309793$ & $0.128752$ & $0.0452833$ & $-0.11543$ & $0.151033$ & $0.0968515$ & $0.036724$ & $-0.00188433$ & $0.00832343$ & $0.00195373$ & $-0.00545714$ & $-0.00569053$ & $0.0214433$ & $-0.0239472$ & $0.00967451$ & $0.00782465$ & $0.000130821$ & $0.00501427$ & $-0.0181816$ & $-0.0146443$ & $-0.0173413$ \\
CHL1_11 & $0.0199047$ & $-0.0383579$ & $-0.0173465$ & $-0.00841225$ & $0.00924421$ & $0.0272637$ & $0.0116874$ & $0.163877$ & $0.153917$ & $0.187981$ & $-0.555547$ & $-0.200156$ & $-0.120806$ & $1$ & $0.308004$ & $0.280856$ & $0.641611$ & $0.558112$ & $0.568421$ & $0.572931$ & $0.517055$ & $0.500585$ & $-0.0816363$ & $0.434036$ & $0.569202$ & $-0.292655$ & $-0.0785152$ & $0.196579$ & $-0.00721807$ & $-0.0174338$ & $-0.00272216$ & $0.000575114$ & $0.00194039$ & $-0.204613$ & $-0.0131234$ & $0.000194935$ & $-0.0111111$ & $-0.00192833$ & $0.0255948$ & $0.0182852$ & $-0.0172304$ & $0.00373145$ & $-0.0151621$ & $-0.0305181$ & $0.0360407$ & $-0.0213889$ & $-0.00835638$ & $0.0204768$ & $-0.00361602$ \\
CHL1_22 & $0.00380178$ & $-0.00445885$ & $-0.0116206$ & $-0.00704234$ & $-0.00582965$ & $-0.0545347$ & $-0.0361108$ & $0.306485$ & $0.298093$ & $-0.136503$ & $-0.427908$ & $-0.0167284$ & $0.0452246$ & $0.308004$ & $1$ & $0.442946$ & $0.171087$ & $-0.45929$ & $-0.0170864$ & $0.49375$ & $0.344466$ & $0.33473$ & $-0.187148$ & $0.121769$ & $-0.130842$ & $-0.196016$ & $-0.407218$ & $0.107207$ & $0.0153752$ & $0.00883718$ & $-0.00995512$ & $-0.0407298$ & $0.00736478$ & $-0.614753$ & $0.0114766$ & $-0.0307609$ & $0.0219818$ & $0.0128858$ & $0.00663551$ & $0.0172099$ & $0.00292378$ & $-0.0168286$ & $-0.014877$ & $-0.00997061$ & $0.00364188$ & $-0.00627837$ & $-0.0362322$ & $0.00182075$ & $0.00171798$ \\
CHL1_33 & $0.00741412$ & $0.000336088$ & $-0.000559401$ & $-0.0161078$ & $-0.0222756$ & $-0.0896111$ & $-0.0189483$ & $0.302196$ & $0.298184$ & $-0.119089$ & $-0.416974$ & $0.00319761$ & $0.0603977$ & $0.280856$ & $0.442946$ & $1$ & $0.173098$ & $-0.0223797$ & $-0.455937$ & $0.480609$ & $0.337038$ & $0.35178$ & $-0.173476$ & $0.122251$ & $-0.126925$ & $-0.191267$ & $-0.385605$ & $0.126557$ & $0.00308291$ & $0.000465072$ & $0.00362989$ & $-0.0292662$ & $-0.00093562$ & $-0.102146$ & $0.00469222$ & $-0.023539$ & $0.0295549$ & $0.0079606$ & $-0.000743129$ & $0.00454116$ & $0.0299099$ & $-0.0095014$ & $-0.0156885$ & $-0.0168613$ & $0.0117284$ & $-0.00503778$ & $-0.0187528$ & $-0.00237462$ & $-0.00699389$ \\
CHL3_11 & $-0.00372463$ & $0.00760283$ & $0.00778401$ & $-0.00587173$ & $0.00331077$ & $-0.262125$ & $0.0221983$ & $-0.174137$ & $-0.177191$ & $0.386136$ & $-0.265903$ & $-0.189163$ & $-0.197649$ & $0.641611$ & $0.171087$ & $0.173098$ & $1$ & $0.718188$ & $0.705405$ & $0.286472$ & $0.236823$ & $0.225069$ & $-0.0624746$ & $0.648866$ & $0.763876$ & $-0.133647$ & $-0.103003$ & $0.106558$ & $-0.00750371$ & $-0.0249739$ & $-0.0213313$ & $0.016445$ & $-0.0041008$ & $-0.20003$ & $-0.0229517$ & $0.00921114$ & $0.00167776$ & $0.000411932$ & $0.0153497$ & $0.016069$ & $-0.0245907$ & $0.00942877$ & $-0.0113214$ & $-0.0174979$ & $0.0171784$ & $-0.0155155$ & $-0.0164856$ & $0.0153964$ & $-0.00515506$ \\
CHL3_22 & $0.00432661$ & $-0.00392956$ & $0.006409$ & $-0.000884952$ & $0.00250184$ & $-0.0623856$ & $0.0462252$ & $-0.388385$ & $-0.38551$ & $0.459261$ & $0.036857$ & $-0.143072$ & $-0.208521$ & $0.558112$ & $-0.45929$ & $-0.0223797$ & $0.718188$ & $1$ & $0.637011$ & $-0.0423624$ & $-0.0276362$ & $-0.0287888$ & $0.0250043$ & $0.584519$ & $0.779201$ & $0.0156417$ & $0.0542986$ & $0.0254649$ & $-0.0188827$ & $-0.032143$ & $-0.00682611$ & $0.0436213$ & $-0.00712314$ & $0.0981214$ & $-0.025036$ & $0.0211158$ & $-0.014304$ & $-0.00733114$ & $0.0162031$ & $0.00357126$ & $-0.0183343$ & $0.0189407$ & $-0.00538339$ & $-0.0187759$ & $0.017311$ & $-0.011749$ & $0.0100627$ & $0.0160546$ & $-0.00496056$ \\
CHL3_33 & $0.00179722$ & $-0.00715562$ & $0.00281075$ & $0.00165963$ & $0.0126061$ & $-0.0281369$ & $0.0292019$ & $-0.382432$ & $-0.382878$ & $0.440869$ & $0.0319767$ & $-0.160409$ & $-0.222088$ & $0.568421$ & $-0.0170864$ & $-0.455937$ & $0.705405$ & $0.637011$ & $1$ & $-0.0369185$ & $-0.0232055$ & $-0.0218617$ & $0.0221386$ & $0.574259$ & $0.771775$ & $0.0112999$ & $0.0490905$ & $0.00959028$ & $-0.00757218$ & $-0.0239109$ & $-0.02023$ & $0.0313511$ & $-0.000752573$ & $-0.310337$ & $-0.0156859$ & $0.0161671$ & $-0.0182612$ & $-0.00712334$ & $0.0257617$ & $0.0160484$ & $-0.0440139$ & $0.016263$ & $-0.00443327$ & $-0.0136216$ & $0.013355$ & $-0.014621$ & $-0.00483509$ & $0.0200169$ & $0.0027068$ \\
CHe_11 & $0.0155102$ & $-0.0336525$ & $-0.00800664$ & $-0.0158279$ & $0.00197122$ & $-0.183584$ & $-0.0280452$ & $0.856477$ & $0.837082$ & $-0.333505$ & $-0.990199$ & $-0.166426$ & $0.0792922$ & $0.572931$ & $0.49375$ & $0.480609$ & $0.286472$ & $-0.0423624$ & $-0.0369185$ & $1$ & $0.972543$ & $0.951707$ & $-0.026573$ & $-0.225854$ & $0.0217742$ & $-0.546642$ & $0.204025$ & $0.322231$ & $-0.00301733$ & $0.00531587$ & $0.00989629$ & $-0.0432162$ & $0.000735306$ & $0.259351$ & $0.00201834$ & $-0.00810788$ & $-0.00333364$ & $-0.00129694$ & $0.0132752$ & $0.0206346$ & $-0.00123863$ & $-0.00814378$ & $0.00394744$ & $-0.0134253$ & $0.0286097$ & $0.000506906$ & $0.000172057$ & $0.00348631$ & $-0.0132406$ \\
CHe_22 & $0.0157226$ & $-0.0368605$ & $-0.00834095$ & $-0.0131618$ & $0.00906985$ & $-0.190476$ & $-0.0251079$ & $0.901298$ & $0.881$ & $-0.360039$ & $-0.991093$ & $-0.186209$ & $0.0845793$ & $0.517055$ & $0.344466$ & $0.337038$ & $0.236823$ & $-0.0276362$ & $-0.0232055$ & $0.972543$ & $1$ & $0.974538$ & $0.0273511$ & $-0.336404$ & $0.0152784$ & $-0.560442$ & $0.35907$ & $0.328634$ & $-0.00388381$ & $0.00657264$ & $0.0114449$ & $-0.0410591$ & $-0.00044034$ & $0.425674$ & $-0.00139908$ & $-0.000187711$ & $-0.00900202$ & $-0.0055221$ & $0.0116138$ & $0.0186009$ & $-0.00573141$ & $-0.0060433$ & $0.00625405$ & $-0.00909285$ & $0.0318289$ & $0.000240424$ & $0.00615422$ & $0.00472653$ & $-0.0144573$ \\
CHe_33 & $0.0138184$ & $-0.0374097$ & $-0.00626479$ & $-0.0142244$ & $0.0064503$ & $-0.183015$ & $-0.0290112$ & $0.884682$ & $0.86486$ & $-0.35404$ & $-0.969445$ & $-0.182846$ & $0.0790419$ & $0.500585$ & $0.33473$ & $0.35178$ & $0.225069$ & $-0.0287888$ & $-0.0218617$ & $0.951707$ & $0.974538$ & $1$ & $0.03163$ & $-0.33181$ & $0.0122387$ & $-0.548803$ & $0.355574$ & $0.322671$ & $0.000519183$ & $0.0075619$ & $0.0123717$ & $-0.0448843$ & $-0.00071123$ & $0.422724$ & $-0.000730572$ & $0.00052557$ & $-0.00928072$ & $-0.00774587$ & $0.0165084$ & $0.0209313$ & $-0.00659286$ & $-0.00434339$ & $0.00287608$ & $-0.0113842$ & $0.0280122$ & $-0.00127595$ & $0.00502219$ & $0.00574969$ & $-0.0125879$ \\
CHQ1_11 & $-0.00944736$ & $0.00262789$ & $-0.00124122$ & $-0.0183884$ & $-0.000575015$ & $-0.0309051$ & $-0.00486544$ & $0.0520054$ & $0.0506468$ & $-0.0374374$ & $0.00114634$ & $0.00944613$ & $0.0367432$ & $-0.0816363$ & $-0.187148$ & $-0.173476$ & $-0.0624746$ & $0.0250043$ & $0.0221386$ & $-0.026573$ & $0.0273511$ & $0.03163$ & $1$ & $-0.126077$ & $0.104327$ & $-0.67084$ & $0.359871$ & $0.00233863$ & $-0.0125189$ & $0.0222642$ & $0.0027882$ & $-0.00255116$ & $0.0227595$ & $0.206267$ & $0.00201893$ & $0.000719598$ & $0.00511223$ & $-0.0202556$ & $0.0133163$ & $-0.0186211$ & $0.00578615$ & $0.0155571$ & $0.0101305$ & $0.00314715$ & $0.0087249$ & $2.09851e-05$ & $-0.0209481$ & $-0.0396954$ & $0.00360302$ \\
CHQ1_33 & $-0.0717303$ & $0.0202847$ & $-0.0102308$ & $-0.00204532$ & $-0.0062795$ & $-0.000230357$ & $0.0322336$ & $-0.638671$ & $-0.629715$ & $0.520425$ & $0.281459$ & $-0.031536$ & $-0.199896$ & $0.434036$ & $0.121769$ & $0.122251$ & $0.648866$ & $0.584519$ & $0.574259$ & $-0.225854$ & $-0.336404$ & $-0.33181$ & $-0.126077$ & $1$ & $0.61446$ & $0.189691$ & $-0.386335$ & $0.0253079$ & $0.00249676$ & $-0.0258235$ & $-0.0279799$ & $0.0353526$ & $-0.00172152$ & $-0.603345$ & $-0.00878462$ & $0.000980912$ & $0.00465201$ & $-0.00330284$ & $0.00834844$ & $0.0048538$ & $-0.00126542$ & $0.00271902$ & $-0.0196788$ & $-0.0249259$ & $0.00930775$ & $-0.0275948$ & $-0.0341245$ & $0.0196948$ & $0.00403401$ \\
CHQ3_11 & $-0.124457$ & $0.015321$ & $0.00343162$ & $-0.00187217$ & $0.00466257$ & $-0.0868286$ & $0.0256634$ & $-0.350389$ & $-0.350847$ & $0.441384$ & $-0.0163998$ & $-0.139519$ & $-0.194109$ & $0.569202$ & $-0.130842$ & $-0.126925$ & $0.763876$ & $0.779201$ & $0.771775$ & $0.0217742$ & $0.0152784$ & $0.0122387$ & $0.104327$ & $0.61446$ & $1$ & $-0.00784026$ & $0.269851$ & $0.0285413$ & $-0.0114766$ & $-0.0383559$ & $-0.0230976$ & $0.0224461$ & $-0.00950198$ & $-0.149788$ & $-0.00358879$ & $0.0242801$ & $0.00404641$ & $-0.00723557$ & $0.0187789$ & $0.00356504$ & $-0.0413377$ & $0.0181215$ & $-0.0131076$ & $-0.0240772$ & $0.0147216$ & $-0.0173951$ & $0.0025728$ & $0.020659$ & $0.00499179$ \\
CHu_11 & $-0.0466153$ & $0.0280004$ & $0.00702163$ & $0.00968202$ & $0.00356449$ & $0.117173$ & $0.0158305$ & $-0.507507$ & $-0.49567$ & $0.19935$ & $0.55809$ & $0.0861965$ & $-0.0695758$ & $-0.292655$ & $-0.196016$ & $-0.191267$ & $-0.133647$ & $0.0156417$ & $0.0112999$ & $-0.546642$ & $-0.560442$ & $-0.548803$ & $-0.67084$ & $0.189691$ & $-0.00784026$ & $1$ & $-0.176878$ & $-0.18187$ & $0.00803834$ & $-0.0215222$ & $-0.00888776$ & $0.0259139$ & $-0.0126277$ & $-0.239319$ & $0.00426024$ & $-0.00287044$ & $-0.00543406$ & $0.0128487$ & $-0.0196935$ & $-0.00589286$ & $-0.0151436$ & $-0.00483958$ & $0.00942324$ & $0.000810112$ & $-0.029106$ & $0.00577689$ & $0.0139064$ & $0.031727$ & $0.00160241$ \\
CHd_11 & $-0.0298631$ & $0.00338011$ & $0.001604$ & $-0.00469784$ & $0.0168817$ & $-0.0943505$ & $-0.00337399$ & $0.39688$ & $0.388892$ & $-0.204814$ & $-0.277937$ & $-0.0827552$ & $0.0625894$ & $-0.0785152$ & $-0.407218$ & $-0.385605$ & $-0.103003$ & $0.0542986$ & $0.0490905$ & $0.204025$ & $0.35907$ & $0.355574$ & $0.359871$ & $-0.386335$ & $0.269851$ & $-0.176878$ & $1$ & $0.0963305$ & $-0.00619027$ & $0.00157452$ & $0.00535872$ & $-0.00938157$ & $-0.00379256$ & $0.676604$ & $-0.00295581$ & $0.0162077$ & $-0.0135941$ & $-0.0261213$ & $-0.00306843$ & $-0.00767653$ & $-0.0137296$ & $0.0102599$ & $0.0206139$ & $0.00617569$ & $0.0181028$ & $0.0138006$ & $0.0322094$ & $0.00378256$ & $-0.00469242$ \\
CHd_33 & $0.0147411$ & $-0.00981399$ & $-0.0193401$ & $-0.0128531$ & $0.019734$ & $-0.0690849$ & $0.00184635$ & $0.283011$ & $0.279827$ & $-0.084544$ & $-0.327959$ & $-0.0509733$ & $0.0191709$ & $0.196579$ & $0.107207$ & $0.126557$ & $0.106558$ & $0.0254649$ & $0.00959028$ & $0.322231$ & $0.328634$ & $0.322671$ & $0.00233863$ & $0.0253079$ & $0.0285413$ & $-0.18187$ & $0.0963305$ & $1$ & $-7.66252e-05$ & $0.0151749$ & $0.000389045$ & $-0.00359535$ & $-0.000784504$ & $0.135699$ & $-0.00787562$ & $-0.00265264$ & $-0.0194577$ & $-0.0173116$ & $-0.0138399$ & $-0.0203027$ & $-0.00646898$ & $-0.00766586$ & $0.0181015$ & $-0.0100569$ & $0.0323247$ & $-0.0115168$ & $-0.0265011$ & $-0.00326202$ & $-0.0151745$ \\
CeH_22r & $-0.0109141$ & $-0.000508487$ & $0.0239971$ & $0.012374$ & $-0.0070502$ & $-0.000994321$ & $0.0375701$ & $0.00219097$ & $0.00687529$ & $0.00200583$ & $0.00216169$ & $0.0427548$ & $0.0309793$ & $-0.00721807$ & $0.0153752$ & $0.00308291$ & $-0.00750371$ & $-0.0188827$ & $-0.00757218$ & $-0.00301733$ & $-0.00388381$ & $0.000519183$ & $-0.0125189$ & $0.00249676$ & $-0.0114766$ & $0.00803834$ & $-0.00619027$ & $-7.66252e-05$ & $1$ & $0.0373022$ & $0.017429$ & $0.0250295$ & $0.0446758$ & $-0.0100634$ & $-0.0213314$ & $-0.0244336$ & $-0.015627$ & $-0.0194035$ & $-0.0230783$ & $0.00954611$ & $0.0328255$ & $0.0153874$ & $0.00689176$ & $-0.0183235$ & $-0.0103307$ & $0.0173974$ & $0.000547364$ & $0.000992679$ & $0.00822779$ \\
CeH_33r & $0.0553522$ & $0.00547602$ & $0.0116679$ & $0.00494957$ & $-0.00702406$ & $0.00604084$ & $-0.0500903$ & $0.0198052$ & $0.0466861$ & $-0.0714357$ & $-0.00777808$ & $0.218968$ & $0.128752$ & $-0.0174338$ & $0.00883718$ & $0.000465072$ & $-0.0249739$ & $-0.032143$ & $-0.0239109$ & $0.00531587$ & $0.00657264$ & $0.0075619$ & $0.0222642$ & $-0.0258235$ & $-0.0383559$ & $-0.0215222$ & $0.00157452$ & $0.0151749$ & $0.0373022$ & $1$ & $0.278066$ & $0.0888059$ & $0.597463$ & $0.00747273$ & $-0.0538062$ & $-0.0340073$ & $-0.188461$ & $-0.0264969$ & $-0.019522$ & $-0.0220799$ & $0.00545678$ & $0.0214145$ & $0.0294988$ & $-0.0228767$ & $0.0845325$ & $-0.00125314$ & $-0.0110584$ & $-0.00680246$ & $-0.0311044$ \\
CuH_22r & $0.0477344$ & $-0.0284889$ & $-0.0441579$ & $-0.0201676$ & $0.00120341$ & $0.00367159$ & $-0.0642694$ & $0.0195228$ & $0.0256155$ & $-0.0424458$ & $-0.0121234$ & $0.0527703$ & $0.0452833$ & $-0.00272216$ & $-0.00995512$ & $0.00362989$ & $-0.0213313$ & $-0.00682611$ & $-0.02023$ & $0.00989629$ & $0.0114449$ & $0.0123717$ & $0.0027882$ & $-0.0279799$ & $-0.0230976$ & $-0.00888776$ & $0.00535872$ & $0.000389045$ & $0.017429$ & $0.278066$ & $1$ & $0.0162577$ & $0.310388$ & $0.0185026$ & $-0.0425959$ & $0.0161264$ & $-0.103946$ & $-0.014527$ & $0.0207582$ & $0.0113504$ & $-0.0464217$ & $0.0176104$ & $-0.0278792$ & $0.0411705$ & $-0.0298318$ & $0.0622204$ & $0.399502$ & $0.0108507$ & $-0.00786193$ \\
CuH_33r & $0.0464461$ & $0.0113446$ & $0.00879588$ & $-0.000307859$ & $0.00480601$ & $0.00810564$ & $0.937578$ & $-0.0527609$ & $-0.00913054$ & $0.0434207$ & $0.0422285$ & $-0.045299$ & $-0.11543$ & $0.000575114$ & $-0.0407298$ & $-0.0292662$ & $0.016445$ & $0.0436213$ & $0.0313511$ & $-0.0432162$ & $-0.0410591$ & $-0.0448843$ & $-0.00255116$ & $0.0353526$ & $0.0224461$ & $0.0259139$ & $-0.00938157$ & $-0.00359535$ & $0.0250295$ & $0.0888059$ & $0.0162577$ & $1$ & $0.0701557$ & $-0.00860769$ & $0.0176054$ & $-0.00939911$ & $-0.0443709$ & $0.0138401$ & $-0.0362731$ & $0.0121352$ & $0.0192511$ & $0.0188227$ & $-0.0224066$ & $0.0144921$ & $0.0305933$ & $0.00276291$ & $-0.0477039$ & $-0.0258654$ & $-0.0183222$ \\
CdH_33r & $0.0128729$ & $-0.0418915$ & $-0.00972941$ & $-0.0257461$ & $-0.00240875$ & $0.00177172$ & $-0.0999417$ & $0.00377758$ & $0.0263385$ & $-0.0437471$ & $-0.00261776$ & $0.268509$ & $0.151033$ & $0.00194039$ & $0.00736478$ & $-0.00093562$ & $-0.0041008$ & $-0.00712314$ & $-0.000752573$ & $0.000735306$ & $-0.00044034$ & $-0.00071123$ & $0.0227595$ & $-0.00172152$ & $-0.00950198$ & $-0.0126277$ & $-0.00379256$ & $-0.000784504$ & $0.0446758$ & $0.597463$ & $0.310388$ & $0.0701557$ & $1$ & $-0.00669203$ & $-0.0150947$ & $-0.0403074$ & $-0.145037$ & $-0.0140398$ & $0.0289493$ & $-0.0101728$ & $-0.0694578$ & $0.0375902$ & $-0.00777087$ & $0.0139725$ & $-0.0531955$ & $-0.0840706$ & $0.00256438$ & $0.173263$ & $0.504428$ \\
CLL_1221 & $-0.00133505$ & $0.0139326$ & $0.0119403$ & $0.00158911$ & $0.00668715$ & $-0.148799$ & $-0.000972141$ & $0.529373$ & $0.521922$ & $-0.310424$ & $-0.338769$ & $-0.0749816$ & $0.0968515$ & $-0.204613$ & $-0.614753$ & $-0.102146$ & $-0.20003$ & $0.0981214$ & $-0.310337$ & $0.259351$ & $0.425674$ & $0.422724$ & $0.206267$ & $-0.603345$ & $-0.149788$ & $-0.239319$ & $0.676604$ & $0.135699$ & $-0.0100634$ & $0.00747273$ & $0.0185026$ & $-0.00860769$ & $-0.00669203$ & $1$ & $-0.00381116$ & $0.0270372$ & $-0.0195712$ & $-0.0144912$ & $-0.011818$ & $-0.00849999$ & $0.00253927$ & $0.00507967$ & $0.0261505$ & $0.0129736$ & $0.0107471$ & $0.0153071$ & $0.0357579$ & $-0.00711211$ & $-0.0122238$ \\
eHggint & $-0.157136$ & $0.04791$ & $-0.0228993$ & $-0.00501564$ & $-0.0138148$ & $-0.000939556$ & $-0.0596118$ & $0.00683365$ & $-0.00717459$ & $0.0509775$ & $0.00226366$ & $0.110007$ & $0.036724$ & $-0.0131234$ & $0.0114766$ & $0.00469222$ & $-0.0229517$ & $-0.025036$ & $-0.0156859$ & $0.00201834$ & $-0.00139908$ & $-0.000730572$ & $0.00201893$ & $-0.00878462$ & $-0.00358879$ & $0.00426024$ & $-0.00295581$ & $-0.00787562$ & $-0.0213314$ & $-0.0538062$ & $-0.0425959$ & $0.0176054$ & $-0.0150947$ & $-0.00381116$ & $1$ & $-0.103693$ & $0.0104478$ & $0.0135407$ & $0.046324$ & $0.0108251$ & $-0.092805$ & $-0.0416292$ & $0.0638424$ & $0.0321459$ & $0.0369331$ & $0.0181709$ & $-0.00968989$ & $-0.012485$ & $0.0761201$ \\
eHggpar & $-0.114475$ & $0.0640426$ & $-0.134126$ & $0.0595623$ & $-0.0138066$ & $0.00285678$ & $-0.0456524$ & $-0.00684972$ & $-0.0164354$ & $0.0560043$ & $0.00569504$ & $0.0484746$ & $-0.00188433$ & $0.000194935$ & $-0.0307609$ & $-0.023539$ & $0.00921114$ & $0.0211158$ & $0.0161671$ & $-0.00810788$ & $-0.000187711$ & $0.00052557$ & $0.000719598$ & $0.000980912$ & $0.0242801$ & $-0.00287044$ & $0.0162077$ & $-0.00265264$ & $-0.0244336$ & $-0.0340073$ & $0.0161264$ & $-0.00939911$ & $-0.0403074$ & $0.0270372$ & $-0.103693$ & $1$ & $-0.0699167$ & $0.0227644$ & $-0.0107144$ & $0.0349109$ & $-0.0838393$ & $0.00980924$ & $-0.0191789$ & $0.0332844$ & $0.0427251$ & $0.033339$ & $0.0682989$ & $-0.0218899$ & $-0.00880364$ \\
eHWWint & $-0.0320156$ & $0.00873403$ & $0.0412103$ & $0.0123833$ & $0.00677837$ & $-0.00373581$ & $-0.00442326$ & $-0.00704483$ & $-0.0233204$ & $0.00922132$ & $0.00780601$ & $0.00841721$ & $0.00832343$ & $-0.0111111$ & $0.0219818$ & $0.0295549$ & $0.00167776$ & $-0.014304$ & $-0.0182612$ & $-0.00333364$ & $-0.00900202$ & $-0.00928072$ & $0.00511223$ & $0.00465201$ & $0.00404641$ & $-0.00543406$ & $-0.0135941$ & $-0.0194577$ & $-0.015627$ & $-0.188461$ & $-0.103946$ & $-0.0443709$ & $-0.145037$ & $-0.0195712$ & $0.0104478$ & $-0.0699167$ & $1$ & $0.000851012$ & $0.0531479$ & $0.0317692$ & $0.0456636$ & $-0.0243949$ & $-0.0820332$ & $0.0828154$ & $-0.0295586$ & $-0.0313226$ & $-0.0272795$ & $0.0686779$ & $0.0767666$ \\
eHWWpar & $-0.0332674$ & $0.0173685$ & $-0.0123247$ & $0.0136743$ & $-0.00544019$ & $0.0268127$ & $0.00924791$ & $-0.00557891$ & $-0.00829059$ & $0.0209727$ & $0.00441748$ & $0.0215141$ & $0.00195373$ & $-0.00192833$ & $0.0128858$ & $0.0079606$ & $0.000411932$ & $-0.00733114$ & $-0.00712334$ & $-0.00129694$ & $-0.0055221$ & $-0.00774587$ & $-0.0202556$ & $-0.00330284$ & $-0.00723557$ & $0.0128487$ & $-0.0261213$ & $-0.0173116$ & $-0.0194035$ & $-0.0264969$ & $-0.014527$ & $0.0138401$ & $-0.0140398$ & $-0.0144912$ & $0.0135407$ & $0.0227644$ & $0.000851012$ & $1$ & $0.021602$ & $-0.00263245$ & $-0.0197912$ & $-0.0157954$ & $0.00793455$ & $0.0305232$ & $0.00754603$ & $-0.0271743$ & $0.00459399$ & $0.0094768$ & $0.0153222$ \\
eHZZint & $-0.0286039$ & $-0.13075$ & $-0.0883468$ & $-0.155546$ & $0.026287$ & $-0.00520944$ & $-0.0529932$ & $0.00646541$ & $-0.0142261$ & $-0.00923724$ & $-0.0155661$ & $-0.0161809$ & $-0.00545714$ & $0.0255948$ & $0.00663551$ & $-0.000743129$ & $0.0153497$ & $0.0162031$ & $0.0257617$ & $0.0132752$ & $0.0116138$ & $0.0165084$ & $0.0133163$ & $0.00834844$ & $0.0187789$ & $-0.0196935$ & $-0.00306843$ & $-0.0138399$ & $-0.0230783$ & $-0.019522$ & $0.0207582$ & $-0.0362731$ & $0.0289493$ & $-0.011818$ & $0.046324$ & $-0.0107144$ & $0.0531479$ & $0.021602$ & $1$ & $0.0242631$ & $-0.139951$ & $-0.02678$ & $-0.166562$ & $0.13645$ & $-0.050803$ & $-0.0297448$ & $0.0710858$ & $0.11282$ & $0.0621685$ \\
eHZZpar & $0.00554138$ & $-0.0199382$ & $0.00167332$ & $0.0033761$ & $0.0140796$ & $0.00324777$ & $0.0136228$ & $0.0115738$ & $0.00956152$ & $0.0134044$ & $-0.0201392$ & $0.00214979$ & $-0.00569053$ & $0.0182852$ & $0.0172099$ & $0.00454116$ & $0.016069$ & $0.00357126$ & $0.0160484$ & $0.0206346$ & $0.0186009$ & $0.0209313$ & $-0.0186211$ & $0.0048538$ & $0.00356504$ & $-0.00589286$ & $-0.00767653$ & $-0.0203027$ & $0.00954611$ & $-0.0220799$ & $0.0113504$ & $0.0121352$ & $-0.0101728$ & $-0.00849999$ & $0.0108251$ & $0.0349109$ & $0.0317692$ & $-0.00263245$ & $0.0242631$ & $1$ & $0.00715686$ & $0.0057493$ & $-0.0265957$ & $0.00306787$ & $0.0414071$ & $0.0243422$ & $0.00816866$ & $0.0244153$ & $0.0106032$ \\
eHZgaint & $0.0976015$ & $-0.0299735$ & $0.0564981$ & $0.0430175$ & $-0.000726117$ & $0.00791248$ & $0.0407762$ & $0.00797496$ & $0.00713794$ & $-0.0417554$ & $0.00234697$ & $-0.018472$ & $0.0214433$ & $-0.0172304$ & $0.00292378$ & $0.0299099$ & $-0.0245907$ & $-0.0183343$ & $-0.0440139$ & $-0.00123863$ & $-0.00573141$ & $-0.00659286$ & $0.00578615$ & $-0.00126542$ & $-0.0413377$ & $-0.0151436$ & $-0.0137296$ & $-0.00646898$ & $0.0328255$ & $0.00545678$ & $-0.0464217$ & $0.0192511$ & $-0.0694578$ & $0.00253927$ & $-0.092805$ & $-0.0838393$ & $0.0456636$ & $-0.0197912$ & $-0.139951$ & $0.00715686$ & $1$ & $0.00221193$ & $-0.0197268$ & $-0.139548$ & $0.0497028$ & $0.0436178$ & $-0.149984$ & $-0.0962638$ & $-0.0951003$ \\
eHZgapar & $0.0105847$ & $0.0165762$ & $0.0151934$ & $-0.00765085$ & $-0.0104408$ & $-0.0178878$ & $0.0173601$ & $-0.0122294$ & $-0.0058993$ & $0.00613424$ & $0.00758283$ & $-0.0107218$ & $-0.0239472$ & $0.00373145$ & $-0.0168286$ & $-0.0095014$ & $0.00942877$ & $0.0189407$ & $0.016263$ & $-0.00814378$ & $-0.0060433$ & $-0.00434339$ & $0.0155571$ & $0.00271902$ & $0.0181215$ & $-0.00483958$ & $0.0102599$ & $-0.00766586$ & $0.0153874$ & $0.0214145$ & $0.0176104$ & $0.0188227$ & $0.0375902$ & $0.00507967$ & $-0.0416292$ & $0.00980924$ & $-0.0243949$ & $-0.0157954$ & $-0.02678$ & $0.0057493$ & $0.00221193$ & $1$ & $0.0343049$ & $-0.0126773$ & $0.00747247$ & $0.0384383$ & $0.00324071$ & $0.0173043$ & $0.00599618$ \\
eHgagaint & $0.0289078$ & $0.152983$ & $0.0182509$ & $0.00205188$ & $-0.00162602$ & $0.00686318$ & $-0.0285531$ & $0.00534557$ & $0.0743831$ & $0.0174477$ & $0.000370571$ & $0.0308921$ & $0.00967451$ & $-0.0151621$ & $-0.014877$ & $-0.0156885$ & $-0.0113214$ & $-0.00538339$ & $-0.00443327$ & $0.00394744$ & $0.00625405$ & $0.00287608$ & $0.0101305$ & $-0.0196788$ & $-0.0131076$ & $0.00942324$ & $0.0206139$ & $0.0181015$ & $0.00689176$ & $0.0294988$ & $-0.0278792$ & $-0.0224066$ & $-0.00777087$ & $0.0261505$ & $0.0638424$ & $-0.0191789$ & $-0.0820332$ & $0.00793455$ & $-0.166562$ & $-0.0265957$ & $-0.0197268$ & $0.0343049$ & $1$ & $-0.0227178$ & $0.0690491$ & $0.105817$ & $-0.0985615$ & $-0.0585155$ & $-0.0455476$ \\
eHmumuint & $0.0504215$ & $0.0523339$ & $-0.0905522$ & $0.00249841$ & $-0.00439871$ & $-0.00320761$ & $0.00882649$ & $-0.00108328$ & $-0.00604098$ & $-0.0101065$ & $0.011456$ & $-0.000779988$ & $0.00782465$ & $-0.0305181$ & $-0.00997061$ & $-0.0168613$ & $-0.0174979$ & $-0.0187759$ & $-0.0136216$ & $-0.0134253$ & $-0.00909285$ & $-0.0113842$ & $0.00314715$ & $-0.0249259$ & $-0.0240772$ & $0.000810112$ & $0.00617569$ & $-0.0100569$ & $-0.0183235$ & $-0.0228767$ & $0.0411705$ & $0.0144921$ & $0.0139725$ & $0.0129736$ & $0.0321459$ & $0.0332844$ & $0.0828154$ & $0.0305232$ & $0.13645$ & $0.00306787$ & $-0.139548$ & $-0.0126773$ & $-0.0227178$ & $1$ & $-0.10228$ & $0.0604676$ & $0.0972314$ & $0.106372$ & $0.0432613$ \\
eHtautauint & $0.0417097$ & $-0.0274166$ & $0.0634902$ & $0.0685401$ & $0.0060688$ & $0.0239537$ & $0.0309727$ & $0.0226278$ & $0.0263971$ & $0.0190006$ & $-0.0322143$ & $-0.00153651$ & $0.000130821$ & $0.0360407$ & $0.00364188$ & $0.0117284$ & $0.0171784$ & $0.017311$ & $0.013355$ & $0.0286097$ & $0.0318289$ & $0.0280122$ & $0.0087249$ & $0.00930775$ & $0.0147216$ & $-0.029106$ & $0.0181028$ & $0.0323247$ & $-0.0103307$ & $0.0845325$ & $-0.0298318$ & $0.0305933$ & $-0.0531955$ & $0.0107471$ & $0.0369331$ & $0.0427251$ & $-0.0295586$ & $0.00754603$ & $-0.050803$ & $0.0414071$ & $0.0497028$ & $0.00747247$ & $0.0690491$ & $-0.10228$ & $1$ & $-0.0153666$ & $-0.069196$ & $0.0170192$ & $-0.092576$ \\
eHccint & $0.0901553$ & $0.125248$ & $0.058469$ & $0.134593$ & $-0.0182736$ & $-0.00217165$ & $0.00621451$ & $0.00244305$ & $0.00886771$ & $-0.0104367$ & $0.00394579$ & $0.0138115$ & $0.00501427$ & $-0.0213889$ & $-0.00627837$ & $-0.00503778$ & $-0.0155155$ & $-0.011749$ & $-0.014621$ & $0.000506906$ & $0.000240424$ & $-0.00127595$ & $2.09851e-05$ & $-0.0275948$ & $-0.0173951$ & $0.00577689$ & $0.0138006$ & $-0.0115168$ & $0.0173974$ & $-0.00125314$ & $0.0622204$ & $0.00276291$ & $-0.0840706$ & $0.0153071$ & $0.0181709$ & $0.033339$ & $-0.0313226$ & $-0.0271743$ & $-0.0297448$ & $0.0243422$ & $0.0436178$ & $0.0384383$ & $0.105817$ & $0.0604676$ & $-0.0153666$ & $1$ & $0.0292272$ & $-0.00363894$ & $-0.141508$ \\
eHccpar & $0.0101228$ & $-0.0862961$ & $-0.0915159$ & $-0.0455228$ & $0.0102488$ & $-0.00680995$ & $-0.0599101$ & $0.0151006$ & $-0.000677014$ & $-0.0201943$ & $-0.00626156$ & $-0.017262$ & $-0.0181816$ & $-0.00835638$ & $-0.0362322$ & $-0.0187528$ & $-0.0164856$ & $0.0100627$ & $-0.00483509$ & $0.000172057$ & $0.00615422$ & $0.00502219$ & $-0.0209481$ & $-0.0341245$ & $0.0025728$ & $0.0139064$ & $0.0322094$ & $-0.0265011$ & $0.000547364$ & $-0.0110584$ & $0.399502$ & $-0.0477039$ & $0.00256438$ & $0.0357579$ & $-0.00968989$ & $0.0682989$ & $-0.0272795$ & $0.00459399$ & $0.0710858$ & $0.00816866$ & $-0.149984$ & $0.00324071$ & $-0.0985615$ & $0.0972314$ & $-0.069196$ & $0.0292272$ & $1$ & $0.0245411$ & $-0.00354925$ \\
eHbbint & $-0.0195253$ & $-0.0226451$ & $0.0075479$ & $-0.140016$ & $0.0447903$ & $0.00205391$ & $-0.0238622$ & $-0.00370875$ & $-0.0113431$ & $0.00574123$ & $-0.00430419$ & $-0.0274532$ & $-0.0146443$ & $0.0204768$ & $0.00182075$ & $-0.00237462$ & $0.0153964$ & $0.0160546$ & $0.0200169$ & $0.00348631$ & $0.00472653$ & $0.00574969$ & $-0.0396954$ & $0.0196948$ & $0.020659$ & $0.031727$ & $0.00378256$ & $-0.00326202$ & $0.000992679$ & $-0.00680246$ & $0.0108507$ & $-0.0258654$ & $0.173263$ & $-0.00711211$ & $-0.012485$ & $-0.0218899$ & $0.0686779$ & $0.0094768$ & $0.11282$ & $0.0244153$ & $-0.0962638$ & $0.0173043$ & $-0.0585155$ & $0.106372$ & $0.0170192$ & $-0.00363894$ & $0.0245411$ & $1$ & $0.0764456$ \\
eHbbpar & $-0.0451305$ & $-0.0615115$ & $0.0077284$ & $-0.00938354$ & $-0.0164203$ & $0.00703834$ & $-0.0337315$ & $-0.00893406$ & $-0.0129635$ & $0.0167253$ & $0.0119068$ & $0.00494422$ & $-0.0173413$ & $-0.00361602$ & $0.00171798$ & $-0.00699389$ & $-0.00515506$ & $-0.00496056$ & $0.0027068$ & $-0.0132406$ & $-0.0144573$ & $-0.0125879$ & $0.00360302$ & $0.00403401$ & $0.00499179$ & $0.00160241$ & $-0.00469242$ & $-0.0151745$ & $0.00822779$ & $-0.0311044$ & $-0.00786193$ & $-0.0183222$ & $0.504428$ & $-0.0122238$ & $0.0761201$ & $-0.00880364$ & $0.0767666$ & $0.0153222$ & $0.0621685$ & $0.0106032$ & $-0.0951003$ & $0.00599618$ & $-0.0455476$ & $0.0432613$ & $-0.092576$ & $-0.141508$ & $-0.00354925$ & $0.0764456$ & $1$ \\
