 & AlsMz & dAle5Mz & mtop & mHl & Mz & CW & CHG & CHWB & CHWHB_gaga & CHWHB_gagaorth & CHD & CHbox & CH & CHL1_11 & CHL1_22 & CHL1_33 & CHL3_11 & CHL3_22 & CHL3_33 & CHe_11 & CHe_22 & CHe_33 & CHQ1_11 & CHQ1_33 & CHQ3_11 & CHu_11 & CHd_11 & CHd_33 & CeH_22r & CeH_33r & CuH_22r & CuH_33r & CdH_33r & CLL_1221 & eHggint & eHggpar & eHWWint & eHWWpar & eHZZint & eHZZpar & eHZgaint & eHZgapar & eHgagaint & eHmumuint & eHtautauint & eHccint & eHccpar & eHbbint & eHbbpar \\
AlsMz & $1$ & $0.000210374$ & $-0.0408984$ & $-0.138329$ & $-0.00985676$ & $0.0132878$ & $-0.00627818$ & $0.0149719$ & $0.0226021$ & $-0.0152494$ & $-0.0228269$ & $-0.0141999$ & $-0.000799774$ & $0.00783657$ & $-0.0017726$ & $-0.00169638$ & $0.00113048$ & $0.00346587$ & $0.00191183$ & $0.0155309$ & $0.0157165$ & $0.011878$ & $0.00962459$ & $-0.0512773$ & $-0.0963606$ & $-0.0517513$ & $-0.00704319$ & $0.0217311$ & $0.0213206$ & $-0.0106832$ & $-0.0284247$ & $-0.00752987$ & $-0.0241373$ & $0.01217$ & $0.00401302$ & $0.0778351$ & $0.0656409$ & $0.00920454$ & $0.0258061$ & $-0.00157915$ & $0.0376557$ & $-0.00971621$ & $0.179264$ & $0.0156126$ & $-0.0906985$ & $-0.0365915$ & $-0.052613$ & $0.0667278$ & $-0.0323926$ \\
dAle5Mz & $0.000210374$ & $1$ & $-0.0259099$ & $-0.0667867$ & $-0.00390639$ & $-0.00419825$ & $-0.00198323$ & $-0.075245$ & $-0.0643133$ & $0.0394427$ & $0.0367541$ & $0.00592501$ & $-0.0104869$ & $0.0180439$ & $-5.24545e-05$ & $-0.000498373$ & $0.0569232$ & $0.0438466$ & $0.0514823$ & $-0.0125126$ & $-0.0156675$ & $-0.00715246$ & $-0.0105333$ & $0.0452178$ & $0.0516288$ & $0.00713502$ & $-0.0133244$ & $0.00479618$ & $0.0117343$ & $0.0280401$ & $0.00180445$ & $0.0020499$ & $0.0615277$ & $0.00507938$ & $-0.0270911$ & $-0.0698735$ & $-0.149843$ & $0.00107833$ & $0.0602279$ & $-0.0148148$ & $-0.0485081$ & $-0.0262576$ & $0.059147$ & $-0.0450973$ & $-0.000530984$ & $-5.95022e-05$ & $-0.0228947$ & $0.176663$ & $0.0196278$ \\
mtop & $-0.0408984$ & $-0.0259099$ & $1$ & $-0.0618724$ & $-0.00411002$ & $0.00445595$ & $0.00299978$ & $0.000950853$ & $-0.00168146$ & $-0.0221642$ & $0.0134616$ & $-0.00380174$ & $0.017349$ & $-0.0137646$ & $-0.0185493$ & $-0.0146443$ & $-0.00776688$ & $0.000304121$ & $-0.00284148$ & $-0.00934548$ & $-0.00262099$ & $-0.00327665$ & $0.00980908$ & $-0.0007708$ & $0.00784031$ & $0.0040919$ & $0.0250772$ & $-0.012527$ & $-0.0189042$ & $0.00796177$ & $-0.0379218$ & $0.0102357$ & $0.0533729$ & $0.0171317$ & $0.00112903$ & $0.0880312$ & $-0.0863487$ & $0.0206052$ & $-0.0467479$ & $0.0212901$ & $0.0600481$ & $-0.00138243$ & $-0.0255674$ & $-0.0250302$ & $-0.136363$ & $-0.0385817$ & $-0.118976$ & $0.0679374$ & $0.0575813$ \\
mHl & $-0.138329$ & $-0.0667867$ & $-0.0618724$ & $1$ & $0.0265712$ & $-0.0187101$ & $0.00571889$ & $0.0100275$ & $0.0149997$ & $-0.0285003$ & $-0.00706069$ & $-0.0114357$ & $0.00194324$ & $0.00665259$ & $0.00746438$ & $0.00122942$ & $-0.00457318$ & $-0.00729903$ & $-0.000153035$ & $0.0069565$ & $0.00692745$ & $0.00719914$ & $0.01112$ & $0.00708285$ & $0.00775424$ & $-0.00550893$ & $0.00368341$ & $0.00913521$ & $-0.000775065$ & $0.0420404$ & $0.00177742$ & $-0.0157589$ & $0.087828$ & $-0.00458008$ & $-0.157088$ & $-0.148779$ & $-0.0627348$ & $-0.00588619$ & $-0.219694$ & $0.0171418$ & $-0.0243635$ & $-0.0304817$ & $-0.0105323$ & $0.0207002$ & $0.0189062$ & $-0.00707872$ & $-0.0295129$ & $-0.0160867$ & $0.118541$ \\
Mz & $-0.00985676$ & $-0.00390639$ & $-0.00411002$ & $0.0265712$ & $1$ & $0.00983971$ & $0.0146898$ & $0.0161577$ & $0.0164723$ & $-0.00211991$ & $-0.0117169$ & $-0.0100959$ & $-0.00887859$ & $0.0180481$ & $-0.00215305$ & $0.0177188$ & $0.00430058$ & $0.00924631$ & $-0.00826188$ & $0.0186817$ & $0.0196479$ & $0.0222196$ & $-0.00568686$ & $-0.00832536$ & $0.0147066$ & $-0.00351724$ & $0.0178899$ & $0.00620643$ & $-0.00855119$ & $-0.00249865$ & $-0.0170178$ & $0.0141527$ & $-0.0226606$ & $0.0112012$ & $0.0031792$ & $-0.00200257$ & $0.0162794$ & $-0.000491132$ & $-0.0341079$ & $-0.00376772$ & $0.0228011$ & $-0.0189074$ & $-0.00189679$ & $0.0100831$ & $0.00318645$ & $-0.0110763$ & $0.00650381$ & $0.0216316$ & $-0.0235214$ \\
CW & $0.0132878$ & $-0.00419825$ & $0.00445595$ & $-0.0187101$ & $0.00983971$ & $1$ & $-0.00694438$ & $-0.158477$ & $-0.151307$ & $0.0334436$ & $0.204509$ & $0.052305$ & $-0.00694792$ & $0.0255549$ & $-0.0818465$ & $-0.0877922$ & $-0.25682$ & $-0.0361198$ & $-0.0295536$ & $-0.201493$ & $-0.208932$ & $-0.204293$ & $-0.0190461$ & $0.0310435$ & $-0.0798347$ & $0.117761$ & $-0.0956456$ & $-0.0765908$ & $-0.00803258$ & $-0.0113211$ & $0.022919$ & $0.00215994$ & $0.0143324$ & $-0.143525$ & $0.0158732$ & $-0.0142384$ & $-0.0085475$ & $-0.0124464$ & $0.00306415$ & $0.00983909$ & $-0.0270978$ & $-0.00224437$ & $0.0429585$ & $-0.0172269$ & $-0.0102735$ & $0.0152013$ & $0.0114632$ & $0.00519721$ & $0.0223728$ \\
CHG & $-0.00627818$ & $-0.00198323$ & $0.00299978$ & $0.00571889$ & $0.0146898$ & $-0.00694438$ & $1$ & $-0.0150817$ & $0.038447$ & $0.0125748$ & $0.000648395$ & $-0.112937$ & $-0.17456$ & $0.0264442$ & $-0.012098$ & $-0.00760185$ & $0.027736$ & $0.038971$ & $0.0327769$ & $0.000174198$ & $-1.8862e-05$ & $0.00205766$ & $0.00986812$ & $0.0342409$ & $0.0322773$ & $-0.00505336$ & $0.00318591$ & $0.0208202$ & $0.0356235$ & $-0.0983566$ & $-0.0518242$ & $0.93436$ & $-0.0998716$ & $-0.00119282$ & $-0.0299925$ & $0.0269329$ & $0.0143639$ & $0.000270954$ & $0.00853151$ & $-0.0095383$ & $0.0238393$ & $0.0194906$ & $-0.00525189$ & $-0.00397025$ & $0.0133588$ & $0.0156172$ & $-0.0223059$ & $-0.00389758$ & $0.0112964$ \\
CHWB & $0.0149719$ & $-0.075245$ & $0.000950853$ & $0.0100275$ & $0.0161577$ & $-0.158477$ & $-0.0150817$ & $1$ & $0.980564$ & $-0.546822$ & $-0.887815$ & $-0.16037$ & $0.18675$ & $0.176136$ & $0.290421$ & $0.292859$ & $-0.154855$ & $-0.368326$ & $-0.373382$ & $0.857698$ & $0.903722$ & $0.885855$ & $0.0716779$ & $-0.646199$ & $-0.340437$ & $-0.509849$ & $0.418536$ & $0.301343$ & $0.00950878$ & $0.054854$ & $0.00256003$ & $-0.0238512$ & $0.0355536$ & $0.545905$ & $-0.00991026$ & $-0.00465489$ & $0.0265105$ & $-0.00121972$ & $-0.0219938$ & $0.00842958$ & $0.0234729$ & $-0.015906$ & $-0.0044603$ & $-0.000861242$ & $0.0294208$ & $-0.0215261$ & $0.0036244$ & $-0.0340509$ & $0.0157545$ \\
CHWHB_gaga & $0.0226021$ & $-0.0643133$ & $-0.00168146$ & $0.0149997$ & $0.0164723$ & $-0.151307$ & $0.038447$ & $0.980564$ & $1$ & $-0.536286$ & $-0.867323$ & $-0.140884$ & $0.184568$ & $0.166962$ & $0.28362$ & $0.289006$ & $-0.16137$ & $-0.367044$ & $-0.374903$ & $0.838304$ & $0.882785$ & $0.865659$ & $0.0709766$ & $-0.63878$ & $-0.341406$ & $-0.499884$ & $0.408562$ & $0.296867$ & $0.0185844$ & $0.0778104$ & $0.0133531$ & $0.0191022$ & $0.060358$ & $0.535558$ & $-0.0250143$ & $-0.0219646$ & $0.0126941$ & $-0.00581858$ & $-0.0296877$ & $0.000920985$ & $0.0154196$ & $-0.0159218$ & $0.0629641$ & $-0.005994$ & $0.0232582$ & $-0.0318929$ & $0.000789135$ & $-0.0461761$ & $0.0192072$ \\
CHWHB_gagaorth & $-0.0152494$ & $0.0394427$ & $-0.0221642$ & $-0.0285003$ & $-0.00211991$ & $0.0334436$ & $0.0125748$ & $-0.546822$ & $-0.536286$ & $1$ & $0.346258$ & $0.497816$ & $-0.124411$ & $0.178943$ & $-0.116574$ & $-0.101132$ & $0.383595$ & $0.447818$ & $0.437946$ & $-0.331645$ & $-0.361673$ & $-0.354197$ & $-0.054443$ & $0.518335$ & $0.425703$ & $0.204094$ & $-0.246293$ & $-0.114146$ & $-0.0081647$ & $-0.101012$ & $-0.0343527$ & $0.0355148$ & $-0.101483$ & $-0.321316$ & $0.0614057$ & $0.0293112$ & $0.00921623$ & $-0.00751115$ & $0.0587789$ & $-0.0088974$ & $-0.0677468$ & $-0.00431975$ & $0.00348594$ & $0.012726$ & $-0.00487093$ & $0.0145149$ & $0.0144707$ & $0.035662$ & $-0.0157383$ \\
CHD & $-0.0228269$ & $0.0367541$ & $0.0134616$ & $-0.00706069$ & $-0.0117169$ & $0.204509$ & $0.000648395$ & $-0.887815$ & $-0.867323$ & $0.346258$ & $1$ & $0.231717$ & $-0.0835177$ & $-0.560527$ & $-0.416114$ & $-0.417494$ & $-0.280553$ & $0.0227238$ & $0.0274353$ & $-0.990308$ & $-0.991171$ & $-0.969327$ & $-0.0178621$ & $0.295086$ & $-0.0193488$ & $0.563263$ & $-0.280638$ & $-0.337024$ & $-0.00593534$ & $-0.0391003$ & $-0.00373134$ & $0.015978$ & $-0.0212559$ & $-0.358252$ & $0.0123118$ & $0.012036$ & $-0.0310116$ & $0.0120668$ & $0.00845088$ & $-0.000751101$ & $-0.0173981$ & $0.0163364$ & $0.00758509$ & $0.00489037$ & $-0.0346349$ & $0.0128134$ & $-0.00078984$ & $0.0256356$ & $-0.0116424$ \\
CHbox & $-0.0141999$ & $0.00592501$ & $-0.00380174$ & $-0.0114357$ & $-0.0100959$ & $0.052305$ & $-0.112937$ & $-0.16037$ & $-0.140884$ & $0.497816$ & $0.231717$ & $1$ & $0.524498$ & $-0.224691$ & $-0.0328552$ & $-0.0207105$ & $-0.171661$ & $-0.123003$ & $-0.13329$ & $-0.213653$ & $-0.237172$ & $-0.230639$ & $-0.0117595$ & $-0.00573164$ & $-0.128135$ & $0.127027$ & $-0.113046$ & $-0.0773561$ & $0.0171174$ & $0.228498$ & $0.0562381$ & $-0.0273956$ & $0.262382$ & $-0.103716$ & $0.115448$ & $0.0401317$ & $0.0165408$ & $0.00443506$ & $0.0291376$ & $-0.0119538$ & $-0.0490466$ & $-0.00961468$ & $0.00162083$ & $-0.015295$ & $-0.00428407$ & $-0.0167698$ & $0.0391811$ & $0.00975904$ & $-0.00607124$ \\
CH & $-0.000799774$ & $-0.0104869$ & $0.017349$ & $0.00194324$ & $-0.00887859$ & $-0.00694792$ & $-0.17456$ & $0.18675$ & $0.184568$ & $-0.124411$ & $-0.0835177$ & $0.524498$ & $1$ & $-0.141299$ & $0.0290152$ & $0.0395141$ & $-0.197607$ & $-0.211992$ & $-0.219937$ & $0.0816766$ & $0.0898899$ & $0.0878559$ & $0.0277539$ & $-0.226822$ & $-0.202859$ & $-0.0577016$ & $0.0830475$ & $0.0377566$ & $0.0233248$ & $0.149272$ & $0.057304$ & $-0.144327$ & $0.167884$ & $0.121547$ & $0.0407167$ & $-0.0169346$ & $0.0130641$ & $-0.00764624$ & $-0.0149587$ & $0.00651045$ & $0.0271082$ & $-0.0172083$ & $0.0135377$ & $-0.063351$ & $0.0111411$ & $-0.0237583$ & $0.0392277$ & $-0.0157224$ & $-0.00517454$ \\
CHL1_11 & $0.00783657$ & $0.0180439$ & $-0.0137646$ & $0.00665259$ & $0.0180481$ & $0.0255549$ & $0.0264442$ & $0.176136$ & $0.166962$ & $0.178943$ & $-0.560527$ & $-0.224691$ & $-0.141299$ & $1$ & $0.298638$ & $0.285435$ & $0.643536$ & $0.565266$ & $0.575219$ & $0.578544$ & $0.524145$ & $0.510117$ & $-0.0779088$ & $0.4168$ & $0.568424$ & $-0.296887$ & $-0.0886173$ & $0.185597$ & $-0.0030998$ & $-0.0108325$ & $0.00371227$ & $0.00959941$ & $-0.018582$ & $-0.177185$ & $-0.0103537$ & $-0.0169059$ & $0.014742$ & $-0.0195129$ & $0.013587$ & $-0.00409052$ & $-0.00281199$ & $-0.00790544$ & $-0.00916622$ & $-0.00411986$ & $0.0294148$ & $0.00671633$ & $-0.00555495$ & $-0.00793524$ & $-0.00778913$ \\
CHL1_22 & $-0.0017726$ & $-5.24545e-05$ & $-0.0185493$ & $0.00746438$ & $-0.00215305$ & $-0.0818465$ & $-0.012098$ & $0.290421$ & $0.28362$ & $-0.116574$ & $-0.416114$ & $-0.0328552$ & $0.0290152$ & $0.298638$ & $1$ & $0.441663$ & $0.199333$ & $-0.453499$ & $-0.00804626$ & $0.482153$ & $0.331589$ & $0.319276$ & $-0.164128$ & $0.139221$ & $-0.118721$ & $-0.201502$ & $-0.40763$ & $0.134493$ & $-0.000807992$ & $0.0261865$ & $0.0118896$ & $-0.0173003$ & $0.0103248$ & $-0.612472$ & $-0.000295836$ & $-0.036332$ & $0.00151143$ & $-0.0170091$ & $-0.00173242$ & $0.00442494$ & $-0.0377023$ & $-0.0103073$ & $-0.0248996$ & $0.00161539$ & $0.0200088$ & $0.00136067$ & $0.00270143$ & $-0.0245586$ & $-0.00450963$ \\
CHL1_33 & $-0.00169638$ & $-0.000498373$ & $-0.0146443$ & $0.00122942$ & $0.0177188$ & $-0.0877922$ & $-0.00760185$ & $0.292859$ & $0.289006$ & $-0.101132$ & $-0.417494$ & $-0.0207105$ & $0.0395141$ & $0.285435$ & $0.441663$ & $1$ & $0.21264$ & $1.84087e-05$ & $-0.435222$ & $0.481553$ & $0.337845$ & $0.351937$ & $-0.157965$ & $0.132712$ & $-0.106144$ & $-0.200153$ & $-0.384556$ & $0.126163$ & $-0.0106494$ & $0.0185603$ & $0.0148682$ & $-0.00397192$ & $0.0276277$ & $-0.0997524$ & $-0.000676041$ & $-0.0273205$ & $0.00329755$ & $-0.0372374$ & $0.00981851$ & $-0.00598221$ & $-0.00835727$ & $-0.00822426$ & $0.0253338$ & $-0.000350623$ & $-0.00634073$ & $0.00458846$ & $0.00519704$ & $-0.0358297$ & $0.0142177$ \\
CHL3_11 & $0.00113048$ & $0.0569232$ & $-0.00776688$ & $-0.00457318$ & $0.00430058$ & $-0.25682$ & $0.027736$ & $-0.154855$ & $-0.16137$ & $0.383595$ & $-0.280553$ & $-0.171661$ & $-0.197607$ & $0.643536$ & $0.199333$ & $0.21264$ & $1$ & $0.70485$ & $0.694053$ & $0.305042$ & $0.2496$ & $0.23994$ & $-0.0662854$ & $0.633055$ & $0.747598$ & $-0.149961$ & $-0.151236$ & $0.0912293$ & $-0.00736631$ & $-0.0388758$ & $-0.0054313$ & $0.0122928$ & $-0.0333848$ & $-0.2007$ & $-0.00418829$ & $-0.00522498$ & $0.018508$ & $-0.0198629$ & $0.0237217$ & $-0.018862$ & $0.00180113$ & $-0.00276694$ & $-0.0163748$ & $-0.0122878$ & $0.00971657$ & $0.017395$ & $-0.00803667$ & $0.0245871$ & $-0.0051901$ \\
CHL3_22 & $0.00346587$ & $0.0438466$ & $0.000304121$ & $-0.00729903$ & $0.00924631$ & $-0.0361198$ & $0.038971$ & $-0.368326$ & $-0.367044$ & $0.447818$ & $0.0227238$ & $-0.123003$ & $-0.211992$ & $0.565266$ & $-0.453499$ & $1.84087e-05$ & $0.70485$ & $1$ & $0.632803$ & $-0.0259543$ & $-0.0122629$ & $-0.0100238$ & $0.00856429$ & $0.563817$ & $0.769297$ & $0.0086728$ & $0.0231791$ & $-0.0100127$ & $-0.00833232$ & $-0.0500577$ & $-0.00689175$ & $0.0294707$ & $-0.0351631$ & $0.108023$ & $-0.003724$ & $0.011701$ & $0.0118929$ & $-0.0103906$ & $0.0235864$ & $-0.0176714$ & $0.0183444$ & $0.00553299$ & $0.00902811$ & $-0.00892828$ & $-0.00383727$ & $0.0165285$ & $-0.00710009$ & $0.0273428$ & $-0.00352502$ \\
CHL3_33 & $0.00191183$ & $0.0514823$ & $-0.00284148$ & $-0.000153035$ & $-0.00826188$ & $-0.0295536$ & $0.0327769$ & $-0.373382$ & $-0.374903$ & $0.437946$ & $0.0274353$ & $-0.13329$ & $-0.219937$ & $0.575219$ & $-0.00804626$ & $-0.435222$ & $0.694053$ & $0.632803$ & $1$ & $-0.0299533$ & $-0.018277$ & $-0.0150209$ & $0.0074362$ & $0.568711$ & $0.76717$ & $0.00993161$ & $0.0152651$ & $-0.00427297$ & $-0.00195792$ & $-0.045368$ & $-0.0112476$ & $0.0168451$ & $-0.0482267$ & $-0.306945$ & $-0.00369692$ & $0.00348519$ & $0.00863749$ & $0.00536828$ & $0.01872$ & $-0.00683703$ & $-0.0058558$ & $0.00621132$ & $-0.0321509$ & $-0.00794196$ & $0.0207573$ & $0.0135044$ & $-0.0095957$ & $0.0379421$ & $-0.0181469$ \\
CHe_11 & $0.0155309$ & $-0.0125126$ & $-0.00934548$ & $0.0069565$ & $0.0186817$ & $-0.201493$ & $0.000174198$ & $0.857698$ & $0.838304$ & $-0.331645$ & $-0.990308$ & $-0.213653$ & $0.0816766$ & $0.578544$ & $0.482153$ & $0.481553$ & $0.305042$ & $-0.0259543$ & $-0.0299533$ & $1$ & $0.972682$ & $0.951452$ & $-0.00731896$ & $-0.237296$ & $0.0268927$ & $-0.553478$ & $0.205467$ & $0.333249$ & $0.00357371$ & $0.0395348$ & $0.00570212$ & $-0.0145859$ & $0.0235207$ & $0.278393$ & $-0.0111225$ & $-0.0178311$ & $0.0279213$ & $-0.0136849$ & $-0.00571504$ & $-0.00127007$ & $0.0114982$ & $-0.0148299$ & $-0.00831449$ & $-0.00694606$ & $0.0312085$ & $-0.010099$ & $0.00177193$ & $-0.0215864$ & $0.0133006$ \\
CHe_22 & $0.0157165$ & $-0.0156675$ & $-0.00262099$ & $0.00692745$ & $0.0196479$ & $-0.208932$ & $-1.8862e-05$ & $0.903722$ & $0.882785$ & $-0.361673$ & $-0.991171$ & $-0.237172$ & $0.0898899$ & $0.524145$ & $0.331589$ & $0.337845$ & $0.2496$ & $-0.0122629$ & $-0.018277$ & $0.972682$ & $1$ & $0.975222$ & $0.0434037$ & $-0.350522$ & $0.0175816$ & $-0.563595$ & $0.361138$ & $0.336829$ & $0.00682987$ & $0.0392689$ & $0.000716145$ & $-0.0153324$ & $0.0216428$ & $0.444138$ & $-0.0133848$ & $-0.00870662$ & $0.027318$ & $-0.00804346$ & $-0.00868476$ & $0.00160162$ & $0.0211668$ & $-0.0161358$ & $-0.00903868$ & $-0.00628643$ & $0.0346159$ & $-0.014419$ & $-0.000820799$ & $-0.0178578$ & $0.0117638$ \\
CHe_33 & $0.011878$ & $-0.00715246$ & $-0.00327665$ & $0.00719914$ & $0.0222196$ & $-0.204293$ & $0.00205766$ & $0.885855$ & $0.865659$ & $-0.354197$ & $-0.969327$ & $-0.230639$ & $0.0878559$ & $0.510117$ & $0.319276$ & $0.351937$ & $0.23994$ & $-0.0100238$ & $-0.0150209$ & $0.951452$ & $0.975222$ & $1$ & $0.0487248$ & $-0.346963$ & $0.0180806$ & $-0.553418$ & $0.359004$ & $0.326509$ & $0.00704365$ & $0.0337453$ & $-0.00237055$ & $-0.0138726$ & $0.0214167$ & $0.442835$ & $-0.0138484$ & $-0.0103267$ & $0.0282885$ & $-0.00844062$ & $-0.00644271$ & $0.00332056$ & $0.0170999$ & $-0.0144414$ & $-0.0079197$ & $-0.00765516$ & $0.0356471$ & $-0.0143066$ & $0.00186035$ & $-0.0130676$ & $0.0137883$ \\
CHQ1_11 & $0.00962459$ & $-0.0105333$ & $0.00980908$ & $0.01112$ & $-0.00568686$ & $-0.0190461$ & $0.00986812$ & $0.0716779$ & $0.0709766$ & $-0.054443$ & $-0.0178621$ & $-0.0117595$ & $0.0277539$ & $-0.0779088$ & $-0.164128$ & $-0.157965$ & $-0.0662854$ & $0.00856429$ & $0.0074362$ & $-0.00731896$ & $0.0434037$ & $0.0487248$ & $1$ & $-0.141007$ & $0.0917408$ & $-0.683047$ & $0.349046$ & $0.0167499$ & $-0.0125567$ & $0.0177607$ & $-0.00960784$ & $0.00808086$ & $0.0123966$ & $0.200793$ & $0.00287064$ & $-0.00542768$ & $0.0200356$ & $0.0147233$ & $-0.0132741$ & $-0.00549939$ & $0.00950939$ & $0.0166786$ & $0.00352621$ & $0.00361871$ & $0.00755522$ & $-0.0172901$ & $-0.0170134$ & $0.00538808$ & $0.00261313$ \\
CHQ1_33 & $-0.0512773$ & $0.0452178$ & $-0.0007708$ & $0.00708285$ & $-0.00832536$ & $0.0310435$ & $0.0342409$ & $-0.646199$ & $-0.63878$ & $0.518335$ & $0.295086$ & $-0.00573164$ & $-0.226822$ & $0.4168$ & $0.139221$ & $0.132712$ & $0.633055$ & $0.563817$ & $0.568711$ & $-0.237296$ & $-0.350522$ & $-0.346963$ & $-0.141007$ & $1$ & $0.593898$ & $0.192022$ & $-0.433332$ & $-0.000108598$ & $-0.00867772$ & $-0.049871$ & $0.00442688$ & $0.0300679$ & $-0.0354088$ & $-0.62186$ & $-0.00500081$ & $-0.0130178$ & $-0.0161927$ & $-0.0343334$ & $0.0106573$ & $-0.0236594$ & $-0.0208501$ & $-0.00241973$ & $-0.0190171$ & $-0.000578218$ & $-0.00322947$ & $0.0260931$ & $-0.00170727$ & $0.00691708$ & $-0.00438071$ \\
CHQ3_11 & $-0.0963606$ & $0.0516288$ & $0.00784031$ & $0.00775424$ & $0.0147066$ & $-0.0798347$ & $0.0322773$ & $-0.340437$ & $-0.341406$ & $0.425703$ & $-0.0193488$ & $-0.128135$ & $-0.202859$ & $0.568424$ & $-0.118721$ & $-0.106144$ & $0.747598$ & $0.769297$ & $0.76717$ & $0.0268927$ & $0.0175816$ & $0.0180806$ & $0.0917408$ & $0.593898$ & $1$ & $-0.0120998$ & $0.239348$ & $0.00290203$ & $-0.0117438$ & $-0.0474163$ & $-0.00439204$ & $0.0152839$ & $-0.0328112$ & $-0.15156$ & $-0.0156746$ & $0.00335286$ & $0.00915679$ & $-0.00815758$ & $0.0207346$ & $-0.0241946$ & $-0.00211569$ & $0.0113102$ & $-0.0267872$ & $-0.0104609$ & $0.00939221$ & $0.0257785$ & $-0.00153571$ & $0.0331055$ & $0.00722939$ \\
CHu_11 & $-0.0517513$ & $0.00713502$ & $0.0040919$ & $-0.00550893$ & $-0.00351724$ & $0.117761$ & $-0.00505336$ & $-0.509849$ & $-0.499884$ & $0.204094$ & $0.563263$ & $0.127027$ & $-0.0577016$ & $-0.296887$ & $-0.201502$ & $-0.200153$ & $-0.149961$ & $0.0086728$ & $0.00993161$ & $-0.553478$ & $-0.563595$ & $-0.553418$ & $-0.683047$ & $0.192022$ & $-0.0120998$ & $1$ & $-0.172245$ & $-0.188279$ & $0.00536265$ & $-0.0346138$ & $-0.00119623$ & $0.00248923$ & $-0.0195964$ & $-0.242311$ & $-0.00373214$ & $0.0207918$ & $-0.0112379$ & $0.00513937$ & $0.00360209$ & $-0.00396219$ & $-0.000987203$ & $-0.00140021$ & $-0.0129118$ & $-0.00117556$ & $-0.0234359$ & $0.00790384$ & $0.0154978$ & $0.0207007$ & $-0.00666415$ \\
CHd_11 & $-0.00704319$ & $-0.0133244$ & $0.0250772$ & $0.00368341$ & $0.0178899$ & $-0.0956456$ & $0.00318591$ & $0.418536$ & $0.408562$ & $-0.246293$ & $-0.280638$ & $-0.113046$ & $0.0830475$ & $-0.0886173$ & $-0.40763$ & $-0.384556$ & $-0.151236$ & $0.0231791$ & $0.0152651$ & $0.205467$ & $0.361138$ & $0.359004$ & $0.349046$ & $-0.433332$ & $0.239348$ & $-0.172245$ & $1$ & $0.0916367$ & $0.00624146$ & $0.00945514$ & $-0.0125909$ & $-0.00923862$ & $0.0123508$ & $0.682866$ & $-0.025229$ & $0.0301123$ & $0.0219563$ & $0.0164687$ & $-0.0184239$ & $-0.0120233$ & $0.0361854$ & $-0.00156729$ & $-0.00839379$ & $-0.00638623$ & $0.010576$ & $-0.0102591$ & $0.000512649$ & $0.0239833$ & $0.0267908$ \\
CHd_33 & $0.0217311$ & $0.00479618$ & $-0.012527$ & $0.00913521$ & $0.00620643$ & $-0.0765908$ & $0.0208202$ & $0.301343$ & $0.296867$ & $-0.114146$ & $-0.337024$ & $-0.0773561$ & $0.0377566$ & $0.185597$ & $0.134493$ & $0.126163$ & $0.0912293$ & $-0.0100127$ & $-0.00427297$ & $0.333249$ & $0.336829$ & $0.326509$ & $0.0167499$ & $-0.000108598$ & $0.00290203$ & $-0.188279$ & $0.0916367$ & $1$ & $0.0129122$ & $0.00328119$ & $-0.00484561$ & $0.0140929$ & $-0.00265853$ & $0.126798$ & $-0.0156459$ & $0.00294546$ & $-0.00206041$ & $-0.0193051$ & $-0.0331206$ & $-0.015844$ & $0.0162024$ & $0.00133842$ & $-0.00408527$ & $0.0300841$ & $0.0217566$ & $-0.0194793$ & $-0.029569$ & $-0.00709552$ & $-0.0089982$ \\
CeH_22r & $0.0213206$ & $0.0117343$ & $-0.0189042$ & $-0.000775065$ & $-0.00855119$ & $-0.00803258$ & $0.0356235$ & $0.00950878$ & $0.0185844$ & $-0.0081647$ & $-0.00593534$ & $0.0171174$ & $0.0233248$ & $-0.0030998$ & $-0.000807992$ & $-0.0106494$ & $-0.00736631$ & $-0.00833232$ & $-0.00195792$ & $0.00357371$ & $0.00682987$ & $0.00704365$ & $-0.0125567$ & $-0.00867772$ & $-0.0117438$ & $0.00536265$ & $0.00624146$ & $0.0129122$ & $1$ & $0.0181168$ & $0.0188009$ & $0.0176332$ & $0.0228057$ & $0.00807224$ & $-0.0401259$ & $0.0084604$ & $-0.0300649$ & $0.0159151$ & $-0.00874888$ & $-0.00531728$ & $0.00389253$ & $-0.0158748$ & $-0.0132991$ & $-0.00505101$ & $-0.00748967$ & $-0.0030899$ & $-0.00961248$ & $-0.00463948$ & $-0.00807417$ \\
CeH_33r & $-0.0106832$ & $0.0280401$ & $0.00796177$ & $0.0420404$ & $-0.00249865$ & $-0.0113211$ & $-0.0983566$ & $0.054854$ & $0.0778104$ & $-0.101012$ & $-0.0391003$ & $0.228498$ & $0.149272$ & $-0.0108325$ & $0.0261865$ & $0.0185603$ & $-0.0388758$ & $-0.0500577$ & $-0.045368$ & $0.0395348$ & $0.0392689$ & $0.0337453$ & $0.0177607$ & $-0.049871$ & $-0.0474163$ & $-0.0346138$ & $0.00945514$ & $0.00328119$ & $0.0181168$ & $1$ & $0.275822$ & $0.0463785$ & $0.618467$ & $0.0176282$ & $-0.0654438$ & $-0.0368033$ & $-0.178758$ & $-0.00498914$ & $-0.0379897$ & $-0.0124587$ & $-0.0149146$ & $-0.00364495$ & $-0.0226298$ & $-0.00566847$ & $0.0561012$ & $0.0035534$ & $-0.0316919$ & $-0.0830789$ & $0.00411328$ \\
CuH_22r & $-0.0284247$ & $0.00180445$ & $-0.0379218$ & $0.00177742$ & $-0.0170178$ & $0.022919$ & $-0.0518242$ & $0.00256003$ & $0.0133531$ & $-0.0343527$ & $-0.00373134$ & $0.0562381$ & $0.057304$ & $0.00371227$ & $0.0118896$ & $0.0148682$ & $-0.0054313$ & $-0.00689175$ & $-0.0112476$ & $0.00570212$ & $0.000716145$ & $-0.00237055$ & $-0.00960784$ & $0.00442688$ & $-0.00439204$ & $-0.00119623$ & $-0.0125909$ & $-0.00484561$ & $0.0188009$ & $0.275822$ & $1$ & $0.0304779$ & $0.28954$ & $-0.0110969$ & $0.00946342$ & $-0.0100267$ & $-0.0451547$ & $-0.0155492$ & $-0.0424808$ & $-0.022575$ & $-0.0258734$ & $0.0257035$ & $0.00465931$ & $-0.0336197$ & $0.0373756$ & $0.0653262$ & $0.38026$ & $-0.0280668$ & $-0.032675$ \\
CuH_33r & $-0.00752987$ & $0.0020499$ & $0.0102357$ & $-0.0157589$ & $0.0141527$ & $0.00215994$ & $0.93436$ & $-0.0238512$ & $0.0191022$ & $0.0355148$ & $0.015978$ & $-0.0273956$ & $-0.144327$ & $0.00959941$ & $-0.0173003$ & $-0.00397192$ & $0.0122928$ & $0.0294707$ & $0.0168451$ & $-0.0145859$ & $-0.0153324$ & $-0.0138726$ & $0.00808086$ & $0.0300679$ & $0.0152839$ & $0.00248923$ & $-0.00923862$ & $0.0140929$ & $0.0176332$ & $0.0463785$ & $0.0304779$ & $1$ & $0.0688557$ & $-0.00395756$ & $0.0553551$ & $0.0775184$ & $-0.0115545$ & $0.00123282$ & $0.0319031$ & $-0.00463162$ & $0.0218992$ & $0.023151$ & $-0.00702248$ & $-0.000234722$ & $0.00694137$ & $0.0141784$ & $-0.0177563$ & $0.00342472$ & $0.00141176$ \\
CdH_33r & $-0.0241373$ & $0.0615277$ & $0.0533729$ & $0.087828$ & $-0.0226606$ & $0.0143324$ & $-0.0998716$ & $0.0355536$ & $0.060358$ & $-0.101483$ & $-0.0212559$ & $0.262382$ & $0.167884$ & $-0.018582$ & $0.0103248$ & $0.0276277$ & $-0.0333848$ & $-0.0351631$ & $-0.0482267$ & $0.0235207$ & $0.0216428$ & $0.0214167$ & $0.0123966$ & $-0.0354088$ & $-0.0328112$ & $-0.0195964$ & $0.0123508$ & $-0.00265853$ & $0.0228057$ & $0.618467$ & $0.28954$ & $0.0688557$ & $1$ & $0.0212716$ & $-0.0738309$ & $-0.0947776$ & $-0.148106$ & $-0.021834$ & $-0.0248329$ & $-0.0207952$ & $0.0237067$ & $0.0191626$ & $-0.0120966$ & $-0.0470639$ & $-0.0540563$ & $0.0626189$ & $-0.0697581$ & $0.125299$ & $0.48677$ \\
CLL_1221 & $0.01217$ & $0.00507938$ & $0.0171317$ & $-0.00458008$ & $0.0112012$ & $-0.143525$ & $-0.00119282$ & $0.545905$ & $0.535558$ & $-0.321316$ & $-0.358252$ & $-0.103716$ & $0.121547$ & $-0.177185$ & $-0.612472$ & $-0.0997524$ & $-0.2007$ & $0.108023$ & $-0.306945$ & $0.278393$ & $0.444138$ & $0.442835$ & $0.200793$ & $-0.62186$ & $-0.15156$ & $-0.242311$ & $0.682866$ & $0.126798$ & $0.00807224$ & $0.0176282$ & $-0.0110969$ & $-0.00395756$ & $0.0212716$ & $1$ & $-0.00851597$ & $0.0246817$ & $0.0133236$ & $0.0115932$ & $-0.0124404$ & $-0.000869996$ & $0.0511602$ & $-0.00801207$ & $0.0200096$ & $-0.00725237$ & $0.00437662$ & $-0.0161122$ & $-0.00210072$ & $0.0100877$ & $0.0189147$ \\
eHggint & $0.00401302$ & $-0.0270911$ & $0.00112903$ & $-0.157088$ & $0.0031792$ & $0.0158732$ & $-0.0299925$ & $-0.00991026$ & $-0.0250143$ & $0.0614057$ & $0.0123118$ & $0.115448$ & $0.0407167$ & $-0.0103537$ & $-0.000295836$ & $-0.000676041$ & $-0.00418829$ & $-0.003724$ & $-0.00369692$ & $-0.0111225$ & $-0.0133848$ & $-0.0138484$ & $0.00287064$ & $-0.00500081$ & $-0.0156746$ & $-0.00373214$ & $-0.025229$ & $-0.0156459$ & $-0.0401259$ & $-0.0654438$ & $0.00946342$ & $0.0553551$ & $-0.0738309$ & $-0.00851597$ & $1$ & $0.0199378$ & $0.114853$ & $0.00228392$ & $0.182383$ & $-0.0136293$ & $-0.0251932$ & $-0.0109491$ & $0.104927$ & $0.0167277$ & $-0.0575406$ & $0.0501616$ & $0.104904$ & $0.187323$ & $-0.0750193$ \\
eHggpar & $0.0778351$ & $-0.0698735$ & $0.0880312$ & $-0.148779$ & $-0.00200257$ & $-0.0142384$ & $0.0269329$ & $-0.00465489$ & $-0.0219646$ & $0.0293112$ & $0.012036$ & $0.0401317$ & $-0.0169346$ & $-0.0169059$ & $-0.036332$ & $-0.0273205$ & $-0.00522498$ & $0.011701$ & $0.00348519$ & $-0.0178311$ & $-0.00870662$ & $-0.0103267$ & $-0.00542768$ & $-0.0130178$ & $0.00335286$ & $0.0207918$ & $0.0301123$ & $0.00294546$ & $0.0084604$ & $-0.0368033$ & $-0.0100267$ & $0.0775184$ & $-0.0947776$ & $0.0246817$ & $0.0199378$ & $1$ & $0.0592041$ & $0.011877$ & $0.0666278$ & $0.0279366$ & $0.0795939$ & $0.0197771$ & $-0.100597$ & $0.107783$ & $0.0155796$ & $-0.185206$ & $0.0404002$ & $-0.0121468$ & $-0.133169$ \\
eHWWint & $0.0656409$ & $-0.149843$ & $-0.0863487$ & $-0.0627348$ & $0.0162794$ & $-0.0085475$ & $0.0143639$ & $0.0265105$ & $0.0126941$ & $0.00921623$ & $-0.0310116$ & $0.0165408$ & $0.0130641$ & $0.014742$ & $0.00151143$ & $0.00329755$ & $0.018508$ & $0.0118929$ & $0.00863749$ & $0.0279213$ & $0.027318$ & $0.0282885$ & $0.0200356$ & $-0.0161927$ & $0.00915679$ & $-0.0112379$ & $0.0219563$ & $-0.00206041$ & $-0.0300649$ & $-0.178758$ & $-0.0451547$ & $-0.0115545$ & $-0.148106$ & $0.0133236$ & $0.114853$ & $0.0592041$ & $1$ & $-0.00669566$ & $0.106319$ & $-0.00773846$ & $0.10211$ & $0.0409874$ & $0.0323399$ & $-0.0207246$ & $0.0545902$ & $0.0422138$ & $0.0799789$ & $0.160766$ & $0.035769$ \\
eHWWpar & $0.00920454$ & $0.00107833$ & $0.0206052$ & $-0.00588619$ & $-0.000491132$ & $-0.0124464$ & $0.000270954$ & $-0.00121972$ & $-0.00581858$ & $-0.00751115$ & $0.0120668$ & $0.00443506$ & $-0.00764624$ & $-0.0195129$ & $-0.0170091$ & $-0.0372374$ & $-0.0198629$ & $-0.0103906$ & $0.00536828$ & $-0.0136849$ & $-0.00804346$ & $-0.00844062$ & $0.0147233$ & $-0.0343334$ & $-0.00815758$ & $0.00513937$ & $0.0164687$ & $-0.0193051$ & $0.0159151$ & $-0.00498914$ & $-0.0155492$ & $0.00123282$ & $-0.021834$ & $0.0115932$ & $0.00228392$ & $0.011877$ & $-0.00669566$ & $1$ & $-0.0455439$ & $-0.00585659$ & $0.0153949$ & $-0.0210273$ & $0.0100038$ & $-0.0147556$ & $-0.0150011$ & $0.0134111$ & $0.00545225$ & $0.0254146$ & $-0.00772845$ \\
eHZZint & $0.0258061$ & $0.0602279$ & $-0.0467479$ & $-0.219694$ & $-0.0341079$ & $0.00306415$ & $0.00853151$ & $-0.0219938$ & $-0.0296877$ & $0.0587789$ & $0.00845088$ & $0.0291376$ & $-0.0149587$ & $0.013587$ & $-0.00173242$ & $0.00981851$ & $0.0237217$ & $0.0235864$ & $0.01872$ & $-0.00571504$ & $-0.00868476$ & $-0.00644271$ & $-0.0132741$ & $0.0106573$ & $0.0207346$ & $0.00360209$ & $-0.0184239$ & $-0.0331206$ & $-0.00874888$ & $-0.0379897$ & $-0.0424808$ & $0.0319031$ & $-0.0248329$ & $-0.0124404$ & $0.182383$ & $0.0666278$ & $0.106319$ & $-0.0455439$ & $1$ & $0.00867723$ & $-0.142989$ & $0.0232982$ & $-0.00549499$ & $0.0169818$ & $-0.126988$ & $0.0706169$ & $-0.0155327$ & $0.0380342$ & $0.0642323$ \\
eHZZpar & $-0.00157915$ & $-0.0148148$ & $0.0212901$ & $0.0171418$ & $-0.00376772$ & $0.00983909$ & $-0.0095383$ & $0.00842958$ & $0.000920985$ & $-0.0088974$ & $-0.000751101$ & $-0.0119538$ & $0.00651045$ & $-0.00409052$ & $0.00442494$ & $-0.00598221$ & $-0.018862$ & $-0.0176714$ & $-0.00683703$ & $-0.00127007$ & $0.00160162$ & $0.00332056$ & $-0.00549939$ & $-0.0236594$ & $-0.0241946$ & $-0.00396219$ & $-0.0120233$ & $-0.015844$ & $-0.00531728$ & $-0.0124587$ & $-0.022575$ & $-0.00463162$ & $-0.0207952$ & $-0.000869996$ & $-0.0136293$ & $0.0279366$ & $-0.00773846$ & $-0.00585659$ & $0.00867723$ & $1$ & $0.0138169$ & $-0.0040128$ & $-0.0138497$ & $0.0300793$ & $-0.0307093$ & $-0.012483$ & $0.0244508$ & $0.00145371$ & $-0.0107453$ \\
eHZgaint & $0.0376557$ & $-0.0485081$ & $0.0600481$ & $-0.0243635$ & $0.0228011$ & $-0.0270978$ & $0.0238393$ & $0.0234729$ & $0.0154196$ & $-0.0677468$ & $-0.0173981$ & $-0.0490466$ & $0.0271082$ & $-0.00281199$ & $-0.0377023$ & $-0.00835727$ & $0.00180113$ & $0.0183444$ & $-0.0058558$ & $0.0114982$ & $0.0211668$ & $0.0170999$ & $0.00950939$ & $-0.0208501$ & $-0.00211569$ & $-0.000987203$ & $0.0361854$ & $0.0162024$ & $0.00389253$ & $-0.0149146$ & $-0.0258734$ & $0.0218992$ & $0.0237067$ & $0.0511602$ & $-0.0251932$ & $0.0795939$ & $0.10211$ & $0.0153949$ & $-0.142989$ & $0.0138169$ & $1$ & $0.0463169$ & $-0.105311$ & $-0.117225$ & $0.0408239$ & $0.0434351$ & $-0.0651347$ & $0.144923$ & $0.0307614$ \\
eHZgapar & $-0.00971621$ & $-0.0262576$ & $-0.00138243$ & $-0.0304817$ & $-0.0189074$ & $-0.00224437$ & $0.0194906$ & $-0.015906$ & $-0.0159218$ & $-0.00431975$ & $0.0163364$ & $-0.00961468$ & $-0.0172083$ & $-0.00790544$ & $-0.0103073$ & $-0.00822426$ & $-0.00276694$ & $0.00553299$ & $0.00621132$ & $-0.0148299$ & $-0.0161358$ & $-0.0144414$ & $0.0166786$ & $-0.00241973$ & $0.0113102$ & $-0.00140021$ & $-0.00156729$ & $0.00133842$ & $-0.0158748$ & $-0.00364495$ & $0.0257035$ & $0.023151$ & $0.0191626$ & $-0.00801207$ & $-0.0109491$ & $0.0197771$ & $0.0409874$ & $-0.0210273$ & $0.0232982$ & $-0.0040128$ & $0.0463169$ & $1$ & $-0.00799465$ & $-0.00599414$ & $0.0281548$ & $0.0214779$ & $0.0222697$ & $0.0164299$ & $0.0307712$ \\
eHgagaint & $0.179264$ & $0.059147$ & $-0.0255674$ & $-0.0105323$ & $-0.00189679$ & $0.0429585$ & $-0.00525189$ & $-0.0044603$ & $0.0629641$ & $0.00348594$ & $0.00758509$ & $0.00162083$ & $0.0135377$ & $-0.00916622$ & $-0.0248996$ & $0.0253338$ & $-0.0163748$ & $0.00902811$ & $-0.0321509$ & $-0.00831449$ & $-0.00903868$ & $-0.0079197$ & $0.00352621$ & $-0.0190171$ & $-0.0267872$ & $-0.0129118$ & $-0.00839379$ & $-0.00408527$ & $-0.0132991$ & $-0.0226298$ & $0.00465931$ & $-0.00702248$ & $-0.0120966$ & $0.0200096$ & $0.104927$ & $-0.100597$ & $0.0323399$ & $0.0100038$ & $-0.00549499$ & $-0.0138497$ & $-0.105311$ & $-0.00799465$ & $1$ & $-0.0177976$ & $-0.105969$ & $-0.0799657$ & $0.0339401$ & $-0.0424588$ & $0.0376836$ \\
eHmumuint & $0.0156126$ & $-0.0450973$ & $-0.0250302$ & $0.0207002$ & $0.0100831$ & $-0.0172269$ & $-0.00397025$ & $-0.000861242$ & $-0.005994$ & $0.012726$ & $0.00489037$ & $-0.015295$ & $-0.063351$ & $-0.00411986$ & $0.00161539$ & $-0.000350623$ & $-0.0122878$ & $-0.00892828$ & $-0.00794196$ & $-0.00694606$ & $-0.00628643$ & $-0.00765516$ & $0.00361871$ & $-0.000578218$ & $-0.0104609$ & $-0.00117556$ & $-0.00638623$ & $0.0300841$ & $-0.00505101$ & $-0.00566847$ & $-0.0336197$ & $-0.000234722$ & $-0.0470639$ & $-0.00725237$ & $0.0167277$ & $0.107783$ & $-0.0207246$ & $-0.0147556$ & $0.0169818$ & $0.0300793$ & $-0.117225$ & $-0.00599414$ & $-0.0177976$ & $1$ & $0.0114234$ & $-0.0563838$ & $-0.046991$ & $-0.0109299$ & $-0.0511122$ \\
eHtautauint & $-0.0906985$ & $-0.000530984$ & $-0.136363$ & $0.0189062$ & $0.00318645$ & $-0.0102735$ & $0.0133588$ & $0.0294208$ & $0.0232582$ & $-0.00487093$ & $-0.0346349$ & $-0.00428407$ & $0.0111411$ & $0.0294148$ & $0.0200088$ & $-0.00634073$ & $0.00971657$ & $-0.00383727$ & $0.0207573$ & $0.0312085$ & $0.0346159$ & $0.0356471$ & $0.00755522$ & $-0.00322947$ & $0.00939221$ & $-0.0234359$ & $0.010576$ & $0.0217566$ & $-0.00748967$ & $0.0561012$ & $0.0373756$ & $0.00694137$ & $-0.0540563$ & $0.00437662$ & $-0.0575406$ & $0.0155796$ & $0.0545902$ & $-0.0150011$ & $-0.126988$ & $-0.0307093$ & $0.0408239$ & $0.0281548$ & $-0.105969$ & $0.0114234$ & $1$ & $0.0349351$ & $0.0258894$ & $-0.0794165$ & $-0.090598$ \\
eHccint & $-0.0365915$ & $-5.95022e-05$ & $-0.0385817$ & $-0.00707872$ & $-0.0110763$ & $0.0152013$ & $0.0156172$ & $-0.0215261$ & $-0.0318929$ & $0.0145149$ & $0.0128134$ & $-0.0167698$ & $-0.0237583$ & $0.00671633$ & $0.00136067$ & $0.00458846$ & $0.017395$ & $0.0165285$ & $0.0135044$ & $-0.010099$ & $-0.014419$ & $-0.0143066$ & $-0.0172901$ & $0.0260931$ & $0.0257785$ & $0.00790384$ & $-0.0102591$ & $-0.0194793$ & $-0.0030899$ & $0.0035534$ & $0.0653262$ & $0.0141784$ & $0.0626189$ & $-0.0161122$ & $0.0501616$ & $-0.185206$ & $0.0422138$ & $0.0134111$ & $0.0706169$ & $-0.012483$ & $0.0434351$ & $0.0214779$ & $-0.0799657$ & $-0.0563838$ & $0.0349351$ & $1$ & $0.00811648$ & $0.0229457$ & $0.153264$ \\
eHccpar & $-0.052613$ & $-0.0228947$ & $-0.118976$ & $-0.0295129$ & $0.00650381$ & $0.0114632$ & $-0.0223059$ & $0.0036244$ & $0.000789135$ & $0.0144707$ & $-0.00078984$ & $0.0391811$ & $0.0392277$ & $-0.00555495$ & $0.00270143$ & $0.00519704$ & $-0.00803667$ & $-0.00710009$ & $-0.0095957$ & $0.00177193$ & $-0.000820799$ & $0.00186035$ & $-0.0170134$ & $-0.00170727$ & $-0.00153571$ & $0.0154978$ & $0.000512649$ & $-0.029569$ & $-0.00961248$ & $-0.0316919$ & $0.38026$ & $-0.0177563$ & $-0.0697581$ & $-0.00210072$ & $0.104904$ & $0.0404002$ & $0.0799789$ & $0.00545225$ & $-0.0155327$ & $0.0244508$ & $-0.0651347$ & $0.0222697$ & $0.0339401$ & $-0.046991$ & $0.0258894$ & $0.00811648$ & $1$ & $-0.0207197$ & $-0.0655022$ \\
eHbbint & $0.0667278$ & $0.176663$ & $0.0679374$ & $-0.0160867$ & $0.0216316$ & $0.00519721$ & $-0.00389758$ & $-0.0340509$ & $-0.0461761$ & $0.035662$ & $0.0256356$ & $0.00975904$ & $-0.0157224$ & $-0.00793524$ & $-0.0245586$ & $-0.0358297$ & $0.0245871$ & $0.0273428$ & $0.0379421$ & $-0.0215864$ & $-0.0178578$ & $-0.0130676$ & $0.00538808$ & $0.00691708$ & $0.0331055$ & $0.0207007$ & $0.0239833$ & $-0.00709552$ & $-0.00463948$ & $-0.0830789$ & $-0.0280668$ & $0.00342472$ & $0.125299$ & $0.0100877$ & $0.187323$ & $-0.0121468$ & $0.160766$ & $0.0254146$ & $0.0380342$ & $0.00145371$ & $0.144923$ & $0.0164299$ & $-0.0424588$ & $-0.0109299$ & $-0.0794165$ & $0.0229457$ & $-0.0207197$ & $1$ & $0.0827399$ \\
eHbbpar & $-0.0323926$ & $0.0196278$ & $0.0575813$ & $0.118541$ & $-0.0235214$ & $0.0223728$ & $0.0112964$ & $0.0157545$ & $0.0192072$ & $-0.0157383$ & $-0.0116424$ & $-0.00607124$ & $-0.00517454$ & $-0.00778913$ & $-0.00450963$ & $0.0142177$ & $-0.0051901$ & $-0.00352502$ & $-0.0181469$ & $0.0133006$ & $0.0117638$ & $0.0137883$ & $0.00261313$ & $-0.00438071$ & $0.00722939$ & $-0.00666415$ & $0.0267908$ & $-0.0089982$ & $-0.00807417$ & $0.00411328$ & $-0.032675$ & $0.00141176$ & $0.48677$ & $0.0189147$ & $-0.0750193$ & $-0.133169$ & $0.035769$ & $-0.00772845$ & $0.0642323$ & $-0.0107453$ & $0.0307614$ & $0.0307712$ & $0.0376836$ & $-0.0511122$ & $-0.090598$ & $0.153264$ & $-0.0655022$ & $0.0827399$ & $1$ \\
