 & AlsMz & dAle5Mz & mtop & mHl & Mz & CW & CHG & CHWB & CHWHB_gaga & CHWHB_gagaorth & CHD & CHbox & CH & CHL1_11 & CHL1_22 & CHL1_33 & CHL3_11 & CHL3_22 & CHL3_33 & CHe_11 & CHe_22 & CHe_33 & CHQ1_11 & CHQ1_33 & CHQ3_11 & CHu_11 & CHd_11 & CHd_33 & CeH_22r & CeH_33r & CuH_22r & CuH_33r & CdH_33r & CLL_1221 & eHggint & eHggpar & eHWWint & eHWWpar & eHZZint & eHZZpar & eHZgaint & eHZgapar & eHgagaint & eHmumuint & eHtautauint & eHccint & eHccpar & eHbbint & eHbbpar \\
AlsMz & $1$ & $-0.0343937$ & $-0.00263506$ & $0.0178139$ & $-0.00830146$ & $-0.0204504$ & $0.00964356$ & $0.0093323$ & $0.00832833$ & $0.00887021$ & $-0.0387202$ & $-0.0127108$ & $0.0108477$ & $0.0319885$ & $0.0135375$ & $0.0370294$ & $0.0425957$ & $0.030687$ & $0.0183038$ & $0.0273804$ & $0.0257702$ & $0.0335975$ & $0.00167671$ & $-0.0455603$ & $-0.0765794$ & $-0.0630033$ & $-0.0155053$ & $0.0221653$ & $-0.0770215$ & $-0.0211968$ & $-0.0143593$ & $0.00226742$ & $0.0260097$ & $-0.00028177$ & $-0.00701542$ & $0.0316714$ & $0.0289114$ & $-0.0324321$ & $-0.0422324$ & $0.0290177$ & $0.0133261$ & $-0.0227524$ & $0.0331348$ & $0.0759774$ & $0.0209323$ & $0.0262105$ & $0.0178977$ & $-0.0097074$ & $0.0355689$ \\
dAle5Mz & $-0.0343937$ & $1$ & $-0.011238$ & $0.0133386$ & $-0.00956135$ & $0.0158027$ & $0.00524038$ & $-0.152856$ & $-0.151855$ & $0.00626713$ & $0.139795$ & $0.00977264$ & $-0.0056768$ & $-0.0438427$ & $-0.0385989$ & $-0.0274621$ & $-0.0268631$ & $0.00965805$ & $0.00331244$ & $-0.105625$ & $-0.115192$ & $-0.106296$ & $0.0833594$ & $0.0679286$ & $0.0326347$ & $0.00784181$ & $-0.0190371$ & $-0.0276833$ & $-0.0586101$ & $0.0268223$ & $-0.00872629$ & $0.0112908$ & $0.00241162$ & $-0.0348906$ & $0.0310863$ & $-0.0300657$ & $-0.0150307$ & $-0.000705873$ & $-0.00138124$ & $-0.0274658$ & $0.00356448$ & $-0.039242$ & $0.0224372$ & $-0.00708412$ & $0.0552637$ & $-0.0220497$ & $0.00215387$ & $0.03451$ & $-0.000736886$ \\
mtop & $-0.00263506$ & $-0.011238$ & $1$ & $-0.0288225$ & $-0.000534497$ & $-0.030766$ & $-0.0170392$ & $0.0483665$ & $0.0456835$ & $-0.0567157$ & $-0.0451616$ & $-0.0403815$ & $0.0120956$ & $0.0335349$ & $0.0218215$ & $-0.00256769$ & $0.0178575$ & $-0.00305458$ & $0.0197866$ & $0.0494396$ & $0.0570759$ & $0.0557162$ & $-0.00898426$ & $-0.0395271$ & $0.00711313$ & $-0.0180409$ & $0.045605$ & $-0.0477606$ & $-0.0213353$ & $-0.0191526$ & $0.00349558$ & $-0.048154$ & $-0.0365338$ & $0.0258225$ & $-0.0356394$ & $0.0398573$ & $0.00349068$ & $-0.0169877$ & $-0.0215212$ & $-0.0348124$ & $0.0492127$ & $0.0276266$ & $0.0175554$ & $0.031714$ & $0.0176233$ & $-0.0289433$ & $0.00531242$ & $0.0241449$ & $0.000499344$ \\
mHl & $0.0178139$ & $0.0133386$ & $-0.0288225$ & $1$ & $-0.0248491$ & $0.0536859$ & $0.00912742$ & $0.0340647$ & $0.0405396$ & $-0.0267491$ & $-0.019753$ & $0.0103011$ & $-0.00865989$ & $-0.00389582$ & $-0.00820784$ & $-0.00925572$ & $-0.0433595$ & $-0.0211538$ & $-0.025815$ & $0.0208747$ & $0.0219277$ & $0.0178013$ & $0.0281107$ & $-0.0217024$ & $-0.0273245$ & $-0.0369459$ & $0.0587562$ & $-0.0124907$ & $-0.00856563$ & $0.00375491$ & $-0.0175605$ & $0.0224152$ & $-0.00281571$ & $0.0262312$ & $-0.0293059$ & $0.047553$ & $0.05034$ & $-0.00330287$ & $-0.0595819$ & $0.0588547$ & $0.0433913$ & $-0.0277115$ & $0.0372919$ & $0.0287289$ & $-0.0460784$ & $0.0677392$ & $-0.00770414$ & $0.00294188$ & $-0.00201359$ \\
Mz & $-0.00830146$ & $-0.00956135$ & $-0.000534497$ & $-0.0248491$ & $1$ & $0.00896164$ & $0.00580087$ & $-0.0473928$ & $-0.0434327$ & $0.0647503$ & $0.043247$ & $0.0373891$ & $-0.0266236$ & $0.00485386$ & $-0.00649598$ & $-0.0447802$ & $0.0239533$ & $0.0210083$ & $0.0511842$ & $-0.0373951$ & $-0.0352011$ & $-0.0358189$ & $-0.00925207$ & $0.0269235$ & $0.0403509$ & $0.0351959$ & $0.0105464$ & $-0.024338$ & $-0.0485423$ & $-0.00449584$ & $0.0100525$ & $-0.0110309$ & $-0.0126793$ & $-0.0417288$ & $-0.0086289$ & $0.0227285$ & $0.0253489$ & $0.0182437$ & $-0.00504064$ & $-0.00263801$ & $-0.0436741$ & $0.00234545$ & $-0.0158998$ & $0.0655989$ & $-0.00682113$ & $0.0169418$ & $0.0329473$ & $0.0427026$ & $-0.0101205$ \\
CW & $-0.0204504$ & $0.0158027$ & $-0.030766$ & $0.0536859$ & $0.00896164$ & $1$ & $0.010785$ & $-0.10058$ & $-0.0945177$ & $0.0110195$ & $0.179382$ & $0.00212316$ & $0.0234164$ & $-0.00132891$ & $-0.129039$ & $-0.0800577$ & $-0.299158$ & $-0.0596997$ & $-0.0890402$ & $-0.180346$ & $-0.182513$ & $-0.170485$ & $0.0354827$ & $-0.0452734$ & $-0.106856$ & $0.0785232$ & $-0.0676083$ & $-0.0574077$ & $-0.0150531$ & $-0.00759002$ & $-0.00542436$ & $0.0362782$ & $-0.0266827$ & $-0.0770446$ & $-0.00488841$ & $0.031036$ & $0.0215982$ & $0.0463916$ & $0.0184701$ & $-0.0186082$ & $-0.00416551$ & $-0.0236955$ & $0.0269786$ & $-0.0270402$ & $0.0487079$ & $0.0252891$ & $0.0209196$ & $-0.0285224$ & $-0.0645734$ \\
CHG & $0.00964356$ & $0.00524038$ & $-0.0170392$ & $0.00912742$ & $0.00580087$ & $0.010785$ & $1$ & $-0.0290893$ & $-0.011163$ & $0.0285394$ & $0.00169974$ & $0.0976452$ & $-0.104065$ & $0.0457139$ & $-0.00514789$ & $-0.0166251$ & $0.0462579$ & $0.0490582$ & $0.0585333$ & $-0.000870704$ & $-0.00361769$ & $-0.00306635$ & $0.0188247$ & $0.0529675$ & $0.0546164$ & $-0.00795299$ & $0.0103597$ & $0.00563143$ & $-0.00105233$ & $-0.0291236$ & $0.00312214$ & $0.665153$ & $-0.0252482$ & $-0.0255653$ & $-0.0100262$ & $-0.0173674$ & $0.00980278$ & $0.00574479$ & $-0.00087362$ & $0.00715307$ & $0.00384361$ & $-0.0243291$ & $-6.52918e-05$ & $0.00987067$ & $0.0173047$ & $0.00561297$ & $0.019491$ & $-0.0154045$ & $0.0332188$ \\
CHWB & $0.0093323$ & $-0.152856$ & $0.0483665$ & $0.0340647$ & $-0.0473928$ & $-0.10058$ & $-0.0290893$ & $1$ & $0.980397$ & $-0.518124$ & $-0.877316$ & $-0.353933$ & $0.291362$ & $0.147668$ & $0.467101$ & $0.479363$ & $-0.210746$ & $-0.45101$ & $-0.473127$ & $0.858496$ & $0.886887$ & $0.870635$ & $-0.0632223$ & $-0.630951$ & $-0.524169$ & $-0.473628$ & $0.239152$ & $0.283896$ & $0.032943$ & $0.0107403$ & $-0.0372128$ & $-0.0498472$ & $0.019921$ & $0.478606$ & $0.0343656$ & $0.0488167$ & $0.0130131$ & $0.0197641$ & $-0.0132831$ & $-0.00254951$ & $-0.00424746$ & $0.00587395$ & $0.0152642$ & $0.0239355$ & $-0.0586026$ & $-0.0457018$ & $-0.0648646$ & $0.00769124$ & $-0.0318052$ \\
CHWHB_gaga & $0.00832833$ & $-0.151855$ & $0.0456835$ & $0.0405396$ & $-0.0434327$ & $-0.0945177$ & $-0.011163$ & $0.980397$ & $1$ & $-0.500818$ & $-0.858278$ & $-0.345237$ & $0.292499$ & $0.139923$ & $0.454255$ & $0.475848$ & $-0.210888$ & $-0.442793$ & $-0.470784$ & $0.840662$ & $0.867875$ & $0.852503$ & $-0.0633572$ & $-0.618098$ & $-0.51859$ & $-0.464731$ & $0.229675$ & $0.275123$ & $0.0384384$ & $0.0415284$ & $-0.0254362$ & $-0.0556156$ & $0.0412037$ & $0.471996$ & $0.0162081$ & $0.0401683$ & $0.000311254$ & $0.0192025$ & $-0.0150118$ & $0.0053306$ & $0.00369677$ & $-0.000547007$ & $0.10008$ & $0.0214041$ & $-0.0527173$ & $-0.0502622$ & $-0.0680064$ & $-0.00799312$ & $-0.0353675$ \\
CHWHB_gagaorth & $0.00887021$ & $0.00626713$ & $-0.0567157$ & $-0.0267491$ & $0.0647503$ & $0.0110195$ & $0.0285394$ & $-0.518124$ & $-0.500818$ & $1$ & $0.281766$ & $0.382175$ & $-0.178805$ & $0.254946$ & $-0.179988$ & $-0.193035$ & $0.442639$ & $0.504201$ & $0.521248$ & $-0.277573$ & $-0.296602$ & $-0.2916$ & $0.0387082$ & $0.546208$ & $0.555648$ & $0.138426$ & $-0.125561$ & $-0.0793787$ & $-0.0179744$ & $-0.04952$ & $-0.01065$ & $0.100048$ & $-0.0406852$ & $-0.304937$ & $0.0328516$ & $0.0169934$ & $-0.0510971$ & $0.00610677$ & $-0.0239597$ & $0.00228388$ & $-0.0510174$ & $0.0502721$ & $-0.0103178$ & $-0.0327824$ & $0.0353233$ & $0.0437525$ & $0.0325831$ & $-0.0290458$ & $0.0382386$ \\
CHD & $-0.0387202$ & $0.139795$ & $-0.0451616$ & $-0.019753$ & $0.043247$ & $0.179382$ & $0.00169974$ & $-0.877316$ & $-0.858278$ & $0.281766$ & $1$ & $0.210029$ & $-0.135865$ & $-0.553302$ & $-0.535917$ & $-0.555043$ & $-0.249707$ & $0.0617661$ & $0.0895853$ & $-0.991825$ & $-0.99314$ & $-0.969765$ & $0.0850182$ & $0.25508$ & $0.0905722$ & $0.522018$ & $-0.17371$ & $-0.309324$ & $0.00657737$ & $-0.0010452$ & $0.0404124$ & $0.0333813$ & $-0.017851$ & $-0.310811$ & $-0.0262081$ & $-0.0657638$ & $0.00675226$ & $-0.0144429$ & $0.0149418$ & $-0.00388699$ & $0.00152499$ & $-0.0256938$ & $-0.0132146$ & $-0.00843171$ & $0.044324$ & $0.0315627$ & $0.0457653$ & $-0.0173234$ & $-0.000861427$ \\
CHbox & $-0.0127108$ & $0.00977264$ & $-0.0403815$ & $0.0103011$ & $0.0373891$ & $0.00212316$ & $0.0976452$ & $-0.353933$ & $-0.345237$ & $0.382175$ & $0.210029$ & $1$ & $-0.941817$ & $0.131679$ & $-0.11307$ & $-0.119974$ & $0.275885$ & $0.308738$ & $0.314777$ & $-0.2073$ & $-0.222162$ & $-0.216121$ & $0.00350003$ & $0.352559$ & $0.346941$ & $0.111162$ & $-0.120461$ & $-0.0589271$ & $-0.0794405$ & $-0.114848$ & $-0.0259501$ & $0.0887421$ & $-0.130548$ & $-0.209503$ & $-0.00162045$ & $-0.0210732$ & $-0.0395664$ & $0.0087642$ & $0.0438416$ & $0.0305867$ & $-0.000584227$ & $0.00251444$ & $-0.0141847$ & $-0.00561169$ & $0.00359174$ & $-0.00482093$ & $0.00531773$ & $-0.013508$ & $0.0532766$ \\
CH & $0.0108477$ & $-0.0056768$ & $0.0120956$ & $-0.00865989$ & $-0.0266236$ & $0.0234164$ & $-0.104065$ & $0.291362$ & $0.292499$ & $-0.178805$ & $-0.135865$ & $-0.941817$ & $1$ & $-0.181616$ & $0.0919806$ & $0.0906313$ & $-0.308927$ & $-0.321151$ & $-0.320089$ & $0.138638$ & $0.14514$ & $0.142011$ & $0.012852$ & $-0.330911$ & $-0.346106$ & $-0.0821288$ & $0.0988675$ & $0.0495408$ & $0.0911531$ & $0.187095$ & $0.0341572$ & $-0.030782$ & $0.212567$ & $0.164778$ & $0.0328462$ & $0.0335837$ & $0.0341087$ & $-0.000310037$ & $-0.0524305$ & $-0.0293214$ & $-0.00986902$ & $0.00629235$ & $0.0113749$ & $0.00275839$ & $-0.000999005$ & $0.00858264$ & $-0.00725404$ & $-0.010112$ & $-0.0657338$ \\
CHL1_11 & $0.0319885$ & $-0.0438427$ & $0.0335349$ & $-0.00389582$ & $0.00485386$ & $-0.00132891$ & $0.0457139$ & $0.147668$ & $0.139923$ & $0.254946$ & $-0.553302$ & $0.131679$ & $-0.181616$ & $1$ & $0.242019$ & $0.277117$ & $0.64492$ & $0.596025$ & $0.567459$ & $0.557891$ & $0.529801$ & $0.506813$ & $-0.0582973$ & $0.466333$ & $0.608482$ & $-0.271336$ & $-0.0296032$ & $0.139054$ & $-0.0645468$ & $-0.00622192$ & $-0.0279324$ & $0.0203229$ & $-0.00436434$ & $-0.166975$ & $0.000920909$ & $0.0540035$ & $-0.0179784$ & $0.00697719$ & $-0.0154845$ & $0.00189269$ & $0.00239316$ & $0.0212765$ & $-0.00192269$ & $-0.0252237$ & $0.0139571$ & $0.0201581$ & $0.00592133$ & $0.00785912$ & $0.0401678$ \\
CHL1_22 & $0.0135375$ & $-0.0385989$ & $0.0218215$ & $-0.00820784$ & $-0.00649598$ & $-0.129039$ & $-0.00514789$ & $0.467101$ & $0.454255$ & $-0.179988$ & $-0.535917$ & $-0.11307$ & $0.0919806$ & $0.242019$ & $1$ & $0.312132$ & $0.11507$ & $-0.490842$ & $-0.0109052$ & $0.572898$ & $0.483745$ & $0.470485$ & $-0.0794804$ & $-0.0378168$ & $-0.0622576$ & $-0.251087$ & $-0.157081$ & $0.161939$ & $-0.0109682$ & $0.0136304$ & $-0.0194042$ & $-0.014537$ & $0.0308149$ & $-0.513657$ & $0.00335515$ & $0.0156147$ & $0.00548882$ & $0.00144558$ & $-0.0531629$ & $0.013115$ & $0.0118684$ & $0.0132081$ & $-0.00112987$ & $0.00809056$ & $-0.0593954$ & $0.000329537$ & $-0.0483187$ & $0.0125937$ & $0.0125727$ \\
CHL1_33 & $0.0370294$ & $-0.0274621$ & $-0.00256769$ & $-0.00925572$ & $-0.0447802$ & $-0.0800577$ & $-0.0166251$ & $0.479363$ & $0.475848$ & $-0.193035$ & $-0.555043$ & $-0.119974$ & $0.0906313$ & $0.277117$ & $0.312132$ & $1$ & $0.115056$ & $0.0116457$ & $-0.475604$ & $0.590396$ & $0.506717$ & $0.525404$ & $-0.0560213$ & $-0.0418744$ & $-0.0588245$ & $-0.27108$ & $-0.148109$ & $0.180894$ & $-0.00417222$ & $0.0163939$ & $-0.0521085$ & $-0.0366755$ & $-0.00103942$ & $0.192139$ & $-0.0184773$ & $0.00624582$ & $-0.0112956$ & $0.00393171$ & $4.18816e-05$ & $-0.00659199$ & $0.0362502$ & $0.0123154$ & $0.0215471$ & $-0.000408516$ & $-0.0205894$ & $-0.0133016$ & $-0.0780241$ & $-0.0275583$ & $-0.00616865$ \\
CHL3_11 & $0.0425957$ & $-0.0268631$ & $0.0178575$ & $-0.0433595$ & $0.0239533$ & $-0.299158$ & $0.0462579$ & $-0.210746$ & $-0.210888$ & $0.442639$ & $-0.249707$ & $0.275885$ & $-0.308927$ & $0.64492$ & $0.11507$ & $0.115056$ & $1$ & $0.740299$ & $0.7382$ & $0.258495$ & $0.230566$ & $0.217216$ & $-0.0499353$ & $0.678509$ & $0.819859$ & $-0.0966961$ & $-0.0744278$ & $0.0657345$ & $-0.0590296$ & $-0.0341712$ & $0.00200284$ & $0.0196566$ & $-0.00193034$ & $-0.198423$ & $-0.0135476$ & $0.0273831$ & $-0.0495117$ & $-0.0141844$ & $0.00927892$ & $0.0147671$ & $-0.00112198$ & $0.048884$ & $-0.0129149$ & $-0.0256015$ & $0.0188752$ & $0.0178798$ & $0.0476282$ & $0.0284125$ & $0.0742454$ \\
CHL3_22 & $0.030687$ & $0.00965805$ & $-0.00305458$ & $-0.0211538$ & $0.0210083$ & $-0.0596997$ & $0.0490582$ & $-0.45101$ & $-0.442793$ & $0.504201$ & $0.0617661$ & $0.308738$ & $-0.321151$ & $0.596025$ & $-0.490842$ & $0.0116457$ & $0.740299$ & $1$ & $0.642572$ & $-0.0632571$ & $-0.0588688$ & $-0.0619758$ & $0.00410346$ & $0.66677$ & $0.791441$ & $0.0450503$ & $-0.0134433$ & $-0.0384955$ & $-0.0565571$ & $-0.0244521$ & $0.00172365$ & $0.0328656$ & $-0.0238282$ & $0.0694369$ & $-0.0189315$ & $0.0199665$ & $-0.0387976$ & $-0.00993846$ & $0.03463$ & $0.000986077$ & $-0.000797347$ & $0.028615$ & $-0.00271836$ & $-0.031321$ & $0.06005$ & $0.0233517$ & $0.057581$ & $0.00658171$ & $0.0518846$ \\
CHL3_33 & $0.0183038$ & $0.00331244$ & $0.0197866$ & $-0.025815$ & $0.0511842$ & $-0.0890402$ & $0.0585333$ & $-0.473127$ & $-0.470784$ & $0.521248$ & $0.0895853$ & $0.314777$ & $-0.320089$ & $0.567459$ & $-0.0109052$ & $-0.475604$ & $0.7382$ & $0.642572$ & $1$ & $-0.090809$ & $-0.0871161$ & $-0.0916324$ & $-0.00809583$ & $0.673823$ & $0.795188$ & $0.0604805$ & $-0.0116697$ & $-0.0518543$ & $-0.0669264$ & $-0.0310317$ & $0.0225755$ & $0.0484828$ & $-0.00508299$ & $-0.441759$ & $-0.00366091$ & $0.0289961$ & $-0.0186921$ & $-0.0111196$ & $-0.010395$ & $0.00843074$ & $-0.0239132$ & $0.0245813$ & $-0.019681$ & $-0.0225775$ & $0.0353599$ & $0.0332566$ & $0.0808693$ & $0.0387563$ & $0.0575879$ \\
CHe_11 & $0.0273804$ & $-0.105625$ & $0.0494396$ & $0.0208747$ & $-0.0373951$ & $-0.180346$ & $-0.000870704$ & $0.858496$ & $0.840662$ & $-0.277573$ & $-0.991825$ & $-0.2073$ & $0.138638$ & $0.557891$ & $0.572898$ & $0.590396$ & $0.258495$ & $-0.0632571$ & $-0.090809$ & $1$ & $0.981414$ & $0.958369$ & $-0.0856248$ & $-0.220474$ & $-0.0664112$ & $-0.515706$ & $0.140347$ & $0.307697$ & $-0.0070176$ & $0.00867556$ & $-0.0413008$ & $-0.031998$ & $0.0194715$ & $0.257636$ & $0.0239656$ & $0.0623252$ & $-0.00993212$ & $0.0148042$ & $-0.0136447$ & $0.00162591$ & $0.00213991$ & $0.027294$ & $0.0170368$ & $0.00669029$ & $-0.04183$ & $-0.0322366$ & $-0.0487982$ & $0.0189523$ & $0.000765778$ \\
CHe_22 & $0.0257702$ & $-0.115192$ & $0.0570759$ & $0.0219277$ & $-0.0352011$ & $-0.182513$ & $-0.00361769$ & $0.886887$ & $0.867875$ & $-0.296602$ & $-0.99314$ & $-0.222162$ & $0.14514$ & $0.529801$ & $0.483745$ & $0.506717$ & $0.230566$ & $-0.0588688$ & $-0.0871161$ & $0.981414$ & $1$ & $0.972195$ & $-0.0791097$ & $-0.291053$ & $-0.114603$ & $-0.524562$ & $0.213447$ & $0.309528$ & $-0.00369143$ & $0.00219946$ & $-0.0405869$ & $-0.0351271$ & $0.0179198$ & $0.372094$ & $0.0313376$ & $0.0657642$ & $-0.00754965$ & $0.0149091$ & $-0.0105034$ & $0.00106297$ & $-0.00653601$ & $0.0232981$ & $0.013674$ & $0.00829845$ & $-0.040336$ & $-0.0362147$ & $-0.0447132$ & $0.0201388$ & $-0.000978579$ \\
CHe_33 & $0.0335975$ & $-0.106296$ & $0.0557162$ & $0.0178013$ & $-0.0358189$ & $-0.170485$ & $-0.00306635$ & $0.870635$ & $0.852503$ & $-0.2916$ & $-0.969765$ & $-0.216121$ & $0.142011$ & $0.506813$ & $0.470485$ & $0.525404$ & $0.217216$ & $-0.0619758$ & $-0.0916324$ & $0.958369$ & $0.972195$ & $1$ & $-0.0647061$ & $-0.294637$ & $-0.117765$ & $-0.522326$ & $0.214293$ & $0.306887$ & $-0.00779983$ & $-0.00846707$ & $-0.0413376$ & $-0.0402324$ & $0.0165072$ & $0.374601$ & $0.0240713$ & $0.0681686$ & $-0.00103735$ & $0.0145353$ & $-0.0196176$ & $-0.00654242$ & $-0.00888126$ & $0.0260267$ & $0.00953205$ & $0.0184703$ & $-0.0398473$ & $-0.0396799$ & $-0.0393821$ & $0.0236981$ & $0.004247$ \\
CHQ1_11 & $0.00167671$ & $0.0833594$ & $-0.00898426$ & $0.0281107$ & $-0.00925207$ & $0.0354827$ & $0.0188247$ & $-0.0632223$ & $-0.0633572$ & $0.0387082$ & $0.0850182$ & $0.00350003$ & $0.012852$ & $-0.0582973$ & $-0.0794804$ & $-0.0560213$ & $-0.0499353$ & $0.00410346$ & $-0.00809583$ & $-0.0856248$ & $-0.0791097$ & $-0.0647061$ & $1$ & $-0.0214613$ & $0.0039063$ & $-0.685864$ & $0.114604$ & $0.0121493$ & $0.0265287$ & $-0.000251127$ & $0.00304423$ & $0.0308647$ & $0.0357477$ & $0.0178201$ & $-0.00014771$ & $-0.00318472$ & $-0.00804358$ & $-0.019712$ & $0.00810884$ & $-0.00956852$ & $-0.0227219$ & $-0.0139917$ & $-0.0122569$ & $-0.0259883$ & $0.00375085$ & $0.00325499$ & $0.00831229$ & $0.0810231$ & $0.0270902$ \\
CHQ1_33 & $-0.0455603$ & $0.0679286$ & $-0.0395271$ & $-0.0217024$ & $0.0269235$ & $-0.0452734$ & $0.0529675$ & $-0.630951$ & $-0.618098$ & $0.546208$ & $0.25508$ & $0.352559$ & $-0.330911$ & $0.466333$ & $-0.0378168$ & $-0.0418744$ & $0.678509$ & $0.66677$ & $0.673823$ & $-0.220474$ & $-0.291053$ & $-0.294637$ & $-0.0214613$ & $1$ & $0.788027$ & $0.166135$ & $-0.211415$ & $0.018242$ & $-0.0788762$ & $-0.00304816$ & $0.00298396$ & $0.0567916$ & $-0.0065975$ & $-0.538867$ & $-0.0542654$ & $-0.0120602$ & $-0.0327415$ & $-0.00547612$ & $-0.0207396$ & $0.016233$ & $0.0181242$ & $0.0403094$ & $-0.019293$ & $-0.0192205$ & $0.0259362$ & $0.0350031$ & $0.048469$ & $-0.00171492$ & $0.0425991$ \\
CHQ3_11 & $-0.0765794$ & $0.0326347$ & $0.00711313$ & $-0.0273245$ & $0.0403509$ & $-0.106856$ & $0.0546164$ & $-0.524169$ & $-0.51859$ & $0.555648$ & $0.0905722$ & $0.346941$ & $-0.346106$ & $0.608482$ & $-0.0622576$ & $-0.0588245$ & $0.819859$ & $0.791441$ & $0.795188$ & $-0.0664112$ & $-0.114603$ & $-0.117765$ & $0.0039063$ & $0.788027$ & $1$ & $0.0802531$ & $0.0864098$ & $-0.0499914$ & $-0.0563469$ & $-0.0167541$ & $0.00764405$ & $0.0459268$ & $-0.0186465$ & $-0.406574$ & $-0.0180786$ & $0.0134912$ & $-0.0242174$ & $-0.0290815$ & $0.0368716$ & $0.00790721$ & $-0.0148893$ & $0.020826$ & $-0.0122291$ & $-0.0376197$ & $0.0488068$ & $0.0352638$ & $0.0511431$ & $0.0141941$ & $0.0594662$ \\
CHu_11 & $-0.0630033$ & $0.00784181$ & $-0.0180409$ & $-0.0369459$ & $0.0351959$ & $0.0785232$ & $-0.00795299$ & $-0.473628$ & $-0.464731$ & $0.138426$ & $0.522018$ & $0.111162$ & $-0.0821288$ & $-0.271336$ & $-0.251087$ & $-0.27108$ & $-0.0966961$ & $0.0450503$ & $0.0604805$ & $-0.515706$ & $-0.524562$ & $-0.522326$ & $-0.685864$ & $0.166135$ & $0.0802531$ & $1$ & $-0.0615418$ & $-0.189074$ & $-0.0119813$ & $-0.0005903$ & $0.023388$ & $0.00580251$ & $-0.0176719$ & $-0.204855$ & $-0.0172292$ & $-0.0297746$ & $0.0137315$ & $-0.0147771$ & $0.00292279$ & $0.00267385$ & $0.0130776$ & $-0.010746$ & $0.00865228$ & $0.0128588$ & $0.0263784$ & $0.00513483$ & $0.0131173$ & $-0.0810088$ & $0.000686929$ \\
CHd_11 & $-0.0155053$ & $-0.0190371$ & $0.045605$ & $0.0587562$ & $0.0105464$ & $-0.0676083$ & $0.0103597$ & $0.239152$ & $0.229675$ & $-0.125561$ & $-0.17371$ & $-0.120461$ & $0.0988675$ & $-0.0296032$ & $-0.157081$ & $-0.148109$ & $-0.0744278$ & $-0.0134433$ & $-0.0116697$ & $0.140347$ & $0.213447$ & $0.214293$ & $0.114604$ & $-0.211415$ & $0.0864098$ & $-0.0615418$ & $1$ & $0.0537$ & $0.00959133$ & $0.00070941$ & $-0.00284576$ & $0.0146726$ & $0.00714258$ & $0.376438$ & $0.0233294$ & $0.0426883$ & $0.0448831$ & $-0.0467717$ & $0.0638878$ & $0.00487805$ & $-0.0685761$ & $-0.027711$ & $0.0113336$ & $0.0352201$ & $0.0106545$ & $-0.0332294$ & $0.00965449$ & $0.0159$ & $-0.0131356$ \\
CHd_33 & $0.0221653$ & $-0.0276833$ & $-0.0477606$ & $-0.0124907$ & $-0.024338$ & $-0.0574077$ & $0.00563143$ & $0.283896$ & $0.275123$ & $-0.0793787$ & $-0.309324$ & $-0.0589271$ & $0.0495408$ & $0.139054$ & $0.161939$ & $0.180894$ & $0.0657345$ & $-0.0384955$ & $-0.0518543$ & $0.307697$ & $0.309528$ & $0.306887$ & $0.0121493$ & $0.018242$ & $-0.0499914$ & $-0.189074$ & $0.0537$ & $1$ & $0.0018804$ & $0.00247218$ & $-0.0467861$ & $0.0180613$ & $0.0160046$ & $0.121905$ & $-0.012637$ & $0.00940852$ & $0.00860999$ & $0.0112227$ & $-0.0414481$ & $0.000191645$ & $0.0272072$ & $0.0177411$ & $-0.0170819$ & $-0.000767839$ & $-0.00223526$ & $-0.029306$ & $-0.00745643$ & $-0.0186492$ & $-0.000709712$ \\
CeH_22r & $-0.0770215$ & $-0.0586101$ & $-0.0213353$ & $-0.00856563$ & $-0.0485423$ & $-0.0150531$ & $-0.00105233$ & $0.032943$ & $0.0384384$ & $-0.0179744$ & $0.00657737$ & $-0.0794405$ & $0.0911531$ & $-0.0645468$ & $-0.0109682$ & $-0.00417222$ & $-0.0590296$ & $-0.0565571$ & $-0.0669264$ & $-0.0070176$ & $-0.00369143$ & $-0.00779983$ & $0.0265287$ & $-0.0788762$ & $-0.0563469$ & $-0.0119813$ & $0.00959133$ & $0.0018804$ & $1$ & $0.0397221$ & $-0.0135268$ & $-0.0287322$ & $0.0441309$ & $0.0432316$ & $-0.0320604$ & $-0.0412111$ & $-0.0553497$ & $0.0140875$ & $-0.022373$ & $-0.00208407$ & $-0.0231043$ & $0.0152557$ & $-0.00927676$ & $-0.00449627$ & $-0.00567069$ & $0.0176923$ & $-0.0360679$ & $0.00420707$ & $0.0150846$ \\
CeH_33r & $-0.0211968$ & $0.0268223$ & $-0.0191526$ & $0.00375491$ & $-0.00449584$ & $-0.00759002$ & $-0.0291236$ & $0.0107403$ & $0.0415284$ & $-0.04952$ & $-0.0010452$ & $-0.114848$ & $0.187095$ & $-0.00622192$ & $0.0136304$ & $0.0163939$ & $-0.0341712$ & $-0.0244521$ & $-0.0310317$ & $0.00867556$ & $0.00219946$ & $-0.00846707$ & $-0.000251127$ & $-0.00304816$ & $-0.0167541$ & $-0.0005903$ & $0.00070941$ & $0.00247218$ & $0.0397221$ & $1$ & $0.234091$ & $0.229733$ & $0.548205$ & $-0.0113614$ & $-0.10899$ & $-0.0100843$ & $-0.170634$ & $-0.0262996$ & $0.000875389$ & $0.0302085$ & $0.045707$ & $0.00106311$ & $0.0079874$ & $-0.0192467$ & $0.094031$ & $0.0381755$ & $0.00903089$ & $-0.0596947$ & $-0.0882857$ \\
CuH_22r & $-0.0143593$ & $-0.00872629$ & $0.00349558$ & $-0.0175605$ & $0.0100525$ & $-0.00542436$ & $0.00312214$ & $-0.0372128$ & $-0.0254362$ & $-0.01065$ & $0.0404124$ & $-0.0259501$ & $0.0341572$ & $-0.0279324$ & $-0.0194042$ & $-0.0521085$ & $0.00200284$ & $0.00172365$ & $0.0225755$ & $-0.0413008$ & $-0.0405869$ & $-0.0413376$ & $0.00304423$ & $0.00298396$ & $0.00764405$ & $0.023388$ & $-0.00284576$ & $-0.0467861$ & $-0.0135268$ & $0.234091$ & $1$ & $0.131678$ & $0.282721$ & $-0.0147194$ & $-0.0144836$ & $0.00789005$ & $-0.105441$ & $0.00940652$ & $0.0244078$ & $0.00045481$ & $0.0244827$ & $-0.00338449$ & $-0.00418536$ & $-0.00329994$ & $-0.0254064$ & $0.115399$ & $0.415223$ & $0.0179073$ & $-0.0120058$ \\
CuH_33r & $0.00226742$ & $0.0112908$ & $-0.048154$ & $0.0224152$ & $-0.0110309$ & $0.0362782$ & $0.665153$ & $-0.0498472$ & $-0.0556156$ & $0.100048$ & $0.0333813$ & $0.0887421$ & $-0.030782$ & $0.0203229$ & $-0.014537$ & $-0.0366755$ & $0.0196566$ & $0.0328656$ & $0.0484828$ & $-0.031998$ & $-0.0351271$ & $-0.0402324$ & $0.0308647$ & $0.0567916$ & $0.0459268$ & $0.00580251$ & $0.0146726$ & $0.0180613$ & $-0.0287322$ & $0.229733$ & $0.131678$ & $1$ & $0.287234$ & $-0.0396614$ & $0.161254$ & $0.0636034$ & $-0.0585376$ & $0.00773458$ & $0.0513012$ & $-0.000210403$ & $-0.00236126$ & $-0.000376769$ & $-0.0346384$ & $0.0108755$ & $0.0394921$ & $-0.00720784$ & $0.0118834$ & $-0.0203122$ & $-0.025923$ \\
CdH_33r & $0.0260097$ & $0.00241162$ & $-0.0365338$ & $-0.00281571$ & $-0.0126793$ & $-0.0266827$ & $-0.0252482$ & $0.019921$ & $0.0412037$ & $-0.0406852$ & $-0.017851$ & $-0.130548$ & $0.212567$ & $-0.00436434$ & $0.0308149$ & $-0.00103942$ & $-0.00193034$ & $-0.0238282$ & $-0.00508299$ & $0.0194715$ & $0.0179198$ & $0.0165072$ & $0.0357477$ & $-0.0065975$ & $-0.0186465$ & $-0.0176719$ & $0.00714258$ & $0.0160046$ & $0.0441309$ & $0.548205$ & $0.282721$ & $0.287234$ & $1$ & $-0.00921882$ & $-0.0578982$ & $-0.000516363$ & $-0.137955$ & $-0.0245479$ & $-0.0161171$ & $0.0304177$ & $0.0599614$ & $-0.014192$ & $-0.0174366$ & $-0.00213521$ & $0.00490436$ & $0.0148802$ & $0.0648364$ & $0.103201$ & $0.447355$ \\
CLL_1221 & $-0.00028177$ & $-0.0348906$ & $0.0258225$ & $0.0262312$ & $-0.0417288$ & $-0.0770446$ & $-0.0255653$ & $0.478606$ & $0.471996$ & $-0.304937$ & $-0.310811$ & $-0.209503$ & $0.164778$ & $-0.166975$ & $-0.513657$ & $0.192139$ & $-0.198423$ & $0.0694369$ & $-0.441759$ & $0.257636$ & $0.372094$ & $0.374601$ & $0.0178201$ & $-0.538867$ & $-0.406574$ & $-0.204855$ & $0.376438$ & $0.121905$ & $0.0432316$ & $-0.0113614$ & $-0.0147194$ & $-0.0396614$ & $-0.00921882$ & $1$ & $0.0278298$ & $0.021363$ & $-0.0046396$ & $0.0115883$ & $0.0469173$ & $-0.0140846$ & $-0.0156418$ & $-0.00272979$ & $0.0126088$ & $0.0165969$ & $0.00267562$ & $-0.0490108$ & $-0.010918$ & $0.00238822$ & $-0.0285438$ \\
eHggint & $-0.00701542$ & $0.0310863$ & $-0.0356394$ & $-0.0293059$ & $-0.0086289$ & $-0.00488841$ & $-0.0100262$ & $0.0343656$ & $0.0162081$ & $0.0328516$ & $-0.0262081$ & $-0.00162045$ & $0.0328462$ & $0.000920909$ & $0.00335515$ & $-0.0184773$ & $-0.0135476$ & $-0.0189315$ & $-0.00366091$ & $0.0239656$ & $0.0313376$ & $0.0240713$ & $-0.00014771$ & $-0.0542654$ & $-0.0180786$ & $-0.0172292$ & $0.0233294$ & $-0.012637$ & $-0.0320604$ & $-0.10899$ & $-0.0144836$ & $0.161254$ & $-0.0578982$ & $0.0278298$ & $1$ & $-0.110671$ & $0.0221414$ & $-0.000561469$ & $0.0614939$ & $-0.0296741$ & $-0.0697874$ & $0.0143543$ & $-0.0157767$ & $-0.0268607$ & $0.0166302$ & $-0.0579114$ & $0.00846985$ & $0.054497$ & $0.0108968$ \\
eHggpar & $0.0316714$ & $-0.0300657$ & $0.0398573$ & $0.047553$ & $0.0227285$ & $0.031036$ & $-0.0173674$ & $0.0488167$ & $0.0401683$ & $0.0169934$ & $-0.0657638$ & $-0.0210732$ & $0.0335837$ & $0.0540035$ & $0.0156147$ & $0.00624582$ & $0.0273831$ & $0.0199665$ & $0.0289961$ & $0.0623252$ & $0.0657642$ & $0.0681686$ & $-0.00318472$ & $-0.0120602$ & $0.0134912$ & $-0.0297746$ & $0.0426883$ & $0.00940852$ & $-0.0412111$ & $-0.0100843$ & $0.00789005$ & $0.0636034$ & $-0.000516363$ & $0.021363$ & $-0.110671$ & $1$ & $0.0375402$ & $0.031328$ & $0.00971061$ & $0.0168797$ & $-0.0330793$ & $-0.0265347$ & $0.0214356$ & $0.012681$ & $-0.0850338$ & $-0.0368183$ & $-0.0198705$ & $-0.00891364$ & $0.00642997$ \\
eHWWint & $0.0289114$ & $-0.0150307$ & $0.00349068$ & $0.05034$ & $0.0253489$ & $0.0215982$ & $0.00980278$ & $0.0130131$ & $0.000311254$ & $-0.0510971$ & $0.00675226$ & $-0.0395664$ & $0.0341087$ & $-0.0179784$ & $0.00548882$ & $-0.0112956$ & $-0.0495117$ & $-0.0387976$ & $-0.0186921$ & $-0.00993212$ & $-0.00754965$ & $-0.00103735$ & $-0.00804358$ & $-0.0327415$ & $-0.0242174$ & $0.0137315$ & $0.0448831$ & $0.00860999$ & $-0.0553497$ & $-0.170634$ & $-0.105441$ & $-0.0585376$ & $-0.137955$ & $-0.0046396$ & $0.0221414$ & $0.0375402$ & $1$ & $-0.0465293$ & $-0.0302797$ & $0.00105569$ & $-0.0351902$ & $-0.00369476$ & $-0.0348427$ & $-0.00969295$ & $0.0302241$ & $0.00562324$ & $-0.0500298$ & $0.0764185$ & $0.0791098$ \\
eHWWpar & $-0.0324321$ & $-0.000705873$ & $-0.0169877$ & $-0.00330287$ & $0.0182437$ & $0.0463916$ & $0.00574479$ & $0.0197641$ & $0.0192025$ & $0.00610677$ & $-0.0144429$ & $0.0087642$ & $-0.000310037$ & $0.00697719$ & $0.00144558$ & $0.00393171$ & $-0.0141844$ & $-0.00993846$ & $-0.0111196$ & $0.0148042$ & $0.0149091$ & $0.0145353$ & $-0.019712$ & $-0.00547612$ & $-0.0290815$ & $-0.0147771$ & $-0.0467717$ & $0.0112227$ & $0.0140875$ & $-0.0262996$ & $0.00940652$ & $0.00773458$ & $-0.0245479$ & $0.0115883$ & $-0.000561469$ & $0.031328$ & $-0.0465293$ & $1$ & $0.00477233$ & $-0.0412965$ & $-0.019452$ & $-0.00199086$ & $-0.00141488$ & $0.0156931$ & $0.0158079$ & $-0.00246733$ & $0.0112894$ & $-0.0415376$ & $-0.0175914$ \\
eHZZint & $-0.0422324$ & $-0.00138124$ & $-0.0215212$ & $-0.0595819$ & $-0.00504064$ & $0.0184701$ & $-0.00087362$ & $-0.0132831$ & $-0.0150118$ & $-0.0239597$ & $0.0149418$ & $0.0438416$ & $-0.0524305$ & $-0.0154845$ & $-0.0531629$ & $4.18816e-05$ & $0.00927892$ & $0.03463$ & $-0.010395$ & $-0.0136447$ & $-0.0105034$ & $-0.0196176$ & $0.00810884$ & $-0.0207396$ & $0.0368716$ & $0.00292279$ & $0.0638878$ & $-0.0414481$ & $-0.022373$ & $0.000875389$ & $0.0244078$ & $0.0513012$ & $-0.0161171$ & $0.0469173$ & $0.0614939$ & $0.00971061$ & $-0.0302797$ & $0.00477233$ & $1$ & $-0.0301943$ & $0.00908088$ & $-0.00773366$ & $0.0150877$ & $-0.0102823$ & $-2.31107e-05$ & $-0.0452079$ & $-0.00268305$ & $0.00535184$ & $0.0137514$ \\
eHZZpar & $0.0290177$ & $-0.0274658$ & $-0.0348124$ & $0.0588547$ & $-0.00263801$ & $-0.0186082$ & $0.00715307$ & $-0.00254951$ & $0.0053306$ & $0.00228388$ & $-0.00388699$ & $0.0305867$ & $-0.0293214$ & $0.00189269$ & $0.013115$ & $-0.00659199$ & $0.0147671$ & $0.000986077$ & $0.00843074$ & $0.00162591$ & $0.00106297$ & $-0.00654242$ & $-0.00956852$ & $0.016233$ & $0.00790721$ & $0.00267385$ & $0.00487805$ & $0.000191645$ & $-0.00208407$ & $0.0302085$ & $0.00045481$ & $-0.000210403$ & $0.0304177$ & $-0.0140846$ & $-0.0296741$ & $0.0168797$ & $0.00105569$ & $-0.0412965$ & $-0.0301943$ & $1$ & $0.0154697$ & $0.0207534$ & $0.0274813$ & $-0.0123343$ & $0.00508804$ & $-0.0117947$ & $-0.000975247$ & $-0.00330436$ & $0.0491776$ \\
eHZgaint & $0.0133261$ & $0.00356448$ & $0.0492127$ & $0.0433913$ & $-0.0436741$ & $-0.00416551$ & $0.00384361$ & $-0.00424746$ & $0.00369677$ & $-0.0510174$ & $0.00152499$ & $-0.000584227$ & $-0.00986902$ & $0.00239316$ & $0.0118684$ & $0.0362502$ & $-0.00112198$ & $-0.000797347$ & $-0.0239132$ & $0.00213991$ & $-0.00653601$ & $-0.00888126$ & $-0.0227219$ & $0.0181242$ & $-0.0148893$ & $0.0130776$ & $-0.0685761$ & $0.0272072$ & $-0.0231043$ & $0.045707$ & $0.0244827$ & $-0.00236126$ & $0.0599614$ & $-0.0156418$ & $-0.0697874$ & $-0.0330793$ & $-0.0351902$ & $-0.019452$ & $0.00908088$ & $0.0154697$ & $1$ & $0.00879161$ & $0.0113286$ & $0.00786708$ & $0.00692796$ & $0.0399188$ & $0.0607078$ & $0.00664438$ & $0.0400245$ \\
eHZgapar & $-0.0227524$ & $-0.039242$ & $0.0276266$ & $-0.0277115$ & $0.00234545$ & $-0.0236955$ & $-0.0243291$ & $0.00587395$ & $-0.000547007$ & $0.0502721$ & $-0.0256938$ & $0.00251444$ & $0.00629235$ & $0.0212765$ & $0.0132081$ & $0.0123154$ & $0.048884$ & $0.028615$ & $0.0245813$ & $0.027294$ & $0.0232981$ & $0.0260267$ & $-0.0139917$ & $0.0403094$ & $0.020826$ & $-0.010746$ & $-0.027711$ & $0.0177411$ & $0.0152557$ & $0.00106311$ & $-0.00338449$ & $-0.000376769$ & $-0.014192$ & $-0.00272979$ & $0.0143543$ & $-0.0265347$ & $-0.00369476$ & $-0.00199086$ & $-0.00773366$ & $0.0207534$ & $0.00879161$ & $1$ & $-0.0345336$ & $0.0120244$ & $0.0237656$ & $-0.00934567$ & $0.0379056$ & $-0.000349733$ & $-0.0141718$ \\
eHgagaint & $0.0331348$ & $0.0224372$ & $0.0175554$ & $0.0372919$ & $-0.0158998$ & $0.0269786$ & $-6.52918e-05$ & $0.0152642$ & $0.10008$ & $-0.0103178$ & $-0.0132146$ & $-0.0141847$ & $0.0113749$ & $-0.00192269$ & $-0.00112987$ & $0.0215471$ & $-0.0129149$ & $-0.00271836$ & $-0.019681$ & $0.0170368$ & $0.013674$ & $0.00953205$ & $-0.0122569$ & $-0.019293$ & $-0.0122291$ & $0.00865228$ & $0.0113336$ & $-0.0170819$ & $-0.00927676$ & $0.0079874$ & $-0.00418536$ & $-0.0346384$ & $-0.0174366$ & $0.0126088$ & $-0.0157767$ & $0.0214356$ & $-0.0348427$ & $-0.00141488$ & $0.0150877$ & $0.0274813$ & $0.0113286$ & $-0.0345336$ & $1$ & $0.0224705$ & $-0.0348718$ & $-0.0235572$ & $0.00522584$ & $-0.0207261$ & $-0.0191462$ \\
eHmumuint & $0.0759774$ & $-0.00708412$ & $0.031714$ & $0.0287289$ & $0.0655989$ & $-0.0270402$ & $0.00987067$ & $0.0239355$ & $0.0214041$ & $-0.0327824$ & $-0.00843171$ & $-0.00561169$ & $0.00275839$ & $-0.0252237$ & $0.00809056$ & $-0.000408516$ & $-0.0256015$ & $-0.031321$ & $-0.0225775$ & $0.00669029$ & $0.00829845$ & $0.0184703$ & $-0.0259883$ & $-0.0192205$ & $-0.0376197$ & $0.0128588$ & $0.0352201$ & $-0.000767839$ & $-0.00449627$ & $-0.0192467$ & $-0.00329994$ & $0.0108755$ & $-0.00213521$ & $0.0165969$ & $-0.0268607$ & $0.012681$ & $-0.00969295$ & $0.0156931$ & $-0.0102823$ & $-0.0123343$ & $0.00786708$ & $0.0120244$ & $0.0224705$ & $1$ & $-0.0411883$ & $0.00208592$ & $-0.0128016$ & $-0.0322611$ & $-0.0234222$ \\
eHtautauint & $0.0209323$ & $0.0552637$ & $0.0176233$ & $-0.0460784$ & $-0.00682113$ & $0.0487079$ & $0.0173047$ & $-0.0586026$ & $-0.0527173$ & $0.0353233$ & $0.044324$ & $0.00359174$ & $-0.000999005$ & $0.0139571$ & $-0.0593954$ & $-0.0205894$ & $0.0188752$ & $0.06005$ & $0.0353599$ & $-0.04183$ & $-0.040336$ & $-0.0398473$ & $0.00375085$ & $0.0259362$ & $0.0488068$ & $0.0263784$ & $0.0106545$ & $-0.00223526$ & $-0.00567069$ & $0.094031$ & $-0.0254064$ & $0.0394921$ & $0.00490436$ & $0.00267562$ & $0.0166302$ & $-0.0850338$ & $0.0302241$ & $0.0158079$ & $-2.31107e-05$ & $0.00508804$ & $0.00692796$ & $0.0237656$ & $-0.0348718$ & $-0.0411883$ & $1$ & $0.0290182$ & $-0.0277454$ & $-0.0126034$ & $0.0333635$ \\
eHccint & $0.0262105$ & $-0.0220497$ & $-0.0289433$ & $0.0677392$ & $0.0169418$ & $0.0252891$ & $0.00561297$ & $-0.0457018$ & $-0.0502622$ & $0.0437525$ & $0.0315627$ & $-0.00482093$ & $0.00858264$ & $0.0201581$ & $0.000329537$ & $-0.0133016$ & $0.0178798$ & $0.0233517$ & $0.0332566$ & $-0.0322366$ & $-0.0362147$ & $-0.0396799$ & $0.00325499$ & $0.0350031$ & $0.0352638$ & $0.00513483$ & $-0.0332294$ & $-0.029306$ & $0.0176923$ & $0.0381755$ & $0.115399$ & $-0.00720784$ & $0.0148802$ & $-0.0490108$ & $-0.0579114$ & $-0.0368183$ & $0.00562324$ & $-0.00246733$ & $-0.0452079$ & $-0.0117947$ & $0.0399188$ & $-0.00934567$ & $-0.0235572$ & $0.00208592$ & $0.0290182$ & $1$ & $0.0411032$ & $-0.0339096$ & $0.000779407$ \\
eHccpar & $0.0178977$ & $0.00215387$ & $0.00531242$ & $-0.00770414$ & $0.0329473$ & $0.0209196$ & $0.019491$ & $-0.0648646$ & $-0.0680064$ & $0.0325831$ & $0.0457653$ & $0.00531773$ & $-0.00725404$ & $0.00592133$ & $-0.0483187$ & $-0.0780241$ & $0.0476282$ & $0.057581$ & $0.0808693$ & $-0.0487982$ & $-0.0447132$ & $-0.0393821$ & $0.00831229$ & $0.048469$ & $0.0511431$ & $0.0131173$ & $0.00965449$ & $-0.00745643$ & $-0.0360679$ & $0.00903089$ & $0.415223$ & $0.0118834$ & $0.0648364$ & $-0.010918$ & $0.00846985$ & $-0.0198705$ & $-0.0500298$ & $0.0112894$ & $-0.00268305$ & $-0.000975247$ & $0.0607078$ & $0.0379056$ & $0.00522584$ & $-0.0128016$ & $-0.0277454$ & $0.0411032$ & $1$ & $0.0517421$ & $0.0498878$ \\
eHbbint & $-0.0097074$ & $0.03451$ & $0.0241449$ & $0.00294188$ & $0.0427026$ & $-0.0285224$ & $-0.0154045$ & $0.00769124$ & $-0.00799312$ & $-0.0290458$ & $-0.0173234$ & $-0.013508$ & $-0.010112$ & $0.00785912$ & $0.0125937$ & $-0.0275583$ & $0.0284125$ & $0.00658171$ & $0.0387563$ & $0.0189523$ & $0.0201388$ & $0.0236981$ & $0.0810231$ & $-0.00171492$ & $0.0141941$ & $-0.0810088$ & $0.0159$ & $-0.0186492$ & $0.00420707$ & $-0.0596947$ & $0.0179073$ & $-0.0203122$ & $0.103201$ & $0.00238822$ & $0.054497$ & $-0.00891364$ & $0.0764185$ & $-0.0415376$ & $0.00535184$ & $-0.00330436$ & $0.00664438$ & $-0.000349733$ & $-0.0207261$ & $-0.0322611$ & $-0.0126034$ & $-0.0339096$ & $0.0517421$ & $1$ & $-0.00744884$ \\
eHbbpar & $0.0355689$ & $-0.000736886$ & $0.000499344$ & $-0.00201359$ & $-0.0101205$ & $-0.0645734$ & $0.0332188$ & $-0.0318052$ & $-0.0353675$ & $0.0382386$ & $-0.000861427$ & $0.0532766$ & $-0.0657338$ & $0.0401678$ & $0.0125727$ & $-0.00616865$ & $0.0742454$ & $0.0518846$ & $0.0575879$ & $0.000765778$ & $-0.000978579$ & $0.004247$ & $0.0270902$ & $0.0425991$ & $0.0594662$ & $0.000686929$ & $-0.0131356$ & $-0.000709712$ & $0.0150846$ & $-0.0882857$ & $-0.0120058$ & $-0.025923$ & $0.447355$ & $-0.0285438$ & $0.0108968$ & $0.00642997$ & $0.0791098$ & $-0.0175914$ & $0.0137514$ & $0.0491776$ & $0.0400245$ & $-0.0141718$ & $-0.0191462$ & $-0.0234222$ & $0.0333635$ & $0.000779407$ & $0.0498878$ & $-0.00744884$ & $1$ \\
