 & AlsMz & dAle5Mz & mtop & mHl & Mz & CW & CHG & CHWB & CHWHB_gaga & CHWHB_gagaorth & CHD & CHbox & CH & CHL1_11 & CHL1_22 & CHL1_33 & CHL3_11 & CHL3_22 & CHL3_33 & CHe_11 & CHe_22 & CHe_33 & CHQ1_11 & CHQ1_33 & CHQ3_11 & CHu_11 & CHd_11 & CHd_33 & CeH_22r & CeH_33r & CuH_22r & CuH_33r & CdH_33r & CLL_1221 & eHggint & eHggpar & eHWWint & eHWWpar & eHZZint & eHZZpar & eHZgaint & eHZgapar & eHgagaint & eHmumuint & eHtautauint & eHccint & eHccpar & eHbbint & eHbbpar \\
AlsMz & $1$ & $-0.00501093$ & $0.0237955$ & $-0.0204426$ & $-0.0368924$ & $-0.00354394$ & $0.000557594$ & $-0.0108798$ & $-0.014734$ & $0.00183228$ & $-0.00624719$ & $0.00514052$ & $-0.0122248$ & $0.0184125$ & $0.020236$ & $0.00327361$ & $0.0108969$ & $0.00523044$ & $0.0214143$ & $0.00390827$ & $-0.00345777$ & $-0.000399863$ & $-0.00704385$ & $-0.0562576$ & $-0.128386$ & $-0.0374481$ & $-0.0583204$ & $0.0331565$ & $-0.0231611$ & $-8.38982e-05$ & $0.00630451$ & $0.014949$ & $-0.00852777$ & $-0.0303343$ & $0.0542192$ & $-0.0203537$ & $0.0519797$ & $0.00179933$ & $-0.00482573$ & $0.0188949$ & $0.0102205$ & $-0.00537431$ & $-0.0299712$ & $0.0311343$ & $-0.00831375$ & $-0.0143686$ & $0.00242598$ & $-0.0337028$ & $-0.0128381$ \\
dAle5Mz & $-0.00501093$ & $1$ & $0.0423157$ & $0.014604$ & $-0.017401$ & $0.0354969$ & $-0.00816652$ & $-0.106872$ & $-0.112266$ & $0.0467261$ & $0.0835242$ & $0.022623$ & $0.00861786$ & $-0.028699$ & $-0.0444487$ & $-0.0602121$ & $0.0290726$ & $0.0287485$ & $0.0471919$ & $-0.0637641$ & $-0.0500588$ & $-0.0436304$ & $0.0210821$ & $0.0311467$ & $0.0285751$ & $0.0252524$ & $0.00559978$ & $-0.0204489$ & $0.0405587$ & $0.0227156$ & $0.0169517$ & $-0.00046182$ & $0.0277015$ & $0.0262451$ & $-0.0227456$ & $-0.0263395$ & $-0.0197067$ & $0.0329283$ & $-0.00420722$ & $-0.0113972$ & $-0.0135778$ & $0.0251293$ & $-0.00718023$ & $-0.0406677$ & $-0.0389047$ & $-0.0715114$ & $0.0170788$ & $0.0401998$ & $0.0107909$ \\
mtop & $0.0237955$ & $0.0423157$ & $1$ & $0.0237534$ & $-0.0183217$ & $-0.0437212$ & $-0.0408978$ & $0.011358$ & $0.00648704$ & $0.011162$ & $-0.00989765$ & $0.0117845$ & $0.00801162$ & $0.0261164$ & $0.0014106$ & $-0.00218583$ & $0.0106331$ & $0.00906689$ & $0.0156436$ & $0.0157945$ & $0.0209799$ & $0.021763$ & $-0.0138128$ & $-0.00826058$ & $0.00366562$ & $-0.00266777$ & $0.0010843$ & $-0.0226546$ & $0.0114443$ & $0.0102404$ & $0.0105265$ & $-0.037253$ & $0.0263231$ & $0.0089304$ & $-0.010969$ & $-0.0473498$ & $-0.00884411$ & $0.00713593$ & $0.021012$ & $-0.0298564$ & $0.05015$ & $0.00978637$ & $-0.0356249$ & $0.0312597$ & $0.0252011$ & $-0.00917664$ & $-0.0236995$ & $0.00256043$ & $0.0209921$ \\
mHl & $-0.0204426$ & $0.014604$ & $0.0237534$ & $1$ & $0.0213115$ & $-0.0378572$ & $0.0192845$ & $-0.000807535$ & $0.00773302$ & $-0.00444613$ & $0.000961671$ & $-0.00222694$ & $0.00657953$ & $0.00165119$ & $-0.03265$ & $-0.0704634$ & $0.00721978$ & $0.0175992$ & $0.0411393$ & $-0.00641546$ & $0.00513642$ & $-0.00440897$ & $-0.00317246$ & $-0.00520627$ & $0.0400393$ & $0.0269511$ & $0.0645929$ & $-0.00953278$ & $0.0229455$ & $0.0352794$ & $0.0246523$ & $0.0230099$ & $0.0424885$ & $0.0265513$ & $0.00456957$ & $-0.00112249$ & $-0.0126218$ & $0.0421734$ & $-0.00268579$ & $-0.0482266$ & $-0.028943$ & $0.0436359$ & $0.0252561$ & $-0.0144891$ & $0.0227619$ & $-0.0265685$ & $0.012999$ & $-0.0575611$ & $0.0649613$ \\
Mz & $-0.0368924$ & $-0.017401$ & $-0.0183217$ & $0.0213115$ & $1$ & $-0.0423186$ & $-0.0046282$ & $-0.0185248$ & $-0.0188955$ & $0.00209464$ & $0.0255015$ & $0.0105003$ & $0.0106928$ & $-0.0220617$ & $0.0299713$ & $0.0150737$ & $0.00420531$ & $-0.0214185$ & $-0.00904979$ & $-0.0133906$ & $-0.0217435$ & $-0.0171814$ & $0.030338$ & $0.0219268$ & $-0.0143568$ & $-0.0431523$ & $-0.0390964$ & $-0.0303652$ & $0.00223445$ & $0.0248416$ & $0.00417244$ & $-0.00644116$ & $-0.0242849$ & $-0.0400281$ & $-0.0365421$ & $0.0367899$ & $0.0307706$ & $0.0267818$ & $0.00523941$ & $-0.0509949$ & $0.0255123$ & $0.0164986$ & $-0.0701146$ & $0.0246405$ & $0.0150295$ & $-0.0017582$ & $0.00182566$ & $-0.0165277$ & $-0.039902$ \\
CW & $-0.00354394$ & $0.0354969$ & $-0.0437212$ & $-0.0378572$ & $-0.0423186$ & $1$ & $0.01056$ & $-0.161544$ & $-0.148418$ & $0.0352933$ & $0.22974$ & $0.0811505$ & $0.0116974$ & $-0.0494137$ & $-0.113133$ & $-0.0817971$ & $-0.290129$ & $-0.0635232$ & $-0.0837113$ & $-0.228716$ & $-0.230549$ & $-0.228056$ & $-0.0135595$ & $0.00507964$ & $-0.116526$ & $0.127081$ & $-0.0822978$ & $-0.0735082$ & $0.0138543$ & $0.0286199$ & $-0.00379188$ & $0.0149579$ & $0.00422491$ & $-0.108841$ & $-0.0045973$ & $0.0160707$ & $-0.0118239$ & $-0.0241544$ & $-0.0353641$ & $-0.00884178$ & $-0.0302525$ & $0.0174716$ & $0.0311599$ & $2.71929e-05$ & $0.0762381$ & $-0.0079286$ & $-0.0031892$ & $0.00146757$ & $-0.0169275$ \\
CHG & $0.000557594$ & $-0.00816652$ & $-0.0408978$ & $0.0192845$ & $-0.0046282$ & $0.01056$ & $1$ & $-0.0219938$ & $0.0389363$ & $-0.0124477$ & $0.0255503$ & $-0.0421247$ & $-0.0901644$ & $-0.0265668$ & $-0.00383264$ & $0.0325178$ & $-0.00787597$ & $-0.00581555$ & $-0.0298328$ & $-0.026115$ & $-0.0286171$ & $-0.0261197$ & $-0.0224248$ & $8.34927e-05$ & $-0.00489085$ & $0.0293485$ & $-0.0169377$ & $-0.03752$ & $0.0308125$ & $-0.0510321$ & $-0.034382$ & $0.935658$ & $-0.0674473$ & $-0.0113683$ & $-0.071849$ & $0.00164171$ & $-0.0199907$ & $-0.0422645$ & $-0.0161693$ & $0.00109579$ & $-0.0160337$ & $-0.024669$ & $-0.026335$ & $0.0596325$ & $-0.0195221$ & $0.0241751$ & $-0.0262789$ & $-0.000649138$ & $-0.0244613$ \\
CHWB & $-0.0108798$ & $-0.106872$ & $0.011358$ & $-0.000807535$ & $-0.0185248$ & $-0.161544$ & $-0.0219938$ & $1$ & $0.977368$ & $-0.514715$ & $-0.891059$ & $-0.214937$ & $0.0831381$ & $0.197066$ & $0.332055$ & $0.270417$ & $-0.144552$ & $-0.376527$ & $-0.346106$ & $0.862698$ & $0.905626$ & $0.886566$ & $0.0446798$ & $-0.623727$ & $-0.333841$ & $-0.495539$ & $0.392459$ & $0.309005$ & $-0.0108657$ & $0.0170082$ & $0.0146865$ & $-0.0202725$ & $0.00934237$ & $0.521219$ & $-0.00423658$ & $0.00935507$ & $0.0110862$ & $-0.00323015$ & $-0.00934469$ & $-0.0106332$ & $0.00955531$ & $-0.00365126$ & $0.00797711$ & $0.00475456$ & $-0.0242776$ & $0.033274$ & $-0.00470703$ & $-0.0109525$ & $-0.00476375$ \\
CHWHB_gaga & $-0.014734$ & $-0.112266$ & $0.00648704$ & $0.00773302$ & $-0.0188955$ & $-0.148418$ & $0.0389363$ & $0.977368$ & $1$ & $-0.505427$ & $-0.864933$ & $-0.193409$ & $0.0849858$ & $0.180829$ & $0.317177$ & $0.258609$ & $-0.152786$ & $-0.374203$ & $-0.346117$ & $0.836255$ & $0.879875$ & $0.861237$ & $0.0388847$ & $-0.620351$ & $-0.333185$ & $-0.477586$ & $0.387278$ & $0.298129$ & $-0.00697996$ & $0.040723$ & $0.0236394$ & $0.0255944$ & $0.0361337$ & $0.515573$ & $-0.0358878$ & $0.000429089$ & $0.00259527$ & $-0.00540104$ & $-0.0114776$ & $-0.0183963$ & $0.00668688$ & $-0.00327616$ & $0.0788152$ & $0.00904211$ & $-0.0186232$ & $0.0279171$ & $-0.00547041$ & $-0.0127145$ & $-0.00426604$ \\
CHWHB_gagaorth & $0.00183228$ & $0.0467261$ & $0.011162$ & $-0.00444613$ & $0.00209464$ & $0.0352933$ & $-0.0124477$ & $-0.514715$ & $-0.505427$ & $1$ & $0.335068$ & $0.599609$ & $-0.01954$ & $0.145905$ & $-0.126619$ & $-0.0941318$ & $0.342613$ & $0.406707$ & $0.39105$ & $-0.322868$ & $-0.348781$ & $-0.340171$ & $-0.0460725$ & $0.486282$ & $0.381727$ & $0.195217$ & $-0.215577$ & $-0.114338$ & $0.0326549$ & $-0.0652695$ & $-0.0400482$ & $0.0117919$ & $-0.0497652$ & $-0.298245$ & $0.0599895$ & $-0.00504493$ & $0.00969843$ & $0.00938964$ & $0.00830436$ & $0.00840903$ & $-0.047607$ & $0.00701146$ & $-0.0203426$ & $0.0148926$ & $0.0140389$ & $-0.0313424$ & $0.00333832$ & $0.0432789$ & $0.00760371$ \\
CHD & $-0.00624719$ & $0.0835242$ & $-0.00989765$ & $0.000961671$ & $0.0255015$ & $0.22974$ & $0.0255503$ & $-0.891059$ & $-0.864933$ & $0.335068$ & $1$ & $0.259278$ & $-0.0343309$ & $-0.575105$ & $-0.444173$ & $-0.392928$ & $-0.283287$ & $0.0321637$ & $0.00815883$ & $-0.990568$ & $-0.991013$ & $-0.969823$ & $0.00274127$ & $0.271568$ & $-0.0106677$ & $0.547502$ & $-0.260145$ & $-0.348554$ & $0.0161843$ & $-6.27189e-05$ & $-0.016601$ & $0.0239237$ & $-0.0260666$ & $-0.340415$ & $0.00140595$ & $-0.0105426$ & $-0.0103614$ & $-0.0014646$ & $0.013378$ & $9.63053e-05$ & $-0.00632007$ & $0.00138584$ & $0.00100676$ & $-0.0206461$ & $0.0347924$ & $-0.0355094$ & $-0.0111817$ & $-0.0100338$ & $-0.0184397$ \\
CHbox & $0.00514052$ & $0.022623$ & $0.0117845$ & $-0.00222694$ & $0.0105003$ & $0.0811505$ & $-0.0421247$ & $-0.214937$ & $-0.193409$ & $0.599609$ & $0.259278$ & $1$ & $0.426623$ & $-0.197567$ & $-0.0314354$ & $-0.026614$ & $-0.126349$ & $-0.0808005$ & $-0.0831368$ & $-0.240505$ & $-0.268313$ & $-0.260977$ & $-0.0336924$ & $0.0575864$ & $-0.0879279$ & $0.153791$ & $-0.143298$ & $-0.0953169$ & $0.0429034$ & $0.215172$ & $0.0362185$ & $0.0350344$ & $0.224093$ & $-0.152052$ & $0.0986345$ & $0.0418998$ & $0.00545387$ & $0.00111395$ & $-0.00297686$ & $0.00898357$ & $-0.0290916$ & $0.00680999$ & $-0.021193$ & $-0.0041118$ & $0.0149028$ & $-0.0186166$ & $0.000258627$ & $0.0101965$ & $-0.0180851$ \\
CH & $-0.0122248$ & $0.00861786$ & $0.00801162$ & $0.00657953$ & $0.0106928$ & $0.0116974$ & $-0.0901644$ & $0.0831381$ & $0.0849858$ & $-0.01954$ & $-0.0343309$ & $0.426623$ & $1$ & $-0.0651832$ & $0.0202234$ & $0.0183494$ & $-0.094145$ & $-0.102722$ & $-0.103959$ & $0.0344254$ & $0.0389862$ & $0.032852$ & $0.0116466$ & $-0.0965873$ & $-0.0959018$ & $-0.0151417$ & $0.0359185$ & $0.0170869$ & $-0.00748846$ & $0.0761202$ & $0.0469781$ & $-0.0657575$ & $0.108147$ & $0.0510687$ & $0.0114319$ & $0.0436094$ & $-0.00552923$ & $-0.0111783$ & $-0.0209418$ & $-0.00665395$ & $0.00711699$ & $0.00653752$ & $-0.00446889$ & $-0.00591463$ & $-0.0123352$ & $-0.0347922$ & $0.0435301$ & $0.00241131$ & $0.0123111$ \\
CHL1_11 & $0.0184125$ & $-0.028699$ & $0.0261164$ & $0.00165119$ & $-0.0220617$ & $-0.0494137$ & $-0.0265668$ & $0.197066$ & $0.180829$ & $0.145905$ & $-0.575105$ & $-0.197567$ & $-0.0651832$ & $1$ & $0.301937$ & $0.290461$ & $0.648008$ & $0.560554$ & $0.565591$ & $0.591023$ & $0.538927$ & $0.522665$ & $-0.0786255$ & $0.431244$ & $0.540368$ & $-0.297876$ & $-0.0920848$ & $0.203785$ & $-0.021564$ & $-0.0318108$ & $0.0122428$ & $-0.0264971$ & $0.0337632$ & $-0.17006$ & $-0.0134083$ & $0.0113344$ & $0.0137369$ & $0.00460634$ & $-0.00650987$ & $0.0110386$ & $-0.00084467$ & $0.00803031$ & $-0.0126182$ & $0.0385988$ & $-0.0292634$ & $0.0226467$ & $0.0244821$ & $0.0443936$ & $0.0526092$ \\
CHL1_22 & $0.020236$ & $-0.0444487$ & $0.0014106$ & $-0.03265$ & $0.0299713$ & $-0.113133$ & $-0.00383264$ & $0.332055$ & $0.317177$ & $-0.126619$ & $-0.444173$ & $-0.0314354$ & $0.0202234$ & $0.301937$ & $1$ & $0.431175$ & $0.180205$ & $-0.463882$ & $-0.022464$ & $0.507145$ & $0.362815$ & $0.350177$ & $-0.178154$ & $0.103775$ & $-0.164496$ & $-0.215684$ & $-0.405041$ & $0.105131$ & $-0.0368247$ & $-0.0166769$ & $-0.0339516$ & $0.00702626$ & $0.00690983$ & $-0.60067$ & $0.0560874$ & $0.0377862$ & $0.0112253$ & $-0.00351472$ & $0.0169461$ & $0.0228399$ & $0.0336774$ & $0.00958045$ & $-0.0201947$ & $0.02593$ & $-0.042262$ & $0.0396857$ & $-0.0149529$ & $-0.0132084$ & $0.00605068$ \\
CHL1_33 & $0.00327361$ & $-0.0602121$ & $-0.00218583$ & $-0.0704634$ & $0.0150737$ & $-0.0817971$ & $0.0325178$ & $0.270417$ & $0.258609$ & $-0.0941318$ & $-0.392928$ & $-0.026614$ & $0.0183494$ & $0.290461$ & $0.431175$ & $1$ & $0.201804$ & $0.0131729$ & $-0.443849$ & $0.455668$ & $0.310514$ & $0.330542$ & $-0.16922$ & $0.146474$ & $-0.127577$ & $-0.180967$ & $-0.420127$ & $0.0899169$ & $-0.0159106$ & $-0.00493668$ & $0.000889135$ & $0.0401342$ & $0.000559549$ & $-0.120205$ & $-2.57043e-05$ & $0.0548275$ & $0.0285608$ & $0.0063635$ & $0.00182845$ & $0.0216376$ & $-0.0376607$ & $0.0220465$ & $0.0112986$ & $0.0439121$ & $-0.0299417$ & $0.0264086$ & $0.0367234$ & $0.0152064$ & $-0.00489329$ \\
CHL3_11 & $0.0108969$ & $0.0290726$ & $0.0106331$ & $0.00721978$ & $0.00420531$ & $-0.290129$ & $-0.00787597$ & $-0.144552$ & $-0.152786$ & $0.342613$ & $-0.283287$ & $-0.126349$ & $-0.094145$ & $0.648008$ & $0.180205$ & $0.201804$ & $1$ & $0.708409$ & $0.696489$ & $0.305025$ & $0.255593$ & $0.250658$ & $-0.0590602$ & $0.643399$ & $0.734745$ & $-0.147218$ & $-0.134686$ & $0.119989$ & $-0.0108816$ & $-0.0356804$ & $0.00176174$ & $-0.0146158$ & $0.0284684$ & $-0.18641$ & $-0.0012501$ & $-0.00499803$ & $-0.0104711$ & $0.0112292$ & $-0.0100971$ & $0.0175209$ & $-0.00202881$ & $0.00422275$ & $-0.0149562$ & $0.0303291$ & $-0.0115966$ & $-0.00193501$ & $0.0390841$ & $0.0348083$ & $0.0405519$ \\
CHL3_22 & $0.00523044$ & $0.0287485$ & $0.00906689$ & $0.0175992$ & $-0.0214185$ & $-0.0635232$ & $-0.00581555$ & $-0.376527$ & $-0.374203$ & $0.406707$ & $0.0321637$ & $-0.0808005$ & $-0.102722$ & $0.560554$ & $-0.463882$ & $0.0131729$ & $0.708409$ & $1$ & $0.625549$ & $-0.0359001$ & $-0.0231619$ & $-0.018038$ & $0.0273553$ & $0.590311$ & $0.768144$ & $0.0134867$ & $0.0276597$ & $0.0269335$ & $0.0130404$ & $-0.0242071$ & $0.0243398$ & $-0.0155707$ & $0.0227532$ & $0.111169$ & $-0.04104$ & $-0.0169339$ & $-0.00334073$ & $0.0119823$ & $-0.0214179$ & $0.00403809$ & $-0.0316079$ & $0.00131039$ & $-0.000214118$ & $0.0174436$ & $0.0106949$ & $-0.0182479$ & $0.0408501$ & $0.0520626$ & $0.0391014$ \\
CHL3_33 & $0.0214143$ & $0.0471919$ & $0.0156436$ & $0.0411393$ & $-0.00904979$ & $-0.0837113$ & $-0.0298328$ & $-0.346106$ & $-0.346117$ & $0.39105$ & $0.00815883$ & $-0.0831368$ & $-0.103959$ & $0.565591$ & $-0.022464$ & $-0.443849$ & $0.696489$ & $0.625549$ & $1$ & $-0.0129508$ & $0.00463978$ & $0.00678372$ & $0.0243816$ & $0.56356$ & $0.755298$ & $-0.00656375$ & $0.0490143$ & $0.0305858$ & $0.00312194$ & $-0.0333088$ & $0.00488819$ & $-0.0385538$ & $0.0297835$ & $-0.280146$ & $0.00102714$ & $-0.0328909$ & $-0.0226912$ & $-0.000332377$ & $-6.98208e-05$ & $0.00714076$ & $0.0254351$ & $-0.0180487$ & $-0.0257723$ & $-0.00670053$ & $-0.000664371$ & $-0.0108056$ & $0.00724563$ & $0.0347444$ & $0.0445042$ \\
CHe_11 & $0.00390827$ & $-0.0637641$ & $0.0157945$ & $-0.00641546$ & $-0.0133906$ & $-0.228716$ & $-0.026115$ & $0.862698$ & $0.836255$ & $-0.322868$ & $-0.990568$ & $-0.240505$ & $0.0344254$ & $0.591023$ & $0.507145$ & $0.455668$ & $0.305025$ & $-0.0359001$ & $-0.0129508$ & $1$ & $0.972971$ & $0.952903$ & $-0.023416$ & $-0.217248$ & $0.0121319$ & $-0.542167$ & $0.185008$ & $0.339829$ & $-0.01598$ & $-0.000154797$ & $0.010305$ & $-0.0229294$ & $0.0244504$ & $0.262248$ & $-0.000975813$ & $0.019104$ & $0.0142112$ & $0.00295387$ & $-0.0148052$ & $0.00324743$ & $0.00610407$ & $-0.000471502$ & $-0.00496171$ & $0.0225878$ & $-0.0373813$ & $0.0363033$ & $0.0079902$ & $0.0161663$ & $0.0143777$ \\
CHe_22 & $-0.00345777$ & $-0.0500588$ & $0.0209799$ & $0.00513642$ & $-0.0217435$ & $-0.230549$ & $-0.0286171$ & $0.905626$ & $0.879875$ & $-0.348781$ & $-0.991013$ & $-0.268313$ & $0.0389862$ & $0.538927$ & $0.362815$ & $0.310514$ & $0.255593$ & $-0.0231619$ & $0.00463978$ & $0.972971$ & $1$ & $0.97506$ & $0.0251837$ & $-0.325536$ & $0.0134678$ & $-0.548849$ & $0.34198$ & $0.35246$ & $-0.0122357$ & $0.00160357$ & $0.0183574$ & $-0.0292363$ & $0.0234443$ & $0.426748$ & $-0.0111727$ & $0.00456003$ & $0.0081176$ & $0.00144181$ & $-0.0141868$ & $-0.00484634$ & $0.00620685$ & $-0.00349037$ & $0.00123859$ & $0.0150636$ & $-0.031956$ & $0.0284616$ & $0.00909145$ & $0.0135812$ & $0.0149935$ \\
CHe_33 & $-0.000399863$ & $-0.0436304$ & $0.021763$ & $-0.00440897$ & $-0.0171814$ & $-0.228056$ & $-0.0261197$ & $0.886566$ & $0.861237$ & $-0.340171$ & $-0.969823$ & $-0.260977$ & $0.032852$ & $0.522665$ & $0.350177$ & $0.330542$ & $0.250658$ & $-0.018038$ & $0.00678372$ & $0.952903$ & $0.97506$ & $1$ & $0.0246902$ & $-0.317394$ & $0.0138674$ & $-0.540485$ & $0.33483$ & $0.351958$ & $-0.010382$ & $0.00980522$ & $0.0234608$ & $-0.027992$ & $0.0246689$ & $0.42541$ & $-0.0186968$ & $0.00299407$ & $0.00315631$ & $0.00166814$ & $-0.0073823$ & $-0.00200252$ & $0.00184519$ & $-0.00458708$ & $-0.000327711$ & $0.00488667$ & $-0.0301504$ & $0.0297993$ & $0.0207174$ & $0.0226557$ & $0.00635101$ \\
CHQ1_11 & $-0.00704385$ & $0.0210821$ & $-0.0138128$ & $-0.00317246$ & $0.030338$ & $-0.0135595$ & $-0.0224248$ & $0.0446798$ & $0.0388847$ & $-0.0460725$ & $0.00274127$ & $-0.0336924$ & $0.0116466$ & $-0.0786255$ & $-0.178154$ & $-0.16922$ & $-0.0590602$ & $0.0273553$ & $0.0243816$ & $-0.023416$ & $0.0251837$ & $0.0246902$ & $1$ & $-0.121505$ & $0.095827$ & $-0.679888$ & $0.317656$ & $-0.00183895$ & $0.0204413$ & $-0.0064139$ & $-0.010074$ & $-0.0186614$ & $-0.0129724$ & $0.195322$ & $0.0094083$ & $-0.00745702$ & $-0.0102169$ & $0.00833012$ & $0.0134718$ & $0.000253929$ & $-0.000344133$ & $0.0388099$ & $0.0130017$ & $0.0106261$ & $-0.00436788$ & $0.0378602$ & $-0.0324173$ & $-0.0427525$ & $-0.00283164$ \\
CHQ1_33 & $-0.0562576$ & $0.0311467$ & $-0.00826058$ & $-0.00520627$ & $0.0219268$ & $0.00507964$ & $8.34927e-05$ & $-0.623727$ & $-0.620351$ & $0.486282$ & $0.271568$ & $0.0575864$ & $-0.0965873$ & $0.431244$ & $0.103775$ & $0.146474$ & $0.643399$ & $0.590311$ & $0.56356$ & $-0.217248$ & $-0.325536$ & $-0.317394$ & $-0.121505$ & $1$ & $0.59545$ & $0.168658$ & $-0.403933$ & $-0.00161459$ & $-0.0322445$ & $-0.0174732$ & $-0.00494256$ & $0.00338671$ & $0.0193997$ & $-0.591951$ & $0.00320059$ & $0.0155644$ & $-0.00771984$ & $0.00152349$ & $0.0100102$ & $0.0162635$ & $-0.00268785$ & $0.0208921$ & $-0.0111715$ & $0.0253046$ & $0.00900718$ & $-0.00475797$ & $0.026909$ & $0.0496268$ & $0.0358818$ \\
CHQ3_11 & $-0.128386$ & $0.0285751$ & $0.00366562$ & $0.0400393$ & $-0.0143568$ & $-0.116526$ & $-0.00489085$ & $-0.333841$ & $-0.333185$ & $0.381727$ & $-0.0106677$ & $-0.0879279$ & $-0.0959018$ & $0.540368$ & $-0.164496$ & $-0.127577$ & $0.734745$ & $0.768144$ & $0.755298$ & $0.0121319$ & $0.0134678$ & $0.0138674$ & $0.095827$ & $0.59545$ & $1$ & $0.00553837$ & $0.280575$ & $0.0322107$ & $-0.00164426$ & $-0.042681$ & $-0.00189175$ & $-0.0135994$ & $0.0225591$ & $-0.11139$ & $-0.00329704$ & $-0.0288454$ & $-0.0243573$ & $0.0117076$ & $0.0115259$ & $0.0190829$ & $-0.00667829$ & $-0.00673032$ & $0.0119524$ & $0.000359816$ & $-0.0114243$ & $-0.0232939$ & $0.0110248$ & $0.0398349$ & $0.036406$ \\
CHu_11 & $-0.0374481$ & $0.0252524$ & $-0.00266777$ & $0.0269511$ & $-0.0431523$ & $0.127081$ & $0.0293485$ & $-0.495539$ & $-0.477586$ & $0.195217$ & $0.547502$ & $0.153791$ & $-0.0151417$ & $-0.297876$ & $-0.215684$ & $-0.180967$ & $-0.147218$ & $0.0134867$ & $-0.00656375$ & $-0.542167$ & $-0.548849$ & $-0.540485$ & $-0.679888$ & $0.168658$ & $0.00553837$ & $1$ & $-0.132233$ & $-0.203355$ & $-0.0115432$ & $-0.0123484$ & $0.00942495$ & $0.0266821$ & $-0.00214136$ & $-0.219084$ & $0.0125798$ & $-0.0146735$ & $0.00831433$ & $-0.0104701$ & $-0.00886647$ & $7.15237e-05$ & $-0.00330157$ & $-0.0504257$ & $-0.000116719$ & $-0.023422$ & $0.010825$ & $-0.0453072$ & $0.0216146$ & $0.0151031$ & $-3.43747e-05$ \\
CHd_11 & $-0.0583204$ & $0.00559978$ & $0.0010843$ & $0.0645929$ & $-0.0390964$ & $-0.0822978$ & $-0.0169377$ & $0.392459$ & $0.387278$ & $-0.215577$ & $-0.260145$ & $-0.143298$ & $0.0359185$ & $-0.0920848$ & $-0.405041$ & $-0.420127$ & $-0.134686$ & $0.0276597$ & $0.0490143$ & $0.185008$ & $0.34198$ & $0.33483$ & $0.317656$ & $-0.403933$ & $0.280575$ & $-0.132233$ & $1$ & $0.114415$ & $-0.00191612$ & $0.0015844$ & $0.0182707$ & $-0.0229849$ & $0.00342851$ & $0.681695$ & $-0.00443096$ & $-0.0518466$ & $-0.0208169$ & $0.0024207$ & $0.00932766$ & $-0.0141547$ & $0.00765632$ & $-0.0206723$ & $0.0372797$ & $-0.0355371$ & $-0.00422248$ & $-0.0232758$ & $-0.0186921$ & $-0.00797371$ & $-0.00211074$ \\
CHd_33 & $0.0331565$ & $-0.0204489$ & $-0.0226546$ & $-0.00953278$ & $-0.0303652$ & $-0.0735082$ & $-0.03752$ & $0.309005$ & $0.298129$ & $-0.114338$ & $-0.348554$ & $-0.0953169$ & $0.0170869$ & $0.203785$ & $0.105131$ & $0.0899169$ & $0.119989$ & $0.0269335$ & $0.0305858$ & $0.339829$ & $0.35246$ & $0.351958$ & $-0.00183895$ & $-0.00161459$ & $0.0322107$ & $-0.203355$ & $0.114415$ & $1$ & $-0.00760757$ & $0.0265484$ & $0.0188086$ & $-0.0310628$ & $0.0257079$ & $0.167854$ & $0.010454$ & $0.0142281$ & $-0.00295975$ & $-0.00946376$ & $0.00614119$ & $0.0154791$ & $-0.0121116$ & $0.0111683$ & $0.00433903$ & $-0.0272163$ & $0.0145579$ & $0.0111366$ & $0.0345579$ & $0.0100194$ & $0.00346823$ \\
CeH_22r & $-0.0231611$ & $0.0405587$ & $0.0114443$ & $0.0229455$ & $0.00223445$ & $0.0138543$ & $0.0308125$ & $-0.0108657$ & $-0.00697996$ & $0.0326549$ & $0.0161843$ & $0.0429034$ & $-0.00748846$ & $-0.021564$ & $-0.0368247$ & $-0.0159106$ & $-0.0108816$ & $0.0130404$ & $0.00312194$ & $-0.01598$ & $-0.0122357$ & $-0.010382$ & $0.0204413$ & $-0.0322445$ & $-0.00164426$ & $-0.0115432$ & $-0.00191612$ & $-0.00760757$ & $1$ & $0.0172956$ & $0.0102194$ & $0.0137818$ & $0.0153774$ & $0.0249736$ & $0.0109613$ & $-0.0307493$ & $-0.0670692$ & $-0.00629618$ & $-0.00554716$ & $-0.00827524$ & $-0.00600914$ & $0.0138475$ & $-0.0247176$ & $-0.00820805$ & $0.0184885$ & $0.0108881$ & $0.0249596$ & $0.000981215$ & $0.00680431$ \\
CeH_33r & $-8.38982e-05$ & $0.0227156$ & $0.0102404$ & $0.0352794$ & $0.0248416$ & $0.0286199$ & $-0.0510321$ & $0.0170082$ & $0.040723$ & $-0.0652695$ & $-6.27189e-05$ & $0.215172$ & $0.0761202$ & $-0.0318108$ & $-0.0166769$ & $-0.00493668$ & $-0.0356804$ & $-0.0242071$ & $-0.0333088$ & $-0.000154797$ & $0.00160357$ & $0.00980522$ & $-0.0064139$ & $-0.0174732$ & $-0.042681$ & $-0.0123484$ & $0.0015844$ & $0.0265484$ & $0.0172956$ & $1$ & $0.294118$ & $0.0815341$ & $0.602013$ & $0.0268108$ & $-0.0807212$ & $-0.00682753$ & $-0.205675$ & $-0.016059$ & $-0.0133974$ & $-0.01117$ & $0.00750417$ & $0.00709246$ & $-0.0174136$ & $0.00189889$ & $0.0724536$ & $0.000705877$ & $0.009939$ & $-0.00529242$ & $0.0111256$ \\
CuH_22r & $0.00630451$ & $0.0169517$ & $0.0105265$ & $0.0246523$ & $0.00417244$ & $-0.00379188$ & $-0.034382$ & $0.0146865$ & $0.0236394$ & $-0.0400482$ & $-0.016601$ & $0.0362185$ & $0.0469781$ & $0.0122428$ & $-0.0339516$ & $0.000889135$ & $0.00176174$ & $0.0243398$ & $0.00488819$ & $0.010305$ & $0.0183574$ & $0.0234608$ & $-0.010074$ & $-0.00494256$ & $-0.00189175$ & $0.00942495$ & $0.0182707$ & $0.0188086$ & $0.0102194$ & $0.294118$ & $1$ & $0.0339961$ & $0.312613$ & $0.0384506$ & $-0.0229649$ & $-0.00253216$ & $-0.0811869$ & $0.0146314$ & $0.0382666$ & $-0.00290571$ & $0.00748981$ & $0.00428184$ & $-0.00936531$ & $0.0143852$ & $0.0174621$ & $0.0561856$ & $0.389302$ & $0.0165436$ & $0.00993291$ \\
CuH_33r & $0.014949$ & $-0.00046182$ & $-0.037253$ & $0.0230099$ & $-0.00644116$ & $0.0149579$ & $0.935658$ & $-0.0202725$ & $0.0255944$ & $0.0117919$ & $0.0239237$ & $0.0350344$ & $-0.0657575$ & $-0.0264971$ & $0.00702626$ & $0.0401342$ & $-0.0146158$ & $-0.0155707$ & $-0.0385538$ & $-0.0229294$ & $-0.0292363$ & $-0.027992$ & $-0.0186614$ & $0.00338671$ & $-0.0135994$ & $0.0266821$ & $-0.0229849$ & $-0.0310628$ & $0.0137818$ & $0.0815341$ & $0.0339961$ & $1$ & $0.0891093$ & $-0.0220765$ & $0.0304975$ & $0.0400978$ & $-0.0485738$ & $-0.0477819$ & $-0.00456698$ & $0.00791045$ & $-0.016381$ & $-0.0117003$ & $-0.0260859$ & $0.0582457$ & $-0.0235599$ & $0.0365849$ & $-0.0330344$ & $-0.0108981$ & $-0.0161028$ \\
CdH_33r & $-0.00852777$ & $0.0277015$ & $0.0263231$ & $0.0424885$ & $-0.0242849$ & $0.00422491$ & $-0.0674473$ & $0.00934237$ & $0.0361337$ & $-0.0497652$ & $-0.0260666$ & $0.224093$ & $0.108147$ & $0.0337632$ & $0.00690983$ & $0.000559549$ & $0.0284684$ & $0.0227532$ & $0.0297835$ & $0.0244504$ & $0.0234443$ & $0.0246689$ & $-0.0129724$ & $0.0193997$ & $0.0225591$ & $-0.00214136$ & $0.00342851$ & $0.0257079$ & $0.0153774$ & $0.602013$ & $0.312613$ & $0.0891093$ & $1$ & $-0.00123952$ & $-0.0882398$ & $-0.0139628$ & $-0.192989$ & $-0.0116353$ & $0.00469767$ & $-0.0109069$ & $0.00682445$ & $0.0160745$ & $0.00620352$ & $-0.00843775$ & $-0.0106637$ & $0.0108942$ & $-0.00696426$ & $0.148735$ & $0.525199$ \\
CLL_1221 & $-0.0303343$ & $0.0262451$ & $0.0089304$ & $0.0265513$ & $-0.0400281$ & $-0.108841$ & $-0.0113683$ & $0.521219$ & $0.515573$ & $-0.298245$ & $-0.340415$ & $-0.152052$ & $0.0510687$ & $-0.17006$ & $-0.60067$ & $-0.120205$ & $-0.18641$ & $0.111169$ & $-0.280146$ & $0.262248$ & $0.426748$ & $0.42541$ & $0.195322$ & $-0.591951$ & $-0.11139$ & $-0.219084$ & $0.681695$ & $0.167854$ & $0.0249736$ & $0.0268108$ & $0.0384506$ & $-0.0220765$ & $-0.00123952$ & $1$ & $-0.0540363$ & $-0.0282624$ & $-0.00527802$ & $0.00545291$ & $-0.0245319$ & $-0.0284793$ & $-0.0245853$ & $-0.00549812$ & $0.0283106$ & $-0.022561$ & $0.0172738$ & $-0.0172051$ & $0.0153346$ & $-0.00105739$ & $-0.0110354$ \\
eHggint & $0.0542192$ & $-0.0227456$ & $-0.010969$ & $0.00456957$ & $-0.0365421$ & $-0.0045973$ & $-0.071849$ & $-0.00423658$ & $-0.0358878$ & $0.0599895$ & $0.00140595$ & $0.0986345$ & $0.0114319$ & $-0.0134083$ & $0.0560874$ & $-2.57043e-05$ & $-0.0012501$ & $-0.04104$ & $0.00102714$ & $-0.000975813$ & $-0.0111727$ & $-0.0186968$ & $0.0094083$ & $0.00320059$ & $-0.00329704$ & $0.0125798$ & $-0.00443096$ & $0.010454$ & $0.0109613$ & $-0.0807212$ & $-0.0229649$ & $0.0304975$ & $-0.0882398$ & $-0.0540363$ & $1$ & $-0.112222$ & $0.0154695$ & $-0.0197883$ & $-0.0359997$ & $0.0194449$ & $0.00394149$ & $-0.0110489$ & $0.00778339$ & $0.00663484$ & $0.0118738$ & $0.0117917$ & $0.0450708$ & $-0.0228908$ & $-0.00840569$ \\
eHggpar & $-0.0203537$ & $-0.0263395$ & $-0.0473498$ & $-0.00112249$ & $0.0367899$ & $0.0160707$ & $0.00164171$ & $0.00935507$ & $0.000429089$ & $-0.00504493$ & $-0.0105426$ & $0.0418998$ & $0.0436094$ & $0.0113344$ & $0.0377862$ & $0.0548275$ & $-0.00499803$ & $-0.0169339$ & $-0.0328909$ & $0.019104$ & $0.00456003$ & $0.00299407$ & $-0.00745702$ & $0.0155644$ & $-0.0288454$ & $-0.0146735$ & $-0.0518466$ & $0.0142281$ & $-0.0307493$ & $-0.00682753$ & $-0.00253216$ & $0.0400978$ & $-0.0139628$ & $-0.0282624$ & $-0.112222$ & $1$ & $0.0263818$ & $0.0322819$ & $0.0310541$ & $0.0156877$ & $0.0229264$ & $0.0173349$ & $-0.00535176$ & $-0.0310574$ & $-0.00363242$ & $-0.0397526$ & $-0.000818274$ & $-0.0264502$ & $0.00668703$ \\
eHWWint & $0.0519797$ & $-0.0197067$ & $-0.00884411$ & $-0.0126218$ & $0.0307706$ & $-0.0118239$ & $-0.0199907$ & $0.0110862$ & $0.00259527$ & $0.00969843$ & $-0.0103614$ & $0.00545387$ & $-0.00552923$ & $0.0137369$ & $0.0112253$ & $0.0285608$ & $-0.0104711$ & $-0.00334073$ & $-0.0226912$ & $0.0142112$ & $0.0081176$ & $0.00315631$ & $-0.0102169$ & $-0.00771984$ & $-0.0243573$ & $0.00831433$ & $-0.0208169$ & $-0.00295975$ & $-0.0670692$ & $-0.205675$ & $-0.0811869$ & $-0.0485738$ & $-0.192989$ & $-0.00527802$ & $0.0154695$ & $0.0263818$ & $1$ & $-0.04108$ & $-0.0337907$ & $0.0132639$ & $-0.0225349$ & $0.0043286$ & $0.0355641$ & $-0.044349$ & $0.0171101$ & $0.0123011$ & $0.0170424$ & $-0.0545977$ & $0.0584997$ \\
eHWWpar & $0.00179933$ & $0.0329283$ & $0.00713593$ & $0.0421734$ & $0.0267818$ & $-0.0241544$ & $-0.0422645$ & $-0.00323015$ & $-0.00540104$ & $0.00938964$ & $-0.0014646$ & $0.00111395$ & $-0.0111783$ & $0.00460634$ & $-0.00351472$ & $0.0063635$ & $0.0112292$ & $0.0119823$ & $-0.000332377$ & $0.00295387$ & $0.00144181$ & $0.00166814$ & $0.00833012$ & $0.00152349$ & $0.0117076$ & $-0.0104701$ & $0.0024207$ & $-0.00946376$ & $-0.00629618$ & $-0.016059$ & $0.0146314$ & $-0.0477819$ & $-0.0116353$ & $0.00545291$ & $-0.0197883$ & $0.0322819$ & $-0.04108$ & $1$ & $0.00735144$ & $-0.0166005$ & $0.0354668$ & $0.0230009$ & $-0.000712736$ & $0.00195457$ & $-0.00619469$ & $0.0126642$ & $0.0117171$ & $-0.0250022$ & $-0.00625125$ \\
eHZZint & $-0.00482573$ & $-0.00420722$ & $0.021012$ & $-0.00268579$ & $0.00523941$ & $-0.0353641$ & $-0.0161693$ & $-0.00934469$ & $-0.0114776$ & $0.00830436$ & $0.013378$ & $-0.00297686$ & $-0.0209418$ & $-0.00650987$ & $0.0169461$ & $0.00182845$ & $-0.0100971$ & $-0.0214179$ & $-6.98208e-05$ & $-0.0148052$ & $-0.0141868$ & $-0.0073823$ & $0.0134718$ & $0.0100102$ & $0.0115259$ & $-0.00886647$ & $0.00932766$ & $0.00614119$ & $-0.00554716$ & $-0.0133974$ & $0.0382666$ & $-0.00456698$ & $0.00469767$ & $-0.0245319$ & $-0.0359997$ & $0.0310541$ & $-0.0337907$ & $0.00735144$ & $1$ & $-0.0299057$ & $-0.00515515$ & $0.0328642$ & $-0.0134557$ & $0.00253526$ & $0.0110023$ & $0.00476812$ & $0.000208196$ & $0.00196615$ & $0.0102049$ \\
eHZZpar & $0.0188949$ & $-0.0113972$ & $-0.0298564$ & $-0.0482266$ & $-0.0509949$ & $-0.00884178$ & $0.00109579$ & $-0.0106332$ & $-0.0183963$ & $0.00840903$ & $9.63053e-05$ & $0.00898357$ & $-0.00665395$ & $0.0110386$ & $0.0228399$ & $0.0216376$ & $0.0175209$ & $0.00403809$ & $0.00714076$ & $0.00324743$ & $-0.00484634$ & $-0.00200252$ & $0.000253929$ & $0.0162635$ & $0.0190829$ & $7.15237e-05$ & $-0.0141547$ & $0.0154791$ & $-0.00827524$ & $-0.01117$ & $-0.00290571$ & $0.00791045$ & $-0.0109069$ & $-0.0284793$ & $0.0194449$ & $0.0156877$ & $0.0132639$ & $-0.0166005$ & $-0.0299057$ & $1$ & $0.0072125$ & $0.000574931$ & $-0.00835684$ & $0.0256969$ & $-0.0149402$ & $0.00788887$ & $0.00581584$ & $0.0528114$ & $-0.0376605$ \\
eHZgaint & $0.0102205$ & $-0.0135778$ & $0.05015$ & $-0.028943$ & $0.0255123$ & $-0.0302525$ & $-0.0160337$ & $0.00955531$ & $0.00668688$ & $-0.047607$ & $-0.00632007$ & $-0.0290916$ & $0.00711699$ & $-0.00084467$ & $0.0336774$ & $-0.0376607$ & $-0.00202881$ & $-0.0316079$ & $0.0254351$ & $0.00610407$ & $0.00620685$ & $0.00184519$ & $-0.000344133$ & $-0.00268785$ & $-0.00667829$ & $-0.00330157$ & $0.00765632$ & $-0.0121116$ & $-0.00600914$ & $0.00750417$ & $0.00748981$ & $-0.016381$ & $0.00682445$ & $-0.0245853$ & $0.00394149$ & $0.0229264$ & $-0.0225349$ & $0.0354668$ & $-0.00515515$ & $0.0072125$ & $1$ & $-0.00833382$ & $0.00467003$ & $0.00320551$ & $0.0294651$ & $0.0527478$ & $0.0161038$ & $0.0164515$ & $0.00414893$ \\
eHZgapar & $-0.00537431$ & $0.0251293$ & $0.00978637$ & $0.0436359$ & $0.0164986$ & $0.0174716$ & $-0.024669$ & $-0.00365126$ & $-0.00327616$ & $0.00701146$ & $0.00138584$ & $0.00680999$ & $0.00653752$ & $0.00803031$ & $0.00958045$ & $0.0220465$ & $0.00422275$ & $0.00131039$ & $-0.0180487$ & $-0.000471502$ & $-0.00349037$ & $-0.00458708$ & $0.0388099$ & $0.0208921$ & $-0.00673032$ & $-0.0504257$ & $-0.0206723$ & $0.0111683$ & $0.0138475$ & $0.00709246$ & $0.00428184$ & $-0.0117003$ & $0.0160745$ & $-0.00549812$ & $-0.0110489$ & $0.0173349$ & $0.0043286$ & $0.0230009$ & $0.0328642$ & $0.000574931$ & $-0.00833382$ & $1$ & $0.0148796$ & $0.00297709$ & $0.0348265$ & $0.0304154$ & $0.0101398$ & $0.0429235$ & $-0.00206666$ \\
eHgagaint & $-0.0299712$ & $-0.00718023$ & $-0.0356249$ & $0.0252561$ & $-0.0701146$ & $0.0311599$ & $-0.026335$ & $0.00797711$ & $0.0788152$ & $-0.0203426$ & $0.00100676$ & $-0.021193$ & $-0.00446889$ & $-0.0126182$ & $-0.0201947$ & $0.0112986$ & $-0.0149562$ & $-0.000214118$ & $-0.0257723$ & $-0.00496171$ & $0.00123859$ & $-0.000327711$ & $0.0130017$ & $-0.0111715$ & $0.0119524$ & $-0.000116719$ & $0.0372797$ & $0.00433903$ & $-0.0247176$ & $-0.0174136$ & $-0.00936531$ & $-0.0260859$ & $0.00620352$ & $0.0283106$ & $0.00778339$ & $-0.00535176$ & $0.0355641$ & $-0.000712736$ & $-0.0134557$ & $-0.00835684$ & $0.00467003$ & $0.0148796$ & $1$ & $-0.00282366$ & $0.0562392$ & $-0.021317$ & $0.0253765$ & $0.00545935$ & $0.0341758$ \\
eHmumuint & $0.0311343$ & $-0.0406677$ & $0.0312597$ & $-0.0144891$ & $0.0246405$ & $2.71929e-05$ & $0.0596325$ & $0.00475456$ & $0.00904211$ & $0.0148926$ & $-0.0206461$ & $-0.0041118$ & $-0.00591463$ & $0.0385988$ & $0.02593$ & $0.0439121$ & $0.0303291$ & $0.0174436$ & $-0.00670053$ & $0.0225878$ & $0.0150636$ & $0.00488667$ & $0.0106261$ & $0.0253046$ & $0.000359816$ & $-0.023422$ & $-0.0355371$ & $-0.0272163$ & $-0.00820805$ & $0.00189889$ & $0.0143852$ & $0.0582457$ & $-0.00843775$ & $-0.022561$ & $0.00663484$ & $-0.0310574$ & $-0.044349$ & $0.00195457$ & $0.00253526$ & $0.0256969$ & $0.00320551$ & $0.00297709$ & $-0.00282366$ & $1$ & $-0.0150336$ & $0.0319273$ & $-0.0117033$ & $-0.0596025$ & $-0.00564443$ \\
eHtautauint & $-0.00831375$ & $-0.0389047$ & $0.0252011$ & $0.0227619$ & $0.0150295$ & $0.0762381$ & $-0.0195221$ & $-0.0242776$ & $-0.0186232$ & $0.0140389$ & $0.0347924$ & $0.0149028$ & $-0.0123352$ & $-0.0292634$ & $-0.042262$ & $-0.0299417$ & $-0.0115966$ & $0.0106949$ & $-0.000664371$ & $-0.0373813$ & $-0.031956$ & $-0.0301504$ & $-0.00436788$ & $0.00900718$ & $-0.0114243$ & $0.010825$ & $-0.00422248$ & $0.0145579$ & $0.0184885$ & $0.0724536$ & $0.0174621$ & $-0.0235599$ & $-0.0106637$ & $0.0172738$ & $0.0118738$ & $-0.00363242$ & $0.0171101$ & $-0.00619469$ & $0.0110023$ & $-0.0149402$ & $0.0294651$ & $0.0348265$ & $0.0562392$ & $-0.0150336$ & $1$ & $0.0218528$ & $0.0355932$ & $-0.0470308$ & $0.0234702$ \\
eHccint & $-0.0143686$ & $-0.0715114$ & $-0.00917664$ & $-0.0265685$ & $-0.0017582$ & $-0.0079286$ & $0.0241751$ & $0.033274$ & $0.0279171$ & $-0.0313424$ & $-0.0355094$ & $-0.0186166$ & $-0.0347922$ & $0.0226467$ & $0.0396857$ & $0.0264086$ & $-0.00193501$ & $-0.0182479$ & $-0.0108056$ & $0.0363033$ & $0.0284616$ & $0.0297993$ & $0.0378602$ & $-0.00475797$ & $-0.0232939$ & $-0.0453072$ & $-0.0232758$ & $0.0111366$ & $0.0108881$ & $0.000705877$ & $0.0561856$ & $0.0365849$ & $0.0108942$ & $-0.0172051$ & $0.0117917$ & $-0.0397526$ & $0.0123011$ & $0.0126642$ & $0.00476812$ & $0.00788887$ & $0.0527478$ & $0.0304154$ & $-0.021317$ & $0.0319273$ & $0.0218528$ & $1$ & $0.0209529$ & $-0.00988727$ & $0.00291827$ \\
eHccpar & $0.00242598$ & $0.0170788$ & $-0.0236995$ & $0.012999$ & $0.00182566$ & $-0.0031892$ & $-0.0262789$ & $-0.00470703$ & $-0.00547041$ & $0.00333832$ & $-0.0111817$ & $0.000258627$ & $0.0435301$ & $0.0244821$ & $-0.0149529$ & $0.0367234$ & $0.0390841$ & $0.0408501$ & $0.00724563$ & $0.0079902$ & $0.00909145$ & $0.0207174$ & $-0.0324173$ & $0.026909$ & $0.0110248$ & $0.0216146$ & $-0.0186921$ & $0.0345579$ & $0.0249596$ & $0.009939$ & $0.389302$ & $-0.0330344$ & $-0.00696426$ & $0.0153346$ & $0.0450708$ & $-0.000818274$ & $0.0170424$ & $0.0117171$ & $0.000208196$ & $0.00581584$ & $0.0161038$ & $0.0101398$ & $0.0253765$ & $-0.0117033$ & $0.0355932$ & $0.0209529$ & $1$ & $0.0440133$ & $-0.00343832$ \\
eHbbint & $-0.0337028$ & $0.0401998$ & $0.00256043$ & $-0.0575611$ & $-0.0165277$ & $0.00146757$ & $-0.000649138$ & $-0.0109525$ & $-0.0127145$ & $0.0432789$ & $-0.0100338$ & $0.0101965$ & $0.00241131$ & $0.0443936$ & $-0.0132084$ & $0.0152064$ & $0.0348083$ & $0.0520626$ & $0.0347444$ & $0.0161663$ & $0.0135812$ & $0.0226557$ & $-0.0427525$ & $0.0496268$ & $0.0398349$ & $0.0151031$ & $-0.00797371$ & $0.0100194$ & $0.000981215$ & $-0.00529242$ & $0.0165436$ & $-0.0108981$ & $0.148735$ & $-0.00105739$ & $-0.0228908$ & $-0.0264502$ & $-0.0545977$ & $-0.0250022$ & $0.00196615$ & $0.0528114$ & $0.0164515$ & $0.0429235$ & $0.00545935$ & $-0.0596025$ & $-0.0470308$ & $-0.00988727$ & $0.0440133$ & $1$ & $-0.0304074$ \\
eHbbpar & $-0.0128381$ & $0.0107909$ & $0.0209921$ & $0.0649613$ & $-0.039902$ & $-0.0169275$ & $-0.0244613$ & $-0.00476375$ & $-0.00426604$ & $0.00760371$ & $-0.0184397$ & $-0.0180851$ & $0.0123111$ & $0.0526092$ & $0.00605068$ & $-0.00489329$ & $0.0405519$ & $0.0391014$ & $0.0445042$ & $0.0143777$ & $0.0149935$ & $0.00635101$ & $-0.00283164$ & $0.0358818$ & $0.036406$ & $-3.43747e-05$ & $-0.00211074$ & $0.00346823$ & $0.00680431$ & $0.0111256$ & $0.00993291$ & $-0.0161028$ & $0.525199$ & $-0.0110354$ & $-0.00840569$ & $0.00668703$ & $0.0584997$ & $-0.00625125$ & $0.0102049$ & $-0.0376605$ & $0.00414893$ & $-0.00206666$ & $0.0341758$ & $-0.00564443$ & $0.0234702$ & $0.00291827$ & $-0.00343832$ & $-0.0304074$ & $1$ \\
