 & AlsMz & dAle5Mz & mtop & mHl & Mz & CW & CHG & CHWB & CHWHB_gaga & CHWHB_gagaorth & CHD & CHbox & CH & CHL1_11 & CHL1_22 & CHL1_33 & CHL3_11 & CHL3_22 & CHL3_33 & CHe_11 & CHe_22 & CHe_33 & CHQ1_11 & CHQ1_33 & CHQ3_11 & CHu_11 & CHd_11 & CHd_33 & CeH_22r & CeH_33r & CuH_22r & CuH_33r & CdH_33r & CLL_1221 & eHggint & eHggpar & eHWWint & eHWWpar & eHZZint & eHZZpar & eHZgaint & eHZgapar & eHgagaint & eHmumuint & eHtautauint & eHccint & eHccpar & eHbbint & eHbbpar \\
AlsMz & $1$ & $-0.0140122$ & $0.242846$ & $-0.109264$ & $-0.0230221$ & $-0.00236437$ & $0.0280549$ & $0.0116748$ & $0.006033$ & $0.00460449$ & $-0.0203554$ & $0.0121803$ & $-0.0100422$ & $0.00930701$ & $-0.0293726$ & $0.00907642$ & $0.00975293$ & $0.0303662$ & $-0.00197143$ & $0.0157405$ & $0.0155284$ & $0.0199071$ & $0.0140677$ & $-0.0310837$ & $-0.0505677$ & $-0.0426022$ & $0.0332683$ & $0.031147$ & $-0.00556576$ & $-0.00896976$ & $-0.026894$ & $0.0221698$ & $-0.0479049$ & $0.0355082$ & $-0.0498174$ & $-0.0655604$ & $-0.0346743$ & $0.0170745$ & $-0.0324189$ & $-0.0621817$ & $0.110077$ & $0.0497737$ & $-0.180021$ & $-0.00478709$ & $-0.075342$ & $-0.335403$ & $0.0218083$ & $-0.101034$ & $-0.0995731$ \\
dAle5Mz & $-0.0140122$ & $1$ & $0.0500504$ & $0.0483479$ & $-0.018375$ & $0.0351395$ & $0.0596064$ & $-0.0580114$ & $-0.0616935$ & $0.065508$ & $0.036794$ & $0.078471$ & $-0.0171278$ & $0.0127246$ & $-0.00887979$ & $-0.00787673$ & $0.0144151$ & $0.0220715$ & $0.0228737$ & $-0.0170739$ & $-0.0179815$ & $-0.0167357$ & $0.0307216$ & $0.0298356$ & $0.0135111$ & $0.00093486$ & $-0.0119695$ & $-0.0387862$ & $0.0105867$ & $0.00767398$ & $0.0464679$ & $0.0772239$ & $0.0767511$ & $0.00215341$ & $-0.0168304$ & $-0.157443$ & $0.0906443$ & $0.00232633$ & $-0.0282767$ & $0.0617685$ & $-0.0967588$ & $-0.0505866$ & $-0.0281327$ & $0.00619619$ & $-0.0872552$ & $-0.102047$ & $0.109749$ & $0.00114079$ & $0.117546$ \\
mtop & $0.242846$ & $0.0500504$ & $1$ & $0.0275622$ & $-0.0935377$ & $0.0181407$ & $-0.00612568$ & $0.00263464$ & $-0.00038796$ & $-0.00939893$ & $0.0102795$ & $0.00599151$ & $-0.0322617$ & $-0.021847$ & $-0.0747069$ & $-0.0255447$ & $-0.00261869$ & $0.0346573$ & $-0.00726989$ & $-0.0108354$ & $-0.000220259$ & $0.00296424$ & $0.0528938$ & $-0.0289711$ & $-0.00876602$ & $-0.0290327$ & $0.0519765$ & $-0.00536197$ & $0.015682$ & $-0.0234597$ & $0.0436251$ & $-0.0219799$ & $-0.00759846$ & $0.0756848$ & $-0.135054$ & $-0.220501$ & $0.0242152$ & $-0.0235671$ & $0.133785$ & $0.0173261$ & $-0.00259065$ & $0.0168689$ & $-0.144332$ & $-0.118207$ & $0.0291938$ & $-0.270925$ & $0.234831$ & $0.131807$ & $-0.0414807$ \\
mHl & $-0.109264$ & $0.0483479$ & $0.0275622$ & $1$ & $-0.0207655$ & $-0.0155044$ & $0.0381764$ & $-0.00803389$ & $-0.00495172$ & $-0.00231908$ & $-0.0164922$ & $0.0102909$ & $-0.0337706$ & $0.0392807$ & $0.0318743$ & $0.0709819$ & $0.0525993$ & $0.0319966$ & $-0.000403952$ & $0.0225924$ & $0.00965915$ & $0.0154358$ & $-0.0249911$ & $0.047904$ & $0.0300784$ & $0.0157602$ & $-0.0379093$ & $-0.0453035$ & $0.00134838$ & $-0.0219242$ & $-0.0571108$ & $0.0464695$ & $0.0292991$ & $-0.020822$ & $0.153399$ & $0.0726267$ & $-0.121148$ & $0.0324382$ & $0.0681454$ & $0.0296643$ & $0.101649$ & $-0.0129065$ & $0.0457163$ & $0.0161285$ & $0.179346$ & $-0.116487$ & $-0.0368141$ & $0.111411$ & $0.0579785$ \\
Mz & $-0.0230221$ & $-0.018375$ & $-0.0935377$ & $-0.0207655$ & $1$ & $-0.0182566$ & $0.0131105$ & $0.00867161$ & $0.0132025$ & $0.0544121$ & $-0.0305445$ & $0.0496234$ & $-0.00660451$ & $0.0676041$ & $0.05642$ & $0.0319578$ & $0.0513194$ & $0.0200759$ & $0.0348388$ & $0.0432097$ & $0.0333432$ & $0.032907$ & $-0.0343914$ & $0.0426059$ & $0.0167275$ & $-0.0129392$ & $-0.0486725$ & $0.0125022$ & $0.0115598$ & $0.0309655$ & $-0.00792735$ & $0.0207546$ & $0.00468079$ & $-0.0426522$ & $0.0315091$ & $0.0425207$ & $-0.0199365$ & $0.0233364$ & $-0.0584762$ & $0.0339701$ & $0.0287349$ & $-0.0359284$ & $0.0280018$ & $-0.00255358$ & $-0.0149302$ & $-0.00926599$ & $-0.0438328$ & $-0.0181041$ & $0.00821616$ \\
CW & $-0.00236437$ & $0.0351395$ & $0.0181407$ & $-0.0155044$ & $-0.0182566$ & $1$ & $0.0308225$ & $-0.158187$ & $-0.153495$ & $0.00988833$ & $0.219801$ & $0.0465402$ & $-0.00048356$ & $-0.000160763$ & $-0.0853006$ & $-0.0877545$ & $-0.275393$ & $-0.0579519$ & $-0.0579337$ & $-0.214661$ & $-0.222876$ & $-0.222976$ & $0.00219305$ & $0.0245931$ & $-0.0915538$ & $0.115446$ & $-0.0931722$ & $-0.0554639$ & $0.0328504$ & $0.0136394$ & $0.000233284$ & $0.0404714$ & $0.0248448$ & $-0.147186$ & $0.00509069$ & $-0.0499562$ & $0.0052795$ & $-0.0109069$ & $0.023068$ & $0.0231374$ & $-0.0222314$ & $-0.038363$ & $0.0159748$ & $0.0209228$ & $0.00386918$ & $-0.0321919$ & $-0.0281734$ & $0.00495968$ & $0.0259471$ \\
CHG & $0.0280549$ & $0.0596064$ & $-0.00612568$ & $0.0381764$ & $0.0131105$ & $0.0308225$ & $1$ & $-0.120933$ & $-0.0717017$ & $0.12042$ & $0.058576$ & $0.212299$ & $-0.327549$ & $0.0828109$ & $-0.017136$ & $-0.0221504$ & $0.117788$ & $0.125637$ & $0.131456$ & $-0.0535913$ & $-0.0609486$ & $-0.062259$ & $0.000761501$ & $0.136251$ & $0.126813$ & $0.0295309$ & $-0.0510274$ & $-0.0239884$ & $0.0238469$ & $-0.142623$ & $-0.0633314$ & $0.93208$ & $-0.167341$ & $-0.0860818$ & $-0.0140169$ & $-0.0311449$ & $0.0325248$ & $-0.00722693$ & $-0.0131758$ & $0.0065853$ & $-0.0113009$ & $-0.0330421$ & $-0.0223742$ & $-0.0486633$ & $-0.00807998$ & $-0.0120054$ & $0.021505$ & $0.0276645$ & $0.00679482$ \\
CHWB & $0.0116748$ & $-0.0580114$ & $0.00263464$ & $-0.00803389$ & $0.00867161$ & $-0.158187$ & $-0.120933$ & $1$ & $0.985169$ & $-0.565998$ & $-0.885647$ & $-0.412346$ & $0.344156$ & $0.122328$ & $0.307548$ & $0.327542$ & $-0.206492$ & $-0.414372$ & $-0.43746$ & $0.858156$ & $0.901394$ & $0.887232$ & $0.0531213$ & $-0.670442$ & $-0.392879$ & $-0.514505$ & $0.416291$ & $0.312264$ & $-0.00205183$ & $0.116216$ & $0.0543102$ & $-0.108369$ & $0.121194$ & $0.570888$ & $0.0233225$ & $-0.0305615$ & $0.00878112$ & $0.0125662$ & $-0.0152568$ & $-0.0254768$ & $-0.00144476$ & $-0.0343474$ & $0.00145758$ & $0.00506089$ & $-0.0329631$ & $-0.00541227$ & $-0.0343149$ & $-0.00139252$ & $-0.0149481$ \\
CHWHB_gaga & $0.006033$ & $-0.0616935$ & $-0.00038796$ & $-0.00495172$ & $0.0132025$ & $-0.153495$ & $-0.0717017$ & $0.985169$ & $1$ & $-0.553764$ & $-0.869242$ & $-0.386651$ & $0.337735$ & $0.114804$ & $0.300665$ & $0.321918$ & $-0.210916$ & $-0.412516$ & $-0.436553$ & $0.842341$ & $0.885104$ & $0.871352$ & $0.0535253$ & $-0.662882$ & $-0.390778$ & $-0.50446$ & $0.412508$ & $0.305213$ & $0.00158667$ & $0.133884$ & $0.0639993$ & $-0.0684405$ & $0.139923$ & $0.563477$ & $0.0100266$ & $-0.0365323$ & $-0.00364451$ & $0.0115574$ & $-0.0193107$ & $-0.0269792$ & $0.00118693$ & $-0.0415515$ & $0.0498287$ & $0.0077786$ & $-0.0252959$ & $0.00343096$ & $-0.0329712$ & $0.00802655$ & $-0.0183391$ \\
CHWHB_gagaorth & $0.00460449$ & $0.065508$ & $-0.00939893$ & $-0.00231908$ & $0.0544121$ & $0.00988833$ & $0.12042$ & $-0.565998$ & $-0.553764$ & $1$ & $0.360123$ & $0.654457$ & $-0.235065$ & $0.20452$ & $-0.113057$ & $-0.133766$ & $0.417937$ & $0.461729$ & $0.486515$ & $-0.344875$ & $-0.373998$ & $-0.368736$ & $-0.00397111$ & $0.552759$ & $0.467493$ & $0.190263$ & $-0.233349$ & $-0.130489$ & $-0.0168171$ & $-0.113951$ & $-0.0673964$ & $0.131479$ & $-0.141412$ & $-0.359827$ & $0.0275123$ & $0.000118005$ & $0.0243264$ & $-0.0188862$ & $0.0465952$ & $-0.000294106$ & $-0.0475749$ & $0.0363985$ & $-0.00869383$ & $-0.00514922$ & $-0.00795717$ & $0.0371291$ & $0.0383605$ & $-0.00633727$ & $0.011028$ \\
CHD & $-0.0203554$ & $0.036794$ & $0.0102795$ & $-0.0164922$ & $-0.0305445$ & $0.219801$ & $0.058576$ & $-0.885647$ & $-0.869242$ & $0.360123$ & $1$ & $0.339699$ & $-0.174665$ & $-0.523606$ & $-0.421788$ & $-0.449262$ & $-0.237456$ & $0.0556112$ & $0.0835615$ & $-0.990958$ & $-0.991794$ & $-0.972628$ & $-0.0129614$ & $0.316521$ & $0.0220866$ & $0.573868$ & $-0.288024$ & $-0.344777$ & $0.0199596$ & $-0.0686138$ & $-0.0349762$ & $0.0575222$ & $-0.0622712$ & $-0.387096$ & $-0.0148904$ & $0.0338845$ & $-0.0182472$ & $-0.00579542$ & $-0.00565813$ & $0.0315191$ & $-0.00900746$ & $0.0199908$ & $0.0108728$ & $-0.00551616$ & $0.0452004$ & $-0.000942522$ & $0.0427042$ & $0.00303278$ & $0.0361$ \\
CHbox & $0.0121803$ & $0.078471$ & $0.00599151$ & $0.0102909$ & $0.0496234$ & $0.0465402$ & $0.212299$ & $-0.412346$ & $-0.386651$ & $0.654457$ & $0.339699$ & $1$ & $-0.543008$ & $-0.0182117$ & $-0.050074$ & $-0.100093$ & $0.132245$ & $0.165053$ & $0.208542$ & $-0.317566$ & $-0.350529$ & $-0.342812$ & $0.00963229$ & $0.312923$ & $0.184956$ & $0.16824$ & $-0.205435$ & $-0.126738$ & $-0.0120902$ & $0.0184279$ & $-0.0203166$ & $0.254358$ & $0.0196165$ & $-0.296624$ & $0.0687436$ & $0.0336924$ & $0.0231403$ & $0.0150997$ & $0.0393874$ & $0.0167671$ & $-0.0340287$ & $0.0279416$ & $-0.00724905$ & $-0.021433$ & $-0.00098183$ & $0.00858132$ & $0.0446315$ & $-0.0118663$ & $0.0348489$ \\
CH & $-0.0100422$ & $-0.0171278$ & $-0.0322617$ & $-0.0337706$ & $-0.00660451$ & $-0.00048356$ & $-0.327549$ & $0.344156$ & $0.337735$ & $-0.235065$ & $-0.174665$ & $-0.543008$ & $1$ & $-0.219071$ & $0.0804006$ & $0.0959157$ & $-0.346439$ & $-0.369795$ & $-0.386598$ & $0.171403$ & $0.182225$ & $0.183861$ & $0.0018303$ & $-0.381628$ & $-0.37278$ & $-0.0898249$ & $0.11929$ & $0.0737806$ & $0.0522163$ & $0.27921$ & $0.102678$ & $-0.275848$ & $0.329516$ & $0.211023$ & $0.018148$ & $-0.0305838$ & $-0.0171962$ & $-0.010411$ & $-0.0539113$ & $7.69404e-06$ & $-0.027725$ & $-0.0206637$ & $0.00485383$ & $0.0209379$ & $-0.00461076$ & $0.0245842$ & $0.0114367$ & $0.00134804$ & $0.0158624$ \\
CHL1_11 & $0.00930701$ & $0.0127246$ & $-0.021847$ & $0.0392807$ & $0.0676041$ & $-0.000160763$ & $0.0828109$ & $0.122328$ & $0.114804$ & $0.20452$ & $-0.523606$ & $-0.0182117$ & $-0.219071$ & $1$ & $0.274797$ & $0.297857$ & $0.666209$ & $0.592359$ & $0.574242$ & $0.542451$ & $0.486329$ & $0.469436$ & $-0.0510664$ & $0.45838$ & $0.589898$ & $-0.301748$ & $-0.0967772$ & $0.16341$ & $-0.0319158$ & $-0.0499151$ & $-0.0128251$ & $0.065499$ & $-0.0683034$ & $-0.189607$ & $-0.00240888$ & $-0.0240658$ & $0.021601$ & $-0.00358296$ & $0.0490425$ & $-0.030532$ & $0.0115251$ & $0.00260669$ & $-0.030353$ & $-0.00356456$ & $-0.0302886$ & $0.00803348$ & $-0.0368316$ & $0.0164838$ & $-0.0430129$ \\
CHL1_22 & $-0.0293726$ & $-0.00887979$ & $-0.0747069$ & $0.0318743$ & $0.05642$ & $-0.0853006$ & $-0.017136$ & $0.307548$ & $0.300665$ & $-0.113057$ & $-0.421788$ & $-0.050074$ & $0.0804006$ & $0.274797$ & $1$ & $0.463732$ & $0.161175$ & $-0.453777$ & $-0.0591733$ & $0.485771$ & $0.341525$ & $0.331204$ & $-0.165395$ & $0.103984$ & $-0.154334$ & $-0.201294$ & $-0.405531$ & $0.13794$ & $-0.017385$ & $0.0287283$ & $-0.000244488$ & $-0.00682233$ & $0.0514831$ & $-0.576888$ & $0.0196991$ & $0.0185027$ & $0.0188232$ & $0.0410633$ & $-0.0153691$ & $0.0218595$ & $0.0195709$ & $0.0178943$ & $-0.0329539$ & $-0.000703097$ & $-0.0307271$ & $-0.0262065$ & $0.0110881$ & $-0.0231651$ & $0.00842717$ \\
CHL1_33 & $0.00907642$ & $-0.00787673$ & $-0.0255447$ & $0.0709819$ & $0.0319578$ & $-0.0877545$ & $-0.0221504$ & $0.327542$ & $0.321918$ & $-0.133766$ & $-0.449262$ & $-0.100093$ & $0.0959157$ & $0.297857$ & $0.463732$ & $1$ & $0.177$ & $-0.0287022$ & $-0.436487$ & $0.509895$ & $0.371487$ & $0.387906$ & $-0.163788$ & $0.0887465$ & $-0.132785$ & $-0.214832$ & $-0.376244$ & $0.151839$ & $-0.00471295$ & $0.04744$ & $0.0100639$ & $-0.0114841$ & $0.0535919$ & $-0.0848558$ & $0.02725$ & $0.00951883$ & $-0.00444263$ & $0.0156457$ & $-0.0299341$ & $-0.000713772$ & $0.0166894$ & $0.0259432$ & $-0.0184021$ & $0.0316013$ & $-0.006255$ & $-0.0177703$ & $-0.0269498$ & $-0.00276439$ & $-0.00386446$ \\
CHL3_11 & $0.00975293$ & $0.0144151$ & $-0.00261869$ & $0.0525993$ & $0.0513194$ & $-0.275393$ & $0.117788$ & $-0.206492$ & $-0.210916$ & $0.417937$ & $-0.237456$ & $0.132245$ & $-0.346439$ & $0.666209$ & $0.161175$ & $0.177$ & $1$ & $0.735783$ & $0.728534$ & $0.258835$ & $0.207472$ & $0.198435$ & $-0.0475891$ & $0.658424$ & $0.77704$ & $-0.127539$ & $-0.145328$ & $0.074256$ & $-0.0336225$ & $-0.103067$ & $-0.0398268$ & $0.0903462$ & $-0.134204$ & $-0.222613$ & $-0.0202145$ & $-0.00231865$ & $0.012313$ & $-0.0204105$ & $0.0410131$ & $-0.00588644$ & $0.0302826$ & $0.0298846$ & $-0.0135255$ & $0.000185811$ & $-0.0255346$ & $0.0223714$ & $-0.0118742$ & $-0.0117233$ & $-0.0551033$ \\
CHL3_22 & $0.0303662$ & $0.0220715$ & $0.0346573$ & $0.0319966$ & $0.0200759$ & $-0.0579519$ & $0.125637$ & $-0.414372$ & $-0.412516$ & $0.461729$ & $0.0556112$ & $0.165053$ & $-0.369795$ & $0.592359$ & $-0.453777$ & $-0.0287022$ & $0.735783$ & $1$ & $0.682454$ & $-0.0586028$ & $-0.0491885$ & $-0.0498356$ & $0.0291215$ & $0.60701$ & $0.803357$ & $0.0154147$ & $0.0118398$ & $-0.0258829$ & $-0.0224062$ & $-0.106485$ & $-0.0353927$ & $0.0972159$ & $-0.144855$ & $0.0494103$ & $-0.0253873$ & $-0.0164989$ & $0.00218228$ & $-0.0394768$ & $0.0496678$ & $-0.0271686$ & $0.00903034$ & $0.0151708$ & $-2.4435e-05$ & $0.00184503$ & $0.00373603$ & $0.0327484$ & $-0.0226247$ & $0.0173854$ & $-0.0504607$ \\
CHL3_33 & $-0.00197143$ & $0.0228737$ & $-0.00726989$ & $-0.000403952$ & $0.0348388$ & $-0.0579337$ & $0.131456$ & $-0.43746$ & $-0.436553$ & $0.486515$ & $0.0835615$ & $0.208542$ & $-0.386598$ & $0.574242$ & $-0.0591733$ & $-0.436487$ & $0.728534$ & $0.682454$ & $1$ & $-0.0862666$ & $-0.0762847$ & $-0.0770512$ & $0.0303018$ & $0.621949$ & $0.801752$ & $0.032392$ & $0.0060403$ & $-0.0379184$ & $-0.0294558$ & $-0.11721$ & $-0.0413462$ & $0.103946$ & $-0.143208$ & $-0.323705$ & $-0.035845$ & $-0.0120185$ & $0.018633$ & $-0.0163679$ & $0.0615709$ & $-0.00624835$ & $0.00999825$ & $0.00285341$ & $-0.0136969$ & $-0.0240091$ & $-0.0151994$ & $0.0296316$ & $0.000748917$ & $0.0014013$ & $-0.0345029$ \\
CHe_11 & $0.0157405$ & $-0.0170739$ & $-0.0108354$ & $0.0225924$ & $0.0432097$ & $-0.214661$ & $-0.0535913$ & $0.858156$ & $0.842341$ & $-0.344875$ & $-0.990958$ & $-0.317566$ & $0.171403$ & $0.542451$ & $0.485771$ & $0.509895$ & $0.258835$ & $-0.0586028$ & $-0.0862666$ & $1$ & $0.974362$ & $0.95542$ & $-0.0107991$ & $-0.264473$ & $-0.0182941$ & $-0.564143$ & $0.212349$ & $0.342124$ & $-0.0222439$ & $0.0688139$ & $0.0342578$ & $-0.0506133$ & $0.0665338$ & $0.309716$ & $0.0147252$ & $-0.0345977$ & $0.0201959$ & $0.00842567$ & $0.00375816$ & $-0.0281673$ & $0.00868545$ & $-0.0168095$ & $-0.0141281$ & $0.00624561$ & $-0.0442422$ & $-0.00188627$ & $-0.0360201$ & $-0.00297745$ & $-0.0321532$ \\
CHe_22 & $0.0155284$ & $-0.0179815$ & $-0.000220259$ & $0.00965915$ & $0.0333432$ & $-0.222876$ & $-0.0609486$ & $0.901394$ & $0.885104$ & $-0.373998$ & $-0.991794$ & $-0.350529$ & $0.182225$ & $0.486329$ & $0.341525$ & $0.371487$ & $0.207472$ & $-0.0491885$ & $-0.0762847$ & $0.974362$ & $1$ & $0.977136$ & $0.0384615$ & $-0.369544$ & $-0.0250643$ & $-0.575603$ & $0.36655$ & $0.342507$ & $-0.0174771$ & $0.0718097$ & $0.0413792$ & $-0.0602023$ & $0.0642999$ & $0.468884$ & $0.0124372$ & $-0.0415504$ & $0.0187159$ & $0.00181483$ & $0.00708467$ & $-0.0311837$ & $0.00484244$ & $-0.0281016$ & $-0.00752398$ & $0.00264864$ & $-0.0468829$ & $0.00383116$ & $-0.0385483$ & $-0.00203906$ & $-0.0338802$ \\
CHe_33 & $0.0199071$ & $-0.0167357$ & $0.00296424$ & $0.0154358$ & $0.032907$ & $-0.222976$ & $-0.062259$ & $0.887232$ & $0.871352$ & $-0.368736$ & $-0.972628$ & $-0.342812$ & $0.183861$ & $0.469436$ & $0.331204$ & $0.387906$ & $0.198435$ & $-0.0498356$ & $-0.0770512$ & $0.95542$ & $0.977136$ & $1$ & $0.0418766$ & $-0.36425$ & $-0.0290403$ & $-0.5675$ & $0.363535$ & $0.337641$ & $-0.0162557$ & $0.0780187$ & $0.0371491$ & $-0.0598945$ & $0.0693238$ & $0.468763$ & $0.00868615$ & $-0.0380298$ & $0.0163301$ & $0.00412972$ & $0.00594106$ & $-0.029064$ & $0.00673726$ & $-0.0327869$ & $-0.00557353$ & $-0.0028362$ & $-0.0376351$ & $-0.00656618$ & $-0.0464209$ & $0.0032528$ & $-0.0299326$ \\
CHQ1_11 & $0.0140677$ & $0.0307216$ & $0.0528938$ & $-0.0249911$ & $-0.0343914$ & $0.00219305$ & $0.000761501$ & $0.0531213$ & $0.0535253$ & $-0.00397111$ & $-0.0129614$ & $0.00963229$ & $0.0018303$ & $-0.0510664$ & $-0.165395$ & $-0.163788$ & $-0.0475891$ & $0.0291215$ & $0.0303018$ & $-0.0107991$ & $0.0384615$ & $0.0418766$ & $1$ & $-0.111308$ & $0.0990541$ & $-0.675227$ & $0.331507$ & $-0.0103424$ & $0.0243471$ & $-0.0242144$ & $-0.0020254$ & $-0.00965321$ & $-0.0262123$ & $0.186122$ & $0.0198191$ & $-0.00733198$ & $0.0617557$ & $0.00416272$ & $0.0568497$ & $0.00175743$ & $-0.00843225$ & $-0.0212638$ & $0.0272855$ & $-0.0192977$ & $0.00522051$ & $-0.0245743$ & $0.0176691$ & $0.0404889$ & $-0.0209579$ \\
CHQ1_33 & $-0.0310837$ & $0.0298356$ & $-0.0289711$ & $0.047904$ & $0.0426059$ & $0.0245931$ & $0.136251$ & $-0.670442$ & $-0.662882$ & $0.552759$ & $0.316521$ & $0.312923$ & $-0.381628$ & $0.45838$ & $0.103984$ & $0.0887465$ & $0.658424$ & $0.60701$ & $0.621949$ & $-0.264473$ & $-0.369544$ & $-0.36425$ & $-0.111308$ & $1$ & $0.640437$ & $0.198956$ & $-0.41979$ & $-0.0199459$ & $-0.0121812$ & $-0.108607$ & $-0.0607966$ & $0.120457$ & $-0.128794$ & $-0.637463$ & $-0.0240995$ & $0.0125889$ & $0.00522395$ & $-0.00386554$ & $0.033654$ & $0.0204382$ & $0.0092943$ & $0.0235037$ & $-0.00319876$ & $-0.0113186$ & $0.000931509$ & $0.00740019$ & $-0.0136381$ & $0.00816477$ & $-0.0277107$ \\
CHQ3_11 & $-0.0505677$ & $0.0135111$ & $-0.00876602$ & $0.0300784$ & $0.0167275$ & $-0.0915538$ & $0.126813$ & $-0.392879$ & $-0.390778$ & $0.467493$ & $0.0220866$ & $0.184956$ & $-0.37278$ & $0.589898$ & $-0.154334$ & $-0.132785$ & $0.77704$ & $0.803357$ & $0.801752$ & $-0.0182941$ & $-0.0250643$ & $-0.0290403$ & $0.0990541$ & $0.640437$ & $1$ & $0.00653304$ & $0.211474$ & $-0.00938163$ & $-0.0195575$ & $-0.12292$ & $-0.0277793$ & $0.0970596$ & $-0.145666$ & $-0.178448$ & $-0.0340376$ & $-0.0190704$ & $0.0289229$ & $-0.0302307$ & $0.0762412$ & $-0.00398728$ & $0.00557967$ & $0.00167988$ & $-0.00743415$ & $0.00444434$ & $-0.0199283$ & $0.0539175$ & $-0.00356062$ & $0.0153651$ & $-0.0554692$ \\
CHu_11 & $-0.0426022$ & $0.00093486$ & $-0.0290327$ & $0.0157602$ & $-0.0129392$ & $0.115446$ & $0.0295309$ & $-0.514505$ & $-0.50446$ & $0.190263$ & $0.573868$ & $0.16824$ & $-0.0898249$ & $-0.301748$ & $-0.201294$ & $-0.214832$ & $-0.127539$ & $0.0154147$ & $0.032392$ & $-0.564143$ & $-0.575603$ & $-0.5675$ & $-0.675227$ & $0.198956$ & $0.00653304$ & $1$ & $-0.176074$ & $-0.186909$ & $0.0101277$ & $-0.0291883$ & $-0.0137604$ & $0.036642$ & $-0.0185135$ & $-0.261148$ & $-0.0227217$ & $0.0126073$ & $-0.0563342$ & $-0.0106805$ & $-0.0106812$ & $0.0225799$ & $-0.0141033$ & $0.0232193$ & $-0.0156586$ & $0.0297844$ & $-0.00457471$ & $0.0160047$ & $0.0247427$ & $-0.0233775$ & $0.0362347$ \\
CHd_11 & $0.0332683$ & $-0.0119695$ & $0.0519765$ & $-0.0379093$ & $-0.0486725$ & $-0.0931722$ & $-0.0510274$ & $0.416291$ & $0.412508$ & $-0.233349$ & $-0.288024$ & $-0.205435$ & $0.11929$ & $-0.0967772$ & $-0.405531$ & $-0.376244$ & $-0.145328$ & $0.0118398$ & $0.0060403$ & $0.212349$ & $0.36655$ & $0.363535$ & $0.331507$ & $-0.41979$ & $0.211474$ & $-0.176074$ & $1$ & $0.105366$ & $0.0212417$ & $0.0218333$ & $0.0406284$ & $-0.0566272$ & $0.0166285$ & $0.693472$ & $-0.0231179$ & $-0.0612714$ & $0.0203812$ & $-0.0181424$ & $0.0489393$ & $-0.0119914$ & $-0.0230361$ & $-0.0587666$ & $0.0115004$ & $0.00838307$ & $-0.0404041$ & $0.0101678$ & $-0.0129303$ & $0.0149438$ & $-0.0398992$ \\
CHd_33 & $0.031147$ & $-0.0387862$ & $-0.00536197$ & $-0.0453035$ & $0.0125022$ & $-0.0554639$ & $-0.0239884$ & $0.312264$ & $0.305213$ & $-0.130489$ & $-0.344777$ & $-0.126738$ & $0.0737806$ & $0.16341$ & $0.13794$ & $0.151839$ & $0.074256$ & $-0.0258829$ & $-0.0379184$ & $0.342124$ & $0.342507$ & $0.337641$ & $-0.0103424$ & $-0.0199459$ & $-0.00938163$ & $-0.186909$ & $0.105366$ & $1$ & $-0.0166277$ & $0.0337353$ & $-0.0232707$ & $-0.0199603$ & $6.94323e-05$ & $0.147089$ & $0.0288877$ & $-0.0347101$ & $0.0440282$ & $0.0062538$ & $-0.00384645$ & $-0.01289$ & $0.0107678$ & $-0.0266493$ & $-0.0158374$ & $-0.0549813$ & $-0.0378701$ & $-0.0354623$ & $-0.0143092$ & $0.0108374$ & $-0.0470513$ \\
CeH_22r & $-0.00556576$ & $0.0105867$ & $0.015682$ & $0.00134838$ & $0.0115598$ & $0.0328504$ & $0.0238469$ & $-0.00205183$ & $0.00158667$ & $-0.0168171$ & $0.0199596$ & $-0.0120902$ & $0.0522163$ & $-0.0319158$ & $-0.017385$ & $-0.00471295$ & $-0.0336225$ & $-0.0224062$ & $-0.0294558$ & $-0.0222439$ & $-0.0174771$ & $-0.0162557$ & $0.0243471$ & $-0.0121812$ & $-0.0195575$ & $0.0101277$ & $0.0212417$ & $-0.0166277$ & $1$ & $0.047589$ & $0.0488581$ & $0.00774062$ & $0.0721538$ & $0.0127471$ & $0.0185957$ & $-0.0422333$ & $0.0186811$ & $-0.0138591$ & $0.0228457$ & $0.0209118$ & $-0.00607435$ & $-0.0215127$ & $-0.00944194$ & $0.00691129$ & $0.000392164$ & $0.0204554$ & $0.0394058$ & $0.0286256$ & $0.0495953$ \\
CeH_33r & $-0.00896976$ & $0.00767398$ & $-0.0234597$ & $-0.0219242$ & $0.0309655$ & $0.0136394$ & $-0.142623$ & $0.116216$ & $0.133884$ & $-0.113951$ & $-0.0686138$ & $0.0184279$ & $0.27921$ & $-0.0499151$ & $0.0287283$ & $0.04744$ & $-0.103067$ & $-0.106485$ & $-0.11721$ & $0.0688139$ & $0.0718097$ & $0.0780187$ & $-0.0242144$ & $-0.108607$ & $-0.12292$ & $-0.0291883$ & $0.0218333$ & $0.0337353$ & $0.047589$ & $1$ & $0.311564$ & $0.0141898$ & $0.672056$ & $0.0684067$ & $-0.0419628$ & $-0.0560035$ & $-0.215965$ & $-0.00901493$ & $-0.0612159$ & $0.0348499$ & $0.0174088$ & $-0.0128617$ & $-0.00407355$ & $-0.00671917$ & $0.0611221$ & $0.0499732$ & $0.05061$ & $-0.0128774$ & $0.0513923$ \\
CuH_22r & $-0.026894$ & $0.0464679$ & $0.0436251$ & $-0.0571108$ & $-0.00792735$ & $0.000233284$ & $-0.0633314$ & $0.0543102$ & $0.0639993$ & $-0.0673964$ & $-0.0349762$ & $-0.0203166$ & $0.102678$ & $-0.0128251$ & $-0.000244488$ & $0.0100639$ & $-0.0398268$ & $-0.0353927$ & $-0.0413462$ & $0.0342578$ & $0.0413792$ & $0.0371491$ & $-0.0020254$ & $-0.0607966$ & $-0.0277793$ & $-0.0137604$ & $0.0406284$ & $-0.0232707$ & $0.0488581$ & $0.311564$ & $1$ & $0.0246865$ & $0.390859$ & $0.0449668$ & $-0.0941361$ & $-0.00252841$ & $-0.102305$ & $0.0055196$ & $-0.0797755$ & $0.0364014$ & $0.0167139$ & $-0.0163088$ & $-0.00390387$ & $0.00887473$ & $-0.004198$ & $0.102782$ & $0.343169$ & $0.00511288$ & $0.043501$ \\
CuH_33r & $0.0221698$ & $0.0772239$ & $-0.0219799$ & $0.0464695$ & $0.0207546$ & $0.0404714$ & $0.93208$ & $-0.108369$ & $-0.0684405$ & $0.131479$ & $0.0575222$ & $0.254358$ & $-0.275848$ & $0.065499$ & $-0.00682233$ & $-0.0114841$ & $0.0903462$ & $0.0972159$ & $0.103946$ & $-0.0506133$ & $-0.0602023$ & $-0.0598945$ & $-0.00965321$ & $0.120457$ & $0.0970596$ & $0.036642$ & $-0.0566272$ & $-0.0199603$ & $0.00774062$ & $0.0141898$ & $0.0246865$ & $1$ & $0.0262884$ & $-0.0852863$ & $0.0547616$ & $0.00305886$ & $-0.00613847$ & $0.00165694$ & $-0.0136458$ & $0.0289707$ & $-0.0223899$ & $-0.02945$ & $-0.0188051$ & $-0.0614694$ & $-0.0131029$ & $-0.00710883$ & $0.0346302$ & $0.0217399$ & $0.0368674$ \\
CdH_33r & $-0.0479049$ & $0.0767511$ & $-0.00759846$ & $0.0292991$ & $0.00468079$ & $0.0248448$ & $-0.167341$ & $0.121194$ & $0.139923$ & $-0.141412$ & $-0.0622712$ & $0.0196165$ & $0.329516$ & $-0.0683034$ & $0.0514831$ & $0.0535919$ & $-0.134204$ & $-0.144855$ & $-0.143208$ & $0.0665338$ & $0.0642999$ & $0.0693238$ & $-0.0262123$ & $-0.128794$ & $-0.145666$ & $-0.0185135$ & $0.0166285$ & $6.94323e-05$ & $0.0721538$ & $0.672056$ & $0.390859$ & $0.0262884$ & $1$ & $0.0533915$ & $0.0178108$ & $-0.156004$ & $-0.241184$ & $0.00676936$ & $-0.0613206$ & $0.00826293$ & $-0.108534$ & $-0.0384874$ & $-0.0660107$ & $0.0592521$ & $0.0864261$ & $0.0805032$ & $0.0909149$ & $0.142506$ & $0.453868$ \\
CLL_1221 & $0.0355082$ & $0.00215341$ & $0.0756848$ & $-0.020822$ & $-0.0426522$ & $-0.147186$ & $-0.0860818$ & $0.570888$ & $0.563477$ & $-0.359827$ & $-0.387096$ & $-0.296624$ & $0.211023$ & $-0.189607$ & $-0.576888$ & $-0.0848558$ & $-0.222613$ & $0.0494103$ & $-0.323705$ & $0.309716$ & $0.468884$ & $0.468763$ & $0.186122$ & $-0.637463$ & $-0.178448$ & $-0.261148$ & $0.693472$ & $0.147089$ & $0.0127471$ & $0.0684067$ & $0.0449668$ & $-0.0852863$ & $0.0533915$ & $1$ & $0.00293133$ & $-0.0452799$ & $-0.00701742$ & $-0.0255397$ & $-0.0055044$ & $-0.0317996$ & $-0.0168939$ & $-0.0415269$ & $0.0316469$ & $0.00760657$ & $-0.00516181$ & $0.0142083$ & $-0.0278367$ & $0.0131981$ & $-0.0207563$ \\
eHggint & $-0.0498174$ & $-0.0168304$ & $-0.135054$ & $0.153399$ & $0.0315091$ & $0.00509069$ & $-0.0140169$ & $0.0233225$ & $0.0100266$ & $0.0275123$ & $-0.0148904$ & $0.0687436$ & $0.018148$ & $-0.00240888$ & $0.0196991$ & $0.02725$ & $-0.0202145$ & $-0.0253873$ & $-0.035845$ & $0.0147252$ & $0.0124372$ & $0.00868615$ & $0.0198191$ & $-0.0240995$ & $-0.0340376$ & $-0.0227217$ & $-0.0231179$ & $0.0288877$ & $0.0185957$ & $-0.0419628$ & $-0.0941361$ & $0.0547616$ & $0.0178108$ & $0.00293133$ & $1$ & $0.0727745$ & $0.0877916$ & $0.0428883$ & $0.039419$ & $0.0458507$ & $-0.0458779$ & $-0.00875425$ & $0.109524$ & $-0.0441977$ & $-0.106825$ & $0.0205495$ & $-0.149885$ & $0.027949$ & $0.195144$ \\
eHggpar & $-0.0655604$ & $-0.157443$ & $-0.220501$ & $0.0726267$ & $0.0425207$ & $-0.0499562$ & $-0.0311449$ & $-0.0305615$ & $-0.0365323$ & $0.000118005$ & $0.0338845$ & $0.0336924$ & $-0.0305838$ & $-0.0240658$ & $0.0185027$ & $0.00951883$ & $-0.00231865$ & $-0.0164989$ & $-0.0120185$ & $-0.0345977$ & $-0.0415504$ & $-0.0380298$ & $-0.00733198$ & $0.0125889$ & $-0.0190704$ & $0.0126073$ & $-0.0612714$ & $-0.0347101$ & $-0.0422333$ & $-0.0560035$ & $-0.00252841$ & $0.00305886$ & $-0.156004$ & $-0.0452799$ & $0.0727745$ & $1$ & $0.0134476$ & $-0.00385278$ & $-0.0864146$ & $0.0592176$ & $0.118763$ & $0.0269337$ & $0.240402$ & $0.0169652$ & $0.0319498$ & $-0.0894127$ & $0.010426$ & $-0.245176$ & $-0.177883$ \\
eHWWint & $-0.0346743$ & $0.0906443$ & $0.0242152$ & $-0.121148$ & $-0.0199365$ & $0.0052795$ & $0.0325248$ & $0.00878112$ & $-0.00364451$ & $0.0243264$ & $-0.0182472$ & $0.0231403$ & $-0.0171962$ & $0.021601$ & $0.0188232$ & $-0.00444263$ & $0.012313$ & $0.00218228$ & $0.018633$ & $0.0201959$ & $0.0187159$ & $0.0163301$ & $0.0617557$ & $0.00522395$ & $0.0289229$ & $-0.0563342$ & $0.0203812$ & $0.0440282$ & $0.0186811$ & $-0.215965$ & $-0.102305$ & $-0.00613847$ & $-0.241184$ & $-0.00701742$ & $0.0877916$ & $0.0134476$ & $1$ & $0.00157727$ & $0.0955107$ & $0.0155455$ & $0.00572318$ & $-0.00179344$ & $0.0916152$ & $-0.0786575$ & $-0.0684834$ & $-0.058811$ & $-0.0262336$ & $0.131504$ & $-0.112872$ \\
eHWWpar & $0.0170745$ & $0.00232633$ & $-0.0235671$ & $0.0324382$ & $0.0233364$ & $-0.0109069$ & $-0.00722693$ & $0.0125662$ & $0.0115574$ & $-0.0188862$ & $-0.00579542$ & $0.0150997$ & $-0.010411$ & $-0.00358296$ & $0.0410633$ & $0.0156457$ & $-0.0204105$ & $-0.0394768$ & $-0.0163679$ & $0.00842567$ & $0.00181483$ & $0.00412972$ & $0.00416272$ & $-0.00386554$ & $-0.0302307$ & $-0.0106805$ & $-0.0181424$ & $0.0062538$ & $-0.0138591$ & $-0.00901493$ & $0.0055196$ & $0.00165694$ & $0.00676936$ & $-0.0255397$ & $0.0428883$ & $-0.00385278$ & $0.00157727$ & $1$ & $-0.0471543$ & $0.027635$ & $-0.0553052$ & $-0.0186556$ & $-0.0181267$ & $-0.031196$ & $-0.00440665$ & $0.00812135$ & $0.0137195$ & $-0.0072205$ & $0.0502199$ \\
eHZZint & $-0.0324189$ & $-0.0282767$ & $0.133785$ & $0.0681454$ & $-0.0584762$ & $0.023068$ & $-0.0131758$ & $-0.0152568$ & $-0.0193107$ & $0.0465952$ & $-0.00565813$ & $0.0393874$ & $-0.0539113$ & $0.0490425$ & $-0.0153691$ & $-0.0299341$ & $0.0410131$ & $0.0496678$ & $0.0615709$ & $0.00375816$ & $0.00708467$ & $0.00594106$ & $0.0568497$ & $0.033654$ & $0.0762412$ & $-0.0106812$ & $0.0489393$ & $-0.00384645$ & $0.0228457$ & $-0.0612159$ & $-0.0797755$ & $-0.0136458$ & $-0.0613206$ & $-0.0055044$ & $0.039419$ & $-0.0864146$ & $0.0955107$ & $-0.0471543$ & $1$ & $-0.00843746$ & $-0.134974$ & $0.0277854$ & $-0.0609066$ & $-0.0127359$ & $-0.00180753$ & $-0.0188938$ & $-0.0813578$ & $0.117122$ & $-0.0059768$ \\
eHZZpar & $-0.0621817$ & $0.0617685$ & $0.0173261$ & $0.0296643$ & $0.0339701$ & $0.0231374$ & $0.0065853$ & $-0.0254768$ & $-0.0269792$ & $-0.000294106$ & $0.0315191$ & $0.0167671$ & $7.69404e-06$ & $-0.030532$ & $0.0218595$ & $-0.000713772$ & $-0.00588644$ & $-0.0271686$ & $-0.00624835$ & $-0.0281673$ & $-0.0311837$ & $-0.029064$ & $0.00175743$ & $0.0204382$ & $-0.00398728$ & $0.0225799$ & $-0.0119914$ & $-0.01289$ & $0.0209118$ & $0.0348499$ & $0.0364014$ & $0.0289707$ & $0.00826293$ & $-0.0317996$ & $0.0458507$ & $0.0592176$ & $0.0155455$ & $0.027635$ & $-0.00843746$ & $1$ & $0.00753571$ & $-0.0116101$ & $0.0306424$ & $-0.0584432$ & $-0.0503957$ & $0.012901$ & $0.0377248$ & $-0.0237537$ & $-0.0218725$ \\
eHZgaint & $0.110077$ & $-0.0967588$ & $-0.00259065$ & $0.101649$ & $0.0287349$ & $-0.0222314$ & $-0.0113009$ & $-0.00144476$ & $0.00118693$ & $-0.0475749$ & $-0.00900746$ & $-0.0340287$ & $-0.027725$ & $0.0115251$ & $0.0195709$ & $0.0166894$ & $0.0302826$ & $0.00903034$ & $0.00999825$ & $0.00868545$ & $0.00484244$ & $0.00673726$ & $-0.00843225$ & $0.0092943$ & $0.00557967$ & $-0.0141033$ & $-0.0230361$ & $0.0107678$ & $-0.00607435$ & $0.0174088$ & $0.0167139$ & $-0.0223899$ & $-0.108534$ & $-0.0168939$ & $-0.0458779$ & $0.118763$ & $0.00572318$ & $-0.0553052$ & $-0.134974$ & $0.00753571$ & $1$ & $0.0757488$ & $0.0802978$ & $-0.217681$ & $0.0209165$ & $-0.0368795$ & $0.098255$ & $0.00529249$ & $-0.206244$ \\
eHZgapar & $0.0497737$ & $-0.0505866$ & $0.0168689$ & $-0.0129065$ & $-0.0359284$ & $-0.038363$ & $-0.0330421$ & $-0.0343474$ & $-0.0415515$ & $0.0363985$ & $0.0199908$ & $0.0279416$ & $-0.0206637$ & $0.00260669$ & $0.0178943$ & $0.0259432$ & $0.0298846$ & $0.0151708$ & $0.00285341$ & $-0.0168095$ & $-0.0281016$ & $-0.0327869$ & $-0.0212638$ & $0.0235037$ & $0.00167988$ & $0.0232193$ & $-0.0587666$ & $-0.0266493$ & $-0.0215127$ & $-0.0128617$ & $-0.0163088$ & $-0.02945$ & $-0.0384874$ & $-0.0415269$ & $-0.00875425$ & $0.0269337$ & $-0.00179344$ & $-0.0186556$ & $0.0277854$ & $-0.0116101$ & $0.0757488$ & $1$ & $-0.00617322$ & $0.0558843$ & $0.0113104$ & $0.0324541$ & $-0.0087723$ & $-0.00986997$ & $-0.0283606$ \\
eHgagaint & $-0.180021$ & $-0.0281327$ & $-0.144332$ & $0.0457163$ & $0.0280018$ & $0.0159748$ & $-0.0223742$ & $0.00145758$ & $0.0498287$ & $-0.00869383$ & $0.0108728$ & $-0.00724905$ & $0.00485383$ & $-0.030353$ & $-0.0329539$ & $-0.0184021$ & $-0.0135255$ & $-2.4435e-05$ & $-0.0136969$ & $-0.0141281$ & $-0.00752398$ & $-0.00557353$ & $0.0272855$ & $-0.00319876$ & $-0.00743415$ & $-0.0156586$ & $0.0115004$ & $-0.0158374$ & $-0.00944194$ & $-0.00407355$ & $-0.00390387$ & $-0.0188051$ & $-0.0660107$ & $0.0316469$ & $0.109524$ & $0.240402$ & $0.0916152$ & $-0.0181267$ & $-0.0609066$ & $0.0306424$ & $0.0802978$ & $-0.00617322$ & $1$ & $0.0300349$ & $0.15315$ & $0.0921837$ & $0.0477967$ & $0.0019701$ & $-0.0726891$ \\
eHmumuint & $-0.00478709$ & $0.00619619$ & $-0.118207$ & $0.0161285$ & $-0.00255358$ & $0.0209228$ & $-0.0486633$ & $0.00506089$ & $0.0077786$ & $-0.00514922$ & $-0.00551616$ & $-0.021433$ & $0.0209379$ & $-0.00356456$ & $-0.000703097$ & $0.0316013$ & $0.000185811$ & $0.00184503$ & $-0.0240091$ & $0.00624561$ & $0.00264864$ & $-0.0028362$ & $-0.0192977$ & $-0.0113186$ & $0.00444434$ & $0.0297844$ & $0.00838307$ & $-0.0549813$ & $0.00691129$ & $-0.00671917$ & $0.00887473$ & $-0.0614694$ & $0.0592521$ & $0.00760657$ & $-0.0441977$ & $0.0169652$ & $-0.0786575$ & $-0.031196$ & $-0.0127359$ & $-0.0584432$ & $-0.217681$ & $0.0558843$ & $0.0300349$ & $1$ & $0.0120181$ & $0.0766025$ & $0.0135327$ & $-0.0785081$ & $0.126791$ \\
eHtautauint & $-0.075342$ & $-0.0872552$ & $0.0291938$ & $0.179346$ & $-0.0149302$ & $0.00386918$ & $-0.00807998$ & $-0.0329631$ & $-0.0252959$ & $-0.00795717$ & $0.0452004$ & $-0.00098183$ & $-0.00461076$ & $-0.0302886$ & $-0.0307271$ & $-0.006255$ & $-0.0255346$ & $0.00373603$ & $-0.0151994$ & $-0.0442422$ & $-0.0468829$ & $-0.0376351$ & $0.00522051$ & $0.000931509$ & $-0.0199283$ & $-0.00457471$ & $-0.0404041$ & $-0.0378701$ & $0.000392164$ & $0.0611221$ & $-0.004198$ & $-0.0131029$ & $0.0864261$ & $-0.00516181$ & $-0.106825$ & $0.0319498$ & $-0.0684834$ & $-0.00440665$ & $-0.00180753$ & $-0.0503957$ & $0.0209165$ & $0.0113104$ & $0.15315$ & $0.0120181$ & $1$ & $-0.0189077$ & $-0.0232029$ & $0.140486$ & $0.107135$ \\
eHccint & $-0.335403$ & $-0.102047$ & $-0.270925$ & $-0.116487$ & $-0.00926599$ & $-0.0321919$ & $-0.0120054$ & $-0.00541227$ & $0.00343096$ & $0.0371291$ & $-0.000942522$ & $0.00858132$ & $0.0245842$ & $0.00803348$ & $-0.0262065$ & $-0.0177703$ & $0.0223714$ & $0.0327484$ & $0.0296316$ & $-0.00188627$ & $0.00383116$ & $-0.00656618$ & $-0.0245743$ & $0.00740019$ & $0.0539175$ & $0.0160047$ & $0.0101678$ & $-0.0354623$ & $0.0204554$ & $0.0499732$ & $0.102782$ & $-0.00710883$ & $0.0805032$ & $0.0142083$ & $0.0205495$ & $-0.0894127$ & $-0.058811$ & $0.00812135$ & $-0.0188938$ & $0.012901$ & $-0.0368795$ & $0.0324541$ & $0.0921837$ & $0.0766025$ & $-0.0189077$ & $1$ & $0.125903$ & $-0.0259085$ & $0.140023$ \\
eHccpar & $0.0218083$ & $0.109749$ & $0.234831$ & $-0.0368141$ & $-0.0438328$ & $-0.0281734$ & $0.021505$ & $-0.0343149$ & $-0.0329712$ & $0.0383605$ & $0.0427042$ & $0.0446315$ & $0.0114367$ & $-0.0368316$ & $0.0110881$ & $-0.0269498$ & $-0.0118742$ & $-0.0226247$ & $0.000748917$ & $-0.0360201$ & $-0.0385483$ & $-0.0464209$ & $0.0176691$ & $-0.0136381$ & $-0.00356062$ & $0.0247427$ & $-0.0129303$ & $-0.0143092$ & $0.0394058$ & $0.05061$ & $0.343169$ & $0.0346302$ & $0.0909149$ & $-0.0278367$ & $-0.149885$ & $0.010426$ & $-0.0262336$ & $0.0137195$ & $-0.0813578$ & $0.0377248$ & $0.098255$ & $-0.0087723$ & $0.0477967$ & $0.0135327$ & $-0.0232029$ & $0.125903$ & $1$ & $0.0498395$ & $0.0832766$ \\
eHbbint & $-0.101034$ & $0.00114079$ & $0.131807$ & $0.111411$ & $-0.0181041$ & $0.00495968$ & $0.0276645$ & $-0.00139252$ & $0.00802655$ & $-0.00633727$ & $0.00303278$ & $-0.0118663$ & $0.00134804$ & $0.0164838$ & $-0.0231651$ & $-0.00276439$ & $-0.0117233$ & $0.0173854$ & $0.0014013$ & $-0.00297745$ & $-0.00203906$ & $0.0032528$ & $0.0404889$ & $0.00816477$ & $0.0153651$ & $-0.0233775$ & $0.0149438$ & $0.0108374$ & $0.0286256$ & $-0.0128774$ & $0.00511288$ & $0.0217399$ & $0.142506$ & $0.0131981$ & $0.027949$ & $-0.245176$ & $0.131504$ & $-0.0072205$ & $0.117122$ & $-0.0237537$ & $0.00529249$ & $-0.00986997$ & $0.0019701$ & $-0.0785081$ & $0.140486$ & $-0.0259085$ & $0.0498395$ & $1$ & $0.0959258$ \\
eHbbpar & $-0.0995731$ & $0.117546$ & $-0.0414807$ & $0.0579785$ & $0.00821616$ & $0.0259471$ & $0.00679482$ & $-0.0149481$ & $-0.0183391$ & $0.011028$ & $0.0361$ & $0.0348489$ & $0.0158624$ & $-0.0430129$ & $0.00842717$ & $-0.00386446$ & $-0.0551033$ & $-0.0504607$ & $-0.0345029$ & $-0.0321532$ & $-0.0338802$ & $-0.0299326$ & $-0.0209579$ & $-0.0277107$ & $-0.0554692$ & $0.0362347$ & $-0.0398992$ & $-0.0470513$ & $0.0495953$ & $0.0513923$ & $0.043501$ & $0.0368674$ & $0.453868$ & $-0.0207563$ & $0.195144$ & $-0.177883$ & $-0.112872$ & $0.0502199$ & $-0.0059768$ & $-0.0218725$ & $-0.206244$ & $-0.0283606$ & $-0.0726891$ & $0.126791$ & $0.107135$ & $0.140023$ & $0.0832766$ & $0.0959258$ & $1$ \\
