 & AlsMz & dAle5Mz & mtop & mHl & Mz & CW & CHG & CHWB & CHWHB_gaga & CHWHB_gagaorth & CHD & CHbox & CH & CHL1_11 & CHL1_22 & CHL1_33 & CHL3_11 & CHL3_22 & CHL3_33 & CHe_11 & CHe_22 & CHe_33 & CHQ1_11 & CHQ1_33 & CHQ3_11 & CHu_11 & CHd_11 & CHd_33 & CeH_22r & CeH_33r & CuH_22r & CuH_33r & CdH_33r & CLL_1221 & eHggint & eHggpar & eHWWint & eHWWpar & eHZZint & eHZZpar & eHZgaint & eHZgapar & eHgagaint & eHmumuint & eHtautauint & eHccint & eHccpar & eHbbint & eHbbpar \\
AlsMz & $1$ & $0.0521504$ & $-0.24636$ & $-0.0756442$ & $0.00373107$ & $-0.0124079$ & $0.0244576$ & $-0.0112277$ & $-0.0150743$ & $-0.00233208$ & $-0.00409958$ & $-0.014233$ & $-0.0157613$ & $0.00330112$ & $0.0179276$ & $0.00273637$ & $0.0198673$ & $0.00268296$ & $0.0140026$ & $0.000392043$ & $-0.00426744$ & $-0.00306533$ & $0.00494735$ & $-0.027114$ & $-0.0646301$ & $-0.0331135$ & $-0.0294952$ & $-0.00011939$ & $0.0048779$ & $-0.00896028$ & $-0.0264144$ & $0.0241673$ & $0.021089$ & $-0.0184198$ & $-0.0576816$ & $0.133696$ & $0.00831137$ & $0.0252903$ & $0.161396$ & $0.0415983$ & $0.257$ & $0.081403$ & $-0.0953242$ & $0.165744$ & $-0.126206$ & $-0.0718095$ & $-0.0721949$ & $-0.0388824$ & $0.067401$ \\
dAle5Mz & $0.0521504$ & $1$ & $0.0375529$ & $-0.0756706$ & $-0.00151232$ & $-0.00547295$ & $-0.0298017$ & $-0.0713419$ & $-0.0754925$ & $0.033951$ & $0.0474091$ & $0.027249$ & $-0.000440277$ & $-0.0106914$ & $0.0077031$ & $0.00674947$ & $0.0349303$ & $0.0147607$ & $0.015418$ & $-0.023251$ & $-0.0275856$ & $-0.0284988$ & $-0.0124202$ & $0.0285175$ & $0.010301$ & $0.0172705$ & $-0.0339424$ & $-0.00584603$ & $-0.00865773$ & $0.00598756$ & $0.036097$ & $-0.0202004$ & $0.222179$ & $-0.00219587$ & $0.13569$ & $0.0767532$ & $0.102387$ & $0.0689525$ & $0.203744$ & $0.0550331$ & $0.14675$ & $0.0652772$ & $-0.0509256$ & $0.0651119$ & $0.392631$ & $-0.0497646$ & $0.162255$ & $-0.0286939$ & $0.520429$ \\
mtop & $-0.24636$ & $0.0375529$ & $1$ & $-0.133245$ & $-0.000657715$ & $-3.29054e-06$ & $-0.028065$ & $0.00294979$ & $0.00974157$ & $-0.00610469$ & $0.00717713$ & $-0.00727297$ & $-0.00496607$ & $-0.00854853$ & $0.002616$ & $-0.00588683$ & $-0.00417564$ & $-0.0104289$ & $-0.00383158$ & $-0.000876002$ & $0.00170245$ & $2.27363e-08$ & $-0.00792012$ & $0.00655342$ & $0.0158794$ & $0.0153304$ & $0.0122919$ & $0.00676231$ & $-0.000392615$ & $-0.0293404$ & $-0.0175449$ & $-0.0362125$ & $-0.0127575$ & $0.00409433$ & $0.0453078$ & $-0.0994111$ & $0.169853$ & $-0.0117998$ & $-0.0580166$ & $0.0244715$ & $0.0718695$ & $-0.056741$ & $0.154063$ & $-0.279132$ & $-0.0513969$ & $0.226965$ & $-0.0669557$ & $-0.0175322$ & $0.035596$ \\
mHl & $-0.0756442$ & $-0.0756706$ & $-0.133245$ & $1$ & $0.0189196$ & $0.0172049$ & $-0.019153$ & $0.0042169$ & $0.00776123$ & $-0.00720894$ & $-0.00183763$ & $0.0131425$ & $0.019824$ & $0.0011581$ & $0.00201832$ & $0.0079645$ & $-0.00966395$ & $-0.00320713$ & $-0.00855019$ & $0.00201966$ & $-0.000536228$ & $-0.00269106$ & $0.0140173$ & $0.0029986$ & $-0.00311412$ & $-0.00584574$ & $-0.0056435$ & $0.00431075$ & $-0.00876865$ & $0.0320692$ & $-0.0360469$ & $-0.0130488$ & $-0.0341379$ & $-0.00527383$ & $-0.00608453$ & $0.0575251$ & $-0.15673$ & $0.00495349$ & $0.0613222$ & $-0.0157527$ & $0.0592751$ & $0.0348934$ & $0.0516436$ & $0.109171$ & $0.147611$ & $-0.267646$ & $-0.14423$ & $-0.0121372$ & $-0.113632$ \\
Mz & $0.00373107$ & $-0.00151232$ & $-0.000657715$ & $0.0189196$ & $1$ & $-0.00198567$ & $0.00854054$ & $-0.0147364$ & $-0.0146404$ & $0.00202347$ & $0.0239296$ & $-0.00197627$ & $-0.00670369$ & $-0.00521687$ & $0.00382831$ & $0.00332517$ & $-0.00444908$ & $-0.00479088$ & $-0.00439398$ & $-0.015408$ & $-0.0163793$ & $-0.0144282$ & $-0.00977067$ & $0.00403416$ & $-0.00258373$ & $0.0122752$ & $-0.0122216$ & $-0.016021$ & $-0.00490883$ & $0.00453503$ & $0.00164203$ & $0.00985598$ & $0.00688134$ & $-0.0162768$ & $-0.00456821$ & $-0.00344028$ & $0.0116623$ & $0.0028334$ & $-0.0162714$ & $0.00106138$ & $0.00219828$ & $0.00930222$ & $-0.00259127$ & $-0.0119741$ & $-0.00109988$ & $-9.59579e-05$ & $-0.00254751$ & $0.00217251$ & $0.00662345$ \\
CW & $-0.0124079$ & $-0.00547295$ & $-3.29054e-06$ & $0.0172049$ & $-0.00198567$ & $1$ & $0.0118967$ & $-0.12187$ & $-0.115533$ & $0.0145876$ & $0.17701$ & $0.0415426$ & $0.00386404$ & $0.0271504$ & $-0.0766501$ & $-0.0686495$ & $-0.249172$ & $-0.0413637$ & $-0.0478494$ & $-0.174178$ & $-0.18045$ & $-0.180026$ & $-0.0194644$ & $0.00728951$ & $-0.0811251$ & $0.110067$ & $-0.0812702$ & $-0.0611469$ & $0.00233299$ & $0.00284901$ & $0.00580528$ & $0.0110679$ & $-0.00499604$ & $-0.119671$ & $0.00575083$ & $-0.0071353$ & $-0.00659978$ & $0.00400976$ & $-0.0105627$ & $-0.00547129$ & $-0.00705407$ & $0.0038221$ & $0.0154368$ & $-0.00742103$ & $-0.00244797$ & $-0.00545769$ & $0.00476554$ & $-0.00411661$ & $-0.00282662$ \\
CHG & $0.0244576$ & $-0.0298017$ & $-0.028065$ & $-0.019153$ & $0.00854054$ & $0.0118967$ & $1$ & $-0.113212$ & $-0.0660768$ & $0.0806519$ & $0.0663456$ & $-0.221734$ & $-0.305813$ & $0.0652623$ & $-0.0287755$ & $-0.0377958$ & $0.0916761$ & $0.109033$ & $0.116038$ & $-0.0662784$ & $-0.0699768$ & $-0.0698756$ & $-0.0179259$ & $0.116618$ & $0.103835$ & $0.0433996$ & $-0.0442479$ & $-0.016963$ & $0.0193113$ & $-0.123987$ & $-0.0850642$ & $0.933388$ & $-0.169365$ & $-0.0717264$ & $-0.0274503$ & $-0.0517938$ & $-0.0172097$ & $-0.00920819$ & $0.0251113$ & $-0.000443274$ & $-0.0289606$ & $-0.00842903$ & $0.00927733$ & $0.0184146$ & $-0.0143215$ & $-0.0522092$ & $-0.0472285$ & $-0.0150899$ & $-0.0144635$ \\
CHWB & $-0.0112277$ & $-0.0713419$ & $0.00294979$ & $0.0042169$ & $-0.0147364$ & $-0.12187$ & $-0.113212$ & $1$ & $0.98487$ & $-0.585363$ & $-0.880737$ & $0.0539833$ & $0.367012$ & $0.0916419$ & $0.299757$ & $0.292306$ & $-0.25091$ & $-0.445988$ & $-0.442338$ & $0.851591$ & $0.898182$ & $0.880667$ & $0.06212$ & $-0.679077$ & $-0.41006$ & $-0.506727$ & $0.4278$ & $0.305167$ & $0.0193117$ & $0.109514$ & $0.0499161$ & $-0.108203$ & $0.111932$ & $0.561564$ & $-0.006002$ & $0.00101229$ & $0.000988841$ & $-0.022084$ & $-0.028543$ & $-0.010559$ & $0.00672475$ & $-0.0122382$ & $0.00664614$ & $-0.0167362$ & $-0.044889$ & $-0.00874427$ & $-0.0258224$ & $0.0121333$ & $-0.041919$ \\
CHWHB_gaga & $-0.0150743$ & $-0.0754925$ & $0.00974157$ & $0.00776123$ & $-0.0146404$ & $-0.115533$ & $-0.0660768$ & $0.98487$ & $1$ & $-0.576031$ & $-0.864085$ & $0.0664193$ & $0.362189$ & $0.0844263$ & $0.296117$ & $0.289221$ & $-0.255139$ & $-0.44564$ & $-0.442245$ & $0.835938$ & $0.880998$ & $0.864047$ & $0.0578772$ & $-0.671865$ & $-0.409839$ & $-0.494779$ & $0.419269$ & $0.299278$ & $0.0251534$ & $0.130359$ & $0.0607523$ & $-0.0699162$ & $0.127681$ & $0.5512$ & $-0.015662$ & $-0.0250625$ & $-0.0106057$ & $-0.0241755$ & $-0.0291464$ & $-0.0124115$ & $0.00110158$ & $-0.0162736$ & $0.0669779$ & $-0.0204046$ & $-0.0553245$ & $-0.0188987$ & $-0.030556$ & $0.0203096$ & $-0.0566254$ \\
CHWHB_gagaorth & $-0.00233208$ & $0.033951$ & $-0.00610469$ & $-0.00720894$ & $0.00202347$ & $0.0145876$ & $0.0806519$ & $-0.585363$ & $-0.576031$ & $1$ & $0.368213$ & $0.26112$ & $-0.26843$ & $0.235467$ & $-0.134318$ & $-0.133394$ & $0.448364$ & $0.506021$ & $0.50604$ & $-0.354831$ & $-0.384362$ & $-0.379574$ & $-0.0447504$ & $0.568559$ & $0.494836$ & $0.213157$ & $-0.24054$ & $-0.137171$ & $-0.0114614$ & $-0.133447$ & $-0.0722126$ & $0.0926368$ & $-0.147112$ & $-0.35438$ & $0.0148733$ & $0.00967671$ & $-0.00676115$ & $0.00494546$ & $0.0126815$ & $0.00720959$ & $-0.0444562$ & $0.00128932$ & $-0.0207417$ & $0.000926373$ & $0.0232668$ & $0.00353667$ & $0.00264467$ & $-0.0165533$ & $0.0141041$ \\
CHD & $-0.00409958$ & $0.0474091$ & $0.00717713$ & $-0.00183763$ & $0.0239296$ & $0.17701$ & $0.0663456$ & $-0.880737$ & $-0.864085$ & $0.368213$ & $1$ & $0.0908381$ & $-0.184394$ & $-0.505536$ & $-0.425139$ & $-0.414994$ & $-0.202167$ & $0.0851912$ & $0.0798929$ & $-0.990243$ & $-0.991156$ & $-0.970045$ & $-0.00723975$ & $0.319442$ & $0.0351046$ & $0.564291$ & $-0.292432$ & $-0.336154$ & $-0.00626388$ & $-0.0591939$ & $-0.0238291$ & $0.0732381$ & $-0.0623761$ & $-0.364534$ & $0.0114661$ & $0.0029045$ & $-0.0049858$ & $0.0220935$ & $0.0106161$ & $0.00682258$ & $-0.00175383$ & $0.00664847$ & $0.00272854$ & $0.0125389$ & $0.0312365$ & $0.0130713$ & $0.0233777$ & $-0.00543528$ & $0.0245202$ \\
CHbox & $-0.014233$ & $0.027249$ & $-0.00727297$ & $0.0131425$ & $-0.00197627$ & $0.0415426$ & $-0.221734$ & $0.0539833$ & $0.0664193$ & $0.26112$ & $0.0908381$ & $1$ & $0.71069$ & $-0.288675$ & $0.0207365$ & $0.0224326$ & $-0.300054$ & $-0.282793$ & $-0.283595$ & $-0.0777903$ & $-0.0893629$ & $-0.0859468$ & $0.0049339$ & $-0.187276$ & $-0.273131$ & $0.0515248$ & $-0.0120786$ & $-0.0301409$ & $0.0542151$ & $0.33105$ & $0.111726$ & $-0.132258$ & $0.385436$ & $0.021727$ & $0.0723417$ & $0.064984$ & $-0.0152594$ & $-0.000842868$ & $-0.0207714$ & $-0.000309592$ & $0.00140769$ & $0.00195508$ & $-0.011979$ & $-0.00928794$ & $0.00384718$ & $-0.017213$ & $0.00391435$ & $-0.000299177$ & $-0.0121591$ \\
CH & $-0.0157613$ & $-0.000440277$ & $-0.00496607$ & $0.019824$ & $-0.00670369$ & $0.00386404$ & $-0.305813$ & $0.367012$ & $0.362189$ & $-0.26843$ & $-0.184394$ & $0.71069$ & $1$ & $-0.252565$ & $0.0799416$ & $0.0816309$ & $-0.37101$ & $-0.4007$ & $-0.4016$ & $0.18039$ & $0.19586$ & $0.193401$ & $0.0362269$ & $-0.407844$ & $-0.386578$ & $-0.109831$ & $0.150965$ & $0.0667187$ & $0.0479808$ & $0.275401$ & $0.11582$ & $-0.253436$ & $0.326551$ & $0.228053$ & $0.0408012$ & $0.0484321$ & $-0.00627895$ & $-0.00195844$ & $-0.0264263$ & $-0.00963053$ & $0.0242362$ & $-0.00168888$ & $0.00339981$ & $-0.0121413$ & $-0.0146187$ & $-0.0214744$ & $-0.00493221$ & $0.0125854$ & $-0.0255584$ \\
CHL1_11 & $0.00330112$ & $-0.0106914$ & $-0.00854853$ & $0.0011581$ & $-0.00521687$ & $0.0271504$ & $0.0652623$ & $0.0916419$ & $0.0844263$ & $0.235467$ & $-0.505536$ & $-0.288675$ & $-0.252565$ & $1$ & $0.276149$ & $0.266827$ & $0.660874$ & $0.590164$ & $0.595332$ & $0.524372$ & $0.465084$ & $0.450299$ & $-0.079659$ & $0.467986$ & $0.595229$ & $-0.272131$ & $-0.107121$ & $0.153213$ & $-0.0220099$ & $-0.070075$ & $-0.0359592$ & $0.0400246$ & $-0.0753871$ & $-0.222229$ & $-0.0216104$ & $-0.015566$ & $0.00619778$ & $-0.0124356$ & $0.0155314$ & $0.000796226$ & $-0.0223677$ & $0.000595301$ & $-0.00919199$ & $-0.00634574$ & $0.00155748$ & $-0.00302446$ & $-0.0105905$ & $-0.00649642$ & $0.00418285$ \\
CHL1_22 & $0.0179276$ & $0.0077031$ & $0.002616$ & $0.00201832$ & $0.00382831$ & $-0.0766501$ & $-0.0287755$ & $0.299757$ & $0.296117$ & $-0.134318$ & $-0.425139$ & $0.0207365$ & $0.0799416$ & $0.276149$ & $1$ & $0.449566$ & $0.161752$ & $-0.452615$ & $-0.0346189$ & $0.491987$ & $0.341524$ & $0.331217$ & $-0.176151$ & $0.105157$ & $-0.139838$ & $-0.198997$ & $-0.393393$ & $0.120025$ & $0.0100908$ & $0.0383877$ & $0.0184043$ & $-0.0261756$ & $0.0481781$ & $-0.591618$ & $-0.000581937$ & $-0.00540455$ & $0.0181594$ & $0.00133393$ & $0.0106012$ & $0.00476621$ & $0.016432$ & $0.00135987$ & $0.00908691$ & $0.00103877$ & $0.000668753$ & $-0.00606817$ & $0.00725674$ & $-0.00868287$ & $0.0075363$ \\
CHL1_33 & $0.00273637$ & $0.00674947$ & $-0.00588683$ & $0.0079645$ & $0.00332517$ & $-0.0686495$ & $-0.0377958$ & $0.292306$ & $0.289221$ & $-0.133394$ & $-0.414994$ & $0.0224326$ & $0.0816309$ & $0.266827$ & $0.449566$ & $1$ & $0.160302$ & $-0.0331362$ & $-0.434558$ & $0.481163$ & $0.334668$ & $0.351926$ & $-0.177386$ & $0.105678$ & $-0.136456$ & $-0.190457$ & $-0.38733$ & $0.118855$ & $0.00224607$ & $0.039208$ & $0.0140071$ & $-0.0352066$ & $0.0435968$ & $-0.104885$ & $0.00101721$ & $-0.00165332$ & $-0.00198121$ & $-0.00577543$ & $0.0101751$ & $0.000694561$ & $0.00159882$ & $0.00858736$ & $0.00804503$ & $-0.00090771$ & $0.00898857$ & $-0.0105657$ & $0.00102156$ & $-0.0089779$ & $-0.00466227$ \\
CHL3_11 & $0.0198673$ & $0.0349303$ & $-0.00417564$ & $-0.00966395$ & $-0.00444908$ & $-0.249172$ & $0.0916761$ & $-0.25091$ & $-0.255139$ & $0.448364$ & $-0.202167$ & $-0.300054$ & $-0.37101$ & $0.660874$ & $0.161752$ & $0.160302$ & $1$ & $0.73515$ & $0.736642$ & $0.225022$ & $0.169274$ & $0.163483$ & $-0.07195$ & $0.678514$ & $0.77655$ & $-0.103575$ & $-0.170733$ & $0.0566803$ & $-0.0253621$ & $-0.10457$ & $-0.0548478$ & $0.0677376$ & $-0.106742$ & $-0.259157$ & $-0.00887443$ & $-0.00873101$ & $0.00688131$ & $0.00118655$ & $0.0304679$ & $0.00631257$ & $-0.00961571$ & $0.00883668$ & $-0.0200829$ & $0.00373831$ & $0.0199789$ & $-0.00312279$ & $0.00166124$ & $-0.0116929$ & $0.0283465$ \\
CHL3_22 & $0.00268296$ & $0.0147607$ & $-0.0104289$ & $-0.00320713$ & $-0.00479088$ & $-0.0413637$ & $0.109033$ & $-0.445988$ & $-0.44564$ & $0.506021$ & $0.0851912$ & $-0.282793$ & $-0.4007$ & $0.590164$ & $-0.452615$ & $-0.0331362$ & $0.73515$ & $1$ & $0.677519$ & $-0.0883539$ & $-0.0799942$ & $-0.0770734$ & $0.00812502$ & $0.621748$ & $0.79552$ & $0.0398784$ & $-0.0152537$ & $-0.0311193$ & $-0.0317855$ & $-0.121786$ & $-0.0631611$ & $0.0846247$ & $-0.133088$ & $0.027162$ & $-0.0124475$ & $-0.00898198$ & $-0.00660169$ & $-0.00337376$ & $0.0190402$ & $0.00189511$ & $-0.0266572$ & $0.00736642$ & $-0.019137$ & $0.00112022$ & $0.0177778$ & $0.000251133$ & $-0.00486355$ & $-0.00646625$ & $0.013564$ \\
CHL3_33 & $0.0140026$ & $0.015418$ & $-0.00383158$ & $-0.00855019$ & $-0.00439398$ & $-0.0478494$ & $0.116038$ & $-0.442338$ & $-0.442245$ & $0.50604$ & $0.0798929$ & $-0.283595$ & $-0.4016$ & $0.595332$ & $-0.0346189$ & $-0.434558$ & $0.736642$ & $0.677519$ & $1$ & $-0.0828945$ & $-0.0755907$ & $-0.0726381$ & $0.0120847$ & $0.62158$ & $0.798651$ & $0.0349837$ & $-0.0124534$ & $-0.0315047$ & $-0.0259734$ & $-0.121608$ & $-0.060434$ & $0.0919131$ & $-0.129102$ & $-0.347125$ & $-0.0143133$ & $-0.0107354$ & $0.00625553$ & $0.00506853$ & $0.0239763$ & $0.00595305$ & $-0.016314$ & $0.00113953$ & $-0.0174437$ & $0.0014074$ & $0.0108592$ & $0.00375047$ & $0.000420165$ & $-0.00869766$ & $0.0231144$ \\
CHe_11 & $0.000392043$ & $-0.023251$ & $-0.000876002$ & $0.00201966$ & $-0.015408$ & $-0.174178$ & $-0.0662784$ & $0.851591$ & $0.835938$ & $-0.354831$ & $-0.990243$ & $-0.0777903$ & $0.18039$ & $0.524372$ & $0.491987$ & $0.481163$ & $0.225022$ & $-0.0883539$ & $-0.0828945$ & $1$ & $0.972385$ & $0.952036$ & $-0.0192$ & $-0.26476$ & $-0.029832$ & $-0.553788$ & $0.21547$ & $0.330044$ & $0.0061157$ & $0.0596247$ & $0.0239925$ & $-0.072094$ & $0.0676721$ & $0.284083$ & $-0.00684549$ & $-0.00324578$ & $0.00812373$ & $-0.0202675$ & $-0.00568224$ & $-0.00516865$ & $0.0049618$ & $-0.00434021$ & $-0.00107696$ & $-0.0132999$ & $-0.0198539$ & $-0.0137467$ & $-0.018556$ & $0.00335114$ & $-0.0134295$ \\
CHe_22 & $-0.00426744$ & $-0.0275856$ & $0.00170245$ & $-0.000536228$ & $-0.0163793$ & $-0.18045$ & $-0.0699768$ & $0.898182$ & $0.880998$ & $-0.384362$ & $-0.991156$ & $-0.0893629$ & $0.19586$ & $0.465084$ & $0.341524$ & $0.334668$ & $0.169274$ & $-0.0799942$ & $-0.0755907$ & $0.972385$ & $1$ & $0.975208$ & $0.0358482$ & $-0.375556$ & $-0.0403952$ & $-0.566703$ & $0.373331$ & $0.337372$ & $0.00627084$ & $0.0605037$ & $0.025437$ & $-0.0766466$ & $0.0683006$ & $0.451138$ & $-0.00737827$ & $-0.00145399$ & $0.00742123$ & $-0.0217092$ & $-0.00939326$ & $-0.00649307$ & $0.00354871$ & $-0.00704269$ & $-0.00338368$ & $-0.0148648$ & $-0.0243753$ & $-0.0124087$ & $-0.0215216$ & $0.00626683$ & $-0.014087$ \\
CHe_33 & $-0.00306533$ & $-0.0284988$ & $2.27363e-08$ & $-0.00269106$ & $-0.0144282$ & $-0.180026$ & $-0.0698756$ & $0.880667$ & $0.864047$ & $-0.379574$ & $-0.970045$ & $-0.0859468$ & $0.193401$ & $0.450299$ & $0.331217$ & $0.351926$ & $0.163483$ & $-0.0770734$ & $-0.0726381$ & $0.952036$ & $0.975208$ & $1$ & $0.0344003$ & $-0.36845$ & $-0.0395091$ & $-0.552442$ & $0.368969$ & $0.329965$ & $0.00619646$ & $0.0615011$ & $0.0257265$ & $-0.0758027$ & $0.0686235$ & $0.448205$ & $-0.010344$ & $-0.00115207$ & $0.00433835$ & $-0.0201774$ & $-0.00789667$ & $-0.00636193$ & $0.00132782$ & $-0.00667727$ & $-0.00364332$ & $-0.0146837$ & $-0.0253443$ & $-0.0105269$ & $-0.0195006$ & $0.0059663$ & $-0.0144367$ \\
CHQ1_11 & $0.00494735$ & $-0.0124202$ & $-0.00792012$ & $0.0140173$ & $-0.00977067$ & $-0.0194644$ & $-0.0179259$ & $0.06212$ & $0.0578772$ & $-0.0447504$ & $-0.00723975$ & $0.0049339$ & $0.0362269$ & $-0.079659$ & $-0.176151$ & $-0.177386$ & $-0.07195$ & $0.00812502$ & $0.0120847$ & $-0.0192$ & $0.0358482$ & $0.0344003$ & $1$ & $-0.137366$ & $0.0776958$ & $-0.674341$ & $0.341023$ & $0.0028428$ & $-0.0140413$ & $0.00476396$ & $0.000919255$ & $-0.0157352$ & $-0.00158436$ & $0.200241$ & $-0.000224847$ & $0.00312625$ & $-0.0123223$ & $0.00134667$ & $0.00316437$ & $-0.00451248$ & $-0.00821978$ & $-0.00402668$ & $-0.0117691$ & $-0.00765362$ & $-0.0110044$ & $-0.0214824$ & $-0.0197078$ & $-0.00704229$ & $-0.0141397$ \\
CHQ1_33 & $-0.027114$ & $0.0285175$ & $0.00655342$ & $0.0029986$ & $0.00403416$ & $0.00728951$ & $0.116618$ & $-0.679077$ & $-0.671865$ & $0.568559$ & $0.319442$ & $-0.187276$ & $-0.407844$ & $0.467986$ & $0.105157$ & $0.105678$ & $0.678514$ & $0.621748$ & $0.62158$ & $-0.26476$ & $-0.375556$ & $-0.36845$ & $-0.137366$ & $1$ & $0.639835$ & $0.20891$ & $-0.433183$ & $-0.0331907$ & $-0.0270725$ & $-0.112625$ & $-0.0565395$ & $0.101063$ & $-0.124913$ & $-0.63641$ & $0.000378751$ & $-0.0161408$ & $-0.00405698$ & $0.0105819$ & $0.0268617$ & $0.0092697$ & $-0.0303481$ & $0.00613417$ & $-0.00776581$ & $-0.00409037$ & $0.0342848$ & $0.0100697$ & $0.00940982$ & $-0.0158899$ & $0.0162486$ \\
CHQ3_11 & $-0.0646301$ & $0.010301$ & $0.0158794$ & $-0.00311412$ & $-0.00258373$ & $-0.0811251$ & $0.103835$ & $-0.41006$ & $-0.409839$ & $0.494836$ & $0.0351046$ & $-0.273131$ & $-0.386578$ & $0.595229$ & $-0.139838$ & $-0.136456$ & $0.77655$ & $0.79552$ & $0.798651$ & $-0.029832$ & $-0.0403952$ & $-0.0395091$ & $0.0776958$ & $0.639835$ & $1$ & $0.0235823$ & $0.199164$ & $-0.0203374$ & $-0.0293158$ & $-0.116209$ & $-0.0580232$ & $0.0799642$ & $-0.124741$ & $-0.203375$ & $-0.00713611$ & $-0.0197486$ & $0.00148731$ & $-0.00770418$ & $0.00929514$ & $4.90141e-05$ & $-0.0445994$ & $-0.000181568$ & $-0.0103052$ & $-0.0204615$ & $0.0221854$ & $0.00283734$ & $-0.00434598$ & $-0.00219195$ & $0.0112876$ \\
CHu_11 & $-0.0331135$ & $0.0172705$ & $0.0153304$ & $-0.00584574$ & $0.0122752$ & $0.110067$ & $0.0433996$ & $-0.506727$ & $-0.494779$ & $0.213157$ & $0.564291$ & $0.0515248$ & $-0.109831$ & $-0.272131$ & $-0.198997$ & $-0.190457$ & $-0.103575$ & $0.0398784$ & $0.0349837$ & $-0.553788$ & $-0.566703$ & $-0.552442$ & $-0.674341$ & $0.20891$ & $0.0235823$ & $1$ & $-0.17468$ & $-0.183897$ & $0.00803893$ & $-0.0307886$ & $-0.0131457$ & $0.0457574$ & $-0.0301645$ & $-0.249342$ & $0.00771818$ & $-0.00442525$ & $0.00174116$ & $0.00932463$ & $-0.00398824$ & $0.00480612$ & $-0.00471202$ & $0.00330823$ & $0.0123786$ & $0.00321759$ & $0.0212914$ & $0.0200572$ & $0.0205563$ & $0.0118189$ & $0.0132563$ \\
CHd_11 & $-0.0294952$ & $-0.0339424$ & $0.0122919$ & $-0.0056435$ & $-0.0122216$ & $-0.0812702$ & $-0.0442479$ & $0.4278$ & $0.419269$ & $-0.24054$ & $-0.292432$ & $-0.0120786$ & $0.150965$ & $-0.107121$ & $-0.393393$ & $-0.38733$ & $-0.170733$ & $-0.0152537$ & $-0.0124534$ & $0.21547$ & $0.373331$ & $0.368969$ & $0.341023$ & $-0.433183$ & $0.199164$ & $-0.17468$ & $1$ & $0.10651$ & $0.00203741$ & $0.0333453$ & $0.0144064$ & $-0.0455784$ & $0.0340947$ & $0.685805$ & $0.00170855$ & $0.00303503$ & $-0.0058447$ & $-0.0180058$ & $-0.0205196$ & $-0.00876577$ & $-0.0147028$ & $-0.011477$ & $-0.00599734$ & $-0.0268315$ & $-0.0254758$ & $-0.00455683$ & $-0.0306469$ & $0.0174069$ & $-0.0219236$ \\
CHd_33 & $-0.00011939$ & $-0.00584603$ & $0.00676231$ & $0.00431075$ & $-0.016021$ & $-0.0611469$ & $-0.016963$ & $0.305167$ & $0.299278$ & $-0.137171$ & $-0.336154$ & $-0.0301409$ & $0.0667187$ & $0.153213$ & $0.120025$ & $0.118855$ & $0.0566803$ & $-0.0311193$ & $-0.0315047$ & $0.330044$ & $0.337372$ & $0.329965$ & $0.0028428$ & $-0.0331907$ & $-0.0203374$ & $-0.183897$ & $0.10651$ & $1$ & $-0.00109329$ & $0.0229998$ & $0.00474307$ & $-0.0188436$ & $0.0247725$ & $0.151669$ & $0.0056981$ & $-0.00680401$ & $-0.00122904$ & $-0.00354256$ & $-0.00616361$ & $-6.4269e-05$ & $0.0101595$ & $-0.00395681$ & $-0.00943138$ & $-0.0162656$ & $-0.00163678$ & $-0.00568785$ & $-0.00496221$ & $-0.00118842$ & $-0.00340694$ \\
CeH_22r & $0.0048779$ & $-0.00865773$ & $-0.000392615$ & $-0.00876865$ & $-0.00490883$ & $0.00233299$ & $0.0193113$ & $0.0193117$ & $0.0251534$ & $-0.0114614$ & $-0.00626388$ & $0.0542151$ & $0.0479808$ & $-0.0220099$ & $0.0100908$ & $0.00224607$ & $-0.0253621$ & $-0.0317855$ & $-0.0259734$ & $0.0061157$ & $0.00627084$ & $0.00619646$ & $-0.0140413$ & $-0.0270725$ & $-0.0293158$ & $0.00803893$ & $0.00203741$ & $-0.00109329$ & $1$ & $0.0452315$ & $0.0332425$ & $0.00696631$ & $0.0469888$ & $0.0067799$ & $-0.0204128$ & $-0.00728894$ & $-0.0084367$ & $0.00245073$ & $-0.0100216$ & $0.00490402$ & $-0.0062859$ & $0.00767604$ & $0.00836512$ & $0.00348007$ & $-0.00263322$ & $0.0112474$ & $0.00322975$ & $0.0115837$ & $0.000620771$ \\
CeH_33r & $-0.00896028$ & $0.00598756$ & $-0.0293404$ & $0.0320692$ & $0.00453503$ & $0.00284901$ & $-0.123987$ & $0.109514$ & $0.130359$ & $-0.133447$ & $-0.0591939$ & $0.33105$ & $0.275401$ & $-0.070075$ & $0.0383877$ & $0.039208$ & $-0.10457$ & $-0.121786$ & $-0.121608$ & $0.0596247$ & $0.0605037$ & $0.0615011$ & $0.00476396$ & $-0.112625$ & $-0.116209$ & $-0.0307886$ & $0.0333453$ & $0.0229998$ & $0.0452315$ & $1$ & $0.321471$ & $0.0288116$ & $0.649493$ & $0.0565096$ & $-0.0153993$ & $0.00218683$ & $-0.110618$ & $-0.0173423$ & $0.00654735$ & $-0.00670667$ & $-0.020148$ & $0.000223824$ & $0.0180881$ & $0.0072714$ & $0.0417518$ & $-0.0366543$ & $-0.00960488$ & $0.0408553$ & $-0.0351393$ \\
CuH_22r & $-0.0264144$ & $0.036097$ & $-0.0175449$ & $-0.0360469$ & $0.00164203$ & $0.00580528$ & $-0.0850642$ & $0.0499161$ & $0.0607523$ & $-0.0722126$ & $-0.0238291$ & $0.111726$ & $0.11582$ & $-0.0359592$ & $0.0184043$ & $0.0140071$ & $-0.0548478$ & $-0.0631611$ & $-0.060434$ & $0.0239925$ & $0.025437$ & $0.0257265$ & $0.000919255$ & $-0.0565395$ & $-0.0580232$ & $-0.0131457$ & $0.0144064$ & $0.00474307$ & $0.0332425$ & $0.321471$ & $1$ & $0.00721627$ & $0.372732$ & $0.0260167$ & $0.0351001$ & $0.018473$ & $-0.0443585$ & $0.00938247$ & $-0.0113792$ & $-0.00457552$ & $0.0387324$ & $-0.000718704$ & $0.00611379$ & $0.0479736$ & $0.00496876$ & $0.0192569$ & $0.252957$ & $0.0292756$ & $0.0215451$ \\
CuH_33r & $0.0241673$ & $-0.0202004$ & $-0.0362125$ & $-0.0130488$ & $0.00985598$ & $0.0110679$ & $0.933388$ & $-0.108203$ & $-0.0699162$ & $0.0926368$ & $0.0732381$ & $-0.132258$ & $-0.253436$ & $0.0400246$ & $-0.0261756$ & $-0.0352066$ & $0.0677376$ & $0.0846247$ & $0.0919131$ & $-0.072094$ & $-0.0766466$ & $-0.0758027$ & $-0.0157352$ & $0.101063$ & $0.0799642$ & $0.0457574$ & $-0.0455784$ & $-0.0188436$ & $0.00696631$ & $0.0288116$ & $0.00721627$ & $1$ & $0.00841115$ & $-0.0693395$ & $0.0371416$ & $-0.00241474$ & $-0.0579086$ & $-0.0136805$ & $0.0437785$ & $0.000235385$ & $-0.0277237$ & $-0.00470515$ & $0.0046493$ & $0.0244212$ & $-0.0186849$ & $-0.0704855$ & $-0.037945$ & $-0.0199813$ & $-0.0239812$ \\
CdH_33r & $0.021089$ & $0.222179$ & $-0.0127575$ & $-0.0341379$ & $0.00688134$ & $-0.00499604$ & $-0.169365$ & $0.111932$ & $0.127681$ & $-0.147112$ & $-0.0623761$ & $0.385436$ & $0.326551$ & $-0.0753871$ & $0.0481781$ & $0.0435968$ & $-0.106742$ & $-0.133088$ & $-0.129102$ & $0.0676721$ & $0.0683006$ & $0.0686235$ & $-0.00158436$ & $-0.124913$ & $-0.124741$ & $-0.0301645$ & $0.0340947$ & $0.0247725$ & $0.0469888$ & $0.649493$ & $0.372732$ & $0.00841115$ & $1$ & $0.0632449$ & $-0.149479$ & $0.141671$ & $0.0153466$ & $0.0079863$ & $0.0894287$ & $0.0136238$ & $0.0385518$ & $0.0247029$ & $-0.0650354$ & $0.0661029$ & $0.101788$ & $0.0257367$ & $0.0687803$ & $0.169501$ & $0.425173$ \\
CLL_1221 & $-0.0184198$ & $-0.00219587$ & $0.00409433$ & $-0.00527383$ & $-0.0162768$ & $-0.119671$ & $-0.0717264$ & $0.561564$ & $0.5512$ & $-0.35438$ & $-0.364534$ & $0.021727$ & $0.228053$ & $-0.222229$ & $-0.591618$ & $-0.104885$ & $-0.259157$ & $0.027162$ & $-0.347125$ & $0.284083$ & $0.451138$ & $0.448205$ & $0.200241$ & $-0.63641$ & $-0.203375$ & $-0.249342$ & $0.685805$ & $0.151669$ & $0.0067799$ & $0.0565096$ & $0.0260167$ & $-0.0693395$ & $0.0632449$ & $1$ & $0.00543014$ & $0.010449$ & $-0.00819152$ & $-0.0143384$ & $-0.0191914$ & $-0.00916671$ & $0.00331763$ & $-0.00615769$ & $-0.00710934$ & $-0.00967336$ & $-0.013238$ & $-0.00485096$ & $-0.0176816$ & $0.0146115$ & $-0.0081048$ \\
eHggint & $-0.0576816$ & $0.13569$ & $0.0453078$ & $-0.00608453$ & $-0.00456821$ & $0.00575083$ & $-0.0274503$ & $-0.006002$ & $-0.015662$ & $0.0148733$ & $0.0114661$ & $0.0723417$ & $0.0408012$ & $-0.0216104$ & $-0.000581937$ & $0.00101721$ & $-0.00887443$ & $-0.0124475$ & $-0.0143133$ & $-0.00684549$ & $-0.00737827$ & $-0.010344$ & $-0.000224847$ & $0.000378751$ & $-0.00713611$ & $0.00771818$ & $0.00170855$ & $0.0056981$ & $-0.0204128$ & $-0.0153993$ & $0.0351001$ & $0.0371416$ & $-0.149479$ & $0.00543014$ & $1$ & $0.0932726$ & $-0.148906$ & $-0.0337572$ & $-0.100328$ & $0.00420566$ & $0.151377$ & $0.0828716$ & $0.0328245$ & $-0.13929$ & $-0.0693488$ & $-0.0301803$ & $0.106273$ & $-0.192872$ & $-0.257426$ \\
eHggpar & $0.133696$ & $0.0767532$ & $-0.0994111$ & $0.0575251$ & $-0.00344028$ & $-0.0071353$ & $-0.0517938$ & $0.00101229$ & $-0.0250625$ & $0.00967671$ & $0.0029045$ & $0.064984$ & $0.0484321$ & $-0.015566$ & $-0.00540455$ & $-0.00165332$ & $-0.00873101$ & $-0.00898198$ & $-0.0107354$ & $-0.00324578$ & $-0.00145399$ & $-0.00115207$ & $0.00312625$ & $-0.0161408$ & $-0.0197486$ & $-0.00442525$ & $0.00303503$ & $-0.00680401$ & $-0.00728894$ & $0.00218683$ & $0.018473$ & $-0.00241474$ & $0.141671$ & $0.010449$ & $0.0932726$ & $1$ & $-0.0834256$ & $0.065647$ & $0.199713$ & $0.0315697$ & $0.0259838$ & $0.00953586$ & $-0.291271$ & $0.247769$ & $0.113042$ & $-0.0901511$ & $0.0666218$ & $-0.00445851$ & $0.304959$ \\
eHWWint & $0.00831137$ & $0.102387$ & $0.169853$ & $-0.15673$ & $0.0116623$ & $-0.00659978$ & $-0.0172097$ & $0.000988841$ & $-0.0106057$ & $-0.00676115$ & $-0.0049858$ & $-0.0152594$ & $-0.00627895$ & $0.00619778$ & $0.0181594$ & $-0.00198121$ & $0.00688131$ & $-0.00660169$ & $0.00625553$ & $0.00812373$ & $0.00742123$ & $0.00433835$ & $-0.0123223$ & $-0.00405698$ & $0.00148731$ & $0.00174116$ & $-0.0058447$ & $-0.00122904$ & $-0.0084367$ & $-0.110618$ & $-0.0443585$ & $-0.0579086$ & $0.0153466$ & $-0.00819152$ & $-0.148906$ & $-0.0834256$ & $1$ & $-0.0608873$ & $-0.151913$ & $0.0407827$ & $0.110305$ & $-0.0295865$ & $-0.116821$ & $-0.0665627$ & $0.131846$ & $0.224567$ & $0.026708$ & $-0.166912$ & $0.342143$ \\
eHWWpar & $0.0252903$ & $0.0689525$ & $-0.0117998$ & $0.00495349$ & $0.0028334$ & $0.00400976$ & $-0.00920819$ & $-0.022084$ & $-0.0241755$ & $0.00494546$ & $0.0220935$ & $-0.000842868$ & $-0.00195844$ & $-0.0124356$ & $0.00133393$ & $-0.00577543$ & $0.00118655$ & $-0.00337376$ & $0.00506853$ & $-0.0202675$ & $-0.0217092$ & $-0.0201774$ & $0.00134667$ & $0.0105819$ & $-0.00770418$ & $0.00932463$ & $-0.0180058$ & $-0.00354256$ & $0.00245073$ & $-0.0173423$ & $0.00938247$ & $-0.0136805$ & $0.0079863$ & $-0.0143384$ & $-0.0337572$ & $0.065647$ & $-0.0608873$ & $1$ & $0.0235688$ & $0.0135374$ & $0.06931$ & $-0.00774243$ & $-0.032223$ & $0.0254318$ & $0.0120997$ & $0.0293188$ & $0.0460077$ & $0.00954872$ & $0.0538899$ \\
eHZZint & $0.161396$ & $0.203744$ & $-0.0580166$ & $0.0613222$ & $-0.0162714$ & $-0.0105627$ & $0.0251113$ & $-0.028543$ & $-0.0291464$ & $0.0126815$ & $0.0106161$ & $-0.0207714$ & $-0.0264263$ & $0.0155314$ & $0.0106012$ & $0.0101751$ & $0.0304679$ & $0.0190402$ & $0.0239763$ & $-0.00568224$ & $-0.00939326$ & $-0.00789667$ & $0.00316437$ & $0.0268617$ & $0.00929514$ & $-0.00398824$ & $-0.0205196$ & $-0.00616361$ & $-0.0100216$ & $0.00654735$ & $-0.0113792$ & $0.0437785$ & $0.0894287$ & $-0.0191914$ & $-0.100328$ & $0.199713$ & $-0.151913$ & $0.0235688$ & $1$ & $0.0183811$ & $0.0340475$ & $0.027013$ & $-0.0523661$ & $0.173861$ & $-0.0336529$ & $-0.244687$ & $-0.0354304$ & $-0.0297004$ & $0.178528$ \\
eHZZpar & $0.0415983$ & $0.0550331$ & $0.0244715$ & $-0.0157527$ & $0.00106138$ & $-0.00547129$ & $-0.000443274$ & $-0.010559$ & $-0.0124115$ & $0.00720959$ & $0.00682258$ & $-0.000309592$ & $-0.00963053$ & $0.000796226$ & $0.00476621$ & $0.000694561$ & $0.00631257$ & $0.00189511$ & $0.00595305$ & $-0.00516865$ & $-0.00649307$ & $-0.00636193$ & $-0.00451248$ & $0.0092697$ & $4.90141e-05$ & $0.00480612$ & $-0.00876577$ & $-6.4269e-05$ & $0.00490402$ & $-0.00670667$ & $-0.00457552$ & $0.000235385$ & $0.0136238$ & $-0.00916671$ & $0.00420566$ & $0.0315697$ & $0.0407827$ & $0.0135374$ & $0.0183811$ & $1$ & $0.0398497$ & $0.0159834$ & $-0.0279235$ & $-0.028549$ & $0.0376496$ & $0.024593$ & $0.00638476$ & $-0.0648064$ & $0.0751826$ \\
eHZgaint & $0.257$ & $0.14675$ & $0.0718695$ & $0.0592751$ & $0.00219828$ & $-0.00705407$ & $-0.0289606$ & $0.00672475$ & $0.00110158$ & $-0.0444562$ & $-0.00175383$ & $0.00140769$ & $0.0242362$ & $-0.0223677$ & $0.016432$ & $0.00159882$ & $-0.00961571$ & $-0.0266572$ & $-0.016314$ & $0.0049618$ & $0.00354871$ & $0.00132782$ & $-0.00821978$ & $-0.0303481$ & $-0.0445994$ & $-0.00471202$ & $-0.0147028$ & $0.0101595$ & $-0.0062859$ & $-0.020148$ & $0.0387324$ & $-0.0277237$ & $0.0385518$ & $0.00331763$ & $0.151377$ & $0.0259838$ & $0.110305$ & $0.06931$ & $0.0340475$ & $0.0398497$ & $1$ & $0.0176926$ & $-0.019192$ & $0.00239161$ & $-0.0623651$ & $0.018986$ & $0.150303$ & $-0.0775034$ & $0.135284$ \\
eHZgapar & $0.081403$ & $0.0652772$ & $-0.056741$ & $0.0348934$ & $0.00930222$ & $0.0038221$ & $-0.00842903$ & $-0.0122382$ & $-0.0162736$ & $0.00128932$ & $0.00664847$ & $0.00195508$ & $-0.00168888$ & $0.000595301$ & $0.00135987$ & $0.00858736$ & $0.00883668$ & $0.00736642$ & $0.00113953$ & $-0.00434021$ & $-0.00704269$ & $-0.00667727$ & $-0.00402668$ & $0.00613417$ & $-0.000181568$ & $0.00330823$ & $-0.011477$ & $-0.00395681$ & $0.00767604$ & $0.000223824$ & $-0.000718704$ & $-0.00470515$ & $0.0247029$ & $-0.00615769$ & $0.0828716$ & $0.00953586$ & $-0.0295865$ & $-0.00774243$ & $0.027013$ & $0.0159834$ & $0.0176926$ & $1$ & $-0.0626105$ & $0.030128$ & $0.00690139$ & $0.00962327$ & $-0.00633112$ & $-0.0706667$ & $0.0806183$ \\
eHgagaint & $-0.0953242$ & $-0.0509256$ & $0.154063$ & $0.0516436$ & $-0.00259127$ & $0.0154368$ & $0.00927733$ & $0.00664614$ & $0.0669779$ & $-0.0207417$ & $0.00272854$ & $-0.011979$ & $0.00339981$ & $-0.00919199$ & $0.00908691$ & $0.00804503$ & $-0.0200829$ & $-0.019137$ & $-0.0174437$ & $-0.00107696$ & $-0.00338368$ & $-0.00364332$ & $-0.0117691$ & $-0.00776581$ & $-0.0103052$ & $0.0123786$ & $-0.00599734$ & $-0.00943138$ & $0.00836512$ & $0.0180881$ & $0.00611379$ & $0.0046493$ & $-0.0650354$ & $-0.00710934$ & $0.0328245$ & $-0.291271$ & $-0.116821$ & $-0.032223$ & $-0.0523661$ & $-0.0279235$ & $-0.019192$ & $-0.0626105$ & $1$ & $-0.0782812$ & $-0.190049$ & $-0.146122$ & $-0.00560538$ & $0.0996715$ & $-0.21819$ \\
eHmumuint & $0.165744$ & $0.0651119$ & $-0.279132$ & $0.109171$ & $-0.0119741$ & $-0.00742103$ & $0.0184146$ & $-0.0167362$ & $-0.0204046$ & $0.000926373$ & $0.0125389$ & $-0.00928794$ & $-0.0121413$ & $-0.00634574$ & $0.00103877$ & $-0.00090771$ & $0.00373831$ & $0.00112022$ & $0.0014074$ & $-0.0132999$ & $-0.0148648$ & $-0.0146837$ & $-0.00765362$ & $-0.00409037$ & $-0.0204615$ & $0.00321759$ & $-0.0268315$ & $-0.0162656$ & $0.00348007$ & $0.0072714$ & $0.0479736$ & $0.0244212$ & $0.0661029$ & $-0.00967336$ & $-0.13929$ & $0.247769$ & $-0.0665627$ & $0.0254318$ & $0.173861$ & $-0.028549$ & $0.00239161$ & $0.030128$ & $-0.0782812$ & $1$ & $-0.0191539$ & $-0.0846149$ & $0.190695$ & $0.287667$ & $0.057023$ \\
eHtautauint & $-0.126206$ & $0.392631$ & $-0.0513969$ & $0.147611$ & $-0.00109988$ & $-0.00244797$ & $-0.0143215$ & $-0.044889$ & $-0.0553245$ & $0.0232668$ & $0.0312365$ & $0.00384718$ & $-0.0146187$ & $0.00155748$ & $0.000668753$ & $0.00898857$ & $0.0199789$ & $0.0177778$ & $0.0108592$ & $-0.0198539$ & $-0.0243753$ & $-0.0253443$ & $-0.0110044$ & $0.0342848$ & $0.0221854$ & $0.0212914$ & $-0.0254758$ & $-0.00163678$ & $-0.00263322$ & $0.0417518$ & $0.00496876$ & $-0.0186849$ & $0.101788$ & $-0.013238$ & $-0.0693488$ & $0.113042$ & $0.131846$ & $0.0120997$ & $-0.0336529$ & $0.0376496$ & $-0.0623651$ & $0.00690139$ & $-0.190049$ & $-0.0191539$ & $1$ & $0.0106342$ & $0.0582818$ & $0.0319091$ & $0.255599$ \\
eHccint & $-0.0718095$ & $-0.0497646$ & $0.226965$ & $-0.267646$ & $-9.59579e-05$ & $-0.00545769$ & $-0.0522092$ & $-0.00874427$ & $-0.0188987$ & $0.00353667$ & $0.0130713$ & $-0.017213$ & $-0.0214744$ & $-0.00302446$ & $-0.00606817$ & $-0.0105657$ & $-0.00312279$ & $0.000251133$ & $0.00375047$ & $-0.0137467$ & $-0.0124087$ & $-0.0105269$ & $-0.0214824$ & $0.0100697$ & $0.00283734$ & $0.0200572$ & $-0.00455683$ & $-0.00568785$ & $0.0112474$ & $-0.0366543$ & $0.0192569$ & $-0.0704855$ & $0.0257367$ & $-0.00485096$ & $-0.0301803$ & $-0.0901511$ & $0.224567$ & $0.0293188$ & $-0.244687$ & $0.024593$ & $0.018986$ & $0.00962327$ & $-0.146122$ & $-0.0846149$ & $0.0106342$ & $1$ & $-0.029878$ & $-0.0203948$ & $0.137193$ \\
eHccpar & $-0.0721949$ & $0.162255$ & $-0.0669557$ & $-0.14423$ & $-0.00254751$ & $0.00476554$ & $-0.0472285$ & $-0.0258224$ & $-0.030556$ & $0.00264467$ & $0.0233777$ & $0.00391435$ & $-0.00493221$ & $-0.0105905$ & $0.00725674$ & $0.00102156$ & $0.00166124$ & $-0.00486355$ & $0.000420165$ & $-0.018556$ & $-0.0215216$ & $-0.0195006$ & $-0.0197078$ & $0.00940982$ & $-0.00434598$ & $0.0205563$ & $-0.0306469$ & $-0.00496221$ & $0.00322975$ & $-0.00960488$ & $0.252957$ & $-0.037945$ & $0.0687803$ & $-0.0176816$ & $0.106273$ & $0.0666218$ & $0.026708$ & $0.0460077$ & $-0.0354304$ & $0.00638476$ & $0.150303$ & $-0.00633112$ & $-0.00560538$ & $0.190695$ & $0.0582818$ & $-0.029878$ & $1$ & $0.0730187$ & $0.142969$ \\
eHbbint & $-0.0388824$ & $-0.0286939$ & $-0.0175322$ & $-0.0121372$ & $0.00217251$ & $-0.00411661$ & $-0.0150899$ & $0.0121333$ & $0.0203096$ & $-0.0165533$ & $-0.00543528$ & $-0.000299177$ & $0.0125854$ & $-0.00649642$ & $-0.00868287$ & $-0.0089779$ & $-0.0116929$ & $-0.00646625$ & $-0.00869766$ & $0.00335114$ & $0.00626683$ & $0.0059663$ & $-0.00704229$ & $-0.0158899$ & $-0.00219195$ & $0.0118189$ & $0.0174069$ & $-0.00118842$ & $0.0115837$ & $0.0408553$ & $0.0292756$ & $-0.0199813$ & $0.169501$ & $0.0146115$ & $-0.192872$ & $-0.00445851$ & $-0.166912$ & $0.00954872$ & $-0.0297004$ & $-0.0648064$ & $-0.0775034$ & $-0.0706667$ & $0.0996715$ & $0.287667$ & $0.0319091$ & $-0.0203948$ & $0.0730187$ & $1$ & $0.0298312$ \\
eHbbpar & $0.067401$ & $0.520429$ & $0.035596$ & $-0.113632$ & $0.00662345$ & $-0.00282662$ & $-0.0144635$ & $-0.041919$ & $-0.0566254$ & $0.0141041$ & $0.0245202$ & $-0.0121591$ & $-0.0255584$ & $0.00418285$ & $0.0075363$ & $-0.00466227$ & $0.0283465$ & $0.013564$ & $0.0231144$ & $-0.0134295$ & $-0.014087$ & $-0.0144367$ & $-0.0141397$ & $0.0162486$ & $0.0112876$ & $0.0132563$ & $-0.0219236$ & $-0.00340694$ & $0.000620771$ & $-0.0351393$ & $0.0215451$ & $-0.0239812$ & $0.425173$ & $-0.0081048$ & $-0.257426$ & $0.304959$ & $0.342143$ & $0.0538899$ & $0.178528$ & $0.0751826$ & $0.135284$ & $0.0806183$ & $-0.21819$ & $0.057023$ & $0.255599$ & $0.137193$ & $0.142969$ & $0.0298312$ & $1$ \\
