 & AlsMz & dAle5Mz & mtop & mHl & Mz & CW & CHG & CHWB & CHWHB_gaga & CHWHB_gagaorth & CHD & CHbox & CH & CHL1_11 & CHL1_22 & CHL1_33 & CHL3_11 & CHL3_22 & CHL3_33 & CHe_11 & CHe_22 & CHe_33 & CHQ1_11 & CHQ1_33 & CHQ3_11 & CHu_11 & CHd_11 & CHd_33 & CeH_22r & CeH_33r & CuH_22r & CuH_33r & CdH_33r & CLL_1221 & eHggint & eHggpar & eHWWint & eHWWpar & eHZZint & eHZZpar & eHZgaint & eHZgapar & eHgagaint & eHmumuint & eHtautauint & eHccint & eHccpar & eHbbint & eHbbpar \\
AlsMz & $1$ & $-0.0190785$ & $-0.00638167$ & $0.0182863$ & $0.0129486$ & $-0.0476034$ & $0.0689516$ & $-0.0395164$ & $-0.0334474$ & $0.029391$ & $0.0338106$ & $-0.0266275$ & $0.0354949$ & $-0.0668515$ & $-0.002175$ & $0.0520378$ & $0.0286384$ & $-0.00404824$ & $-0.0451598$ & $-0.0470427$ & $-0.0516569$ & $-0.0329876$ & $0.00538245$ & $-0.032088$ & $-0.130075$ & $-0.0217502$ & $-0.0382083$ & $0.0302685$ & $0.00447562$ & $0.0264886$ & $0.0419892$ & $0.0205777$ & $0.0224528$ & $-0.00316514$ & $-0.0254552$ & $0.0319316$ & $0.0110107$ & $0.0182509$ & $-0.000532064$ & $0.00123314$ & $-0.0292376$ & $-0.0594105$ & $0.0650105$ & $-0.0255577$ & $0.0750564$ & $-0.0649068$ & $0.0342683$ & $0.0412932$ & $0.075721$ \\
dAle5Mz & $-0.0190785$ & $1$ & $-0.114404$ & $0.0154388$ & $-0.00104793$ & $0.0657196$ & $0.0144415$ & $-0.118577$ & $-0.108992$ & $0.0500785$ & $0.0514897$ & $-0.0361575$ & $0.0573094$ & $0.0476005$ & $-0.0235315$ & $-0.0443009$ & $0.0924326$ & $0.0997868$ & $0.120987$ & $-0.0196788$ & $-0.0214613$ & $-0.0236732$ & $0.0295303$ & $0.0849916$ & $0.0804531$ & $-0.0453679$ & $-0.0449117$ & $0.0658171$ & $0.0836563$ & $0.0649926$ & $0.0252656$ & $0.0140638$ & $0.0526366$ & $-0.00599065$ & $0.0552272$ & $-0.00993089$ & $0.0332561$ & $0.0465158$ & $0.00700269$ & $-0.0127616$ & $0.0160366$ & $-0.0122371$ & $-0.0635899$ & $0.044097$ & $0.0573059$ & $0.106243$ & $0.0276375$ & $0.00934759$ & $0.0277471$ \\
mtop & $-0.00638167$ & $-0.114404$ & $1$ & $0.0675821$ & $-0.0097986$ & $-0.0310377$ & $0.0254997$ & $-0.0177386$ & $-0.0452878$ & $-0.00323681$ & $-0.00556345$ & $-0.0135958$ & $-0.00163948$ & $0.0419172$ & $0.0960695$ & $0.0448205$ & $0.0456061$ & $-0.00637486$ & $0.0232853$ & $0.0261344$ & $-0.00303505$ & $-0.0071732$ & $-0.0373315$ & $0.0716828$ & $0.054438$ & $0.0017258$ & $-0.0442265$ & $-0.00186887$ & $-0.00494845$ & $-0.0469975$ & $-0.0218001$ & $-0.00981187$ & $-0.0709002$ & $-0.103572$ & $-0.0329305$ & $0.000588563$ & $-0.014505$ & $-0.0626082$ & $-0.0252952$ & $-0.0549928$ & $-0.0255118$ & $0.0203248$ & $-0.157001$ & $0.0636809$ & $-0.0332681$ & $0.0460217$ & $-0.0158634$ & $-0.0328626$ & $-0.0716855$ \\
mHl & $0.0182863$ & $0.0154388$ & $0.0675821$ & $1$ & $-0.014883$ & $0.0294925$ & $0.0175918$ & $-0.00303746$ & $-0.0113862$ & $0.0168477$ & $-0.00158486$ & $0.0163037$ & $-0.0114927$ & $-0.0104155$ & $0.0138753$ & $0.0264438$ & $0.0212613$ & $-0.000455382$ & $-0.0226839$ & $0.000857169$ & $-0.0044315$ & $-0.0175495$ & $0.0273932$ & $-0.00562924$ & $0.00663351$ & $-0.0536213$ & $-0.0166371$ & $-0.0319866$ & $0.0194381$ & $-0.0238935$ & $-0.0729992$ & $-0.0194547$ & $-0.0336539$ & $-0.00173221$ & $-0.0409614$ & $-0.0235949$ & $0.0315528$ & $0.0081102$ & $-0.0174819$ & $0.044003$ & $-0.0482814$ & $-0.0395514$ & $-0.0788023$ & $0.0756413$ & $-0.018023$ & $-0.0118025$ & $-0.0425707$ & $0.0154098$ & $-0.0249899$ \\
Mz & $0.0129486$ & $-0.00104793$ & $-0.0097986$ & $-0.014883$ & $1$ & $0.0131991$ & $-0.00230885$ & $0.0229959$ & $0.0168526$ & $-0.0659907$ & $-0.00113487$ & $-0.0269666$ & $-0.0212995$ & $-0.0218049$ & $0.0328559$ & $0.0315806$ & $-0.011864$ & $-0.0415689$ & $-0.0387331$ & $0.0107777$ & $0.0119749$ & $0.00627721$ & $-0.122469$ & $-0.000251471$ & $-0.0511842$ & $0.123298$ & $-0.00939634$ & $-0.0166267$ & $0.0392382$ & $-0.0553245$ & $0.00919484$ & $-0.0292855$ & $-0.018588$ & $-0.00068011$ & $-0.0565242$ & $-0.00325031$ & $0.00354611$ & $-0.0582257$ & $-0.0942222$ & $-0.055409$ & $0.0302531$ & $0.0513559$ & $-0.0353232$ & $-0.0248096$ & $-0.0137034$ & $0.0281825$ & $-0.048292$ & $0.00407762$ & $0.0485365$ \\
CW & $-0.0476034$ & $0.0657196$ & $-0.0310377$ & $0.0294925$ & $0.0131991$ & $1$ & $-0.0131876$ & $-0.14806$ & $-0.147404$ & $0.00910361$ & $0.202933$ & $0.0515289$ & $-0.015923$ & $0.0345631$ & $-0.149169$ & $-0.132766$ & $-0.265118$ & $-0.00114397$ & $-0.0123918$ & $-0.201916$ & $-0.194366$ & $-0.201488$ & $-0.0616702$ & $0.0212107$ & $-0.10504$ & $0.173714$ & $-0.0758068$ & $-0.0756691$ & $-0.0402117$ & $0.00943667$ & $-0.00846611$ & $0.0137473$ & $0.0324384$ & $-0.0748355$ & $0.0580625$ & $-0.00655337$ & $0.00366588$ & $-0.0083142$ & $0.0300451$ & $0.0391407$ & $0.0397369$ & $0.035001$ & $-0.0359638$ & $-0.0168462$ & $-0.0349448$ & $0.0305188$ & $-0.0114223$ & $-0.0469797$ & $0.037521$ \\
CHG & $0.0689516$ & $0.0144415$ & $0.0254997$ & $0.0175918$ & $-0.00230885$ & $-0.0131876$ & $1$ & $-0.0514635$ & $0.00318012$ & $0.0157906$ & $0.0486123$ & $0.137198$ & $-0.177845$ & $-0.0322407$ & $-0.00179763$ & $-0.0198414$ & $0.0213834$ & $0.000757635$ & $0.013007$ & $-0.0516588$ & $-0.0511006$ & $-0.0464493$ & $-0.000810388$ & $0.026249$ & $-0.00515945$ & $0.0192852$ & $-0.0300302$ & $0.00300831$ & $-0.0126169$ & $-0.0575883$ & $-0.07416$ & $0.91656$ & $-0.132181$ & $-0.025686$ & $-0.0668559$ & $-0.0431678$ & $0.0229913$ & $-0.00698998$ & $-0.0450342$ & $-0.0272968$ & $-0.0734076$ & $-0.0267451$ & $0.0112919$ & $0.0760975$ & $-0.00967685$ & $0.0492504$ & $0.0135324$ & $0.0237071$ & $-0.0199954$ \\
CHWB & $-0.0395164$ & $-0.118577$ & $-0.0177386$ & $-0.00303746$ & $0.0229959$ & $-0.14806$ & $-0.0514635$ & $1$ & $0.980116$ & $-0.525287$ & $-0.874703$ & $-0.291314$ & $0.16235$ & $0.115681$ & $0.252995$ & $0.261349$ & $-0.181226$ & $-0.377563$ & $-0.386439$ & $0.838829$ & $0.892655$ & $0.878698$ & $0.0531234$ & $-0.661892$ & $-0.338186$ & $-0.482951$ & $0.42865$ & $0.264807$ & $0.015943$ & $0.0473341$ & $0.0289921$ & $-0.0648987$ & $-0.030731$ & $0.554055$ & $-0.00463015$ & $0.00661327$ & $0.0415249$ & $0.0519846$ & $-0.0387832$ & $-0.00926027$ & $0.0597155$ & $-0.0275224$ & $0.0518015$ & $-0.0792985$ & $-0.0514368$ & $-0.0749755$ & $-0.0122294$ & $-0.00467825$ & $-0.0569788$ \\
CHWHB_gaga & $-0.0334474$ & $-0.108992$ & $-0.0452878$ & $-0.0113862$ & $0.0168526$ & $-0.147404$ & $0.00318012$ & $0.980116$ & $1$ & $-0.511028$ & $-0.849904$ & $-0.2684$ & $0.158821$ & $0.0975561$ & $0.237284$ & $0.241235$ & $-0.190506$ & $-0.377982$ & $-0.382496$ & $0.813575$ & $0.869647$ & $0.856596$ & $0.0597343$ & $-0.658006$ & $-0.336896$ & $-0.470096$ & $0.435672$ & $0.259808$ & $0.023997$ & $0.0808211$ & $0.0499443$ & $-0.0178442$ & $0.00512407$ & $0.552672$ & $-0.0256709$ & $-0.00712063$ & $0.020758$ & $0.0513005$ & $-0.0371748$ & $-0.0276928$ & $0.0490042$ & $-0.0244136$ & $0.137345$ & $-0.0689646$ & $-0.0349519$ & $-0.0649489$ & $-0.00992621$ & $0.0211359$ & $-0.0613123$ \\
CHWHB_gagaorth & $0.029391$ & $0.0500785$ & $-0.00323681$ & $0.0168477$ & $-0.0659907$ & $0.00910361$ & $0.0157906$ & $-0.525287$ & $-0.511028$ & $1$ & $0.294678$ & $0.456999$ & $-0.0979246$ & $0.238183$ & $-0.0528464$ & $-0.0646026$ & $0.429909$ & $0.452281$ & $0.457996$ & $-0.275742$ & $-0.319558$ & $-0.312044$ & $-0.0930981$ & $0.562272$ & $0.424731$ & $0.205543$ & $-0.267142$ & $-0.10534$ & $-0.0107374$ & $-0.137864$ & $-0.0712206$ & $0.0424641$ & $-0.0659197$ & $-0.347066$ & $0.0920126$ & $0.0338833$ & $-0.00560321$ & $-0.0339222$ & $0.0852727$ & $0.0280766$ & $-0.104176$ & $0.00180361$ & $-0.03293$ & $0.0696817$ & $0.0253679$ & $-0.00417712$ & $-0.000348918$ & $0.0371707$ & $0.0773401$ \\
CHD & $0.0338106$ & $0.0514897$ & $-0.00556345$ & $-0.00158486$ & $-0.00113487$ & $0.202933$ & $0.0486123$ & $-0.874703$ & $-0.849904$ & $0.294678$ & $1$ & $0.225476$ & $-0.075883$ & $-0.530867$ & $-0.399281$ & $-0.40153$ & $-0.278435$ & $0.0100001$ & $0.0231672$ & $-0.988761$ & $-0.989051$ & $-0.968925$ & $0.00950137$ & $0.284905$ & $-0.0368405$ & $0.540711$ & $-0.261658$ & $-0.29227$ & $-0.0445657$ & $-0.0215927$ & $0.00134795$ & $0.0658183$ & $0.0491998$ & $-0.342497$ & $0.00768129$ & $-0.0427057$ & $-0.0180549$ & $-0.0393885$ & $0.0289258$ & $0.00781999$ & $-0.0236009$ & $0.0634198$ & $-0.0379598$ & $0.0615052$ & $0.0549646$ & $0.108368$ & $0.028664$ & $0.00371563$ & $0.0624306$ \\
CHbox & $-0.0266275$ & $-0.0361575$ & $-0.0135958$ & $0.0163037$ & $-0.0269666$ & $0.0515289$ & $0.137198$ & $-0.291314$ & $-0.2684$ & $0.456999$ & $0.225476$ & $1$ & $-0.794989$ & $0.030107$ & $-0.0250103$ & $-0.00994417$ & $0.0927088$ & $0.138018$ & $0.116908$ & $-0.210666$ & $-0.246908$ & $-0.244773$ & $-0.0357421$ & $0.248115$ & $0.133044$ & $0.15877$ & $-0.158267$ & $-0.0921598$ & $-0.0599169$ & $-0.0523078$ & $-0.0758089$ & $0.173637$ & $0.0197506$ & $-0.209927$ & $0.117959$ & $0.0233974$ & $0.0145785$ & $-0.067942$ & $0.0151661$ & $0.048116$ & $-0.109394$ & $0.02707$ & $-0.0351774$ & $0.0255673$ & $0.0383706$ & $0.00499949$ & $-0.0166847$ & $0.0147054$ & $0.047028$ \\
CH & $0.0354949$ & $0.0573094$ & $-0.00163948$ & $-0.0114927$ & $-0.0212995$ & $-0.015923$ & $-0.177845$ & $0.16235$ & $0.158821$ & $-0.0979246$ & $-0.075883$ & $-0.794989$ & $1$ & $-0.130126$ & $0.0331754$ & $0.0223222$ & $-0.15691$ & $-0.188082$ & $-0.170727$ & $0.0775099$ & $0.0859437$ & $0.0904158$ & $-0.00306266$ & $-0.189816$ & $-0.190787$ & $-0.056133$ & $0.050778$ & $0.0338279$ & $0.0494148$ & $0.177766$ & $0.112839$ & $-0.145845$ & $0.16846$ & $0.101761$ & $-0.0346936$ & $0.00329499$ & $-0.0220959$ & $0.0440711$ & $0.0334696$ & $-0.0384264$ & $0.0702073$ & $-0.00774318$ & $0.0226742$ & $0.0131765$ & $-0.00394192$ & $-0.00337855$ & $0.029944$ & $0.00611144$ & $-0.00335207$ \\
CHL1_11 & $-0.0668515$ & $0.0476005$ & $0.0419172$ & $-0.0104155$ & $-0.0218049$ & $0.0345631$ & $-0.0322407$ & $0.115681$ & $0.0975561$ & $0.238183$ & $-0.530867$ & $0.030107$ & $-0.130126$ & $1$ & $0.283243$ & $0.267055$ & $0.64977$ & $0.606687$ & $0.601511$ & $0.555791$ & $0.490779$ & $0.471941$ & $-0.138492$ & $0.47025$ & $0.581817$ & $-0.227749$ & $-0.150453$ & $0.146893$ & $0.0391187$ & $-0.0342887$ & $-0.0413511$ & $-0.037909$ & $-0.0507295$ & $-0.216829$ & $-0.0228408$ & $0.0833304$ & $-0.0229345$ & $-0.0044632$ & $0.0336041$ & $0.0131262$ & $-0.0551397$ & $-0.0357379$ & $-0.0127009$ & $-0.0313723$ & $-0.027996$ & $-0.0737478$ & $-0.042864$ & $-0.0067697$ & $-0.0632523$ \\
CHL1_22 & $-0.002175$ & $-0.0235315$ & $0.0960695$ & $0.0138753$ & $0.0328559$ & $-0.149169$ & $-0.00179763$ & $0.252995$ & $0.237284$ & $-0.0528464$ & $-0.399281$ & $-0.0250103$ & $0.0331754$ & $0.283243$ & $1$ & $0.487563$ & $0.21853$ & $-0.422683$ & $-0.0305946$ & $0.475576$ & $0.3007$ & $0.298133$ & $-0.159176$ & $0.171994$ & $-0.0937666$ & $-0.201132$ & $-0.437402$ & $0.0692653$ & $0.0208734$ & $0.0202398$ & $0.0397495$ & $-0.00131312$ & $0.0220834$ & $-0.634577$ & $-0.0217248$ & $0.00154316$ & $-0.0599356$ & $-0.0583082$ & $-0.0296766$ & $0.0123753$ & $0.000378136$ & $-0.0316421$ & $-0.015009$ & $-0.0364758$ & $-0.0335025$ & $-0.067888$ & $0.0740552$ & $0.01757$ & $0.00299782$ \\
CHL1_33 & $0.0520378$ & $-0.0443009$ & $0.0448205$ & $0.0264438$ & $0.0315806$ & $-0.132766$ & $-0.0198414$ & $0.261349$ & $0.241235$ & $-0.0646026$ & $-0.40153$ & $-0.00994417$ & $0.0223222$ & $0.267055$ & $0.487563$ & $1$ & $0.21606$ & $-0.0135592$ & $-0.428948$ & $0.476879$ & $0.304209$ & $0.33616$ & $-0.193126$ & $0.15692$ & $-0.0992057$ & $-0.179332$ & $-0.419626$ & $0.0610625$ & $-0.0433598$ & $-0.0156208$ & $-0.0438902$ & $-0.0126911$ & $0.0171978$ & $-0.166622$ & $-0.0353679$ & $0.0478448$ & $0.0346653$ & $-0.0298615$ & $-0.0467176$ & $0.0309293$ & $-0.019112$ & $-0.0801517$ & $-0.0306653$ & $-0.0686542$ & $0.00711713$ & $-0.107596$ & $-0.0140395$ & $-0.0428564$ & $0.0548354$ \\
CHL3_11 & $0.0286384$ & $0.0924326$ & $0.0456061$ & $0.0212613$ & $-0.011864$ & $-0.265118$ & $0.0213834$ & $-0.181226$ & $-0.190506$ & $0.429909$ & $-0.278435$ & $0.0927088$ & $-0.15691$ & $0.64977$ & $0.21853$ & $0.21606$ & $1$ & $0.707206$ & $0.695638$ & $0.304703$ & $0.243207$ & $0.23013$ & $-0.0534147$ & $0.643149$ & $0.755012$ & $-0.156591$ & $-0.175642$ & $0.0715581$ & $0.0633208$ & $-0.0614114$ & $-0.0791135$ & $-0.00118$ & $-0.0517761$ & $-0.234722$ & $0.0268882$ & $0.0441338$ & $-0.0457576$ & $-0.00480413$ & $-0.00975475$ & $-0.0183344$ & $-0.0775164$ & $-0.100979$ & $-0.0165547$ & $0.060541$ & $-0.0151934$ & $-0.0631175$ & $-0.051929$ & $0.0161842$ & $0.0104704$ \\
CHL3_22 & $-0.00404824$ & $0.0997868$ & $-0.00637486$ & $-0.000455382$ & $-0.0415689$ & $-0.00114397$ & $0.000757635$ & $-0.377563$ & $-0.377982$ & $0.452281$ & $0.0100001$ & $0.138018$ & $-0.188082$ & $0.606687$ & $-0.422683$ & $-0.0135592$ & $0.707206$ & $1$ & $0.663677$ & $-0.0123542$ & $0.00222293$ & $-0.00468774$ & $-0.0256475$ & $0.581085$ & $0.762308$ & $0.0270317$ & $-0.0135255$ & $0.0093912$ & $0.0322645$ & $-0.0672169$ & $-0.0914509$ & $-0.0077564$ & $-0.0521991$ & $0.072486$ & $0.0056949$ & $0.0699407$ & $-0.00490149$ & $0.011881$ & $0.0360804$ & $-0.00331461$ & $-0.0737665$ & $-0.0467458$ & $-0.0155735$ & $0.0472809$ & $0.0138079$ & $-0.0241744$ & $-0.0857541$ & $-0.0156232$ & $-0.00879069$ \\
CHL3_33 & $-0.0451598$ & $0.120987$ & $0.0232853$ & $-0.0226839$ & $-0.0387331$ & $-0.0123918$ & $0.013007$ & $-0.386439$ & $-0.382496$ & $0.457996$ & $0.0231672$ & $0.116908$ & $-0.170727$ & $0.601511$ & $-0.0305946$ & $-0.428948$ & $0.695638$ & $0.663677$ & $1$ & $-0.0281806$ & $-0.0075735$ & $-0.0206767$ & $0.0148054$ & $0.580498$ & $0.771025$ & $0.0169533$ & $0.00221876$ & $0.0285993$ & $0.0692716$ & $-0.031358$ & $-0.022398$ & $-0.000159178$ & $-0.0486896$ & $-0.290498$ & $0.0160917$ & $0.0451025$ & $-0.0798195$ & $0.00782646$ & $0.0320369$ & $-0.0242311$ & $-0.059308$ & $-0.0102796$ & $-0.000734349$ & $0.0792521$ & $-0.0161207$ & $0.0130699$ & $-0.0110974$ & $0.0242173$ & $-0.048681$ \\
CHe_11 & $-0.0470427$ & $-0.0196788$ & $0.0261344$ & $0.000857169$ & $0.0107777$ & $-0.201916$ & $-0.0516588$ & $0.838829$ & $0.813575$ & $-0.275742$ & $-0.988761$ & $-0.210666$ & $0.0775099$ & $0.555791$ & $0.475576$ & $0.476879$ & $0.304703$ & $-0.0123542$ & $-0.0281806$ & $1$ & $0.966731$ & $0.947181$ & $-0.039907$ & $-0.221103$ & $0.0467897$ & $-0.52954$ & $0.174582$ & $0.279337$ & $0.047193$ & $0.0243627$ & $-0.000424807$ & $-0.0650384$ & $-0.0420633$ & $0.25088$ & $-0.0127088$ & $0.0514229$ & $0.00428697$ & $0.0288505$ & $-0.0288522$ & $-0.00314221$ & $0.0243599$ & $-0.0635165$ & $0.0327025$ & $-0.0614958$ & $-0.0537449$ & $-0.115289$ & $-0.0156543$ & $-0.0103064$ & $-0.0599865$ \\
CHe_22 & $-0.0516569$ & $-0.0214613$ & $-0.00303505$ & $-0.0044315$ & $0.0119749$ & $-0.194366$ & $-0.0511006$ & $0.892655$ & $0.869647$ & $-0.319558$ & $-0.989051$ & $-0.246908$ & $0.0859437$ & $0.490779$ & $0.3007$ & $0.304209$ & $0.243207$ & $0.00222293$ & $-0.0075735$ & $0.966731$ & $1$ & $0.973817$ & $0.0193218$ & $-0.347954$ & $0.0372248$ & $-0.538953$ & $0.354739$ & $0.298384$ & $0.0485324$ & $0.0253586$ & $-0.00346496$ & $-0.0706344$ & $-0.0541044$ & $0.44043$ & $-0.000814358$ & $0.0375934$ & $0.0211668$ & $0.0522141$ & $-0.0297232$ & $-0.0135448$ & $0.0296206$ & $-0.0609741$ & $0.0424392$ & $-0.0563964$ & $-0.0548801$ & $-0.0947481$ & $-0.0341731$ & $-0.000943117$ & $-0.0712709$ \\
CHe_33 & $-0.0329876$ & $-0.0236732$ & $-0.0071732$ & $-0.0175495$ & $0.00627721$ & $-0.201488$ & $-0.0464493$ & $0.878698$ & $0.856596$ & $-0.312044$ & $-0.968925$ & $-0.244773$ & $0.0904158$ & $0.471941$ & $0.298133$ & $0.33616$ & $0.23013$ & $-0.00468774$ & $-0.0206767$ & $0.947181$ & $0.973817$ & $1$ & $0.0254192$ & $-0.343517$ & $0.0301238$ & $-0.528394$ & $0.35052$ & $0.305759$ & $0.0445911$ & $0.0298454$ & $0.00236725$ & $-0.0690751$ & $-0.0564028$ & $0.435855$ & $-0.0148542$ & $0.041906$ & $0.0236316$ & $0.0699097$ & $-0.036237$ & $-0.0292523$ & $0.0183734$ & $-0.0604814$ & $0.034519$ & $-0.0500932$ & $-0.0507306$ & $-0.0778127$ & $-0.0249213$ & $-0.0148084$ & $-0.0646553$ \\
CHQ1_11 & $0.00538245$ & $0.0295303$ & $-0.0373315$ & $0.0273932$ & $-0.122469$ & $-0.0616702$ & $-0.000810388$ & $0.0531234$ & $0.0597343$ & $-0.0930981$ & $0.00950137$ & $-0.0357421$ & $-0.00306266$ & $-0.138492$ & $-0.159176$ & $-0.193126$ & $-0.0534147$ & $-0.0256475$ & $0.0148054$ & $-0.039907$ & $0.0193218$ & $0.0254192$ & $1$ & $-0.165716$ & $0.0828391$ & $-0.665804$ & $0.343845$ & $0.0204704$ & $0.10309$ & $-0.0136653$ & $0.0310538$ & $-0.016506$ & $-0.0170664$ & $0.192519$ & $0.0326467$ & $-0.0295786$ & $0.000849571$ & $0.0496015$ & $-0.00790876$ & $0.0393522$ & $0.0161368$ & $-0.00584054$ & $0.0760903$ & $0.0523797$ & $0.0602165$ & $-0.00212475$ & $0.0473018$ & $0.0135596$ & $-0.0137473$ \\
CHQ1_33 & $-0.032088$ & $0.0849916$ & $0.0716828$ & $-0.00562924$ & $-0.000251471$ & $0.0212107$ & $0.026249$ & $-0.661892$ & $-0.658006$ & $0.562272$ & $0.284905$ & $0.248115$ & $-0.189816$ & $0.47025$ & $0.171994$ & $0.15692$ & $0.643149$ & $0.581085$ & $0.580498$ & $-0.221103$ & $-0.347954$ & $-0.343517$ & $-0.165716$ & $1$ & $0.588609$ & $0.201413$ & $-0.479946$ & $-0.0211148$ & $0.030264$ & $-0.0871747$ & $-0.0710439$ & $0.0274687$ & $-0.00184315$ & $-0.648309$ & $-0.00157597$ & $0.0237454$ & $-0.0726511$ & $-0.064057$ & $0.0422781$ & $2.28646e-05$ & $-0.0822345$ & $-0.0429844$ & $-0.0347936$ & $0.0565824$ & $-0.0182662$ & $-0.018068$ & $-0.0175883$ & $0.00493368$ & $0.0494513$ \\
CHQ3_11 & $-0.130075$ & $0.0804531$ & $0.054438$ & $0.00663351$ & $-0.0511842$ & $-0.10504$ & $-0.00515945$ & $-0.338186$ & $-0.336896$ & $0.424731$ & $-0.0368405$ & $0.133044$ & $-0.190787$ & $0.581817$ & $-0.0937666$ & $-0.0992057$ & $0.755012$ & $0.762308$ & $0.771025$ & $0.0467897$ & $0.0372248$ & $0.0301238$ & $0.0828391$ & $0.588609$ & $1$ & $-0.00749094$ & $0.210781$ & $0.0240353$ & $0.0564799$ & $-0.0703643$ & $-0.0378858$ & $-0.0256039$ & $-0.0498878$ & $-0.162612$ & $0.00104196$ & $0.0388833$ & $-0.0412497$ & $0.00285032$ & $0.00912814$ & $0.00533427$ & $-0.0957718$ & $-0.03733$ & $0.0208089$ & $0.0403805$ & $-0.0143574$ & $0.0102666$ & $-0.0257194$ & $0.00550108$ & $-0.00747791$ \\
CHu_11 & $-0.0217502$ & $-0.0453679$ & $0.0017258$ & $-0.0536213$ & $0.123298$ & $0.173714$ & $0.0192852$ & $-0.482951$ & $-0.470096$ & $0.205543$ & $0.540711$ & $0.15877$ & $-0.056133$ & $-0.227749$ & $-0.201132$ & $-0.179332$ & $-0.156591$ & $0.0270317$ & $0.0169533$ & $-0.52954$ & $-0.538953$ & $-0.528394$ & $-0.665804$ & $0.201413$ & $-0.00749094$ & $1$ & $-0.142276$ & $-0.173958$ & $-0.115154$ & $0.0126779$ & $-0.00853606$ & $0.0335464$ & $0.0389153$ & $-0.222796$ & $-0.0108929$ & $-0.0114298$ & $-0.0051862$ & $-0.0326427$ & $0.00136976$ & $-0.0161965$ & $-0.0120914$ & $0.0562171$ & $-0.0751946$ & $-0.00702024$ & $-0.0270895$ & $0.089772$ & $-0.0276855$ & $0.0296731$ & $0.0391467$ \\
CHd_11 & $-0.0382083$ & $-0.0449117$ & $-0.0442265$ & $-0.0166371$ & $-0.00939634$ & $-0.0758068$ & $-0.0300302$ & $0.42865$ & $0.435672$ & $-0.267142$ & $-0.261658$ & $-0.158267$ & $0.050778$ & $-0.150453$ & $-0.437402$ & $-0.419626$ & $-0.175642$ & $-0.0135255$ & $0.00221876$ & $0.174582$ & $0.354739$ & $0.35052$ & $0.343845$ & $-0.479946$ & $0.210781$ & $-0.142276$ & $1$ & $0.124828$ & $0.0313285$ & $0.00434028$ & $0.0402863$ & $-0.0643946$ & $-0.036128$ & $0.7068$ & $0.0191559$ & $-0.0323091$ & $0.0341649$ & $0.0855481$ & $-0.0251993$ & $-0.0130209$ & $0.00359103$ & $0.00736285$ & $0.101879$ & $-0.0195153$ & $-0.0288143$ & $0.0456939$ & $-0.0149624$ & $0.027516$ & $-0.0202317$ \\
CHd_33 & $0.0302685$ & $0.0658171$ & $-0.00186887$ & $-0.0319866$ & $-0.0166267$ & $-0.0756691$ & $0.00300831$ & $0.264807$ & $0.259808$ & $-0.10534$ & $-0.29227$ & $-0.0921598$ & $0.0338279$ & $0.146893$ & $0.0692653$ & $0.0610625$ & $0.0715581$ & $0.0093912$ & $0.0285993$ & $0.279337$ & $0.298384$ & $0.305759$ & $0.0204704$ & $-0.0211148$ & $0.0240353$ & $-0.173958$ & $0.124828$ & $1$ & $0.107285$ & $-0.00915972$ & $0.000137163$ & $-0.0178346$ & $-0.0349641$ & $0.153773$ & $0.000623828$ & $0.0162045$ & $0.00649606$ & $0.00464836$ & $0.0139378$ & $0.00390924$ & $0.0657176$ & $-0.0330054$ & $0.00536538$ & $0.017205$ & $-0.139511$ & $-0.0109251$ & $-0.00257442$ & $0.0291171$ & $-0.0503563$ \\
CeH_22r & $0.00447562$ & $0.0836563$ & $-0.00494845$ & $0.0194381$ & $0.0392382$ & $-0.0402117$ & $-0.0126169$ & $0.015943$ & $0.023997$ & $-0.0107374$ & $-0.0445657$ & $-0.0599169$ & $0.0494148$ & $0.0391187$ & $0.0208734$ & $-0.0433598$ & $0.0633208$ & $0.0322645$ & $0.0692716$ & $0.047193$ & $0.0485324$ & $0.0445911$ & $0.10309$ & $0.030264$ & $0.0564799$ & $-0.115154$ & $0.0313285$ & $0.107285$ & $1$ & $0.0004524$ & $-0.00525637$ & $-0.048687$ & $-0.0326354$ & $0.00165264$ & $-0.0126841$ & $-0.0381657$ & $0.0049936$ & $-0.0532476$ & $0.0226139$ & $-0.0121827$ & $0.046425$ & $0.0263258$ & $0.00434427$ & $0.00821439$ & $0.00741765$ & $0.0180954$ & $-0.00828411$ & $0.0367757$ & $-0.063792$ \\
CeH_33r & $0.0264886$ & $0.0649926$ & $-0.0469975$ & $-0.0238935$ & $-0.0553245$ & $0.00943667$ & $-0.0575883$ & $0.0473341$ & $0.0808211$ & $-0.137864$ & $-0.0215927$ & $-0.0523078$ & $0.177766$ & $-0.0342887$ & $0.0202398$ & $-0.0156208$ & $-0.0614114$ & $-0.0672169$ & $-0.031358$ & $0.0243627$ & $0.0253586$ & $0.0298454$ & $-0.0136653$ & $-0.0871747$ & $-0.0703643$ & $0.0126779$ & $0.00434028$ & $-0.00915972$ & $0.0004524$ & $1$ & $0.292371$ & $0.0954444$ & $0.549511$ & $0.0172492$ & $-0.0203547$ & $-0.00719404$ & $-0.264995$ & $-0.00621552$ & $0.0043069$ & $-0.0195993$ & $-0.0281627$ & $-0.0130613$ & $0.0672482$ & $0.0587365$ & $0.158602$ & $-0.0168345$ & $-0.0206601$ & $-0.00332417$ & $-0.107052$ \\
CuH_22r & $0.0419892$ & $0.0252656$ & $-0.0218001$ & $-0.0729992$ & $0.00919484$ & $-0.00846611$ & $-0.07416$ & $0.0289921$ & $0.0499443$ & $-0.0712206$ & $0.00134795$ & $-0.0758089$ & $0.112839$ & $-0.0413511$ & $0.0397495$ & $-0.0438902$ & $-0.0791135$ & $-0.0914509$ & $-0.022398$ & $-0.000424807$ & $-0.00346496$ & $0.00236725$ & $0.0310538$ & $-0.0710439$ & $-0.0378858$ & $-0.00853606$ & $0.0402863$ & $0.000137163$ & $-0.00525637$ & $0.292371$ & $1$ & $0.0272257$ & $0.346141$ & $-0.0203711$ & $-0.0102127$ & $0.027209$ & $-0.144973$ & $-0.0197366$ & $0.010778$ & $-0.0424312$ & $0.0236177$ & $0.0137424$ & $0.0486452$ & $-0.0511113$ & $0.0474785$ & $0.0381417$ & $0.406663$ & $0.0672919$ & $-0.000443785$ \\
CuH_33r & $0.0205777$ & $0.0140638$ & $-0.00981187$ & $-0.0194547$ & $-0.0292855$ & $0.0137473$ & $0.91656$ & $-0.0648987$ & $-0.0178442$ & $0.0424641$ & $0.0658183$ & $0.173637$ & $-0.145845$ & $-0.037909$ & $-0.00131312$ & $-0.0126911$ & $-0.00118$ & $-0.0077564$ & $-0.000159178$ & $-0.0650384$ & $-0.0706344$ & $-0.0690751$ & $-0.016506$ & $0.0274687$ & $-0.0256039$ & $0.0335464$ & $-0.0643946$ & $-0.0178346$ & $-0.048687$ & $0.0954444$ & $0.0272257$ & $1$ & $0.0636576$ & $-0.0440168$ & $0.0456522$ & $0.0117041$ & $-0.0212929$ & $-0.0122025$ & $0.0110886$ & $-0.0169775$ & $-0.0492406$ & $-0.0255639$ & $0.011811$ & $0.0641675$ & $0.0147319$ & $0.0426079$ & $0.00436955$ & $0.0116135$ & $-0.0111297$ \\
CdH_33r & $0.0224528$ & $0.0526366$ & $-0.0709002$ & $-0.0336539$ & $-0.018588$ & $0.0324384$ & $-0.132181$ & $-0.030731$ & $0.00512407$ & $-0.0659197$ & $0.0491998$ & $0.0197506$ & $0.16846$ & $-0.0507295$ & $0.0220834$ & $0.0171978$ & $-0.0517761$ & $-0.0521991$ & $-0.0486896$ & $-0.0420633$ & $-0.0541044$ & $-0.0564028$ & $-0.0170664$ & $-0.00184315$ & $-0.0498878$ & $0.0389153$ & $-0.036128$ & $-0.0349641$ & $-0.0326354$ & $0.549511$ & $0.346141$ & $0.0636576$ & $1$ & $-0.0392032$ & $0.000437557$ & $-0.0013709$ & $-0.24503$ & $-0.0721378$ & $0.0477896$ & $-0.052277$ & $-0.0479609$ & $-0.0195869$ & $0.0182956$ & $-0.000462807$ & $0.0363234$ & $0.0240582$ & $-0.0177333$ & $0.151209$ & $0.472733$ \\
CLL_1221 & $-0.00316514$ & $-0.00599065$ & $-0.103572$ & $-0.00173221$ & $-0.00068011$ & $-0.0748355$ & $-0.025686$ & $0.554055$ & $0.552672$ & $-0.347066$ & $-0.342497$ & $-0.209927$ & $0.101761$ & $-0.216829$ & $-0.634577$ & $-0.166622$ & $-0.234722$ & $0.072486$ & $-0.290498$ & $0.25088$ & $0.44043$ & $0.435855$ & $0.192519$ & $-0.648309$ & $-0.162612$ & $-0.222796$ & $0.7068$ & $0.153773$ & $0.00165264$ & $0.0172492$ & $-0.0203711$ & $-0.0440168$ & $-0.0392032$ & $1$ & $0.0324118$ & $-0.0107769$ & $0.0845124$ & $0.093365$ & $-0.0203082$ & $-0.0254678$ & $0.0373651$ & $-0.0177055$ & $0.0486972$ & $-0.0172911$ & $-0.00623997$ & $0.0028999$ & $-0.0754815$ & $-0.0110133$ & $-0.0203133$ \\
eHggint & $-0.0254552$ & $0.0552272$ & $-0.0329305$ & $-0.0409614$ & $-0.0565242$ & $0.0580625$ & $-0.0668559$ & $-0.00463015$ & $-0.0256709$ & $0.0920126$ & $0.00768129$ & $0.117959$ & $-0.0346936$ & $-0.0228408$ & $-0.0217248$ & $-0.0353679$ & $0.0268882$ & $0.0056949$ & $0.0160917$ & $-0.0127088$ & $-0.000814358$ & $-0.0148542$ & $0.0326467$ & $-0.00157597$ & $0.00104196$ & $-0.0108929$ & $0.0191559$ & $0.000623828$ & $-0.0126841$ & $-0.0203547$ & $-0.0102127$ & $0.0456522$ & $0.000437557$ & $0.0324118$ & $1$ & $-0.0617058$ & $0.0165721$ & $0.0665429$ & $-0.0260947$ & $0.0676483$ & $-0.00175985$ & $0.00354087$ & $-0.0341828$ & $-0.0338102$ & $0.00770651$ & $-0.051511$ & $-0.0755659$ & $-0.078897$ & $0.116136$ \\
eHggpar & $0.0319316$ & $-0.00993089$ & $0.000588563$ & $-0.0235949$ & $-0.00325031$ & $-0.00655337$ & $-0.0431678$ & $0.00661327$ & $-0.00712063$ & $0.0338833$ & $-0.0427057$ & $0.0233974$ & $0.00329499$ & $0.0833304$ & $0.00154316$ & $0.0478448$ & $0.0441338$ & $0.0699407$ & $0.0451025$ & $0.0514229$ & $0.0375934$ & $0.041906$ & $-0.0295786$ & $0.0237454$ & $0.0388833$ & $-0.0114298$ & $-0.0323091$ & $0.0162045$ & $-0.0381657$ & $-0.00719404$ & $0.027209$ & $0.0117041$ & $-0.0013709$ & $-0.0107769$ & $-0.0617058$ & $1$ & $0.0476626$ & $0.013361$ & $0.0554305$ & $0.0104112$ & $0.0618426$ & $0.0425023$ & $-0.000216263$ & $-0.0739536$ & $0.100309$ & $-0.0141338$ & $0.0584954$ & $0.0284641$ & $0.0311686$ \\
eHWWint & $0.0110107$ & $0.0332561$ & $-0.014505$ & $0.0315528$ & $0.00354611$ & $0.00366588$ & $0.0229913$ & $0.0415249$ & $0.020758$ & $-0.00560321$ & $-0.0180549$ & $0.0145785$ & $-0.0220959$ & $-0.0229345$ & $-0.0599356$ & $0.0346653$ & $-0.0457576$ & $-0.00490149$ & $-0.0798195$ & $0.00428697$ & $0.0211668$ & $0.0236316$ & $0.000849571$ & $-0.0726511$ & $-0.0412497$ & $-0.0051862$ & $0.0341649$ & $0.00649606$ & $0.0049936$ & $-0.264995$ & $-0.144973$ & $-0.0212929$ & $-0.24503$ & $0.0845124$ & $0.0165721$ & $0.0476626$ & $1$ & $0.0770333$ & $-0.010352$ & $0.0148444$ & $0.0484653$ & $-0.0134521$ & $-0.0834965$ & $-0.0264387$ & $-0.0213094$ & $0.0283135$ & $-0.0648735$ & $0.0233254$ & $0.0151158$ \\
eHWWpar & $0.0182509$ & $0.0465158$ & $-0.0626082$ & $0.0081102$ & $-0.0582257$ & $-0.0083142$ & $-0.00698998$ & $0.0519846$ & $0.0513005$ & $-0.0339222$ & $-0.0393885$ & $-0.067942$ & $0.0440711$ & $-0.0044632$ & $-0.0583082$ & $-0.0298615$ & $-0.00480413$ & $0.011881$ & $0.00782646$ & $0.0288505$ & $0.0522141$ & $0.0699097$ & $0.0496015$ & $-0.064057$ & $0.00285032$ & $-0.0326427$ & $0.0855481$ & $0.00464836$ & $-0.0532476$ & $-0.00621552$ & $-0.0197366$ & $-0.0122025$ & $-0.0721378$ & $0.093365$ & $0.0665429$ & $0.013361$ & $0.0770333$ & $1$ & $-0.0617694$ & $0.00876066$ & $0.0119695$ & $-0.0121505$ & $0.0154279$ & $-0.00301547$ & $0.0858284$ & $0.0469842$ & $-0.0325221$ & $0.0411502$ & $-0.0495702$ \\
eHZZint & $-0.000532064$ & $0.00700269$ & $-0.0252952$ & $-0.0174819$ & $-0.0942222$ & $0.0300451$ & $-0.0450342$ & $-0.0387832$ & $-0.0371748$ & $0.0852727$ & $0.0289258$ & $0.0151661$ & $0.0334696$ & $0.0336041$ & $-0.0296766$ & $-0.0467176$ & $-0.00975475$ & $0.0360804$ & $0.0320369$ & $-0.0288522$ & $-0.0297232$ & $-0.036237$ & $-0.00790876$ & $0.0422781$ & $0.00912814$ & $0.00136976$ & $-0.0251993$ & $0.0139378$ & $0.0226139$ & $0.0043069$ & $0.010778$ & $0.0110886$ & $0.0477896$ & $-0.0203082$ & $-0.0260947$ & $0.0554305$ & $-0.010352$ & $-0.0617694$ & $1$ & $-0.0435803$ & $0.0294948$ & $-0.0567768$ & $-0.0158917$ & $-0.00720874$ & $-0.0129072$ & $0.0498566$ & $-0.0011676$ & $0.0123313$ & $-0.034174$ \\
eHZZpar & $0.00123314$ & $-0.0127616$ & $-0.0549928$ & $0.044003$ & $-0.055409$ & $0.0391407$ & $-0.0272968$ & $-0.00926027$ & $-0.0276928$ & $0.0280766$ & $0.00781999$ & $0.048116$ & $-0.0384264$ & $0.0131262$ & $0.0123753$ & $0.0309293$ & $-0.0183344$ & $-0.00331461$ & $-0.0242311$ & $-0.00314221$ & $-0.0135448$ & $-0.0292523$ & $0.0393522$ & $2.28646e-05$ & $0.00533427$ & $-0.0161965$ & $-0.0130209$ & $0.00390924$ & $-0.0121827$ & $-0.0195993$ & $-0.0424312$ & $-0.0169775$ & $-0.052277$ & $-0.0254678$ & $0.0676483$ & $0.0104112$ & $0.0148444$ & $0.00876066$ & $-0.0435803$ & $1$ & $-0.0300394$ & $0.0193749$ & $-0.0553652$ & $-0.0530066$ & $0.035772$ & $-0.05345$ & $-0.0818358$ & $-0.034671$ & $0.043255$ \\
eHZgaint & $-0.0292376$ & $0.0160366$ & $-0.0255118$ & $-0.0482814$ & $0.0302531$ & $0.0397369$ & $-0.0734076$ & $0.0597155$ & $0.0490042$ & $-0.104176$ & $-0.0236009$ & $-0.109394$ & $0.0702073$ & $-0.0551397$ & $0.000378136$ & $-0.019112$ & $-0.0775164$ & $-0.0737665$ & $-0.059308$ & $0.0243599$ & $0.0296206$ & $0.0183734$ & $0.0161368$ & $-0.0822345$ & $-0.0957718$ & $-0.0120914$ & $0.00359103$ & $0.0657176$ & $0.046425$ & $-0.0281627$ & $0.0236177$ & $-0.0492406$ & $-0.0479609$ & $0.0373651$ & $-0.00175985$ & $0.0618426$ & $0.0484653$ & $0.0119695$ & $0.0294948$ & $-0.0300394$ & $1$ & $0.0161395$ & $0.0159328$ & $-0.0231523$ & $-0.0184247$ & $-0.0330205$ & $-0.00067114$ & $0.024853$ & $-0.0570396$ \\
eHZgapar & $-0.0594105$ & $-0.0122371$ & $0.0203248$ & $-0.0395514$ & $0.0513559$ & $0.035001$ & $-0.0267451$ & $-0.0275224$ & $-0.0244136$ & $0.00180361$ & $0.0634198$ & $0.02707$ & $-0.00774318$ & $-0.0357379$ & $-0.0316421$ & $-0.0801517$ & $-0.100979$ & $-0.0467458$ & $-0.0102796$ & $-0.0635165$ & $-0.0609741$ & $-0.0604814$ & $-0.00584054$ & $-0.0429844$ & $-0.03733$ & $0.0562171$ & $0.00736285$ & $-0.0330054$ & $0.0263258$ & $-0.0130613$ & $0.0137424$ & $-0.0255639$ & $-0.0195869$ & $-0.0177055$ & $0.00354087$ & $0.0425023$ & $-0.0134521$ & $-0.0121505$ & $-0.0567768$ & $0.0193749$ & $0.0161395$ & $1$ & $0.0280142$ & $-0.017564$ & $0.0387249$ & $0.0422051$ & $0.0347796$ & $0.00361169$ & $-0.0366447$ \\
eHgagaint & $0.0650105$ & $-0.0635899$ & $-0.157001$ & $-0.0788023$ & $-0.0353232$ & $-0.0359638$ & $0.0112919$ & $0.0518015$ & $0.137345$ & $-0.03293$ & $-0.0379598$ & $-0.0351774$ & $0.0226742$ & $-0.0127009$ & $-0.015009$ & $-0.0306653$ & $-0.0165547$ & $-0.0155735$ & $-0.000734349$ & $0.0327025$ & $0.0424392$ & $0.034519$ & $0.0760903$ & $-0.0347936$ & $0.0208089$ & $-0.0751946$ & $0.101879$ & $0.00536538$ & $0.00434427$ & $0.0672482$ & $0.0486452$ & $0.011811$ & $0.0182956$ & $0.0486972$ & $-0.0341828$ & $-0.000216263$ & $-0.0834965$ & $0.0154279$ & $-0.0158917$ & $-0.0553652$ & $0.0159328$ & $0.0280142$ & $1$ & $0.00359714$ & $0.0978174$ & $-0.0342506$ & $0.0569211$ & $0.0337636$ & $-0.0427662$ \\
eHmumuint & $-0.0255577$ & $0.044097$ & $0.0636809$ & $0.0756413$ & $-0.0248096$ & $-0.0168462$ & $0.0760975$ & $-0.0792985$ & $-0.0689646$ & $0.0696817$ & $0.0615052$ & $0.0255673$ & $0.0131765$ & $-0.0313723$ & $-0.0364758$ & $-0.0686542$ & $0.060541$ & $0.0472809$ & $0.0792521$ & $-0.0614958$ & $-0.0563964$ & $-0.0500932$ & $0.0523797$ & $0.0565824$ & $0.0403805$ & $-0.00702024$ & $-0.0195153$ & $0.017205$ & $0.00821439$ & $0.0587365$ & $-0.0511113$ & $0.0641675$ & $-0.000462807$ & $-0.0172911$ & $-0.0338102$ & $-0.0739536$ & $-0.0264387$ & $-0.00301547$ & $-0.00720874$ & $-0.0530066$ & $-0.0231523$ & $-0.017564$ & $0.00359714$ & $1$ & $0.00845929$ & $-0.0323303$ & $-0.0559664$ & $-0.0336406$ & $-0.0882474$ \\
eHtautauint & $0.0750564$ & $0.0573059$ & $-0.0332681$ & $-0.018023$ & $-0.0137034$ & $-0.0349448$ & $-0.00967685$ & $-0.0514368$ & $-0.0349519$ & $0.0253679$ & $0.0549646$ & $0.0383706$ & $-0.00394192$ & $-0.027996$ & $-0.0335025$ & $0.00711713$ & $-0.0151934$ & $0.0138079$ & $-0.0161207$ & $-0.0537449$ & $-0.0548801$ & $-0.0507306$ & $0.0602165$ & $-0.0182662$ & $-0.0143574$ & $-0.0270895$ & $-0.0288143$ & $-0.139511$ & $0.00741765$ & $0.158602$ & $0.0474785$ & $0.0147319$ & $0.0363234$ & $-0.00623997$ & $0.00770651$ & $0.100309$ & $-0.0213094$ & $0.0858284$ & $-0.0129072$ & $0.035772$ & $-0.0184247$ & $0.0387249$ & $0.0978174$ & $0.00845929$ & $1$ & $0.0533863$ & $0.0199083$ & $0.0198741$ & $-0.0472904$ \\
eHccint & $-0.0649068$ & $0.106243$ & $0.0460217$ & $-0.0118025$ & $0.0281825$ & $0.0305188$ & $0.0492504$ & $-0.0749755$ & $-0.0649489$ & $-0.00417712$ & $0.108368$ & $0.00499949$ & $-0.00337855$ & $-0.0737478$ & $-0.067888$ & $-0.107596$ & $-0.0631175$ & $-0.0241744$ & $0.0130699$ & $-0.115289$ & $-0.0947481$ & $-0.0778127$ & $-0.00212475$ & $-0.018068$ & $0.0102666$ & $0.089772$ & $0.0456939$ & $-0.0109251$ & $0.0180954$ & $-0.0168345$ & $0.0381417$ & $0.0426079$ & $0.0240582$ & $0.0028999$ & $-0.051511$ & $-0.0141338$ & $0.0283135$ & $0.0469842$ & $0.0498566$ & $-0.05345$ & $-0.0330205$ & $0.0422051$ & $-0.0342506$ & $-0.0323303$ & $0.0533863$ & $1$ & $0.0106876$ & $-0.0205845$ & $0.0606668$ \\
eHccpar & $0.0342683$ & $0.0276375$ & $-0.0158634$ & $-0.0425707$ & $-0.048292$ & $-0.0114223$ & $0.0135324$ & $-0.0122294$ & $-0.00992621$ & $-0.000348918$ & $0.028664$ & $-0.0166847$ & $0.029944$ & $-0.042864$ & $0.0740552$ & $-0.0140395$ & $-0.051929$ & $-0.0857541$ & $-0.0110974$ & $-0.0156543$ & $-0.0341731$ & $-0.0249213$ & $0.0473018$ & $-0.0175883$ & $-0.0257194$ & $-0.0276855$ & $-0.0149624$ & $-0.00257442$ & $-0.00828411$ & $-0.0206601$ & $0.406663$ & $0.00436955$ & $-0.0177333$ & $-0.0754815$ & $-0.0755659$ & $0.0584954$ & $-0.0648735$ & $-0.0325221$ & $-0.0011676$ & $-0.0818358$ & $-0.00067114$ & $0.0347796$ & $0.0569211$ & $-0.0559664$ & $0.0199083$ & $0.0106876$ & $1$ & $0.0538229$ & $-0.026118$ \\
eHbbint & $0.0412932$ & $0.00934759$ & $-0.0328626$ & $0.0154098$ & $0.00407762$ & $-0.0469797$ & $0.0237071$ & $-0.00467825$ & $0.0211359$ & $0.0371707$ & $0.00371563$ & $0.0147054$ & $0.00611144$ & $-0.0067697$ & $0.01757$ & $-0.0428564$ & $0.0161842$ & $-0.0156232$ & $0.0242173$ & $-0.0103064$ & $-0.000943117$ & $-0.0148084$ & $0.0135596$ & $0.00493368$ & $0.00550108$ & $0.0296731$ & $0.027516$ & $0.0291171$ & $0.0367757$ & $-0.00332417$ & $0.0672919$ & $0.0116135$ & $0.151209$ & $-0.0110133$ & $-0.078897$ & $0.0284641$ & $0.0233254$ & $0.0411502$ & $0.0123313$ & $-0.034671$ & $0.024853$ & $0.00361169$ & $0.0337636$ & $-0.0336406$ & $0.0198741$ & $-0.0205845$ & $0.0538229$ & $1$ & $-0.064477$ \\
eHbbpar & $0.075721$ & $0.0277471$ & $-0.0716855$ & $-0.0249899$ & $0.0485365$ & $0.037521$ & $-0.0199954$ & $-0.0569788$ & $-0.0613123$ & $0.0773401$ & $0.0624306$ & $0.047028$ & $-0.00335207$ & $-0.0632523$ & $0.00299782$ & $0.0548354$ & $0.0104704$ & $-0.00879069$ & $-0.048681$ & $-0.0599865$ & $-0.0712709$ & $-0.0646553$ & $-0.0137473$ & $0.0494513$ & $-0.00747791$ & $0.0391467$ & $-0.0202317$ & $-0.0503563$ & $-0.063792$ & $-0.107052$ & $-0.000443785$ & $-0.0111297$ & $0.472733$ & $-0.0203133$ & $0.116136$ & $0.0311686$ & $0.0151158$ & $-0.0495702$ & $-0.034174$ & $0.043255$ & $-0.0570396$ & $-0.0366447$ & $-0.0427662$ & $-0.0882474$ & $-0.0472904$ & $0.0606668$ & $-0.026118$ & $-0.064477$ & $1$ \\
