 & AlsMz & dAle5Mz & mtop & mHl & Mz & CW & CHG & CHWB & CHWHB_gaga & CHWHB_gagaorth & CHD & CHbox & CH & CHL1_11 & CHL1_22 & CHL1_33 & CHL3_11 & CHL3_22 & CHL3_33 & CHe_11 & CHe_22 & CHe_33 & CHQ1_11 & CHQ1_33 & CHQ3_11 & CHu_11 & CHd_11 & CHd_33 & CeH_22r & CeH_33r & CuH_22r & CuH_33r & CdH_33r & CLL_1221 & eHggpar & eHWWpar & eHZZpar & eHZgapar & eHccpar & eHbbpar \\
AlsMz & $1$ & $-0.0041219$ & $0.00152536$ & $-0.0316578$ & $0.0111771$ & $0.00124609$ & $-0.0210114$ & $-0.0160367$ & $-0.0174241$ & $0.0303678$ & $-0.00122102$ & $0.0271425$ & $0.0258843$ & $0.0279978$ & $-0.0113412$ & $-0.000113062$ & $0.0295702$ & $0.0334742$ & $0.0202267$ & $-0.00534694$ & $0.0146421$ & $0.000542782$ & $0.013472$ & $-0.0100939$ & $-0.0453112$ & $-0.0284055$ & $-0.0141732$ & $-0.0124207$ & $0.0183417$ & $0.0230764$ & $0.0319735$ & $-0.0182605$ & $0.00574661$ & $-0.00387561$ & $0.0358609$ & $-0.0139492$ & $0.023463$ & $-0.000532732$ & $0.0412978$ & $-0.0210685$ \\
dAle5Mz & $-0.0041219$ & $1$ & $0.00225013$ & $-0.0676712$ & $-0.0162551$ & $0.024817$ & $0.0383911$ & $-0.247214$ & $-0.243159$ & $0.11499$ & $0.260406$ & $-0.00450628$ & $-0.0343307$ & $-0.0505947$ & $-0.00505518$ & $-0.0178857$ & $0.0713257$ & $0.036571$ & $0.048097$ & $-0.197603$ & $-0.15335$ & $-0.129023$ & $0.00618678$ & $0.0830314$ & $0.0587782$ & $0.0240508$ & $-0.0555999$ & $-0.0157685$ & $-0.0253204$ & $-0.0388478$ & $-0.0299299$ & $0.0413133$ & $-0.0422088$ & $-0.0164061$ & $0.053633$ & $0.0374778$ & $-0.00643885$ & $0.00400332$ & $-0.0198924$ & $-0.0174643$ \\
mtop & $0.00152536$ & $0.00225013$ & $1$ & $0.0100695$ & $-0.0157962$ & $-0.0133316$ & $0.0250044$ & $0.0472825$ & $0.0462352$ & $-0.0259035$ & $0.0692616$ & $-0.0457188$ & $-0.0338696$ & $0.00215401$ & $-0.00274193$ & $0.00333244$ & $-0.028502$ & $-0.025838$ & $-0.0325944$ & $0.0605318$ & $0.0509351$ & $0.043399$ & $0.00631389$ & $0.0252638$ & $-0.030411$ & $-0.017619$ & $0.0204472$ & $0.0379761$ & $-0.00624028$ & $-0.0361821$ & $-0.028878$ & $0.0210677$ & $-0.0464215$ & $0.030101$ & $-0.0142115$ & $-0.0390193$ & $-0.0114797$ & $-0.0431216$ & $-0.0334816$ & $-0.0209952$ \\
mHl & $-0.0316578$ & $-0.0676712$ & $0.0100695$ & $1$ & $0.00110324$ & $-0.0131329$ & $0.00954576$ & $0.0208474$ & $0.0216987$ & $-0.00614396$ & $-0.0231014$ & $-0.0122723$ & $-0.00717911$ & $-7.78488e-05$ & $0.025964$ & $0.0320973$ & $-0.00893535$ & $-0.0139544$ & $-0.042302$ & $0.0230882$ & $0.0152864$ & $0.0146612$ & $-0.000356174$ & $-0.0188701$ & $-0.0109953$ & $0.0177365$ & $0.0102628$ & $0.00417246$ & $-0.0099671$ & $-0.0132521$ & $-0.00073472$ & $0.0113856$ & $-0.00179264$ & $-0.00764986$ & $-0.0279524$ & $0.00513013$ & $0.0304111$ & $-0.0269778$ & $-0.00769872$ & $0.0136926$ \\
Mz & $0.0111771$ & $-0.0162551$ & $-0.0157962$ & $0.00110324$ & $1$ & $-0.00363379$ & $-0.013548$ & $0.0308457$ & $0.0293272$ & $-0.0194822$ & $0.00871202$ & $0.00832419$ & $0.021666$ & $-0.0022147$ & $-0.0246726$ & $-0.00975481$ & $-0.00694903$ & $0.00357682$ & $-0.00977765$ & $0.018587$ & $0.016425$ & $0.0415221$ & $-0.00816761$ & $-0.0313817$ & $-0.0173945$ & $0.018757$ & $0.0272569$ & $-0.0117856$ & $-0.000618913$ & $-0.00176098$ & $-0.00149893$ & $-0.0184638$ & $-0.00373603$ & $0.0378239$ & $0.0159573$ & $0.00657745$ & $0.00678186$ & $0.0299388$ & $-0.0213218$ & $-0.0193505$ \\
CW & $0.00124609$ & $0.024817$ & $-0.0133316$ & $-0.0131329$ & $-0.00363379$ & $1$ & $-0.0259006$ & $-0.0704801$ & $-0.0704962$ & $0.0118014$ & $0.0827873$ & $0.0278457$ & $0.0202959$ & $0.196753$ & $0.0250864$ & $0.0474328$ & $-0.154773$ & $-0.0137984$ & $-0.0183152$ & $-0.0777696$ & $-0.0759762$ & $-0.0632091$ & $-0.0189748$ & $0.0500804$ & $-0.0182042$ & $0.0297644$ & $-0.0753029$ & $-0.018595$ & $-0.00213996$ & $0.0116123$ & $0.00435576$ & $-0.0263204$ & $0.0168685$ & $-0.148019$ & $0.0225678$ & $-0.0124226$ & $-0.0121324$ & $-0.024403$ & $0.00310021$ & $-0.0105909$ \\
CHG & $-0.0210114$ & $0.0383911$ & $0.0250044$ & $0.00954576$ & $-0.013548$ & $-0.0259006$ & $1$ & $0.0610101$ & $0.0836954$ & $0.0612419$ & $-0.0579827$ & $-0.763398$ & $-0.876393$ & $-0.0674558$ & $0.0450414$ & $0.0176871$ & $-0.0682227$ & $-0.0664825$ & $-0.0526022$ & $0.130249$ & $0.0519809$ & $0.0510998$ & $-0.0015201$ & $-0.0542017$ & $-0.0657007$ & $-0.0248754$ & $0.00294421$ & $0.0192777$ & $-0.216092$ & $-0.686471$ & $-0.421606$ & $0.969391$ & $-0.70172$ & $-0.000818879$ & $-0.119543$ & $0.00738941$ & $-0.0372318$ & $-0.0051655$ & $-0.0147841$ & $-0.0662092$ \\
CHWB & $-0.0160367$ & $-0.247214$ & $0.0472825$ & $0.0208474$ & $0.0308457$ & $-0.0704801$ & $0.0610101$ & $1$ & $0.99502$ & $-0.562301$ & $-0.888964$ & $-0.0898713$ & $-0.067688$ & $-0.300404$ & $-0.0262948$ & $-0.000842669$ & $-0.657461$ & $-0.555813$ & $-0.558293$ & $0.879605$ & $0.682649$ & $0.643644$ & $0.0505019$ & $-0.691507$ & $-0.618819$ & $-0.19525$ & $0.429819$ & $0.13406$ & $0.00117484$ & $-0.0549209$ & $-0.0239901$ & $0.051687$ & $-0.07459$ & $0.658703$ & $-0.0331092$ & $-0.00197081$ & $-0.00324805$ & $-0.0273052$ & $0.00200105$ & $0.0106792$ \\
CHWHB_gaga & $-0.0174241$ & $-0.243159$ & $0.0462352$ & $0.0216987$ & $0.0293272$ & $-0.0704962$ & $0.0836954$ & $0.99502$ & $1$ & $-0.560441$ & $-0.884684$ & $-0.0939701$ & $-0.0779486$ & $-0.303707$ & $-0.0248979$ & $-6.69653e-06$ & $-0.657709$ & $-0.556273$ & $-0.558751$ & $0.879077$ & $0.681593$ & $0.640955$ & $0.0503156$ & $-0.690047$ & $-0.618305$ & $-0.195286$ & $0.427678$ & $0.133328$ & $0.00459146$ & $-0.0495748$ & $-0.0190344$ & $0.0738773$ & $-0.0682548$ & $0.652303$ & $-0.0414924$ & $-0.00512738$ & $-0.00469466$ & $-0.0266465$ & $0.00483855$ & $0.00820389$ \\
CHWHB_gagaorth & $0.0303678$ & $0.11499$ & $-0.0259035$ & $-0.00614396$ & $-0.0194822$ & $0.0118014$ & $0.0612419$ & $-0.562301$ & $-0.560441$ & $1$ & $0.245883$ & $0.00260993$ & $-0.0685153$ & $0.666205$ & $0.12818$ & $0.0856035$ & $0.764009$ & $0.572425$ & $0.584505$ & $-0.320608$ & $-0.235542$ & $-0.207105$ & $-0.0714576$ & $0.583526$ & $0.63303$ & $0.0623675$ & $-0.33208$ & $-0.0352045$ & $-0.0364538$ & $-0.0789269$ & $-0.052943$ & $0.0756993$ & $-0.0690804$ & $-0.43138$ & $0.0410541$ & $-0.0103462$ & $0.00723731$ & $0.035422$ & $-0.00912002$ & $-0.0346955$ \\
CHD & $-0.00122102$ & $0.260406$ & $0.0692616$ & $-0.0231014$ & $0.00871202$ & $0.0827873$ & $-0.0579827$ & $-0.888964$ & $-0.884684$ & $0.245883$ & $1$ & $0.0777511$ & $0.0608942$ & $-0.0597354$ & $-0.0569735$ & $-0.0728548$ & $0.328724$ & $0.325289$ & $0.325497$ & $-0.891163$ & $-0.702864$ & $-0.669802$ & $-0.0141773$ & $0.483669$ & $0.363648$ & $0.206352$ & $-0.314764$ & $-0.137306$ & $-0.000843347$ & $0.0529337$ & $0.0204122$ & $-0.0502834$ & $0.0666734$ & $-0.515665$ & $0.0225299$ & $0.000650152$ & $0.000116159$ & $0.0153399$ & $-0.0106913$ & $-0.00146903$ \\
CHbox & $0.0271425$ & $-0.00450628$ & $-0.0457188$ & $-0.0122723$ & $0.00832419$ & $0.0278457$ & $-0.763398$ & $-0.0898713$ & $-0.0939701$ & $0.00260993$ & $0.0777511$ & $1$ & $0.884739$ & $0.0515346$ & $-0.0114078$ & $0.0103972$ & $0.0629913$ & $0.0519814$ & $0.0519371$ & $-0.110791$ & $-0.0543684$ & $-0.0734079$ & $0.0149499$ & $0.0799752$ & $0.0568207$ & $0.0113557$ & $-0.0278644$ & $-0.0131769$ & $0.236824$ & $0.706267$ & $0.418665$ & $-0.702602$ & $0.709983$ & $-0.0583148$ & $0.141994$ & $-0.017144$ & $0.0319036$ & $0.0240165$ & $0.0181143$ & $0.0445507$ \\
CH & $0.0258843$ & $-0.0343307$ & $-0.0338696$ & $-0.00717911$ & $0.021666$ & $0.0202959$ & $-0.876393$ & $-0.067688$ & $-0.0779486$ & $-0.0685153$ & $0.0608942$ & $0.884739$ & $1$ & $0.0754345$ & $-0.0411849$ & $-0.0152503$ & $0.0792174$ & $0.0682115$ & $0.0620173$ & $-0.139126$ & $-0.0512087$ & $-0.0593623$ & $0.0164733$ & $0.0617622$ & $0.0705317$ & $0.00838675$ & $-0.0127905$ & $-0.0258221$ & $0.256848$ & $0.762145$ & $0.460708$ & $-0.827044$ & $0.765283$ & $-0.006441$ & $0.128918$ & $-0.012658$ & $0.0385887$ & $0.0162187$ & $0.0177091$ & $0.0490124$ \\
CHL1_11 & $0.0279978$ & $-0.0505947$ & $0.00215401$ & $-7.78488e-05$ & $-0.0022147$ & $0.196753$ & $-0.0674558$ & $-0.300404$ & $-0.303707$ & $0.666205$ & $-0.0597354$ & $0.0515346$ & $0.0754345$ & $1$ & $0.160629$ & $0.145613$ & $0.629251$ & $0.51531$ & $0.522431$ & $-0.151147$ & $-0.0438834$ & $-0.0403926$ & $-0.0776589$ & $0.516551$ & $0.551825$ & $-0.00598331$ & $-0.315199$ & $-0.00447355$ & $0.00573442$ & $0.0354664$ & $0.0278674$ & $-0.0744261$ & $0.0550473$ & $-0.32597$ & $0.0176132$ & $-0.0197263$ & $-0.0203297$ & $0.017409$ & $-0.0031469$ & $-0.0202697$ \\
CHL1_22 & $-0.0113412$ & $-0.00505518$ & $-0.00274193$ & $0.025964$ & $-0.0246726$ & $0.0250864$ & $0.0450414$ & $-0.0262948$ & $-0.0248979$ & $0.12818$ & $-0.0569735$ & $-0.0114078$ & $-0.0411849$ & $0.160629$ & $1$ & $0.348017$ & $0.0819918$ & $-0.448028$ & $-0.102238$ & $0.0683719$ & $-0.12717$ & $-0.0940016$ & $-0.0896626$ & $0.223405$ & $-0.149375$ & $0.00700371$ & $-0.479545$ & $-0.00166379$ & $-0.0149564$ & $-0.0317008$ & $-0.0408543$ & $0.0517755$ & $-0.0342505$ & $-0.555497$ & $0.00170974$ & $0.00714902$ & $0.0030406$ & $-0.000424574$ & $-0.00469946$ & $-0.0177564$ \\
CHL1_33 & $-0.000113062$ & $-0.0178857$ & $0.00333244$ & $0.0320973$ & $-0.00975481$ & $0.0474328$ & $0.0176871$ & $-0.000842669$ & $-6.69653e-06$ & $0.0856035$ & $-0.0728548$ & $0.0103972$ & $-0.0152503$ & $0.145613$ & $0.348017$ & $1$ & $0.0480322$ & $-0.130747$ & $-0.445579$ & $0.0811413$ & $-0.0753524$ & $-0.163894$ & $-0.101624$ & $0.194769$ & $-0.180228$ & $0.00382758$ & $-0.470413$ & $-0.0293785$ & $0.00351601$ & $-0.00592568$ & $-0.00151418$ & $0.0223408$ & $-0.00702492$ & $-0.235888$ & $-0.00561275$ & $-0.0252924$ & $-0.0130733$ & $0.00795216$ & $0.0403337$ & $0.00224849$ \\
CHL3_11 & $0.0295702$ & $0.0713257$ & $-0.028502$ & $-0.00893535$ & $-0.00694903$ & $-0.154773$ & $-0.0682227$ & $-0.657461$ & $-0.657709$ & $0.764009$ & $0.328724$ & $0.0629913$ & $0.0792174$ & $0.629251$ & $0.0819918$ & $0.0480322$ & $1$ & $0.693593$ & $0.695755$ & $-0.499341$ & $-0.303621$ & $-0.280597$ & $-0.0694166$ & $0.669504$ & $0.771758$ & $0.0865353$ & $-0.325584$ & $-0.055156$ & $0.00896222$ & $0.0478734$ & $0.030516$ & $-0.0688614$ & $0.0666156$ & $-0.370608$ & $0.0386236$ & $-0.00618149$ & $0.0045769$ & $0.0339572$ & $-0.000279057$ & $-0.0236912$ \\
CHL3_22 & $0.0334742$ & $0.036571$ & $-0.025838$ & $-0.0139544$ & $0.00357682$ & $-0.0137984$ & $-0.0664825$ & $-0.555813$ & $-0.556273$ & $0.572425$ & $0.325289$ & $0.0519814$ & $0.0682115$ & $0.51531$ & $-0.448028$ & $-0.130747$ & $0.693593$ & $1$ & $0.656185$ & $-0.441196$ & $-0.247111$ & $-0.217437$ & $-0.00946468$ & $0.479848$ & $0.770274$ & $0.0775186$ & $-0.0333105$ & $-0.0442824$ & $0.000261938$ & $0.0455459$ & $0.0357451$ & $-0.0673383$ & $0.0629515$ & $0.070339$ & $0.0192391$ & $-0.0221834$ & $-0.00444404$ & $0.0173745$ & $-0.00258915$ & $-0.00232437$ \\
CHL3_33 & $0.0202267$ & $0.048097$ & $-0.0325944$ & $-0.042302$ & $-0.00977765$ & $-0.0183152$ & $-0.0526022$ & $-0.558293$ & $-0.558751$ & $0.584505$ & $0.325497$ & $0.0519371$ & $0.0620173$ & $0.522431$ & $-0.102238$ & $-0.445579$ & $0.695755$ & $0.656185$ & $1$ & $-0.439252$ & $-0.248837$ & $-0.22312$ & $0.0136187$ & $0.484508$ & $0.784141$ & $0.0711421$ & $-0.0225026$ & $-0.036744$ & $2.44207e-05$ & $0.0315101$ & $0.0216429$ & $-0.055006$ & $0.0514914$ & $-0.243357$ & $0.0303509$ & $-0.00542613$ & $-0.00150679$ & $0.0164323$ & $-0.0201381$ & $-0.0116097$ \\
CHe_11 & $-0.00534694$ & $-0.197603$ & $0.0605318$ & $0.0230882$ & $0.018587$ & $-0.0777696$ & $0.130249$ & $0.879605$ & $0.879077$ & $-0.320608$ & $-0.891163$ & $-0.110791$ & $-0.139126$ & $-0.151147$ & $0.0683719$ & $0.0811413$ & $-0.499341$ & $-0.441196$ & $-0.439252$ & $1$ & $0.687472$ & $0.6612$ & $0.030897$ & $-0.553301$ & $-0.483205$ & $-0.205416$ & $0.332492$ & $0.140271$ & $-0.0253737$ & $-0.112071$ & $-0.0649908$ & $0.13065$ & $-0.137022$ & $0.455185$ & $-0.0277423$ & $0.000211083$ & $-0.000191175$ & $-0.0315265$ & $-0.000862746$ & $-0.00772669$ \\
CHe_22 & $0.0146421$ & $-0.15335$ & $0.0509351$ & $0.0152864$ & $0.016425$ & $-0.0759762$ & $0.0519809$ & $0.682649$ & $0.681593$ & $-0.235542$ & $-0.702864$ & $-0.0543684$ & $-0.0512087$ & $-0.0438834$ & $-0.12717$ & $-0.0753524$ & $-0.303621$ & $-0.247111$ & $-0.248837$ & $0.687472$ & $1$ & $0.570601$ & $0.0285434$ & $-0.477609$ & $-0.292722$ & $-0.174738$ & $0.401052$ & $0.139717$ & $0.00800625$ & $-0.0390251$ & $-0.0171243$ & $0.047989$ & $-0.0560458$ & $0.455833$ & $-0.0158115$ & $-0.00365431$ & $0.00609203$ & $-0.0128571$ & $-0.0140769$ & $-0.0197288$ \\
CHe_33 & $0.000542782$ & $-0.129023$ & $0.043399$ & $0.0146612$ & $0.0415221$ & $-0.0632091$ & $0.0510998$ & $0.643644$ & $0.640955$ & $-0.207105$ & $-0.669802$ & $-0.0734079$ & $-0.0593623$ & $-0.0403926$ & $-0.0940016$ & $-0.163894$ & $-0.280597$ & $-0.217437$ & $-0.22312$ & $0.6612$ & $0.570601$ & $1$ & $0.0443836$ & $-0.454017$ & $-0.262641$ & $-0.168563$ & $0.398028$ & $0.130212$ & $0.00249696$ & $-0.0429596$ & $-0.0335161$ & $0.0478541$ & $-0.0698517$ & $0.436391$ & $-0.00997769$ & $-0.0123042$ & $-0.00350062$ & $-0.0143219$ & $-0.0191441$ & $-0.0227199$ \\
CHQ1_11 & $0.013472$ & $0.00618678$ & $0.00631389$ & $-0.000356174$ & $-0.00816761$ & $-0.0189748$ & $-0.0015201$ & $0.0505019$ & $0.0503156$ & $-0.0714576$ & $-0.0141773$ & $0.0149499$ & $0.0164733$ & $-0.0776589$ & $-0.0896626$ & $-0.101624$ & $-0.0694166$ & $-0.00946468$ & $0.0136187$ & $0.030897$ & $0.0285434$ & $0.0443836$ & $1$ & $-0.0774436$ & $0.0341502$ & $-0.571088$ & $0.251733$ & $-0.0153138$ & $0.031684$ & $0.0133829$ & $-0.00795261$ & $-0.000502493$ & $0.0115639$ & $0.0889636$ & $-0.0103065$ & $-0.000405935$ & $-0.00802335$ & $-0.02675$ & $-0.0101066$ & $0.031655$ \\
CHQ1_33 & $-0.0100939$ & $0.0830314$ & $0.0252638$ & $-0.0188701$ & $-0.0313817$ & $0.0500804$ & $-0.0542017$ & $-0.691507$ & $-0.690047$ & $0.583526$ & $0.483669$ & $0.0799752$ & $0.0617622$ & $0.516551$ & $0.223405$ & $0.194769$ & $0.669504$ & $0.479848$ & $0.484508$ & $-0.553301$ & $-0.477609$ & $-0.454017$ & $-0.0774436$ & $1$ & $0.553809$ & $0.117859$ & $-0.426346$ & $0.0121821$ & $-0.00179713$ & $0.042889$ & $0.0189204$ & $-0.0523469$ & $0.059498$ & $-0.544519$ & $0.0314866$ & $-0.00863752$ & $-0.0102847$ & $0.0293094$ & $0.0140739$ & $-0.00787107$ \\
CHQ3_11 & $-0.0453112$ & $0.0587782$ & $-0.030411$ & $-0.0109953$ & $-0.0173945$ & $-0.0182042$ & $-0.0657007$ & $-0.618819$ & $-0.618305$ & $0.63303$ & $0.363648$ & $0.0568207$ & $0.0705317$ & $0.551825$ & $-0.149375$ & $-0.180228$ & $0.771758$ & $0.770274$ & $0.784141$ & $-0.483205$ & $-0.292722$ & $-0.262641$ & $0.0341502$ & $0.553809$ & $1$ & $0.0880489$ & $0.067846$ & $-0.049191$ & $0.0112375$ & $0.0383135$ & $0.0281858$ & $-0.0672952$ & $0.0667543$ & $-0.22347$ & $0.028928$ & $-0.0131424$ & $-0.00840239$ & $0.0268098$ & $-0.00570071$ & $-0.00372301$ \\
CHu_11 & $-0.0284055$ & $0.0240508$ & $-0.017619$ & $0.0177365$ & $0.018757$ & $0.0297644$ & $-0.0248754$ & $-0.19525$ & $-0.195286$ & $0.0623675$ & $0.206352$ & $0.0113557$ & $0.00838675$ & $-0.00598331$ & $0.00700371$ & $0.00382758$ & $0.0865353$ & $0.0775186$ & $0.0711421$ & $-0.205416$ & $-0.174738$ & $-0.168563$ & $-0.571088$ & $0.117859$ & $0.0880489$ & $1$ & $0.0827508$ & $-0.00986817$ & $-0.027238$ & $0.00627645$ & $0.0186094$ & $-0.02508$ & $0.012007$ & $-0.116715$ & $-0.00235589$ & $0.00547738$ & $-0.00669391$ & $0.00362289$ & $0.0331363$ & $-0.0183681$ \\
CHd_11 & $-0.0141732$ & $-0.0555999$ & $0.0204472$ & $0.0102628$ & $0.0272569$ & $-0.0753029$ & $0.00294421$ & $0.429819$ & $0.427678$ & $-0.33208$ & $-0.314764$ & $-0.0278644$ & $-0.0127905$ & $-0.315199$ & $-0.479545$ & $-0.470413$ & $-0.325584$ & $-0.0333105$ & $-0.0225026$ & $0.332492$ & $0.401052$ & $0.398028$ & $0.251733$ & $-0.426346$ & $0.067846$ & $0.0827508$ & $1$ & $0.0698621$ & $0.00788283$ & $-0.0119684$ & $0.0013364$ & $-0.00531543$ & $-0.0186732$ & $0.582963$ & $-0.0199056$ & $0.00829386$ & $-0.00124872$ & $-0.0102258$ & $-0.00184082$ & $0.0178143$ \\
CHd_33 & $-0.0124207$ & $-0.0157685$ & $0.0379761$ & $0.00417246$ & $-0.0117856$ & $-0.018595$ & $0.0192777$ & $0.13406$ & $0.133328$ & $-0.0352045$ & $-0.137306$ & $-0.0131769$ & $-0.0258221$ & $-0.00447355$ & $-0.00166379$ & $-0.0293785$ & $-0.055156$ & $-0.0442824$ & $-0.036744$ & $0.140271$ & $0.139717$ & $0.130212$ & $-0.0153138$ & $0.0121821$ & $-0.049191$ & $-0.00986817$ & $0.0698621$ & $1$ & $-0.00777165$ & $-0.0163607$ & $-0.0104355$ & $0.0200113$ & $-0.0154197$ & $0.0923014$ & $-0.00736679$ & $-0.0114405$ & $-0.025894$ & $0.00590845$ & $-0.00149164$ & $-0.0215508$ \\
CeH_22r & $0.0183417$ & $-0.0253204$ & $-0.00624028$ & $-0.0099671$ & $-0.000618913$ & $-0.00213996$ & $-0.216092$ & $0.00117484$ & $0.00459146$ & $-0.0364538$ & $-0.000843347$ & $0.236824$ & $0.256848$ & $0.00573442$ & $-0.0149564$ & $0.00351601$ & $0.00896222$ & $0.000261938$ & $2.44207e-05$ & $-0.0253737$ & $0.00800625$ & $0.00249696$ & $0.031684$ & $-0.00179713$ & $0.0112375$ & $-0.027238$ & $0.00788283$ & $-0.00777165$ & $1$ & $0.216328$ & $0.11428$ & $-0.217105$ & $0.219641$ & $0.00567391$ & $0.0132281$ & $-0.0486373$ & $-0.0037724$ & $-0.000477697$ & $-0.0120167$ & $0.0298604$ \\
CeH_33r & $0.0230764$ & $-0.0388478$ & $-0.0361821$ & $-0.0132521$ & $-0.00176098$ & $0.0116123$ & $-0.686471$ & $-0.0549209$ & $-0.0495748$ & $-0.0789269$ & $0.0529337$ & $0.706267$ & $0.762145$ & $0.0354664$ & $-0.0317008$ & $-0.00592568$ & $0.0478734$ & $0.0455459$ & $0.0315101$ & $-0.112071$ & $-0.0390251$ & $-0.0429596$ & $0.0133829$ & $0.042889$ & $0.0383135$ & $0.00627645$ & $-0.0119684$ & $-0.0163607$ & $0.216328$ & $1$ & $0.527467$ & $-0.578603$ & $0.850442$ & $-0.0102663$ & $0.0704085$ & $-0.0467443$ & $0.0244071$ & $0.0117656$ & $0.0165678$ & $0.0366734$ \\
CuH_22r & $0.0319735$ & $-0.0299299$ & $-0.028878$ & $-0.00073472$ & $-0.00149893$ & $0.00435576$ & $-0.421606$ & $-0.0239901$ & $-0.0190344$ & $-0.052943$ & $0.0204122$ & $0.418665$ & $0.460708$ & $0.0278674$ & $-0.0408543$ & $-0.00151418$ & $0.030516$ & $0.0357451$ & $0.0216429$ & $-0.0649908$ & $-0.0171243$ & $-0.0335161$ & $-0.00795261$ & $0.0189204$ & $0.0281858$ & $0.0186094$ & $0.0013364$ & $-0.0104355$ & $0.11428$ & $0.527467$ & $1$ & $-0.344967$ & $0.549109$ & $0.00964615$ & $0.0487571$ & $-0.0473385$ & $-0.00532698$ & $0.012402$ & $0.253387$ & $0.0251567$ \\
CuH_33r & $-0.0182605$ & $0.0413133$ & $0.0210677$ & $0.0113856$ & $-0.0184638$ & $-0.0263204$ & $0.969391$ & $0.051687$ & $0.0738773$ & $0.0756993$ & $-0.0502834$ & $-0.702602$ & $-0.827044$ & $-0.0744261$ & $0.0517755$ & $0.0223408$ & $-0.0688614$ & $-0.0673383$ & $-0.055006$ & $0.13065$ & $0.047989$ & $0.0478541$ & $-0.000502493$ & $-0.0523469$ & $-0.0672952$ & $-0.02508$ & $-0.00531543$ & $0.0200113$ & $-0.217105$ & $-0.578603$ & $-0.344967$ & $1$ & $-0.579074$ & $-0.0149395$ & $-0.0999789$ & $0.00207821$ & $-0.0287071$ & $-0.00499312$ & $-0.0191548$ & $-0.0645602$ \\
CdH_33r & $0.00574661$ & $-0.0422088$ & $-0.0464215$ & $-0.00179264$ & $-0.00373603$ & $0.0168685$ & $-0.70172$ & $-0.07459$ & $-0.0682548$ & $-0.0690804$ & $0.0666734$ & $0.709983$ & $0.765283$ & $0.0550473$ & $-0.0342505$ & $-0.00702492$ & $0.0666156$ & $0.0629515$ & $0.0514914$ & $-0.137022$ & $-0.0560458$ & $-0.0698517$ & $0.0115639$ & $0.059498$ & $0.0667543$ & $0.012007$ & $-0.0186732$ & $-0.0154197$ & $0.219641$ & $0.850442$ & $0.549109$ & $-0.579074$ & $1$ & $-0.0212883$ & $0.0750403$ & $-0.0437468$ & $0.0248338$ & $0.0112092$ & $0.013802$ & $0.292336$ \\
CLL_1221 & $-0.00387561$ & $-0.0164061$ & $0.030101$ & $-0.00764986$ & $0.0378239$ & $-0.148019$ & $-0.000818879$ & $0.658703$ & $0.652303$ & $-0.43138$ & $-0.515665$ & $-0.0583148$ & $-0.006441$ & $-0.32597$ & $-0.555497$ & $-0.235888$ & $-0.370608$ & $0.070339$ & $-0.243357$ & $0.455185$ & $0.455833$ & $0.436391$ & $0.0889636$ & $-0.544519$ & $-0.22347$ & $-0.116715$ & $0.582963$ & $0.0923014$ & $0.00567391$ & $-0.0102663$ & $0.00964615$ & $-0.0149395$ & $-0.0212883$ & $1$ & $-0.0163319$ & $-0.00845813$ & $-0.00605228$ & $-0.0188082$ & $-0.00740526$ & $0.0217749$ \\
eHggpar & $0.0358609$ & $0.053633$ & $-0.0142115$ & $-0.0279524$ & $0.0159573$ & $0.0225678$ & $-0.119543$ & $-0.0331092$ & $-0.0414924$ & $0.0410541$ & $0.0225299$ & $0.141994$ & $0.128918$ & $0.0176132$ & $0.00170974$ & $-0.00561275$ & $0.0386236$ & $0.0192391$ & $0.0303509$ & $-0.0277423$ & $-0.0158115$ & $-0.00997769$ & $-0.0103065$ & $0.0314866$ & $0.028928$ & $-0.00235589$ & $-0.0199056$ & $-0.00736679$ & $0.0132281$ & $0.0704085$ & $0.0487571$ & $-0.0999789$ & $0.0750403$ & $-0.0163319$ & $1$ & $-0.00439477$ & $-0.00106544$ & $0.0105994$ & $0.01356$ & $0.00500361$ \\
eHWWpar & $-0.0139492$ & $0.0374778$ & $-0.0390193$ & $0.00513013$ & $0.00657745$ & $-0.0124226$ & $0.00738941$ & $-0.00197081$ & $-0.00512738$ & $-0.0103462$ & $0.000650152$ & $-0.017144$ & $-0.012658$ & $-0.0197263$ & $0.00714902$ & $-0.0252924$ & $-0.00618149$ & $-0.0221834$ & $-0.00542613$ & $0.000211083$ & $-0.00365431$ & $-0.0123042$ & $-0.000405935$ & $-0.00863752$ & $-0.0131424$ & $0.00547738$ & $0.00829386$ & $-0.0114405$ & $-0.0486373$ & $-0.0467443$ & $-0.0473385$ & $0.00207821$ & $-0.0437468$ & $-0.00845813$ & $-0.00439477$ & $1$ & $-0.0106039$ & $-0.0162379$ & $-0.0383252$ & $0.0115076$ \\
eHZZpar & $0.023463$ & $-0.00643885$ & $-0.0114797$ & $0.0304111$ & $0.00678186$ & $-0.0121324$ & $-0.0372318$ & $-0.00324805$ & $-0.00469466$ & $0.00723731$ & $0.000116159$ & $0.0319036$ & $0.0385887$ & $-0.0203297$ & $0.0030406$ & $-0.0130733$ & $0.0045769$ & $-0.00444404$ & $-0.00150679$ & $-0.000191175$ & $0.00609203$ & $-0.00350062$ & $-0.00802335$ & $-0.0102847$ & $-0.00840239$ & $-0.00669391$ & $-0.00124872$ & $-0.025894$ & $-0.0037724$ & $0.0244071$ & $-0.00532698$ & $-0.0287071$ & $0.0248338$ & $-0.00605228$ & $-0.00106544$ & $-0.0106039$ & $1$ & $-0.00167057$ & $-0.0394104$ & $-0.000940227$ \\
eHZgapar & $-0.000532732$ & $0.00400332$ & $-0.0431216$ & $-0.0269778$ & $0.0299388$ & $-0.024403$ & $-0.0051655$ & $-0.0273052$ & $-0.0266465$ & $0.035422$ & $0.0153399$ & $0.0240165$ & $0.0162187$ & $0.017409$ & $-0.000424574$ & $0.00795216$ & $0.0339572$ & $0.0173745$ & $0.0164323$ & $-0.0315265$ & $-0.0128571$ & $-0.0143219$ & $-0.02675$ & $0.0293094$ & $0.0268098$ & $0.00362289$ & $-0.0102258$ & $0.00590845$ & $-0.000477697$ & $0.0117656$ & $0.012402$ & $-0.00499312$ & $0.0112092$ & $-0.0188082$ & $0.0105994$ & $-0.0162379$ & $-0.00167057$ & $1$ & $0.0230071$ & $0.0165153$ \\
eHccpar & $0.0412978$ & $-0.0198924$ & $-0.0334816$ & $-0.00769872$ & $-0.0213218$ & $0.00310021$ & $-0.0147841$ & $0.00200105$ & $0.00483855$ & $-0.00912002$ & $-0.0106913$ & $0.0181143$ & $0.0177091$ & $-0.0031469$ & $-0.00469946$ & $0.0403337$ & $-0.000279057$ & $-0.00258915$ & $-0.0201381$ & $-0.000862746$ & $-0.0140769$ & $-0.0191441$ & $-0.0101066$ & $0.0140739$ & $-0.00570071$ & $0.0331363$ & $-0.00184082$ & $-0.00149164$ & $-0.0120167$ & $0.0165678$ & $0.253387$ & $-0.0191548$ & $0.013802$ & $-0.00740526$ & $0.01356$ & $-0.0383252$ & $-0.0394104$ & $0.0230071$ & $1$ & $0.00893976$ \\
eHbbpar & $-0.0210685$ & $-0.0174643$ & $-0.0209952$ & $0.0136926$ & $-0.0193505$ & $-0.0105909$ & $-0.0662092$ & $0.0106792$ & $0.00820389$ & $-0.0346955$ & $-0.00146903$ & $0.0445507$ & $0.0490124$ & $-0.0202697$ & $-0.0177564$ & $0.00224849$ & $-0.0236912$ & $-0.00232437$ & $-0.0116097$ & $-0.00772669$ & $-0.0197288$ & $-0.0227199$ & $0.031655$ & $-0.00787107$ & $-0.00372301$ & $-0.0183681$ & $0.0178143$ & $-0.0215508$ & $0.0298604$ & $0.0366734$ & $0.0251567$ & $-0.0645602$ & $0.292336$ & $0.0217749$ & $0.00500361$ & $0.0115076$ & $-0.000940227$ & $0.0165153$ & $0.00893976$ & $1$ \\
