 & AlsMz & dAle5Mz & mtop & mHl & Mz & CW & CHG & CHWB & CHWHB_gaga & CHWHB_gagaorth & CHD & CHbox & CH & CHL1_11 & CHL1_22 & CHL1_33 & CHL3_11 & CHL3_22 & CHL3_33 & CHe_11 & CHe_22 & CHe_33 & CHQ1_11 & CHQ1_33 & CHQ3_11 & CHu_11 & CHd_11 & CHd_33 & CeH_22r & CeH_33r & CuH_22r & CuH_33r & CdH_33r & CLL_1221 & eHggint & eHggpar & eHWWint & eHWWpar & eHZZint & eHZZpar & eHZgaint & eHZgapar & eHgagaint & eHmumuint & eHtautauint & eHccint & eHccpar & eHbbint & eHbbpar \\
AlsMz & $1$ & $-0.0630287$ & $0.084744$ & $0.0486476$ & $-0.0227444$ & $0.0209798$ & $0.0411732$ & $-0.00361282$ & $-0.00377846$ & $0.00201401$ & $0.000828562$ & $-0.0232694$ & $-0.0159104$ & $0.00302135$ & $0.0315626$ & $0.0362668$ & $-0.00747482$ & $-0.0229115$ & $-0.0242067$ & $-0.00320416$ & $-0.0111604$ & $-0.0149777$ & $-0.048437$ & $-0.0185009$ & $-0.0701971$ & $0.0228342$ & $-0.0441289$ & $-0.00143721$ & $0.00810802$ & $-0.00649884$ & $0.0656623$ & $0.0404955$ & $-0.0514776$ & $-0.0344289$ & $-0.100472$ & $0.0984314$ & $-0.132689$ & $-0.0489686$ & $-0.268642$ & $0.00138709$ & $-0.0693231$ & $-0.00128523$ & $-0.066881$ & $-0.0011318$ & $-0.207353$ & $0.0926765$ & $0.0930041$ & $-0.0776513$ & $-0.12122$ \\
dAle5Mz & $-0.0630287$ & $1$ & $-0.0943338$ & $0.0883831$ & $0.00904303$ & $0.0227062$ & $-0.0937593$ & $-0.0132751$ & $-0.0286013$ & $-0.00830465$ & $0.00976866$ & $-0.00850814$ & $-0.000621242$ & $-0.0119317$ & $-0.0237755$ & $0.0103041$ & $-0.000857551$ & $0.00814195$ & $-0.013544$ & $0.00040014$ & $0.00399296$ & $0.00358435$ & $-0.0268644$ & $-0.00486416$ & $-0.00515625$ & $0.0215984$ & $0.00825421$ & $0.00383509$ & $-0.00574795$ & $-0.025495$ & $-0.0565908$ & $-0.0924133$ & $0.0364174$ & $0.0405335$ & $0.0430691$ & $-0.220634$ & $0.0336859$ & $0.00736583$ & $-0.0984155$ & $-0.0816945$ & $0.0313203$ & $-0.0815961$ & $-0.332217$ & $0.0899848$ & $-0.121917$ & $0.000981296$ & $-0.2362$ & $0.207763$ & $0.0208533$ \\
mtop & $0.084744$ & $-0.0943338$ & $1$ & $-0.15514$ & $0.00615014$ & $-0.00832708$ & $0.00585102$ & $0.0409097$ & $0.0527485$ & $-0.0592451$ & $-0.0328636$ & $-0.00545151$ & $0.0310596$ & $0.011397$ & $0.0173743$ & $0.0374059$ & $-0.0150643$ & $-0.0154468$ & $-0.0289146$ & $0.0367747$ & $0.0330473$ & $0.0350166$ & $0.0233399$ & $-0.0181034$ & $-0.0144373$ & $-0.0464624$ & $0.0142321$ & $0.00500409$ & $0.0413282$ & $0.0636882$ & $0.0470446$ & $-0.00849571$ & $0.0918613$ & $0.0136458$ & $-0.444097$ & $0.130835$ & $-0.0589208$ & $-0.0360846$ & $-0.315504$ & $-0.0119066$ & $0.335156$ & $-0.0625765$ & $0.0867974$ & $0.152036$ & $-0.167524$ & $-0.420576$ & $-0.0367792$ & $0.0629257$ & $-0.00292679$ \\
mHl & $0.0486476$ & $0.0883831$ & $-0.15514$ & $1$ & $0.0034113$ & $0.0695158$ & $0.011173$ & $-0.00280907$ & $0.00400712$ & $0.0223975$ & $-0.00241508$ & $-0.0203023$ & $-0.034312$ & $0.0125939$ & $-0.00282338$ & $-0.00592939$ & $0.00618251$ & $0.006964$ & $0.00718752$ & $-0.000616056$ & $0.00264422$ & $0.00580156$ & $-0.0192159$ & $0.000522699$ & $-0.0246712$ & $0.0232107$ & $-0.0309446$ & $0.0306894$ & $-0.0147662$ & $0.00906704$ & $-0.0446537$ & $0.0265899$ & $0.0528504$ & $0.000510873$ & $0.136559$ & $-0.0563332$ & $-0.195941$ & $0.0213032$ & $-0.164494$ & $0.0509064$ & $-0.138024$ & $0.0643993$ & $0.107286$ & $-0.0471489$ & $0.0193603$ & $0.233137$ & $-0.12261$ & $0.00345331$ & $0.112481$ \\
Mz & $-0.0227444$ & $0.00904303$ & $0.00615014$ & $0.0034113$ & $1$ & $-0.00656315$ & $0.0249577$ & $-0.000181311$ & $-0.00400565$ & $-0.00175324$ & $0.00319285$ & $-0.0229817$ & $-0.0235718$ & $0.0112985$ & $0.0152219$ & $0.00766743$ & $0.00986689$ & $-0.000537047$ & $0.0035863$ & $0.00682669$ & $0.00474692$ & $0.00683012$ & $-0.0394683$ & $0.00732383$ & $-0.00176$ & $0.0244603$ & $-0.0142335$ & $-0.0266132$ & $-0.0267484$ & $-0.0135934$ & $0.0138852$ & $0.0201576$ & $-0.0435109$ & $-0.0136564$ & $-0.0031616$ & $0.00482377$ & $0.0523913$ & $0.00381548$ & $-0.0119638$ & $0.047956$ & $-0.00479823$ & $-0.0163787$ & $0.0241943$ & $-0.0480206$ & $0.0320411$ & $-0.0216116$ & $0.0129897$ & $0.0177269$ & $-0.0779374$ \\
CW & $0.0209798$ & $0.0227062$ & $-0.00832708$ & $0.0695158$ & $-0.00656315$ & $1$ & $0.0236881$ & $-0.120943$ & $-0.114709$ & $-0.00831571$ & $0.186337$ & $0.0112705$ & $-0.0193264$ & $0.0137456$ & $-0.0868816$ & $-0.0909483$ & $-0.269573$ & $-0.0537158$ & $-0.0524393$ & $-0.184075$ & $-0.187539$ & $-0.184328$ & $-0.0478105$ & $0.000153795$ & $-0.0868648$ & $0.144971$ & $-0.0544782$ & $-0.0480758$ & $-0.00521633$ & $-0.0123456$ & $0.00131115$ & $0.0331222$ & $0.0143155$ & $-0.107829$ & $0.027532$ & $-0.0240977$ & $-0.0261489$ & $0.0570023$ & $0.0137615$ & $0.00248997$ & $0.0127477$ & $-0.00714402$ & $0.0527832$ & $-0.00824924$ & $0.0158036$ & $0.011014$ & $-0.022689$ & $0.0259742$ & $0.00292261$ \\
CHG & $0.0411732$ & $-0.0937593$ & $0.00585102$ & $0.011173$ & $0.0249577$ & $0.0236881$ & $1$ & $-0.093484$ & $-0.042912$ & $0.116194$ & $0.0377177$ & $-0.213829$ & $-0.310072$ & $0.0891155$ & $-0.0310399$ & $-0.0113477$ & $0.106304$ & $0.126762$ & $0.109557$ & $-0.0383209$ & $-0.0411856$ & $-0.0395243$ & $0.0149493$ & $0.119178$ & $0.108863$ & $-0.0051487$ & $-0.0441996$ & $0.00156659$ & $-0.00831748$ & $-0.146891$ & $-0.104002$ & $0.933138$ & $-0.185713$ & $-0.0524585$ & $0.0171782$ & $0.0110268$ & $0.0437086$ & $0.00499695$ & $-0.0564781$ & $0.0518309$ & $0.0516758$ & $-0.0189526$ & $-0.0264213$ & $0.00190014$ & $-0.0555541$ & $0.0144187$ & $-0.0287893$ & $-0.0677287$ & $-0.0108625$ \\
CHWB & $-0.00361282$ & $-0.0132751$ & $0.0409097$ & $-0.00280907$ & $-0.000181311$ & $-0.120943$ & $-0.093484$ & $1$ & $0.98533$ & $-0.567282$ & $-0.877274$ & $0.0837828$ & $0.353904$ & $0.0845338$ & $0.294373$ & $0.314069$ & $-0.24092$ & $-0.434359$ & $-0.44118$ & $0.85029$ & $0.894633$ & $0.873981$ & $0.0783667$ & $-0.673102$ & $-0.395001$ & $-0.517494$ & $0.435462$ & $0.299812$ & $0.0421469$ & $0.0961279$ & $0.100131$ & $-0.0930315$ & $0.118371$ & $0.554112$ & $-0.0561265$ & $-0.0451618$ & $-0.0197657$ & $-0.0114953$ & $-0.0321854$ & $0.0118489$ & $0.00987116$ & $0.039407$ & $0.00235501$ & $-0.00923586$ & $0.0334507$ & $-0.0102725$ & $0.012189$ & $-0.0703975$ & $0.0180814$ \\
CHWHB_gaga & $-0.00377846$ & $-0.0286013$ & $0.0527485$ & $0.00400712$ & $-0.00400565$ & $-0.114709$ & $-0.042912$ & $0.98533$ & $1$ & $-0.557169$ & $-0.858833$ & $0.100807$ & $0.351637$ & $0.0727031$ & $0.287671$ & $0.309829$ & $-0.249694$ & $-0.436292$ & $-0.445464$ & $0.832708$ & $0.875785$ & $0.856133$ & $0.0752001$ & $-0.66881$ & $-0.396522$ & $-0.504268$ & $0.430625$ & $0.297893$ & $0.0514114$ & $0.113901$ & $0.113845$ & $-0.0517335$ & $0.139102$ & $0.546543$ & $-0.0616599$ & $-0.0395157$ & $-0.0211117$ & $-0.022031$ & $-0.0326001$ & $0.00757633$ & $0.0174297$ & $0.0344518$ & $0.0299726$ & $-0.0128722$ & $0.0364176$ & $-0.0163446$ & $0.0213496$ & $-0.0695322$ & $0.0158643$ \\
CHWHB_gagaorth & $0.00201401$ & $-0.00830465$ & $-0.0592451$ & $0.0223975$ & $-0.00175324$ & $-0.00831571$ & $0.116194$ & $-0.567282$ & $-0.557169$ & $1$ & $0.34093$ & $0.201565$ & $-0.261226$ & $0.253579$ & $-0.1283$ & $-0.125812$ & $0.452552$ & $0.508662$ & $0.500797$ & $-0.328478$ & $-0.359085$ & $-0.350174$ & $-0.0590319$ & $0.573438$ & $0.478072$ & $0.212483$ & $-0.250972$ & $-0.129014$ & $-0.00518291$ & $-0.141399$ & $-0.117118$ & $0.122127$ & $-0.175593$ & $-0.33593$ & $0.0685889$ & $0.00105099$ & $-0.0168394$ & $-0.0241409$ & $0.0368661$ & $-0.0267115$ & $-0.0429277$ & $-0.0147488$ & $-0.0188617$ & $0.0254509$ & $-0.0392056$ & $0.00778825$ & $-0.0173825$ & $0.0289575$ & $0.00608113$ \\
CHD & $0.000828562$ & $0.00976866$ & $-0.0328636$ & $-0.00241508$ & $0.00319285$ & $0.186337$ & $0.0377177$ & $-0.877274$ & $-0.858833$ & $0.34093$ & $1$ & $0.0759137$ & $-0.168193$ & $-0.505636$ & $-0.418192$ & $-0.422744$ & $-0.220177$ & $0.0682079$ & $0.0644948$ & $-0.990547$ & $-0.991063$ & $-0.969496$ & $-0.0317503$ & $0.304138$ & $0.0080072$ & $0.581596$ & $-0.302176$ & $-0.328509$ & $-0.0268728$ & $-0.0343989$ & $-0.0595639$ & $0.0532754$ & $-0.043136$ & $-0.3556$ & $0.0537192$ & $0.0547866$ & $0.0235056$ & $0.0201345$ & $0.0164955$ & $0.0112152$ & $0.0163326$ & $-0.0511488$ & $0.00141338$ & $-0.00432174$ & $-0.0260748$ & $0.0108566$ & $-0.02855$ & $0.0709735$ & $-0.0294682$ \\
CHbox & $-0.0232694$ & $-0.00850814$ & $-0.00545151$ & $-0.0203023$ & $-0.0229817$ & $0.0112705$ & $-0.213829$ & $0.0837828$ & $0.100807$ & $0.201565$ & $0.0759137$ & $1$ & $0.768588$ & $-0.299364$ & $0.000823933$ & $0.0526636$ & $-0.324177$ & $-0.287932$ & $-0.323931$ & $-0.0640432$ & $-0.07395$ & $-0.0748116$ & $-0.0302434$ & $-0.219179$ & $-0.308901$ & $0.0798028$ & $-0.00606391$ & $-0.0411812$ & $0.0781365$ & $0.351044$ & $0.124898$ & $-0.122783$ & $0.442641$ & $0.0614572$ & $0.0500934$ & $-0.034456$ & $-0.056379$ & $-0.0342015$ & $0.0185634$ & $-0.0178613$ & $0.0196689$ & $-0.0298444$ & $-0.0291718$ & $0.00823249$ & $0.0307702$ & $-0.00314732$ & $-0.0381519$ & $-0.00736127$ & $0.00864436$ \\
CH & $-0.0159104$ & $-0.000621242$ & $0.0310596$ & $-0.034312$ & $-0.0235718$ & $-0.0193264$ & $-0.310072$ & $0.353904$ & $0.351637$ & $-0.261226$ & $-0.168193$ & $0.768588$ & $1$ & $-0.25259$ & $0.0563384$ & $0.0929225$ & $-0.367751$ & $-0.378685$ & $-0.401978$ & $0.164531$ & $0.179914$ & $0.173936$ & $0.0147106$ & $-0.405232$ & $-0.375093$ & $-0.0772129$ & $0.154934$ & $0.0488264$ & $0.0656569$ & $0.290729$ & $0.142877$ & $-0.258676$ & $0.376182$ & $0.232074$ & $0.000491813$ & $-0.0413886$ & $-0.0460739$ & $-0.02587$ & $0.0100201$ & $-0.0179214$ & $0.0204348$ & $-0.00426949$ & $-0.0136692$ & $0.000630928$ & $0.0552847$ & $-0.00731362$ & $-0.00639626$ & $-0.0258556$ & $0.0157805$ \\
CHL1_11 & $0.00302135$ & $-0.0119317$ & $0.011397$ & $0.0125939$ & $0.0112985$ & $0.0137456$ & $0.0891155$ & $0.0845338$ & $0.0727031$ & $0.253579$ & $-0.505636$ & $-0.299364$ & $-0.25259$ & $1$ & $0.269638$ & $0.236979$ & $0.67291$ & $0.596191$ & $0.615915$ & $0.521069$ & $0.466291$ & $0.455044$ & $-0.0623193$ & $0.482941$ & $0.61668$ & $-0.278565$ & $-0.0924981$ & $0.141276$ & $-0.0177227$ & $-0.0792418$ & $-0.0419761$ & $0.0566686$ & $-0.0984241$ & $-0.222267$ & $-0.00439332$ & $-0.0438173$ & $-0.0210323$ & $-0.016148$ & $0.0183875$ & $-0.0354678$ & $-0.0390293$ & $0.0362503$ & $0.0160677$ & $0.0124534$ & $-0.000124321$ & $-0.00772987$ & $0.0350795$ & $-0.0165323$ & $0.0391462$ \\
CHL1_22 & $0.0315626$ & $-0.0237755$ & $0.0173743$ & $-0.00282338$ & $0.0152219$ & $-0.0868816$ & $-0.0310399$ & $0.294373$ & $0.287671$ & $-0.1283$ & $-0.418192$ & $0.000823933$ & $0.0563384$ & $0.269638$ & $1$ & $0.484334$ & $0.155578$ & $-0.459364$ & $-0.0541187$ & $0.486129$ & $0.329234$ & $0.310194$ & $-0.181827$ & $0.116136$ & $-0.144115$ & $-0.206384$ & $-0.41225$ & $0.0985901$ & $0.0174471$ & $0.0227045$ & $0.0643733$ & $-0.0368064$ & $0.00457575$ & $-0.606429$ & $-0.0190014$ & $-0.0257465$ & $-0.00783859$ & $-0.0200068$ & $0.00472756$ & $-0.0292619$ & $0.000853229$ & $0.0158463$ & $-0.0112474$ & $0.0197471$ & $0.0261599$ & $0.0209457$ & $0.0537069$ & $-0.0706009$ & $-0.000729311$ \\
CHL1_33 & $0.0362668$ & $0.0103041$ & $0.0374059$ & $-0.00592939$ & $0.00766743$ & $-0.0909483$ & $-0.0113477$ & $0.314069$ & $0.309829$ & $-0.125812$ & $-0.422744$ & $0.0526636$ & $0.0929225$ & $0.236979$ & $0.484334$ & $1$ & $0.136093$ & $-0.0864404$ & $-0.441069$ & $0.491524$ & $0.340543$ & $0.353566$ & $-0.145567$ & $0.0858268$ & $-0.160333$ & $-0.235173$ & $-0.381455$ & $0.103542$ & $0.00443573$ & $0.0348628$ & $0.0474614$ & $-0.00869317$ & $0.0334724$ & $-0.122895$ & $-0.0440127$ & $-0.00305157$ & $-0.0172461$ & $-0.0223849$ & $-0.0528135$ & $-0.0145981$ & $0.0293421$ & $0.0143136$ & $-0.0222247$ & $-0.0038439$ & $-0.0130687$ & $0.0163121$ & $0.00197761$ & $-0.0128858$ & $-0.0202287$ \\
CHL3_11 & $-0.00747482$ & $-0.000857551$ & $-0.0150643$ & $0.00618251$ & $0.00986689$ & $-0.269573$ & $0.106304$ & $-0.24092$ & $-0.249694$ & $0.452552$ & $-0.220177$ & $-0.324177$ & $-0.367751$ & $0.67291$ & $0.155578$ & $0.136093$ & $1$ & $0.73732$ & $0.75217$ & $0.238978$ & $0.188345$ & $0.190143$ & $-0.053713$ & $0.678391$ & $0.782131$ & $-0.126656$ & $-0.165493$ & $0.0662295$ & $-0.0326416$ & $-0.130926$ & $-0.0940717$ & $0.0738537$ & $-0.160152$ & $-0.248484$ & $-0.00322977$ & $-0.000526408$ & $0.00589371$ & $-0.0197762$ & $0.0324519$ & $-0.0388702$ & $-0.0572582$ & $0.0256307$ & $-0.0163163$ & $0.0370455$ & $-0.0162061$ & $-0.0134956$ & $0.0265994$ & $-0.0053506$ & $0.0159775$ \\
CHL3_22 & $-0.0229115$ & $0.00814195$ & $-0.0154468$ & $0.006964$ & $-0.000537047$ & $-0.0537158$ & $0.126762$ & $-0.434359$ & $-0.436292$ & $0.508662$ & $0.0682079$ & $-0.287932$ & $-0.378685$ & $0.596191$ & $-0.459364$ & $-0.0864404$ & $0.73732$ & $1$ & $0.703019$ & $-0.0765876$ & $-0.0577155$ & $-0.0439088$ & $0.0326219$ & $0.611522$ & $0.805883$ & $0.0254294$ & $0.0140078$ & $-0.0188961$ & $-0.0415222$ & $-0.12636$ & $-0.117863$ & $0.102285$ & $-0.138908$ & $0.0500671$ & $0.0138744$ & $0.00469936$ & $-0.000786501$ & $-0.00289242$ & $0.0220917$ & $-0.0192524$ & $-0.0409917$ & $0.0110926$ & $0.0068064$ & $0.0100889$ & $-0.0322449$ & $-0.0190597$ & $-0.00810959$ & $0.0478098$ & $0.0208525$ \\
CHL3_33 & $-0.0242067$ & $-0.013544$ & $-0.0289146$ & $0.00718752$ & $0.0035863$ & $-0.0524393$ & $0.109557$ & $-0.44118$ & $-0.445464$ & $0.500797$ & $0.0644948$ & $-0.323931$ & $-0.401978$ & $0.615915$ & $-0.0541187$ & $-0.441069$ & $0.75217$ & $0.703019$ & $1$ & $-0.0723374$ & $-0.0589825$ & $-0.0496649$ & $-0.000406197$ & $0.632572$ & $0.813519$ & $0.046772$ & $-0.00996986$ & $-0.0210802$ & $-0.0297801$ & $-0.135251$ & $-0.104527$ & $0.0799456$ & $-0.160456$ & $-0.322909$ & $0.0378185$ & $-0.0177962$ & $0.00303767$ & $-0.00326624$ & $0.067322$ & $-0.0373563$ & $-0.0597215$ & $0.014268$ & $0.0116301$ & $0.0375126$ & $-0.00214676$ & $-0.0115178$ & $0.0338743$ & $0.00143484$ & $0.0388817$ \\
CHe_11 & $-0.00320416$ & $0.00040014$ & $0.0367747$ & $-0.000616056$ & $0.00682669$ & $-0.184075$ & $-0.0383209$ & $0.85029$ & $0.832708$ & $-0.328478$ & $-0.990547$ & $-0.0640432$ & $0.164531$ & $0.521069$ & $0.486129$ & $0.491524$ & $0.238978$ & $-0.0765876$ & $-0.0723374$ & $1$ & $0.971796$ & $0.950521$ & $0.00690139$ & $-0.252274$ & $-0.0058765$ & $-0.57335$ & $0.226078$ & $0.319245$ & $0.0262941$ & $0.0347935$ & $0.0617746$ & $-0.0525253$ & $0.0439444$ & $0.275274$ & $-0.0565665$ & $-0.0570365$ & $-0.0237918$ & $-0.0211928$ & $-0.0173001$ & $-0.0147571$ & $-0.0108035$ & $0.0483823$ & $-0.00598283$ & $0.00557739$ & $0.0239982$ & $-0.0107611$ & $0.0267601$ & $-0.0672586$ & $0.0276477$ \\
CHe_22 & $-0.0111604$ & $0.00399296$ & $0.0330473$ & $0.00264422$ & $0.00474692$ & $-0.187539$ & $-0.0411856$ & $0.894633$ & $0.875785$ & $-0.359085$ & $-0.991063$ & $-0.07395$ & $0.179914$ & $0.466291$ & $0.329234$ & $0.340543$ & $0.188345$ & $-0.0577155$ & $-0.0589825$ & $0.971796$ & $1$ & $0.975877$ & $0.0607728$ & $-0.360876$ & $-0.011139$ & $-0.581807$ & $0.386043$ & $0.332205$ & $0.0271636$ & $0.0374252$ & $0.0574479$ & $-0.0556523$ & $0.0502015$ & $0.445858$ & $-0.0535004$ & $-0.0571044$ & $-0.0216145$ & $-0.0184435$ & $-0.0153125$ & $-0.00761627$ & $-0.0177725$ & $0.0498499$ & $-0.00316329$ & $0.00542073$ & $0.0252407$ & $-0.0178083$ & $0.0216502$ & $-0.0649243$ & $0.031659$ \\
CHe_33 & $-0.0149777$ & $0.00358435$ & $0.0350166$ & $0.00580156$ & $0.00683012$ & $-0.184328$ & $-0.0395243$ & $0.873981$ & $0.856133$ & $-0.350174$ & $-0.969496$ & $-0.0748116$ & $0.173936$ & $0.455044$ & $0.310194$ & $0.353566$ & $0.190143$ & $-0.0439088$ & $-0.0496649$ & $0.950521$ & $0.975877$ & $1$ & $0.061077$ & $-0.35051$ & $0.000410866$ & $-0.567888$ & $0.388229$ & $0.330563$ & $0.0219899$ & $0.0335674$ & $0.052362$ & $-0.0535588$ & $0.0456866$ & $0.449091$ & $-0.0414758$ & $-0.0587174$ & $-0.0287556$ & $-0.01826$ & $-0.0154441$ & $-0.00745836$ & $-0.0154983$ & $0.0496221$ & $0.00223366$ & $0.0117075$ & $0.0298296$ & $-0.0156559$ & $0.019485$ & $-0.0612104$ & $0.0323064$ \\
CHQ1_11 & $-0.048437$ & $-0.0268644$ & $0.0233399$ & $-0.0192159$ & $-0.0394683$ & $-0.0478105$ & $0.0149493$ & $0.0783667$ & $0.0752001$ & $-0.0590319$ & $-0.0317503$ & $-0.0302434$ & $0.0147106$ & $-0.0623193$ & $-0.181827$ & $-0.145567$ & $-0.053713$ & $0.0326219$ & $-0.000406197$ & $0.00690139$ & $0.0607728$ & $0.061077$ & $1$ & $-0.138236$ & $0.0829398$ & $-0.671867$ & $0.330904$ & $0.012251$ & $0.00484491$ & $-0.0187816$ & $0.00247184$ & $-0.00310047$ & $-0.0313074$ & $0.220371$ & $-0.0271067$ & $0.0376007$ & $-0.00356964$ & $0.0445312$ & $-0.0021405$ & $-7.38716e-05$ & $-0.00633583$ & $0.0132667$ & $0.0497383$ & $0.0234223$ & $0.00698842$ & $-0.0135652$ & $0.00692916$ & $0.028433$ & $-0.0219738$ \\
CHQ1_33 & $-0.0185009$ & $-0.00486416$ & $-0.0181034$ & $0.000522699$ & $0.00732383$ & $0.000153795$ & $0.119178$ & $-0.673102$ & $-0.66881$ & $0.573438$ & $0.304138$ & $-0.219179$ & $-0.405232$ & $0.482941$ & $0.116136$ & $0.0858268$ & $0.678391$ & $0.611522$ & $0.632572$ & $-0.252274$ & $-0.360876$ & $-0.35051$ & $-0.138236$ & $1$ & $0.638076$ & $0.193702$ & $-0.436169$ & $-0.0275775$ & $-0.0384258$ & $-0.119592$ & $-0.0927799$ & $0.100651$ & $-0.148373$ & $-0.633553$ & $0.0279834$ & $0.0014074$ & $0.00769565$ & $0.00632766$ & $0.0487216$ & $-0.0421175$ & $-0.024613$ & $-0.0207614$ & $-0.00750359$ & $0.0215246$ & $-0.0160265$ & $-0.00834701$ & $0.0136155$ & $0.0267692$ & $0.0125408$ \\
CHQ3_11 & $-0.0701971$ & $-0.00515625$ & $-0.0144373$ & $-0.0246712$ & $-0.00176$ & $-0.0868648$ & $0.108863$ & $-0.395001$ & $-0.396522$ & $0.478072$ & $0.0080072$ & $-0.308901$ & $-0.375093$ & $0.61668$ & $-0.144115$ & $-0.160333$ & $0.782131$ & $0.805883$ & $0.813519$ & $-0.0058765$ & $-0.011139$ & $0.000410866$ & $0.0829398$ & $0.638076$ & $1$ & $0.0142334$ & $0.202351$ & $0.00557138$ & $-0.0373988$ & $-0.143721$ & $-0.120942$ & $0.0779861$ & $-0.161479$ & $-0.1836$ & $0.0222894$ & $0.00936396$ & $0.0265936$ & $-0.019951$ & $0.0594775$ & $-0.0400207$ & $-0.0287982$ & $0.00688311$ & $0.0277058$ & $0.019312$ & $-0.010084$ & $-0.0399681$ & $-0.00319579$ & $0.0324079$ & $0.0175987$ \\
CHu_11 & $0.0228342$ & $0.0215984$ & $-0.0464624$ & $0.0232107$ & $0.0244603$ & $0.144971$ & $-0.0051487$ & $-0.517494$ & $-0.504268$ & $0.212483$ & $0.581596$ & $0.0798028$ & $-0.0772129$ & $-0.278565$ & $-0.206384$ & $-0.235173$ & $-0.126656$ & $0.0254294$ & $0.046772$ & $-0.57335$ & $-0.581807$ & $-0.567888$ & $-0.671867$ & $0.193702$ & $0.0142334$ & $1$ & $-0.158684$ & $-0.184932$ & $-0.020062$ & $-0.0103565$ & $-0.0494275$ & $0.0159788$ & $0.00146063$ & $-0.249433$ & $0.0538742$ & $0.0236154$ & $0.0338029$ & $-0.0340282$ & $0.00734167$ & $0.00829098$ & $0.0257096$ & $-0.0457472$ & $-0.0237571$ & $-0.0234349$ & $-0.0324569$ & $0.0133514$ & $-0.0424291$ & $0.0378611$ & $-0.0136371$ \\
CHd_11 & $-0.0441289$ & $0.00825421$ & $0.0142321$ & $-0.0309446$ & $-0.0142335$ & $-0.0544782$ & $-0.0441996$ & $0.435462$ & $0.430625$ & $-0.250972$ & $-0.302176$ & $-0.00606391$ & $0.154934$ & $-0.0924981$ & $-0.41225$ & $-0.381455$ & $-0.165493$ & $0.0140078$ & $-0.00996986$ & $0.226078$ & $0.386043$ & $0.388229$ & $0.330904$ & $-0.436169$ & $0.202351$ & $-0.158684$ & $1$ & $0.139315$ & $0.0148547$ & $0.0044691$ & $-0.00713767$ & $-0.0512042$ & $0.0296399$ & $0.701686$ & $-0.0134596$ & $-0.00233908$ & $0.0211638$ & $-0.00852208$ & $0.00723187$ & $0.00510682$ & $0.0144671$ & $0.00190065$ & $0.0290016$ & $-0.00684844$ & $0.00873071$ & $-0.0502972$ & $-0.0359886$ & $0.00151591$ & $0.00792766$ \\
CHd_33 & $-0.00143721$ & $0.00383509$ & $0.00500409$ & $0.0306894$ & $-0.0266132$ & $-0.0480758$ & $0.00156659$ & $0.299812$ & $0.297893$ & $-0.129014$ & $-0.328509$ & $-0.0411812$ & $0.0488264$ & $0.141276$ & $0.0985901$ & $0.103542$ & $0.0662295$ & $-0.0188961$ & $-0.0210802$ & $0.319245$ & $0.332205$ & $0.330563$ & $0.012251$ & $-0.0275775$ & $0.00557138$ & $-0.184932$ & $0.139315$ & $1$ & $-0.002456$ & $0.0237151$ & $0.00508473$ & $0.00231398$ & $0.0206993$ & $0.16477$ & $-0.0165535$ & $-0.0238456$ & $-0.0012155$ & $0.0041637$ & $-0.00612266$ & $-0.00719213$ & $-0.0196051$ & $0.0186028$ & $0.00160716$ & $-0.0263409$ & $0.00809053$ & $-0.0331032$ & $-0.0174568$ & $-0.0308386$ & $0.0121777$ \\
CeH_22r & $0.00810802$ & $-0.00574795$ & $0.0413282$ & $-0.0147662$ & $-0.0267484$ & $-0.00521633$ & $-0.00831748$ & $0.0421469$ & $0.0514114$ & $-0.00518291$ & $-0.0268728$ & $0.0781365$ & $0.0656569$ & $-0.0177227$ & $0.0174471$ & $0.00443573$ & $-0.0326416$ & $-0.0415222$ & $-0.0297801$ & $0.0262941$ & $0.0271636$ & $0.0219899$ & $0.00484491$ & $-0.0384258$ & $-0.0373988$ & $-0.020062$ & $0.0148547$ & $-0.002456$ & $1$ & $0.0550044$ & $0.0698432$ & $-0.0234506$ & $0.0560926$ & $0.0164627$ & $-0.0672652$ & $0.0277045$ & $-0.0172241$ & $0.0183539$ & $0.0326748$ & $-0.0271196$ & $0.0181904$ & $0.0502352$ & $-0.0196037$ & $0.0333467$ & $0.0191273$ & $-0.0434746$ & $0.0137613$ & $-0.0237554$ & $-0.018324$ \\
CeH_33r & $-0.00649884$ & $-0.025495$ & $0.0636882$ & $0.00906704$ & $-0.0135934$ & $-0.0123456$ & $-0.146891$ & $0.0961279$ & $0.113901$ & $-0.141399$ & $-0.0343989$ & $0.351044$ & $0.290729$ & $-0.0792418$ & $0.0227045$ & $0.0348628$ & $-0.130926$ & $-0.12636$ & $-0.135251$ & $0.0347935$ & $0.0374252$ & $0.0335674$ & $-0.0187816$ & $-0.119592$ & $-0.143721$ & $-0.0103565$ & $0.0044691$ & $0.0237151$ & $0.0550044$ & $1$ & $0.335746$ & $0.00171197$ & $0.693678$ & $0.0514525$ & $-0.0211597$ & $-0.0394618$ & $-0.106436$ & $-0.0225325$ & $-0.0103058$ & $-0.0227434$ & $0.0211622$ & $-0.0222292$ & $-0.0245288$ & $0.00843623$ & $0.0775167$ & $-0.0487802$ & $-0.00543813$ & $-0.0449621$ & $0.00213131$ \\
CuH_22r & $0.0656623$ & $-0.0565908$ & $0.0470446$ & $-0.0446537$ & $0.0138852$ & $0.00131115$ & $-0.104002$ & $0.100131$ & $0.113845$ & $-0.117118$ & $-0.0595639$ & $0.124898$ & $0.142877$ & $-0.0419761$ & $0.0643733$ & $0.0474614$ & $-0.0940717$ & $-0.117863$ & $-0.104527$ & $0.0617746$ & $0.0574479$ & $0.052362$ & $0.00247184$ & $-0.0927799$ & $-0.120942$ & $-0.0494275$ & $-0.00713767$ & $0.00508473$ & $0.0698432$ & $0.335746$ & $1$ & $-0.0175444$ & $0.402364$ & $0.0177768$ & $-0.108142$ & $0.00612398$ & $-0.0105177$ & $0.00318415$ & $0.0189765$ & $-0.0257908$ & $-0.0199323$ & $-0.029731$ & $0.043828$ & $0.0560588$ & $0.0459624$ & $0.00784791$ & $0.195734$ & $-0.0237795$ & $0.0054931$ \\
CuH_33r & $0.0404955$ & $-0.0924133$ & $-0.00849571$ & $0.0265899$ & $0.0201576$ & $0.0331222$ & $0.933138$ & $-0.0930315$ & $-0.0517335$ & $0.122127$ & $0.0532754$ & $-0.122783$ & $-0.258676$ & $0.0566686$ & $-0.0368064$ & $-0.00869317$ & $0.0738537$ & $0.102285$ & $0.0799456$ & $-0.0525253$ & $-0.0556523$ & $-0.0535588$ & $-0.00310047$ & $0.100651$ & $0.0779861$ & $0.0159788$ & $-0.0512042$ & $0.00231398$ & $-0.0234506$ & $0.00171197$ & $-0.0175444$ & $1$ & $0.0143575$ & $-0.0476157$ & $0.086356$ & $-0.00349916$ & $0.0195929$ & $0.000312385$ & $-0.0578072$ & $0.0617385$ & $0.0544958$ & $-0.0219351$ & $-0.02014$ & $-0.00320871$ & $-0.049786$ & $0.0273723$ & $-0.0654542$ & $-0.0788375$ & $0.00707979$ \\
CdH_33r & $-0.0514776$ & $0.0364174$ & $0.0918613$ & $0.0528504$ & $-0.0435109$ & $0.0143155$ & $-0.185713$ & $0.118371$ & $0.139102$ & $-0.175593$ & $-0.043136$ & $0.442641$ & $0.376182$ & $-0.0984241$ & $0.00457575$ & $0.0334724$ & $-0.160152$ & $-0.138908$ & $-0.160456$ & $0.0439444$ & $0.0502015$ & $0.0456866$ & $-0.0313074$ & $-0.148373$ & $-0.161479$ & $0.00146063$ & $0.0296399$ & $0.0206993$ & $0.0560926$ & $0.693678$ & $0.402364$ & $0.0143575$ & $1$ & $0.0844726$ & $0.0385227$ & $-0.0759958$ & $-0.11914$ & $-0.04786$ & $0.0151881$ & $-0.0343028$ & $0.07612$ & $-0.0527916$ & $-0.0618756$ & $0.0460028$ & $-0.00387295$ & $-0.0192828$ & $-0.000838549$ & $0.0317796$ & $0.286409$ \\
CLL_1221 & $-0.0344289$ & $0.0405335$ & $0.0136458$ & $0.000510873$ & $-0.0136564$ & $-0.107829$ & $-0.0524585$ & $0.554112$ & $0.546543$ & $-0.33593$ & $-0.3556$ & $0.0614572$ & $0.232074$ & $-0.222267$ & $-0.606429$ & $-0.122895$ & $-0.248484$ & $0.0500671$ & $-0.322909$ & $0.275274$ & $0.445858$ & $0.449091$ & $0.220371$ & $-0.633553$ & $-0.1836$ & $-0.249433$ & $0.701686$ & $0.16477$ & $0.0164627$ & $0.0514525$ & $0.0177768$ & $-0.0476157$ & $0.0844726$ & $1$ & $-0.0314967$ & $-0.0123816$ & $-0.0025526$ & $0.00515268$ & $-0.0358336$ & $0.0335087$ & $0.00616151$ & $0.0176568$ & $-0.00763415$ & $-0.0149635$ & $-0.00183377$ & $-0.0278842$ & $-0.0460303$ & $0.0059412$ & $0.0111203$ \\
eHggint & $-0.100472$ & $0.0430691$ & $-0.444097$ & $0.136559$ & $-0.0031616$ & $0.027532$ & $0.0171782$ & $-0.0561265$ & $-0.0616599$ & $0.0685889$ & $0.0537192$ & $0.0500934$ & $0.000491813$ & $-0.00439332$ & $-0.0190014$ & $-0.0440127$ & $-0.00322977$ & $0.0138744$ & $0.0378185$ & $-0.0565665$ & $-0.0535004$ & $-0.0414758$ & $-0.0271067$ & $0.0279834$ & $0.0222894$ & $0.0538742$ & $-0.0134596$ & $-0.0165535$ & $-0.0672652$ & $-0.0211597$ & $-0.108142$ & $0.086356$ & $0.0385227$ & $-0.0314967$ & $1$ & $-0.439818$ & $-0.311735$ & $0.0237137$ & $0.0055531$ & $0.0407878$ & $-0.0410605$ & $-0.0466345$ & $0.0650161$ & $0.010008$ & $0.118898$ & $0.365071$ & $-0.243253$ & $-0.17728$ & $0.277992$ \\
eHggpar & $0.0984314$ & $-0.220634$ & $0.130835$ & $-0.0563332$ & $0.00482377$ & $-0.0240977$ & $0.0110268$ & $-0.0451618$ & $-0.0395157$ & $0.00105099$ & $0.0547866$ & $-0.034456$ & $-0.0413886$ & $-0.0438173$ & $-0.0257465$ & $-0.00305157$ & $-0.000526408$ & $0.00469936$ & $-0.0177962$ & $-0.0570365$ & $-0.0571044$ & $-0.0587174$ & $0.0376007$ & $0.0014074$ & $0.00936396$ & $0.0236154$ & $-0.00233908$ & $-0.0238456$ & $0.0277045$ & $-0.0394618$ & $0.00612398$ & $-0.00349916$ & $-0.0759958$ & $-0.0123816$ & $-0.439818$ & $1$ & $0.230558$ & $-0.0350639$ & $0.105247$ & $0.0391752$ & $-0.160825$ & $0.0455844$ & $0.209485$ & $-0.0292553$ & $-0.135495$ & $-0.342825$ & $0.128096$ & $0.495675$ & $-0.346848$ \\
eHWWint & $-0.132689$ & $0.0336859$ & $-0.0589208$ & $-0.195941$ & $0.0523913$ & $-0.0261489$ & $0.0437086$ & $-0.0197657$ & $-0.0211117$ & $-0.0168394$ & $0.0235056$ & $-0.056379$ & $-0.0460739$ & $-0.0210323$ & $-0.00783859$ & $-0.0172461$ & $0.00589371$ & $-0.000786501$ & $0.00303767$ & $-0.0237918$ & $-0.0216145$ & $-0.0287556$ & $-0.00356964$ & $0.00769565$ & $0.0265936$ & $0.0338029$ & $0.0211638$ & $-0.0012155$ & $-0.0172241$ & $-0.106436$ & $-0.0105177$ & $0.0195929$ & $-0.11914$ & $-0.0025526$ & $-0.311735$ & $0.230558$ & $1$ & $-0.0659208$ & $0.124745$ & $0.0673525$ & $0.148268$ & $-0.0191398$ & $-0.0103757$ & $-0.0445694$ & $-0.255124$ & $-0.00102343$ & $0.0065983$ & $0.0589168$ & $-0.117768$ \\
eHWWpar & $-0.0489686$ & $0.00736583$ & $-0.0360846$ & $0.0213032$ & $0.00381548$ & $0.0570023$ & $0.00499695$ & $-0.0114953$ & $-0.022031$ & $-0.0241409$ & $0.0201345$ & $-0.0342015$ & $-0.02587$ & $-0.016148$ & $-0.0200068$ & $-0.0223849$ & $-0.0197762$ & $-0.00289242$ & $-0.00326624$ & $-0.0211928$ & $-0.0184435$ & $-0.01826$ & $0.0445312$ & $0.00632766$ & $-0.019951$ & $-0.0340282$ & $-0.00852208$ & $0.0041637$ & $0.0183539$ & $-0.0225325$ & $0.00318415$ & $0.000312385$ & $-0.04786$ & $0.00515268$ & $0.0237137$ & $-0.0350639$ & $-0.0659208$ & $1$ & $0.00903215$ & $-0.030247$ & $0.0117159$ & $0.0140658$ & $-0.0557985$ & $0.0161887$ & $0.0264986$ & $-0.0149782$ & $-0.00972772$ & $-0.0658576$ & $-0.0360969$ \\
eHZZint & $-0.268642$ & $-0.0984155$ & $-0.315504$ & $-0.164494$ & $-0.0119638$ & $0.0137615$ & $-0.0564781$ & $-0.0321854$ & $-0.0326001$ & $0.0368661$ & $0.0164955$ & $0.0185634$ & $0.0100201$ & $0.0183875$ & $0.00472756$ & $-0.0528135$ & $0.0324519$ & $0.0220917$ & $0.067322$ & $-0.0173001$ & $-0.0153125$ & $-0.0154441$ & $-0.0021405$ & $0.0487216$ & $0.0594775$ & $0.00734167$ & $0.00723187$ & $-0.00612266$ & $0.0326748$ & $-0.0103058$ & $0.0189765$ & $-0.0578072$ & $0.0151881$ & $-0.0358336$ & $0.0055531$ & $0.105247$ & $0.124745$ & $0.00903215$ & $1$ & $-0.120192$ & $-0.0582029$ & $0.0242238$ & $0.136432$ & $-0.0868122$ & $0.481907$ & $-0.249895$ & $0.312802$ & $0.085978$ & $0.155388$ \\
eHZZpar & $0.00138709$ & $-0.0816945$ & $-0.0119066$ & $0.0509064$ & $0.047956$ & $0.00248997$ & $0.0518309$ & $0.0118489$ & $0.00757633$ & $-0.0267115$ & $0.0112152$ & $-0.0178613$ & $-0.0179214$ & $-0.0354678$ & $-0.0292619$ & $-0.0145981$ & $-0.0388702$ & $-0.0192524$ & $-0.0373563$ & $-0.0147571$ & $-0.00761627$ & $-0.00745836$ & $-7.38716e-05$ & $-0.0421175$ & $-0.0400207$ & $0.00829098$ & $0.00510682$ & $-0.00719213$ & $-0.0271196$ & $-0.0227434$ & $-0.0257908$ & $0.0617385$ & $-0.0343028$ & $0.0335087$ & $0.0407878$ & $0.0391752$ & $0.0673525$ & $-0.030247$ & $-0.120192$ & $1$ & $-0.0549762$ & $0.0453873$ & $-0.0804531$ & $0.0283943$ & $-0.0592365$ & $-0.00274095$ & $-0.140595$ & $-0.052462$ & $-0.092871$ \\
eHZgaint & $-0.0693231$ & $0.0313203$ & $0.335156$ & $-0.138024$ & $-0.00479823$ & $0.0127477$ & $0.0516758$ & $0.00987116$ & $0.0174297$ & $-0.0429277$ & $0.0163326$ & $0.0196689$ & $0.0204348$ & $-0.0390293$ & $0.000853229$ & $0.0293421$ & $-0.0572582$ & $-0.0409917$ & $-0.0597215$ & $-0.0108035$ & $-0.0177725$ & $-0.0154983$ & $-0.00633583$ & $-0.024613$ & $-0.0287982$ & $0.0257096$ & $0.0144671$ & $-0.0196051$ & $0.0181904$ & $0.0211622$ & $-0.0199323$ & $0.0544958$ & $0.07612$ & $0.00616151$ & $-0.0410605$ & $-0.160825$ & $0.148268$ & $0.0117159$ & $-0.0582029$ & $-0.0549762$ & $1$ & $0.00820245$ & $-0.0610979$ & $-0.09212$ & $-0.0563761$ & $0.0321138$ & $-0.150277$ & $-0.0500619$ & $0.173308$ \\
eHZgapar & $-0.00128523$ & $-0.0815961$ & $-0.0625765$ & $0.0643993$ & $-0.0163787$ & $-0.00714402$ & $-0.0189526$ & $0.039407$ & $0.0344518$ & $-0.0147488$ & $-0.0511488$ & $-0.0298444$ & $-0.00426949$ & $0.0362503$ & $0.0158463$ & $0.0143136$ & $0.0256307$ & $0.0110926$ & $0.014268$ & $0.0483823$ & $0.0498499$ & $0.0496221$ & $0.0132667$ & $-0.0207614$ & $0.00688311$ & $-0.0457472$ & $0.00190065$ & $0.0186028$ & $0.0502352$ & $-0.0222292$ & $-0.029731$ & $-0.0219351$ & $-0.0527916$ & $0.0176568$ & $-0.0466345$ & $0.0455844$ & $-0.0191398$ & $0.0140658$ & $0.0242238$ & $0.0453873$ & $0.00820245$ & $1$ & $0.0578306$ & $-0.0623367$ & $-0.00868514$ & $0.00861666$ & $-0.0552183$ & $-0.0582833$ & $-0.0492271$ \\
eHgagaint & $-0.066881$ & $-0.332217$ & $0.0867974$ & $0.107286$ & $0.0241943$ & $0.0527832$ & $-0.0264213$ & $0.00235501$ & $0.0299726$ & $-0.0188617$ & $0.00141338$ & $-0.0291718$ & $-0.0136692$ & $0.0160677$ & $-0.0112474$ & $-0.0222247$ & $-0.0163163$ & $0.0068064$ & $0.0116301$ & $-0.00598283$ & $-0.00316329$ & $0.00223366$ & $0.0497383$ & $-0.00750359$ & $0.0277058$ & $-0.0237571$ & $0.0290016$ & $0.00160716$ & $-0.0196037$ & $-0.0245288$ & $0.043828$ & $-0.02014$ & $-0.0618756$ & $-0.00763415$ & $0.0650161$ & $0.209485$ & $-0.0103757$ & $-0.0557985$ & $0.136432$ & $-0.0804531$ & $-0.0610979$ & $0.0578306$ & $1$ & $-0.111955$ & $0.205855$ & $-0.0445495$ & $0.262036$ & $0.0489783$ & $-0.124808$ \\
eHmumuint & $-0.0011318$ & $0.0899848$ & $0.152036$ & $-0.0471489$ & $-0.0480206$ & $-0.00824924$ & $0.00190014$ & $-0.00923586$ & $-0.0128722$ & $0.0254509$ & $-0.00432174$ & $0.00823249$ & $0.000630928$ & $0.0124534$ & $0.0197471$ & $-0.0038439$ & $0.0370455$ & $0.0100889$ & $0.0375126$ & $0.00557739$ & $0.00542073$ & $0.0117075$ & $0.0234223$ & $0.0215246$ & $0.019312$ & $-0.0234349$ & $-0.00684844$ & $-0.0263409$ & $0.0333467$ & $0.00843623$ & $0.0560588$ & $-0.00320871$ & $0.0460028$ & $-0.0149635$ & $0.010008$ & $-0.0292553$ & $-0.0445694$ & $0.0161887$ & $-0.0868122$ & $0.0283943$ & $-0.09212$ & $-0.0623367$ & $-0.111955$ & $1$ & $-0.390213$ & $0.0630438$ & $0.036663$ & $-0.133706$ & $0.141373$ \\
eHtautauint & $-0.207353$ & $-0.121917$ & $-0.167524$ & $0.0193603$ & $0.0320411$ & $0.0158036$ & $-0.0555541$ & $0.0334507$ & $0.0364176$ & $-0.0392056$ & $-0.0260748$ & $0.0307702$ & $0.0552847$ & $-0.000124321$ & $0.0261599$ & $-0.0130687$ & $-0.0162061$ & $-0.0322449$ & $-0.00214676$ & $0.0239982$ & $0.0252407$ & $0.0298296$ & $0.00698842$ & $-0.0160265$ & $-0.010084$ & $-0.0324569$ & $0.00873071$ & $0.00809053$ & $0.0191273$ & $0.0775167$ & $0.0459624$ & $-0.049786$ & $-0.00387295$ & $-0.00183377$ & $0.118898$ & $-0.135495$ & $-0.255124$ & $0.0264986$ & $0.481907$ & $-0.0592365$ & $-0.0563761$ & $-0.00868514$ & $0.205855$ & $-0.390213$ & $1$ & $-0.122347$ & $0.366994$ & $-0.0337532$ & $-0.0635135$ \\
eHccint & $0.0926765$ & $0.000981296$ & $-0.420576$ & $0.233137$ & $-0.0216116$ & $0.011014$ & $0.0144187$ & $-0.0102725$ & $-0.0163446$ & $0.00778825$ & $0.0108566$ & $-0.00314732$ & $-0.00731362$ & $-0.00772987$ & $0.0209457$ & $0.0163121$ & $-0.0134956$ & $-0.0190597$ & $-0.0115178$ & $-0.0107611$ & $-0.0178083$ & $-0.0156559$ & $-0.0135652$ & $-0.00834701$ & $-0.0399681$ & $0.0133514$ & $-0.0502972$ & $-0.0331032$ & $-0.0434746$ & $-0.0487802$ & $0.00784791$ & $0.0273723$ & $-0.0192828$ & $-0.0278842$ & $0.365071$ & $-0.342825$ & $-0.00102343$ & $-0.0149782$ & $-0.249895$ & $-0.00274095$ & $0.0321138$ & $0.00861666$ & $-0.0445495$ & $0.0630438$ & $-0.122347$ & $1$ & $-0.0396003$ & $-0.19956$ & $0.128563$ \\
eHccpar & $0.0930041$ & $-0.2362$ & $-0.0367792$ & $-0.12261$ & $0.0129897$ & $-0.022689$ & $-0.0287893$ & $0.012189$ & $0.0213496$ & $-0.0173825$ & $-0.02855$ & $-0.0381519$ & $-0.00639626$ & $0.0350795$ & $0.0537069$ & $0.00197761$ & $0.0265994$ & $-0.00810959$ & $0.0338743$ & $0.0267601$ & $0.0216502$ & $0.019485$ & $0.00692916$ & $0.0136155$ & $-0.00319579$ & $-0.0424291$ & $-0.0359886$ & $-0.0174568$ & $0.0137613$ & $-0.00543813$ & $0.195734$ & $-0.0654542$ & $-0.000838549$ & $-0.0460303$ & $-0.243253$ & $0.128096$ & $0.0065983$ & $-0.00972772$ & $0.312802$ & $-0.140595$ & $-0.150277$ & $-0.0552183$ & $0.262036$ & $0.036663$ & $0.366994$ & $-0.0396003$ & $1$ & $0.101709$ & $0.0754009$ \\
eHbbint & $-0.0776513$ & $0.207763$ & $0.0629257$ & $0.00345331$ & $0.0177269$ & $0.0259742$ & $-0.0677287$ & $-0.0703975$ & $-0.0695322$ & $0.0289575$ & $0.0709735$ & $-0.00736127$ & $-0.0258556$ & $-0.0165323$ & $-0.0706009$ & $-0.0128858$ & $-0.0053506$ & $0.0478098$ & $0.00143484$ & $-0.0672586$ & $-0.0649243$ & $-0.0612104$ & $0.028433$ & $0.0267692$ & $0.0324079$ & $0.0378611$ & $0.00151591$ & $-0.0308386$ & $-0.0237554$ & $-0.0449621$ & $-0.0237795$ & $-0.0788375$ & $0.0317796$ & $0.0059412$ & $-0.17728$ & $0.495675$ & $0.0589168$ & $-0.0658576$ & $0.085978$ & $-0.052462$ & $-0.0500619$ & $-0.0582833$ & $0.0489783$ & $-0.133706$ & $-0.0337532$ & $-0.19956$ & $0.101709$ & $1$ & $-0.191849$ \\
eHbbpar & $-0.12122$ & $0.0208533$ & $-0.00292679$ & $0.112481$ & $-0.0779374$ & $0.00292261$ & $-0.0108625$ & $0.0180814$ & $0.0158643$ & $0.00608113$ & $-0.0294682$ & $0.00864436$ & $0.0157805$ & $0.0391462$ & $-0.000729311$ & $-0.0202287$ & $0.0159775$ & $0.0208525$ & $0.0388817$ & $0.0276477$ & $0.031659$ & $0.0323064$ & $-0.0219738$ & $0.0125408$ & $0.0175987$ & $-0.0136371$ & $0.00792766$ & $0.0121777$ & $-0.018324$ & $0.00213131$ & $0.0054931$ & $0.00707979$ & $0.286409$ & $0.0111203$ & $0.277992$ & $-0.346848$ & $-0.117768$ & $-0.0360969$ & $0.155388$ & $-0.092871$ & $0.173308$ & $-0.0492271$ & $-0.124808$ & $0.141373$ & $-0.0635135$ & $0.128563$ & $0.0754009$ & $-0.191849$ & $1$ \\
