 & AlsMz & dAle5Mz & mtop & mHl & Mz & CW & CHG & CHWB & CHWHB_gaga & CHWHB_gagaorth & CHD & CHbox & CH & CHL1_11 & CHL1_22 & CHL1_33 & CHL3_11 & CHL3_22 & CHL3_33 & CHe_11 & CHe_22 & CHe_33 & CHQ1_11 & CHQ1_33 & CHQ3_11 & CHu_11 & CHd_11 & CHd_33 & CeH_22r & CeH_33r & CuH_22r & CuH_33r & CdH_33r & CLL_1221 & eHggint & eHggpar & eHWWint & eHWWpar & eHZZint & eHZZpar & eHZgaint & eHZgapar & eHgagaint & eHmumuint & eHtautauint & eHccint & eHccpar & eHbbint & eHbbpar \\
AlsMz & $1$ & $0.109378$ & $0.270207$ & $0.231269$ & $0.00617808$ & $-0.0151997$ & $-0.00277325$ & $-0.0317836$ & $-0.030001$ & $0.032397$ & $0.0253218$ & $0.00418489$ & $-0.0106009$ & $-0.0108208$ & $-0.00314703$ & $-0.0110635$ & $0.00738724$ & $0.00488091$ & $0.0100982$ & $-0.0276036$ & $-0.0281139$ & $-0.0285152$ & $-0.00844071$ & $-0.0293734$ & $-0.0820828$ & $-0.0096654$ & $-0.0428734$ & $0.000920174$ & $0.00780961$ & $-0.0287209$ & $-0.0773553$ & $0.00169778$ & $-0.0219877$ & $-0.0154008$ & $0.0866986$ & $0.163246$ & $-0.014767$ & $-0.0330905$ & $-0.186441$ & $0.0352102$ & $-0.266446$ & $0.00428244$ & $0.0858859$ & $-0.00470847$ & $-0.0813189$ & $0.0731706$ & $-0.232806$ & $-0.0825723$ & $0.0384582$ \\
dAle5Mz & $0.109378$ & $1$ & $0.0331253$ & $0.310551$ & $-0.00158758$ & $0.0174505$ & $0.0331163$ & $-0.0515019$ & $-0.0623338$ & $0.0240182$ & $0.0290947$ & $-0.016137$ & $-0.0268575$ & $0.00884575$ & $-0.0287193$ & $-0.0241554$ & $0.030878$ & $0.0384257$ & $0.0349491$ & $-0.0137724$ & $-0.00822743$ & $-0.00771676$ & $0.00324945$ & $0.0141207$ & $0.0435733$ & $0.0145585$ & $0.0347761$ & $-0.00684081$ & $-0.00727847$ & $-0.0374482$ & $0.0475606$ & $0.0215294$ & $-0.128651$ & $0.0310774$ & $-0.139496$ & $0.0893009$ & $0.278587$ & $-0.0299599$ & $-0.0318888$ & $-0.0370116$ & $-0.102573$ & $0.0158546$ & $-0.271316$ & $0.30304$ & $0.118532$ & $-0.0527673$ & $0.211437$ & $0.094864$ & $-0.249435$ \\
mtop & $0.270207$ & $0.0331253$ & $1$ & $0.122492$ & $-0.0140222$ & $0.020779$ & $-0.0347451$ & $-0.0577963$ & $-0.0681913$ & $0.0385307$ & $0.0505118$ & $0.0211994$ & $-0.0120238$ & $0.00440868$ & $0.0484362$ & $0.0466936$ & $0.00676686$ & $-0.00722552$ & $-0.009215$ & $-0.0361511$ & $-0.0560025$ & $-0.0555999$ & $-0.0580305$ & $0.0453103$ & $-0.0653528$ & $0.0291203$ & $-0.143395$ & $-0.0299367$ & $0.0101555$ & $-0.0121683$ & $-0.0375703$ & $-0.0152831$ & $-0.00585242$ & $-0.0879701$ & $0.203668$ & $0.185391$ & $-0.025326$ & $-0.0449706$ & $-0.0839237$ & $-0.0240437$ & $0.111802$ & $0.0484631$ & $-0.140812$ & $0.0428029$ & $0.00387916$ & $-0.0732002$ & $-0.0874839$ & $0.137021$ & $-0.00653318$ \\
mHl & $0.231269$ & $0.310551$ & $0.122492$ & $1$ & $-0.0198821$ & $0.0118023$ & $0.0680549$ & $-0.033104$ & $-0.0317093$ & $0.0182134$ & $0.0330203$ & $0.00702375$ & $-0.00931999$ & $-0.0162773$ & $-0.0247667$ & $-0.0412965$ & $-0.00265349$ & $0.00796459$ & $0.0187393$ & $-0.0304318$ & $-0.0248543$ & $-0.0263181$ & $0.0125127$ & $-0.0100184$ & $-0.01145$ & $0.00233212$ & $0.00374037$ & $-0.0114171$ & $0.0106623$ & $-0.00362748$ & $-0.00414458$ & $0.0826973$ & $-0.0496501$ & $0.00812548$ & $0.0657877$ & $0.275555$ & $0.0115307$ & $-0.00900125$ & $0.13847$ & $0.0347532$ & $-0.154368$ & $0.0153964$ & $0.00759522$ & $0.245434$ & $-0.00380748$ & $0.169795$ & $-0.04223$ & $-0.0941306$ & $-0.08544$ \\
Mz & $0.00617808$ & $-0.00158758$ & $-0.0140222$ & $-0.0198821$ & $1$ & $-0.000718481$ & $0.0145773$ & $-0.0248334$ & $-0.0236404$ & $0.0231866$ & $0.027593$ & $-0.00385475$ & $-0.0177532$ & $0.0125016$ & $0.00882551$ & $0.0137821$ & $0.0117853$ & $0.00915593$ & $0.00354249$ & $-0.0150988$ & $-0.0182758$ & $-0.0193539$ & $0.00208423$ & $0.0257876$ & $0.00616608$ & $-0.00034487$ & $-0.0279316$ & $-0.0142007$ & $-0.0162237$ & $-0.0122717$ & $-0.0171122$ & $0.0130915$ & $-0.0157859$ & $-0.0304977$ & $0.0160804$ & $0.00821966$ & $0.00189854$ & $0.0108179$ & $-0.00559349$ & $0.0191281$ & $-0.000648726$ & $0.0111689$ & $0.0164689$ & $-0.00937435$ & $0.0167962$ & $0.00426399$ & $0.0212953$ & $0.00600462$ & $0.00808921$ \\
CW & $-0.0151997$ & $0.0174505$ & $0.020779$ & $0.0118023$ & $-0.000718481$ & $1$ & $0.00406761$ & $-0.131584$ & $-0.128472$ & $0.0130329$ & $0.193971$ & $0.044604$ & $0.00843046$ & $0.0120205$ & $-0.0709916$ & $-0.0748432$ & $-0.267143$ & $-0.0594469$ & $-0.0564496$ & $-0.189842$ & $-0.197847$ & $-0.195522$ & $-0.0160502$ & $0.00512237$ & $-0.0977719$ & $0.114089$ & $-0.0961028$ & $-0.0574033$ & $0.00117267$ & $0.00746771$ & $0.00275426$ & $0.00547206$ & $0.0104618$ & $-0.133967$ & $-0.0117032$ & $0.0202323$ & $0.00767091$ & $0.00952172$ & $-0.0175579$ & $-0.00860727$ & $0.00571313$ & $-0.00364165$ & $-0.0342899$ & $-0.0241175$ & $0.00803225$ & $0.0160074$ & $0.0198037$ & $0.0108752$ & $0.0322637$ \\
CHG & $-0.00277325$ & $0.0331163$ & $-0.0347451$ & $0.0680549$ & $0.0145773$ & $0.00406761$ & $1$ & $-0.092619$ & $-0.0411527$ & $0.0741301$ & $0.049421$ & $-0.216801$ & $-0.294872$ & $0.0607811$ & $-0.0154886$ & $-0.0425157$ & $0.0867305$ & $0.0909138$ & $0.109484$ & $-0.0487041$ & $-0.0511342$ & $-0.0521908$ & $-0.00292753$ & $0.0981833$ & $0.0954657$ & $0.0232161$ & $-0.0334504$ & $-0.02548$ & $0.00751803$ & $-0.131934$ & $-0.0729045$ & $0.937517$ & $-0.179422$ & $-0.0624518$ & $-0.0578605$ & $-0.0014987$ & $-9.13123e-06$ & $0.0303274$ & $-0.00369702$ & $-0.0152727$ & $-0.0288632$ & $0.0102394$ & $0.0046675$ & $-0.024324$ & $-0.0184203$ & $0.00510997$ & $-0.00205648$ & $-0.0299248$ & $-0.0283581$ \\
CHWB & $-0.0317836$ & $-0.0515019$ & $-0.0577963$ & $-0.033104$ & $-0.0248334$ & $-0.131584$ & $-0.092619$ & $1$ & $0.985934$ & $-0.587322$ & $-0.883356$ & $0.0631906$ & $0.355406$ & $0.0926287$ & $0.306919$ & $0.298949$ & $-0.24568$ & $-0.446265$ & $-0.441669$ & $0.855176$ & $0.899802$ & $0.883075$ & $0.0683425$ & $-0.684971$ & $-0.41041$ & $-0.51118$ & $0.430969$ & $0.323051$ & $0.0225214$ & $0.12771$ & $0.0494898$ & $-0.0872704$ & $0.130866$ & $0.566557$ & $-0.0120286$ & $-0.0468469$ & $0.00641141$ & $-0.019706$ & $0.0284182$ & $0.00173859$ & $0.0279944$ & $0.00389759$ & $0.0537885$ & $0.0356111$ & $-0.00949572$ & $-0.0748365$ & $-0.00343692$ & $0.00756735$ & $-0.0275997$ \\
CHWHB_gaga & $-0.030001$ & $-0.0623338$ & $-0.0681913$ & $-0.0317093$ & $-0.0236404$ & $-0.128472$ & $-0.0411527$ & $0.985934$ & $1$ & $-0.576421$ & $-0.868088$ & $0.0774097$ & $0.35136$ & $0.0857245$ & $0.301894$ & $0.292817$ & $-0.248336$ & $-0.444776$ & $-0.439545$ & $0.840205$ & $0.884082$ & $0.867533$ & $0.0682986$ & $-0.678511$ & $-0.407581$ & $-0.502053$ & $0.427157$ & $0.316161$ & $0.0288766$ & $0.148328$ & $0.061141$ & $-0.0438285$ & $0.152142$ & $0.55817$ & $-0.023202$ & $-0.0458988$ & $0.000474173$ & $-0.0193839$ & $0.0251098$ & $-0.000659802$ & $0.0316486$ & $0.000821898$ & $0.0947048$ & $0.0256429$ & $-0.0022907$ & $-0.0800161$ & $-0.00315031$ & $0.00475107$ & $-0.0311418$ \\
CHWHB_gagaorth & $0.032397$ & $0.0240182$ & $0.0385307$ & $0.0182134$ & $0.0231866$ & $0.0130329$ & $0.0741301$ & $-0.587322$ & $-0.576421$ & $1$ & $0.378197$ & $0.245036$ & $-0.25962$ & $0.221026$ & $-0.135637$ & $-0.131326$ & $0.434357$ & $0.494283$ & $0.490772$ & $-0.363894$ & $-0.394149$ & $-0.389599$ & $-0.0547048$ & $0.566245$ & $0.476845$ & $0.223853$ & $-0.255161$ & $-0.146685$ & $-0.019294$ & $-0.13939$ & $-0.0715251$ & $0.0887181$ & $-0.147574$ & $-0.360378$ & $0.0313921$ & $0.0239584$ & $-0.0190688$ & $0.0185843$ & $0.00429956$ & $0.00992313$ & $-0.0478074$ & $0.000822128$ & $-0.0216824$ & $-0.0332237$ & $-0.00946859$ & $0.0650589$ & $-0.027338$ & $-0.00147832$ & $0.0203092$ \\
CHD & $0.0253218$ & $0.0290947$ & $0.0505118$ & $0.0330203$ & $0.027593$ & $0.193971$ & $0.049421$ & $-0.883356$ & $-0.868088$ & $0.378197$ & $1$ & $0.0853897$ & $-0.176874$ & $-0.501594$ & $-0.425987$ & $-0.416604$ & $-0.202112$ & $0.0871959$ & $0.0833025$ & $-0.990609$ & $-0.991514$ & $-0.970602$ & $-0.0119441$ & $0.331552$ & $0.0365866$ & $0.565628$ & $-0.30064$ & $-0.348594$ & $-0.00965647$ & $-0.0786332$ & $-0.0288593$ & $0.0547742$ & $-0.0762733$ & $-0.377156$ & $0.0212921$ & $0.0519107$ & $-0.0079828$ & $0.014403$ & $-0.0326823$ & $-0.00508425$ & $-0.00670536$ & $-0.00679766$ & $-0.0458739$ & $-0.0165705$ & $0.0148297$ & $0.0595466$ & $0.0124999$ & $-0.00914051$ & $0.0291768$ \\
CHbox & $0.00418489$ & $-0.016137$ & $0.0211994$ & $0.00702375$ & $-0.00385475$ & $0.044604$ & $-0.216801$ & $0.0631906$ & $0.0774097$ & $0.245036$ & $0.0853897$ & $1$ & $0.737391$ & $-0.28776$ & $0.0267217$ & $0.0322398$ & $-0.31569$ & $-0.294101$ & $-0.298098$ & $-0.0730844$ & $-0.0859854$ & $-0.0802157$ & $-0.00349797$ & $-0.199512$ & $-0.297696$ & $0.0475309$ & $-0.0300617$ & $-0.0357009$ & $0.0525074$ & $0.338294$ & $0.105485$ & $-0.128778$ & $0.424293$ & $0.0186213$ & $0.0665283$ & $0.0307165$ & $-0.041015$ & $0.00519653$ & $-0.00491988$ & $0.00844369$ & $-0.00624366$ & $0.00314597$ & $0.000636438$ & $0.0262218$ & $-0.0250004$ & $0.0386487$ & $-0.0198111$ & $0.0239431$ & $0.00224375$ \\
CH & $-0.0106009$ & $-0.0268575$ & $-0.0120238$ & $-0.00931999$ & $-0.0177532$ & $0.00843046$ & $-0.294872$ & $0.355406$ & $0.35136$ & $-0.25962$ & $-0.176874$ & $0.737391$ & $1$ & $-0.243498$ & $0.0890756$ & $0.0926507$ & $-0.373117$ & $-0.399581$ & $-0.401491$ & $0.173756$ & $0.184769$ & $0.18576$ & $0.0230919$ & $-0.399769$ & $-0.395883$ & $-0.105184$ & $0.122393$ & $0.0621826$ & $0.0468104$ & $0.292598$ & $0.118434$ & $-0.242567$ & $0.366158$ & $0.208448$ & $0.0328752$ & $0.00553893$ & $-0.0268736$ & $-0.0113651$ & $-0.0066559$ & $0.00848872$ & $0.0190544$ & $0.00112137$ & $0.0134164$ & $0.0323611$ & $-0.00975632$ & $-0.00350055$ & $-0.00141128$ & $0.0259166$ & $-0.00555222$ \\
CHL1_11 & $-0.0108208$ & $0.00884575$ & $0.00440868$ & $-0.0162773$ & $0.0125016$ & $0.0120205$ & $0.0607811$ & $0.0926287$ & $0.0857245$ & $0.221026$ & $-0.501594$ & $-0.28776$ & $-0.243498$ & $1$ & $0.276236$ & $0.268264$ & $0.657062$ & $0.587895$ & $0.589903$ & $0.521322$ & $0.462299$ & $0.446917$ & $-0.0851222$ & $0.46232$ & $0.591207$ & $-0.268233$ & $-0.112187$ & $0.152487$ & $-0.0188542$ & $-0.0536775$ & $-0.0284148$ & $0.0400547$ & $-0.062369$ & $-0.217863$ & $-0.0215512$ & $-0.0250739$ & $0.00310439$ & $0.00276653$ & $0.0136144$ & $0.00811255$ & $-0.0288472$ & $0.00511767$ & $0.000287818$ & $-0.0373731$ & $-0.0116883$ & $0.00320024$ & $-0.0186968$ & $0.0120843$ & $-0.00253232$ \\
CHL1_22 & $-0.00314703$ & $-0.0287193$ & $0.0484362$ & $-0.0247667$ & $0.00882551$ & $-0.0709916$ & $-0.0154886$ & $0.306919$ & $0.301894$ & $-0.135637$ & $-0.425987$ & $0.0267217$ & $0.0890756$ & $0.276236$ & $1$ & $0.437704$ & $0.153101$ & $-0.455661$ & $-0.0338345$ & $0.490142$ & $0.344299$ & $0.335213$ & $-0.168232$ & $0.0872642$ & $-0.139812$ & $-0.208855$ & $-0.384107$ & $0.104719$ & $0.00647835$ & $0.0454776$ & $0.0305885$ & $-0.0106599$ & $0.0470152$ & $-0.581372$ & $0.00130573$ & $0.0164446$ & $-0.0120882$ & $0.0242342$ & $0.0252055$ & $-0.00366925$ & $-0.0169843$ & $0.00440839$ & $-0.00802858$ & $0.0104531$ & $-0.0579356$ & $0.050545$ & $-0.013025$ & $0.0109148$ & $-0.00155228$ \\
CHL1_33 & $-0.0110635$ & $-0.0241554$ & $0.0466936$ & $-0.0412965$ & $0.0137821$ & $-0.0748432$ & $-0.0425157$ & $0.298949$ & $0.292817$ & $-0.131326$ & $-0.416604$ & $0.0322398$ & $0.0926507$ & $0.268264$ & $0.437704$ & $1$ & $0.154098$ & $-0.028456$ & $-0.44135$ & $0.479652$ & $0.337897$ & $0.355432$ & $-0.154298$ & $0.0909144$ & $-0.129876$ & $-0.20979$ & $-0.372147$ & $0.115991$ & $0.0136137$ & $0.0472829$ & $0.0275493$ & $-0.0355455$ & $0.0545551$ & $-0.0869145$ & $0.00447556$ & $0.00150529$ & $-0.00547922$ & $0.0194513$ & $0.00667419$ & $-0.00959965$ & $0.0102963$ & $0.0152016$ & $-0.00969213$ & $-0.0158869$ & $-0.0320595$ & $0.024751$ & $-0.00712688$ & $0.0186304$ & $0.00190369$ \\
CHL3_11 & $0.00738724$ & $0.030878$ & $0.00676686$ & $-0.00265349$ & $0.0117853$ & $-0.267143$ & $0.0867305$ & $-0.24568$ & $-0.248336$ & $0.434357$ & $-0.202112$ & $-0.31569$ & $-0.373117$ & $0.657062$ & $0.153101$ & $0.154098$ & $1$ & $0.737237$ & $0.734531$ & $0.224262$ & $0.17101$ & $0.163426$ & $-0.07776$ & $0.672893$ & $0.781292$ & $-0.0977856$ & $-0.160658$ & $0.0475734$ & $-0.0279071$ & $-0.108472$ & $-0.0461161$ & $0.0639121$ & $-0.121139$ & $-0.246715$ & $-0.0149489$ & $-0.017985$ & $0.000796446$ & $0.00682507$ & $0.015512$ & $0.00779916$ & $-0.0325517$ & $0.0058037$ & $-0.00515678$ & $-0.036231$ & $-0.00426339$ & $0.0165859$ & $-0.0198937$ & $-0.00258574$ & $-0.00805146$ \\
CHL3_22 & $0.00488091$ & $0.0384257$ & $-0.00722552$ & $0.00796459$ & $0.00915593$ & $-0.0594469$ & $0.0909138$ & $-0.446265$ & $-0.444776$ & $0.494283$ & $0.0871959$ & $-0.294101$ & $-0.399581$ & $0.587895$ & $-0.455661$ & $-0.028456$ & $0.737237$ & $1$ & $0.672507$ & $-0.0887718$ & $-0.0817125$ & $-0.0808056$ & $-0.00157653$ & $0.62762$ & $0.795848$ & $0.0494022$ & $-0.0192512$ & $-0.0297443$ & $-0.0282307$ & $-0.123834$ & $-0.060458$ & $0.0683185$ & $-0.132701$ & $0.0269768$ & $-0.0131988$ & $-0.0204856$ & $0.00473746$ & $-0.00384373$ & $-0.00892777$ & $0.00825757$ & $-0.0217833$ & $0.00296519$ & $-0.00781521$ & $-0.0517463$ & $0.0268868$ & $-0.00238736$ & $-0.0120623$ & $-0.0028483$ & $0.00428713$ \\
CHL3_33 & $0.0100982$ & $0.0349491$ & $-0.009215$ & $0.0187393$ & $0.00354249$ & $-0.0564496$ & $0.109484$ & $-0.441669$ & $-0.439545$ & $0.490772$ & $0.0833025$ & $-0.298098$ & $-0.401491$ & $0.589903$ & $-0.0338345$ & $-0.44135$ & $0.734531$ & $0.672507$ & $1$ & $-0.0848671$ & $-0.0779338$ & $-0.076086$ & $-0.00650326$ & $0.622601$ & $0.793385$ & $0.0507681$ & $-0.01731$ & $-0.0384199$ & $-0.033785$ & $-0.125367$ & $-0.0582598$ & $0.0851119$ & $-0.138395$ & $-0.34847$ & $-0.0170131$ & $-0.00992177$ & $0.00296526$ & $-0.00267639$ & $0.00416524$ & $0.0121682$ & $-0.0440319$ & $-0.00416728$ & $-0.00862338$ & $-0.0323456$ & $0.00940162$ & $0.0154623$ & $-0.0148317$ & $-0.00924088$ & $0.00281029$ \\
CHe_11 & $-0.0276036$ & $-0.0137724$ & $-0.0361511$ & $-0.0304318$ & $-0.0150988$ & $-0.189842$ & $-0.0487041$ & $0.855176$ & $0.840205$ & $-0.363894$ & $-0.990609$ & $-0.0730844$ & $0.173756$ & $0.521322$ & $0.490142$ & $0.479652$ & $0.224262$ & $-0.0887718$ & $-0.0848671$ & $1$ & $0.973385$ & $0.953338$ & $-0.0123324$ & $-0.278595$ & $-0.0297558$ & $-0.557029$ & $0.226298$ & $0.340483$ & $0.00952019$ & $0.0780834$ & $0.0315001$ & $-0.0528851$ & $0.0756546$ & $0.29893$ & $-0.0214249$ & $-0.0454916$ & $0.010254$ & $-0.0110331$ & $0.03162$ & $0.0025178$ & $0.00523947$ & $0.00820749$ & $0.0359177$ & $0.018608$ & $-0.0167146$ & $-0.0507016$ & $-0.00908963$ & $0.0133347$ & $-0.0303146$ \\
CHe_22 & $-0.0281139$ & $-0.00822743$ & $-0.0560025$ & $-0.0248543$ & $-0.0182758$ & $-0.197847$ & $-0.0511342$ & $0.899802$ & $0.884082$ & $-0.394149$ & $-0.991514$ & $-0.0859854$ & $0.184769$ & $0.462299$ & $0.344299$ & $0.337897$ & $0.17101$ & $-0.0817125$ & $-0.0779338$ & $0.973385$ & $1$ & $0.975403$ & $0.0386758$ & $-0.38492$ & $-0.0419442$ & $-0.566788$ & $0.379513$ & $0.352032$ & $0.00973794$ & $0.0787666$ & $0.0292575$ & $-0.0571311$ & $0.0742139$ & $0.460875$ & $-0.0245922$ & $-0.0540591$ & $0.0157257$ & $-0.0197926$ & $0.0322885$ & $0.00480362$ & $0.00917008$ & $0.00633925$ & $0.0433242$ & $0.025483$ & $-0.00565197$ & $-0.0716234$ & $-0.00545874$ & $0.0107074$ & $-0.0358368$ \\
CHe_33 & $-0.0285152$ & $-0.00771676$ & $-0.0555999$ & $-0.0263181$ & $-0.0193539$ & $-0.195522$ & $-0.0521908$ & $0.883075$ & $0.867533$ & $-0.389599$ & $-0.970602$ & $-0.0802157$ & $0.18576$ & $0.446917$ & $0.335213$ & $0.355432$ & $0.163426$ & $-0.0808056$ & $-0.076086$ & $0.953338$ & $0.975403$ & $1$ & $0.0402713$ & $-0.379193$ & $-0.0422$ & $-0.554051$ & $0.375207$ & $0.345501$ & $0.00939585$ & $0.0778311$ & $0.0271033$ & $-0.0577446$ & $0.0735076$ & $0.457279$ & $-0.0252926$ & $-0.054979$ & $0.0183005$ & $-0.0208112$ & $0.0304987$ & $0.00385978$ & $0.00733195$ & $0.00791595$ & $0.0410113$ & $0.0265496$ & $-0.00568821$ & $-0.0728567$ & $-0.00499071$ & $0.0114896$ & $-0.0368733$ \\
CHQ1_11 & $-0.00844071$ & $0.00324945$ & $-0.0580305$ & $0.0125127$ & $0.00208423$ & $-0.0160502$ & $-0.00292753$ & $0.0683425$ & $0.0682986$ & $-0.0547048$ & $-0.0119441$ & $-0.00349797$ & $0.0230919$ & $-0.0851222$ & $-0.168232$ & $-0.154298$ & $-0.07776$ & $-0.00157653$ & $-0.00650326$ & $-0.0123324$ & $0.0386758$ & $0.0402713$ & $1$ & $-0.141581$ & $0.0706013$ & $-0.672424$ & $0.340698$ & $0.0159626$ & $0.0070047$ & $0.00301246$ & $-0.00267294$ & $-0.00337893$ & $-0.00265694$ & $0.199864$ & $-0.00974883$ & $-0.0228782$ & $0.0188139$ & $-0.0126026$ & $0.0158439$ & $0.00506634$ & $0.0163765$ & $-0.00462873$ & $0.0312651$ & $0.0206397$ & $0.00947837$ & $-0.0598393$ & $0.00257869$ & $-0.0116861$ & $-0.0141972$ \\
CHQ1_33 & $-0.0293734$ & $0.0141207$ & $0.0453103$ & $-0.0100184$ & $0.0257876$ & $0.00512237$ & $0.0981833$ & $-0.684971$ & $-0.678511$ & $0.566245$ & $0.331552$ & $-0.199512$ & $-0.399769$ & $0.46232$ & $0.0872642$ & $0.0909144$ & $0.672893$ & $0.62762$ & $0.622601$ & $-0.278595$ & $-0.38492$ & $-0.379193$ & $-0.141581$ & $1$ & $0.643696$ & $0.215535$ & $-0.433219$ & $-0.0534289$ & $-0.0245403$ & $-0.12408$ & $-0.0464653$ & $0.0832001$ & $-0.124179$ & $-0.63143$ & $-0.00752349$ & $0.0101046$ & $-0.00674383$ & $0.0202783$ & $0.000185609$ & $0.000491188$ & $-0.0243344$ & $0.00212713$ & $-0.0391953$ & $-0.0516138$ & $-0.00644614$ & $0.055754$ & $-0.00726609$ & $0.00683122$ & $0.022775$ \\
CHQ3_11 & $-0.0820828$ & $0.0435733$ & $-0.0653528$ & $-0.01145$ & $0.00616608$ & $-0.0977719$ & $0.0954657$ & $-0.41041$ & $-0.407581$ & $0.476845$ & $0.0365866$ & $-0.297696$ & $-0.395883$ & $0.591207$ & $-0.139812$ & $-0.129876$ & $0.781292$ & $0.795848$ & $0.793385$ & $-0.0297558$ & $-0.0419442$ & $-0.0422$ & $0.0706013$ & $0.643696$ & $1$ & $0.0302098$ & $0.192847$ & $-0.0212601$ & $-0.0291997$ & $-0.12101$ & $-0.047753$ & $0.0691578$ & $-0.138715$ & $-0.202355$ & $-0.0340994$ & $-0.0456559$ & $0.0138078$ & $-0.0165072$ & $0.0226422$ & $0.00756075$ & $-0.00862698$ & $-0.000755244$ & $0.00536707$ & $-0.026114$ & $0.0418266$ & $-0.0290242$ & $0.0113971$ & $0.00719987$ & $-0.0211747$ \\
CHu_11 & $-0.0096654$ & $0.0145585$ & $0.0291203$ & $0.00233212$ & $-0.00034487$ & $0.114089$ & $0.0232161$ & $-0.51118$ & $-0.502053$ & $0.223853$ & $0.565628$ & $0.0475309$ & $-0.105184$ & $-0.268233$ & $-0.208855$ & $-0.20979$ & $-0.0977856$ & $0.0494022$ & $0.0507681$ & $-0.557029$ & $-0.566788$ & $-0.554051$ & $-0.672424$ & $0.215535$ & $0.0302098$ & $1$ & $-0.172126$ & $-0.198209$ & $-0.00664552$ & $-0.0414997$ & $-0.0144409$ & $0.0238748$ & $-0.0428663$ & $-0.25007$ & $0.00115204$ & $0.024854$ & $-0.011556$ & $0.00324828$ & $-0.024673$ & $-0.0040768$ & $-0.00123271$ & $-0.00682773$ & $-0.0241243$ & $-0.0187761$ & $0.0320523$ & $0.0433346$ & $0.0158786$ & $0.00773399$ & $0.0110806$ \\
CHd_11 & $-0.0428734$ & $0.0347761$ & $-0.143395$ & $0.00374037$ & $-0.0279316$ & $-0.0961028$ & $-0.0334504$ & $0.430969$ & $0.427157$ & $-0.255161$ & $-0.30064$ & $-0.0300617$ & $0.122393$ & $-0.112187$ & $-0.384107$ & $-0.372147$ & $-0.160658$ & $-0.0192512$ & $-0.01731$ & $0.226298$ & $0.379513$ & $0.375207$ & $0.340698$ & $-0.433219$ & $0.192847$ & $-0.172126$ & $1$ & $0.134124$ & $0.00787367$ & $0.0323799$ & $0.00826282$ & $-0.0430772$ & $0.0192778$ & $0.689054$ & $-0.0401217$ & $-0.0727571$ & $0.0368933$ & $-0.0605415$ & $0.0187486$ & $0.00908673$ & $0.0254989$ & $-0.00678312$ & $0.068628$ & $0.0504946$ & $0.0702797$ & $-0.140227$ & $0.0210756$ & $0.00378406$ & $-0.0558235$ \\
CHd_33 & $0.000920174$ & $-0.00684081$ & $-0.0299367$ & $-0.0114171$ & $-0.0142007$ & $-0.0574033$ & $-0.02548$ & $0.323051$ & $0.316161$ & $-0.146685$ & $-0.348594$ & $-0.0357009$ & $0.0621826$ & $0.152487$ & $0.104719$ & $0.115991$ & $0.0475734$ & $-0.0297443$ & $-0.0384199$ & $0.340483$ & $0.352032$ & $0.345501$ & $0.0159626$ & $-0.0534289$ & $-0.0212601$ & $-0.198209$ & $0.134124$ & $1$ & $-0.010842$ & $0.0253788$ & $0.00573982$ & $-0.0268899$ & $0.0280031$ & $0.181687$ & $-0.0151282$ & $-0.0186888$ & $0.0117476$ & $-0.000933804$ & $0.0252883$ & $-0.00498033$ & $-0.00630004$ & $-0.00637559$ & $0.0137626$ & $0.00361547$ & $0.0024848$ & $-0.0312796$ & $0.00255669$ & $0.00618836$ & $-0.00149456$ \\
CeH_22r & $0.00780961$ & $-0.00727847$ & $0.0101555$ & $0.0106623$ & $-0.0162237$ & $0.00117267$ & $0.00751803$ & $0.0225214$ & $0.0288766$ & $-0.019294$ & $-0.00965647$ & $0.0525074$ & $0.0468104$ & $-0.0188542$ & $0.00647835$ & $0.0136137$ & $-0.0279071$ & $-0.0282307$ & $-0.033785$ & $0.00952019$ & $0.00973794$ & $0.00939585$ & $0.0070047$ & $-0.0245403$ & $-0.0291997$ & $-0.00664552$ & $0.00787367$ & $-0.010842$ & $1$ & $0.0409859$ & $0.0111309$ & $-0.00675938$ & $0.0468245$ & $0.0122969$ & $-0.0311603$ & $-0.00202884$ & $-0.032924$ & $-0.00543453$ & $0.00557799$ & $0.000611001$ & $-0.0106466$ & $-0.000682498$ & $-0.00396389$ & $0.0179214$ & $-0.00430745$ & $0.00144079$ & $-0.0159697$ & $-0.0069034$ & $-0.00218168$ \\
CeH_33r & $-0.0287209$ & $-0.0374482$ & $-0.0121683$ & $-0.00362748$ & $-0.0122717$ & $0.00746771$ & $-0.131934$ & $0.12771$ & $0.148328$ & $-0.13939$ & $-0.0786332$ & $0.338294$ & $0.292598$ & $-0.0536775$ & $0.0454776$ & $0.0472829$ & $-0.108472$ & $-0.123834$ & $-0.125367$ & $0.0780834$ & $0.0787666$ & $0.0778311$ & $0.00301246$ & $-0.12408$ & $-0.12101$ & $-0.0414997$ & $0.0323799$ & $0.0253788$ & $0.0409859$ & $1$ & $0.298789$ & $0.0147199$ & $0.695348$ & $0.0604424$ & $-0.0373305$ & $-0.000826838$ & $-0.102481$ & $-0.0283844$ & $-0.034252$ & $-0.00526588$ & $0.0180613$ & $-0.023045$ & $0.0368713$ & $-0.0172097$ & $0.0639934$ & $-0.0115841$ & $-0.0287445$ & $0.0422765$ & $-0.00943969$ \\
CuH_22r & $-0.0773553$ & $0.0475606$ & $-0.0375703$ & $-0.00414458$ & $-0.0171122$ & $0.00275426$ & $-0.0729045$ & $0.0494898$ & $0.061141$ & $-0.0715251$ & $-0.0288593$ & $0.105485$ & $0.118434$ & $-0.0284148$ & $0.0305885$ & $0.0275493$ & $-0.0461161$ & $-0.060458$ & $-0.0582598$ & $0.0315001$ & $0.0292575$ & $0.0271033$ & $-0.00267294$ & $-0.0464653$ & $-0.047753$ & $-0.0144409$ & $0.00826282$ & $0.00573982$ & $0.0111309$ & $0.298789$ & $1$ & $0.0105736$ & $0.351885$ & $0.0166465$ & $-0.040668$ & $0.011608$ & $-0.00258515$ & $-0.0256798$ & $0.0323419$ & $-0.0115843$ & $0.0925412$ & $-0.0283738$ & $0.034057$ & $-0.014575$ & $0.0210077$ & $-0.0450428$ & $0.26008$ & $0.0488267$ & $-0.0306923$ \\
CuH_33r & $0.00169778$ & $0.0215294$ & $-0.0152831$ & $0.0826973$ & $0.0130915$ & $0.00547206$ & $0.937517$ & $-0.0872704$ & $-0.0438285$ & $0.0887181$ & $0.0547742$ & $-0.128778$ & $-0.242567$ & $0.0400547$ & $-0.0106599$ & $-0.0355455$ & $0.0639121$ & $0.0683185$ & $0.0851119$ & $-0.0528851$ & $-0.0571311$ & $-0.0577446$ & $-0.00337893$ & $0.0832001$ & $0.0691578$ & $0.0238748$ & $-0.0430772$ & $-0.0268899$ & $-0.00675938$ & $0.0147199$ & $0.0105736$ & $1$ & $0.00404401$ & $-0.0631936$ & $0.0013945$ & $0.0116668$ & $-0.0345736$ & $0.0282398$ & $0.0172839$ & $-0.00733249$ & $-0.0155514$ & $0.0143065$ & $0.0160194$ & $-0.00972598$ & $-0.0313174$ & $0.0134787$ & $-0.0138148$ & $-0.0203668$ & $-0.0367826$ \\
CdH_33r & $-0.0219877$ & $-0.128651$ & $-0.00585242$ & $-0.0496501$ & $-0.0157859$ & $0.0104618$ & $-0.179422$ & $0.130866$ & $0.152142$ & $-0.147574$ & $-0.0762733$ & $0.424293$ & $0.366158$ & $-0.062369$ & $0.0470152$ & $0.0545551$ & $-0.121139$ & $-0.132701$ & $-0.138395$ & $0.0756546$ & $0.0742139$ & $0.0735076$ & $-0.00265694$ & $-0.124179$ & $-0.138715$ & $-0.0428663$ & $0.0192778$ & $0.0280031$ & $0.0468245$ & $0.695348$ & $0.351885$ & $0.00404401$ & $1$ & $0.0561937$ & $-0.0412348$ & $0.0111517$ & $-0.117629$ & $-0.0287679$ & $-0.058104$ & $-0.00677915$ & $-0.0620302$ & $0.00205534$ & $0.00259173$ & $-0.0811193$ & $0.0895761$ & $0.0357507$ & $-0.0398947$ & $0.0733196$ & $0.303896$ \\
CLL_1221 & $-0.0154008$ & $0.0310774$ & $-0.0879701$ & $0.00812548$ & $-0.0304977$ & $-0.133967$ & $-0.0624518$ & $0.566557$ & $0.55817$ & $-0.360378$ & $-0.377156$ & $0.0186213$ & $0.208448$ & $-0.217863$ & $-0.581372$ & $-0.0869145$ & $-0.246715$ & $0.0269768$ & $-0.34847$ & $0.29893$ & $0.460875$ & $0.457279$ & $0.199864$ & $-0.63143$ & $-0.202355$ & $-0.25007$ & $0.689054$ & $0.181687$ & $0.0122969$ & $0.0604424$ & $0.0166465$ & $-0.0631936$ & $0.0561937$ & $1$ & $-0.0174457$ & $-0.0502578$ & $0.0296165$ & $-0.0375094$ & $0.00410525$ & $0.00251889$ & $0.0340087$ & $0.000896095$ & $0.0405214$ & $0.0374636$ & $0.0465466$ & $-0.109102$ & $0.016329$ & $-3.62344e-05$ & $-0.0383453$ \\
eHggint & $0.0866986$ & $-0.139496$ & $0.203668$ & $0.0657877$ & $0.0160804$ & $-0.0117032$ & $-0.0578605$ & $-0.0120286$ & $-0.023202$ & $0.0313921$ & $0.0212921$ & $0.0665283$ & $0.0328752$ & $-0.0215512$ & $0.00130573$ & $0.00447556$ & $-0.0149489$ & $-0.0131988$ & $-0.0170131$ & $-0.0214249$ & $-0.0245922$ & $-0.0252926$ & $-0.00974883$ & $-0.00752349$ & $-0.0340994$ & $0.00115204$ & $-0.0401217$ & $-0.0151282$ & $-0.0311603$ & $-0.0373305$ & $-0.040668$ & $0.0013945$ & $-0.0412348$ & $-0.0174457$ & $1$ & $-0.229919$ & $-0.198661$ & $0.00721251$ & $0.263951$ & $0.0651389$ & $0.196327$ & $0.0701363$ & $0.0420712$ & $0.169629$ & $-0.166848$ & $0.114826$ & $-0.139918$ & $0.00249775$ & $-0.0501603$ \\
eHggpar & $0.163246$ & $0.0893009$ & $0.185391$ & $0.275555$ & $0.00821966$ & $0.0202323$ & $-0.0014987$ & $-0.0468469$ & $-0.0458988$ & $0.0239584$ & $0.0519107$ & $0.0307165$ & $0.00553893$ & $-0.0250739$ & $0.0164446$ & $0.00150529$ & $-0.017985$ & $-0.0204856$ & $-0.00992177$ & $-0.0454916$ & $-0.0540591$ & $-0.054979$ & $-0.0228782$ & $0.0101046$ & $-0.0456559$ & $0.024854$ & $-0.0727571$ & $-0.0186888$ & $-0.00202884$ & $-0.000826838$ & $0.011608$ & $0.0116668$ & $0.0111517$ & $-0.0502578$ & $-0.229919$ & $1$ & $0.0593342$ & $-0.0210913$ & $-0.210337$ & $-0.0100911$ & $-0.131508$ & $0.031307$ & $0.0743625$ & $-0.0505691$ & $0.0243484$ & $0.0761878$ & $0.0678405$ & $-0.0598938$ & $0.0773013$ \\
eHWWint & $-0.014767$ & $0.278587$ & $-0.025326$ & $0.0115307$ & $0.00189854$ & $0.00767091$ & $-9.13123e-06$ & $0.00641141$ & $0.000474173$ & $-0.0190688$ & $-0.0079828$ & $-0.041015$ & $-0.0268736$ & $0.00310439$ & $-0.0120882$ & $-0.00547922$ & $0.000796446$ & $0.00473746$ & $0.00296526$ & $0.010254$ & $0.0157257$ & $0.0183005$ & $0.0188139$ & $-0.00674383$ & $0.0138078$ & $-0.011556$ & $0.0368933$ & $0.0117476$ & $-0.032924$ & $-0.102481$ & $-0.00258515$ & $-0.0345736$ & $-0.117629$ & $0.0296165$ & $-0.198661$ & $0.0593342$ & $1$ & $0.0331888$ & $-0.152528$ & $-0.0637634$ & $-0.0573556$ & $-0.0247068$ & $-0.0172512$ & $-0.165328$ & $0.153818$ & $-0.156029$ & $0.239272$ & $-0.134939$ & $0.0807798$ \\
eHWWpar & $-0.0330905$ & $-0.0299599$ & $-0.0449706$ & $-0.00900125$ & $0.0108179$ & $0.00952172$ & $0.0303274$ & $-0.019706$ & $-0.0193839$ & $0.0185843$ & $0.014403$ & $0.00519653$ & $-0.0113651$ & $0.00276653$ & $0.0242342$ & $0.0194513$ & $0.00682507$ & $-0.00384373$ & $-0.00267639$ & $-0.0110331$ & $-0.0197926$ & $-0.0208112$ & $-0.0126026$ & $0.0202783$ & $-0.0165072$ & $0.00324828$ & $-0.0605415$ & $-0.000933804$ & $-0.00543453$ & $-0.0283844$ & $-0.0256798$ & $0.0282398$ & $-0.0287679$ & $-0.0375094$ & $0.00721251$ & $-0.0210913$ & $0.0331888$ & $1$ & $-0.0462251$ & $0.01989$ & $0.0112555$ & $-0.00185157$ & $0.0142442$ & $0.00295389$ & $-0.0275988$ & $-0.0192431$ & $-0.00829254$ & $0.0169583$ & $-0.00104814$ \\
eHZZint & $-0.186441$ & $-0.0318888$ & $-0.0839237$ & $0.13847$ & $-0.00559349$ & $-0.0175579$ & $-0.00369702$ & $0.0284182$ & $0.0251098$ & $0.00429956$ & $-0.0326823$ & $-0.00491988$ & $-0.0066559$ & $0.0136144$ & $0.0252055$ & $0.00667419$ & $0.015512$ & $-0.00892777$ & $0.00416524$ & $0.03162$ & $0.0322885$ & $0.0304987$ & $0.0158439$ & $0.000185609$ & $0.0226422$ & $-0.024673$ & $0.0187486$ & $0.0252883$ & $0.00557799$ & $-0.034252$ & $0.0323419$ & $0.0172839$ & $-0.058104$ & $0.00410525$ & $0.263951$ & $-0.210337$ & $-0.152528$ & $-0.0462251$ & $1$ & $0.00460447$ & $-0.013179$ & $-0.00306616$ & $0.0566754$ & $0.33441$ & $-0.273196$ & $0.0196466$ & $0.122609$ & $0.0837578$ & $-0.171205$ \\
eHZZpar & $0.0352102$ & $-0.0370116$ & $-0.0240437$ & $0.0347532$ & $0.0191281$ & $-0.00860727$ & $-0.0152727$ & $0.00173859$ & $-0.000659802$ & $0.00992313$ & $-0.00508425$ & $0.00844369$ & $0.00848872$ & $0.00811255$ & $-0.00366925$ & $-0.00959965$ & $0.00779916$ & $0.00825757$ & $0.0121682$ & $0.0025178$ & $0.00480362$ & $0.00385978$ & $0.00506634$ & $0.000491188$ & $0.00756075$ & $-0.0040768$ & $0.00908673$ & $-0.00498033$ & $0.000611001$ & $-0.00526588$ & $-0.0115843$ & $-0.00733249$ & $-0.00677915$ & $0.00251889$ & $0.0651389$ & $-0.0100911$ & $-0.0637634$ & $0.01989$ & $0.00460447$ & $1$ & $0.00199626$ & $-0.00695382$ & $-0.0235441$ & $0.0249122$ & $-0.0246046$ & $0.0432962$ & $-0.0469097$ & $0.00319759$ & $-0.036549$ \\
eHZgaint & $-0.266446$ & $-0.102573$ & $0.111802$ & $-0.154368$ & $-0.000648726$ & $0.00571313$ & $-0.0288632$ & $0.0279944$ & $0.0316486$ & $-0.0478074$ & $-0.00670536$ & $-0.00624366$ & $0.0190544$ & $-0.0288472$ & $-0.0169843$ & $0.0102963$ & $-0.0325517$ & $-0.0217833$ & $-0.0440319$ & $0.00523947$ & $0.00917008$ & $0.00733195$ & $0.0163765$ & $-0.0243344$ & $-0.00862698$ & $-0.00123271$ & $0.0254989$ & $-0.00630004$ & $-0.0106466$ & $0.0180613$ & $0.0925412$ & $-0.0155514$ & $-0.0620302$ & $0.0340087$ & $0.196327$ & $-0.131508$ & $-0.0573556$ & $0.0112555$ & $-0.013179$ & $0.00199626$ & $1$ & $-0.0124621$ & $0.162654$ & $-0.0885302$ & $0.134047$ & $-0.477117$ & $0.336892$ & $0.112378$ & $-0.221419$ \\
eHZgapar & $0.00428244$ & $0.0158546$ & $0.0484631$ & $0.0153964$ & $0.0111689$ & $-0.00364165$ & $0.0102394$ & $0.00389759$ & $0.000821898$ & $0.000822128$ & $-0.00679766$ & $0.00314597$ & $0.00112137$ & $0.00511767$ & $0.00440839$ & $0.0152016$ & $0.0058037$ & $0.00296519$ & $-0.00416728$ & $0.00820749$ & $0.00633925$ & $0.00791595$ & $-0.00462873$ & $0.00212713$ & $-0.000755244$ & $-0.00682773$ & $-0.00678312$ & $-0.00637559$ & $-0.000682498$ & $-0.023045$ & $-0.0283738$ & $0.0143065$ & $0.00205534$ & $0.000896095$ & $0.0701363$ & $0.031307$ & $-0.0247068$ & $-0.00185157$ & $-0.00306616$ & $-0.00695382$ & $-0.0124621$ & $1$ & $-0.0672431$ & $-0.0406888$ & $-0.0217537$ & $0.0123079$ & $-0.0381842$ & $0.0385812$ & $0.0135852$ \\
eHgagaint & $0.0858859$ & $-0.271316$ & $-0.140812$ & $0.00759522$ & $0.0164689$ & $-0.0342899$ & $0.0046675$ & $0.0537885$ & $0.0947048$ & $-0.0216824$ & $-0.0458739$ & $0.000636438$ & $0.0134164$ & $0.000287818$ & $-0.00802858$ & $-0.00969213$ & $-0.00515678$ & $-0.00781521$ & $-0.00862338$ & $0.0359177$ & $0.0433242$ & $0.0410113$ & $0.0312651$ & $-0.0391953$ & $0.00536707$ & $-0.0241243$ & $0.068628$ & $0.0137626$ & $-0.00396389$ & $0.0368713$ & $0.034057$ & $0.0160194$ & $0.00259173$ & $0.0405214$ & $0.0420712$ & $0.0743625$ & $-0.0172512$ & $0.0142442$ & $0.0566754$ & $-0.0235441$ & $0.162654$ & $-0.0672431$ & $1$ & $-0.181132$ & $0.152091$ & $-0.166901$ & $0.049809$ & $-0.0356496$ & $-0.0495711$ \\
eHmumuint & $-0.00470847$ & $0.30304$ & $0.0428029$ & $0.245434$ & $-0.00937435$ & $-0.0241175$ & $-0.024324$ & $0.0356111$ & $0.0256429$ & $-0.0332237$ & $-0.0165705$ & $0.0262218$ & $0.0323611$ & $-0.0373731$ & $0.0104531$ & $-0.0158869$ & $-0.036231$ & $-0.0517463$ & $-0.0323456$ & $0.018608$ & $0.025483$ & $0.0265496$ & $0.0206397$ & $-0.0516138$ & $-0.026114$ & $-0.0187761$ & $0.0504946$ & $0.00361547$ & $0.0179214$ & $-0.0172097$ & $-0.014575$ & $-0.00972598$ & $-0.0811193$ & $0.0374636$ & $0.169629$ & $-0.0505691$ & $-0.165328$ & $0.00295389$ & $0.33441$ & $0.0249122$ & $-0.0885302$ & $-0.0406888$ & $-0.181132$ & $1$ & $-0.250103$ & $0.0392582$ & $-0.0482319$ & $-0.179515$ & $-0.22563$ \\
eHtautauint & $-0.0813189$ & $0.118532$ & $0.00387916$ & $-0.00380748$ & $0.0167962$ & $0.00803225$ & $-0.0184203$ & $-0.00949572$ & $-0.0022907$ & $-0.00946859$ & $0.0148297$ & $-0.0250004$ & $-0.00975632$ & $-0.0116883$ & $-0.0579356$ & $-0.0320595$ & $-0.00426339$ & $0.0268868$ & $0.00940162$ & $-0.0167146$ & $-0.00565197$ & $-0.00568821$ & $0.00947837$ & $-0.00644614$ & $0.0418266$ & $0.0320523$ & $0.0702797$ & $0.0024848$ & $-0.00430745$ & $0.0639934$ & $0.0210077$ & $-0.0313174$ & $0.0895761$ & $0.0465466$ & $-0.166848$ & $0.0243484$ & $0.153818$ & $-0.0275988$ & $-0.273196$ & $-0.0246046$ & $0.134047$ & $-0.0217537$ & $0.152091$ & $-0.250103$ & $1$ & $-0.165755$ & $0.0680234$ & $0.133545$ & $0.238145$ \\
eHccint & $0.0731706$ & $-0.0527673$ & $-0.0732002$ & $0.169795$ & $0.00426399$ & $0.0160074$ & $0.00510997$ & $-0.0748365$ & $-0.0800161$ & $0.0650589$ & $0.0595466$ & $0.0386487$ & $-0.00350055$ & $0.00320024$ & $0.050545$ & $0.024751$ & $0.0165859$ & $-0.00238736$ & $0.0154623$ & $-0.0507016$ & $-0.0716234$ & $-0.0728567$ & $-0.0598393$ & $0.055754$ & $-0.0290242$ & $0.0433346$ & $-0.140227$ & $-0.0312796$ & $0.00144079$ & $-0.0115841$ & $-0.0450428$ & $0.0134787$ & $0.0357507$ & $-0.109102$ & $0.114826$ & $0.0761878$ & $-0.156029$ & $-0.0192431$ & $0.0196466$ & $0.0432962$ & $-0.477117$ & $0.0123079$ & $-0.166901$ & $0.0392582$ & $-0.165755$ & $1$ & $-0.32307$ & $-0.177476$ & $0.133202$ \\
eHccpar & $-0.232806$ & $0.211437$ & $-0.0874839$ & $-0.04223$ & $0.0212953$ & $0.0198037$ & $-0.00205648$ & $-0.00343692$ & $-0.00315031$ & $-0.027338$ & $0.0124999$ & $-0.0198111$ & $-0.00141128$ & $-0.0186968$ & $-0.013025$ & $-0.00712688$ & $-0.0198937$ & $-0.0120623$ & $-0.0148317$ & $-0.00908963$ & $-0.00545874$ & $-0.00499071$ & $0.00257869$ & $-0.00726609$ & $0.0113971$ & $0.0158786$ & $0.0210756$ & $0.00255669$ & $-0.0159697$ & $-0.0287445$ & $0.26008$ & $-0.0138148$ & $-0.0398947$ & $0.016329$ & $-0.139918$ & $0.0678405$ & $0.239272$ & $-0.00829254$ & $0.122609$ & $-0.0469097$ & $0.336892$ & $-0.0381842$ & $0.049809$ & $-0.0482319$ & $0.0680234$ & $-0.32307$ & $1$ & $0.129459$ & $-0.03827$ \\
eHbbint & $-0.0825723$ & $0.094864$ & $0.137021$ & $-0.0941306$ & $0.00600462$ & $0.0108752$ & $-0.0299248$ & $0.00756735$ & $0.00475107$ & $-0.00147832$ & $-0.00914051$ & $0.0239431$ & $0.0259166$ & $0.0120843$ & $0.0109148$ & $0.0186304$ & $-0.00258574$ & $-0.0028483$ & $-0.00924088$ & $0.0133347$ & $0.0107074$ & $0.0114896$ & $-0.0116861$ & $0.00683122$ & $0.00719987$ & $0.00773399$ & $0.00378406$ & $0.00618836$ & $-0.0069034$ & $0.0422765$ & $0.0488267$ & $-0.0203668$ & $0.0733196$ & $-3.62344e-05$ & $0.00249775$ & $-0.0598938$ & $-0.134939$ & $0.0169583$ & $0.0837578$ & $0.00319759$ & $0.112378$ & $0.0385812$ & $-0.0356496$ & $-0.179515$ & $0.133545$ & $-0.177476$ & $0.129459$ & $1$ & $-0.200892$ \\
eHbbpar & $0.0384582$ & $-0.249435$ & $-0.00653318$ & $-0.08544$ & $0.00808921$ & $0.0322637$ & $-0.0283581$ & $-0.0275997$ & $-0.0311418$ & $0.0203092$ & $0.0291768$ & $0.00224375$ & $-0.00555222$ & $-0.00253232$ & $-0.00155228$ & $0.00190369$ & $-0.00805146$ & $0.00428713$ & $0.00281029$ & $-0.0303146$ & $-0.0358368$ & $-0.0368733$ & $-0.0141972$ & $0.022775$ & $-0.0211747$ & $0.0110806$ & $-0.0558235$ & $-0.00149456$ & $-0.00218168$ & $-0.00943969$ & $-0.0306923$ & $-0.0367826$ & $0.303896$ & $-0.0383453$ & $-0.0501603$ & $0.0773013$ & $0.0807798$ & $-0.00104814$ & $-0.171205$ & $-0.036549$ & $-0.221419$ & $0.0135852$ & $-0.0495711$ & $-0.22563$ & $0.238145$ & $0.133202$ & $-0.03827$ & $-0.200892$ & $1$ \\
