 & AlsMz & dAle5Mz & mtop & mHl & Mz & CW & CHG & CHWB & CHWHB_gaga & CHWHB_gagaorth & CHD & CHbox & CH & CHL1_11 & CHL1_22 & CHL1_33 & CHL3_11 & CHL3_22 & CHL3_33 & CHe_11 & CHe_22 & CHe_33 & CHQ1_11 & CHQ1_33 & CHQ3_11 & CHu_11 & CHd_11 & CHd_33 & CeH_22r & CeH_33r & CuH_22r & CuH_33r & CdH_33r & CLL_1221 & eHggint & eHggpar & eHWWint & eHWWpar & eHZZint & eHZZpar & eHZgaint & eHZgapar & eHgagaint & eHmumuint & eHtautauint & eHccint & eHccpar & eHbbint & eHbbpar \\
AlsMz & $1$ & $0.0243529$ & $-0.0167943$ & $0.00523762$ & $0.0114091$ & $0.0125084$ & $0.000614419$ & $-0.0105182$ & $-0.00915759$ & $0.00666693$ & $-0.00633955$ & $-0.00116472$ & $-0.00829149$ & $0.0176437$ & $-0.00896063$ & $0.00841546$ & $0.00614922$ & $0.0193172$ & $0.00683003$ & $-0.000526793$ & $-0.0037594$ & $-0.00432694$ & $-0.00684663$ & $-0.0522035$ & $-0.116244$ & $-0.0415504$ & $-0.0535332$ & $0.0115643$ & $0.00720048$ & $0.0161616$ & $0.0267772$ & $0.00409847$ & $0.0263836$ & $-0.00709926$ & $0.0159172$ & $0.0199558$ & $-0.00787713$ & $-0.0231657$ & $-0.0221064$ & $0.00820139$ & $-0.00894998$ & $-0.00857632$ & $-0.00584796$ & $0.00787172$ & $-0.00913289$ & $0.0198578$ & $0.0207416$ & $0.0158735$ & $0.0296973$ \\
dAle5Mz & $0.0243529$ & $1$ & $-0.0198781$ & $-0.0526147$ & $-0.0175162$ & $0.00955308$ & $-0.0397848$ & $-0.0628375$ & $-0.0651329$ & $0.00835611$ & $0.0523504$ & $0.0076087$ & $-0.0119938$ & $-0.0328745$ & $0.0104223$ & $-0.0155143$ & $0.00165323$ & $-0.0182749$ & $0.000884738$ & $-0.0276851$ & $-0.0267549$ & $-0.0254762$ & $0.00174302$ & $-0.00334755$ & $-0.00247099$ & $0.0229219$ & $-0.00424787$ & $0.00765031$ & $-0.000856849$ & $-0.00077795$ & $0.0200968$ & $-0.0409617$ & $-0.0117325$ & $0.0101447$ & $0.0210313$ & $0.00227371$ & $-0.0239441$ & $0.0137793$ & $0.0665158$ & $-0.0169656$ & $-0.000861514$ & $-0.0153561$ & $-0.0023751$ & $-0.026182$ & $-0.0293781$ & $0.0228526$ & $0.0358377$ & $-0.0300386$ & $-0.00876412$ \\
mtop & $-0.0167943$ & $-0.0198781$ & $1$ & $-0.0535213$ & $-0.00199975$ & $-0.0387478$ & $0.000756043$ & $-0.0108285$ & $-0.0158292$ & $0.0373957$ & $0.0138011$ & $0.0204806$ & $0.00521271$ & $0.00630335$ & $-0.0237095$ & $-0.0261594$ & $0.0179705$ & $0.0260166$ & $0.0253899$ & $-0.00996021$ & $-0.00500326$ & $-0.0033423$ & $0.0108968$ & $0.00664076$ & $0.021344$ & $-0.00209556$ & $0.0105311$ & $-0.010446$ & $-0.0127041$ & $-0.00828789$ & $0.000445405$ & $0.0140955$ & $-0.0116927$ & $0.0135764$ & $0.0229542$ & $0.0364688$ & $0.0290391$ & $0.0214816$ & $-0.0321009$ & $0.0224703$ & $-0.00623954$ & $-0.000562391$ & $-0.0518504$ & $0.0378863$ & $-0.0722954$ & $-0.0326588$ & $-0.02209$ & $0.0119341$ & $-0.0255613$ \\
mHl & $0.00523762$ & $-0.0526147$ & $-0.0535213$ & $1$ & $0.006725$ & $-0.0122248$ & $-0.00860049$ & $-0.01552$ & $-0.0149888$ & $0.0169998$ & $0.0109528$ & $0.0077469$ & $-0.00132166$ & $0.00687676$ & $0.0137474$ & $-0.00256141$ & $0.00279273$ & $9.15365e-05$ & $0.0132041$ & $-0.00884217$ & $-0.0150115$ & $-0.0129243$ & $-0.0151227$ & $0.00701156$ & $0.00691633$ & $0.0122618$ & $-0.0232773$ & $-0.0083266$ & $0.00348577$ & $-0.00512811$ & $-0.0163728$ & $-0.00488514$ & $0.0136651$ & $-0.031281$ & $-0.00370819$ & $-0.0109385$ & $-0.00226153$ & $-0.024738$ & $-0.0261459$ & $0.00195283$ & $-0.026387$ & $0.0239054$ & $0.0739582$ & $-0.00867327$ & $0.0461012$ & $0.0536038$ & $-0.0469913$ & $0.0166596$ & $0.0211914$ \\
Mz & $0.0114091$ & $-0.0175162$ & $-0.00199975$ & $0.006725$ & $1$ & $-0.00123508$ & $0.00832484$ & $0.00151496$ & $0.00165042$ & $-0.000696023$ & $-0.00286851$ & $-0.00227458$ & $0.0126355$ & $0.0227441$ & $0.00582411$ & $0.00279635$ & $0.0143606$ & $0.0133565$ & $0.0146755$ & $0.011266$ & $0.010259$ & $0.00784367$ & $-0.0228666$ & $0.00809896$ & $0.00605377$ & $0.0111$ & $-0.00707777$ & $-0.00790586$ & $-0.0110515$ & $-0.0255891$ & $-0.011124$ & $0.00671072$ & $0.00232885$ & $-0.00772519$ & $0.00180555$ & $0.00202606$ & $-0.0038982$ & $0.016533$ & $0.00606428$ & $-0.0045334$ & $-0.00068337$ & $-0.00861543$ & $-0.0136934$ & $-0.0139105$ & $0.00882149$ & $-0.00586199$ & $-0.0254916$ & $0.0108599$ & $0.00756173$ \\
CW & $0.0125084$ & $0.00955308$ & $-0.0387478$ & $-0.0122248$ & $-0.00123508$ & $1$ & $0.00527619$ & $-0.115306$ & $-0.111408$ & $0.0173529$ & $0.175103$ & $0.0435943$ & $0.00955152$ & $0.023538$ & $-0.0671062$ & $-0.0716207$ & $-0.256604$ & $-0.0534657$ & $-0.0488473$ & $-0.170723$ & $-0.178588$ & $-0.17319$ & $-0.00609992$ & $0.00445546$ & $-0.0897943$ & $0.100302$ & $-0.0777918$ & $-0.0677845$ & $-0.00920738$ & $0.00464582$ & $0.0169109$ & $0.00260747$ & $0.00927708$ & $-0.12087$ & $-0.0123799$ & $-0.00173902$ & $0.00162222$ & $-0.0177363$ & $0.00213945$ & $0.014586$ & $-0.00184141$ & $0.00212841$ & $0.00790173$ & $0.00319293$ & $-0.00674108$ & $0.0238635$ & $0.0106455$ & $0.00634952$ & $0.0210328$ \\
CHG & $0.000614419$ & $-0.0397848$ & $0.000756043$ & $-0.00860049$ & $0.00832484$ & $0.00527619$ & $1$ & $-0.0800244$ & $-0.0240972$ & $0.0692596$ & $0.0299408$ & $-0.220839$ & $-0.272529$ & $0.0841647$ & $0.00123405$ & $-0.0275165$ & $0.0968806$ & $0.0943552$ & $0.11356$ & $-0.0297113$ & $-0.0354364$ & $-0.0363512$ & $-0.0189636$ & $0.107583$ & $0.104744$ & $0.0224304$ & $-0.0324809$ & $-0.00613763$ & $0.00504979$ & $-0.122975$ & $-0.0534651$ & $0.935846$ & $-0.164262$ & $-0.0715237$ & $-0.031194$ & $-0.0197595$ & $0.0435041$ & $0.0203017$ & $0.0128245$ & $0.0255725$ & $-0.0255086$ & $0.00441858$ & $0.00857924$ & $-0.0115082$ & $0.0105935$ & $0.0285598$ & $-0.0271094$ & $-0.0137853$ & $-0.0280277$ \\
CHWB & $-0.0105182$ & $-0.0628375$ & $-0.0108285$ & $-0.01552$ & $0.00151496$ & $-0.115306$ & $-0.0800244$ & $1$ & $0.982072$ & $-0.583623$ & $-0.879847$ & $0.0911227$ & $0.346769$ & $0.0709854$ & $0.286592$ & $0.292076$ & $-0.263565$ & $-0.448429$ & $-0.455554$ & $0.851065$ & $0.897083$ & $0.879372$ & $0.0659688$ & $-0.688356$ & $-0.420766$ & $-0.508697$ & $0.431689$ & $0.296159$ & $0.0129202$ & $0.113516$ & $0.0357331$ & $-0.0764665$ & $0.107002$ & $0.578957$ & $-0.010723$ & $0.00227123$ & $0.00260919$ & $-0.0170958$ & $-0.00768048$ & $-0.0148919$ & $0.0248505$ & $0.00221327$ & $0.00956461$ & $0.0208779$ & $0.0249407$ & $0.0159986$ & $0.0107183$ & $-0.0102231$ & $-0.00143237$ \\
CHWHB_gaga & $-0.00915759$ & $-0.0651329$ & $-0.0158292$ & $-0.0149888$ & $0.00165042$ & $-0.111408$ & $-0.0240972$ & $0.982072$ & $1$ & $-0.570942$ & $-0.861986$ & $0.0975386$ & $0.336816$ & $0.0658845$ & $0.285591$ & $0.290568$ & $-0.264575$ & $-0.446549$ & $-0.453271$ & $0.834854$ & $0.878612$ & $0.860713$ & $0.0637587$ & $-0.675669$ & $-0.418745$ & $-0.498372$ & $0.420455$ & $0.287594$ & $0.0208462$ & $0.133736$ & $0.0487183$ & $-0.0299681$ & $0.126331$ & $0.564367$ & $-0.0309008$ & $-0.0135477$ & $-0.00809966$ & $-0.0155657$ & $-0.0102974$ & $-0.0145324$ & $0.0227177$ & $0.00576913$ & $0.0836556$ & $0.0206543$ & $0.0329418$ & $0.0128255$ & $0.0128382$ & $-0.00937185$ & $-0.000762532$ \\
CHWHB_gagaorth & $0.00666693$ & $0.00835611$ & $0.0373957$ & $0.0169998$ & $-0.000696023$ & $0.0173529$ & $0.0692596$ & $-0.583623$ & $-0.570942$ & $1$ & $0.375401$ & $0.217116$ & $-0.255095$ & $0.232966$ & $-0.120984$ & $-0.140456$ & $0.433886$ & $0.48524$ & $0.498454$ & $-0.362056$ & $-0.392053$ & $-0.38787$ & $-0.0495852$ & $0.557462$ & $0.477564$ & $0.216955$ & $-0.249966$ & $-0.139643$ & $-0.0134541$ & $-0.148666$ & $-0.0671966$ & $0.0834288$ & $-0.140247$ & $-0.370098$ & $0.0320932$ & $0.0111274$ & $0.0157702$ & $0.00964212$ & $0.0033271$ & $0.0194697$ & $-0.0767138$ & $0.0258002$ & $-0.0128276$ & $-0.0209582$ & $-0.0175863$ & $-0.011058$ & $-0.00713568$ & $0.00792673$ & $0.00314691$ \\
CHD & $-0.00633955$ & $0.0523504$ & $0.0138011$ & $0.0109528$ & $-0.00286851$ & $0.175103$ & $0.0299408$ & $-0.879847$ & $-0.861986$ & $0.375401$ & $1$ & $0.0706825$ & $-0.164823$ & $-0.489896$ & $-0.411356$ & $-0.407421$ & $-0.192018$ & $0.0848915$ & $0.0889275$ & $-0.990171$ & $-0.991169$ & $-0.970834$ & $-0.0129772$ & $0.329792$ & $0.0444971$ & $0.566882$ & $-0.300857$ & $-0.324198$ & $-0.00889411$ & $-0.0622266$ & $-0.00795857$ & $0.0403197$ & $-0.05548$ & $-0.38194$ & $0.0217239$ & $-0.000226978$ & $-0.00463341$ & $0.0099395$ & $-0.00522105$ & $0.00589836$ & $0.00139182$ & $-0.0128974$ & $-0.00242048$ & $-0.0104936$ & $-0.0336575$ & $-0.0150527$ & $-0.0138448$ & $0.0143538$ & $-0.00131238$ \\
CHbox & $-0.00116472$ & $0.0076087$ & $0.0204806$ & $0.0077469$ & $-0.00227458$ & $0.0435943$ & $-0.220839$ & $0.0911227$ & $0.0975386$ & $0.217116$ & $0.0706825$ & $1$ & $0.767904$ & $-0.303745$ & $0.0135622$ & $0.0187583$ & $-0.330491$ & $-0.308187$ & $-0.30625$ & $-0.0616369$ & $-0.0655031$ & $-0.0639357$ & $-0.00352345$ & $-0.239583$ & $-0.304259$ & $0.0431059$ & $0.00327954$ & $-0.0320447$ & $0.0468562$ & $0.318998$ & $0.118476$ & $-0.124112$ & $0.353089$ & $0.0573156$ & $0.0788551$ & $0.0557027$ & $-0.0179489$ & $-0.0106363$ & $-0.0161873$ & $0.00179671$ & $-0.00131794$ & $0.011333$ & $-0.0131367$ & $0.015821$ & $-0.0106029$ & $0.0197235$ & $0.0146562$ & $-0.00579853$ & $-0.0103397$ \\
CH & $-0.00829149$ & $-0.0119938$ & $0.00521271$ & $-0.00132166$ & $0.0126355$ & $0.00955152$ & $-0.272529$ & $0.346769$ & $0.336816$ & $-0.255095$ & $-0.164823$ & $0.767904$ & $1$ & $-0.2561$ & $0.0598056$ & $0.0765998$ & $-0.371365$ & $-0.385535$ & $-0.392813$ & $0.159987$ & $0.177766$ & $0.176589$ & $0.0140063$ & $-0.404661$ & $-0.381387$ & $-0.091203$ & $0.136879$ & $0.0525991$ & $0.0503697$ & $0.279786$ & $0.13508$ & $-0.21505$ & $0.303037$ & $0.228424$ & $0.0330507$ & $0.0340833$ & $-0.0304513$ & $-0.00538613$ & $-0.00072976$ & $-0.000925994$ & $0.0328701$ & $-0.00236669$ & $-0.00311137$ & $0.036653$ & $0.0123401$ & $0.0180648$ & $0.0353737$ & $-0.0152029$ & $-0.0168763$ \\
CHL1_11 & $0.0176437$ & $-0.0328745$ & $0.00630335$ & $0.00687676$ & $0.0227441$ & $0.023538$ & $0.0841647$ & $0.0709854$ & $0.0658845$ & $0.232966$ & $-0.489896$ & $-0.303745$ & $-0.2561$ & $1$ & $0.262738$ & $0.243935$ & $0.66921$ & $0.60402$ & $0.608094$ & $0.507977$ & $0.44992$ & $0.438135$ & $-0.0726317$ & $0.473616$ & $0.601852$ & $-0.264559$ & $-0.104746$ & $0.136276$ & $-0.00213251$ & $-0.0721894$ & $-0.035174$ & $0.0550504$ & $-0.0662538$ & $-0.224835$ & $-0.0306104$ & $-0.00233038$ & $0.0134209$ & $0.00338415$ & $0.0126302$ & $0.0117235$ & $-0.0570728$ & $0.0214715$ & $-0.0124793$ & $-0.00579695$ & $0.0206983$ & $0.0128597$ & $0.0114748$ & $0.00197338$ & $0.0114775$ \\
CHL1_22 & $-0.00896063$ & $0.0104223$ & $-0.0237095$ & $0.0137474$ & $0.00582411$ & $-0.0671062$ & $0.00123405$ & $0.286592$ & $0.285591$ & $-0.120984$ & $-0.411356$ & $0.0135622$ & $0.0598056$ & $0.262738$ & $1$ & $0.427952$ & $0.159454$ & $-0.449937$ & $-0.0261464$ & $0.477706$ & $0.328511$ & $0.319725$ & $-0.187072$ & $0.097838$ & $-0.13434$ & $-0.1912$ & $-0.395754$ & $0.111822$ & $0.0078481$ & $0.0240563$ & $-0.00789163$ & $0.00279498$ & $0.0362111$ & $-0.585335$ & $0.0203443$ & $0.0106704$ & $-0.0161507$ & $-0.00472962$ & $0.0114741$ & $0.00506324$ & $0.0264106$ & $0.0255702$ & $0.0190189$ & $-0.00507375$ & $0.0113855$ & $0.0217662$ & $-0.0169308$ & $-0.0178017$ & $0.0389236$ \\
CHL1_33 & $0.00841546$ & $-0.0155143$ & $-0.0261594$ & $-0.00256141$ & $0.00279635$ & $-0.0716207$ & $-0.0275165$ & $0.292076$ & $0.290568$ & $-0.140456$ & $-0.407421$ & $0.0187583$ & $0.0765998$ & $0.243935$ & $0.427952$ & $1$ & $0.148358$ & $-0.0330941$ & $-0.441459$ & $0.471375$ & $0.328358$ & $0.348799$ & $-0.184417$ & $0.0866204$ & $-0.143064$ & $-0.179505$ & $-0.376496$ & $0.112784$ & $0.0232374$ & $0.0283219$ & $0.00776011$ & $-0.02937$ & $0.029479$ & $-0.0783811$ & $5.68991e-05$ & $-0.0280932$ & $-0.0249856$ & $0.00923184$ & $-0.00544853$ & $0.00594974$ & $0.00425182$ & $0.000955829$ & $0.0182134$ & $0.0106085$ & $0.00528091$ & $0.0175648$ & $0.0176315$ & $-0.00955378$ & $-0.00897175$ \\
CHL3_11 & $0.00614922$ & $0.00165323$ & $0.0179705$ & $0.00279273$ & $0.0143606$ & $-0.256604$ & $0.0968806$ & $-0.263565$ & $-0.264575$ & $0.433886$ & $-0.192018$ & $-0.330491$ & $-0.371365$ & $0.66921$ & $0.159454$ & $0.148358$ & $1$ & $0.740384$ & $0.741479$ & $0.214663$ & $0.158311$ & $0.153113$ & $-0.0716382$ & $0.686871$ & $0.779794$ & $-0.101314$ & $-0.1718$ & $0.0502241$ & $-0.012217$ & $-0.10547$ & $-0.0615188$ & $0.0707586$ & $-0.112379$ & $-0.271134$ & $-0.0175246$ & $-0.00878109$ & $0.00679368$ & $0.020087$ & $0.0278045$ & $0.0165558$ & $-0.0476374$ & $0.018189$ & $-0.0207562$ & $-0.0225484$ & $0.0194061$ & $-0.0158315$ & $0.000130518$ & $-0.0139538$ & $-0.00430322$ \\
CHL3_22 & $0.0193172$ & $-0.0182749$ & $0.0260166$ & $9.15365e-05$ & $0.0133565$ & $-0.0534657$ & $0.0943552$ & $-0.448429$ & $-0.446549$ & $0.48524$ & $0.0848915$ & $-0.308187$ & $-0.385535$ & $0.60402$ & $-0.449937$ & $-0.0330941$ & $0.740384$ & $1$ & $0.680718$ & $-0.0879187$ & $-0.0806636$ & $-0.0767212$ & $0.0163217$ & $0.631071$ & $0.794469$ & $0.0398576$ & $-0.0141363$ & $-0.035036$ & $-0.0112658$ & $-0.115837$ & $-0.0447498$ & $0.0677407$ & $-0.122161$ & $0.0111715$ & $-0.0331049$ & $-0.0142539$ & $0.0144233$ & $0.0172587$ & $0.0121995$ & $0.0146443$ & $-0.0666801$ & $0.00268361$ & $-0.0263773$ & $-0.0152678$ & $0.0065694$ & $-0.0153179$ & $0.0176463$ & $0.00851025$ & $-0.0218169$ \\
CHL3_33 & $0.00683003$ & $0.000884738$ & $0.0253899$ & $0.0132041$ & $0.0146755$ & $-0.0488473$ & $0.11356$ & $-0.455554$ & $-0.453271$ & $0.498454$ & $0.0889275$ & $-0.30625$ & $-0.392813$ & $0.608094$ & $-0.0261464$ & $-0.441459$ & $0.741479$ & $0.680718$ & $1$ & $-0.0903477$ & $-0.0861233$ & $-0.0836375$ & $0.0164231$ & $0.636318$ & $0.798668$ & $0.0341126$ & $-0.0247519$ & $-0.038442$ & $-0.0206213$ & $-0.117789$ & $-0.0571241$ & $0.0897339$ & $-0.119706$ & $-0.370211$ & $-0.0169196$ & $0.0172783$ & $0.0185402$ & $0.00804179$ & $0.0246668$ & $0.014215$ & $-0.0479825$ & $0.0223749$ & $-0.0269421$ & $-0.0278537$ & $0.0105877$ & $-0.0152244$ & $-0.00651857$ & $-0.0027606$ & $0.0103644$ \\
CHe_11 & $-0.000526793$ & $-0.0276851$ & $-0.00996021$ & $-0.00884217$ & $0.011266$ & $-0.170723$ & $-0.0297113$ & $0.851065$ & $0.834854$ & $-0.362056$ & $-0.990171$ & $-0.0616369$ & $0.159987$ & $0.507977$ & $0.477706$ & $0.471375$ & $0.214663$ & $-0.0879187$ & $-0.0903477$ & $1$ & $0.972805$ & $0.953439$ & $-0.0136981$ & $-0.276381$ & $-0.0377701$ & $-0.554943$ & $0.22657$ & $0.318041$ & $0.00937904$ & $0.0606581$ & $0.00807642$ & $-0.039352$ & $0.0557961$ & $0.303471$ & $-0.0195345$ & $0.00118529$ & $0.000426291$ & $-0.00904443$ & $0.00745432$ & $-0.00245821$ & $6.58012e-05$ & $0.0151848$ & $0.00689217$ & $0.00802519$ & $0.0322915$ & $0.0184183$ & $0.0155915$ & $-0.0147113$ & $0.00366216$ \\
CHe_22 & $-0.0037594$ & $-0.0267549$ & $-0.00500326$ & $-0.0150115$ & $0.010259$ & $-0.178588$ & $-0.0354364$ & $0.897083$ & $0.878612$ & $-0.392053$ & $-0.991169$ & $-0.0655031$ & $0.177766$ & $0.44992$ & $0.328511$ & $0.328358$ & $0.158311$ & $-0.0806636$ & $-0.0861233$ & $0.972805$ & $1$ & $0.975731$ & $0.0410084$ & $-0.383838$ & $-0.0501918$ & $-0.568546$ & $0.380944$ & $0.327019$ & $0.00820077$ & $0.0652223$ & $0.0108478$ & $-0.0456583$ & $0.0574145$ & $0.466661$ & $-0.023355$ & $0.000895657$ & $0.00568096$ & $-0.00996858$ & $0.00657844$ & $-0.00684055$ & $-0.00127062$ & $0.0119351$ & $0.000965058$ & $0.00991696$ & $0.0330279$ & $0.0133353$ & $0.015042$ & $-0.0143949$ & $-0.00179265$ \\
CHe_33 & $-0.00432694$ & $-0.0254762$ & $-0.0033423$ & $-0.0129243$ & $0.00784367$ & $-0.17319$ & $-0.0363512$ & $0.879372$ & $0.860713$ & $-0.38787$ & $-0.970834$ & $-0.0639357$ & $0.176589$ & $0.438135$ & $0.319725$ & $0.348799$ & $0.153113$ & $-0.0767212$ & $-0.0836375$ & $0.953439$ & $0.975731$ & $1$ & $0.0418051$ & $-0.375943$ & $-0.0498581$ & $-0.556934$ & $0.372788$ & $0.318503$ & $0.0101418$ & $0.0668604$ & $0.0130916$ & $-0.0462645$ & $0.0520923$ & $0.461721$ & $-0.0216151$ & $0.000333948$ & $0.0029626$ & $-0.0104779$ & $0.00888072$ & $-0.00746993$ & $0.00041359$ & $0.0120851$ & $-0.00456683$ & $0.00538737$ & $0.0306847$ & $0.0115424$ & $0.0189819$ & $-0.0115626$ & $-0.00761022$ \\
CHQ1_11 & $-0.00684663$ & $0.00174302$ & $0.0108968$ & $-0.0151227$ & $-0.0228666$ & $-0.00609992$ & $-0.0189636$ & $0.0659688$ & $0.0637587$ & $-0.0495852$ & $-0.0129772$ & $-0.00352345$ & $0.0140063$ & $-0.0726317$ & $-0.187072$ & $-0.184417$ & $-0.0716382$ & $0.0163217$ & $0.0164231$ & $-0.0136981$ & $0.0410084$ & $0.0418051$ & $1$ & $-0.130407$ & $0.0847156$ & $-0.674848$ & $0.356889$ & $0.022038$ & $-0.00858443$ & $0.0116945$ & $0.0215511$ & $-0.0160945$ & $0.0183564$ & $0.209253$ & $-0.00712681$ & $-0.00730072$ & $0.0133609$ & $-0.0126416$ & $-0.00172253$ & $-0.0211866$ & $0.0140156$ & $-0.00604601$ & $-0.00282769$ & $-0.0164113$ & $0.0037234$ & $-0.00996819$ & $0.00198506$ & $0.00627022$ & $-0.00123134$ \\
CHQ1_33 & $-0.0522035$ & $-0.00334755$ & $0.00664076$ & $0.00701156$ & $0.00809896$ & $0.00445546$ & $0.107583$ & $-0.688356$ & $-0.675669$ & $0.557462$ & $0.329792$ & $-0.239583$ & $-0.404661$ & $0.473616$ & $0.097838$ & $0.0866204$ & $0.686871$ & $0.631071$ & $0.636318$ & $-0.276381$ & $-0.383838$ & $-0.375943$ & $-0.130407$ & $1$ & $0.653248$ & $0.212792$ & $-0.426899$ & $-0.0364201$ & $-0.0187227$ & $-0.117228$ & $-0.0519891$ & $0.0925465$ & $-0.113745$ & $-0.639047$ & $-0.00600308$ & $-0.000930179$ & $-0.00991711$ & $0.0167661$ & $0.013466$ & $0.0285121$ & $-0.0417761$ & $0.00974172$ & $-0.00378597$ & $-0.0142183$ & $0.00289551$ & $-0.0104501$ & $-0.00516802$ & $0.00180786$ & $0.00618997$ \\
CHQ3_11 & $-0.116244$ & $-0.00247099$ & $0.021344$ & $0.00691633$ & $0.00605377$ & $-0.0897943$ & $0.104744$ & $-0.420766$ & $-0.418745$ & $0.477564$ & $0.0444971$ & $-0.304259$ & $-0.381387$ & $0.601852$ & $-0.13434$ & $-0.143064$ & $0.779794$ & $0.794469$ & $0.798668$ & $-0.0377701$ & $-0.0501918$ & $-0.0498581$ & $0.0847156$ & $0.653248$ & $1$ & $0.0264441$ & $0.192271$ & $-0.036236$ & $-0.0178359$ & $-0.116273$ & $-0.060634$ & $0.078459$ & $-0.117183$ & $-0.221429$ & $-0.0257885$ & $-0.00997571$ & $0.0223677$ & $0.00503768$ & $0.0260758$ & $0.00644502$ & $-0.0499891$ & $0.0186167$ & $-0.0111874$ & $-0.0315131$ & $0.00691623$ & $-0.0194382$ & $-0.00477263$ & $0.00309371$ & $-0.00122164$ \\
CHu_11 & $-0.0415504$ & $0.0229219$ & $-0.00209556$ & $0.0122618$ & $0.0111$ & $0.100302$ & $0.0224304$ & $-0.508697$ & $-0.498372$ & $0.216955$ & $0.566882$ & $0.0431059$ & $-0.091203$ & $-0.264559$ & $-0.1912$ & $-0.179505$ & $-0.101314$ & $0.0398576$ & $0.0341126$ & $-0.554943$ & $-0.568546$ & $-0.556934$ & $-0.674848$ & $0.212792$ & $0.0264441$ & $1$ & $-0.187624$ & $-0.190165$ & $-0.00304879$ & $-0.0402968$ & $-0.0288493$ & $0.0247872$ & $-0.0499723$ & $-0.262777$ & $0.00216575$ & $0.00665048$ & $0.00963182$ & $0.00925561$ & $-0.00201915$ & $0.0147345$ & $-0.0192006$ & $0.00367342$ & $0.0034431$ & $-0.00405988$ & $-0.00328248$ & $0.00154614$ & $-0.0167083$ & $0.00222715$ & $-0.00763249$ \\
CHd_11 & $-0.0535332$ & $-0.00424787$ & $0.0105311$ & $-0.0232773$ & $-0.00707777$ & $-0.0777918$ & $-0.0324809$ & $0.431689$ & $0.420455$ & $-0.249966$ & $-0.300857$ & $0.00327954$ & $0.136879$ & $-0.104746$ & $-0.395754$ & $-0.376496$ & $-0.1718$ & $-0.0141363$ & $-0.0247519$ & $0.22657$ & $0.380944$ & $0.372788$ & $0.356889$ & $-0.426899$ & $0.192271$ & $-0.187624$ & $1$ & $0.0969351$ & $-0.00967496$ & $0.0468199$ & $0.0122295$ & $-0.0338334$ & $0.0353896$ & $0.685351$ & $-0.0249056$ & $0.00121862$ & $0.0290067$ & $-0.0273241$ & $0.00445459$ & $-0.0230435$ & $0.00165067$ & $-0.00302627$ & $0.00180347$ & $-0.00503929$ & $0.0146204$ & $-0.0106475$ & $0.00130713$ & $0.00568828$ & $-0.0104368$ \\
CHd_33 & $0.0115643$ & $0.00765031$ & $-0.010446$ & $-0.0083266$ & $-0.00790586$ & $-0.0677845$ & $-0.00613763$ & $0.296159$ & $0.287594$ & $-0.139643$ & $-0.324198$ & $-0.0320447$ & $0.0525991$ & $0.136276$ & $0.111822$ & $0.112784$ & $0.0502241$ & $-0.035036$ & $-0.038442$ & $0.318041$ & $0.327019$ & $0.318503$ & $0.022038$ & $-0.0364201$ & $-0.036236$ & $-0.190165$ & $0.0969351$ & $1$ & $-0.0234354$ & $0.00581252$ & $-0.0191665$ & $-0.00846188$ & $0.00196588$ & $0.155755$ & $0.0046698$ & $0.0173385$ & $-0.0104308$ & $0.0144583$ & $-0.0210725$ & $0.0153177$ & $-0.00744299$ & $0.0044529$ & $0.00806092$ & $0.0116717$ & $0.0174818$ & $0.00443587$ & $-0.00106394$ & $-0.0230505$ & $-0.0107678$ \\
CeH_22r & $0.00720048$ & $-0.000856849$ & $-0.0127041$ & $0.00348577$ & $-0.0110515$ & $-0.00920738$ & $0.00504979$ & $0.0129202$ & $0.0208462$ & $-0.0134541$ & $-0.00889411$ & $0.0468562$ & $0.0503697$ & $-0.00213251$ & $0.0078481$ & $0.0232374$ & $-0.012217$ & $-0.0112658$ & $-0.0206213$ & $0.00937904$ & $0.00820077$ & $0.0101418$ & $-0.00858443$ & $-0.0187227$ & $-0.0178359$ & $-0.00304879$ & $-0.00967496$ & $-0.0234354$ & $1$ & $0.0447192$ & $0.0264412$ & $-0.0130057$ & $0.045863$ & $0.00465091$ & $-0.0294975$ & $-0.00730206$ & $-0.0257865$ & $0.012779$ & $-0.000157908$ & $-0.0104955$ & $0.0153329$ & $0.00350952$ & $0.00304066$ & $0.0125774$ & $0.00394254$ & $0.0158487$ & $0.0151065$ & $0.0125646$ & $-0.00524931$ \\
CeH_33r & $0.0161616$ & $-0.00077795$ & $-0.00828789$ & $-0.00512811$ & $-0.0255891$ & $0.00464582$ & $-0.122975$ & $0.113516$ & $0.133736$ & $-0.148666$ & $-0.0622266$ & $0.318998$ & $0.279786$ & $-0.0721894$ & $0.0240563$ & $0.0283219$ & $-0.10547$ & $-0.115837$ & $-0.117789$ & $0.0606581$ & $0.0652223$ & $0.0668604$ & $0.0116945$ & $-0.117228$ & $-0.116273$ & $-0.0402968$ & $0.0468199$ & $0.00581252$ & $0.0447192$ & $1$ & $0.314567$ & $0.0278954$ & $0.621877$ & $0.0718994$ & $-0.0542666$ & $-0.0211531$ & $-0.186618$ & $-0.0420506$ & $-0.0343275$ & $-0.00509497$ & $-0.0030973$ & $-0.000345142$ & $-0.00523408$ & $-0.0188807$ & $0.0808923$ & $0.0344856$ & $0.018809$ & $0.0107899$ & $-0.0120327$ \\
CuH_22r & $0.0267772$ & $0.0200968$ & $0.000445405$ & $-0.0163728$ & $-0.011124$ & $0.0169109$ & $-0.0534651$ & $0.0357331$ & $0.0487183$ & $-0.0671966$ & $-0.00795857$ & $0.118476$ & $0.13508$ & $-0.035174$ & $-0.00789163$ & $0.00776011$ & $-0.0615188$ & $-0.0447498$ & $-0.0571241$ & $0.00807642$ & $0.0108478$ & $0.0130916$ & $0.0215511$ & $-0.0519891$ & $-0.060634$ & $-0.0288493$ & $0.0122295$ & $-0.0191665$ & $0.0264412$ & $0.314567$ & $1$ & $0.0288161$ & $0.359123$ & $0.0350591$ & $-0.054182$ & $0.0256355$ & $-0.10638$ & $-0.0039032$ & $-0.0100518$ & $0.0140846$ & $0.0103182$ & $0.0130051$ & $0.00785671$ & $-0.00618173$ & $-0.0218822$ & $0.127688$ & $0.417977$ & $0.0316048$ & $0.0269525$ \\
CuH_33r & $0.00409847$ & $-0.0409617$ & $0.0140955$ & $-0.00488514$ & $0.00671072$ & $0.00260747$ & $0.935846$ & $-0.0764665$ & $-0.0299681$ & $0.0834288$ & $0.0403197$ & $-0.124112$ & $-0.21505$ & $0.0550504$ & $0.00279498$ & $-0.02937$ & $0.0707586$ & $0.0677407$ & $0.0897339$ & $-0.039352$ & $-0.0456583$ & $-0.0462645$ & $-0.0160945$ & $0.0925465$ & $0.078459$ & $0.0247872$ & $-0.0338334$ & $-0.00846188$ & $-0.0130057$ & $0.0278954$ & $0.0288161$ & $1$ & $0.00494229$ & $-0.0695792$ & $0.0626369$ & $0.0342707$ & $0.0112632$ & $0.0152395$ & $0.0101422$ & $0.0249041$ & $-0.0250663$ & $-0.000227798$ & $0.00521803$ & $-0.0210359$ & $-0.00188034$ & $0.0342507$ & $-0.0253877$ & $-0.00801251$ & $-0.0215868$ \\
CdH_33r & $0.0263836$ & $-0.0117325$ & $-0.0116927$ & $0.0136651$ & $0.00232885$ & $0.00927708$ & $-0.164262$ & $0.107002$ & $0.126331$ & $-0.140247$ & $-0.05548$ & $0.353089$ & $0.303037$ & $-0.0662538$ & $0.0362111$ & $0.029479$ & $-0.112379$ & $-0.122161$ & $-0.119706$ & $0.0557961$ & $0.0574145$ & $0.0520923$ & $0.0183564$ & $-0.113745$ & $-0.117183$ & $-0.0499723$ & $0.0353896$ & $0.00196588$ & $0.045863$ & $0.621877$ & $0.359123$ & $0.00494229$ & $1$ & $0.0530113$ & $-0.0508691$ & $0.0174018$ & $-0.214994$ & $-0.0267536$ & $-0.0252121$ & $0.0102336$ & $0.0232247$ & $0.00885505$ & $-0.00262582$ & $-0.0103857$ & $-0.0234842$ & $0.0502774$ & $0.0330216$ & $0.189851$ & $0.511769$ \\
CLL_1221 & $-0.00709926$ & $0.0101447$ & $0.0135764$ & $-0.031281$ & $-0.00772519$ & $-0.12087$ & $-0.0715237$ & $0.578957$ & $0.564367$ & $-0.370098$ & $-0.38194$ & $0.0573156$ & $0.228424$ & $-0.224835$ & $-0.585335$ & $-0.0783811$ & $-0.271134$ & $0.0111715$ & $-0.370211$ & $0.303471$ & $0.466661$ & $0.461721$ & $0.209253$ & $-0.639047$ & $-0.221429$ & $-0.262777$ & $0.685351$ & $0.155755$ & $0.00465091$ & $0.0718994$ & $0.0350591$ & $-0.0695792$ & $0.0530113$ & $1$ & $-0.0212709$ & $-0.0123703$ & $0.012362$ & $-0.00611437$ & $-0.00906241$ & $-0.0188283$ & $0.0021358$ & $-0.0217696$ & $-0.010828$ & $0.0175265$ & $0.0103921$ & $-0.00746621$ & $0.0243397$ & $0.000604073$ & $-0.0380048$ \\
eHggint & $0.0159172$ & $0.0210313$ & $0.0229542$ & $-0.00370819$ & $0.00180555$ & $-0.0123799$ & $-0.031194$ & $-0.010723$ & $-0.0309008$ & $0.0320932$ & $0.0217239$ & $0.0788551$ & $0.0330507$ & $-0.0306104$ & $0.0203443$ & $5.68991e-05$ & $-0.0175246$ & $-0.0331049$ & $-0.0169196$ & $-0.0195345$ & $-0.023355$ & $-0.0216151$ & $-0.00712681$ & $-0.00600308$ & $-0.0257885$ & $0.00216575$ & $-0.0249056$ & $0.0046698$ & $-0.0294975$ & $-0.0542666$ & $-0.054182$ & $0.0626369$ & $-0.0508691$ & $-0.0212709$ & $1$ & $-0.0574389$ & $0.00441057$ & $0.0251629$ & $-0.00358323$ & $-0.00378753$ & $0.00458709$ & $-0.0279112$ & $0.00578671$ & $0.00516962$ & $-0.0419466$ & $-0.0251003$ & $-0.0297639$ & $-0.0126687$ & $-0.00157836$ \\
eHggpar & $0.0199558$ & $0.00227371$ & $0.0364688$ & $-0.0109385$ & $0.00202606$ & $-0.00173902$ & $-0.0197595$ & $0.00227123$ & $-0.0135477$ & $0.0111274$ & $-0.000226978$ & $0.0557027$ & $0.0340833$ & $-0.00233038$ & $0.0106704$ & $-0.0280932$ & $-0.00878109$ & $-0.0142539$ & $0.0172783$ & $0.00118529$ & $0.000895657$ & $0.000333948$ & $-0.00730072$ & $-0.000930179$ & $-0.00997571$ & $0.00665048$ & $0.00121862$ & $0.0173385$ & $-0.00730206$ & $-0.0211531$ & $0.0256355$ & $0.0342707$ & $0.0174018$ & $-0.0123703$ & $-0.0574389$ & $1$ & $0.0456141$ & $-0.0322871$ & $-0.0228767$ & $-0.00444689$ & $-0.0254006$ & $0.0190972$ & $-0.0382013$ & $0.00264553$ & $-0.0307691$ & $0.027862$ & $0.000908454$ & $0.0126672$ & $0.0377016$ \\
eHWWint & $-0.00787713$ & $-0.0239441$ & $0.0290391$ & $-0.00226153$ & $-0.0038982$ & $0.00162222$ & $0.0435041$ & $0.00260919$ & $-0.00809966$ & $0.0157702$ & $-0.00463341$ & $-0.0179489$ & $-0.0304513$ & $0.0134209$ & $-0.0161507$ & $-0.0249856$ & $0.00679368$ & $0.0144233$ & $0.0185402$ & $0.000426291$ & $0.00568096$ & $0.0029626$ & $0.0133609$ & $-0.00991711$ & $0.0223677$ & $0.00963182$ & $0.0290067$ & $-0.0104308$ & $-0.0257865$ & $-0.186618$ & $-0.10638$ & $0.0112632$ & $-0.214994$ & $0.012362$ & $0.00441057$ & $0.0456141$ & $1$ & $-0.00289991$ & $-0.0311324$ & $0.0130677$ & $-0.0213712$ & $0.00251693$ & $-0.00389558$ & $0.0618615$ & $0.0717991$ & $-0.0153526$ & $-0.0467631$ & $-0.00256916$ & $-0.0294953$ \\
eHWWpar & $-0.0231657$ & $0.0137793$ & $0.0214816$ & $-0.024738$ & $0.016533$ & $-0.0177363$ & $0.0203017$ & $-0.0170958$ & $-0.0155657$ & $0.00964212$ & $0.0099395$ & $-0.0106363$ & $-0.00538613$ & $0.00338415$ & $-0.00472962$ & $0.00923184$ & $0.020087$ & $0.0172587$ & $0.00804179$ & $-0.00904443$ & $-0.00996858$ & $-0.0104779$ & $-0.0126416$ & $0.0167661$ & $0.00503768$ & $0.00925561$ & $-0.0273241$ & $0.0144583$ & $0.012779$ & $-0.0420506$ & $-0.0039032$ & $0.0152395$ & $-0.0267536$ & $-0.00611437$ & $0.0251629$ & $-0.0322871$ & $-0.00289991$ & $1$ & $-0.0121632$ & $-0.00809808$ & $0.0024889$ & $-0.0114631$ & $0.00540146$ & $-0.0018662$ & $0.00905294$ & $-0.0097581$ & $-0.00514711$ & $-0.0202807$ & $0.0112193$ \\
eHZZint & $-0.0221064$ & $0.0665158$ & $-0.0321009$ & $-0.0261459$ & $0.00606428$ & $0.00213945$ & $0.0128245$ & $-0.00768048$ & $-0.0102974$ & $0.0033271$ & $-0.00522105$ & $-0.0161873$ & $-0.00072976$ & $0.0126302$ & $0.0114741$ & $-0.00544853$ & $0.0278045$ & $0.0121995$ & $0.0246668$ & $0.00745432$ & $0.00657844$ & $0.00888072$ & $-0.00172253$ & $0.013466$ & $0.0260758$ & $-0.00201915$ & $0.00445459$ & $-0.0210725$ & $-0.000157908$ & $-0.0343275$ & $-0.0100518$ & $0.0101422$ & $-0.0252121$ & $-0.00906241$ & $-0.00358323$ & $-0.0228767$ & $-0.0311324$ & $-0.0121632$ & $1$ & $0.010626$ & $0.000973292$ & $0.00847004$ & $-0.0397089$ & $-0.0314295$ & $-0.0329835$ & $0.0558728$ & $0.0137207$ & $-0.00832181$ & $0.0193988$ \\
eHZZpar & $0.00820139$ & $-0.0169656$ & $0.0224703$ & $0.00195283$ & $-0.0045334$ & $0.014586$ & $0.0255725$ & $-0.0148919$ & $-0.0145324$ & $0.0194697$ & $0.00589836$ & $0.00179671$ & $-0.000925994$ & $0.0117235$ & $0.00506324$ & $0.00594974$ & $0.0165558$ & $0.0146443$ & $0.014215$ & $-0.00245821$ & $-0.00684055$ & $-0.00746993$ & $-0.0211866$ & $0.0285121$ & $0.00644502$ & $0.0147345$ & $-0.0230435$ & $0.0153177$ & $-0.0104955$ & $-0.00509497$ & $0.0140846$ & $0.0249041$ & $0.0102336$ & $-0.0188283$ & $-0.00378753$ & $-0.00444689$ & $0.0130677$ & $-0.00809808$ & $0.010626$ & $1$ & $-0.00743586$ & $0.0152602$ & $0.00837762$ & $-0.0374622$ & $-0.0128852$ & $0.0270444$ & $0.0263241$ & $0.00896858$ & $0.0252193$ \\
eHZgaint & $-0.00894998$ & $-0.000861514$ & $-0.00623954$ & $-0.026387$ & $-0.00068337$ & $-0.00184141$ & $-0.0255086$ & $0.0248505$ & $0.0227177$ & $-0.0767138$ & $0.00139182$ & $-0.00131794$ & $0.0328701$ & $-0.0570728$ & $0.0264106$ & $0.00425182$ & $-0.0476374$ & $-0.0666801$ & $-0.0479825$ & $6.58012e-05$ & $-0.00127062$ & $0.00041359$ & $0.0140156$ & $-0.0417761$ & $-0.0499891$ & $-0.0192006$ & $0.00165067$ & $-0.00744299$ & $0.0153329$ & $-0.0030973$ & $0.0103182$ & $-0.0250663$ & $0.0232247$ & $0.0021358$ & $0.00458709$ & $-0.0254006$ & $-0.0213712$ & $0.0024889$ & $0.000973292$ & $-0.00743586$ & $1$ & $0.0130685$ & $0.01085$ & $0.0482272$ & $-0.00631628$ & $-0.0217196$ & $-0.00550747$ & $0.0139512$ & $0.0351842$ \\
eHZgapar & $-0.00857632$ & $-0.0153561$ & $-0.000562391$ & $0.0239054$ & $-0.00861543$ & $0.00212841$ & $0.00441858$ & $0.00221327$ & $0.00576913$ & $0.0258002$ & $-0.0128974$ & $0.011333$ & $-0.00236669$ & $0.0214715$ & $0.0255702$ & $0.000955829$ & $0.018189$ & $0.00268361$ & $0.0223749$ & $0.0151848$ & $0.0119351$ & $0.0120851$ & $-0.00604601$ & $0.00974172$ & $0.0186167$ & $0.00367342$ & $-0.00302627$ & $0.0044529$ & $0.00350952$ & $-0.000345142$ & $0.0130051$ & $-0.000227798$ & $0.00885505$ & $-0.0217696$ & $-0.0279112$ & $0.0190972$ & $0.00251693$ & $-0.0114631$ & $0.00847004$ & $0.0152602$ & $0.0130685$ & $1$ & $-0.0223476$ & $-0.0223789$ & $0.00566335$ & $0.0235846$ & $-0.00739258$ & $0.0123449$ & $-0.00498293$ \\
eHgagaint & $-0.00584796$ & $-0.0023751$ & $-0.0518504$ & $0.0739582$ & $-0.0136934$ & $0.00790173$ & $0.00857924$ & $0.00956461$ & $0.0836556$ & $-0.0128276$ & $-0.00242048$ & $-0.0131367$ & $-0.00311137$ & $-0.0124793$ & $0.0190189$ & $0.0182134$ & $-0.0207562$ & $-0.0263773$ & $-0.0269421$ & $0.00689217$ & $0.000965058$ & $-0.00456683$ & $-0.00282769$ & $-0.00378597$ & $-0.0111874$ & $0.0034431$ & $0.00180347$ & $0.00806092$ & $0.00304066$ & $-0.00523408$ & $0.00785671$ & $0.00521803$ & $-0.00262582$ & $-0.010828$ & $0.00578671$ & $-0.0382013$ & $-0.00389558$ & $0.00540146$ & $-0.0397089$ & $0.00837762$ & $0.01085$ & $-0.0223476$ & $1$ & $0.00212233$ & $0.0071574$ & $-0.0490186$ & $0.0236711$ & $0.0248902$ & $0.00893994$ \\
eHmumuint & $0.00787172$ & $-0.026182$ & $0.0378863$ & $-0.00867327$ & $-0.0139105$ & $0.00319293$ & $-0.0115082$ & $0.0208779$ & $0.0206543$ & $-0.0209582$ & $-0.0104936$ & $0.015821$ & $0.036653$ & $-0.00579695$ & $-0.00507375$ & $0.0106085$ & $-0.0225484$ & $-0.0152678$ & $-0.0278537$ & $0.00802519$ & $0.00991696$ & $0.00538737$ & $-0.0164113$ & $-0.0142183$ & $-0.0315131$ & $-0.00405988$ & $-0.00503929$ & $0.0116717$ & $0.0125774$ & $-0.0188807$ & $-0.00618173$ & $-0.0210359$ & $-0.0103857$ & $0.0175265$ & $0.00516962$ & $0.00264553$ & $0.0618615$ & $-0.0018662$ & $-0.0314295$ & $-0.0374622$ & $0.0482272$ & $-0.0223789$ & $0.00212233$ & $1$ & $-0.00999309$ & $-0.0483544$ & $0.0586521$ & $-0.0121649$ & $0.0116993$ \\
eHtautauint & $-0.00913289$ & $-0.0293781$ & $-0.0722954$ & $0.0461012$ & $0.00882149$ & $-0.00674108$ & $0.0105935$ & $0.0249407$ & $0.0329418$ & $-0.0175863$ & $-0.0336575$ & $-0.0106029$ & $0.0123401$ & $0.0206983$ & $0.0113855$ & $0.00528091$ & $0.0194061$ & $0.0065694$ & $0.0105877$ & $0.0322915$ & $0.0330279$ & $0.0306847$ & $0.0037234$ & $0.00289551$ & $0.00691623$ & $-0.00328248$ & $0.0146204$ & $0.0174818$ & $0.00394254$ & $0.0808923$ & $-0.0218822$ & $-0.00188034$ & $-0.0234842$ & $0.0103921$ & $-0.0419466$ & $-0.0307691$ & $0.0717991$ & $0.00905294$ & $-0.0329835$ & $-0.0128852$ & $-0.00631628$ & $0.00566335$ & $0.0071574$ & $-0.00999309$ & $1$ & $-0.0235254$ & $-0.0287159$ & $-0.0249235$ & $-0.0368116$ \\
eHccint & $0.0198578$ & $0.0228526$ & $-0.0326588$ & $0.0536038$ & $-0.00586199$ & $0.0238635$ & $0.0285598$ & $0.0159986$ & $0.0128255$ & $-0.011058$ & $-0.0150527$ & $0.0197235$ & $0.0180648$ & $0.0128597$ & $0.0217662$ & $0.0175648$ & $-0.0158315$ & $-0.0153179$ & $-0.0152244$ & $0.0184183$ & $0.0133353$ & $0.0115424$ & $-0.00996819$ & $-0.0104501$ & $-0.0194382$ & $0.00154614$ & $-0.0106475$ & $0.00443587$ & $0.0158487$ & $0.0344856$ & $0.127688$ & $0.0342507$ & $0.0502774$ & $-0.00746621$ & $-0.0251003$ & $0.027862$ & $-0.0153526$ & $-0.0097581$ & $0.0558728$ & $0.0270444$ & $-0.0217196$ & $0.0235846$ & $-0.0490186$ & $-0.0483544$ & $-0.0235254$ & $1$ & $0.0478322$ & $0.0414239$ & $0.0249079$ \\
eHccpar & $0.0207416$ & $0.0358377$ & $-0.02209$ & $-0.0469913$ & $-0.0254916$ & $0.0106455$ & $-0.0271094$ & $0.0107183$ & $0.0128382$ & $-0.00713568$ & $-0.0138448$ & $0.0146562$ & $0.0353737$ & $0.0114748$ & $-0.0169308$ & $0.0176315$ & $0.000130518$ & $0.0176463$ & $-0.00651857$ & $0.0155915$ & $0.015042$ & $0.0189819$ & $0.00198506$ & $-0.00516802$ & $-0.00477263$ & $-0.0167083$ & $0.00130713$ & $-0.00106394$ & $0.0151065$ & $0.018809$ & $0.417977$ & $-0.0253877$ & $0.0330216$ & $0.0243397$ & $-0.0297639$ & $0.000908454$ & $-0.0467631$ & $-0.00514711$ & $0.0137207$ & $0.0263241$ & $-0.00550747$ & $-0.00739258$ & $0.0236711$ & $0.0586521$ & $-0.0287159$ & $0.0478322$ & $1$ & $-0.011194$ & $0.0164226$ \\
eHbbint & $0.0158735$ & $-0.0300386$ & $0.0119341$ & $0.0166596$ & $0.0108599$ & $0.00634952$ & $-0.0137853$ & $-0.0102231$ & $-0.00937185$ & $0.00792673$ & $0.0143538$ & $-0.00579853$ & $-0.0152029$ & $0.00197338$ & $-0.0178017$ & $-0.00955378$ & $-0.0139538$ & $0.00851025$ & $-0.0027606$ & $-0.0147113$ & $-0.0143949$ & $-0.0115626$ & $0.00627022$ & $0.00180786$ & $0.00309371$ & $0.00222715$ & $0.00568828$ & $-0.0230505$ & $0.0125646$ & $0.0107899$ & $0.0316048$ & $-0.00801251$ & $0.189851$ & $0.000604073$ & $-0.0126687$ & $0.0126672$ & $-0.00256916$ & $-0.0202807$ & $-0.00832181$ & $0.00896858$ & $0.0139512$ & $0.0123449$ & $0.0248902$ & $-0.0121649$ & $-0.0249235$ & $0.0414239$ & $-0.011194$ & $1$ & $0.0296824$ \\
eHbbpar & $0.0296973$ & $-0.00876412$ & $-0.0255613$ & $0.0211914$ & $0.00756173$ & $0.0210328$ & $-0.0280277$ & $-0.00143237$ & $-0.000762532$ & $0.00314691$ & $-0.00131238$ & $-0.0103397$ & $-0.0168763$ & $0.0114775$ & $0.0389236$ & $-0.00897175$ & $-0.00430322$ & $-0.0218169$ & $0.0103644$ & $0.00366216$ & $-0.00179265$ & $-0.00761022$ & $-0.00123134$ & $0.00618997$ & $-0.00122164$ & $-0.00763249$ & $-0.0104368$ & $-0.0107678$ & $-0.00524931$ & $-0.0120327$ & $0.0269525$ & $-0.0215868$ & $0.511769$ & $-0.0380048$ & $-0.00157836$ & $0.0377016$ & $-0.0294953$ & $0.0112193$ & $0.0193988$ & $0.0252193$ & $0.0351842$ & $-0.00498293$ & $0.00893994$ & $0.0116993$ & $-0.0368116$ & $0.0249079$ & $0.0164226$ & $0.0296824$ & $1$ \\
