 & AlsMz & dAle5Mz & mtop & mHl & Mz & CW & CHG & CHWB & CHWHB_gaga & CHWHB_gagaorth & CHD & CHbox & CH & CHL1_11 & CHL1_22 & CHL1_33 & CHL3_11 & CHL3_22 & CHL3_33 & CHe_11 & CHe_22 & CHe_33 & CHQ1_11 & CHQ1_33 & CHQ3_11 & CHu_11 & CHd_11 & CHd_33 & CeH_22r & CeH_33r & CuH_22r & CuH_33r & CdH_33r & CLL_1221 & eHggint & eHggpar & eHWWint & eHWWpar & eHZZint & eHZZpar & eHZgaint & eHZgapar & eHgagaint & eHmumuint & eHtautauint & eHccint & eHccpar & eHbbint & eHbbpar \\
AlsMz & $1$ & $0.00789733$ & $1.40177e-05$ & $0.015095$ & $-0.00180117$ & $-0.0119144$ & $0.0199967$ & $-0.015672$ & $-0.0168179$ & $0.0235412$ & $0.00378538$ & $0.0204767$ & $-0.0091612$ & $0.00136473$ & $-0.00969004$ & $-0.0010076$ & $0.0140359$ & $0.0169183$ & $0.0119145$ & $-0.00928178$ & $-0.00978658$ & $-0.00887582$ & $0.00313059$ & $-0.0281435$ & $-0.0662413$ & $-0.0253197$ & $-0.026731$ & $0.0188067$ & $0.00268233$ & $-0.00420374$ & $-0.0260632$ & $0.0248293$ & $-0.0131322$ & $-0.00371894$ & $0.0519715$ & $0.0787791$ & $-0.036683$ & $0.0287785$ & $0.138074$ & $-0.015847$ & $-0.0420182$ & $0.000814593$ & $0.00967835$ & $-0.0137282$ & $0.0301036$ & $0.0933175$ & $-0.0735499$ & $0.00483305$ & $-0.0186593$ \\
dAle5Mz & $0.00789733$ & $1$ & $0.0435264$ & $0.0667074$ & $0.0113381$ & $0.0186108$ & $0.0333746$ & $-0.0764594$ & $-0.0802142$ & $0.0448929$ & $0.0747906$ & $0.0525929$ & $-0.0416749$ & $-0.0585909$ & $-0.0416116$ & $-0.0361215$ & $-0.00881481$ & $-0.0050339$ & $-0.0104341$ & $-0.057836$ & $-0.0549607$ & $-0.0550124$ & $0.0141975$ & $0.0015865$ & $-0.00966037$ & $0.0344421$ & $-0.0035729$ & $-0.022676$ & $-0.0181729$ & $-0.0427357$ & $-0.0277339$ & $0.0340429$ & $-0.0795641$ & $0.0309115$ & $0.0803071$ & $0.0238781$ & $0.107682$ & $0.000882549$ & $0.0377146$ & $-0.0198257$ & $0.0393979$ & $-0.00502236$ & $-0.0555415$ & $0.00121677$ & $0.145081$ & $0.0257996$ & $0.023394$ & $0.00438067$ & $-0.0941082$ \\
mtop & $1.40177e-05$ & $0.0435264$ & $1$ & $0.0584466$ & $0.00579603$ & $0.00716329$ & $0.0269736$ & $-0.0050356$ & $0.00141772$ & $-0.00150544$ & $0.0167158$ & $0.0024579$ & $-0.016866$ & $-0.0140954$ & $-0.0172776$ & $-0.0210185$ & $-0.0123608$ & $-0.00553809$ & $-0.0039789$ & $-0.0125094$ & $-0.00922591$ & $-0.0100727$ & $-0.00293468$ & $-0.00840429$ & $-0.00617346$ & $0.016225$ & $0.0137654$ & $-0.00367914$ & $-0.00745648$ & $-0.0276622$ & $0.00564044$ & $0.0253424$ & $-0.00957132$ & $0.014251$ & $0.041812$ & $-0.0718389$ & $0.0471679$ & $-0.00273373$ & $0.0325055$ & $0.00030655$ & $0.0495$ & $-0.012985$ & $0.096976$ & $-0.0717005$ & $0.0430577$ & $0.0676658$ & $0.0712703$ & $0.0365814$ & $0.0505715$ \\
mHl & $0.015095$ & $0.0667074$ & $0.0584466$ & $1$ & $-0.0101933$ & $-0.000384797$ & $0.0161491$ & $0.0117929$ & $0.01891$ & $-0.0086105$ & $-0.00285486$ & $0.00768298$ & $-0.00856783$ & $-0.0126292$ & $-0.0124404$ & $-0.00669791$ & $-0.01368$ & $-0.0098435$ & $-0.0145259$ & $0.00299821$ & $0.00612596$ & $0.00485836$ & $0.0166728$ & $-0.0245223$ & $-0.0138124$ & $-0.0112755$ & $0.0197087$ & $-0.00563122$ & $-0.00836836$ & $-0.00757938$ & $0.0086528$ & $0.0181868$ & $-0.0147632$ & $0.0291381$ & $0.000747005$ & $0.122946$ & $-0.00161058$ & $-0.0161683$ & $-0.0207624$ & $0.00542993$ & $-0.0550788$ & $-0.021597$ & $0.125517$ & $-0.013641$ & $0.0457723$ & $-0.0639047$ & $0.0349756$ & $-0.0312585$ & $-0.0130982$ \\
Mz & $-0.00180117$ & $0.0113381$ & $0.00579603$ & $-0.0101933$ & $1$ & $-0.00515648$ & $-0.000784757$ & $-0.00922908$ & $-0.00950963$ & $0.0155321$ & $0.00673523$ & $-0.00128804$ & $0.00202384$ & $0.0120491$ & $-0.000617$ & $0.0107601$ & $0.0174711$ & $0.0174567$ & $0.00829368$ & $0.000296432$ & $-9.66444e-05$ & $-0.00146044$ & $-0.000816662$ & $0.0147327$ & $0.0156676$ & $0.000325279$ & $-0.00675373$ & $0.00732285$ & $0.0018148$ & $-0.00477219$ & $0.00310256$ & $-0.00260409$ & $-0.00365908$ & $-0.00721303$ & $0.00428133$ & $-0.0156732$ & $0.00877736$ & $-0.0159597$ & $0.016159$ & $-0.00668395$ & $0.00755846$ & $0.00662619$ & $-0.00814645$ & $0.0145353$ & $0.0157402$ & $0.000776576$ & $0.0107353$ & $0.0112389$ & $-0.00480099$ \\
CW & $-0.0119144$ & $0.0186108$ & $0.00716329$ & $-0.000384797$ & $-0.00515648$ & $1$ & $0.0359095$ & $-0.0491968$ & $-0.0480579$ & $0.0259487$ & $0.159694$ & $0.0772358$ & $-0.0451351$ & $-0.0437877$ & $-0.0793387$ & $-0.0824143$ & $-0.369593$ & $-0.175466$ & $-0.172998$ & $-0.15561$ & $-0.162616$ & $-0.162052$ & $-0.0174948$ & $-0.117336$ & $-0.210932$ & $0.127352$ & $-0.0667824$ & $-0.0718165$ & $-0.0258115$ & $-0.0306119$ & $-0.0247774$ & $0.0412213$ & $-0.0395137$ & $-0.108297$ & $-0.00180623$ & $0.0292599$ & $0.00746572$ & $0.00951686$ & $-0.00541793$ & $0.0163363$ & $-0.00991917$ & $-0.0101368$ & $0.0116394$ & $-0.0119935$ & $0.00224671$ & $0.00878922$ & $0.00154317$ & $-0.00917697$ & $0.00196781$ \\
CHG & $0.0199967$ & $0.0333746$ & $0.0269736$ & $0.0161491$ & $-0.000784757$ & $0.0359095$ & $1$ & $-0.0455956$ & $-0.0229224$ & $0.202249$ & $0.104779$ & $0.64874$ & $-0.781201$ & $-0.135065$ & $-0.0431185$ & $-0.0360656$ & $-0.119066$ & $-0.10032$ & $-0.104349$ & $-0.101923$ & $-0.104229$ & $-0.102356$ & $-0.0106394$ & $-0.0586916$ & $-0.108384$ & $0.0838948$ & $-0.0272284$ & $-0.0574653$ & $-0.140915$ & $-0.588636$ & $-0.366774$ & $0.954914$ & $-0.607771$ & $-0.00845713$ & $-0.131741$ & $-0.068775$ & $0.0551408$ & $-0.0102259$ & $-0.0177374$ & $0.0067498$ & $0.0272471$ & $-0.00292501$ & $0.0277686$ & $0.00138646$ & $0.0100023$ & $-0.00692838$ & $-0.0242294$ & $-0.0211256$ & $-0.0196623$ \\
CHWB & $-0.015672$ & $-0.0764594$ & $-0.0050356$ & $0.0117929$ & $-0.00922908$ & $-0.0491968$ & $-0.0455956$ & $1$ & $0.989206$ & $-0.553686$ & $-0.873114$ & $-0.158023$ & $0.0469103$ & $0.278056$ & $0.468223$ & $0.452061$ & $-0.212102$ & $-0.397005$ & $-0.391487$ & $0.856936$ & $0.886649$ & $0.878878$ & $0.0306365$ & $-0.624344$ & $-0.363321$ & $-0.606288$ & $0.401646$ & $0.392482$ & $0.00832473$ & $0.0364582$ & $0.0338067$ & $-0.0567928$ & $0.0439191$ & $0.524746$ & $-0.0216062$ & $-0.0107459$ & $-0.0103291$ & $-0.00345123$ & $0.00727887$ & $0.00707614$ & $-0.0177407$ & $-0.000672064$ & $-0.00715677$ & $-0.00927978$ & $-0.0241674$ & $0.00760603$ & $-0.0078349$ & $-0.00394901$ & $0.00608956$ \\
CHWHB_gaga & $-0.0168179$ & $-0.0802142$ & $0.00141772$ & $0.01891$ & $-0.00950963$ & $-0.0480579$ & $-0.0229224$ & $0.989206$ & $1$ & $-0.548911$ & $-0.862366$ & $-0.154735$ & $0.0510244$ & $0.271879$ & $0.462871$ & $0.448472$ & $-0.211908$ & $-0.394915$ & $-0.390503$ & $0.846549$ & $0.875616$ & $0.867979$ & $0.030141$ & $-0.61912$ & $-0.362126$ & $-0.599081$ & $0.395854$ & $0.386416$ & $0.0146209$ & $0.053447$ & $0.0454631$ & $-0.0367062$ & $0.0617553$ & $0.519422$ & $-0.0385247$ & $-0.0103829$ & $-0.0170154$ & $-0.00298109$ & $-0.00086927$ & $0.00836321$ & $-0.0252959$ & $-0.000159316$ & $0.0488193$ & $-0.0125283$ & $-0.0308087$ & $0.00664722$ & $-0.00824737$ & $-0.00179376$ & $0.00531246$ \\
CHWHB_gagaorth & $0.0235412$ & $0.0448929$ & $-0.00150544$ & $-0.0086105$ & $0.0155321$ & $0.0259487$ & $0.202249$ & $-0.553686$ & $-0.548911$ & $1$ & $0.477836$ & $0.449601$ & $-0.257131$ & $-0.146422$ & $-0.253054$ & $-0.253096$ & $0.129768$ & $0.226381$ & $0.229327$ & $-0.469038$ & $-0.485471$ & $-0.480862$ & $-0.0265062$ & $0.350484$ & $0.209261$ & $0.337129$ & $-0.223466$ & $-0.221355$ & $-0.0442229$ & $-0.226184$ & $-0.157434$ & $0.213446$ & $-0.251048$ & $-0.294866$ & $0.0360979$ & $0.00432229$ & $0.0121854$ & $-0.00844973$ & $0.00685506$ & $-0.00180984$ & $-0.0321826$ & $-0.000118238$ & $0.00750034$ & $0.000870936$ & $0.0122875$ & $-0.0141801$ & $-0.00500012$ & $-0.00460309$ & $-0.0132515$ \\
CHD & $0.00378538$ & $0.0747906$ & $0.0167158$ & $-0.00285486$ & $0.00673523$ & $0.159694$ & $0.104779$ & $-0.873114$ & $-0.862366$ & $0.477836$ & $1$ & $0.258383$ & $-0.121047$ & $-0.672313$ & $-0.581002$ & $-0.564345$ & $-0.263466$ & $-0.0316725$ & $-0.0352976$ & $-0.994954$ & $-0.995073$ & $-0.98355$ & $0.0269109$ & $0.208746$ & $-0.0739144$ & $0.686092$ & $-0.271829$ & $-0.439667$ & $-0.0213678$ & $-0.0976186$ & $-0.0730959$ & $0.120315$ & $-0.112374$ & $-0.318279$ & $0.0307477$ & $0.0210493$ & $0.0166927$ & $0.00890889$ & $-0.017197$ & $-0.00456774$ & $0.0202688$ & $0.000960745$ & $0.00915654$ & $0.0107061$ & $0.021901$ & $-0.0114974$ & $0.0121104$ & $0.0125468$ & $-0.00413317$ \\
CHbox & $0.0204767$ & $0.0525929$ & $0.0024579$ & $0.00768298$ & $-0.00128804$ & $0.0772358$ & $0.64874$ & $-0.158023$ & $-0.154735$ & $0.449601$ & $0.258383$ & $1$ & $-0.824782$ & $-0.267721$ & $-0.112556$ & $-0.113068$ & $-0.207528$ & $-0.158335$ & $-0.157079$ & $-0.25198$ & $-0.257695$ & $-0.25403$ & $-0.00239334$ & $-0.0649287$ & $-0.167192$ & $0.184122$ & $-0.0738874$ & $-0.123492$ & $-0.150425$ & $-0.548805$ & $-0.35597$ & $0.606734$ & $-0.569344$ & $-0.0602401$ & $-0.0847895$ & $-0.0392749$ & $0.0580003$ & $-0.0209577$ & $-0.0146235$ & $0.00345343$ & $0.0239064$ & $-0.00355617$ & $0.0146927$ & $-0.0031794$ & $0.0227699$ & $-0.0103176$ & $-0.0113231$ & $-0.0272721$ & $-0.0112389$ \\
CH & $-0.0091612$ & $-0.0416749$ & $-0.016866$ & $-0.00856783$ & $0.00202384$ & $-0.0451351$ & $-0.781201$ & $0.0469103$ & $0.0510244$ & $-0.257131$ & $-0.121047$ & $-0.824782$ & $1$ & $0.161356$ & $0.0500132$ & $0.0513715$ & $0.149191$ & $0.127221$ & $0.125885$ & $0.118337$ & $0.119272$ & $0.117253$ & $-0.00123282$ & $0.0785196$ & $0.130284$ & $-0.0884553$ & $0.0204079$ & $0.05763$ & $0.190601$ & $0.718395$ & $0.43687$ & $-0.698087$ & $0.736023$ & $0.00592035$ & $0.153797$ & $0.0810965$ & $-0.0514561$ & $0.0156567$ & $0.0121524$ & $-0.0107923$ & $-0.040951$ & $0.0042547$ & $-0.0209881$ & $-0.00422881$ & $-0.0132161$ & $0.00816021$ & $0.0212396$ & $0.0325169$ & $0.00836975$ \\
CHL1_11 & $0.00136473$ & $-0.0585909$ & $-0.0140954$ & $-0.0126292$ & $0.0120491$ & $-0.0437877$ & $-0.135065$ & $0.278056$ & $0.271879$ & $-0.146422$ & $-0.672313$ & $-0.267721$ & $0.161356$ & $1$ & $0.413542$ & $0.399228$ & $0.648178$ & $0.597952$ & $0.600517$ & $0.682005$ & $0.645001$ & $0.633105$ & $-0.101741$ & $0.440311$ & $0.604275$ & $-0.444565$ & $-0.0458127$ & $0.284845$ & $0.0214069$ & $0.132543$ & $0.0886583$ & $-0.149617$ & $0.149901$ & $-0.170084$ & $-0.0328854$ & $-0.027035$ & $-0.0145989$ & $-0.0124124$ & $0.0178045$ & $0.00125344$ & $-0.0122689$ & $-0.00467427$ & $-0.00501895$ & $-0.00647844$ & $-0.00830195$ & $0.0109127$ & $-0.0128167$ & $-0.0169713$ & $0.0057869$ \\
CHL1_22 & $-0.00969004$ & $-0.0416116$ & $-0.0172776$ & $-0.0124404$ & $-0.000617$ & $-0.0793387$ & $-0.0431185$ & $0.468223$ & $0.462871$ & $-0.253054$ & $-0.581002$ & $-0.112556$ & $0.0500132$ & $0.413542$ & $1$ & $0.539059$ & $0.175446$ & $-0.30213$ & $0.00142298$ & $0.622445$ & $0.526348$ & $0.518903$ & $-0.171639$ & $0.0375144$ & $-0.0623375$ & $-0.372082$ & $-0.292601$ & $0.238767$ & $-0.000166026$ & $0.0424255$ & $0.028383$ & $-0.0504041$ & $0.048363$ & $-0.465898$ & $-0.0172845$ & $-0.0190074$ & $-0.00536508$ & $-0.01376$ & $0.0107458$ & $0.0074119$ & $-0.0125125$ & $0.00406639$ & $-0.00828208$ & $0.00351703$ & $-0.0130765$ & $0.0112186$ & $-0.00769012$ & $-0.00687593$ & $-0.00186248$ \\
CHL1_33 & $-0.0010076$ & $-0.0361215$ & $-0.0210185$ & $-0.00669791$ & $0.0107601$ & $-0.0824143$ & $-0.0360656$ & $0.452061$ & $0.448472$ & $-0.253096$ & $-0.564345$ & $-0.113068$ & $0.0513715$ & $0.399228$ & $0.539059$ & $1$ & $0.17635$ & $0.00682195$ & $-0.297573$ & $0.607102$ & $0.51056$ & $0.520842$ & $-0.170417$ & $0.0404404$ & $-0.0577646$ & $-0.355151$ & $-0.293462$ & $0.232282$ & $0.0148485$ & $0.0454731$ & $0.0341182$ & $-0.0412914$ & $0.0494715$ & $-0.0273631$ & $-0.0186221$ & $-0.0209423$ & $-0.00965119$ & $-0.00336188$ & $0.00933252$ & $-0.00537953$ & $-0.0119361$ & $0.00321953$ & $-0.0051703$ & $-0.000409666$ & $-0.00097071$ & $0.0162826$ & $0.000972893$ & $-0.0236074$ & $-0.00296339$ \\
CHL3_11 & $0.0140359$ & $-0.00881481$ & $-0.0123608$ & $-0.01368$ & $0.0174711$ & $-0.369593$ & $-0.119066$ & $-0.212102$ & $-0.211908$ & $0.129768$ & $-0.263466$ & $-0.207528$ & $0.149191$ & $0.648178$ & $0.175446$ & $0.17635$ & $1$ & $0.824476$ & $0.820588$ & $0.274272$ & $0.240594$ & $0.233662$ & $-0.0713871$ & $0.753421$ & $0.856381$ & $-0.178482$ & $-0.144241$ & $0.102168$ & $0.0328558$ & $0.121075$ & $0.0813778$ & $-0.128286$ & $0.136978$ & $-0.248623$ & $-0.0179506$ & $-0.020272$ & $-0.0158993$ & $-0.010032$ & $0.0198579$ & $-0.00470251$ & $-0.00664384$ & $0.00241279$ & $-0.000864149$ & $-0.00555481$ & $-0.00158928$ & $0.00503364$ & $-0.00728558$ & $-0.0145465$ & $-0.0052907$ \\
CHL3_22 & $0.0169183$ & $-0.0050339$ & $-0.00553809$ & $-0.0098435$ & $0.0174567$ & $-0.175466$ & $-0.10032$ & $-0.397005$ & $-0.394915$ & $0.226381$ & $-0.0316725$ & $-0.158335$ & $0.127221$ & $0.597952$ & $-0.30213$ & $0.00682195$ & $0.824476$ & $1$ & $0.788783$ & $0.030659$ & $0.0269825$ & $0.0241452$ & $-0.0177246$ & $0.739216$ & $0.868026$ & $-0.0220552$ & $-0.0521255$ & $0.00749083$ & $0.0280986$ & $0.10383$ & $0.0676706$ & $-0.106301$ & $0.117121$ & $-0.0675877$ & $-0.0137825$ & $-0.0133167$ & $-0.0121485$ & $-0.00395825$ & $0.0126144$ & $-0.00847442$ & $-0.00056355$ & $-0.00309705$ & $0.00253581$ & $-0.00613011$ & $0.00699276$ & $0.00203427$ & $-0.00459834$ & $-0.0149264$ & $0.00106752$ \\
CHL3_33 & $0.0119145$ & $-0.0104341$ & $-0.0039789$ & $-0.0145259$ & $0.00829368$ & $-0.172998$ & $-0.104349$ & $-0.391487$ & $-0.390503$ & $0.229327$ & $-0.0352976$ & $-0.157079$ & $0.125885$ & $0.600517$ & $0.00142298$ & $-0.297573$ & $0.820588$ & $0.788783$ & $1$ & $0.0329195$ & $0.0313165$ & $0.0285774$ & $-0.0155973$ & $0.736225$ & $0.866249$ & $-0.0281971$ & $-0.0446797$ & $0.00800711$ & $0.0182713$ & $0.101268$ & $0.063454$ & $-0.111969$ & $0.115673$ & $-0.364269$ & $-0.0122463$ & $-0.0137064$ & $-0.00983569$ & $-0.01181$ & $0.0142899$ & $0.00203215$ & $-0.000768716$ & $-0.00321821$ & $-0.00131436$ & $-0.00252785$ & $-0.001336$ & $-0.00276435$ & $-0.0108307$ & $-0.00334894$ & $0.00242372$ \\
CHe_11 & $-0.00928178$ & $-0.057836$ & $-0.0125094$ & $0.00299821$ & $0.000296432$ & $-0.15561$ & $-0.101923$ & $0.856936$ & $0.846549$ & $-0.469038$ & $-0.994954$ & $-0.25198$ & $0.118337$ & $0.682005$ & $0.622445$ & $0.607102$ & $0.274272$ & $0.030659$ & $0.0329195$ & $1$ & $0.985272$ & $0.974036$ & $-0.045205$ & $-0.17654$ & $0.0777566$ & $-0.679572$ & $0.218268$ & $0.435987$ & $0.0201559$ & $0.0956995$ & $0.0713595$ & $-0.116939$ & $0.110018$ & $0.263112$ & $-0.0292902$ & $-0.0219048$ & $-0.0143395$ & $-0.00964743$ & $0.0170421$ & $0.0039445$ & $-0.0186092$ & $-0.00118288$ & $-0.010295$ & $-0.00981623$ & $-0.0182364$ & $0.012143$ & $-0.0105465$ & $-0.0139779$ & $0.00331271$ \\
CHe_22 & $-0.00978658$ & $-0.0549607$ & $-0.00922591$ & $0.00612596$ & $-9.66444e-05$ & $-0.162616$ & $-0.104229$ & $0.886649$ & $0.875616$ & $-0.485471$ & $-0.995073$ & $-0.257695$ & $0.119272$ & $0.645001$ & $0.526348$ & $0.51056$ & $0.240594$ & $0.0269825$ & $0.0313165$ & $0.985272$ & $1$ & $0.986588$ & $-0.00514537$ & $-0.249883$ & $0.0632937$ & $-0.687421$ & $0.332966$ & $0.440312$ & $0.0210131$ & $0.0955493$ & $0.0726591$ & $-0.119986$ & $0.109588$ & $0.384566$ & $-0.0288285$ & $-0.0201781$ & $-0.0139282$ & $-0.00832802$ & $0.0168916$ & $0.0045965$ & $-0.0188435$ & $-0.000863427$ & $-0.00994981$ & $-0.0113719$ & $-0.0195118$ & $0.0105045$ & $-0.010841$ & $-0.010551$ & $0.00288944$ \\
CHe_33 & $-0.00887582$ & $-0.0550124$ & $-0.0100727$ & $0.00485836$ & $-0.00146044$ & $-0.162052$ & $-0.102356$ & $0.878878$ & $0.867979$ & $-0.480862$ & $-0.98355$ & $-0.25403$ & $0.117253$ & $0.633105$ & $0.518903$ & $0.520842$ & $0.233662$ & $0.0241452$ & $0.0285774$ & $0.974036$ & $0.986588$ & $1$ & $-0.00397305$ & $-0.251095$ & $0.0599587$ & $-0.679435$ & $0.332366$ & $0.43499$ & $0.0212606$ & $0.0929555$ & $0.0698044$ & $-0.118217$ & $0.107737$ & $0.385839$ & $-0.0277791$ & $-0.0211072$ & $-0.012811$ & $-0.0104679$ & $0.0183021$ & $0.0050055$ & $-0.0198656$ & $-0.00233673$ & $-0.0120338$ & $-0.00934199$ & $-0.0183306$ & $0.0110903$ & $-0.0118556$ & $-0.00964953$ & $0.00554314$ \\
CHQ1_11 & $0.00313059$ & $0.0141975$ & $-0.00293468$ & $0.0166728$ & $-0.000816662$ & $-0.0174948$ & $-0.0106394$ & $0.0306365$ & $0.030141$ & $-0.0265062$ & $0.0269109$ & $-0.00239334$ & $-0.00123282$ & $-0.101741$ & $-0.171639$ & $-0.170417$ & $-0.0713871$ & $-0.0177246$ & $-0.0155973$ & $-0.045205$ & $-0.00514537$ & $-0.00397305$ & $1$ & $-0.128033$ & $0.0440218$ & $-0.571966$ & $0.344369$ & $-0.00122393$ & $-0.000231773$ & $-0.00501041$ & $-0.00218095$ & $-0.011683$ & $-0.00449585$ & $0.197845$ & $0.0083703$ & $0.0109346$ & $0.00224672$ & $0.00990013$ & $-0.00625842$ & $-0.000240684$ & $-0.00112783$ & $-0.00103446$ & $0.0144723$ & $-0.00188706$ & $0.000114529$ & $0.00940542$ & $-0.0171747$ & $-0.0033407$ & $-5.6516e-05$ \\
CHQ1_33 & $-0.0281435$ & $0.0015865$ & $-0.00840429$ & $-0.0245223$ & $0.0147327$ & $-0.117336$ & $-0.0586916$ & $-0.624344$ & $-0.61912$ & $0.350484$ & $0.208746$ & $-0.0649287$ & $0.0785196$ & $0.440311$ & $0.0375144$ & $0.0404404$ & $0.753421$ & $0.739216$ & $0.736225$ & $-0.17654$ & $-0.249883$ & $-0.251095$ & $-0.128033$ & $1$ & $0.751735$ & $0.165289$ & $-0.400752$ & $-0.0330823$ & $0.0151001$ & $0.0679373$ & $0.0417666$ & $-0.0599744$ & $0.0755835$ & $-0.610325$ & $-0.0100239$ & $-0.0219957$ & $-0.00772258$ & $-0.00514445$ & $0.0012573$ & $-0.00619488$ & $0.00576821$ & $0.000127138$ & $0.00230884$ & $0.00567763$ & $0.011066$ & $0.000662147$ & $-0.000926553$ & $-0.0109118$ & $0.000704434$ \\
CHQ3_11 & $-0.0662413$ & $-0.00966037$ & $-0.00617346$ & $-0.0138124$ & $0.0156676$ & $-0.210932$ & $-0.108384$ & $-0.363321$ & $-0.362126$ & $0.209261$ & $-0.0739144$ & $-0.167192$ & $0.130284$ & $0.604275$ & $-0.0623375$ & $-0.0577646$ & $0.856381$ & $0.868026$ & $0.866249$ & $0.0777566$ & $0.0632937$ & $0.0599587$ & $0.0440218$ & $0.751735$ & $1$ & $-0.0481548$ & $0.122008$ & $0.0237556$ & $0.0236973$ & $0.10448$ & $0.0722072$ & $-0.115276$ & $0.12252$ & $-0.247701$ & $-0.0172538$ & $-0.0195381$ & $-0.00912416$ & $-0.010045$ & $0.00201479$ & $-0.00559197$ & $0.000389285$ & $-0.00241021$ & $-0.00102342$ & $0.000259476$ & $0.000220787$ & $-0.00686297$ & $-0.00469151$ & $-0.00704937$ & $0.0056851$ \\
CHu_11 & $-0.0253197$ & $0.0344421$ & $0.016225$ & $-0.0112755$ & $0.000325279$ & $0.127352$ & $0.0838948$ & $-0.606288$ & $-0.599081$ & $0.337129$ & $0.686092$ & $0.184122$ & $-0.0884553$ & $-0.444565$ & $-0.372082$ & $-0.355151$ & $-0.178482$ & $-0.0220552$ & $-0.0281971$ & $-0.679572$ & $-0.687421$ & $-0.679435$ & $-0.571966$ & $0.165289$ & $-0.0481548$ & $1$ & $-0.197794$ & $-0.308719$ & $-0.017738$ & $-0.0684835$ & $-0.0471927$ & $0.0963084$ & $-0.0771622$ & $-0.256449$ & $0.0175316$ & $0.00397092$ & $0.00948491$ & $0.00227626$ & $-0.0122342$ & $-0.0090208$ & $0.0112316$ & $0.00692237$ & $-0.00590079$ & $0.00399671$ & $0.0120931$ & $-0.0221693$ & $0.0227941$ & $0.014759$ & $0.00157969$ \\
CHd_11 & $-0.026731$ & $-0.0035729$ & $0.0137654$ & $0.0197087$ & $-0.00675373$ & $-0.0667824$ & $-0.0272284$ & $0.401646$ & $0.395854$ & $-0.223466$ & $-0.271829$ & $-0.0738874$ & $0.0204079$ & $-0.0458127$ & $-0.292601$ & $-0.293462$ & $-0.144241$ & $-0.0521255$ & $-0.0446797$ & $0.218268$ & $0.332966$ & $0.332366$ & $0.344369$ & $-0.400752$ & $0.122008$ & $-0.197794$ & $1$ & $0.129794$ & $0.00599575$ & $0.0105384$ & $0.0208578$ & $-0.0323687$ & $0.0199624$ & $0.67543$ & $-0.00205272$ & $0.00336289$ & $-0.00352808$ & $0.00486331$ & $-0.00259609$ & $-0.00240322$ & $-0.00708229$ & $-0.00266362$ & $-0.00338264$ & $-0.00577175$ & $-0.00969708$ & $-0.00712431$ & $-0.0092219$ & $0.0153792$ & $0.011737$ \\
CHd_33 & $0.0188067$ & $-0.022676$ & $-0.00367914$ & $-0.00563122$ & $0.00732285$ & $-0.0718165$ & $-0.0574653$ & $0.392482$ & $0.386416$ & $-0.221355$ & $-0.439667$ & $-0.123492$ & $0.05763$ & $0.284845$ & $0.238767$ & $0.232282$ & $0.102168$ & $0.00749083$ & $0.00800711$ & $0.435987$ & $0.440312$ & $0.43499$ & $-0.00122393$ & $-0.0330823$ & $0.0237556$ & $-0.308719$ & $0.129794$ & $1$ & $0.0151746$ & $0.0504571$ & $0.039325$ & $-0.0640455$ & $0.0521692$ & $0.164067$ & $-0.0124875$ & $-0.00867214$ & $-0.0084345$ & $0.000545909$ & $0.0100124$ & $-0.000253127$ & $0.00132953$ & $0.000474845$ & $-0.0104586$ & $-0.00621176$ & $-0.0133054$ & $0.00204675$ & $-0.00921904$ & $-0.00924411$ & $-0.00428683$ \\
CeH_22r & $0.00268233$ & $-0.0181729$ & $-0.00745648$ & $-0.00836836$ & $0.0018148$ & $-0.0258115$ & $-0.140915$ & $0.00832473$ & $0.0146209$ & $-0.0442229$ & $-0.0213678$ & $-0.150425$ & $0.190601$ & $0.0214069$ & $-0.000166026$ & $0.0148485$ & $0.0328558$ & $0.0280986$ & $0.0182713$ & $0.0201559$ & $0.0210131$ & $0.0212606$ & $-0.000231773$ & $0.0151001$ & $0.0236973$ & $-0.017738$ & $0.00599575$ & $0.0151746$ & $1$ & $0.161863$ & $0.095872$ & $-0.139042$ & $0.162082$ & $0.0141367$ & $0.0074566$ & $-0.00305722$ & $-0.0285143$ & $-0.00427666$ & $-0.00708148$ & $-0.0117578$ & $-0.0049502$ & $-0.00609256$ & $-0.00715021$ & $0.00152869$ & $0.000409258$ & $-0.0001145$ & $-0.0107482$ & $0.00763266$ & $-0.00702066$ \\
CeH_33r & $-0.00420374$ & $-0.0427357$ & $-0.0276622$ & $-0.00757938$ & $-0.00477219$ & $-0.0306119$ & $-0.588636$ & $0.0364582$ & $0.053447$ & $-0.226184$ & $-0.0976186$ & $-0.548805$ & $0.718395$ & $0.132543$ & $0.0424255$ & $0.0454731$ & $0.121075$ & $0.10383$ & $0.101268$ & $0.0956995$ & $0.0955493$ & $0.0929555$ & $-0.00501041$ & $0.0679373$ & $0.10448$ & $-0.0684835$ & $0.0105384$ & $0.0504571$ & $0.161863$ & $1$ & $0.507795$ & $-0.453274$ & $0.829609$ & $-0.000263838$ & $0.0625314$ & $0.058836$ & $-0.146362$ & $0.00103297$ & $-0.0119015$ & $-0.00675624$ & $-0.0352512$ & $0.0116682$ & $-0.01731$ & $-0.00933451$ & $0.0180481$ & $-0.00126356$ & $0.0187166$ & $-0.00356525$ & $0.0168408$ \\
CuH_22r & $-0.0260632$ & $-0.0277339$ & $0.00564044$ & $0.0086528$ & $0.00310256$ & $-0.0247774$ & $-0.366774$ & $0.0338067$ & $0.0454631$ & $-0.157434$ & $-0.0730959$ & $-0.35597$ & $0.43687$ & $0.0886583$ & $0.028383$ & $0.0341182$ & $0.0813778$ & $0.0676706$ & $0.063454$ & $0.0713595$ & $0.0726591$ & $0.0698044$ & $-0.00218095$ & $0.0417666$ & $0.0722072$ & $-0.0471927$ & $0.0208578$ & $0.039325$ & $0.095872$ & $0.507795$ & $1$ & $-0.267783$ & $0.541056$ & $0.0107399$ & $0.0582473$ & $0.0326861$ & $-0.0842369$ & $-0.00174033$ & $0.001363$ & $0.000441057$ & $-0.000840743$ & $0.000146285$ & $0.000402113$ & $-0.0212148$ & $0.0108943$ & $0.0273952$ & $0.290965$ & $0.0124004$ & $0.0112471$ \\
CuH_33r & $0.0248293$ & $0.0340429$ & $0.0253424$ & $0.0181868$ & $-0.00260409$ & $0.0412213$ & $0.954914$ & $-0.0567928$ & $-0.0367062$ & $0.213446$ & $0.120315$ & $0.606734$ & $-0.698087$ & $-0.149617$ & $-0.0504041$ & $-0.0412914$ & $-0.128286$ & $-0.106301$ & $-0.111969$ & $-0.116939$ & $-0.119986$ & $-0.118217$ & $-0.011683$ & $-0.0599744$ & $-0.115276$ & $0.0963084$ & $-0.0323687$ & $-0.0640455$ & $-0.139042$ & $-0.453274$ & $-0.267783$ & $1$ & $-0.453579$ & $-0.0130333$ & $-0.068091$ & $-0.0383407$ & $0.0270649$ & $-0.0121992$ & $-0.00338011$ & $0.00345482$ & $0.0178211$ & $-0.00240153$ & $0.0231285$ & $0.00461274$ & $0.0110952$ & $-0.0100848$ & $-0.0200475$ & $-0.00874507$ & $-0.0160832$ \\
CdH_33r & $-0.0131322$ & $-0.0795641$ & $-0.00957132$ & $-0.0147632$ & $-0.00365908$ & $-0.0395137$ & $-0.607771$ & $0.0439191$ & $0.0617553$ & $-0.251048$ & $-0.112374$ & $-0.569344$ & $0.736023$ & $0.149901$ & $0.048363$ & $0.0494715$ & $0.136978$ & $0.117121$ & $0.115673$ & $0.110018$ & $0.109588$ & $0.107737$ & $-0.00449585$ & $0.0755835$ & $0.12252$ & $-0.0771622$ & $0.0199624$ & $0.0521692$ & $0.162082$ & $0.829609$ & $0.541056$ & $-0.453579$ & $1$ & $0.000316302$ & $0.0666549$ & $0.0581948$ & $-0.152592$ & $-0.00253017$ & $-0.021869$ & $-0.0158189$ & $-0.0154567$ & $0.00423392$ & $-0.0142844$ & $-0.00812499$ & $-0.0219144$ & $-0.0137515$ & $0.0246194$ & $0.0937672$ & $0.30614$ \\
CLL_1221 & $-0.00371894$ & $0.0309115$ & $0.014251$ & $0.0291381$ & $-0.00721303$ & $-0.108297$ & $-0.00845713$ & $0.524746$ & $0.519422$ & $-0.294866$ & $-0.318279$ & $-0.0602401$ & $0.00592035$ & $-0.170084$ & $-0.465898$ & $-0.0273631$ & $-0.248623$ & $-0.0675877$ & $-0.364269$ & $0.263112$ & $0.384566$ & $0.385839$ & $0.197845$ & $-0.610325$ & $-0.247701$ & $-0.256449$ & $0.67543$ & $0.164067$ & $0.0141367$ & $-0.000263838$ & $0.0107399$ & $-0.0130333$ & $0.000316302$ & $1$ & $-7.96266e-05$ & $0.00859155$ & $-0.000587363$ & $0.00905352$ & $0.00217489$ & $-0.00265646$ & $-0.00511735$ & $-0.00207284$ & $-0.00107457$ & $-0.0132569$ & $-0.00376685$ & $-0.000994326$ & $0.000620687$ & $0.00189177$ & $-0.0016959$ \\
eHggint & $0.0519715$ & $0.0803071$ & $0.041812$ & $0.000747005$ & $0.00428133$ & $-0.00180623$ & $-0.131741$ & $-0.0216062$ & $-0.0385247$ & $0.0360979$ & $0.0307477$ & $-0.0847895$ & $0.153797$ & $-0.0328854$ & $-0.0172845$ & $-0.0186221$ & $-0.0179506$ & $-0.0137825$ & $-0.0122463$ & $-0.0292902$ & $-0.0288285$ & $-0.0277791$ & $0.0083703$ & $-0.0100239$ & $-0.0172538$ & $0.0175316$ & $-0.00205272$ & $-0.0124875$ & $0.0074566$ & $0.0625314$ & $0.0582473$ & $-0.068091$ & $0.0666549$ & $-7.96266e-05$ & $1$ & $-0.00700721$ & $0.03455$ & $0.0214963$ & $0.117795$ & $-0.0138741$ & $-0.0505559$ & $-0.00536752$ & $-0.0800768$ & $0.0438477$ & $0.0541982$ & $0.0158424$ & $0.0354868$ & $0.182018$ & $-0.0480488$ \\
eHggpar & $0.0787791$ & $0.0238781$ & $-0.0718389$ & $0.122946$ & $-0.0156732$ & $0.0292599$ & $-0.068775$ & $-0.0107459$ & $-0.0103829$ & $0.00432229$ & $0.0210493$ & $-0.0392749$ & $0.0810965$ & $-0.027035$ & $-0.0190074$ & $-0.0209423$ & $-0.020272$ & $-0.0133167$ & $-0.0137064$ & $-0.0219048$ & $-0.0201781$ & $-0.0211072$ & $0.0109346$ & $-0.0219957$ & $-0.0195381$ & $0.00397092$ & $0.00336289$ & $-0.00867214$ & $-0.00305722$ & $0.058836$ & $0.0326861$ & $-0.0383407$ & $0.0581948$ & $0.00859155$ & $-0.00700721$ & $1$ & $-0.0944503$ & $0.00355281$ & $-0.059357$ & $0.0114851$ & $0.0125393$ & $-0.00521877$ & $0.0810859$ & $-0.0329487$ & $0.0147682$ & $-0.028676$ & $-0.0268674$ & $-0.102006$ & $0.0335152$ \\
eHWWint & $-0.036683$ & $0.107682$ & $0.0471679$ & $-0.00161058$ & $0.00877736$ & $0.00746572$ & $0.0551408$ & $-0.0103291$ & $-0.0170154$ & $0.0121854$ & $0.0166927$ & $0.0580003$ & $-0.0514561$ & $-0.0145989$ & $-0.00536508$ & $-0.00965119$ & $-0.0158993$ & $-0.0121485$ & $-0.00983569$ & $-0.0143395$ & $-0.0139282$ & $-0.012811$ & $0.00224672$ & $-0.00772258$ & $-0.00912416$ & $0.00948491$ & $-0.00352808$ & $-0.0084345$ & $-0.0285143$ & $-0.146362$ & $-0.0842369$ & $0.0270649$ & $-0.152592$ & $-0.000587363$ & $0.03455$ & $-0.0944503$ & $1$ & $-0.0246927$ & $-0.0759582$ & $0.022257$ & $0.0976806$ & $-0.00804598$ & $0.00768031$ & $0.0355707$ & $0.176131$ & $0.099228$ & $0.0581443$ & $0.0814614$ & $0.0104759$ \\
eHWWpar & $0.0287785$ & $0.000882549$ & $-0.00273373$ & $-0.0161683$ & $-0.0159597$ & $0.00951686$ & $-0.0102259$ & $-0.00345123$ & $-0.00298109$ & $-0.00844973$ & $0.00890889$ & $-0.0209577$ & $0.0156567$ & $-0.0124124$ & $-0.01376$ & $-0.00336188$ & $-0.010032$ & $-0.00395825$ & $-0.01181$ & $-0.00964743$ & $-0.00832802$ & $-0.0104679$ & $0.00990013$ & $-0.00514445$ & $-0.010045$ & $0.00227626$ & $0.00486331$ & $0.000545909$ & $-0.00427666$ & $0.00103297$ & $-0.00174033$ & $-0.0121992$ & $-0.00253017$ & $0.00905352$ & $0.0214963$ & $0.00355281$ & $-0.0246927$ & $1$ & $-0.0105378$ & $0.0148641$ & $-0.0134059$ & $-0.00558186$ & $0.00524142$ & $-0.00808755$ & $0.0119099$ & $-0.00179209$ & $-0.00966566$ & $-0.0244419$ & $0.00320814$ \\
eHZZint & $0.138074$ & $0.0377146$ & $0.0325055$ & $-0.0207624$ & $0.016159$ & $-0.00541793$ & $-0.0177374$ & $0.00727887$ & $-0.00086927$ & $0.00685506$ & $-0.017197$ & $-0.0146235$ & $0.0121524$ & $0.0178045$ & $0.0107458$ & $0.00933252$ & $0.0198579$ & $0.0126144$ & $0.0142899$ & $0.0170421$ & $0.0168916$ & $0.0183021$ & $-0.00625842$ & $0.0012573$ & $0.00201479$ & $-0.0122342$ & $-0.00259609$ & $0.0100124$ & $-0.00708148$ & $-0.0119015$ & $0.001363$ & $-0.00338011$ & $-0.021869$ & $0.00217489$ & $0.117795$ & $-0.059357$ & $-0.0759582$ & $-0.0105378$ & $1$ & $-0.00244444$ & $-0.0799427$ & $0.00107642$ & $-0.0654448$ & $0.051353$ & $-0.0436969$ & $-0.021906$ & $0.0130971$ & $0.101126$ & $-0.0961406$ \\
eHZZpar & $-0.015847$ & $-0.0198257$ & $0.00030655$ & $0.00542993$ & $-0.00668395$ & $0.0163363$ & $0.0067498$ & $0.00707614$ & $0.00836321$ & $-0.00180984$ & $-0.00456774$ & $0.00345343$ & $-0.0107923$ & $0.00125344$ & $0.0074119$ & $-0.00537953$ & $-0.00470251$ & $-0.00847442$ & $0.00203215$ & $0.0039445$ & $0.0045965$ & $0.0050055$ & $-0.000240684$ & $-0.00619488$ & $-0.00559197$ & $-0.0090208$ & $-0.00240322$ & $-0.000253127$ & $-0.0117578$ & $-0.00675624$ & $0.000441057$ & $0.00345482$ & $-0.0158189$ & $-0.00265646$ & $-0.0138741$ & $0.0114851$ & $0.022257$ & $0.0148641$ & $-0.00244444$ & $1$ & $0.0222384$ & $0.0157051$ & $0.0220613$ & $-0.00621265$ & $-0.00414349$ & $0.00296325$ & $0.0152919$ & $0.0041335$ & $-0.0116305$ \\
eHZgaint & $-0.0420182$ & $0.0393979$ & $0.0495$ & $-0.0550788$ & $0.00755846$ & $-0.00991917$ & $0.0272471$ & $-0.0177407$ & $-0.0252959$ & $-0.0321826$ & $0.0202688$ & $0.0239064$ & $-0.040951$ & $-0.0122689$ & $-0.0125125$ & $-0.0119361$ & $-0.00664384$ & $-0.00056355$ & $-0.000768716$ & $-0.0186092$ & $-0.0188435$ & $-0.0198656$ & $-0.00112783$ & $0.00576821$ & $0.000389285$ & $0.0112316$ & $-0.00708229$ & $0.00132953$ & $-0.0049502$ & $-0.0352512$ & $-0.000840743$ & $0.0178211$ & $-0.0154567$ & $-0.00511735$ & $-0.0505559$ & $0.0125393$ & $0.0976806$ & $-0.0134059$ & $-0.0799427$ & $0.0222384$ & $1$ & $-0.00355772$ & $-0.0968719$ & $0.0571352$ & $0.0427215$ & $0.120064$ & $0.050565$ & $0.146358$ & $0.0360833$ \\
eHZgapar & $0.000814593$ & $-0.00502236$ & $-0.012985$ & $-0.021597$ & $0.00662619$ & $-0.0101368$ & $-0.00292501$ & $-0.000672064$ & $-0.000159316$ & $-0.000118238$ & $0.000960745$ & $-0.00355617$ & $0.0042547$ & $-0.00467427$ & $0.00406639$ & $0.00321953$ & $0.00241279$ & $-0.00309705$ & $-0.00321821$ & $-0.00118288$ & $-0.000863427$ & $-0.00233673$ & $-0.00103446$ & $0.000127138$ & $-0.00241021$ & $0.00692237$ & $-0.00266362$ & $0.000474845$ & $-0.00609256$ & $0.0116682$ & $0.000146285$ & $-0.00240153$ & $0.00423392$ & $-0.00207284$ & $-0.00536752$ & $-0.00521877$ & $-0.00804598$ & $-0.00558186$ & $0.00107642$ & $0.0157051$ & $-0.00355772$ & $1$ & $-0.0057348$ & $-0.00982627$ & $0.000616228$ & $-0.0341778$ & $0.018012$ & $-0.0138363$ & $-0.00728806$ \\
eHgagaint & $0.00967835$ & $-0.0555415$ & $0.096976$ & $0.125517$ & $-0.00814645$ & $0.0116394$ & $0.0277686$ & $-0.00715677$ & $0.0488193$ & $0.00750034$ & $0.00915654$ & $0.0146927$ & $-0.0209881$ & $-0.00501895$ & $-0.00828208$ & $-0.0051703$ & $-0.000864149$ & $0.00253581$ & $-0.00131436$ & $-0.010295$ & $-0.00994981$ & $-0.0120338$ & $0.0144723$ & $0.00230884$ & $-0.00102342$ & $-0.00590079$ & $-0.00338264$ & $-0.0104586$ & $-0.00715021$ & $-0.01731$ & $0.000402113$ & $0.0231285$ & $-0.0142844$ & $-0.00107457$ & $-0.0800768$ & $0.0810859$ & $0.00768031$ & $0.00524142$ & $-0.0654448$ & $0.0220613$ & $-0.0968719$ & $-0.0057348$ & $1$ & $-0.00376654$ & $-0.0999033$ & $0.00590737$ & $0.011979$ & $0.0924678$ & $-0.019579$ \\
eHmumuint & $-0.0137282$ & $0.00121677$ & $-0.0717005$ & $-0.013641$ & $0.0145353$ & $-0.0119935$ & $0.00138646$ & $-0.00927978$ & $-0.0125283$ & $0.000870936$ & $0.0107061$ & $-0.0031794$ & $-0.00422881$ & $-0.00647844$ & $0.00351703$ & $-0.000409666$ & $-0.00555481$ & $-0.00613011$ & $-0.00252785$ & $-0.00981623$ & $-0.0113719$ & $-0.00934199$ & $-0.00188706$ & $0.00567763$ & $0.000259476$ & $0.00399671$ & $-0.00577175$ & $-0.00621176$ & $0.00152869$ & $-0.00933451$ & $-0.0212148$ & $0.00461274$ & $-0.00812499$ & $-0.0132569$ & $0.0438477$ & $-0.0329487$ & $0.0355707$ & $-0.00808755$ & $0.051353$ & $-0.00621265$ & $0.0571352$ & $-0.00982627$ & $-0.00376654$ & $1$ & $0.00136936$ & $0.129731$ & $-0.103045$ & $0.124465$ & $-0.035913$ \\
eHtautauint & $0.0301036$ & $0.145081$ & $0.0430577$ & $0.0457723$ & $0.0157402$ & $0.00224671$ & $0.0100023$ & $-0.0241674$ & $-0.0308087$ & $0.0122875$ & $0.021901$ & $0.0227699$ & $-0.0132161$ & $-0.00830195$ & $-0.0130765$ & $-0.00097071$ & $-0.00158928$ & $0.00699276$ & $-0.001336$ & $-0.0182364$ & $-0.0195118$ & $-0.0183306$ & $0.000114529$ & $0.011066$ & $0.000220787$ & $0.0120931$ & $-0.00969708$ & $-0.0133054$ & $0.000409258$ & $0.0180481$ & $0.0108943$ & $0.0110952$ & $-0.0219144$ & $-0.00376685$ & $0.0541982$ & $0.0147682$ & $0.176131$ & $0.0119099$ & $-0.0436969$ & $-0.00414349$ & $0.0427215$ & $0.000616228$ & $-0.0999033$ & $0.00136936$ & $1$ & $0.0447894$ & $0.0745166$ & $-0.0333017$ & $0.0404136$ \\
eHccint & $0.0933175$ & $0.0257996$ & $0.0676658$ & $-0.0639047$ & $0.000776576$ & $0.00878922$ & $-0.00692838$ & $0.00760603$ & $0.00664722$ & $-0.0141801$ & $-0.0114974$ & $-0.0103176$ & $0.00816021$ & $0.0109127$ & $0.0112186$ & $0.0162826$ & $0.00503364$ & $0.00203427$ & $-0.00276435$ & $0.012143$ & $0.0105045$ & $0.0110903$ & $0.00940542$ & $0.000662147$ & $-0.00686297$ & $-0.0221693$ & $-0.00712431$ & $0.00204675$ & $-0.0001145$ & $-0.00126356$ & $0.0273952$ & $-0.0100848$ & $-0.0137515$ & $-0.000994326$ & $0.0158424$ & $-0.028676$ & $0.099228$ & $-0.00179209$ & $-0.021906$ & $0.00296325$ & $0.120064$ & $-0.0341778$ & $0.00590737$ & $0.129731$ & $0.0447894$ & $1$ & $-0.083839$ & $0.0412448$ & $-0.0243754$ \\
eHccpar & $-0.0735499$ & $0.023394$ & $0.0712703$ & $0.0349756$ & $0.0107353$ & $0.00154317$ & $-0.0242294$ & $-0.0078349$ & $-0.00824737$ & $-0.00500012$ & $0.0121104$ & $-0.0113231$ & $0.0212396$ & $-0.0128167$ & $-0.00769012$ & $0.000972893$ & $-0.00728558$ & $-0.00459834$ & $-0.0108307$ & $-0.0105465$ & $-0.010841$ & $-0.0118556$ & $-0.0171747$ & $-0.000926553$ & $-0.00469151$ & $0.0227941$ & $-0.0092219$ & $-0.00921904$ & $-0.0107482$ & $0.0187166$ & $0.290965$ & $-0.0200475$ & $0.0246194$ & $0.000620687$ & $0.0354868$ & $-0.0268674$ & $0.0581443$ & $-0.00966566$ & $0.0130971$ & $0.0152919$ & $0.050565$ & $0.018012$ & $0.011979$ & $-0.103045$ & $0.0745166$ & $-0.083839$ & $1$ & $0.0589063$ & $0.0155334$ \\
eHbbint & $0.00483305$ & $0.00438067$ & $0.0365814$ & $-0.0312585$ & $0.0112389$ & $-0.00917697$ & $-0.0211256$ & $-0.00394901$ & $-0.00179376$ & $-0.00460309$ & $0.0125468$ & $-0.0272721$ & $0.0325169$ & $-0.0169713$ & $-0.00687593$ & $-0.0236074$ & $-0.0145465$ & $-0.0149264$ & $-0.00334894$ & $-0.0139779$ & $-0.010551$ & $-0.00964953$ & $-0.0033407$ & $-0.0109118$ & $-0.00704937$ & $0.014759$ & $0.0153792$ & $-0.00924411$ & $0.00763266$ & $-0.00356525$ & $0.0124004$ & $-0.00874507$ & $0.0937672$ & $0.00189177$ & $0.182018$ & $-0.102006$ & $0.0814614$ & $-0.0244419$ & $0.101126$ & $0.0041335$ & $0.146358$ & $-0.0138363$ & $0.0924678$ & $0.124465$ & $-0.0333017$ & $0.0412448$ & $0.0589063$ & $1$ & $0.0108534$ \\
eHbbpar & $-0.0186593$ & $-0.0941082$ & $0.0505715$ & $-0.0130982$ & $-0.00480099$ & $0.00196781$ & $-0.0196623$ & $0.00608956$ & $0.00531246$ & $-0.0132515$ & $-0.00413317$ & $-0.0112389$ & $0.00836975$ & $0.0057869$ & $-0.00186248$ & $-0.00296339$ & $-0.0052907$ & $0.00106752$ & $0.00242372$ & $0.00331271$ & $0.00288944$ & $0.00554314$ & $-5.6516e-05$ & $0.000704434$ & $0.0056851$ & $0.00157969$ & $0.011737$ & $-0.00428683$ & $-0.00702066$ & $0.0168408$ & $0.0112471$ & $-0.0160832$ & $0.30614$ & $-0.0016959$ & $-0.0480488$ & $0.0335152$ & $0.0104759$ & $0.00320814$ & $-0.0961406$ & $-0.0116305$ & $0.0360833$ & $-0.00728806$ & $-0.019579$ & $-0.035913$ & $0.0404136$ & $-0.0243754$ & $0.0155334$ & $0.0108534$ & $1$ \\
