 & AlsMz & dAle5Mz & mtop & mHl & Mz & CW & CHG & CHWB & CHWHB_gaga & CHWHB_gagaorth & CHD & CHbox & CH & CHL1_11 & CHL1_22 & CHL1_33 & CHL3_11 & CHL3_22 & CHL3_33 & CHe_11 & CHe_22 & CHe_33 & CHQ1_11 & CHQ1_33 & CHQ3_11 & CHu_11 & CHd_11 & CHd_33 & CeH_22r & CeH_33r & CuH_22r & CuH_33r & CdH_33r & CLL_1221 & eHggint & eHggpar & eHWWint & eHWWpar & eHZZint & eHZZpar & eHZgaint & eHZgapar & eHgagaint & eHmumuint & eHtautauint & eHccint & eHccpar & eHbbint & eHbbpar \\
AlsMz & $1$ & $0.00922001$ & $-0.0370308$ & $0.0219507$ & $0.0108588$ & $-0.0435733$ & $0.0459406$ & $0.00869224$ & $0.0144605$ & $0.00843992$ & $-0.0235198$ & $0.0135181$ & $-0.00993694$ & $0.00605755$ & $0.00986374$ & $-0.0256819$ & $0.0162049$ & $0.00299105$ & $0.0290098$ & $0.0178261$ & $0.0182739$ & $0.0133352$ & $-0.0158097$ & $-0.0736001$ & $-0.132377$ & $-0.0436154$ & $-0.0521469$ & $0.0572128$ & $0.00661785$ & $-0.0234655$ & $0.027733$ & $0.0304883$ & $-0.0178532$ & $-0.000621307$ & $-0.0106881$ & $0.0304157$ & $0.0302782$ & $-0.0500129$ & $-0.030173$ & $0.00763582$ & $0.0208244$ & $-0.00165333$ & $-0.0201665$ & $-0.00475276$ & $-0.00230485$ & $-0.0020036$ & $0.0369193$ & $-0.0181301$ & $0.000571225$ \\
dAle5Mz & $0.00922001$ & $1$ & $0.0228808$ & $-0.00219676$ & $-0.0491645$ & $0.0110402$ & $0.0128885$ & $-0.076154$ & $-0.0708209$ & $0.0179886$ & $0.0502679$ & $0.0370471$ & $-0.0127194$ & $-0.00286459$ & $0.0406185$ & $0.028419$ & $0.0177045$ & $-0.00644925$ & $0.0031184$ & $-0.0181258$ & $-0.030975$ & $-0.0316955$ & $-0.00881189$ & $0.0297664$ & $0.00194544$ & $0.0021948$ & $-0.0549434$ & $0.00717284$ & $-0.0260258$ & $0.0162298$ & $0.00398043$ & $0.0251096$ & $0.0211997$ & $-0.0272315$ & $-0.00742434$ & $0.00992392$ & $5.14185e-05$ & $0.0848667$ & $0.0152622$ & $0.00996992$ & $0.00558571$ & $-0.011357$ & $0.00331454$ & $-0.0320936$ & $-0.0176684$ & $-0.0596772$ & $-0.00619928$ & $0.0200579$ & $0.000237055$ \\
mtop & $-0.0370308$ & $0.0228808$ & $1$ & $0.0176396$ & $-0.025217$ & $-0.0362966$ & $-0.0416209$ & $-0.0274705$ & $-0.0328823$ & $-0.0166894$ & $0.0302916$ & $-0.00492695$ & $-0.017155$ & $0.00287577$ & $-0.00286444$ & $0.00578825$ & $0.0157644$ & $0.0174833$ & $0.00322095$ & $-0.0188452$ & $-0.0232328$ & $-0.0240654$ & $-0.0282606$ & $0.0321769$ & $-0.00111833$ & $0.0262891$ & $-0.0374101$ & $-0.0177981$ & $-0.00916996$ & $-0.0159321$ & $-0.0126693$ & $-0.0406956$ & $-0.0208519$ & $-0.0106567$ & $0.0243744$ & $0.00867908$ & $0.00966755$ & $0.0712719$ & $0.0290769$ & $0.0350396$ & $0.00929937$ & $0.00676911$ & $-0.0333807$ & $-0.00107565$ & $-0.0684356$ & $-0.038505$ & $-0.00470976$ & $0.00217514$ & $-0.0193845$ \\
mHl & $0.0219507$ & $-0.00219676$ & $0.0176396$ & $1$ & $-0.00415781$ & $-0.0183745$ & $-0.0397454$ & $-0.0352403$ & $-0.0449391$ & $0.00285248$ & $0.0492464$ & $0.0327554$ & $-0.0344834$ & $-0.0330206$ & $-0.0199316$ & $-0.0330961$ & $-0.0214071$ & $-0.0112292$ & $-0.0044481$ & $-0.0537184$ & $-0.0491772$ & $-0.042636$ & $0.000363337$ & $-0.0159061$ & $-0.0230893$ & $0.00321441$ & $-0.034191$ & $0.00627531$ & $-0.0325699$ & $0.00707163$ & $-0.0280608$ & $-0.0372116$ & $0.00442614$ & $-0.0114049$ & $-0.0180469$ & $-0.023955$ & $0.00752186$ & $0.00544277$ & $0.0645559$ & $0.0268117$ & $0.00291518$ & $-0.0386496$ & $-0.030808$ & $0.0277523$ & $0.0242935$ & $-0.039952$ & $0.0168549$ & $-0.0502426$ & $0.0390193$ \\
Mz & $0.0108588$ & $-0.0491645$ & $-0.025217$ & $-0.00415781$ & $1$ & $0.0173439$ & $0.0233691$ & $0.0227102$ & $0.0295357$ & $0.0185362$ & $-0.0130394$ & $0.0259087$ & $0.00215796$ & $0.00447201$ & $0.00823417$ & $-0.0149673$ & $1.98686e-05$ & $-0.00790363$ & $0.00176147$ & $0.0178652$ & $0.0217358$ & $0.0193805$ & $0.0207202$ & $-0.00666337$ & $0.00553125$ & $-0.0349211$ & $0.0286192$ & $0.0151132$ & $-0.00382891$ & $0.0225955$ & $-0.0138716$ & $0.0233542$ & $0.0290584$ & $0.00948217$ & $0.0121862$ & $0.000697054$ & $-0.000451159$ & $-0.0415063$ & $-0.0212553$ & $-0.0136203$ & $0.0563231$ & $0.024724$ & $0.0571835$ & $-0.0426975$ & $0.00514696$ & $0.0411139$ & $-0.00601231$ & $-0.00525905$ & $0.0241798$ \\
CW & $-0.0435733$ & $0.0110402$ & $-0.0362966$ & $-0.0183745$ & $0.0173439$ & $1$ & $0.0157267$ & $-0.0885301$ & $-0.0782961$ & $-0.0199407$ & $0.157138$ & $0.00173308$ & $0.0236384$ & $0.0246857$ & $-0.0747107$ & $-0.0854968$ & $-0.272787$ & $-0.0679543$ & $-0.0603895$ & $-0.159924$ & $-0.158152$ & $-0.153141$ & $0.0142762$ & $-0.0246321$ & $-0.0952759$ & $0.0703834$ & $-0.0562425$ & $-0.0573555$ & $-0.00589816$ & $0.0392335$ & $0.0140096$ & $0.0202844$ & $0.0348028$ & $-0.100501$ & $-0.0475432$ & $0.0556585$ & $-0.053641$ & $7.80279e-05$ & $-0.00422507$ & $-0.00437497$ & $0.0232201$ & $-0.0336186$ & $0.00411169$ & $0.00333597$ & $0.0174008$ & $-0.0258659$ & $-0.0489603$ & $0.0114724$ & $0.0162325$ \\
CHG & $0.0459406$ & $0.0128885$ & $-0.0416209$ & $-0.0397454$ & $0.0233691$ & $0.0157267$ & $1$ & $-0.131692$ & $-0.0761286$ & $0.0794635$ & $0.0897423$ & $0.211202$ & $-0.301149$ & $0.0445707$ & $-0.0115097$ & $-0.0428461$ & $0.0792219$ & $0.0879496$ & $0.112996$ & $-0.0839612$ & $-0.0940281$ & $-0.0856226$ & $0.0164071$ & $0.118401$ & $0.0964608$ & $0.0289349$ & $-0.0519361$ & $-0.0315745$ & $0.0255967$ & $-0.141878$ & $-0.0584447$ & $0.933308$ & $-0.14888$ & $-0.100113$ & $-0.0151631$ & $-0.0465558$ & $0.0108638$ & $-0.0166278$ & $-0.0293608$ & $-0.0150963$ & $-0.0181279$ & $0.00798218$ & $0.0236886$ & $-0.00396189$ & $0.01574$ & $-0.0239753$ & $-0.00367534$ & $0.00957049$ & $-0.0107014$ \\
CHWB & $0.00869224$ & $-0.076154$ & $-0.0274705$ & $-0.0352403$ & $0.0227102$ & $-0.0885301$ & $-0.131692$ & $1$ & $0.982219$ & $-0.591637$ & $-0.875073$ & $-0.445951$ & $0.360753$ & $0.0653771$ & $0.289484$ & $0.277833$ & $-0.27674$ & $-0.457446$ & $-0.447674$ & $0.842684$ & $0.892538$ & $0.874446$ & $0.103419$ & $-0.687418$ & $-0.411341$ & $-0.514582$ & $0.459016$ & $0.265692$ & $0.0215011$ & $0.146959$ & $0.0531532$ & $-0.114671$ & $0.169007$ & $0.579044$ & $-0.0331452$ & $9.15096e-05$ & $-0.0254808$ & $-0.0122546$ & $0.0178228$ & $-0.00326905$ & $-0.0020933$ & $0.0301402$ & $0.0272041$ & $-0.0299475$ & $0.00558524$ & $0.00382751$ & $-0.00152143$ & $0.0149606$ & $0.0346396$ \\
CHWHB_gaga & $0.0144605$ & $-0.0708209$ & $-0.0328823$ & $-0.0449391$ & $0.0295357$ & $-0.0782961$ & $-0.0761286$ & $0.982219$ & $1$ & $-0.580542$ & $-0.858151$ & $-0.426514$ & $0.356435$ & $0.0606844$ & $0.293212$ & $0.277722$ & $-0.2763$ & $-0.457786$ & $-0.445928$ & $0.826973$ & $0.874326$ & $0.855188$ & $0.103075$ & $-0.678011$ & $-0.409525$ & $-0.508386$ & $0.444924$ & $0.258837$ & $0.0370724$ & $0.167285$ & $0.0678244$ & $-0.0709875$ & $0.186889$ & $0.561407$ & $-0.0455039$ & $-0.0102975$ & $-0.0310729$ & $-0.0102075$ & $0.010094$ & $-0.00570986$ & $-0.00506251$ & $0.0274632$ & $0.0990853$ & $-0.030795$ & $0.0066919$ & $0.0055326$ & $-0.00229978$ & $0.014059$ & $0.0276328$ \\
CHWHB_gagaorth & $0.00843992$ & $0.0179886$ & $-0.0166894$ & $0.00285248$ & $0.0185362$ & $-0.0199407$ & $0.0794635$ & $-0.591637$ & $-0.580542$ & $1$ & $0.373929$ & $0.625628$ & $-0.250696$ & $0.228343$ & $-0.119246$ & $-0.115509$ & $0.454161$ & $0.498859$ & $0.49535$ & $-0.355184$ & $-0.39157$ & $-0.384716$ & $-0.053594$ & $0.580115$ & $0.484042$ & $0.223202$ & $-0.25266$ & $-0.124396$ & $-0.0561219$ & $-0.156494$ & $-0.106678$ & $0.0880978$ & $-0.162979$ & $-0.373083$ & $0.107437$ & $-0.000838546$ & $0.0214919$ & $-0.00937386$ & $0.016654$ & $-0.0183985$ & $-0.024501$ & $6.64953e-05$ & $-0.0202575$ & $0.00393088$ & $0.00190868$ & $6.00733e-05$ & $-0.0180986$ & $0.0217336$ & $0.00505576$ \\
CHD & $-0.0235198$ & $0.0502679$ & $0.0302916$ & $0.0492464$ & $-0.0130394$ & $0.157138$ & $0.0897423$ & $-0.875073$ & $-0.858151$ & $0.373929$ & $1$ & $0.350303$ & $-0.190263$ & $-0.491813$ & $-0.41331$ & $-0.398103$ & $-0.18843$ & $0.0812622$ & $0.0696288$ & $-0.989908$ & $-0.991183$ & $-0.969264$ & $-0.0599437$ & $0.317925$ & $0.0218225$ & $0.571036$ & $-0.340383$ & $-0.288667$ & $0.0228471$ & $-0.0910096$ & $0.0117249$ & $0.0911304$ & $-0.105526$ & $-0.380318$ & $0.0195082$ & $0.0242062$ & $-0.00341171$ & $0.0153824$ & $-0.0242008$ & $0.00696622$ & $-0.00150224$ & $-0.0369696$ & $-0.0151961$ & $0.0394327$ & $-0.0130427$ & $-0.00144406$ & $0.0184401$ & $-0.0285492$ & $-0.0281983$ \\
CHbox & $0.0135181$ & $0.0370471$ & $-0.00492695$ & $0.0327554$ & $0.0259087$ & $0.00173308$ & $0.211202$ & $-0.445951$ & $-0.426514$ & $0.625628$ & $0.350303$ & $1$ & $-0.696193$ & $0.0322458$ & $-0.101521$ & $-0.071647$ & $0.204765$ & $0.262046$ & $0.241401$ & $-0.329305$ & $-0.362801$ & $-0.355591$ & $-0.0444399$ & $0.356823$ & $0.236631$ & $0.204828$ & $-0.221548$ & $-0.112308$ & $-0.0350245$ & $-0.0957364$ & $-0.0956803$ & $0.219376$ & $-0.129818$ & $-0.272291$ & $0.0877158$ & $0.0264952$ & $0.016623$ & $0.00715157$ & $0.0357241$ & $-0.0116085$ & $0.0254074$ & $0.00294792$ & $0.00435363$ & $0.0158143$ & $0.00372958$ & $0.000533017$ & $-0.0113901$ & $-0.00383292$ & $-0.0162063$ \\
CH & $-0.00993694$ & $-0.0127194$ & $-0.017155$ & $-0.0344834$ & $0.00215796$ & $0.0236384$ & $-0.301149$ & $0.360753$ & $0.356435$ & $-0.250696$ & $-0.190263$ & $-0.696193$ & $1$ & $-0.223125$ & $0.0973861$ & $0.0673245$ & $-0.349942$ & $-0.387706$ & $-0.369901$ & $0.182925$ & $0.200106$ & $0.195934$ & $0.0356722$ & $-0.388135$ & $-0.3667$ & $-0.121367$ & $0.133913$ & $0.0586339$ & $0.0660165$ & $0.305328$ & $0.162957$ & $-0.233036$ & $0.355774$ & $0.207566$ & $0.0204624$ & $0.0072222$ & $-0.0231984$ & $-0.0152707$ & $-0.0336667$ & $-0.0119565$ & $-0.0440322$ & $-0.00230687$ & $-0.0185018$ & $-0.0186203$ & $0.0105507$ & $0.00590007$ & $0.0144901$ & $0.00645487$ & $0.019749$ \\
CHL1_11 & $0.00605755$ & $-0.00286459$ & $0.00287577$ & $-0.0330206$ & $0.00447201$ & $0.0246857$ & $0.0445707$ & $0.0653771$ & $0.0606844$ & $0.228343$ & $-0.491813$ & $0.0322458$ & $-0.223125$ & $1$ & $0.260969$ & $0.245923$ & $0.664459$ & $0.607307$ & $0.618121$ & $0.514664$ & $0.452504$ & $0.439839$ & $-0.031479$ & $0.488329$ & $0.620974$ & $-0.266229$ & $-0.0635895$ & $0.129559$ & $-0.0837932$ & $-0.0607363$ & $-0.129122$ & $0.0137307$ & $-0.0629204$ & $-0.22835$ & $0.0234586$ & $-0.0360446$ & $0.0503013$ & $-0.010155$ & $0.0143399$ & $-0.00389363$ & $0.016348$ & $0.0358057$ & $-0.0136623$ & $-0.0291607$ & $0.0133028$ & $0.00810948$ & $-0.0616655$ & $0.0189007$ & $0.02774$ \\
CHL1_22 & $0.00986374$ & $0.0406185$ & $-0.00286444$ & $-0.0199316$ & $0.00823417$ & $-0.0747107$ & $-0.0115097$ & $0.289484$ & $0.293212$ & $-0.119246$ & $-0.41331$ & $-0.101521$ & $0.0973861$ & $0.260969$ & $1$ & $0.451898$ & $0.150101$ & $-0.441041$ & $-0.0390543$ & $0.48013$ & $0.332112$ & $0.320901$ & $-0.149109$ & $0.0957169$ & $-0.131175$ & $-0.206294$ & $-0.375764$ & $0.0907997$ & $-0.0364478$ & $0.0202393$ & $0.0267263$ & $-0.00804213$ & $0.0213345$ & $-0.581412$ & $0.0223622$ & $-0.00748566$ & $0.0425311$ & $-0.00961353$ & $-0.0192884$ & $0.0140427$ & $0.00755068$ & $0.023528$ & $-0.0127014$ & $-0.00393013$ & $0.0135255$ & $-0.00798818$ & $0.036707$ & $-0.00256852$ & $-0.0121399$ \\
CHL1_33 & $-0.0256819$ & $0.028419$ & $0.00578825$ & $-0.0330961$ & $-0.0149673$ & $-0.0854968$ & $-0.0428461$ & $0.277833$ & $0.277722$ & $-0.115509$ & $-0.398103$ & $-0.071647$ & $0.0673245$ & $0.245923$ & $0.451898$ & $1$ & $0.155367$ & $-0.0374433$ & $-0.425334$ & $0.463108$ & $0.315941$ & $0.333091$ & $-0.131719$ & $0.102483$ & $-0.120581$ & $-0.206911$ & $-0.367054$ & $0.0816823$ & $0.00865798$ & $0.0184805$ & $-0.0170964$ & $-0.035776$ & $0.0317898$ & $-0.100131$ & $0.016733$ & $-0.000899023$ & $0.0253075$ & $-0.00141822$ & $0.0306997$ & $-0.00830282$ & $-0.0200645$ & $0.00309591$ & $0.00769261$ & $-0.0111727$ & $0.0180929$ & $0.0248188$ & $-0.0110694$ & $0.0253498$ & $-0.0110565$ \\
CHL3_11 & $0.0162049$ & $0.0177045$ & $0.0157644$ & $-0.0214071$ & $1.98686e-05$ & $-0.272787$ & $0.0792219$ & $-0.27674$ & $-0.2763$ & $0.454161$ & $-0.18843$ & $0.204765$ & $-0.349942$ & $0.664459$ & $0.150101$ & $0.155367$ & $1$ & $0.753584$ & $0.748748$ & $0.217828$ & $0.15451$ & $0.14768$ & $-0.0670458$ & $0.696548$ & $0.787624$ & $-0.0795496$ & $-0.15434$ & $0.0198771$ & $-0.0865641$ & $-0.117445$ & $-0.115507$ & $0.0433104$ & $-0.13487$ & $-0.271698$ & $0.0270039$ & $-0.0542767$ & $0.0496111$ & $-0.00322589$ & $0.00647155$ & $0.00278251$ & $-0.0108935$ & $0.00750862$ & $-0.0196256$ & $-0.0203815$ & $0.00234884$ & $-0.0107375$ & $-0.0121326$ & $0.0308785$ & $-0.028824$ \\
CHL3_22 & $0.00299105$ & $-0.00644925$ & $0.0174833$ & $-0.0112292$ & $-0.00790363$ & $-0.0679543$ & $0.0879496$ & $-0.457446$ & $-0.457786$ & $0.498859$ & $0.0812622$ & $0.262046$ & $-0.387706$ & $0.607307$ & $-0.441041$ & $-0.0374433$ & $0.753584$ & $1$ & $0.69889$ & $-0.0776881$ & $-0.0792668$ & $-0.0755543$ & $0.00646001$ & $0.647089$ & $0.80564$ & $0.0559847$ & $-0.00855194$ & $-0.0329996$ & $-0.0565463$ & $-0.122741$ & $-0.138697$ & $0.0525928$ & $-0.136662$ & $-0.00147565$ & $0.01555$ & $-0.0394474$ & $0.0286812$ & $-0.000253493$ & $0.0224579$ & $-0.0184507$ & $-0.00165952$ & $0.000599293$ & $-0.0142548$ & $-0.0112352$ & $-0.000964697$ & $0.00434286$ & $-0.0568086$ & $0.0266264$ & $-0.00567189$ \\
CHL3_33 & $0.0290098$ & $0.0031184$ & $0.00322095$ & $-0.0044481$ & $0.00176147$ & $-0.0603895$ & $0.112996$ & $-0.447674$ & $-0.445928$ & $0.49535$ & $0.0696288$ & $0.241401$ & $-0.369901$ & $0.618121$ & $-0.0390543$ & $-0.425334$ & $0.748748$ & $0.69889$ & $1$ & $-0.0662443$ & $-0.0654509$ & $-0.061673$ & $0.000482855$ & $0.639826$ & $0.801635$ & $0.0545579$ & $-0.00531344$ & $-0.0199371$ & $-0.0881785$ & $-0.126593$ & $-0.110714$ & $0.0714597$ & $-0.151533$ & $-0.356538$ & $0.0207288$ & $-0.04499$ & $0.035228$ & $-0.0069117$ & $-0.0171149$ & $0.00470379$ & $0.019598$ & $0.0146754$ & $-0.0282187$ & $-0.0108624$ & $0.000197993$ & $-0.0206102$ & $-0.0278192$ & $0.003342$ & $-0.0107332$ \\
CHe_11 & $0.0178261$ & $-0.0181258$ & $-0.0188452$ & $-0.0537184$ & $0.0178652$ & $-0.159924$ & $-0.0839612$ & $0.842684$ & $0.826973$ & $-0.355184$ & $-0.989908$ & $-0.329305$ & $0.182925$ & $0.514664$ & $0.48013$ & $0.463108$ & $0.217828$ & $-0.0776881$ & $-0.0662443$ & $1$ & $0.972342$ & $0.951057$ & $0.034077$ & $-0.259782$ & $-0.0100867$ & $-0.560123$ & $0.263794$ & $0.282003$ & $-0.0225794$ & $0.0867093$ & $-0.0125616$ & $-0.08464$ & $0.0976853$ & $0.299512$ & $-0.014472$ & $-0.0250183$ & $0.00890412$ & $-0.0162627$ & $0.0254215$ & $-0.0096785$ & $0.00257726$ & $0.0376654$ & $0.0131553$ & $-0.0375441$ & $0.0124822$ & $-0.000951919$ & $-0.0173875$ & $0.0286935$ & $0.0221247$ \\
CHe_22 & $0.0182739$ & $-0.030975$ & $-0.0232328$ & $-0.0491772$ & $0.0217358$ & $-0.158152$ & $-0.0940281$ & $0.892538$ & $0.874326$ & $-0.39157$ & $-0.991183$ & $-0.362801$ & $0.200106$ & $0.452504$ & $0.332112$ & $0.315941$ & $0.15451$ & $-0.0792668$ & $-0.0654509$ & $0.972342$ & $1$ & $0.974494$ & $0.0863273$ & $-0.372632$ & $-0.0292974$ & $-0.572962$ & $0.417872$ & $0.290409$ & $-0.0187291$ & $0.0961015$ & $-0.0085854$ & $-0.0947501$ & $0.112135$ & $0.463165$ & $-0.0223206$ & $-0.0232536$ & $-0.00115418$ & $-0.0115124$ & $0.0243519$ & $-0.00328882$ & $-0.0002189$ & $0.0370441$ & $0.01773$ & $-0.0395169$ & $0.00774794$ & $-0.00170915$ & $-0.0203704$ & $0.0257497$ & $0.034284$ \\
CHe_33 & $0.0133352$ & $-0.0316955$ & $-0.0240654$ & $-0.042636$ & $0.0193805$ & $-0.153141$ & $-0.0856226$ & $0.874446$ & $0.855188$ & $-0.384716$ & $-0.969264$ & $-0.355591$ & $0.195934$ & $0.439839$ & $0.320901$ & $0.333091$ & $0.14768$ & $-0.0755543$ & $-0.061673$ & $0.951057$ & $0.974494$ & $1$ & $0.0938937$ & $-0.365178$ & $-0.0252042$ & $-0.565839$ & $0.415563$ & $0.292821$ & $-0.0119378$ & $0.0881183$ & $-0.0162385$ & $-0.0889115$ & $0.100263$ & $0.459949$ & $-0.0117998$ & $-0.0242622$ & $-0.000237631$ & $-0.0146895$ & $0.0147944$ & $-0.00537875$ & $-0.00358818$ & $0.0453522$ & $0.0233394$ & $-0.0417753$ & $0.002552$ & $-0.00217376$ & $-0.0236569$ & $0.0247048$ & $0.0260837$ \\
CHQ1_11 & $-0.0158097$ & $-0.00881189$ & $-0.0282606$ & $0.000363337$ & $0.0207202$ & $0.0142762$ & $0.0164071$ & $0.103419$ & $0.103075$ & $-0.053594$ & $-0.0599437$ & $-0.0444399$ & $0.0356722$ & $-0.031479$ & $-0.149109$ & $-0.131719$ & $-0.0670458$ & $0.00646001$ & $0.000482855$ & $0.034077$ & $0.0863273$ & $0.0938937$ & $1$ & $-0.132951$ & $0.0744316$ & $-0.692286$ & $0.337889$ & $0.0315064$ & $0.0403865$ & $0.0207636$ & $-0.00230247$ & $0.00535941$ & $0.0306417$ & $0.201957$ & $0.00407091$ & $-0.0176813$ & $-0.0165695$ & $0.0074392$ & $-0.0135724$ & $0.017488$ & $0.00983368$ & $0.0266775$ & $0.0164515$ & $0.00982805$ & $0.00238674$ & $-0.0205392$ & $-0.028135$ & $-0.00188542$ & $0.0282985$ \\
CHQ1_33 & $-0.0736001$ & $0.0297664$ & $0.0321769$ & $-0.0159061$ & $-0.00666337$ & $-0.0246321$ & $0.118401$ & $-0.687418$ & $-0.678011$ & $0.580115$ & $0.317925$ & $0.356823$ & $-0.388135$ & $0.488329$ & $0.0957169$ & $0.102483$ & $0.696548$ & $0.647089$ & $0.639826$ & $-0.259782$ & $-0.372632$ & $-0.365178$ & $-0.132951$ & $1$ & $0.655829$ & $0.212763$ & $-0.430361$ & $-0.0259907$ & $-0.082908$ & $-0.155654$ & $-0.108486$ & $0.0932013$ & $-0.177213$ & $-0.637285$ & $0.0458625$ & $-0.028692$ & $0.0439069$ & $-0.0136783$ & $0.00401818$ & $0.000540443$ & $-0.00800743$ & $-0.00968222$ & $-0.0285221$ & $0.0171866$ & $0.00481671$ & $-0.011492$ & $-0.0183493$ & $0.00058816$ & $-0.0367835$ \\
CHQ3_11 & $-0.132377$ & $0.00194544$ & $-0.00111833$ & $-0.0230893$ & $0.00553125$ & $-0.0952759$ & $0.0964608$ & $-0.411341$ & $-0.409525$ & $0.484042$ & $0.0218225$ & $0.236631$ & $-0.3667$ & $0.620974$ & $-0.131175$ & $-0.120581$ & $0.787624$ & $0.80564$ & $0.801635$ & $-0.0100867$ & $-0.0292974$ & $-0.0252042$ & $0.0744316$ & $0.655829$ & $1$ & $0.0419973$ & $0.198358$ & $-0.0227045$ & $-0.0722316$ & $-0.129621$ & $-0.131291$ & $0.0597927$ & $-0.148561$ & $-0.216829$ & $0.0234915$ & $-0.054724$ & $0.0478414$ & $-0.00852594$ & $0.0074153$ & $-0.0238607$ & $-0.00249758$ & $0.0199929$ & $-0.00812869$ & $-0.00368269$ & $-0.00236253$ & $-0.00699425$ & $-0.0507866$ & $0.0342114$ & $-0.00521016$ \\
CHu_11 & $-0.0436154$ & $0.0021948$ & $0.0262891$ & $0.00321441$ & $-0.0349211$ & $0.0703834$ & $0.0289349$ & $-0.514582$ & $-0.508386$ & $0.223202$ & $0.571036$ & $0.204828$ & $-0.121367$ & $-0.266229$ & $-0.206294$ & $-0.206911$ & $-0.0795496$ & $0.0559847$ & $0.0545579$ & $-0.560123$ & $-0.572962$ & $-0.565839$ & $-0.692286$ & $0.212763$ & $0.0419973$ & $1$ & $-0.178257$ & $-0.177556$ & $-0.0263348$ & $-0.0626058$ & $0.0162254$ & $0.0442841$ & $-0.0769987$ & $-0.252946$ & $0.00998886$ & $0.0277835$ & $-0.00725581$ & $-0.00235093$ & $-0.0142256$ & $-0.00827982$ & $-0.00813827$ & $-0.0348698$ & $-0.000508624$ & $0.00902769$ & $-0.0151983$ & $0.00164242$ & $0.0202927$ & $-0.00986215$ & $-0.0247379$ \\
CHd_11 & $-0.0521469$ & $-0.0549434$ & $-0.0374101$ & $-0.034191$ & $0.0286192$ & $-0.0562425$ & $-0.0519361$ & $0.459016$ & $0.444924$ & $-0.25266$ & $-0.340383$ & $-0.221548$ & $0.133913$ & $-0.0635895$ & $-0.375764$ & $-0.367054$ & $-0.15434$ & $-0.00855194$ & $-0.00531344$ & $0.263794$ & $0.417872$ & $0.415563$ & $0.337889$ & $-0.430361$ & $0.198358$ & $-0.178257$ & $1$ & $0.118064$ & $0.00816264$ & $0.0524486$ & $0.00582572$ & $-0.0502702$ & $0.0606535$ & $0.689652$ & $-0.0305198$ & $-0.017327$ & $-0.0305325$ & $-0.0186104$ & $0.00465378$ & $-0.0205219$ & $-0.00795813$ & $0.0279016$ & $0.0379532$ & $-0.00703201$ & $-0.0160773$ & $-0.0136921$ & $-0.032292$ & $0.0267154$ & $0.0334485$ \\
CHd_33 & $0.0572128$ & $0.00717284$ & $-0.0177981$ & $0.00627531$ & $0.0151132$ & $-0.0573555$ & $-0.0315745$ & $0.265692$ & $0.258837$ & $-0.124396$ & $-0.288667$ & $-0.112308$ & $0.0586339$ & $0.129559$ & $0.0907997$ & $0.0816823$ & $0.0198771$ & $-0.0329996$ & $-0.0199371$ & $0.282003$ & $0.290409$ & $0.292821$ & $0.0315064$ & $-0.0259907$ & $-0.0227045$ & $-0.177556$ & $0.118064$ & $1$ & $-0.0474296$ & $0.0214108$ & $0.00579456$ & $-0.0334019$ & $0.0107436$ & $0.13763$ & $-0.0164862$ & $0.000480429$ & $-0.0183153$ & $-0.0136752$ & $0.065649$ & $-0.0109838$ & $0.00439928$ & $-0.00667745$ & $-0.0089635$ & $-0.0434276$ & $-0.000404$ & $-0.0664605$ & $-0.00168538$ & $-0.0104495$ & $-0.00839418$ \\
CeH_22r & $0.00661785$ & $-0.0260258$ & $-0.00916996$ & $-0.0325699$ & $-0.00382891$ & $-0.00589816$ & $0.0255967$ & $0.0215011$ & $0.0370724$ & $-0.0561219$ & $0.0228471$ & $-0.0350245$ & $0.0660165$ & $-0.0837932$ & $-0.0364478$ & $0.00865798$ & $-0.0865641$ & $-0.0565463$ & $-0.0881785$ & $-0.0225794$ & $-0.0187291$ & $-0.0119378$ & $0.0403865$ & $-0.082908$ & $-0.0722316$ & $-0.0263348$ & $0.00816264$ & $-0.0474296$ & $1$ & $0.0506202$ & $0.0474473$ & $0.00518736$ & $0.0195318$ & $0.0431233$ & $-0.0345071$ & $0.00930276$ & $0.00572074$ & $-0.034016$ & $0.0103826$ & $0.0193413$ & $0.0368056$ & $-0.0429095$ & $0.00574548$ & $0.0186701$ & $-0.0116778$ & $0.0341783$ & $0.0047312$ & $-0.0121813$ & $-0.0317077$ \\
CeH_33r & $-0.0234655$ & $0.0162298$ & $-0.0159321$ & $0.00707163$ & $0.0225955$ & $0.0392335$ & $-0.141878$ & $0.146959$ & $0.167285$ & $-0.156494$ & $-0.0910096$ & $-0.0957364$ & $0.305328$ & $-0.0607363$ & $0.0202393$ & $0.0184805$ & $-0.117445$ & $-0.122741$ & $-0.126593$ & $0.0867093$ & $0.0961015$ & $0.0881183$ & $0.0207636$ & $-0.155654$ & $-0.129621$ & $-0.0626058$ & $0.0524486$ & $0.0214108$ & $0.0506202$ & $1$ & $0.312137$ & $0.00465209$ & $0.646758$ & $0.0999319$ & $-0.0435187$ & $-0.0625441$ & $-0.19356$ & $-0.036657$ & $-0.023637$ & $0.00568141$ & $-0.000797109$ & $-0.0117284$ & $-0.0302017$ & $-0.0183412$ & $0.0726103$ & $0.00573828$ & $-0.00166275$ & $-0.00496102$ & $0.00739826$ \\
CuH_22r & $0.027733$ & $0.00398043$ & $-0.0126693$ & $-0.0280608$ & $-0.0138716$ & $0.0140096$ & $-0.0584447$ & $0.0531532$ & $0.0678244$ & $-0.106678$ & $0.0117249$ & $-0.0956803$ & $0.162957$ & $-0.129122$ & $0.0267263$ & $-0.0170964$ & $-0.115507$ & $-0.138697$ & $-0.110714$ & $-0.0125616$ & $-0.0085854$ & $-0.0162385$ & $-0.00230247$ & $-0.108486$ & $-0.131291$ & $0.0162254$ & $0.00582572$ & $0.00579456$ & $0.0474473$ & $0.312137$ & $1$ & $0.0433354$ & $0.353284$ & $0.0265457$ & $-0.0179163$ & $-0.0484718$ & $-0.0571931$ & $-0.040354$ & $-0.010329$ & $0.0165819$ & $-0.00783552$ & $-0.0292457$ & $-0.0129881$ & $0.00534095$ & $0.0260798$ & $0.113567$ & $0.382708$ & $-0.00323569$ & $0.0159293$ \\
CuH_33r & $0.0304883$ & $0.0251096$ & $-0.0406956$ & $-0.0372116$ & $0.0233542$ & $0.0202844$ & $0.933308$ & $-0.114671$ & $-0.0709875$ & $0.0880978$ & $0.0911304$ & $0.219376$ & $-0.233036$ & $0.0137307$ & $-0.00804213$ & $-0.035776$ & $0.0433104$ & $0.0525928$ & $0.0714597$ & $-0.08464$ & $-0.0947501$ & $-0.0889115$ & $0.00535941$ & $0.0932013$ & $0.0597927$ & $0.0442841$ & $-0.0502702$ & $-0.0334019$ & $0.00518736$ & $0.00465209$ & $0.0433354$ & $1$ & $0.0244215$ & $-0.087995$ & $0.0671746$ & $-0.0174582$ & $-0.0160032$ & $-0.0301619$ & $-0.00578641$ & $-0.0246078$ & $-0.0270977$ & $0.00284508$ & $0.0135495$ & $-0.00917367$ & $0.0122588$ & $-0.023091$ & $0.0100589$ & $0.00910224$ & $0.00170114$ \\
CdH_33r & $-0.0178532$ & $0.0211997$ & $-0.0208519$ & $0.00442614$ & $0.0290584$ & $0.0348028$ & $-0.14888$ & $0.169007$ & $0.186889$ & $-0.162979$ & $-0.105526$ & $-0.129818$ & $0.355774$ & $-0.0629204$ & $0.0213345$ & $0.0317898$ & $-0.13487$ & $-0.136662$ & $-0.151533$ & $0.0976853$ & $0.112135$ & $0.100263$ & $0.0306417$ & $-0.177213$ & $-0.148561$ & $-0.0769987$ & $0.0606535$ & $0.0107436$ & $0.0195318$ & $0.646758$ & $0.353284$ & $0.0244215$ & $1$ & $0.117759$ & $-0.0535401$ & $-0.0522638$ & $-0.214351$ & $-0.0174203$ & $-0.0492646$ & $-0.00522217$ & $-0.00968586$ & $0.0221108$ & $-0.0410089$ & $0.0236677$ & $0.0379822$ & $0.0216145$ & $-0.00855032$ & $0.149812$ & $0.502182$ \\
CLL_1221 & $-0.000621307$ & $-0.0272315$ & $-0.0106567$ & $-0.0114049$ & $0.00948217$ & $-0.100501$ & $-0.100113$ & $0.579044$ & $0.561407$ & $-0.373083$ & $-0.380318$ & $-0.272291$ & $0.207566$ & $-0.22835$ & $-0.581412$ & $-0.100131$ & $-0.271698$ & $-0.00147565$ & $-0.356538$ & $0.299512$ & $0.463165$ & $0.459949$ & $0.201957$ & $-0.637285$ & $-0.216829$ & $-0.252946$ & $0.689652$ & $0.13763$ & $0.0431233$ & $0.0999319$ & $0.0265457$ & $-0.087995$ & $0.117759$ & $1$ & $-0.0457061$ & $-9.87773e-05$ & $-0.0551479$ & $0.00583185$ & $0.0294932$ & $-0.0120893$ & $-0.0194582$ & $0.00433059$ & $0.0342075$ & $-0.0233123$ & $-0.0148183$ & $0.00223853$ & $-0.0206259$ & $0.0237105$ & $0.0260606$ \\
eHggint & $-0.0106881$ & $-0.00742434$ & $0.0243744$ & $-0.0180469$ & $0.0121862$ & $-0.0475432$ & $-0.0151631$ & $-0.0331452$ & $-0.0455039$ & $0.107437$ & $0.0195082$ & $0.0877158$ & $0.0204624$ & $0.0234586$ & $0.0223622$ & $0.016733$ & $0.0270039$ & $0.01555$ & $0.0207288$ & $-0.014472$ & $-0.0223206$ & $-0.0117998$ & $0.00407091$ & $0.0458625$ & $0.0234915$ & $0.00998886$ & $-0.0305198$ & $-0.0164862$ & $-0.0345071$ & $-0.0435187$ & $-0.0179163$ & $0.0671746$ & $-0.0535401$ & $-0.0457061$ & $1$ & $-0.0909111$ & $0.0644056$ & $-0.0159292$ & $0.0957664$ & $0.0180267$ & $-0.0177987$ & $0.0123859$ & $0.0368508$ & $-0.0444575$ & $0.011711$ & $0.0267075$ & $-0.0351375$ & $0.0214301$ & $0.00332122$ \\
eHggpar & $0.0304157$ & $0.00992392$ & $0.00867908$ & $-0.023955$ & $0.000697054$ & $0.0556585$ & $-0.0465558$ & $9.15096e-05$ & $-0.0102975$ & $-0.000838546$ & $0.0242062$ & $0.0264952$ & $0.0072222$ & $-0.0360446$ & $-0.00748566$ & $-0.000899023$ & $-0.0542767$ & $-0.0394474$ & $-0.04499$ & $-0.0250183$ & $-0.0232536$ & $-0.0242622$ & $-0.0176813$ & $-0.028692$ & $-0.054724$ & $0.0277835$ & $-0.017327$ & $0.000480429$ & $0.00930276$ & $-0.0625441$ & $-0.0484718$ & $-0.0174582$ & $-0.0522638$ & $-9.87773e-05$ & $-0.0909111$ & $1$ & $0.0267305$ & $0.02627$ & $-0.00494815$ & $0.0195023$ & $0.00713136$ & $-0.00389103$ & $0.0309732$ & $-0.00497306$ & $-0.00189799$ & $-0.0220484$ & $0.0448534$ & $0.0525924$ & $-0.00226788$ \\
eHWWint & $0.0302782$ & $5.14185e-05$ & $0.00966755$ & $0.00752186$ & $-0.000451159$ & $-0.053641$ & $0.0108638$ & $-0.0254808$ & $-0.0310729$ & $0.0214919$ & $-0.00341171$ & $0.016623$ & $-0.0231984$ & $0.0503013$ & $0.0425311$ & $0.0253075$ & $0.0496111$ & $0.0286812$ & $0.035228$ & $0.00890412$ & $-0.00115418$ & $-0.000237631$ & $-0.0165695$ & $0.0439069$ & $0.0478414$ & $-0.00725581$ & $-0.0305325$ & $-0.0183153$ & $0.00572074$ & $-0.19356$ & $-0.0571931$ & $-0.0160032$ & $-0.214351$ & $-0.0551479$ & $0.0644056$ & $0.0267305$ & $1$ & $0.00244896$ & $-0.0106251$ & $-0.00923085$ & $-0.00223207$ & $0.0242707$ & $0.0100613$ & $0.0129177$ & $0.0124993$ & $0.0316453$ & $0.0758098$ & $-0.0398384$ & $-0.0170835$ \\
eHWWpar & $-0.0500129$ & $0.0848667$ & $0.0712719$ & $0.00544277$ & $-0.0415063$ & $7.80279e-05$ & $-0.0166278$ & $-0.0122546$ & $-0.0102075$ & $-0.00937386$ & $0.0153824$ & $0.00715157$ & $-0.0152707$ & $-0.010155$ & $-0.00961353$ & $-0.00141822$ & $-0.00322589$ & $-0.000253493$ & $-0.0069117$ & $-0.0162627$ & $-0.0115124$ & $-0.0146895$ & $0.0074392$ & $-0.0136783$ & $-0.00852594$ & $-0.00235093$ & $-0.0186104$ & $-0.0136752$ & $-0.034016$ & $-0.036657$ & $-0.040354$ & $-0.0301619$ & $-0.0174203$ & $0.00583185$ & $-0.0159292$ & $0.02627$ & $0.00244896$ & $1$ & $-0.0446803$ & $0.0147848$ & $-0.0488557$ & $0.0215248$ & $-0.0166115$ & $0.0470479$ & $-0.015116$ & $-0.00510449$ & $-0.0346323$ & $0.0572747$ & $-0.00317142$ \\
eHZZint & $-0.030173$ & $0.0152622$ & $0.0290769$ & $0.0645559$ & $-0.0212553$ & $-0.00422507$ & $-0.0293608$ & $0.0178228$ & $0.010094$ & $0.016654$ & $-0.0242008$ & $0.0357241$ & $-0.0336667$ & $0.0143399$ & $-0.0192884$ & $0.0306997$ & $0.00647155$ & $0.0224579$ & $-0.0171149$ & $0.0254215$ & $0.0243519$ & $0.0147944$ & $-0.0135724$ & $0.00401818$ & $0.0074153$ & $-0.0142256$ & $0.00465378$ & $0.065649$ & $0.0103826$ & $-0.023637$ & $-0.010329$ & $-0.00578641$ & $-0.0492646$ & $0.0294932$ & $0.0957664$ & $-0.00494815$ & $-0.0106251$ & $-0.0446803$ & $1$ & $-0.00806162$ & $0.0189405$ & $-0.0110323$ & $0.0314792$ & $-0.00548673$ & $0.0207378$ & $-0.0164961$ & $0.00532529$ & $-0.0170815$ & $0.0045487$ \\
eHZZpar & $0.00763582$ & $0.00996992$ & $0.0350396$ & $0.0268117$ & $-0.0136203$ & $-0.00437497$ & $-0.0150963$ & $-0.00326905$ & $-0.00570986$ & $-0.0183985$ & $0.00696622$ & $-0.0116085$ & $-0.0119565$ & $-0.00389363$ & $0.0140427$ & $-0.00830282$ & $0.00278251$ & $-0.0184507$ & $0.00470379$ & $-0.0096785$ & $-0.00328882$ & $-0.00537875$ & $0.017488$ & $0.000540443$ & $-0.0238607$ & $-0.00827982$ & $-0.0205219$ & $-0.0109838$ & $0.0193413$ & $0.00568141$ & $0.0165819$ & $-0.0246078$ & $-0.00522217$ & $-0.0120893$ & $0.0180267$ & $0.0195023$ & $-0.00923085$ & $0.0147848$ & $-0.00806162$ & $1$ & $-0.00205889$ & $0.0155773$ & $-0.00792065$ & $0.0368444$ & $-0.0374837$ & $-0.0421175$ & $0.0278369$ & $0.0396621$ & $0.00721788$ \\
eHZgaint & $0.0208244$ & $0.00558571$ & $0.00929937$ & $0.00291518$ & $0.0563231$ & $0.0232201$ & $-0.0181279$ & $-0.0020933$ & $-0.00506251$ & $-0.024501$ & $-0.00150224$ & $0.0254074$ & $-0.0440322$ & $0.016348$ & $0.00755068$ & $-0.0200645$ & $-0.0108935$ & $-0.00165952$ & $0.019598$ & $0.00257726$ & $-0.0002189$ & $-0.00358818$ & $0.00983368$ & $-0.00800743$ & $-0.00249758$ & $-0.00813827$ & $-0.00795813$ & $0.00439928$ & $0.0368056$ & $-0.000797109$ & $-0.00783552$ & $-0.0270977$ & $-0.00968586$ & $-0.0194582$ & $-0.0177987$ & $0.00713136$ & $-0.00223207$ & $-0.0488557$ & $0.0189405$ & $-0.00205889$ & $1$ & $-0.0241065$ & $0.0158052$ & $0.0108395$ & $0.00385946$ & $0.0686472$ & $0.00961143$ & $0.0339668$ & $0.00753082$ \\
eHZgapar & $-0.00165333$ & $-0.011357$ & $0.00676911$ & $-0.0386496$ & $0.024724$ & $-0.0336186$ & $0.00798218$ & $0.0301402$ & $0.0274632$ & $6.64953e-05$ & $-0.0369696$ & $0.00294792$ & $-0.00230687$ & $0.0358057$ & $0.023528$ & $0.00309591$ & $0.00750862$ & $0.000599293$ & $0.0146754$ & $0.0376654$ & $0.0370441$ & $0.0453522$ & $0.0266775$ & $-0.00968222$ & $0.0199929$ & $-0.0348698$ & $0.0279016$ & $-0.00667745$ & $-0.0429095$ & $-0.0117284$ & $-0.0292457$ & $0.00284508$ & $0.0221108$ & $0.00433059$ & $0.0123859$ & $-0.00389103$ & $0.0242707$ & $0.0215248$ & $-0.0110323$ & $0.0155773$ & $-0.0241065$ & $1$ & $0.0109869$ & $0.0150795$ & $-0.03379$ & $0.00360881$ & $-0.0194773$ & $0.0352701$ & $0.0280813$ \\
eHgagaint & $-0.0201665$ & $0.00331454$ & $-0.0333807$ & $-0.030808$ & $0.0571835$ & $0.00411169$ & $0.0236886$ & $0.0272041$ & $0.0990853$ & $-0.0202575$ & $-0.0151961$ & $0.00435363$ & $-0.0185018$ & $-0.0136623$ & $-0.0127014$ & $0.00769261$ & $-0.0196256$ & $-0.0142548$ & $-0.0282187$ & $0.0131553$ & $0.01773$ & $0.0233394$ & $0.0164515$ & $-0.0285221$ & $-0.00812869$ & $-0.000508624$ & $0.0379532$ & $-0.0089635$ & $0.00574548$ & $-0.0302017$ & $-0.0129881$ & $0.0135495$ & $-0.0410089$ & $0.0342075$ & $0.0368508$ & $0.0309732$ & $0.0100613$ & $-0.0166115$ & $0.0314792$ & $-0.00792065$ & $0.0158052$ & $0.0109869$ & $1$ & $-0.0419553$ & $-0.0328091$ & $0.0247206$ & $0.0231618$ & $-0.0189334$ & $-0.0224722$ \\
eHmumuint & $-0.00475276$ & $-0.0320936$ & $-0.00107565$ & $0.0277523$ & $-0.0426975$ & $0.00333597$ & $-0.00396189$ & $-0.0299475$ & $-0.030795$ & $0.00393088$ & $0.0394327$ & $0.0158143$ & $-0.0186203$ & $-0.0291607$ & $-0.00393013$ & $-0.0111727$ & $-0.0203815$ & $-0.0112352$ & $-0.0108624$ & $-0.0375441$ & $-0.0395169$ & $-0.0417753$ & $0.00982805$ & $0.0171866$ & $-0.00368269$ & $0.00902769$ & $-0.00703201$ & $-0.0434276$ & $0.0186701$ & $-0.0183412$ & $0.00534095$ & $-0.00917367$ & $0.0236677$ & $-0.0233123$ & $-0.0444575$ & $-0.00497306$ & $0.0129177$ & $0.0470479$ & $-0.00548673$ & $0.0368444$ & $0.0108395$ & $0.0150795$ & $-0.0419553$ & $1$ & $0.00465518$ & $-0.0123972$ & $-0.00358486$ & $0.0148116$ & $0.0667061$ \\
eHtautauint & $-0.00230485$ & $-0.0176684$ & $-0.0684356$ & $0.0242935$ & $0.00514696$ & $0.0174008$ & $0.01574$ & $0.00558524$ & $0.0066919$ & $0.00190868$ & $-0.0130427$ & $0.00372958$ & $0.0105507$ & $0.0133028$ & $0.0135255$ & $0.0180929$ & $0.00234884$ & $-0.000964697$ & $0.000197993$ & $0.0124822$ & $0.00774794$ & $0.002552$ & $0.00238674$ & $0.00481671$ & $-0.00236253$ & $-0.0151983$ & $-0.0160773$ & $-0.000404$ & $-0.0116778$ & $0.0726103$ & $0.0260798$ & $0.0122588$ & $0.0379822$ & $-0.0148183$ & $0.011711$ & $-0.00189799$ & $0.0124993$ & $-0.015116$ & $0.0207378$ & $-0.0374837$ & $0.00385946$ & $-0.03379$ & $-0.0328091$ & $0.00465518$ & $1$ & $0.0292868$ & $0.0528541$ & $-0.0187728$ & $0.0193621$ \\
eHccint & $-0.0020036$ & $-0.0596772$ & $-0.038505$ & $-0.039952$ & $0.0411139$ & $-0.0258659$ & $-0.0239753$ & $0.00382751$ & $0.0055326$ & $6.00733e-05$ & $-0.00144406$ & $0.000533017$ & $0.00590007$ & $0.00810948$ & $-0.00798818$ & $0.0248188$ & $-0.0107375$ & $0.00434286$ & $-0.0206102$ & $-0.000951919$ & $-0.00170915$ & $-0.00217376$ & $-0.0205392$ & $-0.011492$ & $-0.00699425$ & $0.00164242$ & $-0.0136921$ & $-0.0664605$ & $0.0341783$ & $0.00573828$ & $0.113567$ & $-0.023091$ & $0.0216145$ & $0.00223853$ & $0.0267075$ & $-0.0220484$ & $0.0316453$ & $-0.00510449$ & $-0.0164961$ & $-0.0421175$ & $0.0686472$ & $0.00360881$ & $0.0247206$ & $-0.0123972$ & $0.0292868$ & $1$ & $-0.0174884$ & $0.0481795$ & $-0.00939627$ \\
eHccpar & $0.0369193$ & $-0.00619928$ & $-0.00470976$ & $0.0168549$ & $-0.00601231$ & $-0.0489603$ & $-0.00367534$ & $-0.00152143$ & $-0.00229978$ & $-0.0180986$ & $0.0184401$ & $-0.0113901$ & $0.0144901$ & $-0.0616655$ & $0.036707$ & $-0.0110694$ & $-0.0121326$ & $-0.0568086$ & $-0.0278192$ & $-0.0173875$ & $-0.0203704$ & $-0.0236569$ & $-0.028135$ & $-0.0183493$ & $-0.0507866$ & $0.0202927$ & $-0.032292$ & $-0.00168538$ & $0.0047312$ & $-0.00166275$ & $0.382708$ & $0.0100589$ & $-0.00855032$ & $-0.0206259$ & $-0.0351375$ & $0.0448534$ & $0.0758098$ & $-0.0346323$ & $0.00532529$ & $0.0278369$ & $0.00961143$ & $-0.0194773$ & $0.0231618$ & $-0.00358486$ & $0.0528541$ & $-0.0174884$ & $1$ & $-0.0506875$ & $-0.00398172$ \\
eHbbint & $-0.0181301$ & $0.0200579$ & $0.00217514$ & $-0.0502426$ & $-0.00525905$ & $0.0114724$ & $0.00957049$ & $0.0149606$ & $0.014059$ & $0.0217336$ & $-0.0285492$ & $-0.00383292$ & $0.00645487$ & $0.0189007$ & $-0.00256852$ & $0.0253498$ & $0.0308785$ & $0.0266264$ & $0.003342$ & $0.0286935$ & $0.0257497$ & $0.0247048$ & $-0.00188542$ & $0.00058816$ & $0.0342114$ & $-0.00986215$ & $0.0267154$ & $-0.0104495$ & $-0.0121813$ & $-0.00496102$ & $-0.00323569$ & $0.00910224$ & $0.149812$ & $0.0237105$ & $0.0214301$ & $0.0525924$ & $-0.0398384$ & $0.0572747$ & $-0.0170815$ & $0.0396621$ & $0.0339668$ & $0.0352701$ & $-0.0189334$ & $0.0148116$ & $-0.0187728$ & $0.0481795$ & $-0.0506875$ & $1$ & $0.00405287$ \\
eHbbpar & $0.000571225$ & $0.000237055$ & $-0.0193845$ & $0.0390193$ & $0.0241798$ & $0.0162325$ & $-0.0107014$ & $0.0346396$ & $0.0276328$ & $0.00505576$ & $-0.0281983$ & $-0.0162063$ & $0.019749$ & $0.02774$ & $-0.0121399$ & $-0.0110565$ & $-0.028824$ & $-0.00567189$ & $-0.0107332$ & $0.0221247$ & $0.034284$ & $0.0260837$ & $0.0282985$ & $-0.0367835$ & $-0.00521016$ & $-0.0247379$ & $0.0334485$ & $-0.00839418$ & $-0.0317077$ & $0.00739826$ & $0.0159293$ & $0.00170114$ & $0.502182$ & $0.0260606$ & $0.00332122$ & $-0.00226788$ & $-0.0170835$ & $-0.00317142$ & $0.0045487$ & $0.00721788$ & $0.00753082$ & $0.0280813$ & $-0.0224722$ & $0.0667061$ & $0.0193621$ & $-0.00939627$ & $-0.00398172$ & $0.00405287$ & $1$ \\
