 & AlsMz & dAle5Mz & mtop & mHl & Mz & CW & CHG & CHWB & CHWHB_gaga & CHWHB_gagaorth & CHD & CHbox & CH & CHL1_11 & CHL1_22 & CHL1_33 & CHL3_11 & CHL3_22 & CHL3_33 & CHe_11 & CHe_22 & CHe_33 & CHQ1_11 & CHQ1_33 & CHQ3_11 & CHu_11 & CHd_11 & CHd_33 & CeH_22r & CeH_33r & CuH_22r & CuH_33r & CdH_33r & CLL_1221 & eHggint & eHggpar & eHWWint & eHWWpar & eHZZint & eHZZpar & eHZgaint & eHZgapar & eHgagaint & eHmumuint & eHtautauint & eHccint & eHccpar & eHbbint & eHbbpar \\
AlsMz & $1$ & $-0.0842006$ & $-0.0307684$ & $-0.00975511$ & $0.00543861$ & $-0.00476426$ & $0.0312482$ & $0.00160801$ & $-0.00020156$ & $0.010837$ & $-0.0161537$ & $0.00776607$ & $-0.00960809$ & $0.0151188$ & $0.00387823$ & $0.00991152$ & $0.0106864$ & $0.0123987$ & $0.00662741$ & $0.00689043$ & $0.00383549$ & $0.00338864$ & $-0.0151077$ & $-0.0527185$ & $-0.117336$ & $-0.0412169$ & $-0.0517207$ & $0.0247963$ & $-0.00548817$ & $-0.0236258$ & $-0.0191095$ & $0.0181539$ & $-0.0393819$ & $-0.00825866$ & $-0.0219994$ & $-0.0155491$ & $0.0389431$ & $-0.00501603$ & $0.0512869$ & $0.000232102$ & $0.0178051$ & $-0.0159811$ & $-0.024228$ & $0.0124141$ & $-0.0448549$ & $-0.0975574$ & $-0.0042165$ & $0.0493457$ & $-0.0498658$ \\
dAle5Mz & $-0.0842006$ & $1$ & $-0.0468704$ & $-0.0134523$ & $-0.00313017$ & $0.0137487$ & $0.015079$ & $-0.0998518$ & $-0.0915981$ & $0.0299175$ & $0.0770532$ & $0.030733$ & $-0.0212466$ & $-0.0166101$ & $-0.00817631$ & $-0.0107395$ & $0.0271909$ & $0.0220487$ & $0.0242286$ & $-0.0503102$ & $-0.0539228$ & $-0.0513066$ & $-0.0292387$ & $0.0570908$ & $0.0243437$ & $0.0507551$ & $-0.0380412$ & $-0.0128287$ & $-0.00933026$ & $-0.00306196$ & $0.0139904$ & $0.0128482$ & $0.02251$ & $-0.0108711$ & $0.00255521$ & $-0.0205868$ & $-0.00499755$ & $-0.0109582$ & $-0.0149626$ & $-0.0139099$ & $0.0355997$ & $-0.0066837$ & $0.0507601$ & $-0.0318905$ & $-0.0495635$ & $-0.0199371$ & $0.0363794$ & $0.00587974$ & $0.0460591$ \\
mtop & $-0.0307684$ & $-0.0468704$ & $1$ & $-0.0543541$ & $0.0191275$ & $0.00296752$ & $-0.00807472$ & $-0.00365912$ & $-0.000299271$ & $-0.00260654$ & $0.0177263$ & $-0.00141201$ & $0.000935379$ & $-0.00444799$ & $-0.0198281$ & $-0.0246183$ & $-0.00880941$ & $0.00401964$ & $0.0083217$ & $-0.01186$ & $-0.00694185$ & $-0.00796631$ & $-0.00240062$ & $-0.000266334$ & $0.00776641$ & $0.0150681$ & $0.0171585$ & $-0.00889879$ & $-0.0125835$ & $0.0140991$ & $-0.0380043$ & $-0.00426344$ & $0.00681821$ & $0.0104876$ & $0.06159$ & $-0.104954$ & $-0.0343114$ & $0.0106559$ & $-0.0508258$ & $0.00130365$ & $-0.0645875$ & $-0.00940097$ & $0.0495183$ & $-0.00265447$ & $0.00396099$ & $0.0670469$ & $-0.110259$ & $0.0169707$ & $-0.0197485$ \\
mHl & $-0.00975511$ & $-0.0134523$ & $-0.0543541$ & $1$ & $-0.0208892$ & $-0.00429962$ & $0.0127485$ & $-0.00764356$ & $-0.0070541$ & $0.00848058$ & $0.0107398$ & $0.0147636$ & $-0.00535977$ & $-0.0120705$ & $-0.00252188$ & $-0.0102883$ & $-0.0056163$ & $-0.00536025$ & $0.000411438$ & $-0.0112286$ & $-0.0109826$ & $-0.0104463$ & $0.00186872$ & $-0.000175605$ & $-0.0035323$ & $0.00487659$ & $-0.00295655$ & $-0.00335642$ & $-0.0100287$ & $-0.00117038$ & $0.00737452$ & $0.0097893$ & $0.00560661$ & $-0.00489875$ & $0.0347907$ & $-0.0870751$ & $0.000728229$ & $-0.00373931$ & $-0.0211608$ & $0.00418878$ & $0.0500353$ & $0.00699165$ & $-0.0352306$ & $-0.00914567$ & $-0.0320901$ & $-0.00796518$ & $0.0156547$ & $0.0318025$ & $0.00266158$ \\
Mz & $0.00543861$ & $-0.00313017$ & $0.0191275$ & $-0.0208892$ & $1$ & $-0.00224089$ & $0.0101796$ & $-0.00110276$ & $-0.000525286$ & $0.0127585$ & $0.00854648$ & $0.00671053$ & $-0.0045872$ & $0.00902215$ & $0.0158084$ & $0.00406259$ & $0.00588364$ & $-0.00549911$ & $0.00392313$ & $0.00220509$ & $0.00203767$ & $0.00289177$ & $-0.003169$ & $0.00454453$ & $0.00205659$ & $0.00118227$ & $-0.00396313$ & $0.000144554$ & $-0.00570905$ & $-0.0141722$ & $-0.00785028$ & $0.00912807$ & $-0.00802012$ & $-0.0161526$ & $0.0150847$ & $-0.0170365$ & $0.00613041$ & $-0.0117507$ & $0.00425449$ & $0.0114925$ & $-0.00527207$ & $0.00197628$ & $-0.00104131$ & $0.00733628$ & $-0.00276834$ & $0.000314216$ & $-0.00233295$ & $0.000441048$ & $0.000451632$ \\
CW & $-0.00476426$ & $0.0137487$ & $0.00296752$ & $-0.00429962$ & $-0.00224089$ & $1$ & $-0.00875216$ & $-0.134946$ & $-0.131803$ & $0.0250588$ & $0.188154$ & $0.0483302$ & $0.00216637$ & $0.0288469$ & $-0.0813885$ & $-0.0749556$ & $-0.246976$ & $-0.0362453$ & $-0.0395372$ & $-0.185106$ & $-0.191297$ & $-0.188994$ & $-0.0162708$ & $0.0186557$ & $-0.0778092$ & $0.108612$ & $-0.0892886$ & $-0.0609915$ & $0.00786027$ & $0.00384553$ & $0.00206277$ & $-0.00310405$ & $0.00769659$ & $-0.128867$ & $0.00524667$ & $0.00540476$ & $0.00278925$ & $-0.0049376$ & $-0.0100318$ & $0.00696225$ & $-0.00382881$ & $0.0180115$ & $0.00574341$ & $-0.000859808$ & $0.00325635$ & $0.00626948$ & $0.0049723$ & $-0.00548525$ & $0.00764786$ \\
CHG & $0.0312482$ & $0.015079$ & $-0.00807472$ & $0.0127485$ & $0.0101796$ & $-0.00875216$ & $1$ & $-0.111025$ & $-0.0621714$ & $0.0756808$ & $0.0578927$ & $0.169862$ & $-0.328458$ & $0.068382$ & $-0.0207301$ & $-0.0160894$ & $0.108017$ & $0.114347$ & $0.109986$ & $-0.0559503$ & $-0.0615478$ & $-0.0617166$ & $-0.00788431$ & $0.119499$ & $0.103283$ & $0.0308142$ & $-0.0539781$ & $-0.0153137$ & $0.0120177$ & $-0.143217$ & $-0.0704201$ & $0.927779$ & $-0.168344$ & $-0.0703697$ & $-0.037414$ & $-0.00809476$ & $0.0351473$ & $0.000990365$ & $-0.0165846$ & $0.0114333$ & $-0.0160697$ & $0.00135164$ & $-0.00102353$ & $0.00721609$ & $0.00702101$ & $0.00337236$ & $0.00111502$ & $0.0128103$ & $-0.00234432$ \\
CHWB & $0.00160801$ & $-0.0998518$ & $-0.00365912$ & $-0.00764356$ & $-0.00110276$ & $-0.134946$ & $-0.111025$ & $1$ & $0.983982$ & $-0.570033$ & $-0.880836$ & $-0.41902$ & $0.351793$ & $0.0897459$ & $0.304458$ & $0.300905$ & $-0.24527$ & $-0.441786$ & $-0.440466$ & $0.852811$ & $0.897027$ & $0.880309$ & $0.0667453$ & $-0.679991$ & $-0.400725$ & $-0.508547$ & $0.43254$ & $0.317049$ & $0.0110478$ & $0.111094$ & $0.0499944$ & $-0.10439$ & $0.10262$ & $0.566932$ & $0.0132844$ & $0.0124786$ & $0.00544333$ & $0.00367386$ & $-0.00800608$ & $-0.00305737$ & $0.0225581$ & $-0.00468208$ & $0.00920847$ & $-0.0168749$ & $-0.00748764$ & $-6.79033e-06$ & $-0.00917337$ & $-0.00287907$ & $-0.00863435$ \\
CHWHB_gaga & $-0.00020156$ & $-0.0915981$ & $-0.000299271$ & $-0.0070541$ & $-0.000525286$ & $-0.131803$ & $-0.0621714$ & $0.983982$ & $1$ & $-0.561304$ & $-0.864483$ & $-0.397653$ & $0.344732$ & $0.0835732$ & $0.300775$ & $0.298227$ & $-0.246592$ & $-0.439658$ & $-0.438975$ & $0.837535$ & $0.880401$ & $0.864164$ & $0.0647116$ & $-0.670899$ & $-0.399117$ & $-0.498638$ & $0.423851$ & $0.31176$ & $0.0163497$ & $0.132548$ & $0.0617556$ & $-0.066207$ & $0.125258$ & $0.557031$ & $-0.00677525$ & $0.00208606$ & $-0.00462998$ & $0.00528398$ & $-0.0123423$ & $-0.00387$ & $0.0169301$ & $-0.00549333$ & $0.0825499$ & $-0.0149374$ & $-0.00291318$ & $-0.0058573$ & $-0.00545826$ & $-0.00121097$ & $-0.00482585$ \\
CHWHB_gagaorth & $0.010837$ & $0.0299175$ & $-0.00260654$ & $0.00848058$ & $0.0127585$ & $0.0250588$ & $0.0756808$ & $-0.570033$ & $-0.561304$ & $1$ & $0.356796$ & $0.663$ & $-0.251068$ & $0.233423$ & $-0.12919$ & $-0.126561$ & $0.43692$ & $0.493341$ & $0.488701$ & $-0.343531$ & $-0.372818$ & $-0.367939$ & $-0.049697$ & $0.559703$ & $0.474841$ & $0.20922$ & $-0.241503$ & $-0.13129$ & $-0.0040339$ & $-0.13691$ & $-0.0728265$ & $0.089646$ & $-0.139975$ & $-0.35174$ & $0.0418233$ & $-0.003268$ & $0.00273078$ & $-0.00581288$ & $0.00498844$ & $0.00371493$ & $-0.0692732$ & $0.0108441$ & $-0.00617315$ & $0.00613667$ & $0.0160736$ & $0.0131098$ & $-0.0139027$ & $0.00624088$ & $-0.00106886$ \\
CHD & $-0.0161537$ & $0.0770532$ & $0.0177263$ & $0.0107398$ & $0.00854648$ & $0.188154$ & $0.0578927$ & $-0.880836$ & $-0.864483$ & $0.356796$ & $1$ & $0.344504$ & $-0.176468$ & $-0.504583$ & $-0.425582$ & $-0.414964$ & $-0.20824$ & $0.0766513$ & $0.0755769$ & $-0.990493$ & $-0.991251$ & $-0.970402$ & $-0.00853513$ & $0.320247$ & $0.0243276$ & $0.563878$ & $-0.304023$ & $-0.349572$ & $-0.00336919$ & $-0.062401$ & $-0.0242092$ & $0.0657455$ & $-0.0514735$ & $-0.373602$ & $0.00424398$ & $0.00251548$ & $-0.0145177$ & $-0.00151228$ & $-0.00227735$ & $0.00695362$ & $-0.00402228$ & $0.00275275$ & $-0.00843916$ & $0.016498$ & $0.00467183$ & $-0.000455402$ & $0.0142308$ & $0.00704$ & $0.00953055$ \\
CHbox & $0.00776607$ & $0.030733$ & $-0.00141201$ & $0.0147636$ & $0.00671053$ & $0.0483302$ & $0.169862$ & $-0.41902$ & $-0.397653$ & $0.663$ & $0.344504$ & $1$ & $-0.546094$ & $0.00143923$ & $-0.087445$ & $-0.0843711$ & $0.143985$ & $0.205568$ & $0.203288$ & $-0.324539$ & $-0.357188$ & $-0.350547$ & $-0.0405762$ & $0.320253$ & $0.19494$ & $0.204431$ & $-0.20818$ & $-0.124788$ & $0.00049657$ & $0.00799075$ & $-0.0297491$ & $0.212669$ & $0.00691986$ & $-0.272331$ & $0.0684543$ & $0.0144857$ & $0.00127066$ & $-0.00166263$ & $-0.00669919$ & $0.00212758$ & $-0.0441843$ & $0.00530936$ & $-0.0212021$ & $-0.000557101$ & $0.00369833$ & $0.0107772$ & $-0.00999876$ & $0.0135667$ & $0.000146385$ \\
CH & $-0.00960809$ & $-0.0212466$ & $0.000935379$ & $-0.00535977$ & $-0.0045872$ & $0.00216637$ & $-0.328458$ & $0.351793$ & $0.344732$ & $-0.251068$ & $-0.176468$ & $-0.546094$ & $1$ & $-0.238512$ & $0.0849366$ & $0.0885489$ & $-0.358597$ & $-0.38822$ & $-0.389058$ & $0.172708$ & $0.185119$ & $0.184425$ & $0.0281151$ & $-0.389793$ & $-0.374784$ & $-0.105773$ & $0.131344$ & $0.072485$ & $0.0496016$ & $0.27739$ & $0.112359$ & $-0.270263$ & $0.315857$ & $0.21187$ & $0.0400912$ & $0.0281165$ & $-0.0226466$ & $0.00412905$ & $-0.00264136$ & $0.00332424$ & $0.0118828$ & $-0.00106731$ & $0.00421297$ & $-0.00187994$ & $-0.00886855$ & $0.00489071$ & $0.0034473$ & $0.00143688$ & $0.000210257$ \\
CHL1_11 & $0.0151188$ & $-0.0166101$ & $-0.00444799$ & $-0.0120705$ & $0.00902215$ & $0.0288469$ & $0.068382$ & $0.0897459$ & $0.0835732$ & $0.233423$ & $-0.504583$ & $0.00143923$ & $-0.238512$ & $1$ & $0.271409$ & $0.253011$ & $0.668442$ & $0.600327$ & $0.603286$ & $0.52277$ & $0.466433$ & $0.451752$ & $-0.0830205$ & $0.471507$ & $0.602057$ & $-0.270441$ & $-0.0954109$ & $0.161114$ & $-0.0138913$ & $-0.0623312$ & $-0.0384011$ & $0.0406638$ & $-0.0700779$ & $-0.216656$ & $-0.0310893$ & $-0.0245473$ & $0.023924$ & $-0.00544677$ & $0.0129719$ & $-0.0095779$ & $-0.0273777$ & $0.00875284$ & $0.0029758$ & $-0.00414519$ & $0.0100626$ & $0.00689451$ & $-0.018098$ & $-0.00812168$ & $-0.00390258$ \\
CHL1_22 & $0.00387823$ & $-0.00817631$ & $-0.0198281$ & $-0.00252188$ & $0.0158084$ & $-0.0813885$ & $-0.0207301$ & $0.304458$ & $0.300775$ & $-0.12919$ & $-0.425582$ & $-0.087445$ & $0.0849366$ & $0.271409$ & $1$ & $0.446422$ & $0.156261$ & $-0.448144$ & $-0.0391441$ & $0.490547$ & $0.34324$ & $0.331428$ & $-0.183831$ & $0.0921462$ & $-0.138811$ & $-0.198234$ & $-0.388036$ & $0.120824$ & $0.00880779$ & $0.0311058$ & $0.0110846$ & $-0.0170521$ & $0.0308493$ & $-0.581906$ & $-0.00300672$ & $-0.00540111$ & $0.00780219$ & $-0.000120911$ & $0.00617677$ & $0.00255109$ & $-0.00742659$ & $-0.00307232$ & $0.012356$ & $-0.00285894$ & $-0.0128458$ & $0.00319119$ & $-0.0103599$ & $-0.00176265$ & $-0.00180906$ \\
CHL1_33 & $0.00991152$ & $-0.0107395$ & $-0.0246183$ & $-0.0102883$ & $0.00406259$ & $-0.0749556$ & $-0.0160894$ & $0.300905$ & $0.298227$ & $-0.126561$ & $-0.414964$ & $-0.0843711$ & $0.0885489$ & $0.253011$ & $0.446422$ & $1$ & $0.147528$ & $-0.0407007$ & $-0.444105$ & $0.478534$ & $0.335397$ & $0.353301$ & $-0.171186$ & $0.0846285$ & $-0.139526$ & $-0.19607$ & $-0.374086$ & $0.12311$ & $0.00759709$ & $0.0322515$ & $0.0259447$ & $-0.0133928$ & $0.0401546$ & $-0.0899227$ & $-0.0155745$ & $0.00181133$ & $0.00283462$ & $0.00108977$ & $0.00667005$ & $0.000953417$ & $-0.0064811$ & $0.0045071$ & $0.00609702$ & $0.00567058$ & $-0.0129052$ & $0.000677014$ & $0.0166532$ & $0.00327585$ & $0.00293899$ \\
CHL3_11 & $0.0106864$ & $0.0271909$ & $-0.00880941$ & $-0.0056163$ & $0.00588364$ & $-0.246976$ & $0.108017$ & $-0.24527$ & $-0.246592$ & $0.43692$ & $-0.20824$ & $0.143985$ & $-0.358597$ & $0.668442$ & $0.156261$ & $0.147528$ & $1$ & $0.742631$ & $0.739654$ & $0.229579$ & $0.177546$ & $0.169665$ & $-0.0776993$ & $0.677735$ & $0.780261$ & $-0.102373$ & $-0.15542$ & $0.0603862$ & $-0.0164703$ & $-0.101268$ & $-0.0542816$ & $0.0779108$ & $-0.108223$ & $-0.250862$ & $-0.0309022$ & $-0.0345958$ & $0.0123754$ & $-0.000731837$ & $0.0207897$ & $-0.00723586$ & $-0.0398694$ & $-0.00108951$ & $-0.0036403$ & $0.000153857$ & $0.00674405$ & $-0.000710374$ & $-0.0131062$ & $-0.0110954$ & $-0.00310698$ \\
CHL3_22 & $0.0123987$ & $0.0220487$ & $0.00401964$ & $-0.00536025$ & $-0.00549911$ & $-0.0362453$ & $0.114347$ & $-0.441786$ & $-0.439658$ & $0.493341$ & $0.0766513$ & $0.205568$ & $-0.38822$ & $0.600327$ & $-0.448144$ & $-0.0407007$ & $0.742631$ & $1$ & $0.685042$ & $-0.0797066$ & $-0.0707252$ & $-0.0680848$ & $0.00674274$ & $0.630214$ & $0.796938$ & $0.0375251$ & $-0.00856083$ & $-0.0262191$ & $-0.0203766$ & $-0.113399$ & $-0.0560722$ & $0.0850415$ & $-0.11718$ & $0.0227721$ & $-0.0300898$ & $-0.0250235$ & $0.0101742$ & $-0.0027749$ & $0.0136013$ & $-0.0080173$ & $-0.03239$ & $0.00654792$ & $-0.0106615$ & $0.00450572$ & $0.0155832$ & $0.00108253$ & $-0.00323371$ & $-0.00741977$ & $-0.000167754$ \\
CHL3_33 & $0.00662741$ & $0.0242286$ & $0.0083217$ & $0.000411438$ & $0.00392313$ & $-0.0395372$ & $0.109986$ & $-0.440466$ & $-0.438975$ & $0.488701$ & $0.0755769$ & $0.203288$ & $-0.389058$ & $0.603286$ & $-0.0391441$ & $-0.444105$ & $0.739654$ & $0.685042$ & $1$ & $-0.0784249$ & $-0.0694131$ & $-0.0686964$ & $0.00311186$ & $0.629285$ & $0.796317$ & $0.0384873$ & $-0.00801566$ & $-0.0292303$ & $-0.0195251$ & $-0.11283$ & $-0.0663669$ & $0.0815947$ & $-0.122506$ & $-0.345512$ & $-0.0219395$ & $-0.0314787$ & $0.0149396$ & $-0.00471096$ & $0.0145102$ & $-0.00569558$ & $-0.0331781$ & $0.00109559$ & $-0.00542514$ & $-0.000990258$ & $0.0155841$ & $0.00360155$ & $-0.0243332$ & $-0.0113919$ & $-0.00343525$ \\
CHe_11 & $0.00689043$ & $-0.0503102$ & $-0.01186$ & $-0.0112286$ & $0.00220509$ & $-0.185106$ & $-0.0559503$ & $0.852811$ & $0.837535$ & $-0.343531$ & $-0.990493$ & $-0.324539$ & $0.172708$ & $0.52277$ & $0.490547$ & $0.478534$ & $0.229579$ & $-0.0797066$ & $-0.0784249$ & $1$ & $0.97327$ & $0.953205$ & $-0.0179435$ & $-0.267369$ & $-0.0188106$ & $-0.553152$ & $0.229692$ & $0.343662$ & $0.00384556$ & $0.0622334$ & $0.024813$ & $-0.0625841$ & $0.0530064$ & $0.295755$ & $-0.00382142$ & $-0.00389155$ & $0.013867$ & $0.000762286$ & $0.0018943$ & $-0.00644404$ & $0.00233558$ & $-0.00252946$ & $0.0103512$ & $-0.0169002$ & $-0.00678425$ & $0.00217129$ & $-0.013114$ & $-0.00738596$ & $-0.00761616$ \\
CHe_22 & $0.00383549$ & $-0.0539228$ & $-0.00694185$ & $-0.0109826$ & $0.00203767$ & $-0.191297$ & $-0.0615478$ & $0.897027$ & $0.880401$ & $-0.372818$ & $-0.991251$ & $-0.357188$ & $0.185119$ & $0.466433$ & $0.34324$ & $0.335397$ & $0.177546$ & $-0.0707252$ & $-0.0694131$ & $0.97327$ & $1$ & $0.975661$ & $0.0366764$ & $-0.372432$ & $-0.0276358$ & $-0.565421$ & $0.383724$ & $0.351193$ & $0.00223484$ & $0.0645897$ & $0.0246473$ & $-0.0695163$ & $0.0535057$ & $0.458098$ & $-0.00134145$ & $-0.00383023$ & $0.0133499$ & $0.00145575$ & $-0.000411587$ & $-0.0078797$ & $0.00652115$ & $-0.00356329$ & $0.00959004$ & $-0.0194149$ & $-0.00422983$ & $0.000411321$ & $-0.0152512$ & $-0.0072558$ & $-0.00877342$ \\
CHe_33 & $0.00338864$ & $-0.0513066$ & $-0.00796631$ & $-0.0104463$ & $0.00289177$ & $-0.188994$ & $-0.0617166$ & $0.880309$ & $0.864164$ & $-0.367939$ & $-0.970402$ & $-0.350547$ & $0.184425$ & $0.451752$ & $0.331428$ & $0.353301$ & $0.169665$ & $-0.0680848$ & $-0.0686964$ & $0.953205$ & $0.975661$ & $1$ & $0.0397388$ & $-0.366764$ & $-0.0275594$ & $-0.55455$ & $0.38013$ & $0.344938$ & $0.00178101$ & $0.0647454$ & $0.0268323$ & $-0.0699116$ & $0.0544701$ & $0.456544$ & $-0.0026422$ & $-0.00380913$ & $0.0149235$ & $0.000141702$ & $-0.000230976$ & $-0.00612314$ & $0.00601109$ & $-0.00265368$ & $0.010113$ & $-0.0164298$ & $-0.00456085$ & $-0.00107757$ & $-0.0137418$ & $-0.00869385$ & $-0.00787659$ \\
CHQ1_11 & $-0.0151077$ & $-0.0292387$ & $-0.00240062$ & $0.00186872$ & $-0.003169$ & $-0.0162708$ & $-0.00788431$ & $0.0667453$ & $0.0647116$ & $-0.049697$ & $-0.00853513$ & $-0.0405762$ & $0.0281151$ & $-0.0830205$ & $-0.183831$ & $-0.171186$ & $-0.0776993$ & $0.00674274$ & $0.00311186$ & $-0.0179435$ & $0.0366764$ & $0.0397388$ & $1$ & $-0.139703$ & $0.0752553$ & $-0.67328$ & $0.347209$ & $0.0104514$ & $-4.29956e-06$ & $0.00562056$ & $0.00986497$ & $-0.0104411$ & $0.000972427$ & $0.209601$ & $-0.00669456$ & $0.0119343$ & $0.00118059$ & $0.00615643$ & $0.00436337$ & $0.00198686$ & $0.00998404$ & $0.0021736$ & $-0.0170722$ & $0.00382551$ & $-0.00125201$ & $-0.000887565$ & $-0.00377138$ & $0.00460612$ & $-0.00721651$ \\
CHQ1_33 & $-0.0527185$ & $0.0570908$ & $-0.000266334$ & $-0.000175605$ & $0.00454453$ & $0.0186557$ & $0.119499$ & $-0.679991$ & $-0.670899$ & $0.559703$ & $0.320247$ & $0.320253$ & $-0.389793$ & $0.471507$ & $0.0921462$ & $0.0846285$ & $0.677735$ & $0.630214$ & $0.629285$ & $-0.267369$ & $-0.372432$ & $-0.366764$ & $-0.139703$ & $1$ & $0.645507$ & $0.209598$ & $-0.42245$ & $-0.0370539$ & $-0.0120638$ & $-0.11255$ & $-0.0557099$ & $0.101499$ & $-0.113434$ & $-0.630536$ & $-0.0217772$ & $-0.0303058$ & $0.00648893$ & $-0.00185897$ & $0.0145672$ & $0.000197049$ & $-0.0396683$ & $0.00474173$ & $-0.00225721$ & $0.00455686$ & $0.00961625$ & $0.010857$ & $0.0013437$ & $-0.00697359$ & $-0.000230542$ \\
CHQ3_11 & $-0.117336$ & $0.0243437$ & $0.00776641$ & $-0.0035323$ & $0.00205659$ & $-0.0778092$ & $0.103283$ & $-0.400725$ & $-0.399117$ & $0.474841$ & $0.0243276$ & $0.19494$ & $-0.374784$ & $0.602057$ & $-0.138811$ & $-0.139526$ & $0.780261$ & $0.796938$ & $0.796317$ & $-0.0188106$ & $-0.0276358$ & $-0.0275594$ & $0.0752553$ & $0.645507$ & $1$ & $0.0215464$ & $0.206295$ & $-0.00939009$ & $-0.0180488$ & $-0.106408$ & $-0.0538608$ & $0.0769021$ & $-0.109308$ & $-0.198101$ & $-0.02142$ & $-0.0232692$ & $0.00784623$ & $0.00340853$ & $0.00966007$ & $-0.00919435$ & $-0.0400286$ & $0.00659634$ & $-0.00658584$ & $-0.0106466$ & $0.0179886$ & $0.0185738$ & $-0.0175072$ & $-0.0134739$ & $0.00264978$ \\
CHu_11 & $-0.0412169$ & $0.0507551$ & $0.0150681$ & $0.00487659$ & $0.00118227$ & $0.108612$ & $0.0308142$ & $-0.508547$ & $-0.498638$ & $0.20922$ & $0.563878$ & $0.204431$ & $-0.105773$ & $-0.270441$ & $-0.198234$ & $-0.19607$ & $-0.102373$ & $0.0375251$ & $0.0384873$ & $-0.553152$ & $-0.565421$ & $-0.55455$ & $-0.67328$ & $0.209598$ & $0.0215464$ & $1$ & $-0.181035$ & $-0.196574$ & $-0.00560121$ & $-0.0318922$ & $-0.0148061$ & $0.0380053$ & $-0.0284673$ & $-0.25601$ & $0.0135511$ & $-0.00382107$ & $-0.0143071$ & $0.00144209$ & $-0.00644613$ & $0.000573541$ & $-0.00159914$ & $0.00754862$ & $0.00672837$ & $-0.004781$ & $0.00426461$ & $0.00434191$ & $0.00961021$ & $-0.00800648$ & $0.00602467$ \\
CHd_11 & $-0.0517207$ & $-0.0380412$ & $0.0171585$ & $-0.00295655$ & $-0.00396313$ & $-0.0892886$ & $-0.0539781$ & $0.43254$ & $0.423851$ & $-0.241503$ & $-0.304023$ & $-0.20818$ & $0.131344$ & $-0.0954109$ & $-0.388036$ & $-0.374086$ & $-0.15542$ & $-0.00856083$ & $-0.00801566$ & $0.229692$ & $0.383724$ & $0.38013$ & $0.347209$ & $-0.42245$ & $0.206295$ & $-0.181035$ & $1$ & $0.127818$ & $-0.00202662$ & $0.0405541$ & $0.0189112$ & $-0.0552959$ & $0.0299744$ & $0.688296$ & $0.0190245$ & $0.00830871$ & $-0.00109843$ & $0.0116977$ & $-0.00890137$ & $-0.00666378$ & $0.0137787$ & $-0.00139468$ & $-0.00225874$ & $-0.0310491$ & $0.00470707$ & $0.007109$ & $-0.0131342$ & $-0.0057948$ & $-0.00985366$ \\
CHd_33 & $0.0247963$ & $-0.0128287$ & $-0.00889879$ & $-0.00335642$ & $0.000144554$ & $-0.0609915$ & $-0.0153137$ & $0.317049$ & $0.31176$ & $-0.13129$ & $-0.349572$ & $-0.124788$ & $0.072485$ & $0.161114$ & $0.120824$ & $0.12311$ & $0.0603862$ & $-0.0262191$ & $-0.0292303$ & $0.343662$ & $0.351193$ & $0.344938$ & $0.0104514$ & $-0.0370539$ & $-0.00939009$ & $-0.196574$ & $0.127818$ & $1$ & $0.00392996$ & $0.0282697$ & $0.00409979$ & $-0.0190745$ & $0.0250441$ & $0.163404$ & $0.0084547$ & $-0.0134809$ & $0.00369704$ & $0.00193245$ & $0.00974777$ & $-0.00187343$ & $0.00169094$ & $0.0044577$ & $-0.00450324$ & $-0.0118005$ & $-0.00904791$ & $-0.00970509$ & $-0.0228795$ & $-0.00471404$ & $-0.00217772$ \\
CeH_22r & $-0.00548817$ & $-0.00933026$ & $-0.0125835$ & $-0.0100287$ & $-0.00570905$ & $0.00786027$ & $0.0120177$ & $0.0110478$ & $0.0163497$ & $-0.0040339$ & $-0.00336919$ & $0.00049657$ & $0.0496016$ & $-0.0138913$ & $0.00880779$ & $0.00759709$ & $-0.0164703$ & $-0.0203766$ & $-0.0195251$ & $0.00384556$ & $0.00223484$ & $0.00178101$ & $-4.29956e-06$ & $-0.0120638$ & $-0.0180488$ & $-0.00560121$ & $-0.00202662$ & $0.00392996$ & $1$ & $0.0363779$ & $0.0174533$ & $-0.00397597$ & $0.0376491$ & $0.00104366$ & $-0.0268733$ & $-0.00890253$ & $-0.00340306$ & $3.06343e-05$ & $0.00872552$ & $0.00327578$ & $-0.00497218$ & $-0.0062027$ & $-0.0045952$ & $0.0209238$ & $0.000944898$ & $0.00033213$ & $0.00235346$ & $-0.0131194$ & $-0.00627437$ \\
CeH_33r & $-0.0236258$ & $-0.00306196$ & $0.0140991$ & $-0.00117038$ & $-0.0141722$ & $0.00384553$ & $-0.143217$ & $0.111094$ & $0.132548$ & $-0.13691$ & $-0.062401$ & $0.00799075$ & $0.27739$ & $-0.0623312$ & $0.0311058$ & $0.0322515$ & $-0.101268$ & $-0.113399$ & $-0.11283$ & $0.0622334$ & $0.0645897$ & $0.0647454$ & $0.00562056$ & $-0.11255$ & $-0.106408$ & $-0.0318922$ & $0.0405541$ & $0.0282697$ & $0.0363779$ & $1$ & $0.307318$ & $0.0158142$ & $0.638984$ & $0.0626667$ & $-0.0407677$ & $-0.0310294$ & $-0.184585$ & $-0.00970959$ & $-0.0149091$ & $0.00467011$ & $-0.00335155$ & $-0.00374278$ & $0.00989652$ & $0.00875055$ & $0.0641207$ & $-0.0203532$ & $0.00103802$ & $0.0295758$ & $-0.0103929$ \\
CuH_22r & $-0.0191095$ & $0.0139904$ & $-0.0380043$ & $0.00737452$ & $-0.00785028$ & $0.00206277$ & $-0.0704201$ & $0.0499944$ & $0.0617556$ & $-0.0728265$ & $-0.0242092$ & $-0.0297491$ & $0.112359$ & $-0.0384011$ & $0.0110846$ & $0.0259447$ & $-0.0542816$ & $-0.0560722$ & $-0.0663669$ & $0.024813$ & $0.0246473$ & $0.0268323$ & $0.00986497$ & $-0.0557099$ & $-0.0538608$ & $-0.0148061$ & $0.0189112$ & $0.00409979$ & $0.0174533$ & $0.307318$ & $1$ & $0.0255995$ & $0.338006$ & $0.0325876$ & $-0.00798537$ & $0.0171545$ & $-0.0928815$ & $-0.0113118$ & $0.0121455$ & $-0.00172123$ & $0.0124277$ & $-0.001048$ & $0.0226293$ & $0.0154391$ & $-0.010337$ & $0.0530567$ & $0.392691$ & $0.00226545$ & $0.0133293$ \\
CuH_33r & $0.0181539$ & $0.0128482$ & $-0.00426344$ & $0.0097893$ & $0.00912807$ & $-0.00310405$ & $0.927779$ & $-0.10439$ & $-0.066207$ & $0.089646$ & $0.0657455$ & $0.212669$ & $-0.270263$ & $0.0406638$ & $-0.0170521$ & $-0.0133928$ & $0.0779108$ & $0.0850415$ & $0.0815947$ & $-0.0625841$ & $-0.0695163$ & $-0.0699116$ & $-0.0104411$ & $0.101499$ & $0.0769021$ & $0.0380053$ & $-0.0552959$ & $-0.0190745$ & $-0.00397597$ & $0.0158142$ & $0.0255995$ & $1$ & $0.016883$ & $-0.0691321$ & $0.0527145$ & $0.0256764$ & $-0.0162711$ & $-0.00328776$ & $-0.0104144$ & $0.0139764$ & $-0.015499$ & $0.000578028$ & $-0.00570853$ & $0.0036061$ & $0.00526855$ & $0.0137711$ & $0.00129057$ & $0.0115496$ & $0.00240027$ \\
CdH_33r & $-0.0393819$ & $0.02251$ & $0.00681821$ & $0.00560661$ & $-0.00802012$ & $0.00769659$ & $-0.168344$ & $0.10262$ & $0.125258$ & $-0.139975$ & $-0.0514735$ & $0.00691986$ & $0.315857$ & $-0.0700779$ & $0.0308493$ & $0.0401546$ & $-0.108223$ & $-0.11718$ & $-0.122506$ & $0.0530064$ & $0.0535057$ & $0.0544701$ & $0.000972427$ & $-0.113434$ & $-0.109308$ & $-0.0284673$ & $0.0299744$ & $0.0250441$ & $0.0376491$ & $0.638984$ & $0.338006$ & $0.016883$ & $1$ & $0.0574801$ & $-0.0323143$ & $-0.0107763$ & $-0.198381$ & $-0.0105682$ & $-0.0459069$ & $-0.0147811$ & $-0.00941745$ & $0.00401476$ & $0.0196183$ & $0.0377692$ & $-0.0196473$ & $-0.0179604$ & $0.0156946$ & $0.165897$ & $0.480134$ \\
CLL_1221 & $-0.00825866$ & $-0.0108711$ & $0.0104876$ & $-0.00489875$ & $-0.0161526$ & $-0.128867$ & $-0.0703697$ & $0.566932$ & $0.557031$ & $-0.35174$ & $-0.373602$ & $-0.272331$ & $0.21187$ & $-0.216656$ & $-0.581906$ & $-0.0899227$ & $-0.250862$ & $0.0227721$ & $-0.345512$ & $0.295755$ & $0.458098$ & $0.456544$ & $0.209601$ & $-0.630536$ & $-0.198101$ & $-0.25601$ & $0.688296$ & $0.163404$ & $0.00104366$ & $0.0626667$ & $0.0325876$ & $-0.0691321$ & $0.0574801$ & $1$ & $0.0138504$ & $0.0112606$ & $-0.00548363$ & $0.00489261$ & $-0.0115451$ & $-0.00500367$ & $0.0249735$ & $-0.00438236$ & $-0.000602898$ & $-0.0130611$ & $-6.0019e-05$ & $-0.00699826$ & $0.00455097$ & $-0.00169035$ & $-0.00256756$ \\
eHggint & $-0.0219994$ & $0.00255521$ & $0.06159$ & $0.0347907$ & $0.0150847$ & $0.00524667$ & $-0.037414$ & $0.0132844$ & $-0.00677525$ & $0.0418233$ & $0.00424398$ & $0.0684543$ & $0.0400912$ & $-0.0310893$ & $-0.00300672$ & $-0.0155745$ & $-0.0309022$ & $-0.0300898$ & $-0.0219395$ & $-0.00382142$ & $-0.00134145$ & $-0.0026422$ & $-0.00669456$ & $-0.0217772$ & $-0.02142$ & $0.0135511$ & $0.0190245$ & $0.0084547$ & $-0.0268733$ & $-0.0407677$ & $-0.00798537$ & $0.0527145$ & $-0.0323143$ & $0.0138504$ & $1$ & $-0.0942691$ & $-0.0549112$ & $0.0123739$ & $-0.0523521$ & $0.000439769$ & $-0.00409509$ & $-0.00940096$ & $-0.0175524$ & $-0.0261828$ & $-0.0365787$ & $0.0534996$ & $-0.0102127$ & $0.00655082$ & $0.00240921$ \\
eHggpar & $-0.0155491$ & $-0.0205868$ & $-0.104954$ & $-0.0870751$ & $-0.0170365$ & $0.00540476$ & $-0.00809476$ & $0.0124786$ & $0.00208606$ & $-0.003268$ & $0.00251548$ & $0.0144857$ & $0.0281165$ & $-0.0245473$ & $-0.00540111$ & $0.00181133$ & $-0.0345958$ & $-0.0250235$ & $-0.0314787$ & $-0.00389155$ & $-0.00383023$ & $-0.00380913$ & $0.0119343$ & $-0.0303058$ & $-0.0232692$ & $-0.00382107$ & $0.00830871$ & $-0.0134809$ & $-0.00890253$ & $-0.0310294$ & $0.0171545$ & $0.0256764$ & $-0.0107763$ & $0.0112606$ & $-0.0942691$ & $1$ & $-0.000695496$ & $-0.00645759$ & $0.0937446$ & $-0.0101089$ & $0.0417344$ & $0.00530702$ & $-0.0365043$ & $-0.00434866$ & $0.0190751$ & $0.0035001$ & $0.0462235$ & $-0.0342629$ & $0.0276861$ \\
eHWWint & $0.0389431$ & $-0.00499755$ & $-0.0343114$ & $0.000728229$ & $0.00613041$ & $0.00278925$ & $0.0351473$ & $0.00544333$ & $-0.00462998$ & $0.00273078$ & $-0.0145177$ & $0.00127066$ & $-0.0226466$ & $0.023924$ & $0.00780219$ & $0.00283462$ & $0.0123754$ & $0.0101742$ & $0.0149396$ & $0.013867$ & $0.0133499$ & $0.0149235$ & $0.00118059$ & $0.00648893$ & $0.00784623$ & $-0.0143071$ & $-0.00109843$ & $0.00369704$ & $-0.00340306$ & $-0.184585$ & $-0.0928815$ & $-0.0162711$ & $-0.198381$ & $-0.00548363$ & $-0.0549112$ & $-0.000695496$ & $1$ & $-0.00869023$ & $0.00258698$ & $-0.00543638$ & $0.0251035$ & $0.00528058$ & $-0.006221$ & $-0.014859$ & $0.0338888$ & $0.0264367$ & $-0.0126194$ & $-0.0414571$ & $0.0183871$ \\
eHWWpar & $-0.00501603$ & $-0.0109582$ & $0.0106559$ & $-0.00373931$ & $-0.0117507$ & $-0.0049376$ & $0.000990365$ & $0.00367386$ & $0.00528398$ & $-0.00581288$ & $-0.00151228$ & $-0.00166263$ & $0.00412905$ & $-0.00544677$ & $-0.000120911$ & $0.00108977$ & $-0.000731837$ & $-0.0027749$ & $-0.00471096$ & $0.000762286$ & $0.00145575$ & $0.000141702$ & $0.00615643$ & $-0.00185897$ & $0.00340853$ & $0.00144209$ & $0.0116977$ & $0.00193245$ & $3.06343e-05$ & $-0.00970959$ & $-0.0113118$ & $-0.00328776$ & $-0.0105682$ & $0.00489261$ & $0.0123739$ & $-0.00645759$ & $-0.00869023$ & $1$ & $-0.00272844$ & $0.00324902$ & $-0.00386332$ & $-0.00382288$ & $0.0196437$ & $0.00698227$ & $0.00520403$ & $0.00975419$ & $-0.00577233$ & $-0.00424467$ & $0.00795099$ \\
eHZZint & $0.0512869$ & $-0.0149626$ & $-0.0508258$ & $-0.0211608$ & $0.00425449$ & $-0.0100318$ & $-0.0165846$ & $-0.00800608$ & $-0.0123423$ & $0.00498844$ & $-0.00227735$ & $-0.00669919$ & $-0.00264136$ & $0.0129719$ & $0.00617677$ & $0.00667005$ & $0.0207897$ & $0.0136013$ & $0.0145102$ & $0.0018943$ & $-0.000411587$ & $-0.000230976$ & $0.00436337$ & $0.0145672$ & $0.00966007$ & $-0.00644613$ & $-0.00890137$ & $0.00974777$ & $0.00872552$ & $-0.0149091$ & $0.0121455$ & $-0.0104144$ & $-0.0459069$ & $-0.0115451$ & $-0.0523521$ & $0.0937446$ & $0.00258698$ & $-0.00272844$ & $1$ & $0.00123174$ & $0.0487445$ & $-0.0103664$ & $-0.00684032$ & $-0.0474343$ & $0.030518$ & $-0.0303298$ & $0.0613606$ & $0.00202618$ & $-0.0424321$ \\
eHZZpar & $0.000232102$ & $-0.0139099$ & $0.00130365$ & $0.00418878$ & $0.0114925$ & $0.00696225$ & $0.0114333$ & $-0.00305737$ & $-0.00387$ & $0.00371493$ & $0.00695362$ & $0.00212758$ & $0.00332424$ & $-0.0095779$ & $0.00255109$ & $0.000953417$ & $-0.00723586$ & $-0.0080173$ & $-0.00569558$ & $-0.00644404$ & $-0.0078797$ & $-0.00612314$ & $0.00198686$ & $0.000197049$ & $-0.00919435$ & $0.000573541$ & $-0.00666378$ & $-0.00187343$ & $0.00327578$ & $0.00467011$ & $-0.00172123$ & $0.0139764$ & $-0.0147811$ & $-0.00500367$ & $0.000439769$ & $-0.0101089$ & $-0.00543638$ & $0.00324902$ & $0.00123174$ & $1$ & $0.00261965$ & $-0.00373952$ & $-0.00259506$ & $-0.00680162$ & $0.0052662$ & $0.00793163$ & $-0.0120422$ & $0.00182039$ & $-0.0234606$ \\
eHZgaint & $0.0178051$ & $0.0355997$ & $-0.0645875$ & $0.0500353$ & $-0.00527207$ & $-0.00382881$ & $-0.0160697$ & $0.0225581$ & $0.0169301$ & $-0.0692732$ & $-0.00402228$ & $-0.0441843$ & $0.0118828$ & $-0.0273777$ & $-0.00742659$ & $-0.0064811$ & $-0.0398694$ & $-0.03239$ & $-0.0331781$ & $0.00233558$ & $0.00652115$ & $0.00601109$ & $0.00998404$ & $-0.0396683$ & $-0.0400286$ & $-0.00159914$ & $0.0137787$ & $0.00169094$ & $-0.00497218$ & $-0.00335155$ & $0.0124277$ & $-0.015499$ & $-0.00941745$ & $0.0249735$ & $-0.00409509$ & $0.0417344$ & $0.0251035$ & $-0.00386332$ & $0.0487445$ & $0.00261965$ & $1$ & $0.00738307$ & $-0.0458173$ & $-0.0752503$ & $-0.0292676$ & $-0.0422105$ & $0.0345967$ & $-0.0188697$ & $-0.0109407$ \\
eHZgapar & $-0.0159811$ & $-0.0066837$ & $-0.00940097$ & $0.00699165$ & $0.00197628$ & $0.0180115$ & $0.00135164$ & $-0.00468208$ & $-0.00549333$ & $0.0108441$ & $0.00275275$ & $0.00530936$ & $-0.00106731$ & $0.00875284$ & $-0.00307232$ & $0.0045071$ & $-0.00108951$ & $0.00654792$ & $0.00109559$ & $-0.00252946$ & $-0.00356329$ & $-0.00265368$ & $0.0021736$ & $0.00474173$ & $0.00659634$ & $0.00754862$ & $-0.00139468$ & $0.0044577$ & $-0.0062027$ & $-0.00374278$ & $-0.001048$ & $0.000578028$ & $0.00401476$ & $-0.00438236$ & $-0.00940096$ & $0.00530702$ & $0.00528058$ & $-0.00382288$ & $-0.0103664$ & $-0.00373952$ & $0.00738307$ & $1$ & $-0.00339592$ & $-0.00769801$ & $-0.00563001$ & $0.00582808$ & $-0.00213402$ & $-0.00977316$ & $0.013149$ \\
eHgagaint & $-0.024228$ & $0.0507601$ & $0.0495183$ & $-0.0352306$ & $-0.00104131$ & $0.00574341$ & $-0.00102353$ & $0.00920847$ & $0.0825499$ & $-0.00617315$ & $-0.00843916$ & $-0.0212021$ & $0.00421297$ & $0.0029758$ & $0.012356$ & $0.00609702$ & $-0.0036403$ & $-0.0106615$ & $-0.00542514$ & $0.0103512$ & $0.00959004$ & $0.010113$ & $-0.0170722$ & $-0.00225721$ & $-0.00658584$ & $0.00672837$ & $-0.00225874$ & $-0.00450324$ & $-0.0045952$ & $0.00989652$ & $0.0226293$ & $-0.00570853$ & $0.0196183$ & $-0.000602898$ & $-0.0175524$ & $-0.0365043$ & $-0.006221$ & $0.0196437$ & $-0.00684032$ & $-0.00259506$ & $-0.0458173$ & $-0.00339592$ & $1$ & $0.0141454$ & $0.0586205$ & $-0.0490503$ & $0.0615379$ & $-0.0118657$ & $0.0387175$ \\
eHmumuint & $0.0124141$ & $-0.0318905$ & $-0.00265447$ & $-0.00914567$ & $0.00733628$ & $-0.000859808$ & $0.00721609$ & $-0.0168749$ & $-0.0149374$ & $0.00613667$ & $0.016498$ & $-0.000557101$ & $-0.00187994$ & $-0.00414519$ & $-0.00285894$ & $0.00567058$ & $0.000153857$ & $0.00450572$ & $-0.000990258$ & $-0.0169002$ & $-0.0194149$ & $-0.0164298$ & $0.00382551$ & $0.00455686$ & $-0.0106466$ & $-0.004781$ & $-0.0310491$ & $-0.0118005$ & $0.0209238$ & $0.00875055$ & $0.0154391$ & $0.0036061$ & $0.0377692$ & $-0.0130611$ & $-0.0261828$ & $-0.00434866$ & $-0.014859$ & $0.00698227$ & $-0.0474343$ & $-0.00680162$ & $-0.0752503$ & $-0.00769801$ & $0.0141454$ & $1$ & $0.00485714$ & $-0.0807029$ & $0.057941$ & $0.0147667$ & $0.0604384$ \\
eHtautauint & $-0.0448549$ & $-0.0495635$ & $0.00396099$ & $-0.0320901$ & $-0.00276834$ & $0.00325635$ & $0.00702101$ & $-0.00748764$ & $-0.00291318$ & $0.0160736$ & $0.00467183$ & $0.00369833$ & $-0.00886855$ & $0.0100626$ & $-0.0128458$ & $-0.0129052$ & $0.00674405$ & $0.0155832$ & $0.0155841$ & $-0.00678425$ & $-0.00422983$ & $-0.00456085$ & $-0.00125201$ & $0.00961625$ & $0.0179886$ & $0.00426461$ & $0.00470707$ & $-0.00904791$ & $0.000944898$ & $0.0641207$ & $-0.010337$ & $0.00526855$ & $-0.0196473$ & $-6.0019e-05$ & $-0.0365787$ & $0.0190751$ & $0.0338888$ & $0.00520403$ & $0.030518$ & $0.0052662$ & $-0.0292676$ & $-0.00563001$ & $0.0586205$ & $0.00485714$ & $1$ & $-0.118663$ & $-0.0200646$ & $0.0470791$ & $-0.034887$ \\
eHccint & $-0.0975574$ & $-0.0199371$ & $0.0670469$ & $-0.00796518$ & $0.000314216$ & $0.00626948$ & $0.00337236$ & $-6.79033e-06$ & $-0.0058573$ & $0.0131098$ & $-0.000455402$ & $0.0107772$ & $0.00489071$ & $0.00689451$ & $0.00319119$ & $0.000677014$ & $-0.000710374$ & $0.00108253$ & $0.00360155$ & $0.00217129$ & $0.000411321$ & $-0.00107757$ & $-0.000887565$ & $0.010857$ & $0.0185738$ & $0.00434191$ & $0.007109$ & $-0.00970509$ & $0.00033213$ & $-0.0203532$ & $0.0530567$ & $0.0137711$ & $-0.0179604$ & $-0.00699826$ & $0.0534996$ & $0.0035001$ & $0.0264367$ & $0.00975419$ & $-0.0303298$ & $0.00793163$ & $-0.0422105$ & $0.00582808$ & $-0.0490503$ & $-0.0807029$ & $-0.118663$ & $1$ & $-0.0127964$ & $-0.0243335$ & $-0.0108849$ \\
eHccpar & $-0.0042165$ & $0.0363794$ & $-0.110259$ & $0.0156547$ & $-0.00233295$ & $0.0049723$ & $0.00111502$ & $-0.00917337$ & $-0.00545826$ & $-0.0139027$ & $0.0142308$ & $-0.00999876$ & $0.0034473$ & $-0.018098$ & $-0.0103599$ & $0.0166532$ & $-0.0131062$ & $-0.00323371$ & $-0.0243332$ & $-0.013114$ & $-0.0152512$ & $-0.0137418$ & $-0.00377138$ & $0.0013437$ & $-0.0175072$ & $0.00961021$ & $-0.0131342$ & $-0.0228795$ & $0.00235346$ & $0.00103802$ & $0.392691$ & $0.00129057$ & $0.0156946$ & $0.00455097$ & $-0.0102127$ & $0.0462235$ & $-0.0126194$ & $-0.00577233$ & $0.0613606$ & $-0.0120422$ & $0.0345967$ & $-0.00213402$ & $0.0615379$ & $0.057941$ & $-0.0200646$ & $-0.0127964$ & $1$ & $-0.0145452$ & $0.0380201$ \\
eHbbint & $0.0493457$ & $0.00587974$ & $0.0169707$ & $0.0318025$ & $0.000441048$ & $-0.00548525$ & $0.0128103$ & $-0.00287907$ & $-0.00121097$ & $0.00624088$ & $0.00704$ & $0.0135667$ & $0.00143688$ & $-0.00812168$ & $-0.00176265$ & $0.00327585$ & $-0.0110954$ & $-0.00741977$ & $-0.0113919$ & $-0.00738596$ & $-0.0072558$ & $-0.00869385$ & $0.00460612$ & $-0.00697359$ & $-0.0134739$ & $-0.00800648$ & $-0.0057948$ & $-0.00471404$ & $-0.0131194$ & $0.0295758$ & $0.00226545$ & $0.0115496$ & $0.165897$ & $-0.00169035$ & $0.00655082$ & $-0.0342629$ & $-0.0414571$ & $-0.00424467$ & $0.00202618$ & $0.00182039$ & $-0.0188697$ & $-0.00977316$ & $-0.0118657$ & $0.0147667$ & $0.0470791$ & $-0.0243335$ & $-0.0145452$ & $1$ & $-0.0140498$ \\
eHbbpar & $-0.0498658$ & $0.0460591$ & $-0.0197485$ & $0.00266158$ & $0.000451632$ & $0.00764786$ & $-0.00234432$ & $-0.00863435$ & $-0.00482585$ & $-0.00106886$ & $0.00953055$ & $0.000146385$ & $0.000210257$ & $-0.00390258$ & $-0.00180906$ & $0.00293899$ & $-0.00310698$ & $-0.000167754$ & $-0.00343525$ & $-0.00761616$ & $-0.00877342$ & $-0.00787659$ & $-0.00721651$ & $-0.000230542$ & $0.00264978$ & $0.00602467$ & $-0.00985366$ & $-0.00217772$ & $-0.00627437$ & $-0.0103929$ & $0.0133293$ & $0.00240027$ & $0.480134$ & $-0.00256756$ & $0.00240921$ & $0.0276861$ & $0.0183871$ & $0.00795099$ & $-0.0424321$ & $-0.0234606$ & $-0.0109407$ & $0.013149$ & $0.0387175$ & $0.0604384$ & $-0.034887$ & $-0.0108849$ & $0.0380201$ & $-0.0140498$ & $1$ \\
