 & AlsMz & dAle5Mz & mtop & mHl & Mz & CW & CHG & CHWB & CHWHB_gaga & CHWHB_gagaorth & CHD & CHbox & CH & CHL1_11 & CHL1_22 & CHL1_33 & CHL3_11 & CHL3_22 & CHL3_33 & CHe_11 & CHe_22 & CHe_33 & CHQ1_11 & CHQ1_33 & CHQ3_11 & CHu_11 & CHd_11 & CHd_33 & CeH_22r & CeH_33r & CuH_22r & CuH_33r & CdH_33r & CLL_1221 & eHggint & eHggpar & eHWWint & eHWWpar & eHZZint & eHZZpar & eHZgaint & eHZgapar & eHgagaint & eHmumuint & eHtautauint & eHccint & eHccpar & eHbbint & eHbbpar \\
AlsMz & $1$ & $0.171637$ & $0.0214392$ & $-0.340846$ & $0.0256138$ & $0.0142895$ & $-0.0196113$ & $-0.0313811$ & $-0.0302315$ & $0.0595866$ & $0.0253502$ & $0.0262519$ & $-0.0214152$ & $0.00272736$ & $-0.0177352$ & $-0.0675991$ & $0.00591352$ & $0.00885643$ & $0.0493766$ & $-0.0339804$ & $-0.0224944$ & $-0.0311071$ & $0.0171968$ & $-0.0144035$ & $-0.0423417$ & $-0.0210745$ & $0.000719233$ & $0.0636247$ & $-0.00455245$ & $-0.0112632$ & $0.0706406$ & $-0.0175632$ & $0.0188646$ & $-0.00832044$ & $-0.0617276$ & $0.323052$ & $-0.0583067$ & $-0.0131191$ & $0.0617719$ & $-0.0294856$ & $0.034412$ & $0.0274101$ & $0.0641917$ & $-0.0473634$ & $0.0318566$ & $0.0451601$ & $0.195016$ & $0.0477289$ & $0.172342$ \\
dAle5Mz & $0.171637$ & $1$ & $0.100224$ & $-0.0719192$ & $0.0965341$ & $0.0220622$ & $0.0399848$ & $-0.0572632$ & $-0.0467854$ & $0.0475221$ & $0.0448734$ & $0.0743455$ & $-0.00581482$ & $-0.0171865$ & $0.0091643$ & $0.0126863$ & $0.0081515$ & $0.00225839$ & $-0.00292445$ & $-0.0235923$ & $-0.0330147$ & $-0.0346283$ & $-0.00292909$ & $0.0381282$ & $-0.000141673$ & $0.0085085$ & $-0.0205064$ & $-0.000273087$ & $0.0106618$ & $0.0124566$ & $-0.0408041$ & $0.0722584$ & $0.0326271$ & $-0.0171026$ & $0.267675$ & $-0.0637419$ & $0.00748775$ & $-0.0881146$ & $-0.118269$ & $-0.0755466$ & $0.127109$ & $0.0335945$ & $0.104161$ & $0.0120496$ & $-0.0353762$ & $-0.270995$ & $-0.0914337$ & $-0.10795$ & $0.108971$ \\
mtop & $0.0214392$ & $0.100224$ & $1$ & $0.0255425$ & $0.037983$ & $0.0338041$ & $-0.028878$ & $0.0258792$ & $0.0225317$ & $-0.0490588$ & $-0.0151825$ & $-0.00296563$ & $0.0110301$ & $0.00182271$ & $0.0395319$ & $0.0662536$ & $-0.0249644$ & $-0.0360537$ & $-0.0614831$ & $0.0255746$ & $0.0158337$ & $0.0114403$ & $-0.00240582$ & $-0.0141769$ & $-0.0510878$ & $-0.0320193$ & $-0.0452014$ & $-0.0196384$ & $-0.0141117$ & $0.0208282$ & $0.0123477$ & $-0.0176684$ & $0.0902741$ & $-0.00865975$ & $0.164122$ & $-0.0103276$ & $-0.150367$ & $0.0588514$ & $-0.180399$ & $0.00567981$ & $0.15204$ & $-0.0445872$ & $-0.0419266$ & $0.0125638$ & $0.0906018$ & $-0.0467259$ & $-0.00936947$ & $-0.0331056$ & $0.220627$ \\
mHl & $-0.340846$ & $-0.0719192$ & $0.0255425$ & $1$ & $0.013645$ & $-0.0166123$ & $0.0669431$ & $-0.0150989$ & $-0.0187825$ & $-0.0422925$ & $0.0417261$ & $-0.0157155$ & $0.0123226$ & $-0.0627526$ & $-0.00258549$ & $0.00638885$ & $-0.0461175$ & $-0.0441453$ & $-0.0456381$ & $-0.0382876$ & $-0.0393892$ & $-0.0340863$ & $0.0543646$ & $-0.0161779$ & $0.000720144$ & $-0.00448589$ & $0.0128945$ & $-0.0415408$ & $-0.00827385$ & $0.0196223$ & $-0.0732373$ & $0.0617371$ & $-0.0594261$ & $-0.0108592$ & $-0.0992604$ & $-0.0104895$ & $0.0396433$ & $-0.0955943$ & $-0.00375216$ & $0.0843681$ & $-0.245243$ & $0.0592645$ & $-0.249477$ & $0.140399$ & $0.0971803$ & $0.130821$ & $-0.281166$ & $-0.191458$ & $-0.157024$ \\
Mz & $0.0256138$ & $0.0965341$ & $0.037983$ & $0.013645$ & $1$ & $0.0155354$ & $0.000412379$ & $0.00541443$ & $0.00252868$ & $-0.0252857$ & $-0.00596875$ & $-0.0257689$ & $0.00714943$ & $0.0100276$ & $0.0416863$ & $0.0323285$ & $0.0129024$ & $-0.0140552$ & $-0.00662318$ & $0.0207499$ & $0.0111433$ & $0.0165633$ & $-0.0384337$ & $0.00413454$ & $-0.0332512$ & $0.00818962$ & $-0.0565964$ & $-0.0194029$ & $-0.0196945$ & $-0.0237737$ & $-0.0178891$ & $-0.00518049$ & $-0.0060012$ & $-0.0275522$ & $0.0476262$ & $-0.0439795$ & $0.00374422$ & $-0.0244314$ & $0.024202$ & $-0.0301879$ & $0.00199176$ & $-0.00265504$ & $-0.0130316$ & $-0.0634747$ & $0.00695982$ & $-0.0315304$ & $0.016396$ & $-0.0159651$ & $0.00574283$ \\
CW & $0.0142895$ & $0.0220622$ & $0.0338041$ & $-0.0166123$ & $0.0155354$ & $1$ & $-0.0120593$ & $-0.154643$ & $-0.148801$ & $0.0368672$ & $0.207899$ & $0.0836271$ & $-0.0117116$ & $0.0201559$ & $-0.0709317$ & $-0.0682836$ & $-0.253524$ & $-0.0455848$ & $-0.0459258$ & $-0.203998$ & $-0.212086$ & $-0.212446$ & $-0.00930825$ & $0.0227796$ & $-0.0899468$ & $0.101398$ & $-0.116557$ & $-0.0929979$ & $0.014723$ & $0.0289985$ & $-0.0143349$ & $-0.00339277$ & $0.0125226$ & $-0.148928$ & $0.0367795$ & $0.0141306$ & $0.00768554$ & $0.0325073$ & $-0.0513474$ & $-0.0054837$ & $0.0476484$ & $-0.00568568$ & $0.0122501$ & $0.00921438$ & $-0.0264414$ & $-0.0213507$ & $0.00950174$ & $-0.00745642$ & $-0.00349625$ \\
CHG & $-0.0196113$ & $0.0399848$ & $-0.028878$ & $0.0669431$ & $0.000412379$ & $-0.0120593$ & $1$ & $-0.0858383$ & $-0.0342171$ & $0.0386519$ & $0.0452899$ & $-0.0581289$ & $-0.269461$ & $0.0482997$ & $-0.0246549$ & $-0.0164569$ & $0.0845563$ & $0.0945819$ & $0.0856797$ & $-0.0443847$ & $-0.0471653$ & $-0.0436705$ & $-0.00186222$ & $0.0966832$ & $0.0954607$ & $0.0131295$ & $-0.0236281$ & $-0.0341424$ & $0.0188164$ & $-0.110834$ & $-0.0601815$ & $0.938081$ & $-0.144513$ & $-0.0439301$ & $-0.00721285$ & $-0.0904692$ & $0.0134822$ & $-0.02587$ & $-0.0367414$ & $0.0044883$ & $-0.0588617$ & $0.0453413$ & $0.0322093$ & $-0.0158142$ & $0.0180377$ & $0.0104002$ & $0.00595213$ & $-0.00535553$ & $-0.0369851$ \\
CHWB & $-0.0313811$ & $-0.0572632$ & $0.0258792$ & $-0.0150989$ & $0.00541443$ & $-0.154643$ & $-0.0858383$ & $1$ & $0.985001$ & $-0.597824$ & $-0.883347$ & $-0.283509$ & $0.326612$ & $0.105779$ & $0.290363$ & $0.267236$ & $-0.2167$ & $-0.430722$ & $-0.408896$ & $0.853999$ & $0.901401$ & $0.884468$ & $0.0730659$ & $-0.670662$ & $-0.391989$ & $-0.528647$ & $0.429891$ & $0.321031$ & $-0.000717825$ & $0.0974084$ & $0.0387965$ & $-0.078944$ & $0.118984$ & $0.567976$ & $-0.0419579$ & $-0.013586$ & $-0.0252752$ & $0.00143146$ & $0.0139333$ & $0.0443479$ & $-0.028524$ & $-0.0469278$ & $0.00595072$ & $0.00174817$ & $0.0334814$ & $0.00801844$ & $-0.0370532$ & $-0.0165847$ & $-0.0369444$ \\
CHWHB_gaga & $-0.0302315$ & $-0.0467854$ & $0.0225317$ & $-0.0187825$ & $0.00252868$ & $-0.148801$ & $-0.0342171$ & $0.985001$ & $1$ & $-0.58816$ & $-0.865986$ & $-0.260087$ & $0.322507$ & $0.0974981$ & $0.285756$ & $0.261061$ & $-0.222589$ & $-0.431586$ & $-0.410048$ & $0.83713$ & $0.883791$ & $0.866509$ & $0.066422$ & $-0.66474$ & $-0.394552$ & $-0.514405$ & $0.422092$ & $0.312361$ & $0.0032277$ & $0.11718$ & $0.0512476$ & $-0.0350917$ & $0.137166$ & $0.559982$ & $-0.0494622$ & $-0.0163953$ & $-0.040794$ & $-0.00296606$ & $0.00272024$ & $0.0410153$ & $-0.0274336$ & $-0.0451829$ & $0.0515415$ & $-0.000435717$ & $0.0512634$ & $0.00517278$ & $-0.0362912$ & $-0.020558$ & $-0.052762$ \\
CHWHB_gagaorth & $0.0595866$ & $0.0475221$ & $-0.0490588$ & $-0.0422925$ & $-0.0252857$ & $0.0368672$ & $0.0386519$ & $-0.597824$ & $-0.58816$ & $1$ & $0.370854$ & $0.6136$ & $-0.233093$ & $0.250343$ & $-0.134849$ & $-0.139442$ & $0.453661$ & $0.528861$ & $0.524354$ & $-0.357571$ & $-0.386557$ & $-0.380806$ & $-0.0500815$ & $0.585667$ & $0.498587$ & $0.217398$ & $-0.252141$ & $-0.125687$ & $-0.019814$ & $-0.121865$ & $-0.0842458$ & $0.0504305$ & $-0.162858$ & $-0.36261$ & $0.00658621$ & $0.0440792$ & $0.0410419$ & $0.000213421$ & $-0.00386597$ & $-0.00368803$ & $-0.0291071$ & $0.010103$ & $-0.00134844$ & $0.00949611$ & $-0.0270419$ & $0.00265056$ & $0.0217355$ & $-0.0241434$ & $-0.0144519$ \\
CHD & $0.0253502$ & $0.0448734$ & $-0.0151825$ & $0.0417261$ & $-0.00596875$ & $0.207899$ & $0.0452899$ & $-0.883347$ & $-0.865986$ & $0.370854$ & $1$ & $0.309926$ & $-0.165166$ & $-0.514178$ & $-0.423831$ & $-0.387693$ & $-0.231689$ & $0.0764832$ & $0.0476989$ & $-0.990012$ & $-0.991281$ & $-0.971144$ & $-0.0145963$ & $0.312994$ & $0.0185554$ & $0.576118$ & $-0.299805$ & $-0.359407$ & $0.0144747$ & $-0.0482743$ & $0.0051939$ & $0.0464806$ & $-0.0541893$ & $-0.367693$ & $0.0464883$ & $0.0166992$ & $0.0336716$ & $-0.00760764$ & $-0.0259961$ & $-0.0496651$ & $0.0255731$ & $0.0390728$ & $0.00537267$ & $-0.0153594$ & $-0.0211954$ & $0.00534132$ & $0.0390496$ & $0.033772$ & $0.0552846$ \\
CHbox & $0.0262519$ & $0.0743455$ & $-0.00296563$ & $-0.0157155$ & $-0.0257689$ & $0.0836271$ & $-0.0581289$ & $-0.283509$ & $-0.260087$ & $0.6136$ & $0.309926$ & $1$ & $0.1411$ & $-0.153016$ & $-0.0694976$ & $-0.0634428$ & $-0.0809755$ & $0.000101096$ & $-0.00826464$ & $-0.289473$ & $-0.316877$ & $-0.309957$ & $-0.0334378$ & $0.124408$ & $-0.0247208$ & $0.181905$ & $-0.171321$ & $-0.116386$ & $0.020115$ & $0.217063$ & $0.034723$ & $0.023215$ & $0.265014$ & $-0.180173$ & $0.0624043$ & $0.0300529$ & $0.0564747$ & $-0.00680243$ & $-0.0622963$ & $-0.0072207$ & $-0.000871811$ & $-0.00451058$ & $0.0109334$ & $0.017677$ & $-0.0287372$ & $-0.0376171$ & $0.00853837$ & $-0.00358165$ & $0.00518726$ \\
CH & $-0.0214152$ & $-0.00581482$ & $0.0110301$ & $0.0123226$ & $0.00714943$ & $-0.0117116$ & $-0.269461$ & $0.326612$ & $0.322507$ & $-0.233093$ & $-0.165166$ & $0.1411$ & $1$ & $-0.219275$ & $0.0587229$ & $0.0522042$ & $-0.320375$ & $-0.350244$ & $-0.341614$ & $0.159377$ & $0.177153$ & $0.17964$ & $0.039146$ & $-0.369628$ & $-0.340444$ & $-0.117492$ & $0.131677$ & $0.0686993$ & $0.0297855$ & $0.247236$ & $0.122078$ & $-0.230812$ & $0.311764$ & $0.212042$ & $-0.00113822$ & $0.00952846$ & $-0.00807554$ & $0.0113416$ & $0.0134958$ & $0.00922784$ & $-0.00902672$ & $-0.0102465$ & $0.0257101$ & $-0.000490269$ & $0.0279196$ & $0.0237838$ & $0.0158562$ & $0.00150428$ & $-0.0112018$ \\
CHL1_11 & $0.00272736$ & $-0.0171865$ & $0.00182271$ & $-0.0627526$ & $0.0100276$ & $0.0201559$ & $0.0482997$ & $0.105779$ & $0.0974981$ & $0.250343$ & $-0.514178$ & $-0.153016$ & $-0.219275$ & $1$ & $0.295861$ & $0.275416$ & $0.671538$ & $0.585734$ & $0.593702$ & $0.533228$ & $0.472353$ & $0.455101$ & $-0.0831773$ & $0.470415$ & $0.587195$ & $-0.275037$ & $-0.109445$ & $0.180919$ & $-0.0378335$ & $-0.0587577$ & $-0.0780102$ & $0.0314992$ & $-0.0910745$ & $-0.219928$ & $-0.0162012$ & $0.00103649$ & $-0.0316012$ & $0.0144899$ & $0.00619772$ & $0.0304431$ & $-0.00614627$ & $-0.0171247$ & $-0.0168757$ & $0.0366075$ & $-0.0234645$ & $-0.0224116$ & $-0.00526401$ & $-0.0391076$ & $-0.0490481$ \\
CHL1_22 & $-0.0177352$ & $0.0091643$ & $0.0395319$ & $-0.00258549$ & $0.0416863$ & $-0.0709317$ & $-0.0246549$ & $0.290363$ & $0.285756$ & $-0.134849$ & $-0.423831$ & $-0.0694976$ & $0.0587229$ & $0.295861$ & $1$ & $0.470327$ & $0.18943$ & $-0.441695$ & $-0.0212242$ & $0.494953$ & $0.338415$ & $0.332962$ & $-0.177264$ & $0.129413$ & $-0.121801$ & $-0.19387$ & $-0.407009$ & $0.129871$ & $0.0038309$ & $0.0180127$ & $-0.00293963$ & $-0.0173717$ & $0.0127117$ & $-0.596459$ & $-0.019276$ & $-0.0250661$ & $-0.00559189$ & $-0.0123146$ & $0.00277388$ & $0.0141194$ & $-0.0303163$ & $-0.00424641$ & $0.0133242$ & $0.00923732$ & $-0.00215235$ & $-0.0555014$ & $-0.0221356$ & $-0.0231316$ & $-0.0313249$ \\
CHL1_33 & $-0.0675991$ & $0.0126863$ & $0.0662536$ & $0.00638885$ & $0.0323285$ & $-0.0682836$ & $-0.0164569$ & $0.267236$ & $0.261061$ & $-0.139442$ & $-0.387693$ & $-0.0634428$ & $0.0522042$ & $0.275416$ & $0.470327$ & $1$ & $0.152792$ & $-0.0438404$ & $-0.429102$ & $0.4604$ & $0.304419$ & $0.329996$ & $-0.168644$ & $0.132716$ & $-0.124643$ & $-0.177998$ & $-0.402936$ & $0.11582$ & $-0.00268321$ & $-0.0151204$ & $-0.0395128$ & $-0.0180545$ & $-0.0145185$ & $-0.149368$ & $-0.0283231$ & $-0.00310463$ & $0.00494201$ & $0.00826287$ & $0.00959087$ & $0.00928022$ & $-0.0152987$ & $-0.0227292$ & $-0.00669081$ & $0.00388066$ & $-0.000752028$ & $-0.0331605$ & $-0.0532701$ & $-0.0473942$ & $-0.0183031$ \\
CHL3_11 & $0.00591352$ & $0.0081515$ & $-0.0249644$ & $-0.0461175$ & $0.0129024$ & $-0.253524$ & $0.0845563$ & $-0.2167$ & $-0.222589$ & $0.453661$ & $-0.231689$ & $-0.0809755$ & $-0.320375$ & $0.671538$ & $0.18943$ & $0.152792$ & $1$ & $0.72339$ & $0.746831$ & $0.253564$ & $0.198336$ & $0.193792$ & $-0.084053$ & $0.660755$ & $0.78264$ & $-0.0965187$ & $-0.140316$ & $0.0847439$ & $-0.0195959$ & $-0.100553$ & $-0.0804019$ & $0.0679839$ & $-0.123072$ & $-0.254905$ & $-0.0173549$ & $-0.0142009$ & $-0.0108904$ & $0.0110909$ & $0.0437308$ & $0.0109139$ & $0.00488423$ & $0.0202159$ & $-0.0278835$ & $0.0160394$ & $-0.00909858$ & $-0.00984254$ & $-0.00388379$ & $-0.0326103$ & $-0.0391577$ \\
CHL3_22 & $0.00885643$ & $0.00225839$ & $-0.0360537$ & $-0.0441453$ & $-0.0140552$ & $-0.0455848$ & $0.0945819$ & $-0.430722$ & $-0.431586$ & $0.528861$ & $0.0764832$ & $0.000101096$ & $-0.350244$ & $0.585734$ & $-0.441695$ & $-0.0438404$ & $0.72339$ & $1$ & $0.67583$ & $-0.0825172$ & $-0.0706883$ & $-0.0700598$ & $0.00271449$ & $0.608206$ & $0.794507$ & $0.0485752$ & $0.00804484$ & $-0.0185259$ & $-0.0303358$ & $-0.108691$ & $-0.0821601$ & $0.0732352$ & $-0.134078$ & $0.0320805$ & $0.0011131$ & $0.0121711$ & $-0.0154658$ & $0.0236548$ & $0.0227241$ & $0.00045127$ & $0.0258522$ & $0.0167876$ & $-0.0333888$ & $0.0182752$ & $-0.022996$ & $0.0167382$ & $0.011535$ & $-0.0212778$ & $-0.0127677$ \\
CHL3_33 & $0.0493766$ & $-0.00292445$ & $-0.0614831$ & $-0.0456381$ & $-0.00662318$ & $-0.0459258$ & $0.0856797$ & $-0.408896$ & $-0.410048$ & $0.524354$ & $0.0476989$ & $-0.00826464$ & $-0.341614$ & $0.593702$ & $-0.0212242$ & $-0.429102$ & $0.746831$ & $0.67583$ & $1$ & $-0.0544553$ & $-0.0428509$ & $-0.0450896$ & $-0.00447212$ & $0.600429$ & $0.794104$ & $0.0363626$ & $0.00838167$ & $-0.00726792$ & $-0.026066$ & $-0.0819656$ & $-0.0597537$ & $0.0712506$ & $-0.113383$ & $-0.321742$ & $0.00291997$ & $-0.00829132$ & $-0.0247338$ & $0.0126317$ & $0.020036$ & $0.00675863$ & $0.0113388$ & $0.0302185$ & $-0.0185949$ & $0.0214795$ & $-0.0173302$ & $-0.00118347$ & $0.0274228$ & $0.000204273$ & $-0.0284299$ \\
CHe_11 & $-0.0339804$ & $-0.0235923$ & $0.0255746$ & $-0.0382876$ & $0.0207499$ & $-0.203998$ & $-0.0443847$ & $0.853999$ & $0.83713$ & $-0.357571$ & $-0.990012$ & $-0.289473$ & $0.159377$ & $0.533228$ & $0.494953$ & $0.4604$ & $0.253564$ & $-0.0825172$ & $-0.0544553$ & $1$ & $0.971405$ & $0.95274$ & $-0.011657$ & $-0.256656$ & $-0.0146213$ & $-0.564378$ & $0.219444$ & $0.352494$ & $-0.0155963$ & $0.0437406$ & $-0.0076415$ & $-0.0440272$ & $0.0488469$ & $0.283401$ & $-0.0411207$ & $-0.0215802$ & $-0.036638$ & $0.00834484$ & $0.019762$ & $0.0468745$ & $-0.0227511$ & $-0.034625$ & $-0.00390948$ & $0.0181135$ & $0.0165112$ & $-0.0180764$ & $-0.0422184$ & $-0.0371771$ & $-0.0545743$ \\
CHe_22 & $-0.0224944$ & $-0.0330147$ & $0.0158337$ & $-0.0393892$ & $0.0111433$ & $-0.212086$ & $-0.0471653$ & $0.901401$ & $0.883791$ & $-0.386557$ & $-0.991281$ & $-0.316877$ & $0.177153$ & $0.472353$ & $0.338415$ & $0.304419$ & $0.198336$ & $-0.0706883$ & $-0.0428509$ & $0.971405$ & $1$ & $0.975463$ & $0.0427169$ & $-0.370695$ & $-0.0259679$ & $-0.580213$ & $0.380122$ & $0.360665$ & $-0.0127085$ & $0.0513977$ & $-0.00208892$ & $-0.048457$ & $0.0599018$ & $0.455215$ & $-0.040122$ & $-0.0179453$ & $-0.0329157$ & $0.00641148$ & $0.0231339$ & $0.0497843$ & $-0.0235871$ & $-0.0401447$ & $-0.00524117$ & $0.0149948$ & $0.0235443$ & $-0.00221199$ & $-0.0388025$ & $-0.0322896$ & $-0.0526503$ \\
CHe_33 & $-0.0311071$ & $-0.0346283$ & $0.0114403$ & $-0.0340863$ & $0.0165633$ & $-0.212446$ & $-0.0436705$ & $0.884468$ & $0.866509$ & $-0.380806$ & $-0.971144$ & $-0.309957$ & $0.17964$ & $0.455101$ & $0.332962$ & $0.329996$ & $0.193792$ & $-0.0700598$ & $-0.0450896$ & $0.95274$ & $0.975463$ & $1$ & $0.0466412$ & $-0.363316$ & $-0.0247921$ & $-0.571915$ & $0.37314$ & $0.357261$ & $-0.0150938$ & $0.0588857$ & $-0.00490481$ & $-0.043795$ & $0.0627149$ & $0.450318$ & $-0.0533018$ & $-0.0250171$ & $-0.0427349$ & $0.0117028$ & $0.0347796$ & $0.0527011$ & $-0.0269556$ & $-0.044065$ & $-0.00548078$ & $0.0086194$ & $0.0298327$ & $-0.00430023$ & $-0.0463866$ & $-0.0334848$ & $-0.0605423$ \\
CHQ1_11 & $0.0171968$ & $-0.00292909$ & $-0.00240582$ & $0.0543646$ & $-0.0384337$ & $-0.00930825$ & $-0.00186222$ & $0.0730659$ & $0.066422$ & $-0.0500815$ & $-0.0145963$ & $-0.0334378$ & $0.039146$ & $-0.0831773$ & $-0.177264$ & $-0.168644$ & $-0.084053$ & $0.00271449$ & $-0.00447212$ & $-0.011657$ & $0.0427169$ & $0.0466412$ & $1$ & $-0.156687$ & $0.0676681$ & $-0.674258$ & $0.342464$ & $-0.00352822$ & $0.00875519$ & $-0.01038$ & $0.00526172$ & $-0.00303103$ & $0.0232163$ & $0.207772$ & $0.00407367$ & $0.0127149$ & $-0.0084189$ & $0.00226329$ & $-0.00804743$ & $-0.00964859$ & $-0.00538304$ & $-0.0202049$ & $-0.0172427$ & $-0.00768987$ & $0.0140669$ & $0.00630776$ & $-0.00022258$ & $0.027862$ & $0.0510829$ \\
CHQ1_33 & $-0.0144035$ & $0.0381282$ & $-0.0141769$ & $-0.0161779$ & $0.00413454$ & $0.0227796$ & $0.0966832$ & $-0.670662$ & $-0.66474$ & $0.585667$ & $0.312994$ & $0.124408$ & $-0.369628$ & $0.470415$ & $0.129413$ & $0.132716$ & $0.660755$ & $0.608206$ & $0.600429$ & $-0.256656$ & $-0.370695$ & $-0.363316$ & $-0.156687$ & $1$ & $0.623589$ & $0.22789$ & $-0.441993$ & $-0.0229043$ & $-0.0162391$ & $-0.117653$ & $-0.0853648$ & $0.079786$ & $-0.159957$ & $-0.646305$ & $0.0240107$ & $-0.00459907$ & $0.0148532$ & $-0.00285843$ & $-0.0134318$ & $-0.0206366$ & $0.02884$ & $0.028256$ & $-0.00568899$ & $0.0308823$ & $-0.0337541$ & $-0.0427182$ & $0.0070575$ & $-0.0255966$ & $-0.0187728$ \\
CHQ3_11 & $-0.0423417$ & $-0.000141673$ & $-0.0510878$ & $0.000720144$ & $-0.0332512$ & $-0.0899468$ & $0.0954607$ & $-0.391989$ & $-0.394552$ & $0.498587$ & $0.0185554$ & $-0.0247208$ & $-0.340444$ & $0.587195$ & $-0.121801$ & $-0.124643$ & $0.78264$ & $0.794507$ & $0.794104$ & $-0.0146213$ & $-0.0259679$ & $-0.0247921$ & $0.0676681$ & $0.623589$ & $1$ & $0.032114$ & $0.210986$ & $-0.012373$ & $-0.0205599$ & $-0.0959516$ & $-0.0737775$ & $0.0753418$ & $-0.128771$ & $-0.195243$ & $0.00714166$ & $-0.0269625$ & $-0.0221438$ & $0.0244574$ & $0.0461742$ & $0.00305702$ & $0.0102405$ & $-0.00312426$ & $-0.0457158$ & $0.02732$ & $-0.00655774$ & $0.00372379$ & $0.00735874$ & $-0.00238001$ & $-0.0273126$ \\
CHu_11 & $-0.0210745$ & $0.0085085$ & $-0.0320193$ & $-0.00448589$ & $0.00818962$ & $0.101398$ & $0.0131295$ & $-0.528647$ & $-0.514405$ & $0.217398$ & $0.576118$ & $0.181905$ & $-0.117492$ & $-0.275037$ & $-0.19387$ & $-0.177998$ & $-0.0965187$ & $0.0485752$ & $0.0363626$ & $-0.564378$ & $-0.580213$ & $-0.571915$ & $-0.674258$ & $0.22789$ & $0.032114$ & $1$ & $-0.191584$ & $-0.195228$ & $0.0113314$ & $-0.00863178$ & $-0.00664502$ & $0.0143114$ & $-0.0344524$ & $-0.266512$ & $0.0123055$ & $-0.0123136$ & $0.0147594$ & $0.0123059$ & $0.0127714$ & $-0.0225247$ & $0.0205841$ & $0.0248696$ & $0.00120585$ & $0.00577445$ & $-0.00357876$ & $0.0158294$ & $0.0255546$ & $0.00934719$ & $-0.00340954$ \\
CHd_11 & $0.000719233$ & $-0.0205064$ & $-0.0452014$ & $0.0128945$ & $-0.0565964$ & $-0.116557$ & $-0.0236281$ & $0.429891$ & $0.422092$ & $-0.252141$ & $-0.299805$ & $-0.171321$ & $0.131677$ & $-0.109445$ & $-0.407009$ & $-0.402936$ & $-0.140316$ & $0.00804484$ & $0.00838167$ & $0.219444$ & $0.380122$ & $0.37314$ & $0.342464$ & $-0.441993$ & $0.210986$ & $-0.191584$ & $1$ & $0.109959$ & $0.00591441$ & $0.0528703$ & $0.0276082$ & $-0.0270378$ & $0.0617864$ & $0.702864$ & $0.0010626$ & $-0.0135187$ & $-0.0283068$ & $0.014975$ & $0.0370121$ & $0.01389$ & $0.00602652$ & $-0.0446228$ & $-0.0154693$ & $0.0100423$ & $0.0480732$ & $0.04038$ & $-0.000577275$ & $0.0280605$ & $-0.00443437$ \\
CHd_33 & $0.0636247$ & $-0.000273087$ & $-0.0196384$ & $-0.0415408$ & $-0.0194029$ & $-0.0929979$ & $-0.0341424$ & $0.321031$ & $0.312361$ & $-0.125687$ & $-0.359407$ & $-0.116386$ & $0.0686993$ & $0.180919$ & $0.129871$ & $0.11582$ & $0.0847439$ & $-0.0185259$ & $-0.00726792$ & $0.352494$ & $0.360665$ & $0.357261$ & $-0.00352822$ & $-0.0229043$ & $-0.012373$ & $-0.195228$ & $0.109959$ & $1$ & $-0.0121749$ & $0.017805$ & $-0.000474552$ & $-0.0352431$ & $0.0206506$ & $0.157651$ & $-0.0711182$ & $0.0205235$ & $-0.0277652$ & $0.00304066$ & $0.0803818$ & $0.0239257$ & $-0.00956214$ & $-0.0526483$ & $-0.0385282$ & $-0.00279476$ & $0.0032685$ & $-0.0126684$ & $0.0120727$ & $-0.0476685$ & $-0.0018934$ \\
CeH_22r & $-0.00455245$ & $0.0106618$ & $-0.0141117$ & $-0.00827385$ & $-0.0196945$ & $0.014723$ & $0.0188164$ & $-0.000717825$ & $0.0032277$ & $-0.019814$ & $0.0144747$ & $0.020115$ & $0.0297855$ & $-0.0378335$ & $0.0038309$ & $-0.00268321$ & $-0.0195959$ & $-0.0303358$ & $-0.026066$ & $-0.0155963$ & $-0.0127085$ & $-0.0150938$ & $0.00875519$ & $-0.0162391$ & $-0.0205599$ & $0.0113314$ & $0.00591441$ & $-0.0121749$ & $1$ & $0.0586533$ & $-0.00262948$ & $0.0172304$ & $0.0599337$ & $0.00123318$ & $-0.00633951$ & $-0.000108206$ & $-0.00555877$ & $-0.0476996$ & $-0.0167043$ & $0.0130059$ & $0.0272169$ & $0.0295432$ & $0.0094418$ & $0.000964275$ & $0.00361354$ & $0.0160638$ & $0.00236556$ & $-0.00697898$ & $0.0145702$ \\
CeH_33r & $-0.0112632$ & $0.0124566$ & $0.0208282$ & $0.0196223$ & $-0.0237737$ & $0.0289985$ & $-0.110834$ & $0.0974084$ & $0.11718$ & $-0.121865$ & $-0.0482743$ & $0.217063$ & $0.247236$ & $-0.0587577$ & $0.0180127$ & $-0.0151204$ & $-0.100553$ & $-0.108691$ & $-0.0819656$ & $0.0437406$ & $0.0513977$ & $0.0588857$ & $-0.01038$ & $-0.117653$ & $-0.0959516$ & $-0.00863178$ & $0.0528703$ & $0.017805$ & $0.0586533$ & $1$ & $0.317$ & $0.0308847$ & $0.673771$ & $0.0606098$ & $-0.0407488$ & $-0.03408$ & $-0.0997596$ & $-0.00668669$ & $-0.0552134$ & $-0.00985315$ & $0.0318394$ & $0.0145092$ & $0.0914487$ & $0.0266695$ & $0.0685904$ & $-0.00733056$ & $0.0274051$ & $0.0278721$ & $-0.0194495$ \\
CuH_22r & $0.0706406$ & $-0.0408041$ & $0.0123477$ & $-0.0732373$ & $-0.0178891$ & $-0.0143349$ & $-0.0601815$ & $0.0387965$ & $0.0512476$ & $-0.0842458$ & $0.0051939$ & $0.034723$ & $0.122078$ & $-0.0780102$ & $-0.00293963$ & $-0.0395128$ & $-0.0804019$ & $-0.0821601$ & $-0.0597537$ & $-0.0076415$ & $-0.00208892$ & $-0.00490481$ & $0.00526172$ & $-0.0853648$ & $-0.0737775$ & $-0.00664502$ & $0.0276082$ & $-0.000474552$ & $-0.00262948$ & $0.317$ & $1$ & $0.0264654$ & $0.405798$ & $0.0339017$ & $0.0232281$ & $-0.0210457$ & $-0.0721266$ & $0.0169054$ & $-0.0401304$ & $0.0121837$ & $0.0347137$ & $-0.0128872$ & $0.0982036$ & $0.0616808$ & $0.0718095$ & $0.0756204$ & $0.311216$ & $0.122471$ & $0.0674415$ \\
CuH_33r & $-0.0175632$ & $0.0722584$ & $-0.0176684$ & $0.0617371$ & $-0.00518049$ & $-0.00339277$ & $0.938081$ & $-0.078944$ & $-0.0350917$ & $0.0504305$ & $0.0464806$ & $0.023215$ & $-0.230812$ & $0.0314992$ & $-0.0173717$ & $-0.0180545$ & $0.0679839$ & $0.0732352$ & $0.0712506$ & $-0.0440272$ & $-0.048457$ & $-0.043795$ & $-0.00303103$ & $0.079786$ & $0.0753418$ & $0.0143114$ & $-0.0270378$ & $-0.0352431$ & $0.0172304$ & $0.0308847$ & $0.0264654$ & $1$ & $0.0403541$ & $-0.0431585$ & $0.0394662$ & $-0.0815763$ & $0.0149864$ & $-0.0241084$ & $-0.046232$ & $0.000828842$ & $-0.0318211$ & $0.0542732$ & $0.0509988$ & $-0.0011518$ & $0.022923$ & $0.0109845$ & $0.0222406$ & $-0.00483299$ & $-0.0280376$ \\
CdH_33r & $0.0188646$ & $0.0326271$ & $0.0902741$ & $-0.0594261$ & $-0.0060012$ & $0.0125226$ & $-0.144513$ & $0.118984$ & $0.137166$ & $-0.162858$ & $-0.0541893$ & $0.265014$ & $0.311764$ & $-0.0910745$ & $0.0127117$ & $-0.0145185$ & $-0.123072$ & $-0.134078$ & $-0.113383$ & $0.0488469$ & $0.0599018$ & $0.0627149$ & $0.0232163$ & $-0.159957$ & $-0.128771$ & $-0.0344524$ & $0.0617864$ & $0.0206506$ & $0.0599337$ & $0.673771$ & $0.405798$ & $0.0403541$ & $1$ & $0.0878586$ & $0.111385$ & $-0.140625$ & $-0.139339$ & $-0.0235328$ & $-0.0299431$ & $-0.0103621$ & $0.0793682$ & $0.00601032$ & $-0.0420809$ & $-0.0131935$ & $0.0374308$ & $-0.0488198$ & $0.137794$ & $0.216638$ & $0.313491$ \\
CLL_1221 & $-0.00832044$ & $-0.0171026$ & $-0.00865975$ & $-0.0108592$ & $-0.0275522$ & $-0.148928$ & $-0.0439301$ & $0.567976$ & $0.559982$ & $-0.36261$ & $-0.367693$ & $-0.180173$ & $0.212042$ & $-0.219928$ & $-0.596459$ & $-0.149368$ & $-0.254905$ & $0.0320805$ & $-0.321742$ & $0.283401$ & $0.455215$ & $0.450318$ & $0.207772$ & $-0.646305$ & $-0.195243$ & $-0.266512$ & $0.702864$ & $0.157651$ & $0.00123318$ & $0.0606098$ & $0.0339017$ & $-0.0431585$ & $0.0878586$ & $1$ & $-0.0138791$ & $0.0057707$ & $-0.0131997$ & $0.00807754$ & $0.0186544$ & $0.0196133$ & $0.00653708$ & $-0.0284542$ & $-0.00343651$ & $-0.0120795$ & $0.0335443$ & $0.0484252$ & $-0.0184653$ & $-0.00417536$ & $-0.000103157$ \\
eHggint & $-0.0617276$ & $0.267675$ & $0.164122$ & $-0.0992604$ & $0.0476262$ & $0.0367795$ & $-0.00721285$ & $-0.0419579$ & $-0.0494622$ & $0.00658621$ & $0.0464883$ & $0.0624043$ & $-0.00113822$ & $-0.0162012$ & $-0.019276$ & $-0.0283231$ & $-0.0173549$ & $0.0011131$ & $0.00291997$ & $-0.0411207$ & $-0.040122$ & $-0.0533018$ & $0.00407367$ & $0.0240107$ & $0.00714166$ & $0.0123055$ & $0.0010626$ & $-0.0711182$ & $-0.00633951$ & $-0.0407488$ & $0.0232281$ & $0.0394662$ & $0.111385$ & $-0.0138791$ & $1$ & $-0.178871$ & $0.249761$ & $0.0336693$ & $-0.204535$ & $0.00286595$ & $0.39079$ & $-0.00774123$ & $-0.11386$ & $0.0282415$ & $-0.0283553$ & $-0.154284$ & $0.165087$ & $0.205129$ & $0.375203$ \\
eHggpar & $0.323052$ & $-0.0637419$ & $-0.0103276$ & $-0.0104895$ & $-0.0439795$ & $0.0141306$ & $-0.0904692$ & $-0.013586$ & $-0.0163953$ & $0.0440792$ & $0.0166992$ & $0.0300529$ & $0.00952846$ & $0.00103649$ & $-0.0250661$ & $-0.00310463$ & $-0.0142009$ & $0.0121711$ & $-0.00829132$ & $-0.0215802$ & $-0.0179453$ & $-0.0250171$ & $0.0127149$ & $-0.00459907$ & $-0.0269625$ & $-0.0123136$ & $-0.0135187$ & $0.0205235$ & $-0.000108206$ & $-0.03408$ & $-0.0210457$ & $-0.0815763$ & $-0.140625$ & $0.0057707$ & $-0.178871$ & $1$ & $0.0307225$ & $-0.0107488$ & $0.107347$ & $-0.0179879$ & $0.0146392$ & $-0.0314414$ & $0.223704$ & $-0.0426254$ & $-0.0681771$ & $0.38165$ & $-0.0221667$ & $-0.342234$ & $-0.126344$ \\
eHWWint & $-0.0583067$ & $0.00748775$ & $-0.150367$ & $0.0396433$ & $0.00374422$ & $0.00768554$ & $0.0134822$ & $-0.0252752$ & $-0.040794$ & $0.0410419$ & $0.0336716$ & $0.0564747$ & $-0.00807554$ & $-0.0316012$ & $-0.00559189$ & $0.00494201$ & $-0.0108904$ & $-0.0154658$ & $-0.0247338$ & $-0.036638$ & $-0.0329157$ & $-0.0427349$ & $-0.0084189$ & $0.0148532$ & $-0.0221438$ & $0.0147594$ & $-0.0283068$ & $-0.0277652$ & $-0.00555877$ & $-0.0997596$ & $-0.0721266$ & $0.0149864$ & $-0.139339$ & $-0.0131997$ & $0.249761$ & $0.0307225$ & $1$ & $-0.0270188$ & $-0.1553$ & $0.0319591$ & $-0.0029969$ & $-0.0567086$ & $-0.135809$ & $0.11829$ & $0.0929322$ & $-0.00152054$ & $-0.106798$ & $-0.127384$ & $-0.0173221$ \\
eHWWpar & $-0.0131191$ & $-0.0881146$ & $0.0588514$ & $-0.0955943$ & $-0.0244314$ & $0.0325073$ & $-0.02587$ & $0.00143146$ & $-0.00296606$ & $0.000213421$ & $-0.00760764$ & $-0.00680243$ & $0.0113416$ & $0.0144899$ & $-0.0123146$ & $0.00826287$ & $0.0110909$ & $0.0236548$ & $0.0126317$ & $0.00834484$ & $0.00641148$ & $0.0117028$ & $0.00226329$ & $-0.00285843$ & $0.0244574$ & $0.0123059$ & $0.014975$ & $0.00304066$ & $-0.0476996$ & $-0.00668669$ & $0.0169054$ & $-0.0241084$ & $-0.0235328$ & $0.00807754$ & $0.0336693$ & $-0.0107488$ & $-0.0270188$ & $1$ & $0.0955387$ & $0.000394453$ & $0.0790645$ & $-0.0363649$ & $0.0246238$ & $0.0744488$ & $0.0462254$ & $0.0640226$ & $0.109229$ & $0.0471281$ & $-0.0230485$ \\
eHZZint & $0.0617719$ & $-0.118269$ & $-0.180399$ & $-0.00375216$ & $0.024202$ & $-0.0513474$ & $-0.0367414$ & $0.0139333$ & $0.00272024$ & $-0.00386597$ & $-0.0259961$ & $-0.0622963$ & $0.0134958$ & $0.00619772$ & $0.00277388$ & $0.00959087$ & $0.0437308$ & $0.0227241$ & $0.020036$ & $0.019762$ & $0.0231339$ & $0.0347796$ & $-0.00804743$ & $-0.0134318$ & $0.0461742$ & $0.0127714$ & $0.0370121$ & $0.0803818$ & $-0.0167043$ & $-0.0552134$ & $-0.0401304$ & $-0.046232$ & $-0.0299431$ & $0.0186544$ & $-0.204535$ & $0.107347$ & $-0.1553$ & $0.0955387$ & $1$ & $0.0166155$ & $0.022066$ & $-0.0305495$ & $-0.174061$ & $-0.13056$ & $-0.0320076$ & $0.266347$ & $0.0651817$ & $0.00374694$ & $0.0343552$ \\
eHZZpar & $-0.0294856$ & $-0.0755466$ & $0.00567981$ & $0.0843681$ & $-0.0301879$ & $-0.0054837$ & $0.0044883$ & $0.0443479$ & $0.0410153$ & $-0.00368803$ & $-0.0496651$ & $-0.0072207$ & $0.00922784$ & $0.0304431$ & $0.0141194$ & $0.00928022$ & $0.0109139$ & $0.00045127$ & $0.00675863$ & $0.0468745$ & $0.0497843$ & $0.0527011$ & $-0.00964859$ & $-0.0206366$ & $0.00305702$ & $-0.0225247$ & $0.01389$ & $0.0239257$ & $0.0130059$ & $-0.00985315$ & $0.0121837$ & $0.000828842$ & $-0.0103621$ & $0.0196133$ & $0.00286595$ & $-0.0179879$ & $0.0319591$ & $0.000394453$ & $0.0166155$ & $1$ & $-0.0650479$ & $0.02537$ & $-0.0269984$ & $0.0250578$ & $0.0248243$ & $-0.00897594$ & $-0.0241538$ & $-0.00186692$ & $-0.0247135$ \\
eHZgaint & $0.034412$ & $0.127109$ & $0.15204$ & $-0.245243$ & $0.00199176$ & $0.0476484$ & $-0.0588617$ & $-0.028524$ & $-0.0274336$ & $-0.0291071$ & $0.0255731$ & $-0.000871811$ & $-0.00902672$ & $-0.00614627$ & $-0.0303163$ & $-0.0152987$ & $0.00488423$ & $0.0258522$ & $0.0113388$ & $-0.0227511$ & $-0.0235871$ & $-0.0269556$ & $-0.00538304$ & $0.02884$ & $0.0102405$ & $0.0205841$ & $0.00602652$ & $-0.00956214$ & $0.0272169$ & $0.0318394$ & $0.0347137$ & $-0.0318211$ & $0.0793682$ & $0.00653708$ & $0.39079$ & $0.0146392$ & $-0.0029969$ & $0.0790645$ & $0.022066$ & $-0.0650479$ & $1$ & $-0.110912$ & $0.0812448$ & $0.125319$ & $0.204475$ & $-0.00440201$ & $0.165904$ & $0.233249$ & $0.150416$ \\
eHZgapar & $0.0274101$ & $0.0335945$ & $-0.0445872$ & $0.0592645$ & $-0.00265504$ & $-0.00568568$ & $0.0453413$ & $-0.0469278$ & $-0.0451829$ & $0.010103$ & $0.0390728$ & $-0.00451058$ & $-0.0102465$ & $-0.0171247$ & $-0.00424641$ & $-0.0227292$ & $0.0202159$ & $0.0167876$ & $0.0302185$ & $-0.034625$ & $-0.0401447$ & $-0.044065$ & $-0.0202049$ & $0.028256$ & $-0.00312426$ & $0.0248696$ & $-0.0446228$ & $-0.0526483$ & $0.0295432$ & $0.0145092$ & $-0.0128872$ & $0.0542732$ & $0.00601032$ & $-0.0284542$ & $-0.00774123$ & $-0.0314414$ & $-0.0567086$ & $-0.0363649$ & $-0.0305495$ & $0.02537$ & $-0.110912$ & $1$ & $0.0553197$ & $-0.0379004$ & $-0.0363948$ & $-0.0218669$ & $-0.0164518$ & $-0.0292084$ & $0.0130351$ \\
eHgagaint & $0.0641917$ & $0.104161$ & $-0.0419266$ & $-0.249477$ & $-0.0130316$ & $0.0122501$ & $0.0322093$ & $0.00595072$ & $0.0515415$ & $-0.00134844$ & $0.00537267$ & $0.0109334$ & $0.0257101$ & $-0.0168757$ & $0.0133242$ & $-0.00669081$ & $-0.0278835$ & $-0.0333888$ & $-0.0185949$ & $-0.00390948$ & $-0.00524117$ & $-0.00548078$ & $-0.0172427$ & $-0.00568899$ & $-0.0457158$ & $0.00120585$ & $-0.0154693$ & $-0.0385282$ & $0.0094418$ & $0.0914487$ & $0.0982036$ & $0.0509988$ & $-0.0420809$ & $-0.00343651$ & $-0.11386$ & $0.223704$ & $-0.135809$ & $0.0246238$ & $-0.174061$ & $-0.0269984$ & $0.0812448$ & $0.0553197$ & $1$ & $-0.0904503$ & $0.385645$ & $0.00787613$ & $0.026809$ & $-0.0444135$ & $-0.323548$ \\
eHmumuint & $-0.0473634$ & $0.0120496$ & $0.0125638$ & $0.140399$ & $-0.0634747$ & $0.00921438$ & $-0.0158142$ & $0.00174817$ & $-0.000435717$ & $0.00949611$ & $-0.0153594$ & $0.017677$ & $-0.000490269$ & $0.0366075$ & $0.00923732$ & $0.00388066$ & $0.0160394$ & $0.0182752$ & $0.0214795$ & $0.0181135$ & $0.0149948$ & $0.0086194$ & $-0.00768987$ & $0.0308823$ & $0.02732$ & $0.00577445$ & $0.0100423$ & $-0.00279476$ & $0.000964275$ & $0.0266695$ & $0.0616808$ & $-0.0011518$ & $-0.0131935$ & $-0.0120795$ & $0.0282415$ & $-0.0426254$ & $0.11829$ & $0.0744488$ & $-0.13056$ & $0.0250578$ & $0.125319$ & $-0.0379004$ & $-0.0904503$ & $1$ & $0.0332145$ & $-0.0578345$ & $0.116549$ & $-0.0209568$ & $0.00083111$ \\
eHtautauint & $0.0318566$ & $-0.0353762$ & $0.0906018$ & $0.0971803$ & $0.00695982$ & $-0.0264414$ & $0.0180377$ & $0.0334814$ & $0.0512634$ & $-0.0270419$ & $-0.0211954$ & $-0.0287372$ & $0.0279196$ & $-0.0234645$ & $-0.00215235$ & $-0.000752028$ & $-0.00909858$ & $-0.022996$ & $-0.0173302$ & $0.0165112$ & $0.0235443$ & $0.0298327$ & $0.0140669$ & $-0.0337541$ & $-0.00655774$ & $-0.00357876$ & $0.0480732$ & $0.0032685$ & $0.00361354$ & $0.0685904$ & $0.0718095$ & $0.022923$ & $0.0374308$ & $0.0335443$ & $-0.0283553$ & $-0.0681771$ & $0.0929322$ & $0.0462254$ & $-0.0320076$ & $0.0248243$ & $0.204475$ & $-0.0363948$ & $0.385645$ & $0.0332145$ & $1$ & $0.247363$ & $0.0144727$ & $0.168773$ & $-0.00541532$ \\
eHccint & $0.0451601$ & $-0.270995$ & $-0.0467259$ & $0.130821$ & $-0.0315304$ & $-0.0213507$ & $0.0104002$ & $0.00801844$ & $0.00517278$ & $0.00265056$ & $0.00534132$ & $-0.0376171$ & $0.0237838$ & $-0.0224116$ & $-0.0555014$ & $-0.0331605$ & $-0.00984254$ & $0.0167382$ & $-0.00118347$ & $-0.0180764$ & $-0.00221199$ & $-0.00430023$ & $0.00630776$ & $-0.0427182$ & $0.00372379$ & $0.0158294$ & $0.04038$ & $-0.0126684$ & $0.0160638$ & $-0.00733056$ & $0.0756204$ & $0.0109845$ & $-0.0488198$ & $0.0484252$ & $-0.154284$ & $0.38165$ & $-0.00152054$ & $0.0640226$ & $0.266347$ & $-0.00897594$ & $-0.00440201$ & $-0.0218669$ & $0.00787613$ & $-0.0578345$ & $0.247363$ & $1$ & $0.202284$ & $-0.101334$ & $-0.042207$ \\
eHccpar & $0.195016$ & $-0.0914337$ & $-0.00936947$ & $-0.281166$ & $0.016396$ & $0.00950174$ & $0.00595213$ & $-0.0370532$ & $-0.0362912$ & $0.0217355$ & $0.0390496$ & $0.00853837$ & $0.0158562$ & $-0.00526401$ & $-0.0221356$ & $-0.0532701$ & $-0.00388379$ & $0.011535$ & $0.0274228$ & $-0.0422184$ & $-0.0388025$ & $-0.0463866$ & $-0.00022258$ & $0.0070575$ & $0.00735874$ & $0.0255546$ & $-0.000577275$ & $0.0120727$ & $0.00236556$ & $0.0274051$ & $0.311216$ & $0.0222406$ & $0.137794$ & $-0.0184653$ & $0.165087$ & $-0.0221667$ & $-0.106798$ & $0.109229$ & $0.0651817$ & $-0.0241538$ & $0.165904$ & $-0.0164518$ & $0.026809$ & $0.116549$ & $0.0144727$ & $0.202284$ & $1$ & $0.386079$ & $0.272522$ \\
eHbbint & $0.0477289$ & $-0.10795$ & $-0.0331056$ & $-0.191458$ & $-0.0159651$ & $-0.00745642$ & $-0.00535553$ & $-0.0165847$ & $-0.020558$ & $-0.0241434$ & $0.033772$ & $-0.00358165$ & $0.00150428$ & $-0.0391076$ & $-0.0231316$ & $-0.0473942$ & $-0.0326103$ & $-0.0212778$ & $0.000204273$ & $-0.0371771$ & $-0.0322896$ & $-0.0334848$ & $0.027862$ & $-0.0255966$ & $-0.00238001$ & $0.00934719$ & $0.0280605$ & $-0.0476685$ & $-0.00697898$ & $0.0278721$ & $0.122471$ & $-0.00483299$ & $0.216638$ & $-0.00417536$ & $0.205129$ & $-0.342234$ & $-0.127384$ & $0.0471281$ & $0.00374694$ & $-0.00186692$ & $0.233249$ & $-0.0292084$ & $-0.0444135$ & $-0.0209568$ & $0.168773$ & $-0.101334$ & $0.386079$ & $1$ & $0.255274$ \\
eHbbpar & $0.172342$ & $0.108971$ & $0.220627$ & $-0.157024$ & $0.00574283$ & $-0.00349625$ & $-0.0369851$ & $-0.0369444$ & $-0.052762$ & $-0.0144519$ & $0.0552846$ & $0.00518726$ & $-0.0112018$ & $-0.0490481$ & $-0.0313249$ & $-0.0183031$ & $-0.0391577$ & $-0.0127677$ & $-0.0284299$ & $-0.0545743$ & $-0.0526503$ & $-0.0605423$ & $0.0510829$ & $-0.0187728$ & $-0.0273126$ & $-0.00340954$ & $-0.00443437$ & $-0.0018934$ & $0.0145702$ & $-0.0194495$ & $0.0674415$ & $-0.0280376$ & $0.313491$ & $-0.000103157$ & $0.375203$ & $-0.126344$ & $-0.0173221$ & $-0.0230485$ & $0.0343552$ & $-0.0247135$ & $0.150416$ & $0.0130351$ & $-0.323548$ & $0.00083111$ & $-0.00541532$ & $-0.042207$ & $0.272522$ & $0.255274$ & $1$ \\
