-20.0 -0.3984580447673191 eeZH_FCCee240 0.9308721675241853
-20.0 -0.3984580447673191 eeZH_FCCee365 0.8425432933219613
-19.2 -0.3876013209775334 eeZH_FCCee240 0.9393159722181923
-19.2 -0.3876013209775334 eeZH_FCCee365 0.8533586623201589
-18.4 -0.37677074273467387 eeZH_FCCee240 0.9471912914864536
-18.4 -0.37677074273467387 eeZH_FCCee365 0.863744708515136
-17.6 -0.3667661281905135 eeZH_FCCee240 0.954408527083099
-17.6 -0.3667661281905135 eeZH_FCCee365 0.8736075025413748
-16.8 -0.3567615136463531 eeZH_FCCee240 0.9610702777895032
-16.8 -0.3567615136463531 eeZH_FCCee365 0.8830432317164544
-16.0 -0.3465766288347747 eeZH_FCCee240 0.9672031887023711
-16.0 -0.3465766288347747 eeZH_FCCee365 0.8920728648583112
-15.2 -0.33577303032588296 eeZH_FCCee240 0.972864889363241
-15.2 -0.33577303032588296 eeZH_FCCee365 0.9007479240583153
-14.399999999999999 -0.32496943181699117 eeZH_FCCee240 0.9779870936989735
-14.399999999999999 -0.32496943181699117 eeZH_FCCee365 0.9089955821379337
-13.6 -0.31416583330809944 eeZH_FCCee240 0.982574986154902
-13.6 -0.31416583330809944 eeZH_FCCee365 0.916815616438306
-12.8 -0.30273063440343445 eeZH_FCCee240 0.9867095769598718
-12.8 -0.30273063440343445 eeZH_FCCee365 0.9242825779560825
-12.0 -0.29111875978242907 eeZH_FCCee240 0.9903418004881437
-12.0 -0.29111875978242907 eeZH_FCCee365 0.9313426865170218
-11.2 -0.27950688516142375 eeZH_FCCee240 0.9934556698027273
-11.2 -0.27950688516142375 eeZH_FCCee365 0.9379748402930697
-10.399999999999999 -0.2673068127012235 eeZH_FCCee240 0.9961274213604245
-10.399999999999999 -0.2673068127012235 eeZH_FCCee365 0.9442488198656714
-9.6 -0.25490584922091764 eeZH_FCCee240 0.9983157830766934
-9.6 -0.25490584922091764 eeZH_FCCee365 0.9501185956556594
-8.799999999999999 -0.2425048857406118 eeZH_FCCee240 1.000001708294316
-8.799999999999999 -0.2425048857406118 eeZH_FCCee365 0.9555600788250511
-8.0 -0.2289933981578936 eeZH_FCCee240 1.001325338718299
-8.0 -0.2289933981578936 eeZH_FCCee365 0.9607059085476172
-7.199999999999999 -0.21511796159263707 eeZH_FCCee240 1.002201726457847
-7.199999999999999 -0.21511796159263707 eeZH_FCCee365 0.9654670832647141
-6.399999999999999 -0.20124252502738052 eeZH_FCCee240 1.002591887257033
-6.399999999999999 -0.20124252502738052 eeZH_FCCee365 0.9697999149807301
-5.6 -0.187367088462124 eeZH_FCCee240 1.00250098234879
-5.6 -0.187367088462124 eeZH_FCCee365 0.9737041820337192
-4.799999999999999 -0.17138860766749373 eeZH_FCCee240 1.002191741470169
-4.799999999999999 -0.17138860766749373 eeZH_FCCee365 0.9774330240380185
-4.0 -0.15346710125541657 eeZH_FCCee240 1.001651129181282
-4.0 -0.15346710125541657 eeZH_FCCee365 0.9809682258884072
-3.1999999999999993 -0.13554559484333936 eeZH_FCCee240 1.000646753601495
-3.1999999999999993 -0.13554559484333936 eeZH_FCCee365 0.9840758896666353
-2.3999999999999986 -0.11762408843126215 eeZH_FCCee240 0.9991837454954146
-2.3999999999999986 -0.11762408843126215 eeZH_FCCee365 0.9867557950192946
-1.5999999999999979 -0.08945379660487927 eeZH_FCCee240 0.9985316200312092
-1.5999999999999979 -0.08945379660487927 eeZH_FCCee365 0.9902509852434583
-0.7999999999999972 -0.060143608051045204 eeZH_FCCee240 0.9975764486665856
-0.7999999999999972 -0.060143608051045204 eeZH_FCCee365 0.993460767776495
0.0 -0.030833419497211252 eeZH_FCCee240 0.9961828991912657
0.0 -0.030833419497211252 eeZH_FCCee365 0.9962468844834429
