-0.15124920344240628 -0.03637484783660392 eeZH_FCCee240 0.9964797421534037
-0.15124920344240628 -0.03637484783660392 eeZH_FCCee365 0.9957526245453704
-2.3199277519022674 -0.11583031929662099 eeZH_FCCee240 0.9990324489482699
-2.3199277519022674 -0.11583031929662099 eeZH_FCCee365 0.986999602154823
-5.215819658877372 -0.18070375102104197 eeZH_FCCee240 1.002521468560112
-5.215819658877372 -0.18070375102104197 eeZH_FCCee365 0.9754166915947838
-8.602533400573803 -0.23944391563053125 eeZH_FCCee240 1.001397639115424
-8.602533400573803 -0.23944391563053125 eeZH_FCCee365 0.9567919122256172
-10.996331155623002 -0.2765506638050353 eeZH_FCCee240 0.9963798892435786
-10.996331155623002 -0.2765506638050353 eeZH_FCCee365 0.9394998531757079
-13.425133304134524 -0.3118043463397156 eeZH_FCCee240 0.98754453394886
-13.425133304134524 -0.3118043463397156 eeZH_FCCee365 0.9182945781298424
-16.18049950975283 -0.34901418412780144 eeZH_FCCee240 0.9729327107002523
-16.18049950975283 -0.34901418412780144 eeZH_FCCee365 0.8897523311545068
-18.42454666188437 -0.37707771759779757 eeZH_FCCee240 0.9574307490342168
-18.42454666188437 -0.37707771759779757 eeZH_FCCee365 0.8629856854648664
-20.059144831095512 -0.39926069363581607 eeZH_FCCee240 0.9437450699611161
-20.059144831095512 -0.39926069363581607 eeZH_FCCee365 0.8411461467429291
