-20.0 -0.3984580447673191 eeZH_FCCee240 0.9488115872749475
-20.0 -0.3984580447673191 eeZH_FCCee365 0.8434897554327141
-19.2 -0.3876013209775334 eeZH_FCCee240 0.9553504187189371
-19.2 -0.3876013209775334 eeZH_FCCee365 0.8542520052668366
-18.4 -0.37677074273467387 eeZH_FCCee240 0.9614594372560498
-18.4 -0.37677074273467387 eeZH_FCCee365 0.8645844964502112
-17.6 -0.3667661281905135 eeZH_FCCee240 0.9670432554723982
-17.6 -0.3667661281905135 eeZH_FCCee365 0.8743935013176247
-16.8 -0.3567615136463531 eeZH_FCCee240 0.9722000190600087
-16.8 -0.3567615136463531 eeZH_FCCee365 0.8837754515563
-16.0 -0.3465766288347747 eeZH_FCCee240 0.9769512985228542
-16.0 -0.3465766288347747 eeZH_FCCee365 0.8927515435810046
-15.2 -0.33577303032588296 eeZH_FCCee240 0.9813497598179302
-15.2 -0.33577303032588296 eeZH_FCCee365 0.901373533509541
-14.399999999999999 -0.32496943181699117 eeZH_FCCee240 0.9853214983372718
-14.399999999999999 -0.32496943181699117 eeZH_FCCee365 0.9095688006623429
-13.6 -0.31416583330809944 eeZH_FCCee240 0.9888665140808787
-13.6 -0.31416583330809944 eeZH_FCCee365 0.9173373450394104
-12.8 -0.30273063440343445 eeZH_FCCee240 0.9920609066577075
-12.8 -0.30273063440343445 eeZH_FCCee365 0.9247539555793716
-12.0 -0.29111875978242907 eeZH_FCCee240 0.9948501624829831
-12.0 -0.29111875978242907 eeZH_FCCee365 0.9317650627378332
-11.2 -0.27950688516142375 eeZH_FCCee240 0.9972130311137172
-11.2 -0.27950688516142375 eeZH_FCCee365 0.9383497827017536
-10.399999999999999 -0.2673068127012235 eeZH_FCCee240 0.9992207489218485
-10.399999999999999 -0.2673068127012235 eeZH_FCCee365 0.9445781312398858
-9.6 -0.25490584922091764 eeZH_FCCee240 1.000826695155992
-9.6 -0.25490584922091764 eeZH_FCCee365 0.9504042913235131
-8.799999999999999 -0.2425048857406118 eeZH_FCCee240 1.002006581683254
-8.799999999999999 -0.2425048857406118 eeZH_FCCee365 0.9558043917002601
-8.0 -0.2289933981578936 eeZH_FCCee240 1.002895594677487
-8.0 -0.2289933981578936 eeZH_FCCee365 0.9609113140315049
-7.199999999999999 -0.21511796159263707 eeZH_FCCee240 1.003403388271672
-7.199999999999999 -0.21511796159263707 eeZH_FCCee365 0.9656362617112237
-6.399999999999999 -0.20124252502738052 eeZH_FCCee240 1.003485733757615
-6.399999999999999 -0.20124252502738052 eeZH_FCCee365 0.9699357612827005
-5.6 -0.187367088462124 eeZH_FCCee240 1.003142631135316
-5.6 -0.187367088462124 eeZH_FCCee365 0.9738098127459353
-4.799999999999999 -0.17138860766749373 eeZH_FCCee240 1.002631831589119
-4.799999999999999 -0.17138860766749373 eeZH_FCCee365 0.9775118031371681
-4.0 -0.15346710125541657 eeZH_FCCee240 1.001934996664217
-4.0 -0.15346710125541657 eeZH_FCCee365 0.9810237260654209
-3.1999999999999993 -0.13554559484333936 eeZH_FCCee240 1.000814389649122
-3.1999999999999993 -0.13554559484333936 eeZH_FCCee365 0.9841118769034803
-2.3999999999999986 -0.11762408843126215 eeZH_FCCee240 0.9992700105438337
-2.3999999999999986 -0.11762408843126215 eeZH_FCCee365 0.9867762556513467
-1.5999999999999979 -0.08945379660487927 eeZH_FCCee240 0.9985664366518147
-1.5999999999999979 -0.08945379660487927 eeZH_FCCee365 0.9902601717680802
-0.7999999999999972 -0.060143608051045204 eeZH_FCCee240 0.9975842048786724
-0.7999999999999972 -0.060143608051045204 eeZH_FCCee365 0.9934630645383934
0.0 -0.030833419497211252 eeZH_FCCee240 0.9961829008312458
0.0 -0.030833419497211252 eeZH_FCCee365 0.9962468850344223
