-0.15124920344240628 -0.03637484783660392 eeZH_FCCee240 0.9964797377292222
-0.15124920344240628 -0.03637484783660392 eeZH_FCCee365 0.9957526247353778
-2.3199277519022674 -0.11583031929662099 eeZH_FCCee240 0.9990122606556202
-2.3199277519022674 -0.11583031929662099 eeZH_FCCee365 0.9870004691911102
-5.215819658877372 -0.18070375102104197 eeZH_FCCee240 1.002287863256624
-5.215819658877372 -0.18070375102104197 eeZH_FCCee365 0.9754267243537957
-8.602533400573803 -0.23944391563053125 eeZH_FCCee240 1.000341131892403
-8.602533400573803 -0.23944391563053125 eeZH_FCCee365 0.9568372865480518
-10.996331155623002 -0.2765506638050353 eeZH_FCCee240 0.9941662578100124
-10.996331155623002 -0.2765506638050353 eeZH_FCCee365 0.9395949230665986
-13.425133304134524 -0.3118043463397156 eeZH_FCCee240 0.9835071735635936
-13.425133304134524 -0.3118043463397156 eeZH_FCCee365 0.918467972582728
-16.18049950975283 -0.34901418412780144 eeZH_FCCee240 0.9658506455006735
-16.18049950975283 -0.34901418412780144 eeZH_FCCee365 0.8900564880053697
-18.42454666188437 -0.37707771759779757 eeZH_FCCee240 0.9469610035809072
-18.42454666188437 -0.37707771759779757 eeZH_FCCee365 0.8634353346444029
-20.059144831095512 -0.39926069363581607 eeZH_FCCee240 0.930225320719384
-20.059144831095512 -0.39926069363581607 eeZH_FCCee365 0.8417267858980255
