-20.0 -0.3984580447673191 eeZH_FCCee240 0.946490332327979
-20.0 -0.3984580447673191 eeZH_FCCee365 0.8621658510650742
-19.2 -0.3876013209775334 eeZH_FCCee240 0.9522142472074236
-19.2 -0.3876013209775334 eeZH_FCCee365 0.8703390811321796
-18.4 -0.37677074273467387 eeZH_FCCee240 0.9576765670197915
-18.4 -0.37677074273467387 eeZH_FCCee365 0.8783405426680564
-17.6 -0.3667661281905135 eeZH_FCCee240 0.962767027529692
-17.6 -0.3667661281905135 eeZH_FCCee365 0.886068600087913
-16.8 -0.3567615136463531 eeZH_FCCee240 0.9675702002344554
-16.8 -0.3567615136463531 eeZH_FCCee365 0.8935976847745537
-16.0 -0.3465766288347747 eeZH_FCCee240 0.9720943526727593
-16.0 -0.3465766288347747 eeZH_FCCee365 0.9009334837456657
-15.2 -0.33577303032588296 eeZH_FCCee240 0.9763798524322365
-15.2 -0.33577303032588296 eeZH_FCCee365 0.9081111828221436
-14.399999999999999 -0.32496943181699117 eeZH_FCCee240 0.9803385944104792
-14.399999999999999 -0.32496943181699117 eeZH_FCCee365 0.915048212776101
-13.6 -0.31416583330809944 eeZH_FCCee240 0.9839576419268576
-13.6 -0.31416583330809944 eeZH_FCCee365 0.9217302538027642
-12.8 -0.30273063440343445 eeZH_FCCee240 0.987302410144848
-12.8 -0.30273063440343445 eeZH_FCCee365 0.9282153741582759
-12.0 -0.29111875978242907 eeZH_FCCee240 0.9903051948396672
-12.0 -0.29111875978242907 eeZH_FCCee365 0.9344386464755393
-11.2 -0.27950688516142375 eeZH_FCCee240 0.992932588123399
-11.2 -0.27950688516142375 eeZH_FCCee365 0.9403662112919179
-10.399999999999999 -0.2673068127012235 eeZH_FCCee240 0.9952466954074594
-10.399999999999999 -0.2673068127012235 eeZH_FCCee365 0.9460531660280026
-9.6 -0.25490584922091764 eeZH_FCCee240 0.997189218452975
-9.6 -0.25490584922091764 eeZH_FCCee365 0.951442200217352
-8.799999999999999 -0.2425048857406118 eeZH_FCCee240 0.9987253813175919
-8.799999999999999 -0.2425048857406118 eeZH_FCCee365 0.9564973436599608
-8.0 -0.2289933981578936 eeZH_FCCee240 0.9999849755661714
-8.0 -0.2289933981578936 eeZH_FCCee365 0.9613379134331322
-7.199999999999999 -0.21511796159263707 eeZH_FCCee240 1.000866688283623
-7.199999999999999 -0.21511796159263707 eeZH_FCCee365 0.9658653182473693
-6.399999999999999 -0.20124252502738052 eeZH_FCCee240 1.001317509714318
-6.399999999999999 -0.20124252502738052 eeZH_FCCee365 0.9700255646274856
-5.6 -0.187367088462124 eeZH_FCCee240 1.001330820314585
-5.6 -0.187367088462124 eeZH_FCCee365 0.973808250018274
-4.799999999999999 -0.17138860766749373 eeZH_FCCee240 1.001164158697557
-4.799999999999999 -0.17138860766749373 eeZH_FCCee365 0.9774567037085923
-4.0 -0.15346710125541657 eeZH_FCCee240 1.000792265943753
-4.0 -0.15346710125541657 eeZH_FCCee365 0.9809450780348824
-3.1999999999999993 -0.13554559484333936 eeZH_FCCee240 0.9999677289415199
-3.1999999999999993 -0.13554559484333936 eeZH_FCCee365 0.9840319501731425
-2.3999999999999986 -0.11762408843126215 eeZH_FCCee240 0.998687476678343
-2.3999999999999986 -0.11762408843126215 eeZH_FCCee365 0.9867097375091937
-1.5999999999999979 -0.08945379660487927 eeZH_FCCee240 0.998224575079431
-1.5999999999999979 -0.08945379660487927 eeZH_FCCee365 0.9902163524784625
-0.7999999999999972 -0.060143608051045204 eeZH_FCCee240 0.9974382018981798
-0.7999999999999972 -0.060143608051045204 eeZH_FCCee365 0.9934436362504685
0.0 -0.030833419497211252 eeZH_FCCee240 0.9961847789999203
0.0 -0.030833419497211252 eeZH_FCCee365 0.9962471202221066
