-0.15124920344240628 -0.03637484783660392 eeZH_FCCee240 0.9964575863485918
-0.15124920344240628 -0.03637484783660392 eeZH_FCCee365 0.995749835041434
-2.3199277519022674 -0.11583031929662099 eeZH_FCCee240 0.9985341619855629
-2.3199277519022674 -0.11583031929662099 eeZH_FCCee365 0.9869549723843494
-5.215819658877372 -0.18070375102104197 eeZH_FCCee240 1.001180018388566
-5.215819658877372 -0.18070375102104197 eeZH_FCCee365 0.9754877370489848
-8.602533400573803 -0.23944391563053125 eeZH_FCCee240 0.999040964658029
-8.602533400573803 -0.23944391563053125 eeZH_FCCee365 0.9576923271953294
-10.996331155623002 -0.2765506638050353 eeZH_FCCee240 0.9935401907882283
-10.996331155623002 -0.2765506638050353 eeZH_FCCee365 0.9418264382510501
-13.425133304134524 -0.3118043463397156 eeZH_FCCee240 0.9847022205187783
-13.425133304134524 -0.3118043463397156 eeZH_FCCee365 0.9231554770947248
-16.18049950975283 -0.34901418412780144 eeZH_FCCee240 0.9710836146937969
-16.18049950975283 -0.34901418412780144 eeZH_FCCee365 0.8992822197473337
-18.42454666188437 -0.37707771759779757 eeZH_FCCee240 0.9575159793015439
-18.42454666188437 -0.37707771759779757 eeZH_FCCee365 0.8781004267840655
-20.059144831095512 -0.39926069363581607 eeZH_FCCee240 0.9460572800502369
-20.059144831095512 -0.39926069363581607 eeZH_FCCee365 0.8615552744236954
