-0.15124920344240628 -0.03637484783660392 eeZH_FCCee240 0.9964862972525869
-0.15124920344240628 -0.03637484783660392 eeZH_FCCee365 0.9957590355138821
-2.3199277519022674 -0.11583031929662099 eeZH_FCCee240 1.000835841898492
-2.3199277519022674 -0.11583031929662099 eeZH_FCCee365 0.9887633428847562
-5.215819658877372 -0.18070375102104197 eeZH_FCCee240 1.01174744707008
-5.215819658877372 -0.18070375102104197 eeZH_FCCee365 0.9844398132996339
-8.602533400573803 -0.23944391563053125 eeZH_FCCee240 1.026628899967017
-8.602533400573803 -0.23944391563053125 eeZH_FCCee365 0.9814683990811589
-10.996331155623002 -0.2765506638050353 eeZH_FCCee240 1.037693597842874
-10.996331155623002 -0.2765506638050353 eeZH_FCCee365 0.9799051739086124
-13.425133304134524 -0.3118043463397156 eeZH_FCCee240 1.049216669153606
-13.425133304134524 -0.3118043463397156 eeZH_FCCee365 0.9786106932334212
-16.18049950975283 -0.34901418412780144 eeZH_FCCee240 1.062633704294167
-16.18049950975283 -0.34901418412780144 eeZH_FCCee365 0.9774810182926094
-18.42454666188437 -0.37707771759779757 eeZH_FCCee240 1.073838363270878
-18.42454666188437 -0.37707771759779757 eeZH_FCCee365 0.9768337796798865
-20.059144831095512 -0.39926069363581607 eeZH_FCCee240 1.081784470376492
-20.059144831095512 -0.39926069363581607 eeZH_FCCee365 0.9761503968250962
