-20.0 -0.3984580447673191 eeZH_FCCee240 0.9442723853802654
-20.0 -0.3984580447673191 eeZH_FCCee365 0.8419677877386148
-19.2 -0.3876013209775334 eeZH_FCCee240 0.9511679543298327
-19.2 -0.3876013209775334 eeZH_FCCee365 0.8528496495599016
-18.4 -0.37677074273467387 eeZH_FCCee240 0.9576191170869325
-18.4 -0.37677074273467387 eeZH_FCCee365 0.8632968596876248
-17.6 -0.3667661281905135 eeZH_FCCee240 0.9635306103114736
-17.6 -0.3667661281905135 eeZH_FCCee365 0.8732157320577852
-16.8 -0.3567615136463531 eeZH_FCCee240 0.9690004392543459
-16.8 -0.3567615136463531 eeZH_FCCee365 0.8827026512685189
-16.0 -0.3465766288347747 eeZH_FCCee240 0.9740501488912272
-16.0 -0.3465766288347747 eeZH_FCCee365 0.8917788051751061
-15.2 -0.33577303032588296 eeZH_FCCee240 0.9787323500477193
-15.2 -0.33577303032588296 eeZH_FCCee365 0.9004959314101173
-14.399999999999999 -0.32496943181699117 eeZH_FCCee240 0.9829732301283262
-14.399999999999999 -0.32496943181699117 eeZH_FCCee365 0.9087814401452259
-13.6 -0.31416583330809944 eeZH_FCCee240 0.9867727891330474
-13.6 -0.31416583330809944 eeZH_FCCee365 0.9166353313804317
-12.8 -0.30273063440343445 eeZH_FCCee240 0.9902070551735997
-12.8 -0.30273063440343445 eeZH_FCCee365 0.924132370081759
-12.0 -0.29111875978242907 eeZH_FCCee240 0.9932215763883544
-12.0 -0.29111875978242907 eeZH_FCCee365 0.9312190074002225
-11.2 -0.27950688516142375 eeZH_FCCee240 0.9957951235887389
-11.2 -0.27950688516142375 eeZH_FCCee365 0.9378743666492609
-10.399999999999999 -0.2673068127012235 eeZH_FCCee240 0.9979988790905939
-10.399999999999999 -0.2673068127012235 eeZH_FCCee365 0.9441684454729357
-9.6 -0.25490584922091764 eeZH_FCCee240 0.9997862675138232
-9.6 -0.25490584922091764 eeZH_FCCee365 0.9500554420552566
-8.799999999999999 -0.2425048857406118 eeZH_FCCee240 1.001133020613784
-8.799999999999999 -0.2425048857406118 eeZH_FCCee365 0.9555114918122611
-8.0 -0.2289933981578936 eeZH_FCCee240 1.002174246148745
-8.0 -0.2289933981578936 eeZH_FCCee365 0.9606694501130445
-7.199999999999999 -0.21511796159263707 eeZH_FCCee240 1.002819669309063
-7.199999999999999 -0.21511796159263707 eeZH_FCCee365 0.965440544176702
-6.399999999999999 -0.20124252502738052 eeZH_FCCee240 1.003025089667703
-6.399999999999999 -0.20124252502738052 eeZH_FCCee365 0.9697813100290243
-5.6 -0.187367088462124 eeZH_FCCee240 1.002790507224666
-5.6 -0.187367088462124 eeZH_FCCee365 0.9736917476700115
-4.799999999999999 -0.17138860766749373 eeZH_FCCee240 1.002373584317346
-4.799999999999999 -0.17138860766749373 eeZH_FCCee365 0.9774252143460443
-4.0 -0.15346710125541657 eeZH_FCCee240 1.001756032820892
-4.0 -0.15346710125541657 eeZH_FCCee365 0.9809637205414824
-3.1999999999999993 -0.13554559484333936 eeZH_FCCee240 1.000700211877834
-3.1999999999999993 -0.13554559484333936 eeZH_FCCee365 0.9840735937684014
-2.3999999999999986 -0.11762408843126215 eeZH_FCCee240 0.9992061214881724
-2.3999999999999986 -0.11762408843126215 eeZH_FCCee365 0.9867548340268015
-1.5999999999999979 -0.08945379660487927 eeZH_FCCee240 0.9985381959432225
-1.5999999999999979 -0.08945379660487927 eeZH_FCCee365 0.9902507028246111
-0.7999999999999972 -0.060143608051045204 eeZH_FCCee240 0.9975772519901536
-0.7999999999999972 -0.060143608051045204 eeZH_FCCee365 0.9934607332757723
0.0 -0.030833419497211252 eeZH_FCCee240 0.9961828991883479
0.0 -0.030833419497211252 eeZH_FCCee365 0.9962468844835682
