-20.0 -0.3984580447673191 eeZH_FCCee240 0.9477414753988105
-20.0 -0.3984580447673191 eeZH_FCCee365 0.8424196435565772
-19.2 -0.3876013209775334 eeZH_FCCee240 0.9543627104744367
-19.2 -0.3876013209775334 eeZH_FCCee365 0.8532642970223362
-18.4 -0.37677074273467387 eeZH_FCCee240 0.9605508340420758
-18.4 -0.37677074273467387 eeZH_FCCee365 0.8636758932362372
-17.6 -0.3667661281905135 eeZH_FCCee240 0.966210487421083
-17.6 -0.3667661281905135 eeZH_FCCee365 0.8735607332663092
-16.8 -0.3567615136463531 eeZH_FCCee240 0.9714397838481272
-16.8 -0.3567615136463531 eeZH_FCCee365 0.8830152163444185
-16.0 -0.3465766288347747 eeZH_FCCee240 0.9762602879017814
-16.0 -0.3465766288347747 eeZH_FCCee365 0.8920605329599317
-15.2 -0.33577303032588296 eeZH_FCCee240 0.9807246527001741
-15.2 -0.33577303032588296 eeZH_FCCee365 0.9007484263917849
-14.399999999999999 -0.32496943181699117 eeZH_FCCee240 0.9847589949657568
-14.399999999999999 -0.32496943181699117 eeZH_FCCee365 0.909006297290828
-13.6 -0.31416583330809944 eeZH_FCCee240 0.9883633146985297
-13.6 -0.31416583330809944 eeZH_FCCee365 0.9168341456570615
-12.8 -0.30273063440343445 eeZH_FCCee240 0.9916136948031504
-12.8 -0.30273063440343445 eeZH_FCCee365 0.9243067437248146
-12.0 -0.29111875978242907 eeZH_FCCee240 0.9944556360378674
-12.0 -0.29111875978242907 eeZH_FCCee365 0.9313705362927175
-11.2 -0.27950688516142375 eeZH_FCCee240 0.9968678929159456
-11.2 -0.27950688516142375 eeZH_FCCee365 0.938004644503982
-10.399999999999999 -0.2673068127012235 eeZH_FCCee240 0.9989216890847029
-10.399999999999999 -0.2673068127012235 eeZH_FCCee365 0.9442790714027403
-9.6 -0.25490584922091764 eeZH_FCCee240 1.00057041438149
-9.6 -0.25490584922091764 eeZH_FCCee365 0.9501480105490117
-8.799999999999999 -0.2425048857406118 eeZH_FCCee240 1.001789785341692
-8.799999999999999 -0.2425048857406118 eeZH_FCCee365 0.9555875953586984
-8.0 -0.2289933981578936 eeZH_FCCee240 1.002714969459114
-8.0 -0.2289933981578936 eeZH_FCCee365 0.9607306888131324
-7.199999999999999 -0.21511796159263707 eeZH_FCCee240 1.003255637570506
-7.199999999999999 -0.21511796159263707 eeZH_FCCee365 0.9654885110100577
-6.399999999999999 -0.20124252502738052 eeZH_FCCee240 1.003367567673314
-6.399999999999999 -0.20124252502738052 eeZH_FCCee365 0.9698175951983998
-5.6 -0.187367088462124 eeZH_FCCee240 1.003050759767539
-5.6 -0.187367088462124 eeZH_FCCee365 0.973717941378159
-4.799999999999999 -0.17138860766749373 eeZH_FCCee240 1.002562943145887
-4.799999999999999 -0.17138860766749373 eeZH_FCCee365 0.9774429146939362
-4.0 -0.15346710125541657 eeZH_FCCee240 1.001885790867626
-4.0 -0.15346710125541657 eeZH_FCCee365 0.9809745202688294
-3.1999999999999993 -0.13554559484333936 eeZH_FCCee240 1.000781589559123
-3.1999999999999993 -0.13554559484333936 eeZH_FCCee365 0.9840790768134815
-2.3999999999999986 -0.11762408843126215 eeZH_FCCee240 0.99925033922038
-2.3999999999999986 -0.11762408843126215 eeZH_FCCee365 0.9867565843278931
-1.5999999999999979 -0.08945379660487927 eeZH_FCCee240 0.9985565760133139
-1.5999999999999979 -0.08945379660487927 eeZH_FCCee365 0.9902503111295795
-0.7999999999999972 -0.060143608051045204 eeZH_FCCee240 0.9975809079331153
-0.7999999999999972 -0.060143608051045204 eeZH_FCCee365 0.9934597675928362
0.0 -0.030833419497211252 eeZH_FCCee240 0.9961829269812683
0.0 -0.030833419497211252 eeZH_FCCee365 0.9962469111844446
