-0.15124920344240628 -0.03637484783660392 eeZH_FCCee240 0.9964796052874717
-0.15124920344240628 -0.03637484783660392 eeZH_FCCee365 0.9957523435487668
-2.3199277519022674 -0.11583031929662099 eeZH_FCCee240 0.9990735650605858
-2.3199277519022674 -0.11583031929662099 eeZH_FCCee365 0.9870010660468501
-5.215819658877372 -0.18070375102104197 eeZH_FCCee240 1.002746238088468
-5.215819658877372 -0.18070375102104197 eeZH_FCCee365 0.9754386043180221
-8.602533400573803 -0.23944391563053125 eeZH_FCCee240 1.002024697613555
-8.602533400573803 -0.23944391563053125 eeZH_FCCee365 0.9568641967276967
-10.996331155623002 -0.2765506638050353 eeZH_FCCee240 0.997413399262833
-10.996331155623002 -0.2765506638050353 eeZH_FCCee365 0.9396249753285711
-13.425133304134524 -0.3118043463397156 eeZH_FCCee240 0.9890938882079571
-13.425133304134524 -0.3118043463397156 eeZH_FCCee365 0.9184879122877717
-16.18049950975283 -0.34901418412780144 eeZH_FCCee240 0.9751935611029128
-16.18049950975283 -0.34901418412780144 eeZH_FCCee365 0.890040875101355
-18.42454666188437 -0.37707771759779757 eeZH_FCCee240 0.9603703720697675
-18.42454666188437 -0.37707771759779757 eeZH_FCCee365 0.8633657884787764
-20.059144831095512 -0.39926069363581607 eeZH_FCCee240 0.9472348902790643
-20.059144831095512 -0.39926069363581607 eeZH_FCCee365 0.8416008167276683
