-20.0 -0.3984580447673191 eeZH_FCCee240 1.081496955578372
-20.0 -0.3984580447673191 eeZH_FCCee365 0.9761751237361386
-19.2 -0.3876013209775334 eeZH_FCCee240 1.077607996319621
-19.2 -0.3876013209775334 eeZH_FCCee365 0.9765095828675201
-18.4 -0.37677074273467387 eeZH_FCCee240 1.073715800349163
-18.4 -0.37677074273467387 eeZH_FCCee365 0.9768408595433241
-17.6 -0.3667661281905135 eeZH_FCCee240 1.069721353453136
-17.6 -0.3667661281905135 eeZH_FCCee365 0.977071599298363
-16.8 -0.3567615136463531 eeZH_FCCee240 1.06572690655711
-16.8 -0.3567615136463531 eeZH_FCCee365 0.9773023390534017
-16.0 -0.3465766288347747 eeZH_FCCee240 1.061754776382418
-16.0 -0.3465766288347747 eeZH_FCCee365 0.9775550214405686
-15.2 -0.33577303032588296 eeZH_FCCee240 1.057859240431312
-15.2 -0.33577303032588296 eeZH_FCCee365 0.9778830141229231
-14.399999999999999 -0.32496943181699117 eeZH_FCCee240 1.053963704480206
-14.399999999999999 -0.32496943181699117 eeZH_FCCee365 0.9782110068052775
-13.6 -0.31416583330809944 eeZH_FCCee240 1.0500681685291
-13.6 -0.31416583330809944 eeZH_FCCee365 0.978538999487632
-12.8 -0.30273063440343445 eeZH_FCCee240 1.04625082212211
-12.8 -0.30273063440343445 eeZH_FCCee365 0.9789438710437737
-12.0 -0.29111875978242907 eeZH_FCCee240 1.042455347445741
-12.0 -0.29111875978242907 eeZH_FCCee365 0.9793702477005909
-11.2 -0.27950688516142375 eeZH_FCCee240 1.038659872769372
-11.2 -0.27950688516142375 eeZH_FCCee365 0.9797966243574083
-10.399999999999999 -0.2673068127012235 eeZH_FCCee240 1.034937214578243
-10.399999999999999 -0.2673068127012235 eeZH_FCCee365 0.9802945968962802
-9.6 -0.25490584922091764 eeZH_FCCee240 1.031239425873238
-9.6 -0.25490584922091764 eeZH_FCCee365 0.98081702204076
-8.799999999999999 -0.2425048857406118 eeZH_FCCee240 1.027541637168234
-8.799999999999999 -0.2425048857406118 eeZH_FCCee365 0.9813394471852399
-8.0 -0.2289933981578936 eeZH_FCCee240 1.023981326802189
-8.0 -0.2289933981578936 eeZH_FCCee365 0.9819970461562065
-7.199999999999999 -0.21511796159263707 eeZH_FCCee240 1.020466071830688
-7.199999999999999 -0.21511796159263707 eeZH_FCCee365 0.9826989452702395
-6.399999999999999 -0.20124252502738052 eeZH_FCCee240 1.016950816859187
-6.399999999999999 -0.20124252502738052 eeZH_FCCee365 0.9834008443842724
-5.6 -0.187367088462124 eeZH_FCCee240 1.013435561887686
-5.6 -0.187367088462124 eeZH_FCCee365 0.9841027434983054
-4.799999999999999 -0.17138860766749373 eeZH_FCCee240 1.010180655184884
-4.799999999999999 -0.17138860766749373 eeZH_FCCee365 0.9850606267329328
-4.0 -0.15346710125541657 eeZH_FCCee240 1.007166287101515
-4.0 -0.15346710125541657 eeZH_FCCee365 0.9862550165027191
-3.1999999999999993 -0.13554559484333936 eeZH_FCCee240 1.004151919018147
-3.1999999999999993 -0.13554559484333936 eeZH_FCCee365 0.9874494062725052
-2.3999999999999986 -0.11762408843126215 eeZH_FCCee240 1.001137550934778
-2.3999999999999986 -0.11762408843126215 eeZH_FCCee365 0.9886437960422915
-1.5999999999999979 -0.08945379660487927 eeZH_FCCee240 0.9993919405416268
-1.5999999999999979 -0.08945379660487927 eeZH_FCCee365 0.9910856756578924
-0.7999999999999972 -0.060143608051045204 eeZH_FCCee240 0.9977874446982041
-0.7999999999999972 -0.060143608051045204 eeZH_FCCee365 0.9936663043579251
0.0 -0.030833419497211252 eeZH_FCCee240 0.9961829488547814
0.0 -0.030833419497211252 eeZH_FCCee365 0.9962469330579579
