-0.15124920344240628 -0.03637484783660392 eeZH_FCCee240 0.9964799589871572
-0.15124920344240628 -0.03637484783660392 eeZH_FCCee365 0.9957526972484525
-2.3199277519022674 -0.11583031929662099 eeZH_FCCee240 0.9990921027310049
-2.3199277519022674 -0.11583031929662099 eeZH_FCCee365 0.9870196037172694
-5.215819658877372 -0.18070375102104197 eeZH_FCCee240 1.002826651364272
-5.215819658877372 -0.18070375102104197 eeZH_FCCee365 0.9755190175938258
-8.602533400573803 -0.23944391563053125 eeZH_FCCee240 1.002232254861696
-8.602533400573803 -0.23944391563053125 eeZH_FCCee365 0.9570717539758379
-10.996331155623002 -0.2765506638050353 eeZH_FCCee240 0.9977464904585034
-10.996331155623002 -0.2765506638050353 eeZH_FCCee365 0.9399580665242415
-13.425133304134524 -0.3118043463397156 eeZH_FCCee240 0.9895845641895548
-13.425133304134524 -0.3118043463397156 eeZH_FCCee365 0.9189785882693695
-16.18049950975283 -0.34901418412780144 eeZH_FCCee240 0.9758998974036871
-16.18049950975283 -0.34901418412780144 eeZH_FCCee365 0.8907472114021291
-18.42454666188437 -0.37707771759779757 eeZH_FCCee240 0.9612813543765083
-18.42454666188437 -0.37707771759779757 eeZH_FCCee365 0.8642767707855171
-20.059144831095512 -0.39926069363581607 eeZH_FCCee240 0.9483112253296604
-20.059144831095512 -0.39926069363581607 eeZH_FCCee365 0.8426771517782645
