 & AlsMz & dAle5Mz & mtop & mHl & Mz & CW & CHG & CHWB & CHWHB_gaga & CHWHB_gagaorth & CHD & CHbox & CH & CHL1_11 & CHL1_22 & CHL1_33 & CHL3_11 & CHL3_22 & CHL3_33 & CHe_11 & CHe_22 & CHe_33 & CHQ1_11 & CHQ1_33 & CHQ3_11 & CHu_11 & CHd_11 & CHd_33 & CeH_22r & CeH_33r & CuH_22r & CuH_33r & CdH_33r & CLL_1221 & eHggint & eHggpar & eHWWint & eHWWpar & eHZZint & eHZZpar & eHZgaint & eHZgapar & eHgagaint & eHmumuint & eHtautauint & eHccint & eHccpar & eHbbint & eHbbpar \\
AlsMz & $1$ & $-0.0676282$ & $0.105778$ & $-0.0118025$ & $0.00385079$ & $-0.00323671$ & $-0.0200617$ & $0.000650461$ & $-0.00202615$ & $0.0149903$ & $-0.0214964$ & $-0.000105546$ & $0.0124041$ & $0.0320384$ & $0.0184977$ & $0.00954214$ & $0.0188164$ & $0.0146893$ & $0.017058$ & $0.0148476$ & $0.00788389$ & $0.00873981$ & $-0.00687961$ & $-0.0334969$ & $-0.0816056$ & $-0.0427664$ & $-0.040712$ & $0.0160407$ & $-0.00159092$ & $-0.0147488$ & $0.0245835$ & $-0.0104481$ & $0.0258616$ & $-0.0219718$ & $0.140786$ & $0.0142876$ & $0.0809418$ & $0.0150472$ & $0.173686$ & $0.00906996$ & $0.0209936$ & $-0.0134059$ & $0.00428865$ & $0.0340096$ & $0.0335049$ & $-0.143246$ & $0.0577614$ & $0.102225$ & $0.0696224$ \\
dAle5Mz & $-0.0676282$ & $1$ & $-0.0457407$ & $0.0356837$ & $0.0148272$ & $-0.00548308$ & $0.0455705$ & $-0.0579736$ & $-0.0518925$ & $0.0507638$ & $0.0379633$ & $0.0373879$ & $0.00333029$ & $-0.0095231$ & $-0.0019062$ & $-0.0133413$ & $0.0354834$ & $0.0169078$ & $0.0278112$ & $-0.0179521$ & $-0.0167234$ & $-0.0194004$ & $0.00103342$ & $0.0351019$ & $0.0259937$ & $0.00129092$ & $-0.00842564$ & $0.00479574$ & $-0.00929509$ & $0.0275268$ & $-0.0208806$ & $0.0668748$ & $0.0425705$ & $0.0111318$ & $0.0670327$ & $0.138747$ & $-0.17443$ & $-0.0146144$ & $0.0703178$ & $0.0191156$ & $0.0633686$ & $-0.00241585$ & $0.0518159$ & $-0.0527579$ & $-0.139202$ & $-0.114657$ & $-0.0604485$ & $0.0905979$ & $-0.0190601$ \\
mtop & $0.105778$ & $-0.0457407$ & $1$ & $-0.134633$ & $0.0192887$ & $0.0135313$ & $-0.0332553$ & $-0.0263517$ & $-0.0222821$ & $0.00886472$ & $0.0269447$ & $0.0145271$ & $0.0215796$ & $0.00367925$ & $0.00778531$ & $0.00796869$ & $0.00832878$ & $0.00622311$ & $0.00764552$ & $-0.0208971$ & $-0.0239706$ & $-0.0257033$ & $-0.0352541$ & $0.0214216$ & $-0.0125783$ & $0.032259$ & $-0.0417648$ & $-0.00813561$ & $0.0127174$ & $0.00410787$ & $0.0392387$ & $-0.044248$ & $0.118851$ & $-0.0298226$ & $-0.111206$ & $-0.0745649$ & $0.0373161$ & $-0.00220315$ & $0.0503686$ & $-0.0155232$ & $-0.0359317$ & $-0.0163729$ & $0.0100846$ & $0.0162375$ & $-0.249957$ & $0.0591164$ & $0.0969595$ & $0.0866724$ & $0.19288$ \\
mHl & $-0.0118025$ & $0.0356837$ & $-0.134633$ & $1$ & $0.0164408$ & $0.00473539$ & $0.0717249$ & $0.0109393$ & $0.00792735$ & $0.013753$ & $0.00225202$ & $-0.0296799$ & $-0.0549355$ & $-0.0110503$ & $-0.0169277$ & $-0.0280306$ & $-0.0336899$ & $-0.0148239$ & $-0.00852433$ & $-0.00428159$ & $0.000786568$ & $-0.00131269$ & $0.0287507$ & $-0.0177971$ & $-0.0121775$ & $-0.00513386$ & $0.0314238$ & $0.0204744$ & $0.00673476$ & $-0.00584367$ & $-0.00409398$ & $0.0789704$ & $0.0589535$ & $0.0185431$ & $0.0967874$ & $-0.0793185$ & $-0.0275821$ & $0.0478028$ & $-0.0923384$ & $0.000506824$ & $0.055707$ & $-0.0109104$ & $-0.131155$ & $-0.082367$ & $0.0760388$ & $0.027566$ & $-0.016847$ & $-0.0781822$ & $0.17625$ \\
Mz & $0.00385079$ & $0.0148272$ & $0.0192887$ & $0.0164408$ & $1$ & $-0.0317618$ & $-0.00547893$ & $0.00221392$ & $-0.00106932$ & $0.0157117$ & $-0.00112166$ & $0.0168406$ & $0.0169295$ & $0.0160939$ & $-0.0111343$ & $-0.002294$ & $0.0172211$ & $0.0186642$ & $0.0158319$ & $0.00861488$ & $0.0140899$ & $0.00975074$ & $0.0117729$ & $0.00562504$ & $0.0175956$ & $-0.0152418$ & $0.014349$ & $0.0267236$ & $-0.007735$ & $0.0122648$ & $0.00679465$ & $-0.00313079$ & $0.0151302$ & $0.00990273$ & $0.00352189$ & $-0.0161175$ & $-0.0150061$ & $0.0100925$ & $0.022518$ & $-0.00190457$ & $-0.0278903$ & $0.0160911$ & $-0.012477$ & $0.0259878$ & $-0.0317581$ & $6.29718e-05$ & $0.0138341$ & $0.00877066$ & $0.0148292$ \\
CW & $-0.00323671$ & $-0.00548308$ & $0.0135313$ & $0.00473539$ & $-0.0317618$ & $1$ & $0.0153394$ & $-0.146438$ & $-0.143652$ & $0.0446144$ & $0.212605$ & $0.00522897$ & $-0.0288396$ & $0.00643561$ & $-0.0983314$ & $-0.103436$ & $-0.263123$ & $-0.0456466$ & $-0.044917$ & $-0.211371$ & $-0.214413$ & $-0.215264$ & $-0.0140222$ & $-0.00130361$ & $-0.0905391$ & $0.129756$ & $-0.0890605$ & $-0.0664216$ & $0.00383292$ & $-0.0264083$ & $-0.0201116$ & $0.00941258$ & $-0.0328558$ & $-0.12677$ & $0.0122077$ & $0.0280205$ & $0.00133042$ & $0.0101133$ & $-0.00739807$ & $0.0105587$ & $-0.0114123$ & $-0.010756$ & $-0.000940044$ & $-0.00246033$ & $-0.034476$ & $-0.000560724$ & $-0.0131644$ & $0.0121953$ & $0.000212216$ \\
CHG & $-0.0200617$ & $0.0455705$ & $-0.0332553$ & $0.0717249$ & $-0.00547893$ & $0.0153394$ & $1$ & $-0.0907351$ & $-0.03495$ & $0.081276$ & $0.0802455$ & $-0.297854$ & $-0.415233$ & $-0.00578545$ & $-0.0340447$ & $-0.0227328$ & $0.0154616$ & $0.042261$ & $0.0355266$ & $-0.0749239$ & $-0.081101$ & $-0.0797197$ & $-0.00356804$ & $0.0614522$ & $0.0474067$ & $0.0538405$ & $-0.02083$ & $-0.051007$ & $-0.00383636$ & $-0.190473$ & $-0.11746$ & $0.94511$ & $-0.231145$ & $-0.0478813$ & $-0.00499808$ & $0.0133897$ & $0.0348834$ & $-0.0135656$ & $0.0134961$ & $0.0251617$ & $0.0206563$ & $0.0248888$ & $-0.00824199$ & $0.00699242$ & $0.0353675$ & $0.00416413$ & $-0.0338882$ & $0.0111805$ & $-0.0195004$ \\
CHWB & $0.000650461$ & $-0.0579736$ & $-0.0263517$ & $0.0109393$ & $0.00221392$ & $-0.146438$ & $-0.0907351$ & $1$ & $0.982907$ & $-0.556758$ & $-0.871395$ & $0.0128914$ & $0.188771$ & $0.0615397$ & $0.280823$ & $0.291007$ & $-0.259468$ & $-0.438238$ & $-0.448443$ & $0.84334$ & $0.888455$ & $0.873111$ & $0.0779317$ & $-0.679618$ & $-0.40733$ & $-0.506993$ & $0.44233$ & $0.335108$ & $-0.0122969$ & $0.0670785$ & $0.0482895$ & $-0.0885532$ & $0.0705199$ & $0.586131$ & $0.0164093$ & $-0.0136191$ & $0.000998184$ & $0.0149687$ & $-0.0133427$ & $0.0204495$ & $0.0106027$ & $0.0208041$ & $0.0183959$ & $-0.0129999$ & $0.0274052$ & $0.00893415$ & $0.00809661$ & $0.0335514$ & $-0.00157828$ \\
CHWHB_gaga & $-0.00202615$ & $-0.0518925$ & $-0.0222821$ & $0.00792735$ & $-0.00106932$ & $-0.143652$ & $-0.03495$ & $0.982907$ & $1$ & $-0.550497$ & $-0.855621$ & $0.0241973$ & $0.174412$ & $0.0577037$ & $0.275709$ & $0.287238$ & $-0.256963$ & $-0.432461$ & $-0.4431$ & $0.828333$ & $0.872563$ & $0.857572$ & $0.0764045$ & $-0.668957$ & $-0.401322$ & $-0.497126$ & $0.435586$ & $0.327007$ & $-0.00608013$ & $0.08712$ & $0.0562768$ & $-0.0394895$ & $0.0922334$ & $0.576416$ & $0.00140532$ & $-0.0176371$ & $-0.00684433$ & $0.0117525$ & $-0.0152498$ & $0.0209551$ & $0.0256923$ & $0.0207432$ & $0.0766929$ & $-0.00123648$ & $0.0192905$ & $0.0204249$ & $0.00935745$ & $0.0281306$ & $0.00109299$ \\
CHWHB_gagaorth & $0.0149903$ & $0.0507638$ & $0.00886472$ & $0.013753$ & $0.0157117$ & $0.0446144$ & $0.081276$ & $-0.556758$ & $-0.550497$ & $1$ & $0.385239$ & $0.146211$ & $-0.209275$ & $0.164032$ & $-0.128407$ & $-0.14706$ & $0.335567$ & $0.404958$ & $0.417437$ & $-0.371419$ & $-0.397701$ & $-0.391882$ & $-0.0599648$ & $0.490418$ & $0.391216$ & $0.233735$ & $-0.238458$ & $-0.135527$ & $-0.000413059$ & $-0.171036$ & $-0.0780245$ & $0.085392$ & $-0.163633$ & $-0.344558$ & $0.0327231$ & $0.0316058$ & $-0.00606125$ & $-0.0134874$ & $0.0235553$ & $0.00219008$ & $-0.0464146$ & $-0.0278942$ & $-0.00212462$ & $0.00744544$ & $-0.0267318$ & $-0.0179377$ & $-0.00215086$ & $0.000404832$ & $0.0366897$ \\
CHD & $-0.0214964$ & $0.0379633$ & $0.0269447$ & $0.00225202$ & $-0.00112166$ & $0.212605$ & $0.0802455$ & $-0.871395$ & $-0.855621$ & $0.385239$ & $1$ & $0.0233797$ & $-0.159847$ & $-0.497464$ & $-0.400189$ & $-0.408044$ & $-0.214884$ & $0.0500125$ & $0.059953$ & $-0.990448$ & $-0.991236$ & $-0.970676$ & $-0.0175197$ & $0.299136$ & $0.00798597$ & $0.563909$ & $-0.318669$ & $-0.364138$ & $0.0216025$ & $-0.0834062$ & $-0.0495786$ & $0.0816127$ & $-0.0895213$ & $-0.390664$ & $-0.00521883$ & $0.0137832$ & $-0.000570237$ & $-0.01441$ & $0.00181381$ & $-0.0362394$ & $-0.00678634$ & $-0.00774168$ & $-0.0195564$ & $0.0199583$ & $-0.0272452$ & $0.00883193$ & $-0.00274509$ & $-0.0257046$ & $-0.00326997$ \\
CHbox & $-0.000105546$ & $0.0373879$ & $0.0145271$ & $-0.0296799$ & $0.0168406$ & $0.00522897$ & $-0.297854$ & $0.0128914$ & $0.0241973$ & $0.146211$ & $0.0233797$ & $1$ & $0.728549$ & $-0.0762895$ & $0.0296552$ & $0.0118997$ & $-0.0731673$ & $-0.0848387$ & $-0.0732546$ & $-0.0148293$ & $-0.0239429$ & $-0.0263442$ & $-0.015088$ & $-0.0431846$ & $-0.0769336$ & $0.0183324$ & $-0.0228265$ & $-0.00161479$ & $0.0548213$ & $0.418618$ & $0.163542$ & $-0.20857$ & $0.489159$ & $-0.0142578$ & $0.0668441$ & $0.0538104$ & $-0.0563728$ & $-0.00879132$ & $0.0251924$ & $0.0107914$ & $-0.0208741$ & $-0.00881895$ & $-0.00867185$ & $0.00623257$ & $-0.0401268$ & $-0.0237894$ & $0.0297419$ & $0.000880478$ & $-0.00641877$ \\
CH & $0.0124041$ & $0.00333029$ & $0.0215796$ & $-0.0549355$ & $0.0169295$ & $-0.0288396$ & $-0.415233$ & $0.188771$ & $0.174412$ & $-0.209275$ & $-0.159847$ & $0.728549$ & $1$ & $-0.0029455$ & $0.0569604$ & $0.0518159$ & $-0.0528662$ & $-0.0946942$ & $-0.090601$ & $0.154984$ & $0.163773$ & $0.157954$ & $-3.37765e-05$ & $-0.135946$ & $-0.0896978$ & $-0.0819708$ & $0.0786997$ & $0.0530461$ & $0.0518195$ & $0.335395$ & $0.162156$ & $-0.381432$ & $0.390609$ & $0.110046$ & $-0.00945755$ & $-0.0244117$ & $-0.0507468$ & $-0.00633712$ & $0.0174068$ & $0.00560553$ & $-0.00260888$ & $-0.0147309$ & $-0.00215059$ & $-0.0190976$ & $-0.0324095$ & $-0.00542129$ & $0.0355119$ & $0.000164565$ & $-0.0263347$ \\
CHL1_11 & $0.0320384$ & $-0.0095231$ & $0.00367925$ & $-0.0110503$ & $0.0160939$ & $0.00643561$ & $-0.00578545$ & $0.0615397$ & $0.0577037$ & $0.164032$ & $-0.497464$ & $-0.0762895$ & $-0.0029455$ & $1$ & $0.240874$ & $0.237379$ & $0.687864$ & $0.634695$ & $0.63278$ & $0.514011$ & $0.459577$ & $0.442797$ & $-0.0838554$ & $0.498163$ & $0.629708$ & $-0.253889$ & $-0.0778437$ & $0.159335$ & $-0.0110318$ & $0.0456591$ & $0.0153048$ & $-0.015478$ & $0.0506022$ & $-0.205978$ & $-0.0154737$ & $-0.00147716$ & $0.0042263$ & $0.0134714$ & $0.0169336$ & $0.0451402$ & $-0.0205916$ & $-0.026379$ & $0.0112046$ & $-0.0201222$ & $0.00321704$ & $-0.0304242$ & $-0.0080431$ & $-0.00411288$ & $0.0147534$ \\
CHL1_22 & $0.0184977$ & $-0.0019062$ & $0.00778531$ & $-0.0169277$ & $-0.0111343$ & $-0.0983314$ & $-0.0340447$ & $0.280823$ & $0.275709$ & $-0.128407$ & $-0.400189$ & $0.0296552$ & $0.0569604$ & $0.240874$ & $1$ & $0.457663$ & $0.153145$ & $-0.436216$ & $-0.0488868$ & $0.467085$ & $0.315524$ & $0.305718$ & $-0.193881$ & $0.0999991$ & $-0.14546$ & $-0.170986$ & $-0.403582$ & $0.086883$ & $-0.00774258$ & $0.0210631$ & $0.0190118$ & $-0.0320987$ & $0.0346071$ & $-0.583427$ & $-0.0043863$ & $-0.00505285$ & $0.00953626$ & $0.00160071$ & $-0.0222788$ & $0.0061192$ & $0.028229$ & $0.0234448$ & $-0.00773563$ & $-0.00271494$ & $-0.00548509$ & $-0.0184717$ & $-0.0142175$ & $-0.00353882$ & $0.00720516$ \\
CHL1_33 & $0.00954214$ & $-0.0133413$ & $0.00796869$ & $-0.0280306$ & $-0.002294$ & $-0.103436$ & $-0.0227328$ & $0.291007$ & $0.287238$ & $-0.14706$ & $-0.408044$ & $0.0118997$ & $0.0518159$ & $0.237379$ & $0.457663$ & $1$ & $0.153522$ & $-0.0431313$ & $-0.42217$ & $0.474255$ & $0.327758$ & $0.343776$ & $-0.196618$ & $0.098883$ & $-0.131306$ & $-0.169685$ & $-0.370871$ & $0.112029$ & $-0.011449$ & $0.0377519$ & $0.0170114$ & $-0.0185214$ & $0.0237127$ & $-0.0988455$ & $-0.0231745$ & $-0.0151648$ & $0.00415098$ & $0.000337263$ & $-0.0308037$ & $0.0134106$ & $-0.00261467$ & $0.0202633$ & $-0.00247158$ & $-0.0157678$ & $0.0239557$ & $-0.0206189$ & $-0.0205177$ & $-0.00834502$ & $-0.0289018$ \\
CHL3_11 & $0.0188164$ & $0.0354834$ & $0.00832878$ & $-0.0336899$ & $0.0172211$ & $-0.263123$ & $0.0154616$ & $-0.259468$ & $-0.256963$ & $0.335567$ & $-0.214884$ & $-0.0731673$ & $-0.0528662$ & $0.687864$ & $0.153145$ & $0.153522$ & $1$ & $0.757177$ & $0.756551$ & $0.236806$ & $0.183147$ & $0.174637$ & $-0.0792118$ & $0.698581$ & $0.793992$ & $-0.105454$ & $-0.151276$ & $0.0497404$ & $-0.0227274$ & $0.0342789$ & $0.00269135$ & $0.00994379$ & $0.0402509$ & $-0.25649$ & $-0.0272156$ & $-0.00985004$ & $-0.00597299$ & $-0.00976401$ & $0.0200108$ & $0.0219294$ & $-0.0022377$ & $-0.0191542$ & $4.10247e-05$ & $-0.0133249$ & $-0.00361989$ & $-0.0216647$ & $-0.00911274$ & $-0.0181351$ & $0.00701522$ \\
CHL3_22 & $0.0146893$ & $0.0169078$ & $0.00622311$ & $-0.0148239$ & $0.0186642$ & $-0.0456466$ & $0.042261$ & $-0.438238$ & $-0.432461$ & $0.404958$ & $0.0500125$ & $-0.0848387$ & $-0.0946942$ & $0.634695$ & $-0.436216$ & $-0.0431313$ & $0.757177$ & $1$ & $0.713517$ & $-0.0535981$ & $-0.044523$ & $-0.0452786$ & $0.00555306$ & $0.646118$ & $0.817032$ & $0.0235429$ & $0.00567674$ & $-0.0127833$ & $-0.0101585$ & $0.0133303$ & $-0.0118816$ & $0.0339836$ & $0.00768281$ & $0.011733$ & $-0.0213399$ & $-0.00207922$ & $-0.00368743$ & $-0.00393074$ & $0.0303227$ & $0.0244465$ & $-0.0306261$ & $-0.0386171$ & $0.00513357$ & $-0.0114238$ & $0.00427268$ & $-0.0149154$ & $-0.00138424$ & $-0.017646$ & $0.00232849$ \\
CHL3_33 & $0.017058$ & $0.0278112$ & $0.00764552$ & $-0.00852433$ & $0.0158319$ & $-0.044917$ & $0.0355266$ & $-0.448443$ & $-0.4431$ & $0.417437$ & $0.059953$ & $-0.0732546$ & $-0.090601$ & $0.63278$ & $-0.0488868$ & $-0.42217$ & $0.756551$ & $0.713517$ & $1$ & $-0.063459$ & $-0.0552895$ & $-0.0552627$ & $0.0123801$ & $0.646007$ & $0.811891$ & $0.0237166$ & $-0.00960002$ & $-0.0298728$ & $-0.00690941$ & $0.00278111$ & $-0.00623487$ & $0.0258945$ & $0.0168328$ & $-0.339383$ & $-0.012757$ & $0.00649388$ & $-0.000873$ & $0.000349183$ & $0.0332951$ & $0.0191981$ & $-0.0093316$ & $-0.0338046$ & $0.00287765$ & $0.000869251$ & $-0.0190014$ & $-0.0136816$ & $0.00286422$ & $-0.0125514$ & $0.0284506$ \\
CHe_11 & $0.0148476$ & $-0.0179521$ & $-0.0208971$ & $-0.00428159$ & $0.00861488$ & $-0.211371$ & $-0.0749239$ & $0.84334$ & $0.828333$ & $-0.371419$ & $-0.990448$ & $-0.0148293$ & $0.154984$ & $0.514011$ & $0.467085$ & $0.474255$ & $0.236806$ & $-0.0535981$ & $-0.063459$ & $1$ & $0.972836$ & $0.952551$ & $-0.00840608$ & $-0.246429$ & $-0.00267314$ & $-0.552752$ & $0.244839$ & $0.35653$ & $-0.0212886$ & $0.0828534$ & $0.0475346$ & $-0.0754927$ & $0.0887128$ & $0.312506$ & $0.00431432$ & $-0.0107206$ & $-0.00102938$ & $0.012701$ & $-0.00404487$ & $0.036591$ & $0.00792503$ & $0.00839127$ & $0.018441$ & $-0.0212153$ & $0.0264469$ & $-0.010294$ & $-0.000266905$ & $0.0235693$ & $0.00202747$ \\
CHe_22 & $0.00788389$ & $-0.0167234$ & $-0.0239706$ & $0.000786568$ & $0.0140899$ & $-0.214413$ & $-0.081101$ & $0.888455$ & $0.872563$ & $-0.397701$ & $-0.991236$ & $-0.0239429$ & $0.163773$ & $0.459577$ & $0.315524$ & $0.327758$ & $0.183147$ & $-0.044523$ & $-0.0552895$ & $0.972836$ & $1$ & $0.975981$ & $0.0504982$ & $-0.352073$ & $-0.0119803$ & $-0.569856$ & $0.398401$ & $0.369792$ & $-0.021285$ & $0.0846282$ & $0.0503223$ & $-0.0820296$ & $0.0915883$ & $0.475652$ & $0.007524$ & $-0.00972525$ & $-0.00555494$ & $0.0141873$ & $-0.000955153$ & $0.0368805$ & $0.00658168$ & $0.00712686$ & $0.0228748$ & $-0.0211676$ & $0.0221155$ & $-0.00588232$ & $0.00397903$ & $0.0281955$ & $0.00479154$ \\
CHe_33 & $0.00873981$ & $-0.0194004$ & $-0.0257033$ & $-0.00131269$ & $0.00975074$ & $-0.215264$ & $-0.0797197$ & $0.873111$ & $0.857572$ & $-0.391882$ & $-0.970676$ & $-0.0263442$ & $0.157954$ & $0.442797$ & $0.305718$ & $0.343776$ & $0.174637$ & $-0.0452786$ & $-0.0552627$ & $0.952551$ & $0.975981$ & $1$ & $0.0486467$ & $-0.348282$ & $-0.0143777$ & $-0.554581$ & $0.394871$ & $0.364679$ & $-0.0211226$ & $0.0798706$ & $0.049851$ & $-0.0816092$ & $0.0865429$ & $0.473732$ & $0.00552705$ & $-0.0105668$ & $-0.00436136$ & $0.0207367$ & $-0.00246738$ & $0.0355693$ & $0.0068735$ & $0.010642$ & $0.0251468$ & $-0.0151758$ & $0.022569$ & $-0.00486484$ & $0.00518458$ & $0.0285236$ & $0.00570606$ \\
CHQ1_11 & $-0.00687961$ & $0.00103342$ & $-0.0352541$ & $0.0287507$ & $0.0117729$ & $-0.0140222$ & $-0.00356804$ & $0.0779317$ & $0.0764045$ & $-0.0599648$ & $-0.0175197$ & $-0.015088$ & $-3.37765e-05$ & $-0.0838554$ & $-0.193881$ & $-0.196618$ & $-0.0792118$ & $0.00555306$ & $0.0123801$ & $-0.00840608$ & $0.0504982$ & $0.0486467$ & $1$ & $-0.15014$ & $0.0831434$ & $-0.677441$ & $0.374963$ & $0.0364548$ & $0.00229149$ & $0.00157327$ & $3.22775e-05$ & $-0.00221615$ & $-0.0128585$ & $0.223563$ & $0.0376347$ & $0.000864295$ & $-0.0175824$ & $-0.0139996$ & $0.00493803$ & $0.0142948$ & $-0.00584705$ & $0.001293$ & $0.0097126$ & $0.0022202$ & $0.0250639$ & $-0.0144452$ & $0.0011533$ & $0.00714823$ & $-0.017825$ \\
CHQ1_33 & $-0.0334969$ & $0.0351019$ & $0.0214216$ & $-0.0177971$ & $0.00562504$ & $-0.00130361$ & $0.0614522$ & $-0.679618$ & $-0.668957$ & $0.490418$ & $0.299136$ & $-0.0431846$ & $-0.135946$ & $0.498163$ & $0.0999991$ & $0.098883$ & $0.698581$ & $0.646118$ & $0.646007$ & $-0.246429$ & $-0.352073$ & $-0.348282$ & $-0.15014$ & $1$ & $0.660231$ & $0.206248$ & $-0.418672$ & $-0.0485155$ & $-0.00945124$ & $-0.0126686$ & $-0.0304987$ & $0.0552709$ & $-0.0177461$ & $-0.628433$ & $-0.0404361$ & $0.00764303$ & $0.00241879$ & $-0.00893083$ & $0.00166408$ & $0.00636365$ & $-0.0107276$ & $-0.0250135$ & $-0.0107224$ & $0.00473967$ & $-0.0108707$ & $-0.0208939$ & $-0.0141223$ & $-0.0352329$ & $0.0015994$ \\
CHQ3_11 & $-0.0816056$ & $0.0259937$ & $-0.0125783$ & $-0.0121775$ & $0.0175956$ & $-0.0905391$ & $0.0474067$ & $-0.40733$ & $-0.401322$ & $0.391216$ & $0.00798597$ & $-0.0769336$ & $-0.0896978$ & $0.629708$ & $-0.14546$ & $-0.131306$ & $0.793992$ & $0.817032$ & $0.811891$ & $-0.00267314$ & $-0.0119803$ & $-0.0143777$ & $0.0831434$ & $0.660231$ & $1$ & $0.00664868$ & $0.203342$ & $-0.0144843$ & $-0.0169003$ & $0.0156901$ & $-0.00253034$ & $0.0401212$ & $0.0129313$ & $-0.195949$ & $-0.0343027$ & $0.00325324$ & $-0.00947748$ & $-0.0107507$ & $0.00125581$ & $0.0182548$ & $-0.0194344$ & $-0.0211268$ & $-0.00541367$ & $0.00326702$ & $-0.00347357$ & $-0.00195278$ & $-0.00318552$ & $-0.0316924$ & $-0.00353251$ \\
CHu_11 & $-0.0427664$ & $0.00129092$ & $0.032259$ & $-0.00513386$ & $-0.0152418$ & $0.129756$ & $0.0538405$ & $-0.506993$ & $-0.497126$ & $0.233735$ & $0.563909$ & $0.0183324$ & $-0.0819708$ & $-0.253889$ & $-0.170986$ & $-0.169685$ & $-0.105454$ & $0.0235429$ & $0.0237166$ & $-0.552752$ & $-0.569856$ & $-0.554581$ & $-0.677441$ & $0.206248$ & $0.00664868$ & $1$ & $-0.211637$ & $-0.215311$ & $0.00736327$ & $-0.0501121$ & $-0.0235494$ & $0.0511353$ & $-0.03576$ & $-0.281624$ & $-0.0343076$ & $-0.00237119$ & $0.00449148$ & $-0.00171898$ & $-0.0112416$ & $-0.0357196$ & $-0.00232544$ & $-0.00473857$ & $-0.0229219$ & $0.0226489$ & $-0.0271763$ & $0.0298468$ & $0.00471814$ & $-0.0221361$ & $0.0225132$ \\
CHd_11 & $-0.040712$ & $-0.00842564$ & $-0.0417648$ & $0.0314238$ & $0.014349$ & $-0.0890605$ & $-0.02083$ & $0.44233$ & $0.435586$ & $-0.238458$ & $-0.318669$ & $-0.0228265$ & $0.0786997$ & $-0.0778437$ & $-0.403582$ & $-0.370871$ & $-0.151276$ & $0.00567674$ & $-0.00960002$ & $0.244839$ & $0.398401$ & $0.394871$ & $0.374963$ & $-0.418672$ & $0.203342$ & $-0.211637$ & $1$ & $0.15565$ & $-0.0146081$ & $0.0334628$ & $0.0284309$ & $-0.0205849$ & $0.0327884$ & $0.698297$ & $0.0108828$ & $0.00443226$ & $-0.0148064$ & $0.000247328$ & $-0.000748763$ & $0.00825374$ & $-0.00454344$ & $0.00525098$ & $0.00932291$ & $0.0172882$ & $0.0178674$ & $0.0188316$ & $0.0214388$ & $0.0209822$ & $-0.00519866$ \\
CHd_33 & $0.0160407$ & $0.00479574$ & $-0.00813561$ & $0.0204744$ & $0.0267236$ & $-0.0664216$ & $-0.051007$ & $0.335108$ & $0.327007$ & $-0.135527$ & $-0.364138$ & $-0.00161479$ & $0.0530461$ & $0.159335$ & $0.086883$ & $0.112029$ & $0.0497404$ & $-0.0127833$ & $-0.0298728$ & $0.35653$ & $0.369792$ & $0.364679$ & $0.0364548$ & $-0.0485155$ & $-0.0144843$ & $-0.215311$ & $0.15565$ & $1$ & $-0.011353$ & $0.030832$ & $0.00325735$ & $-0.0498598$ & $0.0320386$ & $0.20468$ & $0.0290007$ & $0.0198139$ & $-0.00654604$ & $-0.00564842$ & $-0.01099$ & $-0.00118835$ & $0.0048311$ & $-0.00396902$ & $0.0215279$ & $-0.00940028$ & $0.0113956$ & $-0.00132172$ & $0.0151499$ & $0.0183893$ & $0.0157606$ \\
CeH_22r & $-0.00159092$ & $-0.00929509$ & $0.0127174$ & $0.00673476$ & $-0.007735$ & $0.00383292$ & $-0.00383636$ & $-0.0122969$ & $-0.00608013$ & $-0.000413059$ & $0.0216025$ & $0.0548213$ & $0.0518195$ & $-0.0110318$ & $-0.00774258$ & $-0.011449$ & $-0.0227274$ & $-0.0101585$ & $-0.00690941$ & $-0.0212886$ & $-0.021285$ & $-0.0211226$ & $0.00229149$ & $-0.00945124$ & $-0.0169003$ & $0.00736327$ & $-0.0146081$ & $-0.011353$ & $1$ & $0.0286243$ & $0.0140672$ & $-0.0141865$ & $0.0396247$ & $-0.00810757$ & $-0.0131947$ & $-0.0304997$ & $-0.016731$ & $0.00701376$ & $0.0117873$ & $-0.00608349$ & $0.00777988$ & $-0.0062805$ & $0.0106508$ & $0.0299422$ & $0.0140683$ & $0.00798323$ & $0.0203971$ & $0.00365228$ & $0.0233359$ \\
CeH_33r & $-0.0147488$ & $0.0275268$ & $0.00410787$ & $-0.00584367$ & $0.0122648$ & $-0.0264083$ & $-0.190473$ & $0.0670785$ & $0.08712$ & $-0.171036$ & $-0.0834062$ & $0.418618$ & $0.335395$ & $0.0456591$ & $0.0210631$ & $0.0377519$ & $0.0342789$ & $0.0133303$ & $0.00278111$ & $0.0828534$ & $0.0846282$ & $0.0798706$ & $0.00157327$ & $-0.0126686$ & $0.0156901$ & $-0.0501121$ & $0.0334628$ & $0.030832$ & $0.0286243$ & $1$ & $0.333749$ & $-0.0484159$ & $0.662342$ & $0.0425043$ & $-0.0192244$ & $-0.0195308$ & $-0.166122$ & $-0.00808607$ & $-0.0194273$ & $-0.0123309$ & $0.0239682$ & $-0.0172074$ & $0.011881$ & $-0.0240393$ & $0.0263692$ & $-0.026477$ & $-0.0219981$ & $0.0064879$ & $-0.0257805$ \\
CuH_22r & $0.0245835$ & $-0.0208806$ & $0.0392387$ & $-0.00409398$ & $0.00679465$ & $-0.0201116$ & $-0.11746$ & $0.0482895$ & $0.0562768$ & $-0.0780245$ & $-0.0495786$ & $0.163542$ & $0.162156$ & $0.0153048$ & $0.0190118$ & $0.0170114$ & $0.00269135$ & $-0.0118816$ & $-0.00623487$ & $0.0475346$ & $0.0503223$ & $0.049851$ & $3.22775e-05$ & $-0.0304987$ & $-0.00253034$ & $-0.0235494$ & $0.0284309$ & $0.00325735$ & $0.0140672$ & $0.333749$ & $1$ & $-0.0356374$ & $0.38001$ & $0.0233353$ & $0.0157629$ & $-0.0249794$ & $-0.0457149$ & $0.00316222$ & $-0.0314631$ & $-0.00889335$ & $0.0169297$ & $0.0147097$ & $0.00754221$ & $0.0369791$ & $-0.0532379$ & $0.107249$ & $0.298081$ & $-0.0300011$ & $0.0386333$ \\
CuH_33r & $-0.0104481$ & $0.0668748$ & $-0.044248$ & $0.0789704$ & $-0.00313079$ & $0.00941258$ & $0.94511$ & $-0.0885532$ & $-0.0394895$ & $0.085392$ & $0.0816127$ & $-0.20857$ & $-0.381432$ & $-0.015478$ & $-0.0320987$ & $-0.0185214$ & $0.00994379$ & $0.0339836$ & $0.0258945$ & $-0.0754927$ & $-0.0820296$ & $-0.0816092$ & $-0.00221615$ & $0.0552709$ & $0.0401212$ & $0.0511353$ & $-0.0205849$ & $-0.0498598$ & $-0.0141865$ & $-0.0484159$ & $-0.0356374$ & $1$ & $-0.060337$ & $-0.045474$ & $0.0629207$ & $0.0598744$ & $-0.00710531$ & $-0.0166466$ & $0.0291146$ & $0.0230353$ & $0.0166061$ & $0.0271254$ & $-0.0102889$ & $0.00234827$ & $0.034182$ & $-0.015376$ & $-0.0370295$ & $0.0272796$ & $-0.015117$ \\
CdH_33r & $0.0258616$ & $0.0425705$ & $0.118851$ & $0.0589535$ & $0.0151302$ & $-0.0328558$ & $-0.231145$ & $0.0705199$ & $0.0922334$ & $-0.163633$ & $-0.0895213$ & $0.489159$ & $0.390609$ & $0.0506022$ & $0.0346071$ & $0.0237127$ & $0.0402509$ & $0.00768281$ & $0.0168328$ & $0.0887128$ & $0.0915883$ & $0.0865429$ & $-0.0128585$ & $-0.0177461$ & $0.0129313$ & $-0.03576$ & $0.0327884$ & $0.0320386$ & $0.0396247$ & $0.662342$ & $0.38001$ & $-0.060337$ & $1$ & $0.034243$ & $-0.0199798$ & $-0.0154711$ & $-0.192199$ & $-0.00191978$ & $0.0417288$ & $-0.00424154$ & $0.0307778$ & $-0.00268209$ & $0.0423537$ & $-0.0163714$ & $-0.109579$ & $0.0464852$ & $0.0285342$ & $0.116217$ & $0.413476$ \\
CLL_1221 & $-0.0219718$ & $0.0111318$ & $-0.0298226$ & $0.0185431$ & $0.00990273$ & $-0.12677$ & $-0.0478813$ & $0.586131$ & $0.576416$ & $-0.344558$ & $-0.390664$ & $-0.0142578$ & $0.110046$ & $-0.205978$ & $-0.583427$ & $-0.0988455$ & $-0.25649$ & $0.011733$ & $-0.339383$ & $0.312506$ & $0.475652$ & $0.473732$ & $0.223563$ & $-0.628433$ & $-0.195949$ & $-0.281624$ & $0.698297$ & $0.20468$ & $-0.00810757$ & $0.0425043$ & $0.0233353$ & $-0.045474$ & $0.034243$ & $1$ & $0.0179331$ & $-0.00575506$ & $-0.0189249$ & $0.00393582$ & $0.00884185$ & $0.00937215$ & $-0.00796408$ & $0.00122742$ & $0.0226758$ & $-0.0130779$ & $0.0199315$ & $0.0194334$ & $0.0130928$ & $0.0320633$ & $-0.0132866$ \\
eHggint & $0.140786$ & $0.0670327$ & $-0.111206$ & $0.0967874$ & $0.00352189$ & $0.0122077$ & $-0.00499808$ & $0.0164093$ & $0.00140532$ & $0.0327231$ & $-0.00521883$ & $0.0668441$ & $-0.00945755$ & $-0.0154737$ & $-0.0043863$ & $-0.0231745$ & $-0.0272156$ & $-0.0213399$ & $-0.012757$ & $0.00431432$ & $0.007524$ & $0.00552705$ & $0.0376347$ & $-0.0404361$ & $-0.0343027$ & $-0.0343076$ & $0.0108828$ & $0.0290007$ & $-0.0131947$ & $-0.0192244$ & $0.0157629$ & $0.0629207$ & $-0.0199798$ & $0.0179331$ & $1$ & $0.0790719$ & $-0.15789$ & $-0.0362499$ & $0.114188$ & $0.0167112$ & $-0.124968$ & $-0.0255062$ & $-0.0756487$ & $-0.0310517$ & $0.0144662$ & $-0.0682773$ & $0.0932648$ & $0.0362179$ & $-0.0345229$ \\
eHggpar & $0.0142876$ & $0.138747$ & $-0.0745649$ & $-0.0793185$ & $-0.0161175$ & $0.0280205$ & $0.0133897$ & $-0.0136191$ & $-0.0176371$ & $0.0316058$ & $0.0137832$ & $0.0538104$ & $-0.0244117$ & $-0.00147716$ & $-0.00505285$ & $-0.0151648$ & $-0.00985004$ & $-0.00207922$ & $0.00649388$ & $-0.0107206$ & $-0.00972525$ & $-0.0105668$ & $0.000864295$ & $0.00764303$ & $0.00325324$ & $-0.00237119$ & $0.00443226$ & $0.0198139$ & $-0.0304997$ & $-0.0195308$ & $-0.0249794$ & $0.0598744$ & $-0.0154711$ & $-0.00575506$ & $0.0790719$ & $1$ & $0.0860201$ & $-0.0126935$ & $0.0128658$ & $0.00208199$ & $-0.0182421$ & $0.0105013$ & $0.103465$ & $-0.0300097$ & $0.126089$ & $-0.104607$ & $-0.0285169$ & $-0.0152879$ & $0.0186094$ \\
eHWWint & $0.0809418$ & $-0.17443$ & $0.0373161$ & $-0.0275821$ & $-0.0150061$ & $0.00133042$ & $0.0348834$ & $0.000998184$ & $-0.00684433$ & $-0.00606125$ & $-0.000570237$ & $-0.0563728$ & $-0.0507468$ & $0.0042263$ & $0.00953626$ & $0.00415098$ & $-0.00597299$ & $-0.00368743$ & $-0.000873$ & $-0.00102938$ & $-0.00555494$ & $-0.00436136$ & $-0.0175824$ & $0.00241879$ & $-0.00947748$ & $0.00449148$ & $-0.0148064$ & $-0.00654604$ & $-0.016731$ & $-0.166122$ & $-0.0457149$ & $-0.00710531$ & $-0.192199$ & $-0.0189249$ & $-0.15789$ & $0.0860201$ & $1$ & $-0.0209136$ & $-0.0418183$ & $-0.00984822$ & $-0.0217541$ & $-0.0126747$ & $-0.0112849$ & $0.17416$ & $0.166359$ & $0.0170436$ & $0.138889$ & $-0.107969$ & $0.0570875$ \\
eHWWpar & $0.0150472$ & $-0.0146144$ & $-0.00220315$ & $0.0478028$ & $0.0100925$ & $0.0101133$ & $-0.0135656$ & $0.0149687$ & $0.0117525$ & $-0.0134874$ & $-0.01441$ & $-0.00879132$ & $-0.00633712$ & $0.0134714$ & $0.00160071$ & $0.000337263$ & $-0.00976401$ & $-0.00393074$ & $0.000349183$ & $0.012701$ & $0.0141873$ & $0.0207367$ & $-0.0139996$ & $-0.00893083$ & $-0.0107507$ & $-0.00171898$ & $0.000247328$ & $-0.00564842$ & $0.00701376$ & $-0.00808607$ & $0.00316222$ & $-0.0166466$ & $-0.00191978$ & $0.00393582$ & $-0.0362499$ & $-0.0126935$ & $-0.0209136$ & $1$ & $0.0129496$ & $0.00300848$ & $0.0424727$ & $-0.00752036$ & $0.000574171$ & $-0.0151701$ & $-0.0504078$ & $-0.0132776$ & $0.000906163$ & $0.0475818$ & $0.021991$ \\
eHZZint & $0.173686$ & $0.0703178$ & $0.0503686$ & $-0.0923384$ & $0.022518$ & $-0.00739807$ & $0.0134961$ & $-0.0133427$ & $-0.0152498$ & $0.0235553$ & $0.00181381$ & $0.0251924$ & $0.0174068$ & $0.0169336$ & $-0.0222788$ & $-0.0308037$ & $0.0200108$ & $0.0303227$ & $0.0332951$ & $-0.00404487$ & $-0.000955153$ & $-0.00246738$ & $0.00493803$ & $0.00166408$ & $0.00125581$ & $-0.0112416$ & $-0.000748763$ & $-0.01099$ & $0.0117873$ & $-0.0194273$ & $-0.0314631$ & $0.0291146$ & $0.0417288$ & $0.00884185$ & $0.114188$ & $0.0128658$ & $-0.0418183$ & $0.0129496$ & $1$ & $0.0043684$ & $-0.0107764$ & $0.0117295$ & $-0.0668722$ & $0.0257274$ & $-0.0114881$ & $-0.0615542$ & $-0.0868514$ & $0.199116$ & $0.0581177$ \\
eHZZpar & $0.00906996$ & $0.0191156$ & $-0.0155232$ & $0.000506824$ & $-0.00190457$ & $0.0105587$ & $0.0251617$ & $0.0204495$ & $0.0209551$ & $0.00219008$ & $-0.0362394$ & $0.0107914$ & $0.00560553$ & $0.0451402$ & $0.0061192$ & $0.0134106$ & $0.0219294$ & $0.0244465$ & $0.0191981$ & $0.036591$ & $0.0368805$ & $0.0355693$ & $0.0142948$ & $0.00636365$ & $0.0182548$ & $-0.0357196$ & $0.00825374$ & $-0.00118835$ & $-0.00608349$ & $-0.0123309$ & $-0.00889335$ & $0.0230353$ & $-0.00424154$ & $0.00937215$ & $0.0167112$ & $0.00208199$ & $-0.00984822$ & $0.00300848$ & $0.0043684$ & $1$ & $-0.0173848$ & $-0.00406456$ & $0.0129166$ & $-0.0224494$ & $-0.0233942$ & $-0.0116979$ & $-0.0072365$ & $-0.0307954$ & $0.0165084$ \\
eHZgaint & $0.0209936$ & $0.0633686$ & $-0.0359317$ & $0.055707$ & $-0.0278903$ & $-0.0114123$ & $0.0206563$ & $0.0106027$ & $0.0256923$ & $-0.0464146$ & $-0.00678634$ & $-0.0208741$ & $-0.00260888$ & $-0.0205916$ & $0.028229$ & $-0.00261467$ & $-0.0022377$ & $-0.0306261$ & $-0.0093316$ & $0.00792503$ & $0.00658168$ & $0.0068735$ & $-0.00584705$ & $-0.0107276$ & $-0.0194344$ & $-0.00232544$ & $-0.00454344$ & $0.0048311$ & $0.00777988$ & $0.0239682$ & $0.0169297$ & $0.0166061$ & $0.0307778$ & $-0.00796408$ & $-0.124968$ & $-0.0182421$ & $-0.0217541$ & $0.0424727$ & $-0.0107764$ & $-0.0173848$ & $1$ & $-0.005302$ & $0.142764$ & $-0.166858$ & $0.0301119$ & $0.0138429$ & $0.0234903$ & $-0.0923561$ & $0.0289057$ \\
eHZgapar & $-0.0134059$ & $-0.00241585$ & $-0.0163729$ & $-0.0109104$ & $0.0160911$ & $-0.010756$ & $0.0248888$ & $0.0208041$ & $0.0207432$ & $-0.0278942$ & $-0.00774168$ & $-0.00881895$ & $-0.0147309$ & $-0.026379$ & $0.0234448$ & $0.0202633$ & $-0.0191542$ & $-0.0386171$ & $-0.0338046$ & $0.00839127$ & $0.00712686$ & $0.010642$ & $0.001293$ & $-0.0250135$ & $-0.0211268$ & $-0.00473857$ & $0.00525098$ & $-0.00396902$ & $-0.0062805$ & $-0.0172074$ & $0.0147097$ & $0.0271254$ & $-0.00268209$ & $0.00122742$ & $-0.0255062$ & $0.0105013$ & $-0.0126747$ & $-0.00752036$ & $0.0117295$ & $-0.00406456$ & $-0.005302$ & $1$ & $0.0373054$ & $0.0673807$ & $0.0368873$ & $-0.0294273$ & $0.043329$ & $0.0274019$ & $-0.00904438$ \\
eHgagaint & $0.00428865$ & $0.0518159$ & $0.0100846$ & $-0.131155$ & $-0.012477$ & $-0.000940044$ & $-0.00824199$ & $0.0183959$ & $0.0766929$ & $-0.00212462$ & $-0.0195564$ & $-0.00867185$ & $-0.00215059$ & $0.0112046$ & $-0.00773563$ & $-0.00247158$ & $4.10247e-05$ & $0.00513357$ & $0.00287765$ & $0.018441$ & $0.0228748$ & $0.0251468$ & $0.0097126$ & $-0.0107224$ & $-0.00541367$ & $-0.0229219$ & $0.00932291$ & $0.0215279$ & $0.0106508$ & $0.011881$ & $0.00754221$ & $-0.0102889$ & $0.0423537$ & $0.0226758$ & $-0.0756487$ & $0.103465$ & $-0.0112849$ & $0.000574171$ & $-0.0668722$ & $0.0129166$ & $0.142764$ & $0.0373054$ & $1$ & $0.157197$ & $-0.06982$ & $0.104248$ & $0.0592948$ & $-0.0802498$ & $0.10311$ \\
eHmumuint & $0.0340096$ & $-0.0527579$ & $0.0162375$ & $-0.082367$ & $0.0259878$ & $-0.00246033$ & $0.00699242$ & $-0.0129999$ & $-0.00123648$ & $0.00744544$ & $0.0199583$ & $0.00623257$ & $-0.0190976$ & $-0.0201222$ & $-0.00271494$ & $-0.0157678$ & $-0.0133249$ & $-0.0114238$ & $0.000869251$ & $-0.0212153$ & $-0.0211676$ & $-0.0151758$ & $0.0022202$ & $0.00473967$ & $0.00326702$ & $0.0226489$ & $0.0172882$ & $-0.00940028$ & $0.0299422$ & $-0.0240393$ & $0.0369791$ & $0.00234827$ & $-0.0163714$ & $-0.0130779$ & $-0.0310517$ & $-0.0300097$ & $0.17416$ & $-0.0151701$ & $0.0257274$ & $-0.0224494$ & $-0.166858$ & $0.0673807$ & $0.157197$ & $1$ & $0.0349983$ & $0.0894502$ & $0.161437$ & $-0.0544109$ & $0.0488358$ \\
eHtautauint & $0.0335049$ & $-0.139202$ & $-0.249957$ & $0.0760388$ & $-0.0317581$ & $-0.034476$ & $0.0353675$ & $0.0274052$ & $0.0192905$ & $-0.0267318$ & $-0.0272452$ & $-0.0401268$ & $-0.0324095$ & $0.00321704$ & $-0.00548509$ & $0.0239557$ & $-0.00361989$ & $0.00427268$ & $-0.0190014$ & $0.0264469$ & $0.0221155$ & $0.022569$ & $0.0250639$ & $-0.0108707$ & $-0.00347357$ & $-0.0271763$ & $0.0178674$ & $0.0113956$ & $0.0140683$ & $0.0263692$ & $-0.0532379$ & $0.034182$ & $-0.109579$ & $0.0199315$ & $0.0144662$ & $0.126089$ & $0.166359$ & $-0.0504078$ & $-0.0114881$ & $-0.0233942$ & $0.0301119$ & $0.0368873$ & $-0.06982$ & $0.0349983$ & $1$ & $-0.220968$ & $-0.0409407$ & $0.0888919$ & $-0.138908$ \\
eHccint & $-0.143246$ & $-0.114657$ & $0.0591164$ & $0.027566$ & $6.29718e-05$ & $-0.000560724$ & $0.00416413$ & $0.00893415$ & $0.0204249$ & $-0.0179377$ & $0.00883193$ & $-0.0237894$ & $-0.00542129$ & $-0.0304242$ & $-0.0184717$ & $-0.0206189$ & $-0.0216647$ & $-0.0149154$ & $-0.0136816$ & $-0.010294$ & $-0.00588232$ & $-0.00486484$ & $-0.0144452$ & $-0.0208939$ & $-0.00195278$ & $0.0298468$ & $0.0188316$ & $-0.00132172$ & $0.00798323$ & $-0.026477$ & $0.107249$ & $-0.015376$ & $0.0464852$ & $0.0194334$ & $-0.0682773$ & $-0.104607$ & $0.0170436$ & $-0.0132776$ & $-0.0615542$ & $-0.0116979$ & $0.0138429$ & $-0.0294273$ & $0.104248$ & $0.0894502$ & $-0.220968$ & $1$ & $0.191913$ & $-0.092701$ & $0.171274$ \\
eHccpar & $0.0577614$ & $-0.0604485$ & $0.0969595$ & $-0.016847$ & $0.0138341$ & $-0.0131644$ & $-0.0338882$ & $0.00809661$ & $0.00935745$ & $-0.00215086$ & $-0.00274509$ & $0.0297419$ & $0.0355119$ & $-0.0080431$ & $-0.0142175$ & $-0.0205177$ & $-0.00911274$ & $-0.00138424$ & $0.00286422$ & $-0.000266905$ & $0.00397903$ & $0.00518458$ & $0.0011533$ & $-0.0141223$ & $-0.00318552$ & $0.00471814$ & $0.0214388$ & $0.0151499$ & $0.0203971$ & $-0.0219981$ & $0.298081$ & $-0.0370295$ & $0.0285342$ & $0.0130928$ & $0.0932648$ & $-0.0285169$ & $0.138889$ & $0.000906163$ & $-0.0868514$ & $-0.0072365$ & $0.0234903$ & $0.043329$ & $0.0592948$ & $0.161437$ & $-0.0409407$ & $0.191913$ & $1$ & $-0.0904228$ & $0.138924$ \\
eHbbint & $0.102225$ & $0.0905979$ & $0.0866724$ & $-0.0781822$ & $0.00877066$ & $0.0121953$ & $0.0111805$ & $0.0335514$ & $0.0281306$ & $0.000404832$ & $-0.0257046$ & $0.000880478$ & $0.000164565$ & $-0.00411288$ & $-0.00353882$ & $-0.00834502$ & $-0.0181351$ & $-0.017646$ & $-0.0125514$ & $0.0235693$ & $0.0281955$ & $0.0285236$ & $0.00714823$ & $-0.0352329$ & $-0.0316924$ & $-0.0221361$ & $0.0209822$ & $0.0183893$ & $0.00365228$ & $0.0064879$ & $-0.0300011$ & $0.0272796$ & $0.116217$ & $0.0320633$ & $0.0362179$ & $-0.0152879$ & $-0.107969$ & $0.0475818$ & $0.199116$ & $-0.0307954$ & $-0.0923561$ & $0.0274019$ & $-0.0802498$ & $-0.0544109$ & $0.0888919$ & $-0.092701$ & $-0.0904228$ & $1$ & $-0.0736373$ \\
eHbbpar & $0.0696224$ & $-0.0190601$ & $0.19288$ & $0.17625$ & $0.0148292$ & $0.000212216$ & $-0.0195004$ & $-0.00157828$ & $0.00109299$ & $0.0366897$ & $-0.00326997$ & $-0.00641877$ & $-0.0263347$ & $0.0147534$ & $0.00720516$ & $-0.0289018$ & $0.00701522$ & $0.00232849$ & $0.0284506$ & $0.00202747$ & $0.00479154$ & $0.00570606$ & $-0.017825$ & $0.0015994$ & $-0.00353251$ & $0.0225132$ & $-0.00519866$ & $0.0157606$ & $0.0233359$ & $-0.0257805$ & $0.0386333$ & $-0.015117$ & $0.413476$ & $-0.0132866$ & $-0.0345229$ & $0.0186094$ & $0.0570875$ & $0.021991$ & $0.0581177$ & $0.0165084$ & $0.0289057$ & $-0.00904438$ & $0.10311$ & $0.0488358$ & $-0.138908$ & $0.171274$ & $0.138924$ & $-0.0736373$ & $1$ \\
