 & AlsMz & dAle5Mz & mtop & mHl & Mz & CW & CHG & CHWB & CHWHB_gaga & CHWHB_gagaorth & CHD & CH & CHL1_11 & CHL1_22 & CHL1_33 & CHL3_11 & CHL3_22 & CHL3_33 & CHe_11 & CHe_22 & CHe_33 & CHQ1_11 & CHQ1_33 & CHQ3_11 & CHu_11 & CHd_11 & CHd_33 & CeH_22r & CeH_33r & CuH_22r & CuH_33r & CdH_33r & CLL_1221 & eHggint & eHggpar & eHWWint & eHWWpar & eHZZint & eHZZpar & eHZgaint & eHZgapar & eHgagaint & eHmumuint & eHtautauint & eHccint & eHccpar & eHbbint & eHbbpar \\
AlsMz & $1$ & $-0.0545715$ & $-0.0257921$ & $-0.0341899$ & $0.0144449$ & $-0.00596485$ & $-0.0215312$ & $-0.012408$ & $-0.0176213$ & $0.00539321$ & $-0.00795917$ & $0.0310931$ & $0.0151632$ & $-0.0123073$ & $0.00642931$ & $0.0305452$ & $0.0345545$ & $0.0217925$ & $0.000645398$ & $-0.000129025$ & $-0.00181988$ & $-0.0261293$ & $-0.0314666$ & $-0.0685604$ & $-0.0216178$ & $-0.0402089$ & $0.00693863$ & $-0.00817937$ & $0.0283608$ & $0.0217312$ & $-0.0155617$ & $0.072251$ & $0.000362095$ & $0.0448227$ & $0.0356744$ & $-0.0808851$ & $0.0093899$ & $0.115133$ & $-0.00747281$ & $0.0659686$ & $-0.00111745$ & $-0.0701481$ & $-0.0267827$ & $0.0505387$ & $-0.116912$ & $0.0393564$ & $-0.0126775$ & $0.158089$ \\
dAle5Mz & $-0.0545715$ & $1$ & $-0.085781$ & $-0.0830909$ & $0.000533349$ & $0.0103528$ & $-0.0166009$ & $-0.0578987$ & $-0.057619$ & $0.0225135$ & $0.0492542$ & $0.0162805$ & $-0.02131$ & $-0.0232109$ & $-0.0250095$ & $0.00306951$ & $0.0100613$ & $0.0122863$ & $-0.0336185$ & $-0.0334765$ & $-0.0324284$ & $-0.0109754$ & $0.0205299$ & $0.015328$ & $0.029897$ & $0.00141463$ & $-0.0349145$ & $-0.0056486$ & $0.00685688$ & $0.0544268$ & $-0.0176135$ & $0.0223432$ & $0.0127093$ & $-0.105984$ & $0.138453$ & $-0.00241714$ & $-0.0178756$ & $-0.140109$ & $-0.0104618$ & $-0.0767596$ & $-0.00611647$ & $-0.0318482$ & $-0.10193$ & $-0.192057$ & $-0.178462$ & $0.229843$ & $-0.023965$ & $0.0482597$ \\
mtop & $-0.0257921$ & $-0.085781$ & $1$ & $-0.14349$ & $0.00917392$ & $0.00798164$ & $0.0320663$ & $0.00732575$ & $0.0160248$ & $0.0177811$ & $-0.0024993$ & $-0.014897$ & $0.0117275$ & $0.00710066$ & $-0.00863854$ & $-0.00577804$ & $-0.0032536$ & $0.00928544$ & $0.00583972$ & $0.00610539$ & $0.00996368$ & $0.00440302$ & $-0.00159071$ & $-0.00114219$ & $-0.01016$ & $-0.00466573$ & $-0.00226679$ & $0.0105843$ & $0.00409842$ & $0.0418691$ & $0.0293775$ & $0.0344803$ & $-0.00833802$ & $-0.124361$ & $-0.0708563$ & $-0.0501034$ & $0.0133559$ & $0.136839$ & $-0.00854893$ & $-0.24504$ & $0.011606$ & $0.131549$ & $0.0291415$ & $-0.0701763$ & $0.0256316$ & $0.162808$ & $-0.0843621$ & $0.141327$ \\
mHl & $-0.0341899$ & $-0.0830909$ & $-0.14349$ & $1$ & $0.0320992$ & $-0.0084445$ & $0.0275242$ & $0.00442267$ & $0.0085609$ & $-0.0137406$ & $-0.00249289$ & $-0.0299079$ & $-0.00180795$ & $-0.00160654$ & $0.0118768$ & $-0.00297471$ & $-0.000798936$ & $-0.0109616$ & $0.00131262$ & $0.00020287$ & $-0.000517328$ & $0.00539237$ & $0.00228767$ & $0.00358783$ & $0.00116503$ & $0.00714688$ & $0.00481451$ & $0.0087863$ & $0.00313182$ & $-0.01144$ & $0.0195196$ & $0.0200208$ & $0.00267263$ & $-0.122727$ & $-0.114836$ & $-0.0572467$ & $0.0016682$ & $-0.0462735$ & $0.00194922$ & $0.0860728$ & $0.0201565$ & $0.0158301$ & $-0.14404$ & $-0.0265844$ & $-0.00537739$ & $-0.0923357$ & $0.0409816$ & $0.0577399$ \\
Mz & $0.0144449$ & $0.000533349$ & $0.00917392$ & $0.0320992$ & $1$ & $-0.00877935$ & $0.00664624$ & $0.000789333$ & $0.00195699$ & $-0.00498145$ & $0.00297632$ & $-0.00848231$ & $0.00435247$ & $0.00417228$ & $0.00770101$ & $0.0019589$ & $0.000920812$ & $-0.00207833$ & $0.00365321$ & $0.00320278$ & $0.00329874$ & $0.00784705$ & $0.00117815$ & $-0.000169725$ & $-0.0134716$ & $-0.00404545$ & $0.00794252$ & $0.00662022$ & $-0.00259183$ & $-0.003664$ & $0.00468262$ & $0.00435259$ & $-0.00475796$ & $-0.00988705$ & $-0.016873$ & $-0.00401646$ & $-0.00352322$ & $-0.0155435$ & $-0.00557266$ & $0.0141886$ & $0.00368024$ & $0.0145651$ & $-0.00689229$ & $0.0114288$ & $-0.0137603$ & $-0.0139015$ & $-0.00178911$ & $0.0157937$ \\
CW & $-0.00596485$ & $0.0103528$ & $0.00798164$ & $-0.0084445$ & $-0.00877935$ & $1$ & $0.0134794$ & $-0.0180295$ & $-0.0164879$ & $-0.0456227$ & $0.125416$ & $-0.0108131$ & $-4.1281e-05$ & $-0.0784347$ & $-0.0741012$ & $-0.357372$ & $-0.150386$ & $-0.152908$ & $-0.1238$ & $-0.126907$ & $-0.125324$ & $0.00872128$ & $-0.116018$ & $-0.195784$ & $0.0774956$ & $-0.0451621$ & $-0.048957$ & $-0.00761974$ & $-0.0180678$ & $-1.66273e-05$ & $0.0157723$ & $-0.0248728$ & $-0.079647$ & $-0.00878732$ & $-0.000153755$ & $0.0135725$ & $0.000887431$ & $0.00457048$ & $0.0178523$ & $0.00852342$ & $-0.000299333$ & $-0.00734548$ & $-0.00579788$ & $-0.00275273$ & $0.00231334$ & $0.00159834$ & $-0.0224827$ & $0.00662794$ \\
CHG & $-0.0215312$ & $-0.0166009$ & $0.0320663$ & $0.0275242$ & $0.00664624$ & $0.0134794$ & $1$ & $0.0297165$ & $0.0525086$ & $0.0164553$ & $-0.00590869$ & $-0.700278$ & $-0.0297836$ & $0.00214663$ & $0.00414801$ & $-0.0442844$ & $-0.0439695$ & $-0.045055$ & $0.00542004$ & $0.00688859$ & $0.00864935$ & $0.00319248$ & $-0.0412949$ & $-0.0436218$ & $-0.00314814$ & $0.0141427$ & $0.0077602$ & $-0.0877912$ & $-0.498854$ & $-0.288947$ & $0.946849$ & $-0.515459$ & $0.024175$ & $-0.0927406$ & $-0.0943714$ & $0.0214255$ & $0.00853862$ & $-0.0159634$ & $-0.00223922$ & $0.0130586$ & $-0.000881266$ & $-0.0160336$ & $-0.017417$ & $-0.0195808$ & $-0.0120311$ & $-0.00391172$ & $0.0164453$ & $-0.00221527$ \\
CHWB & $-0.012408$ & $-0.0578987$ & $0.00732575$ & $0.00442267$ & $0.000789333$ & $-0.0180295$ & $0.0297165$ & $1$ & $0.989185$ & $-0.525477$ & $-0.868765$ & $-0.049716$ & $0.202408$ & $0.447263$ & $0.445299$ & $-0.306164$ & $-0.477256$ & $-0.479347$ & $0.849969$ & $0.883881$ & $0.874657$ & $0.0263801$ & $-0.662924$ & $-0.443943$ & $-0.577391$ & $0.382784$ & $0.366013$ & $-0.0042374$ & $0.00576577$ & $-0.00555368$ & $0.0282119$ & $0.00323185$ & $0.515148$ & $0.0195176$ & $-0.0203598$ & $0.0145608$ & $0.0107004$ & $0.0057825$ & $0.010125$ & $0.00307217$ & $0.00540222$ & $-0.00310346$ & $0.0157821$ & $0.0126146$ & $0.0101424$ & $-0.00773474$ & $-0.00472791$ & $-0.00289874$ \\
CHWHB_gaga & $-0.0176213$ & $-0.057619$ & $0.0160248$ & $0.0085609$ & $0.00195699$ & $-0.0164879$ & $0.0525086$ & $0.989185$ & $1$ & $-0.527416$ & $-0.859141$ & $-0.0398921$ & $0.199959$ & $0.442273$ & $0.441258$ & $-0.303529$ & $-0.472246$ & $-0.474998$ & $0.840787$ & $0.874067$ & $0.864932$ & $0.0263564$ & $-0.65561$ & $-0.439279$ & $-0.571314$ & $0.378015$ & $0.3619$ & $0.00363738$ & $0.0285991$ & $0.00825295$ & $0.0478766$ & $0.0269178$ & $0.50945$ & $0.00605274$ & $-0.0281715$ & $-0.00218197$ & $0.00769708$ & $-0.00186027$ & $0.00930518$ & $0.00464342$ & $0.00648783$ & $0.0448077$ & $0.0201746$ & $0.0174279$ & $0.0129731$ & $-0.0127824$ & $-0.00148866$ & $-0.00273861$ \\
CHWHB_gagaorth & $0.00539321$ & $0.0225135$ & $0.0177811$ & $-0.0137406$ & $-0.00498145$ & $-0.0456227$ & $0.0164553$ & $-0.525477$ & $-0.527416$ & $1$ & $0.353521$ & $-0.0284775$ & $0.0847659$ & $-0.199714$ & $-0.197328$ & $0.358057$ & $0.425388$ & $0.426482$ & $-0.347404$ & $-0.363439$ & $-0.360637$ & $-0.0312299$ & $0.476817$ & $0.411321$ & $0.242281$ & $-0.196451$ & $-0.151805$ & $-0.0261768$ & $-0.159003$ & $-0.0771983$ & $0.0112307$ & $-0.178298$ & $-0.291221$ & $-0.00507733$ & $0.0308454$ & $0.00363198$ & $-0.00560513$ & $0.0110877$ & $-0.00755311$ & $-0.0465675$ & $-0.0136704$ & $0.00450545$ & $-0.00825057$ & $-0.0212116$ & $0.00184541$ & $0.0170615$ & $-0.00230491$ & $-0.00208773$ \\
CHD & $-0.00795917$ & $0.0492542$ & $-0.0024993$ & $-0.00249289$ & $0.00297632$ & $0.125416$ & $-0.00590869$ & $-0.868765$ & $-0.859141$ & $0.353521$ & $1$ & $0.0216442$ & $-0.6157$ & $-0.570133$ & $-0.566116$ & $-0.174266$ & $0.057302$ & $0.0586352$ & $-0.994258$ & $-0.994366$ & $-0.980898$ & $0.0377483$ & $0.252494$ & $0.0136764$ & $0.657635$ & $-0.237936$ & $-0.409797$ & $-0.000288887$ & $-0.0424576$ & $-0.0184397$ & $-0.00240958$ & $-0.0536873$ & $-0.297453$ & $-0.0110311$ & $0.0248558$ & $-0.00996282$ & $-0.00747024$ & $-0.00469369$ & $-0.00152183$ & $0.0011629$ & $0.000766241$ & $0.00235414$ & $-0.0165854$ & $-0.0082539$ & $-0.0102066$ & $0.00430002$ & $-0.00356392$ & $0.00545074$ \\
CH & $0.0310931$ & $0.0162805$ & $-0.014897$ & $-0.0299079$ & $-0.00848231$ & $-0.0108131$ & $-0.700278$ & $-0.049716$ & $-0.0398921$ & $-0.0284775$ & $0.0216442$ & $1$ & $0.0313043$ & $-0.00678381$ & $-0.0101127$ & $0.0514287$ & $0.0546397$ & $0.0565833$ & $-0.0205067$ & $-0.0237521$ & $-0.0250501$ & $-0.00314053$ & $0.0603149$ & $0.0539774$ & $0.00756665$ & $-0.0239421$ & $-0.0171625$ & $0.148838$ & $0.663586$ & $0.376817$ & $-0.599086$ & $0.681622$ & $-0.039325$ & $0.118174$ & $0.102409$ & $-0.0168315$ & $-0.0165532$ & $0.00705688$ & $-0.00916078$ & $-0.0172097$ & $0.00396167$ & $0.0107794$ & $0.022507$ & $0.0264292$ & $0.00832662$ & $0.000454413$ & $-0.0235096$ & $0.00631694$ \\
CHL1_11 & $0.0151632$ & $-0.02131$ & $0.0117275$ & $-0.00180795$ & $0.00435247$ & $-4.1281e-05$ & $-0.0297836$ & $0.202408$ & $0.199959$ & $0.0847659$ & $-0.6157$ & $0.0313043$ & $1$ & $0.381724$ & $0.379515$ & $0.610868$ & $0.573804$ & $0.571626$ & $0.628636$ & $0.584488$ & $0.571187$ & $-0.107488$ & $0.452667$ & $0.574022$ & $-0.39662$ & $-0.109413$ & $0.239066$ & $0.0061414$ & $0.0718765$ & $0.0428968$ & $-0.0335986$ & $0.0947725$ & $-0.228565$ & $-0.0120723$ & $-0.020215$ & $0.00309794$ & $-0.00493242$ & $0.00510467$ & $-0.00497928$ & $-0.00863719$ & $-0.0116076$ & $-0.000230603$ & $0.0060558$ & $-0.00182663$ & $0.0106424$ & $-0.00164754$ & $0.00849507$ & $-0.0048634$ \\
CHL1_22 & $-0.0123073$ & $-0.0232109$ & $0.00710066$ & $-0.00160654$ & $0.00417228$ & $-0.0784347$ & $0.00214663$ & $0.447263$ & $0.442273$ & $-0.199714$ & $-0.570133$ & $-0.00678381$ & $0.381724$ & $1$ & $0.531075$ & $0.141839$ & $-0.351567$ & $-0.0350414$ & $0.615191$ & $0.510306$ & $0.501251$ & $-0.177498$ & $0.0244473$ & $-0.10602$ & $-0.347603$ & $-0.328291$ & $0.208544$ & $-0.0024809$ & $0.0209604$ & $0.0143259$ & $0.00299541$ & $0.0286502$ & $-0.496562$ & $0.0106467$ & $-0.00615123$ & $-0.0022096$ & $0.0129934$ & $-0.00232669$ & $0.00524085$ & $-0.00110682$ & $0.0023089$ & $-0.00309308$ & $0.0337148$ & $0.000353369$ & $0.0127497$ & $0.00366714$ & $0.00472859$ & $-0.0112636$ \\
CHL1_33 & $0.00642931$ & $-0.0250095$ & $-0.00863854$ & $0.0118768$ & $0.00770101$ & $-0.0741012$ & $0.00414801$ & $0.445299$ & $0.441258$ & $-0.197328$ & $-0.566116$ & $-0.0101127$ & $0.379515$ & $0.531075$ & $1$ & $0.136535$ & $-0.0339094$ & $-0.34052$ & $0.610294$ & $0.508125$ & $0.517619$ & $-0.169673$ & $0.021444$ & $-0.101251$ & $-0.348648$ & $-0.311772$ & $0.20677$ & $-0.00153544$ & $0.0158681$ & $0.00565939$ & $0.00294029$ & $0.0236156$ & $-0.0412663$ & $0.00170904$ & $-0.018514$ & $0.00551647$ & $0.00531051$ & $0.000193462$ & $0.00124469$ & $0.0157334$ & $-0.00504218$ & $-0.000248301$ & $0.0213777$ & $0.00764217$ & $0.00455616$ & $-0.0119741$ & $0.00443062$ & $-0.0133261$ \\
CHL3_11 & $0.0305452$ & $0.00306951$ & $-0.00577804$ & $-0.00297471$ & $0.0019589$ & $-0.357372$ & $-0.0442844$ & $-0.306164$ & $-0.303529$ & $0.358057$ & $-0.174266$ & $0.0514287$ & $0.610868$ & $0.141839$ & $0.136535$ & $1$ & $0.812217$ & $0.8157$ & $0.188619$ & $0.148482$ & $0.142018$ & $-0.0869659$ & $0.768904$ & $0.848039$ & $-0.109286$ & $-0.19491$ & $0.0593111$ & $0.00846062$ & $0.0652248$ & $0.0406591$ & $-0.0485247$ & $0.0910725$ & $-0.299995$ & $-0.0124387$ & $-0.00901341$ & $-0.0114721$ & $-0.00450101$ & $-0.00330266$ & $-0.0212718$ & $-0.0106443$ & $-0.0089091$ & $0.00564017$ & $0.00137973$ & $-0.00552276$ & $0.00136853$ & $0.00459138$ & $0.0196418$ & $-0.00510951$ \\
CHL3_22 & $0.0345545$ & $0.0100613$ & $-0.0032536$ & $-0.000798936$ & $0.000920812$ & $-0.150386$ & $-0.0439695$ & $-0.477256$ & $-0.472246$ & $0.425388$ & $0.057302$ & $0.0546397$ & $0.573804$ & $-0.351567$ & $-0.0339094$ & $0.812217$ & $1$ & $0.78205$ & $-0.0567972$ & $-0.0616217$ & $-0.0632579$ & $-0.019713$ & $0.74552$ & $0.860882$ & $0.0325631$ & $-0.0798825$ & $-0.0267202$ & $0.0100552$ & $0.0565395$ & $0.0355344$ & $-0.0482288$ & $0.0773939$ & $-0.0909858$ & $-0.0217185$ & $-0.00969658$ & $-0.00583011$ & $-0.0135393$ & $0.00147017$ & $-0.0184078$ & $-0.0082989$ & $-0.0127795$ & $0.00595021$ & $-0.0156874$ & $-0.00508052$ & $-0.00220624$ & $-0.000286045$ & $0.012831$ & $-0.000322012$ \\
CHL3_33 & $0.0217925$ & $0.0122863$ & $0.00928544$ & $-0.0109616$ & $-0.00207833$ & $-0.152908$ & $-0.045055$ & $-0.479347$ & $-0.474998$ & $0.426482$ & $0.0586352$ & $0.0565833$ & $0.571626$ & $-0.0350414$ & $-0.34052$ & $0.8157$ & $0.78205$ & $1$ & $-0.0576063$ & $-0.0632122$ & $-0.0644201$ & $-0.0216645$ & $0.747973$ & $0.860472$ & $0.0349108$ & $-0.0869877$ & $-0.0275259$ & $0.00841273$ & $0.0586838$ & $0.0407944$ & $-0.0483009$ & $0.0794702$ & $-0.403692$ & $-0.0180716$ & $-0.00279279$ & $-0.0105768$ & $-0.00976929$ & $0.00119084$ & $-0.015955$ & $-0.0184685$ & $-0.00852834$ & $0.00439261$ & $-0.00903082$ & $-0.00920694$ & $0.00246441$ & $0.0100898$ & $0.0139267$ & $0.000756044$ \\
CHe_11 & $0.000645398$ & $-0.0336185$ & $0.00583972$ & $0.00131262$ & $0.00365321$ & $-0.1238$ & $0.00542004$ & $0.849969$ & $0.840787$ & $-0.347404$ & $-0.994258$ & $-0.0205067$ & $0.628636$ & $0.615191$ & $0.610294$ & $0.188619$ & $-0.0567972$ & $-0.0576063$ & $1$ & $0.983048$ & $0.969965$ & $-0.0566492$ & $-0.215677$ & $-0.00761081$ & $-0.651693$ & $0.179843$ & $0.404378$ & $0.00067276$ & $0.0416995$ & $0.0204403$ & $0.0019466$ & $0.0531166$ & $0.23647$ & $0.00807074$ & $-0.0237684$ & $0.00955334$ & $0.00739528$ & $0.00252887$ & $0.00114437$ & $-0.00260791$ & $-0.000865656$ & $-0.00133504$ & $0.0180403$ & $0.00488693$ & $0.00862961$ & $-0.000140526$ & $0.00292142$ & $-0.00674344$ \\
CHe_22 & $-0.000129025$ & $-0.0334765$ & $0.00610539$ & $0.00020287$ & $0.00320278$ & $-0.126907$ & $0.00688859$ & $0.883881$ & $0.874067$ & $-0.363439$ & $-0.994366$ & $-0.0237521$ & $0.584488$ & $0.510306$ & $0.508125$ & $0.148482$ & $-0.0616217$ & $-0.0632122$ & $0.983048$ & $1$ & $0.984512$ & $-0.0147111$ & $-0.296122$ & $-0.0240237$ & $-0.658341$ & $0.304965$ & $0.411498$ & $0.00031971$ & $0.0412025$ & $0.018326$ & $0.00315989$ & $0.0516438$ & $0.369082$ & $0.00868154$ & $-0.0237315$ & $0.0108822$ & $0.0067324$ & $0.0023572$ & $0.00123044$ & $-0.00462527$ & $-0.000162589$ & $-0.00185617$ & $0.012687$ & $0.00543978$ & $0.00713278$ & $-7.1115e-05$ & $0.00250537$ & $-0.00454675$ \\
CHe_33 & $-0.00181988$ & $-0.0324284$ & $0.00996368$ & $-0.000517328$ & $0.00329874$ & $-0.125324$ & $0.00864935$ & $0.874657$ & $0.864932$ & $-0.360637$ & $-0.980898$ & $-0.0250501$ & $0.571187$ & $0.501251$ & $0.517619$ & $0.142018$ & $-0.0632579$ & $-0.0644201$ & $0.969965$ & $0.984512$ & $1$ & $-0.0136943$ & $-0.296815$ & $-0.026432$ & $-0.64838$ & $0.304724$ & $0.405947$ & $-0.00018707$ & $0.0387057$ & $0.0165349$ & $0.00464992$ & $0.0483249$ & $0.370874$ & $0.00701558$ & $-0.0242724$ & $0.0101227$ & $0.00609961$ & $0.00269089$ & $0.00164747$ & $-0.00548874$ & $-0.000439358$ & $-0.00155954$ & $0.0115746$ & $0.00519397$ & $0.00674703$ & $0.000838106$ & $0.00422193$ & $-0.00427711$ \\
CHQ1_11 & $-0.0261293$ & $-0.0109754$ & $0.00440302$ & $0.00539237$ & $0.00784705$ & $0.00872128$ & $0.00319248$ & $0.0263801$ & $0.0263564$ & $-0.0312299$ & $0.0377483$ & $-0.00314053$ & $-0.107488$ & $-0.177498$ & $-0.169673$ & $-0.0869659$ & $-0.019713$ & $-0.0216645$ & $-0.0566492$ & $-0.0147111$ & $-0.0136943$ & $1$ & $-0.118895$ & $0.0445894$ & $-0.580466$ & $0.344606$ & $0.00202995$ & $0.00985732$ & $0.00189169$ & $0.00325035$ & $0.00521677$ & $-0.0039822$ & $0.190979$ & $0.00681802$ & $0.00195142$ & $0.028047$ & $0.00763335$ & $0.000922386$ & $-0.00113924$ & $-0.0120047$ & $-0.00595456$ & $-0.0117333$ & $-0.00579128$ & $0.00695392$ & $0.0130689$ & $0.0106036$ & $-0.00699926$ & $0.0067132$ \\
CHQ1_33 & $-0.0314666$ & $0.0205299$ & $-0.00159071$ & $0.00228767$ & $0.00117815$ & $-0.116018$ & $-0.0412949$ & $-0.662924$ & $-0.65561$ & $0.476817$ & $0.252494$ & $0.0603149$ & $0.452667$ & $0.0244473$ & $0.021444$ & $0.768904$ & $0.74552$ & $0.747973$ & $-0.215677$ & $-0.296122$ & $-0.296815$ & $-0.118895$ & $1$ & $0.76052$ & $0.179989$ & $-0.408599$ & $-0.0445426$ & $0.00961838$ & $0.0432515$ & $0.0314024$ & $-0.0425519$ & $0.060259$ & $-0.618954$ & $-0.0256143$ & $-0.00113608$ & $-0.00623164$ & $-0.00834413$ & $-0.00859719$ & $-0.0149508$ & $-0.0129964$ & $-0.00817938$ & $0.00794542$ & $0.000272794$ & $-0.0151845$ & $0.00662311$ & $-0.00269823$ & $0.0146997$ & $-0.0140761$ \\
CHQ3_11 & $-0.0685604$ & $0.015328$ & $-0.00114219$ & $0.00358783$ & $-0.000169725$ & $-0.195784$ & $-0.0436218$ & $-0.443943$ & $-0.439279$ & $0.411321$ & $0.0136764$ & $0.0539774$ & $0.574022$ & $-0.10602$ & $-0.101251$ & $0.848039$ & $0.860882$ & $0.860472$ & $-0.00761081$ & $-0.0240237$ & $-0.026432$ & $0.0445894$ & $0.76052$ & $1$ & $0.0101048$ & $0.0981484$ & $-0.00899721$ & $0.0105993$ & $0.0554764$ & $0.0384397$ & $-0.0481531$ & $0.0763259$ & $-0.274381$ & $-0.0220548$ & $-0.0103368$ & $0.00156221$ & $-0.00986525$ & $-0.00868994$ & $-0.012434$ & $-0.0177992$ & $-0.0119822$ & $0.00285543$ & $-0.0138811$ & $-0.0138634$ & $0.00807801$ & $0.00264817$ & $0.0158348$ & $-0.00835976$ \\
CHu_11 & $-0.0216178$ & $0.029897$ & $-0.01016$ & $0.00116503$ & $-0.0134716$ & $0.0774956$ & $-0.00314814$ & $-0.577391$ & $-0.571314$ & $0.242281$ & $0.657635$ & $0.00756665$ & $-0.39662$ & $-0.347603$ & $-0.348648$ & $-0.109286$ & $0.0325631$ & $0.0349108$ & $-0.651693$ & $-0.658341$ & $-0.64838$ & $-0.580466$ & $0.179989$ & $0.0101048$ & $1$ & $-0.160723$ & $-0.27314$ & $-0.00593848$ & $-0.0368402$ & $-0.0272713$ & $-0.00282281$ & $-0.0437591$ & $-0.22795$ & $-0.00886346$ & $0.0114779$ & $-0.0175194$ & $-0.00644578$ & $-0.002897$ & $0.0027313$ & $0.00169965$ & $0.00399926$ & $0.0109322$ & $-0.0082747$ & $-0.00555996$ & $-0.00696973$ & $-0.0152501$ & $0.00862998$ & $-0.00588754$ \\
CHd_11 & $-0.0402089$ & $0.00141463$ & $-0.00466573$ & $0.00714688$ & $-0.00404545$ & $-0.0451621$ & $0.0141427$ & $0.382784$ & $0.378015$ & $-0.196451$ & $-0.237936$ & $-0.0239421$ & $-0.109413$ & $-0.328291$ & $-0.311772$ & $-0.19491$ & $-0.0798825$ & $-0.0869877$ & $0.179843$ & $0.304965$ & $0.304724$ & $0.344606$ & $-0.408599$ & $0.0981484$ & $-0.160723$ & $1$ & $0.121855$ & $0.00123382$ & $-0.00280734$ & $-0.006581$ & $0.0116868$ & $-0.00417921$ & $0.678459$ & $0.00378555$ & $-0.00647139$ & $0.0198115$ & $0.000936098$ & $0.00170345$ & $0.00792433$ & $-0.013051$ & $0.0018918$ & $-0.0113874$ & $-0.026471$ & $-0.00374834$ & $-0.00440925$ & $0.00254102$ & $-0.00265107$ & $0.0150181$ \\
CHd_33 & $0.00693863$ & $-0.0349145$ & $-0.00226679$ & $0.00481451$ & $0.00794252$ & $-0.048957$ & $0.0077602$ & $0.366013$ & $0.3619$ & $-0.151805$ & $-0.409797$ & $-0.0171625$ & $0.239066$ & $0.208544$ & $0.20677$ & $0.0593111$ & $-0.0267202$ & $-0.0275259$ & $0.404378$ & $0.411498$ & $0.405947$ & $0.00202995$ & $-0.0445426$ & $-0.00899721$ & $-0.27314$ & $0.121855$ & $1$ & $0.00168552$ & $0.0134158$ & $-0.00236989$ & $0.00766589$ & $0.0202086$ & $0.155487$ & $0.010221$ & $-0.0102025$ & $-0.00750352$ & $0.0108794$ & $0.00125141$ & $0.00542978$ & $0.00148235$ & $0.00741155$ & $0.00352941$ & $0.00904864$ & $0.00958264$ & $0.0083313$ & $-0.0239493$ & $0.0145869$ & $-0.00104433$ \\
CeH_22r & $-0.00817937$ & $-0.0056486$ & $0.0105843$ & $0.0087863$ & $0.00662022$ & $-0.00761974$ & $-0.0877912$ & $-0.0042374$ & $0.00363738$ & $-0.0261768$ & $-0.000288887$ & $0.148838$ & $0.0061414$ & $-0.0024809$ & $-0.00153544$ & $0.00846062$ & $0.0100552$ & $0.00841273$ & $0.00067276$ & $0.00031971$ & $-0.00018707$ & $0.00985732$ & $0.00961838$ & $0.0105993$ & $-0.00593848$ & $0.00123382$ & $0.00168552$ & $1$ & $0.119575$ & $0.0595697$ & $-0.089827$ & $0.126909$ & $-0.00233742$ & $-0.00917608$ & $-0.0129175$ & $-0.00640901$ & $-0.0050633$ & $-0.000358021$ & $3.68353e-05$ & $-0.00992248$ & $0.00597708$ & $-0.00208829$ & $0.0112429$ & $-0.00469702$ & $-0.000936213$ & $-0.0135177$ & $0.00315032$ & $0.0146083$ \\
CeH_33r & $0.0283608$ & $0.00685688$ & $0.00409842$ & $0.00313182$ & $-0.00259183$ & $-0.0180678$ & $-0.498854$ & $0.00576577$ & $0.0285991$ & $-0.159003$ & $-0.0424576$ & $0.663586$ & $0.0718765$ & $0.0209604$ & $0.0158681$ & $0.0652248$ & $0.0565395$ & $0.0586838$ & $0.0416995$ & $0.0412025$ & $0.0387057$ & $0.00189169$ & $0.0432515$ & $0.0554764$ & $-0.0368402$ & $-0.00280734$ & $0.0134158$ & $0.119575$ & $1$ & $0.464131$ & $-0.347817$ & $0.800202$ & $-0.0121207$ & $0.03118$ & $0.0182468$ & $-0.124604$ & $-0.0313529$ & $-0.0131061$ & $-0.0111363$ & $0.00306876$ & $0.00645958$ & $0.0393313$ & $0.00845327$ & $0.0454542$ & $-0.00743934$ & $-0.00952623$ & $-0.0122755$ & $0.00136385$ \\
CuH_22r & $0.0217312$ & $0.0544268$ & $0.0418691$ & $-0.01144$ & $-0.003664$ & $-1.66273e-05$ & $-0.288947$ & $-0.00555368$ & $0.00825295$ & $-0.0771983$ & $-0.0184397$ & $0.376817$ & $0.0428968$ & $0.0143259$ & $0.00565939$ & $0.0406591$ & $0.0355344$ & $0.0407944$ & $0.0204403$ & $0.018326$ & $0.0165349$ & $0.00325035$ & $0.0314024$ & $0.0384397$ & $-0.0272713$ & $-0.006581$ & $-0.00236989$ & $0.0595697$ & $0.464131$ & $1$ & $-0.184838$ & $0.499325$ & $-0.01659$ & $0.0268851$ & $-0.0303852$ & $-0.0690848$ & $-0.0142336$ & $-0.0497138$ & $-0.0130077$ & $-0.0482748$ & $-0.00549989$ & $-0.0106992$ & $0.030996$ & $-0.0595501$ & $0.0831445$ & $0.253166$ & $-0.044335$ & $0.00772289$ \\
CuH_33r & $-0.0155617$ & $-0.0176135$ & $0.0293775$ & $0.0195196$ & $0.00468262$ & $0.0157723$ & $0.946849$ & $0.0282119$ & $0.0478766$ & $0.0112307$ & $-0.00240958$ & $-0.599086$ & $-0.0335986$ & $0.00299541$ & $0.00294029$ & $-0.0485247$ & $-0.0482288$ & $-0.0483009$ & $0.0019466$ & $0.00315989$ & $0.00464992$ & $0.00521677$ & $-0.0425519$ & $-0.0481531$ & $-0.00282281$ & $0.0116868$ & $0.00766589$ & $-0.089827$ & $-0.347817$ & $-0.184838$ & $1$ & $-0.342276$ & $0.0216715$ & $-0.037981$ & $-0.0615735$ & $0.0049415$ & $0.0048382$ & $-0.000944708$ & $-0.00301975$ & $0.0116083$ & $-0.00244673$ & $-0.0106508$ & $-0.0116134$ & $-0.0167467$ & $-0.0125928$ & $-0.00777071$ & $0.011008$ & $-0.00131046$ \\
CdH_33r & $0.072251$ & $0.0223432$ & $0.0344803$ & $0.0200208$ & $0.00435259$ & $-0.0248728$ & $-0.515459$ & $0.00323185$ & $0.0269178$ & $-0.178298$ & $-0.0536873$ & $0.681622$ & $0.0947725$ & $0.0286502$ & $0.0236156$ & $0.0910725$ & $0.0773939$ & $0.0794702$ & $0.0531166$ & $0.0516438$ & $0.0483249$ & $-0.0039822$ & $0.060259$ & $0.0763259$ & $-0.0437591$ & $-0.00417921$ & $0.0202086$ & $0.126909$ & $0.800202$ & $0.499325$ & $-0.342276$ & $1$ & $-0.0191351$ & $-0.00757466$ & $0.0360559$ & $-0.116472$ & $-0.0329046$ & $-0.0355751$ & $-0.00322816$ & $0.0194183$ & $0.00633866$ & $0.0369604$ & $-0.0330466$ & $0.0105636$ & $-0.0263535$ & $0.000279168$ & $0.12365$ & $0.299216$ \\
CLL_1221 & $0.000362095$ & $0.0127093$ & $-0.00833802$ & $0.00267263$ & $-0.00475796$ & $-0.079647$ & $0.024175$ & $0.515148$ & $0.50945$ & $-0.291221$ & $-0.297453$ & $-0.039325$ & $-0.228565$ & $-0.496562$ & $-0.0412663$ & $-0.299995$ & $-0.0909858$ & $-0.403692$ & $0.23647$ & $0.369082$ & $0.370874$ & $0.190979$ & $-0.618954$ & $-0.274381$ & $-0.22795$ & $0.678459$ & $0.155487$ & $-0.00233742$ & $-0.0121207$ & $-0.01659$ & $0.0216715$ & $-0.0191351$ & $1$ & $0.00658302$ & $-0.00651956$ & $0.0130038$ & $-0.001058$ & $-0.00156093$ & $0.000475603$ & $-0.00101891$ & $0.00415077$ & $0.000193808$ & $-0.0199803$ & $0.00340735$ & $-0.0115173$ & $0.000285657$ & $-0.00561555$ & $0.00919484$ \\
eHggint & $0.0448227$ & $-0.105984$ & $-0.124361$ & $-0.122727$ & $-0.00988705$ & $-0.00878732$ & $-0.0927406$ & $0.0195176$ & $0.00605274$ & $-0.00507733$ & $-0.0110311$ & $0.118174$ & $-0.0120723$ & $0.0106467$ & $0.00170904$ & $-0.0124387$ & $-0.0217185$ & $-0.0180716$ & $0.00807074$ & $0.00868154$ & $0.00701558$ & $0.00681802$ & $-0.0256143$ & $-0.0220548$ & $-0.00886346$ & $0.00378555$ & $0.010221$ & $-0.00917608$ & $0.03118$ & $0.0268851$ & $-0.037981$ & $-0.00757466$ & $0.00658302$ & $1$ & $0.140081$ & $0.0875952$ & $0.0169889$ & $0.121158$ & $-0.0025955$ & $-0.0425779$ & $0.00996102$ & $-0.0119591$ & $0.126683$ & $0.129855$ & $0.0534663$ & $0.0304581$ & $-0.0857572$ & $-0.0908205$ \\
eHggpar & $0.0356744$ & $0.138453$ & $-0.0708563$ & $-0.114836$ & $-0.016873$ & $-0.000153755$ & $-0.0943714$ & $-0.0203598$ & $-0.0281715$ & $0.0308454$ & $0.0248558$ & $0.102409$ & $-0.020215$ & $-0.00615123$ & $-0.018514$ & $-0.00901341$ & $-0.00969658$ & $-0.00279279$ & $-0.0237684$ & $-0.0237315$ & $-0.0242724$ & $0.00195142$ & $-0.00113608$ & $-0.0103368$ & $0.0114779$ & $-0.00647139$ & $-0.0102025$ & $-0.0129175$ & $0.0182468$ & $-0.0303852$ & $-0.0615735$ & $0.0360559$ & $-0.00651956$ & $0.140081$ & $1$ & $0.0810019$ & $-0.0275261$ & $0.191221$ & $-0.0199373$ & $0.075974$ & $-0.0205978$ & $0.0162602$ & $-0.004229$ & $-0.00218378$ & $0.0120146$ & $-0.153787$ & $-0.0258358$ & $0.0697933$ \\
eHWWint & $-0.0808851$ & $-0.00241714$ & $-0.0501034$ & $-0.0572467$ & $-0.00401646$ & $0.0135725$ & $0.0214255$ & $0.0145608$ & $-0.00218197$ & $0.00363198$ & $-0.00996282$ & $-0.0168315$ & $0.00309794$ & $-0.0022096$ & $0.00551647$ & $-0.0114721$ & $-0.00583011$ & $-0.0105768$ & $0.00955334$ & $0.0108822$ & $0.0101227$ & $0.028047$ & $-0.00623164$ & $0.00156221$ & $-0.0175194$ & $0.0198115$ & $-0.00750352$ & $-0.00640901$ & $-0.124604$ & $-0.0690848$ & $0.0049415$ & $-0.116472$ & $0.0130038$ & $0.0875952$ & $0.0810019$ & $1$ & $0.0105323$ & $0.0119354$ & $-0.0121509$ & $-0.0293381$ & $-0.00252183$ & $-0.178366$ & $0.0175087$ & $0.0159664$ & $0.0709107$ & $-0.0110506$ & $0.0157864$ & $0.051656$ \\
eHWWpar & $0.0093899$ & $-0.0178756$ & $0.0133559$ & $0.0016682$ & $-0.00352322$ & $0.000887431$ & $0.00853862$ & $0.0107004$ & $0.00769708$ & $-0.00560513$ & $-0.00747024$ & $-0.0165532$ & $-0.00493242$ & $0.0129934$ & $0.00531051$ & $-0.00450101$ & $-0.0135393$ & $-0.00976929$ & $0.00739528$ & $0.0067324$ & $0.00609961$ & $0.00763335$ & $-0.00834413$ & $-0.00986525$ & $-0.00644578$ & $0.000936098$ & $0.0108794$ & $-0.0050633$ & $-0.0313529$ & $-0.0142336$ & $0.0048382$ & $-0.0329046$ & $-0.001058$ & $0.0169889$ & $-0.0275261$ & $0.0105323$ & $1$ & $-0.00699628$ & $0.00699753$ & $-0.0234078$ & $-0.00092202$ & $-0.0237868$ & $0.0058249$ & $-0.01068$ & $-0.00776332$ & $0.00363692$ & $-0.0210895$ & $-0.021474$ \\
eHZZint & $0.115133$ & $-0.140109$ & $0.136839$ & $-0.0462735$ & $-0.0155435$ & $0.00457048$ & $-0.0159634$ & $0.0057825$ & $-0.00186027$ & $0.0110877$ & $-0.00469369$ & $0.00705688$ & $0.00510467$ & $-0.00232669$ & $0.000193462$ & $-0.00330266$ & $0.00147017$ & $0.00119084$ & $0.00252887$ & $0.0023572$ & $0.00269089$ & $0.000922386$ & $-0.00859719$ & $-0.00868994$ & $-0.002897$ & $0.00170345$ & $0.00125141$ & $-0.000358021$ & $-0.0131061$ & $-0.0497138$ & $-0.000944708$ & $-0.0355751$ & $-0.00156093$ & $0.121158$ & $0.191221$ & $0.0119354$ & $-0.00699628$ & $1$ & $-0.0184898$ & $0.00498235$ & $-0.0125179$ & $-0.0511357$ & $-0.0447664$ & $-0.0577797$ & $0.0181225$ & $-0.166799$ & $-0.0202315$ & $-0.0585981$ \\
eHZZpar & $-0.00747281$ & $-0.0104618$ & $-0.00854893$ & $0.00194922$ & $-0.00557266$ & $0.0178523$ & $-0.00223922$ & $0.010125$ & $0.00930518$ & $-0.00755311$ & $-0.00152183$ & $-0.00916078$ & $-0.00497928$ & $0.00524085$ & $0.00124469$ & $-0.0212718$ & $-0.0184078$ & $-0.015955$ & $0.00114437$ & $0.00123044$ & $0.00164747$ & $-0.00113924$ & $-0.0149508$ & $-0.012434$ & $0.0027313$ & $0.00792433$ & $0.00542978$ & $3.68353e-05$ & $-0.0111363$ & $-0.0130077$ & $-0.00301975$ & $-0.00322816$ & $0.000475603$ & $-0.0025955$ & $-0.0199373$ & $-0.0121509$ & $0.00699753$ & $-0.0184898$ & $1$ & $0.00648228$ & $0.00411094$ & $0.00812378$ & $-0.00426413$ & $-0.0121768$ & $0.00634302$ & $0.00350494$ & $-0.0140571$ & $0.0174642$ \\
eHZgaint & $0.0659686$ & $-0.0767596$ & $-0.24504$ & $0.0860728$ & $0.0141886$ & $0.00852342$ & $0.0130586$ & $0.00307217$ & $0.00464342$ & $-0.0465675$ & $0.0011629$ & $-0.0172097$ & $-0.00863719$ & $-0.00110682$ & $0.0157334$ & $-0.0106443$ & $-0.0082989$ & $-0.0184685$ & $-0.00260791$ & $-0.00462527$ & $-0.00548874$ & $-0.0120047$ & $-0.0129964$ & $-0.0177992$ & $0.00169965$ & $-0.013051$ & $0.00148235$ & $-0.00992248$ & $0.00306876$ & $-0.0482748$ & $0.0116083$ & $0.0194183$ & $-0.00101891$ & $-0.0425779$ & $0.075974$ & $-0.0293381$ & $-0.0234078$ & $0.00498235$ & $0.00648228$ & $1$ & $0.00181059$ & $0.0106972$ & $0.133676$ & $0.17326$ & $-0.0325832$ & $-0.195473$ & $-0.021886$ & $0.0789577$ \\
eHZgapar & $-0.00111745$ & $-0.00611647$ & $0.011606$ & $0.0201565$ & $0.00368024$ & $-0.000299333$ & $-0.000881266$ & $0.00540222$ & $0.00648783$ & $-0.0136704$ & $0.000766241$ & $0.00396167$ & $-0.0116076$ & $0.0023089$ & $-0.00504218$ & $-0.0089091$ & $-0.0127795$ & $-0.00852834$ & $-0.000865656$ & $-0.000162589$ & $-0.000439358$ & $-0.00595456$ & $-0.00817938$ & $-0.0119822$ & $0.00399926$ & $0.0018918$ & $0.00741155$ & $0.00597708$ & $0.00645958$ & $-0.00549989$ & $-0.00244673$ & $0.00633866$ & $0.00415077$ & $0.00996102$ & $-0.0205978$ & $-0.00252183$ & $-0.00092202$ & $-0.0125179$ & $0.00411094$ & $0.00181059$ & $1$ & $0.0127529$ & $0.00400037$ & $0.0163618$ & $-0.0262406$ & $-0.0314833$ & $-0.00550455$ & $-0.00154164$ \\
eHgagaint & $-0.0701481$ & $-0.0318482$ & $0.131549$ & $0.0158301$ & $0.0145651$ & $-0.00734548$ & $-0.0160336$ & $-0.00310346$ & $0.0448077$ & $0.00450545$ & $0.00235414$ & $0.0107794$ & $-0.000230603$ & $-0.00309308$ & $-0.000248301$ & $0.00564017$ & $0.00595021$ & $0.00439261$ & $-0.00133504$ & $-0.00185617$ & $-0.00155954$ & $-0.0117333$ & $0.00794542$ & $0.00285543$ & $0.0109322$ & $-0.0113874$ & $0.00352941$ & $-0.00208829$ & $0.0393313$ & $-0.0106992$ & $-0.0106508$ & $0.0369604$ & $0.000193808$ & $-0.0119591$ & $0.0162602$ & $-0.178366$ & $-0.0237868$ & $-0.0511357$ & $0.00812378$ & $0.0106972$ & $0.0127529$ & $1$ & $0.116387$ & $0.11629$ & $0.0813028$ & $-0.112158$ & $0.0595968$ & $-0.00947236$ \\
eHmumuint & $-0.0267827$ & $-0.10193$ & $0.0291415$ & $-0.14404$ & $-0.00689229$ & $-0.00579788$ & $-0.017417$ & $0.0157821$ & $0.0201746$ & $-0.00825057$ & $-0.0165854$ & $0.022507$ & $0.0060558$ & $0.0337148$ & $0.0213777$ & $0.00137973$ & $-0.0156874$ & $-0.00903082$ & $0.0180403$ & $0.012687$ & $0.0115746$ & $-0.00579128$ & $0.000272794$ & $-0.0138811$ & $-0.0082747$ & $-0.026471$ & $0.00904864$ & $0.0112429$ & $0.00845327$ & $0.030996$ & $-0.0116134$ & $-0.0330466$ & $-0.0199803$ & $0.126683$ & $-0.004229$ & $0.0175087$ & $0.0058249$ & $-0.0447664$ & $-0.00426413$ & $0.133676$ & $0.00400037$ & $0.116387$ & $1$ & $0.0773428$ & $0.113077$ & $0.0520248$ & $-0.0424304$ & $-0.138496$ \\
eHtautauint & $0.0505387$ & $-0.192057$ & $-0.0701763$ & $-0.0265844$ & $0.0114288$ & $-0.00275273$ & $-0.0195808$ & $0.0126146$ & $0.0174279$ & $-0.0212116$ & $-0.0082539$ & $0.0264292$ & $-0.00182663$ & $0.000353369$ & $0.00764217$ & $-0.00552276$ & $-0.00508052$ & $-0.00920694$ & $0.00488693$ & $0.00543978$ & $0.00519397$ & $0.00695392$ & $-0.0151845$ & $-0.0138634$ & $-0.00555996$ & $-0.00374834$ & $0.00958264$ & $-0.00469702$ & $0.0454542$ & $-0.0595501$ & $-0.0167467$ & $0.0105636$ & $0.00340735$ & $0.129855$ & $-0.00218378$ & $0.0159664$ & $-0.01068$ & $-0.0577797$ & $-0.0121768$ & $0.17326$ & $0.0163618$ & $0.11629$ & $0.0773428$ & $1$ & $-0.0832736$ & $-0.178079$ & $0.0218512$ & $0.00648828$ \\
eHccint & $-0.116912$ & $-0.178462$ & $0.0256316$ & $-0.00537739$ & $-0.0137603$ & $0.00231334$ & $-0.0120311$ & $0.0101424$ & $0.0129731$ & $0.00184541$ & $-0.0102066$ & $0.00832662$ & $0.0106424$ & $0.0127497$ & $0.00455616$ & $0.00136853$ & $-0.00220624$ & $0.00246441$ & $0.00862961$ & $0.00713278$ & $0.00674703$ & $0.0130689$ & $0.00662311$ & $0.00807801$ & $-0.00696973$ & $-0.00440925$ & $0.0083313$ & $-0.000936213$ & $-0.00743934$ & $0.0831445$ & $-0.0125928$ & $-0.0263535$ & $-0.0115173$ & $0.0534663$ & $0.0120146$ & $0.0709107$ & $-0.00776332$ & $0.0181225$ & $0.00634302$ & $-0.0325832$ & $-0.0262406$ & $0.0813028$ & $0.113077$ & $-0.0832736$ & $1$ & $0.127987$ & $-0.0512142$ & $-0.0551789$ \\
eHccpar & $0.0393564$ & $0.229843$ & $0.162808$ & $-0.0923357$ & $-0.0139015$ & $0.00159834$ & $-0.00391172$ & $-0.00773474$ & $-0.0127824$ & $0.0170615$ & $0.00430002$ & $0.000454413$ & $-0.00164754$ & $0.00366714$ & $-0.0119741$ & $0.00459138$ & $-0.000286045$ & $0.0100898$ & $-0.000140526$ & $-7.1115e-05$ & $0.000838106$ & $0.0106036$ & $-0.00269823$ & $0.00264817$ & $-0.0152501$ & $0.00254102$ & $-0.0239493$ & $-0.0135177$ & $-0.00952623$ & $0.253166$ & $-0.00777071$ & $0.000279168$ & $0.000285657$ & $0.0304581$ & $-0.153787$ & $-0.0110506$ & $0.00363692$ & $-0.166799$ & $0.00350494$ & $-0.195473$ & $-0.0314833$ & $-0.112158$ & $0.0520248$ & $-0.178079$ & $0.127987$ & $1$ & $-0.10967$ & $0.0405372$ \\
eHbbint & $-0.0126775$ & $-0.023965$ & $-0.0843621$ & $0.0409816$ & $-0.00178911$ & $-0.0224827$ & $0.0164453$ & $-0.00472791$ & $-0.00148866$ & $-0.00230491$ & $-0.00356392$ & $-0.0235096$ & $0.00849507$ & $0.00472859$ & $0.00443062$ & $0.0196418$ & $0.012831$ & $0.0139267$ & $0.00292142$ & $0.00250537$ & $0.00422193$ & $-0.00699926$ & $0.0146997$ & $0.0158348$ & $0.00862998$ & $-0.00265107$ & $0.0145869$ & $0.00315032$ & $-0.0122755$ & $-0.044335$ & $0.011008$ & $0.12365$ & $-0.00561555$ & $-0.0857572$ & $-0.0258358$ & $0.0157864$ & $-0.0210895$ & $-0.0202315$ & $-0.0140571$ & $-0.021886$ & $-0.00550455$ & $0.0595968$ & $-0.0424304$ & $0.0218512$ & $-0.0512142$ & $-0.10967$ & $1$ & $0.0981812$ \\
eHbbpar & $0.158089$ & $0.0482597$ & $0.141327$ & $0.0577399$ & $0.0157937$ & $0.00662794$ & $-0.00221527$ & $-0.00289874$ & $-0.00273861$ & $-0.00208773$ & $0.00545074$ & $0.00631694$ & $-0.0048634$ & $-0.0112636$ & $-0.0133261$ & $-0.00510951$ & $-0.000322012$ & $0.000756044$ & $-0.00674344$ & $-0.00454675$ & $-0.00427711$ & $0.0067132$ & $-0.0140761$ & $-0.00835976$ & $-0.00588754$ & $0.0150181$ & $-0.00104433$ & $0.0146083$ & $0.00136385$ & $0.00772289$ & $-0.00131046$ & $0.299216$ & $0.00919484$ & $-0.0908205$ & $0.0697933$ & $0.051656$ & $-0.021474$ & $-0.0585981$ & $0.0174642$ & $0.0789577$ & $-0.00154164$ & $-0.00947236$ & $-0.138496$ & $0.00648828$ & $-0.0551789$ & $0.0405372$ & $0.0981812$ & $1$ \\
