 & AlsMz & dAle5Mz & mtop & mHl & Mz & CW & CHG & CHWB & CHWHB_gaga & CHWHB_gagaorth & CHD & CHbox & CH & CHL1_11 & CHL1_22 & CHL1_33 & CHL3_11 & CHL3_22 & CHL3_33 & CHe_11 & CHe_22 & CHe_33 & CHQ1_11 & CHQ1_33 & CHQ3_11 & CHu_11 & CHd_11 & CHd_33 & CeH_22r & CeH_33r & CuH_22r & CuH_33r & CdH_33r & CLL_1221 & eHggint & eHggpar & eHWWint & eHWWpar & eHZZint & eHZZpar & eHZgaint & eHZgapar & eHgagaint & eHmumuint & eHtautauint & eHccint & eHccpar & eHbbint & eHbbpar \\
AlsMz & $1$ & $-0.00527313$ & $-0.0201923$ & $0.0184927$ & $0.0145839$ & $-0.00665638$ & $-0.00481103$ & $-0.0130415$ & $-0.0101988$ & $0.00548777$ & $-0.00396882$ & $0.00584575$ & $-0.0032576$ & $0.00348747$ & $-0.00769563$ & $-0.00678305$ & $0.011657$ & $0.0160723$ & $0.0127518$ & $-0.00724508$ & $-0.0104462$ & $-0.00852292$ & $-0.0033171$ & $-0.0293106$ & $-0.101551$ & $-0.00969222$ & $-0.0116852$ & $0.00784265$ & $-0.000726917$ & $0.0123113$ & $0.012464$ & $-0.00391916$ & $0.00592561$ & $-0.000844157$ & $-0.0051631$ & $-0.0227384$ & $0.0172079$ & $-0.00700696$ & $-0.0184362$ & $-0.0141306$ & $2.34247e-05$ & $0.00541439$ & $0.0243268$ & $0.0250316$ & $0.00951237$ & $0.0359749$ & $0.0199964$ & $0.0279494$ & $-0.00770661$ \\
dAle5Mz & $-0.00527313$ & $1$ & $-0.0188474$ & $0.0163202$ & $-0.00377005$ & $0.0269025$ & $0.00231231$ & $-0.193671$ & $-0.190312$ & $0.0546596$ & $0.173815$ & $0.00179755$ & $-0.0164206$ & $-0.0349791$ & $-0.0106646$ & $-0.00168601$ & $0.0666134$ & $-0.000963477$ & $-0.00412491$ & $-0.183562$ & $-0.0100495$ & $-0.0195907$ & $-0.00364965$ & $0.00537328$ & $0.00619714$ & $0.00715031$ & $0.00575408$ & $0.000363743$ & $-0.00297979$ & $-0.00166082$ & $-0.00508833$ & $0.00560688$ & $0.0298751$ & $0.10583$ & $0.00866326$ & $-0.00099359$ & $-0.0152807$ & $0.0131811$ & $0.00414261$ & $0.0160007$ & $0.00671305$ & $-0.0133066$ & $-0.026375$ & $-0.0284635$ & $0.000640662$ & $0.0179865$ & $-0.0204516$ & $0.013511$ & $0.0294897$ \\
mtop & $-0.0201923$ & $-0.0188474$ & $1$ & $0.0108701$ & $-0.0093848$ & $-0.00255956$ & $-0.0103437$ & $0.00935542$ & $0.00325123$ & $0.00334959$ & $-0.000240264$ & $0.00362568$ & $0.00607192$ & $0.00319646$ & $0.00405207$ & $0.00332808$ & $0.000385016$ & $-0.00415991$ & $0.00221347$ & $0.0113231$ & $0.0104248$ & $-8.86911e-05$ & $-0.00115093$ & $-0.00186689$ & $0.00186085$ & $-0.0091943$ & $-0.00404186$ & $0.00154308$ & $-0.00370929$ & $-0.000756111$ & $0.00271299$ & $-0.0092372$ & $-0.00731194$ & $-0.00235466$ & $0.00149085$ & $0.048436$ & $0.0172486$ & $0.0102988$ & $-0.0517738$ & $-0.00519429$ & $-0.0425134$ & $-0.0103834$ & $-0.0452237$ & $-0.0406442$ & $0.0213375$ & $0.0352455$ & $0.0193692$ & $-0.0149684$ & $0.0048262$ \\
mHl & $0.0184927$ & $0.0163202$ & $0.0108701$ & $1$ & $-0.00229939$ & $0.00500714$ & $0.00161676$ & $-0.00397237$ & $-0.00165506$ & $-0.00110377$ & $0.00489541$ & $0.00490779$ & $-0.000595099$ & $-0.00326397$ & $0.00347519$ & $0.00918621$ & $-0.000507347$ & $-0.00204367$ & $0.000186061$ & $0.00210105$ & $0.000783395$ & $-0.000948357$ & $-0.00149225$ & $0.00509792$ & $-0.00259433$ & $-0.00192177$ & $-0.00541482$ & $0.0125752$ & $-0.0117246$ & $0.00886842$ & $0.00383383$ & $0.00345549$ & $0.0204804$ & $0.000264375$ & $-0.00318095$ & $0.00741473$ & $-0.00122339$ & $-0.00399113$ & $0.0190995$ & $-0.00388523$ & $0.00224107$ & $0.00644327$ & $0.028674$ & $0.00969818$ & $-0.0193482$ & $-0.0114859$ & $0.0125569$ & $0.0299697$ & $0.0157925$ \\
Mz & $0.0145839$ & $-0.00377005$ & $-0.0093848$ & $-0.00229939$ & $1$ & $-0.00158799$ & $-0.00390122$ & $-2.81484e-05$ & $-0.00292233$ & $-0.00431944$ & $0.089637$ & $0.0105481$ & $0.00169622$ & $-0.00297237$ & $0.000516651$ & $-0.00448574$ & $-0.00884989$ & $-0.0046473$ & $-0.000664434$ & $0.0104859$ & $0.0017703$ & $-0.000416682$ & $-0.00280307$ & $-0.00429903$ & $-0.0094029$ & $0.00435078$ & $0.00149671$ & $0.00264504$ & $0.00380041$ & $-0.00630093$ & $-0.0045081$ & $-0.00501017$ & $-0.0139538$ & $-0.00454638$ & $-0.00554421$ & $-0.00310028$ & $0.00266738$ & $-0.0011055$ & $0.018151$ & $0.00982226$ & $-0.00937675$ & $0.00554641$ & $-0.00836823$ & $0.0128551$ & $-0.00426406$ & $0.00605909$ & $0.0054582$ & $0.0024343$ & $-0.00839953$ \\
CW & $-0.00665638$ & $0.0269025$ & $-0.00255956$ & $0.00500714$ & $-0.00158799$ & $1$ & $-0.00262499$ & $-0.122396$ & $-0.120843$ & $0.0328694$ & $0.111439$ & $0.0442261$ & $-0.0151662$ & $0.108643$ & $0.0175084$ & $0.0175449$ & $-0.0529291$ & $0.0131246$ & $0.013182$ & $-0.10361$ & $-0.0502158$ & $-0.0490046$ & $-0.00624947$ & $0.0487344$ & $0.00913144$ & $0.0064253$ & $-0.0502693$ & $-0.00676684$ & $-0.0017352$ & $0.00791349$ & $0.00499367$ & $0.00116855$ & $0.00946216$ & $-0.0977966$ & $0.00236712$ & $-0.00706062$ & $-0.0094944$ & $0.00660194$ & $-0.00188081$ & $0.00661968$ & $0.000427478$ & $-0.00335855$ & $-0.00299142$ & $-0.00329693$ & $-0.000848663$ & $0.00310791$ & $0.000427308$ & $0.00541946$ & $0.00180921$ \\
CHG & $-0.00481103$ & $0.00231231$ & $-0.0103437$ & $0.00161676$ & $-0.00390122$ & $-0.00262499$ & $1$ & $-0.014746$ & $0.0484691$ & $0.000658355$ & $0.0125075$ & $-0.000890314$ & $-0.0857629$ & $0.00477836$ & $0.00475176$ & $0.00621228$ & $0.00412054$ & $-0.00309694$ & $-0.00101644$ & $-0.0111635$ & $-0.0034286$ & $-0.00754639$ & $-0.00321101$ & $-0.00103719$ & $0.000792172$ & $0.00394283$ & $-0.00702492$ & $-0.00533313$ & $0.02094$ & $-0.0542299$ & $-0.040427$ & $0.937482$ & $-0.069322$ & $-0.0142737$ & $-0.0278545$ & $-0.0143163$ & $0.0223016$ & $0.0104238$ & $-0.00664117$ & $0.000903226$ & $-0.00751888$ & $0.00179518$ & $-0.00341178$ & $-0.00458144$ & $-0.00579053$ & $0.00424345$ & $-0.00846842$ & $0.00337754$ & $-0.00209975$ \\
CHWB & $-0.0130415$ & $-0.193671$ & $0.00935542$ & $-0.00397237$ & $-2.81484e-05$ & $-0.122396$ & $-0.014746$ & $1$ & $0.975641$ & $-0.307339$ & $-0.878327$ & $-0.433278$ & $0.0833541$ & $-0.078922$ & $-0.0930853$ & $-0.0892882$ & $-0.358681$ & $-0.200898$ & $-0.20252$ & $0.754351$ & $0.37943$ & $0.35293$ & $0.0392175$ & $-0.376742$ & $-0.245931$ & $-0.0768561$ & $0.280059$ & $0.0644663$ & $-0.000196493$ & $0.00735414$ & $0.00267485$ & $-0.0306176$ & $-0.016212$ & $0.618955$ & $-0.0144214$ & $-0.0127036$ & $0.0076025$ & $-0.00572495$ & $0.00256927$ & $-0.00095067$ & $0.00824112$ & $0.00258042$ & $0.00892269$ & $0.0106936$ & $0.000265396$ & $0.00115176$ & $-0.00538278$ & $-0.00467407$ & $-0.00645346$ \\
CHWHB_gaga & $-0.0101988$ & $-0.190312$ & $0.00325123$ & $-0.00165506$ & $-0.00292233$ & $-0.120843$ & $0.0484691$ & $0.975641$ & $1$ & $-0.309165$ & $-0.856763$ & $-0.40213$ & $0.0787666$ & $-0.0856002$ & $-0.0921715$ & $-0.0875839$ & $-0.358846$ & $-0.197202$ & $-0.198491$ & $0.743644$ & $0.370457$ & $0.34377$ & $0.0380656$ & $-0.369152$ & $-0.24023$ & $-0.074549$ & $0.274673$ & $0.0630205$ & $0.00740954$ & $0.0350297$ & $0.0180295$ & $0.0212123$ & $0.0147423$ & $0.602425$ & $-0.0401559$ & $-0.0261889$ & $-0.0100864$ & $-0.0140935$ & $0.00220751$ & $-0.00200934$ & $0.0115701$ & $0.00453843$ & $0.0978925$ & $0.0163533$ & $-0.00233679$ & $0.00254253$ & $-0.00058085$ & $0.000420123$ & $-0.00532761$ \\
CHWHB_gagaorth & $0.00548777$ & $0.0546596$ & $0.00334959$ & $-0.00110377$ & $-0.00431944$ & $0.0328694$ & $0.000658355$ & $-0.307339$ & $-0.309165$ & $1$ & $0.0254496$ & $0.40087$ & $-0.133433$ & $0.763423$ & $0.0850459$ & $0.0794277$ & $0.809359$ & $0.264695$ & $0.266124$ & $-0.0304553$ & $-0.0335138$ & $-0.0323332$ & $-0.0488218$ & $0.270268$ & $0.326793$ & $0.0215761$ & $-0.135806$ & $-0.00715328$ & $-0.00841357$ & $-0.0767524$ & $-0.0307003$ & $0.0175637$ & $-0.0395744$ & $-0.202495$ & $0.0421747$ & $0.0262809$ & $-0.00873137$ & $0.00280217$ & $0.000735075$ & $-0.00112763$ & $-0.0345361$ & $-0.0210898$ & $-0.0160004$ & $-0.015967$ & $0.00817693$ & $-0.00250919$ & $0.000763926$ & $0.00352532$ & $0.00204384$ \\
CHD & $-0.00396882$ & $0.173815$ & $-0.000240264$ & $0.00489541$ & $0.089637$ & $0.111439$ & $0.0125075$ & $-0.878327$ & $-0.856763$ & $0.0254496$ & $1$ & $0.305725$ & $-0.0397417$ & $-0.191337$ & $0.0456168$ & $0.0441697$ & $0.0698587$ & $0.104637$ & $0.107136$ & $-0.775209$ & $-0.37794$ & $-0.350933$ & $-0.0193749$ & $0.269964$ & $0.129918$ & $0.0750256$ & $-0.214776$ & $-0.0634037$ & $0.00426822$ & $0.00117733$ & $0.00203325$ & $0.0221428$ & $0.0157822$ & $-0.469548$ & $0.00408035$ & $0.00696171$ & $-0.00654514$ & $0.00212233$ & $-0.0048849$ & $-0.00142989$ & $0.00315538$ & $0.00456535$ & $-0.00987204$ & $-0.00507418$ & $-0.00236941$ & $0.000473017$ & $0.00633083$ & $0.00306522$ & $0.00254566$ \\
CHbox & $0.00584575$ & $0.00179755$ & $0.00362568$ & $0.00490779$ & $0.0105481$ & $0.0442261$ & $-0.000890314$ & $-0.433278$ & $-0.40213$ & $0.40087$ & $0.305725$ & $1$ & $-0.119825$ & $0.115732$ & $0.0725413$ & $0.0630622$ & $0.251329$ & $0.113901$ & $0.120891$ & $-0.0899693$ & $-0.133664$ & $-0.118503$ & $-0.0226816$ & $0.195872$ & $0.149228$ & $0.0219248$ & $-0.141249$ & $-0.019874$ & $0.0264508$ & $0.190235$ & $0.0435129$ & $0.0772288$ & $0.275969$ & $-0.336447$ & $0.092762$ & $0.0618913$ & $-0.0210776$ & $-0.00270311$ & $-0.0101578$ & $-0.0113284$ & $-0.0168982$ & $-0.0050585$ & $-0.0179331$ & $-0.0133936$ & $0.0137489$ & $0.00666814$ & $0.00195976$ & $0.00911784$ & $0.000596297$ \\
CH & $-0.0032576$ & $-0.0164206$ & $0.00607192$ & $-0.000595099$ & $0.00169622$ & $-0.0151662$ & $-0.0857629$ & $0.0833541$ & $0.0787666$ & $-0.133433$ & $-0.0397417$ & $-0.119825$ & $1$ & $-0.137228$ & $-0.014927$ & $-0.0147882$ & $-0.147868$ & $-0.0485853$ & $-0.0513542$ & $0.0849902$ & $0.0253$ & $0.0231253$ & $0.00901511$ & $-0.0573927$ & $-0.0602276$ & $-0.00876278$ & $0.0300888$ & $0.0022347$ & $0.00794701$ & $0.0788111$ & $0.032435$ & $-0.0790015$ & $0.101357$ & $0.0456371$ & $0.00394372$ & $0.000230764$ & $0.00993021$ & $-0.00161408$ & $0.00531193$ & $1.57464e-05$ & $-0.000713364$ & $0.00947823$ & $-0.00606161$ & $-0.00568997$ & $0.00345885$ & $0.00839937$ & $0.00156681$ & $-0.0146775$ & $-0.00516904$ \\
CHL1_11 & $0.00348747$ & $-0.0349791$ & $0.00319646$ & $-0.00326397$ & $-0.00297237$ & $0.108643$ & $0.00477836$ & $-0.078922$ & $-0.0856002$ & $0.763423$ & $-0.191337$ & $0.115732$ & $-0.137228$ & $1$ & $0.082708$ & $0.0773372$ & $0.624207$ & $0.216414$ & $0.221032$ & $0.0888503$ & $0.0512103$ & $0.0437384$ & $-0.0389479$ & $0.207317$ & $0.258572$ & $0.00107389$ & $-0.105469$ & $0.00707353$ & $-0.010869$ & $-0.0408133$ & $-0.0206405$ & $0.00534919$ & $-0.0450868$ & $-0.11188$ & $0.0220021$ & $0.0106302$ & $-0.00574154$ & $-0.000511659$ & $0.0013469$ & $0.00156034$ & $-0.0302762$ & $-0.0133818$ & $-0.00798413$ & $-0.0124205$ & $0.00571821$ & $-0.00790851$ & $0.00286997$ & $0.00227432$ & $0.00142965$ \\
CHL1_22 & $-0.00769563$ & $-0.0106646$ & $0.00405207$ & $0.00347519$ & $0.000516651$ & $0.0175084$ & $0.00475176$ & $-0.0930853$ & $-0.0921715$ & $0.0850459$ & $0.0456168$ & $0.0725413$ & $-0.014927$ & $0.082708$ & $1$ & $0.333921$ & $0.0740799$ & $-0.636117$ & $-0.223383$ & $-0.0236253$ & $-0.257557$ & $-0.1986$ & $-0.093787$ & $0.272971$ & $-0.318596$ & $0.0243715$ & $-0.52608$ & $-0.0336652$ & $0.00235046$ & $-0.000893235$ & $-0.000630615$ & $0.0102624$ & $-0.0013058$ & $-0.589628$ & $0.00968994$ & $0.00299829$ & $0.00744173$ & $0.00392331$ & $-0.0164124$ & $0.00514179$ & $-0.00861754$ & $0.00477887$ & $-0.0011685$ & $0.00401033$ & $0.00671322$ & $-0.00274348$ & $0.00877097$ & $-0.00172345$ & $-0.00785516$ \\
CHL1_33 & $-0.00678305$ & $-0.00168601$ & $0.00332808$ & $0.00918621$ & $-0.00448574$ & $0.0175449$ & $0.00621228$ & $-0.0892882$ & $-0.0875839$ & $0.0794277$ & $0.0441697$ & $0.0630622$ & $-0.0147882$ & $0.0773372$ & $0.333921$ & $1$ & $0.0651625$ & $-0.214833$ & $-0.618575$ & $-0.0267792$ & $-0.194543$ & $-0.303666$ & $-0.0919414$ & $0.260697$ & $-0.305585$ & $0.0255286$ & $-0.50664$ & $-0.0408149$ & $0.00629689$ & $0.000890916$ & $-0.00339473$ & $0.0131299$ & $0.00385583$ & $-0.267142$ & $0.00949258$ & $-0.000350858$ & $-0.00180841$ & $0.00307484$ & $-0.00728192$ & $0.00192037$ & $-0.00864393$ & $-0.000976039$ & $-0.00131916$ & $0.00717514$ & $-0.000287039$ & $0.00123132$ & $-0.0104024$ & $0.000368437$ & $0.000768267$ \\
CHL3_11 & $0.011657$ & $0.0666134$ & $0.000385016$ & $-0.000507347$ & $-0.00884989$ & $-0.0529291$ & $0.00412054$ & $-0.358681$ & $-0.358846$ & $0.809359$ & $0.0698587$ & $0.251329$ & $-0.147868$ & $0.624207$ & $0.0740799$ & $0.0651625$ & $1$ & $0.297568$ & $0.2995$ & $-0.111235$ & $-0.0508215$ & $-0.0471121$ & $-0.043698$ & $0.282993$ & $0.368895$ & $0.0238523$ & $-0.126667$ & $-0.00868203$ & $-0.00665447$ & $-0.0440258$ & $-0.0203944$ & $0.00950454$ & $-0.0466169$ & $-0.18527$ & $0.0232276$ & $0.0168747$ & $-0.00599986$ & $0.00323846$ & $0.00251478$ & $0.000871458$ & $-0.0311685$ & $-0.0168512$ & $-0.01165$ & $-0.0148198$ & $0.00316037$ & $-0.002511$ & $0.000567535$ & $0.00166548$ & $0.00221647$ \\
CHL3_22 & $0.0160723$ & $-0.000963477$ & $-0.00415991$ & $-0.00204367$ & $-0.0046473$ & $0.0131246$ & $-0.00309694$ & $-0.200898$ & $-0.197202$ & $0.264695$ & $0.104637$ & $0.113901$ & $-0.0485853$ & $0.216414$ & $-0.636117$ & $-0.214833$ & $0.297568$ & $1$ & $0.402075$ & $-0.103937$ & $0.025803$ & $0.0366832$ & $0.0666706$ & $0.0191761$ & $0.591208$ & $0.00816925$ & $0.338059$ & $0.00529271$ & $-0.00458619$ & $-0.0197483$ & $-0.00824734$ & $-0.00120747$ & $-0.012665$ & $0.538339$ & $0.00630588$ & $0.00591989$ & $-0.00565511$ & $-0.00421841$ & $0.0136455$ & $-0.00542376$ & $0.00153527$ & $-0.00622008$ & $-0.00343034$ & $-0.0143681$ & $-0.00256222$ & $-0.00101808$ & $-0.00389543$ & $0.000158892$ & $0.0069574$ \\
CHL3_33 & $0.0127518$ & $-0.00412491$ & $0.00221347$ & $0.000186061$ & $-0.000664434$ & $0.013182$ & $-0.00101644$ & $-0.20252$ & $-0.198491$ & $0.266124$ & $0.107136$ & $0.120891$ & $-0.0513542$ & $0.221032$ & $-0.223383$ & $-0.618575$ & $0.2995$ & $0.402075$ & $1$ & $-0.105286$ & $0.0313361$ & $0.0338824$ & $0.0665773$ & $0.0301309$ & $0.58655$ & $0.0049001$ & $0.336196$ & $0.011553$ & $-0.0086854$ & $-0.0197252$ & $-0.00603355$ & $-0.00136454$ & $-0.0150395$ & $0.0880464$ & $0.00604134$ & $0.008114$ & $0.000677359$ & $-0.00129555$ & $0.00731709$ & $0.000121624$ & $-0.00450256$ & $-0.00247497$ & $0.000593158$ & $-0.00671704$ & $0.00188981$ & $-0.000569101$ & $0.00869984$ & $-0.000317044$ & $0.00391608$ \\
CHe_11 & $-0.00724508$ & $-0.183562$ & $0.0113231$ & $0.00210105$ & $0.0104859$ & $-0.10361$ & $-0.0111635$ & $0.754351$ & $0.743644$ & $-0.0304553$ & $-0.775209$ & $-0.0899693$ & $0.0849902$ & $0.0888503$ & $-0.0236253$ & $-0.0267792$ & $-0.111235$ & $-0.103937$ & $-0.105286$ & $1$ & $0.34383$ & $0.32215$ & $0.0167548$ & $-0.238871$ & $-0.122274$ & $-0.0703957$ & $0.185727$ & $0.0591129$ & $-0.000627158$ & $-0.0153311$ & $-0.000256537$ & $-0.0102215$ & $0.00311914$ & $0.386827$ & $0.00264366$ & $-0.00399726$ & $-0.00401793$ & $-0.00274759$ & $0.00528444$ & $-0.000936361$ & $-0.00116736$ & $0.00211403$ & $0.0162787$ & $0.00488113$ & $-0.000726218$ & $0.00524827$ & $-0.00380558$ & $-0.00347983$ & $-0.00319973$ \\
CHe_22 & $-0.0104462$ & $-0.0100495$ & $0.0104248$ & $0.000783395$ & $0.0017703$ & $-0.0502158$ & $-0.0034286$ & $0.37943$ & $0.370457$ & $-0.0335138$ & $-0.37794$ & $-0.133664$ & $0.0253$ & $0.0512103$ & $-0.257557$ & $-0.194543$ & $-0.0508215$ & $0.025803$ & $0.0313361$ & $0.34383$ & $1$ & $0.282537$ & $0.0435592$ & $-0.283236$ & $-0.00185169$ & $-0.0513625$ & $0.32351$ & $0.0509487$ & $0.000224918$ & $-0.00156654$ & $0.00216868$ & $-0.0106226$ & $-0.00846544$ & $0.290616$ & $-0.0037615$ & $-0.00702645$ & $-0.00427227$ & $0.00196854$ & $0.00686183$ & $-0.00344837$ & $0.00386418$ & $-0.00443256$ & $-0.000661022$ & $-0.00127171$ & $9.9745e-05$ & $0.00431943$ & $-0.00548688$ & $-0.00589372$ & $-0.00152134$ \\
CHe_33 & $-0.00852292$ & $-0.0195907$ & $-8.86911e-05$ & $-0.000948357$ & $-0.000416682$ & $-0.0490046$ & $-0.00754639$ & $0.35293$ & $0.34377$ & $-0.0323332$ & $-0.350933$ & $-0.118503$ & $0.0231253$ & $0.0437384$ & $-0.1986$ & $-0.303666$ & $-0.0471121$ & $0.0366832$ & $0.0338824$ & $0.32215$ & $0.282537$ & $1$ & $0.0455661$ & $-0.268843$ & $0.00113568$ & $-0.0501188$ & $0.312707$ & $0.050241$ & $-0.00256772$ & $0.00472803$ & $0.00396824$ & $-0.0107947$ & $-0.00358543$ & $0.277099$ & $0.00191967$ & $-0.00294481$ & $-0.000776001$ & $-0.00395826$ & $0.00680924$ & $-0.00248418$ & $0.00628322$ & $-0.00540446$ & $0.00364597$ & $-0.0105688$ & $0.00127072$ & $-0.00406794$ & $0.00490697$ & $-0.00737509$ & $-0.00105164$ \\
CHQ1_11 & $-0.0033171$ & $-0.00364965$ & $-0.00115093$ & $-0.00149225$ & $-0.00280307$ & $-0.00624947$ & $-0.00321101$ & $0.0392175$ & $0.0380656$ & $-0.0488218$ & $-0.0193749$ & $-0.0226816$ & $0.00901511$ & $-0.0389479$ & $-0.093787$ & $-0.0919414$ & $-0.043698$ & $0.0666706$ & $0.0665773$ & $0.0167548$ & $0.0435592$ & $0.0455661$ & $1$ & $-0.0662598$ & $0.110308$ & $-0.593762$ & $0.239845$ & $0.0154455$ & $0.00667465$ & $0.00454806$ & $0.0130267$ & $-0.00304329$ & $-0.00405204$ & $0.0926791$ & $-0.00345037$ & $-0.00481493$ & $0.00302744$ & $-0.00056465$ & $0.0060676$ & $7.35889e-05$ & $-0.00149812$ & $0.00421547$ & $0.01248$ & $0.00269392$ & $-0.00210155$ & $0.00101039$ & $0.00715206$ & $0.00170041$ & $-0.00557962$ \\
CHQ1_33 & $-0.0293106$ & $0.00537328$ & $-0.00186689$ & $0.00509792$ & $-0.00429903$ & $0.0487344$ & $-0.00103719$ & $-0.376742$ & $-0.369152$ & $0.270268$ & $0.269964$ & $0.195872$ & $-0.0573927$ & $0.207317$ & $0.272971$ & $0.260697$ & $0.282993$ & $0.0191761$ & $0.0301309$ & $-0.238871$ & $-0.283236$ & $-0.268843$ & $-0.0662598$ & $1$ & $0.080789$ & $0.0518212$ & $-0.236836$ & $0.114532$ & $-0.00383666$ & $-0.0100102$ & $-0.00764514$ & $0.00605853$ & $-0.00797199$ & $-0.339787$ & $0.00736268$ & $0.00918977$ & $0.00451839$ & $0.00219532$ & $-1.7551e-05$ & $-0.000325252$ & $-0.0104246$ & $-0.00213891$ & $-0.00103784$ & $-0.0025615$ & $-0.00447863$ & $-0.000611625$ & $0.00179269$ & $-0.00147878$ & $0.00210042$ \\
CHQ3_11 & $-0.101551$ & $0.00619714$ & $0.00186085$ & $-0.00259433$ & $-0.0094029$ & $0.00913144$ & $0.000792172$ & $-0.245931$ & $-0.24023$ & $0.326793$ & $0.129918$ & $0.149228$ & $-0.0602276$ & $0.258572$ & $-0.318596$ & $-0.305585$ & $0.368895$ & $0.591208$ & $0.58655$ & $-0.122274$ & $-0.00185169$ & $0.00113568$ & $0.110308$ & $0.080789$ & $1$ & $0.0196662$ & $0.530219$ & $0.000383263$ & $-0.00819044$ & $-0.0353642$ & $-0.0103022$ & $-0.00140865$ & $-0.0205443$ & $0.187735$ & $0.0103243$ & $0.00552821$ & $-0.0032471$ & $-0.00318479$ & $0.015698$ & $-0.000258547$ & $-0.00563043$ & $-0.00488317$ & $-0.00752487$ & $-0.0116023$ & $0.0013817$ & $-0.00272294$ & $0.0033411$ & $-0.00192013$ & $0.00735165$ \\
CHu_11 & $-0.00969222$ & $0.00715031$ & $-0.0091943$ & $-0.00192177$ & $0.00435078$ & $0.0064253$ & $0.00394283$ & $-0.0768561$ & $-0.074549$ & $0.0215761$ & $0.0750256$ & $0.0219248$ & $-0.00876278$ & $0.00107389$ & $0.0243715$ & $0.0255286$ & $0.0238523$ & $0.00816925$ & $0.0049001$ & $-0.0703957$ & $-0.0513625$ & $-0.0501188$ & $-0.593762$ & $0.0518212$ & $0.0196662$ & $1$ & $0.154208$ & $-0.0118541$ & $-0.0117219$ & $-0.00209277$ & $-0.0110045$ & $0.00482864$ & $0.000187911$ & $-0.0475648$ & $0.0078275$ & $0.00724423$ & $-0.00417176$ & $0.000426001$ & $-0.0066706$ & $-0.00142717$ & $0.00257312$ & $0.00124548$ & $-0.0077704$ & $-0.0009811$ & $-0.00490589$ & $-0.00206702$ & $-0.00492482$ & $-0.0124329$ & $0.00400979$ \\
CHd_11 & $-0.0116852$ & $0.00575408$ & $-0.00404186$ & $-0.00541482$ & $0.00149671$ & $-0.0502693$ & $-0.00702492$ & $0.280059$ & $0.274673$ & $-0.135806$ & $-0.214776$ & $-0.141249$ & $0.0300888$ & $-0.105469$ & $-0.52608$ & $-0.50664$ & $-0.126667$ & $0.338059$ & $0.336196$ & $0.185727$ & $0.32351$ & $0.312707$ & $0.239845$ & $-0.236836$ & $0.530219$ & $0.154208$ & $1$ & $0.0330297$ & $-0.00653222$ & $-0.00529171$ & $0.000142135$ & $-0.0162627$ & $-0.00984748$ & $0.514436$ & $-0.00752272$ & $-0.00524931$ & $0.00219731$ & $-0.0027201$ & $0.00782175$ & $-0.00104814$ & $0.00773408$ & $0.00387245$ & $0.0050261$ & $-0.00600448$ & $-0.0013661$ & $0.00166858$ & $-0.00125111$ & $-0.00707039$ & $0.00218612$ \\
CHd_33 & $0.00784265$ & $0.000363743$ & $0.00154308$ & $0.0125752$ & $0.00264504$ & $-0.00676684$ & $-0.00533313$ & $0.0644663$ & $0.0630205$ & $-0.00715328$ & $-0.0634037$ & $-0.019874$ & $0.0022347$ & $0.00707353$ & $-0.0336652$ & $-0.0408149$ & $-0.00868203$ & $0.00529271$ & $0.011553$ & $0.0591129$ & $0.0509487$ & $0.050241$ & $0.0154455$ & $0.114532$ & $0.000383263$ & $-0.0118541$ & $0.0330297$ & $1$ & $0.000184466$ & $-0.00136491$ & $-0.00259173$ & $-0.00819772$ & $-0.00881715$ & $0.0512879$ & $-0.00459791$ & $-0.00174256$ & $0.00934718$ & $0.00201392$ & $0.0156573$ & $-0.00279227$ & $0.00119927$ & $0.00167209$ & $0.00354271$ & $0.00525704$ & $-0.00484353$ & $-0.0028574$ & $0.0021673$ & $0.00346814$ & $-0.00337397$ \\
CeH_22r & $-0.000726917$ & $-0.00297979$ & $-0.00370929$ & $-0.0117246$ & $0.00380041$ & $-0.0017352$ & $0.02094$ & $-0.000196493$ & $0.00740954$ & $-0.00841357$ & $0.00426822$ & $0.0264508$ & $0.00794701$ & $-0.010869$ & $0.00235046$ & $0.00629689$ & $-0.00665447$ & $-0.00458619$ & $-0.0086854$ & $-0.000627158$ & $0.000224918$ & $-0.00256772$ & $0.00667465$ & $-0.00383666$ & $-0.00819044$ & $-0.0117219$ & $-0.00653222$ & $0.000184466$ & $1$ & $0.0284292$ & $0.0132715$ & $0.00498138$ & $0.0272861$ & $-0.00185313$ & $-0.0342131$ & $-0.0149583$ & $-0.0200455$ & $-0.00160693$ & $-0.00957827$ & $0.00220728$ & $0.000504637$ & $-0.00305579$ & $0.000732869$ & $0.0113785$ & $-0.004218$ & $-0.00611266$ & $0.00117044$ & $-0.000957656$ & $-0.00679998$ \\
CeH_33r & $0.0123113$ & $-0.00166082$ & $-0.000756111$ & $0.00886842$ & $-0.00630093$ & $0.00791349$ & $-0.0542299$ & $0.00735414$ & $0.0350297$ & $-0.0767524$ & $0.00117733$ & $0.190235$ & $0.0788111$ & $-0.0408133$ & $-0.000893235$ & $0.000890916$ & $-0.0440258$ & $-0.0197483$ & $-0.0197252$ & $-0.0153311$ & $-0.00156654$ & $0.00472803$ & $0.00454806$ & $-0.0100102$ & $-0.0353642$ & $-0.00209277$ & $-0.00529171$ & $-0.00136491$ & $0.0284292$ & $1$ & $0.245805$ & $0.0627446$ & $0.534381$ & $-0.00237534$ & $-0.0621782$ & $-0.013698$ & $-0.208357$ & $-0.0948936$ & $-0.026908$ & $-0.00806327$ & $0.0154121$ & $0.00541119$ & $0.0019839$ & $-0.005157$ & $0.0940484$ & $-0.00618751$ & $-0.0129045$ & $0.00265176$ & $0.00881394$ \\
CuH_22r & $0.012464$ & $-0.00508833$ & $0.00271299$ & $0.00383383$ & $-0.0045081$ & $0.00499367$ & $-0.040427$ & $0.00267485$ & $0.0180295$ & $-0.0307003$ & $0.00203325$ & $0.0435129$ & $0.032435$ & $-0.0206405$ & $-0.000630615$ & $-0.00339473$ & $-0.0203944$ & $-0.00824734$ & $-0.00603355$ & $-0.000256537$ & $0.00216868$ & $0.00396824$ & $0.0130267$ & $-0.00764514$ & $-0.0103022$ & $-0.0110045$ & $0.000142135$ & $-0.00259173$ & $0.0132715$ & $0.245805$ & $1$ & $0.0326819$ & $0.27703$ & $-0.00236552$ & $-0.0119338$ & $-0.0188074$ & $-0.0851342$ & $-0.0536671$ & $0.00637445$ & $0.00589082$ & $0.0187507$ & $0.00399652$ & $0.030011$ & $0.0133551$ & $-0.0155757$ & $0.0859141$ & $0.415381$ & $0.00929595$ & $-0.0017584$ \\
CuH_33r & $-0.00391916$ & $0.00560688$ & $-0.0092372$ & $0.00345549$ & $-0.00501017$ & $0.00116855$ & $0.937482$ & $-0.0306176$ & $0.0212123$ & $0.0175637$ & $0.0221428$ & $0.0772288$ & $-0.0790015$ & $0.00534919$ & $0.0102624$ & $0.0131299$ & $0.00950454$ & $-0.00120747$ & $-0.00136454$ & $-0.0102215$ & $-0.0106226$ & $-0.0107947$ & $-0.00304329$ & $0.00605853$ & $-0.00140865$ & $0.00482864$ & $-0.0162627$ & $-0.00819772$ & $0.00498138$ & $0.0627446$ & $0.0326819$ & $1$ & $0.0887633$ & $-0.0284951$ & $0.0664347$ & $0.0346481$ & $-0.020623$ & $-0.00913535$ & $0.000333768$ & $0.00587017$ & $-0.00935129$ & $0.00200443$ & $-0.00656673$ & $-0.00806414$ & $0.00101844$ & $0.00837375$ & $-0.00783989$ & $0.00690776$ & $0.01165$ \\
CdH_33r & $0.00592561$ & $0.0298751$ & $-0.00731194$ & $0.0204804$ & $-0.0139538$ & $0.00946216$ & $-0.069322$ & $-0.016212$ & $0.0147423$ & $-0.0395744$ & $0.0157822$ & $0.275969$ & $0.101357$ & $-0.0450868$ & $-0.0013058$ & $0.00385583$ & $-0.0466169$ & $-0.012665$ & $-0.0150395$ & $0.00311914$ & $-0.00846544$ & $-0.00358543$ & $-0.00405204$ & $-0.00797199$ & $-0.0205443$ & $0.000187911$ & $-0.00984748$ & $-0.00881715$ & $0.0272861$ & $0.534381$ & $0.27703$ & $0.0887633$ & $1$ & $-0.0150741$ & $-0.047591$ & $0.0192143$ & $-0.247662$ & $-0.11835$ & $-0.00921018$ & $-0.00606302$ & $0.034913$ & $0.0137006$ & $0.0231275$ & $0.0134504$ & $0.00354403$ & $0.0045868$ & $-0.0165022$ & $0.181647$ & $0.553201$ \\
CLL_1221 & $-0.000844157$ & $0.10583$ & $-0.00235466$ & $0.000264375$ & $-0.00454638$ & $-0.0977966$ & $-0.0142737$ & $0.618955$ & $0.602425$ & $-0.202495$ & $-0.469548$ & $-0.336447$ & $0.0456371$ & $-0.11188$ & $-0.589628$ & $-0.267142$ & $-0.18527$ & $0.538339$ & $0.0880464$ & $0.386827$ & $0.290616$ & $0.277099$ & $0.0926791$ & $-0.339787$ & $0.187735$ & $-0.0475648$ & $0.514436$ & $0.0512879$ & $-0.00185313$ & $-0.00237534$ & $-0.00236552$ & $-0.0284951$ & $-0.0150741$ & $1$ & $-0.0112997$ & $-0.00943633$ & $-0.000231896$ & $-0.00564994$ & $0.0104963$ & $-0.00201117$ & $0.0173585$ & $-0.0031181$ & $-0.00209113$ & $-0.00668213$ & $-0.00257089$ & $0.00550739$ & $-0.0131167$ & $-0.000600615$ & $0.00525689$ \\
eHggint & $-0.0051631$ & $0.00866326$ & $0.00149085$ & $-0.00318095$ & $-0.00554421$ & $0.00236712$ & $-0.0278545$ & $-0.0144214$ & $-0.0401559$ & $0.0421747$ & $0.00408035$ & $0.092762$ & $0.00394372$ & $0.0220021$ & $0.00968994$ & $0.00949258$ & $0.0232276$ & $0.00630588$ & $0.00604134$ & $0.00264366$ & $-0.0037615$ & $0.00191967$ & $-0.00345037$ & $0.00736268$ & $0.0103243$ & $0.0078275$ & $-0.00752272$ & $-0.00459791$ & $-0.0342131$ & $-0.0621782$ & $-0.0119338$ & $0.0664347$ & $-0.047591$ & $-0.0112997$ & $1$ & $-0.0733325$ & $0.0331647$ & $0.027826$ & $0.00500212$ & $-0.0163154$ & $-0.044749$ & $-0.0133938$ & $-0.0232305$ & $-0.00952728$ & $0.0353157$ & $0.0189964$ & $0.00764799$ & $0.0298446$ & $-0.00871489$ \\
eHggpar & $-0.0227384$ & $-0.00099359$ & $0.048436$ & $0.00741473$ & $-0.00310028$ & $-0.00706062$ & $-0.0143163$ & $-0.0127036$ & $-0.0261889$ & $0.0262809$ & $0.00696171$ & $0.0618913$ & $0.000230764$ & $0.0106302$ & $0.00299829$ & $-0.000350858$ & $0.0168747$ & $0.00591989$ & $0.008114$ & $-0.00399726$ & $-0.00702645$ & $-0.00294481$ & $-0.00481493$ & $0.00918977$ & $0.00552821$ & $0.00724423$ & $-0.00524931$ & $-0.00174256$ & $-0.0149583$ & $-0.013698$ & $-0.0188074$ & $0.0346481$ & $0.0192143$ & $-0.00943633$ & $-0.0733325$ & $1$ & $-0.00151662$ & $-0.0125914$ & $-0.0428142$ & $-0.000298793$ & $-0.0358111$ & $0.0128782$ & $-0.0451297$ & $-0.0318693$ & $0.0279357$ & $0.0138617$ & $-0.030469$ & $-0.0202939$ & $0.0563485$ \\
eHWWint & $0.0172079$ & $-0.0152807$ & $0.0172486$ & $-0.00122339$ & $0.00266738$ & $-0.0094944$ & $0.0223016$ & $0.0076025$ & $-0.0100864$ & $-0.00873137$ & $-0.00654514$ & $-0.0210776$ & $0.00993021$ & $-0.00574154$ & $0.00744173$ & $-0.00180841$ & $-0.00599986$ & $-0.00565511$ & $0.000677359$ & $-0.00401793$ & $-0.00427227$ & $-0.000776001$ & $0.00302744$ & $0.00451839$ & $-0.0032471$ & $-0.00417176$ & $0.00219731$ & $0.00934718$ & $-0.0200455$ & $-0.208357$ & $-0.0851342$ & $-0.020623$ & $-0.247662$ & $-0.000231896$ & $0.0331647$ & $-0.00151662$ & $1$ & $-0.0166323$ & $0.0172945$ & $-0.0164723$ & $-0.0337629$ & $-8.80613e-05$ & $-0.0305525$ & $0.0132583$ & $-0.0464676$ & $0.00638488$ & $0.0289712$ & $-0.000535935$ & $-0.0416181$ \\
eHWWpar & $-0.00700696$ & $0.0131811$ & $0.0102988$ & $-0.00399113$ & $-0.0011055$ & $0.00660194$ & $0.0104238$ & $-0.00572495$ & $-0.0140935$ & $0.00280217$ & $0.00212233$ & $-0.00270311$ & $-0.00161408$ & $-0.000511659$ & $0.00392331$ & $0.00307484$ & $0.00323846$ & $-0.00421841$ & $-0.00129555$ & $-0.00274759$ & $0.00196854$ & $-0.00395826$ & $-0.00056465$ & $0.00219532$ & $-0.00318479$ & $0.000426001$ & $-0.0027201$ & $0.00201392$ & $-0.00160693$ & $-0.0948936$ & $-0.0536671$ & $-0.00913535$ & $-0.11835$ & $-0.00564994$ & $0.027826$ & $-0.0125914$ & $-0.0166323$ & $1$ & $0.0116841$ & $0.00387676$ & $-0.00858142$ & $-0.000809078$ & $-0.0104869$ & $-0.0165978$ & $0.010758$ & $-0.00256835$ & $-0.00680505$ & $-0.0145474$ & $-0.0113028$ \\
eHZZint & $-0.0184362$ & $0.00414261$ & $-0.0517738$ & $0.0190995$ & $0.018151$ & $-0.00188081$ & $-0.00664117$ & $0.00256927$ & $0.00220751$ & $0.000735075$ & $-0.0048849$ & $-0.0101578$ & $0.00531193$ & $0.0013469$ & $-0.0164124$ & $-0.00728192$ & $0.00251478$ & $0.0136455$ & $0.00731709$ & $0.00528444$ & $0.00686183$ & $0.00680924$ & $0.0060676$ & $-1.7551e-05$ & $0.015698$ & $-0.0066706$ & $0.00782175$ & $0.0156573$ & $-0.00957827$ & $-0.026908$ & $0.00637445$ & $0.000333768$ & $-0.00921018$ & $0.0104963$ & $0.00500212$ & $-0.0428142$ & $0.0172945$ & $0.0116841$ & $1$ & $-0.00974378$ & $0.0228083$ & $0.00416461$ & $0.0351449$ & $0.0311047$ & $-0.0382178$ & $0.0173504$ & $0.0446365$ & $0.0172087$ & $0.0238408$ \\
eHZZpar & $-0.0141306$ & $0.0160007$ & $-0.00519429$ & $-0.00388523$ & $0.00982226$ & $0.00661968$ & $0.000903226$ & $-0.00095067$ & $-0.00200934$ & $-0.00112763$ & $-0.00142989$ & $-0.0113284$ & $1.57464e-05$ & $0.00156034$ & $0.00514179$ & $0.00192037$ & $0.000871458$ & $-0.00542376$ & $0.000121624$ & $-0.000936361$ & $-0.00344837$ & $-0.00248418$ & $7.35889e-05$ & $-0.000325252$ & $-0.000258547$ & $-0.00142717$ & $-0.00104814$ & $-0.00279227$ & $0.00220728$ & $-0.00806327$ & $0.00589082$ & $0.00587017$ & $-0.00606302$ & $-0.00201117$ & $-0.0163154$ & $-0.000298793$ & $-0.0164723$ & $0.00387676$ & $-0.00974378$ & $1$ & $-0.0054414$ & $0.0108$ & $0.0066369$ & $-0.00734985$ & $0.00273217$ & $0.00346804$ & $0.0139058$ & $0.0129195$ & $-0.0045308$ \\
eHZgaint & $2.34247e-05$ & $0.00671305$ & $-0.0425134$ & $0.00224107$ & $-0.00937675$ & $0.000427478$ & $-0.00751888$ & $0.00824112$ & $0.0115701$ & $-0.0345361$ & $0.00315538$ & $-0.0168982$ & $-0.000713364$ & $-0.0302762$ & $-0.00861754$ & $-0.00864393$ & $-0.0311685$ & $0.00153527$ & $-0.00450256$ & $-0.00116736$ & $0.00386418$ & $0.00628322$ & $-0.00149812$ & $-0.0104246$ & $-0.00563043$ & $0.00257312$ & $0.00773408$ & $0.00119927$ & $0.000504637$ & $0.0154121$ & $0.0187507$ & $-0.00935129$ & $0.034913$ & $0.0173585$ & $-0.044749$ & $-0.0358111$ & $-0.0337629$ & $-0.00858142$ & $0.0228083$ & $-0.0054414$ & $1$ & $-0.0180217$ & $0.0302767$ & $-3.39952e-05$ & $-0.00709164$ & $-0.0185518$ & $0.0262388$ & $0.0216105$ & $0.0375511$ \\
eHZgapar & $0.00541439$ & $-0.0133066$ & $-0.0103834$ & $0.00644327$ & $0.00554641$ & $-0.00335855$ & $0.00179518$ & $0.00258042$ & $0.00453843$ & $-0.0210898$ & $0.00456535$ & $-0.0050585$ & $0.00947823$ & $-0.0133818$ & $0.00477887$ & $-0.000976039$ & $-0.0168512$ & $-0.00622008$ & $-0.00247497$ & $0.00211403$ & $-0.00443256$ & $-0.00540446$ & $0.00421547$ & $-0.00213891$ & $-0.00488317$ & $0.00124548$ & $0.00387245$ & $0.00167209$ & $-0.00305579$ & $0.00541119$ & $0.00399652$ & $0.00200443$ & $0.0137006$ & $-0.0031181$ & $-0.0133938$ & $0.0128782$ & $-8.80613e-05$ & $-0.000809078$ & $0.00416461$ & $0.0108$ & $-0.0180217$ & $1$ & $0.0253668$ & $0.0257881$ & $-0.00980771$ & $0.00300802$ & $-0.00354726$ & $0.0252614$ & $0.0058944$ \\
eHgagaint & $0.0243268$ & $-0.026375$ & $-0.0452237$ & $0.028674$ & $-0.00836823$ & $-0.00299142$ & $-0.00341178$ & $0.00892269$ & $0.0978925$ & $-0.0160004$ & $-0.00987204$ & $-0.0179331$ & $-0.00606161$ & $-0.00798413$ & $-0.0011685$ & $-0.00131916$ & $-0.01165$ & $-0.00343034$ & $0.000593158$ & $0.0162787$ & $-0.000661022$ & $0.00364597$ & $0.01248$ & $-0.00103784$ & $-0.00752487$ & $-0.0077704$ & $0.0050261$ & $0.00354271$ & $0.000732869$ & $0.0019839$ & $0.030011$ & $-0.00656673$ & $0.0231275$ & $-0.00209113$ & $-0.0232305$ & $-0.0451297$ & $-0.0305525$ & $-0.0104869$ & $0.0351449$ & $0.0066369$ & $0.0302767$ & $0.0253668$ & $1$ & $0.0679169$ & $-0.0219725$ & $0.0102813$ & $0.0530174$ & $0.0614823$ & $0.00798923$ \\
eHmumuint & $0.0250316$ & $-0.0284635$ & $-0.0406442$ & $0.00969818$ & $0.0128551$ & $-0.00329693$ & $-0.00458144$ & $0.0106936$ & $0.0163533$ & $-0.015967$ & $-0.00507418$ & $-0.0133936$ & $-0.00568997$ & $-0.0124205$ & $0.00401033$ & $0.00717514$ & $-0.0148198$ & $-0.0143681$ & $-0.00671704$ & $0.00488113$ & $-0.00127171$ & $-0.0105688$ & $0.00269392$ & $-0.0025615$ & $-0.0116023$ & $-0.0009811$ & $-0.00600448$ & $0.00525704$ & $0.0113785$ & $-0.005157$ & $0.0133551$ & $-0.00806414$ & $0.0134504$ & $-0.00668213$ & $-0.00952728$ & $-0.0318693$ & $0.0132583$ & $-0.0165978$ & $0.0311047$ & $-0.00734985$ & $-3.39952e-05$ & $0.0257881$ & $0.0679169$ & $1$ & $-0.0646226$ & $0.0160156$ & $0.0478407$ & $0.0632632$ & $0.00935731$ \\
eHtautauint & $0.00951237$ & $0.000640662$ & $0.0213375$ & $-0.0193482$ & $-0.00426406$ & $-0.000848663$ & $-0.00579053$ & $0.000265396$ & $-0.00233679$ & $0.00817693$ & $-0.00236941$ & $0.0137489$ & $0.00345885$ & $0.00571821$ & $0.00671322$ & $-0.000287039$ & $0.00316037$ & $-0.00256222$ & $0.00188981$ & $-0.000726218$ & $9.9745e-05$ & $0.00127072$ & $-0.00210155$ & $-0.00447863$ & $0.0013817$ & $-0.00490589$ & $-0.0013661$ & $-0.00484353$ & $-0.004218$ & $0.0940484$ & $-0.0155757$ & $0.00101844$ & $0.00354403$ & $-0.00257089$ & $0.0353157$ & $0.0279357$ & $-0.0464676$ & $0.010758$ & $-0.0382178$ & $0.00273217$ & $-0.00709164$ & $-0.00980771$ & $-0.0219725$ & $-0.0646226$ & $1$ & $-0.0671124$ & $-0.0430492$ & $-0.0173438$ & $-0.00643414$ \\
eHccint & $0.0359749$ & $0.0179865$ & $0.0352455$ & $-0.0114859$ & $0.00605909$ & $0.00310791$ & $0.00424345$ & $0.00115176$ & $0.00254253$ & $-0.00250919$ & $0.000473017$ & $0.00666814$ & $0.00839937$ & $-0.00790851$ & $-0.00274348$ & $0.00123132$ & $-0.002511$ & $-0.00101808$ & $-0.000569101$ & $0.00524827$ & $0.00431943$ & $-0.00406794$ & $0.00101039$ & $-0.000611625$ & $-0.00272294$ & $-0.00206702$ & $0.00166858$ & $-0.0028574$ & $-0.00611266$ & $-0.00618751$ & $0.0859141$ & $0.00837375$ & $0.0045868$ & $0.00550739$ & $0.0189964$ & $0.0138617$ & $0.00638488$ & $-0.00256835$ & $0.0173504$ & $0.00346804$ & $-0.0185518$ & $0.00300802$ & $0.0102813$ & $0.0160156$ & $-0.0671124$ & $1$ & $0.0221714$ & $0.0190343$ & $0.00553909$ \\
eHccpar & $0.0199964$ & $-0.0204516$ & $0.0193692$ & $0.0125569$ & $0.0054582$ & $0.000427308$ & $-0.00846842$ & $-0.00538278$ & $-0.00058085$ & $0.000763926$ & $0.00633083$ & $0.00195976$ & $0.00156681$ & $0.00286997$ & $0.00877097$ & $-0.0104024$ & $0.000567535$ & $-0.00389543$ & $0.00869984$ & $-0.00380558$ & $-0.00548688$ & $0.00490697$ & $0.00715206$ & $0.00179269$ & $0.0033411$ & $-0.00492482$ & $-0.00125111$ & $0.0021673$ & $0.00117044$ & $-0.0129045$ & $0.415381$ & $-0.00783989$ & $-0.0165022$ & $-0.0131167$ & $0.00764799$ & $-0.030469$ & $0.0289712$ & $-0.00680505$ & $0.0446365$ & $0.0139058$ & $0.0262388$ & $-0.00354726$ & $0.0530174$ & $0.0478407$ & $-0.0430492$ & $0.0221714$ & $1$ & $0.011187$ & $-0.0230174$ \\
eHbbint & $0.0279494$ & $0.013511$ & $-0.0149684$ & $0.0299697$ & $0.0024343$ & $0.00541946$ & $0.00337754$ & $-0.00467407$ & $0.000420123$ & $0.00352532$ & $0.00306522$ & $0.00911784$ & $-0.0146775$ & $0.00227432$ & $-0.00172345$ & $0.000368437$ & $0.00166548$ & $0.000158892$ & $-0.000317044$ & $-0.00347983$ & $-0.00589372$ & $-0.00737509$ & $0.00170041$ & $-0.00147878$ & $-0.00192013$ & $-0.0124329$ & $-0.00707039$ & $0.00346814$ & $-0.000957656$ & $0.00265176$ & $0.00929595$ & $0.00690776$ & $0.181647$ & $-0.000600615$ & $0.0298446$ & $-0.0202939$ & $-0.000535935$ & $-0.0145474$ & $0.0172087$ & $0.0129195$ & $0.0216105$ & $0.0252614$ & $0.0614823$ & $0.0632632$ & $-0.0173438$ & $0.0190343$ & $0.011187$ & $1$ & $0.00657665$ \\
eHbbpar & $-0.00770661$ & $0.0294897$ & $0.0048262$ & $0.0157925$ & $-0.00839953$ & $0.00180921$ & $-0.00209975$ & $-0.00645346$ & $-0.00532761$ & $0.00204384$ & $0.00254566$ & $0.000596297$ & $-0.00516904$ & $0.00142965$ & $-0.00785516$ & $0.000768267$ & $0.00221647$ & $0.0069574$ & $0.00391608$ & $-0.00319973$ & $-0.00152134$ & $-0.00105164$ & $-0.00557962$ & $0.00210042$ & $0.00735165$ & $0.00400979$ & $0.00218612$ & $-0.00337397$ & $-0.00679998$ & $0.00881394$ & $-0.0017584$ & $0.01165$ & $0.553201$ & $0.00525689$ & $-0.00871489$ & $0.0563485$ & $-0.0416181$ & $-0.0113028$ & $0.0238408$ & $-0.0045308$ & $0.0375511$ & $0.0058944$ & $0.00798923$ & $0.00935731$ & $-0.00643414$ & $0.00553909$ & $-0.0230174$ & $0.00657665$ & $1$ \\
