 & AlsMz & dAle5Mz & mtop & mHl & Mz & CW & CHG & CHWB & CHWHB_gaga & CHWHB_gagaorth & CHD & CHbox & CH & CHL1_11 & CHL1_22 & CHL1_33 & CHL3_11 & CHL3_22 & CHL3_33 & CHe_11 & CHe_22 & CHe_33 & CHQ1_11 & CHQ1_33 & CHQ3_11 & CHu_11 & CHd_11 & CHd_33 & CeH_22r & CeH_33r & CuH_22r & CuH_33r & CdH_33r & CLL_1221 & eHggint & eHggpar & eHWWint & eHWWpar & eHZZint & eHZZpar & eHZgaint & eHZgapar & eHgagaint & eHmumuint & eHtautauint & eHccint & eHccpar & eHbbint & eHbbpar \\
AlsMz & $1$ & $0.0574839$ & $0.0135739$ & $-0.0616176$ & $0.0168723$ & $0.0283298$ & $0.0180076$ & $0.0086204$ & $0.000921511$ & $-0.00771822$ & $-0.0116926$ & $-0.0145459$ & $0.0154727$ & $-0.00556804$ & $0.0344806$ & $-0.00867544$ & $-0.0252369$ & $-0.0382111$ & $0.00481205$ & $0.00959378$ & $0.00236935$ & $0.00587085$ & $0.0200562$ & $-0.0692541$ & $-0.141237$ & $-0.0741463$ & $-0.0553307$ & $0.00622393$ & $-0.0379916$ & $-0.0177007$ & $0.0280208$ & $0.0247019$ & $-0.0228475$ & $-0.0309567$ & $0.150187$ & $-0.0502539$ & $-0.0229612$ & $-0.0129029$ & $-0.213494$ & $-0.0419282$ & $0.079104$ & $0.0325386$ & $-0.00358983$ & $-0.0371275$ & $-0.0196975$ & $-0.00960371$ & $0.0323049$ & $0.0865311$ & $0.000812824$ \\
dAle5Mz & $0.0574839$ & $1$ & $0.00421875$ & $-0.00115899$ & $-0.0190583$ & $-0.00547616$ & $-0.0276195$ & $-0.110645$ & $-0.100519$ & $0.0455814$ & $0.0756702$ & $0.0420513$ & $-0.0419895$ & $-0.016922$ & $0.0461697$ & $0.00197527$ & $0.0649516$ & $0.00861941$ & $0.044626$ & $-0.0473524$ & $-0.0621404$ & $-0.0582755$ & $0.0210771$ & $0.0821042$ & $0.037522$ & $0.00625429$ & $-0.0447046$ & $-0.0121439$ & $-0.0135309$ & $-0.0102003$ & $0.0669972$ & $-0.0589797$ & $0.0326423$ & $-0.0620678$ & $-0.152855$ & $-0.147445$ & $0.0938548$ & $-0.0180687$ & $0.0254905$ & $0.0116435$ & $0.0722203$ & $-0.077692$ & $0.0646548$ & $-0.182727$ & $0.287144$ & $-0.016726$ & $0.180295$ & $-0.106712$ & $0.170169$ \\
mtop & $0.0135739$ & $0.00421875$ & $1$ & $0.0677408$ & $0.0254774$ & $-0.0610667$ & $-0.00752676$ & $0.00234769$ & $-0.00307108$ & $0.00857456$ & $0.00554871$ & $0.00872736$ & $-0.00778538$ & $-0.0176838$ & $-0.00661775$ & $0.00570461$ & $0.0224812$ & $0.00834007$ & $1.0249e-05$ & $0.00583081$ & $0.00499331$ & $0.00421206$ & $0.0173578$ & $0.0179578$ & $-0.00220882$ & $-0.0077871$ & $0.00210242$ & $0.0769457$ & $-0.0335707$ & $0.0150882$ & $-0.00731381$ & $-0.00389951$ & $0.0927387$ & $0.0216182$ & $-0.115505$ & $0.205794$ & $-0.0622761$ & $-0.0250441$ & $0.016128$ & $0.00843117$ & $0.0365469$ & $-0.0257986$ & $-0.0408436$ & $0.0710928$ & $-0.100957$ & $0.213647$ & $-0.126285$ & $-0.0460054$ & $0.196217$ \\
mHl & $-0.0616176$ & $-0.00115899$ & $0.0677408$ & $1$ & $0.0421031$ & $-3.8444e-05$ & $0.00434996$ & $0.00203033$ & $-0.000588012$ & $-0.0219398$ & $0.0126831$ & $-0.0334109$ & $0.033504$ & $-0.0437975$ & $0.00433791$ & $0.0236961$ & $-0.0199609$ & $-0.0297131$ & $-0.0471409$ & $-0.00893924$ & $-0.0136028$ & $-0.0208304$ & $0.0164263$ & $0.000580823$ & $-0.0187392$ & $0.000843837$ & $0.00337103$ & $-0.00700498$ & $-0.0556108$ & $-0.0125593$ & $0.0070024$ & $0.00740201$ & $0.015565$ & $0.0029704$ & $0.0537179$ & $0.0877642$ & $0.0485278$ & $-0.0422978$ & $0.0406361$ & $-0.00487499$ & $0.137787$ & $-0.0324656$ & $0.135455$ & $-0.115361$ & $-0.0102579$ & $0.0637367$ & $0.0323375$ & $0.0698206$ & $0.031456$ \\
Mz & $0.0168723$ & $-0.0190583$ & $0.0254774$ & $0.0421031$ & $1$ & $-0.00669553$ & $-0.00952424$ & $-0.0141586$ & $-0.0158807$ & $0.0254573$ & $0.00383804$ & $-0.0134924$ & $0.0249664$ & $0.0232827$ & $0.0320277$ & $0.037893$ & $0.0291183$ & $0.0112206$ & $0.00847514$ & $0.00779156$ & $-0.000309996$ & $0.00196426$ & $0.0208478$ & $0.0474622$ & $0.00423996$ & $-0.0250846$ & $-0.0394598$ & $0.0292831$ & $-0.0165942$ & $0.0136072$ & $0.00531334$ & $0.00593175$ & $0.0398028$ & $-0.0416432$ & $0.0639832$ & $0.0623816$ & $0.00406082$ & $0.0335693$ & $-0.0385799$ & $-0.0160521$ & $0.0305911$ & $-0.0354893$ & $0.0229368$ & $-0.0159181$ & $0.023452$ & $0.00039818$ & $-0.0368476$ & $-0.0364131$ & $0.0542254$ \\
CW & $0.0283298$ & $-0.00547616$ & $-0.0610667$ & $-3.8444e-05$ & $-0.00669553$ & $1$ & $0.021324$ & $-0.108706$ & $-0.108245$ & $-0.00697528$ & $0.154238$ & $0.00774676$ & $-0.00313063$ & $0.0597076$ & $-0.0751967$ & $-0.0415316$ & $-0.232607$ & $-0.0247806$ & $-0.0494998$ & $-0.151391$ & $-0.158454$ & $-0.156305$ & $-0.0276569$ & $0.0131308$ & $-0.0990126$ & $0.0763403$ & $-0.113959$ & $-0.0289684$ & $-0.00468437$ & $-0.00136549$ & $0.00231951$ & $0.0232414$ & $-0.0342551$ & $-0.113197$ & $0.0302478$ & $-0.0402607$ & $0.00102069$ & $-0.0329532$ & $-0.00481542$ & $0.0306449$ & $0.067101$ & $-0.0252953$ & $-0.00787866$ & $0.0268425$ & $-0.000726351$ & $0.0191637$ & $-0.0168737$ & $-0.0120562$ & $-0.0475613$ \\
CHG & $0.0180076$ & $-0.0276195$ & $-0.00752676$ & $0.00434996$ & $-0.00952424$ & $0.021324$ & $1$ & $-0.117806$ & $-0.0705871$ & $0.0952302$ & $0.0502652$ & $0.283256$ & $-0.318744$ & $0.0939253$ & $-0.0145312$ & $0.00625995$ & $0.130865$ & $0.136814$ & $0.121849$ & $-0.0484756$ & $-0.0568764$ & $-0.0630794$ & $-0.00959456$ & $0.134133$ & $0.115553$ & $0.030275$ & $-0.0742701$ & $-0.00935978$ & $0.0398184$ & $-0.120784$ & $-0.0645559$ & $0.926303$ & $-0.148874$ & $-0.0832729$ & $-0.014424$ & $-0.0227094$ & $0.0208747$ & $-0.0307579$ & $0.000844487$ & $-0.0209841$ & $-0.0152524$ & $0.0505835$ & $-0.0105426$ & $0.0262256$ & $-0.035081$ & $0.0264387$ & $0.00609921$ & $0.0497025$ & $-0.00793748$ \\
CHWB & $0.0086204$ & $-0.110645$ & $0.00234769$ & $0.00203033$ & $-0.0141586$ & $-0.108706$ & $-0.117806$ & $1$ & $0.984428$ & $-0.554715$ & $-0.873937$ & $-0.409298$ & $0.334322$ & $0.0772466$ & $0.289191$ & $0.245968$ & $-0.2543$ & $-0.448429$ & $-0.416244$ & $0.841528$ & $0.893612$ & $0.879803$ & $0.0912635$ & $-0.676591$ & $-0.3973$ & $-0.513263$ & $0.427808$ & $0.288472$ & $0.0123388$ & $0.105751$ & $0.0171669$ & $-0.108843$ & $0.102724$ & $0.563474$ & $0.00208562$ & $-0.0281318$ & $-0.0605389$ & $0.0273745$ & $0.029011$ & $-0.0301027$ & $0.00387596$ & $-0.0351823$ & $-0.000749047$ & $0.0247662$ & $-0.0135795$ & $0.0318162$ & $-0.0395604$ & $0.00193336$ & $-0.0187418$ \\
CHWHB_gaga & $0.000921511$ & $-0.100519$ & $-0.00307108$ & $-0.000588012$ & $-0.0158807$ & $-0.108245$ & $-0.0705871$ & $0.984428$ & $1$ & $-0.550383$ & $-0.855243$ & $-0.40057$ & $0.334628$ & $0.0637519$ & $0.283584$ & $0.238136$ & $-0.258541$ & $-0.450756$ & $-0.415613$ & $0.822939$ & $0.875352$ & $0.861459$ & $0.0909969$ & $-0.671403$ & $-0.394469$ & $-0.49737$ & $0.42905$ & $0.279723$ & $0.0266239$ & $0.136372$ & $0.0333222$ & $-0.0724482$ & $0.134595$ & $0.556759$ & $-0.0236228$ & $-0.0453822$ & $-0.0659849$ & $0.0327224$ & $0.0215597$ & $-0.0324703$ & $-0.00105761$ & $-0.0350499$ & $0.0530826$ & $0.00780473$ & $-0.00356181$ & $0.0357946$ & $-0.040646$ & $0.0111312$ & $-0.017114$ \\
CHWHB_gagaorth & $-0.00771822$ & $0.0455814$ & $0.00857456$ & $-0.0219398$ & $0.0254573$ & $-0.00697528$ & $0.0952302$ & $-0.554715$ & $-0.550383$ & $1$ & $0.336077$ & $0.50334$ & $-0.257586$ & $0.251784$ & $-0.119251$ & $-0.0966027$ & $0.431731$ & $0.495004$ & $0.472784$ & $-0.321321$ & $-0.354939$ & $-0.356132$ & $-0.0538144$ & $0.55774$ & $0.472675$ & $0.191732$ & $-0.223989$ & $-0.0905221$ & $-0.00081293$ & $-0.140147$ & $-0.0627221$ & $0.104095$ & $-0.161849$ & $-0.342445$ & $0.0475807$ & $0.0399135$ & $0.0240544$ & $-0.00110788$ & $-0.0393644$ & $-0.0212927$ & $-0.0446175$ & $0.0247426$ & $-0.0365639$ & $0.0234591$ & $-0.0113846$ & $-0.0522615$ & $0.0358842$ & $0.0354728$ & $-0.016645$ \\
CHD & $-0.0116926$ & $0.0756702$ & $0.00554871$ & $0.0126831$ & $0.00383804$ & $0.154238$ & $0.0502652$ & $-0.873937$ & $-0.855243$ & $0.336077$ & $1$ & $0.264026$ & $-0.158186$ & $-0.506644$ & $-0.430056$ & $-0.378391$ & $-0.212108$ & $0.0747601$ & $0.0465119$ & $-0.989744$ & $-0.990722$ & $-0.969043$ & $-0.0433347$ & $0.298565$ & $0.0125788$ & $0.590641$ & $-0.285283$ & $-0.332849$ & $0.00043233$ & $-0.0547392$ & $-0.00015131$ & $0.0546192$ & $-0.0507717$ & $-0.349461$ & $-0.00664638$ & $0.0444593$ & $0.0600438$ & $-0.0262658$ & $-0.0152702$ & $0.0492788$ & $0.00125419$ & $0.0234956$ & $-0.00312794$ & $-0.0273951$ & $-0.000586155$ & $-0.00931737$ & $0.0335923$ & $-0.0138169$ & $0.010985$ \\
CHbox & $-0.0145459$ & $0.0420513$ & $0.00872736$ & $-0.0334109$ & $-0.0134924$ & $0.00774676$ & $0.283256$ & $-0.409298$ & $-0.40057$ & $0.50334$ & $0.264026$ & $1$ & $-0.898162$ & $0.150233$ & $-0.078191$ & $-0.0708945$ & $0.280956$ & $0.328508$ & $0.317442$ & $-0.248094$ & $-0.279331$ & $-0.280888$ & $-0.0690396$ & $0.38906$ & $0.306777$ & $0.17582$ & $-0.189039$ & $-0.0672904$ & $-0.0442385$ & $-0.178529$ & $-0.0729443$ & $0.270628$ & $-0.194924$ & $-0.263335$ & $0.0235407$ & $0.041292$ & $0.0519623$ & $-0.0397604$ & $-0.00673717$ & $-0.00303452$ & $-0.0280636$ & $0.0157401$ & $-0.0423294$ & $0.035826$ & $-0.00742801$ & $-0.00422451$ & $0.0087614$ & $0.0330868$ & $0.0361062$ \\
CH & $0.0154727$ & $-0.0419895$ & $-0.00778538$ & $0.033504$ & $0.0249664$ & $-0.00313063$ & $-0.318744$ & $0.334322$ & $0.334628$ & $-0.257586$ & $-0.158186$ & $-0.898162$ & $1$ & $-0.235705$ & $0.061367$ & $0.0632954$ & $-0.349424$ & $-0.371399$ & $-0.367207$ & $0.15034$ & $0.17039$ & $0.174181$ & $0.0546045$ & $-0.376545$ & $-0.352541$ & $-0.110368$ & $0.139483$ & $0.0392028$ & $0.0616356$ & $0.29335$ & $0.0939625$ & $-0.262088$ & $0.328287$ & $0.21129$ & $0.0185975$ & $-0.00789536$ & $-0.0505099$ & $0.0440346$ & $-0.00403406$ & $-0.00497557$ & $0.0150396$ & $-0.0159622$ & $0.0161894$ & $-0.0248569$ & $-0.00463927$ & $-0.00829001$ & $-0.00207528$ & $-0.0215239$ & $-0.0434109$ \\
CHL1_11 & $-0.00556804$ & $-0.016922$ & $-0.0176838$ & $-0.0437975$ & $0.0232827$ & $0.0597076$ & $0.0939253$ & $0.0772466$ & $0.0637519$ & $0.251784$ & $-0.506644$ & $0.150233$ & $-0.235705$ & $1$ & $0.289206$ & $0.27979$ & $0.67571$ & $0.607307$ & $0.593229$ & $0.52802$ & $0.461256$ & $0.44219$ & $-0.067533$ & $0.492326$ & $0.601644$ & $-0.30345$ & $-0.127726$ & $0.17757$ & $-0.0109189$ & $-0.0528434$ & $-0.0374739$ & $0.0769683$ & $-0.0687535$ & $-0.242244$ & $0.0388757$ & $-0.0341498$ & $-0.0492415$ & $-0.00268947$ & $-0.0191727$ & $-0.0402356$ & $-0.0212967$ & $-0.014202$ & $0.00557626$ & $0.0292029$ & $0.0185202$ & $-0.0450216$ & $0.00457159$ & $0.0132761$ & $-0.00670369$ \\
CHL1_22 & $0.0344806$ & $0.0461697$ & $-0.00661775$ & $0.00433791$ & $0.0320277$ & $-0.0751967$ & $-0.0145312$ & $0.289191$ & $0.283584$ & $-0.119251$ & $-0.430056$ & $-0.078191$ & $0.061367$ & $0.289206$ & $1$ & $0.470293$ & $0.188297$ & $-0.422941$ & $-0.0295992$ & $0.499637$ & $0.345279$ & $0.335038$ & $-0.1458$ & $0.121758$ & $-0.113904$ & $-0.229937$ & $-0.39508$ & $0.117719$ & $-0.0590642$ & $0.0247203$ & $0.00342243$ & $-0.0133849$ & $0.0332583$ & $-0.598376$ & $0.0133093$ & $-0.0453847$ & $0.0156759$ & $-0.0106455$ & $0.000548456$ & $-0.0537946$ & $-0.0120959$ & $0.00253702$ & $0.0413503$ & $-0.033892$ & $0.0143096$ & $0.00625643$ & $-0.0288409$ & $0.0169202$ & $0.0261033$ \\
CHL1_33 & $-0.00867544$ & $0.00197527$ & $0.00570461$ & $0.0236961$ & $0.037893$ & $-0.0415316$ & $0.00625995$ & $0.245968$ & $0.238136$ & $-0.0966027$ & $-0.378391$ & $-0.0708945$ & $0.0632954$ & $0.27979$ & $0.470293$ & $1$ & $0.156237$ & $-0.0247954$ & $-0.432678$ & $0.448811$ & $0.289887$ & $0.305901$ & $-0.129457$ & $0.14518$ & $-0.126747$ & $-0.232399$ & $-0.437939$ & $0.0835071$ & $-0.0292489$ & $0.0127053$ & $0.023727$ & $0.0157053$ & $0.0289679$ & $-0.168602$ & $0.0396966$ & $-0.0252559$ & $-0.0405739$ & $0.0259204$ & $0.0271106$ & $-0.0053981$ & $0.0128877$ & $-0.00685923$ & $0.0226119$ & $-0.0322232$ & $-0.00148152$ & $-0.0353289$ & $-0.0382016$ & $-0.0233793$ & $0.0106898$ \\
CHL3_11 & $-0.0252369$ & $0.0649516$ & $0.0224812$ & $-0.0199609$ & $0.0291183$ & $-0.232607$ & $0.130865$ & $-0.2543$ & $-0.258541$ & $0.431731$ & $-0.212108$ & $0.280956$ & $-0.349424$ & $0.67571$ & $0.188297$ & $0.156237$ & $1$ & $0.737894$ & $0.747775$ & $0.23953$ & $0.177659$ & $0.161699$ & $-0.0506691$ & $0.695031$ & $0.782839$ & $-0.135998$ & $-0.165659$ & $0.0781519$ & $-0.0224232$ & $-0.110031$ & $-0.0369938$ & $0.0968515$ & $-0.106899$ & $-0.281955$ & $-0.0239545$ & $-0.0128769$ & $0.0263436$ & $0.00486191$ & $-0.015694$ & $-0.0385384$ & $-0.00727528$ & $0.0378519$ & $-0.00434099$ & $0.0119981$ & $0.0181308$ & $-0.0208417$ & $0.000534757$ & $0.0234646$ & $0.0237801$ \\
CHL3_22 & $-0.0382111$ & $0.00861941$ & $0.00834007$ & $-0.0297131$ & $0.0112206$ & $-0.0247806$ & $0.136814$ & $-0.448429$ & $-0.450756$ & $0.495004$ & $0.0747601$ & $0.328508$ & $-0.371399$ & $0.607307$ & $-0.422941$ & $-0.0247954$ & $0.737894$ & $1$ & $0.680336$ & $-0.0744554$ & $-0.0739274$ & $-0.0791458$ & $0.00135024$ & $0.641047$ & $0.792627$ & $0.0215291$ & $-0.0274203$ & $-0.00538065$ & $0.0168295$ & $-0.109672$ & $-0.0362121$ & $0.112251$ & $-0.116876$ & $0.00203407$ & $0.000371578$ & $0.00648503$ & $-0.0128013$ & $0.00623434$ & $-0.0198864$ & $0.00577607$ & $-0.00662132$ & $0.0185673$ & $-0.0203021$ & $0.0331576$ & $0.0115149$ & $-0.0442296$ & $0.0201588$ & $0.007968$ & $-0.00151749$ \\
CHL3_33 & $0.00481205$ & $0.044626$ & $1.0249e-05$ & $-0.0471409$ & $0.00847514$ & $-0.0494998$ & $0.121849$ & $-0.416244$ & $-0.415613$ & $0.472784$ & $0.0465119$ & $0.317442$ & $-0.367207$ & $0.593229$ & $-0.0295992$ & $-0.432678$ & $0.747775$ & $0.680336$ & $1$ & $-0.0492107$ & $-0.0388991$ & $-0.0441864$ & $0.00197727$ & $0.608969$ & $0.795206$ & $0.0247258$ & $0.0230942$ & $0.0196463$ & $-0.00578425$ & $-0.10621$ & $-0.0517254$ & $0.0917119$ & $-0.114037$ & $-0.319353$ & $-0.0157156$ & $-0.00757293$ & $0.028988$ & $-0.0207805$ & $-0.0397009$ & $-0.0307674$ & $-0.0218062$ & $0.0246609$ & $-0.00220518$ & $0.0234704$ & $0.0243162$ & $-0.0112722$ & $0.0310286$ & $0.032605$ & $0.0109004$ \\
CHe_11 & $0.00959378$ & $-0.0473524$ & $0.00583081$ & $-0.00893924$ & $0.00779156$ & $-0.151391$ & $-0.0484756$ & $0.841528$ & $0.822939$ & $-0.321321$ & $-0.989744$ & $-0.248094$ & $0.15034$ & $0.52802$ & $0.499637$ & $0.448811$ & $0.23953$ & $-0.0744554$ & $-0.0492107$ & $1$ & $0.970883$ & $0.94975$ & $0.0186378$ & $-0.238225$ & $-0.00451409$ & $-0.583589$ & $0.205817$ & $0.329032$ & $-0.00808981$ & $0.0530751$ & $0.00448706$ & $-0.0515629$ & $0.0564739$ & $0.264616$ & $0.00571396$ & $-0.0512407$ & $-0.0570735$ & $0.0234394$ & $0.0178427$ & $-0.04627$ & $-0.00200552$ & $-0.0227409$ & $0.010993$ & $0.0196155$ & $0.0125834$ & $0.0099824$ & $-0.0323497$ & $0.0128007$ & $0.00342732$ \\
CHe_22 & $0.00236935$ & $-0.0621404$ & $0.00499331$ & $-0.0136028$ & $-0.000309996$ & $-0.158454$ & $-0.0568764$ & $0.893612$ & $0.875352$ & $-0.354939$ & $-0.990722$ & $-0.279331$ & $0.17039$ & $0.461256$ & $0.345279$ & $0.289887$ & $0.177659$ & $-0.0739274$ & $-0.0388991$ & $0.970883$ & $1$ & $0.974907$ & $0.0697778$ & $-0.35699$ & $-0.0184975$ & $-0.587628$ & $0.370958$ & $0.336784$ & $0.00777869$ & $0.0589777$ & $0.00236921$ & $-0.0624019$ & $0.0555188$ & $0.439136$ & $-0.00245278$ & $-0.0407135$ & $-0.0594687$ & $0.0259728$ & $0.0158957$ & $-0.0458453$ & $9.64312e-06$ & $-0.0254762$ & $0.00188916$ & $0.0277311$ & $0.00518958$ & $0.0174624$ & $-0.0320001$ & $0.00857753$ & $-0.00707988$ \\
CHe_33 & $0.00587085$ & $-0.0582755$ & $0.00421206$ & $-0.0208304$ & $0.00196426$ & $-0.156305$ & $-0.0630794$ & $0.879803$ & $0.861459$ & $-0.356132$ & $-0.969043$ & $-0.280888$ & $0.174181$ & $0.44219$ & $0.335038$ & $0.305901$ & $0.161699$ & $-0.0791458$ & $-0.0441864$ & $0.94975$ & $0.974907$ & $1$ & $0.0790525$ & $-0.356685$ & $-0.0264659$ & $-0.581352$ & $0.368363$ & $0.323647$ & $0.00724092$ & $0.0582993$ & $0.00357496$ & $-0.0675966$ & $0.056655$ & $0.438445$ & $-0.00773053$ & $-0.0479289$ & $-0.0572523$ & $0.0274403$ & $0.0220589$ & $-0.0456124$ & $0.01636$ & $-0.0259559$ & $-0.00554213$ & $0.0257222$ & $0.0167157$ & $0.0100199$ & $-0.0250659$ & $-0.00689726$ & $-0.00908135$ \\
CHQ1_11 & $0.0200562$ & $0.0210771$ & $0.0173578$ & $0.0164263$ & $0.0208478$ & $-0.0276569$ & $-0.00959456$ & $0.0912635$ & $0.0909969$ & $-0.0538144$ & $-0.0433347$ & $-0.0690396$ & $0.0546045$ & $-0.067533$ & $-0.1458$ & $-0.129457$ & $-0.0506691$ & $0.00135024$ & $0.00197727$ & $0.0186378$ & $0.0697778$ & $0.0790525$ & $1$ & $-0.123003$ & $0.0771199$ & $-0.676345$ & $0.338036$ & $0.0286512$ & $0.00911952$ & $0.0102099$ & $0.0236772$ & $-0.0152704$ & $-0.0111104$ & $0.206534$ & $0.0397483$ & $0.0353875$ & $-0.00729862$ & $0.042782$ & $0.0160543$ & $-0.00799455$ & $0.0115072$ & $-0.0114949$ & $0.0100621$ & $-0.00347477$ & $-0.00379801$ & $0.0312218$ & $-0.00344207$ & $-0.0306516$ & $-0.020148$ \\
CHQ1_33 & $-0.0692541$ & $0.0821042$ & $0.0179578$ & $0.000580823$ & $0.0474622$ & $0.0131308$ & $0.134133$ & $-0.676591$ & $-0.671403$ & $0.55774$ & $0.298565$ & $0.38906$ & $-0.376545$ & $0.492326$ & $0.121758$ & $0.14518$ & $0.695031$ & $0.641047$ & $0.608969$ & $-0.238225$ & $-0.35699$ & $-0.356685$ & $-0.123003$ & $1$ & $0.650848$ & $0.166201$ & $-0.429762$ & $-0.00476304$ & $-0.0367496$ & $-0.0925963$ & $-0.0291089$ & $0.119966$ & $-0.0969572$ & $-0.641212$ & $-0.000143828$ & $-0.00297354$ & $0.0599621$ & $-0.0292703$ & $0.0110966$ & $-0.0209208$ & $-0.0177335$ & $0.0293773$ & $0.023298$ & $-0.017628$ & $0.0322499$ & $-0.034406$ & $-0.00928675$ & $0.0232204$ & $0.0490352$ \\
CHQ3_11 & $-0.141237$ & $0.037522$ & $-0.00220882$ & $-0.0187392$ & $0.00423996$ & $-0.0990126$ & $0.115553$ & $-0.3973$ & $-0.394469$ & $0.472675$ & $0.0125788$ & $0.306777$ & $-0.352541$ & $0.601644$ & $-0.113904$ & $-0.126747$ & $0.782839$ & $0.792627$ & $0.795206$ & $-0.00451409$ & $-0.0184975$ & $-0.0264659$ & $0.0771199$ & $0.650848$ & $1$ & $0.0046547$ & $0.206615$ & $0.00828835$ & $0.0100931$ & $-0.101722$ & $-0.0283685$ & $0.0828134$ & $-0.108519$ & $-0.205132$ & $-0.033539$ & $0.00579532$ & $0.0183208$ & $-0.00213459$ & $0.00676817$ & $-0.0172768$ & $-0.0195601$ & $0.00394595$ & $0.0364785$ & $0.00018999$ & $0.0313327$ & $-0.0227951$ & $0.0397218$ & $0.00949789$ & $0.00699077$ \\
CHu_11 & $-0.0741463$ & $0.00625429$ & $-0.0077871$ & $0.000843837$ & $-0.0250846$ & $0.0763403$ & $0.030275$ & $-0.513263$ & $-0.49737$ & $0.191732$ & $0.590641$ & $0.17582$ & $-0.110368$ & $-0.30345$ & $-0.229937$ & $-0.232399$ & $-0.135998$ & $0.0215291$ & $0.0247258$ & $-0.583589$ & $-0.587628$ & $-0.581352$ & $-0.676345$ & $0.166201$ & $0.0046547$ & $1$ & $-0.15458$ & $-0.199707$ & $0.00346268$ & $-0.027093$ & $-0.0164031$ & $0.0339674$ & $-0.0185957$ & $-0.229535$ & $-0.0530898$ & $0.00733273$ & $0.0280422$ & $-0.0576124$ & $-0.0170449$ & $0.0289587$ & $-0.00835242$ & $0.0145878$ & $0.0216663$ & $-0.00271844$ & $-0.0144646$ & $-0.00762706$ & $0.0447954$ & $0.0241148$ & $0.0111646$ \\
CHd_11 & $-0.0553307$ & $-0.0447046$ & $0.00210242$ & $0.00337103$ & $-0.0394598$ & $-0.113959$ & $-0.0742701$ & $0.427808$ & $0.42905$ & $-0.223989$ & $-0.285283$ & $-0.189039$ & $0.139483$ & $-0.127726$ & $-0.39508$ & $-0.437939$ & $-0.165659$ & $-0.0274203$ & $0.0230942$ & $0.205817$ & $0.370958$ & $0.368363$ & $0.338036$ & $-0.429762$ & $0.206615$ & $-0.15458$ & $1$ & $0.102938$ & $0.0502338$ & $0.0496902$ & $0.0138093$ & $-0.084332$ & $0.0323501$ & $0.691196$ & $-0.0490546$ & $0.00841252$ & $-0.00995828$ & $0.0106861$ & $0.0355721$ & $-0.0140532$ & $0.0031943$ & $-0.0407997$ & $0.0403728$ & $0.0032186$ & $0.0126945$ & $0.0436939$ & $0.0290067$ & $0.00477347$ & $-0.0153855$ \\
CHd_33 & $0.00622393$ & $-0.0121439$ & $0.0769457$ & $-0.00700498$ & $0.0292831$ & $-0.0289684$ & $-0.00935978$ & $0.288472$ & $0.279723$ & $-0.0905221$ & $-0.332849$ & $-0.0672904$ & $0.0392028$ & $0.17757$ & $0.117719$ & $0.0835071$ & $0.0781519$ & $-0.00538065$ & $0.0196463$ & $0.329032$ & $0.336784$ & $0.323647$ & $0.0286512$ & $-0.00476304$ & $0.00828835$ & $-0.199707$ & $0.102938$ & $1$ & $-0.0228432$ & $0.0115298$ & $0.000691625$ & $0.00144916$ & $0.0206515$ & $0.131378$ & $0.017511$ & $0.054024$ & $-0.0198339$ & $-0.0165659$ & $0.0278287$ & $-0.00802634$ & $0.0367646$ & $-0.0258346$ & $0.00220728$ & $0.0301045$ & $-0.036214$ & $0.0111619$ & $-0.0161489$ & $0.00464808$ & $0.00361576$ \\
CeH_22r & $-0.0379916$ & $-0.0135309$ & $-0.0335707$ & $-0.0556108$ & $-0.0165942$ & $-0.00468437$ & $0.0398184$ & $0.0123388$ & $0.0266239$ & $-0.00081293$ & $0.00043233$ & $-0.0442385$ & $0.0616356$ & $-0.0109189$ & $-0.0590642$ & $-0.0292489$ & $-0.0224232$ & $0.0168295$ & $-0.00578425$ & $-0.00808981$ & $0.00777869$ & $0.00724092$ & $0.00911952$ & $-0.0367496$ & $0.0100931$ & $0.00346268$ & $0.0502338$ & $-0.0228432$ & $1$ & $0.0400699$ & $0.0222935$ & $0.00730189$ & $0.0460929$ & $0.0564737$ & $-0.0631753$ & $-0.0196468$ & $-0.00198903$ & $0.00655864$ & $-0.009696$ & $-0.00998419$ & $-0.0629353$ & $0.0165702$ & $0.018629$ & $0.0441501$ & $0.0204601$ & $0.0345152$ & $0.0129316$ & $0.0257906$ & $-0.0331847$ \\
CeH_33r & $-0.0177007$ & $-0.0102003$ & $0.0150882$ & $-0.0125593$ & $0.0136072$ & $-0.00136549$ & $-0.120784$ & $0.105751$ & $0.136372$ & $-0.140147$ & $-0.0547392$ & $-0.178529$ & $0.29335$ & $-0.0528434$ & $0.0247203$ & $0.0127053$ & $-0.110031$ & $-0.109672$ & $-0.10621$ & $0.0530751$ & $0.0589777$ & $0.0582993$ & $0.0102099$ & $-0.0925963$ & $-0.101722$ & $-0.027093$ & $0.0496902$ & $0.0115298$ & $0.0400699$ & $1$ & $0.276078$ & $0.035059$ & $0.672246$ & $0.0582668$ & $-0.0709335$ & $-0.0624325$ & $-0.133674$ & $0.0194647$ & $0.0214062$ & $0.000372956$ & $0.0811224$ & $-0.0189574$ & $0.000802864$ & $-0.0205024$ & $0.0891445$ & $0.0192932$ & $-0.00634939$ & $0.0179252$ & $-0.0248986$ \\
CuH_22r & $0.0280208$ & $0.0669972$ & $-0.00731381$ & $0.0070024$ & $0.00531334$ & $0.00231951$ & $-0.0645559$ & $0.0171669$ & $0.0333222$ & $-0.0627221$ & $-0.00015131$ & $-0.0729443$ & $0.0939625$ & $-0.0374739$ & $0.00342243$ & $0.023727$ & $-0.0369938$ & $-0.0362121$ & $-0.0517254$ & $0.00448706$ & $0.00236921$ & $0.00357496$ & $0.0236772$ & $-0.0291089$ & $-0.0283685$ & $-0.0164031$ & $0.0138093$ & $0.000691625$ & $0.0222935$ & $0.276078$ & $1$ & $0.0219506$ & $0.31729$ & $0.0130909$ & $-0.0665569$ & $-0.0695363$ & $-0.0770438$ & $0.0169317$ & $-0.048874$ & $-0.0142011$ & $0.00952691$ & $-0.00934168$ & $0.0381088$ & $-0.0273403$ & $0.0547792$ & $0.007592$ & $0.267781$ & $-0.0530459$ & $-0.0285684$ \\
CuH_33r & $0.0247019$ & $-0.0589797$ & $-0.00389951$ & $0.00740201$ & $0.00593175$ & $0.0232414$ & $0.926303$ & $-0.108843$ & $-0.0724482$ & $0.104095$ & $0.0546192$ & $0.270628$ & $-0.262088$ & $0.0769683$ & $-0.0133849$ & $0.0157053$ & $0.0968515$ & $0.112251$ & $0.0917119$ & $-0.0515629$ & $-0.0624019$ & $-0.0675966$ & $-0.0152704$ & $0.119966$ & $0.0828134$ & $0.0339674$ & $-0.084332$ & $0.00144916$ & $0.00730189$ & $0.035059$ & $0.0219506$ & $1$ & $0.0388866$ & $-0.0839628$ & $0.0726546$ & $0.022018$ & $-0.0309022$ & $-0.0258264$ & $0.000476706$ & $-0.00700965$ & $-0.00814355$ & $0.0442562$ & $-0.0259255$ & $0.0339707$ & $-0.0404019$ & $0.0175824$ & $0.0144539$ & $0.0314549$ & $-0.0161374$ \\
CdH_33r & $-0.0228475$ & $0.0326423$ & $0.0927387$ & $0.015565$ & $0.0398028$ & $-0.0342551$ & $-0.148874$ & $0.102724$ & $0.134595$ & $-0.161849$ & $-0.0507717$ & $-0.194924$ & $0.328287$ & $-0.0687535$ & $0.0332583$ & $0.0289679$ & $-0.106899$ & $-0.116876$ & $-0.114037$ & $0.0564739$ & $0.0555188$ & $0.056655$ & $-0.0111104$ & $-0.0969572$ & $-0.108519$ & $-0.0185957$ & $0.0323501$ & $0.0206515$ & $0.0460929$ & $0.672246$ & $0.31729$ & $0.0388866$ & $1$ & $0.0525833$ & $-0.075341$ & $0.0350877$ & $-0.116107$ & $0.0192482$ & $-0.0297395$ & $0.018839$ & $-0.0628511$ & $-0.0116598$ & $0.0219566$ & $-0.00288705$ & $0.0723918$ & $0.0912632$ & $-0.0420644$ & $0.158732$ & $0.396918$ \\
CLL_1221 & $-0.0309567$ & $-0.0620678$ & $0.0216182$ & $0.0029704$ & $-0.0416432$ & $-0.113197$ & $-0.0832729$ & $0.563474$ & $0.556759$ & $-0.342445$ & $-0.349461$ & $-0.263335$ & $0.21129$ & $-0.242244$ & $-0.598376$ & $-0.168602$ & $-0.281955$ & $0.00203407$ & $-0.319353$ & $0.264616$ & $0.439136$ & $0.438445$ & $0.206534$ & $-0.641212$ & $-0.205132$ & $-0.229535$ & $0.691196$ & $0.131378$ & $0.0564737$ & $0.0582668$ & $0.0130909$ & $-0.0839628$ & $0.0525833$ & $1$ & $-0.0367426$ & $0.010141$ & $-0.0427777$ & $0.0355952$ & $0.0324663$ & $0.0192354$ & $0.0196513$ & $-0.0273477$ & $-0.0341933$ & $0.0372504$ & $-0.00788188$ & $0.0269641$ & $-0.00498894$ & $-0.0182066$ & $-0.0241301$ \\
eHggint & $0.150187$ & $-0.152855$ & $-0.115505$ & $0.0537179$ & $0.0639832$ & $0.0302478$ & $-0.014424$ & $0.00208562$ & $-0.0236228$ & $0.0475807$ & $-0.00664638$ & $0.0235407$ & $0.0185975$ & $0.0388757$ & $0.0133093$ & $0.0396966$ & $-0.0239545$ & $0.000371578$ & $-0.0157156$ & $0.00571396$ & $-0.00245278$ & $-0.00773053$ & $0.0397483$ & $-0.000143828$ & $-0.033539$ & $-0.0530898$ & $-0.0490546$ & $0.017511$ & $-0.0631753$ & $-0.0709335$ & $-0.0665569$ & $0.0726546$ & $-0.075341$ & $-0.0367426$ & $1$ & $0.0225109$ & $-0.157385$ & $0.0384445$ & $-0.181159$ & $-0.0188376$ & $-0.0440869$ & $0.0207372$ & $0.00330493$ & $0.121565$ & $-0.138601$ & $-0.158978$ & $-0.0434608$ & $-0.0613328$ & $-0.0460811$ \\
eHggpar & $-0.0502539$ & $-0.147445$ & $0.205794$ & $0.0877642$ & $0.0623816$ & $-0.0402607$ & $-0.0227094$ & $-0.0281318$ & $-0.0453822$ & $0.0399135$ & $0.0444593$ & $0.041292$ & $-0.00789536$ & $-0.0341498$ & $-0.0453847$ & $-0.0252559$ & $-0.0128769$ & $0.00648503$ & $-0.00757293$ & $-0.0512407$ & $-0.0407135$ & $-0.0479289$ & $0.0353875$ & $-0.00297354$ & $0.00579532$ & $0.00733273$ & $0.00841252$ & $0.054024$ & $-0.0196468$ & $-0.0624325$ & $-0.0695363$ & $0.022018$ & $0.0350877$ & $0.010141$ & $0.0225109$ & $1$ & $0.00197169$ & $0.00855336$ & $-0.045284$ & $-0.0150779$ & $0.0157414$ & $-0.040725$ & $-0.126927$ & $0.0789806$ & $-0.190004$ & $0.0146932$ & $-0.0802764$ & $0.0509719$ & $0.0626797$ \\
eHWWint & $-0.0229612$ & $0.0938548$ & $-0.0622761$ & $0.0485278$ & $0.00406082$ & $0.00102069$ & $0.0208747$ & $-0.0605389$ & $-0.0659849$ & $0.0240544$ & $0.0600438$ & $0.0519623$ & $-0.0505099$ & $-0.0492415$ & $0.0156759$ & $-0.0405739$ & $0.0263436$ & $-0.0128013$ & $0.028988$ & $-0.0570735$ & $-0.0594687$ & $-0.0572523$ & $-0.00729862$ & $0.0599621$ & $0.0183208$ & $0.0280422$ & $-0.00995828$ & $-0.0198339$ & $-0.00198903$ & $-0.133674$ & $-0.0770438$ & $-0.0309022$ & $-0.116107$ & $-0.0427777$ & $-0.157385$ & $0.00197169$ & $1$ & $-0.102406$ & $0.0276182$ & $-0.0115476$ & $-0.0440901$ & $0.0368076$ & $-0.018543$ & $-0.0482873$ & $-0.0550153$ & $0.00205562$ & $-0.0323917$ & $-0.0323539$ & $0.11833$ \\
eHWWpar & $-0.0129029$ & $-0.0180687$ & $-0.0250441$ & $-0.0422978$ & $0.0335693$ & $-0.0329532$ & $-0.0307579$ & $0.0273745$ & $0.0327224$ & $-0.00110788$ & $-0.0262658$ & $-0.0397604$ & $0.0440346$ & $-0.00268947$ & $-0.0106455$ & $0.0259204$ & $0.00486191$ & $0.00623434$ & $-0.0207805$ & $0.0234394$ & $0.0259728$ & $0.0274403$ & $0.042782$ & $-0.0292703$ & $-0.00213459$ & $-0.0576124$ & $0.0106861$ & $-0.0165659$ & $0.00655864$ & $0.0194647$ & $0.0169317$ & $-0.0258264$ & $0.0192482$ & $0.0355952$ & $0.0384445$ & $0.00855336$ & $-0.102406$ & $1$ & $-0.0384103$ & $-0.00292911$ & $0.0367653$ & $0.00416249$ & $-0.0719077$ & $0.08329$ & $-0.0249479$ & $0.0300248$ & $0.00017344$ & $0.0384654$ & $0.0183289$ \\
eHZZint & $-0.213494$ & $0.0254905$ & $0.016128$ & $0.0406361$ & $-0.0385799$ & $-0.00481542$ & $0.000844487$ & $0.029011$ & $0.0215597$ & $-0.0393644$ & $-0.0152702$ & $-0.00673717$ & $-0.00403406$ & $-0.0191727$ & $0.000548456$ & $0.0271106$ & $-0.015694$ & $-0.0198864$ & $-0.0397009$ & $0.0178427$ & $0.0158957$ & $0.0220589$ & $0.0160543$ & $0.0110966$ & $0.00676817$ & $-0.0170449$ & $0.0355721$ & $0.0278287$ & $-0.009696$ & $0.0214062$ & $-0.048874$ & $0.000476706$ & $-0.0297395$ & $0.0324663$ & $-0.181159$ & $-0.045284$ & $0.0276182$ & $-0.0384103$ & $1$ & $0.0165301$ & $-0.067961$ & $-0.0483581$ & $-0.0297636$ & $0.0157287$ & $0.0392312$ & $-0.0284835$ & $-0.0401348$ & $0.00312598$ & $-0.100563$ \\
eHZZpar & $-0.0419282$ & $0.0116435$ & $0.00843117$ & $-0.00487499$ & $-0.0160521$ & $0.0306449$ & $-0.0209841$ & $-0.0301027$ & $-0.0324703$ & $-0.0212927$ & $0.0492788$ & $-0.00303452$ & $-0.00497557$ & $-0.0402356$ & $-0.0537946$ & $-0.0053981$ & $-0.0385384$ & $0.00577607$ & $-0.0307674$ & $-0.04627$ & $-0.0458453$ & $-0.0456124$ & $-0.00799455$ & $-0.0209208$ & $-0.0172768$ & $0.0289587$ & $-0.0140532$ & $-0.00802634$ & $-0.00998419$ & $0.000372956$ & $-0.0142011$ & $-0.00700965$ & $0.018839$ & $0.0192354$ & $-0.0188376$ & $-0.0150779$ & $-0.0115476$ & $-0.00292911$ & $0.0165301$ & $1$ & $-0.0259069$ & $-0.038457$ & $0.0255737$ & $0.0315099$ & $0.0322184$ & $0.0350704$ & $0.0218553$ & $0.00927415$ & $0.0529802$ \\
eHZgaint & $0.079104$ & $0.0722203$ & $0.0365469$ & $0.137787$ & $0.0305911$ & $0.067101$ & $-0.0152524$ & $0.00387596$ & $-0.00105761$ & $-0.0446175$ & $0.00125419$ & $-0.0280636$ & $0.0150396$ & $-0.0212967$ & $-0.0120959$ & $0.0128877$ & $-0.00727528$ & $-0.00662132$ & $-0.0218062$ & $-0.00200552$ & $9.64312e-06$ & $0.01636$ & $0.0115072$ & $-0.0177335$ & $-0.0195601$ & $-0.00835242$ & $0.0031943$ & $0.0367646$ & $-0.0629353$ & $0.0811224$ & $0.00952691$ & $-0.00814355$ & $-0.0628511$ & $0.0196513$ & $-0.0440869$ & $0.0157414$ & $-0.0440901$ & $0.0367653$ & $-0.067961$ & $-0.0259069$ & $1$ & $-0.0490877$ & $-0.0492582$ & $-0.0940022$ & $-0.0784533$ & $-0.0635355$ & $-0.0526455$ & $-0.228188$ & $-0.141625$ \\
eHZgapar & $0.0325386$ & $-0.077692$ & $-0.0257986$ & $-0.0324656$ & $-0.0354893$ & $-0.0252953$ & $0.0505835$ & $-0.0351823$ & $-0.0350499$ & $0.0247426$ & $0.0234956$ & $0.0157401$ & $-0.0159622$ & $-0.014202$ & $0.00253702$ & $-0.00685923$ & $0.0378519$ & $0.0185673$ & $0.0246609$ & $-0.0227409$ & $-0.0254762$ & $-0.0259559$ & $-0.0114949$ & $0.0293773$ & $0.00394595$ & $0.0145878$ & $-0.0407997$ & $-0.0258346$ & $0.0165702$ & $-0.0189574$ & $-0.00934168$ & $0.0442562$ & $-0.0116598$ & $-0.0273477$ & $0.0207372$ & $-0.040725$ & $0.0368076$ & $0.00416249$ & $-0.0483581$ & $-0.038457$ & $-0.0490877$ & $1$ & $-0.0747564$ & $0.0552257$ & $-0.0637393$ & $0.0530358$ & $-0.0649224$ & $0.0352844$ & $0.0368169$ \\
eHgagaint & $-0.00358983$ & $0.0646548$ & $-0.0408436$ & $0.135455$ & $0.0229368$ & $-0.00787866$ & $-0.0105426$ & $-0.000749047$ & $0.0530826$ & $-0.0365639$ & $-0.00312794$ & $-0.0423294$ & $0.0161894$ & $0.00557626$ & $0.0413503$ & $0.0226119$ & $-0.00434099$ & $-0.0203021$ & $-0.00220518$ & $0.010993$ & $0.00188916$ & $-0.00554213$ & $0.0100621$ & $0.023298$ & $0.0364785$ & $0.0216663$ & $0.0403728$ & $0.00220728$ & $0.018629$ & $0.000802864$ & $0.0381088$ & $-0.0259255$ & $0.0219566$ & $-0.0341933$ & $0.00330493$ & $-0.126927$ & $-0.018543$ & $-0.0719077$ & $-0.0297636$ & $0.0255737$ & $-0.0492582$ & $-0.0747564$ & $1$ & $-0.26011$ & $0.136954$ & $0.00450587$ & $0.0213026$ & $0.0561016$ & $0.0704016$ \\
eHmumuint & $-0.0371275$ & $-0.182727$ & $0.0710928$ & $-0.115361$ & $-0.0159181$ & $0.0268425$ & $0.0262256$ & $0.0247662$ & $0.00780473$ & $0.0234591$ & $-0.0273951$ & $0.035826$ & $-0.0248569$ & $0.0292029$ & $-0.033892$ & $-0.0322232$ & $0.0119981$ & $0.0331576$ & $0.0234704$ & $0.0196155$ & $0.0277311$ & $0.0257222$ & $-0.00347477$ & $-0.017628$ & $0.00018999$ & $-0.00271844$ & $0.0032186$ & $0.0301045$ & $0.0441501$ & $-0.0205024$ & $-0.0273403$ & $0.0339707$ & $-0.00288705$ & $0.0372504$ & $0.121565$ & $0.0789806$ & $-0.0482873$ & $0.08329$ & $0.0157287$ & $0.0315099$ & $-0.0940022$ & $0.0552257$ & $-0.26011$ & $1$ & $-0.0900303$ & $0.0603563$ & $0.0811902$ & $0.185298$ & $-0.0144112$ \\
eHtautauint & $-0.0196975$ & $0.287144$ & $-0.100957$ & $-0.0102579$ & $0.023452$ & $-0.000726351$ & $-0.035081$ & $-0.0135795$ & $-0.00356181$ & $-0.0113846$ & $-0.000586155$ & $-0.00742801$ & $-0.00463927$ & $0.0185202$ & $0.0143096$ & $-0.00148152$ & $0.0181308$ & $0.0115149$ & $0.0243162$ & $0.0125834$ & $0.00518958$ & $0.0167157$ & $-0.00379801$ & $0.0322499$ & $0.0313327$ & $-0.0144646$ & $0.0126945$ & $-0.036214$ & $0.0204601$ & $0.0891445$ & $0.0547792$ & $-0.0404019$ & $0.0723918$ & $-0.00788188$ & $-0.138601$ & $-0.190004$ & $-0.0550153$ & $-0.0249479$ & $0.0392312$ & $0.0322184$ & $-0.0784533$ & $-0.0637393$ & $0.136954$ & $-0.0900303$ & $1$ & $-0.0694131$ & $0.125151$ & $0.0342335$ & $0.0861467$ \\
eHccint & $-0.00960371$ & $-0.016726$ & $0.213647$ & $0.0637367$ & $0.00039818$ & $0.0191637$ & $0.0264387$ & $0.0318162$ & $0.0357946$ & $-0.0522615$ & $-0.00931737$ & $-0.00422451$ & $-0.00829001$ & $-0.0450216$ & $0.00625643$ & $-0.0353289$ & $-0.0208417$ & $-0.0442296$ & $-0.0112722$ & $0.0099824$ & $0.0174624$ & $0.0100199$ & $0.0312218$ & $-0.034406$ & $-0.0227951$ & $-0.00762706$ & $0.0436939$ & $0.0111619$ & $0.0345152$ & $0.0192932$ & $0.007592$ & $0.0175824$ & $0.0912632$ & $0.0269641$ & $-0.158978$ & $0.0146932$ & $0.00205562$ & $0.0300248$ & $-0.0284835$ & $0.0350704$ & $-0.0635355$ & $0.0530358$ & $0.00450587$ & $0.0603563$ & $-0.0694131$ & $1$ & $-0.177142$ & $0.124756$ & $0.141408$ \\
eHccpar & $0.0323049$ & $0.180295$ & $-0.126285$ & $0.0323375$ & $-0.0368476$ & $-0.0168737$ & $0.00609921$ & $-0.0395604$ & $-0.040646$ & $0.0358842$ & $0.0335923$ & $0.0087614$ & $-0.00207528$ & $0.00457159$ & $-0.0288409$ & $-0.0382016$ & $0.000534757$ & $0.0201588$ & $0.0310286$ & $-0.0323497$ & $-0.0320001$ & $-0.0250659$ & $-0.00344207$ & $-0.00928675$ & $0.0397218$ & $0.0447954$ & $0.0290067$ & $-0.0161489$ & $0.0129316$ & $-0.00634939$ & $0.267781$ & $0.0144539$ & $-0.0420644$ & $-0.00498894$ & $-0.0434608$ & $-0.0802764$ & $-0.0323917$ & $0.00017344$ & $-0.0401348$ & $0.0218553$ & $-0.0526455$ & $-0.0649224$ & $0.0213026$ & $0.0811902$ & $0.125151$ & $-0.177142$ & $1$ & $-0.131922$ & $-0.0710779$ \\
eHbbint & $0.0865311$ & $-0.106712$ & $-0.0460054$ & $0.0698206$ & $-0.0364131$ & $-0.0120562$ & $0.0497025$ & $0.00193336$ & $0.0111312$ & $0.0354728$ & $-0.0138169$ & $0.0330868$ & $-0.0215239$ & $0.0132761$ & $0.0169202$ & $-0.0233793$ & $0.0234646$ & $0.007968$ & $0.032605$ & $0.0128007$ & $0.00857753$ & $-0.00689726$ & $-0.0306516$ & $0.0232204$ & $0.00949789$ & $0.0241148$ & $0.00477347$ & $0.00464808$ & $0.0257906$ & $0.0179252$ & $-0.0530459$ & $0.0314549$ & $0.158732$ & $-0.0182066$ & $-0.0613328$ & $0.0509719$ & $-0.0323539$ & $0.0384654$ & $0.00312598$ & $0.00927415$ & $-0.228188$ & $0.0352844$ & $0.0561016$ & $0.185298$ & $0.0342335$ & $0.124756$ & $-0.131922$ & $1$ & $0.134236$ \\
eHbbpar & $0.000812824$ & $0.170169$ & $0.196217$ & $0.031456$ & $0.0542254$ & $-0.0475613$ & $-0.00793748$ & $-0.0187418$ & $-0.017114$ & $-0.016645$ & $0.010985$ & $0.0361062$ & $-0.0434109$ & $-0.00670369$ & $0.0261033$ & $0.0106898$ & $0.0237801$ & $-0.00151749$ & $0.0109004$ & $0.00342732$ & $-0.00707988$ & $-0.00908135$ & $-0.020148$ & $0.0490352$ & $0.00699077$ & $0.0111646$ & $-0.0153855$ & $0.00361576$ & $-0.0331847$ & $-0.0248986$ & $-0.0285684$ & $-0.0161374$ & $0.396918$ & $-0.0241301$ & $-0.0460811$ & $0.0626797$ & $0.11833$ & $0.0183289$ & $-0.100563$ & $0.0529802$ & $-0.141625$ & $0.0368169$ & $0.0704016$ & $-0.0144112$ & $0.0861467$ & $0.141408$ & $-0.0710779$ & $0.134236$ & $1$ \\
