 & AlsMz & dAle5Mz & mtop & mHl & Mz & CW & CHG & CHWB & CHWHB_gaga & CHWHB_gagaorth & CHD & CHbox & CH & CHL1_11 & CHL1_22 & CHL1_33 & CHL3_11 & CHL3_22 & CHL3_33 & CHe_11 & CHe_22 & CHe_33 & CHQ1_11 & CHQ1_33 & CHQ3_11 & CHu_11 & CHd_11 & CHd_33 & CeH_22r & CeH_33r & CuH_22r & CuH_33r & CdH_33r & CLL_1221 & eHggint & eHggpar & eHWWint & eHWWpar & eHZZint & eHZZpar & eHZgaint & eHZgapar & eHgagaint & eHmumuint & eHtautauint & eHccint & eHccpar & eHbbint & eHbbpar \\
AlsMz & $1$ & $-0.165598$ & $0.371631$ & $0.331138$ & $0.0387474$ & $0.0209489$ & $-0.0256474$ & $-0.0590792$ & $-0.0783064$ & $-0.0413697$ & $0.041316$ & $0.0230458$ & $0.0675126$ & $-0.00585901$ & $-0.0308206$ & $-0.0330291$ & $0.0339486$ & $0.0426284$ & $0.0371502$ & $-0.0464115$ & $-0.0453837$ & $-0.0529635$ & $0.00280266$ & $-0.00984597$ & $-0.026257$ & $-0.00108499$ & $-0.05665$ & $-0.0366921$ & $0.0679728$ & $0.0210299$ & $0.0494542$ & $-0.0118629$ & $0.10356$ & $-0.0286861$ & $0.134411$ & $0.171734$ & $0.0880593$ & $0.0396797$ & $0.34241$ & $-0.0410891$ & $-0.30412$ & $-0.00547208$ & $-0.366167$ & $-0.133195$ & $-0.0176912$ & $-0.101894$ & $0.216$ & $-0.213137$ & $0.293852$ \\
dAle5Mz & $-0.165598$ & $1$ & $-0.0204934$ & $0.0327128$ & $-0.0104666$ & $-0.00710886$ & $0.134998$ & $-0.0183058$ & $-0.010382$ & $0.00975773$ & $0.00735738$ & $-0.116939$ & $-0.134043$ & $0.011631$ & $0.03946$ & $0.00747793$ & $-0.00989793$ & $-0.0214684$ & $0.000825068$ & $0.00918751$ & $0.00342447$ & $0.0171984$ & $-0.0467838$ & $0.0115222$ & $-0.00610036$ & $0.0317907$ & $-0.0362997$ & $0.0193364$ & $-0.0194626$ & $-0.0506656$ & $-0.0162673$ & $0.130609$ & $-0.0626818$ & $-0.0297514$ & $-0.167395$ & $-0.461321$ & $-0.122173$ & $-0.164402$ & $-0.140018$ & $0.0221739$ & $0.168058$ & $0.0353473$ & $0.000656157$ & $0.376137$ & $0.117809$ & $0.0823121$ & $-0.263611$ & $0.195516$ & $-0.143418$ \\
mtop & $0.371631$ & $-0.0204934$ & $1$ & $0.0563573$ & $0.103539$ & $0.0933227$ & $-0.00620083$ & $-0.0435847$ & $-0.0642247$ & $0.031801$ & $0.0513748$ & $0.0051495$ & $-0.000687062$ & $-0.0299987$ & $-0.0222828$ & $-0.0574624$ & $-0.0190906$ & $-0.00574888$ & $0.010899$ & $-0.044902$ & $-0.0480897$ & $-0.0564972$ & $-0.0865458$ & $-0.0130787$ & $-0.0242268$ & $0.0953345$ & $-0.0222004$ & $-0.0184844$ & $-0.0114281$ & $-0.0140786$ & $0.01434$ & $-0.0163398$ & $-0.00385967$ & $-0.0279537$ & $-0.348968$ & $0.194427$ & $0.218438$ & $0.143478$ & $0.23637$ & $0.0243515$ & $-0.117996$ & $0.0492076$ & $-0.515016$ & $-0.320202$ & $0.206541$ & $-0.0879996$ & $0.092151$ & $-0.103786$ & $0.128051$ \\
mHl & $0.331138$ & $0.0327128$ & $0.0563573$ & $1$ & $-0.0168781$ & $0.0530061$ & $-0.0457148$ & $-0.0448664$ & $-0.0516265$ & $-0.0475464$ & $0.0414419$ & $-0.0576356$ & $0.00180058$ & $-0.0147642$ & $-0.0258533$ & $-0.00597795$ & $-0.00580645$ & $0.0125917$ & $-0.0102149$ & $-0.0414354$ & $-0.0434661$ & $-0.052132$ & $-0.00417469$ & $0.00627077$ & $-0.0346535$ & $0.0227293$ & $-0.0645528$ & $0.0366324$ & $0.0688066$ & $0.00645494$ & $-0.0326564$ & $-0.0516206$ & $-0.00370298$ & $-0.0220017$ & $-0.0825188$ & $0.2632$ & $-0.203175$ & $-0.0529461$ & $0.188327$ & $0.0549528$ & $0.148378$ & $-0.0559526$ & $-0.0640529$ & $0.138322$ & $0.151126$ & $-0.346788$ & $-0.132458$ & $-0.0484149$ & $0.00659649$ \\
Mz & $0.0387474$ & $-0.0104666$ & $0.103539$ & $-0.0168781$ & $1$ & $0.0552941$ & $0.0516158$ & $-0.0080221$ & $-0.0103868$ & $0.00461706$ & $0.00549203$ & $-0.0677097$ & $-0.0756131$ & $0.0156747$ & $0.0384369$ & $0.0147059$ & $0.0122237$ & $-0.00631098$ & $0.0112578$ & $0.00193953$ & $-0.00322091$ & $-0.00298971$ & $-0.0149052$ & $0.00417096$ & $-0.0224083$ & $-0.0101694$ & $-0.076488$ & $0.0320162$ & $-0.0632014$ & $-0.0233697$ & $0.0105877$ & $0.0419201$ & $-0.027979$ & $-0.0436181$ & $0.0174053$ & $0.0217236$ & $0.0239926$ & $-0.00108244$ & $-0.00172229$ & $0.0132728$ & $-0.093557$ & $0.0275539$ & $-0.0742174$ & $-0.0982687$ & $0.0283056$ & $-0.128455$ & $0.0616449$ & $0.0460107$ & $-0.0162507$ \\
CW & $0.0209489$ & $-0.00710886$ & $0.0933227$ & $0.0530061$ & $0.0552941$ & $1$ & $-0.014111$ & $-0.0167975$ & $-0.0150281$ & $0.0374318$ & $0.149994$ & $0.00368146$ & $-0.0303494$ & $-0.0803415$ & $-0.0471654$ & $-0.0345212$ & $-0.414533$ & $-0.242553$ & $-0.245675$ & $-0.144448$ & $-0.152996$ & $-0.148848$ & $-0.0422183$ & $-0.172526$ & $-0.287976$ & $0.123434$ & $-0.0993992$ & $-0.0800911$ & $-0.0162145$ & $-0.0122993$ & $-0.0161625$ & $-0.00574679$ & $-0.0305124$ & $-0.101141$ & $-9.56019e-05$ & $0.0678004$ & $-0.0216015$ & $-0.00137468$ & $-0.00486652$ & $-0.0420387$ & $0.0487884$ & $0.00700353$ & $-0.048757$ & $-0.0119386$ & $0.0843428$ & $0.00343391$ & $-0.0182397$ & $-0.0300623$ & $0.0188608$ \\
CHG & $-0.0256474$ & $0.134998$ & $-0.00620083$ & $-0.0457148$ & $0.0516158$ & $-0.014111$ & $1$ & $-0.0235484$ & $0.00127832$ & $0.109603$ & $0.0334716$ & $-0.629889$ & $-0.660296$ & $-0.0471044$ & $0.0148743$ & $0.0562906$ & $-0.0283844$ & $-0.030208$ & $-0.0593248$ & $-0.0202929$ & $-0.0375702$ & $-0.0365174$ & $-0.0471429$ & $0.00382881$ & $-0.0333131$ & $0.0464948$ & $-0.052825$ & $-0.0153806$ & $-0.075181$ & $-0.476375$ & $-0.27192$ & $0.947363$ & $-0.55161$ & $-0.0293924$ & $0.0968041$ & $0.100134$ & $0.128612$ & $-0.0849021$ & $-0.192684$ & $-0.0512915$ & $0.0339109$ & $-0.0117141$ & $-0.140215$ & $-0.0440614$ & $0.0422535$ & $-0.00805732$ & $-0.194039$ & $-0.156745$ & $-0.160783$ \\
CHWB & $-0.0590792$ & $-0.0183058$ & $-0.0435847$ & $-0.0448664$ & $-0.0080221$ & $-0.0167975$ & $-0.0235484$ & $1$ & $0.989716$ & $-0.559841$ & $-0.879397$ & $-0.0644739$ & $0.0409149$ & $0.31839$ & $0.467772$ & $0.478183$ & $-0.171891$ & $-0.353515$ & $-0.378198$ & $0.864664$ & $0.891941$ & $0.881983$ & $0.0253076$ & $-0.606902$ & $-0.325401$ & $-0.584611$ & $0.393922$ & $0.38833$ & $-0.0173046$ & $0.0157367$ & $0.0211117$ & $-0.0379716$ & $-0.00332123$ & $0.517494$ & $-0.00628967$ & $-0.0739205$ & $-0.00458904$ & $-0.00864646$ & $-0.0640309$ & $-0.00138557$ & $-0.00657377$ & $-0.0029275$ & $0.0200248$ & $0.101718$ & $-0.00192472$ & $0.0511822$ & $0.0357676$ & $0.0194316$ & $-0.0409152$ \\
CHWHB_gaga & $-0.0783064$ & $-0.010382$ & $-0.0642247$ & $-0.0516265$ & $-0.0103868$ & $-0.0150281$ & $0.00127832$ & $0.989716$ & $1$ & $-0.557178$ & $-0.869193$ & $-0.0500629$ & $0.0492785$ & $0.31436$ & $0.463142$ & $0.471159$ & $-0.174124$ & $-0.352373$ & $-0.37428$ & $0.855203$ & $0.881559$ & $0.87338$ & $0.0287087$ & $-0.599305$ & $-0.319221$ & $-0.578584$ & $0.396488$ & $0.393708$ & $-0.0104464$ & $0.0325768$ & $0.0295137$ & $-0.0172031$ & $0.0151121$ & $0.51084$ & $-0.00783708$ & $-0.0963083$ & $-0.021064$ & $-0.00816589$ & $-0.0625892$ & $0.000179964$ & $0.00860758$ & $-0.0030843$ & $0.0542888$ & $0.1119$ & $-0.00130809$ & $0.0553583$ & $0.0249776$ & $0.0158638$ & $-0.0476508$ \\
CHWHB_gagaorth & $-0.0413697$ & $0.00975773$ & $0.031801$ & $-0.0475464$ & $0.00461706$ & $0.0374318$ & $0.109603$ & $-0.559841$ & $-0.557178$ & $1$ & $0.473776$ & $-0.0327377$ & $-0.238747$ & $-0.126942$ & $-0.281707$ & $-0.2842$ & $0.122587$ & $0.249771$ & $0.262562$ & $-0.46597$ & $-0.478247$ & $-0.47562$ & $-0.0024851$ & $0.375403$ & $0.223058$ & $0.300164$ & $-0.210627$ & $-0.184765$ & $-0.00116408$ & $-0.204619$ & $-0.156447$ & $0.120109$ & $-0.203115$ & $-0.28154$ & $0.0434942$ & $0.0568428$ & $-0.00992159$ & $-0.00979536$ & $-0.0486905$ & $-0.0616124$ & $-0.0592755$ & $0.0499038$ & $-0.00753594$ & $-0.113709$ & $-0.0377957$ & $-0.0730964$ & $-0.105755$ & $0.0467226$ & $0.00311775$ \\
CHD & $0.041316$ & $0.00735738$ & $0.0513748$ & $0.0414419$ & $0.00549203$ & $0.149994$ & $0.0334716$ & $-0.879397$ & $-0.869193$ & $0.473776$ & $1$ & $0.070853$ & $-0.0544184$ & $-0.692094$ & $-0.576199$ & $-0.600333$ & $-0.288835$ & $-0.0631306$ & $-0.0376327$ & $-0.995059$ & $-0.995371$ & $-0.982661$ & $0.016509$ & $0.20151$ & $-0.097388$ & $0.682866$ & $-0.258655$ & $-0.432489$ & $0.00876189$ & $-0.0279714$ & $-0.0479613$ & $0.0601321$ & $-0.0327965$ & $-0.32271$ & $0.0246381$ & $0.101959$ & $0.0218055$ & $-0.00916893$ & $0.0335092$ & $0.00556937$ & $0.0248861$ & $-0.00140873$ & $-0.0214403$ & $-0.0810299$ & $0.0266272$ & $-0.0328684$ & $-0.0211806$ & $-0.0325093$ & $0.0490477$ \\
CHbox & $0.0230458$ & $-0.116939$ & $0.0051495$ & $-0.0576356$ & $-0.0677097$ & $0.00368146$ & $-0.629889$ & $-0.0644739$ & $-0.0500629$ & $-0.0327377$ & $0.070853$ & $1$ & $0.940443$ & $-0.0256598$ & $-0.0607209$ & $-0.102469$ & $-0.019403$ & $0.00767465$ & $0.0378855$ & $-0.0798544$ & $-0.0684955$ & $-0.0713451$ & $0.0650501$ & $0.0226731$ & $0.0301416$ & $0.0227001$ & $0.0487062$ & $-0.02512$ & $0.172185$ & $0.676527$ & $0.414586$ & $-0.515389$ & $0.737289$ & $-0.020496$ & $-0.0991752$ & $-0.147607$ & $-0.0909677$ & $0.0880276$ & $0.175601$ & $0.0971977$ & $0.0410592$ & $0.0269624$ & $0.146484$ & $0.0694173$ & $0.0552359$ & $0.0471592$ & $0.177378$ & $0.0754622$ & $0.079663$ \\
CH & $0.0675126$ & $-0.134043$ & $-0.000687062$ & $0.00180058$ & $-0.0756131$ & $-0.0303494$ & $-0.660296$ & $0.0409149$ & $0.0492785$ & $-0.238747$ & $-0.0544184$ & $0.940443$ & $1$ & $0.0628239$ & $-0.00808352$ & $-0.0404222$ & $0.0375915$ & $0.0371253$ & $0.0563434$ & $0.0402205$ & $0.0576758$ & $0.0513897$ & $0.064517$ & $-0.00623425$ & $0.0556178$ & $-0.0550659$ & $0.0945223$ & $0.0137671$ & $0.170209$ & $0.677544$ & $0.427552$ & $-0.563292$ & $0.726304$ & $0.0427859$ & $-0.0939569$ & $-0.136507$ & $-0.0988115$ & $0.109555$ & $0.157539$ & $0.0966064$ & $0.0314242$ & $-0.0116499$ & $0.131757$ & $0.08593$ & $0.0386484$ & $0.0411507$ & $0.201574$ & $0.069878$ & $0.0637617$ \\
CHL1_11 & $-0.00585901$ & $0.011631$ & $-0.0299987$ & $-0.0147642$ & $0.0156747$ & $-0.0803415$ & $-0.0471044$ & $0.31839$ & $0.31436$ & $-0.126942$ & $-0.692094$ & $-0.0256598$ & $0.0628239$ & $1$ & $0.428137$ & $0.468482$ & $0.636141$ & $0.588629$ & $0.569982$ & $0.700612$ & $0.665611$ & $0.654931$ & $-0.0712029$ & $0.416726$ & $0.582889$ & $-0.491084$ & $-0.0651536$ & $0.282444$ & $-0.00368201$ & $0.0414154$ & $0.0573943$ & $-0.0753898$ & $0.0837123$ & $-0.144999$ & $-0.0663738$ & $-0.0978236$ & $-0.0728192$ & $0.0592606$ & $0.0342718$ & $-0.0189941$ & $-0.0352457$ & $0.0315876$ & $0.0107182$ & $0.0183769$ & $-0.020838$ & $-0.00463693$ & $-0.016239$ & $0.0208068$ & $-0.0247772$ \\
CHL1_22 & $-0.0308206$ & $0.03946$ & $-0.0222828$ & $-0.0258533$ & $0.0384369$ & $-0.0471654$ & $0.0148743$ & $0.467772$ & $0.463142$ & $-0.281707$ & $-0.576199$ & $-0.0607209$ & $-0.00808352$ & $0.428137$ & $1$ & $0.544718$ & $0.182215$ & $-0.299602$ & $0.0141704$ & $0.617288$ & $0.522799$ & $0.517261$ & $-0.175212$ & $0.0323781$ & $-0.0536597$ & $-0.350851$ & $-0.294929$ & $0.21852$ & $0.00330803$ & $0.00583183$ & $0.0320828$ & $0.00227901$ & $-0.00512343$ & $-0.475429$ & $-0.000795252$ & $-0.0526181$ & $-0.041638$ & $0.00170104$ & $-0.0276327$ & $0.00324368$ & $-0.0145314$ & $0.0394784$ & $0.00141044$ & $0.00413339$ & $-0.0230689$ & $-0.0406079$ & $-0.0541663$ & $0.016944$ & $-0.0551019$ \\
CHL1_33 & $-0.0330291$ & $0.00747793$ & $-0.0574624$ & $-0.00597795$ & $0.0147059$ & $-0.0345212$ & $0.0562906$ & $0.478183$ & $0.471159$ & $-0.2842$ & $-0.600333$ & $-0.102469$ & $-0.0404222$ & $0.468482$ & $0.544718$ & $1$ & $0.204931$ & $0.0490776$ & $-0.263368$ & $0.641587$ & $0.54873$ & $0.554493$ & $-0.130782$ & $0.0420035$ & $-0.00783153$ & $-0.39451$ & $-0.260358$ & $0.231137$ & $-0.0170865$ & $0.00276745$ & $0.0141555$ & $0.0461286$ & $-0.0142518$ & $-0.0241245$ & $0.0159782$ & $-0.0447401$ & $-0.0216617$ & $-0.0565884$ & $-0.047748$ & $0.00367482$ & $0.0352222$ & $0.0269805$ & $-0.00922871$ & $0.0344017$ & $-0.0119051$ & $0.00135339$ & $-0.0169297$ & $0.0202132$ & $-0.0741202$ \\
CHL3_11 & $0.0339486$ & $-0.00989793$ & $-0.0190906$ & $-0.00580645$ & $0.0122237$ & $-0.414533$ & $-0.0283844$ & $-0.171891$ & $-0.174124$ & $0.122587$ & $-0.288835$ & $-0.019403$ & $0.0375915$ & $0.636141$ & $0.182215$ & $0.204931$ & $1$ & $0.817987$ & $0.816463$ & $0.296259$ & $0.268754$ & $0.262014$ & $-0.045228$ & $0.734763$ & $0.848874$ & $-0.239601$ & $-0.136937$ & $0.118288$ & $0.0287471$ & $0.0269376$ & $0.0635248$ & $-0.0556279$ & $0.066395$ & $-0.209012$ & $-0.0156107$ & $-0.0447673$ & $-0.00041035$ & $0.0237297$ & $0.0578822$ & $-0.00481678$ & $-0.0496047$ & $-0.020074$ & $0.0108099$ & $-0.0407666$ & $-0.063777$ & $-0.0326913$ & $-0.000965356$ & $0.03775$ & $-0.0258744$ \\
CHL3_22 & $0.0426284$ & $-0.0214684$ & $-0.00574888$ & $0.0125917$ & $-0.00631098$ & $-0.242553$ & $-0.030208$ & $-0.353515$ & $-0.352373$ & $0.249771$ & $-0.0631306$ & $0.00767465$ & $0.0371253$ & $0.588629$ & $-0.299602$ & $0.0490776$ & $0.817987$ & $1$ & $0.772176$ & $0.0592599$ & $0.06069$ & $0.0576074$ & $0.0191939$ & $0.722686$ & $0.855421$ & $-0.100864$ & $-0.0471717$ & $0.0298229$ & $0.0119578$ & $0.0245163$ & $0.0399961$ & $-0.0510007$ & $0.0762541$ & $-0.0184405$ & $-0.0373074$ & $-0.0303055$ & $-0.0124909$ & $0.035901$ & $0.0680631$ & $-0.01373$ & $-0.0307537$ & $-0.0118049$ & $0.00403722$ & $-0.0373979$ & $-0.0397852$ & $-0.00691678$ & $0.0139156$ & $0.0168654$ & $0.00781128$ \\
CHL3_33 & $0.0371502$ & $0.000825068$ & $0.010899$ & $-0.0102149$ & $0.0112578$ & $-0.245675$ & $-0.0593248$ & $-0.378198$ & $-0.37428$ & $0.262562$ & $-0.0376327$ & $0.0378855$ & $0.0563434$ & $0.569982$ & $0.0141704$ & $-0.263368$ & $0.816463$ & $0.772176$ & $1$ & $0.0339208$ & $0.0345021$ & $0.0374713$ & $-0.0103277$ & $0.736719$ & $0.8451$ & $-0.0659688$ & $-0.0733343$ & $0.01917$ & $0.0261253$ & $0.0232057$ & $0.0482602$ & $-0.0824099$ & $0.0837916$ & $-0.350414$ & $-0.0485487$ & $-0.0382633$ & $-0.026564$ & $0.0697807$ & $0.0799269$ & $-0.0209059$ & $-0.0663689$ & $-0.000921938$ & $0.0180195$ & $-0.0577196$ & $-0.0450111$ & $-0.0351968$ & $-0.0180297$ & $0.0212934$ & $0.0209658$ \\
CHe_11 & $-0.0464115$ & $0.00918751$ & $-0.044902$ & $-0.0414354$ & $0.00193953$ & $-0.144448$ & $-0.0202929$ & $0.864664$ & $0.855203$ & $-0.46597$ & $-0.995059$ & $-0.0798544$ & $0.0402205$ & $0.700612$ & $0.617288$ & $0.641587$ & $0.296259$ & $0.0592599$ & $0.0339208$ & $1$ & $0.985814$ & $0.973982$ & $-0.0347896$ & $-0.171856$ & $0.0985864$ & $-0.675981$ & $0.206809$ & $0.429207$ & $-0.0122553$ & $0.0215955$ & $0.0443693$ & $-0.0473474$ & $0.0255578$ & $0.268088$ & $-0.0276207$ & $-0.105725$ & $-0.0222555$ & $0.00194575$ & $-0.0384928$ & $-0.00374709$ & $-0.0199719$ & $0.00790755$ & $0.0166725$ & $0.0781665$ & $-0.0253928$ & $0.0295366$ & $0.0112594$ & $0.0341159$ & $-0.0531129$ \\
CHe_22 & $-0.0453837$ & $0.00342447$ & $-0.0480897$ & $-0.0434661$ & $-0.00322091$ & $-0.152996$ & $-0.0375702$ & $0.891941$ & $0.881559$ & $-0.478247$ & $-0.995371$ & $-0.0684955$ & $0.0576758$ & $0.665611$ & $0.522799$ & $0.54873$ & $0.268754$ & $0.06069$ & $0.0345021$ & $0.985814$ & $1$ & $0.985757$ & $0.00361357$ & $-0.239945$ & $0.0878072$ & $-0.684193$ & $0.315905$ & $0.435406$ & $-0.0105689$ & $0.0287076$ & $0.0465058$ & $-0.0639$ & $0.0327597$ & $0.386794$ & $-0.0296276$ & $-0.107277$ & $-0.0174113$ & $0.00809023$ & $-0.0342219$ & $-0.00566545$ & $-0.0242205$ & $-0.0062525$ & $0.0215711$ & $0.0904526$ & $-0.0227017$ & $0.0390435$ & $0.0232121$ & $0.036419$ & $-0.0485628$ \\
CHe_33 & $-0.0529635$ & $0.0171984$ & $-0.0564972$ & $-0.052132$ & $-0.00298971$ & $-0.148848$ & $-0.0365174$ & $0.881983$ & $0.87338$ & $-0.47562$ & $-0.982661$ & $-0.0713451$ & $0.0513897$ & $0.654931$ & $0.517261$ & $0.554493$ & $0.262014$ & $0.0576074$ & $0.0374713$ & $0.973982$ & $0.985757$ & $1$ & $-0.00145731$ & $-0.238435$ & $0.0865223$ & $-0.671491$ & $0.314312$ & $0.436162$ & $-0.00788221$ & $0.0221493$ & $0.0439083$ & $-0.0637787$ & $0.0300655$ & $0.383686$ & $-0.0205362$ & $-0.114272$ & $-0.0183806$ & $-0.00728189$ & $-0.0455236$ & $-0.0089645$ & $-0.0198619$ & $-0.000317808$ & $0.0277294$ & $0.101438$ & $-0.025263$ & $0.0433801$ & $0.0197555$ & $0.0425592$ & $-0.0540465$ \\
CHQ1_11 & $0.00280266$ & $-0.0467838$ & $-0.0865458$ & $-0.00417469$ & $-0.0149052$ & $-0.0422183$ & $-0.0471429$ & $0.0253076$ & $0.0287087$ & $-0.0024851$ & $0.016509$ & $0.0650501$ & $0.064517$ & $-0.0712029$ & $-0.175212$ & $-0.130782$ & $-0.045228$ & $0.0191939$ & $-0.0103277$ & $-0.0347896$ & $0.00361357$ & $-0.00145731$ & $1$ & $-0.096135$ & $0.0793863$ & $-0.578617$ & $0.346609$ & $-0.0438033$ & $-0.00478375$ & $0.0495453$ & $-0.000146975$ & $-0.0326554$ & $0.060656$ & $0.193844$ & $0.0312872$ & $-0.00727062$ & $0.027951$ & $0.001986$ & $0.00999655$ & $-0.0184611$ & $-0.0814567$ & $-0.0777464$ & $0.0487907$ & $-0.0137288$ & $-0.0824085$ & $-0.000715012$ & $0.0631483$ & $0.059657$ & $0.0317978$ \\
CHQ1_33 & $-0.00984597$ & $0.0115222$ & $-0.0130787$ & $0.00627077$ & $0.00417096$ & $-0.172526$ & $0.00382881$ & $-0.606902$ & $-0.599305$ & $0.375403$ & $0.20151$ & $0.0226731$ & $-0.00623425$ & $0.416726$ & $0.0323781$ & $0.0420035$ & $0.734763$ & $0.722686$ & $0.736719$ & $-0.171856$ & $-0.239945$ & $-0.238435$ & $-0.096135$ & $1$ & $0.737236$ & $0.114335$ & $-0.383026$ & $-0.016073$ & $0.0302849$ & $0.00899059$ & $0.0299718$ & $-0.00935604$ & $0.0428447$ & $-0.58201$ & $-0.0438393$ & $0.00401318$ & $-0.0268449$ & $0.0103226$ & $0.0738013$ & $0.00363229$ & $0.0109968$ & $0.00798808$ & $0.0208155$ & $-0.0865657$ & $-0.0255501$ & $-0.0675163$ & $-0.0627196$ & $-0.013141$ & $-0.00616557$ \\
CHQ3_11 & $-0.026257$ & $-0.00610036$ & $-0.0242268$ & $-0.0346535$ & $-0.0224083$ & $-0.287976$ & $-0.0333131$ & $-0.325401$ & $-0.319221$ & $0.223058$ & $-0.097388$ & $0.0301416$ & $0.0556178$ & $0.582889$ & $-0.0536597$ & $-0.00783153$ & $0.848874$ & $0.855421$ & $0.8451$ & $0.0985864$ & $0.0878072$ & $0.0865223$ & $0.0793863$ & $0.737236$ & $1$ & $-0.112537$ & $0.142256$ & $0.0651906$ & $0.012088$ & $0.019564$ & $0.0414512$ & $-0.0549351$ & $0.0721726$ & $-0.205912$ & $-0.0448465$ & $-0.0598649$ & $-0.036027$ & $0.0496252$ & $0.0553444$ & $-0.00569591$ & $-0.0247436$ & $-0.0305261$ & $0.0600088$ & $-0.0530887$ & $-0.0596857$ & $-0.0361417$ & $0.00258076$ & $0.0276167$ & $0.00462835$ \\
CHu_11 & $-0.00108499$ & $0.0317907$ & $0.0953345$ & $0.0227293$ & $-0.0101694$ & $0.123434$ & $0.0464948$ & $-0.584611$ & $-0.578584$ & $0.300164$ & $0.682866$ & $0.0227001$ & $-0.0550659$ & $-0.491084$ & $-0.350851$ & $-0.39451$ & $-0.239601$ & $-0.100864$ & $-0.0659688$ & $-0.675981$ & $-0.684193$ & $-0.671491$ & $-0.578617$ & $0.114335$ & $-0.112537$ & $1$ & $-0.182226$ & $-0.257295$ & $0.00334599$ & $-0.0340077$ & $-0.0303865$ & $0.0574473$ & $-0.0578142$ & $-0.251673$ & $-0.0212507$ & $0.0721588$ & $-0.0130946$ & $0.0181458$ & $-0.0010001$ & $0.020794$ & $0.0722551$ & $0.0383092$ & $-0.0311201$ & $-0.0680256$ & $0.047778$ & $-0.0287823$ & $-0.0408527$ & $-0.0622656$ & $0.0269923$ \\
CHd_11 & $-0.05665$ & $-0.0362997$ & $-0.0222004$ & $-0.0645528$ & $-0.076488$ & $-0.0993992$ & $-0.052825$ & $0.393922$ & $0.396488$ & $-0.210627$ & $-0.258655$ & $0.0487062$ & $0.0945223$ & $-0.0651536$ & $-0.294929$ & $-0.260358$ & $-0.136937$ & $-0.0471717$ & $-0.0733343$ & $0.206809$ & $0.315905$ & $0.314312$ & $0.346609$ & $-0.383026$ & $0.142256$ & $-0.182226$ & $1$ & $0.170908$ & $-0.00153954$ & $0.0140601$ & $0.00430068$ & $-0.0578266$ & $0.0215525$ & $0.676384$ & $-0.0229354$ & $-0.0568229$ & $0.00445587$ & $0.0230802$ & $-0.012179$ & $0.00420191$ & $-0.0117302$ & $-0.0783814$ & $0.0860319$ & $0.0411181$ & $-0.026491$ & $0.0287536$ & $0.0820108$ & $0.00273109$ & $0.0418664$ \\
CHd_33 & $-0.0366921$ & $0.0193364$ & $-0.0184844$ & $0.0366324$ & $0.0320162$ & $-0.0800911$ & $-0.0153806$ & $0.38833$ & $0.393708$ & $-0.184765$ & $-0.432489$ & $-0.02512$ & $0.0137671$ & $0.282444$ & $0.21852$ & $0.231137$ & $0.118288$ & $0.0298229$ & $0.01917$ & $0.429207$ & $0.435406$ & $0.436162$ & $-0.0438033$ & $-0.016073$ & $0.0651906$ & $-0.257295$ & $0.170908$ & $1$ & $-0.0188187$ & $0.0101978$ & $0.0394065$ & $-0.0312713$ & $0.0155511$ & $0.178264$ & $-0.0892096$ & $-0.0184746$ & $-0.0170801$ & $0.00337347$ & $0.0238963$ & $-0.0223994$ & $0.0529164$ & $-0.0141232$ & $0.0168533$ & $0.0405683$ & $-0.0138777$ & $-0.0232498$ & $-9.53147e-05$ & $-0.033008$ & $-0.0217457$ \\
CeH_22r & $0.0679728$ & $-0.0194626$ & $-0.0114281$ & $0.0688066$ & $-0.0632014$ & $-0.0162145$ & $-0.075181$ & $-0.0173046$ & $-0.0104464$ & $-0.00116408$ & $0.00876189$ & $0.172185$ & $0.170209$ & $-0.00368201$ & $0.00330803$ & $-0.0170865$ & $0.0287471$ & $0.0119578$ & $0.0261253$ & $-0.0122553$ & $-0.0105689$ & $-0.00788221$ & $-0.00478375$ & $0.0302849$ & $0.012088$ & $0.00334599$ & $-0.00153954$ & $-0.0188187$ & $1$ & $0.10872$ & $0.052351$ & $-0.0590365$ & $0.136542$ & $-0.00742205$ & $0.028113$ & $-0.0237756$ & $-0.0743644$ & $0.0284997$ & $0.0573328$ & $0.000826977$ & $0.0341388$ & $-0.0200458$ & $0.0279839$ & $0.060101$ & $0.00512627$ & $0.0520697$ & $-0.00169249$ & $-0.00300186$ & $0.0221624$ \\
CeH_33r & $0.0210299$ & $-0.0506656$ & $-0.0140786$ & $0.00645494$ & $-0.0233697$ & $-0.0122993$ & $-0.476375$ & $0.0157367$ & $0.0325768$ & $-0.204619$ & $-0.0279714$ & $0.676527$ & $0.677544$ & $0.0414154$ & $0.00583183$ & $0.00276745$ & $0.0269376$ & $0.0245163$ & $0.0232057$ & $0.0215955$ & $0.0287076$ & $0.0221493$ & $0.0495453$ & $0.00899059$ & $0.019564$ & $-0.0340077$ & $0.0140601$ & $0.0101978$ & $0.10872$ & $1$ & $0.470913$ & $-0.315192$ & $0.817967$ & $0.00901357$ & $-0.101225$ & $-0.139233$ & $-0.161906$ & $0.0535717$ & $0.12353$ & $0.0219963$ & $0.101991$ & $-0.000744075$ & $0.0775032$ & $0.0952921$ & $0.0767338$ & $-0.00266761$ & $0.0744718$ & $0.0626277$ & $-0.0168234$ \\
CuH_22r & $0.0494542$ & $-0.0162673$ & $0.01434$ & $-0.0326564$ & $0.0105877$ & $-0.0161625$ & $-0.27192$ & $0.0211117$ & $0.0295137$ & $-0.156447$ & $-0.0479613$ & $0.414586$ & $0.427552$ & $0.0573943$ & $0.0320828$ & $0.0141555$ & $0.0635248$ & $0.0399961$ & $0.0482602$ & $0.0443693$ & $0.0465058$ & $0.0439083$ & $-0.000146975$ & $0.0299718$ & $0.0414512$ & $-0.0303865$ & $0.00430068$ & $0.0394065$ & $0.052351$ & $0.470913$ & $1$ & $-0.158857$ & $0.545826$ & $5.12332e-05$ & $-0.0744093$ & $-0.0579403$ & $-0.0340438$ & $0.00273801$ & $0.0887591$ & $0.0135701$ & $-0.0104776$ & $0.0234462$ & $0.0695628$ & $0.0196209$ & $-0.0453056$ & $0.0686106$ & $0.216505$ & $-0.0700965$ & $0.061443$ \\
CuH_33r & $-0.0118629$ & $0.130609$ & $-0.0163398$ & $-0.0516206$ & $0.0419201$ & $-0.00574679$ & $0.947363$ & $-0.0379716$ & $-0.0172031$ & $0.120109$ & $0.0601321$ & $-0.515389$ & $-0.563292$ & $-0.0753898$ & $0.00227901$ & $0.0461286$ & $-0.0556279$ & $-0.0510007$ & $-0.0824099$ & $-0.0473474$ & $-0.0639$ & $-0.0637787$ & $-0.0326554$ & $-0.00935604$ & $-0.0549351$ & $0.0574473$ & $-0.0578266$ & $-0.0312713$ & $-0.0590365$ & $-0.315192$ & $-0.158857$ & $1$ & $-0.378611$ & $-0.034289$ & $0.126085$ & $0.0967662$ & $0.114222$ & $-0.108654$ & $-0.188534$ & $-0.0515217$ & $0.0566891$ & $-0.0103568$ & $-0.130731$ & $-0.0241663$ & $0.0503136$ & $-0.00679782$ & $-0.187896$ & $-0.161903$ & $-0.186056$ \\
CdH_33r & $0.10356$ & $-0.0626818$ & $-0.00385967$ & $-0.00370298$ & $-0.027979$ & $-0.0305124$ & $-0.55161$ & $-0.00332123$ & $0.0151121$ & $-0.203115$ & $-0.0327965$ & $0.737289$ & $0.726304$ & $0.0837123$ & $-0.00512343$ & $-0.0142518$ & $0.066395$ & $0.0762541$ & $0.0837916$ & $0.0255578$ & $0.0327597$ & $0.0300655$ & $0.060656$ & $0.0428447$ & $0.0721726$ & $-0.0578142$ & $0.0215525$ & $0.0155511$ & $0.136542$ & $0.817967$ & $0.545826$ & $-0.378611$ & $1$ & $-0.0042107$ & $-0.0872596$ & $-0.174276$ & $-0.146017$ & $0.0731101$ & $0.187506$ & $0.0589167$ & $-0.00593153$ & $0.0319382$ & $0.143256$ & $0.0133388$ & $0.000576866$ & $0.0684491$ & $0.173726$ & $0.0859653$ & $0.226299$ \\
CLL_1221 & $-0.0286861$ & $-0.0297514$ & $-0.0279537$ & $-0.0220017$ & $-0.0436181$ & $-0.101141$ & $-0.0293924$ & $0.517494$ & $0.51084$ & $-0.28154$ & $-0.32271$ & $-0.020496$ & $0.0427859$ & $-0.144999$ & $-0.475429$ & $-0.0241245$ & $-0.209012$ & $-0.0184405$ & $-0.350414$ & $0.268088$ & $0.386794$ & $0.383686$ & $0.193844$ & $-0.58201$ & $-0.205912$ & $-0.251673$ & $0.676384$ & $0.178264$ & $-0.00742205$ & $0.00901357$ & $5.12332e-05$ & $-0.034289$ & $-0.0042107$ & $1$ & $0.00788278$ & $-0.0327351$ & $0.049165$ & $-0.0282274$ & $-0.0417337$ & $-0.00222979$ & $0.00600347$ & $-0.0553854$ & $0.0232362$ & $0.102502$ & $0.00582592$ & $0.0869068$ & $0.0882687$ & $0.0202386$ & $-0.00495182$ \\
eHggint & $0.134411$ & $-0.167395$ & $-0.348968$ & $-0.0825188$ & $0.0174053$ & $-9.56019e-05$ & $0.0968041$ & $-0.00628967$ & $-0.00783708$ & $0.0434942$ & $0.0246381$ & $-0.0991752$ & $-0.0939569$ & $-0.0663738$ & $-0.000795252$ & $0.0159782$ & $-0.0156107$ & $-0.0373074$ & $-0.0485487$ & $-0.0276207$ & $-0.0296276$ & $-0.0205362$ & $0.0312872$ & $-0.0438393$ & $-0.0448465$ & $-0.0212507$ & $-0.0229354$ & $-0.0892096$ & $0.028113$ & $-0.101225$ & $-0.0744093$ & $0.126085$ & $-0.0872596$ & $0.00788278$ & $1$ & $-0.0457097$ & $0.0985204$ & $-0.0686507$ & $-0.353417$ & $-0.0401752$ & $-0.163746$ & $-0.0546313$ & $0.157795$ & $0.0104504$ & $-0.275869$ & $0.0839421$ & $0.0725721$ & $0.189078$ & $-0.0537784$ \\
eHggpar & $0.171734$ & $-0.461321$ & $0.194427$ & $0.2632$ & $0.0217236$ & $0.0678004$ & $0.100134$ & $-0.0739205$ & $-0.0963083$ & $0.0568428$ & $0.101959$ & $-0.147607$ & $-0.136507$ & $-0.0978236$ & $-0.0526181$ & $-0.0447401$ & $-0.0447673$ & $-0.0303055$ & $-0.0382633$ & $-0.105725$ & $-0.107277$ & $-0.114272$ & $-0.00727062$ & $0.00401318$ & $-0.0598649$ & $0.0721588$ & $-0.0568229$ & $-0.0184746$ & $-0.0237756$ & $-0.139233$ & $-0.0579403$ & $0.0967662$ & $-0.174276$ & $-0.0327351$ & $-0.0457097$ & $1$ & $0.297626$ & $-0.0501208$ & $0.0442546$ & $0.0201008$ & $-0.108823$ & $-0.0399608$ & $-0.348499$ & $-0.394576$ & $-0.102897$ & $-0.25305$ & $0.206164$ & $-0.269944$ & $0.0849488$ \\
eHWWint & $0.0880593$ & $-0.122173$ & $0.218438$ & $-0.203175$ & $0.0239926$ & $-0.0216015$ & $0.128612$ & $-0.00458904$ & $-0.021064$ & $-0.00992159$ & $0.0218055$ & $-0.0909677$ & $-0.0988115$ & $-0.0728192$ & $-0.041638$ & $-0.0216617$ & $-0.00041035$ & $-0.0124909$ & $-0.026564$ & $-0.0222555$ & $-0.0174113$ & $-0.0183806$ & $0.027951$ & $-0.0268449$ & $-0.036027$ & $-0.0130946$ & $0.00445587$ & $-0.0170801$ & $-0.0743644$ & $-0.161906$ & $-0.0340438$ & $0.114222$ & $-0.146017$ & $0.049165$ & $0.0985204$ & $0.297626$ & $1$ & $-0.120792$ & $-0.163772$ & $-0.0118642$ & $-0.313655$ & $-0.0367264$ & $-0.345742$ & $-0.309479$ & $0.00948573$ & $0.189545$ & $0.250141$ & $-0.122468$ & $0.0643248$ \\
eHWWpar & $0.0396797$ & $-0.164402$ & $0.143478$ & $-0.0529461$ & $-0.00108244$ & $-0.00137468$ & $-0.0849021$ & $-0.00864646$ & $-0.00816589$ & $-0.00979536$ & $-0.00916893$ & $0.0880276$ & $0.109555$ & $0.0592606$ & $0.00170104$ & $-0.0565884$ & $0.0237297$ & $0.035901$ & $0.0697807$ & $0.00194575$ & $0.00809023$ & $-0.00728189$ & $0.001986$ & $0.0103226$ & $0.0496252$ & $0.0181458$ & $0.0230802$ & $0.00337347$ & $0.0284997$ & $0.0535717$ & $0.00273801$ & $-0.108654$ & $0.0731101$ & $-0.0282274$ & $-0.0686507$ & $-0.0501208$ & $-0.120792$ & $1$ & $0.0325752$ & $-0.062899$ & $-0.0863398$ & $0.016322$ & $0.0624605$ & $-0.149568$ & $-0.00655186$ & $-0.0173938$ & $0.0241264$ & $-0.0189665$ & $0.171614$ \\
eHZZint & $0.34241$ & $-0.140018$ & $0.23637$ & $0.188327$ & $-0.00172229$ & $-0.00486652$ & $-0.192684$ & $-0.0640309$ & $-0.0625892$ & $-0.0486905$ & $0.0335092$ & $0.175601$ & $0.157539$ & $0.0342718$ & $-0.0276327$ & $-0.047748$ & $0.0578822$ & $0.0680631$ & $0.0799269$ & $-0.0384928$ & $-0.0342219$ & $-0.0455236$ & $0.00999655$ & $0.0738013$ & $0.0553444$ & $-0.0010001$ & $-0.012179$ & $0.0238963$ & $0.0573328$ & $0.12353$ & $0.0887591$ & $-0.188534$ & $0.187506$ & $-0.0417337$ & $-0.353417$ & $0.0442546$ & $-0.163772$ & $0.0325752$ & $1$ & $0.0757415$ & $-0.0409033$ & $0.00514499$ & $-0.0431506$ & $-0.0108624$ & $0.224162$ & $0.0206785$ & $-0.0240966$ & $-0.0580711$ & $0.232543$ \\
eHZZpar & $-0.0410891$ & $0.0221739$ & $0.0243515$ & $0.0549528$ & $0.0132728$ & $-0.0420387$ & $-0.0512915$ & $-0.00138557$ & $0.000179964$ & $-0.0616124$ & $0.00556937$ & $0.0971977$ & $0.0966064$ & $-0.0189941$ & $0.00324368$ & $0.00367482$ & $-0.00481678$ & $-0.01373$ & $-0.0209059$ & $-0.00374709$ & $-0.00566545$ & $-0.0089645$ & $-0.0184611$ & $0.00363229$ & $-0.00569591$ & $0.020794$ & $0.00420191$ & $-0.0223994$ & $0.000826977$ & $0.0219963$ & $0.0135701$ & $-0.0515217$ & $0.0589167$ & $-0.00222979$ & $-0.0401752$ & $0.0201008$ & $-0.0118642$ & $-0.062899$ & $0.0757415$ & $1$ & $0.0656482$ & $-0.00504157$ & $0.0908286$ & $0.0284069$ & $-0.000788354$ & $0.0131627$ & $0.0211319$ & $-0.0129056$ & $0.0342917$ \\
eHZgaint & $-0.30412$ & $0.168058$ & $-0.117996$ & $0.148378$ & $-0.093557$ & $0.0487884$ & $0.0339109$ & $-0.00657377$ & $0.00860758$ & $-0.0592755$ & $0.0248861$ & $0.0410592$ & $0.0314242$ & $-0.0352457$ & $-0.0145314$ & $0.0352222$ & $-0.0496047$ & $-0.0307537$ & $-0.0663689$ & $-0.0199719$ & $-0.0242205$ & $-0.0198619$ & $-0.0814567$ & $0.0109968$ & $-0.0247436$ & $0.0722551$ & $-0.0117302$ & $0.0529164$ & $0.0341388$ & $0.101991$ & $-0.0104776$ & $0.0566891$ & $-0.00593153$ & $0.00600347$ & $-0.163746$ & $-0.108823$ & $-0.313655$ & $-0.0863398$ & $-0.0409033$ & $0.0656482$ & $1$ & $-0.0923595$ & $0.261525$ & $0.465581$ & $0.216287$ & $0.0792795$ & $-0.108831$ & $-0.15292$ & $-0.373989$ \\
eHZgapar & $-0.00547208$ & $0.0353473$ & $0.0492076$ & $-0.0559526$ & $0.0275539$ & $0.00700353$ & $-0.0117141$ & $-0.0029275$ & $-0.0030843$ & $0.0499038$ & $-0.00140873$ & $0.0269624$ & $-0.0116499$ & $0.0315876$ & $0.0394784$ & $0.0269805$ & $-0.020074$ & $-0.0118049$ & $-0.000921938$ & $0.00790755$ & $-0.0062525$ & $-0.000317808$ & $-0.0777464$ & $0.00798808$ & $-0.0305261$ & $0.0383092$ & $-0.0783814$ & $-0.0141232$ & $-0.0200458$ & $-0.000744075$ & $0.0234462$ & $-0.0103568$ & $0.0319382$ & $-0.0553854$ & $-0.0546313$ & $-0.0399608$ & $-0.0367264$ & $0.016322$ & $0.00514499$ & $-0.00504157$ & $-0.0923595$ & $1$ & $0.0436859$ & $-0.0178583$ & $0.0442657$ & $-0.0601159$ & $-0.0402046$ & $0.0222082$ & $0.0411344$ \\
eHgagaint & $-0.366167$ & $0.000656157$ & $-0.515016$ & $-0.0640529$ & $-0.0742174$ & $-0.048757$ & $-0.140215$ & $0.0200248$ & $0.0542888$ & $-0.00753594$ & $-0.0214403$ & $0.146484$ & $0.131757$ & $0.0107182$ & $0.00141044$ & $-0.00922871$ & $0.0108099$ & $0.00403722$ & $0.0180195$ & $0.0166725$ & $0.0215711$ & $0.0277294$ & $0.0487907$ & $0.0208155$ & $0.0600088$ & $-0.0311201$ & $0.0860319$ & $0.0168533$ & $0.0279839$ & $0.0775032$ & $0.0695628$ & $-0.130731$ & $0.143256$ & $0.0232362$ & $0.157795$ & $-0.348499$ & $-0.345742$ & $0.0624605$ & $-0.0431506$ & $0.0908286$ & $0.261525$ & $0.0436859$ & $1$ & $0.203541$ & $-0.209074$ & $0.0787685$ & $0.00805054$ & $0.072105$ & $0.0038952$ \\
eHmumuint & $-0.133195$ & $0.376137$ & $-0.320202$ & $0.138322$ & $-0.0982687$ & $-0.0119386$ & $-0.0440614$ & $0.101718$ & $0.1119$ & $-0.113709$ & $-0.0810299$ & $0.0694173$ & $0.08593$ & $0.0183769$ & $0.00413339$ & $0.0344017$ & $-0.0407666$ & $-0.0373979$ & $-0.0577196$ & $0.0781665$ & $0.0904526$ & $0.101438$ & $-0.0137288$ & $-0.0865657$ & $-0.0530887$ & $-0.0680256$ & $0.0411181$ & $0.0405683$ & $0.060101$ & $0.0952921$ & $0.0196209$ & $-0.0241663$ & $0.0133388$ & $0.102502$ & $0.0104504$ & $-0.394576$ & $-0.309479$ & $-0.149568$ & $-0.0108624$ & $0.0284069$ & $0.465581$ & $-0.0178583$ & $0.203541$ & $1$ & $0.29694$ & $0.313872$ & $-0.285298$ & $-0.0296898$ & $-0.372571$ \\
eHtautauint & $-0.0176912$ & $0.117809$ & $0.206541$ & $0.151126$ & $0.0283056$ & $0.0843428$ & $0.0422535$ & $-0.00192472$ & $-0.00130809$ & $-0.0377957$ & $0.0266272$ & $0.0552359$ & $0.0386484$ & $-0.020838$ & $-0.0230689$ & $-0.0119051$ & $-0.063777$ & $-0.0397852$ & $-0.0450111$ & $-0.0253928$ & $-0.0227017$ & $-0.025263$ & $-0.0824085$ & $-0.0255501$ & $-0.0596857$ & $0.047778$ & $-0.026491$ & $-0.0138777$ & $0.00512627$ & $0.0767338$ & $-0.0453056$ & $0.0503136$ & $0.000576866$ & $0.00582592$ & $-0.275869$ & $-0.102897$ & $0.00948573$ & $-0.00655186$ & $0.224162$ & $-0.000788354$ & $0.216287$ & $0.0442657$ & $-0.209074$ & $0.29694$ & $1$ & $0.0760286$ & $-0.387855$ & $-0.092556$ & $-0.0859911$ \\
eHccint & $-0.101894$ & $0.0823121$ & $-0.0879996$ & $-0.346788$ & $-0.128455$ & $0.00343391$ & $-0.00805732$ & $0.0511822$ & $0.0553583$ & $-0.0730964$ & $-0.0328684$ & $0.0471592$ & $0.0411507$ & $-0.00463693$ & $-0.0406079$ & $0.00135339$ & $-0.0326913$ & $-0.00691678$ & $-0.0351968$ & $0.0295366$ & $0.0390435$ & $0.0433801$ & $-0.000715012$ & $-0.0675163$ & $-0.0361417$ & $-0.0287823$ & $0.0287536$ & $-0.0232498$ & $0.0520697$ & $-0.00266761$ & $0.0686106$ & $-0.00679782$ & $0.0684491$ & $0.0869068$ & $0.0839421$ & $-0.25305$ & $0.189545$ & $-0.0173938$ & $0.0206785$ & $0.0131627$ & $0.0792795$ & $-0.0601159$ & $0.0787685$ & $0.313872$ & $0.0760286$ & $1$ & $0.051886$ & $-0.0849756$ & $0.247568$ \\
eHccpar & $0.216$ & $-0.263611$ & $0.092151$ & $-0.132458$ & $0.0616449$ & $-0.0182397$ & $-0.194039$ & $0.0357676$ & $0.0249776$ & $-0.105755$ & $-0.0211806$ & $0.177378$ & $0.201574$ & $-0.016239$ & $-0.0541663$ & $-0.0169297$ & $-0.000965356$ & $0.0139156$ & $-0.0180297$ & $0.0112594$ & $0.0232121$ & $0.0197555$ & $0.0631483$ & $-0.0627196$ & $0.00258076$ & $-0.0408527$ & $0.0820108$ & $-9.53147e-05$ & $-0.00169249$ & $0.0744718$ & $0.216505$ & $-0.187896$ & $0.173726$ & $0.0882687$ & $0.0725721$ & $0.206164$ & $0.250141$ & $0.0241264$ & $-0.0240966$ & $0.0211319$ & $-0.108831$ & $-0.0402046$ & $0.00805054$ & $-0.285298$ & $-0.387855$ & $0.051886$ & $1$ & $-0.129441$ & $0.288104$ \\
eHbbint & $-0.213137$ & $0.195516$ & $-0.103786$ & $-0.0484149$ & $0.0460107$ & $-0.0300623$ & $-0.156745$ & $0.0194316$ & $0.0158638$ & $0.0467226$ & $-0.0325093$ & $0.0754622$ & $0.069878$ & $0.0208068$ & $0.016944$ & $0.0202132$ & $0.03775$ & $0.0168654$ & $0.0212934$ & $0.0341159$ & $0.036419$ & $0.0425592$ & $0.059657$ & $-0.013141$ & $0.0276167$ & $-0.0622656$ & $0.00273109$ & $-0.033008$ & $-0.00300186$ & $0.0626277$ & $-0.0700965$ & $-0.161903$ & $0.0859653$ & $0.0202386$ & $0.189078$ & $-0.269944$ & $-0.122468$ & $-0.0189665$ & $-0.0580711$ & $-0.0129056$ & $-0.15292$ & $0.0222082$ & $0.072105$ & $-0.0296898$ & $-0.092556$ & $-0.0849756$ & $-0.129441$ & $1$ & $-0.118747$ \\
eHbbpar & $0.293852$ & $-0.143418$ & $0.128051$ & $0.00659649$ & $-0.0162507$ & $0.0188608$ & $-0.160783$ & $-0.0409152$ & $-0.0476508$ & $0.00311775$ & $0.0490477$ & $0.079663$ & $0.0637617$ & $-0.0247772$ & $-0.0551019$ & $-0.0741202$ & $-0.0258744$ & $0.00781128$ & $0.0209658$ & $-0.0531129$ & $-0.0485628$ & $-0.0540465$ & $0.0317978$ & $-0.00616557$ & $0.00462835$ & $0.0269923$ & $0.0418664$ & $-0.0217457$ & $0.0221624$ & $-0.0168234$ & $0.061443$ & $-0.186056$ & $0.226299$ & $-0.00495182$ & $-0.0537784$ & $0.0849488$ & $0.0643248$ & $0.171614$ & $0.232543$ & $0.0342917$ & $-0.373989$ & $0.0411344$ & $0.0038952$ & $-0.372571$ & $-0.0859911$ & $0.247568$ & $0.288104$ & $-0.118747$ & $1$ \\
