 & AlsMz & dAle5Mz & mtop & mHl & Mz & CW & CHG & CHWB & CHWHB_gaga & CHWHB_gagaorth & CHD & CHbox & CH & CHL1_11 & CHL1_22 & CHL1_33 & CHL3_11 & CHL3_22 & CHL3_33 & CHe_11 & CHe_22 & CHe_33 & CHQ1_11 & CHQ1_33 & CHQ3_11 & CHu_11 & CHd_11 & CHd_33 & CeH_22r & CeH_33r & CuH_22r & CuH_33r & CdH_33r & CLL_1221 & eHggint & eHggpar & eHWWint & eHWWpar & eHZZint & eHZZpar & eHZgaint & eHZgapar & eHgagaint & eHmumuint & eHtautauint & eHccint & eHccpar & eHbbint & eHbbpar \\
AlsMz & $1$ & $0.0205072$ & $0.0156954$ & $0.00670821$ & $-0.0111459$ & $0.0179323$ & $0.0171154$ & $0.00338353$ & $0.00323126$ & $-0.018077$ & $-0.0136124$ & $-0.00557531$ & $-0.00508441$ & $0.00429636$ & $0.0190297$ & $-0.00241848$ & $-0.00695452$ & $-0.0111155$ & $0.000476719$ & $0.00783971$ & $0.00268869$ & $-0.00571545$ & $-0.0618574$ & $-0.062669$ & $-0.130077$ & $-0.0100348$ & $-0.0492961$ & $0.0388891$ & $-0.0135204$ & $0.0272652$ & $0.0122004$ & $0.0307208$ & $0.0354472$ & $-0.0163517$ & $0.036302$ & $-0.0450521$ & $-0.077612$ & $-0.0190159$ & $-0.00842065$ & $-0.00379807$ & $-0.0503759$ & $0.00865524$ & $-0.0258715$ & $-0.114321$ & $-0.00147832$ & $0.0202746$ & $-0.0630616$ & $0.0557901$ & $0.00599698$ \\
dAle5Mz & $0.0205072$ & $1$ & $-0.00560021$ & $0.0553884$ & $0.00246282$ & $0.0111399$ & $0.0296431$ & $-0.111753$ & $-0.105795$ & $0.033129$ & $0.0791923$ & $-0.036629$ & $-0.0442899$ & $-0.00484437$ & $-0.0150301$ & $-0.0121414$ & $0.0411003$ & $0.0390239$ & $0.0363171$ & $-0.0489605$ & $-0.052336$ & $-0.0535202$ & $-0.00414279$ & $0.044621$ & $0.0273693$ & $0.0210553$ & $-0.0460678$ & $-0.0204969$ & $0.00406081$ & $-0.0193536$ & $-0.0265212$ & $0.0324469$ & $0.0116248$ & $-0.00697064$ & $0.0615566$ & $-0.007761$ & $-0.0496239$ & $0.0278603$ & $0.00883964$ & $-0.0229045$ & $-0.0205166$ & $0.0117977$ & $0.0224067$ & $-0.0571998$ & $-0.120645$ & $-0.0844538$ & $-0.0588038$ & $0.0303754$ & $0.0339427$ \\
mtop & $0.0156954$ & $-0.00560021$ & $1$ & $0.0878263$ & $0.00560736$ & $-0.0274062$ & $-0.0164129$ & $0.00948016$ & $0.0102583$ & $0.0101961$ & $0.00938192$ & $0.0246482$ & $0.0185433$ & $-0.0210839$ & $-0.0044755$ & $0.0238937$ & $-0.0184448$ & $-0.0156863$ & $-0.0356114$ & $0.000495326$ & $-0.000317178$ & $-0.00324851$ & $-0.014317$ & $-0.0106292$ & $-0.0270395$ & $0.00713065$ & $-0.00821688$ & $0.00112684$ & $-0.00483208$ & $-0.0297322$ & $-0.0176018$ & $-0.0157815$ & $-0.0190267$ & $0.0137938$ & $0.017542$ & $-0.0269048$ & $0.0499624$ & $0.00261046$ & $-0.00256732$ & $-0.00305116$ & $-0.057642$ & $0.0348108$ & $-0.00723457$ & $-0.00393832$ & $0.00841608$ & $0.0472536$ & $-0.0294516$ & $-0.0389941$ & $0.00522472$ \\
mHl & $0.00670821$ & $0.0553884$ & $0.0878263$ & $1$ & $-0.00560193$ & $-0.00102472$ & $0.0118125$ & $-0.015925$ & $-0.0207221$ & $0.0215257$ & $0.0100664$ & $-0.0457046$ & $-0.049058$ & $-0.00263258$ & $-1.21484e-05$ & $0.0171031$ & $0.0099485$ & $0.00870317$ & $-0.00446472$ & $-0.00668996$ & $-0.0108793$ & $-0.0159744$ & $0.0079672$ & $0.0145561$ & $0.0107944$ & $-0.00955024$ & $-0.00878781$ & $-0.000744676$ & $-0.00742445$ & $-0.0464665$ & $-0.0254973$ & $0.00515764$ & $-0.0467671$ & $-0.00831798$ & $-0.0400744$ & $-0.00981775$ & $-0.0143183$ & $0.0174305$ & $0.0646799$ & $0.0283551$ & $-0.0674018$ & $-0.00642741$ & $-0.0220555$ & $-0.117675$ & $-0.0671583$ & $-0.00374522$ & $-0.0164811$ & $0.0414806$ & $-0.0349613$ \\
Mz & $-0.0111459$ & $0.00246282$ & $0.00560736$ & $-0.00560193$ & $1$ & $0.00348316$ & $-0.0019846$ & $-0.0217728$ & $-0.0221838$ & $-0.00168956$ & $0.032851$ & $-0.000173741$ & $-0.000495908$ & $-0.0102088$ & $0.000395389$ & $-0.00146792$ & $-0.00285291$ & $-0.00444952$ & $1.86665e-05$ & $-0.0232948$ & $-0.0224702$ & $-0.0217421$ & $0.00553587$ & $0.00735347$ & $-0.00225866$ & $0.00325997$ & $-0.0164931$ & $-0.0139656$ & $-0.0109226$ & $0.000570537$ & $0.00719022$ & $0.00725683$ & $0.0064484$ & $-0.0197653$ & $0.0101761$ & $-0.0419978$ & $0.0231733$ & $0.00414163$ & $-0.00806136$ & $0.0110251$ & $-0.0036187$ & $0.0189402$ & $-0.0341442$ & $-0.0156873$ & $-0.0212055$ & $-0.01199$ & $0.0173256$ & $0.00811455$ & $0.00132817$ \\
CW & $0.0179323$ & $0.0111399$ & $-0.0274062$ & $-0.00102472$ & $0.00348316$ & $1$ & $-0.0090563$ & $-0.125502$ & $-0.124412$ & $0.0156627$ & $0.189415$ & $0.0311471$ & $0.0151737$ & $0.0161377$ & $-0.0832382$ & $-0.077794$ & $-0.264818$ & $-0.0516664$ & $-0.0557899$ & $-0.187691$ & $-0.192143$ & $-0.190621$ & $-0.0174364$ & $-0.00840513$ & $-0.0862064$ & $0.112691$ & $-0.0754665$ & $-0.0721345$ & $-0.00558036$ & $0.00241602$ & $-0.00853345$ & $-0.00427272$ & $-0.0100768$ & $-0.11909$ & $0.0159702$ & $-0.00823697$ & $0.00421947$ & $0.0120302$ & $-0.00522818$ & $-0.0218596$ & $3.52629e-05$ & $-0.00795375$ & $0.00592266$ & $-0.00160191$ & $-0.00172196$ & $-0.00439228$ & $0.00702149$ & $0.011971$ & $-0.0184611$ \\
CHG & $0.0171154$ & $0.0296431$ & $-0.0164129$ & $0.0118125$ & $-0.0019846$ & $-0.0090563$ & $1$ & $-0.0769414$ & $-0.0249213$ & $0.0448779$ & $0.013773$ & $-0.310041$ & $-0.31521$ & $0.0967674$ & $0.00301644$ & $-0.000322993$ & $0.121811$ & $0.113177$ & $0.118451$ & $-0.0105475$ & $-0.0168642$ & $-0.0193952$ & $-0.00939861$ & $0.113539$ & $0.111932$ & $0.0168335$ & $-0.0355244$ & $-0.021756$ & $-0.00307062$ & $-0.139712$ & $-0.0614861$ & $0.93644$ & $-0.15429$ & $-0.0625085$ & $-0.0297398$ & $0.00333888$ & $0.0320745$ & $0.0162798$ & $-0.0161897$ & $0.0129455$ & $-0.00936546$ & $-0.00980746$ & $0.0121976$ & $-0.0265575$ & $-0.0215175$ & $0.00742009$ & $-0.000577842$ & $0.00349195$ & $-0.0166213$ \\
CHWB & $0.00338353$ & $-0.111753$ & $0.00948016$ & $-0.015925$ & $-0.0217728$ & $-0.125502$ & $-0.0769414$ & $1$ & $0.981766$ & $-0.585349$ & $-0.878189$ & $0.261819$ & $0.360335$ & $0.0727831$ & $0.299281$ & $0.300688$ & $-0.261198$ & $-0.452522$ & $-0.448682$ & $0.849931$ & $0.894204$ & $0.877699$ & $0.075701$ & $-0.685612$ & $-0.415261$ & $-0.512087$ & $0.427204$ & $0.296776$ & $0.028024$ & $0.123611$ & $0.0611574$ & $-0.068139$ & $0.114527$ & $0.561251$ & $-0.0148239$ & $0.00185962$ & $-0.0232947$ & $0.000260519$ & $0.00319321$ & $-0.00528051$ & $0.0160338$ & $0.0281113$ & $-0.0227696$ & $0.015175$ & $0.0101104$ & $0.0283827$ & $-0.00906432$ & $-0.00341734$ & $-0.0123762$ \\
CHWHB_gaga & $0.00323126$ & $-0.105795$ & $0.0102583$ & $-0.0207221$ & $-0.0221838$ & $-0.124412$ & $-0.0249213$ & $0.981766$ & $1$ & $-0.576066$ & $-0.860481$ & $0.262573$ & $0.355285$ & $0.0659744$ & $0.295329$ & $0.297671$ & $-0.260277$ & $-0.448617$ & $-0.445095$ & $0.833526$ & $0.875742$ & $0.859767$ & $0.0734348$ & $-0.674881$ & $-0.411861$ & $-0.500178$ & $0.417906$ & $0.290736$ & $0.0378641$ & $0.148755$ & $0.071789$ & $-0.0240353$ & $0.140345$ & $0.550075$ & $-0.03295$ & $-0.00515511$ & $-0.0356873$ & $-0.000670265$ & $0.000128939$ & $-0.00732371$ & $0.0189346$ & $0.03332$ & $0.0544679$ & $0.0118261$ & $0.00984678$ & $0.0284954$ & $-0.0177847$ & $-0.00011145$ & $-0.00922818$ \\
CHWHB_gagaorth & $-0.018077$ & $0.033129$ & $0.0101961$ & $0.0215257$ & $-0.00168956$ & $0.0156627$ & $0.0448779$ & $-0.585349$ & $-0.576066$ & $1$ & $0.375718$ & $-0.0563402$ & $-0.249212$ & $0.228164$ & $-0.123542$ & $-0.121199$ & $0.4278$ & $0.483737$ & $0.475558$ & $-0.361476$ & $-0.394259$ & $-0.389545$ & $-0.0623962$ & $0.564101$ & $0.475752$ & $0.23377$ & $-0.247348$ & $-0.136221$ & $-0.02274$ & $-0.150743$ & $-0.074972$ & $0.0527312$ & $-0.146422$ & $-0.365357$ & $0.0470587$ & $0.0538765$ & $0.0353335$ & $-0.00034028$ & $-0.00461963$ & $0.0145917$ & $-0.0310352$ & $-0.0160778$ & $-0.00682269$ & $-0.0139834$ & $-0.00579384$ & $0.00136543$ & $0.0326194$ & $-0.00628192$ & $0.0204893$ \\
CHD & $-0.0136124$ & $0.0791923$ & $0.00938192$ & $0.0100664$ & $0.032851$ & $0.189415$ & $0.013773$ & $-0.878189$ & $-0.860481$ & $0.375718$ & $1$ & $-0.0737269$ & $-0.175138$ & $-0.493493$ & $-0.419818$ & $-0.409754$ & $-0.197715$ & $0.0863106$ & $0.0785115$ & $-0.990189$ & $-0.990965$ & $-0.969542$ & $-0.00844742$ & $0.324552$ & $0.0335367$ & $0.554559$ & $-0.303452$ & $-0.330428$ & $-0.0120605$ & $-0.0612883$ & $-0.0308693$ & $0.0211228$ & $-0.0527933$ & $-0.368256$ & $0.0257838$ & $-0.00289704$ & $0.0178043$ & $-0.00232098$ & $-0.00518826$ & $-0.000560762$ & $-0.00606912$ & $-0.0259952$ & $0.0204454$ & $-0.00520207$ & $-0.0153961$ & $-0.0326482$ & $0.00904629$ & $0.00532092$ & $0.0110592$ \\
CHbox & $-0.00557531$ & $-0.036629$ & $0.0246482$ & $-0.0457046$ & $-0.000173741$ & $0.0311471$ & $-0.310041$ & $0.261819$ & $0.262573$ & $-0.0563402$ & $-0.0737269$ & $1$ & $0.958303$ & $-0.296701$ & $0.0653302$ & $0.0703252$ & $-0.387132$ & $-0.391956$ & $-0.394233$ & $0.0778932$ & $0.0787052$ & $0.0810114$ & $0.0350554$ & $-0.360091$ & $-0.387148$ & $-0.0694528$ & $0.0613476$ & $0.036348$ & $0.0483549$ & $0.333401$ & $0.10497$ & $-0.234741$ & $0.358926$ & $0.146402$ & $0.072751$ & $0.0328912$ & $0.0015897$ & $-0.00393844$ & $-0.0114893$ & $-0.0157135$ & $0.00675549$ & $0.00772741$ & $-0.00793199$ & $0.0251206$ & $-0.000726382$ & $-0.0178119$ & $0.00558266$ & $0.00742706$ & $-0.00141508$ \\
CH & $-0.00508441$ & $-0.0442899$ & $0.0185433$ & $-0.049058$ & $-0.000495908$ & $0.0151737$ & $-0.31521$ & $0.360335$ & $0.355285$ & $-0.249212$ & $-0.175138$ & $0.958303$ & $1$ & $-0.258321$ & $0.0867805$ & $0.0885835$ & $-0.378568$ & $-0.40481$ & $-0.403813$ & $0.173058$ & $0.18344$ & $0.183682$ & $0.0448206$ & $-0.413263$ & $-0.397576$ & $-0.1287$ & $0.115658$ & $0.0749789$ & $0.045342$ & $0.298103$ & $0.0992338$ & $-0.260043$ & $0.318519$ & $0.210951$ & $0.0425487$ & $0.0076806$ & $0.000955962$ & $-0.00766633$ & $-0.00553294$ & $-0.022661$ & $0.0120595$ & $0.0114196$ & $-0.00198258$ & $0.0293476$ & $0.00604599$ & $-0.0155693$ & $-0.00531104$ & $0.00530105$ & $-0.00589223$ \\
CHL1_11 & $0.00429636$ & $-0.00484437$ & $-0.0210839$ & $-0.00263258$ & $-0.0102088$ & $0.0161377$ & $0.0967674$ & $0.0727831$ & $0.0659744$ & $0.228164$ & $-0.493493$ & $-0.296701$ & $-0.258321$ & $1$ & $0.262073$ & $0.237422$ & $0.667368$ & $0.598107$ & $0.608342$ & $0.510893$ & $0.45529$ & $0.438496$ & $-0.0987601$ & $0.475977$ & $0.609419$ & $-0.235238$ & $-0.0874904$ & $0.152226$ & $-0.0161017$ & $-0.0820821$ & $-0.0454303$ & $0.068924$ & $-0.0891479$ & $-0.22269$ & $-0.0240068$ & $0.00337347$ & $0.0162216$ & $0.0112266$ & $0.0132026$ & $0.00782125$ & $-0.0120424$ & $0.00674569$ & $0.00158851$ & $-0.0138574$ & $0.0165433$ & $0.022718$ & $0.00896667$ & $-0.00884848$ & $-0.00584074$ \\
CHL1_22 & $0.0190297$ & $-0.0150301$ & $-0.0044755$ & $-1.21484e-05$ & $0.000395389$ & $-0.0832382$ & $0.00301644$ & $0.299281$ & $0.295329$ & $-0.123542$ & $-0.419818$ & $0.0653302$ & $0.0867805$ & $0.262073$ & $1$ & $0.44009$ & $0.152584$ & $-0.459053$ & $-0.0389446$ & $0.485061$ & $0.33693$ & $0.325819$ & $-0.192513$ & $0.0875297$ & $-0.149108$ & $-0.178769$ & $-0.401528$ & $0.127005$ & $-0.00762883$ & $0.0162797$ & $0.00665418$ & $0.00132434$ & $0.0186993$ & $-0.591214$ & $-0.0158746$ & $0.0373265$ & $-0.028699$ & $0.00878003$ & $0.000234113$ & $-0.0101499$ & $0.00958279$ & $0.0111828$ & $-0.0227304$ & $0.0175294$ & $-0.00161594$ & $0.00783273$ & $-0.000234478$ & $0.018619$ & $-0.00863393$ \\
CHL1_33 & $-0.00241848$ & $-0.0121414$ & $0.0238937$ & $0.0171031$ & $-0.00146792$ & $-0.077794$ & $-0.000322993$ & $0.300688$ & $0.297671$ & $-0.121199$ & $-0.409754$ & $0.0703252$ & $0.0885835$ & $0.237422$ & $0.44009$ & $1$ & $0.136945$ & $-0.0534426$ & $-0.451546$ & $0.473455$ & $0.330542$ & $0.347166$ & $-0.178581$ & $0.0759674$ & $-0.140719$ & $-0.176343$ & $-0.364938$ & $0.109589$ & $-0.00296424$ & $0.0258408$ & $0.0250789$ & $-0.00171694$ & $0.0127951$ & $-0.0854737$ & $-0.0250244$ & $0.025266$ & $-0.0210923$ & $-0.00258707$ & $-0.00994789$ & $0.00638359$ & $0.00635727$ & $0.0410976$ & $-0.0102342$ & $0.00462434$ & $0.0167862$ & $0.00320608$ & $-0.00781561$ & $-0.000654313$ & $-0.0194069$ \\
CHL3_11 & $-0.00695452$ & $0.0411003$ & $-0.0184448$ & $0.0099485$ & $-0.00285291$ & $-0.264818$ & $0.121811$ & $-0.261198$ & $-0.260277$ & $0.4278$ & $-0.197715$ & $-0.387132$ & $-0.378568$ & $0.667368$ & $0.152584$ & $0.136945$ & $1$ & $0.7393$ & $0.743913$ & $0.219348$ & $0.166549$ & $0.15831$ & $-0.0932752$ & $0.685575$ & $0.780818$ & $-0.072512$ & $-0.156699$ & $0.0582655$ & $-0.0380429$ & $-0.133806$ & $-0.0630487$ & $0.0876675$ & $-0.128818$ & $-0.257899$ & $-0.0215892$ & $-0.00577472$ & $0.0146495$ & $-0.00270227$ & $-0.000585957$ & $0.0134156$ & $-0.0197094$ & $-0.0044585$ & $-0.000819347$ & $-0.0153484$ & $0.0122642$ & $0.00599443$ & $-0.00671921$ & $-0.00395595$ & $0.00653771$ \\
CHL3_22 & $-0.0111155$ & $0.0390239$ & $-0.0156863$ & $0.00870317$ & $-0.00444952$ & $-0.0516664$ & $0.113177$ & $-0.452522$ & $-0.448617$ & $0.483737$ & $0.0863106$ & $-0.391956$ & $-0.40481$ & $0.598107$ & $-0.459053$ & $-0.0534426$ & $0.7393$ & $1$ & $0.68477$ & $-0.0902927$ & $-0.0795954$ & $-0.0782932$ & $-0.00379476$ & $0.63162$ & $0.804755$ & $0.0604633$ & $0.00985095$ & $-0.0336471$ & $-0.0252672$ & $-0.13015$ & $-0.0617411$ & $0.0843095$ & $-0.131214$ & $0.029793$ & $-0.00966851$ & $-0.0214122$ & $0.0343943$ & $-0.00058354$ & $0.00104061$ & $0.0188918$ & $-0.0244537$ & $-0.00942443$ & $0.0194075$ & $-0.0273331$ & $0.0172134$ & $0.00332553$ & $0.00372083$ & $-0.0168476$ & $0.00807496$ \\
CHL3_33 & $0.000476719$ & $0.0363171$ & $-0.0356114$ & $-0.00446472$ & $1.86665e-05$ & $-0.0557899$ & $0.118451$ & $-0.448682$ & $-0.445095$ & $0.475558$ & $0.0785115$ & $-0.394233$ & $-0.403813$ & $0.608342$ & $-0.0389446$ & $-0.451546$ & $0.743913$ & $0.68477$ & $1$ & $-0.0818025$ & $-0.0728356$ & $-0.0723776$ & $-0.0108166$ & $0.631763$ & $0.794502$ & $0.0562086$ & $-0.0109648$ & $-0.0209171$ & $-0.0280183$ & $-0.137216$ & $-0.0735107$ & $0.0880746$ & $-0.127075$ & $-0.347738$ & $-0.00918269$ & $-0.0127749$ & $0.0303905$ & $0.00944027$ & $0.0127346$ & $0.0063933$ & $-0.0237663$ & $-0.0314494$ & $0.0129778$ & $-0.0155071$ & $0.0033673$ & $0.00439014$ & $0.0104012$ & $-5.96006e-05$ & $0.0153894$ \\
CHe_11 & $0.00783971$ & $-0.0489605$ & $0.000495326$ & $-0.00668996$ & $-0.0232948$ & $-0.187691$ & $-0.0105475$ & $0.849931$ & $0.833526$ & $-0.361476$ & $-0.990189$ & $0.0778932$ & $0.173058$ & $0.510893$ & $0.485061$ & $0.473455$ & $0.219348$ & $-0.0902927$ & $-0.0818025$ & $1$ & $0.972842$ & $0.952085$ & $-0.0189514$ & $-0.273879$ & $-0.0282353$ & $-0.543208$ & $0.228227$ & $0.324371$ & $0.0124233$ & $0.0584302$ & $0.0308008$ & $-0.0179617$ & $0.0520637$ & $0.290683$ & $-0.024416$ & $0.00835065$ & $-0.0206904$ & $0.00512618$ & $0.00264287$ & $0.000558474$ & $0.00499362$ & $0.0272796$ & $-0.0194303$ & $0.00609576$ & $0.0129157$ & $0.028941$ & $-0.00826235$ & $-0.00245321$ & $-0.00956296$ \\
CHe_22 & $0.00268869$ & $-0.052336$ & $-0.000317178$ & $-0.0108793$ & $-0.0224702$ & $-0.192143$ & $-0.0168642$ & $0.894204$ & $0.875742$ & $-0.394259$ & $-0.990965$ & $0.0787052$ & $0.18344$ & $0.45529$ & $0.33693$ & $0.330542$ & $0.166549$ & $-0.0795954$ & $-0.0728356$ & $0.972842$ & $1$ & $0.974788$ & $0.0406583$ & $-0.377119$ & $-0.0382359$ & $-0.56082$ & $0.382182$ & $0.330557$ & $0.0141062$ & $0.063942$ & $0.0304274$ & $-0.023537$ & $0.0571996$ & $0.45344$ & $-0.0230168$ & $-0.00197221$ & $-0.0161519$ & $0.00352507$ & $0.00458727$ & $0.000352289$ & $0.00695717$ & $0.0257576$ & $-0.0196061$ & $0.00603161$ & $0.0099165$ & $0.029601$ & $-0.0100121$ & $-0.00506632$ & $-0.00877554$ \\
CHe_33 & $-0.00571545$ & $-0.0535202$ & $-0.00324851$ & $-0.0159744$ & $-0.0217421$ & $-0.190621$ & $-0.0193952$ & $0.877699$ & $0.859767$ & $-0.389545$ & $-0.969542$ & $0.0810114$ & $0.183682$ & $0.438496$ & $0.325819$ & $0.347166$ & $0.15831$ & $-0.0782932$ & $-0.0723776$ & $0.952085$ & $0.974788$ & $1$ & $0.0387686$ & $-0.373508$ & $-0.0378829$ & $-0.546745$ & $0.378198$ & $0.322387$ & $0.016122$ & $0.0611197$ & $0.030762$ & $-0.0262841$ & $0.0531129$ & $0.451903$ & $-0.0255371$ & $0.00267469$ & $-0.0122529$ & $0.00240132$ & $0.0068747$ & $-0.000291988$ & $0.00660025$ & $0.0233814$ & $-0.0200226$ & $0.00415086$ & $0.013794$ & $0.0297311$ & $-0.00719082$ & $-0.00909073$ & $-0.0089836$ \\
CHQ1_11 & $-0.0618574$ & $-0.00414279$ & $-0.014317$ & $0.0079672$ & $0.00553587$ & $-0.0174364$ & $-0.00939861$ & $0.075701$ & $0.0734348$ & $-0.0623962$ & $-0.00844742$ & $0.0350554$ & $0.0448206$ & $-0.0987601$ & $-0.192513$ & $-0.178581$ & $-0.0932752$ & $-0.00379476$ & $-0.0108166$ & $-0.0189514$ & $0.0406583$ & $0.0387686$ & $1$ & $-0.161202$ & $0.072644$ & $-0.6838$ & $0.364235$ & $0.00688415$ & $0.0066903$ & $-0.00466673$ & $-0.00902105$ & $-0.00527073$ & $-0.00636326$ & $0.22515$ & $0.0304904$ & $-0.00836126$ & $0.0164867$ & $0.00089659$ & $0.0145284$ & $-0.00764709$ & $-0.00119666$ & $-0.0293134$ & $-0.0075039$ & $-0.00644265$ & $0.0162388$ & $0.00073213$ & $-0.00282019$ & $-0.00226102$ & $-0.0286029$ \\
CHQ1_33 & $-0.062669$ & $0.044621$ & $-0.0106292$ & $0.0145561$ & $0.00735347$ & $-0.00840513$ & $0.113539$ & $-0.685612$ & $-0.674881$ & $0.564101$ & $0.324552$ & $-0.360091$ & $-0.413263$ & $0.475977$ & $0.0875297$ & $0.0759674$ & $0.685575$ & $0.63162$ & $0.631763$ & $-0.273879$ & $-0.377119$ & $-0.373508$ & $-0.161202$ & $1$ & $0.653109$ & $0.241586$ & $-0.413269$ & $-0.0279959$ & $-0.0323141$ & $-0.144882$ & $-0.0640621$ & $0.0851548$ & $-0.145594$ & $-0.62365$ & $-0.0141891$ & $0.00494166$ & $0.0317776$ & $-0.00148326$ & $0.000929917$ & $0.00538389$ & $-0.00439037$ & $-0.0193821$ & $0.0113769$ & $-0.0127633$ & $0.00389258$ & $-0.00446619$ & $0.0248394$ & $0.00809122$ & $-0.0040126$ \\
CHQ3_11 & $-0.130077$ & $0.0273693$ & $-0.0270395$ & $0.0107944$ & $-0.00225866$ & $-0.0862064$ & $0.111932$ & $-0.415261$ & $-0.411861$ & $0.475752$ & $0.0335367$ & $-0.387148$ & $-0.397576$ & $0.609419$ & $-0.149108$ & $-0.140719$ & $0.780818$ & $0.804755$ & $0.794502$ & $-0.0282353$ & $-0.0382359$ & $-0.0378829$ & $0.072644$ & $0.653109$ & $1$ & $0.033495$ & $0.205568$ & $-0.0271076$ & $-0.0198772$ & $-0.143782$ & $-0.0743909$ & $0.0771642$ & $-0.141024$ & $-0.198211$ & $-0.00784936$ & $-0.00621725$ & $0.0364062$ & $0.0141921$ & $0.0177229$ & $0.0106597$ & $-0.0182836$ & $-0.0305773$ & $0.0119755$ & $-0.0182996$ & $0.0231447$ & $0.00273438$ & $0.01478$ & $-0.0203719$ & $0.0156135$ \\
CHu_11 & $-0.0100348$ & $0.0210553$ & $0.00713065$ & $-0.00955024$ & $0.00325997$ & $0.112691$ & $0.0168335$ & $-0.512087$ & $-0.500178$ & $0.23377$ & $0.554559$ & $-0.0694528$ & $-0.1287$ & $-0.235238$ & $-0.178769$ & $-0.176343$ & $-0.072512$ & $0.0604633$ & $0.0562086$ & $-0.543208$ & $-0.56082$ & $-0.546745$ & $-0.6838$ & $0.241586$ & $0.033495$ & $1$ & $-0.202962$ & $-0.191721$ & $-0.007093$ & $-0.0255533$ & $-0.00773112$ & $0.0150331$ & $-0.0266474$ & $-0.272109$ & $-0.0133612$ & $0.000265006$ & $0.000865142$ & $0.00301068$ & $-0.00430215$ & $0.00260858$ & $-0.00525214$ & $0.00735763$ & $0.0269541$ & $-0.00429446$ & $-0.00869649$ & $-0.0132901$ & $0.0205181$ & $-0.00507053$ & $0.0263597$ \\
CHd_11 & $-0.0492961$ & $-0.0460678$ & $-0.00821688$ & $-0.00878781$ & $-0.0164931$ & $-0.0754665$ & $-0.0355244$ & $0.427204$ & $0.417906$ & $-0.247348$ & $-0.303452$ & $0.0613476$ & $0.115658$ & $-0.0874904$ & $-0.401528$ & $-0.364938$ & $-0.156699$ & $0.00985095$ & $-0.0109648$ & $0.228227$ & $0.382182$ & $0.378198$ & $0.364235$ & $-0.413269$ & $0.205568$ & $-0.202962$ & $1$ & $0.0944505$ & $0.0285024$ & $0.0376282$ & $0.0133012$ & $-0.0397086$ & $0.0333205$ & $0.690596$ & $0.0107385$ & $-0.0261405$ & $0.0109379$ & $0.00852603$ & $0.0243557$ & $-0.00618035$ & $0.000135892$ & $-0.0195924$ & $-0.00184826$ & $-0.0181868$ & $0.017646$ & $0.0155324$ & $0.00415415$ & $-0.0156188$ & $0.0086884$ \\
CHd_33 & $0.0388891$ & $-0.0204969$ & $0.00112684$ & $-0.000744676$ & $-0.0139656$ & $-0.0721345$ & $-0.021756$ & $0.296776$ & $0.290736$ & $-0.136221$ & $-0.330428$ & $0.036348$ & $0.0749789$ & $0.152226$ & $0.127005$ & $0.109589$ & $0.0582655$ & $-0.0336471$ & $-0.0209171$ & $0.324371$ & $0.330557$ & $0.322387$ & $0.00688415$ & $-0.0279959$ & $-0.0271076$ & $-0.191721$ & $0.0944505$ & $1$ & $0.000540139$ & $0.0253173$ & $0.0209107$ & $-0.0275986$ & $0.0218097$ & $0.139747$ & $-0.0147081$ & $-0.011568$ & $-0.01555$ & $0.00506482$ & $0.00901892$ & $-0.0106584$ & $0.0147837$ & $-0.00140865$ & $-0.0251574$ & $0.000472504$ & $-0.0200264$ & $0.0184819$ & $0.0192114$ & $0.00446745$ & $0.00824612$ \\
CeH_22r & $-0.0135204$ & $0.00406081$ & $-0.00483208$ & $-0.00742445$ & $-0.0109226$ & $-0.00558036$ & $-0.00307062$ & $0.028024$ & $0.0378641$ & $-0.02274$ & $-0.0120605$ & $0.0483549$ & $0.045342$ & $-0.0161017$ & $-0.00762883$ & $-0.00296424$ & $-0.0380429$ & $-0.0252672$ & $-0.0280183$ & $0.0124233$ & $0.0141062$ & $0.016122$ & $0.0066903$ & $-0.0323141$ & $-0.0198772$ & $-0.007093$ & $0.0285024$ & $0.000540139$ & $1$ & $0.0433858$ & $0.0352052$ & $-0.0212425$ & $0.0482713$ & $0.0244515$ & $-0.0326541$ & $-0.0239691$ & $0.00748687$ & $0.00568593$ & $0.00543949$ & $0.0116567$ & $0.0194113$ & $0.00562474$ & $0.0337329$ & $-0.00725824$ & $0.00688431$ & $0.00920054$ & $0.00444937$ & $0.0286495$ & $-0.00216581$ \\
CeH_33r & $0.0272652$ & $-0.0193536$ & $-0.0297322$ & $-0.0464665$ & $0.000570537$ & $0.00241602$ & $-0.139712$ & $0.123611$ & $0.148755$ & $-0.150743$ & $-0.0612883$ & $0.333401$ & $0.298103$ & $-0.0820821$ & $0.0162797$ & $0.0258408$ & $-0.133806$ & $-0.13015$ & $-0.137216$ & $0.0584302$ & $0.063942$ & $0.0611197$ & $-0.00466673$ & $-0.144882$ & $-0.143782$ & $-0.0255533$ & $0.0376282$ & $0.0253173$ & $0.0433858$ & $1$ & $0.30535$ & $0.0115285$ & $0.640446$ & $0.0793351$ & $-0.059738$ & $-0.014166$ & $-0.215298$ & $-0.0315521$ & $-0.0365528$ & $-0.0259747$ & $-0.00710178$ & $-0.00661045$ & $0.0285297$ & $0.01712$ & $0.054629$ & $-0.0112201$ & $-0.0192084$ & $0.0157275$ & $0.0133366$ \\
CuH_22r & $0.0122004$ & $-0.0265212$ & $-0.0176018$ & $-0.0254973$ & $0.00719022$ & $-0.00853345$ & $-0.0614861$ & $0.0611574$ & $0.071789$ & $-0.074972$ & $-0.0308693$ & $0.10497$ & $0.0992338$ & $-0.0454303$ & $0.00665418$ & $0.0250789$ & $-0.0630487$ & $-0.0617411$ & $-0.0735107$ & $0.0308008$ & $0.0304274$ & $0.030762$ & $-0.00902105$ & $-0.0640621$ & $-0.0743909$ & $-0.00773112$ & $0.0133012$ & $0.0209107$ & $0.0352052$ & $0.30535$ & $1$ & $0.0269873$ & $0.343113$ & $0.0405575$ & $-0.0218573$ & $-0.00270575$ & $-0.116221$ & $-0.0213881$ & $-0.00896838$ & $0.00726098$ & $-0.0292755$ & $-0.01318$ & $-0.0229073$ & $-0.0198952$ & $-0.0371251$ & $0.108954$ & $0.371717$ & $0.0268404$ & $0.011297$ \\
CuH_33r & $0.0307208$ & $0.0324469$ & $-0.0157815$ & $0.00515764$ & $0.00725683$ & $-0.00427272$ & $0.93644$ & $-0.068139$ & $-0.0240353$ & $0.0527312$ & $0.0211228$ & $-0.234741$ & $-0.260043$ & $0.068924$ & $0.00132434$ & $-0.00171694$ & $0.0876675$ & $0.0843095$ & $0.0880746$ & $-0.0179617$ & $-0.023537$ & $-0.0262841$ & $-0.00527073$ & $0.0851548$ & $0.0771642$ & $0.0150331$ & $-0.0397086$ & $-0.0275986$ & $-0.0212425$ & $0.0115285$ & $0.0269873$ & $1$ & $0.0161834$ & $-0.055412$ & $0.0532491$ & $0.0463696$ & $-0.00914764$ & $0.000351374$ & $-0.00995868$ & $0.00628661$ & $-0.00767326$ & $-0.0130523$ & $0.0162092$ & $-0.0263484$ & $-0.0342033$ & $0.00759642$ & $0.00241983$ & $0.00182765$ & $-0.0113995$ \\
CdH_33r & $0.0354472$ & $0.0116248$ & $-0.0190267$ & $-0.0467671$ & $0.0064484$ & $-0.0100768$ & $-0.15429$ & $0.114527$ & $0.140345$ & $-0.146422$ & $-0.0527933$ & $0.358926$ & $0.318519$ & $-0.0891479$ & $0.0186993$ & $0.0127951$ & $-0.128818$ & $-0.131214$ & $-0.127075$ & $0.0520637$ & $0.0571996$ & $0.0531129$ & $-0.00636326$ & $-0.145594$ & $-0.141024$ & $-0.0266474$ & $0.0333205$ & $0.0218097$ & $0.0482713$ & $0.640446$ & $0.343113$ & $0.0161834$ & $1$ & $0.0740353$ & $-0.0363611$ & $-0.037917$ & $-0.248283$ & $-0.0324216$ & $-0.0497692$ & $-0.00981302$ & $-0.0537198$ & $0.00332428$ & $0.0117509$ & $-0.00885798$ & $-0.0675265$ & $-0.0225654$ & $-0.0122428$ & $0.165521$ & $0.506192$ \\
CLL_1221 & $-0.0163517$ & $-0.00697064$ & $0.0137938$ & $-0.00831798$ & $-0.0197653$ & $-0.11909$ & $-0.0625085$ & $0.561251$ & $0.550075$ & $-0.365357$ & $-0.368256$ & $0.146402$ & $0.210951$ & $-0.22269$ & $-0.591214$ & $-0.0854737$ & $-0.257899$ & $0.029793$ & $-0.347738$ & $0.290683$ & $0.45344$ & $0.451903$ & $0.22515$ & $-0.62365$ & $-0.198211$ & $-0.272109$ & $0.690596$ & $0.139747$ & $0.0244515$ & $0.0793351$ & $0.0405575$ & $-0.055412$ & $0.0740353$ & $1$ & $0.00527446$ & $-0.0317718$ & $0.00023538$ & $-0.00801085$ & $-0.000664613$ & $0.00318059$ & $0.00279433$ & $0.0162791$ & $-0.00124043$ & $-0.0067322$ & $0.00333085$ & $0.00813393$ & $-0.0175089$ & $-0.0148744$ & $0.00202581$ \\
eHggint & $0.036302$ & $0.0615566$ & $0.017542$ & $-0.0400744$ & $0.0101761$ & $0.0159702$ & $-0.0297398$ & $-0.0148239$ & $-0.03295$ & $0.0470587$ & $0.0257838$ & $0.072751$ & $0.0425487$ & $-0.0240068$ & $-0.0158746$ & $-0.0250244$ & $-0.0215892$ & $-0.00966851$ & $-0.00918269$ & $-0.024416$ & $-0.0230168$ & $-0.0255371$ & $0.0304904$ & $-0.0141891$ & $-0.00784936$ & $-0.0133612$ & $0.0107385$ & $-0.0147081$ & $-0.0326541$ & $-0.059738$ & $-0.0218573$ & $0.0532491$ & $-0.0363611$ & $0.00527446$ & $1$ & $-0.0658084$ & $0.05823$ & $-0.0266696$ & $0.0112628$ & $-0.0109009$ & $0.00887866$ & $0.0130369$ & $-5.0427e-05$ & $-0.0221231$ & $-0.0285479$ & $-0.0296258$ & $0.0480861$ & $-0.00846371$ & $0.019772$ \\
eHggpar & $-0.0450521$ & $-0.007761$ & $-0.0269048$ & $-0.00981775$ & $-0.0419978$ & $-0.00823697$ & $0.00333888$ & $0.00185962$ & $-0.00515511$ & $0.0538765$ & $-0.00289704$ & $0.0328912$ & $0.0076806$ & $0.00337347$ & $0.0373265$ & $0.025266$ & $-0.00577472$ & $-0.0214122$ & $-0.0127749$ & $0.00835065$ & $-0.00197221$ & $0.00267469$ & $-0.00836126$ & $0.00494166$ & $-0.00621725$ & $0.000265006$ & $-0.0261405$ & $-0.011568$ & $-0.0239691$ & $-0.014166$ & $-0.00270575$ & $0.0463696$ & $-0.037917$ & $-0.0317718$ & $-0.0658084$ & $1$ & $0.00911293$ & $-0.0017176$ & $0.00152769$ & $-0.00183171$ & $-0.0160805$ & $-0.0138792$ & $0.02371$ & $-0.0034903$ & $-0.0312636$ & $0.0675806$ & $0.0337527$ & $0.00725124$ & $-0.0366555$ \\
eHWWint & $-0.077612$ & $-0.0496239$ & $0.0499624$ & $-0.0143183$ & $0.0231733$ & $0.00421947$ & $0.0320745$ & $-0.0232947$ & $-0.0356873$ & $0.0353335$ & $0.0178043$ & $0.0015897$ & $0.000955962$ & $0.0162216$ & $-0.028699$ & $-0.0210923$ & $0.0146495$ & $0.0343943$ & $0.0303905$ & $-0.0206904$ & $-0.0161519$ & $-0.0122529$ & $0.0164867$ & $0.0317776$ & $0.0364062$ & $0.000865142$ & $0.0109379$ & $-0.01555$ & $0.00748687$ & $-0.215298$ & $-0.116221$ & $-0.00914764$ & $-0.248283$ & $0.00023538$ & $0.05823$ & $0.00911293$ & $1$ & $0.00141482$ & $-0.0506766$ & $-0.0010619$ & $0.058991$ & $0.0366002$ & $0.00881707$ & $0.00295864$ & $0.0972703$ & $0.0630731$ & $0.0569379$ & $0.00217041$ & $-0.044868$ \\
eHWWpar & $-0.0190159$ & $0.0278603$ & $0.00261046$ & $0.0174305$ & $0.00414163$ & $0.0120302$ & $0.0162798$ & $0.000260519$ & $-0.000670265$ & $-0.00034028$ & $-0.00232098$ & $-0.00393844$ & $-0.00766633$ & $0.0112266$ & $0.00878003$ & $-0.00258707$ & $-0.00270227$ & $-0.00058354$ & $0.00944027$ & $0.00512618$ & $0.00352507$ & $0.00240132$ & $0.00089659$ & $-0.00148326$ & $0.0141921$ & $0.00301068$ & $0.00852603$ & $0.00506482$ & $0.00568593$ & $-0.0315521$ & $-0.0213881$ & $0.000351374$ & $-0.0324216$ & $-0.00801085$ & $-0.0266696$ & $-0.0017176$ & $0.00141482$ & $1$ & $0.0116639$ & $-0.0148604$ & $0.0198101$ & $0.00542544$ & $-0.0331576$ & $-0.0125474$ & $-0.00561139$ & $-0.0158746$ & $-0.000508284$ & $0.0108396$ & $0.00377429$ \\
eHZZint & $-0.00842065$ & $0.00883964$ & $-0.00256732$ & $0.0646799$ & $-0.00806136$ & $-0.00522818$ & $-0.0161897$ & $0.00319321$ & $0.000128939$ & $-0.00461963$ & $-0.00518826$ & $-0.0114893$ & $-0.00553294$ & $0.0132026$ & $0.000234113$ & $-0.00994789$ & $-0.000585957$ & $0.00104061$ & $0.0127346$ & $0.00264287$ & $0.00458727$ & $0.0068747$ & $0.0145284$ & $0.000929917$ & $0.0177229$ & $-0.00430215$ & $0.0243557$ & $0.00901892$ & $0.00543949$ & $-0.0365528$ & $-0.00896838$ & $-0.00995868$ & $-0.0497692$ & $-0.000664613$ & $0.0112628$ & $0.00152769$ & $-0.0506766$ & $0.0116639$ & $1$ & $-0.00717569$ & $0.00297338$ & $-0.00213854$ & $-0.0240803$ & $0.00930589$ & $0.0344297$ & $0.0164227$ & $0.0119383$ & $-0.0261456$ & $-0.0374677$ \\
eHZZpar & $-0.00379807$ & $-0.0229045$ & $-0.00305116$ & $0.0283551$ & $0.0110251$ & $-0.0218596$ & $0.0129455$ & $-0.00528051$ & $-0.00732371$ & $0.0145917$ & $-0.000560762$ & $-0.0157135$ & $-0.022661$ & $0.00782125$ & $-0.0101499$ & $0.00638359$ & $0.0134156$ & $0.0188918$ & $0.0063933$ & $0.000558474$ & $0.000352289$ & $-0.000291988$ & $-0.00764709$ & $0.00538389$ & $0.0106597$ & $0.00260858$ & $-0.00618035$ & $-0.0106584$ & $0.0116567$ & $-0.0259747$ & $0.00726098$ & $0.00628661$ & $-0.00981302$ & $0.00318059$ & $-0.0109009$ & $-0.00183171$ & $-0.0010619$ & $-0.0148604$ & $-0.00717569$ & $1$ & $0.0102971$ & $0.0101349$ & $-0.0573598$ & $-0.0111424$ & $-0.0132902$ & $0.0134313$ & $0.0489634$ & $0.0101479$ & $-0.00913078$ \\
eHZgaint & $-0.0503759$ & $-0.0205166$ & $-0.057642$ & $-0.0674018$ & $-0.0036187$ & $3.52629e-05$ & $-0.00936546$ & $0.0160338$ & $0.0189346$ & $-0.0310352$ & $-0.00606912$ & $0.00675549$ & $0.0120595$ & $-0.0120424$ & $0.00958279$ & $0.00635727$ & $-0.0197094$ & $-0.0244537$ & $-0.0237663$ & $0.00499362$ & $0.00695717$ & $0.00660025$ & $-0.00119666$ & $-0.00439037$ & $-0.0182836$ & $-0.00525214$ & $0.000135892$ & $0.0147837$ & $0.0194113$ & $-0.00710178$ & $-0.0292755$ & $-0.00767326$ & $-0.0537198$ & $0.00279433$ & $0.00887866$ & $-0.0160805$ & $0.058991$ & $0.0198101$ & $0.00297338$ & $0.0102971$ & $1$ & $-0.00397819$ & $0.0550341$ & $0.0124509$ & $0.0992028$ & $-0.107492$ & $-0.0139759$ & $-0.00737389$ & $-0.0977566$ \\
eHZgapar & $0.00865524$ & $0.0117977$ & $0.0348108$ & $-0.00642741$ & $0.0189402$ & $-0.00795375$ & $-0.00980746$ & $0.0281113$ & $0.03332$ & $-0.0160778$ & $-0.0259952$ & $0.00772741$ & $0.0114196$ & $0.00674569$ & $0.0111828$ & $0.0410976$ & $-0.0044585$ & $-0.00942443$ & $-0.0314494$ & $0.0272796$ & $0.0257576$ & $0.0233814$ & $-0.0293134$ & $-0.0193821$ & $-0.0305773$ & $0.00735763$ & $-0.0195924$ & $-0.00140865$ & $0.00562474$ & $-0.00661045$ & $-0.01318$ & $-0.0130523$ & $0.00332428$ & $0.0162791$ & $0.0130369$ & $-0.0138792$ & $0.0366002$ & $0.00542544$ & $-0.00213854$ & $0.0101349$ & $-0.00397819$ & $1$ & $0.0175024$ & $0.0163184$ & $-0.0152229$ & $-0.0470653$ & $-0.000976911$ & $-0.00789256$ & $0.0241984$ \\
eHgagaint & $-0.0258715$ & $0.0224067$ & $-0.00723457$ & $-0.0220555$ & $-0.0341442$ & $0.00592266$ & $0.0121976$ & $-0.0227696$ & $0.0544679$ & $-0.00682269$ & $0.0204454$ & $-0.00793199$ & $-0.00198258$ & $0.00158851$ & $-0.0227304$ & $-0.0102342$ & $-0.000819347$ & $0.0194075$ & $0.0129778$ & $-0.0194303$ & $-0.0196061$ & $-0.0200226$ & $-0.0075039$ & $0.0113769$ & $0.0119755$ & $0.0269541$ & $-0.00184826$ & $-0.0251574$ & $0.0337329$ & $0.0285297$ & $-0.0229073$ & $0.0162092$ & $0.0117509$ & $-0.00124043$ & $-5.0427e-05$ & $0.02371$ & $0.00881707$ & $-0.0331576$ & $-0.0240803$ & $-0.0573598$ & $0.0550341$ & $0.0175024$ & $1$ & $-0.029889$ & $0.0581323$ & $0.021246$ & $-0.0381672$ & $0.0130811$ & $-0.00530137$ \\
eHmumuint & $-0.114321$ & $-0.0571998$ & $-0.00393832$ & $-0.117675$ & $-0.0156873$ & $-0.00160191$ & $-0.0265575$ & $0.015175$ & $0.0118261$ & $-0.0139834$ & $-0.00520207$ & $0.0251206$ & $0.0293476$ & $-0.0138574$ & $0.0175294$ & $0.00462434$ & $-0.0153484$ & $-0.0273331$ & $-0.0155071$ & $0.00609576$ & $0.00603161$ & $0.00415086$ & $-0.00644265$ & $-0.0127633$ & $-0.0182996$ & $-0.00429446$ & $-0.0181868$ & $0.000472504$ & $-0.00725824$ & $0.01712$ & $-0.0198952$ & $-0.0263484$ & $-0.00885798$ & $-0.0067322$ & $-0.0221231$ & $-0.0034903$ & $0.00295864$ & $-0.0125474$ & $0.00930589$ & $-0.0111424$ & $0.0124509$ & $0.0163184$ & $-0.029889$ & $1$ & $0.0533587$ & $0.00898201$ & $-0.0513034$ & $-0.0480757$ & $-0.0323387$ \\
eHtautauint & $-0.00147832$ & $-0.120645$ & $0.00841608$ & $-0.0671583$ & $-0.0212055$ & $-0.00172196$ & $-0.0215175$ & $0.0101104$ & $0.00984678$ & $-0.00579384$ & $-0.0153961$ & $-0.000726382$ & $0.00604599$ & $0.0165433$ & $-0.00161594$ & $0.0167862$ & $0.0122642$ & $0.0172134$ & $0.0033673$ & $0.0129157$ & $0.0099165$ & $0.013794$ & $0.0162388$ & $0.00389258$ & $0.0231447$ & $-0.00869649$ & $0.017646$ & $-0.0200264$ & $0.00688431$ & $0.054629$ & $-0.0371251$ & $-0.0342033$ & $-0.0675265$ & $0.00333085$ & $-0.0285479$ & $-0.0312636$ & $0.0972703$ & $-0.00561139$ & $0.0344297$ & $-0.0132902$ & $0.0992028$ & $-0.0152229$ & $0.0581323$ & $0.0533587$ & $1$ & $0.0191853$ & $-0.0052724$ & $0.0503407$ & $-0.099234$ \\
eHccint & $0.0202746$ & $-0.0844538$ & $0.0472536$ & $-0.00374522$ & $-0.01199$ & $-0.00439228$ & $0.00742009$ & $0.0283827$ & $0.0284954$ & $0.00136543$ & $-0.0326482$ & $-0.0178119$ & $-0.0155693$ & $0.022718$ & $0.00783273$ & $0.00320608$ & $0.00599443$ & $0.00332553$ & $0.00439014$ & $0.028941$ & $0.029601$ & $0.0297311$ & $0.00073213$ & $-0.00446619$ & $0.00273438$ & $-0.0132901$ & $0.0155324$ & $0.0184819$ & $0.00920054$ & $-0.0112201$ & $0.108954$ & $0.00759642$ & $-0.0225654$ & $0.00813393$ & $-0.0296258$ & $0.0675806$ & $0.0630731$ & $-0.0158746$ & $0.0164227$ & $0.0134313$ & $-0.107492$ & $-0.0470653$ & $0.021246$ & $0.00898201$ & $0.0191853$ & $1$ & $0.102017$ & $0.0349723$ & $-0.0239725$ \\
eHccpar & $-0.0630616$ & $-0.0588038$ & $-0.0294516$ & $-0.0164811$ & $0.0173256$ & $0.00702149$ & $-0.000577842$ & $-0.00906432$ & $-0.0177847$ & $0.0326194$ & $0.00904629$ & $0.00558266$ & $-0.00531104$ & $0.00896667$ & $-0.000234478$ & $-0.00781561$ & $-0.00671921$ & $0.00372083$ & $0.0104012$ & $-0.00826235$ & $-0.0100121$ & $-0.00719082$ & $-0.00282019$ & $0.0248394$ & $0.01478$ & $0.0205181$ & $0.00415415$ & $0.0192114$ & $0.00444937$ & $-0.0192084$ & $0.371717$ & $0.00241983$ & $-0.0122428$ & $-0.0175089$ & $0.0480861$ & $0.0337527$ & $0.0569379$ & $-0.000508284$ & $0.0119383$ & $0.0489634$ & $-0.0139759$ & $-0.000976911$ & $-0.0381672$ & $-0.0513034$ & $-0.0052724$ & $0.102017$ & $1$ & $0.0439669$ & $0.000633414$ \\
eHbbint & $0.0557901$ & $0.0303754$ & $-0.0389941$ & $0.0414806$ & $0.00811455$ & $0.011971$ & $0.00349195$ & $-0.00341734$ & $-0.00011145$ & $-0.00628192$ & $0.00532092$ & $0.00742706$ & $0.00530105$ & $-0.00884848$ & $0.018619$ & $-0.000654313$ & $-0.00395595$ & $-0.0168476$ & $-5.96006e-05$ & $-0.00245321$ & $-0.00506632$ & $-0.00909073$ & $-0.00226102$ & $0.00809122$ & $-0.0203719$ & $-0.00507053$ & $-0.0156188$ & $0.00446745$ & $0.0286495$ & $0.0157275$ & $0.0268404$ & $0.00182765$ & $0.165521$ & $-0.0148744$ & $-0.00846371$ & $0.00725124$ & $0.00217041$ & $0.0108396$ & $-0.0261456$ & $0.0101479$ & $-0.00737389$ & $-0.00789256$ & $0.0130811$ & $-0.0480757$ & $0.0503407$ & $0.0349723$ & $0.0439669$ & $1$ & $-0.0140469$ \\
eHbbpar & $0.00599698$ & $0.0339427$ & $0.00522472$ & $-0.0349613$ & $0.00132817$ & $-0.0184611$ & $-0.0166213$ & $-0.0123762$ & $-0.00922818$ & $0.0204893$ & $0.0110592$ & $-0.00141508$ & $-0.00589223$ & $-0.00584074$ & $-0.00863393$ & $-0.0194069$ & $0.00653771$ & $0.00807496$ & $0.0153894$ & $-0.00956296$ & $-0.00877554$ & $-0.0089836$ & $-0.0286029$ & $-0.0040126$ & $0.0156135$ & $0.0263597$ & $0.0086884$ & $0.00824612$ & $-0.00216581$ & $0.0133366$ & $0.011297$ & $-0.0113995$ & $0.506192$ & $0.00202581$ & $0.019772$ & $-0.0366555$ & $-0.044868$ & $0.00377429$ & $-0.0374677$ & $-0.00913078$ & $-0.0977566$ & $0.0241984$ & $-0.00530137$ & $-0.0323387$ & $-0.099234$ & $-0.0239725$ & $0.000633414$ & $-0.0140469$ & $1$ \\
