 & AlsMz & dAle5Mz & mtop & mHl & Mz & CW & CHG & CHWB & CHWHB_gaga & CHWHB_gagaorth & CHD & CHbox & CH & CHL1_11 & CHL1_22 & CHL1_33 & CHL3_11 & CHL3_22 & CHL3_33 & CHe_11 & CHe_22 & CHe_33 & CHQ1_11 & CHQ1_33 & CHQ3_11 & CHu_11 & CHd_11 & CHd_33 & CeH_22r & CeH_33r & CuH_22r & CuH_33r & CdH_33r & CLL_1221 & eHggint & eHggpar & eHWWint & eHWWpar & eHZZint & eHZZpar & eHZgaint & eHZgapar & eHgagaint & eHmumuint & eHtautauint & eHccint & eHccpar & eHbbint & eHbbpar \\
AlsMz & $1$ & $-0.0848669$ & $-0.0147948$ & $0.00469212$ & $-0.0122973$ & $0.0329184$ & $0.0704663$ & $0.0242119$ & $0.0209382$ & $-0.0126206$ & $-0.0310339$ & $-0.116695$ & $-0.0983304$ & $0.0130104$ & $0.0275735$ & $0.0278774$ & $-0.000245611$ & $-0.00884187$ & $-0.0130596$ & $0.0262962$ & $0.0217203$ & $0.0222752$ & $-0.00541326$ & $-0.0393727$ & $-0.0699076$ & $-0.0444937$ & $-0.0177128$ & $0.0111317$ & $0.0293629$ & $-0.0481754$ & $-0.0471354$ & $0.0606763$ & $-0.0153751$ & $-0.0060055$ & $-0.0630205$ & $-0.0537976$ & $-0.131271$ & $-0.0101502$ & $-0.00926329$ & $0.00299108$ & $-0.0959049$ & $0.0135119$ & $-0.0689524$ & $0.0127561$ & $-0.0133222$ & $-0.186168$ & $-0.0369534$ & $-0.031753$ & $0.135899$ \\
dAle5Mz & $-0.0848669$ & $1$ & $-0.0445282$ & $0.0249375$ & $0.0278941$ & $0.0229235$ & $0.0416694$ & $-0.0580559$ & $-0.0501284$ & $0.0424152$ & $0.0808917$ & $0.0720078$ & $0.028735$ & $-0.0760683$ & $-0.038527$ & $-0.050471$ & $-0.0476651$ & $-0.0415379$ & $-0.0382281$ & $-0.0719158$ & $-0.0664884$ & $-0.0721081$ & $-0.0301833$ & $-0.0202929$ & $-0.0266775$ & $0.0793246$ & $0.0108222$ & $-0.0254357$ & $0.0132279$ & $0.0267544$ & $0.0477416$ & $0.0641975$ & $0.079655$ & $0.0179957$ & $-0.0150714$ & $-0.0538116$ & $0.132025$ & $-0.0109638$ & $0.0398064$ & $-0.0736038$ & $0.102785$ & $-0.0442227$ & $0.065168$ & $0.0674829$ & $0.0279718$ & $0.163533$ & $-0.0407855$ & $0.22146$ & $0.127134$ \\
mtop & $-0.0147948$ & $-0.0445282$ & $1$ & $0.2459$ & $0.0107547$ & $-0.0629399$ & $-0.000306871$ & $0.0663342$ & $0.0599791$ & $-0.0561098$ & $-0.0841941$ & $-0.0225387$ & $0.00431036$ & $0.073668$ & $0.0853634$ & $0.0639256$ & $0.0372373$ & $0.000644348$ & $0.0171271$ & $0.0895805$ & $0.0856649$ & $0.0853509$ & $-0.0281717$ & $0.0122152$ & $0.0172809$ & $-0.032418$ & $0.00139809$ & $0.0398854$ & $0.000906533$ & $0.0139347$ & $0.0304604$ & $-0.00319226$ & $0.0257744$ & $-0.016271$ & $-0.124016$ & $0.0903991$ & $0.0930935$ & $0.0720364$ & $0.0349479$ & $0.0229648$ & $0.106911$ & $-0.0291182$ & $-0.122328$ & $0.0922125$ & $0.208056$ & $-0.0272897$ & $0.0256942$ & $0.0200269$ & $0.0389748$ \\
mHl & $0.00469212$ & $0.0249375$ & $0.2459$ & $1$ & $0.040997$ & $-0.0265238$ & $-0.0104103$ & $-0.0146475$ & $-0.0292439$ & $0.00686583$ & $0.00738652$ & $-0.0123526$ & $-0.0125908$ & $-0.00697382$ & $0.0131029$ & $0.00957914$ & $0.0272568$ & $0.00876217$ & $0.0169628$ & $-0.00222003$ & $-0.00614663$ & $0.00550559$ & $0.00614761$ & $0.01166$ & $0.0160702$ & $-0.00349567$ & $-0.0168293$ & $-0.00517023$ & $0.0129684$ & $-0.0407205$ & $-0.0155214$ & $-0.00964159$ & $-0.0542267$ & $-0.014122$ & $0.0643464$ & $0.132936$ & $0.0527092$ & $-0.0181833$ & $0.125976$ & $-0.0154082$ & $0.0417792$ & $-0.025825$ & $-0.158071$ & $-0.216568$ & $0.00604996$ & $0.160046$ & $-0.00804472$ & $0.193$ & $-0.130186$ \\
Mz & $-0.0122973$ & $0.0278941$ & $0.0107547$ & $0.040997$ & $1$ & $0.0143978$ & $-0.0247316$ & $0.00321616$ & $0.00162412$ & $0.00130872$ & $-0.00781789$ & $0.0510019$ & $0.0477393$ & $0.0220741$ & $0.0209432$ & $0.0324579$ & $0.0147057$ & $0.00972242$ & $-0.000690197$ & $0.0165097$ & $0.0125603$ & $0.013287$ & $0.0354136$ & $0.0265436$ & $0.0117308$ & $-0.0461982$ & $-0.0100891$ & $0.00967343$ & $0.0311836$ & $0.0209374$ & $0.0100781$ & $-0.0227737$ & $0.0254338$ & $-0.0158995$ & $-0.0281831$ & $0.0307554$ & $-0.04784$ & $-0.0044619$ & $0.0125785$ & $-0.0232167$ & $-0.00160976$ & $-0.0171051$ & $0.0180795$ & $-0.0157815$ & $-0.0433032$ & $-0.0157562$ & $0.0270411$ & $0.0421906$ & $-0.0359865$ \\
CW & $0.0329184$ & $0.0229235$ & $-0.0629399$ & $-0.0265238$ & $0.0143978$ & $1$ & $0.0179459$ & $-0.0420727$ & $-0.04234$ & $-0.00671857$ & $0.159179$ & $0.00349751$ & $-0.0328051$ & $-0.0487368$ & $-0.0875771$ & $-0.0862749$ & $-0.374643$ & $-0.17664$ & $-0.179779$ & $-0.156989$ & $-0.161919$ & $-0.159896$ & $0.0170658$ & $-0.12603$ & $-0.212597$ & $0.10612$ & $-0.0485909$ & $-0.0595843$ & $-0.0179822$ & $-0.0160099$ & $-0.0272117$ & $0.0184619$ & $-0.0254212$ & $-0.0931644$ & $0.0225581$ & $0.0615191$ & $-0.0201166$ & $0.0053706$ & $-0.00571396$ & $-0.0123774$ & $-0.0167097$ & $0.00768793$ & $-0.0219055$ & $0.00483499$ & $0.00462559$ & $0.00360516$ & $-0.00432723$ & $-0.00193114$ & $0.0221192$ \\
CHG & $0.0704663$ & $0.0416694$ & $-0.000306871$ & $-0.0104103$ & $-0.0247316$ & $0.0179459$ & $1$ & $-0.0391621$ & $-0.0132472$ & $0.20288$ & $0.107543$ & $-0.709187$ & $-0.771828$ & $-0.149432$ & $-0.0611513$ & $-0.0343729$ & $-0.130219$ & $-0.102597$ & $-0.123146$ & $-0.106258$ & $-0.104522$ & $-0.103854$ & $0.0132632$ & $-0.0826364$ & $-0.094076$ & $0.0882035$ & $0.0253463$ & $-0.0843242$ & $-0.152223$ & $-0.565713$ & $-0.35208$ & $0.957114$ & $-0.592121$ & $0.0172965$ & $0.104254$ & $0.0154392$ & $-0.115744$ & $0.00248986$ & $0.0452669$ & $-0.0291231$ & $0.0903647$ & $-0.00039157$ & $-0.0537019$ & $-0.00442851$ & $-0.031156$ & $-0.138955$ & $-0.0498166$ & $0.02807$ & $0.11566$ \\
CHWB & $0.0242119$ & $-0.0580559$ & $0.0663342$ & $-0.0146475$ & $0.00321616$ & $-0.0420727$ & $-0.0391621$ & $1$ & $0.990925$ & $-0.576818$ & $-0.868368$ & $-0.0363607$ & $0.0490221$ & $0.250163$ & $0.473482$ & $0.429469$ & $-0.236786$ & $-0.429447$ & $-0.400679$ & $0.851853$ & $0.882844$ & $0.873962$ & $0.0272397$ & $-0.636684$ & $-0.387284$ & $-0.604036$ & $0.389962$ & $0.397341$ & $0.00459364$ & $0.052327$ & $0.0243427$ & $-0.0516707$ & $0.0461938$ & $0.520903$ & $-0.0592821$ & $0.00624463$ & $0.0218146$ & $0.0361957$ & $0.000413672$ & $0.0217796$ & $-0.0150007$ & $-0.0128791$ & $0.0119448$ & $0.0137329$ & $0.0469697$ & $0.00253171$ & $-0.0489591$ & $0.0189511$ & $-0.00795052$ \\
CHWHB_gaga & $0.0209382$ & $-0.0501284$ & $0.0599791$ & $-0.0292439$ & $0.00162412$ & $-0.04234$ & $-0.0132472$ & $0.990925$ & $1$ & $-0.572186$ & $-0.858145$ & $-0.0267361$ & $0.0525781$ & $0.242917$ & $0.466619$ & $0.427264$ & $-0.238871$ & $-0.428479$ & $-0.40264$ & $0.842073$ & $0.872756$ & $0.863957$ & $0.029228$ & $-0.63304$ & $-0.386833$ & $-0.59949$ & $0.387868$ & $0.391449$ & $0.00667637$ & $0.0656261$ & $0.0326892$ & $-0.0285479$ & $0.0593148$ & $0.519035$ & $-0.059149$ & $0.00173688$ & $0.0245968$ & $0.0352354$ & $2.93131e-05$ & $0.0199106$ & $-0.0236391$ & $-0.0175694$ & $0.0522619$ & $0.0100807$ & $0.0414913$ & $0.00153999$ & $-0.0541705$ & $0.0138809$ & $-0.00927873$ \\
CHWHB_gagaorth & $-0.0126206$ & $0.0424152$ & $-0.0561098$ & $0.00686583$ & $0.00130872$ & $-0.00671857$ & $0.20288$ & $-0.576818$ & $-0.572186$ & $1$ & $0.489319$ & $-0.0802903$ & $-0.259323$ & $-0.136388$ & $-0.247904$ & $-0.217625$ & $0.163325$ & $0.256224$ & $0.237404$ & $-0.477213$ & $-0.499591$ & $-0.492685$ & $-0.0334679$ & $0.380871$ & $0.241797$ & $0.347044$ & $-0.236178$ & $-0.237998$ & $-0.0563078$ & $-0.239555$ & $-0.14517$ & $0.214708$ & $-0.247962$ & $-0.315023$ & $0.0638748$ & $0.00572897$ & $-0.0300921$ & $-0.0229375$ & $0.0612841$ & $-0.0088365$ & $-0.0211621$ & $0.0134553$ & $-0.0326051$ & $0.00261863$ & $-0.0426641$ & $-0.0413271$ & $0.00665502$ & $0.00486376$ & $0.0446102$ \\
CHD & $-0.0310339$ & $0.0808917$ & $-0.0841941$ & $0.00738652$ & $-0.00781789$ & $0.159179$ & $0.107543$ & $-0.868368$ & $-0.858145$ & $0.489319$ & $1$ & $-0.00447823$ & $-0.125338$ & $-0.659661$ & $-0.589433$ & $-0.543927$ & $-0.249277$ & $-0.00550285$ & $-0.0344682$ & $-0.994837$ & $-0.994936$ & $-0.982772$ & $0.0379527$ & $0.21471$ & $-0.0568441$ & $0.67888$ & $-0.25966$ & $-0.436794$ & $-0.01078$ & $-0.110263$ & $-0.0579411$ & $0.123633$ & $-0.11299$ & $-0.302886$ & $0.0710435$ & $0.00868072$ & $-0.0363902$ & $-0.0238699$ & $-0.00285424$ & $-0.0148624$ & $0.0291976$ & $0.000420113$ & $-0.0107368$ & $-0.0147146$ & $-0.0528098$ & $-0.00718141$ & $0.0549809$ & $-0.0119172$ & $0.0297804$ \\
CHbox & $-0.116695$ & $0.0720078$ & $-0.0225387$ & $-0.0123526$ & $0.0510019$ & $0.00349751$ & $-0.709187$ & $-0.0363607$ & $-0.0267361$ & $-0.0802903$ & $-0.00447823$ & $1$ & $0.928599$ & $0.05332$ & $0.0103095$ & $0.00804887$ & $0.080973$ & $0.072084$ & $0.076837$ & $0.00858136$ & $0.00405693$ & $0.00577484$ & $-0.0180078$ & $0.0868411$ & $0.0597503$ & $-0.0136542$ & $-0.0554457$ & $0.0217778$ & $0.186311$ & $0.68388$ & $0.423945$ & $-0.615256$ & $0.709836$ & $-0.035931$ & $-0.0820764$ & $0.0636582$ & $0.185087$ & $-0.0107783$ & $-0.116834$ & $0.0142888$ & $-0.0432201$ & $-0.0314292$ & $0.087351$ & $-0.0340634$ & $0.0072982$ & $0.149494$ & $0.0468284$ & $0.0233631$ & $-0.131324$ \\
CH & $-0.0983304$ & $0.028735$ & $0.00431036$ & $-0.0125908$ & $0.0477393$ & $-0.0328051$ & $-0.771828$ & $0.0490221$ & $0.0525781$ & $-0.259323$ & $-0.125338$ & $0.928599$ & $1$ & $0.164913$ & $0.0533429$ & $0.0453043$ & $0.150815$ & $0.124803$ & $0.132168$ & $0.124782$ & $0.125612$ & $0.124637$ & $-0.0189087$ & $0.0933947$ & $0.114546$ & $-0.094646$ & $-0.00433276$ & $0.0719774$ & $0.204697$ & $0.708253$ & $0.433514$ & $-0.689591$ & $0.727277$ & $0.00742978$ & $-0.0742851$ & $0.00796185$ & $0.169909$ & $-0.0119342$ & $-0.109391$ & $0.0251755$ & $-0.045517$ & $-0.0238889$ & $0.0821616$ & $0.00866306$ & $0.0397959$ & $0.156197$ & $0.030286$ & $-0.019542$ & $-0.151594$ \\
CHL1_11 & $0.0130104$ & $-0.0760683$ & $0.073668$ & $-0.00697382$ & $0.0220741$ & $-0.0487368$ & $-0.149432$ & $0.250163$ & $0.242917$ & $-0.136388$ & $-0.659661$ & $0.05332$ & $0.164913$ & $1$ & $0.406956$ & $0.390203$ & $0.660203$ & $0.599889$ & $0.608388$ & $0.669605$ & $0.630587$ & $0.620277$ & $-0.1012$ & $0.457612$ & $0.607191$ & $-0.433714$ & $-0.0585851$ & $0.269895$ & $0.00514286$ & $0.133575$ & $0.0755721$ & $-0.162125$ & $0.144801$ & $-0.192481$ & $-0.0395489$ & $-0.0262015$ & $0.0367017$ & $-0.00014971$ & $0.00231314$ & $0.00457843$ & $-0.0260301$ & $0.01827$ & $-0.00108867$ & $0.0222966$ & $0.0397107$ & $0.0194811$ & $-0.0261454$ & $-0.00954793$ & $-0.0415683$ \\
CHL1_22 & $0.0275735$ & $-0.038527$ & $0.0853634$ & $0.0131029$ & $0.0209432$ & $-0.0875771$ & $-0.0611513$ & $0.473482$ & $0.466619$ & $-0.247904$ & $-0.589433$ & $0.0103095$ & $0.0533429$ & $0.406956$ & $1$ & $0.543933$ & $0.169785$ & $-0.311161$ & $-0.00840345$ & $0.632672$ & $0.533658$ & $0.522917$ & $-0.173992$ & $0.029506$ & $-0.0828131$ & $-0.366925$ & $-0.302205$ & $0.236279$ & $0.0113362$ & $0.0703125$ & $0.0406264$ & $-0.0620793$ & $0.0624601$ & $-0.468266$ & $-0.0281212$ & $0.0117324$ & $-0.0202675$ & $-0.00817166$ & $0.00984546$ & $0.000431181$ & $0.0011361$ & $0.00554791$ & $-0.0455051$ & $0.0131102$ & $0.0561083$ & $-0.0270896$ & $-0.0434238$ & $0.040604$ & $-0.0290404$ \\
CHL1_33 & $0.0278774$ & $-0.050471$ & $0.0639256$ & $0.00957914$ & $0.0324579$ & $-0.0862749$ & $-0.0343729$ & $0.429469$ & $0.427264$ & $-0.217625$ & $-0.543927$ & $0.00804887$ & $0.0453043$ & $0.390203$ & $0.543933$ & $1$ & $0.157905$ & $-0.0107238$ & $-0.300929$ & $0.58982$ & $0.486886$ & $0.496499$ & $-0.1843$ & $0.0402489$ & $-0.0706874$ & $-0.340602$ & $-0.323795$ & $0.221728$ & $0.000477346$ & $0.0677038$ & $0.0222918$ & $-0.0332229$ & $0.0528005$ & $-0.0648246$ & $-0.00361102$ & $0.00303483$ & $-0.0158628$ & $0.00361281$ & $0.0224885$ & $0.00453698$ & $-0.00863141$ & $-0.00804108$ & $-0.0234858$ & $0.0201756$ & $0.0139263$ & $-0.0235598$ & $-0.0478787$ & $0.0315971$ & $-0.0476041$ \\
CHL3_11 & $-0.000245611$ & $-0.0476651$ & $0.0372373$ & $0.0272568$ & $0.0147057$ & $-0.374643$ & $-0.130219$ & $-0.236786$ & $-0.238871$ & $0.163325$ & $-0.249277$ & $0.080973$ & $0.150815$ & $0.660203$ & $0.169785$ & $0.157905$ & $1$ & $0.825949$ & $0.833072$ & $0.260601$ & $0.225599$ & $0.218784$ & $-0.0905627$ & $0.759156$ & $0.860077$ & $-0.14745$ & $-0.149086$ & $0.0745844$ & $0.0180933$ & $0.109406$ & $0.06179$ & $-0.138689$ & $0.130499$ & $-0.278414$ & $-0.037056$ & $-0.0274$ & $0.039261$ & $-0.0254843$ & $-0.00124533$ & $-0.0162095$ & $-0.0293157$ & $0.0273109$ & $0.00680791$ & $-0.00789101$ & $0.00471045$ & $0.00339554$ & $-0.0152171$ & $-0.00963527$ & $-0.0428935$ \\
CHL3_22 & $-0.00884187$ & $-0.0415379$ & $0.000644348$ & $0.00876217$ & $0.00972242$ & $-0.17664$ & $-0.102597$ & $-0.429447$ & $-0.428479$ & $0.256224$ & $-0.00550285$ & $0.072084$ & $0.124803$ & $0.599889$ & $-0.311161$ & $-0.0107238$ & $0.825949$ & $1$ & $0.797032$ & $0.00409524$ & $0.000116681$ & $0.000291704$ & $-0.0273152$ & $0.748829$ & $0.876053$ & $0.00304023$ & $-0.0543558$ & $-0.0193689$ & $0.00440643$ & $0.0791604$ & $0.0429867$ & $-0.110131$ & $0.099131$ & $-0.093906$ & $-0.012393$ & $-0.0332868$ & $0.0429182$ & $-0.0158271$ & $0.000321507$ & $-0.0108053$ & $-0.0296422$ & $0.0198199$ & $0.0257165$ & $-0.00425088$ & $-0.0180635$ & $0.0234013$ & $0.00673972$ & $-0.0346866$ & $-0.033357$ \\
CHL3_33 & $-0.0130596$ & $-0.0382281$ & $0.0171271$ & $0.0169628$ & $-0.000690197$ & $-0.179779$ & $-0.123146$ & $-0.400679$ & $-0.40264$ & $0.237404$ & $-0.0344682$ & $0.076837$ & $0.132168$ & $0.608388$ & $-0.00840345$ & $-0.300929$ & $0.833072$ & $0.797032$ & $1$ & $0.031212$ & $0.0305926$ & $0.029729$ & $-0.0171439$ & $0.742273$ & $0.870431$ & $-0.0145375$ & $-0.03388$ & $-0.0107709$ & $0.0124479$ & $0.0809201$ & $0.0595926$ & $-0.131702$ & $0.105213$ & $-0.364604$ & $-0.0230421$ & $-0.0288586$ & $0.0362395$ & $-0.0195923$ & $-0.00333255$ & $-0.0134343$ & $-0.0321026$ & $0.0298265$ & $0.012196$ & $-0.00916135$ & $0.00401208$ & $0.0240673$ & $0.00760456$ & $-0.0284655$ & $-0.0216113$ \\
CHe_11 & $0.0262962$ & $-0.0719158$ & $0.0895805$ & $-0.00222003$ & $0.0165097$ & $-0.156989$ & $-0.106258$ & $0.851853$ & $0.842073$ & $-0.477213$ & $-0.994837$ & $0.00858136$ & $0.124782$ & $0.669605$ & $0.632672$ & $0.58982$ & $0.260601$ & $0.00409524$ & $0.031212$ & $1$ & $0.984548$ & $0.972805$ & $-0.0585932$ & $-0.181716$ & $0.0604604$ & $-0.670917$ & $0.20443$ & $0.431306$ & $0.0116053$ & $0.112261$ & $0.0587163$ & $-0.120715$ & $0.113335$ & $0.244627$ & $-0.0700939$ & $-0.00548305$ & $0.0331075$ & $0.0222155$ & $0.00738798$ & $0.0110615$ & $-0.0280409$ & $-0.000982732$ & $0.00962459$ & $0.0140014$ & $0.0550681$ & $0.0068913$ & $-0.0582622$ & $0.0183381$ & $-0.0334781$ \\
CHe_22 & $0.0217203$ & $-0.0664884$ & $0.0856649$ & $-0.00614663$ & $0.0125603$ & $-0.161919$ & $-0.104522$ & $0.882844$ & $0.872756$ & $-0.499591$ & $-0.994936$ & $0.00405693$ & $0.125612$ & $0.630587$ & $0.533658$ & $0.486886$ & $0.225599$ & $0.000116681$ & $0.0305926$ & $0.984548$ & $1$ & $0.986003$ & $-0.0159787$ & $-0.257085$ & $0.0466411$ & $-0.679945$ & $0.323098$ & $0.437596$ & $0.01188$ & $0.108518$ & $0.0587069$ & $-0.120528$ & $0.112812$ & $0.371454$ & $-0.0747041$ & $-0.00841271$ & $0.0420193$ & $0.0255694$ & $0.00293168$ & $0.0145267$ & $-0.0281014$ & $-0.000469058$ & $0.018055$ & $0.0150773$ & $0.052357$ & $0.0132196$ & $-0.0555289$ & $0.0149446$ & $-0.0264832$ \\
CHe_33 & $0.0222752$ & $-0.0721081$ & $0.0853509$ & $0.00550559$ & $0.013287$ & $-0.159896$ & $-0.103854$ & $0.873962$ & $0.863957$ & $-0.492685$ & $-0.982772$ & $0.00577484$ & $0.124637$ & $0.620277$ & $0.522917$ & $0.496499$ & $0.218784$ & $0.000291704$ & $0.029729$ & $0.972805$ & $0.986003$ & $1$ & $-0.0143358$ & $-0.25596$ & $0.0440704$ & $-0.6715$ & $0.322207$ & $0.432371$ & $0.00958606$ & $0.103308$ & $0.0601129$ & $-0.119685$ & $0.110402$ & $0.373283$ & $-0.0669696$ & $-0.00349581$ & $0.0411666$ & $0.0300486$ & $0.00881079$ & $0.0137196$ & $-0.0370992$ & $0.00135945$ & $0.0185108$ & $0.0124145$ & $0.0507828$ & $0.0146214$ & $-0.0501307$ & $0.0128647$ & $-0.0221913$ \\
CHQ1_11 & $-0.00541326$ & $-0.0301833$ & $-0.0281717$ & $0.00614761$ & $0.0354136$ & $0.0170658$ & $0.0132632$ & $0.0272397$ & $0.029228$ & $-0.0334679$ & $0.0379527$ & $-0.0180078$ & $-0.0189087$ & $-0.1012$ & $-0.173992$ & $-0.1843$ & $-0.0905627$ & $-0.0273152$ & $-0.0171439$ & $-0.0585932$ & $-0.0159787$ & $-0.0143358$ & $1$ & $-0.12732$ & $0.0495198$ & $-0.566978$ & $0.363065$ & $-0.00407849$ & $0.0253669$ & $-0.0253361$ & $0.00306618$ & $-0.00238697$ & $-0.0388055$ & $0.190922$ & $0.00853754$ & $-0.0117347$ & $0.0106715$ & $-0.00907375$ & $0.0687248$ & $0.0330697$ & $-0.00781916$ & $-0.0142371$ & $0.0265575$ & $-0.0425401$ & $-0.0154747$ & $0.000487161$ & $-0.0123689$ & $-0.0194092$ & $0.00580218$ \\
CHQ1_33 & $-0.0393727$ & $-0.0202929$ & $0.0122152$ & $0.01166$ & $0.0265436$ & $-0.12603$ & $-0.0826364$ & $-0.636684$ & $-0.63304$ & $0.380871$ & $0.21471$ & $0.0868411$ & $0.0933947$ & $0.457612$ & $0.029506$ & $0.0402489$ & $0.759156$ & $0.748829$ & $0.742273$ & $-0.181716$ & $-0.257085$ & $-0.25596$ & $-0.12732$ & $1$ & $0.759785$ & $0.17614$ & $-0.389084$ & $-0.0536943$ & $0.00600439$ & $0.0673042$ & $0.0459792$ & $-0.0805754$ & $0.0753838$ & $-0.624192$ & $0.0156761$ & $-0.0057853$ & $0.00402328$ & $-0.033535$ & $0.00957769$ & $-0.0155721$ & $-0.0207173$ & $0.0198422$ & $-0.00259656$ & $-0.00370148$ & $0.00266809$ & $0.00455761$ & $0.0178497$ & $-0.0267399$ & $-0.0411089$ \\
CHQ3_11 & $-0.0699076$ & $-0.0266775$ & $0.0172809$ & $0.0160702$ & $0.0117308$ & $-0.212597$ & $-0.094076$ & $-0.387284$ & $-0.386833$ & $0.241797$ & $-0.0568441$ & $0.0597503$ & $0.114546$ & $0.607191$ & $-0.0828131$ & $-0.0706874$ & $0.860077$ & $0.876053$ & $0.870431$ & $0.0604604$ & $0.0466411$ & $0.0440704$ & $0.0495198$ & $0.759785$ & $1$ & $-0.0373105$ & $0.124323$ & $-0.00823053$ & $0.00839884$ & $0.0755298$ & $0.0516201$ & $-0.101704$ & $0.0890204$ & $-0.255676$ & $-0.0174682$ & $-0.0291031$ & $0.0300799$ & $-0.0299129$ & $-0.00251318$ & $-0.00921299$ & $-0.0286276$ & $0.0176267$ & $0.0174243$ & $-0.0128301$ & $-0.00122914$ & $0.0289125$ & $-0.00991383$ & $-0.0312607$ & $-0.0436584$ \\
CHu_11 & $-0.0444937$ & $0.0793246$ & $-0.032418$ & $-0.00349567$ & $-0.0461982$ & $0.10612$ & $0.0882035$ & $-0.604036$ & $-0.59949$ & $0.347044$ & $0.67888$ & $-0.0136542$ & $-0.094646$ & $-0.433714$ & $-0.366925$ & $-0.340602$ & $-0.14745$ & $0.00304023$ & $-0.0145375$ & $-0.670917$ & $-0.679945$ & $-0.6715$ & $-0.566978$ & $0.17614$ & $-0.0373105$ & $1$ & $-0.208279$ & $-0.304269$ & $-0.0232126$ & $-0.0754318$ & $-0.0571795$ & $0.10948$ & $-0.0668312$ & $-0.24978$ & $0.0334578$ & $-0.0024188$ & $-0.0201395$ & $-0.0184572$ & $-0.0597902$ & $-0.0347773$ & $0.0371731$ & $0.000628269$ & $-0.0441154$ & $0.0229487$ & $-0.00760754$ & $-0.0042272$ & $0.0523326$ & $-0.0103533$ & $0.0273817$ \\
CHd_11 & $-0.0177128$ & $0.0108222$ & $0.00139809$ & $-0.0168293$ & $-0.0100891$ & $-0.0485909$ & $0.0253463$ & $0.389962$ & $0.387868$ & $-0.236178$ & $-0.25966$ & $-0.0554457$ & $-0.00433276$ & $-0.0585851$ & $-0.302205$ & $-0.323795$ & $-0.149086$ & $-0.0543558$ & $-0.03388$ & $0.20443$ & $0.323098$ & $0.322207$ & $0.363065$ & $-0.389084$ & $0.124323$ & $-0.208279$ & $1$ & $0.1167$ & $0.00294662$ & $-0.0175193$ & $5.41656e-05$ & $0.0112065$ & $-0.0162387$ & $0.677768$ & $-0.0448263$ & $-0.0140939$ & $0.02415$ & $0.0084717$ & $-0.0159893$ & $0.0190033$ & $-0.0301576$ & $-0.0194119$ & $0.0428209$ & $-0.0103186$ & $0.0170849$ & $0.0296627$ & $-0.0245442$ & $-0.0350312$ & $0.0131544$ \\
CHd_33 & $0.0111317$ & $-0.0254357$ & $0.0398854$ & $-0.00517023$ & $0.00967343$ & $-0.0595843$ & $-0.0843242$ & $0.397341$ & $0.391449$ & $-0.237998$ & $-0.436794$ & $0.0217778$ & $0.0719774$ & $0.269895$ & $0.236279$ & $0.221728$ & $0.0745844$ & $-0.0193689$ & $-0.0107709$ & $0.431306$ & $0.437596$ & $0.432371$ & $-0.00407849$ & $-0.0536943$ & $-0.00823053$ & $-0.304269$ & $0.1167$ & $1$ & $0.0284871$ & $0.0662744$ & $0.0430475$ & $-0.0902508$ & $0.0671195$ & $0.165754$ & $-0.0606271$ & $-0.00708304$ & $0.0527263$ & $0.0596517$ & $0.0386279$ & $0.0405521$ & $-0.00751654$ & $-0.0196947$ & $0.0238958$ & $-0.025962$ & $0.0238325$ & $1.22469e-05$ & $-0.0245012$ & $-0.00768117$ & $0.0292323$ \\
CeH_22r & $0.0293629$ & $0.0132279$ & $0.000906533$ & $0.0129684$ & $0.0311836$ & $-0.0179822$ & $-0.152223$ & $0.00459364$ & $0.00667637$ & $-0.0563078$ & $-0.01078$ & $0.186311$ & $0.204697$ & $0.00514286$ & $0.0113362$ & $0.000477346$ & $0.0180933$ & $0.00440643$ & $0.0124479$ & $0.0116053$ & $0.01188$ & $0.00958606$ & $0.0253669$ & $0.00600439$ & $0.00839884$ & $-0.0232126$ & $0.00294662$ & $0.0284871$ & $1$ & $0.152375$ & $0.0832962$ & $-0.147069$ & $0.150425$ & $-0.00231783$ & $-0.066278$ & $-0.0208433$ & $0.0709586$ & $0.0194274$ & $-0.0125463$ & $-0.00278151$ & $0.00674332$ & $0.0262928$ & $0.00964467$ & $0.0255469$ & $0.0376691$ & $0.0217768$ & $-0.0328038$ & $0.00817408$ & $-0.0315342$ \\
CeH_33r & $-0.0481754$ & $0.0267544$ & $0.0139347$ & $-0.0407205$ & $0.0209374$ & $-0.0160099$ & $-0.565713$ & $0.052327$ & $0.0656261$ & $-0.239555$ & $-0.110263$ & $0.68388$ & $0.708253$ & $0.133575$ & $0.0703125$ & $0.0677038$ & $0.109406$ & $0.0791604$ & $0.0809201$ & $0.112261$ & $0.108518$ & $0.103308$ & $-0.0253361$ & $0.0673042$ & $0.0755298$ & $-0.0754318$ & $-0.0175193$ & $0.0662744$ & $0.152375$ & $1$ & $0.498584$ & $-0.424731$ & $0.845752$ & $-0.00937556$ & $-0.095467$ & $-0.00568176$ & $0.047419$ & $-0.0413988$ & $-0.110655$ & $0.0478264$ & $-0.0107072$ & $-0.0339598$ & $0.0178873$ & $0.00962564$ & $0.0503341$ & $0.0573357$ & $-0.0047638$ & $0.00150005$ & $-0.117366$ \\
CuH_22r & $-0.0471354$ & $0.0477416$ & $0.0304604$ & $-0.0155214$ & $0.0100781$ & $-0.0272117$ & $-0.35208$ & $0.0243427$ & $0.0326892$ & $-0.14517$ & $-0.0579411$ & $0.423945$ & $0.433514$ & $0.0755721$ & $0.0406264$ & $0.0222918$ & $0.06179$ & $0.0429867$ & $0.0595926$ & $0.0587163$ & $0.0587069$ & $0.0601129$ & $0.00306618$ & $0.0459792$ & $0.0516201$ & $-0.0571795$ & $5.41656e-05$ & $0.0430475$ & $0.0832962$ & $0.498584$ & $1$ & $-0.253266$ & $0.537241$ & $-0.0133211$ & $0.000762691$ & $-0.034344$ & $0.00455816$ & $0.028649$ & $-0.0158075$ & $0.0357585$ & $0.0128316$ & $-0.00793657$ & $0.0207849$ & $0.000757176$ & $-0.0417571$ & $0.157808$ & $0.264334$ & $-0.0235684$ & $-0.0644213$ \\
CuH_33r & $0.0606763$ & $0.0641975$ & $-0.00319226$ & $-0.00964159$ & $-0.0227737$ & $0.0184619$ & $0.957114$ & $-0.0516707$ & $-0.0285479$ & $0.214708$ & $0.123633$ & $-0.615256$ & $-0.689591$ & $-0.162125$ & $-0.0620793$ & $-0.0332229$ & $-0.138689$ & $-0.110131$ & $-0.131702$ & $-0.120715$ & $-0.120528$ & $-0.119685$ & $-0.00238697$ & $-0.0805754$ & $-0.101704$ & $0.10948$ & $0.0112065$ & $-0.0902508$ & $-0.147069$ & $-0.424731$ & $-0.253266$ & $1$ & $-0.432799$ & $0.00591421$ & $0.145974$ & $0.0334576$ & $-0.122684$ & $-0.0129127$ & $0.0318505$ & $-0.0174469$ & $0.0841665$ & $-0.00684268$ & $-0.0555063$ & $-0.00438221$ & $-0.0320968$ & $-0.116063$ & $-0.0538413$ & $0.0264855$ & $0.102247$ \\
CdH_33r & $-0.0153751$ & $0.079655$ & $0.0257744$ & $-0.0542267$ & $0.0254338$ & $-0.0254212$ & $-0.592121$ & $0.0461938$ & $0.0593148$ & $-0.247962$ & $-0.11299$ & $0.709836$ & $0.727277$ & $0.144801$ & $0.0624601$ & $0.0528005$ & $0.130499$ & $0.099131$ & $0.105213$ & $0.113335$ & $0.112812$ & $0.110402$ & $-0.0388055$ & $0.0753838$ & $0.0890204$ & $-0.0668312$ & $-0.0162387$ & $0.0671195$ & $0.150425$ & $0.845752$ & $0.537241$ & $-0.432799$ & $1$ & $-0.00257271$ & $-0.126633$ & $-0.0021747$ & $0.0626921$ & $-0.0156241$ & $-0.129168$ & $0.0412173$ & $-0.0106787$ & $-0.0502889$ & $-0.0142269$ & $-0.00117331$ & $0.0338124$ & $0.0530131$ & $0.0173333$ & $0.0522775$ & $0.098502$ \\
CLL_1221 & $-0.0060055$ & $0.0179957$ & $-0.016271$ & $-0.014122$ & $-0.0158995$ & $-0.0931644$ & $0.0172965$ & $0.520903$ & $0.519035$ & $-0.315023$ & $-0.302886$ & $-0.035931$ & $0.00742978$ & $-0.192481$ & $-0.468266$ & $-0.0648246$ & $-0.278414$ & $-0.093906$ & $-0.364604$ & $0.244627$ & $0.371454$ & $0.373283$ & $0.190922$ & $-0.624192$ & $-0.255676$ & $-0.24978$ & $0.677768$ & $0.165754$ & $-0.00231783$ & $-0.00937556$ & $-0.0133211$ & $0.00591421$ & $-0.00257271$ & $1$ & $-0.0411761$ & $-0.00856972$ & $0.0531691$ & $0.0362304$ & $-0.0100578$ & $0.0149596$ & $-0.0143662$ & $-0.0171954$ & $0.0601586$ & $-0.00279179$ & $-0.0125665$ & $0.0265069$ & $-0.0158893$ & $-0.0054374$ & $0.018889$ \\
eHggint & $-0.0630205$ & $-0.0150714$ & $-0.124016$ & $0.0643464$ & $-0.0281831$ & $0.0225581$ & $0.104254$ & $-0.0592821$ & $-0.059149$ & $0.0638748$ & $0.0710435$ & $-0.0820764$ & $-0.0742851$ & $-0.0395489$ & $-0.0281212$ & $-0.00361102$ & $-0.037056$ & $-0.012393$ & $-0.0230421$ & $-0.0700939$ & $-0.0747041$ & $-0.0669696$ & $0.00853754$ & $0.0156761$ & $-0.0174682$ & $0.0334578$ & $-0.0448263$ & $-0.0606271$ & $-0.066278$ & $-0.095467$ & $0.000762691$ & $0.145974$ & $-0.126633$ & $-0.0411761$ & $1$ & $0.0210885$ & $-0.115202$ & $-0.014866$ & $0.181508$ & $0.00703357$ & $-0.162008$ & $0.00795322$ & $0.106344$ & $0.201604$ & $-0.219394$ & $0.374939$ & $0.158874$ & $-0.305086$ & $-0.0481194$ \\
eHggpar & $-0.0537976$ & $-0.0538116$ & $0.0903991$ & $0.132936$ & $0.0307554$ & $0.0615191$ & $0.0154392$ & $0.00624463$ & $0.00173688$ & $0.00572897$ & $0.00868072$ & $0.0636582$ & $0.00796185$ & $-0.0262015$ & $0.0117324$ & $0.00303483$ & $-0.0274$ & $-0.0332868$ & $-0.0288586$ & $-0.00548305$ & $-0.00841271$ & $-0.00349581$ & $-0.0117347$ & $-0.0057853$ & $-0.0291031$ & $-0.0024188$ & $-0.0140939$ & $-0.00708304$ & $-0.0208433$ & $-0.00568176$ & $-0.034344$ & $0.0334576$ & $-0.0021747$ & $-0.00856972$ & $0.0210885$ & $1$ & $0.0788195$ & $0.0176991$ & $0.0412652$ & $-0.0176343$ & $-0.128028$ & $0.0110963$ & $-0.0457777$ & $-0.158236$ & $0.104714$ & $0.117381$ & $-0.0921961$ & $0.143646$ & $0.0477285$ \\
eHWWint & $-0.131271$ & $0.132025$ & $0.0930935$ & $0.0527092$ & $-0.04784$ & $-0.0201166$ & $-0.115744$ & $0.0218146$ & $0.0245968$ & $-0.0300921$ & $-0.0363902$ & $0.185087$ & $0.169909$ & $0.0367017$ & $-0.0202675$ & $-0.0158628$ & $0.039261$ & $0.0429182$ & $0.0362395$ & $0.0331075$ & $0.0420193$ & $0.0411666$ & $0.0106715$ & $0.00402328$ & $0.0300799$ & $-0.0201395$ & $0.02415$ & $0.0527263$ & $0.0709586$ & $0.047419$ & $0.00455816$ & $-0.122684$ & $0.0626921$ & $0.0531691$ & $-0.115202$ & $0.0788195$ & $1$ & $-0.0339467$ & $0.0015741$ & $0.00406509$ & $0.164308$ & $0.0233869$ & $0.158271$ & $0.0303521$ & $0.205098$ & $0.207905$ & $-0.024809$ & $-0.00175743$ & $0.161845$ \\
eHWWpar & $-0.0101502$ & $-0.0109638$ & $0.0720364$ & $-0.0181833$ & $-0.0044619$ & $0.0053706$ & $0.00248986$ & $0.0361957$ & $0.0352354$ & $-0.0229375$ & $-0.0238699$ & $-0.0107783$ & $-0.0119342$ & $-0.00014971$ & $-0.00817166$ & $0.00361281$ & $-0.0254843$ & $-0.0158271$ & $-0.0195923$ & $0.0222155$ & $0.0255694$ & $0.0300486$ & $-0.00907375$ & $-0.033535$ & $-0.0299129$ & $-0.0184572$ & $0.0084717$ & $0.0596517$ & $0.0194274$ & $-0.0413988$ & $0.028649$ & $-0.0129127$ & $-0.0156241$ & $0.0362304$ & $-0.014866$ & $0.0176991$ & $-0.0339467$ & $1$ & $0.0626916$ & $-0.0509339$ & $-0.00536537$ & $0.00900026$ & $-0.0198863$ & $0.0121943$ & $-0.0630052$ & $0.00967922$ & $0.143378$ & $-0.0195404$ & $0.048572$ \\
eHZZint & $-0.00926329$ & $0.0398064$ & $0.0349479$ & $0.125976$ & $0.0125785$ & $-0.00571396$ & $0.0452669$ & $0.000413672$ & $2.93131e-05$ & $0.0612841$ & $-0.00285424$ & $-0.116834$ & $-0.109391$ & $0.00231314$ & $0.00984546$ & $0.0224885$ & $-0.00124533$ & $0.000321507$ & $-0.00333255$ & $0.00738798$ & $0.00293168$ & $0.00881079$ & $0.0687248$ & $0.00957769$ & $-0.00251318$ & $-0.0597902$ & $-0.0159893$ & $0.0386279$ & $-0.0125463$ & $-0.110655$ & $-0.0158075$ & $0.0318505$ & $-0.129168$ & $-0.0100578$ & $0.181508$ & $0.0412652$ & $0.0015741$ & $0.0626916$ & $1$ & $-0.0351545$ & $-0.128591$ & $-0.00277793$ & $0.105727$ & $-0.0427162$ & $-0.00437459$ & $0.211819$ & $0.00556424$ & $-0.0810503$ & $-0.0409399$ \\
eHZZpar & $0.00299108$ & $-0.0736038$ & $0.0229648$ & $-0.0154082$ & $-0.0232167$ & $-0.0123774$ & $-0.0291231$ & $0.0217796$ & $0.0199106$ & $-0.0088365$ & $-0.0148624$ & $0.0142888$ & $0.0251755$ & $0.00457843$ & $0.000431181$ & $0.00453698$ & $-0.0162095$ & $-0.0108053$ & $-0.0134343$ & $0.0110615$ & $0.0145267$ & $0.0137196$ & $0.0330697$ & $-0.0155721$ & $-0.00921299$ & $-0.0347773$ & $0.0190033$ & $0.0405521$ & $-0.00278151$ & $0.0478264$ & $0.0357585$ & $-0.0174469$ & $0.0412173$ & $0.0149596$ & $0.00703357$ & $-0.0176343$ & $0.00406509$ & $-0.0509339$ & $-0.0351545$ & $1$ & $0.0865841$ & $0.0239961$ & $0.00731354$ & $0.0218314$ & $0.0192284$ & $0.010174$ & $-0.0663412$ & $0.00934885$ & $-0.0480427$ \\
eHZgaint & $-0.0959049$ & $0.102785$ & $0.106911$ & $0.0417792$ & $-0.00160976$ & $-0.0167097$ & $0.0903647$ & $-0.0150007$ & $-0.0236391$ & $-0.0211621$ & $0.0291976$ & $-0.0432201$ & $-0.045517$ & $-0.0260301$ & $0.0011361$ & $-0.00863141$ & $-0.0293157$ & $-0.0296422$ & $-0.0321026$ & $-0.0280409$ & $-0.0281014$ & $-0.0370992$ & $-0.00781916$ & $-0.0207173$ & $-0.0286276$ & $0.0371731$ & $-0.0301576$ & $-0.00751654$ & $0.00674332$ & $-0.0107072$ & $0.0128316$ & $0.0841665$ & $-0.0106787$ & $-0.0143662$ & $-0.162008$ & $-0.128028$ & $0.164308$ & $-0.00536537$ & $-0.128591$ & $0.0865841$ & $1$ & $0.0222387$ & $-0.250237$ & $-0.0530646$ & $0.0946937$ & $0.0281293$ & $0.13427$ & $0.174745$ & $0.00112863$ \\
eHZgapar & $0.0135119$ & $-0.0442227$ & $-0.0291182$ & $-0.025825$ & $-0.0171051$ & $0.00768793$ & $-0.00039157$ & $-0.0128791$ & $-0.0175694$ & $0.0134553$ & $0.000420113$ & $-0.0314292$ & $-0.0238889$ & $0.01827$ & $0.00554791$ & $-0.00804108$ & $0.0273109$ & $0.0198199$ & $0.0298265$ & $-0.000982732$ & $-0.000469058$ & $0.00135945$ & $-0.0142371$ & $0.0198422$ & $0.0176267$ & $0.000628269$ & $-0.0194119$ & $-0.0196947$ & $0.0262928$ & $-0.0339598$ & $-0.00793657$ & $-0.00684268$ & $-0.0502889$ & $-0.0171954$ & $0.00795322$ & $0.0110963$ & $0.0233869$ & $0.00900026$ & $-0.00277793$ & $0.0239961$ & $0.0222387$ & $1$ & $0.0265098$ & $0.0275852$ & $-0.00697675$ & $0.0273602$ & $0.0327983$ & $-0.0109712$ & $-0.0460744$ \\
eHgagaint & $-0.0689524$ & $0.065168$ & $-0.122328$ & $-0.158071$ & $0.0180795$ & $-0.0219055$ & $-0.0537019$ & $0.0119448$ & $0.0522619$ & $-0.0326051$ & $-0.0107368$ & $0.087351$ & $0.0821616$ & $-0.00108867$ & $-0.0455051$ & $-0.0234858$ & $0.00680791$ & $0.0257165$ & $0.012196$ & $0.00962459$ & $0.018055$ & $0.0185108$ & $0.0265575$ & $-0.00259656$ & $0.0174243$ & $-0.0441154$ & $0.0428209$ & $0.0238958$ & $0.00964467$ & $0.0178873$ & $0.0207849$ & $-0.0555063$ & $-0.0142269$ & $0.0601586$ & $0.106344$ & $-0.0457777$ & $0.158271$ & $-0.0198863$ & $0.105727$ & $0.00731354$ & $-0.250237$ & $0.0265098$ & $1$ & $-0.0647368$ & $-0.135945$ & $0.177847$ & $-0.0552107$ & $-0.22775$ & $-0.0659172$ \\
eHmumuint & $0.0127561$ & $0.0674829$ & $0.0922125$ & $-0.216568$ & $-0.0157815$ & $0.00483499$ & $-0.00442851$ & $0.0137329$ & $0.0100807$ & $0.00261863$ & $-0.0147146$ & $-0.0340634$ & $0.00866306$ & $0.0222966$ & $0.0131102$ & $0.0201756$ & $-0.00789101$ & $-0.00425088$ & $-0.00916135$ & $0.0140014$ & $0.0150773$ & $0.0124145$ & $-0.0425401$ & $-0.00370148$ & $-0.0128301$ & $0.0229487$ & $-0.0103186$ & $-0.025962$ & $0.0255469$ & $0.00962564$ & $0.000757176$ & $-0.00438221$ & $-0.00117331$ & $-0.00279179$ & $0.201604$ & $-0.158236$ & $0.0303521$ & $0.0121943$ & $-0.0427162$ & $0.0218314$ & $-0.0530646$ & $0.0275852$ & $-0.0647368$ & $1$ & $0.139884$ & $0.0193494$ & $-0.0182654$ & $-0.115134$ & $0.0357678$ \\
eHtautauint & $-0.0133222$ & $0.0279718$ & $0.208056$ & $0.00604996$ & $-0.0433032$ & $0.00462559$ & $-0.031156$ & $0.0469697$ & $0.0414913$ & $-0.0426641$ & $-0.0528098$ & $0.0072982$ & $0.0397959$ & $0.0397107$ & $0.0561083$ & $0.0139263$ & $0.00471045$ & $-0.0180635$ & $0.00401208$ & $0.0550681$ & $0.052357$ & $0.0507828$ & $-0.0154747$ & $0.00266809$ & $-0.00122914$ & $-0.00760754$ & $0.0170849$ & $0.0238325$ & $0.0376691$ & $0.0503341$ & $-0.0417571$ & $-0.0320968$ & $0.0338124$ & $-0.0125665$ & $-0.219394$ & $0.104714$ & $0.205098$ & $-0.0630052$ & $-0.00437459$ & $0.0192284$ & $0.0946937$ & $-0.00697675$ & $-0.135945$ & $0.139884$ & $1$ & $0.00245417$ & $-0.133948$ & $-0.0087178$ & $0.0546015$ \\
eHccint & $-0.186168$ & $0.163533$ & $-0.0272897$ & $0.160046$ & $-0.0157562$ & $0.00360516$ & $-0.138955$ & $0.00253171$ & $0.00153999$ & $-0.0413271$ & $-0.00718141$ & $0.149494$ & $0.156197$ & $0.0194811$ & $-0.0270896$ & $-0.0235598$ & $0.00339554$ & $0.0234013$ & $0.0240673$ & $0.0068913$ & $0.0132196$ & $0.0146214$ & $0.000487161$ & $0.00455761$ & $0.0289125$ & $-0.0042272$ & $0.0296627$ & $1.22469e-05$ & $0.0217768$ & $0.0573357$ & $0.157808$ & $-0.116063$ & $0.0530131$ & $0.0265069$ & $0.374939$ & $0.117381$ & $0.207905$ & $0.00967922$ & $0.211819$ & $0.010174$ & $0.0281293$ & $0.0273602$ & $0.177847$ & $0.0193494$ & $0.00245417$ & $1$ & $0.271213$ & $-0.154259$ & $-0.0161168$ \\
eHccpar & $-0.0369534$ & $-0.0407855$ & $0.0256942$ & $-0.00804472$ & $0.0270411$ & $-0.00432723$ & $-0.0498166$ & $-0.0489591$ & $-0.0541705$ & $0.00665502$ & $0.0549809$ & $0.0468284$ & $0.030286$ & $-0.0261454$ & $-0.0434238$ & $-0.0478787$ & $-0.0152171$ & $0.00673972$ & $0.00760456$ & $-0.0582622$ & $-0.0555289$ & $-0.0501307$ & $-0.0123689$ & $0.0178497$ & $-0.00991383$ & $0.0523326$ & $-0.0245442$ & $-0.0245012$ & $-0.0328038$ & $-0.0047638$ & $0.264334$ & $-0.0538413$ & $0.0173333$ & $-0.0158893$ & $0.158874$ & $-0.0921961$ & $-0.024809$ & $0.143378$ & $0.00556424$ & $-0.0663412$ & $0.13427$ & $0.0327983$ & $-0.0552107$ & $-0.0182654$ & $-0.133948$ & $0.271213$ & $1$ & $-0.147404$ & $0.119696$ \\
eHbbint & $-0.031753$ & $0.22146$ & $0.0200269$ & $0.193$ & $0.0421906$ & $-0.00193114$ & $0.02807$ & $0.0189511$ & $0.0138809$ & $0.00486376$ & $-0.0119172$ & $0.0233631$ & $-0.019542$ & $-0.00954793$ & $0.040604$ & $0.0315971$ & $-0.00963527$ & $-0.0346866$ & $-0.0284655$ & $0.0183381$ & $0.0149446$ & $0.0128647$ & $-0.0194092$ & $-0.0267399$ & $-0.0312607$ & $-0.0103533$ & $-0.0350312$ & $-0.00768117$ & $0.00817408$ & $0.00150005$ & $-0.0235684$ & $0.0264855$ & $0.0522775$ & $-0.0054374$ & $-0.305086$ & $0.143646$ & $-0.00175743$ & $-0.0195404$ & $-0.0810503$ & $0.00934885$ & $0.174745$ & $-0.0109712$ & $-0.22775$ & $-0.115134$ & $-0.0087178$ & $-0.154259$ & $-0.147404$ & $1$ & $-0.216339$ \\
eHbbpar & $0.135899$ & $0.127134$ & $0.0389748$ & $-0.130186$ & $-0.0359865$ & $0.0221192$ & $0.11566$ & $-0.00795052$ & $-0.00927873$ & $0.0446102$ & $0.0297804$ & $-0.131324$ & $-0.151594$ & $-0.0415683$ & $-0.0290404$ & $-0.0476041$ & $-0.0428935$ & $-0.033357$ & $-0.0216113$ & $-0.0334781$ & $-0.0264832$ & $-0.0221913$ & $0.00580218$ & $-0.0411089$ & $-0.0436584$ & $0.0273817$ & $0.0131544$ & $0.0292323$ & $-0.0315342$ & $-0.117366$ & $-0.0644213$ & $0.102247$ & $0.098502$ & $0.018889$ & $-0.0481194$ & $0.0477285$ & $0.161845$ & $0.048572$ & $-0.0409399$ & $-0.0480427$ & $0.00112863$ & $-0.0460744$ & $-0.0659172$ & $0.0357678$ & $0.0546015$ & $-0.0161168$ & $0.119696$ & $-0.216339$ & $1$ \\
