 & AlsMz & dAle5Mz & mtop & mHl & Mz & CW & CHG & CHWB & CHWHB_gaga & CHWHB_gagaorth & CHD & CHbox & CH & CHL1_11 & CHL1_22 & CHL1_33 & CHL3_11 & CHL3_22 & CHL3_33 & CHe_11 & CHe_22 & CHe_33 & CHQ1_11 & CHQ1_33 & CHQ3_11 & CHu_11 & CHd_11 & CHd_33 & CeH_22r & CeH_33r & CuH_22r & CuH_33r & CdH_33r & CLL_1221 & eHggint & eHggpar & eHWWint & eHWWpar & eHZZint & eHZZpar & eHZgaint & eHZgapar & eHgagaint & eHmumuint & eHtautauint & eHccint & eHccpar & eHbbint & eHbbpar \\
AlsMz & $1$ & $-0.00181329$ & $0.0751381$ & $0.0597767$ & $-0.046427$ & $-0.00919442$ & $-0.00209475$ & $0.011764$ & $0.0157696$ & $-0.00148605$ & $-0.0207677$ & $0.0152074$ & $-0.0161738$ & $-0.00713927$ & $0.0168818$ & $0.00607556$ & $0.0293694$ & $0.00153812$ & $0.000298768$ & $0.0170088$ & $0.0154705$ & $0.00533987$ & $0.0385123$ & $-0.0483374$ & $-0.0988902$ & $-0.0621141$ & $-0.0465966$ & $0.0310936$ & $0.0517749$ & $0.02041$ & $0.0562938$ & $-0.0215392$ & $0.0203816$ & $0.0142888$ & $-0.0863896$ & $0.0713473$ & $-0.101212$ & $-0.0139644$ & $-0.0383102$ & $-0.0155683$ & $-0.0200472$ & $0.0190582$ & $-0.0535392$ & $-0.0431452$ & $-0.005022$ & $-0.000668169$ & $-0.0395191$ & $-0.0874523$ & $0.051954$ \\
dAle5Mz & $-0.00181329$ & $1$ & $-0.00959896$ & $0.18625$ & $-0.0232652$ & $0.0137539$ & $0.062715$ & $-0.0905866$ & $-0.0837592$ & $0.0228349$ & $0.0944381$ & $0.0631385$ & $-0.0679251$ & $-0.0723784$ & $-0.0656937$ & $-0.0602222$ & $-0.0237365$ & $-0.00668738$ & $-0.00534429$ & $-0.0770579$ & $-0.0719749$ & $-0.0721366$ & $0.0215574$ & $0.0026246$ & $0.0113473$ & $0.0725029$ & $0.0525212$ & $-0.0372241$ & $-0.0542443$ & $-0.067671$ & $-0.0606021$ & $0.0519199$ & $-0.16127$ & $0.0415499$ & $-0.032969$ & $-0.0711152$ & $0.0777994$ & $-0.0354998$ & $0.0276826$ & $0.00251684$ & $0.150002$ & $0.00324059$ & $0.11275$ & $-0.119876$ & $0.00807485$ & $-0.00945793$ & $0.000396996$ & $-0.158715$ & $-0.1413$ \\
mtop & $0.0751381$ & $-0.00959896$ & $1$ & $-0.0906807$ & $0.00295418$ & $0.0419353$ & $-0.0563695$ & $-0.0280989$ & $-0.0264902$ & $0.0370393$ & $0.00494421$ & $-0.0679712$ & $0.0688815$ & $0.036406$ & $0.00910396$ & $0.00898879$ & $0.0550894$ & $0.0478064$ & $0.0437166$ & $0.00198529$ & $-0.00258787$ & $-0.00307048$ & $-0.00465323$ & $0.059833$ & $0.033841$ & $-0.00634229$ & $-0.0420042$ & $-0.0213433$ & $0.0640447$ & $0.0330438$ & $0.0509721$ & $-0.0548803$ & $0.0368421$ & $-0.0373266$ & $0.0653656$ & $0.0512732$ & $-0.00131799$ & $-0.00123622$ & $-0.0339486$ & $-0.0248984$ & $-0.0505091$ & $-0.0100017$ & $0.0454945$ & $0.0136318$ & $-0.0473179$ & $-0.0296437$ & $0.00851337$ & $0.0948971$ & $-0.0241009$ \\
mHl & $0.0597767$ & $0.18625$ & $-0.0906807$ & $1$ & $0.0338213$ & $-0.0408759$ & $0.0246656$ & $-0.0340591$ & $-0.032602$ & $-0.00432326$ & $0.0161947$ & $0.0156393$ & $-0.0173169$ & $0.0118558$ & $-0.0321919$ & $-0.0662358$ & $0.0396276$ & $0.0444775$ & $0.0714034$ & $-0.0170348$ & $-0.00914303$ & $-0.00813334$ & $-0.0167239$ & $0.021546$ & $0.0347917$ & $0.0251346$ & $0.0183718$ & $-0.0548902$ & $-0.0285994$ & $-0.033893$ & $-0.0274441$ & $0.0294627$ & $-0.0807079$ & $0.0130987$ & $0.0289986$ & $0.0831729$ & $0.0908344$ & $-0.0163656$ & $0.0500883$ & $-0.0257144$ & $0.0940433$ & $0.0205758$ & $0.0957205$ & $-0.153319$ & $-0.0314839$ & $-0.141204$ & $0.0766079$ & $-0.214333$ & $-0.0946678$ \\
Mz & $-0.046427$ & $-0.0232652$ & $0.00295418$ & $0.0338213$ & $1$ & $0.0219784$ & $0.0240378$ & $-0.0315146$ & $-0.028525$ & $-0.0169805$ & $0.0398819$ & $-0.0175105$ & $0.0190797$ & $-0.0257714$ & $0.0242999$ & $0.00169409$ & $-0.0149375$ & $-0.0263012$ & $-0.0143129$ & $-0.0295179$ & $-0.03535$ & $-0.0423517$ & $-0.0240162$ & $0.0195526$ & $-0.00702914$ & $0.0592125$ & $-0.0286055$ & $-0.0339116$ & $0.023914$ & $0.0331945$ & $0.0398919$ & $0.0440482$ & $0.0441633$ & $-0.0637779$ & $0.0485615$ & $0.0814828$ & $0.00391812$ & $0.040149$ & $0.0293047$ & $0.0558004$ & $0.000431229$ & $-0.00453844$ & $-0.00465329$ & $-0.0405732$ & $-0.0441308$ & $-0.0445307$ & $0.0193663$ & $0.0409488$ & $0.00380686$ \\
CW & $-0.00919442$ & $0.0137539$ & $0.0419353$ & $-0.0408759$ & $0.0219784$ & $1$ & $0.0583958$ & $-0.0198207$ & $-0.0180728$ & $0.00115016$ & $0.124423$ & $0.0507253$ & $-0.0392823$ & $-0.0118673$ & $-0.0315548$ & $-0.072653$ & $-0.38976$ & $-0.197594$ & $-0.173926$ & $-0.119263$ & $-0.129192$ & $-0.136263$ & $-0.0523515$ & $-0.130612$ & $-0.225891$ & $0.120607$ & $-0.075903$ & $-0.074202$ & $0.017036$ & $-0.0508619$ & $-0.0198676$ & $0.0608899$ & $-0.010035$ & $-0.133432$ & $0.0427485$ & $-0.0871035$ & $-0.0309136$ & $0.0639192$ & $-0.134951$ & $-0.0182069$ & $0.0118093$ & $-0.000984493$ & $-0.00366267$ & $0.00984078$ & $-0.027076$ & $-0.0370869$ & $0.029881$ & $0.0742488$ & $0.0129644$ \\
CHG & $-0.00209475$ & $0.062715$ & $-0.0563695$ & $0.0246656$ & $0.0240378$ & $0.0583958$ & $1$ & $-0.00168029$ & $0.0138157$ & $0.13169$ & $0.0731503$ & $0.789545$ & $-0.797736$ & $-0.136891$ & $0.00298195$ & $-0.034362$ & $-0.147662$ & $-0.154059$ & $-0.126443$ & $-0.0696689$ & $-0.0690032$ & $-0.067343$ & $-0.000254518$ & $-0.0987775$ & $-0.142445$ & $0.0498524$ & $-0.00942161$ & $-0.112545$ & $-0.145394$ & $-0.588312$ & $-0.333826$ & $0.948594$ & $-0.602906$ & $-0.00497835$ & $-0.153302$ & $-0.0998594$ & $0.0132649$ & $-0.00773382$ & $-0.0353038$ & $0.0134088$ & $0.0345382$ & $0.0381869$ & $0.0562578$ & $-0.0115692$ & $-0.0318503$ & $0.00577222$ & $-0.0484149$ & $0.0109639$ & $-0.0552583$ \\
CHWB & $0.011764$ & $-0.0905866$ & $-0.0280989$ & $-0.0340591$ & $-0.0315146$ & $-0.0198207$ & $-0.00168029$ & $1$ & $0.989767$ & $-0.57091$ & $-0.886286$ & $-0.0381667$ & $0.00292833$ & $0.317834$ & $0.503228$ & $0.490643$ & $-0.187293$ & $-0.385644$ & $-0.380435$ & $0.871388$ & $0.897859$ & $0.889245$ & $0.0232426$ & $-0.626618$ & $-0.34037$ & $-0.611938$ & $0.421635$ & $0.430695$ & $-0.0112958$ & $0.0147501$ & $0.050958$ & $-0.0143803$ & $0.0219436$ & $0.53785$ & $-0.0311927$ & $-0.0511571$ & $-0.0917895$ & $-0.00151111$ & $0.0743317$ & $-0.0426538$ & $-0.0269422$ & $-0.0307396$ & $0.00107475$ & $-0.0244853$ & $-0.0811593$ & $-0.0338429$ & $0.00984201$ & $0.0428901$ & $0.0185078$ \\
CHWHB_gaga & $0.0157696$ & $-0.0837592$ & $-0.0264902$ & $-0.032602$ & $-0.028525$ & $-0.0180728$ & $0.0138157$ & $0.989767$ & $1$ & $-0.561386$ & $-0.872851$ & $-0.0449308$ & $0.0120101$ & $0.305886$ & $0.493326$ & $0.483458$ & $-0.194006$ & $-0.388112$ & $-0.384518$ & $0.858335$ & $0.884916$ & $0.875904$ & $0.0194349$ & $-0.625811$ & $-0.344253$ & $-0.600534$ & $0.420135$ & $0.430198$ & $0.00190217$ & $0.040691$ & $0.0700613$ & $0.000308714$ & $0.0425536$ & $0.537048$ & $-0.0461357$ & $-0.0626843$ & $-0.100569$ & $-0.000917736$ & $0.0678905$ & $-0.0338088$ & $-0.0226954$ & $-0.0300582$ & $0.0554127$ & $-0.0187442$ & $-0.0805038$ & $-0.0292984$ & $0.00832646$ & $0.0470897$ & $0.00673646$ \\
CHWHB_gagaorth & $-0.00148605$ & $0.0228349$ & $0.0370393$ & $-0.00432326$ & $-0.0169805$ & $0.00115016$ & $0.13169$ & $-0.57091$ & $-0.561386$ & $1$ & $0.481878$ & $0.241618$ & $-0.179766$ & $-0.122924$ & $-0.260562$ & $-0.278219$ & $0.143615$ & $0.25393$ & $0.269453$ & $-0.474385$ & $-0.491135$ & $-0.486799$ & $0.0122756$ & $0.382761$ & $0.236754$ & $0.307963$ & $-0.253171$ & $-0.253629$ & $-0.03271$ & $-0.142535$ & $-0.120713$ & $0.154189$ & $-0.177828$ & $-0.341458$ & $0.0400843$ & $0.0155061$ & $0.025036$ & $-0.0282492$ & $-0.0293428$ & $0.0329251$ & $-0.0147769$ & $0.0145519$ & $0.00833228$ & $0.0250598$ & $0.0890454$ & $0.055138$ & $-0.0250464$ & $-0.0505476$ & $-0.0373946$ \\
CHD & $-0.0207677$ & $0.0944381$ & $0.00494421$ & $0.0161947$ & $0.0398819$ & $0.124423$ & $0.0731503$ & $-0.886286$ & $-0.872851$ & $0.481878$ & $1$ & $0.119943$ & $-0.0743393$ & $-0.683581$ & $-0.600902$ & $-0.583645$ & $-0.259657$ & $-0.0227267$ & $-0.0255734$ & $-0.995254$ & $-0.995441$ & $-0.983817$ & $-0.00533765$ & $0.238546$ & $-0.0703917$ & $0.705771$ & $-0.300919$ & $-0.469307$ & $0.012752$ & $-0.0396448$ & $-0.0579409$ & $0.0970362$ & $-0.0744868$ & $-0.348612$ & $0.05562$ & $0.0357657$ & $0.0859916$ & $0.0236786$ & $-0.0954536$ & $0.0516219$ & $0.0421684$ & $0.0436295$ & $0.0208265$ & $0.014624$ & $0.0808394$ & $0.0137655$ & $0.00485863$ & $-0.0516248$ & $-0.0470883$ \\
CHbox & $0.0152074$ & $0.0631385$ & $-0.0679712$ & $0.0156393$ & $-0.0175105$ & $0.0507253$ & $0.789545$ & $-0.0381667$ & $-0.0449308$ & $0.241618$ & $0.119943$ & $1$ & $-0.990425$ & $-0.172382$ & $-0.00393845$ & $-0.0528381$ & $-0.176486$ & $-0.177542$ & $-0.143088$ & $-0.115624$ & $-0.117715$ & $-0.110682$ & $-0.00635126$ & $-0.0975492$ & $-0.152108$ & $0.0834825$ & $-0.0239915$ & $-0.114432$ & $-0.209415$ & $-0.692965$ & $-0.406376$ & $0.712885$ & $-0.683082$ & $-0.0396931$ & $-0.156532$ & $-0.128967$ & $0.0268249$ & $0.00993438$ & $-0.0384929$ & $0.018736$ & $0.0430217$ & $0.0794382$ & $0.0469306$ & $-0.00600564$ & $-0.048653$ & $0.0250049$ & $-0.0439674$ & $0.0043513$ & $-0.0176933$ \\
CH & $-0.0161738$ & $-0.0679251$ & $0.0688815$ & $-0.0173169$ & $0.0190797$ & $-0.0392823$ & $-0.797736$ & $0.00292833$ & $0.0120101$ & $-0.179766$ & $-0.0743393$ & $-0.990425$ & $1$ & $0.136267$ & $-0.0170969$ & $0.0323565$ & $0.151329$ & $0.163195$ & $0.128729$ & $0.0708608$ & $0.0716665$ & $0.065735$ & $0.00600728$ & $0.0988906$ & $0.137615$ & $-0.0521536$ & $0.00735778$ & $0.0944156$ & $0.216458$ & $0.71266$ & $0.40815$ & $-0.712468$ & $0.699773$ & $0.0204422$ & $0.17347$ & $0.134769$ & $-0.0277199$ & $-0.0142618$ & $0.0334601$ & $-0.0156301$ & $-0.0417587$ & $-0.0806939$ & $-0.0432518$ & $0.00280143$ & $0.0518439$ & $-0.0238003$ & $0.0414084$ & $-0.00541669$ & $0.0142603$ \\
CHL1_11 & $-0.00713927$ & $-0.0723784$ & $0.036406$ & $0.0118558$ & $-0.0257714$ & $-0.0118673$ & $-0.136891$ & $0.317834$ & $0.305886$ & $-0.122924$ & $-0.683581$ & $-0.172382$ & $0.136267$ & $1$ & $0.43373$ & $0.39932$ & $0.626869$ & $0.577733$ & $0.586693$ & $0.693355$ & $0.657964$ & $0.645664$ & $-0.0396907$ & $0.401274$ & $0.583551$ & $-0.492628$ & $-0.0257076$ & $0.284212$ & $-0.00588995$ & $0.0526058$ & $0.0357694$ & $-0.167287$ & $0.116815$ & $-0.145953$ & $-0.0521573$ & $-0.0346377$ & $-0.0407788$ & $-0.0378019$ & $0.0592323$ & $-0.0346429$ & $-0.0431709$ & $-0.0543285$ & $-0.0522221$ & $0.0192007$ & $-0.0525051$ & $0.0159313$ & $-0.0309415$ & $0.0525538$ & $0.0645315$ \\
CHL1_22 & $0.0168818$ & $-0.0656937$ & $0.00910396$ & $-0.0321919$ & $0.0242999$ & $-0.0315548$ & $0.00298195$ & $0.503228$ & $0.493326$ & $-0.260562$ & $-0.600902$ & $-0.00393845$ & $-0.0170969$ & $0.43373$ & $1$ & $0.564618$ & $0.154138$ & $-0.30752$ & $-0.0275622$ & $0.639858$ & $0.550148$ & $0.533769$ & $-0.166032$ & $-0.00356126$ & $-0.0913$ & $-0.391706$ & $-0.269499$ & $0.262701$ & $-0.021538$ & $-0.0184323$ & $0.029092$ & $-0.0209291$ & $0.0172705$ & $-0.415382$ & $-0.0871007$ & $-0.063521$ & $-0.11167$ & $-0.00834695$ & $0.0340159$ & $-0.0125426$ & $-0.0460393$ & $-0.0102437$ & $-0.0468156$ & $-0.00107923$ & $-0.0995489$ & $0.0375214$ & $-0.0599542$ & $0.0945382$ & $0.0199053$ \\
CHL1_33 & $0.00607556$ & $-0.0602222$ & $0.00898879$ & $-0.0662358$ & $0.00169409$ & $-0.072653$ & $-0.034362$ & $0.490643$ & $0.483458$ & $-0.278219$ & $-0.583645$ & $-0.0528381$ & $0.0323565$ & $0.39932$ & $0.564618$ & $1$ & $0.161307$ & $-0.02346$ & $-0.314783$ & $0.625187$ & $0.534254$ & $0.541334$ & $-0.129657$ & $-0.00163747$ & $-0.0787498$ & $-0.396615$ & $-0.245788$ & $0.261212$ & $0.0234106$ & $0.0331276$ & $0.0392662$ & $-0.0381694$ & $0.0600657$ & $0.00787479$ & $-0.0715935$ & $0.013911$ & $-0.0724666$ & $0.00369458$ & $0.0669422$ & $-0.0482952$ & $0.00496473$ & $-0.012227$ & $-0.0481338$ & $-0.020331$ & $-0.0503329$ & $0.0172036$ & $-0.0171553$ & $0.0922975$ & $0.0582096$ \\
CHL3_11 & $0.0293694$ & $-0.0237365$ & $0.0550894$ & $0.0396276$ & $-0.0149375$ & $-0.38976$ & $-0.147662$ & $-0.187293$ & $-0.194006$ & $0.143615$ & $-0.259657$ & $-0.176486$ & $0.151329$ & $0.626869$ & $0.154138$ & $0.161307$ & $1$ & $0.826888$ & $0.815423$ & $0.269133$ & $0.240153$ & $0.235728$ & $0.00993376$ & $0.730329$ & $0.849812$ & $-0.222609$ & $-0.123019$ & $0.105772$ & $-0.00720517$ & $0.0589789$ & $0.0218271$ & $-0.168489$ & $0.105591$ & $-0.213589$ & $-0.0525611$ & $0.0684265$ & $0.0208524$ & $-0.0491126$ & $0.064539$ & $-0.0240846$ & $-0.0299368$ & $-0.0130792$ & $-0.0386396$ & $0.00893295$ & $0.0104144$ & $0.0307815$ & $-0.0228178$ & $0.00191686$ & $0.0510169$ \\
CHL3_22 & $0.00153812$ & $-0.00668738$ & $0.0478064$ & $0.0444775$ & $-0.0263012$ & $-0.197594$ & $-0.154059$ & $-0.385644$ & $-0.388112$ & $0.25393$ & $-0.0227267$ & $-0.177542$ & $0.163195$ & $0.577733$ & $-0.30752$ & $-0.02346$ & $0.826888$ & $1$ & $0.802057$ & $0.0223116$ & $0.0186859$ & $0.0218734$ & $0.0556797$ & $0.73905$ & $0.871654$ & $-0.0610355$ & $-0.0509456$ & $-0.0120262$ & $0.0119388$ & $0.0689229$ & $0.00743225$ & $-0.163987$ & $0.110246$ & $-0.0726672$ & $-0.00384894$ & $0.0651021$ & $0.0641801$ & $-0.0388985$ & $0.0354972$ & $-0.0147188$ & $-0.0123564$ & $-0.0267901$ & $-0.02403$ & $0.0203225$ & $0.0458116$ & $0.0161477$ & $0.00470244$ & $-0.024217$ & $0.0555347$ \\
CHL3_33 & $0.000298768$ & $-0.00534429$ & $0.0437166$ & $0.0714034$ & $-0.0143129$ & $-0.173926$ & $-0.126443$ & $-0.380435$ & $-0.384518$ & $0.269453$ & $-0.0255734$ & $-0.143088$ & $0.128729$ & $0.586693$ & $-0.0275622$ & $-0.314783$ & $0.815423$ & $0.802057$ & $1$ & $0.0217933$ & $0.0225837$ & $0.0222873$ & $0.0371977$ & $0.72952$ & $0.862286$ & $-0.0528443$ & $-0.0522433$ & $-0.0096603$ & $-0.0194842$ & $0.0342968$ & $0.00181191$ & $-0.149049$ & $0.0771082$ & $-0.348581$ & $-0.0198592$ & $0.0179216$ & $0.0471421$ & $-0.0426119$ & $0.0214875$ & $-0.000903955$ & $-0.0391407$ & $-0.0222579$ & $-0.0202815$ & $0.0353129$ & $0.0112729$ & $0.0260346$ & $-0.020895$ & $-0.0269419$ & $0.0264826$ \\
CHe_11 & $0.0170088$ & $-0.0770579$ & $0.00198529$ & $-0.0170348$ & $-0.0295179$ & $-0.119263$ & $-0.0696689$ & $0.871388$ & $0.858335$ & $-0.474385$ & $-0.995254$ & $-0.115624$ & $0.0708608$ & $0.693355$ & $0.639858$ & $0.625187$ & $0.269133$ & $0.0223116$ & $0.0217933$ & $1$ & $0.986393$ & $0.974164$ & $-0.013656$ & $-0.206269$ & $0.0721235$ & $-0.699058$ & $0.248897$ & $0.463886$ & $-0.0121069$ & $0.0354393$ & $0.0547375$ & $-0.0933368$ & $0.0737544$ & $0.296447$ & $-0.0568869$ & $-0.0398124$ & $-0.0880071$ & $-0.022224$ & $0.0973722$ & $-0.0478121$ & $-0.0444208$ & $-0.0438944$ & $-0.0182789$ & $-0.0135624$ & $-0.0841558$ & $-0.00769561$ & $-0.0100507$ & $0.0556599$ & $0.0519495$ \\
CHe_22 & $0.0154705$ & $-0.0719749$ & $-0.00258787$ & $-0.00914303$ & $-0.03535$ & $-0.129192$ & $-0.0690032$ & $0.897859$ & $0.884916$ & $-0.491135$ & $-0.995441$ & $-0.117715$ & $0.0716665$ & $0.657964$ & $0.550148$ & $0.534254$ & $0.240153$ & $0.0186859$ & $0.0225837$ & $0.986393$ & $1$ & $0.986789$ & $0.0224376$ & $-0.276276$ & $0.064247$ & $-0.703097$ & $0.36148$ & $0.470283$ & $-0.0157476$ & $0.0364599$ & $0.0544124$ & $-0.0924721$ & $0.0667403$ & $0.41083$ & $-0.0492198$ & $-0.0349531$ & $-0.0791444$ & $-0.0237462$ & $0.0993346$ & $-0.0513741$ & $-0.038706$ & $-0.0442699$ & $-0.0111895$ & $-0.0167095$ & $-0.0764783$ & $-0.0219745$ & $-0.00286636$ & $0.04184$ & $0.0413344$ \\
CHe_33 & $0.00533987$ & $-0.0721366$ & $-0.00307048$ & $-0.00813334$ & $-0.0423517$ & $-0.136263$ & $-0.067343$ & $0.889245$ & $0.875904$ & $-0.486799$ & $-0.983817$ & $-0.110682$ & $0.065735$ & $0.645664$ & $0.533769$ & $0.541334$ & $0.235728$ & $0.0218734$ & $0.0222873$ & $0.974164$ & $0.986789$ & $1$ & $0.0269812$ & $-0.278748$ & $0.0619391$ & $-0.696339$ & $0.36119$ & $0.461731$ & $-0.0171752$ & $0.0368347$ & $0.0541776$ & $-0.0896981$ & $0.0591311$ & $0.419882$ & $-0.0543582$ & $-0.0300116$ & $-0.0654304$ & $-0.0290641$ & $0.0964698$ & $-0.0564349$ & $-0.0343962$ & $-0.0429116$ & $-0.00893627$ & $-0.0125376$ & $-0.0795089$ & $-0.0198892$ & $-0.00153773$ & $0.0345504$ & $0.0293144$ \\
CHQ1_11 & $0.0385123$ & $0.0215574$ & $-0.00465323$ & $-0.0167239$ & $-0.0240162$ & $-0.0523515$ & $-0.000254518$ & $0.0232426$ & $0.0194349$ & $0.0122756$ & $-0.00533765$ & $-0.00635126$ & $0.00600728$ & $-0.0396907$ & $-0.166032$ & $-0.129657$ & $0.00993376$ & $0.0556797$ & $0.0371977$ & $-0.013656$ & $0.0224376$ & $0.0269812$ & $1$ & $-0.0938174$ & $0.0918489$ & $-0.573498$ & $0.290027$ & $-0.0114617$ & $-0.0022455$ & $0.0166909$ & $-0.0137988$ & $-0.00127138$ & $-0.0133138$ & $0.194809$ & $0.0134567$ & $0.0068386$ & $0.0148106$ & $-0.0179615$ & $-0.0559133$ & $0.00503897$ & $-0.0261605$ & $0.0110461$ & $-0.02956$ & $-0.0254069$ & $0.0794297$ & $-0.0786797$ & $-0.00281264$ & $-0.0356625$ & $-0.0337899$ \\
CHQ1_33 & $-0.0483374$ & $0.0026246$ & $0.059833$ & $0.021546$ & $0.0195526$ & $-0.130612$ & $-0.0987775$ & $-0.626618$ & $-0.625811$ & $0.382761$ & $0.238546$ & $-0.0975492$ & $0.0988906$ & $0.401274$ & $-0.00356126$ & $-0.00163747$ & $0.730329$ & $0.73905$ & $0.72952$ & $-0.206269$ & $-0.276276$ & $-0.278748$ & $-0.0938174$ & $1$ & $0.738226$ & $0.165327$ & $-0.40439$ & $-0.0647999$ & $0.000841959$ & $0.0224001$ & $-0.0269742$ & $-0.109805$ & $0.0588953$ & $-0.609147$ & $-0.032778$ & $0.0440682$ & $0.0596113$ & $-0.0406409$ & $0.0244225$ & $0.0168812$ & $-0.0312448$ & $-0.0278949$ & $-0.0459928$ & $0.0193505$ & $0.0267712$ & $0.0489068$ & $-0.0258543$ & $0.0154387$ & $0.00873222$ \\
CHQ3_11 & $-0.0988902$ & $0.0113473$ & $0.033841$ & $0.0347917$ & $-0.00702914$ & $-0.225891$ & $-0.142445$ & $-0.34037$ & $-0.344253$ & $0.236754$ & $-0.0703917$ & $-0.152108$ & $0.137615$ & $0.583551$ & $-0.0913$ & $-0.0787498$ & $0.849812$ & $0.871654$ & $0.862286$ & $0.0721235$ & $0.064247$ & $0.0619391$ & $0.0918489$ & $0.738226$ & $1$ & $-0.0770617$ & $0.136131$ & $0.0155919$ & $-0.0171329$ & $0.0376482$ & $-0.0192057$ & $-0.162551$ & $0.0772404$ & $-0.215847$ & $-0.00711493$ & $0.0543206$ & $0.0797606$ & $-0.0525157$ & $0.0531052$ & $-0.000443937$ & $-0.037869$ & $-0.0322491$ & $-0.0140267$ & $0.00794253$ & $0.0307699$ & $0.00941477$ & $-0.00959622$ & $-0.00895658$ & $0.0359518$ \\
CHu_11 & $-0.0621141$ & $0.0725029$ & $-0.00634229$ & $0.0251346$ & $0.0592125$ & $0.120607$ & $0.0498524$ & $-0.611938$ & $-0.600534$ & $0.307963$ & $0.705771$ & $0.0834825$ & $-0.0521536$ & $-0.492628$ & $-0.391706$ & $-0.396615$ & $-0.222609$ & $-0.0610355$ & $-0.0528443$ & $-0.699058$ & $-0.703097$ & $-0.696339$ & $-0.573498$ & $0.165327$ & $-0.0770617$ & $1$ & $-0.184882$ & $-0.344785$ & $0.0165921$ & $-0.0375489$ & $-0.0290039$ & $0.0686571$ & $-0.0385768$ & $-0.270609$ & $0.0390137$ & $0.0281908$ & $0.0823332$ & $0.0453879$ & $-0.0148902$ & $0.0365103$ & $0.0481865$ & $-0.00782528$ & $0.0311015$ & $0.0245893$ & $0.0429924$ & $0.0141338$ & $0.0257944$ & $-0.0280395$ & $0.00406684$ \\
CHd_11 & $-0.0465966$ & $0.0525212$ & $-0.0420042$ & $0.0183718$ & $-0.0286055$ & $-0.075903$ & $-0.00942161$ & $0.421635$ & $0.420135$ & $-0.253171$ & $-0.300919$ & $-0.0239915$ & $0.00735778$ & $-0.0257076$ & $-0.269499$ & $-0.245788$ & $-0.123019$ & $-0.0509456$ & $-0.0522433$ & $0.248897$ & $0.36148$ & $0.36119$ & $0.290027$ & $-0.40439$ & $0.136131$ & $-0.184882$ & $1$ & $0.161567$ & $-0.025574$ & $-0.00647932$ & $-0.0193003$ & $-0.0191436$ & $-0.0365213$ & $0.702491$ & $0.0317612$ & $0.0180546$ & $0.0655225$ & $-0.0232062$ & $0.0743413$ & $-0.00427594$ & $-0.0220133$ & $-0.0508555$ & $0.0482176$ & $-0.0506121$ & $0.0201227$ & $-0.0871882$ & $0.0519424$ & $-0.0604353$ & $-0.0343604$ \\
CHd_33 & $0.0310936$ & $-0.0372241$ & $-0.0213433$ & $-0.0548902$ & $-0.0339116$ & $-0.074202$ & $-0.112545$ & $0.430695$ & $0.430198$ & $-0.253629$ & $-0.469307$ & $-0.114432$ & $0.0944156$ & $0.284212$ & $0.262701$ & $0.261212$ & $0.105772$ & $-0.0120262$ & $-0.0096603$ & $0.463886$ & $0.470283$ & $0.461731$ & $-0.0114617$ & $-0.0647999$ & $0.0155919$ & $-0.344785$ & $0.161567$ & $1$ & $-0.0288183$ & $0.0770452$ & $0.0568552$ & $-0.110022$ & $0.0882984$ & $0.202523$ & $-0.0177924$ & $-0.028361$ & $-0.0272515$ & $-0.0201553$ & $0.0989287$ & $-0.0272569$ & $-0.102$ & $-0.00333806$ & $0.0419493$ & $-0.0155573$ & $-0.0951241$ & $-0.0344159$ & $-0.0257785$ & $0.0031167$ & $-0.0158212$ \\
CeH_22r & $0.0517749$ & $-0.0542443$ & $0.0640447$ & $-0.0285994$ & $0.023914$ & $0.017036$ & $-0.145394$ & $-0.0112958$ & $0.00190217$ & $-0.03271$ & $0.012752$ & $-0.209415$ & $0.216458$ & $-0.00588995$ & $-0.021538$ & $0.0234106$ & $-0.00720517$ & $0.0119388$ & $-0.0194842$ & $-0.0121069$ & $-0.0157476$ & $-0.0171752$ & $-0.0022455$ & $0.000841959$ & $-0.0171329$ & $0.0165921$ & $-0.025574$ & $-0.0288183$ & $1$ & $0.189335$ & $0.0984138$ & $-0.142885$ & $0.196292$ & $0.00345505$ & $0.00273338$ & $0.0556492$ & $-0.0854841$ & $-0.00301153$ & $0.00960814$ & $0.00678664$ & $0.007031$ & $-0.0113431$ & $0.00646568$ & $-0.0189829$ & $0.0487097$ & $0.026485$ & $-0.0105728$ & $0.0319264$ & $0.0276102$ \\
CeH_33r & $0.02041$ & $-0.067671$ & $0.0330438$ & $-0.033893$ & $0.0331945$ & $-0.0508619$ & $-0.588312$ & $0.0147501$ & $0.040691$ & $-0.142535$ & $-0.0396448$ & $-0.692965$ & $0.71266$ & $0.0526058$ & $-0.0184323$ & $0.0331276$ & $0.0589789$ & $0.0689229$ & $0.0342968$ & $0.0354393$ & $0.0364599$ & $0.0368347$ & $0.0166909$ & $0.0224001$ & $0.0376482$ & $-0.0375489$ & $-0.00647932$ & $0.0770452$ & $0.189335$ & $1$ & $0.479627$ & $-0.441843$ & $0.794664$ & $0.0345311$ & $0.0639647$ & $0.0727191$ & $-0.0811107$ & $-0.0196245$ & $0.00210684$ & $0.00539599$ & $-0.0146996$ & $-0.0332165$ & $-0.0550181$ & $0.030736$ & $0.0783401$ & $-0.0858486$ & $0.047749$ & $0.00154695$ & $0.0201782$ \\
CuH_22r & $0.0562938$ & $-0.0606021$ & $0.0509721$ & $-0.0274441$ & $0.0398919$ & $-0.0198676$ & $-0.333826$ & $0.050958$ & $0.0700613$ & $-0.120713$ & $-0.0579409$ & $-0.406376$ & $0.40815$ & $0.0357694$ & $0.029092$ & $0.0392662$ & $0.0218271$ & $0.00743225$ & $0.00181191$ & $0.0547375$ & $0.0544124$ & $0.0541776$ & $-0.0137988$ & $-0.0269742$ & $-0.0192057$ & $-0.0290039$ & $-0.0193003$ & $0.0568552$ & $0.0984138$ & $0.479627$ & $1$ & $-0.234826$ & $0.473276$ & $0.0266871$ & $0.0668789$ & $0.0402961$ & $-0.0953261$ & $0.0228123$ & $0.0365444$ & $0.0360189$ & $-0.019411$ & $0.01469$ & $-0.0448472$ & $0.0366691$ & $0.0102785$ & $-0.0185624$ & $0.365956$ & $0.00955175$ & $-0.0201381$ \\
CuH_33r & $-0.0215392$ & $0.0519199$ & $-0.0548803$ & $0.0294627$ & $0.0440482$ & $0.0608899$ & $0.948594$ & $-0.0143803$ & $0.000308714$ & $0.154189$ & $0.0970362$ & $0.712885$ & $-0.712468$ & $-0.167287$ & $-0.0209291$ & $-0.0381694$ & $-0.168489$ & $-0.163987$ & $-0.149049$ & $-0.0933368$ & $-0.0924721$ & $-0.0896981$ & $-0.00127138$ & $-0.109805$ & $-0.162551$ & $0.0686571$ & $-0.0191436$ & $-0.110022$ & $-0.142885$ & $-0.441843$ & $-0.234826$ & $1$ & $-0.437728$ & $0.00445849$ & $-0.0795638$ & $-0.0559469$ & $-0.010592$ & $-0.0199136$ & $-0.0167425$ & $0.00694989$ & $0.0439244$ & $0.0317239$ & $0.0376216$ & $-0.0272705$ & $-0.0194117$ & $-0.0247632$ & $-0.0469162$ & $0.0108022$ & $-0.0408626$ \\
CdH_33r & $0.0203816$ & $-0.16127$ & $0.0368421$ & $-0.0807079$ & $0.0441633$ & $-0.010035$ & $-0.602906$ & $0.0219436$ & $0.0425536$ & $-0.177828$ & $-0.0744868$ & $-0.683082$ & $0.699773$ & $0.116815$ & $0.0172705$ & $0.0600657$ & $0.105591$ & $0.110246$ & $0.0771082$ & $0.0737544$ & $0.0667403$ & $0.0591311$ & $-0.0133138$ & $0.0588953$ & $0.0772404$ & $-0.0385768$ & $-0.0365213$ & $0.0882984$ & $0.196292$ & $0.794664$ & $0.473276$ & $-0.437728$ & $1$ & $-0.00423015$ & $0.0584063$ & $0.0762659$ & $-0.129699$ & $-0.0303894$ & $-0.0101458$ & $-0.0069459$ & $-0.0591077$ & $-0.0577978$ & $-0.0974859$ & $0.0231634$ & $-0.00380509$ & $-0.0465681$ & $-0.0234922$ & $0.137887$ & $0.369734$ \\
CLL_1221 & $0.0142888$ & $0.0415499$ & $-0.0373266$ & $0.0130987$ & $-0.0637779$ & $-0.133432$ & $-0.00497835$ & $0.53785$ & $0.537048$ & $-0.341458$ & $-0.348612$ & $-0.0396931$ & $0.0204422$ & $-0.145953$ & $-0.415382$ & $0.00787479$ & $-0.213589$ & $-0.0726672$ & $-0.348581$ & $0.296447$ & $0.41083$ & $0.419882$ & $0.194809$ & $-0.609147$ & $-0.215847$ & $-0.270609$ & $0.702491$ & $0.202523$ & $0.00345505$ & $0.0345311$ & $0.0266871$ & $0.00445849$ & $-0.00423015$ & $1$ & $0.0338183$ & $0.0316392$ & $0.0215892$ & $0.000165936$ & $0.060321$ & $-0.0352822$ & $0.0288747$ & $-0.0114712$ & $0.049648$ & $-0.0438819$ & $0.0148277$ & $-0.0688207$ & $0.0668148$ & $-0.0663266$ & $-0.0157468$ \\
eHggint & $-0.0863896$ & $-0.032969$ & $0.0653656$ & $0.0289986$ & $0.0485615$ & $0.0427485$ & $-0.153302$ & $-0.0311927$ & $-0.0461357$ & $0.0400843$ & $0.05562$ & $-0.156532$ & $0.17347$ & $-0.0521573$ & $-0.0871007$ & $-0.0715935$ & $-0.0525611$ & $-0.00384894$ & $-0.0198592$ & $-0.0568869$ & $-0.0492198$ & $-0.0543582$ & $0.0134567$ & $-0.032778$ & $-0.00711493$ & $0.0390137$ & $0.0317612$ & $-0.0177924$ & $0.00273338$ & $0.0639647$ & $0.0668789$ & $-0.0795638$ & $0.0584063$ & $0.0338183$ & $1$ & $0.0514759$ & $-0.0511652$ & $0.0197992$ & $0.076099$ & $-0.0168467$ & $-0.0301333$ & $0.0458107$ & $-0.0349093$ & $-0.0651068$ & $0.016737$ & $-0.0936166$ & $0.162751$ & $-0.0850038$ & $-0.0553547$ \\
eHggpar & $0.0713473$ & $-0.0711152$ & $0.0512732$ & $0.0831729$ & $0.0814828$ & $-0.0871035$ & $-0.0998594$ & $-0.0511571$ & $-0.0626843$ & $0.0155061$ & $0.0357657$ & $-0.128967$ & $0.134769$ & $-0.0346377$ & $-0.063521$ & $0.013911$ & $0.0684265$ & $0.0651021$ & $0.0179216$ & $-0.0398124$ & $-0.0349531$ & $-0.0300116$ & $0.0068386$ & $0.0440682$ & $0.0543206$ & $0.0281908$ & $0.0180546$ & $-0.028361$ & $0.0556492$ & $0.0727191$ & $0.0402961$ & $-0.0559469$ & $0.0762659$ & $0.0316392$ & $0.0514759$ & $1$ & $0.015204$ & $-0.0298618$ & $0.105397$ & $0.0615251$ & $0.0149328$ & $-0.0320856$ & $-0.0669118$ & $-0.00906822$ & $0.18985$ & $-0.0384879$ & $-0.0921322$ & $-0.0671969$ & $0.0385597$ \\
eHWWint & $-0.101212$ & $0.0777994$ & $-0.00131799$ & $0.0908344$ & $0.00391812$ & $-0.0309136$ & $0.0132649$ & $-0.0917895$ & $-0.100569$ & $0.025036$ & $0.0859916$ & $0.0268249$ & $-0.0277199$ & $-0.0407788$ & $-0.11167$ & $-0.0724666$ & $0.0208524$ & $0.0641801$ & $0.0471421$ & $-0.0880071$ & $-0.0791444$ & $-0.0654304$ & $0.0148106$ & $0.0596113$ & $0.0797606$ & $0.0823332$ & $0.0655225$ & $-0.0272515$ & $-0.0854841$ & $-0.0811107$ & $-0.0953261$ & $-0.010592$ & $-0.129699$ & $0.0215892$ & $-0.0511652$ & $0.015204$ & $1$ & $-0.0148197$ & $0.0398535$ & $0.0567476$ & $-0.0378411$ & $0.0693433$ & $0.0164712$ & $-0.0452544$ & $0.0940788$ & $-0.0544469$ & $0.0316845$ & $-0.00503508$ & $-0.00325684$ \\
eHWWpar & $-0.0139644$ & $-0.0354998$ & $-0.00123622$ & $-0.0163656$ & $0.040149$ & $0.0639192$ & $-0.00773382$ & $-0.00151111$ & $-0.000917736$ & $-0.0282492$ & $0.0236786$ & $0.00993438$ & $-0.0142618$ & $-0.0378019$ & $-0.00834695$ & $0.00369458$ & $-0.0491126$ & $-0.0388985$ & $-0.0426119$ & $-0.022224$ & $-0.0237462$ & $-0.0290641$ & $-0.0179615$ & $-0.0406409$ & $-0.0525157$ & $0.0453879$ & $-0.0232062$ & $-0.0201553$ & $-0.00301153$ & $-0.0196245$ & $0.0228123$ & $-0.0199136$ & $-0.0303894$ & $0.000165936$ & $0.0197992$ & $-0.0298618$ & $-0.0148197$ & $1$ & $-0.0633033$ & $-0.0297343$ & $0.0267287$ & $0.0279816$ & $0.0450937$ & $0.0868248$ & $0.0374123$ & $0.0243673$ & $0.0581371$ & $0.0370122$ & $-0.04704$ \\
eHZZint & $-0.0383102$ & $0.0276826$ & $-0.0339486$ & $0.0500883$ & $0.0293047$ & $-0.134951$ & $-0.0353038$ & $0.0743317$ & $0.0678905$ & $-0.0293428$ & $-0.0954536$ & $-0.0384929$ & $0.0334601$ & $0.0592323$ & $0.0340159$ & $0.0669422$ & $0.064539$ & $0.0354972$ & $0.0214875$ & $0.0973722$ & $0.0993346$ & $0.0964698$ & $-0.0559133$ & $0.0244225$ & $0.0531052$ & $-0.0148902$ & $0.0743413$ & $0.0989287$ & $0.00960814$ & $0.00210684$ & $0.0365444$ & $-0.0167425$ & $-0.0101458$ & $0.060321$ & $0.076099$ & $0.105397$ & $0.0398535$ & $-0.0633033$ & $1$ & $0.00652559$ & $0.0597132$ & $-0.052904$ & $0.0158794$ & $0.0311238$ & $-0.0210623$ & $-0.0254551$ & $0.110971$ & $-0.115861$ & $-0.0229562$ \\
eHZZpar & $-0.0155683$ & $0.00251684$ & $-0.0248984$ & $-0.0257144$ & $0.0558004$ & $-0.0182069$ & $0.0134088$ & $-0.0426538$ & $-0.0338088$ & $0.0329251$ & $0.0516219$ & $0.018736$ & $-0.0156301$ & $-0.0346429$ & $-0.0125426$ & $-0.0482952$ & $-0.0240846$ & $-0.0147188$ & $-0.000903955$ & $-0.0478121$ & $-0.0513741$ & $-0.0564349$ & $0.00503897$ & $0.0168812$ & $-0.000443937$ & $0.0365103$ & $-0.00427594$ & $-0.0272569$ & $0.00678664$ & $0.00539599$ & $0.0360189$ & $0.00694989$ & $-0.0069459$ & $-0.0352822$ & $-0.0168467$ & $0.0615251$ & $0.0567476$ & $-0.0297343$ & $0.00652559$ & $1$ & $0.0178564$ & $0.0156472$ & $0.0102072$ & $-0.0114794$ & $0.0645924$ & $0.00942192$ & $0.0162017$ & $0.0407857$ & $-0.00330251$ \\
eHZgaint & $-0.0200472$ & $0.150002$ & $-0.0505091$ & $0.0940433$ & $0.000431229$ & $0.0118093$ & $0.0345382$ & $-0.0269422$ & $-0.0226954$ & $-0.0147769$ & $0.0421684$ & $0.0430217$ & $-0.0417587$ & $-0.0431709$ & $-0.0460393$ & $0.00496473$ & $-0.0299368$ & $-0.0123564$ & $-0.0391407$ & $-0.0444208$ & $-0.038706$ & $-0.0343962$ & $-0.0261605$ & $-0.0312448$ & $-0.037869$ & $0.0481865$ & $-0.0220133$ & $-0.102$ & $0.007031$ & $-0.0146996$ & $-0.019411$ & $0.0439244$ & $-0.0591077$ & $0.0288747$ & $-0.0301333$ & $0.0149328$ & $-0.0378411$ & $0.0267287$ & $0.0597132$ & $0.0178564$ & $1$ & $0.0387533$ & $0.0667752$ & $0.0182846$ & $-0.024339$ & $0.0953213$ & $0.0274278$ & $-0.0423293$ & $-0.0714661$ \\
eHZgapar & $0.0190582$ & $0.00324059$ & $-0.0100017$ & $0.0205758$ & $-0.00453844$ & $-0.000984493$ & $0.0381869$ & $-0.0307396$ & $-0.0300582$ & $0.0145519$ & $0.0436295$ & $0.0794382$ & $-0.0806939$ & $-0.0543285$ & $-0.0102437$ & $-0.012227$ & $-0.0130792$ & $-0.0267901$ & $-0.0222579$ & $-0.0438944$ & $-0.0442699$ & $-0.0429116$ & $0.0110461$ & $-0.0278949$ & $-0.0322491$ & $-0.00782528$ & $-0.0508555$ & $-0.00333806$ & $-0.0113431$ & $-0.0332165$ & $0.01469$ & $0.0317239$ & $-0.0577978$ & $-0.0114712$ & $0.0458107$ & $-0.0320856$ & $0.0693433$ & $0.0279816$ & $-0.052904$ & $0.0156472$ & $0.0387533$ & $1$ & $0.0314061$ & $-0.0238045$ & $0.0195779$ & $-0.021858$ & $0.0198895$ & $0.00651738$ & $-0.0371987$ \\
eHgagaint & $-0.0535392$ & $0.11275$ & $0.0454945$ & $0.0957205$ & $-0.00465329$ & $-0.00366267$ & $0.0562578$ & $0.00107475$ & $0.0554127$ & $0.00833228$ & $0.0208265$ & $0.0469306$ & $-0.0432518$ & $-0.0522221$ & $-0.0468156$ & $-0.0481338$ & $-0.0386396$ & $-0.02403$ & $-0.0202815$ & $-0.0182789$ & $-0.0111895$ & $-0.00893627$ & $-0.02956$ & $-0.0459928$ & $-0.0140267$ & $0.0311015$ & $0.0482176$ & $0.0419493$ & $0.00646568$ & $-0.0550181$ & $-0.0448472$ & $0.0376216$ & $-0.0974859$ & $0.049648$ & $-0.0349093$ & $-0.0669118$ & $0.0164712$ & $0.0450937$ & $0.0158794$ & $0.0102072$ & $0.0667752$ & $0.0314061$ & $1$ & $-0.0143084$ & $-0.0665731$ & $0.0722805$ & $-0.013004$ & $0.0429935$ & $-0.0924012$ \\
eHmumuint & $-0.0431452$ & $-0.119876$ & $0.0136318$ & $-0.153319$ & $-0.0405732$ & $0.00984078$ & $-0.0115692$ & $-0.0244853$ & $-0.0187442$ & $0.0250598$ & $0.014624$ & $-0.00600564$ & $0.00280143$ & $0.0192007$ & $-0.00107923$ & $-0.020331$ & $0.00893295$ & $0.0203225$ & $0.0353129$ & $-0.0135624$ & $-0.0167095$ & $-0.0125376$ & $-0.0254069$ & $0.0193505$ & $0.00794253$ & $0.0245893$ & $-0.0506121$ & $-0.0155573$ & $-0.0189829$ & $0.030736$ & $0.0366691$ & $-0.0272705$ & $0.0231634$ & $-0.0438819$ & $-0.0651068$ & $-0.00906822$ & $-0.0452544$ & $0.0868248$ & $0.0311238$ & $-0.0114794$ & $0.0182846$ & $-0.0238045$ & $-0.0143084$ & $1$ & $0.0882188$ & $0.151586$ & $-0.0618577$ & $-0.00520034$ & $0.0472161$ \\
eHtautauint & $-0.005022$ & $0.00807485$ & $-0.0473179$ & $-0.0314839$ & $-0.0441308$ & $-0.027076$ & $-0.0318503$ & $-0.0811593$ & $-0.0805038$ & $0.0890454$ & $0.0808394$ & $-0.048653$ & $0.0518439$ & $-0.0525051$ & $-0.0995489$ & $-0.0503329$ & $0.0104144$ & $0.0458116$ & $0.0112729$ & $-0.0841558$ & $-0.0764783$ & $-0.0795089$ & $0.0794297$ & $0.0267712$ & $0.0307699$ & $0.0429924$ & $0.0201227$ & $-0.0951241$ & $0.0487097$ & $0.0783401$ & $0.0102785$ & $-0.0194117$ & $-0.00380509$ & $0.0148277$ & $0.016737$ & $0.18985$ & $0.0940788$ & $0.0374123$ & $-0.0210623$ & $0.0645924$ & $-0.024339$ & $0.0195779$ & $-0.0665731$ & $0.0882188$ & $1$ & $-0.0676824$ & $-0.0189784$ & $-0.0506813$ & $0.00262906$ \\
eHccint & $-0.000668169$ & $-0.00945793$ & $-0.0296437$ & $-0.141204$ & $-0.0445307$ & $-0.0370869$ & $0.00577222$ & $-0.0338429$ & $-0.0292984$ & $0.055138$ & $0.0137655$ & $0.0250049$ & $-0.0238003$ & $0.0159313$ & $0.0375214$ & $0.0172036$ & $0.0307815$ & $0.0161477$ & $0.0260346$ & $-0.00769561$ & $-0.0219745$ & $-0.0198892$ & $-0.0786797$ & $0.0489068$ & $0.00941477$ & $0.0141338$ & $-0.0871882$ & $-0.0344159$ & $0.026485$ & $-0.0858486$ & $-0.0185624$ & $-0.0247632$ & $-0.0465681$ & $-0.0688207$ & $-0.0936166$ & $-0.0384879$ & $-0.0544469$ & $0.0243673$ & $-0.0254551$ & $0.00942192$ & $0.0953213$ & $-0.021858$ & $0.0722805$ & $0.151586$ & $-0.0676824$ & $1$ & $-0.101021$ & $0.0705029$ & $0.0454504$ \\
eHccpar & $-0.0395191$ & $0.000396996$ & $0.00851337$ & $0.0766079$ & $0.0193663$ & $0.029881$ & $-0.0484149$ & $0.00984201$ & $0.00832646$ & $-0.0250464$ & $0.00485863$ & $-0.0439674$ & $0.0414084$ & $-0.0309415$ & $-0.0599542$ & $-0.0171553$ & $-0.0228178$ & $0.00470244$ & $-0.020895$ & $-0.0100507$ & $-0.00286636$ & $-0.00153773$ & $-0.00281264$ & $-0.0258543$ & $-0.00959622$ & $0.0257944$ & $0.0519424$ & $-0.0257785$ & $-0.0105728$ & $0.047749$ & $0.365956$ & $-0.0469162$ & $-0.0234922$ & $0.0668148$ & $0.162751$ & $-0.0921322$ & $0.0316845$ & $0.0581371$ & $0.110971$ & $0.0162017$ & $0.0274278$ & $0.0198895$ & $-0.013004$ & $-0.0618577$ & $-0.0189784$ & $-0.101021$ & $1$ & $0.0261962$ & $-0.108962$ \\
eHbbint & $-0.0874523$ & $-0.158715$ & $0.0948971$ & $-0.214333$ & $0.0409488$ & $0.0742488$ & $0.0109639$ & $0.0428901$ & $0.0470897$ & $-0.0505476$ & $-0.0516248$ & $0.0043513$ & $-0.00541669$ & $0.0525538$ & $0.0945382$ & $0.0922975$ & $0.00191686$ & $-0.024217$ & $-0.0269419$ & $0.0556599$ & $0.04184$ & $0.0345504$ & $-0.0356625$ & $0.0154387$ & $-0.00895658$ & $-0.0280395$ & $-0.0604353$ & $0.0031167$ & $0.0319264$ & $0.00154695$ & $0.00955175$ & $0.0108022$ & $0.137887$ & $-0.0663266$ & $-0.0850038$ & $-0.0671969$ & $-0.00503508$ & $0.0370122$ & $-0.115861$ & $0.0407857$ & $-0.0423293$ & $0.00651738$ & $0.0429935$ & $-0.00520034$ & $-0.0506813$ & $0.0705029$ & $0.0261962$ & $1$ & $0.0721754$ \\
eHbbpar & $0.051954$ & $-0.1413$ & $-0.0241009$ & $-0.0946678$ & $0.00380686$ & $0.0129644$ & $-0.0552583$ & $0.0185078$ & $0.00673646$ & $-0.0373946$ & $-0.0470883$ & $-0.0176933$ & $0.0142603$ & $0.0645315$ & $0.0199053$ & $0.0582096$ & $0.0510169$ & $0.0555347$ & $0.0264826$ & $0.0519495$ & $0.0413344$ & $0.0293144$ & $-0.0337899$ & $0.00873222$ & $0.0359518$ & $0.00406684$ & $-0.0343604$ & $-0.0158212$ & $0.0276102$ & $0.0201782$ & $-0.0201381$ & $-0.0408626$ & $0.369734$ & $-0.0157468$ & $-0.0553547$ & $0.0385597$ & $-0.00325684$ & $-0.04704$ & $-0.0229562$ & $-0.00330251$ & $-0.0714661$ & $-0.0371987$ & $-0.0924012$ & $0.0472161$ & $0.00262906$ & $0.0454504$ & $-0.108962$ & $0.0721754$ & $1$ \\
