 & AlsMz & dAle5Mz & mtop & mHl & Mz & CW & CHG & CHWB & CHWHB_gaga & CHWHB_gagaorth & CHD & CHbox & CH & CHL1_11 & CHL1_22 & CHL1_33 & CHL3_11 & CHL3_22 & CHL3_33 & CHe_11 & CHe_22 & CHe_33 & CHQ1_11 & CHQ1_33 & CHQ3_11 & CHu_11 & CHd_11 & CHd_33 & CeH_22r & CeH_33r & CuH_22r & CuH_33r & CdH_33r & CLL_1221 & eHggint & eHggpar & eHWWint & eHWWpar & eHZZint & eHZZpar & eHZgaint & eHZgapar & eHgagaint & eHmumuint & eHtautauint & eHccint & eHccpar & eHbbint & eHbbpar \\
AlsMz & $1$ & $0.136865$ & $0.0848148$ & $-0.0108698$ & $0.00378713$ & $0.0129818$ & $0.00898954$ & $-0.0264978$ & $-0.0214227$ & $-0.00530372$ & $0.0268232$ & $0.00115469$ & $0.00106025$ & $-0.00722612$ & $-0.0148421$ & $-0.0220055$ & $-0.0281192$ & $-0.00511434$ & $0.00192567$ & $-0.0305786$ & $-0.0298951$ & $-0.0285551$ & $-0.0267874$ & $-0.059506$ & $-0.103048$ & $0.0201184$ & $-0.0257076$ & $-0.0264587$ & $0.00143944$ & $0.00439135$ & $-0.00579651$ & $0.00311404$ & $0.0310322$ & $-0.00969172$ & $0.0260342$ & $0.0369389$ & $0.0742109$ & $0.0180897$ & $-0.0848474$ & $0.0389315$ & $0.118506$ & $-0.00302617$ & $0.051121$ & $-0.00877322$ & $0.13253$ & $0.055084$ & $-0.0172459$ & $-0.0309788$ & $0.108977$ \\
dAle5Mz & $0.136865$ & $1$ & $0.0412826$ & $-0.0298058$ & $0.0114825$ & $0.0125257$ & $-0.0317448$ & $-0.0789465$ & $-0.0719285$ & $0.0359371$ & $0.0445143$ & $0.0269948$ & $-0.0135941$ & $0.0238919$ & $-0.00211186$ & $0.0218302$ & $0.0442397$ & $0.0393257$ & $0.0249947$ & $-0.0227217$ & $-0.0258513$ & $-0.02489$ & $-0.0334087$ & $0.0231634$ & $0.0129165$ & $0.0295316$ & $-0.0511693$ & $-0.0266622$ & $-0.0664035$ & $-0.00413252$ & $-0.0247427$ & $-0.0328255$ & $0.0636409$ & $-0.00291775$ & $0.0703616$ & $0.0516104$ & $0.0287957$ & $-0.0172541$ & $-0.264484$ & $0.0188606$ & $0.0613853$ & $0.0278561$ & $0.0999942$ & $0.107331$ & $0.00814939$ & $0.0699281$ & $0.011793$ & $-0.107292$ & $0.203497$ \\
mtop & $0.0848148$ & $0.0412826$ & $1$ & $-0.190225$ & $-0.0132758$ & $-0.0462989$ & $0.0582984$ & $0.0196477$ & $0.0211105$ & $0.00819117$ & $-0.0345477$ & $0.0237805$ & $-0.0178845$ & $0.0459898$ & $0.0413753$ & $-0.00517217$ & $0.0355057$ & $0.00628315$ & $0.0451635$ & $0.0440126$ & $0.0401642$ & $0.0413571$ & $-0.0202339$ & $0.0127175$ & $0.0109456$ & $-0.0211926$ & $-0.009314$ & $0.024508$ & $-0.0244683$ & $0.049382$ & $0.0290319$ & $0.047932$ & $0.0959682$ & $-0.0184843$ & $-0.104482$ & $-0.0817351$ & $-0.101481$ & $0.0322438$ & $-0.138975$ & $-0.00458763$ & $0.0424619$ & $-0.0255682$ & $-0.133997$ & $-0.195687$ & $-0.0531884$ & $0.0941344$ & $0.0341058$ & $-0.0224852$ & $0.122187$ \\
mHl & $-0.0108698$ & $-0.0298058$ & $-0.190225$ & $1$ & $0.0200324$ & $0.0459039$ & $0.00731906$ & $0.00305524$ & $-0.0124643$ & $-0.0191301$ & $-0.00212723$ & $-0.0187853$ & $0.00734346$ & $0.0210897$ & $0.0155698$ & $0.0444896$ & $-0.0251763$ & $-0.00870581$ & $-0.024843$ & $0.00357386$ & $-0.00259909$ & $0.000125829$ & $-0.0285834$ & $-0.000191792$ & $-0.0391842$ & $0.0194588$ & $-0.0556273$ & $-0.0151455$ & $0.00290284$ & $-0.0381541$ & $0.0177756$ & $-0.00332854$ & $-0.049293$ & $-0.0213825$ & $0.105436$ & $-0.316348$ & $0.261909$ & $0.0311945$ & $-0.018944$ & $-0.0551447$ & $-0.0024022$ & $0.0114032$ & $-0.228073$ & $0.0237881$ & $-0.0560683$ & $-0.0344955$ & $0.0100487$ & $-0.165558$ & $0.0157445$ \\
Mz & $0.00378713$ & $0.0114825$ & $-0.0132758$ & $0.0200324$ & $1$ & $-0.00135586$ & $0.0158822$ & $-0.00637154$ & $-0.00436476$ & $0.040115$ & $-0.00186164$ & $0.0422302$ & $-0.0123303$ & $0.0231035$ & $-0.00235502$ & $0.0346926$ & $0.0377484$ & $0.0340818$ & $0.00602696$ & $0.0118262$ & $0.00975079$ & $0.0111554$ & $0.0183851$ & $0.0146216$ & $0.0267743$ & $-0.0288043$ & $-0.00983968$ & $-0.00238771$ & $0.000439645$ & $0.00228957$ & $0.0313699$ & $0.0178592$ & $0.0075238$ & $0.0028017$ & $-0.00733865$ & $-0.0287488$ & $0.0604699$ & $-0.0224936$ & $0.0123344$ & $-0.086047$ & $-0.0171059$ & $0.00433245$ & $0.00041246$ & $0.0119311$ & $-0.0340352$ & $0.0285478$ & $0.0386838$ & $0.003929$ & $0.0162155$ \\
CW & $0.0129818$ & $0.0125257$ & $-0.0462989$ & $0.0459039$ & $-0.00135586$ & $1$ & $0.0349493$ & $-0.160814$ & $-0.157545$ & $0.0292106$ & $0.223185$ & $0.0417341$ & $0.00907954$ & $0.0111612$ & $-0.0987032$ & $-0.102124$ & $-0.270992$ & $-0.0400664$ & $-0.0378983$ & $-0.220048$ & $-0.225971$ & $-0.220523$ & $0.00745644$ & $0.0124466$ & $-0.0830494$ & $0.127083$ & $-0.085728$ & $-0.100947$ & $-0.0187522$ & $-0.026075$ & $-0.00993631$ & $0.0285575$ & $-0.0288169$ & $-0.1402$ & $-0.0402364$ & $-0.0314312$ & $0.0336772$ & $0.0103218$ & $0.00429075$ & $-0.0258195$ & $-0.00911247$ & $0.0189007$ & $-0.0262051$ & $0.0222836$ & $0.0118127$ & $0.0353426$ & $0.0379798$ & $0.00772388$ & $-0.0267676$ \\
CHG & $0.00898954$ & $-0.0317448$ & $0.0582984$ & $0.00731906$ & $0.0158822$ & $0.0349493$ & $1$ & $-0.108261$ & $-0.0602096$ & $0.0925572$ & $0.0683826$ & $0.13139$ & $-0.309411$ & $0.0392545$ & $-0.033909$ & $-0.0291574$ & $0.0907545$ & $0.0984501$ & $0.0935604$ & $-0.0678684$ & $-0.0702784$ & $-0.0721441$ & $-0.0395634$ & $0.104993$ & $0.0825846$ & $0.0585755$ & $-0.055804$ & $0.00400295$ & $-0.00714288$ & $-0.0909778$ & $-0.0518302$ & $0.934908$ & $-0.147807$ & $-0.0566918$ & $-0.0301051$ & $-0.0739389$ & $0.0637253$ & $0.0119432$ & $0.0130709$ & $-0.0231437$ & $0.0576141$ & $0.0124897$ & $-0.0356605$ & $-0.0147927$ & $-0.0621176$ & $0.0224498$ & $0.00980224$ & $0.0221447$ & $-0.0327681$ \\
CHWB & $-0.0264978$ & $-0.0789465$ & $0.0196477$ & $0.00305524$ & $-0.00637154$ & $-0.160814$ & $-0.108261$ & $1$ & $0.98349$ & $-0.57021$ & $-0.88059$ & $-0.354133$ & $0.336367$ & $0.0788836$ & $0.326387$ & $0.318471$ & $-0.243412$ & $-0.45343$ & $-0.449456$ & $0.852703$ & $0.8954$ & $0.878304$ & $0.0514304$ & $-0.67673$ & $-0.412247$ & $-0.512202$ & $0.404689$ & $0.313215$ & $0.0520533$ & $0.123541$ & $0.0401154$ & $-0.102393$ & $0.129833$ & $0.549965$ & $-0.00288353$ & $-0.00984643$ & $-0.0155344$ & $-0.0209569$ & $0.0283152$ & $-0.0216661$ & $-0.00135989$ & $-0.000962096$ & $0.0145129$ & $0.0138995$ & $-0.0261389$ & $-0.0867566$ & $0.0025413$ & $-0.0238225$ & $0.0366125$ \\
CHWHB_gaga & $-0.0214227$ & $-0.0719285$ & $0.0211105$ & $-0.0124643$ & $-0.00436476$ & $-0.157545$ & $-0.0602096$ & $0.98349$ & $1$ & $-0.5617$ & $-0.862159$ & $-0.328448$ & $0.329761$ & $0.0676337$ & $0.316877$ & $0.309324$ & $-0.245427$ & $-0.450748$ & $-0.447354$ & $0.83471$ & $0.877507$ & $0.860206$ & $0.0532466$ & $-0.67141$ & $-0.409471$ & $-0.505917$ & $0.401652$ & $0.310044$ & $0.0557177$ & $0.14829$ & $0.0483707$ & $-0.0646386$ & $0.153401$ & $0.545196$ & $-0.029741$ & $-0.00435634$ & $-0.0250629$ & $-0.0153036$ & $0.0235019$ & $-0.018868$ & $0.00428958$ & $-0.00958687$ & $0.0789314$ & $0.00712926$ & $-0.0141698$ & $-0.0811028$ & $-0.00398361$ & $-0.0170709$ & $0.034934$ \\
CHWHB_gagaorth & $-0.00530372$ & $0.0359371$ & $0.00819117$ & $-0.0191301$ & $0.040115$ & $0.0292106$ & $0.0925572$ & $-0.57021$ & $-0.5617$ & $1$ & $0.362605$ & $0.681714$ & $-0.246077$ & $0.225$ & $-0.170802$ & $-0.141188$ & $0.425894$ & $0.50327$ & $0.486185$ & $-0.349892$ & $-0.37419$ & $-0.363287$ & $-0.0421682$ & $0.548734$ & $0.478971$ & $0.232218$ & $-0.210439$ & $-0.133515$ & $-0.0112474$ & $-0.141506$ & $-0.0954825$ & $0.103905$ & $-0.166077$ & $-0.317643$ & $0.0324497$ & $0.00024524$ & $0.0679252$ & $0.0479513$ & $-0.0235194$ & $0.0121915$ & $-0.068487$ & $-0.00588041$ & $-0.0157418$ & $-0.00509477$ & $-0.00943578$ & $0.0373207$ & $-0.00368896$ & $0.0170514$ & $-0.0238165$ \\
CHD & $0.0268232$ & $0.0445143$ & $-0.0345477$ & $-0.00212723$ & $-0.00186164$ & $0.223185$ & $0.0683826$ & $-0.88059$ & $-0.862159$ & $0.362605$ & $1$ & $0.325097$ & $-0.158382$ & $-0.494459$ & $-0.436378$ & $-0.430301$ & $-0.209323$ & $0.0891965$ & $0.0836774$ & $-0.990491$ & $-0.991395$ & $-0.970824$ & $-0.00681344$ & $0.315892$ & $0.0322119$ & $0.572504$ & $-0.281288$ & $-0.349817$ & $-0.0490678$ & $-0.0675004$ & $0.0108214$ & $0.0770641$ & $-0.0739309$ & $-0.36224$ & $0.00635548$ & $0.0312598$ & $-0.0051814$ & $0.00347203$ & $-0.0295932$ & $0.0112061$ & $0.0184575$ & $0.00631147$ & $-0.00602567$ & $-0.0336341$ & $0.0481749$ & $0.0631536$ & $0.0212175$ & $0.0245669$ & $-0.0472395$ \\
CHbox & $0.00115469$ & $0.0269948$ & $0.0237805$ & $-0.0187853$ & $0.0422302$ & $0.0417341$ & $0.13139$ & $-0.354133$ & $-0.328448$ & $0.681714$ & $0.325097$ & $1$ & $-0.334729$ & $-0.0713694$ & $-0.0859327$ & $-0.0815432$ & $0.0591815$ & $0.119902$ & $0.114897$ & $-0.304794$ & $-0.33344$ & $-0.32436$ & $-0.0432972$ & $0.227011$ & $0.100349$ & $0.213393$ & $-0.182932$ & $-0.127195$ & $-0.0307482$ & $0.0791061$ & $-0.0374783$ & $0.190873$ & $0.0657021$ & $-0.21771$ & $0.0584473$ & $0.034008$ & $0.0410964$ & $0.0122509$ & $-0.0628854$ & $-0.00641413$ & $-0.0317577$ & $-0.0128864$ & $-0.00829884$ & $0.00624065$ & $0.00719673$ & $0.0432151$ & $0.00874246$ & $0.00264676$ & $-0.0242012$ \\
CH & $0.00106025$ & $-0.0135941$ & $-0.0178845$ & $0.00734346$ & $-0.0123303$ & $0.00907954$ & $-0.309411$ & $0.336367$ & $0.329761$ & $-0.246077$ & $-0.158382$ & $-0.334729$ & $1$ & $-0.253094$ & $0.079478$ & $0.0826044$ & $-0.363532$ & $-0.385312$ & $-0.387416$ & $0.153832$ & $0.166709$ & $0.166811$ & $0.0354541$ & $-0.392386$ & $-0.366933$ & $-0.10092$ & $0.134469$ & $0.0689778$ & $0.0723242$ & $0.288179$ & $0.140484$ & $-0.259369$ & $0.338006$ & $0.202464$ & $0.00874609$ & $0.00772907$ & $-0.0403685$ & $0.0171225$ & $0.0260858$ & $0.0152226$ & $-0.00584552$ & $0.00858692$ & $0.00712555$ & $-0.0265668$ & $0.00992693$ & $-0.0435208$ & $0.0161511$ & $-0.00975757$ & $0.00432918$ \\
CHL1_11 & $-0.00722612$ & $0.0238919$ & $0.0459898$ & $0.0210897$ & $0.0231035$ & $0.0111612$ & $0.0392545$ & $0.0788836$ & $0.0676337$ & $0.225$ & $-0.494459$ & $-0.0713694$ & $-0.253094$ & $1$ & $0.244664$ & $0.248574$ & $0.661847$ & $0.602655$ & $0.604716$ & $0.511601$ & $0.458934$ & $0.447577$ & $-0.0596252$ & $0.479761$ & $0.608156$ & $-0.27177$ & $-0.0902227$ & $0.161596$ & $-0.000270025$ & $-0.0841865$ & $-0.0970011$ & $0.00697852$ & $-0.0736554$ & $-0.210416$ & $0.000716163$ & $-0.0637613$ & $0.0458533$ & $0.0240824$ & $0.0108845$ & $0.0108427$ & $-0.0414845$ & $0.00938232$ & $-0.0340603$ & $0.036616$ & $-0.066267$ & $0.00387269$ & $-0.0347862$ & $0.00416307$ & $0.0431799$ \\
CHL1_22 & $-0.0148421$ & $-0.00211186$ & $0.0413753$ & $0.0155698$ & $-0.00235502$ & $-0.0987032$ & $-0.033909$ & $0.326387$ & $0.316877$ & $-0.170802$ & $-0.436378$ & $-0.0859327$ & $0.079478$ & $0.244664$ & $1$ & $0.470261$ & $0.13965$ & $-0.473046$ & $-0.0735607$ & $0.503511$ & $0.353908$ & $0.345631$ & $-0.182633$ & $0.0631641$ & $-0.168784$ & $-0.214191$ & $-0.406212$ & $0.11741$ & $0.0112641$ & $0.0571318$ & $-0.00945203$ & $-0.0225368$ & $0.0653847$ & $-0.580079$ & $-0.0251666$ & $-0.012466$ & $-0.0237035$ & $-0.00683616$ & $0.0285606$ & $0.0310294$ & $-0.0194364$ & $-0.0213511$ & $-0.0369873$ & $0.028797$ & $-0.0246783$ & $0.00224809$ & $-0.0289953$ & $-0.0136883$ & $0.0294349$ \\
CHL1_33 & $-0.0220055$ & $0.0218302$ & $-0.00517217$ & $0.0444896$ & $0.0346926$ & $-0.102124$ & $-0.0291574$ & $0.318471$ & $0.309324$ & $-0.141188$ & $-0.430301$ & $-0.0815432$ & $0.0826044$ & $0.248574$ & $0.470261$ & $1$ & $0.141277$ & $-0.067659$ & $-0.446952$ & $0.495912$ & $0.351389$ & $0.369913$ & $-0.163073$ & $0.0703168$ & $-0.151702$ & $-0.214276$ & $-0.385516$ & $0.104213$ & $0.0310234$ & $0.0278397$ & $-0.0126547$ & $-0.0187337$ & $0.0526186$ & $-0.103086$ & $0.0024705$ & $0.0132202$ & $-0.0431649$ & $0.00188188$ & $0.0282592$ & $-0.00648288$ & $-0.0333469$ & $-0.023901$ & $-0.0340756$ & $0.0314517$ & $-0.0130154$ & $0.0138648$ & $-0.0139188$ & $-0.0128327$ & $0.0683791$ \\
CHL3_11 & $-0.0281192$ & $0.0442397$ & $0.0355057$ & $-0.0251763$ & $0.0377484$ & $-0.270992$ & $0.0907545$ & $-0.243412$ & $-0.245427$ & $0.425894$ & $-0.209323$ & $0.0591815$ & $-0.363532$ & $0.661847$ & $0.13965$ & $0.141277$ & $1$ & $0.734335$ & $0.740203$ & $0.231002$ & $0.182245$ & $0.173897$ & $-0.0574461$ & $0.678707$ & $0.780053$ & $-0.112849$ & $-0.150337$ & $0.0784909$ & $0.000708987$ & $-0.104914$ & $-0.0865004$ & $0.062601$ & $-0.116502$ & $-0.238421$ & $-0.008859$ & $-0.032868$ & $0.041428$ & $0.0324839$ & $-0.00193845$ & $0.0144743$ & $-0.0260603$ & $-0.0213221$ & $-0.000248795$ & $0.0338422$ & $-0.0380713$ & $0.0476294$ & $-0.0450739$ & $-0.00639603$ & $0.00383378$ \\
CHL3_22 & $-0.00511434$ & $0.0393257$ & $0.00628315$ & $-0.00870581$ & $0.0340818$ & $-0.0400664$ & $0.0984501$ & $-0.45343$ & $-0.450748$ & $0.50327$ & $0.0891965$ & $0.119902$ & $-0.385312$ & $0.602655$ & $-0.473046$ & $-0.067659$ & $0.734335$ & $1$ & $0.697005$ & $-0.0945698$ & $-0.0792203$ & $-0.0774108$ & $0.036826$ & $0.638769$ & $0.809253$ & $0.0392734$ & $0.0184504$ & $-0.0194158$ & $-0.0135497$ & $-0.143376$ & $-0.0869965$ & $0.0644168$ & $-0.149405$ & $0.0379972$ & $0.0107976$ & $-0.0337902$ & $0.0504452$ & $0.0359029$ & $-0.00908115$ & $-0.001613$ & $-0.0215713$ & $0.00137081$ & $0.00150607$ & $0.0119793$ & $-0.0250601$ & $0.0446803$ & $-0.0202088$ & $0.0109855$ & $-0.00227241$ \\
CHL3_33 & $0.00192567$ & $0.0249947$ & $0.0451635$ & $-0.024843$ & $0.00602696$ & $-0.0378983$ & $0.0935604$ & $-0.449456$ & $-0.447354$ & $0.486185$ & $0.0836774$ & $0.114897$ & $-0.387416$ & $0.604716$ & $-0.0735607$ & $-0.446952$ & $0.740203$ & $0.697005$ & $1$ & $-0.0882645$ & $-0.0753479$ & $-0.0727004$ & $0.0228643$ & $0.636999$ & $0.80507$ & $0.0399054$ & $0.00745765$ & $-0.013847$ & $-0.0322694$ & $-0.121532$ & $-0.0884842$ & $0.0585349$ & $-0.14243$ & $-0.325327$ & $-0.00852795$ & $-0.0543625$ & $0.0680232$ & $0.0276408$ & $-0.0158753$ & $0.0227985$ & $-0.014626$ & $0.00460459$ & $-0.00211538$ & $0.0140932$ & $-0.0365806$ & $0.0392266$ & $-0.0378372$ & $0.00438814$ & $-0.0269208$ \\
CHe_11 & $-0.0305786$ & $-0.0227217$ & $0.0440126$ & $0.00357386$ & $0.0118262$ & $-0.220048$ & $-0.0678684$ & $0.852703$ & $0.83471$ & $-0.349892$ & $-0.990491$ & $-0.304794$ & $0.153832$ & $0.511601$ & $0.503511$ & $0.495912$ & $0.231002$ & $-0.0945698$ & $-0.0882645$ & $1$ & $0.972976$ & $0.953217$ & $-0.0154852$ & $-0.265277$ & $-0.027707$ & $-0.565487$ & $0.204387$ & $0.338794$ & $0.0454443$ & $0.0659354$ & $-0.0136505$ & $-0.0753936$ & $0.0745288$ & $0.281302$ & $-0.00879641$ & $-0.0325175$ & $0.00072295$ & $-0.00298138$ & $0.0283024$ & $-0.00718183$ & $-0.0191599$ & $-0.00979618$ & $0.00304534$ & $0.0376838$ & $-0.0488707$ & $-0.0514202$ & $-0.0235852$ & $-0.0261435$ & $0.0511867$ \\
CHe_22 & $-0.0298951$ & $-0.0258513$ & $0.0401642$ & $-0.00259909$ & $0.00975079$ & $-0.225971$ & $-0.0702784$ & $0.8954$ & $0.877507$ & $-0.37419$ & $-0.991395$ & $-0.33344$ & $0.166709$ & $0.458934$ & $0.353908$ & $0.351389$ & $0.182245$ & $-0.0792203$ & $-0.0753479$ & $0.972976$ & $1$ & $0.975338$ & $0.0334685$ & $-0.366791$ & $-0.0340748$ & $-0.574597$ & $0.359895$ & $0.353115$ & $0.0465369$ & $0.0703699$ & $-0.00627006$ & $-0.0801793$ & $0.0748945$ & $0.447748$ & $-0.00410564$ & $-0.031884$ & $0.00805076$ & $-0.00645486$ & $0.0178128$ & $-0.0151266$ & $-0.0127251$ & $-0.00408008$ & $0.0152558$ & $0.0324445$ & $-0.0479866$ & $-0.066494$ & $-0.0147473$ & $-0.0264946$ & $0.0466673$ \\
CHe_33 & $-0.0285551$ & $-0.02489$ & $0.0413571$ & $0.000125829$ & $0.0111554$ & $-0.220523$ & $-0.0721441$ & $0.878304$ & $0.860206$ & $-0.363287$ & $-0.970824$ & $-0.32436$ & $0.166811$ & $0.447577$ & $0.345631$ & $0.369913$ & $0.173897$ & $-0.0774108$ & $-0.0727004$ & $0.953217$ & $0.975338$ & $1$ & $0.0387012$ & $-0.358974$ & $-0.0361886$ & $-0.564904$ & $0.352694$ & $0.343417$ & $0.0424591$ & $0.0675171$ & $-0.0100608$ & $-0.0823538$ & $0.0690988$ & $0.442214$ & $0.00430526$ & $-0.0265694$ & $0.0125785$ & $-0.00206937$ & $0.0164056$ & $-0.0176438$ & $-0.0142516$ & $-0.00784152$ & $0.00354571$ & $0.0329986$ & $-0.0555752$ & $-0.0657233$ & $-0.0109574$ & $-0.0334769$ & $0.0474607$ \\
CHQ1_11 & $-0.0267874$ & $-0.0334087$ & $-0.0202339$ & $-0.0285834$ & $0.0183851$ & $0.00745644$ & $-0.0395634$ & $0.0514304$ & $0.0532466$ & $-0.0421682$ & $-0.00681344$ & $-0.0432972$ & $0.0354541$ & $-0.0596252$ & $-0.182633$ & $-0.163073$ & $-0.0574461$ & $0.036826$ & $0.0228643$ & $-0.0154852$ & $0.0334685$ & $0.0387012$ & $1$ & $-0.111859$ & $0.111629$ & $-0.668164$ & $0.352814$ & $0.0332302$ & $0.00241162$ & $0.00730031$ & $0.0170858$ & $-0.0550723$ & $-0.0114542$ & $0.198599$ & $-0.0041034$ & $0.0247253$ & $-0.0137333$ & $0.00472781$ & $-0.0154227$ & $-0.00575108$ & $0.0237655$ & $-0.00332147$ & $0.0224298$ & $-0.0140381$ & $-0.0328597$ & $0.00668832$ & $-0.0391713$ & $-0.0176063$ & $-0.0301285$ \\
CHQ1_33 & $-0.059506$ & $0.0231634$ & $0.0127175$ & $-0.000191792$ & $0.0146216$ & $0.0124466$ & $0.104993$ & $-0.67673$ & $-0.67141$ & $0.548734$ & $0.315892$ & $0.227011$ & $-0.392386$ & $0.479761$ & $0.0631641$ & $0.0703168$ & $0.678707$ & $0.638769$ & $0.636999$ & $-0.265277$ & $-0.366791$ & $-0.358974$ & $-0.111859$ & $1$ & $0.657921$ & $0.205001$ & $-0.394902$ & $-0.0427152$ & $-0.0256501$ & $-0.136815$ & $-0.0768366$ & $0.0880355$ & $-0.13536$ & $-0.611456$ & $-0.000773128$ & $-0.0264241$ & $0.0075872$ & $0.0299084$ & $-0.00680374$ & $0.0230954$ & $-0.0317135$ & $-0.0113194$ & $-0.0305635$ & $0.0104384$ & $-0.0136898$ & $0.0652032$ & $-0.0198548$ & $0.0206785$ & $-0.0114186$ \\
CHQ3_11 & $-0.103048$ & $0.0129165$ & $0.0109456$ & $-0.0391842$ & $0.0267743$ & $-0.0830494$ & $0.0825846$ & $-0.412247$ & $-0.409471$ & $0.478971$ & $0.0322119$ & $0.100349$ & $-0.366933$ & $0.608156$ & $-0.168784$ & $-0.151702$ & $0.780053$ & $0.809253$ & $0.80507$ & $-0.027707$ & $-0.0340748$ & $-0.0361886$ & $0.111629$ & $0.657921$ & $1$ & $0.00811668$ & $0.213077$ & $-0.00106625$ & $-0.0108035$ & $-0.127513$ & $-0.0933357$ & $0.0489581$ & $-0.143045$ & $-0.185888$ & $-0.0103343$ & $-0.0390207$ & $0.0589049$ & $0.0275862$ & $-0.00415758$ & $0.0243331$ & $-0.00846043$ & $-0.000340622$ & $0.0101324$ & $0.0238953$ & $-0.0483619$ & $0.0351118$ & $-0.0510665$ & $0.020349$ & $-0.0190423$ \\
CHu_11 & $0.0201184$ & $0.0295316$ & $-0.0211926$ & $0.0194588$ & $-0.0288043$ & $0.127083$ & $0.0585755$ & $-0.512202$ & $-0.505917$ & $0.232218$ & $0.572504$ & $0.213393$ & $-0.10092$ & $-0.27177$ & $-0.214191$ & $-0.214276$ & $-0.112849$ & $0.0392734$ & $0.0399054$ & $-0.565487$ & $-0.574597$ & $-0.564904$ & $-0.668164$ & $0.205001$ & $0.00811668$ & $1$ & $-0.171783$ & $-0.216318$ & $-0.0302329$ & $-0.051244$ & $-0.00202863$ & $0.0782132$ & $-0.0392365$ & $-0.246827$ & $0.0289211$ & $0.00769652$ & $0.0303671$ & $-0.00881771$ & $-0.00967096$ & $0.0180804$ & $0.0127$ & $0.0172289$ & $-0.025645$ & $-0.0256275$ & $0.050866$ & $0.0142195$ & $0.0521244$ & $0.0154937$ & $-0.0134195$ \\
CHd_11 & $-0.0257076$ & $-0.0511693$ & $-0.009314$ & $-0.0556273$ & $-0.00983968$ & $-0.085728$ & $-0.055804$ & $0.404689$ & $0.401652$ & $-0.210439$ & $-0.281288$ & $-0.182932$ & $0.134469$ & $-0.0902227$ & $-0.406212$ & $-0.385516$ & $-0.150337$ & $0.0184504$ & $0.00745765$ & $0.204387$ & $0.359895$ & $0.352694$ & $0.352814$ & $-0.394902$ & $0.213077$ & $-0.171783$ & $1$ & $0.117465$ & $0.0261843$ & $0.0317746$ & $0.020102$ & $-0.0665751$ & $0.0214366$ & $0.68771$ & $0.0115806$ & $-0.00149051$ & $0.0386719$ & $-0.0153629$ & $-0.0226025$ & $-0.00748498$ & $0.0483222$ & $0.0163256$ & $0.0629675$ & $-0.00741968$ & $-0.0106308$ & $-0.0702681$ & $-0.00650004$ & $-0.00111118$ & $-0.00842161$ \\
CHd_33 & $-0.0264587$ & $-0.0266622$ & $0.024508$ & $-0.0151455$ & $-0.00238771$ & $-0.100947$ & $0.00400295$ & $0.313215$ & $0.310044$ & $-0.133515$ & $-0.349817$ & $-0.127195$ & $0.0689778$ & $0.161596$ & $0.11741$ & $0.104213$ & $0.0784909$ & $-0.0194158$ & $-0.013847$ & $0.338794$ & $0.353115$ & $0.343417$ & $0.0332302$ & $-0.0427152$ & $-0.00106625$ & $-0.216318$ & $0.117465$ & $1$ & $0.0417294$ & $0.0321986$ & $-0.00548924$ & $0.00117811$ & $0.0310431$ & $0.164508$ & $0.0109286$ & $-0.0191934$ & $-0.00302987$ & $0.0169525$ & $-0.00188231$ & $0.0167457$ & $0.00529839$ & $0.0285011$ & $-0.01281$ & $0.0428837$ & $-0.0264475$ & $-0.0139558$ & $0.0120248$ & $-0.0516423$ & $0.010876$ \\
CeH_22r & $0.00143944$ & $-0.0664035$ & $-0.0244683$ & $0.00290284$ & $0.000439645$ & $-0.0187522$ & $-0.00714288$ & $0.0520533$ & $0.0557177$ & $-0.0112474$ & $-0.0490678$ & $-0.0307482$ & $0.0723242$ & $-0.000270025$ & $0.0112641$ & $0.0310234$ & $0.000708987$ & $-0.0135497$ & $-0.0322694$ & $0.0454443$ & $0.0465369$ & $0.0424591$ & $0.00241162$ & $-0.0256501$ & $-0.0108035$ & $-0.0302329$ & $0.0261843$ & $0.0417294$ & $1$ & $0.0196088$ & $-0.0227826$ & $-0.0342449$ & $0.0258463$ & $0.0348376$ & $-0.0377388$ & $-0.00833423$ & $0.0243204$ & $-0.00803781$ & $0.000628898$ & $0.025846$ & $0.00141931$ & $-0.00767807$ & $0.00519857$ & $0.0523467$ & $0.00681011$ & $-0.0185355$ & $0.00957674$ & $-0.0237844$ & $0.0172922$ \\
CeH_33r & $0.00439135$ & $-0.00413252$ & $0.049382$ & $-0.0381541$ & $0.00228957$ & $-0.026075$ & $-0.0909778$ & $0.123541$ & $0.14829$ & $-0.141506$ & $-0.0675004$ & $0.0791061$ & $0.288179$ & $-0.0841865$ & $0.0571318$ & $0.0278397$ & $-0.104914$ & $-0.143376$ & $-0.121532$ & $0.0659354$ & $0.0703699$ & $0.0675171$ & $0.00730031$ & $-0.136815$ & $-0.127513$ & $-0.051244$ & $0.0317746$ & $0.0321986$ & $0.0196088$ & $1$ & $0.323828$ & $0.0563829$ & $0.661723$ & $0.0567736$ & $-0.0684257$ & $0.020574$ & $-0.153211$ & $-0.0258433$ & $-0.0215866$ & $0.0244752$ & $0.0333716$ & $0.00761267$ & $0.0594083$ & $-0.034977$ & $0.0933989$ & $0.0181946$ & $0.019868$ & $0.00780875$ & $0.0151697$ \\
CuH_22r & $-0.00579651$ & $-0.0247427$ & $0.0290319$ & $0.0177756$ & $0.0313699$ & $-0.00993631$ & $-0.0518302$ & $0.0401154$ & $0.0483707$ & $-0.0954825$ & $0.0108214$ & $-0.0374783$ & $0.140484$ & $-0.0970011$ & $-0.00945203$ & $-0.0126547$ & $-0.0865004$ & $-0.0869965$ & $-0.0884842$ & $-0.0136505$ & $-0.00627006$ & $-0.0100608$ & $0.0170858$ & $-0.0768366$ & $-0.0933357$ & $-0.00202863$ & $0.020102$ & $-0.00548924$ & $-0.0227826$ & $0.323828$ & $1$ & $0.0377701$ & $0.349781$ & $0.0445827$ & $-0.0369595$ & $0.00521402$ & $-0.0771017$ & $-0.0303378$ & $-0.0176689$ & $-0.0428234$ & $0.0304017$ & $0.003754$ & $-0.021452$ & $-0.0127616$ & $0.0234276$ & $0.0549623$ & $0.325755$ & $0.0568102$ & $-0.0454627$ \\
CuH_33r & $0.00311404$ & $-0.0328255$ & $0.047932$ & $-0.00332854$ & $0.0178592$ & $0.0285575$ & $0.934908$ & $-0.102393$ & $-0.0646386$ & $0.103905$ & $0.0770641$ & $0.190873$ & $-0.259369$ & $0.00697852$ & $-0.0225368$ & $-0.0187337$ & $0.062601$ & $0.0644168$ & $0.0585349$ & $-0.0753936$ & $-0.0801793$ & $-0.0823538$ & $-0.0550723$ & $0.0880355$ & $0.0489581$ & $0.0782132$ & $-0.0665751$ & $0.00117811$ & $-0.0342449$ & $0.0563829$ & $0.0377701$ & $1$ & $0.046989$ & $-0.0603654$ & $0.0320272$ & $-0.0402942$ & $0.0207885$ & $0.00107803$ & $0.00950899$ & $-0.0230746$ & $0.06121$ & $0.019925$ & $-0.0494663$ & $-0.0234458$ & $-0.0527291$ & $0.0196374$ & $0.0236742$ & $0.0317506$ & $-0.00119382$ \\
CdH_33r & $0.0310322$ & $0.0636409$ & $0.0959682$ & $-0.049293$ & $0.0075238$ & $-0.0288169$ & $-0.147807$ & $0.129833$ & $0.153401$ & $-0.166077$ & $-0.0739309$ & $0.0657021$ & $0.338006$ & $-0.0736554$ & $0.0653847$ & $0.0526186$ & $-0.116502$ & $-0.149405$ & $-0.14243$ & $0.0745288$ & $0.0748945$ & $0.0690988$ & $-0.0114542$ & $-0.13536$ & $-0.143045$ & $-0.0392365$ & $0.0214366$ & $0.0310431$ & $0.0258463$ & $0.661723$ & $0.349781$ & $0.046989$ & $1$ & $0.0545918$ & $-0.00566342$ & $0.0286753$ & $-0.223672$ & $-0.0368862$ & $-0.059059$ & $0.0390956$ & $0.0134434$ & $-0.0186315$ & $0.0786544$ & $-0.0544229$ & $0.0257663$ & $0.0378084$ & $-0.0312008$ & $0.192904$ & $0.423126$ \\
CLL_1221 & $-0.00969172$ & $-0.00291775$ & $-0.0184843$ & $-0.0213825$ & $0.0028017$ & $-0.1402$ & $-0.0566918$ & $0.549965$ & $0.545196$ & $-0.317643$ & $-0.36224$ & $-0.21771$ & $0.202464$ & $-0.210416$ & $-0.580079$ & $-0.103086$ & $-0.238421$ & $0.0379972$ & $-0.325327$ & $0.281302$ & $0.447748$ & $0.442214$ & $0.198599$ & $-0.611456$ & $-0.185888$ & $-0.246827$ & $0.68771$ & $0.164508$ & $0.0348376$ & $0.0567736$ & $0.0445827$ & $-0.0603654$ & $0.0545918$ & $1$ & $0.0255793$ & $0.0127939$ & $0.00700123$ & $-0.0127128$ & $-0.018415$ & $-0.0433548$ & $0.0222517$ & $0.00937469$ & $0.0563456$ & $-0.00526303$ & $0.00485598$ & $-0.0657149$ & $0.0286465$ & $-0.0202046$ & $0.0150858$ \\
eHggint & $0.0260342$ & $0.0703616$ & $-0.104482$ & $0.105436$ & $-0.00733865$ & $-0.0402364$ & $-0.0301051$ & $-0.00288353$ & $-0.029741$ & $0.0324497$ & $0.00635548$ & $0.0584473$ & $0.00874609$ & $0.000716163$ & $-0.0251666$ & $0.0024705$ & $-0.008859$ & $0.0107976$ & $-0.00852795$ & $-0.00879641$ & $-0.00410564$ & $0.00430526$ & $-0.0041034$ & $-0.000773128$ & $-0.0103343$ & $0.0289211$ & $0.0115806$ & $0.0109286$ & $-0.0377388$ & $-0.0684257$ & $-0.0369595$ & $0.0320272$ & $-0.00566342$ & $0.0255793$ & $1$ & $-0.115227$ & $0.0302071$ & $-0.0184638$ & $-0.268268$ & $0.0118916$ & $-0.0536031$ & $0.0227735$ & $-0.213003$ & $0.0547768$ & $-0.00623655$ & $-0.175881$ & $0.10427$ & $-0.120449$ & $0.21231$ \\
eHggpar & $0.0369389$ & $0.0516104$ & $-0.0817351$ & $-0.316348$ & $-0.0287488$ & $-0.0314312$ & $-0.0739389$ & $-0.00984643$ & $-0.00435634$ & $0.00024524$ & $0.0312598$ & $0.034008$ & $0.00772907$ & $-0.0637613$ & $-0.012466$ & $0.0132202$ & $-0.032868$ & $-0.0337902$ & $-0.0543625$ & $-0.0325175$ & $-0.031884$ & $-0.0265694$ & $0.0247253$ & $-0.0264241$ & $-0.0390207$ & $0.00769652$ & $-0.00149051$ & $-0.0191934$ & $-0.00833423$ & $0.020574$ & $0.00521402$ & $-0.0402942$ & $0.0286753$ & $0.0127939$ & $-0.115227$ & $1$ & $-0.332854$ & $-0.0214525$ & $-0.111229$ & $-0.00699758$ & $-0.0131819$ & $0.00374705$ & $0.204755$ & $-0.228281$ & $-0.04353$ & $0.0218354$ & $-0.0887155$ & $0.0730534$ & $-0.00261819$ \\
eHWWint & $0.0742109$ & $0.0287957$ & $-0.101481$ & $0.261909$ & $0.0604699$ & $0.0336772$ & $0.0637253$ & $-0.0155344$ & $-0.0250629$ & $0.0679252$ & $-0.0051814$ & $0.0410964$ & $-0.0403685$ & $0.0458533$ & $-0.0237035$ & $-0.0431649$ & $0.041428$ & $0.0504452$ & $0.0680232$ & $0.00072295$ & $0.00805076$ & $0.0125785$ & $-0.0137333$ & $0.0075872$ & $0.0589049$ & $0.0303671$ & $0.0386719$ & $-0.00302987$ & $0.0243204$ & $-0.153211$ & $-0.0771017$ & $0.0207885$ & $-0.223672$ & $0.00700123$ & $0.0302071$ & $-0.332854$ & $1$ & $0.00427916$ & $0.0511998$ & $-0.0586643$ & $-0.0608484$ & $0.0161353$ & $-0.106968$ & $0.163555$ & $-0.0967128$ & $-0.0378685$ & $0.00889588$ & $-0.185706$ & $-0.100245$ \\
eHWWpar & $0.0180897$ & $-0.0172541$ & $0.0322438$ & $0.0311945$ & $-0.0224936$ & $0.0103218$ & $0.0119432$ & $-0.0209569$ & $-0.0153036$ & $0.0479513$ & $0.00347203$ & $0.0122509$ & $0.0171225$ & $0.0240824$ & $-0.00683616$ & $0.00188188$ & $0.0324839$ & $0.0359029$ & $0.0276408$ & $-0.00298138$ & $-0.00645486$ & $-0.00206937$ & $0.00472781$ & $0.0299084$ & $0.0275862$ & $-0.00881771$ & $-0.0153629$ & $0.0169525$ & $-0.00803781$ & $-0.0258433$ & $-0.0303378$ & $0.00107803$ & $-0.0368862$ & $-0.0127128$ & $-0.0184638$ & $-0.0214525$ & $0.00427916$ & $1$ & $-0.0148083$ & $-0.0102154$ & $-0.0444728$ & $0.000379728$ & $-0.0272575$ & $0.00956002$ & $-0.0221911$ & $0.0586517$ & $0.00493634$ & $-0.0356436$ & $-0.0428451$ \\
eHZZint & $-0.0848474$ & $-0.264484$ & $-0.138975$ & $-0.018944$ & $0.0123344$ & $0.00429075$ & $0.0130709$ & $0.0283152$ & $0.0235019$ & $-0.0235194$ & $-0.0295932$ & $-0.0628854$ & $0.0260858$ & $0.0108845$ & $0.0285606$ & $0.0282592$ & $-0.00193845$ & $-0.00908115$ & $-0.0158753$ & $0.0283024$ & $0.0178128$ & $0.0164056$ & $-0.0154227$ & $-0.00680374$ & $-0.00415758$ & $-0.00967096$ & $-0.0226025$ & $-0.00188231$ & $0.000628898$ & $-0.0215866$ & $-0.0176689$ & $0.00950899$ & $-0.059059$ & $-0.018415$ & $-0.268268$ & $-0.111229$ & $0.0511998$ & $-0.0148083$ & $1$ & $0.0170026$ & $0.126027$ & $0.0145988$ & $-0.0901161$ & $-0.0481912$ & $-0.0595533$ & $-0.0189086$ & $-0.122508$ & $0.111214$ & $-0.170213$ \\
eHZZpar & $0.0389315$ & $0.0188606$ & $-0.00458763$ & $-0.0551447$ & $-0.086047$ & $-0.0258195$ & $-0.0231437$ & $-0.0216661$ & $-0.018868$ & $0.0121915$ & $0.0112061$ & $-0.00641413$ & $0.0152226$ & $0.0108427$ & $0.0310294$ & $-0.00648288$ & $0.0144743$ & $-0.001613$ & $0.0227985$ & $-0.00718183$ & $-0.0151266$ & $-0.0176438$ & $-0.00575108$ & $0.0230954$ & $0.0243331$ & $0.0180804$ & $-0.00748498$ & $0.0167457$ & $0.025846$ & $0.0244752$ & $-0.0428234$ & $-0.0230746$ & $0.0390956$ & $-0.0433548$ & $0.0118916$ & $-0.00699758$ & $-0.0586643$ & $-0.0102154$ & $0.0170026$ & $1$ & $-0.0154912$ & $-0.00153841$ & $0.0317156$ & $0.0256674$ & $-0.0091362$ & $-0.0204505$ & $-0.0571115$ & $0.0242661$ & $0.0594082$ \\
eHZgaint & $0.118506$ & $0.0613853$ & $0.0424619$ & $-0.0024022$ & $-0.0171059$ & $-0.00911247$ & $0.0576141$ & $-0.00135989$ & $0.00428958$ & $-0.068487$ & $0.0184575$ & $-0.0317577$ & $-0.00584552$ & $-0.0414845$ & $-0.0194364$ & $-0.0333469$ & $-0.0260603$ & $-0.0215713$ & $-0.014626$ & $-0.0191599$ & $-0.0127251$ & $-0.0142516$ & $0.0237655$ & $-0.0317135$ & $-0.00846043$ & $0.0127$ & $0.0483222$ & $0.00529839$ & $0.00141931$ & $0.0333716$ & $0.0304017$ & $0.06121$ & $0.0134434$ & $0.0222517$ & $-0.0536031$ & $-0.0131819$ & $-0.0608484$ & $-0.0444728$ & $0.126027$ & $-0.0154912$ & $1$ & $0.0129473$ & $-0.00315294$ & $-0.12238$ & $-0.175349$ & $-0.0889802$ & $-0.0374767$ & $0.112011$ & $-0.0931283$ \\
eHZgapar & $-0.00302617$ & $0.0278561$ & $-0.0255682$ & $0.0114032$ & $0.00433245$ & $0.0189007$ & $0.0124897$ & $-0.000962096$ & $-0.00958687$ & $-0.00588041$ & $0.00631147$ & $-0.0128864$ & $0.00858692$ & $0.00938232$ & $-0.0213511$ & $-0.023901$ & $-0.0213221$ & $0.00137081$ & $0.00460459$ & $-0.00979618$ & $-0.00408008$ & $-0.00784152$ & $-0.00332147$ & $-0.0113194$ & $-0.000340622$ & $0.0172289$ & $0.0163256$ & $0.0285011$ & $-0.00767807$ & $0.00761267$ & $0.003754$ & $0.019925$ & $-0.0186315$ & $0.00937469$ & $0.0227735$ & $0.00374705$ & $0.0161353$ & $0.000379728$ & $0.0145988$ & $-0.00153841$ & $0.0129473$ & $1$ & $-0.0613051$ & $0.0359921$ & $-0.0261266$ & $0.000452993$ & $-0.0147938$ & $-0.0471$ & $-0.00933391$ \\
eHgagaint & $0.051121$ & $0.0999942$ & $-0.133997$ & $-0.228073$ & $0.00041246$ & $-0.0262051$ & $-0.0356605$ & $0.0145129$ & $0.0789314$ & $-0.0157418$ & $-0.00602567$ & $-0.00829884$ & $0.00712555$ & $-0.0340603$ & $-0.0369873$ & $-0.0340756$ & $-0.000248795$ & $0.00150607$ & $-0.00211538$ & $0.00304534$ & $0.0152558$ & $0.00354571$ & $0.0224298$ & $-0.0305635$ & $0.0101324$ & $-0.025645$ & $0.0629675$ & $-0.01281$ & $0.00519857$ & $0.0594083$ & $-0.021452$ & $-0.0494663$ & $0.0786544$ & $0.0563456$ & $-0.213003$ & $0.204755$ & $-0.106968$ & $-0.0272575$ & $-0.0901161$ & $0.0317156$ & $-0.00315294$ & $-0.0613051$ & $1$ & $-0.0761259$ & $0.185298$ & $-0.0364509$ & $-0.0769737$ & $0.0422268$ & $0.0915352$ \\
eHmumuint & $-0.00877322$ & $0.107331$ & $-0.195687$ & $0.0237881$ & $0.0119311$ & $0.0222836$ & $-0.0147927$ & $0.0138995$ & $0.00712926$ & $-0.00509477$ & $-0.0336341$ & $0.00624065$ & $-0.0265668$ & $0.036616$ & $0.028797$ & $0.0314517$ & $0.0338422$ & $0.0119793$ & $0.0140932$ & $0.0376838$ & $0.0324445$ & $0.0329986$ & $-0.0140381$ & $0.0104384$ & $0.0238953$ & $-0.0256275$ & $-0.00741968$ & $0.0428837$ & $0.0523467$ & $-0.034977$ & $-0.0127616$ & $-0.0234458$ & $-0.0544229$ & $-0.00526303$ & $0.0547768$ & $-0.228281$ & $0.163555$ & $0.00956002$ & $-0.0481912$ & $0.0256674$ & $-0.12238$ & $0.0359921$ & $-0.0761259$ & $1$ & $0.0222905$ & $0.102736$ & $0.0553179$ & $-0.246921$ & $0.0240327$ \\
eHtautauint & $0.13253$ & $0.00814939$ & $-0.0531884$ & $-0.0560683$ & $-0.0340352$ & $0.0118127$ & $-0.0621176$ & $-0.0261389$ & $-0.0141698$ & $-0.00943578$ & $0.0481749$ & $0.00719673$ & $0.00992693$ & $-0.066267$ & $-0.0246783$ & $-0.0130154$ & $-0.0380713$ & $-0.0250601$ & $-0.0365806$ & $-0.0488707$ & $-0.0479866$ & $-0.0555752$ & $-0.0328597$ & $-0.0136898$ & $-0.0483619$ & $0.050866$ & $-0.0106308$ & $-0.0264475$ & $0.00681011$ & $0.0933989$ & $0.0234276$ & $-0.0527291$ & $0.0257663$ & $0.00485598$ & $-0.00623655$ & $-0.04353$ & $-0.0967128$ & $-0.0221911$ & $-0.0595533$ & $-0.0091362$ & $-0.175349$ & $-0.0261266$ & $0.185298$ & $0.0222905$ & $1$ & $-0.0518683$ & $0.0725698$ & $-0.0800862$ & $0.0333326$ \\
eHccint & $0.055084$ & $0.0699281$ & $0.0941344$ & $-0.0344955$ & $0.0285478$ & $0.0353426$ & $0.0224498$ & $-0.0867566$ & $-0.0811028$ & $0.0373207$ & $0.0631536$ & $0.0432151$ & $-0.0435208$ & $0.00387269$ & $0.00224809$ & $0.0138648$ & $0.0476294$ & $0.0446803$ & $0.0392266$ & $-0.0514202$ & $-0.066494$ & $-0.0657233$ & $0.00668832$ & $0.0652032$ & $0.0351118$ & $0.0142195$ & $-0.0702681$ & $-0.0139558$ & $-0.0185355$ & $0.0181946$ & $0.0549623$ & $0.0196374$ & $0.0378084$ & $-0.0657149$ & $-0.175881$ & $0.0218354$ & $-0.0378685$ & $0.0586517$ & $-0.0189086$ & $-0.0204505$ & $-0.0889802$ & $0.000452993$ & $-0.0364509$ & $0.102736$ & $-0.0518683$ & $1$ & $-0.0578707$ & $0.0164214$ & $0.0115178$ \\
eHccpar & $-0.0172459$ & $0.011793$ & $0.0341058$ & $0.0100487$ & $0.0386838$ & $0.0379798$ & $0.00980224$ & $0.0025413$ & $-0.00398361$ & $-0.00368896$ & $0.0212175$ & $0.00874246$ & $0.0161511$ & $-0.0347862$ & $-0.0289953$ & $-0.0139188$ & $-0.0450739$ & $-0.0202088$ & $-0.0378372$ & $-0.0235852$ & $-0.0147473$ & $-0.0109574$ & $-0.0391713$ & $-0.0198548$ & $-0.0510665$ & $0.0521244$ & $-0.00650004$ & $0.0120248$ & $0.00957674$ & $0.019868$ & $0.325755$ & $0.0236742$ & $-0.0312008$ & $0.0286465$ & $0.10427$ & $-0.0887155$ & $0.00889588$ & $0.00493634$ & $-0.122508$ & $-0.0571115$ & $-0.0374767$ & $-0.0147938$ & $-0.0769737$ & $0.0553179$ & $0.0725698$ & $-0.0578707$ & $1$ & $0.00920208$ & $-0.122249$ \\
eHbbint & $-0.0309788$ & $-0.107292$ & $-0.0224852$ & $-0.165558$ & $0.003929$ & $0.00772388$ & $0.0221447$ & $-0.0238225$ & $-0.0170709$ & $0.0170514$ & $0.0245669$ & $0.00264676$ & $-0.00975757$ & $0.00416307$ & $-0.0136883$ & $-0.0128327$ & $-0.00639603$ & $0.0109855$ & $0.00438814$ & $-0.0261435$ & $-0.0264946$ & $-0.0334769$ & $-0.0176063$ & $0.0206785$ & $0.020349$ & $0.0154937$ & $-0.00111118$ & $-0.0516423$ & $-0.0237844$ & $0.00780875$ & $0.0568102$ & $0.0317506$ & $0.192904$ & $-0.0202046$ & $-0.120449$ & $0.0730534$ & $-0.185706$ & $-0.0356436$ & $0.111214$ & $0.0242661$ & $0.112011$ & $-0.0471$ & $0.0422268$ & $-0.246921$ & $-0.0800862$ & $0.0164214$ & $0.00920208$ & $1$ & $0.0341667$ \\
eHbbpar & $0.108977$ & $0.203497$ & $0.122187$ & $0.0157445$ & $0.0162155$ & $-0.0267676$ & $-0.0327681$ & $0.0366125$ & $0.034934$ & $-0.0238165$ & $-0.0472395$ & $-0.0242012$ & $0.00432918$ & $0.0431799$ & $0.0294349$ & $0.0683791$ & $0.00383378$ & $-0.00227241$ & $-0.0269208$ & $0.0511867$ & $0.0466673$ & $0.0474607$ & $-0.0301285$ & $-0.0114186$ & $-0.0190423$ & $-0.0134195$ & $-0.00842161$ & $0.010876$ & $0.0172922$ & $0.0151697$ & $-0.0454627$ & $-0.00119382$ & $0.423126$ & $0.0150858$ & $0.21231$ & $-0.00261819$ & $-0.100245$ & $-0.0428451$ & $-0.170213$ & $0.0594082$ & $-0.0931283$ & $-0.00933391$ & $0.0915352$ & $0.0240327$ & $0.0333326$ & $0.0115178$ & $-0.122249$ & $0.0341667$ & $1$ \\
