 & AlsMz & dAle5Mz & mtop & mHl & Mz & CW & CHG & CHWB & CHWHB_gaga & CHWHB_gagaorth & CHD & CHbox & CH & CHL1_11 & CHL1_22 & CHL1_33 & CHL3_11 & CHL3_22 & CHL3_33 & CHe_11 & CHe_22 & CHe_33 & CHQ1_11 & CHQ1_33 & CHQ3_11 & CHu_11 & CHd_11 & CHd_33 & CeH_22r & CeH_33r & CuH_22r & CuH_33r & CdH_33r & CLL_1221 & eHggint & eHggpar & eHWWint & eHWWpar & eHZZint & eHZZpar & eHZgaint & eHZgapar & eHgagaint & eHmumuint & eHtautauint & eHccint & eHccpar & eHbbint & eHbbpar \\
AlsMz & $1$ & $-0.140809$ & $-0.0899343$ & $-0.0385833$ & $0.00670323$ & $0.00455533$ & $0.0110577$ & $0.0383263$ & $0.028627$ & $-0.0326769$ & $-0.0340586$ & $-0.00861418$ & $-0.0102199$ & $-0.00251563$ & $0.0136114$ & $0.00529435$ & $-0.0120117$ & $-0.0221885$ & $-0.0160678$ & $0.0238575$ & $0.0267395$ & $0.027493$ & $-0.00371481$ & $-0.0766484$ & $-0.105585$ & $-0.0439766$ & $-0.00989135$ & $0.0180331$ & $-0.00542875$ & $-0.00960055$ & $0.0257265$ & $0.00833109$ & $-0.0223851$ & $0.019716$ & $0.0113838$ & $-0.00642318$ & $0.0851663$ & $-0.0321252$ & $0.104298$ & $-0.0141155$ & $0.0983152$ & $0.00679424$ & $-0.161079$ & $-0.125378$ & $0.200105$ & $-0.100018$ & $0.195355$ & $0.0763268$ & $-0.0389991$ \\
dAle5Mz & $-0.140809$ & $1$ & $-0.0169898$ & $-0.0168542$ & $0.000888121$ & $0.0050022$ & $0.0105324$ & $-0.0554761$ & $-0.0519122$ & $0.0382377$ & $0.0580798$ & $0.0263039$ & $-0.000858875$ & $-0.0482839$ & $-0.0512354$ & $-0.0519964$ & $-0.00898655$ & $0.000549237$ & $0.00183332$ & $-0.0463899$ & $-0.0385595$ & $-0.0376958$ & $0.011793$ & $-0.00219873$ & $0.0201688$ & $0.0379924$ & $0.0436385$ & $-0.0236936$ & $-0.0081601$ & $-0.0120752$ & $-0.00844787$ & $0.0143155$ & $0.0208244$ & $0.04481$ & $0.107009$ & $-0.0442425$ & $0.101727$ & $0.00882763$ & $-0.110451$ & $-0.0145243$ & $-0.0196922$ & $-0.0170459$ & $0.070695$ & $0.0141676$ & $0.00534636$ & $-0.0534964$ & $0.0265528$ & $0.0918004$ & $0.0849865$ \\
mtop & $-0.0899343$ & $-0.0169898$ & $1$ & $-0.149946$ & $0.00349977$ & $-0.00304667$ & $0.0107967$ & $0.00211955$ & $0.0151522$ & $-0.0195146$ & $0.0136563$ & $0.0144445$ & $-0.0122364$ & $-0.0194714$ & $0.0170924$ & $0.0190792$ & $-0.0188334$ & $-0.0279898$ & $-0.0288971$ & $-0.005567$ & $-0.00980298$ & $-0.00931728$ & $-0.00359147$ & $-0.00201536$ & $-0.019284$ & $0.00577422$ & $-0.0204724$ & $-0.00156587$ & $0.0167388$ & $0.00820504$ & $0.023619$ & $0.0133908$ & $0.0241208$ & $-0.012319$ & $0.0320602$ & $-0.081896$ & $-0.166034$ & $0.00512087$ & $0.0400261$ & $-0.00041242$ & $-0.0215026$ & $0.00205322$ & $0.253051$ & $0.0767895$ & $-0.0240902$ & $0.110292$ & $0.0463126$ & $0.0258418$ & $0.026363$ \\
mHl & $-0.0385833$ & $-0.0168542$ & $-0.149946$ & $1$ & $0.012414$ & $-0.00662019$ & $-0.075449$ & $0.0356173$ & $0.0395303$ & $-0.0430142$ & $-0.0381619$ & $-0.053731$ & $0.0803996$ & $0.0215663$ & $0.0128365$ & $0.0143325$ & $0.00516949$ & $0.00049612$ & $-0.000864551$ & $0.0362159$ & $0.0382974$ & $0.0372682$ & $0.00576388$ & $-0.00999927$ & $0.00537238$ & $-0.02762$ & $0.0235738$ & $0.0251384$ & $0.0106663$ & $0.0713908$ & $-0.000338441$ & $-0.0733582$ & $0.0655568$ & $0.0215304$ & $-0.0407374$ & $0.115766$ & $-0.0688571$ & $0.00905427$ & $-0.140268$ & $0.0339341$ & $0.0175639$ & $-0.0105272$ & $0.084014$ & $0.0321086$ & $0.185827$ & $0.106833$ & $-0.166774$ & $-0.116665$ & $0.0437328$ \\
Mz & $0.00670323$ & $0.000888121$ & $0.00349977$ & $0.012414$ & $1$ & $0.00047153$ & $0.0126982$ & $0.00110269$ & $0.00138472$ & $0.00280182$ & $0.00355468$ & $0.00600306$ & $-0.0140339$ & $0.00422073$ & $0.00375146$ & $0.00867202$ & $-1.95698e-05$ & $-0.000913911$ & $-0.00519358$ & $0.00135282$ & $0.00181425$ & $0.00170682$ & $-0.00139976$ & $0.00162545$ & $-0.00361685$ & $-0.00296306$ & $-0.00507206$ & $-0.00191178$ & $0.00128907$ & $-0.0157404$ & $-0.00698705$ & $0.0100173$ & $-0.0148653$ & $-0.00325797$ & $-0.0125719$ & $0.0131275$ & $-0.00140385$ & $0.0016803$ & $0.00998024$ & $0.0127959$ & $0.00681859$ & $0.00262782$ & $0.00961314$ & $-0.000568542$ & $0.0118434$ & $0.0026831$ & $0.000538698$ & $-0.00203146$ & $0.00491845$ \\
CW & $0.00455533$ & $0.0050022$ & $-0.00304667$ & $-0.00662019$ & $0.00047153$ & $1$ & $0.0372431$ & $-0.0389598$ & $-0.0367088$ & $0.0206193$ & $0.152204$ & $0.0644187$ & $-0.0469362$ & $-0.0308461$ & $-0.0852758$ & $-0.0847202$ & $-0.376737$ & $-0.17319$ & $-0.172972$ & $-0.150309$ & $-0.154526$ & $-0.15224$ & $-0.00151506$ & $-0.12668$ & $-0.214945$ & $0.099514$ & $-0.0621487$ & $-0.0721226$ & $-0.00844811$ & $-0.0299681$ & $-0.0161052$ & $0.039704$ & $-0.0401036$ & $-0.0960866$ & $-0.0061459$ & $-0.0116129$ & $0.00952074$ & $0.00291007$ & $-0.00211067$ & $0.0119006$ & $-0.0166094$ & $0.000977201$ & $0.00256128$ & $0.00478698$ & $0.014825$ & $-0.00264267$ & $-0.00100993$ & $-0.00140549$ & $-0.00564775$ \\
CHG & $0.0110577$ & $0.0105324$ & $0.0107967$ & $-0.075449$ & $0.0126982$ & $0.0372431$ & $1$ & $-0.0492446$ & $-0.0263132$ & $0.201712$ & $0.0994843$ & $0.0540214$ & $-0.788994$ & $-0.117388$ & $-0.0385648$ & $-0.0250839$ & $-0.103475$ & $-0.0820729$ & $-0.0917915$ & $-0.095166$ & $-0.0999393$ & $-0.098462$ & $-0.0121443$ & $-0.0434066$ & $-0.0934349$ & $0.0690264$ & $-0.0436199$ & $-0.051779$ & $-0.137035$ & $-0.597023$ & $-0.360506$ & $0.954869$ & $-0.606176$ & $-0.018118$ & $-0.103642$ & $-0.144946$ & $0.0374464$ & $6.97928e-05$ & $0.0527688$ & $-0.00539917$ & $-0.00533602$ & $-0.00399266$ & $0.0695834$ & $-0.0245765$ & $0.0223918$ & $-0.0161887$ & $0.0127647$ & $-0.0193244$ & $0.0691773$ \\
CHWB & $0.0383263$ & $-0.0554761$ & $0.00211955$ & $0.0356173$ & $0.00110269$ & $-0.0389598$ & $-0.0492446$ & $1$ & $0.990137$ & $-0.563464$ & $-0.872895$ & $-0.206467$ & $0.0618111$ & $0.268104$ & $0.458424$ & $0.457078$ & $-0.223048$ & $-0.404978$ & $-0.405772$ & $0.856647$ & $0.886512$ & $0.878211$ & $0.0415452$ & $-0.630719$ & $-0.380729$ & $-0.614497$ & $0.401779$ & $0.386657$ & $0.000774162$ & $0.0500866$ & $0.0297472$ & $-0.0588596$ & $0.0553665$ & $0.52767$ & $-0.0171836$ & $0.0304637$ & $0.0153807$ & $-0.0124735$ & $-0.0156758$ & $0.00320072$ & $0.00610582$ & $0.00018019$ & $-0.00676634$ & $0.000774451$ & $-0.0032731$ & $0.0015687$ & $-0.00831846$ & $0.000840034$ & $0.00819236$ \\
CHWHB_gaga & $0.028627$ & $-0.0519122$ & $0.0151522$ & $0.0395303$ & $0.00138472$ & $-0.0367088$ & $-0.0263132$ & $0.990137$ & $1$ & $-0.561057$ & $-0.862261$ & $-0.196553$ & $0.064061$ & $0.2616$ & $0.454294$ & $0.452288$ & $-0.22486$ & $-0.40511$ & $-0.405503$ & $0.846652$ & $0.875888$ & $0.867649$ & $0.0407721$ & $-0.626375$ & $-0.379887$ & $-0.606054$ & $0.397634$ & $0.381609$ & $0.00793107$ & $0.0674203$ & $0.0439594$ & $-0.0382758$ & $0.0751865$ & $0.521885$ & $-0.0337301$ & $0.0143027$ & $0.00264729$ & $-0.0134611$ & $-0.0222246$ & $0.00310718$ & $0.010215$ & $-0.000879961$ & $0.0448602$ & $0.00353003$ & $-0.00313245$ & $0.0137174$ & $-0.000657704$ & $0.00725803$ & $0.00999535$ \\
CHWHB_gagaorth & $-0.0326769$ & $0.0382377$ & $-0.0195146$ & $-0.0430142$ & $0.00280182$ & $0.0206193$ & $0.201712$ & $-0.563464$ & $-0.561057$ & $1$ & $0.483998$ & $0.437066$ & $-0.263307$ & $-0.138138$ & $-0.255245$ & $-0.244692$ & $0.140466$ & $0.242481$ & $0.236125$ & $-0.47394$ & $-0.492224$ & $-0.4882$ & $-0.0304976$ & $0.365683$ & $0.22988$ & $0.344575$ & $-0.227871$ & $-0.221642$ & $-0.0423131$ & $-0.235428$ & $-0.153098$ & $0.212734$ & $-0.259313$ & $-0.298717$ & $0.0266669$ & $-0.0129886$ & $0.00847875$ & $0.00261504$ & $0.0250401$ & $-0.0090083$ & $-0.0560607$ & $0.000464474$ & $-0.00931136$ & $-0.00214625$ & $0.000295526$ & $-0.0296417$ & $-0.00438211$ & $-0.0214986$ & $-0.00673079$ \\
CHD & $-0.0340586$ & $0.0580798$ & $0.0136563$ & $-0.0381619$ & $0.00355468$ & $0.152204$ & $0.0994843$ & $-0.872895$ & $-0.862261$ & $0.483998$ & $1$ & $0.278402$ & $-0.118894$ & $-0.663097$ & $-0.57429$ & $-0.56941$ & $-0.252114$ & $-0.0215977$ & $-0.0209222$ & $-0.994943$ & $-0.994992$ & $-0.983174$ & $0.0235491$ & $0.216863$ & $-0.0563509$ & $0.688874$ & $-0.266882$ & $-0.437566$ & $-0.0154842$ & $-0.0965541$ & $-0.0662866$ & $0.113619$ & $-0.118181$ & $-0.320135$ & $0.0103938$ & $-0.0116078$ & $-0.0144095$ & $0.00864043$ & $0.00997472$ & $0.00497913$ & $-0.0141525$ & $-0.000407694$ & $0.00419858$ & $-0.00260734$ & $0.00296749$ & $-0.00692122$ & $-0.00159249$ & $-0.00783438$ & $-0.0183218$ \\
CHbox & $-0.00861418$ & $0.0263039$ & $0.0144445$ & $-0.053731$ & $0.00600306$ & $0.0644187$ & $0.0540214$ & $-0.206467$ & $-0.196553$ & $0.437066$ & $0.278402$ & $1$ & $-0.0692746$ & $-0.23889$ & $-0.12566$ & $-0.121909$ & $-0.150293$ & $-0.0943362$ & $-0.096951$ & $-0.270168$ & $-0.279552$ & $-0.275885$ & $0.00367347$ & $0.00420278$ & $-0.0969058$ & $0.193089$ & $-0.0839$ & $-0.129582$ & $0.000464963$ & $0.0215217$ & $-0.00604718$ & $0.096793$ & $0.0189188$ & $-0.0929047$ & $0.0606374$ & $-0.0103044$ & $-0.00269585$ & $-0.00311199$ & $0.0127288$ & $0.000533794$ & $-0.0374456$ & $0.00652417$ & $-0.0196223$ & $0.0136221$ & $-0.0190926$ & $-0.0257907$ & $0.00916393$ & $-0.0427239$ & $0.000384429$ \\
CH & $-0.0102199$ & $-0.000858875$ & $-0.0122364$ & $0.0803996$ & $-0.0140339$ & $-0.0469362$ & $-0.788994$ & $0.0618111$ & $0.064061$ & $-0.263307$ & $-0.118894$ & $-0.0692746$ & $1$ & $0.134937$ & $0.0435476$ & $0.027047$ & $0.119565$ & $0.0939881$ & $0.10578$ & $0.113668$ & $0.120205$ & $0.118578$ & $0.0232208$ & $0.0484755$ & $0.105204$ & $-0.0894404$ & $0.0554297$ & $0.0597995$ & $0.191018$ & $0.722951$ & $0.429873$ & $-0.705884$ & $0.736213$ & $0.0283416$ & $0.121688$ & $0.150893$ & $-0.0282121$ & $0.00298034$ & $-0.0563116$ & $0.00777733$ & $0.00854289$ & $-0.000163881$ & $-0.0753209$ & $0.0396244$ & $-0.0306583$ & $0.0255505$ & $-0.00521218$ & $0.0233228$ & $-0.0668742$ \\
CHL1_11 & $-0.00251563$ & $-0.0482839$ & $-0.0194714$ & $0.0215663$ & $0.00422073$ & $-0.0308461$ & $-0.117388$ & $0.268104$ & $0.2616$ & $-0.138138$ & $-0.663097$ & $-0.23889$ & $0.134937$ & $1$ & $0.407725$ & $0.400375$ & $0.635978$ & $0.593494$ & $0.59322$ & $0.673281$ & $0.63538$ & $0.624032$ & $-0.105959$ & $0.439179$ & $0.594357$ & $-0.438568$ & $-0.0639622$ & $0.283549$ & $0.0303585$ & $0.111946$ & $0.0866464$ & $-0.130487$ & $0.14332$ & $-0.176805$ & $-0.000732355$ & $-0.0232898$ & $0.00458862$ & $0.00474837$ & $0.0103592$ & $-0.0108444$ & $0.0152969$ & $0.00365547$ & $0.0068228$ & $0.00936799$ & $-0.00326843$ & $0.00945814$ & $0.0118906$ & $0.013147$ & $0.0208482$ \\
CHL1_22 & $0.0136114$ & $-0.0512354$ & $0.0170924$ & $0.0128365$ & $0.00375146$ & $-0.0852758$ & $-0.0385648$ & $0.458424$ & $0.454294$ & $-0.255245$ & $-0.57429$ & $-0.12566$ & $0.0435476$ & $0.407725$ & $1$ & $0.531699$ & $0.176286$ & $-0.30742$ & $0.00376282$ & $0.616377$ & $0.518258$ & $0.509903$ & $-0.174558$ & $0.0400797$ & $-0.0648217$ & $-0.360951$ & $-0.301425$ & $0.226263$ & $0.018083$ & $0.0444147$ & $0.0331642$ & $-0.0447204$ & $0.0599814$ & $-0.472522$ & $-0.00144286$ & $-0.0443045$ & $-0.0012292$ & $0.00885954$ & $-0.00404108$ & $2.57361e-05$ & $0.0356622$ & $-0.00602073$ & $0.00887681$ & $-0.000892777$ & $-0.00108407$ & $0.0287849$ & $0.013207$ & $-0.00400305$ & $0.0277542$ \\
CHL1_33 & $0.00529435$ & $-0.0519964$ & $0.0190792$ & $0.0143325$ & $0.00867202$ & $-0.0847202$ & $-0.0250839$ & $0.457078$ & $0.452288$ & $-0.244692$ & $-0.56941$ & $-0.121909$ & $0.027047$ & $0.400375$ & $0.531699$ & $1$ & $0.170157$ & $0.00407593$ & $-0.301855$ & $0.611405$ & $0.515367$ & $0.526082$ & $-0.169578$ & $0.0363369$ & $-0.0636645$ & $-0.360138$ & $-0.289642$ & $0.22792$ & $0.00512631$ & $0.0267243$ & $0.0164606$ & $-0.0333443$ & $0.038591$ & $-0.0190636$ & $0.00371531$ & $-0.0338061$ & $-0.00428714$ & $0.00615475$ & $-0.00705679$ & $-0.00724376$ & $0.0120932$ & $-0.0053051$ & $-0.00404328$ & $0.00555754$ & $-0.00877153$ & $0.0262614$ & $-0.00612458$ & $-0.0109906$ & $0.015544$ \\
CHL3_11 & $-0.0120117$ & $-0.00898655$ & $-0.0188334$ & $0.00516949$ & $-1.95698e-05$ & $-0.376737$ & $-0.103475$ & $-0.223048$ & $-0.22486$ & $0.140466$ & $-0.252114$ & $-0.150293$ & $0.119565$ & $0.635978$ & $0.176286$ & $0.170157$ & $1$ & $0.819122$ & $0.819478$ & $0.26325$ & $0.229284$ & $0.222362$ & $-0.0882805$ & $0.751876$ & $0.855407$ & $-0.157068$ & $-0.155893$ & $0.106317$ & $0.0264946$ & $0.093889$ & $0.0702239$ & $-0.112412$ & $0.125337$ & $-0.254009$ & $0.0124504$ & $-0.0239826$ & $-0.00515635$ & $0.00200445$ & $0.00825931$ & $-0.0168941$ & $0.0131337$ & $-0.000191849$ & $0.00414681$ & $0.00298712$ & $-0.00159859$ & $0.013081$ & $0.0169209$ & $0.0122107$ & $0.0168593$ \\
CHL3_22 & $-0.0221885$ & $0.000549237$ & $-0.0279898$ & $0.00049612$ & $-0.000913911$ & $-0.17319$ & $-0.0820729$ & $-0.404978$ & $-0.40511$ & $0.242481$ & $-0.0215977$ & $-0.0943362$ & $0.0939881$ & $0.593494$ & $-0.30742$ & $0.00407593$ & $0.819122$ & $1$ & $0.785947$ & $0.02048$ & $0.017714$ & $0.0159763$ & $-0.0283828$ & $0.737755$ & $0.866941$ & $-0.0103443$ & $-0.0613698$ & $0.0152562$ & $0.0194611$ & $0.0716468$ & $0.0563606$ & $-0.0888386$ & $0.095468$ & $-0.0685607$ & $0.0108738$ & $-0.00970247$ & $-0.00419752$ & $0.00139871$ & $0.0138197$ & $-0.0162923$ & $-0.005947$ & $0.00399333$ & $0.00229461$ & $0.00721956$ & $-0.00252635$ & $-0.0024123$ & $0.0085601$ & $0.0137011$ & $0.00409577$ \\
CHL3_33 & $-0.0160678$ & $0.00183332$ & $-0.0288971$ & $-0.000864551$ & $-0.00519358$ & $-0.172972$ & $-0.0917915$ & $-0.405772$ & $-0.405503$ & $0.236125$ & $-0.0209222$ & $-0.096951$ & $0.10578$ & $0.59322$ & $0.00376282$ & $-0.301855$ & $0.819478$ & $0.785947$ & $1$ & $0.0195308$ & $0.0168866$ & $0.0146755$ & $-0.028732$ & $0.737008$ & $0.866777$ & $-0.00855548$ & $-0.0618082$ & $0.0127243$ & $0.0266554$ & $0.0837407$ & $0.0670131$ & $-0.0967954$ & $0.110058$ & $-0.374288$ & $0.00681004$ & $-0.0154997$ & $-0.00267534$ & $0.00336579$ & $0.0171243$ & $-0.0110331$ & $0.0110717$ & $0.0046532$ & $0.0107996$ & $0.00235519$ & $0.0031996$ & $-0.00112273$ & $0.0200619$ & $0.0187319$ & $0.0121736$ \\
CHe_11 & $0.0238575$ & $-0.0463899$ & $-0.005567$ & $0.0362159$ & $0.00135282$ & $-0.150309$ & $-0.095166$ & $0.856647$ & $0.846652$ & $-0.47394$ & $-0.994943$ & $-0.270168$ & $0.113668$ & $0.673281$ & $0.616377$ & $0.611405$ & $0.26325$ & $0.02048$ & $0.0195308$ & $1$ & $0.985024$ & $0.973585$ & $-0.0417849$ & $-0.183806$ & $0.0614315$ & $-0.682008$ & $0.213623$ & $0.433638$ & $0.0159011$ & $0.0934361$ & $0.0643127$ & $-0.109058$ & $0.116171$ & $0.264191$ & $-0.00780234$ & $0.00466555$ & $0.0125438$ & $-0.00708029$ & $-0.0124636$ & $-0.00536761$ & $0.0148729$ & $-0.000439696$ & $0.000996647$ & $0.00416061$ & $-0.00438957$ & $0.00945619$ & $0.00152808$ & $0.00745345$ & $0.0219015$ \\
CHe_22 & $0.0267395$ & $-0.0385595$ & $-0.00980298$ & $0.0382974$ & $0.00181425$ & $-0.154526$ & $-0.0999393$ & $0.886512$ & $0.875888$ & $-0.492224$ & $-0.994992$ & $-0.279552$ & $0.120205$ & $0.63538$ & $0.518258$ & $0.515367$ & $0.229284$ & $0.017714$ & $0.0168866$ & $0.985024$ & $1$ & $0.98618$ & $-0.00118985$ & $-0.258255$ & $0.0463338$ & $-0.690515$ & $0.329427$ & $0.438827$ & $0.0141688$ & $0.0963174$ & $0.0655382$ & $-0.11393$ & $0.117687$ & $0.387013$ & $-0.0098116$ & $0.0172732$ & $0.0156036$ & $-0.0103847$ & $-0.0126259$ & $-0.00444547$ & $0.0113162$ & $0.000933099$ & $-0.00118844$ & $0.00356685$ & $-0.00353222$ & $0.0041172$ & $0.000269616$ & $0.010123$ & $0.0180297$ \\
CHe_33 & $0.027493$ & $-0.0376958$ & $-0.00931728$ & $0.0372682$ & $0.00170682$ & $-0.15224$ & $-0.098462$ & $0.878211$ & $0.867649$ & $-0.4882$ & $-0.983174$ & $-0.275885$ & $0.118578$ & $0.624032$ & $0.509903$ & $0.526082$ & $0.222362$ & $0.0159763$ & $0.0146755$ & $0.973585$ & $0.98618$ & $1$ & $0.000497713$ & $-0.258961$ & $0.0434403$ & $-0.682485$ & $0.3286$ & $0.433011$ & $0.0143859$ & $0.0952177$ & $0.0642445$ & $-0.112218$ & $0.116463$ & $0.388283$ & $-0.0103821$ & $0.0179761$ & $0.0160213$ & $-0.00847104$ & $-0.0111567$ & $-0.00524739$ & $0.0109556$ & $0.00132001$ & $-0.00252638$ & $0.00312101$ & $-0.00189433$ & $0.00477709$ & $-0.00233382$ & $0.00855621$ & $0.0190158$ \\
CHQ1_11 & $-0.00371481$ & $0.011793$ & $-0.00359147$ & $0.00576388$ & $-0.00139976$ & $-0.00151506$ & $-0.0121443$ & $0.0415452$ & $0.0407721$ & $-0.0304976$ & $0.0235491$ & $0.00367347$ & $0.0232208$ & $-0.105959$ & $-0.174558$ & $-0.169578$ & $-0.0882805$ & $-0.0283828$ & $-0.028732$ & $-0.0417849$ & $-0.00118985$ & $0.000497713$ & $1$ & $-0.139804$ & $0.0292289$ & $-0.571282$ & $0.352087$ & $0.00396691$ & $-0.0121753$ & $0.0156548$ & $0.00570928$ & $-0.00569282$ & $0.0147099$ & $0.205719$ & $-0.00695303$ & $0.0281873$ & $-0.00128256$ & $-0.0108091$ & $0.00653751$ & $-0.00129198$ & $-0.0227375$ & $0.00723566$ & $0.00428392$ & $0.00153028$ & $-0.00963886$ & $-0.0214589$ & $-0.00143023$ & $0.0143285$ & $-0.0186038$ \\
CHQ1_33 & $-0.0766484$ & $-0.00219873$ & $-0.00201536$ & $-0.00999927$ & $0.00162545$ & $-0.12668$ & $-0.0434066$ & $-0.630719$ & $-0.626375$ & $0.365683$ & $0.216863$ & $0.00420278$ & $0.0484755$ & $0.439179$ & $0.0400797$ & $0.0363369$ & $0.751876$ & $0.737755$ & $0.737008$ & $-0.183806$ & $-0.258255$ & $-0.258961$ & $-0.139804$ & $1$ & $0.75592$ & $0.180644$ & $-0.409316$ & $-0.0311292$ & $0.0252853$ & $0.0394802$ & $0.0349371$ & $-0.0443597$ & $0.0615097$ & $-0.612246$ & $0.0148528$ & $-0.043743$ & $-0.0202514$ & $0.0118125$ & $0.0155227$ & $-0.0118642$ & $0.00284432$ & $-4.60615e-05$ & $0.0196633$ & $0.00867209$ & $-0.0103104$ & $0.0143508$ & $0.00584783$ & $0.004117$ & $0.0100103$ \\
CHQ3_11 & $-0.105585$ & $0.0201688$ & $-0.019284$ & $0.00537238$ & $-0.00361685$ & $-0.214945$ & $-0.0934349$ & $-0.380729$ & $-0.379887$ & $0.22988$ & $-0.0563509$ & $-0.0969058$ & $0.105204$ & $0.594357$ & $-0.0648217$ & $-0.0636645$ & $0.855407$ & $0.866941$ & $0.866777$ & $0.0614315$ & $0.0463338$ & $0.0434403$ & $0.0292289$ & $0.75592$ & $1$ & $-0.0287001$ & $0.103307$ & $0.0294317$ & $0.0261185$ & $0.0816908$ & $0.0566527$ & $-0.099263$ & $0.109287$ & $-0.256546$ & $0.00797394$ & $0.00198341$ & $-0.00519908$ & $0.00222046$ & $0.0103161$ & $-0.011806$ & $-0.00767056$ & $0.00517247$ & $0.0196783$ & $0.0147363$ & $-0.0217071$ & $-0.00167262$ & $-0.0120087$ & $0.0167057$ & $0.00907082$ \\
CHu_11 & $-0.0439766$ & $0.0379924$ & $0.00577422$ & $-0.02762$ & $-0.00296306$ & $0.099514$ & $0.0690264$ & $-0.614497$ & $-0.606054$ & $0.344575$ & $0.688874$ & $0.193089$ & $-0.0894404$ & $-0.438568$ & $-0.360951$ & $-0.360138$ & $-0.157068$ & $-0.0103443$ & $-0.00855548$ & $-0.682008$ & $-0.690515$ & $-0.682485$ & $-0.571282$ & $0.180644$ & $-0.0287001$ & $1$ & $-0.203233$ & $-0.304426$ & $-0.00150466$ & $-0.071489$ & $-0.0490304$ & $0.0753927$ & $-0.0860715$ & $-0.267042$ & $0.00467812$ & $-0.00209559$ & $-0.00929146$ & $0.00927196$ & $-0.00328726$ & $0.00668344$ & $-0.00137022$ & $-0.00030977$ & $0.00498833$ & $-0.00238292$ & $0.00318318$ & $0.00416753$ & $-0.00828044$ & $-0.0124397$ & $-0.00530242$ \\
CHd_11 & $-0.00989135$ & $0.0436385$ & $-0.0204724$ & $0.0235738$ & $-0.00507206$ & $-0.0621487$ & $-0.0436199$ & $0.401779$ & $0.397634$ & $-0.227871$ & $-0.266882$ & $-0.0839$ & $0.0554297$ & $-0.0639622$ & $-0.301425$ & $-0.289642$ & $-0.155893$ & $-0.0613698$ & $-0.0618082$ & $0.213623$ & $0.329427$ & $0.3286$ & $0.352087$ & $-0.409316$ & $0.103307$ & $-0.203233$ & $1$ & $0.136107$ & $-0.00194685$ & $0.0345243$ & $0.0111028$ & $-0.0455038$ & $0.0349229$ & $0.680417$ & $-0.014972$ & $0.0965317$ & $0.0251284$ & $-0.0239189$ & $-0.00471908$ & $0.00473396$ & $-0.0272869$ & $0.0106535$ & $-0.000781562$ & $0.00123336$ & $-0.0110901$ & $-0.0432739$ & $-0.0294296$ & $0.026045$ & $-0.0160203$ \\
CHd_33 & $0.0180331$ & $-0.0236936$ & $-0.00156587$ & $0.0251384$ & $-0.00191178$ & $-0.0721226$ & $-0.051779$ & $0.386657$ & $0.381609$ & $-0.221642$ & $-0.437566$ & $-0.129582$ & $0.0597995$ & $0.283549$ & $0.226263$ & $0.22792$ & $0.106317$ & $0.0152562$ & $0.0127243$ & $0.433638$ & $0.438827$ & $0.433011$ & $0.00396691$ & $-0.0311292$ & $0.0294317$ & $-0.304426$ & $0.136107$ & $1$ & $0.0161633$ & $0.04502$ & $0.0359149$ & $-0.0575257$ & $0.0596562$ & $0.168592$ & $-0.00854141$ & $-0.00171483$ & $-0.00423504$ & $-0.0123186$ & $3.31834e-05$ & $-0.00264697$ & $0.00330687$ & $0.00359125$ & $-0.000374151$ & $-0.0028935$ & $-0.00701861$ & $0.00268458$ & $0.0116931$ & $0.00767338$ & $0.00410097$ \\
CeH_22r & $-0.00542875$ & $-0.0081601$ & $0.0167388$ & $0.0106663$ & $0.00128907$ & $-0.00844811$ & $-0.137035$ & $0.000774162$ & $0.00793107$ & $-0.0423131$ & $-0.0154842$ & $0.000464963$ & $0.191018$ & $0.0303585$ & $0.018083$ & $0.00512631$ & $0.0264946$ & $0.0194611$ & $0.0266554$ & $0.0159011$ & $0.0141688$ & $0.0143859$ & $-0.0121753$ & $0.0252853$ & $0.0261185$ & $-0.00150466$ & $-0.00194685$ & $0.0161633$ & $1$ & $0.168906$ & $0.0955648$ & $-0.132199$ & $0.168504$ & $-0.0158858$ & $-0.00155932$ & $0.0194144$ & $-0.0321237$ & $-0.00267512$ & $-0.0249914$ & $0.0105621$ & $-0.00220821$ & $0.00170998$ & $0.00682631$ & $0.0136607$ & $0.000579752$ & $0.0158927$ & $-0.000709165$ & $-0.000785773$ & $-0.00876853$ \\
CeH_33r & $-0.00960055$ & $-0.0120752$ & $0.00820504$ & $0.0713908$ & $-0.0157404$ & $-0.0299681$ & $-0.597023$ & $0.0500866$ & $0.0674203$ & $-0.235428$ & $-0.0965541$ & $0.0215217$ & $0.722951$ & $0.111946$ & $0.0444147$ & $0.0267243$ & $0.093889$ & $0.0716468$ & $0.0837407$ & $0.0934361$ & $0.0963174$ & $0.0952177$ & $0.0156548$ & $0.0394802$ & $0.0816908$ & $-0.071489$ & $0.0345243$ & $0.04502$ & $0.168906$ & $1$ & $0.509478$ & $-0.458541$ & $0.835171$ & $0.0118611$ & $0.0503635$ & $0.0865786$ & $-0.129945$ & $-0.00833764$ & $-0.0750226$ & $0.00718265$ & $0.00503049$ & $-0.00803168$ & $-0.0346557$ & $0.0364712$ & $0.0332103$ & $0.0297421$ & $0.0123237$ & $0.0151629$ & $-0.0544273$ \\
CuH_22r & $0.0257265$ & $-0.00844787$ & $0.023619$ & $-0.000338441$ & $-0.00698705$ & $-0.0161052$ & $-0.360506$ & $0.0297472$ & $0.0439594$ & $-0.153098$ & $-0.0662866$ & $-0.00604718$ & $0.429873$ & $0.0866464$ & $0.0331642$ & $0.0164606$ & $0.0702239$ & $0.0563606$ & $0.0670131$ & $0.0643127$ & $0.0655382$ & $0.0642445$ & $0.00570928$ & $0.0349371$ & $0.0566527$ & $-0.0490304$ & $0.0111028$ & $0.0359149$ & $0.0955648$ & $0.509478$ & $1$ & $-0.262186$ & $0.546624$ & $-0.000687483$ & $0.0574139$ & $-0.0210451$ & $-0.104329$ & $-0.0077423$ & $-0.0853327$ & $0.00173077$ & $0.035325$ & $0.00209227$ & $0.0286518$ & $0.0581212$ & $-0.0106404$ & $0.105617$ & $0.292669$ & $-0.00510564$ & $-0.00153058$ \\
CuH_33r & $0.00833109$ & $0.0143155$ & $0.0133908$ & $-0.0733582$ & $0.0100173$ & $0.039704$ & $0.954869$ & $-0.0588596$ & $-0.0382758$ & $0.212734$ & $0.113619$ & $0.096793$ & $-0.705884$ & $-0.130487$ & $-0.0447204$ & $-0.0333443$ & $-0.112412$ & $-0.0888386$ & $-0.0967954$ & $-0.109058$ & $-0.11393$ & $-0.112218$ & $-0.00569282$ & $-0.0443597$ & $-0.099263$ & $0.0753927$ & $-0.0455038$ & $-0.0575257$ & $-0.132199$ & $-0.458541$ & $-0.262186$ & $1$ & $-0.448843$ & $-0.0221009$ & $-0.0513143$ & $-0.119789$ & $0.0167791$ & $-0.00230238$ & $0.048911$ & $-0.00117635$ & $-0.0166015$ & $-0.00484897$ & $0.0540637$ & $-0.0163788$ & $0.0130827$ & $-0.0184813$ & $0.0156704$ & $-0.0205222$ & $0.065685$ \\
CdH_33r & $-0.0223851$ & $0.0208244$ & $0.0241208$ & $0.0655568$ & $-0.0148653$ & $-0.0401036$ & $-0.606176$ & $0.0553665$ & $0.0751865$ & $-0.259313$ & $-0.118181$ & $0.0189188$ & $0.736213$ & $0.14332$ & $0.0599814$ & $0.038591$ & $0.125337$ & $0.095468$ & $0.110058$ & $0.116171$ & $0.117687$ & $0.116463$ & $0.0147099$ & $0.0615097$ & $0.109287$ & $-0.0860715$ & $0.0349229$ & $0.0596562$ & $0.168504$ & $0.835171$ & $0.546624$ & $-0.448843$ & $1$ & $0.00608802$ & $0.0565601$ & $0.0346888$ & $-0.123792$ & $-0.0222849$ & $-0.0856856$ & $-0.00152269$ & $0.0729722$ & $-0.00244215$ & $-0.0182467$ & $0.0553876$ & $-0.0459824$ & $0.0358839$ & $0.029495$ & $0.0950181$ & $0.211932$ \\
CLL_1221 & $0.019716$ & $0.04481$ & $-0.012319$ & $0.0215304$ & $-0.00325797$ & $-0.0960866$ & $-0.018118$ & $0.52767$ & $0.521885$ & $-0.298717$ & $-0.320135$ & $-0.0929047$ & $0.0283416$ & $-0.176805$ & $-0.472522$ & $-0.0190636$ & $-0.254009$ & $-0.0685607$ & $-0.374288$ & $0.264191$ & $0.387013$ & $0.388283$ & $0.205719$ & $-0.612246$ & $-0.256546$ & $-0.267042$ & $0.680417$ & $0.168592$ & $-0.0158858$ & $0.0118611$ & $-0.000687483$ & $-0.0221009$ & $0.00608802$ & $1$ & $-0.00783692$ & $0.0703825$ & $0.020088$ & $-0.0220062$ & $-0.0185831$ & $-0.000556191$ & $-0.0275394$ & $0.00325761$ & $-0.0140289$ & $0.00145189$ & $-0.0030406$ & $-0.0242977$ & $-0.0178358$ & $0.00850282$ & $-0.0131027$ \\
eHggint & $0.0113838$ & $0.107009$ & $0.0320602$ & $-0.0407374$ & $-0.0125719$ & $-0.0061459$ & $-0.103642$ & $-0.0171836$ & $-0.0337301$ & $0.0266669$ & $0.0103938$ & $0.0606374$ & $0.121688$ & $-0.000732355$ & $-0.00144286$ & $0.00371531$ & $0.0124504$ & $0.0108738$ & $0.00681004$ & $-0.00780234$ & $-0.0098116$ & $-0.0103821$ & $-0.00695303$ & $0.0148528$ & $0.00797394$ & $0.00467812$ & $-0.014972$ & $-0.00854141$ & $-0.00155932$ & $0.0503635$ & $0.0574139$ & $-0.0513143$ & $0.0565601$ & $-0.00783692$ & $1$ & $-0.0722598$ & $0.0102344$ & $-0.0259369$ & $-0.0103482$ & $-0.00197732$ & $-0.0200108$ & $0.00718007$ & $-0.139423$ & $0.0859671$ & $-0.180122$ & $-0.00543281$ & $0.0860818$ & $-0.0323011$ & $-0.00244939$ \\
eHggpar & $-0.00642318$ & $-0.0442425$ & $-0.081896$ & $0.115766$ & $0.0131275$ & $-0.0116129$ & $-0.144946$ & $0.0304637$ & $0.0143027$ & $-0.0129886$ & $-0.0116078$ & $-0.0103044$ & $0.150893$ & $-0.0232898$ & $-0.0443045$ & $-0.0338061$ & $-0.0239826$ & $-0.00970247$ & $-0.0154997$ & $0.00466555$ & $0.0172732$ & $0.0179761$ & $0.0281873$ & $-0.043743$ & $0.00198341$ & $-0.00209559$ & $0.0965317$ & $-0.00171483$ & $0.0194144$ & $0.0865786$ & $-0.0210451$ & $-0.119789$ & $0.0346888$ & $0.0703825$ & $-0.0722598$ & $1$ & $0.045618$ & $0.0274845$ & $-0.0627105$ & $0.025625$ & $-0.1444$ & $0.00949883$ & $-0.204285$ & $0.0385514$ & $0.0609064$ & $-0.0803315$ & $-0.196843$ & $-0.115565$ & $-0.139299$ \\
eHWWint & $0.0851663$ & $0.101727$ & $-0.166034$ & $-0.0688571$ & $-0.00140385$ & $0.00952074$ & $0.0374464$ & $0.0153807$ & $0.00264729$ & $0.00847875$ & $-0.0144095$ & $-0.00269585$ & $-0.0282121$ & $0.00458862$ & $-0.0012292$ & $-0.00428714$ & $-0.00515635$ & $-0.00419752$ & $-0.00267534$ & $0.0125438$ & $0.0156036$ & $0.0160213$ & $-0.00128256$ & $-0.0202514$ & $-0.00519908$ & $-0.00929146$ & $0.0251284$ & $-0.00423504$ & $-0.0321237$ & $-0.129945$ & $-0.104329$ & $0.0167791$ & $-0.123792$ & $0.020088$ & $0.0102344$ & $0.045618$ & $1$ & $-0.00835035$ & $0.10385$ & $-0.0225613$ & $-0.0237336$ & $0.0348325$ & $-0.0772588$ & $-0.10502$ & $-0.0828733$ & $-0.0561703$ & $-0.0899252$ & $0.0491575$ & $0.0210406$ \\
eHWWpar & $-0.0321252$ & $0.00882763$ & $0.00512087$ & $0.00905427$ & $0.0016803$ & $0.00291007$ & $6.97928e-05$ & $-0.0124735$ & $-0.0134611$ & $0.00261504$ & $0.00864043$ & $-0.00311199$ & $0.00298034$ & $0.00474837$ & $0.00885954$ & $0.00615475$ & $0.00200445$ & $0.00139871$ & $0.00336579$ & $-0.00708029$ & $-0.0103847$ & $-0.00847104$ & $-0.0108091$ & $0.0118125$ & $0.00222046$ & $0.00927196$ & $-0.0239189$ & $-0.0123186$ & $-0.00267512$ & $-0.00833764$ & $-0.0077423$ & $-0.00230238$ & $-0.0222849$ & $-0.0220062$ & $-0.0259369$ & $0.0274845$ & $-0.00835035$ & $1$ & $0.00229078$ & $0.0113939$ & $-0.0180139$ & $-0.00365291$ & $-0.00743998$ & $-0.0238049$ & $-8.64123e-05$ & $-0.00390389$ & $-0.0114968$ & $0.0013836$ & $-0.0413453$ \\
eHZZint & $0.104298$ & $-0.110451$ & $0.0400261$ & $-0.140268$ & $0.00998024$ & $-0.00211067$ & $0.0527688$ & $-0.0156758$ & $-0.0222246$ & $0.0250401$ & $0.00997472$ & $0.0127288$ & $-0.0563116$ & $0.0103592$ & $-0.00404108$ & $-0.00705679$ & $0.00825931$ & $0.0138197$ & $0.0171243$ & $-0.0124636$ & $-0.0126259$ & $-0.0111567$ & $0.00653751$ & $0.0155227$ & $0.0103161$ & $-0.00328726$ & $-0.00471908$ & $3.31834e-05$ & $-0.0249914$ & $-0.0750226$ & $-0.0853327$ & $0.048911$ & $-0.0856856$ & $-0.0185831$ & $-0.0103482$ & $-0.0627105$ & $0.10385$ & $0.00229078$ & $1$ & $-0.0104745$ & $-0.0535906$ & $0.025415$ & $-0.059434$ & $-0.04491$ & $-0.0356159$ & $-0.0621177$ & $-0.134806$ & $-0.0727404$ & $-0.0219444$ \\
eHZZpar & $-0.0141155$ & $-0.0145243$ & $-0.00041242$ & $0.0339341$ & $0.0127959$ & $0.0119006$ & $-0.00539917$ & $0.00320072$ & $0.00310718$ & $-0.0090083$ & $0.00497913$ & $0.000533794$ & $0.00777733$ & $-0.0108444$ & $2.57361e-05$ & $-0.00724376$ & $-0.0168941$ & $-0.0162923$ & $-0.0110331$ & $-0.00536761$ & $-0.00444547$ & $-0.00524739$ & $-0.00129198$ & $-0.0118642$ & $-0.011806$ & $0.00668344$ & $0.00473396$ & $-0.00264697$ & $0.0105621$ & $0.00718265$ & $0.00173077$ & $-0.00117635$ & $-0.00152269$ & $-0.000556191$ & $-0.00197732$ & $0.025625$ & $-0.0225613$ & $0.0113939$ & $-0.0104745$ & $1$ & $0.013984$ & $-0.00715416$ & $0.00108868$ & $0.0263978$ & $-0.0356491$ & $0.00372171$ & $-0.0185222$ & $-0.020683$ & $-0.0293785$ \\
eHZgaint & $0.0983152$ & $-0.0196922$ & $-0.0215026$ & $0.0175639$ & $0.00681859$ & $-0.0166094$ & $-0.00533602$ & $0.00610582$ & $0.010215$ & $-0.0560607$ & $-0.0141525$ & $-0.0374456$ & $0.00854289$ & $0.0152969$ & $0.0356622$ & $0.0120932$ & $0.0131337$ & $-0.005947$ & $0.0110717$ & $0.0148729$ & $0.0113162$ & $0.0109556$ & $-0.0227375$ & $0.00284432$ & $-0.00767056$ & $-0.00137022$ & $-0.0272869$ & $0.00330687$ & $-0.00220821$ & $0.00503049$ & $0.035325$ & $-0.0166015$ & $0.0729722$ & $-0.0275394$ & $-0.0200108$ & $-0.1444$ & $-0.0237336$ & $-0.0180139$ & $-0.0535906$ & $0.013984$ & $1$ & $-0.00151445$ & $0.0880343$ & $0.0348717$ & $0.139017$ & $0.227593$ & $0.0769199$ & $0.0408726$ & $0.252603$ \\
eHZgapar & $0.00679424$ & $-0.0170459$ & $0.00205322$ & $-0.0105272$ & $0.00262782$ & $0.000977201$ & $-0.00399266$ & $0.00018019$ & $-0.000879961$ & $0.000464474$ & $-0.000407694$ & $0.00652417$ & $-0.000163881$ & $0.00365547$ & $-0.00602073$ & $-0.0053051$ & $-0.000191849$ & $0.00399333$ & $0.0046532$ & $-0.000439696$ & $0.000933099$ & $0.00132001$ & $0.00723566$ & $-4.60615e-05$ & $0.00517247$ & $-0.00030977$ & $0.0106535$ & $0.00359125$ & $0.00170998$ & $-0.00803168$ & $0.00209227$ & $-0.00484897$ & $-0.00244215$ & $0.00325761$ & $0.00718007$ & $0.00949883$ & $0.0348325$ & $-0.00365291$ & $0.025415$ & $-0.00715416$ & $-0.00151445$ & $1$ & $-0.0246053$ & $-0.0176131$ & $0.0244445$ & $-0.0046775$ & $0.0176948$ & $-0.00256788$ & $-0.00285296$ \\
eHgagaint & $-0.161079$ & $0.070695$ & $0.253051$ & $0.084014$ & $0.00961314$ & $0.00256128$ & $0.0695834$ & $-0.00676634$ & $0.0448602$ & $-0.00931136$ & $0.00419858$ & $-0.0196223$ & $-0.0753209$ & $0.0068228$ & $0.00887681$ & $-0.00404328$ & $0.00414681$ & $0.00229461$ & $0.0107996$ & $0.000996647$ & $-0.00118844$ & $-0.00252638$ & $0.00428392$ & $0.0196633$ & $0.0196783$ & $0.00498833$ & $-0.000781562$ & $-0.000374151$ & $0.00682631$ & $-0.0346557$ & $0.0286518$ & $0.0540637$ & $-0.0182467$ & $-0.0140289$ & $-0.139423$ & $-0.204285$ & $-0.0772588$ & $-0.00743998$ & $-0.059434$ & $0.00108868$ & $0.0880343$ & $-0.0246053$ & $1$ & $0.0192142$ & $-0.0190466$ & $0.201209$ & $0.134293$ & $0.118952$ & $0.0251402$ \\
eHmumuint & $-0.125378$ & $0.0141676$ & $0.0767895$ & $0.0321086$ & $-0.000568542$ & $0.00478698$ & $-0.0245765$ & $0.000774451$ & $0.00353003$ & $-0.00214625$ & $-0.00260734$ & $0.0136221$ & $0.0396244$ & $0.00936799$ & $-0.000892777$ & $0.00555754$ & $0.00298712$ & $0.00721956$ & $0.00235519$ & $0.00416061$ & $0.00356685$ & $0.00312101$ & $0.00153028$ & $0.00867209$ & $0.0147363$ & $-0.00238292$ & $0.00123336$ & $-0.0028935$ & $0.0136607$ & $0.0364712$ & $0.0581212$ & $-0.0163788$ & $0.0553876$ & $0.00145189$ & $0.0859671$ & $0.0385514$ & $-0.10502$ & $-0.0238049$ & $-0.04491$ & $0.0263978$ & $0.0348717$ & $-0.0176131$ & $0.0192142$ & $1$ & $-0.0656225$ & $-0.0525108$ & $0.06513$ & $-0.191727$ & $0.125816$ \\
eHtautauint & $0.200105$ & $0.00534636$ & $-0.0240902$ & $0.185827$ & $0.0118434$ & $0.014825$ & $0.0223918$ & $-0.0032731$ & $-0.00313245$ & $0.000295526$ & $0.00296749$ & $-0.0190926$ & $-0.0306583$ & $-0.00326843$ & $-0.00108407$ & $-0.00877153$ & $-0.00159859$ & $-0.00252635$ & $0.0031996$ & $-0.00438957$ & $-0.00353222$ & $-0.00189433$ & $-0.00963886$ & $-0.0103104$ & $-0.0217071$ & $0.00318318$ & $-0.0110901$ & $-0.00701861$ & $0.000579752$ & $0.0332103$ & $-0.0106404$ & $0.0130827$ & $-0.0459824$ & $-0.0030406$ & $-0.180122$ & $0.0609064$ & $-0.0828733$ & $-8.64123e-05$ & $-0.0356159$ & $-0.0356491$ & $0.139017$ & $0.0244445$ & $-0.0190466$ & $-0.0656225$ & $1$ & $0.0326219$ & $-0.0272798$ & $-0.0339961$ & $-0.12645$ \\
eHccint & $-0.100018$ & $-0.0534964$ & $0.110292$ & $0.106833$ & $0.0026831$ & $-0.00264267$ & $-0.0161887$ & $0.0015687$ & $0.0137174$ & $-0.0296417$ & $-0.00692122$ & $-0.0257907$ & $0.0255505$ & $0.00945814$ & $0.0287849$ & $0.0262614$ & $0.013081$ & $-0.0024123$ & $-0.00112273$ & $0.00945619$ & $0.0041172$ & $0.00477709$ & $-0.0214589$ & $0.0143508$ & $-0.00167262$ & $0.00416753$ & $-0.0432739$ & $0.00268458$ & $0.0158927$ & $0.0297421$ & $0.105617$ & $-0.0184813$ & $0.0358839$ & $-0.0242977$ & $-0.00543281$ & $-0.0803315$ & $-0.0561703$ & $-0.00390389$ & $-0.0621177$ & $0.00372171$ & $0.227593$ & $-0.0046775$ & $0.201209$ & $-0.0525108$ & $0.0326219$ & $1$ & $0.0744023$ & $-0.0998146$ & $0.0559221$ \\
eHccpar & $0.195355$ & $0.0265528$ & $0.0463126$ & $-0.166774$ & $0.000538698$ & $-0.00100993$ & $0.0127647$ & $-0.00831846$ & $-0.000657704$ & $-0.00438211$ & $-0.00159249$ & $0.00916393$ & $-0.00521218$ & $0.0118906$ & $0.013207$ & $-0.00612458$ & $0.0169209$ & $0.0085601$ & $0.0200619$ & $0.00152808$ & $0.000269616$ & $-0.00233382$ & $-0.00143023$ & $0.00584783$ & $-0.0120087$ & $-0.00828044$ & $-0.0294296$ & $0.0116931$ & $-0.000709165$ & $0.0123237$ & $0.292669$ & $0.0156704$ & $0.029495$ & $-0.0178358$ & $0.0860818$ & $-0.196843$ & $-0.0899252$ & $-0.0114968$ & $-0.134806$ & $-0.0185222$ & $0.0769199$ & $0.0176948$ & $0.134293$ & $0.06513$ & $-0.0272798$ & $0.0744023$ & $1$ & $-0.0463461$ & $0.0809463$ \\
eHbbint & $0.0763268$ & $0.0918004$ & $0.0258418$ & $-0.116665$ & $-0.00203146$ & $-0.00140549$ & $-0.0193244$ & $0.000840034$ & $0.00725803$ & $-0.0214986$ & $-0.00783438$ & $-0.0427239$ & $0.0233228$ & $0.013147$ & $-0.00400305$ & $-0.0109906$ & $0.0122107$ & $0.0137011$ & $0.0187319$ & $0.00745345$ & $0.010123$ & $0.00855621$ & $0.0143285$ & $0.004117$ & $0.0167057$ & $-0.0124397$ & $0.026045$ & $0.00767338$ & $-0.000785773$ & $0.0151629$ & $-0.00510564$ & $-0.0205222$ & $0.0950181$ & $0.00850282$ & $-0.0323011$ & $-0.115565$ & $0.0491575$ & $0.0013836$ & $-0.0727404$ & $-0.020683$ & $0.0408726$ & $-0.00256788$ & $0.118952$ & $-0.191727$ & $-0.0339961$ & $-0.0998146$ & $-0.0463461$ & $1$ & $-0.0816029$ \\
eHbbpar & $-0.0389991$ & $0.0849865$ & $0.026363$ & $0.0437328$ & $0.00491845$ & $-0.00564775$ & $0.0691773$ & $0.00819236$ & $0.00999535$ & $-0.00673079$ & $-0.0183218$ & $0.000384429$ & $-0.0668742$ & $0.0208482$ & $0.0277542$ & $0.015544$ & $0.0168593$ & $0.00409577$ & $0.0121736$ & $0.0219015$ & $0.0180297$ & $0.0190158$ & $-0.0186038$ & $0.0100103$ & $0.00907082$ & $-0.00530242$ & $-0.0160203$ & $0.00410097$ & $-0.00876853$ & $-0.0544273$ & $-0.00153058$ & $0.065685$ & $0.211932$ & $-0.0131027$ & $-0.00244939$ & $-0.139299$ & $0.0210406$ & $-0.0413453$ & $-0.0219444$ & $-0.0293785$ & $0.252603$ & $-0.00285296$ & $0.0251402$ & $0.125816$ & $-0.12645$ & $0.0559221$ & $0.0809463$ & $-0.0816029$ & $1$ \\
