 & AlsMz & dAle5Mz & mtop & mHl & Mz & CW & CHG & CHWB & CHWHB_gaga & CHWHB_gagaorth & CHD & CHbox & CH & CHL1_11 & CHL1_22 & CHL1_33 & CHL3_11 & CHL3_22 & CHL3_33 & CHe_11 & CHe_22 & CHe_33 & CHQ1_11 & CHQ1_33 & CHQ3_11 & CHu_11 & CHd_11 & CHd_33 & CeH_22r & CeH_33r & CuH_22r & CuH_33r & CdH_33r & CLL_1221 & eHggint & eHggpar & eHWWint & eHWWpar & eHZZint & eHZZpar & eHZgaint & eHZgapar & eHgagaint & eHmumuint & eHtautauint & eHccint & eHccpar & eHbbint & eHbbpar \\
AlsMz & $1$ & $-0.00954483$ & $-0.00819108$ & $-0.0202717$ & $-0.012025$ & $0.00303199$ & $-0.000475799$ & $-0.00925437$ & $-0.00785549$ & $-0.000474215$ & $-0.00807947$ & $0.00469022$ & $-0.00511566$ & $0.00196996$ & $0.00262648$ & $0.00343207$ & $0.00105761$ & $0.000923208$ & $0.00203192$ & $-0.00894956$ & $-0.00637812$ & $0.00200421$ & $-0.000867465$ & $-0.0364806$ & $-0.110412$ & $-0.0104231$ & $-0.0205344$ & $0.00594162$ & $0.00406687$ & $0.0026716$ & $0.00303355$ & $0.00181618$ & $0.00713732$ & $-0.0101431$ & $0.0212749$ & $-0.0250401$ & $-0.00530667$ & $0.00419091$ & $0.0363701$ & $-0.00160137$ & $0.0115512$ & $-0.0166947$ & $0.00841699$ & $-0.00677461$ & $0.00690843$ & $-0.0156126$ & $0.0130244$ & $-0.00523536$ & $0.00341716$ \\
dAle5Mz & $-0.00954483$ & $1$ & $-0.0209306$ & $0.00846016$ & $-0.00398942$ & $0.0367599$ & $0.00204059$ & $-0.207403$ & $-0.202451$ & $0.0650528$ & $0.188133$ & $-0.0123265$ & $-0.0225608$ & $-0.0298474$ & $-0.0150769$ & $-0.0135446$ & $0.0776109$ & $0.00740319$ & $0.0039875$ & $-0.193237$ & $-0.0157251$ & $-0.0200311$ & $-0.00281815$ & $0.00951283$ & $0.0137454$ & $0.00984565$ & $0.0093815$ & $0.00195709$ & $-0.00442697$ & $-0.0105344$ & $-0.0101451$ & $0.00181102$ & $0.00857764$ & $0.112801$ & $-0.000868071$ & $0.00243683$ & $0.0135907$ & $-0.00624725$ & $-0.00115402$ & $-0.00371422$ & $-0.0290759$ & $-0.00826348$ & $0.0067427$ & $-0.0193298$ & $0.00377092$ & $0.00165951$ & $-0.0199207$ & $-0.00451994$ & $0.00946429$ \\
mtop & $-0.00819108$ & $-0.0209306$ & $1$ & $-0.028417$ & $0.0194353$ & $-0.005851$ & $0.00298591$ & $0.00979733$ & $0.0115673$ & $-0.0139566$ & $0.0121584$ & $0.000265032$ & $0.00250682$ & $-0.00787343$ & $0.00243635$ & $0.000394607$ & $-0.0126598$ & $-0.0100197$ & $-0.0027325$ & $0.00482568$ & $0.0040644$ & $0.00293075$ & $0.00165119$ & $0.00447534$ & $-0.00284433$ & $0.00119994$ & $0.00243835$ & $-0.000276394$ & $0.00278956$ & $-0.00247212$ & $0.00359954$ & $-0.000651688$ & $-0.00324306$ & $-0.00114649$ & $0.00437656$ & $-0.0243076$ & $0.0137827$ & $-0.0118301$ & $-0.0261695$ & $-0.00257347$ & $0.0275351$ & $0.00316518$ & $0.00655197$ & $0.00538782$ & $-0.0166921$ & $-0.0055573$ & $0.0146041$ & $-0.0122781$ & $0.00288671$ \\
mHl & $-0.0202717$ & $0.00846016$ & $-0.028417$ & $1$ & $0.00112658$ & $-0.00444764$ & $-0.00215778$ & $-0.00423139$ & $-0.00521561$ & $0.00174625$ & $0.00235527$ & $-0.0043848$ & $0.00132231$ & $0.00412575$ & $0.00740887$ & $0.00589691$ & $0.00277593$ & $-0.0041678$ & $-0.00284615$ & $-0.00584844$ & $0.00933542$ & $-0.00411037$ & $0.00374214$ & $-0.00304036$ & $-0.0039084$ & $-0.00658342$ & $-0.0110815$ & $0.00190358$ & $-0.00844998$ & $-0.000261556$ & $-0.00586237$ & $-0.0012683$ & $-0.00298291$ & $-0.00479942$ & $0.0172435$ & $-0.00957341$ & $-0.0231428$ & $-0.00161323$ & $0.0111412$ & $-0.00297745$ & $-0.00862094$ & $0.0104604$ & $-0.00755265$ & $0.00499123$ & $0.0118592$ & $0.00361891$ & $-0.0105326$ & $0.0150243$ & $-0.0133924$ \\
Mz & $-0.012025$ & $-0.00398942$ & $0.0194353$ & $0.00112658$ & $1$ & $0.00951219$ & $-0.00256879$ & $-0.00246787$ & $-0.00290491$ & $-0.00866967$ & $0.0913536$ & $0.00226978$ & $-0.000922076$ & $-0.00368036$ & $-0.000877002$ & $0.000449247$ & $-0.00967962$ & $0.00130553$ & $-0.00421156$ & $0.0120824$ & $0.00195353$ & $0.000526559$ & $-0.00210808$ & $-0.00297197$ & $-0.00239087$ & $0.00265797$ & $0.000456996$ & $0.00356102$ & $0.00126546$ & $-0.00984785$ & $-0.00152238$ & $-0.00525752$ & $-0.00469469$ & $-0.00329463$ & $-0.00376252$ & $0.000342873$ & $-0.00662238$ & $0.00875305$ & $-0.00865244$ & $-0.00161945$ & $-0.00425636$ & $0.0078269$ & $-0.00280526$ & $-0.00316605$ & $0.000442255$ & $-0.00296771$ & $-0.000477199$ & $-0.00606868$ & $0.0109598$ \\
CW & $0.00303199$ & $0.0367599$ & $-0.005851$ & $-0.00444764$ & $0.00951219$ & $1$ & $0.00109855$ & $-0.124295$ & $-0.121266$ & $0.0378871$ & $0.110059$ & $0.0364016$ & $-0.0153824$ & $0.108457$ & $0.022659$ & $0.0204312$ & $-0.0496016$ & $0.01294$ & $0.0132397$ & $-0.105028$ & $-0.0522678$ & $-0.0422027$ & $-0.0051349$ & $0.0521328$ & $0.00783469$ & $0.00721082$ & $-0.0516476$ & $-0.00460009$ & $0.00707384$ & $0.00307817$ & $1.2422e-05$ & $0.00346325$ & $0.00504687$ & $-0.097997$ & $-0.00382935$ & $0.000867318$ & $0.00164506$ & $-0.000323142$ & $0.00712087$ & $-0.00762293$ & $0.00203968$ & $-0.00713382$ & $0.00282167$ & $-0.00279815$ & $-0.00765862$ & $0.0128175$ & $0.00267668$ & $0.00593091$ & $-0.00105431$ \\
CHG & $-0.000475799$ & $0.00204059$ & $0.00298591$ & $-0.00215778$ & $-0.00256879$ & $0.00109855$ & $1$ & $-0.0152546$ & $0.0480434$ & $0.00673678$ & $0.00896509$ & $-0.0392135$ & $-0.104013$ & $0.00872047$ & $0.00322931$ & $0.000136921$ & $0.00642921$ & $0.00211991$ & $0.00121175$ & $-0.00754412$ & $-0.00431971$ & $-0.000727732$ & $0.000789121$ & $0.0142494$ & $-6.26124e-05$ & $0.000808264$ & $-0.00567492$ & $-0.00118415$ & $0.0274248$ & $-0.0563428$ & $-0.0435902$ & $0.937749$ & $-0.0713602$ & $-0.0134918$ & $-0.0284095$ & $-0.020481$ & $0.0199888$ & $0.0226912$ & $-0.00588767$ & $-0.00568612$ & $0.000339715$ & $0.00105018$ & $-0.0103958$ & $-0.0108242$ & $0.00433779$ & $-0.00227622$ & $-0.00572726$ & $-0.00312386$ & $0.000746535$ \\
CHWB & $-0.00925437$ & $-0.207403$ & $0.00979733$ & $-0.00423139$ & $-0.00246787$ & $-0.124295$ & $-0.0152546$ & $1$ & $0.975757$ & $-0.314$ & $-0.876562$ & $-0.363253$ & $0.098983$ & $-0.0884067$ & $-0.0853753$ & $-0.0784905$ & $-0.364676$ & $-0.211436$ & $-0.211765$ & $0.754367$ & $0.36837$ & $0.347618$ & $0.0333901$ & $-0.372884$ & $-0.248534$ & $-0.0702936$ & $0.274185$ & $0.0582018$ & $-0.00223886$ & $0.00395178$ & $0.00731651$ & $-0.0292164$ & $-0.00700733$ & $0.607229$ & $-0.0165471$ & $-0.0114835$ & $8.88826e-06$ & $-0.00156873$ & $-0.00299714$ & $-0.0007652$ & $0.00169369$ & $-0.0041354$ & $0.00364277$ & $-0.00134767$ & $-0.00571983$ & $-0.00724947$ & $0.00804078$ & $0.00234433$ & $0.000804098$ \\
CHWHB_gaga & $-0.00785549$ & $-0.202451$ & $0.0115673$ & $-0.00521561$ & $-0.00290491$ & $-0.121266$ & $0.0480434$ & $0.975757$ & $1$ & $-0.313693$ & $-0.85496$ & $-0.333718$ & $0.0941609$ & $-0.0945936$ & $-0.0838786$ & $-0.0762048$ & $-0.363561$ & $-0.207444$ & $-0.208921$ & $0.744352$ & $0.36081$ & $0.338796$ & $0.0306163$ & $-0.365073$ & $-0.244381$ & $-0.0676782$ & $0.267549$ & $0.0565029$ & $0.00490967$ & $0.032747$ & $0.0200685$ & $0.0228348$ & $0.0214041$ & $0.591248$ & $-0.0396996$ & $-0.022618$ & $-0.0161536$ & $-0.00773728$ & $-0.00469723$ & $-0.00409428$ & $0.00378994$ & $-0.00586115$ & $0.0909758$ & $-0.00221592$ & $-0.00496956$ & $-0.0100618$ & $0.00651906$ & $0.00172298$ & $-0.000615567$ \\
CHWHB_gagaorth & $-0.000474215$ & $0.0650528$ & $-0.0139566$ & $0.00174625$ & $-0.00866967$ & $0.0378871$ & $0.00673678$ & $-0.314$ & $-0.313693$ & $1$ & $0.0288821$ & $0.320719$ & $-0.146931$ & $0.76563$ & $0.0831134$ & $0.0822728$ & $0.811084$ & $0.271296$ & $0.270335$ & $-0.0353689$ & $-0.0371504$ & $-0.0361192$ & $-0.0401062$ & $0.269701$ & $0.330083$ & $0.015862$ & $-0.140298$ & $-0.00369765$ & $-0.00446725$ & $-0.0749061$ & $-0.0314712$ & $0.0223429$ & $-0.0462229$ & $-0.200273$ & $0.0392436$ & $0.0168068$ & $0.00569803$ & $-0.00238931$ & $0.0015248$ & $0.00166174$ & $-0.0280007$ & $-0.00198812$ & $-0.00901338$ & $0.000300053$ & $0.0086289$ & $0.00157478$ & $-0.00561906$ & $0.000598514$ & $-0.00167157$ \\
CHD & $-0.00807947$ & $0.188133$ & $0.0121584$ & $0.00235527$ & $0.0913536$ & $0.110059$ & $0.00896509$ & $-0.876562$ & $-0.85496$ & $0.0288821$ & $1$ & $0.262496$ & $-0.0503282$ & $-0.188386$ & $0.0352082$ & $0.0303631$ & $0.0731385$ & $0.113156$ & $0.115048$ & $-0.775271$ & $-0.36431$ & $-0.341484$ & $-0.0169886$ & $0.264452$ & $0.12956$ & $0.0696301$ & $-0.205208$ & $-0.0590718$ & $0.00338732$ & $0.00374891$ & $-0.00339289$ & $0.0175257$ & $0.0130399$ & $-0.455851$ & $0.00786001$ & $0.00412978$ & $-2.64077e-05$ & $0.00089182$ & $0.00538967$ & $0.000555539$ & $0.005442$ & $0.00494793$ & $0.000206613$ & $-0.000590282$ & $0.0058627$ & $0.00459188$ & $-0.00722612$ & $-0.00442849$ & $0.00293926$ \\
CHbox & $0.00469022$ & $-0.0123265$ & $0.000265032$ & $-0.0043848$ & $0.00226978$ & $0.0364016$ & $-0.0392135$ & $-0.363253$ & $-0.333718$ & $0.320719$ & $0.262496$ & $1$ & $0.338056$ & $0.0450935$ & $0.0561929$ & $0.0541498$ & $0.169354$ & $0.0902363$ & $0.0911339$ & $-0.041765$ & $-0.108089$ & $-0.105082$ & $-0.0121539$ & $0.157721$ & $0.109209$ & $0.0138247$ & $-0.113158$ & $-0.0173644$ & $0.0338686$ & $0.226323$ & $0.0645791$ & $0.0369489$ & $0.317331$ & $-0.288057$ & $0.0900703$ & $0.0446236$ & $-0.0173292$ & $-0.0121385$ & $-0.00347107$ & $-0.00302746$ & $0.000559008$ & $-0.00268506$ & $-0.00797053$ & $-0.000538128$ & $0.00712415$ & $-0.000453219$ & $-0.00561696$ & $0.00414467$ & $-0.00124925$ \\
CH & $-0.00511566$ & $-0.0225608$ & $0.00250682$ & $0.00132231$ & $-0.000922076$ & $-0.0153824$ & $-0.104013$ & $0.098983$ & $0.0941609$ & $-0.146931$ & $-0.0503282$ & $0.338056$ & $1$ & $-0.153491$ & $-0.0137381$ & $-0.00995751$ & $-0.163531$ & $-0.0600634$ & $-0.0609594$ & $0.0960779$ & $0.0233136$ & $0.0270013$ & $0.00833564$ & $-0.0627982$ & $-0.0689198$ & $-0.00763082$ & $0.0311491$ & $0.00341748$ & $0.0120305$ & $0.0867197$ & $0.0486684$ & $-0.0946181$ & $0.129151$ & $0.0503472$ & $0.0030951$ & $0.00324799$ & $-0.00114983$ & $-0.00945539$ & $-0.00560732$ & $0.00432838$ & $-0.00200509$ & $0.00708562$ & $0.00636061$ & $-0.00507777$ & $-0.0021927$ & $0.00609421$ & $-0.00174377$ & $0.0093578$ & $0.00723095$ \\
CHL1_11 & $0.00196996$ & $-0.0298474$ & $-0.00787343$ & $0.00412575$ & $-0.00368036$ & $0.108457$ & $0.00872047$ & $-0.0884067$ & $-0.0945936$ & $0.76563$ & $-0.188386$ & $0.0450935$ & $-0.153491$ & $1$ & $0.0867593$ & $0.084515$ & $0.628589$ & $0.22387$ & $0.221704$ & $0.0853193$ & $0.0386065$ & $0.0347411$ & $-0.0354731$ & $0.210497$ & $0.263928$ & $-0.00413704$ & $-0.117721$ & $0.00384671$ & $-0.00764805$ & $-0.0433106$ & $-0.0238682$ & $0.00892659$ & $-0.0564576$ & $-0.115499$ & $0.017868$ & $0.00480203$ & $0.000621199$ & $0.000588776$ & $-0.000445647$ & $-0.00495102$ & $-0.0150714$ & $0.00181103$ & $-0.00755887$ & $0.00438431$ & $0.00359326$ & $0.00399921$ & $-0.00219367$ & $9.42686e-05$ & $-0.00229073$ \\
CHL1_22 & $0.00262648$ & $-0.0150769$ & $0.00243635$ & $0.00740887$ & $-0.000877002$ & $0.022659$ & $0.00322931$ & $-0.0853753$ & $-0.0838786$ & $0.0831134$ & $0.0352082$ & $0.0561929$ & $-0.0137381$ & $0.0867593$ & $1$ & $0.339768$ & $0.0667289$ & $-0.637471$ & $-0.22724$ & $-0.0154669$ & $-0.264967$ & $-0.187193$ & $-0.0975814$ & $0.273217$ & $-0.317818$ & $0.0215044$ & $-0.523769$ & $-0.0302632$ & $0.000877882$ & $-0.00555717$ & $0.00447843$ & $0.00785886$ & $0.00466149$ & $-0.594009$ & $0.00458901$ & $0.00413637$ & $0.0013166$ & $0.00153001$ & $-0.000481628$ & $-0.00865487$ & $9.69506e-05$ & $-0.00193678$ & $-0.00451141$ & $0.00364981$ & $0.00446994$ & $-0.000754931$ & $0.0012593$ & $0.00308764$ & $0.00146314$ \\
CHL1_33 & $0.00343207$ & $-0.0135446$ & $0.000394607$ & $0.00589691$ & $0.000449247$ & $0.0204312$ & $0.000136921$ & $-0.0784905$ & $-0.0762048$ & $0.0822728$ & $0.0303631$ & $0.0541498$ & $-0.00995751$ & $0.084515$ & $0.339768$ & $1$ & $0.0671526$ & $-0.224709$ & $-0.615233$ & $-0.0134815$ & $-0.19098$ & $-0.302069$ & $-0.0965379$ & $0.263531$ & $-0.303887$ & $0.023702$ & $-0.50298$ & $-0.0325241$ & $0.000157815$ & $-0.0020794$ & $0.00190813$ & $0.00328595$ & $0.00441181$ & $-0.274341$ & $0.00416105$ & $0.00231994$ & $-0.00160853$ & $-0.000739659$ & $0.0033108$ & $-0.00171983$ & $-0.00835484$ & $0.00172539$ & $-0.00551073$ & $0.00868454$ & $0.00391178$ & $-0.0089961$ & $-0.00319721$ & $0.00239733$ & $0.000121162$ \\
CHL3_11 & $0.00105761$ & $0.0776109$ & $-0.0126598$ & $0.00277593$ & $-0.00967962$ & $-0.0496016$ & $0.00642921$ & $-0.364676$ & $-0.363561$ & $0.811084$ & $0.0731385$ & $0.169354$ & $-0.163531$ & $0.628589$ & $0.0667289$ & $0.0671526$ & $1$ & $0.305013$ & $0.30412$ & $-0.115171$ & $-0.053222$ & $-0.0506517$ & $-0.0321586$ & $0.282321$ & $0.37402$ & $0.0178775$ & $-0.12686$ & $-0.0046061$ & $-0.00413567$ & $-0.042403$ & $-0.0256136$ & $0.0111071$ & $-0.0524314$ & $-0.181493$ & $0.0249612$ & $0.0117304$ & $0.0134503$ & $-0.00354891$ & $-0.00278876$ & $0.00311758$ & $-0.0198742$ & $0.00202258$ & $-0.00912209$ & $-0.00103762$ & $0.0106909$ & $0.000772117$ & $-0.00490678$ & $-0.00175166$ & $-0.00139803$ \\
CHL3_22 & $0.000923208$ & $0.00740319$ & $-0.0100197$ & $-0.0041678$ & $0.00130553$ & $0.01294$ & $0.00211991$ & $-0.211436$ & $-0.207444$ & $0.271296$ & $0.113156$ & $0.0902363$ & $-0.0600634$ & $0.22387$ & $-0.637471$ & $-0.224709$ & $0.305013$ & $1$ & $0.413268$ & $-0.111369$ & $0.0280155$ & $0.0290188$ & $0.0727174$ & $0.023317$ & $0.591373$ & $0.00485133$ & $0.332587$ & $0.0024233$ & $-0.00514385$ & $-0.0158818$ & $-0.0126343$ & $0.00321881$ & $-0.0250748$ & $0.53736$ & $0.0053118$ & $0.0010712$ & $-0.00277639$ & $0.000755325$ & $0.00587871$ & $0.00331629$ & $-0.00322213$ & $0.00118621$ & $-2.24467e-05$ & $-0.00306645$ & $-0.000103669$ & $0.00197525$ & $0.00268903$ & $-0.00692097$ & $-0.00733553$ \\
CHL3_33 & $0.00203192$ & $0.0039875$ & $-0.0027325$ & $-0.00284615$ & $-0.00421156$ & $0.0132397$ & $0.00121175$ & $-0.211765$ & $-0.208921$ & $0.270335$ & $0.115048$ & $0.0911339$ & $-0.0609594$ & $0.221704$ & $-0.22724$ & $-0.615233$ & $0.30412$ & $0.413268$ & $1$ & $-0.109453$ & $0.0268492$ & $0.0310649$ & $0.0696095$ & $0.0261431$ & $0.588991$ & $0.00806797$ & $0.330812$ & $0.00436639$ & $-0.00453845$ & $-0.0197611$ & $-0.0109128$ & $0.00182517$ & $-0.0212173$ & $0.0933903$ & $0.00862365$ & $-0.000889937$ & $0.00221978$ & $0.00434655$ & $-0.00343052$ & $-0.000562264$ & $0.00550272$ & $-0.000881517$ & $0.00395394$ & $-0.00587578$ & $0.00443849$ & $0.0054725$ & $0.00566111$ & $-0.00359495$ & $-0.00352112$ \\
CHe_11 & $-0.00894956$ & $-0.193237$ & $0.00482568$ & $-0.00584844$ & $0.0120824$ & $-0.105028$ & $-0.00754412$ & $0.754367$ & $0.744352$ & $-0.0353689$ & $-0.775271$ & $-0.041765$ & $0.0960779$ & $0.0853193$ & $-0.0154669$ & $-0.0134815$ & $-0.115171$ & $-0.111369$ & $-0.109453$ & $1$ & $0.329362$ & $0.3155$ & $0.0147949$ & $-0.235099$ & $-0.123278$ & $-0.0678446$ & $0.179694$ & $0.0501436$ & $0.00488779$ & $-0.0188359$ & $0.00796652$ & $-0.00571643$ & $0.00745115$ & $0.377177$ & $-0.00139216$ & $0.00278934$ & $-0.00855949$ & $-0.00481991$ & $-0.00550941$ & $0.00110406$ & $-0.00371765$ & $-0.00414289$ & $0.0135829$ & $-0.00385252$ & $-0.00651437$ & $-0.00090315$ & $0.00808425$ & $-0.000607262$ & $0.000207689$ \\
CHe_22 & $-0.00637812$ & $-0.0157251$ & $0.0040644$ & $0.00933542$ & $0.00195353$ & $-0.0522678$ & $-0.00431971$ & $0.36837$ & $0.36081$ & $-0.0371504$ & $-0.36431$ & $-0.108089$ & $0.0233136$ & $0.0386065$ & $-0.264967$ & $-0.19098$ & $-0.053222$ & $0.0280155$ & $0.0268492$ & $0.329362$ & $1$ & $0.275212$ & $0.0434908$ & $-0.284188$ & $-0.00220135$ & $-0.0413602$ & $0.328232$ & $0.0480176$ & $0.000706863$ & $-0.000330284$ & $-0.00289192$ & $-0.00922623$ & $-0.00583761$ & $0.285817$ & $-0.00794694$ & $-0.00677546$ & $0.000937105$ & $-0.00604799$ & $0.00275046$ & $0.00202328$ & $-0.0036593$ & $-0.00784257$ & $0.00942561$ & $-0.00808246$ & $0.00667282$ & $-0.00334911$ & $0.00429467$ & $0.00163856$ & $-0.00423632$ \\
CHe_33 & $0.00200421$ & $-0.0200311$ & $0.00293075$ & $-0.00411037$ & $0.000526559$ & $-0.0422027$ & $-0.000727732$ & $0.347618$ & $0.338796$ & $-0.0361192$ & $-0.341484$ & $-0.105082$ & $0.0270013$ & $0.0347411$ & $-0.187193$ & $-0.302069$ & $-0.0506517$ & $0.0290188$ & $0.0310649$ & $0.3155$ & $0.275212$ & $1$ & $0.0457089$ & $-0.266273$ & $0.00259472$ & $-0.0486721$ & $0.30797$ & $0.0434839$ & $-0.0025662$ & $-0.00521594$ & $-0.00315428$ & $-0.00348452$ & $-0.00425188$ & $0.270955$ & $0.00160322$ & $-0.00406303$ & $-0.00257477$ & $0.0035294$ & $0.00587155$ & $0.00433378$ & $-0.00601949$ & $0.00293329$ & $0.00486143$ & $-0.00412804$ & $0.000576901$ & $0.00490863$ & $0.00481173$ & $0.00632386$ & $0.00579469$ \\
CHQ1_11 & $-0.000867465$ & $-0.00281815$ & $0.00165119$ & $0.00374214$ & $-0.00210808$ & $-0.0051349$ & $0.000789121$ & $0.0333901$ & $0.0306163$ & $-0.0401062$ & $-0.0169886$ & $-0.0121539$ & $0.00833564$ & $-0.0354731$ & $-0.0975814$ & $-0.0965379$ & $-0.0321586$ & $0.0727174$ & $0.0696095$ & $0.0147949$ & $0.0434908$ & $0.0457089$ & $1$ & $-0.0683017$ & $0.123033$ & $-0.592017$ & $0.248612$ & $0.00797132$ & $-0.00639871$ & $0.00392522$ & $0.00169011$ & $0.00198056$ & $-0.000570016$ & $0.0921073$ & $0.00230093$ & $0.000824691$ & $-0.00152034$ & $-0.00320158$ & $0.00025302$ & $-0.00254203$ & $0.00496641$ & $0.000721271$ & $0.000465282$ & $-0.00472284$ & $0.000581025$ & $0.00155247$ & $0.00802901$ & $0.00187969$ & $4.7227e-06$ \\
CHQ1_33 & $-0.0364806$ & $0.00951283$ & $0.00447534$ & $-0.00304036$ & $-0.00297197$ & $0.0521328$ & $0.0142494$ & $-0.372884$ & $-0.365073$ & $0.269701$ & $0.264452$ & $0.157721$ & $-0.0627982$ & $0.210497$ & $0.273217$ & $0.263531$ & $0.282321$ & $0.023317$ & $0.0261431$ & $-0.235099$ & $-0.284188$ & $-0.266273$ & $-0.0683017$ & $1$ & $0.0799151$ & $0.0481117$ & $-0.235577$ & $0.10905$ & $-0.000795843$ & $-0.0114117$ & $-0.00890179$ & $0.0203444$ & $-0.00510676$ & $-0.334789$ & $0.00772885$ & $0.0109861$ & $0.002655$ & $0.00625364$ & $0.00282643$ & $-0.00402618$ & $0.00221707$ & $0.000756004$ & $-0.011532$ & $0.00300333$ & $-0.00222285$ & $0.00424794$ & $-0.00340763$ & $-0.0013052$ & $0.00158754$ \\
CHQ3_11 & $-0.110412$ & $0.0137454$ & $-0.00284433$ & $-0.0039084$ & $-0.00239087$ & $0.00783469$ & $-6.26124e-05$ & $-0.248534$ & $-0.244381$ & $0.330083$ & $0.12956$ & $0.109209$ & $-0.0689198$ & $0.263928$ & $-0.317818$ & $-0.303887$ & $0.37402$ & $0.591373$ & $0.588991$ & $-0.123278$ & $-0.00220135$ & $0.00259472$ & $0.123033$ & $0.0799151$ & $1$ & $0.0141334$ & $0.524739$ & $0.000565772$ & $-0.00554768$ & $-0.0291913$ & $-0.0177078$ & $0.000618347$ & $-0.0328182$ & $0.188726$ & $0.00924648$ & $0.00707198$ & $0.00469787$ & $0.00134535$ & $-0.00733877$ & $0.0019304$ & $-0.00281995$ & $-0.000749896$ & $-0.001387$ & $-0.00606898$ & $-0.0050195$ & $0.00356593$ & $-0.00118954$ & $-0.00241715$ & $-0.0102903$ \\
CHu_11 & $-0.0104231$ & $0.00984565$ & $0.00119994$ & $-0.00658342$ & $0.00265797$ & $0.00721082$ & $0.000808264$ & $-0.0702936$ & $-0.0676782$ & $0.015862$ & $0.0696301$ & $0.0138247$ & $-0.00763082$ & $-0.00413704$ & $0.0215044$ & $0.023702$ & $0.0178775$ & $0.00485133$ & $0.00806797$ & $-0.0678446$ & $-0.0413602$ & $-0.0486721$ & $-0.592017$ & $0.0481117$ & $0.0141334$ & $1$ & $0.155314$ & $-0.00295813$ & $0.00425693$ & $-0.00565613$ & $-0.00389211$ & $-0.00122168$ & $-0.00472516$ & $-0.0434444$ & $-0.00555186$ & $0.00111057$ & $0.00516192$ & $0.0011936$ & $-0.000221108$ & $-0.00162176$ & $-0.000893993$ & $-0.00193655$ & $-0.00105629$ & $0.00642356$ & $-0.00535477$ & $0.000474609$ & $-0.00613937$ & $-0.00265043$ & $-0.00589463$ \\
CHd_11 & $-0.0205344$ & $0.0093815$ & $0.00243835$ & $-0.0110815$ & $0.000456996$ & $-0.0516476$ & $-0.00567492$ & $0.274185$ & $0.267549$ & $-0.140298$ & $-0.205208$ & $-0.113158$ & $0.0311491$ & $-0.117721$ & $-0.523769$ & $-0.50298$ & $-0.12686$ & $0.332587$ & $0.330812$ & $0.179694$ & $0.328232$ & $0.30797$ & $0.248612$ & $-0.235577$ & $0.524739$ & $0.155314$ & $1$ & $0.0298246$ & $-0.000867325$ & $-0.000989606$ & $-0.00511298$ & $-0.0112073$ & $-0.00980842$ & $0.512628$ & $-0.00974263$ & $-0.00187011$ & $0.00238498$ & $-0.00184791$ & $-0.00246218$ & $0.000289605$ & $0.00559484$ & $-0.00402626$ & $0.00707272$ & $-0.00982092$ & $-0.00931044$ & $0.000689273$ & $0.00445276$ & $1.69503e-05$ & $-0.00632671$ \\
CHd_33 & $0.00594162$ & $0.00195709$ & $-0.000276394$ & $0.00190358$ & $0.00356102$ & $-0.00460009$ & $-0.00118415$ & $0.0582018$ & $0.0565029$ & $-0.00369765$ & $-0.0590718$ & $-0.0173644$ & $0.00341748$ & $0.00384671$ & $-0.0302632$ & $-0.0325241$ & $-0.0046061$ & $0.0024233$ & $0.00436639$ & $0.0501436$ & $0.0480176$ & $0.0434839$ & $0.00797132$ & $0.10905$ & $0.000565772$ & $-0.00295813$ & $0.0298246$ & $1$ & $0.00229744$ & $0.00191415$ & $-0.00143695$ & $-0.000507772$ & $-0.000131587$ & $0.0447824$ & $0.0021565$ & $-0.0073601$ & $-0.00519848$ & $0.00232218$ & $-0.0033254$ & $-0.00494688$ & $0.00547497$ & $-0.00692196$ & $0.00261122$ & $0.000218067$ & $-0.00605289$ & $-0.00106574$ & $0.00116322$ & $-0.00242548$ & $-0.00538996$ \\
CeH_22r & $0.00406687$ & $-0.00442697$ & $0.00278956$ & $-0.00844998$ & $0.00126546$ & $0.00707384$ & $0.0274248$ & $-0.00223886$ & $0.00490967$ & $-0.00446725$ & $0.00338732$ & $0.0338686$ & $0.0120305$ & $-0.00764805$ & $0.000877882$ & $0.000157815$ & $-0.00413567$ & $-0.00514385$ & $-0.00453845$ & $0.00488779$ & $0.000706863$ & $-0.0025662$ & $-0.00639871$ & $-0.000795843$ & $-0.00554768$ & $0.00425693$ & $-0.000867325$ & $0.00229744$ & $1$ & $0.0320608$ & $0.0134259$ & $0.00955915$ & $0.0340352$ & $-0.00634536$ & $-0.0300783$ & $-0.0183837$ & $-0.0201198$ & $-0.0050855$ & $-0.00480938$ & $0.00201445$ & $-0.00676005$ & $-0.00252721$ & $-0.00240791$ & $0.0172723$ & $0.00807601$ & $0.00343906$ & $-0.00244169$ & $-0.00593559$ & $-0.00204782$ \\
CeH_33r & $0.0026716$ & $-0.0105344$ & $-0.00247212$ & $-0.000261556$ & $-0.00984785$ & $0.00307817$ & $-0.0563428$ & $0.00395178$ & $0.032747$ & $-0.0749061$ & $0.00374891$ & $0.226323$ & $0.0867197$ & $-0.0433106$ & $-0.00555717$ & $-0.0020794$ & $-0.042403$ & $-0.0158818$ & $-0.0197611$ & $-0.0188359$ & $-0.000330284$ & $-0.00521594$ & $0.00392522$ & $-0.0114117$ & $-0.0291913$ & $-0.00565613$ & $-0.000989606$ & $0.00191415$ & $0.0320608$ & $1$ & $0.250505$ & $0.0602825$ & $0.532446$ & $-0.00321844$ & $-0.0591372$ & $-0.0250351$ & $-0.203731$ & $-0.0964462$ & $-0.0266453$ & $-0.0116728$ & $0.00734722$ & $0.00585517$ & $0.00806076$ & $0.00107515$ & $0.0841706$ & $-0.00392376$ & $-0.00214239$ & $0.000505961$ & $-0.0118971$ \\
CuH_22r & $0.00303355$ & $-0.0101451$ & $0.00359954$ & $-0.00586237$ & $-0.00152238$ & $1.2422e-05$ & $-0.0435902$ & $0.00731651$ & $0.0200685$ & $-0.0314712$ & $-0.00339289$ & $0.0645791$ & $0.0486684$ & $-0.0238682$ & $0.00447843$ & $0.00190813$ & $-0.0256136$ & $-0.0126343$ & $-0.0109128$ & $0.00796652$ & $-0.00289192$ & $-0.00315428$ & $0.00169011$ & $-0.00890179$ & $-0.0177078$ & $-0.00389211$ & $-0.00511298$ & $-0.00143695$ & $0.0134259$ & $0.250505$ & $1$ & $0.0282205$ & $0.280468$ & $-0.00450156$ & $-0.0214518$ & $-0.0141194$ & $-0.103494$ & $-0.0435719$ & $-0.0145606$ & $-0.00239349$ & $-0.00265211$ & $-0.00214297$ & $-0.000316471$ & $-0.000512083$ & $-0.00147973$ & $0.0857441$ & $0.416444$ & $-0.000217935$ & $-0.00968106$ \\
CuH_33r & $0.00181618$ & $0.00181102$ & $-0.000651688$ & $-0.0012683$ & $-0.00525752$ & $0.00346325$ & $0.937749$ & $-0.0292164$ & $0.0228348$ & $0.0223429$ & $0.0175257$ & $0.0369489$ & $-0.0946181$ & $0.00892659$ & $0.00785886$ & $0.00328595$ & $0.0111071$ & $0.00321881$ & $0.00182517$ & $-0.00571643$ & $-0.00922623$ & $-0.00348452$ & $0.00198056$ & $0.0203444$ & $0.000618347$ & $-0.00122168$ & $-0.0112073$ & $-0.000507772$ & $0.00955915$ & $0.0602825$ & $0.0282205$ & $1$ & $0.0825319$ & $-0.026964$ & $0.0662963$ & $0.0225413$ & $-0.0188659$ & $0.00146638$ & $0.00660493$ & $-0.000435358$ & $0.00161659$ & $-0.000254864$ & $-0.010819$ & $-0.0130692$ & $0.00362589$ & $-0.0027985$ & $-0.00780768$ & $0.0011692$ & $0.00313688$ \\
CdH_33r & $0.00713732$ & $0.00857764$ & $-0.00324306$ & $-0.00298291$ & $-0.00469469$ & $0.00504687$ & $-0.0713602$ & $-0.00700733$ & $0.0214041$ & $-0.0462229$ & $0.0130399$ & $0.317331$ & $0.129151$ & $-0.0564576$ & $0.00466149$ & $0.00441181$ & $-0.0524314$ & $-0.0250748$ & $-0.0212173$ & $0.00745115$ & $-0.00583761$ & $-0.00425188$ & $-0.000570016$ & $-0.00510676$ & $-0.0328182$ & $-0.00472516$ & $-0.00980842$ & $-0.000131587$ & $0.0340352$ & $0.532446$ & $0.280468$ & $0.0825319$ & $1$ & $-0.0180662$ & $-0.0448269$ & $-0.0311808$ & $-0.229056$ & $-0.108156$ & $-0.0239668$ & $-0.0115613$ & $0.0087781$ & $-0.00699618$ & $-0.00146274$ & $-0.000195824$ & $0.000911555$ & $-0.0108128$ & $-0.013485$ & $0.168188$ & $0.529925$ \\
CLL_1221 & $-0.0101431$ & $0.112801$ & $-0.00114649$ & $-0.00479942$ & $-0.00329463$ & $-0.097997$ & $-0.0134918$ & $0.607229$ & $0.591248$ & $-0.200273$ & $-0.455851$ & $-0.288057$ & $0.0503472$ & $-0.115499$ & $-0.594009$ & $-0.274341$ & $-0.181493$ & $0.53736$ & $0.0933903$ & $0.377177$ & $0.285817$ & $0.270955$ & $0.0921073$ & $-0.334789$ & $0.188726$ & $-0.0434444$ & $0.512628$ & $0.0447824$ & $-0.00634536$ & $-0.00321844$ & $-0.00450156$ & $-0.026964$ & $-0.0180662$ & $1$ & $-0.0142666$ & $-0.0117079$ & $0.00259483$ & $-0.00299053$ & $0.00435058$ & $0.0017802$ & $-0.00505953$ & $-0.00430266$ & $0.00552261$ & $-0.0090914$ & $-0.00244178$ & $-0.00640488$ & $0.0032561$ & $-0.00553556$ & $-0.00115158$ \\
eHggint & $0.0212749$ & $-0.000868071$ & $0.00437656$ & $0.0172435$ & $-0.00376252$ & $-0.00382935$ & $-0.0284095$ & $-0.0165471$ & $-0.0396996$ & $0.0392436$ & $0.00786001$ & $0.0900703$ & $0.0030951$ & $0.017868$ & $0.00458901$ & $0.00416105$ & $0.0249612$ & $0.0053118$ & $0.00862365$ & $-0.00139216$ & $-0.00794694$ & $0.00160322$ & $0.00230093$ & $0.00772885$ & $0.00924648$ & $-0.00555186$ & $-0.00974263$ & $0.0021565$ & $-0.0300783$ & $-0.0591372$ & $-0.0214518$ & $0.0662963$ & $-0.0448269$ & $-0.0142666$ & $1$ & $-0.105169$ & $0.0500042$ & $0.00623534$ & $0.0277848$ & $0.0107455$ & $0.00623305$ & $0.0018866$ & $0.0085737$ & $-0.0169446$ & $0.0231296$ & $-0.0127788$ & $-0.00655557$ & $-0.00108144$ & $0.0112066$ \\
eHggpar & $-0.0250401$ & $0.00243683$ & $-0.0243076$ & $-0.00957341$ & $0.000342873$ & $0.000867318$ & $-0.020481$ & $-0.0114835$ & $-0.022618$ & $0.0168068$ & $0.00412978$ & $0.0446236$ & $0.00324799$ & $0.00480203$ & $0.00413637$ & $0.00231994$ & $0.0117304$ & $0.0010712$ & $-0.000889937$ & $0.00278934$ & $-0.00677546$ & $-0.00406303$ & $0.000824691$ & $0.0109861$ & $0.00707198$ & $0.00111057$ & $-0.00187011$ & $-0.0073601$ & $-0.0183837$ & $-0.0250351$ & $-0.0141194$ & $0.0225413$ & $-0.0311808$ & $-0.0117079$ & $-0.105169$ & $1$ & $0.0206172$ & $0.00318259$ & $0.0279092$ & $0.000685215$ & $-0.00978214$ & $-0.0130172$ & $-0.0113372$ & $0.00601288$ & $-0.0272074$ & $0.00582386$ & $-0.00985815$ & $0.0163886$ & $-0.0209807$ \\
eHWWint & $-0.00530667$ & $0.0135907$ & $0.0137827$ & $-0.0231428$ & $-0.00662238$ & $0.00164506$ & $0.0199888$ & $8.88826e-06$ & $-0.0161536$ & $0.00569803$ & $-2.64077e-05$ & $-0.0173292$ & $-0.00114983$ & $0.000621199$ & $0.0013166$ & $-0.00160853$ & $0.0134503$ & $-0.00277639$ & $0.00221978$ & $-0.00855949$ & $0.000937105$ & $-0.00257477$ & $-0.00152034$ & $0.002655$ & $0.00469787$ & $0.00516192$ & $0.00238498$ & $-0.00519848$ & $-0.0201198$ & $-0.203731$ & $-0.103494$ & $-0.0188659$ & $-0.229056$ & $0.00259483$ & $0.0500042$ & $0.0206172$ & $1$ & $-0.00844097$ & $-0.010153$ & $0.00614921$ & $0.0036708$ & $0.00501922$ & $-0.00933323$ & $-0.00353017$ & $0.0145476$ & $0.00484663$ & $0.00344434$ & $-0.00431815$ & $0.00604768$ \\
eHWWpar & $0.00419091$ & $-0.00624725$ & $-0.0118301$ & $-0.00161323$ & $0.00875305$ & $-0.000323142$ & $0.0226912$ & $-0.00156873$ & $-0.00773728$ & $-0.00238931$ & $0.00089182$ & $-0.0121385$ & $-0.00945539$ & $0.000588776$ & $0.00153001$ & $-0.000739659$ & $-0.00354891$ & $0.000755325$ & $0.00434655$ & $-0.00481991$ & $-0.00604799$ & $0.0035294$ & $-0.00320158$ & $0.00625364$ & $0.00134535$ & $0.0011936$ & $-0.00184791$ & $0.00232218$ & $-0.0050855$ & $-0.0964462$ & $-0.0435719$ & $0.00146638$ & $-0.108156$ & $-0.00299053$ & $0.00623534$ & $0.00318259$ & $-0.00844097$ & $1$ & $0.0204302$ & $0.00642395$ & $-0.00606516$ & $0.00458415$ & $-0.00281764$ & $0.0117497$ & $-0.00377993$ & $0.00332039$ & $0.00673815$ & $0.00527163$ & $0.00190504$ \\
eHZZint & $0.0363701$ & $-0.00115402$ & $-0.0261695$ & $0.0111412$ & $-0.00865244$ & $0.00712087$ & $-0.00588767$ & $-0.00299714$ & $-0.00469723$ & $0.0015248$ & $0.00538967$ & $-0.00347107$ & $-0.00560732$ & $-0.000445647$ & $-0.000481628$ & $0.0033108$ & $-0.00278876$ & $0.00587871$ & $-0.00343052$ & $-0.00550941$ & $0.00275046$ & $0.00587155$ & $0.00025302$ & $0.00282643$ & $-0.00733877$ & $-0.000221108$ & $-0.00246218$ & $-0.0033254$ & $-0.00480938$ & $-0.0266453$ & $-0.0145606$ & $0.00660493$ & $-0.0239668$ & $0.00435058$ & $0.0277848$ & $0.0279092$ & $-0.010153$ & $0.0204302$ & $1$ & $-0.004477$ & $-0.0189537$ & $-0.0082791$ & $0.0242301$ & $0.0175209$ & $-0.0126365$ & $0.0184289$ & $-0.00147473$ & $-0.0065647$ & $0.000951584$ \\
eHZZpar & $-0.00160137$ & $-0.00371422$ & $-0.00257347$ & $-0.00297745$ & $-0.00161945$ & $-0.00762293$ & $-0.00568612$ & $-0.0007652$ & $-0.00409428$ & $0.00166174$ & $0.000555539$ & $-0.00302746$ & $0.00432838$ & $-0.00495102$ & $-0.00865487$ & $-0.00171983$ & $0.00311758$ & $0.00331629$ & $-0.000562264$ & $0.00110406$ & $0.00202328$ & $0.00433378$ & $-0.00254203$ & $-0.00402618$ & $0.0019304$ & $-0.00162176$ & $0.000289605$ & $-0.00494688$ & $0.00201445$ & $-0.0116728$ & $-0.00239349$ & $-0.000435358$ & $-0.0115613$ & $0.0017802$ & $0.0107455$ & $0.000685215$ & $0.00614921$ & $0.00642395$ & $-0.004477$ & $1$ & $0.00634392$ & $0.00598897$ & $-0.00711104$ & $-0.00152162$ & $-0.00708754$ & $0.00930455$ & $0.0075015$ & $0.0156404$ & $-0.00835619$ \\
eHZgaint & $0.0115512$ & $-0.0290759$ & $0.0275351$ & $-0.00862094$ & $-0.00425636$ & $0.00203968$ & $0.000339715$ & $0.00169369$ & $0.00378994$ & $-0.0280007$ & $0.005442$ & $0.000559008$ & $-0.00200509$ & $-0.0150714$ & $9.69506e-05$ & $-0.00835484$ & $-0.0198742$ & $-0.00322213$ & $0.00550272$ & $-0.00371765$ & $-0.0036593$ & $-0.00601949$ & $0.00496641$ & $0.00221707$ & $-0.00281995$ & $-0.000893993$ & $0.00559484$ & $0.00547497$ & $-0.00676005$ & $0.00734722$ & $-0.00265211$ & $0.00161659$ & $0.0087781$ & $-0.00505953$ & $0.00623305$ & $-0.00978214$ & $0.0036708$ & $-0.00606516$ & $-0.0189537$ & $0.00634392$ & $1$ & $0.00636962$ & $0.0102641$ & $-0.0189622$ & $0.0104412$ & $-0.00179625$ & $-0.0139456$ & $-0.00394478$ & $0.0114896$ \\
eHZgapar & $-0.0166947$ & $-0.00826348$ & $0.00316518$ & $0.0104604$ & $0.0078269$ & $-0.00713382$ & $0.00105018$ & $-0.0041354$ & $-0.00586115$ & $-0.00198812$ & $0.00494793$ & $-0.00268506$ & $0.00708562$ & $0.00181103$ & $-0.00193678$ & $0.00172539$ & $0.00202258$ & $0.00118621$ & $-0.000881517$ & $-0.00414289$ & $-0.00784257$ & $0.00293329$ & $0.000721271$ & $0.000756004$ & $-0.000749896$ & $-0.00193655$ & $-0.00402626$ & $-0.00692196$ & $-0.00252721$ & $0.00585517$ & $-0.00214297$ & $-0.000254864$ & $-0.00699618$ & $-0.00430266$ & $0.0018866$ & $-0.0130172$ & $0.00501922$ & $0.00458415$ & $-0.0082791$ & $0.00598897$ & $0.00636962$ & $1$ & $-0.012668$ & $-0.00819399$ & $0.00273491$ & $0.00261396$ & $0.00636827$ & $-0.00124162$ & $-0.00102798$ \\
eHgagaint & $0.00841699$ & $0.0067427$ & $0.00655197$ & $-0.00755265$ & $-0.00280526$ & $0.00282167$ & $-0.0103958$ & $0.00364277$ & $0.0909758$ & $-0.00901338$ & $0.000206613$ & $-0.00797053$ & $0.00636061$ & $-0.00755887$ & $-0.00451141$ & $-0.00551073$ & $-0.00912209$ & $-2.24467e-05$ & $0.00395394$ & $0.0135829$ & $0.00942561$ & $0.00486143$ & $0.000465282$ & $-0.011532$ & $-0.001387$ & $-0.00105629$ & $0.00707272$ & $0.00261122$ & $-0.00240791$ & $0.00806076$ & $-0.000316471$ & $-0.010819$ & $-0.00146274$ & $0.00552261$ & $0.0085737$ & $-0.0113372$ & $-0.00933323$ & $-0.00281764$ & $0.0242301$ & $-0.00711104$ & $0.0102641$ & $-0.012668$ & $1$ & $0.000588135$ & $0.0055169$ & $-0.0272615$ & $-0.00685257$ & $0.00120654$ & $-0.0100784$ \\
eHmumuint & $-0.00677461$ & $-0.0193298$ & $0.00538782$ & $0.00499123$ & $-0.00316605$ & $-0.00279815$ & $-0.0108242$ & $-0.00134767$ & $-0.00221592$ & $0.000300053$ & $-0.000590282$ & $-0.000538128$ & $-0.00507777$ & $0.00438431$ & $0.00364981$ & $0.00868454$ & $-0.00103762$ & $-0.00306645$ & $-0.00587578$ & $-0.00385252$ & $-0.00808246$ & $-0.00412804$ & $-0.00472284$ & $0.00300333$ & $-0.00606898$ & $0.00642356$ & $-0.00982092$ & $0.000218067$ & $0.0172723$ & $0.00107515$ & $-0.000512083$ & $-0.0130692$ & $-0.000195824$ & $-0.0090914$ & $-0.0169446$ & $0.00601288$ & $-0.00353017$ & $0.0117497$ & $0.0175209$ & $-0.00152162$ & $-0.0189622$ & $-0.00819399$ & $0.000588135$ & $1$ & $0.00905618$ & $0.0242683$ & $-0.00622193$ & $0.0129495$ & $0.00653544$ \\
eHtautauint & $0.00690843$ & $0.00377092$ & $-0.0166921$ & $0.0118592$ & $0.000442255$ & $-0.00765862$ & $0.00433779$ & $-0.00571983$ & $-0.00496956$ & $0.0086289$ & $0.0058627$ & $0.00712415$ & $-0.0021927$ & $0.00359326$ & $0.00446994$ & $0.00391178$ & $0.0106909$ & $-0.000103669$ & $0.00443849$ & $-0.00651437$ & $0.00667282$ & $0.000576901$ & $0.000581025$ & $-0.00222285$ & $-0.0050195$ & $-0.00535477$ & $-0.00931044$ & $-0.00605289$ & $0.00807601$ & $0.0841706$ & $-0.00147973$ & $0.00362589$ & $0.000911555$ & $-0.00244178$ & $0.0231296$ & $-0.0272074$ & $0.0145476$ & $-0.00377993$ & $-0.0126365$ & $-0.00708754$ & $0.0104412$ & $0.00273491$ & $0.0055169$ & $0.00905618$ & $1$ & $-0.0335265$ & $0.00203659$ & $-0.00847248$ & $0.00273911$ \\
eHccint & $-0.0156126$ & $0.00165951$ & $-0.0055573$ & $0.00361891$ & $-0.00296771$ & $0.0128175$ & $-0.00227622$ & $-0.00724947$ & $-0.0100618$ & $0.00157478$ & $0.00459188$ & $-0.000453219$ & $0.00609421$ & $0.00399921$ & $-0.000754931$ & $-0.0089961$ & $0.000772117$ & $0.00197525$ & $0.0054725$ & $-0.00090315$ & $-0.00334911$ & $0.00490863$ & $0.00155247$ & $0.00424794$ & $0.00356593$ & $0.000474609$ & $0.000689273$ & $-0.00106574$ & $0.00343906$ & $-0.00392376$ & $0.0857441$ & $-0.0027985$ & $-0.0108128$ & $-0.00640488$ & $-0.0127788$ & $0.00582386$ & $0.00484663$ & $0.00332039$ & $0.0184289$ & $0.00930455$ & $-0.00179625$ & $0.00261396$ & $-0.0272615$ & $0.0242683$ & $-0.0335265$ & $1$ & $0.00722405$ & $0.0138992$ & $-0.0192109$ \\
eHccpar & $0.0130244$ & $-0.0199207$ & $0.0146041$ & $-0.0105326$ & $-0.000477199$ & $0.00267668$ & $-0.00572726$ & $0.00804078$ & $0.00651906$ & $-0.00561906$ & $-0.00722612$ & $-0.00561696$ & $-0.00174377$ & $-0.00219367$ & $0.0012593$ & $-0.00319721$ & $-0.00490678$ & $0.00268903$ & $0.00566111$ & $0.00808425$ & $0.00429467$ & $0.00481173$ & $0.00802901$ & $-0.00340763$ & $-0.00118954$ & $-0.00613937$ & $0.00445276$ & $0.00116322$ & $-0.00244169$ & $-0.00214239$ & $0.416444$ & $-0.00780768$ & $-0.013485$ & $0.0032561$ & $-0.00655557$ & $-0.00985815$ & $0.00344434$ & $0.00673815$ & $-0.00147473$ & $0.0075015$ & $-0.0139456$ & $0.00636827$ & $-0.00685257$ & $-0.00622193$ & $0.00203659$ & $0.00722405$ & $1$ & $-0.0156607$ & $-0.0047706$ \\
eHbbint & $-0.00523536$ & $-0.00451994$ & $-0.0122781$ & $0.0150243$ & $-0.00606868$ & $0.00593091$ & $-0.00312386$ & $0.00234433$ & $0.00172298$ & $0.000598514$ & $-0.00442849$ & $0.00414467$ & $0.0093578$ & $9.42686e-05$ & $0.00308764$ & $0.00239733$ & $-0.00175166$ & $-0.00692097$ & $-0.00359495$ & $-0.000607262$ & $0.00163856$ & $0.00632386$ & $0.00187969$ & $-0.0013052$ & $-0.00241715$ & $-0.00265043$ & $1.69503e-05$ & $-0.00242548$ & $-0.00593559$ & $0.000505961$ & $-0.000217935$ & $0.0011692$ & $0.168188$ & $-0.00553556$ & $-0.00108144$ & $0.0163886$ & $-0.00431815$ & $0.00527163$ & $-0.0065647$ & $0.0156404$ & $-0.00394478$ & $-0.00124162$ & $0.00120654$ & $0.0129495$ & $-0.00847248$ & $0.0138992$ & $-0.0156607$ & $1$ & $-0.0318162$ \\
eHbbpar & $0.00341716$ & $0.00946429$ & $0.00288671$ & $-0.0133924$ & $0.0109598$ & $-0.00105431$ & $0.000746535$ & $0.000804098$ & $-0.000615567$ & $-0.00167157$ & $0.00293926$ & $-0.00124925$ & $0.00723095$ & $-0.00229073$ & $0.00146314$ & $0.000121162$ & $-0.00139803$ & $-0.00733553$ & $-0.00352112$ & $0.000207689$ & $-0.00423632$ & $0.00579469$ & $4.7227e-06$ & $0.00158754$ & $-0.0102903$ & $-0.00589463$ & $-0.00632671$ & $-0.00538996$ & $-0.00204782$ & $-0.0118971$ & $-0.00968106$ & $0.00313688$ & $0.529925$ & $-0.00115158$ & $0.0112066$ & $-0.0209807$ & $0.00604768$ & $0.00190504$ & $0.000951584$ & $-0.00835619$ & $0.0114896$ & $-0.00102798$ & $-0.0100784$ & $0.00653544$ & $0.00273911$ & $-0.0192109$ & $-0.0047706$ & $-0.0318162$ & $1$ \\
