 & AlsMz & dAle5Mz & mtop & mHl & Mz & CW & CHG & CHWB & CHWHB_gaga & CHWHB_gagaorth & CHD & CHbox & CH & CHL1_11 & CHL1_22 & CHL1_33 & CHL3_11 & CHL3_22 & CHL3_33 & CHe_11 & CHe_22 & CHe_33 & CHQ1_11 & CHQ1_33 & CHQ3_11 & CHu_11 & CHd_11 & CHd_33 & CeH_22r & CeH_33r & CuH_22r & CuH_33r & CdH_33r & CLL_1221 & eHggint & eHggpar & eHWWint & eHWWpar & eHZZint & eHZZpar & eHZgaint & eHZgapar & eHgagaint & eHmumuint & eHtautauint & eHccint & eHccpar & eHbbint & eHbbpar \\
AlsMz & $1$ & $0.0667803$ & $0.034195$ & $-0.0232288$ & $-0.0336807$ & $0.00567566$ & $0.00146648$ & $0.0140009$ & $0.00503293$ & $0.0202823$ & $-0.035729$ & $-0.0276311$ & $0.0234056$ & $0.0343085$ & $0.0290951$ & $0.0121772$ & $0.0261627$ & $0.0103918$ & $0.0147407$ & $0.028522$ & $0.0251095$ & $0.0196174$ & $-0.0628706$ & $-0.0438597$ & $-0.0787038$ & $-0.0237377$ & $-0.0407537$ & $0.0095897$ & $-0.0607761$ & $-0.00800655$ & $0.0182571$ & $-0.0261458$ & $0.00620516$ & $-0.0112541$ & $-0.0766976$ & $-0.0567386$ & $-0.0288131$ & $0.0561428$ & $-0.0168407$ & $-0.00885754$ & $0.0323992$ & $0.00151149$ & $-0.0494949$ & $-0.0442624$ & $-0.0383843$ & $0.0105973$ & $0.00151326$ & $0.0573758$ & $-0.019386$ \\
dAle5Mz & $0.0667803$ & $1$ & $0.0674094$ & $-0.0323604$ & $-0.0160245$ & $0.0313183$ & $-0.056896$ & $-0.125567$ & $-0.126527$ & $0.0725023$ & $0.0857341$ & $-0.0435741$ & $0.0525269$ & $0.0238772$ & $-0.0117031$ & $-0.0961596$ & $0.0355837$ & $0.0449269$ & $0.10103$ & $-0.0703424$ & $-0.070682$ & $-0.0716559$ & $0.0131449$ & $0.0829786$ & $0.0687185$ & $0.0290018$ & $-0.0199192$ & $-0.0285927$ & $-0.0408184$ & $0.0180422$ & $0.0565146$ & $-0.0424205$ & $0.0294893$ & $-0.0696946$ & $0.0136759$ & $-0.0468888$ & $-0.0412505$ & $-0.0858215$ & $0.0630597$ & $0.0258439$ & $0.0370516$ & $0.0340459$ & $-0.0227505$ & $-0.0702425$ & $-0.0133402$ & $0.0382384$ & $-0.0181114$ & $-0.0453203$ & $0.000724623$ \\
mtop & $0.034195$ & $0.0674094$ & $1$ & $-0.00449561$ & $0.00538226$ & $-0.0344448$ & $0.0755389$ & $-0.00220214$ & $0.00168465$ & $0.00381769$ & $0.0322385$ & $0.0219681$ & $-0.0198404$ & $-0.0651749$ & $-0.0292254$ & $-0.0639462$ & $-0.0338604$ & $-0.0408965$ & $-0.0187837$ & $-0.029178$ & $-0.0210722$ & $-0.0131059$ & $0.0531142$ & $-0.0421769$ & $-0.0318958$ & $-0.0194595$ & $0.0391922$ & $-0.0298772$ & $0.00902739$ & $-0.00242073$ & $0.0334906$ & $0.0867666$ & $-0.0204235$ & $0.0314599$ & $0.0228609$ & $-0.0479934$ & $0.00888073$ & $0.00476718$ & $-0.0100075$ & $0.0369083$ & $-0.00543755$ & $0.0283945$ & $0.0025596$ & $0.0595994$ & $-0.0114247$ & $0.0260462$ & $0.0298082$ & $0.0380032$ & $-0.0288867$ \\
mHl & $-0.0232288$ & $-0.0323604$ & $-0.00449561$ & $1$ & $-0.0485442$ & $-0.0319893$ & $0.0308493$ & $-0.0359481$ & $-0.0363813$ & $0.0151061$ & $0.02165$ & $-0.00082096$ & $-0.00569239$ & $0.00460813$ & $0.0220918$ & $0.00714325$ & $0.0251326$ & $0.0110496$ & $0.0224408$ & $-0.0208574$ & $-0.028139$ & $-0.023503$ & $0.032777$ & $0.0244377$ & $0.016532$ & $0.0167441$ & $-0.0548154$ & $0.016529$ & $-0.0256964$ & $-0.00655639$ & $-0.00777646$ & $0.0363311$ & $0.0235896$ & $-0.0572685$ & $0.0280334$ & $-0.0217093$ & $0.036524$ & $-0.0155696$ & $-0.0115933$ & $0.0422989$ & $0.00575973$ & $0.0606259$ & $0.0444306$ & $0.0317144$ & $-0.0582307$ & $0.0139368$ & $-0.0119808$ & $-0.0171786$ & $0.0879544$ \\
Mz & $-0.0336807$ & $-0.0160245$ & $0.00538226$ & $-0.0485442$ & $1$ & $0.00583526$ & $0.0697801$ & $-0.00527562$ & $0.00125873$ & $-0.0280779$ & $0.0169912$ & $0.0134229$ & $-0.0267054$ & $-0.00418335$ & $0.0440261$ & $-0.033975$ & $-0.0142452$ & $-0.0410579$ & $0.0107993$ & $-0.00999881$ & $-0.00919436$ & $-0.0158096$ & $-0.0478289$ & $0.00995541$ & $-0.00957694$ & $0.0259225$ & $-0.0142503$ & $0.0341297$ & $-0.0178728$ & $-0.0125023$ & $-0.00778657$ & $0.0687199$ & $-0.0328708$ & $-0.0544851$ & $0.000798776$ & $-0.019506$ & $-0.0311658$ & $-0.00230425$ & $0.0453928$ & $0.0192132$ & $0.0048321$ & $0.0150455$ & $0.0881293$ & $-0.0636094$ & $-0.00107505$ & $-0.024776$ & $-0.0264675$ & $-0.0192318$ & $0.0187805$ \\
CW & $0.00567566$ & $0.0313183$ & $-0.0344448$ & $-0.0319893$ & $0.00583526$ & $1$ & $0.0218028$ & $-0.0313773$ & $-0.0178077$ & $0.0190004$ & $0.159165$ & $0.0854601$ & $-0.0456849$ & $-0.0638039$ & $-0.0977434$ & $-0.0818115$ & $-0.409397$ & $-0.196489$ & $-0.210512$ & $-0.155677$ & $-0.159909$ & $-0.161565$ & $0.0171602$ & $-0.157894$ & $-0.235465$ & $0.113375$ & $-0.0332579$ & $-0.0727998$ & $0.0331056$ & $-0.0128077$ & $-0.0144483$ & $0.0356982$ & $0.010712$ & $-0.0755494$ & $0.0126958$ & $0.048404$ & $-0.0115818$ & $-0.0139379$ & $0.000927075$ & $-0.00649356$ & $0.039327$ & $0.0388378$ & $0.0870154$ & $-0.0403238$ & $-0.0171352$ & $0.0359084$ & $-0.0475648$ & $0.0187438$ & $0.0459046$ \\
CHG & $0.00146648$ & $-0.056896$ & $0.0755389$ & $0.0308493$ & $0.0697801$ & $0.0218028$ & $1$ & $-0.0329928$ & $0.010512$ & $0.0905278$ & $0.0548227$ & $0.551799$ & $-0.578779$ & $-0.0721688$ & $-0.00164664$ & $-0.0186827$ & $-0.0340283$ & $-0.0474841$ & $-0.0345635$ & $-0.0507367$ & $-0.0562566$ & $-0.0617584$ & $-0.0525996$ & $-0.00518713$ & $-0.0479235$ & $0.0759453$ & $-0.0454865$ & $-0.00537508$ & $-0.0102128$ & $-0.329862$ & $-0.168193$ & $0.935713$ & $-0.301246$ & $-0.0344875$ & $-0.0997154$ & $-0.0117175$ & $0.0422651$ & $0.00571739$ & $-0.0396313$ & $0.0210517$ & $0.0318732$ & $0.0246872$ & $0.0323371$ & $-0.0257174$ & $-0.00348533$ & $-0.0299157$ & $-0.0353982$ & $0.0228348$ & $0.0399326$ \\
CHWB & $0.0140009$ & $-0.125567$ & $-0.00220214$ & $-0.0359481$ & $-0.00527562$ & $-0.0313773$ & $-0.0329928$ & $1$ & $0.989539$ & $-0.574119$ & $-0.882101$ & $-0.101546$ & $0.00721408$ & $0.289054$ & $0.47387$ & $0.472856$ & $-0.23665$ & $-0.420086$ & $-0.425442$ & $0.865495$ & $0.893278$ & $0.888133$ & $0.0712345$ & $-0.639733$ & $-0.408307$ & $-0.641785$ & $0.397033$ & $0.44945$ & $-0.0198253$ & $0.0253406$ & $0.0186248$ & $-0.0357885$ & $0.0805177$ & $0.523716$ & $-0.0297005$ & $-0.0244025$ & $-0.0992399$ & $-0.00357575$ & $0.0717945$ & $0.0245003$ & $-0.0254417$ & $-0.0258596$ & $0.0343063$ & $0.0252247$ & $0.0294982$ & $0.0653735$ & $0.0125105$ & $0.0183757$ & $0.035524$ \\
CHWHB_gaga & $0.00503293$ & $-0.126527$ & $0.00168465$ & $-0.0363813$ & $0.00125873$ & $-0.0178077$ & $0.010512$ & $0.989539$ & $1$ & $-0.569928$ & $-0.867573$ & $-0.0910455$ & $0.00270334$ & $0.277964$ & $0.462859$ & $0.464509$ & $-0.246287$ & $-0.422471$ & $-0.429806$ & $0.851567$ & $0.879027$ & $0.873313$ & $0.0684757$ & $-0.640045$ & $-0.414701$ & $-0.630084$ & $0.390078$ & $0.445715$ & $-0.0123963$ & $0.0434009$ & $0.0376029$ & $0.00238041$ & $0.100276$ & $0.521269$ & $-0.0403375$ & $-0.0345838$ & $-0.0987721$ & $-0.00412053$ & $0.0688213$ & $0.0209163$ & $-0.0274675$ & $-0.028191$ & $0.0932518$ & $0.0252271$ & $0.0321102$ & $0.0627716$ & $0.0188486$ & $0.0127589$ & $0.0337981$ \\
CHWHB_gagaorth & $0.0202823$ & $0.0725023$ & $0.00381769$ & $0.0151061$ & $-0.0280779$ & $0.0190004$ & $0.0905278$ & $-0.574119$ & $-0.569928$ & $1$ & $0.489458$ & $0.345224$ & $-0.16049$ & $-0.139656$ & $-0.251632$ & $-0.258889$ & $0.169072$ & $0.26068$ & $0.264995$ & $-0.479467$ & $-0.498845$ & $-0.502455$ & $-0.062155$ & $0.376957$ & $0.262304$ & $0.357968$ & $-0.238064$ & $-0.285601$ & $0.0128209$ & $-0.146806$ & $-0.0804431$ & $0.102879$ & $-0.229408$ & $-0.316914$ & $0.0167749$ & $0.0236993$ & $0.0860831$ & $0.00866832$ & $-0.054273$ & $-0.0390637$ & $-0.039305$ & $0.0314846$ & $-0.0107556$ & $0.0340045$ & $-0.0259196$ & $-0.025082$ & $-0.023125$ & $-0.00352842$ & $-0.0515247$ \\
CHD & $-0.035729$ & $0.0857341$ & $0.0322385$ & $0.02165$ & $0.0169912$ & $0.159165$ & $0.0548227$ & $-0.882101$ & $-0.867573$ & $0.489458$ & $1$ & $0.164589$ & $-0.0383695$ & $-0.664681$ & $-0.575886$ & $-0.584076$ & $-0.221183$ & $0.0153785$ & $0.0191422$ & $-0.995357$ & $-0.995163$ & $-0.983722$ & $-0.00440435$ & $0.247961$ & $-0.00593746$ & $0.709614$ & $-0.265664$ & $-0.47275$ & $0.0292887$ & $-0.00515839$ & $-0.0185526$ & $0.0723244$ & $-0.0751028$ & $-0.338123$ & $0.0335122$ & $0.0286373$ & $0.0855876$ & $0.00672268$ & $-0.0602193$ & $-0.0080301$ & $0.0069496$ & $0.00582271$ & $-0.0418637$ & $-0.0281779$ & $-0.00273398$ & $-0.0657278$ & $-0.0214538$ & $0.0127262$ & $-0.0129775$ \\
CHbox & $-0.0276311$ & $-0.0435741$ & $0.0219681$ & $-0.00082096$ & $0.0134229$ & $0.0854601$ & $0.551799$ & $-0.101546$ & $-0.0910455$ & $0.345224$ & $0.164589$ & $1$ & $-0.95351$ & $-0.188314$ & $-0.033216$ & $-0.0418107$ & $-0.120485$ & $-0.120317$ & $-0.114269$ & $-0.16039$ & $-0.169554$ & $-0.173198$ & $-0.0576853$ & $-0.0295047$ & $-0.111403$ & $0.133496$ & $-0.0907324$ & $-0.0407981$ & $-0.0334742$ & $-0.403326$ & $-0.244426$ & $0.484962$ & $-0.410317$ & $-0.0744942$ & $-0.0669746$ & $-0.0190882$ & $0.0619248$ & $0.0229574$ & $0.0153099$ & $0.00341263$ & $-0.0393748$ & $0.0466092$ & $-0.00319958$ & $-0.0315176$ & $-0.0174914$ & $-0.00554086$ & $-0.0480754$ & $0.0499575$ & $0.024677$ \\
CH & $0.0234056$ & $0.0525269$ & $-0.0198404$ & $-0.00569239$ & $-0.0267054$ & $-0.0456849$ & $-0.578779$ & $0.00721408$ & $0.00270334$ & $-0.16049$ & $-0.0383695$ & $-0.95351$ & $1$ & $0.0786007$ & $-0.0226263$ & $-0.0150653$ & $0.0537022$ & $0.0799917$ & $0.072247$ & $0.0377448$ & $0.0422611$ & $0.0470798$ & $0.0534976$ & $0.0270702$ & $0.0718663$ & $-0.0428495$ & $0.0502167$ & $-0.0272635$ & $0.0560562$ & $0.481232$ & $0.263094$ & $-0.483399$ & $0.470268$ & $0.0295645$ & $0.0928846$ & $0.0392217$ & $-0.0547276$ & $-0.0227166$ & $-0.0201699$ & $-0.0123877$ & $0.0191674$ & $-0.0522785$ & $-0.000787011$ & $0.0461622$ & $0.0192902$ & $-0.002284$ & $0.0445138$ & $-0.0457388$ & $-0.0354183$ \\
CHL1_11 & $0.0343085$ & $0.0238772$ & $-0.0651749$ & $0.00460813$ & $-0.00418335$ & $-0.0638039$ & $-0.0721688$ & $0.289054$ & $0.277964$ & $-0.139656$ & $-0.664681$ & $-0.188314$ & $0.0786007$ & $1$ & $0.411915$ & $0.422386$ & $0.614117$ & $0.5549$ & $0.557422$ & $0.677828$ & $0.639724$ & $0.624487$ & $-0.0787051$ & $0.413514$ & $0.561677$ & $-0.449275$ & $-0.0473479$ & $0.286159$ & $-0.036548$ & $-0.0252451$ & $0.0164199$ & $-0.0955625$ & $0.0436118$ & $-0.149359$ & $-0.0244099$ & $-0.00434172$ & $-0.00712863$ & $0.000473048$ & $0.0411585$ & $-0.0138966$ & $0.0430478$ & $0.021755$ & $0.0666109$ & $0.00983805$ & $-0.0310395$ & $0.0731443$ & $0.0156588$ & $-0.0411708$ & $0.000807395$ \\
CHL1_22 & $0.0290951$ & $-0.0117031$ & $-0.0292254$ & $0.0220918$ & $0.0440261$ & $-0.0977434$ & $-0.00164664$ & $0.47387$ & $0.462859$ & $-0.251632$ & $-0.575886$ & $-0.033216$ & $-0.0226263$ & $0.411915$ & $1$ & $0.551307$ & $0.129628$ & $-0.35007$ & $-0.0494413$ & $0.616027$ & $0.519461$ & $0.5093$ & $-0.124412$ & $0.0286158$ & $-0.125897$ & $-0.387286$ & $-0.306221$ & $0.246874$ & $0.0107146$ & $-0.0494667$ & $0.0088777$ & $-0.0176886$ & $0.0451839$ & $-0.465615$ & $0.0194224$ & $-0.0104099$ & $-0.0589723$ & $0.0631547$ & $0.0359893$ & $0.0533774$ & $-0.0144857$ & $0.0546675$ & $0.000754179$ & $-0.0168566$ & $-0.0505315$ & $0.0378864$ & $0.00207193$ & $0.0106652$ & $0.0794093$ \\
CHL1_33 & $0.0121772$ & $-0.0961596$ & $-0.0639462$ & $0.00714325$ & $-0.033975$ & $-0.0818115$ & $-0.0186827$ & $0.472856$ & $0.464509$ & $-0.258889$ & $-0.584076$ & $-0.0418107$ & $-0.0150653$ & $0.422386$ & $0.551307$ & $1$ & $0.160354$ & $-0.0180692$ & $-0.316361$ & $0.626011$ & $0.530658$ & $0.543598$ & $-0.190182$ & $0.00167172$ & $-0.0802729$ & $-0.349824$ & $-0.293788$ & $0.237695$ & $-0.0316582$ & $-0.0187605$ & $-0.0405507$ & $-0.0314713$ & $0.02241$ & $-0.0231433$ & $0.0110882$ & $-0.0293916$ & $-0.0178176$ & $0.0075593$ & $0.0332102$ & $-0.0657828$ & $-0.0452924$ & $-0.00492378$ & $0.024464$ & $-0.00289617$ & $-0.0428242$ & $0.0605841$ & $0.004682$ & $0.0179816$ & $0.00321062$ \\
CHL3_11 & $0.0261627$ & $0.0355837$ & $-0.0338604$ & $0.0251326$ & $-0.0142452$ & $-0.409397$ & $-0.0340283$ & $-0.23665$ & $-0.246287$ & $0.169072$ & $-0.221183$ & $-0.120485$ & $0.0537022$ & $0.614117$ & $0.129628$ & $0.160354$ & $1$ & $0.822013$ & $0.818934$ & $0.234823$ & $0.201763$ & $0.18977$ & $-0.111672$ & $0.743685$ & $0.841128$ & $-0.134134$ & $-0.180378$ & $0.0303149$ & $-0.00736709$ & $-0.033037$ & $-0.00789825$ & $-0.0678275$ & $-0.0243602$ & $-0.228133$ & $-0.00779525$ & $-0.0260652$ & $0.0137476$ & $-0.0211378$ & $-0.0439695$ & $-0.0273144$ & $0.0230473$ & $0.0349767$ & $-0.0150293$ & $0.0239076$ & $-0.0515164$ & $-0.030486$ & $0.0210533$ & $-0.0737009$ & $-0.070921$ \\
CHL3_22 & $0.0103918$ & $0.0449269$ & $-0.0408965$ & $0.0110496$ & $-0.0410579$ & $-0.196489$ & $-0.0474841$ & $-0.420086$ & $-0.422471$ & $0.26068$ & $0.0153785$ & $-0.120317$ & $0.0799917$ & $0.5549$ & $-0.35007$ & $-0.0180692$ & $0.822013$ & $1$ & $0.790022$ & $-0.013564$ & $-0.014146$ & $-0.0190831$ & $-0.0609511$ & $0.717381$ & $0.873149$ & $0.0299152$ & $-0.0583351$ & $-0.0566444$ & $-0.0284439$ & $-0.00539624$ & $-0.0100526$ & $-0.0674391$ & $-0.0298668$ & $-0.0377135$ & $-0.0175569$ & $-0.00687806$ & $0.0595771$ & $-0.0443162$ & $-0.035548$ & $-0.0680292$ & $0.039157$ & $-0.00215872$ & $0.0224281$ & $0.0229562$ & $-0.0184759$ & $-0.0117679$ & $0.0177797$ & $-0.0650481$ & $-0.0914752$ \\
CHL3_33 & $0.0147407$ & $0.10103$ & $-0.0187837$ & $0.0224408$ & $0.0107993$ & $-0.210512$ & $-0.0345635$ & $-0.425442$ & $-0.429806$ & $0.264995$ & $0.0191422$ & $-0.114269$ & $0.072247$ & $0.557422$ & $-0.0494413$ & $-0.316361$ & $0.818934$ & $0.790022$ & $1$ & $-0.0188036$ & $-0.0187456$ & $-0.0285363$ & $-0.0145332$ & $0.74817$ & $0.861104$ & $0.00221511$ & $-0.0630037$ & $-0.0501337$ & $-0.0114208$ & $-0.033482$ & $0.0208756$ & $-0.0578932$ & $-0.0165753$ & $-0.341399$ & $-0.0142853$ & $0.0143119$ & $0.0348596$ & $-0.00587625$ & $-0.03287$ & $0.0164004$ & $0.0654091$ & $0.0361295$ & $0.00742129$ & $0.0140549$ & $-0.0295913$ & $-0.0286265$ & $0.0119302$ & $-0.0758478$ & $-0.0383394$ \\
CHe_11 & $0.028522$ & $-0.0703424$ & $-0.029178$ & $-0.0208574$ & $-0.00999881$ & $-0.155677$ & $-0.0507367$ & $0.865495$ & $0.851567$ & $-0.479467$ & $-0.995357$ & $-0.16039$ & $0.0377448$ & $0.677828$ & $0.616027$ & $0.626011$ & $0.234823$ & $-0.013564$ & $-0.0188036$ & $1$ & $0.985881$ & $0.975217$ & $-0.0118149$ & $-0.21312$ & $0.0143169$ & $-0.705051$ & $0.214133$ & $0.466972$ & $-0.028477$ & $0.00345845$ & $0.0172863$ & $-0.0669398$ & $0.0753272$ & $0.283801$ & $-0.0279912$ & $-0.0274378$ & $-0.083371$ & $-0.00609333$ & $0.062202$ & $0.0032214$ & $-0.00923624$ & $-0.00346678$ & $0.0451037$ & $0.0257646$ & $-0.00103028$ & $0.0670529$ & $0.0218469$ & $-0.010134$ & $0.0126197$ \\
CHe_22 & $0.0251095$ & $-0.070682$ & $-0.0210722$ & $-0.028139$ & $-0.00919436$ & $-0.159909$ & $-0.0562566$ & $0.893278$ & $0.879027$ & $-0.498845$ & $-0.995163$ & $-0.169554$ & $0.0422611$ & $0.639724$ & $0.519461$ & $0.530658$ & $0.201763$ & $-0.014146$ & $-0.0187456$ & $0.985881$ & $1$ & $0.986979$ & $0.0269121$ & $-0.286313$ & $0.000516745$ & $-0.712908$ & $0.327145$ & $0.474658$ & $-0.0279185$ & $0.0115822$ & $0.0218687$ & $-0.0714938$ & $0.0758162$ & $0.403575$ & $-0.0366221$ & $-0.0284474$ & $-0.0924015$ & $-0.0139484$ & $0.0619244$ & $0.00847868$ & $-0.00357068$ & $-0.00983134$ & $0.0422137$ & $0.029534$ & $0.00800248$ & $0.0651213$ & $0.0233302$ & $-0.017621$ & $0.00661937$ \\
CHe_33 & $0.0196174$ & $-0.0716559$ & $-0.0131059$ & $-0.023503$ & $-0.0158096$ & $-0.161565$ & $-0.0617584$ & $0.888133$ & $0.873313$ & $-0.502455$ & $-0.983722$ & $-0.173198$ & $0.0470798$ & $0.624487$ & $0.5093$ & $0.543598$ & $0.18977$ & $-0.0190831$ & $-0.0285363$ & $0.975217$ & $0.986979$ & $1$ & $0.0229791$ & $-0.289469$ & $-0.00874926$ & $-0.702583$ & $0.324845$ & $0.473496$ & $-0.0387165$ & $0.00878439$ & $0.0164137$ & $-0.0749865$ & $0.0781358$ & $0.409753$ & $-0.0344726$ & $-0.0263378$ & $-0.0798303$ & $-0.0185872$ & $0.072915$ & $0.0101491$ & $-0.00359263$ & $-0.0221082$ & $0.0426438$ & $0.0343101$ & $0.00641041$ & $0.0639857$ & $0.0126319$ & $-0.0242733$ & $0.0119899$ \\
CHQ1_11 & $-0.0628706$ & $0.0131449$ & $0.0531142$ & $0.032777$ & $-0.0478289$ & $0.0171602$ & $-0.0525996$ & $0.0712345$ & $0.0684757$ & $-0.062155$ & $-0.00440435$ & $-0.0576853$ & $0.0534976$ & $-0.0787051$ & $-0.124412$ & $-0.190182$ & $-0.111672$ & $-0.0609511$ & $-0.0145332$ & $-0.0118149$ & $0.0269121$ & $0.0229791$ & $1$ & $-0.141588$ & $0.037523$ & $-0.566819$ & $0.391313$ & $0.0598504$ & $0.0118291$ & $0.0419846$ & $0.0401639$ & $-0.0439197$ & $0.0354704$ & $0.177378$ & $0.014284$ & $0.0734243$ & $-0.0299213$ & $0.0139989$ & $0.000508672$ & $0.113053$ & $0.0289379$ & $-0.0278439$ & $-0.0149437$ & $0.0403981$ & $0.0834151$ & $0.0353596$ & $-0.00448635$ & $-0.00145713$ & $0.0146221$ \\
CHQ1_33 & $-0.0438597$ & $0.0829786$ & $-0.0421769$ & $0.0244377$ & $0.00995541$ & $-0.157894$ & $-0.00518713$ & $-0.639733$ & $-0.640045$ & $0.376957$ & $0.247961$ & $-0.0295047$ & $0.0270702$ & $0.413514$ & $0.0286158$ & $0.00167172$ & $0.743685$ & $0.717381$ & $0.74817$ & $-0.21312$ & $-0.286313$ & $-0.289469$ & $-0.141588$ & $1$ & $0.755584$ & $0.20742$ & $-0.41144$ & $-0.105172$ & $0.0161707$ & $-0.0549418$ & $0.00877607$ & $-0.0233438$ & $-0.050221$ & $-0.620544$ & $0.00231226$ & $0.0201727$ & $0.0602236$ & $-0.00125348$ & $-0.0336103$ & $-0.0308161$ & $0.0414584$ & $0.0361979$ & $-0.0161225$ & $-0.00288731$ & $-0.0442562$ & $-0.00293804$ & $0.0319205$ & $-0.0399779$ & $-0.0496281$ \\
CHQ3_11 & $-0.0787038$ & $0.0687185$ & $-0.0318958$ & $0.016532$ & $-0.00957694$ & $-0.235465$ & $-0.0479235$ & $-0.408307$ & $-0.414701$ & $0.262304$ & $-0.00593746$ & $-0.111403$ & $0.0718663$ & $0.561677$ & $-0.125897$ & $-0.0802729$ & $0.841128$ & $0.873149$ & $0.861104$ & $0.0143169$ & $0.000516745$ & $-0.00874926$ & $0.037523$ & $0.755584$ & $1$ & $-0.00161977$ & $0.0970236$ & $-0.0518408$ & $-0.0087408$ & $-0.0276601$ & $0.00370947$ & $-0.0655539$ & $-0.0355547$ & $-0.233613$ & $-0.0189907$ & $0.00265452$ & $0.0541901$ & $-0.0129052$ & $-0.051949$ & $-0.0105043$ & $0.0563356$ & $0.0112867$ & $-0.0129604$ & $0.0290681$ & $-0.0378933$ & $-0.0107922$ & $0.0281343$ & $-0.0602953$ & $-0.0734656$ \\
CHu_11 & $-0.0237377$ & $0.0290018$ & $-0.0194595$ & $0.0167441$ & $0.0259225$ & $0.113375$ & $0.0759453$ & $-0.641785$ & $-0.630084$ & $0.357968$ & $0.709614$ & $0.133496$ & $-0.0428495$ & $-0.449275$ & $-0.387286$ & $-0.349824$ & $-0.134134$ & $0.0299152$ & $0.00221511$ & $-0.705051$ & $-0.712908$ & $-0.702583$ & $-0.566819$ & $0.20742$ & $-0.00161977$ & $1$ & $-0.2341$ & $-0.343257$ & $0.0182322$ & $-0.00733684$ & $-0.0099882$ & $0.0897173$ & $-0.0406821$ & $-0.277945$ & $0.0149387$ & $-0.0299691$ & $0.0767784$ & $-0.0318059$ & $-0.0477214$ & $-0.066494$ & $0.00860225$ & $0.0308858$ & $-0.0230011$ & $-0.0328793$ & $-0.0481076$ & $-0.0576355$ & $0.00426115$ & $0.0347802$ & $0.0214018$ \\
CHd_11 & $-0.0407537$ & $-0.0199192$ & $0.0391922$ & $-0.0548154$ & $-0.0142503$ & $-0.0332579$ & $-0.0454865$ & $0.397033$ & $0.390078$ & $-0.238064$ & $-0.265664$ & $-0.0907324$ & $0.0502167$ & $-0.0473479$ & $-0.306221$ & $-0.293788$ & $-0.180378$ & $-0.0583351$ & $-0.0630037$ & $0.214133$ & $0.327145$ & $0.324845$ & $0.391313$ & $-0.41144$ & $0.0970236$ & $-0.2341$ & $1$ & $0.165944$ & $-0.00235573$ & $0.0518349$ & $0.0535872$ & $-0.0326126$ & $0.0309182$ & $0.674037$ & $-0.0664866$ & $-0.00299189$ & $-0.0473426$ & $-0.0310809$ & $0.00484851$ & $0.0605222$ & $0.0399597$ & $-0.0595106$ & $-0.0396117$ & $0.057675$ & $0.0627587$ & $0.0339684$ & $0.0448043$ & $0.0143022$ & $-0.0338081$ \\
CHd_33 & $0.0095897$ & $-0.0285927$ & $-0.0298772$ & $0.016529$ & $0.0341297$ & $-0.0727998$ & $-0.00537508$ & $0.44945$ & $0.445715$ & $-0.285601$ & $-0.47275$ & $-0.0407981$ & $-0.0272635$ & $0.286159$ & $0.246874$ & $0.237695$ & $0.0303149$ & $-0.0566444$ & $-0.0501337$ & $0.466972$ & $0.474658$ & $0.473496$ & $0.0598504$ & $-0.105172$ & $-0.0518408$ & $-0.343257$ & $0.165944$ & $1$ & $-0.0433683$ & $-0.0579333$ & $0.0187445$ & $-0.0238431$ & $0.0154916$ & $0.201043$ & $-0.0298057$ & $-0.00986199$ & $0.0100572$ & $-0.0458486$ & $0.0584512$ & $0.0179977$ & $0.0361162$ & $-0.0281598$ & $0.0808837$ & $0.00561163$ & $-0.0498553$ & $0.0483583$ & $0.0118875$ & $0.0265543$ & $0.035309$ \\
CeH_22r & $-0.0607761$ & $-0.0408184$ & $0.00902739$ & $-0.0256964$ & $-0.0178728$ & $0.0331056$ & $-0.0102128$ & $-0.0198253$ & $-0.0123963$ & $0.0128209$ & $0.0292887$ & $-0.0334742$ & $0.0560562$ & $-0.036548$ & $0.0107146$ & $-0.0316582$ & $-0.00736709$ & $-0.0284439$ & $-0.0114208$ & $-0.028477$ & $-0.0279185$ & $-0.0387165$ & $0.0118291$ & $0.0161707$ & $-0.0087408$ & $0.0182322$ & $-0.00235573$ & $-0.0433683$ & $1$ & $0.0878029$ & $0.0609623$ & $-0.0258901$ & $0.0871899$ & $-0.0265749$ & $-0.00872985$ & $0.074202$ & $-0.0180972$ & $-0.0490175$ & $0.0087841$ & $0.0102273$ & $-0.0751989$ & $-0.0243576$ & $-0.00227476$ & $0.0176717$ & $-0.0479301$ & $-0.00330168$ & $0.0719965$ & $0.0477961$ & $0.0134358$ \\
CeH_33r & $-0.00800655$ & $0.0180422$ & $-0.00242073$ & $-0.00655639$ & $-0.0125023$ & $-0.0128077$ & $-0.329862$ & $0.0253406$ & $0.0434009$ & $-0.146806$ & $-0.00515839$ & $-0.403326$ & $0.481232$ & $-0.0252451$ & $-0.0494667$ & $-0.0187605$ & $-0.033037$ & $-0.00539624$ & $-0.033482$ & $0.00345845$ & $0.0115822$ & $0.00878439$ & $0.0419846$ & $-0.0549418$ & $-0.0276601$ & $-0.00733684$ & $0.0518349$ & $-0.0579333$ & $0.0878029$ & $1$ & $0.385095$ & $-0.157528$ & $0.698063$ & $0.0752848$ & $0.00385626$ & $0.0147742$ & $-0.19997$ & $-0.0389753$ & $-0.0173625$ & $-0.0186252$ & $-0.0185537$ & $-0.0518638$ & $0.0137178$ & $0.0594841$ & $0.0822341$ & $-0.0277631$ & $0.0510923$ & $-0.0103484$ & $-0.0794772$ \\
CuH_22r & $0.0182571$ & $0.0565146$ & $0.0334906$ & $-0.00777646$ & $-0.00778657$ & $-0.0144483$ & $-0.168193$ & $0.0186248$ & $0.0376029$ & $-0.0804431$ & $-0.0185526$ & $-0.244426$ & $0.263094$ & $0.0164199$ & $0.0088777$ & $-0.0405507$ & $-0.00789825$ & $-0.0100526$ & $0.0208756$ & $0.0172863$ & $0.0218687$ & $0.0164137$ & $0.0401639$ & $0.00877607$ & $0.00370947$ & $-0.0099882$ & $0.0535872$ & $0.0187445$ & $0.0609623$ & $0.385095$ & $1$ & $-0.0577962$ & $0.426784$ & $0.00236578$ & $-0.0452428$ & $0.0102457$ & $-0.116044$ & $-0.0237546$ & $-0.0423478$ & $-0.0290816$ & $0.0607696$ & $0.0379823$ & $0.010687$ & $0.030132$ & $-0.0278477$ & $0.070077$ & $0.369383$ & $-0.00800436$ & $-0.0227491$ \\
CuH_33r & $-0.0261458$ & $-0.0424205$ & $0.0867666$ & $0.0363311$ & $0.0687199$ & $0.0356982$ & $0.935713$ & $-0.0357885$ & $0.00238041$ & $0.102879$ & $0.0723244$ & $0.484962$ & $-0.483399$ & $-0.0955625$ & $-0.0176886$ & $-0.0314713$ & $-0.0678275$ & $-0.0674391$ & $-0.0578932$ & $-0.0669398$ & $-0.0714938$ & $-0.0749865$ & $-0.0439197$ & $-0.0233438$ & $-0.0655539$ & $0.0897173$ & $-0.0326126$ & $-0.0238431$ & $-0.0258901$ & $-0.157528$ & $-0.0577962$ & $1$ & $-0.116699$ & $-0.0278375$ & $-0.0448864$ & $0.0324082$ & $-0.0106967$ & $0.00038291$ & $-0.0246563$ & $0.0144174$ & $0.0244881$ & $0.0255329$ & $0.0445297$ & $0.00581615$ & $0.00676011$ & $-0.0258718$ & $-0.0282821$ & $0.0209747$ & $0.0166793$ \\
CdH_33r & $0.00620516$ & $0.0294893$ & $-0.0204235$ & $0.0235896$ & $-0.0328708$ & $0.010712$ & $-0.301246$ & $0.0805177$ & $0.100276$ & $-0.229408$ & $-0.0751028$ & $-0.410317$ & $0.470268$ & $0.0436118$ & $0.0451839$ & $0.02241$ & $-0.0243602$ & $-0.0298668$ & $-0.0165753$ & $0.0753272$ & $0.0758162$ & $0.0781358$ & $0.0354704$ & $-0.050221$ & $-0.0355547$ & $-0.0406821$ & $0.0309182$ & $0.0154916$ & $0.0871899$ & $0.698063$ & $0.426784$ & $-0.116699$ & $1$ & $0.029125$ & $-0.00689101$ & $0.0140468$ & $-0.195154$ & $-0.0358993$ & $-0.00423727$ & $-0.014095$ & $-0.0134251$ & $-0.0377374$ & $0.0213248$ & $0.0307506$ & $0.00578222$ & $-0.0151775$ & $0.0593967$ & $0.108081$ & $0.362899$ \\
CLL_1221 & $-0.0112541$ & $-0.0696946$ & $0.0314599$ & $-0.0572685$ & $-0.0544851$ & $-0.0755494$ & $-0.0344875$ & $0.523716$ & $0.521269$ & $-0.316914$ & $-0.338123$ & $-0.0744942$ & $0.0295645$ & $-0.149359$ & $-0.465615$ & $-0.0231433$ & $-0.228133$ & $-0.0377135$ & $-0.341399$ & $0.283801$ & $0.403575$ & $0.409753$ & $0.177378$ & $-0.620544$ & $-0.233613$ & $-0.277945$ & $0.674037$ & $0.201043$ & $-0.0265749$ & $0.0752848$ & $0.00236578$ & $-0.0278375$ & $0.029125$ & $1$ & $-0.0413713$ & $-0.0371153$ & $-0.0513956$ & $-0.0765376$ & $0.0259752$ & $-0.0249202$ & $-0.0216745$ & $-0.0771584$ & $0.0063304$ & $0.0489316$ & $0.0724009$ & $0.0101806$ & $0.0116429$ & $-0.0039149$ & $-0.0590372$ \\
eHggint & $-0.0766976$ & $0.0136759$ & $0.0228609$ & $0.0280334$ & $0.000798776$ & $0.0126958$ & $-0.0997154$ & $-0.0297005$ & $-0.0403375$ & $0.0167749$ & $0.0335122$ & $-0.0669746$ & $0.0928846$ & $-0.0244099$ & $0.0194224$ & $0.0110882$ & $-0.00779525$ & $-0.0175569$ & $-0.0142853$ & $-0.0279912$ & $-0.0366221$ & $-0.0344726$ & $0.014284$ & $0.00231226$ & $-0.0189907$ & $0.0149387$ & $-0.0664866$ & $-0.0298057$ & $-0.00872985$ & $0.00385626$ & $-0.0452428$ & $-0.0448864$ & $-0.00689101$ & $-0.0413713$ & $1$ & $-0.127404$ & $-0.00534623$ & $-0.0485588$ & $-0.0486774$ & $-0.00895355$ & $-0.0470102$ & $-0.0307402$ & $-0.00880513$ & $0.00560979$ & $0.00194903$ & $0.0385707$ & $-0.0274661$ & $0.0020142$ & $0.00583721$ \\
eHggpar & $-0.0567386$ & $-0.0468888$ & $-0.0479934$ & $-0.0217093$ & $-0.019506$ & $0.048404$ & $-0.0117175$ & $-0.0244025$ & $-0.0345838$ & $0.0236993$ & $0.0286373$ & $-0.0190882$ & $0.0392217$ & $-0.00434172$ & $-0.0104099$ & $-0.0293916$ & $-0.0260652$ & $-0.00687806$ & $0.0143119$ & $-0.0274378$ & $-0.0284474$ & $-0.0263378$ & $0.0734243$ & $0.0201727$ & $0.00265452$ & $-0.0299691$ & $-0.00299189$ & $-0.00986199$ & $0.074202$ & $0.0147742$ & $0.0102457$ & $0.0324082$ & $0.0140468$ & $-0.0371153$ & $-0.127404$ & $1$ & $0.0671413$ & $-0.0015015$ & $0.0391285$ & $0.0164097$ & $0.0952175$ & $-0.0352392$ & $-0.0431239$ & $0.075161$ & $0.0306061$ & $0.0490704$ & $-0.014842$ & $-0.0839223$ & $0.0223655$ \\
eHWWint & $-0.0288131$ & $-0.0412505$ & $0.00888073$ & $0.036524$ & $-0.0311658$ & $-0.0115818$ & $0.0422651$ & $-0.0992399$ & $-0.0987721$ & $0.0860831$ & $0.0855876$ & $0.0619248$ & $-0.0547276$ & $-0.00712863$ & $-0.0589723$ & $-0.0178176$ & $0.0137476$ & $0.0595771$ & $0.0348596$ & $-0.083371$ & $-0.0924015$ & $-0.0798303$ & $-0.0299213$ & $0.0602236$ & $0.0541901$ & $0.0767784$ & $-0.0473426$ & $0.0100572$ & $-0.0180972$ & $-0.19997$ & $-0.116044$ & $-0.0106967$ & $-0.195154$ & $-0.0513956$ & $-0.00534623$ & $0.0671413$ & $1$ & $0.0785269$ & $0.017043$ & $-0.0326354$ & $-0.0276149$ & $-0.00750376$ & $-0.0247596$ & $0.0102714$ & $-0.0322787$ & $0.0224163$ & $-0.00514594$ & $0.0217647$ & $0.0602324$ \\
eHWWpar & $0.0561428$ & $-0.0858215$ & $0.00476718$ & $-0.0155696$ & $-0.00230425$ & $-0.0139379$ & $0.00571739$ & $-0.00357575$ & $-0.00412053$ & $0.00866832$ & $0.00672268$ & $0.0229574$ & $-0.0227166$ & $0.000473048$ & $0.0631547$ & $0.0075593$ & $-0.0211378$ & $-0.0443162$ & $-0.00587625$ & $-0.00609333$ & $-0.0139484$ & $-0.0185872$ & $0.0139989$ & $-0.00125348$ & $-0.0129052$ & $-0.0318059$ & $-0.0310809$ & $-0.0458486$ & $-0.0490175$ & $-0.0389753$ & $-0.0237546$ & $0.00038291$ & $-0.0358993$ & $-0.0765376$ & $-0.0485588$ & $-0.0015015$ & $0.0785269$ & $1$ & $-0.0440373$ & $-0.00218464$ & $0.014913$ & $-0.0369376$ & $0.0127776$ & $-0.0166573$ & $-0.013486$ & $0.0145775$ & $0.0228049$ & $-0.0319692$ & $0.0175895$ \\
eHZZint & $-0.0168407$ & $0.0630597$ & $-0.0100075$ & $-0.0115933$ & $0.0453928$ & $0.000927075$ & $-0.0396313$ & $0.0717945$ & $0.0688213$ & $-0.054273$ & $-0.0602193$ & $0.0153099$ & $-0.0201699$ & $0.0411585$ & $0.0359893$ & $0.0332102$ & $-0.0439695$ & $-0.035548$ & $-0.03287$ & $0.062202$ & $0.0619244$ & $0.072915$ & $0.000508672$ & $-0.0336103$ & $-0.051949$ & $-0.0477214$ & $0.00484851$ & $0.0584512$ & $0.0087841$ & $-0.0173625$ & $-0.0423478$ & $-0.0246563$ & $-0.00423727$ & $0.0259752$ & $-0.0486774$ & $0.0391285$ & $0.017043$ & $-0.0440373$ & $1$ & $0.0790603$ & $0.0112998$ & $0.0240293$ & $-0.00159491$ & $0.0279492$ & $0.0828842$ & $0.100279$ & $-0.0364267$ & $-0.0668843$ & $0.00028122$ \\
eHZZpar & $-0.00885754$ & $0.0258439$ & $0.0369083$ & $0.0422989$ & $0.0192132$ & $-0.00649356$ & $0.0210517$ & $0.0245003$ & $0.0209163$ & $-0.0390637$ & $-0.0080301$ & $0.00341263$ & $-0.0123877$ & $-0.0138966$ & $0.0533774$ & $-0.0657828$ & $-0.0273144$ & $-0.0680292$ & $0.0164004$ & $0.0032214$ & $0.00847868$ & $0.0101491$ & $0.113053$ & $-0.0308161$ & $-0.0105043$ & $-0.066494$ & $0.0605222$ & $0.0179977$ & $0.0102273$ & $-0.0186252$ & $-0.0290816$ & $0.0144174$ & $-0.014095$ & $-0.0249202$ & $-0.00895355$ & $0.0164097$ & $-0.0326354$ & $-0.00218464$ & $0.0790603$ & $1$ & $0.021783$ & $-0.0835315$ & $-0.0479534$ & $0.0362731$ & $-0.017851$ & $0.00802369$ & $-0.0788236$ & $-0.0115875$ & $0.0387831$ \\
eHZgaint & $0.0323992$ & $0.0370516$ & $-0.00543755$ & $0.00575973$ & $0.0048321$ & $0.039327$ & $0.0318732$ & $-0.0254417$ & $-0.0274675$ & $-0.039305$ & $0.0069496$ & $-0.0393748$ & $0.0191674$ & $0.0430478$ & $-0.0144857$ & $-0.0452924$ & $0.0230473$ & $0.039157$ & $0.0654091$ & $-0.00923624$ & $-0.00357068$ & $-0.00359263$ & $0.0289379$ & $0.0414584$ & $0.0563356$ & $0.00860225$ & $0.0399597$ & $0.0361162$ & $-0.0751989$ & $-0.0185537$ & $0.0607696$ & $0.0244881$ & $-0.0134251$ & $-0.0216745$ & $-0.0470102$ & $0.0952175$ & $-0.0276149$ & $0.014913$ & $0.0112998$ & $0.021783$ & $1$ & $0.00934306$ & $-0.0326678$ & $0.00864194$ & $-0.0774527$ & $-0.0367028$ & $-0.0383857$ & $-0.0193238$ & $-0.021427$ \\
eHZgapar & $0.00151149$ & $0.0340459$ & $0.0283945$ & $0.0606259$ & $0.0150455$ & $0.0388378$ & $0.0246872$ & $-0.0258596$ & $-0.028191$ & $0.0314846$ & $0.00582271$ & $0.0466092$ & $-0.0522785$ & $0.021755$ & $0.0546675$ & $-0.00492378$ & $0.0349767$ & $-0.00215872$ & $0.0361295$ & $-0.00346678$ & $-0.00983134$ & $-0.0221082$ & $-0.0278439$ & $0.0361979$ & $0.0112867$ & $0.0308858$ & $-0.0595106$ & $-0.0281598$ & $-0.0243576$ & $-0.0518638$ & $0.0379823$ & $0.0255329$ & $-0.0377374$ & $-0.0771584$ & $-0.0307402$ & $-0.0352392$ & $-0.00750376$ & $-0.0369376$ & $0.0240293$ & $-0.0835315$ & $0.00934306$ & $1$ & $-0.0231459$ & $0.0260881$ & $0.00339192$ & $0.0105963$ & $0.0187935$ & $-0.00723947$ & $-0.0148006$ \\
eHgagaint & $-0.0494949$ & $-0.0227505$ & $0.0025596$ & $0.0444306$ & $0.0881293$ & $0.0870154$ & $0.0323371$ & $0.0343063$ & $0.0932518$ & $-0.0107556$ & $-0.0418637$ & $-0.00319958$ & $-0.000787011$ & $0.0666109$ & $0.000754179$ & $0.024464$ & $-0.0150293$ & $0.0224281$ & $0.00742129$ & $0.0451037$ & $0.0422137$ & $0.0426438$ & $-0.0149437$ & $-0.0161225$ & $-0.0129604$ & $-0.0230011$ & $-0.0396117$ & $0.0808837$ & $-0.00227476$ & $0.0137178$ & $0.010687$ & $0.0445297$ & $0.0213248$ & $0.0063304$ & $-0.00880513$ & $-0.0431239$ & $-0.0247596$ & $0.0127776$ & $-0.00159491$ & $-0.0479534$ & $-0.0326678$ & $-0.0231459$ & $1$ & $-0.00113691$ & $-0.0225531$ & $-0.0620285$ & $-0.00770712$ & $-0.0510832$ & $0.00976903$ \\
eHmumuint & $-0.0442624$ & $-0.0702425$ & $0.0595994$ & $0.0317144$ & $-0.0636094$ & $-0.0403238$ & $-0.0257174$ & $0.0252247$ & $0.0252271$ & $0.0340045$ & $-0.0281779$ & $-0.0315176$ & $0.0461622$ & $0.00983805$ & $-0.0168566$ & $-0.00289617$ & $0.0239076$ & $0.0229562$ & $0.0140549$ & $0.0257646$ & $0.029534$ & $0.0343101$ & $0.0403981$ & $-0.00288731$ & $0.0290681$ & $-0.0328793$ & $0.057675$ & $0.00561163$ & $0.0176717$ & $0.0594841$ & $0.030132$ & $0.00581615$ & $0.0307506$ & $0.0489316$ & $0.00560979$ & $0.075161$ & $0.0102714$ & $-0.0166573$ & $0.0279492$ & $0.0362731$ & $0.00864194$ & $0.0260881$ & $-0.00113691$ & $1$ & $0.0658471$ & $-0.0213967$ & $0.0118366$ & $-0.00198187$ & $-0.0346629$ \\
eHtautauint & $-0.0383843$ & $-0.0133402$ & $-0.0114247$ & $-0.0582307$ & $-0.00107505$ & $-0.0171352$ & $-0.00348533$ & $0.0294982$ & $0.0321102$ & $-0.0259196$ & $-0.00273398$ & $-0.0174914$ & $0.0192902$ & $-0.0310395$ & $-0.0505315$ & $-0.0428242$ & $-0.0515164$ & $-0.0184759$ & $-0.0295913$ & $-0.00103028$ & $0.00800248$ & $0.00641041$ & $0.0834151$ & $-0.0442562$ & $-0.0378933$ & $-0.0481076$ & $0.0627587$ & $-0.0498553$ & $-0.0479301$ & $0.0822341$ & $-0.0278477$ & $0.00676011$ & $0.00578222$ & $0.0724009$ & $0.00194903$ & $0.0306061$ & $-0.0322787$ & $-0.013486$ & $0.0828842$ & $-0.017851$ & $-0.0774527$ & $0.00339192$ & $-0.0225531$ & $0.0658471$ & $1$ & $0.0275754$ & $0.0345411$ & $0.0266293$ & $-0.0238388$ \\
eHccint & $0.0105973$ & $0.0382384$ & $0.0260462$ & $0.0139368$ & $-0.024776$ & $0.0359084$ & $-0.0299157$ & $0.0653735$ & $0.0627716$ & $-0.025082$ & $-0.0657278$ & $-0.00554086$ & $-0.002284$ & $0.0731443$ & $0.0378864$ & $0.0605841$ & $-0.030486$ & $-0.0117679$ & $-0.0286265$ & $0.0670529$ & $0.0651213$ & $0.0639857$ & $0.0353596$ & $-0.00293804$ & $-0.0107922$ & $-0.0576355$ & $0.0339684$ & $0.0483583$ & $-0.00330168$ & $-0.0277631$ & $0.070077$ & $-0.0258718$ & $-0.0151775$ & $0.0101806$ & $0.0385707$ & $0.0490704$ & $0.0224163$ & $0.0145775$ & $0.100279$ & $0.00802369$ & $-0.0367028$ & $0.0105963$ & $-0.0620285$ & $-0.0213967$ & $0.0275754$ & $1$ & $-0.00961869$ & $0.0274578$ & $-0.0506186$ \\
eHccpar & $0.00151326$ & $-0.0181114$ & $0.0298082$ & $-0.0119808$ & $-0.0264675$ & $-0.0475648$ & $-0.0353982$ & $0.0125105$ & $0.0188486$ & $-0.023125$ & $-0.0214538$ & $-0.0480754$ & $0.0445138$ & $0.0156588$ & $0.00207193$ & $0.004682$ & $0.0210533$ & $0.0177797$ & $0.0119302$ & $0.0218469$ & $0.0233302$ & $0.0126319$ & $-0.00448635$ & $0.0319205$ & $0.0281343$ & $0.00426115$ & $0.0448043$ & $0.0118875$ & $0.0719965$ & $0.0510923$ & $0.369383$ & $-0.0282821$ & $0.0593967$ & $0.0116429$ & $-0.0274661$ & $-0.014842$ & $-0.00514594$ & $0.0228049$ & $-0.0364267$ & $-0.0788236$ & $-0.0383857$ & $0.0187935$ & $-0.00770712$ & $0.0118366$ & $0.0345411$ & $-0.00961869$ & $1$ & $0.00116549$ & $-0.0257269$ \\
eHbbint & $0.0573758$ & $-0.0453203$ & $0.0380032$ & $-0.0171786$ & $-0.0192318$ & $0.0187438$ & $0.0228348$ & $0.0183757$ & $0.0127589$ & $-0.00352842$ & $0.0127262$ & $0.0499575$ & $-0.0457388$ & $-0.0411708$ & $0.0106652$ & $0.0179816$ & $-0.0737009$ & $-0.0650481$ & $-0.0758478$ & $-0.010134$ & $-0.017621$ & $-0.0242733$ & $-0.00145713$ & $-0.0399779$ & $-0.0602953$ & $0.0347802$ & $0.0143022$ & $0.0265543$ & $0.0477961$ & $-0.0103484$ & $-0.00800436$ & $0.0209747$ & $0.108081$ & $-0.0039149$ & $0.0020142$ & $-0.0839223$ & $0.0217647$ & $-0.0319692$ & $-0.0668843$ & $-0.0115875$ & $-0.0193238$ & $-0.00723947$ & $-0.0510832$ & $-0.00198187$ & $0.0266293$ & $0.0274578$ & $0.00116549$ & $1$ & $0.00484658$ \\
eHbbpar & $-0.019386$ & $0.000724623$ & $-0.0288867$ & $0.0879544$ & $0.0187805$ & $0.0459046$ & $0.0399326$ & $0.035524$ & $0.0337981$ & $-0.0515247$ & $-0.0129775$ & $0.024677$ & $-0.0354183$ & $0.000807395$ & $0.0794093$ & $0.00321062$ & $-0.070921$ & $-0.0914752$ & $-0.0383394$ & $0.0126197$ & $0.00661937$ & $0.0119899$ & $0.0146221$ & $-0.0496281$ & $-0.0734656$ & $0.0214018$ & $-0.0338081$ & $0.035309$ & $0.0134358$ & $-0.0794772$ & $-0.0227491$ & $0.0166793$ & $0.362899$ & $-0.0590372$ & $0.00583721$ & $0.0223655$ & $0.0602324$ & $0.0175895$ & $0.00028122$ & $0.0387831$ & $-0.021427$ & $-0.0148006$ & $0.00976903$ & $-0.0346629$ & $-0.0238388$ & $-0.0506186$ & $-0.0257269$ & $0.00484658$ & $1$ \\
