 & AlsMz & dAle5Mz & mtop & mHl & Mz & CW & CHG & CHWB & CHWHB_gaga & CHWHB_gagaorth & CHD & CHbox & CH & CHL1_11 & CHL1_22 & CHL1_33 & CHL3_11 & CHL3_22 & CHL3_33 & CHe_11 & CHe_22 & CHe_33 & CHQ1_11 & CHQ1_33 & CHQ3_11 & CHu_11 & CHd_11 & CHd_33 & CeH_22r & CeH_33r & CuH_22r & CuH_33r & CdH_33r & CLL_1221 & eHggint & eHggpar & eHWWint & eHWWpar & eHZZint & eHZZpar & eHZgaint & eHZgapar & eHgagaint & eHmumuint & eHtautauint & eHccint & eHccpar & eHbbint & eHbbpar \\
AlsMz & $1$ & $-0.0483225$ & $0.101609$ & $0.0964747$ & $0.00709078$ & $0.0101194$ & $-0.0242813$ & $0.0214093$ & $0.0213022$ & $-0.0314074$ & $-0.0164891$ & $-0.0107306$ & $0.00539402$ & $-0.0258771$ & $-0.0354558$ & $-0.0336051$ & $-0.00949012$ & $-0.00282863$ & $-0.0034644$ & $-0.00360753$ & $0.0137704$ & $0.0177211$ & $0.0173086$ & $-0.113753$ & $-0.143403$ & $-0.0354976$ & $-0.00433173$ & $0.0291286$ & $-0.0148713$ & $-0.0197194$ & $-0.063368$ & $-0.0238304$ & $0.0294332$ & $0.0481726$ & $-0.0475527$ & $0.0517765$ & $0.00261702$ & $-0.0762003$ & $0.141873$ & $-0.00985765$ & $-0.0433975$ & $-0.0224938$ & $0.0336376$ & $0.165925$ & $-0.107499$ & $-0.0181074$ & $-0.137197$ & $-0.0314179$ & $0.0715925$ \\
dAle5Mz & $-0.0483225$ & $1$ & $0.0515778$ & $0.0327493$ & $-0.00930137$ & $0.00190769$ & $0.0586373$ & $-0.0803846$ & $-0.0796483$ & $0.0501376$ & $0.0713967$ & $0.00229349$ & $-0.0327812$ & $-0.0318139$ & $-0.0109895$ & $-0.0251146$ & $0.00843124$ & $-0.00307148$ & $0.0110113$ & $-0.0481148$ & $-0.0444191$ & $-0.0405413$ & $-0.0203553$ & $0.00800691$ & $0.0248937$ & $0.0499748$ & $0.00686585$ & $-0.0272432$ & $-0.0391694$ & $-0.0205948$ & $0.037151$ & $0.0521927$ & $-0.0148706$ & $0.011773$ & $-0.0252429$ & $-0.0978282$ & $0.118701$ & $0.0194064$ & $-0.142458$ & $0.0109724$ & $-0.0168174$ & $0.00526628$ & $-0.0179771$ & $-0.0600185$ & $0.124974$ & $0.0826407$ & $0.0890297$ & $0.0192651$ & $-0.0288015$ \\
mtop & $0.101609$ & $0.0515778$ & $1$ & $0.0390735$ & $-0.00870708$ & $0.00489398$ & $0.0103033$ & $-0.020664$ & $-0.0249779$ & $0.0241715$ & $0.0312948$ & $-0.0191767$ & $-0.032725$ & $-0.0252587$ & $-0.0373382$ & $-0.00567294$ & $0.00382213$ & $0.019088$ & $-0.00459779$ & $-0.0231588$ & $-0.0219812$ & $-0.0237396$ & $0.0525431$ & $-0.0195179$ & $-0.0162286$ & $-0.0278545$ & $-0.0125519$ & $-0.00155939$ & $-0.0139356$ & $-0.0206912$ & $-0.0438844$ & $0.0138962$ & $0.0216818$ & $0.0251784$ & $-0.0510389$ & $0.0444425$ & $-0.0886494$ & $-0.00688196$ & $0.075493$ & $-0.00727833$ & $0.0351282$ & $-0.0603046$ & $-0.0518089$ & $0.0533143$ & $-0.0433692$ & $-0.00298293$ & $-0.0599633$ & $0.0176887$ & $0.0419042$ \\
mHl & $0.0964747$ & $0.0327493$ & $0.0390735$ & $1$ & $0.00155877$ & $-0.00268923$ & $-0.0178752$ & $0.00287554$ & $-0.00244365$ & $-0.00338521$ & $0.000763792$ & $0.0234364$ & $0.0059434$ & $-0.0113394$ & $0.0231002$ & $0.0383133$ & $-0.00984453$ & $-0.0178249$ & $-0.0332752$ & $0.00560059$ & $-0.0033945$ & $0.000247452$ & $-0.0260089$ & $-0.0192141$ & $-0.0368755$ & $0.0260643$ & $-0.0359821$ & $0.0103363$ & $0.010423$ & $0.0119685$ & $0.0534878$ & $-0.0162614$ & $0.0661459$ & $-0.0111024$ & $-0.0347471$ & $0.0605531$ & $-0.0773073$ & $0.0085079$ & $-0.100505$ & $-0.0403168$ & $0.00934461$ & $0.0132821$ & $-0.134987$ & $0.0435004$ & $-0.0352145$ & $0.00619887$ & $-0.00530805$ & $-0.0170478$ & $0.0557837$ \\
Mz & $0.00709078$ & $-0.00930137$ & $-0.00870708$ & $0.00155877$ & $1$ & $0.0360277$ & $-0.0103683$ & $0.000991937$ & $-0.00163919$ & $0.0141587$ & $0.00711371$ & $0.00881509$ & $0.00333566$ & $0.0091142$ & $0.000511922$ & $0.00296884$ & $-0.00223805$ & $0.000962211$ & $0.000460256$ & $0.0042336$ & $0.00338492$ & $0.000649562$ & $-0.0264534$ & $0.00174102$ & $-0.00575605$ & $0.0023223$ & $-0.0132207$ & $0.010114$ & $-0.00614779$ & $0.0167771$ & $0.00291054$ & $0.0043306$ & $-0.00939058$ & $-0.0052551$ & $0.0716229$ & $0.0124359$ & $-0.0194365$ & $-0.00235675$ & $0.0439621$ & $0.0316999$ & $0.0182967$ & $-0.0220024$ & $-0.0121036$ & $0.00375168$ & $-0.0148884$ & $0.00832016$ & $0.00692731$ & $-0.0445783$ & $-0.00644651$ \\
CW & $0.0101194$ & $0.00190769$ & $0.00489398$ & $-0.00268923$ & $0.0360277$ & $1$ & $-0.0169675$ & $-0.110652$ & $-0.104356$ & $0.00982341$ & $0.17036$ & $0.0342538$ & $-0.00210239$ & $0.034337$ & $-0.0771169$ & $-0.0895704$ & $-0.259224$ & $-0.0502021$ & $-0.0418305$ & $-0.168266$ & $-0.174358$ & $-0.1669$ & $-0.0123283$ & $-0.0089451$ & $-0.0823327$ & $0.0976978$ & $-0.0649188$ & $-0.0501029$ & $0.00424426$ & $-0.00466761$ & $0.00210624$ & $-0.00597752$ & $0.00467263$ & $-0.117661$ & $0.0080437$ & $0.0264479$ & $-0.0215479$ & $0.00717465$ & $-0.0166122$ & $-0.00820823$ & $0.0106634$ & $-0.0106672$ & $0.0131984$ & $0.0081259$ & $0.0626189$ & $-0.00437546$ & $-0.0181752$ & $-0.00751642$ & $-0.00776287$ \\
CHG & $-0.0242813$ & $0.0586373$ & $0.0103033$ & $-0.0178752$ & $-0.0103683$ & $-0.0169675$ & $1$ & $-0.104482$ & $-0.053924$ & $0.0957258$ & $0.0411006$ & $-0.270125$ & $-0.307812$ & $0.0928738$ & $-0.0187312$ & $-0.00693795$ & $0.124081$ & $0.127997$ & $0.120614$ & $-0.0390331$ & $-0.0427523$ & $-0.040856$ & $0.000541182$ & $0.11972$ & $0.117399$ & $0.00485727$ & $-0.0591855$ & $-0.0375988$ & $-0.00740523$ & $-0.146226$ & $-0.0515339$ & $0.940776$ & $-0.163454$ & $-0.0625179$ & $-0.0248712$ & $-0.0229139$ & $0.0423376$ & $0.0238673$ & $-0.0536464$ & $-0.0135428$ & $-0.0171518$ & $-0.00952989$ & $-0.0124877$ & $0.00177139$ & $0.046535$ & $0.0153716$ & $-0.00063596$ & $-0.0497601$ & $-0.00566616$ \\
CHWB & $0.0214093$ & $-0.0803846$ & $-0.020664$ & $0.00287554$ & $0.000991937$ & $-0.110652$ & $-0.104482$ & $1$ & $0.980077$ & $-0.55216$ & $-0.869324$ & $0.179214$ & $0.355947$ & $0.0603172$ & $0.278734$ & $0.290425$ & $-0.256831$ & $-0.440391$ & $-0.45288$ & $0.839336$ & $0.888184$ & $0.872372$ & $0.0530252$ & $-0.671615$ & $-0.415691$ & $-0.479536$ & $0.426047$ & $0.309732$ & $-0.0168081$ & $0.111133$ & $0.0380617$ & $-0.105764$ & $0.101637$ & $0.572098$ & $-0.00712915$ & $0.00453842$ & $0.0328372$ & $0.0101954$ & $0.0102955$ & $-0.00878382$ & $0.0319897$ & $0.0173999$ & $-0.0121104$ & $-0.0382687$ & $0.0181746$ & $-0.0221776$ & $0.0023256$ & $-0.0151338$ & $0.0103046$ \\
CHWHB_gaga & $0.0213022$ & $-0.0796483$ & $-0.0249779$ & $-0.00244365$ & $-0.00163919$ & $-0.104356$ & $-0.053924$ & $0.980077$ & $1$ & $-0.543384$ & $-0.847987$ & $0.18661$ & $0.352217$ & $0.0492519$ & $0.273446$ & $0.290132$ & $-0.260488$ & $-0.439435$ & $-0.455124$ & $0.818806$ & $0.865636$ & $0.850882$ & $0.0552666$ & $-0.662621$ & $-0.415923$ & $-0.470645$ & $0.414191$ & $0.310778$ & $-0.00865014$ & $0.133614$ & $0.0440796$ & $-0.0640049$ & $0.119409$ & $0.560165$ & $-0.0189953$ & $-0.0110944$ & $0.0217942$ & $0.00428423$ & $0.00774911$ & $-0.0019294$ & $0.0367573$ & $0.0136854$ & $0.0618991$ & $-0.0388852$ & $0.019527$ & $-0.0222572$ & $-0.0112811$ & $-0.0115683$ & $0.00211224$ \\
CHWHB_gagaorth & $-0.0314074$ & $0.0501376$ & $0.0241715$ & $-0.00338521$ & $0.0141587$ & $0.00982341$ & $0.0957258$ & $-0.55216$ & $-0.543384$ & $1$ & $0.327258$ & $0.0923869$ & $-0.247543$ & $0.253717$ & $-0.105126$ & $-0.105326$ & $0.435955$ & $0.486742$ & $0.482834$ & $-0.312929$ & $-0.344672$ & $-0.342961$ & $-0.0388927$ & $0.550184$ & $0.47374$ & $0.17466$ & $-0.240527$ & $-0.135673$ & $-0.0180425$ & $-0.160346$ & $-0.0422404$ & $0.107038$ & $-0.153835$ & $-0.345641$ & $0.0413704$ & $0.00762138$ & $-0.00222417$ & $-0.00689028$ & $-0.0136383$ & $0.027826$ & $-0.0739179$ & $-0.00817687$ & $0.026803$ & $0.0290071$ & $-0.0170631$ & $0.0413042$ & $0.0274667$ & $0.0280574$ & $-0.0285352$ \\
CHD & $-0.0164891$ & $0.0713967$ & $0.0312948$ & $0.000763792$ & $0.00711371$ & $0.17036$ & $0.0411006$ & $-0.869324$ & $-0.847987$ & $0.327258$ & $1$ & $0.00652526$ & $-0.158208$ & $-0.498716$ & $-0.412553$ & $-0.414885$ & $-0.218653$ & $0.0530556$ & $0.0673066$ & $-0.990094$ & $-0.990743$ & $-0.968856$ & $-0.00428946$ & $0.287405$ & $0.0203187$ & $0.552324$ & $-0.278794$ & $-0.324956$ & $0.0455406$ & $-0.0455686$ & $-0.0306305$ & $0.0523213$ & $-0.0372117$ & $-0.363641$ & $0.0212244$ & $-0.00857228$ & $-0.0350818$ & $-0.00102063$ & $-0.0323999$ & $0.0063197$ & $-0.0267991$ & $-0.0160041$ & $0.0124701$ & $0.0390844$ & $0.00517053$ & $0.0181307$ & $-0.0116717$ & $0.0108389$ & $0.00261682$ \\
CHbox & $-0.0107306$ & $0.00229349$ & $-0.0191767$ & $0.0234364$ & $0.00881509$ & $0.0342538$ & $-0.270125$ & $0.179214$ & $0.18661$ & $0.0923869$ & $0.00652526$ & $1$ & $0.879507$ & $-0.305749$ & $0.0358508$ & $0.0425905$ & $-0.369233$ & $-0.360312$ & $-0.360149$ & $0.000303696$ & $-0.000384385$ & $0.00264808$ & $0.00947222$ & $-0.299434$ & $-0.350722$ & $0.0124498$ & $0.0476018$ & $0.000887172$ & $0.0404496$ & $0.347971$ & $0.119125$ & $-0.190095$ & $0.371873$ & $0.103777$ & $0.0894567$ & $0.0141297$ & $-0.0246143$ & $-0.000516117$ & $-0.0446116$ & $0.00909353$ & $0.0153734$ & $0.0107591$ & $0.0101953$ & $0.0172375$ & $0.0262081$ & $-0.0126982$ & $-0.00857061$ & $-0.012071$ & $-0.00337941$ \\
CH & $0.00539402$ & $-0.0327812$ & $-0.032725$ & $0.0059434$ & $0.00333566$ & $-0.00210239$ & $-0.307812$ & $0.355947$ & $0.352217$ & $-0.247543$ & $-0.158208$ & $0.879507$ & $1$ & $-0.269226$ & $0.0634731$ & $0.0718737$ & $-0.386467$ & $-0.40461$ & $-0.404192$ & $0.154056$ & $0.170468$ & $0.170961$ & $0.0343378$ & $-0.41113$ & $-0.393287$ & $-0.080595$ & $0.14909$ & $0.0592848$ & $0.0334722$ & $0.305909$ & $0.114492$ & $-0.256374$ & $0.326426$ & $0.223114$ & $0.0507951$ & $0.00248686$ & $-0.0197704$ & $0.00317292$ & $-0.0351147$ & $0.00283668$ & $0.0430724$ & $0.0198132$ & $0.0103065$ & $0.0157778$ & $0.0218629$ & $-0.0358678$ & $-0.0131745$ & $-0.0178262$ & $0.0100957$ \\
CHL1_11 & $-0.0258771$ & $-0.0318139$ & $-0.0252587$ & $-0.0113394$ & $0.0091142$ & $0.034337$ & $0.0928738$ & $0.0603172$ & $0.0492519$ & $0.253717$ & $-0.498716$ & $-0.305749$ & $-0.269226$ & $1$ & $0.275961$ & $0.260505$ & $0.676092$ & $0.619496$ & $0.612059$ & $0.519096$ & $0.456612$ & $0.439078$ & $-0.0635018$ & $0.507116$ & $0.609585$ & $-0.28343$ & $-0.134229$ & $0.129823$ & $-0.0490782$ & $-0.0879709$ & $0.00269088$ & $0.0778363$ & $-0.0865487$ & $-0.242222$ & $-0.01999$ & $0.00915994$ & $0.0188735$ & $-0.00506407$ & $0.0294336$ & $-0.00814969$ & $0.0154272$ & $-0.00347515$ & $-0.00550319$ & $-0.00863393$ & $-0.0215745$ & $0.00788804$ & $0.0099539$ & $0.0108296$ & $-0.0185556$ \\
CHL1_22 & $-0.0354558$ & $-0.0109895$ & $-0.0373382$ & $0.0231002$ & $0.000511922$ & $-0.0771169$ & $-0.0187312$ & $0.278734$ & $0.273446$ & $-0.105126$ & $-0.412553$ & $0.0358508$ & $0.0634731$ & $0.275961$ & $1$ & $0.444992$ & $0.171425$ & $-0.421779$ & $-0.0181665$ & $0.480843$ & $0.327567$ & $0.318164$ & $-0.169286$ & $0.130718$ & $-0.114303$ & $-0.197001$ & $-0.401369$ & $0.0832301$ & $-0.0132026$ & $0.0261155$ & $0.0177987$ & $-0.0155055$ & $-0.00514084$ & $-0.596558$ & $0.0211645$ & $0.00833368$ & $-0.0228164$ & $0.00188399$ & $0.0403174$ & $0.0231281$ & $0.0371374$ & $-0.0127549$ & $-0.0123002$ & $-0.0283371$ & $0.00646007$ & $-0.0171641$ & $0.00156526$ & $-0.0252465$ & $-0.0409913$ \\
CHL1_33 & $-0.0336051$ & $-0.0251146$ & $-0.00567294$ & $0.0383133$ & $0.00296884$ & $-0.0895704$ & $-0.00693795$ & $0.290425$ & $0.290132$ & $-0.105326$ & $-0.414885$ & $0.0425905$ & $0.0718737$ & $0.260505$ & $0.444992$ & $1$ & $0.162123$ & $-0.022296$ & $-0.426406$ & $0.478613$ & $0.332518$ & $0.345725$ & $-0.164557$ & $0.112542$ & $-0.135791$ & $-0.19967$ & $-0.398653$ & $0.105869$ & $-2.27998e-05$ & $0.0382478$ & $0.040026$ & $-0.00419429$ & $-0.00325689$ & $-0.0958783$ & $0.0325669$ & $-0.0135716$ & $0.0128954$ & $-0.00615279$ & $0.0461986$ & $0.0325772$ & $0.0402804$ & $-0.0141824$ & $0.0146453$ & $-0.0522566$ & $0.0226258$ & $0.0320205$ & $-0.00482025$ & $-0.0206378$ & $-0.050238$ \\
CHL3_11 & $-0.00949012$ & $0.00843124$ & $0.00382213$ & $-0.00984453$ & $-0.00223805$ & $-0.259224$ & $0.124081$ & $-0.256831$ & $-0.260488$ & $0.435955$ & $-0.218653$ & $-0.369233$ & $-0.386467$ & $0.676092$ & $0.171425$ & $0.162123$ & $1$ & $0.751273$ & $0.744296$ & $0.242305$ & $0.184316$ & $0.172528$ & $-0.0658771$ & $0.692896$ & $0.77932$ & $-0.12511$ & $-0.182949$ & $0.0220611$ & $-0.0612773$ & $-0.127477$ & $-0.0256586$ & $0.102153$ & $-0.121847$ & $-0.263631$ & $-0.0308533$ & $0.00594612$ & $-0.0041126$ & $-0.0162976$ & $0.0481028$ & $0.00734139$ & $-0.0185432$ & $0.00612796$ & $-0.00638239$ & $0.00212924$ & $-0.0575246$ & $0.000204463$ & $0.0246174$ & $0.0100844$ & $-0.017156$ \\
CHL3_22 & $-0.00282863$ & $-0.00307148$ & $0.019088$ & $-0.0178249$ & $0.000962211$ & $-0.0502021$ & $0.127997$ & $-0.440391$ & $-0.439435$ & $0.486742$ & $0.0530556$ & $-0.360312$ & $-0.40461$ & $0.619496$ & $-0.421779$ & $-0.022296$ & $0.751273$ & $1$ & $0.689585$ & $-0.0553005$ & $-0.0509546$ & $-0.0535649$ & $0.015174$ & $0.636182$ & $0.793837$ & $0.00613453$ & $-0.0347918$ & $-0.0307937$ & $-0.0401847$ & $-0.133098$ & $-0.0266652$ & $0.10943$ & $-0.113607$ & $0.00720976$ & $-0.0339109$ & $0.00251839$ & $0.0145792$ & $-0.015932$ & $0.0165994$ & $-0.00811029$ & $-0.0277933$ & $0.00173146$ & $0.00510179$ & $0.0153301$ & $-0.0464628$ & $0.0183488$ & $0.014161$ & $0.0251039$ & $0.00248592$ \\
CHL3_33 & $-0.0034644$ & $0.0110113$ & $-0.00459779$ & $-0.0332752$ & $0.000460256$ & $-0.0418305$ & $0.120614$ & $-0.45288$ & $-0.455124$ & $0.482834$ & $0.0673066$ & $-0.360149$ & $-0.404192$ & $0.612059$ & $-0.0181665$ & $-0.426406$ & $0.744296$ & $0.689585$ & $1$ & $-0.0675117$ & $-0.0644879$ & $-0.0635041$ & $0.0169129$ & $0.637388$ & $0.801694$ & $0.0139385$ & $-0.029631$ & $-0.0534764$ & $-0.0486067$ & $-0.146702$ & $-0.0406676$ & $0.101379$ & $-0.121697$ & $-0.363264$ & $-0.039678$ & $0.0103747$ & $-0.0106281$ & $-0.0126076$ & $0.0125812$ & $-0.0149224$ & $-0.0354866$ & $0.00270177$ & $-0.0144562$ & $0.0396464$ & $-0.0534997$ & $-0.010556$ & $0.0222254$ & $0.0214871$ & $0.00272043$ \\
CHe_11 & $-0.00360753$ & $-0.0481148$ & $-0.0231588$ & $0.00560059$ & $0.0042336$ & $-0.168266$ & $-0.0390331$ & $0.839336$ & $0.818806$ & $-0.312929$ & $-0.990094$ & $0.000303696$ & $0.154056$ & $0.519096$ & $0.480843$ & $0.478613$ & $0.242305$ & $-0.0553005$ & $-0.0675117$ & $1$ & $0.971852$ & $0.950742$ & $-0.0190244$ & $-0.231546$ & $-0.0111272$ & $-0.545683$ & $0.202974$ & $0.316372$ & $-0.0449066$ & $0.0447357$ & $0.0345157$ & $-0.048718$ & $0.0350649$ & $0.282983$ & $-0.0173727$ & $0.00788221$ & $0.0334417$ & $-0.000337059$ & $0.0341423$ & $4.67699e-05$ & $0.0306611$ & $0.0114022$ & $-0.014411$ & $-0.045218$ & $-0.00122732$ & $-0.0164704$ & $0.016246$ & $-0.010839$ & $-0.00676753$ \\
CHe_22 & $0.0137704$ & $-0.0444191$ & $-0.0219812$ & $-0.0033945$ & $0.00338492$ & $-0.174358$ & $-0.0427523$ & $0.888184$ & $0.865636$ & $-0.344672$ & $-0.990743$ & $-0.000384385$ & $0.170468$ & $0.456612$ & $0.327567$ & $0.332518$ & $0.184316$ & $-0.0509546$ & $-0.0644879$ & $0.971852$ & $1$ & $0.974405$ & $0.0309488$ & $-0.345225$ & $-0.0263458$ & $-0.552764$ & $0.363131$ & $0.32973$ & $-0.0448349$ & $0.0466681$ & $0.0297942$ & $-0.0542111$ & $0.0437053$ & $0.451354$ & $-0.0251145$ & $0.00538083$ & $0.040741$ & $0.00417559$ & $0.0225929$ & $-0.00718097$ & $0.024095$ & $0.0181855$ & $-0.016053$ & $-0.0376137$ & $-0.000596213$ & $-0.016151$ & $0.0137372$ & $-0.00490952$ & $0.00309574$ \\
CHe_33 & $0.0177211$ & $-0.0405413$ & $-0.0237396$ & $0.000247452$ & $0.000649562$ & $-0.1669$ & $-0.040856$ & $0.872372$ & $0.850882$ & $-0.342961$ & $-0.968856$ & $0.00264808$ & $0.170961$ & $0.439078$ & $0.318164$ & $0.345725$ & $0.172528$ & $-0.0535649$ & $-0.0635041$ & $0.950742$ & $0.974405$ & $1$ & $0.0319079$ & $-0.34389$ & $-0.0322735$ & $-0.543116$ & $0.35661$ & $0.319209$ & $-0.0409115$ & $0.0465001$ & $0.0243738$ & $-0.0532613$ & $0.0353636$ & $0.448389$ & $-0.0254243$ & $-0.00912753$ & $0.0449997$ & $-0.000796276$ & $0.0189895$ & $-0.0105806$ & $0.0184181$ & $0.0156036$ & $-0.0166392$ & $-0.0409771$ & $0.00294116$ & $-0.0127442$ & $0.0214177$ & $-0.0124339$ & $-0.00526433$ \\
CHQ1_11 & $0.0173086$ & $-0.0203553$ & $0.0525431$ & $-0.0260089$ & $-0.0264534$ & $-0.0123283$ & $0.000541182$ & $0.0530252$ & $0.0552666$ & $-0.0388927$ & $-0.00428946$ & $0.00947222$ & $0.0343378$ & $-0.0635018$ & $-0.169286$ & $-0.164557$ & $-0.0658771$ & $0.015174$ & $0.0169129$ & $-0.0190244$ & $0.0309488$ & $0.0319079$ & $1$ & $-0.119409$ & $0.0818006$ & $-0.689876$ & $0.323697$ & $0.00102985$ & $-0.0143297$ & $0.00898746$ & $-0.0026666$ & $-0.00667814$ & $0.0217324$ & $0.17862$ & $-0.0453704$ & $-0.0393776$ & $-0.00248817$ & $-0.00212204$ & $-0.0170354$ & $0.00474118$ & $-0.0265941$ & $-0.00804691$ & $0.0228549$ & $-0.000375044$ & $0.00325229$ & $0.0161674$ & $-0.0158264$ & $0.0318353$ & $0.00375901$ \\
CHQ1_33 & $-0.113753$ & $0.00800691$ & $-0.0195179$ & $-0.0192141$ & $0.00174102$ & $-0.0089451$ & $0.11972$ & $-0.671615$ & $-0.662621$ & $0.550184$ & $0.287405$ & $-0.299434$ & $-0.41113$ & $0.507116$ & $0.130718$ & $0.112542$ & $0.692896$ & $0.636182$ & $0.637388$ & $-0.231546$ & $-0.345225$ & $-0.34389$ & $-0.119409$ & $1$ & $0.661682$ & $0.166929$ & $-0.435134$ & $-0.054114$ & $-0.0202693$ & $-0.127023$ & $-0.0305204$ & $0.112252$ & $-0.134028$ & $-0.639925$ & $0.00630637$ & $0.0101307$ & $-0.0190213$ & $-0.000815457$ & $0.0279472$ & $0.00871425$ & $-0.0156658$ & $-0.0172599$ & $0.014254$ & $-0.00697009$ & $-0.0339007$ & $0.00783198$ & $0.0117261$ & $0.0117119$ & $-0.0241433$ \\
CHQ3_11 & $-0.143403$ & $0.0248937$ & $-0.0162286$ & $-0.0368755$ & $-0.00575605$ & $-0.0823327$ & $0.117399$ & $-0.415691$ & $-0.415923$ & $0.47374$ & $0.0203187$ & $-0.350722$ & $-0.393287$ & $0.609585$ & $-0.114303$ & $-0.135791$ & $0.77932$ & $0.793837$ & $0.801694$ & $-0.0111272$ & $-0.0263458$ & $-0.0322735$ & $0.0818006$ & $0.661682$ & $1$ & $-0.0047195$ & $0.180462$ & $-0.0501682$ & $-0.0375631$ & $-0.129488$ & $-0.0357828$ & $0.0939901$ & $-0.125444$ & $-0.223359$ & $-0.0376198$ & $0.00173457$ & $-0.00277301$ & $-0.0111136$ & $0.00733649$ & $0.0137547$ & $-0.0302154$ & $0.00297374$ & $-0.00325113$ & $-0.00114647$ & $-0.0265293$ & $0.0166094$ & $0.0201779$ & $0.0398916$ & $-0.0192174$ \\
CHu_11 & $-0.0354976$ & $0.0499748$ & $-0.0278545$ & $0.0260643$ & $0.0023223$ & $0.0976978$ & $0.00485727$ & $-0.479536$ & $-0.470645$ & $0.17466$ & $0.552324$ & $0.0124498$ & $-0.080595$ & $-0.28343$ & $-0.197001$ & $-0.19967$ & $-0.12511$ & $0.00613453$ & $0.0139385$ & $-0.545683$ & $-0.552764$ & $-0.543116$ & $-0.689876$ & $0.166929$ & $-0.0047195$ & $1$ & $-0.155552$ & $-0.176918$ & $0.0354339$ & $-0.0264341$ & $-0.0209121$ & $0.00885595$ & $-0.0309859$ & $-0.224197$ & $0.0165189$ & $0.03946$ & $-0.00525764$ & $0.000498477$ & $-0.0149517$ & $-0.0151253$ & $-0.0150232$ & $0.0253812$ & $-0.0205677$ & $0.0336156$ & $0.0101324$ & $0.0108792$ & $0.0088967$ & $-0.0190566$ & $0.0156752$ \\
CHd_11 & $-0.00433173$ & $0.00686585$ & $-0.0125519$ & $-0.0359821$ & $-0.0132207$ & $-0.0649188$ & $-0.0591855$ & $0.426047$ & $0.414191$ & $-0.240527$ & $-0.278794$ & $0.0476018$ & $0.14909$ & $-0.134229$ & $-0.401369$ & $-0.398653$ & $-0.182949$ & $-0.0347918$ & $-0.029631$ & $0.202974$ & $0.363131$ & $0.35661$ & $0.323697$ & $-0.435134$ & $0.180462$ & $-0.155552$ & $1$ & $0.107791$ & $-0.0116556$ & $0.0367457$ & $-0.0162305$ & $-0.0736138$ & $0.0484522$ & $0.681398$ & $-0.0494619$ & $0.00549962$ & $0.031062$ & $0.00731529$ & $-0.0252793$ & $-0.0133626$ & $-0.0300047$ & $0.0306472$ & $-0.00803598$ & $0.00235718$ & $0.0122761$ & $-0.00216482$ & $-0.00123442$ & $0.027412$ & $0.0367918$ \\
CHd_33 & $0.0291286$ & $-0.0272432$ & $-0.00155939$ & $0.0103363$ & $0.010114$ & $-0.0501029$ & $-0.0375988$ & $0.309732$ & $0.310778$ & $-0.135673$ & $-0.324956$ & $0.000887172$ & $0.0592848$ & $0.129823$ & $0.0832301$ & $0.105869$ & $0.0220611$ & $-0.0307937$ & $-0.0534764$ & $0.316372$ & $0.32973$ & $0.319209$ & $0.00102985$ & $-0.054114$ & $-0.0501682$ & $-0.176918$ & $0.107791$ & $1$ & $0.00639209$ & $0.0190057$ & $-0.0280034$ & $-0.0450817$ & $0.0133497$ & $0.181597$ & $-0.000974029$ & $-0.00870965$ & $0.0197407$ & $-0.0315921$ & $0.0431174$ & $0.0226756$ & $-0.0103545$ & $-0.0203798$ & $0.0671167$ & $-0.0317535$ & $-0.0278469$ & $0.00041497$ & $-0.0395791$ & $0.0265337$ & $4.84908e-05$ \\
CeH_22r & $-0.0148713$ & $-0.0391694$ & $-0.0139356$ & $0.010423$ & $-0.00614779$ & $0.00424426$ & $-0.00740523$ & $-0.0168081$ & $-0.00865014$ & $-0.0180425$ & $0.0455406$ & $0.0404496$ & $0.0334722$ & $-0.0490782$ & $-0.0132026$ & $-2.27998e-05$ & $-0.0612773$ & $-0.0401847$ & $-0.0486067$ & $-0.0449066$ & $-0.0448349$ & $-0.0409115$ & $-0.0143297$ & $-0.0202693$ & $-0.0375631$ & $0.0354339$ & $-0.0116556$ & $0.00639209$ & $1$ & $0.025484$ & $0.0374564$ & $-0.0243865$ & $0.00790418$ & $-0.0105478$ & $-0.0534647$ & $0.00650831$ & $-0.0126762$ & $0.0209308$ & $0.00756371$ & $-0.000976582$ & $0.0291623$ & $0.0118133$ & $-0.00960038$ & $0.0361915$ & $-0.00882579$ & $-0.015408$ & $0.00333393$ & $-0.000304743$ & $-0.042321$ \\
CeH_33r & $-0.0197194$ & $-0.0205948$ & $-0.0206912$ & $0.0119685$ & $0.0167771$ & $-0.00466761$ & $-0.146226$ & $0.111133$ & $0.133614$ & $-0.160346$ & $-0.0455686$ & $0.347971$ & $0.305909$ & $-0.0879709$ & $0.0261155$ & $0.0382478$ & $-0.127477$ & $-0.133098$ & $-0.146702$ & $0.0447357$ & $0.0466681$ & $0.0465001$ & $0.00898746$ & $-0.127023$ & $-0.129488$ & $-0.0264341$ & $0.0367457$ & $0.0190057$ & $0.025484$ & $1$ & $0.292917$ & $-0.00655301$ & $0.66058$ & $0.0671771$ & $-0.0462036$ & $-0.0171021$ & $-0.175758$ & $-0.0529097$ & $-0.037987$ & $-0.0253864$ & $0.0615344$ & $-0.0140979$ & $0.0109334$ & $-0.019786$ & $0.062607$ & $-0.0116707$ & $-0.0343564$ & $0.0096691$ & $0.0231791$ \\
CuH_22r & $-0.063368$ & $0.037151$ & $-0.0438844$ & $0.0534878$ & $0.00291054$ & $0.00210624$ & $-0.0515339$ & $0.0380617$ & $0.0440796$ & $-0.0422404$ & $-0.0306305$ & $0.119125$ & $0.114492$ & $0.00269088$ & $0.0177987$ & $0.040026$ & $-0.0256586$ & $-0.0266652$ & $-0.0406676$ & $0.0345157$ & $0.0297942$ & $0.0243738$ & $-0.0026666$ & $-0.0305204$ & $-0.0357828$ & $-0.0209121$ & $-0.0162305$ & $-0.0280034$ & $0.0374564$ & $0.292917$ & $1$ & $0.0188654$ & $0.33886$ & $0.0119093$ & $-0.0886796$ & $0.00797101$ & $-0.0465656$ & $-0.00878827$ & $-0.0572565$ & $-0.00975578$ & $-0.0192736$ & $0.0118398$ & $-0.0383855$ & $0.0258386$ & $0.0394205$ & $0.0410637$ & $0.370409$ & $0.0100384$ & $0.0401195$ \\
CuH_33r & $-0.0238304$ & $0.0521927$ & $0.0138962$ & $-0.0162614$ & $0.0043306$ & $-0.00597752$ & $0.940776$ & $-0.105764$ & $-0.0640049$ & $0.107038$ & $0.0523213$ & $-0.190095$ & $-0.256374$ & $0.0778363$ & $-0.0155055$ & $-0.00419429$ & $0.102153$ & $0.10943$ & $0.101379$ & $-0.048718$ & $-0.0542111$ & $-0.0532613$ & $-0.00667814$ & $0.112252$ & $0.0939901$ & $0.00885595$ & $-0.0736138$ & $-0.0450817$ & $-0.0243865$ & $-0.00655301$ & $0.0188654$ & $1$ & $0.00894809$ & $-0.0685773$ & $0.0630372$ & $0.0191632$ & $-0.00603037$ & $0.0150666$ & $-0.0325913$ & $-0.0134617$ & $-0.000126348$ & $-0.0104419$ & $-0.0106576$ & $0.01951$ & $0.0238231$ & $0.0129259$ & $-0.0227367$ & $-0.0537709$ & $0.0129452$ \\
CdH_33r & $0.0294332$ & $-0.0148706$ & $0.0216818$ & $0.0661459$ & $-0.00939058$ & $0.00467263$ & $-0.163454$ & $0.101637$ & $0.119409$ & $-0.153835$ & $-0.0372117$ & $0.371873$ & $0.326426$ & $-0.0865487$ & $-0.00514084$ & $-0.00325689$ & $-0.121847$ & $-0.113607$ & $-0.121697$ & $0.0350649$ & $0.0437053$ & $0.0353636$ & $0.0217324$ & $-0.134028$ & $-0.125444$ & $-0.0309859$ & $0.0484522$ & $0.0133497$ & $0.00790418$ & $0.66058$ & $0.33886$ & $0.00894809$ & $1$ & $0.082478$ & $-0.0628285$ & $0.0181741$ & $-0.243401$ & $-0.0542422$ & $0.00360071$ & $0.0216572$ & $0.0405243$ & $-0.0279076$ & $-0.0435272$ & $-0.0149821$ & $-0.0360755$ & $-0.0312639$ & $-0.0429173$ & $0.118619$ & $0.493126$ \\
CLL_1221 & $0.0481726$ & $0.011773$ & $0.0251784$ & $-0.0111024$ & $-0.0052551$ & $-0.117661$ & $-0.0625179$ & $0.572098$ & $0.560165$ & $-0.345641$ & $-0.363641$ & $0.103777$ & $0.223114$ & $-0.242222$ & $-0.596558$ & $-0.0958783$ & $-0.263631$ & $0.00720976$ & $-0.363264$ & $0.282983$ & $0.451354$ & $0.448389$ & $0.17862$ & $-0.639925$ & $-0.223359$ & $-0.224197$ & $0.681398$ & $0.181597$ & $-0.0105478$ & $0.0671771$ & $0.0119093$ & $-0.0685773$ & $0.082478$ & $1$ & $-0.0267542$ & $-0.0116707$ & $0.050117$ & $0.00862101$ & $-0.0263597$ & $-0.0209561$ & $-0.00803538$ & $0.0280201$ & $-0.002832$ & $-0.0130271$ & $0.0103871$ & $-0.000962703$ & $0.00893622$ & $0.00967572$ & $0.0394326$ \\
eHggint & $-0.0475527$ & $-0.0252429$ & $-0.0510389$ & $-0.0347471$ & $0.0716229$ & $0.0080437$ & $-0.0248712$ & $-0.00712915$ & $-0.0189953$ & $0.0413704$ & $0.0212244$ & $0.0894567$ & $0.0507951$ & $-0.01999$ & $0.0211645$ & $0.0325669$ & $-0.0308533$ & $-0.0339109$ & $-0.039678$ & $-0.0173727$ & $-0.0251145$ & $-0.0254243$ & $-0.0453704$ & $0.00630637$ & $-0.0376198$ & $0.0165189$ & $-0.0494619$ & $-0.000974029$ & $-0.0534647$ & $-0.0462036$ & $-0.0886796$ & $0.0630372$ & $-0.0628285$ & $-0.0267542$ & $1$ & $-0.113893$ & $-0.106612$ & $-0.0449397$ & $0.0521282$ & $0.0658023$ & $0.077634$ & $0.024466$ & $0.104208$ & $0.0837554$ & $-0.020777$ & $0.0239868$ & $-0.0830066$ & $-0.101774$ & $-0.0209716$ \\
eHggpar & $0.0517765$ & $-0.0978282$ & $0.0444425$ & $0.0605531$ & $0.0124359$ & $0.0264479$ & $-0.0229139$ & $0.00453842$ & $-0.0110944$ & $0.00762138$ & $-0.00857228$ & $0.0141297$ & $0.00248686$ & $0.00915994$ & $0.00833368$ & $-0.0135716$ & $0.00594612$ & $0.00251839$ & $0.0103747$ & $0.00788221$ & $0.00538083$ & $-0.00912753$ & $-0.0393776$ & $0.0101307$ & $0.00173457$ & $0.03946$ & $0.00549962$ & $-0.00870965$ & $0.00650831$ & $-0.0171021$ & $0.00797101$ & $0.0191632$ & $0.0181741$ & $-0.0116707$ & $-0.113893$ & $1$ & $-0.0470686$ & $-0.030176$ & $0.112099$ & $-0.0419754$ & $0.0365233$ & $-0.00312587$ & $-0.109624$ & $0.0817939$ & $-0.0203778$ & $-0.0663459$ & $-0.0520919$ & $0.014123$ & $0.0541466$ \\
eHWWint & $0.00261702$ & $0.118701$ & $-0.0886494$ & $-0.0773073$ & $-0.0194365$ & $-0.0215479$ & $0.0423376$ & $0.0328372$ & $0.0217942$ & $-0.00222417$ & $-0.0350818$ & $-0.0246143$ & $-0.0197704$ & $0.0188735$ & $-0.0228164$ & $0.0128954$ & $-0.0041126$ & $0.0145792$ & $-0.0106281$ & $0.0334417$ & $0.040741$ & $0.0449997$ & $-0.00248817$ & $-0.0190213$ & $-0.00277301$ & $-0.00525764$ & $0.031062$ & $0.0197407$ & $-0.0126762$ & $-0.175758$ & $-0.0465656$ & $-0.00603037$ & $-0.243401$ & $0.050117$ & $-0.106612$ & $-0.0470686$ & $1$ & $-0.0108886$ & $-0.151513$ & $-0.0444832$ & $-0.157032$ & $-0.0407084$ & $-0.00247447$ & $-0.0862821$ & $0.127501$ & $0.0130499$ & $0.0722585$ & $0.0126943$ & $-0.10235$ \\
eHWWpar & $-0.0762003$ & $0.0194064$ & $-0.00688196$ & $0.0085079$ & $-0.00235675$ & $0.00717465$ & $0.0238673$ & $0.0101954$ & $0.00428423$ & $-0.00689028$ & $-0.00102063$ & $-0.000516117$ & $0.00317292$ & $-0.00506407$ & $0.00188399$ & $-0.00615279$ & $-0.0162976$ & $-0.015932$ & $-0.0126076$ & $-0.000337059$ & $0.00417559$ & $-0.000796276$ & $-0.00212204$ & $-0.000815457$ & $-0.0111136$ & $0.000498477$ & $0.00731529$ & $-0.0315921$ & $0.0209308$ & $-0.0529097$ & $-0.00878827$ & $0.0150666$ & $-0.0542422$ & $0.00862101$ & $-0.0449397$ & $-0.030176$ & $-0.0108886$ & $1$ & $0.00755212$ & $-0.0215827$ & $0.0175632$ & $0.0186523$ & $-0.0591535$ & $-0.0331397$ & $0.0510534$ & $0.00678721$ & $0.0754227$ & $0.0280355$ & $-0.0680338$ \\
eHZZint & $0.141873$ & $-0.142458$ & $0.075493$ & $-0.100505$ & $0.0439621$ & $-0.0166122$ & $-0.0536464$ & $0.0102955$ & $0.00774911$ & $-0.0136383$ & $-0.0323999$ & $-0.0446116$ & $-0.0351147$ & $0.0294336$ & $0.0403174$ & $0.0461986$ & $0.0481028$ & $0.0165994$ & $0.0125812$ & $0.0341423$ & $0.0225929$ & $0.0189895$ & $-0.0170354$ & $0.0279472$ & $0.00733649$ & $-0.0149517$ & $-0.0252793$ & $0.0431174$ & $0.00756371$ & $-0.037987$ & $-0.0572565$ & $-0.0325913$ & $0.00360071$ & $-0.0263597$ & $0.0521282$ & $0.112099$ & $-0.151513$ & $0.00755212$ & $1$ & $-0.0138666$ & $0.0258915$ & $0.015923$ & $0.0779806$ & $0.0971136$ & $-0.201839$ & $0.000711515$ & $-0.0737845$ & $0.0187892$ & $0.0370546$ \\
eHZZpar & $-0.00985765$ & $0.0109724$ & $-0.00727833$ & $-0.0403168$ & $0.0316999$ & $-0.00820823$ & $-0.0135428$ & $-0.00878382$ & $-0.0019294$ & $0.027826$ & $0.0063197$ & $0.00909353$ & $0.00283668$ & $-0.00814969$ & $0.0231281$ & $0.0325772$ & $0.00734139$ & $-0.00811029$ & $-0.0149224$ & $4.67699e-05$ & $-0.00718097$ & $-0.0105806$ & $0.00474118$ & $0.00871425$ & $0.0137547$ & $-0.0151253$ & $-0.0133626$ & $0.0226756$ & $-0.000976582$ & $-0.0253864$ & $-0.00975578$ & $-0.0134617$ & $0.0216572$ & $-0.0209561$ & $0.0658023$ & $-0.0419754$ & $-0.0444832$ & $-0.0215827$ & $-0.0138666$ & $1$ & $-0.0312716$ & $-0.0460124$ & $0.0519262$ & $-0.00864927$ & $-0.0280881$ & $0.0260286$ & $-0.0518992$ & $-0.00642484$ & $0.080316$ \\
eHZgaint & $-0.0433975$ & $-0.0168174$ & $0.0351282$ & $0.00934461$ & $0.0182967$ & $0.0106634$ & $-0.0171518$ & $0.0319897$ & $0.0367573$ & $-0.0739179$ & $-0.0267991$ & $0.0153734$ & $0.0430724$ & $0.0154272$ & $0.0371374$ & $0.0402804$ & $-0.0185432$ & $-0.0277933$ & $-0.0354866$ & $0.0306611$ & $0.024095$ & $0.0184181$ & $-0.0265941$ & $-0.0156658$ & $-0.0302154$ & $-0.0150232$ & $-0.0300047$ & $-0.0103545$ & $0.0291623$ & $0.0615344$ & $-0.0192736$ & $-0.000126348$ & $0.0405243$ & $-0.00803538$ & $0.077634$ & $0.0365233$ & $-0.157032$ & $0.0175632$ & $0.0258915$ & $-0.0312716$ & $1$ & $0.0148807$ & $-0.0347314$ & $-0.0506347$ & $-0.00148133$ & $-0.0136746$ & $-0.0781429$ & $-0.0731343$ & $-0.00255248$ \\
eHZgapar & $-0.0224938$ & $0.00526628$ & $-0.0603046$ & $0.0132821$ & $-0.0220024$ & $-0.0106672$ & $-0.00952989$ & $0.0173999$ & $0.0136854$ & $-0.00817687$ & $-0.0160041$ & $0.0107591$ & $0.0198132$ & $-0.00347515$ & $-0.0127549$ & $-0.0141824$ & $0.00612796$ & $0.00173146$ & $0.00270177$ & $0.0114022$ & $0.0181855$ & $0.0156036$ & $-0.00804691$ & $-0.0172599$ & $0.00297374$ & $0.0253812$ & $0.0306472$ & $-0.0203798$ & $0.0118133$ & $-0.0140979$ & $0.0118398$ & $-0.0104419$ & $-0.0279076$ & $0.0280201$ & $0.024466$ & $-0.00312587$ & $-0.0407084$ & $0.0186523$ & $0.015923$ & $-0.0460124$ & $0.0148807$ & $1$ & $0.00224108$ & $0.00159253$ & $0.0132481$ & $0.0141672$ & $0.00802321$ & $-0.0251672$ & $-0.049013$ \\
eHgagaint & $0.0336376$ & $-0.0179771$ & $-0.0518089$ & $-0.134987$ & $-0.0121036$ & $0.0131984$ & $-0.0124877$ & $-0.0121104$ & $0.0618991$ & $0.026803$ & $0.0124701$ & $0.0101953$ & $0.0103065$ & $-0.00550319$ & $-0.0123002$ & $0.0146453$ & $-0.00638239$ & $0.00510179$ & $-0.0144562$ & $-0.014411$ & $-0.016053$ & $-0.0166392$ & $0.0228549$ & $0.014254$ & $-0.00325113$ & $-0.0205677$ & $-0.00803598$ & $0.0671167$ & $-0.00960038$ & $0.0109334$ & $-0.0383855$ & $-0.0106576$ & $-0.0435272$ & $-0.002832$ & $0.104208$ & $-0.109624$ & $-0.00247447$ & $-0.0591535$ & $0.0779806$ & $0.0519262$ & $-0.0347314$ & $0.00224108$ & $1$ & $-0.0332083$ & $-0.0224647$ & $0.0283812$ & $-0.129407$ & $0.14159$ & $-0.102559$ \\
eHmumuint & $0.165925$ & $-0.0600185$ & $0.0533143$ & $0.0435004$ & $0.00375168$ & $0.0081259$ & $0.00177139$ & $-0.0382687$ & $-0.0388852$ & $0.0290071$ & $0.0390844$ & $0.0172375$ & $0.0157778$ & $-0.00863393$ & $-0.0283371$ & $-0.0522566$ & $0.00212924$ & $0.0153301$ & $0.0396464$ & $-0.045218$ & $-0.0376137$ & $-0.0409771$ & $-0.000375044$ & $-0.00697009$ & $-0.00114647$ & $0.0336156$ & $0.00235718$ & $-0.0317535$ & $0.0361915$ & $-0.019786$ & $0.0258386$ & $0.01951$ & $-0.0149821$ & $-0.0130271$ & $0.0837554$ & $0.0817939$ & $-0.0862821$ & $-0.0331397$ & $0.0971136$ & $-0.00864927$ & $-0.0506347$ & $0.00159253$ & $-0.0332083$ & $1$ & $-0.0292659$ & $0.00285388$ & $-0.0340387$ & $-0.0884711$ & $-0.00680119$ \\
eHtautauint & $-0.107499$ & $0.124974$ & $-0.0433692$ & $-0.0352145$ & $-0.0148884$ & $0.0626189$ & $0.046535$ & $0.0181746$ & $0.019527$ & $-0.0170631$ & $0.00517053$ & $0.0262081$ & $0.0218629$ & $-0.0215745$ & $0.00646007$ & $0.0226258$ & $-0.0575246$ & $-0.0464628$ & $-0.0534997$ & $-0.00122732$ & $-0.000596213$ & $0.00294116$ & $0.00325229$ & $-0.0339007$ & $-0.0265293$ & $0.0101324$ & $0.0122761$ & $-0.0278469$ & $-0.00882579$ & $0.062607$ & $0.0394205$ & $0.0238231$ & $-0.0360755$ & $0.0103871$ & $-0.020777$ & $-0.0203778$ & $0.127501$ & $0.0510534$ & $-0.201839$ & $-0.0280881$ & $-0.00148133$ & $0.0132481$ & $-0.0224647$ & $-0.0292659$ & $1$ & $0.0857827$ & $0.143739$ & $0.0502321$ & $-0.0565231$ \\
eHccint & $-0.0181074$ & $0.0826407$ & $-0.00298293$ & $0.00619887$ & $0.00832016$ & $-0.00437546$ & $0.0153716$ & $-0.0221776$ & $-0.0222572$ & $0.0413042$ & $0.0181307$ & $-0.0126982$ & $-0.0358678$ & $0.00788804$ & $-0.0171641$ & $0.0320205$ & $0.000204463$ & $0.0183488$ & $-0.010556$ & $-0.0164704$ & $-0.016151$ & $-0.0127442$ & $0.0161674$ & $0.00783198$ & $0.0166094$ & $0.0108792$ & $-0.00216482$ & $0.00041497$ & $-0.015408$ & $-0.0116707$ & $0.0410637$ & $0.0129259$ & $-0.0312639$ & $-0.000962703$ & $0.0239868$ & $-0.0663459$ & $0.0130499$ & $0.00678721$ & $0.000711515$ & $0.0260286$ & $-0.0136746$ & $0.0141672$ & $0.0283812$ & $0.00285388$ & $0.0857827$ & $1$ & $0.0391187$ & $-0.000106371$ & $0.000987965$ \\
eHccpar & $-0.137197$ & $0.0890297$ & $-0.0599633$ & $-0.00530805$ & $0.00692731$ & $-0.0181752$ & $-0.00063596$ & $0.0023256$ & $-0.0112811$ & $0.0274667$ & $-0.0116717$ & $-0.00857061$ & $-0.0131745$ & $0.0099539$ & $0.00156526$ & $-0.00482025$ & $0.0246174$ & $0.014161$ & $0.0222254$ & $0.016246$ & $0.0137372$ & $0.0214177$ & $-0.0158264$ & $0.0117261$ & $0.0201779$ & $0.0088967$ & $-0.00123442$ & $-0.0395791$ & $0.00333393$ & $-0.0343564$ & $0.370409$ & $-0.0227367$ & $-0.0429173$ & $0.00893622$ & $-0.0830066$ & $-0.0520919$ & $0.0722585$ & $0.0754227$ & $-0.0737845$ & $-0.0518992$ & $-0.0781429$ & $0.00802321$ & $-0.129407$ & $-0.0340387$ & $0.143739$ & $0.0391187$ & $1$ & $0.0432177$ & $-0.0224551$ \\
eHbbint & $-0.0314179$ & $0.0192651$ & $0.0176887$ & $-0.0170478$ & $-0.0445783$ & $-0.00751642$ & $-0.0497601$ & $-0.0151338$ & $-0.0115683$ & $0.0280574$ & $0.0108389$ & $-0.012071$ & $-0.0178262$ & $0.0108296$ & $-0.0252465$ & $-0.0206378$ & $0.0100844$ & $0.0251039$ & $0.0214871$ & $-0.010839$ & $-0.00490952$ & $-0.0124339$ & $0.0318353$ & $0.0117119$ & $0.0398916$ & $-0.0190566$ & $0.027412$ & $0.0265337$ & $-0.000304743$ & $0.0096691$ & $0.0100384$ & $-0.0537709$ & $0.118619$ & $0.00967572$ & $-0.101774$ & $0.014123$ & $0.0126943$ & $0.0280355$ & $0.0187892$ & $-0.00642484$ & $-0.0731343$ & $-0.0251672$ & $0.14159$ & $-0.0884711$ & $0.0502321$ & $-0.000106371$ & $0.0432177$ & $1$ & $-0.0793769$ \\
eHbbpar & $0.0715925$ & $-0.0288015$ & $0.0419042$ & $0.0557837$ & $-0.00644651$ & $-0.00776287$ & $-0.00566616$ & $0.0103046$ & $0.00211224$ & $-0.0285352$ & $0.00261682$ & $-0.00337941$ & $0.0100957$ & $-0.0185556$ & $-0.0409913$ & $-0.050238$ & $-0.017156$ & $0.00248592$ & $0.00272043$ & $-0.00676753$ & $0.00309574$ & $-0.00526433$ & $0.00375901$ & $-0.0241433$ & $-0.0192174$ & $0.0156752$ & $0.0367918$ & $4.84908e-05$ & $-0.042321$ & $0.0231791$ & $0.0401195$ & $0.0129452$ & $0.493126$ & $0.0394326$ & $-0.0209716$ & $0.0541466$ & $-0.10235$ & $-0.0680338$ & $0.0370546$ & $0.080316$ & $-0.00255248$ & $-0.049013$ & $-0.102559$ & $-0.00680119$ & $-0.0565231$ & $0.000987965$ & $-0.0224551$ & $-0.0793769$ & $1$ \\
