 & AlsMz & dAle5Mz & mtop & mHl & Mz & CW & CHG & CHWB & CHWHB_gaga & CHWHB_gagaorth & CHD & CHbox & CH & CHL1_11 & CHL1_22 & CHL1_33 & CHL3_11 & CHL3_22 & CHL3_33 & CHe_11 & CHe_22 & CHe_33 & CHQ1_11 & CHQ1_33 & CHQ3_11 & CHu_11 & CHd_11 & CHd_33 & CeH_22r & CeH_33r & CuH_22r & CuH_33r & CdH_33r & CLL_1221 & eHggint & eHggpar & eHWWint & eHWWpar & eHZZint & eHZZpar & eHZgaint & eHZgapar & eHgagaint & eHmumuint & eHtautauint & eHccint & eHccpar & eHbbint & eHbbpar \\
AlsMz & $1$ & $-0.0626865$ & $-0.069044$ & $-0.399462$ & $-0.00850463$ & $-0.00801773$ & $-0.0603493$ & $0.0661079$ & $0.0578907$ & $-0.0311815$ & $-0.056102$ & $0.100322$ & $0.121677$ & $-0.0166786$ & $0.0791393$ & $0.0697253$ & $-0.0291926$ & $-0.0757115$ & $-0.0653407$ & $0.0569385$ & $0.0468833$ & $0.0466309$ & $0.0106667$ & $-0.0737993$ & $-0.12008$ & $-0.0568059$ & $-0.0432476$ & $0.011382$ & $0.0139411$ & $0.0285704$ & $-0.0372148$ & $-0.0450834$ & $0.0846387$ & $-0.0103237$ & $0.277841$ & $-0.327504$ & $0.151142$ & $-0.164313$ & $-0.0859815$ & $-0.110575$ & $0.0943226$ & $0.115323$ & $-0.0589327$ & $-0.120832$ & $-0.183767$ & $0.105849$ & $-0.0162034$ & $0.328477$ & $0.13399$ \\
dAle5Mz & $-0.0626865$ & $1$ & $0.0998277$ & $-0.0634663$ & $0.0139099$ & $-0.0255315$ & $-0.134406$ & $-0.0615114$ & $-0.0653786$ & $0.0425875$ & $0.0334127$ & $0.0401888$ & $0.0168529$ & $0.0208669$ & $-0.00150494$ & $0.0425303$ & $0.0390368$ & $0.044473$ & $0.00941706$ & $-0.0195348$ & $-0.0312606$ & $-0.0335091$ & $-0.00609361$ & $0.0520775$ & $0.0093778$ & $0.00875712$ & $-0.0767056$ & $0.00194105$ & $-0.00299748$ & $-0.0288876$ & $-0.00211426$ & $-0.128621$ & $0.0093262$ & $-0.026508$ & $-0.0136258$ & $-0.0156731$ & $-0.143621$ & $-0.0484019$ & $-0.171673$ & $0.201008$ & $0.0550879$ & $-0.0709016$ & $0.0950748$ & $0.00933789$ & $-0.324437$ & $0.101707$ & $-0.0738002$ & $-0.042026$ & $-0.0180582$ \\
mtop & $-0.069044$ & $0.0998277$ & $1$ & $-0.139656$ & $0.0130584$ & $0.00855669$ & $0.0304353$ & $0.0278617$ & $0.041721$ & $-0.0289761$ & $-0.0532156$ & $-0.0605175$ & $-0.014586$ & $0.0837775$ & $0.0674733$ & $0.00563693$ & $0.0385277$ & $0.00630477$ & $0.0490625$ & $0.0585623$ & $0.0522931$ & $0.0477214$ & $-0.00412279$ & $0.0197018$ & $0.0134663$ & $-0.0416663$ & $-0.0367899$ & $0.0534495$ & $-0.00492288$ & $0.0142972$ & $0.0246571$ & $0.0340421$ & $0.0749348$ & $-0.0391992$ & $-0.110591$ & $0.104483$ & $-0.338214$ & $-0.158255$ & $-0.225049$ & $-0.136729$ & $-0.483783$ & $0.0766904$ & $0.443994$ & $0.196063$ & $-0.0164873$ & $0.240579$ & $-0.0638257$ & $0.0817694$ & $0.160014$ \\
mHl & $-0.399462$ & $-0.0634663$ & $-0.139656$ & $1$ & $0.0020845$ & $-0.0254891$ & $0.0551488$ & $-0.0234328$ & $-0.0278895$ & $0.0117629$ & $0.0252305$ & $-0.00490499$ & $-0.0165438$ & $-0.00511577$ & $-0.0397366$ & $-0.0312874$ & $-0.00308715$ & $0.0230684$ & $0.0169277$ & $-0.026287$ & $-0.0221656$ & $-0.0203552$ & $-0.0301564$ & $0.0152809$ & $0.0192158$ & $0.0401499$ & $-0.00170161$ & $-0.0534867$ & $-0.0161666$ & $-0.00536839$ & $0.044453$ & $0.0617737$ & $-0.0208552$ & $0.00806734$ & $0.104877$ & $0.0855881$ & $0.116558$ & $0.0898117$ & $-0.188017$ & $0.134162$ & $0.242366$ & $0.0195126$ & $-0.14109$ & $-0.318106$ & $0.335418$ & $0.225948$ & $0.0628024$ & $-0.195442$ & $0.0394557$ \\
Mz & $-0.00850463$ & $0.0139099$ & $0.0130584$ & $0.0020845$ & $1$ & $-0.0190757$ & $-0.00641026$ & $-0.000541422$ & $-0.00237129$ & $0.0106437$ & $0.0233648$ & $0.0098702$ & $-0.00323853$ & $-0.0266435$ & $-0.0270926$ & $0.00382727$ & $-0.0253774$ & $-0.00706829$ & $-0.030369$ & $-0.0159961$ & $-0.0110473$ & $-0.00595577$ & $-0.00474884$ & $-0.0196875$ & $-0.0135404$ & $0.0184039$ & $0.0163619$ & $-0.00777387$ & $0.00625632$ & $-0.00867035$ & $0.02745$ & $0.00105409$ & $-0.0100764$ & $0.0224821$ & $-0.0153947$ & $0.0104558$ & $0.0240636$ & $0.00278094$ & $-0.0286271$ & $0.00825927$ & $0.00630845$ & $0.00390593$ & $0.00882211$ & $-0.00610075$ & $-0.00811155$ & $0.0248293$ & $0.00987764$ & $-0.0180056$ & $-0.0159729$ \\
CW & $-0.00801773$ & $-0.0255315$ & $0.00855669$ & $-0.0254891$ & $-0.0190757$ & $1$ & $0.00316178$ & $-0.121561$ & $-0.118712$ & $0.0189592$ & $0.181926$ & $0.0417568$ & $0.00478108$ & $0.0289155$ & $-0.105995$ & $-0.0849489$ & $-0.269472$ & $-0.0359176$ & $-0.0494074$ & $-0.183821$ & $-0.182617$ & $-0.180647$ & $0.00280591$ & $-0.00292742$ & $-0.0699008$ & $0.111386$ & $-0.0412919$ & $-0.0548892$ & $0.00385531$ & $0.00672867$ & $0.000892382$ & $0.0136854$ & $0.00864692$ & $-0.0993378$ & $0.0121184$ & $0.0394116$ & $0.0165499$ & $-0.0295151$ & $0.0426121$ & $-0.0155534$ & $-0.00662097$ & $0.000218275$ & $0.0161017$ & $0.011253$ & $0.00361169$ & $-0.046274$ & $0.00146125$ & $-0.0276117$ & $0.0107361$ \\
CHG & $-0.0603493$ & $-0.134406$ & $0.0304353$ & $0.0551488$ & $-0.00641026$ & $0.00316178$ & $1$ & $-0.0874104$ & $-0.0349472$ & $0.0604605$ & $0.0548502$ & $-0.180629$ & $-0.264687$ & $0.0310999$ & $-0.0185763$ & $0.0024904$ & $0.0631033$ & $0.0738132$ & $0.0582077$ & $-0.0530254$ & $-0.0599543$ & $-0.0567307$ & $-0.0322415$ & $0.0770428$ & $0.0704139$ & $0.0399921$ & $-0.0522703$ & $-0.0279391$ & $0.00423336$ & $-0.0657219$ & $-0.0559702$ & $0.936871$ & $-0.116124$ & $-0.0578254$ & $-0.0574769$ & $-0.0267191$ & $-0.188596$ & $-0.0263466$ & $0.0703468$ & $-0.00109453$ & $0.128801$ & $-0.0140132$ & $-0.0726554$ & $0.185459$ & $0.122976$ & $0.0387202$ & $0.136493$ & $0.0849587$ & $-0.036985$ \\
CHWB & $0.0661079$ & $-0.0615114$ & $0.0278617$ & $-0.0234328$ & $-0.000541422$ & $-0.121561$ & $-0.0874104$ & $1$ & $0.983163$ & $-0.55987$ & $-0.885686$ & $-0.0401726$ & $0.277166$ & $0.129739$ & $0.300455$ & $0.291642$ & $-0.21287$ & $-0.412326$ & $-0.409323$ & $0.859568$ & $0.901422$ & $0.883034$ & $0.038349$ & $-0.662326$ & $-0.376352$ & $-0.503523$ & $0.417064$ & $0.329376$ & $-0.00268492$ & $0.0604897$ & $-0.0245062$ & $-0.0916516$ & $0.0701463$ & $0.559486$ & $0.0268513$ & $0.0284383$ & $0.0227288$ & $0.0486797$ & $0.00315709$ & $-0.070959$ & $-0.0794774$ & $0.0196376$ & $0.0775845$ & $-0.0306685$ & $-0.0106408$ & $0.0304125$ & $-0.0957483$ & $0.017925$ & $0.0434494$ \\
CHWHB_gaga & $0.0578907$ & $-0.0653786$ & $0.041721$ & $-0.0278895$ & $-0.00237129$ & $-0.118712$ & $-0.0349472$ & $0.983163$ & $1$ & $-0.54749$ & $-0.86907$ & $-0.0228417$ & $0.275178$ & $0.126599$ & $0.301826$ & $0.286807$ & $-0.215719$ & $-0.413108$ & $-0.404886$ & $0.844407$ & $0.884323$ & $0.865966$ & $0.0380348$ & $-0.65282$ & $-0.373813$ & $-0.495706$ & $0.40633$ & $0.325274$ & $0.00326915$ & $0.0819798$ & $-0.0114093$ & $-0.0478323$ & $0.0949799$ & $0.542593$ & $0.00902779$ & $0.0303984$ & $0.00434085$ & $0.0432605$ & $0.00589588$ & $-0.071033$ & $-0.0877469$ & $0.0135462$ & $0.0988032$ & $-0.0167702$ & $-0.00650671$ & $0.0307721$ & $-0.09765$ & $0.0174839$ & $0.042185$ \\
CHWHB_gagaorth & $-0.0311815$ & $0.0425875$ & $-0.0289761$ & $0.0117629$ & $0.0106437$ & $0.0189592$ & $0.0604605$ & $-0.55987$ & $-0.54749$ & $1$ & $0.353888$ & $0.343716$ & $-0.224306$ & $0.205937$ & $-0.122298$ & $-0.12752$ & $0.416949$ & $0.466351$ & $0.467609$ & $-0.343669$ & $-0.367616$ & $-0.361789$ & $-0.022939$ & $0.535644$ & $0.454488$ & $0.198346$ & $-0.228008$ & $-0.142761$ & $-0.00224459$ & $-0.125562$ & $-0.0418325$ & $0.0760092$ & $-0.148577$ & $-0.339554$ & $0.0258052$ & $-0.0421626$ & $-0.051936$ & $-0.0312332$ & $0.0393377$ & $0.0792499$ & $0.0784707$ & $0.000714032$ & $-0.0769379$ & $-0.00570646$ & $0.0124731$ & $-0.0572334$ & $0.0495176$ & $-0.00612747$ & $-0.0362675$ \\
CHD & $-0.056102$ & $0.0334127$ & $-0.0532156$ & $0.0252305$ & $0.0233648$ & $0.181926$ & $0.0548502$ & $-0.885686$ & $-0.86907$ & $0.353888$ & $1$ & $0.152716$ & $-0.125685$ & $-0.524515$ & $-0.415324$ & $-0.404931$ & $-0.228392$ & $0.0598262$ & $0.0592315$ & $-0.990479$ & $-0.991275$ & $-0.968758$ & $0.00914444$ & $0.310743$ & $0.0117774$ & $0.55982$ & $-0.297717$ & $-0.353937$ & $0.0160678$ & $-0.0195341$ & $0.0329819$ & $0.0673902$ & $-0.0372535$ & $-0.378295$ & $-0.0160709$ & $-0.0161684$ & $0.00732273$ & $-0.031785$ & $0.0140222$ & $0.0571936$ & $0.0829625$ & $-0.0147399$ & $-0.0716627$ & $0.0225832$ & $0.0177952$ & $-0.0354787$ & $0.0672101$ & $-0.0234846$ & $-0.0520923$ \\
CHbox & $0.100322$ & $0.0401888$ & $-0.0605175$ & $-0.00490499$ & $0.0098702$ & $0.0417568$ & $-0.180629$ & $-0.0401726$ & $-0.0228417$ & $0.343716$ & $0.152716$ & $1$ & $0.655399$ & $-0.243408$ & $0.0328698$ & $0.0196458$ & $-0.263435$ & $-0.233987$ & $-0.225803$ & $-0.132965$ & $-0.158748$ & $-0.160289$ & $0.00615505$ & $-0.104696$ & $-0.243959$ & $0.0687683$ & $-0.109447$ & $-0.0602973$ & $0.0673885$ & $0.282397$ & $0.0728896$ & $-0.10141$ & $0.361934$ & $-0.0782817$ & $0.130104$ & $-0.0309446$ & $0.0303198$ & $0.00995075$ & $0.0567252$ & $0.0349701$ & $0.0346355$ & $0.0283407$ & $-0.0231602$ & $-0.0465351$ & $-0.0583448$ & $0.0246167$ & $-0.104478$ & $0.0137653$ & $0.0253401$ \\
CH & $0.121677$ & $0.0168529$ & $-0.014586$ & $-0.0165438$ & $-0.00323853$ & $0.00478108$ & $-0.264687$ & $0.277166$ & $0.275178$ & $-0.224306$ & $-0.125685$ & $0.655399$ & $1$ & $-0.199728$ & $0.0942392$ & $0.062546$ & $-0.321514$ & $-0.348099$ & $-0.323324$ & $0.12686$ & $0.131092$ & $0.121256$ & $0.0127429$ & $-0.318235$ & $-0.350043$ & $-0.0862941$ & $0.05797$ & $0.0489042$ & $0.0488146$ & $0.201194$ & $0.0577768$ & $-0.236357$ & $0.274114$ & $0.132334$ & $0.103583$ & $-0.0412302$ & $0.0812217$ & $0.0452699$ & $-0.00261351$ & $-0.0231325$ & $-0.0328475$ & $0.0370614$ & $0.0593912$ & $-0.0389007$ & $-0.0791325$ & $0.0757813$ & $-0.140293$ & $0.0477279$ & $0.0490264$ \\
CHL1_11 & $-0.0166786$ & $0.0208669$ & $0.0837775$ & $-0.00511577$ & $-0.0266435$ & $0.0289155$ & $0.0310999$ & $0.129739$ & $0.126599$ & $0.205937$ & $-0.524515$ & $-0.243408$ & $-0.199728$ & $1$ & $0.254691$ & $0.253537$ & $0.636519$ & $0.583705$ & $0.57586$ & $0.537734$ & $0.488878$ & $0.471707$ & $-0.0778756$ & $0.440409$ & $0.580575$ & $-0.276112$ & $-0.0613385$ & $0.162305$ & $-0.0237169$ & $-0.0465529$ & $-0.0143272$ & $0.0139271$ & $-0.0260071$ & $-0.172833$ & $-0.00778321$ & $0.00340096$ & $-0.0489891$ & $-0.0252786$ & $-0.0212563$ & $-0.000208487$ & $-0.0507349$ & $0.000879155$ & $0.029558$ & $0.00268176$ & $-0.00405767$ & $-0.00021903$ & $0.0259922$ & $-0.00206887$ & $0.0369339$ \\
CHL1_22 & $0.0791393$ & $-0.00150494$ & $0.0674733$ & $-0.0397366$ & $-0.0270926$ & $-0.105995$ & $-0.0185763$ & $0.300455$ & $0.301826$ & $-0.122298$ & $-0.415324$ & $0.0328698$ & $0.0942392$ & $0.254691$ & $1$ & $0.427009$ & $0.164527$ & $-0.469687$ & $-0.0354875$ & $0.47987$ & $0.331641$ & $0.321294$ & $-0.148556$ & $0.105543$ & $-0.147719$ & $-0.215338$ & $-0.386278$ & $0.131135$ & $0.00730013$ & $0.0120922$ & $-0.0136907$ & $-0.0200985$ & $0.0249252$ & $-0.592428$ & $0.0635697$ & $-0.0354497$ & $0.0146946$ & $-0.00947538$ & $-0.0270452$ & $-0.0379477$ & $-0.0591418$ & $0.0311924$ & $0.0313873$ & $0.0276876$ & $-0.0142424$ & $0.0418797$ & $-0.042355$ & $0.0448163$ & $0.0392548$ \\
CHL1_33 & $0.0697253$ & $0.0425303$ & $0.00563693$ & $-0.0312874$ & $0.00382727$ & $-0.0849489$ & $0.0024904$ & $0.291642$ & $0.286807$ & $-0.12752$ & $-0.404931$ & $0.0196458$ & $0.062546$ & $0.253537$ & $0.427009$ & $1$ & $0.156167$ & $-0.0251116$ & $-0.461286$ & $0.469883$ & $0.322912$ & $0.340574$ & $-0.155705$ & $0.114767$ & $-0.150581$ & $-0.211531$ & $-0.387488$ & $0.0946706$ & $-0.0122213$ & $0.0233836$ & $0.00719775$ & $0.0128919$ & $0.0519289$ & $-0.0853046$ & $0.0521779$ & $-0.0233251$ & $0.00545422$ & $0.00121011$ & $-0.0140952$ & $-0.0121946$ & $-0.0472403$ & $-0.00257051$ & $0.0171663$ & $0.00373197$ & $-0.0230638$ & $0.02526$ & $-0.0341251$ & $0.0316869$ & $0.0270411$ \\
CHL3_11 & $-0.0291926$ & $0.0390368$ & $0.0385277$ & $-0.00308715$ & $-0.0253774$ & $-0.269472$ & $0.0631033$ & $-0.21287$ & $-0.215719$ & $0.416949$ & $-0.228392$ & $-0.263435$ & $-0.321514$ & $0.636519$ & $0.164527$ & $0.156167$ & $1$ & $0.716911$ & $0.717329$ & $0.2458$ & $0.198828$ & $0.191802$ & $-0.0597735$ & $0.653911$ & $0.76135$ & $-0.123874$ & $-0.132714$ & $0.0551164$ & $-0.0355037$ & $-0.102579$ & $-0.030516$ & $0.0399983$ & $-0.0944481$ & $-0.217642$ & $-0.0341393$ & $-0.0316223$ & $-0.0645569$ & $-0.0199467$ & $-0.0401528$ & $0.0288223$ & $0.00458528$ & $-0.00924501$ & $-0.0275566$ & $0.0202158$ & $-0.0126507$ & $0.0093051$ & $0.0667642$ & $0.023507$ & $0.0049427$ \\
CHL3_22 & $-0.0757115$ & $0.044473$ & $0.00630477$ & $0.0230684$ & $-0.00706829$ & $-0.0359176$ & $0.0738132$ & $-0.412326$ & $-0.413108$ & $0.466351$ & $0.0598262$ & $-0.233987$ & $-0.348099$ & $0.583705$ & $-0.469687$ & $-0.0251116$ & $0.716911$ & $1$ & $0.651429$ & $-0.0670892$ & $-0.0503726$ & $-0.0485113$ & $0.00730399$ & $0.596866$ & $0.781505$ & $0.0342202$ & $0.0237001$ & $-0.0434537$ & $-0.0342077$ & $-0.0849054$ & $-0.00344362$ & $0.0594206$ & $-0.0774637$ & $0.0773441$ & $-0.0622559$ & $0.00404281$ & $-0.0655503$ & $-0.0245635$ & $-0.0126421$ & $0.0465376$ & $0.0277794$ & $-0.0293644$ & $-0.0301984$ & $-0.0036188$ & $-0.000771873$ & $-0.0216638$ & $0.0845481$ & $-0.0221233$ & $-0.00790904$ \\
CHL3_33 & $-0.0653407$ & $0.00941706$ & $0.0490625$ & $0.0169277$ & $-0.030369$ & $-0.0494074$ & $0.0582077$ & $-0.409323$ & $-0.404886$ & $0.467609$ & $0.0592315$ & $-0.225803$ & $-0.323324$ & $0.57586$ & $-0.0354875$ & $-0.461286$ & $0.717329$ & $0.651429$ & $1$ & $-0.0678821$ & $-0.0484948$ & $-0.0466397$ & $0.0128215$ & $0.585753$ & $0.785752$ & $0.0375338$ & $0.0356246$ & $-0.0170805$ & $-0.0147465$ & $-0.0955068$ & $-0.0261421$ & $0.0336066$ & $-0.10197$ & $-0.314352$ & $-0.050147$ & $-0.00253437$ & $-0.0621527$ & $-0.0297689$ & $-0.0183336$ & $0.033274$ & $0.02153$ & $-0.00540383$ & $-0.0235096$ & $0.00726061$ & $0.00760502$ & $-0.0103713$ & $0.0691064$ & $-0.011715$ & $0.000375692$ \\
CHe_11 & $0.0569385$ & $-0.0195348$ & $0.0585623$ & $-0.026287$ & $-0.0159961$ & $-0.183821$ & $-0.0530254$ & $0.859568$ & $0.844407$ & $-0.343669$ & $-0.990479$ & $-0.132965$ & $0.12686$ & $0.537734$ & $0.47987$ & $0.469883$ & $0.2458$ & $-0.0670892$ & $-0.0678821$ & $1$ & $0.972437$ & $0.951061$ & $-0.0280538$ & $-0.259263$ & $-0.0113413$ & $-0.554076$ & $0.224708$ & $0.346034$ & $-0.0152666$ & $0.0221344$ & $-0.0287165$ & $-0.0632567$ & $0.0429632$ & $0.300938$ & $0.0172873$ & $0.0159161$ & $-0.0119156$ & $0.0286456$ & $-0.0175526$ & $-0.0549582$ & $-0.0843284$ & $0.0114878$ & $0.0739321$ & $-0.0206554$ & $-0.0238871$ & $0.0415384$ & $-0.0702695$ & $0.0224607$ & $0.0564933$ \\
CHe_22 & $0.0468833$ & $-0.0312606$ & $0.0522931$ & $-0.0221656$ & $-0.0110473$ & $-0.182617$ & $-0.0599543$ & $0.901422$ & $0.884323$ & $-0.367616$ & $-0.991275$ & $-0.158748$ & $0.131092$ & $0.488878$ & $0.331641$ & $0.322912$ & $0.198828$ & $-0.0503726$ & $-0.0484948$ & $0.972437$ & $1$ & $0.973538$ & $0.0161635$ & $-0.365332$ & $-0.0118203$ & $-0.559622$ & $0.378007$ & $0.355543$ & $-0.0164629$ & $0.0192325$ & $-0.0352228$ & $-0.0739579$ & $0.034976$ & $0.462237$ & $0.0073451$ & $0.0227398$ & $-0.011657$ & $0.0349511$ & $-0.0128294$ & $-0.0537789$ & $-0.0791777$ & $0.012214$ & $0.0727861$ & $-0.0264393$ & $-0.0198486$ & $0.0338326$ & $-0.0695969$ & $0.018991$ & $0.0501899$ \\
CHe_33 & $0.0466309$ & $-0.0335091$ & $0.0477214$ & $-0.0203552$ & $-0.00595577$ & $-0.180647$ & $-0.0567307$ & $0.883034$ & $0.865966$ & $-0.361789$ & $-0.968758$ & $-0.160289$ & $0.121256$ & $0.471707$ & $0.321294$ & $0.340574$ & $0.191802$ & $-0.0485113$ & $-0.0466397$ & $0.951061$ & $0.973538$ & $1$ & $0.0126408$ & $-0.35757$ & $-0.0133378$ & $-0.544691$ & $0.371808$ & $0.345119$ & $-0.0130212$ & $0.0118558$ & $-0.0396509$ & $-0.071493$ & $0.0254726$ & $0.459232$ & $0.0152593$ & $0.02563$ & $-0.014098$ & $0.0398725$ & $-0.00185208$ & $-0.0518643$ & $-0.0787638$ & $0.00807453$ & $0.0694806$ & $-0.0328078$ & $-0.0099652$ & $0.0271319$ & $-0.0755533$ & $0.0160151$ & $0.0465241$ \\
CHQ1_11 & $0.0106667$ & $-0.00609361$ & $-0.00412279$ & $-0.0301564$ & $-0.00474884$ & $0.00280591$ & $-0.0322415$ & $0.038349$ & $0.0380348$ & $-0.022939$ & $0.00914444$ & $0.00615505$ & $0.0127429$ & $-0.0778756$ & $-0.148556$ & $-0.155705$ & $-0.0597735$ & $0.00730399$ & $0.0128215$ & $-0.0280538$ & $0.0161635$ & $0.0126408$ & $1$ & $-0.102859$ & $0.0945678$ & $-0.670059$ & $0.318654$ & $0.0112344$ & $0.00152089$ & $-0.00328086$ & $-0.017394$ & $-0.0336522$ & $-0.00437556$ & $0.160577$ & $-0.00905769$ & $0.0316292$ & $0.0153014$ & $-0.00343781$ & $-0.0190996$ & $-0.0394022$ & $-0.0280052$ & $-0.000618851$ & $0.0419449$ & $-0.0127102$ & $-0.02008$ & $0.0435426$ & $-0.0311479$ & $-0.00905782$ & $0.0145793$ \\
CHQ1_33 & $-0.0737993$ & $0.0520775$ & $0.0197018$ & $0.0152809$ & $-0.0196875$ & $-0.00292742$ & $0.0770428$ & $-0.662326$ & $-0.65282$ & $0.535644$ & $0.310743$ & $-0.104696$ & $-0.318235$ & $0.440409$ & $0.105543$ & $0.114767$ & $0.653911$ & $0.596866$ & $0.585753$ & $-0.259263$ & $-0.365332$ & $-0.35757$ & $-0.102859$ & $1$ & $0.606075$ & $0.182052$ & $-0.413448$ & $-0.0471548$ & $-0.0136759$ & $-0.0768515$ & $-0.00188934$ & $0.0693954$ & $-0.0806811$ & $-0.616866$ & $-0.0294917$ & $-0.0270297$ & $-0.0407715$ & $-0.0405613$ & $-0.0251814$ & $0.0353103$ & $0.0230289$ & $-0.0188114$ & $-0.044711$ & $0.0303481$ & $0.00109097$ & $-0.0157686$ & $0.085238$ & $-0.0133817$ & $-0.0200513$ \\
CHQ3_11 & $-0.12008$ & $0.0093778$ & $0.0134663$ & $0.0192158$ & $-0.0135404$ & $-0.0699008$ & $0.0704139$ & $-0.376352$ & $-0.373813$ & $0.454488$ & $0.0117774$ & $-0.243959$ & $-0.350043$ & $0.580575$ & $-0.147719$ & $-0.150581$ & $0.76135$ & $0.781505$ & $0.785752$ & $-0.0113413$ & $-0.0118203$ & $-0.0133378$ & $0.0945678$ & $0.606075$ & $1$ & $0.00687053$ & $0.257702$ & $-0.0114037$ & $-0.0365447$ & $-0.110154$ & $-0.0359481$ & $0.046226$ & $-0.11734$ & $-0.162129$ & $-0.0491129$ & $0.00868635$ & $-0.0532651$ & $-0.0131245$ & $-0.0111227$ & $0.0242038$ & $0.0238997$ & $-0.0354954$ & $-0.0476272$ & $0.0148401$ & $0.00373351$ & $-0.0245818$ & $0.0674047$ & $-0.0260761$ & $-0.0246144$ \\
CHu_11 & $-0.0568059$ & $0.00875712$ & $-0.0416663$ & $0.0401499$ & $0.0184039$ & $0.111386$ & $0.0399921$ & $-0.503523$ & $-0.495706$ & $0.198346$ & $0.55982$ & $0.0687683$ & $-0.0862941$ & $-0.276112$ & $-0.215338$ & $-0.211531$ & $-0.123874$ & $0.0342202$ & $0.0375338$ & $-0.554076$ & $-0.559622$ & $-0.544691$ & $-0.670059$ & $0.182052$ & $0.00687053$ & $1$ & $-0.167579$ & $-0.189932$ & $-0.00211937$ & $-0.0126063$ & $0.029412$ & $0.0493348$ & $-0.0257919$ & $-0.238028$ & $-0.00926751$ & $-0.0168201$ & $0.00305171$ & $0.0105346$ & $0.024305$ & $0.0609845$ & $0.065309$ & $-0.0153607$ & $-0.0750248$ & $0.0188631$ & $0.0246707$ & $-0.0480181$ & $0.0622371$ & $-0.0133631$ & $-0.0528186$ \\
CHd_11 & $-0.0432476$ & $-0.0767056$ & $-0.0367899$ & $-0.00170161$ & $0.0163619$ & $-0.0412919$ & $-0.0522703$ & $0.417064$ & $0.40633$ & $-0.228008$ & $-0.297717$ & $-0.109447$ & $0.05797$ & $-0.0613385$ & $-0.386278$ & $-0.387488$ & $-0.132714$ & $0.0237001$ & $0.0356246$ & $0.224708$ & $0.378007$ & $0.371808$ & $0.318654$ & $-0.413448$ & $0.257702$ & $-0.167579$ & $1$ & $0.137356$ & $-0.0189036$ & $-0.0138974$ & $-0.0502263$ & $-0.0682157$ & $-0.0370141$ & $0.669586$ & $-0.0211425$ & $0.045544$ & $0.0202058$ & $0.0519657$ & $0.0170621$ & $-0.0480723$ & $-0.000258946$ & $-0.0186624$ & $0.000982997$ & $-0.0353871$ & $-0.00352904$ & $-0.0137649$ & $-0.0354583$ & $-0.0247109$ & $-0.0214291$ \\
CHd_33 & $0.011382$ & $0.00194105$ & $0.0534495$ & $-0.0534867$ & $-0.00777387$ & $-0.0548892$ & $-0.0279391$ & $0.329376$ & $0.325274$ & $-0.142761$ & $-0.353937$ & $-0.0602973$ & $0.0489042$ & $0.162305$ & $0.131135$ & $0.0946706$ & $0.0551164$ & $-0.0434537$ & $-0.0170805$ & $0.346034$ & $0.355543$ & $0.345119$ & $0.0112344$ & $-0.0471548$ & $-0.0114037$ & $-0.189932$ & $0.137356$ & $1$ & $-0.0100469$ & $0.0271794$ & $-0.0193144$ & $-0.027182$ & $0.027571$ & $0.158706$ & $-0.0360904$ & $0.0237521$ & $-0.0228832$ & $-0.00753334$ & $-0.010145$ & $-0.0427945$ & $-0.055895$ & $-0.0133452$ & $0.0820702$ & $-0.024203$ & $-0.0140912$ & $0.0123585$ & $-0.059327$ & $-0.0137982$ & $0.010089$ \\
CeH_22r & $0.0139411$ & $-0.00299748$ & $-0.00492288$ & $-0.0161666$ & $0.00625632$ & $0.00385531$ & $0.00423336$ & $-0.00268492$ & $0.00326915$ & $-0.00224459$ & $0.0160678$ & $0.0673885$ & $0.0488146$ & $-0.0237169$ & $0.00730013$ & $-0.0122213$ & $-0.0355037$ & $-0.0342077$ & $-0.0147465$ & $-0.0152666$ & $-0.0164629$ & $-0.0130212$ & $0.00152089$ & $-0.0136759$ & $-0.0365447$ & $-0.00211937$ & $-0.0189036$ & $-0.0100469$ & $1$ & $0.0206635$ & $0.0056869$ & $-0.0122522$ & $0.0419914$ & $-0.0166678$ & $-0.0414462$ & $0.0517107$ & $-0.0312645$ & $-0.00128618$ & $0.0589805$ & $0.0247544$ & $0.00221325$ & $0.00886635$ & $0.040502$ & $-0.0237118$ & $-0.0232848$ & $-0.00995615$ & $-0.0387226$ & $-0.0382436$ & $0.0550922$ \\
CeH_33r & $0.0285704$ & $-0.0288876$ & $0.0142972$ & $-0.00536839$ & $-0.00867035$ & $0.00672867$ & $-0.0657219$ & $0.0604897$ & $0.0819798$ & $-0.125562$ & $-0.0195341$ & $0.282397$ & $0.201194$ & $-0.0465529$ & $0.0120922$ & $0.0233836$ & $-0.102579$ & $-0.0849054$ & $-0.0955068$ & $0.0221344$ & $0.0192325$ & $0.0118558$ & $-0.00328086$ & $-0.0768515$ & $-0.110154$ & $-0.0126063$ & $-0.0138974$ & $0.0271794$ & $0.0206635$ & $1$ & $0.272061$ & $0.0877596$ & $0.69936$ & $0.0257652$ & $-0.0210976$ & $0.0467961$ & $-0.0787063$ & $-0.0453217$ & $0.0711912$ & $-0.00724016$ & $0.0129385$ & $-0.0287237$ & $0.0045353$ & $-0.00760764$ & $0.00363857$ & $0.00387111$ & $-0.0607429$ & $-0.0144563$ & $0.0376312$ \\
CuH_22r & $-0.0372148$ & $-0.00211426$ & $0.0246571$ & $0.044453$ & $0.02745$ & $0.000892382$ & $-0.0559702$ & $-0.0245062$ & $-0.0114093$ & $-0.0418325$ & $0.0329819$ & $0.0728896$ & $0.0577768$ & $-0.0143272$ & $-0.0136907$ & $0.00719775$ & $-0.030516$ & $-0.00344362$ & $-0.0261421$ & $-0.0287165$ & $-0.0352228$ & $-0.0396509$ & $-0.017394$ & $-0.00188934$ & $-0.0359481$ & $0.029412$ & $-0.0502263$ & $-0.0193144$ & $0.0056869$ & $0.272061$ & $1$ & $0.0284411$ & $0.372536$ & $-0.0146762$ & $-0.0330609$ & $-0.0312302$ & $0.00355477$ & $-0.0372608$ & $-0.0330347$ & $0.0501882$ & $-0.00244785$ & $-0.00204601$ & $-0.0130449$ & $0.0561869$ & $-0.00715419$ & $0.040695$ & $0.117328$ & $0.0431199$ & $-0.0141692$ \\
CuH_33r & $-0.0450834$ & $-0.128621$ & $0.0340421$ & $0.0617737$ & $0.00105409$ & $0.0136854$ & $0.936871$ & $-0.0916516$ & $-0.0478323$ & $0.0760092$ & $0.0673902$ & $-0.10141$ & $-0.236357$ & $0.0139271$ & $-0.0200985$ & $0.0128919$ & $0.0399983$ & $0.0594206$ & $0.0336066$ & $-0.0632567$ & $-0.0739579$ & $-0.071493$ & $-0.0336522$ & $0.0693954$ & $0.046226$ & $0.0493348$ & $-0.0682157$ & $-0.027182$ & $-0.0122522$ & $0.0877596$ & $0.0284411$ & $1$ & $0.0864127$ & $-0.0627911$ & $-0.036322$ & $-0.00370731$ & $-0.200036$ & $-0.041599$ & $0.0865691$ & $-0.00128297$ & $0.141288$ & $-0.00659282$ & $-0.073167$ & $0.182671$ & $0.125134$ & $0.050979$ & $0.118909$ & $0.0835452$ & $-0.0166553$ \\
CdH_33r & $0.0846387$ & $0.0093262$ & $0.0749348$ & $-0.0208552$ & $-0.0100764$ & $0.00864692$ & $-0.116124$ & $0.0701463$ & $0.0949799$ & $-0.148577$ & $-0.0372535$ & $0.361934$ & $0.274114$ & $-0.0260071$ & $0.0249252$ & $0.0519289$ & $-0.0944481$ & $-0.0774637$ & $-0.10197$ & $0.0429632$ & $0.034976$ & $0.0254726$ & $-0.00437556$ & $-0.0806811$ & $-0.11734$ & $-0.0257919$ & $-0.0370141$ & $0.027571$ & $0.0419914$ & $0.69936$ & $0.372536$ & $0.0864127$ & $1$ & $0.0213303$ & $-0.0465339$ & $0.0389543$ & $-0.13209$ & $-0.0703205$ & $0.0445681$ & $-0.00252137$ & $-0.0112538$ & $0.00500358$ & $0.052467$ & $0.032176$ & $-0.140851$ & $0.100908$ & $-0.0727312$ & $0.045333$ & $0.221869$ \\
CLL_1221 & $-0.0103237$ & $-0.026508$ & $-0.0391992$ & $0.00806734$ & $0.0224821$ & $-0.0993378$ & $-0.0578254$ & $0.559486$ & $0.542593$ & $-0.339554$ & $-0.378295$ & $-0.0782817$ & $0.132334$ & $-0.172833$ & $-0.592428$ & $-0.0853046$ & $-0.217642$ & $0.0773441$ & $-0.314352$ & $0.300938$ & $0.462237$ & $0.459232$ & $0.160577$ & $-0.616866$ & $-0.162129$ & $-0.238028$ & $0.669586$ & $0.158706$ & $-0.0166678$ & $0.0257652$ & $-0.0146762$ & $-0.0627911$ & $0.0213303$ & $1$ & $-0.0331902$ & $0.0439858$ & $0.00214942$ & $0.0516443$ & $0.0165196$ & $-0.0228055$ & $-0.00861995$ & $-0.0102845$ & $0.0310287$ & $-0.0457014$ & $-0.00672926$ & $-0.00698917$ & $-0.0380684$ & $-0.0152093$ & $-0.00161044$ \\
eHggint & $0.277841$ & $-0.0136258$ & $-0.110591$ & $0.104877$ & $-0.0153947$ & $0.0121184$ & $-0.0574769$ & $0.0268513$ & $0.00902779$ & $0.0258052$ & $-0.0160709$ & $0.130104$ & $0.103583$ & $-0.00778321$ & $0.0635697$ & $0.0521779$ & $-0.0341393$ & $-0.0622559$ & $-0.050147$ & $0.0172873$ & $0.0073451$ & $0.0152593$ & $-0.00905769$ & $-0.0294917$ & $-0.0491129$ & $-0.00926751$ & $-0.0211425$ & $-0.0360904$ & $-0.0414462$ & $-0.0210976$ & $-0.0330609$ & $-0.036322$ & $-0.0465339$ & $-0.0331902$ & $1$ & $-0.270744$ & $0.450791$ & $-0.0255006$ & $-0.0990957$ & $-0.0238979$ & $-0.0411488$ & $0.0447959$ & $-0.379171$ & $-0.13432$ & $0.352628$ & $-0.0680488$ & $0.0414492$ & $0.231358$ & $-0.0746397$ \\
eHggpar & $-0.327504$ & $-0.0156731$ & $0.104483$ & $0.0855881$ & $0.0104558$ & $0.0394116$ & $-0.0267191$ & $0.0284383$ & $0.0303984$ & $-0.0421626$ & $-0.0161684$ & $-0.0309446$ & $-0.0412302$ & $0.00340096$ & $-0.0354497$ & $-0.0233251$ & $-0.0316223$ & $0.00404281$ & $-0.00253437$ & $0.0159161$ & $0.0227398$ & $0.02563$ & $0.0316292$ & $-0.0270297$ & $0.00868635$ & $-0.0168201$ & $0.045544$ & $0.0237521$ & $0.0517107$ & $0.0467961$ & $-0.0312302$ & $-0.00370731$ & $0.0389543$ & $0.0439858$ & $-0.270744$ & $1$ & $-0.180102$ & $0.00676796$ & $0.260359$ & $-0.0855648$ & $0.057916$ & $-0.0498445$ & $0.361714$ & $-0.148624$ & $-0.134359$ & $0.15646$ & $-0.344177$ & $-0.542527$ & $0.313059$ \\
eHWWint & $0.151142$ & $-0.143621$ & $-0.338214$ & $0.116558$ & $0.0240636$ & $0.0165499$ & $-0.188596$ & $0.0227288$ & $0.00434085$ & $-0.051936$ & $0.00732273$ & $0.0303198$ & $0.0812217$ & $-0.0489891$ & $0.0146946$ & $0.00545422$ & $-0.0645569$ & $-0.0655503$ & $-0.0621527$ & $-0.0119156$ & $-0.011657$ & $-0.014098$ & $0.0153014$ & $-0.0407715$ & $-0.0532651$ & $0.00305171$ & $0.0202058$ & $-0.0228832$ & $-0.0312645$ & $-0.0787063$ & $0.00355477$ & $-0.200036$ & $-0.13209$ & $0.00214942$ & $0.450791$ & $-0.180102$ & $1$ & $0.12798$ & $-0.220872$ & $-0.16567$ & $-0.0520095$ & $0.178198$ & $-0.00332682$ & $-0.0725636$ & $0.310349$ & $-0.0047484$ & $0.346965$ & $0.00245621$ & $-0.107506$ \\
eHWWpar & $-0.164313$ & $-0.0484019$ & $-0.158255$ & $0.0898117$ & $0.00278094$ & $-0.0295151$ & $-0.0263466$ & $0.0486797$ & $0.0432605$ & $-0.0312332$ & $-0.031785$ & $0.00995075$ & $0.0452699$ & $-0.0252786$ & $-0.00947538$ & $0.00121011$ & $-0.0199467$ & $-0.0245635$ & $-0.0297689$ & $0.0286456$ & $0.0349511$ & $0.0398725$ & $-0.00343781$ & $-0.0405613$ & $-0.0131245$ & $0.0105346$ & $0.0519657$ & $-0.00753334$ & $-0.00128618$ & $-0.0453217$ & $-0.0372608$ & $-0.041599$ & $-0.0703205$ & $0.0516443$ & $-0.0255006$ & $0.00676796$ & $0.12798$ & $1$ & $-0.00117649$ & $-0.0172222$ & $-0.0664449$ & $-0.0410929$ & $0.00153611$ & $0.0603083$ & $0.0569693$ & $0.0367918$ & $0.0469921$ & $0.0538011$ & $-0.116522$ \\
eHZZint & $-0.0859815$ & $-0.171673$ & $-0.225049$ & $-0.188017$ & $-0.0286271$ & $0.0426121$ & $0.0703468$ & $0.00315709$ & $0.00589588$ & $0.0393377$ & $0.0140222$ & $0.0567252$ & $-0.00261351$ & $-0.0212563$ & $-0.0270452$ & $-0.0140952$ & $-0.0401528$ & $-0.0126421$ & $-0.0183336$ & $-0.0175526$ & $-0.0128294$ & $-0.00185208$ & $-0.0190996$ & $-0.0251814$ & $-0.0111227$ & $0.024305$ & $0.0170621$ & $-0.010145$ & $0.0589805$ & $0.0711912$ & $-0.0330347$ & $0.0865691$ & $0.0445681$ & $0.0165196$ & $-0.0990957$ & $0.260359$ & $-0.220872$ & $-0.00117649$ & $1$ & $0.0622693$ & $0.0995543$ & $-0.19913$ & $-0.0200869$ & $-0.0705768$ & $0.0549404$ & $-0.501789$ & $-0.162744$ & $-0.30187$ & $0.186216$ \\
eHZZpar & $-0.110575$ & $0.201008$ & $-0.136729$ & $0.134162$ & $0.00825927$ & $-0.0155534$ & $-0.00109453$ & $-0.070959$ & $-0.071033$ & $0.0792499$ & $0.0571936$ & $0.0349701$ & $-0.0231325$ & $-0.000208487$ & $-0.0379477$ & $-0.0121946$ & $0.0288223$ & $0.0465376$ & $0.033274$ & $-0.0549582$ & $-0.0537789$ & $-0.0518643$ & $-0.0394022$ & $0.0353103$ & $0.0242038$ & $0.0609845$ & $-0.0480723$ & $-0.0427945$ & $0.0247544$ & $-0.00724016$ & $0.0501882$ & $-0.00128297$ & $-0.00252137$ & $-0.0228055$ & $-0.0238979$ & $-0.0855648$ & $-0.16567$ & $-0.0172222$ & $0.0622693$ & $1$ & $0.1702$ & $-0.0390266$ & $-0.173953$ & $-0.0192221$ & $0.029917$ & $-0.114822$ & $0.0769551$ & $0.0287264$ & $-0.174748$ \\
eHZgaint & $0.0943226$ & $0.0550879$ & $-0.483783$ & $0.242366$ & $0.00630845$ & $-0.00662097$ & $0.128801$ & $-0.0794774$ & $-0.0877469$ & $0.0784707$ & $0.0829625$ & $0.0346355$ & $-0.0328475$ & $-0.0507349$ & $-0.0591418$ & $-0.0472403$ & $0.00458528$ & $0.0277794$ & $0.02153$ & $-0.0843284$ & $-0.0791777$ & $-0.0787638$ & $-0.0280052$ & $0.0230289$ & $0.0238997$ & $0.065309$ & $-0.000258946$ & $-0.055895$ & $0.00221325$ & $0.0129385$ & $-0.00244785$ & $0.141288$ & $-0.0112538$ & $-0.00861995$ & $-0.0411488$ & $0.057916$ & $-0.0520095$ & $-0.0664449$ & $0.0995543$ & $0.1702$ & $1$ & $0.0458845$ & $-0.490149$ & $-0.205918$ & $-0.206536$ & $-0.0925432$ & $0.178367$ & $-0.126926$ & $0.0256642$ \\
eHZgapar & $0.115323$ & $-0.0709016$ & $0.0766904$ & $0.0195126$ & $0.00390593$ & $0.000218275$ & $-0.0140132$ & $0.0196376$ & $0.0135462$ & $0.000714032$ & $-0.0147399$ & $0.0283407$ & $0.0370614$ & $0.000879155$ & $0.0311924$ & $-0.00257051$ & $-0.00924501$ & $-0.0293644$ & $-0.00540383$ & $0.0114878$ & $0.012214$ & $0.00807453$ & $-0.000618851$ & $-0.0188114$ & $-0.0354954$ & $-0.0153607$ & $-0.0186624$ & $-0.0133452$ & $0.00886635$ & $-0.0287237$ & $-0.00204601$ & $-0.00659282$ & $0.00500358$ & $-0.0102845$ & $0.0447959$ & $-0.0498445$ & $0.178198$ & $-0.0410929$ & $-0.19913$ & $-0.0390266$ & $0.0458845$ & $1$ & $-0.00344977$ & $0.0753294$ & $-0.0113047$ & $0.152606$ & $0.112836$ & $0.0606139$ & $0.0249653$ \\
eHgagaint & $-0.0589327$ & $0.0950748$ & $0.443994$ & $-0.14109$ & $0.00882211$ & $0.0161017$ & $-0.0726554$ & $0.0775845$ & $0.0988032$ & $-0.0769379$ & $-0.0716627$ & $-0.0231602$ & $0.0593912$ & $0.029558$ & $0.0313873$ & $0.0171663$ & $-0.0275566$ & $-0.0301984$ & $-0.0235096$ & $0.0739321$ & $0.0727861$ & $0.0694806$ & $0.0419449$ & $-0.044711$ & $-0.0476272$ & $-0.0750248$ & $0.000982997$ & $0.0820702$ & $0.040502$ & $0.0045353$ & $-0.0130449$ & $-0.073167$ & $0.052467$ & $0.0310287$ & $-0.379171$ & $0.361714$ & $-0.00332682$ & $0.00153611$ & $-0.0200869$ & $-0.173953$ & $-0.490149$ & $-0.00344977$ & $1$ & $-0.0895687$ & $-0.0509788$ & $0.15081$ & $-0.275118$ & $-0.310755$ & $0.265146$ \\
eHmumuint & $-0.120832$ & $0.00933789$ & $0.196063$ & $-0.318106$ & $-0.00610075$ & $0.011253$ & $0.185459$ & $-0.0306685$ & $-0.0167702$ & $-0.00570646$ & $0.0225832$ & $-0.0465351$ & $-0.0389007$ & $0.00268176$ & $0.0276876$ & $0.00373197$ & $0.0202158$ & $-0.0036188$ & $0.00726061$ & $-0.0206554$ & $-0.0264393$ & $-0.0328078$ & $-0.0127102$ & $0.0303481$ & $0.0148401$ & $0.0188631$ & $-0.0353871$ & $-0.024203$ & $-0.0237118$ & $-0.00760764$ & $0.0561869$ & $0.182671$ & $0.032176$ & $-0.0457014$ & $-0.13432$ & $-0.148624$ & $-0.0725636$ & $0.0603083$ & $-0.0705768$ & $-0.0192221$ & $-0.205918$ & $0.0753294$ & $-0.0895687$ & $1$ & $-0.157786$ & $0.0955175$ & $0.383846$ & $0.607642$ & $-0.232736$ \\
eHtautauint & $-0.183767$ & $-0.324437$ & $-0.0164873$ & $0.335418$ & $-0.00811155$ & $0.00361169$ & $0.122976$ & $-0.0106408$ & $-0.00650671$ & $0.0124731$ & $0.0177952$ & $-0.0583448$ & $-0.0791325$ & $-0.00405767$ & $-0.0142424$ & $-0.0230638$ & $-0.0126507$ & $-0.000771873$ & $0.00760502$ & $-0.0238871$ & $-0.0198486$ & $-0.0099652$ & $-0.02008$ & $0.00109097$ & $0.00373351$ & $0.0246707$ & $-0.00352904$ & $-0.0140912$ & $-0.0232848$ & $0.00363857$ & $-0.00715419$ & $0.125134$ & $-0.140851$ & $-0.00672926$ & $0.352628$ & $-0.134359$ & $0.310349$ & $0.0569693$ & $0.0549404$ & $0.029917$ & $-0.206536$ & $-0.0113047$ & $-0.0509788$ & $-0.157786$ & $1$ & $-0.319189$ & $0.0400967$ & $-0.00813799$ & $-0.393168$ \\
eHccint & $0.105849$ & $0.101707$ & $0.240579$ & $0.225948$ & $0.0248293$ & $-0.046274$ & $0.0387202$ & $0.0304125$ & $0.0307721$ & $-0.0572334$ & $-0.0354787$ & $0.0246167$ & $0.0757813$ & $-0.00021903$ & $0.0418797$ & $0.02526$ & $0.0093051$ & $-0.0216638$ & $-0.0103713$ & $0.0415384$ & $0.0338326$ & $0.0271319$ & $0.0435426$ & $-0.0157686$ & $-0.0245818$ & $-0.0480181$ & $-0.0137649$ & $0.0123585$ & $-0.00995615$ & $0.00387111$ & $0.040695$ & $0.050979$ & $0.100908$ & $-0.00698917$ & $-0.0680488$ & $0.15646$ & $-0.0047484$ & $0.0367918$ & $-0.501789$ & $-0.114822$ & $-0.0925432$ & $0.152606$ & $0.15081$ & $0.0955175$ & $-0.319189$ & $1$ & $-0.0337604$ & $0.188977$ & $0.182881$ \\
eHccpar & $-0.0162034$ & $-0.0738002$ & $-0.0638257$ & $0.0628024$ & $0.00987764$ & $0.00146125$ & $0.136493$ & $-0.0957483$ & $-0.09765$ & $0.0495176$ & $0.0672101$ & $-0.104478$ & $-0.140293$ & $0.0259922$ & $-0.042355$ & $-0.0341251$ & $0.0667642$ & $0.0845481$ & $0.0691064$ & $-0.0702695$ & $-0.0695969$ & $-0.0755533$ & $-0.0311479$ & $0.085238$ & $0.0674047$ & $0.0622371$ & $-0.0354583$ & $-0.059327$ & $-0.0387226$ & $-0.0607429$ & $0.117328$ & $0.118909$ & $-0.0727312$ & $-0.0380684$ & $0.0414492$ & $-0.344177$ & $0.346965$ & $0.0469921$ & $-0.162744$ & $0.0769551$ & $0.178367$ & $0.112836$ & $-0.275118$ & $0.383846$ & $0.0400967$ & $-0.0337604$ & $1$ & $0.29227$ & $-0.167309$ \\
eHbbint & $0.328477$ & $-0.042026$ & $0.0817694$ & $-0.195442$ & $-0.0180056$ & $-0.0276117$ & $0.0849587$ & $0.017925$ & $0.0174839$ & $-0.00612747$ & $-0.0234846$ & $0.0137653$ & $0.0477279$ & $-0.00206887$ & $0.0448163$ & $0.0316869$ & $0.023507$ & $-0.0221233$ & $-0.011715$ & $0.0224607$ & $0.018991$ & $0.0160151$ & $-0.00905782$ & $-0.0133817$ & $-0.0260761$ & $-0.0133631$ & $-0.0247109$ & $-0.0137982$ & $-0.0382436$ & $-0.0144563$ & $0.0431199$ & $0.0835452$ & $0.045333$ & $-0.0152093$ & $0.231358$ & $-0.542527$ & $0.00245621$ & $0.0538011$ & $-0.30187$ & $0.0287264$ & $-0.126926$ & $0.0606139$ & $-0.310755$ & $0.607642$ & $-0.00813799$ & $0.188977$ & $0.29227$ & $1$ & $-0.309284$ \\
eHbbpar & $0.13399$ & $-0.0180582$ & $0.160014$ & $0.0394557$ & $-0.0159729$ & $0.0107361$ & $-0.036985$ & $0.0434494$ & $0.042185$ & $-0.0362675$ & $-0.0520923$ & $0.0253401$ & $0.0490264$ & $0.0369339$ & $0.0392548$ & $0.0270411$ & $0.0049427$ & $-0.00790904$ & $0.000375692$ & $0.0564933$ & $0.0501899$ & $0.0465241$ & $0.0145793$ & $-0.0200513$ & $-0.0246144$ & $-0.0528186$ & $-0.0214291$ & $0.010089$ & $0.0550922$ & $0.0376312$ & $-0.0141692$ & $-0.0166553$ & $0.221869$ & $-0.00161044$ & $-0.0746397$ & $0.313059$ & $-0.107506$ & $-0.116522$ & $0.186216$ & $-0.174748$ & $0.0256642$ & $0.0249653$ & $0.265146$ & $-0.232736$ & $-0.393168$ & $0.182881$ & $-0.167309$ & $-0.309284$ & $1$ \\
